"N-gram","原文","翻译","Total"
"大将军霍光","41","72","113"
"呼韩邪单于","0","66","66"
"大将军王凤","23","39","62"
"赐爵关内侯","47","13","60"
"大司马车骑","28","31","59"
"司马车骑将","28","31","59"
"马车骑将军","28","31","59"
"为御史大夫","0","49","49"
"占候的人说","0","47","47"
"大将军卫青","6","34","40"
"元年春正月","21","18","39"
"任御史大夫","0","39","39"
"官吏和百姓","0","36","36"
"新都侯王莽","12","23","35"
"为光禄大夫","0","33","33"
"车骑将军王","12","20","32"
"汉朝建立后","0","32","32"
"曲阳侯王根","6","25","31"
"圣明的君主","0","30","30"
"大司马大将","13","16","29"
"司马大将军","13","16","29"
"贰师将军李","7","22","29"
"师将军李广","7","22","29"
"将军李广利","7","22","29"
"过了一年多","0","29","29"
"祖母傅太后","14","14","28"
"董仲舒认为","0","28","28"
"经过两个郡","0","28","28"
"都护治所乌","1","26","27"
"封国被废除","0","27","27"
"大司马卫将","12","14","26"
"司马卫将军","12","14","26"
"西域都护治","0","26","26"
"域都护治所","0","26","26"
"护治所乌垒","1","24","25"
"二千石的官","0","25","25"
"治所乌垒城","1","23","24"
"到西域都护","0","24","24"
"大司空何武","11","12","23"
"部都尉治理","0","23","23"
"三年春正月","11","11","22"
"左将军上官","8","14","22"
"将军上官桀","8","14","22"
"骑将军王音","8","14","22"
"千三百五十","11","11","22"
"京兆尹王章","10","12","22"
"有彗星出现","0","22","22"
"圣明的君王","0","22","22"
"由都尉治理","0","22","22"
"女子百户牛","18","3","21"
"千四百六十","11","10","21"
"武帝元鼎六","11","10","21"
"帝元鼎六年","11","10","21"
"迁御史大夫","20","1","21"
"彗星出现在","0","21","21"
"治理国家的","0","21","21"
"昌邑王刘贺","0","21","21"
"二年春正月","9","11","20"
"将军张安世","10","10","20"
"二百四十二","10","10","20"
"百四十二年","10","10","20"
"千八百四十","10","10","20"
"刘向认为这","0","20","20"
"将军霍去病","0","20","20"
"皇上认为他","0","20","20"
"骠骑将军霍","1","18","19"
"大司马骠骑","2","17","19"
"司马骠骑将","2","17","19"
"马骠骑将军","2","17","19"
"四年春正月","10","9","19"
"将军光禄勋","10","9","19"
"御史大夫张","7","12","19"
"千三百六十","10","9","19"
"千三百二十","10","9","19"
"前将军萧望","8","11","19"
"中书令石显","10","9","19"
"千九百五十","9","10","19"
"将军公孙禄","9","10","19"
"哥哥的儿子","0","19","19"
"淮南王刘安","0","19","19"
"关内侯的爵","0","19","19"
"内侯的爵位","0","19","19"
"皇后的父亲","0","19","19"
"经过三个郡","0","19","19"
"县流入大海","0","19","19"
"举贤良方正","11","7","18"
"楼船将军杨","5","13","18"
"船将军杨仆","5","13","18"
"万九千六百","9","9","18"
"千三百四十","9","9","18"
"千二百八十","9","9","18"
"千三百八十","9","9","18"
"骑将军霍去","0","18","18"
"孔乡侯傅晏","6","11","17"
"千八百二十","9","8","17"
"将军赵充国","8","9","17"
"千五百五十","9","8","17"
"大司空师丹","8","9","17"
"北都护治所","17","0","17"
"爵为关内侯","0","17","17"
"过了几个月","0","17","17"
"定陵侯淳于","0","17","17"
"陵侯淳于长","0","17","17"
"赐民爵一级","14","2","16"
"年冬十二月","8","8","16"
"丞相翟方进","7","9","16"
"千五百六十","8","8","16"
"千六百八十","8","8","16"
"万一千五百","8","8","16"
"千七百六十","8","8","16"
"食邑三百户","10","6","16"
"大司空王邑","7","9","16"
"居住的地方","0","16","16"
"水的发源地","0","16","16"
"件事记载在","0","16","16"
"五年春正月","8","7","15"
"十一月甲子","9","6","15"
"度辽将军范","7","8","15"
"辽将军范明","7","8","15"
"千一百四十","8","7","15"
"千六百一十","8","7","15"
"千一百二十","8","7","15"
"成都侯王商","1","14","15"
"始元年正月","7","8","15"
"后将军赵充","7","8","15"
"丞相公孙弘","3","12","15"
"十三万六千","8","7","15"
"左将军公孙","7","8","15"
"大司马票骑","15","0","15"
"司马票骑将","15","0","15"
"马票骑将军","15","0","15"
"一种说法认","0","15","15"
"种说法认为","0","15","15"
"造就是所谓","0","15","15"
"所以孔子说","0","15","15"
"说了这件事","0","15","15"
"户牛酒若干","0","15","15"
"二千石官吏","0","15","15"
"一个多月后","0","15","15"
"跟随大将军","0","15","15"
"姐姐的儿子","0","15","15"
"红阳侯王立","0","15","15"
"这件事记载","0","15","15"
"到都护治所","0","15","15"
"译长各一人","0","15","15"
"二年冬十月","8","6","14"
"将军公孙敖","4","10","14"
"将军范明友","6","8","14"
"秩中二千石","13","1","14"
"食邑八百户","7","7","14"
"太皇太后诏","12","2","14"
"千五百三十","7","7","14"
"千七百二十","7","7","14"
"千四百五十","7","7","14"
"万一千二百","7","7","14"
"千五百四十","7","7","14"
"千四百八十","7","7","14"
"万六千六百","7","7","14"
"定陵侯淳长","14","0","14"
"昭帝元凤元","7","7","14"
"帝元凤元年","7","7","14"
"匈奴右贤王","5","9","14"
"万六千二百","7","7","14"
"千二百九十","7","7","14"
"万六千七百","7","7","14"
"西部都尉治","7","7","14"
"千二百五十","7","7","14"
"千七百三十","7","7","14"
"千七百七十","7","7","14"
"淮南王谋反","6","8","14"
"高昌侯董宏","6","8","14"
"女子每百户","0","14","14"
"百户牛酒若","0","14","14"
"二千石以下","0","14","14"
"在泰山祭天","0","14","14"
"成帝的母亲","0","14","14"
"听说了这件","0","14","14"
"帝刚刚即位","0","14","14"
"元年冬十月","7","6","13"
"左将军荀彘","4","9","13"
"黄金二十斤","6","7","13"
"匈奴呼韩邪","6","7","13"
"奴呼韩邪单","6","7","13"
"定陶傅太后","7","6","13"
"千五百二十","7","6","13"
"万九千三百","7","6","13"
"万二千四百","6","7","13"
"千一百一十","7","6","13"
"千五百七十","7","6","13"
"武帝建元六","6","7","13"
"帝建元六年","6","7","13"
"千三百七十","6","7","13"
"太后下诏曰","13","0","13"
"东北都护治","13","0","13"
"在这个时候","0","13","13"
"这是为什么","0","13","13"
"一天比一天","0","13","13"
"皇上下诏说","0","13","13"
"后为皇太后","0","13","13"
"千石的官员","0","13","13"
"自己的儿子","0","13","13"
"出现在东方","0","13","13"
"就是所谓的","0","13","13"
"为太中大夫","0","13","13"
"刘向以为这","0","13","13"
"王莽时叫桓","0","13","13"
"年冬十一月","6","6","12"
"条侯周亚夫","5","7","12"
"太仆公孙贺","6","6","12"
"御史大夫桑","6","6","12"
"史大夫桑弘","6","6","12"
"大夫桑弘羊","6","6","12"
"虚闾权渠单","6","6","12"
"大司农中丞","5","7","12"
"太子太傅萧","6","6","12"
"子太傅萧望","6","6","12"
"十六万二千","6","6","12"
"千七百四十","6","6","12"
"千一百六十","6","6","12"
"万八千三百","6","6","12"
"万二千八百","6","6","12"
"万二千五百","7","5","12"
"史大夫张汤","4","8","12"
"京兆尹张敞","6","6","12"
"大司马王莽","4","8","12"
"高安侯董贤","5","7","12"
"郎中令龚遂","5","7","12"
"元年十二月","6","6","12"
"御史大夫郑","6","6","12"
"平帝元始二","6","6","12"
"帝元始二年","6","6","12"
"车骑将军张","6","6","12"
"骑将军张安","6","6","12"
"万五千七百","6","6","12"
"千四百一十","6","6","12"
"五百四十里","6","6","12"
"千一百七十","6","6","12"
"五百五十里","6","6","12"
"万四千三百","6","6","12"
"千三百三十","5","7","12"
"千五百一十","6","6","12"
"安昌侯张禹","6","6","12"
"阳平侯王凤","6","6","12"
"乐陵侯史高","5","7","12"
"大司徒孔光","5","7","12"
"皇始祖考虞","6","6","12"
"所在的地方","0","12","12"
"没有什么可","0","12","12"
"把女儿嫁给","0","12","12"
"听到这个消","0","12","12"
"到这个消息","0","12","12"
"彗星出现于","0","12","12"
"派贰师将军","0","12","12"
"与匈奴和亲","0","12","12"
"不是说过吗","0","12","12"
"没有比这更","0","12","12"
"是因为他们","0","12","12"
"听从了他的","0","12","12"
"其分野之国","0","12","12"
"董仲舒以为","0","12","12"
"是为什么呢","0","12","12"
"为什么呢?","0","12","12"
"王莽时叫顺","0","12","12"
"王莽时叫乐","0","12","12"
"王莽时叫新","0","12","12"
"投降了匈奴","0","12","12"
"汉朝的使者","0","12","12"
"大夫给事中","0","12","12"
"与汉朝和亲","0","12","12"
"北到西域都","0","12","12"
"都尉路博德","5","6","11"
"侍中驸马都","3","8","11"
"中驸马都尉","3","8","11"
"大鸿胪田广","3","8","11"
"鸿胪田广明","3","8","11"
"黄金二百斤","5","6","11"
"赐黄金百斤","10","1","11"
"千八百八十","6","5","11"
"二千五百户","5","6","11"
"车骑将军许","4","7","11"
"二年十二月","5","6","11"
"成帝建始元","5","6","11"
"帝建始元年","5","6","11"
"史大夫郑弘","5","6","11"
"千七百五十","6","5","11"
"九百五十里","5","6","11"
"侍中奉车都","6","5","11"
"中奉车都尉","6","5","11"
"都护治所二","10","1","11"
"护治所二千","10","1","11"
"这是他们的","0","11","11"
"有什么不同","0","11","11"
"月二十八日","0","11","11"
"为太皇太后","0","11","11"
"魏其侯窦婴","0","11","11"
"每百户牛酒","0","11","11"
"了一个多月","0","11","11"
"月晨出东方","0","11","11"
"有一种说法","0","11","11"
"一种说法是","0","11","11"
"将军萧望之","0","11","11"
"王莽时叫监","0","11","11"
"从这裹流出","0","11","11"
"王莽时叫广","0","11","11"
"多次派使者","0","11","11"
"投降了汉朝","0","11","11"
"了很长时间","0","11","11"
"的妻子儿女","0","11","11"
"和御史大夫","0","11","11"
"朝拜见天子","0","11","11"
"密封的奏章","0","11","11"
"这些话记载","0","11","11"
"些话记载在","0","11","11"
"官吏和平民","0","11","11"
"六年冬十月","6","4","10"
"黄金五百斤","4","6","10"
"朱虚侯刘章","2","8","10"
"太后同母弟","6","4","10"
"十二万五千","5","5","10"
"强弩都尉路","5","5","10"
"弩都尉路博","5","5","10"
"侍中中郎将","4","6","10"
"中丞耿寿昌","5","5","10"
"中二千石举","6","4","10"
"一千五百二","5","5","10"
"三年十一月","5","5","10"
"千六百四十","5","5","10"
"万二千一百","5","5","10"
"万三千三百","5","5","10"
"四百六十九","5","5","10"
"千二百一十","5","5","10"
"千二百二十","5","5","10"
"十九万五千","5","5","10"
"万五千三百","5","5","10"
"千八百六十","5","5","10"
"万九千四百","5","5","10"
"公七十六年","1","9","10"
"二年十一月","5","5","10"
"千五百八十","5","5","10"
"骑将军许嘉","4","6","10"
"成公十六年","5","5","10"
"哀帝建平三","5","5","10"
"帝建平三年","5","5","10"
"三年十二月","5","5","10"
"将军霍光秉","10","0","10"
"军霍光秉政","10","0","10"
"千八百九十","5","5","10"
"三百四十里","5","5","10"
"千三百一十","5","5","10"
"万七千五百","5","5","10"
"五百六十里","5","5","10"
"万三千一百","5","5","10"
"北部都尉治","5","5","10"
"六百五十里","5","5","10"
"东部都尉治","6","4","10"
"中部都尉治","5","5","10"
"舅阳平侯王","5","5","10"
"阳安侯丁明","5","5","10"
"万二千二百","5","5","10"
"匈奴左贤王","3","7","10"
"都护治所千","10","0","10"
"的少数民族","0","10","10"
"为什么这样","0","10","10"
"王莽时改名","0","10","10"
"大逆不道之","0","10","10"
"皇后为皇太","0","10","10"
"子每百户牛","0","10","10"
"领一万骑兵","0","10","10"
"经过的地方","0","10","10"
"丞相刘屈牦","0","10","10"
"时用三乘以","0","10","10"
"这件事交给","0","10","10"
"那么百姓就","0","10","10"
"十分之一的","0","10","10"
"第二年春天","0","10","10"
"发生了火灾","0","10","10"
"历史上记载","0","10","10"
"的两个儿子","0","10","10"
"代文字记载","0","10","10"
"水从这裹流","0","10","10"
"已经很久了","0","10","10"
"希望大王您","0","10","10"
"丞相和御史","0","10","10"
"入朝拜见天","0","10","10"
"了御史大夫","0","10","10"
"王莽时断绝","0","10","10"
"升任御史大","0","10","10"
"黄金一百斤","0","10","10"
"太皇太后的","0","10","10"
"到长安一万","0","10","10"
"秦二世元年","4","5","9"
"十四万六千","5","4","9"
"方正能直言","5","4","9"
"遣太中大夫","6","3","9"
"死者数万人","7","2","9"
"御史大夫丙","4","5","9"
"史大夫丙吉","4","5","9"
"侍中光禄大","4","5","9"
"中光禄大夫","4","5","9"
"长安南北郊","4","5","9"
"侍中骑都尉","4","5","9"
"万七千一百","5","4","9"
"一百四十七","4","5","9"
"十一万八千","5","4","9"
"千四百七十","5","4","9"
"公七十六岁","9","0","9"
"位二十七年","2","7","9"
"赐黄金二十","5","4","9"
"帝建平二年","4","5","9"
"景帝中六年","5","4","9"
"万六千三百","4","5","9"
"千六百五十","5","4","9"
"文帝十六年","3","6","9"
"千九百六十","5","4","9"
"千九百八十","5","4","9"
"二百五十里","4","5","9"
"九千九百五","4","5","9"
"迁光禄大夫","8","1","9"
"御史大夫周","3","6","9"
"博望侯张骞","2","7","9"
"丞相韦玄成","2","7","9"
"长罗侯常惠","3","6","9"
"大司徒马宫","4","5","9"
"御史大夫孔","4","5","9"
"史大夫孔光","4","5","9"
"骑将军王根","4","5","9"
"祖母定陶傅","5","4","9"
"母定陶傅太","5","4","9"
"始将军廉丹","4","5","9"
"东都护治所","9","0","9"
"太皇太后下","1","8","9"
"皇太后下诏","1","8","9"
"自己的过失","0","9","9"
"他们的长处","0","9","9"
"没有继承人","0","9","9"
"逆不道之罪","0","9","9"
"就是这样的","0","9","9"
"六百石以上","0","9","9"
"夏四月二十","0","9","9"
"皇位继承人","0","9","9"
"单于派使者","0","9","9"
"治理天下的","0","9","9"
"二千石官员","0","9","9"
"千石的官吏","0","9","9"
"有什么可以","0","9","9"
"把这件事交","0","9","9"
"贤明的君主","0","9","9"
"是国家的大","0","9","9"
"自己的力量","0","9","9"
"为太子太傅","0","9","9"
"在云云祭地","0","9","9"
"星出现在东","0","9","9"
"自己的意见","0","9","9"
"的分野之国","0","9","9"
"星出现在西","0","9","9"
"出现在西方","0","9","9"
"宿分野地是","0","9","9"
"天帝的告诫","0","9","9"
"的告诫似乎","0","9","9"
"块陨石坠于","0","9","9"
"古代文字记","0","9","9"
"记载认为是","0","9","9"
"王莽时叫延","0","9","9"
"向东流入大","0","9","9"
"东流入大海","0","9","9"
"经过四个郡","0","9","9"
"王莽时叫平","0","9","9"
"水向东流入","0","9","9"
"中二千石的","0","9","9"
"是什么原因","0","9","9"
"的三个儿子","0","9","9"
"三个儿子都","0","9","9"
"听说这件事","0","9","9"
"有才能的人","0","9","9"
"了他的意见","0","9","9"
"随从大将军","0","9","9"
"的治国之道","0","9","9"
"做了大司马","0","9","9"
"吏和百姓都","0","9","9"
"平阿侯王谭","0","9","9"
"讲论于石渠","0","9","9"
"东北到西域","0","9","9"
"束到西域都","0","9","9"
"称赞的就是","0","9","9"
"赞的就是安","0","9","9"
"石级改名叫","0","9","9"
"常山王张耳","3","5","8"
"大司马周殷","4","4","8"
"燕王臧荼反","5","3","8"
"辟阳侯审食","4","4","8"
"帝崩未央宫","8","0","8"
"曲周侯郦商","3","5","8"
"食邑六百户","4","4","8"
"贤良方正能","4","4","8"
"能直言极谏","5","3","8"
"三年春二月","5","3","8"
"立皇后王氏","4","4","8"
"御史大夫赵","5","3","8"
"御史大夫韩","3","5","8"
"史大夫韩安","3","5","8"
"大夫韩安国","3","5","8"
"赐中二千石","4","4","8"
"郎中令李广","4","4","8"
"一月甲子朔","6","2","8"
"游击将军韩","3","5","8"
"击将军韩说","3","5","8"
"始元年春正","5","3","8"
"大将军长史","5","3","8"
"掖庭令张贺","3","5","8"
"三年春三月","3","5","8"
"司农中丞耿","3","5","8"
"农中丞耿寿","3","5","8"
"御史大夫贡","4","4","8"
"史大夫贡禹","4","4","8"
"将军冯奉世","3","5","8"
"副校尉陈汤","4","4","8"
"中山孝王后","4","4","8"
"十七万七千","5","3","8"
"五百三十九","4","4","8"
"三百八十四","4","4","8"
"太史令司马","3","5","8"
"六百二十九","4","4","8"
"万八千二百","4","4","8"
"千三百九十","4","4","8"
"万八千四百","4","4","8"
"千七百一十","4","4","8"
"万三千四百","5","3","8"
"百二十九万","4","4","8"
"万二千六百","4","4","8"
"百二十一万","4","4","8"
"千六百六十","4","4","8"
"万一千四百","4","4","8"
"公二十四年","3","5","8"
"位三十三年","3","5","8"
"年十一月癸","4","4","8"
"举贤良文学","6","2","8"
"平元年正月","4","4","8"
"十六年正月","4","4","8"
"帝母王太后","7","1","8"
"成帝建始三","4","4","8"
"帝建始三年","4","4","8"
"公三十一年","4","4","8"
"公二十一年","4","4","8"
"十二年十二","4","4","8"
"王莽大司马","8","0","8"
"元寿元年正","4","4","8"
"寿元年正月","4","4","8"
"十三万五千","4","4","8"
"万五千一百","4","4","8"
"万五千九百","4","4","8"
"八百四十里","4","4","8"
"万七千七百","4","4","8"
"万五千五百","4","4","8"
"五百一十里","4","4","8"
"万三千二百","4","4","8"
"南部都尉治","4","4","8"
"万六千四百","4","4","8"
"万四千一百","4","4","8"
"二千五百三","4","4","8"
"元鼎六年开","8","0","8"
"千九百四十","4","4","8"
"万一千三百","4","4","8"
"属国都尉治","5","3","8"
"万八千八百","4","4","8"
"三百二十五","4","4","8"
"千九百七十","4","4","8"
"千四百四十","4","4","8"
"万一千七百","4","4","8"
"万七千三百","4","4","8"
"百五十五篇","4","4","8"
"诸吏光禄大","4","4","8"
"吏光禄大夫","4","4","8"
"唯陛下留神","8","0","8"
"将军击匈奴","8","0","8"
"前将军韩增","3","5","8"
"三百三十三","4","4","8"
"未央宫前殿","5","3","8"
"二十七年薨","4","4","8"
"票骑将军病","8","0","8"
"丞相车千秋","3","5","8"
"赐安车驷马","8","0","8"
"黄金三十斤","4","4","8"
"加赐黄金二","5","3","8"
"少府五鹿充","4","4","8"
"府五鹿充宗","4","4","8"
"安汉公王莽","1","7","8"
"大司马傅喜","3","5","8"
"东郡太守翟","5","3","8"
"大司马护军","4","4","8"
"握衍朐鞮单","8","0","8"
"都护治所五","5","3","8"
"护治所五千","4","4","8"
"一百五十里","4","4","8"
"安阳侯王舜","2","6","8"
"部二十五郡","4","4","8"
"百八十七里","4","4","8"
"是他们的长","0","8","8"
"个不行的原","0","8","8"
"不行的原因","0","8","8"
"把这件事告","0","8","8"
"这件事告诉","0","8","8"
"为大逆不道","0","8","8"
"在皇上面前","0","8","8"
"自立为齐王","0","8","8"
"到自己的封","0","8","8"
"自己的封国","0","8","8"
"大臣们讨论","0","8","8"
"担任御史大","0","8","8"
"皇帝的儿子","0","8","8"
"中二千石以","0","8","8"
"在襁褓之中","0","8","8"
"赐爵为关内","0","8","8"
"鳏寡孤独高","0","8","8"
"寡孤独高年","0","8","8"
"的祖母傅太","0","8","8"
"服饰的颜色","0","8","8"
"在位二十七","0","8","8"
"皇上的心意","0","8","8"
"英明的君主","0","8","8"
"就是所说的","0","8","8"
"御史大夫的","0","8","8"
"又过了一年","0","8","8"
"有一百多人","0","8","8"
"的所作所为","0","8","8"
"分野之国有","0","8","8"
"认为不可以","0","8","8"
"太后的弟弟","0","8","8"
"流放到合浦","0","8","8"
"将军霍光执","0","8","8"
"贰师将军的","0","8","8"
"是这个意思","0","8","8"
"刘向以为后","0","8","8"
"向以为后来","0","8","8"
"里远的地方","0","8","8"
"文字记载认","0","8","8"
"字记载认为","0","8","8"
"水向东南到","0","8","8"
"王莽时叫安","0","8","8"
"元鼎六年设","0","8","8"
"认为是这样","0","8","8"
"太后的缘故","0","8","8"
"什么原因呢","0","8","8"
"光禄大夫给","0","8","8"
"禄大夫给事","0","8","8"
"边少数民族","0","8","8"
"有什么值得","0","8","8"
"向皇上谢罪","0","8","8"
"沛公赐给他","0","8","8"
"升为御史大","0","8","8"
"以防备匈奴","0","8","8"
"天下人都知","0","8","8"
"下人都知道","0","8","8"
"过了很长时","0","8","8"
"听到这件事","0","8","8"
"任光禄大夫","0","8","8"
"望陛下明察","0","8","8"
"将军卫青出","0","8","8"
"公卿大臣们","0","8","8"
"相和御史大","0","8","8"
"在景帝前元","0","8","8"
"率领一万骑","0","8","8"
"听说圣明的","0","8","8"
"说圣明的君","0","8","8"
"采纳了他的","0","8","8"
"他们的妻子","0","8","8"
"以下的官吏","0","8","8"
"上密封的奏","0","8","8"
"单于继位后","0","8","8"
"狐鹿姑单于","0","8","8"
"所乌垒城二","0","8","8"
"乌垒城二千","0","8","8"
"都护治所一","0","8","8"
"护治所一千","0","8","8"
"吏六百石上","7","0","7"
"太子皇帝位","7","0","7"
"父后者爵一","7","0","7"
"后者爵一级","7","0","7"
"良方正能直","4","3","7"
"济北王兴居","3","4","7"
"御史大夫晁","1","6","7"
"史大夫晁错","1","6","7"
"右将军苏建","1","6","7"
"月甲子朔旦","6","1","7"
"遣贰师将军","7","0","7"
"按道侯韩说","3","4","7"
"御史大夫商","3","4","7"
"重合侯马通","3","4","7"
"奉车都尉霍","3","4","7"
"中二千石下","7","0","7"
"郡国二千石","6","1","7"
"郡国举贤良","6","1","7"
"直言极谏士","7","0","7"
"子黄金百斤","4","3","7"
"太上皇寝庙","5","2","7"
"光禄大夫刘","3","4","7"
"御史大夫王","2","5","7"
"马大将军王","3","4","7"
"宜乡侯冯参","2","5","7"
"驸马都尉董","3","4","7"
"食邑二千户","5","2","7"
"万九千一百","4","3","7"
"千二百四十","4","3","7"
"万六千八百","4","3","7"
"十二万八千","4","3","7"
"十六万一千","4","3","7"
"三百五十二","3","4","7"
"十四万二千","4","3","7"
"位三十七年","3","4","7"
"位二十三年","3","4","7"
"年十一月甲","3","4","7"
"黄金四十斤","3","4","7"
"一千五百八","3","4","7"
"中垒校尉刘","3","4","7"
"春秋二百四","4","3","7"
"秋二百四十","4","3","7"
"日食三十六","3","4","7"
"丞相公孙贺","3","4","7"
"骑将军上官","1","6","7"
"将军上官安","1","6","7"
"建始元年正","3","4","7"
"成帝母王太","6","1","7"
"帝祖母傅太","6","1","7"
"公二十八年","3","4","7"
"衡山王谋反","2","5","7"
"哀帝建平二","3","4","7"
"正月辛丑朔","5","2","7"
"千二百七十","4","3","7"
"七百五十里","4","3","7"
"八百二十里","4","3","7"
"万八千六百","4","3","7"
"二百三十七","3","4","7"
"万四千五百","4","3","7"
"长史司马欣","1","6","7"
"二十二年薨","3","4","7"
"春秋左氏传","3","4","7"
"燕王卢绾反","4","3","7"
"丞相申屠嘉","2","5","7"
"御史大夫田","3","4","7"
"史大夫田广","3","4","7"
"大夫田广明","3","4","7"
"孝景前二年","7","0","7"
"军上官桀父","3","4","7"
"上官桀父子","3","4","7"
"舅大将军王","4","3","7"
"孝文皇帝时","3","4","7"
"光禄大夫事","7","0","7"
"禄大夫事中","7","0","7"
"赐黄金二百","4","3","7"
"黄金六十斤","4","3","7"
"光禄大夫张","3","4","7"
"禄大夫张猛","3","4","7"
"高武侯傅喜","2","5","7"
"傅太后大怒","4","3","7"
"都护甘延寿","3","4","7"
"郡太守翟义","4","3","7"
"母太皇太后","5","2","7"
"太尉周亚夫","1","6","7"
"左伊秩訾王","1","6","7"
"车骑都尉韩","3","4","7"
"骑都尉韩昌","3","4","7"
"匈奴南将军","4","3","7"
"西南都护治","7","0","7"
"南都护治所","7","0","7"
"安众侯刘崇","3","4","7"
"始祖考虞帝","6","1","7"
"英明的君王","0","7","7"
"分野之地有","0","7","7"
"方少数民族","0","7","7"
"尊贵的地位","0","7","7"
"治理得很好","0","7","7"
"在什么地方","0","7","7"
"认为他的话","0","7","7"
"事情的原委","0","7","7"
"你为什么不","0","7","7"
"过了一会儿","0","7","7"
"采纳他的意","0","7","7"
"纳他的意见","0","7","7"
"皇帝下诏说","0","7","7"
"月二十五日","0","7","7"
"被立为太子","0","7","7"
"民爵位一级","0","7","7"
"帝驾崩于未","0","7","7"
"驾崩于未央","0","7","7"
"崩于未央宫","0","7","7"
"禄为二千石","0","7","7"
"为车骑将军","0","7","7"
"月二十一日","0","7","7"
"七月三十日","0","7","7"
"星出现于东","0","7","7"
"所经过的地","0","7","7"
"夏商周三代","0","7","7"
"赏赐各侯王","0","7","7"
"高年帛若干","0","7","7"
"的儿子侍中","0","7","7"
"太傅萧望之","0","7","7"
"太后下诏说","0","7","7"
"他们的建议","0","7","7"
"犯了大逆不","0","7","7"
"了大逆不道","0","7","7"
"平分为三再","0","7","7"
"为天下百姓","0","7","7"
"一天运行一","0","7","7"
"知道这件事","0","7","7"
"说他在位三","0","7","7"
"他在位二十","0","7","7"
"来治理国家","0","7","7"
"有道德的人","0","7","7"
"就可以得到","0","7","7"
"兵攻打匈奴","0","7","7"
"有关官员说","0","7","7"
"天下人没有","0","7","7"
"的有一百多","0","7","7"
"了一段时间","0","7","7"
"跟以前一样","0","7","7"
"帝刚即位时","0","7","7"
"皇上亲自去","0","7","7"
"第二年正月","0","7","7"
"他们的罪行","0","7","7"
"皇帝的舅舅","0","7","7"
"派遣中郎将","0","7","7"
"帝的告诫似","0","7","7"
"为大司马大","0","7","7"
"到皇帝的宠","0","7","7"
"位将军率军","0","7","7"
"军霍光执政","0","7","7"
"国家的重臣","0","7","7"
"就是这个意","0","7","7"
"向东北流入","0","7","7"
"百里远的地","0","7","7"
"被楚国所减","0","7","7"
"封他的儿子","0","7","7"
"王莽时叫成","0","7","7"
"王莽时叫利","0","7","7"
"北流入大海","0","7","7"
"王莽时改为","0","7","7"
"王莽时叫填","0","7","7"
"县流入长江","0","7","7"
"鼎六年设置","0","7","7"
"他们的才能","0","7","7"
"章邯的军队","0","7","7"
"十多个城邑","0","7","7"
"是什么样的","0","7","7"
"如果一定要","0","7","7"
"至御史大夫","0","7","7"
"夫人的儿子","0","7","7"
"二千石级官","0","7","7"
"没有不知道","0","7","7"
"围困在平城","0","7","7"
"希望陛下能","0","7","7"
"爵位和封邑","0","7","7"
"南阳郡太守","0","7","7"
"发生了日食","0","7","7"
"王莽禀告太","0","7","7"
"帝即位不久","0","7","7"
"不能这样做","0","7","7"
"到自己的过","0","7","7"
"到了这种地","0","7","7"
"了这种地步","0","7","7"
"假托朝廷命","0","7","7"
"托朝廷命令","0","7","7"
"过了一个多","0","7","7"
"太后的旨意","0","7","7"
"大臣们商议","0","7","7"
"希望陛下您","0","7","7"
"侯的儿子刘","0","7","7"
"皇帝左右的","0","7","7"
"自己的心意","0","7","7"
"设置陵园和","0","7","7"
"也不过如此","0","7","7"
"后姐姐的儿","0","7","7"
"了郅支单于","0","7","7"
"被关进监狱","0","7","7"
"哀帝即位后","0","7","7"
"王莽派遣使","0","7","7"
"莽派遣使者","0","7","7"
"封的奏章说","0","7","7"
"侍奉皇帝左","0","7","7"
"奉皇帝左右","0","7","7"
"诸侯王之上","0","7","7"
"密封的奏书","0","7","7"
"韩邪单于的","0","7","7"
"原来的玺印","0","7","7"
"西南到都护","0","7","7"
"南到都护治","0","7","7"
"到长安八千","0","7","7"
"太后下诏书","0","7","7"
"册立为皇后","0","7","7"
"的就是安汉","0","7","7"
"就是安汉公","0","7","7"
"是安汉公啊","0","7","7"
"郡挂起钩来","0","7","7"
"于是撰写了","0","7","7"
"五年冬十月","3","3","6"
"衡山王吴芮","3","3","6"
"太尉长安侯","3","3","6"
"七年冬十月","3","3","6"
"淮阴侯韩信","1","5","6"
"十二年冬十","3","3","6"
"黄金五十斤","4","2","6"
"郎中令张武","3","3","6"
"朕获保宗庙","6","0","6"
"未央宫东阙","5","1","6"
"二年冬十二","3","3","6"
"二年春二月","3","3","6"
"遣光禄大夫","4","2","6"
"四年春三月","3","3","6"
"匈奴入上谷","5","1","6"
"匈奴昆邪王","3","3","6"
"横海将军韩","2","4","6"
"海将军韩说","2","4","6"
"赐天下民爵","4","2","6"
"天下民爵一","4","2","6"
"下民爵一级","4","2","6"
"步兵三万人","4","2","6"
"史大夫商丘","3","3","6"
"大夫商丘成","3","3","6"
"车都尉霍光","3","3","6"
"车骑将军金","2","4","6"
"元年春二月","3","3","6"
"问民所疾苦","6","0","6"
"龙额侯韩增","3","3","6"
"将军安阳侯","3","3","6"
"平乐监傅介","3","3","6"
"乐监傅介子","3","3","6"
"平元年四月","3","3","6"
"十一月壬子","4","2","6"
"车骑将军安","3","3","6"
"二年春三月","3","3","6"
"四年春二月","3","3","6"
"绛侯周勃等","2","4","6"
"护西域骑都","3","3","6"
"西域骑都尉","3","3","6"
"位诸侯王上","6","0","6"
"复太上皇寝","4","2","6"
"上皇寝庙园","5","1","6"
"匈奴郅支单","3","3","6"
"孝昭太后寝","4","2","6"
"禄大夫刘向","3","3","6"
"皇太后诏司","6","0","6"
"复甘泉泰畤","6","0","6"
"百二十八人","3","3","6"
"陈圣刘太平","3","3","6"
"圣刘太平皇","3","3","6"
"刘太平皇帝","3","3","6"
"马都尉董贤","3","3","6"
"太仆王恽等","3","3","6"
"北平侯张苍","3","3","6"
"二百四十三","3","3","6"
"七百二十九","3","3","6"
"六百八十三","3","3","6"
"千九百二十","3","3","6"
"史令司马迁","3","3","6"
"时御史大夫","4","2","6"
"四千六百一","3","3","6"
"六百一十七","3","3","6"
"甲子朔旦冬","5","1","6"
"千六百二十","3","3","6"
"年春王正月","2","4","6"
"八千六百四","3","3","6"
"十二万六千","3","3","6"
"万六千五百","3","3","6"
"万五千四百","3","3","6"
"三千四百五","3","3","6"
"六千八百四","3","3","6"
"四千三百二","3","3","6"
"八百二十四","3","3","6"
"二百一十六","3","3","6"
"八千三百六","3","3","6"
"三百六十五","3","3","6"
"一千二百八","3","3","6"
"百二十八分","3","3","6"
"行一度九十","3","3","6"
"一度九十二","3","3","6"
"度九十二分","3","3","6"
"九十二分度","6","0","6"
"二百四十一","3","3","6"
"二十九万五","3","3","6"
"九万五千三","3","3","6"
"五千三百五","3","3","6"
"万七千四百","3","3","6"
"四百五十五","3","3","6"
"三百七十七","3","3","6"
"十八万九千","3","3","6"
"四百一十五","3","3","6"
"一亿二千二","3","3","6"
"亿二千二百","3","3","6"
"二万九千六","3","3","6"
"一百二十八","2","4","6"
"七千五百四","3","3","6"
"十一万九千","3","3","6"
"十四万一千","3","3","6"
"正月己巳朔","3","3","6"
"四百四十五","3","3","6"
"二万六千六","3","3","6"
"公四年正月","3","3","6"
"位二十一年","1","5","6"
"位二十二年","1","5","6"
"十四万三千","3","3","6"
"六年十一月","3","3","6"
"位二十五年","2","4","6"
"百八十八人","1","5","6"
"二十余万人","5","1","6"
"贤良文学士","6","0","6"
"年十一月庚","3","3","6"
"兵三十余万","5","1","6"
"元帝初元元","3","3","6"
"帝初元元年","3","3","6"
"始二年二月","3","3","6"
"公十六年正","3","3","6"
"元年正月乙","3","3","6"
"三年八月乙","3","3","6"
"二百四十里","3","3","6"
"襄公三十一","3","3","6"
"皇后皇太后","6","0","6"
"大司马霍禹","3","3","6"
"大司马董贤","2","4","6"
"公二十九年","3","3","6"
"成帝河平元","3","3","6"
"帝河平元年","3","3","6"
"帝元狩六年","3","3","6"
"哀帝建平四","3","3","6"
"帝建平四年","3","3","6"
"武帝元狩元","3","3","6"
"帝元狩元年","3","3","6"
"元鼎五年秋","3","3","6"
"十五年八月","3","3","6"
"公十六年六","3","3","6"
"十六年六月","3","3","6"
"洪范五行传","3","3","6"
"十五年六月","3","3","6"
"年十二月癸","3","3","6"
"年四月丙辰","3","3","6"
"年十二月乙","3","3","6"
"宣帝地节元","3","3","6"
"帝地节元年","3","3","6"
"二十三万五","3","3","6"
"武帝元鼎三","3","3","6"
"帝元鼎三年","3","3","6"
"五千九百五","3","3","6"
"五百七十里","3","3","6"
"九千八百六","3","3","6"
"七千七百六","3","3","6"
"千八百三十","3","3","6"
"十五万九千","3","3","6"
"万一千六百","3","3","6"
"二百五十九","3","3","6"
"万八千五百","3","3","6"
"十七万二千","3","3","6"
"二千八百四","3","3","6"
"武帝元封二","3","3","6"
"帝元封二年","3","3","6"
"九百四十里","3","3","6"
"十二万七千","3","3","6"
"千一百五十","3","3","6"
"十六万八千","3","3","6"
"九百八十里","3","3","6"
"万八千一百","4","2","6"
"八百九十里","3","3","6"
"五百三十里","3","3","6"
"三千一百二","4","2","6"
"万四千二百","3","3","6"
"三千三百六","3","3","6"
"一千三百四","1","5","6"
"二万四千三","3","3","6"
"万八千七百","4","2","6"
"千一百三十","3","3","6"
"三万八千三","3","3","6"
"万四千四百","3","3","6"
"武帝元狩三","3","3","6"
"帝元狩三年","3","3","6"
"十七万三千","3","3","6"
"八千五百五","3","3","6"
"一千八百四","2","4","6"
"千二百三十","3","3","6"
"万七千九百","3","3","6"
"四千三百八","3","3","6"
"千七百八十","3","3","6"
"万四千七百","3","3","6"
"四千七百三","3","3","6"
"七百三十八","3","3","6"
"武帝元鼎四","3","3","6"
"帝元鼎四年","3","3","6"
"三百一十四","3","3","6"
"少府夏侯胜","3","3","6"
"百二十三篇","3","3","6"
"淮南王黥布","2","4","6"
"长安令杨兴","3","3","6"
"光禄大夫龚","3","3","6"
"禄大夫龚胜","3","3","6"
"安国侯王陵","2","4","6"
"国御史大夫","6","0","6"
"白太皇太后","6","0","6"
"逐王先贤掸","3","3","6"
"复御史大夫","4","2","6"
"十六万五千","3","3","6"
"建元六年分","3","3","6"
"十五万四千","3","3","6"
"三百八十七","3","3","6"
"上书乞骸骨","6","0","6"
"景前二年立","6","0","6"
"右北平太守","3","3","6"
"校尉大将军","6","0","6"
"赐钱二百万","5","1","6"
"卫将军张安","3","3","6"
"少府梁丘贺","3","3","6"
"河东平阳人","3","3","6"
"二千五百人","3","3","6"
"御史大夫缺","5","1","6"
"右将军光禄","3","3","6"
"召中二千石","3","3","6"
"函谷关都尉","3","3","6"
"后将军朱博","3","3","6"
"时大将军霍","1","5","6"
"乐昌侯王商","2","4","6"
"大司农田延","2","4","6"
"司农田延年","2","4","6"
"定策安宗庙","4","2","6"
"中书谒者令","3","3","6"
"时中书令石","1","5","6"
"御史中丞陈","3","3","6"
"史中丞陈咸","3","3","6"
"月二十二日","1","5","6"
"左曹中郎将","3","3","6"
"将作大匠解","2","4","6"
"作大匠解万","2","4","6"
"大匠解万年","2","4","6"
"元年正月朔","4","2","6"
"司徒掾班彪","3","3","6"
"平恩侯许伯","2","4","6"
"百二十二人","2","4","6"
"司隶校尉王","2","4","6"
"隶校尉王尊","2","4","6"
"减死罪一等","3","3","6"
"侍中乐陵侯","3","3","6"
"太子中庶子","3","3","6"
"骠骑将军王","1","5","6"
"舅阳安侯丁","3","3","6"
"尚书令唐林","3","3","6"
"白太后下诏","6","0","6"
"车骑将军音","6","0","6"
"严乡侯刘信","2","4","6"
"成都侯王邑","3","3","6"
"大司空甄丰","2","4","6"
"河南郡太守","1","5","6"
"皇帝敬问匈","3","3","6"
"帝敬问匈奴","3","3","6"
"敬问匈奴大","3","3","6"
"问匈奴大单","3","3","6"
"戊己校尉刀","3","3","6"
"己校尉刀护","3","3","6"
"厌难将军陈","3","3","6"
"难将军陈钦","3","3","6"
"二千七百三","3","3","6"
"千八百五十","3","3","6"
"都护治所四","5","1","6"
"三百三十里","3","3","6"
"一千六百里","2","4","6"
"三百五十里","3","3","6"
"破羌将军辛","1","5","6"
"羌将军辛武","1","5","6"
"将军辛武贤","1","5","6"
"六百七十里","3","3","6"
"平安刚侯夫","3","3","6"
"安刚侯夫人","3","3","6"
"王太后下诏","1","5","6"
"大司徒司直","3","3","6"
"皇初祖考黄","3","3","6"
"初祖考黄帝","3","3","6"
"平蛮将军冯","3","3","6"
"蛮将军冯茂","3","3","6"
"一部二十五","3","3","6"
"其分野之地","0","6","6"
"有战争发动","0","6","6"
"女儿嫁给他","0","6","6"
"月二十三日","0","6","6"
"自己的生命","0","6","6"
"的四个儿子","0","6","6"
"是为了防备","0","6","6"
"进入函谷关","0","6","6"
"一百二十人","0","6","6"
"百石以上的","0","6","6"
"高祖平定天","0","6","6"
"祖平定天下","0","6","6"
"为二千石的","0","6","6"
"是高皇帝的","0","6","6"
"以下的官员","0","6","6"
"月二十九日","0","6","6"
"的继承人的","0","6","6"
"回到自己的","0","6","6"
"表示自己的","0","6","6"
"天下的表率","0","6","6"
"出现于西方","0","6","6"
"月二十六日","0","6","6"
"四月三十日","0","6","6"
"弟弟的儿子","0","6","6"
"都封为列侯","0","6","6"
"闾权渠单于","0","6","6"
"庙发生火灾","0","6","6"
"年正月初一","0","6","6"
"中山孝王的","0","6","6"
"王莽为大司","0","6","6"
"莽为大司马","0","6","6"
"减去其中之","0","6","6"
"去其中之一","0","6","6"
"一万一千五","0","6","6"
"成帝的时候","0","6","6"
"史书上记载","0","6","6"
"百姓就不会","0","6","6"
"一百三十五","0","6","6"
"去掉一天的","0","6","6"
"掉一天的一","0","6","6"
"一天的一半","0","6","6"
"天运行一度","0","6","6"
"上说他在位","0","6","6"
"他在位三十","0","6","6"
"在位十一年","0","6","6"
"说他在位二","0","6","6"
"在位十八年","0","6","6"
"朔天明冬至","0","6","6"
"在位十五年","0","6","6"
"汉武帝即位","0","6","6"
"宣帝的时候","0","6","6"
"极远的地方","0","6","6"
"各少数民族","0","6","6"
"难道不是很","0","6","6"
"有廉耻之心","0","6","6"
"在上位的人","0","6","6"
"没有来得及","0","6","6"
"被立为皇帝","0","6","6"
"古代的制度","0","6","6"
"三十分之一","0","6","6"
"宣帝即位后","0","6","6"
"攻打匈奴的","0","6","6"
"过了一段时","0","6","6"
"其正面的文","0","6","6"
"正面的文字","0","6","6"
"给有关官员","0","6","6"
"按照自己的","0","6","6"
"星是天帝的","0","6","6"
"星光有芒角","0","6","6"
"出现在西南","0","6","6"
"运行失常于","0","6","6"
"行失常于杓","0","6","6"
"失常于杓星","0","6","6"
"这样就可以","0","6","6"
"向认为这是","0","6","6"
"国发生火灾","0","6","6"
"成帝即位后","0","6","6"
"哀帝的祖母","0","6","6"
"皇帝的宠幸","0","6","6"
"他的儿子王","0","6","6"
"我们这些人","0","6","6"
"在这种情况","0","6","6"
"这种情况下","0","6","6"
"就是现在的","0","6","6"
"了他的父亲","0","6","6"
"杀了他们的","0","6","6"
"他们的君主","0","6","6"
"国家的根本","0","6","6"
"自己的功劳","0","6","6"
"吉祥的征兆","0","6","6"
"出现的日食","0","6","6"
"以为宿星在","0","6","6"
"答对皇上说","0","6","6"
"民众的男女","0","6","6"
"众的男女比","0","6","6"
"的男女比例","0","6","6"
"男女比例是","0","6","6"
"王莽时叫有","0","6","6"
"经过五个郡","0","6","6"
"行程五百里","0","6","6"
"有十四个县","0","6","6"
"六年另立为","0","6","6"
"王莽时叫吾","0","6","6"
"水流出境外","0","6","6"
"水发源于南","0","6","6"
"水流出塞外","0","6","6"
"他们的土地","0","6","6"
"的风俗相同","0","6","6"
"可以称得上","0","6","6"
"敖仓的粮食","0","6","6"
"什么样的人","0","6","6"
"平定了齐国","0","6","6"
"派使者拿着","0","6","6"
"率领一万多","0","6","6"
"有人上书告","0","6","6"
"成为汉朝的","0","6","6"
"还没来得及","0","6","6"
"自己的过错","0","6","6"
"现在陛下能","0","6","6"
"有不知道的","0","6","6"
"我希望陛下","0","6","6"
"事情被发觉","0","6","6"
"去攻打匈奴","0","6","6"
"有一定的规","0","6","6"
"一年多以后","0","6","6"
"王治理天下","0","6","6"
"没有什么不","0","6","6"
"至高无上的","0","6","6"
"异乎寻常的","0","6","6"
"周边少数民","0","6","6"
"官吏百姓都","0","6","6"
"用这样的办","0","6","6"
"这样的办法","0","6","6"
"到御史大夫","0","6","6"
"却不是这样","0","6","6"
"了他的建议","0","6","6"
"向皇帝上书","0","6","6"
"对待自己的","0","6","6"
"儿子顷王刘","0","6","6"
"二千石级的","0","6","6"
"军官和士兵","0","6","6"
"将军的部队","0","6","6"
"匈奴单于的","0","6","6"
"作为自己的","0","6","6"
"政事的得失","0","6","6"
"为大司马车","0","6","6"
"的法令制度","0","6","6"
"希望陛下留","0","6","6"
"父亲的爵位","0","6","6"
"做了御史大","0","6","6"
"四匹马拉的","0","6","6"
"被任命为大","0","6","6"
"求告老还乡","0","6","6"
"任御史中丞","0","6","6"
"任司隶校尉","0","6","6"
"考察官吏政","0","6","6"
"察官吏政绩","0","6","6"
"帝左右的人","0","6","6"
"太后的父亲","0","6","6"
"担任大司马","0","6","6"
"向汉朝称臣","0","6","6"
"的祖母定陶","0","6","6"
"家中世代传","0","6","6"
"汉朝与匈奴","0","6","6"
"匈奴大单于","0","6","6"
"汉朝派中郎","0","6","6"
"朝派中郎将","0","6","6"
"乌珠留单于","0","6","6"
"到长安九千","0","6","6"
"束到都护治","0","6","6"
"都尉各一人","0","6","6"
"帝即位以后","0","6","6"
"被册立为皇","0","6","6"
"土地纵横各","0","6","6"
"宣布全国大","0","6","6"
"布全国大赦","0","6","6"
"青州和徐州","0","6","6"
"作统义阳王","0","6","6"
"尉长安侯卢","2","3","5"
"长安侯卢绾","2","3","5"
"赐黄金五百","2","3","5"
"皇后曰皇太","5","0","5"
"后曰皇太后","5","0","5"
"齐悼惠王子","3","2","5"
"东牟侯兴居","3","2","5"
"正能直言极","3","2","5"
"棘蒲侯柴武","2","3","5"
"诣廷尉诏狱","5","0","5"
"东阳侯张相","4","1","5"
"平陆侯刘礼","1","4","5"
"匈奴入雁门","4","1","5"
"广骁骑将军","5","0","5"
"车骑将军卫","1","4","5"
"骑将军卫青","1","4","5"
"骑将军公孙","1","4","5"
"将军公孙贺","2","3","5"
"将军韩安国","2","3","5"
"杀略千余人","5","0","5"
"将军卫青将","5","0","5"
"伏波将军路","1","4","5"
"波将军路博","1","4","5"
"将军路博德","1","4","5"
"武都氐人反","4","1","5"
"御史大夫暴","2","3","5"
"史大夫暴胜","2","3","5"
"元元年春正","2","3","5"
"遣水衡都尉","3","2","5"
"大鸿胪广明","5","0","5"
"六年春正月","2","3","5"
"稻田使者燕","3","2","5"
"田使者燕仓","3","2","5"
"上官桀等谋","3","2","5"
"官桀等谋反","3","2","5"
"马大将军博","2","3","5"
"大将军博陆","2","3","5"
"将军博陆侯","2","3","5"
"贤良方正直","2","3","5"
"良方正直言","2","3","5"
"方正直言极","3","2","5"
"正直言极谏","3","2","5"
"人循行天下","4","1","5"
"酒泉太守辛","2","3","5"
"泉太守辛武","2","3","5"
"太守辛武贤","2","3","5"
"大司农朱邑","2","3","5"
"吏民五十户","3","2","5"
"朕将亲览焉","5","0","5"
"右将军冯奉","2","3","5"
"漏泄省中语","5","0","5"
"蜀郡岷山崩","3","2","5"
"骑将军王舜","2","3","5"
"百五十二分","2","3","5"
"百五十五分","2","3","5"
"九千六百五","4","1","5"
"一百一十三","1","4","5"
"位三十二年","2","3","5"
"哀公十二年","2","3","5"
"哀帝定陶王","5","0","5"
"百二十九人","2","3","5"
"赐爵左庶长","4","1","5"
"太后诏司曰","5","0","5"
"马卫将军辅","2","3","5"
"垒校尉刘歆","2","3","5"
"四十二年间","3","2","5"
"将兵击匈奴","5","0","5"
"年四月乙巳","2","3","5"
"永始二年二","3","2","5"
"季氏逐昭公","5","0","5"
"襄公二十八","2","3","5"
"昭帝始元元","2","3","5"
"帝始元元年","2","3","5"
"贰师将军征","2","3","5"
"元延元年正","2","3","5"
"延元年正月","2","3","5"
"魏郡太守京","2","3","5"
"郡太守京房","2","3","5"
"书令石显事","5","0","5"
"公三十二年","2","3","5"
"子新都侯王","2","3","5"
"天地性人贵","5","0","5"
"十二月癸亥","3","2","5"
"十一月癸卯","3","2","5"
"一月癸卯晦","3","2","5"
"正月己亥朔","3","2","5"
"高帝元年属","3","2","5"
"二千四百六","2","3","5"
"六千三百七","2","3","5"
"二万三千三","3","2","5"
"一千二百里","1","4","5"
"行三千一百","3","2","5"
"户三万八千","5","0","5"
"一百四十四","2","3","5"
"宣帝本始元","2","3","5"
"帝本始元年","2","3","5"
"刺史二千石","3","2","5"
"长信少府夏","3","2","5"
"信少府夏侯","3","2","5"
"一百二十三","1","4","5"
"汉王定三秦","5","0","5"
"号称二十万","2","3","5"
"围汉王荥阳","5","0","5"
"平侯王凤大","5","0","5"
"史大夫周昌","1","4","5"
"逮捕衡山王","2","3","5"
"二千石者十","5","0","5"
"太中大夫谷","3","2","5"
"中大夫谷永","3","2","5"
"封淮南厉王","2","3","5"
"车骑将军屯","3","2","5"
"将军许延寿","2","3","5"
"日逐王先贤","3","2","5"
"光禄大夫王","2","3","5"
"尊恭皇太后","3","2","5"
"天下男子爵","2","3","5"
"骑将军丁明","2","3","5"
"位二十六年","1","4","5"
"宣帝神爵二","2","3","5"
"帝神爵二年","2","3","5"
"孝景帝三年","1","4","5"
"太仆杜延年","3","2","5"
"大司农韩安","2","3","5"
"司农韩安国","2","3","5"
"二十六年薨","3","2","5"
"二十八年薨","2","3","5"
"二十一年薨","3","2","5"
"大将军定襄","5","0","5"
"步兵五千人","2","3","5"
"车骑将军韩","2","3","5"
"骑将军韩增","2","3","5"
"平阳侯曹寿","2","3","5"
"待诏金马门","4","1","5"
"大将军莫府","5","0","5"
"太仆戴长乐","2","3","5"
"富平侯张延","2","3","5"
"平侯张延寿","2","3","5"
"唯陛下省察","5","0","5"
"征光禄大夫","5","0","5"
"送呼韩邪单","2","3","5"
"御史大夫繁","2","3","5"
"史大夫繁延","2","3","5"
"大夫繁延寿","2","3","5"
"发戊己校尉","4","1","5"
"年正月朔日","3","2","5"
"二千石长吏","5","0","5"
"卫将军王商","1","4","5"
"一百二十九","1","4","5"
"孝武皇帝功","3","2","5"
"太守杜延年","2","3","5"
"光禄大夫周","2","3","5"
"禄大夫周堪","2","3","5"
"根大司马票","5","0","5"
"奉车都尉刘","2","3","5"
"车都尉刘歆","2","3","5"
"将军王凤辅","2","3","5"
"弟成都侯商","3","2","5"
"右将军廉褒","2","3","5"
"中乐陵侯史","2","3","5"
"左将军光禄","3","2","5"
"太中大夫张","2","3","5"
"帝祖母定陶","5","0","5"
"月辛丑朔日","1","4","5"
"定陶共王母","3","2","5"
"称太皇太后","3","2","5"
"票侯赵破奴","2","3","5"
"百五十八里","3","2","5"
"二百一十里","3","2","5"
"长安八千三","3","2","5"
"安八千三百","3","2","5"
"都护治所三","4","1","5"
"长安九千九","3","2","5"
"安九千九百","3","2","5"
"户三百五十","3","2","5"
"一千三百一","1","4","5"
"长安八千六","4","1","5"
"安八千六百","4","1","5"
"车师后城长","2","3","5"
"园邑二百家","5","0","5"
"长丞奉守法","5","0","5"
"太傅大司马","3","2","5"
"立国将军孙","2","3","5"
"国将军孙建","2","3","5"
"州一部二十","3","2","5"
"更始将军廉","2","3","5"
"古往今来的","0","5","5"
"还没有形成","0","5","5"
"的音乐兴起","0","5","5"
"考虑减免刑","0","5","5"
"虑减免刑罚","0","5","5"
"有德行的人","0","5","5"
"在郊外祭祀","0","5","5"
"的分野之地","0","5","5"
"分野之地是","0","5","5"
"的自然之性","0","5","5"
"自然之性是","0","5","5"
"告诫似乎在","0","5","5"
"诫似乎在说","0","5","5"
"有什么好处","0","5","5"
"把孙女嫁给","0","5","5"
"皇上于是下","0","5","5"
"自己的身体","0","5","5"
"之间的关系","0","5","5"
"诸侯王国的","0","5","5"
"这实在不是","0","5","5"
"沛公为汉王","0","5","5"
"田都为齐王","0","5","5"
"九江王英布","0","5","5"
"天下人民的","0","5","5"
"皇上很高兴","0","5","5"
"宣布大赦天","0","5","5"
"布大赦天下","0","5","5"
"台发生火灾","0","5","5"
"室发生火灾","0","5","5"
"公主的女儿","0","5","5"
"进入未央宫","0","5","5"
"长乐宫卫尉","0","5","5"
"让自己的儿","0","5","5"
"二百石以上","0","5","5"
"星出现于西","0","5","5"
"月二十七日","0","5","5"
"秋七月三十","0","5","5"
"匈奴侵入上","0","5","5"
"于派使者来","0","5","5"
"在明堂祭祀","0","5","5"
"千石以下至","0","5","5"
"年春正月初","0","5","5"
"赦免天下囚","0","5","5"
"孤独高年帛","0","5","5"
"独高年帛若","0","5","5"
"品德高尚的","0","5","5"
"令有关机构","0","5","5"
"公卿大夫都","0","5","5"
"夏四月三十","0","5","5"
"百姓的父母","0","5","5"
"刘景为定陶","0","5","5"
"景为定陶王","0","5","5"
"强大的诸侯","0","5","5"
"的十分之一","0","5","5"
"一百七十一","0","5","5"
"的中和之气","0","5","5"
"早晨开始出","0","5","5"
"晨开始出现","0","5","5"
"一百四十五","0","5","5"
"千二百零二","0","5","5"
"在位十四年","0","5","5"
"他哥哥的儿","0","5","5"
"在位三十三","0","5","5"
"朔日天明冬","0","5","5"
"日天明冬至","0","5","5"
"距辛亥有一","0","5","5"
"辛亥有一百","0","5","5"
"岁星在星纪","0","5","5"
"在位二十一","0","5","5"
"在位二十二","0","5","5"
"在位十二年","0","5","5"
"在位十三年","0","5","5"
"这样的情况","0","5","5"
"想有所作为","0","5","5"
"没有一个人","0","5","5"
"的人没有不","0","5","5"
"就把这件事","0","5","5"
"长一段时间","0","5","5"
"追逐利益的","0","5","5"
"为非作歹的","0","5","5"
"非作歹的人","0","5","5"
"刑有五百种","0","5","5"
"刑处罚的条","0","5","5"
"皇上的恩德","0","5","5"
"防患于未然","0","5","5"
"差不多可以","0","5","5"
"知道天下的","0","5","5"
"分之一的税","0","5","5"
"致力于农业","0","5","5"
"造就是所说","0","5","5"
"以西的地方","0","5","5"
"从他的建议","0","5","5"
"皇上听从了","0","5","5"
"二十多万人","0","5","5"
"百姓流离失","0","5","5"
"向他们询问","0","5","5"
"上官桀等人","0","5","5"
"面的文字为","0","5","5"
"回来的路上","0","5","5"
"于是皇上派","0","5","5"
"位二十八年","0","5","5"
"按照他们的","0","5","5"
"很远的地方","0","5","5"
"之兆显示在","0","5","5"
"对应的分野","0","5","5"
"应的分野之","0","5","5"
"的情况发生","0","5","5"
"火星出现在","0","5","5"
"金星出现在","0","5","5"
"其下分野之","0","5","5"
"燕剌王刘旦","0","5","5"
"告诫似乎是","0","5","5"
"诫似乎是说","0","5","5"
"是怎么回事","0","5","5"
"其中的缘故","0","5","5"
"另一个儿子","0","5","5"
"公就是这样","0","5","5"
"武安侯田蚣","0","5","5"
"王凤为大司","0","5","5"
"凤为大司马","0","5","5"
"母亲王太后","0","5","5"
"刘向则认为","0","5","5"
"两个小叔子","0","5","5"
"造成的祸患","0","5","5"
"受到皇帝的","0","5","5"
"一定会失败","0","5","5"
"件事告诉了","0","5","5"
"的妖孽就是","0","5","5"
"向认为这近","0","5","5"
"儿子为太子","0","5","5"
"的妖祥就是","0","5","5"
"三辅地区的","0","5","5"
"五位将军率","0","5","5"
"出现的妖异","0","5","5"
"淮南王刘长","0","5","5"
"向以为这时","0","5","5"
"发生了地震","0","5","5"
"上天像是警","0","5","5"
"天像是警戒","0","5","5"
"像是警戒说","0","5","5"
"统治的准则","0","5","5"
"与车骑将军","0","5","5"
"出现的灾异","0","5","5"
"得到了治理","0","5","5"
"远的地方缴","0","5","5"
"王莽时叫作","0","5","5"
"行程一千零","0","5","5"
"王莽时叫河","0","5","5"
"王莽时叫大","0","5","5"
"行程一千三","0","5","5"
"程一千三百","0","5","5"
"阳流入黄河","0","5","5"
"水接受水源","0","5","5"
"王莽时叫相","0","5","5"
"年恢复原名","0","5","5"
"王莽时叫江","0","5","5"
"王莽时叫富","0","5","5"
"有十二个县","0","5","5"
"王莽时叫北","0","5","5"
"高帝时设郡","0","5","5"
"王莽时叫厌","0","5","5"
"向北流入大","0","5","5"
"王莽时叫朔","0","5","5"
"这裹的百姓","0","5","5"
"他们的过失","0","5","5"
"一个大城市","0","5","5"
"朝建立以来","0","5","5"
"把国家传给","0","5","5"
"也认为是这","0","5","5"
"的来龙去脉","0","5","5"
"上奏给皇帝","0","5","5"
"孔子的后代","0","5","5"
"七十弟子的","0","5","5"
"类著作共有","0","5","5"
"坚持自己的","0","5","5"
"表达自己的","0","5","5"
"恭敬地接受","0","5","5"
"上天要灭亡","0","5","5"
"军队驻扎在","0","5","5"
"派使者送给","0","5","5"
"使者拿着符","0","5","5"
"者拿着符节","0","5","5"
"皇上亲自率","0","5","5"
"一万多骑兵","0","5","5"
"了一个儿子","0","5","5"
"失去了封国","0","5","5"
"后被任命为","0","5","5"
"任命为光禄","0","5","5"
"没有什么事","0","5","5"
"韩信和张耳","0","5","5"
"人上书告发","0","5","5"
"人们所说的","0","5","5"
"自己的才能","0","5","5"
"率领他的部","0","5","5"
"就是原来的","0","5","5"
"兄长的儿子","0","5","5"
"了他的计策","0","5","5"
"恢复原来的","0","5","5"
"任太中大夫","0","5","5"
"我私下听说","0","5","5"
"皇上于是召","0","5","5"
"以将军身份","0","5","5"
"有比这更大","0","5","5"
"比这更大的","0","5","5"
"陛下果真能","0","5","5"
"在陛下能吗","0","5","5"
"陛下能吗?","0","5","5"
"派使者到汉","0","5","5"
"户作为食邑","0","5","5"
"将军的身份","0","5","5"
"食邑一千户","0","5","5"
"跟从汉王攻","0","5","5"
"以列侯身份","0","5","5"
"所以天下的","0","5","5"
"下人没有不","0","5","5"
"的大恩大德","0","5","5"
"楚七国叛乱","0","5","5"
"方圆几千里","0","5","5"
"王的孙子刘","0","5","5"
"军攻打匈奴","0","5","5"
"身边的人都","0","5","5"
"颁下诏书说","0","5","5"
"他的父亲是","0","5","5"
"官至二千石","0","5","5"
"得到皇上的","0","5","5"
"被皇上召见","0","5","5"
"的人都知道","0","5","5"
"天下之人都","0","5","5"
"的人都认为","0","5","5"
"朝统治天下","0","5","5"
"是国家的重","0","5","5"
"到这种地步","0","5","5"
"万骑兵侵入","0","5","5"
"为虎牙将军","0","5","5"
"美好的德行","0","5","5"
"东方朔回答","0","5","5"
"方朔回答说","0","5","5"
"上天的旨意","0","5","5"
"端正自己的","0","5","5"
"他们的罪过","0","5","5"
"外戚的身份","0","5","5"
"是这样的人","0","5","5"
"善良的老百","0","5","5"
"良的老百姓","0","5","5"
"像这个样子","0","5","5"
"官吏和士兵","0","5","5"
"的有一万多","0","5","5"
"现在大将军","0","5","5"
"使者出使匈","0","5","5"
"者出使匈奴","0","5","5"
"认为他有才","0","5","5"
"为他有才能","0","5","5"
"大逆不道的","0","5","5"
"逆不道的罪","0","5","5"
"下的老百姓","0","5","5"
"攻击匈奴的","0","5","5"
"景帝前元二","0","5","5"
"帝前元二年","0","5","5"
"前元二年封","0","5","5"
"元二年封王","0","5","5"
"在位十七年","0","5","5"
"交给廷尉审","0","5","5"
"把情况上奏","0","5","5"
"随大将军出","0","5","5"
"有三个儿子","0","5","5"
"单于亲自率","0","5","5"
"以校尉身份","0","5","5"
"随大将军卫","0","5","5"
"有什么脸面","0","5","5"
"廷尉于定国","0","5","5"
"被立为皇后","0","5","5"
"万骑兵攻打","0","5","5"
"次跟随大将","0","5","5"
"合骑侯公孙","0","5","5"
"骑侯公孙敖","0","5","5"
"投降的匈奴","0","5","5"
"降的匈奴人","0","5","5"
"自立为单于","0","5","5"
"从骠骑将军","0","5","5"
"的官吏和百","0","5","5"
"于是汉武帝","0","5","5"
"免去了官职","0","5","5"
"奸诈邪恶的","0","5","5"
"俸禄和赏赐","0","5","5"
"原来的地方","0","5","5"
"千石级官吏","0","5","5"
"是圣明的君","0","5","5"
"万里之外的","0","5","5"
"试任京兆尹","0","5","5"
"他所犯的罪","0","5","5"
"左丞相刘屈","0","5","5"
"军李广利率","0","5","5"
"清楚地知道","0","5","5"
"因为通晓经","0","5","5"
"为通晓经术","0","5","5"
"皇帝的老师","0","5","5"
"的人都称赞","0","5","5"
"人都称赞他","0","5","5"
"中郎将赵印","0","5","5"
"们的妻子儿","0","5","5"
"分别驻扎在","0","5","5"
"因为父亲的","0","5","5"
"汉朝使者的","0","5","5"
"入侍的儿子","0","5","5"
"强大的汉朝","0","5","5"
"假托皇帝命","0","5","5"
"托皇帝命令","0","5","5"
"了汉朝使者","0","5","5"
"郅支单于的","0","5","5"
"侍奉皇帝的","0","5","5"
"官至御史大","0","5","5"
"太后姐姐的","0","5","5"
"的爵位和封","0","5","5"
"没有一定的","0","5","5"
"继承父亲的","0","5","5"
"元帝即位后","0","5","5"
"了光禄大夫","0","5","5"
"一封密封的","0","5","5"
"封密封的奏","0","5","5"
"主持这一方","0","5","5"
"左右的人是","0","5","5"
"为司隶校尉","0","5","5"
"为中二千石","0","5","5"
"太后的堂弟","0","5","5"
"后的父亲为","0","5","5"
"没有这样的","0","5","5"
"千石级的官","0","5","5"
"当时很有名","0","5","5"
"把政事委托","0","5","5"
"有亲属关系","0","5","5"
"爵位和封地","0","5","5"
"进上密封的","0","5","5"
"身份讲论于","0","5","5"
"份讲论于石","0","5","5"
"官至大司马","0","5","5"
"汉朝使者说","0","5","5"
"汉朝派使者","0","5","5"
"自己的部众","0","5","5"
"率领二万骑","0","5","5"
"领二万骑兵","0","5","5"
"三万多骑兵","0","5","5"
"握衍朐千单","0","5","5"
"衍朐千单于","0","5","5"
"韩邪单于又","0","5","5"
"逐水草而居","0","5","5"
"东到长安一","0","5","5"
"长安一万零","0","5","5"
"所乌垒城五","0","5","5"
"乌垒城五千","0","5","5"
"二百户人家","0","5","5"
"王夫人的儿","0","5","5"
"册立为太子","0","5","5"
"大臣们上奏","0","5","5"
"王莽的妻子","0","5","5"
"后下诏书说","0","5","5"
"百石级改名","0","5","5"
"伟大的皇始","0","5","5"
"大的皇始祖","0","5","5"
"的皇始祖考","0","5","5"
"始祖考虞舜","0","5","5"
"五郡挂起钩","0","5","5"
"严尤和陈茂","0","5","5"
"朕夙兴夜寐","3","1","4"
"郁郁乎文哉","4","0","4"
"郁乎文哉吾","4","0","4"
"乎文哉吾周","4","0","4"
"二世元年秋","2","2","4"
"世元年秋七","2","2","4"
"元年秋七月","2","2","4"
"沛公左司马","3","1","4"
"共立楚怀王","3","1","4"
"先入定关中","1","3","4"
"齐王建孙田","4","0","4"
"王建孙田安","4","0","4"
"五星聚东井","4","0","4"
"立沛公汉王","4","0","4"
"精兵三万人","2","2","4"
"汉王数十骑","4","0","4"
"三年冬十月","2","2","4"
"孟舒等十人","2","2","4"
"立太上皇庙","2","2","4"
"使明知朕意","2","2","4"
"御史大夫昌","3","1","4"
"赐爵五大夫","4","0","4"
"发长安六百","2","2","4"
"长安六百里","2","2","4"
"男女十四万","3","1","4"
"四年冬十月","2","2","4"
"十四万五千","2","2","4"
"高祖定天下","4","0","4"
"姊鲁元公主","3","1","4"
"太后临朝称","3","1","4"
"后临朝称制","3","1","4"
"营陵侯刘泽","1","3","4"
"高祖十一年","1","3","4"
"虚侯刘章等","2","2","4"
"赐金五千斤","3","1","4"
"大臣诛诸吕","4","0","4"
"直言极谏者","4","0","4"
"杀北地都尉","3","1","4"
"使者冠盖相","4","0","4"
"曰太皇太后","4","0","4"
"济南王辟光","3","1","4"
"胶东王雄渠","3","1","4"
"大将军窦婴","2","2","4"
"斩首十余万","2","2","4"
"三年冬十一","2","2","4"
"御史大夫官","2","2","4"
"侯周亚夫下","2","2","4"
"周亚夫下狱","2","2","4"
"皇太后同母","2","2","4"
"史大夫赵绾","2","2","4"
"郎中令王臧","2","2","4"
"中大夫严助","2","2","4"
"卫尉李广骁","4","0","4"
"尉李广骁骑","4","0","4"
"李广骁骑将","4","0","4"
"中大夫李息","2","2","4"
"元年冬十一","2","2","4"
"卫青将六将","4","0","4"
"青将六将军","4","0","4"
"兵十余万骑","3","1","4"
"元狩元年冬","2","2","4"
"中二千石爵","2","2","4"
"二千石爵右","2","2","4"
"千石爵右庶","2","2","4"
"石爵右庶长","2","2","4"
"五年春三月","2","2","4"
"中尉王温舒","2","2","4"
"将军赵破奴","2","2","4"
"元封元年冬","2","2","4"
"拔胡将军郭","2","2","4"
"胡将军郭昌","2","2","4"
"令天下大酺","4","0","4"
"杀略数千人","4","0","4"
"贰师将军广","3","1","4"
"师将军广利","3","1","4"
"闭长安城门","2","2","4"
"掘蛊太子宫","4","0","4"
"声闻四百里","3","1","4"
"元二年二月","2","2","4"
"骑将军金日","2","2","4"
"鄂邑长公主","2","2","4"
"水衡都尉吕","2","2","4"
"齐孝王孙刘","3","1","4"
"孝王孙刘泽","3","1","4"
"青州刺史隽","2","2","4"
"御史大夫弘","3","1","4"
"丞相少史王","2","2","4"
"军范明友击","2","2","4"
"内谒者令郭","2","2","4"
"祖母史良娣","2","2","4"
"元平元年四","2","2","4"
"立皇后许氏","2","2","4"
"车骑将军光","2","2","4"
"骑将军光禄","2","2","4"
"军光禄勋富","2","2","4"
"光禄勋富平","2","2","4"
"禄勋富平侯","2","2","4"
"勋富平侯安","2","2","4"
"富平侯安世","2","2","4"
"骑将军安世","2","2","4"
"国举贤良方","3","1","4"
"帝三十余年","2","2","4"
"赐御史大夫","2","2","4"
"天下父后者","4","0","4"
"下父后者爵","4","0","4"
"右将军屯兵","2","2","4"
"吏中二千石","2","2","4"
"赐天下吏爵","3","1","4"
"甘露降集京","3","1","4"
"置金城属国","2","2","4"
"都护西域骑","2","2","4"
"域骑都尉郑","2","2","4"
"骑都尉郑吉","2","2","4"
"川太守黄霸","2","2","4"
"赐列侯嗣子","2","2","4"
"左冯翊韩延","2","2","4"
"冯翊韩延寿","2","2","4"
"长乐卫尉高","2","2","4"
"乐卫尉高昌","2","2","4"
"卫尉高昌侯","2","2","4"
"吏二千石下","4","0","4"
"民五十户牛","3","1","4"
"中书令弘恭","2","2","4"
"卫司马谷吉","2","2","4"
"长杨射熊馆","2","2","4"
"十二月乙酉","3","1","4"
"元年春三月","2","2","4"
"遣谏大夫博","3","1","4"
"谏大夫博士","3","1","4"
"昭太后寝园","2","2","4"
"未央宫殿中","2","2","4"
"力田爵二级","2","2","4"
"大夫刘向校","2","2","4"
"永始元年春","2","2","4"
"二百二十八","2","2","4"
"弟中山孝王","2","2","4"
"陛下圣德宽","2","2","4"
"立楚孝王孙","3","1","4"
"太仆安阳侯","2","2","4"
"汜乡侯何武","3","1","4"
"中山孝王太","2","2","4"
"山孝王太后","2","2","4"
"弟宜乡侯冯","2","2","4"
"待诏夏贺良","2","2","4"
"诏夏贺良等","2","2","4"
"年太初元年","4","0","4"
"元寿二年六","2","2","4"
"寿二年六月","2","2","4"
"太皇太后临","3","1","4"
"成都中山王","4","0","4"
"使迎中山王","4","0","4"
"赐帝舅卫宝","3","1","4"
"玄爵关内侯","3","1","4"
"大司马博陆","2","2","4"
"司马博陆侯","2","2","4"
"宣平侯张敖","1","3","4"
"仆王恽等八","2","2","4"
"王恽等八人","2","2","4"
"八十一元士","2","2","4"
"侯王二十八","2","2","4"
"王二十八人","2","2","4"
"太祖高皇帝","2","2","4"
"冬十二月丙","3","1","4"
"二百七十一","2","2","4"
"千一百八十","2","2","4"
"六千五百六","2","2","4"
"九千六百八","2","2","4"
"中大夫公孙","2","2","4"
"令司马迁等","2","2","4"
"十一月乙亥","2","2","4"
"天数二十五","3","1","4"
"王正月辛亥","2","2","4"
"六百四十八","2","2","4"
"四百三十二","2","2","4"
"二万六千五","2","2","4"
"十七万九千","2","2","4"
"三百六十三","2","2","4"
"一千五百三","1","3","4"
"三百四十五","2","2","4"
"一万九千三","2","2","4"
"四百六十八","2","2","4"
"七百二十八","2","2","4"
"万三千六百","2","2","4"
"千一百九十","2","2","4"
"五百八十四","2","2","4"
"一千七百四","2","2","4"
"万三千八百","2","2","4"
"三千八百二","2","2","4"
"二千九百一","2","2","4"
"千九百一十","2","2","4"
"九千二百一","2","2","4"
"四百二十三","2","2","4"
"一百二十六","2","2","4"
"四千六百八","2","2","4"
"百八十二万","2","2","4"
"八十二万八","2","2","4"
"二万八千三","2","2","4"
"百六十六万","2","2","4"
"六万一千二","2","2","4"
"二百八十六","2","2","4"
"行四十六分","2","2","4"
"日行一度九","4","0","4"
"二百四十四","2","2","4"
"定行星二百","2","2","4"
"行星二百四","2","2","4"
"星二百四十","2","2","4"
"七千四百六","2","2","4"
"八十六万二","2","2","4"
"六万二千四","2","2","4"
"二千四百五","2","2","4"
"三万二千六","2","2","4"
"行九十二分","2","2","4"
"二百七十六","2","2","4"
"五百六十八","2","2","4"
"百六十八万","2","2","4"
"六十八万九","2","2","4"
"度八百二十","2","2","4"
"八百二十一","2","2","4"
"二十一万八","2","2","4"
"一万八千五","3","1","4"
"三百五十五","2","2","4"
"定行星二十","2","2","4"
"度四千六百","2","2","4"
"四千六百六","2","2","4"
"六百六十一","2","2","4"
"百六十一万","2","2","4"
"六十六万二","2","2","4"
"六万二千八","2","2","4"
"五百四十一","2","2","4"
"乘入统岁数","2","2","4"
"大余三十九","2","2","4"
"小余六十一","2","2","4"
"昭公十七年","2","2","4"
"四万一千四","2","2","4"
"一千四百八","1","3","4"
"十二月乙丑","2","2","4"
"二月乙丑朔","2","2","4"
"十三万二千","2","2","4"
"三万二千一","2","2","4"
"二月乙亥朔","3","1","4"
"元年正月己","2","2","4"
"年正月己巳","2","2","4"
"十二年六月","2","2","4"
"二年六月戊","2","2","4"
"二年六月庚","2","2","4"
"位四十六年","2","2","4"
"十二月丙子","2","2","4"
"十二年正月","2","2","4"
"十二月乙亥","2","2","4"
"文公十一年","2","2","4"
"年正月戊申","2","2","4"
"正月戊申朔","2","2","4"
"年正月丁亥","2","2","4"
"位二十九年","1","3","4"
"年正月丙寅","2","2","4"
"年十一月乙","2","2","4"
"丞相大司空","2","2","4"
"帝定陶王时","4","0","4"
"三百一十六","2","2","4"
"四百七十二","2","2","4"
"成帝鸿嘉元","1","3","4"
"帝鸿嘉元年","1","3","4"
"者数十万人","4","0","4"
"作者数万人","4","0","4"
"坐酎金失侯","4","0","4"
"平帝元始中","3","1","4"
"二千一百六","2","2","4"
"长二寸五分","2","2","4"
"入海求蓬莱","4","0","4"
"人公孙臣上","2","2","4"
"黄龙见成纪","4","0","4"
"祠官宽舒等","2","2","4"
"天封苑火井","2","2","4"
"大夫刘更生","2","2","4"
"兆尹张敞上","2","2","4"
"将军许嘉等","2","2","4"
"右将军王商","2","2","4"
"平帝元始五","2","2","4"
"帝元始五年","2","2","4"
"高皇帝受命","3","1","4"
"亡国五十二","3","1","4"
"后二年正月","2","2","4"
"年正月壬寅","2","2","4"
"元年正月癸","2","2","4"
"年正月癸酉","2","2","4"
"将军周亚夫","2","2","4"
"四年四月丙","2","2","4"
"年四月丙申","2","2","4"
"后元年五月","2","2","4"
"年五月壬午","2","2","4"
"始元年四月","2","2","4"
"年七月辛亥","2","2","4"
"四年七月甲","2","2","4"
"地节元年正","2","2","4"
"节元年正月","2","2","4"
"元年正月戊","2","2","4"
"始元年九月","2","2","4"
"河平元年三","2","2","4"
"平元年三月","2","2","4"
"年九月甲戌","2","2","4"
"二年二月癸","2","2","4"
"年十二月己","2","2","4"
"十二月己卯","2","2","4"
"杀陈留太守","3","1","4"
"陈留太守严","2","2","4"
"留太守严普","2","2","4"
"元年正月辛","2","2","4"
"年正月辛未","2","2","4"
"哀帝建平元","2","2","4"
"帝建平元年","2","2","4"
"建平元年正","2","2","4"
"元年正月丁","2","2","4"
"年正月丁未","2","2","4"
"年十一月壬","2","2","4"
"元年十一月","2","2","4"
"十四年八月","2","2","4"
"年五月乙巳","2","2","4"
"公十六年夏","2","2","4"
"公三年二月","2","2","4"
"六年六月丙","2","2","4"
"年六月丙戌","2","2","4"
"公二年五月","2","2","4"
"哀公三年五","2","2","4"
"公三年五月","2","2","4"
"年六月辛丑","2","2","4"
"七年六月癸","2","2","4"
"建元六年六","2","2","4"
"元六年六月","2","2","4"
"太尉武安侯","2","2","4"
"成帝河平二","2","2","4"
"帝河平二年","2","2","4"
"王凤大司马","4","0","4"
"元帝初元三","2","2","4"
"帝初元三年","2","2","4"
"年六月甲戌","2","2","4"
"年八月乙卯","2","2","4"
"始四年四月","2","2","4"
"年正月癸卯","2","2","4"
"年七月己亥","2","2","4"
"王太后临朝","2","2","4"
"元帝永光五","2","2","4"
"帝永光五年","2","2","4"
"成公十三年","2","2","4"
"昭公二十一","2","2","4"
"定公十五年","2","2","4"
"尊皇后皇太","4","0","4"
"鼷鼠食郊牛","4","0","4"
"公十五年正","2","2","4"
"十五年正月","2","2","4"
"元凤元年九","2","2","4"
"凤元年九月","2","2","4"
"成帝建始四","2","2","4"
"帝建始四年","2","2","4"
"景帝三年十","2","2","4"
"元帝初元四","2","2","4"
"帝初元四年","2","2","4"
"富平侯张放","2","2","4"
"燕燕尾涎涎","2","2","4"
"七年十一月","2","2","4"
"景帝三年二","2","2","4"
"帝三年二月","2","2","4"
"元凤三年正","2","2","4"
"凤三年正月","2","2","4"
"王者易姓告","4","0","4"
"者易姓告代","4","0","4"
"王二十三年","2","2","4"
"武帝元狩六","2","2","4"
"僖公三十三","2","2","4"
"公三十三年","2","2","4"
"三十三年十","2","2","4"
"十三年十二","2","2","4"
"成帝永始元","2","2","4"
"帝永始元年","2","2","4"
"始元年二月","2","2","4"
"建平四年四","2","2","4"
"平四年四月","2","2","4"
"淮阳王上书","1","3","4"
"时季氏专权","2","2","4"
"宣帝地节四","2","2","4"
"帝地节四年","2","2","4"
"平二年四月","2","2","4"
"景帝中三年","2","2","4"
"帝中三年秋","2","2","4"
"金木水火沴","4","0","4"
"十五年九月","2","2","4"
"六年六月甲","2","2","4"
"年六月甲午","2","2","4"
"六月甲午晦","2","2","4"
"文帝后六年","2","2","4"
"二十一年春","2","2","4"
"年四月辛丑","2","2","4"
"舅大司马大","2","2","4"
"惠帝二年正","2","2","4"
"帝二年正月","2","2","4"
"百一十五人","2","2","4"
"年二月丙戌","2","2","4"
"下人伐上疴","4","0","4"
"军张安世谋","3","1","4"
"哀帝傅皇后","2","2","4"
"帝元始元年","2","2","4"
"建始三年十","2","2","4"
"三年十月丁","2","2","4"
"严公十八年","2","2","4"
"五年六月辛","2","2","4"
"年九月戊申","2","2","4"
"大夫公孙敖","2","2","4"
"年七月甲子","2","2","4"
"十七年六月","2","2","4"
"十七年十二","2","2","4"
"七年十二月","2","2","4"
"年十二月丁","2","2","4"
"十二月二日","2","2","4"
"十月丙辰朔","2","2","4"
"二月癸酉朔","2","2","4"
"十四年七月","2","2","4"
"公七年四月","2","2","4"
"年七月壬午","2","2","4"
"哀公十四年","1","3","4"
"十四年五月","2","2","4"
"七年正月辛","2","2","4"
"年正月辛丑","2","2","4"
"三年二月壬","2","2","4"
"二年二月乙","2","2","4"
"二年三月壬","2","2","4"
"年二月乙酉","2","2","4"
"年七月辛未","2","2","4"
"年正月己亥","2","2","4"
"将军霍光薨","3","1","4"
"元始二年六","2","2","4"
"始二年六月","2","2","4"
"十八万二千","2","2","4"
"四万六千二","2","2","4"
"十一万七千","2","2","4"
"万七千八百","2","2","4"
"十一万六千","2","2","4"
"一万六千三","1","3","4"
"十七万五千","2","2","4"
"四百五十里","2","2","4"
"景帝中二年","2","2","4"
"二十三万六","2","2","4"
"三万六千八","3","1","4"
"封大夫毕万","2","2","4"
"六万九千八","2","2","4"
"万九千八百","2","2","4"
"十八万四百","2","2","4"
"万四百八十","2","2","4"
"四百八十八","2","2","4"
"千七百九十","2","2","4"
"十三万七千","2","2","4"
"三万七千七","2","2","4"
"六百八十里","2","2","4"
"七百八十里","2","2","4"
"十万一千二","2","2","4"
"二百九十七","2","2","4"
"十九万六千","2","2","4"
"六千二百八","2","2","4"
"三百六十里","2","2","4"
"二十六万一","2","2","4"
"五百八十七","2","2","4"
"百五十九万","2","2","4"
"万六千一百","2","2","4"
"一百四十八","2","2","4"
"五万九千三","2","2","4"
"二十一万九","2","2","4"
"二百八十八","2","2","4"
"宣帝甘露二","2","2","4"
"帝甘露二年","2","2","4"
"一百一十里","2","2","4"
"万二千七百","2","2","4"
"二千七百六","2","2","4"
"七百六十四","2","2","4"
"六千七百二","2","2","4"
"南下邳入泗","4","0","4"
"十九万三千","2","2","4"
"一百五十九","2","2","4"
"三千二百九","2","2","4"
"二百九十二","2","2","4"
"千六百九十","2","2","4"
"六百九十三","2","2","4"
"七百一十里","2","2","4"
"五百二十里","2","2","4"
"十五万八千","2","2","4"
"九千三百五","2","2","4"
"三百五十七","2","2","4"
"二十六万八","2","2","4"
"六万八千二","2","2","4"
"八千二百八","2","2","4"
"二百八十三","2","2","4"
"百二十三万","2","2","4"
"十二万三千","2","2","4"
"八百三十里","2","2","4"
"十万五千一","2","2","4"
"六万七千四","2","2","4"
"四百六十二","2","2","4"
"十五万一千","2","2","4"
"万一千九百","2","2","4"
"六百六十里","2","2","4"
"一百一十九","2","2","4"
"十五万六千","2","2","4"
"四千一百七","2","2","4"
"一百七十七","2","2","4"
"二百七十九","2","2","4"
"四百一十九","2","2","4"
"九千四百八","2","2","4"
"七百三十里","2","2","4"
"三百七十六","2","2","4"
"口二十三万","4","0","4"
"三万五千五","2","2","4"
"万三千九百","2","2","4"
"千八百七十","2","2","4"
"八百七十里","2","2","4"
"十四万九千","2","2","4"
"七万六千四","2","2","4"
"武帝太初元","2","2","4"
"帝太初元年","2","2","4"
"一百三十七","2","2","4"
"二千七百二","2","2","4"
"二百九十四","2","2","4"
"四千四百六","2","2","4"
"都尉治塞外","3","1","4"
"十九万八千","2","2","4"
"八千八百三","2","2","4"
"八百三十六","2","2","4"
"九千三百二","3","1","4"
"十三万一千","2","2","4"
"三百二十八","2","2","4"
"十六万三千","2","2","4"
"六万三千一","2","2","4"
"六千七百七","2","2","4"
"十七万八千","3","1","4"
"十六万四千","2","2","4"
"万二千三百","2","2","4"
"五万五千九","2","2","4"
"万一千八百","2","2","4"
"十万六千七","2","2","4"
"六千二百三","2","2","4"
"五千三百九","2","2","4"
"三百九十八","2","2","4"
"五百五十八","2","2","4"
"武帝建元四","2","2","4"
"帝建元四年","2","2","4"
"六百一十六","2","2","4"
"八百七十三","2","2","4"
"五千五百五","2","2","4"
"十八万七千","2","2","4"
"三百三十一","2","2","4"
"五百三十六","2","2","4"
"六百四十二","2","2","4"
"千四百二十","2","2","4"
"六千七百五","2","2","4"
"六十万七千","2","2","4"
"一百一十四","1","3","4"
"江都易王非","3","1","4"
"广陵厉王胥","3","1","4"
"万五千八百","2","2","4"
"四千五百一","2","2","4"
"二百二十九","2","2","4"
"九百四十七","2","2","4"
"夫甘都卢国","2","2","4"
"御史大夫尹","2","2","4"
"史大夫尹忠","2","2","4"
"钦说大将军","4","0","4"
"说大将军王","3","1","4"
"河二十五里","2","2","4"
"大小夏侯氏","2","2","4"
"百一十六卷","2","2","4"
"九百四十八","2","2","4"
"尚书令五鹿","2","2","4"
"百五十九篇","2","2","4"
"百三十六篇","2","2","4"
"养三老五更","2","2","4"
"百一十四篇","2","2","4"
"二百七十四","2","2","4"
"二百四十九","2","2","4"
"八百六十八","2","2","4"
"千二百六十","2","2","4"
"使者高陵君","2","2","4"
"者高陵君显","2","2","4"
"彭越将军印","1","3","4"
"济北王田安","1","3","4"
"钟离<目末","4","0","4"
"离<目末>","4","0","4"
"围章邯废丘","4","0","4"
"破齐历下军","3","1","4"
"公子横阳君","2","2","4"
"子横阳君成","2","2","4"
"汝阴侯滕公","3","1","4"
"临江王共尉","2","2","4"
"非刘氏王者","4","0","4"
"孝景前三年","4","0","4"
"车骑将军高","3","1","4"
"臣作威作福","3","1","4"
"待诏宦者署","3","1","4"
"大小夏侯尚","2","2","4"
"小夏侯尚书","2","2","4"
"曹太中大夫","2","2","4"
"横行匈奴中","4","0","4"
"死者数百人","4","0","4"
"食邑八千户","2","2","4"
"忠言逆耳利","2","2","4"
"二百八十七","2","2","4"
"食邑二千五","2","2","4"
"邑二千五百","2","2","4"
"二千四百人","2","2","4"
"食邑五百户","1","3","4"
"淮南厉王杀","2","2","4"
"淮南厉王长","2","2","4"
"等四十三人","2","2","4"
"守冢三十家","3","1","4"
"使人上书告","4","0","4"
"馆陶长公主","2","2","4"
"迁水衡都尉","3","1","4"
"中常侍宋弘","2","2","4"
"御史大夫贾","3","1","4"
"史大夫贾延","3","1","4"
"左曹光禄大","2","2","4"
"曹光禄大夫","2","2","4"
"家属徙合浦","4","0","4"
"吏二千石者","4","0","4"
"安国御史大","4","0","4"
"大夫谷永上","2","2","4"
"莽白太皇太","4","0","4"
"故天下咸知","4","0","4"
"天下咸知陛","4","0","4"
"下咸知陛下","4","0","4"
"明国家大体","3","1","4"
"史大夫周苛","2","2","4"
"持节护乌孙","3","1","4"
"节护乌孙兵","3","1","4"
"宣成侯夫人","2","2","4"
"强弩将军许","2","2","4"
"弩将军许延","2","2","4"
"子右贤王铢","2","2","4"
"右贤王铢娄","2","2","4"
"贤王铢娄渠","2","2","4"
"王铢娄渠堂","2","2","4"
"铢娄渠堂入","2","2","4"
"弟上郡库令","2","2","4"
"骑都尉光禄","2","2","4"
"都尉光禄大","2","2","4"
"尉光禄大夫","2","2","4"
"八千七百一","2","2","4"
"三万六千二","2","2","4"
"七千三百三","2","2","4"
"三百三十二","2","2","4"
"五千七百七","2","2","4"
"七百七十九","2","2","4"
"五千八百八","2","2","4"
"八百八十八","2","2","4"
"七百六十八","2","2","4"
"十五万五千","2","2","4"
"六万四千五","2","2","4"
"一千七百七","2","2","4"
"六万二千二","2","2","4"
"十九万四千","2","2","4"
"百三十三万","2","2","4"
"三十三万四","2","2","4"
"十三万四千","2","2","4"
"三万四千七","2","2","4"
"七百三十七","2","2","4"
"百三十七分","2","2","4"
"度四百三十","2","2","4"
"四百三十六","2","2","4"
"百三十六万","2","2","4"
"三十六万五","2","2","4"
"六万五千二","2","2","4"
"万五千二百","2","2","4"
"五千二百二","2","2","4"
"二百二十分","2","2","4"
"元朔五年春","2","2","4"
"四百四十四","2","2","4"
"千四百九十","2","2","4"
"十一万二千","2","2","4"
"七千一百七","2","2","4"
"七百四十一","2","2","4"
"七百七十四","2","2","4"
"四百二十二","2","2","4"
"五百五十五","2","2","4"
"车府令赵高","2","2","4"
"太史令胡母","2","2","4"
"史令胡母敬","2","2","4"
"元帝时黄门","2","2","4"
"帝时黄门令","2","2","4"
"时黄门令史","2","2","4"
"黄门令史游","2","2","4"
"成帝时将作","2","2","4"
"帝时将作大","2","2","4"
"时将作大匠","2","2","4"
"将作大匠李","2","2","4"
"作大匠李长","2","2","4"
"颍阴侯灌婴","2","2","4"
"主爵都尉汲","2","2","4"
"爵都尉汲黯","2","2","4"
"二十五年薨","2","2","4"
"食邑二百户","1","3","4"
"浞野侯赵破","1","3","4"
"野侯赵破奴","1","3","4"
"卫将军富平","2","2","4"
"将军富平侯","2","2","4"
"三千八百户","2","2","4"
"左内史李沮","2","2","4"
"赖陛下神灵","4","0","4"
"颜山赵信城","2","2","4"
"御史大夫魏","2","2","4"
"史大夫魏相","2","2","4"
"阳都侯彭祖","2","2","4"
"平恩侯许嘉","1","3","4"
"建武中历位","2","2","4"
"擅召中二千","2","2","4"
"丞相魏相奏","2","2","4"
"小冠杜子夏","2","2","4"
"帝舅大将军","2","2","4"
"兆尹王章上","2","2","4"
"卫尉定陵侯","2","2","4"
"尉定陵侯淳","2","2","4"
"汉使王恢等","2","2","4"
"长平侯卫伉","2","2","4"
"鄂邑盖长公","2","2","4"
"邑盖长公主","2","2","4"
"中郎将苏武","2","2","4"
"百三十五里","2","2","4"
"卫尉金安上","2","2","4"
"位三十九年","1","3","4"
"益州刺史王","2","2","4"
"州刺史王襄","2","2","4"
"御史大夫陈","2","2","4"
"史大夫陈万","2","2","4"
"大夫陈万年","2","2","4"
"大鸿胪商丘","2","2","4"
"北军使者任","2","2","4"
"军使者任安","2","2","4"
"昌邑王征位","4","0","4"
"左将军辛庆","2","2","4"
"将军辛庆忌","2","2","4"
"莽隔绝卫氏","3","1","4"
"骑将军长史","2","2","4"
"遣义渠安国","2","2","4"
"皇帝问后将","4","0","4"
"帝问后将军","4","0","4"
"千六百三十","2","2","4"
"楼兰王安归","2","2","4"
"食邑七百户","2","2","4"
"下三万九千","2","2","4"
"贵人姑翼所","2","2","4"
"己校尉屯田","2","2","4"
"东海兰陵人","4","0","4"
"年御史大夫","2","2","4"
"代御史大夫","4","0","4"
"车骑将军史","1","3","4"
"骑将军史高","1","3","4"
"大行治礼丞","2","2","4"
"迁丞相司直","4","0","4"
"谏大夫鲍宣","2","2","4"
"光禄勋匡衡","2","2","4"
"大司空彭宣","2","2","4"
"光禄大夫孔","2","2","4"
"禄大夫孔光","2","2","4"
"太子师友祭","2","2","4"
"子师友祭酒","2","2","4"
"方阳侯孙宠","1","3","4"
"左将军彭宣","2","2","4"
"百四十七人","2","2","4"
"谏大夫尹更","2","2","4"
"大夫尹更始","2","2","4"
"夫尹更始等","2","2","4"
"等四十四人","2","2","4"
"太仆陈万年","2","2","4"
"梁人焦延寿","2","2","4"
"舅曲阳侯王","2","2","4"
"阳侯王根大","3","1","4"
"侯王根大司","3","1","4"
"王根大司马","3","1","4"
"司隶校尉解","2","2","4"
"隶校尉解光","2","2","4"
"贼捕掾絮舜","2","2","4"
"博士郑宽中","2","2","4"
"史大夫张谭","1","3","4"
"尚书令赵昌","2","2","4"
"中谒者令史","2","2","4"
"谒者令史立","2","2","4"
"侍中王林卿","2","2","4"
"射策甲科郎","4","0","4"
"外孙元贵靡","2","2","4"
"前将军光禄","2","2","4"
"使者奚充国","2","2","4"
"右将军典属","2","2","4"
"将军典属国","2","2","4"
"长舅阳平侯","2","2","4"
"关内侯食邑","3","1","4"
"博兄弟三人","2","2","4"
"帝舅大司马","3","1","4"
"博山侯印绶","3","1","4"
"定陶共王太","2","2","4"
"陶共王太后","2","2","4"
"太皇太后新","4","0","4"
"孝元傅皇后","2","2","4"
"太中大夫蜀","2","2","4"
"中大夫蜀郡","2","2","4"
"驸马都尉侍","2","2","4"
"马都尉侍中","2","2","4"
"帝舅阳安侯","3","1","4"
"左将军师丹","2","2","4"
"大司马印绶","3","1","4"
"莽白太后下","4","0","4"
"吏狱掾王立","2","2","4"
"置御史大夫","2","2","4"
"琅邪太守冯","2","2","4"
"邪太守冯野","2","2","4"
"太守冯野王","2","2","4"
"举方正直言","3","1","4"
"长安令田终","2","2","4"
"安令田终术","2","2","4"
"轻车将军成","2","2","4"
"车将军成武","2","2","4"
"将军成武侯","2","2","4"
"军成武侯孙","2","2","4"
"成武侯孙建","2","2","4"
"宗伯忠孝侯","2","2","4"
"伯忠孝侯刘","2","2","4"
"忠孝侯刘宏","2","2","4"
"红休侯刘歆","2","2","4"
"大夫桓谭等","2","2","4"
"大司马新都","2","2","4"
"司马新都侯","2","2","4"
"大司马曲阳","2","2","4"
"司马曲阳侯","2","2","4"
"定陶共皇太","2","2","4"
"陶共皇太后","2","2","4"
"百二十九赞","2","2","4"
"太中大夫刘","2","2","4"
"东海下邳人","3","1","4"
"左右骨都侯","2","2","4"
"汉遣中郎将","4","0","4"
"弟右谷蠡王","2","2","4"
"备呼韩邪单","2","2","4"
"高昌侯董忠","1","3","4"
"小昆弥乌就","2","2","4"
"昆弥乌就屠","2","2","4"
"立雕陶莫皋","2","2","4"
"遣中郎将王","3","1","4"
"副校尉甄阜","2","2","4"
"遣五威将王","3","1","4"
"五威将王骏","3","1","4"
"车师后王须","2","2","4"
"师后王须置","2","2","4"
"后王须置离","2","2","4"
"司马丞韩玄","2","2","4"
"中郎将蔺苞","2","2","4"
"震狄将军王","2","2","4"
"狄将军王巡","2","2","4"
"右骨都侯须","2","2","4"
"骨都侯须卜","2","2","4"
"厨唯姑夕王","2","2","4"
"宁始将军廉","2","2","4"
"庸部牧史熊","2","2","4"
"将军隆虑侯","2","2","4"
"卫尉路博德","2","2","4"
"户四百五十","2","2","4"
"百六十五里","2","2","4"
"二千二百五","2","2","4"
"二千八百五","2","2","4"
"九千二百八","2","2","4"
"户三千三百","2","2","4"
"护治所三千","3","1","4"
"百四十七里","2","2","4"
"护治所四千","4","0","4"
"百九十二里","2","2","4"
"三百八十里","2","2","4"
"胜兵二千人","4","0","4"
"百九十六里","2","2","4"
"莎车五百四","2","2","4"
"车五百四十","2","2","4"
"雷五百四十","2","2","4"
"一百二十五","1","3","4"
"三百五十人","2","2","4"
"长安万二千","4","0","4"
"二千二百里","2","2","4"
"都护治所六","2","2","4"
"百四十一里","2","2","4"
"百八十二里","2","2","4"
"阳关八千二","3","1","4"
"百五十五里","2","2","4"
"八千三百五","2","2","4"
"龟兹王绛宾","2","2","4"
"所乌垒城三","1","3","4"
"王治天山东","4","0","4"
"长安八千八","3","1","4"
"安八千八百","3","1","4"
"五百七十二","2","2","4"
"百七十二人","2","2","4"
"左右都尉一","4","0","4"
"右都尉一人","4","0","4"
"八千一百五","2","2","4"
"戊己校尉郭","2","2","4"
"己校尉郭钦","2","2","4"
"置园邑二百","4","0","4"
"前平安刚侯","2","2","4"
"生中山孝王","2","2","4"
"少府宗伯凤","2","2","4"
"新室文母太","2","2","4"
"室文母太皇","2","2","4"
"文母太皇太","2","2","4"
"前将军何武","2","2","4"
"后将军公孙","2","2","4"
"元始元年正","2","2","4"
"骑将军安阳","2","2","4"
"泉陵侯刘庆","2","2","4"
"孝平皇帝幼","2","2","4"
"安汉公居摄","4","0","4"
"广饶侯刘京","2","2","4"
"徐乡侯刘快","2","2","4"
"说符侯崔发","2","2","4"
"保成师友祭","2","2","4"
"成师友祭酒","2","2","4"
"遣平蛮将军","2","2","4"
"遣大司空王","2","2","4"
"大司马司允","2","2","4"
"百二十五人","1","3","4"
"一万二千五","1","3","4"
"东西南北四","1","3","4"
"太师牺仲景","2","2","4"
"师牺仲景尚","2","2","4"
"太史令宗宣","2","2","4"
"明学男张邯","2","2","4"
"大司马董忠","2","2","4"
"扬州牧李圣","2","2","4"
"更始将军史","2","2","4"
"始将军史谌","2","2","4"
"蜀郡成都人","2","2","4"
"骑将军屯兵","1","3","4"
"击车师都尉","2","2","4"
"左右骑君一","4","0","4"
"右骑君一人","4","0","4"
"官吏的职责","0","4","4"
"种子与粮食","0","4","4"
"的社会风气","0","4","4"
"没有人知道","0","4","4"
"人伦五常中","0","4","4"
"伦五常中的","0","4","4"
"更重要的了","0","4","4"
"认为这件事","0","4","4"
"王札子杀了","0","4","4"
"所纳租赋是","0","4","4"
"纳租赋是第","0","4","4"
"治理百姓的","0","4","4"
"们都认为这","0","4","4"
"认为他没有","0","4","4"
"是这样吗?","0","4","4"
"用什么计策","0","4","4"
"天下平定后","0","4","4"
"当时的形势","0","4","4"
"是什么意思","0","4","4"
"能言善辩的","0","4","4"
"是理所当然","0","4","4"
"理所当然的","0","4","4"
"德高望重的","0","4","4"
"上书给皇帝","0","4","4"
"活着的时候","0","4","4"
"章邯为雍王","0","4","4"
"没有什么功","0","4","4"
"田安为济北","0","4","4"
"安为济北王","0","4","4"
"十月三十日","0","4","4"
"几十名骑兵","0","4","4"
"让他们各自","0","4","4"
"天下的原因","0","4","4"
"陈平的计谋","0","4","4"
"二月二十八","0","4","4"
"以相国身份","0","4","4"
"世世代代不","0","4","4"
"阳侯审食其","0","4","4"
"有病不能前","0","4","4"
"即位为天子","0","4","4"
"赏赐臣民爵","0","4","4"
"鲁元公主的","0","4","4"
"六人为列侯","0","4","4"
"丞相以下的","0","4","4"
"派车骑将军","0","4","4"
"为父亲的继","0","4","4"
"父亲的继承","0","4","4"
"亲的继承人","0","4","4"
"继承人的爵","0","4","4"
"二千石以上","0","4","4"
"十一月三十","0","4","4"
"一月三十日","0","4","4"
"推举贤良方","0","4","4"
"以匡正朕的","0","4","4"
"天下的根本","0","4","4"
"朕对此十分","0","4","4"
"邑各二千户","0","4","4"
"阳侯张相如","0","4","4"
"一万五千人","0","4","4"
"朕深感不安","0","4","4"
"的御史大夫","0","4","4"
"空出现彗星","0","4","4"
"出现于东方","0","4","4"
"自己的子弟","0","4","4"
"百万以上的","0","4","4"
"将军卫青率","0","4","4"
"自己的军队","0","4","4"
"在狼居胥山","0","4","4"
"循行于天下","0","4","4"
"失其常业的","0","4","4"
"十一月初一","0","4","4"
"十岁以上的","0","4","4"
"被斩首示众","0","4","4"
"赐鳏寡孤独","0","4","4"
"在明堂举行","0","4","4"
"领四万骑兵","0","4","4"
"不能超过他","0","4","4"
"是汉武帝的","0","4","4"
"赐封关内侯","0","4","4"
"骠骑将军上","0","4","4"
"与大将军霍","0","4","4"
"太子的孙子","0","4","4"
"凤凰聚集于","0","4","4"
"的汉朝使者","0","4","4"
"将军霍光去","0","4","4"
"军霍光去世","0","4","4"
"举荐贤良方","0","4","4"
"荐贤良方正","0","4","4"
"免天下囚徒","0","4","4"
"为百姓祈求","0","4","4"
"诏令有关机","0","4","4"
"圣王的制度","0","4","4"
"韩邪单于来","0","4","4"
"邪单于来朝","0","4","4"
"继承先帝的","0","4","4"
"令有关官员","0","4","4"
"臣民爵一级","0","4","4"
"百姓的疾苦","0","4","4"
"派遣谏大夫","0","4","4"
"六月三十日","0","4","4"
"元年正月初","0","4","4"
"自己的职责","0","4","4"
"给公卿讨论","0","4","4"
"自己的德行","0","4","4"
"定陶王的祖","0","4","4"
"陶王的祖母","0","4","4"
"立他为太子","0","4","4"
"年为太初元","0","4","4"
"国家长治久","0","4","4"
"家长治久安","0","4","4"
"二千石举荐","0","4","4"
"都侯王莽为","0","4","4"
"子刘成都为","0","4","4"
"刘成都为中","0","4","4"
"成都为中山","0","4","4"
"都为中山王","0","4","4"
"以下至六百","0","4","4"
"下至六百石","0","4","4"
"皇帝的称号","0","4","4"
"王莽把持朝","0","4","4"
"莽把持朝政","0","4","4"
"变风气转换","0","4","4"
"风气转换习","0","4","4"
"气转换习俗","0","4","4"
"的中间数字","0","4","4"
"中间数字是","0","4","4"
"黄钟的长度","0","4","4"
"分为三再增","0","4","4"
"为三再增加","0","4","4"
"有一万一千","0","4","4"
"天下的人心","0","4","4"
"让百姓知道","0","4","4"
"皇上于是就","0","4","4"
"听说古时候","0","4","4"
"为太初元年","0","4","4"
"研究历法的","0","4","4"
"有二十多人","0","4","4"
"把情况报告","0","4","4"
"情况报告给","0","4","4"
"报告给皇上","0","4","4"
"刘向的儿子","0","4","4"
"又出现日食","0","4","4"
"四百八十年","0","4","4"
"不颁布朔日","0","4","4"
"所以说一天","0","4","4"
"十五分之一","0","4","4"
"运行一度九","0","4","4"
"二千二百零","0","4","4"
"一万零一百","0","4","4"
"前面方法一","0","4","4"
"面方法一样","0","4","4"
"是什么缘故","0","4","4"
"百官师长都","0","4","4"
"官师长都以","0","4","4"
"那裹接受帝","0","4","4"
"裹接受帝位","0","4","4"
"就可以知道","0","4","4"
"武王讨伐商","0","4","4"
"王讨伐商纣","0","4","4"
"月乙亥是朔","0","4","4"
"这年十二月","0","4","4"
"在位三十七","0","4","4"
"说他在位十","0","4","4"
"公在位三十","0","4","4"
"月戊申朔日","0","4","4"
"在位二十年","0","4","4"
"在位二十三","0","4","4"
"千零二十五","0","4","4"
"在位十六年","0","4","4"
"皇帝的礼仪","0","4","4"
"二十多年了","0","4","4"
"老子的学说","0","4","4"
"古代的帝王","0","4","4"
"的根本所在","0","4","4"
"那么群臣就","0","4","4"
"司马相如等","0","4","4"
"方极远的地","0","4","4"
"继承上天的","0","4","4"
"上天的法则","0","4","4"
"得到了他们","0","4","4"
"到了他们的","0","4","4"
"到现在还没","0","4","4"
"现在还没有","0","4","4"
"敬酒祝寿的","0","4","4"
"酒祝寿的音","0","4","4"
"祝寿的音乐","0","4","4"
"寿的音乐的","0","4","4"
"的音乐的人","0","4","4"
"音乐的人有","0","4","4"
"乐的人有十","0","4","4"
"遗留下来的","0","4","4"
"很长一段时","0","4","4"
"千辆兵车的","0","4","4"
"精锐的士兵","0","4","4"
"到了一定的","0","4","4"
"贡禹的建议","0","4","4"
"周朝衰落后","0","4","4"
"来诱导他们","0","4","4"
"来整顿他们","0","4","4"
"到了秦始皇","0","4","4"
"天下的人都","0","4","4"
"高后的时候","0","4","4"
"他们的要求","0","4","4"
"孝文帝即位","0","4","4"
"英明的诏令","0","4","4"
"城旦刑舂刑","0","4","4"
"残酷的官吏","0","4","4"
"宣帝在民间","0","4","4"
"的二千石官","0","4","4"
"国家的大事","0","4","4"
"是治理国家","0","4","4"
"不是这样的","0","4","4"
"能胜任官职","0","4","4"
"强大的国家","0","4","4"
"所以他们的","0","4","4"
"的人相当多","0","4","4"
"这是上天的","0","4","4"
"以私人名义","0","4","4"
"私人名义占","0","4","4"
"人名义占有","0","4","4"
"受到皇上的","0","4","4"
"皇上的宠幸","0","4","4"
"萧望之上奏","0","4","4"
"听从了他们","0","4","4"
"从了他们的","0","4","4"
"姓流离失所","0","4","4"
"没有听从他","0","4","4"
"有听从他的","0","4","4"
"天下刚刚安","0","4","4"
"下刚刚安定","0","4","4"
"所造成的祸","0","4","4"
"造成的祸害","0","4","4"
"么百姓就不","0","4","4"
"兵出击匈奴","0","4","4"
"浑邪王率领","0","4","4"
"天子派使者","0","4","4"
"左庶长的爵","0","4","4"
"庶长的爵位","0","4","4"
"逐渐升迁为","0","4","4"
"有一千多里","0","4","4"
"来昭示天下","0","4","4"
"相当于十朋","0","4","4"
"二枚为一朋","0","4","4"
"这两种说法","0","4","4"
"边的文字是","0","4","4"
"周公辅佐成","0","4","4"
"公辅佐成王","0","4","4"
"从这时开始","0","4","4"
"为一年的开","0","4","4"
"边远地区的","0","4","4"
"诏书给御史","0","4","4"
"皇上派使者","0","4","4"
"有人上书说","0","4","4"
"朝世德衰微","0","4","4"
"雍城的五峙","0","4","4"
"神仙的方士","0","4","4"
"又过了五年","0","4","4"
"汾阴的后土","0","4","4"
"他们各自的","0","4","4"
"所居住的地","0","4","4"
"祭祀天地的","0","4","4"
"没有继嗣的","0","4","4"
"在上林苑中","0","4","4"
"任大司马卫","0","4","4"
"迷失了道路","0","4","4"
"甘泉的泰时","0","4","4"
"派有关官员","0","4","4"
"天地的位置","0","4","4"
"郊建立祭坛","0","4","4"
"孝文帝的时","0","4","4"
"文帝的时候","0","4","4"
"有白衣之会","0","4","4"
"白衣之会的","0","4","4"
"衣之会的丧","0","4","4"
"之会的丧事","0","4","4"
"中说不出三","0","4","4"
"说不出三月","0","4","4"
"不出三月就","0","4","4"
"出三月就生","0","4","4"
"三月就生成","0","4","4"
"出现在西北","0","4","4"
"金星留在它","0","4","4"
"星留在它的","0","4","4"
"在它的南面","0","4","4"
"隐没而不隐","0","4","4"
"没而不隐没","0","4","4"
"出现在金星","0","4","4"
"与水星会合","0","4","4"
"与金星会合","0","4","4"
"星会合则预","0","4","4"
"会合则预示","0","4","4"
"应到的宿度","0","4","4"
"不占卜日月","0","4","4"
"国的疆域占","0","4","4"
"的疆域占验","0","4","4"
"疆域占验在","0","4","4"
"这些都是不","0","4","4"
"离地大约六","0","4","4"
"地大约六丈","0","4","4"
"出现在黄道","0","4","4"
"君王治政过","0","4","4"
"百姓没有不","0","4","4"
"星同出现在","0","4","4"
"派遣大将军","0","4","4"
"打败了他们","0","4","4"
"元王的儿子","0","4","4"
"刘歆认为这","0","4","4"
"听信谗言而","0","4","4"
"这是怎么回","0","4","4"
"有的配祭于","0","4","4"
"的另一个儿","0","4","4"
"告似乎在说","0","4","4"
"的妖异就是","0","4","4"
"不应当建立","0","4","4"
"阙楼发生火","0","4","4"
"楼发生火灾","0","4","4"
"成为国家的","0","4","4"
"是卫太子的","0","4","4"
"在长安城中","0","4","4"
"之所以能够","0","4","4"
"得不到重用","0","4","4"
"与两个小叔","0","4","4"
"有关官员奏","0","4","4"
"关官员奏请","0","4","4"
"认为这样做","0","4","4"
"的惩罚就是","0","4","4"
"刘向认为是","0","4","4"
"认为周代的","0","4","4"
"出现的妖孽","0","4","4"
"周武王讨伐","0","4","4"
"的儿子为太","0","4","4"
"出现的妖祥","0","4","4"
"现的妖祥就","0","4","4"
"能治理国家","0","4","4"
"说的就是这","0","4","4"
"由之导致的","0","4","4"
"派三位将军","0","4","4"
"三位将军率","0","4","4"
"派四位将军","0","4","4"
"位将军征伐","0","4","4"
"的灾异就是","0","4","4"
"宗庙的祭祀","0","4","4"
"王没有子嗣","0","4","4"
"大臣们一起","0","4","4"
"从此开始了","0","4","4"
"刘向以为造","0","4","4"
"发生了螟虫","0","4","4"
"生了螟虫灾","0","4","4"
"了螟虫灾害","0","4","4"
"虫就吃掉禾","0","4","4"
"就吃掉禾苗","0","4","4"
"吃掉禾苗的","0","4","4"
"是国家灭亡","0","4","4"
"国家灭亡的","0","4","4"
"了他们的君","0","4","4"
"杀了他的君","0","4","4"
"是国家的根","0","4","4"
"第二天早晨","0","4","4"
"仲舒以为宿","0","4","4"
"舒以为宿星","0","4","4"
"刘歆以为三","0","4","4"
"歆以为三月","0","4","4"
"刘歆以为二","0","4","4"
"而自立为王","0","4","4"
"月丁巳朔日","0","4","4"
"食三十六次","0","4","4"
"有两块陨石","0","4","4"
"两块陨石坠","0","4","4"
"的地方缴纳","0","4","4"
"百里的地方","0","4","4"
"有一千八百","0","4","4"
"高帝二年改","0","4","4"
"王莽时叫谷","0","4","4"
"高帝时设置","0","4","4"
"王莽时叫通","0","4","4"
"从西北流出","0","4","4"
"王莽时叫宣","0","4","4"
"行程六百里","0","4","4"
"迁徙到这裹","0","4","4"
"王莽时叫上","0","4","4"
"水向东北到","0","4","4"
"行程一千八","0","4","4"
"程一千八百","0","4","4"
"王莽时叫武","0","4","4"
"渠接受水源","0","4","4"
"大禹的后代","0","4","4"
"武王的弟弟","0","4","4"
"王莽时叫南","0","4","4"
"从长江接受","0","4","4"
"长江接受水","0","4","4"
"江接受水源","0","4","4"
"向东流入长","0","4","4"
"东流入长江","0","4","4"
"王莽时叫闰","0","4","4"
"有十五个县","0","4","4"
"王莽时叫阴","0","4","4"
"行程一千一","0","4","4"
"程一千一百","0","4","4"
"东北流入大","0","4","4"
"王莽时叫宁","0","4","4"
"王莽时叫宜","0","4","4"
"王莽时叫常","0","4","4"
"王莽时叫美","0","4","4"
"王莽时叫翼","0","4","4"
"水向西北到","0","4","4"
"一百五十五","0","4","4"
"王莽时叫淮","0","4","4"
"行程一千二","0","4","4"
"程一千二百","0","4","4"
"有十三个县","0","4","4"
"有三万八千","0","4","4"
"有十六个县","0","4","4"
"被楚国所灭","0","4","4"
"原来秦国的","0","4","4"
"秦国的土地","0","4","4"
"来灌溉农田","0","4","4"
"武帝时开始","0","4","4"
"他们的习俗","0","4","4"
"遣留下来的","0","4","4"
"汉朝建立以","0","4","4"
"过了二十多","0","4","4"
"所以这裹的","0","4","4"
"他的小儿子","0","4","4"
"自古以来的","0","4","4"
"肥沃的土地","0","4","4"
"治理黄河的","0","4","4"
"三百零五篇","0","4","4"
"武帝的时候","0","4","4"
"有能干的名","0","4","4"
"能干的名声","0","4","4"
"王莽失败后","0","4","4"
"不知道他的","0","4","4"
"的军队驻扎","0","4","4"
"有什么功劳","0","4","4"
"齐王田建的","0","4","4"
"回军平定三","0","4","4"
"军平定三秦","0","4","4"
"善于骑马射","0","4","4"
"于骑马射箭","0","4","4"
"率领五千骑","0","4","4"
"领五千骑兵","0","4","4"
"不感到惭愧","0","4","4"
"以天下为家","0","4","4"
"女儿嫁给了","0","4","4"
"从了他的计","0","4","4"
"汉王在彭城","0","4","4"
"于是派使者","0","4","4"
"天子的诏令","0","4","4"
"骑兵驻扎在","0","4","4"
"生了一个儿","0","4","4"
"以校尉的身","0","4","4"
"校尉的身份","0","4","4"
"虞舜的后代","0","4","4"
"成安君陈余","0","4","4"
"不采纳他的","0","4","4"
"派使者出使","0","4","4"
"是这样的吗","0","4","4"
"不是天意吗","0","4","4"
"把他囚禁在","0","4","4"
"英布的军队","0","4","4"
"有这样的事","0","4","4"
"不是汉朝所","0","4","4"
"帝平定天下","0","4","4"
"黄金一千斤","0","4","4"
"他的儿子刘","0","4","4"
"太子的师傅","0","4","4"
"景帝前元三","0","4","4"
"帝前元三年","0","4","4"
"将军的计策","0","4","4"
"广陵王刘胥","0","4","4"
"的有二十多","0","4","4"
"元帝刚即位","0","4","4"
"了太中大夫","0","4","4"
"升为光禄大","0","4","4"
"哀帝刚即位","0","4","4"
"我担心天下","0","4","4"
"向皇上进言","0","4","4"
"议论政事的","0","4","4"
"为丞相司直","0","4","4"
"把他们作为","0","4","4"
"十年后去世","0","4","4"
"太后听说后","0","4","4"
"趟贲的军队","0","4","4"
"皇后的哥哥","0","4","4"
"国家的危难","0","4","4"
"大夫的爵位","0","4","4"
"千户作为食","0","4","4"
"沛公作了汉","0","4","4"
"公作了汉王","0","4","4"
"从汉王攻打","0","4","4"
"升迁为御史","0","4","4"
"二千石俸禄","0","4","4"
"天下刚刚平","0","4","4"
"下刚刚平定","0","4","4"
"任命御史大","0","4","4"
"命御史大夫","0","4","4"
"有权势的人","0","4","4"
"什么这样说","0","4","4"
"么这样说呢","0","4","4"
"帝非常高兴","0","4","4"
"在皇帝面前","0","4","4"
"得到皇帝的","0","4","4"
"他的儿子和","0","4","4"
"被围困在平","0","4","4"
"黄河以南的","0","4","4"
"齐国的田氏","0","4","4"
"诸侯王以下","0","4","4"
"高祖皇帝的","0","4","4"
"向皇上上书","0","4","4"
"汉朝的法令","0","4","4"
"赐给关内侯","0","4","4"
"有四个儿子","0","4","4"
"事交给廷尉","0","4","4"
"与淮南王谋","0","4","4"
"生了四个儿","0","4","4"
"衡山王因此","0","4","4"
"希望您不要","0","4","4"
"后来淮南王","0","4","4"
"那裹的百姓","0","4","4"
"在驰道中行","0","4","4"
"皇帝的命令","0","4","4"
"束平王刘云","0","4","4"
"给有关部门","0","4","4"
"受皇帝宠爱","0","4","4"
"哀帝去世后","0","4","4"
"任太子太傅","0","4","4"
"四个儿子都","0","4","4"
"二千石的有","0","4","4"
"他为御史大","0","4","4"
"怎么办才好","0","4","4"
"儿子共王刘","0","4","4"
"在位四十年","0","4","4"
"安危的关键","0","4","4"
"这是什么原","0","4","4"
"知道皇上的","0","4","4"
"都认为这样","0","4","4"
"还在襁褓之","0","4","4"
"本来就不是","0","4","4"
"他们的德行","0","4","4"
"了他的爵位","0","4","4"
"我认为陛下","0","4","4"
"多次受到皇","0","4","4"
"次受到皇上","0","4","4"
"以圣明的君","0","4","4"
"交给了敌人","0","4","4"
"人情无不想","0","4","4"
"的辅佐大臣","0","4","4"
"我私下认为","0","4","4"
"派御史大夫","0","4","4"
"韩邪单于派","0","4","4"
"冯参为宜乡","0","4","4"
"参为宜乡侯","0","4","4"
"后为帝太后","0","4","4"
"在位二十六","0","4","4"
"一百三十篇","0","4","4"
"下面就会有","0","4","4"
"因为这个缘","0","4","4"
"为这个缘故","0","4","4"
"听不到自己","0","4","4"
"不到自己的","0","4","4"
"并不是因为","0","4","4"
"对国家没有","0","4","4"
"自己的错误","0","4","4"
"一定的时候","0","4","4"
"给国家带来","0","4","4"
"难道是因为","0","4","4"
"效法的榜样","0","4","4"
"邪恶的事情","0","4","4"
"的事情发生","0","4","4"
"上认为他的","0","4","4"
"长时间没有","0","4","4"
"又过了一个","0","4","4"
"疏远卑贱的","0","4","4"
"不要有什么","0","4","4"
"没有什么值","0","4","4"
"考虑这件事","0","4","4"
"祖宗的功业","0","4","4"
"应该让他们","0","4","4"
"像以前那样","0","4","4"
"了投降的人","0","4","4"
"氏家族中一","0","4","4"
"家族中一共","0","4","4"
"族中一共有","0","4","4"
"王氏家族的","0","4","4"
"王莽十分高","0","4","4"
"莽十分高兴","0","4","4"
"不要违背我","0","4","4"
"要违背我的","0","4","4"
"一类的事情","0","4","4"
"公卿大臣都","0","4","4"
"咸的儿子登","0","4","4"
"不幸的命运","0","4","4"
"一定亲自携","0","4","4"
"定亲自携带","0","4","4"
"每到一县就","0","4","4"
"到一县就要","0","4","4"
"一县就要参","0","4","4"
"县就要参加","0","4","4"
"王莽讨厌这","0","4","4"
"建上林苑的","0","4","4"
"给廷尉治罪","0","4","4"
"皇上的意旨","0","4","4"
"发了这件事","0","4","4"
"自己的意思","0","4","4"
"是为了表示","0","4","4"
"的人得不到","0","4","4"
"商汤和周武","0","4","4"
"汤和周武王","0","4","4"
"现在的君主","0","4","4"
"献出自己的","0","4","4"
"审理刑狱的","0","4","4"
"理刑狱的官","0","4","4"
"刑狱的官吏","0","4","4"
"二百一十年","0","4","4"
"儿子和孙子","0","4","4"
"天下的士人","0","4","4"
"不知如何是","0","4","4"
"知如何是好","0","4","4"
"天下的老百","0","4","4"
"击匈奴的辎","0","4","4"
"匈奴的辎重","0","4","4"
"又过了三年","0","4","4"
"在位二十八","0","4","4"
"不能赦免的","0","4","4"
"的小儿子刘","0","4","4"
"子继承王位","0","4","4"
"万骑兵包围","0","4","4"
"汉朝的法律","0","4","4"
"任轻车将军","0","4","4"
"大将军出击","0","4","4"
"跟随骠骑将","0","4","4"
"随骠骑将军","0","4","4"
"的身份跟随","0","4","4"
"将军攻打匈","0","4","4"
"骑兵包围了","0","4","4"
"敌军几千人","0","4","4"
"派因杆将军","0","4","4"
"因杆将军公","0","4","4"
"杆将军公孙","0","4","4"
"派使者护送","0","4","4"
"侯的爵位和","0","4","4"
"的典章制度","0","4","4"
"生下一个儿","0","4","4"
"下一个儿子","0","4","4"
"任车骑将军","0","4","4"
"歼灭敌军几","0","4","4"
"任强弩将军","0","4","4"
"我有幸能够","0","4","4"
"俘获匈奴王","0","4","4"
"关内侯爵位","0","4","4"
"皇后的姐姐","0","4","4"
"爵位为关内","0","4","4"
"位为关内侯","0","4","4"
"武帝的宠爱","0","4","4"
"单于的儿子","0","4","4"
"骠骑将军的","0","4","4"
"从定襄出发","0","4","4"
"一万余骑兵","0","4","4"
"万九千多人","0","4","4"
"跟从骠骑将","0","4","4"
"设置大司马","0","4","4"
"大司马的职","0","4","4"
"司马的职位","0","4","4"
"的两个弟弟","0","4","4"
"以南的地区","0","4","4"
"武安侯田纷","0","4","4"
"承受天命的","0","4","4"
"使天下太平","0","4","4"
"尊卑的次序","0","4","4"
"愚蠢地认为","0","4","4"
"得到的赏赐","0","4","4"
"有异乎寻常","0","4","4"
"圣明的皇帝","0","4","4"
"到如此地步","0","4","4"
"像这样的人","0","4","4"
"皇上便下诏","0","4","4"
"皇上不得已","0","4","4"
"安定国家的","0","4","4"
"汉武帝建元","0","4","4"
"西域的道路","0","4","4"
"出使西域的","0","4","4"
"的利害关系","0","4","4"
"为贰师将军","0","4","4"
"有一万多人","0","4","4"
"我们的祖先","0","4","4"
"关进了监狱","0","4","4"
"父亲的关系","0","4","4"
"增加封邑一","0","4","4"
"他们的阴谋","0","4","4"
"将军霍光与","0","4","4"
"封国的时候","0","4","4"
"廉洁的官吏","0","4","4"
"守关的官吏","0","4","4"
"他为谏大夫","0","4","4"
"意归属汉朝","0","4","4"
"愚昧地认为","0","4","4"
"石显的短处","0","4","4"
"问东方朔说","0","4","4"
"圣明的帝王","0","4","4"
"怎么可以不","0","4","4"
"所犯的罪行","0","4","4"
"王莽败亡后","0","4","4"
"他为光禄大","0","4","4"
"成帝刚即位","0","4","4"
"命为光禄大","0","4","4"
"又被任命为","0","4","4"
"任水衡都尉","0","4","4"
"十多万骑兵","0","4","4"
"不要让他们","0","4","4"
"皇帝问候后","0","4","4"
"帝问候后将","0","4","4"
"问候后将军","0","4","4"
"领一万多人","0","4","4"
"希望陛下明","0","4","4"
"的有十多人","0","4","4"
"这件事记在","0","4","4"
"逃得远远的","0","4","4"
"一千五百一","0","4","4"
"于万里之外","0","4","4"
"没有不流泪","0","4","4"
"任命为大司","0","4","4"
"命为大司马","0","4","4"
"又过了几年","0","4","4"
"被征召为博","0","4","4"
"征召为博士","0","4","4"
"纳了他的意","0","4","4"
"卫尉淳于长","0","4","4"
"下诏让公卿","0","4","4"
"上书请求告","0","4","4"
"书请求告老","0","4","4"
"请求告老还","0","4","4"
"我没有德行","0","4","4"
"我听说圣明","0","4","4"
"百官的表率","0","4","4"
"原因就在于","0","4","4"
"傅太后的旨","0","4","4"
"的后代子孙","0","4","4"
"继承了爵位","0","4","4"
"各诸侯国的","0","4","4"
"皇帝下诏让","0","4","4"
"明的君王制","0","4","4"
"因为亲子孙","0","4","4"
"孝昭太后的","0","4","4"
"废掉昌邑王","0","4","4"
"担任谏大夫","0","4","4"
"担任尚书令","0","4","4"
"官吏政绩的","0","4","4"
"行考察官吏","0","4","4"
"了一封密封","0","4","4"
"的人是正直","0","4","4"
"人是正直的","0","4","4"
"的人是邪的","0","4","4"
"是太皇太后","0","4","4"
"从了他的意","0","4","4"
"可以不谨慎","0","4","4"
"地位卑贱的","0","4","4"
"赦免的命令","0","4","4"
"示给天下人","0","4","4"
"张敞做京兆","0","4","4"
"敞做京兆尹","0","4","4"
"光禄勋杨惮","0","4","4"
"皇上的旨意","0","4","4"
"我有幸得以","0","4","4"
"上天的心意","0","4","4"
"的封号改为","0","4","4"
"有这样的人","0","4","4"
"迎接中山王","0","4","4"
"王莽的功德","0","4","4"
"立定陶王为","0","4","4"
"全国的中心","0","4","4"
"帝刚刚登上","0","4","4"
"石级的官员","0","4","4"
"没有听说过","0","4","4"
"萧望之认为","0","4","4"
"在诸侯王之","0","4","4"
"赏赐黄金二","0","4","4"
"在当时很有","0","4","4"
"汉朝兴起以","0","4","4"
"封为关内侯","0","4","4"
"的法律制度","0","4","4"
"俸禄中二千","0","4","4"
"下大逆不道","0","4","4"
"帝的祖母定","0","4","4"
"三公的官位","0","4","4"
"担任大司徒","0","4","4"
"政事委托给","0","4","4"
"左将军史丹","0","4","4"
"他回到封地","0","4","4"
"回到封地去","0","4","4"
"从汉朝兴起","0","4","4"
"的话是对的","0","4","4"
"大司马的印","0","4","4"
"司马的印信","0","4","4"
"莽禀告太后","0","4","4"
"有幸能够身","0","4","4"
"王莽的军队","0","4","4"
"上天的威严","0","4","4"
"百姓的心意","0","4","4"
"与他一起做","0","4","4"
"孔光等人的","0","4","4"
"刘歆的儿子","0","4","4"
"中世代传授","0","4","4"
"爵号关内侯","0","4","4"
"上认为他有","0","4","4"
"吴楚七国叛","0","4","4"
"送给匈奴的","0","4","4"
"的官吏士兵","0","4","4"
"骑兵去攻打","0","4","4"
"十多万军队","0","4","4"
"他的弟弟左","0","4","4"
"求与汉朝和","0","4","4"
"汉朝派贰师","0","4","4"
"朝派贰师将","0","4","4"
"且千侯单于","0","4","4"
"率三万多骑","0","4","4"
"出边塞一千","0","4","4"
"掳获马牛羊","0","4","4"
"入朝侍奉汉","0","4","4"
"单于即位后","0","4","4"
"单于接受了","0","4","4"
"夷住地作为","0","4","4"
"南粤王和王","0","4","4"
"粤王和王太","0","4","4"
"王和王太后","0","4","4"
"楼船将军的","0","4","4"
"到长安六千","0","4","4"
"军队五百人","0","4","4"
"随牲畜逐水","0","4","4"
"牲畜逐水草","0","4","4"
"畜逐水草而","0","4","4"
"东到长安九","0","4","4"
"所乌垒城四","0","4","4"
"乌垒城四千","0","4","4"
"军队二千人","0","4","4"
"束到长安一","0","4","4"
"到阳关八千","0","4","4"
"国王治玉山","0","4","4"
"王治玉山东","0","4","4"
"左右都尉各","0","4","4"
"右都尉各一","0","4","4"
"女儿许配给","0","4","4"
"进太子宫中","0","4","4"
"置陵园和二","0","4","4"
"陵园和二百","0","4","4"
"园和二百户","0","4","4"
"和二百户人","0","4","4"
"皇后被册立","0","4","4"
"周公那样的","0","4","4"
"太后的尊号","0","4","4"
"共王母和丁","0","4","4"
"王母和丁姬","0","4","4"
"太后下韶说","0","4","4"
"平帝的母亲","0","4","4"
"平阿侯王仁","0","4","4"
"出现了日食","0","4","4"
"这称赞的就","0","4","4"
"的权力归还","0","4","4"
"千石级改名","0","4","4"
"囊知牙斯的","0","4","4"
"又下文告说","0","4","4"
"官吏和人民","0","4","4"
"王莽下文告","0","4","4"
"莽下文告说","0","4","4"
"担任宁始将","0","4","4"
"任宁始将军","0","4","4"
"的地区划归","0","4","4"
"二十五郡挂","0","4","4"
"十五郡挂起","0","4","4"
"我对此非常","0","4","4"
"大司徒王寻","0","4","4"
"和更始将军","0","4","4"
"束到长安八","0","4","4"
"左右骑君各","0","4","4"
"右骑君各一","0","4","4"
"骑君各一人","0","4","4"
"所振贷勿收","3","0","3"
"秦嘉立景驹","2","1","3"
"立景驹楚王","3","0","3"
"东郡尉成武","3","0","3"
"故齐王建孙","3","0","3"
"赵将司马卬","3","0","3"
"先入咸阳者","2","1","3"
"公左司马曹","2","1","3"
"韩王送沛公","2","1","3"
"秦降王子婴","2","1","3"
"尊怀王义帝","3","0","3"
"越击杀济北","2","1","3"
"击杀济北王","2","1","3"
"令郑昌韩王","3","0","3"
"击常山王张","1","2","3"
"说九江王布","2","1","3"
"诸侯子关中","3","0","3"
"南绝楚粮道","2","1","3"
"黄金四万斤","2","1","3"
"楚大司马周","2","1","3"
"淮南王英布","1","2","3"
"上皇帝尊号","1","2","3"
"汉王皇帝位","3","0","3"
"陛下取天下","3","0","3"
"大功臣二十","2","1","3"
"功臣二十余","2","1","3"
"臣二十余人","2","1","3"
"赵相贯高等","1","2","3"
"者皆复终身","3","0","3"
"楚令尹薛公","2","1","3"
"封薛公千户","2","1","3"
"汉后五十年","2","1","3"
"后五十年东","2","1","3"
"五十年东南","2","1","3"
"赐吏六百石","2","1","3"
"六百石上爵","3","0","3"
"父母妻子同","3","0","3"
"女十四万六","2","1","3"
"四万六千人","2","1","3"
"千人城长安","3","0","3"
"未央宫凌室","2","1","3"
"帝姊鲁元公","3","0","3"
"取后宫美人","2","1","3"
"立恒山王弘","2","1","3"
"匈奴寇狄道","3","0","3"
"皆赐爵关内","3","0","3"
"悼惠王子朱","2","1","3"
"惠王子朱虚","2","1","3"
"王子朱虚侯","2","1","3"
"子朱虚侯章","2","1","3"
"大将军灌婴","1","2","3"
"侯刘章等共","2","1","3"
"刘章等共诛","2","1","3"
"张武等六人","1","2","3"
"御史大夫臣","2","1","3"
"遣车骑将军","3","0","3"
"民父后者爵","3","0","3"
"十一月丁卯","2","1","3"
"一月丁卯晦","2","1","3"
"除盗铸钱令","2","1","3"
"淮南王长谋","2","1","3"
"南王长谋反","2","1","3"
"吏二百石上","3","0","3"
"者冠盖相望","3","0","3"
"二十余年矣","3","0","3"
"故相国萧何","2","1","3"
"首十余万级","2","1","3"
"车骑材官屯","2","1","3"
"吏二千石黄","1","2","3"
"二千石黄金","1","2","3"
"六年春二月","2","1","3"
"安国护军将","3","0","3"
"国护军将军","3","0","3"
"大行王恢将","3","0","3"
"太中大夫李","2","1","3"
"将三十万众","2","1","3"
"军韩安国屯","2","1","3"
"进贤受上赏","2","1","3"
"遣将军卫青","2","1","3"
"军卫青将六","3","0","3"
"兵十余万人","1","2","3"
"令礼官劝学","2","1","3"
"予博士弟子","2","1","3"
"首三千余级","2","1","3"
"匈奴三千余","2","1","3"
"昆邪王杀休","2","1","3"
"邪王杀休屠","2","1","3"
"王杀休屠王","2","1","3"
"匈奴入右北","3","0","3"
"奴入右北平","3","0","3"
"立后土祠汾","3","0","3"
"后土祠汾阴","3","0","3"
"兵十八万骑","2","1","3"
"夏后启母石","2","1","3"
"遣楼船将军","2","1","3"
"遣拔胡将军","2","1","3"
"杅将军公孙","3","0","3"
"三万骑酒泉","3","0","3"
"斩首虏万余","3","0","3"
"首虏万余级","3","0","3"
"发天下七科","2","1","3"
"军李广利将","3","0","3"
"后元元年春","1","2","3"
"都尉上官桀","2","1","3"
"杀青州刺史","2","1","3"
"鸿胪广明将","3","0","3"
"遣执金吾马","2","1","3"
"执金吾马适","1","2","3"
"金吾马适建","1","2","3"
"夫桑弘羊皆","2","1","3"
"史大夫弘羊","2","1","3"
"左将军桀等","2","1","3"
"监傅介子持","2","1","3"
"傅介子持节","2","1","3"
"孝文庙正殿","2","1","3"
"赐钱二千万","2","1","3"
"发三辅郡国","2","1","3"
"谒者令郭穰","2","1","3"
"者令郭穰夜","2","1","3"
"时掖庭令张","2","1","3"
"孝武皇帝躬","3","0","3"
"武帝巡狩所","2","1","3"
"昆弥愿发国","3","0","3"
"年春正月癸","3","0","3"
"中二千石博","3","0","3"
"内郡国举贤","3","0","3"
"贤良方正一","2","1","3"
"良方正一人","2","1","3"
"大将军光薨","3","0","3"
"孝武皇帝三","2","1","3"
"武皇帝三十","2","1","3"
"皇帝三十余","2","1","3"
"御史大夫爵","2","1","3"
"史大夫爵关","2","1","3"
"大夫爵关内","2","1","3"
"夫爵关内侯","2","1","3"
"冠阳侯霍云","1","2","3"
"遣使者循行","3","0","3"
"使者循行郡","2","1","3"
"者循行郡国","2","1","3"
"天下吏爵二","3","0","3"
"下吏爵二级","3","0","3"
"故掖庭令张","1","2","3"
"庭令张贺辅","1","2","3"
"令张贺辅导","1","2","3"
"张贺辅导朕","1","2","3"
"等十二人循","2","1","3"
"十二人循行","2","1","3"
"右扶风尹翁","2","1","3"
"扶风尹翁归","2","1","3"
"神爵元年春","2","1","3"
"南郡获白虎","2","1","3"
"露降集京师","3","0","3"
"郑吉迎日逐","2","1","3"
"颍川太守黄","2","1","3"
"丞耿寿昌奏","2","1","3"
"位次诸侯王","3","0","3"
"闻五帝三王","2","1","3"
"呼韩邪单朝","3","0","3"
"春正月辛丑","3","0","3"
"馆希御幸者","3","0","3"
"毁落太上皇","2","1","3"
"落太上皇庙","2","1","3"
"太上皇庙殿","2","1","3"
"上皇庙殿壁","2","1","3"
"皇庙殿壁木","2","1","3"
"庙殿壁木饰","2","1","3"
"道县城郭官","2","1","3"
"县城郭官寺","2","1","3"
"举茂材异等","3","0","3"
"前将军望傅","3","0","3"
"将军望傅朕","3","0","3"
"军望傅朕八","3","0","3"
"望傅朕八年","3","0","3"
"淮阳王舅张","2","1","3"
"阳王舅张博","2","1","3"
"孝景皇帝庙","2","1","3"
"惟先假王正","3","0","3"
"先假王正厥","3","0","3"
"假王正厥事","3","0","3"
"问公卿大夫","1","2","3"
"走入横城门","2","1","3"
"等循行天下","2","1","3"
"闻天生众民","2","1","3"
"校尉王延世","1","2","3"
"四月己亥晦","2","1","3"
"史大夫张忠","2","1","3"
"遣丞相长史","3","0","3"
"冬十一月甲","2","1","3"
"十一月甲寅","2","1","3"
"男子郑躬等","1","2","3"
"灾害什四上","3","0","3"
"河东都尉赵","2","1","3"
"东都尉赵护","2","1","3"
"将作大匠万","3","0","3"
"作大匠万年","3","0","3"
"前将作大匠","2","1","3"
"未央宫东司","2","1","3"
"央宫东司马","2","1","3"
"宫东司马门","2","1","3"
"十二月辛亥","2","1","3"
"复长安南北","1","2","3"
"王祖母傅太","3","0","3"
"下圣德宽仁","2","1","3"
"楚孝王孙景","3","0","3"
"孝王孙景定","3","0","3"
"王孙景定陶","3","0","3"
"孙景定陶王","3","0","3"
"置左右詹事","2","1","3"
"曲阳侯根前","3","0","3"
"仆安阳侯舜","2","1","3"
"大司空汜乡","2","1","3"
"司空汜乡侯","2","1","3"
"空汜乡侯何","2","1","3"
"成都侯王况","1","2","3"
"建平二年太","3","0","3"
"平二年太初","3","0","3"
"二年太初元","3","0","3"
"号曰陈圣刘","3","0","3"
"曰陈圣刘太","3","0","3"
"夏贺良等建","2","1","3"
"贺良等建言","3","0","3"
"良等建言改","3","0","3"
"等建言改元","3","0","3"
"贺良等反道","2","1","3"
"良等反道惑","2","1","3"
"等反道惑众","2","1","3"
"汾阴后土祠","2","1","3"
"安成恭侯夫","2","1","3"
"成恭侯夫人","2","1","3"
"恭侯夫人放","2","1","3"
"光禄大夫息","1","2","3"
"禄大夫息夫","1","2","3"
"大夫息夫躬","1","2","3"
"南阳太守孙","1","2","3"
"阳太守孙宠","1","2","3"
"越裳氏重译","3","0","3"
"裳氏重译献","3","0","3"
"氏重译献白","3","0","3"
"重译献白雉","3","0","3"
"赐号安汉公","3","0","3"
"太师孔光等","1","2","3"
"侯子成都中","3","0","3"
"子成都中山","3","0","3"
"陶傅太后尊","1","2","3"
"尚书令姚恂","1","2","3"
"宝弟玄爵关","3","0","3"
"弟玄爵关内","3","0","3"
"马博陆侯霍","1","2","3"
"博陆侯霍光","1","2","3"
"九月戊申晦","2","1","3"
"夫人号曰功","3","0","3"
"人号曰功显","3","0","3"
"号曰功显君","3","0","3"
"天子世世献","2","1","3"
"长安城东门","2","1","3"
"诸侯王二十","2","1","3"
"宗室子九百","2","1","3"
"室子九百余","2","1","3"
"子九百余人","2","1","3"
"帝年十四岁","1","2","3"
"七万七千一","2","1","3"
"七千一百四","2","1","3"
"万九千四十","3","0","3"
"命南正重司","3","0","3"
"南正重司天","3","0","3"
"火正黎司地","3","0","3"
"历象日月星","3","0","3"
"象日月星辰","3","0","3"
"司马迁等言","2","1","3"
"帝元凤三年","1","2","3"
"百二十九岁","3","0","3"
"一月乙亥朔","2","1","3"
"两地数三十","2","1","3"
"五位乘会数","2","1","3"
"次四百八十","3","0","3"
"五年春王正","1","2","3"
"春王正月辛","1","2","3"
"正月辛亥朔","3","0","3"
"十三万九千","2","1","3"
"万五百三十","3","0","3"
"一万八千四","2","1","3"
"三千六百八","2","1","3"
"一百九十一","1","2","3"
"一万三千八","1","2","3"
"万二千九百","2","1","3"
"十一万四千","2","1","3"
"八千二百二","2","1","3"
"日行七分度","3","0","3"
"十二分度十","3","0","3"
"日百二十九","3","0","3"
"百五十一分","2","1","3"
"日行十五分","3","0","3"
"行十五分度","3","0","3"
"日八十六万","2","1","3"
"十一万五百","2","1","3"
"八万九千七","2","1","3"
"万九千七百","2","1","3"
"九千七百分","2","1","3"
"行一度三分","2","1","3"
"日一亿二千","3","0","3"
"二千二百二","3","0","3"
"千二百二万","3","0","3"
"二百二万九","3","0","3"
"百二万九千","3","0","3"
"千六百五分","3","0","3"
"盈者名曰小","3","0","3"
"者名曰小余","3","0","3"
"故天下号曰","3","0","3"
"月甲申朔旦","2","1","3"
"甲申朔旦冬","2","1","3"
"癸亥朔旦冬","2","1","3"
"上元十四万","2","1","3"
"公二十七年","1","2","3"
"百一十三年","1","2","3"
"位三十一年","1","2","3"
"四万三千二","2","1","3"
"宣帝玄孙婴","3","0","3"
"汉兴二十余","3","0","3"
"兴二十余年","3","0","3"
"秦始皇二十","1","2","3"
"司空何武奏","3","0","3"
"鼓员十三人","3","0","3"
"御史大夫卫","1","2","3"
"史大夫卫绾","1","2","3"
"三千四百七","2","1","3"
"右丞相周勃","1","2","3"
"时大司农中","1","2","3"
"减诸侯王庙","2","1","3"
"侯王奴婢二","2","1","3"
"王奴婢二百","2","1","3"
"奴婢二百人","2","1","3"
"兵二十余万","2","1","3"
"开东方诸仓","3","0","3"
"遣大夫谒者","3","0","3"
"万骑击匈奴","3","0","3"
"遂取河南地","3","0","3"
"通西南夷道","3","0","3"
"马死者十余","3","0","3"
"死者十余万","3","0","3"
"遣博士褚大","2","1","3"
"国师公刘歆","1","2","3"
"没入官奴婢","3","0","3"
"死者什六七","3","0","3"
"郊祀后稷配","3","0","3"
"祀后稷配天","3","0","3"
"宗祀文王明","3","0","3"
"祀文王明堂","3","0","3"
"文王明堂配","3","0","3"
"王明堂配上","3","0","3"
"明堂配上帝","3","0","3"
"太史儋见秦","1","2","3"
"史儋见秦献","1","2","3"
"儋见秦献公","1","2","3"
"王四十二年","2","1","3"
"始皇上泰山","2","1","3"
"高祖十年春","1","2","3"
"公孙臣上书","2","1","3"
"文帝召公孙","2","1","3"
"帝召公孙臣","2","1","3"
"渭阳五帝庙","3","0","3"
"汉兴六十余","2","1","3"
"五城十二楼","1","2","3"
"尊孝武庙世","3","0","3"
"孝武庙世宗","3","0","3"
"修武帝故事","3","0","3"
"韦玄成丞相","3","0","3"
"皇帝宽仁孝","2","1","3"
"帝宽仁孝顺","2","1","3"
"商大司马卫","3","0","3"
"卫将军辅政","2","1","3"
"人行莫大孝","3","0","3"
"孝莫大严父","3","0","3"
"小夏侯三家","2","1","3"
"夜中星陨雨","3","0","3"
"秦王子婴降","3","0","3"
"十万骑入武","3","0","3"
"万骑入武州","3","0","3"
"骠骑将军安","2","1","3"
"王凤大将军","3","0","3"
"年二月癸未","2","1","3"
"尉氏男子樊","2","1","3"
"亡徒苏令等","3","0","3"
"所除旧布新","3","0","3"
"初一曰五行","3","0","3"
"成周宣榭火","3","0","3"
"年五月甲午","1","2","3"
"定公二年五","1","2","3"
"郡铁官铸铁","1","2","3"
"妻子徙合浦","3","0","3"
"父车骑将军","2","1","3"
"车骑将军上","1","2","3"
"孝武园白鹤","2","1","3"
"武园白鹤馆","2","1","3"
"傅太后欲成","3","0","3"
"太后欲成帝","3","0","3"
"后欲成帝母","3","0","3"
"母王太后临","2","1","3"
"夫人哀姜淫","2","1","3"
"人哀姜淫乱","2","1","3"
"山阳亡徒苏","3","0","3"
"阳亡徒苏令","3","0","3"
"立二十五年","3","0","3"
"建始三年秋","2","1","3"
"问郎中令龚","2","1","3"
"丞相府史家","2","1","3"
"相府史家雌","2","1","3"
"王宫端门中","2","1","3"
"八万五千人","1","2","3"
"将军征匈奴","3","0","3"
"将军众十余","3","0","3"
"军众十余万","3","0","3"
"东西数千里","3","0","3"
"木门仓琅根","3","0","3"
"兄齐悼惠王","2","1","3"
"史记秦始皇","3","0","3"
"泰山莱芜山","1","2","3"
"易姓告代处","3","0","3"
"遣大将军卫","2","1","3"
"帝永光二年","2","1","3"
"昭公二十五","1","2","3"
"公二十五年","1","2","3"
"旅人先笑后","2","1","3"
"人先笑后号","2","1","3"
"时大司马车","2","1","3"
"成帝绥二年","3","0","3"
"禹宗族谋反","2","1","3"
"宣公十五年","1","2","3"
"鲁桓公夫人","1","2","3"
"五大夫争权","2","1","3"
"木水火沴土","3","0","3"
"帝元舅大司","2","1","3"
"元舅大司马","2","1","3"
"戎共攻杀幽","3","0","3"
"共攻杀幽王","3","0","3"
"宣帝本始四","1","2","3"
"帝本始四年","1","2","3"
"东四十九郡","2","1","3"
"时下人伐上","3","0","3"
"时日月乱行","3","0","3"
"张安世谋欲","3","0","3"
"安世谋欲废","3","0","3"
"文帝十二年","1","2","3"
"贤年二十二","2","1","3"
"时周室衰微","1","2","3"
"平帝元始元","2","1","3"
"平四年正月","2","1","3"
"襄公十四年","1","2","3"
"单子立王猛","2","1","3"
"六月乙未晦","2","1","3"
"六月丙戌晦","2","1","3"
"十月丁酉晦","2","1","3"
"十一月庚寅","2","1","3"
"一月庚寅晦","2","1","3"
"二月丙戌朔","2","1","3"
"九月丙子晦","2","1","3"
"五月乙巳晦","2","1","3"
"十月甲寅晦","2","1","3"
"八月辛酉晦","2","1","3"
"元三年十一","1","2","3"
"十一月壬辰","2","1","3"
"一月壬辰朔","2","1","3"
"燕剌王谋反","1","2","3"
"二月乙酉朔","2","1","3"
"三月壬戌朔","2","1","3"
"年十二月戊","1","2","3"
"八月乙卯晦","2","1","3"
"三月癸丑朔","2","1","3"
"七月辛未晦","2","1","3"
"元帝永光元","1","2","3"
"帝永光元年","1","2","3"
"高辛氏火正","3","0","3"
"五公子作乱","1","2","3"
"礼乐征伐诸","3","0","3"
"乐征伐诸侯","3","0","3"
"武帝建元年","1","2","3"
"五千一百一","2","1","3"
"七千八百二","2","1","3"
"二十一万六","2","1","3"
"三万六千七","2","1","3"
"高帝元年更","3","0","3"
"口二十七万","3","0","3"
"九百一十二","1","2","3"
"行千三百四","3","0","3"
"昭公三十二","1","2","3"
"周大夫刘子","1","2","3"
"水首受狼汤","3","0","3"
"六百三十里","1","2","3"
"九千一百一","2","1","3"
"口二十六万","3","0","3"
"一千四百一","1","2","3"
"一百九十四","1","2","3"
"户五万六千","3","0","3"
"行五百一十","3","0","3"
"五百二十五","2","1","3"
"七万二千八","2","1","3"
"四十九万七","2","1","3"
"六千六百四","2","1","3"
"万八千九百","2","1","3"
"八千九百六","2","1","3"
"户二万八千","2","1","3"
"七百二十里","2","1","3"
"三万九千三","2","1","3"
"一千五百七","1","2","3"
"一千九百四","1","2","3"
"户二万四千","3","0","3"
"一百六十里","1","2","3"
"八千一百四","2","1","3"
"一千三百七","1","2","3"
"六千八百二","2","1","3"
"七百九十里","2","1","3"
"二千一百里","2","1","3"
"八千三百三","2","1","3"
"六百五十八","2","1","3"
"武帝元朔二","2","1","3"
"帝元朔二年","2","1","3"
"一千三百二","1","2","3"
"一百三十八","1","2","3"
"一万七千七","1","2","3"
"六万八千八","2","1","3"
"八千八百二","2","1","3"
"一千一百六","1","2","3"
"一百八十里","1","2","3"
"七千九百八","2","1","3"
"七万八千六","2","1","3"
"八千六百一","2","1","3"
"高帝十一年","2","1","3"
"口六十六万","3","0","3"
"万二百八十","3","0","3"
"二万七千三","2","1","3"
"三千三百三","1","2","3"
"一千七百五","1","2","3"
"五世秦所灭","3","0","3"
"南海尉赵佗","1","2","3"
"武安侯田蚡","3","0","3"
"发卒数万人","3","0","3"
"世光禄大夫","3","0","3"
"杜钦说大将","3","0","3"
"鲁高堂生传","2","1","3"
"书令五鹿充","1","2","3"
"令五鹿充宗","1","2","3"
"秦丞相李斯","2","1","3"
"丞相李斯所","1","2","3"
"相李斯所作","1","2","3"
"诸侯卿大夫","1","2","3"
"系武臣等家","3","0","3"
"赵王将相家","2","1","3"
"八千人渡江","1","2","3"
"千人渡江西","1","2","3"
"瑕丘公申阳","1","2","3"
"九江王黥布","1","2","3"
"大司马曹咎","1","2","3"
"高祖布衣时","3","0","3"
"齐王田荣叛","3","0","3"
"项梁立楚怀","1","2","3"
"梁立楚怀王","1","2","3"
"将军霍光定","2","1","3"
"急围汉王荥","3","0","3"
"张良立信齐","3","0","3"
"良立信齐王","3","0","3"
"南王黥布反","1","2","3"
"下令国中曰","3","0","3"
"尉条侯周亚","2","1","3"
"吴臣田禄伯","2","1","3"
"迁太中大夫","3","0","3"
"行京兆尹事","3","0","3"
"孝宣皇帝时","2","1","3"
"弑君三十六","2","1","3"
"城门校尉诸","1","2","3"
"门校尉诸葛","1","2","3"
"校尉诸葛丰","1","2","3"
"太中大夫事","3","0","3"
"中大夫事中","3","0","3"
"护三辅都水","2","1","3"
"中太中大夫","2","1","3"
"十万众横行","3","0","3"
"楚王韩信反","2","1","3"
"击韩王信代","3","0","3"
"高帝定天下","3","0","3"
"楚怀王封沛","1","2","3"
"怀王封沛公","1","2","3"
"上废栗太子","2","1","3"
"赵贲军开封","3","0","3"
"后燕王卢绾","2","1","3"
"孝景中二年","3","0","3"
"赐爵七大夫","3","0","3"
"兵车趣攻战","3","0","3"
"车趣攻战疾","3","0","3"
"广阿侯任敖","1","2","3"
"赏赐累巨万","3","0","3"
"平棘侯薛泽","2","1","3"
"知天下所归","3","0","3"
"天下兴利除","2","1","3"
"下兴利除害","2","1","3"
"贾太中大夫","3","0","3"
"弟子百余人","3","0","3"
"置守冢三十","3","0","3"
"捕衡山王治","1","2","3"
"五十四年薨","2","1","3"
"大将军击匈","3","0","3"
"地方数千里","3","0","3"
"欲乱者十室","3","0","3"
"封贤高安侯","3","0","3"
"安侯丁明大","3","0","3"
"侯丁明大司","3","0","3"
"丁明大司马","3","0","3"
"明大司马票","3","0","3"
"丞相御史奏","3","0","3"
"方南诛两越","3","0","3"
"二十九年薨","2","1","3"
"二十四年薨","2","1","3"
"济东王彭离","2","1","3"
"夫谷永上疏","2","1","3"
"谷永上疏曰","3","0","3"
"河南守吴公","3","0","3"
"长沙王太傅","1","2","3"
"臣知陛下能","3","0","3"
"绛侯周勃免","1","2","3"
"悼惠王子六","2","1","3"
"惠王子六人","2","1","3"
"淮南厉王子","2","1","3"
"田荣立田儋","1","2","3"
"遣御史大夫","2","1","3"
"御史大夫青","2","1","3"
"史大夫青翟","2","1","3"
"元年夏四月","1","2","3"
"尉路博德筑","2","1","3"
"路博德筑居","2","1","3"
"博德筑居延","2","1","3"
"御史大夫广","2","1","3"
"史大夫广明","2","1","3"
"云中太守田","2","1","3"
"中太守田顺","2","1","3"
"兵十五万骑","1","2","3"
"立广川惠王","2","1","3"
"成侯夫人显","2","1","3"
"遣后将军赵","2","1","3"
"娄渠堂入侍","2","1","3"
"博士弟子员","2","1","3"
"汤爵关内侯","2","1","3"
"侯王凤大司","3","0","3"
"凤大司马大","3","0","3"
"上郡库令良","2","1","3"
"中骑都尉光","2","1","3"
"封中山王舅","2","1","3"
"尊定陶恭王","2","1","3"
"太后弟侍中","3","0","3"
"漏刻百二十","3","0","3"
"刻百二十度","3","0","3"
"信等三十六","1","2","3"
"等三十六人","1","2","3"
"一万八千一","1","2","3"
"九万四千九","2","1","3"
"一百二十七","1","2","3"
"位五十四年","1","2","3"
"二月癸亥晦","2","1","3"
"公十七年冬","1","2","3"
"太初元年更","3","0","3"
"三万二千四","1","2","3"
"昭帝始元六","1","2","3"
"帝始元六年","1","2","3"
"武帝后元年","1","2","3"
"景帝后三年","1","2","3"
"宣帝甘露三","1","2","3"
"帝甘露三年","1","2","3"
"门令史游作","2","1","3"
"大匠李长作","2","1","3"
"太常蓼侯孔","2","1","3"
"中山靖王子","2","1","3"
"强弩将军王","2","1","3"
"孝昭皇帝后","3","0","3"
"年六月丙寅","1","2","3"
"府令赵高所","1","2","3"
"令赵高所作","1","2","3"
"令胡母敬所","1","2","3"
"胡母敬所作","1","2","3"
"兵决期月望","3","0","3"
"迁东海太守","3","0","3"
"汤御史大夫","3","0","3"
"匈奴浑邪王","1","2","3"
"御史大夫汤","3","0","3"
"赐天下男子","1","2","3"
"御史大夫安","3","0","3"
"史大夫安国","3","0","3"
"将军卫青等","1","2","3"
"四十三年薨","1","2","3"
"二千石博士","2","1","3"
"都侯王莽秉","3","0","3"
"侯王莽秉政","3","0","3"
"南王谋反时","1","2","3"
"立三十八年","3","0","3"
"三十一年薨","2","1","3"
"三十三年薨","3","0","3"
"尉路博德将","3","0","3"
"将军大将军","3","0","3"
"前后十余辈","3","0","3"
"王杀汉使者","2","1","3"
"将军霍光争","1","2","3"
"军霍光争权","1","2","3"
"苏武使匈奴","3","0","3"
"博阳侯丙吉","1","2","3"
"建平侯杜延","1","2","3"
"平侯杜延年","1","2","3"
"典属国苏武","1","2","3"
"建筑朔方城","1","2","3"
"天子使使者","3","0","3"
"大将军获王","3","0","3"
"百六十八人","1","2","3"
"虏八千余级","3","0","3"
"封狼居胥山","3","0","3"
"浸明浸昌道","3","0","3"
"愿陛下留意","2","1","3"
"户六百五十","2","1","3"
"者五十余人","2","1","3"
"新失大将军","2","1","3"
"事孝武皇帝","3","0","3"
"免冠顿首曰","3","0","3"
"使者燕仓知","2","1","3"
"大司农杨敞","1","2","3"
"上书言便宜","3","0","3"
"舅红阳侯立","2","1","3"
"方进京兆尹","3","0","3"
"高阳侯薛宣","1","2","3"
"丁后帝太后","3","0","3"
"匈奴降者言","3","0","3"
"大夏东南数","2","1","3"
"夏东南数千","2","1","3"
"东南数千里","2","1","3"
"公孙贺父子","1","2","3"
"夫桑弘羊等","1","2","3"
"位二十七日","2","1","3"
"汤沐邑二千","1","2","3"
"沐邑二千户","1","2","3"
"堂邑侯陈午","1","2","3"
"鸿胪商丘成","1","2","3"
"郡国盗贼群","2","1","3"
"事大将军莫","3","0","3"
"谏大夫杜延","1","2","3"
"大夫杜延年","1","2","3"
"光车骑将军","3","0","3"
"诸吏光禄勋","1","2","3"
"擢光禄大夫","3","0","3"
"红阳侯立举","2","1","3"
"下御史中丞","3","0","3"
"非莽隔绝卫","3","0","3"
"破羌将军武","3","0","3"
"羌将军武贤","3","0","3"
"复征光禄大","3","0","3"
"千石者十余","3","0","3"
"石者十余人","3","0","3"
"乌孙公主上","2","1","3"
"孙公主上书","2","1","3"
"发十五万骑","2","1","3"
"昆弥将翕侯","3","0","3"
"弥将翕侯下","3","0","3"
"将翕侯下五","3","0","3"
"翕侯下五万","3","0","3"
"获单父行嫂","3","0","3"
"封惠长罗侯","3","0","3"
"杀校尉赖丹","2","1","3"
"人姑翼所误","2","1","3"
"列侯举茂材","2","1","3"
"拥护呼韩邪","2","1","3"
"呼韩邪益强","2","1","3"
"戊己校尉屯","1","2","3"
"百四十五人","1","2","3"
"加赐黄金百","3","0","3"
"议郎耿育上","2","1","3"
"王莽安汉公","3","0","3"
"满三月赐告","3","0","3"
"上疏乞骸骨","3","0","3"
"任侍中中郎","1","2","3"
"高皇帝圣德","3","0","3"
"淮阳阳夏人","2","1","3"
"正月朔日蚀","3","0","3"
"大司空印绶","2","1","3"
"御史大夫数","2","1","3"
"史大夫数月","2","1","3"
"孝成皇帝时","2","1","3"
"宜陵侯息夫","1","2","3"
"陵侯息夫躬","1","2","3"
"故大司空何","2","1","3"
"故丞相孔光","2","1","3"
"民讹言行筹","3","0","3"
"削爵关内侯","3","0","3"
"迁太子太傅","3","0","3"
"皇考庙亲未","3","0","3"
"考庙亲未尽","3","0","3"
"孝文皇帝太","3","0","3"
"文皇帝太宗","3","0","3"
"徒掾班彪曰","3","0","3"
"迁河南太守","3","0","3"
"西河太守杜","2","1","3"
"河太守杜延","2","1","3"
"诏丞相御史","3","0","3"
"昌邑王嗣立","3","0","3"
"年二月戊午","1","2","3"
"成帝外家王","2","1","3"
"帝外家王氏","2","1","3"
"大将军二十","2","1","3"
"赐黄金三十","2","1","3"
"光禄勋杨惲","3","0","3"
"擢司隶校尉","3","0","3"
"书谒者令石","1","2","3"
"谒者令石显","1","2","3"
"军王凤辅政","2","1","3"
"中尚书宦官","2","1","3"
"司隶校尉宽","1","2","3"
"隶校尉宽饶","1","2","3"
"光禄勋周堪","1","2","3"
"光禄勋师丹","2","1","3"
"太后父崇祖","3","0","3"
"后父崇祖侯","3","0","3"
"曲阳侯根大","3","0","3"
"阳侯根大司","3","0","3"
"侯根大司马","3","0","3"
"奉车都尉甄","1","2","3"
"车都尉甄邯","1","2","3"
"定陶王太子","3","0","3"
"令公卿大臣","1","2","3"
"乌孙昆弥翁","2","1","3"
"孙昆弥翁归","2","1","3"
"昆弥翁归靡","2","1","3"
"诏下公卿议","3","0","3"
"遣长罗侯惠","2","1","3"
"乌孙四十余","2","1","3"
"孙四十余年","2","1","3"
"任太子庶子","1","2","3"
"使匈奴副校","2","1","3"
"匈奴副校尉","2","1","3"
"复光禄大夫","3","0","3"
"发兵攻车师","3","0","3"
"校尉司马意","1","2","3"
"骑将军王接","1","2","3"
"典属国任立","1","2","3"
"护军都尉韩","1","2","3"
"军都尉韩昌","1","2","3"
"西域都护甘","1","2","3"
"域都护甘延","1","2","3"
"任太子中庶","1","2","3"
"大鸿胪野王","2","1","3"
"兆尹王章讥","2","1","3"
"张博兄弟三","1","2","3"
"谏大夫王骏","1","2","3"
"甘露二年立","2","1","3"
"太中大夫子","1","2","3"
"舅大司马骠","1","2","3"
"成帝母太皇","3","0","3"
"帝母太皇太","3","0","3"
"前御史大夫","2","1","3"
"莽太皇太后","3","0","3"
"哀帝祖母定","3","0","3"
"红阳侯立相","2","1","3"
"武御史大夫","3","0","3"
"司隶校尉涓","1","2","3"
"隶校尉涓勋","1","2","3"
"光禄勋辛庆","1","2","3"
"禄勋辛庆忌","1","2","3"
"太中大夫平","2","1","3"
"五二千石杂","3","0","3"
"诏举方正直","3","0","3"
"反虏逆贼鲸","2","1","3"
"御史大夫音","3","0","3"
"月己亥朔日","1","2","3"
"马曲阳侯王","1","2","3"
"弟成都侯王","1","2","3"
"公孙禄互相","2","1","3"
"前定陵侯淳","1","2","3"
"孝成皇帝深","2","1","3"
"昌侯董宏上","2","1","3"
"侯董宏上书","2","1","3"
"发掘傅太后","1","2","3"
"补文学掌故","2","1","3"
"王莽讲学大","3","0","3"
"莽讲学大夫","3","0","3"
"河间献王博","2","1","3"
"间献王博士","2","1","3"
"票骑将军王","3","0","3"
"问郡国上计","2","1","3"
"郡国上计长","2","1","3"
"国上计长吏","2","1","3"
"者二百余人","3","0","3"
"御史大夫公","1","2","3"
"史大夫公孙","1","2","3"
"大夫公孙弘","1","2","3"
"五鹿充宗结","1","2","3"
"左将军冯奉","1","2","3"
"使使谓冒顿","3","0","3"
"使谓冒顿曰","3","0","3"
"匈奴大单恙","3","0","3"
"隆虑侯周灶","1","2","3"
"匈奴数千人","1","2","3"
"汉使贰师将","3","0","3"
"使贰师将军","3","0","3"
"弟左大都尉","2","1","3"
"重合侯莽通","1","2","3"
"弟左谷蠡王","1","2","3"
"中郎将范明","1","2","3"
"郎将范明友","1","2","3"
"驼七十余万","2","1","3"
"伊秩訾王呼","2","1","3"
"尉高昌侯董","1","2","3"
"伊邪莫演等","1","2","3"
"孝元皇帝哀","2","1","3"
"元皇帝哀怜","2","1","3"
"车师后王姑","2","1","3"
"师后王姑句","2","1","3"
"恶都奴界上","2","1","3"
"名囊知牙斯","2","1","3"
"左姑夕侯苏","1","2","3"
"众二千余人","2","1","3"
"伤都护司马","2","1","3"
"戊己校尉史","1","2","3"
"己校尉史陈","1","2","3"
"校尉史陈良","1","2","3"
"右曲候任商","2","1","3"
"胁略戊己校","2","1","3"
"略戊己校尉","2","1","3"
"遣中郎将蔺","2","1","3"
"右犁汗王咸","1","2","3"
"天凤五年死","1","2","3"
"立呼韩邪单","2","1","3"
"解蛮夷王侯","1","2","3"
"朝鲜相路人","1","2","3"
"置戊己校尉","1","2","3"
"西北都护治","3","0","3"
"治所二千二","3","0","3"
"二千五百五","2","1","3"
"胜兵五百人","3","0","3"
"胜兵三百人","3","0","3"
"治所二千八","2","1","3"
"所二千八百","2","1","3"
"五百四十人","1","2","3"
"护治所六千","1","2","3"
"长安万一千","3","0","3"
"戊己校尉西","3","0","3"
"己校尉西域","3","0","3"
"车骑将军长","1","2","3"
"大昆弥雌栗","1","2","3"
"昆弥雌栗靡","1","2","3"
"翕侯难栖杀","2","1","3"
"户二千二百","2","1","3"
"西都护治所","3","0","3"
"乌贪訾离国","1","2","3"
"千六百七十","2","1","3"
"长安八千一","2","1","3"
"安八千一百","2","1","3"
"百六十五人","1","2","3"
"长安八千九","2","1","3"
"安八千九百","2","1","3"
"车师王妻子","1","2","3"
"时戊己校尉","1","2","3"
"西域都护李","2","1","3"
"域都护李崇","2","1","3"
"氏侯者凡三","3","0","3"
"侯者凡三人","3","0","3"
"丁外人求侯","2","1","3"
"上官桀谋反","1","2","3"
"刚侯夫人谒","3","0","3"
"太后姊子淳","3","0","3"
"左将军孔光","1","2","3"
"傅太后同母","2","1","3"
"共王母丁姬","3","0","3"
"孝哀傅皇后","2","1","3"
"孝成赵皇后","3","0","3"
"少傅左将军","1","2","3"
"傅左将军甄","1","2","3"
"左将军甄丰","1","2","3"
"将军甄丰赐","1","2","3"
"左将军孙建","1","2","3"
"百四十五年","1","2","3"
"生定陶共王","2","1","3"
"说车骑将军","1","2","3"
"太后新室文","3","0","3"
"后新室文母","3","0","3"
"号曰安汉公","3","0","3"
"令太后下诏","3","0","3"
"黄金五千斤","1","2","3"
"傅大司马印","2","1","3"
"前辉光谢嚣","1","2","3"
"令安汉公居","2","1","3"
"汉公居摄践","3","0","3"
"公居摄践祚","3","0","3"
"齐郡临淄县","1","2","3"
"年六月甲子","1","2","3"
"太初元将元","1","2","3"
"初元将元年","1","2","3"
"建国元年正","1","2","3"
"国元年正月","1","2","3"
"五威将王奇","1","2","3"
"五威中城将","1","2","3"
"威中城将军","1","2","3"
"掌威侯王奇","1","2","3"
"百七十一人","1","2","3"
"方二州一部","2","1","3"
"二州一部二","2","1","3"
"三万六千岁","3","0","3"
"后阁更衣中","2","1","3"
"士十余万人","1","2","3"
"前队大夫甄","1","2","3"
"队大夫甄阜","1","2","3"
"属正梁丘赐","1","2","3"
"二百三十年","1","2","3"
"异姓诸侯王","1","2","3"
"军安阳侯王","1","2","3"
"户二千三百","1","2","3"
"四千三百户","1","2","3"
"道德仁义礼","1","2","3"
"朕德行浅薄","0","3","3"
"参加葬礼的","0","3","3"
"朕深为同情","0","3","3"
"京师各官府","0","3","3"
"追究他们的","0","3","3"
"开始在长安","0","3","3"
"天地的规律","0","3","3"
"保持自己的","0","3","3"
"成为天下的","0","3","3"
"装饰的旌旗","0","3","3"
"有功劳的人","0","3","3"
"可以减免刑","0","3","3"
"以减免刑罚","0","3","3"
"因此英明的","0","3","3"
"此英明的君","0","3","3"
"囤积居奇的","0","3","3"
"边的少数民","0","3","3"
"祭祀土地神","0","3","3"
"不按常规运","0","3","3"
"按常规运行","0","3","3"
"野之地有战","0","3","3"
"之地有战争","0","3","3"
"少数民族地","0","3","3"
"数民族地区","0","3","3"
"然之性是可","0","3","3"
"之性是可以","0","3","3"
"在贸戎打败","0","3","3"
"百姓得到了","0","3","3"
"得到了它的","0","3","3"
"听从他的话","0","3","3"
"利用他们的","0","3","3"
"为他的话有","0","3","3"
"出其不意地","0","3","3"
"这一切都是","0","3","3"
"王没有谋反","0","3","3"
"统治天下的","0","3","3"
"答应了他的","0","3","3"
"的精锐部队","0","3","3"
"该怎么办呢","0","3","3"
"怎么办呢?","0","3","3"
"胯下爬过去","0","3","3"
"什么计策?","0","3","3"
"皇帝知道了","0","3","3"
"死而无憾了","0","3","3"
"他所率领的","0","3","3"
"率领的士卒","0","3","3"
"又跟随沛公","0","3","3"
"后来又改任","0","3","3"
"派兵攻打他","0","3","3"
"上于是下令","0","3","3"
"争先恐后地","0","3","3"
"把他们都杀","0","3","3"
"于是赦免了","0","3","3"
"言善辩的人","0","3","3"
"都不敢正视","0","3","3"
"接受他们的","0","3","3"
"流传下来的","0","3","3"
"季的第一个","0","3","3"
"的第一个月","0","3","3"
"什么不同呢","0","3","3"
"其中的道理","0","3","3"
"更何况那些","0","3","3"
"是很明显的","0","3","3"
"没有采纳他","0","3","3"
"有采纳他的","0","3","3"
"了这种情况","0","3","3"
"自己的行为","0","3","3"
"原原本本地","0","3","3"
"汉文帝即位","0","3","3"
"秦二世三年","0","3","3"
"立景驹为楚","0","3","3"
"景驹为楚王","0","3","3"
"前齐王田建","0","3","3"
"封章邯为雍","0","3","3"
"入定关中的","0","3","3"
"定关中的为","0","3","3"
"关中的为王","0","3","3"
"中的为王的","0","3","3"
"怀王为义帝","0","3","3"
"立沛公为汉","0","3","3"
"己的封国去","0","3","3"
"天下已经安","0","3","3"
"下已经安定","0","3","3"
"立田都为齐","0","3","3"
"实为大逆不","0","3","3"
"二月初三日","0","3","3"
"王即皇帝位","0","3","3"
"子为皇太子","0","3","3"
"大夫以上的","0","3","3"
"赏赐黄金五","0","3","3"
"是因为天下","0","3","3"
"封他为列侯","0","3","3"
"特布告天下","0","3","3"
"酒兴正浓时","0","3","3"
"在六百石以","0","3","3"
"吏二千石的","0","3","3"
"逃到匈奴去","0","3","3"
"五月十七日","0","3","3"
"是他的后代","0","3","3"
"是汉高祖的","0","3","3"
"臣民爵位一","0","3","3"
"帝元年冬十","0","3","3"
"给匈奴单于","0","3","3"
"令百姓可以","0","3","3"
"主的女儿为","0","3","3"
"的女儿为皇","0","3","3"
"女儿为皇后","0","3","3"
"子立为太子","0","3","3"
"赏赐人民爵","0","3","3"
"病不能前往","0","3","3"
"不是孝惠帝","0","3","3"
"是天经地义","0","3","3"
"子每百户赐","0","3","3"
"每百户赐牛","0","3","3"
"有关官吏请","0","3","3"
"文帝下诏说","0","3","3"
"不能胜任的","0","3","3"
"在八十以上","0","3","3"
"等十人封食","0","3","3"
"十人封食邑","0","3","3"
"是大逆不道","0","3","3"
"是天下的根","0","3","3"
"从事农业的","0","3","3"
"是最重要的","0","3","3"
"二月十六日","0","3","3"
"皇上就下诏","0","3","3"
"直言极谏的","0","3","3"
"为国事操劳","0","3","3"
"为兄弟之国","0","3","3"
"朕继承大统","0","3","3"
"能善始善终","0","3","3"
"为将屯将军","0","3","3"
"赐民爵位一","0","3","3"
"陆侯刘礼为","0","3","3"
"侯刘礼为楚","0","3","3"
"刘礼为楚王","0","3","3"
"四月二十一","0","3","3"
"四月二十九","0","3","3"
"用粮食喂马","0","3","3"
"不必担心某","0","3","3"
"必担心某人","0","3","3"
"担心某人不","0","3","3"
"可担心的是","0","3","3"
"担心的是他","0","3","3"
"正月二十七","0","3","3"
"太子继皇帝","0","3","3"
"子继皇帝位","0","3","3"
"宣明政教的","0","3","3"
"明政教的明","0","3","3"
"政教的明堂","0","3","3"
"向太皇太后","0","3","3"
"卫尉李广为","0","3","3"
"尉李广为骁","0","3","3"
"李广为骁骑","0","3","3"
"广为骁骑将","0","3","3"
"为骁骑将军","0","3","3"
"仆公孙贺为","0","3","3"
"为材官将军","0","3","3"
"奴侵入上谷","0","3","3"
"匈奴多次侵","0","3","3"
"五帝三王的","0","3","3"
"次举得其人","0","3","3"
"举得其人称","0","3","3"
"得其人称为","0","3","3"
"先代帝王的","0","3","3"
"的经验教训","0","3","3"
"匈奴侵入代","0","3","3"
"军卫青率领","0","3","3"
"卫青率领六","0","3","3"
"六名将军及","0","3","3"
"名将军及士","0","3","3"
"将军及士兵","0","3","3"
"士兵十余万","0","3","3"
"赎罪为平民","0","3","3"
"发生了变化","0","3","3"
"斩敌首一万","0","3","3"
"冤失其常业","0","3","3"
"派骠骑将军","0","3","3"
"萧何曾孙萧","0","3","3"
"杀掠数千人","0","3","3"
"领五万骑兵","0","3","3"
"前将军李广","0","3","3"
"知道他们的","0","3","3"
"建立后土祠","0","3","3"
"一月初一日","0","3","3"
"罪被削爵为","0","3","3"
"派使者告诉","0","3","3"
"呼万岁之声","0","3","3"
"的祭祀活动","0","3","3"
"出现于东井","0","3","3"
"现大赦天下","0","3","3"
"以配享于上","0","3","3"
"配享于上帝","0","3","3"
"柏梁台发生","0","3","3"
"梁台发生火","0","3","3"
"因木于将军","0","3","3"
"木于将军公","0","3","3"
"于将军公孙","0","3","3"
"蝗虫从东方","0","3","3"
"虫从东方飞","0","3","3"
"派使者前来","0","3","3"
"领三万骑兵","0","3","3"
"万骑兵出酒","0","3","3"
"骑兵出酒泉","0","3","3"
"派游击将军","0","3","3"
"与贰师将军","0","3","3"
"左贤王交战","0","3","3"
"三月二十五","0","3","3"
"与丞相刘屈","0","3","3"
"大夫暴胜之","0","3","3"
"商周三代之","0","3","3"
"一万三千户","0","3","3"
"昭帝下诏说","0","3","3"
"能改过自新","0","3","3"
"天下臣民爵","0","3","3"
"帝下诏书说","0","3","3"
"自己的祖先","0","3","3"
"祖宗的事业","0","3","3"
"都有一定的","0","3","3"
"令中原郡国","0","3","3"
"向朝廷上书","0","3","3"
"祁连将军田","0","3","3"
"连将军田广","0","3","3"
"将军田广明","0","3","3"
"虎牙将军田","0","3","3"
"牙将军田顺","0","3","3"
"丞相以下至","0","3","3"
"匡正朕的不","0","3","3"
"乐平侯霍山","0","3","3"
"朕深感惶恐","0","3","3"
"藏匿犯罪的","0","3","3"
"先帝的丰功","0","3","3"
"帝的丰功伟","0","3","3"
"的丰功伟绩","0","3","3"
"千石以下到","0","3","3"
"一百三十六","0","3","3"
"听说古代的","0","3","3"
"古代的天子","0","3","3"
"户赏牛酒若","0","3","3"
"赏牛酒若干","0","3","3"
"之子黄金百","0","3","3"
"朕的德行浅","0","3","3"
"的德行浅薄","0","3","3"
"为破羌将军","0","3","3"
"年正月来朝","0","3","3"
"匈奴单于派","0","3","3"
"任光禄勋时","0","3","3"
"春正月二十","0","3","3"
"人循行于天","0","3","3"
"的太平盛世","0","3","3"
"进入紫宫星","0","3","3"
"入紫宫星区","0","3","3"
"二月初七日","0","3","3"
"皇太后为太","0","3","3"
"太后为太皇","0","3","3"
"后为太皇太","0","3","3"
"给贫民耕种","0","3","3"
"朕继承先帝","0","3","3"
"不足以安定","0","3","3"
"夜战战兢兢","0","3","3"
"直言极谏之","0","3","3"
"中二千石官","0","3","3"
"命令有关官","0","3","3"
"指出朕的过","0","3","3"
"出朕的过失","0","3","3"
"的父母兄弟","0","3","3"
"百姓生活困","0","3","3"
"是长久之计","0","3","3"
"恢复太上皇","0","3","3"
"奴郅支单于","0","3","3"
"爵为五大夫","0","3","3"
"帝为太子时","0","3","3"
"王多才多艺","0","3","3"
"等出使匈奴","0","3","3"
"早晨出现在","0","3","3"
"晨出现在东","0","3","3"
"以继承宗庙","0","3","3"
"就会出现日","0","3","3"
"能直言的人","0","3","3"
"先王的功业","0","3","3"
"派丞相长史","0","3","3"
"秋八月三十","0","3","3"
"八月三十日","0","3","3"
"从事农业生","0","3","3"
"事农业生产","0","3","3"
"门发生火灾","0","3","3"
"过的地方不","0","3","3"
"从四面八方","0","3","3"
"不要有所隐","0","3","3"
"都是二千石","0","3","3"
"王的祖母傅","0","3","3"
"立为皇太子","0","3","3"
"占有的田地","0","3","3"
"可以使国家","0","3","3"
"使国家长治","0","3","3"
"为中山孝王","0","3","3"
"都增加封地","0","3","3"
"有功有德的","0","3","3"
"功有德的人","0","3","3"
"不能更改的","0","3","3"
"搁置不用的","0","3","3"
"灭亡了秦朝","0","3","3"
"能参与政事","0","3","3"
"到元始年间","0","3","3"
"改变风气转","0","3","3"
"没有比它更","0","3","3"
"色崇尚黄色","0","3","3"
"各自得到自","0","3","3"
"自得到自己","0","3","3"
"万九千零四","0","3","3"
"九千零四十","0","3","3"
"变化的情况","0","3","3"
"三减去其中","0","3","3"
"三再增加其","0","3","3"
"再增加其中","0","3","3"
"增加其中之","0","3","3"
"加其中之一","0","3","3"
"其中之一的","0","3","3"
"中之一的长","0","3","3"
"分为三再减","0","3","3"
"为三再减去","0","3","3"
"三再减去其","0","3","3"
"再减去其中","0","3","3"
"是用来测量","0","3","3"
"起源于黄钟","0","3","3"
"源于黄钟的","0","3","3"
"所指的方向","0","3","3"
"二十四节气","0","3","3"
"一百二十斤","0","3","3"
"在时令上是","0","3","3"
"火正黎掌管","0","3","3"
"正黎掌管地","0","3","3"
"黎掌管地理","0","3","3"
"二代的制度","0","3","3"
"还没有完成","0","3","3"
"一月甲子初","0","3","3"
"月甲子初一","0","3","3"
"可见到月亮","0","3","3"
"给皇帝上书","0","3","3"
"皇上就命令","0","3","3"
"初一天明冬","0","3","3"
"一天明冬至","0","3","3"
"不是他所应","0","3","3"
"大不敬的罪","0","3","3"
"百二十九年","0","3","3"
"过了三十六","0","3","3"
"向的儿子刘","0","3","3"
"掌管历法的","0","3","3"
"管历法的人","0","3","3"
"从开端开始","0","3","3"
"举中气来正","0","3","3"
"中气来正月","0","3","3"
"再过四百八","0","3","3"
"过四百八十","0","3","3"
"是不符合礼","0","3","3"
"不符合礼的","0","3","3"
"养育人民的","0","3","3"
"五星运行的","0","3","3"
"是五星运行","0","3","3"
"万零五百三","0","3","3"
"零五百三十","0","3","3"
"用章月数乘","0","3","3"
"一千七百二","0","3","3"
"天运行七分","0","3","3"
"一百八十二","0","3","3"
"天运行不满","0","3","3"
"五分之一度","0","3","3"
"一天运行二","0","3","3"
"一天运行四","0","3","3"
"分三十三度","0","3","3"
"以说一天运","0","3","3"
"说一天运行","0","3","3"
"一天运行十","0","3","3"
"天运行十五","0","3","3"
"运行十五分","0","3","3"
"一万八千零","0","3","3"
"天一亿二千","0","3","3"
"二百零二万","0","3","3"
"百零二万九","0","3","3"
"零二万九千","0","3","3"
"九千六百零","0","3","3"
"千六百零五","0","3","3"
"六百零五分","0","3","3"
"满统法得一","0","3","3"
"计算除去的","0","3","3"
"满一百三十","0","3","3"
"就是星所现","0","3","3"
"与前面方法","0","3","3"
"在夏朝时是","0","3","3"
"朝时是三月","0","3","3"
"所以百官师","0","3","3"
"以百官师长","0","3","3"
"天命而称王","0","3","3"
"在位五十年","0","3","3"
"上元到讨伐","0","3","3"
"王受命于天","0","3","3"
"年就去世了","0","3","3"
"在位三十年","0","3","3"
"在位三十二","0","3","3"
"僖公十六年","0","3","3"
"位十八年后","0","3","3"
"年距辛亥有","0","3","3"
"月甲子朔日","0","3","3"
"六千六百零","0","3","3"
"的三分之一","0","3","3"
"有一百三十","0","3","3"
"位十五年后","0","3","3"
"在位二十九","0","3","3"
"有三十六个","0","3","3"
"记载在位二","0","3","3"
"载在位二十","0","3","3"
"记载在位十","0","3","3"
"在位二十五","0","3","3"
"暂居皇帝之","0","3","3"
"居皇帝之位","0","3","3"
"理国家的人","0","3","3"
"人的本性有","0","3","3"
"因此制定了","0","3","3"
"的礼仪被废","0","3","3"
"礼仪被废除","0","3","3"
"仪被废除了","0","3","3"
"的次序就混","0","3","3"
"次序就混乱","0","3","3"
"丧祭的礼仪","0","3","3"
"的现象就会","0","3","3"
"没有比礼更","0","3","3"
"有比礼更好","0","3","3"
"比礼更好的","0","3","3"
"百姓的思想","0","3","3"
"衣服的颜色","0","3","3"
"法令的官吏","0","3","3"
"官吏来治理","0","3","3"
"的人都受到","0","3","3"
"帝王没有不","0","3","3"
"来进行教化","0","3","3"
"有一个人在","0","3","3"
"治理好天下","0","3","3"
"天下太平的","0","3","3"
"自己的想法","0","3","3"
"采纳他的话","0","3","3"
"到成帝的时","0","3","3"
"交给公卿讨","0","3","3"
"自己的位置","0","3","3"
"是圣人用来","0","3","3"
"就像古代的","0","3","3"
"的舞蹈音乐","0","3","3"
"以一百二十","0","3","3"
"景帝的时候","0","3","3"
"翠羽装饰的","0","3","3"
"四方极远的","0","3","3"
"人和颜悦色","0","3","3"
"承受上天的","0","3","3"
"像云雾一样","0","3","3"
"少数民族都","0","3","3"
"水的弯曲处","0","3","3"
"了一百多年","0","3","3"
"百姓到现在","0","3","3"
"郑国的音乐","0","3","3"
"郑国和卫国","0","3","3"
"国和卫国的","0","3","3"
"和卫国的音","0","3","3"
"卫国的音乐","0","3","3"
"司空何武上","0","3","3"
"空何武上奏","0","3","3"
"人可以裁减","0","3","3"
"国敬酒祝寿","0","3","3"
"下来的制度","0","3","3"
"军的大部队","0","3","3"
"齐桓公任用","0","3","3"
"危急的时候","0","3","3"
"安定了他的","0","3","3"
"子对此感到","0","3","3"
"有一千辆兵","0","3","3"
"一千辆兵车","0","3","3"
"辆兵车的国","0","3","3"
"兵车的国家","0","3","3"
"与他们相比","0","3","3"
"国家的军队","0","3","3"
"强大的楚国","0","3","3"
"没入官府为","0","3","3"
"入官府为奴","0","3","3"
"不能加以禁","0","3","3"
"能加以禁止","0","3","3"
"朝有违反政","0","3","3"
"有违反政令","0","3","3"
"违反政令的","0","3","3"
"反政令的人","0","3","3"
"政令的人就","0","3","3"
"令的人就制","0","3","3"
"的人就制订","0","3","3"
"人就制订了","0","3","3"
"刑罚来整顿","0","3","3"
"没有廉耻之","0","3","3"
"了秦始皇的","0","3","3"
"应负的罪责","0","3","3"
"一起到长安","0","3","3"
"没有道路可","0","3","3"
"由来已久了","0","3","3"
"所比不上的","0","3","3"
"皇上下令说","0","3","3"
"教导他们的","0","3","3"
"成帝河平年","0","3","3"
"善良的百姓","0","3","3"
"官司有疑问","0","3","3"
"和谐的气氛","0","3","3"
"实际上不是","0","3","3"
"减轻他们的","0","3","3"
"是治理天下","0","3","3"
"那么刑罚就","0","3","3"
"能干的官吏","0","3","3"
"顺从上天的","0","3","3"
"有一万二千","0","3","3"
"前代圣人的","0","3","3"
"辆车的国家","0","3","3"
"一年的收成","0","3","3"
"一千零五十","0","3","3"
"熟时所征的","0","3","3"
"时所征的赋","0","3","3"
"所征的赋税","0","3","3"
"文帝即位后","0","3","3"
"是天下最大","0","3","3"
"天下最大的","0","3","3"
"一天一天地","0","3","3"
"饥饿而死的","0","3","3"
"民致力于农","0","3","3"
"可以得到并","0","3","3"
"来补充不足","0","3","3"
"取三十分之","0","3","3"
"让他们不要","0","3","3"
"到了秦朝就","0","3","3"
"了秦朝就不","0","3","3"
"秦朝就不是","0","3","3"
"朝就不是这","0","3","3"
"就不是这样","0","3","3"
"帝王的制度","0","3","3"
"十分之五的","0","3","3"
"分之五的税","0","3","3"
"流亡的百姓","0","3","3"
"到皇上的宠","0","3","3"
"发生人吃人","0","3","3"
"生人吃人的","0","3","3"
"人吃人的现","0","3","3"
"吃人的现象","0","3","3"
"名义占有的","0","3","3"
"义占有的土","0","3","3"
"占有的土地","0","3","3"
"却没有得到","0","3","3"
"就派遣使者","0","3","3"
"兵二十多万","0","3","3"
"来供给他们","0","3","3"
"一天天多起","0","3","3"
"天天多起来","0","3","3"
"诛杀了他们","0","3","3"
"他们的党羽","0","3","3"
"出兵攻打匈","0","3","3"
"依靠政府供","0","3","3"
"靠政府供给","0","3","3"
"其正面的图","0","3","3"
"正面的图案","0","3","3"
"面的图案为","0","3","3"
"骠骑将军大","0","3","3"
"这些事情的","0","3","3"
"没有产业的","0","3","3"
"在他的传裹","0","3","3"
"官至大司农","0","3","3"
"王温舒等人","0","3","3"
"铸造的钱币","0","3","3"
"很少有人能","0","3","3"
"的有几千人","0","3","3"
"三百石以上","0","3","3"
"石以上的官","0","3","3"
"以上的官吏","0","3","3"
"给他关内侯","0","3","3"
"他关内侯的","0","3","3"
"金份量不足","0","3","3"
"上御史大夫","0","3","3"
"了他的请求","0","3","3"
"受到处罚的","0","3","3"
"帝元始年间","0","3","3"
"把他们流放","0","3","3"
"他们流放到","0","3","3"
"流放到四方","0","3","3"
"减少了一半","0","3","3"
"到了王莽时","0","3","3"
"是用来表明","0","3","3"
"因此圣明的","0","3","3"
"此圣明的君","0","3","3"
"他的儿子叫","0","3","3"
"从了他的话","0","3","3"
"祭祀的地方","0","3","3"
"的名山大川","0","3","3"
"在位三十九","0","3","3"
"后过了七年","0","3","3"
"十月为一年","0","3","3"
"月为一年的","0","3","3"
"宣王的时候","0","3","3"
"等到秦始皇","0","3","3"
"来享受祭祀","0","3","3"
"是最尊贵的","0","3","3"
"地的巫祭祀","0","3","3"
"又过了两年","0","3","3"
"下诏书给御","0","3","3"
"秦朝的天下","0","3","3"
"有关官员都","0","3","3"
"关官员都说","0","3","3"
"是皇上派使","0","3","3"
"武帝刚即位","0","3","3"
"窦太后去世","0","3","3"
"有学问的人","0","3","3"
"都做了大官","0","3","3"
"妻子和儿女","0","3","3"
"遇了一会儿","0","3","3"
"天子认为他","0","3","3"
"泰一的辅佐","0","3","3"
"用太牢祭祀","0","3","3"
"忌的泰一坛","0","3","3"
"与神灵相通","0","3","3"
"得到他们的","0","3","3"
"把这个地方","0","3","3"
"各自按照他","0","3","3"
"自按照他们","0","3","3"
"照他们的方","0","3","3"
"他们的方位","0","3","3"
"已经消灭了","0","3","3"
"于是皇上就","0","3","3"
"免除他们的","0","3","3"
"一个很大的","0","3","3"
"在泰山下面","0","3","3"
"居住在那裹","0","3","3"
"黄河决口处","0","3","3"
"没有得到应","0","3","3"
"在甘泉宫接","0","3","3"
"向西攻打大","0","3","3"
"西攻打大宛","0","3","3"
"亲自去祭祀","0","3","3"
"泰山修整封","0","3","3"
"山修整封土","0","3","3"
"迎候神仙的","0","3","3"
"候神仙的方","0","3","3"
"甘泉宫的泰","0","3","3"
"差不多就能","0","3","3"
"事交给有关","0","3","3"
"交给有关官","0","3","3"
"把自己的意","0","3","3"
"从这方面来","0","3","3"
"这方面来说","0","3","3"
"危险的地方","0","3","3"
"是显而易见","0","3","3"
"显而易见的","0","3","3"
"王居住的地","0","3","3"
"了他们的建","0","3","3"
"祭祀用的牲","0","3","3"
"因犯小罪被","0","3","3"
"太后下诏给","0","3","3"
"天地的祭祀","0","3","3"
"先帝的制度","0","3","3"
"娶公主为妻","0","3","3"
"百姓不知道","0","3","3"
"皇太后下韶","0","3","3"
"皇帝的心意","0","3","3"
"王莽上奏说","0","3","3"
"亲一样事奉","0","3","3"
"春秋谷梁传","0","3","3"
"恭敬地对待","0","3","3"
"的辅佐之臣","0","3","3"
"用一头祭牲","0","3","3"
"福就会降临","0","3","3"
"各自按照自","0","3","3"
"自按照自己","0","3","3"
"到了孝文帝","0","3","3"
"宿是天帝的","0","3","3"
"预示有战争","0","3","3"
"火星留守在","0","3","3"
"星犯该星区","0","3","3"
"羽林天军星","0","3","3"
"征兆显示在","0","3","3"
"相对应的分","0","3","3"
"野之国有忧","0","3","3"
"之国有忧患","0","3","3"
"出现在东南","0","3","3"
"月就生成天","0","3","3"
"不可举事动","0","3","3"
"可举事动兵","0","3","3"
"的征兆显示","0","3","3"
"率领的军队","0","3","3"
"傍晚出现在","0","3","3"
"的军事行动","0","3","3"
"水星出现在","0","3","3"
"运行的状况","0","3","3"
"有土木工程","0","3","3"
"星会合为有","0","3","3"
"金星会合则","0","3","3"
"不可举事用","0","3","3"
"可举事用兵","0","3","3"
"合则预示有","0","3","3"
"其发生之事","0","3","3"
"则该出现而","0","3","3"
"该出现而不","0","3","3"
"出现而不出","0","3","3"
"现而不出现","0","3","3"
"则该隐没而","0","3","3"
"该隐没而不","0","3","3"
"正常的运行","0","3","3"
"宿的分野地","0","3","3"
"出现提早有","0","3","3"
"出现过晚有","0","3","3"
"下分野之地","0","3","3"
"广如一匹布","0","3","3"
"离天北极远","0","3","3"
"立八尺之圭","0","3","3"
"八尺之圭表","0","3","3"
"月亮出现在","0","3","3"
"出现在房宿","0","3","3"
"显现其征兆","0","3","3"
"当这个时候","0","3","3"
"火星留守心","0","3","3"
"星留守心宿","0","3","3"
"星出现在四","0","3","3"
"出现在四季","0","3","3"
"现在四季的","0","3","3"
"内外有战争","0","3","3"
"外有战争和","0","3","3"
"有战争和丧","0","3","3"
"战争和丧事","0","3","3"
"这年十一月","0","3","3"
"梁孝王去世","0","3","3"
"单于率领十","0","3","3"
"进入东井宿","0","3","3"
"剌王刘旦谋","0","3","3"
"楚国的彭城","0","3","3"
"彗尾指向东","0","3","3"
"霍光的夫人","0","3","3"
"当时皇帝的","0","3","3"
"时皇帝的舅","0","3","3"
"后来王莽就","0","3","3"
"太皇太后韶","0","3","3"
"为一百二十","0","3","3"
"他们的思想","0","3","3"
"灾祸的征兆","0","3","3"
"董仲舒的说","0","3","3"
"仲舒的说法","0","3","3"
"歆认为这是","0","3","3"
"来治理天下","0","3","3"
"让他们在朝","0","3","3"
"所以天帝降","0","3","3"
"皇宫的粮仓","0","3","3"
"桓公不醒悟","0","3","3"
"他死的时候","0","3","3"
"所以称之为","0","3","3"
"天帝降灾烧","0","3","3"
"宋国发生了","0","3","3"
"国发生了火","0","3","3"
"认为这是因","0","3","3"
"为这是因为","0","3","3"
"国家的政事","0","3","3"
"天帝的警告","0","3","3"
"帝的警告似","0","3","3"
"的警告似乎","0","3","3"
"警告似乎在","0","3","3"
"是因为当时","0","3","3"
"后没有儿子","0","3","3"
"诛灭了吕氏","0","3","3"
"灭了吕氏各","0","3","3"
"了吕氏各王","0","3","3"
"皇帝的旨意","0","3","3"
"公没有醒悟","0","3","3"
"不应当建在","0","3","3"
"高园的便殿","0","3","3"
"那些诸侯王","0","3","3"
"妻子儿女流","0","3","3"
"子儿女流放","0","3","3"
"是霍光的外","0","3","3"
"霍光的外孙","0","3","3"
"光的外孙女","0","3","3"
"帝即位之后","0","3","3"
"白鹤馆发生","0","3","3"
"鹤馆发生火","0","3","3"
"馆发生火灾","0","3","3"
"周堪为光禄","0","3","3"
"不符合礼制","0","3","3"
"将危害国家","0","3","3"
"追加尊号为","0","3","3"
"的人不可以","0","3","3"
"帝的母亲王","0","3","3"
"的母亲王太","0","3","3"
"王莽代替自","0","3","3"
"莽代替自己","0","3","3"
"是哀帝的祖","0","3","3"
"帝的祖母傅","0","3","3"
"与成帝的母","0","3","3"
"不可以这样","0","3","3"
"能做到这样","0","3","3"
"有水旱之灾","0","3","3"
"武库中的兵","0","3","3"
"库中的兵器","0","3","3"
"武库裹的兵","0","3","3"
"库裹的兵器","0","3","3"
"霜冻死庄稼","0","3","3"
"杀死了他的","0","3","3"
"强大的齐国","0","3","3"
"发生大水灾","0","3","3"
"受到的惩罚","0","3","3"
"态度不恭敬","0","3","3"
"可以知道他","0","3","3"
"是态度不恭","0","3","3"
"身家性命的","0","3","3"
"鲁国大夫叔","0","3","3"
"刘向认为周","0","3","3"
"向认为周代","0","3","3"
"汉昭帝始元","0","3","3"
"向认为这种","0","3","3"
"当时昌邑王","0","3","3"
"无缘无故地","0","3","3"
"现的妖孽就","0","3","3"
"皇帝的尊严","0","3","3"
"帝的王皇后","0","3","3"
"封太后的弟","0","3","3"
"后的弟弟王","0","3","3"
"孙三家大夫","0","3","3"
"大夫开始专","0","3","3"
"夫开始专权","0","3","3"
"对周公的祭","0","3","3"
"周公的祭祀","0","3","3"
"溴梁的会盟","0","3","3"
"鼷鼠啃食祭","0","3","3"
"鼠啃食祭祀","0","3","3"
"啃食祭祀用","0","3","3"
"王刘旦谋反","0","3","3"
"在长安城南","0","3","3"
"从微贱的地","0","3","3"
"微贱的地位","0","3","3"
"这些都是王","0","3","3"
"门自己倒塌","0","3","3"
"皇帝的宠爱","0","3","3"
"千里之外的","0","3","3"
"和他的弟弟","0","3","3"
"的就是这种","0","3","3"
"就是这种情","0","3","3"
"是这种情况","0","3","3"
"的同母兄弟","0","3","3"
"引发的旱灾","0","3","3"
"公五年秋季","0","3","3"
"举行求雨大","0","3","3"
"与诸侯会盟","0","3","3"
"匈奴大举侵","0","3","3"
"师将军征伐","0","3","3"
"皇后和太子","0","3","3"
"娶齐国的淫","0","3","3"
"狗与猪交配","0","3","3"
"自己立起来","0","3","3"
"有一丈五尺","0","3","3"
"的征兆就是","0","3","3"
"政萎靡不振","0","3","3"
"派大将军卫","0","3","3"
"天下百姓都","0","3","3"
"是周朝时的","0","3","3"
"公子遂专权","0","3","3"
"驱逐了昭公","0","3","3"
"上林苑中的","0","3","3"
"虫类的妖孽","0","3","3"
"色的乌鸦死","0","3","3"
"天地之间的","0","3","3"
"公卿大臣以","0","3","3"
"成帝绥和二","0","3","3"
"帝绥和二年","0","3","3"
"他们的宗族","0","3","3"
"孝文帝四年","0","3","3"
"当时中书令","0","3","3"
"造成灾害的","0","3","3"
"霍皇后被废","0","3","3"
"认为这近乎","0","3","3"
"两个儿子都","0","3","3"
"吉凶的征兆","0","3","3"
"裸虫这种妖","0","3","3"
"虫这种妖孽","0","3","3"
"的道德规范","0","3","3"
"这一年匈奴","0","3","3"
"而不能升出","0","3","3"
"后的父亲申","0","3","3"
"的父亲申侯","0","3","3"
"杀了他的父","0","3","3"
"兴起的地方","0","3","3"
"王莽篡夺了","0","3","3"
"的军队溃败","0","3","3"
"帝王统治的","0","3","3"
"王统治的准","0","3","3"
"刘歆以为这","0","3","3"
"果然找到了","0","3","3"
"终于被楚国","0","3","3"
"向认为这时","0","3","3"
"篡位杀君的","0","3","3"
"才是真正的","0","3","3"
"受宠爱的女","0","3","3"
"宠爱的女子","0","3","3"
"的人可以不","0","3","3"
"刘歆以为正","0","3","3"
"歆以为正月","0","3","3"
"说是朔日而","0","3","3"
"现的灾异是","0","3","3"
"造就是不明","0","3","3"
"就是不明智","0","3","3"
"天子的心意","0","3","3"
"月二日是鲁","0","3","3"
"为宿星在心","0","3","3"
"刘歆以为十","0","3","3"
"向以为这之","0","3","3"
"以为这之前","0","3","3"
"楚人灭掉了","0","3","3"
"了他的君主","0","3","3"
"是大国的象","0","3","3"
"大国的象征","0","3","3"
"这是国家的","0","3","3"
"这是天子的","0","3","3"
"天子的象征","0","3","3"
"他们的封地","0","3","3"
"上记载朔日","0","3","3"
"王臧荼反叛","0","3","3"
"地位尊贵的","0","3","3"
"在晦曰前一","0","3","3"
"晦曰前一天","0","3","3"
"谷永答对皇","0","3","3"
"永答对皇上","0","3","3"
"它的灾异是","0","3","3"
"分之一的赋","0","3","3"
"之一的赋税","0","3","3"
"一年岁星在","0","3","3"
"不就是这样","0","3","3"
"都被免了官","0","3","3"
"我不敢违背","0","3","3"
"这裹的田是","0","3","3"
"裹的田是第","0","3","3"
"南流入长江","0","3","3"
"其中山名叫","0","3","3"
"诸侯的小国","0","3","3"
"一千八百个","0","3","3"
"到汉武帝时","0","3","3"
"即秦朝的内","0","3","3"
"秦朝的内史","0","3","3"
"朝的内史之","0","3","3"
"的内史之地","0","3","3"
"帝二年改为","0","3","3"
"下辖十二个","0","3","3"
"辖十二个县","0","3","3"
"王莽时叫脩","0","3","3"
"王莽时叫做","0","3","3"
"百七十七户","0","3","3"
"高帝元年改","0","3","3"
"在这裹定都","0","3","3"
"王莽时叫郁","0","3","3"
"水从西北流","0","3","3"
"武帝时设置","0","3","3"
"一千零七十","0","3","3"
"王莽时叫蒲","0","3","3"
"用来分封大","0","3","3"
"来分封大夫","0","3","3"
"这以后过了","0","3","3"
"莽时叫延平","0","3","3"
"王莽时叫多","0","3","3"
"漳水从这裹","0","3","3"
"水从西南流","0","3","3"
"从西南流出","0","3","3"
"向东南流入","0","3","3"
"王莽时叫左","0","3","3"
"王莽时叫治","0","3","3"
"王莽时叫建","0","3","3"
"王莽时叫功","0","3","3"
"千零二十里","0","3","3"
"黄帝的后代","0","3","3"
"渠水首先从","0","3","3"
"水首先从狼","0","3","3"
"首先从狼汤","0","3","3"
"王莽时叫长","0","3","3"
"王莽时叫济","0","3","3"
"又恢复原名","0","3","3"
"以前的诸侯","0","3","3"
"前的诸侯国","0","3","3"
"百一十八人","0","3","3"
"周武王的弟","0","3","3"
"就封他的儿","0","3","3"
"三十六个县","0","3","3"
"百七十九户","0","3","3"
"辖十八个县","0","3","3"
"王莽时叫居","0","3","3"
"水首先从长","0","3","3"
"首先从长江","0","3","3"
"先从长江接","0","3","3"
"水从西面流","0","3","3"
"从西面流出","0","3","3"
"有五万六千","0","3","3"
"百四十四户","0","3","3"
"帝十六年另","0","3","3"
"十六年另立","0","3","3"
"原来是侯国","0","3","3"
"行程五百一","0","3","3"
"程五百一十","0","3","3"
"帝中六年另","0","3","3"
"中六年另立","0","3","3"
"二十三个县","0","3","3"
"年另立为济","0","3","3"
"经过六个郡","0","3","3"
"王莽时叫博","0","3","3"
"二十九个县","0","3","3"
"王莽时叫迎","0","3","3"
"二十六个县","0","3","3"
"王莽时叫东","0","3","3"
"是济北王的","0","3","3"
"向南到下邳","0","3","3"
"南到下邳县","0","3","3"
"到下邳县流","0","3","3"
"下邳县流入","0","3","3"
"邳县流入泅","0","3","3"
"县流入泅水","0","3","3"
"景帝中元二","0","3","3"
"帝中元二年","0","3","3"
"王莽时叫弘","0","3","3"
"有十万三千","0","3","3"
"有十七个县","0","3","3"
"王莽时叫识","0","3","3"
"县流入淮水","0","3","3"
"王莽时叫令","0","3","3"
"王莽时叫章","0","3","3"
"王莽时叫就","0","3","3"
"王莽时叫从","0","3","3"
"百八十三户","0","3","3"
"水向北流入","0","3","3"
"王莽时叫着","0","3","3"
"是扬州的河","0","3","3"
"扬州的河流","0","3","3"
"蛮夷中流出","0","3","3"
"王莽时叫九","0","3","3"
"有十八个县","0","3","3"
"百一十九户","0","3","3"
"有十一个县","0","3","3"
"行程七百里","0","3","3"
"县流入郁水","0","3","3"
"水向南流入","0","3","3"
"南流入大海","0","3","3"
"属于益州刺","0","3","3"
"于益州刺史","0","3","3"
"益州刺史部","0","3","3"
"莽时叫广信","0","3","3"
"向东南到江","0","3","3"
"一千八百九","0","3","3"
"六年新开疆","0","3","3"
"年新开疆土","0","3","3"
"新开疆土设","0","3","3"
"开疆土设郡","0","3","3"
"到鳖县流入","0","3","3"
"发源于南山","0","3","3"
"有二万四千","0","3","3"
"王莽时叫善","0","3","3"
"王莽时叫西","0","3","3"
"百四十八口","0","3","3"
"四十八口人","0","3","3"
"县流入黄河","0","3","3"
"三十一口人","0","3","3"
"王莽时叫辅","0","3","3"
"发源于南羌","0","3","3"
"源于南羌中","0","3","3"
"一万零六百","0","3","3"
"国都尉治理","0","3","3"
"王莽时叫伏","0","3","3"
"百三十八户","0","3","3"
"百六十二口","0","3","3"
"六十二口人","0","3","3"
"百一十六口","0","3","3"
"一十六口人","0","3","3"
"向东流入濡","0","3","3"
"东流入濡水","0","3","3"
"以前秦国的","0","3","3"
"到高阳流入","0","3","3"
"王莽时叫和","0","3","3"
"二年另立为","0","3","3"
"年另立为诸","0","3","3"
"另立为诸侯","0","3","3"
"立为诸侯国","0","3","3"
"万零二百八","0","3","3"
"零二百八十","0","3","3"
"代被楚国所","0","3","3"
"邑一千三百","0","3","3"
"被封为诸侯","0","3","3"
"以黄河作为","0","3","3"
"他们的百姓","0","3","3"
"人家的儿子","0","3","3"
"遗传下来的","0","3","3"
"被秦国所灭","0","3","3"
"他们的后代","0","3","3"
"他们的弊端","0","3","3"
"之间的一个","0","3","3"
"的一个大城","0","3","3"
"他们的亲属","0","3","3"
"圣人的教化","0","3","3"
"是宋国的地","0","3","3"
"宋国的地方","0","3","3"
"任束郡太守","0","3","3"
"的儿子刘濞","0","3","3"
"乘船运行大","0","3","3"
"船运行大约","0","3","3"
"认为说得对","0","3","3"
"给御史大夫","0","3","3"
"对国家有利","0","3","3"
"国家有利的","0","3","3"
"家有利的事","0","3","3"
"是因为它的","0","3","3"
"所做的事情","0","3","3"
"一定会成功","0","3","3"
"低下的地方","0","3","3"
"不到的地方","0","3","3"
"为了自己的","0","3","3"
"自己的利益","0","3","3"
"又有什么可","0","3","3"
"王莽的时候","0","3","3"
"它的来龙去","0","3","3"
"古代帝王的","0","3","3"
"孔子的七十","0","3","3"
"是七十弟子","0","3","3"
"君臣上下的","0","3","3"
"自己的见解","0","3","3"
"成一家之言","0","3","3"
"他们在朝廷","0","3","3"
"欺骗了自己","0","3","3"
"孔子的学生","0","3","3"
"子是齐国人","0","3","3"
"尊重贤能的","0","3","3"
"重贤能的人","0","3","3"
"又有什么用","0","3","3"
"马相如等人","0","3","3"
"一千三百八","0","3","3"
"自己的志向","0","3","3"
"发生的事情","0","3","3"
"春秋时鲁国","0","3","3"
"又增加了一","0","3","3"
"武臣等人的","0","3","3"
"臣等人的家","0","3","3"
"于是自立为","0","3","3"
"这是上天要","0","3","3"
"是上天要灭","0","3","3"
"的军队到达","0","3","3"
"就率领军队","0","3","3"
"在沛县起兵","0","3","3"
"拥立楚王的","0","3","3"
"在路上遇到","0","3","3"
"非常喜欢他","0","3","3"
"派他的儿子","0","3","3"
"不是国家的","0","3","3"
"项羽的军队","0","3","3"
"有几十万人","0","3","3"
"担任上将军","0","3","3"
"的父母妻儿","0","3","3"
"布为九江王","0","3","3"
"吴芮为衡山","0","3","3"
"芮为衡山王","0","3","3"
"王田建的孙","0","3","3"
"田建的孙子","0","3","3"
"建的孙子田","0","3","3"
"的孙子田安","0","3","3"
"为西楚霸王","0","3","3"
"停止军事行","0","3","3"
"止军事行动","0","3","3"
"人聚集起来","0","3","3"
"田荣的弟弟","0","3","3"
"荣的弟弟田","0","3","3"
"的弟弟田横","0","3","3"
"亲自率领精","0","3","3"
"驻扎在广武","0","3","3"
"是因为我们","0","3","3"
"天要灭亡我","0","3","3"
"有什么面目","0","3","3"
"人都为列侯","0","3","3"
"没有出现过","0","3","3"
"他年轻时曾","0","3","3"
"儿嫁给了他","0","3","3"
"立六国的后","0","3","3"
"了他们的请","0","3","3"
"他们的请求","0","3","3"
"六国的后代","0","3","3"
"轻而易举地","0","3","3"
"有什么益处","0","3","3"
"项羽分封诸","0","3","3"
"羽分封诸侯","0","3","3"
"平定了三秦","0","3","3"
"汉军在彭城","0","3","3"
"张耳和韩信","0","3","3"
"互相议论说","0","3","3"
"像原来一样","0","3","3"
"因为他母亲","0","3","3"
"他的儿子张","0","3","3"
"国被废除了","0","3","3"
"派军队攻打","0","3","3"
"漠高祖刘邦","0","3","3"
"恐怕以后会","0","3","3"
"怕以后会有","0","3","3"
"都是山东人","0","3","3"
"这些地方都","0","3","3"
"上亲自率军","0","3","3"
"领一万多骑","0","3","3"
"爵位传给儿","0","3","3"
"位传给儿子","0","3","3"
"的身份被封","0","3","3"
"身份被封为","0","3","3"
"他的儿子韩","0","3","3"
"率三万骑兵","0","3","3"
"三万骑兵从","0","3","3"
"杀死匈奴一","0","3","3"
"后来因犯法","0","3","3"
"向汉王报告","0","3","3"
"报告了情况","0","3","3"
"赏识他的才","0","3","3"
"识他的才能","0","3","3"
"就没有什么","0","3","3"
"所任用的人","0","3","3"
"广武君的计","0","3","3"
"武君的计策","0","3","3"
"十里的地方","0","3","3"
"最好的办法","0","3","3"
"围困在荣阳","0","3","3"
"的亲信大臣","0","3","3"
"我还有什么","0","3","3"
"张良的计策","0","3","3"
"管辖的区域","0","3","3"
"难道不是天","0","3","3"
"道不是天意","0","3","3"
"领他的部队","0","3","3"
"就派使者到","0","3","3"
"拥立楚怀王","0","3","3"
"领军队向西","0","3","3"
"在彭城打败","0","3","3"
"你们这些人","0","3","3"
"是不可取的","0","3","3"
"楚国的使者","0","3","3"
"哪裹用得着","0","3","3"
"么原因呢?","0","3","3"
"薛公回答说","0","3","3"
"高枕无忧了","0","3","3"
"向东攻取吴","0","3","3"
"东攻取吴国","0","3","3"
"以宾客身份","0","3","3"
"没有比得上","0","3","3"
"不是刘姓而","0","3","3"
"能够长久地","0","3","3"
"帝派使者召","0","3","3"
"御史大夫趟","0","3","3"
"让他的儿子","0","3","3"
"了他的儿子","0","3","3"
"他的儿子被","0","3","3"
"的儿子被杀","0","3","3"
"削减他的属","0","3","3"
"减他的属地","0","3","3"
"石以下官吏","0","3","3"
"得到了剧孟","0","3","3"
"杀死汉朝的","0","3","3"
"以诛杀晁错","0","3","3"
"诛杀晁错为","0","3","3"
"在位四年薨","0","3","3"
"儿子安王刘","0","3","3"
"将军霍光说","0","3","3"
"习黄老之术","0","3","3"
"京兆尹的事","0","3","3"
"达到天下大","0","3","3"
"到天下大治","0","3","3"
"做了太中大","0","3","3"
"官至长信少","0","3","3"
"至长信少府","0","3","3"
"异多次出现","0","3","3"
"像鱼鳞一样","0","3","3"
"皇上于是发","0","3","3"
"事情的经过","0","3","3"
"这样的儿子","0","3","3"
"不是很可悲","0","3","3"
"公卿大臣的","0","3","3"
"想使国家长","0","3","3"
"就不能成功","0","3","3"
"圣明的德行","0","3","3"
"上于是召见","0","3","3"
"被皇上信任","0","3","3"
"到孝武皇帝","0","3","3"
"到王莽篡位","0","3","3"
"因为这件事","0","3","3"
"而闻名于世","0","3","3"
"获得这样的","0","3","3"
"项羽的将领","0","3","3"
"帝即位之初","0","3","3"
"匈奴大举入","0","3","3"
"奴大举入侵","0","3","3"
"梁孝王刘武","0","3","3"
"做了大将军","0","3","3"
"这是万世的","0","3","3"
"请求我的林","0","3","3"
"求我的林苑","0","3","3"
"拿着符节赦","0","3","3"
"着符节赦免","0","3","3"
"亲自去探望","0","3","3"
"令丞相御史","0","3","3"
"以中尉身份","0","3","3"
"相国身份攻","0","3","3"
"国身份攻打","0","3","3"
"没有立锥之","0","3","3"
"有立锥之地","0","3","3"
"和这些人一","0","3","3"
"不知怎么办","0","3","3"
"是干什么的","0","3","3"
"干什么的?","0","3","3"
"天下没有不","0","3","3"
"可以说是不","0","3","3"
"攻打韩王信","0","3","3"
"王卢绾反叛","0","3","3"
"是皇帝的老","0","3","3"
"在朝廷争辩","0","3","3"
"吕太后去世","0","3","3"
"攻打韩信军","0","3","3"
"都放下武器","0","3","3"
"做将军驻军","0","3","3"
"后的哥哥王","0","3","3"
"人一起攻打","0","3","3"
"摘下帽子向","0","3","3"
"做太子太傅","0","3","3"
"跟随沛公攻","0","3","3"
"随沛公攻打","0","3","3"
"汉王攻打项","0","3","3"
"增加食邑一","0","3","3"
"加食邑一千","0","3","3"
"一千三百户","0","3","3"
"病得很厉害","0","3","3"
"原来的爵位","0","3","3"
"赐给他爵位","0","3","3"
"任命为太常","0","3","3"
"用兵车急攻","0","3","3"
"跟从高祖在","0","3","3"
"惠帝和鲁元","0","3","3"
"帝和鲁元公","0","3","3"
"和鲁元公主","0","3","3"
"以前所封食","0","3","3"
"前所封食邑","0","3","3"
"惠帝和吕后","0","3","3"
"跟从沛公攻","0","3","3"
"士兵斩杀了","0","3","3"
"迁为御史大","0","3","3"
"增加他的食","0","3","3"
"加他的食邑","0","3","3"
"一起斩杀了","0","3","3"
"一万二千人","0","3","3"
"千石俸禄的","0","3","3"
"皇上下韶书","0","3","3"
"下韶书命令","0","3","3"
"因谋反被杀","0","3","3"
"提升为御史","0","3","3"
"的人就可以","0","3","3"
"陛下为什么","0","3","3"
"御史大夫之","0","3","3"
"千石级官员","0","3","3"
"免去丞相职","0","3","3"
"去丞相职务","0","3","3"
"当时太中大","0","3","3"
"时太中大夫","0","3","3"
"也不被采纳","0","3","3"
"以束的地区","0","3","3"
"道天下的归","0","3","3"
"天下的归属","0","3","3"
"氏家族的人","0","3","3"
"在那裹称王","0","3","3"
"统一天下后","0","3","3"
"朝廷的公卿","0","3","3"
"的母亲死了","0","3","3"
"他出使匈奴","0","3","3"
"声不绝于耳","0","3","3"
"亲自率兵去","0","3","3"
"人出使匈奴","0","3","3"
"高帝围困在","0","3","3"
"给单于为妻","0","3","3"
"有一个儿子","0","3","3"
"希望陛下迁","0","3","3"
"王以下的人","0","3","3"
"帝的小儿子","0","3","3"
"厉王的母亲","0","3","3"
"受皇上宠幸","0","3","3"
"皇上谢罪说","0","3","3"
"在那个时候","0","3","3"
"皇帝刚刚即","0","3","3"
"这对大王很","0","3","3"
"是不可能的","0","3","3"
"派来的使者","0","3","3"
"及二千石官","0","3","3"
"赐给他谧号","0","3","3"
"们请求皇上","0","3","3"
"赦免他的罪","0","3","3"
"有两个儿子","0","3","3"
"不如让他们","0","3","3"
"要求逮捕衡","0","3","3"
"求逮捕衡山","0","3","3"
"胶西王刘端","0","3","3"
"派人上书告","0","3","3"
"十四年后去","0","3","3"
"四年后去世","0","3","3"
"军队还没有","0","3","3"
"下诏书命令","0","3","3"
"他们推荐给","0","3","3"
"吴王不采纳","0","3","3"
"天下的精兵","0","3","3"
"所说的那样","0","3","3"
"敬肃王刘彭","0","3","3"
"肃王刘彭祖","0","3","3"
"圣明的朝廷","0","3","3"
"武帝去甘泉","0","3","3"
"帝去甘泉宫","0","3","3"
"为水衡都尉","0","3","3"
"交给有关部","0","3","3"
"就下诏书说","0","3","3"
"封董贤为高","0","3","3"
"董贤为高安","0","3","3"
"贤为高安侯","0","3","3"
"孙宠为方阳","0","3","3"
"宠为方阳侯","0","3","3"
"息夫躬为宜","0","3","3"
"夫躬为宜陵","0","3","3"
"躬为宜陵侯","0","3","3"
"认为不可行","0","3","3"
"派使者来说","0","3","3"
"为子孙万代","0","3","3"
"皇帝认为他","0","3","3"
"为大司马卫","0","3","3"
"为大司马骠","0","3","3"
"尽自己的力","0","3","3"
"到孝文帝时","0","3","3"
"升为太中大","0","3","3"
"在皇帝身边","0","3","3"
"皇上回答说","0","3","3"
"因犯法而被","0","3","3"
"至二千石的","0","3","3"
"千石的有十","0","3","3"
"没有其他的","0","3","3"
"皇上认为卫","0","3","3"
"景帝去世后","0","3","3"
"继承他的爵","0","3","3"
"承他的爵位","0","3","3"
"不足而获罪","0","3","3"
"升为中大夫","0","3","3"
"攻打反叛者","0","3","3"
"刚刚即位时","0","3","3"
"武帝即位后","0","3","3"
"作御史大夫","0","3","3"
"封为淮阳王","0","3","3"
"因为太后的","0","3","3"
"向太后谢罪","0","3","3"
"以下的人都","0","3","3"
"我不忍心让","0","3","3"
"莽禀告太皇","0","3","3"
"禀告太皇太","0","3","3"
"告太皇太后","0","3","3"
"非常器重他","0","3","3"
"一定的规律","0","3","3"
"古代制度的","0","3","3"
"谋反而被诛","0","3","3"
"可以为之流","0","3","3"
"什么不同吗","0","3","3"
"没有一个不","0","3","3"
"这是因为他","0","3","3"
"其他诸侯王","0","3","3"
"国家的大计","0","3","3"
"人都知道陛","0","3","3"
"都知道陛下","0","3","3"
"知道陛下的","0","3","3"
"国家的安定","0","3","3"
"陛下的圣明","0","3","3"
"的人也不能","0","3","3"
"使天下之人","0","3","3"
"汉高祖刘邦","0","3","3"
"的风俗习惯","0","3","3"
"治国的根本","0","3","3"
"等级制度的","0","3","3"
"品行端正的","0","3","3"
"行端正的人","0","3","3"
"也没有什么","0","3","3"
"在没有发生","0","3","3"
"人都知道的","0","3","3"
"的大臣忠诚","0","3","3"
"大臣忠诚于","0","3","3"
"君主的大臣","0","3","3"
"所以我必须","0","3","3"
"以我必须与","0","3","3"
"我必须与他","0","3","3"
"接受了他的","0","3","3"
"陛下如果不","0","3","3"
"得不到推行","0","3","3"
"的几个儿子","0","3","3"
"于是采纳了","0","3","3"
"皇上一定要","0","3","3"
"个儿子为王","0","3","3"
"的儿子做了","0","3","3"
"也不能超过","0","3","3"
"认为陛下不","0","3","3"
"担任中郎将","0","3","3"
"已经过去了","0","3","3"
"在皇帝左右","0","3","3"
"已经确定了","0","3","3"
"他们的意见","0","3","3"
"病辞职回家","0","3","3"
"听说齐国有","0","3","3"
"九十多岁了","0","3","3"
"子的当务之","0","3","3"
"的当务之急","0","3","3"
"臣希望陛下","0","3","3"
"的用武之地","0","3","3"
"贤良文学之","0","3","3"
"良文学之士","0","3","3"
"来辅佐自己","0","3","3"
"亲自处理政","0","3","3"
"交给廷尉处","0","3","3"
"夫田广明为","0","3","3"
"军赵充国为","0","3","3"
"为呼韩邪单","0","3","3"
"郑业为阳信","0","3","3"
"业为阳信侯","0","3","3"
"骠骑将军丁","0","3","3"
"一百六十七","0","3","3"
"元六年分为","0","3","3"
"是皇后所生","0","3","3"
"帝的继承人","0","3","3"
"十二月初一","0","3","3"
"淳于长为定","0","3","3"
"于长为定陵","0","3","3"
"长为定陵侯","0","3","3"
"他们的赏赐","0","3","3"
"君主的威严","0","3","3"
"自己的品行","0","3","3"
"为什么会这","0","3","3"
"什么会这样","0","3","3"
"皇上和太后","0","3","3"
"让别人知道","0","3","3"
"皇帝一定会","0","3","3"
"他们的人民","0","3","3"
"不是人力所","0","3","3"
"先代圣王的","0","3","3"
"明白地告诉","0","3","3"
"好人和坏人","0","3","3"
"现在大夫们","0","3","3"
"怕时间长了","0","3","3"
"时间长了会","0","3","3"
"天子大为高","0","3","3"
"子大为高兴","0","3","3"
"是为了防止","0","3","3"
"乎寻常的事","0","3","3"
"是皇上想要","0","3","3"
"多得说不完","0","3","3"
"其实际情况","0","3","3"
"到自己身上","0","3","3"
"盖在盆子下","0","3","3"
"在盆子下面","0","3","3"
"又发兵攻打","0","3","3"
"兵攻打他们","0","3","3"
"了一千多人","0","3","3"
"不能让他们","0","3","3"
"辅佐我治理","0","3","3"
"很长时间没","0","3","3"
"上不是说过","0","3","3"
"认为不能这","0","3","3"
"为不能这样","0","3","3"
"被关在监狱","0","3","3"
"应该做的事","0","3","3"
"作为将军的","0","3","3"
"都认为这是","0","3","3"
"上天的告诫","0","3","3"
"就是像这样","0","3","3"
"用汉朝的法","0","3","3"
"人们都认为","0","3","3"
"身居高位的","0","3","3"
"把这事下交","0","3","3"
"这事下交给","0","3","3"
"交给大臣们","0","3","3"
"孝武皇帝的","0","3","3"
"皇帝的时候","0","3","3"
"仔细地考虑","0","3","3"
"接受投降的","0","3","3"
"受投降的人","0","3","3"
"我们接受了","0","3","3"
"接受了投降","0","3","3"
"受了投降的","0","3","3"
"重重地赏赐","0","3","3"
"重地赏赐了","0","3","3"
"在那裹设置","0","3","3"
"来侍奉皇帝","0","3","3"
"帝去世以后","0","3","3"
"自己的真实","0","3","3"
"王公大臣和","0","3","3"
"自己的女儿","0","3","3"
"这样的人啊","0","3","3"
"祖宗的祭庙","0","3","3"
"的女儿嫁给","0","3","3"
"居位摄政的","0","3","3"
"已经到了尽","0","3","3"
"经到了尽头","0","3","3"
"想要用这样","0","3","3"
"要用这样的","0","3","3"
"等候任用的","0","3","3"
"候任用的人","0","3","3"
"现在却不是","0","3","3"
"在却不是这","0","3","3"
"王莽发火了","0","3","3"
"灾难的周期","0","3","3"
"廉丹和史熊","0","3","3"
"样的办法来","0","3","3"
"的官吏和士","0","3","3"
"莽讨厌这件","0","3","3"
"讨厌这件事","0","3","3"
"即位的时候","0","3","3"
"么样的人物","0","3","3"
"交给廷尉治","0","3","3"
"帝登上帝位","0","3","3"
"多次向皇帝","0","3","3"
"选贤良文学","0","3","3"
"迎合主上的","0","3","3"
"姐姐卫子夫","0","3","3"
"列位于九卿","0","3","3"
"九卿的时候","0","3","3"
"的友好关系","0","3","3"
"满足百姓的","0","3","3"
"足百姓的心","0","3","3"
"大行令李息","0","3","3"
"谦恭地对待","0","3","3"
"向皇上推荐","0","3","3"
"以天子之尊","0","3","3"
"听到自己的","0","3","3"
"古代圣王的","0","3","3"
"自己的欲望","0","3","3"
"自己却不知","0","3","3"
"己却不知道","0","3","3"
"陈述自己的","0","3","3"
"修养自己的","0","3","3"
"最大的愿望","0","3","3"
"先帝的法令","0","3","3"
"衹不过是一","0","3","3"
"是一句空话","0","3","3"
"这两个人都","0","3","3"
"路上的行人","0","3","3"
"中没有谁能","0","3","3"
"没有谁能比","0","3","3"
"表明自己的","0","3","3"
"上书劝谏说","0","3","3"
"到一定的时","0","3","3"
"不如吴国的","0","3","3"
"武帝下诏书","0","3","3"
"善于写文章","0","3","3"
"司马相如也","0","3","3"
"被举为孝廉","0","3","3"
"宣帝刚刚即","0","3","3"
"德高尚的人","0","3","3"
"保全自己的","0","3","3"
"命令公卿大","0","3","3"
"出使匈奴的","0","3","3"
"的儿子和孙","0","3","3"
"孝景皇帝的","0","3","3"
"赏赐他黄金","0","3","3"
"了好几个月","0","3","3"
"的尊贵地位","0","3","3"
"的礼节对待","0","3","3"
"礼节对待他","0","3","3"
"太后的韶令","0","3","3"
"在朝的大臣","0","3","3"
"由他的儿子","0","3","3"
"太后和皇帝","0","3","3"
"却始终不能","0","3","3"
"的精兵强将","0","3","3"
"有一百多里","0","3","3"
"说单于已经","0","3","3"
"中山靖王刘","0","3","3"
"山靖王刘胜","0","3","3"
"儒家的学术","0","3","3"
"位十二年薨","0","3","3"
"位十七年薨","0","3","3"
"皇上把这件","0","3","3"
"上把这件事","0","3","3"
"一万一千户","0","3","3"
"有关官员上","0","3","3"
"在位三年薨","0","3","3"
"儿子文王刘","0","3","3"
"的家人上书","0","3","3"
"最小的儿子","0","3","3"
"太后听到这","0","3","3"
"皇上下韶说","0","3","3"
"元三年封王","0","3","3"
"他们的罪状","0","3","3"
"关押犯人的","0","3","3"
"于是派遣使","0","3","3"
"是派遣使者","0","3","3"
"儿子缪王刘","0","3","3"
"儿子怀王刘","0","3","3"
"位十五年薨","0","3","3"
"在位二年薨","0","3","3"
"派遣大鸿胪","0","3","3"
"皇帝下令说","0","3","3"
"和妻子儿女","0","3","3"
"李广担任骁","0","3","3"
"广担任骁骑","0","3","3"
"一百名骑兵","0","3","3"
"李广的部队","0","3","3"
"郡出击匈奴","0","3","3"
"将军的称号","0","3","3"
"从右北平出","0","3","3"
"右北平出发","0","3","3"
"到二千石级","0","3","3"
"担任轻车将","0","3","3"
"个郡的太守","0","3","3"
"年轻的时候","0","3","3"
"告诉了皇上","0","3","3"
"尉路博德率","0","3","3"
"率领步兵五","0","3","3"
"领步兵五千","0","3","3"
"有三万骑兵","0","3","3"
"于亲自率领","0","3","3"
"校尉身份随","0","3","3"
"身份跟随大","0","3","3"
"份跟随大将","0","3","3"
"军卫青出击","0","3","3"
"卫青出击匈","0","3","3"
"青出击匈奴","0","3","3"
"大将军出兵","0","3","3"
"从大将军出","0","3","3"
"单于刚刚即","0","3","3"
"于刚刚即位","0","3","3"
"汉朝的匈奴","0","3","3"
"单于的母亲","0","3","3"
"到这个地步","0","3","3"
"还有什么脸","0","3","3"
"单于的弟弟","0","3","3"
"苏武出使匈","0","3","3"
"武出使匈奴","0","3","3"
"匈奴与汉朝","0","3","3"
"上官安父子","0","3","3"
"上奏请求逮","0","3","3"
"奏请求逮捕","0","3","3"
"自己的大臣","0","3","3"
"得到武帝宠","0","3","3"
"公孙贺担任","0","3","3"
"骑兵攻打匈","0","3","3"
"灭敌军几千","0","3","3"
"担任强弩将","0","3","3"
"军出击匈奴","0","3","3"
"投降汉朝后","0","3","3"
"二年的春天","0","3","3"
"骑兵从陇西","0","3","3"
"从陇西出发","0","3","3"
"霍去病率军","0","3","3"
"河以南的地","0","3","3"
"以南的地方","0","3","3"
"单于出谋划","0","3","3"
"于出谋划策","0","3","3"
"这一年是元","0","3","3"
"向西北逃去","0","3","3"
"一万九千多","0","3","3"
"从票侯赵破","0","3","3"
"他的儿子霍","0","3","3"
"次出击匈奴","0","3","3"
"身份随从大","0","3","3"
"份随从大将","0","3","3"
"回答皇帝的","0","3","3"
"答皇帝的策","0","3","3"
"皇帝的策问","0","3","3"
"由此可以看","0","3","3"
"此可以看出","0","3","3"
"理国家的道","0","3","3"
"招致祥瑞的","0","3","3"
"到现在已经","0","3","3"
"已经七十多","0","3","3"
"俸二千石的","0","3","3"
"二千石的大","0","3","3"
"千石的大官","0","3","3"
"考察官吏的","0","3","3"
"昌盛的道理","0","3","3"
"是人君用来","0","3","3"
"比万物可贵","0","3","3"
"在自己身上","0","3","3"
"是可以知道","0","3","3"
"可以知道的","0","3","3"
"贪婪卑鄙的","0","3","3"
"处在君子的","0","3","3"
"在君子的地","0","3","3"
"君子的地位","0","3","3"
"京朝见皇上","0","3","3"
"尊贵的称号","0","3","3"
"美好的名声","0","3","3"
"与汉朝交往","0","3","3"
"臣服于汉朝","0","3","3"
"的使者责问","0","3","3"
"被免去了官","0","3","3"
"所以圣明的","0","3","3"
"四十多岁时","0","3","3"
"不合皇上的","0","3","3"
"听从他的意","0","3","3"
"从他的意见","0","3","3"
"上认为他能","0","3","3"
"当时皇上正","0","3","3"
"功臣的后代","0","3","3"
"决疑难案件","0","3","3"
"担任廷尉史","0","3","3"
"贫穷的老百","0","3","3"
"穷的老百姓","0","3","3"
"交给司法官","0","3","3"
"天子的大臣","0","3","3"
"到宣帝即位","0","3","3"
"任南阳郡太","0","3","3"
"兄弟的儿子","0","3","3"
"将军王凤以","0","3","3"
"让天下人都","0","3","3"
"任函谷关都","0","3","3"
"方进任京兆","0","3","3"
"进任京兆尹","0","3","3"
"丁后为帝太","0","3","3"
"的匈奴人说","0","3","3"
"他为太中大","0","3","3"
"这些国家的","0","3","3"
"军队攻打他","0","3","3"
"居住在原来","0","3","3"
"住在原来的","0","3","3"
"通往西域的","0","3","3"
"往西域的道","0","3","3"
"俘虏了楼兰","0","3","3"
"虏了楼兰王","0","3","3"
"汉武帝时开","0","3","3"
"经过一年多","0","3","3"
"了贰师将军","0","3","3"
"的一千多人","0","3","3"
"父子之间的","0","3","3"
"不能改变的","0","3","3"
"都有各自的","0","3","3"
"我感到十分","0","3","3"
"知道自己的","0","3","3"
"父亲不像父","0","3","3"
"亲不像父亲","0","3","3"
"有圣明的君","0","3","3"
"被关进了监","0","3","3"
"受过宫刑的","0","3","3"
"单于的军队","0","3","3"
"超过了自己","0","3","3"
"被处以宫刑","0","3","3"
"人生的儿子","0","3","3"
"家的继承人","0","3","3"
"做汉朝的藩","0","3","3"
"到京师长安","0","3","3"
"当时大将军","0","3","3"
"加封邑一万","0","3","3"
"接受了诏令","0","3","3"
"上书告发霍","0","3","3"
"书告发霍光","0","3","3"
"在封国的时","0","3","3"
"前昌邑王的","0","3","3"
"天子的礼仪","0","3","3"
"陛下圣明仁","0","3","3"
"违法作乱的","0","3","3"
"法作乱的人","0","3","3"
"圣明的天子","0","3","3"
"成的祸患啊","0","3","3"
"灭亡的原因","0","3","3"
"归降汉朝的","0","3","3"
"的风俗教化","0","3","3"
"徐偃假托朝","0","3","3"
"偃假托朝廷","0","3","3"
"愿意归属汉","0","3","3"
"把汉朝使者","0","3","3"
"书令石显专","0","3","3"
"令石显专权","0","3","3"
"为冀州刺史","0","3","3"
"吏和百姓的","0","3","3"
"射猎的地方","0","3","3"
"都可以作为","0","3","3"
"上林苑的第","0","3","3"
"赏赐黄金一","0","3","3"
"隆虑公主的","0","3","3"
"公主的儿子","0","3","3"
"一百斤黄金","0","3","3"
"望陛下留心","0","3","3"
"但应该让他","0","3","3"
"应该让他自","0","3","3"
"该让他自己","0","3","3"
"感到很奇怪","0","3","3"
"没有人臣的","0","3","3"
"有人臣的礼","0","3","3"
"什么值得称","0","3","3"
"么值得称道","0","3","3"
"值得称道的","0","3","3"
"陇西郡太守","0","3","3"
"皇后姐姐的","0","3","3"
"祭祀时诅咒","0","3","3"
"时诅咒皇上","0","3","3"
"相刘屈牦的","0","3","3"
"身高八尺多","0","3","3"
"担任了丞相","0","3","3"
"升任大司农","0","3","3"
"被任命为郎","0","3","3"
"任命为郎官","0","3","3"
"将此事交给","0","3","3"
"位在九卿之","0","3","3"
"赠送财物给","0","3","3"
"代替于定国","0","3","3"
"替于定国做","0","3","3"
"于定国做了","0","3","3"
"将军王凤认","0","3","3"
"军王凤认为","0","3","3"
"征召任命为","0","3","3"
"征召入京做","0","3","3"
"自己的亲人","0","3","3"
"了他们的奏","0","3","3"
"在九卿之上","0","3","3"
"治理政务的","0","3","3"
"理政务的成","0","3","3"
"政务的成绩","0","3","3"
"城旦的刑罚","0","3","3"
"七十多岁时","0","3","3"
"帝的法令制","0","3","3"
"死的人很多","0","3","3"
"周朝的后代","0","3","3"
"了一百多人","0","3","3"
"各差人部落","0","3","3"
"没有发生之","0","3","3"
"有发生之前","0","3","3"
"大臣们都认","0","3","3"
"臣们都认为","0","3","3"
"为强弩将军","0","3","3"
"用兵的利害","0","3","3"
"国家的忧患","0","3","3"
"考虑到自己","0","3","3"
"回到原来的","0","3","3"
"合皇上的意","0","3","3"
"把情况上报","0","3","3"
"都是一样的","0","3","3"
"给公卿大臣","0","3","3"
"人被封为侯","0","3","3"
"匹马拉的坐","0","3","3"
"马拉的坐车","0","3","3"
"年轻时因为","0","3","3"
"轻时因为父","0","3","3"
"时因为父亲","0","3","3"
"为父亲的关","0","3","3"
"为左曹中郎","0","3","3"
"敬重他的威","0","3","3"
"杀汉朝使者","0","3","3"
"了匈奴使者","0","3","3"
"天子派我来","0","3","3"
"刺杀楼兰王","0","3","3"
"都称赞他的","0","3","3"
"的头悬挂在","0","3","3"
"护鄯善以西","0","3","3"
"诛杀了郅支","0","3","3"
"杀了郅支单","0","3","3"
"年轻时喜欢","0","3","3"
"郅支单于以","0","3","3"
"护送呼韩邪","0","3","3"
"现在郅支单","0","3","3"
"在郅支单于","0","3","3"
"使者把他的","0","3","3"
"是他们的天","0","3","3"
"他们的天性","0","3","3"
"队攻打他们","0","3","3"
"带领军队前","0","3","3"
"领军队前进","0","3","3"
"各有自己的","0","3","3"
"为郅支单于","0","3","3"
"杀郅支单于","0","3","3"
"把他们消灭","0","3","3"
"擅自假托皇","0","3","3"
"自假托皇帝","0","3","3"
"远的地方去","0","3","3"
"宗庙的神灵","0","3","3"
"奉皇帝的儿","0","3","3"
"有不流泪的","0","3","3"
"将军王凤上","0","3","3"
"初步建造陵","0","3","3"
"步建造陵墓","0","3","3"
"王莽上书说","0","3","3"
"在大赦以前","0","3","3"
"他们的功劳","0","3","3"
"各国的军队","0","3","3"
"为子孙着想","0","3","3"
"升任光禄大","0","3","3"
"破格提升为","0","3","3"
"御史大夫时","0","3","3"
"在朝廷任职","0","3","3"
"升任谏大夫","0","3","3"
"皇上很不高","0","3","3"
"上很不高兴","0","3","3"
"天地间的生","0","3","3"
"地间的生命","0","3","3"
"汉朝高皇帝","0","3","3"
"最重要的事","0","3","3"
"太上皇的陵","0","3","3"
"上皇的陵寝","0","3","3"
"任丞相司直","0","3","3"
"有关部门讨","0","3","3"
"关部门讨论","0","3","3"
"卿大臣们商","0","3","3"
"这都是因为","0","3","3"
"改任左将军","0","3","3"
"以关内侯的","0","3","3"
"改变自己的","0","3","3"
"尚在襁褓之","0","3","3"
"与公卿大臣","0","3","3"
"长治久安的","0","3","3"
"元帝即位不","0","3","3"
"任为谏大夫","0","3","3"
"淮阳宪王的","0","3","3"
"作百官的表","0","3","3"
"用贤能之人","0","3","3"
"官府的奴婢","0","3","3"
"到了如此地","0","3","3"
"了如此地步","0","3","3"
"为他们准备","0","3","3"
"举荐梁相等","0","3","3"
"荐梁相等人","0","3","3"
"被征召为谏","0","3","3"
"征召为谏大","0","3","3"
"召为谏大夫","0","3","3"
"息夫躬二人","0","3","3"
"王莽执政时","0","3","3"
"们都称赞他","0","3","3"
"因为精通经","0","3","3"
"为精通经术","0","3","3"
"被削爵为关","0","3","3"
"削爵为关内","0","3","3"
"谧号为共侯","0","3","3"
"病得快要死","0","3","3"
"得快要死了","0","3","3"
"有宰相的才","0","3","3"
"哀帝做定陶","0","3","3"
"帝做定陶王","0","3","3"
"了大司马车","0","3","3"
"做到二千石","0","3","3"
"的地方建立","0","3","3"
"地方建立宗","0","3","3"
"方建立宗庙","0","3","3"
"的君王制定","0","3","3"
"受命于天的","0","3","3"
"命于天的开","0","3","3"
"于天的开国","0","3","3"
"天的开国君","0","3","3"
"亲子孙死尽","0","3","3"
"皇考庙因为","0","3","3"
"庙因为亲子","0","3","3"
"像原来那样","0","3","3"
"这更大的了","0","3","3"
"各封国的祭","0","3","3"
"封国的祭庙","0","3","3"
"不是受命于","0","3","3"
"是受命于天","0","3","3"
"他的儿子不","0","3","3"
"这是为了尊","0","3","3"
"切断匈奴的","0","3","3"
"徒掾班彪说","0","3","3"
"后来迁徙到","0","3","3"
"的儿子霍禹","0","3","3"
"尚书省事务","0","3","3"
"在车师屯田","0","3","3"
"是御史大夫","0","3","3"
"承袭了爵位","0","3","3"
"于是大赦天","0","3","3"
"是大赦天下","0","3","3"
"做了光禄大","0","3","3"
"考察他们的","0","3","3"
"做御史大夫","0","3","3"
"好比是人的","0","3","3"
"求贤能的人","0","3","3"
"赐予关内侯","0","3","3"
"百姓的财力","0","3","3"
"商议这件事","0","3","3"
"明的君主应","0","3","3"
"的君主应该","0","3","3"
"实行考察官","0","3","3"
"吏政绩的方","0","3","3"
"政绩的方法","0","3","3"
"千石以下的","0","3","3"
"石以下的官","0","3","3"
"被任命为太","0","3","3"
"京房和张博","0","3","3"
"同一个老师","0","3","3"
"右的人是正","0","3","3"
"不敢说什么","0","3","3"
"不同寻常的","0","3","3"
"皇上的舅舅","0","3","3"
"阳侯王根做","0","3","3"
"到合适的人","0","3","3"
"灾异频频发","0","3","3"
"异频频发生","0","3","3"
"却没有什么","0","3","3"
"不知道朝廷","0","3","3"
"不可以不谨","0","3","3"
"望陛下留意","0","3","3"
"哀帝刚刚即","0","3","3"
"给丞相御史","0","3","3"
"大臣们都不","0","3","3"
"任京辅都尉","0","3","3"
"代理京兆尹","0","3","3"
"没有人能够","0","3","3"
"霍光的女儿","0","3","3"
"告发了这件","0","3","3"
"天子批准了","0","3","3"
"没有多余的","0","3","3"
"个儿子都做","0","3","3"
"显示给天下","0","3","3"
"任淮阳太守","0","3","3"
"来处理事务","0","3","3"
"尚书的事务","0","3","3"
"皇上以这件","0","3","3"
"上以这件事","0","3","3"
"以这件事询","0","3","3"
"这件事询问","0","3","3"
"对国家有益","0","3","3"
"自己的职务","0","3","3"
"不道的罪名","0","3","3"
"下达给公卿","0","3","3"
"希望圣明的","0","3","3"
"选择忠诚贤","0","3","3"
"妻子和孩子","0","3","3"
"的弟弟成都","0","3","3"
"弟弟成都侯","0","3","3"
"编成俗语说","0","3","3"
"提拔他担任","0","3","3"
"卑贱的女子","0","3","3"
"我听老师说","0","3","3"
"皇太太后的","0","3","3"
"这样的人吗","0","3","3"
"孝王的母亲","0","3","3"
"是很明白的","0","3","3"
"管尚书事务","0","3","3"
"辅佐年幼的","0","3","3"
"知道了这件","0","3","3"
"道了这件事","0","3","3"
"认为他们的","0","3","3"
"帝下诏让公","0","3","3"
"立元贵靡为","0","3","3"
"听从他的建","0","3","3"
"几个月之后","0","3","3"
"位置在诸侯","0","3","3"
"置在诸侯王","0","3","3"
"就是孝元帝","0","3","3"
"师傅的身份","0","3","3"
"采纳他们的","0","3","3"
"萧望之等人","0","3","3"
"帝刚刚继位","0","3","3"
"作为臣子不","0","3","3"
"为臣子不忠","0","3","3"
"有关部门请","0","3","3"
"关部门请求","0","3","3"
"和定陵侯淳","0","3","3"
"朝兴起以后","0","3","3"
"害官吏百姓","0","3","3"
"侯王商代替","0","3","3"
"被封为列侯","0","3","3"
"皇帝宠爱的","0","3","3"
"有关部门上","0","3","3"
"关部门上奏","0","3","3"
"因为是国舅","0","3","3"
"为琅邪太守","0","3","3"
"平侯王凤任","0","3","3"
"将军王凤的","0","3","3"
"的品行才能","0","3","3"
"中二千石级","0","3","3"
"承父亲的爵","0","3","3"
"定陶王为皇","0","3","3"
"陶王为皇太","0","3","3"
"王为皇太子","0","3","3"
"推荐给朝廷","0","3","3"
"张博回信说","0","3","3"
"到成帝即位","0","3","3"
"二年被立为","0","3","3"
"的儿子刘婴","0","3","3"
"刘婴为孺子","0","3","3"
"是最亲近的","0","3","3"
"最亲近的亲","0","3","3"
"派遣太中大","0","3","3"
"么百姓就会","0","3","3"
"的儿子定陶","0","3","3"
"元帝去世后","0","3","3"
"违背他的意","0","3","3"
"订法律制度","0","3","3"
"国家的法律","0","3","3"
"家的法律制","0","3","3"
"帝的舅舅阳","0","3","3"
"求辞职回乡","0","3","3"
"禄中二千石","0","3","3"
"同母的弟弟","0","3","3"
"裹为定陶王","0","3","3"
"侯淳于长犯","0","3","3"
"淳于长犯了","0","3","3"
"于长犯了大","0","3","3"
"长犯了大逆","0","3","3"
"犯下大逆不","0","3","3"
"任命孔光为","0","3","3"
"的母亲太皇","0","3","3"
"母亲太皇太","0","3","3"
"亲太皇太后","0","3","3"
"住在长乐宫","0","3","3"
"太后堂弟的","0","3","3"
"替孔光担任","0","3","3"
"傅太后去世","0","3","3"
"保全了性命","0","3","3"
"太皇太后以","0","3","3"
"王莽篡夺皇","0","3","3"
"莽篡夺皇位","0","3","3"
"请求告老退","0","3","3"
"求告老退职","0","3","3"
"以太皇太后","0","3","3"
"她纳入后宫","0","3","3"
"王商的儿子","0","3","3"
"商的儿子王","0","3","3"
"圣明的主上","0","3","3"
"自己的妻子","0","3","3"
"自从汉朝兴","0","3","3"
"任驸马都尉","0","3","3"
"的外家亲属","0","3","3"
"都是这一类","0","3","3"
"这一类的事","0","3","3"
"俸禄为二千","0","3","3"
"辅佐朝政的","0","3","3"
"原来的郡县","0","3","3"
"禀告太后下","0","3","3"
"自己的意图","0","3","3"
"管事的官吏","0","3","3"
"人的贤愚善","0","3","3"
"的贤愚善恶","0","3","3"
"怎么能够不","0","3","3"
"方面的才能","0","3","3"
"皇上听说了","0","3","3"
"发生了变故","0","3","3"
"不知该怎么","0","3","3"
"禀告太后说","0","3","3"
"对政事治理","0","3","3"
"政事治理没","0","3","3"
"事治理没有","0","3","3"
"治理没有益","0","3","3"
"理没有益处","0","3","3"
"等才能的人","0","3","3"
"皇上命令说","0","3","3"
"请求派遣掾","0","3","3"
"求派遣掾史","0","3","3"
"公卿以下的","0","3","3"
"听说了此事","0","3","3"
"替大将军王","0","3","3"
"因为皇太后","0","3","3"
"为皇太后的","0","3","3"
"皇太后的缘","0","3","3"
"继承了他的","0","3","3"
"王莽非常高","0","3","3"
"莽非常高兴","0","3","3"
"都没有儿子","0","3","3"
"上天的惩罚","0","3","3"
"谷永对答道","0","3","3"
"承继的子孙","0","3","3"
"灾祸的根源","0","3","3"
"史大夫王音","0","3","3"
"臣谷永有幸","0","3","3"
"祥瑞的征兆","0","3","3"
"自己的亲属","0","3","3"
"自己的地位","0","3","3"
"的母亲丁姬","0","3","3"
"这些都记载","0","3","3"
"些都记载在","0","3","3"
"何武做了御","0","3","3"
"武做了御史","0","3","3"
"此后过了几","0","3","3"
"后过了几个","0","3","3"
"登上皇位以","0","3","3"
"迷乱国家欺","0","3","3"
"乱国家欺罔","0","3","3"
"与太皇太后","0","3","3"
"奏密封的奏","0","3","3"
"事情还没有","0","3","3"
"甄丰的儿子","0","3","3"
"丰的儿子甄","0","3","3"
"的儿子甄寻","0","3","3"
"歆的儿子刘","0","3","3"
"是知名的人","0","3","3"
"是王莽的讲","0","3","3"
"王莽的讲学","0","3","3"
"莽的讲学大","0","3","3"
"的讲学大夫","0","3","3"
"以博士身份","0","3","3"
"窦太后喜欢","0","3","3"
"门徒特别多","0","3","3"
"尹咸和翟方","0","3","3"
"咸和翟方进","0","3","3"
"得以休养生","0","3","3"
"以休养生息","0","3","3"
"治理渤海的","0","3","3"
"到如此程度","0","3","3"
"属大逆不道","0","3","3"
"让他们分别","0","3","3"
"不同的等级","0","3","3"
"王莽任命他","0","3","3"
"询问其中的","0","3","3"
"车送到长安","0","3","3"
"帝时有士人","0","3","3"
"王前来朝见","0","3","3"
"得到皇帝宠","0","3","3"
"到武帝宠爱","0","3","3"
"恭敬地事奉","0","3","3"
"被废掉皇后","0","3","3"
"辅佐朝政已","0","3","3"
"娶后母为妻","0","3","3"
"有个儿子叫","0","3","3"
"习骑马射箭","0","3","3"
"用呜镝射向","0","3","3"
"派使者对冒","0","3","3"
"使者对冒顿","0","3","3"
"者对冒顿说","0","3","3"
"大臣们询问","0","3","3"
"大臣们都说","0","3","3"
"匈奴的地方","0","3","3"
"率军退去了","0","3","3"
"匈奴的使者","0","3","3"
"汉朝送给匈","0","3","3"
"朝送给匈奴","0","3","3"
"奴大单于平","0","3","3"
"大单于平安","0","3","3"
"单于平安无","0","3","3"
"于平安无恙","0","3","3"
"匈奴的风俗","0","3","3"
"万骑兵攻入","0","3","3"
"的和亲关系","0","3","3"
"信了他的话","0","3","3"
"从代地出发","0","3","3"
"率一万骑兵","0","3","3"
"第二年秋天","0","3","3"
"走一千多人","0","3","3"
"三千多骑兵","0","3","3"
"单于听从了","0","3","3"
"一个匈奴人","0","3","3"
"使者到汉朝","0","3","3"
"汉朝的边塞","0","3","3"
"单于在位十","0","3","3"
"从五原出发","0","3","3"
"汉朝的大将","0","3","3"
"被立为单于","0","3","3"
"率领自己的","0","3","3"
"领自己的部","0","3","3"
"想与汉朝和","0","3","3"
"使者到乌孙","0","3","3"
"攻打乌孙国","0","3","3"
"上书汉天子","0","3","3"
"自己的弟弟","0","3","3"
"为左谷蠡王","0","3","3"
"回到了匈奴","0","3","3"
"了匈奴王庭","0","3","3"
"单于听说了","0","3","3"
"屠耆单于的","0","3","3"
"吞并了他的","0","3","3"
"了他的军队","0","3","3"
"朝侍奉汉天","0","3","3"
"侍奉汉天子","0","3","3"
"帮助呼韩邪","0","3","3"
"助呼韩邪单","0","3","3"
"与乌孙联合","0","3","3"
"了四个儿子","0","3","3"
"氏生的儿子","0","3","3"
"处理国家大","0","3","3"
"理国家大事","0","3","3"
"队几十万人","0","3","3"
"子入朝侍奉","0","3","3"
"王昭君的女","0","3","3"
"昭君的女儿","0","3","3"
"派使者上书","0","3","3"
"派中郎将王","0","3","3"
"降匈奴的人","0","3","3"
"五威将军王","0","3","3"
"来的玺印绶","0","3","3"
"的玺印绶带","0","3","3"
"陈良和终带","0","3","3"
"云和须卜当","0","3","3"
"和亲侯王歙","0","3","3"
"族扰乱中原","0","3","3"
"他们与中原","0","3","3"
"君长以十计","0","3","3"
"长以十计算","0","3","3"
"夜郎王兴的","0","3","3"
"汉朝军队还","0","3","3"
"朝军队还没","0","3","3"
"驻扎在城的","0","3","3"
"汉武帝就派","0","3","3"
"不在大道上","0","3","3"
"军队三百人","0","3","3"
"与姑墨相接","0","3","3"
"军队一千人","0","3","3"
"到莎车五百","0","3","3"
"到酉球都护","0","3","3"
"酉球都护治","0","3","3"
"球都护治所","0","3","3"
"长安一万二","0","3","3"
"儿子继承王","0","3","3"
"到阳关七千","0","3","3"
"妻生的儿子","0","3","3"
"上书宣帝说","0","3","3"
"公主上书宣","0","3","3"
"主上书宣帝","0","3","3"
"靡为大昆弥","0","3","3"
"杀掉末振将","0","3","3"
"与乌孙相接","0","3","3"
"一千五百人","0","3","3"
"在渠犁屯田","0","3","3"
"东到长安八","0","3","3"
"吕氏家族的","0","3","3"
"王立为皇帝","0","3","3"
"三百户人家","0","3","3"
"氏家族中有","0","3","3"
"已经去世了","0","3","3"
"景帝即位后","0","3","3"
"长公主刘嫖","0","3","3"
"册立为后的","0","3","3"
"立为后的第","0","3","3"
"和我见上一","0","3","3"
"我见上一面","0","3","3"
"收养在掖庭","0","3","3"
"孙女嫁给他","0","3","3"
"王舜的儿子","0","3","3"
"舜的儿子王","0","3","3"
"特进的职位","0","3","3"
"刚侯夫人许","0","3","3"
"侯夫人许谒","0","3","3"
"先帝的心意","0","3","3"
"王太后下韶","0","3","3"
"禀告王太后","0","3","3"
"皇帝的权力","0","3","3"
"安汉公的府","0","3","3"
"汉公的府第","0","3","3"
"日食的罪责","0","3","3"
"孝王的舅舅","0","3","3"
"这是我应当","0","3","3"
"是我应当引","0","3","3"
"我应当引退","0","3","3"
"应当引退的","0","3","3"
"当引退的第","0","3","3"
"任命王莽为","0","3","3"
"王莽的母亲","0","3","3"
"为新室文母","0","3","3"
"王莽的儿子","0","3","3"
"有安邦定国","0","3","3"
"安邦定国的","0","3","3"
"的祥瑞征兆","0","3","3"
"封邑一万户","0","3","3"
"作为安汉公","0","3","3"
"为安汉公的","0","3","3"
"老百姓家家","0","3","3"
"王公大臣们","0","3","3"
"臣们上奏说","0","3","3"
"制礼作乐的","0","3","3"
"公居位摄政","0","3","3"
"不能恭敬地","0","3","3"
"把明君的权","0","3","3"
"明君的权力","0","3","3"
"君的权力归","0","3","3"
"权力归还给","0","3","3"
"成为污水池","0","3","3"
"周朝的制度","0","3","3"
"高帝庙接受","0","3","3"
"帝庙接受天","0","3","3"
"庙接受天命","0","3","3"
"地纵横各一","0","3","3"
"纵横各一百","0","3","3"
"横各一百里","0","3","3"
"各刘姓皇族","0","3","3"
"好像皇帝的","0","3","3"
"二千石级改","0","3","3"
"个月的亲属","0","3","3"
"月的亲属为","0","3","3"
"我的伟大的","0","3","3"
"的伟大的皇","0","3","3"
"不遵行命令","0","3","3"
"二年二月间","0","3","3"
"作为新朝的","0","3","3"
"于囊知牙斯","0","3","3"
"王舜和刘歆","0","3","3"
"正式登上皇","0","3","3"
"式登上皇位","0","3","3"
"匈奴囊知牙","0","3","3"
"奴囊知牙斯","0","3","3"
"象征封国的","0","3","3"
"征封国的茅","0","3","3"
"封国的茅土","0","3","3"
"我承受天命","0","3","3"
"爵的封地叫","0","3","3"
"的封地叫作","0","3","3"
"封地叫作一","0","3","3"
"的办事人员","0","3","3"
"的地方叫作","0","3","3"
"郡就是原来","0","3","3"
"的美好食物","0","3","3"
"各取给予他","0","3","3"
"取给予他们","0","3","3"
"给予他们的","0","3","3"
"派遣大司空","0","3","3"
"项管理制度","0","3","3"
"三万六千年","0","3","3"
"乘坐传车的","0","3","3"
"赐给谧号叫","0","3","3"
"盗贼纷纷起","0","3","3"
"贼纷纷起事","0","3","3"
"大夫和谒者","0","3","3"
"盖了御玺的","0","3","3"
"王莽的脑袋","0","3","3"
"二三大夫行","2","0","2"
"文致法人心","2","0","2"
"致法人心厌","2","0","2"
"法人心厌者","2","0","2"
"三代所直道","2","0","2"
"代所直道行","2","0","2"
"未发觉吏者","2","0","2"
"辅相天地宜","2","0","2"
"甚者必解更","2","0","2"
"者必解更张","2","0","2"
"死者岁万数","2","0","2"
"项伯素善张","2","0","2"
"伯素善张良","2","0","2"
"所将卒驰道","2","0","2"
"将卒驰道多","2","0","2"
"丰邑中阳里","1","1","2"
"天下同苦秦","2","0","2"
"下同苦秦久","2","0","2"
"同苦秦久矣","2","0","2"
"杀者赤帝子","2","0","2"
"将周章西入","1","1","2"
"秦将章邯破","1","1","2"
"秦泗川守壮","1","1","2"
"张耳等立赵","1","1","2"
"嘉立景驹楚","2","0","2"
"兵北定楚地","1","1","2"
"沛公引兵西","2","0","2"
"项梁击杀景","1","1","2"
"梁击杀景驹","1","1","2"
"五大夫将十","1","1","2"
"项梁共立楚","1","1","2"
"梁共立楚怀","1","1","2"
"立楚怀王孙","1","1","2"
"楚怀王孙心","2","0","2"
"怀王孙心楚","2","0","2"
"破章邯东阿","2","0","2"
"西略地雍丘","2","0","2"
"章邯夜衔枚","2","0","2"
"邯夜衔枚击","2","0","2"
"将军吕臣引","1","1","2"
"军吕臣引兵","1","1","2"
"吕臣军彭城","2","0","2"
"臣军彭城东","2","0","2"
"羽军彭城西","2","0","2"
"沛公砀郡长","2","0","2"
"章邯破项梁","2","0","2"
"楚地兵足忧","2","0","2"
"渡河北击赵","2","0","2"
"怀王诸将约","2","0","2"
"沛公西收陈","1","1","2"
"助项羽救赵","1","1","2"
"破东郡尉成","2","0","2"
"羽大破秦军","1","1","2"
"沛公方踞床","2","0","2"
"宜踞见长者","2","0","2"
"南阳守齮战","2","0","2"
"约先入咸阳","2","0","2"
"入咸阳者王","2","0","2"
"番君将梅鋗","2","0","2"
"秦将果欲连","2","0","2"
"先入关者王","2","0","2"
"伤人盗抵罪","2","0","2"
"布等攻破函","1","1","2"
"等攻破函谷","1","1","2"
"攻破函谷关","1","1","2"
"左司马曹毋","2","0","2"
"司马曹毋伤","2","0","2"
"沛公欲王关","2","0","2"
"公欲王关中","2","0","2"
"父左尹项伯","1","1","2"
"夜驰见张良","1","1","2"
"臣韩王送沛","2","0","2"
"杀秦降王子","2","0","2"
"阳尊怀王义","2","0","2"
"汉中四十一","1","1","2"
"徙魏王豹西","2","0","2"
"魏王豹西魏","2","0","2"
"王豹西魏王","2","0","2"
"说汉王烧绝","2","0","2"
"汉王烧绝栈","2","0","2"
"王烧绝栈道","2","0","2"
"必欲争天下","2","0","2"
"非信计事者","2","0","2"
"田荣闻羽徙","2","0","2"
"荣闻羽徙齐","2","0","2"
"闻羽徙齐王","2","0","2"
"羽徙齐王市","2","0","2"
"徙齐王市胶","2","0","2"
"齐王市胶东","2","0","2"
"立田都齐王","2","0","2"
"杀济北王安","2","0","2"
"张良韩司徒","2","0","2"
"故吴令郑昌","2","0","2"
"吴令郑昌韩","2","0","2"
"遣将军薛欧","1","1","2"
"使九江王布","2","0","2"
"九江王布杀","2","0","2"
"江王布杀义","2","0","2"
"王布杀义帝","2","0","2"
"耳败走降汉","1","1","2"
"河南王申阳","1","1","2"
"韩太尉韩信","1","1","2"
"南渡平阴津","1","1","2"
"新城三老董","1","1","2"
"城三老董公","1","1","2"
"发使告诸侯","2","0","2"
"天下共立义","1","1","2"
"下共立义帝","1","1","2"
"田荣弟横收","2","0","2"
"劫五诸侯兵","2","0","2"
"王数十骑遁","2","0","2"
"羽常置军中","2","0","2"
"萧何发关中","2","0","2"
"筑甬道属河","2","0","2"
"侯子关中者","2","0","2"
"引水灌废丘","1","1","2"
"请兵三万人","1","1","2"
"张耳东下井","1","1","2"
"耳东下井陉","1","1","2"
"东下井陉击","2","0","2"
"下井陉击赵","2","0","2"
"郦食谋桡楚","2","0","2"
"食谋桡楚权","2","0","2"
"平黄金四万","1","1","2"
"故汉王数十","2","0","2"
"王数十骑西","2","0","2"
"数十骑西门","2","0","2"
"黥布行收兵","2","0","2"
"汉王坚壁战","2","0","2"
"终公守成皋","1","1","2"
"汉王引兵北","2","0","2"
"羽破走彭越","2","0","2"
"彭越本定梁","2","0","2"
"越本定梁地","2","0","2"
"君王魏豹故","2","0","2"
"汉王发使使","2","0","2"
"羽夜闻汉军","2","0","2"
"夜闻汉军四","2","0","2"
"闻汉军四面","2","0","2"
"汉军四面皆","2","0","2"
"军四面皆楚","2","0","2"
"四面皆楚歌","2","0","2"
"封项伯等四","1","1","2"
"项伯等四人","1","1","2"
"临江王共敖","1","1","2"
"魏相国建城","1","1","2"
"相国建城侯","1","1","2"
"国建城侯彭","1","1","2"
"建城侯彭越","1","1","2"
"故衡山王吴","2","0","2"
"绾等三百人","1","1","2"
"博士稷嗣君","1","1","2"
"士稷嗣君叔","1","1","2"
"稷嗣君叔孙","1","1","2"
"嗣君叔孙通","1","1","2"
"君叔孙通谨","1","1","2"
"叔孙通谨择","1","1","2"
"人攻城略地","1","1","2"
"项羽妒贤嫉","1","1","2"
"羽妒贤嫉能","1","1","2"
"决胜千里外","2","0","2"
"乘传诣雒阳","2","0","2"
"卒娄敬求见","1","1","2"
"下取天下周","2","0","2"
"取天下周异","2","0","2"
"安侯卢绾功","1","1","2"
"始剖符封功","1","1","2"
"剖符封功臣","1","1","2"
"符封功臣曹","1","1","2"
"封功臣曹参","1","1","2"
"功臣曹参等","1","1","2"
"上封大功臣","2","0","2"
"封大功臣二","2","0","2"
"复道上见诸","1","1","2"
"道上见诸将","1","1","2"
"皆平生仇怨","2","0","2"
"天下足遍封","2","0","2"
"故相聚谋反","2","0","2"
"相聚谋反耳","2","0","2"
"群臣所共知","2","0","2"
"日天下大乱","1","1","2"
"信亡走匈奴","2","0","2"
"上东击韩信","1","1","2"
"群臣皆称万","2","0","2"
"臣皆称万岁","2","0","2"
"汉廷臣能右","2","0","2"
"廷臣能右者","2","0","2"
"皆立太上皇","2","0","2"
"周昌奏常山","1","1","2"
"汉将军郭蒙","1","1","2"
"何等三十三","1","1","2"
"等三十三人","1","1","2"
"十三人皆曰","2","0","2"
"梁王彭越谋","1","1","2"
"王彭越谋反","1","1","2"
"关中者皆复","2","0","2"
"中者皆复终","2","0","2"
"粤人相攻击","2","0","2"
"故楚令尹薛","2","0","2"
"东击杀荆王","1","1","2"
"击杀荆王刘","1","1","2"
"杀荆王刘贾","1","1","2"
"上赦天下死","1","1","2"
"赦天下死罪","1","1","2"
"故人父老子","1","1","2"
"人父老子弟","1","1","2"
"兒百二十人","2","0","2"
"沛父兄固请","2","0","2"
"长沙王臣等","1","1","2"
"十年东南乱","2","0","2"
"然天下同姓","2","0","2"
"天下同姓一","2","0","2"
"下同姓一家","2","0","2"
"使辟阳侯审","2","0","2"
"提三尺取天","2","0","2"
"三尺取天下","2","0","2"
"赐黄金五十","1","1","2"
"安刘氏者必","2","0","2"
"刘氏者必勃","2","0","2"
"郦商见审食","1","1","2"
"拨乱世反正","2","0","2"
"初顺民心作","1","1","2"
"萧何次律令","2","0","2"
"韩信申军法","2","0","2"
"叔孙通制礼","2","0","2"
"孙通制礼仪","2","0","2"
"功臣剖符作","1","1","2"
"臣剖符作誓","1","1","2"
"大夫范宣子","1","1","2"
"十二年四月","1","1","2"
"尊皇后曰皇","2","0","2"
"二千石钱二","1","1","2"
"千石钱二万","1","1","2"
"百石下佐史","2","0","2"
"视作斥上者","1","1","2"
"二千石二十","1","1","2"
"复十五税一","1","1","2"
"佩二千石官","1","1","2"
"二千石官印","1","1","2"
"元年冬十二","1","1","2"
"买爵三十级","1","1","2"
"秋七月辛未","2","0","2"
"安六百里内","2","0","2"
"六百里内男","2","0","2"
"百里内男女","2","0","2"
"里内男女十","2","0","2"
"内男女十四","2","0","2"
"万六千人城","2","0","2"
"六千人城长","2","0","2"
"立皇后张氏","1","1","2"
"长乐宫鸿台","1","1","2"
"秋七月乙亥","2","0","2"
"央宫凌室灾","2","0","2"
"四万五千人","1","1","2"
"年冬十月辛","2","0","2"
"子年十五上","2","0","2"
"高皇后吕氏","1","1","2"
"高祖侯者三","2","0","2"
"祖侯者三人","2","0","2"
"太后立帝姊","2","0","2"
"后立帝姊鲁","2","0","2"
"立帝姊鲁元","2","0","2"
"鲁元公主女","2","0","2"
"元公主女皇","2","0","2"
"公主女皇后","2","0","2"
"后宫美人子","2","0","2"
"宫美人子名","2","0","2"
"封诸吕六人","1","1","2"
"前日孝惠皇","1","1","2"
"日孝惠皇帝","1","1","2"
"赵王宫丛台","1","1","2"
"立孝惠后宫","2","0","2"
"孝惠后宫子","2","0","2"
"恒山王弘皇","2","0","2"
"山王弘皇帝","2","0","2"
"七年冬十二","1","1","2"
"略二千余人","2","0","2"
"赵王禄上将","2","0","2"
"王禄上将军","2","0","2"
"立营陵侯刘","1","1","2"
"平等请尊昭","1","1","2"
"等请尊昭灵","1","1","2"
"请尊昭灵夫","1","1","2"
"尊昭灵夫人","1","1","2"
"南越侵盗长","1","1","2"
"越侵盗长沙","1","1","2"
"遣隆虑侯灶","1","1","2"
"时齐悼惠王","1","1","2"
"将军灌婴将","2","0","2"
"军灌婴将兵","2","0","2"
"灌婴将兵击","2","0","2"
"吕后共定天","1","1","2"
"后共定天下","1","1","2"
"刘氏所立九","1","1","2"
"氏所立九王","1","1","2"
"吕氏所立三","1","1","2"
"氏所立三王","1","1","2"
"行御史大夫","2","0","2"
"御史大夫事","2","0","2"
"郎中令贾寿","1","1","2"
"中令贾寿使","1","1","2"
"令贾寿使齐","1","1","2"
"襄平侯纪通","1","1","2"
"平召朱虚侯","1","1","2"
"卫尉吕更始","1","1","2"
"皆非孝惠子","2","0","2"
"中令张武等","1","1","2"
"新喋血京师","2","0","2"
"中尉宋昌进","1","1","2"
"太后弟薄昭","2","0","2"
"弟薄昭见太","1","1","2"
"薄昭见太尉","1","1","2"
"武等六人乘","1","1","2"
"等六人乘六","1","1","2"
"臣谨请阴安","1","1","2"
"吏二千石议","2","0","2"
"天下诸侯万","1","1","2"
"下诸侯万民","1","1","2"
"臣谨奉天子","1","1","2"
"牟侯兴居先","1","1","2"
"侯兴居先清","1","1","2"
"奉天子法驾","2","0","2"
"天子法驾迎","2","0","2"
"子法驾迎代","2","0","2"
"车骑将军薄","1","1","2"
"骑将军薄昭","1","1","2"
"擅遣将军灌","1","1","2"
"遣将军灌婴","1","1","2"
"婴邑三千户","2","0","2"
"吕氏所夺齐","1","1","2"
"中尉宋昌劝","1","1","2"
"尉宋昌劝朕","1","1","2"
"吏二千石上","2","0","2"
"川守尊等十","1","1","2"
"守尊等十人","1","1","2"
"淮阳守申屠","1","1","2"
"阳守申屠嘉","1","1","2"
"守申屠嘉等","1","1","2"
"申屠嘉等十","1","1","2"
"屠嘉等十人","1","1","2"
"卫尉足等十","1","1","2"
"尉足等十人","1","1","2"
"春正月丁亥","2","0","2"
"立皇子武代","2","0","2"
"皇子武代王","2","0","2"
"郡守铜虎符","1","1","2"
"丞相朕所重","2","0","2"
"朕率列侯国","2","0","2"
"颖阴侯灌婴","1","1","2"
"匈奴入居北","1","1","2"
"奴入居北地","1","1","2"
"遣丞相灌婴","2","0","2"
"太原十余日","1","1","2"
"四年冬十二","1","1","2"
"更造四铢钱","2","0","2"
"列侯太夫人","1","1","2"
"央宫东阙罘","2","0","2"
"十一年冬十","1","1","2"
"一年冬十一","1","1","2"
"孝惠皇帝后","1","1","2"
"惠皇帝后宫","1","1","2"
"朕亲率天下","2","0","2"
"亲率天下农","2","0","2"
"廉吏二百石","1","1","2"
"十三年春二","1","1","2"
"赐天下孤寡","1","1","2"
"天下孤寡布","1","1","2"
"阳侯张相大","2","0","2"
"侯张相大将","2","0","2"
"张相大将军","2","0","2"
"建成侯董赫","1","1","2"
"举贤良能直","1","1","2"
"贤良能直言","1","1","2"
"良能直言极","1","1","2"
"刻曰人主延","2","0","2"
"曰人主延寿","2","0","2"
"孝惠皇后张","1","1","2"
"惠皇后张氏","1","1","2"
"令天下吏民","1","1","2"
"亚夫车骑将","2","0","2"
"夫车骑将军","2","0","2"
"群臣袁盎等","1","1","2"
"尊皇太后薄","1","1","2"
"皇太后薄氏","1","1","2"
"氏曰太皇太","2","0","2"
"者祖功宗德","2","0","2"
"德厚侔天地","2","0","2"
"利泽施四海","2","0","2"
"孝文皇帝庙","2","0","2"
"陛下永思孝","1","1","2"
"下永思孝道","1","1","2"
"明孝文皇帝","1","1","2"
"皇帝庙宜帝","2","0","2"
"帝庙宜帝者","2","0","2"
"庙宜帝者太","2","0","2"
"宜帝者太祖","2","0","2"
"帝者太祖庙","2","0","2"
"宜帝者太宗","2","0","2"
"帝者太宗庙","2","0","2"
"令天下男子","1","1","2"
"天下男子年","1","1","2"
"太皇太后崩","2","0","2"
"三年冬十二","1","1","2"
"东王雄渠皆","2","0","2"
"赐钱二十万","1","1","2"
"公主嫁匈奴","1","1","2"
"主嫁匈奴单","1","1","2"
"六年冬十二","1","1","2"
"夏四月乙巳","2","0","2"
"赐民父后者","2","0","2"
"诸侯御史大","1","1","2"
"侯御史大夫","1","1","2"
"央宫东阙灾","2","0","2"
"所禁暴止邪","2","0","2"
"孝王子五人","1","1","2"
"长吏二千石","1","1","2"
"千石六百石","2","0","2"
"丞相御史请","1","1","2"
"吏卒战死者","2","0","2"
"卒战死者二","2","0","2"
"战死者二千","2","0","2"
"后元年春正","1","1","2"
"亚夫下狱死","2","0","2"
"太守冯敬战","1","1","2"
"守冯敬战死","1","1","2"
"发车骑材官","2","0","2"
"千石黄金二","1","1","2"
"石黄金二斤","1","1","2"
"尊皇太后窦","1","1","2"
"皇太后窦氏","1","1","2"
"封皇太后同","1","1","2"
"后同母弟田","1","1","2"
"夏四月戊申","2","0","2"
"户钱二十万","1","1","2"
"大夫严助持","1","1","2"
"辽东高庙灾","2","0","2"
"高园便殿火","2","0","2"
"上素服五日","2","0","2"
"赐民长子爵","1","1","2"
"民长子爵一","1","1","2"
"长子爵一级","1","1","2"
"复七国宗室","1","1","2"
"朕饰子女配","2","0","2"
"饰子女配单","2","0","2"
"大行王恢建","1","1","2"
"行王恢建议","1","1","2"
"夫韩安国护","2","0","2"
"韩安国护军","2","0","2"
"仆公孙贺轻","2","0","2"
"公孙贺轻车","2","0","2"
"孙贺轻车将","2","0","2"
"贺轻车将军","2","0","2"
"行王恢将屯","2","0","2"
"王恢将屯将","2","0","2"
"恢将屯将军","2","0","2"
"大夫李息材","2","0","2"
"夫李息材官","2","0","2"
"李息材官将","2","0","2"
"息材官将军","2","0","2"
"三十万众屯","1","1","2"
"十万众屯马","1","1","2"
"万众屯马邑","1","1","2"
"众屯马邑谷","1","1","2"
"屯马邑谷中","1","1","2"
"令民大酺五","2","0","2"
"民大酺五日","2","0","2"
"顿丘东南流","1","1","2"
"丘东南流入","1","1","2"
"将军卫青上","2","0","2"
"军卫青上谷","2","0","2"
"公孙贺云中","2","0","2"
"骁骑将军李","1","1","2"
"骑将军李广","1","1","2"
"韩安国屯渔","2","0","2"
"安国屯渔阳","2","0","2"
"朔元年冬十","1","1","2"
"匈奴入辽西","2","0","2"
"二十八万人","1","1","2"
"吏民千余人","1","1","2"
"获首虏数千","2","0","2"
"首虏数千级","2","0","2"
"士大夫日新","1","1","2"
"将六将军兵","2","0","2"
"六将军兵十","2","0","2"
"将军兵十余","2","0","2"
"军兵十余万","2","0","2"
"十余万人朔","2","0","2"
"余万人朔方","2","0","2"
"盖闻导民礼","2","0","2"
"故详延天下","2","0","2"
"详延天下方","2","0","2"
"延天下方闻","2","0","2"
"天下方闻士","2","0","2"
"斩首三千余","2","0","2"
"斩首虏万九","2","0","2"
"首虏万九千","2","0","2"
"虏万九千级","2","0","2"
"置武功赏官","1","1","2"
"狩元年冬十","1","1","2"
"首八千余级","1","1","2"
"遣卫尉张骞","1","1","2"
"广杀匈奴三","1","1","2"
"杀匈奴三千","1","1","2"
"奴三千余人","1","1","2"
"奴昆邪王杀","1","1","2"
"合四万余人","2","0","2"
"上郡戍卒半","2","0","2"
"七十二万五","1","1","2"
"二万五千口","1","1","2"
"后数十万人","1","1","2"
"年春三月甲","2","0","2"
"庙立皇子闳","1","1","2"
"遣博士大等","1","1","2"
"博士大等六","1","1","2"
"士大等六人","1","1","2"
"大等六人分","1","1","2"
"骠骑将军病","2","0","2"
"元鼎元年夏","1","1","2"
"鼎元年夏五","1","1","2"
"元年夏五月","1","1","2"
"博士中等分","1","1","2"
"土祠汾阴脽","2","0","2"
"祠汾阴脽上","2","0","2"
"嘉周子南君","2","0","2"
"立常山宪王","1","1","2"
"常山宪王子","1","1","2"
"十一月辛巳","1","1","2"
"故巡祭后土","2","0","2"
"南越王相吕","1","1","2"
"越王相吕嘉","1","1","2"
"王相吕嘉反","1","1","2"
"遣伏波将军","1","1","2"
"将军杨仆豫","2","0","2"
"军杨仆豫章","2","0","2"
"归义越侯严","1","1","2"
"乐通侯栾大","1","1","2"
"西羌众十万","1","1","2"
"羌众十万人","1","1","2"
"众十万人反","1","1","2"
"匈奴入五原","2","0","2"
"驰义侯遗兵","1","1","2"
"遣横海将军","2","0","2"
"浮沮将军公","1","1","2"
"沮将军公孙","1","1","2"
"匈河将军赵","1","1","2"
"河将军赵破","1","1","2"
"封元年冬十","1","1","2"
"置十二部将","1","1","2"
"十二部将军","1","1","2"
"勒兵十八万","2","0","2"
"亡匿幕北寒","2","0","2"
"匿幕北寒苦","2","0","2"
"令祠官加增","2","0","2"
"祠官加增太","2","0","2"
"官加增太室","2","0","2"
"加增太室祠","2","0","2"
"山下户三百","2","0","2"
"遂东巡海上","2","0","2"
"历北边九原","2","0","2"
"将军下皆负","2","0","2"
"军下皆负薪","2","0","2"
"甘泉通天台","1","1","2"
"长安飞廉馆","1","1","2"
"朝鲜王攻杀","1","1","2"
"鲜王攻杀辽","1","1","2"
"王攻杀辽东","1","1","2"
"攻杀辽东都","1","1","2"
"杀辽东都尉","1","1","2"
"赐云阳都百","1","1","2"
"云阳都百户","1","1","2"
"阳都百户牛","1","1","2"
"募罪人击朝","2","0","2"
"罪人击朝鲜","2","0","2"
"中郎将卫广","1","1","2"
"将军郭昌屯","1","1","2"
"置刺史部十","1","1","2"
"刺史部十三","1","1","2"
"史部十三州","1","1","2"
"上林平乐馆","1","1","2"
"祀上帝明堂","2","0","2"
"遣杅将军公","2","0","2"
"军公孙敖筑","1","1","2"
"公孙敖筑塞","1","1","2"
"孙敖筑塞外","1","1","2"
"敖筑塞外受","1","1","2"
"筑塞外受降","1","1","2"
"塞外受降城","1","1","2"
"天下大酺五","2","0","2"
"下大酺五日","2","0","2"
"浚稽将军赵","1","1","2"
"稽将军赵破","1","1","2"
"军赵破奴二","1","1","2"
"赵破奴二万","1","1","2"
"破奴二万骑","1","1","2"
"二万骑朔方","2","0","2"
"御史大夫","2","0","2"
"史大夫宽","2","0","2"
"筑五原塞外","1","1","2"
"五原塞外列","1","1","2"
"原塞外列城","1","1","2"
"广利斩大宛","1","1","2"
"利斩大宛王","1","1","2"
"斩大宛王首","1","1","2"
"天汉元年春","1","1","2"
"汉元年春正","1","1","2"
"闭城门大搜","1","1","2"
"朝诸侯王甘","2","0","2"
"诸侯王甘泉","2","0","2"
"侯王甘泉宫","2","0","2"
"说步兵三万","2","0","2"
"赎钱五十万","2","0","2"
"钱五十万减","2","0","2"
"五十万减死","2","0","2"
"十万减死一","2","0","2"
"万减死一等","2","0","2"
"朕郊见上帝","2","0","2"
"御史大夫杜","1","1","2"
"史大夫杜周","1","1","2"
"祀孝景皇帝","1","1","2"
"祠神人交门","2","0","2"
"神人交门宫","2","0","2"
"赵蛇郭外入","2","0","2"
"斗孝文庙下","2","0","2"
"发三辅骑士","2","0","2"
"使者江充等","1","1","2"
"兵丞相刘屈","2","0","2"
"七万人五原","2","0","2"
"四万骑酒泉","2","0","2"
"侍中仆射莽","1","1","2"
"驸马都尉金","1","1","2"
"马都尉金日","1","1","2"
"骑都尉上官","1","1","2"
"立皇子弗陵","1","1","2"
"高祖拨乱反","1","1","2"
"祖拨乱反正","1","1","2"
"后元二年二","1","1","2"
"大将军光秉","2","0","2"
"将军光秉政","2","0","2"
"将军金日磾","2","0","2"
"婕妤皇太后","2","0","2"
"始元元年春","1","1","2"
"元元年春二","1","1","2"
"建章宫太液","1","1","2"
"章宫太液池","1","1","2"
"宫太液池中","1","1","2"
"二十四邑皆","1","1","2"
"十四邑皆反","1","1","2"
"衡都尉吕破","1","1","2"
"都尉吕破胡","1","1","2"
"王孙刘泽谋","1","1","2"
"孙刘泽谋反","1","1","2"
"州刺史隽疑","2","0","2"
"车骑将军日","2","0","2"
"骑将军日磾","2","0","2"
"故廷尉王平","1","1","2"
"廷尉王平等","1","1","2"
"尉王平等五","1","1","2"
"王平等五人","1","1","2"
"平等五人持","1","1","2"
"捕斩反虏重","1","1","2"
"斩反虏重合","1","1","2"
"反虏重合侯","1","1","2"
"虏重合侯马","1","1","2"
"皆光禄大夫","2","0","2"
"守长乐卫尉","2","0","2"
"遣使者振贷","2","0","2"
"立皇后上官","1","1","2"
"皇后上官氏","1","1","2"
"皇后见高庙","2","0","2"
"胪田广明击","1","1","2"
"田广明击益","1","1","2"
"广明击益州","1","1","2"
"夏阳男子张","1","1","2"
"阳男子张延","1","1","2"
"男子张延年","1","1","2"
"斩首捕虏三","2","0","2"
"虏三万余人","1","1","2"
"司问郡国所","1","1","2"
"栘中监苏武","1","1","2"
"町侯毋波率","1","1","2"
"人民击反者","2","0","2"
"斩首捕虏功","2","0","2"
"元凤元年春","1","1","2"
"遗腹子爰","2","0","2"
"赐郡国所选","1","1","2"
"韩福等五人","1","1","2"
"福等五人帛","1","1","2"
"朕闵劳官职","2","0","2"
"闵劳官职事","2","0","2"
"大将军国家","1","1","2"
"将军国家忠","1","1","2"
"军国家忠臣","1","1","2"
"左将军安阳","1","1","2"
"军安阳侯桀","1","1","2"
"骑将军桑乐","1","1","2"
"将军桑乐侯","1","1","2"
"军桑乐侯安","1","1","2"
"谒者杜延年","1","1","2"
"将军长史公","1","1","2"
"军长史公孙","1","1","2"
"长史公孙遗","1","1","2"
"史公孙遗等","1","1","2"
"立燕王天子","2","0","2"
"丞相征事任","1","1","2"
"相征事任宫","1","1","2"
"相少史王寿","1","1","2"
"少史王寿诱","1","1","2"
"齐王子刘泽","1","1","2"
"王子刘泽等","1","1","2"
"赦王太子建","2","0","2"
"公主子文信","1","1","2"
"二年夏四月","1","1","2"
"漕三百万石","1","1","2"
"左冯翊贾胜","1","1","2"
"冯翊贾胜胡","1","1","2"
"辽东乌桓反","1","1","2"
"明友度辽将","2","0","2"
"友度辽将军","2","0","2"
"度辽将军明","1","1","2"
"辽将军明友","1","1","2"
"击益州反虏","1","1","2"
"击武都反氐","1","1","2"
"介子持节使","2","0","2"
"诛斩楼兰王","2","0","2"
"斩楼兰王安","2","0","2"
"郡国恶少年","2","0","2"
"筑辽东玄菟","1","1","2"
"辽东玄菟城","1","1","2"
"右将军张安","1","1","2"
"元平元年春","1","1","2"
"平元年春二","1","1","2"
"蔡四国流言","1","1","2"
"太子纳史良","1","1","2"
"子纳史良娣","1","1","2"
"皇孙纳王夫","1","1","2"
"孙纳王夫人","1","1","2"
"治巫蛊郡邸","2","0","2"
"淮阳赵征卿","1","1","2"
"望气者言长","2","0","2"
"气者言长安","2","0","2"
"者言长安狱","2","0","2"
"言长安狱中","2","0","2"
"长安狱中天","2","0","2"
"安狱中天子","2","0","2"
"狱中天子气","2","0","2"
"上遣使者分","2","0","2"
"遣使者分条","2","0","2"
"使者分条中","2","0","2"
"者分条中都","2","0","2"
"分条中都官","2","0","2"
"令郭穰夜郡","2","0","2"
"郭穰夜郡邸","2","0","2"
"穰夜郡邸狱","2","0","2"
"母史良娣家","1","1","2"
"诏掖庭养视","2","0","2"
"祖母家史氏","1","1","2"
"长安尚冠里","1","1","2"
"将军霍光请","1","1","2"
"军霍光请皇","1","1","2"
"霍光请皇后","1","1","2"
"王受皇帝玺","2","0","2"
"择支子孙贤","1","1","2"
"车奉迎曾孙","1","1","2"
"赐诸侯王下","2","0","2"
"本始元年春","1","1","2"
"平侯安世万","1","1","2"
"侯安世万户","1","1","2"
"故丞相安平","1","1","2"
"丞相安平侯","1","1","2"
"将军安世建","1","1","2"
"军安世建议","1","1","2"
"安世建议定","1","1","2"
"世建议定策","1","1","2"
"丞相阳平侯","1","1","2"
"度辽将军平","1","1","2"
"辽将军平陵","1","1","2"
"将军平陵侯","1","1","2"
"前将军龙雒","1","1","2"
"将军龙雒侯","1","1","2"
"太仆建平侯","1","1","2"
"谏大夫宜春","1","1","2"
"大夫宜春侯","1","1","2"
"杜侯屠耆堂","1","1","2"
"长信少府关","1","1","2"
"信少府关内","1","1","2"
"少府关内侯","1","1","2"
"光禄大夫吉","2","0","2"
"爵皆关内侯","2","0","2"
"郡国举文学","1","1","2"
"国举文学高","1","1","2"
"举文学高第","1","1","2"
"文学高第一","2","0","2"
"学高第一人","2","0","2"
"赐吏二千石","1","1","2"
"故皇太子湖","2","0","2"
"帝巡狩所幸","2","0","2"
"巡狩所幸郡","2","0","2"
"狩所幸郡国","2","0","2"
"关东轻车锐","1","1","2"
"东轻车锐卒","1","1","2"
"选郡国吏三","2","0","2"
"郡国吏三百","2","0","2"
"国吏三百石","2","0","2"
"吏三百石伉","2","0","2"
"三百石伉健","2","0","2"
"百石伉健习","2","0","2"
"石伉健习骑","2","0","2"
"伉健习骑射","2","0","2"
"健习骑射者","2","0","2"
"者地震北海","2","0","2"
"二千石博问","2","0","2"
"地节元年春","1","1","2"
"节元年春正","1","1","2"
"宗室属未尽","2","0","2"
"室属未尽罪","2","0","2"
"属未尽罪绝","2","0","2"
"军博陆侯宿","1","1","2"
"博陆侯宿卫","1","1","2"
"陆侯宿卫孝","1","1","2"
"侯宿卫孝武","1","1","2"
"宿卫孝武皇","1","1","2"
"卫孝武皇帝","1","1","2"
"孝昭皇帝十","1","1","2"
"五日一听事","2","0","2"
"丞相下奉职","2","0","2"
"流民占八万","2","0","2"
"民占八万余","2","0","2"
"占八万余口","2","0","2"
"贤良方正亲","2","0","2"
"赐广陵王黄","1","1","2"
"广陵王黄金","1","1","2"
"陵王黄金千","1","1","2"
"王黄金千斤","1","1","2"
"侯王十五人","1","1","2"
"王十五人黄","1","1","2"
"十五人黄金","1","1","2"
"人黄金二十","1","1","2"
"故举贤良方","2","0","2"
"令郡国举孝","2","0","2"
"置廷尉平四","1","1","2"
"廷尉平四人","1","1","2"
"侯萧何曾孙","1","1","2"
"上请廷尉闻","2","0","2"
"报冠阳侯霍","1","1","2"
"阳侯霍云谋","1","1","2"
"使女侍医淳","1","1","2"
"吏营私烦扰","1","1","2"
"二千石下六","2","0","2"
"千石下六百","2","0","2"
"石下六百石","2","0","2"
"皇帝功臣绛","1","1","2"
"帝功臣绛侯","1","1","2"
"功臣绛侯周","1","1","2"
"臣绛侯周勃","1","1","2"
"中二千石一","1","1","2"
"中郎将史曾","1","1","2"
"长乐卫尉许","1","1","2"
"乐卫尉许舜","1","1","2"
"光禄大夫许","1","1","2"
"禄大夫许延","1","1","2"
"大夫许延寿","1","1","2"
"贺辅导朕躬","1","1","2"
"修文学经术","2","0","2"
"子侍中中郎","1","1","2"
"中中郎将彭","1","1","2"
"中郎将彭祖","1","1","2"
"彭祖阳都侯","2","0","2"
"赐贺谥曰阳","2","0","2"
"贺谥曰阳都","2","0","2"
"谥曰阳都哀","2","0","2"
"曰阳都哀侯","2","0","2"
"中大夫强等","1","1","2"
"二人循行天","2","0","2"
"翁归子黄金","2","0","2"
"归子黄金百","2","0","2"
"马卫将军安","1","1","2"
"卫将军安世","1","1","2"
"爵元年春正","1","1","2"
"金芝九茎产","1","1","2"
"函德殿铜池","1","1","2"
"德殿铜池中","1","1","2"
"武贤破羌将","2","0","2"
"贤破羌将军","2","0","2"
"故大司农朱","1","1","2"
"邑子黄金百","2","0","2"
"后将军充国","2","0","2"
"金城属国处","2","0","2"
"城属国处降","2","0","2"
"属国处降羌","2","0","2"
"都尉郑吉迎","1","1","2"
"尉郑吉迎日","1","1","2"
"司隶校尉盖","1","1","2"
"隶校尉盖宽","1","1","2"
"校尉盖宽饶","1","1","2"
"太守黄霸治","2","0","2"
"守黄霸治行","2","0","2"
"令内郡国举","2","0","2"
"河南太守严","1","1","2"
"南太守严延","1","1","2"
"太守严延年","1","1","2"
"五凤元年春","1","1","2"
"凤元年春正","1","1","2"
"列侯嗣子爵","2","0","2"
"侯嗣子爵五","2","0","2"
"嗣子爵五大","2","0","2"
"子爵五大夫","2","0","2"
"翊韩延寿罪","2","0","2"
"平通侯杨恽","1","1","2"
"匈奴数边寇","2","0","2"
"众五万余人","1","1","2"
"长乐宫东阙","1","1","2"
"乐宫东阙中","1","1","2"
"宫东阙中树","1","1","2"
"东阙中树上","1","1","2"
"耿寿昌奏设","2","0","2"
"寿昌奏设常","2","0","2"
"昌奏设常平","2","0","2"
"奏设常平仓","2","0","2"
"御史掾二十","1","1","2"
"史掾二十四","1","1","2"
"掾二十四人","1","1","2"
"二十四人循","1","1","2"
"十四人循行","1","1","2"
"甘露元年春","1","1","2"
"露元年春正","1","1","2"
"黄龙见新丰","2","0","2"
"遣护军都尉","1","1","2"
"护军都尉禄","1","1","2"
"阳宫属玉观","1","1","2"
"呼韩邪单款","2","0","2"
"韩邪单款五","2","0","2"
"邪单款五原","2","0","2"
"单款五原塞","2","0","2"
"朝三年正月","2","0","2"
"先京师后诸","2","0","2"
"京师后诸夏","2","0","2"
"先诸夏后夷","2","0","2"
"诸夏后夷狄","2","0","2"
"匈奴单乡风","2","0","2"
"奴单乡风慕","2","0","2"
"单非正朔所","2","0","2"
"非正朔所加","2","0","2"
"礼仪宜诸侯","2","0","2"
"仪宜诸侯王","2","0","2"
"盖闻五帝三","2","0","2"
"匈奴单称北","2","0","2"
"呼韩邪单稽","2","0","2"
"韩邪单稽侯","2","0","2"
"邪单稽侯犭","2","0","2"
"单稽侯犭册","2","0","2"
"上甘泉宿池","2","0","2"
"甘泉宿池阳","2","0","2"
"泉宿池阳宫","2","0","2"
"遣长乐卫尉","2","0","2"
"赐汝南太守","1","1","2"
"汝南太守帛","1","1","2"
"太傅萧望等","2","0","2"
"广川王海阳","1","1","2"
"未央宫宣室","1","1","2"
"央宫宣室阁","1","1","2"
"黄龙元年春","1","1","2"
"龙元年春正","1","1","2"
"盖闻上古治","2","0","2"
"方天下少事","2","0","2"
"吏六百石位","1","1","2"
"尊皇太后曰","2","0","2"
"皇太后曰太","2","0","2"
"太后曰太皇","2","0","2"
"后曰太皇太","2","0","2"
"陛下持刑太","1","1","2"
"下持刑太深","1","1","2"
"王母张婕妤","2","0","2"
"初元元年春","1","1","2"
"年春正月辛","2","0","2"
"封外祖父平","1","1","2"
"外祖父平恩","1","1","2"
"祖父平恩戴","1","1","2"
"父平恩戴侯","1","1","2"
"子中常侍许","1","1","2"
"中常侍许嘉","1","1","2"
"朕承先帝圣","2","0","2"
"承先帝圣绪","2","0","2"
"光禄大夫褒","1","1","2"
"禄大夫褒等","1","1","2"
"大夫褒等十","1","1","2"
"夫褒等十二","1","1","2"
"褒等十二人","1","1","2"
"池属少府者","2","0","2"
"属少府者假","2","0","2"
"少府者假贫","2","0","2"
"府者假贫民","2","0","2"
"宗室属籍者","2","0","2"
"属籍者马一","2","0","2"
"籍者马一匹","2","0","2"
"者马一匹二","2","0","2"
"马一匹二驷","2","0","2"
"上郡属国降","1","1","2"
"郡属国降胡","1","1","2"
"降胡万余人","2","0","2"
"人亡入匈奴","2","0","2"
"关东郡国十","1","1","2"
"东郡国十一","1","1","2"
"御幸者勿缮","2","0","2"
"幸者勿缮治","2","0","2"
"盖闻贤圣位","2","0","2"
"朕恭承天地","1","1","2"
"城郭官寺民","2","0","2"
"郭官寺民室","2","0","2"
"官寺民室屋","2","0","2"
"间者岁数登","2","0","2"
"减省便万姓","2","0","2"
"省便万姓者","2","0","2"
"齐地人相食","1","1","2"
"诏吏虚仓廪","2","0","2"
"悉意陈朕过","2","0","2"
"故前将军望","2","0","2"
"夏四月乙未","2","0","2"
"茂陵白鹤馆","1","1","2"
"朕战栗恐惧","1","1","2"
"关东连遭灾","1","1","2"
"东连遭灾害","1","1","2"
"宗室子属籍","2","0","2"
"室子属籍者","2","0","2"
"刑罚七十余","1","1","2"
"除光禄大夫","1","1","2"
"大夫贡禹卒","2","0","2"
"永光元年春","1","1","2"
"光元年春正","1","1","2"
"三王任贤使","1","1","2"
"王任贤使能","1","1","2"
"百石上爵五","2","0","2"
"石上爵五大","2","0","2"
"上爵五大夫","2","0","2"
"勤事吏二级","2","0","2"
"中都官长吏","1","1","2"
"朕战战栗栗","1","1","2"
"太常任千秋","1","1","2"
"夏四月癸未","2","0","2"
"公卿大夫勉","2","0","2"
"百姓远弃先","1","1","2"
"姓远弃先祖","1","1","2"
"远弃先祖坟","1","1","2"
"弃先祖坟墓","1","1","2"
"孝惠皇帝寝","2","0","2"
"惠皇帝寝庙","2","0","2"
"皇帝寝庙园","2","0","2"
"建昭元年春","1","1","2"
"昭元年春三","1","1","2"
"太皇太后上","1","1","2"
"皇太后上官","1","1","2"
"太后上官氏","1","1","2"
"令三辅都尉","1","1","2"
"秩皆二千石","2","0","2"
"域骑都尉甘","1","1","2"
"骑都尉甘延","1","1","2"
"都尉甘延寿","1","1","2"
"西域胡兵攻","1","1","2"
"域胡兵攻郅","1","1","2"
"胡兵攻郅支","1","1","2"
"兵攻郅支单","1","1","2"
"间者阴阳调","2","0","2"
"临遣谏大夫","2","0","2"
"大夫博士赏","1","1","2"
"夫博士赏等","1","1","2"
"举茂材特立","1","1","2"
"蓝田地沙石","1","1","2"
"闻明王治国","1","1","2"
"奴郅支单背","2","0","2"
"臣外祖兄弟","1","1","2"
"丹护太子家","2","0","2"
"年春正月乙","2","0","2"
"皇曾祖悼考","1","1","2"
"曾祖悼考庙","1","1","2"
"右将军长史","1","1","2"
"将军长史姚","1","1","2"
"军长史姚尹","1","1","2"
"长史姚尹等","1","1","2"
"央宫殿中朝","1","1","2"
"中都官耐罪","2","0","2"
"太子博望苑","1","1","2"
"诸逋租赋所","2","0","2"
"逋租赋所振","2","0","2"
"租赋所振贷","2","0","2"
"赋所振贷勿","2","0","2"
"上小女陈持","2","0","2"
"小女陈持弓","2","0","2"
"故讹言大水","1","1","2"
"谏大夫林等","1","1","2"
"大夫林等循","1","1","2"
"夫林等循行","1","1","2"
"林等循行天","1","1","2"
"盖闻天生众","2","0","2"
"置尚书员五","1","1","2"
"尚书员五人","1","1","2"
"河平元年春","1","1","2"
"平元年春三","1","1","2"
"赐天下吏民","1","1","2"
"天下吏民爵","1","1","2"
"春二月丙戌","2","0","2"
"求遗书天下","2","0","2"
"光禄大夫博","1","1","2"
"禄大夫博士","1","1","2"
"大夫博士嘉","1","1","2"
"夫博士嘉等","1","1","2"
"博士嘉等十","1","1","2"
"士嘉等十一","1","1","2"
"嘉等十一人","1","1","2"
"御史中二千","1","1","2"
"史中二千石","1","1","2"
"百八十人杀","1","1","2"
"御史大夫永","2","0","2"
"史大夫永卒","2","0","2"
"鸿嘉元年春","1","1","2"
"嘉元年春二","1","1","2"
"谏大夫理等","1","1","2"
"博士行饮酒","1","1","2"
"士行饮酒礼","1","1","2"
"秋八月乙卯","2","0","2"
"广汉男子郑","1","1","2"
"汉男子郑躬","1","1","2"
"子郑躬等六","1","1","2"
"郑躬等六十","1","1","2"
"躬等六十余","1","1","2"
"等六十余人","1","1","2"
"六十余人攻","1","1","2"
"广汉郑躬等","1","1","2"
"汉郑躬等党","1","1","2"
"都尉赵护广","2","0","2"
"尉赵护广汉","2","0","2"
"赵护广汉太","2","0","2"
"护广汉太守","2","0","2"
"立皇后赵氏","1","1","2"
"太皇太后王","1","1","2"
"皇太后王氏","1","1","2"
"年春正月己","2","0","2"
"二月癸未夜","2","0","2"
"侍中卫尉长","2","0","2"
"中卫尉长数","2","0","2"
"卫尉长数白","2","0","2"
"尉长数白宜","2","0","2"
"徙家反故处","2","0","2"
"公卿议者皆","2","0","2"
"议者皆合长","2","0","2"
"者皆合长计","2","0","2"
"赐长爵关内","2","0","2"
"长爵关内侯","2","0","2"
"史大夫王骏","1","1","2"
"临遣太中大","2","0","2"
"中大夫嘉等","1","1","2"
"太后诏司复","2","0","2"
"陈仓陈宝祠","1","1","2"
"徒李谭等五","1","1","2"
"李谭等五人","1","1","2"
"徒苏令等二","1","1","2"
"苏令等二百","1","1","2"
"令等二百二","1","1","2"
"等二百二十","1","1","2"
"二十八人攻","1","1","2"
"十八人攻杀","1","1","2"
"八人攻杀长","1","1","2"
"人攻杀长吏","1","1","2"
"御史中丞持","1","1","2"
"汝南太守严","1","1","2"
"南太守严讠","1","1","2"
"太守严讠斤","1","1","2"
"守严讠斤捕","1","1","2"
"严讠斤捕斩","1","1","2"
"赐云阳吏民","1","1","2"
"云阳吏民爵","1","1","2"
"长乐临华殿","1","1","2"
"二十二郡举","1","1","2"
"大将军王商","1","1","2"
"将军王商薨","1","1","2"
"昭仪赵氏害","1","1","2"
"害后宫皇子","2","0","2"
"承太祖鸿业","1","1","2"
"闻王者必存","1","1","2"
"年三岁嗣立","2","0","2"
"三岁嗣立王","2","0","2"
"元延四年入","1","1","2"
"少弟中山孝","1","1","2"
"赵昭仪帝舅","2","0","2"
"昭仪帝舅票","2","0","2"
"仪帝舅票骑","2","0","2"
"帝舅票骑将","2","0","2"
"舅票骑将军","2","0","2"
"执金吾任宏","1","1","2"
"绥二年三月","2","0","2"
"赐宗室王子","1","1","2"
"食邑长信宫","2","0","2"
"益封二千户","2","0","2"
"安阳侯舜辅","1","1","2"
"阳侯舜辅导","1","1","2"
"丧太后三年","2","0","2"
"公主名田县","2","0","2"
"主名田县道","2","0","2"
"博士弟子父","1","1","2"
"士弟子父母","1","1","2"
"弟子父母死","1","1","2"
"赐死者棺钱","2","0","2"
"中骑都尉新","1","1","2"
"骑都尉新成","1","1","2"
"都尉新成侯","1","1","2"
"尉新成侯赵","1","1","2"
"新成侯赵钦","2","0","2"
"能直言通政","1","1","2"
"直言通政事","1","1","2"
"推亲亲显尊","2","0","2"
"亲亲显尊尊","2","0","2"
"定陶恭皇号","2","0","2"
"陶恭皇号宜","2","0","2"
"恭皇号宜复","2","0","2"
"皇号宜复称","2","0","2"
"号宜复称定","2","0","2"
"宜复称定陶","2","0","2"
"昔季武子成","2","0","2"
"季武子成寝","2","0","2"
"孝子事亡事","2","0","2"
"子事亡事存","2","0","2"
"帝太后宜陵","2","0","2"
"太后宜陵恭","2","0","2"
"后宜陵恭皇","2","0","2"
"宜陵恭皇园","2","0","2"
"近郡国五万","1","1","2"
"郡国五万人","1","1","2"
"汉家历运中","1","1","2"
"家历运中衰","1","1","2"
"汉兴二百载","2","0","2"
"皇天降非材","2","0","2"
"汉国获受命","2","0","2"
"国获受命符","2","0","2"
"减死二等论","1","1","2"
"太后所居桂","1","1","2"
"后所居桂宫","1","1","2"
"所居桂宫正","1","1","2"
"居桂宫正殿","1","1","2"
"桂宫正殿火","1","1","2"
"传行西王母","1","1","2"
"二千石举明","2","0","2"
"兵法大虑者","2","0","2"
"庙殿门铜龟","1","1","2"
"殿门铜龟蛇","1","1","2"
"中山孝王子","2","0","2"
"皇太后诏曰","2","0","2"
"贬皇太后赵","1","1","2"
"哀帝皇后傅","1","1","2"
"帝皇后傅氏","1","1","2"
"皇后傅氏退","1","1","2"
"后傅氏退居","1","1","2"
"傅氏退居桂","1","1","2"
"氏退居桂宫","1","1","2"
"少府董恭等","1","1","2"
"皇太后临朝","1","1","2"
"元始元年春","1","1","2"
"群臣奏言大","1","1","2"
"臣奏言大司","1","1","2"
"奏言大司马","1","1","2"
"莽功德周公","2","0","2"
"故东平王云","2","0","2"
"云太子开明","2","0","2"
"故桃乡顷侯","1","1","2"
"桃乡顷侯子","2","0","2"
"乡顷侯子成","2","0","2"
"顷侯子成都","2","0","2"
"仆王恽等二","1","1","2"
"王恽等二十","1","1","2"
"恽等二十五","1","1","2"
"等二十五人","1","1","2"
"议定陶傅太","1","1","2"
"傅太后尊号","1","1","2"
"执金吾任岑","1","1","2"
"中郎将孔永","1","1","2"
"沛郡太守石","1","1","2"
"郡太守石诩","1","1","2"
"事周密勤劳","1","1","2"
"下吏二千石","2","0","2"
"元寿二年仓","1","1","2"
"帝母中山孝","1","1","2"
"母中山孝王","1","1","2"
"中山孝王姬","1","1","2"
"褒成宣尼公","1","1","2"
"所食汤沐邑","1","1","2"
"食汤沐邑十","1","1","2"
"汤沐邑十县","1","1","2"
"太师光奉太","1","1","2"
"师光奉太牢","1","1","2"
"光奉太牢告","1","1","2"
"故大司马博","1","1","2"
"平侯张敖玄","1","1","2"
"侯张敖玄孙","1","1","2"
"敖玄孙庆忌","2","0","2"
"绛侯周勃玄","1","1","2"
"侯周勃玄孙","1","1","2"
"舞阳侯樊哙","1","1","2"
"阳侯樊哙玄","1","1","2"
"侯樊哙玄孙","1","1","2"
"哙玄孙子章","2","0","2"
"二百三十人","1","1","2"
"谒者大司马","1","1","2"
"者大司马掾","1","1","2"
"大司马掾四","1","1","2"
"司马掾四十","1","1","2"
"马掾四十四","1","1","2"
"掾四十四人","1","1","2"
"四十四人持","1","1","2"
"执金吾侯陈","1","1","2"
"金吾侯陈茂","1","1","2"
"南阳勇敢吏","1","1","2"
"阳勇敢吏士","1","1","2"
"勇敢吏士三","1","1","2"
"敢吏士三百","1","1","2"
"吏士三百人","1","1","2"
"成重等二百","1","1","2"
"重等二百余","1","1","2"
"等二百余人","1","1","2"
"阳陵任横等","1","1","2"
"郊祀高祖配","2","0","2"
"祀高祖配天","2","0","2"
"改殷绍嘉公","1","1","2"
"多拘系犯法","1","1","2"
"拘系犯法者","1","1","2"
"加安汉公号","1","1","2"
"安汉公号曰","2","0","2"
"汉公号曰宰","2","0","2"
"公号曰宰衡","2","0","2"
"赐公太夫人","2","0","2"
"公太夫人号","2","0","2"
"太夫人号曰","2","0","2"
"子世世献祭","1","1","2"
"十一元士官","1","1","2"
"一元士官名","1","1","2"
"大风吹长安","2","0","2"
"风吹长安城","2","0","2"
"吹长安城东","2","0","2"
"安城东门屋","2","0","2"
"城东门屋瓦","2","0","2"
"东门屋瓦尽","2","0","2"
"列侯百二十","2","0","2"
"侯百二十人","2","0","2"
"祖高皇帝子","1","1","2"
"高皇帝子孙","1","1","2"
"刘歆等四人","1","1","2"
"皇帝年十四","1","1","2"
"伏羲画八卦","1","1","2"
"孝武帝时乐","1","1","2"
"武帝时乐官","1","1","2"
"百七十一枚","1","1","2"
"天地五位合","2","0","2"
"地五位合终","2","0","2"
"五位合终十","2","0","2"
"位合终十者","2","0","2"
"合终十者乘","2","0","2"
"八百一十分","1","1","2"
"百三十九岁","2","0","2"
"三百六十分","1","1","2"
"六百四十分","1","1","2"
"二千一百八","1","1","2"
"一百八十七","1","1","2"
"五百六十一","1","1","2"
"然后阴阳万","1","1","2"
"后阴阳万物","1","1","2"
"子谷秬黍中","2","0","2"
"谷秬黍中者","2","0","2"
"百八十四铢","1","1","2"
"五百二十铢","1","1","2"
"四百八十两","1","1","2"
"重百二十斤","2","0","2"
"九百二十两","1","1","2"
"百八十四爻","1","1","2"
"五百二十物","1","1","2"
"武帝元封七","1","1","2"
"帝元封七年","1","1","2"
"大中大夫公","1","1","2"
"大夫公孙卿","1","1","2"
"陛下发圣德","1","1","2"
"大典星射姓","1","1","2"
"典星射姓等","1","1","2"
"上元泰初四","1","1","2"
"元泰初四千","1","1","2"
"泰初四千六","1","1","2"
"初四千六百","1","1","2"
"百一十七岁","2","0","2"
"百七十一分","1","1","2"
"八十一分律","1","1","2"
"十一分律历","1","1","2"
"太史令张寿","1","1","2"
"史令张寿王","1","1","2"
"司农中丞麻","1","1","2"
"农中丞麻光","1","1","2"
"中丞麻光等","1","1","2"
"等二十余人","2","0","2"
"元凤三年十","1","1","2"
"凤三年十一","1","1","2"
"五年十二月","1","1","2"
"长安单安国","1","1","2"
"三千六百二","1","1","2"
"民受天地中","2","0","2"
"受天地中生","2","0","2"
"能者败取祸","2","0","2"
"太极中央元","1","1","2"
"极中央元气","1","1","2"
"亡事必书时","2","0","2"
"事必书时月","2","0","2"
"参天数二十","2","0","2"
"三百七十四","1","1","2"
"次七百二十","2","0","2"
"四千五百六","1","1","2"
"二十年二月","1","1","2"
"十年二月己","1","1","2"
"年二月己丑","1","1","2"
"三辰五星相","1","1","2"
"六万九千一","1","1","2"
"九千一百二","1","1","2"
"十三万八千","1","1","2"
"三万八千二","1","1","2"
"八千二百四","1","1","2"
"二百六十二","1","1","2"
"百六十二万","1","1","2"
"六十二万六","1","1","2"
"七百八十七","1","1","2"
"百八十七万","1","1","2"
"八十七万九","1","1","2"
"七万九千六","1","1","2"
"百六十三万","1","1","2"
"六十三万九","1","1","2"
"始黄钟初九","1","1","2"
"法一千五百","2","0","2"
"二百三十五","1","1","2"
"二千三百九","1","1","2"
"三百九十二","1","1","2"
"五百九十八","1","1","2"
"四万五百三","2","0","2"
"五十六万二","1","1","2"
"六万二千一","1","1","2"
"二千一百二","1","1","2"
"二百五十四","1","1","2"
"六千三百四","1","1","2"
"会数乘朔望","1","1","2"
"五万七千一","1","1","2"
"八千四百六","1","1","2"
"五万五千四","1","1","2"
"小周乘坤策","2","0","2"
"七百三十六","1","1","2"
"四百五十六","1","1","2"
"四百一十三","1","1","2"
"七百一十八","1","1","2"
"八百五十六","1","1","2"
"五千一百九","1","1","2"
"二万六千八","1","1","2"
"八百四十八","1","1","2"
"六万三千三","1","1","2"
"中余四千一","2","0","2"
"余四千一百","2","0","2"
"四千一百六","1","1","2"
"一百六十三","1","1","2"
"九百一十一","1","1","2"
"四千一百二","1","1","2"
"九千三百四","1","1","2"
"三百四十三","1","1","2"
"万四千六百","1","1","2"
"六百八十二","1","1","2"
"二万八千二","1","1","2"
"二百二十四","1","1","2"
"九西七乘岁","1","1","2"
"西七乘岁数","1","1","2"
"日行十一分","2","0","2"
"行十一分度","2","0","2"
"十一分度二","2","0","2"
"日百八十二","2","0","2"
"三百六十二","1","1","2"
"百六十二分","1","1","2"
"百六十五分","1","1","2"
"六十六万一","1","1","2"
"百八十六分","1","1","2"
"分度百四十","2","0","2"
"度百四十五","2","0","2"
"日行二分度","2","0","2"
"行二分度一","2","0","2"
"日行四十六","2","0","2"
"四十六分度","2","0","2"
"分度三十三","2","0","2"
"二分度十五","2","0","2"
"百八十四日","2","0","2"
"凡见二百四","2","0","2"
"见二百四十","2","0","2"
"百四十四度","1","1","2"
"日百七分日","2","0","2"
"七分日四十","1","1","2"
"分日四十五","1","1","2"
"百四十一度","1","1","2"
"二百五十七","1","1","2"
"行星二百二","1","1","2"
"星二百二十","1","1","2"
"二百二十六","1","1","2"
"百二十六度","1","1","2"
"二十六度六","1","1","2"
"十六度六百","1","1","2"
"六度六百九","1","1","2"
"度六百九十","1","1","2"
"六百九十万","1","1","2"
"百九十万七","1","1","2"
"九十万七千","1","1","2"
"十万七千四","1","1","2"
"百六十九分","1","1","2"
"十五分度一","2","0","2"
"行八十一分","1","1","2"
"百三万二千","2","0","2"
"二千六百二","1","1","2"
"六百二十五","1","1","2"
"百二十五分","1","1","2"
"行星十二度","1","1","2"
"三百二十一","1","1","2"
"二十一万五","1","1","2"
"一万五百分","1","1","2"
"行四千三百","1","1","2"
"三百二十分","1","1","2"
"日行九十二","2","0","2"
"十二分度五","2","0","2"
"二分度五十","2","0","2"
"分度五十三","2","0","2"
"百七十六日","2","0","2"
"行六十二分","1","1","2"
"六百三十四","1","1","2"
"定行星三百","1","1","2"
"日千五百六","2","0","2"
"行星百一十","2","0","2"
"百一十四度","1","1","2"
"一十四度八","1","1","2"
"十四度八百","1","1","2"
"四度八百二","1","1","2"
"万八千五分","2","0","2"
"行星四百一","1","1","2"
"星四百一十","1","1","2"
"百一十五度","1","1","2"
"一十五度八","1","1","2"
"十五度八百","1","1","2"
"五度八百二","1","1","2"
"百二十四分","1","1","2"
"七千三百五","1","1","2"
"行七分度六","2","0","2"
"日行一度三","2","0","2"
"一度三分度","2","0","2"
"度三分度一","2","0","2"
"行星二十八","1","1","2"
"星二十八度","1","1","2"
"行一度九分","1","1","2"
"行星六十八","1","1","2"
"星六十八度","1","1","2"
"六十八度四","1","1","2"
"十八度四千","1","1","2"
"八度四千六","1","1","2"
"六十一万一","2","0","2"
"十一万一百","2","0","2"
"一万一百二","2","0","2"
"万一百二十","2","0","2"
"十五日一亿","2","0","2"
"五日一亿二","2","0","2"
"行星九十六","1","1","2"
"星九十六度","1","1","2"
"九十六度四","1","1","2"
"十六度四千","1","1","2"
"六度四千六","1","1","2"
"日二分日一","2","0","2"
"行星二十六","1","1","2"
"星二十六度","1","1","2"
"五千八百六","1","1","2"
"八百六十六","1","1","2"
"二千八百二","1","1","2"
"八百二十分","1","1","2"
"行星十九度","1","1","2"
"星十九度七","1","1","2"
"十九度七千","1","1","2"
"九度七千五","1","1","2"
"度七千五百","1","1","2"
"百四十一万","1","1","2"
"四十一万九","1","1","2"
"一万九千四","1","1","2"
"九千四百七","1","1","2"
"四百七十七","1","1","2"
"百七十七分","1","1","2"
"置太极上元","2","0","2"
"月法乘积月","1","1","2"
"大余二十九","1","1","2"
"小余四十三","1","1","2"
"小余三十一","1","1","2"
"十二乘闰余","1","1","2"
"策余乘入统","1","1","2"
"余乘入统岁","1","1","2"
"大余四十五","1","1","2"
"小余千一十","2","0","2"
"中部二十四","1","1","2"
"部二十四气","1","1","2"
"十九乘小余","1","1","2"
"盈统法一度","2","0","2"
"章岁乘月小","1","1","2"
"岁乘月小余","1","1","2"
"月周乘月小","1","1","2"
"周乘月小余","1","1","2"
"十二乘小余","1","1","2"
"会余岁积月","1","1","2"
"盈百三十五","2","0","2"
"星所见中次","2","0","2"
"分乘定见复","2","0","2"
"乘定见复数","2","0","2"
"元中除积中","1","1","2"
"章岁乘中余","1","1","2"
"章月除月元","1","1","2"
"月除月元余","1","1","2"
"中法乘中元","1","1","2"
"法乘中元余","1","1","2"
"数除积日法","2","0","2"
"月法乘月元","1","1","2"
"法乘月元余","1","1","2"
"入中次日度","1","1","2"
"中次日度数","1","1","2"
"中法乘中余","1","1","2"
"见中日法一","2","0","2"
"月法乘月余","1","1","2"
"分母分度数","1","1","2"
"母分度数乘","1","1","2"
"分度数乘全","1","1","2"
"百四十五乘","1","1","2"
"六十除积次","1","1","2"
"百七十一岁","2","0","2"
"前四度五分","1","1","2"
"章首朔旦冬","1","1","2"
"天下号曰高","2","0","2"
"颛顼生穷蝉","1","1","2"
"商十二月乙","1","1","2"
"月乙丑朔旦","1","1","2"
"乙丑朔旦冬","1","1","2"
"商十二月甲","1","1","2"
"十二月甲申","1","1","2"
"二月甲申朔","1","1","2"
"四百五十八","1","1","2"
"孟统后五章","1","1","2"
"二千一百一","1","1","2"
"百二十七岁","2","0","2"
"四万二千一","1","1","2"
"殷十一月戊","1","1","2"
"十一月戊子","1","1","2"
"析木箕七度","1","1","2"
"正月辛卯朔","1","1","2"
"师行三十里","2","0","2"
"二月癸亥夜","1","1","2"
"闰数余十八","1","1","2"
"二月己丑晦","1","1","2"
"闰月庚寅朔","1","1","2"
"崩后四年武","1","1","2"
"后四年武王","1","1","2"
"正月丁巳朔","1","1","2"
"月丁巳朔旦","1","1","2"
"丁巳朔旦冬","1","1","2"
"炀公七十六","1","1","2"
"入孟统二十","1","1","2"
"孟统二十九","1","1","2"
"统二十九章","1","1","2"
"周公七年复","1","1","2"
"公七年复子","1","1","2"
"七年复子明","1","1","2"
"年复子明辟","1","1","2"
"十二月戊辰","1","1","2"
"二月戊辰晦","1","1","2"
"成王元年正","1","1","2"
"王元年正月","1","1","2"
"十五日甲子","1","1","2"
"康王十二年","1","1","2"
"王十二年六","1","1","2"
"年六月戊辰","1","1","2"
"年六月庚午","1","1","2"
"康王十六年","1","1","2"
"炀公二十四","1","1","2"
"二十四年正","1","1","2"
"十四年正月","1","1","2"
"四年正月丙","1","1","2"
"年正月丙申","1","1","2"
"正月丙申朔","1","1","2"
"月丙申朔旦","1","1","2"
"丙申朔旦冬","1","1","2"
"公位五十年","2","0","2"
"懿公九年正","1","1","2"
"公九年正月","1","1","2"
"九年正月癸","1","1","2"
"年正月癸巳","1","1","2"
"惠公七十六","1","1","2"
"叔父孝公称","1","1","2"
"惠公三十八","1","1","2"
"公三十八年","1","1","2"
"三十八年正","1","1","2"
"十八年正月","1","1","2"
"八年正月壬","1","1","2"
"年正月壬申","1","1","2"
"三百八十六","1","1","2"
"百八十六年","1","1","2"
"子愍公启方","1","1","2"
"公五年正月","1","1","2"
"五年正月辛","1","1","2"
"年正月辛亥","1","1","2"
"成公七十六","1","1","2"
"四万二千五","2","0","2"
"五百七十七","1","1","2"
"孟统五十三","1","1","2"
"统五十三章","1","1","2"
"公位十八年","2","0","2"
"子成公黑肱","1","1","2"
"成公十二年","1","1","2"
"公十二年正","1","1","2"
"二年正月庚","1","1","2"
"年正月庚寅","1","1","2"
"正月庚寅朔","1","1","2"
"襄公二十七","1","1","2"
"冬十一月乙","1","1","2"
"十八年辛亥","2","0","2"
"八年辛亥百","2","0","2"
"辛亥百一十","2","0","2"
"夏正月甲子","1","1","2"
"正月甲子朔","1","1","2"
"百四十五甲","1","1","2"
"四十五甲子","1","1","2"
"六千六百六","2","0","2"
"千六百六旬","2","0","2"
"辛亥百三十","2","0","2"
"二十年春王","1","1","2"
"十年春王正","1","1","2"
"辛亥后八章","1","1","2"
"亥后八章首","1","1","2"
"正月己丑朔","1","1","2"
"公十二年冬","1","1","2"
"元公四年正","1","1","2"
"四年正月戊","1","1","2"
"康公七十六","1","1","2"
"康公四年正","1","1","2"
"四年正月丁","1","1","2"
"正月丁亥朔","1","1","2"
"缗公七十六","1","1","2"
"缗公二十二","1","1","2"
"公二十二年","1","1","2"
"二十二年正","1","1","2"
"二年正月丙","1","1","2"
"正月丙寅朔","1","1","2"
"楚元七十六","1","1","2"
"元七十六岁","2","0","2"
"八百六十七","1","1","2"
"汉高祖皇帝","1","1","2"
"东井二十二","1","1","2"
"井二十二度","1","1","2"
"八年十一月","1","1","2"
"十一月乙巳","1","1","2"
"一月乙巳朔","1","1","2"
"元朔七十六","1","1","2"
"元朔六年十","1","1","2"
"朔六年十一","1","1","2"
"十一月甲申","1","1","2"
"一月甲申朔","1","1","2"
"初元七十六","1","1","2"
"前十一月甲","1","1","2"
"星纪婺女六","1","1","2"
"纪婺女六度","1","1","2"
"十一月癸亥","1","1","2"
"一月癸亥朔","1","1","2"
"始建国五年","1","1","2"
"立宗室刘盆","1","1","2"
"宗室刘盆子","1","1","2"
"高祖九世孙","1","1","2"
"祖九世孙受","1","1","2"
"命叔孙通制","1","1","2"
"甚者杀父兄","2","0","2"
"大臣特簿书","2","0","2"
"臣特簿书报","2","0","2"
"非俗吏所能","1","1","2"
"董仲舒对策","1","1","2"
"阳常居大夏","2","0","2"
"阴常居大冬","2","0","2"
"见天任德任","2","0","2"
"天任德任刑","2","0","2"
"阳布施上主","2","0","2"
"布施上主岁","2","0","2"
"施上主岁功","2","0","2"
"王者承天意","2","0","2"
"者承天意事","2","0","2"
"犹阴任成岁","2","0","2"
"废先王德教","2","0","2"
"执法吏治民","2","0","2"
"莫教化大务","2","0","2"
"未尝乱济乱","2","0","2"
"一岁狱万千","2","0","2"
"岁狱万千数","2","0","2"
"甚者必变更","2","0","2"
"者必变更化","2","0","2"
"临政愿治七","2","0","2"
"政愿治七十","2","0","2"
"愿治七十余","2","0","2"
"治七十余岁","2","0","2"
"七十余岁矣","2","0","2"
"公卿幸遭遇","2","0","2"
"卿幸遭遇时","2","0","2"
"未建万世长","2","0","2"
"建万世长策","2","0","2"
"举明主三代","2","0","2"
"明主三代隆","2","0","2"
"主三代隆者","2","0","2"
"俗吏所牧民","2","0","2"
"吏所牧民者","2","0","2"
"非礼义科指","2","0","2"
"礼义科指世","2","0","2"
"义科指世世","2","0","2"
"科指世世通","2","0","2"
"指世世通行","2","0","2"
"世世通行者","2","0","2"
"孔子曰安上","2","0","2"
"子曰安上治","2","0","2"
"曰安上治民","2","0","2"
"大臣延儒生","2","0","2"
"寿何若高宗","2","0","2"
"祀光武皇帝","1","1","2"
"叔孙通所撰","1","1","2"
"王者未作乐","2","0","2"
"者未作乐时","2","0","2"
"先王作乐崇","2","0","2"
"王作乐崇德","2","0","2"
"小人乘君子","2","0","2"
"三月知肉味","2","0","2"
"寡人听古乐","1","1","2"
"唐山夫人所","1","1","2"
"乐府令夏侯","1","1","2"
"府令夏侯宽","1","1","2"
"令夏侯宽备","1","1","2"
"六年更名曰","2","0","2"
"始皇二十六","1","1","2"
"皇二十六年","1","1","2"
"延年协律都","2","0","2"
"年协律都尉","2","0","2"
"丞相匡衡奏","2","0","2"
"太初四年诛","1","1","2"
"元封二年芝","1","1","2"
"谒者常山王","1","1","2"
"者常山王禹","1","1","2"
"常山王禹世","1","1","2"
"弟子宋晔等","1","1","2"
"大夫博士平","1","1","2"
"大儒公孙弘","1","1","2"
"贵戚五侯定","1","1","2"
"戚五侯定陵","1","1","2"
"员六十二人","2","0","2"
"歌鼓员二十","2","0","2"
"员百二十八","2","0","2"
"乐鼓员十三","2","0","2"
"四会员十二","2","0","2"
"会员十二人","2","0","2"
"八百二十九","1","1","2"
"三百八十八","1","1","2"
"四百四十一","1","1","2"
"百四十一人","1","1","2"
"卒七十二人","1","1","2"
"三千六百井","1","1","2"
"六千四百井","1","1","2"
"百一十六里","1","1","2"
"六万四千井","1","1","2"
"六十四万井","1","1","2"
"刑平邦中典","2","0","2"
"刑乱邦重典","2","0","2"
"大辟罚属二","2","0","2"
"辟罚属二百","2","0","2"
"五刑属三千","2","0","2"
"民所错手足","2","0","2"
"中皆称廉平","2","0","2"
"岂民父母意","2","0","2"
"民父母意哉","2","0","2"
"御史大夫冯","1","1","2"
"史大夫冯敬","1","1","2"
"笞三百曰二","2","0","2"
"三百曰二百","2","0","2"
"大夫卫绾请","1","1","2"
"三百五十九","1","1","2"
"八百八十二","1","1","2"
"廷史路温舒","1","1","2"
"史路温舒上","1","1","2"
"时涿郡太守","1","1","2"
"涿郡太守郑","1","1","2"
"郡太守郑昌","1","1","2"
"太守郑昌上","1","1","2"
"成帝河平中","2","0","2"
"高皇帝七年","1","1","2"
"孝景中五年","2","0","2"
"年复下诏曰","2","0","2"
"八百八十亩","1","1","2"
"八岁入小学","2","0","2"
"百八十万石","1","1","2"
"百三十五石","1","1","2"
"女子纺绩足","2","0","2"
"方二三千里","2","0","2"
"粟米布帛生","1","1","2"
"封丞相富民","2","0","2"
"丞相富民侯","2","0","2"
"田一井一屋","1","1","2"
"丞耿寿昌善","1","1","2"
"谷四百万斛","1","1","2"
"御史大夫萧","1","1","2"
"史大夫萧望","1","1","2"
"武帝时县官","1","1","2"
"诸侯王庙卫","2","0","2"
"侯王庙卫卒","2","0","2"
"孝文皇帝承","1","1","2"
"时田宅奴婢","1","1","2"
"贬钅句町王","2","0","2"
"钅句町王侯","2","0","2"
"发三十万众","2","0","2"
"发天下囚徒","1","1","2"
"使者驰传督","2","0","2"
"者驰传督趣","2","0","2"
"汉氏减轻田","2","0","2"
"氏减轻田租","2","0","2"
"更名天下田","2","0","2"
"名天下田曰","2","0","2"
"天下田曰王","2","0","2"
"下田曰王田","2","0","2"
"奴婢曰私属","2","0","2"
"田过一井者","2","0","2"
"边兵二十余","2","0","2"
"十余万人仰","2","0","2"
"遣三公将军","1","1","2"
"分遣大夫谒","2","0","2"
"流民入关者","2","0","2"
"民入关者数","2","0","2"
"入关者数十","2","0","2"
"关者数十万","2","0","2"
"予遭阳九厄","2","0","2"
"买武功爵官","1","1","2"
"江都王谋反","1","1","2"
"坐死者数万","2","0","2"
"方正贤良文","2","0","2"
"正贤良文学","2","0","2"
"降者数万人","2","0","2"
"者十余万匹","2","0","2"
"盐铁丞孔仅","1","1","2"
"贫民产业者","2","0","2"
"孔仅使天下","1","1","2"
"仅使天下铸","1","1","2"
"使天下铸作","1","1","2"
"五铢钱后五","1","1","2"
"死者数十万","2","0","2"
"造白鹿皮币","1","1","2"
"公卿大夫多","2","0","2"
"令上林三官","1","1","2"
"中家上大氐","2","0","2"
"大县数百顷","1","1","2"
"卒六十万人","1","1","2"
"相卜式上书","1","1","2"
"置大农部丞","1","1","2"
"令百官求雨","1","1","2"
"弘羊御史大","2","0","2"
"羊御史大夫","2","0","2"
"诏郡国举贤","2","0","2"
"国举贤良文","2","0","2"
"毋天下争利","2","0","2"
"然后教化兴","2","0","2"
"疾末者绝本","2","0","2"
"元狩五年三","1","1","2"
"狩五年三官","1","1","2"
"钱二百八十","1","1","2"
"二百八十亿","1","1","2"
"百八十亿万","1","1","2"
"文曰小钱直","2","0","2"
"曰小钱直一","2","0","2"
"前大钱五十","2","0","2"
"黄金重一斤","1","1","2"
"朱提银重八","1","1","2"
"提银重八两","1","1","2"
"长二寸四分","1","1","2"
"私五铢钱市","2","0","2"
"五铢钱市买","2","0","2"
"二千五百石","1","1","2"
"酒六斛六斗","1","1","2"
"设科条防禁","2","0","2"
"足枝长八分","1","1","2"
"重二十五铢","1","1","2"
"愁苦死者什","2","0","2"
"苦死者什六","2","0","2"
"作货布后六","1","1","2"
"货布后六年","1","1","2"
"莽大募天下","2","0","2"
"募天下囚徒","2","0","2"
"名曰猪突豨","2","0","2"
"曰猪突豨勇","2","0","2"
"訾三十取一","2","0","2"
"令公卿下郡","2","0","2"
"公卿下郡县","2","0","2"
"卿下郡县黄","2","0","2"
"下郡县黄绶","2","0","2"
"皆保养军马","2","0","2"
"天下户口减","2","0","2"
"下户口减半","2","0","2"
"三帛二生一","1","1","2"
"帛二生一死","1","1","2"
"五载一巡狩","2","0","2"
"雉登鼎耳雊","2","0","2"
"周公相成王","2","0","2"
"四海内职助","2","0","2"
"海内职助祭","2","0","2"
"陈宝祠后七","1","1","2"
"宝祠后七十","1","1","2"
"祠后七十一","1","1","2"
"后七十一年","1","1","2"
"秦宣公作密","2","0","2"
"宣公作密畤","2","0","2"
"上帝命穆公","1","1","2"
"帝命穆公平","1","1","2"
"淮间一茅三","2","0","2"
"间一茅三脊","2","0","2"
"立三十九年","2","0","2"
"后二百五十","1","1","2"
"二百五十年","1","1","2"
"周太史儋见","1","1","2"
"儒生博士七","1","1","2"
"生博士七十","1","1","2"
"博士七十人","1","1","2"
"求仙人羡门","1","1","2"
"考入海方士","2","0","2"
"始皇封禅后","1","1","2"
"鲁人公孙臣","2","0","2"
"时丞相张苍","1","1","2"
"色外黑内赤","1","1","2"
"赵人新垣平","2","0","2"
"人新垣平望","2","0","2"
"新垣平望气","2","0","2"
"明年夏四月","2","0","2"
"巡狩封禅事","2","0","2"
"齐桓公十年","1","1","2"
"海中蓬莱仙","1","1","2"
"求蓬莱安期","1","1","2"
"蓬莱安期生","1","1","2"
"长安城东南","1","1","2"
"安城东南郊","1","1","2"
"画天地泰一","1","1","2"
"承露仙人掌","1","1","2"
"上帝朕亲郊","2","0","2"
"汾阴男子公","1","1","2"
"阴男子公孙","1","1","2"
"男子公孙滂","1","1","2"
"子公孙滂洋","1","1","2"
"公孙滂洋等","1","1","2"
"乐成侯上书","1","1","2"
"文成将军同","1","1","2"
"大通将军印","1","1","2"
"河东太守胜","1","1","2"
"海求蓬莱者","2","0","2"
"鬼臾区号大","1","1","2"
"臾区号大鸿","1","1","2"
"宝鼎神策授","1","1","2"
"作二十五弦","1","1","2"
"求蓬莱神人","1","1","2"
"泰山下止","2","0","2"
"天子封泰山","2","0","2"
"河东祠后土","2","0","2"
"济南人公玉","1","1","2"
"南人公玉带","1","1","2"
"皇帝泰元神","1","1","2"
"帝泰元神策","1","1","2"
"十二月甲午","1","1","2"
"将望祀蓬莱","1","1","2"
"高二十余丈","2","0","2"
"渐台高二十","1","1","2"
"玉堂璧门大","1","1","2"
"堂璧门大鸟","1","1","2"
"世宗庙殿上","1","1","2"
"下诏赦天下","2","0","2"
"将军霍光辅","1","1","2"
"军霍光辅政","1","1","2"
"言益州金马","2","0","2"
"尹张敞上疏","1","1","2"
"张敞上疏谏","1","1","2"
"宜荐见宗庙","2","0","2"
"朕巡祭后土","1","1","2"
"鼎大八尺一","1","1","2"
"大八尺一寸","1","1","2"
"高三尺六寸","1","1","2"
"幸雍祠五畤","2","0","2"
"朝单甘泉宫","2","0","2"
"家宗庙祭祀","1","1","2"
"御史大夫谭","2","0","2"
"孝武皇帝居","1","1","2"
"河东后土祠","1","1","2"
"军许嘉等八","1","1","2"
"许嘉等八人","1","1","2"
"议郎翟方进","1","1","2"
"郎翟方进等","1","1","2"
"翟方进等五","1","1","2"
"方进等五十","1","1","2"
"进等五十人","1","1","2"
"候神方士使","2","0","2"
"神方士使者","2","0","2"
"四百七十五","1","1","2"
"十五所应礼","2","0","2"
"山川诸星十","1","1","2"
"川诸星十五","1","1","2"
"汾阴后土故","2","0","2"
"上林苑中长","1","1","2"
"林苑中长安","1","1","2"
"苑中长安城","1","1","2"
"中长安城旁","1","1","2"
"赏赐累千金","2","0","2"
"方士瞋目扼","1","1","2"
"令太皇太后","1","1","2"
"殆继体君宜","2","0","2"
"继体君宜改","2","0","2"
"体君宜改作","2","0","2"
"司马王莽奏","2","0","2"
"严父莫大配","2","0","2"
"父莫大配天","2","0","2"
"周公郊祀后","1","1","2"
"公郊祀后稷","1","1","2"
"春秋穀梁传","2","0","2"
"十二月下辛","1","1","2"
"元鼎四年十","1","1","2"
"鼎四年十一","1","1","2"
"四年十一月","1","1","2"
"五年十一月","1","1","2"
"十一月癸未","1","1","2"
"徙甘泉泰畤","2","0","2"
"河东后土长","2","0","2"
"东后土长安","2","0","2"
"后土长安南","2","0","2"
"土长安南北","2","0","2"
"永始元年三","1","1","2"
"始元年三月","1","1","2"
"长乐少府平","1","1","2"
"乐少府平晏","1","1","2"
"大司农左咸","1","1","2"
"太中大夫朱","1","1","2"
"中大夫朱阳","1","1","2"
"建始时丞相","1","1","2"
"孟春正月上","1","1","2"
"春正月上辛","1","1","2"
"正月上辛若","1","1","2"
"月上辛若丁","1","1","2"
"助阴阳变化","1","1","2"
"奏徙甘泉泰","2","0","2"
"歆等八十九","1","1","2"
"等八十九人","1","1","2"
"帝黄灵后土","1","1","2"
"炎帝赤灵祝","1","1","2"
"帝赤灵祝融","1","1","2"
"帝颛顼黑灵","1","1","2"
"颛顼黑灵玄","1","1","2"
"顼黑灵玄冥","1","1","2"
"帝王建立社","1","1","2"
"王建立社稷","1","1","2"
"百一十八名","1","1","2"
"数七百八十","1","1","2"
"七百八十三","1","1","2"
"百八十三星","1","1","2"
"中宫天极星","1","1","2"
"必破国乱君","2","0","2"
"日方南太白","2","0","2"
"方南太白居","2","0","2"
"日方北太白","2","0","2"
"方北太白居","2","0","2"
"兵举事大败","2","0","2"
"凡五星所聚","1","1","2"
"谓惊立绝行","1","1","2"
"乱臣贼子师","2","0","2"
"臣贼子师旅","2","0","2"
"乱臣贼子伏","1","1","2"
"臣贼子伏尸","1","1","2"
"贼子伏尸流","1","1","2"
"子伏尸流血","1","1","2"
"必行十六舍","1","1","2"
"千里破军杀","1","1","2"
"里破军杀将","1","1","2"
"见王者征伐","2","0","2"
"王者征伐四","2","0","2"
"者征伐四方","2","0","2"
"尺五寸八分","1","1","2"
"丈三尺一寸","1","1","2"
"三尺一寸四","1","1","2"
"尺一寸四分","1","1","2"
"长七尺三寸","1","1","2"
"七尺三寸六","1","1","2"
"尺三寸六分","1","1","2"
"三度七分中","1","1","2"
"近期三十日","1","1","2"
"远期六十日","1","1","2"
"高七八尺者","1","1","2"
"十余二十里","1","1","2"
"五百年大变","1","1","2"
"诸侯奔走保","2","0","2"
"侯奔走保社","2","0","2"
"奔走保社稷","2","0","2"
"走保社稷者","2","0","2"
"保社稷者胜","2","0","2"
"社稷者胜数","2","0","2"
"十五年间彗","1","1","2"
"五年间彗星","1","1","2"
"年间彗星四","1","1","2"
"汉元年十月","1","1","2"
"民约法三章","1","1","2"
"长二十余丈","1","1","2"
"孝文后二年","2","0","2"
"二年正月壬","1","1","2"
"十一月戊戌","1","1","2"
"孝景元年正","1","1","2"
"景元年正月","1","1","2"
"二年七月丙","1","1","2"
"年七月丙子","1","1","2"
"遣大将军周","1","1","2"
"大将军周亚","1","1","2"
"军周亚夫等","1","1","2"
"周亚夫等戍","1","1","2"
"四年七月癸","1","1","2"
"二年正月丁","1","1","2"
"十一月庚午","1","1","2"
"五年四月乙","1","1","2"
"元年五月壬","1","1","2"
"孝武建元三","1","1","2"
"武建元三年","1","1","2"
"建元三年三","1","1","2"
"元三年三月","1","1","2"
"晋君皆将死","2","0","2"
"君皆将死乱","2","0","2"
"后陈皇后废","2","0","2"
"元光元年六","1","1","2"
"光元年六月","1","1","2"
"将十万骑入","2","0","2"
"越相吕嘉杀","1","1","2"
"大臣戮死者","2","0","2"
"元凤四年九","1","1","2"
"凤四年九月","1","1","2"
"三辅郡国少","1","1","2"
"辅郡国少年","1","1","2"
"元平元年正","1","1","2"
"元年正月庚","1","1","2"
"年正月庚子","1","1","2"
"五将征匈奴","2","0","2"
"将军霍光白","2","0","2"
"本始元年四","1","1","2"
"元年四月壬","1","1","2"
"年四月壬戌","1","1","2"
"二年七月辛","1","1","2"
"年七月甲辰","1","1","2"
"年正月戊午","1","1","2"
"七月癸酉夜","1","1","2"
"楚王延寿谋","1","1","2"
"故大将军霍","1","1","2"
"霍光夫人显","2","0","2"
"黄龙元年三","1","1","2"
"龙元年三月","1","1","2"
"初元元年四","1","1","2"
"元元年四月","1","1","2"
"南斗第二星","1","1","2"
"鹿都尉谢君","1","1","2"
"建始元年九","1","1","2"
"元年九月戊","1","1","2"
"年九月戊子","1","1","2"
"斗西北子亥","1","1","2"
"年十二月壬","1","1","2"
"十二月壬申","1","1","2"
"太皇太后避","1","1","2"
"皇太后避时","1","1","2"
"十一月乙卯","1","1","2"
"河平二年十","1","1","2"
"平二年十月","1","1","2"
"二年十月下","1","1","2"
"年十月下旬","1","1","2"
"十一月上旬","1","1","2"
"十一月丁巳","1","1","2"
"夜郎王歆大","1","1","2"
"郎王歆大逆","1","1","2"
"三年九月甲","1","1","2"
"郡庄平男子","1","1","2"
"庄平男子侯","1","1","2"
"平男子侯母","1","1","2"
"男子侯母辟","1","1","2"
"子侯母辟兄","1","1","2"
"侯母辟兄弟","1","1","2"
"母辟兄弟五","1","1","2"
"辟兄弟五人","1","1","2"
"四年四月戊","1","1","2"
"年四月戊申","1","1","2"
"朔元年七月","1","1","2"
"元年七月壬","1","1","2"
"年七月壬子","1","1","2"
"十一月辛未","1","1","2"
"四年闰月庚","1","1","2"
"年闰月庚午","1","1","2"
"遣中郎将杨","1","1","2"
"中郎将杨兴","1","1","2"
"氏男子樊等","2","0","2"
"徒苏令等杀","1","1","2"
"苏令等杀伤","1","1","2"
"经历郡国四","2","0","2"
"历郡国四十","2","0","2"
"郡国四十余","2","0","2"
"令等同月俱","1","1","2"
"等同月俱发","1","1","2"
"元延元年四","1","1","2"
"延元年四月","1","1","2"
"元年四月丁","1","1","2"
"年四月丁酉","1","1","2"
"王者失势诸","1","1","2"
"者失势诸侯","1","1","2"
"十一月庚子","1","1","2"
"陵侯淳长坐","2","0","2"
"正月丁未日","1","1","2"
"彗所除旧布","2","0","2"
"建言改元易","2","0","2"
"言改元易号","2","0","2"
"诏书改建平","1","1","2"
"书改建平二","1","1","2"
"改建平二年","1","1","2"
"元寿元年十","1","1","2"
"寿元年十一","1","1","2"
"二年十月戊","1","1","2"
"年十月戊寅","1","1","2"
"次二曰羞五","2","0","2"
"二曰羞五事","2","0","2"
"禹大法九章","1","1","2"
"大法九章常","1","1","2"
"法九章常事","1","1","2"
"九章常事所","1","1","2"
"承秦灭学后","2","0","2"
"桓公十四年","1","1","2"
"公十四年八","1","1","2"
"四年八月壬","1","1","2"
"年八月壬申","1","1","2"
"严公二十年","1","1","2"
"公二十年夏","1","1","2"
"公二十年五","1","1","2"
"二十年五月","1","1","2"
"十年五月乙","1","1","2"
"宣公十六年","1","1","2"
"王札子杀召","2","0","2"
"札子杀召伯","2","0","2"
"成公三年二","1","1","2"
"三年二月甲","1","1","2"
"年二月甲子","1","1","2"
"大夫公孙归","1","1","2"
"夫公孙归父","1","1","2"
"襄公九年春","1","1","2"
"刘向先宋公","2","0","2"
"向先宋公听","2","0","2"
"先宋公听谗","2","0","2"
"陶唐氏火正","2","0","2"
"唐氏火正阏","2","0","2"
"氏火正阏伯","2","0","2"
"三十年五月","1","1","2"
"十年五月甲","1","1","2"
"昭公六年六","1","1","2"
"公六年六月","1","1","2"
"陈夏征舒杀","1","1","2"
"八年十月壬","1","1","2"
"年十月壬午","1","1","2"
"哀公十七年","1","1","2"
"公十七年七","1","1","2"
"十七年七月","1","1","2"
"七年七月己","1","1","2"
"年七月己卯","1","1","2"
"十八年五月","1","1","2"
"八年五月壬","1","1","2"
"三年五月辛","1","1","2"
"年五月辛卯","1","1","2"
"四年六月辛","1","1","2"
"高后元年五","1","1","2"
"元年五月丙","1","1","2"
"年五月丙申","1","1","2"
"惠帝四年十","1","1","2"
"帝四年十月","1","1","2"
"四年十月乙","1","1","2"
"年十月乙亥","1","1","2"
"元年吕太后","1","1","2"
"年吕太后杀","1","1","2"
"奉宗庙衣服","2","0","2"
"大臣共诛诸","2","0","2"
"臣共诛诸吕","2","0","2"
"文帝七年六","1","1","2"
"帝七年六月","1","1","2"
"年六月癸酉","1","1","2"
"大封诸侯王","1","1","2"
"五年八月己","1","1","2"
"年八月己酉","1","1","2"
"丞相条侯周","1","1","2"
"相条侯周亚","1","1","2"
"六年六月丁","1","1","2"
"年六月丁酉","1","1","2"
"二年五月两","1","1","2"
"多兄弟亲戚","1","1","2"
"尉武安侯田","1","1","2"
"仲舒弟子吕","2","0","2"
"舒弟子吕步","2","0","2"
"弟子吕步舒","2","0","2"
"太初元年十","1","1","2"
"初元年十一","1","1","2"
"十一月乙酉","1","1","2"
"涿郡铁官铸","1","1","2"
"涿郡太守刘","1","1","2"
"郡太守刘屈","1","1","2"
"女诸邑公主","1","1","2"
"子太仆敬声","2","0","2"
"平阳侯曹宗","1","1","2"
"阳侯曹宗等","1","1","2"
"河平二年正","1","1","2"
"平二年正月","1","1","2"
"元凤四年五","1","1","2"
"凤四年五月","1","1","2"
"四年五月丁","1","1","2"
"年五月丁丑","1","1","2"
"初元三年四","1","1","2"
"元三年四月","1","1","2"
"三年四月乙","1","1","2"
"园白鹤馆灾","2","0","2"
"永光四年六","1","1","2"
"光四年六月","1","1","2"
"四年六月甲","1","1","2"
"陵园东阙南","2","0","2"
"园东阙南方","2","0","2"
"东阙南方灾","2","0","2"
"周堪光禄勋","2","0","2"
"堪弟子张猛","2","0","2"
"显诬告张猛","1","1","2"
"年正月乙丑","1","1","2"
"将军王凤颛","2","0","2"
"军王凤颛权","2","0","2"
"鸿嘉三年八","1","1","2"
"嘉三年八月","1","1","2"
"永始元年正","1","1","2"
"年正月癸丑","1","1","2"
"永始四年四","1","1","2"
"四年四月癸","1","1","2"
"年四月癸未","1","1","2"
"孝文霸陵园","1","1","2"
"王太后所居","1","1","2"
"弟曲阳侯根","2","0","2"
"兄子新都侯","2","0","2"
"建平三年正","1","1","2"
"平三年正月","1","1","2"
"三年正月癸","1","1","2"
"母傅太后所","1","1","2"
"元始五年七","1","1","2"
"始五年七月","1","1","2"
"五年七月己","1","1","2"
"严公二十八","1","1","2"
"二十八年冬","1","1","2"
"一年三筑台","2","0","2"
"昭公八年春","1","1","2"
"成帝鸿嘉三","1","1","2"
"帝鸿嘉三年","1","1","2"
"鸿嘉三年五","1","1","2"
"嘉三年五月","1","1","2"
"三年五月乙","1","1","2"
"年五月乙亥","1","1","2"
"绛都四十里","1","1","2"
"陨霜杀叔草","2","0","2"
"桓公元年秋","1","1","2"
"严公七年秋","1","1","2"
"时宋愍公骄","1","1","2"
"宣公十年秋","1","1","2"
"高后三年夏","1","1","2"
"文帝后三年","1","1","2"
"帝后三年秋","1","1","2"
"永光五年夏","1","1","2"
"建始三年夏","1","1","2"
"雨三十余日","2","0","2"
"民舍八万三","1","1","2"
"舍八万三千","1","1","2"
"夏侯始昌通","1","1","2"
"桓公十三年","1","1","2"
"成公十四年","1","1","2"
"世子般所杀","1","1","2"
"昭公十一年","1","1","2"
"公十一年夏","1","1","2"
"二十一年三","1","1","2"
"十一年三月","1","1","2"
"隐公九年三","1","1","2"
"公九年三月","1","1","2"
"九年三月癸","1","1","2"
"年三月癸酉","1","1","2"
"始元元年七","1","1","2"
"元元年七月","1","1","2"
"刘向近服妖","2","0","2"
"者夏侯胜等","2","0","2"
"大臣车骑将","1","1","2"
"臣车骑将军","1","1","2"
"陛下弃万乘","2","0","2"
"下弃万乘贵","2","0","2"
"乐家人贱事","2","0","2"
"典门户奉宿","2","0","2"
"门户奉宿卫","2","0","2"
"户奉宿卫臣","2","0","2"
"奉宿卫臣执","2","0","2"
"宿卫臣执干","2","0","2"
"卫臣执干戈","2","0","2"
"臣执干戈守","2","0","2"
"执干戈守空","2","0","2"
"干戈守空宫","2","0","2"
"宣帝黄龙元","1","1","2"
"帝黄龙元年","1","1","2"
"府史家雌鸡","2","0","2"
"孝元王皇后","2","0","2"
"甘露二年生","1","1","2"
"未央殿中雌","1","1","2"
"央殿中雌鸡","1","1","2"
"相少史王禁","1","1","2"
"成公七年正","1","1","2"
"公七年正月","1","1","2"
"成公怠慢昏","1","1","2"
"公怠慢昏乱","1","1","2"
"天下大夫皆","2","0","2"
"三家逐昭公","2","0","2"
"哀公元年正","1","1","2"
"公元年正月","1","1","2"
"燕黄鼠衔尾","2","0","2"
"黄鼠衔尾舞","2","0","2"
"鼠衔尾舞王","2","0","2"
"衔尾舞王宫","2","0","2"
"尾舞王宫端","2","0","2"
"舞王宫端门","2","0","2"
"王旦谋反将","2","0","2"
"建始四年九","1","1","2"
"始四年九月","1","1","2"
"帝三年十二","1","1","2"
"司马霍禹所","1","1","2"
"马霍禹所居","1","1","2"
"鄂侯生哀侯","1","1","2"
"襄公二十九","1","1","2"
"三十一年正","1","1","2"
"十一年正月","1","1","2"
"赵孟将死矣","2","0","2"
"昭公十五年","1","1","2"
"哀公十六年","1","1","2"
"二十一年夏","1","1","2"
"襄公五年秋","1","1","2"
"炕阳动众应","2","0","2"
"二十八年八","1","1","2"
"十八年八月","1","1","2"
"昭公三年八","1","1","2"
"公三年八月","1","1","2"
"十六年九月","1","1","2"
"母夫人归氏","1","1","2"
"二十四年八","1","1","2"
"二十五年七","1","1","2"
"十五年七月","1","1","2"
"五年七月上","1","1","2"
"定公七年九","1","1","2"
"公七年九月","1","1","2"
"严公三十一","1","1","2"
"三十一年冬","1","1","2"
"丞相灌婴发","1","1","2"
"相灌婴发车","1","1","2"
"灌婴发车骑","1","1","2"
"右贤王走塞","2","0","2"
"匈奴大入上","2","0","2"
"奴大入上郡","2","0","2"
"烽火通长安","2","0","2"
"三将军屯边","2","0","2"
"三将军屯京","2","0","2"
"将军屯京师","2","0","2"
"武帝元光六","1","1","2"
"帝元光六年","1","1","2"
"元光六年夏","1","1","2"
"众十余万征","2","0","2"
"十余万征匈","2","0","2"
"余万征匈奴","2","0","2"
"师将军征大","2","0","2"
"将军征大宛","2","0","2"
"胪田广明征","1","1","2"
"宣帝本始三","1","1","2"
"帝本始三年","1","1","2"
"本始三年夏","1","1","2"
"军赵充国征","1","1","2"
"公时童谣曰","2","0","2"
"恭太子申生","1","1","2"
"帝时童谣曰","2","0","2"
"成帝建始二","1","1","2"
"帝建始二年","1","1","2"
"建始二年三","1","1","2"
"始二年三月","1","1","2"
"二年三月戊","1","1","2"
"年三月戊子","1","1","2"
"称富平侯家","2","0","2"
"严公十七年","1","1","2"
"将取齐淫女","2","0","2"
"襄公十七年","1","1","2"
"公十七年十","1","1","2"
"十七年十一","1","1","2"
"十一月甲午","1","1","2"
"大乱宋国政","1","1","2"
"高后八年三","1","1","2"
"后八年三月","1","1","2"
"戚夫人手足","2","0","2"
"文帝后五年","1","1","2"
"帝后五年六","1","1","2"
"后五年六月","1","1","2"
"犹诸侯举兵","2","0","2"
"诸侯举兵乡","2","0","2"
"侯举兵乡京","2","0","2"
"举兵乡京师","2","0","2"
"昭公二十四","1","1","2"
"二十四年十","1","1","2"
"十四年十月","1","1","2"
"四年十月癸","1","1","2"
"年十月癸酉","1","1","2"
"记秦始皇帝","2","0","2"
"秦始皇帝三","1","1","2"
"始皇帝三十","1","1","2"
"皇帝三十六","1","1","2"
"帝三十六年","1","1","2"
"始皇二十八","1","1","2"
"皇二十八年","1","1","2"
"二十八年过","1","1","2"
"孝昭元凤三","2","0","2"
"昭元凤三年","2","0","2"
"山莱芜山南","1","1","2"
"莱芜山南匈","2","0","2"
"芜山南匈匈","2","0","2"
"山南匈匈数","2","0","2"
"南匈匈数千","2","0","2"
"匈匈数千人","2","0","2"
"匈数千人声","2","0","2"
"大四十八围","2","0","2"
"入地深八尺","2","0","2"
"天汉元年三","1","1","2"
"汉元年三月","1","1","2"
"周威烈王二","1","1","2"
"威烈王二十","1","1","2"
"烈王二十三","1","1","2"
"成帝元延元","1","1","2"
"帝元延元年","1","1","2"
"饥损兹谓泰","2","0","2"
"厥咎乱臣谋","2","0","2"
"咎乱臣谋篡","2","0","2"
"桓公十五年","1","1","2"
"公十五年春","1","1","2"
"董仲舒象夫","2","0","2"
"仲舒象夫人","2","0","2"
"元狩六年冬","1","1","2"
"博士褚大等","1","1","2"
"士褚大等六","1","1","2"
"褚大等六人","1","1","2"
"昭帝始元二","1","1","2"
"帝始元二年","1","1","2"
"始元二年冬","1","1","2"
"公子遂颛权","2","0","2"
"惠帝五年十","1","1","2"
"帝五年十月","1","1","2"
"上林苑中大","2","0","2"
"林苑中大柳","2","0","2"
"苑中大柳树","2","0","2"
"中大柳树断","2","0","2"
"曰公孙病立","2","0","2"
"故废家公孙","2","0","2"
"废家公孙氏","2","0","2"
"昭帝富春秋","2","0","2"
"昌邑王贺嗣","2","0","2"
"皇后曾祖父","1","1","2"
"后曾祖父济","1","1","2"
"曾祖父济南","1","1","2"
"济南东平陵","2","0","2"
"王伯墓门梓","2","0","2"
"伯墓门梓柱","2","0","2"
"州刺史浩赏","1","1","2"
"刺史浩赏禁","1","1","2"
"山阳橐茅乡","1","1","2"
"阳橐茅乡社","1","1","2"
"永始元年二","1","1","2"
"建平三年十","1","1","2"
"平三年十月","1","1","2"
"汝南西平遂","1","1","2"
"南西平遂阳","1","1","2"
"西平遂阳乡","1","1","2"
"长六寸一分","1","1","2"
"长十丈七尺","1","1","2"
"永光二年八","1","1","2"
"光二年八月","1","1","2"
"平帝元始三","1","1","2"
"帝元始三年","1","1","2"
"元始三年正","1","1","2"
"始三年正月","1","1","2"
"二十五年夏","1","1","2"
"宫室居外野","2","0","2"
"帝三年十一","1","1","2"
"河平元年二","1","1","2"
"平元年二月","1","1","2"
"元年二月庚","1","1","2"
"年二月庚子","1","1","2"
"泰山山桑谷","1","1","2"
"后宫许美人","1","1","2"
"鸿嘉二年三","1","1","2"
"嘉二年三月","1","1","2"
"未央宫承明","1","1","2"
"央宫承明殿","1","1","2"
"能感动陛下","1","1","2"
"季氏家臣阳","1","1","2"
"氏家臣阳虎","1","1","2"
"家臣阳虎囚","1","1","2"
"窃宝玉大弓","2","0","2"
"寒七十二日","1","1","2"
"文帝四年六","1","1","2"
"帝四年六月","1","1","2"
"匈奴入上郡","2","0","2"
"元狩元年十","1","1","2"
"狩元年十二","1","1","2"
"丞相严青翟","1","1","2"
"鼎三年三月","1","1","2"
"元帝建昭二","1","1","2"
"帝建昭二年","1","1","2"
"建昭二年十","1","1","2"
"昭二年十一","1","1","2"
"弘坐免庶人","2","0","2"
"建昭四年三","1","1","2"
"昭四年三月","1","1","2"
"事天地宗庙","1","1","2"
"妾人人更进","2","0","2"
"定公元年十","1","1","2"
"公元年十月","1","1","2"
"公二年十月","1","1","2"
"武帝元光四","1","1","2"
"帝元光四年","1","1","2"
"元光四年四","1","1","2"
"光四年四月","1","1","2"
"将军三十万","1","1","2"
"草根土隙间","1","1","2"
"二十九年秋","1","1","2"
"地节四年五","1","1","2"
"节四年五月","1","1","2"
"司马霍禹宗","1","1","2"
"马霍禹宗族","1","1","2"
"霍禹宗族谋","1","1","2"
"河平二年四","1","1","2"
"三十二年十","1","1","2"
"建平二年四","1","1","2"
"二年四月乙","1","1","2"
"年四月乙亥","1","1","2"
"御史大夫朱","1","1","2"
"史大夫朱博","1","1","2"
"问黄门侍郎","1","1","2"
"秦始皇八年","1","1","2"
"武帝元鼎五","1","1","2"
"帝元鼎五年","1","1","2"
"成帝鸿嘉四","1","1","2"
"帝鸿嘉四年","1","1","2"
"鸿嘉四年秋","1","1","2"
"桓公五年秋","1","1","2"
"略皆董仲舒","2","0","2"
"皆董仲舒说","2","0","2"
"釐公十五年","2","0","2"
"公十五年八","1","1","2"
"文公三年秋","1","1","2"
"宣公六年八","1","1","2"
"公六年八月","1","1","2"
"公孙归父会","1","1","2"
"公十二年十","1","1","2"
"公十五年冬","1","1","2"
"车骑材官士","2","0","2"
"武帝元光五","1","1","2"
"帝元光五年","1","1","2"
"元光五年秋","1","1","2"
"元封六年秋","1","1","2"
"太初元年夏","1","1","2"
"元始二年秋","1","1","2"
"公八年齐襄","1","1","2"
"八年齐襄公","1","1","2"
"公子彭生杀","1","1","2"
"鲁襄公二十","1","1","2"
"襄公二十三","1","1","2"
"公二十三年","1","1","2"
"秦武王三年","1","1","2"
"武王三年渭","1","1","2"
"王三年渭水","1","1","2"
"昭王三十四","1","1","2"
"王三十四年","1","1","2"
"三十四年渭","1","1","2"
"十四年渭水","1","1","2"
"始皇灭六国","1","1","2"
"厥极凶短折","2","0","2"
"时金木水火","2","0","2"
"釐公十六年","2","0","2"
"文帝二年六","1","1","2"
"帝二年六月","1","1","2"
"公十五年九","1","1","2"
"五年九月己","1","1","2"
"年九月己卯","1","1","2"
"九月己卯晦","1","1","2"
"隐公五年秋","1","1","2"
"严公六年秋","1","1","2"
"卫侯朔奔齐","2","0","2"
"帝后六年秋","1","1","2"
"刘向近牛祸","2","0","2"
"秦孝文王五","1","1","2"
"孝文王五年","1","1","2"
"妖牛生五足","1","1","2"
"宫馆阁道相","1","1","2"
"馆阁道相连","1","1","2"
"阁道相连三","1","1","2"
"道相连三十","1","1","2"
"相连三十余","1","1","2"
"连三十余里","1","1","2"
"叔孙昭子死","1","1","2"
"建始元年四","1","1","2"
"元年四月辛","1","1","2"
"四月辛丑夜","1","1","2"
"庶弟谭等五","1","1","2"
"弟谭等五人","1","1","2"
"谭等五人赐","1","1","2"
"食邑三千户","1","1","2"
"周幽王二年","1","1","2"
"国必依山川","2","0","2"
"废后父申侯","2","0","2"
"大夫独相盟","2","0","2"
"单立王子猛","1","1","2"
"尹氏立子朝","1","1","2"
"齐陈乞弑君","2","0","2"
"武帝征二年","2","0","2"
"二年八月癸","1","1","2"
"年八月癸亥","1","1","2"
"本始四年四","1","1","2"
"四年四月壬","1","1","2"
"年四月壬寅","1","1","2"
"杀六千余人","2","0","2"
"二年九月丙","1","1","2"
"年九月丙辰","1","1","2"
"高后二年正","1","1","2"
"七百六十人","1","1","2"
"文帝元年四","1","1","2"
"帝元年四月","1","1","2"
"庶兄齐悼惠","1","1","2"
"立悼惠王庶","1","1","2"
"悼惠王庶子","1","1","2"
"惠王庶子六","1","1","2"
"王庶子六人","1","1","2"
"三年二月丙","1","1","2"
"元延三年正","1","1","2"
"延三年正月","1","1","2"
"三年正月丙","1","1","2"
"周时岐山崩","1","1","2"
"貌言视听思","1","1","2"
"言视听思心","1","1","2"
"视听思心五","1","1","2"
"听思心五事","1","1","2"
"昭帝元平元","1","1","2"
"帝元平元年","1","1","2"
"光禄大夫夏","1","1","2"
"禄大夫夏侯","1","1","2"
"大夫夏侯胜","1","1","2"
"臣下谋上者","2","0","2"
"吏白大将军","2","0","2"
"白大将军霍","2","0","2"
"时车骑将军","1","1","2"
"故云臣下谋","2","0","2"
"益重经术士","2","0","2"
"忠臣进善君","2","0","2"
"臣进善君试","2","0","2"
"越地多妇人","1","1","2"
"生淫惑篡弑","1","1","2"
"厉王使妇人","1","1","2"
"王使妇人裸","1","1","2"
"畎戎共攻杀","2","0","2"
"时门外洧渊","1","1","2"
"二年正月癸","1","1","2"
"两龙见兰陵","2","0","2"
"外蛇杀内蛇","1","1","2"
"文公十六年","1","1","2"
"武帝太始四","1","1","2"
"帝太始四年","1","1","2"
"太始四年七","1","1","2"
"始四年七月","1","1","2"
"秦孝公二十","1","1","2"
"孝公二十一","1","1","2"
"昭王二十年","1","1","2"
"右角长三寸","1","1","2"
"左角长二寸","1","1","2"
"四郡五十余","1","1","2"
"侍中董贤年","1","1","2"
"中董贤年二","1","1","2"
"董贤年二十","1","1","2"
"母王太后召","1","1","2"
"长狄兄弟三","1","1","2"
"狄兄弟三人","1","1","2"
"皇极下人伐","1","1","2"
"极下人伐上","1","1","2"
"帝二十六年","1","1","2"
"魏襄王十三","1","1","2"
"襄王十三年","1","1","2"
"女子化丈夫","2","0","2"
"哀帝建平中","2","0","2"
"人妇生一子","1","1","2"
"元始元年二","1","1","2"
"女子赵春病","1","1","2"
"子赵春病死","1","1","2"
"三年改父道","2","0","2"
"景帝二年九","1","1","2"
"帝二年九月","1","1","2"
"始三年十月","1","1","2"
"年十月丁未","1","1","2"
"女陈持弓年","1","1","2"
"陈持弓年九","1","1","2"
"持弓年九岁","1","1","2"
"入未央宫尚","1","1","2"
"未央宫尚方","1","1","2"
"央宫尚方掖","1","1","2"
"宫尚方掖门","1","1","2"
"王氏兄弟父","1","1","2"
"氏兄弟父子","1","1","2"
"二年八月庚","1","1","2"
"年八月庚申","1","1","2"
"入北司马门","1","1","2"
"入非常室中","1","1","2"
"前殿署长业","1","1","2"
"殿署长业等","1","1","2"
"建平四年正","1","1","2"
"经历郡国二","1","1","2"
"历郡国二十","1","1","2"
"郡国二十六","1","1","2"
"京师郡国民","1","1","2"
"聚会里巷阡","1","1","2"
"会里巷阡陌","1","1","2"
"母傅太后骄","1","1","2"
"罪恶者坐辜","2","0","2"
"恶者坐辜罚","2","0","2"
"功能者毕受","2","0","2"
"能者毕受官","2","0","2"
"者毕受官爵","2","0","2"
"桓公三年七","1","1","2"
"公三年七月","1","1","2"
"三年七月壬","1","1","2"
"年七月壬辰","1","1","2"
"七月壬辰朔","1","1","2"
"三年日食贯","1","1","2"
"十七年十月","1","1","2"
"七年十月朔","1","1","2"
"公十八年三","1","1","2"
"十八年三月","1","1","2"
"二十五年六","1","1","2"
"年六月辛未","1","1","2"
"六月辛未朔","1","1","2"
"二十六年十","1","1","2"
"十六年十二","1","1","2"
"六年十二月","1","1","2"
"二月癸亥朔","1","1","2"
"三十年九月","1","1","2"
"十年九月庚","1","1","2"
"年九月庚午","1","1","2"
"九月庚午朔","1","1","2"
"僖公五年九","1","1","2"
"公五年九月","1","1","2"
"五年九月戊","1","1","2"
"九月戊申朔","1","1","2"
"十五年五月","1","1","2"
"楚世子商臣","1","1","2"
"世子商臣杀","1","1","2"
"子商臣杀父","1","1","2"
"齐公子商人","1","1","2"
"公子商人弑","1","1","2"
"子商人弑君","1","1","2"
"六月辛丑朔","1","1","2"
"宣公八年七","1","1","2"
"公八年七月","1","1","2"
"八年七月甲","1","1","2"
"郑伯肉袒谢","1","1","2"
"伯肉袒谢罪","1","1","2"
"十年四月丙","1","1","2"
"年六月癸卯","1","1","2"
"十二月丁巳","1","1","2"
"二月丁巳朔","1","1","2"
"公十四年二","1","1","2"
"十四年二月","1","1","2"
"四年二月乙","1","1","2"
"年二月乙未","1","1","2"
"二月乙未朔","1","1","2"
"前年十二月","1","1","2"
"年十二月二","1","1","2"
"五年八月丁","1","1","2"
"年八月丁巳","1","1","2"
"八月丁巳朔","1","1","2"
"二十年十月","1","1","2"
"十年十月丙","1","1","2"
"年十月丙辰","1","1","2"
"二十一年九","1","1","2"
"十一年九月","1","1","2"
"一年九月庚","1","1","2"
"年九月庚戌","1","1","2"
"九月庚戌朔","1","1","2"
"十月庚辰朔","1","1","2"
"二十三年二","1","1","2"
"十三年二月","1","1","2"
"三年二月癸","1","1","2"
"年二月癸酉","1","1","2"
"二十四年七","1","1","2"
"七月甲子朔","1","1","2"
"二十七年十","1","1","2"
"八年间日食","1","1","2"
"年间日食七","1","1","2"
"齐崔杼弑君","1","1","2"
"昭公七年四","1","1","2"
"七年四月甲","1","1","2"
"年四月甲辰","1","1","2"
"四月甲辰朔","1","1","2"
"陈公子招杀","1","1","2"
"八月卫襄公","1","1","2"
"月卫襄公卒","1","1","2"
"十一月鲁季","1","1","2"
"一月鲁季孙","1","1","2"
"月鲁季孙宿","1","1","2"
"鲁季孙宿卒","1","1","2"
"五年六月丁","1","1","2"
"年六月丁巳","1","1","2"
"六月丁巳朔","1","1","2"
"七年六月甲","1","1","2"
"六月甲戌朔","1","1","2"
"二十一年七","1","1","2"
"十一年七月","1","1","2"
"一年七月壬","1","1","2"
"七月壬午朔","1","1","2"
"二十二年十","1","1","2"
"十二月癸酉","1","1","2"
"天王居狄泉","2","0","2"
"宋三臣邑叛","2","0","2"
"三十一年十","1","1","2"
"十一年十二","1","1","2"
"一年十二月","1","1","2"
"年十二月辛","1","1","2"
"二月辛亥朔","1","1","2"
"定公五年三","1","1","2"
"公五年三月","1","1","2"
"五年三月辛","1","1","2"
"年三月辛亥","1","1","2"
"三月辛亥朔","1","1","2"
"十二年十一","1","1","2"
"年十一月丙","1","1","2"
"十一月丙寅","1","1","2"
"一月丙寅朔","1","1","2"
"五年八月庚","1","1","2"
"年八月庚辰","1","1","2"
"八月庚辰朔","1","1","2"
"中国诸侯果","1","1","2"
"公十四年五","1","1","2"
"四年五月庚","1","1","2"
"年五月庚申","1","1","2"
"五月庚申朔","1","1","2"
"高帝三年十","1","1","2"
"帝三年十月","1","1","2"
"三年十月甲","1","1","2"
"年十月甲戌","1","1","2"
"十月甲戌晦","1","1","2"
"韩信徙楚王","2","0","2"
"九年六月乙","1","1","2"
"年六月乙未","1","1","2"
"惠帝七年正","1","1","2"
"帝七年正月","1","1","2"
"岁首正月朔","1","1","2"
"首正月朔日","1","1","2"
"高后二年六","1","1","2"
"后二年六月","1","1","2"
"二年六月丙","1","1","2"
"七年正月己","1","1","2"
"年正月己丑","1","1","2"
"正月己丑晦","1","1","2"
"文帝二年十","1","1","2"
"帝二年十一","1","1","2"
"年十月丁酉","1","1","2"
"后四年四月","1","1","2"
"四月丙辰晦","1","1","2"
"正月辛未朔","1","1","2"
"中元年十二","1","1","2"
"年十二月甲","1","1","2"
"十二月甲寅","1","1","2"
"二月甲寅晦","1","1","2"
"中二年九月","1","1","2"
"二年九月甲","1","1","2"
"九月甲戌晦","1","1","2"
"三年九月戊","1","1","2"
"年九月戊戌","1","1","2"
"九月戊戌晦","1","1","2"
"六年七月辛","1","1","2"
"七月辛亥晦","1","1","2"
"后元年七月","1","1","2"
"元年七月乙","1","1","2"
"年七月乙巳","1","1","2"
"武帝建元二","1","1","2"
"帝建元二年","1","1","2"
"建元二年二","1","1","2"
"二年二月丙","1","1","2"
"三年九月丙","1","1","2"
"年九月丙子","1","1","2"
"五年正月己","1","1","2"
"元光元年二","1","1","2"
"光元年二月","1","1","2"
"元年二月丙","1","1","2"
"年二月丙辰","1","1","2"
"二月丙辰晦","1","1","2"
"前年高园便","1","1","2"
"年高园便殿","1","1","2"
"元朔二年二","1","1","2"
"朔二年二月","1","1","2"
"年二月乙巳","1","1","2"
"二月乙巳晦","1","1","2"
"十一月癸丑","1","1","2"
"一月癸丑晦","1","1","2"
"元狩元年五","1","1","2"
"狩元年五月","1","1","2"
"元年五月乙","1","1","2"
"年丞相公孙","1","1","2"
"相公孙弘薨","1","1","2"
"元鼎五年四","1","1","2"
"鼎五年四月","1","1","2"
"五年四月丁","1","1","2"
"年四月丁丑","1","1","2"
"四月丁丑晦","1","1","2"
"元封四年六","1","1","2"
"封四年六月","1","1","2"
"四年六月己","1","1","2"
"年六月己酉","1","1","2"
"六月己酉朔","1","1","2"
"太始元年正","1","1","2"
"年正月乙巳","1","1","2"
"正月乙巳晦","1","1","2"
"四年十月甲","1","1","2"
"年十月甲寅","1","1","2"
"四年八月辛","1","1","2"
"年八月辛酉","1","1","2"
"昭帝始元三","1","1","2"
"帝始元三年","1","1","2"
"始元三年十","1","1","2"
"元凤元年七","1","1","2"
"凤元年七月","1","1","2"
"元年七月己","1","1","2"
"七月己亥晦","1","1","2"
"五凤元年十","1","1","2"
"凤元年十二","1","1","2"
"四年四月辛","1","1","2"
"四月辛丑朔","1","1","2"
"元帝永光二","1","1","2"
"光二年三月","1","1","2"
"年三月壬戌","1","1","2"
"四年六月戊","1","1","2"
"年六月戊寅","1","1","2"
"六月戊寅晦","1","1","2"
"建昭五年六","1","1","2"
"昭五年六月","1","1","2"
"五年六月壬","1","1","2"
"年六月壬申","1","1","2"
"六月壬申晦","1","1","2"
"始三年十二","1","1","2"
"十二月戊申","1","1","2"
"二月戊申朔","1","1","2"
"地震萧墙内","2","0","2"
"夜殿中地震","1","1","2"
"必適妾将争","2","0","2"
"適妾将争宠","2","0","2"
"妾将争宠相","2","0","2"
"将争宠相害","2","0","2"
"争宠相害患","2","0","2"
"宠相害患者","2","0","2"
"河平元年四","1","1","2"
"元年四月己","1","1","2"
"年四月己亥","1","1","2"
"四年三月癸","1","1","2"
"年三月癸丑","1","1","2"
"阳朔元年二","1","1","2"
"朔元年二月","1","1","2"
"元年二月丁","1","1","2"
"年二月丁未","1","1","2"
"二月丁未晦","1","1","2"
"永始元年九","1","1","2"
"元年九月丁","1","1","2"
"年九月丁巳","1","1","2"
"九月丁巳晦","1","1","2"
"元年九月日","1","1","2"
"二月乙酉晦","1","1","2"
"年二月日食","1","1","2"
"三年正月己","1","1","2"
"年正月己卯","1","1","2"
"正月己卯晦","1","1","2"
"四年七月辛","1","1","2"
"哀帝元寿元","1","1","2"
"帝元寿元年","1","1","2"
"惠帝七年同","1","1","2"
"年三月壬辰","1","1","2"
"三月壬辰晦","1","1","2"
"元始元年五","1","1","2"
"始元年五月","1","1","2"
"元年五月丁","1","1","2"
"二年九月戊","1","1","2"
"二百一十二","1","1","2"
"百一十二年","1","1","2"
"日食五十三","1","1","2"
"建始元年八","1","1","2"
"始元年八月","1","1","2"
"元年八月戊","1","1","2"
"年八月戊午","1","1","2"
"食二日仄慝","1","1","2"
"二日仄慝者","2","0","2"
"永光元年四","1","1","2"
"光元年四月","1","1","2"
"河平元年正","1","1","2"
"元年正月壬","1","1","2"
"正月壬寅朔","1","1","2"
"莫大乎日月","2","0","2"
"严公七年四","1","1","2"
"七年四月辛","1","1","2"
"年四月辛卯","1","1","2"
"四月辛卯夜","1","1","2"
"星二十八宿","1","1","2"
"卫公子黔牟","1","1","2"
"公子黔牟立","1","1","2"
"逐天王所立","1","1","2"
"成帝永始二","1","1","2"
"帝永始二年","1","1","2"
"臣闻三代所","2","0","2"
"四方逋逃多","2","0","2"
"方逋逃多罪","2","0","2"
"文公十四年","1","1","2"
"公十四年七","1","1","2"
"流入北斗中","1","1","2"
"楚平王居卒","1","1","2"
"哀公十三年","1","1","2"
"公十三年冬","1","1","2"
"十三年冬十","1","1","2"
"高帝三年七","1","1","2"
"帝三年七月","1","1","2"
"文帝后七年","1","1","2"
"帝后七年九","1","1","2"
"后七年九月","1","1","2"
"元狩四年四","1","1","2"
"狩四年四月","1","1","2"
"元封元年五","1","1","2"
"封元年五月","1","1","2"
"后江充作乱","1","1","2"
"元年七月辛","1","1","2"
"成帝赵皇后","2","0","2"
"六年正月戊","1","1","2"
"吾敢逆君故","2","0","2"
"鲁公子季友","1","1","2"
"然后阴阳冲","1","1","2"
"四年二月丁","1","1","2"
"年二月丁酉","1","1","2"
"元帝建昭元","1","1","2"
"帝建昭元年","1","1","2"
"建昭元年正","1","1","2"
"昭元年正月","1","1","2"
"年正月戊辰","1","1","2"
"建始四年正","1","1","2"
"始四年正月","1","1","2"
"四年正月癸","1","1","2"
"阳朔三年二","1","1","2"
"朔三年二月","1","1","2"
"年二月壬戌","1","1","2"
"鸿嘉二年五","1","1","2"
"嘉二年五月","1","1","2"
"二年五月癸","1","1","2"
"年五月癸未","1","1","2"
"元延四年三","1","1","2"
"延四年三月","1","1","2"
"五百里要服","1","1","2"
"五百里荒服","1","1","2"
"盖千八百国","2","0","2"
"帝元年属塞","2","0","2"
"元年属塞国","2","0","2"
"户十九万五","2","0","2"
"九万五千七","1","1","2"
"口六十八万","2","0","2"
"六十八万二","1","1","2"
"八万二千四","1","1","2"
"二十四万六","1","1","2"
"秦惠文王五","1","1","2"
"惠文王五年","1","1","2"
"周宣王弟郑","1","1","2"
"宣王弟郑桓","1","1","2"
"王弟郑桓公","1","1","2"
"户二十三万","2","0","2"
"三万五千一","1","1","2"
"九十一万七","1","1","2"
"一万七千八","1","1","2"
"八百二十二","1","1","2"
"左辅都尉治","1","1","2"
"秦惠文王十","1","1","2"
"惠文王十一","1","1","2"
"文王十一年","1","1","2"
"十一年更名","2","0","2"
"五帝祠四所","1","1","2"
"七万九千四","1","1","2"
"九千四百六","1","1","2"
"户二十一万","2","0","2"
"八十三万六","1","1","2"
"户六万一千","2","0","2"
"万一千八十","2","0","2"
"户十一万八","2","0","2"
"四十七万五","1","1","2"
"七万五千九","1","1","2"
"九百五十四","1","1","2"
"行五百七十","2","0","2"
"六千八百九","1","1","2"
"八百九十六","1","1","2"
"六万二千九","1","1","2"
"行千八百四","2","0","2"
"韩武子玄孙","1","1","2"
"武子玄孙贞","1","1","2"
"子玄孙贞子","1","1","2"
"玄孙贞子居","1","1","2"
"十六万九千","1","1","2"
"八百六十三","1","1","2"
"六十八万四","1","1","2"
"八万四百八","1","1","2"
"大夫知徐吾","1","1","2"
"晋大夫孟丙","1","1","2"
"户七万三千","2","0","2"
"七万三千七","1","1","2"
"万三千七百","1","1","2"
"三千七百九","1","1","2"
"七百九十八","1","1","2"
"三十三万七","1","1","2"
"七百六十六","1","1","2"
"周史辛甲所","1","1","2"
"史辛甲所封","1","1","2"
"莽曰上党亭","2","0","2"
"羊头山世靡","1","1","2"
"头山世靡谷","1","1","2"
"九百七十里","1","1","2"
"二十四万一","1","1","2"
"四万一千二","1","1","2"
"一千二百四","1","1","2"
"二百四十六","1","1","2"
"太行山西北","2","0","2"
"周武王弟康","1","1","2"
"武王弟康叔","1","1","2"
"王弟康叔所","1","1","2"
"户五万二千","2","0","2"
"五万二千八","1","1","2"
"二千八百三","1","1","2"
"八百三十九","1","1","2"
"行七百八十","2","0","2"
"四十万一千","1","1","2"
"一千二百九","1","1","2"
"百六十五万","1","1","2"
"六十五万九","1","1","2"
"行千二十里","2","0","2"
"户二十九万","2","0","2"
"二十九万六","1","1","2"
"九万六千二","1","1","2"
"二百八十四","1","1","2"
"一百五十万","1","1","2"
"百五十万九","1","1","2"
"首受狼汤渠","2","0","2"
"四万一千六","1","1","2"
"一千六百五","1","1","2"
"十四世楚所","2","0","2"
"四世楚所灭","2","0","2"
"六万一千四","1","1","2"
"四百一十八","1","1","2"
"行千五百里","2","0","2"
"六万一千五","1","1","2"
"五十九万六","1","1","2"
"九万六千一","1","1","2"
"六千一百四","1","1","2"
"周武王弟叔","2","0","2"
"户三十五万","2","0","2"
"三十五万九","1","1","2"
"九千三百一","1","1","2"
"口一百九十","1","1","2"
"百九十四万","1","1","2"
"九十四万二","1","1","2"
"四万七千五","1","1","2"
"莽母功显君","2","0","2"
"桐柏大复山","1","1","2"
"二万五千五","1","1","2"
"五千五百七","1","1","2"
"五百七十九","1","1","2"
"七十一万八","1","1","2"
"八千五百四","1","1","2"
"五万六千八","1","1","2"
"八百四十四","1","1","2"
"口二十一万","2","0","2"
"一万九千二","1","1","2"
"万九千二百","1","1","2"
"二百一十八","1","1","2"
"北寿春入芍","2","0","2"
"寿春入芍陂","2","0","2"
"帝四年更名","2","0","2"
"户十五万五","2","0","2"
"口七十八万","2","0","2"
"武帝建元五","1","1","2"
"帝建元五年","1","1","2"
"户十七万二","2","0","2"
"八百四十七","1","1","2"
"八十万一千","1","1","2"
"武帝天汉四","1","1","2"
"帝天汉四年","1","1","2"
"帝中六年济","2","0","2"
"百三十八万","1","1","2"
"三十八万六","1","1","2"
"十八万六千","1","1","2"
"八万六千二","1","1","2"
"六千二百七","1","1","2"
"二百七十八","1","1","2"
"四十万九千","1","1","2"
"三万四百八","1","1","2"
"六百二十里","1","1","2"
"东北七十里","1","1","2"
"中山桓公居","1","1","2"
"九万五千六","1","1","2"
"万五千六百","1","1","2"
"七十八万二","1","1","2"
"八万二千七","1","1","2"
"一万六千七","1","1","2"
"七百二十七","1","1","2"
"口四十九万","2","0","2"
"万七百二十","2","0","2"
"十四万七百","2","0","2"
"七百六十一","1","1","2"
"六十四万二","1","1","2"
"四万二千八","1","1","2"
"二千八百八","1","1","2"
"八百八十四","1","1","2"
"七十二万六","1","1","2"
"水南下邳入","2","0","2"
"行九百四十","2","0","2"
"马车渎水首","1","1","2"
"东北广饶入","2","0","2"
"北广饶入巨","2","0","2"
"广饶入巨定","2","0","2"
"五十九万三","1","1","2"
"九万三千一","1","1","2"
"三千一百五","1","1","2"
"北都昌入海","2","0","2"
"户十万三千","2","0","2"
"十万三千二","1","1","2"
"五十万二千","1","1","2"
"十万二千六","1","1","2"
"二千六百九","1","1","2"
"户二十二万","2","0","2"
"二十二万八","1","1","2"
"七万九千一","1","1","2"
"北寿光入海","2","0","2"
"行五百二十","2","0","2"
"三十五万八","1","1","2"
"五万八千四","1","1","2"
"八千四百一","1","1","2"
"四百一十四","1","1","2"
"百五十五万","1","1","2"
"五十五万九","1","1","2"
"户二十六万","2","0","2"
"二十三万七","1","1","2"
"春秋时徐子","1","1","2"
"秋时徐子章","1","1","2"
"时徐子章禹","1","1","2"
"二十二万三","1","1","2"
"十万七千五","1","1","2"
"四十万五千","1","1","2"
"五千一百七","1","1","2"
"行千二百里","2","0","2"
"口三十五万","2","0","2"
"三十五万一","1","1","2"
"五万一千九","1","1","2"
"一千九百六","1","1","2"
"九百六十五","1","1","2"
"南昌入湖汉","2","0","2"
"行千九百八","2","0","2"
"五万六千四","1","1","2"
"六千四百八","1","1","2"
"户三万四千","2","0","2"
"三万四千一","1","1","2"
"十八万五千","1","1","2"
"八万五千七","1","1","2"
"五千七百五","1","1","2"
"七百五十八","1","1","2"
"元鼎六年置","2","0","2"
"九千三百七","1","1","2"
"三百七十八","1","1","2"
"行二千五百","2","0","2"
"十万一千五","1","1","2"
"六百一十四","1","1","2"
"行五百五十","2","0","2"
"新都北入雒","1","1","2"
"八千二百七","1","1","2"
"百二十四万","1","1","2"
"二十四万五","1","1","2"
"四万五千九","1","1","2"
"五千九百二","1","1","2"
"九百二十九","1","1","2"
"七万六千二","1","1","2"
"六千二百五","1","1","2"
"二百五十六","1","1","2"
"二千六百六","1","1","2"
"行三千四十","2","0","2"
"十万九千四","1","1","2"
"九千四百一","1","1","2"
"四十八万九","1","1","2"
"八万九千四","1","1","2"
"四百八十六","1","1","2"
"四十万八千","1","1","2"
"十万八千四","1","1","2"
"行七百五十","2","0","2"
"八百八十里","1","1","2"
"八万一千九","1","1","2"
"九百四十六","1","1","2"
"五十八万四","1","1","2"
"八万四百六","1","1","2"
"万四百六十","1","1","2"
"四百六十三","1","1","2"
"行八百二十","2","0","2"
"行六百五十","2","0","2"
"二万四千二","1","1","2"
"四千二百一","1","1","2"
"二百一十九","1","1","2"
"十五万三千","1","1","2"
"五万三千三","1","1","2"
"麋泠入尚龙","2","0","2"
"泠入尚龙溪","2","0","2"
"行千一百六","2","0","2"
"五万八千六","1","1","2"
"六百四十三","1","1","2"
"五万一千三","1","1","2"
"五千五百六","1","1","2"
"五万三千九","1","1","2"
"三千九百六","1","1","2"
"九百六十四","1","1","2"
"七百六十里","1","1","2"
"三万八千四","1","1","2"
"八千四百七","1","1","2"
"四万九千六","1","1","2"
"九千六百四","1","1","2"
"九千四百里","1","1","2"
"六万三百七","1","1","2"
"万三百七十","1","1","2"
"六万一千三","1","1","2"
"三百四十八","1","1","2"
"匈奴休屠王","1","1","2"
"武帝太初四","1","1","2"
"帝太初四年","1","1","2"
"七千五百八","1","1","2"
"五百八十一","1","1","2"
"口七万六千","2","0","2"
"六千四百一","1","1","2"
"行七百九十","2","0","2"
"太初元年开","2","0","2"
"四千三百五","1","1","2"
"八万八千七","1","1","2"
"八千七百三","1","1","2"
"七百三十一","1","1","2"
"行二千一百","2","0","2"
"八千一百三","1","1","2"
"七万六千七","1","1","2"
"七百二十六","1","1","2"
"三百三十五","1","1","2"
"部都尉治步","1","1","2"
"都尉治步广","1","1","2"
"宜禾都尉治","1","1","2"
"禾都尉治昆","1","1","2"
"都尉治昆仑","1","1","2"
"尉治昆仑障","1","1","2"
"四万二千七","1","1","2"
"七百二十五","1","1","2"
"端旬祠十五","1","1","2"
"旬祠十五所","1","1","2"
"主骑都尉治","1","1","2"
"六万四千四","1","1","2"
"四百六十一","1","1","2"
"六百八十八","1","1","2"
"浑怀都尉治","1","1","2"
"怀都尉治塞","1","1","2"
"水北蛮夷中","2","0","2"
"匈归都尉治","1","1","2"
"十万三千六","1","1","2"
"六十万六千","1","1","2"
"十万六千六","1","1","2"
"六千六百五","1","1","2"
"三万六千三","1","1","2"
"六千三百九","1","1","2"
"六十九万八","1","1","2"
"九万八千八","1","1","2"
"封苑火井祠","1","1","2"
"三万四千三","1","1","2"
"四千三百三","1","1","2"
"三百三十八","1","1","2"
"三万六千六","1","1","2"
"六千六百二","1","1","2"
"六百二十八","1","1","2"
"元狩三年城","2","0","2"
"武帝元朔五","1","1","2"
"帝元朔五年","1","1","2"
"三百二十二","1","1","2"
"二十三万一","1","1","2"
"三万一千三","1","1","2"
"七万三千二","1","1","2"
"三千二百七","1","1","2"
"三万八千五","1","1","2"
"五百五十九","1","1","2"
"三千一百四","1","1","2"
"西沙陵入河","2","0","2"
"七万三千一","1","1","2"
"三千一百三","1","1","2"
"二十九万三","1","1","2"
"九万三千四","1","1","2"
"四百五十四","1","1","2"
"五万六千七","1","1","2"
"七百七十一","1","1","2"
"二十七万八","1","1","2"
"七百五十四","1","1","2"
"河东文安入","2","0","2"
"三百七十里","1","1","2"
"户三万六千","2","0","2"
"七百六十二","1","1","2"
"二十六万四","1","1","2"
"六万四千一","1","1","2"
"四千一百一","1","1","2"
"一百一十六","1","1","2"
"六万六千六","1","1","2"
"六千六百八","1","1","2"
"六百八十九","1","1","2"
"口三十二万","2","0","2"
"三十二万七","1","1","2"
"十二万七百","1","1","2"
"二万七百八","1","1","2"
"万七百八十","1","1","2"
"千四十六里","2","0","2"
"户七万二千","2","0","2"
"七万二千六","1","1","2"
"二千六百五","1","1","2"
"六百五十四","1","1","2"
"三十五万二","1","1","2"
"十五万二千","1","1","2"
"五万二千三","1","1","2"
"二千三百二","1","1","2"
"五千九百七","1","1","2"
"九百七十二","1","1","2"
"二十七万二","1","1","2"
"七万二千五","1","1","2"
"户四万五千","2","0","2"
"口二十二万","2","0","2"
"二十二万一","1","1","2"
"十二万一千","1","1","2"
"二万一千八","1","1","2"
"八百四十五","1","1","2"
"二千八百一","1","1","2"
"千八百一十","1","1","2"
"八百一十二","1","1","2"
"四十万六千","1","1","2"
"六千七百四","1","1","2"
"七百四十八","1","1","2"
"九千六百一","1","1","2"
"六百一十三","1","1","2"
"九万四千二","1","1","2"
"四千二百五","1","1","2"
"二百五十三","1","1","2"
"二千四百一","1","1","2"
"七万一千一","1","1","2"
"万一千一百","1","1","2"
"一百六十二","1","1","2"
"四千三百七","1","1","2"
"三百七十九","1","1","2"
"四万六千一","1","1","2"
"六千一百六","1","1","2"
"九万二千四","1","1","2"
"二千四百四","1","1","2"
"七十四万六","1","1","2"
"七万八千九","1","1","2"
"八千九百八","1","1","2"
"三万五千七","1","1","2"
"五千七百四","1","1","2"
"七百四十三","1","1","2"
"十六万六千","1","1","2"
"三千一百八","1","1","2"
"五千四百六","1","1","2"
"六万九千四","1","1","2"
"四百八十五","1","1","2"
"八万四千二","1","1","2"
"三十四万九","1","1","2"
"四万九千九","1","1","2"
"万九千九百","1","1","2"
"九百五十二","1","1","2"
"二万七千九","1","1","2"
"九百八十四","1","1","2"
"九万八千五","1","1","2"
"三万七千一","1","1","2"
"七千一百二","1","1","2"
"口十七万八","2","0","2"
"六十六万八","1","1","2"
"水东高阳入","2","0","2"
"六万五千五","1","1","2"
"五百五十六","1","1","2"
"三十万四千","1","1","2"
"十万四千三","1","1","2"
"文帝二年国","2","0","2"
"八万七千六","1","1","2"
"万七千六百","1","1","2"
"七千六百六","1","1","2"
"六百六十二","1","1","2"
"首受虖池河","2","0","2"
"本始元年更","2","0","2"
"文帝十八年","1","1","2"
"五万二百八","2","0","2"
"二百八十九","1","1","2"
"二十二万七","1","1","2"
"三十二万三","1","1","2"
"五百三十一","1","1","2"
"十九万二千","1","1","2"
"九万二千五","1","1","2"
"五万六千六","1","1","2"
"二十万五千","1","1","2"
"十万五千七","1","1","2"
"五千七百八","1","1","2"
"七百八十四","1","1","2"
"五千五百四","1","1","2"
"五百四十四","1","1","2"
"九十八万一","1","1","2"
"十八万一千","1","1","2"
"八万一千四","1","1","2"
"一千四百二","1","1","2"
"七百五十二","1","1","2"
"三万一千七","1","1","2"
"七百五十三","1","1","2"
"口六十万七","2","0","2"
"十万七千九","1","1","2"
"七千九百七","1","1","2"
"九百七十六","1","1","2"
"十万七千三","1","1","2"
"七千三百八","1","1","2"
"三百八十一","1","1","2"
"一万四千七","1","1","2"
"十九万七千","1","1","2"
"九万七千八","1","1","2"
"一百九十六","1","1","2"
"一万九千一","1","1","2"
"高帝六年属","1","1","2"
"七百七十三","1","1","2"
"七百二十二","1","1","2"
"武帝元狩二","1","1","2"
"帝元狩二年","1","1","2"
"八千三百四","1","1","2"
"四万三千四","1","1","2"
"三万五千八","1","1","2"
"五千八百二","1","1","2"
"八百二十五","1","1","2"
"侯国二百四","1","1","2"
"国二百四十","1","1","2"
"三百六十八","1","1","2"
"百六十八里","1","1","2"
"五百一十三","1","1","2"
"百一十三万","1","1","2"
"一十三万六","1","1","2"
"三万六千四","1","1","2"
"万二百五十","2","0","2"
"二百五十二","1","1","2"
"百五十二万","1","1","2"
"五十二万八","1","1","2"
"二万八千八","1","1","2"
"八千八百八","1","1","2"
"八百八十九","1","1","2"
"百八十九顷","1","1","2"
"三千二百二","1","1","2"
"二十九万九","1","1","2"
"十九万九百","1","1","2"
"九万九百四","1","1","2"
"万九百四十","1","1","2"
"百四十七顷","1","1","2"
"八百二十七","1","1","2"
"百二十七万","1","1","2"
"百三十六顷","1","1","2"
"养育草木鸟","1","1","2"
"育草木鸟兽","1","1","2"
"六郡良家子","2","0","2"
"山林竹木疏","1","1","2"
"男女亟聚会","2","0","2"
"公后二十三","2","0","2"
"后二十三世","2","0","2"
"周武王封舜","2","0","2"
"武王封舜后","2","0","2"
"王封舜后妫","2","0","2"
"封舜后妫满","2","0","2"
"舜后妫满陈","2","0","2"
"狱八年亡重","2","0","2"
"八年亡重罪","2","0","2"
"年亡重罪囚","2","0","2"
"曾孙武灵王","1","1","2"
"燕王太子丹","1","1","2"
"勇士荆轲西","1","1","2"
"爱后宫美女","1","1","2"
"者七十七人","2","0","2"
"受南北湖皮","1","1","2"
"南北湖皮革","1","1","2"
"东西南北方","1","1","2"
"武帝元封元","1","1","2"
"帝元封元年","1","1","2"
"文侯曾孙襄","1","1","2"
"侯曾孙襄王","1","1","2"
"安侯田蚡丞","2","0","2"
"侯田蚡丞相","2","0","2"
"中大夫白公","1","1","2"
"地势西北高","1","1","2"
"东北经魏郡","1","1","2"
"光禄大夫郭","1","1","2"
"禄大夫郭昌","1","1","2"
"清河灵鸣犊","1","1","2"
"河灵鸣犊口","1","1","2"
"清河都尉冯","1","1","2"
"河都尉冯逡","1","1","2"
"遣大司农非","1","1","2"
"大司农非调","1","1","2"
"司农非调调","1","1","2"
"使者王延世","1","1","2"
"著外繇六月","2","0","2"
"丞相史杨焉","1","1","2"
"谏大夫乘马","1","1","2"
"大夫乘马延","1","1","2"
"夫乘马延年","1","1","2"
"延世黄金百","1","1","2"
"世黄金百斤","1","1","2"
"县邑三十一","1","1","2"
"河堤都尉许","1","1","2"
"堤都尉许商","1","1","2"
"丞相史孙禁","1","1","2"
"弘农太守举","1","1","2"
"堤河二十五","2","0","2"
"黎阳遮害亭","1","1","2"
"费岁数千万","2","0","2"
"长水校尉平","1","1","2"
"水校尉平陵","1","1","2"
"校尉平陵关","1","1","2"
"大司马史长","1","1","2"
"司马史长安","1","1","2"
"大司空掾王","1","1","2"
"司空掾王横","1","1","2"
"夫刘向校经","1","1","2"
"刘向校经传","1","1","2"
"向校经传诸","1","1","2"
"校经传诸子","1","1","2"
"经传诸子诗","1","1","2"
"传诸子诗赋","1","1","2"
"步兵校尉任","1","1","2"
"兵校尉任宏","1","1","2"
"校尉任宏校","1","1","2"
"尉任宏校兵","1","1","2"
"任宏校兵书","1","1","2"
"太史令尹咸","1","1","2"
"史令尹咸校","1","1","2"
"侍医李柱国","1","1","2"
"医李柱国校","1","1","2"
"子侍中奉车","1","1","2"
"百九十四篇","1","1","2"
"四百一十二","1","1","2"
"百一十二篇","1","1","2"
"中古文校欧","1","1","2"
"古文校欧阳","1","1","2"
"大小夏侯三","1","1","2"
"四百一十六","1","1","2"
"王莽时刘歆","1","1","2"
"时丞相魏相","1","1","2"
"丞相魏相所","1","1","2"
"相魏相所奏","1","1","2"
"百六十五篇","1","1","2"
"内史丞王定","1","1","2"
"史丞王定传","1","1","2"
"秦时大臣奏","1","1","2"
"时大臣奏事","1","1","2"
"百四十八篇","1","1","2"
"百二十九篇","1","1","2"
"昌邑中尉王","1","1","2"
"邑中尉王吉","1","1","2"
"山都尉龚奋","1","1","2"
"谏大夫翼奉","1","1","2"
"昌侯张禹传","1","1","2"
"孔氏壁中古","2","0","2"
"氏壁中古文","2","0","2"
"壁中古文异","2","0","2"
"太史作大篆","1","1","2"
"史作大篆十","1","1","2"
"作大篆十五","1","1","2"
"大篆十五篇","1","1","2"
"后世圣人易","2","0","2"
"武帝时司马","1","1","2"
"帝时司马相","1","1","2"
"七十子弟子","2","0","2"
"河间献王所","1","1","2"
"间献王所述","1","1","2"
"高祖时功臣","2","0","2"
"雄所序三十","1","1","2"
"所序三十八","1","1","2"
"序三十八篇","1","1","2"
"一家三十八","1","1","2"
"家三十八篇","1","1","2"
"九百九十三","1","1","2"
"百九十三篇","1","1","2"
"成败存亡祸","1","1","2"
"败存亡祸福","1","1","2"
"三百六十九","1","1","2"
"百六十九篇","1","1","2"
"二百一十七","1","1","2"
"百一十七篇","1","1","2"
"方士侍郎号","1","1","2"
"三百八十篇","1","1","2"
"三百二十四","1","1","2"
"百二十四篇","1","1","2"
"赋二十五篇","1","1","2"
"赋三十三篇","1","1","2"
"三百六十一","1","1","2"
"百六十一篇","1","1","2"
"雄赋十二篇","1","1","2"
"百七十四篇","1","1","2"
"令延年赋七","1","1","2"
"延年赋七篇","1","1","2"
"二百三十三","1","1","2"
"百三十三篇","1","1","2"
"三百一十八","1","1","2"
"百一十八篇","1","1","2"
"淮南王二百","1","1","2"
"南王二百五","1","1","2"
"王二百五十","1","1","2"
"百五十九种","1","1","2"
"百四十九篇","1","1","2"
"百九十九篇","1","1","2"
"七百九十篇","1","1","2"
"十家二百七","1","1","2"
"家二百七十","1","1","2"
"百七十一篇","1","1","2"
"七十一篇重","1","1","2"
"一家二十五","1","1","2"
"家二十五篇","1","1","2"
"百八十二家","1","1","2"
"百四十五卷","1","1","2"
"定三统服色","1","1","2"
"六百五十二","1","1","2"
"百五十二卷","1","1","2"
"三百一十三","1","1","2"
"百一十三卷","1","1","2"
"百二十二卷","1","1","2"
"二千五百二","1","1","2"
"五百二十八","1","1","2"
"百二十八卷","1","1","2"
"百七十四卷","1","1","2"
"百八十六卷","1","1","2"
"百六十八卷","1","1","2"
"五百九十六","1","1","2"
"三千二百六","1","1","2"
"二百六十九","1","1","2"
"百六十九卷","1","1","2"
"称公子扶苏","1","1","2"
"符离人葛婴","1","1","2"
"复立楚社稷","2","0","2"
"汝阴人邓宗","1","1","2"
"上蔡人房君","1","1","2"
"蔡人房君蔡","1","1","2"
"人房君蔡赐","1","1","2"
"令少府章邯","1","1","2"
"王将相家属","1","1","2"
"徙系武臣等","2","0","2"
"耳子敖成都","2","0","2"
"子敖成都君","2","0","2"
"害赵王将相","1","1","2"
"将军田臧等","1","1","2"
"阳城人邓说","1","1","2"
"符离人朱鸡","1","1","2"
"离人朱鸡石","1","1","2"
"取虑人郑布","1","1","2"
"击秦左右校","2","0","2"
"吴中贤士大","1","1","2"
"中贤士大夫","1","1","2"
"长八尺二寸","2","0","2"
"杀数十百人","2","0","2"
"广陵人召平","1","1","2"
"急引兵西击","2","0","2"
"引兵西击秦","2","0","2"
"齐王田儋临","2","0","2"
"儋子市齐王","2","0","2"
"使使趣齐兵","2","0","2"
"遇齐使者高","2","0","2"
"齐使者高陵","2","0","2"
"高陵君显见","1","1","2"
"武信君必败","1","1","2"
"上将军宋义","1","1","2"
"羽悉引兵渡","2","0","2"
"悉引兵渡河","2","0","2"
"引兵击秦军","2","0","2"
"立章邯雍王","2","0","2"
"诸侯兵三十","1","1","2"
"沛公百余骑","2","0","2"
"秦迁民皆居","2","0","2"
"故立沛公汉","2","0","2"
"徙赵王歇王","2","0","2"
"赵王歇王代","2","0","2"
"立布九江王","2","0","2"
"立芮衡山王","2","0","2"
"齐将田都共","2","0","2"
"将田都共救","2","0","2"
"田都共救赵","2","0","2"
"羽方渡河救","2","0","2"
"方渡河救赵","2","0","2"
"安下济北数","2","0","2"
"下济北数城","2","0","2"
"立安济北王","2","0","2"
"将梅鋗功多","2","0","2"
"予彭越将军","1","1","2"
"杀济北王田","1","1","2"
"时汉王定三","2","0","2"
"郑昌韩王汉","2","0","2"
"令萧公角等","1","1","2"
"将将数千人","2","0","2"
"馀悉三县兵","2","0","2"
"烧夷齐城郭","2","0","2"
"齐人相聚畔","2","0","2"
"五十六万人","1","1","2"
"兵三万人南","1","1","2"
"历阳侯范增","1","1","2"
"天下事大定","2","0","2"
"下事大定矣","2","0","2"
"梁地十余城","2","0","2"
"海春侯大司","1","1","2"
"春侯大司马","1","1","2"
"侯大司马曹","1","1","2"
"甲持戟挑战","1","1","2"
"彭越数反梁","2","0","2"
"越数反梁地","2","0","2"
"刘贾入楚地","2","0","2"
"力拔山兮气","1","1","2"
"拔山兮气盖","1","1","2"
"山兮气盖世","1","1","2"
"虞兮虞兮奈","1","1","2"
"兮虞兮奈若","1","1","2"
"虞兮奈若何","1","1","2"
"者八百余人","2","0","2"
"令骑将灌婴","1","1","2"
"子弟八千人","1","1","2"
"弟八千人渡","1","1","2"
"骑司马吕马","1","1","2"
"司马吕马童","1","1","2"
"相杀者数十","2","0","2"
"杀者数十人","2","0","2"
"匈奴七百余","1","1","2"
"奴七百余里","1","1","2"
"魏公子毋忌","1","1","2"
"使天下父子","1","1","2"
"范阳人蒯通","1","1","2"
"者三十余城","2","0","2"
"下赵数十城","2","0","2"
"王田荣叛楚","2","0","2"
"长女鲁元公","1","1","2"
"女鲁元公主","1","1","2"
"中大夫泄公","1","1","2"
"尊鲁元公主","1","1","2"
"孝平元始二","1","1","2"
"平元始二年","1","1","2"
"人生一世间","2","0","2"
"使周市略地","2","0","2"
"闻汉将韩信","2","0","2"
"汉将灌婴追","1","1","2"
"知田横兄弟","1","1","2"
"韩公子横阳","1","1","2"
"沛公引兵击","2","0","2"
"护军中尉陈","1","1","2"
"军中尉陈平","1","1","2"
"游击将军死","1","1","2"
"军霍光定策","1","1","2"
"下乡南昌亭","1","1","2"
"乡南昌亭长","1","1","2"
"成安君陈馀","2","0","2"
"广武君李左","1","1","2"
"武君李左车","1","1","2"
"楚方急围汉","2","0","2"
"方急围汉王","2","0","2"
"闻汉王使郦","2","0","2"
"汉王使郦食","2","0","2"
"王使郦食说","2","0","2"
"使郦食说下","2","0","2"
"郦食说下齐","2","0","2"
"遣张良立信","2","0","2"
"蒯通知天下","2","0","2"
"通知天下权","2","0","2"
"知天下权信","2","0","2"
"将钟离<目","2","0","2"
"变告信欲反","2","0","2"
"齐辩士蒯通","2","0","2"
"兵三万余人","1","1","2"
"汉王败彭城","2","0","2"
"汉王相荥阳","2","0","2"
"徒数十万人","2","0","2"
"取天下万全","2","0","2"
"深入敌国八","1","1","2"
"入敌国八九","1","1","2"
"敌国八九百","1","1","2"
"国八九百里","1","1","2"
"愿大王留意","2","0","2"
"将众数千人","2","0","2"
"四年秋七月","1","1","2"
"天下安腐儒","2","0","2"
"中大夫贲赫","1","1","2"
"大夫贲赫对","1","1","2"
"夫贲赫对门","1","1","2"
"发兵坑竖子","2","0","2"
"兵坑竖子耳","2","0","2"
"阴侯滕公问","1","1","2"
"击临江王共","2","0","2"
"击燕王臧荼","2","0","2"
"故燕王臧荼","2","0","2"
"大谒者张卿","1","1","2"
"太后欲立吕","1","1","2"
"后欲立吕产","1","1","2"
"立吕产吕王","2","0","2"
"后女弟吕须","2","0","2"
"齐王合谋西","1","1","2"
"杀郢人灭口","1","1","2"
"立四十二年","1","1","2"
"天子忍致法","2","0","2"
"三郡五十三","1","1","2"
"郡五十三城","1","1","2"
"错御史大夫","2","0","2"
"悼惠王王齐","2","0","2"
"御史大夫朝","2","0","2"
"史大夫朝错","2","0","2"
"赵王遂阴使","2","0","2"
"王遂阴使匈","2","0","2"
"遂阴使匈奴","2","0","2"
"三年正月甲","1","1","2"
"年正月甲子","1","1","2"
"吴王刘濞敬","1","1","2"
"侵夺诸侯地","2","0","2"
"曲周侯郦寄","1","1","2"
"故吴相爰盎","2","0","2"
"错擅適诸侯","2","0","2"
"名西共诛错","2","0","2"
"兵毋血刃俱","2","0","2"
"下壮士千人","1","1","2"
"子驹亡走闽","2","0","2"
"高祖兄弟四","1","1","2"
"祖兄弟四人","1","1","2"
"彭城三十六","1","1","2"
"长子肥齐王","2","0","2"
"浮丘伯长安","2","0","2"
"二十三年薨","1","1","2"
"太子辟非先","1","1","2"
"宗正上邳侯","1","1","2"
"正上邳侯郢","1","1","2"
"上邳侯郢客","1","1","2"
"文帝尊宠元","1","1","2"
"帝尊宠元王","1","1","2"
"太傅赵夷吾","1","1","2"
"立宗正平陆","1","1","2"
"宗正平陆侯","1","1","2"
"平陆侯礼楚","2","0","2"
"陆侯礼楚王","2","0","2"
"母弟赵何齐","1","1","2"
"长年上书告","1","1","2"
"等四人供养","1","1","2"
"二千石论议","1","1","2"
"说大将军霍","1","1","2"
"将军霍光曰","2","0","2"
"治刘泽诏狱","1","1","2"
"大将军光欲","2","0","2"
"将军光欲女","2","0","2"
"军光欲女妻","2","0","2"
"德诽谤诏狱","1","1","2"
"德守青州刺","1","1","2"
"守青州刺史","1","1","2"
"者二十余人","2","0","2"
"德上书讼罪","1","1","2"
"诸曹中郎将","1","1","2"
"宣帝循武帝","2","0","2"
"帝循武帝故","2","0","2"
"循武帝故事","2","0","2"
"招选名儒俊","1","1","2"
"枕中鸿宝苑","1","1","2"
"中鸿宝苑秘","1","1","2"
"鸿宝苑秘书","1","1","2"
"重道延命方","1","1","2"
"阳城侯安民","1","1","2"
"城侯安民上","1","1","2"
"侯安民上书","1","1","2"
"逾冬减死论","1","1","2"
"荐更生宗室","1","1","2"
"更生宗室忠","1","1","2"
"生宗室忠直","1","1","2"
"侍中金敞拾","2","0","2"
"中金敞拾遗","2","0","2"
"金敞拾遗左","2","0","2"
"敞拾遗左右","2","0","2"
"道侯韩说谏","1","1","2"
"前吾丘寿王","1","1","2"
"吾丘寿王死","1","1","2"
"位御史大夫","2","0","2"
"复太中大夫","2","0","2"
"太傅韦玄成","1","1","2"
"谏大夫贡禹","1","1","2"
"史氏侍中者","1","1","2"
"周大夫祭伯","1","1","2"
"大夫祭伯乖","1","1","2"
"夫祭伯乖离","1","1","2"
"六<皃鸟>","2","0","2"
"<皃鸟>退","2","0","2"
"皃鸟>退飞","2","0","2"
"时长安令杨","1","1","2"
"刘更生等谋","1","1","2"
"元舅阳平侯","2","0","2"
"侯王凤大将","2","0","2"
"汉符瑞灾异","1","1","2"
"范五行传论","1","1","2"
"意凄怆悲怀","2","0","2"
"顾谓群臣曰","2","0","2"
"嗟乎北山石","2","0","2"
"乎北山石椁","2","0","2"
"纻絮斫陈漆","2","0","2"
"絮斫陈漆间","2","0","2"
"锢南山犹隙","2","0","2"
"圣帝明王贤","1","1","2"
"帝明王贤君","1","1","2"
"明王贤君智","1","1","2"
"王贤君智士","1","1","2"
"秦始皇帝葬","1","1","2"
"高五十余丈","1","1","2"
"始皇增山厚","1","1","2"
"数上疏言失","2","0","2"
"人君莫欲安","2","0","2"
"周大夫尹氏","1","1","2"
"氏杀王子克","1","1","2"
"二世委任赵","1","1","2"
"世委任赵高","1","1","2"
"忠正大臣绛","1","1","2"
"正大臣绛侯","1","1","2"
"朱虚侯等竭","1","1","2"
"王氏一姓乘","1","1","2"
"梓柱生枝叶","2","0","2"
"毋若殷王纣","2","0","2"
"圣帝明王常","1","1","2"
"谨案春秋二","1","1","2"
"案春秋二百","1","1","2"
"日蚀三十六","2","0","2"
"夫官前后三","1","1","2"
"官前后三十","1","1","2"
"奉车光禄大","1","1","2"
"车光禄大夫","1","1","2"
"集六艺群书","1","1","2"
"时丞相史尹","1","1","2"
"丞相史尹咸","1","1","2"
"公卿大臣绛","1","1","2"
"使掌故朝错","2","0","2"
"左氏丘明所","1","1","2"
"氏丘明所修","1","1","2"
"圣上德通神","1","1","2"
"上德通神明","1","1","2"
"名儒光禄大","1","1","2"
"儒光禄大夫","1","1","2"
"师丹大司空","2","0","2"
"歆改乱旧章","1","1","2"
"非毁先帝所","2","0","2"
"毁先帝所立","2","0","2"
"安定属国都","1","1","2"
"定属国都尉","1","1","2"
"右曹太中大","1","1","2"
"儒林史卜官","1","1","2"
"建平元年改","1","1","2"
"平元年改名","1","1","2"
"元年改名秀","1","1","2"
"臣愿十万众","2","0","2"
"万众横行匈","2","0","2"
"众横行匈奴","2","0","2"
"欲摇动天下","2","0","2"
"孟舒等十余","1","1","2"
"舒等十余人","1","1","2"
"贯高等谋反","2","0","2"
"仁部闭城门","2","0","2"
"秦御史监郡","1","1","2"
"平阳侯曹参","1","1","2"
"关内侯鄂秋","1","1","2"
"所食关内侯","1","1","2"
"食关内侯邑","1","1","2"
"关内侯邑二","1","1","2"
"内侯邑二千","1","1","2"
"侯邑二千户","1","1","2"
"父母兄弟十","1","1","2"
"益封五千户","2","0","2"
"田宅数千人","1","1","2"
"相国多受贾","2","0","2"
"使使持节赦","2","0","2"
"武帝元狩中","1","1","2"
"玄孙建世等","1","1","2"
"孙建世等十","1","1","2"
"建世等十二","1","1","2"
"世等十二人","1","1","2"
"虏秦候一人","1","1","2"
"章邯破杀项","1","1","2"
"邯破杀项梁","1","1","2"
"沛公项羽引","2","0","2"
"公项羽引兵","2","0","2"
"项羽引兵东","2","0","2"
"秦将杨熊军","1","1","2"
"杨熊军曲遇","2","0","2"
"击赵贲军尸","2","0","2"
"赵贲军尸北","2","0","2"
"攻秦军蓝田","2","0","2"
"击章平军畤","2","0","2"
"兵守景陵二","1","1","2"
"守景陵二十","1","1","2"
"景陵二十三","1","1","2"
"凡五十二县","2","0","2"
"相国夏说军","1","1","2"
"攻破齐历下","1","1","2"
"齐王田广相","1","1","2"
"王田广相田","1","1","2"
"田广相田光","1","1","2"
"韩信立齐王","2","0","2"
"汉王共破项","1","1","2"
"王共破项羽","1","1","2"
"六百三十户","1","1","2"
"车骑十二万","1","1","2"
"除诸侯相国","1","1","2"
"长老诸先生","1","1","2"
"惠帝怪相国","1","1","2"
"高后时御史","2","0","2"
"后时御史大","2","0","2"
"张良字子房","1","1","2"
"悼惠王二十","1","1","2"
"惠王二十三","1","1","2"
"秦皇帝大怒","1","1","2"
"穀城山下黄","2","0","2"
"城山下黄石","2","0","2"
"横阳君成贤","1","1","2"
"韩王成留守","1","1","2"
"王成留守阳","1","1","2"
"成留守阳翟","1","1","2"
"宫室帷帐狗","1","1","2"
"室帷帐狗马","1","1","2"
"帷帐狗马重","1","1","2"
"帐狗马重宝","1","1","2"
"狗马重宝妇","1","1","2"
"马重宝妇女","1","1","2"
"言逆耳利行","2","0","2"
"毒药苦口利","2","0","2"
"药苦口利病","2","0","2"
"项伯见沛公","1","1","2"
"齐王田荣反","1","1","2"
"陛下能制项","1","1","2"
"下能制项籍","1","1","2"
"能制项籍死","1","1","2"
"制项籍死命","1","1","2"
"群臣见雍齿","1","1","2"
"臣见雍齿先","1","1","2"
"臣皆山东人","2","0","2"
"建成侯吕泽","1","1","2"
"成侯吕泽劫","1","1","2"
"吕后承间上","2","0","2"
"后承间上泣","2","0","2"
"承间上泣言","2","0","2"
"万石君石奋","2","0","2"
"人上书告楚","1","1","2"
"上书告楚王","1","1","2"
"书告楚王韩","1","1","2"
"告楚王韩信","1","1","2"
"陈平乘驰传","1","1","2"
"平乘驰传载","1","1","2"
"槛车诣长安","2","0","2"
"相国曹参薨","1","1","2"
"问左丞相平","2","0","2"
"朝问右丞相","1","1","2"
"抚四夷诸侯","1","1","2"
"淮南王所杀","1","1","2"
"后曾孙陈掌","1","1","2"
"击秦军砀东","2","0","2"
"王封沛公号","1","1","2"
"赐食邑怀德","1","1","2"
"信胡骑晋阳","2","0","2"
"胡骑晋阳下","2","0","2"
"攻楼烦三城","1","1","2"
"击胡骑平城","2","0","2"
"将军乘马降","1","1","2"
"定雁门郡十","1","1","2"
"雁门郡十七","1","1","2"
"云中郡十二","1","1","2"
"御史大夫施","1","1","2"
"史大夫施屠","1","1","2"
"大夫施屠浑","1","1","2"
"夫施屠浑都","1","1","2"
"定上谷十二","1","1","2"
"右北平十六","1","1","2"
"辽东二十九","1","1","2"
"渔阳二十二","1","1","2"
"列侯事惠帝","2","0","2"
"宦者令张释","1","1","2"
"后人上书告","2","0","2"
"孝文十一年","1","1","2"
"文帝择勃子","2","0","2"
"帝择勃子贤","2","0","2"
"择勃子贤者","2","0","2"
"者河内太守","2","0","2"
"河内太守亚","1","1","2"
"内太守亚夫","1","1","2"
"祝兹侯徐厉","1","1","2"
"河内守亚夫","1","1","2"
"轻骑兵弓高","1","1","2"
"骑兵弓高侯","1","1","2"
"兵弓高侯等","1","1","2"
"约非刘氏王","2","0","2"
"后匈奴王徐","1","1","2"
"匈奴王徐卢","1","1","2"
"奴王徐卢等","1","1","2"
"王徐卢等五","1","1","2"
"徐卢等五人","1","1","2"
"卢等五人降","1","1","2"
"吕后问宰相","1","1","2"
"斩首十四级","2","0","2"
"首六十八级","1","1","2"
"虏二十六人","1","1","2"
"虏四十四人","1","1","2"
"破南阳守齮","2","0","2"
"南阳守齮阳","2","0","2"
"阳守齮阳城","2","0","2"
"斩都尉一人","2","0","2"
"百四十六人","1","1","2"
"二千九百人","1","1","2"
"平阴二千户","1","1","2"
"太仆解福等","1","1","2"
"仆解福等十","1","1","2"
"解福等十人","1","1","2"
"五千四百户","1","1","2"
"虏二百八十","1","1","2"
"百八十七人","1","1","2"
"将军十三人","1","1","2"
"秦军雒阳东","2","0","2"
"武城六千户","1","1","2"
"涿郡五千户","1","1","2"
"下六百石十","2","0","2"
"六百石十九","2","0","2"
"百石十九人","2","0","2"
"五千一百户","1","1","2"
"太尉勃入北","2","0","2"
"尉勃入北军","2","0","2"
"婴捕虏六十","1","1","2"
"捕虏六十八","1","1","2"
"虏六十八人","1","1","2"
"八百五十人","1","1","2"
"赐婴爵列侯","2","0","2"
"六千九百户","1","1","2"
"魏公申徒反","1","1","2"
"骑士重泉人","1","1","2"
"士重泉人李","1","1","2"
"重泉人李必","1","1","2"
"将郎中骑兵","2","0","2"
"柘公王武军","1","1","2"
"所将卒斩楼","2","0","2"
"将卒斩楼烦","2","0","2"
"卒斩楼烦将","2","0","2"
"楼烦将五人","1","1","2"
"虏车骑将华","1","1","2"
"车骑将华毋","1","1","2"
"骑将华毋伤","1","1","2"
"所将卒斩骑","2","0","2"
"将卒斩骑将","2","0","2"
"卒斩骑将一","2","0","2"
"斩骑将一人","2","0","2"
"破齐将军田","1","1","2"
"齐将军田吸","1","1","2"
"击项籍军陈","2","0","2"
"项籍军陈下","2","0","2"
"益食邑二千","2","0","2"
"剖符世世勿","2","0","2"
"符世世勿绝","2","0","2"
"阴二千五百","1","1","2"
"左司马一人","1","1","2"
"二千石十人","2","0","2"
"五大夫骑将","1","1","2"
"二千六百户","1","1","2"
"斩骑千人将","1","1","2"
"骑千人将一","1","1","2"
"千人将一人","1","1","2"
"虏七十三人","1","1","2"
"车司马二人","1","1","2"
"虏五十七人","1","1","2"
"骑长十二人","1","1","2"
"说都尉二人","1","1","2"
"六百八十人","1","1","2"
"食邑四千二","1","1","2"
"邑四千二百","1","1","2"
"四千二百户","1","1","2"
"车马二百五","1","1","2"
"马二百五十","1","1","2"
"二百五十匹","1","1","2"
"将司马二人","1","1","2"
"沛公立汉王","2","0","2"
"击破泗水守","1","1","2"
"昌御史大夫","2","0","2"
"御史大夫印","1","1","2"
"后使使召赵","2","0","2"
"使使召赵王","2","0","2"
"太后怨戚夫","1","1","2"
"后怨戚夫人","1","1","2"
"敖御史大夫","2","0","2"
"淮南相张苍","1","1","2"
"等尊立孝文","1","1","2"
"尊立孝文皇","1","1","2"
"立孝文皇帝","1","1","2"
"丞相十余年","1","1","2"
"著书十八篇","1","1","2"
"食邑二十四","1","1","2"
"邑二十四人","1","1","2"
"太中大夫邓","1","1","2"
"中大夫邓通","1","1","2"
"开封侯陶青","1","1","2"
"武强侯庄青","2","0","2"
"强侯庄青翟","2","0","2"
"商陵侯赵周","1","1","2"
"项王迁杀义","1","1","2"
"王迁杀义帝","1","1","2"
"下齐七十余","2","0","2"
"齐七十余城","2","0","2"
"立西楚霸王","2","0","2"
"居天下膏腴","2","0","2"
"右丞相陈平","1","1","2"
"平原君母死","2","0","2"
"陛下入关都","2","0","2"
"围高帝白登","2","0","2"
"能遣长公主","2","0","2"
"臣愿陛下徙","2","0","2"
"二世召博士","1","1","2"
"博士诸儒生","1","1","2"
"诸生三十余","2","0","2"
"生三十余人","2","0","2"
"诸侯王下吏","2","0","2"
"下吏六百石","2","0","2"
"赐金五百斤","2","0","2"
"陛下所亲见","2","0","2"
"先帝园陵寝","1","1","2"
"帝园陵寝庙","1","1","2"
"淮南王布反","2","0","2"
"欲属国布衣","2","0","2"
"等七十人棘","2","0","2"
"七十人棘蒲","2","0","2"
"十人棘蒲侯","2","0","2"
"开章等七十","1","1","2"
"章等七十人","1","1","2"
"棘蒲侯太子","1","1","2"
"长安尉奇等","1","1","2"
"人爵关内侯","2","0","2"
"婴等四十三","1","1","2"
"淮南王人刚","2","0","2"
"王淮南故地","2","0","2"
"立厉王三子","2","0","2"
"厉王三子王","2","0","2"
"衡山王坚守","1","1","2"
"长安都国颂","1","1","2"
"淮南王大喜","2","0","2"
"外孙修成君","1","1","2"
"王使人上书","2","0","2"
"事下廷尉治","2","0","2"
"人刺杀淮南","1","1","2"
"刺杀淮南中","1","1","2"
"杀淮南中尉","1","1","2"
"谋杀汉中尉","2","0","2"
"寿春严正上","1","1","2"
"春严正上书","1","1","2"
"淮南王孙建","2","0","2"
"故辟阳侯孙","1","1","2"
"告淮南王谋","2","0","2"
"请逮捕衡山","2","0","2"
"金二斤八两","1","1","2"
"使天下明知","1","1","2"
"美人厥姬生","1","1","2"
"人厥姬生子","1","1","2"
"人上书告内","1","1","2"
"上书告内史","1","1","2"
"欲废太子立","2","0","2"
"江都人枚赫","1","1","2"
"元朔五年秋","1","1","2"
"上书告太子","1","1","2"
"祠祭祝诅上","2","0","2"
"大鸿胪利召","1","1","2"
"传檄千里定","2","0","2"
"城皆将相告","2","0","2"
"皆将相告曰","2","0","2"
"将相告曰范","2","0","2"
"相告曰范阳","2","0","2"
"告曰范阳令","2","0","2"
"曰范阳令先","2","0","2"
"天下士云合","2","0","2"
"将数十万众","2","0","2"
"齐王田荣怨","1","1","2"
"入深山隐居","1","1","2"
"大将军号令","1","1","2"
"陈定发南阳","1","1","2"
"徐福入海求","1","1","2"
"福入海求仙","1","1","2"
"入海求仙药","1","1","2"
"若枯旱望雨","2","0","2"
"家产五十万","1","1","2"
"中都官诏狱","2","0","2"
"直指绣衣使","1","1","2"
"指绣衣使者","1","1","2"
"阳陵朱安世","2","0","2"
"晏驾后太子","2","0","2"
"驾后太子所","2","0","2"
"后太子所诛","2","0","2"
"言宫中蛊气","2","0","2"
"特进孔乡侯","1","1","2"
"进孔乡侯傅","1","1","2"
"太后祝诅上","2","0","2"
"太后弟宜乡","1","1","2"
"后弟宜乡侯","1","1","2"
"后日夜祠祭","1","1","2"
"中郎右师谭","1","1","2"
"常侍宋弘上","2","0","2"
"侍中董贤爱","2","0","2"
"中董贤爱幸","2","0","2"
"丞相王嘉内","2","0","2"
"相王嘉内疑","2","0","2"
"王嘉内疑东","2","0","2"
"嘉内疑东平","2","0","2"
"秦开郑国渠","1","1","2"
"助戊己校尉","1","1","2"
"戊己校尉保","1","1","2"
"将军中二千","1","1","2"
"军中二千石","1","1","2"
"乡侯傅晏大","2","0","2"
"侯傅晏大司","2","0","2"
"傅晏大司马","2","0","2"
"晏大司马卫","2","0","2"
"卫将军印绶","1","1","2"
"太守方阳侯","1","1","2"
"光禄大夫宜","1","1","2"
"禄大夫宜陵","1","1","2"
"大夫宜陵侯","1","1","2"
"笑朝廷所进","1","1","2"
"躬仰天大呼","1","1","2"
"汉方南诛两","2","0","2"
"上立胶东王","2","0","2"
"立胶东王太","2","0","2"
"胶东王太子","2","0","2"
"景帝太子时","2","0","2"
"子孙咸大官","2","0","2"
"功臣安丘侯","1","1","2"
"武帝元朔中","2","0","2"
"韩安国御史","2","0","2"
"千秋万岁后","2","0","2"
"秋万岁后传","2","0","2"
"万岁后传王","2","0","2"
"三十五年冬","1","1","2"
"孝王未死时","1","1","2"
"立四十年薨","2","0","2"
"冀州刺史林","1","1","2"
"汤沐邑百户","2","0","2"
"子意广宗王","2","0","2"
"亡命少年数","1","1","2"
"命少年数十","1","1","2"
"少年数十人","1","1","2"
"谒者中郎胡","1","1","2"
"睢阳人犴反","1","1","2"
"子敬王定国","1","1","2"
"天子遣廷尉","2","0","2"
"都侯王莽奏","1","1","2"
"太皇太后立","1","1","2"
"二万五千户","1","1","2"
"欲天下治安","2","0","2"
"奉一帝一后","1","1","2"
"夫三代所长","2","0","2"
"三代所长久","2","0","2"
"代所长久者","2","0","2"
"天下所共闻","1","1","2"
"古者圣王制","2","0","2"
"廉耻节礼治","1","1","2"
"丞相绛侯周","1","1","2"
"相绛侯周勃","1","1","2"
"高皇帝瓜分","1","1","2"
"皇帝瓜分天","1","1","2"
"帝瓜分天下","1","1","2"
"远者数千里","2","0","2"
"割淮阳北边","1","1","2"
"淮阳北边二","1","1","2"
"阳北边二三","1","1","2"
"窃陛下弗取","2","0","2"
"受吴王财物","1","1","2"
"窦婴大将军","2","0","2"
"步行七十里","1","1","2"
"皇太子所读","1","1","2"
"太子所读书","1","1","2"
"唯陛下裁察","2","0","2"
"错太子家令","2","0","2"
"唯陛下财择","2","0","2"
"皇帝问太子","1","1","2"
"帝问太子家","1","1","2"
"问太子家令","1","1","2"
"地少阴多阳","1","1","2"
"胡人食肉饮","1","1","2"
"人食肉饮酪","1","1","2"
"丁奴婢赎罪","1","1","2"
"唯陛下财察","2","0","2"
"五年九月壬","1","1","2"
"年九月壬子","1","1","2"
"高皇帝亲除","1","1","2"
"皇帝亲除大","1","1","2"
"帝亲除大害","1","1","2"
"通人事终始","2","0","2"
"廷尉臣宜昌","1","1","2"
"陇西太守臣","1","1","2"
"贤良太子家","1","1","2"
"良太子家令","1","1","2"
"太子家令臣","1","1","2"
"臣闻五帝神","1","1","2"
"然后阴阳调","1","1","2"
"三王臣主俱","2","0","2"
"王臣主俱贤","2","0","2"
"人情莫欲安","2","0","2"
"诏策曰直言","1","1","2"
"策曰直言极","1","1","2"
"曰直言极谏","1","1","2"
"功少者赏薄","1","1","2"
"诏策曰悉陈","1","1","2"
"死上狂惑草","1","1","2"
"上狂惑草茅","1","1","2"
"对策者百余","1","1","2"
"策者百余人","1","1","2"
"诸大功臣多","1","1","2"
"相申屠嘉心","1","1","2"
"亡命铸钱奸","1","1","2"
"命铸钱奸人","1","1","2"
"贼臣晁错擅","1","1","2"
"母妻子同产","2","0","2"
"妻子同产少","2","0","2"
"子同产少长","2","0","2"
"同产少长皆","2","0","2"
"产少长皆弃","2","0","2"
"少长皆弃市","2","0","2"
"谒者仆射邓","1","1","2"
"者仆射邓公","1","1","2"
"臣窃陛下取","2","0","2"
"章邯破杀魏","1","1","2"
"邯破杀魏王","1","1","2"
"破杀魏王咎","1","1","2"
"荣立田儋子","1","1","2"
"赵高立二世","1","1","2"
"高立二世兄","1","1","2"
"楚将瑕丘申","1","1","2"
"将瑕丘申阳","1","1","2"
"令御史大夫","2","0","2"
"枞公守荥阳","1","1","2"
"九年冬十月","1","1","2"
"南粤王尉佗","1","1","2"
"章首先捕斩","1","1","2"
"率襄平侯通","1","1","2"
"襄平侯通持","1","1","2"
"平侯通持节","1","1","2"
"侯通持节承","1","1","2"
"通持节承诏","1","1","2"
"持节承诏入","1","1","2"
"节承诏入北","1","1","2"
"承诏入北军","1","1","2"
"二十九山同","1","1","2"
"十九山同日","1","1","2"
"九山同日崩","1","1","2"
"封淮南王舅","1","1","2"
"淮南王舅赵","1","1","2"
"常山丞相蔡","1","1","2"
"长杀辟阳侯","1","1","2"
"杀辟阳侯审","1","1","2"
"赐诸侯王女","1","1","2"
"十六年夏四","1","1","2"
"六年夏四月","1","1","2"
"上郊祀五帝","1","1","2"
"立齐悼惠王","1","1","2"
"南厉王子三","1","1","2"
"厉王子三人","1","1","2"
"匈奴三万骑","1","1","2"
"淮阳王宫正","1","1","2"
"阳王宫正殿","1","1","2"
"中元年夏四","1","1","2"
"封故御史大","1","1","2"
"故御史大夫","1","1","2"
"后三年正月","1","1","2"
"建元元年冬","1","1","2"
"元元年冬十","1","1","2"
"元光元年冬","1","1","2"
"光元年冬十","1","1","2"
"骁骑将军屯","1","1","2"
"北地二千余","1","1","2"
"地二千余里","1","1","2"
"首虏三万余","2","0","2"
"虏三万余级","2","0","2"
"杀略数百人","2","0","2"
"吏二千石金","1","1","2"
"青翟下狱死","1","1","2"
"史大夫王卿","1","1","2"
"都尉霍光大","2","0","2"
"尉霍光大司","2","0","2"
"霍光大司马","2","0","2"
"光大司马大","2","0","2"
"受遗诏辅少","2","0","2"
"遗诏辅少主","2","0","2"
"太常举贤良","1","1","2"
"郡国文学高","1","1","2"
"国文学高第","1","1","2"
"封御史大夫","1","1","2"
"大司农阳城","1","1","2"
"司农阳城侯","1","1","2"
"农阳城侯田","1","1","2"
"阳城侯田延","1","1","2"
"城侯田延年","1","1","2"
"夫田广明祁","2","0","2"
"田广明祁连","2","0","2"
"广明祁连将","2","0","2"
"明祁连将军","2","0","2"
"军赵充国蒲","2","0","2"
"赵充国蒲类","2","0","2"
"充国蒲类将","2","0","2"
"国蒲类将军","2","0","2"
"太守田顺虎","2","0","2"
"守田顺虎牙","2","0","2"
"田顺虎牙将","2","0","2"
"顺虎牙将军","2","0","2"
"校尉常惠持","1","1","2"
"广川惠王孙","1","1","2"
"川惠王孙文","1","1","2"
"母宣成侯夫","1","1","2"
"诸姊妹婿度","1","1","2"
"姊妹婿度辽","1","1","2"
"妹婿度辽将","1","1","2"
"婿度辽将军","1","1","2"
"长信少府邓","1","1","2"
"信少府邓广","1","1","2"
"少府邓广汉","1","1","2"
"中郎将任胜","1","1","2"
"骑都尉赵平","1","1","2"
"长安男子冯","1","1","2"
"安男子冯殷","1","1","2"
"男子冯殷等","1","1","2"
"置建章卫尉","1","1","2"
"京兆尹赵广","1","1","2"
"兆尹赵广汉","1","1","2"
"首恶大豪杨","1","1","2"
"恶大豪杨玉","1","1","2"
"匈奴日逐王","1","1","2"
"奴日逐王先","1","1","2"
"匈奴单遣弟","2","0","2"
"弟呼留若王","1","1","2"
"呼留若王胜","1","1","2"
"骨肉大臣立","1","1","2"
"肉大臣立虚","1","1","2"
"大臣立虚闾","1","1","2"
"臣立虚闾权","1","1","2"
"立虚闾权渠","1","1","2"
"闾权渠单子","2","0","2"
"击杀屠耆堂","1","1","2"
"遣弟谷蠡王","1","1","2"
"弟谷蠡王入","1","1","2"
"谷蠡王入侍","1","1","2"
"呼韩邪单遣","2","0","2"
"遣子右贤王","2","0","2"
"中二千石金","1","1","2"
"黄龙元年十","1","1","2"
"龙元年十二","1","1","2"
"广陵厉王太","1","1","2"
"陵厉王太子","1","1","2"
"厉王太子霸","1","1","2"
"立长沙炀王","1","1","2"
"长沙炀王弟","1","1","2"
"沙炀王弟宗","1","1","2"
"故海昏侯贺","1","1","2"
"周子南君周","2","0","2"
"子南君周承","2","0","2"
"南君周承休","2","0","2"
"君周承休侯","2","0","2"
"渭城寿陵亭","1","1","2"
"城寿陵亭部","1","1","2"
"寿陵亭部原","1","1","2"
"陵亭部原上","1","1","2"
"竟宁元年春","1","1","2"
"宁元年春正","1","1","2"
"赐副校尉陈","1","1","2"
"校尉陈汤爵","1","1","2"
"尉陈汤爵关","1","1","2"
"陈汤爵关内","1","1","2"
"昭哀后寝园","1","1","2"
"竟宁元年五","1","1","2"
"宁元年五月","1","1","2"
"舅侍中卫尉","1","1","2"
"侍中卫尉阳","1","1","2"
"中卫尉阳平","1","1","2"
"卫尉阳平侯","1","1","2"
"尉阳平侯王","1","1","2"
"故河间王弟","1","1","2"
"河间王弟上","1","1","2"
"间王弟上郡","1","1","2"
"王弟上郡库","1","1","2"
"舅诸吏光禄","1","1","2"
"关内侯王崇","1","1","2"
"渭城延陵亭","1","1","2"
"城延陵亭部","1","1","2"
"陵亭部初陵","2","0","2"
"三辅内郡举","1","1","2"
"立中山宪王","1","1","2"
"中山宪王孙","1","1","2"
"三年夏四月","1","1","2"
"封婕妤赵氏","1","1","2"
"婕妤赵氏父","1","1","2"
"父临成阳侯","2","0","2"
"子侍中骑都","1","1","2"
"禄大夫王莽","1","1","2"
"王莽新都侯","1","1","2"
"等十三人谋","1","1","2"
"十三人谋反","1","1","2"
"立广陵孝王","1","1","2"
"广陵孝王子","1","1","2"
"司隶校尉官","1","1","2"
"中山王舅谏","1","1","2"
"山王舅谏大","1","1","2"
"王舅谏大夫","1","1","2"
"舅谏大夫冯","1","1","2"
"谏大夫冯参","1","1","2"
"冯参宜乡侯","2","0","2"
"中山国三万","1","1","2"
"山国三万户","1","1","2"
"票骑将军大","2","0","2"
"将军大司马","2","0","2"
"陵侯淳长大","2","0","2"
"侯淳长大逆","2","0","2"
"诏尊定陶恭","1","1","2"
"定陶恭王恭","2","0","2"
"陶恭王恭皇","2","0","2"
"父晏孔乡侯","2","0","2"
"弟侍中光禄","1","1","2"
"光禄大夫赵","1","1","2"
"禄大夫赵钦","1","1","2"
"吏民三十人","1","1","2"
"建平元年春","1","1","2"
"平元年春正","1","1","2"
"渭城西北原","1","1","2"
"城西北原上","1","1","2"
"西北原上永","1","1","2"
"北原上永陵","1","1","2"
"原上永陵亭","1","1","2"
"立鲁顷王子","1","1","2"
"封帝太太后","1","1","2"
"弟侍中傅商","1","1","2"
"后同母弟子","2","0","2"
"子侍中郑业","1","1","2"
"郑业阳信侯","2","0","2"
"恭皇园北门","1","1","2"
"能直言者一","2","0","2"
"直言者一人","2","0","2"
"票骑将军丁","2","0","2"
"将军丁明免","1","1","2"
"封宣帝耳孙","1","1","2"
"六人皆列侯","2","0","2"
"敦厚能直言","1","1","2"
"置少府海丞","1","1","2"
"立代孝王玄","1","1","2"
"代孝王玄孙","1","1","2"
"江都易王孙","1","1","2"
"都易王孙盱","1","1","2"
"易王孙盱台","1","1","2"
"王孙盱台侯","1","1","2"
"广川惠王曾","2","0","2"
"川惠王曾孙","2","0","2"
"惠王曾孙伦","2","0","2"
"王曾孙伦广","2","0","2"
"曾孙伦广德","2","0","2"
"孙伦广德王","2","0","2"
"故曲周侯郦","1","1","2"
"周侯郦商等","1","1","2"
"侯郦商等后","1","1","2"
"玄孙郦明友","1","1","2"
"孙郦明友等","1","1","2"
"百一十三人","1","1","2"
"一十三人爵","1","1","2"
"立梁孝王玄","1","1","2"
"梁孝王玄孙","1","1","2"
"五百八十三","1","1","2"
"七百三十万","1","1","2"
"百三十万八","1","1","2"
"三十万八千","1","1","2"
"十万八千七","1","1","2"
"七百一十一","1","1","2"
"百四十三万","1","1","2"
"四十三万六","1","1","2"
"一千四百七","1","1","2"
"一百六十一","1","1","2"
"二万四千一","1","1","2"
"四千一百九","1","1","2"
"一百九十二","1","1","2"
"三千三百二","1","1","2"
"日法九百九","2","0","2"
"法九百九十","2","0","2"
"九百九十七","1","1","2"
"百九十七万","1","1","2"
"九十七万七","1","1","2"
"七万七千三","1","1","2"
"三百三十七","1","1","2"
"百三十二万","1","1","2"
"三十二万五","1","1","2"
"二万五千七","1","1","2"
"五万一千八","1","1","2"
"一百七十五","1","1","2"
"七万九千三","1","1","2"
"百四十二万","1","1","2"
"四十二万五","1","1","2"
"二万五千三","1","1","2"
"五千三百二","1","1","2"
"六万五千八","1","1","2"
"九万六千七","1","1","2"
"六千七百六","1","1","2"
"九百九十五","1","1","2"
"百九十五万","1","1","2"
"九十五万五","1","1","2"
"五万五千七","1","1","2"
"五千七百九","1","1","2"
"七百九十一","1","1","2"
"五百九十二","1","1","2"
"五百一十二","1","1","2"
"五十五万一","1","1","2"
"五万一千七","1","1","2"
"四万八千三","1","1","2"
"八千三百八","1","1","2"
"一亿三千四","1","1","2"
"亿三千四百","1","1","2"
"八万二千二","1","1","2"
"二千二百九","1","1","2"
"百六十九万","1","1","2"
"六十九万四","1","1","2"
"百六十七万","1","1","2"
"六十七万三","1","1","2"
"七万三千四","1","1","2"
"四百五十一","1","1","2"
"五百一十六","1","1","2"
"百一十六万","1","1","2"
"一十六万三","1","1","2"
"行星三十三","1","1","2"
"星三十三度","1","1","2"
"三十三度三","1","1","2"
"十三度三百","1","1","2"
"三度三百三","1","1","2"
"度三百三十","1","1","2"
"百一十三度","1","1","2"
"一十三度四","1","1","2"
"十三度四百","1","1","2"
"三度四百三","1","1","2"
"三百二十七","1","1","2"
"行星三百五","1","1","2"
"星三百五十","1","1","2"
"百五十七度","1","1","2"
"五十七度四","1","1","2"
"十七度四百","1","1","2"
"七度四百三","1","1","2"
"行星十四度","1","1","2"
"星十四度三","1","1","2"
"十四度三百","1","1","2"
"百六十八分","1","1","2"
"三百四十日","1","1","2"
"百四十日八","1","1","2"
"四十日八十","1","1","2"
"十日八十六","1","1","2"
"行星五度四","1","1","2"
"星五度四百","1","1","2"
"五度四百四","1","1","2"
"度四百四十","1","1","2"
"四百四十七","1","1","2"
"百四十七万","1","1","2"
"四十七万三","1","1","2"
"七万三千九","1","1","2"
"三千九百三","1","1","2"
"千九百三十","1","1","2"
"九百三十分","1","1","2"
"七百一十七","1","1","2"
"百一十七万","1","1","2"
"一百七十分","1","1","2"
"行星七度八","1","1","2"
"星七度八百","1","1","2"
"七度八百七","1","1","2"
"度八百七十","1","1","2"
"百七十三万","1","1","2"
"七十三万六","1","1","2"
"三万六千五","1","1","2"
"六千五百七","1","1","2"
"五百七十分","1","1","2"
"中央二十七","1","1","2"
"二千五百九","1","1","2"
"千五百九十","1","1","2"
"五百九十七","1","1","2"
"营室十四度","1","1","2"
"井三十一度","1","1","2"
"大余五十九","1","1","2"
"小余二十一","1","1","2"
"周文王四十","1","1","2"
"文王四十二","1","1","2"
"四十二年十","1","1","2"
"十二月丁丑","1","1","2"
"二月丁丑朔","1","1","2"
"月丁丑朔旦","1","1","2"
"丁丑朔旦冬","1","1","2"
"四月己丑朔","1","1","2"
"微公二十六","1","1","2"
"公二十六年","1","1","2"
"二十六年正","1","1","2"
"六年正月乙","1","1","2"
"年正月乙亥","1","1","2"
"正月乙亥朔","1","1","2"
"月乙亥朔旦","1","1","2"
"乙亥朔旦冬","1","1","2"
"献公七十六","1","1","2"
"献公十五年","1","1","2"
"五年正月甲","1","1","2"
"年正月甲寅","1","1","2"
"正月甲寅朔","1","1","2"
"月甲寅朔旦","1","1","2"
"甲寅朔旦冬","1","1","2"
"懿公七十六","1","1","2"
"三十一年岁","1","1","2"
"汉历太初元","1","1","2"
"历太初元年","1","1","2"
"元十四万三","1","1","2"
"四万三千一","1","1","2"
"建武三十一","1","1","2"
"武三十一年","1","1","2"
"壮贝三寸六","1","1","2"
"贝三寸六分","1","1","2"
"幺贝二寸四","1","1","2"
"贝二寸四分","1","1","2"
"二千户封地","1","1","2"
"千户封地士","1","1","2"
"户封地士将","1","1","2"
"封地士将军","1","1","2"
"气下黑上青","1","1","2"
"宣帝甘露元","1","1","2"
"帝甘露元年","1","1","2"
"甘露元年四","1","1","2"
"露元年四月","1","1","2"
"元年四月丙","1","1","2"
"中山太上皇","1","1","2"
"山太上皇庙","1","1","2"
"成公五年秋","1","1","2"
"襄公二十四","1","1","2"
"二十四年秋","1","1","2"
"立王婕妤皇","2","0","2"
"王婕妤皇后","2","0","2"
"宣公七年秋","1","1","2"
"文帝三年秋","1","1","2"
"元狩三年夏","1","1","2"
"天汉元年夏","1","1","2"
"神爵元年秋","1","1","2"
"成帝时童谣","1","1","2"
"二十八年春","1","1","2"
"昭公四年正","1","1","2"
"帝中六年三","1","1","2"
"中六年三月","1","1","2"
"元鼎二年三","1","1","2"
"鼎二年三月","1","1","2"
"阳朔四年四","1","1","2"
"朔四年四月","1","1","2"
"元封三年十","1","1","2"
"封三年十二","1","1","2"
"十三年九月","1","1","2"
"二十三年八","1","1","2"
"十三年八月","1","1","2"
"公十四年秋","1","1","2"
"十四年秋八","1","1","2"
"四年秋八月","1","1","2"
"年秋八月辛","1","1","2"
"秋八月辛卯","1","1","2"
"成公五年夏","1","1","2"
"公十八年秋","1","1","2"
"地节元年十","1","1","2"
"节元年十二","1","1","2"
"元六年分右","2","0","2"
"六年分右内","2","0","2"
"年分右内史","2","0","2"
"初元年更名","2","0","2"
"蒲谷乡弦中","1","1","2"
"谷乡弦中谷","1","1","2"
"雍州弦蒲薮","1","1","2"
"褒水祠三所","1","1","2"
"元鼎四年置","2","0","2"
"二十七万六","1","1","2"
"十七万六千","1","1","2"
"六千四百四","1","1","2"
"一百七十四","1","1","2"
"百七十四万","1","1","2"
"七十四万二","1","1","2"
"十四万二百","1","1","2"
"四万二百七","1","1","2"
"万二百七十","1","1","2"
"四十三万二","1","1","2"
"二千四百九","1","1","2"
"四百九十一","1","1","2"
"二百二十一","1","1","2"
"十一万九百","1","1","2"
"一万九百七","1","1","2"
"万九百七十","1","1","2"
"九百七十三","1","1","2"
"十二万四千","1","1","2"
"三百八十三","1","1","2"
"四十五万七","1","1","2"
"十五万七千","1","1","2"
"五万七千三","1","1","2"
"二十一万二","1","1","2"
"一万二千八","1","1","2"
"八百四十九","1","1","2"
"九十万九千","1","1","2"
"十万九千六","1","1","2"
"六百五十五","1","1","2"
"九百五十一","1","1","2"
"八十二万七","1","1","2"
"二万七千一","1","1","2"
"四万一千七","1","1","2"
"六十七万七","1","1","2"
"七万七千九","1","1","2"
"七千九百五","1","1","2"
"九百五十六","1","1","2"
"二十万一千","1","1","2"
"十万一千七","1","1","2"
"八十七万五","1","1","2"
"七万五千四","1","1","2"
"五千四百二","1","1","2"
"二十五万六","1","1","2"
"五万六千三","1","1","2"
"九十万五千","1","1","2"
"户十五万四","2","0","2"
"五万四千三","1","1","2"
"六十六万四","1","1","2"
"四千五百四","1","1","2"
"五百四十三","1","1","2"
"五万四千八","1","1","2"
"万四千八百","1","1","2"
"四千八百二","1","1","2"
"八百二十六","1","1","2"
"五十五万四","1","1","2"
"五万四千四","1","1","2"
"四千四百四","1","1","2"
"松林莱君祠","1","1","2"
"参山万里沙","1","1","2"
"山万里沙祠","1","1","2"
"莱山莱王祠","1","1","2"
"景帝四年属","1","1","2"
"十六万七千","1","1","2"
"七千四百九","1","1","2"
"四百九十九","1","1","2"
"二千二百四","1","1","2"
"神爵二年置","2","0","2"
"西王母石室","1","1","2"
"元鼎三年置","2","0","2"
"部都尉治偃","1","1","2"
"都尉治偃泉","1","1","2"
"尉治偃泉障","1","1","2"
"帝后元年分","1","1","2"
"后元年分酒","1","1","2"
"元年分酒泉","1","1","2"
"部都尉治神","1","1","2"
"都尉治神泉","1","1","2"
"尉治神泉障","1","1","2"
"黄帝祠四所","1","1","2"
"行八千五百","1","1","2"
"八千五百六","1","1","2"
"宣帝五凤二","1","1","2"
"帝五凤二年","1","1","2"
"二百二十三","1","1","2"
"二十三万三","1","1","2"
"十三万三千","1","1","2"
"口五千九百","1","1","2"
"九百五十九","1","1","2"
"五十九万四","1","1","2"
"万四千九百","1","1","2"
"四千九百七","1","1","2"
"九百七十八","1","1","2"
"百三十一篇","1","1","2"
"军礼司马法","1","1","2"
"公羊颜氏记","1","1","2"
"公羊董仲舒","1","1","2"
"羊董仲舒治","1","1","2"
"董仲舒治狱","1","1","2"
"列女传颂图","1","1","2"
"百三十九卷","1","1","2"
"常蓼侯孔臧","1","1","2"
"臧赋二十篇","1","1","2"
"奇赋十一篇","1","1","2"
"诏赐中山靖","1","1","2"
"赐中山靖王","1","1","2"
"孺子妾冰未","1","1","2"
"子妾冰未央","1","1","2"
"妾冰未央材","1","1","2"
"冰未央材人","1","1","2"
"未央材人歌","1","1","2"
"央材人歌诗","1","1","2"
"雁门云中陇","1","1","2"
"门云中陇西","1","1","2"
"云中陇西歌","1","1","2"
"中陇西歌诗","1","1","2"
"弩将军王围","1","1","2"
"将军王围射","1","1","2"
"军王围射法","1","1","2"
"流星行事占","1","1","2"
"星行事占验","1","1","2"
"旁气行占验","1","1","2"
"黄帝五家历","1","1","2"
"元殷周谍历","1","1","2"
"陵钦易吉凶","1","1","2"
"昭明子钓种","1","1","2"
"明子钓种生","1","1","2"
"子钓种生鱼","1","1","2"
"五藏六府痺","2","0","2"
"藏六府痺十","2","0","2"
"六府痺十二","2","0","2"
"府痺十二病","2","0","2"
"痺十二病方","2","0","2"
"风寒热十六","1","1","2"
"寒热十六病","1","1","2"
"热十六病方","1","1","2"
"泰壹杂子黄","1","1","2"
"四人同心辅","1","1","2"
"中书宦官弘","1","1","2"
"书宦官弘恭","1","1","2"
"赐望爵关内","2","0","2"
"望爵关内侯","2","0","2"
"击秦将章邯","1","1","2"
"秦将章邯车","1","1","2"
"将章邯车骑","1","1","2"
"绛八千二百","1","1","2"
"二百八十户","1","1","2"
"景帝后元年","1","1","2"
"丰西泽中亭","1","1","2"
"十年冬十月","1","1","2"
"春正月乙卯","2","0","2"
"武都道山崩","1","1","2"
"知非皇后子","2","0","2"
"四年夏四月","1","1","2"
"七年冬十一","1","1","2"
"越驰义侯遗","1","1","2"
"立赵敬肃王","1","1","2"
"赵敬肃王子","1","1","2"
"敬肃王子偃","1","1","2"
"子偃平干王","2","0","2"
"武庙世宗庙","2","0","2"
"待诏掖庭王","1","1","2"
"侍中卫尉淳","1","1","2"
"元寿元年春","1","1","2"
"寿元年春正","1","1","2"
"五月丁巳朔","1","1","2"
"元月除积月","1","1","2"
"月除积月余","1","1","2"
"太甲元年十","1","1","2"
"甲元年十二","1","1","2"
"厥妖狗生角","2","0","2"
"隐公三年二","1","1","2"
"三年二月己","1","1","2"
"年二月己巳","1","1","2"
"十二年三月","1","1","2"
"二年三月庚","1","1","2"
"年三月庚午","1","1","2"
"文公元年二","1","1","2"
"公元年二月","1","1","2"
"元年二月癸","1","1","2"
"年二月癸亥","1","1","2"
"六月丙寅朔","1","1","2"
"二十四年五","1","1","2"
"四年五月乙","1","1","2"
"年五月乙未","1","1","2"
"五月乙未朔","1","1","2"
"后宫将受害","1","1","2"
"径路神祠三","1","1","2"
"路神祠三所","1","1","2"
"百支莱王祠","1","1","2"
"三千一百一","1","1","2"
"成帝时刘向","1","1","2"
"黄门书者王","1","1","2"
"门书者王广","1","1","2"
"吕嘉赋五篇","1","1","2"
"雍橐泉宫祈","1","1","2"
"橐泉宫祈年","1","1","2"
"泉宫祈年馆","1","1","2"
"宫祈年馆下","1","1","2"
"百姓离心瓦","1","1","2"
"姓离心瓦解","1","1","2"
"令天下骚动","2","0","2"
"美者善养禾","2","0","2"
"免冠解印绶","2","0","2"
"精兵待幕北","2","0","2"
"善言天者必","2","0","2"
"言天者必征","2","0","2"
"天者必征人","2","0","2"
"善言古者必","2","0","2"
"言古者必验","2","0","2"
"实中声者谓","2","0","2"
"复使巫祝诅","2","0","2"
"察郡国守相","1","1","2"
"方社稷宗庙","2","0","2"
"敞舍鹖雀飞","2","0","2"
"丞相府屋上","1","1","2"
"一切便宜事","2","0","2"
"所谓爱适足","2","0","2"
"谓爱适足害","2","0","2"
"爱适足害者","2","0","2"
"陛下少留意","2","0","2"
"发使随汉使","2","0","2"
"靬眩人献汉","2","0","2"
"氏侯者凡二","2","0","2"
"侯者凡二人","2","0","2"
"十日一赐餐","2","0","2"
"女配帝皇后","2","0","2"
"诸刘诸侯者","2","0","2"
"所共承宗庙","2","0","2"
"中尉条侯周","1","1","2"
"梁相山都侯","1","1","2"
"相山都侯王","1","1","2"
"山都侯王恬","1","1","2"
"都侯王恬启","1","1","2"
"尚食监高祛","1","1","2"
"北地都尉卬","2","0","2"
"宗正刘弃疾","1","1","2"
"弟武安侯田","1","1","2"
"二千石者六","2","0","2"
"千石者六七","2","0","2"
"石者六七人","2","0","2"
"贤良方正士","2","0","2"
"父子兄弟相","1","1","2"
"子兄弟相见","1","1","2"
"臣所大王患","2","0","2"
"愿大王孰察","2","0","2"
"中庶子蒙嘉","1","1","2"
"鲁公子庆父","1","1","2"
"广阳私府长","1","1","2"
"帝弟梁孝王","1","1","2"
"屏居蓝田南","2","0","2"
"居蓝田南山","2","0","2"
"蓝田南山下","1","1","2"
"建陵侯卫绾","1","1","2"
"孝景王皇后","2","0","2"
"欲复新垣平","2","0","2"
"长乐卫尉窦","1","1","2"
"乐卫尉窦甫","1","1","2"
"临汝侯灌贤","1","1","2"
"见大长公主","1","1","2"
"送臣等六人","1","1","2"
"齐人公孙诡","1","1","2"
"天下精兵聚","1","1","2"
"然终尺寸功","2","0","2"
"置烽燧然后","1","1","2"
"骑入武州塞","2","0","2"
"材官三十余","1","1","2"
"官三十余万","1","1","2"
"约单入马邑","2","0","2"
"单入马邑纵","2","0","2"
"未马邑百余","2","0","2"
"马邑百余里","2","0","2"
"御史大夫五","1","1","2"
"史大夫五年","1","1","2"
"栗姬生临江","1","1","2"
"姬生临江闵","1","1","2"
"生临江闵王","1","1","2"
"临江闵王荣","2","0","2"
"河间献王德","2","0","2"
"临江哀王阏","2","0","2"
"程姬生鲁共","1","1","2"
"姬生鲁共王","1","1","2"
"赵敬肃王彭","2","0","2"
"敬肃王彭祖","2","0","2"
"中山靖王胜","2","0","2"
"聪明睿智曰","1","1","2"
"明睿智曰献","1","1","2"
"冀州刺史敞","1","1","2"
"汉中太守请","1","1","2"
"中太守请治","1","1","2"
"哀帝下诏褒","1","1","2"
"帝下诏褒扬","1","1","2"
"诣中尉府对","2","0","2"
"中尉府对簿","2","0","2"
"子孝王庆忌","1","1","2"
"孝王庆忌嗣","1","1","2"
"三十七年薨","1","1","2"
"坏孔子旧宅","1","1","2"
"美人淖姬等","1","1","2"
"建异母弟定","1","1","2"
"异母弟定国","1","1","2"
"男子荼恬上","1","1","2"
"子荼恬上书","1","1","2"
"鲁恭王太后","1","1","2"
"建游章台宫","1","1","2"
"女子乘小船","1","1","2"
"乘小船入波","1","1","2"
"小船入波中","1","1","2"
"辜三十五人","1","1","2"
"都尉金银印","1","1","2"
"越繇王闽侯","1","1","2"
"列侯吏二千","1","1","2"
"侯吏二千石","1","1","2"
"吏二千石博","1","1","2"
"百二十一年","1","1","2"
"平帝时新都","1","1","2"
"帝时新都侯","1","1","2"
"时新都侯王","1","1","2"
"景前三年立","2","0","2"
"立四十七年","2","0","2"
"四十七年薨","1","1","2"
"二千石欲治","2","0","2"
"千石欲治者","2","0","2"
"赵王家多金","1","1","2"
"王家多金钱","1","1","2"
"后彭祖入朝","1","1","2"
"江都易王宠","1","1","2"
"都易王宠姬","1","1","2"
"问武始侯昌","1","1","2"
"子怀王尊嗣","1","1","2"
"五十六年薨","1","1","2"
"诸侯连城数","1","1","2"
"侯连城数十","1","1","2"
"司吹毛求疵","1","1","2"
"高渐离击筑","1","1","2"
"渐离击筑易","1","1","2"
"离击筑易水","1","1","2"
"司所奏诸侯","1","1","2"
"所奏诸侯事","1","1","2"
"百二十余人","1","1","2"
"赵王彭祖相","1","1","2"
"子康王昆侈","1","1","2"
"康王昆侈嗣","1","1","2"
"成帝鸿嘉二","1","1","2"
"帝鸿嘉二年","1","1","2"
"长沙定王发","2","0","2"
"景帝召程姬","1","1","2"
"子剌王建德","1","1","2"
"剌王建德嗣","1","1","2"
"三十四年薨","1","1","2"
"景中二年立","2","0","2"
"四十四年薨","1","1","2"
"告中尉蔡彭","1","1","2"
"中尉蔡彭祖","1","1","2"
"尉蔡彭祖捕","1","1","2"
"广川勇士奋","1","1","2"
"川勇士奋击","1","1","2"
"勇士奋击匈","1","1","2"
"士奋击匈奴","1","1","2"
"短衣大绔长","1","1","2"
"衣大绔长剑","1","1","2"
"阳成昭信侍","1","1","2"
"梦见昭平等","1","1","2"
"前画工画望","1","1","2"
"画工画望卿","1","1","2"
"王使明贞夫","1","1","2"
"使明贞夫人","1","1","2"
"明贞夫人主","1","1","2"
"闭诸姬舍门","1","1","2"
"王教脩靡夫","1","1","2"
"教脩靡夫人","1","1","2"
"脩靡夫人望","1","1","2"
"靡夫人望卿","1","1","2"
"天子遣大鸿","2","0","2"
"子遣大鸿胪","2","0","2"
"一家母子三","1","1","2"
"家母子三人","1","1","2"
"司请废勿王","2","0","2"
"立二十二年","2","0","2"
"调等谋杀一","1","1","2"
"等谋杀一家","1","1","2"
"谋杀一家三","1","1","2"
"杀一家三人","1","1","2"
"立戴王弟襄","1","1","2"
"子戴王通平","1","1","2"
"戴王通平嗣","1","1","2"
"三十八年薨","1","1","2"
"言宪王病时","1","1","2"
"常山宪王早","1","1","2"
"子哀王安世","1","1","2"
"哀王安世嗣","1","1","2"
"三十九年薨","1","1","2"
"河间献王近","1","1","2"
"孝文十四年","2","0","2"
"奴左贤王将","2","0","2"
"公孙弘丞相","1","1","2"
"侍中贵人饮","1","1","2"
"侍中建章监","1","1","2"
"汉遣贰师将","2","0","2"
"贰师将军伐","2","0","2"
"师将军伐大","2","0","2"
"将军伐大宛","2","0","2"
"五校兵随后","1","1","2"
"将三万骑酒","2","0","2"
"击右贤王天","2","0","2"
"右贤王天山","2","0","2"
"勇士奇材剑","1","1","2"
"士奇材剑客","1","1","2"
"诏强弩都尉","2","0","2"
"路博德将兵","2","0","2"
"击东西浚稽","1","1","2"
"浚稽山南龙","1","1","2"
"稽山南龙勒","1","1","2"
"山南龙勒水","1","1","2"
"抵受降城休","1","1","2"
"将步卒五千","2","0","2"
"步卒五千人","2","0","2"
"五千人居延","2","0","2"
"所过山川地","1","1","2"
"过山川地形","1","1","2"
"后行持弓弩","1","1","2"
"大泽葭苇中","1","1","2"
"陵便衣独步","1","1","2"
"将军威震匈","1","1","2"
"军威震匈奴","1","1","2"
"韩延年战死","1","1","2"
"责问陈步乐","1","1","2"
"上问太史令","1","1","2"
"问太史令司","1","1","2"
"全躯保妻子","2","0","2"
"躯保妻子臣","2","0","2"
"保妻子臣随","2","0","2"
"妻子臣随媒","2","0","2"
"陵提步卒满","2","0","2"
"提步卒满五","2","0","2"
"步卒满五千","2","0","2"
"虏救死扶伤","2","0","2"
"北首争死敌","2","0","2"
"兵深入匈奴","1","1","2"
"深入匈奴迎","1","1","2"
"陇西士大夫","1","1","2"
"军上官桀辅","1","1","2"
"上官桀辅政","1","1","2"
"范蠡遍游天","1","1","2"
"蠡遍游天下","1","1","2"
"元平元年病","1","1","2"
"平元年病死","1","1","2"
"大将军朔方","2","0","2"
"军大将军定","2","0","2"
"匈奴留汉使","2","0","2"
"鞮侯单初立","2","0","2"
"汉使路充国","2","0","2"
"中郎将张胜","1","1","2"
"长水虞常等","1","1","2"
"左伊秩訾曰","2","0","2"
"张胜谋杀单","1","1","2"
"南越杀汉使","1","1","2"
"越杀汉使者","1","1","2"
"宛王杀汉使","1","1","2"
"朝鲜杀汉使","1","1","2"
"鲜杀汉使者","1","1","2"
"黄门驸马争","1","1","2"
"门驸马争船","1","1","2"
"始元六年春","1","1","2"
"光过失予燕","2","0","2"
"过失予燕王","2","0","2"
"使匈奴二十","1","1","2"
"匈奴二十年","1","1","2"
"右曹典属国","1","1","2"
"通国随使者","1","1","2"
"神爵二年病","1","1","2"
"军富平侯张","1","1","2"
"富平侯张安","1","1","2"
"平侯张安世","1","1","2"
"车骑将军龙","1","1","2"
"骑将军龙额","1","1","2"
"将军龙额侯","1","1","2"
"军龙额侯韩","1","1","2"
"后将军营平","1","1","2"
"将军营平侯","1","1","2"
"军营平侯赵","1","1","2"
"营平侯赵充","1","1","2"
"平侯赵充国","1","1","2"
"丞相高平侯","1","1","2"
"相高平侯魏","1","1","2"
"高平侯魏相","1","1","2"
"丞相博阳侯","1","1","2"
"相博阳侯丙","1","1","2"
"御史大夫建","1","1","2"
"史大夫建平","1","1","2"
"大夫建平侯","1","1","2"
"夫建平侯杜","1","1","2"
"宗正阳城侯","1","1","2"
"正阳城侯刘","1","1","2"
"阳城侯刘德","1","1","2"
"阳信长公主","1","1","2"
"平阳公主家","1","1","2"
"青冒姓卫氏","1","1","2"
"卫媪长女君","1","1","2"
"媪长女君孺","1","1","2"
"建元二年春","1","1","2"
"闻卫子夫幸","2","0","2"
"友骑郎公孙","1","1","2"
"骑郎公孙敖","1","1","2"
"青赐爵关内","1","1","2"
"匈奴侵犯边","1","1","2"
"元朔元年春","1","1","2"
"将三万骑雁","2","0","2"
"三万骑雁门","2","0","2"
"捕首虏数千","2","0","2"
"千八百户封","1","1","2"
"所杀略甚众","2","0","2"
"青将三万骑","2","0","2"
"内史李沮强","2","0","2"
"史李沮强弩","2","0","2"
"李沮强弩将","2","0","2"
"沮强弩将军","2","0","2"
"岸头侯张次","1","1","2"
"头侯张次公","1","1","2"
"轻骑校尉郭","1","1","2"
"骑校尉郭成","1","1","2"
"校尉郭成等","1","1","2"
"尉郭成等追","1","1","2"
"众男女万五","2","0","2"
"男女万五千","2","0","2"
"获匈奴王十","1","1","2"
"匈奴王十余","1","1","2"
"奴王十余人","1","1","2"
"八千七百户","1","1","2"
"护军都尉公","1","1","2"
"军都尉公孙","1","1","2"
"都尉公孙敖","1","1","2"
"尉公孙敖三","1","1","2"
"轻车将军李","1","1","2"
"车将军李蔡","1","1","2"
"斩首数千级","2","0","2"
"议郎周霸等","1","1","2"
"斩首捕虏二","2","0","2"
"首捕虏二千","2","0","2"
"千五百户封","1","1","2"
"上谷太守郝","1","1","2"
"谷太守郝贤","1","1","2"
"太守郝贤四","1","1","2"
"金王夫人亲","2","0","2"
"王夫人亲寿","2","0","2"
"封骞博望侯","2","0","2"
"将万骑陇西","2","0","2"
"虏八千九百","1","1","2"
"李广俱右北","2","0","2"
"广俱右北平","2","0","2"
"贤王将数万","2","0","2"
"王将数万骑","2","0","2"
"浑邪王相见","1","1","2"
"骑将军病率","2","0","2"
"将军病率师","2","0","2"
"百户益封票","2","0","2"
"户益封票骑","2","0","2"
"益封票骑将","2","0","2"
"封票骑将军","2","0","2"
"令大将军青","2","0","2"
"窴颜山赵信","2","0","2"
"右谷蠡王立","2","0","2"
"韩王等三人","1","1","2"
"四百四十三","1","1","2"
"五千八百户","1","1","2"
"北平太守路","1","1","2"
"平太守路博","1","1","2"
"太守路博德","1","1","2"
"捕虏二千八","1","1","2"
"虏二千八百","1","1","2"
"北地都尉卫","1","1","2"
"地都尉卫山","1","1","2"
"益封三百户","2","0","2"
"渔阳太守解","1","1","2"
"马凡十四万","2","0","2"
"凡十四万匹","2","0","2"
"青长子宜春","1","1","2"
"长子宜春侯","1","1","2"
"虏五万余级","2","0","2"
"六千三百户","1","1","2"
"杅将军筑受","2","0","2"
"将军筑受降","2","0","2"
"军筑受降城","2","0","2"
"后坐法失侯","2","0","2"
"武帝立十八","2","0","2"
"左将军击朝","2","0","2"
"将军击朝鲜","2","0","2"
"河西酒泉地","1","1","2"
"七千七百户","1","1","2"
"骑将军司马","1","1","2"
"军将二万骑","2","0","2"
"击匈奴左王","1","1","2"
"孝景时博士","2","0","2"
"管弦声未衰","2","0","2"
"非愚臣所能","2","0","2"
"莫欲安存恶","2","0","2"
"欲安存恶危","2","0","2"
"安存恶危亡","2","0","2"
"白鱼入王舟","2","0","2"
"使习俗薄恶","1","1","2"
"亲耕籍田农","2","0","2"
"耕籍田农先","2","0","2"
"浸微浸灭浸","2","0","2"
"微浸灭浸明","2","0","2"
"浸灭浸明浸","2","0","2"
"灭浸明浸昌","2","0","2"
"三王教所祖","2","0","2"
"王教所祖同","2","0","2"
"谓久易者道","2","0","2"
"受大者取小","2","0","2"
"常恐能化民","2","0","2"
"恐能化民者","2","0","2"
"长陵高园殿","1","1","2"
"数上疏谏争","2","0","2"
"请司马长卿","1","1","2"
"人司马相言","2","0","2"
"司马长卿晚","1","1","2"
"大夫茫然丧","1","1","2"
"五公子相难","1","1","2"
"言王公大人","1","1","2"
"子大夫修先","2","0","2"
"知臣者臣忠","2","0","2"
"能治能治人","2","0","2"
"先狗马填沟","2","0","2"
"狗马填沟壑","2","0","2"
"田宅财物尽","1","1","2"
"愿陛下勿许","2","0","2"
"会浑邪等降","2","0","2"
"郡国选诣博","1","1","2"
"国选诣博士","1","1","2"
"受业孔安国","2","0","2"
"宽表奏开六","1","1","2"
"表奏开六辅","1","1","2"
"奏开六辅渠","1","1","2"
"诸儒对者五","1","1","2"
"儒对者五十","1","1","2"
"对者五十余","1","1","2"
"宽御史大夫","2","0","2"
"臣闻三代改","1","1","2"
"闻三代改制","1","1","2"
"立明堂辟雍","1","1","2"
"汉兴未改正","1","1","2"
"兴未改正朔","1","1","2"
"迁等共定汉","1","1","2"
"陈皇后巫蛊","1","1","2"
"请博士弟子","1","1","2"
"造白金五铢","1","1","2"
"白金五铢钱","1","1","2"
"御史大夫七","1","1","2"
"河东人李文","1","1","2"
"长史朱买臣","1","1","2"
"安世右将军","2","0","2"
"世右将军光","2","0","2"
"天子下诏曰","2","0","2"
"军光禄勋安","1","1","2"
"光禄勋安世","1","1","2"
"禄勋安世辅","1","1","2"
"勋安世辅政","1","1","2"
"安世辅政宿","1","1","2"
"世辅政宿卫","1","1","2"
"征立昌邑王","1","1","2"
"继大将军后","1","1","2"
"子禹右将军","2","0","2"
"谨慎周密著","1","1","2"
"匿名迹远权","1","1","2"
"名迹远权势","1","1","2"
"先赐爵关内","2","0","2"
"故掖廷令张","2","0","2"
"掖廷令张贺","2","0","2"
"贺弟子侍中","1","1","2"
"弟子侍中关","1","1","2"
"子侍中关内","1","1","2"
"侍中关内侯","1","1","2"
"中关内侯彭","1","1","2"
"关内侯彭祖","1","1","2"
"元康四年春","1","1","2"
"军富平侯印","1","1","2"
"天子赠印绶","1","1","2"
"送轻车介士","2","0","2"
"将作穿复土","2","0","2"
"弟阳都侯彭","1","1","2"
"坐削户二百","2","0","2"
"赐谥曰缪侯","2","0","2"
"汤立功西域","1","1","2"
"尚敬武公主","2","0","2"
"皇后弟平恩","1","1","2"
"后弟平恩侯","1","1","2"
"弟平恩侯许","1","1","2"
"监平乐屯兵","1","1","2"
"前侍御史修","1","1","2"
"侍御史修等","1","1","2"
"御史修等四","1","1","2"
"史修等四人","1","1","2"
"修等四人奉","1","1","2"
"闭门设兵弩","1","1","2"
"门设兵弩射","1","1","2"
"知男子李游","1","1","2"
"男子李游君","1","1","2"
"子李游君欲","1","1","2"
"李游君欲献","1","1","2"
"游君欲献女","1","1","2"
"乐府音监景","1","1","2"
"府音监景武","1","1","2"
"音监景武强","1","1","2"
"监景武强求","1","1","2"
"乐府游徼莽","1","1","2"
"大奴骏等四","1","1","2"
"奴骏等四十","1","1","2"
"骏等四十余","1","1","2"
"等四十余人","1","1","2"
"四十余人群","1","1","2"
"十余人群党","1","1","2"
"入乐府攻射","1","1","2"
"乐府攻射官","1","1","2"
"守令史调等","1","1","2"
"天水属国都","1","1","2"
"水属国都尉","1","1","2"
"视母公主疾","1","1","2"
"赐钱五百万","1","1","2"
"问千秋战斗","1","1","2"
"千秋战斗方","1","1","2"
"秋战斗方略","1","1","2"
"安世子孙相","1","1","2"
"世子孙相继","1","1","2"
"张汤本居杜","1","1","2"
"汤本居杜陵","1","1","2"
"冯商称张汤","1","1","2"
"告大司农杨","1","1","2"
"相车千秋女","1","1","2"
"车千秋女婿","1","1","2"
"博士会公车","1","1","2"
"士会公车门","1","1","2"
"千秋擅召中","1","1","2"
"秋擅召中二","1","1","2"
"朝廷皆恐丞","1","1","2"
"廷皆恐丞相","1","1","2"
"少府弄法轻","1","1","2"
"府弄法轻重","1","1","2"
"延年论议持","1","1","2"
"年论议持平","1","1","2"
"奢侈师旅后","2","0","2"
"吏民上书言","1","1","2"
"延年知曾孙","1","1","2"
"年知曾孙德","1","1","2"
"知曾孙德美","1","1","2"
"居九卿位十","1","1","2"
"九卿位十余","1","1","2"
"卿位十余年","1","1","2"
"相魏相奏延","1","1","2"
"魏相奏延年","1","1","2"
"谒者赐延年","1","1","2"
"者赐延年玺","1","1","2"
"赐延年玺书","1","1","2"
"黄金二千斤","2","0","2"
"征入御史大","2","0","2"
"入御史大夫","2","0","2"
"迁上谷都尉","1","1","2"
"前后数百万","1","1","2"
"五郡二千石","1","1","2"
"三州牧刺史","1","1","2"
"大冠杜子夏","1","1","2"
"大将军军武","1","1","2"
"将军军武库","1","1","2"
"军军武库令","1","1","2"
"说大将军凤","2","0","2"
"圣主富春秋","2","0","2"
"钦兄子私通","1","1","2"
"合阳侯梁放","1","1","2"
"陛下畏天命","1","1","2"
"夷狄侵中国","2","0","2"
"陛下正后妾","1","1","2"
"白虎殿对策","1","1","2"
"爱宠偏一人","2","0","2"
"达名士王骏","1","1","2"
"救解冯野王","1","1","2"
"尹王章上封","2","0","2"
"王章上封事","2","0","2"
"上少亲倚凤","2","0","2"
"仲山父异姓","1","1","2"
"天下治安变","1","1","2"
"下治安变异","1","1","2"
"举直言极谏","2","0","2"
"支属二千石","2","0","2"
"属二千石者","2","0","2"
"列侯奉朝请","2","0","2"
"复函谷关都","2","0","2"
"丞相方进薨","2","0","2"
"方进复奏立","2","0","2"
"进复奏立党","2","0","2"
"复奏立党友","2","0","2"
"巨鹿太守孙","2","0","2"
"鹿太守孙宏","1","1","2"
"故少府陈咸","1","1","2"
"光禄勋许商","1","1","2"
"丞相史能使","1","1","2"
"相史能使巫","1","1","2"
"幸赖陛下明","1","1","2"
"宗室诸侯微","1","1","2"
"室诸侯微弱","1","1","2"
"赵昭仪杀皇","1","1","2"
"昭仪杀皇子","1","1","2"
"朱博忠信勇","1","1","2"
"博忠信勇猛","1","1","2"
"王立庙京师","2","0","2"
"尊帝母定陶","1","1","2"
"帝母定陶王","1","1","2"
"母定陶王丁","1","1","2"
"定陶王丁后","1","1","2"
"司空师丹等","1","1","2"
"劾宏误朝道","2","0","2"
"前后所言皆","1","1","2"
"后所言皆合","1","1","2"
"议立庙尊号","1","1","2"
"立庙尊号者","1","1","2"
"上书求京师","2","0","2"
"武帝时徙茂","2","0","2"
"帝时徙茂陵","2","0","2"
"奴降者言匈","2","0","2"
"降者言匈奴","2","0","2"
"月氏匈奴所","2","0","2"
"浑邪王率众","1","1","2"
"匈奴遣兵击","2","0","2"
"汉遣公主夫","2","0","2"
"遣公主夫人","2","0","2"
"断匈奴右臂","2","0","2"
"多持节副使","1","1","2"
"始筑令居西","2","0","2"
"初置酒泉郡","2","0","2"
"使者相望道","2","0","2"
"少者百余人","1","1","2"
"中使者多者","1","1","2"
"使者多者十","1","1","2"
"者多者十余","1","1","2"
"汉使人人言","1","1","2"
"攻劫汉使王","2","0","2"
"劫汉使王恢","2","0","2"
"使王恢等尤","1","1","2"
"破奴将属国","2","0","2"
"奴将属国骑","2","0","2"
"将属国骑郡","2","0","2"
"属国骑郡兵","2","0","2"
"国骑郡兵数","2","0","2"
"骑郡兵数万","2","0","2"
"郡兵数万击","2","0","2"
"列亭障玉门","2","0","2"
"亭障玉门矣","2","0","2"
"壮士车令等","1","1","2"
"李广利将军","1","1","2"
"女弟李夫人","2","0","2"
"广利贰师将","2","0","2"
"利贰师将军","2","0","2"
"五十余校尉","1","1","2"
"甲卒十八万","1","1","2"
"执驱马校尉","1","1","2"
"遇汉善者名","2","0","2"
"汉善者名昧","2","0","2"
"善者名昧蔡","2","0","2"
"者名昧蔡宛","2","0","2"
"名昧蔡宛王","2","0","2"
"校尉王申生","1","1","2"
"鸿胪壶充国","1","1","2"
"胪壶充国等","1","1","2"
"令搜粟都尉","1","1","2"
"搜粟都尉上","1","1","2"
"杀中郎将江","1","1","2"
"将军广利征","1","1","2"
"军广利征讨","1","1","2"
"二千石百余","2","0","2"
"千石百余人","2","0","2"
"高二千五百","1","1","2"
"使人拘多畏","2","0","2"
"正君臣上下","1","1","2"
"使人俭善失","2","0","2"
"人俭善失真","2","0","2"
"道家使人精","1","1","2"
"家使人精神","1","1","2"
"上大夫壶遂","1","1","2"
"四十二年中","1","1","2"
"玉版图籍散","1","1","2"
"版图籍散乱","1","1","2"
"太史公父子","1","1","2"
"史公父子相","1","1","2"
"公父子相继","1","1","2"
"网罗天下放","2","0","2"
"罗天下放失","2","0","2"
"天下放失旧","2","0","2"
"下放失旧闻","2","0","2"
"凡百三十篇","2","0","2"
"五十二万六","1","1","2"
"六千五百字","1","1","2"
"益州刺史任","1","1","2"
"州刺史任安","1","1","2"
"外孙平通侯","1","1","2"
"孙平通侯杨","1","1","2"
"平通侯杨惲","2","0","2"
"生昌邑哀王","1","1","2"
"昌邑哀王髆","2","0","2"
"元狩元年立","1","1","2"
"相公孙贺父","1","1","2"
"子长平侯卫","1","1","2"
"黄门苏文等","1","1","2"
"前丞相父子","1","1","2"
"二年七月壬","1","1","2"
"入未央宫殿","1","1","2"
"知太子惶恐","2","0","2"
"太子惶恐意","2","0","2"
"皇孙妃王夫","1","1","2"
"孙妃王夫人","1","1","2"
"史良娣曰戾","2","0","2"
"悼园宜称尊","2","0","2"
"园宜称尊号","2","0","2"
"宜称尊号曰","2","0","2"
"称尊号曰皇","2","0","2"
"尊号曰皇考","2","0","2"
"奉园民满千","2","0","2"
"园民满千六","2","0","2"
"民满千六百","2","0","2"
"满千六百家","2","0","2"
"元狩六年四","1","1","2"
"狩六年四月","1","1","2"
"六年四月乙","1","1","2"
"使御史大夫","2","0","2"
"呜呼薰鬻氏","1","1","2"
"呼薰鬻氏虐","1","1","2"
"燕王钱三千","1","1","2"
"王钱三千万","1","1","2"
"郎中韩义等","1","1","2"
"遣大鸿胪丞","1","1","2"
"姊鄂邑盖长","2","0","2"
"昭帝年十四","1","1","2"
"连郡国豪杰","2","0","2"
"将军右将军","2","0","2"
"右将军王莽","1","1","2"
"部中二千石","2","0","2"
"姓异族谋害","1","1","2"
"女巫李女须","1","1","2"
"谓姬南等曰","2","0","2"
"八子郭昭君","2","0","2"
"郭昭君等二","1","1","2"
"昭君等二人","1","1","2"
"将军霍光征","1","1","2"
"行大鸿胪事","1","1","2"
"大鸿胪事少","1","1","2"
"鸿胪事少府","1","1","2"
"山阳太守张","1","1","2"
"阳太守张敞","1","1","2"
"地节三年五","1","1","2"
"节三年五月","1","1","2"
"百八十三人","1","1","2"
"执金吾严延","1","1","2"
"金吾严延年","1","1","2"
"吾严延年字","1","1","2"
"严延年字长","1","1","2"
"延年字长孙","1","1","2"
"张修等十人","1","1","2"
"食邑四千户","1","1","2"
"侍中卫尉金","1","1","2"
"中卫尉金安","1","1","2"
"尉金安上上","1","1","2"
"金安上上书","1","1","2"
"扬州刺史柯","1","1","2"
"卒史孙万世","1","1","2"
"豫章太守廖","1","1","2"
"车马衣裘宫","1","1","2"
"马衣裘宫室","1","1","2"
"佐天子兴利","1","1","2"
"天子兴利除","1","1","2"
"子兴利除害","1","1","2"
"选博士弟子","1","1","2"
"长安上书言","1","1","2"
"安上书言事","1","1","2"
"大丈夫西游","1","1","2"
"南越大臣印","1","1","2"
"越大臣印绶","1","1","2"
"时年二十余","2","0","2"
"圣主必待贤","1","1","2"
"主必待贤臣","1","1","2"
"鸿毛过顺风","1","1","2"
"辄发兵击定","2","0","2"
"宣帝神爵三","1","1","2"
"帝神爵三年","1","1","2"
"昌侯王商诘","1","1","2"
"侯王商诘问","1","1","2"
"孝武皇帝元","1","1","2"
"武皇帝元狩","1","1","2"
"皇帝元狩六","1","1","2"
"关东公孙勇","1","1","2"
"东公孙勇等","1","1","2"
"公孙勇等诈","1","1","2"
"越人父子同","1","1","2"
"言语妙天下","1","1","2"
"荐谒者满宣","1","1","2"
"诵二十二万","2","0","2"
"二十二万言","2","0","2"
"钱二百四十","2","0","2"
"丞相御史知","1","1","2"
"太中大夫吾","1","1","2"
"中大夫吾丘","1","1","2"
"大夫吾丘寿","1","1","2"
"夫吾丘寿王","1","1","2"
"绝陂池水泽","1","1","2"
"幼弱怀土思","1","1","2"
"馆陶公主号","1","1","2"
"朔黄金三十","1","1","2"
"公主贵人多","1","1","2"
"主贵人多逾","1","1","2"
"贵人多逾礼","1","1","2"
"号称千门万","1","1","2"
"称千门万户","1","1","2"
"东方先生喟","1","1","2"
"方先生喟然","1","1","2"
"先生喟然长","1","1","2"
"目视靡曼色","2","0","2"
"耳听钟鼓音","2","0","2"
"平乐观赋猎","1","1","2"
"公孙弘借车","1","1","2"
"原二千余里","2","0","2"
"时朝廷多事","1","1","2"
"阳石公主私","1","1","2"
"石公主私通","1","1","2"
"太子江充所","2","0","2"
"子江充所谮","2","0","2"
"丞相长史乘","1","1","2"
"城西建章宫","1","1","2"
"命少傅石德","1","1","2"
"召监北军使","1","1","2"
"监北军使者","1","1","2"
"奔覆盎城门","1","1","2"
"吏责问御史","1","1","2"
"责问御史大","1","1","2"
"问御史大夫","1","1","2"
"长安男子景","1","1","2"
"获少傅石德","1","1","2"
"随太子发兵","1","1","2"
"后二十余日","2","0","2"
"李广利将兵","2","0","2"
"桑弘羊丞相","2","0","2"
"御史大夫八","2","0","2"
"国家兴榷管","1","1","2"
"绣衣御史暴","1","1","2"
"衣御史暴胜","1","1","2"
"告谏大夫杜","1","1","2"
"农田延年报","1","1","2"
"大将军同心","1","1","2"
"三千五百户","1","1","2"
"侍中金安上","1","1","2"
"车奔入北掖","1","1","2"
"奔入北掖门","1","1","2"
"书谒者令宣","1","1","2"
"中朝二千石","1","1","2"
"乐昌侯王武","1","1","2"
"惲妄引亡国","1","1","2"
"人生行乐耳","1","1","2"
"须富贵何时","1","1","2"
"征御史大夫","2","0","2"
"卫尉韦玄成","1","1","2"
"补覆盎城门","1","1","2"
"代定国御史","2","0","2"
"定国御史大","2","0","2"
"咸御史中丞","2","0","2"
"内执法殿中","1","1","2"
"迁冀州刺史","2","0","2"
"调发属县所","1","1","2"
"将军王音辅","1","1","2"
"诸中宫黄门","1","1","2"
"媚邪臣陈汤","1","1","2"
"阳侯立举咸","2","0","2"
"通法律政事","1","1","2"
"公卿贤良文","1","1","2"
"卿贤良文学","1","1","2"
"时监军御史","1","1","2"
"护军诸校列","1","1","2"
"军诸校列坐","1","1","2"
"京兆尹樊福","1","1","2"
"博士白子友","1","1","2"
"贡禹御史大","2","0","2"
"禹御史大夫","2","0","2"
"太子少傅匡","1","1","2"
"子少傅匡衡","1","1","2"
"中丞陈咸年","1","1","2"
"云上书求见","1","1","2"
"朝廷大臣上","1","1","2"
"尚方斩马剑","1","1","2"
"九江寿春人","2","0","2"
"兆尹王章素","2","0","2"
"数上书求见","2","0","2"
"所谓辟四门","1","1","2"
"封孔子世殷","2","0","2"
"尊周子南君","1","1","2"
"下诏封孔子","1","1","2"
"恐帝长大后","2","0","2"
"帝长大后见","2","0","2"
"长大后见怨","2","0","2"
"中郎谏大夫","1","1","2"
"胡建临敌敢","1","1","2"
"充国字翁孙","1","1","2"
"良家子善骑","2","0","2"
"家子善骑射","2","0","2"
"骑屯缘边九","2","0","2"
"屯缘边九郡","2","0","2"
"光禄大夫义","1","1","2"
"禄大夫义渠","1","1","2"
"大夫义渠安","1","1","2"
"夫义渠安国","1","1","2"
"万人降匈奴","2","0","2"
"复白遣义渠","2","0","2"
"白遣义渠安","2","0","2"
"归义羌侯杨","1","1","2"
"义羌侯杨玉","1","1","2"
"羌侯杨玉等","1","1","2"
"西部都尉府","1","1","2"
"子右曹中郎","1","1","2"
"右曹中郎将","1","1","2"
"金城太守合","1","1","2"
"长史董通年","1","1","2"
"侍中乐成侯","1","1","2"
"中乐成侯许","1","1","2"
"乐成侯许延","1","1","2"
"成侯许延寿","1","1","2"
"诏破羌将军","2","0","2"
"兵六千一百","1","1","2"
"六千一百人","1","1","2"
"敦煌太守快","1","1","2"
"长水校尉富","1","1","2"
"月氏兵四千","1","1","2"
"氏兵四千人","1","1","2"
"七月二十二","1","1","2"
"酒泉八百里","1","1","2"
"将军千二百","2","0","2"
"骑都尉安国","1","1","2"
"制诏后将军","1","1","2"
"二百万斛谷","1","1","2"
"粮谷十九万","1","1","2"
"谷十九万九","1","1","2"
"十九万九千","1","1","2"
"九万九千六","1","1","2"
"九千六百三","1","1","2"
"六百三十斛","1","1","2"
"百九十三斛","1","1","2"
"百八十六石","1","1","2"
"二百八十一","1","1","2"
"百八十一人","1","1","2"
"七千三百六","1","1","2"
"百六十三斛","1","1","2"
"千五百余里","1","1","2"
"上书言羌虏","2","0","2"
"三万一千二","1","1","2"
"一千二百人","1","1","2"
"归酒泉太守","1","1","2"
"后将军卫尉","1","1","2"
"千余人降汉","2","0","2"
"甘露二年薨","1","1","2"
"召黄门郎杨","1","1","2"
"黄门郎杨雄","1","1","2"
"辛庆忌字子","1","1","2"
"庆忌字子真","1","1","2"
"随长罗侯常","1","1","2"
"乌孙赤谷城","1","1","2"
"丞相司直何","1","1","2"
"相司直何武","1","1","2"
"陇西辛兴等","1","1","2"
"南郡太守辛","1","1","2"
"郡太守辛伯","1","1","2"
"太守辛伯等","1","1","2"
"扬言赐外国","2","0","2"
"言赐外国名","2","0","2"
"使者持黄金","2","0","2"
"壮士二人后","2","0","2"
"士二人后刺","2","0","2"
"贵人左右皆","2","0","2"
"人左右皆散","2","0","2"
"左右皆散走","2","0","2"
"卫司马安乐","1","1","2"
"光禄大夫忠","1","1","2"
"期门郎遂成","1","1","2"
"门郎遂成等","1","1","2"
"郎遂成等三","1","1","2"
"封介子义阳","2","0","2"
"介子义阳侯","2","0","2"
"公主上书言","2","0","2"
"匈奴发骑田","2","0","2"
"奴发骑田车","2","0","2"
"发骑田车师","2","0","2"
"车师匈奴一","2","0","2"
"救汉养士马","2","0","2"
"议欲击匈奴","2","0","2"
"公主昆弥皆","2","0","2"
"主昆弥皆遣","2","0","2"
"昆弥皆遣使","2","0","2"
"弥愿发国半","2","0","2"
"愿发国半精","2","0","2"
"发国半精兵","2","0","2"
"尽力击匈奴","2","0","2"
"唯天子兵救","2","0","2"
"天子兵救公","2","0","2"
"子兵救公主","2","0","2"
"大发十五万","2","0","2"
"五将军分道","2","0","2"
"侯下五万余","2","0","2"
"下五万余骑","2","0","2"
"将下三万九","2","0","2"
"三万九千人","1","1","2"
"遣惠持金币","2","0","2"
"惠持金币赐","2","0","2"
"持金币赐乌","2","0","2"
"金币赐乌孙","2","0","2"
"币赐乌孙贵","2","0","2"
"赐乌孙贵人","2","0","2"
"乌孙贵人功","2","0","2"
"孙贵人功者","2","0","2"
"乌孙兵七千","1","1","2"
"孙兵七千人","1","1","2"
"先王时贵人","2","0","2"
"王时贵人姑","2","0","2"
"时贵人姑翼","2","0","2"
"执姑翼诣惠","2","0","2"
"军赵充国薨","1","1","2"
"使护鄯善西","2","0","2"
"口万二千人","2","0","2"
"小王将十二","1","1","2"
"王将十二人","1","1","2"
"封日逐王归","2","0","2"
"日逐王归德","2","0","2"
"逐王归德侯","2","0","2"
"破车师兜訾","1","1","2"
"车师兜訾城","1","1","2"
"陈汤字子公","1","1","2"
"太官献食丞","1","1","2"
"富平侯张勃","1","1","2"
"诏列侯举茂","2","0","2"
"西域副校尉","1","1","2"
"后呼韩邪单","1","1","2"
"怨汉拥护呼","2","0","2"
"汉拥护呼韩","2","0","2"
"遣卫司马谷","1","1","2"
"闻呼韩邪益","2","0","2"
"愿归计强汉","2","0","2"
"发城郭诸国","2","0","2"
"城郭诸国兵","2","0","2"
"四百六十人","1","1","2"
"步兵百余人","1","1","2"
"军候假丞杜","1","1","2"
"候假丞杜勋","1","1","2"
"五百一十八","1","1","2"
"擅兴师矫制","2","0","2"
"宗正刘向上","1","1","2"
"安远侯郑吉","1","1","2"
"关内侯陈汤","1","1","2"
"西域都护段","1","1","2"
"域都护段会","1","1","2"
"都护段会宗","1","1","2"
"发城郭敦煌","2","0","2"
"大将军凤奏","2","0","2"
"霸陵曲亭南","1","1","2"
"将作大匠乘","1","1","2"
"作大匠乘马","1","1","2"
"大匠乘马延","1","1","2"
"匠乘马延年","1","1","2"
"骑都尉王莽","1","1","2"
"都尉王莽上","1","1","2"
"尉王莽上书","1","1","2"
"后皇太后同","2","0","2"
"弘农太守张","1","1","2"
"农太守张匡","1","1","2"
"使尚书责问","2","0","2"
"独丞相匡衡","1","1","2"
"段会宗字子","1","1","2"
"小昆弥安日","1","1","2"
"康居太子保","1","1","2"
"居太子保苏","1","1","2"
"太子保苏匿","1","1","2"
"子保苏匿率","1","1","2"
"会宗发戊己","2","0","2"
"宗发戊己校","2","0","2"
"戊己校尉兵","2","0","2"
"吏民敬威信","2","0","2"
"疏广字仲翁","1","1","2"
"公卿大夫故","1","1","2"
"定国字曼倩","1","1","2"
"迁御史中丞","2","0","2"
"禹代御史大","2","0","2"
"关东流民饥","1","1","2"
"东流民饥寒","1","1","2"
"禹长信少府","2","0","2"
"大夫张猛进","1","1","2"
"广德御史大","2","0","2"
"德御史大夫","2","0","2"
"大鸿胪文学","1","1","2"
"皇帝圣德受","2","0","2"
"帝圣德受命","2","0","2"
"迁长信少府","2","0","2"
"君何疑上书","2","0","2"
"上尊酒十石","2","0","2"
"使光禄大夫","2","0","2"
"光禄大夫曼","1","1","2"
"赐将军黄金","2","0","2"
"将军黄金五","2","0","2"
"军黄金五十","2","0","2"
"大夫鲍宣数","2","0","2"
"会元寿元年","2","0","2"
"都侯王莽大","2","0","2"
"侯王莽大司","2","0","2"
"上大司空印","2","0","2"
"谷口郑子真","2","0","2"
"元舅大将军","2","0","2"
"著书十余万","1","1","2"
"补若卢右丞","1","1","2"
"谒者千秋赐","1","1","2"
"中尉牛肉五","1","1","2"
"尉牛肉五百","1","1","2"
"牛肉五百斤","1","1","2"
"孝武皇帝二","1","1","2"
"武皇帝二十","1","1","2"
"皇帝二十余","1","1","2"
"帝二十余年","1","1","2"
"二十余年未","1","1","2"
"昌邑群臣坐","2","0","2"
"禄勋匡衡举","2","0","2"
"迁司隶校尉","2","0","2"
"会御史大夫","2","0","2"
"宣御史大夫","2","0","2"
"舅安成恭侯","1","1","2"
"三工官官费","1","1","2"
"唯陛下深察","2","0","2"
"长安城南苑","1","1","2"
"安城南苑地","1","1","2"
"心参诸天地","1","1","2"
"月九千二百","1","1","2"
"蒙赏赐四时","1","1","2"
"凿地数百丈","1","1","2"
"采珠玉金银","1","1","2"
"珠玉金银铸","1","1","2"
"玉金银铸钱","1","1","2"
"唯陛下留意","2","0","2"
"上林宫馆希","1","1","2"
"执金吾阎崇","1","1","2"
"丞相王嘉上","1","1","2"
"相王嘉上书","1","1","2"
"廷尉梁相等","1","1","2"
"下将军中朝","2","0","2"
"将军中朝者","2","0","2"
"大夫孔光等","1","1","2"
"夫孔光等十","1","1","2"
"孔光等十四","1","1","2"
"光等十四人","1","1","2"
"博士夏侯常","1","1","2"
"士夏侯常见","1","1","2"
"事下御史中","2","0","2"
"后太中大夫","2","0","2"
"八月赐羊一","1","1","2"
"月赐羊一头","1","1","2"
"年六月庚寅","1","1","2"
"太后使谒者","2","0","2"
"朕愍官职事","2","0","2"
"门人高晖等","1","1","2"
"后世刻石表","1","1","2"
"复征谏大夫","2","0","2"
"欲成帝母俱","2","0","2"
"成帝母俱称","2","0","2"
"帝母俱称尊","2","0","2"
"母俱称尊号","2","0","2"
"汝昌侯傅商","1","1","2"
"三辅委输官","1","1","2"
"侍中诸曹黄","1","1","2"
"中诸曹黄门","1","1","2"
"诸曹黄门郎","1","1","2"
"曹黄门郎数","1","1","2"
"黄门郎数十","1","1","2"
"门郎数十人","1","1","2"
"哀帝改司隶","1","1","2"
"帝改司隶校","1","1","2"
"改司隶校尉","1","1","2"
"令行驰道中","2","0","2"
"博士弟子济","1","1","2"
"士弟子济南","1","1","2"
"诗赋数十篇","1","1","2"
"哀帝时丞相","2","0","2"
"免豫州牧鲍","1","1","2"
"豫州牧鲍宣","1","1","2"
"京兆尹薛修","1","1","2"
"兆尹薛修等","1","1","2"
"迁南郡太守","2","0","2"
"春秋列国卿","1","1","2"
"秋列国卿大","1","1","2"
"列国卿大夫","1","1","2"
"尊立孝宣帝","1","1","2"
"年老病乞骸","2","0","2"
"老病乞骸骨","2","0","2"
"玄成字少翁","1","1","2"
"博士义倩等","1","1","2"
"宠姬张婕妤","1","1","2"
"召玄成淮阳","2","0","2"
"玄成淮阳中","2","0","2"
"成淮阳中尉","2","0","2"
"诸儒杂论同","2","0","2"
"儒杂论同异","2","0","2"
"杂论同异石","2","0","2"
"论同异石渠","2","0","2"
"同异石渠阁","2","0","2"
"尊孝文庙太","2","0","2"
"孝文庙太宗","2","0","2"
"宣帝本始二","1","1","2"
"帝本始二年","1","1","2"
"百六十七所","1","1","2"
"二万四千四","1","1","2"
"四千四百五","1","1","2"
"卫士四万五","1","1","2"
"士四万五千","1","1","2"
"四万五千一","1","1","2"
"五千一百二","1","1","2"
"二千一百四","1","1","2"
"孝景庙皆亲","2","0","2"
"景庙皆亲尽","2","0","2"
"太子太傅严","1","1","2"
"子太傅严彭","1","1","2"
"太傅严彭祖","1","1","2"
"少府欧阳地","1","1","2"
"尹更始等七","1","1","2"
"更始等七十","1","1","2"
"始等七十人","1","1","2"
"玄成等四十","1","1","2"
"成等四十四","1","1","2"
"军许嘉等二","1","1","2"
"许嘉等二十","1","1","2"
"嘉等二十九","1","1","2"
"等二十九人","1","1","2"
"孝武皇帝改","1","1","2"
"尹更始等十","1","1","2"
"更始等十八","1","1","2"
"始等十八人","1","1","2"
"高皇帝天下","2","0","2"
"高皇帝汉太","2","0","2"
"皇帝汉太祖","2","0","2"
"孝宣皇帝尊","1","1","2"
"光禄勋彭宣","1","1","2"
"博士左咸等","1","1","2"
"士左咸等五","1","1","2"
"左咸等五十","1","1","2"
"咸等五十三","1","1","2"
"等五十三人","1","1","2"
"武皇帝功烈","2","0","2"
"招集天下贤","1","1","2"
"礼记·王制","2","0","2"
"置邑三百家","2","0","2"
"大司徒晏等","1","1","2"
"皇高祖考庙","1","1","2"
"高祖考庙奉","1","1","2"
"祖考庙奉明","1","1","2"
"考庙奉明园","1","1","2"
"济阴定陶人","1","1","2"
"相车千秋死","1","1","2"
"将军霍光果","1","1","2"
"二百二十二","1","1","2"
"博士巡行天","1","1","2"
"士巡行天下","1","1","2"
"天子所服第","1","1","2"
"子所服第八","1","1","2"
"中谒者赵尧","1","1","2"
"大谒者襄章","1","1","2"
"谒者襄章奏","1","1","2"
"愿陛下选明","2","0","2"
"陛下选明经","2","0","2"
"丙吉御史大","2","0","2"
"吉御史大夫","2","0","2"
"甘露中罪削","2","0","2"
"露中罪削爵","2","0","2"
"中罪削爵关","2","0","2"
"罪削爵关内","2","0","2"
"车骑将军军","1","1","2"
"骑将军军市","1","1","2"
"将军军市令","1","1","2"
"入光禄大夫","2","0","2"
"大臣议所立","2","0","2"
"孝昭皇帝早","1","1","2"
"昭皇帝早崩","1","1","2"
"武帝曾孙名","1","1","2"
"帝曾孙名病","1","1","2"
"尊立皇曾孙","1","1","2"
"使者丙吉知","1","1","2"
"太子太傅夏","1","1","2"
"子太傅夏侯","1","1","2"
"太傅夏侯胜","1","1","2"
"守杜延年明","1","1","2"
"御史大夫黄","1","1","2"
"史大夫黄霸","1","1","2"
"仆陈万年代","1","1","2"
"使者丙吉见","1","1","2"
"者丙吉见皇","1","1","2"
"丙吉见皇曾","1","1","2"
"吉见皇曾孙","1","1","2"
"避严刑峻法","1","1","2"
"司隶校尉昌","1","1","2"
"制诏丞相御","2","0","2"
"先师董仲舒","1","1","2"
"赤地数千里","1","1","2"
"胜非议诏书","2","0","2"
"丞相长史黄","1","1","2"
"相长史黄霸","1","1","2"
"关东四十九","1","1","2"
"四十九郡同","1","1","2"
"遣使者吊问","2","0","2"
"左曹太中大","1","1","2"
"部刺史奏事","2","0","2"
"建昭二年二","1","1","2"
"昭二年二月","1","1","2"
"令阳平侯凤","1","1","2"
"钩盾令徐立","1","1","2"
"盾令徐立代","1","1","2"
"诸所说灾异","2","0","2"
"诖误诸侯王","2","0","2"
"平昌侯王临","1","1","2"
"江海陂湖园","1","1","2"
"海陂湖园池","1","1","2"
"陂湖园池属","1","1","2"
"守师法教授","1","1","2"
"帝舅曲阳侯","2","0","2"
"侍中卫尉傅","1","1","2"
"中卫尉傅喜","1","1","2"
"卫尉傅喜问","1","1","2"
"妃后大臣诸","1","1","2"
"后大臣诸侯","1","1","2"
"过轩辕上后","1","1","2"
"应大臣作乱","1","1","2"
"四方中央连","1","1","2"
"母傅太后尤","1","1","2"
"司空师丹执","1","1","2"
"空师丹执政","1","1","2"
"包元太平经","1","1","2"
"重平夏贺良","1","1","2"
"容丘丁广世","1","1","2"
"东郡郭昌等","1","1","2"
"垒校尉刘向","1","1","2"
"天所谴告人","2","0","2"
"退丞相御史","1","1","2"
"待诏贺良等","1","1","2"
"光禄大夫毛","1","1","2"
"禄大夫毛莫","1","1","2"
"赵广汉字子","1","1","2"
"广汉字子都","1","1","2"
"涿郡蠡吾人","2","0","2"
"二千石莫能","2","0","2"
"川豪杰大姓","1","1","2"
"豪杰大姓相","1","1","2"
"大姓子弟所","1","1","2"
"后强宗大族","1","1","2"
"强宗大族家","1","1","2"
"宗大族家家","1","1","2"
"大族家家结","1","1","2"
"属蒲类将军","1","1","2"
"蒲类将军赵","1","1","2"
"类将军赵充","1","1","2"
"长安丞龚奢","1","1","2"
"京兆尹赵君","1","1","2"
"长安游徼狱","1","1","2"
"安游徼狱吏","1","1","2"
"地节三年七","1","1","2"
"节三年七月","1","1","2"
"三年七月中","1","1","2"
"中郎赵奉寿","1","1","2"
"上书告丞相","1","1","2"
"丞相魏相上","1","1","2"
"相魏相上书","1","1","2"
"魏相上书陈","1","1","2"
"尹翁归字子","1","1","2"
"翁归字子兄","1","1","2"
"元康四年病","1","1","2"
"扶风翁归廉","1","1","2"
"令文学校官","1","1","2"
"文学校官诸","1","1","2"
"学校官诸生","1","1","2"
"徙东郡太守","2","0","2"
"入守左冯翊","2","0","2"
"能宣明教化","1","1","2"
"延寿东郡时","2","0","2"
"冯翊时廪牺","1","1","2"
"翊时廪牺官","1","1","2"
"时廪牺官钱","1","1","2"
"画龙虎朱爵","1","1","2"
"令骑士兵车","1","1","2"
"戏车弄马盗","1","1","2"
"车弄马盗骖","1","1","2"
"饰车甲三百","1","1","2"
"车甲三百万","1","1","2"
"张敞字子高","1","1","2"
"补太守卒史","2","0","2"
"勃海左右郡","1","1","2"
"海左右郡岁","2","0","2"
"尚书调补县","1","1","2"
"书调补县令","1","1","2"
"治行第一入","2","0","2"
"问长安父老","1","1","2"
"大夫平尚书","1","1","2"
"夫平尚书事","1","1","2"
"先御史大夫","1","1","2"
"行冤狱使者","1","1","2"
"幸备位列卿","1","1","2"
"杀贼捕掾絮","1","1","2"
"同族宗室刘","1","1","2"
"族宗室刘调","1","1","2"
"宗室刘调等","1","1","2"
"室刘调等通","1","1","2"
"问前将军萧","1","1","2"
"柱后惠文弹","1","1","2"
"秦时狱法吏","1","1","2"
"辽西盐官长","1","1","2"
"五人张弓射","1","1","2"
"人张弓射杀","1","1","2"
"令长丞尉奉","1","1","2"
"长丞尉奉法","1","1","2"
"丞尉奉法守","1","1","2"
"涿郡太守徐","1","1","2"
"郡太守徐明","1","1","2"
"布鼓过雷门","1","1","2"
"鼓过雷门王","1","1","2"
"王血气未定","1","1","2"
"时白奏行罚","2","0","2"
"大臣辅政义","2","0","2"
"反扬著先帝","2","0","2"
"扬著先帝任","2","0","2"
"著先帝任倾","2","0","2"
"先帝任倾覆","2","0","2"
"帝任倾覆徒","2","0","2"
"中二千石大","1","1","2"
"二千石大鸿","1","1","2"
"千石大鸿胪","1","1","2"
"石大鸿胪赏","1","1","2"
"大鸿胪赏等","1","1","2"
"鸿胪赏等会","1","1","2"
"胪赏等会坐","1","1","2"
"大奴入殿中","1","1","2"
"漏上十四刻","1","1","2"
"宗等数百人","1","1","2"
"弘农太守傅","1","1","2"
"农太守傅刚","1","1","2"
"守京辅都尉","2","0","2"
"假佐放奉诏","1","1","2"
"佐放奉诏书","1","1","2"
"三老公乘兴","1","1","2"
"老公乘兴等","1","1","2"
"公乘兴等上","1","1","2"
"乘兴等上书","1","1","2"
"南山盗贼阻","1","1","2"
"关内侯宽中","1","1","2"
"杜陵杨章等","1","1","2"
"御史大夫奏","1","1","2"
"尊伤害阴阳","1","1","2"
"御史丞杨辅","1","1","2"
"祀水神河伯","1","1","2"
"民数千万人","1","1","2"
"数千万人争","1","1","2"
"三老朱英等","1","1","2"
"成都侯商复","2","0","2"
"都侯商复大","2","0","2"
"明经郡文学","2","0","2"
"奏卫将军张","1","1","2"
"子侍中阳都","1","1","2"
"侍中阳都侯","1","1","2"
"中阳都侯彭","1","1","2"
"丞相魏侯笑","1","1","2"
"长信少府檀","1","1","2"
"信少府檀长","1","1","2"
"少府檀长卿","1","1","2"
"奏长信少府","1","1","2"
"太子庶子王","1","1","2"
"子庶子王生","1","1","2"
"信任中尚书","1","1","2"
"任中尚书宦","1","1","2"
"谏大夫郑昌","1","1","2"
"校尉宽饶居","1","1","2"
"尚书令尧赐","1","1","2"
"告光禄勋周","1","1","2"
"欲立赵婕妤","2","0","2"
"上使侍御史","2","0","2"
"使侍御史收","2","0","2"
"中朝左将军","1","1","2"
"朝左将军辛","1","1","2"
"谏大夫刘辅","1","1","2"
"郑崇字子游","1","1","2"
"孝成皇帝封","1","1","2"
"上遂下诏曰","2","0","2"
"皇太太后父","2","0","2"
"太后父同产","2","0","2"
"言车骑将军","2","0","2"
"车骑将军所","1","1","2"
"骑将军所排","1","1","2"
"南郡太守李","1","1","2"
"郡太守李尚","1","1","2"
"太守李尚占","1","1","2"
"卫将军商薨","2","0","2"
"大鸿胪萧育","1","1","2"
"鸿胪萧育等","1","1","2"
"中山孝王母","2","0","2"
"山孝王母冯","2","0","2"
"孝王母冯太","2","0","2"
"王母冯太后","2","0","2"
"尚书仆射唐","1","1","2"
"书仆射唐林","1","1","2"
"仆射唐林争","1","1","2"
"敦煌鱼泽障","1","1","2"
"煌鱼泽障候","1","1","2"
"司徒马宫等","1","1","2"
"将隆字君房","1","1","2"
"司徒孔光奏","2","0","2"
"中山冯太后","1","1","2"
"侍御史丁玄","1","1","2"
"帝太后邛成","2","0","2"
"太后邛成太","2","0","2"
"后邛成太后","2","0","2"
"迁陇西太守","2","0","2"
"同学博士白","1","1","2"
"学博士白奇","1","1","2"
"荐儒生王仲","1","1","2"
"儒生王仲翁","1","1","2"
"小苑东门候","1","1","2"
"地节三年夏","1","1","2"
"少府宋畸问","1","1","2"
"昭公三年大","1","1","2"
"公卿大臣朝","1","1","2"
"成都侯金安","1","1","2"
"都侯金安上","1","1","2"
"尹张敞上书","1","1","2"
"遣绣衣使者","1","1","2"
"左冯翊三年","1","1","2"
"愿汉外孙元","2","0","2"
"汉外孙元贵","2","0","2"
"孙元贵靡嗣","2","0","2"
"乌孙持两端","2","0","2"
"主乌孙四十","2","0","2"
"少主元贵靡","2","0","2"
"主元贵靡立","2","0","2"
"元贵靡大昆","2","0","2"
"贵靡大昆弥","2","0","2"
"遣中朝大司","1","1","2"
"中朝大司马","1","1","2"
"朝大司马车","1","1","2"
"丞相丙吉年","1","1","2"
"相丙吉年老","1","1","2"
"侍中建章卫","1","1","2"
"中建章卫尉","1","1","2"
"建章卫尉金","1","1","2"
"章卫尉金安","1","1","2"
"御史中丞王","1","1","2"
"史中丞王忠","1","1","2"
"侍中谒者良","1","1","2"
"赞谒称臣名","2","0","2"
"高大司马车","2","0","2"
"堪光禄大夫","2","0","2"
"皆受遗诏辅","2","0","2"
"太子袭尊号","2","0","2"
"谏大夫刘更","1","1","2"
"四人同心谋","1","1","2"
"武帝游宴后","2","0","2"
"帝游宴后庭","2","0","2"
"大司农史李","1","1","2"
"前将军小过","1","1","2"
"将军小过五","1","1","2"
"谒者召致廷","2","0","2"
"者召致廷尉","2","0","2"
"军光禄勋印","1","1","2"
"光禄勋印绶","1","1","2"
"子散骑中郎","1","1","2"
"少父任太子","2","0","2"
"传召茂陵令","1","1","2"
"过扶风府门","1","1","2"
"家复光禄大","2","0","2"
"光禄大夫执","1","1","2"
"禄大夫执金","1","1","2"
"大夫执金吾","1","1","2"
"数增秩赐金","2","0","2"
"丞相西曹卫","1","1","2"
"相西曹卫将","1","1","2"
"西曹卫将军","1","1","2"
"曹卫将军掾","1","1","2"
"京辅左辅都","1","1","2"
"辅左辅都尉","1","1","2"
"冯奉世字子","1","1","2"
"奉世字子明","1","1","2"
"莎车王万年","1","1","2"
"万五千人进","1","1","2"
"宣帝召见韩","1","1","2"
"帝召见韩增","1","1","2"
"奉世奉使指","2","0","2"
"奉世光禄大","2","0","2"
"上郡属国归","1","1","2"
"军典属国常","1","1","2"
"典属国常惠","1","1","2"
"永光二年秋","1","1","2"
"左将军许嘉","1","1","2"
"三万六千人","1","1","2"
"太常弋阳侯","1","1","2"
"常弋阳侯任","1","1","2"
"弋阳侯任千","1","1","2"
"阳侯任千秋","1","1","2"
"定襄太守韩","1","1","2"
"襄太守韩安","1","1","2"
"太守韩安国","1","1","2"
"首虏八千余","2","0","2"
"校尉三十余","1","1","2"
"尉三十余人","1","1","2"
"奋武将军任","1","1","2"
"武将军任千","1","1","2"
"将军任千秋","1","1","2"
"丞相征事捕","1","1","2"
"昌侯王商代","1","1","2"
"前莎车王杀","1","1","2"
"士四万余人","1","1","2"
"延寿割地封","1","1","2"
"野王字君卿","1","1","2"
"问丞相魏相","1","1","2"
"主守盗十金","2","0","2"
"御史大夫李","1","1","2"
"史大夫李延","1","1","2"
"大夫李延寿","1","1","2"
"夫李延寿病","1","1","2"
"李延寿病卒","1","1","2"
"第中二千石","2","0","2"
"野王行能第","2","0","2"
"王行能第一","2","0","2"
"太子少傅张","1","1","2"
"子少傅张谭","1","1","2"
"朔方刺史萧","1","1","2"
"方刺史萧育","1","1","2"
"野王前王舅","2","0","2"
"二千石病赐","2","0","2"
"千石病赐告","2","0","2"
"石病赐告归","2","0","2"
"坐中山太后","1","1","2"
"康叔犹二君","1","1","2"
"渭陵食官令","1","1","2"
"上河农都尉","1","1","2"
"渭陵寝中郎","1","1","2"
"左冯翊都水","1","1","2"
"立定陶王皇","2","0","2"
"定陶王皇太","2","0","2"
"陶王皇太子","2","0","2"
"王舅参宜乡","2","0","2"
"舅参宜乡侯","2","0","2"
"爵关内侯食","2","0","2"
"中山孝王短","1","1","2"
"山孝王短命","1","1","2"
"孝王短命早","1","1","2"
"参父子兄弟","1","1","2"
"宗族徙归故","2","0","2"
"族徙归故郡","2","0","2"
"谓淑人君子","2","0","2"
"皇后生孝元","1","1","2"
"后生孝元帝","1","1","2"
"生淮阳宪王","1","1","2"
"淮阳宪王钦","2","0","2"
"东平思王宇","2","0","2"
"生中山哀王","1","1","2"
"中山哀王竟","2","0","2"
"霍皇后废后","2","0","2"
"欲立张婕妤","2","0","2"
"令母养太子","2","0","2"
"太子蚤失母","2","0","2"
"舅张博兄弟","1","1","2"
"聘金二百斤","1","1","2"
"五鹿充宗所","1","1","2"
"鹿充宗所排","1","1","2"
"中书令石君","1","1","2"
"司奏请逮捕","2","0","2"
"遣谏大夫王","1","1","2"
"博数遗王书","2","0","2"
"三十六年薨","1","1","2"
"行孝顺仁慈","1","1","2"
"中大夫张子","1","1","2"
"诸吏宦者令","1","1","2"
"吏宦者令承","1","1","2"
"东平王太后","1","1","2"
"王太后明察","1","1","2"
"中谒者信等","1","1","2"
"战国纵横权","1","1","2"
"谋举兵诛莽","2","0","2"
"共王共皇帝","2","0","2"
"陵侯史高外","2","0","2"
"侯史高外属","2","0","2"
"平原文学匡","1","1","2"
"原文学匡衡","1","1","2"
"傅昭仪子定","2","0","2"
"昭仪子定陶","2","0","2"
"愿陛下详览","2","0","2"
"能尽人物性","2","0","2"
"御史大夫甄","1","1","2"
"史大夫甄谭","1","1","2"
"上丞相乐安","1","1","2"
"丞相乐安侯","1","1","2"
"朕嘉君同心","2","0","2"
"嘉君同心合","2","0","2"
"君同心合意","2","0","2"
"三千一百顷","1","1","2"
"司隶校尉骏","1","1","2"
"师赐爵关内","2","0","2"
"宽中食邑八","1","1","2"
"中食邑八百","1","1","2"
"平陵肥牛亭","1","1","2"
"衣冠所游道","2","0","2"
"远嫁张掖太","1","1","2"
"嫁张掖太守","1","1","2"
"张掖太守萧","1","1","2"
"掖太守萧咸","1","1","2"
"何况浅见鄙","1","1","2"
"况浅见鄙儒","1","1","2"
"浅见鄙儒所","1","1","2"
"阴王求汉嗣","2","0","2"
"定陶王宜嗣","2","0","2"
"长坐大逆诛","2","0","2"
"执金吾王咸","1","1","2"
"刻侯印书赞","2","0","2"
"定陶太后宜","2","0","2"
"免官遣归故","1","1","2"
"官遣归故郡","1","1","2"
"司空师丹奏","2","0","2"
"驸马都尉迁","2","0","2"
"博代大司空","2","0","2"
"朕德股肱良","2","0","2"
"陛下圣德聪","1","1","2"
"尚书仆射敞","1","1","2"
"皇太后新都","2","0","2"
"太后新都侯","2","0","2"
"征立中山王","2","0","2"
"莽风群臣奏","2","0","2"
"太师灵寿杖","1","1","2"
"褒成君关内","1","1","2"
"成君关内侯","1","1","2"
"丞相史司直","1","1","2"
"谢罪乞骸骨","2","0","2"
"皇太后诏赐","2","0","2"
"扶德侯上书","1","1","2"
"故定陶共王","2","0","2"
"大司徒印绶","1","1","2"
"王商字子威","1","1","2"
"外戚重臣辅","1","1","2"
"大夫蜀郡张","2","0","2"
"夫蜀郡张匡","2","0","2"
"左将军丹等","2","0","2"
"商作威作福","1","1","2"
"执左道乱政","2","0","2"
"臣请诏谒者","2","0","2"
"请诏谒者召","2","0","2"
"未闻忠言嘉","2","0","2"
"闻忠言嘉谋","2","0","2"
"诸曹大夫郎","1","1","2"
"曹大夫郎吏","1","1","2"
"臣京兆尹王","1","1","2"
"史丹字君仲","1","1","2"
"卫太子良娣","2","0","2"
"子定陶共王","1","1","2"
"景帝时立胶","1","1","2"
"太子长舅阳","1","1","2"
"子长舅阳平","1","1","2"
"上将军印绶","2","0","2"
"傅喜字稚游","1","1","2"
"代王莽大司","2","0","2"
"合定陶太后","1","1","2"
"太后欲求称","2","0","2"
"后欲求称尊","2","0","2"
"欲求称尊号","2","0","2"
"司空师丹共","2","0","2"
"上大司马印","2","0","2"
"故定陶太后","2","0","2"
"史丹父子相","1","1","2"
"薛宣字赣君","1","1","2"
"大司农斗食","1","1","2"
"司农斗食属","1","1","2"
"琅邪太守赵","1","1","2"
"邪太守赵贡","1","1","2"
"乐浪都尉丞","1","1","2"
"高陵令杨湛","1","1","2"
"举廉吏狱掾","2","0","2"
"廉吏狱掾王","2","0","2"
"贼曹掾张扶","1","1","2"
"御史中丞众","1","1","2"
"史中丞众等","1","1","2"
"遣门下掾送","1","1","2"
"敬武长公主","1","1","2"
"前将军望子","2","0","2"
"御史大夫万","1","1","2"
"史大夫万年","1","1","2"
"门下掾赣遂","1","1","2"
"告姑幕令丞","1","1","2"
"长陵大姓尚","1","1","2"
"陵大姓尚方","1","1","2"
"大姓尚方禁","1","1","2"
"召见正监典","1","1","2"
"见正监典法","1","1","2"
"正监典法掾","1","1","2"
"监典法掾史","1","1","2"
"时曲阳侯王","1","1","2"
"何武御史大","2","0","2"
"御史大夫何","1","1","2"
"史大夫何武","1","1","2"
"何武大司空","2","0","2"
"选郡国守相","1","1","2"
"选中二千石","1","1","2"
"明大司马卫","2","0","2"
"丞相方进共","2","0","2"
"相方进共奏","2","0","2"
"方进共奏言","2","0","2"
"祖母定陶太","1","1","2"
"母定陶太后","1","1","2"
"定陶太后欲","2","0","2"
"弟高武侯傅","1","1","2"
"史大夫赵玄","2","0","2"
"望等四十四","1","1","2"
"谏大夫龚胜","1","1","2"
"大夫龚胜等","1","1","2"
"夫龚胜等十","1","1","2"
"龚胜等十四","1","1","2"
"胜等十四人","1","1","2"
"大夫叔孙侨","1","1","2"
"族兄季孙行","1","1","2"
"兄季孙行父","1","1","2"
"玄死罪三等","1","1","2"
"召丞相诣廷","2","0","2"
"丞相诣廷尉","2","0","2"
"相诣廷尉诏","2","0","2"
"司隶校尉陈","1","1","2"
"隶校尉陈庆","1","1","2"
"校尉陈庆劾","1","1","2"
"尉陈庆劾奏","1","1","2"
"廷尉范延寿","1","1","2"
"杀义渠长妻","2","0","2"
"义渠长妻子","2","0","2"
"渠长妻子六","2","0","2"
"长妻子六人","2","0","2"
"司隶校尉位","1","1","2"
"中二千石前","1","1","2"
"帝舅成都侯","1","1","2"
"舅成都侯商","1","1","2"
"子弟宾客多","1","1","2"
"太皇太后丧","1","1","2"
"京兆尹时奉","1","1","2"
"丧事烦扰百","1","1","2"
"事烦扰百姓","1","1","2"
"奏牧守九卿","1","1","2"
"荐琅邪太守","1","1","2"
"郡太守陈咸","1","1","2"
"高第郡守历","1","1","2"
"弟车骑将军","1","1","2"
"令小冠杜子","1","1","2"
"依托红阳侯","1","1","2"
"托红阳侯立","1","1","2"
"红阳侯立选","1","1","2"
"子侍中卫尉","1","1","2"
"侍中卫尉定","1","1","2"
"中卫尉定陵","1","1","2"
"众人所共知","1","1","2"
"光禄大夫陈","1","1","2"
"禄大夫陈咸","1","1","2"
"陵侯淳长外","2","0","2"
"京兆尹孙宝","1","1","2"
"右扶风萧育","1","1","2"
"皇帝问丞相","1","1","2"
"迁河内太守","2","0","2"
"子上蔡陈丰","1","1","2"
"周公辅成王","1","1","2"
"郡都尉刘宇","1","1","2"
"弟武平侯刘","1","1","2"
"武平侯刘璜","1","1","2"
"平侯刘璜结","1","1","2"
"大司马柱天","1","1","2"
"司马柱天大","1","1","2"
"马柱天大将","1","1","2"
"柱天大将军","1","1","2"
"莽鸩杀孝平","2","0","2"
"光禄勋成都","1","1","2"
"禄勋成都侯","1","1","2"
"勋成都侯王","1","1","2"
"明义侯王骏","1","1","2"
"春王城门校","1","1","2"
"王城门校尉","1","1","2"
"城门校尉王","1","1","2"
"门校尉王况","1","1","2"
"中少府建威","1","1","2"
"少府建威侯","1","1","2"
"府建威侯王","1","1","2"
"建威侯王昌","1","1","2"
"中郎将震羌","1","1","2"
"郎将震羌侯","1","1","2"
"将震羌侯窦","1","1","2"
"震羌侯窦兄","1","1","2"
"将作大匠蒙","1","1","2"
"作大匠蒙乡","1","1","2"
"大匠蒙乡侯","1","1","2"
"匠蒙乡侯逯","1","1","2"
"太保后丞丞","1","1","2"
"保后丞丞阳","1","1","2"
"后丞丞阳侯","1","1","2"
"丞丞阳侯甄","1","1","2"
"丞阳侯甄邯","1","1","2"
"甄邯大将军","2","0","2"
"骑都尉王晏","1","1","2"
"居摄二年十","1","1","2"
"摄二年十月","1","1","2"
"二年十月甲","1","1","2"
"年十月甲子","1","1","2"
"太守翟义擅","1","1","2"
"动严乡侯信","1","1","2"
"国君泉陵侯","1","1","2"
"周公践天子","2","0","2"
"公践天子位","2","0","2"
"朝诸侯明堂","2","0","2"
"阴精女主圣","1","1","2"
"精女主圣明","1","1","2"
"予害敢祖宗","2","0","2"
"遣大夫桓谭","1","1","2"
"夫桓谭等班","2","0","2"
"明告里附城","1","1","2"
"太皇太后遭","2","0","2"
"皇太后遭家","2","0","2"
"太后遭家造","2","0","2"
"先封车骑都","1","1","2"
"封车骑都尉","1","1","2"
"车骑都尉孙","1","1","2"
"骑都尉孙贤","1","1","2"
"都尉孙贤等","1","1","2"
"尉孙贤等五","1","1","2"
"孙贤等五十","1","1","2"
"贤等五十五","1","1","2"
"等五十五人","1","1","2"
"昼夜抱孺子","2","0","2"
"大鸿胪望乡","1","1","2"
"鸿胪望乡侯","1","1","2"
"胪望乡侯阎","1","1","2"
"望乡侯阎迁","1","1","2"
"虎牙将军王","1","1","2"
"牙将军王邑","1","1","2"
"将军王邑等","1","1","2"
"弩将军王骏","1","1","2"
"扬武将军刘","1","1","2"
"武将军刘歆","1","1","2"
"弟侍中王奇","1","1","2"
"三百九十五","1","1","2"
"百九十五人","1","1","2"
"郡太守文仲","1","1","2"
"芒竹群盗赵","1","1","2"
"竹群盗赵明","1","1","2"
"虏逆贼鲸鲵","2","0","2"
"建始三年冬","1","1","2"
"太常阳城侯","1","1","2"
"常阳城侯刘","1","1","2"
"阳城侯刘庆","1","1","2"
"城侯刘庆忌","1","1","2"
"永待诏公车","1","1","2"
"皇天勃然发","1","1","2"
"天勃然发怒","1","1","2"
"深察愚臣言","2","0","2"
"臣伏妄言诛","2","0","2"
"弟御史大夫","1","1","2"
"平阿侯谭位","2","0","2"
"阿侯谭位特","2","0","2"
"侯谭位特进","2","0","2"
"京师士大夫","1","1","2"
"师士大夫怅","1","1","2"
"士大夫怅然","1","1","2"
"大夫怅然失","1","1","2"
"夫怅然失望","1","1","2"
"特进城门兵","2","0","2"
"成都侯商代","2","0","2"
"迁凉州刺史","2","0","2"
"元年九月黑","1","1","2"
"年九月黑龙","1","1","2"
"年二月己未","1","1","2"
"二月己未夜","1","1","2"
"月己未夜星","1","1","2"
"二世十六年","1","1","2"
"社稷宗庙祸","1","1","2"
"稷宗庙祸福","1","1","2"
"宗庙祸福安","1","1","2"
"庙祸福安危","1","1","2"
"北宫私奴车","1","1","2"
"宫私奴车马","1","1","2"
"损椒房玉堂","1","1","2"
"四月丁酉四","1","1","2"
"月丁酉四方","1","1","2"
"丁酉四方众","1","1","2"
"七月辛未彗","1","1","2"
"月辛未彗星","1","1","2"
"辛未彗星横","1","1","2"
"深宫后庭将","1","1","2"
"中黄门后庭","1","1","2"
"百姓失业流","1","1","2"
"成都侯商位","2","0","2"
"称皇太太后","1","1","2"
"氏侯者二人","2","0","2"
"皇后父孔乡","2","0","2"
"后父孔乡侯","2","0","2"
"父孔乡侯傅","2","0","2"
"扶阳侯韦育","1","1","2"
"阳侯韦育举","1","1","2"
"前大司马新","1","1","2"
"马新都侯莽","2","0","2"
"上帝百神收","1","1","2"
"王者买私田","1","1","2"
"武中历位列","1","1","2"
"中历位列卿","1","1","2"
"孔子称友多","1","1","2"
"子称友多闻","1","1","2"
"成都杨覆众","1","1","2"
"都杨覆众等","1","1","2"
"武兄弟五人","1","1","2"
"武贤良方正","1","1","2"
"九江太守戴","1","1","2"
"江太守戴圣","1","1","2"
"事太守何寿","1","1","2"
"庐江太守举","1","1","2"
"御史大夫司","1","1","2"
"史大夫司空","1","1","2"
"上太皇太后","1","1","2"
"太后故忍诛","2","0","2"
"西河属国都","1","1","2"
"河属国都尉","1","1","2"
"举大司马者","2","0","2"
"军公孙禄相","1","1","2"
"王嘉字公仲","1","1","2"
"明经射策甲","1","1","2"
"经射策甲科","1","1","2"
"敦朴能直言","1","1","2"
"征入大鸿胪","2","0","2"
"人刚直严毅","1","1","2"
"张敞京兆尹","2","0","2"
"孝宣皇帝爱","1","1","2"
"荐儒者公孙","1","1","2"
"儒者公孙光","1","1","2"
"告东平王云","2","0","2"
"后舅伍宏谋","1","1","2"
"见董贤等三","1","1","2"
"董贤等三人","1","1","2"
"大司农谷永","1","1","2"
"前东平王云","2","0","2"
"东平王云后","2","0","2"
"平王云后谒","2","0","2"
"侍医伍宏等","1","1","2"
"医伍宏等内","1","1","2"
"伍宏等内侍","1","1","2"
"孝宣皇帝赏","1","1","2"
"宣皇帝赏罚","1","1","2"
"钱四十万万","1","1","2"
"钱二十五万","1","1","2"
"二十五万万","1","1","2"
"钱十八万万","1","1","2"
"后宫冯贵人","1","1","2"
"贡献宗庙三","1","1","2"
"献宗庙三宫","1","1","2"
"益封贤二千","2","0","2"
"封贤二千户","2","0","2"
"二千石杂治","2","0","2"
"尚书令鞫谭","1","1","2"
"仆射宗伯凤","1","1","2"
"相计谋深沉","1","1","2"
"万类分明善","1","1","2"
"类分明善恶","1","1","2"
"右将军王安","1","1","2"
"光禄勋马宫","1","1","2"
"迷国罔上道","2","0","2"
"云等五十人","1","1","2"
"事前后相违","1","1","2"
"永信少府猛","1","1","2"
"信少府猛等","1","1","2"
"少府猛等十","1","1","2"
"府猛等十人","1","1","2"
"安侯董贤父","1","1","2"
"侯董贤父子","1","1","2"
"舅大司马票","2","0","2"
"将军丁明素","1","1","2"
"大夫孔光举","1","1","2"
"射声校尉王","1","1","2"
"声校尉王邯","1","1","2"
"校尉王邯等","1","1","2"
"陛下深思先","1","1","2"
"下深思先帝","1","1","2"
"母称太皇太","2","0","2"
"上祖母傅太","1","1","2"
"董宏上书言","2","0","2"
"立定陶共王","1","1","2"
"定陶共王后","1","1","2"
"追尊定陶共","1","1","2"
"尊定陶共王","1","1","2"
"郎中令泠褒","1","1","2"
"黄门郎段犹","1","1","2"
"门郎段犹等","1","1","2"
"共皇立庙京","2","0","2"
"皇立庙京师","2","0","2"
"孝成皇帝圣","1","1","2"
"成皇帝圣恩","1","1","2"
"皇帝圣恩深","1","1","2"
"帝圣恩深远","1","1","2"
"宗庙天地社","1","1","2"
"庙天地社稷","1","1","2"
"事中博士申","1","1","2"
"中博士申咸","1","1","2"
"近世大臣能","1","1","2"
"上大司空高","1","1","2"
"大司空高乐","1","1","2"
"司空高乐侯","1","1","2"
"书令唐林上","1","1","2"
"太后皇太太","2","0","2"
"后皇太太后","2","0","2"
"太后皇太后","2","0","2"
"王莽白太皇","2","0","2"
"皇太后诏大","2","0","2"
"太后诏大司","2","0","2"
"关内侯师丹","1","1","2"
"晋六卿争权","1","1","2"
"阴阳清浊穆","1","1","2"
"阳清浊穆羽","1","1","2"
"清浊穆羽相","1","1","2"
"十二月羽猎","1","1","2"
"听庙中雍雍","1","1","2"
"说十余万言","1","1","2"
"五尺童子羞","1","1","2"
"子胥死吴亡","1","1","2"
"作叔孙通仪","1","1","2"
"贤人君子诗","1","1","2"
"人君子诗赋","1","1","2"
"天元推一昼","1","1","2"
"元推一昼一","1","1","2"
"推一昼一夜","1","1","2"
"一昼一夜阴","1","1","2"
"昼一夜阴阳","1","1","2"
"一夜阴阳数","1","1","2"
"夜阴阳数度","1","1","2"
"阴阳数度律","1","1","2"
"阳数度律历","1","1","2"
"春秋吴楚君","1","1","2"
"巍巍乎成功","2","0","2"
"刑名百家言","1","1","2"
"置弟子五十","1","1","2"
"弟子五十人","1","1","2"
"民年十八上","2","0","2"
"补左右内史","1","1","2"
"补郡太守卒","1","1","2"
"郡太守卒史","1","1","2"
"补中二千石","1","1","2"
"中二千石属","1","1","2"
"文学掌故补","1","1","2"
"学掌故补郡","1","1","2"
"掌故补郡属","1","1","2"
"天子太学弟","1","1","2"
"子太学弟子","1","1","2"
"平帝时王莽","1","1","2"
"岁课甲科四","1","1","2"
"课甲科四十","1","1","2"
"甲科四十人","1","1","2"
"乙科二十人","1","1","2"
"丙科四十人","1","1","2"
"科四十人补","1","1","2"
"四十人补文","1","1","2"
"十人补文学","1","1","2"
"人补文学掌","1","1","2"
"鲁商瞿子木","1","1","2"
"商瞿子木受","1","1","2"
"鲁桥庇子庸","1","1","2"
"燕周丑子家","1","1","2"
"东武孙虞子","1","1","2"
"武孙虞子乘","1","1","2"
"齐田何子装","1","1","2"
"武王同子中","1","1","2"
"雒阳周王孙","1","1","2"
"太子门大夫","1","1","2"
"临淄主父偃","1","1","2"
"门人张禹等","1","1","2"
"沛戴崇子平","1","1","2"
"琅邪邴丹曼","1","1","2"
"邪邴丹曼容","1","1","2"
"家候阴阳灾","1","1","2"
"候阴阳灾变","1","1","2"
"阴阳灾变书","1","1","2"
"同门梁丘贺","1","1","2"
"同郡白光少","1","1","2"
"郡白光少子","1","1","2"
"沛翟牧子兄","1","1","2"
"霍氏外孙代","1","1","2"
"氏外孙代郡","1","1","2"
"外孙代郡太","1","1","2"
"孙代郡太守","1","1","2"
"代郡太守任","1","1","2"
"郡太守任宣","1","1","2"
"人小心周密","1","1","2"
"琅邪王吉通","1","1","2"
"高材郎十人","1","1","2"
"五鹿充宗君","1","1","2"
"鹿充宗君孟","1","1","2"
"郡太守翟谊","1","1","2"
"太守翟谊谋","1","1","2"
"少府官属共","1","1","2"
"府官属共送","1","1","2"
"九江朱普公","1","1","2"
"江朱普公文","1","1","2"
"先夏侯都尉","1","1","2"
"长安许商长","1","1","2"
"安许商长伯","1","1","2"
"门人沛唐林","1","1","2"
"人沛唐林子","1","1","2"
"沛唐林子高","1","1","2"
"平陵吴章伟","1","1","2"
"陵吴章伟君","1","1","2"
"重泉王吉少","1","1","2"
"泉王吉少音","1","1","2"
"齐炔钦幼卿","1","1","2"
"大司空朱邑","1","1","2"
"右扶风翁归","1","1","2"
"关内侯郑宽","1","1","2"
"内侯郑宽中","1","1","2"
"清河胡常少","1","1","2"
"河胡常少子","1","1","2"
"河南桑钦君","1","1","2"
"南桑钦君长","1","1","2"
"弟子尉氏樊","1","1","2"
"侍御史周敞","1","1","2"
"御史周敞劝","1","1","2"
"邹人阙门庆","1","1","2"
"人阙门庆忌","1","1","2"
"张长安幼君","1","1","2"
"长安幼君先","1","1","2"
"安幼君先事","1","1","2"
"博士江公世","1","1","2"
"门人琅邪王","1","1","2"
"人琅邪王扶","1","1","2"
"博士论石渠","2","0","2"
"司空城旦书","1","1","2"
"昌邑太傅夏","1","1","2"
"授琅邪师丹","1","1","2"
"川满昌君都","1","1","2"
"同郡食子公","1","1","2"
"授泰山栗丰","1","1","2"
"徐氏弟子公","1","1","2"
"氏弟子公户","1","1","2"
"弟子公户满","1","1","2"
"子公户满意","1","1","2"
"后氏曲台记","1","1","2"
"沛闻人通汉","1","1","2"
"闻人通汉子","1","1","2"
"人通汉子方","1","1","2"
"梁戴德延君","1","1","2"
"沛庆普孝公","1","1","2"
"授同郡公孙","1","1","2"
"同郡公孙文","1","1","2"
"颜安乐字公","1","1","2"
"安乐字公孙","1","1","2"
"齐郡太守丞","1","1","2"
"授淮阳泠丰","1","1","2"
"淮阳泠丰次","1","1","2"
"阳泠丰次君","1","1","2"
"授泰山冥都","1","1","2"
"相公孙弘本","1","1","2"
"鲁荣广王孙","1","1","2"
"大师眭孟等","1","1","2"
"沛蔡千秋少","1","1","2"
"蔡千秋少君","1","1","2"
"梁周庆幼君","1","1","2"
"问丞相韦贤","1","1","2"
"汝南尹更始","1","1","2"
"南尹更始翁","1","1","2"
"尹更始翁君","1","1","2"
"更始翁君本","1","1","2"
"故谏大夫通","1","1","2"
"谏大夫通达","1","1","2"
"大夫通达待","1","1","2"
"夫通达待诏","1","1","2"
"名儒太子太","1","1","2"
"儒太子太傅","1","1","2"
"博士严彭祖","1","1","2"
"议郎尹更始","1","1","2"
"家中郎王亥","1","1","2"
"授楚申章昌","1","1","2"
"楚申章昌曼","1","1","2"
"申章昌曼君","1","1","2"
"传子咸翟方","2","0","2"
"子咸翟方进","2","0","2"
"凤明经通达","1","1","2"
"光禄勋王龚","1","1","2"
"见丞相孔光","1","1","2"
"授梁萧秉君","1","1","2"
"梁萧秉君房","1","1","2"
"中大夫刘公","1","1","2"
"大夫刘公子","1","1","2"
"授清河张禹","1","1","2"
"清河张禹长","1","1","2"
"河张禹长子","1","1","2"
"黎阳贾护季","1","1","2"
"阳贾护季君","1","1","2"
"哀帝时待诏","1","1","2"
"苍梧陈钦子","1","1","2"
"梧陈钦子佚","1","1","2"
"江都相董仲","1","1","2"
"都相董仲舒","1","1","2"
"内史公孙弘","1","1","2"
"选郡县小吏","1","1","2"
"补侍郎谒者","1","1","2"
"吏民爱敬焉","2","0","2"
"左冯翊宋畸","1","1","2"
"冯翊宋畸举","1","1","2"
"下诏称扬曰","2","0","2"
"请中二千石","1","1","2"
"朱邑字仲卿","1","1","2"
"郎中张安等","1","1","2"
"中张安等十","1","1","2"
"张安等十人","1","1","2"
"安等十人侍","1","1","2"
"迁南阳太守","2","0","2"
"省乐府黄门","1","1","2"
"种冬生葱韭","1","1","2"
"列侯宗室见","1","1","2"
"守胜屠公争","1","1","2"
"胜屠公争权","1","1","2"
"事太尉周亚","1","1","2"
"上党郡中令","1","1","2"
"太后外孙脩","1","1","2"
"后外孙脩成","1","1","2"
"王温舒中尉","2","0","2"
"私马五十匹","1","1","2"
"察淫恶少年","1","1","2"
"使御史中丞","1","1","2"
"光禄大夫范","1","1","2"
"禄大夫范昆","1","1","2"
"九卿张德等","1","1","2"
"城父令公孙","1","1","2"
"父令公孙勇","1","1","2"
"厩啬夫江德","1","1","2"
"广明将兵击","2","0","2"
"选拔尹翁归","1","1","2"
"拔尹翁归等","1","1","2"
"茂陵富人焦","1","1","2"
"陵富人焦氏","1","1","2"
"将军霍光废","1","1","2"
"劾大司农田","1","1","2"
"人毕野白等","1","1","2"
"疑少府梁丘","1","1","2"
"延年兄弟五","1","1","2"
"年兄弟五人","1","1","2"
"左冯翊薛宣","1","1","2"
"红阳长仲兄","1","1","2"
"阳长仲兄弟","1","1","2"
"国君分庭抗","1","1","2"
"君分庭抗礼","1","1","2"
"外戚大臣魏","1","1","2"
"善相人许负","1","1","2"
"五侯兄弟争","1","1","2"
"侯兄弟争名","1","1","2"
"槐里大贼赵","2","0","2"
"里大贼赵朋","2","0","2"
"楼旧里附城","1","1","2"
"称贱子上寿","1","1","2"
"养吕公终身","1","1","2"
"迁太原太守","2","0","2"
"元平元年赦","1","1","2"
"平元年赦令","1","1","2"
"寡妇左阿君","1","1","2"
"黄门郎扬雄","1","1","2"
"归德侯刘飒","1","1","2"
"大司徒史丹","1","1","2"
"京兆尹曹氏","1","1","2"
"西屏将军申","1","1","2"
"强弩将军孙","1","1","2"
"弩将军孙建","1","1","2"
"郎中令周仁","1","1","2"
"中中郎将张","1","1","2"
"中郎将张彭","1","1","2"
"郎将张彭祖","1","1","2"
"戾太子所杀","1","1","2"
"佩二千石印","2","0","2"
"二千石印绶","2","0","2"
"宗正刘更生","1","1","2"
"中大夫张猛","1","1","2"
"中书仆射牢","1","1","2"
"书仆射牢梁","1","1","2"
"军冯奉世父","1","1","2"
"冯奉世父子","1","1","2"
"兄大鸿胪野","1","1","2"
"唯陛下哀怜","2","0","2"
"节士琅邪贡","1","1","2"
"士琅邪贡禹","1","1","2"
"御史中丞伊","1","1","2"
"史中丞伊嘉","1","1","2"
"魏郡元城人","1","1","2"
"将军王凤病","1","1","2"
"列校尉诸曹","1","1","2"
"水衡都尉侍","1","1","2"
"衡都尉侍中","1","1","2"
"都侯王莽心","1","1","2"
"大司马辅政","2","0","2"
"红阳侯立就","2","0","2"
"阳侯立就国","2","0","2"
"丞相王嘉死","1","1","2"
"校秘书郎杨","1","1","2"
"秘书郎杨闳","1","1","2"
"赖宗庙神灵","1","1","2"
"弟侍中奉车","1","1","2"
"父左曹屯骑","1","1","2"
"左曹屯骑校","1","1","2"
"曹屯骑校尉","1","1","2"
"栩丹诸侯王","1","1","2"
"丹诸侯王后","1","1","2"
"大司马年少","1","1","2"
"权人主侔矣","2","0","2"
"闳妻父萧咸","1","1","2"
"贤弟驸马都","1","1","2"
"弟驸马都尉","1","1","2"
"贤父子亲属","1","1","2"
"王闳兄弟侍","1","1","2"
"闳兄弟侍中","1","1","2"
"太皇太后召","1","1","2"
"皇太后召大","1","1","2"
"太后召大司","1","1","2"
"后召大司马","1","1","2"
"新都侯莽前","2","0","2"
"都侯莽前大","2","0","2"
"侯莽前大司","2","0","2"
"莽前大司马","2","0","2"
"太后遣使者","2","0","2"
"长安中小民","1","1","2"
"射鸣镝所射","1","1","2"
"冒顿问群臣","2","0","2"
"奈何人邻国","2","0","2"
"何人邻国爱","2","0","2"
"人邻国爱一","2","0","2"
"白羊河南王","1","1","2"
"士三十余万","1","1","2"
"撑犁孤涂单","1","1","2"
"右骨都侯辅","1","1","2"
"兵三十二万","2","0","2"
"女翁主单阏","2","0","2"
"翁主单阏氏","2","0","2"
"令大谒者张","1","1","2"
"大谒者张泽","1","1","2"
"奴右贤王入","1","1","2"
"天所立匈奴","1","1","2"
"所立匈奴大","1","1","2"
"立匈奴大单","1","1","2"
"后义卢侯难","1","1","2"
"义卢侯难支","1","1","2"
"愿寝兵休士","2","0","2"
"遗匈奴书曰","2","0","2"
"老上稽粥单","1","1","2"
"所遗物言语","2","0","2"
"遗物言语云","2","0","2"
"物言语云云","2","0","2"
"月所置匈奴","1","1","2"
"所置匈奴大","1","1","2"
"置匈奴大单","1","1","2"
"候骑雍甘泉","2","0","2"
"使使遗匈奴","2","0","2"
"使遗匈奴书","2","0","2"
"马邑人聂翁","1","1","2"
"邑人聂翁壹","1","1","2"
"杀辽西太守","1","1","2"
"败渔阳太守","1","1","2"
"伊稚斜单立","2","0","2"
"万骑入代郡","2","0","2"
"塞六七百里","1","1","2"
"右贤王大惊","1","1","2"
"万九千余级","2","0","2"
"前将军翕侯","1","1","2"
"将军翕侯赵","1","1","2"
"军翕侯赵信","1","1","2"
"汉使票骑将","2","0","2"
"使票骑将军","2","0","2"
"丞相长史任","1","1","2"
"相长史任敞","1","1","2"
"汉使王乌等","2","0","2"
"奇兵侵犯汉","1","1","2"
"左大都尉欲","2","0","2"
"朔方北二千","1","1","2"
"受降城四百","1","1","2"
"降城四百里","1","1","2"
"句黎湖单立","2","0","2"
"归汉使降者","2","0","2"
"者路充国等","1","1","2"
"贰师将军将","2","0","2"
"骑都尉李陵","1","1","2"
"长子左贤王","1","1","2"
"立狐鹿姑单","2","0","2"
"言立左贤王","1","1","2"
"通将四万骑","2","0","2"
"匈奴使大将","2","0","2"
"汉军乘胜追","1","1","2"
"速邪乌燕然","1","1","2"
"邪乌燕然山","1","1","2"
"遣使者报送","2","0","2"
"使者报送使","2","0","2"
"太子发兵反","1","1","2"
"士卒数万人","1","1","2"
"立左大都尉","1","1","2"
"子左谷蠡王","1","1","2"
"壶衍鞮单立","2","0","2"
"副光禄大夫","1","1","2"
"禄大夫王忠","1","1","2"
"匈奴见瓯脱","1","1","2"
"奴见瓯脱王","1","1","2"
"左谷蠡王死","1","1","2"
"属国千长义","1","1","2"
"国千长义渠","1","1","2"
"千长义渠王","1","1","2"
"万骑南旁塞","2","0","2"
"骑南旁塞猎","2","0","2"
"问护军都尉","1","1","2"
"护军都尉赵","1","1","2"
"军都尉赵充","1","1","2"
"都尉赵充国","1","1","2"
"匈奴闻汉兵","2","0","2"
"校尉常惠使","2","0","2"
"将军塞千二","2","0","2"
"军塞千二百","2","0","2"
"塞千二百余","2","0","2"
"千二百余里","2","0","2"
"使者蒲阴王","1","1","2"
"御史属公孙","1","1","2"
"史属公孙益","1","1","2"
"属公孙益寿","1","1","2"
"橐驼七十余","2","0","2"
"闾权渠单立","2","0","2"
"大将军军监","1","1","2"
"将军军监治","1","1","2"
"军军监治众","1","1","2"
"军监治众等","1","1","2"
"监治众等四","1","1","2"
"治众等四人","1","1","2"
"言兵鹿奚卢","1","1","2"
"兵鹿奚卢侯","1","1","2"
"题王都犁胡","1","1","2"
"王都犁胡次","1","1","2"
"都犁胡次等","1","1","2"
"郝宿王刑未","1","1","2"
"宿王刑未央","1","1","2"
"颛渠阏氏弟","2","0","2"
"左大渠都隆","2","0","2"
"大渠都隆奇","2","0","2"
"立右贤王屠","1","1","2"
"右贤王屠耆","1","1","2"
"贤王屠耆堂","1","1","2"
"衍朐鞮单立","2","0","2"
"弟伊酋若王","1","1","2"
"伊酋若王胜","1","1","2"
"贵人刑未央","1","1","2"
"人刑未央等","1","1","2"
"立稽侯犭册","2","0","2"
"降呼韩邪单","2","0","2"
"兵数万人东","2","0","2"
"呼韩邪单兵","2","0","2"
"长子都涂吾","1","1","2"
"子都涂吾西","1","1","2"
"子姑瞀楼头","1","1","2"
"右贤王父子","1","1","2"
"右谷蠡王等","1","1","2"
"子右谷蠡王","1","1","2"
"右谷蠡王姑","1","1","2"
"谷蠡王姑瞀","1","1","2"
"蠡王姑瞀楼","1","1","2"
"王姑瞀楼头","1","1","2"
"率众数万人","1","1","2"
"左贤王呼屠","1","1","2"
"贤王呼屠吾","1","1","2"
"王呼屠吾斯","1","1","2"
"郅支骨都侯","1","1","2"
"支骨都侯单","1","1","2"
"子右大将驹","1","1","2"
"汉遣车骑都","2","0","2"
"遣车骑都尉","2","0","2"
"三万四千斛","1","1","2"
"呼韩邪单复","2","0","2"
"锦帛九千匹","1","1","2"
"见小昆弥乌","1","1","2"
"乌就屠见呼","1","1","2"
"就屠见呼韩","1","1","2"
"屠见呼韩邪","1","1","2"
"见乌孙兵多","1","1","2"
"车师五千里","1","1","2"
"子王墙字昭","1","1","2"
"王墙字昭君","1","1","2"
"墙字昭君赐","1","1","2"
"伊屠智牙师","1","1","2"
"建始二年死","1","1","2"
"复株累若鞮","2","0","2"
"株累若鞮单","2","0","2"
"王醯谐屠奴","1","1","2"
"醯谐屠奴侯","1","1","2"
"右皋林王伊","1","1","2"
"皋林王伊邪","1","1","2"
"林王伊邪莫","1","1","2"
"王伊邪莫演","1","1","2"
"光禄大夫谷","1","1","2"
"禄大夫谷永","1","1","2"
"中郎将王舜","1","1","2"
"单上书愿朝","2","0","2"
"鸿嘉元年死","1","1","2"
"子左祝都韩","1","1","2"
"左祝都韩王","1","1","2"
"祝都韩王朐","1","1","2"
"都韩王朐留","1","1","2"
"韩王朐留斯","1","1","2"
"王朐留斯侯","1","1","2"
"朐留斯侯入","1","1","2"
"涂仇掸王乌","1","1","2"
"仇掸王乌夷","1","1","2"
"弟囊知牙斯","1","1","2"
"乌珠留单立","2","0","2"
"子右股奴王","1","1","2"
"右股奴王乌","1","1","2"
"中郎将夏侯","1","1","2"
"郎将夏侯藩","1","1","2"
"副校尉韩容","1","1","2"
"匈奴斗入汉","2","0","2"
"奴斗入汉地","2","0","2"
"士卒数百人","2","0","2"
"父呼韩邪单","2","0","2"
"仇掸王稽留","1","1","2"
"掸王稽留昆","1","1","2"
"王稽留昆入","1","1","2"
"中郎将丁野","1","1","2"
"郎将丁野林","1","1","2"
"副校尉公乘","1","1","2"
"校尉公乘音","1","1","2"
"护三十六国","1","1","2"
"雄帛五十匹","1","1","2"
"蒙天子神灵","1","1","2"
"上林苑蒲陶","1","1","2"
"林苑蒲陶宫","1","1","2"
"遣中郎将韩","2","0","2"
"中郎将韩况","1","1","2"
"太皇太后称","2","0","2"
"皇太后称制","2","0","2"
"遣王昭君女","2","0","2"
"王昭君女须","2","0","2"
"昭君女须卜","2","0","2"
"君女须卜居","2","0","2"
"女须卜居次","2","0","2"
"须卜居次云","1","1","2"
"卜居次云入","1","1","2"
"西域车师后","2","0","2"
"域车师后王","2","0","2"
"怨恨都护校","1","1","2"
"恨都护校尉","1","1","2"
"将妻子人民","2","0","2"
"遣使上书言","2","0","2"
"使上书言状","2","0","2"
"中郎将韩隆","1","1","2"
"侍中谒者帛","1","1","2"
"中谒者帛敞","1","1","2"
"长水校尉王","1","1","2"
"水校尉王歙","1","1","2"
"中郎将王萌","1","1","2"
"王萌待西域","2","0","2"
"萌待西域恶","2","0","2"
"待西域恶都","2","0","2"
"西域恶都奴","2","0","2"
"域恶都奴界","2","0","2"
"会西域诸国","2","0","2"
"西域诸国王","2","0","2"
"中郎将王骏","1","1","2"
"故名囊知牙","2","0","2"
"左犁汗王咸","1","1","2"
"渠蒲呼卢訾","1","1","2"
"蒲呼卢訾等","1","1","2"
"呼卢訾等十","1","1","2"
"举国亡降匈","2","0","2"
"国亡降匈奴","2","0","2"
"匈奴欲大侵","2","0","2"
"遣人匈奴南","2","0","2"
"匈奴南犁汗","1","1","2"
"奴南犁汗王","1","1","2"
"南犁汗王南","1","1","2"
"犁汗王南将","1","1","2"
"汗王南将军","1","1","2"
"南将军相闻","2","0","2"
"南将军二千","2","0","2"
"将军二千骑","2","0","2"
"良等尽胁略","2","0","2"
"等尽胁略戊","2","0","2"
"尽胁略戊己","2","0","2"
"戊己校尉吏","2","0","2"
"己校尉吏士","2","0","2"
"校尉吏士男","2","0","2"
"尉吏士男女","2","0","2"
"吏士男女二","2","0","2"
"士男女二千","2","0","2"
"男女二千余","2","0","2"
"女二千余人","2","0","2"
"二千余人入","2","0","2"
"千余人入匈","2","0","2"
"余人入匈奴","2","0","2"
"乌桓都将军","1","1","2"
"上书言匈奴","2","0","2"
"南将军右伊","1","1","2"
"将军右伊秩","1","1","2"
"军右伊秩訾","1","1","2"
"副校尉戴级","1","1","2"
"右伊秩訾王","1","1","2"
"秩訾王呼卢","1","1","2"
"訾王呼卢訾","1","1","2"
"左右部都尉","1","1","2"
"孝单咸子角","2","0","2"
"建国五年死","1","1","2"
"大臣右骨都","1","1","2"
"臣右骨都侯","1","1","2"
"伊墨居次云","1","1","2"
"乌累单咸立","2","0","2"
"子苏屠胡本","1","1","2"
"弟骑都尉展","1","1","2"
"骑都尉展德","1","1","2"
"都尉展德侯","1","1","2"
"单尽收四人","2","0","2"
"尽收四人手","2","0","2"
"收四人手杀","2","0","2"
"杀校尉刀护","2","0","2"
"芝音妻子下","2","0","2"
"音妻子下二","2","0","2"
"妻子下二十","2","0","2"
"子下二十七","2","0","2"
"下二十七人","2","0","2"
"唯姑夕王富","1","1","2"
"姑夕王富等","1","1","2"
"夕王富等四","1","1","2"
"王富等四十","1","1","2"
"富等四十人","1","1","2"
"置游击都尉","1","1","2"
"歙钱二百万","1","1","2"
"弟左贤王舆","1","1","2"
"更始二年冬","1","1","2"
"中郎将归德","1","1","2"
"郎将归德侯","1","1","2"
"将归德侯飒","1","1","2"
"司马护军陈","1","1","2"
"马护军陈遵","1","1","2"
"番阳令唐蒙","1","1","2"
"东西万余里","2","0","2"
"夜郎侯多同","1","1","2"
"吕越人等十","1","1","2"
"中郎将郭昌","1","1","2"
"衡都尉吕辟","1","1","2"
"都尉吕辟胡","1","1","2"
"遣军正王平","1","1","2"
"胪田广明等","1","1","2"
"町侯亡波率","1","1","2"
"钅句町王禹","2","0","2"
"将军王凤曰","2","0","2"
"荐金城司马","1","1","2"
"金城司马陈","1","1","2"
"城司马陈立","1","1","2"
"二十二邑反","1","1","2"
"中二千石居","1","1","2"
"左曹卫将军","1","1","2"
"牂柯大尹周","2","0","2"
"更遣宁始将","2","0","2"
"遣宁始将军","2","0","2"
"将军廉丹庸","2","0","2"
"军廉丹庸部","2","0","2"
"廉丹庸部牧","2","0","2"
"丹庸部牧史","2","0","2"
"将军博阳侯","1","1","2"
"老夫臣佗昧","1","1","2"
"夫臣佗昧死","1","1","2"
"上书皇帝陛","1","1","2"
"书皇帝陛下","1","1","2"
"闽粤王郢兴","1","1","2"
"粤王郢兴兵","1","1","2"
"王太后入朝","1","1","2"
"谏大夫终军","1","1","2"
"大夫终军等","1","1","2"
"勇士魏臣等","1","1","2"
"士魏臣等辅","1","1","2"
"太后中国人","2","0","2"
"丞相吕嘉银","1","1","2"
"相吕嘉银印","1","1","2"
"苍梧秦王连","1","1","2"
"相韩千秋奋","1","1","2"
"顾赵氏社稷","1","1","2"
"主爵都尉杨","1","1","2"
"爵都尉杨仆","1","1","2"
"待伏波将军","1","1","2"
"苍梧王赵光","1","1","2"
"闽粤发兵围","1","1","2"
"楼船将军仆","2","0","2"
"大司农张成","1","1","2"
"徇北将军守","1","1","2"
"粤衍侯吴阳","1","1","2"
"粤建成侯敖","1","1","2"
"齐兵七千人","1","1","2"
"兵七千人先","1","1","2"
"使者左将军","2","0","2"
"太守公孙遂","1","1","2"
"元封三年夏","1","1","2"
"杀朝鲜王右","1","1","2"
"朝鲜王右渠","1","1","2"
"阳关三百余","1","1","2"
"关三百余里","1","1","2"
"道西逾葱岭","2","0","2"
"西逾葱岭大","2","0","2"
"车师前王廷","1","1","2"
"置僮仆都尉","1","1","2"
"后骠骑将军","1","1","2"
"田卒数百人","1","1","2"
"西使者郑吉","1","1","2"
"使者郑吉迎","1","1","2"
"阳关二千七","1","1","2"
"关二千七百","1","1","2"
"百三十八里","1","1","2"
"东蒲类王兹","1","1","2"
"蒲类王兹力","1","1","2"
"类王兹力支","1","1","2"
"千七百余人","1","1","2"
"都护分车师","1","1","2"
"护分车师后","1","1","2"
"分车师后王","1","1","2"
"车师后王西","1","1","2"
"长安六千三","1","1","2"
"安六千三百","1","1","2"
"六千三百里","1","1","2"
"长安六千一","1","1","2"
"安六千一百","1","1","2"
"六千一百里","1","1","2"
"兵二千九百","1","1","2"
"护治所千七","2","0","2"
"治所千七百","2","0","2"
"七百八十五","1","1","2"
"百八十五里","1","1","2"
"轻骑七百人","1","1","2"
"骑七百人先","1","1","2"
"遣一子质匈","2","0","2"
"一子质匈奴","2","0","2"
"时汉军正任","1","1","2"
"汉军正任文","1","1","2"
"甚亲信楼兰","1","1","2"
"王弟尉屠耆","1","1","2"
"吏士四十人","1","1","2"
"户二百三十","1","1","2"
"口千六百一","2","0","2"
"三百二十人","1","1","2"
"所二千二百","2","0","2"
"精绝二千里","1","1","2"
"长安七千二","2","0","2"
"安七千二百","2","0","2"
"七千二百一","1","1","2"
"户四百八十","1","1","2"
"口三千三百","1","1","2"
"治所二千七","2","0","2"
"所二千七百","2","0","2"
"七百二十三","1","1","2"
"百二十三里","1","1","2"
"弥四百六十","1","1","2"
"四百六十里","1","1","2"
"八千三百里","1","1","2"
"户二百四十","1","1","2"
"八百五十八","1","1","2"
"长安九千二","1","1","2"
"安九千二百","1","1","2"
"二百八十里","1","1","2"
"三千三百四","1","1","2"
"三千五百四","1","1","2"
"三千五百五","1","1","2"
"五百五十三","1","1","2"
"百五十三里","1","1","2"
"阗三百九十","1","1","2"
"三百九十里","1","1","2"
"户三百一十","1","1","2"
"口二千一百","1","1","2"
"二千一百七","1","1","2"
"三千八百五","1","1","2"
"八百五十二","1","1","2"
"百五十二里","1","1","2"
"三千九百四","1","1","2"
"王治皮山城","1","1","2"
"口三千五百","1","1","2"
"四千二百九","1","1","2"
"莎车三百八","1","1","2"
"车三百八十","1","1","2"
"户四百九十","1","1","2"
"口二千七百","1","1","2"
"七百三十三","1","1","2"
"七百四十人","1","1","2"
"四千八百九","1","1","2"
"八百九十二","1","1","2"
"阳关五千八","1","1","2"
"关五千八百","1","1","2"
"百八十八里","1","1","2"
"治所五千二","1","1","2"
"王号子合王","1","1","2"
"长安万二百","2","0","2"
"随畜逐水草","2","0","2"
"三百九十六","1","1","2"
"疏勒五百五","1","1","2"
"勒五百五十","1","1","2"
"王治长安万","2","0","2"
"治长安万一","2","0","2"
"长安万一百","2","0","2"
"安万一百五","2","0","2"
"万一百五十","2","0","2"
"户一百二十","1","1","2"
"口六百七十","1","1","2"
"胜兵三百五","2","0","2"
"兵三百五十","2","0","2"
"疏勒六百五","1","1","2"
"勒六百五十","1","1","2"
"四百六十五","1","1","2"
"西大月氏接","2","0","2"
"衣服类乌孙","2","0","2"
"八百五十里","1","1","2"
"雷三百四十","1","1","2"
"宾三百三十","1","1","2"
"王治循鲜城","1","1","2"
"安万二千二","2","0","2"
"国二千二百","1","1","2"
"关都尉文忠","1","1","2"
"都尉文忠送","1","1","2"
"容屈王子阴","1","1","2"
"屈王子阴末","1","1","2"
"王子阴末赴","1","1","2"
"下七十余人","1","1","2"
"遣使者上书","1","1","2"
"宾王阴末赴","1","1","2"
"王阴末赴本","1","1","2"
"乌弋山离国","1","1","2"
"王治番兜城","1","1","2"
"安万一千六","2","0","2"
"四千七百四","1","1","2"
"七百四十里","1","1","2"
"八百四十一","1","1","2"
"阳关七千八","1","1","2"
"关七千八百","1","1","2"
"三千七百四","1","1","2"
"阳关七千七","1","1","2"
"关七千七百","1","1","2"
"七千七百八","1","1","2"
"七百八十二","1","1","2"
"都护五千九","2","0","2"
"护五千九百","2","0","2"
"五千九百四","1","1","2"
"九百八十二","1","1","2"
"五千九百六","1","1","2"
"九百六十二","1","1","2"
"百六十二里","1","1","2"
"关八千二百","1","1","2"
"阳关九千二","1","1","2"
"关九千二百","1","1","2"
"百八十三里","1","1","2"
"二千三百里","1","1","2"
"都护五千七","2","0","2"
"护五千七百","2","0","2"
"七百七十六","1","1","2"
"百七十六里","1","1","2"
"关八千二十","2","0","2"
"八千二十五","2","0","2"
"千二十五里","2","0","2"
"五千七百六","1","1","2"
"七百六十七","1","1","2"
"百六十七里","1","1","2"
"五千二百六","1","1","2"
"二百六十六","1","1","2"
"百六十六里","1","1","2"
"阳关七千五","1","1","2"
"关七千五百","1","1","2"
"六千二百九","1","1","2"
"二百九十六","1","1","2"
"阳关八千五","1","1","2"
"关八千五百","1","1","2"
"阳关八千三","1","1","2"
"关八千三百","1","1","2"
"王治贵山城","1","1","2"
"康居卑阗城","1","1","2"
"城千五百一","2","0","2"
"大月氏六百","1","1","2"
"月氏六百九","1","1","2"
"氏六百九十","1","1","2"
"六百九十里","1","1","2"
"邑七十余城","1","1","2"
"兵前后十余","1","1","2"
"前后十余万","1","1","2"
"后十余万人","1","1","2"
"献马三千匹","1","1","2"
"四百八十人","1","1","2"
"王治衍敦谷","1","1","2"
"长安九千八","1","1","2"
"安九千八百","1","1","2"
"八百六十里","1","1","2"
"户三百八十","1","1","2"
"遣使者奚充","1","1","2"
"者奚充国送","1","1","2"
"奚充国送万","1","1","2"
"充国送万年","1","1","2"
"卫候冯奉世","1","1","2"
"便宜发诸国","2","0","2"
"宜发诸国兵","2","0","2"
"诸国兵击杀","1","1","2"
"六百四十七","1","1","2"
"二千二百一","1","1","2"
"莎车五百六","1","1","2"
"车五百六十","1","1","2"
"护治所千四","2","0","2"
"治所千四百","2","0","2"
"四百一十一","1","1","2"
"百一十一里","1","1","2"
"百一十四里","1","1","2"
"口六十三万","1","1","2"
"十八万八千","1","1","2"
"八万八千八","1","1","2"
"八千八百人","1","1","2"
"七百二十一","1","1","2"
"百二十一里","1","1","2"
"康居蕃内地","1","1","2"
"居蕃内地五","1","1","2"
"蕃内地五千","1","1","2"
"内地五千里","1","1","2"
"乌孙昆莫击","1","1","2"
"孙昆莫击破","1","1","2"
"昆莫击破大","1","1","2"
"莫击破大月","1","1","2"
"击破大月氏","1","1","2"
"献马数十匹","1","1","2"
"乘舆服御物","2","0","2"
"远托异国兮","1","1","2"
"托异国兮乌","1","1","2"
"复尚楚主解","2","0","2"
"尚楚主解忧","2","0","2"
"右谷蠡王庭","1","1","2"
"七十余万头","1","1","2"
"大鸿胪萧望","1","1","2"
"使长罗侯光","1","1","2"
"长罗侯光禄","1","1","2"
"罗侯光禄大","1","1","2"
"侯光禄大夫","1","1","2"
"任昌送侍子","1","1","2"
"中郎将张遵","1","1","2"
"将军长史张","1","1","2"
"军长史张翁","1","1","2"
"长史张翁留","1","1","2"
"肥王翁归靡","1","1","2"
"乌孙右大将","1","1","2"
"遣谒者竺次","1","1","2"
"期门甘延寿","1","1","2"
"冯夫人上书","1","1","2"
"父左大将乐","1","1","2"
"左大将乐代","1","1","2"
"弥乌就屠死","1","1","2"
"贵人姑莫匿","1","1","2"
"人姑莫匿等","1","1","2"
"姑莫匿等三","1","1","2"
"莫匿等三人","1","1","2"
"都护廉褒赐","1","1","2"
"时大昆弥雌","1","1","2"
"小昆弥末振","1","1","2"
"昆弥末振将","1","1","2"
"中郎将段会","1","1","2"
"郎将段会宗","1","1","2"
"侯难栖杀末","2","0","2"
"难栖杀末振","2","0","2"
"栖杀末振将","2","0","2"
"谋杀大昆弥","1","1","2"
"哀帝元寿二","1","1","2"
"帝元寿二年","1","1","2"
"大昆弥伊秩","1","1","2"
"昆弥伊秩靡","1","1","2"
"都护孙建袭","1","1","2"
"护孙建袭杀","1","1","2"
"口二万四千","1","1","2"
"二万四千五","1","1","2"
"四千五百人","1","1","2"
"龟兹六百七","1","1","2"
"兹六百七十","1","1","2"
"姑墨王丞杀","1","1","2"
"墨王丞杀温","1","1","2"
"王丞杀温宿","1","1","2"
"王治温宿城","1","1","2"
"口八千四百","1","1","2"
"二千三百八","1","1","2"
"尉头三百里","1","1","2"
"乌孙赤谷六","1","1","2"
"孙赤谷六百","1","1","2"
"赤谷六百一","1","1","2"
"谷六百一十","1","1","2"
"六百一十里","1","1","2"
"姑墨二百七","1","1","2"
"墨二百七十","1","1","2"
"二百七十里","1","1","2"
"户六千九百","1","1","2"
"六千九百七","1","1","2"
"口八万一千","1","1","2"
"八万一千三","1","1","2"
"三百一十七","1","1","2"
"乌垒城三百","1","1","2"
"垒城三百五","1","1","2"
"城三百五十","1","1","2"
"南三百三十","1","1","2"
"城都尉一人","1","1","2"
"搜粟都尉桑","1","1","2"
"粟都尉桑弘","1","1","2"
"都尉桑弘羊","1","1","2"
"溉田五千顷","1","1","2"
"征事臣昌分","1","1","2"
"事臣昌分部","1","1","2"
"军候弘上书","1","1","2"
"郡属国都尉","1","1","2"
"属国都尉成","1","1","2"
"国都尉成忠","1","1","2"
"送匈奴使者","1","1","2"
"封丞相车千","1","1","2"
"龟兹贵人姑","1","1","2"
"兹贵人姑翼","1","1","2"
"侍郎乐奉送","1","1","2"
"夫人号称公","1","1","2"
"人号称公主","1","1","2"
"尉犁六百五","1","1","2"
"犁六百五十","1","1","2"
"口九千六百","1","1","2"
"王治危须城","1","1","2"
"七千二百九","1","1","2"
"二百九十里","1","1","2"
"口三万二千","1","1","2"
"护治所四百","1","1","2"
"治所四百里","1","1","2"
"口二百三十","1","1","2"
"二百三十一","1","1","2"
"八千六百八","1","1","2"
"户二百二十","1","1","2"
"二百二十七","1","1","2"
"户四百六十","1","1","2"
"胜兵三百三","2","0","2"
"兵三百三十","2","0","2"
"百三十一人","1","1","2"
"八千八百七","1","1","2"
"胜兵四十五","2","0","2"
"兵四十五人","2","0","2"
"户三百二十","1","1","2"
"七百九十九","1","1","2"
"百九十九人","1","1","2"
"八千六百三","1","1","2"
"三百三十四","1","1","2"
"百三十四人","1","1","2"
"户三百三十","1","1","2"
"九百二十六","1","1","2"
"百三十八人","1","1","2"
"长安八千二","2","0","2"
"安八千二百","2","0","2"
"八千二百五","1","1","2"
"山东丹渠谷","1","1","2"
"长安八千五","1","1","2"
"安八千五百","1","1","2"
"八千五百七","1","1","2"
"王治车师柳","1","1","2"
"治车师柳谷","1","1","2"
"八千二百里","1","1","2"
"口二百六十","1","1","2"
"二百六十四","1","1","2"
"七百七十里","1","1","2"
"长安七千一","1","1","2"
"安七千一百","1","1","2"
"一百七十里","1","1","2"
"胜兵千八百","2","0","2"
"八百六十五","1","1","2"
"八百三十五","1","1","2"
"王治务涂谷","1","1","2"
"八千九百五","1","1","2"
"户五百九十","1","1","2"
"五百九十五","1","1","2"
"口四千七百","1","1","2"
"四千七百七","1","1","2"
"八百九十人","1","1","2"
"车师都尉国","1","1","2"
"口三百三十","1","1","2"
"师后城长国","1","1","2"
"口九百六十","1","1","2"
"二百六十人","1","1","2"
"武帝天汉二","1","1","2"
"帝天汉二年","1","1","2"
"田士千五百","2","0","2"
"士千五百人","2","0","2"
"小金附国随","1","1","2"
"金附国随汉","1","1","2"
"附国随汉军","1","1","2"
"国随汉军后","1","1","2"
"随汉军后盗","1","1","2"
"吏卒三百人","1","1","2"
"车师太子军","1","1","2"
"师太子军宿","1","1","2"
"侍郎殷广德","1","1","2"
"车师王乌贵","1","1","2"
"车师后王国","1","1","2"
"戊己校尉徐","1","1","2"
"己校尉徐普","1","1","2"
"奴南将军地","1","1","2"
"前车师前王","1","1","2"
"大种赤水羌","1","1","2"
"中郎将王昌","1","1","2"
"郎将王昌等","1","1","2"
"广新公甄丰","1","1","2"
"左将尸泥支","1","1","2"
"辅国侯狐兰","1","1","2"
"国侯狐兰支","1","1","2"
"匈奴十万骑","1","1","2"
"校尉府数里","1","1","2"
"戊己校尉城","1","1","2"
"都护李崇将","2","0","2"
"护李崇将戊","2","0","2"
"李崇将戊己","2","0","2"
"崇将戊己校","2","0","2"
"将戊己校尉","2","0","2"
"诸国皆郊迎","2","0","2"
"兵七千余人","1","1","2"
"校尉郭钦将","2","0","2"
"百七十六人","1","1","2"
"设酒池肉林","1","1","2"
"太后欲重亲","2","0","2"
"河南成皋灵","1","1","2"
"南成皋灵台","1","1","2"
"代王立十七","1","1","2"
"王立十七年","1","1","2"
"园邑三百家","2","0","2"
"广国字少君","1","1","2"
"邯郸慎夫人","1","1","2"
"长公主嫖女","2","0","2"
"始入太子家","2","0","2"
"曾祖父陈婴","1","1","2"
"女子楚服等","1","1","2"
"使司赐皇后","2","0","2"
"司赐皇后策","2","0","2"
"赐皇后策曰","2","0","2"
"退居长门宫","1","1","2"
"霸陵郎官亭","1","1","2"
"元朔元年生","1","1","2"
"中山李夫人","1","1","2"
"宗正刘长乐","1","1","2"
"执金吾刘敢","1","1","2"
"思念李夫人","1","1","2"
"方士齐人少","1","1","2"
"士齐人少翁","1","1","2"
"宠姬王夫人","1","1","2"
"羽林期门郎","1","1","2"
"武帝上甘泉","2","0","2"
"霍光大将军","1","1","2"
"卫太子史良","1","1","2"
"太子史良娣","1","1","2"
"使者邴吉怜","1","1","2"
"曾孙收养掖","2","0","2"
"孙收养掖庭","2","0","2"
"史皇孙王夫","1","1","2"
"皇孙王夫人","1","1","2"
"外祖母王媪","1","1","2"
"太中大夫任","1","1","2"
"中大夫任宣","1","1","2"
"涿郡蠡吾平","1","1","2"
"郡蠡吾平乡","1","1","2"
"仲卿教翁须","1","1","2"
"太子舍人侯","1","1","2"
"子舍人侯明","1","1","2"
"广望三老更","1","1","2"
"望三老更始","1","1","2"
"思成侯合葬","1","1","2"
"官桀谋反时","1","1","2"
"霍将军同心","1","1","2"
"将军同心辅","1","1","2"
"内者令欧侯","1","1","2"
"者令欧侯氏","1","1","2"
"外祖父昌成","1","1","2"
"祖父昌成君","1","1","2"
"博陆宣成侯","1","1","2"
"陆宣成侯夫","1","1","2"
"废处昭台宫","2","0","2"
"功赐爵关内","1","1","2"
"孝宣王皇后","2","0","2"
"车骑将军平","1","1","2"
"骑将军平恩","1","1","2"
"将军平恩侯","1","1","2"
"车骑将军辅","1","1","2"
"先笑后号啕","1","1","2"
"法孝武皇帝","1","1","2"
"大将军凤事","2","0","2"
"侯夫人谒坐","2","0","2"
"夫人谒坐大","2","0","2"
"人谒坐大逆","2","0","2"
"延陵交道厩","1","1","2"
"后姊子淳长","2","0","2"
"掖庭令辅等","1","1","2"
"弟侍中驸马","1","1","2"
"中宫史曹宫","1","1","2"
"掖庭狱丞籍","1","1","2"
"庭狱丞籍武","1","1","2"
"中黄门王舜","1","1","2"
"元延元年中","1","1","2"
"掖庭牛官令","1","1","2"
"庭牛官令舍","1","1","2"
"中黄门田客","1","1","2"
"封御史中丞","2","0","2"
"御史中丞印","2","0","2"
"上林涿沐馆","1","1","2"
"饰室中若舍","1","1","2"
"元延二年怀","1","1","2"
"长定许贵人","1","1","2"
"元延二年五","1","1","2"
"延二年五月","1","1","2"
"掖庭令吾丘","1","1","2"
"庭令吾丘遵","1","1","2"
"永光三年男","1","1","2"
"光三年男子","1","1","2"
"三年男子忠","1","1","2"
"年男子忠等","1","1","2"
"男子忠等发","1","1","2"
"长陵傅夫人","1","1","2"
"鲁严公夫人","1","1","2"
"严公夫人杀","1","1","2"
"时议郎耿育","1","1","2"
"郎耿育上疏","1","1","2"
"时中山孝王","1","1","2"
"遂征定陶王","2","0","2"
"傅太后太子","2","0","2"
"丁姬十日一","2","0","2"
"昌侯董宏希","2","0","2"
"侯董宏希指","2","0","2"
"丁姬帝太后","2","0","2"
"追尊恭皇太","1","1","2"
"太皇太后本","1","1","2"
"九卿二千石","1","1","2"
"二千石六人","2","0","2"
"诸曹十余人","2","0","2"
"祖师丁将军","1","1","2"
"定陶恭王先","1","1","2"
"河平四年生","1","1","2"
"葬丁姬复故","2","0","2"
"掘平共王母","1","1","2"
"安侯丁明同","1","1","2"
"令孝哀皇后","1","1","2"
"孝哀皇后退","1","1","2"
"傅昭仪等皆","2","0","2"
"征定陶王太","2","0","2"
"中郎谒者张","1","1","2"
"责问冯太后","1","1","2"
"诸侯王太后","1","1","2"
"中山卢奴人","1","1","2"
"莽迎中山王","1","1","2"
"迎中山王立","1","1","2"
"立宗室桃乡","1","1","2"
"宗室桃乡侯","1","1","2"
"山孝王后深","1","1","2"
"故定陶傅太","1","1","2"
"公太傅大司","1","1","2"
"长乐少府夏","1","1","2"
"乐少府夏侯","1","1","2"
"少府夏侯藩","1","1","2"
"尚书令平晏","1","1","2"
"执金吾尹赏","1","1","2"
"行太常事太","1","1","2"
"太常事太中","1","1","2"
"常事太中大","1","1","2"
"事太中大夫","1","1","2"
"中大夫刘歆","1","1","2"
"右将军甄邯","1","1","2"
"上林延寿门","1","1","2"
"入未央宫前","1","1","2"
"定安公太后","1","1","2"
"立国将军成","1","1","2"
"国将军成新","1","1","2"
"将军成新公","1","1","2"
"军成新公孙","1","1","2"
"成新公孙建","1","1","2"
"魏郡元城委","1","1","2"
"郡元城委粟","1","1","2"
"元城委粟里","1","1","2"
"六百四十五","1","1","2"
"司马良娣死","1","1","2"
"掖庭令浊贤","1","1","2"
"侍中史丹拥","1","1","2"
"问谏大夫杨","1","1","2"
"谏大夫杨兴","1","1","2"
"诸吏散骑安","1","1","2"
"吏散骑安成","1","1","2"
"散骑安成侯","1","1","2"
"侍中水衡都","1","1","2"
"中水衡都尉","1","1","2"
"荐光禄大夫","1","1","2"
"前丞相乐昌","1","1","2"
"丞相乐昌侯","1","1","2"
"京兆尹直言","1","1","2"
"荐中山孝王","1","1","2"
"舅琅邪太守","1","1","2"
"守冯野王先","1","1","2"
"冯野王先帝","1","1","2"
"野王先帝时","1","1","2"
"兄弟七人封","1","1","2"
"阳朔三年秋","1","1","2"
"上借明光宫","1","1","2"
"尚书责问司","1","1","2"
"书责问司隶","1","1","2"
"责问司隶校","1","1","2"
"问司隶校尉","1","1","2"
"奏文帝时诛","1","1","2"
"进成都侯商","2","0","2"
"吊赠大将军","2","0","2"
"特进成都侯","1","1","2"
"光禄勋曲阳","1","1","2"
"禄勋曲阳侯","1","1","2"
"太后诏莽就","2","0","2"
"后诏莽就第","2","0","2"
"侍中太仆安","1","1","2"
"中太仆安阳","1","1","2"
"新都侯莽忧","2","0","2"
"都侯莽忧劳","2","0","2"
"侯莽忧劳国","2","0","2"
"莽忧劳国家","2","0","2"
"莽三百五十","1","1","2"
"三百五十户","1","1","2"
"吏主簿张业","1","1","2"
"聘取故掖庭","2","0","2"
"丁姬皆称尊","2","0","2"
"姬皆称尊号","2","0","2"
"谏大夫杨宣","1","1","2"
"太后莽大司","2","0","2"
"后莽大司马","2","0","2"
"旁侧长御下","2","0","2"
"宰衡安汉公","1","1","2"
"宗室安众侯","1","1","2"
"室安众侯刘","1","1","2"
"太守翟义等","1","1","2"
"置酒未央宫","2","0","2"
"言太皇太后","2","0","2"
"皇太后新室","2","0","2"
"奉上皇太后","1","1","2"
"建国五年二","1","1","2"
"国五年二月","1","1","2"
"五年二月癸","1","1","2"
"年二月癸丑","1","1","2"
"王莽字巨君","1","1","2"
"叔父成都侯","1","1","2"
"长乐少府戴","1","1","2"
"乐少府戴崇","1","1","2"
"胡骑校尉箕","1","1","2"
"骑校尉箕闳","1","1","2"
"上谷都尉阳","1","1","2"
"后将军朱子","1","1","2"
"将军朱子元","1","1","2"
"遣丞相孔光","1","1","2"
"莽黄金五百","1","1","2"
"太皇太后日","2","0","2"
"未央宫收取","1","1","2"
"央宫收取玺","1","1","2"
"宫收取玺绶","1","1","2"
"大司马高安","1","1","2"
"司马高安侯","1","1","2"
"马高安侯董","1","1","2"
"安侯董贤年","1","1","2"
"军公孙禄互","1","1","2"
"委任大司马","1","1","2"
"大司马霍光","1","1","2"
"太傅博山侯","1","1","2"
"食邑五千户","1","1","2"
"故定陵侯淳","2","0","2"
"孝哀皇帝所","1","1","2"
"孝文皇帝褒","1","1","2"
"文皇帝褒赏","1","1","2"
"皇帝褒赏绛","1","1","2"
"帝褒赏绛侯","1","1","2"
"赐黄金五千","1","1","2"
"甄邯等白太","2","0","2"
"邯等白太后","2","0","2"
"遣大司徒司","1","1","2"
"司徒司直陈","1","1","2"
"徒司直陈崇","1","1","2"
"司直陈崇等","1","1","2"
"直陈崇等八","1","1","2"
"人分行天下","2","0","2"
"掾史秩六百","2","0","2"
"史秩六百石","2","0","2"
"三千七百万","1","1","2"
"太后临前殿","2","0","2"
"年六月戊午","1","1","2"
"元年正月丙","1","1","2"
"年正月丙辰","1","1","2"
"年四月甲子","1","1","2"
"御史刻宰衡","1","1","2"
"宰衡太傅大","1","1","2"
"衡太傅大司","1","1","2"
"蜀郡男子路","1","1","2"
"郡男子路建","1","1","2"
"男子路建等","1","1","2"
"教授十一人","1","1","2"
"四十八万七","1","1","2"
"八万七千五","1","1","2"
"七千五百七","1","1","2"
"侯张纯等九","1","1","2"
"张纯等九百","1","1","2"
"元始五年五","1","1","2"
"始五年五月","1","1","2"
"五年五月庚","1","1","2"
"年五月庚寅","1","1","2"
"卫孝成皇帝","1","1","2"
"孝成皇帝十","1","1","2"
"成皇帝十六","1","1","2"
"皇帝十六年","1","1","2"
"劾高昌侯董","1","1","2"
"宗庙社稷大","2","0","2"
"虎贲三百人","1","1","2"
"陈崇等十二","1","1","2"
"崇等十二人","1","1","2"
"太皇太后圣","1","1","2"
"皇太后圣明","1","1","2"
"西域良愿等","1","1","2"
"受良愿等所","1","1","2"
"陵侯刘庆上","1","1","2"
"侯刘庆上书","1","1","2"
"周成王幼少","2","0","2"
"显等四十八","1","1","2"
"等四十八人","1","1","2"
"辉光谢嚣奏","1","1","2"
"平皇帝幼年","1","1","2"
"孝宣皇帝玄","1","1","2"
"宣皇帝玄孙","1","1","2"
"皇帝玄孙二","1","1","2"
"帝玄孙二十","1","1","2"
"玄孙二十三","1","1","2"
"孙二十三人","1","1","2"
"南面朝群臣","2","0","2"
"朝见太皇太","1","1","2"
"见太皇太后","1","1","2"
"居摄元年正","1","1","2"
"摄元年正月","1","1","2"
"立宣帝玄孙","1","1","2"
"嘉父子兄弟","1","1","2"
"置卫士三百","1","1","2"
"卫士三百人","1","1","2"
"遣护羌校尉","1","1","2"
"立严乡侯刘","1","1","2"
"遣谏大夫桓","1","1","2"
"谏大夫桓谭","1","1","2"
"遣将军王奇","1","1","2"
"未央宫白虎","1","1","2"
"央宫白虎殿","1","1","2"
"委任安汉公","1","1","2"
"养太皇太后","1","1","2"
"司威陈崇奏","1","1","2"
"车骑将军千","1","1","2"
"骑将军千人","1","1","2"
"将军千人扈","1","1","2"
"军千人扈云","1","1","2"
"莽兢兢业业","1","1","2"
"饶侯刘京上","1","1","2"
"侯刘京上书","1","1","2"
"郡临淄县昌","1","1","2"
"临淄县昌兴","1","1","2"
"淄县昌兴亭","1","1","2"
"太保安阳侯","1","1","2"
"骑都尉崔发","1","1","2"
"都尉崔发等","1","1","2"
"前孝哀皇帝","1","1","2"
"孝哀皇帝建","1","1","2"
"哀皇帝建平","1","1","2"
"皇帝建平二","1","1","2"
"建平二年六","1","1","2"
"平二年六月","1","1","2"
"二年六月甲","1","1","2"
"天帝行玺金","1","1","2"
"帝行玺金匮","1","1","2"
"行玺金匮图","1","1","2"
"传予黄帝金","1","1","2"
"予黄帝金策","1","1","2"
"黄帝金策书","1","1","2"
"汉氏高皇帝","2","0","2"
"承皇天上帝","1","1","2"
"置大夫三人","1","1","2"
"置元士三人","1","1","2"
"二十七大夫","1","1","2"
"谏大夫四人","1","1","2"
"诸侯立太夫","1","1","2"
"侯立太夫人","1","1","2"
"皇孙功隆公","1","1","2"
"定安公刘婴","1","1","2"
"褒鲁子姬就","1","1","2"
"遣骑都尉嚣","1","1","2"
"骑都尉嚣等","1","1","2"
"祭明堂太庙","2","0","2"
"予皇始祖考","2","0","2"
"三代所遵行","1","1","2"
"威将王奇等","1","1","2"
"将王奇等十","1","1","2"
"王奇等十二","1","1","2"
"奇等十二人","1","1","2"
"高祖考王伯","1","1","2"
"祖考王伯墓","1","1","2"
"考王伯墓门","1","1","2"
"置五威司命","1","1","2"
"中城四关将","1","1","2"
"城四关将军","1","1","2"
"统睦侯陈崇","1","1","2"
"作五威中城","1","1","2"
"明威侯王级","1","1","2"
"作五威前关","1","1","2"
"五威前关将","1","1","2"
"威前关将军","1","1","2"
"尉睦侯王嘉","1","1","2"
"作五威后关","1","1","2"
"五威后关将","1","1","2"
"威后关将军","1","1","2"
"作五威左关","1","1","2"
"五威左关将","1","1","2"
"威左关将军","1","1","2"
"怀羌子王福","1","1","2"
"作五威右关","1","1","2"
"五威右关将","1","1","2"
"威右关将军","1","1","2"
"遣谏大夫五","1","1","2"
"谏大夫五十","1","1","2"
"大夫五十人","1","1","2"
"夫五十人分","1","1","2"
"五威将帅七","1","1","2"
"威将帅七十","1","1","2"
"将帅七十二","1","1","2"
"帅七十二人","1","1","2"
"陵乡侯刘曾","1","1","2"
"扶恩侯刘贵","1","1","2"
"恩侯刘贵等","1","1","2"
"嘉新公国师","1","1","2"
"率礼侯刘嘉","1","1","2"
"礼侯刘嘉等","1","1","2"
"三十二人同","1","1","2"
"十二人同宗","1","1","2"
"二人同宗共","1","1","2"
"人同宗共祖","1","1","2"
"改定安太后","1","1","2"
"遣立国将军","1","1","2"
"将军孙建等","1","1","2"
"遣五威将军","1","1","2"
"五威将军苗","1","1","2"
"虎贲将军王","1","1","2"
"贲将军王况","1","1","2"
"振武将军王","1","1","2"
"武将军王嘉","1","1","2"
"平狄将军王","1","1","2"
"狄将军王萌","1","1","2"
"相威将军李","1","1","2"
"镇远将军李","1","1","2"
"远将军李翁","1","1","2"
"诛貉将军阳","1","1","2"
"貉将军阳俊","1","1","2"
"讨秽将军严","1","1","2"
"秽将军严尤","1","1","2"
"奋武将军王","1","1","2"
"武将军王骏","1","1","2"
"定胡将军王","1","1","2"
"胡将军王晏","1","1","2"
"尚书大夫赵","2","0","2"
"侍中京兆大","1","1","2"
"后黄皇室主","1","1","2"
"子侍中东通","1","1","2"
"侍中东通灵","1","1","2"
"中东通灵将","1","1","2"
"五司大夫隆","1","1","2"
"司大夫隆威","1","1","2"
"大夫隆威侯","1","1","2"
"弟右曹长水","1","1","2"
"右曹长水校","1","1","2"
"曹长水校尉","1","1","2"
"长水校尉伐","1","1","2"
"水校尉伐虏","1","1","2"
"校尉伐虏侯","1","1","2"
"弟左关将军","1","1","2"
"左关将军掌","1","1","2"
"关将军掌威","1","1","2"
"将军掌威侯","1","1","2"
"中骑都尉丁","1","1","2"
"骑都尉丁隆","1","1","2"
"都尉丁隆等","1","1","2"
"初睦侯姚恂","1","1","2"
"遣尚书大夫","1","1","2"
"令七公六卿","1","1","2"
"置司命军正","1","1","2"
"赐黄金千斤","1","1","2"
"京兆尹王嘉","1","1","2"
"中郎将廉丹","1","1","2"
"置师友祭酒","1","1","2"
"宁始将军姚","1","1","2"
"始将军姚恂","1","1","2"
"将军姚恂免","1","1","2"
"崇禄侯孔永","1","1","2"
"大司马甄邯","1","1","2"
"司马甄邯死","1","1","2"
"宁始将军孔","1","1","2"
"始将军孔永","1","1","2"
"侍中大赘侯","1","1","2"
"中大赘侯辅","1","1","2"
"授诸侯茅土","2","0","2"
"四百九十七","1","1","2"
"百九十七人","1","1","2"
"七百九十六","1","1","2"
"百九十六人","1","1","2"
"侍中讲礼大","1","1","2"
"中讲礼大夫","1","1","2"
"讲礼大夫孔","1","1","2"
"礼大夫孔秉","1","1","2"
"大夫孔秉等","1","1","2"
"大尹田谭追","1","1","2"
"尹田谭追击","1","1","2"
"高句骊侯驺","2","0","2"
"诱高句骊侯","1","1","2"
"年二月建寅","1","1","2"
"二月建寅节","2","0","2"
"四十五万匹","1","1","2"
"文母皇太后","1","1","2"
"大司马孔永","1","1","2"
"始建国八年","1","1","2"
"明年改元曰","2","0","2"
"天凤元年正","1","1","2"
"凤元年正月","1","1","2"
"年文母圣体","1","1","2"
"北阙直城门","1","1","2"
"阙直城门屋","1","1","2"
"部监二十五","1","1","2"
"监二十五人","1","1","2"
"属县满三十","1","1","2"
"置六郊州长","1","1","2"
"百二十五郡","1","1","2"
"陈钦等十八","1","1","2"
"钦等十八人","1","1","2"
"延德侯陈茂","1","1","2"
"五威将琅邪","1","1","2"
"遣捕盗将军","1","1","2"
"捕盗将军孔","1","1","2"
"盗将军孔仁","1","1","2"
"将军孙建死","1","1","2"
"宁始将军戴","1","1","2"
"始将军戴参","1","1","2"
"南城将军廉","1","1","2"
"城将军廉丹","1","1","2"
"三年二月乙","1","1","2"
"司空王邑上","1","1","2"
"太官膳羞备","2","0","2"
"东方三州一","1","1","2"
"方三州一部","1","1","2"
"三州一部二","1","1","2"
"西方一州二","1","1","2"
"方一州二部","1","1","2"
"一州二部二","1","1","2"
"州二部二十","1","1","2"
"二部二十五","1","1","2"
"北方二州一","1","1","2"
"长平馆西岸","1","1","2"
"游击都尉任","1","1","2"
"击都尉任萌","1","1","2"
"都尉任萌等","1","1","2"
"大司马陈茂","1","1","2"
"武建伯严尤","1","1","2"
"王路朱鸟门","1","1","2"
"使五威将王","1","1","2"
"师友祭酒唐","1","1","2"
"友祭酒唐林","1","1","2"
"谏议祭酒琅","1","1","2"
"议祭酒琅邪","1","1","2"
"纳言掌货大","1","1","2"
"言掌货大夫","1","1","2"
"长二尺五寸","1","1","2"
"司马司允费","1","1","2"
"马司允费兴","1","1","2"
"郡尹县宰家","1","1","2"
"始建国二年","1","1","2"
"皇孙功崇公","1","1","2"
"卫将军王兴","1","1","2"
"万六千岁历","2","0","2"
"复位后大司","1","1","2"
"位后大司马","1","1","2"
"后大司马护","1","1","2"
"司马护军郭","1","1","2"
"马护军郭兴","1","1","2"
"太傅牺叔士","1","1","2"
"傅牺叔士孙","1","1","2"
"牺叔士孙喜","1","1","2"
"匈奴右骨都","1","1","2"
"奴右骨都侯","1","1","2"
"大司马严尤","1","1","2"
"上大司马武","1","1","2"
"大司马武建","1","1","2"
"司马武建伯","1","1","2"
"降符伯董忠","1","1","2"
"翼平连率田","2","0","2"
"平连率田况","2","0","2"
"连率韩博上","1","1","2"
"遣大将一人","1","1","2"
"地皇元年正","1","1","2"
"皇元年正月","1","1","2"
"兆域大将军","1","1","2"
"域大将军王","1","1","2"
"大将军王匡","1","1","2"
"莽见四方盗","2","0","2"
"见四方盗贼","2","0","2"
"四方盗贼多","2","0","2"
"置大司马五","1","1","2"
"大司马五人","1","1","2"
"将军二十五","1","1","2"
"军二十五人","1","1","2"
"二百五十人","1","1","2"
"司马三万七","1","1","2"
"马三万七千","1","1","2"
"三万七千五","1","1","2"
"七千五百人","1","1","2"
"候十一万二","1","1","2"
"二十二万五","1","1","2"
"二万五千人","1","1","2"
"四十五万人","1","1","2"
"三百五十万","1","1","2"
"百五十万人","1","1","2"
"立安新迁王","2","0","2"
"西厢后阁更","2","0","2"
"厢后阁更衣","2","0","2"
"毁王路西厢","1","1","2"
"阁更衣中室","1","1","2"
"昭宁堂池东","1","1","2"
"宁堂池东南","1","1","2"
"所谓新迁王","1","1","2"
"侍中常侍执","1","1","2"
"中常侍执法","1","1","2"
"常侍执法杜","1","1","2"
"侍执法杜林","1","1","2"
"执法杜林等","1","1","2"
"黄帝太初祖","1","1","2"
"帝太初祖庙","1","1","2"
"陈胡王统祖","1","1","2"
"胡王统祖穆","1","1","2"
"王统祖穆庙","1","1","2"
"齐敬王世祖","1","1","2"
"敬王世祖昭","1","1","2"
"王世祖昭庙","1","1","2"
"济北愍王王","1","1","2"
"北愍王王祖","1","1","2"
"愍王王祖穆","1","1","2"
"王王祖穆庙","1","1","2"
"济南伯王尊","1","1","2"
"元城孺王尊","1","1","2"
"阳平顷王戚","1","1","2"
"新都显王戚","1","1","2"
"太初祖庙东","1","1","2"
"初祖庙东西","1","1","2"
"祖庙东西南","1","1","2"
"庙东西南北","1","1","2"
"遣三公大夫","1","1","2"
"货钱二十五","1","1","2"
"太傅平晏死","1","1","2"
"渭陵长寿园","1","1","2"
"陵长寿园西","1","1","2"
"骑将军同说","1","1","2"
"将军同说侯","1","1","2"
"置捕盗都尉","1","1","2"
"遣太师牺仲","1","1","2"
"更始将军护","1","1","2"
"始将军护军","1","1","2"
"将军护军王","1","1","2"
"军护军王党","1","1","2"
"侍中掌牧大","1","1","2"
"中掌牧大夫","1","1","2"
"掌牧大夫李","1","1","2"
"遣中散大夫","1","1","2"
"四十五人分","1","1","2"
"长乐宫铜人","1","1","2"
"遣虎贲武士","1","1","2"
"力士三百人","1","1","2"
"女子迟昭平","1","1","2"
"子迟昭平能","1","1","2"
"太傅平化侯","1","1","2"
"国师嘉信公","1","1","2"
"师嘉信公颠","1","1","2"
"嘉信公颠倒","1","1","2"
"地理侯孙阳","1","1","2"
"邯淡里附城","1","1","2"
"神明圣祖黄","1","1","2"
"遣太师王匡","1","1","2"
"岳太师特进","1","1","2"
"大使五威司","1","1","2"
"使五威司命","1","1","2"
"位右大司马","1","1","2"
"更始将军平","1","1","2"
"始将军平均","1","1","2"
"将军平均侯","1","1","2"
"地皇三十年","1","1","2"
"平林陈牧等","1","1","2"
"遣司命大将","1","1","2"
"司命大将军","1","1","2"
"命大将军孔","1","1","2"
"大将军孔仁","1","1","2"
"纳言大将军","1","1","2"
"言大将军严","1","1","2"
"大将军严尤","1","1","2"
"秩宗大将军","1","1","2"
"宗大将军陈","1","1","2"
"大将军陈茂","1","1","2"
"中黄门王业","1","1","2"
"王隆等二十","1","1","2"
"皇祖考黄帝","1","1","2"
"大将军阳浚","1","1","2"
"太师王匡等","1","1","2"
"遣风俗大夫","1","1","2"
"风俗大夫司","1","1","2"
"俗大夫司国","1","1","2"
"大夫司国宪","1","1","2"
"夫司国宪等","1","1","2"
"问太史令宗","1","1","2"
"下江王常等","1","1","2"
"众数十万人","2","0","2"
"黄金三万斤","1","1","2"
"美人二十七","1","1","2"
"御人八十一","1","1","2"
"赐宝货五千","1","1","2"
"宝货五千万","1","1","2"
"兖州牧寿良","1","1","2"
"亟进所部州","2","0","2"
"进所部州郡","2","0","2"
"所部州郡兵","2","0","2"
"部州郡兵凡","2","0","2"
"纳言将军严","1","1","2"
"言将军严尤","1","1","2"
"秩宗将军陈","1","1","2"
"宗将军陈茂","1","1","2"
"骑将军王巡","1","1","2"
"左队大夫王","1","1","2"
"队大夫王吴","1","1","2"
"大司空隆新","1","1","2"
"司空隆新公","1","1","2"
"遣七公干士","1","1","2"
"七公干士隗","1","1","2"
"公干士隗嚣","1","1","2"
"干士隗嚣等","1","1","2"
"士隗嚣等七","1","1","2"
"隗嚣等七十","1","1","2"
"嚣等七十二","1","1","2"
"等七十二人","1","1","2"
"七十二人分","1","1","2"
"虎牙五威兵","1","1","2"
"四十二万人","1","1","2"
"学男张邯称","1","1","2"
"卫将军王涉","1","1","2"
"道士西门君","1","1","2"
"士西门君惠","1","1","2"
"莽遣使者分","2","0","2"
"侍中王望传","1","1","2"
"山仙人掌旁","1","1","2"
"大长秋张邯","1","1","2"
"右庚刻木校","1","1","2"
"庚刻木校尉","1","1","2"
"前丙耀金都","1","1","2"
"丙耀金都尉","1","1","2"
"雍州牧陈庆","1","1","2"
"称辅汉左将","1","1","2"
"辅汉左将军","1","1","2"
"进攻右队大","1","1","2"
"攻右队大夫","1","1","2"
"右队大夫宋","1","1","2"
"队大夫宋纲","1","1","2"
"丞相司直李","1","1","2"
"相司直李松","1","1","2"
"遣偏将军韩","1","1","2"
"偏将军韩臣","1","1","2"
"将军韩臣等","1","1","2"
"何况长安城","1","1","2"
"中常侍王参","1","1","2"
"常侍王参等","1","1","2"
"商人杜吴杀","1","1","2"
"曹部监杜普","1","1","2"
"钟武侯刘圣","1","1","2"
"武侯刘圣聚","1","1","2"
"姓诸侯王表","1","1","2"
"外戚恩泽侯","1","1","2"
"戚恩泽侯表","1","1","2"
"百官公卿表","1","1","2"
"韩彭英卢吴","1","1","2"
"彭英卢吴传","1","1","2"
"萧何曹参传","1","1","2"
"张陈王周传","1","1","2"
"樊郦滕灌傅","1","1","2"
"郦滕灌傅靳","1","1","2"
"滕灌傅靳周","1","1","2"
"灌傅靳周传","1","1","2"
"郦陆朱娄叔","1","1","2"
"陆朱娄叔孙","1","1","2"
"朱娄叔孙传","1","1","2"
"淮南衡山济","1","1","2"
"南衡山济北","1","1","2"
"衡山济北传","1","1","2"
"蒯伍江息夫","1","1","2"
"伍江息夫传","1","1","2"
"万石卫直周","1","1","2"
"石卫直周张","1","1","2"
"卫直周张传","1","1","2"
"张冯汲郑传","1","1","2"
"贾邹枚路传","1","1","2"
"窦田灌韩传","1","1","2"
"景十三王传","1","1","2"
"李广苏建传","1","1","2"
"公孙弘卜式","1","1","2"
"张骞李广利","1","1","2"
"骞李广利传","1","1","2"
"严朱吾丘主","1","1","2"
"朱吾丘主父","1","1","2"
"吾丘主父徐","1","1","2"
"丘主父徐严","1","1","2"
"主父徐严终","1","1","2"
"父徐严终王","1","1","2"
"杨胡朱梅云","1","1","2"
"胡朱梅云传","1","1","2"
"傅常郑甘陈","1","1","2"
"常郑甘陈段","1","1","2"
"郑甘陈段传","1","1","2"
"王贡两龚鲍","1","1","2"
"贡两龚鲍传","1","1","2"
"魏相丙吉传","1","1","2"
"匡张孔马传","1","1","2"
"谷永杜邺传","1","1","2"
"南阳堵阳人","1","1","2"
"唐姬生长沙","1","1","2"
"姬生长沙定","1","1","2"
"生长沙定王","1","1","2"
"山东诸儒多","1","1","2"
"幸姬陶望卿","1","1","2"
"王后脩生太","1","1","2"
"后脩生太子","1","1","2"
"太中大夫公","1","1","2"
"裨王呼毒尼","1","1","2"
"皇曾孙收养","1","1","2"
"勃举太官献","1","1","2"
"举太官献丞","1","1","2"
"太官献丞陈","1","1","2"
"官献丞陈汤","1","1","2"
"安世长子千","1","1","2"
"世长子千秋","1","1","2"
"兵随度辽将","1","1","2"
"随度辽将军","1","1","2"
"范明友击乌","1","1","2"
"明友击乌桓","1","1","2"
"光持刑罚严","1","1","2"
"大宛皆合约","1","1","2"
"宛皆合约杀","1","1","2"
"皆合约杀期","1","1","2"
"合约杀期门","1","1","2"
"约杀期门车","1","1","2"
"杀期门车令","1","1","2"
"兴减死罪一","1","1","2"
"陈万年字幼","1","1","2"
"万年字幼公","1","1","2"
"甘延寿字君","1","1","2"
"延寿字君况","1","1","2"
"北地郁郅人","1","1","2"
"琅邪皋虞人","1","1","2"
"君子乐节礼","1","1","2"
"子乐节礼乐","1","1","2"
"渤海高城人","1","1","2"
"诸葛丰字少","1","1","2"
"葛丰字少季","1","1","2"
"王皇后生孝","1","1","2"
"皇后生孝成","1","1","2"
"后生孝成帝","1","1","2"
"傅昭仪生定","1","1","2"
"昭仪生定陶","1","1","2"
"仪生定陶共","1","1","2"
"定陶共王康","2","0","2"
"冯昭仪生中","1","1","2"
"昭仪生中山","1","1","2"
"仪生中山孝","1","1","2"
"中山孝王兴","2","0","2"
"永光三年立","1","1","2"
"朱博字子元","1","1","2"
"翟方进字子","1","1","2"
"方进字子威","1","1","2"
"汝南上蔡人","1","1","2"
"谷永字子云","1","1","2"
"杜邺字子夏","1","1","2"
"魏郡繁阳人","1","1","2"
"封傅太后同","1","1","2"
"何武字君公","1","1","2"
"蜀郡郫县人","1","1","2"
"平陵士孙张","1","1","2"
"陵士孙张仲","1","1","2"
"士孙张仲方","1","1","2"
"沛邓彭祖子","1","1","2"
"邓彭祖子夏","1","1","2"
"齐衡咸长宾","1","1","2"
"授同县李寻","1","1","2"
"郑宽中少君","1","1","2"
"信都秦恭延","1","1","2"
"都秦恭延君","1","1","2"
"陈留假仓子","1","1","2"
"留假仓子骄","1","1","2"
"授同郡蔡谊","1","1","2"
"梁人桥仁季","1","1","2"
"人桥仁季卿","1","1","2"
"房凤字子元","1","1","2"
"左右大都尉","1","1","2"
"属国都尉郭","1","1","2"
"国都尉郭忠","1","1","2"
"南粤王赵佗","1","1","2"
"车师君一人","2","0","2"
"长安六千八","1","1","2"
"安六千八百","1","1","2"
"王治精绝城","1","1","2"
"长安九千六","1","1","2"
"安九千六百","1","1","2"
"九千六百七","1","1","2"
"王治蒲犁谷","1","1","2"
"长安九千五","1","1","2"
"安九千五百","1","1","2"
"九千五百五","1","1","2"
"治乐越匿地","1","1","2"
"左右译长一","2","0","2"
"右译长一人","2","0","2"
"王治尉头谷","1","1","2"
"八千六百五","1","1","2"
"大昆弥治赤","1","1","2"
"昆弥治赤谷","1","1","2"
"弥治赤谷城","1","1","2"
"八千九百里","1","1","2"
"左右大将二","1","1","2"
"右大将二人","1","1","2"
"舍中大吏二","1","1","2"
"中大吏二人","1","1","2"
"长安七千四","1","1","2"
"安七千四百","1","1","2"
"七千四百八","1","1","2"
"四百八十里","1","1","2"
"左右力辅君","1","1","2"
"东西南北部","1","1","2"
"西南北部千","1","1","2"
"南北部千长","1","1","2"
"龟兹五百八","1","1","2"
"兹五百八十","1","1","2"
"五百八十里","1","1","2"
"王治尉犁城","1","1","2"
"长安六千七","1","1","2"
"安六千七百","1","1","2"
"击胡左右君","1","1","2"
"归义车师君","1","1","2"
"护治所千二","2","0","2"
"治所千二百","2","0","2"
"王治番渠类","1","1","2"
"治番渠类谷","1","1","2"
"长安八千七","1","1","2"
"安八千七百","1","1","2"
"王治天山西","1","1","2"
"治天山西疏","1","1","2"
"天山西疏榆","1","1","2"
"山西疏榆谷","1","1","2"
"四百八十七","1","1","2"
"尉犁二百四","1","1","2"
"犁二百四十","1","1","2"
"危须二百六","1","1","2"
"须二百六十","1","1","2"
"二百六十里","1","1","2"
"百三十七里","1","1","2"
"元年封吕公","1","1","2"
"大司徒就德","1","1","2"
"司徒就德侯","1","1","2"
"徒就德侯平","1","1","2"
"就德侯平晏","1","1","2"
"丕进侯王寻","1","1","2"
"步兵将军成","1","1","2"
"兵将军成都","1","1","2"
"将军成都侯","1","1","2"
"军成都侯王","1","1","2"
"卫将军广阳","1","1","2"
"将军广阳侯","1","1","2"
"军广阳侯甄","1","1","2"
"广阳侯甄丰","1","1","2"
"置大司马司","1","1","2"
"大司空司若","1","1","2"
"五百一十一","1","1","2"
"百一十一人","1","1","2"
"二十四元士","1","1","2"
"宁始将军侯","1","1","2"
"始将军侯辅","1","1","2"
"将军侯辅免","1","1","2"
"高惠高后孝","1","1","2"
"惠高后孝文","1","1","2"
"高后孝文功","1","1","2"
"后孝文功臣","1","1","2"
"孝文功臣侯","1","1","2"
"文功臣侯表","1","1","2"
"景武昭宣元","1","1","2"
"武昭宣元成","1","1","2"
"昭宣元成哀","1","1","2"
"宣元成哀功","1","1","2"
"元成哀功臣","1","1","2"
"成哀功臣侯","1","1","2"
"哀功臣侯表","1","1","2"
"陈胜项籍传","1","1","2"
"魏豹田儋韩","1","1","2"
"豹田儋韩信","1","1","2"
"田儋韩信传","1","1","2"
"公孙刘田杨","1","1","2"
"孙刘田杨王","1","1","2"
"刘田杨王蔡","1","1","2"
"田杨王蔡陈","1","1","2"
"杨王蔡陈郑","1","1","2"
"王蔡陈郑传","1","1","2"
"赵充国辛庆","1","1","2"
"充国辛庆忌","1","1","2"
"国辛庆忌传","1","1","2"
"眭两夏侯京","1","1","2"
"两夏侯京翼","1","1","2"
"夏侯京翼李","1","1","2"
"侯京翼李传","1","1","2"
"赵尹韩张两","1","1","2"
"尹韩张两王","1","1","2"
"韩张两王传","1","1","2"
"盖诸葛刘郑","1","1","2"
"诸葛刘郑毋","1","1","2"
"葛刘郑毋将","1","1","2"
"刘郑毋将孙","1","1","2"
"郑毋将孙何","1","1","2"
"毋将孙何传","1","1","2"
"宣元六王传","1","1","2"
"王商史丹傅","1","1","2"
"商史丹傅喜","1","1","2"
"史丹傅喜传","1","1","2"
"何武王嘉师","1","1","2"
"武王嘉师丹","1","1","2"
"王嘉师丹传","1","1","2"
"西南夷两越","1","1","2"
"南夷两越朝","1","1","2"
"夷两越朝鲜","1","1","2"
"两越朝鲜传","1","1","2"
"典属国公孙","1","1","2"
"属国公孙昆","1","1","2"
"国公孙昆邪","1","1","2"
"都尉六十三","1","1","2"
"尉六十三人","1","1","2"
"周公作礼乐","1","1","2"
"九江越五河","1","1","2"
"补廷尉文学","1","1","2"
"廷尉文学卒","1","1","2"
"尉文学卒史","1","1","2"
"桑迁通经术","1","1","2"
"骨肉亲属莫","1","1","2"
"京房字君明","1","1","2"
"翼奉字少君","1","1","2"
"六情十二律","1","1","2"
"李寻字子长","1","1","2"
"王尊字子赣","1","1","2"
"涿郡高阳人","1","1","2"
"王章字仲卿","1","1","2"
"盖宽饶字次","1","1","2"
"宽饶字次公","1","1","2"
"岁寒然后知","1","1","2"
"寒然后知松","1","1","2"
"师安昌侯张","1","1","2"
"师丹字仲公","1","1","2"
"琅邪东武人","1","1","2"
"扬雄字子云","1","1","2"
"揽道德精刚","1","1","2"
"子墨客卿问","1","1","2"
"墨客卿问翰","1","1","2"
"客卿问翰林","1","1","2"
"卿问翰林主","1","1","2"
"问翰林主人","1","1","2"
"翰林主人曰","2","0","2"
"百四十三表","1","1","2"
"拟道德仁义","1","1","2"
"孟喜字长卿","1","1","2"
"梁丘贺字长","1","1","2"
"丘贺字长翁","1","1","2"
"十篇文言解","1","1","2"
"篇文言解说","1","1","2"
"文言解说上","1","1","2"
"言解说上下","1","1","2"
"解说上下经","1","1","2"
"林尊字长宾","1","1","2"
"张山拊字长","1","1","2"
"山拊字长宾","1","1","2"
"王式字翁思","1","1","2"
"胡母生字子","1","1","2"
"母生字子都","1","1","2"
"严彭祖字公","1","1","2"
"彭祖字公子","1","1","2"
"天凤二年五","1","1","2"
"凤二年五月","1","1","2"
"丁业等六人","1","1","2"
"送右厨唯姑","1","1","2"
"右厨唯姑夕","1","1","2"
"弟日贰所杀","1","1","2"
"就看不起这","0","2","2"
"看不起这些","0","2","2"
"们共同分享","0","2","2"
"天下已经统","0","2","2"
"下已经统一","0","2","2"
"都是皇帝所","0","2","2"
"到妥善处理","0","2","2"
"是不正常的","0","2","2"
"什么办法来","0","2","2"
"得到百姓的","0","2","2"
"发放养老粮","0","2","2"
"放养老粮时","0","2","2"
"而地方官吏","0","2","2"
"地方官吏又","0","2","2"
"能给百姓带","0","2","2"
"给百姓带来","0","2","2"
"从事商业的","0","2","2"
"赦免七国之","0","2","2"
"是地方官吏","0","2","2"
"将当地居民","0","2","2"
"都收兵回朝","0","2","2"
"嫡长子孙的","0","2","2"
"成帝开始在","0","2","2"
"帝开始在长","0","2","2"
"所到的郡国","0","2","2"
"的历史教训","0","2","2"
"前所犯的过","0","2","2"
"所犯的过失","0","2","2"
"从子时开始","0","2","2"
"开始运行的","0","2","2"
"说他坏话的","0","2","2"
"他坏话的人","0","2","2"
"交给法官审","0","2","2"
"给法官审讯","0","2","2"
"可以成为天","0","2","2"
"就是说的这","0","2","2"
"恭敬地服从","0","2","2"
"也就安定了","0","2","2"
"鸟羽牦牛尾","0","2","2"
"羽牦牛尾装","0","2","2"
"牦牛尾装饰","0","2","2"
"牛尾装饰的","0","2","2"
"尾装饰的旌","0","2","2"
"就像山一样","0","2","2"
"帝王的美德","0","2","2"
"万物生长茂","0","2","2"
"物生长茂盛","0","2","2"
"就没有别的","0","2","2"
"来教导他们","0","2","2"
"的人都为此","0","2","2"
"人都为此感","0","2","2"
"都为此感到","0","2","2"
"我没有看见","0","2","2"
"没有看见它","0","2","2"
"有看见它的","0","2","2"
"应仔细加以","0","2","2"
"仔细加以考","0","2","2"
"有罪考虑减","0","2","2"
"罪考虑减免","0","2","2"
"可考虑减免","0","2","2"
"有罪可以减","0","2","2"
"罪可以减免","0","2","2"
"审理官司的","0","2","2"
"理官司的人","0","2","2"
"追求的是怎","0","2","2"
"盐铁的利润","0","2","2"
"积居奇的商","0","2","2"
"不进行祭祀","0","2","2"
"没有德行而","0","2","2"
"按一年四季","0","2","2"
"询问公孙卿","0","2","2"
"是不会来的","0","2","2"
"主事的大臣","0","2","2"
"的真实情况","0","2","2"
"时观测判定","0","2","2"
"观测判定时","0","2","2"
"测判定时令","0","2","2"
"判定时令时","0","2","2"
"从东向西逆","0","2","2"
"东向西逆行","0","2","2"
"的运行情况","0","2","2"
"属五行中的","0","2","2"
"又有什么不","0","2","2"
"示其分野之","0","2","2"
"地有战争发","0","2","2"
"发生的地方","0","2","2"
"有战争发生","0","2","2"
"发生在分野","0","2","2"
"生在分野之","0","2","2"
"在分野之地","0","2","2"
"星光闪动的","0","2","2"
"远方少数民","0","2","2"
"然之性是能","0","2","2"
"之性是能向","0","2","2"
"现在出现了","0","2","2"
"降灾的原因","0","2","2"
"所以错就错","0","2","2"
"以错就错在","0","2","2"
"把这一情况","0","2","2"
"说明他的心","0","2","2"
"似奇装异服","0","2","2"
"另一种说法","0","2","2"
"最为尊贵的","0","2","2"
"为尊贵的地","0","2","2"
"把他们赶走","0","2","2"
"怪异的应验","0","2","2"
"而治天下的","0","2","2"
"而张皇自大","0","2","2"
"鲁桓公杀死","0","2","2"
"天子的军队","0","2","2"
"百姓中有人","0","2","2"
"不明的现象","0","2","2"
"中可以看到","0","2","2"
"这裹土是潮","0","2","2"
"裹土是潮湿","0","2","2"
"土是潮湿的","0","2","2"
"是潮湿的泥","0","2","2"
"地得到治理","0","2","2"
"可以居住了","0","2","2"
"都治理得很","0","2","2"
"的土地都要","0","2","2"
"以德行作为","0","2","2"
"没有违抗我","0","2","2"
"有违抗我的","0","2","2"
"没有什么变","0","2","2"
"王菱时叫塑","0","2","2"
"他们在一起","0","2","2"
"在一起相互","0","2","2"
"到了它的好","0","2","2"
"了它的好处","0","2","2"
"什么地方?","0","2","2"
"治理河水的","0","2","2"
"也就出现了","0","2","2"
"表达出来就","0","2","2"
"达出来就称","0","2","2"
"缺疑不写的","0","2","2"
"疑不写的地","0","2","2"
"不写的地方","0","2","2"
"弄虚作假而","0","2","2"
"为天下人带","0","2","2"
"天下人带个","0","2","2"
"下人带个头","0","2","2"
"就召见了他","0","2","2"
"趁机利用他","0","2","2"
"机利用他们","0","2","2"
"用他们的疲","0","2","2"
"他们的疲惫","0","2","2"
"于是设酒宴","0","2","2"
"于是把他的","0","2","2"
"已疲惫不堪","0","2","2"
"了这个建议","0","2","2"
"责备陈余说","0","2","2"
"认为这话很","0","2","2"
"为这话很对","0","2","2"
"他的话有道","0","2","2"
"的话有道理","0","2","2"
"有位宾客劝","0","2","2"
"位宾客劝张","0","2","2"
"宾客劝张耳","0","2","2"
"都是皇帝的","0","2","2"
"我们的王又","0","2","2"
"事情成功了","0","2","2"
"事情失败了","0","2","2"
"是因为趟王","0","2","2"
"趟王没有谋","0","2","2"
"说了事情的","0","2","2"
"而称王的人","0","2","2"
"皇上答应了","0","2","2"
"上答应了他","0","2","2"
"是为什么?","0","2","2"
"让他做一名","0","2","2"
"他做一名将","0","2","2"
"做一名将领","0","2","2"
"强大的敌人","0","2","2"
"我的见识浅","0","2","2"
"漂洗丝棉絮","0","2","2"
"下爬过去的","0","2","2"
"什么可怕的","0","2","2"
"去朝见皇帝","0","2","2"
"把蒯通召来","0","2","2"
"天太阳出来","0","2","2"
"本该像是这","0","2","2"
"该像是这样","0","2","2"
"像是这样吗","0","2","2"
"说明了情况","0","2","2"
"是胜是败的","0","2","2"
"胜是败的情","0","2","2"
"是败的情况","0","2","2"
"败的情况就","0","2","2"
"的情况就难","0","2","2"
"情况就难以","0","2","2"
"况就难以预","0","2","2"
"就难以预料","0","2","2"
"难以预料了","0","2","2"
"采用什么计","0","2","2"
"派范齐到陈","0","2","2"
"范齐到陈稀","0","2","2"
"嫡子以外的","0","2","2"
"王对汉廷的","0","2","2"
"三个诸侯国","0","2","2"
"卖官爵的事","0","2","2"
"官爵的事犯","0","2","2"
"这样做呢?","0","2","2"
"非常恭敬地","0","2","2"
"自己的兄弟","0","2","2"
"如果裹面没","0","2","2"
"果裹面没有","0","2","2"
"有值得要的","0","2","2"
"即使没有石","0","2","2"
"是老百姓的","0","2","2"
"一些年轻人","0","2","2"
"这是第一个","0","2","2"
"这是第二个","0","2","2"
"这是第三个","0","2","2"
"这是第五个","0","2","2"
"天比一天更","0","2","2"
"所率领的士","0","2","2"
"领的士卒多","0","2","2"
"的士卒多作","0","2","2"
"士卒多作为","0","2","2"
"卒多作为高","0","2","2"
"多作为高祖","0","2","2"
"作为高祖的","0","2","2"
"为高祖的开","0","2","2"
"高祖的开路","0","2","2"
"祖的开路先","0","2","2"
"的开路先锋","0","2","2"
"跟随沛公在","0","2","2"
"听到这些话","0","2","2"
"送周勃代替","0","2","2"
"周勃代替樊","0","2","2"
"勃代替樊啥","0","2","2"
"任代国丞相","0","2","2"
"使者去命令","0","2","2"
"到其他地方","0","2","2"
"其他地方去","0","2","2"
"军队可以不","0","2","2"
"秦二世命令","0","2","2"
"是根据当时","0","2","2"
"让他们躲藏","0","2","2"
"他们躲藏起","0","2","2"
"们躲藏起来","0","2","2"
"淮南王于是","0","2","2"
"徐公连连拜","0","2","2"
"公连连拜谢","0","2","2"
"听从了郦食","0","2","2"
"从了郦食其","0","2","2"
"了郦食其的","0","2","2"
"况且我听说","0","2","2"
"不高兴地说","0","2","2"
"您凭什么说","0","2","2"
"接连不断地","0","2","2"
"迁到长安城","0","2","2"
"到长安城中","0","2","2"
"居住的街巷","0","2","2"
"便接受他们","0","2","2"
"把责任推给","0","2","2"
"为是理所当","0","2","2"
"好好对待他","0","2","2"
"把实情告诉","0","2","2"
"王差篡位后","0","2","2"
"了他们的意","0","2","2"
"疲惫不堪的","0","2","2"
"一只猫头鹰","0","2","2"
"占卜吉凶的","0","2","2"
"地游说秦国","0","2","2"
"一个接一个","0","2","2"
"得天地之道","0","2","2"
"天地之道的","0","2","2"
"地之道的真","0","2","2"
"之道的真人","0","2","2"
"惜自己的生","0","2","2"
"希望不要忽","0","2","2"
"望不要忽视","0","2","2"
"吴王谋反的","0","2","2"
"王谋反的事","0","2","2"
"比他们还要","0","2","2"
"关系亲近的","0","2","2"
"系亲近的同","0","2","2"
"亲近的同姓","0","2","2"
"近的同姓王","0","2","2"
"说关系疏远","0","2","2"
"关系疏远的","0","2","2"
"一定会反叛","0","2","2"
"可是并没有","0","2","2"
"那么最好让","0","2","2"
"么最好让他","0","2","2"
"最好让他们","0","2","2"
"好让他们像","0","2","2"
"其他诸侯国","0","2","2"
"分成若干小","0","2","2"
"成若干小国","0","2","2"
"全部让他们","0","2","2"
"于诸侯王的","0","2","2"
"封他的子孙","0","2","2"
"原来的土地","0","2","2"
"肿得差不多","0","2","2"
"还苦于脚掌","0","2","2"
"苦于脚掌扭","0","2","2"
"于脚掌扭折","0","2","2"
"王的儿子是","0","2","2"
"的儿子是陛","0","2","2"
"儿子是陛下","0","2","2"
"王的是陛下","0","2","2"
"哥哥的孙子","0","2","2"
"造就是我所","0","2","2"
"而献计的人","0","2","2"
"献计的人却","0","2","2"
"计的人却说","0","2","2"
"改变这种状","0","2","2"
"变这种状况","0","2","2"
"是这样的事","0","2","2"
"这样的事啊","0","2","2"
"的地方没有","0","2","2"
"选择天子的","0","2","2"
"必须先使他","0","2","2"
"然后才能去","0","2","2"
"法是不同的","0","2","2"
"人怎么可以","0","2","2"
"他们就甘愿","0","2","2"
"们就甘愿做","0","2","2"
"发泄心中的","0","2","2"
"皇上没有采","0","2","2"
"上没有采纳","0","2","2"
"天下贤能的","0","2","2"
"下贤能的士","0","2","2"
"使百姓富裕","0","2","2"
"自己的好恶","0","2","2"
"朝廷大臣中","0","2","2"
"这不是你们","0","2","2"
"是把女儿嫁","0","2","2"
"人之所以能","0","2","2"
"能成为贵人","0","2","2"
"是由于您的","0","2","2"
"是贵不可言","0","2","2"
"不得而知了","0","2","2"
"一位老妈妈","0","2","2"
"心中暗自高","0","2","2"
"中暗自高兴","0","2","2"
"陈涉在蕲县","0","2","2"
"涉在蕲县起","0","2","2"
"在蕲县起义","0","2","2"
"官吏以响应","0","2","2"
"吏以响应陈","0","2","2"
"以响应陈涉","0","2","2"
"人的力量来","0","2","2"
"开城门迎接","0","2","2"
"深恐力不胜","0","2","2"
"恐力不胜任","0","2","2"
"是一件大事","0","2","2"
"秦二世二年","0","2","2"
"沛公领兵到","0","2","2"
"沛公的左司","0","2","2"
"公的左司马","0","2","2"
"沛公与项羽","0","2","2"
"驻兵于彭城","0","2","2"
"兵于彭城之","0","2","2"
"项羽为鲁公","0","2","2"
"打败并杀死","0","2","2"
"的一些老将","0","2","2"
"沛公在成武","0","2","2"
"的军队会合","0","2","2"
"齐王田建之","0","2","2"
"王田建之孙","0","2","2"
"田建之孙田","0","2","2"
"建之孙田安","0","2","2"
"的弟弟郦商","0","2","2"
"秦二世派人","0","2","2"
"危险的道路","0","2","2"
"无后顾之忧","0","2","2"
"经过之处不","0","2","2"
"秦大将章邯","0","2","2"
"皇帝的玉玺","0","2","2"
"中有人建议","0","2","2"
"公一再推辞","0","2","2"
"增加百姓负","0","2","2"
"加百姓负担","0","2","2"
"投降了项羽","0","2","2"
"扼守函谷关","0","2","2"
"左司马曹无","0","2","2"
"司马曹无伤","0","2","2"
"沛公想当关","0","2","2"
"公想当关中","0","2","2"
"想当关中王","0","2","2"
"现在听说他","0","2","2"
"是帝王之气","0","2","2"
"我之所以派","0","2","2"
"为了防备其","0","2","2"
"不如就此机","0","2","2"
"如就此机会","0","2","2"
"将军同心协","0","2","2"
"军同心协力","0","2","2"
"先进入关中","0","2","2"
"舞剑以助酒","0","2","2"
"剑以助酒兴","0","2","2"
"没有什么为","0","2","2"
"以致失去了","0","2","2"
"并没有什么","0","2","2"
"汉高祖二年","0","2","2"
"尊怀王为义","0","2","2"
"怀王的命令","0","2","2"
"魏王豹为西","0","2","2"
"王豹为西魏","0","2","2"
"豹为西魏王","0","2","2"
"齐将田都为","0","2","2"
"将田都为齐","0","2","2"
"赵王歇为代","0","2","2"
"王歇为代王","0","2","2"
"与各诸侯国","0","2","2"
"汉王烧毁栈","0","2","2"
"王烧毁栈道","0","2","2"
"所属将士都","0","2","2"
"按照韩信的","0","2","2"
"齐王田市到","0","2","2"
"王田市到胶","0","2","2"
"士卒一万余","0","2","2"
"卒一万余人","0","2","2"
"塞王司马欣","0","2","2"
"项羽因为张","0","2","2"
"羽因为张良","0","2","2"
"令郑昌为韩","0","2","2"
"郑昌为韩王","0","2","2"
"信给项羽说","0","2","2"
"王派遣将军","0","2","2"
"攻击常山王","0","2","2"
"立陈余为代","0","2","2"
"陈余为代王","0","2","2"
"废除秦朝的","0","2","2"
"汉王和他谈","0","2","2"
"王和他谈话","0","2","2"
"四海之内都","0","2","2"
"使者遍告诸","0","2","2"
"者遍告诸侯","0","2","2"
"汉王得以乘","0","2","2"
"五诸侯之兵","0","2","2"
"封彭越为魏","0","2","2"
"彭越为魏相","0","2","2"
"越为魏相国","0","2","2"
"领精兵三万","0","2","2"
"吕后从小道","0","2","2"
"劝说九江王","0","2","2"
"能夺取天下","0","2","2"
"尚未成年的","0","2","2"
"与汉王会师","0","2","2"
"打败了楚军","0","2","2"
"汉王派韩信","0","2","2"
"信为左丞相","0","2","2"
"俘虏了魏王","0","2","2"
"因此汉王得","0","2","2"
"此汉王得以","0","2","2"
"项王一定会","0","2","2"
"一定能打败","0","2","2"
"项羽听说汉","0","2","2"
"羽听说汉王","0","2","2"
"彭越渡过睢","0","2","2"
"越渡过睢水","0","2","2"
"项羽已经打","0","2","2"
"羽已经打败","0","2","2"
"到阳夏南部","0","2","2"
"彭越本来平","0","2","2"
"越本来平定","0","2","2"
"本来平定了","0","2","2"
"来平定了梁","0","2","2"
"平定了梁地","0","2","2"
"谷城的地区","0","2","2"
"东至于渤海","0","2","2"
"于是汉王派","0","2","2"
"英布与刘贾","0","2","2"
"四人为列侯","0","2","2"
"项羽所立的","0","2","2"
"地已经平定","0","2","2"
"为他的封地","0","2","2"
"原衡山王吴","0","2","2"
"诸位侯王都","0","2","2"
"都得到封地","0","2","2"
"臣民的愿望","0","2","2"
"汉王即皇帝","0","2","2"
"番君吴芮为","0","2","2"
"诸为闽粤王","0","2","2"
"现在天下已","0","2","2"
"恢复原有的","0","2","2"
"七大夫以上","0","2","2"
"收取赋税的","0","2","2"
"爵级在七大","0","2","2"
"级在七大夫","0","2","2"
"在七大夫以","0","2","2"
"大夫以下的","0","2","2"
"宫举行宴会","0","2","2"
"能充分发挥","0","2","2"
"充分发挥他","0","2","2"
"分发挥他们","0","2","2"
"发挥他们的","0","2","2"
"田横害怕被","0","2","2"
"赦免田横的","0","2","2"
"立他为燕王","0","2","2"
"楚王韩信要","0","2","2"
"王韩信要谋","0","2","2"
"韩信要谋反","0","2","2"
"要判处死刑","0","2","2"
"群臣都知道","0","2","2"
"都知道皇上","0","2","2"
"夏五月二十","0","2","2"
"逃亡到匈奴","0","2","2"
"的部将曼丘","0","2","2"
"部将曼丘臣","0","2","2"
"与匈奴联合","0","2","2"
"手指的占十","0","2","2"
"指的占十分","0","2","2"
"的占十分之","0","2","2"
"占十分之二","0","2","2"
"十分之二三","0","2","2"
"时经过赵地","0","2","2"
"壮丽的宫殿","0","2","2"
"因为天下还","0","2","2"
"为天下还未","0","2","2"
"巡行到洛阳","0","2","2"
"逮捕了赵王","0","2","2"
"七月十四日","0","2","2"
"建立太上皇","0","2","2"
"地的吏民是","0","2","2"
"的吏民是无","0","2","2"
"吏民是无罪","0","2","2"
"民是无罪的","0","2","2"
"皇上高兴地","0","2","2"
"是没有什么","0","2","2"
"没有什么能","0","2","2"
"有什么能耐","0","2","2"
"还没有完全","0","2","2"
"们所知道的","0","2","2"
"兵一万余人","0","2","2"
"被诛灭三族","0","2","2"
"中选择可以","0","2","2"
"没有统一的","0","2","2"
"者没有超过","0","2","2"
"天下的贤才","0","2","2"
"上天的威灵","0","2","2"
"贤士大夫的","0","2","2"
"赞阝侯萧何","0","2","2"
"一部分划入","0","2","2"
"迁入关中的","0","2","2"
"的都免除徭","0","2","2"
"都免除徭役","0","2","2"
"立赵佗为南","0","2","2"
"赵佗为南粤","0","2","2"
"佗为南粤王","0","2","2"
"皇上于是征","0","2","2"
"为皇太子的","0","2","2"
"自己的故乡","0","2","2"
"有反叛之相","0","2","2"
"在你的身上","0","2","2"
"免除其他赋","0","2","2"
"除其他赋役","0","2","2"
"派辟阳侯审","0","2","2"
"说有病不能","0","2","2"
"的封为列侯","0","2","2"
"官吏二千石","0","2","2"
"代代免除赋","0","2","2"
"天下的贤士","0","2","2"
"病情逐渐加","0","2","2"
"情逐渐加重","0","2","2"
"陈平智谋有","0","2","2"
"平智谋有余","0","2","2"
"的一定是周","0","2","2"
"一定是周勃","0","2","2"
"四月二十五","0","2","2"
"四月二十八","0","2","2"
"叔孙通制定","0","2","2"
"年四月去世","0","2","2"
"赐臣民爵位","0","2","2"
"官任职满六","0","2","2"
"任职满六年","0","2","2"
"职满六年的","0","2","2"
"郎任职不满","0","2","2"
"五百石以下","0","2","2"
"百石以下至","0","2","2"
"石以下至佐","0","2","2"
"以下至佐吏","0","2","2"
"二十斤黄金","0","2","2"
"百石以上以","0","2","2"
"石以上以及","0","2","2"
"赵隐王如意","0","2","2"
"修筑长安城","0","2","2"
"鲁元公主为","0","2","2"
"征发长安六","0","2","2"
"男女民工十","0","2","2"
"女民工十四","0","2","2"
"民工十四万","0","2","2"
"工期三十天","0","2","2"
"嫁给匈奴单","0","2","2"
"人到长安筑","0","2","2"
"到长安筑城","0","2","2"
"帝四年冬十","0","2","2"
"免除其徭役","0","2","2"
"三月十七日","0","2","2"
"秋七月二十","0","2","2"
"凌室发生火","0","2","2"
"万五千人到","0","2","2"
"十五岁以上","0","2","2"
"汉高祖平定","0","2","2"
"封侯的有三","0","2","2"
"元公主的女","0","2","2"
"之子立为太","0","2","2"
"将功劳簿藏","0","2","2"
"功劳簿藏于","0","2","2"
"劳簿藏于高","0","2","2"
"与绛侯周勃","0","2","2"
"能继承大统","0","2","2"
"当天下的重","0","2","2"
"天下的重任","0","2","2"
"宗庙社稷的","0","2","2"
"匈奴入侵狄","0","2","2"
"奴入侵狄道","0","2","2"
"吕禄为上将","0","2","2"
"禄为上将军","0","2","2"
"五月十九日","0","2","2"
"身份不相称","0","2","2"
"丞相陈平等","0","2","2"
"都赐爵关内","0","2","2"
"与太尉周勃","0","2","2"
"丞相陈平为","0","2","2"
"琅王牙王刘","0","2","2"
"王牙王刘泽","0","2","2"
"将军灌婴领","0","2","2"
"军灌婴领兵","0","2","2"
"高帝与吕后","0","2","2"
"回到封国去","0","2","2"
"平阳侯曹纜","0","2","2"
"的情况告诉","0","2","2"
"现在的地位","0","2","2"
"君临天下的","0","2","2"
"帝封子弟为","0","2","2"
"封子弟为王","0","2","2"
"不必有所顾","0","2","2"
"相以下的官","0","2","2"
"赐片刻时间","0","2","2"
"的皇位继承","0","2","2"
"想危害刘氏","0","2","2"
"赏赐天下男","0","2","2"
"将军薄昭去","0","2","2"
"邑各三千户","0","2","2"
"刘泽为燕王","0","2","2"
"都归还原主","0","2","2"
"是为了尊崇","0","2","2"
"有崇高德行","0","2","2"
"崇高德行的","0","2","2"
"了贤德之人","0","2","2"
"己的儿子继","0","2","2"
"各侯王列侯","0","2","2"
"这是天下的","0","2","2"
"立太子以安","0","2","2"
"以安定四海","0","2","2"
"不是高皇帝","0","2","2"
"上终于同意","0","2","2"
"终于同意了","0","2","2"
"赐天下人民","0","2","2"
"承人的爵一","0","2","2"
"人的爵一级","0","2","2"
"帮助天下的","0","2","2"
"年在八十以","0","2","2"
"加封宋昌为","0","2","2"
"封邑三百户","0","2","2"
"食邑四百户","0","2","2"
"向朝廷进贡","0","2","2"
"直言敢谏的","0","2","2"
"言敢谏的人","0","2","2"
"下诏令各位","0","2","2"
"是天下之本","0","2","2"
"朕亲自领人","0","2","2"
"朕甚为同情","0","2","2"
"参为太原王","0","2","2"
"古代治理天","0","2","2"
"代治理天下","0","2","2"
"就无法听到","0","2","2"
"所赖以生存","0","2","2"
"赖以生存的","0","2","2"
"进行农耕以","0","2","2"
"阴侯灌婴为","0","2","2"
"灌婴为丞相","0","2","2"
"皇上驾临甘","0","2","2"
"上驾临甘泉","0","2","2"
"派丞相灌婴","0","2","2"
"于是下诏令","0","2","2"
"下诏令罢免","0","2","2"
"食邑各二千","0","2","2"
"废除盗铸钱","0","2","2"
"黄河在东郡","0","2","2"
"事农业的人","0","2","2"
"没有明确的","0","2","2"
"人民的表率","0","2","2"
"宗庙祭祀之","0","2","2"
"北地都尉孙","0","2","2"
"侯张相如为","0","2","2"
"张相如为大","0","2","2"
"相如为大将","0","2","2"
"如为大将军","0","2","2"
"为百姓祈祷","0","2","2"
"与百姓同享","0","2","2"
"言极谏的人","0","2","2"
"令天下欢饮","0","2","2"
"吏二千石及","0","2","2"
"和睦相处的","0","2","2"
"结为兄弟之","0","2","2"
"人民的愿望","0","2","2"
"是天地间的","0","2","2"
"以细末之身","0","2","2"
"于上天的威","0","2","2"
"不能善始善","0","2","2"
"有什么应该","0","2","2"
"中令张武为","0","2","2"
"一万六千人","0","2","2"
"先帝的宫室","0","2","2"
"为天下的表","0","2","2"
"与匈奴结为","0","2","2"
"是汉文帝的","0","2","2"
"文帝的太子","0","2","2"
"太子继承帝","0","2","2"
"氏为太皇太","0","2","2"
"孤独无依的","0","2","2"
"让无罪的人","0","2","2"
"也是古代的","0","2","2"
"孝文皇帝的","0","2","2"
"识所不及的","0","2","2"
"因此高皇帝","0","2","2"
"皇帝庙应为","0","2","2"
"帝庙应为帝","0","2","2"
"庙应为帝家","0","2","2"
"应为帝家的","0","2","2"
"为帝家的太","0","2","2"
"皇太后驾崩","0","2","2"
"景帝三年冬","0","2","2"
"济南王刘辟","0","2","2"
"南王刘辟光","0","2","2"
"景帝下诏说","0","2","2"
"不忍绳之以","0","2","2"
"忍绳之以法","0","2","2"
"赏赐民爵位","0","2","2"
"承人的爵位","0","2","2"
"人的爵位一","0","2","2"
"的爵位一级","0","2","2"
"派光禄大夫","0","2","2"
"主持追悼活","0","2","2"
"持追悼活动","0","2","2"
"不得超过三","0","2","2"
"西北天空出","0","2","2"
"北天空出现","0","2","2"
"天空出现彗","0","2","2"
"皇太后去世","0","2","2"
"九月三十日","0","2","2"
"八月二十二","0","2","2"
"丞相的职务","0","2","2"
"是用以禁暴","0","2","2"
"用以禁暴止","0","2","2"
"以禁暴止邪","0","2","2"
"者不可复生","0","2","2"
"皇帝驾临雍","0","2","2"
"帝驾临雍地","0","2","2"
"为民表率的","0","2","2"
"与普通百姓","0","2","2"
"侧屏障为红","0","2","2"
"屏障为红色","0","2","2"
"千石至六百","0","2","2"
"石至六百石","0","2","2"
"至六百石的","0","2","2"
"有失体统的","0","2","2"
"匈奴入侵雁","0","2","2"
"奴入侵雁门","0","2","2"
"是重要的事","0","2","2"
"宗庙祭祀的","0","2","2"
"朕甚为惋惜","0","2","2"
"廉洁之士不","0","2","2"
"现特令郡国","0","2","2"
"为父亲继承","0","2","2"
"父亲继承人","0","2","2"
"亲继承人的","0","2","2"
"免除终身徭","0","2","2"
"除终身徭役","0","2","2"
"的免除全家","0","2","2"
"夏四月初九","0","2","2"
"四月初九日","0","2","2"
"派遣使者用","0","2","2"
"黄河水泛滥","0","2","2"
"济川王刘明","0","2","2"
"平原君去世","0","2","2"
"皇上着素服","0","2","2"
"上着素服五","0","2","2"
"先帝的大业","0","2","2"
"是各位大夫","0","2","2"
"夫韩安国为","0","2","2"
"韩安国为护","0","2","2"
"安国为护军","0","2","2"
"国为护军将","0","2","2"
"为护军将军","0","2","2"
"公孙贺为轻","0","2","2"
"孙贺为轻车","0","2","2"
"贺为轻车将","0","2","2"
"为轻车将军","0","2","2"
"大行王恢为","0","2","2"
"行王恢为将","0","2","2"
"王恢为将屯","0","2","2"
"恢为将屯将","0","2","2"
"大夫李息为","0","2","2"
"夫李息为材","0","2","2"
"李息为材官","0","2","2"
"息为材官将","0","2","2"
"奴多次侵犯","0","2","2"
"多次侵犯边","0","2","2"
"次侵犯边境","0","2","2"
"所以派遣将","0","2","2"
"派将军韩安","0","2","2"
"宣传朝廷德","0","2","2"
"传朝廷德政","0","2","2"
"变社会风气","0","2","2"
"是五帝三王","0","2","2"
"五帝三王之","0","2","2"
"是不能胜任","0","2","2"
"不能胜任其","0","2","2"
"能胜任其职","0","2","2"
"斩获敌首数","0","2","2"
"获敌首数千","0","2","2"
"敌首数千级","0","2","2"
"三百万以上","0","2","2"
"发生大旱灾","0","2","2"
"青率领六名","0","2","2"
"率领六名将","0","2","2"
"领六名将军","0","2","2"
"军及士兵十","0","2","2"
"及士兵十余","0","2","2"
"为博士弟子","0","2","2"
"首一万九千","0","2","2"
"一万九千级","0","2","2"
"获得白麒麟","0","2","2"
"衡山王刘赐","0","2","2"
"皇帝派专使","0","2","2"
"蒙冤失其常","0","2","2"
"春三月初八","0","2","2"
"三月初八日","0","2","2"
"四万余人来","0","2","2"
"何曾孙萧庆","0","2","2"
"曾孙萧庆为","0","2","2"
"匈奴入侵右","0","2","2"
"奴入侵右北","0","2","2"
"入侵右北平","0","2","2"
"管官员认为","0","2","2"
"而失其常业","0","2","2"
"民饥寒交迫","0","2","2"
"到各地检查","0","2","2"
"嘉为周子南","0","2","2"
"为周子南君","0","2","2"
"叛军已被打","0","2","2"
"军已被打败","0","2","2"
"就改此地为","0","2","2"
"派横海将军","0","2","2"
"夏四月初七","0","2","2"
"四月初七日","0","2","2"
"皇上从泰山","0","2","2"
"七十岁以上","0","2","2"
"现于东井星","0","2","2"
"于东井星区","0","2","2"
"又有彗星出","0","2","2"
"星出现在三","0","2","2"
"出现在三台","0","2","2"
"现在三台星","0","2","2"
"将军以下都","0","2","2"
"军以下都背","0","2","2"
"所经过之地","0","2","2"
"人出击朝鲜","0","2","2"
"平定西南夷","0","2","2"
"以其地为乐","0","2","2"
"其地为乐浪","0","2","2"
"受郡国所上","0","2","2"
"现在赦天下","0","2","2"
"现赦免汾阴","0","2","2"
"光禄勋徐自","0","2","2"
"禄勋徐自为","0","2","2"
"将军韩说领","0","2","2"
"使者前来朝","0","2","2"
"者前来朝献","0","2","2"
"挥霍浪费的","0","2","2"
"三万骑兵出","0","2","2"
"各侯王在甘","0","2","2"
"侯王在甘泉","0","2","2"
"王在甘泉宫","0","2","2"
"在甘泉宫朝","0","2","2"
"军李广利领","0","2","2"
"领六万骑兵","0","2","2"
"贰师将军会","0","2","2"
"师将军会师","0","2","2"
"将军与匈奴","0","2","2"
"匈奴王单于","0","2","2"
"交纳五十万","0","2","2"
"赦免天下罪","0","2","2"
"免天下罪人","0","2","2"
"赐各侯王以","0","2","2"
"下令天下欢","0","2","2"
"鳏寡孤独每","0","2","2"
"寡孤独每人","0","2","2"
"在交门宫祭","0","2","2"
"交门宫祭祀","0","2","2"
"有蛇从城外","0","2","2"
"城内的蛇被","0","2","2"
"关闭长安城","0","2","2"
"犯巫蛊之罪","0","2","2"
"在太子宫中","0","2","2"
"兵与丞相刘","0","2","2"
"四万骑兵出","0","2","2"
"怀孕十四个","0","2","2"
"孕十四个月","0","2","2"
"将军霍光主","0","2","2"
"军霍光主持","0","2","2"
"将军金日石","0","2","2"
"军金日石单","0","2","2"
"州刺史隽不","0","2","2"
"刺史隽不疑","0","2","2"
"上官桀为安","0","2","2"
"官桀为安阳","0","2","2"
"桀为安阳侯","0","2","2"
"帝后元二年","0","2","2"
"千石以下及","0","2","2"
"的贤良文学","0","2","2"
"苏武为典属","0","2","2"
"武为典属国","0","2","2"
"内史因不如","0","2","2"
"史因不如实","0","2","2"
"以官职之事","0","2","2"
"胪田广明率","0","2","2"
"燕王刘旦与","0","2","2"
"安父子与大","0","2","2"
"父子与大将","0","2","2"
"子与大将军","0","2","2"
"此时昭帝年","0","2","2"
"立燕王为天","0","2","2"
"燕王为天子","0","2","2"
"范明友为度","0","2","2"
"明友为度辽","0","2","2"
"友为度辽将","0","2","2"
"为度辽将军","0","2","2"
"二月二十一","0","2","2"
"明友为平陵","0","2","2"
"友为平陵侯","0","2","2"
"正殿发生火","0","2","2"
"殿发生火灾","0","2","2"
"免罪为平民","0","2","2"
"派度辽将军","0","2","2"
"摄政辅幼主","0","2","2"
"政辅幼主的","0","2","2"
"外与匈奴和","0","2","2"
"狱中有天子","0","2","2"
"京师诸官府","0","2","2"
"去了解民情","0","2","2"
"派宗正刘德","0","2","2"
"侯王以下的","0","2","2"
"鳏寡孤独都","0","2","2"
"进入长乐宫","0","2","2"
"持朝廷符节","0","2","2"
"将军霍光一","0","2","2"
"以安定宗庙","0","2","2"
"光禄大夫丙","0","2","2"
"禄大夫丙吉","0","2","2"
"中原郡国举","0","2","2"
"文学高第各","0","2","2"
"学高第各一","0","2","2"
"高第各一人","0","2","2"
"下至中都官","0","2","2"
"百户赐牛肉","0","2","2"
"户赐牛肉及","0","2","2"
"赐牛肉及酒","0","2","2"
"太子在湖县","0","2","2"
"继承祖宗大","0","2","2"
"承祖宗大业","0","2","2"
"乌孙的汉朝","0","2","2"
"使者向朝廷","0","2","2"
"兵攻入匈奴","0","2","2"
"已派遣使者","0","2","2"
"郡国有四十","0","2","2"
"的地方山崩","0","2","2"
"灾异的出现","0","2","2"
"朕继承大业","0","2","2"
"朕深为惶恐","0","2","2"
"中二千石及","0","2","2"
"中原郡国各","0","2","2"
"给百姓造成","0","2","2"
"辅佐孝昭皇","0","2","2"
"佐孝昭皇帝","0","2","2"
"让天下黎民","0","2","2"
"将军霍光的","0","2","2"
"从丞相以下","0","2","2"
"丞相以下各","0","2","2"
"上下同心同","0","2","2"
"下同心同德","0","2","2"
"唐尧虞舜也","0","2","2"
"升至二千石","0","2","2"
"鳏寡孤独与","0","2","2"
"贫困的百姓","0","2","2"
"朕德行不足","0","2","2"
"增加百姓的","0","2","2"
"百姓的负担","0","2","2"
"这不是一种","0","2","2"
"令郡国推举","0","2","2"
"郡国推举孝","0","2","2"
"俸禄六百石","0","2","2"
"封外祖母为","0","2","2"
"外祖母为博","0","2","2"
"祖母为博平","0","2","2"
"母为博平君","0","2","2"
"这是不可能","0","2","2"
"子藏匿犯罪","0","2","2"
"父母匿犯罪","0","2","2"
"母匿犯罪的","0","2","2"
"访问民间疾","0","2","2"
"问民间疾苦","0","2","2"
"而瘐死狱中","0","2","2"
"弘扬先帝的","0","2","2"
"扬先帝的丰","0","2","2"
"职守的官吏","0","2","2"
"使朕感到满","0","2","2"
"朕感到满意","0","2","2"
"赏赐丞相以","0","2","2"
"赐丞相以下","0","2","2"
"高年赐帛若","0","2","2"
"年赐帛若干","0","2","2"
"二千石各自","0","2","2"
"现令郡国受","0","2","2"
"令郡国受灾","0","2","2"
"免出今年租","0","2","2"
"出今年租税","0","2","2"
"朕十分同情","0","2","2"
"赏赐天下官","0","2","2"
"赐天下官吏","0","2","2"
"天下官吏爵","0","2","2"
"下官吏爵二","0","2","2"
"官吏爵二级","0","2","2"
"彭祖为阳都","0","2","2"
"祖为阳都侯","0","2","2"
"派遣大中大","0","2","2"
"遣大中大夫","0","2","2"
"品学兼优的","0","2","2"
"现赏赐天下","0","2","2"
"百姓爵一级","0","2","2"
"翁归之子黄","0","2","2"
"归之子黄金","0","2","2"
"以奉其父祭","0","2","2"
"奉其父祭祀","0","2","2"
"恐不能副上","0","2","2"
"不能副上天","0","2","2"
"子百户牛酒","0","2","2"
"上郡的骑士","0","2","2"
"守辛武贤为","0","2","2"
"辛武贤为破","0","2","2"
"武贤为破羌","0","2","2"
"贤为破羌将","0","2","2"
"朱邑之子黄","0","2","2"
"邑之子黄金","0","2","2"
"甘露降集于","0","2","2"
"露降集于京","0","2","2"
"降集于京师","0","2","2"
"设置金城属","0","2","2"
"奴单于派遣","0","2","2"
"是难以做到","0","2","2"
"难以做到的","0","2","2"
"赏黄金百斤","0","2","2"
"令郡国举荐","0","2","2"
"为父的继承","0","2","2"
"父的继承人","0","2","2"
"继承人的赏","0","2","2"
"承人的赏爵","0","2","2"
"人的赏爵一","0","2","2"
"翊韩延寿有","0","2","2"
"韩延寿有罪","0","2","2"
"年春正月二","0","2","2"
"多次侵扰边","0","2","2"
"来归顺汉朝","0","2","2"
"天显示异兆","0","2","2"
"太上皇庙发","0","2","2"
"上皇庙发生","0","2","2"
"皇庙发生火","0","2","2"
"赐女子每百","0","2","2"
"下诏令有关","0","2","2"
"先京都而后","0","2","2"
"陛下的圣德","0","2","2"
"位在各侯王","0","2","2"
"在各侯王之","0","2","2"
"朝的统治之","0","2","2"
"韩邪单于稽","0","2","2"
"邪单于稽侯","0","2","2"
"皇帝登上渭","0","2","2"
"帝登上渭桥","0","2","2"
"派长乐卫尉","0","2","2"
"领一万六千","0","2","2"
"傅萧望之等","0","2","2"
"废为平民迁","0","2","2"
"为平民迁于","0","2","2"
"平民迁于房","0","2","2"
"民迁于房陵","0","2","2"
"冬十月二十","0","2","2"
"对此不以为","0","2","2"
"冬十二月初","0","2","2"
"十二月初七","0","2","2"
"尊皇太后为","0","2","2"
"恭哀许皇后","0","2","2"
"帝继承帝位","0","2","2"
"王的母亲张","0","2","2"
"时依靠许氏","0","2","2"
"春正月初四","0","2","2"
"正月初四日","0","2","2"
"列侯以黄金","0","2","2"
"给种子与粮","0","2","2"
"同母弟之子","0","2","2"
"次发生地震","0","2","2"
"慰问耆老鳏","0","2","2"
"问耆老鳏寡","0","2","2"
"耆老鳏寡孤","0","2","2"
"老鳏寡孤独","0","2","2"
"相及二千石","0","2","2"
"严重的免出","0","2","2"
"重的免出租","0","2","2"
"的免出租赋","0","2","2"
"属于少府的","0","2","2"
"马一匹至八","0","2","2"
"一匹至八匹","0","2","2"
"五十户赏牛","0","2","2"
"十户赏牛酒","0","2","2"
"入匈奴地区","0","2","2"
"德不足以安","0","2","2"
"陇西郡发生","0","2","2"
"郡发生地震","0","2","2"
"日夜战战兢","0","2","2"
"朕深为哀怜","0","2","2"
"以方便百姓","0","2","2"
"方便百姓的","0","2","2"
"可以逐条上","0","2","2"
"以逐条上奏","0","2","2"
"敢于直言极","0","2","2"
"言极谏之士","0","2","2"
"朕将亲自阅","0","2","2"
"将亲自阅览","0","2","2"
"一年中几次","0","2","2"
"前将军望之","0","2","2"
"人人都自以","0","2","2"
"人都自以为","0","2","2"
"赐臣民爵一","0","2","2"
"宗室男子谱","0","2","2"
"谱上有名者","0","2","2"
"冬十一月初","0","2","2"
"以致有的人","0","2","2"
"吏六百石以","0","2","2"
"勤于政事的","0","2","2"
"于政事的官","0","2","2"
"政事的官吏","0","2","2"
"赐牛酒若干","0","2","2"
"这都是朕的","0","2","2"
"赏赐民爵一","0","2","2"
"孝悌力田帛","0","2","2"
"悌力田帛若","0","2","2"
"力田帛若干","0","2","2"
"任千秋为奋","0","2","2"
"为奋威将军","0","2","2"
"不能有效地","0","2","2"
"使百姓疲于","0","2","2"
"用严刑峻法","0","2","2"
"严刑峻法的","0","2","2"
"现赦免天下","0","2","2"
"贷给贫民的","0","2","2"
"百姓安居乐","0","2","2"
"姓安居乐业","0","2","2"
"这是天下所","0","2","2"
"严肃思考上","0","2","2"
"肃思考上天","0","2","2"
"思考上天所","0","2","2"
"卫思后园陵","0","2","2"
"戾太子园陵","0","2","2"
"不是长久之","0","2","2"
"十二月十六","0","2","2"
"六月初五日","0","2","2"
"七月二十八","0","2","2"
"郅支单于背","0","2","2"
"支单于背叛","0","2","2"
"单于背叛礼","0","2","2"
"于背叛礼义","0","2","2"
"三月十四日","0","2","2"
"帝庙发生火","0","2","2"
"元帝认为他","0","2","2"
"认为他无能","0","2","2"
"恭王多才多","0","2","2"
"傅昭仪又受","0","2","2"
"正月初一日","0","2","2"
"星出现在营","0","2","2"
"出现在营室","0","2","2"
"现在营室星","0","2","2"
"辅朕的不足","0","2","2"
"于未央宫殿","0","2","2"
"有十分之四","0","2","2"
"赏赐孝悌力","0","2","2"
"赐孝悌力田","0","2","2"
"孝悌力田爵","0","2","2"
"悌力田爵二","0","2","2"
"的赈贷免收","0","2","2"
"都各得其所","0","2","2"
"郡国举荐贤","0","2","2"
"国举荐贤良","0","2","2"
"到公车官署","0","2","2"
"履行自己的","0","2","2"
"行自己的职","0","2","2"
"举荐敦厚有","0","2","2"
"行能直言的","0","2","2"
"天地四时的","0","2","2"
"上没有什么","0","2","2"
"一百八十人","0","2","2"
"盗出武库兵","0","2","2"
"出武库兵器","0","2","2"
"努力从事农","0","2","2"
"力从事农业","0","2","2"
"御史大夫于","0","2","2"
"史大夫于永","0","2","2"
"加赐鳏寡孤","0","2","2"
"那将是何等","0","2","2"
"将是何等困","0","2","2"
"是何等困难","0","2","2"
"直言的人才","0","2","2"
"冬十一月十","0","2","2"
"派遣使者到","0","2","2"
"护为广汉太","0","2","2"
"为广汉太守","0","2","2"
"也发生火灾","0","2","2"
"百姓疲劳不","0","2","2"
"姓疲劳不堪","0","2","2"
"将军王音去","0","2","2"
"赐爵为五大","0","2","2"
"十万以上的","0","2","2"
"多次上奏说","0","2","2"
"侍中尉淳于","0","2","2"
"中尉淳于长","0","2","2"
"使百姓得以","0","2","2"
"百姓得以康","0","2","2"
"姓得以康宁","0","2","2"
"百姓失其常","0","2","2"
"姓失其常业","0","2","2"
"民间的疾苦","0","2","2"
"有关机构恢","0","2","2"
"关机构恢复","0","2","2"
"恢复甘泉泰","0","2","2"
"变异的原因","0","2","2"
"要有所隐讳","0","2","2"
"将军王商去","0","2","2"
"军王商去世","0","2","2"
"赏赐各有差","0","2","2"
"赐各有差别","0","2","2"
"二王的后代","0","2","2"
"太后诏令有","0","2","2"
"后诏令有关","0","2","2"
"恢复长安南","0","2","2"
"是汉元帝的","0","2","2"
"认为中山王","0","2","2"
"舅骠骑将军","0","2","2"
"孙刘景为定","0","2","2"
"奉定陶恭王","0","2","2"
"绥和二年三","0","2","2"
"和二年三月","0","2","2"
"太后为恭皇","0","2","2"
"后为恭皇太","0","2","2"
"为恭皇太后","0","2","2"
"丁姬为恭皇","0","2","2"
"姬为恭皇后","0","2","2"
"太后之父为","0","2","2"
"加封一万户","0","2","2"
"的首要任务","0","2","2"
"列侯在长安","0","2","2"
"公主在各县","0","2","2"
"超过三十顷","0","2","2"
"没收入县官","0","2","2"
"百石以下的","0","2","2"
"继承大统的","0","2","2"
"不满十万的","0","2","2"
"定陶恭皇的","0","2","2"
"以建平二年","0","2","2"
"建平二年为","0","2","2"
"平二年为太","0","2","2"
"二年为太初","0","2","2"
"为太初元将","0","2","2"
"号称陈圣刘","0","2","2"
"称陈圣刘太","0","2","2"
"以使国家长","0","2","2"
"宫正殿火灾","0","2","2"
"祭祀西王母","0","2","2"
"告发东平王","0","2","2"
"而封为列侯","0","2","2"
"百姓愁苦怨","0","2","2"
"姓愁苦怨恨","0","2","2"
"是正月初一","0","2","2"
"侯王莽为大","0","2","2"
"大鸿胪左贤","0","2","2"
"皇太后诏迎","0","2","2"
"太后诏迎中","0","2","2"
"后诏迎中山","0","2","2"
"诏迎中山王","0","2","2"
"为孝成皇后","0","2","2"
"迁徙到合浦","0","2","2"
"天下重新开","0","2","2"
"下重新开始","0","2","2"
"有关官员在","0","2","2"
"有罪过的人","0","2","2"
"完全背离了","0","2","2"
"赏赐天下臣","0","2","2"
"赐天下臣民","0","2","2"
"下臣民爵一","0","2","2"
"东平王刘云","0","2","2"
"平王刘云的","0","2","2"
"刘云的太子","0","2","2"
"时所经过的","0","2","2"
"所经过的县","0","2","2"
"在元寿二年","0","2","2"
"派少傅左将","0","2","2"
"张敖玄孙张","0","2","2"
"敖玄孙张庆","0","2","2"
"玄孙张庆忌","0","2","2"
"分配给贫民","0","2","2"
"于长安城中","0","2","2"
"巡视边防部","0","2","2"
"视边防部队","0","2","2"
"汉公王莽之","0","2","2"
"的等级规定","0","2","2"
"自称为将军","0","2","2"
"这是古代圣","0","2","2"
"是古代圣王","0","2","2"
"九卿以下至","0","2","2"
"五大夫以上","0","2","2"
"十二州的名","0","2","2"
"列侯一百二","0","2","2"
"侯一百二十","0","2","2"
"也不能互相","0","2","2"
"将情况报告","0","2","2"
"也不能进行","0","2","2"
"这是关系到","0","2","2"
"是关系到国","0","2","2"
"关系到国家","0","2","2"
"是不能更改","0","2","2"
"刑法搁置不","0","2","2"
"法搁置不用","0","2","2"
"大的诸侯国","0","2","2"
"并山东六国","0","2","2"
"造成这样的","0","2","2"
"齐国和趟国","0","2","2"
"国分成六个","0","2","2"
"梁国分成五","0","2","2"
"不能参与政","0","2","2"
"这是为了使","0","2","2"
"的一百多人","0","2","2"
"羲和刘歆等","0","2","2"
"产生于黄钟","0","2","2"
"生于黄钟的","0","2","2"
"于黄钟的律","0","2","2"
"一乘以三的","0","2","2"
"三的十一次","0","2","2"
"的十一次方","0","2","2"
"的计算方法","0","2","2"
"君臣的地位","0","2","2"
"黄钟的音律","0","2","2"
"太平的时代","0","2","2"
"间数字是五","0","2","2"
"间数字是六","0","2","2"
"颜色崇尚黄","0","2","2"
"使万物萌芽","0","2","2"
"气极盛的地","0","2","2"
"极盛的地方","0","2","2"
"律长有九寸","0","2","2"
"上天的规律","0","2","2"
"万物得以生","0","2","2"
"物得以生长","0","2","2"
"是五常中的","0","2","2"
"五常中的仁","0","2","2"
"五常中的义","0","2","2"
"所在的月份","0","2","2"
"它的含义用","0","2","2"
"所以放一个","0","2","2"
"以放一个就","0","2","2"
"放一个就得","0","2","2"
"用天地五位","0","2","2"
"天地五位的","0","2","2"
"地五位的最","0","2","2"
"五位的最后","0","2","2"
"位的最后一","0","2","2"
"的最后一个","0","2","2"
"最后一个数","0","2","2"
"有一千五百","0","2","2"
"百三十九年","0","2","2"
"就形成了十","0","2","2"
"来乘以六十","0","2","2"
"天地所有的","0","2","2"
"得六百四十","0","2","2"
"数的中间数","0","2","2"
"中正的意思","0","2","2"
"一万九千六","0","2","2"
"五万九千零","0","2","2"
"千零四十九","0","2","2"
"这是由于阴","0","2","2"
"的情况就可","0","2","2"
"就可以看出","0","2","2"
"可以看出来","0","2","2"
"是黄钟的长","0","2","2"
"钟的长度平","0","2","2"
"的长度平分","0","2","2"
"长度平分成","0","2","2"
"度平分成三","0","2","2"
"林钟的长度","0","2","2"
"三再增加一","0","2","2"
"再增加一份","0","2","2"
"平分为三减","0","2","2"
"分为三减去","0","2","2"
"为三减去其","0","2","2"
"吕平分为三","0","2","2"
"钟平分为三","0","2","2"
"制作的方法","0","2","2"
"作的方法是","0","2","2"
"的方法是用","0","2","2"
"方法是用铜","0","2","2"
"是阴阳的具","0","2","2"
"阴阳的具体","0","2","2"
"本来起源于","0","2","2"
"来起源于黄","0","2","2"
"一黄钟竹管","0","2","2"
"还有剩余的","0","2","2"
"这是阴阳的","0","2","2"
"聚集在一起","0","2","2"
"斗柄所指的","0","2","2"
"柄所指的方","0","2","2"
"物体的重量","0","2","2"
"铢的两倍就","0","2","2"
"的两倍就是","0","2","2"
"八种变化的","0","2","2"
"共有三百八","0","2","2"
"有三百八十","0","2","2"
"是一个月的","0","2","2"
"到石就是最","0","2","2"
"石就是最重","0","2","2"
"就是最重的","0","2","2"
"表明一年有","0","2","2"
"重一百二十","0","2","2"
"一千九百二","0","2","2"
"万六千零八","0","2","2"
"是一万一千","0","2","2"
"意义都是一","0","2","2"
"义都是一样","0","2","2"
"有谋略的人","0","2","2"
"阴气使万物","0","2","2"
"所以制作了","0","2","2"
"向天下宣告","0","2","2"
"依照人的情","0","2","2"
"照人的情性","0","2","2"
"衹有圣明的","0","2","2"
"明的人才能","0","2","2"
"命南正重掌","0","2","2"
"南正重掌管","0","2","2"
"正重掌管天","0","2","2"
"重掌管天文","0","2","2"
"推算曰月星","0","2","2"
"算曰月星辰","0","2","2"
"曰月星辰的","0","2","2"
"月星辰的运","0","2","2"
"星辰的运行","0","2","2"
"有三百六十","0","2","2"
"形成一年的","0","2","2"
"的服饰的颜","0","2","2"
"秦兼并天下","0","2","2"
"承袭了秦朝","0","2","2"
"袭了秦朝的","0","2","2"
"司马迁等人","0","2","2"
"上于是就命","0","2","2"
"帝王一定要","0","2","2"
"历法和服饰","0","2","2"
"没有重复的","0","2","2"
"与天地相匹","0","2","2"
"天地相匹配","0","2","2"
"的制度已经","0","2","2"
"作为万代的","0","2","2"
"于是下诏命","0","2","2"
"是下诏命令","0","2","2"
"命令御史道","0","2","2"
"一些人询问","0","2","2"
"但还没有完","0","2","2"
"这件事感到","0","2","2"
"感到很为难","0","2","2"
"百一十七年","0","2","2"
"究历法的人","0","2","2"
"共有二十多","0","2","2"
"又重新开始","0","2","2"
"皇上便下令","0","2","2"
"不正确的地","0","2","2"
"正确的地方","0","2","2"
"任命他为太","0","2","2"
"二十七年后","0","2","2"
"皇帝上书说","0","2","2"
"是上天所为","0","2","2"
"十多人一同","0","2","2"
"共有十一家","0","2","2"
"张寿王的历","0","2","2"
"寿王的历法","0","2","2"
"汉朝的历法","0","2","2"
"从黄帝以来","0","2","2"
"有三千六百","0","2","2"
"穿儒生的衣","0","2","2"
"儒生的衣服","0","2","2"
"犯大逆不道","0","2","2"
"经过了三十","0","2","2"
"了三十六年","0","2","2"
"中和之气而","0","2","2"
"共二百四十","0","2","2"
"四十二年的","0","2","2"
"气的中和之","0","2","2"
"周朝王道衰","0","2","2"
"朝王道衰微","0","2","2"
"鲁国的历法","0","2","2"
"冬眠的动物","0","2","2"
"闰月没有颁","0","2","2"
"月没有颁布","0","2","2"
"没有颁布朔","0","2","2"
"一百多年了","0","2","2"
"中的佼佼者","0","2","2"
"记载春王正","0","2","2"
"载春王正月","0","2","2"
"以九作为除","0","2","2"
"九作为除数","0","2","2"
"是天地的常","0","2","2"
"由此而产生","0","2","2"
"即使没有事","0","2","2"
"使没有事件","0","2","2"
"没有事件也","0","2","2"
"有事件也要","0","2","2"
"事件也要记","0","2","2"
"有固定的对","0","2","2"
"固定的对应","0","2","2"
"定的对应关","0","2","2"
"的对应关系","0","2","2"
"用其中之一","0","2","2"
"用三乘以闰","0","2","2"
"三乘以闰法","0","2","2"
"用三乘以统","0","2","2"
"再过七百二","0","2","2"
"过七百二十","0","2","2"
"七百二十年","0","2","2"
"再过六百年","0","2","2"
"人民的方法","0","2","2"
"用什么来治","0","2","2"
"什么来治理","0","2","2"
"来治理人民","0","2","2"
"正月辛亥是","0","2","2"
"月辛亥是朔","0","2","2"
"辛亥是朔日","0","2","2"
"昭公二十年","0","2","2"
"大火星出现","0","2","2"
"在商朝是四","0","2","2"
"商朝是四月","0","2","2"
"在周朝是五","0","2","2"
"周朝是五月","0","2","2"
"运行的规律","0","2","2"
"一千零八十","0","2","2"
"五星运行都","0","2","2"
"星运行都能","0","2","2"
"运行都能俱","0","2","2"
"行都能俱终","0","2","2"
"会合的年数","0","2","2"
"都能俱终相","0","2","2"
"四万零五百","0","2","2"
"朔望相会数","0","2","2"
"八千零八十","0","2","2"
"二万零七百","0","2","2"
"千零七十九","0","2","2"
"二千零三十","0","2","2"
"一千七百一","0","2","2"
"一万零五百","0","2","2"
"这是镇星的","0","2","2"
"的规律形成","0","2","2"
"法数乘见数","0","2","2"
"每天运行十","0","2","2"
"天运行十一","0","2","2"
"运行十一分","0","2","2"
"行十一分二","0","2","2"
"十一分二度","0","2","2"
"一百二十一","0","2","2"
"天后又回来","0","2","2"
"十一天一百","0","2","2"
"天一百八十","0","2","2"
"共出现三百","0","2","2"
"六十五天一","0","2","2"
"度一百六十","0","2","2"
"运行不满十","0","2","2"
"是它通常的","0","2","2"
"它通常的比","0","2","2"
"分一百四十","0","2","2"
"百四十五分","0","2","2"
"四十五分之","0","2","2"
"行二分一度","0","2","2"
"天运行四十","0","2","2"
"运行四十六","0","2","2"
"四十六分三","0","2","2"
"十六分三十","0","2","2"
"六分三十三","0","2","2"
"九十二分十","0","2","2"
"十二分十五","0","2","2"
"二分十五度","0","2","2"
"过一百八十","0","2","2"
"百八十四天","0","2","2"
"共出现二百","0","2","2"
"出现二百四","0","2","2"
"现二百四十","0","2","2"
"天一百零七","0","2","2"
"一百零七分","0","2","2"
"分七度有余","0","2","2"
"凡晚上出现","0","2","2"
"天一百二十","0","2","2"
"行十五分一","0","2","2"
"十五分一度","0","2","2"
"天开始停留","0","2","2"
"一天运行不","0","2","2"
"十七天一千","0","2","2"
"一千八百零","0","2","2"
"百零三万二","0","2","2"
"零三万二千","0","2","2"
"一天运行九","0","2","2"
"天运行九十","0","2","2"
"运行九十二","0","2","2"
"九十二分五","0","2","2"
"十二分五十","0","2","2"
"二分五十三","0","2","2"
"分五十三度","0","2","2"
"经过二百七","0","2","2"
"过二百七十","0","2","2"
"百七十六天","0","2","2"
"一百四十六","0","2","2"
"天一千五百","0","2","2"
"一千五百六","0","2","2"
"行星一百一","0","2","2"
"星一百一十","0","2","2"
"万八千零五","0","2","2"
"八千零五分","0","2","2"
"天运行二度","0","2","2"
"一天运行七","0","2","2"
"运行七分六","0","2","2"
"行七分六度","0","2","2"
"共出现二十","0","2","2"
"三十七天一","0","2","2"
"六十一万零","0","2","2"
"十一万零一","0","2","2"
"万零一百二","0","2","2"
"零一百二十","0","2","2"
"十五天一亿","0","2","2"
"五天一亿二","0","2","2"
"一百一十五","0","2","2"
"不计所求年","0","2","2"
"以来的年数","0","2","2"
"就命名为小","0","2","2"
"命名为小余","0","2","2"
"命名为大余","0","2","2"
"就加上大余","0","2","2"
"计算所得的","0","2","2"
"小余一千零","0","2","2"
"余一千零一","0","2","2"
"一千零一十","0","2","2"
"是统法分之","0","2","2"
"统法得一度","0","2","2"
"夜半所在星","0","2","2"
"分乘定现复","0","2","2"
"乘定现复数","0","2","2"
"所余的就是","0","2","2"
"用十二除章","0","2","2"
"把两个积相","0","2","2"
"两个积相加","0","2","2"
"不满现月法","0","2","2"
"用中法乘中","0","2","2"
"按照规则数","0","2","2"
"照规则数除","0","2","2"
"规则数除积","0","2","2"
"用月法乘月","0","2","2"
"法乘它的小","0","2","2"
"乘它的小余","0","2","2"
"按规则数除","0","2","2"
"满其法得一","0","2","2"
"按规则除数","0","2","2"
"不满十二的","0","2","2"
"计算完后以","0","2","2"
"算完后以外","0","2","2"
"完后以外的","0","2","2"
"失去了它的","0","2","2"
"朝为十二月","0","2","2"
"在周朝时是","0","2","2"
"朝是十一月","0","2","2"
"百七十一年","0","2","2"
"三十九年后","0","2","2"
"帝那裹接受","0","2","2"
"继承天命而","0","2","2"
"承天命而称","0","2","2"
"供祭祀用的","0","2","2"
"祭祀用的纯","0","2","2"
"祀用的纯色","0","2","2"
"用的纯色全","0","2","2"
"的纯色全体","0","2","2"
"纯色全体牲","0","2","2"
"色全体牲畜","0","2","2"
"共工氏称霸","0","2","2"
"工氏称霸九","0","2","2"
"氏称霸九州","0","2","2"
"是说即使有","0","2","2"
"即使有水德","0","2","2"
"不是他的位","0","2","2"
"是他的位置","0","2","2"
"所以天下称","0","2","2"
"以天下称为","0","2","2"
"炎帝的后代","0","2","2"
"统治了天下","0","2","2"
"黄帝的儿子","0","2","2"
"是他的子孙","0","2","2"
"所以是金德","0","2","2"
"周代变更了","0","2","2"
"代变更了他","0","2","2"
"变更了他的","0","2","2"
"更了他的乐","0","2","2"
"上没有记载","0","2","2"
"于是就任命","0","2","2"
"所以是水德","0","2","2"
"天下称为高","0","2","2"
"所以是火德","0","2","2"
"在位七十年","0","2","2"
"称为夏后氏","0","2","2"
"汤讨伐夏桀","0","2","2"
"丑朔旦冬至","0","2","2"
"成汤去世后","0","2","2"
"申朔旦冬至","0","2","2"
"亥朔旦冬至","0","2","2"
"百二十七年","0","2","2"
"一百零九年","0","2","2"
"带着箕子回","0","2","2"
"着箕子回来","0","2","2"
"武王战胜了","0","2","2"
"武王向箕子","0","2","2"
"是周朝的分","0","2","2"
"太阳在析木","0","2","2"
"在孟津渡河","0","2","2"
"月庚寅朔日","0","2","2"
"王活了九十","0","2","2"
"二月乙亥是","0","2","2"
"六天后是乙","0","2","2"
"天后是乙未","0","2","2"
"在位四十六","0","2","2"
"十六年去世","0","2","2"
"公在位五十","0","2","2"
"说他在位两","0","2","2"
"他在位两年","0","2","2"
"他在位十一","0","2","2"
"他在位十八","0","2","2"
"万二干五百","0","2","2"
"是这个时候","0","2","2"
"岁星在大火","0","2","2"
"岁星在寿星","0","2","2"
"是上天赐给","0","2","2"
"三十三年后","0","2","2"
"亥朔天明冬","0","2","2"
"公在位十八","0","2","2"
"寅朔日天明","0","2","2"
"有七十六年","0","2","2"
"乙亥是朔日","0","2","2"
"这是掌管历","0","2","2"
"是掌管历法","0","2","2"
"历法的人的","0","2","2"
"十八年距辛","0","2","2"
"八年距辛亥","0","2","2"
"亥有一百一","0","2","2"
"有一百一十","0","2","2"
"一百一十年","0","2","2"
"襄公三十年","0","2","2"
"十年岁星在","0","2","2"
"有二万六千","0","2","2"
"千六百零六","0","2","2"
"六百零六旬","0","2","2"
"在它的旁边","0","2","2"
"在位三十一","0","2","2"
"昭公十八年","0","2","2"
"亥有一百三","0","2","2"
"一百三十一","0","2","2"
"一定会受到","0","2","2"
"巳朔天明冬","0","2","2"
"月丙寅朔日","0","2","2"
"元七十六年","0","2","2"
"的五十一年","0","2","2"
"他在位三年","0","2","2"
"岁星在大棣","0","2","2"
"载在位十六","0","2","2"
"记载在位五","0","2","2"
"作为汉朝的","0","2","2"
"依照天地的","0","2","2"
"嫁娶的礼仪","0","2","2"
"长辈和晚辈","0","2","2"
"所以制定了","0","2","2"
"朝见皇上的","0","2","2"
"序就混乱了","0","2","2"
"人越来越多","0","2","2"
"朝见皇帝的","0","2","2"
"见皇帝的礼","0","2","2"
"现象就会逐","0","2","2"
"象就会逐渐","0","2","2"
"安定国家治","0","2","2"
"定国家治理","0","2","2"
"国家治理百","0","2","2"
"家治理百姓","0","2","2"
"没有比乐更","0","2","2"
"有比乐更好","0","2","2"
"比乐更好的","0","2","2"
"百姓的声音","0","2","2"
"就不会相争","0","2","2"
"难道可以用","0","2","2"
"细节有三千","0","2","2"
"等到周朝衰","0","2","2"
"到周朝衰落","0","2","2"
"越法律限度","0","2","2"
"秦朝毁灭学","0","2","2"
"使之恢复正","0","2","2"
"之恢复正常","0","2","2"
"恢复正常安","0","2","2"
"复正常安定","0","2","2"
"谊认为汉朝","0","2","2"
"宗庙的器物","0","2","2"
"使天下人都","0","2","2"
"庸俗的官吏","0","2","2"
"俗的官吏所","0","2","2"
"的官吏所能","0","2","2"
"上下有差别","0","2","2"
"这不是上天","0","2","2"
"不是上天所","0","2","2"
"人所设立的","0","2","2"
"汉朝建立到","0","2","2"
"有二十多年","0","2","2"
"才智杰出的","0","2","2"
"和衣服的颜","0","2","2"
"应根据上天","0","2","2"
"常处在盛夏","0","2","2"
"一年的时序","0","2","2"
"执掌法令的","0","2","2"
"来治理百姓","0","2","2"
"所以古代的","0","2","2"
"一个人在监","0","2","2"
"个人在监狱","0","2","2"
"从古代到现","0","2","2"
"古代到现在","0","2","2"
"的时候没有","0","2","2"
"治理好国家","0","2","2"
"有七十多年","0","2","2"
"七十多年了","0","2","2"
"之类的事情","0","2","2"
"给皇帝上奏","0","2","2"
"天下的君主","0","2","2"
"却没有建立","0","2","2"
"没有建立万","0","2","2"
"万代的长远","0","2","2"
"的长远计策","0","2","2"
"来判决官司","0","2","2"
"是天下太平","0","2","2"
"统治百姓的","0","2","2"
"通行的礼义","0","2","2"
"这不是空话","0","2","2"
"来教化天下","0","2","2"
"用来辅助治","0","2","2"
"汉朝继承了","0","2","2"
"来约束他们","0","2","2"
"长安城的南","0","2","2"
"世祖光武帝","0","2","2"
"朝重新兴盛","0","2","2"
"百姓没有可","0","2","2"
"的礼节仪式","0","2","2"
"阴阳之气的","0","2","2"
"足以感动人","0","2","2"
"以感动人的","0","2","2"
"先王的音乐","0","2","2"
"王制作音乐","0","2","2"
"就是卿大夫","0","2","2"
"是卿大夫的","0","2","2"
"的礼仪细节","0","2","2"
"它们的规律","0","2","2"
"郊外祭祀天","0","2","2"
"外祭祀天地","0","2","2"
"知道皇帝的","0","2","2"
"用来感动天","0","2","2"
"来感动天地","0","2","2"
"那么邪恶就","0","2","2"
"到了各诸侯","0","2","2"
"春秋的时候","0","2","2"
"达到这样的","0","2","2"
"帝王的恩泽","0","2","2"
"我就不知道","0","2","2"
"不能说出它","0","2","2"
"能说出它的","0","2","2"
"说出它的含","0","2","2"
"出它的含义","0","2","2"
"高祖的时候","0","2","2"
"庙裹演奏的","0","2","2"
"裹演奏的是","0","2","2"
"高祖六年时","0","2","2"
"表明音乐是","0","2","2"
"明音乐是有","0","2","2"
"到孝宣帝时","0","2","2"
"平定天下后","0","2","2"
"祭祀祖先的","0","2","2"
"李延年为协","0","2","2"
"延年为协律","0","2","2"
"年为协律都","0","2","2"
"为协律都尉","0","2","2"
"在正月上辛","0","2","2"
"正月上辛曰","0","2","2"
"黄金装饰的","0","2","2"
"不断地进行","0","2","2"
"有什么能比","0","2","2"
"政治的根本","0","2","2"
"没有发生战","0","2","2"
"有发生战争","0","2","2"
"带来的福气","0","2","2"
"仪容的准则","0","2","2"
"上天的英明","0","2","2"
"完美的德性","0","2","2"
"就像云一样","0","2","2"
"永远享受幸","0","2","2"
"远享受幸福","0","2","2"
"右边是白虎","0","2","2"
"各自在自己","0","2","2"
"自在自己的","0","2","2"
"在自己的位","0","2","2"
"他们分别统","0","2","2"
"差不多就可","0","2","2"
"不多就可以","0","2","2"
"丞相匡衡演","0","2","2"
"相匡衡演奏","0","2","2"
"匡衡演奏完","0","2","2"
"神灵很高兴","0","2","2"
"自己的事情","0","2","2"
"也不是我的","0","2","2"
"这样一种情","0","2","2"
"样一种情况","0","2","2"
"什么可以和","0","2","2"
"数民族都臣","0","2","2"
"民族都臣服","0","2","2"
"享受自己的","0","2","2"
"自己的美名","0","2","2"
"这是宫中的","0","2","2"
"芝草生长在","0","2","2"
"草生长在甘","0","2","2"
"生长在甘泉","0","2","2"
"他们的地盘","0","2","2"
"获得了白麟","0","2","2"
"感到高兴的","0","2","2"
"延续到后代","0","2","2"
"充满天地之","0","2","2"
"满天地之间","0","2","2"
"说它的含义","0","2","2"
"皇上上书告","0","2","2"
"皇上就把这","0","2","2"
"上就把这件","0","2","2"
"认为汉朝在","0","2","2"
"汉朝在秦朝","0","2","2"
"朝在秦朝灭","0","2","2"
"在秦朝灭绝","0","2","2"
"董仲舒等人","0","2","2"
"公卿大夫到","0","2","2"
"其中的意义","0","2","2"
"姓到现在还","0","2","2"
"到现在还称","0","2","2"
"被交给公卿","0","2","2"
"被扣住不发","0","2","2"
"定陶王时就","0","2","2"
"等到登上帝","0","2","2"
"到登上帝位","0","2","2"
"国的音乐兴","0","2","2"
"的音乐兴盛","0","2","2"
"下面的人不","0","2","2"
"鼓手有六人","0","2","2"
"的鼓手有二","0","2","2"
"歌鼓手有二","0","2","2"
"鼓手有二十","0","2","2"
"鼓手一百二","0","2","2"
"手一百二十","0","2","2"
"乐鼓手十三","0","2","2"
"鼓手十三人","0","2","2"
"合经上的法","0","2","2"
"经上的法度","0","2","2"
"歌舞艺人的","0","2","2"
"舞艺人的人","0","2","2"
"艺人的人有","0","2","2"
"秦国歌舞艺","0","2","2"
"国歌舞艺人","0","2","2"
"歌唱的人有","0","2","2"
"都是郑国的","0","2","2"
"有八百二十","0","2","2"
"可以让他们","0","2","2"
"贤能的人来","0","2","2"
"等人之所以","0","2","2"
"五常的本性","0","2","2"
"不足以供给","0","2","2"
"不能形成群","0","2","2"
"能形成群体","0","2","2"
"战胜不了外","0","2","2"
"胜不了外物","0","2","2"
"形成了群体","0","2","2"
"他们就成了","0","2","2"
"王道的根本","0","2","2"
"依照上天的","0","2","2"
"说前代君王","0","2","2"
"根据上天的","0","2","2"
"稍轻一点的","0","2","2"
"轻一点的用","0","2","2"
"型的刑罚要","0","2","2"
"已很久远了","0","2","2"
"天下安定后","0","2","2"
"司马的官职","0","2","2"
"井就形成一","0","2","2"
"一同有百里","0","2","2"
"畿有千里见","0","2","2"
"有千里见方","0","2","2"
"规定缴兵赋","0","2","2"
"定缴兵赋的","0","2","2"
"缴兵赋的六","0","2","2"
"总共有一百","0","2","2"
"个封国为一","0","2","2"
"桓公任用管","0","2","2"
"公任用管仲","0","2","2"
"用兵的方法","0","2","2"
"于是就依靠","0","2","2"
"是先王的法","0","2","2"
"先王的法制","0","2","2"
"晋文公之后","0","2","2"
"孔子对此感","0","2","2"
"受过训练的","0","2","2"
"形成战国时","0","2","2"
"成战国时期","0","2","2"
"不合正道的","0","2","2"
"安抚人民的","0","2","2"
"无敌于天下","0","2","2"
"这是亡国的","0","2","2"
"武装的士兵","0","2","2"
"是危害国家","0","2","2"
"危害国家的","0","2","2"
"功劳和赏赐","0","2","2"
"魏国武装的","0","2","2"
"国武装的兵","0","2","2"
"武装的兵士","0","2","2"
"秦国精锐的","0","2","2"
"国精锐的士","0","2","2"
"晋文公的节","0","2","2"
"文公的节制","0","2","2"
"公的节制之","0","2","2"
"的节制之兵","0","2","2"
"善于统率军","0","2","2"
"于统率军队","0","2","2"
"统率军队的","0","2","2"
"率军队的人","0","2","2"
"军队的人不","0","2","2"
"善于摆阵的","0","2","2"
"于摆阵的人","0","2","2"
"摆阵的人不","0","2","2"
"善于战斗的","0","2","2"
"于战斗的人","0","2","2"
"善于失败的","0","2","2"
"于失败的人","0","2","2"
"失败的人不","0","2","2"
"败的人不会","0","2","2"
"的人不会灭","0","2","2"
"人不会灭亡","0","2","2"
"蛮夷扰乱华","0","2","2"
"夷扰乱华夏","0","2","2"
"就是说善于","0","2","2"
"这是说善于","0","2","2"
"于作战的人","0","2","2"
"使灭亡的国","0","2","2"
"灭亡的国家","0","2","2"
"他们的下场","0","2","2"
"锐利的武器","0","2","2"
"惩治承平守","0","2","2"
"治承平守成","0","2","2"
"承平守成的","0","2","2"
"平守成的国","0","2","2"
"守成的国家","0","2","2"
"成的国家用","0","2","2"
"的国家用中","0","2","2"
"刑的人让他","0","2","2"
"的人让他去","0","2","2"
"刑的让他去","0","2","2"
"的让他去守","0","2","2"
"处罚的条目","0","2","2"
"罚的条目有","0","2","2"
"条目有二百","0","2","2"
"五刑的条目","0","2","2"
"王道逐渐被","0","2","2"
"道逐渐被破","0","2","2"
"逐渐被破坏","0","2","2"
"百姓就可以","0","2","2"
"此感到哀痛","0","2","2"
"用道德来诱","0","2","2"
"道德来诱导","0","2","2"
"德来诱导他","0","2","2"
"用礼教来整","0","2","2"
"礼教来整顿","0","2","2"
"教来整顿他","0","2","2"
"人民不但有","0","2","2"
"民不但有廉","0","2","2"
"不但有廉耻","0","2","2"
"但有廉耻之","0","2","2"
"而且人心归","0","2","2"
"且人心归服","0","2","2"
"用政令来诱","0","2","2"
"政令来诱导","0","2","2"
"令来诱导他","0","2","2"
"用刑罚来整","0","2","2"
"罚来整顿他","0","2","2"
"人民衹是暂","0","2","2"
"民衹是暂时","0","2","2"
"衹是暂时地","0","2","2"
"是暂时地免","0","2","2"
"暂时地免于","0","2","2"
"时地免于罪","0","2","2"
"地免于罪过","0","2","2"
"却没有廉耻","0","2","2"
"百姓早就离","0","2","2"
"姓早就离心","0","2","2"
"早就离心离","0","2","2"
"就离心离德","0","2","2"
"离心离德了","0","2","2"
"衰落一直到","0","2","2"
"落一直到了","0","2","2"
"诛杀三族的","0","2","2"
"三族的法令","0","2","2"
"秦始皇的时","0","2","2"
"始皇的时候","0","2","2"
"代帝王的法","0","2","2"
"人都出现了","0","2","2"
"杀人的人要","0","2","2"
"苛刻的刑法","0","2","2"
"四方少数民","0","2","2"
"少数民族没","0","2","2"
"数民族没有","0","2","2"
"刚免除战争","0","2","2"
"免除战争的","0","2","2"
"来安定百姓","0","2","2"
"习俗改变了","0","2","2"
"张释之任廷","0","2","2"
"释之任廷尉","0","2","2"
"位十三年后","0","2","2"
"给皇上写信","0","2","2"
"不同等级的","0","2","2"
"仍然没有停","0","2","2"
"是百姓的父","0","2","2"
"人想改正行","0","2","2"
"想改正行为","0","2","2"
"改正行为去","0","2","2"
"正行为去做","0","2","2"
"行为去做善","0","2","2"
"为去做善事","0","2","2"
"却没有道路","0","2","2"
"朕很哀怜他","0","2","2"
"很哀怜他们","0","2","2"
"这样盛大的","0","2","2"
"盛大的恩德","0","2","2"
"臣等谨慎地","0","2","2"
"改为城旦刑","0","2","2"
"为城旦刑舂","0","2","2"
"用竹板打三","0","2","2"
"竹板打三百","0","2","2"
"用竹板打五","0","2","2"
"竹板打五百","0","2","2"
"完刑改为服","0","2","2"
"服鬼薪白粲","0","2","2"
"鬼薪白粲刑","0","2","2"
"不适用这个","0","2","2"
"服城旦刑舂","0","2","2"
"臣等冒死请","0","2","2"
"人得以保全","0","2","2"
"民间的人力","0","2","2"
"间的人力和","0","2","2"
"的人力和物","0","2","2"
"人力和物资","0","2","2"
"狡猾的官吏","0","2","2"
"帝在民间时","0","2","2"
"说秦朝有十","0","2","2"
"反而遭到杀","0","2","2"
"而遭到杀戮","0","2","2"
"于定国任廷","0","2","2"
"定国任廷尉","0","2","2"
"的第三个月","0","2","2"
"直言规劝的","0","2","2"
"安乐的生活","0","2","2"
"是为了拯救","0","2","2"
"英明的主上","0","2","2"
"邪恶的官吏","0","2","2"
"是用来抑制","0","2","2"
"抑制强暴扶","0","2","2"
"而容易避免","0","2","2"
"可以免除减","0","2","2"
"帝河平年间","0","2","2"
"刑的条目有","0","2","2"
"一百多万字","0","2","2"
"不知道它们","0","2","2"
"知道它们的","0","2","2"
"圣明的制度","0","2","2"
"是平庸的人","0","2","2"
"的法令条文","0","2","2"
"朝建立的初","0","2","2"
"建立的初期","0","2","2"
"孝文帝二年","0","2","2"
"的父母妻子","0","2","2"
"父母妻子儿","0","2","2"
"母妻子儿女","0","2","2"
"妻子儿女一","0","2","2"
"子儿女一同","0","2","2"
"感到很不可","0","2","2"
"到很不可取","0","2","2"
"与原来一样","0","2","2"
"人的性情相","0","2","2"
"确实是这样","0","2","2"
"司有疑问的","0","2","2"
"所属的二千","0","2","2"
"属的二千石","0","2","2"
"人所犯的罪","0","2","2"
"所不能判决","0","2","2"
"不能判决的","0","2","2"
"不能照着去","0","2","2"
"的法律条文","0","2","2"
"年龄在八十","0","2","2"
"龄在八十岁","0","2","2"
"八十岁以上","0","2","2"
"经过三十年","0","2","2"
"战胜邪恶不","0","2","2"
"胜邪恶不进","0","2","2"
"邪恶不进行","0","2","2"
"恶不进行杀","0","2","2"
"不进行杀戮","0","2","2"
"说英明的君","0","2","2"
"列入圣人之","0","2","2"
"判处死刑的","0","2","2"
"感到不高兴","0","2","2"
"没有形成的","0","2","2"
"教化没有建","0","2","2"
"化没有建立","0","2","2"
"法的人能够","0","2","2"
"放过有罪的","0","2","2"
"与其杀死无","0","2","2"
"之间的情况","0","2","2"
"了作威作福","0","2","2"
"作威作福的","0","2","2"
"上不是这样","0","2","2"
"太平的古代","0","2","2"
"他们的刑罚","0","2","2"
"时代的法律","0","2","2"
"代的法律罪","0","2","2"
"的法律罪行","0","2","2"
"法律罪行就","0","2","2"
"律罪行就显","0","2","2"
"罪行就显得","0","2","2"
"现在汉朝承","0","2","2"
"在汉朝承继","0","2","2"
"不足以用来","0","2","2"
"所以受刑的","0","2","2"
"的人被看作","0","2","2"
"端正根本的","0","2","2"
"根本的缘故","0","2","2"
"合古代的制","0","2","2"
"农民生产的","0","2","2"
"天下的货物","0","2","2"
"使他们各自","0","2","2"
"他们各自得","0","2","2"
"们各自得到","0","2","2"
"化就形成了","0","2","2"
"告诉给人民","0","2","2"
"作为政治的","0","2","2"
"于安定百姓","0","2","2"
"使他们富足","0","2","2"
"国家安定人","0","2","2"
"家安定人民","0","2","2"
"人民的根本","0","2","2"
"自己的事业","0","2","2"
"根据自己的","0","2","2"
"是皇上所要","0","2","2"
"是用来彰明","0","2","2"
"来顺应阴阳","0","2","2"
"八岁进入小","0","2","2"
"岁进入小学","0","2","2"
"杰出的学生","0","2","2"
"住在一起的","0","2","2"
"在一起的人","0","2","2"
"天下的事情","0","2","2"
"使他们富裕","0","2","2"
"千辆车的国","0","2","2"
"周室衰落后","0","2","2"
"充分利用土","0","2","2"
"分利用土地","0","2","2"
"民更加勤勉","0","2","2"
"一千三百五","0","2","2"
"饥荒能收到","0","2","2"
"熟之年则买","0","2","2"
"之年则买入","0","2","2"
"饥荒时就发","0","2","2"
"荒时就发放","0","2","2"
"补充不足的","0","2","2"
"孝公任用商","0","2","2"
"古代的方法","0","2","2"
"还不足以满","0","2","2"
"不足以满足","0","2","2"
"足以满足他","0","2","2"
"以满足他的","0","2","2"
"满足他的欲","0","2","2"
"足他的欲望","0","2","2"
"秦朝的弊端","0","2","2"
"色的四匹马","0","2","2"
"不超过几十","0","2","2"
"他们的积蓄","0","2","2"
"这是天下最","0","2","2"
"公家和私人","0","2","2"
"家和私人的","0","2","2"
"上天的安排","0","2","2"
"上百万的军","0","2","2"
"百万的军队","0","2","2"
"有勇力的人","0","2","2"
"是天下的大","0","2","2"
"回归到农业","0","2","2"
"不务农而食","0","2","2"
"务农而食的","0","2","2"
"农而食的人","0","2","2"
"自己所从事","0","2","2"
"己所从事的","0","2","2"
"的话所感动","0","2","2"
"百姓不感到","0","2","2"
"而使他们有","0","2","2"
"因饥饿而死","0","2","2"
"饿而死的人","0","2","2"
"百姓有剩余","0","2","2"
"姓有剩余的","0","2","2"
"不依附土地","0","2","2"
"人民致力于","0","2","2"
"他们追逐利","0","2","2"
"们追逐利益","0","2","2"
"离开他们的","0","2","2"
"天不能躲避","0","2","2"
"天不能避开","0","2","2"
"他们的富有","0","2","2"
"贫苦人民的","0","2","2"
"用来补充不","0","2","2"
"百姓的赋税","0","2","2"
"兵役或免纳","0","2","2"
"是没有穷尽","0","2","2"
"没有穷尽的","0","2","2"
"爵位和免除","0","2","2"
"位和免除罪","0","2","2"
"和免除罪罚","0","2","2"
"得到爵位和","0","2","2"
"听从了晁错","0","2","2"
"从了晁错的","0","2","2"
"纳粟给边境","0","2","2"
"石爵位是第","0","2","2"
"守边士卒的","0","2","2"
"物不足以使","0","2","2"
"收取三十分","0","2","2"
"郡以西的地","0","2","2"
"有关官员以","0","2","2"
"遭受水旱灾","0","2","2"
"受水旱灾害","0","2","2"
"丑恶的行为","0","2","2"
"卿大夫以下","0","2","2"
"劝说皇上道","0","2","2"
"不过十分之","0","2","2"
"过十分之一","0","2","2"
"人民的财力","0","2","2"
"贫困的人没","0","2","2"
"困的人没有","0","2","2"
"森林的富饶","0","2","2"
"弱小的百姓","0","2","2"
"百姓怎么能","0","2","2"
"守边境一年","0","2","2"
"交纳十分之","0","2","2"
"纳十分之五","0","2","2"
"贪婪暴虐的","0","2","2"
"暴虐的官吏","0","2","2"
"不加以改变","0","2","2"
"井田制虽然","0","2","2"
"为搜粟都尉","0","2","2"
"来进行工作","0","2","2"
"种田的器械","0","2","2"
"之间的土地","0","2","2"
"的土地作为","0","2","2"
"昭帝的时候","0","2","2"
"每年的收入","0","2","2"
"当时大司农","0","2","2"
"依从他的建","0","2","2"
"史大夫的部","0","2","2"
"皇上没有听","0","2","2"
"上没有听从","0","2","2"
"为使者去劝","0","2","2"
"当上了大官","0","2","2"
"元帝即帝位","0","2","2"
"天下发大水","0","2","2"
"百姓有很多","0","2","2"
"的各位儒生","0","2","2"
"及北假田官","0","2","2"
"上听从了他","0","2","2"
"他们的议论","0","2","2"
"诸侯王庙的","0","2","2"
"侯王庙的卫","0","2","2"
"士卒五百人","0","2","2"
"不要超过三","0","2","2"
"宣帝时开始","0","2","2"
"贬钩町王为","0","2","2"
"而走上邪路","0","2","2"
"奴婢叫私属","0","2","2"
"超过一井的","0","2","2"
"把多余的田","0","2","2"
"违反法令的","0","2","2"
"王莽知道百","0","2","2"
"莽知道百姓","0","2","2"
"派军队去攻","0","2","2"
"军队去攻打","0","2","2"
"去攻打他们","0","2","2"
"王莽派遣三","0","2","2"
"莽派遣三公","0","2","2"
"增添了烦扰","0","2","2"
"取了他们的","0","2","2"
"而死的人十","0","2","2"
"的详细情况","0","2","2"
"车的国家一","0","2","2"
"的国家一定","0","2","2"
"国家一定有","0","2","2"
"户人口的邑","0","2","2"
"人口的邑一","0","2","2"
"口的邑一定","0","2","2"
"一百多年后","0","2","2"
"周景王的时","0","2","2"
"景王的时候","0","2","2"
"百姓失去了","0","2","2"
"秦国兼并天","0","2","2"
"国兼并天下","0","2","2"
"铸钱的法令","0","2","2"
"就不能得到","0","2","2"
"罪积累到下","0","2","2"
"积累到下面","0","2","2"
"制定这样的","0","2","2"
"多余的钱财","0","2","2"
"敌人一定会","0","2","2"
"实在为此感","0","2","2"
"在为此感到","0","2","2"
"凭藉自己是","0","2","2"
"开始开通西","0","2","2"
"开通西南夷","0","2","2"
"在马邑设谋","0","2","2"
"从此而开始","0","2","2"
"所花的费用","0","2","2"
"发动十多万","0","2","2"
"的可以增加","0","2","2"
"可以增加俸","0","2","2"
"以增加俸禄","0","2","2"
"这以后四年","0","2","2"
"率十多万人","0","2","2"
"十多万人攻","0","2","2"
"有关官员请","0","2","2"
"关官员请示","0","2","2"
"百姓可以买","0","2","2"
"姓可以买爵","0","2","2"
"可以买爵位","0","2","2"
"与犯人同罪","0","2","2"
"来审理案情","0","2","2"
"究他们的党","0","2","2"
"作为天下的","0","2","2"
"邪王率领几","0","2","2"
"王率领几万","0","2","2"
"于是汉朝派","0","2","2"
"汉朝派出三","0","2","2"
"去迎接他们","0","2","2"
"给他们赏赐","0","2","2"
"堵塞黄河决","0","2","2"
"很快又崩溃","0","2","2"
"从长安一直","0","2","2"
"匈奴投降的","0","2","2"
"都依靠政府","0","2","2"
"就减少饭食","0","2","2"
"的财物来供","0","2","2"
"仓库的粮食","0","2","2"
"百姓更加困","0","2","2"
"姓更加困苦","0","2","2"
"侵占他人财","0","2","2"
"占他人财产","0","2","2"
"他人财产的","0","2","2"
"人财产的人","0","2","2"
"邪恶的人有","0","2","2"
"骑将军大举","0","2","2"
"将军大举出","0","2","2"
"铸造五铢钱","0","2","2"
"有产业的贫","0","2","2"
"产业的贫民","0","2","2"
"申报自己的","0","2","2"
"自己的财物","0","2","2"
"千贯钱收取","0","2","2"
"贯钱收取一","0","2","2"
"钱收取一算","0","2","2"
"收取一算的","0","2","2"
"争相隐匿财","0","2","2"
"相隐匿财产","0","2","2"
"财产来帮助","0","2","2"
"产来帮助政","0","2","2"
"来帮助政府","0","2","2"
"卜式为中郎","0","2","2"
"赐给左庶长","0","2","2"
"给左庶长的","0","2","2"
"列于九卿之","0","2","2"
"而桑弘羊任","0","2","2"
"设置均输官","0","2","2"
"增加到六百","0","2","2"
"而御史大夫","0","2","2"
"有不便利的","0","2","2"
"这之后二年","0","2","2"
"隐匿财产的","0","2","2"
"百姓的财物","0","2","2"
"中等以上的","0","2","2"
"水衡都尉主","0","2","2"
"衡都尉主管","0","2","2"
"都尉主管上","0","2","2"
"尉主管上林","0","2","2"
"分给各官府","0","2","2"
"平民百姓的","0","2","2"
"百姓的生活","0","2","2"
"络绎不绝地","0","2","2"
"开始巡察郡","0","2","2"
"隐匿缗钱的","0","2","2"
"人渡过黄河","0","2","2"
"赐给他关内","0","2","2"
"酎金份量不","0","2","2"
"汉朝就派遣","0","2","2"
"贬为太子太","0","2","2"
"就不会出现","0","2","2"
"天子认为有","0","2","2"
"子认为有道","0","2","2"
"认为有道理","0","2","2"
"应了他的请","0","2","2"
"百姓不增加","0","2","2"
"在位六年后","0","2","2"
"然后教化可","0","2","2"
"认为这些都","0","2","2"
"都是国家的","0","2","2"
"子弟谋取官","0","2","2"
"与上官桀等","0","2","2"
"到处罚的人","0","2","2"
"赏赐都用布","0","2","2"
"赐都用布帛","0","2","2"
"都用布帛和","0","2","2"
"用布帛和谷","0","2","2"
"布帛和谷物","0","2","2"
"的文字为小","0","2","2"
"另外一种直","0","2","2"
"外一种直径","0","2","2"
"的大钱五十","0","2","2"
"上面的文字","0","2","2"
"对此感到忧","0","2","2"
"们流放到四","0","2","2"
"周朝有泉府","0","2","2"
"要交三个劳","0","2","2"
"交三个劳力","0","2","2"
"三个劳力的","0","2","2"
"其中之一作","0","2","2"
"中之一作为","0","2","2"
"全部没收他","0","2","2"
"不必拘泥于","0","2","2"
"于其他地方","0","2","2"
"超过三个月","0","2","2"
"上所说的是","0","2","2"
"以二千五百","0","2","2"
"王莽知道人","0","2","2"
"莽知道人民","0","2","2"
"知道这种情","0","2","2"
"道这种情况","0","2","2"
"的官吏和狡","0","2","2"
"官吏和狡猾","0","2","2"
"吏和狡猾的","0","2","2"
"广大人民各","0","2","2"
"不能安定地","0","2","2"
"能安定地生","0","2","2"
"安定地生活","0","2","2"
"其正面右边","0","2","2"
"正面右边的","0","2","2"
"面右边的文","0","2","2"
"右边的文字","0","2","2"
"的文字是货","0","2","2"
"左边的文字","0","2","2"
"一枚价值是","0","2","2"
"枚价值是一","0","2","2"
"私自铸钱的","0","2","2"
"非议诋毁宝","0","2","2"
"议诋毁宝货","0","2","2"
"的人迁徙到","0","2","2"
"的人太多了","0","2","2"
"又命令公卿","0","2","2"
"命令公卿以","0","2","2"
"令公卿以下","0","2","2"
"都要保养军","0","2","2"
"要保养军马","0","2","2"
"不能进行耕","0","2","2"
"得不到俸禄","0","2","2"
"汉朝的军队","0","2","2"
"军队诛杀了","0","2","2"
"设立常平仓","0","2","2"
"到孝武帝时","0","2","2"
"通达神明的","0","2","2"
"也进行祭祀","0","2","2"
"死后被当作","0","2","2"
"会见四方诸","0","2","2"
"见四方诸侯","0","2","2"
"五年巡察一","0","2","2"
"年巡察一次","0","2","2"
"将此事告知","0","2","2"
"自己的职位","0","2","2"
"天子祭祀天","0","2","2"
"被犬戎打败","0","2","2"
"平王向东迁","0","2","2"
"渭之间打猎","0","2","2"
"像流星一样","0","2","2"
"到黄河沿岸","0","2","2"
"秦穆公立为","0","2","2"
"穆公立为王","0","2","2"
"氏在泰山祭","0","2","2"
"帝在泰山祭","0","2","2"
"间的一种有","0","2","2"
"的一种有三","0","2","2"
"一种有三脊","0","2","2"
"种有三脊的","0","2","2"
"有三脊的茅","0","2","2"
"九年后死去","0","2","2"
"当时诸侯都","0","2","2"
"自认为得到","0","2","2"
"周赧王去世","0","2","2"
"一年的开始","0","2","2"
"听到这些议","0","2","2"
"到这些议论","0","2","2"
"的祭祀断绝","0","2","2"
"海上的方士","0","2","2"
"君主没有不","0","2","2"
"童男童女到","0","2","2"
"男童女到海","0","2","2"
"童女到海上","0","2","2"
"登上会稽山","0","2","2"
"诸侯反叛秦","0","2","2"
"侯反叛秦朝","0","2","2"
"天子所在之","0","2","2"
"子所在之地","0","2","2"
"命祭祀官员","0","2","2"
"币各不相同","0","2","2"
"神按节来享","0","2","2"
"按节来享受","0","2","2"
"四匹马驾的","0","2","2"
"俎豆等礼器","0","2","2"
"年郊祭一次","0","2","2"
"以十月为一","0","2","2"
"一年的开头","0","2","2"
"不亲自前去","0","2","2"
"十月到达霸","0","2","2"
"月到达霸上","0","2","2"
"这是什么缘","0","2","2"
"有关官员到","0","2","2"
"的礼仪一样","0","2","2"
"一样的礼仪","0","2","2"
"在临晋祭祀","0","2","2"
"周朝建立后","0","2","2"
"的封国废除","0","2","2"
"车马的饰物","0","2","2"
"马的饰物齐","0","2","2"
"按等级增加","0","2","2"
"鲁国人公孙","0","2","2"
"国人公孙臣","0","2","2"
"不要听他的","0","2","2"
"黄龙出现在","0","2","2"
"拜他为博士","0","2","2"
"去郊祀上帝","0","2","2"
"直言不讳地","0","2","2"
"古代天子在","0","2","2"
"汇合的地方","0","2","2"
"官至上大夫","0","2","2"
"平对皇上说","0","2","2"
"在黄河决口","0","2","2"
"所说的都是","0","2","2"
"孝景帝即位","0","2","2"
"还没有结果","0","2","2"
"不喜欢儒术","0","2","2"
"的子孙后代","0","2","2"
"得以见到武","0","2","2"
"以见到武帝","0","2","2"
"能役使鬼神","0","2","2"
"他所说的话","0","2","2"
"都大吃一惊","0","2","2"
"把丹沙化为","0","2","2"
"丹沙化为黄","0","2","2"
"沙化为黄金","0","2","2"
"用黄金做成","0","2","2"
"见到安期生","0","2","2"
"尊贵的是泰","0","2","2"
"贵的是泰一","0","2","2"
"于是天子命","0","2","2"
"是天子命令","0","2","2"
"命令太祝在","0","2","2"
"在长安城东","0","2","2"
"在谬忌的泰","0","2","2"
"谬忌的泰一","0","2","2"
"上书所说的","0","2","2"
"有关官员就","0","2","2"
"赏赐给他的","0","2","2"
"宾客的礼节","0","2","2"
"书上所说的","0","2","2"
"于是就诛杀","0","2","2"
"是就诛杀了","0","2","2"
"神君所说的","0","2","2"
"没有很大的","0","2","2"
"有很大的差","0","2","2"
"很大的差别","0","2","2"
"史令司马谈","0","2","2"
"等人的建议","0","2","2"
"儿子被立为","0","2","2"
"把情况告诉","0","2","2"
"陛下一定想","0","2","2"
"长公主嫁给","0","2","2"
"五利将军的","0","2","2"
"站在白茅上","0","2","2"
"到海上访求","0","2","2"
"用它来祭祀","0","2","2"
"是天地万物","0","2","2"
"天地万物的","0","2","2"
"皇上就派遣","0","2","2"
"五帝是泰一","0","2","2"
"帝是泰一的","0","2","2"
"是泰一的辅","0","2","2"
"辛巳初一冬","0","2","2"
"巳初一冬至","0","2","2"
"得到上天的","0","2","2"
"黄帝成仙升","0","2","2"
"帝成仙升天","0","2","2"
"公孙卿说道","0","2","2"
"帝的话告诉","0","2","2"
"的话告诉了","0","2","2"
"黄帝的时候","0","2","2"
"上泰山祭祀","0","2","2"
"泰山去祭祀","0","2","2"
"就是甘泉宫","0","2","2"
"有七十多人","0","2","2"
"拜公孙卿为","0","2","2"
"官宽舒等人","0","2","2"
"月辛巳初一","0","2","2"
"以黄色为贵","0","2","2"
"一样的东西","0","2","2"
"等待皇帝的","0","2","2"
"与大臣商议","0","2","2"
"统率十多万","0","2","2"
"到泰山封禅","0","2","2"
"还没有生长","0","2","2"
"向东巡视海","0","2","2"
"东巡视海上","0","2","2"
"千人去访求","0","2","2"
"访求神仙的","0","2","2"
"在泰山脚下","0","2","2"
"出现在东井","0","2","2"
"亲自到黄河","0","2","2"
"自到黄河决","0","2","2"
"到黄河决口","0","2","2"
"上于是下诏","0","2","2"
"恭敬地祭祀","0","2","2"
"到河东祭祀","0","2","2"
"河东祭祀后","0","2","2"
"东祭祀后土","0","2","2"
"第二年冬天","0","2","2"
"西南方向进","0","2","2"
"有得到应证","0","2","2"
"皇上回来后","0","2","2"
"高二十多丈","0","2","2"
"雍地的五时","0","2","2"
"用木偶马代","0","2","2"
"木偶马代替","0","2","2"
"有人说黄帝","0","2","2"
"上亲自去祭","0","2","2"
"后过了五年","0","2","2"
"到泰山修整","0","2","2"
"就把它献给","0","2","2"
"薄忌的泰一","0","2","2"
"死了也就停","0","2","2"
"了也就停止","0","2","2"
"孝武庙为世","0","2","2"
"武庙为世宗","0","2","2"
"下韶大赦天","0","2","2"
"韶大赦天下","0","2","2"
"地事奉天地","0","2","2"
"是古今的通","0","2","2"
"已十多年了","0","2","2"
"说益州有金","0","2","2"
"益州有金马","0","2","2"
"帝王的道术","0","2","2"
"治差不多就","0","2","2"
"有关官员讨","0","2","2"
"关官员讨论","0","2","2"
"臣听说周朝","0","2","2"
"是周朝的旧","0","2","2"
"大臣的子孙","0","2","2"
"他们祖先的","0","2","2"
"报告了天子","0","2","2"
"天子下诏说","0","2","2"
"的建议是对","0","2","2"
"建议是对的","0","2","2"
"凤凰飞集于","0","2","2"
"后来隔了一","0","2","2"
"来隔了一年","0","2","2"
"重新到甘泉","0","2","2"
"新到甘泉宫","0","2","2"
"到雍城祭祀","0","2","2"
"雍城祭祀五","0","2","2"
"城祭祀五峙","0","2","2"
"有黄龙出现","0","2","2"
"一年的正月","0","2","2"
"甘泉宫接见","0","2","2"
"泉宫接见单","0","2","2"
"宫接见单于","0","2","2"
"接见单于的","0","2","2"
"见单于的朝","0","2","2"
"单于的朝见","0","2","2"
"后土的祭祀","0","2","2"
"赐给一百户","0","2","2"
"帝刚即帝位","0","2","2"
"承上天的序","0","2","2"
"上天的序位","0","2","2"
"都尽心竭虑","0","2","2"
"在南郊祭天","0","2","2"
"不是英明的","0","2","2"
"是英明的君","0","2","2"
"明的君主所","0","2","2"
"爱护百姓的","0","2","2"
"这是显而易","0","2","2"
"甘泉的泰峙","0","2","2"
"河东的后土","0","2","2"
"等五十人认","0","2","2"
"五十人认为","0","2","2"
"祭坛的界域","0","2","2"
"所以圣王制","0","2","2"
"王制定祭祀","0","2","2"
"制定祭祀天","0","2","2"
"定祭祀天地","0","2","2"
"正确地考察","0","2","2"
"王所在的地","0","2","2"
"天地的本性","0","2","2"
"汉朝建立之","0","2","2"
"现在既然已","0","2","2"
"师各官府的","0","2","2"
"长安的厨官","0","2","2"
"的四百七十","0","2","2"
"以及雍城的","0","2","2"
"及雍城的五","0","2","2"
"到天子所在","0","2","2"
"帝时来了二","0","2","2"
"时来了二十","0","2","2"
"了七十五次","0","2","2"
"汉朝宗庙的","0","2","2"
"宗庙的礼仪","0","2","2"
"古今制度不","0","2","2"
"今制度不同","0","2","2"
"上没有明确","0","2","2"
"至尊至重的","0","2","2"
"后来的人相","0","2","2"
"来的人相互","0","2","2"
"后来皇上因","0","2","2"
"因为没有继","0","2","2"
"有继嗣的缘","0","2","2"
"继嗣的缘故","0","2","2"
"后下诏给有","0","2","2"
"下诏给有关","0","2","2"
"诏给有关官","0","2","2"
"在汾阴建立","0","2","2"
"汾阴建立后","0","2","2"
"阴建立后土","0","2","2"
"违背先帝的","0","2","2"
"令恢复甘泉","0","2","2"
"万物的性情","0","2","2"
"明的君主是","0","2","2"
"而得到宠爱","0","2","2"
"的人以万计","0","2","2"
"兴盛的时候","0","2","2"
"都侯王商任","0","2","2"
"侯王商任大","0","2","2"
"王商任大司","0","2","2"
"商任大司马","0","2","2"
"卫将军辅助","0","2","2"
"将军辅助政","0","2","2"
"军辅助政事","0","2","2"
"有什么比这","0","2","2"
"什么比这更","0","2","2"
"安南北郊祭","0","2","2"
"后来过了几","0","2","2"
"来过了几年","0","2","2"
"太后下韶给","0","2","2"
"后下韶给有","0","2","2"
"下韶给有关","0","2","2"
"有关官员道","0","2","2"
"恢复甘泉的","0","2","2"
"复甘泉的泰","0","2","2"
"有三万七千","0","2","2"
"到以前的样","0","2","2"
"以前的样子","0","2","2"
"有关官员去","0","2","2"
"司马王莽上","0","2","2"
"马王莽上奏","0","2","2"
"像事奉父亲","0","2","2"
"事奉父亲一","0","2","2"
"奉父亲一样","0","2","2"
"父亲一样事","0","2","2"
"一样事奉天","0","2","2"
"的行为没有","0","2","2"
"皇帝承受天","0","2","2"
"帝承受天命","0","2","2"
"而派有关官","0","2","2"
"同太师孔光","0","2","2"
"时丞相匡衡","0","2","2"
"南北郊恢复","0","2","2"
"天地一同祭","0","2","2"
"地一同祭祀","0","2","2"
"地用一头祭","0","2","2"
"享用祭牲的","0","2","2"
"以及黍稷并","0","2","2"
"造就是天地","0","2","2"
"种变化的音","0","2","2"
"变化的音乐","0","2","2"
"至时派有关","0","2","2"
"时派有关官","0","2","2"
"配享并望祭","0","2","2"
"享并望祭群","0","2","2"
"后来王莽又","0","2","2"
"王莽又上奏","0","2","2"
"实际上是一","0","2","2"
"五帝的祭坛","0","2","2"
"奉母亲一样","0","2","2"
"为祭祀的主","0","2","2"
"定了朝廷的","0","2","2"
"朝廷的礼仪","0","2","2"
"孝武帝时代","0","2","2"
"不能战胜的","0","2","2"
"祖宗的制度","0","2","2"
"五星运行或","0","2","2"
"谨慎地对待","0","2","2"
"这是大自然","0","2","2"
"三星是天帝","0","2","2"
"的儿子之属","0","2","2"
"大星是天帝","0","2","2"
"主预示中原","0","2","2"
"是天帝的车","0","2","2"
"天帝的车驾","0","2","2"
"四星叫天驷","0","2","2"
"中四星叫天","0","2","2"
"是天廷中的","0","2","2"
"宿并留守不","0","2","2"
"并留守不去","0","2","2"
"王的人厌恶","0","2","2"
"星留守在南","0","2","2"
"示有战争发","0","2","2"
"宿的位置在","0","2","2"
"的位置在朱","0","2","2"
"位置在朱鸟","0","2","2"
"置在朱鸟的","0","2","2"
"在朱鸟的鸟","0","2","2"
"则预示有旱","0","2","2"
"预示有旱情","0","2","2"
"星区则有水","0","2","2"
"方之国的事","0","2","2"
"星入星区则","0","2","2"
"所相对应的","0","2","2"
"则分野之国","0","2","2"
"野之国有军","0","2","2"
"天区相对应","0","2","2"
"区相对应的","0","2","2"
"又向东西方","0","2","2"
"运行慢出现","0","2","2"
"行慢出现在","0","2","2"
"慢出现在西","0","2","2"
"必有破国乱","0","2","2"
"有破国乱君","0","2","2"
"代表四季中","0","2","2"
"对其惩罚的","0","2","2"
"其惩罚的征","0","2","2"
"惩罚的征兆","0","2","2"
"罚的征兆显","0","2","2"
"星区对应的","0","2","2"
"区对应的分","0","2","2"
"光有芒角的","0","2","2"
"行快则兵乱","0","2","2"
"快则兵乱聚","0","2","2"
"则兵乱聚于","0","2","2"
"方预示丧失","0","2","2"
"当南金星留","0","2","2"
"南金星留在","0","2","2"
"留在它的南","0","2","2"
"太阳正当北","0","2","2"
"阳正当北金","0","2","2"
"正当北金星","0","2","2"
"当北金星留","0","2","2"
"北金星留在","0","2","2"
"留在它的北","0","2","2"
"在它的北面","0","2","2"
"此时金星运","0","2","2"
"时金星运行","0","2","2"
"不当隐没而","0","2","2"
"当隐没而隐","0","2","2"
"隐没而隐没","0","2","2"
"不当出现而","0","2","2"
"当出现而出","0","2","2"
"出现而出现","0","2","2"
"有战争起动","0","2","2"
"又似隐似现","0","2","2"
"有军事行动","0","2","2"
"中原之国败","0","2","2"
"有月食发生","0","2","2"
"所对的分野","0","2","2"
"分野之国所","0","2","2"
"野之国所对","0","2","2"
"改朝换代的","0","2","2"
"是战争的象","0","2","2"
"战争的象征","0","2","2"
"军事行动有","0","2","2"
"星出现在金","0","2","2"
"现在金星之","0","2","2"
"是破军杀将","0","2","2"
"破军杀将的","0","2","2"
"军杀将的征","0","2","2"
"杀将的征兆","0","2","2"
"示中原之国","0","2","2"
"水星与金星","0","2","2"
"星出现西方","0","2","2"
"入侵一方胜","0","2","2"
"入侵方失地","0","2","2"
"被侵方主管","0","2","2"
"侵方主管官","0","2","2"
"方主管官吏","0","2","2"
"主管官吏死","0","2","2"
"管官吏死亡","0","2","2"
"下分野之国","0","2","2"
"当处而不处","0","2","2"
"暂处之后又","0","2","2"
"东西方向离","0","2","2"
"西方向离去","0","2","2"
"与土星会合","0","2","2"
"水星会合为","0","2","2"
"星会合则为","0","2","2"
"会合则为有","0","2","2"
"星与金星会","0","2","2"
"水星会合则","0","2","2"
"示有疾病发","0","2","2"
"有疾病发生","0","2","2"
"星光芒相及","0","2","2"
"星光相触及","0","2","2"
"得到天下的","0","2","2"
"离开他的国","0","2","2"
"开他的国家","0","2","2"
"示其发生之","0","2","2"
"发生之事大","0","2","2"
"则运行不到","0","2","2"
"运行不到应","0","2","2"
"行不到应到","0","2","2"
"不到应到的","0","2","2"
"到应到的宿","0","2","2"
"则运行过了","0","2","2"
"运行过了应","0","2","2"
"行过了应到","0","2","2"
"过了应到的","0","2","2"
"了应到的宿","0","2","2"
"逆行则要占","0","2","2"
"行则要占卜","0","2","2"
"行的状况不","0","2","2"
"星在北河星","0","2","2"
"的分野地是","0","2","2"
"不占卜曰月","0","2","2"
"域占验在水","0","2","2"
"占验在水星","0","2","2"
"面观测它们","0","2","2"
"观测它们的","0","2","2"
"测它们的征","0","2","2"
"它们的征候","0","2","2"
"北方少数民","0","2","2"
"有旱灾发生","0","2","2"
"二月晨出东","0","2","2"
"现提早有旱","0","2","2"
"提早有旱灾","0","2","2"
"现过晚有水","0","2","2"
"过晚有水灾","0","2","2"
"中说在参宿","0","2","2"
"舆鬼宿出现","0","2","2"
"中说在柳宿","0","2","2"
"有水灾发生","0","2","2"
"逆行的情况","0","2","2"
"也像是不能","0","2","2"
"对应的一方","0","2","2"
"应的一方不","0","2","2"
"的一方不利","0","2","2"
"是金属之体","0","2","2"
"金属之体有","0","2","2"
"属之体有气","0","2","2"
"之体有气散","0","2","2"
"体有气散发","0","2","2"
"陨落到地上","0","2","2"
"离天北极居","0","2","2"
"天北极居中","0","2","2"
"所以晷影长","0","2","2"
"长一丈三尺","0","2","2"
"天北极远近","0","2","2"
"太阳的南北","0","2","2"
"现在黄道的","0","2","2"
"两道为运行","0","2","2"
"道为运行在","0","2","2"
"运行在阳道","0","2","2"
"运行在阴道","0","2","2"
"王治政过严","0","2","2"
"王治政过宽","0","2","2"
"太阳运行的","0","2","2"
"是君王治政","0","2","2"
"月离开中道","0","2","2"
"中说月亮运","0","2","2"
"说月亮运行","0","2","2"
"亮出现在房","0","2","2"
"在房宿南面","0","2","2"
"有云气在光","0","2","2"
"云气在光环","0","2","2"
"气在光环之","0","2","2"
"光环先出现","0","2","2"
"出现先离去","0","2","2"
"光环后出现","0","2","2"
"所在星区相","0","2","2"
"在星区相应","0","2","2"
"星区相应的","0","2","2"
"区相应的分","0","2","2"
"相应的分野","0","2","2"
"应的分野地","0","2","2"
"云气下黑上","0","2","2"
"云气运行高","0","2","2"
"十里显现其","0","2","2"
"里显现其征","0","2","2"
"麦子的收成","0","2","2"
"预示当年庄","0","2","2"
"示当年庄稼","0","2","2"
"年年景极坏","0","2","2"
"在正月初一","0","2","2"
"一年十二个","0","2","2"
"年十二个月","0","2","2"
"对应的国家","0","2","2"
"发生三十六","0","2","2"
"生三十六次","0","2","2"
"君的情况发","0","2","2"
"逃亡不能保","0","2","2"
"预示天下有","0","2","2"
"宿的分野之","0","2","2"
"秦王子婴在","0","2","2"
"示的是秦地","0","2","2"
"有星光几乎","0","2","2"
"星光几乎近","0","2","2"
"光几乎近身","0","2","2"
"在四季的第","0","2","2"
"四季的第一","0","2","2"
"时项羽为楚","0","2","2"
"项羽为楚王","0","2","2"
"平定三秦地","0","2","2"
"晚出现在西","0","2","2"
"出现在束井","0","2","2"
"水星同出现","0","2","2"
"北方的军队","0","2","2"
"现在西南方","0","2","2"
"于是打败了","0","2","2"
"治了他们的","0","2","2"
"楚元王的儿","0","2","2"
"火星运行入","0","2","2"
"丧事的象征","0","2","2"
"五月壬午曰","0","2","2"
"秋天才停止","0","2","2"
"有彗星见于","0","2","2"
"陈皇后被废","0","2","2"
"有火灾发生","0","2","2"
"占候星象的","0","2","2"
"候星象的人","0","2","2"
"因为战争而","0","2","2"
"有新星见于","0","2","2"
"越国的门户","0","2","2"
"百姓将失去","0","2","2"
"后来金星出","0","2","2"
"来金星出现","0","2","2"
"后来金星进","0","2","2"
"来金星进入","0","2","2"
"星进入太微","0","2","2"
"进入太微垣","0","2","2"
"星进入昴宿","0","2","2"
"当有大臣被","0","2","2"
"有大臣被戮","0","2","2"
"星进入东井","0","2","2"
"军上官安与","0","2","2"
"来安定国家","0","2","2"
"废除了刘贺","0","2","2"
"三月丙戌曰","0","2","2"
"有流星出现","0","2","2"
"流星出现在","0","2","2"
"开始出现时","0","2","2"
"宿出现于西","0","2","2"
"大臣有被诛","0","2","2"
"臣有被诛杀","0","2","2"
"有被诛杀的","0","2","2"
"天子的宫廷","0","2","2"
"现在楚国的","0","2","2"
"在楚国的彭","0","2","2"
"尾指向东南","0","2","2"
"光的夫人显","0","2","2"
"那年十二月","0","2","2"
"星出现在昴","0","2","2"
"王凤做大将","0","2","2"
"凤做大将军","0","2","2"
"月亮遮掩土","0","2","2"
"亮遮掩土星","0","2","2"
"星在它的西","0","2","2"
"在它的西北","0","2","2"
"横贯舆鬼宿","0","2","2"
"星向西运行","0","2","2"
"二月己卯曰","0","2","2"
"男子樊并等","0","2","2"
"抢夺库中兵","0","2","2"
"夺库中兵器","0","2","2"
"党羽数百人","0","2","2"
"预示大臣有","0","2","2"
"有被囚禁的","0","2","2"
"后土祠祭祀","0","2","2"
"星出现在牵","0","2","2"
"出现在牵牛","0","2","2"
"现在牵牛宿","0","2","2"
"六月甲子曰","0","2","2"
"皇帝下诏书","0","2","2"
"分为一百二","0","2","2"
"大司马之职","0","2","2"
"天显示征兆","0","2","2"
"圣人就加以","0","2","2"
"禹治理洪水","0","2","2"
"周朝战胜殷","0","2","2"
"朝战胜殷朝","0","2","2"
"战胜殷朝后","0","2","2"
"天地人的常","0","2","2"
"二叫羞用五","0","2","2"
"叫羞用五事","0","2","2"
"道德衰败后","0","2","2"
"灭学术之后","0","2","2"
"的儿子刘歆","0","2","2"
"可曲可直之","0","2","2"
"曲可直之性","0","2","2"
"鲁成公十六","0","2","2"
"是阴气太盛","0","2","2"
"是显贵大臣","0","2","2"
"公卿大夫的","0","2","2"
"卿大夫的象","0","2","2"
"大夫的象征","0","2","2"
"还有一种说","0","2","2"
"这一年晋国","0","2","2"
"的怪异现象","0","2","2"
"的百姓没有","0","2","2"
"以天帝降灾","0","2","2"
"宫的粮仓是","0","2","2"
"鲁桓公不醒","0","2","2"
"与夫人一起","0","2","2"
"夫人一起到","0","2","2"
"到他死的时","0","2","2"
"桓公的夫人","0","2","2"
"成周洛阳的","0","2","2"
"周洛阳的宣","0","2","2"
"洛阳的宣榭","0","2","2"
"阳的宣榭着","0","2","2"
"的宣榭着火","0","2","2"
"毛伯二大夫","0","2","2"
"言而驱逐了","0","2","2"
"鲁宣公杀了","0","2","2"
"没有哀痛的","0","2","2"
"了他父亲的","0","2","2"
"先前宋公听","0","2","2"
"前宋公听信","0","2","2"
"听信了谗言","0","2","2"
"古代的火正","0","2","2"
"的配祭于心","0","2","2"
"配祭于心星","0","2","2"
"的配祭于味","0","2","2"
"配祭于味星","0","2","2"
"如果国家动","0","2","2"
"果国家动乱","0","2","2"
"天象的变化","0","2","2"
"是什么时候","0","2","2"
"为国家的祸","0","2","2"
"认为这是先","0","2","2"
"杀了太子痤","0","2","2"
"陈国发生火","0","2","2"
"夏征舒杀了","0","2","2"
"征舒杀了他","0","2","2"
"舒杀了他的","0","2","2"
"五十二年然","0","2","2"
"十二年然后","0","2","2"
"火是水的妃","0","2","2"
"楚国所主治","0","2","2"
"这就意味着","0","2","2"
"五这个数完","0","2","2"
"这个数完成","0","2","2"
"个数完成的","0","2","2"
"年而到鹑火","0","2","2"
"而到鹑火星","0","2","2"
"后陈国终于","0","2","2"
"陈国终于灭","0","2","2"
"国终于灭亡","0","2","2"
"楚国灭了陈","0","2","2"
"国灭了陈国","0","2","2"
"仲舒认为这","0","2","2"
"拥护周王的","0","2","2"
"刘向都认为","0","2","2"
"向都认为这","0","2","2"
"季氏驱逐了","0","2","2"
"氏驱逐了鲁","0","2","2"
"驱逐了鲁昭","0","2","2"
"逐了鲁昭公","0","2","2"
"信用季氏的","0","2","2"
"天帝的谴告","0","2","2"
"帝的谴告似","0","2","2"
"的谴告似乎","0","2","2"
"圣人而放纵","0","2","2"
"由之而生的","0","2","2"
"之而生的妖","0","2","2"
"公的两座宗","0","2","2"
"的两座宗庙","0","2","2"
"庙不应当建","0","2","2"
"发生火灾的","0","2","2"
"因为鲁桓公","0","2","2"
"这是因为当","0","2","2"
"是自然而然","0","2","2"
"赵王刘如意","0","2","2"
"趟王的母亲","0","2","2"
"母亲戚夫人","0","2","2"
"姐姐鲁元公","0","2","2"
"姐鲁元公主","0","2","2"
"之室是用以","0","2","2"
"供奉宗庙的","0","2","2"
"皇后没有儿","0","2","2"
"后宫美人生","0","2","2"
"未央宫束阙","0","2","2"
"央宫束阙楼","0","2","2"
"诸侯的象征","0","2","2"
"孝景帝中元","0","2","2"
"景帝中元五","0","2","2"
"帝中元五年","0","2","2"
"栗太子被废","0","2","2"
"因为犯罪被","0","2","2"
"以往的事例","0","2","2"
"了解其中的","0","2","2"
"国家的各种","0","2","2"
"从形势上看","0","2","2"
"的意思一样","0","2","2"
"力量不足以","0","2","2"
"受了他们的","0","2","2"
"接受了他们","0","2","2"
"天下的重大","0","2","2"
"地位显贵而","0","2","2"
"行为不正的","0","2","2"
"董仲舒的学","0","2","2"
"仲舒的学生","0","2","2"
"舒的学生吕","0","2","2"
"的学生吕步","0","2","2"
"学生吕步舒","0","2","2"
"查办淮南王","0","2","2"
"征和二年春","0","2","2"
"武帝的女儿","0","2","2"
"太仆公孙敬","0","2","2"
"仆公孙敬声","0","2","2"
"汉武帝任命","0","2","2"
"丞相刘屈厘","0","2","2"
"漠成帝河平","0","2","2"
"以大逆之罪","0","2","2"
"她的妹妹被","0","2","2"
"被封为昭仪","0","2","2"
"都伏法处死","0","2","2"
"将军霍光把","0","2","2"
"把他们杀了","0","2","2"
"断绝了继嗣","0","2","2"
"霍光执掌朝","0","2","2"
"光执掌朝政","0","2","2"
"有害于国家","0","2","2"
"萧望之自杀","0","2","2"
"的离宫别馆","0","2","2"
"陵墓所在之","0","2","2"
"陵园束阙楼","0","2","2"
"园束阙楼的","0","2","2"
"束阙楼的南","0","2","2"
"阙楼的南面","0","2","2"
"堪为光禄勋","0","2","2"
"国家的祸害","0","2","2"
"周堪很少能","0","2","2"
"能进见皇帝","0","2","2"
"许皇后被废","0","2","2"
"皇后被废黜","0","2","2"
"可以奉祀宗","0","2","2"
"以奉祀宗庙","0","2","2"
"后来终于因","0","2","2"
"未央宫的束","0","2","2"
"是成帝的母","0","2","2"
"所住的地方","0","2","2"
"他的弟弟曲","0","2","2"
"的弟弟曲阳","0","2","2"
"弟弟曲阳侯","0","2","2"
"弟曲阳侯王","0","2","2"
"哥的儿子新","0","2","2"
"的儿子新都","0","2","2"
"儿子新都侯","0","2","2"
"要与成帝的","0","2","2"
"为不可以这","0","2","2"
"庙在渭水之","0","2","2"
"在渭水之北","0","2","2"
"时平帝年幼","0","2","2"
"太后临朝听","0","2","2"
"后临朝听政","0","2","2"
"造就是圣人","0","2","2"
"麦苗大量死","0","2","2"
"苗大量死掉","0","2","2"
"个小叔子淫","0","2","2"
"小叔子淫乱","0","2","2"
"不改悔醒悟","0","2","2"
"为了树立威","0","2","2"
"就此事询问","0","2","2"
"四十里的地","0","2","2"
"出武库中的","0","2","2"
"传上所说的","0","2","2"
"阴阳调和而","0","2","2"
"这就是所说","0","2","2"
"引发的天灾","0","2","2"
"这样造成的","0","2","2"
"对于大败之","0","2","2"
"于大败之敌","0","2","2"
"当时鲁桓公","0","2","2"
"要杀死桓公","0","2","2"
"刘歆则认为","0","2","2"
"公七年秋季","0","2","2"
"一年之后再","0","2","2"
"在此之前鲁","0","2","2"
"一千六百多","0","2","2"
"害怕被处死","0","2","2"
"赠送的礼物","0","2","2"
"越来越骄横","0","2","2"
"到的惩罚就","0","2","2"
"在人的身上","0","2","2"
"有时发生在","0","2","2"
"时发生在事","0","2","2"
"的言谈举止","0","2","2"
"表现得怠慢","0","2","2"
"所以就出现","0","2","2"
"的颜色是青","0","2","2"
"春天与秋天","0","2","2"
"天与秋天一","0","2","2"
"与秋天一样","0","2","2"
"为在天文上","0","2","2"
"常雨不停的","0","2","2"
"是阴阳之气","0","2","2"
"阴阳之气相","0","2","2"
"以知道他的","0","2","2"
"脚抬得很高","0","2","2"
"能长久下去","0","2","2"
"从这裹可以","0","2","2"
"道他的德行","0","2","2"
"是这类情况","0","2","2"
"那还有什么","0","2","2"
"成公十七年","0","2","2"
"遵守规则的","0","2","2"
"国大夫叔孙","0","2","2"
"叔孙穆子说","0","2","2"
"的根本原因","0","2","2"
"不免于灾祸","0","2","2"
"他行为淫乱","0","2","2"
"十一年夏季","0","2","2"
"晋国大夫叔","0","2","2"
"国大夫叔向","0","2","2"
"大夫叔向说","0","2","2"
"与诸侯各国","0","2","2"
"开始有雷电","0","2","2"
"始有雷电的","0","2","2"
"是人君的象","0","2","2"
"人君的象征","0","2","2"
"发生这样的","0","2","2"
"汉成帝建始","0","2","2"
"成败的征兆","0","2","2"
"陷害而自杀","0","2","2"
"羽毛装饰的","0","2","2"
"天子的命令","0","2","2"
"戴着方山冠","0","2","2"
"在您身边的","0","2","2"
"刘贺被废黜","0","2","2"
"这种形势下","0","2","2"
"现在陛下您","0","2","2"
"公卿百官不","0","2","2"
"卿百官不知","0","2","2"
"陛下在什么","0","2","2"
"下在什么地","0","2","2"
"失为君之道","0","2","2"
"雄鸡自己咬","0","2","2"
"鸡自己咬断","0","2","2"
"认为这近似","0","2","2"
"逃奔到楚国","0","2","2"
"自己的尾巴","0","2","2"
"雌鸡变成雄","0","2","2"
"鸡变成雄鶸","0","2","2"
"汉元帝初元","0","2","2"
"元帝初元年","0","2","2"
"京房认为自","0","2","2"
"房认为自己","0","2","2"
"从前周武王","0","2","2"
"前周武王讨","0","2","2"
"关于国家的","0","2","2"
"孝元帝的王","0","2","2"
"元帝的王皇","0","2","2"
"太子继立为","0","2","2"
"子继立为帝","0","2","2"
"婕妤的父亲","0","2","2"
"王禁为阳平","0","2","2"
"禁为阳平侯","0","2","2"
"皇后的儿子","0","2","2"
"后的儿子为","0","2","2"
"王皇后为皇","0","2","2"
"的弟弟王凤","0","2","2"
"把朝政交给","0","2","2"
"朝政交给他","0","2","2"
"从王凤开始","0","2","2"
"篡夺了汉朝","0","2","2"
"此而出现的","0","2","2"
"改用另外的","0","2","2"
"用另外的牛","0","2","2"
"用以表示对","0","2","2"
"孟孙三家大","0","2","2"
"象征着季氏","0","2","2"
"鲁襄公的时","0","2","2"
"襄公的时候","0","2","2"
"各诸侯国都","0","2","2"
"三家大夫驱","0","2","2"
"家大夫驱逐","0","2","2"
"最后死在外","0","2","2"
"食祭祀用牛","0","2","2"
"汉孝昭帝元","0","2","2"
"孝昭帝元凤","0","2","2"
"燕国有黄鼠","0","2","2"
"时燕剌王刘","0","2","2"
"刘旦谋反将","0","2","2"
"谋反之事被","0","2","2"
"反之事被朝","0","2","2"
"之事被朝廷","0","2","2"
"事被朝廷发","0","2","2"
"被朝廷发觉","0","2","2"
"僖公的神主","0","2","2"
"公的神主升","0","2","2"
"年秋季七月","0","2","2"
"的两座城门","0","2","2"
"因为他的太","0","2","2"
"为他的太子","0","2","2"
"与楚王刘戊","0","2","2"
"警戒好像是","0","2","2"
"戒好像是说","0","2","2"
"所谋划的事","0","2","2"
"吴王不醒悟","0","2","2"
"司马董贤的","0","2","2"
"帝的宠爱而","0","2","2"
"在千里之外","0","2","2"
"里之外的人","0","2","2"
"不能治理国","0","2","2"
"的天罚就是","0","2","2"
"天罚就是常","0","2","2"
"朝野上下都","0","2","2"
"发生怪异现","0","2","2"
"生怪异现象","0","2","2"
"有白眚白祥","0","2","2"
"就是齐国的","0","2","2"
"太子的弟弟","0","2","2"
"活不多久了","0","2","2"
"哪裹还顾得","0","2","2"
"以丧忧为乐","0","2","2"
"分就是犯错","0","2","2"
"种征兆中的","0","2","2"
"征兆中的恒","0","2","2"
"发的旱灾是","0","2","2"
"齐桓公死后","0","2","2"
"顺从了楚国","0","2","2"
"行求雨大祭","0","2","2"
"引起的天应","0","2","2"
"引发的天应","0","2","2"
"行大规模的","0","2","2"
"大规模的打","0","2","2"
"规模的打猎","0","2","2"
"恐怕要亡国","0","2","2"
"怕要亡国了","0","2","2"
"被季氏打败","0","2","2"
"一年之内三","0","2","2"
"年之内三次","0","2","2"
"直到秋天七","0","2","2"
"到秋天七月","0","2","2"
"济北王刘兴","0","2","2"
"北王刘兴居","0","2","2"
"派大将军去","0","2","2"
"奴大举侵入","0","2","2"
"四位将军征","0","2","2"
"将军征伐匈","0","2","2"
"军征伐匈奴","0","2","2"
"十余万军队","0","2","2"
"队征伐匈奴","0","2","2"
"前贰师将军","0","2","2"
"将军征伐大","0","2","2"
"军征伐大宛","0","2","2"
"将军率军二","0","2","2"
"万征伐匈奴","0","2","2"
"太阳与月亮","0","2","2"
"是夏历的十","0","2","2"
"夏历的十月","0","2","2"
"时的童谣唱","0","2","2"
"的童谣唱道","0","2","2"
"位十四年而","0","2","2"
"公辅佐朝政","0","2","2"
"到阳阿公主","0","2","2"
"阳阿公主家","0","2","2"
"木门琯琅根","0","2","2"
"黄雀筑巢在","0","2","2"
"雀筑巢在树","0","2","2"
"筑巢在树颠","0","2","2"
"严公将要娶","0","2","2"
"公将要娶齐","0","2","2"
"将要娶齐国","0","2","2"
"要娶齐国的","0","2","2"
"齐国的淫荡","0","2","2"
"国的淫荡之","0","2","2"
"天帝似乎在","0","2","2"
"国家也几乎","0","2","2"
"家也几乎灭","0","2","2"
"也几乎灭亡","0","2","2"
"用毒酒杀死","0","2","2"
"戚夫人的手","0","2","2"
"子都封了王","0","2","2"
"鼂逃奔楚国","0","2","2"
"忽然不见了","0","2","2"
"昭帝元凤三","0","2","2"
"己立起来了","0","2","2"
"入地有八尺","0","2","2"
"地有八尺深","0","2","2"
"有几千只白","0","2","2"
"而泰山是群","0","2","2"
"泰山是群山","0","2","2"
"是改朝换代","0","2","2"
"天上降落白","0","2","2"
"妖祥就是天","0","2","2"
"是宗庙中的","0","2","2"
"瓜分了晋国","0","2","2"
"保卫国家的","0","2","2"
"这叫做不哲","0","2","2"
"后果就是疾","0","2","2"
"果就是疾病","0","2","2"
"就是疾病流","0","2","2"
"是疾病流行","0","2","2"
"惩罚就是长","0","2","2"
"导致的灾害","0","2","2"
"的都是病于","0","2","2"
"不施行诛罚","0","2","2"
"象征了夫人","0","2","2"
"因为当时鲁","0","2","2"
"朝政萎靡不","0","2","2"
"当时皇帝刚","0","2","2"
"现在的十月","0","2","2"
"诛罚之令不","0","2","2"
"文公不醒悟","0","2","2"
"公子遂杀了","0","2","2"
"野树生在朝","0","2","2"
"树生在朝廷","0","2","2"
"落到鼎耳上","0","2","2"
"居三公之位","0","2","2"
"五福就会降","0","2","2"
"后来发生了","0","2","2"
"李梅结果实","0","2","2"
"公孙病已立","0","2","2"
"卫太子的孙","0","2","2"
"造就是汉宣","0","2","2"
"就是汉宣帝","0","2","2"
"就这件事说","0","2","2"
"止民间私自","0","2","2"
"这时就会有","0","2","2"
"就是天上下","0","2","2"
"昭公不醒悟","0","2","2"
"王刘戊不醒","0","2","2"
"刘戊不醒悟","0","2","2"
"现的妖异就","0","2","2"
"乌鸦与喜鹊","0","2","2"
"鸦与喜鹊在","0","2","2"
"当时燕王刘","0","2","2"
"时燕王刘旦","0","2","2"
"乌鹊相斗而","0","2","2"
"鹊相斗而死","0","2","2"
"黑色的乌鸦","0","2","2"
"的乌鸦死掉","0","2","2"
"白色的乌鸦","0","2","2"
"飞来聚集在","0","2","2"
"所以出现了","0","2","2"
"宫室将要空","0","2","2"
"把这件事上","0","2","2"
"这件事上报","0","2","2"
"孩子的母亲","0","2","2"
"烧自己的巢","0","2","2"
"卿大臣以下","0","2","2"
"自己的官位","0","2","2"
"有什么理由","0","2","2"
"陛下即位已","0","2","2"
"而改正自己","0","2","2"
"改正自己的","0","2","2"
"不是同类的","0","2","2"
"走宝玉大弓","0","2","2"
"人生下一个","0","2","2"
"身长红毛的","0","2","2"
"长大成人后","0","2","2"
"后来吕太后","0","2","2"
"来吕太后驾","0","2","2"
"吕太后驾崩","0","2","2"
"一起消灭了","0","2","2"
"出现的灾象","0","2","2"
"有黑眚黑祥","0","2","2"
"没有这种应","0","2","2"
"有这种应验","0","2","2"
"灭了他们的","0","2","2"
"了他们的宗","0","2","2"
"下霜冻死庄","0","2","2"
"道德的人遭","0","2","2"
"周代的十月","0","2","2"
"是现在的八","0","2","2"
"现在的八月","0","2","2"
"下雪的时候","0","2","2"
"立妾为夫人","0","2","2"
"参与谋反的","0","2","2"
"也都被斩首","0","2","2"
"罪免官成为","0","2","2"
"合天帝的心","0","2","2"
"也无济于事","0","2","2"
"为周代的十","0","2","2"
"后来终于受","0","2","2"
"的时候说杀","0","2","2"
"大军埋伏在","0","2","2"
"军埋伏在马","0","2","2"
"埋伏在马邑","0","2","2"
"袭击匈奴单","0","2","2"
"击匈奴单于","0","2","2"
"气夹持而合","0","2","2"
"夹持而合不","0","2","2"
"持而合不进","0","2","2"
"阴气夹持阳","0","2","2"
"气夹持阳气","0","2","2"
"夹持阳气而","0","2","2"
"当时季氏专","0","2","2"
"的人得到进","0","2","2"
"人得到进用","0","2","2"
"书上记载秦","0","2","2"
"上记载秦始","0","2","2"
"鼎五年秋季","0","2","2"
"将军率军十","0","2","2"
"介虫类的妖","0","2","2"
"之人都知道","0","2","2"
"个儿子都被","0","2","2"
"都因罪被杀","0","2","2"
"僖公十五年","0","2","2"
"连续三年出","0","2","2"
"杀了无罪的","0","2","2"
"这一年再次","0","2","2"
"按田亩征税","0","2","2"
"传下来的制","0","2","2"
"是不太合适","0","2","2"
"就可以避免","0","2","2"
"有的拥立子","0","2","2"
"的异常现象","0","2","2"
"沉溺于酒宴","0","2","2"
"出现的异常","0","2","2"
"思考问题不","0","2","2"
"考问题不宽","0","2","2"
"问题不宽宏","0","2","2"
"就不算圣明","0","2","2"
"就愚昧无知","0","2","2"
"有脂妖与夜","0","2","2"
"脂妖与夜妖","0","2","2"
"妖与夜妖出","0","2","2"
"与夜妖出现","0","2","2"
"有黄病吉凶","0","2","2"
"黄病吉凶的","0","2","2"
"病吉凶的征","0","2","2"
"经常有五行","0","2","2"
"常有五行妖","0","2","2"
"有五行妖孽","0","2","2"
"五行妖孽出","0","2","2"
"行妖孽出现","0","2","2"
"居上位的人","0","2","2"
"上位的人度","0","2","2"
"位的人度量","0","2","2"
"的人度量不","0","2","2"
"人度量不宽","0","2","2"
"度量不宽宏","0","2","2"
"常风的处罚","0","2","2"
"有裸虫这种","0","2","2"
"牛大量死亡","0","2","2"
"是短命夭折","0","2","2"
"回飞经过宋","0","2","2"
"皇帝赦免了","0","2","2"
"帝赦免了他","0","2","2"
"上天警戒像","0","2","2"
"天警戒像是","0","2","2"
"警戒像是说","0","2","2"
"巨雷震动了","0","2","2"
"夷伯的庙堂","0","2","2"
"这是贪利的","0","2","2"
"是贪利的应","0","2","2"
"贪利的应验","0","2","2"
"刘向以为先","0","2","2"
"向以为先是","0","2","2"
"卫侯朔逃奔","0","2","2"
"三位将军驻","0","2","2"
"位将军驻扎","0","2","2"
"以为这近似","0","2","2"
"田猎的场所","0","2","2"
"能长久吗?","0","2","2"
"向以为造时","0","2","2"
"死亡的象征","0","2","2"
"爵位关内侯","0","2","2"
"大臣的礼仪","0","2","2"
"向以为这是","0","2","2"
"将要灭亡了","0","2","2"
"这个时候就","0","2","2"
"废后的父亲","0","2","2"
"刘向以为从","0","2","2"
"向以为从前","0","2","2"
"其地震动摇","0","2","2"
"鸡泽的会盟","0","2","2"
"人杀了吴子","0","2","2"
"走了他们的","0","2","2"
"从当地叛乱","0","2","2"
"武帝征和二","0","2","2"
"帝征和二年","0","2","2"
"和二年八月","0","2","2"
"三十多座城","0","2","2"
"札子杀了召","0","2","2"
"子杀了召伯","0","2","2"
"家灭亡的象","0","2","2"
"灭亡的象征","0","2","2"
"不会超过这","0","2","2"
"过了十六年","0","2","2"
"惠王的孙子","0","2","2"
"这是违背古","0","2","2"
"是违背古代","0","2","2"
"楚七国起兵","0","2","2"
"一百二十四","0","2","2"
"所兴起的地","0","2","2"
"就有龙蛇之","0","2","2"
"帝王的军队","0","2","2"
"歆以为这是","0","2","2"
"邑王刘贺为","0","2","2"
"谋害皇上的","0","2","2"
"把他交给官","0","2","2"
"他交给官吏","0","2","2"
"吏把这件事","0","2","2"
"了大将军霍","0","2","2"
"杀君王的事","0","2","2"
"一起废掉了","0","2","2"
"布满太阳四","0","2","2"
"满太阳四周","0","2","2"
"公卿不称职","0","2","2"
"将会有大昏","0","2","2"
"会有大昏暗","0","2","2"
"有大昏暗产","0","2","2"
"大昏暗产生","0","2","2"
"昏云微弱而","0","2","2"
"造就是不足","0","2","2"
"忠臣进善言","0","2","2"
"楛箭射穿了","0","2","2"
"使他们不要","0","2","2"
"还是处女的","0","2","2"
"是处女的妾","0","2","2"
"上记载昭公","0","2","2"
"龙出现在兰","0","2","2"
"出现在兰陵","0","2","2"
"妖是由人兴","0","2","2"
"是由人兴起","0","2","2"
"像先君的气","0","2","2"
"先君的气数","0","2","2"
"史上记载秦","0","2","2"
"自己的强大","0","2","2"
"有不是他的","0","2","2"
"它的妖孽就","0","2","2"
"不应兴兵向","0","2","2"
"皇上的念头","0","2","2"
"年二十二岁","0","2","2"
"董贤的印绶","0","2","2"
"太后的陵墓","0","2","2"
"有篡位杀君","0","2","2"
"位杀君的祸","0","2","2"
"杀君的祸患","0","2","2"
"下人伐上的","0","2","2"
"人伐上的怪","0","2","2"
"伐上的怪异","0","2","2"
"现的妖异是","0","2","2"
"下面的百姓","0","2","2"
"出现在临洮","0","2","2"
"女子变化为","0","2","2"
"子变化为男","0","2","2"
"变化为男人","0","2","2"
"男人变为女","0","2","2"
"人变为女人","0","2","2"
"哀帝建平年","0","2","2"
"帝建平年间","0","2","2"
"出嫁为人妇","0","2","2"
"县有一女子","0","2","2"
"这才是真正","0","2","2"
"如果不改就","0","2","2"
"吴王刘濞发","0","2","2"
"弓箭的锐利","0","2","2"
"可以使天下","0","2","2"
"帝母亲王太","0","2","2"
"王太后的弟","0","2","2"
"绶带佩在身","0","2","2"
"带佩在身上","0","2","2"
"天下人认为","0","2","2"
"哀帝又征召","0","2","2"
"这时皇帝的","0","2","2"
"的要害之处","0","2","2"
"受到诗人的","0","2","2"
"朝处理国事","0","2","2"
"这是晦曰日","0","2","2"
"是晦曰日食","0","2","2"
"执行天子的","0","2","2"
"都发生了杀","0","2","2"
"发生了杀君","0","2","2"
"以为正月二","0","2","2"
"为正月二日","0","2","2"
"所以经书上","0","2","2"
"人的行为而","0","2","2"
"是朔日而实","0","2","2"
"朔日而实际","0","2","2"
"现的灾异就","0","2","2"
"灾异就是日","0","2","2"
"异就是日食","0","2","2"
"现的日食是","0","2","2"
"的灾异是日","0","2","2"
"太阳出来而","0","2","2"
"超越自己的","0","2","2"
"接受命令的","0","2","2"
"诛杀纣王一","0","2","2"
"杀纣王一样","0","2","2"
"这是臣弑君","0","2","2"
"君而自立为","0","2","2"
"周王的命令","0","2","2"
"仲舒认为宿","0","2","2"
"舒认为宿星","0","2","2"
"认为宿星在","0","2","2"
"月辛未朔日","0","2","2"
"刘歆以为五","0","2","2"
"歆以为五月","0","2","2"
"歆以为十月","0","2","2"
"月二日是楚","0","2","2"
"齐桓公施行","0","2","2"
"桓公施行霸","0","2","2"
"公施行霸道","0","2","2"
"了强大的楚","0","2","2"
"诸侯讨伐郑","0","2","2"
"以为三月是","0","2","2"
"歆以为二月","0","2","2"
"都自立为王","0","2","2"
"晋人灭掉了","0","2","2"
"位君主被杀","0","2","2"
"晋在贸戎打","0","2","2"
"打败了周王","0","2","2"
"败了周王的","0","2","2"
"了周王的军","0","2","2"
"周王的军队","0","2","2"
"打败了齐国","0","2","2"
"以为后来晋","0","2","2"
"宋国的大夫","0","2","2"
"宋国的彭城","0","2","2"
"刘歆以为九","0","2","2"
"歆以为九月","0","2","2"
"以为九月是","0","2","2"
"为九月是周","0","2","2"
"以为后来卫","0","2","2"
"二月二日是","0","2","2"
"月丙辰朔日","0","2","2"
"有反叛之心","0","2","2"
"月庚辰朔日","0","2","2"
"仲舒以为后","0","2","2"
"舒以为后来","0","2","2"
"刘歆以为六","0","2","2"
"歆以为六月","0","2","2"
"仲舒以为这","0","2","2"
"经常这样占","0","2","2"
"常这样占卜","0","2","2"
"国家的统治","0","2","2"
"不可不谨慎","0","2","2"
"没有比日月","0","2","2"
"有比日月更","0","2","2"
"比日月更大","0","2","2"
"日月更大的","0","2","2"
"月更大的了","0","2","2"
"阴侵犯阳的","0","2","2"
"躲避一段时","0","2","2"
"避一段时间","0","2","2"
"是天子的象","0","2","2"
"带着他们的","0","2","2"
"歆以为二日","0","2","2"
"以为二日是","0","2","2"
"春分和秋分","0","2","2"
"曰月的运行","0","2","2"
"月辛亥朔日","0","2","2"
"带着封邑叛","0","2","2"
"着封邑叛乱","0","2","2"
"三月二日是","0","2","2"
"记载朔日二","0","2","2"
"载朔日二十","0","2","2"
"月甲戌晦日","0","2","2"
"在斗星二十","0","2","2"
"立卢绾为燕","0","2","2"
"卢绾为燕王","0","2","2"
"位尊贵的人","0","2","2"
"星二十二度","0","2","2"
"没有食尽如","0","2","2"
"有食尽如钩","0","2","2"
"张星十二度","0","2","2"
"没食尽如钩","0","2","2"
"日食在婺女","0","2","2"
"所以上天为","0","2","2"
"变异的现象","0","2","2"
"谷永以京房","0","2","2"
"在营室星十","0","2","2"
"所以太阳运","0","2","2"
"以太阳运行","0","2","2"
"月亮就运行","0","2","2"
"在高位的统","0","2","2"
"高位的统治","0","2","2"
"位的统治者","0","2","2"
"的灾异是阳","0","2","2"
"灾异是阳光","0","2","2"
"异是阳光呈","0","2","2"
"太阳呈白色","0","2","2"
"日出呈赤色","0","2","2"
"的灾异是太","0","2","2"
"灾异是太阳","0","2","2"
"异是太阳呈","0","2","2"
"是太阳呈赤","0","2","2"
"太阳呈赤色","0","2","2"
"德行高尚的","0","2","2"
"行高尚的人","0","2","2"
"上天的功劳","0","2","2"
"太阳的光明","0","2","2"
"不是白白地","0","2","2"
"星像雨一样","0","2","2"
"君主的象征","0","2","2"
"象征齐桓公","0","2","2"
"才得以安定","0","2","2"
"星坠而且有","0","2","2"
"坠而且有雨","0","2","2"
"这一年岁星","0","2","2"
"是鲁国的分","0","2","2"
"鲁国的分野","0","2","2"
"是天事经常","0","2","2"
"天事经常的","0","2","2"
"都是由于妇","0","2","2"
"是由于妇人","0","2","2"
"由于妇人和","0","2","2"
"两代就灭亡","0","2","2"
"代就灭亡了","0","2","2"
"彗星进入北","0","2","2"
"星进入北斗","0","2","2"
"星出现在北","0","2","2"
"是用来除旧","0","2","2"
"用来除旧布","0","2","2"
"来除旧布新","0","2","2"
"除旧布新的","0","2","2"
"造就是它的","0","2","2"
"就是它的效","0","2","2"
"是它的效应","0","2","2"
"边的那颗星","0","2","2"
"打败了楚国","0","2","2"
"并俘获了他","0","2","2"
"楚国的郢都","0","2","2"
"有星孛在大","0","2","2"
"星孛在大辰","0","2","2"
"就是这样吗","0","2","2"
"大辰星的故","0","2","2"
"辰星的故城","0","2","2"
"祝融星的故","0","2","2"
"融星的故城","0","2","2"
"火所产生的","0","2","2"
"君主的明智","0","2","2"
"后宫怀孕的","0","2","2"
"诅咒后宫怀","0","2","2"
"从上古以来","0","2","2"
"陨石坠于宋","0","2","2"
"石坠于宋国","0","2","2"
"象征宋襄公","0","2","2"
"想率领诸侯","0","2","2"
"拒绝别人的","0","2","2"
"绝别人的规","0","2","2"
"别人的规劝","0","2","2"
"块陨石坠落","0","2","2"
"黄河之间是","0","2","2"
"大海和泰山","0","2","2"
"水乘船到达","0","2","2"
"乘船到达黄","0","2","2"
"进贡的物品","0","2","2"
"都得到了治","0","2","2"
"到达大别山","0","2","2"
"从积石山开","0","2","2"
"积石山开始","0","2","2"
"到达大任山","0","2","2"
"向南流入长","0","2","2"
"又向东到达","0","2","2"
"二百里远的","0","2","2"
"三百里远的","0","2","2"
"地方缴纳带","0","2","2"
"四周各五百","0","2","2"
"周各五百里","0","2","2"
"各五百里的","0","2","2"
"以外的地方","0","2","2"
"分封诸侯的","0","2","2"
"代的制度而","0","2","2"
"徐州和梁州","0","2","2"
"能引渠灌溉","0","2","2"
"引渠灌溉农","0","2","2"
"渠灌溉农田","0","2","2"
"灌溉农田的","0","2","2"
"女比例是二","0","2","2"
"比例是二男","0","2","2"
"女比例是一","0","2","2"
"比例是一男","0","2","2"
"谷类适合种","0","2","2"
"适合畜养牛","0","2","2"
"附属于诸侯","0","2","2"
"属于诸侯的","0","2","2"
"于诸侯的小","0","2","2"
"大概有一千","0","2","2"
"概有一千八","0","2","2"
"侯爵和伯爵","0","2","2"
"地图与户籍","0","2","2"
"天下划分为","0","2","2"
"圣人的后代","0","2","2"
"设置了朔方","0","2","2"
"高帝九年撤","0","2","2"
"帝九年撤销","0","2","2"
"重新改为内","0","2","2"
"新改为内史","0","2","2"
"有十九万五","0","2","2"
"年开始筑城","0","2","2"
"山在它的南","0","2","2"
"武帝时建造","0","2","2"
"王莽时叫华","0","2","2"
"元年改名叫","0","2","2"
"从蓝田谷流","0","2","2"
"蓝田谷流出","0","2","2"
"宣帝时设置","0","2","2"
"王莽时叫水","0","2","2"
"王莽时叫饶","0","2","2"
"帝元年属于","0","2","2"
"二年改名为","0","2","2"
"有二十三万","0","2","2"
"辖二十四县","0","2","2"
"王莽时叫师","0","2","2"
"王莽时叫冀","0","2","2"
"是以前的大","0","2","2"
"是雍州的灌","0","2","2"
"雍州的灌渠","0","2","2"
"王莽时叫德","0","2","2"
"五万零五十","0","2","2"
"有二十一万","0","2","2"
"三万六千零","0","2","2"
"辖二十一县","0","2","2"
"王在这裹定","0","2","2"
"秦宣太后建","0","2","2"
"宣太后建造","0","2","2"
"在县的西面","0","2","2"
"王莽时叫漆","0","2","2"
"是雍州的河","0","2","2"
"雍州的河流","0","2","2"
"有六万一千","0","2","2"
"万一千零八","0","2","2"
"古文记载认","0","2","2"
"文记载认为","0","2","2"
"有十一万八","0","2","2"
"百五十四口","0","2","2"
"五十四口人","0","2","2"
"向北流入黄","0","2","2"
"北流入黄河","0","2","2"
"经过一个郡","0","2","2"
"也流入沔水","0","2","2"
"王莽时叫昌","0","2","2"
"南流入雒水","0","2","2"
"向东到郦流","0","2","2"
"东到郦流入","0","2","2"
"行程五百七","0","2","2"
"程五百七十","0","2","2"
"百一十二人","0","2","2"
"分封大夫毕","0","2","2"
"到琅槐流入","0","2","2"
"琅槐流入大","0","2","2"
"槐流入大海","0","2","2"
"经过九个郡","0","2","2"
"王莽时叫香","0","2","2"
"王莽时叫黄","0","2","2"
"分封在遣裹","0","2","2"
"王莽时叫于","0","2","2"
"王莽时叫繁","0","2","2"
"有七万三千","0","2","2"
"百九十八户","0","2","2"
"行程一千六","0","2","2"
"程一千六百","0","2","2"
"莽时叫上党","0","2","2"
"时叫上党亭","0","2","2"
"向东南方向","0","2","2"
"百四十六户","0","2","2"
"高帝时改为","0","2","2"
"有五万二千","0","2","2"
"辖二十二县","0","2","2"
"莽时叫作宜","0","2","2"
"行程七百八","0","2","2"
"程七百八十","0","2","2"
"居住在这裹","0","2","2"
"王莽时叫中","0","2","2"
"王莽时叫原","0","2","2"
"莽时叫左亭","0","2","2"
"周后把它的","0","2","2"
"后把它的君","0","2","2"
"把它的君主","0","2","2"
"它的君主迁","0","2","2"
"的君主迁到","0","2","2"
"君主迁到这","0","2","2"
"的儿子武公","0","2","2"
"被韩国所灭","0","2","2"
"阳迁到这裹","0","2","2"
"莽时改名叫","0","2","2"
"一百六十五","0","2","2"
"千零二十八","0","2","2"
"零二十八人","0","2","2"
"王莽时叫戢","0","2","2"
"程一千零二","0","2","2"
"一千零二十","0","2","2"
"王莽时叫黎","0","2","2"
"王莽时叫清","0","2","2"
"有二十九万","0","2","2"
"百八十四户","0","2","2"
"先从狼汤渠","0","2","2"
"从狼汤渠接","0","2","2"
"狼汤渠接受","0","2","2"
"汤渠接受水","0","2","2"
"王莽时叫襄","0","2","2"
"向东北到都","0","2","2"
"一千三百六","0","2","2"
"年又恢复原","0","2","2"
"六百五十户","0","2","2"
"是以前的诸","0","2","2"
"十四代被楚","0","2","2"
"二年改名叫","0","2","2"
"行程一千五","0","2","2"
"程一千五百","0","2","2"
"一千五百里","0","2","2"
"百八十七户","0","2","2"
"百四十八人","0","2","2"
"王的弟弟叔","0","2","2"
"被分封在这","0","2","2"
"分封在这裹","0","2","2"
"王莽时叫归","0","2","2"
"王莽时叫始","0","2","2"
"有三十五万","0","2","2"
"的母亲功显","0","2","2"
"母亲功显君","0","2","2"
"旧有的侯国","0","2","2"
"到定陵流入","0","2","2"
"定陵流入汝","0","2","2"
"陵流入汝水","0","2","2"
"帝元年改为","0","2","2"
"有云梦的官","0","2","2"
"云梦的官员","0","2","2"
"王莽时叫言","0","2","2"
"王莽时叫当","0","2","2"
"是原来的淮","0","2","2"
"年另立为国","0","2","2"
"属于扬州刺","0","2","2"
"于扬州刺史","0","2","2"
"扬州刺史部","0","2","2"
"北到寿春流","0","2","2"
"帝四年改名","0","2","2"
"四年改名为","0","2","2"
"元年恢复原","0","2","2"
"王莽时叫山","0","2","2"
"有十七万二","0","2","2"
"儿子成公迁","0","2","2"
"是原来的梁","0","2","2"
"零二十五户","0","2","2"
"百七十八人","0","2","2"
"弟弟叔振铎","0","2","2"
"莽时叫吾符","0","2","2"
"被楚国减掉","0","2","2"
"王莽时叫符","0","2","2"
"王莽时叫思","0","2","2"
"王莽时叫田","0","2","2"
"莽时叫成富","0","2","2"
"王莽时叫合","0","2","2"
"王莽时叫魏","0","2","2"
"莽时叫魏城","0","2","2"
"河水分流形","0","2","2"
"水分流形成","0","2","2"
"王莽时叫即","0","2","2"
"流入库池河","0","2","2"
"王莽时叫历","0","2","2"
"陶流入泜水","0","2","2"
"向东南到下","0","2","2"
"莽时叫常山","0","2","2"
"王莽时叫久","0","2","2"
"王莽时叫分","0","2","2"
"是诸侯王的","0","2","2"
"诸侯王的都","0","2","2"
"侯王的都城","0","2","2"
"黄河水分流","0","2","2"
"百六十四人","0","2","2"
"莽时叫迎河","0","2","2"
"有二十六个","0","2","2"
"莽时叫乐亭","0","2","2"
"莽时叫河平","0","2","2"
"属于青州刺","0","2","2"
"于青州刺史","0","2","2"
"青州刺史部","0","2","2"
"行程五百六","0","2","2"
"程五百六十","0","2","2"
"王莽时叫张","0","2","2"
"莽时叫乐安","0","2","2"
"莽时改为建","0","2","2"
"万零七百二","0","2","2"
"零七百二十","0","2","2"
"原来的齐国","0","2","2"
"十四万零七","0","2","2"
"四万零七百","0","2","2"
"百六十一户","0","2","2"
"莽时叫济南","0","2","2"
"高帝时始置","0","2","2"
"七万二千零","0","2","2"
"千六百零四","0","2","2"
"六百零四人","0","2","2"
"二十四个县","0","2","2"
"水向南到下","0","2","2"
"是青州的灌","0","2","2"
"青州的灌渠","0","2","2"
"行程九百四","0","2","2"
"程九百四十","0","2","2"
"县流入沸水","0","2","2"
"王莽时叫鄣","0","2","2"
"王莽时叫诛","0","2","2"
"王莽时叫道","0","2","2"
"原来的侯国","0","2","2"
"王莽时叫望","0","2","2"
"王莽时叫夙","0","2","2"
"莽时叫识命","0","2","2"
"时叫识命县","0","2","2"
"有二十二万","0","2","2"
"向东北到寿","0","2","2"
"北到寿光县","0","2","2"
"到寿光县流","0","2","2"
"寿光县流入","0","2","2"
"光县流入大","0","2","2"
"行程五百二","0","2","2"
"程五百二十","0","2","2"
"王莽时叫泠","0","2","2"
"王莽时叫兰","0","2","2"
"王莽时叫承","0","2","2"
"王莽时叫溥","0","2","2"
"莽时叫淮平","0","2","2"
"有二十六万","0","2","2"
"王莽时叫永","0","2","2"
"王莽时叫亭","0","2","2"
"王莽时叫乌","0","2","2"
"水流入大海","0","2","2"
"王莽时叫泉","0","2","2"
"王莽时叫海","0","2","2"
"由南部都尉","0","2","2"
"百四十一户","0","2","2"
"南方向流出","0","2","2"
"北流入大江","0","2","2"
"县流人大海","0","2","2"
"莽时叫九江","0","2","2"
"莽时叫桓亭","0","2","2"
"时叫桓亭县","0","2","2"
"水向西流入","0","2","2"
"王莽时叫乡","0","2","2"
"县流入湖汉","0","2","2"
"行程一千九","0","2","2"
"程一千九百","0","2","2"
"一千九百八","0","2","2"
"万八干一百","0","2","2"
"向北到酃县","0","2","2"
"北到酃县流","0","2","2"
"到四会县流","0","2","2"
"四会县流入","0","2","2"
"有三万四千","0","2","2"
"下有十三个","0","2","2"
"向东流入沅","0","2","2"
"东流入沅水","0","2","2"
"王莽时叫孱","0","2","2"
"向南流入大","0","2","2"
"向南流入沅","0","2","2"
"南流入沅水","0","2","2"
"二万一千零","0","2","2"
"行程二千五","0","2","2"
"程二千五百","0","2","2"
"一千八百里","0","2","2"
"水向西南流","0","2","2"
"行程五百五","0","2","2"
"程五百五十","0","2","2"
"时叫广信县","0","2","2"
"县流入汉水","0","2","2"
"程一千零六","0","2","2"
"一千零六十","0","2","2"
"下有十五个","0","2","2"
"南到南安县","0","2","2"
"县流入绳水","0","2","2"
"向南到鳖县","0","2","2"
"南到鳖县流","0","2","2"
"到焚道县流","0","2","2"
"焚道县流入","0","2","2"
"道县流入长","0","2","2"
"元鼎六年新","0","2","2"
"鼎六年新开","0","2","2"
"千二百零八","0","2","2"
"千四百零五","0","2","2"
"行程七百五","0","2","2"
"程七百五十","0","2","2"
"有二十四个","0","2","2"
"县流入温水","0","2","2"
"县流入仆水","0","2","2"
"山出产银和","0","2","2"
"出产银和铅","0","2","2"
"周水首先从","0","2","2"
"外接受水源","0","2","2"
"行程六百五","0","2","2"
"程六百五十","0","2","2"
"县的南面流","0","2","2"
"的南面流入","0","2","2"
"县流入潭水","0","2","2"
"水向东到广","0","2","2"
"向东到广郁","0","2","2"
"到麋泠县流","0","2","2"
"麋泠县流入","0","2","2"
"泠县流入尚","0","2","2"
"县流入尚龙","0","2","2"
"流入尚龙溪","0","2","2"
"百四十三户","0","2","2"
"向西南流入","0","2","2"
"莽时叫乐平","0","2","2"
"百六十口人","0","2","2"
"四百七十户","0","2","2"
"县流入湟水","0","2","2"
"水流出西塞","0","2","2"
"流出西塞外","0","2","2"
"向东到允吾","0","2","2"
"东到允吾县","0","2","2"
"到允吾县流","0","2","2"
"允吾县流入","0","2","2"
"王莽时叫兴","0","2","2"
"王莽时叫盐","0","2","2"
"莽时叫填戎","0","2","2"
"侯国的都尉","0","2","2"
"国的都尉治","0","2","2"
"的都尉治理","0","2","2"
"骑都尉治理","0","2","2"
"休屠王的地","0","2","2"
"屠王的地方","0","2","2"
"太初元年设","0","2","2"
"初元年设置","0","2","2"
"百三十一口","0","2","2"
"王莽时叫揭","0","2","2"
"莽时叫辅平","0","2","2"
"王莽时叫敦","0","2","2"
"莽时叫敦德","0","2","2"
"一千二百户","0","2","2"
"向西北流入","0","2","2"
"北流入湖泽","0","2","2"
"王莽时叫铺","0","2","2"
"王莽时叫抚","0","2","2"
"王莽时叫威","0","2","2"
"莽时叫威成","0","2","2"
"都尉治理塞","0","2","2"
"尉治理塞外","0","2","2"
"治理塞外的","0","2","2"
"王莽时叫桢","0","2","2"
"王莽时叫坚","0","2","2"
"莽时叫坚宁","0","2","2"
"百三十六口","0","2","2"
"三十六口人","0","2","2"
"有道路向西","0","2","2"
"王莽时叫沟","0","2","2"
"莽时叫沟搜","0","2","2"
"百二十八口","0","2","2"
"二十八口人","0","2","2"
"王莽时叫固","0","2","2"
"又向西北得","0","2","2"
"向西北得到","0","2","2"
"王莽时叫得","0","2","2"
"向西到沙陵","0","2","2"
"西到沙陵流","0","2","2"
"到沙陵流入","0","2","2"
"沙陵流入黄","0","2","2"
"陵流入黄河","0","2","2"
"王莽时叫伐","0","2","2"
"王莽时叫遮","0","2","2"
"莽时叫填狄","0","2","2"
"到泉州流入","0","2","2"
"泉州流入大","0","2","2"
"州流入大海","0","2","2"
"莽时叫厌狄","0","2","2"
"十七万八干","0","2","2"
"万八干七百","0","2","2"
"东到文安县","0","2","2"
"到文安县流","0","2","2"
"文安县流入","0","2","2"
"安县流入大","0","2","2"
"是并州的河","0","2","2"
"并州的河流","0","2","2"
"莽时叫朔调","0","2","2"
"有三万六千","0","2","2"
"束部都尉治","0","2","2"
"王莽时叫下","0","2","2"
"莽时叫通路","0","2","2"
"千八百零二","0","2","2"
"莽时叫北顺","0","2","2"
"百八十九户","0","2","2"
"百八十口人","0","2","2"
"三千零四十","0","2","2"
"千零四十六","0","2","2"
"零四十六里","0","2","2"
"有七万二千","0","2","2"
"都向南流入","0","2","2"
"向东流入塞","0","2","2"
"东流入塞外","0","2","2"
"向南流入人","0","2","2"
"南流入人海","0","2","2"
"一千二百五","0","2","2"
"向西南到辽","0","2","2"
"有四万五千","0","2","2"
"四万五千零","0","2","2"
"莽时叫乐鲜","0","2","2"
"有二十五个","0","2","2"
"四千零三十","0","2","2"
"有一万五千","0","2","2"
"并行三千一","0","2","2"
"莽时叫富昌","0","2","2"
"百五十八口","0","2","2"
"五十八口人","0","2","2"
"王莽时叫直","0","2","2"
"百二十六户","0","2","2"
"百七十三户","0","2","2"
"水向东到高","0","2","2"
"向东到高阳","0","2","2"
"东到高阳流","0","2","2"
"高阳流入黄","0","2","2"
"莽时叫新博","0","2","2"
"百八十四口","0","2","2"
"八十四口人","0","2","2"
"莽时叫朔定","0","2","2"
"文帝二年另","0","2","2"
"帝二年另立","0","2","2"
"五千零四十","0","2","2"
"池河接受水","0","2","2"
"河接受水源","0","2","2"
"本始元年改","0","2","2"
"始元年改为","0","2","2"
"五万零二百","0","2","2"
"千零三十一","0","2","2"
"高帝元年另","0","2","2"
"帝元年另立","0","2","2"
"元年另立为","0","2","2"
"以前的齐国","0","2","2"
"王莽时叫莒","0","2","2"
"莽时叫莒陵","0","2","2"
"王莽时叫陈","0","2","2"
"高帝五年成","0","2","2"
"帝五年成为","0","2","2"
"莽时叫陈定","0","2","2"
"莽时叫有盐","0","2","2"
"二十九代被","0","2","2"
"莽时叫和乐","0","2","2"
"七千八百零","0","2","2"
"五千零二十","0","2","2"
"莽时叫安风","0","2","2"
"原是诸侯国","0","2","2"
"皋繇的后代","0","2","2"
"增加了二十","0","2","2"
"帝时增加了","0","2","2"
"零二百五十","0","2","2"
"改变他们的","0","2","2"
"封为诸侯的","0","2","2"
"了它的土地","0","2","2"
"来秦国的土","0","2","2"
"的百姓有先","0","2","2"
"水来灌溉农","0","2","2"
"不感到羞耻","0","2","2"
"有勇力而没","0","2","2"
"勇力而没有","0","2","2"
"力而没有义","0","2","2"
"本来是匈奴","0","2","2"
"家属被迁徙","0","2","2"
"千石官员来","0","2","2"
"石官员来治","0","2","2"
"官员来治理","0","2","2"
"因此这裹的","0","2","2"
"居天下第一","0","2","2"
"司马相如作","0","2","2"
"天下的十分","0","2","2"
"下的十分之","0","2","2"
"魏国的土地","0","2","2"
"以内的地方","0","2","2"
"封给周公的","0","2","2"
"说在浚邑的","0","2","2"
"恩惠和礼节","0","2","2"
"裹的百姓有","0","2","2"
"奢侈和节俭","0","2","2"
"侈和节俭的","0","2","2"
"氏的火正官","0","2","2"
"子爵和男爵","0","2","2"
"王向东迁移","0","2","2"
"他们的风俗","0","2","2"
"过了二十三","0","2","2"
"了二十三代","0","2","2"
"的百姓迁徙","0","2","2"
"百姓迁徙到","0","2","2"
"迁徙到南阳","0","2","2"
"崇尚气节和","0","2","2"
"尚气节和力","0","2","2"
"气节和力量","0","2","2"
"八年没有重","0","2","2"
"年没有重罪","0","2","2"
"没有重罪囚","0","2","2"
"有重罪囚犯","0","2","2"
"得到涿郡的","0","2","2"
"在黄河以北","0","2","2"
"间的一个大","0","2","2"
"来树立威信","0","2","2"
"父亲兄长被","0","2","2"
"杀死他们的","0","2","2"
"统一的时候","0","2","2"
"比其它地方","0","2","2"
"之后过了三","0","2","2"
"后过了三十","0","2","2"
"没有成功而","0","2","2"
"但终于没有","0","2","2"
"这裹的风俗","0","2","2"
"裹的风俗是","0","2","2"
"留下来的风","0","2","2"
"朝鲜的百姓","0","2","2"
"违反禁令的","0","2","2"
"反禁令的事","0","2","2"
"齐国的土地","0","2","2"
"齐国的地方","0","2","2"
"周成王的时","0","2","2"
"成王的时候","0","2","2"
"消灭了他们","0","2","2"
"俗更加奢侈","0","2","2"
"精美华丽的","0","2","2"
"奖赏有功的","0","2","2"
"所以到现在","0","2","2"
"们的弊端就","0","2","2"
"的弊端就是","0","2","2"
"就放任自流","0","2","2"
"能不谨慎吗","0","2","2"
"被秦国消灭","0","2","2"
"的一座大城","0","2","2"
"一座大城市","0","2","2"
"洙水和泅水","0","2","2"
"本来是大国","0","2","2"
"现在距离圣","0","2","2"
"以及束郡的","0","2","2"
"了二十多代","0","2","2"
"以这裹的百","0","2","2"
"它的土地划","0","2","2"
"国得到了它","0","2","2"
"被废为平民","0","2","2"
"险要的地方","0","2","2"
"的前辈老师","0","2","2"
"家有千金的","0","2","2"
"也是一个大","0","2","2"
"是一个大城","0","2","2"
"国家传给他","0","2","2"
"以称得上是","0","2","2"
"没有不称道","0","2","2"
"儿子的时候","0","2","2"
"臣屈原遭到","0","2","2"
"屈原遭到谗","0","2","2"
"原遭到谗言","0","2","2"
"南王刘安也","0","2","2"
"又乘船运行","0","2","2"
"九州的湖泽","0","2","2"
"为邺县县令","0","2","2"
"各位大臣都","0","2","2"
"百姓歌颂他","0","2","2"
"用来灌溉农","0","2","2"
"武帝元光年","0","2","2"
"帝元光年间","0","2","2"
"黄河在瓠子","0","2","2"
"来堵塞决口","0","2","2"
"侯田蚣为丞","0","2","2"
"田蚣为丞相","0","2","2"
"有三百多里","0","2","2"
"时间就可以","0","2","2"
"的一万多顷","0","2","2"
"天子认为说","0","2","2"
"子认为说得","0","2","2"
"士兵几万人","0","2","2"
"可以得到二","0","2","2"
"认为他说得","0","2","2"
"就不再有用","0","2","2"
"事交给御史","0","2","2"
"询问这件事","0","2","2"
"的黄河决口","0","2","2"
"没有了水灾","0","2","2"
"上奏请求开","0","2","2"
"和匈奴作战","0","2","2"
"陈述对国家","0","2","2"
"述对国家有","0","2","2"
"源于昆仑山","0","2","2"
"堵塞决口的","0","2","2"
"这一功业一","0","2","2"
"一功业一旦","0","2","2"
"成为万代的","0","2","2"
"迹难以分明","0","2","2"
"可暂且不加","0","2","2"
"六个月的边","0","2","2"
"个月的边役","0","2","2"
"世为光禄大","0","2","2"
"二千石的俸","0","2","2"
"千石的俸禄","0","2","2"
"劝说大将军","0","2","2"
"次堵塞决口","0","2","2"
"民流离失所","0","2","2"
"告诉皇上派","0","2","2"
"开凿的地方","0","2","2"
"几次派使者","0","2","2"
"次派使者去","0","2","2"
"理黄河堤岸","0","2","2"
"件事交给了","0","2","2"
"事交给了丞","0","2","2"
"交给了丞相","0","2","2"
"趟国和魏国","0","2","2"
"堤离黄河二","0","2","2"
"离黄河二十","0","2","2"
"黄河二十五","0","2","2"
"往往十多年","0","2","2"
"诘难的人将","0","2","2"
"如果这样的","0","2","2"
"果这样的话","0","2","2"
"数以万计的","0","2","2"
"有什么可说","0","2","2"
"什么可说的","0","2","2"
"古代圣人的","0","2","2"
"圣人的方法","0","2","2"
"到现在四十","0","2","2"
"现在四十多","0","2","2"
"在四十多年","0","2","2"
"开通水渠有","0","2","2"
"通水渠有三","0","2","2"
"把低地填高","0","2","2"
"听说大禹治","0","2","2"
"说大禹治理","0","2","2"
"黄河的决口","0","2","2"
"九河的地方","0","2","2"
"是国家的利","0","2","2"
"国家的利害","0","2","2"
"令光禄大夫","0","2","2"
"把它上奏给","0","2","2"
"它上奏给皇","0","2","2"
"完成父亲的","0","2","2"
"周朝的史官","0","2","2"
"到孔子时就","0","2","2"
"孔子的住宅","0","2","2"
"脱落的也是","0","2","2"
"落的也是二","0","2","2"
"的也是二十","0","2","2"
"的有七百多","0","2","2"
"是古代帝王","0","2","2"
"有哀乐之感","0","2","2"
"政治的得失","0","2","2"
"虽然经历了","0","2","2"
"三家都被列","0","2","2"
"被列于学校","0","2","2"
"子的七十弟","0","2","2"
"的七十弟子","0","2","2"
"十弟子的传","0","2","2"
"弟子的传人","0","2","2"
"下来的事情","0","2","2"
"有一百五十","0","2","2"
"高堂生传授","0","2","2"
"是他的学生","0","2","2"
"侧史官记其","0","2","2"
"记下来就是","0","2","2"
"圣人的业绩","0","2","2"
"国的就不能","0","2","2"
"的就不能全","0","2","2"
"就不能全面","0","2","2"
"著作共有十","0","2","2"
"孔氏壁中的","0","2","2"
"氏壁中的古","0","2","2"
"壁中的古文","0","2","2"
"到了衰落的","0","2","2"
"了衰落的时","0","2","2"
"衰落的时代","0","2","2"
"共有一百零","0","2","2"
"是孔子的学","0","2","2"
"十弟子的学","0","2","2"
"弟子的学生","0","2","2"
"是魏文侯的","0","2","2"
"魏文侯的丞","0","2","2"
"文侯的丞相","0","2","2"
"是河间献王","0","2","2"
"次上书言事","0","2","2"
"掌管教化的","0","2","2"
"人有所赞誉","0","2","2"
"庄子很称赞","0","2","2"
"子很称赞他","0","2","2"
"魏国的公子","0","2","2"
"居住在深山","0","2","2"
"以上阴阳家","0","2","2"
"有二十一种","0","2","2"
"一定要端正","0","2","2"
"举行大射礼","0","2","2"
"武帝时的人","0","2","2"
"有什么用呢","0","2","2"
"秦国丞相吕","0","2","2"
"国丞相吕不","0","2","2"
"丞相吕不韦","0","2","2"
"类著作二十","0","2","2"
"不知是哪个","0","2","2"
"家类著作有","0","2","2"
"的是黄老学","0","2","2"
"共有一百八","0","2","2"
"有一百八十","0","2","2"
"自坚持自己","0","2","2"
"著作有二十","0","2","2"
"一百二十篇","0","2","2"
"加入了扬雄","0","2","2"
"入了扬雄的","0","2","2"
"了扬雄的八","0","2","2"
"扬雄的八篇","0","2","2"
"著作共有一","0","2","2"
"作共有一百","0","2","2"
"古时候诸侯","0","2","2"
"以孔子说不","0","2","2"
"人的赋华丽","0","2","2"
"孝武帝设立","0","2","2"
"越王勾践的","0","2","2"
"家著作十三","0","2","2"
"著作十三种","0","2","2"
"著作十一种","0","2","2"
"类著作十八","0","2","2"
"著作十八种","0","2","2"
"的实际情况","0","2","2"
"参预这件事","0","2","2"
"的用来作为","0","2","2"
"能达到的地","0","2","2"
"达到的地方","0","2","2"
"一百二十二","0","2","2"
"一百九十种","0","2","2"
"如果没有其","0","2","2"
"那么就会心","0","2","2"
"要是富贵了","0","2","2"
"能立为太子","0","2","2"
"丧失战斗力","0","2","2"
"任为大将军","0","2","2"
"打算杀掉他","0","2","2"
"等人的家属","0","2","2"
"子张敖为成","0","2","2"
"张敖为成都","0","2","2"
"敖为成都君","0","2","2"
"宁陵君咎为","0","2","2"
"陵君咎为魏","0","2","2"
"君咎为魏王","0","2","2"
"周章的军队","0","2","2"
"使者赐给田","0","2","2"
"以陈县为楚","0","2","2"
"陈县为楚都","0","2","2"
"楚国为什么","0","2","2"
"楚怀王的孙","0","2","2"
"怀王的孙子","0","2","2"
"王的孙子心","0","2","2"
"人听到此事","0","2","2"
"守坟的人家","0","2","2"
"监狱的办事","0","2","2"
"狱的办事员","0","2","2"
"了解他们的","0","2","2"
"可以取而代","0","2","2"
"以取而代之","0","2","2"
"身高八尺二","0","2","2"
"高八尺二寸","0","2","2"
"天要灭亡秦","0","2","2"
"要灭亡秦朝","0","2","2"
"世世代代是","0","2","2"
"驻军彭城束","0","2","2"
"军彭城束面","0","2","2"
"率领军队进","0","2","2"
"项羽把他们","0","2","2"
"把他们全部","0","2","2"
"来参加会议","0","2","2"
"立楚王的后","0","2","2"
"楚王的后代","0","2","2"
"的势力不能","0","2","2"
"顺从人民的","0","2","2"
"就带着部队","0","2","2"
"田角的弟弟","0","2","2"
"角的弟弟田","0","2","2"
"的弟弟田闲","0","2","2"
"留在赵国不","0","2","2"
"在赵国不敢","0","2","2"
"赵国不敢回","0","2","2"
"立田儋的儿","0","2","2"
"田儋的儿子","0","2","2"
"儋的儿子田","0","2","2"
"的儿子田市","0","2","2"
"田角和田闲","0","2","2"
"不忍心杀他","0","2","2"
"终不肯出兵","0","2","2"
"不肯出兵帮","0","2","2"
"肯出兵帮助","0","2","2"
"出兵帮助楚","0","2","2"
"兵帮助楚军","0","2","2"
"打败了秦军","0","2","2"
"骄傲的神色","0","2","2"
"认定武信君","0","2","2"
"的军队一定","0","2","2"
"军队一定会","0","2","2"
"打垮了楚军","0","2","2"
"相互商量道","0","2","2"
"项梁的军队","0","2","2"
"楚国的兵力","0","2","2"
"向北攻打赵","0","2","2"
"邯的军队驻","0","2","2"
"士兵驻扎在","0","2","2"
"队渡过漳河","0","2","2"
"攻打他们的","0","2","2"
"大张旗鼓地","0","2","2"
"哪裹还有什","0","2","2"
"裹还有什么","0","2","2"
"呢!况且我","0","2","2"
"国家的大臣","0","2","2"
"发布命令说","0","2","2"
"全部军队渡","0","2","2"
"部军队渡过","0","2","2"
"截断他们的","0","2","2"
"楚军攻打秦","0","2","2"
"军攻打秦军","0","2","2"
"果然派人追","0","2","2"
"的人不可能","0","2","2"
"要答应他们","0","2","2"
"答应他们的","0","2","2"
"军官们都说","0","2","2"
"诸侯军中的","0","2","2"
"侯军中的官","0","2","2"
"军中的官兵","0","2","2"
"秦兵二十多","0","2","2"
"情都告诉了","0","2","2"
"都告诉了张","0","2","2"
"告诉了张良","0","2","2"
"沛公带领一","0","2","2"
"公带领一百","0","2","2"
"带领一百多","0","2","2"
"领一百多骑","0","2","2"
"一百多骑兵","0","2","2"
"劝说项王道","0","2","2"
"他没有什么","0","2","2"
"亲自披甲持","0","2","2"
"平定天下的","0","2","2"
"迁徙到长沙","0","2","2"
"领有咸阳以","0","2","2"
"立司马欣为","0","2","2"
"司马欣为塞","0","2","2"
"马欣为塞王","0","2","2"
"董翳为翟王","0","2","2"
"申阳为河南","0","2","2"
"阳为河南王","0","2","2"
"司马印为殷","0","2","2"
"张耳为常山","0","2","2"
"耳为常山王","0","2","2"
"当阳君英布","0","2","2"
"阳君英布为","0","2","2"
"英布为九江","0","2","2"
"吴芮率领百","0","2","2"
"立吴芮为衡","0","2","2"
"的柱国共敖","0","2","2"
"共敖为临江","0","2","2"
"敖为临江王","0","2","2"
"接着跟随入","0","2","2"
"着跟随入关","0","2","2"
"臧荼为燕王","0","2","2"
"秦朝灭亡的","0","2","2"
"立田安为济","0","2","2"
"知道他贤能","0","2","2"
"梅锅功劳多","0","2","2"
"田都逃到楚","0","2","2"
"都逃到楚国","0","2","2"
"田荣自立为","0","2","2"
"荣自立为齐","0","2","2"
"给彭越将军","0","2","2"
"并了三齐的","0","2","2"
"汉王回军平","0","2","2"
"王回军平定","0","2","2"
"听说汉王已","0","2","2"
"说汉王已经","0","2","2"
"命令萧公角","0","2","2"
"萧公角等人","0","2","2"
"王失去了应","0","2","2"
"失去了应得","0","2","2"
"去了应得的","0","2","2"
"领几千人前","0","2","2"
"几千人前去","0","2","2"
"聚集起来反","0","2","2"
"弟弟田横收","0","2","2"
"自率领精兵","0","2","2"
"兵十多万人","0","2","2"
"把他们安置","0","2","2"
"他们安置在","0","2","2"
"项羽听说后","0","2","2"
"率军向北进","0","2","2"
"便带兵西进","0","2","2"
"独自与滕公","0","2","2"
"小心谨慎地","0","2","2"
"不要和他们","0","2","2"
"地十多个城","0","2","2"
"相约为兄弟","0","2","2"
"争夺天下的","0","2","2"
"王听从了他","0","2","2"
"了齐王田广","0","2","2"
"事情记载在","0","2","2"
"被项羽打败","0","2","2"
"的有八百多","0","2","2"
"有八百多人","0","2","2"
"对他的骑兵","0","2","2"
"他的骑兵们","0","2","2"
"的骑兵们说","0","2","2"
"七十多次战","0","2","2"
"十多次战斗","0","2","2"
"的敌人都要","0","2","2"
"作战的过错","0","2","2"
"感到惭愧吗","0","2","2"
"五人都为列","0","2","2"
"人统率军队","0","2","2"
"九国的军队","0","2","2"
"王治理国家","0","2","2"
"国家的办法","0","2","2"
"诸子百家之","0","2","2"
"子百家之书","0","2","2"
"天下已经平","0","2","2"
"下已经平定","0","2","2"
"发配戍边的","0","2","2"
"多年的时间","0","2","2"
"天下人耻笑","0","2","2"
"形势不同了","0","2","2"
"诸侯灭亡秦","0","2","2"
"侯灭亡秦朝","0","2","2"
"高祖还是平","0","2","2"
"祖还是平民","0","2","2"
"还是平民时","0","2","2"
"希望将军不","0","2","2"
"望将军不要","0","2","2"
"在陈县称王","0","2","2"
"恐怕天下人","0","2","2"
"王答应了他","0","2","2"
"答应了他们","0","2","2"
"应了他们的","0","2","2"
"为左右校尉","0","2","2"
"百姓疲惫不","0","2","2"
"姓疲惫不堪","0","2","2"
"严酷的刑法","0","2","2"
"率百万大军","0","2","2"
"天下百姓的","0","2","2"
"百姓的力量","0","2","2"
"没有仁义的","0","2","2"
"增加了几万","0","2","2"
"投降的有三","0","2","2"
"的后代为王","0","2","2"
"单独驻守在","0","2","2"
"他们的家族","0","2","2"
"派去的使者","0","2","2"
"可以轻而易","0","2","2"
"以轻而易举","0","2","2"
"赵王的姐姐","0","2","2"
"他们家的女","0","2","2"
"收拾残余的","0","2","2"
"那裹的老百","0","2","2"
"裹的老百姓","0","2","2"
"驻守在钜鹿","0","2","2"
"守在钜鹿以","0","2","2"
"结果全军覆","0","2","2"
"告急的消息","0","2","2"
"了一万多人","0","2","2"
"打败了章邯","0","2","2"
"跟随项羽入","0","2","2"
"随项羽入关","0","2","2"
"很多人称赞","0","2","2"
"把趟王趟歇","0","2","2"
"改封为代王","0","2","2"
"不好的地方","0","2","2"
"被楚军打败","0","2","2"
"人互相议论","0","2","2"
"知道了他们","0","2","2"
"道了他们的","0","2","2"
"他们的计划","0","2","2"
"我之所以不","0","2","2"
"了二千石的","0","2","2"
"到了汉武帝","0","2","2"
"了汉武帝时","0","2","2"
"被免除爵位","0","2","2"
"犯不敬之罪","0","2","2"
"国时魏国的","0","2","2"
"天下混乱的","0","2","2"
"楚国请求援","0","2","2"
"国请求援兵","0","2","2"
"包围了起来","0","2","2"
"二十多个城","0","2","2"
"率领军队跟","0","2","2"
"领军队跟随","0","2","2"
"跟随汉王在","0","2","2"
"六国时齐王","0","2","2"
"国时齐王田","0","2","2"
"齐王田氏的","0","2","2"
"王田氏的族","0","2","2"
"田氏的族人","0","2","2"
"田儋的堂弟","0","2","2"
"儋的堂弟田","0","2","2"
"的堂弟田荣","0","2","2"
"派周市攻占","0","2","2"
"收拾齐国的","0","2","2"
"拾齐国的残","0","2","2"
"齐国的残兵","0","2","2"
"子田市为齐","0","2","2"
"田市为齐王","0","2","2"
"因此而怨恨","0","2","2"
"所以没有封","0","2","2"
"当地的百姓","0","2","2"
"了齐国的城","0","2","2"
"于是齐国人","0","2","2"
"齐国的城邑","0","2","2"
"使者郦食其","0","2","2"
"劝说齐王田","0","2","2"
"说齐王田广","0","2","2"
"正要派使者","0","2","2"
"历下的军队","0","2","2"
"龙且的军队","0","2","2"
"韩信平定了","0","2","2"
"就和他的部","0","2","2"
"了这个消息","0","2","2"
"使者回来报","0","2","2"
"者回来报告","0","2","2"
"回来报告了","0","2","2"
"又派使者拿","0","2","2"
"对他的门客","0","2","2"
"成了亡国的","0","2","2"
"实在是令人","0","2","2"
"陛下在洛阳","0","2","2"
"是什么样子","0","2","2"
"派使者韶令","0","2","2"
"他身高八尺","0","2","2"
"跟随他进入","0","2","2"
"各诸侯王都","0","2","2"
"汉王的军队","0","2","2"
"投降了楚军","0","2","2"
"跟随汉王打","0","2","2"
"随汉王打败","0","2","2"
"汉王与他剖","0","2","2"
"王与他剖符","0","2","2"
"精锐的军队","0","2","2"
"韩王信多次","0","2","2"
"王信多次派","0","2","2"
"信多次派使","0","2","2"
"持忠实诚信","0","2","2"
"匈奴派左右","0","2","2"
"聚集军队在","0","2","2"
"贵重的礼物","0","2","2"
"恢复过去的","0","2","2"
"这是第二条","0","2","2"
"这是第三条","0","2","2"
"什么罪过也","0","2","2"
"么罪过也没","0","2","2"
"到孝文皇帝","0","2","2"
"失去了侯位","0","2","2"
"韩嫣的弟弟","0","2","2"
"嫣的弟弟韩","0","2","2"
"尉的身份率","0","2","2"
"的身份率兵","0","2","2"
"身份率兵攻","0","2","2"
"被任命为光","0","2","2"
"策拥立宣帝","0","2","2"
"加封食邑千","0","2","2"
"封食邑千户","0","2","2"
"韩增率三万","0","2","2"
"作大司马车","0","2","2"
"谧号为安侯","0","2","2"
"他母亲死了","0","2","2"
"大丈夫不能","0","2","2"
"让他做郎中","0","2","2"
"来因犯法被","0","2","2"
"王报告了情","0","2","2"
"任命韩信为","0","2","2"
"没有重用他","0","2","2"
"萧何回答说","0","2","2"
"追赶逃跑的","0","2","2"
"杰出的人才","0","2","2"
"在漠中称王","0","2","2"
"一定要争夺","0","2","2"
"如果大王决","0","2","2"
"能重用韩信","0","2","2"
"就任命他为","0","2","2"
"任命他为大","0","2","2"
"命他为大将","0","2","2"
"把韩信召来","0","2","2"
"仪式结束后","0","2","2"
"你有什么计","0","2","2"
"有什么计策","0","2","2"
"认为大王不","0","2","2"
"祇不过是一","0","2","2"
"应当加封爵","0","2","2"
"当加封爵位","0","2","2"
"诸侯的约定","0","2","2"
"不愿意归附","0","2","2"
"失去了天下","0","2","2"
"完全相反的","0","2","2"
"给有功之臣","0","2","2"
"人民没有不","0","2","2"
"趟国的军队","0","2","2"
"和成安君陈","0","2","2"
"进攻的锋芒","0","2","2"
"从千里之外","0","2","2"
"韩信的军队","0","2","2"
"来攻打我们","0","2","2"
"采用广武君","0","2","2"
"用广武君的","0","2","2"
"速冲进赵军","0","2","2"
"冲进赵军营","0","2","2"
"进赵军营垒","0","2","2"
"倾巢出动争","0","2","2"
"而奋勇作战","0","2","2"
"谋划国家的","0","2","2"
"者千虑必有","0","2","2"
"千虑必有一","0","2","2"
"圣人也可以","0","2","2"
"有百战百胜","0","2","2"
"百战百胜的","0","2","2"
"的部队已经","0","2","2"
"就可以实现","0","2","2"
"部队渡过黄","0","2","2"
"队渡过黄河","0","2","2"
"把汉王紧紧","0","2","2"
"汉王紧紧围","0","2","2"
"王紧紧围困","0","2","2"
"紧紧围困在","0","2","2"
"紧围困在荣","0","2","2"
"了他们的职","0","2","2"
"的军队攻打","0","2","2"
"派使者到楚","0","2","2"
"使者到楚国","0","2","2"
"派他的亲信","0","2","2"
"向来了解韩","0","2","2"
"来了解韩信","0","2","2"
"了解韩信的","0","2","2"
"领一半部队","0","2","2"
"我本来就知","0","2","2"
"本来就知道","0","2","2"
"兵全部投降","0","2","2"
"反覆无常的","0","2","2"
"正当这个时","0","2","2"
"楚军把汉王","0","2","2"
"韩信为齐王","0","2","2"
"下为什么不","0","2","2"
"亲近和信任","0","2","2"
"到了这种程","0","2","2"
"了这种程度","0","2","2"
"所以能够延","0","2","2"
"来就是这样","0","2","2"
"蒯通知道天","0","2","2"
"通知道天下","0","2","2"
"不忍心背叛","0","2","2"
"忍心背叛汉","0","2","2"
"心背叛汉王","0","2","2"
"汉王不会夺","0","2","2"
"不听蒯通的","0","2","2"
"听蒯通的话","0","2","2"
"将领钟离昧","0","2","2"
"用陈平的计","0","2","2"
"王之所以不","0","2","2"
"到陈县朝见","0","2","2"
"陈县朝见汉","0","2","2"
"县朝见汉高","0","2","2"
"武士把韩信","0","2","2"
"像人们所说","0","2","2"
"病不去朝见","0","2","2"
"上天赐予的","0","2","2"
"所能达到的","0","2","2"
"裹来回踱步","0","2","2"
"亲自带兵前","0","2","2"
"自带兵前往","0","2","2"
"带兵前往讨","0","2","2"
"兵前往讨伐","0","2","2"
"我没有采用","0","2","2"
"是天意吗!","0","2","2"
"陈稀的反叛","0","2","2"
"听说韩信已","0","2","2"
"在钜野泽中","0","2","2"
"以和他们一","0","2","2"
"和他们一样","0","2","2"
"约定的时间","0","2","2"
"何至于这样","0","2","2"
"任命彭越为","0","2","2"
"命彭越为魏","0","2","2"
"彭越为魏国","0","2","2"
"越为魏国的","0","2","2"
"为魏国的相","0","2","2"
"魏国的相国","0","2","2"
"所占领的城","0","2","2"
"占领的城邑","0","2","2"
"作为漠军的","0","2","2"
"汉王在荣阳","0","2","2"
"诸侯的军队","0","2","2"
"该怎么办?","0","2","2"
"留侯的计策","0","2","2"
"率领军队会","0","2","2"
"都来长安朝","0","2","2"
"来长安朝见","0","2","2"
"说自己有病","0","2","2"
"高帝派使者","0","2","2"
"流放到蜀郡","0","2","2"
"把他流放到","0","2","2"
"奏请皇帝后","0","2","2"
"诛灭了彭越","0","2","2"
"骊山的刑徒","0","2","2"
"向西渡过淮","0","2","2"
"西渡过淮河","0","2","2"
"率领军队向","0","2","2"
"又派黥布等","0","2","2"
"夺取天下就","0","2","2"
"完全有把握","0","2","2"
"十人一起出","0","2","2"
"见到淮南王","0","2","2"
"一定是认为","0","2","2"
"定是认为楚","0","2","2"
"是认为楚国","0","2","2"
"认为楚国强","0","2","2"
"为楚国强大","0","2","2"
"把这些话报","0","2","2"
"这些话报告","0","2","2"
"把国家托付","0","2","2"
"国家托付给","0","2","2"
"大王应当全","0","2","2"
"王应当全部","0","2","2"
"应当全部出","0","2","2"
"当全部出动","0","2","2"
"全部出动淮","0","2","2"
"部出动淮南","0","2","2"
"出动淮南国","0","2","2"
"动淮南国的","0","2","2"
"淮南国的军","0","2","2"
"南国的军队","0","2","2"
"王还没有离","0","2","2"
"还没有离开","0","2","2"
"没有离开齐","0","2","2"
"有离开齐国","0","2","2"
"我认为大王","0","2","2"
"大王这样做","0","2","2"
"这样做是不","0","2","2"
"样做是不可","0","2","2"
"做是不可取","0","2","2"
"希望大王能","0","2","2"
"径直闯进去","0","2","2"
"打败了英布","0","2","2"
"败了英布的","0","2","2"
"了英布的军","0","2","2"
"派人到九江","0","2","2"
"了好几个县","0","2","2"
"天下哪裹用","0","2","2"
"下哪裹用得","0","2","2"
"陛下的心愿","0","2","2"
"为护军中尉","0","2","2"
"到长安朝见","0","2","2"
"淮南王更加","0","2","2"
"派人暗地裹","0","2","2"
"应该怎么办","0","2","2"
"楚国的令尹","0","2","2"
"山东地区就","0","2","2"
"东地区就不","0","2","2"
"地区就不是","0","2","2"
"区就不是汉","0","2","2"
"就不是汉朝","0","2","2"
"是汉朝所有","0","2","2"
"汉朝所有了","0","2","2"
"向西攻取楚","0","2","2"
"西攻取楚国","0","2","2"
"下一道文书","0","2","2"
"占有敖仓的","0","2","2"
"有敖仓的粮","0","2","2"
"可以高枕无","0","2","2"
"以高枕无忧","0","2","2"
"这都是为了","0","2","2"
"并亲自率领","0","2","2"
"了他的部队","0","2","2"
"的军队十分","0","2","2"
"军队十分精","0","2","2"
"队十分精锐","0","2","2"
"到高祖在沛","0","2","2"
"高祖在沛县","0","2","2"
"祖在沛县起","0","2","2"
"宾客身份跟","0","2","2"
"受到的宠爱","0","2","2"
"进攻临江王","0","2","2"
"攻临江王共","0","2","2"
"中不是刘姓","0","2","2"
"是刘姓而封","0","2","2"
"刘姓而封为","0","2","2"
"姓而封为王","0","2","2"
"而封为王的","0","2","2"
"封为王的有","0","2","2"
"皇帝想封卢","0","2","2"
"帝想封卢绾","0","2","2"
"有一千多辆","0","2","2"
"攻打陈稀的","0","2","2"
"打陈稀的叛","0","2","2"
"陈稀的叛军","0","2","2"
"燕王卢绾也","0","2","2"
"到匈奴求救","0","2","2"
"等人的军队","0","2","2"
"燕王臧荼的","0","2","2"
"长久地统治","0","2","2"
"的紧急情况","0","2","2"
"和他的家属","0","2","2"
"匈奴的间谍","0","2","2"
"卢绾的妻子","0","2","2"
"的妻子和儿","0","2","2"
"人起兵响应","0","2","2"
"的将领梅锅","0","2","2"
"封为长沙王","0","2","2"
"高祖认为他","0","2","2"
"忠于朝廷的","0","2","2"
"两个儿子为","0","2","2"
"功臣中不是","0","2","2"
"保全了自己","0","2","2"
"高祖刘邦的","0","2","2"
"汉王还定三","0","2","2"
"王还定三秦","0","2","2"
"进攻打项籍","0","2","2"
"高祖的儿子","0","2","2"
"的儿子年龄","0","2","2"
"于是下韶说","0","2","2"
"王黥布反叛","0","2","2"
"打败陈稀的","0","2","2"
"陈稀的将军","0","2","2"
"封为营陵侯","0","2","2"
"喝到畅快的","0","2","2"
"到畅快的时","0","2","2"
"畅快的时候","0","2","2"
"帝取得天下","0","2","2"
"吕产为吕王","0","2","2"
"封诸吕为王","0","2","2"
"后妹妹吕须","0","2","2"
"妹妹吕须的","0","2","2"
"刘泽为琅邪","0","2","2"
"泽为琅邪王","0","2","2"
"孝文帝元年","0","2","2"
"王刘嘉继位","0","2","2"
"让公卿大臣","0","2","2"
"公卿大臣讨","0","2","2"
"卿大臣讨论","0","2","2"
"大的诸侯王","0","2","2"
"刘濞为吴王","0","2","2"
"天下同姓是","0","2","2"
"下同姓是一","0","2","2"
"同姓是一家","0","2","2"
"吕后统治时","0","2","2"
"专心致力于","0","2","2"
"心致力于本","0","2","2"
"的亡命之徒","0","2","2"
"煮海水为盐","0","2","2"
"上书说这件","0","2","2"
"书说这件事","0","2","2"
"吴王因为他","0","2","2"
"王因为他的","0","2","2"
"反而更加骄","0","2","2"
"胶西王刘印","0","2","2"
"在诸侯王中","0","2","2"
"听说胶西王","0","2","2"
"侯都惧怕他","0","2","2"
"诸侯的属地","0","2","2"
"的十分之二","0","2","2"
"出军队支持","0","2","2"
"可以得到三","0","2","2"
"到三十万人","0","2","2"
"与匈奴单于","0","2","2"
"匈奴单于有","0","2","2"
"反叛的消息","0","2","2"
"恢复原有封","0","2","2"
"复原有封地","0","2","2"
"袁盎为太常","0","2","2"
"两国的军队","0","2","2"
"因为是亲戚","0","2","2"
"笑着回答说","0","2","2"
"情况报告了","0","2","2"
"以东的地区","0","2","2"
"绛侯周勃的","0","2","2"
"断绝吴国的","0","2","2"
"绝吴国的粮","0","2","2"
"吴国的粮饷","0","2","2"
"国的粮饷供","0","2","2"
"白白使自己","0","2","2"
"年轻的将军","0","2","2"
"天下就已经","0","2","2"
"已经平定了","0","2","2"
"将军的意见","0","2","2"
"于是派人去","0","2","2"
"扰乱国家的","0","2","2"
"张羽为将军","0","2","2"
"周亚夫坚守","0","2","2"
"收拾残余兵","0","2","2"
"弓高侯韩颓","0","2","2"
"高侯韩颓当","0","2","2"
"的人死有余","0","2","2"
"人死有余辜","0","2","2"
"所以被封为","0","2","2"
"古代的诸侯","0","2","2"
"一起拥立楚","0","2","2"
"起拥立楚怀","0","2","2"
"于是向西攻","0","2","2"
"因为他们以","0","2","2"
"为他们以前","0","2","2"
"高祖微贱时","0","2","2"
"和宾客们一","0","2","2"
"刘伯的儿子","0","2","2"
"是因为他母","0","2","2"
"公一起完成","0","2","2"
"一起完成学","0","2","2"
"起完成学业","0","2","2"
"王在位二十","0","2","2"
"任命为中大","0","2","2"
"命为中大夫","0","2","2"
"于是称病辞","0","2","2"
"他们穿着赭","0","2","2"
"平定了吴楚","0","2","2"
"武帝的儿子","0","2","2"
"暗中想依附","0","2","2"
"后的同母弟","0","2","2"
"多次劝谏刘","0","2","2"
"传国到曾孙","0","2","2"
"有人游说大","0","2","2"
"人游说大将","0","2","2"
"游说大将军","0","2","2"
"周公的地位","0","2","2"
"皇帝很年轻","0","2","2"
"将军霍光想","0","2","2"
"想把女儿嫁","0","2","2"
"盖长公主的","0","2","2"
"封为阳城侯","0","2","2"
"理京兆尹的","0","2","2"
"赶上他去世","0","2","2"
"国内一半的","0","2","2"
"也认为他是","0","2","2"
"和侍中金敞","0","2","2"
"皇上罢免他","0","2","2"
"任命为谏大","0","2","2"
"命为谏大夫","0","2","2"
"得罪了贵戚","0","2","2"
"在道路上的","0","2","2"
"道路上的人","0","2","2"
"有过失的臣","0","2","2"
"过失的臣子","0","2","2"
"位至御史大","0","2","2"
"又做了太中","0","2","2"
"年老有病免","0","2","2"
"这样的一些","0","2","2"
"大概是因为","0","2","2"
"臣愚认为应","0","2","2"
"以前的过失","0","2","2"
"罪免为庶人","0","2","2"
"是因为国家","0","2","2"
"贤人在朝廷","0","2","2"
"是因为不能","0","2","2"
"古今的通义","0","2","2"
"灾异多次出","0","2","2"
"星运行失常","0","2","2"
"其所以如此","0","2","2"
"君子之道消","0","2","2"
"子之道消减","0","2","2"
"所信任的人","0","2","2"
"所以贤人在","0","2","2"
"这是太平的","0","2","2"
"皇上想让他","0","2","2"
"想让他帮助","0","2","2"
"上于是发怒","0","2","2"
"了诸葛丰的","0","2","2"
"有忧国之心","0","2","2"
"没人不称赞","0","2","2"
"自己也明白","0","2","2"
"恐怕不能自","0","2","2"
"太中大夫给","0","2","2"
"中大夫给事","0","2","2"
"令他在公车","0","2","2"
"次上奏密封","0","2","2"
"上奏密封的","0","2","2"
"王氏的权力","0","2","2"
"回头对群臣","0","2","2"
"头对群臣说","0","2","2"
"从黄帝开始","0","2","2"
"的儿子死了","0","2","2"
"穿的衣服入","0","2","2"
"的衣服入殓","0","2","2"
"是很可悲吗","0","2","2"
"的人埋葬越","0","2","2"
"诗人赞美他","0","2","2"
"的人有几十","0","2","2"
"人有几十万","0","2","2"
"如果死者有","0","2","2"
"我私下替陛","0","2","2"
"私下替陛下","0","2","2"
"听从公卿大","0","2","2"
"从公卿大臣","0","2","2"
"卿大臣的意","0","2","2"
"大臣的意见","0","2","2"
"当时皇上没","0","2","2"
"到这种程度","0","2","2"
"一定会危及","0","2","2"
"为我是先帝","0","2","2"
"然而却常常","0","2","2"
"禄离开公室","0","2","2"
"要危及刘氏","0","2","2"
"比不上他们","0","2","2"
"到天亮也不","0","2","2"
"彗星扫过束","0","2","2"
"星扫过束井","0","2","2"
"不要像殷王","0","2","2"
"要像殷王纣","0","2","2"
"像殷王纣那","0","2","2"
"殷王纣那样","0","2","2"
"殷的借鉴不","0","2","2"
"的借鉴不远","0","2","2"
"大概三年零","0","2","2"
"连续三年频","0","2","2"
"续三年频繁","0","2","2"
"彗星扫过大","0","2","2"
"星扫过大角","0","2","2"
"昌邑不能善","0","2","2"
"邑不能善终","0","2","2"
"没有不震惊","0","2","2"
"有不震惊的","0","2","2"
"于是召见了","0","2","2"
"每次被召见","0","2","2"
"小儿子刘歆","0","2","2"
"没有不涉及","0","2","2"
"做中垒校尉","0","2","2"
"刘歆一起校","0","2","2"
"和丞相翟方","0","2","2"
"翟方进学习","0","2","2"
"都立于学官","0","2","2"
"中得到古文","0","2","2"
"没来得及施","0","2","2"
"来得及施行","0","2","2"
"书相差很大","0","2","2"
"两三个君子","0","2","2"
"不要这样做","0","2","2"
"毁谤先帝所","0","2","2"
"谤先帝所立","0","2","2"
"先帝所立之","0","2","2"
"帝所立之学","0","2","2"
"穿上囚徒的","0","2","2"
"的侠义之士","0","2","2"
"官至中郎将","0","2","2"
"被匈奴包围","0","2","2"
"说这件事后","0","2","2"
"不是很好吗","0","2","2"
"做臣子的不","0","2","2"
"臣子的不要","0","2","2"
"彭越的首级","0","2","2"
"与彭越一起","0","2","2"
"彭越一起谋","0","2","2"
"越一起谋反","0","2","2"
"于子孙万代","0","2","2"
"吴楚反叛时","0","2","2"
"学习黄老之","0","2","2"
"被任为郎中","0","2","2"
"认为他贤能","0","2","2"
"剃去了头发","0","2","2"
"是诚信谨厚","0","2","2"
"贯高等人谋","0","2","2"
"匈奴冒顿单","0","2","2"
"奴冒顿单于","0","2","2"
"犯法丢了官","0","2","2"
"派人刺杀了","0","2","2"
"因此而忧虑","0","2","2"
"将军卫青的","0","2","2"
"迁为丞相司","0","2","2"
"详细地知道","0","2","2"
"忧苦的事情","0","2","2"
"要攻打沛公","0","2","2"
"以丞相身份","0","2","2"
"对您有疑心","0","2","2"
"于是萧何听","0","2","2"
"萧何听从了","0","2","2"
"王非常高兴","0","2","2"
"是皇上诏令","0","2","2"
"没有现存的","0","2","2"
"有现存的粮","0","2","2"
"现存的粮食","0","2","2"
"加封五千户","0","2","2"
"皇上之所以","0","2","2"
"您为什么不","0","2","2"
"向百姓谢罪","0","2","2"
"为百姓请求","0","2","2"
"相国接受了","0","2","2"
"他们请求我","0","2","2"
"们请求我的","0","2","2"
"黥布反叛时","0","2","2"
"皇上不高兴","0","2","2"
"上亲自去探","0","2","2"
"谁可以代替","0","2","2"
"可以代替您","0","2","2"
"以代替您呢","0","2","2"
"朕很怜惜他","0","2","2"
"诏令丞相御","0","2","2"
"以减死论罪","0","2","2"
"以中涓身份","0","2","2"
"项羽率兵向","0","2","2"
"羽率兵向东","0","2","2"
"攻打赵贲军","0","2","2"
"向西攻打秦","0","2","2"
"御史各一人","0","2","2"
"随从向西攻","0","2","2"
"从向西攻打","0","2","2"
"封沛公为汉","0","2","2"
"回去平定三","0","2","2"
"去平定三秦","0","2","2"
"赐给他作为","0","2","2"
"中尉身份跟","0","2","2"
"尉身份跟随","0","2","2"
"攻打项籍军","0","2","2"
"魏王豹反叛","0","2","2"
"率兵向东到","0","2","2"
"狱讼和市集","0","2","2"
"讼和市集贸","0","2","2"
"和市集贸易","0","2","2"
"解释法律条","0","2","2"
"释法律条文","0","2","2"
"法律条文深","0","2","2"
"律条文深刻","0","2","2"
"中平安无事","0","2","2"
"弃群臣而去","0","2","2"
"是你应当说","0","2","2"
"你应当说的","0","2","2"
"有什么关系","0","2","2"
"陛下说得很","0","2","2"
"在下邳桥上","0","2","2"
"谷城山下的","0","2","2"
"城山下的黄","0","2","2"
"山下的黄石","0","2","2"
"沛公很高兴","0","2","2"
"用他的计策","0","2","2"
"攻打杨熊的","0","2","2"
"打杨熊的军","0","2","2"
"杨熊的军队","0","2","2"
"向西进入武","0","2","2"
"西进入武关","0","2","2"
"恐怕不服从","0","2","2"
"是人们所说","0","2","2"
"言逆耳利于","0","2","2"
"逆耳利于行","0","2","2"
"沛公做汉王","0","2","2"
"王到封国去","0","2","2"
"向天下表示","0","2","2"
"这三个人的","0","2","2"
"项羽在荣阳","0","2","2"
"谋划削弱楚","0","2","2"
"现在天下的","0","2","2"
"自己的主人","0","2","2"
"张良劝说汉","0","2","2"
"良劝说汉王","0","2","2"
"采用臣的计","0","2","2"
"用臣的计策","0","2","2"
"陛下不知道","0","2","2"
"这些人一起","0","2","2"
"劝皇上建都","0","2","2"
"左右大臣都","0","2","2"
"大臣都是山","0","2","2"
"臣都是山东","0","2","2"
"皇上信任他","0","2","2"
"皇上每天都","0","2","2"
"能高枕无忧","0","2","2"
"四个人已经","0","2","2"
"和太子一起","0","2","2"
"天下的猛将","0","2","2"
"太子的地位","0","2","2"
"吕后找机会","0","2","2"
"不敢不尽力","0","2","2"
"机会向皇上","0","2","2"
"见到皇上说","0","2","2"
"打败黥布回","0","2","2"
"没有更换太","0","2","2"
"有更换太子","0","2","2"
"所以不记录","0","2","2"
"使自己受苦","0","2","2"
"赶走了他的","0","2","2"
"走了他的妻","0","2","2"
"了他的妻子","0","2","2"
"要像事奉你","0","2","2"
"说他是贤人","0","2","2"
"那样的德行","0","2","2"
"项王不信任","0","2","2"
"妻子的兄弟","0","2","2"
"之士也不能","0","2","2"
"接受别人的","0","2","2"
"有可采用的","0","2","2"
"请求辞官回","0","2","2"
"不敢再说什","0","2","2"
"敢再说什么","0","2","2"
"王韩信反叛","0","2","2"
"没人比得上","0","2","2"
"到郊外迎接","0","2","2"
"在代攻打韩","0","2","2"
"代攻打韩王","0","2","2"
"上没人知道","0","2","2"
"很多人逃亡","0","2","2"
"以前的食邑","0","2","2"
"身份跟着攻","0","2","2"
"份跟着攻打","0","2","2"
"宫中值宿守","0","2","2"
"中值宿守卫","0","2","2"
"党羽几千人","0","2","2"
"王陵的母亲","0","2","2"
"的使者来了","0","2","2"
"吕姓之人为","0","2","2"
"姓之人为王","0","2","2"
"一起攻打他","0","2","2"
"问左丞相陈","0","2","2"
"左丞相陈平","0","2","2"
"陈平和绛侯","0","2","2"
"高帝平定天","0","2","2"
"立子弟为王","0","2","2"
"太后行使皇","0","2","2"
"后行使皇帝","0","2","2"
"行使皇帝权","0","2","2"
"使皇帝权力","0","2","2"
"到吕太后的","0","2","2"
"吕太后的宠","0","2","2"
"太后的宠幸","0","2","2"
"百官都通过","0","2","2"
"吕太后听说","0","2","2"
"我是怎样的","0","2","2"
"和太尉周勃","0","2","2"
"太尉周勃亲","0","2","2"
"把相位让给","0","2","2"
"道歉说不知","0","2","2"
"歉说不知道","0","2","2"
"打退了敌人","0","2","2"
"作为前锋到","0","2","2"
"在成武攻打","0","2","2"
"攻打趟贲的","0","2","2"
"打趟贲的军","0","2","2"
"二十二个县","0","2","2"
"作为将军跟","0","2","2"
"为将军跟着","0","2","2"
"将军跟着高","0","2","2"
"攻打燕王臧","0","2","2"
"赐爵为列侯","0","2","2"
"攻打胡骑兵","0","2","2"
"攻打韩信的","0","2","2"
"把别人的孩","0","2","2"
"别人的孩子","0","2","2"
"在大殿正门","0","2","2"
"您是干什么","0","2","2"
"过了十多个","0","2","2"
"了十多个月","0","2","2"
"会大祸临头","0","2","2"
"列侯回到封","0","2","2"
"侯回到封国","0","2","2"
"后来有人上","0","2","2"
"来有人上书","0","2","2"
"让公主做证","0","2","2"
"十一年去世","0","2","2"
"挑选周勃儿","0","2","2"
"选周勃儿子","0","2","2"
"继承父亲做","0","2","2"
"皇帝恭敬地","0","2","2"
"断绝他们的","0","2","2"
"绝他们的粮","0","2","2"
"他们的粮道","0","2","2"
"是从天而降","0","2","2"
"内部互相攻","0","2","2"
"俘虏了他们","0","2","2"
"的哥哥王信","0","2","2"
"哥哥王信为","0","2","2"
"不遵守规定","0","2","2"
"下帽子向皇","0","2","2"
"帽子向皇上","0","2","2"
"子向皇上谢","0","2","2"
"儿子为父亲","0","2","2"
"夫人阻止了","0","2","2"
"人阻止了他","0","2","2"
"到平帝元始","0","2","2"
"玄孙的儿子","0","2","2"
"陈胜起义时","0","2","2"
"败泗水郡守","0","2","2"
"郡守的军队","0","2","2"
"李由的军队","0","2","2"
"斩敌首十四","0","2","2"
"敌首十四个","0","2","2"
"樊啥因为打","0","2","2"
"啥因为打退","0","2","2"
"樊呛首先登","0","2","2"
"呛首先登城","0","2","2"
"斩杀都尉一","0","2","2"
"杀都尉一人","0","2","2"
"酒喝得正畅","0","2","2"
"喝得正畅快","0","2","2"
"被提升为郎","0","2","2"
"提升为郎中","0","2","2"
"跟随汉王进","0","2","2"
"章平的军队","0","2","2"
"樊啥首先登","0","2","2"
"啥首先登城","0","2","2"
"束面攻打秦","0","2","2"
"面攻打秦军","0","2","2"
"跟随汉王攻","0","2","2"
"王攻打项羽","0","2","2"
"项羽在彭城","0","2","2"
"羽在彭城打","0","2","2"
"彭城打败汉","0","2","2"
"城打败汉王","0","2","2"
"封食邑八百","0","2","2"
"樊啥跟随汉","0","2","2"
"啥跟随汉高","0","2","2"
"跟随汉高祖","0","2","2"
"免除以前所","0","2","2"
"除以前所封","0","2","2"
"邑一千五百","0","2","2"
"一千五百户","0","2","2"
"樊啥以相国","0","2","2"
"啥以相国身","0","2","2"
"食邑一千三","0","2","2"
"一百七十六","0","2","2"
"与皇上最亲","0","2","2"
"过了十几天","0","2","2"
"皇上流着泪","0","2","2"
"上流着泪说","0","2","2"
"陛下难道没","0","2","2"
"爵位和食邑","0","2","2"
"孝文帝登位","0","2","2"
"文帝登位后","0","2","2"
"来的爵位和","0","2","2"
"谧号为荒侯","0","2","2"
"交给官吏处","0","2","2"
"给官吏处置","0","2","2"
"公赐给他爵","0","2","2"
"为陇西都尉","0","2","2"
"汉王赐给他","0","2","2"
"汉王称帝后","0","2","2"
"燕王臧荼谋","0","2","2"
"王臧荼谋反","0","2","2"
"将军跟随皇","0","2","2"
"千户的食邑","0","2","2"
"至六百石共","0","2","2"
"六百石共十","0","2","2"
"百石共十九","0","2","2"
"石共十九人","0","2","2"
"他的儿子郦","0","2","2"
"的儿子郦寄","0","2","2"
"命令他的儿","0","2","2"
"令他的儿子","0","2","2"
"了吕氏家族","0","2","2"
"于是消灭了","0","2","2"
"直传到玄孙","0","2","2"
"说根本没有","0","2","2"
"高祖作了沛","0","2","2"
"祖作了沛公","0","2","2"
"赐夏侯婴第","0","2","2"
"夏侯婴跟从","0","2","2"
"跟从皇上攻","0","2","2"
"从皇上攻打","0","2","2"
"孝惠帝和鲁","0","2","2"
"最终平定了","0","2","2"
"使者送给匈","0","2","2"
"者送给匈奴","0","2","2"
"打开包围圈","0","2","2"
"开包围圈的","0","2","2"
"包围圈的一","0","2","2"
"围圈的一角","0","2","2"
"攻打匈奴骑","0","2","2"
"打匈奴骑兵","0","2","2"
"从高帝攻打","0","2","2"
"一千户食邑","0","2","2"
"又作为太仆","0","2","2"
"曾孙夏侯颇","0","2","2"
"了汉武帝的","0","2","2"
"武帝的姐姐","0","2","2"
"父亲的婢女","0","2","2"
"了平阳公主","0","2","2"
"从沛公攻打","0","2","2"
"跟从汉王平","0","2","2"
"从汉王平定","0","2","2"
"汉王平定三","0","2","2"
"王平定三秦","0","2","2"
"跟从汉王向","0","2","2"
"从汉王向东","0","2","2"
"攻打项羽的","0","2","2"
"打项羽的将","0","2","2"
"楚军的骑兵","0","2","2"
"手下兵士斩","0","2","2"
"下兵士斩杀","0","2","2"
"作为御史大","0","2","2"
"率领军队在","0","2","2"
"定进回以北","0","2","2"
"汉王增加他","0","2","2"
"王增加他的","0","2","2"
"他的食邑二","0","2","2"
"的食邑二千","0","2","2"
"兵一起斩杀","0","2","2"
"五十二个县","0","2","2"
"与他剖符为","0","2","2"
"他剖符为证","0","2","2"
"跟从皇上在","0","2","2"
"被匈奴军队","0","2","2"
"以车骑将军","0","2","2"
"和大司马的","0","2","2"
"婴为大将军","0","2","2"
"三千户食邑","0","2","2"
"在丞相任上","0","2","2"
"跟从攻打项","0","2","2"
"位世代相传","0","2","2"
"子刘长为淮","0","2","2"
"刘长为淮南","0","2","2"
"长为淮南王","0","2","2"
"赶快投降汉","0","2","2"
"快投降汉王","0","2","2"
"周昌为御史","0","2","2"
"昌为御史大","0","2","2"
"戚姬之子如","0","2","2"
"姬之子如意","0","2","2"
"之子如意为","0","2","2"
"如意为太子","0","2","2"
"留侯张良的","0","2","2"
"侯张良的计","0","2","2"
"对御史大夫","0","2","2"
"所以不高兴","0","2","2"
"我私下担心","0","2","2"
"不知用什么","0","2","2"
"知用什么计","0","2","2"
"到诸侯王国","0","2","2"
"派使臣召趟","0","2","2"
"任敖为御史","0","2","2"
"敖为御史大","0","2","2"
"因犯法免官","0","2","2"
"汉朝建立二","0","2","2"
"朝建立二十","0","2","2"
"建立二十多","0","2","2"
"立二十多年","0","2","2"
"亲一样侍奉","0","2","2"
"原来二千石","0","2","2"
"我私下告诫","0","2","2"
"到了丞相府","0","2","2"
"这个人是我","0","2","2"
"任丞相五年","0","2","2"
"晁错任内史","0","2","2"
"从南面出入","0","2","2"
"向皇上认罪","0","2","2"
"爵传到儿子","0","2","2"
"柏至侯许昌","0","2","2"
"武彊侯庄青","0","2","2"
"彊侯庄青翟","0","2","2"
"的人都不敢","0","2","2"
"认为他是狂","0","2","2"
"天下百姓遭","0","2","2"
"下百姓遭受","0","2","2"
"郦食其于是","0","2","2"
"县以束的地","0","2","2"
"知道天之所","0","2","2"
"道天之所以","0","2","2"
"天之所以为","0","2","2"
"之所以为天","0","2","2"
"所以为天的","0","2","2"
"以为天的人","0","2","2"
"为天的人就","0","2","2"
"成就帝王之","0","2","2"
"的士兵分别","0","2","2"
"堵住成皋之","0","2","2"
"住成皋之险","0","2","2"
"封锁太行之","0","2","2"
"占据飞狐的","0","2","2"
"守白马的渡","0","2","2"
"数十万大军","0","2","2"
"派郦食其劝","0","2","2"
"郦食其劝说","0","2","2"
"食其劝说齐","0","2","2"
"其劝说齐王","0","2","2"
"大王知道天","0","2","2"
"王知道天下","0","2","2"
"和天下百姓","0","2","2"
"别人的功绩","0","2","2"
"家族的人不","0","2","2"
"获的战利品","0","2","2"
"天下的人才","0","2","2"
"就可以保全","0","2","2"
"认为是对的","0","2","2"
"认为郦食其","0","2","2"
"为郦食其欺","0","2","2"
"郦食其欺骗","0","2","2"
"食其欺骗了","0","2","2"
"其欺骗了自","0","2","2"
"皇帝因为他","0","2","2"
"父亲的缘故","0","2","2"
"自立为西楚","0","2","2"
"立为西楚霸","0","2","2"
"于是杀死了","0","2","2"
"这不是人的","0","2","2"
"不是人的力","0","2","2"
"是人的力量","0","2","2"
"在南越称王","0","2","2"
"祖先的坟墓","0","2","2"
"相比谁贤呢","0","2","2"
"比谁贤呢?","0","2","2"
"继承了五帝","0","2","2"
"陆买为太中","0","2","2"
"买为太中大","0","2","2"
"在马上得天","0","2","2"
"马上得天下","0","2","2"
"认为写得好","0","2","2"
"有五个儿子","0","2","2"
"价值百金的","0","2","2"
"他的儿子说","0","2","2"
"天下安定时","0","2","2"
"大家注意的","0","2","2"
"家注意的是","0","2","2"
"用五百金为","0","2","2"
"为绛侯周勃","0","2","2"
"想派人出使","0","2","2"
"人没有不知","0","2","2"
"向皇帝说了","0","2","2"
"但最终没有","0","2","2"
"要治他的罪","0","2","2"
"赐给他食物","0","2","2"
"有八百诸侯","0","2","2"
"天下的中心","0","2","2"
"有美德则容","0","2","2"
"美德则容易","0","2","2"
"的人都要以","0","2","2"
"使天下百姓","0","2","2"
"之声不绝于","0","2","2"
"于是皇上说","0","2","2"
"高帝亲自率","0","2","2"
"帝亲自率兵","0","2","2"
"派人出使匈","0","2","2"
"向皇上禀报","0","2","2"
"国的奴才!","0","2","2"
"单于的兵力","0","2","2"
"为什么不能","0","2","2"
"公主嫁给单","0","2","2"
"嫁给单于为","0","2","2"
"以增加人口","0","2","2"
"陛下是不能","0","2","2"
"生三十多人","0","2","2"
"表示不再使","0","2","2"
"示不再使用","0","2","2"
"有贤明的君","0","2","2"
"叔孙通归降","0","2","2"
"孙通归降汉","0","2","2"
"通归降汉王","0","2","2"
"的礼仪之法","0","2","2"
"征集鲁国的","0","2","2"
"制定礼仪不","0","2","2"
"不要玷污了","0","2","2"
"于是命令群","0","2","2"
"是命令群臣","0","2","2"
"六百石的官","0","2","2"
"拜叔孙通为","0","2","2"
"叔孙通为奉","0","2","2"
"孙通为奉常","0","2","2"
"给他五百斤","0","2","2"
"升叔孙通为","0","2","2"
"用欺骗手段","0","2","2"
"天下安定的","0","2","2"
"天下就会混","0","2","2"
"下就会混乱","0","2","2"
"听从你的话","0","2","2"
"太子的打算","0","2","2"
"统一天下的","0","2","2"
"的事情被发","0","2","2"
"上亲自率兵","0","2","2"
"幼年失去母","0","2","2"
"年失去母亲","0","2","2"
"因为这个原","0","2","2"
"为这个原因","0","2","2"
"自以为是皇","0","2","2"
"最亲近的人","0","2","2"
"同坐一辆车","0","2","2"
"砍断了他的","0","2","2"
"这是第一桩","0","2","2"
"是第一桩罪","0","2","2"
"这是第二桩","0","2","2"
"是第二桩罪","0","2","2"
"王性格刚直","0","2","2"
"对大王很宽","0","2","2"
"大王很宽厚","0","2","2"
"王很宽厚呀","0","2","2"
"委弃封国当","0","2","2"
"弃封国当平","0","2","2"
"封国当平民","0","2","2"
"国当平民百","0","2","2"
"当平民百姓","0","2","2"
"受到天下人","0","2","2"
"到天下人的","0","2","2"
"是明智之举","0","2","2"
"为子孙后代","0","2","2"
"夺了他的封","0","2","2"
"了他的封国","0","2","2"
"治国平天下","0","2","2"
"国平天下的","0","2","2"
"人出入宫殿","0","2","2"
"相以下的人","0","2","2"
"蒲侯柴武的","0","2","2"
"侯柴武的太","0","2","2"
"柴武的太子","0","2","2"
"廷尉审讯后","0","2","2"
"给他们安排","0","2","2"
"事情败露后","0","2","2"
"派使者送来","0","2","2"
"去拜见皇上","0","2","2"
"兵攻打叛乱","0","2","2"
"攻打叛乱的","0","2","2"
"陛下派使者","0","2","2"
"皇上下诏书","0","2","2"
"上下诏书说","0","2","2"
"诸侯及二千","0","2","2"
"侯及二千石","0","2","2"
"按照列侯的","0","2","2"
"皇上可怜淮","0","2","2"
"上可怜淮南","0","2","2"
"可怜淮南王","0","2","2"
"而损害国家","0","2","2"
"按照诸侯的","0","2","2"
"照诸侯的礼","0","2","2"
"行为放纵而","0","2","2"
"淮南王刘喜","0","2","2"
"因此得以保","0","2","2"
"来安抚百姓","0","2","2"
"有二十多万","0","2","2"
"向皇上进献","0","2","2"
"皇上没有太","0","2","2"
"上没有太子","0","2","2"
"对淮南王说","0","2","2"
"皇上的左右","0","2","2"
"的左右大臣","0","2","2"
"于是和太子","0","2","2"
"是和太子策","0","2","2"
"和太子策划","0","2","2"
"上书向皇上","0","2","2"
"谢罪并请求","0","2","2"
"自己认为没","0","2","2"
"没有人能超","0","2","2"
"有人能超过","0","2","2"
"皇上上书说","0","2","2"
"事情由廷尉","0","2","2"
"逮捕淮南王","0","2","2"
"捕淮南王的","0","2","2"
"这时皇上下","0","2","2"
"时皇上下诏","0","2","2"
"了淮南王的","0","2","2"
"事情牵连到","0","2","2"
"没有什么危","0","2","2"
"请求削减封","0","2","2"
"求削减封国","0","2","2"
"感到很耻辱","0","2","2"
"皇上没有儿","0","2","2"
"上没有儿子","0","2","2"
"太子知道后","0","2","2"
"淮南王的阴","0","2","2"
"南王的阴谋","0","2","2"
"把此事交给","0","2","2"
"此事交给廷","0","2","2"
"淮南王案子","0","2","2"
"伍被回答说","0","2","2"
"于是淮南王","0","2","2"
"淮南王打算","0","2","2"
"打算派人假","0","2","2"
"算派人假装","0","2","2"
"将军和丞相","0","2","2"
"先刺杀大将","0","2","2"
"刺杀大将军","0","2","2"
"说服丞相公","0","2","2"
"服丞相公孙","0","2","2"
"捕人的差役","0","2","2"
"子认为他们","0","2","2"
"供出与淮南","0","2","2"
"出与淮南王","0","2","2"
"围住了王宫","0","2","2"
"谋反所用的","0","2","2"
"反所用的器","0","2","2"
"所用的器物","0","2","2"
"南王谋反有","0","2","2"
"谋反有牵连","0","2","2"
"有司要求逮","0","2","2"
"司要求逮捕","0","2","2"
"谋反的人都","0","2","2"
"反的人都被","0","2","2"
"的人都被正","0","2","2"
"人都被正法","0","2","2"
"生了三个儿","0","2","2"
"来生了四个","0","2","2"
"衡山王治罪","0","2","2"
"用刀砍伤了","0","2","2"
"衡山王面前","0","2","2"
"山王面前诋","0","2","2"
"王面前诋毁","0","2","2"
"面前诋毁太","0","2","2"
"前诋毁太子","0","2","2"
"王因此大怒","0","2","2"
"立刘孝为太","0","2","2"
"给他很多钱","0","2","2"
"登上皇帝位","0","2","2"
"白赢到长安","0","2","2"
"到长安上书","0","2","2"
"王国被废为","0","2","2"
"位十二年时","0","2","2"
"原来的名字","0","2","2"
"刚刚兴起时","0","2","2"
"攻打并平定","0","2","2"
"打并平定了","0","2","2"
"到您的腹上","0","2","2"
"传送檄文就","0","2","2"
"送檄文就能","0","2","2"
"边地之城都","0","2","2"
"地之城都将","0","2","2"
"汉王刘邦已","0","2","2"
"有诏书命令","0","2","2"
"为什么不进","0","2","2"
"像疾风一样","0","2","2"
"几十万兵众","0","2","2"
"现在为您着","0","2","2"
"在为您着想","0","2","2"
"我听说上天","0","2","2"
"没有人比得","0","2","2"
"有人比得上","0","2","2"
"国发号施令","0","2","2"
"因谋反而被","0","2","2"
"临死的时候","0","2","2"
"于是下诏书","0","2","2"
"束郭先生和","0","2","2"
"郭先生和梁","0","2","2"
"先生和梁石","0","2","2"
"生和梁石君","0","2","2"
"没有人能比","0","2","2"
"有人能比得","0","2","2"
"人能比得上","0","2","2"
"为什么不把","0","2","2"
"把他们推荐","0","2","2"
"丢肉的那家","0","2","2"
"为上等宾客","0","2","2"
"他的先人是","0","2","2"
"淮南王又召","0","2","2"
"南王又召见","0","2","2"
"王又召见伍","0","2","2"
"又召见伍被","0","2","2"
"为大王您出","0","2","2"
"大王您出谋","0","2","2"
"王您出谋划","0","2","2"
"您出谋划策","0","2","2"
"淮南王又问","0","2","2"
"么样的人?","0","2","2"
"不容易对付","0","2","2"
"赐给他的金","0","2","2"
"是由于违背","0","2","2"
"值得忧虑的","0","2","2"
"集天下的精","0","2","2"
"攻取衡山国","0","2","2"
"强劲的弓弩","0","2","2"
"的不可胜数","0","2","2"
"十家之中有","0","2","2"
"修建阿房宫","0","2","2"
"贫苦的百姓","0","2","2"
"高祖皇帝说","0","2","2"
"实在不得已","0","2","2"
"五十万以上","0","2","2"
"王谋反的情","0","2","2"
"谋反的情况","0","2","2"
"赵敬肃王刘","0","2","2"
"的上等宾客","0","2","2"
"与廷尉共同","0","2","2"
"廷尉共同审","0","2","2"
"尉共同审理","0","2","2"
"与他们一起","0","2","2"
"武帝不同意","0","2","2"
"武帝同意了","0","2","2"
"求出使匈奴","0","2","2"
"被任命为直","0","2","2"
"任命为直指","0","2","2"
"地区的盗贼","0","2","2"
"皇帝的近臣","0","2","2"
"准备攻打匈","0","2","2"
"备攻打匈奴","0","2","2"
"被弹劾的人","0","2","2"
"公主在驰道","0","2","2"
"主在驰道上","0","2","2"
"太后的命令","0","2","2"
"在驰道上走","0","2","2"
"车在驰道中","0","2","2"
"驰道中行走","0","2","2"
"让皇上听到","0","2","2"
"皇上听到这","0","2","2"
"向武帝汇报","0","2","2"
"武帝汇报了","0","2","2"
"得到他的帮","0","2","2"
"到他的帮助","0","2","2"
"公孙贺的儿","0","2","2"
"孙贺的儿子","0","2","2"
"以巫术诅咒","0","2","2"
"巫术诅咒皇","0","2","2"
"帝巡幸甘泉","0","2","2"
"巡幸甘泉宫","0","2","2"
"武帝已经年","0","2","2"
"是因为有人","0","2","2"
"怀疑身边的","0","2","2"
"疑身边的人","0","2","2"
"又不能自己","0","2","2"
"向皇帝说明","0","2","2"
"乡侯傅晏与","0","2","2"
"侯傅晏与息","0","2","2"
"傅晏与息夫","0","2","2"
"晏与息夫躬","0","2","2"
"任汝南郡太","0","2","2"
"汝南郡太守","0","2","2"
"南郡太守时","0","2","2"
"召听候皇帝","0","2","2"
"当时哀帝正","0","2","2"
"时哀帝正患","0","2","2"
"哀帝正患病","0","2","2"
"他们的罪名","0","2","2"
"有大石自动","0","2","2"
"大石自动立","0","2","2"
"石自动立起","0","2","2"
"通过中常侍","0","2","2"
"过中常侍宋","0","2","2"
"当时侍中董","0","2","2"
"时侍中董贤","0","2","2"
"封董贤等人","0","2","2"
"以下官员都","0","2","2"
"精良的兵器","0","2","2"
"大臣们议论","0","2","2"
"单于应当来","0","2","2"
"于应当来朝","0","2","2"
"来朝拜天子","0","2","2"
"儿子去侍奉","0","2","2"
"子去侍奉单","0","2","2"
"去侍奉单子","0","2","2"
"向天子上书","0","2","2"
"实在是因为","0","2","2"
"这就是所谓","0","2","2"
"是挫败敌人","0","2","2"
"挫败敌人的","0","2","2"
"敌人的阴谋","0","2","2"
"臣子的礼节","0","2","2"
"以防患于未","0","2","2"
"星进入心宿","0","2","2"
"按占验之法","0","2","2"
"来树立威望","0","2","2"
"说的有道理","0","2","2"
"上天显示异","0","2","2"
"顺应天意的","0","2","2"
"从前秦穆公","0","2","2"
"却没有听说","0","2","2"
"善于谋划的","0","2","2"
"任命阳安侯","0","2","2"
"命阳安侯丁","0","2","2"
"安侯丁明为","0","2","2"
"侯丁明为大","0","2","2"
"丁明为大司","0","2","2"
"明为大司马","0","2","2"
"息夫躬等人","0","2","2"
"息夫躬的同","0","2","2"
"受牵连被捕","0","2","2"
"有关部门的","0","2","2"
"关部门的官","0","2","2"
"部门的官吏","0","2","2"
"有一个姐姐","0","2","2"
"为恭敬谨慎","0","2","2"
"束阳侯张相","0","2","2"
"到景帝即位","0","2","2"
"的长子石建","0","2","2"
"个儿子都是","0","2","2"
"上大夫的俸","0","2","2"
"大夫的俸禄","0","2","2"
"万石君一定","0","2","2"
"皇太后认为","0","2","2"
"任齐国丞相","0","2","2"
"任沛郡太守","0","2","2"
"用金不足而","0","2","2"
"御史大夫说","0","2","2"
"向东攻打朝","0","2","2"
"东攻打朝鲜","0","2","2"
"合治理国家","0","2","2"
"到边境地区","0","2","2"
"以下的大臣","0","2","2"
"不能辅佐朝","0","2","2"
"皇上不忍心","0","2","2"
"不忍心将我","0","2","2"
"不知道如何","0","2","2"
"诏令中郎将","0","2","2"
"知道为什么","0","2","2"
"皇上赐给他","0","2","2"
"皇上下诏任","0","2","2"
"上下诏任命","0","2","2"
"上认为卫绾","0","2","2"
"皇上立胶束","0","2","2"
"上立胶束王","0","2","2"
"他许多东西","0","2","2"
"于是罢免了","0","2","2"
"金不足而获","0","2","2"
"兵攻打反叛","0","2","2"
"作为先帝的","0","2","2"
"在孝文帝时","0","2","2"
"但是他为人","0","2","2"
"太原王刘参","0","2","2"
"与皇帝最亲","0","2","2"
"太后的原因","0","2","2"
"则与景帝同","0","2","2"
"立胶束王为","0","2","2"
"胶束王为太","0","2","2"
"束王为太子","0","2","2"
"千石官员去","0","2","2"
"内史韩安国","0","2","2"
"知怎么办才","0","2","2"
"孝王的五个","0","2","2"
"吃了一顿饭","0","2","2"
"的黄金还有","0","2","2"
"二十四年后","0","2","2"
"有司上奏说","0","2","2"
"上奏太皇太","0","2","2"
"奏太皇太后","0","2","2"
"在位九年后","0","2","2"
"共王的母亲","0","2","2"
"下的人都知","0","2","2"
"人都知道了","0","2","2"
"知道了这事","0","2","2"
"位四十年后","0","2","2"
"四十年后去","0","2","2"
"儿子夷王刘","0","2","2"
"请皇上下令","0","2","2"
"上奏说刘立","0","2","2"
"因此上奏说","0","2","2"
"谷永上疏说","0","2","2"
"治国之道不","0","2","2"
"派奴仆杀了","0","2","2"
"有司奏请将","0","2","2"
"皇上多次开","0","2","2"
"上多次开恩","0","2","2"
"与背叛无异","0","2","2"
"应当忠于职","0","2","2"
"当忠于职守","0","2","2"
"就失去了父","0","2","2"
"们住在一起","0","2","2"
"河南郡守吴","0","2","2"
"南郡守吴公","0","2","2"
"于是征召他","0","2","2"
"认为汉朝建","0","2","2"
"为汉朝建立","0","2","2"
"车马服饰的","0","2","2"
"马服饰的颜","0","2","2"
"确定官职名","0","2","2"
"定官职名称","0","2","2"
"于是汉文帝","0","2","2"
"担任公卿的","0","2","2"
"任公卿的职","0","2","2"
"做长沙王太","0","2","2"
"写了一篇赋","0","2","2"
"贤明的臣子","0","2","2"
"遭受谗言而","0","2","2"
"受谗言而被","0","2","2"
"春秋时期的","0","2","2"
"个强大的国","0","2","2"
"受到激发便","0","2","2"
"独与大道共","0","2","2"
"与大道共存","0","2","2"
"侵犯汉朝边","0","2","2"
"汉朝刚刚建","0","2","2"
"朝刚刚建立","0","2","2"
"制度的规定","0","2","2"
"反而被诛灭","0","2","2"
"我私下考虑","0","2","2"
"可以为之痛","0","2","2"
"以为之痛哭","0","2","2"
"为之痛哭的","0","2","2"
"人都说国家","0","2","2"
"这是不对的","0","2","2"
"的君主要有","0","2","2"
"自然和社会","0","2","2"
"治国安邦的","0","2","2"
"朝廷派去的","0","2","2"
"诸侯王就会","0","2","2"
"自己的亲信","0","2","2"
"要想使国家","0","2","2"
"即使唐尧虞","0","2","2"
"使唐尧虞舜","0","2","2"
"是办不到的","0","2","2"
"还有什么不","0","2","2"
"上天的保佑","0","2","2"
"我知道陛下","0","2","2"
"像从前那样","0","2","2"
"假如这六七","0","2","2"
"这时陛下即","0","2","2"
"事件发生了","0","2","2"
"国家治理好","0","2","2"
"同姓诸侯王","0","2","2"
"采用皇帝的","0","2","2"
"用皇帝的礼","0","2","2"
"为什么不用","0","2","2"
"势力强大的","0","2","2"
"使他这样的","0","2","2"
"他们的势力","0","2","2"
"是不可以的","0","2","2"
"现在还存在","0","2","2"
"就像车轮的","0","2","2"
"像车轮的辐","0","2","2"
"车轮的辐条","0","2","2"
"轮的辐条聚","0","2","2"
"的辐条聚集","0","2","2"
"实在是为了","0","2","2"
"在是为了国","0","2","2"
"了国家的安","0","2","2"
"有背叛之心","0","2","2"
"天下的形势","0","2","2"
"好像一个人","0","2","2"
"堂弟的儿子","0","2","2"
"匈奴对汉朝","0","2","2"
"天下的祸害","0","2","2"
"得不到休息","0","2","2"
"以为之流泪","0","2","2"
"为之流泪的","0","2","2"
"就是这件事","0","2","2"
"是这件事啊","0","2","2"
"人都认为这","0","2","2"
"为这样做是","0","2","2"
"这样做是对","0","2","2"
"样做是对的","0","2","2"
"汉朝的一个","0","2","2"
"执政的大臣","0","2","2"
"解除国家的","0","2","2"
"皇后的服饰","0","2","2"
"现在一般人","0","2","2"
"粗厚的丝织","0","2","2"
"厚的丝织品","0","2","2"
"要想使天下","0","2","2"
"想使天下之","0","2","2"
"天下之人不","0","2","2"
"收获的粮食","0","2","2"
"关系到人的","0","2","2"
"也是不可能","0","2","2"
"儿子成年了","0","2","2"
"子成年了就","0","2","2"
"顺应时势一","0","2","2"
"功成名就了","0","2","2"
"为汉朝的天","0","2","2"
"秦朝遗留下","0","2","2"
"朝遗留下来","0","2","2"
"所当然的事","0","2","2"
"平庸的官吏","0","2","2"
"私下为陛下","0","2","2"
"下为陛下惋","0","2","2"
"为陛下惋惜","0","2","2"
"的等级关系","0","2","2"
"人们设立的","0","2","2"
"假使管子是","0","2","2"
"级制度的原","0","2","2"
"制度的原则","0","2","2"
"为之叹息的","0","2","2"
"之叹息的就","0","2","2"
"叹息的就是","0","2","2"
"息的就是这","0","2","2"
"周朝统治天","0","2","2"
"商周三代的","0","2","2"
"周三代的君","0","2","2"
"三代的君主","0","2","2"
"太子刚生下","0","2","2"
"子刚生下来","0","2","2"
"有道德学术","0","2","2"
"道德学术的","0","2","2"
"德学术的人","0","2","2"
"习惯于同品","0","2","2"
"惯于同品行","0","2","2"
"端正的人相","0","2","2"
"正的人相处","0","2","2"
"品行就不会","0","2","2"
"如同生长在","0","2","2"
"国不能不讲","0","2","2"
"子稍稍长大","0","2","2"
"自己的身份","0","2","2"
"治国的道理","0","2","2"
"治国的办法","0","2","2"
"有仁爱之心","0","2","2"
"周三代之所","0","2","2"
"三代之所以","0","2","2"
"过去的事就","0","2","2"
"推行这样的","0","2","2"
"没有发生以","0","2","2"
"有发生以前","0","2","2"
"自己不知道","0","2","2"
"一定要使诉","0","2","2"
"定要使诉讼","0","2","2"
"取舍的标准","0","2","2"
"多而老百姓","0","2","2"
"而老百姓就","0","2","2"
"老百姓就会","0","2","2"
"就会和睦相","0","2","2"
"七百年而不","0","2","2"
"没有别的缘","0","2","2"
"有别的缘故","0","2","2"
"王确定取舍","0","2","2"
"王把天下放","0","2","2"
"这是天下人","0","2","2"
"是天下人都","0","2","2"
"天子的地位","0","2","2"
"是至高无上","0","2","2"
"的罪行不加","0","2","2"
"这样做是为","0","2","2"
"样做是为了","0","2","2"
"是为了尊敬","0","2","2"
"一般人那样","0","2","2"
"像国士一样","0","2","2"
"胜任官职的","0","2","2"
"听到命令便","0","2","2"
"节操和德行","0","2","2"
"便忘了自己","0","2","2"
"所以说圣人","0","2","2"
"他尚且为我","0","2","2"
"尚且为我而","0","2","2"
"必须与他共","0","2","2"
"不该做的事","0","2","2"
"的就是这些","0","2","2"
"免职回到封","0","2","2"
"恢复了他的","0","2","2"
"受了他的意","0","2","2"
"处以死刑的","0","2","2"
"子刘武为代","0","2","2"
"刘武为代王","0","2","2"
"能够保全自","0","2","2"
"够保全自己","0","2","2"
"不足以抵御","0","2","2"
"选择良辰吉","0","2","2"
"成就大功业","0","2","2"
"官吏和老百","0","2","2"
"吏和老百姓","0","2","2"
"六国的祸患","0","2","2"
"不可以说是","0","2","2"
"城阳王刘喜","0","2","2"
"私下担心陛","0","2","2"
"下担心陛下","0","2","2"
"淮南厉王的","0","2","2"
"知道他的罪","0","2","2"
"他自杀而死","0","2","2"
"辜负了天下","0","2","2"
"负了天下人","0","2","2"
"了天下人对","0","2","2"
"厉王的儿子","0","2","2"
"给他们很多","0","2","2"
"希望陛下稍","0","2","2"
"稍微考虑一","0","2","2"
"微考虑一下","0","2","2"
"的六个儿子","0","2","2"
"汉景帝继位","0","2","2"
"古代的伊尹","0","2","2"
"的内容写在","0","2","2"
"是通常所说","0","2","2"
"通常所说的","0","2","2"
"常所说的功","0","2","2"
"所说的功臣","0","2","2"
"削减他们的","0","2","2"
"王更加骄横","0","2","2"
"的事被发觉","0","2","2"
"呢!况且您","0","2","2"
"世人的行为","0","2","2"
"三年的时间","0","2","2"
"夏育那样的","0","2","2"
"育那样的勇","0","2","2"
"次辞让天子","0","2","2"
"辞让天子位","0","2","2"
"到皇上宠幸","0","2","2"
"如今陛下已","0","2","2"
"也因为多次","0","2","2"
"因为多次直","0","2","2"
"为多次直言","0","2","2"
"次直言劝谏","0","2","2"
"很长时间才","0","2","2"
"没有一次不","0","2","2"
"停留的地方","0","2","2"
"在一起说过","0","2","2"
"叛乱的消息","0","2","2"
"的消息传来","0","2","2"
"担任大将军","0","2","2"
"的婢女私通","0","2","2"
"托病辞职回","0","2","2"
"送葬的车子","0","2","2"
"葬的车子有","0","2","2"
"的车子有一","0","2","2"
"向他询问计","0","2","2"
"为皇位继承","0","2","2"
"袁盎的为人","0","2","2"
"我不忍心杀","0","2","2"
"生那裹学习","0","2","2"
"已经九十多","0","2","2"
"经九十多岁","0","2","2"
"担任太子舍","0","2","2"
"任太子舍人","0","2","2"
"后升为博士","0","2","2"
"希望陛下选","0","2","2"
"晁错为太子","0","2","2"
"错为太子家","0","2","2"
"为太子家令","0","2","2"
"规模侵入就","0","2","2"
"因此兵法说","0","2","2"
"兵器不锐利","0","2","2"
"是势均力敌","0","2","2"
"之国的形态","0","2","2"
"他们的饮食","0","2","2"
"可以赐给他","0","2","2"
"以赐给他们","0","2","2"
"国家的大患","0","2","2"
"就大乱起来","0","2","2"
"曾经入过商","0","2","2"
"经入过商人","0","2","2"
"入过商人户","0","2","2"
"过商人户籍","0","2","2"
"商人户籍的","0","2","2"
"兵少不足以","0","2","2"
"没有被俘虏","0","2","2"
"流传给后世","0","2","2"
"募民迁徙到","0","2","2"
"民迁徙到边","0","2","2"
"迁徙到边塞","0","2","2"
"徙到边塞去","0","2","2"
"给他们准备","0","2","2"
"断绝与匈奴","0","2","2"
"希望陛下裁","0","2","2"
"荐贤良文学","0","2","2"
"选拔豪杰英","0","2","2"
"拔豪杰英才","0","2","2"
"自己的意志","0","2","2"
"直言极力劝","0","2","2"
"言极力劝谏","0","2","2"
"来辅佐匡正","0","2","2"
"讲出自己的","0","2","2"
"士来辅佐自","0","2","2"
"那些大臣都","0","2","2"
"自处理政务","0","2","2"
"像流水一样","0","2","2"
"他们的大臣","0","2","2"
"托付给大臣","0","2","2"
"百姓之所以","0","2","2"
"是为了自己","0","2","2"
"如果是这样","0","2","2"
"不要用来伤","0","2","2"
"所侵害的是","0","2","2"
"难以办到的","0","2","2"
"就改变他的","0","2","2"
"不亲自处理","0","2","2"
"请求诛杀晁","0","2","2"
"求诛杀晁错","0","2","2"
"因此更加显","0","2","2"
"此更加显贵","0","2","2"
"列侯和皇族","0","2","2"
"晁错的父亲","0","2","2"
"亲听到这个","0","2","2"
"国家不得安","0","2","2"
"家不得安宁","0","2","2"
"削减他的封","0","2","2"
"杀晁错为名","0","2","2"
"魏豹自立为","0","2","2"
"摇为东海王","0","2","2"
"三万骑兵侵","0","2","2"
"骑兵侵入上","0","2","2"
"江都王刘建","0","2","2"
"大为乐通侯","0","2","2"
"都尉霍光为","0","2","2"
"尉霍光为大","0","2","2"
"霍光为大司","0","2","2"
"光为大司马","0","2","2"
"父为顺成侯","0","2","2"
"少府史乐成","0","2","2"
"田广明为祁","0","2","2"
"广明为祁连","0","2","2"
"明为祁连将","0","2","2"
"为祁连将军","0","2","2"
"赵充国为蒲","0","2","2"
"充国为蒲类","0","2","2"
"国为蒲类将","0","2","2"
"为蒲类将军","0","2","2"
"太守田顺为","0","2","2"
"守田顺为虎","0","2","2"
"田顺为虎牙","0","2","2"
"顺为虎牙将","0","2","2"
"博陆侯霍禹","0","2","2"
"派遣后将军","0","2","2"
"单于派遣其","0","2","2"
"封广陵厉王","0","2","2"
"周子南君为","0","2","2"
"子南君为周","0","2","2"
"南君为周承","0","2","2"
"君为周承休","0","2","2"
"为周承休侯","0","2","2"
"平侯王凤为","0","2","2"
"侯王凤为大","0","2","2"
"崇为安成侯","0","2","2"
"赦天下囚徒","0","2","2"
"匈奴单于来","0","2","2"
"赵临为成阳","0","2","2"
"临为成阳侯","0","2","2"
"孝王之孙刘","0","2","2"
"淳于长大逆","0","2","2"
"于长大逆不","0","2","2"
"长大逆不道","0","2","2"
"定陶恭王为","0","2","2"
"陶恭王为恭","0","2","2"
"恭王为恭皇","0","2","2"
"子丁满为平","0","2","2"
"丁满为平周","0","2","2"
"满为平周侯","0","2","2"
"傅晏为孔乡","0","2","2"
"晏为孔乡侯","0","2","2"
"钦为新成侯","0","2","2"
"恢复御史大","0","2","2"
"恭皇太后为","0","2","2"
"皇太后为帝","0","2","2"
"太后为帝太","0","2","2"
"后为帝太太","0","2","2"
"为帝太太后","0","2","2"
"能直言的各","0","2","2"
"直言的各一","0","2","2"
"言的各一人","0","2","2"
"孙刘信等三","0","2","2"
"刘信等三十","0","2","2"
"孝王玄孙之","0","2","2"
"曾孙刘伦为","0","2","2"
"孙刘伦为广","0","2","2"
"刘伦为广德","0","2","2"
"伦为广德王","0","2","2"
"三万零二百","0","2","2"
"千零四十一","0","2","2"
"在位五十四","0","2","2"
"册立王婕妤","0","2","2"
"立王婕妤为","0","2","2"
"王婕妤为皇","0","2","2"
"婕妤为皇后","0","2","2"
"朔五年春天","0","2","2"
"六年分为右","0","2","2"
"年分为右内","0","2","2"
"分为右内史","0","2","2"
"太初元年改","0","2","2"
"有十五万四","0","2","2"
"百四十三人","0","2","2"
"神爵二年设","0","2","2"
"爵二年设置","0","2","2"
"元鼎三年设","0","2","2"
"鼎三年设置","0","2","2"
"户一千二百","0","2","2"
"五藏六府痹","0","2","2"
"藏六府痹十","0","2","2"
"六府痹十二","0","2","2"
"府痹十二病","0","2","2"
"痹十二病方","0","2","2"
"而中书宦官","0","2","2"
"夏六月三十","0","2","2"
"春正月初一","0","2","2"
"冬十月三十","0","2","2"
"孝文皇帝在","0","2","2"
"立太宗之庙","0","2","2"
"昭帝的继承","0","2","2"
"三月初一日","0","2","2"
"残暴的官吏","0","2","2"
"于是天子下","0","2","2"
"时王莽执政","0","2","2"
"后官至丞相","0","2","2"
"四通八达的","0","2","2"
"能与他们相","0","2","2"
"便土崩瓦解","0","2","2"
"有能够引起","0","2","2"
"能够引起贪","0","2","2"
"够引起贪欲","0","2","2"
"引起贪欲的","0","2","2"
"起贪欲的东","0","2","2"
"贪欲的东西","0","2","2"
"不会有什么","0","2","2"
"会有什么好","0","2","2"
"上认为他贤","0","2","2"
"犯了君主的","0","2","2"
"这些匈奴人","0","2","2"
"舞文弄墨的","0","2","2"
"让他的弟弟","0","2","2"
"却使他的后","0","2","2"
"使他的后世","0","2","2"
"他的后世子","0","2","2"
"的后世子孙","0","2","2"
"后世子孙连","0","2","2"
"的君主善于","0","2","2"
"君主善于供","0","2","2"
"主善于供养","0","2","2"
"为什么没有","0","2","2"
"如果不是这","0","2","2"
"果不是这样","0","2","2"
"么会这样呢","0","2","2"
"所以我希望","0","2","2"
"我希望大王","0","2","2"
"回来的时候","0","2","2"
"到可乘之机","0","2","2"
"像翻转手掌","0","2","2"
"翻转手掌那","0","2","2"
"转手掌那样","0","2","2"
"手掌那样容","0","2","2"
"掌那样容易","0","2","2"
"不愿让别人","0","2","2"
"了这样的结","0","2","2"
"这样的结果","0","2","2"
"现在大王您","0","2","2"
"死去的人不","0","2","2"
"能再活过来","0","2","2"
"审讯他的官","0","2","2"
"讯他的官吏","0","2","2"
"国家带来的","0","2","2"
"带来的祸患","0","2","2"
"是一天比一","0","2","2"
"天比一天骄","0","2","2"
"路上络绎不","0","2","2"
"上络绎不绝","0","2","2"
"照样坐在那","0","2","2"
"样坐在那裹","0","2","2"
"骑士把灌夫","0","2","2"
"示众的极刑","0","2","2"
"了魏其侯窦","0","2","2"
"怎么这样不","0","2","2"
"不符合事实","0","2","2"
"被判处灭族","0","2","2"
"判处灭族的","0","2","2"
"奏书呈上去","0","2","2"
"得了他们的","0","2","2"
"了他们的土","0","2","2"
"来就不是我","0","2","2"
"就不是我们","0","2","2"
"臣私下认为","0","2","2"
"有关情况在","0","2","2"
"被剃去头发","0","2","2"
"用铁圈束颈","0","2","2"
"不符合规则","0","2","2"
"与她发生关","0","2","2"
"她发生关系","0","2","2"
"任上郡太守","0","2","2"
"于是匈奴的","0","2","2"
"匈奴的骑兵","0","2","2"
"不敢来攻击","0","2","2"
"认识的还是","0","2","2"
"识的还是不","0","2","2"
"的还是不认","0","2","2"
"还是不认识","0","2","2"
"是不认识的","0","2","2"
"让他们全部","0","2","2"
"还有什么可","0","2","2"
"宣帝同意了","0","2","2"
"裹停留了一","0","2","2"
"武帝策问道","0","2","2"
"继承了先帝","0","2","2"
"是人力所能","0","2","2"
"遥远的古代","0","2","2"
"圣王的事业","0","2","2"
"的时间也很","0","2","2"
"是可以很快","0","2","2"
"发生的原因","0","2","2"
"天给予的福","0","2","2"
"给予的福禄","0","2","2"
"虞舜的时候","0","2","2"
"有什么作为","0","2","2"
"有这样大的","0","2","2"
"这样大的差","0","2","2"
"所以我广泛","0","2","2"
"以我广泛地","0","2","2"
"广泛地邀请","0","2","2"
"现在的情况","0","2","2"
"来教导人民","0","2","2"
"却不知道羞","0","2","2"
"考核官吏的","0","2","2"
"核官吏的功","0","2","2"
"时间的长短","0","2","2"
"竭尽自己的","0","2","2"
"一定能找到","0","2","2"
"定能找到人","0","2","2"
"能找到人事","0","2","2"
"找到人事来","0","2","2"
"到人事来印","0","2","2"
"人事来印证","0","2","2"
"系统整理和","0","2","2"
"统整理和完","0","2","2"
"整理和完整","0","2","2"
"大概是由于","0","2","2"
"这样的地步","0","2","2"
"孔子的门徒","0","2","2"
"进献给天子","0","2","2"
"使者一起去","0","2","2"
"如果确实是","0","2","2"
"各种各样的","0","2","2"
"的奇珍异宝","0","2","2"
"不出它们的","0","2","2"
"他们的官职","0","2","2"
"他们的事业","0","2","2"
"回答皇上的","0","2","2"
"年时间才使","0","2","2"
"案件如果是","0","2","2"
"件如果是皇","0","2","2"
"如果是皇上","0","2","2"
"果是皇上想","0","2","2"
"皇上想要宽","0","2","2"
"玩弄法律条","0","2","2"
"弄法律条文","0","2","2"
"于是皇上同","0","2","2"
"是皇上同意","0","2","2"
"皇上同意了","0","2","2"
"边境郡县的","0","2","2"
"君主认为正","0","2","2"
"主认为正确","0","2","2"
"认为正确的","0","2","2"
"的君主认为","0","2","2"
"能够这样做","0","2","2"
"少数民族也","0","2","2"
"大夏等国的","0","2","2"
"的礼物送给","0","2","2"
"汉武帝的旨","0","2","2"
"武帝的旨意","0","2","2"
"西域各国的","0","2","2"
"能攻下来的","0","2","2"
"攻打我们了","0","2","2"
"军仔细考虑","0","2","2"
"仔细考虑吧","0","2","2"
"它所规定的","0","2","2"
"顺序是不能","0","2","2"
"而容易丧失","0","2","2"
"容易丧失对","0","2","2"
"易丧失对事","0","2","2"
"丧失对事物","0","2","2"
"失对事物的","0","2","2"
"对事物的正","0","2","2"
"事物的正确","0","2","2"
"物的正确认","0","2","2"
"的正确认识","0","2","2"
"不予以认真","0","2","2"
"予以认真考","0","2","2"
"以认真考虑","0","2","2"
"事物的变化","0","2","2"
"实际情况与","0","2","2"
"际情况与名","0","2","2"
"情况与名声","0","2","2"
"相符的叫做","0","2","2"
"的儿子司马","0","2","2"
"随从皇帝去","0","2","2"
"在社会上立","0","2","2"
"社会上立足","0","2","2"
"微薄的才能","0","2","2"
"得皇帝的宠","0","2","2"
"在宫中任职","0","2","2"
"虽然失败被","0","2","2"
"然失败被俘","0","2","2"
"已经到了这","0","2","2"
"于这个缘故","0","2","2"
"没有怨恨的","0","2","2"
"卑贱的地位","0","2","2"
"帝年事已高","0","2","2"
"祸就要降临","0","2","2"
"没能被立为","0","2","2"
"从前那样求","0","2","2"
"前那样求神","0","2","2"
"左右的人都","0","2","2"
"因为他们有","0","2","2"
"一饭三吐哺","0","2","2"
"猜是什么东","0","2","2"
"是什么东西","0","2","2"
"诋毁侮辱他","0","2","2"
"说的是什么","0","2","2"
"立昌邑王为","0","2","2"
"昌邑王为太","0","2","2"
"邑王为太子","0","2","2"
"察我的意见","0","2","2"
"没有什么罪","0","2","2"
"所应该说的","0","2","2"
"就把他的奏","0","2","2"
"把他的奏书","0","2","2"
"在宫中没有","0","2","2"
"的这种做法","0","2","2"
"虽然没有被","0","2","2"
"会不会像本","0","2","2"
"不会像本始","0","2","2"
"会像本始五","0","2","2"
"像本始五年","0","2","2"
"不值得因为","0","2","2"
"前一段时间","0","2","2"
"的人前来归","0","2","2"
"如果得知不","0","2","2"
"果得知不疑","0","2","2"
"他的母亲就","0","2","2"
"太子的外祖","0","2","2"
"子的外祖父","0","2","2"
"汉宣帝请求","0","2","2"
"宣帝请求让","0","2","2"
"叔侄二人都","0","2","2"
"的同族兄弟","0","2","2"
"从束部来的","0","2","2"
"您辅佐我治","0","2","2"
"相等地方官","0","2","2"
"等地方官吏","0","2","2"
"的聪明才智","0","2","2"
"政务的根本","0","2","2"
"有所作为的","0","2","2"
"道这件事后","0","2","2"
"求辞官归乡","0","2","2"
"其实他们都","0","2","2"
"了一年多时","0","2","2"
"一年多时间","0","2","2"
"令人痛心的","0","2","2"
"员来来往往","0","2","2"
"留在了京城","0","2","2"
"遥远的地方","0","2","2"
"跟他一起去","0","2","2"
"想办法好好","0","2","2"
"礼服车仗之","0","2","2"
"服车仗之事","0","2","2"
"每月一次抬","0","2","2"
"先皇帝的衣","0","2","2"
"皇帝的衣冠","0","2","2"
"帝的衣冠在","0","2","2"
"的衣冠在陵","0","2","2"
"衣冠在陵寝","0","2","2"
"冠在陵寝与","0","2","2"
"在陵寝与祭","0","2","2"
"陵寝与祭庙","0","2","2"
"祭祀方面的","0","2","2"
"祀方面的事","0","2","2"
"认为丙吉的","0","2","2"
"为丙吉的话","0","2","2"
"自己的威严","0","2","2"
"帝听从了魏","0","2","2"
"听从了魏相","0","2","2"
"从了魏相的","0","2","2"
"了魏相的建","0","2","2"
"魏相的建议","0","2","2"
"缺衣少食的","0","2","2"
"衣少食的人","0","2","2"
"皇帝听从了","0","2","2"
"皇帝认为丙","0","2","2"
"帝认为丙吉","0","2","2"
"觉得他说得","0","2","2"
"上书表示希","0","2","2"
"书表示希望","0","2","2"
"他们任用的","0","2","2"
"知道我所说","0","2","2"
"道我所说的","0","2","2"
"一年后实授","0","2","2"
"一直没有得","0","2","2"
"直没有得到","0","2","2"
"用自己的性","0","2","2"
"自己的性命","0","2","2"
"说明自己的","0","2","2"
"短处要求离","0","2","2"
"处要求离去","0","2","2"
"中不是说过","0","2","2"
"走了几十里","0","2","2"
"是一件好事","0","2","2"
"自己的思想","0","2","2"
"下帽子谢罪","0","2","2"
"及有才能的","0","2","2"
"将军的幕府","0","2","2"
"改变这种风","0","2","2"
"变这种风气","0","2","2"
"他治理国家","0","2","2"
"我私下裹很","0","2","2"
"治国之道的","0","2","2"
"当地的官吏","0","2","2"
"以平陵佰为","0","2","2"
"学习张禹的","0","2","2"
"习张禹的文","0","2","2"
"张禹的文章","0","2","2"
"的意见正确","0","2","2"
"皇上的圣德","0","2","2"
"是一个很大","0","2","2"
"敬畏上天就","0","2","2"
"畏上天就会","0","2","2"
"不知道该如","0","2","2"
"知道该如何","0","2","2"
"犯法所得的","0","2","2"
"法所得的贿","0","2","2"
"所得的贿赂","0","2","2"
"认为薛宣的","0","2","2"
"为薛宣的话","0","2","2"
"职务上的事","0","2","2"
"务上的事情","0","2","2"
"上的事情办","0","2","2"
"的事情办理","0","2","2"
"事情办理得","0","2","2"
"情办理得很","0","2","2"
"办理得很好","0","2","2"
"是像这样来","0","2","2"
"为了皇室的","0","2","2"
"以大量陈尸","0","2","2"
"用什么来做","0","2","2"
"我私下裹替","0","2","2"
"日食两次出","0","2","2"
"食两次出现","0","2","2"
"锁簧丢失的","0","2","2"
"是因为这些","0","2","2"
"可做的时候","0","2","2"
"做的时候做","0","2","2"
"于农业生产","0","2","2"
"这些郡国的","0","2","2"
"的官吏看到","0","2","2"
"的有数百人","0","2","2"
"臣张敞不敢","0","2","2"
"无非是因为","0","2","2"
"给他们的赏","0","2","2"
"龚遂回答说","0","2","2"
"用什么办法","0","2","2"
"没有不努力","0","2","2"
"却越来越多","0","2","2"
"也要曲解法","0","2","2"
"要曲解法律","0","2","2"
"曲解法律而","0","2","2"
"就大功告成","0","2","2"
"大功告成了","0","2","2"
"小史回答说","0","2","2"
"第二天一早","0","2","2"
"二天一早就","0","2","2"
"有什么事情","0","2","2"
"对他们说了","0","2","2"
"所在地区的","0","2","2"
"从事自己的","0","2","2"
"事自己的职","0","2","2"
"周王室衰落","0","2","2"
"居高位的人","0","2","2"
"已长大成人","0","2","2"
"人听说了这","0","2","2"
"是不实际的","0","2","2"
"萧望之的建","0","2","2"
"望之的建议","0","2","2"
"显非常恼怒","0","2","2"
"淳于长凭藉","0","2","2"
"的身份担任","0","2","2"
"和皇室用的","0","2","2"
"他们的职务","0","2","2"
"些少数民族","0","2","2"
"少数民族就","0","2","2"
"他们的好话","0","2","2"
"就好像一个","0","2","2"
"的东西十分","0","2","2"
"赎罪做了平","0","2","2"
"罪做了平民","0","2","2"
"事下交给大","0","2","2"
"下交给大臣","0","2","2"
"给大臣们商","0","2","2"
"有的说应该","0","2","2"
"位将军都没","0","2","2"
"所以没有再","0","2","2"
"派军队护送","0","2","2"
"把他们驱赶","0","2","2"
"他们驱赶到","0","2","2"
"到大漠以北","0","2","2"
"如果我们撤","0","2","2"
"果我们撤回","0","2","2"
"我们撤回守","0","2","2"
"们撤回守卫","0","2","2"
"的有利条件","0","2","2"
"这是不能这","0","2","2"
"是不能这样","0","2","2"
"能这样做的","0","2","2"
"这样做的第","0","2","2"
"守卫的士兵","0","2","2"
"王回心转意","0","2","2"
"回匈奴去了","0","2","2"
"汉朝使者回","0","2","2"
"天子把这事","0","2","2"
"如果我们接","0","2","2"
"果我们接受","0","2","2"
"们接受了投","0","2","2"
"就把皇帝的","0","2","2"
"向单于要求","0","2","2"
"天子的旨意","0","2","2"
"单于来朝拜","0","2","2"
"推崇在没有","0","2","2"
"之前就已经","0","2","2"
"出动军队到","0","2","2"
"采取的策略","0","2","2"
"将军率军队","0","2","2"
"的士卒由于","0","2","2"
"于偏远之地","0","2","2"
"趟婴齐入朝","0","2","2"
"独揽生杀之","0","2","2"
"揽生杀之权","0","2","2"
"内地的诸侯","0","2","2"
"闽粤王的头","0","2","2"
"求于汉朝就","0","2","2"
"向汉朝皇帝","0","2","2"
"汉朝皇帝献","0","2","2"
"皇帝很高兴","0","2","2"
"很少谈论天","0","2","2"
"少谈论天命","0","2","2"
"皇上的欢心","0","2","2"
"儿子和兄弟","0","2","2"
"话也说不出","0","2","2"
"根本就没有","0","2","2"
"就埋葬在那","0","2","2"
"埋葬在那裹","0","2","2"
"一共有两人","0","2","2"
"共有两人封","0","2","2"
"有两人封侯","0","2","2"
"我想和你一","0","2","2"
"孝成皇帝的","0","2","2"
"目光短浅的","0","2","2"
"是古往今来","0","2","2"
"的知名人士","0","2","2"
"的名声传遍","0","2","2"
"名声传遍朝","0","2","2"
"声传遍朝野","0","2","2"
"隐藏自己的","0","2","2"
"有称赞他的","0","2","2"
"每十天赏赐","0","2","2"
"十天赏赐一","0","2","2"
"按照霍光的","0","2","2"
"发生了水旱","0","2","2"
"生了水旱灾","0","2","2"
"了水旱灾害","0","2","2"
"氏家族的女","0","2","2"
"家族的女儿","0","2","2"
"就上奏书说","0","2","2"
"是安汉公就","0","2","2"
"振兴国家的","0","2","2"
"么群臣就会","0","2","2"
"就会明显地","0","2","2"
"会明显地受","0","2","2"
"明显地受到","0","2","2"
"高望重的大","0","2","2"
"望重的大臣","0","2","2"
"安装红漆大","0","2","2"
"装红漆大门","0","2","2"
"营造檐内台","0","2","2"
"造檐内台阶","0","2","2"
"明确记载到","0","2","2"
"收藏在保险","0","2","2"
"藏在保险柜","0","2","2"
"在保险柜裹","0","2","2"
"独立自主地","0","2","2"
"的良苦用心","0","2","2"
"高明堪与天","0","2","2"
"明堪与天公","0","2","2"
"堪与天公相","0","2","2"
"与天公相配","0","2","2"
"对于自己的","0","2","2"
"他们在京城","0","2","2"
"我从前在担","0","2","2"
"从前在担任","0","2","2"
"前在担任要","0","2","2"
"在担任要职","0","2","2"
"摄政的时候","0","2","2"
"汉朝的命运","0","2","2"
"金刀货币的","0","2","2"
"刀货币的便","0","2","2"
"货币的便利","0","2","2"
"公侯伯子男","0","2","2"
"人都赦免他","0","2","2"
"都赦免他们","0","2","2"
"那个等候任","0","2","2"
"个等候任用","0","2","2"
"他们的脖子","0","2","2"
"了咸的儿子","0","2","2"
"子爵男爵的","0","2","2"
"爵男爵的封","0","2","2"
"男爵的封地","0","2","2"
"期已经过去","0","2","2"
"王莽喜欢说","0","2","2"
"喜欢说大话","0","2","2"
"没有人不是","0","2","2"
"不是国王的","0","2","2"
"六项财政经","0","2","2"
"项财政经济","0","2","2"
"财政经济管","0","2","2"
"政经济管理","0","2","2"
"经济管理制","0","2","2"
"济管理制度","0","2","2"
"不公开宣布","0","2","2"
"就是孔子所","0","2","2"
"是孔子所说","0","2","2"
"孔子所说的","0","2","2"
"一定有名声","0","2","2"
"刚刚即位的","0","2","2"
"刚即位的时","0","2","2"
"小便于殿上","0","2","2"
"国家的重要","0","2","2"
"安抚边远地","0","2","2"
"事奉汉文帝","0","2","2"
"朝兴起的原","0","2","2"
"兴起的原因","0","2","2"
"升张释之为","0","2","2"
"张释之上前","0","2","2"
"释之上前说","0","2","2"
"样的人物呢","0","2","2"
"的人物呢?","0","2","2"
"交付给廷尉","0","2","2"
"皇上的车马","0","2","2"
"不能取信于","0","2","2"
"批准了廷尉","0","2","2"
"陛下即使得","0","2","2"
"下即使得到","0","2","2"
"即使得到了","0","2","2"
"杀死了北地","0","2","2"
"以外的事情","0","2","2"
"来犒赏将士","0","2","2"
"趟王迁即位","0","2","2"
"任云中太守","0","2","2"
"是平民百姓","0","2","2"
"削夺了他的","0","2","2"
"已九十多岁","0","2","2"
"皇上派汲黯","0","2","2"
"上派汲黯前","0","2","2"
"派汲黯前往","0","2","2"
"汲黯前往视","0","2","2"
"黯前往视察","0","2","2"
"不值得烦劳","0","2","2"
"天子的使者","0","2","2"
"皇帝听到了","0","2","2"
"海郡的太守","0","2","2"
"拘泥于法令","0","2","2"
"地对待他们","0","2","2"
"安侯田蚣为","0","2","2"
"招选贤良文","0","2","2"
"虞舜的政治","0","2","2"
"法律条文巧","0","2","2"
"大将军听到","0","2","2"
"诋毁公孙弘","0","2","2"
"奴浑邪王率","0","2","2"
"率领部众来","0","2","2"
"部众来投降","0","2","2"
"的有五百多","0","2","2"
"有五百多人","0","2","2"
"所缴获的财","0","2","2"
"缴获的财物","0","2","2"
"陛下纵然不","0","2","2"
"皇上不听从","0","2","2"
"中有很多人","0","2","2"
"有很多人私","0","2","2"
"很多人私铸","0","2","2"
"淮阳郡太守","0","2","2"
"辞谢不接受","0","2","2"
"力不能胜任","0","2","2"
"合主上的心","0","2","2"
"主上的心意","0","2","2"
"主上心裹所","0","2","2"
"的治理方法","0","2","2"
"南郡的太守","0","2","2"
"天下的贤人","0","2","2"
"比他自己贤","0","2","2"
"他自己贤能","0","2","2"
"在朝廷议事","0","2","2"
"逢迎皇上的","0","2","2"
"在任上去世","0","2","2"
"的有六七人","0","2","2"
"论治乱之道","0","2","2"
"是这样说的","0","2","2"
"您稍加留意","0","2","2"
"秦朝却不是","0","2","2"
"朝却不是这","0","2","2"
"拥有天下这","0","2","2"
"像虎狼一样","0","2","2"
"上天降下灾","0","2","2"
"天降下灾祸","0","2","2"
"臣侍奉君主","0","2","2"
"是贤明的君","0","2","2"
"充分发挥自","0","2","2"
"分发挥自己","0","2","2"
"发挥自己的","0","2","2"
"周朝兴起的","0","2","2"
"达自己的意","0","2","2"
"天下之人没","0","2","2"
"下之人没有","0","2","2"
"立辅佐之臣","0","2","2"
"满足自己的","0","2","2"
"的百姓供养","0","2","2"
"一千八百诸","0","2","2"
"千八百诸侯","0","2","2"
"也不能满足","0","2","2"
"不能满足他","0","2","2"
"他自己却不","0","2","2"
"述自己的功","0","2","2"
"自己的功绩","0","2","2"
"为治理天下","0","2","2"
"考虑自己的","0","2","2"
"自己的功德","0","2","2"
"会世世代代","0","2","2"
"有人告诉他","0","2","2"
"他们的功德","0","2","2"
"向天下显示","0","2","2"
"美好的品德","0","2","2"
"皇帝的恩泽","0","2","2"
"太平盛世的","0","2","2"
"平盛世的到","0","2","2"
"盛世的到来","0","2","2"
"我暗自为此","0","2","2"
"我最大的愿","0","2","2"
"高尚的节操","0","2","2"
"自身的修养","0","2","2"
"禁止私人铸","0","2","2"
"止私人铸钱","0","2","2"
"让有关部门","0","2","2"
"在吴国做官","0","2","2"
"是这样写的","0","2","2"
"族军队仍不","0","2","2"
"军队仍不断","0","2","2"
"这是我为大","0","2","2"
"是我为大王","0","2","2"
"我为大王您","0","2","2"
"归心于仁义","0","2","2"
"现在的天子","0","2","2"
"帝的小弟弟","0","2","2"
"弟弟梁孝王","0","2","2"
"就离开吴王","0","2","2"
"离开吴王而","0","2","2"
"与梁王交游","0","2","2"
"面前中伤他","0","2","2"
"不过是一句","0","2","2"
"过是一句空","0","2","2"
"那样听信错","0","2","2"
"样听信错误","0","2","2"
"听信错误的","0","2","2"
"信错误的言","0","2","2"
"错误的言论","0","2","2"
"说他的坏话","0","2","2"
"了中山国的","0","2","2"
"中山国的相","0","2","2"
"遭杀身之祸","0","2","2"
"横眉而视的","0","2","2"
"即使是随侯","0","2","2"
"使是随侯之","0","2","2"
"是随侯之珠","0","2","2"
"那样的才能","0","2","2"
"损害自己的","0","2","2"
"派使者前去","0","2","2"
"谏静认为不","0","2","2"
"从了他的建","0","2","2"
"很受皇上的","0","2","2"
"如果天子不","0","2","2"
"以自我防卫","0","2","2"
"不是济北王","0","2","2"
"郑国国君的","0","2","2"
"训练的士卒","0","2","2"
"这未必不是","0","2","2"
"吴王刘濞的","0","2","2"
"这是我为您","0","2","2"
"是我为您深","0","2","2"
"我为您深感","0","2","2"
"即使有一百","0","2","2"
"使有一百个","0","2","2"
"能百发百中","0","2","2"
"一定会出现","0","2","2"
"并没感觉到","0","2","2"
"没感觉到它","0","2","2"
"定的时候却","0","2","2"
"这是永远不","0","2","2"
"王不采纳枚","0","2","2"
"不采纳枚乘","0","2","2"
"采纳枚乘的","0","2","2"
"纳枚乘的建","0","2","2"
"枚乘的建议","0","2","2"
"帝听说这件","0","2","2"
"他们的宗庙","0","2","2"
"亲自诛杀了","0","2","2"
"了商汤和周","0","2","2"
"也不如吴国","0","2","2"
"孝王去世后","0","2","2"
"太子时就听","0","2","2"
"子时就听说","0","2","2"
"枚皋的母亲","0","2","2"
"梁王的侍从","0","2","2"
"上皇帝大赦","0","2","2"
"武帝很欣赏","0","2","2"
"任命他为郎","0","2","2"
"随从武帝到","0","2","2"
"演杂戏的人","0","2","2"
"有一百二十","0","2","2"
"还有几十篇","0","2","2"
"上昭帝去世","0","2","2"
"遵循周文王","0","2","2"
"周武王的事","0","2","2"
"武王的事业","0","2","2"
"虽然比不上","0","2","2"
"以顺应天意","0","2","2"
"一定会有非","0","2","2"
"天子的宝座","0","2","2"
"为百姓解除","0","2","2"
"百姓解除疾","0","2","2"
"姓解除疾苦","0","2","2"
"高尚的人不","0","2","2"
"的官吏却不","0","2","2"
"的办法在于","0","2","2"
"的官吏更厉","0","2","2"
"官吏更厉害","0","2","2"
"吏更厉害的","0","2","2"
"更厉害的了","0","2","2"
"宣帝很欣赏","0","2","2"
"荐可以出使","0","2","2"
"子和孙子都","0","2","2"
"皇上的过失","0","2","2"
"兄弟们一起","0","2","2"
"得差不多时","0","2","2"
"国起兵叛乱","0","2","2"
"魏其侯当丞","0","2","2"
"其侯当丞相","0","2","2"
"难道以为我","0","2","2"
"舅父的身份","0","2","2"
"父的身份被","0","2","2"
"藉福向窦婴","0","2","2"
"窦太后知道","0","2","2"
"多数被采纳","0","2","2"
"那些趋炎附","0","2","2"
"些趋炎附势","0","2","2"
"趋炎附势的","0","2","2"
"皇上于是任","0","2","2"
"上于是任用","0","2","2"
"韩安国为御","0","2","2"
"安国为御史","0","2","2"
"国为御史大","0","2","2"
"郡国的官吏","0","2","2"
"国的官吏和","0","2","2"
"当时的诸侯","0","2","2"
"到二千石的","0","2","2"
"二千石的职","0","2","2"
"千石的职位","0","2","2"
"认为汉朝的","0","2","2"
"不能因为是","0","2","2"
"为是自己的","0","2","2"
"太后去世以","0","2","2"
"后去世以后","0","2","2"
"的有几十人","0","2","2"
"向皇上报告","0","2","2"
"皇上报告了","0","2","2"
"因为犯法丢","0","2","2"
"没有不称赞","0","2","2"
"为淮阳太守","0","2","2"
"和他相交往","0","2","2"
"的姐姐死了","0","2","2"
"去拜访魏其","0","2","2"
"拜访魏其侯","0","2","2"
"在服丧期间","0","2","2"
"亲自前往迎","0","2","2"
"自前往迎接","0","2","2"
"很不高兴地","0","2","2"
"丞相的短处","0","2","2"
"王的女儿为","0","2","2"
"得罪了丞相","0","2","2"
"有什么遗憾","0","2","2"
"朝的大臣们","0","2","2"
"魏其侯所说","0","2","2"
"其侯所说的","0","2","2"
"侯所说的为","0","2","2"
"所说的为是","0","2","2"
"其余的人都","0","2","2"
"希望能得到","0","2","2"
"田蚣为太尉","0","2","2"
"因此获得了","0","2","2"
"千石官吏的","0","2","2"
"梁王派来的","0","2","2"
"王派来的使","0","2","2"
"王的所作所","0","2","2"
"梁王做儿子","0","2","2"
"子向太后谢","0","2","2"
"内史的职位","0","2","2"
"的职位空缺","0","2","2"
"任用韩安国","0","2","2"
"用韩安国为","0","2","2"
"皇上的关系","0","2","2"
"岂知他不会","0","2","2"
"皇上因为太","0","2","2"
"上因为太后","0","2","2"
"为太后的缘","0","2","2"
"为北地都尉","0","2","2"
"了他们的王","0","2","2"
"来请求和亲","0","2","2"
"边郡的官吏","0","2","2"
"匈奴的情况","0","2","2"
"都过不了几","0","2","2"
"被匈奴围困","0","2","2"
"下的精兵强","0","2","2"
"老百姓没有","0","2","2"
"方圆三百里","0","2","2"
"万骑兵进入","0","2","2"
"骑兵进入武","0","2","2"
"兵进入武州","0","2","2"
"进入武州塞","0","2","2"
"一进入马邑","0","2","2"
"进入马邑城","0","2","2"
"出击匈奴的","0","2","2"
"与单于交战","0","2","2"
"王恢率领的","0","2","2"
"因此对他很","0","2","2"
"任他为中尉","0","2","2"
"显贵的地位","0","2","2"
"是命中注定","0","2","2"
"临江闵王刘","0","2","2"
"江闵王刘荣","0","2","2"
"河间献王刘","0","2","2"
"间献王刘德","0","2","2"
"江都易王刘","0","2","2"
"都易王刘非","0","2","2"
"胶西于王刘","0","2","2"
"西于王刘端","0","2","2"
"三十多件事","0","2","2"
"王刘授嗣位","0","2","2"
"儿子孝王刘","0","2","2"
"在位四十三","0","2","2"
"位四十三年","0","2","2"
"件事交给廷","0","2","2"
"给廷尉审理","0","2","2"
"我们的大王","0","2","2"
"鲁恭王刘余","0","2","2"
"恭王刘余在","0","2","2"
"元二年封为","0","2","2"
"王刘光嗣位","0","2","2"
"子文王刘睃","0","2","2"
"位十八年薨","0","2","2"
"家人上书申","0","2","2"
"人上书申诉","0","2","2"
"有紧急情况","0","2","2"
"已有很长时","0","2","2"
"有很长时间","0","2","2"
"所不能赦免","0","2","2"
"都侯王莽执","0","2","2"
"前元三年封","0","2","2"
"杀了他的儿","0","2","2"
"请求诛杀刘","0","2","2"
"相二千石到","0","2","2"
"二千石到来","0","2","2"
"千石到来的","0","2","2"
"遵奉汉法来","0","2","2"
"在位四十七","0","2","2"
"位四十七年","0","2","2"
"派遣使者调","0","2","2"
"一起攻打匈","0","2","2"
"皇帝召见他","0","2","2"
"也没什么可","0","2","2"
"没什么可称","0","2","2"
"在位十九年","0","2","2"
"在位五年薨","0","2","2"
"位十一年薨","0","2","2"
"武帝初即位","0","2","2"
"帝初即位时","0","2","2"
"裹的鼠不能","0","2","2"
"的鼠不能用","0","2","2"
"在位一年薨","0","2","2"
"乡侯的儿子","0","2","2"
"长沙定王刘","0","2","2"
"沙定王刘发","0","2","2"
"儿子炀王刘","0","2","2"
"在景帝中元","0","2","2"
"中元二年封","0","2","2"
"位十三年薨","0","2","2"
"上奏得到许","0","2","2"
"奏得到许可","0","2","2"
"喜爱的姬妾","0","2","2"
"昭信又诬陷","0","2","2"
"五岁的时候","0","2","2"
"天子派遣大","0","2","2"
"关押的犯人","0","2","2"
"奏请逮捕刘","0","2","2"
"有司请求废","0","2","2"
"妻子儿女迁","0","2","2"
"自己喜爱的","0","2","2"
"皇帝怜惜他","0","2","2"
"请求废除他","0","2","2"
"孝文帝十四","0","2","2"
"文帝十四年","0","2","2"
"没有得到封","0","2","2"
"贵人带着几","0","2","2"
"三个匈奴人","0","2","2"
"几千名骑兵","0","2","2"
"个骑白马的","0","2","2"
"骑白马的将","0","2","2"
"白马的将领","0","2","2"
"命令士兵都","0","2","2"
"未央宫的卫","0","2","2"
"央宫的卫尉","0","2","2"
"长乐宫的卫","0","2","2"
"太守的身份","0","2","2"
"队列和阵势","0","2","2"
"敲刁斗巡逻","0","2","2"
"都乐于为他","0","2","2"
"担任骁骑将","0","2","2"
"任骁骑将军","0","2","2"
"都没有战功","0","2","2"
"匈奴少年的","0","2","2"
"被敌人活捉","0","2","2"
"于是天子就","0","2","2"
"表现出愤怒","0","2","2"
"显示出威严","0","2","2"
"将军的军队","0","2","2"
"从定襄郡出","0","2","2"
"定襄郡出击","0","2","2"
"襄郡出击匈","0","2","2"
"率领四千骑","0","2","2"
"领四千骑兵","0","2","2"
"张骞率领一","0","2","2"
"骞率领一万","0","2","2"
"奴左贤王带","0","2","2"
"左贤王带领","0","2","2"
"便命令士兵","0","2","2"
"匈奴人渐渐","0","2","2"
"按汉朝的法","0","2","2"
"到爵位和封","0","2","2"
"的军官和士","0","2","2"
"出击匈奴以","0","2","2"
"击匈奴以来","0","2","2"
"击匈奴的军","0","2","2"
"匈奴的军功","0","2","2"
"没有些微的","0","2","2"
"有些微的功","0","2","2"
"些微的功劳","0","2","2"
"用欺骗的手","0","2","2"
"欺骗的手段","0","2","2"
"罪过没有比","0","2","2"
"已经投降的","0","2","2"
"所以不得封","0","2","2"
"以不得封侯","0","2","2"
"家裹没有多","0","2","2"
"裹没有多余","0","2","2"
"认为他老了","0","2","2"
"担任前将军","0","2","2"
"就亲自率领","0","2","2"
"领精锐部队","0","2","2"
"我从年轻的","0","2","2"
"从年轻的时","0","2","2"
"轻的时候起","0","2","2"
"担任中将军","0","2","2"
"大将军不听","0","2","2"
"李广的幕府","0","2","2"
"右将军趟食","0","2","2"
"将军趟食其","0","2","2"
"在大将军的","0","2","2"
"现在我亲自","0","2","2"
"被送交法官","0","2","2"
"为代郡太守","0","2","2"
"了四十多万","0","2","2"
"尉的身份跟","0","2","2"
"攻打匈奴左","0","2","2"
"打匈奴左贤","0","2","2"
"皇上隐瞒了","0","2","2"
"霍去病死了","0","2","2"
"他带领八百","0","2","2"
"防备匈奴侵","0","2","2"
"备匈奴侵犯","0","2","2"
"将军讨伐大","0","2","2"
"军讨伐大宛","0","2","2"
"到贰师将军","0","2","2"
"贰师将军率","0","2","2"
"想让他担任","0","2","2"
"臣所率领的","0","2","2"
"攻击贰师将","0","2","2"
"击贰师将军","0","2","2"
"路博德率兵","0","2","2"
"没有发现敌","0","2","2"
"浞野侯趟破","0","2","2"
"野侯趟破奴","0","2","2"
"侯趟破奴的","0","2","2"
"李陵率领步","0","2","2"
"陵率领步兵","0","2","2"
"与单于遭遇","0","2","2"
"兵包围了李","0","2","2"
"包围了李陵","0","2","2"
"兵三千多人","0","2","2"
"又杀死敌军","0","2","2"
"率领几万骑","0","2","2"
"领几万骑兵","0","2","2"
"那些贪生怕","0","2","2"
"些贪生怕死","0","2","2"
"衹顾保全身","0","2","2"
"顾保全身家","0","2","2"
"保全身家性","0","2","2"
"全身家性命","0","2","2"
"家性命的臣","0","2","2"
"性命的臣子","0","2","2"
"是令人痛心","0","2","2"
"率领不到五","0","2","2"
"领不到五千","0","2","2"
"就是古代名","0","2","2"
"是古代名将","0","2","2"
"古代名将也","0","2","2"
"也足以光耀","0","2","2"
"足以光耀天","0","2","2"
"以光耀天下","0","2","2"
"光耀天下了","0","2","2"
"军公孙敖率","0","2","2"
"军深入匈奴","0","2","2"
"有什么对不","0","2","2"
"什么对不起","0","2","2"
"自己的头发","0","2","2"
"匈奴二十多","0","2","2"
"奴二十多年","0","2","2"
"校尉身份跟","0","2","2"
"封为平陵侯","0","2","2"
"任游击将军","0","2","2"
"将军身份再","0","2","2"
"军身份再次","0","2","2"
"年轻时因父","0","2","2"
"害怕汉朝袭","0","2","2"
"怕汉朝袭击","0","2","2"
"是我的长辈","0","2","2"
"路充国等全","0","2","2"
"送给单于许","0","2","2"
"给单于许多","0","2","2"
"以报答他的","0","2","2"
"到达匈奴后","0","2","2"
"单于出去打","0","2","2"
"于出去打猎","0","2","2"
"左伊秩訾说","0","2","2"
"自己的节操","0","2","2"
"使苏武投降","0","2","2"
"亲近的大臣","0","2","2"
"又不是他的","0","2","2"
"不听我的话","0","2","2"
"还有可能吗","0","2","2"
"把他迁徙到","0","2","2"
"分别安置在","0","2","2"
"给他衣服和","0","2","2"
"他衣服和食","0","2","2"
"衣服和食物","0","2","2"
"任奉车都尉","0","2","2"
"以大不敬罪","0","2","2"
"兄弟三人都","0","2","2"
"与汉朝和好","0","2","2"
"典属国之职","0","2","2"
"每人得赏赐","0","2","2"
"官至右将军","0","2","2"
"苏武在匈奴","0","2","2"
"在匈奴被扣","0","2","2"
"匈奴被扣留","0","2","2"
"上官桀的儿","0","2","2"
"官桀的儿子","0","2","2"
"桀的儿子上","0","2","2"
"的儿子上官","0","2","2"
"儿子上官安","0","2","2"
"苏武的儿子","0","2","2"
"霍光的过失","0","2","2"
"的长史杨敞","0","2","2"
"长史杨敞没","0","2","2"
"史杨敞没有","0","2","2"
"杨敞没有功","0","2","2"
"敞没有功劳","0","2","2"
"霍光把这个","0","2","2"
"把这个奏章","0","2","2"
"以中二千石","0","2","2"
"立宣帝的计","0","2","2"
"宣帝的计谋","0","2","2"
"被赐给关内","0","2","2"
"的爵位和三","0","2","2"
"爵位和三百","0","2","2"
"位和三百户","0","2","2"
"百户的食邑","0","2","2"
"以有节操著","0","2","2"
"通过平恩侯","0","2","2"
"军博陆侯霍","0","2","2"
"死的那一天","0","2","2"
"是河东平阳","0","2","2"
"平阳侯家裹","0","2","2"
"哥哥卫长君","0","2","2"
"到武帝宠幸","0","2","2"
"得到皇上宠","0","2","2"
"长公主的女","0","2","2"
"听说卫子夫","0","2","2"
"说卫子夫得","0","2","2"
"想要杀掉他","0","2","2"
"担任车骑将","0","2","2"
"她被立为皇","0","2","2"
"率领三万骑","0","2","2"
"封为岸头侯","0","2","2"
"增封卫青食","0","2","2"
"封卫青食邑","0","2","2"
"将军卫青统","0","2","2"
"军卫青统率","0","2","2"
"卫尉苏建担","0","2","2"
"尉苏建担任","0","2","2"
"内史李沮担","0","2","2"
"史李沮担任","0","2","2"
"李沮担任强","0","2","2"
"沮担任强弩","0","2","2"
"仆公孙贺担","0","2","2"
"担任骑将军","0","2","2"
"包围了右贤","0","2","2"
"围了右贤王","0","2","2"
"小王十多人","0","2","2"
"卫青率军回","0","2","2"
"青率军回来","0","2","2"
"归大将军统","0","2","2"
"大将军统率","0","2","2"
"在部队裹任","0","2","2"
"部队裹任职","0","2","2"
"三次跟随大","0","2","2"
"将军出击匈","0","2","2"
"跟随大军出","0","2","2"
"打到匈奴右","0","2","2"
"随大将军俘","0","2","2"
"大将军俘获","0","2","2"
"将军俘获匈","0","2","2"
"军俘获匈奴","0","2","2"
"两次跟随大","0","2","2"
"奴侵入代郡","0","2","2"
"公孙敖担任","0","2","2"
"担任右将军","0","2","2"
"担任后将军","0","2","2"
"降汉朝后被","0","2","2"
"汉朝后被封","0","2","2"
"不敢有二心","0","2","2"
"受宠的大臣","0","2","2"
"向天子汇报","0","2","2"
"不也是很好","0","2","2"
"霍去病开始","0","2","2"
"军卫青出征","0","2","2"
"二千零二十","0","2","2"
"大将军出征","0","2","2"
"捕杀敌人一","0","2","2"
"人一千三百","0","2","2"
"个儿子都封","0","2","2"
"给王夫人的","0","2","2"
"王夫人的母","0","2","2"
"夫人的母亲","0","2","2"
"又因为以前","0","2","2"
"为骠骑将军","0","2","2"
"兵从陇西出","0","2","2"
"武帝下令说","0","2","2"
"五个匈奴王","0","2","2"
"休屠王的祭","0","2","2"
"屠王的祭天","0","2","2"
"王的祭天金","0","2","2"
"的祭天金人","0","2","2"
"分两路出兵","0","2","2"
"包围了李广","0","2","2"
"杀死的敌人","0","2","2"
"侯公孙敖因","0","2","2"
"以左庶长的","0","2","2"
"与骠骑将军","0","2","2"
"霍去病率领","0","2","2"
"到武帝的宠","0","2","2"
"与大将军卫","0","2","2"
"商量投降汉","0","2","2"
"量投降汉朝","0","2","2"
"边修筑城堡","0","2","2"
"军前去迎接","0","2","2"
"的部众渡过","0","2","2"
"军霍去病率","0","2","2"
"一千七百户","0","2","2"
"百户加封骠","0","2","2"
"户加封骠骑","0","2","2"
"加封骠骑将","0","2","2"
"封骠骑将军","0","2","2"
"的徭役负担","0","2","2"
"赵信为单于","0","2","2"
"信为单于出","0","2","2"
"军霍去病各","0","2","2"
"率领五万骑","0","2","2"
"霍去病从代","0","2","2"
"卫青从定襄","0","2","2"
"青从定襄出","0","2","2"
"汉朝军队就","0","2","2"
"用来供给部","0","2","2"
"来供给部队","0","2","2"
"文书所列罪","0","2","2"
"书所列罪状","0","2","2"
"右谷蠡王才","0","2","2"
"谷蠡王才去","0","2","2"
"蠡王才去掉","0","2","2"
"王才去掉单","0","2","2"
"才去掉单于","0","2","2"
"敌人的功劳","0","2","2"
"将军的部下","0","2","2"
"类事情很多","0","2","2"
"于是长公主","0","2","2"
"娶了长公主","0","2","2"
"置了朔方郡","0","2","2"
"到武帝继位","0","2","2"
"将军身份随","0","2","2"
"任将军职务","0","2","2"
"以郎官身份","0","2","2"
"武帝继位十","0","2","2"
"尉身份随从","0","2","2"
"以因杆将军","0","2","2"
"修筑受降城","0","2","2"
"以校尉职务","0","2","2"
"校尉职务随","0","2","2"
"尉职务随从","0","2","2"
"职务随从大","0","2","2"
"务随从大将","0","2","2"
"继位十八年","0","2","2"
"为伏波将军","0","2","2"
"大夫没有人","0","2","2"
"臣奉公守法","0","2","2"
"因此广泛地","0","2","2"
"的最高原则","0","2","2"
"听说五帝三","0","2","2"
"说五帝三王","0","2","2"
"明的君王死","0","2","2"
"君主承受天","0","2","2"
"主承受天命","0","2","2"
"是因为什么","0","2","2"
"如果不知道","0","2","2"
"合当时社会","0","2","2"
"没有不希望","0","2","2"
"国家危亡的","0","2","2"
"武王开创的","0","2","2"
"王者承受天","0","2","2"
"受天命的凭","0","2","2"
"天命的凭证","0","2","2"
"王乘坐的船","0","2","2"
"是承受天命","0","2","2"
"应得善报呀","0","2","2"
"君子的德行","0","2","2"
"在上的人君","0","2","2"
"王道的开端","0","2","2"
"不任用刑罚","0","2","2"
"任用刑罚的","0","2","2"
"主管一年的","0","2","2"
"这是天意啊","0","2","2"
"普及到四海","0","2","2"
"探究它的本","0","2","2"
"可以招致祥","0","2","2"
"以招致祥瑞","0","2","2"
"古代的王者","0","2","2"
"处理政事不","0","2","2"
"应当改革而","0","2","2"
"就会一天天","0","2","2"
"恒久不变的","0","2","2"
"帝王治理天","0","2","2"
"理天下的道","0","2","2"
"周成王和周","0","2","2"
"成王和周康","0","2","2"
"王和周康王","0","2","2"
"光大祖宗的","0","2","2"
"亲自耕种籍","0","2","2"
"自耕种籍田","0","2","2"
"承受了天命","0","2","2"
"正确的道路","0","2","2"
"即位做了天","0","2","2"
"位做了天子","0","2","2"
"继承了尧的","0","2","2"
"就不能成就","0","2","2"
"不能成就美","0","2","2"
"臣听说圣明","0","2","2"
"明的君王治","0","2","2"
"的君王治理","0","2","2"
"君王治理天","0","2","2"
"察看他们的","0","2","2"
"人不一定能","0","2","2"
"也不一定就","0","2","2"
"崇高的德行","0","2","2"
"所听到的道","0","2","2"
"听到的道理","0","2","2"
"知道的道理","0","2","2"
"廉洁和无耻","0","2","2"
"臣愚蠢地认","0","2","2"
"拿这件事来","0","2","2"
"才能的人就","0","2","2"
"往上赞美唐","0","2","2"
"上赞美唐尧","0","2","2"
"看到这些渐","0","2","2"
"到这些渐渐","0","2","2"
"这些渐渐灭","0","2","2"
"些渐渐灭亡","0","2","2"
"渐渐灭亡和","0","2","2"
"我要虚心改","0","2","2"
"要虚心改正","0","2","2"
"虚心改正错","0","2","2"
"心改正错误","0","2","2"
"阴阳的变化","0","2","2"
"没有把这些","0","2","2"
"有什么疑惑","0","2","2"
"三王的教化","0","2","2"
"有人说道是","0","2","2"
"来生育万物","0","2","2"
"而没有一点","0","2","2"
"季是天用来","0","2","2"
"裹可以看出","0","2","2"
"弃这种制度","0","2","2"
"法教化人民","0","2","2"
"因此人民都","0","2","2"
"能够完成他","0","2","2"
"臣上下的名","0","2","2"
"上下的名分","0","2","2"
"知道自己比","0","2","2"
"道自己比万","0","2","2"
"自己比万物","0","2","2"
"己比万物可","0","2","2"
"安心处于善","0","2","2"
"心处于善道","0","2","2"
"乐于遵循道","0","2","2"
"于遵循道理","0","2","2"
"渐渐昌盛的","0","2","2"
"渐昌盛的道","0","2","2"
"都隐藏起来","0","2","2"
"天比一天混","0","2","2"
"比一天混乱","0","2","2"
"纣虽然无道","0","2","2"
"而能治理国","0","2","2"
"也是可以知","0","2","2"
"他们的道是","0","2","2"
"有圣明的德","0","2","2"
"论政事的得","0","2","2"
"三公九卿的","0","2","2"
"感到奇怪的","0","2","2"
"古时候的天","0","2","2"
"时候的天下","0","2","2"
"的天下也就","0","2","2"
"天下也就是","0","2","2"
"现在的天下","0","2","2"
"是接受了大","0","2","2"
"接受了大的","0","2","2"
"不能再取小","0","2","2"
"能再取小的","0","2","2"
"领取俸禄的","0","2","2"
"已经得到了","0","2","2"
"增加他们的","0","2","2"
"穷人穷急愁","0","2","2"
"人穷急愁苦","0","2","2"
"处在上位的","0","2","2"
"在鲁国做宰","0","2","2"
"鲁国做宰相","0","2","2"
"园裹的葵菜","0","2","2"
"婪卑鄙的行","0","2","2"
"卑鄙的行为","0","2","2"
"教化人民的","0","2","2"
"法令制度就","0","2","2"
"汉武帝的哥","0","2","2"
"武帝的哥哥","0","2","2"
"有三位仁人","0","2","2"
"想攻打齐国","0","2","2"
"有仁德的人","0","2","2"
"计较自己的","0","2","2"
"记载的灾异","0","2","2"
"来推究阴阳","0","2","2"
"祭祖的地方","0","2","2"
"认为公孙弘","0","2","2"
"是有名的儒","0","2","2"
"共一百二十","0","2","2"
"并不是他的","0","2","2"
"有个女儿叫","0","2","2"
"个人的才能","0","2","2"
"这种做法是","0","2","2"
"并不是为了","0","2","2"
"是为了得到","0","2","2"
"有一个新的","0","2","2"
"的官吏士卒","0","2","2"
"不是陛下的","0","2","2"
"被天下人所","0","2","2"
"的人民不能","0","2","2"
"三郡的士卒","0","2","2"
"用亿来计算","0","2","2"
"者多数人说","0","2","2"
"到汉朝建立","0","2","2"
"相如出使时","0","2","2"
"西南夷没有","0","2","2"
"也有人认为","0","2","2"
"开通去夜郎","0","2","2"
"通去夜郎的","0","2","2"
"去夜郎的道","0","2","2"
"夜郎的道路","0","2","2"
"才有异乎寻","0","2","2"
"寻常的事业","0","2","2"
"的东西没有","0","2","2"
"人们没有不","0","2","2"
"开创道德的","0","2","2"
"于水深火热","0","2","2"
"水深火热之","0","2","2"
"深火热之中","0","2","2"
"就是天子的","0","2","2"
"天子的当务","0","2","2"
"百姓虽然劳","0","2","2"
"跟随皇上到","0","2","2"
"明的人能在","0","2","2"
"像鸟一样飞","0","2","2"
"飘飘然有凌","0","2","2"
"飘然有凌云","0","2","2"
"然有凌云的","0","2","2"
"司马相如病","0","2","2"
"说有七十二","0","2","2"
"泰山和梁父","0","2","2"
"山和梁父山","0","2","2"
"想来大概是","0","2","2"
"明的君主不","0","2","2"
"于是天子感","0","2","2"
"的时候一定","0","2","2"
"时候一定要","0","2","2"
"武帝刚刚即","0","2","2"
"贤良文学的","0","2","2"
"文学的身份","0","2","2"
"于是公孙弘","0","2","2"
"长出谷粒丰","0","2","2"
"出谷粒丰满","0","2","2"
"谷粒丰满的","0","2","2"
"红色的瑞草","0","2","2"
"人事的法则","0","2","2"
"这是因为尧","0","2","2"
"对待百姓有","0","2","2"
"待百姓有信","0","2","2"
"百姓有信义","0","2","2"
"丰厚的奖赏","0","2","2"
"就不会产生","0","2","2"
"作为天子的","0","2","2"
"恩德天高地","0","2","2"
"出现吉祥的","0","2","2"
"的根本原则","0","2","2"
"禹治理天下","0","2","2"
"治理天下时","0","2","2"
"而称王天下","0","2","2"
"没有先圣的","0","2","2"
"有先圣的名","0","2","2"
"先圣的名声","0","2","2"
"治理的结果","0","2","2"
"令人憎恶的","0","2","2"
"人憎恶的法","0","2","2"
"憎恶的法令","0","2","2"
"与周公相比","0","2","2"
"就可以达到","0","2","2"
"所能相比的","0","2","2"
"皇上对他的","0","2","2"
"又完全背弃","0","2","2"
"皇上询问公","0","2","2"
"上询问公孙","0","2","2"
"询问公孙弘","0","2","2"
"了解臣的人","0","2","2"
"解臣的人认","0","2","2"
"臣的人认为","0","2","2"
"的人认为臣","0","2","2"
"人认为臣是","0","2","2"
"怕的是不能","0","2","2"
"为三公之一","0","2","2"
"四方的贤士","0","2","2"
"虽然表面上","0","2","2"
"现在诸侯王","0","2","2"
"听说天下的","0","2","2"
"天下的常道","0","2","2"
"这五个方面","0","2","2"
"报答皇上的","0","2","2"
"皇上答覆说","0","2","2"
"的儿子公孙","0","2","2"
"使者报告朝","0","2","2"
"者报告朝廷","0","2","2"
"判决疑难案","0","2","2"
"倪宽为御史","0","2","2"
"宽为御史大","0","2","2"
"定法律条令","0","2","2"
"武帝时代的","0","2","2"
"他的父亲任","0","2","2"
"他推荐给皇","0","2","2"
"推荐给皇帝","0","2","2"
"时皇上正喜","0","2","2"
"皇上正喜好","0","2","2"
"多次称赞他","0","2","2"
"这样的人不","0","2","2"
"汉朝大规模","0","2","2"
"顺承皇上的","0","2","2"
"食盐和铁器","0","2","2"
"国家大事都","0","2","2"
"吏一起盗窃","0","2","2"
"从公卿以下","0","2","2"
"公卿以下直","0","2","2"
"卿以下直到","0","2","2"
"皇上问张汤","0","2","2"
"给司法官吏","0","2","2"
"担任了御史","0","2","2"
"牵连到他的","0","2","2"
"鲁谒居的弟","0","2","2"
"谒居的弟弟","0","2","2"
"忧虑这件事","0","2","2"
"三个长史一","0","2","2"
"事先告诉了","0","2","2"
"所得俸禄和","0","2","2"
"得俸禄和赏","0","2","2"
"隆重地安葬","0","2","2"
"及御史大夫","0","2","2"
"霍光去世后","0","2","2"
"以昭示天下","0","2","2"
"皇上笑着说","0","2","2"
"霍禹为大司","0","2","2"
"禹为大司马","0","2","2"
"为北地太守","0","2","2"
"散骑谏大夫","0","2","2"
"时皇上诸舅","0","2","2"
"杜周担任廷","0","2","2"
"周担任廷尉","0","2","2"
"达十万多人","0","2","2"
"有作官的才","0","2","2"
"官桀父子与","0","2","2"
"判处弃市死","0","2","2"
"处弃市死刑","0","2","2"
"对大将军霍","0","2","2"
"赐他安车驷","0","2","2"
"他安车驷马","0","2","2"
"蒲类将军出","0","2","2"
"元帝初即位","0","2","2"
"当时帝舅大","0","2","2"
"时帝舅大将","0","2","2"
"对大将军王","0","2","2"
"将军王凤说","0","2","2"
"实在不可以","0","2","2"
"因循旧制而","0","2","2"
"臣杜钦愚笨","0","2","2"
"夷狄侵扰中","0","2","2"
"狄侵扰中原","0","2","2"
"的至诚之心","0","2","2"
"是社稷的忧","0","2","2"
"社稷的忧患","0","2","2"
"而崇尚质朴","0","2","2"
"大将军幕府","0","2","2"
"多次上书言","0","2","2"
"侯淳于长有","0","2","2"
"淳于长有罪","0","2","2"
"淳于长犯大","0","2","2"
"钜鹿太守孙","0","2","2"
"任京兆尹时","0","2","2"
"望陛下深思","0","2","2"
"杜业又上书","0","2","2"
"以镇抚天下","0","2","2"
"因此获罪被","0","2","2"
"获罪被免为","0","2","2"
"罪被免为庶","0","2","2"
"被免为庶人","0","2","2"
"匈奴人说匈","0","2","2"
"奴人说匈奴","0","2","2"
"月氏王的头","0","2","2"
"出使月氏的","0","2","2"
"以郎官的身","0","2","2"
"郎官的身份","0","2","2"
"被匈奴人抓","0","2","2"
"住在匈奴的","0","2","2"
"认为张骞说","0","2","2"
"为张骞说得","0","2","2"
"张骞说得对","0","2","2"
"留了一年多","0","2","2"
"从羌族地区","0","2","2"
"到过的地方","0","2","2"
"了这些国家","0","2","2"
"所说的内容","0","2","2"
"在大夏东南","0","2","2"
"过着定居的","0","2","2"
"着定居的生","0","2","2"
"定居的生活","0","2","2"
"汉朝的风俗","0","2","2"
"汉朝的财物","0","2","2"
"方的通道为","0","2","2"
"劫掠和盗窃","0","2","2"
"领他的部众","0","2","2"
"为昆莫是神","0","2","2"
"我们的建议","0","2","2"
"匈奴的右臂","0","2","2"
"汉武帝认为","0","2","2"
"了与汉朝的","0","2","2"
"张骞开辟了","0","2","2"
"骞开辟了通","0","2","2"
"开辟了通往","0","2","2"
"辟了通往西","0","2","2"
"了通往西域","0","2","2"
"派使者到安","0","2","2"
"使者到安息","0","2","2"
"西域的使者","0","2","2"
"在西南夷设","0","2","2"
"被昆明夷所","0","2","2"
"昆明夷所阻","0","2","2"
"而获得尊贵","0","2","2"
"他们的言论","0","2","2"
"这些人回来","0","2","2"
"次请求出使","0","2","2"
"汉军不能到","0","2","2"
"是汉武帝派","0","2","2"
"汉朝的广大","0","2","2"
"显示汉朝的","0","2","2"
"从汉武帝时","0","2","2"
"大宛以西的","0","2","2"
"千金和金马","0","2","2"
"汉武帝大怒","0","2","2"
"姚定汉等人","0","2","2"
"派浞野侯赵","0","2","2"
"加官给事中","0","2","2"
"被石显陷害","0","2","2"
"李广利的妹","0","2","2"
"广利的妹妹","0","2","2"
"利的妹妹李","0","2","2"
"的妹妹李夫","0","2","2"
"妹妹李夫人","0","2","2"
"广利为贰师","0","2","2"
"利为贰师将","0","2","2"
"那些品行恶","0","2","2"
"些品行恶劣","0","2","2"
"品行恶劣的","0","2","2"
"行恶劣的少","0","2","2"
"恶劣的少年","0","2","2"
"他贰师将军","0","2","2"
"师将军的部","0","2","2"
"的那些小国","0","2","2"
"衹有几千人","0","2","2"
"死伤的人很","0","2","2"
"伤的人很多","0","2","2"
"汉武帝却认","0","2","2"
"武帝却认为","0","2","2"
"时贰师将军","0","2","2"
"的高级官员","0","2","2"
"康居的救兵","0","2","2"
"王申生的部","0","2","2"
"申生的部队","0","2","2"
"师将军的大","0","2","2"
"将军的大部","0","2","2"
"匈奴为害很","0","2","2"
"石级官吏的","0","2","2"
"下的一千多","0","2","2"
"代掌管天文","0","2","2"
"管天文地理","0","2","2"
"是他们的后","0","2","2"
"周宣王的时","0","2","2"
"纳了他的建","0","2","2"
"武安君白起","0","2","2"
"赐死于杜邮","0","2","2"
"各家学说的","0","2","2"
"他们的学说","0","2","2"
"使人受到限","0","2","2"
"人受到限制","0","2","2"
"受到限制而","0","2","2"
"到限制而产","0","2","2"
"限制而产生","0","2","2"
"制而产生许","0","2","2"
"而产生许多","0","2","2"
"产生许多畏","0","2","2"
"生许多畏惧","0","2","2"
"广博而缺少","0","2","2"
"博而缺少要","0","2","2"
"而缺少要领","0","2","2"
"费力不少而","0","2","2"
"力不少而功","0","2","2"
"不少而功效","0","2","2"
"君臣父子之","0","2","2"
"臣父子之间","0","2","2"
"子之间的礼","0","2","2"
"之间的礼仪","0","2","2"
"夫妇长幼之","0","2","2"
"妇长幼之间","0","2","2"
"长幼之间的","0","2","2"
"幼之间的区","0","2","2"
"之间的区别","0","2","2"
"这是各家学","0","2","2"
"是各家学说","0","2","2"
"各家学说也","0","2","2"
"家学说也不","0","2","2"
"学说也不能","0","2","2"
"也不能改变","0","2","2"
"关系的亲疏","0","2","2"
"扬名于后世","0","2","2"
"对此我感到","0","2","2"
"此我感到十","0","2","2"
"虽然不聪明","0","2","2"
"不敢有丝毫","0","2","2"
"敢有丝毫的","0","2","2"
"太史公答道","0","2","2"
"自己的主张","0","2","2"
"便把自己的","0","2","2"
"不过是为了","0","2","2"
"不是一朝一","0","2","2"
"的不能不通","0","2","2"
"不能不通晓","0","2","2"
"君主不像君","0","2","2"
"主不像君主","0","2","2"
"子不像臣子","0","2","2"
"儿子不像儿","0","2","2"
"子不像儿子","0","2","2"
"从汉朝建立","0","2","2"
"这样的事情","0","2","2"
"表现自己的","0","2","2"
"担任这一职","0","2","2"
"任这一职务","0","2","2"
"唐尧虞舜之","0","2","2"
"天下散失的","0","2","2"
"为他们作了","0","2","2"
"共一百三十","0","2","2"
"后世的圣人","0","2","2"
"是司马迁的","0","2","2"
"向皇帝举荐","0","2","2"
"伯夷那样的","0","2","2"
"抒发内心的","0","2","2"
"发内心的愤","0","2","2"
"内心的愤懑","0","2","2"
"说说自己的","0","2","2"
"过宫刑的人","0","2","2"
"是一般的人","0","2","2"
"能竭尽忠诚","0","2","2"
"斩将拔旗的","0","2","2"
"匈奴的王庭","0","2","2"
"人超过了自","0","2","2"
"有什么区别","0","2","2"
"次的是遭受","0","2","2"
"还有比这更","0","2","2"
"等的是遭受","0","2","2"
"关在监狱裹","0","2","2"
"左丘明双目","0","2","2"
"丘明双目失","0","2","2"
"明双目失明","0","2","2"
"能流传后世","0","2","2"
"污辱了自己","0","2","2"
"平通侯杨惮","0","2","2"
"了各诸侯国","0","2","2"
"这段历史的","0","2","2"
"齐怀王刘闳","0","2","2"
"生下儿子刘","0","2","2"
"下儿子刘进","0","2","2"
"称为史皇孙","0","2","2"
"以及卫氏一","0","2","2"
"及卫氏一家","0","2","2"
"皇后弟弟的","0","2","2"
"后弟弟的儿","0","2","2"
"甘泉宫避暑","0","2","2"
"把江充等人","0","2","2"
"他们的奸诈","0","2","2"
"帝正在甘泉","0","2","2"
"正在甘泉宫","0","2","2"
"一个名字叫","0","2","2"
"伯奇被流放","0","2","2"
"千秋万代之","0","2","2"
"恩却得不到","0","2","2"
"飞来飞去的","0","2","2"
"江充进谗言","0","2","2"
"天下无人不","0","2","2"
"车千秋为丞","0","2","2"
"千秋为丞相","0","2","2"
"这件事之后","0","2","2"
"葬在长安城","0","2","2"
"夫人生的儿","0","2","2"
"到十八岁时","0","2","2"
"就颁下诏书","0","2","2"
"的亲生父母","0","2","2"
"的陵墓建在","0","2","2"
"配置供奉采","0","2","2"
"置供奉采地","0","2","2"
"的基础上建","0","2","2"
"一千六百家","0","2","2"
"建立你这个","0","2","2"
"立你这个国","0","2","2"
"你这个国家","0","2","2"
"世世代代做","0","2","2"
"代做汉朝的","0","2","2"
"汉朝的藩篱","0","2","2"
"朝的藩篱辅","0","2","2"
"的藩篱辅翼","0","2","2"
"你要全心全","0","2","2"
"要全心全意","0","2","2"
"你这个国王","0","2","2"
"这个国王可","0","2","2"
"个国王可要","0","2","2"
"国王可要警","0","2","2"
"王可要警惕","0","2","2"
"可要警惕啊","0","2","2"
"母亲王夫人","0","2","2"
"到汉武帝的","0","2","2"
"武帝的喜爱","0","2","2"
"后来又因为","0","2","2"
"汉武帝驾崩","0","2","2"
"王的儿子刘","0","2","2"
"孝王的孙子","0","2","2"
"掌管地方行","0","2","2"
"管地方行政","0","2","2"
"接受了英明","0","2","2"
"受了英明的","0","2","2"
"了英明的诏","0","2","2"
"到今天已有","0","2","2"
"已三十多年","0","2","2"
"三十多年了","0","2","2"
"还没有听到","0","2","2"
"采纳你们的","0","2","2"
"是孝惠帝的","0","2","2"
"武帝的长子","0","2","2"
"是孝武帝的","0","2","2"
"了刘泽等人","0","2","2"
"刘泽等人的","0","2","2"
"泽等人的阴","0","2","2"
"等人的阴谋","0","2","2"
"姐鄂邑盖长","0","2","2"
"他们都知道","0","2","2"
"下霍光的过","0","2","2"
"帝上书告发","0","2","2"
"的奏书下达","0","2","2"
"于是亲近信","0","2","2"
"是亲近信任","0","2","2"
"了上官桀等","0","2","2"
"立上官桀为","0","2","2"
"长安城中的","0","2","2"
"将军与右将","0","2","2"
"军与右将军","0","2","2"
"部署中二千","0","2","2"
"署中二千石","0","2","2"
"在座的人都","0","2","2"
"是因为朝廷","0","2","2"
"去参拜高祖","0","2","2"
"用绶带自绞","0","2","2"
"绶带自绞而","0","2","2"
"带自绞而死","0","2","2"
"汉宣帝即位","0","2","2"
"太子刘建为","0","2","2"
"位二十年薨","0","2","2"
"为庶民百姓","0","2","2"
"要世世代代","0","2","2"
"昭帝刚即位","0","2","2"
"册立刘胥的","0","2","2"
"刘胥的小儿","0","2","2"
"胥的小儿子","0","2","2"
"昭帝在位时","0","2","2"
"汉昭帝驾崩","0","2","2"
"昌邑王被征","0","2","2"
"后来昌邑王","0","2","2"
"来昌邑王被","0","2","2"
"昌邑王被废","0","2","2"
"漠宣帝即位","0","2","2"
"对姬妾南等","0","2","2"
"姬妾南等人","0","2","2"
"妾南等人说","0","2","2"
"刘胥的儿子","0","2","2"
"被投入监狱","0","2","2"
"给贫苦百姓","0","2","2"
"的公卿大臣","0","2","2"
"到王莽篡汉","0","2","2"
"到王莽时代","0","2","2"
"行呢我请求","0","2","2"
"又来到长安","0","2","2"
"到未央宫的","0","2","2"
"大臣们进行","0","2","2"
"臣们进行商","0","2","2"
"们进行商议","0","2","2"
"您应该深刻","0","2","2"
"武帝的曾孙","0","2","2"
"人所厌恶的","0","2","2"
"有一个女儿","0","2","2"
"放她们回家","0","2","2"
"是他的儿子","0","2","2"
"所帮助的是","0","2","2"
"所以天下人","0","2","2"
"了三百多年","0","2","2"
"继承他们的","0","2","2"
"称号为皇帝","0","2","2"
"人人自以为","0","2","2"
"世世代代平","0","2","2"
"世代代平安","0","2","2"
"帝贵为天子","0","2","2"
"朝的过失是","0","2","2"
"想深入匈奴","0","2","2"
"的长久之策","0","2","2"
"掌握的权力","0","2","2"
"被选举为博","0","2","2"
"选举为博士","0","2","2"
"到雍县祭祀","0","2","2"
"君主的德行","0","2","2"
"帝王的功绩","0","2","2"
"接受天命的","0","2","2"
"祥和之气充","0","2","2"
"几个月以后","0","2","2"
"使巡视郡国","0","2","2"
"国的风俗教","0","2","2"
"朝廷命令行","0","2","2"
"廷命令行事","0","2","2"
"报了所做的","0","2","2"
"了所做的事","0","2","2"
"国家的大害","0","2","2"
"诘问徐偃说","0","2","2"
"呼吸之间就","0","2","2"
"里之内风俗","0","2","2"
"这是圣明的","0","2","2"
"被任命为谒","0","2","2"
"任命为谒者","0","2","2"
"朝廷派使者","0","2","2"
"我愿意竭尽","0","2","2"
"在匈奴单于","0","2","2"
"足以独挡一","0","2","2"
"以独挡一面","0","2","2"
"地的诸侯王","0","2","2"
"使用汉朝的","0","2","2"
"等人全都杀","0","2","2"
"死的时候才","0","2","2"
"才能出众的","0","2","2"
"在百姓当中","0","2","2"
"泛乡侯何武","0","2","2"
"上书给宣帝","0","2","2"
"不能够满足","0","2","2"
"恭敬地思考","0","2","2"
"不是他的过","0","2","2"
"是他的过错","0","2","2"
"背着烹调用","0","2","2"
"着烹调用的","0","2","2"
"烹调用的鼎","0","2","2"
"自己的忠心","0","2","2"
"众多的贤士","0","2","2"
"仍然不足以","0","2","2"
"实现了自己","0","2","2"
"现了自己的","0","2","2"
"有什么不能","0","2","2"
"人一起待诏","0","2","2"
"上疏谈论政","0","2","2"
"疏谈论政事","0","2","2"
"谈论政事的","0","2","2"
"不应该攻打","0","2","2"
"想接受声威","0","2","2"
"接受声威教","0","2","2"
"受声威教化","0","2","2"
"声威教化的","0","2","2"
"威教化的就","0","2","2"
"物各得其宜","0","2","2"
"处理的案件","0","2","2"
"一天走五十","0","2","2"
"天走五十里","0","2","2"
"军队经常出","0","2","2"
"居住的城郭","0","2","2"
"自古以来就","0","2","2"
"施行于当今","0","2","2"
"我愚昧地认","0","2","2"
"放弃珠压郡","0","2","2"
"丞相于定国","0","2","2"
"在关东地区","0","2","2"
"有的说可以","0","2","2"
"广大百姓的","0","2","2"
"贾捐之多次","0","2","2"
"议论石显的","0","2","2"
"论石显的短","0","2","2"
"皇上召见他","0","2","2"
"代替五鹿充","0","2","2"
"替五鹿充宗","0","2","2"
"是百官的根","0","2","2"
"百官的根本","0","2","2"
"皇上就下令","0","2","2"
"我们私下看","0","2","2"
"们私下看到","0","2","2"
"明了熟悉政","0","2","2"
"了熟悉政事","0","2","2"
"行路之人都","0","2","2"
"议论国家政","0","2","2"
"论国家政事","0","2","2"
"国家政事的","0","2","2"
"家政事的得","0","2","2"
"自己才能的","0","2","2"
"己才能的人","0","2","2"
"才能的人数","0","2","2"
"背诵了二十","0","2","2"
"诵了二十二","0","2","2"
"了二十二万","0","2","2"
"东方朔上书","0","2","2"
"对朝廷没有","0","2","2"
"们全都杀掉","0","2","2"
"从这裹经过","0","2","2"
"你们要叩头","0","2","2"
"知道东方朔","0","2","2"
"召见东方朔","0","2","2"
"二百四十钱","0","2","2"
"屁股越来越","0","2","2"
"股越来越高","0","2","2"
"责问东方朔","0","2","2"
"的人都非常","0","2","2"
"于是得到武","0","2","2"
"是得到武帝","0","2","2"
"得到武帝的","0","2","2"
"将此事上奏","0","2","2"
"此事上奏皇","0","2","2"
"事上奏皇帝","0","2","2"
"自己责备自","0","2","2"
"己责备自己","0","2","2"
"汉武帝开始","0","2","2"
"出行常常在","0","2","2"
"派太中大夫","0","2","2"
"向皇上进谏","0","2","2"
"皇上进谏说","0","2","2"
"没有饥寒之","0","2","2"
"这是不能建","0","2","2"
"是不能建上","0","2","2"
"不能建上林","0","2","2"
"能建上林苑","0","2","2"
"的第一个原","0","2","2"
"第一个原因","0","2","2"
"的第二个原","0","2","2"
"第二个原因","0","2","2"
"的第三个原","0","2","2"
"第三个原因","0","2","2"
"泰阶六符经","0","2","2"
"天象的变异","0","2","2"
"不能不明察","0","2","2"
"赐黄金一百","0","2","2"
"虑公主的儿","0","2","2"
"什么脸面进","0","2","2"
"给武帝祝寿","0","2","2"
"给陛下祝寿","0","2","2"
"读了些传记","0","2","2"
"把长门园献","0","2","2"
"长门园献给","0","2","2"
"百斤黄金给","0","2","2"
"报答陛下的","0","2","2"
"没有脸面见","0","2","2"
"下没有不知","0","2","2"
"处理国家政","0","2","2"
"行为淫乱而","0","2","2"
"合葬在霸陵","0","2","2"
"天下崇尚奢","0","2","2"
"下崇尚奢侈","0","2","2"
"事物的本源","0","2","2"
"东方朔虽然","0","2","2"
"衡量他们的","0","2","2"
"是一个时代","0","2","2"
"万物没有不","0","2","2"
"天子的恩德","0","2","2"
"生活在现在","0","2","2"
"而不敢懈怠","0","2","2"
"自己的私利","0","2","2"
"让他自己去","0","2","2"
"求而得到它","0","2","2"
"君王的意志","0","2","2"
"听钟鼓之音","0","2","2"
"发出唯唯的","0","2","2"
"非有先生说","0","2","2"
"人臣的礼节","0","2","2"
"忠心正直的","0","2","2"
"谄媚的小人","0","2","2"
"饿死在首阳","0","2","2"
"死在首阳山","0","2","2"
"抒发自己的","0","2","2"
"出自己的全","0","2","2"
"自己的全部","0","2","2"
"国家的安危","0","2","2"
"就差不多可","0","2","2"
"自己的身心","0","2","2"
"直到现在还","0","2","2"
"有饥寒之色","0","2","2"
"不同风俗的","0","2","2"
"认为这是不","0","2","2"
"喜欢多事的","0","2","2"
"欢多事的人","0","2","2"
"任陇西郡太","0","2","2"
"公孙贺为太","0","2","2"
"被任命为丞","0","2","2"
"任命为丞相","0","2","2"
"指使巫师在","0","2","2"
"使巫师在祭","0","2","2"
"巫师在祭祀","0","2","2"
"祀时诅咒皇","0","2","2"
"恶毒的语言","0","2","2"
"彻底追查他","0","2","2"
"查他所犯的","0","2","2"
"下韶给御史","0","2","2"
"时武帝正在","0","2","2"
"将此事奏闻","0","2","2"
"太子发兵是","0","2","2"
"千石以下官","0","2","2"
"人分别率领","0","2","2"
"商丘成率领","0","2","2"
"调兵的符节","0","2","2"
"刘屈牦的军","0","2","2"
"屈牦的军队","0","2","2"
"死了几万人","0","2","2"
"流放到敦煌","0","2","2"
"放到敦煌郡","0","2","2"
"了二十多天","0","2","2"
"李广利率兵","0","2","2"
"率兵出击匈","0","2","2"
"追查得很紧","0","2","2"
"他的祖先是","0","2","2"
"儿子玩弄父","0","2","2"
"子玩弄父亲","0","2","2"
"玩弄父亲的","0","2","2"
"弄父亲的军","0","2","2"
"父亲的军队","0","2","2"
"并没有反叛","0","2","2"
"功绩和资历","0","2","2"
"丞相的职位","0","2","2"
"使者回来后","0","2","2"
"的人非常多","0","2","2"
"群臣百姓都","0","2","2"
"为了天下人","0","2","2"
"了天下人民","0","2","2"
"和贰师将军","0","2","2"
"不能处理政","0","2","2"
"能处理政事","0","2","2"
"由大将军霍","0","2","2"
"将军霍光决","0","2","2"
"车千秋的儿","0","2","2"
"千秋的儿子","0","2","2"
"云中郡太守","0","2","2"
"夸耀自己的","0","2","2"
"汉武帝末年","0","2","2"
"诛杀二千石","0","2","2"
"任右辅都尉","0","2","2"
"代理右扶风","0","2","2"
"谧号称为敬","0","2","2"
"号称为敬侯","0","2","2"
"废除昌邑王","0","2","2"
"增加封邑三","0","2","2"
"大将军霆光","0","2","2"
"反叛的阴谋","0","2","2"
"就上书称病","0","2","2"
"霍光与车骑","0","2","2"
"光与车骑将","0","2","2"
"让大司农田","0","2","2"
"是国家大事","0","2","2"
"废掉了昌邑","0","2","2"
"掉了昌邑王","0","2","2"
"任子制度被","0","2","2"
"子制度被任","0","2","2"
"制度被任命","0","2","2"
"度被任命为","0","2","2"
"氏谋反的事","0","2","2"
"为诸吏光禄","0","2","2"
"为亲信大臣","0","2","2"
"给他的钱财","0","2","2"
"终于因为这","0","2","2"
"上书举告杨","0","2","2"
"书举告杨惲","0","2","2"
"能保全自己","0","2","2"
"把匈奴单于","0","2","2"
"正直的大臣","0","2","2"
"给廷尉审讯","0","2","2"
"任诸吏光禄","0","2","2"
"皇上所信任","0","2","2"
"都免为平民","0","2","2"
"安定郡太守","0","2","2"
"给孙会宗的","0","2","2"
"带领妻子儿","0","2","2"
"领妻子儿女","0","2","2"
"不知道这样","0","2","2"
"西河郡太守","0","2","2"
"儿女流放到","0","2","2"
"有好事的人","0","2","2"
"和别人相比","0","2","2"
"不选择贤才","0","2","2"
"为皇帝的老","0","2","2"
"万年的儿子","0","2","2"
"年的儿子陈","0","2","2"
"的儿子陈咸","0","2","2"
"上书数十次","0","2","2"
"提升为左曹","0","2","2"
"公卿以下官","0","2","2"
"这时中书令","0","2","2"
"槐里县县令","0","2","2"
"云上书为自","0","2","2"
"上书为自己","0","2","2"
"书为自己辩","0","2","2"
"忠诚正直的","0","2","2"
"合皇上心意","0","2","2"
"在所任职的","0","2","2"
"所任职的地","0","2","2"
"任职的地方","0","2","2"
"脖子上的铁","0","2","2"
"法律规定的","0","2","2"
"怎么能这样","0","2","2"
"属下的官吏","0","2","2"
"下的官吏都","0","2","2"
"召入京做了","0","2","2"
"王立有罪回","0","2","2"
"立有罪回到","0","2","2"
"翟方进奏请","0","2","2"
"因为政绩突","0","2","2"
"为政绩突出","0","2","2"
"京师中的人","0","2","2"
"帝下令征召","0","2","2"
"听从父亲的","0","2","2"
"抑制自己的","0","2","2"
"是世俗之人","0","2","2"
"风纪不进入","0","2","2"
"丁外人很要","0","2","2"
"外人很要好","0","2","2"
"渭城县令胡","0","2","2"
"城县令胡建","0","2","2"
"下了他们的","0","2","2"
"他们的奏章","0","2","2"
"就命令官吏","0","2","2"
"贡禹任御史","0","2","2"
"禹任御史大","0","2","2"
"治理的办法","0","2","2"
"人民不安宁","0","2","2"
"不是重视国","0","2","2"
"是重视国家","0","2","2"
"与五鹿充宗","0","2","2"
"鹿充宗结成","0","2","2"
"把它告诉了","0","2","2"
"起草奏章草","0","2","2"
"草奏章草稿","0","2","2"
"交给御史中","0","2","2"
"给御史中丞","0","2","2"
"和他相勾结","0","2","2"
"在家中去世","0","2","2"
"安葬在平陵","0","2","2"
"九江郡寿春","0","2","2"
"江郡寿春县","0","2","2"
"郡寿春县人","0","2","2"
"年轻时在长","0","2","2"
"轻时在长安","0","2","2"
"在长安求学","0","2","2"
"给大将军王","0","2","2"
"梅福又上书","0","2","2"
"福又上书说","0","2","2"
"召公那样的","0","2","2"
"遵循高祖皇","0","2","2"
"循高祖皇帝","0","2","2"
"祖皇帝的法","0","2","2"
"皇帝的法令","0","2","2"
"这时候汉武","0","2","2"
"时候汉武帝","0","2","2"
"以攻打匈奴","0","2","2"
"之所以谋反","0","2","2"
"多次上书求","0","2","2"
"次上书求见","0","2","2"
"造就是天下","0","2","2"
"他们所说的","0","2","2"
"如果这样做","0","2","2"
"进献忠言的","0","2","2"
"帝之所以能","0","2","2"
"汉朝受尊崇","0","2","2"
"朝受尊崇的","0","2","2"
"到集市上去","0","2","2"
"的办法治理","0","2","2"
"现在陛下既","0","2","2"
"给廷尉处理","0","2","2"
"不必要的法","0","2","2"
"必要的法律","0","2","2"
"殷商的后裔","0","2","2"
"希望陛下深","0","2","2"
"保全别人会","0","2","2"
"全别人会保","0","2","2"
"别人会保全","0","2","2"
"人会保全自","0","2","2"
"会保全自己","0","2","2"
"壅塞别人会","0","2","2"
"孔子的子孙","0","2","2"
"的素王之功","0","2","2"
"封赏他的子","0","2","2"
"赏他的子孙","0","2","2"
"的后裔为诸","0","2","2"
"后裔为诸侯","0","2","2"
"裔为诸侯王","0","2","2"
"宋国的嫡系","0","2","2"
"国的嫡系后","0","2","2"
"的嫡系后裔","0","2","2"
"承继商汤的","0","2","2"
"封孔子的后","0","2","2"
"子的后代为","0","2","2"
"为成帝的后","0","2","2"
"成帝的后嗣","0","2","2"
"都留在中山","0","2","2"
"留在中山国","0","2","2"
"王莽的长子","0","2","2"
"莽的长子王","0","2","2"
"情被发觉后","0","2","2"
"把他们看作","0","2","2"
"是吴章的弟","0","2","2"
"吴章的弟子","0","2","2"
"时任大司徒","0","2","2"
"自己的属吏","0","2","2"
"后又荐举他","0","2","2"
"王莽篡位后","0","2","2"
"是陇西上邦","0","2","2"
"良家子弟善","0","2","2"
"家子弟善于","0","2","2"
"子弟善于骑","0","2","2"
"弟善于骑马","0","2","2"
"骑马射箭被","0","2","2"
"为人沉着勇","0","2","2"
"人沉着勇敢","0","2","2"
"汉武帝的时","0","2","2"
"贰师将军带","0","2","2"
"师将军带领","0","2","2"
"近汉朝边塞","0","2","2"
"题除渠堂投","0","2","2"
"除渠堂投降","0","2","2"
"赵充国率领","0","2","2"
"充国率领四","0","2","2"
"国率领四万","0","2","2"
"义渠安国出","0","2","2"
"渠安国出使","0","2","2"
"安国出使巡","0","2","2"
"国出使巡视","0","2","2"
"出使巡视各","0","2","2"
"都有自己的","0","2","2"
"有自己的首","0","2","2"
"自己的首领","0","2","2"
"告诉各差人","0","2","2"
"诉各差人部","0","2","2"
"十多万人投","0","2","2"
"多万人投降","0","2","2"
"万人投降了","0","2","2"
"人投降了匈","0","2","2"
"次派使者到","0","2","2"
"又派使者到","0","2","2"
"使者到匈奴","0","2","2"
"派遣义渠安","0","2","2"
"经七十多岁","0","2","2"
"赵充国说道","0","2","2"
"赵充国认为","0","2","2"
"得到四十万","0","2","2"
"可以得到十","0","2","2"
"上奏书说道","0","2","2"
"的马匹不能","0","2","2"
"三十天的粮","0","2","2"
"十天的粮草","0","2","2"
"即使不能全","0","2","2"
"了他们的牲","0","2","2"
"他们的牲畜","0","2","2"
"了他们的妻","0","2","2"
"从张掖出发","0","2","2"
"倾危的忧患","0","2","2"
"要大举入侵","0","2","2"
"赦免他们的","0","2","2"
"免他们的罪","0","2","2"
"令破羌将军","0","2","2"
"冯奉世率领","0","2","2"
"将军一千二","0","2","2"
"军一千二百","0","2","2"
"太白星出现","0","2","2"
"作战的人有","0","2","2"
"会万无一失","0","2","2"
"兵的利害关","0","2","2"
"不是臣下所","0","2","2"
"是臣下所能","0","2","2"
"臣下所能比","0","2","2"
"下所能比得","0","2","2"
"所能比得上","0","2","2"
"能比得上的","0","2","2"
"制服敌人的","0","2","2"
"服敌人的战","0","2","2"
"敌人的战术","0","2","2"
"可以达到二","0","2","2"
"天子的厚恩","0","2","2"
"上报给天子","0","2","2"
"趟充国生病","0","2","2"
"命令军队出","0","2","2"
"令军队出击","0","2","2"
"值得担忧呢","0","2","2"
"以进献忠言","0","2","2"
"战胜敌人的","0","2","2"
"一万零二百","0","2","2"
"驻扎在要害","0","2","2"
"十分之二的","0","2","2"
"一万人屯田","0","2","2"
"在一年之内","0","2","2"
"留守屯田作","0","2","2"
"守屯田作为","0","2","2"
"屯田的士兵","0","2","2"
"百姓的徭役","0","2","2"
"十二种好处","0","2","2"
"以选择采纳","0","2","2"
"望将军仔细","0","2","2"
"充国上奏说","0","2","2"
"国上奏说道","0","2","2"
"年老体弱的","0","2","2"
"老体弱的人","0","2","2"
"可以得到赏","0","2","2"
"以得到赏赐","0","2","2"
"不超过三个","0","2","2"
"把他们的妻","0","2","2"
"人小规模地","0","2","2"
"小规模地入","0","2","2"
"规模地入侵","0","2","2"
"匈奴不可以","0","2","2"
"臣下有幸得","0","2","2"
"下有幸得以","0","2","2"
"交给公卿大","0","2","2"
"有十分之三","0","2","2"
"达到十分之","0","2","2"
"强弩两位将","0","2","2"
"弩两位将军","0","2","2"
"我年纪已老","0","2","2"
"千多人投降","0","2","2"
"多人投降了","0","2","2"
"人投降了汉","0","2","2"
"两人被封为","0","2","2"
"任护羌校尉","0","2","2"
"已经接受了","0","2","2"
"军辛武贤在","0","2","2"
"谧号为壮侯","0","2","2"
"重续功臣的","0","2","2"
"续功臣的后","0","2","2"
"上奏密封章","0","2","2"
"奏密封章疏","0","2","2"
"新被任命为","0","2","2"
"冲锋陷阵打","0","2","2"
"被征召任命","0","2","2"
"召任命为光","0","2","2"
"升为左曹中","0","2","2"
"亲近的亲戚","0","2","2"
"的长久之计","0","2","2"
"石的有十多","0","2","2"
"是大将军王","0","2","2"
"他的三个儿","0","2","2"
"等到吕宽的","0","2","2"
"到吕宽的事","0","2","2"
"吕宽的事情","0","2","2"
"他们都杀了","0","2","2"
"傅介子到了","0","2","2"
"杀了匈奴使","0","2","2"
"任命他为中","0","2","2"
"对楼兰王说","0","2","2"
"在一起饮酒","0","2","2"
"两个壮士从","0","2","2"
"个壮士从后","0","2","2"
"壮士从后面","0","2","2"
"封傅介子为","0","2","2"
"傅介子为义","0","2","2"
"介子为义阳","0","2","2"
"子为义阳侯","0","2","2"
"为嘉奖他的","0","2","2"
"骑兵在车师","0","2","2"
"车师与匈奴","0","2","2"
"常惠出使乌","0","2","2"
"惠出使乌孙","0","2","2"
"公主和乌孙","0","2","2"
"主和乌孙王","0","2","2"
"派使者来朝","0","2","2"
"通过常惠上","0","2","2"
"过常惠上书","0","2","2"
"队攻打乌孙","0","2","2"
"天子派兵来","0","2","2"
"十五万骑兵","0","2","2"
"侯以下的五","0","2","2"
"以下的五万","0","2","2"
"下的五万多","0","2","2"
"的五万多骑","0","2","2"
"五万多骑兵","0","2","2"
"万多骑兵从","0","2","2"
"多骑兵从西","0","2","2"
"俘获了单于","0","2","2"
"获了单于的","0","2","2"
"了单于的父","0","2","2"
"的五位将军","0","2","2"
"龟兹王以前","0","2","2"
"被贵人姑翼","0","2","2"
"后就回去了","0","2","2"
"外国的情况","0","2","2"
"封国传到曾","0","2","2"
"国传到曾孙","0","2","2"
"在渠黎屯田","0","2","2"
"迎接曰逐王","0","2","2"
"逐王为归德","0","2","2"
"王为归德侯","0","2","2"
"从郑吉开始","0","2","2"
"威望和信用","0","2","2"
"郑吉为安远","0","2","2"
"吉为安远侯","0","2","2"
"在西域各国","0","2","2"
"谧号为缪侯","0","2","2"
"是良家子弟","0","2","2"
"没有人可比","0","2","2"
"五个单于争","0","2","2"
"单于和郅支","0","2","2"
"于和郅支单","0","2","2"
"和郅支单于","0","2","2"
"后来呼韩邪","0","2","2"
"来呼韩邪单","0","2","2"
"亲自到汉朝","0","2","2"
"支单于以为","0","2","2"
"单于以为呼","0","2","2"
"于以为呼韩","0","2","2"
"以为呼韩邪","0","2","2"
"韩邪单于回","0","2","2"
"向西攻破了","0","2","2"
"并羞辱他们","0","2","2"
"派遣卫司马","0","2","2"
"派使者把他","0","2","2"
"秉承圣明的","0","2","2"
"国家的利益","0","2","2"
"国家带来灾","0","2","2"
"单于发怒了","0","2","2"
"郅支单于自","0","2","2"
"又听说呼韩","0","2","2"
"听说呼韩邪","0","2","2"
"兵攻打乌孙","0","2","2"
"里方圆的地","0","2","2"
"谷吉等人的","0","2","2"
"卓越的功勋","0","2","2"
"出使外国的","0","2","2"
"得到这两个","0","2","2"
"他们的人都","0","2","2"
"一定会成为","0","2","2"
"屯田的官兵","0","2","2"
"有城镇的各","0","2","2"
"城镇的各国","0","2","2"
"了大乌孙王","0","2","2"
"到了康居的","0","2","2"
"陈汤命令军","0","2","2"
"汤命令军队","0","2","2"
"康居的显贵","0","2","2"
"贝色的儿子","0","2","2"
"又带领军队","0","2","2"
"单于上书说","0","2","2"
"互相通报情","0","2","2"
"相通报情况","0","2","2"
"待客人的礼","0","2","2"
"客人的礼仪","0","2","2"
"士兵都拉满","0","2","2"
"兵都拉满弓","0","2","2"
"骑兵和步兵","0","2","2"
"单于听说汉","0","2","2"
"于听说汉朝","0","2","2"
"听说汉朝军","0","2","2"
"说汉朝军队","0","2","2"
"依赖陛下的","0","2","2"
"头悬挂在稿","0","2","2"
"悬挂在稿街","0","2","2"
"大的汉朝的","0","2","2"
"诛杀郅支单","0","2","2"
"使者在路上","0","2","2"
"陈汤的功劳","0","2","2"
"神灵的保佑","0","2","2"
"支单于的脑","0","2","2"
"单于的脑袋","0","2","2"
"里之外的地","0","2","2"
"之外的地方","0","2","2"
"奖励有功之","0","2","2"
"励有功之人","0","2","2"
"去征讨敌人","0","2","2"
"的官职爵位","0","2","2"
"汉朝的士兵","0","2","2"
"杀害了汉朝","0","2","2"
"害了汉朝使","0","2","2"
"无人的地方","0","2","2"
"为射声校尉","0","2","2"
"匡衡又上奏","0","2","2"
"严格要求自","0","2","2"
"格要求自己","0","2","2"
"因此被免官","0","2","2"
"狱应当处死","0","2","2"
"楚国有子玉","0","2","2"
"国有子玉得","0","2","2"
"有子玉得臣","0","2","2"
"是国家得力","0","2","2"
"国家得力的","0","2","2"
"未曾有过这","0","2","2"
"曾有过这样","0","2","2"
"有过这样的","0","2","2"
"所说的事情","0","2","2"
"被关在牢裹","0","2","2"
"关在牢裹很","0","2","2"
"在牢裹很久","0","2","2"
"牢裹很久了","0","2","2"
"很长时间还","0","2","2"
"时间还不能","0","2","2"
"担心陛下忽","0","2","2"
"乌孙国的军","0","2","2"
"孙国的军队","0","2","2"
"西域有城镇","0","2","2"
"域有城镇的","0","2","2"
"有城镇的国","0","2","2"
"城镇的国家","0","2","2"
"镇的国家以","0","2","2"
"的国家以及","0","2","2"
"国家以及敦","0","2","2"
"家以及敦煌","0","2","2"
"以及敦煌的","0","2","2"
"及敦煌的军","0","2","2"
"敦煌的军队","0","2","2"
"在宣室召见","0","2","2"
"攻打郅支单","0","2","2"
"打郅支单于","0","2","2"
"然后才可以","0","2","2"
"军王凤上奏","0","2","2"
"给关内侯爵","0","2","2"
"给中二千石","0","2","2"
"也应当受到","0","2","2"
"妻子儿女以","0","2","2"
"此事交给有","0","2","2"
"昌陵的工程","0","2","2"
"停止昌陵的","0","2","2"
"有人就问陈","0","2","2"
"人就问陈汤","0","2","2"
"当时成都侯","0","2","2"
"时成都侯王","0","2","2"
"报告皇帝说","0","2","2"
"是他所应当","0","2","2"
"他所应当说","0","2","2"
"所应当说的","0","2","2"
"犯了大不敬","0","2","2"
"了大不敬的","0","2","2"
"官员和百姓","0","2","2"
"上奏书陈述","0","2","2"
"帝卧病在床","0","2","2"
"皇帝继承了","0","2","2"
"来防止还没","0","2","2"
"防止还没有","0","2","2"
"汉朝的强盛","0","2","2"
"强盛的时候","0","2","2"
"现在圣明的","0","2","2"
"圣明的时代","0","2","2"
"奸邪的大臣","0","2","2"
"所犯的罪过","0","2","2"
"王莽为安汉","0","2","2"
"莽为安汉公","0","2","2"
"庙号为高宗","0","2","2"
"甘延寿的功","0","2","2"
"延寿的功劳","0","2","2"
"为西域都护","0","2","2"
"重他的威望","0","2","2"
"就调任他为","0","2","2"
"他为雁门太","0","2","2"
"为雁门太守","0","2","2"
"因犯法被免","0","2","2"
"异域的人们","0","2","2"
"戊己校尉的","0","2","2"
"己校尉的军","0","2","2"
"校尉的军队","0","2","2"
"定了他的国","0","2","2"
"了他的国家","0","2","2"
"末振将杀害","0","2","2"
"又派遣段会","0","2","2"
"派遣段会宗","0","2","2"
"戊己校尉和","0","2","2"
"末振将的太","0","2","2"
"振将的太子","0","2","2"
"将的太子番","0","2","2"
"的太子番丘","0","2","2"
"难道就不能","0","2","2"
"骨肉的恩情","0","2","2"
"终于因此而","0","2","2"
"威名震动了","0","2","2"
"中选拔出来","0","2","2"
"京师的官吏","0","2","2"
"的官吏百姓","0","2","2"
"吏百姓都敬","0","2","2"
"中二千石等","0","2","2"
"二千石等官","0","2","2"
"千石等官吏","0","2","2"
"中官吏百姓","0","2","2"
"束海郡兰陵","0","2","2"
"海郡兰陵县","0","2","2"
"郡兰陵县人","0","2","2"
"被征为博士","0","2","2"
"朝廷上下都","0","2","2"
"恐怕将来会","0","2","2"
"流下了眼泪","0","2","2"
"供给他们的","0","2","2"
"他们的衣食","0","2","2"
"的父亲于公","0","2","2"
"郡决曹等官","0","2","2"
"决曹等官职","0","2","2"
"而心怀怨恨","0","2","2"
"心怀怨恨的","0","2","2"
"与御史中丞","0","2","2"
"又升任御史","0","2","2"
"被破格提升","0","2","2"
"黄霸任丞相","0","2","2"
"年任御史大","0","2","2"
"事责备他们","0","2","2"
"的下属官吏","0","2","2"
"不敢自己独","0","2","2"
"坚决要求辞","0","2","2"
"以列侯的身","0","2","2"
"列侯的身份","0","2","2"
"沛郡相县人","0","2","2"
"兄弟二人都","0","2","2"
"为自己的属","0","2","2"
"自己的属官","0","2","2"
"后升任谏大","0","2","2"
"任长信少府","0","2","2"
"天下民众的","0","2","2"
"乘车从桥上","0","2","2"
"的光禄大夫","0","2","2"
"郡太守亲自","0","2","2"
"边界上迎接","0","2","2"
"年轻时曾任","0","2","2"
"因通晓经术","0","2","2"
"有二百多年","0","2","2"
"人的行为中","0","2","2"
"重要的事了","0","2","2"
"中最重要的","0","2","2"
"升任丞相司","0","2","2"
"淳于长虽然","0","2","2"
"汉哀帝即位","0","2","2"
"光禄大夫诸","0","2","2"
"禄大夫诸吏","0","2","2"
"哀帝派使者","0","2","2"
"有人对他说","0","2","2"
"起来接受封","0","2","2"
"来接受封侯","0","2","2"
"佐我治理国","0","2","2"
"事的时间不","0","2","2"
"的时间不长","0","2","2"
"都是因为我","0","2","2"
"官至大司徒","0","2","2"
"成帝的老师","0","2","2"
"尊敬和信任","0","2","2"
"彭宣入朝任","0","2","2"
"侯王国的人","0","2","2"
"王国的人不","0","2","2"
"担任大司农","0","2","2"
"皇室的禁卫","0","2","2"
"室的禁卫工","0","2","2"
"的禁卫工作","0","2","2"
"了淮阳王的","0","2","2"
"的女儿为妻","0","2","2"
"五十斤黄金","0","2","2"
"将军的印绶","0","2","2"
"曾多次上书","0","2","2"
"逢元寿元年","0","2","2"
"正月初一出","0","2","2"
"月初一出现","0","2","2"
"初一出现日","0","2","2"
"一出现日食","0","2","2"
"封为长平侯","0","2","2"
"希望允许我","0","2","2"
"将此事禀告","0","2","2"
"事禀告太后","0","2","2"
"治理政事的","0","2","2"
"国家政权的","0","2","2"
"高尚的品德","0","2","2"
"不改变自己","0","2","2"
"成帝在位时","0","2","2"
"道是因为其","0","2","2"
"是因为其身","0","2","2"
"因为其身为","0","2","2"
"为其身为公","0","2","2"
"其身为公卿","0","2","2"
"身为公卿吗","0","2","2"
"能与之相比","0","2","2"
"是国家的宝","0","2","2"
"国家的宝贝","0","2","2"
"然而他们的","0","2","2"
"举孝廉被选","0","2","2"
"这非古之有","0","2","2"
"非古之有道","0","2","2"
"古之有道之","0","2","2"
"自己的道德","0","2","2"
"的道德修养","0","2","2"
"继承社稷江","0","2","2"
"承社稷江山","0","2","2"
"希望大王明","0","2","2"
"望大王明察","0","2","2"
"正我的过失","0","2","2"
"奉孝武皇帝","0","2","2"
"因行为淫乱","0","2","2"
"中令龚遂因","0","2","2"
"任益州刺史","0","2","2"
"帝亲自处理","0","2","2"
"用能干的官","0","2","2"
"人心则天下","0","2","2"
"为一国之君","0","2","2"
"别上下尊卑","0","2","2"
"应当让他们","0","2","2"
"精美的器物","0","2","2"
"汉元帝即位","0","2","2"
"派使者征召","0","2","2"
"升任司隶校","0","2","2"
"出任京兆尹","0","2","2"
"考察他处理","0","2","2"
"察他处理政","0","2","2"
"他处理政事","0","2","2"
"成帝同意了","0","2","2"
"接任御史大","0","2","2"
"王骏为御史","0","2","2"
"骏为御史大","0","2","2"
"的妻子死了","0","2","2"
"在河南太守","0","2","2"
"入朝为御史","0","2","2"
"朝为御史大","0","2","2"
"不遵循法度","0","2","2"
"漠平帝即位","0","2","2"
"平帝即位后","0","2","2"
"多余的财物","0","2","2"
"以精通经义","0","2","2"
"被推举为贤","0","2","2"
"推举为贤良","0","2","2"
"任用贤能之","0","2","2"
"恢复古代的","0","2","2"
"齐地的三服","0","2","2"
"地的三服官","0","2","2"
"其原因就在","0","2","2"
"了人吃人的","0","2","2"
"违背了天道","0","2","2"
"到孝宣皇帝","0","2","2"
"令人痛心啊","0","2","2"
"望陛下您深","0","2","2"
"自己的家中","0","2","2"
"是为了天下","0","2","2"
"不敢不尽我","0","2","2"
"贡禹上书说","0","2","2"
"薪俸钱每月","0","2","2"
"像我这样的","0","2","2"
"后一个多月","0","2","2"
"开始交纳口","0","2","2"
"始交纳口钱","0","2","2"
"再开始交纳","0","2","2"
"审理和判决","0","2","2"
"理和判决案","0","2","2"
"和判决案件","0","2","2"
"为英雄豪杰","0","2","2"
"选拔举荐人","0","2","2"
"拔举荐人才","0","2","2"
"自己的言行","0","2","2"
"行勤俭节约","0","2","2"
"勤俭节约的","0","2","2"
"几个月后去","0","2","2"
"个月后去世","0","2","2"
"龚胜为郡吏","0","2","2"
"做定陶王时","0","2","2"
"征召龚胜为","0","2","2"
"他们准备车","0","2","2"
"迁为光禄大","0","2","2"
"诸吏给事中","0","2","2"
"因此而违逆","0","2","2"
"此而违逆了","0","2","2"
"贪婪残暴的","0","2","2"
"的意见不合","0","2","2"
"到御史中丞","0","2","2"
"御史中丞那","0","2","2"
"上奏弹劾说","0","2","2"
"任命他的儿","0","2","2"
"命他的儿子","0","2","2"
"声称有病而","0","2","2"
"的地方官吏","0","2","2"
"太后派谒者","0","2","2"
"汉兄长的儿","0","2","2"
"超过六百石","0","2","2"
"又因病离任","0","2","2"
"始终不肯接","0","2","2"
"终不肯接受","0","2","2"
"个月的俸禄","0","2","2"
"王莽的使者","0","2","2"
"没有忘记您","0","2","2"
"以安定天下","0","2","2"
"高晖等人说","0","2","2"
"有人知道他","0","2","2"
"马卫将军王","0","2","2"
"鲍宣因此而","0","2","2"
"时哀帝的祖","0","2","2"
"和成帝的母","0","2","2"
"帝的母亲同","0","2","2"
"危亡的征兆","0","2","2"
"也没有见到","0","2","2"
"有才智的人","0","2","2"
"七种导致百","0","2","2"
"种导致百姓","0","2","2"
"天地的告诫","0","2","2"
"郡国发生了","0","2","2"
"罢免他的官","0","2","2"
"免他的官职","0","2","2"
"天下太平之","0","2","2"
"聚集了一千","0","2","2"
"粗糙的瓦器","0","2","2"
"人们都称赞","0","2","2"
"就不再勉强","0","2","2"
"书弹劾董贤","0","2","2"
"为南郡太守","0","2","2"
"任兖州刺史","0","2","2"
"刚直而闻名","0","2","2"
"赤眉军攻入","0","2","2"
"眉军攻入长","0","2","2"
"军攻入长安","0","2","2"
"龚舍和鲍宣","0","2","2"
"的我们的祖","0","2","2"
"豕韦氏开始","0","2","2"
"任命他的小","0","2","2"
"准许我辞官","0","2","2"
"我的徒弟们","0","2","2"
"在朝廷上争","0","2","2"
"朝廷上争论","0","2","2"
"不同于其他","0","2","2"
"朝廷征召他","0","2","2"
"长信宫少府","0","2","2"
"替蔡义做了","0","2","2"
"朝廷赏赐他","0","2","2"
"很早就死了","0","2","2"
"儿子韦玄成","0","2","2"
"也因为精通","0","2","2"
"他被提拔为","0","2","2"
"被提拔为谏","0","2","2"
"提拔为谏大","0","2","2"
"拔为谏大夫","0","2","2"
"大河郡都尉","0","2","2"
"的哥哥韦弘","0","2","2"
"哥哥韦弘做","0","2","2"
"应当做韦家","0","2","2"
"当做韦家的","0","2","2"
"做韦家的继","0","2","2"
"韦家的继承","0","2","2"
"病重的时候","0","2","2"
"衹是一味地","0","2","2"
"为东海太守","0","2","2"
"都被免去官","0","2","2"
"被免去官职","0","2","2"
"我有什么脸","0","2","2"
"我那英俊的","0","2","2"
"那英俊的长","0","2","2"
"英俊的长兄","0","2","2"
"毁坏了自己","0","2","2"
"失去了母亲","0","2","2"
"所以不忍心","0","2","2"
"定国做了丞","0","2","2"
"国做了丞相","0","2","2"
"原来的封国","0","2","2"
"他的儿子节","0","2","2"
"的儿子节侯","0","2","2"
"宰相的才干","0","2","2"
"的儿子韦赏","0","2","2"
"做定陶王的","0","2","2"
"定陶王的时","0","2","2"
"陶王的时候","0","2","2"
"到二千石官","0","2","2"
"都要建立太","0","2","2"
"庙尊奉为太","0","2","2"
"皇帝所在的","0","2","2"
"帝所在的地","0","2","2"
"在一起共有","0","2","2"
"古代的礼制","0","2","2"
"诸侯国的宗","0","2","2"
"侯国的宗庙","0","2","2"
"以前的时候","0","2","2"
"过的地方建","0","2","2"
"亲自主持祭","0","2","2"
"自主持祭祀","0","2","2"
"永远不变的","0","2","2"
"不要再修建","0","2","2"
"要再修建了","0","2","2"
"君王制定礼","0","2","2"
"的祭庙万世","0","2","2"
"祭庙万世不","0","2","2"
"庙万世不毁","0","2","2"
"这是为了昭","0","2","2"
"诸侯国的君","0","2","2"
"侯国的君主","0","2","2"
"庙经过五代","0","2","2"
"经过五代就","0","2","2"
"就相继拆毁","0","2","2"
"毁庙的神主","0","2","2"
"古代正统的","0","2","2"
"的神主一起","0","2","2"
"受命于天而","0","2","2"
"命于天而称","0","2","2"
"于天而称王","0","2","2"
"亲属关系疏","0","2","2"
"属关系疏远","0","2","2"
"关系疏远了","0","2","2"
"后稷最早受","0","2","2"
"稷最早受封","0","2","2"
"最早受封建","0","2","2"
"早受封建国","0","2","2"
"武王受命于","0","2","2"
"世代代不毁","0","2","2"
"代代不毁弃","0","2","2"
"亲子孙都已","0","2","2"
"子孙都已死","0","2","2"
"孙都已死尽","0","2","2"
"考庙因为亲","0","2","2"
"亲子孙还没","0","2","2"
"子孙还没有","0","2","2"
"孙还没有死","0","2","2"
"还没有死尽","0","2","2"
"应该为他建","0","2","2"
"该为他建立","0","2","2"
"认为孝武皇","0","2","2"
"为孝武皇帝","0","2","2"
"改定正朔历","0","2","2"
"定正朔历法","0","2","2"
"四边的少数","0","2","2"
"认为皇考庙","0","2","2"
"高皇帝为汉","0","2","2"
"皇帝为汉太","0","2","2"
"帝为汉太祖","0","2","2"
"孝文皇帝为","0","2","2"
"文皇帝为太","0","2","2"
"皇帝为太宗","0","2","2"
"永远传下去","0","2","2"
"孝宣皇帝是","0","2","2"
"宣皇帝是孝","0","2","2"
"皇帝是孝昭","0","2","2"
"帝是孝昭皇","0","2","2"
"是孝昭皇帝","0","2","2"
"皇帝的后代","0","2","2"
"皇帝的祭庙","0","2","2"
"韦玄成等人","0","2","2"
"从祖宗以下","0","2","2"
"为亲子孙没","0","2","2"
"亲子孙没有","0","2","2"
"子孙没有死","0","2","2"
"孙没有死尽","0","2","2"
"神主迁到太","0","2","2"
"主迁到太祖","0","2","2"
"迁到太祖庙","0","2","2"
"到太祖庙中","0","2","2"
"国王的母亲","0","2","2"
"制定相继毁","0","2","2"
"相继毁弃祭","0","2","2"
"继毁弃祭庙","0","2","2"
"来昭明祖宗","0","2","2"
"昭明祖宗的","0","2","2"
"的开国君主","0","2","2"
"他们的祭庙","0","2","2"
"的神主迁入","0","2","2"
"那么罪过都","0","2","2"
"么罪过都在","0","2","2"
"我们这些臣","0","2","2"
"们这些臣子","0","2","2"
"上来说要有","0","2","2"
"来说要有所","0","2","2"
"撤销的那些","0","2","2"
"相继毁庙的","0","2","2"
"先前的时候","0","2","2"
"庙亲子孙都","0","2","2"
"以及太上皇","0","2","2"
"皇的陵寝祭","0","2","2"
"的陵寝祭庙","0","2","2"
"少数民族一","0","2","2"
"为中兴之主","0","2","2"
"到了周幽王","0","2","2"
"吞并了他们","0","2","2"
"并了他们的","0","2","2"
"没有安宁的","0","2","2"
"有安宁的子","0","2","2"
"有紧急战事","0","2","2"
"特别严重的","0","2","2"
"害中原由来","0","2","2"
"中原由来已","0","2","2"
"原由来已久","0","2","2"
"向北攻打匈","0","2","2"
"北攻打匈奴","0","2","2"
"攻打大宛国","0","2","2"
"断匈奴的右","0","2","2"
"万世的基业","0","2","2"
"有七座祭庙","0","2","2"
"加上太祖的","0","2","2"
"上太祖的庙","0","2","2"
"太祖的庙共","0","2","2"
"祖的庙共有","0","2","2"
"有功绩德行","0","2","2"
"帝的祭庙不","0","2","2"
"的祭庙不应","0","2","2"
"的要祭祀他","0","2","2"
"没有特殊的","0","2","2"
"有特殊的功","0","2","2"
"与礼义不符","0","2","2"
"平帝元始年","0","2","2"
"父亲的祭祀","0","2","2"
"儿子做了天","0","2","2"
"子做了天子","0","2","2"
"是不正确的","0","2","2"
"为河南太守","0","2","2"
"器库的长官","0","2","2"
"自己辞了官","0","2","2"
"丞相的儿子","0","2","2"
"自己说愿意","0","2","2"
"做茂陵县令","0","2","2"
"是光禄大夫","0","2","2"
"掌领尚书省","0","2","2"
"领尚书省事","0","2","2"
"又做了大将","0","2","2"
"哥的儿子做","0","2","2"
"他们的权势","0","2","2"
"车师屯田的","0","2","2"
"将军趟充国","0","2","2"
"衰弱的时候","0","2","2"
"匈奴不敢再","0","2","2"
"现在我听说","0","2","2"
"知道这样的","0","2","2"
"父亲与儿子","0","2","2"
"逭大概就是","0","2","2"
"的忧患不在","0","2","2"
"奏请皇帝予","0","2","2"
"请皇帝予以","0","2","2"
"广泛地教化","0","2","2"
"泛地教化人","0","2","2"
"地教化人民","0","2","2"
"致使百姓中","0","2","2"
"适宜的方法","0","2","2"
"皇帝是多么","0","2","2"
"百姓的方法","0","2","2"
"帝发布诏书","0","2","2"
"还没有平定","0","2","2"
"们这些大臣","0","2","2"
"各自有各自","0","2","2"
"方卦位上的","0","2","2"
"卦位上的神","0","2","2"
"位上的神不","0","2","2"
"国家大事的","0","2","2"
"家大事的根","0","2","2"
"大事的根本","0","2","2"
"最重要的是","0","2","2"
"等大臣商议","0","2","2"
"该穿的衣服","0","2","2"
"分别掌管一","0","2","2"
"别掌管一个","0","2","2"
"掌管一个季","0","2","2"
"管一个季节","0","2","2"
"不合时令节","0","2","2"
"合时令节气","0","2","2"
"是天下人的","0","2","2"
"该做的事情","0","2","2"
"十分看重他","0","2","2"
"犯罪被削爵","0","2","2"
"到郡邸监狱","0","2","2"
"皇曾孙无辜","0","2","2"
"养育皇曾孙","0","2","2"
"于是漠武帝","0","2","2"
"是漠武帝就","0","2","2"
"漠武帝就派","0","2","2"
"武帝就派使","0","2","2"
"帝就派使者","0","2","2"
"关在郡邸狱","0","2","2"
"并把自己的","0","2","2"
"了车骑将军","0","2","2"
"立为皇帝的","0","2","2"
"为皇帝的人","0","2","2"
"人没有不称","0","2","2"
"让他居住在","0","2","2"
"的一个名叫","0","2","2"
"个名叫则的","0","2","2"
"名叫则的婢","0","2","2"
"叫则的婢女","0","2","2"
"皇帝把奏章","0","2","2"
"的使者丙吉","0","2","2"
"不受到报答","0","2","2"
"会延及子孙","0","2","2"
"述说自己不","0","2","2"
"在丞相车上","0","2","2"
"胡虏所入侵","0","2","2"
"虏所入侵的","0","2","2"
"所入侵的边","0","2","2"
"入侵的边郡","0","2","2"
"皇帝下韶召","0","2","2"
"他们的政绩","0","2","2"
"您不幸死了","0","2","2"
"他的儿子丙","0","2","2"
"的儿子丙显","0","2","2"
"做水衡都尉","0","2","2"
"帝以皇曾孙","0","2","2"
"仁义之心不","0","2","2"
"认为应该恢","0","2","2"
"为应该恢复","0","2","2"
"孝宣皇帝有","0","2","2"
"在成帝鸿嘉","0","2","2"
"给丞相和御","0","2","2"
"臣好比是人","0","2","2"
"通晓经术而","0","2","2"
"自己竖了起","0","2","2"
"己竖了起来","0","2","2"
"征求贤能的","0","2","2"
"兄弟之子夏","0","2","2"
"弟之子夏侯","0","2","2"
"夏侯胜做学","0","2","2"
"侯胜做学问","0","2","2"
"有一次夏侯","0","2","2"
"一次夏侯胜","0","2","2"
"有臣下图谋","0","2","2"
"臣下图谋皇","0","2","2"
"下图谋皇帝","0","2","2"
"图谋皇帝的","0","2","2"
"谋皇帝的事","0","2","2"
"皇帝的事发","0","2","2"
"帝的事发生","0","2","2"
"把这件事报","0","2","2"
"和车骑将军","0","2","2"
"夏侯胜回答","0","2","2"
"被赐予关内","0","2","2"
"丞相御史说","0","2","2"
"灭亡的诸侯","0","2","2"
"我实在为此","0","2","2"
"大臣和百姓","0","2","2"
"人吃人的惨","0","2","2"
"吃人的惨剧","0","2","2"
"夏侯胜学习","0","2","2"
"谏大夫给事","0","2","2"
"有畏惧之心","0","2","2"
"升任太子太","0","2","2"
"做了豫章太","0","2","2"
"了豫章太守","0","2","2"
"这是不可以","0","2","2"
"不可以实行","0","2","2"
"任用他们的","0","2","2"
"用他们的呢","0","2","2"
"贤能的人才","0","2","2"
"知道他们不","0","2","2"
"王为什么不","0","2","2"
"任用他们为","0","2","2"
"下情不能上","0","2","2"
"情不能上达","0","2","2"
"坐着驿传的","0","2","2"
"着驿传的马","0","2","2"
"驿传的马车","0","2","2"
"认为陛下您","0","2","2"
"上了一封密","0","2","2"
"看不见星的","0","2","2"
"不见星的灾","0","2","2"
"见星的灾异","0","2","2"
"希望陛下不","0","2","2"
"望陛下不要","0","2","2"
"可以被欺骗","0","2","2"
"的舅舅张博","0","2","2"
"王是皇上的","0","2","2"
"皇上的亲弟","0","2","2"
"上的亲弟弟","0","2","2"
"恐怕不可以","0","2","2"
"他们都已很","0","2","2"
"京房所说的","0","2","2"
"房所说的各","0","2","2"
"为淮阳王作","0","2","2"
"官成为平民","0","2","2"
"是宣帝的外","0","2","2"
"宣帝的外戚","0","2","2"
"我从老师那","0","2","2"
"一定要等待","0","2","2"
"因此为王的","0","2","2"
"如今陛下圣","0","2","2"
"今陛下圣明","0","2","2"
"翼奉回答说","0","2","2"
"那么朝见的","0","2","2"
"么朝见的人","0","2","2"
"朝见的人是","0","2","2"
"右的人是邪","0","2","2"
"的人去朝见","0","2","2"
"即使侍奉皇","0","2","2"
"使侍奉皇帝","0","2","2"
"知道侍奉皇","0","2","2"
"道侍奉皇帝","0","2","2"
"被接见的人","0","2","2"
"发生了饥荒","0","2","2"
"第二年二月","0","2","2"
"二月戊午那","0","2","2"
"月戊午那天","0","2","2"
"发生大地震","0","2","2"
"不要有所顾","0","2","2"
"要有所顾忌","0","2","2"
"贤能的人看","0","2","2"
"大道不能通","0","2","2"
"不急需的费","0","2","2"
"急需的费用","0","2","2"
"出自己的过","0","2","2"
"的变化表现","0","2","2"
"变化表现在","0","2","2"
"之所以这样","0","2","2"
"就会表现在","0","2","2"
"一定有与皇","0","2","2"
"定有与皇帝","0","2","2"
"同姓的大臣","0","2","2"
"姓的大臣表","0","2","2"
"的大臣表示","0","2","2"
"天下大治的","0","2","2"
"太后和皇后","0","2","2"
"超过制度的","0","2","2"
"阴到了极点","0","2","2"
"到了极点就","0","2","2"
"第二年夏天","0","2","2"
"四月乙未这","0","2","2"
"月乙未这天","0","2","2"
"如果不改变","0","2","2"
"望陛下迁都","0","2","2"
"方圆百里的","0","2","2"
"里的地方有","0","2","2"
"一年的积蓄","0","2","2"
"我听说三代","0","2","2"
"用武力征伐","0","2","2"
"成王那样的","0","2","2"
"加上疾病瘟","0","2","2"
"上疾病瘟疫","0","2","2"
"能改变天下","0","2","2"
"于是听从了","0","2","2"
"的舅舅曲阳","0","2","2"
"舅舅曲阳侯","0","2","2"
"成就功名的","0","2","2"
"有九人封侯","0","2","2"
"自然的道理","0","2","2"
"卑贱的臣子","0","2","2"
"如发生上述","0","2","2"
"发生上述异","0","2","2"
"生上述异象","0","2","2"
"我不知道朝","0","2","2"
"王者的号令","0","2","2"
"是因为陛下","0","2","2"
"仍然不能使","0","2","2"
"时候到了该","0","2","2"
"为老百姓的","0","2","2"
"不称职的官","0","2","2"
"的人都没有","0","2","2"
"知道朝廷的","0","2","2"
"的人都可以","0","2","2"
"让陛下继承","0","2","2"
"是贤人君子","0","2","2"
"尊奉傅太后","0","2","2"
"应当重新受","0","2","2"
"当重新受命","0","2","2"
"不可以施行","0","2","2"
"贺良等人都","0","2","2"
"下诏给丞相","0","2","2"
"一百二十度","0","2","2"
"认为不能允","0","2","2"
"为不能允许","0","2","2"
"等人上奏说","0","2","2"
"不知道天命","0","2","2"
"皇上因为他","0","2","2"
"良等人交给","0","2","2"
"听了他们的","0","2","2"
"圣人的制度","0","2","2"
"孝武帝时有","0","2","2"
"涿郡蠡吾县","0","2","2"
"郡蠡吾县人","0","2","2"
"被推举为茂","0","2","2"
"推举为茂材","0","2","2"
"官府和民间","0","2","2"
"使他们互相","0","2","2"
"他们的能力","0","2","2"
"为人精明强","0","2","2"
"没有谁能赶","0","2","2"
"有谁能赶得","0","2","2"
"谁能赶得上","0","2","2"
"郡中的盗贼","0","2","2"
"的人没有谁","0","2","2"
"人没有谁能","0","2","2"
"女儿是皇后","0","2","2"
"告发这件事","0","2","2"
"想要告发他","0","2","2"
"望之上奏弹","0","2","2"
"之上奏弹劾","0","2","2"
"他做京兆尹","0","2","2"
"这时大将军","0","2","2"
"犯法作乱的","0","2","2"
"统管汾水之","0","2","2"
"他被任命为","0","2","2"
"郡中官吏和","0","2","2"
"中官吏和百","0","2","2"
"安抚百姓罢","0","2","2"
"抚百姓罢了","0","2","2"
"儿子都做了","0","2","2"
"做了谏大夫","0","2","2"
"治政很有名","0","2","2"
"政很有名声","0","2","2"
"和百姓都很","0","2","2"
"百姓也没有","0","2","2"
"手下的官吏","0","2","2"
"延寿听说了","0","2","2"
"的赋税徭役","0","2","2"
"一个骑马的","0","2","2"
"骑马的吏卒","0","2","2"
"延寿在东郡","0","2","2"
"各县都有贤","0","2","2"
"县都有贤明","0","2","2"
"都有贤明的","0","2","2"
"有贤明的长","0","2","2"
"贤明的长吏","0","2","2"
"衹是增加了","0","2","2"
"和百姓都不","0","2","2"
"被拷打讯问","0","2","2"
"不忍心拒绝","0","2","2"
"至光禄大夫","0","2","2"
"认为他很不","0","2","2"
"为他很不寻","0","2","2"
"他很不寻常","0","2","2"
"张敞上书劝","0","2","2"
"敞上书劝谏","0","2","2"
"邑王刘贺被","0","2","2"
"皇上心中忌","0","2","2"
"上心中忌惮","0","2","2"
"心中忌惮他","0","2","2"
"任山阳太守","0","2","2"
"的孙子霍山","0","2","2"
"霍云都为列","0","2","2"
"云都为列侯","0","2","2"
"张敞听说了","0","2","2"
"报答他的功","0","2","2"
"已经足够了","0","2","2"
"有什么忧虑","0","2","2"
"请求让自己","0","2","2"
"追捕盗贼有","0","2","2"
"捕盗贼有功","0","2","2"
"子批准了这","0","2","2"
"的有数十人","0","2","2"
"任颖川太守","0","2","2"
"他治理京兆","0","2","2"
"大逆罪被诛","0","2","2"
"已经很多了","0","2","2"
"免他为庶人","0","2","2"
"遇了几个月","0","2","2"
"报警的鼓声","0","2","2"
"有奏章弹劾","0","2","2"
"法律诛杀了","0","2","2"
"捕杀了他们","0","2","2"
"任太原太守","0","2","2"
"有能力的官","0","2","2"
"能力的官吏","0","2","2"
"任命为梁的","0","2","2"
"张敞的孙子","0","2","2"
"敞的孙子张","0","2","2"
"的孙子张竦","0","2","2"
"在太守府供","0","2","2"
"主管监狱囚","0","2","2"
"管监狱囚事","0","2","2"
"建议对国家","0","2","2"
"议对国家有","0","2","2"
"姓的父母官","0","2","2"
"地对待自己","0","2","2"
"不忍心看见","0","2","2"
"扬先帝任用","0","2","2"
"有失大臣的","0","2","2"
"一年多也没","0","2","2"
"试任京辅都","0","2","2"
"兆尹的事务","0","2","2"
"御史大夫在","0","2","2"
"之中没有谁","0","2","2"
"受到了惩罚","0","2","2"
"追究这件事","0","2","2"
"达给公卿大","0","2","2"
"公卿大夫博","0","2","2"
"卿大夫博士","0","2","2"
"大夫博士议","0","2","2"
"夫博士议郎","0","2","2"
"黄河水暴涨","0","2","2"
"于是韶令御","0","2","2"
"是韶令御史","0","2","2"
"军王凤辅佐","0","2","2"
"王凤辅佐政","0","2","2"
"凤辅佐政事","0","2","2"
"择忠诚贤能","0","2","2"
"忠诚贤能的","0","2","2"
"王章的建议","0","2","2"
"在长安学习","0","2","2"
"躺在牛衣中","0","2","2"
"有谁能超过","0","2","2"
"做了京兆尹","0","2","2"
"子和孩子都","0","2","2"
"成都侯商又","0","2","2"
"为泰山太守","0","2","2"
"而担任了郡","0","2","2"
"根据制度到","0","2","2"
"俸禄为中二","0","2","2"
"禄为中二千","0","2","2"
"反映情况的","0","2","2"
"皇上的大恩","0","2","2"
"递上密封的","0","2","2"
"以天下为公","0","2","2"
"居住不求安","0","2","2"
"住不求安逸","0","2","2"
"诸葛丰担任","0","2","2"
"戚的身份而","0","2","2"
"诸葛丰上书","0","2","2"
"担任司隶校","0","2","2"
"位尊贵责任","0","2","2"
"尊贵责任重","0","2","2"
"贵责任重大","0","2","2"
"我常常希望","0","2","2"
"常常希望能","0","2","2"
"平民身份的","0","2","2"
"直之士的道","0","2","2"
"之士的道路","0","2","2"
"担任城门校","0","2","2"
"任城门校尉","0","2","2"
"不遵循法制","0","2","2"
"我不忍心把","0","2","2"
"不忍心把他","0","2","2"
"因而获得了","0","2","2"
"的人不能让","0","2","2"
"人不能让他","0","2","2"
"与皇上同姓","0","2","2"
"皇上派侍御","0","2","2"
"上派侍御史","0","2","2"
"秘密监狱裹","0","2","2"
"地听取意见","0","2","2"
"忠直之士的","0","2","2"
"阿谀奉承的","0","2","2"
"让大家都知","0","2","2"
"大家都知道","0","2","2"
"忠诚正直之","0","2","2"
"所犯的罪恶","0","2","2"
"帝提拔他担","0","2","2"
"母傅太后的","0","2","2"
"傅太后的堂","0","2","2"
"是皇后的父","0","2","2"
"一直到长大","0","2","2"
"太太后的父","0","2","2"
"的父亲为崇","0","2","2"
"父亲为崇祖","0","2","2"
"亲为崇祖侯","0","2","2"
"感到很惭愧","0","2","2"
"侯的封号改","0","2","2"
"封号改为汝","0","2","2"
"皇上的近臣","0","2","2"
"广汉郡太守","0","2","2"
"是大司马车","0","2","2"
"狡猾不讲道","0","2","2"
"猾不讲道义","0","2","2"
"关进监狱而","0","2","2"
"进监狱而死","0","2","2"
"阳侯王根为","0","2","2"
"侯王根为大","0","2","2"
"王根为大司","0","2","2"
"根为大司马","0","2","2"
"益州的蛮夷","0","2","2"
"赐给他黄金","0","2","2"
"和百姓都称","0","2","2"
"为人刚强正","0","2","2"
"人刚强正直","0","2","2"
"任京兆尹三","0","2","2"
"京兆尹三年","0","2","2"
"山孝王的母","0","2","2"
"王的母亲冯","0","2","2"
"的母亲冯太","0","2","2"
"母亲冯太后","0","2","2"
"亲冯太后一","0","2","2"
"冯太后一同","0","2","2"
"太后一同侍","0","2","2"
"后一同侍奉","0","2","2"
"一同侍奉元","0","2","2"
"同侍奉元帝","0","2","2"
"把他关进监","0","2","2"
"他关进监狱","0","2","2"
"上的行人都","0","2","2"
"下令给丞相","0","2","2"
"免职为平民","0","2","2"
"去迎接中山","0","2","2"
"称颂王莽的","0","2","2"
"颂王莽的功","0","2","2"
"束海兰陵人","0","2","2"
"将军王音在","0","2","2"
"掌管尚书事","0","2","2"
"上奏请求让","0","2","2"
"当上了京兆","0","2","2"
"上了京兆尹","0","2","2"
"毋将隆上奏","0","2","2"
"天下公用的","0","2","2"
"位卑贱的女","0","2","2"
"于地位卑贱","0","2","2"
"在全国的中","0","2","2"
"任河内太守","0","2","2"
"他们都被免","0","2","2"
"们都被免了","0","2","2"
"官吏的身份","0","2","2"
"知道这些情","0","2","2"
"道这些情况","0","2","2"
"人们议论纷","0","2","2"
"们议论纷纷","0","2","2"
"为邛成太后","0","2","2"
"着官吏们的","0","2","2"
"官吏们的短","0","2","2"
"吏们的短处","0","2","2"
"裹横行霸道","0","2","2"
"不是辜负了","0","2","2"
"把他抓起来","0","2","2"
"来迁徙到杜","0","2","2"
"迁徙到杜陵","0","2","2"
"听说这个情","0","2","2"
"说这个情况","0","2","2"
"功勋和德行","0","2","2"
"佐年幼的皇","0","2","2"
"任用萧望之","0","2","2"
"向皇帝汇报","0","2","2"
"自己的责任","0","2","2"
"宣帝就任命","0","2","2"
"交给萧望之","0","2","2"
"处理政务的","0","2","2"
"事情交给有","0","2","2"
"坚守正义的","0","2","2"
"逐利益的欲","0","2","2"
"利益的欲望","0","2","2"
"却能让他们","0","2","2"
"能让他们的","0","2","2"
"他们的逐利","0","2","2"
"们的逐利之","0","2","2"
"的逐利之欲","0","2","2"
"他们的守义","0","2","2"
"们的守义之","0","2","2"
"的守义之心","0","2","2"
"恐怕也不能","0","2","2"
"在朝廷做官","0","2","2"
"一般的原则","0","2","2"
"人可以和他","0","2","2"
"可以和他一","0","2","2"
"以和他一起","0","2","2"
"官吏和民众","0","2","2"
"裹的人都称","0","2","2"
"汉朝的外孙","0","2","2"
"朝的外孙元","0","2","2"
"的外孙元贵","0","2","2"
"诏让公卿商","0","2","2"
"让公卿商议","0","2","2"
"元贵靡为王","0","2","2"
"乌孙首鼠两","0","2","2"
"孙首鼠两端","0","2","2"
"公主在乌孙","0","2","2"
"主在乌孙四","0","2","2"
"在乌孙四十","0","2","2"
"是汉朝的大","0","2","2"
"帝听从了他","0","2","2"
"萧望之应对","0","2","2"
"望之应对说","0","2","2"
"率领军队回","0","2","2"
"单于仰慕我","0","2","2"
"老百姓生活","0","2","2"
"低下不称职","0","2","2"
"皇帝认为萧","0","2","2"
"帝认为萧望","0","2","2"
"认为萧望之","0","2","2"
"为萧望之的","0","2","2"
"相同的礼节","0","2","2"
"为他的妻子","0","2","2"
"派遣的使者","0","2","2"
"把原来的印","0","2","2"
"印绶交给使","0","2","2"
"绶交给使者","0","2","2"
"明帝王的制","0","2","2"
"接见他的礼","0","2","2"
"见他的礼仪","0","2","2"
"诸侯王一样","0","2","2"
"的礼节相待","0","2","2"
"托付后事的","0","2","2"
"史高为大司","0","2","2"
"高为大司马","0","2","2"
"以师傅的身","0","2","2"
"帝在后宫游","0","2","2"
"把奏章交给","0","2","2"
"皇帝刚刚继","0","2","2"
"拿这件事责","0","2","2"
"这件事责备","0","2","2"
"军萧望之教","0","2","2"
"做了黄门郎","0","2","2"
"望之的儿子","0","2","2"
"萧望之从前","0","2","2"
"指使儿子上","0","2","2"
"使儿子上书","0","2","2"
"仰天长叹说","0","2","2"
"部门请求废","0","2","2"
"任出使匈奴","0","2","2"
"皇帝下诏将","0","2","2"
"帝下诏将他","0","2","2"
"京任大鸿胪","0","2","2"
"担心这件事","0","2","2"
"增加俸禄和","0","2","2"
"加俸禄和赏","0","2","2"
"任越骑校尉","0","2","2"
"为江夏太守","0","2","2"
"明堂和辟雍","0","2","2"
"任中散大夫","0","2","2"
"在官任上去","0","2","2"
"官任上去世","0","2","2"
"到武帝末年","0","2","2"
"有攻击匈奴","0","2","2"
"冯奉世以卫","0","2","2"
"奉世以卫候","0","2","2"
"世以卫候的","0","2","2"
"以卫候的身","0","2","2"
"卫候的身份","0","2","2"
"发兵攻打车","0","2","2"
"兵攻打车师","0","2","2"
"盟背叛汉朝","0","2","2"
"了他们的军","0","2","2"
"他们的军队","0","2","2"
"共一万五千","0","2","2"
"都平定下来","0","2","2"
"封赏冯奉世","0","2","2"
"认为冯奉世","0","2","2"
"冯奉世任执","0","2","2"
"奉世任执金","0","2","2"
"世任执金吾","0","2","2"
"我愿意率领","0","2","2"
"都尉韩昌为","0","2","2"
"才足以解决","0","2","2"
"为奋武将军","0","2","2"
"杀害官吏百","0","2","2"
"不明的缘故","0","2","2"
"说羌族贼兵","0","2","2"
"有什么疑虑","0","2","2"
"羌族贼兵被","0","2","2"
"冯奉世回到","0","2","2"
"郅支单于被","0","2","2"
"以前的功劳","0","2","2"
"杀害汉朝使","0","2","2"
"害汉朝使者","0","2","2"
"冯奉世作为","0","2","2"
"奉世作为使","0","2","2"
"郅支单于杀","0","2","2"
"皇帝认为这","0","2","2"
"帝认为这是","0","2","2"
"功劳次序补","0","2","2"
"劳次序补任","0","2","2"
"官就病死了","0","2","2"
"上书希望能","0","2","2"
"自杀来证明","0","2","2"
"推荐冯野王","0","2","2"
"昭仪的哥哥","0","2","2"
"时很有名望","0","2","2"
"另外赏赐黄","0","2","2"
"外赏赐黄金","0","2","2"
"国家的栋梁","0","2","2"
"能辅佐朝政","0","2","2"
"当时成帝的","0","2","2"
"侯王凤任大","0","2","2"
"次发生灾异","0","2","2"
"事情记录在","0","2","2"
"石级的官吏","0","2","2"
"光禄勋于永","0","2","2"
"十多岁时去","0","2","2"
"多岁时去世","0","2","2"
"亲的关系任","0","2","2"
"舅冯参为宜","0","2","2"
"的地位最为","0","2","2"
"是同母所生","0","2","2"
"宣帝的宠爱","0","2","2"
"就改变主意","0","2","2"
"宣帝很喜欢","0","2","2"
"帝很喜欢他","0","2","2"
"健仔为皇后","0","2","2"
"经学和品行","0","2","2"
"们推荐给朝","0","2","2"
"给张博回信","0","2","2"
"五百斤黄金","0","2","2"
"部门上奏请","0","2","2"
"门上奏请求","0","2","2"
"请求逮捕刘","0","2","2"
"派谏大夫王","0","2","2"
"舅张博多次","0","2","2"
"张博多次给","0","2","2"
"博多次给您","0","2","2"
"多次给您书","0","2","2"
"次给您书信","0","2","2"
"经常给他金","0","2","2"
"常给他金钱","0","2","2"
"淮阳王刘钦","0","2","2"
"王在位三十","0","2","2"
"到王莽时断","0","2","2"
"间的生命人","0","2","2"
"样的人也会","0","2","2"
"三百户食邑","0","2","2"
"封刘婴为定","0","2","2"
"刘婴为定安","0","2","2"
"婴为定安公","0","2","2"
"因为他是最","0","2","2"
"为他是最亲","0","2","2"
"他是最亲近","0","2","2"
"的师傅和国","0","2","2"
"师傅和国相","0","2","2"
"恩情没有比","0","2","2"
"正当血气方","0","2","2"
"当血气方刚","0","2","2"
"就在其中了","0","2","2"
"难道可以忽","0","2","2"
"道可以忽略","0","2","2"
"可以忽略吗","0","2","2"
"不可以抛弃","0","2","2"
"向大将军王","0","2","2"
"听从王凤的","0","2","2"
"瓠山的石头","0","2","2"
"刘云和王后","0","2","2"
"云和王后谒","0","2","2"
"得到宠幸的","0","2","2"
"思王的孙子","0","2","2"
"刘信的儿子","0","2","2"
"定陶共王的","0","2","2"
"皇帝因为太","0","2","2"
"子刘景为定","0","2","2"
"共王为共皇","0","2","2"
"灭亡的教训","0","2","2"
"的儿子刘成","0","2","2"
"儿子刘成都","0","2","2"
"孝元皇帝的","0","2","2"
"匡衡精通经","0","2","2"
"远离京师的","0","2","2"
"离京师的地","0","2","2"
"京师的地方","0","2","2"
"师的地方作","0","2","2"
"的地方作官","0","2","2"
"陵侯史高以","0","2","2"
"侯史高以外","0","2","2"
"史高以外戚","0","2","2"
"众人的议论","0","2","2"
"任命匡衡为","0","2","2"
"严厉的刑法","0","2","2"
"象就会出现","0","2","2"
"来保全我的","0","2","2"
"归附自己的","0","2","2"
"不称职的缘","0","2","2"
"称职的缘故","0","2","2"
"听了他的话","0","2","2"
"匡衡为光禄","0","2","2"
"论政事的人","0","2","2"
"自以为自己","0","2","2"
"以为自己所","0","2","2"
"称皇上的心","0","2","2"
"和他的儿子","0","2","2"
"儿子定陶王","0","2","2"
"弘扬先王的","0","2","2"
"王的治国之","0","2","2"
"成就他的功","0","2","2"
"不能够推行","0","2","2"
"希望陛下详","0","2","2"
"望陛下详察","0","2","2"
"能够调理好","0","2","2"
"调理好百姓","0","2","2"
"理好百姓万","0","2","2"
"好百姓万物","0","2","2"
"百姓万物的","0","2","2"
"姓万物的情","0","2","2"
"万物的情性","0","2","2"
"和善良的人","0","2","2"
"明人伦之道","0","2","2"
"的人反而被","0","2","2"
"损害国家的","0","2","2"
"国家就可以","0","2","2"
"它们的意义","0","2","2"
"臣又听说圣","0","2","2"
"成帝初即位","0","2","2"
"与御史大夫","0","2","2"
"上奏弹劾石","0","2","2"
"奏弹劾石显","0","2","2"
"及他的党羽","0","2","2"
"担任三公的","0","2","2"
"匡衡的儿子","0","2","2"
"衡的儿子匡","0","2","2"
"上奏弹劾匡","0","2","2"
"奏弹劾匡衡","0","2","2"
"重新统计田","0","2","2"
"新统计田亩","0","2","2"
"封地边界的","0","2","2"
"地边界的事","0","2","2"
"边界的事情","0","2","2"
"他的下属官","0","2","2"
"的下属官员","0","2","2"
"的统计数目","0","2","2"
"舅舅阳平侯","0","2","2"
"感到很不安","0","2","2"
"请求辞职回","0","2","2"
"违背我的心","0","2","2"
"背我的心意","0","2","2"
"王商任丞相","0","2","2"
"的身份参加","0","2","2"
"身份参加朝","0","2","2"
"任弘农太守","0","2","2"
"的小儿子为","0","2","2"
"金钱和丝帛","0","2","2"
"的儿子孔放","0","2","2"
"老师的儿子","0","2","2"
"母傅太后暗","0","2","2"
"傅太后暗地","0","2","2"
"太后暗地裹","0","2","2"
"暗地裹为定","0","2","2"
"地裹为定陶","0","2","2"
"为定陶王谋","0","2","2"
"定陶王谋求","0","2","2"
"王是先帝的","0","2","2"
"因为议论不","0","2","2"
"制订法律制","0","2","2"
"没有被发觉","0","2","2"
"等到淳于长","0","2","2"
"大逆不道罪","0","2","2"
"是他的妻子","0","2","2"
"以此来警戒","0","2","2"
"夫妻之间的","0","2","2"
"淳于长的妻","0","2","2"
"罢免为庶人","0","2","2"
"将军的官职","0","2","2"
"后将军的官","0","2","2"
"将军的官位","0","2","2"
"哀帝初即位","0","2","2"
"封邑一千户","0","2","2"
"帝的母亲太","0","2","2"
"皇帝的住处","0","2","2"
"为定陶太后","0","2","2"
"正直的原则","0","2","2"
"司空师丹上","0","2","2"
"空师丹上奏","0","2","2"
"驸马都尉傅","0","2","2"
"马都尉傅迁","0","2","2"
"是国家的祸","0","2","2"
"我们请求皇","0","2","2"
"担任大司空","0","2","2"
"五星运行失","0","2","2"
"了辅助君主","0","2","2"
"辅助君主的","0","2","2"
"良好的计谋","0","2","2"
"没有听到你","0","2","2"
"忧国忧民的","0","2","2"
"代替孔光担","0","2","2"
"现象多次出","0","2","2"
"象多次出现","0","2","2"
"从上天的告","0","2","2"
"可以担任尚","0","2","2"
"以担任尚书","0","2","2"
"我私下看到","0","2","2"
"孔光担任大","0","2","2"
"御史大夫买","0","2","2"
"史大夫买延","0","2","2"
"免去傅嘉的","0","2","2"
"去傅嘉的官","0","2","2"
"傅嘉的官职","0","2","2"
"委托给王莽","0","2","2"
"按礼节接待","0","2","2"
"颂扬王莽的","0","2","2"
"扬王莽的功","0","2","2"
"看到这种情","0","2","2"
"到这种情形","0","2","2"
"篡夺皇位后","0","2","2"
"任青州刺史","0","2","2"
"孔光担任太","0","2","2"
"光担任太师","0","2","2"
"的人的罪名","0","2","2"
"大司徒扶德","0","2","2"
"司徒扶德侯","0","2","2"
"卑贱者不能","0","2","2"
"再担任官职","0","2","2"
"给有司处理","0","2","2"
"任宰相职务","0","2","2"
"后来迁居杜","0","2","2"
"来迁居杜陵","0","2","2"
"帝的外戚而","0","2","2"
"王凤独揽大","0","2","2"
"凤独揽大权","0","2","2"
"召集公卿大","0","2","2"
"集公卿大臣","0","2","2"
"公卿大臣商","0","2","2"
"卿大臣商议","0","2","2"
"让官吏百姓","0","2","2"
"屡次称赞他","0","2","2"
"次称赞他的","0","2","2"
"坐在未央宫","0","2","2"
"上奏书揭发","0","2","2"
"奏书揭发王","0","2","2"
"书揭发王商","0","2","2"
"王凤固执地","0","2","2"
"凤固执地争","0","2","2"
"先前皇太后","0","2","2"
"想要把她纳","0","2","2"
"要把她纳入","0","2","2"
"把她纳入后","0","2","2"
"心裹也认为","0","2","2"
"大夫蜀郡人","0","2","2"
"夫蜀郡人张","0","2","2"
"蜀郡人张匡","0","2","2"
"献上奏书说","0","2","2"
"将军史丹等","0","2","2"
"军史丹等人","0","2","2"
"怀疑是王商","0","2","2"
"疑是王商教","0","2","2"
"是王商教唆","0","2","2"
"上奏书告发","0","2","2"
"是左将军史","0","2","2"
"邪门旁道来","0","2","2"
"道来扰乱朝","0","2","2"
"来扰乱朝政","0","2","2"
"孝文帝时有","0","2","2"
"让他回到封","0","2","2"
"损害皇上的","0","2","2"
"认为圣明的","0","2","2"
"臣子不忠实","0","2","2"
"杀死了她的","0","2","2"
"有人告发王","0","2","2"
"已故的父王","0","2","2"
"的亲属关系","0","2","2"
"送到法官那","0","2","2"
"继承爵位为","0","2","2"
"附自己的人","0","2","2"
"宣帝的父亲","0","2","2"
"帝登上皇位","0","2","2"
"由于是外家","0","2","2"
"于是外家亲","0","2","2"
"是外家亲属","0","2","2"
"的大司马霍","0","2","2"
"四马所拉的","0","2","2"
"马所拉的安","0","2","2"
"所拉的安车","0","2","2"
"太子的时候","0","2","2"
"被任命为中","0","2","2"
"亲近信任他","0","2","2"
"为他的话是","0","2","2"
"他的话是对","0","2","2"
"是这一类的","0","2","2"
"愚昧的臣下","0","2","2"
"于是接受了","0","2","2"
"辅佐引导太","0","2","2"
"佐引导太子","0","2","2"
"成帝刚刚登","0","2","2"
"予关内侯的","0","2","2"
"一千一百户","0","2","2"
"被褒扬奖赏","0","2","2"
"交上将军的","0","2","2"
"上将军的印","0","2","2"
"将军的印信","0","2","2"
"了侍中诸曹","0","2","2"
"共有四个人","0","2","2"
"有四个人封","0","2","2"
"四个人封侯","0","2","2"
"了王莽时期","0","2","2"
"哀帝刚刚登","0","2","2"
"刚刚登上帝","0","2","2"
"刚登上帝位","0","2","2"
"王莽任大司","0","2","2"
"莽任大司马","0","2","2"
"的舅舅阳安","0","2","2"
"舅舅阳安侯","0","2","2"
"外家亲属而","0","2","2"
"家亲属而受","0","2","2"
"亲属而受封","0","2","2"
"封为高武侯","0","2","2"
"太后想要求","0","2","2"
"后想要求取","0","2","2"
"太后的称号","0","2","2"
"司空师丹一","0","2","2"
"上大司马的","0","2","2"
"原来的大司","0","2","2"
"以奉朝请的","0","2","2"
"奉朝请的名","0","2","2"
"朝请的名义","0","2","2"
"请的名义参","0","2","2"
"的名义参加","0","2","2"
"名义参加朝","0","2","2"
"义参加朝会","0","2","2"
"太后有亲属","0","2","2"
"后有亲属关","0","2","2"
"居特进之位","0","2","2"
"莽败亡后就","0","2","2"
"败亡后就断","0","2","2"
"亡后就断绝","0","2","2"
"后就断绝了","0","2","2"
"我的两个儿","0","2","2"
"举荐他做了","0","2","2"
"道德最为高","0","2","2"
"德最为高尚","0","2","2"
"阴阳没有调","0","2","2"
"阳没有调和","0","2","2"
"刑赏与教化","0","2","2"
"规定的职责","0","2","2"
"官吏百姓的","0","2","2"
"社会的道德","0","2","2"
"会的道德规","0","2","2"
"为陈留太守","0","2","2"
"梁阳令谢游","0","2","2"
"要派遣官员","0","2","2"
"的事情没有","0","2","2"
"就移送文书","0","2","2"
"揭发检举的","0","2","2"
"所任官之处","0","2","2"
"洁的官吏狱","0","2","2"
"的官吏狱掾","0","2","2"
"官吏狱掾王","0","2","2"
"明自己的清","0","2","2"
"自己的清白","0","2","2"
"现在已经很","0","2","2"
"在已经很久","0","2","2"
"识别人的贤","0","2","2"
"别人的贤愚","0","2","2"
"各自的职位","0","2","2"
"选到合适的","0","2","2"
"薛宣任丞相","0","2","2"
"不能称为贤","0","2","2"
"皇上就任命","0","2","2"
"令来处理事","0","2","2"
"异屡次出现","0","2","2"
"的官吏相互","0","2","2"
"作天下的表","0","2","2"
"替代他当了","0","2","2"
"次封为列侯","0","2","2"
"判处完刑和","0","2","2"
"处完刑和城","0","2","2"
"完刑和城旦","0","2","2"
"刑和城旦的","0","2","2"
"和城旦的刑","0","2","2"
"刑罚不适中","0","2","2"
"百姓就不知","0","2","2"
"询问公卿大","0","2","2"
"的意见是对","0","2","2"
"意见是对的","0","2","2"
"有能力做到","0","2","2"
"回原来的郡","0","2","2"
"郡裹的人都","0","2","2"
"了他所犯的","0","2","2"
"任冀州刺史","0","2","2"
"自行投诉的","0","2","2"
"行投诉的人","0","2","2"
"三尺法律条","0","2","2"
"的盗贼以及","0","2","2"
"盗贼以及其","0","2","2"
"贼以及其他","0","2","2"
"又高兴又害","0","2","2"
"高兴又害怕","0","2","2"
"不敢有所失","0","2","2"
"当了光禄大","0","2","2"
"不一定能够","0","2","2"
"明确地告诉","0","2","2"
"是有名的大","0","2","2"
"有名的大臣","0","2","2"
"设置了大司","0","2","2"
"冠以将军的","0","2","2"
"以将军的称","0","2","2"
"设置三公的","0","2","2"
"置三公的官","0","2","2"
"宰相的才能","0","2","2"
"任三公的职","0","2","2"
"应该设置三","0","2","2"
"该设置三公","0","2","2"
"任大司马骠","0","2","2"
"人大多认为","0","2","2"
"设置御史大","0","2","2"
"改为大司空","0","2","2"
"政绩突出的","0","2","2"
"在中二千石","0","2","2"
"史大夫的官","0","2","2"
"中等才能的","0","2","2"
"凭自己的力","0","2","2"
"太后的意旨","0","2","2"
"当了大司空","0","2","2"
"皇上于是罢","0","2","2"
"上于是罢免","0","2","2"
"封为阳乡侯","0","2","2"
"免去傅喜的","0","2","2"
"去傅喜的侯","0","2","2"
"傅喜的侯位","0","2","2"
"接受了太后","0","2","2"
"受了太后的","0","2","2"
"史大夫趟玄","0","2","2"
"已经答应了","0","2","2"
"到尚书那裹","0","2","2"
"命令左将军","0","2","2"
"以公事为重","0","2","2"
"押犯人的牢","0","2","2"
"犯人的牢狱","0","2","2"
"人的牢狱裹","0","2","2"
"的牢狱裹去","0","2","2"
"十四人认为","0","2","2"
"方进的才能","0","2","2"
"驰道中行车","0","2","2"
"卿以下的官","0","2","2"
"评议者认为","0","2","2"
"谒见丞相和","0","2","2"
"见丞相和御","0","2","2"
"丞相薛宣因","0","2","2"
"相薛宣因为","0","2","2"
"皇上因为方","0","2","2"
"上因为方进","0","2","2"
"适逢丞相薛","0","2","2"
"逢丞相薛宣","0","2","2"
"国家的制度","0","2","2"
"得到了这个","0","2","2"
"于是怀恨在","0","2","2"
"是怀恨在心","0","2","2"
"方进的意图","0","2","2"
"方正直言的","0","2","2"
"自己知道罪","0","2","2"
"了淳于长的","0","2","2"
"淳于长的官","0","2","2"
"有司上奏请","0","2","2"
"司上奏请求","0","2","2"
"淳于长请求","0","2","2"
"狠毒严酷暴","0","2","2"
"毒严酷暴虐","0","2","2"
"到淳于长因","0","2","2"
"淳于长因为","0","2","2"
"方进做宰相","0","2","2"
"知该怎么办","0","2","2"
"没到一个月","0","2","2"
"要仔细考虑","0","2","2"
"我既然已经","0","2","2"
"谧号为恭侯","0","2","2"
"宛的县令刘","0","2","2"
"的县令刘立","0","2","2"
"王莽暂居皇","0","2","2"
"莽暂居皇帝","0","2","2"
"居天子之位","0","2","2"
"辅佐成王的","0","2","2"
"要带领军队","0","2","2"
"翟义的军队","0","2","2"
"人数多达十","0","2","2"
"武侯孙建为","0","2","2"
"都侯王邑为","0","2","2"
"王莽又任命","0","2","2"
"还没有结束","0","2","2"
"接受了上天","0","2","2"
"如同周公的","0","2","2"
"同周公的旧","0","2","2"
"周公的旧例","0","2","2"
"明堂朝见诸","0","2","2"
"堂朝见诸侯","0","2","2"
"是孝平皇帝","0","2","2"
"孝平皇帝的","0","2","2"
"广泛地征召","0","2","2"
"泛地征召儒","0","2","2"
"正天地的位","0","2","2"
"敢不尽力完","0","2","2"
"不尽力完成","0","2","2"
"尽力完成祖","0","2","2"
"力完成祖宗","0","2","2"
"诸侯王公列","0","2","2"
"侯王公列卿","0","2","2"
"王公列卿大","0","2","2"
"公列卿大夫","0","2","2"
"列卿大夫元","0","2","2"
"卿大夫元士","0","2","2"
"大夫元士御","0","2","2"
"夫元士御事","0","2","2"
"上天帮助那","0","2","2"
"天帮助那些","0","2","2"
"于是王莽派","0","2","2"
"是王莽派遣","0","2","2"
"夫桓谭等人","0","2","2"
"桓谭等人颁","0","2","2"
"谭等人颁布","0","2","2"
"散布流言迷","0","2","2"
"布流言迷惑","0","2","2"
"翟义的父亲","0","2","2"
"王邑的弟弟","0","2","2"
"的弟弟侍中","0","2","2"
"起兵的时候","0","2","2"
"他们的棺材","0","2","2"
"推举敢于直","0","2","2"
"举敢于直言","0","2","2"
"敢于直言的","0","2","2"
"于直言的人","0","2","2"
"天帝的心意","0","2","2"
"众多吉祥的","0","2","2"
"多吉祥的征","0","2","2"
"天意难道是","0","2","2"
"亲自治理政","0","2","2"
"自治理政事","0","2","2"
"后宫的事务","0","2","2"
"明确尊卑的","0","2","2"
"后代子孙的","0","2","2"
"论功绩天下","0","2","2"
"功绩天下就","0","2","2"
"积渐深的诬","0","2","2"
"渐深的诬陷","0","2","2"
"俊杰治能之","0","2","2"
"杰治能之士","0","2","2"
"能安居乐业","0","2","2"
"明白的告诫","0","2","2"
"他们的权力","0","2","2"
"使他们不能","0","2","2"
"不能有什么","0","2","2"
"之类的叛乱","0","2","2"
"不合事理的","0","2","2"
"合事理的谬","0","2","2"
"事理的谬论","0","2","2"
"从东方升起","0","2","2"
"黄色的浊气","0","2","2"
"人将要兴起","0","2","2"
"能深察愚臣","0","2","2"
"深察愚臣我","0","2","2"
"察愚臣我的","0","2","2"
"愚臣我的话","0","2","2"
"在卑贱的人","0","2","2"
"卑贱的人中","0","2","2"
"贱的人中间","0","2","2"
"得到承继的","0","2","2"
"到承继的子","0","2","2"
"敢于直率地","0","2","2"
"的地位得以","0","2","2"
"而平阿侯王","0","2","2"
"以堂舅的身","0","2","2"
"堂舅的身份","0","2","2"
"游说王音说","0","2","2"
"都侯王商代","0","2","2"
"了大司马卫","0","2","2"
"据有国家的","0","2","2"
"有国家的人","0","2","2"
"告诫危亡的","0","2","2"
"诫危亡的话","0","2","2"
"有继嗣的福","0","2","2"
"持着干戈守","0","2","2"
"着干戈守护","0","2","2"
"灾祸异象多","0","2","2"
"祸异象多次","0","2","2"
"望陛下能够","0","2","2"
"振作精神致","0","2","2"
"作精神致力","0","2","2"
"做太中大夫","0","2","2"
"谷永要说的","0","2","2"
"永要说的话","0","2","2"
"谷永有幸得","0","2","2"
"永有幸得以","0","2","2"
"进言职责的","0","2","2"
"他们设立君","0","2","2"
"的不认为是","0","2","2"
"众多的灾祸","0","2","2"
"丧失为臣之","0","2","2"
"失为臣之礼","0","2","2"
"为臣之礼的","0","2","2"
"主可与他一","0","2","2"
"可与他一起","0","2","2"
"他一起做善","0","2","2"
"一起做善事","0","2","2"
"事而不能与","0","2","2"
"而不能与他","0","2","2"
"不能与他一","0","2","2"
"能与他一起","0","2","2"
"他一起做恶","0","2","2"
"一起做恶事","0","2","2"
"太守一年多","0","2","2"
"上奏请求免","0","2","2"
"举孝廉做了","0","2","2"
"孝廉做了郎","0","2","2"
"懊悔这件事","0","2","2"
"府一样举拔","0","2","2"
"一样举拔官","0","2","2"
"样举拔官吏","0","2","2"
"同等对待自","0","2","2"
"等对待自己","0","2","2"
"我私下裹见","0","2","2"
"皇上的祖母","0","2","2"
"傅太后堂弟","0","2","2"
"后堂弟的女","0","2","2"
"堂弟的女儿","0","2","2"
"氏封侯的有","0","2","2"
"的有三个人","0","2","2"
"后的父亲孔","0","2","2"
"的父亲孔乡","0","2","2"
"父亲孔乡侯","0","2","2"
"亲孔乡侯傅","0","2","2"
"做大司马卫","0","2","2"
"做大司马骠","0","2","2"
"谣言行筹占","0","2","2"
"这是什么话","0","2","2"
"马新都侯王","0","2","2"
"臣上奏请求","0","2","2"
"侍奉在宫中","0","2","2"
"把政权委托","0","2","2"
"政权委托给","0","2","2"
"权委托给外","0","2","2"
"委托给外戚","0","2","2"
"杨覆众等人","0","2","2"
"射策甲科做","0","2","2"
"策甲科做了","0","2","2"
"甲科做了郎","0","2","2"
"何武的弟弟","0","2","2"
"武的弟弟何","0","2","2"
"的弟弟何显","0","2","2"
"都很敬佩他","0","2","2"
"任扬州刺史","0","2","2"
"禄二千石的","0","2","2"
"石的大官吏","0","2","2"
"不遵守法令","0","2","2"
"等到何武做","0","2","2"
"做了大司农","0","2","2"
"何寿哥哥的","0","2","2"
"寿哥哥的儿","0","2","2"
"阳侯王根推","0","2","2"
"侯王根推荐","0","2","2"
"征召他做了","0","2","2"
"调任京兆尹","0","2","2"
"置三公官职","0","2","2"
"方进一同进","0","2","2"
"进一同进奏","0","2","2"
"的职位要如","0","2","2"
"职位要如同","0","2","2"
"众人的心意","0","2","2"
"收回大司马","0","2","2"
"可以做大司","0","2","2"
"以做大司马","0","2","2"
"大司马的人","0","2","2"
"年幼的皇上","0","2","2"
"王莽做了大","0","2","2"
"莽做了大司","0","2","2"
"当时大司空","0","2","2"
"死的有几百","0","2","2"
"的有几百人","0","2","2"
"他们的先人","0","2","2"
"因事获罪被","0","2","2"
"终于得到了","0","2","2"
"得到了他的","0","2","2"
"食俸二千石","0","2","2"
"又多次改变","0","2","2"
"派使者赏赐","0","2","2"
"向鬼神祈祷","0","2","2"
"鬼神祈祷诅","0","2","2"
"神祈祷诅咒","0","2","2"
"俸禄二千石","0","2","2"
"听到了这件","0","2","2"
"到了这件事","0","2","2"
"封的奏书说","0","2","2"
"接见询问公","0","2","2"
"我登上皇位","0","2","2"
"上皇位以来","0","2","2"
"有作威作福","0","2","2"
"吃精美食物","0","2","2"
"精美食物的","0","2","2"
"百姓因此虚","0","2","2"
"姓因此虚假","0","2","2"
"因此虚假邪","0","2","2"
"此虚假邪恶","0","2","2"
"内府的储藏","0","2","2"
"派使者监视","0","2","2"
"的母亲病了","0","2","2"
"无法控制自","0","2","2"
"法控制自己","0","2","2"
"人赐封爵位","0","2","2"
"天下人知道","0","2","2"
"五个二千石","0","2","2"
"个二千石官","0","2","2"
"千石官吏共","0","2","2"
"石官吏共同","0","2","2"
"以梁相等人","0","2","2"
"梁相等人都","0","2","2"
"皇上身体不","0","2","2"
"替朝廷惋惜","0","2","2"
"事情下达给","0","2","2"
"国家欺罔皇","0","2","2"
"家欺罔皇上","0","2","2"
"欺罔皇上不","0","2","2"
"罔皇上不守","0","2","2"
"皇上不守道","0","2","2"
"上不守道义","0","2","2"
"梁相等人获","0","2","2"
"相等人获罪","0","2","2"
"前后相违背","0","2","2"
"他的爵位和","0","2","2"
"最高的德行","0","2","2"
"称为太皇太","0","2","2"
"称为皇太后","0","2","2"
"定陶共王为","0","2","2"
"下达给有司","0","2","2"
"应当说的话","0","2","2"
"董宏为庶人","0","2","2"
"尊称傅太后","0","2","2"
"称傅太后为","0","2","2"
"在京师为共","0","2","2"
"都认为应该","0","2","2"
"前已经确定","0","2","2"
"按道理不应","0","2","2"
"道理不应该","0","2","2"
"是为了尊重","0","2","2"
"已经继承了","0","2","2"
"在京师修建","0","2","2"
"京师修建宗","0","2","2"
"师修建宗庙","0","2","2"
"很长时间了","0","2","2"
"以前说的话","0","2","2"
"进奏密封的","0","2","2"
"是国家重臣","0","2","2"
"申咸和炔钦","0","2","2"
"太后为皇太","0","2","2"
"为皇太太后","0","2","2"
"祈福于三神","0","2","2"
"命令右扶风","0","2","2"
"没有固定的","0","2","2"
"所以当天下","0","2","2"
"先代的士人","0","2","2"
"凤五年死去","0","2","2"
"十八岁以上","0","2","2"
"像弟子一样","0","2","2"
"弟子一样受","0","2","2"
"子一样受业","0","2","2"
"增加了一倍","0","2","2"
"起源于田何","0","2","2"
"儿子梁丘临","0","2","2"
"都做了博士","0","2","2"
"不解释章句","0","2","2"
"报告了此事","0","2","2"
"事奉欧阳高","0","2","2"
"鲍宣为司隶","0","2","2"
"做了太子少","0","2","2"
"了太子少傅","0","2","2"
"以太中大夫","0","2","2"
"身份教授太","0","2","2"
"份教授太子","0","2","2"
"没有不受感","0","2","2"
"有不受感动","0","2","2"
"不受感动的","0","2","2"
"有一千多人","0","2","2"
"的数以百计","0","2","2"
"能全部传解","0","2","2"
"至大司马车","0","2","2"
"博士身份讲","0","2","2"
"士身份讲论","0","2","2"
"皇上面前争","0","2","2"
"上面前争论","0","2","2"
"善于演习礼","0","2","2"
"于演习礼仪","0","2","2"
"儿子到孙子","0","2","2"
"在这两个人","0","2","2"
"皇上怜惜他","0","2","2"
"儿子尹咸和","0","2","2"
"子尹咸和翟","0","2","2"
"提升为光禄","0","2","2"
"五宫中郎将","0","2","2"
"民得以休养","0","2","2"
"办事清廉公","0","2","2"
"事清廉公正","0","2","2"
"庐江郡舒县","0","2","2"
"江郡舒县人","0","2","2"
"学习法律条","0","2","2"
"习法律条令","0","2","2"
"让他们担任","0","2","2"
"为他立了祠","0","2","2"
"地区的人民","0","2","2"
"胶束相王成","0","2","2"
"的官吏们也","0","2","2"
"廉洁被察知","0","2","2"
"十分信任他","0","2","2"
"杀掉了他们","0","2","2"
"皇帝诏书的","0","2","2"
"向皇帝推荐","0","2","2"
"颖川郡太守","0","2","2"
"事情的来龙","0","2","2"
"情的来龙去","0","2","2"
"所说的一样","0","2","2"
"有诏书令他","0","2","2"
"六百户的封","0","2","2"
"百户的封地","0","2","2"
"升为大司马","0","2","2"
"至卫尉九卿","0","2","2"
"做官做到郡","0","2","2"
"官做到郡守","0","2","2"
"郡守一级的","0","2","2"
"以仁爱之心","0","2","2"
"地区的官吏","0","2","2"
"官吏民众都","0","2","2"
"埋葬在桐乡","0","2","2"
"年按时祭祀","0","2","2"
"邑王刘贺继","0","2","2"
"王刘贺继承","0","2","2"
"流着眼泪对","0","2","2"
"不道的罪行","0","2","2"
"听了龚遂的","0","2","2"
"本来就是为","0","2","2"
"赏赐了黄金","0","2","2"
"所属各县把","0","2","2"
"的官吏一律","0","2","2"
"调任河南太","0","2","2"
"任河南太守","0","2","2"
"这些都不是","0","2","2"
"的身份侍奉","0","2","2"
"皇上面前说","0","2","2"
"太后听说了","0","2","2"
"后听说了这","0","2","2"
"赏赐给郅都","0","2","2"
"赐给郅都黄","0","2","2"
"给郅都黄金","0","2","2"
"郅都黄金一","0","2","2"
"都黄金一百","0","2","2"
"不能制服他","0","2","2"
"能制服他们","0","2","2"
"为济南太守","0","2","2"
"信向皇上谢","0","2","2"
"一级的官吏","0","2","2"
"以佐史身份","0","2","2"
"过了十多年","0","2","2"
"把此事告诉","0","2","2"
"的爪牙属吏","0","2","2"
"人二百多人","0","2","2"
"将他们全部","0","2","2"
"任命王温舒","0","2","2"
"命王温舒为","0","2","2"
"尸体弃于市","0","2","2"
"在张汤手下","0","2","2"
"由此一来则","0","2","2"
"郡中的豪强","0","2","2"
"没收他们家","0","2","2"
"对有权势的","0","2","2"
"权势的人家","0","2","2"
"为楼船将军","0","2","2"
"御史及中丞","0","2","2"
"官吏民众对","0","2","2"
"的哥哥田云","0","2","2"
"哥哥田云中","0","2","2"
"调任为卫尉","0","2","2"
"正遇上昭帝","0","2","2"
"都十分怨恨","0","2","2"
"了其中的一","0","2","2"
"天子的后车","0","2","2"
"打败了西羌","0","2","2"
"把他送进了","0","2","2"
"他送进了监","0","2","2"
"送进了监狱","0","2","2"
"伤害的人很","0","2","2"
"害的人很多","0","2","2"
"与严延年一","0","2","2"
"严延年一向","0","2","2"
"出现了蝗虫","0","2","2"
"被处以死刑","0","2","2"
"千里的地方","0","2","2"
"往来于长安","0","2","2"
"色弹丸的去","0","2","2"
"弹丸的去杀","0","2","2"
"丸的去杀害","0","2","2"
"长安城中有","0","2","2"
"人家的子弟","0","2","2"
"因残贼罪免","0","2","2"
"各有不同的","0","2","2"
"有不同的等","0","2","2"
"物和丝织品","0","2","2"
"这样的人家","0","2","2"
"氏的祖先是","0","2","2"
"冶炼铸造业","0","2","2"
"其中有的人","0","2","2"
"十倍的利息","0","2","2"
"各有一定的","0","2","2"
"国家的最高","0","2","2"
"解救自己的","0","2","2"
"到汉朝兴起","0","2","2"
"有随从的车","0","2","2"
"有名的豪侠","0","2","2"
"遇上了大赦","0","2","2"
"郭解姐姐的","0","2","2"
"解姐姐的儿","0","2","2"
"问其中的原","0","2","2"
"其中的原因","0","2","2"
"可以推脱的","0","2","2"
"发生在大赦","0","2","2"
"天水郡太守","0","2","2"
"槐里地方的","0","2","2"
"里地方的大","0","2","2"
"地方的大盗","0","2","2"
"方的大盗贼","0","2","2"
"从道义上说","0","2","2"
"他的儿子继","0","2","2"
"的儿子继承","0","2","2"
"承了他的爵","0","2","2"
"这些事都发","0","2","2"
"些事都发生","0","2","2"
"事都发生在","0","2","2"
"满了一百件","0","2","2"
"请求将他们","0","2","2"
"有什么过错","0","2","2"
"什么过错呢","0","2","2"
"匈奴的单于","0","2","2"
"退还了南阳","0","2","2"
"为父亲守丧","0","2","2"
"父亲守丧三","0","2","2"
"亲守丧三年","0","2","2"
"原涉的宾客","0","2","2"
"乘着几十辆","0","2","2"
"着几十辆车","0","2","2"
"原涉因此而","0","2","2"
"杀死的人很","0","2","2"
"用驿车送到","0","2","2"
"驿车送到长","0","2","2"
"中叔的儿子","0","2","2"
"以后的宠臣","0","2","2"
"文帝非常高","0","2","2"
"赏赐给邓通","0","2","2"
"让司马相如","0","2","2"
"二千石的印","0","2","2"
"千石的印绶","0","2","2"
"和皇帝一起","0","2","2"
"李延年的弟","0","2","2"
"延年的弟弟","0","2","2"
"年的弟弟李","0","2","2"
"的弟弟李季","0","2","2"
"被皇帝召见","0","2","2"
"到的赏赐以","0","2","2"
"的赏赐以及","0","2","2"
"成为他的心","0","2","2"
"是中二千石","0","2","2"
"托付给太后","0","2","2"
"付给太后和","0","2","2"
"把淳于长的","0","2","2"
"皇帝的信任","0","2","2"
"打入长定宫","0","2","2"
"后的姐姐许","0","2","2"
"的姐姐许蠊","0","2","2"
"贿赂淳于长","0","2","2"
"向皇帝请求","0","2","2"
"王根哥哥的","0","2","2"
"根哥哥的儿","0","2","2"
"长定宫的许","0","2","2"
"定宫的许皇","0","2","2"
"宫的许皇后","0","2","2"
"帝更加怀疑","0","2","2"
"的多达数十","0","2","2"
"多达数十人","0","2","2"
"昭仪及董贤","0","2","2"
"令将作大匠","0","2","2"
"将作大匠为","0","2","2"
"作大匠为董","0","2","2"
"大匠为董贤","0","2","2"
"匠为董贤在","0","2","2"
"丁明任大司","0","2","2"
"明任大司马","0","2","2"
"抵御外侮安","0","2","2"
"御外侮安定","0","2","2"
"外侮安定远","0","2","2"
"侮安定远方","0","2","2"
"有平阿侯王","0","2","2"
"哀帝为太子","0","2","2"
"公为大司马","0","2","2"
"尧让位于舜","0","2","2"
"让尚书弹劾","0","2","2"
"司徒孔光上","0","2","2"
"徒孔光上奏","0","2","2"
"自我弹劾离","0","2","2"
"听说后大怒","0","2","2"
"光武帝建武","0","2","2"
"子小的时候","0","2","2"
"人们就练习","0","2","2"
"儿子便娶后","0","2","2"
"子便娶后母","0","2","2"
"便娶后母为","0","2","2"
"到岐山之下","0","2","2"
"之后一百多","0","2","2"
"后一百多年","0","2","2"
"王朝的土地","0","2","2"
"便发兵攻打","0","2","2"
"越过句注山","0","2","2"
"以北的地方","0","2","2"
"筑城郭以自","0","2","2"
"生了两个儿","0","2","2"
"了两个儿子","0","2","2"
"修筑了长城","0","2","2"
"来抵御胡人","0","2","2"
"了一千多里","0","2","2"
"匈奴人不敢","0","2","2"
"奴人不敢侵","0","2","2"
"人不敢侵入","0","2","2"
"冒顿到月氏","0","2","2"
"冒顿率人出","0","2","2"
"顿率人出去","0","2","2"
"率人出去打","0","2","2"
"人出去打猎","0","2","2"
"呜镝射向自","0","2","2"
"镝射向自己","0","2","2"
"射向自己的","0","2","2"
"身边的人有","0","2","2"
"边的人有的","0","2","2"
"边的人都跟","0","2","2"
"的人都跟着","0","2","2"
"镝射向头曼","0","2","2"
"胡想要得到","0","2","2"
"向大臣们询","0","2","2"
"怎么能与人","0","2","2"
"么能与人家","0","2","2"
"匈奴与东胡","0","2","2"
"荒弃的土地","0","2","2"
"有的大臣说","0","2","2"
"夺了他们的","0","2","2"
"的世系传承","0","2","2"
"率领数千骑","0","2","2"
"领数千骑兵","0","2","2"
"二十四个首","0","2","2"
"十四个首领","0","2","2"
"单于的王庭","0","2","2"
"的不过十天","0","2","2"
"他们作战时","0","2","2"
"匈奴大举围","0","2","2"
"奴大举围攻","0","2","2"
"帝围困在平","0","2","2"
"有神灵保佑","0","2","2"
"去攻击他们","0","2","2"
"皇族女儿冒","0","2","2"
"族女儿冒称","0","2","2"
"女儿冒称公","0","2","2"
"儿冒称公主","0","2","2"
"冒称公主去","0","2","2"
"一定数量的","0","2","2"
"将近一万人","0","2","2"
"是孤独无依","0","2","2"
"又派使者来","0","2","2"
"朝与匈奴约","0","2","2"
"与匈奴约为","0","2","2"
"匈奴约为兄","0","2","2"
"奴约为兄弟","0","2","2"
"我们的官吏","0","2","2"
"在原来的地","0","2","2"
"奴大单于敬","0","2","2"
"大单于敬问","0","2","2"
"汉朝的边境","0","2","2"
"两国君主的","0","2","2"
"以安定边民","0","2","2"
"匈奴使者来","0","2","2"
"奴使者来到","0","2","2"
"消除以前的","0","2","2"
"爱好汉朝的","0","2","2"
"现在单于您","0","2","2"
"匈奴的习俗","0","2","2"
"喜爱汉朝的","0","2","2"
"匈奴的部众","0","2","2"
"把得到的汉","0","2","2"
"得到的汉朝","0","2","2"
"以显示不如","0","2","2"
"中行说教单","0","2","2"
"行说教单于","0","2","2"
"寸长的木简","0","2","2"
"汉朝使者有","0","2","2"
"轻视老年人","0","2","2"
"问汉朝使者","0","2","2"
"要出发的人","0","2","2"
"后母为妻子","0","2","2"
"做自己的妻","0","2","2"
"练习骑马射","0","2","2"
"不要多说了","0","2","2"
"汉朝使者不","0","2","2"
"汉朝边境的","0","2","2"
"到了雍甘泉","0","2","2"
"防备匈奴入","0","2","2"
"备匈奴入侵","0","2","2"
"匈奴人也就","0","2","2"
"孝文帝后元","0","2","2"
"朝派使者送","0","2","2"
"单于您应该","0","2","2"
"军臣单于继","0","2","2"
"臣单于继位","0","2","2"
"与汉朝的和","0","2","2"
"汉朝的和亲","0","2","2"
"朝的和亲关","0","2","2"
"将军率军分","0","2","2"
"军率军分别","0","2","2"
"率军分别驻","0","2","2"
"军分别驻扎","0","2","2"
"代地的句注","0","2","2"
"地的句注山","0","2","2"
"骑兵侵入代","0","2","2"
"入汉朝边塞","0","2","2"
"嫁公主给单","0","2","2"
"公主给单于","0","2","2"
"相信了他的","0","2","2"
"于是便率领","0","2","2"
"率领十万骑","0","2","2"
"领十万骑兵","0","2","2"
"三十多万军","0","2","2"
"马邑伏兵之","0","2","2"
"一万骑兵在","0","2","2"
"杀掠一千多","0","2","2"
"掠一千多人","0","2","2"
"董回以南的","0","2","2"
"的弟弟左谷","0","2","2"
"弟弟左谷蠡","0","2","2"
"伊稚斜单于","0","2","2"
"匈奴几万骑","0","2","2"
"奴几万骑兵","0","2","2"
"第二年的春","0","2","2"
"共杀死匈奴","0","2","2"
"匈奴一万九","0","2","2"
"奴一万九千","0","2","2"
"汉朝封他为","0","2","2"
"的姐姐嫁给","0","2","2"
"越过大沙漠","0","2","2"
"几万骑兵侵","0","2","2"
"汉朝派骠骑","0","2","2"
"朝派骠骑将","0","2","2"
"霍去病统率","0","2","2"
"万骑兵从陇","0","2","2"
"件事很生气","0","2","2"
"单于听说这","0","2","2"
"于听说这事","0","2","2"
"便把辎重粮","0","2","2"
"把辎重粮草","0","2","2"
"刮起了大风","0","2","2"
"军队包围了","0","2","2"
"与左贤王交","0","2","2"
"斩杀俘虏匈","0","2","2"
"杀俘虏匈奴","0","2","2"
"狼居胥山上","0","2","2"
"在姑衍山上","0","2","2"
"了单于王庭","0","2","2"
"也总是扣留","0","2","2"
"扣留汉朝的","0","2","2"
"留汉朝的使","0","2","2"
"继位做了单","0","2","2"
"位做了单于","0","2","2"
"乌维单于继","0","2","2"
"维单于继位","0","2","2"
"汉朝消灭了","0","2","2"
"派遣从票侯","0","2","2"
"汉朝派王乌","0","2","2"
"朝派王乌等","0","2","2"
"到汉朝去做","0","2","2"
"汉朝去做人","0","2","2"
"朝去做人质","0","2","2"
"做为汉朝的","0","2","2"
"劝告单于说","0","2","2"
"送给我们一","0","2","2"
"拜见汉天子","0","2","2"
"于是汉朝就","0","2","2"
"为拔胡将军","0","2","2"
"于在位十年","0","2","2"
"一个人去慰","0","2","2"
"个人去慰问","0","2","2"
"把他们都交","0","2","2"
"他们都交给","0","2","2"
"交给了单于","0","2","2"
"汉朝使者被","0","2","2"
"又派因杆将","0","2","2"
"左大都尉想","0","2","2"
"侯赵破奴率","0","2","2"
"到达浚稽山","0","2","2"
"覆没于匈奴","0","2","2"
"弟弟右贤王","0","2","2"
"句黎湖单于","0","2","2"
"派强弩都尉","0","2","2"
"尉路博德在","0","2","2"
"杀掠几千人","0","2","2"
"打败了好几","0","2","2"
"败了好几个","0","2","2"
"军李广利攻","0","2","2"
"的弟弟左大","0","2","2"
"这一年是太","0","2","2"
"不肯投降的","0","2","2"
"回到了汉朝","0","2","2"
"从酒泉出发","0","2","2"
"俘获匈奴一","0","2","2"
"匈奴一万多","0","2","2"
"奴一万多人","0","2","2"
"没有得到什","0","2","2"
"有得到什么","0","2","2"
"把自己的女","0","2","2"
"己的女儿嫁","0","2","2"
"将军韩说率","0","2","2"
"贰师将军便","0","2","2"
"单于病得快","0","2","2"
"于病得快要","0","2","2"
"立左贤王为","0","2","2"
"做了左贤王","0","2","2"
"率领三万多","0","2","2"
"合侯莽通率","0","2","2"
"侯莽通率领","0","2","2"
"率领四万骑","0","2","2"
"听说汉朝出","0","2","2"
"匈奴派大将","0","2","2"
"万骑兵拦截","0","2","2"
"包围了车师","0","2","2"
"俘获了车师","0","2","2"
"李广利听说","0","2","2"
"听说后十分","0","2","2"
"说后十分担","0","2","2"
"后十分担忧","0","2","2"
"杀死了左大","0","2","2"
"兵拦截攻击","0","2","2"
"让身边的人","0","2","2"
"自从贰师将","0","2","2"
"从贰师将军","0","2","2"
"请求与汉朝","0","2","2"
"弟弟右谷蠡","0","2","2"
"颛渠辟氏的","0","2","2"
"辟氏的儿子","0","2","2"
"壶衍千单于","0","2","2"
"千单于继位","0","2","2"
"回到了自己","0","2","2"
"到了自己的","0","2","2"
"逃入匈奴的","0","2","2"
"人说匈奴人","0","2","2"
"担心汉朝会","0","2","2"
"与汉朝使者","0","2","2"
"得到了投降","0","2","2"
"到了投降的","0","2","2"
"万骑兵向南","0","2","2"
"万骑兵去攻","0","2","2"
"派使者到乌","0","2","2"
"嫁到乌孙的","0","2","2"
"到乌孙的汉","0","2","2"
"的汉朝公主","0","2","2"
"又上书汉天","0","2","2"
"率领四万多","0","2","2"
"领四万多骑","0","2","2"
"四万多骑兵","0","2","2"
"从西河郡出","0","2","2"
"从云中郡出","0","2","2"
"昆弥亲自率","0","2","2"
"边塞一千二","0","2","2"
"塞一千二百","0","2","2"
"一千二百多","0","2","2"
"千二百多里","0","2","2"
"俘虏匈奴人","0","2","2"
"获马牛羊七","0","2","2"
"轻他们的罪","0","2","2"
"封常惠为长","0","2","2"
"常惠为长罗","0","2","2"
"惠为长罗侯","0","2","2"
"这三个国家","0","2","2"
"死了有十分","0","2","2"
"了有十分之","0","2","2"
"千单于在位","0","2","2"
"的弟弟左贤","0","2","2"
"弟弟左贤王","0","2","2"
"颛渠板氏的","0","2","2"
"朝拜汉天子","0","2","2"
"就向单于要","0","2","2"
"分别率领一","0","2","2"
"别率领一万","0","2","2"
"的有十分之","0","2","2"
"有十分之六","0","2","2"
"十分之六七","0","2","2"
"驱赶着牲畜","0","2","2"
"向南投降了","0","2","2"
"国的军队一","0","2","2"
"和西域各国","0","2","2"
"等人来汉朝","0","2","2"
"这一年是神","0","2","2"
"一年是神爵","0","2","2"
"虚间权渠单","0","2","2"
"间权渠单于","0","2","2"
"左大且渠都","0","2","2"
"派自己的弟","0","2","2"
"权渠单于的","0","2","2"
"而任用自己","0","2","2"
"任用自己的","0","2","2"
"便率领部众","0","2","2"
"率领部众几","0","2","2"
"便率领自己","0","2","2"
"部众几万人","0","2","2"
"握衍朐凝单","0","2","2"
"立自己的小","0","2","2"
"自己的小儿","0","2","2"
"己的小儿子","0","2","2"
"人共同拥立","0","2","2"
"单于回到王","0","2","2"
"于回到王庭","0","2","2"
"杀了右贤王","0","2","2"
"出动军队几","0","2","2"
"几万人向东","0","2","2"
"攻打呼韩邪","0","2","2"
"打呼韩邪单","0","2","2"
"到了匈奴王","0","2","2"
"自己的长子","0","2","2"
"把他们留在","0","2","2"
"他们留在单","0","2","2"
"们留在单于","0","2","2"
"留在单于王","0","2","2"
"在单于王庭","0","2","2"
"以防备呼韩","0","2","2"
"防备呼韩邪","0","2","2"
"自立为乌藉","0","2","2"
"立为乌藉单","0","2","2"
"为乌藉单于","0","2","2"
"屠耆单于便","0","2","2"
"攻打车犁单","0","2","2"
"打车犁单于","0","2","2"
"都被打败了","0","2","2"
"掉了自己的","0","2","2"
"屠耆单于听","0","2","2"
"耆单于听说","0","2","2"
"率四万骑兵","0","2","2"
"率军队向西","0","2","2"
"与呼韩邪单","0","2","2"
"耆单于的小","0","2","2"
"率领自己手","0","2","2"
"领自己手下","0","2","2"
"自己手下的","0","2","2"
"并了他的军","0","2","2"
"率领部众向","0","2","2"
"伊秩訾王替","0","2","2"
"建立自己的","0","2","2"
"有着崇高的","0","2","2"
"做他们的君","0","2","2"
"他们的君长","0","2","2"
"了左伊秩訾","0","2","2"
"派自己的儿","0","2","2"
"郅支单于也","0","2","2"
"支单于也派","0","2","2"
"韩邪单于到","0","2","2"
"正月来朝拜","0","2","2"
"汉朝派车骑","0","2","2"
"朝派车骑都","0","2","2"
"派车骑都尉","0","2","2"
"地位在诸侯","0","2","2"
"位在诸侯王","0","2","2"
"都山呼万岁","0","2","2"
"希望能允许","0","2","2"
"韩邪单于出","0","2","2"
"军队向西进","0","2","2"
"队向西进发","0","2","2"
"伊利目单于","0","2","2"
"单于多次派","0","2","2"
"单于又上书","0","2","2"
"便派使者到","0","2","2"
"谷吉的音讯","0","2","2"
"单于入侍的","0","2","2"
"于入侍的儿","0","2","2"
"要互相通报","0","2","2"
"去朝见天子","0","2","2"
"还像以前一","0","2","2"
"像以前一样","0","2","2"
"边塞上守卫","0","2","2"
"塞上守卫的","0","2","2"
"尤其受害严","0","2","2"
"其受害严重","0","2","2"
"是冒顿单于","0","2","2"
"起边界要塞","0","2","2"
"说匈奴人自","0","2","2"
"来背叛汉朝","0","2","2"
"一个儿子名","0","2","2"
"个儿子名叫","0","2","2"
"单于在位二","0","2","2"
"于在位二十","0","2","2"
"且莫车年纪","0","2","2"
"且莫车继位","0","2","2"
"雕陶莫皋为","0","2","2"
"陶莫皋为单","0","2","2"
"莫皋为单于","0","2","2"
"复株案若千","0","2","2"
"株案若千单","0","2","2"
"案若千单于","0","2","2"
"囊知牙斯为","0","2","2"
"生了两个女","0","2","2"
"了两个女儿","0","2","2"
"邪莫演等人","0","2","2"
"伊邪莫演说","0","2","2"
"到汉朝朝拜","0","2","2"
"不知道汉朝","0","2","2"
"塞上的官吏","0","2","2"
"回到匈奴后","0","2","2"
"见汉朝使者","0","2","2"
"传位给弟弟","0","2","2"
"年正月的大","0","2","2"
"正月的大朝","0","2","2"
"板氏生的儿","0","2","2"
"面对着张掖","0","2","2"
"对着张掖郡","0","2","2"
"以报答漠天","0","2","2"
"报答漠天子","0","2","2"
"父亲呼韩邪","0","2","2"
"亲呼韩邪单","0","2","2"
"夏侯藩向匈","0","2","2"
"侯藩向匈奴","0","2","2"
"藩向匈奴索","0","2","2"
"向匈奴索要","0","2","2"
"匈奴索要土","0","2","2"
"奴索要土地","0","2","2"
"死了几百人","0","2","2"
"做人质的儿","0","2","2"
"人质的儿子","0","2","2"
"会带来祸祟","0","2","2"
"召集大臣们","0","2","2"
"了孝文帝时","0","2","2"
"三十万军队","0","2","2"
"军队几十万","0","2","2"
"到达了匈奴","0","2","2"
"人数以百计","0","2","2"
"位将军率领","0","2","2"
"五万骑兵攻","0","2","2"
"的人能在近","0","2","2"
"人能在近乎","0","2","2"
"能在近乎没","0","2","2"
"在近乎没有","0","2","2"
"在事情还没","0","2","2"
"情还没有发","0","2","2"
"还没有发生","0","2","2"
"还没有出发","0","2","2"
"住在上林苑","0","2","2"
"有三百七十","0","2","2"
"派中郎将韩","0","2","2"
"及妻子入朝","0","2","2"
"妻子入朝侍","0","2","2"
"君的女儿须","0","2","2"
"赏赐的东西","0","2","2"
"西域的车师","0","2","2"
"域的车师后","0","2","2"
"的车师后王","0","2","2"
"去胡来王唐","0","2","2"
"胡来王唐兜","0","2","2"
"诏令派中郎","0","2","2"
"令派中郎将","0","2","2"
"不应当接受","0","2","2"
"有来投降的","0","2","2"
"王萌到西域","0","2","2"
"萌到西域的","0","2","2"
"到西域的恶","0","2","2"
"西域的恶都","0","2","2"
"域的恶都奴","0","2","2"
"会集西域各","0","2","2"
"集西域各国","0","2","2"
"西域各国国","0","2","2"
"域各国国王","0","2","2"
"投降匈奴的","0","2","2"
"个字的名字","0","2","2"
"乌桓的百姓","0","2","2"
"威将军王骏","0","2","2"
"匈奴单于玺","0","2","2"
"新匈奴单于","0","2","2"
"匈奴单于章","0","2","2"
"给单于玺印","0","2","2"
"解下原来的","0","2","2"
"下原来的玺","0","2","2"
"举起胳膊让","0","2","2"
"暂且别给他","0","2","2"
"右骨都侯当","0","2","2"
"从塞外送还","0","2","2"
"置离的哥哥","0","2","2"
"支率领部众","0","2","2"
"与匈奴一起","0","2","2"
"尉史陈良和","0","2","2"
"史陈良和终","0","2","2"
"一起杀死了","0","2","2"
"迎接陈良等","0","2","2"
"男女共二千","0","2","2"
"孝单于的封","0","2","2"
"单于的封号","0","2","2"
"赏赐给黄金","0","2","2"
"各郡县封国","0","2","2"
"十五个儿子","0","2","2"
"接受了王莽","0","2","2"
"孝单于咸的","0","2","2"
"单于咸的儿","0","2","2"
"于咸的儿子","0","2","2"
"咸的儿子角","0","2","2"
"少数民族首","0","2","2"
"数民族首领","0","2","2"
"都侯须卜当","0","2","2"
"乌累若千单","0","2","2"
"想把国家传","0","2","2"
"单于把陈良","0","2","2"
"杀死校尉刀","0","2","2"
"死校尉刀护","0","2","2"
"共二十七人","0","2","2"
"交给了使者","0","2","2"
"单于贪求王","0","2","2"
"于贪求王莽","0","2","2"
"王莽杀死了","0","2","2"
"王莽的金银","0","2","2"
"伏黯等人都","0","2","2"
"汉朝皇帝的","0","2","2"
"给王侯以下","0","2","2"
"侯以下的人","0","2","2"
"被王莽篡夺","0","2","2"
"年的时间裹","0","2","2"
"与中原断绝","0","2","2"
"朝拜的时候","0","2","2"
"大约有好几","0","2","2"
"约有好几千","0","2","2"
"有好几千里","0","2","2"
"那裹的习俗","0","2","2"
"巴郡和黔中","0","2","2"
"郡和黔中郡","0","2","2"
"以西的地区","0","2","2"
"上书漠武帝","0","2","2"
"沿烊柯江而","0","2","2"
"烊柯江而下","0","2","2"
"凭藉汉朝的","0","2","2"
"将朝廷的意","0","2","2"
"朝廷的意图","0","2","2"
"廷的意图告","0","2","2"
"的意图告诉","0","2","2"
"西南夷地区","0","2","2"
"是从哪裹来","0","2","2"
"从哪裹来的","0","2","2"
"命令王然于","0","2","2"
"担心自己的","0","2","2"
"南粤灭亡后","0","2","2"
"入京朝见皇","0","2","2"
"朝委派官吏","0","2","2"
"都夷住地作","0","2","2"
"汉朝派遣水","0","2","2"
"朝派遣水衡","0","2","2"
"派遣水衡都","0","2","2"
"与大鸿胪田","0","2","2"
"进击反叛者","0","2","2"
"夜郎王兴等","0","2","2"
"和解蛮夷王","0","2","2"
"蛮夷王侯的","0","2","2"
"汉朝官吏的","0","2","2"
"请求讨伐他","0","2","2"
"郎王兴的头","0","2","2"
"町王邯怨恨","0","2","2"
"柯郡大尹周","0","2","2"
"欺诈的手段","0","2","2"
"派宁始将军","0","2","2"
"犍为郡的官","0","2","2"
"为郡的官吏","0","2","2"
"秦统一天下","0","2","2"
"立我为南粤","0","2","2"
"我为南粤王","0","2","2"
"听信谗臣之","0","2","2"
"信谗臣之言","0","2","2"
"视蛮夷为异","0","2","2"
"蛮夷为异类","0","2","2"
"发兵攻打长","0","2","2"
"兵攻打长沙","0","2","2"
"攻打长沙国","0","2","2"
"打长沙国的","0","2","2"
"长沙国的边","0","2","2"
"沙国的边境","0","2","2"
"军隆虑侯周","0","2","2"
"父母的坟墓","0","2","2"
"孝惠皇帝即","0","2","2"
"惠皇帝即位","0","2","2"
"孝惠皇帝的","0","2","2"
"前我听说您","0","2","2"
"您在真定的","0","2","2"
"在真定的兄","0","2","2"
"真定的兄弟","0","2","2"
"得南粤王的","0","2","2"
"不足以使汉","0","2","2"
"足以使汉朝","0","2","2"
"立为南粤王","0","2","2"
"军队还没越","0","2","2"
"两将军罢兵","0","2","2"
"汉武帝派严","0","2","2"
"武帝派严助","0","2","2"
"发兵诛讨闽","0","2","2"
"兵诛讨闽粤","0","2","2"
"太子趟婴齐","0","2","2"
"为王位继承","0","2","2"
"王位继承人","0","2","2"
"劝说南粤王","0","2","2"
"说南粤王和","0","2","2"
"太后是中原","0","2","2"
"后是中原人","0","2","2"
"带二千人前","0","2","2"
"二千人前往","0","2","2"
"南粤王太后","0","2","2"
"献给汉朝天","0","2","2"
"为他们提供","0","2","2"
"分别为戈船","0","2","2"
"各路兵马都","0","2","2"
"败了南粤的","0","2","2"
"与楼船将军","0","2","2"
"城的西北面","0","2","2"
"因功被策封","0","2","2"
"功被策封为","0","2","2"
"封为海常侯","0","2","2"
"那裹设置了","0","2","2"
"无诸和摇率","0","2","2"
"诸和摇率领","0","2","2"
"和摇率领粤","0","2","2"
"摇率领粤人","0","2","2"
"汉朝军队攻","0","2","2"
"驻扎在边境","0","2","2"
"在边境地区","0","2","2"
"的蛮夷部落","0","2","2"
"塞外的蛮夷","0","2","2"
"左将军手下","0","2","2"
"船将军的部","0","2","2"
"的朝鲜军队","0","2","2"
"劝右渠投降","0","2","2"
"就暗中派人","0","2","2"
"向楼船将军","0","2","2"
"楼船将军投","0","2","2"
"船将军投降","0","2","2"
"怀疑楼船将","0","2","2"
"疑楼船将军","0","2","2"
"玉门关和阳","0","2","2"
"门关和阳关","0","2","2"
"一个发源于","0","2","2"
"顺塔里木河","0","2","2"
"塔里木河西","0","2","2"
"里木河西行","0","2","2"
"木河西行至","0","2","2"
"道西越葱岭","0","2","2"
"西越葱岭可","0","2","2"
"越葱岭可到","0","2","2"
"葱岭可到大","0","2","2"
"来到这裹居","0","2","2"
"西域各国都","0","2","2"
"设置戊己校","0","2","2"
"到阳关一千","0","2","2"
"有户四百五","0","2","2"
"有户一千五","0","2","2"
"户一千五百","0","2","2"
"西北到西域","0","2","2"
"所乌垒城一","0","2","2"
"乌垒城一千","0","2","2"
"垒城一千七","0","2","2"
"城一千七百","0","2","2"
"国一千三百","0","2","2"
"一个儿子到","0","2","2"
"到匈奴为质","0","2","2"
"贰师将军进","0","2","2"
"的情况报告","0","2","2"
"武帝认为他","0","2","2"
"为他的话很","0","2","2"
"后来楼兰王","0","2","2"
"你为什么还","0","2","2"
"为什么还要","0","2","2"
"一千六百一","0","2","2"
"垒城二千二","0","2","2"
"城二千二百","0","2","2"
"有户一百五","0","2","2"
"户一百五十","0","2","2"
"人口一千零","0","2","2"
"北到酉塑都","0","2","2"
"到酉塑都护","0","2","2"
"酉塑都护治","0","2","2"
"塑都护治所","0","2","2"
"都护治所昼","0","2","2"
"垒城二千七","0","2","2"
"城二千七百","0","2","2"
"垒城二千八","0","2","2"
"城二千八百","0","2","2"
"有户三千三","0","2","2"
"乌垒城三千","0","2","2"
"北与姑墨相","0","2","2"
"束到长安九","0","2","2"
"垒城五千零","0","2","2"
"到无雷五百","0","2","2"
"无雷五百四","0","2","2"
"莎车寄耕田","0","2","2"
"车寄耕田地","0","2","2"
"与子合国相","0","2","2"
"安一万零一","0","2","2"
"万零一百五","0","2","2"
"零一百五十","0","2","2"
"军队三百五","0","2","2"
"队三百五十","0","2","2"
"东北到酉球","0","2","2"
"北到酉球都","0","2","2"
"护治所乌垦","0","2","2"
"与大月氏相","0","2","2"
"大月氏相接","0","2","2"
"附近诸国相","0","2","2"
"近诸国相同","0","2","2"
"安一万二千","0","2","2"
"九天的行程","0","2","2"
"与乌弋山离","0","2","2"
"大月氏西迁","0","2","2"
"给汉朝皇帝","0","2","2"
"上书给汉朝","0","2","2"
"大凡中原王","0","2","2"
"凡中原王朝","0","2","2"
"与中原王朝","0","2","2"
"皇帝的赏赐","0","2","2"
"帝的赏赐和","0","2","2"
"长安一万一","0","2","2"
"安一万一千","0","2","2"
"一万一千六","0","2","2"
"奴的风俗相","0","2","2"
"能射箭的战","0","2","2"
"射箭的战士","0","2","2"
"箭的战士十","0","2","2"
"的战士十余","0","2","2"
"战士十余万","0","2","2"
"治所五千九","0","2","2"
"所五千九百","0","2","2"
"有户十二万","0","2","2"
"东到西域都","0","2","2"
"受到匈奴的","0","2","2"
"派王子到长","0","2","2"
"王子到长安","0","2","2"
"阳关八千零","0","2","2"
"关八千零二","0","2","2"
"八千零二十","0","2","2"
"零二十五里","0","2","2"
"城一千五百","0","2","2"
"派使者带了","0","2","2"
"就派贰师将","0","2","2"
"往西到安息","0","2","2"
"西到安息国","0","2","2"
"人口一千一","0","2","2"
"口一千一百","0","2","2"
"一年是元康","0","2","2"
"治所一千四","0","2","2"
"所一千四百","0","2","2"
"塞人的土地","0","2","2"
"公主嫁给昆","0","2","2"
"主嫁给昆莫","0","2","2"
"昆莫以匈奴","0","2","2"
"两国结为兄","0","2","2"
"国结为兄弟","0","2","2"
"又汉朝使者","0","2","2"
"为公主嫁给","0","2","2"
"左右的贵人","0","2","2"
"他的名字叫","0","2","2"
"的匈奴妻生","0","2","2"
"匈奴妻生的","0","2","2"
"奴妻生的儿","0","2","2"
"常惠上书宣","0","2","2"
"惠上书宣帝","0","2","2"
"西域都护郑","0","2","2"
"域都护郑吉","0","2","2"
"征发附近各","0","2","2"
"发附近各国","0","2","2"
"罗侯常惠率","0","2","2"
"宣帝赐给公","0","2","2"
"帝赐给公主","0","2","2"
"侯难栖杀掉","0","2","2"
"难栖杀掉末","0","2","2"
"栖杀掉末振","0","2","2"
"北与乌孙相","0","2","2"
"人口一千四","0","2","2"
"口一千四百","0","2","2"
"车师王投降","0","2","2"
"匈奴使者回","0","2","2"
"奴使者回去","0","2","2"
"发展农业生","0","2","2"
"展农业生产","0","2","2"
"国都臣服于","0","2","2"
"有户一百九","0","2","2"
"户一百九十","0","2","2"
"军队三百三","0","2","2"
"队三百三十","0","2","2"
"军队四十五","0","2","2"
"队四十五人","0","2","2"
"人口一千九","0","2","2"
"口一千九百","0","2","2"
"东到长安七","0","2","2"
"到长安七千","0","2","2"
"军队一千八","0","2","2"
"队一千八百","0","2","2"
"到车师屯田","0","2","2"
"立为车师王","0","2","2"
"卒一千五百","0","2","2"
"车师王的妻","0","2","2"
"师王的妻子","0","2","2"
"对车师王妻","0","2","2"
"的大臣们都","0","2","2"
"矛头上冒火","0","2","2"
"头上冒火花","0","2","2"
"王莽执掌朝","0","2","2"
"莽执掌朝政","0","2","2"
"西域各国和","0","2","2"
"相当于八百","0","2","2"
"当于八百石","0","2","2"
"嫁给他为妻","0","2","2"
"常常打算废","0","2","2"
"常打算废掉","0","2","2"
"打算废掉太","0","2","2"
"算废掉太子","0","2","2"
"废掉太子改","0","2","2"
"掉太子改立","0","2","2"
"很少见到皇","0","2","2"
"少见到皇上","0","2","2"
"后做了皇太","0","2","2"
"做了皇太后","0","2","2"
"一问才知道","0","2","2"
"从此得了病","0","2","2"
"由太后临朝","0","2","2"
"追尊太后的","0","2","2"
"尊太后的父","0","2","2"
"迎接代王立","0","2","2"
"接代王立为","0","2","2"
"代王立为皇","0","2","2"
"生下一个女","0","2","2"
"下一个女儿","0","2","2"
"太后打算亲","0","2","2"
"后打算亲上","0","2","2"
"打算亲上加","0","2","2"
"算亲上加亲","0","2","2"
"的女儿许配","0","2","2"
"后生个儿子","0","2","2"
"的亲生儿子","0","2","2"
"废掉皇后的","0","2","2"
"薄姬的父亲","0","2","2"
"这是贵显的","0","2","2"
"是贵显的征","0","2","2"
"贵显的征兆","0","2","2"
"帮助你成就","0","2","2"
"很少被皇上","0","2","2"
"少被皇上召","0","2","2"
"后的弟弟薄","0","2","2"
"的弟弟薄昭","0","2","2"
"太后的母亲","0","2","2"
"后的母亲在","0","2","2"
"的母亲在这","0","2","2"
"母亲在这之","0","2","2"
"亲在这之前","0","2","2"
"设置三百户","0","2","2"
"置三百户人","0","2","2"
"合葬在长陵","0","2","2"
"就已经去世","0","2","2"
"窦皇后的父","0","2","2"
"拉着他的手","0","2","2"
"左右的侍者","0","2","2"
"任命为大将","0","2","2"
"命为大将军","0","2","2"
"氏家族中封","0","2","2"
"家族中封侯","0","2","2"
"族中封侯的","0","2","2"
"一共有三个","0","2","2"
"共有三个人","0","2","2"
"景帝薄皇后","0","2","2"
"薄皇后没有","0","2","2"
"薄皇后被废","0","2","2"
"生下儿子王","0","2","2"
"生了一个女","0","2","2"
"了一个女儿","0","2","2"
"把女儿送进","0","2","2"
"送进太子宫","0","2","2"
"生了三个女","0","2","2"
"了三个女儿","0","2","2"
"长公主出力","0","2","2"
"长公主天天","0","2","2"
"大臣们提议","0","2","2"
"臣们提议册","0","2","2"
"刚刚进太子","0","2","2"
"刚进太子宫","0","2","2"
"女儿封为平","0","2","2"
"皇后册立为","0","2","2"
"后册立为后","0","2","2"
"武帝陈皇后","0","2","2"
"都没有生育","0","2","2"
"回皇后的玺","0","2","2"
"皇后的玺绶","0","2","2"
"公主挑选了","0","2","2"
"挑选出来的","0","2","2"
"是大司马大","0","2","2"
"皇后就自杀","0","2","2"
"后就自杀了","0","2","2"
"宣帝即位以","0","2","2"
"李夫人的哥","0","2","2"
"夫人的哥哥","0","2","2"
"人的哥哥李","0","2","2"
"武帝亲自去","0","2","2"
"跟随武帝去","0","2","2"
"随武帝去甘","0","2","2"
"他做了侍中","0","2","2"
"应当处以死","0","2","2"
"上官桀和上","0","2","2"
"官桀和上官","0","2","2"
"桀和上官安","0","2","2"
"上官氏父子","0","2","2"
"皇后的母亲","0","2","2"
"后被册立为","0","2","2"
"被册立为后","0","2","2"
"为后的第十","0","2","2"
"太后成为太","0","2","2"
"后成为太皇","0","2","2"
"成为太皇太","0","2","2"
"一共在位四","0","2","2"
"共在位四十","0","2","2"
"被收养在掖","0","2","2"
"一共有四个","0","2","2"
"有自己的列","0","2","2"
"自己的列传","0","2","2"
"儿子王无故","0","2","2"
"王媪和乃始","0","2","2"
"几名歌舞女","0","2","2"
"名歌舞女子","0","2","2"
"县作为她的","0","2","2"
"作为她的封","0","2","2"
"为她的封邑","0","2","2"
"谧号为思成","0","2","2"
"长丞按法度","0","2","2"
"丞按法度奉","0","2","2"
"按法度奉守","0","2","2"
"王氏家族中","0","2","2"
"家族中有两","0","2","2"
"他随从皇上","0","2","2"
"欧侯氏的儿","0","2","2"
"把女儿许配","0","2","2"
"后生下元帝","0","2","2"
"又过了几个","0","2","2"
"后的父亲许","0","2","2"
"了一年多才","0","2","2"
"对淳于衍说","0","2","2"
"谧号为戴侯","0","2","2"
"也做了大司","0","2","2"
"后被册立的","0","2","2"
"被册立的第","0","2","2"
"册立的第三","0","2","2"
"爵位一直传","0","2","2"
"位一直传到","0","2","2"
"后的父亲王","0","2","2"
"的父亲王奉","0","2","2"
"父亲王奉光","0","2","2"
"陶王的母亲","0","2","2"
"皇后被废以","0","2","2"
"后被废以后","0","2","2"
"封皇后的父","0","2","2"
"封太皇太后","0","2","2"
"太皇太后为","0","2","2"
"后一共在位","0","2","2"
"许嘉的女儿","0","2","2"
"等到成帝即","0","2","2"
"做了太子妃","0","2","2"
"皇太后和皇","0","2","2"
"成帝没有后","0","2","2"
"帝没有后嗣","0","2","2"
"汉家的制度","0","2","2"
"找不到原因","0","2","2"
"自己的巢穴","0","2","2"
"将军王凤掌","0","2","2"
"行妇人媚道","0","2","2"
"平恩侯许旦","0","2","2"
"一共在位十","0","2","2"
"先前平安刚","0","2","2"
"夫人许谒犯","0","2","2"
"人许谒犯下","0","2","2"
"许谒犯下大","0","2","2"
"谒犯下大逆","0","2","2"
"是先帝的外","0","2","2"
"灵魂无处存","0","2","2"
"魂无处存身","0","2","2"
"暗地裹贿赂","0","2","2"
"被选入后宫","0","2","2"
"成帝认为她","0","2","2"
"帝认为她说","0","2","2"
"认为她说的","0","2","2"
"被成帝召见","0","2","2"
"趟飞燕姐妹","0","2","2"
"徒伃为皇后","0","2","2"
"姐的儿子淳","0","2","2"
"的儿子淳于","0","2","2"
"儿子淳于长","0","2","2"
"被册立为太","0","2","2"
"趟皇后为皇","0","2","2"
"解光上奏说","0","2","2"
"舍生下一个","0","2","2"
"用御史中丞","0","2","2"
"御史中丞的","0","2","2"
"史中丞的大","0","2","2"
"中丞的大印","0","2","2"
"丞的大印封","0","2","2"
"的大印封好","0","2","2"
"成帝下诏让","0","2","2"
"帝下诏让靳","0","2","2"
"下诏让靳严","0","2","2"
"饰室门帘的","0","2","2"
"室门帘的南","0","2","2"
"门帘的南面","0","2","2"
"用绳子捆好","0","2","2"
"着草筐和书","0","2","2"
"草筐和书囊","0","2","2"
"怕事情泄露","0","2","2"
"赶上大赦天","0","2","2"
"上大赦天下","0","2","2"
"哥的儿子成","0","2","2"
"有非同寻常","0","2","2"
"非同寻常的","0","2","2"
"像周公那样","0","2","2"
"祸乱的根源","0","2","2"
"流传到后世","0","2","2"
"后废为庶人","0","2","2"
"儿子被封为","0","2","2"
"子被封为王","0","2","2"
"哀帝的时候","0","2","2"
"太后亲自抚","0","2","2"
"后亲自抚养","0","2","2"
"京立为太子","0","2","2"
"任命光禄勋","0","2","2"
"太子的母亲","0","2","2"
"太后下韶让","0","2","2"
"昌侯董宏迎","0","2","2"
"侯董宏迎合","0","2","2"
"迎合太后的","0","2","2"
"实属大逆不","0","2","2"
"后的尊号改","0","2","2"
"的尊号改为","0","2","2"
"成帝的趟皇","0","2","2"
"帝的趟皇后","0","2","2"
"所生的弟弟","0","2","2"
"的儿子郑业","0","2","2"
"儿子郑业为","0","2","2"
"子郑业为阳","0","2","2"
"有十几个人","0","2","2"
"侍中一类的","0","2","2"
"中一类的官","0","2","2"
"哀帝的母亲","0","2","2"
"却始终没有","0","2","2"
"太后的玺绶","0","2","2"
"母和丁姬的","0","2","2"
"原来的形式","0","2","2"
"太后就下诏","0","2","2"
"大火烧掉了","0","2","2"
"火烧掉了椁","0","2","2"
"孝成趟皇后","0","2","2"
"当时她的父","0","2","2"
"时她的父亲","0","2","2"
"她的父亲冯","0","2","2"
"的父亲冯奉","0","2","2"
"父亲冯奉世","0","2","2"
"是中山孝王","0","2","2"
"入京册立为","0","2","2"
"京册立为太","0","2","2"
"对左右侍者","0","2","2"
"左右侍者说","0","2","2"
"太皇太后和","0","2","2"
"帝的母亲卫","0","2","2"
"的母亲卫姬","0","2","2"
"卫宝的弟弟","0","2","2"
"宝的弟弟卫","0","2","2"
"的弟弟卫玄","0","2","2"
"弟弟卫玄关","0","2","2"
"弟卫玄关内","0","2","2"
"卫玄关内侯","0","2","2"
"玄关内侯的","0","2","2"
"赐封平帝的","0","2","2"
"行使皇帝的","0","2","2"
"使皇帝的权","0","2","2"
"霍光的先例","0","2","2"
"吉利的月份","0","2","2"
"利的月份和","0","2","2"
"自己代理皇","0","2","2"
"为自己的姓","0","2","2"
"到魏郡元城","0","2","2"
"大儿子王凤","0","2","2"
"是由于阴气","0","2","2"
"陛下继承皇","0","2","2"
"下继承皇位","0","2","2"
"揽到自己身","0","2","2"
"就告诉了王","0","2","2"
"告诉了王凤","0","2","2"
"太后和成帝","0","2","2"
"定陶王回封","0","2","2"
"陶王回封国","0","2","2"
"推到定陶王","0","2","2"
"到定陶王身","0","2","2"
"定陶王身上","0","2","2"
"阴气侵犯阳","0","2","2"
"气侵犯阳气","0","2","2"
"本是先帝的","0","2","2"
"杀掉第一个","0","2","2"
"作为孝王的","0","2","2"
"为孝王的舅","0","2","2"
"儿子侍中王","0","2","2"
"人都知道我","0","2","2"
"深厚的皇恩","0","2","2"
"被流放到合","0","2","2"
"亲自前去凭","0","2","2"
"自前去凭吊","0","2","2"
"统领守城的","0","2","2"
"领守城的军","0","2","2"
"守城的军队","0","2","2"
"阶漆成红色","0","2","2"
"门上镂刻着","0","2","2"
"上镂刻着青","0","2","2"
"镂刻着青色","0","2","2"
"在太后面前","0","2","2"
"让他统领守","0","2","2"
"他统领守城","0","2","2"
"佐朝政已经","0","2","2"
"已经五年了","0","2","2"
"王立回到封","0","2","2"
"立回到封地","0","2","2"
"推荐王莽代","0","2","2"
"荐王莽代替","0","2","2"
"侯王莽为国","0","2","2"
"阳侯王立回","0","2","2"
"侯王立回到","0","2","2"
"以外戚的身","0","2","2"
"王根和王况","0","2","2"
"根和王况父","0","2","2"
"大臣和儒生","0","2","2"
"和平阿侯王","0","2","2"
"太后任命王","0","2","2"
"后任命王莽","0","2","2"
"命王莽为大","0","2","2"
"朝政托付给","0","2","2"
"阳侯王立是","0","2","2"
"侯王立是王","0","2","2"
"尊封王莽为","0","2","2"
"身旁长御以","0","2","2"
"旁长御以下","0","2","2"
"长御以下的","0","2","2"
"御以下的侍","0","2","2"
"以下的侍者","0","2","2"
"太子的宫殿","0","2","2"
"王莽亲自去","0","2","2"
"广戚侯的儿","0","2","2"
"戚侯的儿子","0","2","2"
"像周公辅佐","0","2","2"
"应当随着汉","0","2","2"
"以顺应天命","0","2","2"
"太皇太后当","0","2","2"
"断绝丁关系","0","2","2"
"身边的侍者","0","2","2"
"莽的儿子王","0","2","2"
"的儿子王宇","0","2","2"
"定陶国傅太","0","2","2"
"陶国傅太后","0","2","2"
"在太皇太后","0","2","2"
"太后韶命王","0","2","2"
"家加封给王","0","2","2"
"加封给王莽","0","2","2"
"他回封国去","0","2","2"
"严厉责备王","0","2","2"
"用椎打碎了","0","2","2"
"王舜是王莽","0","2","2"
"舜是王莽的","0","2","2"
"王莽因为他","0","2","2"
"把他调回来","0","2","2"
"决策拥立新","0","2","2"
"邦定国的功","0","2","2"
"定国的功劳","0","2","2"
"规定他死后","0","2","2"
"定他死后子","0","2","2"
"他死后子孙","0","2","2"
"死后子孙继","0","2","2"
"后子孙继承","0","2","2"
"子孙继承爵","0","2","2"
"孙继承爵位","0","2","2"
"于是大臣们","0","2","2"
"周公辅佐周","0","2","2"
"公辅佐周成","0","2","2"
"辅佐周成王","0","2","2"
"美好的称号","0","2","2"
"光等人的功","0","2","2"
"等人的功劳","0","2","2"
"人的功劳和","0","2","2"
"太后下韶书","0","2","2"
"后下韶书说","0","2","2"
"王莽又上书","0","2","2"
"提议决策拥","0","2","2"
"拥立新皇帝","0","2","2"
"派他迎接中","0","2","2"
"他迎接中山","0","2","2"
"臣们又上奏","0","2","2"
"称号叫作安","0","2","2"
"邸作为安汉","0","2","2"
"等到老百姓","0","2","2"
"到老百姓家","0","2","2"
"丰衣足食了","0","2","2"
"封关内侯的","0","2","2"
"秀才出身的","0","2","2"
"才出身的官","0","2","2"
"出身的官吏","0","2","2"
"让王太后下","0","2","2"
"等到皇帝成","0","2","2"
"到皇帝成年","0","2","2"
"养自己的身","0","2","2"
"二千石级以","0","2","2"
"公大臣们都","0","2","2"
"皇帝年纪还","0","2","2"
"帝年纪还小","0","2","2"
"派遣王昭君","0","2","2"
"遣王昭君的","0","2","2"
"简陋的车子","0","2","2"
"的就是安漠","0","2","2"
"就是安漠公","0","2","2"
"是安漠公啊","0","2","2"
"原定陵侯淳","0","2","2"
"安漠公就是","0","2","2"
"漠公就是这","0","2","2"
"从而确定了","0","2","2"
"而确定了朝","0","2","2"
"定陶国太后","0","2","2"
"在皇太后的","0","2","2"
"皇太后的帷","0","2","2"
"太后的帷幕","0","2","2"
"后的帷幕裹","0","2","2"
"谦让的态度","0","2","2"
"没有皇位继","0","2","2"
"有皇位继承","0","2","2"
"汉公的功勋","0","2","2"
"可是安汉公","0","2","2"
"察安汉公的","0","2","2"
"子孙万代的","0","2","2"
"孙万代的基","0","2","2"
"万代的基业","0","2","2"
"对待周公那","0","2","2"
"待周公那样","0","2","2"
"周公的六个","0","2","2"
"给大臣们看","0","2","2"
"蔡叔那样的","0","2","2"
"牵连到各郡","0","2","2"
"派遣大司徒","0","2","2"
"太保王舜等","0","2","2"
"保王舜等人","0","2","2"
"新野县的田","0","2","2"
"野县的田地","0","2","2"
"宰衡的称号","0","2","2"
"安汉公每次","0","2","2"
"增加的彩礼","0","2","2"
"加的彩礼钱","0","2","2"
"太傅和大司","0","2","2"
"傅和大司马","0","2","2"
"而今安汉公","0","2","2"
"儒生和老百","0","2","2"
"生和老百姓","0","2","2"
"宣帝的曾孙","0","2","2"
"离去的那天","0","2","2"
"下的圣明德","0","2","2"
"的圣明德行","0","2","2"
"到制礼作乐","0","2","2"
"太皇太后亲","0","2","2"
"根据经典的","0","2","2"
"作我国的臣","0","2","2"
"流放到西海","0","2","2"
"放到西海郡","0","2","2"
"到西海郡去","0","2","2"
"周公代理朝","0","2","2"
"公代理朝政","0","2","2"
"像周公当年","0","2","2"
"武功县长孟","0","2","2"
"功县长孟通","0","2","2"
"代行皇帝职","0","2","2"
"行皇帝职权","0","2","2"
"丹书白石的","0","2","2"
"书白石的符","0","2","2"
"白石的符命","0","2","2"
"周朝的治国","0","2","2"
"朝的治国之","0","2","2"
"戴着天子的","0","2","2"
"常把自己的","0","2","2"
"己的意图称","0","2","2"
"力归还给您","0","2","2"
"斧形图案屏","0","2","2"
"形图案屏风","0","2","2"
"祭祀各种神","0","2","2"
"祀各种神灵","0","2","2"
"这样的洪福","0","2","2"
"王莽禀明太","0","2","2"
"莽禀明太后","0","2","2"
"禀明太后下","0","2","2"
"明太后下诏","0","2","2"
"自称假皇帝","0","2","2"
"安汉公的官","0","2","2"
"汉公的官署","0","2","2"
"甄丰的孙子","0","2","2"
"得吃不下饭","0","2","2"
"爵位分五等","0","2","2"
"封地分四等","0","2","2"
"有的人因为","0","2","2"
"的人因为有","0","2","2"
"赐封王莽的","0","2","2"
"王莽的孙子","0","2","2"
"上天的使命","0","2","2"
"而居位摄政","0","2","2"
"周朝的道统","0","2","2"
"为他的生母","0","2","2"
"环绕而成的","0","2","2"
"绕而成的孝","0","2","2"
"而成的孝带","0","2","2"
"代皇帝应当","0","2","2"
"王莽居位摄","0","2","2"
"莽居位摄政","0","2","2"
"的声威德行","0","2","2"
"到王莽已经","0","2","2"
"祖考黄帝的","0","2","2"
"祀用的牲畜","0","2","2"
"始建国元年","0","2","2"
"从符命的意","0","2","2"
"符命的意思","0","2","2"
"下策书命令","0","2","2"
"殷朝的后代","0","2","2"
"新朝的国宾","0","2","2"
"作为定安公","0","2","2"
"汉朝祖宗的","0","2","2"
"朝祖宗的祠","0","2","2"
"祖宗的祠庙","0","2","2"
"的威严命令","0","2","2"
"梓潼县人哀","0","2","2"
"潼县人哀章","0","2","2"
"京兆尹人王","0","2","2"
"方的长官太","0","2","2"
"方的长官国","0","2","2"
"都尉改名叫","0","2","2"
"尉改名叫太","0","2","2"
"改名叫王路","0","2","2"
"级改名叫下","0","2","2"
"级改名叫中","0","2","2"
"面进行监督","0","2","2"
"上没有两个","0","2","2"
"汉朝的诸侯","0","2","2"
"唐尧的后代","0","2","2"
"在明堂合祭","0","2","2"
"伟大的皇初","0","2","2"
"大的皇初祖","0","2","2"
"的皇初祖考","0","2","2"
"他们世世代","0","2","2"
"们世世代代","0","2","2"
"州牧和郡太","0","2","2"
"牧和郡太守","0","2","2"
"他们的祠庙","0","2","2"
"且在明堂太","0","2","2"
"在明堂太庙","0","2","2"
"明堂太庙举","0","2","2"
"堂太庙举行","0","2","2"
"遵行命令的","0","2","2"
"按三十分之","0","2","2"
"十分之一征","0","2","2"
"而作邪恶的","0","2","2"
"作邪恶的事","0","2","2"
"放到四方极","0","2","2"
"到四方极远","0","2","2"
"说大钱会要","0","2","2"
"大钱会要废","0","2","2"
"钱会要废除","0","2","2"
"犯罪受罚的","0","2","2"
"派遣五威将","0","2","2"
"谦虚地推辞","0","2","2"
"次出现了玄","0","2","2"
"汉朝高帝庙","0","2","2"
"以外的外族","0","2","2"
"坐着绘有天","0","2","2"
"着绘有天文","0","2","2"
"绘有天文图","0","2","2"
"有天文图像","0","2","2"
"天文图像的","0","2","2"
"文图像的车","0","2","2"
"图像的车子","0","2","2"
"索取原来的","0","2","2"
"取原来的印","0","2","2"
"原来的印信","0","2","2"
"朝的大将军","0","2","2"
"的确是想要","0","2","2"
"汉朝的将军","0","2","2"
"罪行应当杀","0","2","2"
"行应当杀身","0","2","2"
"应当杀身灭","0","2","2"
"当杀身灭族","0","2","2"
"尚书大夫趟","0","2","2"
"书大夫趟并","0","2","2"
"甄丰作右伯","0","2","2"
"黄皇室主是","0","2","2"
"甄寻的妻子","0","2","2"
"法律制度和","0","2","2"
"律制度和礼","0","2","2"
"制度和礼仪","0","2","2"
"度和礼仪规","0","2","2"
"和礼仪规则","0","2","2"
"令公卿大夫","0","2","2"
"石级官吏推","0","2","2"
"级官吏推举","0","2","2"
"开垦耕种田","0","2","2"
"垦耕种田地","0","2","2"
"中郎将和绣","0","2","2"
"郎将和绣衣","0","2","2"
"将和绣衣执","0","2","2"
"和绣衣执法","0","2","2"
"分为十二路","0","2","2"
"为十二路大","0","2","2"
"十二路大军","0","2","2"
"他们消灭干","0","2","2"
"们消灭干净","0","2","2"
"就逮捕监禁","0","2","2"
"把名字报上","0","2","2"
"名字报上来","0","2","2"
"人民的心愿","0","2","2"
"便下文告说","0","2","2"
"高句骊侯鞠","0","2","2"
"恭敬地执行","0","2","2"
"二月建寅的","0","2","2"
"月建寅的初","0","2","2"
"建寅的初春","0","2","2"
"寅的初春时","0","2","2"
"的初春时节","0","2","2"
"各大臣报告","0","2","2"
"运送到长安","0","2","2"
"安葬在渭陵","0","2","2"
"昆弥的使者","0","2","2"
"的使者坐在","0","2","2"
"的使者的上","0","2","2"
"使者的上位","0","2","2"
"第二年改年","0","2","2"
"二年改年号","0","2","2"
"年改年号叫","0","2","2"
"进行巡视活","0","2","2"
"行巡视活动","0","2","2"
"敢有奔跑吵","0","2","2"
"和大司空王","0","2","2"
"应当缴上大","0","2","2"
"当缴上大司","0","2","2"
"缴上大司马","0","2","2"
"王莽大发怒","0","2","2"
"莽大发怒火","0","2","2"
"大司空的办","0","2","2"
"司空的办事","0","2","2"
"空的办事人","0","2","2"
"那个办事人","0","2","2"
"个办事人员","0","2","2"
"职务像太守","0","2","2"
"务像太守一","0","2","2"
"像太守一样","0","2","2"
"职务像都尉","0","2","2"
"务像都尉一","0","2","2"
"像都尉一样","0","2","2"
"接见他们的","0","2","2"
"见他们的礼","0","2","2"
"他们的礼仪","0","2","2"
"们的礼仪像","0","2","2"
"的礼仪像接","0","2","2"
"礼仪像接见","0","2","2"
"仪像接见三","0","2","2"
"像接见三公","0","2","2"
"接见三公一","0","2","2"
"见三公一样","0","2","2"
"每人管辖五","0","2","2"
"符命的文辞","0","2","2"
"郊区分为六","0","2","2"
"外围各县分","0","2","2"
"围各县分属","0","2","2"
"各县分属六","0","2","2"
"原来的名称","0","2","2"
"吉利的日子","0","2","2"
"单于囊知牙","0","2","2"
"跟中原和好","0","2","2"
"来中原侍奉","0","2","2"
"中原侍奉皇","0","2","2"
"原侍奉皇帝","0","2","2"
"帝的儿子登","0","2","2"
"携带一斗粮","0","2","2"
"带一斗粮食","0","2","2"
"派遣平蛮将","0","2","2"
"率领军队攻","0","2","2"
"领军队攻打","0","2","2"
"还有十一公","0","2","2"
"人成群结队","0","2","2"
"深的地方有","0","2","2"
"遭遇不幸的","0","2","2"
"遇不幸的命","0","2","2"
"进献的美好","0","2","2"
"献的美好食","0","2","2"
"按照百分比","0","2","2"
"照百分比的","0","2","2"
"百分比的多","0","2","2"
"分比的多少","0","2","2"
"比的多少来","0","2","2"
"的多少来减","0","2","2"
"多少来减少","0","2","2"
"部共十郡挂","0","2","2"
"共十郡挂起","0","2","2"
"十郡挂起钩","0","2","2"
"跟有关地区","0","2","2"
"有关地区的","0","2","2"
"关地区的灾","0","2","2"
"地区的灾害","0","2","2"
"区的灾害挂","0","2","2"
"的灾害挂起","0","2","2"
"灾害挂起钩","0","2","2"
"害挂起钩来","0","2","2"
"门发生了火","0","2","2"
"就是民间所","0","2","2"
"是民间所说","0","2","2"
"民间所说的","0","2","2"
"四科杰出者","0","2","2"
"将军廉丹和","0","2","2"
"六项管理制","0","2","2"
"像汉朝的刺","0","2","2"
"汉朝的刺史","0","2","2"
"朝的刺史一","0","2","2"
"的刺史一样","0","2","2"
"派遣使者就","0","2","2"
"遣使者就地","0","2","2"
"私自铸钱和","0","2","2"
"到达任所以","0","2","2"
"达任所以后","0","2","2"
"的计划方案","0","2","2"
"征收山林湖","0","2","2"
"收山林湖沼","0","2","2"
"山林湖沼税","0","2","2"
"全国的官吏","0","2","2"
"牟取非法利","0","2","2"
"取非法利益","0","2","2"
"告发他们的","0","2","2"
"希望用这样","0","2","2"
"望用这样的","0","2","2"
"太一和黄帝","0","2","2"
"一和黄帝都","0","2","2"
"山上演奏仙","0","2","2"
"上演奏仙乐","0","2","2"
"的官吏和平","0","2","2"
"有的说能够","0","2","2"
"引诱须卜当","0","2","2"
"外族扰乱中","0","2","2"
"翼平郡连率","0","2","2"
"平郡连率田","0","2","2"
"郡连率田况","0","2","2"
"州和徐州的","0","2","2"
"王莽听到了","0","2","2"
"华丽的车盖","0","2","2"
"发生了暴风","0","2","2"
"对此非常惊","0","2","2"
"符命文辞说","0","2","2"
"命文辞说要","0","2","2"
"文辞说要立","0","2","2"
"辞说要立王","0","2","2"
"王临在洛阳","0","2","2"
"临在洛阳建","0","2","2"
"在洛阳建国","0","2","2"
"西厢房和后","0","2","2"
"不知道怎么","0","2","2"
"知道怎么办","0","2","2"
"王临作统义","0","2","2"
"临作统义阳","0","2","2"
"盗贼没有完","0","2","2"
"贼没有完全","0","2","2"
"保全善良的","0","2","2"
"全善良的老","0","2","2"
"没收作官府","0","2","2"
"收作官府的","0","2","2"
"作官府的奴","0","2","2"
"同说侯王林","0","2","2"
"生下了儿子","0","2","2"
"下了儿子王","0","2","2"
"想要厌胜它","0","2","2"
"的美好女子","0","2","2"
"套着六匹马","0","2","2"
"加盖了御玺","0","2","2"
"实际上有一","0","2","2"
"太师和更始","0","2","2"
"师和更始将","0","2","2"
"了御玺的韶","0","2","2"
"御玺的韶书","0","2","2"
"开放东方各","0","2","2"
"放东方各处","0","2","2"
"东方各处粮","0","2","2"
"方各处粮仓","0","2","2"
"救济贫苦人","0","2","2"
"济贫苦人民","0","2","2"
"改名为长存","0","2","2"
"太师王匡和","0","2","2"
"开放各处粮","0","2","2"
"放各处粮仓","0","2","2"
"山林湖沼的","0","2","2"
"朱鲔和平林","0","2","2"
"廉丹和王匡","0","2","2"
"的部队几万","0","2","2"
"部队几万人","0","2","2"
"的精锐士兵","0","2","2"
"平定山东地","0","2","2"
"定山东地区","0","2","2"
"星光芒四射","0","2","2"
"王莽的罪恶","0","2","2"
"迅速推进所","0","2","2"
"速推进所属","0","2","2"
"推进所属各","0","2","2"
"进所属各州","0","2","2"
"所属各州郡","0","2","2"
"属各州郡的","0","2","2"
"各州郡的部","0","2","2"
"州郡的部队","0","2","2"
"郡的部队共","0","2","2"
"郾县和定陵","0","2","2"
"县和定陵县","0","2","2"
"城裹的守军","0","2","2"
"军队几千人","0","2","2"
"些情况告诉","0","2","2"
"情况告诉了","0","2","2"
"况告诉了她","0","2","2"
"派遣使者分","0","2","2"
"刘歆和王涉","0","2","2"
"把国家政权","0","2","2"
"邓晔和于匡","0","2","2"
"称为汉朝的","0","2","2"
"李松和邓晔","0","2","2"
"包围的士兵","0","2","2"
"莽的脑袋前","0","2","2"
"的脑袋前往","0","2","2"
"王莽窃取皇","0","2","2"
"有仁厚的品","0","2","2"
"仁厚的品德","0","2","2"
"史官司马迁","0","2","2"
"了汉家江山","0","2","2"
"过去预知未","0","2","2"
"去预知未来","0","2","2"
"定陶共王刘","0","2","2"
"陶共王刘康","0","2","2"
"中山孝王刘","0","2","2"
"山孝王刘兴","0","2","2"
"官至常山太","0","2","2"
"车师君各一","0","2","2"
"师君各一人","0","2","2"
"左右译长各","0","2","2"
"右译长各一","0","2","2"
"东南与且末","0","2","2"
"治所一千二","0","2","2"
"所一千二百","0","2","2"
"行射礼时要","0","2","2"
"射礼时要演","0","2","2"
"礼时要演奏","0","2","2"
