"N-gram","原文","翻译","Total"
"大司马车骑将","28","31","59"
"司马车骑将军","28","31","59"
"大司马大将军","13","16","29"
"贰师将军李广","7","22","29"
"师将军李广利","7","22","29"
"大司马卫将军","12","14","26"
"西域都护治所","0","26","26"
"都护治所乌垒","1","24","25"
"护治所乌垒城","1","23","24"
"到西域都护治","0","24","24"
"域都护治所乌","0","24","24"
"左将军上官桀","8","14","22"
"车骑将军王音","8","14","22"
"武帝元鼎六年","11","10","21"
"二百四十二年","10","10","20"
"大司马骠骑将","2","17","19"
"司马骠骑将军","2","17","19"
"关内侯的爵位","0","19","19"
"楼船将军杨仆","5","13","18"
"骠骑将军霍去","0","18","18"
"骑将军霍去病","0","18","18"
"定陵侯淳于长","0","17","17"
"度辽将军范明","7","8","15"
"后将军赵充国","7","8","15"
"左将军公孙禄","7","8","15"
"大司马票骑将","15","0","15"
"司马票骑将军","15","0","15"
"一种说法认为","0","15","15"
"有彗星出现在","0","15","15"
"这件事记载在","0","15","15"
"辽将军范明友","6","8","14"
"昭帝元凤元年","7","7","14"
"百户牛酒若干","0","14","14"
"听说了这件事","0","14","14"
"匈奴呼韩邪单","6","7","13"
"马车骑将军王","6","7","13"
"武帝建元六年","6","7","13"
"东北都护治所","13","0","13"
"二千石的官员","0","13","13"
"御史大夫桑弘","6","6","12"
"史大夫桑弘羊","6","6","12"
"太子太傅萧望","6","6","12"
"御史大夫张汤","4","8","12"
"平帝元始二年","6","6","12"
"车骑将军张安","6","6","12"
"骑将军张安世","6","6","12"
"听到这个消息","0","12","12"
"北到西域都护","0","12","12"
"侍中驸马都尉","3","8","11"
"大鸿胪田广明","3","8","11"
"成帝建始元年","5","6","11"
"御史大夫郑弘","5","6","11"
"侍中奉车都尉","6","5","11"
"都护治所二千","10","1","11"
"每百户牛酒若","0","11","11"
"前将军萧望之","0","11","11"
"这些话记载在","0","11","11"
"强弩都尉路博","5","5","10"
"弩都尉路博德","5","5","10"
"万一千五百二","5","5","10"
"一千五百二十","5","5","10"
"车骑将军许嘉","4","6","10"
"哀帝建平三年","5","5","10"
"大将军霍光秉","10","0","10"
"将军霍光秉政","10","0","10"
"舅阳平侯王凤","5","5","10"
"皇后为皇太后","0","10","10"
"女子每百户牛","0","10","10"
"子每百户牛酒","0","10","10"
"水从这裹流出","0","10","10"
"入朝拜见天子","0","10","10"
"升任御史大夫","0","10","10"
"御史大夫丙吉","4","5","9"
"侍中光禄大夫","4","5","9"
"千四百六十九","5","4","9"
"九千九百五十","4","5","9"
"御史大夫孔光","4","5","9"
"祖母定陶傅太","5","4","9"
"母定陶傅太后","5","4","9"
"千九百五十里","4","5","9"
"大逆不道之罪","0","9","9"
"二千石的官吏","0","9","9"
"古代文字记载","0","9","9"
"向东流入大海","0","9","9"
"官吏和百姓都","0","9","9"
"东北到西域都","0","9","9"
"束到西域都护","0","9","9"
"称赞的就是安","0","9","9"
"御史大夫韩安","3","5","8"
"史大夫韩安国","3","5","8"
"十一月甲子朔","6","2","8"
"游击将军韩说","3","5","8"
"始元年春正月","5","3","8"
"司农中丞耿寿","3","5","8"
"农中丞耿寿昌","3","5","8"
"御史大夫贡禹","4","4","8"
"千一百四十七","4","4","8"
"千五百三十九","4","4","8"
"成帝建始三年","4","4","8"
"十二年十二月","4","4","8"
"元寿元年正月","4","4","8"
"千三百四十里","4","4","8"
"二千五百三十","4","4","8"
"帝元鼎六年开","8","0","8"
"诸吏光禄大夫","4","4","8"
"少府五鹿充宗","4","4","8"
"赐黄金二十斤","4","4","8"
"这是他们的长","0","8","8"
"是他们的长处","0","8","8"
"个不行的原因","0","8","8"
"把这件事告诉","0","8","8"
"到自己的封国","0","8","8"
"担任御史大夫","0","8","8"
"派贰师将军李","0","8","8"
"赐爵为关内侯","0","8","8"
"鳏寡孤独高年","0","8","8"
"的祖母傅太后","0","8","8"
"把这件事交给","0","8","8"
"大将军霍光执","0","8","8"
"刘向以为后来","0","8","8"
"代文字记载认","0","8","8"
"文字记载认为","0","8","8"
"帝元鼎六年设","0","8","8"
"是什么原因呢","0","8","8"
"光禄大夫给事","0","8","8"
"禄大夫给事中","0","8","8"
"升为御史大夫","0","8","8"
"天下人都知道","0","8","8"
"过了很长时间","0","8","8"
"丞相和御史大","0","8","8"
"相和御史大夫","0","8","8"
"率领一万骑兵","0","8","8"
"听说圣明的君","0","8","8"
"治所乌垒城二","0","8","8"
"所乌垒城二千","0","8","8"
"都护治所一千","0","8","8"
"父后者爵一级","7","0","7"
"贤良方正能直","4","3","7"
"良方正能直言","4","3","7"
"御史大夫晁错","1","6","7"
"一月甲子朔旦","6","1","7"
"司马大将军王","3","4","7"
"千三百五十二","3","4","7"
"一千五百八十","3","4","7"
"春秋二百四十","4","3","7"
"秋二百四十二","4","3","7"
"骑将军上官安","1","6","7"
"建始元年正月","3","4","7"
"成帝母王太后","6","1","7"
"帝祖母傅太后","6","1","7"
"哀帝建平二年","3","4","7"
"千二百五十里","3","4","7"
"御史大夫田广","3","4","7"
"史大夫田广明","3","4","7"
"将军上官桀父","3","4","7"
"军上官桀父子","3","4","7"
"舅大将军王凤","4","3","7"
"光禄大夫事中","7","0","7"
"赐黄金二百斤","4","3","7"
"光禄大夫张猛","3","4","7"
"车骑都尉韩昌","3","4","7"
"北都护治所二","7","0","7"
"都护治所五千","4","3","7"
"西南都护治所","7","0","7"
"太皇太后下诏","1","6","7"
"皇始祖考虞帝","6","1","7"
"采纳他的意见","0","7","7"
"帝驾崩于未央","0","7","7"
"驾崩于未央宫","0","7","7"
"彗星出现于东","0","7","7"
"所经过的地方","0","7","7"
"中二千石以下","0","7","7"
"奴呼韩邪单于","0","7","7"
"犯了大逆不道","0","7","7"
"造就是所谓的","0","7","7"
"在位二十七年","0","7","7"
"星出现在东方","0","7","7"
"天帝的告诫似","0","7","7"
"帝的告诫似乎","0","7","7"
"为大司马大将","0","7","7"
"将军霍光执政","0","7","7"
"就是这个意思","0","7","7"
"百里远的地方","0","7","7"
"字记载认为是","0","7","7"
"西部都尉治理","0","7","7"
"元鼎六年设置","0","7","7"
"这是为什么呢","0","7","7"
"到了这种地步","0","7","7"
"假托朝廷命令","0","7","7"
"过了一个多月","0","7","7"
"大将军卫青出","0","7","7"
"后姐姐的儿子","0","7","7"
"王莽派遣使者","0","7","7"
"密封的奏章说","0","7","7"
"侍奉皇帝左右","0","7","7"
"呼韩邪单于的","0","7","7"
"西南到都护治","0","7","7"
"南到都护治所","0","7","7"
"到都护治所一","0","7","7"
"赞的就是安汉","0","7","7"
"的就是安汉公","0","7","7"
"就是安汉公啊","0","7","7"
"举贤良方正能","4","2","6"
"二年冬十二月","3","3","6"
"横海将军韩说","2","4","6"
"赐天下民爵一","4","2","6"
"天下民爵一级","4","2","6"
"御史大夫商丘","3","3","6"
"史大夫商丘成","3","3","6"
"奉车都尉霍光","3","3","6"
"平乐监傅介子","3","3","6"
"护西域骑都尉","3","3","6"
"大司农中丞耿","2","4","6"
"复太上皇寝庙","4","2","6"
"太上皇寝庙园","5","1","6"
"光禄大夫刘向","3","3","6"
"陈圣刘太平皇","3","3","6"
"圣刘太平皇帝","3","3","6"
"驸马都尉董贤","3","3","6"
"太史令司马迁","3","3","6"
"四千六百一十","3","3","6"
"千六百一十七","3","3","6"
"月甲子朔旦冬","5","1","6"
"八千六百四十","3","3","6"
"三千四百五十","3","3","6"
"六千八百四十","3","3","6"
"四千三百二十","3","3","6"
"八千三百六十","3","3","6"
"行一度九十二","3","3","6"
"一度九十二分","3","3","6"
"百二十九万五","3","3","6"
"二十九万五千","3","3","6"
"十九万五千三","3","3","6"
"九万五千三百","3","3","6"
"万五千三百五","3","3","6"
"五千三百五十","3","3","6"
"千四百五十五","3","3","6"
"一亿二千二百","3","3","6"
"二万九千六百","3","3","6"
"七千五百四十","3","3","6"
"二万六千六百","3","3","6"
"马车骑将军许","2","4","6"
"元帝初元元年","3","3","6"
"公十六年正月","3","3","6"
"襄公三十一年","3","3","6"
"成帝河平元年","3","3","6"
"哀帝建平四年","3","3","6"
"武帝元狩元年","3","3","6"
"成公十六年六","3","3","6"
"公十六年六月","3","3","6"
"宣帝地节元年","3","3","6"
"二十三万五千","3","3","6"
"武帝元鼎三年","3","3","6"
"五千九百五十","3","3","6"
"千八百四十里","3","3","6"
"九千八百六十","3","3","6"
"万七千七百六","3","3","6"
"七千七百六十","3","3","6"
"二千八百四十","3","3","6"
"武帝元封二年","3","3","6"
"三千三百六十","3","3","6"
"一千三百四十","1","5","6"
"二万四千三百","3","3","6"
"三万八千三百","3","3","6"
"武帝元狩三年","3","3","6"
"八千五百五十","3","3","6"
"千三百二十五","3","3","6"
"一千八百四十","2","4","6"
"千二百三十七","3","3","6"
"万四千三百八","3","3","6"
"四千三百八十","3","3","6"
"万四千七百三","3","3","6"
"四千七百三十","3","3","6"
"武帝元鼎四年","3","3","6"
"光禄大夫龚胜","3","3","6"
"帝建元六年分","3","3","6"
"千三百八十七","3","3","6"
"孝景前二年立","6","0","6"
"卫将军张安世","3","3","6"
"右将军光禄勋","3","3","6"
"时大将军霍光","1","5","6"
"大司农田延年","2","4","6"
"时中书令石显","1","5","6"
"御史中丞陈咸","3","3","6"
"将作大匠解万","2","4","6"
"作大匠解万年","2","4","6"
"司隶校尉王尊","2","4","6"
"东郡太守翟义","4","2","6"
"骠骑将军王根","1","5","6"
"舅阳安侯丁明","3","3","6"
"皇帝敬问匈奴","3","3","6"
"帝敬问匈奴大","3","3","6"
"敬问匈奴大单","3","3","6"
"戊己校尉刀护","3","3","6"
"厌难将军陈钦","3","3","6"
"二千七百三十","3","3","6"
"破羌将军辛武","1","5","6"
"羌将军辛武贤","1","5","6"
"南都护治所千","6","0","6"
"平安刚侯夫人","3","3","6"
"皇初祖考黄帝","3","3","6"
"平蛮将军冯茂","3","3","6"
"一部二十五郡","3","3","6"
"高祖平定天下","0","6","6"
"有彗星出现于","0","6","6"
"虚闾权渠单于","0","6","6"
"子太傅萧望之","0","6","6"
"王莽为大司马","0","6","6"
"减去其中之一","0","6","6"
"一万一千五百","0","6","6"
"去掉一天的一","0","6","6"
"掉一天的一半","0","6","6"
"一天运行一度","0","6","6"
"说他在位二十","0","6","6"
"的有一百多人","0","6","6"
"过了一段时间","0","6","6"
"其正面的文字","0","6","6"
"星出现在西方","0","6","6"
"运行失常于杓","0","6","6"
"行失常于杓星","0","6","6"
"刘向认为这是","0","6","6"
"有一种说法认","0","6","6"
"在这种情况下","0","6","6"
"民众的男女比","0","6","6"
"众的男女比例","0","6","6"
"的男女比例是","0","6","6"
"的三个儿子都","0","6","6"
"没有不知道的","0","6","6"
"周边少数民族","0","6","6"
"用这样的办法","0","6","6"
"中二千石的官","0","6","6"
"说圣明的君王","0","6","6"
"为大司马车骑","0","6","6"
"做了御史大夫","0","6","6"
"考察官吏政绩","0","6","6"
"奉皇帝左右的","0","6","6"
"皇帝左右的人","0","6","6"
"汉朝派中郎将","0","6","6"
"束到都护治所","0","6","6"
"被册立为皇后","0","6","6"
"宣布全国大赦","0","6","6"
"太尉长安侯卢","2","3","5"
"尉长安侯卢绾","2","3","5"
"赐黄金五百斤","2","3","5"
"皇后曰皇太后","5","0","5"
"方正能直言极","3","2","5"
"正能直言极谏","3","2","5"
"车骑将军卫青","1","4","5"
"伏波将军路博","1","4","5"
"波将军路博德","1","4","5"
"御史大夫暴胜","2","3","5"
"元元年春正月","2","3","5"
"稻田使者燕仓","3","2","5"
"上官桀等谋反","3","2","5"
"司马大将军博","2","3","5"
"马大将军博陆","2","3","5"
"大将军博陆侯","2","3","5"
"贤良方正直言","2","3","5"
"方正直言极谏","3","2","5"
"酒泉太守辛武","2","3","5"
"泉太守辛武贤","2","3","5"
"右将军冯奉世","2","3","5"
"车骑将军王舜","2","3","5"
"千八百二十四","3","2","5"
"万一千二百八","3","2","5"
"一千二百八十","2","3","5"
"三百五十二分","2","3","5"
"万九千六百五","4","1","5"
"司马卫将军辅","2","3","5"
"中垒校尉刘歆","2","3","5"
"百四十二年间","3","2","5"
"永始二年二月","3","2","5"
"襄公二十八年","2","3","5"
"昭帝始元元年","2","3","5"
"元延元年正月","2","3","5"
"魏郡太守京房","2","3","5"
"中书令石显事","5","0","5"
"马大将军王凤","2","3","5"
"子新都侯王莽","2","3","5"
"十一月癸卯晦","3","2","5"
"二千四百六十","2","3","5"
"万六千三百七","2","3","5"
"六千三百七十","2","3","5"
"三千一百二十","3","2","5"
"宣帝本始元年","2","3","5"
"长信少府夏侯","3","2","5"
"信少府夏侯胜","3","2","5"
"阳平侯王凤大","5","0","5"
"御史大夫周昌","1","4","5"
"太中大夫谷永","3","2","5"
"日逐王先贤掸","3","2","5"
"宣帝神爵二年","2","3","5"
"大司农韩安国","2","3","5"
"车骑将军韩增","2","3","5"
"富平侯张延寿","2","3","5"
"御史大夫繁延","2","3","5"
"史大夫繁延寿","2","3","5"
"加赐黄金二十","3","2","5"
"光禄大夫周堪","2","3","5"
"根大司马票骑","5","0","5"
"奉车都尉刘歆","2","3","5"
"大将军王凤辅","2","3","5"
"侍中乐陵侯史","2","3","5"
"中乐陵侯史高","2","3","5"
"左将军光禄勋","3","2","5"
"白太后下诏曰","5","0","5"
"长安八千三百","3","2","5"
"长安九千九百","3","2","5"
"安九千九百五","3","2","5"
"千五百五十里","3","2","5"
"一千三百一十","1","4","5"
"长安八千六百","4","1","5"
"立国将军孙建","2","3","5"
"州一部二十五","3","2","5"
"更始将军廉丹","2","3","5"
"考虑减免刑罚","0","5","5"
"的自然之性是","0","5","5"
"告诫似乎在说","0","5","5"
"把女儿嫁给他","0","5","5"
"宣布大赦天下","0","5","5"
"禄为二千石的","0","5","5"
"让自己的儿子","0","5","5"
"秋七月三十日","0","5","5"
"单于派使者来","0","5","5"
"寡孤独高年帛","0","5","5"
"孤独高年帛若","0","5","5"
"独高年帛若干","0","5","5"
"夏四月三十日","0","5","5"
"刘景为定陶王","0","5","5"
"早晨开始出现","0","5","5"
"说他在位三十","0","5","5"
"他哥哥的儿子","0","5","5"
"在位三十三年","0","5","5"
"朔日天明冬至","0","5","5"
"距辛亥有一百","0","5","5"
"在位二十一年","0","5","5"
"在位二十二年","0","5","5"
"为非作歹的人","0","5","5"
"造就是所说的","0","5","5"
"正面的文字为","0","5","5"
"对应的分野之","0","5","5"
"应的分野之国","0","5","5"
"有一种说法是","0","5","5"
"的告诫似乎是","0","5","5"
"告诫似乎是说","0","5","5"
"王凤为大司马","0","5","5"
"到皇帝的宠幸","0","5","5"
"这件事告诉了","0","5","5"
"刘向认为这近","0","5","5"
"刘向以为这时","0","5","5"
"上天像是警戒","0","5","5"
"天像是警戒说","0","5","5"
"里远的地方缴","0","5","5"
"行程一千三百","0","5","5"
"也认为是这样","0","5","5"
"是什么样的人","0","5","5"
"派使者拿着符","0","5","5"
"使者拿着符节","0","5","5"
"有比这更大的","0","5","5"
"现在陛下能吗","0","5","5"
"在陛下能吗?","0","5","5"
"天下人没有不","0","5","5"
"东方朔回答说","0","5","5"
"没有什么可以","0","5","5"
"善良的老百姓","0","5","5"
"使者出使匈奴","0","5","5"
"认为他有才能","0","5","5"
"大逆不道的罪","0","5","5"
"景帝前元二年","0","5","5"
"跟随大将军卫","0","5","5"
"随大将军卫青","0","5","5"
"次跟随大将军","0","5","5"
"合骑侯公孙敖","0","5","5"
"投降的匈奴人","0","5","5"
"的官吏和百姓","0","5","5"
"左丞相刘屈牦","0","5","5"
"将军李广利率","0","5","5"
"因为通晓经术","0","5","5"
"他们的妻子儿","0","5","5"
"们的妻子儿女","0","5","5"
"假托皇帝命令","0","5","5"
"官至御史大夫","0","5","5"
"太后姐姐的儿","0","5","5"
"一封密封的奏","0","5","5"
"封密封的奏章","0","5","5"
"帝左右的人是","0","5","5"
"二千石级的官","0","5","5"
"进上密封的奏","0","5","5"
"身份讲论于石","0","5","5"
"份讲论于石渠","0","5","5"
"率领二万骑兵","0","5","5"
"握衍朐千单于","0","5","5"
"呼韩邪单于又","0","5","5"
"东到长安一万","0","5","5"
"到长安一万零","0","5","5"
"治所乌垒城五","0","5","5"
"所乌垒城五千","0","5","5"
"王夫人的儿子","0","5","5"
"太后下诏书说","0","5","5"
"百石级改名叫","0","5","5"
"伟大的皇始祖","0","5","5"
"大的皇始祖考","0","5","5"
"的皇始祖考虞","0","5","5"
"皇始祖考虞舜","0","5","5"
"五郡挂起钩来","0","5","5"
"郁郁乎文哉吾","4","0","4"
"郁乎文哉吾周","4","0","4"
"秦二世元年秋","2","2","4"
"二世元年秋七","2","2","4"
"世元年秋七月","2","2","4"
"齐王建孙田安","4","0","4"
"发长安六百里","2","2","4"
"太后临朝称制","3","1","4"
"朱虚侯刘章等","2","2","4"
"能直言极谏者","4","0","4"
"十二年冬十二","2","2","4"
"三年冬十一月","2","2","4"
"条侯周亚夫下","2","2","4"
"侯周亚夫下狱","2","2","4"
"皇太后同母弟","2","2","4"
"御史大夫赵绾","2","2","4"
"卫尉李广骁骑","4","0","4"
"尉李广骁骑将","4","0","4"
"李广骁骑将军","4","0","4"
"元年冬十一月","2","2","4"
"大将军卫青将","4","0","4"
"卫青将六将军","4","0","4"
"中二千石爵右","2","2","4"
"二千石爵右庶","2","2","4"
"千石爵右庶长","2","2","4"
"拔胡将军郭昌","2","2","4"
"贰师将军广利","3","1","4"
"车骑将军金日","2","2","4"
"齐孝王孙刘泽","3","1","4"
"将军范明友击","2","2","4"
"元平元年四月","2","2","4"
"车骑将军光禄","2","2","4"
"骑将军光禄勋","2","2","4"
"将军光禄勋富","2","2","4"
"军光禄勋富平","2","2","4"
"光禄勋富平侯","2","2","4"
"禄勋富平侯安","2","2","4"
"勋富平侯安世","2","2","4"
"车骑将军安世","2","2","4"
"郡国举贤良方","3","1","4"
"国举贤良方正","3","1","4"
"天下父后者爵","4","0","4"
"良方正直言极","2","2","4"
"都护西域骑都","2","2","4"
"西域骑都尉郑","2","2","4"
"域骑都尉郑吉","2","2","4"
"左冯翊韩延寿","2","2","4"
"长乐卫尉高昌","2","2","4"
"乐卫尉高昌侯","2","2","4"
"吏民五十户牛","3","1","4"
"遣谏大夫博士","3","1","4"
"孝昭太后寝园","2","2","4"
"禄大夫刘向校","2","2","4"
"中山孝王太后","2","2","4"
"弟宜乡侯冯参","2","2","4"
"待诏夏贺良等","2","2","4"
"中驸马都尉董","1","3","4"
"元寿二年六月","2","2","4"
"大司马博陆侯","2","2","4"
"太仆王恽等八","2","2","4"
"仆王恽等八人","2","2","4"
"侯王二十八人","2","2","4"
"六千五百六十","2","2","4"
"万九千六百八","2","2","4"
"九千六百八十","2","2","4"
"千六百八十三","2","2","4"
"史令司马迁等","2","2","4"
"十二万六千五","2","2","4"
"二万六千五百","2","2","4"
"一千五百三十","1","3","4"
"千三百四十五","2","2","4"
"千四百六十八","2","2","4"
"千七百二十八","2","2","4"
"万六千八百四","2","2","4"
"一千七百四十","2","2","4"
"万三千八百二","2","2","4"
"三千八百二十","2","2","4"
"二千九百一十","2","2","4"
"九千二百一十","2","2","4"
"千一百二十六","2","2","4"
"四千六百八十","2","2","4"
"百八十二万八","2","2","4"
"八十二万八千","2","2","4"
"十二万八千三","2","2","4"
"二万八千三百","2","2","4"
"万八千三百六","2","2","4"
"千三百六十五","2","2","4"
"六万一千二百","2","2","4"
"定行星二百四","2","2","4"
"行星二百四十","2","2","4"
"万七千四百六","2","2","4"
"七千四百六十","2","2","4"
"八十六万二千","2","2","4"
"十六万二千四","2","2","4"
"六万二千四百","2","2","4"
"万二千四百五","2","2","4"
"二千四百五十","2","2","4"
"四百五十五分","2","2","4"
"三万二千六百","2","2","4"
"千五百六十八","2","2","4"
"五百六十八万","2","2","4"
"百六十八万九","2","2","4"
"六十八万九千","2","2","4"
"度八百二十一","2","2","4"
"八百二十一万","2","2","4"
"百二十一万八","2","2","4"
"二十一万八千","2","2","4"
"十一万八千五","3","1","4"
"千三百五十五","2","2","4"
"度四千六百六","2","2","4"
"四千六百六十","2","2","4"
"千六百六十一","2","2","4"
"六百六十一万","2","2","4"
"一百二十八分","2","2","4"
"六十六万二千","2","2","4"
"六万二千八百","2","2","4"
"千五百四十一","2","2","4"
"四万一千四百","2","2","4"
"一千四百八十","1","3","4"
"十二月乙丑朔","2","2","4"
"三万二千一百","2","2","4"
"年正月己巳朔","2","2","4"
"年正月戊申朔","2","2","4"
"二年十一月癸","2","2","4"
"哀帝定陶王时","4","0","4"
"成帝鸿嘉元年","1","3","4"
"举贤良文学士","4","0","4"
"二千一百六十","2","2","4"
"京兆尹张敞上","2","2","4"
"骑将军许嘉等","2","2","4"
"皇太后诏司曰","4","0","4"
"平帝元始五年","2","2","4"
"地节元年正月","2","2","4"
"河平元年三月","2","2","4"
"年十二月己卯","2","2","4"
"陈留太守严普","2","2","4"
"哀帝建平元年","2","2","4"
"帝建平元年正","2","2","4"
"建平元年正月","2","2","4"
"平元年正月丁","2","2","4"
"元年正月丁未","2","2","4"
"三年十一月壬","2","2","4"
"哀公三年五月","2","2","4"
"帝建元六年六","2","2","4"
"建元六年六月","2","2","4"
"成帝河平二年","2","2","4"
"元帝初元三年","2","2","4"
"帝建始元年正","2","2","4"
"始元年正月乙","2","2","4"
"三年八月乙卯","2","2","4"
"元帝永光五年","2","2","4"
"昭公二十一年","2","2","4"
"尊皇后皇太后","4","0","4"
"公十五年正月","2","2","4"
"帝元凤元年九","2","2","4"
"元凤元年九月","2","2","4"
"成帝建始四年","2","2","4"
"元帝初元四年","2","2","4"
"景帝三年二月","2","2","4"
"元凤三年正月","2","2","4"
"王者易姓告代","4","0","4"
"武帝元狩六年","2","2","4"
"僖公三十三年","2","2","4"
"公三十三年十","2","2","4"
"三十三年十二","2","2","4"
"十三年十二月","2","2","4"
"成帝永始元年","2","2","4"
"帝建平四年四","2","2","4"
"建平四年四月","2","2","4"
"宣帝地节四年","2","2","4"
"景帝中三年秋","2","2","4"
"十六年六月甲","2","2","4"
"六年六月甲午","2","2","4"
"年六月甲午晦","2","2","4"
"舅大司马大将","2","2","4"
"惠帝二年正月","2","2","4"
"将军张安世谋","3","1","4"
"帝建始三年十","2","2","4"
"十五年六月辛","2","2","4"
"年十二月癸亥","2","2","4"
"十七年十二月","2","2","4"
"年正月辛丑朔","2","2","4"
"元年十二月乙","2","2","4"
"年正月己亥朔","2","2","4"
"大将军霍光薨","3","1","4"
"元始二年六月","2","2","4"
"十四万六千二","2","2","4"
"四万六千二百","2","2","4"
"一万六千三百","1","3","4"
"千三百七十七","2","2","4"
"万五千九百五","2","2","4"
"六万九千八百","2","2","4"
"万九千八百六","2","2","4"
"十三万七千七","2","2","4"
"三万七千七百","2","2","4"
"千六百八十里","2","2","4"
"十万一千二百","2","2","4"
"千二百九十七","2","2","4"
"万六千二百八","2","2","4"
"六千二百八十","2","2","4"
"千三百六十里","2","2","4"
"二十六万一千","2","2","4"
"千五百八十七","2","2","4"
"十五万九千三","2","2","4"
"五万九千三百","2","2","4"
"万七千五百四","2","2","4"
"万二千八百四","2","2","4"
"千二百八十八","2","2","4"
"宣帝甘露二年","2","2","4"
"千一百一十里","2","2","4"
"二千七百六十","2","2","4"
"千七百六十四","2","2","4"
"万六千七百二","2","2","4"
"六千七百二十","2","2","4"
"万三千二百九","2","2","4"
"三千二百九十","2","2","4"
"千二百九十二","2","2","4"
"千六百九十三","2","2","4"
"九千三百五十","2","2","4"
"二十六万八千","2","2","4"
"十六万八千二","2","2","4"
"六万八千二百","2","2","4"
"八千二百八十","2","2","4"
"千二百八十三","2","2","4"
"十万五千一百","2","2","4"
"六万七千四百","2","2","4"
"千九百八十里","2","2","4"
"四千一百七十","2","2","4"
"千一百七十七","2","2","4"
"千五百三十里","2","2","4"
"千八百九十里","2","2","4"
"千四百一十九","2","2","4"
"万九千四百八","2","2","4"
"九千四百八十","2","2","4"
"千五百六十里","2","2","4"
"万三千三百六","2","2","4"
"万八千六百四","2","2","4"
"十三万五千五","2","2","4"
"三万五千五百","2","2","4"
"千八百七十里","2","2","4"
"七万六千四百","2","2","4"
"武帝太初元年","2","2","4"
"千一百三十七","2","2","4"
"二千七百二十","2","2","4"
"四千四百六十","2","2","4"
"八千八百三十","2","2","4"
"千三百二十八","2","2","4"
"万八千五百五","2","2","4"
"十六万三千一","2","2","4"
"六万三千一百","2","2","4"
"千一百四十四","2","2","4"
"万三千四百五","2","2","4"
"万六千七百七","2","2","4"
"六千七百七十","2","2","4"
"五万五千九百","2","2","4"
"万二千五百三","2","2","4"
"万一千八百四","2","2","4"
"十万六千七百","2","2","4"
"万六千二百三","2","2","4"
"六千二百三十","2","2","4"
"五千三百九十","2","2","4"
"千五百五十八","2","2","4"
"武帝建元四年","2","2","4"
"五千五百五十","2","2","4"
"千三百八十四","2","2","4"
"二万三千三百","2","2","4"
"六千七百五十","2","2","4"
"千七百三十八","2","2","4"
"千三百一十四","2","2","4"
"四千五百一十","2","2","4"
"御史大夫尹忠","2","2","4"
"说大将军王凤","3","1","4"
"一百二十三篇","1","3","4"
"使者高陵君显","2","2","4"
"钟离<目末>","4","0","4"
"公子横阳君成","2","2","4"
"大小夏侯尚书","2","2","4"
"食邑二千五百","2","2","4"
"邑二千五百户","2","2","4"
"御史大夫贾延","3","1","4"
"左曹光禄大夫","2","2","4"
"安国御史大夫","4","0","4"
"中大夫谷永上","2","2","4"
"莽白太皇太后","4","0","4"
"故天下咸知陛","4","0","4"
"天下咸知陛下","4","0","4"
"御史大夫周苛","2","2","4"
"持节护乌孙兵","3","1","4"
"强弩将军许延","2","2","4"
"弩将军许延寿","2","2","4"
"子右贤王铢娄","2","2","4"
"右贤王铢娄渠","2","2","4"
"贤王铢娄渠堂","2","2","4"
"王铢娄渠堂入","2","2","4"
"骑都尉光禄大","2","2","4"
"都尉光禄大夫","2","2","4"
"八千七百一十","2","2","4"
"三万六千二百","2","2","4"
"万七千三百三","2","2","4"
"七千三百三十","2","2","4"
"五千七百七十","2","2","4"
"千七百七十九","2","2","4"
"五千八百八十","2","2","4"
"千八百八十八","2","2","4"
"千七百六十八","2","2","4"
"六万四千五百","2","2","4"
"万一千七百七","2","2","4"
"一千七百七十","2","2","4"
"六万二千二百","2","2","4"
"三百三十三万","2","2","4"
"百三十三万四","2","2","4"
"三十三万四千","2","2","4"
"十三万四千七","2","2","4"
"三万四千七百","2","2","4"
"千七百三十七","2","2","4"
"七百三十七分","2","2","4"
"度四百三十六","2","2","4"
"四百三十六万","2","2","4"
"百三十六万五","2","2","4"
"三十六万五千","2","2","4"
"十六万五千二","2","2","4"
"六万五千二百","2","2","4"
"万五千二百二","2","2","4"
"五千二百二十","2","2","4"
"千二百二十分","2","2","4"
"千四百四十四","2","2","4"
"七千一百七十","2","2","4"
"千七百四十一","2","2","4"
"千七百七十四","2","2","4"
"太史令胡母敬","2","2","4"
"元帝时黄门令","2","2","4"
"帝时黄门令史","2","2","4"
"时黄门令史游","2","2","4"
"成帝时将作大","2","2","4"
"帝时将作大匠","2","2","4"
"时将作大匠李","2","2","4"
"将作大匠李长","2","2","4"
"主爵都尉汲黯","2","2","4"
"浞野侯赵破奴","1","3","4"
"卫将军富平侯","2","2","4"
"御史大夫魏相","2","2","4"
"擅召中二千石","2","2","4"
"帝舅大将军王","2","2","4"
"京兆尹王章上","2","2","4"
"卫尉定陵侯淳","2","2","4"
"鄂邑盖长公主","2","2","4"
"益州刺史王襄","2","2","4"
"御史大夫陈万","2","2","4"
"史大夫陈万年","2","2","4"
"北军使者任安","2","2","4"
"左将军辛庆忌","2","2","4"
"皇帝问后将军","4","0","4"
"车骑将军史高","1","3","4"
"寿元年正月朔","3","1","4"
"元年正月朔日","2","2","4"
"光禄大夫孔光","2","2","4"
"太子师友祭酒","2","2","4"
"谏大夫尹更始","2","2","4"
"大夫尹更始等","2","2","4"
"舅曲阳侯王根","2","2","4"
"曲阳侯王根大","3","1","4"
"阳侯王根大司","3","1","4"
"侯王根大司马","3","1","4"
"司隶校尉解光","2","2","4"
"御史大夫张谭","1","3","4"
"中谒者令史立","2","2","4"
"前将军光禄勋","2","2","4"
"右将军典属国","2","2","4"
"长舅阳平侯王","2","2","4"
"马骠骑将军王","1","3","4"
"帝祖母定陶傅","4","0","4"
"定陶共王太后","2","2","4"
"太中大夫蜀郡","2","2","4"
"驸马都尉侍中","2","2","4"
"帝舅阳安侯丁","3","1","4"
"莽白太后下诏","4","0","4"
"琅邪太守冯野","2","2","4"
"邪太守冯野王","2","2","4"
"长安令田终术","2","2","4"
"轻车将军成武","2","2","4"
"车将军成武侯","2","2","4"
"将军成武侯孙","2","2","4"
"军成武侯孙建","2","2","4"
"宗伯忠孝侯刘","2","2","4"
"伯忠孝侯刘宏","2","2","4"
"大司马新都侯","2","2","4"
"大司马曲阳侯","2","2","4"
"定陶共皇太后","2","2","4"
"七百二十九赞","2","2","4"
"小昆弥乌就屠","2","2","4"
"车师后王须置","2","2","4"
"师后王须置离","2","2","4"
"震狄将军王巡","2","2","4"
"宁始将军廉丹","2","2","4"
"二千二百五十","2","2","4"
"千二百一十里","2","2","4"
"二千八百五十","2","2","4"
"九千二百八十","2","2","4"
"都护治所三千","3","1","4"
"都护治所四千","4","0","4"
"莎车五百四十","2","2","4"
"车五百四十里","2","2","4"
"雷五百四十里","2","2","4"
"万二千二百里","2","2","4"
"万一千六百里","2","2","4"
"八千三百五十","2","2","4"
"千三百五十里","2","2","4"
"治所乌垒城三","1","3","4"
"长安八千八百","3","1","4"
"五百七十二人","2","2","4"
"左右都尉一人","4","0","4"
"八千一百五十","2","2","4"
"千一百五十里","2","2","4"
"戊己校尉郭钦","2","2","4"
"置园邑二百家","4","0","4"
"前平安刚侯夫","2","2","4"
"新室文母太皇","2","2","4"
"室文母太皇太","2","2","4"
"文母太皇太后","2","2","4"
"后将军公孙禄","2","2","4"
"元始元年正月","2","2","4"
"骑将军安阳侯","2","2","4"
"保成师友祭酒","2","2","4"
"遣平蛮将军冯","2","2","4"
"遣大司空王邑","2","2","4"
"万二千五百人","2","2","4"
"一万二千五百","1","3","4"
"太师牺仲景尚","2","2","4"
"更始将军史谌","2","2","4"
"千八百二十里","2","2","4"
"左右骑君一人","4","0","4"
"人伦五常中的","0","4","4"
"所纳租赋是第","0","4","4"
"是理所当然的","0","4","4"
"田安为济北王","0","4","4"
"二月二十八日","0","4","4"
"辟阳侯审食其","0","4","4"
"为二千石的官","0","4","4"
"为父亲的继承","0","4","4"
"父亲的继承人","0","4","4"
"亲的继承人的","0","4","4"
"十一月三十日","0","4","4"
"推举贤良方正","0","4","4"
"彗星出现于西","0","4","4"
"大将军卫青率","0","4","4"
"二千石以下至","0","4","4"
"骠骑将军上官","0","4","4"
"与大将军霍光","0","4","4"
"大将军霍光去","0","4","4"
"将军霍光去世","0","4","4"
"举荐贤良方正","0","4","4"
"赦免天下囚徒","0","4","4"
"诏令有关机构","0","4","4"
"呼韩邪单于来","0","4","4"
"韩邪单于来朝","0","4","4"
"元年正月初一","0","4","4"
"定陶王的祖母","0","4","4"
"皇太后下诏说","0","4","4"
"国家长治久安","0","4","4"
"中二千石举荐","0","4","4"
"新都侯王莽为","0","4","4"
"子刘成都为中","0","4","4"
"刘成都为中山","0","4","4"
"成都为中山王","0","4","4"
"以下至六百石","0","4","4"
"王莽把持朝政","0","4","4"
"变风气转换习","0","4","4"
"风气转换习俗","0","4","4"
"的中间数字是","0","4","4"
"平分为三再增","0","4","4"
"分为三再增加","0","4","4"
"天运行一度九","0","4","4"
"前面方法一样","0","4","4"
"百官师长都以","0","4","4"
"那裹接受帝位","0","4","4"
"武王讨伐商纣","0","4","4"
"在位三十七年","0","4","4"
"在位二十三年","0","4","4"
"方极远的地方","0","4","4"
"敬酒祝寿的音","0","4","4"
"酒祝寿的音乐","0","4","4"
"祝寿的音乐的","0","4","4"
"寿的音乐的人","0","4","4"
"的音乐的人有","0","4","4"
"音乐的人有十","0","4","4"
"很长一段时间","0","4","4"
"十分之一的税","0","4","4"
"以私人名义占","0","4","4"
"私人名义占有","0","4","4"
"听从了他们的","0","4","4"
"百姓流离失所","0","4","4"
"没有听从他的","0","4","4"
"天下刚刚安定","0","4","4"
"那么百姓就不","0","4","4"
"么百姓就不会","0","4","4"
"左庶长的爵位","0","4","4"
"周公辅佐成王","0","4","4"
"所居住的地方","0","4","4"
"任大司马卫将","0","4","4"
"孝文帝的时候","0","4","4"
"有白衣之会的","0","4","4"
"白衣之会的丧","0","4","4"
"衣之会的丧事","0","4","4"
"中说不出三月","0","4","4"
"说不出三月就","0","4","4"
"不出三月就生","0","4","4"
"出三月就生成","0","4","4"
"其分野之国有","0","4","4"
"金星留在它的","0","4","4"
"隐没而不隐没","0","4","4"
"金星出现在西","0","4","4"
"星会合则预示","0","4","4"
"国的疆域占验","0","4","4"
"的疆域占验在","0","4","4"
"离地大约六丈","0","4","4"
"彗星出现在西","0","4","4"
"的告诫似乎在","0","4","4"
"这是怎么回事","0","4","4"
"的另一个儿子","0","4","4"
"阙楼发生火灾","0","4","4"
"凤为大司马大","0","4","4"
"与两个小叔子","0","4","4"
"受到皇帝的宠","0","4","4"
"有关官员奏请","0","4","4"
"的儿子为太子","0","4","4"
"出现的妖祥就","0","4","4"
"现的妖祥就是","0","4","4"
"三位将军率军","0","4","4"
"发生了螟虫灾","0","4","4"
"生了螟虫灾害","0","4","4"
"虫就吃掉禾苗","0","4","4"
"就吃掉禾苗的","0","4","4"
"是国家灭亡的","0","4","4"
"是国家的根本","0","4","4"
"董仲舒以为宿","0","4","4"
"仲舒以为宿星","0","4","4"
"舒以为宿星在","0","4","4"
"刘歆以为三月","0","4","4"
"是为什么呢?","0","4","4"
"日食三十六次","0","4","4"
"有两块陨石坠","0","4","4"
"两块陨石坠于","0","4","4"
"远的地方缴纳","0","4","4"
"行程一千八百","0","4","4"
"从长江接受水","0","4","4"
"长江接受水源","0","4","4"
"向东流入长江","0","4","4"
"行程一千一百","0","4","4"
"东北流入大海","0","4","4"
"南部都尉治理","0","4","4"
"行程一千二百","0","4","4"
"中部都尉治理","0","4","4"
"汉朝建立以来","0","4","4"
"有能干的名声","0","4","4"
"的军队驻扎在","0","4","4"
"回军平定三秦","0","4","4"
"善于骑马射箭","0","4","4"
"率领五千骑兵","0","4","4"
"听从了他的计","0","4","4"
"生了一个儿子","0","4","4"
"以校尉的身份","0","4","4"
"有人上书告发","0","4","4"
"景帝前元三年","0","4","4"
"升为光禄大夫","0","4","4"
"没有比这更大","0","4","4"
"千户作为食邑","0","4","4"
"沛公作了汉王","0","4","4"
"跟从汉王攻打","0","4","4"
"天下刚刚平定","0","4","4"
"任命御史大夫","0","4","4"
"什么这样说呢","0","4","4"
"被围困在平城","0","4","4"
"与淮南王谋反","0","4","4"
"他为御史大夫","0","4","4"
"这是什么原因","0","4","4"
"还在襁褓之中","0","4","4"
"没有什么不同","0","4","4"
"是国家的重臣","0","4","4"
"多次受到皇上","0","4","4"
"呼韩邪单于派","0","4","4"
"冯参为宜乡侯","0","4","4"
"在位二十六年","0","4","4"
"因为这个缘故","0","4","4"
"听不到自己的","0","4","4"
"不到自己的过","0","4","4"
"到自己的过错","0","4","4"
"皇上认为他的","0","4","4"
"没有什么值得","0","4","4"
"氏家族中一共","0","4","4"
"家族中一共有","0","4","4"
"公就是这样的","0","4","4"
"就是这样的人","0","4","4"
"王莽十分高兴","0","4","4"
"不要违背我的","0","4","4"
"一定亲自携带","0","4","4"
"每到一县就要","0","4","4"
"到一县就要参","0","4","4"
"一县就要参加","0","4","4"
"商汤和周武王","0","4","4"
"审理刑狱的官","0","4","4"
"理刑狱的官吏","0","4","4"
"不知如何是好","0","4","4"
"天下的老百姓","0","4","4"
"击匈奴的辎重","0","4","4"
"在景帝前元二","0","4","4"
"位二十七年薨","0","4","4"
"在位二十八年","0","4","4"
"跟随大将军出","0","4","4"
"跟随骠骑将军","0","4","4"
"将军攻打匈奴","0","4","4"
"派因杆将军公","0","4","4"
"因杆将军公孙","0","4","4"
"杆将军公孙敖","0","4","4"
"内侯的爵位和","0","4","4"
"生下一个儿子","0","4","4"
"爵位为关内侯","0","4","4"
"跟从骠骑将军","0","4","4"
"大司马的职位","0","4","4"
"有异乎寻常的","0","4","4"
"二千石级官吏","0","4","4"
"大将军霍光与","0","4","4"
"是圣明的君王","0","4","4"
"他为光禄大夫","0","4","4"
"任命为光禄大","0","4","4"
"命为光禄大夫","0","4","4"
"的人都称赞他","0","4","4"
"皇帝问候后将","0","4","4"
"帝问候后将军","0","4","4"
"希望陛下明察","0","4","4"
"一千五百一十","0","4","4"
"被任命为大司","0","4","4"
"任命为大司马","0","4","4"
"被征召为博士","0","4","4"
"采纳了他的意","0","4","4"
"纳了他的意见","0","4","4"
"上书请求告老","0","4","4"
"请求告老还乡","0","4","4"
"的爵位和封邑","0","4","4"
"我听说圣明的","0","4","4"
"傅太后的旨意","0","4","4"
"圣明的君王制","0","4","4"
"察官吏政绩的","0","4","4"
"了一封密封的","0","4","4"
"的人是正直的","0","4","4"
"张敞做京兆尹","0","4","4"
"上密封的奏章","0","4","4"
"千石级的官员","0","4","4"
"在诸侯王之上","0","4","4"
"在当时很有名","0","4","4"
"了大逆不道之","0","4","4"
"帝的祖母定陶","0","4","4"
"的祖母定陶傅","0","4","4"
"把政事委托给","0","4","4"
"大司马的印信","0","4","4"
"王莽禀告太后","0","4","4"
"上密封的奏书","0","4","4"
"家中世代传授","0","4","4"
"皇上认为他有","0","4","4"
"吴楚七国叛乱","0","4","4"
"求与汉朝和亲","0","4","4"
"汉朝派贰师将","0","4","4"
"朝派贰师将军","0","4","4"
"率三万多骑兵","0","4","4"
"南粤王和王太","0","4","4"
"粤王和王太后","0","4","4"
"随牲畜逐水草","0","4","4"
"牲畜逐水草而","0","4","4"
"畜逐水草而居","0","4","4"
"东到长安九千","0","4","4"
"治所乌垒城四","0","4","4"
"所乌垒城四千","0","4","4"
"束到长安一万","0","4","4"
"国王治玉山东","0","4","4"
"左右都尉各一","0","4","4"
"右都尉各一人","0","4","4"
"设置陵园和二","0","4","4"
"置陵园和二百","0","4","4"
"陵园和二百户","0","4","4"
"园和二百户人","0","4","4"
"和二百户人家","0","4","4"
"共王母和丁姬","0","4","4"
"这称赞的就是","0","4","4"
"千石级改名叫","0","4","4"
"王莽下文告说","0","4","4"
"担任宁始将军","0","4","4"
"部二十五郡挂","0","4","4"
"二十五郡挂起","0","4","4"
"十五郡挂起钩","0","4","4"
"束到长安八千","0","4","4"
"左右骑君各一","0","4","4"
"右骑君各一人","0","4","4"
"故齐王建孙田","3","0","3"
"沛公左司马曹","2","1","3"
"越击杀济北王","2","1","3"
"击常山王张耳","1","2","3"
"楚大司马周殷","2","1","3"
"功臣二十余人","2","1","3"
"汉后五十年东","2","1","3"
"后五十年东南","2","1","3"
"吏六百石上爵","3","0","3"
"男女十四万六","2","1","3"
"十四万六千人","2","1","3"
"帝姊鲁元公主","3","0","3"
"皆赐爵关内侯","3","0","3"
"齐悼惠王子朱","2","1","3"
"悼惠王子朱虚","2","1","3"
"惠王子朱虚侯","2","1","3"
"王子朱虚侯章","2","1","3"
"虚侯刘章等共","2","1","3"
"侯刘章等共诛","2","1","3"
"民父后者爵一","3","0","3"
"十一月丁卯晦","2","1","3"
"淮南王长谋反","2","1","3"
"使者冠盖相望","3","0","3"
"斩首十余万级","2","1","3"
"吏二千石黄金","1","2","3"
"安国护军将军","3","0","3"
"太中大夫李息","2","1","3"
"骑将军公孙敖","1","2","3"
"将军韩安国屯","2","1","3"
"将军卫青将六","3","0","3"
"军卫青将六将","3","0","3"
"昆邪王杀休屠","2","1","3"
"邪王杀休屠王","2","1","3"
"匈奴入右北平","3","0","3"
"立后土祠汾阴","3","0","3"
"遣楼船将军杨","2","1","3"
"遣拔胡将军郭","2","1","3"
"杅将军公孙敖","3","0","3"
"遣贰师将军李","3","0","3"
"将军李广利将","3","0","3"
"后元元年春正","1","2","3"
"遣水衡都尉吕","2","1","3"
"大鸿胪广明将","3","0","3"
"执金吾马适建","1","2","3"
"大夫桑弘羊皆","2","1","3"
"御史大夫弘羊","2","1","3"
"乐监傅介子持","2","1","3"
"监傅介子持节","2","1","3"
"内谒者令郭穰","2","1","3"
"谒者令郭穰夜","2","1","3"
"时掖庭令张贺","2","1","3"
"内郡国举贤良","3","0","3"
"举贤良方正一","2","1","3"
"贤良方正一人","2","1","3"
"孝武皇帝三十","2","1","3"
"武皇帝三十余","2","1","3"
"皇帝三十余年","2","1","3"
"赐御史大夫爵","2","1","3"
"御史大夫爵关","2","1","3"
"史大夫爵关内","2","1","3"
"大夫爵关内侯","2","1","3"
"下父后者爵一","3","0","3"
"正直言极谏士","3","0","3"
"使者循行郡国","2","1","3"
"赐天下吏爵二","3","0","3"
"天下吏爵二级","3","0","3"
"故掖庭令张贺","1","2","3"
"掖庭令张贺辅","1","2","3"
"庭令张贺辅导","1","2","3"
"令张贺辅导朕","1","2","3"
"等十二人循行","2","1","3"
"右扶风尹翁归","2","1","3"
"甘露降集京师","3","0","3"
"颍川太守黄霸","2","1","3"
"中丞耿寿昌奏","2","1","3"
"毁落太上皇庙","2","1","3"
"落太上皇庙殿","2","1","3"
"太上皇庙殿壁","2","1","3"
"上皇庙殿壁木","2","1","3"
"皇庙殿壁木饰","2","1","3"
"道县城郭官寺","2","1","3"
"前将军望傅朕","3","0","3"
"将军望傅朕八","3","0","3"
"军望傅朕八年","3","0","3"
"淮阳王舅张博","2","1","3"
"惟先假王正厥","3","0","3"
"先假王正厥事","3","0","3"
"御史大夫张忠","2","1","3"
"河东都尉赵护","2","1","3"
"将作大匠万年","3","0","3"
"未央宫东司马","2","1","3"
"央宫东司马门","2","1","3"
"复长安南北郊","1","2","3"
"王祖母傅太后","3","0","3"
"陛下圣德宽仁","2","1","3"
"立楚孝王孙景","3","0","3"
"楚孝王孙景定","3","0","3"
"孝王孙景定陶","3","0","3"
"王孙景定陶王","3","0","3"
"太仆安阳侯舜","2","1","3"
"大司空汜乡侯","2","1","3"
"司空汜乡侯何","2","1","3"
"空汜乡侯何武","2","1","3"
"建平二年太初","3","0","3"
"平二年太初元","3","0","3"
"二年太初元年","3","0","3"
"号曰陈圣刘太","3","0","3"
"曰陈圣刘太平","3","0","3"
"贺良等建言改","3","0","3"
"良等建言改元","3","0","3"
"贺良等反道惑","2","1","3"
"良等反道惑众","2","1","3"
"安成恭侯夫人","2","1","3"
"成恭侯夫人放","2","1","3"
"光禄大夫息夫","1","2","3"
"禄大夫息夫躬","1","2","3"
"南阳太守孙宠","1","2","3"
"越裳氏重译献","3","0","3"
"裳氏重译献白","3","0","3"
"氏重译献白雉","3","0","3"
"侯子成都中山","3","0","3"
"子成都中山王","3","0","3"
"定陶傅太后尊","1","2","3"
"宝弟玄爵关内","3","0","3"
"弟玄爵关内侯","3","0","3"
"司马博陆侯霍","1","2","3"
"夫人号曰功显","3","0","3"
"人号曰功显君","3","0","3"
"诸侯王二十八","2","1","3"
"宗室子九百余","2","1","3"
"室子九百余人","2","1","3"
"十七万七千一","2","1","3"
"七万七千一百","2","1","3"
"万七千一百四","2","1","3"
"七千一百四十","2","1","3"
"命南正重司天","3","0","3"
"历象日月星辰","3","0","3"
"令司马迁等言","2","1","3"
"六百二十九岁","3","0","3"
"十一月乙亥朔","2","1","3"
"五年春王正月","1","2","3"
"年春王正月辛","1","2","3"
"春王正月辛亥","1","2","3"
"千三百六十三","2","1","3"
"万三千六百八","2","1","3"
"一万三千八百","1","2","3"
"万二千九百一","2","1","3"
"一万九千三百","1","2","3"
"日行一度九十","3","0","3"
"度九十二分度","3","0","3"
"日百二十九万","3","0","3"
"日行十五分度","3","0","3"
"日八十六万二","2","1","3"
"十八万九千七","2","1","3"
"八万九千七百","2","1","3"
"万九千七百分","2","1","3"
"日一亿二千二","3","0","3"
"亿二千二百二","3","0","3"
"二千二百二万","3","0","3"
"千二百二万九","3","0","3"
"二百二万九千","3","0","3"
"百二万九千六","3","0","3"
"九千六百五分","3","0","3"
"盈者名曰小余","3","0","3"
"月甲申朔旦冬","2","1","3"
"冬十二月丙子","2","1","3"
"十二月乙亥朔","2","1","3"
"十四万三千二","2","1","3"
"汉兴二十余年","3","0","3"
"大司空何武奏","3","0","3"
"御史大夫卫绾","1","2","3"
"万三千四百七","2","1","3"
"三千四百七十","2","1","3"
"千四百七十二","2","1","3"
"时大司农中丞","1","2","3"
"侯王奴婢二百","2","1","3"
"王奴婢二百人","2","1","3"
"兵二十余万人","2","1","3"
"马死者十余万","3","0","3"
"郊祀后稷配天","3","0","3"
"宗祀文王明堂","3","0","3"
"祀文王明堂配","3","0","3"
"文王明堂配上","3","0","3"
"王明堂配上帝","3","0","3"
"太史儋见秦献","1","2","3"
"史儋见秦献公","1","2","3"
"人公孙臣上书","2","1","3"
"文帝召公孙臣","2","1","3"
"尊孝武庙世宗","3","0","3"
"皇帝宽仁孝顺","2","1","3"
"商大司马卫将","3","0","3"
"马卫将军辅政","2","1","3"
"十万骑入武州","3","0","3"
"始二年二月癸","2","1","3"
"二年二月癸未","2","1","3"
"杀陈留太守严","2","1","3"
"定公二年五月","1","2","3"
"车骑将军上官","1","2","3"
"孝武园白鹤馆","2","1","3"
"傅太后欲成帝","3","0","3"
"太后欲成帝母","3","0","3"
"母王太后临朝","2","1","3"
"夫人哀姜淫乱","2","1","3"
"山阳亡徒苏令","3","0","3"
"问郎中令龚遂","2","1","3"
"丞相府史家雌","2","1","3"
"将军众十余万","3","0","3"
"者易姓告代处","3","0","3"
"遣大将军卫青","2","1","3"
"昭公二十五年","1","2","3"
"旅人先笑后号","2","1","3"
"时大司马车骑","2","1","3"
"二年十二月己","1","2","3"
"金木水火沴土","3","0","3"
"帝元舅大司马","2","1","3"
"元舅大司马大","2","1","3"
"戎共攻杀幽王","3","0","3"
"宣帝本始四年","1","2","3"
"军张安世谋欲","3","0","3"
"张安世谋欲废","3","0","3"
"平帝元始元年","2","1","3"
"十一月庚寅晦","2","1","3"
"元三年十一月","1","2","3"
"十一月壬辰朔","2","1","3"
"十二月乙酉朔","2","1","3"
"元帝永光元年","1","2","3"
"礼乐征伐诸侯","3","0","3"
"万二千四百六","1","2","3"
"万五千一百一","2","1","3"
"二十三万六千","2","1","3"
"十三万六千八","2","1","3"
"三万六千八百","2","1","3"
"千九百一十二","1","2","3"
"行千三百四十","3","0","3"
"昭公三十二年","1","2","3"
"万九千一百一","2","1","3"
"一千四百一十","1","2","3"
"千一百四十八","2","1","3"
"行五百一十里","3","0","3"
"十七万二千八","2","1","3"
"万六千六百四","2","1","3"
"八千九百六十","2","1","3"
"十二万三千三","2","1","3"
"千一百一十九","2","1","3"
"三万九千三百","2","1","3"
"一千五百七十","1","2","3"
"一千九百四十","1","2","3"
"万八千一百四","2","1","3"
"八千一百四十","2","1","3"
"一千三百七十","1","2","3"
"六千八百二十","2","1","3"
"万八千三百三","2","1","3"
"武帝元朔二年","2","1","3"
"万九千三百二","2","1","3"
"九千三百二十","2","1","3"
"一千三百二十","1","2","3"
"一万七千七百","1","2","3"
"一千一百六十","1","2","3"
"七千九百八十","2","1","3"
"十七万八千六","2","1","3"
"七万八千六百","2","1","3"
"万八千六百一","2","1","3"
"八千六百一十","2","1","3"
"千六百一十六","2","1","3"
"三千三百三十","1","2","3"
"一千七百五十","1","2","3"
"万四千五百一","2","1","3"
"杜钦说大将军","3","0","3"
"钦说大将军王","3","0","3"
"尚书令五鹿充","1","2","3"
"书令五鹿充宗","1","2","3"
"丞相李斯所作","1","2","3"
"八千人渡江西","1","2","3"
"项梁立楚怀王","1","2","3"
"大将军霍光定","2","1","3"
"急围汉王荥阳","3","0","3"
"张良立信齐王","3","0","3"
"淮南王黥布反","1","2","3"
"尉条侯周亚夫","2","1","3"
"城门校尉诸葛","1","2","3"
"门校尉诸葛丰","1","2","3"
"太中大夫事中","3","0","3"
"楚怀王封沛公","1","2","3"
"兵车趣攻战疾","3","0","3"
"天下兴利除害","2","1","3"
"置守冢三十家","3","0","3"
"逮捕衡山王治","1","2","3"
"大将军击匈奴","3","0","3"
"阳安侯丁明大","3","0","3"
"安侯丁明大司","3","0","3"
"侯丁明大司马","3","0","3"
"明大司马票骑","3","0","3"
"大夫谷永上疏","2","1","3"
"悼惠王子六人","2","1","3"
"御史大夫青翟","2","1","3"
"举贤良方正直","1","2","3"
"都尉路博德筑","2","1","3"
"尉路博德筑居","2","1","3"
"路博德筑居延","2","1","3"
"御史大夫广明","2","1","3"
"云中太守田顺","2","1","3"
"宣成侯夫人显","2","1","3"
"遣后将军赵充","2","1","3"
"铢娄渠堂入侍","2","1","3"
"平侯王凤大司","3","0","3"
"侯王凤大司马","3","0","3"
"凤大司马大将","3","0","3"
"弟上郡库令良","2","1","3"
"侍中骑都尉光","2","1","3"
"中骑都尉光禄","2","1","3"
"漏刻百二十度","3","0","3"
"信等三十六人","1","2","3"
"一万八千一百","1","2","3"
"十九万四千九","2","1","3"
"万三千一百二","2","1","3"
"十二月癸亥晦","2","1","3"
"三万二千四百","1","2","3"
"昭帝始元六年","1","2","3"
"宣帝甘露三年","1","2","3"
"黄门令史游作","2","1","3"
"作大匠李长作","2","1","3"
"车府令赵高所","1","2","3"
"府令赵高所作","1","2","3"
"史令胡母敬所","1","2","3"
"令胡母敬所作","1","2","3"
"赐天下男子爵","1","2","3"
"御史大夫安国","3","0","3"
"新都侯王莽秉","3","0","3"
"都侯王莽秉政","3","0","3"
"淮南王谋反时","1","2","3"
"大将军霍光争","1","2","3"
"将军霍光争权","1","2","3"
"建平侯杜延年","1","2","3"
"田使者燕仓知","2","1","3"
"大夏东南数千","2","1","3"
"夏东南数千里","2","1","3"
"大夫桑弘羊等","1","2","3"
"汤沐邑二千户","1","2","3"
"大鸿胪商丘成","1","2","3"
"事大将军莫府","3","0","3"
"谏大夫杜延年","1","2","3"
"光车骑将军张","3","0","3"
"加赐黄金二百","2","1","3"
"非莽隔绝卫氏","3","0","3"
"破羌将军武贤","3","0","3"
"复征光禄大夫","3","0","3"
"二千石者十余","3","0","3"
"千石者十余人","3","0","3"
"乌孙公主上书","2","1","3"
"昆弥将翕侯下","3","0","3"
"弥将翕侯下五","3","0","3"
"将翕侯下五万","3","0","3"
"贵人姑翼所误","2","1","3"
"戊己校尉屯田","1","2","3"
"加赐黄金百斤","3","0","3"
"任侍中中郎将","1","2","3"
"年正月朔日蚀","3","0","3"
"御史大夫数月","2","1","3"
"宜陵侯息夫躬","1","2","3"
"故大司空何武","2","1","3"
"一百四十七人","1","2","3"
"皇考庙亲未尽","3","0","3"
"孝文皇帝太宗","3","0","3"
"司徒掾班彪曰","3","0","3"
"西河太守杜延","2","1","3"
"河太守杜延年","2","1","3"
"王根大司马票","3","0","3"
"成帝外家王氏","2","1","3"
"赐黄金三十斤","2","1","3"
"中书谒者令石","1","2","3"
"书谒者令石显","1","2","3"
"将军王凤辅政","2","1","3"
"司隶校尉宽饶","1","2","3"
"太后父崇祖侯","3","0","3"
"曲阳侯根大司","3","0","3"
"阳侯根大司马","3","0","3"
"中奉车都尉甄","1","2","3"
"奉车都尉甄邯","1","2","3"
"乌孙昆弥翁归","2","1","3"
"孙昆弥翁归靡","2","1","3"
"乌孙四十余年","2","1","3"
"马车骑将军韩","1","2","3"
"使匈奴副校尉","2","1","3"
"车骑将军王接","1","2","3"
"护军都尉韩昌","1","2","3"
"西域都护甘延","1","2","3"
"域都护甘延寿","1","2","3"
"任太子中庶子","1","2","3"
"京兆尹王章讥","2","1","3"
"张博兄弟三人","1","2","3"
"舅大司马骠骑","1","2","3"
"成帝母太皇太","3","0","3"
"帝母太皇太后","3","0","3"
"正月辛丑朔日","1","2","3"
"哀帝祖母定陶","3","0","3"
"司隶校尉涓勋","1","2","3"
"光禄勋辛庆忌","1","2","3"
"诏举方正直言","3","0","3"
"正月己亥朔日","1","2","3"
"司马曲阳侯王","1","2","3"
"马曲阳侯王根","1","2","3"
"高昌侯董宏上","2","1","3"
"昌侯董宏上书","2","1","3"
"王莽讲学大夫","3","0","3"
"河间献王博士","2","1","3"
"票骑将军王根","3","0","3"
"问郡国上计长","2","1","3"
"郡国上计长吏","2","1","3"
"御史大夫公孙","1","2","3"
"史大夫公孙弘","1","2","3"
"左将军冯奉世","1","2","3"
"使使谓冒顿曰","3","0","3"
"问匈奴大单恙","3","0","3"
"汉使贰师将军","3","0","3"
"中郎将范明友","1","2","3"
"卫尉高昌侯董","1","2","3"
"尉高昌侯董忠","1","2","3"
"孝元皇帝哀怜","2","1","3"
"车师后王姑句","2","1","3"
"戊己校尉史陈","1","2","3"
"己校尉史陈良","1","2","3"
"胁略戊己校尉","2","1","3"
"遣中郎将蔺苞","2","1","3"
"右骨都侯须卜","2","1","3"
"西北都护治所","3","0","3"
"护治所二千二","3","0","3"
"二千五百五十","2","1","3"
"护治所二千八","2","1","3"
"治所二千八百","2","1","3"
"所二千八百五","2","1","3"
"千五百四十人","1","2","3"
"北都护治所三","3","0","3"
"都护治所六千","1","2","3"
"戊己校尉西域","3","0","3"
"东都护治所二","3","0","3"
"车骑将军长史","1","2","3"
"大昆弥雌栗靡","1","2","3"
"四百二十二人","1","2","3"
"千六百七十里","2","1","3"
"长安八千一百","2","1","3"
"安八千一百五","2","1","3"
"长安八千九百","2","1","3"
"西域都护李崇","2","1","3"
"氏侯者凡三人","3","0","3"
"安刚侯夫人谒","3","0","3"
"傅太后同母弟","2","1","3"
"少傅左将军甄","1","2","3"
"傅左将军甄丰","1","2","3"
"左将军甄丰赐","1","2","3"
"太后新室文母","3","0","3"
"令太后下诏曰","3","0","3"
"太傅大司马印","2","1","3"
"安汉公居摄践","3","0","3"
"汉公居摄践祚","3","0","3"
"太初元将元年","1","2","3"
"建国元年正月","1","2","3"
"五威中城将军","1","2","3"
"方二州一部二","2","1","3"
"二州一部二十","2","1","3"
"前队大夫甄阜","1","2","3"
"车骑将军屯兵","1","2","3"
"将军安阳侯王","1","2","3"
"军安阳侯王舜","1","2","3"
"可以减免刑罚","0","3","3"
"因此英明的君","0","3","3"
"边的少数民族","0","3","3"
"不按常规运行","0","3","3"
"分野之地有战","0","3","3"
"野之地有战争","0","3","3"
"少数民族地区","0","3","3"
"自然之性是可","0","3","3"
"然之性是可以","0","3","3"
"认为他的话有","0","3","3"
"皇上于是下令","0","3","3"
"能言善辩的人","0","3","3"
"季的第一个月","0","3","3"
"有什么不同呢","0","3","3"
"没有采纳他的","0","3","3"
"立景驹为楚王","0","3","3"
"封章邯为雍王","0","3","3"
"先入定关中的","0","3","3"
"入定关中的为","0","3","3"
"定关中的为王","0","3","3"
"关中的为王的","0","3","3"
"立沛公为汉王","0","3","3"
"自己的封国去","0","3","3"
"天下已经安定","0","3","3"
"立田都为齐王","0","3","3"
"实为大逆不道","0","3","3"
"在六百石以上","0","3","3"
"臣民爵位一级","0","3","3"
"公主的女儿为","0","3","3"
"的女儿为皇后","0","3","3"
"有病不能前往","0","3","3"
"女子每百户赐","0","3","3"
"子每百户赐牛","0","3","3"
"的继承人的爵","0","3","3"
"等十人封食邑","0","3","3"
"是天下的根本","0","3","3"
"回到自己的封","0","3","3"
"星出现于西方","0","3","3"
"赐民爵位一级","0","3","3"
"平陆侯刘礼为","0","3","3"
"陆侯刘礼为楚","0","3","3"
"侯刘礼为楚王","0","3","3"
"四月二十一日","0","3","3"
"四月二十九日","0","3","3"
"不必担心某人","0","3","3"
"必担心某人不","0","3","3"
"可担心的是他","0","3","3"
"正月二十七日","0","3","3"
"太子继皇帝位","0","3","3"
"宣明政教的明","0","3","3"
"明政教的明堂","0","3","3"
"星出现于东方","0","3","3"
"卫尉李广为骁","0","3","3"
"尉李广为骁骑","0","3","3"
"李广为骁骑将","0","3","3"
"广为骁骑将军","0","3","3"
"匈奴侵入上谷","0","3","3"
"次举得其人称","0","3","3"
"举得其人称为","0","3","3"
"将军卫青率领","0","3","3"
"六名将军及士","0","3","3"
"名将军及士兵","0","3","3"
"十一月初一日","0","3","3"
"星出现于东井","0","3","3"
"以配享于上帝","0","3","3"
"柏梁台发生火","0","3","3"
"梁台发生火灾","0","3","3"
"因木于将军公","0","3","3"
"木于将军公孙","0","3","3"
"于将军公孙敖","0","3","3"
"蝗虫从东方飞","0","3","3"
"万骑兵出酒泉","0","3","3"
"派游击将军韩","0","3","3"
"三月二十五日","0","3","3"
"史大夫暴胜之","0","3","3"
"夏商周三代之","0","3","3"
"祁连将军田广","0","3","3"
"连将军田广明","0","3","3"
"虎牙将军田顺","0","3","3"
"先帝的丰功伟","0","3","3"
"帝的丰功伟绩","0","3","3"
"户赏牛酒若干","0","3","3"
"之子黄金百斤","0","3","3"
"朕的德行浅薄","0","3","3"
"人循行于天下","0","3","3"
"进入紫宫星区","0","3","3"
"皇太后为太皇","0","3","3"
"太后为太皇太","0","3","3"
"后为太皇太后","0","3","3"
"朕继承先帝的","0","3","3"
"命令有关官员","0","3","3"
"指出朕的过失","0","3","3"
"匈奴郅支单于","0","3","3"
"早晨出现在东","0","3","3"
"晨出现在东方","0","3","3"
"秋八月三十日","0","3","3"
"从事农业生产","0","3","3"
"经过的地方不","0","3","3"
"陶王的祖母傅","0","3","3"
"王的祖母傅太","0","3","3"
"使国家长治久","0","3","3"
"为中山孝王后","0","3","3"
"有功有德的人","0","3","3"
"改变风气转换","0","3","3"
"各自得到自己","0","3","3"
"万九千零四十","0","3","3"
"三减去其中之","0","3","3"
"为三再增加其","0","3","3"
"三再增加其中","0","3","3"
"再增加其中之","0","3","3"
"增加其中之一","0","3","3"
"加其中之一的","0","3","3"
"其中之一的长","0","3","3"
"平分为三再减","0","3","3"
"分为三再减去","0","3","3"
"为三再减去其","0","3","3"
"三再减去其中","0","3","3"
"再减去其中之","0","3","3"
"起源于黄钟的","0","3","3"
"火正黎掌管地","0","3","3"
"正黎掌管地理","0","3","3"
"年为太初元年","0","3","3"
"一月甲子初一","0","3","3"
"把情况报告给","0","3","3"
"初一天明冬至","0","3","3"
"六百二十九年","0","3","3"
"刘向的儿子刘","0","3","3"
"掌管历法的人","0","3","3"
"举中气来正月","0","3","3"
"再过四百八十","0","3","3"
"过四百八十年","0","3","3"
"是不符合礼的","0","3","3"
"万零五百三十","0","3","3"
"一千七百二十","0","3","3"
"十五分之一度","0","3","3"
"运行一度九十","0","3","3"
"一百二十九万","0","3","3"
"所以说一天运","0","3","3"
"以说一天运行","0","3","3"
"一天运行十五","0","3","3"
"天运行十五分","0","3","3"
"十一万八千零","0","3","3"
"天一亿二千二","0","3","3"
"亿二千二百零","0","3","3"
"二千二百零二","0","3","3"
"千二百零二万","0","3","3"
"二百零二万九","0","3","3"
"百零二万九千","0","3","3"
"零二万九千六","0","3","3"
"万九千六百零","0","3","3"
"九千六百零五","0","3","3"
"千六百零五分","0","3","3"
"满一百三十五","0","3","3"
"与前面方法一","0","3","3"
"所以百官师长","0","3","3"
"以百官师长都","0","3","3"
"他在位三十七","0","3","3"
"在位三十二年","0","3","3"
"在位十八年后","0","3","3"
"年距辛亥有一","0","3","3"
"万六千六百零","0","3","3"
"在位二十九年","0","3","3"
"记载在位二十","0","3","3"
"在位二十五年","0","3","3"
"暂居皇帝之位","0","3","3"
"治理国家的人","0","3","3"
"的礼仪被废除","0","3","3"
"礼仪被废除了","0","3","3"
"的次序就混乱","0","3","3"
"没有比礼更好","0","3","3"
"有比礼更好的","0","3","3"
"到成帝的时候","0","3","3"
"来治理国家的","0","3","3"
"交给公卿讨论","0","3","3"
"四方极远的地","0","3","3"
"就把这件事交","0","3","3"
"到现在还没有","0","3","3"
"郑国和卫国的","0","3","3"
"国和卫国的音","0","3","3"
"和卫国的音乐","0","3","3"
"大司空何武上","0","3","3"
"司空何武上奏","0","3","3"
"国敬酒祝寿的","0","3","3"
"有一千辆兵车","0","3","3"
"一千辆兵车的","0","3","3"
"千辆兵车的国","0","3","3"
"辆兵车的国家","0","3","3"
"没入官府为奴","0","3","3"
"不能加以禁止","0","3","3"
"朝有违反政令","0","3","3"
"有违反政令的","0","3","3"
"违反政令的人","0","3","3"
"反政令的人就","0","3","3"
"政令的人就制","0","3","3"
"令的人就制订","0","3","3"
"的人就制订了","0","3","3"
"没有廉耻之心","0","3","3"
"是治理国家的","0","3","3"
"是治理天下的","0","3","3"
"熟时所征的赋","0","3","3"
"时所征的赋税","0","3","3"
"是天下最大的","0","3","3"
"民致力于农业","0","3","3"
"取三十分之一","0","3","3"
"到了秦朝就不","0","3","3"
"了秦朝就不是","0","3","3"
"秦朝就不是这","0","3","3"
"朝就不是这样","0","3","3"
"十分之五的税","0","3","3"
"到皇上的宠幸","0","3","3"
"发生人吃人的","0","3","3"
"人吃人的现象","0","3","3"
"人名义占有的","0","3","3"
"名义占有的土","0","3","3"
"义占有的土地","0","3","3"
"兵二十多万人","0","3","3"
"一天天多起来","0","3","3"
"出兵攻打匈奴","0","3","3"
"依靠政府供给","0","3","3"
"其正面的图案","0","3","3"
"正面的图案为","0","3","3"
"三百石以上的","0","3","3"
"百石以上的官","0","3","3"
"石以上的官吏","0","3","3"
"给他关内侯的","0","3","3"
"他关内侯的爵","0","3","3"
"把他们流放到","0","3","3"
"因此圣明的君","0","3","3"
"听从了他的话","0","3","3"
"在位三十九年","0","3","3"
"十月为一年的","0","3","3"
"月为一年的开","0","3","3"
"下诏书给御史","0","3","3"
"有关官员都说","0","3","3"
"于是皇上派使","0","3","3"
"是皇上派使者","0","3","3"
"各自按照他们","0","3","3"
"自按照他们的","0","3","3"
"按照他们的方","0","3","3"
"照他们的方位","0","3","3"
"彗星出现在东","0","3","3"
"向西攻打大宛","0","3","3"
"泰山修整封土","0","3","3"
"迎候神仙的方","0","3","3"
"候神仙的方士","0","3","3"
"交给有关官员","0","3","3"
"从这方面来说","0","3","3"
"是显而易见的","0","3","3"
"王居住的地方","0","3","3"
"了他们的建议","0","3","3"
"皇太后下诏给","0","3","3"
"各自按照自己","0","3","3"
"自按照自己的","0","3","3"
"相对应的分野","0","3","3"
"分野之国有忧","0","3","3"
"野之国有忧患","0","3","3"
"三月就生成天","0","3","3"
"不可举事动兵","0","3","3"
"与金星会合则","0","3","3"
"不可举事用兵","0","3","3"
"会合则预示有","0","3","3"
"则该出现而不","0","3","3"
"该出现而不出","0","3","3"
"出现而不出现","0","3","3"
"则该隐没而不","0","3","3"
"该隐没而不隐","0","3","3"
"其下分野之地","0","3","3"
"下分野之地有","0","3","3"
"立八尺之圭表","0","3","3"
"火星留守心宿","0","3","3"
"星出现在四季","0","3","3"
"出现在四季的","0","3","3"
"内外有战争和","0","3","3"
"外有战争和丧","0","3","3"
"有战争和丧事","0","3","3"
"燕剌王刘旦谋","0","3","3"
"当时皇帝的舅","0","3","3"
"董仲舒的说法","0","3","3"
"刘歆认为这是","0","3","3"
"宋国发生了火","0","3","3"
"国发生了火灾","0","3","3"
"向认为这是因","0","3","3"
"认为这是因为","0","3","3"
"天帝的警告似","0","3","3"
"帝的警告似乎","0","3","3"
"的警告似乎在","0","3","3"
"警告似乎在说","0","3","3"
"灭了吕氏各王","0","3","3"
"妻子儿女流放","0","3","3"
"是霍光的外孙","0","3","3"
"霍光的外孙女","0","3","3"
"白鹤馆发生火","0","3","3"
"鹤馆发生火灾","0","3","3"
"成帝的母亲王","0","3","3"
"帝的母亲王太","0","3","3"
"的母亲王太后","0","3","3"
"王莽代替自己","0","3","3"
"是哀帝的祖母","0","3","3"
"帝的祖母傅太","0","3","3"
"与成帝的母亲","0","3","3"
"武库中的兵器","0","3","3"
"武库裹的兵器","0","3","3"
"刘向认为周代","0","3","3"
"向认为周代的","0","3","3"
"刘向认为这种","0","3","3"
"出现的妖孽就","0","3","3"
"现的妖孽就是","0","3","3"
"封太后的弟弟","0","3","3"
"太后的弟弟王","0","3","3"
"大夫开始专权","0","3","3"
"对周公的祭祀","0","3","3"
"鼷鼠啃食祭祀","0","3","3"
"鼠啃食祭祀用","0","3","3"
"从微贱的地位","0","3","3"
"说的就是这种","0","3","3"
"的就是这种情","0","3","3"
"就是这种情况","0","3","3"
"派三位将军率","0","3","3"
"贰师将军征伐","0","3","3"
"派大将军卫青","0","3","3"
"成帝绥和二年","0","3","3"
"当时中书令石","0","3","3"
"向认为这近乎","0","3","3"
"裸虫这种妖孽","0","3","3"
"后的父亲申侯","0","3","3"
"杀了他的父亲","0","3","3"
"杀了他们的君","0","3","3"
"帝王统治的准","0","3","3"
"王统治的准则","0","3","3"
"与车骑将军张","0","3","3"
"刘向认为这时","0","3","3"
"受宠爱的女子","0","3","3"
"刘歆以为正月","0","3","3"
"出现的灾异是","0","3","3"
"造就是不明智","0","3","3"
"以为宿星在心","0","3","3"
"刘向以为这之","0","3","3"
"向以为这之前","0","3","3"
"杀了他的君主","0","3","3"
"是大国的象征","0","3","3"
"燕王臧荼反叛","0","3","3"
"在晦曰前一天","0","3","3"
"谷永答对皇上","0","3","3"
"永答对皇上说","0","3","3"
"十分之一的赋","0","3","3"
"分之一的赋税","0","3","3"
"这裹的田是第","0","3","3"
"即秦朝的内史","0","3","3"
"秦朝的内史之","0","3","3"
"朝的内史之地","0","3","3"
"高帝二年改为","0","3","3"
"下辖十二个县","0","3","3"
"水从西北流出","0","3","3"
"用来分封大夫","0","3","3"
"王莽时叫延平","0","3","3"
"程一千三百四","0","3","3"
"漳水从这裹流","0","3","3"
"水从西南流出","0","3","3"
"水首先从狼汤","0","3","3"
"以前的诸侯国","0","3","3"
"周武王的弟弟","0","3","3"
"就封他的儿子","0","3","3"
"水首先从长江","0","3","3"
"首先从长江接","0","3","3"
"先从长江接受","0","3","3"
"水从西面流出","0","3","3"
"文帝十六年另","0","3","3"
"帝十六年另立","0","3","3"
"十六年另立为","0","3","3"
"行程五百一十","0","3","3"
"程五百一十里","0","3","3"
"景帝中六年另","0","3","3"
"帝中六年另立","0","3","3"
"中六年另立为","0","3","3"
"六年另立为济","0","3","3"
"向东北流入大","0","3","3"
"向南到下邳县","0","3","3"
"南到下邳县流","0","3","3"
"到下邳县流入","0","3","3"
"下邳县流入泅","0","3","3"
"邳县流入泅水","0","3","3"
"景帝中元二年","0","3","3"
"向北流入大海","0","3","3"
"是扬州的河流","0","3","3"
"程一千二百里","0","3","3"
"属于益州刺史","0","3","3"
"于益州刺史部","0","3","3"
"王莽时叫广信","0","3","3"
"北部都尉治理","0","3","3"
"一千八百九十","0","3","3"
"六年新开疆土","0","3","3"
"年新开疆土设","0","3","3"
"新开疆土设郡","0","3","3"
"水发源于南山","0","3","3"
"百四十八口人","0","3","3"
"水发源于南羌","0","3","3"
"发源于南羌中","0","3","3"
"属国都尉治理","0","3","3"
"东部都尉治理","0","3","3"
"百六十二口人","0","3","3"
"百一十六口人","0","3","3"
"向东流入濡水","0","3","3"
"年另立为诸侯","0","3","3"
"另立为诸侯国","0","3","3"
"万零二百八十","0","3","3"
"的一个大城市","0","3","3"
"是宋国的地方","0","3","3"
"乘船运行大约","0","3","3"
"对国家有利的","0","3","3"
"国家有利的事","0","3","3"
"它的来龙去脉","0","3","3"
"是七十弟子的","0","3","3"
"一百五十五篇","0","3","3"
"尊重贤能的人","0","3","3"
"司马相如等人","0","3","3"
"一千三百八十","0","3","3"
"武臣等人的家","0","3","3"
"是上天要灭亡","0","3","3"
"吴芮为衡山王","0","3","3"
"齐王田建的孙","0","3","3"
"王田建的孙子","0","3","3"
"田建的孙子田","0","3","3"
"建的孙子田安","0","3","3"
"停止军事行动","0","3","3"
"田荣的弟弟田","0","3","3"
"荣的弟弟田横","0","3","3"
"上天要灭亡我","0","3","3"
"女儿嫁给了他","0","3","3"
"了他们的请求","0","3","3"
"项羽分封诸侯","0","3","3"
"恐怕以后会有","0","3","3"
"皇上亲自率军","0","3","3"
"率领一万多骑","0","3","3"
"领一万多骑兵","0","3","3"
"爵位传给儿子","0","3","3"
"的身份被封为","0","3","3"
"赏识他的才能","0","3","3"
"广武君的计策","0","3","3"
"不采纳他的意","0","3","3"
"难道不是天意","0","3","3"
"道不是天意吗","0","3","3"
"率领他的部队","0","3","3"
"什么原因呢?","0","3","3"
"向东攻取吴国","0","3","3"
"他的儿子被杀","0","3","3"
"削减他的属地","0","3","3"
"从了他的计策","0","3","3"
"以诛杀晁错为","0","3","3"
"大将军霍光说","0","3","3"
"的有二十多人","0","3","3"
"达到天下大治","0","3","3"
"做了太中大夫","0","3","3"
"官至长信少府","0","3","3"
"皇上于是召见","0","3","3"
"匈奴大举入侵","0","3","3"
"请求我的林苑","0","3","3"
"者拿着符节赦","0","3","3"
"拿着符节赦免","0","3","3"
"相国身份攻打","0","3","3"
"没有立锥之地","0","3","3"
"是干什么的?","0","3","3"
"燕王卢绾反叛","0","3","3"
"跟随沛公攻打","0","3","3"
"增加食邑一千","0","3","3"
"惠帝和鲁元公","0","3","3"
"帝和鲁元公主","0","3","3"
"以前所封食邑","0","3","3"
"升迁为御史大","0","3","3"
"迁为御史大夫","0","3","3"
"增加他的食邑","0","3","3"
"二千石俸禄的","0","3","3"
"提升为御史大","0","3","3"
"二千石级官员","0","3","3"
"免去丞相职务","0","3","3"
"当时太中大夫","0","3","3"
"知道天下的归","0","3","3"
"道天下的归属","0","3","3"
"得到皇帝的宠","0","3","3"
"周武王讨伐商","0","3","3"
"向皇上谢罪说","0","3","3"
"皇帝刚刚即位","0","3","3"
"及二千石官吏","0","3","3"
"要求逮捕衡山","0","3","3"
"求逮捕衡山王","0","3","3"
"十四年后去世","0","3","3"
"敬肃王刘彭祖","0","3","3"
"武帝去甘泉宫","0","3","3"
"交给有关部门","0","3","3"
"封董贤为高安","0","3","3"
"董贤为高安侯","0","3","3"
"孙宠为方阳侯","0","3","3"
"息夫躬为宜陵","0","3","3"
"夫躬为宜陵侯","0","3","3"
"为大司马卫将","0","3","3"
"为大司马骠骑","0","3","3"
"尽自己的力量","0","3","3"
"升为太中大夫","0","3","3"
"的四个儿子都","0","3","3"
"官至二千石的","0","3","3"
"二千石的有十","0","3","3"
"继承他的爵位","0","3","3"
"帝刚刚即位时","0","3","3"
"王莽禀告太皇","0","3","3"
"莽禀告太皇太","0","3","3"
"禀告太皇太后","0","3","3"
"有一定的规律","0","3","3"
"有什么不同吗","0","3","3"
"人都知道陛下","0","3","3"
"都知道陛下的","0","3","3"
"都认为这样做","0","3","3"
"品行端正的人","0","3","3"
"的大臣忠诚于","0","3","3"
"所以我必须与","0","3","3"
"以我必须与他","0","3","3"
"也不能超过他","0","3","3"
"我认为陛下不","0","3","3"
"子的当务之急","0","3","3"
"贤良文学之士","0","3","3"
"大夫田广明为","0","3","3"
"将军赵充国为","0","3","3"
"为呼韩邪单于","0","3","3"
"郑业为阳信侯","0","3","3"
"马骠骑将军丁","0","3","3"
"骠骑将军丁明","0","3","3"
"建元六年分为","0","3","3"
"淳于长为定陵","0","3","3"
"于长为定陵侯","0","3","3"
"到自己的过失","0","3","3"
"为什么会这样","0","3","3"
"怕时间长了会","0","3","3"
"天子大为高兴","0","3","3"
"异乎寻常的事","0","3","3"
"上认为他的话","0","3","3"
"为什么这样说","0","3","3"
"盖在盆子下面","0","3","3"
"很长时间没有","0","3","3"
"又过了一个多","0","3","3"
"认为不能这样","0","3","3"
"把这事下交给","0","3","3"
"接受投降的人","0","3","3"
"接受了投降的","0","3","3"
"受了投降的人","0","3","3"
"重重地赏赐了","0","3","3"
"是这样的人啊","0","3","3"
"已经到了尽头","0","3","3"
"想要用这样的","0","3","3"
"要用这样的办","0","3","3"
"等候任用的人","0","3","3"
"现在却不是这","0","3","3"
"这样的办法来","0","3","3"
"王莽讨厌这件","0","3","3"
"莽讨厌这件事","0","3","3"
"什么样的人物","0","3","3"
"交给廷尉治罪","0","3","3"
"满足百姓的心","0","3","3"
"听到自己的过","0","3","3"
"自己却不知道","0","3","3"
"到一定的时候","0","3","3"
"宣帝刚刚即位","0","3","3"
"品德高尚的人","0","3","3"
"的儿子和孙子","0","3","3"
"的礼节对待他","0","3","3"
"中山靖王刘胜","0","3","3"
"帝前元二年封","0","3","3"
"前元二年封王","0","3","3"
"在位十二年薨","0","3","3"
"在位十七年薨","0","3","3"
"皇上把这件事","0","3","3"
"上把这件事交","0","3","3"
"事交给廷尉审","0","3","3"
"在景帝前元三","0","3","3"
"位二十八年薨","0","3","3"
"于是派遣使者","0","3","3"
"在位十五年薨","0","3","3"
"位二十二年薨","0","3","3"
"李广担任骁骑","0","3","3"
"从右北平出发","0","3","3"
"担任轻车将军","0","3","3"
"随大将军出击","0","3","3"
"率领步兵五千","0","3","3"
"万骑兵包围了","0","3","3"
"单于亲自率领","0","3","3"
"以校尉身份随","0","3","3"
"派使者出使匈","0","3","3"
"身份跟随大将","0","3","3"
"份跟随大将军","0","3","3"
"将军卫青出击","0","3","3"
"军卫青出击匈","0","3","3"
"卫青出击匈奴","0","3","3"
"单于刚刚即位","0","3","3"
"还有什么脸面","0","3","3"
"苏武出使匈奴","0","3","3"
"上奏请求逮捕","0","3","3"
"万骑兵攻打匈","0","3","3"
"骑兵攻打匈奴","0","3","3"
"歼灭敌军几千","0","3","3"
"灭敌军几千人","0","3","3"
"担任强弩将军","0","3","3"
"黄河以南的地","0","3","3"
"河以南的地方","0","3","3"
"单于出谋划策","0","3","3"
"一万九千多人","0","3","3"
"从票侯赵破奴","0","3","3"
"身份随从大将","0","3","3"
"份随从大将军","0","3","3"
"回答皇帝的策","0","3","3"
"答皇帝的策问","0","3","3"
"由此可以看出","0","3","3"
"治理国家的道","0","3","3"
"二千石的大官","0","3","3"
"是可以知道的","0","3","3"
"处在君子的地","0","3","3"
"在君子的地位","0","3","3"
"被免去了官职","0","3","3"
"所以圣明的君","0","3","3"
"听从他的意见","0","3","3"
"皇上认为他能","0","3","3"
"贫穷的老百姓","0","3","3"
"任南阳郡太守","0","3","3"
"大将军王凤以","0","3","3"
"任函谷关都尉","0","3","3"
"方进任京兆尹","0","3","3"
"丁后为帝太后","0","3","3"
"他为太中大夫","0","3","3"
"居住在原来的","0","3","3"
"通往西域的道","0","3","3"
"往西域的道路","0","3","3"
"俘虏了楼兰王","0","3","3"
"汉武帝时开始","0","3","3"
"的有一万多人","0","3","3"
"父亲不像父亲","0","3","3"
"有圣明的君主","0","3","3"
"被关进了监狱","0","3","3"
"当时大将军霍","0","3","3"
"增加封邑一万","0","3","3"
"上书告发霍光","0","3","3"
"在封国的时候","0","3","3"
"造成的祸患啊","0","3","3"
"徐偃假托朝廷","0","3","3"
"偃假托朝廷命","0","3","3"
"愿意归属汉朝","0","3","3"
"中书令石显专","0","3","3"
"书令石显专权","0","3","3"
"官吏和百姓的","0","3","3"
"建上林苑的第","0","3","3"
"希望陛下留心","0","3","3"
"但应该让他自","0","3","3"
"应该让他自己","0","3","3"
"没有人臣的礼","0","3","3"
"有什么值得称","0","3","3"
"什么值得称道","0","3","3"
"么值得称道的","0","3","3"
"丞相刘屈牦的","0","3","3"
"被任命为郎官","0","3","3"
"代替于定国做","0","3","3"
"大将军王凤认","0","3","3"
"将军王凤认为","0","3","3"
"治理政务的成","0","3","3"
"理政务的成绩","0","3","3"
"帝的法令制度","0","3","3"
"没有发生之前","0","3","3"
"大臣们都认为","0","3","3"
"率领一万多人","0","3","3"
"四匹马拉的坐","0","3","3"
"匹马拉的坐车","0","3","3"
"年轻时因为父","0","3","3"
"轻时因为父亲","0","3","3"
"因为父亲的关","0","3","3"
"为父亲的关系","0","3","3"
"为左曹中郎将","0","3","3"
"诛杀了郅支单","0","3","3"
"杀了郅支单于","0","3","3"
"护送呼韩邪单","0","3","3"
"送呼韩邪单于","0","3","3"
"现在郅支单于","0","3","3"
"是他们的天性","0","3","3"
"带领军队前进","0","3","3"
"擅自假托皇帝","0","3","3"
"自假托皇帝命","0","3","3"
"侍奉皇帝的儿","0","3","3"
"奉皇帝的儿子","0","3","3"
"没有不流泪的","0","3","3"
"大将军王凤上","0","3","3"
"初步建造陵墓","0","3","3"
"升任光禄大夫","0","3","3"
"皇上很不高兴","0","3","3"
"天地间的生命","0","3","3"
"太上皇的陵寝","0","3","3"
"有关部门讨论","0","3","3"
"公卿大臣们商","0","3","3"
"卿大臣们商议","0","3","3"
"尚在襁褓之中","0","3","3"
"元帝即位不久","0","3","3"
"作百官的表率","0","3","3"
"到了如此地步","0","3","3"
"举荐梁相等人","0","3","3"
"被征召为谏大","0","3","3"
"征召为谏大夫","0","3","3"
"因为精通经术","0","3","3"
"被削爵为关内","0","3","3"
"削爵为关内侯","0","3","3"
"病得快要死了","0","3","3"
"哀帝做定陶王","0","3","3"
"做了大司马车","0","3","3"
"了大司马车骑","0","3","3"
"的地方建立宗","0","3","3"
"地方建立宗庙","0","3","3"
"明的君王制定","0","3","3"
"受命于天的开","0","3","3"
"命于天的开国","0","3","3"
"于天的开国君","0","3","3"
"庙因为亲子孙","0","3","3"
"比这更大的了","0","3","3"
"各封国的祭庙","0","3","3"
"不是受命于天","0","3","3"
"司徒掾班彪说","0","3","3"
"于是大赦天下","0","3","3"
"做了光禄大夫","0","3","3"
"圣明的君主应","0","3","3"
"明的君主应该","0","3","3"
"实行考察官吏","0","3","3"
"行考察官吏政","0","3","3"
"官吏政绩的方","0","3","3"
"吏政绩的方法","0","3","3"
"千石以下的官","0","3","3"
"左右的人是正","0","3","3"
"右的人是正直","0","3","3"
"听从了他的意","0","3","3"
"从了他的意见","0","3","3"
"曲阳侯王根做","0","3","3"
"灾异频频发生","0","3","3"
"不可以不谨慎","0","3","3"
"希望陛下留意","0","3","3"
"哀帝刚刚即位","0","3","3"
"告发了这件事","0","3","3"
"显示给天下人","0","3","3"
"皇上以这件事","0","3","3"
"上以这件事询","0","3","3"
"以这件事询问","0","3","3"
"的弟弟成都侯","0","3","3"
"太后的父亲为","0","3","3"
"知道了这件事","0","3","3"
"皇帝下诏让公","0","3","3"
"帝下诏让公卿","0","3","3"
"听从他的建议","0","3","3"
"位置在诸侯王","0","3","3"
"作为臣子不忠","0","3","3"
"有关部门请求","0","3","3"
"和定陵侯淳于","0","3","3"
"汉朝兴起以后","0","3","3"
"有关部门上奏","0","3","3"
"阳平侯王凤任","0","3","3"
"大将军王凤的","0","3","3"
"继承父亲的爵","0","3","3"
"承父亲的爵位","0","3","3"
"立定陶王为皇","0","3","3"
"定陶王为皇太","0","3","3"
"陶王为皇太子","0","3","3"
"是最亲近的亲","0","3","3"
"派遣太中大夫","0","3","3"
"那么百姓就会","0","3","3"
"国家的法律制","0","3","3"
"家的法律制度","0","3","3"
"俸禄中二千石","0","3","3"
"陵侯淳于长犯","0","3","3"
"侯淳于长犯了","0","3","3"
"淳于长犯了大","0","3","3"
"于长犯了大逆","0","3","3"
"长犯了大逆不","0","3","3"
"犯下大逆不道","0","3","3"
"的母亲太皇太","0","3","3"
"母亲太皇太后","0","3","3"
"王莽篡夺皇位","0","3","3"
"请求告老退职","0","3","3"
"王商的儿子王","0","3","3"
"他回到封地去","0","3","3"
"自从汉朝兴起","0","3","3"
"俸禄为二千石","0","3","3"
"哀帝的祖母定","0","3","3"
"莽禀告太后下","0","3","3"
"人的贤愚善恶","0","3","3"
"对政事治理没","0","3","3"
"政事治理没有","0","3","3"
"事治理没有益","0","3","3"
"治理没有益处","0","3","3"
"请求派遣掾史","0","3","3"
"替大将军王凤","0","3","3"
"因为皇太后的","0","3","3"
"皇太后的缘故","0","3","3"
"王莽非常高兴","0","3","3"
"御史大夫王音","0","3","3"
"这些都记载在","0","3","3"
"何武做了御史","0","3","3"
"武做了御史大","0","3","3"
"此后过了几个","0","3","3"
"后过了几个月","0","3","3"
"迷乱国家欺罔","0","3","3"
"奏密封的奏书","0","3","3"
"甄丰的儿子甄","0","3","3"
"丰的儿子甄寻","0","3","3"
"刘歆的儿子刘","0","3","3"
"是王莽的讲学","0","3","3"
"王莽的讲学大","0","3","3"
"莽的讲学大夫","0","3","3"
"尹咸和翟方进","0","3","3"
"得以休养生息","0","3","3"
"上认为他有才","0","3","3"
"派使者对冒顿","0","3","3"
"使者对冒顿说","0","3","3"
"汉朝送给匈奴","0","3","3"
"朝送给匈奴的","0","3","3"
"问匈奴大单于","0","3","3"
"匈奴大单于平","0","3","3"
"奴大单于平安","0","3","3"
"大单于平安无","0","3","3"
"单于平安无恙","0","3","3"
"派使者到汉朝","0","3","3"
"率领自己的部","0","3","3"
"领自己的部众","0","3","3"
"想与汉朝和亲","0","3","3"
"入朝侍奉汉天","0","3","3"
"朝侍奉汉天子","0","3","3"
"帮助呼韩邪单","0","3","3"
"助呼韩邪单于","0","3","3"
"生了四个儿子","0","3","3"
"处理国家大事","0","3","3"
"王昭君的女儿","0","3","3"
"原来的玺印绶","0","3","3"
"来的玺印绶带","0","3","3"
"君长以十计算","0","3","3"
"汉朝军队还没","0","3","3"
"到酉球都护治","0","3","3"
"酉球都护治所","0","3","3"
"到长安一万二","0","3","3"
"儿子继承王位","0","3","3"
"到都护治所五","0","3","3"
"公主上书宣帝","0","3","3"
"东到长安八千","0","3","3"
"册立为后的第","0","3","3"
"和我见上一面","0","3","3"
"把孙女嫁给他","0","3","3"
"王舜的儿子王","0","3","3"
"安刚侯夫人许","0","3","3"
"刚侯夫人许谒","0","3","3"
"安汉公的府第","0","3","3"
"这是我应当引","0","3","3"
"是我应当引退","0","3","3"
"我应当引退的","0","3","3"
"应当引退的第","0","3","3"
"有安邦定国的","0","3","3"
"王太后下诏书","0","3","3"
"作为安汉公的","0","3","3"
"大臣们上奏说","0","3","3"
"把明君的权力","0","3","3"
"明君的权力归","0","3","3"
"君的权力归还","0","3","3"
"的权力归还给","0","3","3"
"高帝庙接受天","0","3","3"
"帝庙接受天命","0","3","3"
"土地纵横各一","0","3","3"
"地纵横各一百","0","3","3"
"纵横各一百里","0","3","3"
"二千石级改名","0","3","3"
"个月的亲属为","0","3","3"
"我的伟大的皇","0","3","3"
"正式登上皇位","0","3","3"
"匈奴囊知牙斯","0","3","3"
"象征封国的茅","0","3","3"
"征封国的茅土","0","3","3"
"爵的封地叫作","0","3","3"
"的封地叫作一","0","3","3"
"郡就是原来的","0","3","3"
"各取给予他们","0","3","3"
"取给予他们的","0","3","3"
"盗贼纷纷起事","0","3","3"
"文致法人心厌","2","0","2"
"致法人心厌者","2","0","2"
"三代所直道行","2","0","2"
"甚者必解更张","2","0","2"
"项伯素善张良","2","0","2"
"所将卒驰道多","2","0","2"
"天下同苦秦久","2","0","2"
"下同苦秦久矣","2","0","2"
"秦嘉立景驹楚","2","0","2"
"嘉立景驹楚王","2","0","2"
"项梁击杀景驹","1","1","2"
"项梁共立楚怀","1","1","2"
"梁共立楚怀王","1","1","2"
"共立楚怀王孙","1","1","2"
"章邯夜衔枚击","2","0","2"
"将军吕臣引兵","1","1","2"
"吕臣军彭城东","2","0","2"
"破东郡尉成武","2","0","2"
"约先入咸阳者","2","0","2"
"先入咸阳者王","2","0","2"
"布等攻破函谷","1","1","2"
"等攻破函谷关","1","1","2"
"公左司马曹毋","2","0","2"
"左司马曹毋伤","2","0","2"
"沛公欲王关中","2","0","2"
"臣韩王送沛公","2","0","2"
"杀秦降王子婴","2","0","2"
"阳尊怀王义帝","2","0","2"
"徙魏王豹西魏","2","0","2"
"魏王豹西魏王","2","0","2"
"说汉王烧绝栈","2","0","2"
"汉王烧绝栈道","2","0","2"
"田荣闻羽徙齐","2","0","2"
"荣闻羽徙齐王","2","0","2"
"闻羽徙齐王市","2","0","2"
"羽徙齐王市胶","2","0","2"
"徙齐王市胶东","2","0","2"
"故吴令郑昌韩","2","0","2"
"吴令郑昌韩王","2","0","2"
"使九江王布杀","2","0","2"
"九江王布杀义","2","0","2"
"江王布杀义帝","2","0","2"
"新城三老董公","1","1","2"
"天下共立义帝","1","1","2"
"汉王数十骑遁","2","0","2"
"诸侯子关中者","2","0","2"
"张耳东下井陉","1","1","2"
"东下井陉击赵","2","0","2"
"郦食谋桡楚权","2","0","2"
"平黄金四万斤","1","1","2"
"故汉王数十骑","2","0","2"
"汉王数十骑西","2","0","2"
"王数十骑西门","2","0","2"
"彭越本定梁地","2","0","2"
"羽夜闻汉军四","2","0","2"
"夜闻汉军四面","2","0","2"
"闻汉军四面皆","2","0","2"
"汉军四面皆楚","2","0","2"
"军四面皆楚歌","2","0","2"
"封项伯等四人","1","1","2"
"魏相国建城侯","1","1","2"
"相国建城侯彭","1","1","2"
"国建城侯彭越","1","1","2"
"故衡山王吴芮","2","0","2"
"博士稷嗣君叔","1","1","2"
"士稷嗣君叔孙","1","1","2"
"稷嗣君叔孙通","1","1","2"
"嗣君叔孙通谨","1","1","2"
"君叔孙通谨择","1","1","2"
"项羽妒贤嫉能","1","1","2"
"陛下取天下周","2","0","2"
"下取天下周异","2","0","2"
"长安侯卢绾功","1","1","2"
"始剖符封功臣","1","1","2"
"剖符封功臣曹","1","1","2"
"符封功臣曹参","1","1","2"
"封功臣曹参等","1","1","2"
"上封大功臣二","2","0","2"
"封大功臣二十","2","0","2"
"大功臣二十余","2","0","2"
"复道上见诸将","1","1","2"
"故相聚谋反耳","2","0","2"
"群臣皆称万岁","2","0","2"
"汉廷臣能右者","2","0","2"
"皆立太上皇庙","2","0","2"
"何等三十三人","1","1","2"
"梁王彭越谋反","1","1","2"
"关中者皆复终","2","0","2"
"中者皆复终身","2","0","2"
"故楚令尹薛公","2","0","2"
"东击杀荆王刘","1","1","2"
"击杀荆王刘贾","1","1","2"
"上赦天下死罪","1","1","2"
"十二年冬十月","1","1","2"
"故人父老子弟","1","1","2"
"五十年东南乱","2","0","2"
"然天下同姓一","2","0","2"
"天下同姓一家","2","0","2"
"使辟阳侯审食","2","0","2"
"赐吏六百石上","2","0","2"
"提三尺取天下","2","0","2"
"赐黄金五十斤","1","1","2"
"安刘氏者必勃","2","0","2"
"叔孙通制礼仪","2","0","2"
"功臣剖符作誓","1","1","2"
"尊皇后曰皇太","2","0","2"
"二千石钱二万","1","1","2"
"佩二千石官印","1","1","2"
"元年冬十二月","1","1","2"
"长安六百里内","2","0","2"
"安六百里内男","2","0","2"
"六百里内男女","2","0","2"
"百里内男女十","2","0","2"
"里内男女十四","2","0","2"
"内男女十四万","2","0","2"
"女十四万六千","2","0","2"
"四万六千人城","2","0","2"
"万六千人城长","2","0","2"
"六千人城长安","2","0","2"
"未央宫凌室灾","2","0","2"
"十四万五千人","1","1","2"
"高祖侯者三人","2","0","2"
"太后立帝姊鲁","2","0","2"
"后立帝姊鲁元","2","0","2"
"立帝姊鲁元公","2","0","2"
"姊鲁元公主女","2","0","2"
"鲁元公主女皇","2","0","2"
"元公主女皇后","2","0","2"
"取后宫美人子","2","0","2"
"后宫美人子名","2","0","2"
"前日孝惠皇帝","1","1","2"
"立孝惠后宫子","2","0","2"
"立恒山王弘皇","2","0","2"
"恒山王弘皇帝","2","0","2"
"七年冬十二月","1","1","2"
"赵王禄上将军","2","0","2"
"立营陵侯刘泽","1","1","2"
"平等请尊昭灵","1","1","2"
"等请尊昭灵夫","1","1","2"
"请尊昭灵夫人","1","1","2"
"南越侵盗长沙","1","1","2"
"将军灌婴将兵","2","0","2"
"军灌婴将兵击","2","0","2"
"吕后共定天下","1","1","2"
"刘氏所立九王","1","1","2"
"吕氏所立三王","1","1","2"
"行御史大夫事","2","0","2"
"郎中令贾寿使","1","1","2"
"中令贾寿使齐","1","1","2"
"郎中令张武等","1","1","2"
"弟薄昭见太尉","1","1","2"
"张武等六人乘","1","1","2"
"武等六人乘六","1","1","2"
"天下诸侯万民","1","1","2"
"东牟侯兴居先","1","1","2"
"牟侯兴居先清","1","1","2"
"天子法驾迎代","2","0","2"
"车骑将军薄昭","1","1","2"
"擅遣将军灌婴","1","1","2"
"中尉宋昌劝朕","1","1","2"
"川守尊等十人","1","1","2"
"淮阳守申屠嘉","1","1","2"
"阳守申屠嘉等","1","1","2"
"守申屠嘉等十","1","1","2"
"申屠嘉等十人","1","1","2"
"卫尉足等十人","1","1","2"
"立皇子武代王","2","0","2"
"匈奴入居北地","1","1","2"
"四年冬十二月","1","1","2"
"未央宫东阙罘","2","0","2"
"十一年冬十一","1","1","2"
"一年冬十一月","1","1","2"
"孝惠皇帝后宫","1","1","2"
"朕亲率天下农","2","0","2"
"十三年春二月","1","1","2"
"赐天下孤寡布","1","1","2"
"东阳侯张相大","2","0","2"
"阳侯张相大将","2","0","2"
"侯张相大将军","2","0","2"
"举贤良能直言","1","1","2"
"贤良能直言极","1","1","2"
"良能直言极谏","1","1","2"
"刻曰人主延寿","2","0","2"
"孝惠皇后张氏","1","1","2"
"亚夫车骑将军","2","0","2"
"尊皇太后薄氏","1","1","2"
"氏曰太皇太后","2","0","2"
"陛下永思孝道","1","1","2"
"皇帝庙宜帝者","2","0","2"
"帝庙宜帝者太","2","0","2"
"宜帝者太祖庙","2","0","2"
"宜帝者太宗庙","2","0","2"
"令天下男子年","1","1","2"
"三年冬十二月","1","1","2"
"胶东王雄渠皆","2","0","2"
"公主嫁匈奴单","1","1","2"
"六年冬十二月","1","1","2"
"赐民父后者爵","2","0","2"
"诸侯御史大夫","1","1","2"
"侯御史大夫官","1","1","2"
"未央宫东阙灾","2","0","2"
"吏卒战死者二","2","0","2"
"卒战死者二千","2","0","2"
"后元年春正月","1","1","2"
"周亚夫下狱死","2","0","2"
"太守冯敬战死","1","1","2"
"发车骑材官屯","2","0","2"
"二千石黄金二","1","1","2"
"千石黄金二斤","1","1","2"
"尊皇太后窦氏","1","1","2"
"封皇太后同母","1","1","2"
"太后同母弟田","1","1","2"
"中大夫严助持","1","1","2"
"赐民长子爵一","1","1","2"
"民长子爵一级","1","1","2"
"朕饰子女配单","2","0","2"
"大行王恢建议","1","1","2"
"大夫韩安国护","2","0","2"
"夫韩安国护军","2","0","2"
"韩安国护军将","2","0","2"
"太仆公孙贺轻","2","0","2"
"仆公孙贺轻车","2","0","2"
"公孙贺轻车将","2","0","2"
"孙贺轻车将军","2","0","2"
"大行王恢将屯","2","0","2"
"行王恢将屯将","2","0","2"
"王恢将屯将军","2","0","2"
"中大夫李息材","2","0","2"
"大夫李息材官","2","0","2"
"夫李息材官将","2","0","2"
"李息材官将军","2","0","2"
"将三十万众屯","1","1","2"
"三十万众屯马","1","1","2"
"十万众屯马邑","1","1","2"
"万众屯马邑谷","1","1","2"
"众屯马邑谷中","1","1","2"
"令民大酺五日","2","0","2"
"顿丘东南流入","1","1","2"
"将军卫青上谷","2","0","2"
"骁骑将军李广","1","1","2"
"军韩安国屯渔","2","0","2"
"韩安国屯渔阳","2","0","2"
"朔元年冬十一","1","1","2"
"获首虏数千级","2","0","2"
"青将六将军兵","2","0","2"
"将六将军兵十","2","0","2"
"六将军兵十余","2","0","2"
"将军兵十余万","2","0","2"
"十余万人朔方","2","0","2"
"故详延天下方","2","0","2"
"详延天下方闻","2","0","2"
"延天下方闻士","2","0","2"
"斩首三千余级","2","0","2"
"斩首虏万九千","2","0","2"
"首虏万九千级","2","0","2"
"元狩元年冬十","1","1","2"
"狩元年冬十月","1","1","2"
"赐中二千石爵","1","1","2"
"广杀匈奴三千","1","1","2"
"杀匈奴三千余","1","1","2"
"匈奴三千余人","1","1","2"
"匈奴昆邪王杀","1","1","2"
"奴昆邪王杀休","1","1","2"
"七十二万五千","1","1","2"
"十二万五千口","1","1","2"
"遣博士大等六","1","1","2"
"博士大等六人","1","1","2"
"士大等六人分","1","1","2"
"元鼎元年夏五","1","1","2"
"鼎元年夏五月","1","1","2"
"后土祠汾阴脽","2","0","2"
"土祠汾阴脽上","2","0","2"
"立常山宪王子","1","1","2"
"南越王相吕嘉","1","1","2"
"越王相吕嘉反","1","1","2"
"遣伏波将军路","1","1","2"
"船将军杨仆豫","2","0","2"
"将军杨仆豫章","2","0","2"
"西羌众十万人","1","1","2"
"羌众十万人反","1","1","2"
"遣横海将军韩","2","0","2"
"浮沮将军公孙","1","1","2"
"沮将军公孙贺","1","1","2"
"匈河将军赵破","1","1","2"
"河将军赵破奴","1","1","2"
"元封元年冬十","1","1","2"
"封元年冬十月","1","1","2"
"置十二部将军","1","1","2"
"勒兵十八万骑","2","0","2"
"亡匿幕北寒苦","2","0","2"
"令祠官加增太","2","0","2"
"祠官加增太室","2","0","2"
"官加增太室祠","2","0","2"
"将军下皆负薪","2","0","2"
"朝鲜王攻杀辽","1","1","2"
"鲜王攻杀辽东","1","1","2"
"王攻杀辽东都","1","1","2"
"攻杀辽东都尉","1","1","2"
"赐云阳都百户","1","1","2"
"云阳都百户牛","1","1","2"
"募罪人击朝鲜","2","0","2"
"胡将军郭昌屯","1","1","2"
"置刺史部十三","1","1","2"
"刺史部十三州","1","1","2"
"遣杅将军公孙","2","0","2"
"将军公孙敖筑","1","1","2"
"军公孙敖筑塞","1","1","2"
"公孙敖筑塞外","1","1","2"
"孙敖筑塞外受","1","1","2"
"敖筑塞外受降","1","1","2"
"筑塞外受降城","1","1","2"
"令天下大酺五","2","0","2"
"天下大酺五日","2","0","2"
"浚稽将军赵破","1","1","2"
"稽将军赵破奴","1","1","2"
"将军赵破奴二","1","1","2"
"军赵破奴二万","1","1","2"
"赵破奴二万骑","1","1","2"
"御史大夫宽","2","0","2"
"筑五原塞外列","1","1","2"
"五原塞外列城","1","1","2"
"广利斩大宛王","1","1","2"
"利斩大宛王首","1","1","2"
"天汉元年春正","1","1","2"
"汉元年春正月","1","1","2"
"斩首虏万余级","2","0","2"
"朝诸侯王甘泉","2","0","2"
"诸侯王甘泉宫","2","0","2"
"说步兵三万人","2","0","2"
"赎钱五十万减","2","0","2"
"钱五十万减死","2","0","2"
"五十万减死一","2","0","2"
"十万减死一等","2","0","2"
"御史大夫杜周","1","1","2"
"祠神人交门宫","2","0","2"
"中驸马都尉金","1","1","2"
"驸马都尉金日","1","1","2"
"骑都尉上官桀","1","1","2"
"高祖拨乱反正","1","1","2"
"后元二年二月","1","1","2"
"大将军光秉政","2","0","2"
"骑将军金日磾","2","0","2"
"始元元年春二","1","1","2"
"元元年春二月","1","1","2"
"建章宫太液池","1","1","2"
"章宫太液池中","1","1","2"
"二十四邑皆反","1","1","2"
"水衡都尉吕破","1","1","2"
"衡都尉吕破胡","1","1","2"
"孝王孙刘泽谋","1","1","2"
"王孙刘泽谋反","1","1","2"
"青州刺史隽疑","2","0","2"
"车骑将军日磾","2","0","2"
"故廷尉王平等","1","1","2"
"廷尉王平等五","1","1","2"
"尉王平等五人","1","1","2"
"王平等五人持","1","1","2"
"捕斩反虏重合","1","1","2"
"斩反虏重合侯","1","1","2"
"反虏重合侯马","1","1","2"
"虏重合侯马通","1","1","2"
"立皇后上官氏","1","1","2"
"鸿胪田广明击","1","1","2"
"胪田广明击益","1","1","2"
"田广明击益州","1","1","2"
"夏阳男子张延","1","1","2"
"阳男子张延年","1","1","2"
"赐中二千石下","2","0","2"
"韩福等五人帛","1","1","2"
"朕闵劳官职事","2","0","2"
"遣执金吾马适","1","1","2"
"大将军国家忠","1","1","2"
"将军国家忠臣","1","1","2"
"左将军安阳侯","1","1","2"
"将军安阳侯桀","1","1","2"
"骑将军桑乐侯","1","1","2"
"将军桑乐侯安","1","1","2"
"大将军长史公","1","1","2"
"将军长史公孙","1","1","2"
"军长史公孙遗","1","1","2"
"长史公孙遗等","1","1","2"
"丞相征事任宫","1","1","2"
"丞相少史王寿","1","1","2"
"相少史王寿诱","1","1","2"
"齐王子刘泽等","1","1","2"
"左冯翊贾胜胡","1","1","2"
"明友度辽将军","2","0","2"
"度辽将军明友","1","1","2"
"傅介子持节使","2","0","2"
"诛斩楼兰王安","2","0","2"
"筑辽东玄菟城","1","1","2"
"右将军张安世","1","1","2"
"元平元年春二","1","1","2"
"平元年春二月","1","1","2"
"太子纳史良娣","1","1","2"
"皇孙纳王夫人","1","1","2"
"望气者言长安","2","0","2"
"气者言长安狱","2","0","2"
"者言长安狱中","2","0","2"
"言长安狱中天","2","0","2"
"长安狱中天子","2","0","2"
"安狱中天子气","2","0","2"
"上遣使者分条","2","0","2"
"遣使者分条中","2","0","2"
"使者分条中都","2","0","2"
"者分条中都官","2","0","2"
"者令郭穰夜郡","2","0","2"
"令郭穰夜郡邸","2","0","2"
"郭穰夜郡邸狱","2","0","2"
"祖母史良娣家","1","1","2"
"大将军霍光请","1","1","2"
"将军霍光请皇","1","1","2"
"军霍光请皇后","1","1","2"
"本始元年春正","1","1","2"
"富平侯安世万","1","1","2"
"平侯安世万户","1","1","2"
"故丞相安平侯","1","1","2"
"骑将军安世建","1","1","2"
"将军安世建议","1","1","2"
"军安世建议定","1","1","2"
"安世建议定策","1","1","2"
"度辽将军平陵","1","1","2"
"辽将军平陵侯","1","1","2"
"前将军龙雒侯","1","1","2"
"谏大夫宜春侯","1","1","2"
"长信少府关内","1","1","2"
"信少府关内侯","1","1","2"
"郡国举文学高","1","1","2"
"国举文学高第","1","1","2"
"文学高第一人","2","0","2"
"武帝巡狩所幸","2","0","2"
"帝巡狩所幸郡","2","0","2"
"巡狩所幸郡国","2","0","2"
"关东轻车锐卒","1","1","2"
"选郡国吏三百","2","0","2"
"郡国吏三百石","2","0","2"
"国吏三百石伉","2","0","2"
"吏三百石伉健","2","0","2"
"三百石伉健习","2","0","2"
"百石伉健习骑","2","0","2"
"石伉健习骑射","2","0","2"
"伉健习骑射者","2","0","2"
"三年春正月癸","2","0","2"
"中二千石博问","2","0","2"
"地节元年春正","1","1","2"
"节元年春正月","1","1","2"
"宗室属未尽罪","2","0","2"
"室属未尽罪绝","2","0","2"
"将军博陆侯宿","1","1","2"
"军博陆侯宿卫","1","1","2"
"博陆侯宿卫孝","1","1","2"
"陆侯宿卫孝武","1","1","2"
"侯宿卫孝武皇","1","1","2"
"宿卫孝武皇帝","1","1","2"
"卫孝武皇帝三","1","1","2"
"流民占八万余","2","0","2"
"民占八万余口","2","0","2"
"举贤良方正亲","2","0","2"
"赐广陵王黄金","1","1","2"
"广陵王黄金千","1","1","2"
"陵王黄金千斤","1","1","2"
"侯王十五人黄","1","1","2"
"王十五人黄金","1","1","2"
"人黄金二十斤","1","1","2"
"故举贤良方正","2","0","2"
"置廷尉平四人","1","1","2"
"报冠阳侯霍云","1","1","2"
"冠阳侯霍云谋","1","1","2"
"遣使者循行郡","2","0","2"
"二千石下六百","2","0","2"
"千石下六百石","2","0","2"
"皇帝功臣绛侯","1","1","2"
"帝功臣绛侯周","1","1","2"
"功臣绛侯周勃","1","1","2"
"臣绛侯周勃等","1","1","2"
"长乐卫尉许舜","1","1","2"
"中光禄大夫许","1","1","2"
"光禄大夫许延","1","1","2"
"禄大夫许延寿","1","1","2"
"张贺辅导朕躬","1","1","2"
"子侍中中郎将","1","1","2"
"侍中中郎将彭","1","1","2"
"中中郎将彭祖","1","1","2"
"赐贺谥曰阳都","2","0","2"
"贺谥曰阳都哀","2","0","2"
"谥曰阳都哀侯","2","0","2"
"十二人循行天","2","0","2"
"二人循行天下","2","0","2"
"翁归子黄金百","2","0","2"
"归子黄金百斤","2","0","2"
"司马卫将军安","1","1","2"
"马卫将军安世","1","1","2"
"神爵元年春正","1","1","2"
"爵元年春正月","1","1","2"
"函德殿铜池中","1","1","2"
"武贤破羌将军","2","0","2"
"故大司农朱邑","1","1","2"
"邑子黄金百斤","2","0","2"
"置金城属国处","2","0","2"
"金城属国处降","2","0","2"
"城属国处降羌","2","0","2"
"骑都尉郑吉迎","1","1","2"
"都尉郑吉迎日","1","1","2"
"尉郑吉迎日逐","1","1","2"
"司隶校尉盖宽","1","1","2"
"隶校尉盖宽饶","1","1","2"
"川太守黄霸治","2","0","2"
"太守黄霸治行","2","0","2"
"河南太守严延","1","1","2"
"南太守严延年","1","1","2"
"五凤元年春正","1","1","2"
"凤元年春正月","1","1","2"
"赐列侯嗣子爵","2","0","2"
"列侯嗣子爵五","2","0","2"
"侯嗣子爵五大","2","0","2"
"嗣子爵五大夫","2","0","2"
"冯翊韩延寿罪","2","0","2"
"长乐宫东阙中","1","1","2"
"乐宫东阙中树","1","1","2"
"宫东阙中树上","1","1","2"
"丞耿寿昌奏设","2","0","2"
"耿寿昌奏设常","2","0","2"
"寿昌奏设常平","2","0","2"
"昌奏设常平仓","2","0","2"
"御史掾二十四","1","1","2"
"史掾二十四人","1","1","2"
"掾二十四人循","1","1","2"
"二十四人循行","1","1","2"
"甘露元年春正","1","1","2"
"露元年春正月","1","1","2"
"遣护军都尉禄","1","1","2"
"呼韩邪单款五","2","0","2"
"韩邪单款五原","2","0","2"
"邪单款五原塞","2","0","2"
"先京师后诸夏","2","0","2"
"先诸夏后夷狄","2","0","2"
"匈奴单乡风慕","2","0","2"
"单非正朔所加","2","0","2"
"礼仪宜诸侯王","2","0","2"
"盖闻五帝三王","2","0","2"
"呼韩邪单稽侯","2","0","2"
"韩邪单稽侯犭","2","0","2"
"邪单稽侯犭册","2","0","2"
"上甘泉宿池阳","2","0","2"
"甘泉宿池阳宫","2","0","2"
"遣长乐卫尉高","2","0","2"
"赐汝南太守帛","1","1","2"
"子太傅萧望等","2","0","2"
"未央宫宣室阁","1","1","2"
"黄龙元年春正","1","1","2"
"龙元年春正月","1","1","2"
"奴呼韩邪单朝","2","0","2"
"尊皇太后曰太","2","0","2"
"皇太后曰太皇","2","0","2"
"太后曰太皇太","2","0","2"
"后曰太皇太后","2","0","2"
"陛下持刑太深","1","1","2"
"初元元年春正","1","1","2"
"元年春正月辛","2","0","2"
"年春正月辛丑","2","0","2"
"封外祖父平恩","1","1","2"
"外祖父平恩戴","1","1","2"
"祖父平恩戴侯","1","1","2"
"子中常侍许嘉","1","1","2"
"朕承先帝圣绪","2","0","2"
"遣光禄大夫褒","1","1","2"
"光禄大夫褒等","1","1","2"
"禄大夫褒等十","1","1","2"
"大夫褒等十二","1","1","2"
"夫褒等十二人","1","1","2"
"褒等十二人循","1","1","2"
"池属少府者假","2","0","2"
"属少府者假贫","2","0","2"
"少府者假贫民","2","0","2"
"属籍者马一匹","2","0","2"
"籍者马一匹二","2","0","2"
"者马一匹二驷","2","0","2"
"上郡属国降胡","1","1","2"
"关东郡国十一","1","1","2"
"御幸者勿缮治","2","0","2"
"县城郭官寺民","2","0","2"
"城郭官寺民室","2","0","2"
"郭官寺民室屋","2","0","2"
"减省便万姓者","2","0","2"
"故前将军望傅","2","0","2"
"关东连遭灾害","1","1","2"
"宗室子属籍者","2","0","2"
"史大夫贡禹卒","2","0","2"
"永光元年春正","1","1","2"
"光元年春正月","1","1","2"
"三王任贤使能","1","1","2"
"六百石上爵五","2","0","2"
"百石上爵五大","2","0","2"
"石上爵五大夫","2","0","2"
"百姓远弃先祖","1","1","2"
"姓远弃先祖坟","1","1","2"
"远弃先祖坟墓","1","1","2"
"孝惠皇帝寝庙","2","0","2"
"惠皇帝寝庙园","2","0","2"
"建昭元年春三","1","1","2"
"昭元年春三月","1","1","2"
"太皇太后上官","1","1","2"
"皇太后上官氏","1","1","2"
"西域骑都尉甘","1","1","2"
"域骑都尉甘延","1","1","2"
"骑都尉甘延寿","1","1","2"
"西域胡兵攻郅","1","1","2"
"域胡兵攻郅支","1","1","2"
"胡兵攻郅支单","1","1","2"
"谏大夫博士赏","1","1","2"
"大夫博士赏等","1","1","2"
"匈奴郅支单背","2","0","2"
"皇曾祖悼考庙","1","1","2"
"右将军长史姚","1","1","2"
"将军长史姚尹","1","1","2"
"军长史姚尹等","1","1","2"
"未央宫殿中朝","1","1","2"
"诸逋租赋所振","2","0","2"
"逋租赋所振贷","2","0","2"
"租赋所振贷勿","2","0","2"
"赋所振贷勿收","2","0","2"
"上小女陈持弓","2","0","2"
"谏大夫林等循","1","1","2"
"大夫林等循行","1","1","2"
"夫林等循行天","1","1","2"
"林等循行天下","1","1","2"
"盖闻天生众民","2","0","2"
"置尚书员五人","1","1","2"
"河平元年春三","1","1","2"
"平元年春三月","1","1","2"
"赐天下吏民爵","1","1","2"
"遣光禄大夫博","1","1","2"
"光禄大夫博士","1","1","2"
"禄大夫博士嘉","1","1","2"
"大夫博士嘉等","1","1","2"
"夫博士嘉等十","1","1","2"
"博士嘉等十一","1","1","2"
"士嘉等十一人","1","1","2"
"御史中二千石","1","1","2"
"御史大夫永卒","2","0","2"
"鸿嘉元年春二","1","1","2"
"嘉元年春二月","1","1","2"
"博士行饮酒礼","1","1","2"
"广汉男子郑躬","1","1","2"
"汉男子郑躬等","1","1","2"
"男子郑躬等六","1","1","2"
"子郑躬等六十","1","1","2"
"郑躬等六十余","1","1","2"
"躬等六十余人","1","1","2"
"等六十余人攻","1","1","2"
"广汉郑躬等党","1","1","2"
"东都尉赵护广","2","0","2"
"都尉赵护广汉","2","0","2"
"尉赵护广汉太","2","0","2"
"赵护广汉太守","2","0","2"
"永始元年春正","1","1","2"
"太皇太后王氏","1","1","2"
"侍中卫尉长数","2","0","2"
"中卫尉长数白","2","0","2"
"卫尉长数白宜","2","0","2"
"议者皆合长计","2","0","2"
"赐长爵关内侯","2","0","2"
"御史大夫王骏","1","1","2"
"临遣太中大夫","2","0","2"
"皇太后诏司复","2","0","2"
"徒李谭等五人","1","1","2"
"徒苏令等二百","1","1","2"
"苏令等二百二","1","1","2"
"令等二百二十","1","1","2"
"等二百二十八","1","1","2"
"二百二十八人","1","1","2"
"百二十八人攻","1","1","2"
"二十八人攻杀","1","1","2"
"十八人攻杀长","1","1","2"
"八人攻杀长吏","1","1","2"
"汝南太守严讠","1","1","2"
"南太守严讠斤","1","1","2"
"太守严讠斤捕","1","1","2"
"守严讠斤捕斩","1","1","2"
"赐云阳吏民爵","1","1","2"
"马大将军王商","1","1","2"
"年三岁嗣立王","2","0","2"
"少弟中山孝王","1","1","2"
"赵昭仪帝舅票","2","0","2"
"昭仪帝舅票骑","2","0","2"
"仪帝舅票骑将","2","0","2"
"帝舅票骑将军","2","0","2"
"仆安阳侯舜辅","1","1","2"
"安阳侯舜辅导","1","1","2"
"公主名田县道","2","0","2"
"博士弟子父母","1","1","2"
"士弟子父母死","1","1","2"
"侍中骑都尉新","1","1","2"
"中骑都尉新成","1","1","2"
"骑都尉新成侯","1","1","2"
"都尉新成侯赵","1","1","2"
"能直言通政事","1","1","2"
"推亲亲显尊尊","2","0","2"
"定陶恭皇号宜","2","0","2"
"陶恭皇号宜复","2","0","2"
"恭皇号宜复称","2","0","2"
"皇号宜复称定","2","0","2"
"号宜复称定陶","2","0","2"
"昔季武子成寝","2","0","2"
"孝子事亡事存","2","0","2"
"帝太后宜陵恭","2","0","2"
"太后宜陵恭皇","2","0","2"
"后宜陵恭皇园","2","0","2"
"近郡国五万人","1","1","2"
"汉家历运中衰","1","1","2"
"汉国获受命符","2","0","2"
"诏夏贺良等建","1","1","2"
"夏贺良等建言","2","0","2"
"太后所居桂宫","1","1","2"
"后所居桂宫正","1","1","2"
"所居桂宫正殿","1","1","2"
"居桂宫正殿火","1","1","2"
"中二千石举明","2","0","2"
"庙殿门铜龟蛇","1","1","2"
"太皇太后诏曰","2","0","2"
"哀帝皇后傅氏","1","1","2"
"帝皇后傅氏退","1","1","2"
"皇后傅氏退居","1","1","2"
"后傅氏退居桂","1","1","2"
"傅氏退居桂宫","1","1","2"
"太皇太后临朝","1","1","2"
"元始元年春正","1","1","2"
"群臣奏言大司","1","1","2"
"臣奏言大司马","1","1","2"
"桃乡顷侯子成","2","0","2"
"乡顷侯子成都","2","0","2"
"顷侯子成都中","2","0","2"
"太仆王恽等二","1","1","2"
"仆王恽等二十","1","1","2"
"王恽等二十五","1","1","2"
"恽等二十五人","1","1","2"
"议定陶傅太后","1","1","2"
"陶傅太后尊号","1","1","2"
"沛郡太守石诩","1","1","2"
"帝母中山孝王","1","1","2"
"母中山孝王姬","1","1","2"
"所食汤沐邑十","1","1","2"
"食汤沐邑十县","1","1","2"
"太师光奉太牢","1","1","2"
"师光奉太牢告","1","1","2"
"故大司马博陆","1","1","2"
"马博陆侯霍光","1","1","2"
"宣平侯张敖玄","1","1","2"
"平侯张敖玄孙","1","1","2"
"绛侯周勃玄孙","1","1","2"
"舞阳侯樊哙玄","1","1","2"
"阳侯樊哙玄孙","1","1","2"
"谒者大司马掾","1","1","2"
"者大司马掾四","1","1","2"
"大司马掾四十","1","1","2"
"司马掾四十四","1","1","2"
"马掾四十四人","1","1","2"
"掾四十四人持","1","1","2"
"执金吾侯陈茂","1","1","2"
"南阳勇敢吏士","1","1","2"
"阳勇敢吏士三","1","1","2"
"勇敢吏士三百","1","1","2"
"敢吏士三百人","1","1","2"
"成重等二百余","1","1","2"
"重等二百余人","1","1","2"
"郊祀高祖配天","2","0","2"
"多拘系犯法者","1","1","2"
"安汉公号曰宰","2","0","2"
"汉公号曰宰衡","2","0","2"
"赐公太夫人号","2","0","2"
"公太夫人号曰","2","0","2"
"太夫人号曰功","2","0","2"
"天子世世献祭","1","1","2"
"八十一元士官","1","1","2"
"十一元士官名","1","1","2"
"大风吹长安城","2","0","2"
"风吹长安城东","2","0","2"
"吹长安城东门","2","0","2"
"长安城东门屋","2","0","2"
"安城东门屋瓦","2","0","2"
"城东门屋瓦尽","2","0","2"
"列侯百二十人","2","0","2"
"太祖高皇帝子","1","1","2"
"祖高皇帝子孙","1","1","2"
"皇帝年十四岁","1","1","2"
"孝武帝时乐官","1","1","2"
"二百七十一枚","1","1","2"
"天地五位合终","2","0","2"
"地五位合终十","2","0","2"
"五位合终十者","2","0","2"
"位合终十者乘","2","0","2"
"五百三十九岁","2","0","2"
"二千一百八十","1","1","2"
"千一百八十七","1","1","2"
"千五百六十一","1","1","2"
"然后阴阳万物","1","1","2"
"子谷秬黍中者","2","0","2"
"三百八十四铢","1","1","2"
"千五百二十铢","1","1","2"
"千九百二十两","1","1","2"
"三百八十四爻","1","1","2"
"千五百二十物","1","1","2"
"武帝元封七年","1","1","2"
"大中大夫公孙","1","1","2"
"中大夫公孙卿","1","1","2"
"大典星射姓等","1","1","2"
"上元泰初四千","1","1","2"
"元泰初四千六","1","1","2"
"泰初四千六百","1","1","2"
"初四千六百一","1","1","2"
"六百一十七岁","2","0","2"
"冬十一月甲子","1","1","2"
"八十一分律历","1","1","2"
"太史令张寿王","1","1","2"
"大司农中丞麻","1","1","2"
"司农中丞麻光","1","1","2"
"农中丞麻光等","1","1","2"
"元凤三年十一","1","1","2"
"凤三年十一月","1","1","2"
"三千六百二十","1","1","2"
"千六百二十九","1","1","2"
"民受天地中生","2","0","2"
"太极中央元气","1","1","2"
"亡事必书时月","2","0","2"
"参天数二十五","2","0","2"
"四千五百六十","1","1","2"
"王正月辛亥朔","2","0","2"
"二十年二月己","1","1","2"
"十年二月己丑","1","1","2"
"六万九千一百","1","1","2"
"万九千一百二","1","1","2"
"九千一百二十","1","1","2"
"十三万八千二","1","1","2"
"三万八千二百","1","1","2"
"万八千二百四","1","1","2"
"八千二百四十","1","1","2"
"二百六十二万","1","1","2"
"百六十二万六","1","1","2"
"六十二万六千","1","1","2"
"万六千五百六","1","1","2"
"七百八十七万","1","1","2"
"百八十七万九","1","1","2"
"八十七万九千","1","1","2"
"十七万九千六","1","1","2"
"七万九千六百","1","1","2"
"三百六十三万","1","1","2"
"百六十三万九","1","1","2"
"六十三万九千","1","1","2"
"二千三百九十","1","1","2"
"千三百九十二","1","1","2"
"四万五百三十","2","0","2"
"五十六万二千","1","1","2"
"十六万二千一","1","1","2"
"六万二千一百","1","1","2"
"万二千一百二","1","1","2"
"二千一百二十","1","1","2"
"六千三百四十","1","1","2"
"五万七千一百","1","1","2"
"一万八千四百","1","1","2"
"万八千四百六","1","1","2"
"八千四百六十","1","1","2"
"五万五千四百","1","1","2"
"千四百五十六","1","1","2"
"千七百一十八","1","1","2"
"五千一百九十","1","1","2"
"千一百九十一","1","1","2"
"二万六千八百","1","1","2"
"千八百四十八","1","1","2"
"六万三千三百","1","1","2"
"中余四千一百","2","0","2"
"四千一百六十","1","1","2"
"千一百六十三","1","1","2"
"千二百一十六","1","1","2"
"四千一百二十","1","1","2"
"万九千三百四","1","1","2"
"九千三百四十","1","1","2"
"千三百四十三","1","1","2"
"万四千六百八","1","1","2"
"千六百八十二","1","1","2"
"二万八千二百","1","1","2"
"万八千二百二","1","1","2"
"八千二百二十","1","1","2"
"千二百二十四","1","1","2"
"九西七乘岁数","1","1","2"
"日行十一分度","2","0","2"
"行十一分度二","2","0","2"
"日百八十二万","2","0","2"
"千三百六十二","1","1","2"
"三百六十二分","1","1","2"
"三百六十五分","1","1","2"
"百六十六万一","1","1","2"
"六十六万一千","1","1","2"
"十六万一千二","1","1","2"
"千二百八十六","1","1","2"
"二百八十六分","1","1","2"
"七百二十八分","1","1","2"
"分度百四十五","2","0","2"
"日行二分度一","2","0","2"
"日行四十六分","2","0","2"
"行四十六分度","2","0","2"
"九十二分度十","2","0","2"
"十二分度十五","2","0","2"
"凡见二百四十","2","0","2"
"星二百四十四","1","1","2"
"二百四十四度","1","1","2"
"七分日四十五","1","1","2"
"星二百四十一","1","1","2"
"二百四十一度","1","1","2"
"行星二百二十","1","1","2"
"星二百二十六","1","1","2"
"二百二十六度","1","1","2"
"百二十六度六","1","1","2"
"二十六度六百","1","1","2"
"十六度六百九","1","1","2"
"六度六百九十","1","1","2"
"度六百九十万","1","1","2"
"六百九十万七","1","1","2"
"百九十万七千","1","1","2"
"九十万七千四","1","1","2"
"十万七千四百","1","1","2"
"四百六十九分","1","1","2"
"行十五分度一","2","0","2"
"百三万二千六","2","0","2"
"万二千六百二","1","1","2"
"二千六百二十","1","1","2"
"千六百二十五","1","1","2"
"六百二十五分","1","1","2"
"千三百二十一","1","1","2"
"三百二十一万","1","1","2"
"百二十一万五","1","1","2"
"二十一万五百","1","1","2"
"十一万五百分","1","1","2"
"行四千三百二","1","1","2"
"千三百二十分","1","1","2"
"日行九十二分","2","0","2"
"行九十二分度","2","0","2"
"九十二分度五","2","0","2"
"十二分度五十","2","0","2"
"二分度五十三","2","0","2"
"二百七十六日","2","0","2"
"日千五百六十","2","0","2"
"百一十四度八","1","1","2"
"一十四度八百","1","1","2"
"十四度八百二","1","1","2"
"四度八百二十","1","1","2"
"一万八千五分","2","0","2"
"行星四百一十","1","1","2"
"星四百一十五","1","1","2"
"四百一十五度","1","1","2"
"百一十五度八","1","1","2"
"一十五度八百","1","1","2"
"十五度八百二","1","1","2"
"五度八百二十","1","1","2"
"八百二十四分","1","1","2"
"七千三百五十","1","1","2"
"日行七分度六","2","0","2"
"日行一度三分","2","0","2"
"行一度三分度","2","0","2"
"一度三分度一","2","0","2"
"定行星二十八","1","1","2"
"行星二十八度","1","1","2"
"行星六十八度","1","1","2"
"星六十八度四","1","1","2"
"六十八度四千","1","1","2"
"十八度四千六","1","1","2"
"八度四千六百","1","1","2"
"百六十一万一","2","0","2"
"六十一万一百","2","0","2"
"十一万一百二","2","0","2"
"一万一百二十","2","0","2"
"万一百二十八","2","0","2"
"十五日一亿二","2","0","2"
"五日一亿二千","2","0","2"
"行星九十六度","1","1","2"
"星九十六度四","1","1","2"
"九十六度四千","1","1","2"
"十六度四千六","1","1","2"
"六度四千六百","1","1","2"
"定行星二十六","1","1","2"
"行星二十六度","1","1","2"
"五千八百六十","1","1","2"
"千八百六十六","1","1","2"
"八百六十六万","1","1","2"
"百六十六万二","1","1","2"
"十六万二千八","1","1","2"
"万二千八百二","1","1","2"
"二千八百二十","1","1","2"
"千八百二十分","1","1","2"
"行星十九度七","1","1","2"
"星十九度七千","1","1","2"
"十九度七千五","1","1","2"
"九度七千五百","1","1","2"
"度七千五百四","1","1","2"
"五百四十一万","1","1","2"
"百四十一万九","1","1","2"
"四十一万九千","1","1","2"
"十一万九千四","1","1","2"
"一万九千四百","1","1","2"
"万九千四百七","1","1","2"
"九千四百七十","1","1","2"
"千四百七十七","1","1","2"
"四百七十七分","1","1","2"
"策余乘入统岁","1","1","2"
"余乘入统岁数","1","1","2"
"中部二十四气","1","1","2"
"章岁乘月小余","1","1","2"
"月周乘月小余","1","1","2"
"分乘定见复数","2","0","2"
"章月除月元余","1","1","2"
"中法乘中元余","1","1","2"
"月法乘月元余","1","1","2"
"入中次日度数","1","1","2"
"分母分度数乘","1","1","2"
"母分度数乘全","1","1","2"
"十四万一千四","1","1","2"
"万一千四百八","1","1","2"
"商十二月乙丑","1","1","2"
"二月乙丑朔旦","1","1","2"
"月乙丑朔旦冬","1","1","2"
"商十二月甲申","1","1","2"
"十二月甲申朔","1","1","2"
"二月甲申朔旦","1","1","2"
"十三万二千一","1","1","2"
"万二千一百一","1","1","2"
"二千一百一十","1","1","2"
"千一百一十三","1","1","2"
"十四万二千一","1","1","2"
"四万二千一百","1","1","2"
"殷十一月戊子","1","1","2"
"崩后四年武王","1","1","2"
"正月丁巳朔旦","1","1","2"
"月丁巳朔旦冬","1","1","2"
"入孟统二十九","1","1","2"
"孟统二十九章","1","1","2"
"周公七年复子","1","1","2"
"公七年复子明","1","1","2"
"七年复子明辟","1","1","2"
"十二月戊辰晦","1","1","2"
"成王元年正月","1","1","2"
"王元年正月己","1","1","2"
"元年正月己巳","1","1","2"
"康王十二年六","1","1","2"
"王十二年六月","1","1","2"
"十二年六月戊","1","1","2"
"二年六月戊辰","1","1","2"
"十二年六月庚","1","1","2"
"二年六月庚午","1","1","2"
"炀公二十四年","1","1","2"
"公二十四年正","1","1","2"
"二十四年正月","1","1","2"
"十四年正月丙","1","1","2"
"四年正月丙申","1","1","2"
"年正月丙申朔","1","1","2"
"正月丙申朔旦","1","1","2"
"月丙申朔旦冬","1","1","2"
"懿公九年正月","1","1","2"
"公九年正月癸","1","1","2"
"九年正月癸巳","1","1","2"
"惠公三十八年","1","1","2"
"公三十八年正","1","1","2"
"三十八年正月","1","1","2"
"十八年正月壬","1","1","2"
"八年正月壬申","1","1","2"
"三百八十六年","1","1","2"
"公五年正月辛","1","1","2"
"五年正月辛亥","1","1","2"
"十四万二千五","2","0","2"
"孟统五十三章","1","1","2"
"成公十二年正","1","1","2"
"公十二年正月","1","1","2"
"十二年正月庚","1","1","2"
"二年正月庚寅","1","1","2"
"年正月庚寅朔","1","1","2"
"襄公二十七年","1","1","2"
"冬十一月乙亥","1","1","2"
"十八年辛亥百","2","0","2"
"夏正月甲子朔","1","1","2"
"四百四十五甲","1","1","2"
"百四十五甲子","1","1","2"
"万六千六百六","2","0","2"
"六千六百六旬","2","0","2"
"二十年春王正","1","1","2"
"十年春王正月","1","1","2"
"辛亥后八章首","1","1","2"
"哀公十二年冬","1","1","2"
"公十二年冬十","1","1","2"
"元公四年正月","1","1","2"
"公四年正月戊","1","1","2"
"四年正月戊申","1","1","2"
"康公四年正月","1","1","2"
"公四年正月丁","1","1","2"
"四年正月丁亥","1","1","2"
"年正月丁亥朔","1","1","2"
"缗公二十二年","1","1","2"
"公二十二年正","1","1","2"
"二十二年正月","1","1","2"
"十二年正月丙","1","1","2"
"二年正月丙寅","1","1","2"
"年正月丙寅朔","1","1","2"
"东井二十二度","1","1","2"
"八年十一月乙","1","1","2"
"年十一月乙巳","1","1","2"
"十一月乙巳朔","1","1","2"
"元朔六年十一","1","1","2"
"朔六年十一月","1","1","2"
"六年十一月甲","1","1","2"
"年十一月甲申","1","1","2"
"十一月甲申朔","1","1","2"
"前十一月甲子","1","1","2"
"星纪婺女六度","1","1","2"
"年十一月癸亥","1","1","2"
"十一月癸亥朔","1","1","2"
"立宗室刘盆子","1","1","2"
"高祖九世孙受","1","1","2"
"大臣特簿书报","2","0","2"
"见天任德任刑","2","0","2"
"阳布施上主岁","2","0","2"
"布施上主岁功","2","0","2"
"王者承天意事","2","0","2"
"一岁狱万千数","2","0","2"
"甚者必变更化","2","0","2"
"临政愿治七十","2","0","2"
"政愿治七十余","2","0","2"
"愿治七十余岁","2","0","2"
"治七十余岁矣","2","0","2"
"公卿幸遭遇时","2","0","2"
"未建万世长策","2","0","2"
"举明主三代隆","2","0","2"
"明主三代隆者","2","0","2"
"俗吏所牧民者","2","0","2"
"非礼义科指世","2","0","2"
"礼义科指世世","2","0","2"
"义科指世世通","2","0","2"
"科指世世通行","2","0","2"
"指世世通行者","2","0","2"
"孔子曰安上治","2","0","2"
"子曰安上治民","2","0","2"
"王者未作乐时","2","0","2"
"先王作乐崇德","2","0","2"
"乐府令夏侯宽","1","1","2"
"府令夏侯宽备","1","1","2"
"秦始皇二十六","1","1","2"
"始皇二十六年","1","1","2"
"延年协律都尉","2","0","2"
"谒者常山王禹","1","1","2"
"者常山王禹世","1","1","2"
"贵戚五侯定陵","1","1","2"
"员百二十八人","2","0","2"
"乐鼓员十三人","2","0","2"
"四会员十二人","2","0","2"
"八百二十九人","1","1","2"
"三百八十八人","1","1","2"
"四百四十一人","1","1","2"
"三百一十六里","1","1","2"
"大辟罚属二百","2","0","2"
"岂民父母意哉","2","0","2"
"御史大夫冯敬","1","1","2"
"笞三百曰二百","2","0","2"
"史大夫卫绾请","1","1","2"
"千八百八十二","1","1","2"
"廷史路温舒上","1","1","2"
"时涿郡太守郑","1","1","2"
"涿郡太守郑昌","1","1","2"
"郡太守郑昌上","1","1","2"
"万二千五百户","1","1","2"
"封丞相富民侯","2","0","2"
"中丞耿寿昌善","1","1","2"
"御史大夫萧望","1","1","2"
"减诸侯王庙卫","2","0","2"
"诸侯王庙卫卒","2","0","2"
"贬钅句町王侯","2","0","2"
"使者驰传督趣","2","0","2"
"汉氏减轻田租","2","0","2"
"更名天下田曰","2","0","2"
"名天下田曰王","2","0","2"
"天下田曰王田","2","0","2"
"边兵二十余万","2","0","2"
"二十余万人仰","2","0","2"
"分遣大夫谒者","2","0","2"
"流民入关者数","2","0","2"
"民入关者数十","2","0","2"
"入关者数十万","2","0","2"
"关者数十万人","2","0","2"
"坐死者数万人","2","0","2"
"方正贤良文学","2","0","2"
"死者十余万匹","2","0","2"
"孔仅使天下铸","1","1","2"
"仅使天下铸作","1","1","2"
"弘羊御史大夫","2","0","2"
"诏郡国举贤良","2","0","2"
"郡国举贤良文","2","0","2"
"国举贤良文学","2","0","2"
"元狩五年三官","1","1","2"
"钱二百八十亿","1","1","2"
"二百八十亿万","1","1","2"
"文曰小钱直一","2","0","2"
"朱提银重八两","1","1","2"
"私五铢钱市买","2","0","2"
"愁苦死者什六","2","0","2"
"苦死者什六七","2","0","2"
"作货布后六年","1","1","2"
"名曰猪突豨勇","2","0","2"
"令公卿下郡县","2","0","2"
"公卿下郡县黄","2","0","2"
"卿下郡县黄绶","2","0","2"
"天下户口减半","2","0","2"
"三帛二生一死","1","1","2"
"四海内职助祭","2","0","2"
"陈宝祠后七十","1","1","2"
"宝祠后七十一","1","1","2"
"祠后七十一年","1","1","2"
"秦宣公作密畤","2","0","2"
"上帝命穆公平","1","1","2"
"淮间一茅三脊","2","0","2"
"后二百五十年","1","1","2"
"周太史儋见秦","1","1","2"
"儒生博士七十","1","1","2"
"生博士七十人","1","1","2"
"鲁人公孙臣上","2","0","2"
"赵人新垣平望","2","0","2"
"人新垣平望气","2","0","2"
"求蓬莱安期生","1","1","2"
"长安城东南郊","1","1","2"
"汾阴男子公孙","1","1","2"
"阴男子公孙滂","1","1","2"
"男子公孙滂洋","1","1","2"
"子公孙滂洋等","1","1","2"
"入海求蓬莱者","2","0","2"
"鬼臾区号大鸿","1","1","2"
"济南人公玉带","1","1","2"
"皇帝泰元神策","1","1","2"
"玉堂璧门大鸟","1","1","2"
"大将军霍光辅","1","1","2"
"将军霍光辅政","1","1","2"
"兆尹张敞上疏","1","1","2"
"尹张敞上疏谏","1","1","2"
"鼎大八尺一寸","1","1","2"
"将军许嘉等八","1","1","2"
"军许嘉等八人","1","1","2"
"议郎翟方进等","1","1","2"
"郎翟方进等五","1","1","2"
"翟方进等五十","1","1","2"
"方进等五十人","1","1","2"
"候神方士使者","2","0","2"
"山川诸星十五","1","1","2"
"上林苑中长安","1","1","2"
"林苑中长安城","1","1","2"
"苑中长安城旁","1","1","2"
"太皇太后诏司","2","0","2"
"殆继体君宜改","2","0","2"
"继体君宜改作","2","0","2"
"大司马王莽奏","2","0","2"
"严父莫大配天","2","0","2"
"周公郊祀后稷","1","1","2"
"元鼎四年十一","1","1","2"
"鼎四年十一月","1","1","2"
"四年十一月甲","1","1","2"
"年十一月甲子","1","1","2"
"五年十一月癸","1","1","2"
"年十一月癸未","1","1","2"
"河东后土长安","2","0","2"
"东后土长安南","2","0","2"
"后土长安南北","2","0","2"
"土长安南北郊","2","0","2"
"永始元年三月","1","1","2"
"长乐少府平晏","1","1","2"
"太中大夫朱阳","1","1","2"
"孟春正月上辛","1","1","2"
"春正月上辛若","1","1","2"
"正月上辛若丁","1","1","2"
"歆等八十九人","1","1","2"
"炎帝赤灵祝融","1","1","2"
"帝颛顼黑灵玄","1","1","2"
"颛顼黑灵玄冥","1","1","2"
"帝王建立社稷","1","1","2"
"数七百八十三","1","1","2"
"七百八十三星","1","1","2"
"日方南太白居","2","0","2"
"日方北太白居","2","0","2"
"乱臣贼子师旅","2","0","2"
"乱臣贼子伏尸","1","1","2"
"臣贼子伏尸流","1","1","2"
"贼子伏尸流血","1","1","2"
"千里破军杀将","1","1","2"
"见王者征伐四","2","0","2"
"王者征伐四方","2","0","2"
"丈三尺一寸四","1","1","2"
"三尺一寸四分","1","1","2"
"长七尺三寸六","1","1","2"
"七尺三寸六分","1","1","2"
"诸侯奔走保社","2","0","2"
"侯奔走保社稷","2","0","2"
"奔走保社稷者","2","0","2"
"走保社稷者胜","2","0","2"
"保社稷者胜数","2","0","2"
"十五年间彗星","1","1","2"
"五年间彗星四","1","1","2"
"后二年正月壬","1","1","2"
"二年正月壬寅","1","1","2"
"孝景元年正月","1","1","2"
"景元年正月癸","1","1","2"
"元年正月癸酉","1","1","2"
"二年七月丙子","1","1","2"
"遣大将军周亚","1","1","2"
"大将军周亚夫","1","1","2"
"将军周亚夫等","1","1","2"
"军周亚夫等戍","1","1","2"
"二年正月丁亥","1","1","2"
"三年十一月庚","1","1","2"
"年十一月庚午","1","1","2"
"四年四月丙申","1","1","2"
"五年四月乙巳","1","1","2"
"后元年五月壬","1","1","2"
"元年五月壬午","1","1","2"
"孝武建元三年","1","1","2"
"武建元三年三","1","1","2"
"建元三年三月","1","1","2"
"晋君皆将死乱","2","0","2"
"元光元年六月","1","1","2"
"将十万骑入武","2","0","2"
"元凤四年九月","1","1","2"
"发三辅郡国少","1","1","2"
"三辅郡国少年","1","1","2"
"元平元年正月","1","1","2"
"平元年正月庚","1","1","2"
"元年正月庚子","1","1","2"
"大将军霍光白","2","0","2"
"本始元年四月","1","1","2"
"始元年四月壬","1","1","2"
"元年四月壬戌","1","1","2"
"二年七月辛亥","1","1","2"
"四年七月甲辰","1","1","2"
"节元年正月戊","1","1","2"
"元年正月戊午","1","1","2"
"故大将军霍光","1","1","2"
"黄龙元年三月","1","1","2"
"帝初元元年四","1","1","2"
"初元元年四月","1","1","2"
"建始元年九月","1","1","2"
"始元年九月戊","1","1","2"
"元年九月戊子","1","1","2"
"二年十二月壬","1","1","2"
"年十二月壬申","1","1","2"
"太皇太后避时","1","1","2"
"河平二年十月","1","1","2"
"平二年十月下","1","1","2"
"二年十月下旬","1","1","2"
"夜郎王歆大逆","1","1","2"
"三年九月甲戌","1","1","2"
"郡庄平男子侯","1","1","2"
"庄平男子侯母","1","1","2"
"平男子侯母辟","1","1","2"
"男子侯母辟兄","1","1","2"
"子侯母辟兄弟","1","1","2"
"侯母辟兄弟五","1","1","2"
"母辟兄弟五人","1","1","2"
"四年四月戊申","1","1","2"
"朔元年七月壬","1","1","2"
"元年七月壬子","1","1","2"
"四年闰月庚午","1","1","2"
"遣中郎将杨兴","1","1","2"
"尉氏男子樊等","2","0","2"
"徒苏令等杀伤","1","1","2"
"经历郡国四十","2","0","2"
"历郡国四十余","2","0","2"
"令等同月俱发","1","1","2"
"元延元年四月","1","1","2"
"延元年四月丁","1","1","2"
"元年四月丁酉","1","1","2"
"王者失势诸侯","1","1","2"
"元年正月辛未","1","1","2"
"年十一月庚子","1","1","2"
"定陵侯淳长坐","2","0","2"
"年正月丁未日","1","1","2"
"年十一月壬子","1","1","2"
"彗所除旧布新","2","0","2"
"等建言改元易","2","0","2"
"建言改元易号","2","0","2"
"诏书改建平二","1","1","2"
"书改建平二年","1","1","2"
"元寿元年十一","1","1","2"
"寿元年十一月","1","1","2"
"二年十月戊寅","1","1","2"
"次二曰羞五事","2","0","2"
"禹大法九章常","1","1","2"
"大法九章常事","1","1","2"
"法九章常事所","1","1","2"
"成公十六年正","1","1","2"
"桓公十四年八","1","1","2"
"公十四年八月","1","1","2"
"十四年八月壬","1","1","2"
"四年八月壬申","1","1","2"
"严公二十年夏","1","1","2"
"公二十年五月","1","1","2"
"二十年五月乙","1","1","2"
"十年五月乙巳","1","1","2"
"宣公十六年夏","1","1","2"
"王札子杀召伯","2","0","2"
"成公三年二月","1","1","2"
"公三年二月甲","1","1","2"
"三年二月甲子","1","1","2"
"大夫公孙归父","1","1","2"
"刘向先宋公听","2","0","2"
"向先宋公听谗","2","0","2"
"陶唐氏火正阏","2","0","2"
"唐氏火正阏伯","2","0","2"
"三十年五月甲","1","1","2"
"十年五月甲午","1","1","2"
"昭公六年六月","1","1","2"
"公六年六月丙","1","1","2"
"六年六月丙戌","1","1","2"
"八年十月壬午","1","1","2"
"哀公十七年七","1","1","2"
"公十七年七月","1","1","2"
"十七年七月己","1","1","2"
"七年七月己卯","1","1","2"
"十八年五月壬","1","1","2"
"八年五月壬午","1","1","2"
"公三年五月辛","1","1","2"
"三年五月辛卯","1","1","2"
"四年六月辛丑","1","1","2"
"高后元年五月","1","1","2"
"后元年五月丙","1","1","2"
"元年五月丙申","1","1","2"
"惠帝四年十月","1","1","2"
"帝四年十月乙","1","1","2"
"四年十月乙亥","1","1","2"
"元年吕太后杀","1","1","2"
"大臣共诛诸吕","2","0","2"
"文帝七年六月","1","1","2"
"帝七年六月癸","1","1","2"
"七年六月癸酉","1","1","2"
"五年八月己酉","1","1","2"
"丞相条侯周亚","1","1","2"
"相条侯周亚夫","1","1","2"
"元六年六月丁","1","1","2"
"六年六月丁酉","1","1","2"
"公二年五月两","1","1","2"
"太尉武安侯田","1","1","2"
"仲舒弟子吕步","2","0","2"
"舒弟子吕步舒","2","0","2"
"太初元年十一","1","1","2"
"初元年十一月","1","1","2"
"元年十一月乙","1","1","2"
"年十一月乙酉","1","1","2"
"涿郡铁官铸铁","1","1","2"
"涿郡太守刘屈","1","1","2"
"平阳侯曹宗等","1","1","2"
"帝河平二年正","1","1","2"
"河平二年正月","1","1","2"
"元凤四年五月","1","1","2"
"凤四年五月丁","1","1","2"
"四年五月丁丑","1","1","2"
"帝初元三年四","1","1","2"
"初元三年四月","1","1","2"
"元三年四月乙","1","1","2"
"武园白鹤馆灾","2","0","2"
"永光四年六月","1","1","2"
"光四年六月甲","1","1","2"
"四年六月甲戌","1","1","2"
"陵园东阙南方","2","0","2"
"园东阙南方灾","2","0","2"
"元年正月乙丑","1","1","2"
"大将军王凤颛","2","0","2"
"将军王凤颛权","2","0","2"
"鸿嘉三年八月","1","1","2"
"嘉三年八月乙","1","1","2"
"永始元年正月","1","1","2"
"始元年正月癸","1","1","2"
"元年正月癸丑","1","1","2"
"永始四年四月","1","1","2"
"始四年四月癸","1","1","2"
"四年四月癸未","1","1","2"
"帝建平三年正","1","1","2"
"建平三年正月","1","1","2"
"平三年正月癸","1","1","2"
"三年正月癸卯","1","1","2"
"祖母傅太后所","1","1","2"
"帝元始五年七","1","1","2"
"元始五年七月","1","1","2"
"始五年七月己","1","1","2"
"五年七月己亥","1","1","2"
"帝母王太后临","2","0","2"
"严公二十八年","1","1","2"
"公二十八年冬","1","1","2"
"成帝鸿嘉三年","1","1","2"
"帝鸿嘉三年五","1","1","2"
"鸿嘉三年五月","1","1","2"
"嘉三年五月乙","1","1","2"
"三年五月乙亥","1","1","2"
"阳亡徒苏令等","2","0","2"
"文帝后三年秋","1","1","2"
"帝永光五年夏","1","1","2"
"帝建始三年夏","1","1","2"
"民舍八万三千","1","1","2"
"昭公十一年夏","1","1","2"
"公二十一年三","1","1","2"
"二十一年三月","1","1","2"
"隐公九年三月","1","1","2"
"公九年三月癸","1","1","2"
"九年三月癸酉","1","1","2"
"帝始元元年七","1","1","2"
"始元元年七月","1","1","2"
"帝建始三年秋","1","1","2"
"大臣车骑将军","1","1","2"
"臣车骑将军王","1","1","2"
"陛下弃万乘贵","2","0","2"
"典门户奉宿卫","2","0","2"
"门户奉宿卫臣","2","0","2"
"户奉宿卫臣执","2","0","2"
"奉宿卫臣执干","2","0","2"
"宿卫臣执干戈","2","0","2"
"卫臣执干戈守","2","0","2"
"臣执干戈守空","2","0","2"
"执干戈守空宫","2","0","2"
"宣帝黄龙元年","1","1","2"
"相府史家雌鸡","2","0","2"
"未央殿中雌鸡","1","1","2"
"丞相少史王禁","1","1","2"
"成公七年正月","1","1","2"
"成公怠慢昏乱","1","1","2"
"定公十五年正","1","1","2"
"哀公元年正月","1","1","2"
"燕黄鼠衔尾舞","2","0","2"
"黄鼠衔尾舞王","2","0","2"
"鼠衔尾舞王宫","2","0","2"
"衔尾舞王宫端","2","0","2"
"尾舞王宫端门","2","0","2"
"舞王宫端门中","2","0","2"
"帝建始四年九","1","1","2"
"建始四年九月","1","1","2"
"景帝三年十二","1","1","2"
"帝三年十二月","1","1","2"
"大司马霍禹所","1","1","2"
"司马霍禹所居","1","1","2"
"襄公二十九年","1","1","2"
"公三十一年正","1","1","2"
"三十一年正月","1","1","2"
"公二十一年夏","1","1","2"
"二十八年八月","1","1","2"
"昭公三年八月","1","1","2"
"二十四年八月","1","1","2"
"二十五年七月","1","1","2"
"十五年七月上","1","1","2"
"定公七年九月","1","1","2"
"严公三十一年","1","1","2"
"公三十一年冬","1","1","2"
"丞相灌婴发车","1","1","2"
"相灌婴发车骑","1","1","2"
"匈奴大入上郡","2","0","2"
"三将军屯京师","2","0","2"
"武帝元光六年","1","1","2"
"帝元光六年夏","1","1","2"
"军众十余万征","2","0","2"
"众十余万征匈","2","0","2"
"十余万征匈奴","2","0","2"
"贰师将军征大","2","0","2"
"师将军征大宛","2","0","2"
"鸿胪田广明征","1","1","2"
"宣帝本始三年","1","1","2"
"帝本始三年夏","1","1","2"
"将军赵充国征","1","1","2"
"成帝建始二年","1","1","2"
"帝建始二年三","1","1","2"
"建始二年三月","1","1","2"
"始二年三月戊","1","1","2"
"二年三月戊子","1","1","2"
"襄公十七年十","1","1","2"
"公十七年十一","1","1","2"
"十七年十一月","1","1","2"
"七年十一月甲","1","1","2"
"年十一月甲午","1","1","2"
"高后八年三月","1","1","2"
"文帝后五年六","1","1","2"
"帝后五年六月","1","1","2"
"犹诸侯举兵乡","2","0","2"
"诸侯举兵乡京","2","0","2"
"侯举兵乡京师","2","0","2"
"昭公二十四年","1","1","2"
"公二十四年十","1","1","2"
"二十四年十月","1","1","2"
"十四年十月癸","1","1","2"
"四年十月癸酉","1","1","2"
"史记秦始皇帝","2","0","2"
"秦始皇帝三十","1","1","2"
"始皇帝三十六","1","1","2"
"皇帝三十六年","1","1","2"
"始皇二十八年","1","1","2"
"皇二十八年过","1","1","2"
"孝昭元凤三年","2","0","2"
"昭元凤三年正","2","0","2"
"泰山莱芜山南","1","1","2"
"莱芜山南匈匈","2","0","2"
"芜山南匈匈数","2","0","2"
"山南匈匈数千","2","0","2"
"南匈匈数千人","2","0","2"
"匈匈数千人声","2","0","2"
"天汉元年三月","1","1","2"
"周威烈王二十","1","1","2"
"威烈王二十三","1","1","2"
"烈王二十三年","1","1","2"
"成帝元延元年","1","1","2"
"帝元延元年正","1","1","2"
"厥咎乱臣谋篡","2","0","2"
"桓公十五年春","1","1","2"
"董仲舒象夫人","2","0","2"
"帝元狩六年冬","1","1","2"
"博士褚大等六","1","1","2"
"士褚大等六人","1","1","2"
"昭帝始元二年","1","1","2"
"帝始元二年冬","1","1","2"
"惠帝五年十月","1","1","2"
"上林苑中大柳","2","0","2"
"林苑中大柳树","2","0","2"
"苑中大柳树断","2","0","2"
"故废家公孙氏","2","0","2"
"皇后曾祖父济","1","1","2"
"后曾祖父济南","1","1","2"
"王伯墓门梓柱","2","0","2"
"州刺史浩赏禁","1","1","2"
"山阳橐茅乡社","1","1","2"
"帝永始元年二","1","1","2"
"永始元年二月","1","1","2"
"帝建平三年十","1","1","2"
"建平三年十月","1","1","2"
"汝南西平遂阳","1","1","2"
"南西平遂阳乡","1","1","2"
"帝永光二年八","1","1","2"
"永光二年八月","1","1","2"
"平帝元始三年","1","1","2"
"帝元始三年正","1","1","2"
"元始三年正月","1","1","2"
"公二十五年夏","1","1","2"
"景帝三年十一","1","1","2"
"帝三年十一月","1","1","2"
"帝河平元年二","1","1","2"
"河平元年二月","1","1","2"
"平元年二月庚","1","1","2"
"元年二月庚子","1","1","2"
"鸿嘉二年三月","1","1","2"
"未央宫承明殿","1","1","2"
"季氏家臣阳虎","1","1","2"
"氏家臣阳虎囚","1","1","2"
"文帝四年六月","1","1","2"
"帝元狩元年十","1","1","2"
"元狩元年十二","1","1","2"
"狩元年十二月","1","1","2"
"元帝建昭二年","1","1","2"
"帝建昭二年十","1","1","2"
"建昭二年十一","1","1","2"
"昭二年十一月","1","1","2"
"建昭四年三月","1","1","2"
"定公元年十月","1","1","2"
"武帝元光四年","1","1","2"
"帝元光四年四","1","1","2"
"元光四年四月","1","1","2"
"公二十九年秋","1","1","2"
"帝地节四年五","1","1","2"
"地节四年五月","1","1","2"
"大司马霍禹宗","1","1","2"
"司马霍禹宗族","1","1","2"
"马霍禹宗族谋","1","1","2"
"霍禹宗族谋反","1","1","2"
"帝河平二年四","1","1","2"
"河平二年四月","1","1","2"
"公三十二年十","1","1","2"
"三十二年十二","1","1","2"
"帝建平二年四","1","1","2"
"建平二年四月","1","1","2"
"平二年四月乙","1","1","2"
"二年四月乙亥","1","1","2"
"御史大夫朱博","1","1","2"
"武帝元鼎五年","1","1","2"
"帝元鼎五年秋","1","1","2"
"成帝鸿嘉四年","1","1","2"
"帝鸿嘉四年秋","1","1","2"
"略皆董仲舒说","2","0","2"
"公十五年八月","1","1","2"
"宣公六年八月","1","1","2"
"哀公十二年十","1","1","2"
"公十二年十二","1","1","2"
"宣公十五年冬","1","1","2"
"武帝元光五年","1","1","2"
"帝元光五年秋","1","1","2"
"帝元始二年秋","1","1","2"
"公八年齐襄公","1","1","2"
"鲁襄公二十三","1","1","2"
"襄公二十三年","1","1","2"
"秦武王三年渭","1","1","2"
"武王三年渭水","1","1","2"
"昭王三十四年","1","1","2"
"王三十四年渭","1","1","2"
"三十四年渭水","1","1","2"
"时金木水火沴","2","0","2"
"釐公十六年正","2","0","2"
"文帝二年六月","1","1","2"
"公十五年九月","1","1","2"
"十五年九月己","1","1","2"
"五年九月己卯","1","1","2"
"年九月己卯晦","1","1","2"
"文帝后六年秋","1","1","2"
"秦孝文王五年","1","1","2"
"宫馆阁道相连","1","1","2"
"馆阁道相连三","1","1","2"
"阁道相连三十","1","1","2"
"道相连三十余","1","1","2"
"相连三十余里","1","1","2"
"公二十一年春","1","1","2"
"帝建始元年四","1","1","2"
"建始元年四月","1","1","2"
"始元年四月辛","1","1","2"
"元年四月辛丑","1","1","2"
"年四月辛丑夜","1","1","2"
"庶弟谭等五人","1","1","2"
"弟谭等五人赐","1","1","2"
"二年八月癸亥","1","1","2"
"帝本始四年四","1","1","2"
"本始四年四月","1","1","2"
"始四年四月壬","1","1","2"
"四年四月壬寅","1","1","2"
"二年九月丙辰","1","1","2"
"四百一十五人","1","1","2"
"高后二年正月","1","1","2"
"文帝元年四月","1","1","2"
"庶兄齐悼惠王","1","1","2"
"立悼惠王庶子","1","1","2"
"悼惠王庶子六","1","1","2"
"惠王庶子六人","1","1","2"
"三年二月丙戌","1","1","2"
"元延三年正月","1","1","2"
"延三年正月丙","1","1","2"
"三年正月丙寅","1","1","2"
"貌言视听思心","1","1","2"
"言视听思心五","1","1","2"
"视听思心五事","1","1","2"
"昭帝元平元年","1","1","2"
"帝元平元年四","1","1","2"
"光禄大夫夏侯","1","1","2"
"禄大夫夏侯胜","1","1","2"
"吏白大将军霍","2","0","2"
"白大将军霍光","2","0","2"
"忠臣进善君试","2","0","2"
"厉王使妇人裸","1","1","2"
"畎戎共攻杀幽","2","0","2"
"帝二年正月癸","1","1","2"
"二年正月癸酉","1","1","2"
"文公十六年夏","1","1","2"
"武帝太始四年","1","1","2"
"帝太始四年七","1","1","2"
"太始四年七月","1","1","2"
"秦孝公二十一","1","1","2"
"孝公二十一年","1","1","2"
"侍中董贤年二","1","1","2"
"中董贤年二十","1","1","2"
"董贤年二十二","1","1","2"
"帝母王太后召","1","1","2"
"长狄兄弟三人","1","1","2"
"皇极下人伐上","1","1","2"
"魏襄王十三年","1","1","2"
"帝元始元年二","1","1","2"
"元始元年二月","1","1","2"
"女子赵春病死","1","1","2"
"景帝二年九月","1","1","2"
"建始三年十月","1","1","2"
"始三年十月丁","1","1","2"
"三年十月丁未","1","1","2"
"女陈持弓年九","1","1","2"
"陈持弓年九岁","1","1","2"
"入未央宫尚方","1","1","2"
"未央宫尚方掖","1","1","2"
"央宫尚方掖门","1","1","2"
"王氏兄弟父子","1","1","2"
"二年八月庚申","1","1","2"
"前殿署长业等","1","1","2"
"帝建平四年正","1","1","2"
"建平四年正月","1","1","2"
"经历郡国二十","1","1","2"
"历郡国二十六","1","1","2"
"聚会里巷阡陌","1","1","2"
"祖母傅太后骄","1","1","2"
"罪恶者坐辜罚","2","0","2"
"功能者毕受官","2","0","2"
"能者毕受官爵","2","0","2"
"桓公三年七月","1","1","2"
"公三年七月壬","1","1","2"
"三年七月壬辰","1","1","2"
"年七月壬辰朔","1","1","2"
"十七年十月朔","1","1","2"
"严公十八年三","1","1","2"
"公十八年三月","1","1","2"
"二十五年六月","1","1","2"
"五年六月辛未","1","1","2"
"年六月辛未朔","1","1","2"
"二十六年十二","1","1","2"
"十六年十二月","1","1","2"
"六年十二月癸","1","1","2"
"十二月癸亥朔","1","1","2"
"三十年九月庚","1","1","2"
"十年九月庚午","1","1","2"
"年九月庚午朔","1","1","2"
"僖公五年九月","1","1","2"
"公五年九月戊","1","1","2"
"五年九月戊申","1","1","2"
"年九月戊申朔","1","1","2"
"楚世子商臣杀","1","1","2"
"世子商臣杀父","1","1","2"
"齐公子商人弑","1","1","2"
"公子商人弑君","1","1","2"
"五年六月辛丑","1","1","2"
"年六月辛丑朔","1","1","2"
"宣公八年七月","1","1","2"
"公八年七月甲","1","1","2"
"八年七月甲子","1","1","2"
"郑伯肉袒谢罪","1","1","2"
"十年四月丙辰","1","1","2"
"十七年六月癸","1","1","2"
"七年六月癸卯","1","1","2"
"七年十二月丁","1","1","2"
"年十二月丁巳","1","1","2"
"十二月丁巳朔","1","1","2"
"襄公十四年二","1","1","2"
"公十四年二月","1","1","2"
"十四年二月乙","1","1","2"
"四年二月乙未","1","1","2"
"年二月乙未朔","1","1","2"
"前年十二月二","1","1","2"
"年十二月二日","1","1","2"
"十五年八月丁","1","1","2"
"五年八月丁巳","1","1","2"
"年八月丁巳朔","1","1","2"
"二十年十月丙","1","1","2"
"十年十月丙辰","1","1","2"
"年十月丙辰朔","1","1","2"
"二十一年九月","1","1","2"
"十一年九月庚","1","1","2"
"一年九月庚戌","1","1","2"
"年九月庚戌朔","1","1","2"
"二十三年二月","1","1","2"
"十三年二月癸","1","1","2"
"三年二月癸酉","1","1","2"
"年二月癸酉朔","1","1","2"
"二十四年七月","1","1","2"
"十四年七月甲","1","1","2"
"四年七月甲子","1","1","2"
"年七月甲子朔","1","1","2"
"二十七年十二","1","1","2"
"七年十二月乙","1","1","2"
"年十二月乙亥","1","1","2"
"八年间日食七","1","1","2"
"昭公七年四月","1","1","2"
"公七年四月甲","1","1","2"
"七年四月甲辰","1","1","2"
"年四月甲辰朔","1","1","2"
"八月卫襄公卒","1","1","2"
"十一月鲁季孙","1","1","2"
"一月鲁季孙宿","1","1","2"
"月鲁季孙宿卒","1","1","2"
"十五年六月丁","1","1","2"
"五年六月丁巳","1","1","2"
"年六月丁巳朔","1","1","2"
"十七年六月甲","1","1","2"
"七年六月甲戌","1","1","2"
"年六月甲戌朔","1","1","2"
"二十一年七月","1","1","2"
"十一年七月壬","1","1","2"
"一年七月壬午","1","1","2"
"年七月壬午朔","1","1","2"
"二十二年十二","1","1","2"
"二年十二月癸","1","1","2"
"年十二月癸酉","1","1","2"
"十二月癸酉朔","1","1","2"
"三十一年十二","1","1","2"
"十一年十二月","1","1","2"
"一年十二月辛","1","1","2"
"年十二月辛亥","1","1","2"
"十二月辛亥朔","1","1","2"
"定公五年三月","1","1","2"
"公五年三月辛","1","1","2"
"五年三月辛亥","1","1","2"
"年三月辛亥朔","1","1","2"
"十二年十一月","1","1","2"
"二年十一月丙","1","1","2"
"年十一月丙寅","1","1","2"
"十一月丙寅朔","1","1","2"
"十五年八月庚","1","1","2"
"五年八月庚辰","1","1","2"
"年八月庚辰朔","1","1","2"
"哀公十四年五","1","1","2"
"公十四年五月","1","1","2"
"十四年五月庚","1","1","2"
"四年五月庚申","1","1","2"
"年五月庚申朔","1","1","2"
"高帝三年十月","1","1","2"
"帝三年十月甲","1","1","2"
"三年十月甲戌","1","1","2"
"年十月甲戌晦","1","1","2"
"九年六月乙未","1","1","2"
"年六月乙未晦","1","1","2"
"惠帝七年正月","1","1","2"
"帝七年正月辛","1","1","2"
"七年正月辛丑","1","1","2"
"岁首正月朔日","1","1","2"
"高后二年六月","1","1","2"
"后二年六月丙","1","1","2"
"二年六月丙戌","1","1","2"
"年六月丙戌晦","1","1","2"
"七年正月己丑","1","1","2"
"年正月己丑晦","1","1","2"
"文帝二年十一","1","1","2"
"帝二年十一月","1","1","2"
"年十一月癸卯","1","1","2"
"三年十月丁酉","1","1","2"
"年十月丁酉晦","1","1","2"
"后四年四月丙","1","1","2"
"四年四月丙辰","1","1","2"
"年四月丙辰晦","1","1","2"
"七年正月辛未","1","1","2"
"年正月辛未朔","1","1","2"
"帝三年二月壬","1","1","2"
"七年十一月庚","1","1","2"
"年十一月庚寅","1","1","2"
"中元年十二月","1","1","2"
"元年十二月甲","1","1","2"
"年十二月甲寅","1","1","2"
"十二月甲寅晦","1","1","2"
"中二年九月甲","1","1","2"
"二年九月甲戌","1","1","2"
"年九月甲戌晦","1","1","2"
"三年九月戊戌","1","1","2"
"年九月戊戌晦","1","1","2"
"六年七月辛亥","1","1","2"
"年七月辛亥晦","1","1","2"
"后元年七月乙","1","1","2"
"元年七月乙巳","1","1","2"
"武帝建元二年","1","1","2"
"帝建元二年二","1","1","2"
"建元二年二月","1","1","2"
"元二年二月丙","1","1","2"
"二年二月丙戌","1","1","2"
"年二月丙戌朔","1","1","2"
"三年九月丙子","1","1","2"
"年九月丙子晦","1","1","2"
"五年正月己巳","1","1","2"
"元光元年二月","1","1","2"
"光元年二月丙","1","1","2"
"元年二月丙辰","1","1","2"
"年二月丙辰晦","1","1","2"
"前年高园便殿","1","1","2"
"元朔二年二月","1","1","2"
"朔二年二月乙","1","1","2"
"二年二月乙巳","1","1","2"
"年二月乙巳晦","1","1","2"
"六年十一月癸","1","1","2"
"年十一月癸丑","1","1","2"
"十一月癸丑晦","1","1","2"
"元狩元年五月","1","1","2"
"狩元年五月乙","1","1","2"
"元年五月乙巳","1","1","2"
"年五月乙巳晦","1","1","2"
"年丞相公孙弘","1","1","2"
"丞相公孙弘薨","1","1","2"
"元鼎五年四月","1","1","2"
"鼎五年四月丁","1","1","2"
"五年四月丁丑","1","1","2"
"年四月丁丑晦","1","1","2"
"元封四年六月","1","1","2"
"封四年六月己","1","1","2"
"四年六月己酉","1","1","2"
"年六月己酉朔","1","1","2"
"太始元年正月","1","1","2"
"元年正月乙巳","1","1","2"
"年正月乙巳晦","1","1","2"
"四年十月甲寅","1","1","2"
"年十月甲寅晦","1","1","2"
"四年八月辛酉","1","1","2"
"年八月辛酉晦","1","1","2"
"昭帝始元三年","1","1","2"
"帝始元三年十","1","1","2"
"始元三年十一","1","1","2"
"年十一月壬辰","1","1","2"
"元凤元年七月","1","1","2"
"凤元年七月己","1","1","2"
"元年七月己亥","1","1","2"
"年七月己亥晦","1","1","2"
"五凤元年十二","1","1","2"
"凤元年十二月","1","1","2"
"年十二月乙酉","1","1","2"
"四年四月辛丑","1","1","2"
"年四月辛丑朔","1","1","2"
"元帝永光二年","1","1","2"
"光二年三月壬","1","1","2"
"二年三月壬戌","1","1","2"
"年三月壬戌朔","1","1","2"
"四年六月戊寅","1","1","2"
"年六月戊寅晦","1","1","2"
"建昭五年六月","1","1","2"
"昭五年六月壬","1","1","2"
"五年六月壬申","1","1","2"
"年六月壬申晦","1","1","2"
"建始三年十二","1","1","2"
"始三年十二月","1","1","2"
"三年十二月戊","1","1","2"
"年十二月戊申","1","1","2"
"十二月戊申朔","1","1","2"
"必適妾将争宠","2","0","2"
"適妾将争宠相","2","0","2"
"妾将争宠相害","2","0","2"
"将争宠相害患","2","0","2"
"争宠相害患者","2","0","2"
"河平元年四月","1","1","2"
"平元年四月己","1","1","2"
"元年四月己亥","1","1","2"
"年四月己亥晦","1","1","2"
"年八月乙卯晦","1","1","2"
"四年三月癸丑","1","1","2"
"年三月癸丑朔","1","1","2"
"阳朔元年二月","1","1","2"
"朔元年二月丁","1","1","2"
"元年二月丁未","1","1","2"
"年二月丁未晦","1","1","2"
"永始元年九月","1","1","2"
"始元年九月丁","1","1","2"
"元年九月丁巳","1","1","2"
"年九月丁巳晦","1","1","2"
"始二年二月乙","1","1","2"
"二年二月乙酉","1","1","2"
"年二月乙酉晦","1","1","2"
"三年正月己卯","1","1","2"
"年正月己卯晦","1","1","2"
"四年七月辛未","1","1","2"
"年七月辛未晦","1","1","2"
"延元年正月己","1","1","2"
"元年正月己亥","1","1","2"
"哀帝元寿元年","1","1","2"
"帝元寿元年正","1","1","2"
"寿元年正月辛","1","1","2"
"元年正月辛丑","1","1","2"
"二年三月壬辰","1","1","2"
"年三月壬辰晦","1","1","2"
"帝元始元年五","1","1","2"
"元始元年五月","1","1","2"
"始元年五月丁","1","1","2"
"二年九月戊申","1","1","2"
"年九月戊申晦","1","1","2"
"二百一十二年","1","1","2"
"帝建始元年八","1","1","2"
"建始元年八月","1","1","2"
"始元年八月戊","1","1","2"
"元年八月戊午","1","1","2"
"帝永光元年四","1","1","2"
"永光元年四月","1","1","2"
"帝河平元年正","1","1","2"
"河平元年正月","1","1","2"
"平元年正月壬","1","1","2"
"元年正月壬寅","1","1","2"
"年正月壬寅朔","1","1","2"
"严公七年四月","1","1","2"
"公七年四月辛","1","1","2"
"七年四月辛卯","1","1","2"
"年四月辛卯夜","1","1","2"
"卫公子黔牟立","1","1","2"
"成帝永始二年","1","1","2"
"帝永始二年二","1","1","2"
"四方逋逃多罪","2","0","2"
"文公十四年七","1","1","2"
"公十四年七月","1","1","2"
"哀公十三年冬","1","1","2"
"公十三年冬十","1","1","2"
"十三年冬十一","1","1","2"
"高帝三年七月","1","1","2"
"文帝后七年九","1","1","2"
"帝后七年九月","1","1","2"
"元狩四年四月","1","1","2"
"元封元年五月","1","1","2"
"帝地节元年正","1","1","2"
"元年七月辛未","1","1","2"
"十六年正月戊","1","1","2"
"六年正月戊申","1","1","2"
"四年二月丁酉","1","1","2"
"元帝建昭元年","1","1","2"
"帝建昭元年正","1","1","2"
"建昭元年正月","1","1","2"
"昭元年正月戊","1","1","2"
"元年正月戊辰","1","1","2"
"帝建始四年正","1","1","2"
"建始四年正月","1","1","2"
"始四年正月癸","1","1","2"
"四年正月癸卯","1","1","2"
"阳朔三年二月","1","1","2"
"朔三年二月壬","1","1","2"
"三年二月壬戌","1","1","2"
"鸿嘉二年五月","1","1","2"
"嘉二年五月癸","1","1","2"
"二年五月癸未","1","1","2"
"元延四年三月","1","1","2"
"帝元始二年六","1","1","2"
"高帝元年属塞","2","0","2"
"帝元年属塞国","2","0","2"
"户十九万五千","2","0","2"
"十九万五千七","1","1","2"
"九万五千七百","1","1","2"
"六十八万二千","1","1","2"
"十八万二千四","1","1","2"
"八万二千四百","1","1","2"
"二十四万六千","1","1","2"
"秦惠文王五年","1","1","2"
"周宣王弟郑桓","1","1","2"
"宣王弟郑桓公","1","1","2"
"十三万五千一","1","1","2"
"三万五千一百","1","1","2"
"九十一万七千","1","1","2"
"十一万七千八","1","1","2"
"一万七千八百","1","1","2"
"万七千八百二","1","1","2"
"七千八百二十","1","1","2"
"千八百二十二","1","1","2"
"秦惠文王十一","1","1","2"
"惠文王十一年","1","1","2"
"十七万九千四","1","1","2"
"七万九千四百","1","1","2"
"万九千四百六","1","1","2"
"九千四百六十","1","1","2"
"二十一万六千","1","1","2"
"十一万六千三","1","1","2"
"八十三万六千","1","1","2"
"户十一万八千","2","0","2"
"四十七万五千","1","1","2"
"十七万五千九","1","1","2"
"七万五千九百","1","1","2"
"千九百五十四","1","1","2"
"行五百七十里","2","0","2"
"万六千八百九","1","1","2"
"六千八百九十","1","1","2"
"千八百九十六","1","1","2"
"十六万二千九","1","1","2"
"六万二千九百","1","1","2"
"行千八百四十","2","0","2"
"韩武子玄孙贞","1","1","2"
"武子玄孙贞子","1","1","2"
"子玄孙贞子居","1","1","2"
"十六万九千八","1","1","2"
"千八百六十三","1","1","2"
"六十八万四百","1","1","2"
"十八万四百八","1","1","2"
"八万四百八十","1","1","2"
"万四百八十八","1","1","2"
"七万三千七百","1","1","2"
"万三千七百九","1","1","2"
"三千七百九十","1","1","2"
"千七百九十八","1","1","2"
"三十三万七千","1","1","2"
"千七百六十六","1","1","2"
"周史辛甲所封","1","1","2"
"羊头山世靡谷","1","1","2"
"二十四万一千","1","1","2"
"十四万一千二","1","1","2"
"四万一千二百","1","1","2"
"万一千二百四","1","1","2"
"一千二百四十","1","1","2"
"千二百四十六","1","1","2"
"周武王弟康叔","1","1","2"
"武王弟康叔所","1","1","2"
"五万二千八百","1","1","2"
"万二千八百三","1","1","2"
"二千八百三十","1","1","2"
"千八百三十九","1","1","2"
"行七百八十里","2","0","2"
"四十万一千二","1","1","2"
"万一千二百九","1","1","2"
"一千二百九十","1","1","2"
"百六十五万九","1","1","2"
"六十五万九千","1","1","2"
"二十九万六千","1","1","2"
"十九万六千二","1","1","2"
"九万六千二百","1","1","2"
"千二百八十四","1","1","2"
"一百五十万九","1","1","2"
"水首受狼汤渠","2","0","2"
"四万一千六百","1","1","2"
"万一千六百五","1","1","2"
"一千六百五十","1","1","2"
"十四世楚所灭","2","0","2"
"口二十六万一","2","0","2"
"十六万一千四","1","1","2"
"六万一千四百","1","1","2"
"万一千四百一","1","1","2"
"千四百一十八","1","1","2"
"六万一千五百","1","1","2"
"万一千五百八","1","1","2"
"二百五十九万","1","1","2"
"百五十九万六","1","1","2"
"五十九万六千","1","1","2"
"十九万六千一","1","1","2"
"九万六千一百","1","1","2"
"万六千一百四","1","1","2"
"六千一百四十","1","1","2"
"三十五万九千","1","1","2"
"万九千三百一","1","1","2"
"九千三百一十","1","1","2"
"千三百一十六","1","1","2"
"口一百九十四","1","1","2"
"一百九十四万","1","1","2"
"百九十四万二","1","1","2"
"九十四万二千","1","1","2"
"四万七千五百","1","1","2"
"十二万五千五","1","1","2"
"二万五千五百","1","1","2"
"万五千五百七","1","1","2"
"五千五百七十","1","1","2"
"千五百七十九","1","1","2"
"七十一万八千","1","1","2"
"一万八千五百","1","1","2"
"万八千五百四","1","1","2"
"八千五百四十","1","1","2"
"五万六千八百","1","1","2"
"千八百四十四","1","1","2"
"二十一万九千","1","1","2"
"十一万九千二","1","1","2"
"一万九千二百","1","1","2"
"万九千二百一","1","1","2"
"千二百一十八","1","1","2"
"北寿春入芍陂","2","0","2"
"武帝建元五年","1","1","2"
"户十七万二千","2","0","2"
"七万二千八百","1","1","2"
"千八百四十七","1","1","2"
"八十万一千二","1","1","2"
"武帝天汉四年","1","1","2"
"景帝中六年济","2","0","2"
"百三十八万六","1","1","2"
"三十八万六千","1","1","2"
"十八万六千二","1","1","2"
"八万六千二百","1","1","2"
"万六千二百七","1","1","2"
"六千二百七十","1","1","2"
"千二百七十八","1","1","2"
"三万四百八十","1","1","2"
"十九万五千六","1","1","2"
"九万五千六百","1","1","2"
"七十八万二千","1","1","2"
"十八万二千七","1","1","2"
"八万二千七百","1","1","2"
"万二千七百六","1","1","2"
"十一万六千七","1","1","2"
"一万六千七百","1","1","2"
"千七百二十七","1","1","2"
"口四十九万七","2","0","2"
"六十四万二千","1","1","2"
"十四万二千八","1","1","2"
"四万二千八百","1","1","2"
"万二千八百八","1","1","2"
"二千八百八十","1","1","2"
"千八百八十四","1","1","2"
"七十二万六千","1","1","2"
"十二万六千六","1","1","2"
"水南下邳入泗","2","0","2"
"行九百四十里","2","0","2"
"东北广饶入巨","2","0","2"
"北广饶入巨定","2","0","2"
"五十九万三千","1","1","2"
"十九万三千一","1","1","2"
"九万三千一百","1","1","2"
"万三千一百五","1","1","2"
"三千一百五十","1","1","2"
"千一百五十九","1","1","2"
"十万三千二百","1","1","2"
"五十万二千六","1","1","2"
"十万二千六百","1","1","2"
"万二千六百九","1","1","2"
"二千六百九十","1","1","2"
"七万九千一百","1","1","2"
"行五百二十里","2","0","2"
"三十五万八千","1","1","2"
"十五万八千四","1","1","2"
"五万八千四百","1","1","2"
"万八千四百一","1","1","2"
"八千四百一十","1","1","2"
"千四百一十四","1","1","2"
"百五十五万九","1","1","2"
"五十五万九千","1","1","2"
"万九千三百五","1","1","2"
"千三百五十七","1","1","2"
"户二十六万八","2","0","2"
"万八千二百八","1","1","2"
"百二十三万七","1","1","2"
"二十三万七千","1","1","2"
"春秋时徐子章","1","1","2"
"秋时徐子章禹","1","1","2"
"二十二万三千","1","1","2"
"十万七千五百","1","1","2"
"四十万五千一","1","1","2"
"万五千一百七","1","1","2"
"五千一百七十","1","1","2"
"千四百六十二","1","1","2"
"三十五万一千","1","1","2"
"十五万一千九","1","1","2"
"五万一千九百","1","1","2"
"万一千九百六","1","1","2"
"一千九百六十","1","1","2"
"千九百六十五","1","1","2"
"行千九百八十","2","0","2"
"十五万六千四","1","1","2"
"五万六千四百","1","1","2"
"万六千四百八","1","1","2"
"六千四百八十","1","1","2"
"千四百八十八","1","1","2"
"三万四千一百","1","1","2"
"万四千一百七","1","1","2"
"十八万五千七","1","1","2"
"八万五千七百","1","1","2"
"万五千七百五","1","1","2"
"五千七百五十","1","1","2"
"千七百五十八","1","1","2"
"帝元鼎六年置","2","0","2"
"万九千三百七","1","1","2"
"九千三百七十","1","1","2"
"千三百七十八","1","1","2"
"行二千五百三","2","0","2"
"十万一千五百","1","1","2"
"万一千五百七","1","1","2"
"行五百五十里","2","0","2"
"万八千二百七","1","1","2"
"八千二百七十","1","1","2"
"千二百七十九","1","1","2"
"百二十四万五","1","1","2"
"二十四万五千","1","1","2"
"十四万五千九","1","1","2"
"四万五千九百","1","1","2"
"万五千九百二","1","1","2"
"五千九百二十","1","1","2"
"千九百二十九","1","1","2"
"七万六千二百","1","1","2"
"万六千二百五","1","1","2"
"六千二百五十","1","1","2"
"千二百五十六","1","1","2"
"二千六百六十","1","1","2"
"千六百六十里","1","1","2"
"十万九千四百","1","1","2"
"万九千四百一","1","1","2"
"九千四百一十","1","1","2"
"四十八万九千","1","1","2"
"十八万九千四","1","1","2"
"八万九千四百","1","1","2"
"千四百八十六","1","1","2"
"四十万八千四","1","1","2"
"十万八千四百","1","1","2"
"行七百五十里","2","0","2"
"八万一千九百","1","1","2"
"万一千九百四","1","1","2"
"千九百四十六","1","1","2"
"五十八万四百","1","1","2"
"十八万四百六","1","1","2"
"八万四百六十","1","1","2"
"万四百六十三","1","1","2"
"行八百二十里","2","0","2"
"行六百五十里","2","0","2"
"二万四千二百","1","1","2"
"万四千二百一","1","1","2"
"四千二百一十","1","1","2"
"千二百一十九","1","1","2"
"十五万三千三","1","1","2"
"五万三千三百","1","1","2"
"麋泠入尚龙溪","2","0","2"
"千一百六十里","1","1","2"
"十五万八千六","1","1","2"
"五万八千六百","1","1","2"
"千六百四十三","1","1","2"
"五万一千三百","1","1","2"
"万一千三百七","1","1","2"
"千三百七十六","1","1","2"
"口二十三万五","2","0","2"
"万五千五百六","1","1","2"
"五千五百六十","1","1","2"
"五万三千九百","1","1","2"
"万三千九百六","1","1","2"
"三千九百六十","1","1","2"
"千九百六十四","1","1","2"
"千七百六十里","1","1","2"
"三万八千四百","1","1","2"
"万八千四百七","1","1","2"
"八千四百七十","1","1","2"
"十四万九千六","1","1","2"
"四万九千六百","1","1","2"
"万九千六百四","1","1","2"
"九千六百四十","1","1","2"
"千六百四十八","1","1","2"
"六万三百七十","1","1","2"
"十六万一千三","1","1","2"
"六万一千三百","1","1","2"
"万一千三百四","1","1","2"
"千三百四十八","1","1","2"
"武帝太初四年","1","1","2"
"万七千五百八","1","1","2"
"七千五百八十","1","1","2"
"千五百八十一","1","1","2"
"万六千四百一","1","1","2"
"六千四百一十","1","1","2"
"行七百九十里","2","0","2"
"帝太初元年开","2","0","2"
"户二万四千三","2","0","2"
"万四千三百五","1","1","2"
"四千三百五十","1","1","2"
"八万八千七百","1","1","2"
"万八千七百三","1","1","2"
"八千七百三十","1","1","2"
"千七百三十一","1","1","2"
"行二千一百里","2","0","2"
"万八千一百三","1","1","2"
"八千一百三十","1","1","2"
"七万六千七百","1","1","2"
"千七百二十六","1","1","2"
"八千三百三十","1","1","2"
"千三百三十五","1","1","2"
"中部都尉治步","1","1","2"
"部都尉治步广","1","1","2"
"宜禾都尉治昆","1","1","2"
"禾都尉治昆仑","1","1","2"
"都尉治昆仑障","1","1","2"
"四万二千七百","1","1","2"
"万二千七百二","1","1","2"
"千七百二十五","1","1","2"
"四万三千二百","1","1","2"
"千二百九十四","1","1","2"
"端旬祠十五所","1","1","2"
"六万四千四百","1","1","2"
"万四千四百六","1","1","2"
"千四百六十一","1","1","2"
"浑怀都尉治塞","1","1","2"
"怀都尉治塞外","1","1","2"
"十万三千六百","1","1","2"
"三千六百八十","1","1","2"
"六十万六千六","1","1","2"
"十万六千六百","1","1","2"
"万六千六百五","1","1","2"
"十三万六千三","1","1","2"
"三万六千三百","1","1","2"
"万六千三百九","1","1","2"
"六千三百九十","1","1","2"
"六十九万八千","1","1","2"
"十九万八千八","1","1","2"
"九万八千八百","1","1","2"
"万八千八百三","1","1","2"
"千八百三十六","1","1","2"
"天封苑火井祠","1","1","2"
"三万四千三百","1","1","2"
"万四千三百三","1","1","2"
"四千三百三十","1","1","2"
"千三百三十八","1","1","2"
"十三万六千六","1","1","2"
"三万六千六百","1","1","2"
"万六千六百二","1","1","2"
"六千六百二十","1","1","2"
"千六百二十八","1","1","2"
"帝元狩三年城","2","0","2"
"武帝元朔五年","1","1","2"
"二十三万一千","1","1","2"
"十三万一千三","1","1","2"
"三万一千三百","1","1","2"
"万一千三百二","1","1","2"
"户三万八千三","2","0","2"
"十七万三千二","1","1","2"
"七万三千二百","1","1","2"
"万三千二百七","1","1","2"
"三千二百七十","1","1","2"
"三万八千五百","1","1","2"
"千五百五十九","1","1","2"
"万三千一百四","1","1","2"
"三千一百四十","1","1","2"
"七万三千一百","1","1","2"
"万三千一百三","1","1","2"
"三千一百三十","1","1","2"
"千一百三十八","1","1","2"
"二十九万三千","1","1","2"
"十九万三千四","1","1","2"
"九万三千四百","1","1","2"
"千四百五十四","1","1","2"
"五万六千七百","1","1","2"
"千七百七十一","1","1","2"
"千三百七十里","1","1","2"
"十一万七千七","1","1","2"
"千七百六十二","1","1","2"
"六万八千八百","1","1","2"
"二十六万四千","1","1","2"
"十六万四千一","1","1","2"
"六万四千一百","1","1","2"
"万四千一百一","1","1","2"
"四千一百一十","1","1","2"
"千一百一十六","1","1","2"
"六万六千六百","1","1","2"
"万六千六百八","1","1","2"
"六千六百八十","1","1","2"
"千六百八十九","1","1","2"
"三十二万七百","1","1","2"
"十二万七百八","1","1","2"
"二万七百八十","1","1","2"
"七万二千六百","1","1","2"
"万二千六百五","1","1","2"
"二千六百五十","1","1","2"
"千六百五十四","1","1","2"
"三十五万二千","1","1","2"
"十五万二千三","1","1","2"
"五万二千三百","1","1","2"
"万二千三百二","1","1","2"
"二千三百二十","1","1","2"
"万五千九百七","1","1","2"
"五千九百七十","1","1","2"
"千九百七十二","1","1","2"
"二十七万二千","1","1","2"
"十七万二千五","1","1","2"
"七万二千五百","1","1","2"
"二十二万一千","1","1","2"
"十二万一千八","1","1","2"
"二万一千八百","1","1","2"
"千八百四十五","1","1","2"
"万二千八百一","1","1","2"
"二千八百一十","1","1","2"
"千八百一十二","1","1","2"
"四十万六千七","1","1","2"
"万六千七百四","1","1","2"
"六千七百四十","1","1","2"
"千七百四十八","1","1","2"
"万九千六百一","1","1","2"
"九千六百一十","1","1","2"
"千六百一十三","1","1","2"
"九万四千二百","1","1","2"
"万四千二百五","1","1","2"
"四千二百五十","1","1","2"
"千二百五十三","1","1","2"
"万二千四百一","1","1","2"
"二千四百一十","1","1","2"
"千四百一十五","1","1","2"
"七万一千一百","1","1","2"
"万一千一百六","1","1","2"
"千一百六十二","1","1","2"
"万四千三百七","1","1","2"
"四千三百七十","1","1","2"
"千三百七十九","1","1","2"
"十四万六千一","1","1","2"
"四万六千一百","1","1","2"
"万六千一百六","1","1","2"
"六千一百六十","1","1","2"
"九万二千四百","1","1","2"
"万二千四百四","1","1","2"
"二千四百四十","1","1","2"
"七十四万六千","1","1","2"
"万五千三百九","1","1","2"
"千三百九十八","1","1","2"
"七万八千九百","1","1","2"
"万八千九百八","1","1","2"
"八千九百八十","1","1","2"
"三万五千七百","1","1","2"
"万五千七百四","1","1","2"
"五千七百四十","1","1","2"
"千七百四十三","1","1","2"
"行三千一百八","1","1","2"
"三千一百八十","1","1","2"
"千一百八十里","1","1","2"
"万五千四百六","1","1","2"
"五千四百六十","1","1","2"
"六万九千四百","1","1","2"
"千四百八十五","1","1","2"
"八万四千二百","1","1","2"
"三十四万九千","1","1","2"
"十四万九千九","1","1","2"
"四万九千九百","1","1","2"
"万九千九百五","1","1","2"
"千九百五十二","1","1","2"
"二万七千九百","1","1","2"
"万七千九百八","1","1","2"
"千九百八十四","1","1","2"
"十九万八千五","1","1","2"
"九万八千五百","1","1","2"
"三万七千一百","1","1","2"
"万七千一百二","1","1","2"
"七千一百二十","1","1","2"
"口十七万八千","2","0","2"
"六十六万八千","1","1","2"
"六万五千五百","1","1","2"
"万五千五百五","1","1","2"
"千五百五十六","1","1","2"
"三十万四千三","1","1","2"
"十万四千三百","1","1","2"
"十八万七千六","1","1","2"
"八万七千六百","1","1","2"
"万七千六百六","1","1","2"
"七千六百六十","1","1","2"
"千六百六十二","1","1","2"
"帝本始元年更","2","0","2"
"五万二百八十","2","0","2"
"二十二万七千","1","1","2"
"三十二万三千","1","1","2"
"万三千三百三","1","1","2"
"千三百三十一","1","1","2"
"十九万二千五","1","1","2"
"九万二千五百","1","1","2"
"千五百三十六","1","1","2"
"五万六千六百","1","1","2"
"六千六百四十","1","1","2"
"千六百四十二","1","1","2"
"二十万五千七","1","1","2"
"十万五千七百","1","1","2"
"万五千七百八","1","1","2"
"五千七百八十","1","1","2"
"千七百八十四","1","1","2"
"万五千五百四","1","1","2"
"五千五百四十","1","1","2"
"千五百四十四","1","1","2"
"九十八万一千","1","1","2"
"十八万一千四","1","1","2"
"八万一千四百","1","1","2"
"万一千四百二","1","1","2"
"一千四百二十","1","1","2"
"千四百二十三","1","1","2"
"万六千七百五","1","1","2"
"千七百五十二","1","1","2"
"十三万一千七","1","1","2"
"三万一千七百","1","1","2"
"万一千七百五","1","1","2"
"千七百五十三","1","1","2"
"口六十万七千","2","0","2"
"六十万七千九","1","1","2"
"十万七千九百","1","1","2"
"万七千九百七","1","1","2"
"七千九百七十","1","1","2"
"千九百七十六","1","1","2"
"六十万七千三","1","1","2"
"十万七千三百","1","1","2"
"万七千三百八","1","1","2"
"七千三百八十","1","1","2"
"千三百八十一","1","1","2"
"十一万四千七","1","1","2"
"一万四千七百","1","1","2"
"四十九万七千","1","1","2"
"十九万七千八","1","1","2"
"九万七千八百","1","1","2"
"十一万九千一","1","1","2"
"一万九千一百","1","1","2"
"九千一百一十","1","1","2"
"千一百一十四","1","1","2"
"三万六千七百","1","1","2"
"千七百七十三","1","1","2"
"武帝元狩二年","1","1","2"
"万八千三百四","1","1","2"
"八千三百四十","1","1","2"
"四万三千四百","1","1","2"
"十三万五千八","1","1","2"
"三万五千八百","1","1","2"
"万五千八百二","1","1","2"
"五千八百二十","1","1","2"
"千八百二十五","1","1","2"
"侯国二百四十","1","1","2"
"国二百四十一","1","1","2"
"千三百六十八","1","1","2"
"三百六十八里","1","1","2"
"千五百一十三","1","1","2"
"五百一十三万","1","1","2"
"百一十三万六","1","1","2"
"一十三万六千","1","1","2"
"十三万六千四","1","1","2"
"三万六千四百","1","1","2"
"二百五十二万","1","1","2"
"百五十二万八","1","1","2"
"五十二万八千","1","1","2"
"十二万八千八","1","1","2"
"二万八千八百","1","1","2"
"万八千八百八","1","1","2"
"八千八百八十","1","1","2"
"千八百八十九","1","1","2"
"八百八十九顷","1","1","2"
"三千二百二十","1","1","2"
"千二百二十九","1","1","2"
"二百二十九万","1","1","2"
"百二十九万九","1","1","2"
"二十九万九百","1","1","2"
"十九万九百四","1","1","2"
"九万九百四十","1","1","2"
"万九百四十七","1","1","2"
"九百四十七顷","1","1","2"
"八百二十七万","1","1","2"
"五百三十六顷","1","1","2"
"养育草木鸟兽","1","1","2"
"公后二十三世","2","0","2"
"周武王封舜后","2","0","2"
"武王封舜后妫","2","0","2"
"王封舜后妫满","2","0","2"
"封舜后妫满陈","2","0","2"
"狱八年亡重罪","2","0","2"
"八年亡重罪囚","2","0","2"
"受南北湖皮革","1","1","2"
"武帝元封元年","1","1","2"
"文侯曾孙襄王","1","1","2"
"武安侯田蚡丞","2","0","2"
"安侯田蚡丞相","2","0","2"
"光禄大夫郭昌","1","1","2"
"清河灵鸣犊口","1","1","2"
"清河都尉冯逡","1","1","2"
"遣大司农非调","1","1","2"
"大司农非调调","1","1","2"
"谏大夫乘马延","1","1","2"
"大夫乘马延年","1","1","2"
"延世黄金百斤","1","1","2"
"河堤都尉许商","1","1","2"
"堤河二十五里","2","0","2"
"长水校尉平陵","1","1","2"
"水校尉平陵关","1","1","2"
"大司马史长安","1","1","2"
"大司空掾王横","1","1","2"
"大夫刘向校经","1","1","2"
"夫刘向校经传","1","1","2"
"刘向校经传诸","1","1","2"
"向校经传诸子","1","1","2"
"校经传诸子诗","1","1","2"
"经传诸子诗赋","1","1","2"
"步兵校尉任宏","1","1","2"
"兵校尉任宏校","1","1","2"
"校尉任宏校兵","1","1","2"
"尉任宏校兵书","1","1","2"
"太史令尹咸校","1","1","2"
"侍医李柱国校","1","1","2"
"子侍中奉车都","1","1","2"
"二百九十四篇","1","1","2"
"四百一十二篇","1","1","2"
"中古文校欧阳","1","1","2"
"大小夏侯三家","1","1","2"
"四百一十六卷","1","1","2"
"丞相魏相所奏","1","1","2"
"内史丞王定传","1","1","2"
"秦时大臣奏事","1","1","2"
"九百四十八篇","1","1","2"
"二百二十九篇","1","1","2"
"昌邑中尉王吉","1","1","2"
"安昌侯张禹传","1","1","2"
"孔氏壁中古文","2","0","2"
"氏壁中古文异","2","0","2"
"太史作大篆十","1","1","2"
"史作大篆十五","1","1","2"
"作大篆十五篇","1","1","2"
"秦丞相李斯所","1","1","2"
"武帝时司马相","1","1","2"
"千一百二十三","1","1","2"
"一百五十九篇","1","1","2"
"河间献王所述","1","1","2"
"雄所序三十八","1","1","2"
"所序三十八篇","1","1","2"
"八百三十六篇","1","1","2"
"一家三十八篇","1","1","2"
"九百九十三篇","1","1","2"
"成败存亡祸福","1","1","2"
"三百六十九篇","1","1","2"
"二百一十七篇","1","1","2"
"千三百八十篇","1","1","2"
"千三百二十四","1","1","2"
"三百二十四篇","1","1","2"
"三百六十一篇","1","1","2"
"二百七十四篇","1","1","2"
"令延年赋七篇","1","1","2"
"二百三十三篇","1","1","2"
"三百一十四篇","1","1","2"
"千三百一十八","1","1","2"
"三百一十八篇","1","1","2"
"二百五十九篇","1","1","2"
"淮南王二百五","1","1","2"
"南王二百五十","1","1","2"
"王二百五十九","1","1","2"
"二百五十九种","1","1","2"
"二百四十九篇","1","1","2"
"十家二百七十","1","1","2"
"家二百七十一","1","1","2"
"二百七十一篇","1","1","2"
"百七十一篇重","1","1","2"
"一家二十五篇","1","1","2"
"四百四十五卷","1","1","2"
"六百五十二卷","1","1","2"
"三百一十三卷","1","1","2"
"二千五百二十","1","1","2"
"千五百二十八","1","1","2"
"五百二十八卷","1","1","2"
"二百一十六卷","1","1","2"
"二百七十四卷","1","1","2"
"八百六十八卷","1","1","2"
"万三千二百六","1","1","2"
"三千二百六十","1","1","2"
"千二百六十九","1","1","2"
"二百六十九卷","1","1","2"
"上蔡人房君蔡","1","1","2"
"蔡人房君蔡赐","1","1","2"
"赵王将相家属","1","1","2"
"徙系武臣等家","2","0","2"
"耳子敖成都君","2","0","2"
"符离人朱鸡石","1","1","2"
"吴中贤士大夫","1","1","2"
"急引兵西击秦","2","0","2"
"遇齐使者高陵","2","0","2"
"齐使者高陵君","2","0","2"
"者高陵君显见","1","1","2"
"羽悉引兵渡河","2","0","2"
"故立沛公汉王","2","0","2"
"徙赵王歇王代","2","0","2"
"齐将田都共救","2","0","2"
"将田都共救赵","2","0","2"
"羽方渡河救赵","2","0","2"
"安下济北数城","2","0","2"
"予彭越将军印","1","1","2"
"击杀济北王田","1","1","2"
"杀济北王田安","1","1","2"
"时汉王定三秦","2","0","2"
"令郑昌韩王汉","2","0","2"
"精兵三万人南","1","1","2"
"天下事大定矣","2","0","2"
"海春侯大司马","1","1","2"
"春侯大司马曹","1","1","2"
"侯大司马曹咎","1","1","2"
"彭越数反梁地","2","0","2"
"力拔山兮气盖","1","1","2"
"拔山兮气盖世","1","1","2"
"虞兮虞兮奈若","1","1","2"
"兮虞兮奈若何","1","1","2"
"子弟八千人渡","1","1","2"
"骑司马吕马童","1","1","2"
"相杀者数十人","2","0","2"
"匈奴七百余里","1","1","2"
"齐王田荣叛楚","2","0","2"
"长女鲁元公主","1","1","2"
"孝平元始二年","1","1","2"
"韩公子横阳君","1","1","2"
"护军中尉陈平","1","1","2"
"将军霍光定策","1","1","2"
"下乡南昌亭长","1","1","2"
"广武君李左车","1","1","2"
"楚方急围汉王","2","0","2"
"方急围汉王荥","2","0","2"
"闻汉王使郦食","2","0","2"
"汉王使郦食说","2","0","2"
"王使郦食说下","2","0","2"
"使郦食说下齐","2","0","2"
"遣张良立信齐","2","0","2"
"蒯通知天下权","2","0","2"
"通知天下权信","2","0","2"
"将钟离<目末","2","0","2"
"深入敌国八九","1","1","2"
"入敌国八九百","1","1","2"
"敌国八九百里","1","1","2"
"中大夫贲赫对","1","1","2"
"大夫贲赫对门","1","1","2"
"发兵坑竖子耳","2","0","2"
"汝阴侯滕公问","1","1","2"
"击临江王共尉","2","0","2"
"太后欲立吕产","1","1","2"
"三郡五十三城","1","1","2"
"御史大夫朝错","2","0","2"
"赵王遂阴使匈","2","0","2"
"王遂阴使匈奴","2","0","2"
"三年正月甲子","1","1","2"
"高祖兄弟四人","1","1","2"
"宗正上邳侯郢","1","1","2"
"正上邳侯郢客","1","1","2"
"文帝尊宠元王","1","1","2"
"立宗正平陆侯","1","1","2"
"平陆侯礼楚王","2","0","2"
"说大将军霍光","1","1","2"
"大将军霍光曰","2","0","2"
"大将军光欲女","2","0","2"
"将军光欲女妻","2","0","2"
"德守青州刺史","1","1","2"
"宣帝循武帝故","2","0","2"
"帝循武帝故事","2","0","2"
"枕中鸿宝苑秘","1","1","2"
"中鸿宝苑秘书","1","1","2"
"阳城侯安民上","1","1","2"
"城侯安民上书","1","1","2"
"荐更生宗室忠","1","1","2"
"更生宗室忠直","1","1","2"
"侍中金敞拾遗","2","0","2"
"中金敞拾遗左","2","0","2"
"金敞拾遗左右","2","0","2"
"按道侯韩说谏","1","1","2"
"前吾丘寿王死","1","1","2"
"周大夫祭伯乖","1","1","2"
"大夫祭伯乖离","1","1","2"
"六<皃鸟>退","2","0","2"
"<皃鸟>退飞","2","0","2"
"时长安令杨兴","1","1","2"
"元舅阳平侯王","2","0","2"
"平侯王凤大将","2","0","2"
"侯王凤大将军","2","0","2"
"洪范五行传论","1","1","2"
"嗟乎北山石椁","2","0","2"
"纻絮斫陈漆间","2","0","2"
"圣帝明王贤君","1","1","2"
"帝明王贤君智","1","1","2"
"明王贤君智士","1","1","2"
"二世委任赵高","1","1","2"
"忠正大臣绛侯","1","1","2"
"谨案春秋二百","1","1","2"
"案春秋二百四","1","1","2"
"夫官前后三十","1","1","2"
"奉车光禄大夫","1","1","2"
"时丞相史尹咸","1","1","2"
"左氏丘明所修","1","1","2"
"圣上德通神明","1","1","2"
"名儒光禄大夫","1","1","2"
"儒光禄大夫龚","1","1","2"
"非毁先帝所立","2","0","2"
"安定属国都尉","1","1","2"
"右曹太中大夫","1","1","2"
"建平元年改名","1","1","2"
"平元年改名秀","1","1","2"
"十万众横行匈","2","0","2"
"万众横行匈奴","2","0","2"
"众横行匈奴中","2","0","2"
"孟舒等十余人","1","1","2"
"所食关内侯邑","1","1","2"
"食关内侯邑二","1","1","2"
"关内侯邑二千","1","1","2"
"内侯邑二千户","1","1","2"
"玄孙建世等十","1","1","2"
"孙建世等十二","1","1","2"
"建世等十二人","1","1","2"
"章邯破杀项梁","1","1","2"
"沛公项羽引兵","2","0","2"
"公项羽引兵东","2","0","2"
"击赵贲军尸北","2","0","2"
"兵守景陵二十","1","1","2"
"守景陵二十三","1","1","2"
"攻破齐历下军","1","1","2"
"齐王田广相田","1","1","2"
"王田广相田光","1","1","2"
"汉王共破项羽","1","1","2"
"高后时御史大","2","0","2"
"后时御史大夫","2","0","2"
"悼惠王二十三","1","1","2"
"惠王二十三年","1","1","2"
"穀城山下黄石","2","0","2"
"子横阳君成贤","1","1","2"
"韩王成留守阳","1","1","2"
"王成留守阳翟","1","1","2"
"宫室帷帐狗马","1","1","2"
"室帷帐狗马重","1","1","2"
"帷帐狗马重宝","1","1","2"
"帐狗马重宝妇","1","1","2"
"狗马重宝妇女","1","1","2"
"忠言逆耳利行","2","0","2"
"毒药苦口利病","2","0","2"
"陛下能制项籍","1","1","2"
"下能制项籍死","1","1","2"
"能制项籍死命","1","1","2"
"群臣见雍齿先","1","1","2"
"建成侯吕泽劫","1","1","2"
"吕后承间上泣","2","0","2"
"后承间上泣言","2","0","2"
"人上书告楚王","1","1","2"
"上书告楚王韩","1","1","2"
"书告楚王韩信","1","1","2"
"告楚王韩信反","1","1","2"
"陈平乘驰传载","1","1","2"
"怀王封沛公号","1","1","2"
"信胡骑晋阳下","2","0","2"
"定雁门郡十七","1","1","2"
"御史大夫施屠","1","1","2"
"史大夫施屠浑","1","1","2"
"大夫施屠浑都","1","1","2"
"文帝择勃子贤","2","0","2"
"帝择勃子贤者","2","0","2"
"河内太守亚夫","1","1","2"
"轻骑兵弓高侯","1","1","2"
"骑兵弓高侯等","1","1","2"
"后匈奴王徐卢","1","1","2"
"匈奴王徐卢等","1","1","2"
"奴王徐卢等五","1","1","2"
"王徐卢等五人","1","1","2"
"徐卢等五人降","1","1","2"
"破南阳守齮阳","2","0","2"
"南阳守齮阳城","2","0","2"
"太仆解福等十","1","1","2"
"仆解福等十人","1","1","2"
"后燕王卢绾反","1","1","2"
"虏二百八十七","1","1","2"
"二百八十七人","1","1","2"
"下六百石十九","2","0","2"
"六百石十九人","2","0","2"
"太尉勃入北军","2","0","2"
"婴捕虏六十八","1","1","2"
"捕虏六十八人","1","1","2"
"骑士重泉人李","1","1","2"
"士重泉人李必","1","1","2"
"所将卒斩楼烦","2","0","2"
"将卒斩楼烦将","2","0","2"
"虏车骑将华毋","1","1","2"
"车骑将华毋伤","1","1","2"
"所将卒斩骑将","2","0","2"
"将卒斩骑将一","2","0","2"
"卒斩骑将一人","2","0","2"
"破齐将军田吸","1","1","2"
"击项籍军陈下","2","0","2"
"益食邑二千五","2","0","2"
"剖符世世勿绝","2","0","2"
"阴二千五百户","1","1","2"
"斩骑千人将一","1","1","2"
"骑千人将一人","1","1","2"
"千六百八十人","1","1","2"
"食邑四千二百","1","1","2"
"邑四千二百户","1","1","2"
"车马二百五十","1","1","2"
"马二百五十匹","1","1","2"
"后使使召赵王","2","0","2"
"太后怨戚夫人","1","1","2"
"等尊立孝文皇","1","1","2"
"尊立孝文皇帝","1","1","2"
"食邑二十四人","1","1","2"
"太中大夫邓通","1","1","2"
"武强侯庄青翟","2","0","2"
"项王迁杀义帝","1","1","2"
"下齐七十余城","2","0","2"
"诸生三十余人","2","0","2"
"先帝园陵寝庙","1","1","2"
"等七十人棘蒲","2","0","2"
"七十人棘蒲侯","2","0","2"
"开章等七十人","1","1","2"
"婴等四十三人","1","1","2"
"立厉王三子王","2","0","2"
"王使人上书告","2","0","2"
"人刺杀淮南中","1","1","2"
"刺杀淮南中尉","1","1","2"
"寿春严正上书","1","1","2"
"告淮南王谋反","2","0","2"
"请逮捕衡山王","2","0","2"
"美人厥姬生子","1","1","2"
"人上书告内史","1","1","2"
"城皆将相告曰","2","0","2"
"皆将相告曰范","2","0","2"
"将相告曰范阳","2","0","2"
"相告曰范阳令","2","0","2"
"告曰范阳令先","2","0","2"
"徐福入海求仙","1","1","2"
"福入海求仙药","1","1","2"
"直指绣衣使者","1","1","2"
"晏驾后太子所","2","0","2"
"驾后太子所诛","2","0","2"
"特进孔乡侯傅","1","1","2"
"进孔乡侯傅晏","1","1","2"
"太后弟宜乡侯","1","1","2"
"后弟宜乡侯冯","1","1","2"
"中常侍宋弘上","2","0","2"
"侍中董贤爱幸","2","0","2"
"丞相王嘉内疑","2","0","2"
"相王嘉内疑东","2","0","2"
"王嘉内疑东平","2","0","2"
"助戊己校尉保","1","1","2"
"将军中二千石","1","1","2"
"孔乡侯傅晏大","2","0","2"
"乡侯傅晏大司","2","0","2"
"侯傅晏大司马","2","0","2"
"傅晏大司马卫","2","0","2"
"晏大司马卫将","2","0","2"
"丁明大司马票","2","0","2"
"曹光禄大夫宜","1","1","2"
"光禄大夫宜陵","1","1","2"
"禄大夫宜陵侯","1","1","2"
"汉方南诛两越","2","0","2"
"吏二千石者十","2","0","2"
"上立胶东王太","2","0","2"
"立胶东王太子","2","0","2"
"韩安国御史大","2","0","2"
"千秋万岁后传","2","0","2"
"秋万岁后传王","2","0","2"
"亡命少年数十","1","1","2"
"命少年数十人","1","1","2"
"新都侯王莽奏","1","1","2"
"夫三代所长久","2","0","2"
"三代所长久者","2","0","2"
"丞相绛侯周勃","1","1","2"
"相绛侯周勃免","1","1","2"
"高皇帝瓜分天","1","1","2"
"皇帝瓜分天下","1","1","2"
"割淮阳北边二","1","1","2"
"淮阳北边二三","1","1","2"
"皇太子所读书","1","1","2"
"皇帝问太子家","1","1","2"
"帝问太子家令","1","1","2"
"胡人食肉饮酪","1","1","2"
"十五年九月壬","1","1","2"
"五年九月壬子","1","1","2"
"高皇帝亲除大","1","1","2"
"皇帝亲除大害","1","1","2"
"贤良太子家令","1","1","2"
"良太子家令臣","1","1","2"
"三王臣主俱贤","2","0","2"
"诏策曰直言极","1","1","2"
"策曰直言极谏","1","1","2"
"死上狂惑草茅","1","1","2"
"对策者百余人","1","1","2"
"丞相申屠嘉心","1","1","2"
"亡命铸钱奸人","1","1","2"
"父母妻子同产","2","0","2"
"母妻子同产少","2","0","2"
"妻子同产少长","2","0","2"
"子同产少长皆","2","0","2"
"同产少长皆弃","2","0","2"
"产少长皆弃市","2","0","2"
"谒者仆射邓公","1","1","2"
"章邯破杀魏王","1","1","2"
"邯破杀魏王咎","1","1","2"
"田荣立田儋子","1","1","2"
"赵高立二世兄","1","1","2"
"楚将瑕丘申阳","1","1","2"
"率襄平侯通持","1","1","2"
"襄平侯通持节","1","1","2"
"平侯通持节承","1","1","2"
"侯通持节承诏","1","1","2"
"通持节承诏入","1","1","2"
"持节承诏入北","1","1","2"
"节承诏入北军","1","1","2"
"二十九山同日","1","1","2"
"十九山同日崩","1","1","2"
"封淮南王舅赵","1","1","2"
"长杀辟阳侯审","1","1","2"
"杀辟阳侯审食","1","1","2"
"封淮南厉王长","1","1","2"
"十六年夏四月","1","1","2"
"立齐悼惠王子","1","1","2"
"齐悼惠王子六","1","1","2"
"淮南厉王子三","1","1","2"
"南厉王子三人","1","1","2"
"遣御史大夫青","1","1","2"
"淮阳王宫正殿","1","1","2"
"中元年夏四月","1","1","2"
"封故御史大夫","1","1","2"
"故御史大夫周","1","1","2"
"建元元年冬十","1","1","2"
"元元年冬十月","1","1","2"
"元光元年冬十","1","1","2"
"光元年冬十一","1","1","2"
"北地二千余里","1","1","2"
"首虏三万余级","2","0","2"
"御史大夫王卿","1","1","2"
"中奉车都尉霍","1","1","2"
"车都尉霍光大","2","0","2"
"都尉霍光大司","2","0","2"
"尉霍光大司马","2","0","2"
"霍光大司马大","2","0","2"
"光大司马大将","2","0","2"
"受遗诏辅少主","2","0","2"
"郡国文学高第","1","1","2"
"大司农阳城侯","1","1","2"
"司农阳城侯田","1","1","2"
"农阳城侯田延","1","1","2"
"阳城侯田延年","1","1","2"
"大夫田广明祁","2","0","2"
"夫田广明祁连","2","0","2"
"田广明祁连将","2","0","2"
"广明祁连将军","2","0","2"
"将军赵充国蒲","2","0","2"
"军赵充国蒲类","2","0","2"
"赵充国蒲类将","2","0","2"
"充国蒲类将军","2","0","2"
"中太守田顺虎","2","0","2"
"太守田顺虎牙","2","0","2"
"守田顺虎牙将","2","0","2"
"田顺虎牙将军","2","0","2"
"广川惠王孙文","1","1","2"
"母宣成侯夫人","1","1","2"
"诸姊妹婿度辽","1","1","2"
"姊妹婿度辽将","1","1","2"
"妹婿度辽将军","1","1","2"
"婿度辽将军范","1","1","2"
"长信少府邓广","1","1","2"
"信少府邓广汉","1","1","2"
"长安男子冯殷","1","1","2"
"安男子冯殷等","1","1","2"
"京兆尹赵广汉","1","1","2"
"首恶大豪杨玉","1","1","2"
"匈奴日逐王先","1","1","2"
"奴日逐王先贤","1","1","2"
"弟呼留若王胜","1","1","2"
"骨肉大臣立虚","1","1","2"
"肉大臣立虚闾","1","1","2"
"大臣立虚闾权","1","1","2"
"臣立虚闾权渠","1","1","2"
"立虚闾权渠单","1","1","2"
"虚闾权渠单子","2","0","2"
"遣弟谷蠡王入","1","1","2"
"弟谷蠡王入侍","1","1","2"
"遣子右贤王铢","2","0","2"
"黄龙元年十二","1","1","2"
"龙元年十二月","1","1","2"
"广陵厉王太子","1","1","2"
"陵厉王太子霸","1","1","2"
"立长沙炀王弟","1","1","2"
"长沙炀王弟宗","1","1","2"
"周子南君周承","2","0","2"
"子南君周承休","2","0","2"
"南君周承休侯","2","0","2"
"渭城寿陵亭部","1","1","2"
"城寿陵亭部原","1","1","2"
"寿陵亭部原上","1","1","2"
"竟宁元年春正","1","1","2"
"宁元年春正月","1","1","2"
"赐副校尉陈汤","1","1","2"
"副校尉陈汤爵","1","1","2"
"校尉陈汤爵关","1","1","2"
"尉陈汤爵关内","1","1","2"
"陈汤爵关内侯","1","1","2"
"竟宁元年五月","1","1","2"
"舅侍中卫尉阳","1","1","2"
"侍中卫尉阳平","1","1","2"
"中卫尉阳平侯","1","1","2"
"卫尉阳平侯王","1","1","2"
"尉阳平侯王凤","1","1","2"
"王凤大司马大","2","0","2"
"故河间王弟上","1","1","2"
"河间王弟上郡","1","1","2"
"间王弟上郡库","1","1","2"
"王弟上郡库令","1","1","2"
"舅诸吏光禄大","1","1","2"
"渭城延陵亭部","1","1","2"
"立中山宪王孙","1","1","2"
"封婕妤赵氏父","1","1","2"
"子侍中骑都尉","1","1","2"
"光禄大夫王莽","1","1","2"
"等十三人谋反","1","1","2"
"立广陵孝王子","1","1","2"
"封中山王舅谏","1","1","2"
"中山王舅谏大","1","1","2"
"山王舅谏大夫","1","1","2"
"王舅谏大夫冯","1","1","2"
"舅谏大夫冯参","1","1","2"
"中山国三万户","1","1","2"
"定陵侯淳长大","2","0","2"
"陵侯淳长大逆","2","0","2"
"诏尊定陶恭王","1","1","2"
"尊定陶恭王恭","2","0","2"
"定陶恭王恭皇","2","0","2"
"弟侍中光禄大","1","1","2"
"中光禄大夫赵","1","1","2"
"光禄大夫赵钦","1","1","2"
"建平元年春正","1","1","2"
"平元年春正月","1","1","2"
"渭城西北原上","1","1","2"
"城西北原上永","1","1","2"
"西北原上永陵","1","1","2"
"北原上永陵亭","1","1","2"
"太后同母弟子","2","0","2"
"能直言者一人","2","0","2"
"马票骑将军丁","2","0","2"
"票骑将军丁明","2","0","2"
"骑将军丁明免","1","1","2"
"立代孝王玄孙","1","1","2"
"江都易王孙盱","1","1","2"
"都易王孙盱台","1","1","2"
"易王孙盱台侯","1","1","2"
"广川惠王曾孙","2","0","2"
"川惠王曾孙伦","2","0","2"
"惠王曾孙伦广","2","0","2"
"王曾孙伦广德","2","0","2"
"曾孙伦广德王","2","0","2"
"故曲周侯郦商","1","1","2"
"曲周侯郦商等","1","1","2"
"周侯郦商等后","1","1","2"
"玄孙郦明友等","1","1","2"
"百一十三人爵","1","1","2"
"立梁孝王玄孙","1","1","2"
"千五百八十三","1","1","2"
"七百三十万八","1","1","2"
"百三十万八千","1","1","2"
"三十万八千七","1","1","2"
"十万八千七百","1","1","2"
"万八千七百一","1","1","2"
"千七百一十一","1","1","2"
"二百四十三万","1","1","2"
"百四十三万六","1","1","2"
"四十三万六千","1","1","2"
"十三万六千二","1","1","2"
"万一千四百七","1","1","2"
"一千四百七十","1","1","2"
"千一百六十一","1","1","2"
"二万四千一百","1","1","2"
"万四千一百九","1","1","2"
"四千一百九十","1","1","2"
"千一百九十二","1","1","2"
"万三千三百二","1","1","2"
"三千三百二十","1","1","2"
"日法九百九十","2","0","2"
"九百九十七万","1","1","2"
"百九十七万七","1","1","2"
"九十七万七千","1","1","2"
"十七万七千三","1","1","2"
"七万七千三百","1","1","2"
"千三百三十七","1","1","2"
"三百三十二万","1","1","2"
"百三十二万五","1","1","2"
"三十二万五千","1","1","2"
"十二万五千七","1","1","2"
"二万五千七百","1","1","2"
"万五千七百七","1","1","2"
"五万一千八百","1","1","2"
"千一百七十五","1","1","2"
"七万九千三百","1","1","2"
"六百四十二万","1","1","2"
"百四十二万五","1","1","2"
"四十二万五千","1","1","2"
"十二万五千三","1","1","2"
"二万五千三百","1","1","2"
"万五千三百二","1","1","2"
"五千三百二十","1","1","2"
"十六万五千八","1","1","2"
"六万五千八百","1","1","2"
"万五千八百八","1","1","2"
"九万六千七百","1","1","2"
"万六千七百六","1","1","2"
"六千七百六十","1","1","2"
"九百九十五万","1","1","2"
"百九十五万五","1","1","2"
"九十五万五千","1","1","2"
"十五万五千七","1","1","2"
"五万五千七百","1","1","2"
"万五千七百九","1","1","2"
"五千七百九十","1","1","2"
"千七百九十一","1","1","2"
"千五百一十二","1","1","2"
"五十五万一千","1","1","2"
"十五万一千七","1","1","2"
"五万一千七百","1","1","2"
"四万八千三百","1","1","2"
"万八千三百八","1","1","2"
"八千三百八十","1","1","2"
"一亿三千四百","1","1","2"
"八万二千二百","1","1","2"
"万二千二百九","1","1","2"
"二千二百九十","1","1","2"
"四百六十九万","1","1","2"
"百六十九万四","1","1","2"
"六十九万四千","1","1","2"
"百六十七万三","1","1","2"
"六十七万三千","1","1","2"
"十七万三千四","1","1","2"
"七万三千四百","1","1","2"
"千四百五十一","1","1","2"
"四百五十一分","1","1","2"
"五百一十六万","1","1","2"
"百一十六万三","1","1","2"
"一十六万三千","1","1","2"
"行星三十三度","1","1","2"
"星三十三度三","1","1","2"
"三十三度三百","1","1","2"
"十三度三百三","1","1","2"
"三度三百三十","1","1","2"
"度三百三十三","1","1","2"
"百一十三度四","1","1","2"
"一十三度四百","1","1","2"
"十三度四百三","1","1","2"
"三度四百三十","1","1","2"
"行星三百五十","1","1","2"
"星三百五十七","1","1","2"
"三百五十七度","1","1","2"
"百五十七度四","1","1","2"
"五十七度四百","1","1","2"
"十七度四百三","1","1","2"
"七度四百三十","1","1","2"
"行星十四度三","1","1","2"
"星十四度三百","1","1","2"
"千八百六十八","1","1","2"
"八百六十八分","1","1","2"
"三百四十日八","1","1","2"
"百四十日八十","1","1","2"
"四十日八十六","1","1","2"
"十日八十六万","1","1","2"
"行星五度四百","1","1","2"
"星五度四百四","1","1","2"
"五度四百四十","1","1","2"
"度四百四十七","1","1","2"
"四百四十七万","1","1","2"
"百四十七万三","1","1","2"
"四十七万三千","1","1","2"
"十七万三千九","1","1","2"
"七万三千九百","1","1","2"
"万三千九百三","1","1","2"
"三千九百三十","1","1","2"
"千九百三十分","1","1","2"
"千七百一十七","1","1","2"
"七百一十七万","1","1","2"
"行星七度八百","1","1","2"
"星七度八百七","1","1","2"
"七度八百七十","1","1","2"
"度八百七十三","1","1","2"
"八百七十三万","1","1","2"
"百七十三万六","1","1","2"
"七十三万六千","1","1","2"
"十三万六千五","1","1","2"
"三万六千五百","1","1","2"
"万六千五百七","1","1","2"
"六千五百七十","1","1","2"
"千五百七十分","1","1","2"
"二千五百九十","1","1","2"
"千五百九十七","1","1","2"
"周文王四十二","1","1","2"
"文王四十二年","1","1","2"
"王四十二年十","1","1","2"
"四十二年十二","1","1","2"
"二年十二月丁","1","1","2"
"年十二月丁丑","1","1","2"
"十二月丁丑朔","1","1","2"
"二月丁丑朔旦","1","1","2"
"月丁丑朔旦冬","1","1","2"
"微公二十六年","1","1","2"
"公二十六年正","1","1","2"
"二十六年正月","1","1","2"
"十六年正月乙","1","1","2"
"六年正月乙亥","1","1","2"
"年正月乙亥朔","1","1","2"
"正月乙亥朔旦","1","1","2"
"月乙亥朔旦冬","1","1","2"
"献公十五年正","1","1","2"
"十五年正月甲","1","1","2"
"五年正月甲寅","1","1","2"
"年正月甲寅朔","1","1","2"
"正月甲寅朔旦","1","1","2"
"月甲寅朔旦冬","1","1","2"
"汉历太初元年","1","1","2"
"上元十四万三","1","1","2"
"元十四万三千","1","1","2"
"十四万三千一","1","1","2"
"四万三千一百","1","1","2"
"千一百二十七","1","1","2"
"建武三十一年","1","1","2"
"壮贝三寸六分","1","1","2"
"幺贝二寸四分","1","1","2"
"二千户封地士","1","1","2"
"千户封地士将","1","1","2"
"户封地士将军","1","1","2"
"宣帝甘露元年","1","1","2"
"帝甘露元年四","1","1","2"
"甘露元年四月","1","1","2"
"露元年四月丙","1","1","2"
"元年四月丙申","1","1","2"
"中山太上皇庙","1","1","2"
"襄公二十四年","1","1","2"
"公二十四年秋","1","1","2"
"立王婕妤皇后","2","0","2"
"公二十八年春","1","1","2"
"昭公四年正月","1","1","2"
"景帝中六年三","1","1","2"
"帝中六年三月","1","1","2"
"元鼎二年三月","1","1","2"
"阳朔四年四月","1","1","2"
"元封三年十二","1","1","2"
"封三年十二月","1","1","2"
"帝永始元年春","1","1","2"
"二十三年八月","1","1","2"
"十三年八月乙","1","1","2"
"公十四年秋八","1","1","2"
"十四年秋八月","1","1","2"
"四年秋八月辛","1","1","2"
"年秋八月辛卯","1","1","2"
"严公十八年秋","1","1","2"
"帝地节元年十","1","1","2"
"地节元年十二","1","1","2"
"节元年十二月","1","1","2"
"元年十二月癸","1","1","2"
"昭公十七年冬","1","1","2"
"建元六年分右","2","0","2"
"元六年分右内","2","0","2"
"六年分右内史","2","0","2"
"太初元年更名","2","0","2"
"蒲谷乡弦中谷","1","1","2"
"帝元鼎四年置","2","0","2"
"二十七万六千","1","1","2"
"十七万六千四","1","1","2"
"万六千四百四","1","1","2"
"六千四百四十","1","1","2"
"一百七十四万","1","1","2"
"百七十四万二","1","1","2"
"七十四万二百","1","1","2"
"十四万二百七","1","1","2"
"四万二百七十","1","1","2"
"万二百七十九","1","1","2"
"四十三万二千","1","1","2"
"十三万二千四","1","1","2"
"万二千四百九","1","1","2"
"二千四百九十","1","1","2"
"千四百九十一","1","1","2"
"二百二十一万","1","1","2"
"百二十一万九","1","1","2"
"二十一万九百","1","1","2"
"十一万九百七","1","1","2"
"一万九百七十","1","1","2"
"万九百七十三","1","1","2"
"十二万四千三","1","1","2"
"千三百八十三","1","1","2"
"四十五万七千","1","1","2"
"十五万七千三","1","1","2"
"五万七千三百","1","1","2"
"千三百三十三","1","1","2"
"二十一万二千","1","1","2"
"十一万二千八","1","1","2"
"一万二千八百","1","1","2"
"千八百四十九","1","1","2"
"九十万九千六","1","1","2"
"十万九千六百","1","1","2"
"九千六百五十","1","1","2"
"千六百五十五","1","1","2"
"十五万五千九","1","1","2"
"千九百五十一","1","1","2"
"八十二万七千","1","1","2"
"十二万七千一","1","1","2"
"二万七千一百","1","1","2"
"万七千一百七","1","1","2"
"十四万一千七","1","1","2"
"四万一千七百","1","1","2"
"万一千七百四","1","1","2"
"六十七万七千","1","1","2"
"十七万七千九","1","1","2"
"七万七千九百","1","1","2"
"万七千九百五","1","1","2"
"七千九百五十","1","1","2"
"千九百五十六","1","1","2"
"二十万一千七","1","1","2"
"十万一千七百","1","1","2"
"八十七万五千","1","1","2"
"十七万五千四","1","1","2"
"七万五千四百","1","1","2"
"万五千四百二","1","1","2"
"五千四百二十","1","1","2"
"千四百二十二","1","1","2"
"二十五万六千","1","1","2"
"十五万六千三","1","1","2"
"五万六千三百","1","1","2"
"九十万五千一","1","1","2"
"五千一百一十","1","1","2"
"户十五万四千","2","0","2"
"十五万四千三","1","1","2"
"五万四千三百","1","1","2"
"六十六万四千","1","1","2"
"十六万四千五","1","1","2"
"万四千五百四","1","1","2"
"四千五百四十","1","1","2"
"千五百四十三","1","1","2"
"十五万四千八","1","1","2"
"五万四千八百","1","1","2"
"万四千八百二","1","1","2"
"四千八百二十","1","1","2"
"千八百二十六","1","1","2"
"五十五万四千","1","1","2"
"十五万四千四","1","1","2"
"五万四千四百","1","1","2"
"万四千四百四","1","1","2"
"四千四百四十","1","1","2"
"参山万里沙祠","1","1","2"
"十六万七千四","1","1","2"
"万七千四百九","1","1","2"
"七千四百九十","1","1","2"
"千四百九十九","1","1","2"
"十六万二千二","1","1","2"
"万二千二百四","1","1","2"
"二千二百四十","1","1","2"
"千二百四十九","1","1","2"
"帝神爵二年置","2","0","2"
"帝元鼎三年置","2","0","2"
"北部都尉治偃","1","1","2"
"部都尉治偃泉","1","1","2"
"都尉治偃泉障","1","1","2"
"武帝后元年分","1","1","2"
"帝后元年分酒","1","1","2"
"后元年分酒泉","1","1","2"
"北部都尉治神","1","1","2"
"部都尉治神泉","1","1","2"
"都尉治神泉障","1","1","2"
"行八千五百六","1","1","2"
"八千五百六十","1","1","2"
"宣帝五凤二年","1","1","2"
"千二百二十三","1","1","2"
"二百二十三万","1","1","2"
"百二十三万三","1","1","2"
"二十三万三千","1","1","2"
"口五千九百五","1","1","2"
"千九百五十九","1","1","2"
"九百五十九万","1","1","2"
"百五十九万四","1","1","2"
"五十九万四千","1","1","2"
"九万四千九百","1","1","2"
"万四千九百七","1","1","2"
"四千九百七十","1","1","2"
"千九百七十八","1","1","2"
"五百五十五篇","1","1","2"
"公羊董仲舒治","1","1","2"
"羊董仲舒治狱","1","1","2"
"太常蓼侯孔臧","1","1","2"
"诏赐中山靖王","1","1","2"
"赐中山靖王子","1","1","2"
"孺子妾冰未央","1","1","2"
"子妾冰未央材","1","1","2"
"妾冰未央材人","1","1","2"
"冰未央材人歌","1","1","2"
"未央材人歌诗","1","1","2"
"雁门云中陇西","1","1","2"
"门云中陇西歌","1","1","2"
"云中陇西歌诗","1","1","2"
"弩将军王围射","1","1","2"
"将军王围射法","1","1","2"
"流星行事占验","1","1","2"
"昭明子钓种生","1","1","2"
"明子钓种生鱼","1","1","2"
"五藏六府痺十","2","0","2"
"藏六府痺十二","2","0","2"
"六府痺十二病","2","0","2"
"府痺十二病方","2","0","2"
"风寒热十六病","1","1","2"
"寒热十六病方","1","1","2"
"中书宦官弘恭","1","1","2"
"赐望爵关内侯","2","0","2"
"击秦将章邯车","1","1","2"
"秦将章邯车骑","1","1","2"
"绛八千二百八","1","1","2"
"千二百八十户","1","1","2"
"春正月辛丑朔","2","0","2"
"七年冬十一月","1","1","2"
"立赵敬肃王子","1","1","2"
"赵敬肃王子偃","1","1","2"
"孝武庙世宗庙","2","0","2"
"元寿元年春正","1","1","2"
"寿元年春正月","1","1","2"
"元月除积月余","1","1","2"
"太甲元年十二","1","1","2"
"甲元年十二月","1","1","2"
"年十二月乙丑","1","1","2"
"隐公三年二月","1","1","2"
"公三年二月己","1","1","2"
"三年二月己巳","1","1","2"
"十二年三月庚","1","1","2"
"二年三月庚午","1","1","2"
"文公元年二月","1","1","2"
"公元年二月癸","1","1","2"
"元年二月癸亥","1","1","2"
"十六年六月丙","1","1","2"
"六年六月丙寅","1","1","2"
"年六月丙寅朔","1","1","2"
"二十四年五月","1","1","2"
"十四年五月乙","1","1","2"
"四年五月乙未","1","1","2"
"年五月乙未朔","1","1","2"
"径路神祠三所","1","1","2"
"行三千一百一","1","1","2"
"三千一百一十","1","1","2"
"黄门书者王广","1","1","2"
"雍橐泉宫祈年","1","1","2"
"橐泉宫祈年馆","1","1","2"
"泉宫祈年馆下","1","1","2"
"百姓离心瓦解","1","1","2"
"善言天者必征","2","0","2"
"言天者必征人","2","0","2"
"善言古者必验","2","0","2"
"所谓爱适足害","2","0","2"
"谓爱适足害者","2","0","2"
"氏侯者凡二人","2","0","2"
"中尉条侯周亚","1","1","2"
"梁相山都侯王","1","1","2"
"相山都侯王恬","1","1","2"
"山都侯王恬启","1","1","2"
"杀北地都尉卬","2","0","2"
"二千石者六七","2","0","2"
"千石者六七人","2","0","2"
"举贤良方正士","2","0","2"
"父子兄弟相见","1","1","2"
"屏居蓝田南山","2","0","2"
"长乐卫尉窦甫","1","1","2"
"万骑入武州塞","2","0","2"
"材官三十余万","1","1","2"
"约单入马邑纵","2","0","2"
"未马邑百余里","2","0","2"
"御史大夫五年","1","1","2"
"栗姬生临江闵","1","1","2"
"姬生临江闵王","1","1","2"
"程姬生鲁共王","1","1","2"
"赵敬肃王彭祖","2","0","2"
"聪明睿智曰献","1","1","2"
"汉中太守请治","1","1","2"
"哀帝下诏褒扬","1","1","2"
"诣中尉府对簿","2","0","2"
"子孝王庆忌嗣","1","1","2"
"建异母弟定国","1","1","2"
"男子荼恬上书","1","1","2"
"乘小船入波中","1","1","2"
"列侯吏二千石","1","1","2"
"侯吏二千石博","1","1","2"
"吏二千石博士","1","1","2"
"平帝时新都侯","1","1","2"
"帝时新都侯王","1","1","2"
"时新都侯王莽","1","1","2"
"孝景前三年立","2","0","2"
"二千石欲治者","2","0","2"
"赵王家多金钱","1","1","2"
"江都易王宠姬","1","1","2"
"诸侯连城数十","1","1","2"
"高渐离击筑易","1","1","2"
"渐离击筑易水","1","1","2"
"司所奏诸侯事","1","1","2"
"子康王昆侈嗣","1","1","2"
"成帝鸿嘉二年","1","1","2"
"子剌王建德嗣","1","1","2"
"孝景中二年立","2","0","2"
"告中尉蔡彭祖","1","1","2"
"中尉蔡彭祖捕","1","1","2"
"广川勇士奋击","1","1","2"
"川勇士奋击匈","1","1","2"
"勇士奋击匈奴","1","1","2"
"短衣大绔长剑","1","1","2"
"前画工画望卿","1","1","2"
"王使明贞夫人","1","1","2"
"使明贞夫人主","1","1","2"
"王教脩靡夫人","1","1","2"
"教脩靡夫人望","1","1","2"
"脩靡夫人望卿","1","1","2"
"天子遣大鸿胪","2","0","2"
"一家母子三人","1","1","2"
"调等谋杀一家","1","1","2"
"等谋杀一家三","1","1","2"
"谋杀一家三人","1","1","2"
"子戴王通平嗣","1","1","2"
"子哀王安世嗣","1","1","2"
"匈奴左贤王将","2","0","2"
"汉遣贰师将军","2","0","2"
"贰师将军伐大","2","0","2"
"师将军伐大宛","2","0","2"
"将三万骑酒泉","2","0","2"
"击右贤王天山","2","0","2"
"勇士奇材剑客","1","1","2"
"都尉路博德将","2","0","2"
"尉路博德将兵","2","0","2"
"浚稽山南龙勒","1","1","2"
"稽山南龙勒水","1","1","2"
"将步卒五千人","2","0","2"
"所过山川地形","1","1","2"
"将军威震匈奴","1","1","2"
"上问太史令司","1","1","2"
"问太史令司马","1","1","2"
"全躯保妻子臣","2","0","2"
"躯保妻子臣随","2","0","2"
"保妻子臣随媒","2","0","2"
"陵提步卒满五","2","0","2"
"提步卒满五千","2","0","2"
"将军上官桀辅","1","1","2"
"军上官桀辅政","1","1","2"
"范蠡遍游天下","1","1","2"
"元平元年病死","1","1","2"
"将军大将军定","2","0","2"
"军大将军定襄","2","0","2"
"南越杀汉使者","1","1","2"
"宛王杀汉使者","1","1","2"
"朝鲜杀汉使者","1","1","2"
"黄门驸马争船","1","1","2"
"光过失予燕王","2","0","2"
"使匈奴二十年","1","1","2"
"将军富平侯张","1","1","2"
"军富平侯张安","1","1","2"
"富平侯张安世","1","1","2"
"车骑将军龙额","1","1","2"
"骑将军龙额侯","1","1","2"
"将军龙额侯韩","1","1","2"
"军龙额侯韩增","1","1","2"
"后将军营平侯","1","1","2"
"将军营平侯赵","1","1","2"
"军营平侯赵充","1","1","2"
"营平侯赵充国","1","1","2"
"丞相高平侯魏","1","1","2"
"相高平侯魏相","1","1","2"
"丞相博阳侯丙","1","1","2"
"相博阳侯丙吉","1","1","2"
"御史大夫建平","1","1","2"
"史大夫建平侯","1","1","2"
"大夫建平侯杜","1","1","2"
"夫建平侯杜延","1","1","2"
"宗正阳城侯刘","1","1","2"
"正阳城侯刘德","1","1","2"
"卫媪长女君孺","1","1","2"
"友骑郎公孙敖","1","1","2"
"青赐爵关内侯","1","1","2"
"将三万骑雁门","2","0","2"
"三千八百户封","1","1","2"
"左内史李沮强","2","0","2"
"内史李沮强弩","2","0","2"
"史李沮强弩将","2","0","2"
"李沮强弩将军","2","0","2"
"岸头侯张次公","1","1","2"
"轻骑校尉郭成","1","1","2"
"骑校尉郭成等","1","1","2"
"校尉郭成等追","1","1","2"
"众男女万五千","2","0","2"
"获匈奴王十余","1","1","2"
"匈奴王十余人","1","1","2"
"护军都尉公孙","1","1","2"
"军都尉公孙敖","1","1","2"
"都尉公孙敖三","1","1","2"
"轻车将军李蔡","1","1","2"
"斩首捕虏二千","2","0","2"
"二千五百户封","1","1","2"
"上谷太守郝贤","1","1","2"
"谷太守郝贤四","1","1","2"
"金王夫人亲寿","2","0","2"
"虏八千九百六","1","1","2"
"李广俱右北平","2","0","2"
"贤王将数万骑","2","0","2"
"七百六十八人","1","1","2"
"票骑将军病率","2","0","2"
"骑将军病率师","2","0","2"
"百户益封票骑","2","0","2"
"户益封票骑将","2","0","2"
"益封票骑将军","2","0","2"
"窴颜山赵信城","2","0","2"
"右北平太守路","1","1","2"
"北平太守路博","1","1","2"
"平太守路博德","1","1","2"
"捕虏二千八百","1","1","2"
"北地都尉卫山","1","1","2"
"马凡十四万匹","2","0","2"
"青长子宜春侯","1","1","2"
"万六千三百户","1","1","2"
"杅将军筑受降","2","0","2"
"将军筑受降城","2","0","2"
"左将军击朝鲜","2","0","2"
"万七千七百户","1","1","2"
"莫欲安存恶危","2","0","2"
"欲安存恶危亡","2","0","2"
"亲耕籍田农先","2","0","2"
"浸微浸灭浸明","2","0","2"
"微浸灭浸明浸","2","0","2"
"浸灭浸明浸昌","2","0","2"
"灭浸明浸昌道","2","0","2"
"三王教所祖同","2","0","2"
"常恐能化民者","2","0","2"
"先狗马填沟壑","2","0","2"
"郡国选诣博士","1","1","2"
"宽表奏开六辅","1","1","2"
"表奏开六辅渠","1","1","2"
"诸儒对者五十","1","1","2"
"儒对者五十余","1","1","2"
"对者五十余人","1","1","2"
"臣闻三代改制","1","1","2"
"汉兴未改正朔","1","1","2"
"造白金五铢钱","1","1","2"
"世右将军光禄","2","0","2"
"将军光禄勋安","1","1","2"
"军光禄勋安世","1","1","2"
"光禄勋安世辅","1","1","2"
"禄勋安世辅政","1","1","2"
"勋安世辅政宿","1","1","2"
"安世辅政宿卫","1","1","2"
"匿名迹远权势","1","1","2"
"先赐爵关内侯","2","0","2"
"故掖廷令张贺","2","0","2"
"贺弟子侍中关","1","1","2"
"弟子侍中关内","1","1","2"
"子侍中关内侯","1","1","2"
"侍中关内侯彭","1","1","2"
"中关内侯彭祖","1","1","2"
"将军富平侯印","1","1","2"
"弟阳都侯彭祖","1","1","2"
"皇后弟平恩侯","1","1","2"
"后弟平恩侯许","1","1","2"
"弟平恩侯许嘉","1","1","2"
"前侍御史修等","1","1","2"
"侍御史修等四","1","1","2"
"御史修等四人","1","1","2"
"史修等四人奉","1","1","2"
"闭门设兵弩射","1","1","2"
"知男子李游君","1","1","2"
"男子李游君欲","1","1","2"
"子李游君欲献","1","1","2"
"李游君欲献女","1","1","2"
"乐府音监景武","1","1","2"
"府音监景武强","1","1","2"
"音监景武强求","1","1","2"
"大奴骏等四十","1","1","2"
"奴骏等四十余","1","1","2"
"骏等四十余人","1","1","2"
"等四十余人群","1","1","2"
"四十余人群党","1","1","2"
"入乐府攻射官","1","1","2"
"天水属国都尉","1","1","2"
"问千秋战斗方","1","1","2"
"千秋战斗方略","1","1","2"
"安世子孙相继","1","1","2"
"张汤本居杜陵","1","1","2"
"告大司农杨敞","1","1","2"
"丞相车千秋女","1","1","2"
"相车千秋女婿","1","1","2"
"博士会公车门","1","1","2"
"千秋擅召中二","1","1","2"
"秋擅召中二千","1","1","2"
"朝廷皆恐丞相","1","1","2"
"少府弄法轻重","1","1","2"
"延年论议持平","1","1","2"
"延年知曾孙德","1","1","2"
"年知曾孙德美","1","1","2"
"居九卿位十余","1","1","2"
"九卿位十余年","1","1","2"
"丞相魏相奏延","1","1","2"
"相魏相奏延年","1","1","2"
"谒者赐延年玺","1","1","2"
"者赐延年玺书","1","1","2"
"征入御史大夫","2","0","2"
"大将军军武库","1","1","2"
"将军军武库令","1","1","2"
"兆尹王章上封","2","0","2"
"尹王章上封事","2","0","2"
"天下治安变异","1","1","2"
"支属二千石者","2","0","2"
"属二千石者十","2","0","2"
"尉定陵侯淳长","2","0","2"
"复函谷关都尉","2","0","2"
"方进复奏立党","2","0","2"
"进复奏立党友","2","0","2"
"丞相史能使巫","1","1","2"
"宗室诸侯微弱","1","1","2"
"赵昭仪杀皇子","1","1","2"
"朱博忠信勇猛","1","1","2"
"尊帝母定陶王","1","1","2"
"帝母定陶王丁","1","1","2"
"母定陶王丁后","1","1","2"
"大司空师丹等","1","1","2"
"前后所言皆合","1","1","2"
"议立庙尊号者","1","1","2"
"武帝时徙茂陵","2","0","2"
"匈奴降者言匈","2","0","2"
"奴降者言匈奴","2","0","2"
"汉遣公主夫人","2","0","2"
"中使者多者十","1","1","2"
"使者多者十余","1","1","2"
"攻劫汉使王恢","2","0","2"
"劫汉使王恢等","2","0","2"
"汉使王恢等尤","1","1","2"
"破奴将属国骑","2","0","2"
"奴将属国骑郡","2","0","2"
"将属国骑郡兵","2","0","2"
"属国骑郡兵数","2","0","2"
"国骑郡兵数万","2","0","2"
"骑郡兵数万击","2","0","2"
"列亭障玉门矣","2","0","2"
"广利贰师将军","2","0","2"
"遇汉善者名昧","2","0","2"
"汉善者名昧蔡","2","0","2"
"善者名昧蔡宛","2","0","2"
"者名昧蔡宛王","2","0","2"
"鸿胪壶充国等","1","1","2"
"令搜粟都尉上","1","1","2"
"师将军广利征","1","1","2"
"将军广利征讨","1","1","2"
"二千石百余人","2","0","2"
"使人俭善失真","2","0","2"
"道家使人精神","1","1","2"
"百四十二年中","1","1","2"
"玉版图籍散乱","1","1","2"
"太史公父子相","1","1","2"
"史公父子相继","1","1","2"
"网罗天下放失","2","0","2"
"罗天下放失旧","2","0","2"
"天下放失旧闻","2","0","2"
"五十二万六千","1","1","2"
"万六千五百字","1","1","2"
"益州刺史任安","1","1","2"
"外孙平通侯杨","1","1","2"
"丞相公孙贺父","1","1","2"
"相公孙贺父子","1","1","2"
"子长平侯卫伉","1","1","2"
"二年七月壬午","1","1","2"
"知太子惶恐意","2","0","2"
"皇孙妃王夫人","1","1","2"
"悼园宜称尊号","2","0","2"
"园宜称尊号曰","2","0","2"
"宜称尊号曰皇","2","0","2"
"称尊号曰皇考","2","0","2"
"奉园民满千六","2","0","2"
"园民满千六百","2","0","2"
"民满千六百家","2","0","2"
"元狩六年四月","1","1","2"
"狩六年四月乙","1","1","2"
"六年四月乙巳","1","1","2"
"呜呼薰鬻氏虐","1","1","2"
"燕王钱三千万","1","1","2"
"姊鄂邑盖长公","2","0","2"
"郭昭君等二人","1","1","2"
"大将军霍光征","1","1","2"
"行大鸿胪事少","1","1","2"
"大鸿胪事少府","1","1","2"
"山阳太守张敞","1","1","2"
"地节三年五月","1","1","2"
"执金吾严延年","1","1","2"
"金吾严延年字","1","1","2"
"吾严延年字长","1","1","2"
"严延年字长孙","1","1","2"
"侍中卫尉金安","1","1","2"
"中卫尉金安上","1","1","2"
"卫尉金安上上","1","1","2"
"尉金安上上书","1","1","2"
"车马衣裘宫室","1","1","2"
"佐天子兴利除","1","1","2"
"天子兴利除害","1","1","2"
"长安上书言事","1","1","2"
"南越大臣印绶","1","1","2"
"圣主必待贤臣","1","1","2"
"宣帝神爵三年","1","1","2"
"乐昌侯王商诘","1","1","2"
"昌侯王商诘问","1","1","2"
"孝武皇帝元狩","1","1","2"
"武皇帝元狩六","1","1","2"
"皇帝元狩六年","1","1","2"
"关东公孙勇等","1","1","2"
"东公孙勇等诈","1","1","2"
"诵二十二万言","2","0","2"
"太中大夫吾丘","1","1","2"
"中大夫吾丘寿","1","1","2"
"大夫吾丘寿王","1","1","2"
"朔黄金三十斤","1","1","2"
"公主贵人多逾","1","1","2"
"主贵人多逾礼","1","1","2"
"号称千门万户","1","1","2"
"东方先生喟然","1","1","2"
"方先生喟然长","1","1","2"
"阳石公主私通","1","1","2"
"太子江充所谮","2","0","2"
"召监北军使者","1","1","2"
"监北军使者任","1","1","2"
"吏责问御史大","1","1","2"
"责问御史大夫","1","1","2"
"军李广利将兵","2","0","2"
"绣衣御史暴胜","1","1","2"
"告谏大夫杜延","1","1","2"
"司农田延年报","1","1","2"
"车奔入北掖门","1","1","2"
"中书谒者令宣","1","1","2"
"代定国御史大","2","0","2"
"定国御史大夫","2","0","2"
"骑将军王音辅","1","1","2"
"红阳侯立举咸","2","0","2"
"公卿贤良文学","1","1","2"
"护军诸校列坐","1","1","2"
"贡禹御史大夫","2","0","2"
"太子少傅匡衡","1","1","2"
"史中丞陈咸年","1","1","2"
"京兆尹王章素","2","0","2"
"恐帝长大后见","2","0","2"
"帝长大后见怨","2","0","2"
"良家子善骑射","2","0","2"
"骑屯缘边九郡","2","0","2"
"光禄大夫义渠","1","1","2"
"禄大夫义渠安","1","1","2"
"大夫义渠安国","1","1","2"
"复白遣义渠安","2","0","2"
"白遣义渠安国","2","0","2"
"归义羌侯杨玉","1","1","2"
"义羌侯杨玉等","1","1","2"
"子右曹中郎将","1","1","2"
"侍中乐成侯许","1","1","2"
"中乐成侯许延","1","1","2"
"乐成侯许延寿","1","1","2"
"兵六千一百人","1","1","2"
"月氏兵四千人","1","1","2"
"粮谷十九万九","1","1","2"
"谷十九万九千","1","1","2"
"十九万九千六","1","1","2"
"九万九千六百","1","1","2"
"万九千六百三","1","1","2"
"九千六百三十","1","1","2"
"千六百三十斛","1","1","2"
"六百九十三斛","1","1","2"
"二百八十六石","1","1","2"
"二百八十一人","1","1","2"
"二万七千三百","1","1","2"
"万七千三百六","1","1","2"
"七千三百六十","1","1","2"
"三百六十三斛","1","1","2"
"三万一千二百","1","1","2"
"万一千二百人","1","1","2"
"召黄门郎杨雄","1","1","2"
"辛庆忌字子真","1","1","2"
"随长罗侯常惠","1","1","2"
"丞相司直何武","1","1","2"
"南郡太守辛伯","1","1","2"
"郡太守辛伯等","1","1","2"
"扬言赐外国名","2","0","2"
"壮士二人后刺","2","0","2"
"贵人左右皆散","2","0","2"
"人左右皆散走","2","0","2"
"期门郎遂成等","1","1","2"
"门郎遂成等三","1","1","2"
"封介子义阳侯","2","0","2"
"匈奴发骑田车","2","0","2"
"奴发骑田车师","2","0","2"
"公主昆弥皆遣","2","0","2"
"主昆弥皆遣使","2","0","2"
"昆弥愿发国半","2","0","2"
"弥愿发国半精","2","0","2"
"愿发国半精兵","2","0","2"
"唯天子兵救公","2","0","2"
"天子兵救公主","2","0","2"
"大发十五万骑","2","0","2"
"翕侯下五万余","2","0","2"
"侯下五万余骑","2","0","2"
"将下三万九千","2","0","2"
"下三万九千人","1","1","2"
"遣惠持金币赐","2","0","2"
"惠持金币赐乌","2","0","2"
"持金币赐乌孙","2","0","2"
"金币赐乌孙贵","2","0","2"
"币赐乌孙贵人","2","0","2"
"赐乌孙贵人功","2","0","2"
"乌孙贵人功者","2","0","2"
"乌孙兵七千人","1","1","2"
"先王时贵人姑","2","0","2"
"王时贵人姑翼","2","0","2"
"时贵人姑翼所","2","0","2"
"将军赵充国薨","1","1","2"
"小王将十二人","1","1","2"
"封日逐王归德","2","0","2"
"日逐王归德侯","2","0","2"
"破车师兜訾城","1","1","2"
"诏列侯举茂材","2","0","2"
"怨汉拥护呼韩","2","0","2"
"汉拥护呼韩邪","2","0","2"
"遣卫司马谷吉","1","1","2"
"闻呼韩邪益强","2","0","2"
"发城郭诸国兵","2","0","2"
"军候假丞杜勋","1","1","2"
"千五百一十八","1","1","2"
"西域都护段会","1","1","2"
"域都护段会宗","1","1","2"
"将作大匠乘马","1","1","2"
"作大匠乘马延","1","1","2"
"大匠乘马延年","1","1","2"
"骑都尉王莽上","1","1","2"
"都尉王莽上书","1","1","2"
"弘农太守张匡","1","1","2"
"康居太子保苏","1","1","2"
"居太子保苏匿","1","1","2"
"太子保苏匿率","1","1","2"
"会宗发戊己校","2","0","2"
"宗发戊己校尉","2","0","2"
"发戊己校尉兵","2","0","2"
"禹代御史大夫","2","0","2"
"关东流民饥寒","1","1","2"
"禄大夫张猛进","1","1","2"
"马车骑将军史","1","1","2"
"广德御史大夫","2","0","2"
"高皇帝圣德受","2","0","2"
"皇帝圣德受命","2","0","2"
"赐将军黄金五","2","0","2"
"将军黄金五十","2","0","2"
"军黄金五十斤","2","0","2"
"谏大夫鲍宣数","2","0","2"
"会元寿元年正","2","0","2"
"新都侯王莽大","2","0","2"
"都侯王莽大司","2","0","2"
"侯王莽大司马","2","0","2"
"上大司空印绶","2","0","2"
"元舅大将军王","2","0","2"
"中尉牛肉五百","1","1","2"
"尉牛肉五百斤","1","1","2"
"孝武皇帝二十","1","1","2"
"武皇帝二十余","1","1","2"
"皇帝二十余年","1","1","2"
"帝二十余年未","1","1","2"
"光禄勋匡衡举","2","0","2"
"长安城南苑地","1","1","2"
"采珠玉金银铸","1","1","2"
"珠玉金银铸钱","1","1","2"
"丞相王嘉上书","1","1","2"
"下将军中朝者","2","0","2"
"禄大夫孔光等","1","1","2"
"大夫孔光等十","1","1","2"
"夫孔光等十四","1","1","2"
"孔光等十四人","1","1","2"
"博士夏侯常见","1","1","2"
"事下御史中丞","2","0","2"
"八月赐羊一头","1","1","2"
"始二年六月庚","1","1","2"
"二年六月庚寅","1","1","2"
"后欲成帝母俱","2","0","2"
"欲成帝母俱称","2","0","2"
"成帝母俱称尊","2","0","2"
"帝母俱称尊号","2","0","2"
"侍中诸曹黄门","1","1","2"
"中诸曹黄门郎","1","1","2"
"诸曹黄门郎数","1","1","2"
"曹黄门郎数十","1","1","2"
"黄门郎数十人","1","1","2"
"哀帝改司隶校","1","1","2"
"帝改司隶校尉","1","1","2"
"博士弟子济南","1","1","2"
"免豫州牧鲍宣","1","1","2"
"京兆尹薛修等","1","1","2"
"春秋列国卿大","1","1","2"
"秋列国卿大夫","1","1","2"
"年老病乞骸骨","2","0","2"
"召玄成淮阳中","2","0","2"
"玄成淮阳中尉","2","0","2"
"诸儒杂论同异","2","0","2"
"儒杂论同异石","2","0","2"
"杂论同异石渠","2","0","2"
"论同异石渠阁","2","0","2"
"尊孝文庙太宗","2","0","2"
"宣帝本始二年","1","1","2"
"二万四千四百","1","1","2"
"万四千四百五","1","1","2"
"四千四百五十","1","1","2"
"卫士四万五千","1","1","2"
"士四万五千一","1","1","2"
"四万五千一百","1","1","2"
"万五千一百二","1","1","2"
"五千一百二十","1","1","2"
"千一百二十九","1","1","2"
"一百二十九人","1","1","2"
"万二千一百四","1","1","2"
"二千一百四十","1","1","2"
"孝景庙皆亲尽","2","0","2"
"太子太傅严彭","1","1","2"
"子太傅严彭祖","1","1","2"
"夫尹更始等七","1","1","2"
"尹更始等七十","1","1","2"
"更始等七十人","1","1","2"
"玄成等四十四","1","1","2"
"成等四十四人","1","1","2"
"将军许嘉等二","1","1","2"
"军许嘉等二十","1","1","2"
"许嘉等二十九","1","1","2"
"嘉等二十九人","1","1","2"
"夫尹更始等十","1","1","2"
"尹更始等十八","1","1","2"
"更始等十八人","1","1","2"
"高皇帝汉太祖","2","0","2"
"博士左咸等五","1","1","2"
"士左咸等五十","1","1","2"
"左咸等五十三","1","1","2"
"咸等五十三人","1","1","2"
"孝武皇帝功烈","2","0","2"
"皇高祖考庙奉","1","1","2"
"高祖考庙奉明","1","1","2"
"祖考庙奉明园","1","1","2"
"丞相车千秋死","1","1","2"
"大将军霍光果","1","1","2"
"二百二十二人","1","1","2"
"博士巡行天下","1","1","2"
"天子所服第八","1","1","2"
"大谒者襄章奏","1","1","2"
"愿陛下选明经","2","0","2"
"丙吉御史大夫","2","0","2"
"甘露中罪削爵","2","0","2"
"露中罪削爵关","2","0","2"
"中罪削爵关内","2","0","2"
"罪削爵关内侯","2","0","2"
"车骑将军军市","1","1","2"
"骑将军军市令","1","1","2"
"孝昭皇帝早崩","1","1","2"
"武帝曾孙名病","1","1","2"
"太子太傅夏侯","1","1","2"
"子太傅夏侯胜","1","1","2"
"太守杜延年明","1","1","2"
"御史大夫黄霸","1","1","2"
"太仆陈万年代","1","1","2"
"使者丙吉见皇","1","1","2"
"者丙吉见皇曾","1","1","2"
"丙吉见皇曾孙","1","1","2"
"制诏丞相御史","2","0","2"
"丞相长史黄霸","1","1","2"
"关东四十九郡","1","1","2"
"东四十九郡同","1","1","2"
"左曹太中大夫","1","1","2"
"建昭二年二月","1","1","2"
"钩盾令徐立代","1","1","2"
"江海陂湖园池","1","1","2"
"海陂湖园池属","1","1","2"
"帝舅曲阳侯王","2","0","2"
"侍中卫尉傅喜","1","1","2"
"中卫尉傅喜问","1","1","2"
"妃后大臣诸侯","1","1","2"
"祖母傅太后尤","1","1","2"
"大司空师丹执","1","1","2"
"司空师丹执政","1","1","2"
"中垒校尉刘向","1","1","2"
"光禄大夫毛莫","1","1","2"
"赵广汉字子都","1","1","2"
"川豪杰大姓相","1","1","2"
"后强宗大族家","1","1","2"
"强宗大族家家","1","1","2"
"宗大族家家结","1","1","2"
"属蒲类将军赵","1","1","2"
"蒲类将军赵充","1","1","2"
"类将军赵充国","1","1","2"
"长安游徼狱吏","1","1","2"
"地节三年七月","1","1","2"
"节三年七月中","1","1","2"
"丞相魏相上书","1","1","2"
"相魏相上书陈","1","1","2"
"尹翁归字子兄","1","1","2"
"令文学校官诸","1","1","2"
"文学校官诸生","1","1","2"
"冯翊时廪牺官","1","1","2"
"翊时廪牺官钱","1","1","2"
"戏车弄马盗骖","1","1","2"
"饰车甲三百万","1","1","2"
"尚书调补县令","1","1","2"
"大夫平尚书事","1","1","2"
"杀贼捕掾絮舜","1","1","2"
"同族宗室刘调","1","1","2"
"族宗室刘调等","1","1","2"
"宗室刘调等通","1","1","2"
"问前将军萧望","1","1","2"
"五人张弓射杀","1","1","2"
"令长丞尉奉法","1","1","2"
"长丞尉奉法守","1","1","2"
"涿郡太守徐明","1","1","2"
"布鼓过雷门王","1","1","2"
"反扬著先帝任","2","0","2"
"扬著先帝任倾","2","0","2"
"著先帝任倾覆","2","0","2"
"先帝任倾覆徒","2","0","2"
"中二千石大鸿","1","1","2"
"二千石大鸿胪","1","1","2"
"千石大鸿胪赏","1","1","2"
"石大鸿胪赏等","1","1","2"
"大鸿胪赏等会","1","1","2"
"鸿胪赏等会坐","1","1","2"
"弘农太守傅刚","1","1","2"
"假佐放奉诏书","1","1","2"
"三老公乘兴等","1","1","2"
"老公乘兴等上","1","1","2"
"公乘兴等上书","1","1","2"
"民数千万人争","1","1","2"
"弟成都侯商复","2","0","2"
"成都侯商复大","2","0","2"
"奏卫将军张安","1","1","2"
"子侍中阳都侯","1","1","2"
"侍中阳都侯彭","1","1","2"
"中阳都侯彭祖","1","1","2"
"长信少府檀长","1","1","2"
"信少府檀长卿","1","1","2"
"太子庶子王生","1","1","2"
"信任中尚书宦","1","1","2"
"任中尚书宦官","1","1","2"
"隶校尉宽饶居","1","1","2"
"告光禄勋周堪","1","1","2"
"上使侍御史收","2","0","2"
"中朝左将军辛","1","1","2"
"朝左将军辛庆","1","1","2"
"车骑将军所排","1","1","2"
"南郡太守李尚","1","1","2"
"郡太守李尚占","1","1","2"
"侯根大司马票","2","0","2"
"大鸿胪萧育等","1","1","2"
"中山孝王母冯","2","0","2"
"山孝王母冯太","2","0","2"
"孝王母冯太后","2","0","2"
"尚书仆射唐林","1","1","2"
"书仆射唐林争","1","1","2"
"敦煌鱼泽障候","1","1","2"
"大司徒马宫等","1","1","2"
"大司徒孔光奏","2","0","2"
"太后邛成太后","2","0","2"
"同学博士白奇","1","1","2"
"荐儒生王仲翁","1","1","2"
"成都侯金安上","1","1","2"
"兆尹张敞上书","1","1","2"
"愿汉外孙元贵","2","0","2"
"汉外孙元贵靡","2","0","2"
"外孙元贵靡嗣","2","0","2"
"主乌孙四十余","2","0","2"
"少主元贵靡立","2","0","2"
"元贵靡大昆弥","2","0","2"
"遣中朝大司马","1","1","2"
"中朝大司马车","1","1","2"
"朝大司马车骑","1","1","2"
"丞相丙吉年老","1","1","2"
"侍中建章卫尉","1","1","2"
"中建章卫尉金","1","1","2"
"建章卫尉金安","1","1","2"
"章卫尉金安上","1","1","2"
"御史中丞王忠","1","1","2"
"高大司马车骑","2","0","2"
"谏大夫刘更生","1","1","2"
"武帝游宴后庭","2","0","2"
"前将军小过五","1","1","2"
"谒者召致廷尉","2","0","2"
"将军光禄勋印","1","1","2"
"军光禄勋印绶","1","1","2"
"家复光禄大夫","2","0","2"
"光禄大夫执金","1","1","2"
"禄大夫执金吾","1","1","2"
"丞相西曹卫将","1","1","2"
"相西曹卫将军","1","1","2"
"西曹卫将军掾","1","1","2"
"京辅左辅都尉","1","1","2"
"冯奉世字子明","1","1","2"
"宣帝召见韩增","1","1","2"
"奉世光禄大夫","2","0","2"
"将军典属国常","1","1","2"
"军典属国常惠","1","1","2"
"太常弋阳侯任","1","1","2"
"常弋阳侯任千","1","1","2"
"弋阳侯任千秋","1","1","2"
"定襄太守韩安","1","1","2"
"襄太守韩安国","1","1","2"
"首虏八千余级","2","0","2"
"校尉三十余人","1","1","2"
"奋武将军任千","1","1","2"
"武将军任千秋","1","1","2"
"乐昌侯王商代","1","1","2"
"御史大夫李延","1","1","2"
"史大夫李延寿","1","1","2"
"大夫李延寿病","1","1","2"
"夫李延寿病卒","1","1","2"
"野王行能第一","2","0","2"
"太子少傅张谭","1","1","2"
"朔方刺史萧育","1","1","2"
"二千石病赐告","2","0","2"
"千石病赐告归","2","0","2"
"立定陶王皇太","2","0","2"
"定陶王皇太子","2","0","2"
"王舅参宜乡侯","2","0","2"
"爵关内侯食邑","2","0","2"
"中山孝王短命","1","1","2"
"山孝王短命早","1","1","2"
"宗族徙归故郡","2","0","2"
"皇后生孝元帝","1","1","2"
"舅张博兄弟三","1","1","2"
"五鹿充宗所排","1","1","2"
"遣太中大夫张","1","1","2"
"太中大夫张子","1","1","2"
"遣太中大夫子","1","1","2"
"诸吏宦者令承","1","1","2"
"乐陵侯史高外","2","0","2"
"陵侯史高外属","2","0","2"
"平原文学匡衡","1","1","2"
"傅昭仪子定陶","2","0","2"
"御史大夫甄谭","1","1","2"
"上丞相乐安侯","1","1","2"
"嘉君同心合意","2","0","2"
"师赐爵关内侯","2","0","2"
"宽中食邑八百","1","1","2"
"中食邑八百户","1","1","2"
"远嫁张掖太守","1","1","2"
"嫁张掖太守萧","1","1","2"
"张掖太守萧咸","1","1","2"
"何况浅见鄙儒","1","1","2"
"况浅见鄙儒所","1","1","2"
"帝舅大司马骠","1","1","2"
"免官遣归故郡","1","1","2"
"大司空师丹奏","2","0","2"
"太皇太后新都","2","0","2"
"皇太后新都侯","2","0","2"
"褒成君关内侯","1","1","2"
"莽太皇太后诏","2","0","2"
"太皇太后诏赐","2","0","2"
"故定陶共王母","2","0","2"
"中大夫蜀郡张","2","0","2"
"大夫蜀郡张匡","2","0","2"
"臣请诏谒者召","2","0","2"
"未闻忠言嘉谋","2","0","2"
"诸曹大夫郎吏","1","1","2"
"臣京兆尹王章","1","1","2"
"太子长舅阳平","1","1","2"
"子长舅阳平侯","1","1","2"
"代王莽大司马","2","0","2"
"太后欲求称尊","2","0","2"
"后欲求称尊号","2","0","2"
"大司空师丹共","2","0","2"
"大司农斗食属","1","1","2"
"琅邪太守赵贡","1","1","2"
"举廉吏狱掾王","2","0","2"
"廉吏狱掾王立","2","0","2"
"御史中丞众等","1","1","2"
"御史大夫万年","1","1","2"
"长陵大姓尚方","1","1","2"
"陵大姓尚方禁","1","1","2"
"召见正监典法","1","1","2"
"见正监典法掾","1","1","2"
"正监典法掾史","1","1","2"
"时曲阳侯王根","1","1","2"
"何武御史大夫","2","0","2"
"御史大夫何武","1","1","2"
"明大司马卫将","2","0","2"
"丞相方进共奏","2","0","2"
"相方进共奏言","2","0","2"
"祖母定陶太后","1","1","2"
"弟高武侯傅喜","1","1","2"
"御史大夫赵玄","2","0","2"
"望等四十四人","1","1","2"
"谏大夫龚胜等","1","1","2"
"大夫龚胜等十","1","1","2"
"夫龚胜等十四","1","1","2"
"龚胜等十四人","1","1","2"
"族兄季孙行父","1","1","2"
"召丞相诣廷尉","2","0","2"
"丞相诣廷尉诏","2","0","2"
"相诣廷尉诏狱","2","0","2"
"司隶校尉陈庆","1","1","2"
"隶校尉陈庆劾","1","1","2"
"校尉陈庆劾奏","1","1","2"
"杀义渠长妻子","2","0","2"
"义渠长妻子六","2","0","2"
"渠长妻子六人","2","0","2"
"帝舅成都侯商","1","1","2"
"丧事烦扰百姓","1","1","2"
"荐琅邪太守冯","1","1","2"
"令小冠杜子夏","1","1","2"
"依托红阳侯立","1","1","2"
"子侍中卫尉定","1","1","2"
"侍中卫尉定陵","1","1","2"
"中卫尉定陵侯","1","1","2"
"光禄大夫陈咸","1","1","2"
"定陵侯淳长外","2","0","2"
"弟武平侯刘璜","1","1","2"
"武平侯刘璜结","1","1","2"
"大司马柱天大","1","1","2"
"司马柱天大将","1","1","2"
"马柱天大将军","1","1","2"
"光禄勋成都侯","1","1","2"
"禄勋成都侯王","1","1","2"
"勋成都侯王邑","1","1","2"
"春王城门校尉","1","1","2"
"王城门校尉王","1","1","2"
"城门校尉王况","1","1","2"
"中少府建威侯","1","1","2"
"少府建威侯王","1","1","2"
"府建威侯王昌","1","1","2"
"中郎将震羌侯","1","1","2"
"郎将震羌侯窦","1","1","2"
"将震羌侯窦兄","1","1","2"
"将作大匠蒙乡","1","1","2"
"作大匠蒙乡侯","1","1","2"
"大匠蒙乡侯逯","1","1","2"
"太保后丞丞阳","1","1","2"
"保后丞丞阳侯","1","1","2"
"后丞丞阳侯甄","1","1","2"
"丞丞阳侯甄邯","1","1","2"
"居摄二年十月","1","1","2"
"摄二年十月甲","1","1","2"
"二年十月甲子","1","1","2"
"郡太守翟义擅","1","1","2"
"周公践天子位","2","0","2"
"阴精女主圣明","1","1","2"
"遣大夫桓谭等","1","1","2"
"大夫桓谭等班","2","0","2"
"太皇太后遭家","2","0","2"
"皇太后遭家造","2","0","2"
"先封车骑都尉","1","1","2"
"封车骑都尉孙","1","1","2"
"车骑都尉孙贤","1","1","2"
"骑都尉孙贤等","1","1","2"
"都尉孙贤等五","1","1","2"
"尉孙贤等五十","1","1","2"
"孙贤等五十五","1","1","2"
"贤等五十五人","1","1","2"
"大鸿胪望乡侯","1","1","2"
"鸿胪望乡侯阎","1","1","2"
"胪望乡侯阎迁","1","1","2"
"虎牙将军王邑","1","1","2"
"牙将军王邑等","1","1","2"
"强弩将军王骏","1","1","2"
"扬武将军刘歆","1","1","2"
"三百九十五人","1","1","2"
"芒竹群盗赵明","1","1","2"
"反虏逆贼鲸鲵","2","0","2"
"太常阳城侯刘","1","1","2"
"常阳城侯刘庆","1","1","2"
"阳城侯刘庆忌","1","1","2"
"皇天勃然发怒","1","1","2"
"平阿侯谭位特","2","0","2"
"阿侯谭位特进","2","0","2"
"京师士大夫怅","1","1","2"
"师士大夫怅然","1","1","2"
"士大夫怅然失","1","1","2"
"大夫怅然失望","1","1","2"
"元年九月黑龙","1","1","2"
"年二月己未夜","1","1","2"
"二月己未夜星","1","1","2"
"社稷宗庙祸福","1","1","2"
"稷宗庙祸福安","1","1","2"
"宗庙祸福安危","1","1","2"
"北宫私奴车马","1","1","2"
"四月丁酉四方","1","1","2"
"月丁酉四方众","1","1","2"
"七月辛未彗星","1","1","2"
"月辛未彗星横","1","1","2"
"皇后父孔乡侯","2","0","2"
"后父孔乡侯傅","2","0","2"
"父孔乡侯傅晏","2","0","2"
"扶阳侯韦育举","1","1","2"
"前大司马新都","1","1","2"
"司马新都侯莽","2","0","2"
"建武中历位列","1","1","2"
"武中历位列卿","1","1","2"
"孔子称友多闻","1","1","2"
"成都杨覆众等","1","1","2"
"九江太守戴圣","1","1","2"
"御史大夫司空","1","1","2"
"弟成都侯王邑","1","1","2"
"西河属国都尉","1","1","2"
"将军公孙禄相","1","1","2"
"明经射策甲科","1","1","2"
"荐儒者公孙光","1","1","2"
"见董贤等三人","1","1","2"
"东平王云后谒","2","0","2"
"侍医伍宏等内","1","1","2"
"医伍宏等内侍","1","1","2"
"孝宣皇帝赏罚","1","1","2"
"钱二十五万万","1","1","2"
"贡献宗庙三宫","1","1","2"
"益封贤二千户","2","0","2"
"五二千石杂治","2","0","2"
"万类分明善恶","1","1","2"
"永信少府猛等","1","1","2"
"信少府猛等十","1","1","2"
"少府猛等十人","1","1","2"
"高安侯董贤父","1","1","2"
"安侯董贤父子","1","1","2"
"帝舅大司马票","2","0","2"
"舅大司马票骑","2","0","2"
"骑将军丁明素","1","1","2"
"史大夫孔光举","1","1","2"
"射声校尉王邯","1","1","2"
"声校尉王邯等","1","1","2"
"陛下深思先帝","1","1","2"
"母称太皇太后","2","0","2"
"上祖母傅太后","1","1","2"
"侯董宏上书言","2","0","2"
"立定陶共王后","1","1","2"
"追尊定陶共王","1","1","2"
"黄门郎段犹等","1","1","2"
"共皇立庙京师","2","0","2"
"孝成皇帝圣恩","1","1","2"
"成皇帝圣恩深","1","1","2"
"皇帝圣恩深远","1","1","2"
"宗庙天地社稷","1","1","2"
"事中博士申咸","1","1","2"
"上大司空高乐","1","1","2"
"大司空高乐侯","1","1","2"
"尚书令唐林上","1","1","2"
"太后皇太太后","2","0","2"
"王莽白太皇太","2","0","2"
"皇太后诏大司","2","0","2"
"阴阳清浊穆羽","1","1","2"
"阳清浊穆羽相","1","1","2"
"贤人君子诗赋","1","1","2"
"天元推一昼一","1","1","2"
"元推一昼一夜","1","1","2"
"推一昼一夜阴","1","1","2"
"一昼一夜阴阳","1","1","2"
"昼一夜阴阳数","1","1","2"
"一夜阴阳数度","1","1","2"
"夜阴阳数度律","1","1","2"
"阴阳数度律历","1","1","2"
"置弟子五十人","1","1","2"
"补郡太守卒史","1","1","2"
"补中二千石属","1","1","2"
"文学掌故补郡","1","1","2"
"学掌故补郡属","1","1","2"
"天子太学弟子","1","1","2"
"岁课甲科四十","1","1","2"
"课甲科四十人","1","1","2"
"丙科四十人补","1","1","2"
"科四十人补文","1","1","2"
"四十人补文学","1","1","2"
"十人补文学掌","1","1","2"
"人补文学掌故","1","1","2"
"鲁商瞿子木受","1","1","2"
"东武孙虞子乘","1","1","2"
"琅邪邴丹曼容","1","1","2"
"家候阴阳灾变","1","1","2"
"候阴阳灾变书","1","1","2"
"同郡白光少子","1","1","2"
"霍氏外孙代郡","1","1","2"
"氏外孙代郡太","1","1","2"
"外孙代郡太守","1","1","2"
"孙代郡太守任","1","1","2"
"代郡太守任宣","1","1","2"
"五鹿充宗君孟","1","1","2"
"东郡太守翟谊","1","1","2"
"郡太守翟谊谋","1","1","2"
"少府官属共送","1","1","2"
"九江朱普公文","1","1","2"
"长安许商长伯","1","1","2"
"门人沛唐林子","1","1","2"
"人沛唐林子高","1","1","2"
"平陵吴章伟君","1","1","2"
"重泉王吉少音","1","1","2"
"关内侯郑宽中","1","1","2"
"清河胡常少子","1","1","2"
"河南桑钦君长","1","1","2"
"侍御史周敞劝","1","1","2"
"邹人阙门庆忌","1","1","2"
"张长安幼君先","1","1","2"
"长安幼君先事","1","1","2"
"门人琅邪王扶","1","1","2"
"徐氏弟子公户","1","1","2"
"氏弟子公户满","1","1","2"
"弟子公户满意","1","1","2"
"沛闻人通汉子","1","1","2"
"闻人通汉子方","1","1","2"
"授同郡公孙文","1","1","2"
"颜安乐字公孙","1","1","2"
"授淮阳泠丰次","1","1","2"
"淮阳泠丰次君","1","1","2"
"丞相公孙弘本","1","1","2"
"沛蔡千秋少君","1","1","2"
"汝南尹更始翁","1","1","2"
"南尹更始翁君","1","1","2"
"尹更始翁君本","1","1","2"
"故谏大夫通达","1","1","2"
"谏大夫通达待","1","1","2"
"大夫通达待诏","1","1","2"
"名儒太子太傅","1","1","2"
"儒太子太傅萧","1","1","2"
"授楚申章昌曼","1","1","2"
"楚申章昌曼君","1","1","2"
"传子咸翟方进","2","0","2"
"马票骑将军王","2","0","2"
"授梁萧秉君房","1","1","2"
"太中大夫刘公","1","1","2"
"中大夫刘公子","1","1","2"
"授清河张禹长","1","1","2"
"清河张禹长子","1","1","2"
"黎阳贾护季君","1","1","2"
"苍梧陈钦子佚","1","1","2"
"江都相董仲舒","1","1","2"
"左冯翊宋畸举","1","1","2"
"郎中张安等十","1","1","2"
"中张安等十人","1","1","2"
"张安等十人侍","1","1","2"
"守胜屠公争权","1","1","2"
"事太尉周亚夫","1","1","2"
"太后外孙脩成","1","1","2"
"光禄大夫范昆","1","1","2"
"城父令公孙勇","1","1","2"
"选拔尹翁归等","1","1","2"
"茂陵富人焦氏","1","1","2"
"大将军霍光废","1","1","2"
"劾大司农田延","1","1","2"
"疑少府梁丘贺","1","1","2"
"延年兄弟五人","1","1","2"
"红阳长仲兄弟","1","1","2"
"国君分庭抗礼","1","1","2"
"五侯兄弟争名","1","1","2"
"槐里大贼赵朋","2","0","2"
"元平元年赦令","1","1","2"
"强弩将军孙建","1","1","2"
"侍中中郎将张","1","1","2"
"中中郎将张彭","1","1","2"
"中郎将张彭祖","1","1","2"
"佩二千石印绶","2","0","2"
"太中大夫张猛","1","1","2"
"中书仆射牢梁","1","1","2"
"府五鹿充宗结","1","1","2"
"将军冯奉世父","1","1","2"
"军冯奉世父子","1","1","2"
"兄大鸿胪野王","1","1","2"
"节士琅邪贡禹","1","1","2"
"御史中丞伊嘉","1","1","2"
"大将军王凤病","1","1","2"
"迁水衡都尉侍","1","1","2"
"水衡都尉侍中","1","1","2"
"前将作大匠解","1","1","2"
"新都侯王莽心","1","1","2"
"红阳侯立就国","2","0","2"
"校秘书郎杨闳","1","1","2"
"弟侍中奉车都","1","1","2"
"父左曹屯骑校","1","1","2"
"左曹屯骑校尉","1","1","2"
"栩丹诸侯王后","1","1","2"
"贤弟驸马都尉","1","1","2"
"王闳兄弟侍中","1","1","2"
"太皇太后召大","1","1","2"
"皇太后召大司","1","1","2"
"太后召大司马","1","1","2"
"新都侯莽前大","2","0","2"
"都侯莽前大司","2","0","2"
"侯莽前大司马","2","0","2"
"奈何人邻国爱","2","0","2"
"何人邻国爱一","2","0","2"
"左右骨都侯辅","1","1","2"
"女翁主单阏氏","2","0","2"
"令大谒者张泽","1","1","2"
"匈奴右贤王入","1","1","2"
"天所立匈奴大","1","1","2"
"所立匈奴大单","1","1","2"
"后义卢侯难支","1","1","2"
"所遗物言语云","2","0","2"
"遗物言语云云","2","0","2"
"月所置匈奴大","1","1","2"
"所置匈奴大单","1","1","2"
"使使遗匈奴书","2","0","2"
"马邑人聂翁壹","1","1","2"
"前将军翕侯赵","1","1","2"
"将军翕侯赵信","1","1","2"
"汉使票骑将军","2","0","2"
"丞相长史任敞","1","1","2"
"受降城四百里","1","1","2"
"速邪乌燕然山","1","1","2"
"遣使者报送使","2","0","2"
"副光禄大夫王","1","1","2"
"光禄大夫王忠","1","1","2"
"匈奴见瓯脱王","1","1","2"
"属国千长义渠","1","1","2"
"国千长义渠王","1","1","2"
"万骑南旁塞猎","2","0","2"
"问护军都尉赵","1","1","2"
"护军都尉赵充","1","1","2"
"军都尉赵充国","1","1","2"
"将军塞千二百","2","0","2"
"军塞千二百余","2","0","2"
"塞千二百余里","2","0","2"
"御史属公孙益","1","1","2"
"史属公孙益寿","1","1","2"
"橐驼七十余万","2","0","2"
"虚闾权渠单立","2","0","2"
"大将军军监治","1","1","2"
"将军军监治众","1","1","2"
"军军监治众等","1","1","2"
"军监治众等四","1","1","2"
"监治众等四人","1","1","2"
"言兵鹿奚卢侯","1","1","2"
"题王都犁胡次","1","1","2"
"王都犁胡次等","1","1","2"
"郝宿王刑未央","1","1","2"
"左大渠都隆奇","2","0","2"
"立右贤王屠耆","1","1","2"
"右贤王屠耆堂","1","1","2"
"握衍朐鞮单立","2","0","2"
"弟伊酋若王胜","1","1","2"
"贵人刑未央等","1","1","2"
"长子都涂吾西","1","1","2"
"弟右谷蠡王等","1","1","2"
"子右谷蠡王姑","1","1","2"
"右谷蠡王姑瞀","1","1","2"
"谷蠡王姑瞀楼","1","1","2"
"蠡王姑瞀楼头","1","1","2"
"左贤王呼屠吾","1","1","2"
"贤王呼屠吾斯","1","1","2"
"郅支骨都侯单","1","1","2"
"汉遣车骑都尉","2","0","2"
"遣车骑都尉韩","2","0","2"
"见小昆弥乌就","1","1","2"
"乌就屠见呼韩","1","1","2"
"就屠见呼韩邪","1","1","2"
"子王墙字昭君","1","1","2"
"王墙字昭君赐","1","1","2"
"复株累若鞮单","2","0","2"
"王醯谐屠奴侯","1","1","2"
"右皋林王伊邪","1","1","2"
"皋林王伊邪莫","1","1","2"
"林王伊邪莫演","1","1","2"
"王伊邪莫演等","1","1","2"
"光禄大夫谷永","1","1","2"
"遣中郎将王舜","1","1","2"
"子左祝都韩王","1","1","2"
"左祝都韩王朐","1","1","2"
"祝都韩王朐留","1","1","2"
"都韩王朐留斯","1","1","2"
"韩王朐留斯侯","1","1","2"
"王朐留斯侯入","1","1","2"
"涂仇掸王乌夷","1","1","2"
"子右股奴王乌","1","1","2"
"中郎将夏侯藩","1","1","2"
"匈奴斗入汉地","2","0","2"
"仇掸王稽留昆","1","1","2"
"掸王稽留昆入","1","1","2"
"中郎将丁野林","1","1","2"
"副校尉公乘音","1","1","2"
"上林苑蒲陶宫","1","1","2"
"太皇太后称制","2","0","2"
"遣王昭君女须","2","0","2"
"王昭君女须卜","2","0","2"
"昭君女须卜居","2","0","2"
"君女须卜居次","2","0","2"
"须卜居次云入","1","1","2"
"西域车师后王","2","0","2"
"怨恨都护校尉","1","1","2"
"遣使上书言状","2","0","2"
"侍中谒者帛敞","1","1","2"
"长水校尉王歙","1","1","2"
"王萌待西域恶","2","0","2"
"萌待西域恶都","2","0","2"
"待西域恶都奴","2","0","2"
"西域恶都奴界","2","0","2"
"域恶都奴界上","2","0","2"
"会西域诸国王","2","0","2"
"故名囊知牙斯","2","0","2"
"遣五威将王骏","2","0","2"
"渠蒲呼卢訾等","1","1","2"
"蒲呼卢訾等十","1","1","2"
"举国亡降匈奴","2","0","2"
"匈奴南犁汗王","1","1","2"
"奴南犁汗王南","1","1","2"
"南犁汗王南将","1","1","2"
"犁汗王南将军","1","1","2"
"南将军二千骑","2","0","2"
"良等尽胁略戊","2","0","2"
"等尽胁略戊己","2","0","2"
"尽胁略戊己校","2","0","2"
"略戊己校尉吏","2","0","2"
"戊己校尉吏士","2","0","2"
"己校尉吏士男","2","0","2"
"校尉吏士男女","2","0","2"
"尉吏士男女二","2","0","2"
"吏士男女二千","2","0","2"
"士男女二千余","2","0","2"
"男女二千余人","2","0","2"
"女二千余人入","2","0","2"
"二千余人入匈","2","0","2"
"千余人入匈奴","2","0","2"
"南将军右伊秩","1","1","2"
"将军右伊秩訾","1","1","2"
"右伊秩訾王呼","1","1","2"
"伊秩訾王呼卢","1","1","2"
"秩訾王呼卢訾","1","1","2"
"大臣右骨都侯","1","1","2"
"臣右骨都侯须","1","1","2"
"弟骑都尉展德","1","1","2"
"骑都尉展德侯","1","1","2"
"单尽收四人手","2","0","2"
"尽收四人手杀","2","0","2"
"芝音妻子下二","2","0","2"
"音妻子下二十","2","0","2"
"妻子下二十七","2","0","2"
"子下二十七人","2","0","2"
"厨唯姑夕王富","1","1","2"
"唯姑夕王富等","1","1","2"
"姑夕王富等四","1","1","2"
"夕王富等四十","1","1","2"
"王富等四十人","1","1","2"
"中郎将归德侯","1","1","2"
"郎将归德侯飒","1","1","2"
"大司马护军陈","1","1","2"
"司马护军陈遵","1","1","2"
"水衡都尉吕辟","1","1","2"
"衡都尉吕辟胡","1","1","2"
"鸿胪田广明等","1","1","2"
"遣太中大夫蜀","1","1","2"
"大将军王凤曰","2","0","2"
"荐金城司马陈","1","1","2"
"金城司马陈立","1","1","2"
"更遣宁始将军","2","0","2"
"遣宁始将军廉","2","0","2"
"始将军廉丹庸","2","0","2"
"将军廉丹庸部","2","0","2"
"军廉丹庸部牧","2","0","2"
"廉丹庸部牧史","2","0","2"
"丹庸部牧史熊","2","0","2"
"老夫臣佗昧死","1","1","2"
"上书皇帝陛下","1","1","2"
"闽粤王郢兴兵","1","1","2"
"谏大夫终军等","1","1","2"
"勇士魏臣等辅","1","1","2"
"丞相吕嘉银印","1","1","2"
"主爵都尉杨仆","1","1","2"
"齐兵七千人先","1","1","2"
"杀朝鲜王右渠","1","1","2"
"阳关三百余里","1","1","2"
"道西逾葱岭大","2","0","2"
"西使者郑吉迎","1","1","2"
"阳关二千七百","1","1","2"
"关二千七百三","1","1","2"
"七百三十八里","1","1","2"
"东蒲类王兹力","1","1","2"
"蒲类王兹力支","1","1","2"
"都护分车师后","1","1","2"
"护分车师后王","1","1","2"
"分车师后王西","1","1","2"
"长安六千三百","1","1","2"
"安六千三百里","1","1","2"
"长安六千一百","1","1","2"
"安六千一百里","1","1","2"
"都护治所千七","2","0","2"
"护治所千七百","2","0","2"
"千七百八十五","1","1","2"
"七百八十五里","1","1","2"
"三百六十五里","1","1","2"
"轻骑七百人先","1","1","2"
"遣一子质匈奴","2","0","2"
"时汉军正任文","1","1","2"
"口千六百一十","2","0","2"
"治所二千二百","2","0","2"
"长安七千二百","2","0","2"
"七千二百一十","1","1","2"
"五百五十八里","1","1","2"
"口三千三百六","1","1","2"
"护治所二千七","2","0","2"
"治所二千七百","2","0","2"
"千七百二十三","1","1","2"
"七百二十三里","1","1","2"
"弥四百六十里","1","1","2"
"千八百五十八","1","1","2"
"八百五十八里","1","1","2"
"长安九千二百","1","1","2"
"安九千二百八","1","1","2"
"千二百八十里","1","1","2"
"户三千三百四","1","1","2"
"三千三百四十","1","1","2"
"三千五百四十","1","1","2"
"三千五百五十","1","1","2"
"千五百五十三","1","1","2"
"五百五十三里","1","1","2"
"阗三百九十里","1","1","2"
"口二千一百七","1","1","2"
"二千一百七十","1","1","2"
"三千八百五十","1","1","2"
"千八百五十二","1","1","2"
"八百五十二里","1","1","2"
"三千九百四十","1","1","2"
"千九百四十七","1","1","2"
"九百四十七里","1","1","2"
"北都护治所四","2","0","2"
"四千二百九十","1","1","2"
"二百九十二里","1","1","2"
"千四百五十里","1","1","2"
"莎车三百八十","1","1","2"
"车三百八十里","1","1","2"
"口二千七百三","1","1","2"
"千七百三十三","1","1","2"
"四千八百九十","1","1","2"
"千八百九十二","1","1","2"
"八百九十二里","1","1","2"
"阳关五千八百","1","1","2"
"关五千八百八","1","1","2"
"八百八十八里","1","1","2"
"护治所五千二","1","1","2"
"北都护治所五","2","0","2"
"千三百九十六","1","1","2"
"三百九十六里","1","1","2"
"疏勒五百五十","1","1","2"
"勒五百五十里","1","1","2"
"王治长安万一","2","0","2"
"治长安万一百","2","0","2"
"长安万一百五","2","0","2"
"安万一百五十","2","0","2"
"万一百五十里","2","0","2"
"户一百二十五","1","1","2"
"胜兵三百五十","2","0","2"
"兵三百五十人","2","0","2"
"千七百三十里","1","1","2"
"疏勒六百五十","1","1","2"
"勒六百五十里","1","1","2"
"千四百六十五","1","1","2"
"四百六十五里","1","1","2"
"千八百五十里","1","1","2"
"雷三百四十里","1","1","2"
"宾三百三十里","1","1","2"
"长安万二千二","2","0","2"
"安万二千二百","2","0","2"
"北都护治所六","2","0","2"
"国二千二百五","1","1","2"
"关都尉文忠送","1","1","2"
"容屈王子阴末","1","1","2"
"屈王子阴末赴","1","1","2"
"宾王阴末赴本","1","1","2"
"长安万一千六","2","0","2"
"安万一千六百","2","0","2"
"东都护治所四","2","0","2"
"四千七百四十","1","1","2"
"千七百四十里","1","1","2"
"千八百四十一","1","1","2"
"八百四十一里","1","1","2"
"阳关七千八百","1","1","2"
"三千七百四十","1","1","2"
"七百四十一里","1","1","2"
"阳关七千七百","1","1","2"
"关七千七百八","1","1","2"
"七千七百八十","1","1","2"
"千七百八十二","1","1","2"
"七百八十二里","1","1","2"
"都护五千九百","2","0","2"
"五千九百四十","1","1","2"
"千九百四十里","1","1","2"
"九百八十二里","1","1","2"
"五千九百六十","1","1","2"
"千九百六十二","1","1","2"
"九百六十二里","1","1","2"
"阳关八千二百","1","1","2"
"阳关九千二百","1","1","2"
"关九千二百八","1","1","2"
"二百八十三里","1","1","2"
"万二千三百里","1","1","2"
"都护五千七百","2","0","2"
"千七百七十六","1","1","2"
"七百七十六里","1","1","2"
"阳关八千二十","2","0","2"
"关八千二十五","2","0","2"
"八千二十五里","2","0","2"
"五千七百六十","1","1","2"
"千七百六十七","1","1","2"
"七百六十七里","1","1","2"
"五千二百六十","1","1","2"
"千二百六十六","1","1","2"
"二百六十六里","1","1","2"
"阳关七千五百","1","1","2"
"六千二百九十","1","1","2"
"千二百九十六","1","1","2"
"二百九十六里","1","1","2"
"阳关八千五百","1","1","2"
"关八千五百五","1","1","2"
"千五百五十五","1","1","2"
"五百五十五里","1","1","2"
"阳关八千三百","1","1","2"
"关八千三百五","1","1","2"
"三百五十五里","1","1","2"
"城千五百一十","2","0","2"
"千五百一十里","1","1","2"
"大月氏六百九","1","1","2"
"月氏六百九十","1","1","2"
"氏六百九十里","1","1","2"
"兵前后十余万","1","1","2"
"前后十余万人","1","1","2"
"长安九千八百","1","1","2"
"安九千八百六","1","1","2"
"千八百六十里","1","1","2"
"遣使者奚充国","1","1","2"
"使者奚充国送","1","1","2"
"者奚充国送万","1","1","2"
"奚充国送万年","1","1","2"
"便宜发诸国兵","2","0","2"
"千六百四十七","1","1","2"
"二千二百一十","1","1","2"
"莎车五百六十","1","1","2"
"车五百六十里","1","1","2"
"东都护治所千","2","0","2"
"都护治所千四","2","0","2"
"护治所千四百","2","0","2"
"千四百一十一","1","1","2"
"四百一十一里","1","1","2"
"三百一十四里","1","1","2"
"十八万八千八","1","1","2"
"八万八千八百","1","1","2"
"万八千八百人","1","1","2"
"千七百二十一","1","1","2"
"七百二十一里","1","1","2"
"康居蕃内地五","1","1","2"
"居蕃内地五千","1","1","2"
"蕃内地五千里","1","1","2"
"乌孙昆莫击破","1","1","2"
"孙昆莫击破大","1","1","2"
"昆莫击破大月","1","1","2"
"莫击破大月氏","1","1","2"
"远托异国兮乌","1","1","2"
"复尚楚主解忧","2","0","2"
"驼七十余万头","1","1","2"
"使长罗侯光禄","1","1","2"
"长罗侯光禄大","1","1","2"
"罗侯光禄大夫","1","1","2"
"骑将军长史张","1","1","2"
"将军长史张翁","1","1","2"
"军长史张翁留","1","1","2"
"父左大将乐代","1","1","2"
"昆弥乌就屠死","1","1","2"
"贵人姑莫匿等","1","1","2"
"人姑莫匿等三","1","1","2"
"姑莫匿等三人","1","1","2"
"时大昆弥雌栗","1","1","2"
"小昆弥末振将","1","1","2"
"中郎将段会宗","1","1","2"
"翕侯难栖杀末","2","0","2"
"侯难栖杀末振","2","0","2"
"难栖杀末振将","2","0","2"
"哀帝元寿二年","1","1","2"
"大昆弥伊秩靡","1","1","2"
"都护孙建袭杀","1","1","2"
"口二万四千五","1","1","2"
"二万四千五百","1","1","2"
"龟兹六百七十","1","1","2"
"兹六百七十里","1","1","2"
"姑墨王丞杀温","1","1","2"
"墨王丞杀温宿","1","1","2"
"安八千三百五","1","1","2"
"二千三百八十","1","1","2"
"千三百八十里","1","1","2"
"乌孙赤谷六百","1","1","2"
"孙赤谷六百一","1","1","2"
"赤谷六百一十","1","1","2"
"谷六百一十里","1","1","2"
"姑墨二百七十","1","1","2"
"墨二百七十里","1","1","2"
"户六千九百七","1","1","2"
"六千九百七十","1","1","2"
"口八万一千三","1","1","2"
"八万一千三百","1","1","2"
"万一千三百一","1","1","2"
"千三百一十七","1","1","2"
"所乌垒城三百","1","1","2"
"乌垒城三百五","1","1","2"
"垒城三百五十","1","1","2"
"城三百五十里","1","1","2"
"南三百三十里","1","1","2"
"搜粟都尉桑弘","1","1","2"
"粟都尉桑弘羊","1","1","2"
"征事臣昌分部","1","1","2"
"属国都尉成忠","1","1","2"
"封丞相车千秋","1","1","2"
"龟兹贵人姑翼","1","1","2"
"夫人号称公主","1","1","2"
"尉犁六百五十","1","1","2"
"犁六百五十里","1","1","2"
"七千二百九十","1","1","2"
"千二百九十里","1","1","2"
"口三万二千一","1","1","2"
"都护治所四百","1","1","2"
"护治所四百里","1","1","2"
"口二百三十一","1","1","2"
"八千六百八十","1","1","2"
"户二百二十七","1","1","2"
"户四百六十二","1","1","2"
"千八百三十里","1","1","2"
"千四百四十五","1","1","2"
"胜兵三百三十","2","0","2"
"三百三十一人","1","1","2"
"八千八百七十","1","1","2"
"胜兵四十五人","2","0","2"
"户三百二十五","1","1","2"
"七百九十九人","1","1","2"
"八千六百三十","1","1","2"
"三百三十四人","1","1","2"
"户三百三十二","1","1","2"
"千九百二十六","1","1","2"
"七百三十八人","1","1","2"
"长安八千二百","2","0","2"
"八千二百五十","1","1","2"
"千九百四十八","1","1","2"
"长安八千五百","1","1","2"
"安八千五百七","1","1","2"
"八千五百七十","1","1","2"
"千五百七十里","1","1","2"
"王治车师柳谷","1","1","2"
"口二百六十四","1","1","2"
"一百四十七里","1","1","2"
"长安七千一百","1","1","2"
"安七千一百七","1","1","2"
"千一百七十里","1","1","2"
"千八百六十五","1","1","2"
"八百六十五人","1","1","2"
"八百三十五里","1","1","2"
"八千九百五十","1","1","2"
"户五百九十五","1","1","2"
"口四千七百七","1","1","2"
"四千七百七十","1","1","2"
"千八百九十人","1","1","2"
"口三百三十三","1","1","2"
"车师后城长国","1","1","2"
"武帝天汉二年","1","1","2"
"田士千五百人","2","0","2"
"小金附国随汉","1","1","2"
"金附国随汉军","1","1","2"
"附国随汉军后","1","1","2"
"国随汉军后盗","1","1","2"
"车师太子军宿","1","1","2"
"戊己校尉徐普","1","1","2"
"匈奴南将军地","1","1","2"
"中郎将王昌等","1","1","2"
"辅国侯狐兰支","1","1","2"
"时戊己校尉刀","1","1","2"
"域都护李崇将","2","0","2"
"都护李崇将戊","2","0","2"
"护李崇将戊己","2","0","2"
"李崇将戊己校","2","0","2"
"崇将戊己校尉","2","0","2"
"将戊己校尉西","2","0","2"
"己校尉郭钦将","2","0","2"
"三百七十六人","1","1","2"
"河南成皋灵台","1","1","2"
"代王立十七年","1","1","2"
"使司赐皇后策","2","0","2"
"司赐皇后策曰","2","0","2"
"方士齐人少翁","1","1","2"
"卫太子史良娣","1","1","2"
"曾孙收养掖庭","2","0","2"
"史皇孙王夫人","1","1","2"
"太中大夫任宣","1","1","2"
"涿郡蠡吾平乡","1","1","2"
"太子舍人侯明","1","1","2"
"广望三老更始","1","1","2"
"上官桀谋反时","1","1","2"
"霍将军同心辅","1","1","2"
"内者令欧侯氏","1","1","2"
"外祖父昌成君","1","1","2"
"博陆宣成侯夫","1","1","2"
"陆宣成侯夫人","1","1","2"
"功赐爵关内侯","1","1","2"
"马车骑将军平","1","1","2"
"车骑将军平恩","1","1","2"
"骑将军平恩侯","1","1","2"
"马车骑将军辅","1","1","2"
"人先笑后号啕","1","1","2"
"刚侯夫人谒坐","2","0","2"
"侯夫人谒坐大","2","0","2"
"夫人谒坐大逆","2","0","2"
"太后姊子淳长","2","0","2"
"弟侍中驸马都","1","1","2"
"掖庭狱丞籍武","1","1","2"
"掖庭牛官令舍","1","1","2"
"封御史中丞印","2","0","2"
"元延二年五月","1","1","2"
"掖庭令吾丘遵","1","1","2"
"永光三年男子","1","1","2"
"光三年男子忠","1","1","2"
"三年男子忠等","1","1","2"
"年男子忠等发","1","1","2"
"鲁严公夫人杀","1","1","2"
"时议郎耿育上","1","1","2"
"议郎耿育上疏","1","1","2"
"高昌侯董宏希","2","0","2"
"昌侯董宏希指","2","0","2"
"追尊恭皇太后","1","1","2"
"阳安侯丁明同","1","1","2"
"令孝哀皇后退","1","1","2"
"征定陶王太子","2","0","2"
"莽迎中山王立","1","1","2"
"立宗室桃乡侯","1","1","2"
"中山孝王后深","1","1","2"
"故定陶傅太后","1","1","2"
"公太傅大司马","1","1","2"
"长乐少府夏侯","1","1","2"
"乐少府夏侯藩","1","1","2"
"行太常事太中","1","1","2"
"太常事太中大","1","1","2"
"常事太中大夫","1","1","2"
"事太中大夫刘","1","1","2"
"太中大夫刘歆","1","1","2"
"入未央宫前殿","1","1","2"
"立国将军成新","1","1","2"
"国将军成新公","1","1","2"
"将军成新公孙","1","1","2"
"军成新公孙建","1","1","2"
"魏郡元城委粟","1","1","2"
"郡元城委粟里","1","1","2"
"六百四十五年","1","1","2"
"问谏大夫杨兴","1","1","2"
"诸吏散骑安成","1","1","2"
"吏散骑安成侯","1","1","2"
"侍中水衡都尉","1","1","2"
"荐光禄大夫刘","1","1","2"
"前丞相乐昌侯","1","1","2"
"舅琅邪太守冯","1","1","2"
"太守冯野王先","1","1","2"
"守冯野王先帝","1","1","2"
"冯野王先帝时","1","1","2"
"尚书责问司隶","1","1","2"
"书责问司隶校","1","1","2"
"责问司隶校尉","1","1","2"
"光禄勋曲阳侯","1","1","2"
"太后诏莽就第","2","0","2"
"侍中太仆安阳","1","1","2"
"中太仆安阳侯","1","1","2"
"新都侯莽忧劳","2","0","2"
"都侯莽忧劳国","2","0","2"
"侯莽忧劳国家","2","0","2"
"莽三百五十户","1","1","2"
"丁姬皆称尊号","2","0","2"
"太后莽大司马","2","0","2"
"宗室安众侯刘","1","1","2"
"室安众侯刘崇","1","1","2"
"郡太守翟义等","1","1","2"
"太皇太后新室","2","0","2"
"皇太后新室文","2","0","2"
"后新室文母太","2","0","2"
"建国五年二月","1","1","2"
"国五年二月癸","1","1","2"
"五年二月癸丑","1","1","2"
"长乐少府戴崇","1","1","2"
"胡骑校尉箕闳","1","1","2"
"后将军朱子元","1","1","2"
"莽黄金五百斤","1","1","2"
"未央宫收取玺","1","1","2"
"央宫收取玺绶","1","1","2"
"大司马高安侯","1","1","2"
"司马高安侯董","1","1","2"
"马高安侯董贤","1","1","2"
"高安侯董贤年","1","1","2"
"将军公孙禄互","1","1","2"
"军公孙禄互相","1","1","2"
"车骑将军安阳","1","1","2"
"故定陵侯淳长","2","0","2"
"孝文皇帝褒赏","1","1","2"
"文皇帝褒赏绛","1","1","2"
"皇帝褒赏绛侯","1","1","2"
"赐黄金五千斤","1","1","2"
"甄邯等白太后","2","0","2"
"遣大司徒司直","1","1","2"
"大司徒司直陈","1","1","2"
"司徒司直陈崇","1","1","2"
"徒司直陈崇等","1","1","2"
"司直陈崇等八","1","1","2"
"掾史秩六百石","2","0","2"
"寿二年六月戊","1","1","2"
"二年六月戊午","1","1","2"
"始元年正月丙","1","1","2"
"元年正月丙辰","1","1","2"
"宰衡太傅大司","1","1","2"
"衡太傅大司马","1","1","2"
"蜀郡男子路建","1","1","2"
"郡男子路建等","1","1","2"
"四十八万七千","1","1","2"
"十八万七千五","1","1","2"
"八万七千五百","1","1","2"
"万七千五百七","1","1","2"
"七千五百七十","1","1","2"
"千五百七十二","1","1","2"
"侯张纯等九百","1","1","2"
"元始五年五月","1","1","2"
"始五年五月庚","1","1","2"
"五年五月庚寅","1","1","2"
"卫孝成皇帝十","1","1","2"
"孝成皇帝十六","1","1","2"
"成皇帝十六年","1","1","2"
"劾高昌侯董宏","1","1","2"
"陈崇等十二人","1","1","2"
"太皇太后圣明","1","1","2"
"泉陵侯刘庆上","1","1","2"
"陵侯刘庆上书","1","1","2"
"显等四十八人","1","1","2"
"前辉光谢嚣奏","1","1","2"
"孝平皇帝幼年","1","1","2"
"孝宣皇帝玄孙","1","1","2"
"宣皇帝玄孙二","1","1","2"
"皇帝玄孙二十","1","1","2"
"帝玄孙二十三","1","1","2"
"玄孙二十三人","1","1","2"
"令安汉公居摄","2","0","2"
"朝见太皇太后","1","1","2"
"居摄元年正月","1","1","2"
"置卫士三百人","1","1","2"
"立严乡侯刘信","1","1","2"
"遣谏大夫桓谭","1","1","2"
"谏大夫桓谭等","1","1","2"
"未央宫白虎殿","1","1","2"
"车骑将军千人","1","1","2"
"骑将军千人扈","1","1","2"
"将军千人扈云","1","1","2"
"广饶侯刘京上","1","1","2"
"饶侯刘京上书","1","1","2"
"齐郡临淄县昌","1","1","2"
"郡临淄县昌兴","1","1","2"
"临淄县昌兴亭","1","1","2"
"骑都尉崔发等","1","1","2"
"前孝哀皇帝建","1","1","2"
"孝哀皇帝建平","1","1","2"
"哀皇帝建平二","1","1","2"
"皇帝建平二年","1","1","2"
"帝建平二年六","1","1","2"
"建平二年六月","1","1","2"
"平二年六月甲","1","1","2"
"二年六月甲子","1","1","2"
"天帝行玺金匮","1","1","2"
"帝行玺金匮图","1","1","2"
"传予黄帝金策","1","1","2"
"予黄帝金策书","1","1","2"
"国元年正月朔","1","1","2"
"诸侯立太夫人","1","1","2"
"遣骑都尉嚣等","1","1","2"
"予皇始祖考虞","2","0","2"
"遣五威将王奇","1","1","2"
"五威将王奇等","1","1","2"
"威将王奇等十","1","1","2"
"将王奇等十二","1","1","2"
"王奇等十二人","1","1","2"
"高祖考王伯墓","1","1","2"
"祖考王伯墓门","1","1","2"
"中城四关将军","1","1","2"
"作五威中城将","1","1","2"
"作五威前关将","1","1","2"
"五威前关将军","1","1","2"
"作五威后关将","1","1","2"
"五威后关将军","1","1","2"
"作五威左关将","1","1","2"
"五威左关将军","1","1","2"
"作五威右关将","1","1","2"
"五威右关将军","1","1","2"
"遣谏大夫五十","1","1","2"
"谏大夫五十人","1","1","2"
"大夫五十人分","1","1","2"
"五威将帅七十","1","1","2"
"威将帅七十二","1","1","2"
"将帅七十二人","1","1","2"
"扶恩侯刘贵等","1","1","2"
"率礼侯刘嘉等","1","1","2"
"三十二人同宗","1","1","2"
"十二人同宗共","1","1","2"
"二人同宗共祖","1","1","2"
"遣立国将军孙","1","1","2"
"国将军孙建等","1","1","2"
"遣五威将军苗","1","1","2"
"虎贲将军王况","1","1","2"
"振武将军王嘉","1","1","2"
"平狄将军王萌","1","1","2"
"镇远将军李翁","1","1","2"
"诛貉将军阳俊","1","1","2"
"讨秽将军严尤","1","1","2"
"奋武将军王骏","1","1","2"
"定胡将军王晏","1","1","2"
"子侍中东通灵","1","1","2"
"侍中东通灵将","1","1","2"
"五司大夫隆威","1","1","2"
"司大夫隆威侯","1","1","2"
"弟右曹长水校","1","1","2"
"右曹长水校尉","1","1","2"
"曹长水校尉伐","1","1","2"
"长水校尉伐虏","1","1","2"
"水校尉伐虏侯","1","1","2"
"弟左关将军掌","1","1","2"
"左关将军掌威","1","1","2"
"关将军掌威侯","1","1","2"
"侍中骑都尉丁","1","1","2"
"中骑都尉丁隆","1","1","2"
"骑都尉丁隆等","1","1","2"
"宁始将军姚恂","1","1","2"
"始将军姚恂免","1","1","2"
"大司马甄邯死","1","1","2"
"宁始将军孔永","1","1","2"
"侍中大赘侯辅","1","1","2"
"四百九十七人","1","1","2"
"七百九十六人","1","1","2"
"侍中讲礼大夫","1","1","2"
"中讲礼大夫孔","1","1","2"
"讲礼大夫孔秉","1","1","2"
"礼大夫孔秉等","1","1","2"
"大尹田谭追击","1","1","2"
"天凤元年正月","1","1","2"
"北阙直城门屋","1","1","2"
"部监二十五人","1","1","2"
"陈钦等十八人","1","1","2"
"遣捕盗将军孔","1","1","2"
"捕盗将军孔仁","1","1","2"
"国将军孙建死","1","1","2"
"宁始将军戴参","1","1","2"
"南城将军廉丹","1","1","2"
"三年二月乙酉","1","1","2"
"大司空王邑上","1","1","2"
"东方三州一部","1","1","2"
"方三州一部二","1","1","2"
"三州一部二十","1","1","2"
"西方一州二部","1","1","2"
"方一州二部二","1","1","2"
"一州二部二十","1","1","2"
"州二部二十五","1","1","2"
"二部二十五郡","1","1","2"
"北方二州一部","1","1","2"
"游击都尉任萌","1","1","2"
"击都尉任萌等","1","1","2"
"成师友祭酒唐","1","1","2"
"师友祭酒唐林","1","1","2"
"谏议祭酒琅邪","1","1","2"
"纳言掌货大夫","1","1","2"
"大司马司允费","1","1","2"
"司马司允费兴","1","1","2"
"三万六千岁历","2","0","2"
"复位后大司马","1","1","2"
"位后大司马护","1","1","2"
"后大司马护军","1","1","2"
"大司马护军郭","1","1","2"
"司马护军郭兴","1","1","2"
"太傅牺叔士孙","1","1","2"
"傅牺叔士孙喜","1","1","2"
"匈奴右骨都侯","1","1","2"
"奴右骨都侯须","1","1","2"
"上大司马武建","1","1","2"
"大司马武建伯","1","1","2"
"翼平连率田况","2","0","2"
"地皇元年正月","1","1","2"
"皇元年正月乙","1","1","2"
"兆域大将军王","1","1","2"
"域大将军王匡","1","1","2"
"莽见四方盗贼","2","0","2"
"见四方盗贼多","2","0","2"
"置大司马五人","1","1","2"
"大将军二十五","1","1","2"
"将军二十五人","1","1","2"
"千二百五十人","1","1","2"
"司马三万七千","1","1","2"
"马三万七千五","1","1","2"
"三万七千五百","1","1","2"
"万七千五百人","1","1","2"
"候十一万二千","1","1","2"
"十一万二千五","1","1","2"
"二十二万五千","1","1","2"
"十二万五千人","1","1","2"
"千三百五十万","1","1","2"
"三百五十万人","1","1","2"
"西厢后阁更衣","2","0","2"
"厢后阁更衣中","2","0","2"
"后阁更衣中室","1","1","2"
"昭宁堂池东南","1","1","2"
"侍中常侍执法","1","1","2"
"中常侍执法杜","1","1","2"
"常侍执法杜林","1","1","2"
"侍执法杜林等","1","1","2"
"黄帝太初祖庙","1","1","2"
"陈胡王统祖穆","1","1","2"
"胡王统祖穆庙","1","1","2"
"齐敬王世祖昭","1","1","2"
"敬王世祖昭庙","1","1","2"
"济北愍王王祖","1","1","2"
"北愍王王祖穆","1","1","2"
"愍王王祖穆庙","1","1","2"
"太初祖庙东西","1","1","2"
"初祖庙东西南","1","1","2"
"祖庙东西南北","1","1","2"
"庙东西南北四","1","1","2"
"渭陵长寿园西","1","1","2"
"骑将军同说侯","1","1","2"
"遣太师牺仲景","1","1","2"
"更始将军护军","1","1","2"
"始将军护军王","1","1","2"
"将军护军王党","1","1","2"
"侍中掌牧大夫","1","1","2"
"中掌牧大夫李","1","1","2"
"女子迟昭平能","1","1","2"
"国师嘉信公颠","1","1","2"
"师嘉信公颠倒","1","1","2"
"大使五威司命","1","1","2"
"更始将军平均","1","1","2"
"始将军平均侯","1","1","2"
"遣司命大将军","1","1","2"
"司命大将军孔","1","1","2"
"命大将军孔仁","1","1","2"
"纳言大将军严","1","1","2"
"言大将军严尤","1","1","2"
"秩宗大将军陈","1","1","2"
"宗大将军陈茂","1","1","2"
"遣风俗大夫司","1","1","2"
"风俗大夫司国","1","1","2"
"俗大夫司国宪","1","1","2"
"大夫司国宪等","1","1","2"
"问太史令宗宣","1","1","2"
"赐宝货五千万","1","1","2"
"亟进所部州郡","2","0","2"
"进所部州郡兵","2","0","2"
"所部州郡兵凡","2","0","2"
"纳言将军严尤","1","1","2"
"秩宗将军陈茂","1","1","2"
"车骑将军王巡","1","1","2"
"左队大夫王吴","1","1","2"
"大司空隆新公","1","1","2"
"遣七公干士隗","1","1","2"
"七公干士隗嚣","1","1","2"
"公干士隗嚣等","1","1","2"
"干士隗嚣等七","1","1","2"
"士隗嚣等七十","1","1","2"
"隗嚣等七十二","1","1","2"
"嚣等七十二人","1","1","2"
"等七十二人分","1","1","2"
"明学男张邯称","1","1","2"
"道士西门君惠","1","1","2"
"右庚刻木校尉","1","1","2"
"前丙耀金都尉","1","1","2"
"称辅汉左将军","1","1","2"
"进攻右队大夫","1","1","2"
"攻右队大夫宋","1","1","2"
"右队大夫宋纲","1","1","2"
"丞相司直李松","1","1","2"
"遣偏将军韩臣","1","1","2"
"偏将军韩臣等","1","1","2"
"中常侍王参等","1","1","2"
"钟武侯刘圣聚","1","1","2"
"异姓诸侯王表","1","1","2"
"外戚恩泽侯表","1","1","2"
"韩彭英卢吴传","1","1","2"
"樊郦滕灌傅靳","1","1","2"
"郦滕灌傅靳周","1","1","2"
"滕灌傅靳周传","1","1","2"
"郦陆朱娄叔孙","1","1","2"
"陆朱娄叔孙传","1","1","2"
"淮南衡山济北","1","1","2"
"南衡山济北传","1","1","2"
"蒯伍江息夫传","1","1","2"
"万石卫直周张","1","1","2"
"石卫直周张传","1","1","2"
"张骞李广利传","1","1","2"
"严朱吾丘主父","1","1","2"
"朱吾丘主父徐","1","1","2"
"吾丘主父徐严","1","1","2"
"丘主父徐严终","1","1","2"
"主父徐严终王","1","1","2"
"杨胡朱梅云传","1","1","2"
"傅常郑甘陈段","1","1","2"
"常郑甘陈段传","1","1","2"
"王贡两龚鲍传","1","1","2"
"唐姬生长沙定","1","1","2"
"姬生长沙定王","1","1","2"
"王后脩生太子","1","1","2"
"太中大夫公孙","1","1","2"
"中大夫公孙敖","1","1","2"
"勃举太官献丞","1","1","2"
"举太官献丞陈","1","1","2"
"太官献丞陈汤","1","1","2"
"安世长子千秋","1","1","2"
"兵随度辽将军","1","1","2"
"随度辽将军范","1","1","2"
"军范明友击乌","1","1","2"
"范明友击乌桓","1","1","2"
"大宛皆合约杀","1","1","2"
"宛皆合约杀期","1","1","2"
"皆合约杀期门","1","1","2"
"合约杀期门车","1","1","2"
"约杀期门车令","1","1","2"
"兴减死罪一等","1","1","2"
"陈万年字幼公","1","1","2"
"甘延寿字君况","1","1","2"
"君子乐节礼乐","1","1","2"
"诸葛丰字少季","1","1","2"
"王皇后生孝成","1","1","2"
"皇后生孝成帝","1","1","2"
"傅昭仪生定陶","1","1","2"
"昭仪生定陶共","1","1","2"
"仪生定陶共王","1","1","2"
"冯昭仪生中山","1","1","2"
"昭仪生中山孝","1","1","2"
"仪生中山孝王","1","1","2"
"翟方进字子威","1","1","2"
"封傅太后同母","1","1","2"
"平陵士孙张仲","1","1","2"
"陵士孙张仲方","1","1","2"
"沛邓彭祖子夏","1","1","2"
"信都秦恭延君","1","1","2"
"陈留假仓子骄","1","1","2"
"梁人桥仁季卿","1","1","2"
"属国都尉郭忠","1","1","2"
"长安六千八百","1","1","2"
"安六千八百二","1","1","2"
"安八千八百二","1","1","2"
"八千八百二十","1","1","2"
"长安九千六百","1","1","2"
"安九千六百七","1","1","2"
"九千六百七十","1","1","2"
"长安九千五百","1","1","2"
"安九千五百五","1","1","2"
"九千五百五十","1","1","2"
"左右译长一人","2","0","2"
"安八千六百五","1","1","2"
"八千六百五十","1","1","2"
"千六百五十里","1","1","2"
"大昆弥治赤谷","1","1","2"
"昆弥治赤谷城","1","1","2"
"安八千九百里","1","1","2"
"左右大将二人","1","1","2"
"舍中大吏二人","1","1","2"
"长安七千四百","1","1","2"
"安七千四百八","1","1","2"
"七千四百八十","1","1","2"
"千四百八十里","1","1","2"
"东西南北部千","1","1","2"
"西南北部千长","1","1","2"
"龟兹五百八十","1","1","2"
"兹五百八十里","1","1","2"
"长安六千七百","1","1","2"
"安六千七百五","1","1","2"
"千七百五十里","1","1","2"
"都护治所千二","2","0","2"
"护治所千二百","2","0","2"
"千二百八十七","1","1","2"
"二百八十七里","1","1","2"
"王治番渠类谷","1","1","2"
"长安八千七百","1","1","2"
"安八千七百一","1","1","2"
"千七百一十里","1","1","2"
"王治天山西疏","1","1","2"
"治天山西疏榆","1","1","2"
"天山西疏榆谷","1","1","2"
"安八千三百六","1","1","2"
"三百八十七里","1","1","2"
"千四百八十七","1","1","2"
"四百八十七里","1","1","2"
"五百八十七里","1","1","2"
"尉犁二百四十","1","1","2"
"犁二百四十里","1","1","2"
"危须二百六十","1","1","2"
"须二百六十里","1","1","2"
"二百三十七里","1","1","2"
"骠骑将军安阳","1","1","2"
"大司徒就德侯","1","1","2"
"司徒就德侯平","1","1","2"
"徒就德侯平晏","1","1","2"
"步兵将军成都","1","1","2"
"兵将军成都侯","1","1","2"
"将军成都侯王","1","1","2"
"军成都侯王邑","1","1","2"
"卫将军广阳侯","1","1","2"
"将军广阳侯甄","1","1","2"
"军广阳侯甄丰","1","1","2"
"置大司马司允","1","1","2"
"千五百一十一","1","1","2"
"五百一十一人","1","1","2"
"宁始将军侯辅","1","1","2"
"始将军侯辅免","1","1","2"
"高惠高后孝文","1","1","2"
"惠高后孝文功","1","1","2"
"高后孝文功臣","1","1","2"
"后孝文功臣侯","1","1","2"
"孝文功臣侯表","1","1","2"
"景武昭宣元成","1","1","2"
"武昭宣元成哀","1","1","2"
"昭宣元成哀功","1","1","2"
"宣元成哀功臣","1","1","2"
"元成哀功臣侯","1","1","2"
"成哀功臣侯表","1","1","2"
"魏豹田儋韩信","1","1","2"
"豹田儋韩信传","1","1","2"
"公孙刘田杨王","1","1","2"
"孙刘田杨王蔡","1","1","2"
"刘田杨王蔡陈","1","1","2"
"田杨王蔡陈郑","1","1","2"
"杨王蔡陈郑传","1","1","2"
"赵充国辛庆忌","1","1","2"
"充国辛庆忌传","1","1","2"
"眭两夏侯京翼","1","1","2"
"两夏侯京翼李","1","1","2"
"夏侯京翼李传","1","1","2"
"赵尹韩张两王","1","1","2"
"尹韩张两王传","1","1","2"
"盖诸葛刘郑毋","1","1","2"
"诸葛刘郑毋将","1","1","2"
"葛刘郑毋将孙","1","1","2"
"刘郑毋将孙何","1","1","2"
"郑毋将孙何传","1","1","2"
"王商史丹傅喜","1","1","2"
"商史丹傅喜传","1","1","2"
"何武王嘉师丹","1","1","2"
"武王嘉师丹传","1","1","2"
"西南夷两越朝","1","1","2"
"南夷两越朝鲜","1","1","2"
"夷两越朝鲜传","1","1","2"
"典属国公孙昆","1","1","2"
"属国公孙昆邪","1","1","2"
"都尉六十三人","1","1","2"
"补廷尉文学卒","1","1","2"
"廷尉文学卒史","1","1","2"
"盖宽饶字次公","1","1","2"
"岁寒然后知松","1","1","2"
"师安昌侯张禹","1","1","2"
"子墨客卿问翰","1","1","2"
"墨客卿问翰林","1","1","2"
"客卿问翰林主","1","1","2"
"卿问翰林主人","1","1","2"
"二百四十三表","1","1","2"
"拟道德仁义礼","1","1","2"
"梁丘贺字长翁","1","1","2"
"十篇文言解说","1","1","2"
"篇文言解说上","1","1","2"
"文言解说上下","1","1","2"
"言解说上下经","1","1","2"
"张山拊字长宾","1","1","2"
"胡母生字子都","1","1","2"
"严彭祖字公子","1","1","2"
"天凤二年五月","1","1","2"
"送右厨唯姑夕","1","1","2"
"右厨唯姑夕王","1","1","2"
"就看不起这些","0","2","2"
"天下已经统一","0","2","2"
"发放养老粮时","0","2","2"
"而地方官吏又","0","2","2"
"能给百姓带来","0","2","2"
"成帝开始在长","0","2","2"
"帝开始在长安","0","2","2"
"前所犯的过失","0","2","2"
"说他坏话的人","0","2","2"
"交给法官审讯","0","2","2"
"鸟羽牦牛尾装","0","2","2"
"羽牦牛尾装饰","0","2","2"
"牦牛尾装饰的","0","2","2"
"牛尾装饰的旌","0","2","2"
"尾装饰的旌旗","0","2","2"
"万物生长茂盛","0","2","2"
"的人都为此感","0","2","2"
"人都为此感到","0","2","2"
"没有看见它的","0","2","2"
"应仔细加以考","0","2","2"
"有罪考虑减免","0","2","2"
"罪考虑减免刑","0","2","2"
"可考虑减免刑","0","2","2"
"有罪可以减免","0","2","2"
"罪可以减免刑","0","2","2"
"审理官司的人","0","2","2"
"囤积居奇的商","0","2","2"
"时观测判定时","0","2","2"
"观测判定时令","0","2","2"
"测判定时令时","0","2","2"
"从东向西逆行","0","2","2"
"示其分野之地","0","2","2"
"之地有战争发","0","2","2"
"发生在分野之","0","2","2"
"远方少数民族","0","2","2"
"自然之性是能","0","2","2"
"然之性是能向","0","2","2"
"所以错就错在","0","2","2"
"另一种说法认","0","2","2"
"为尊贵的地位","0","2","2"
"这裹土是潮湿","0","2","2"
"裹土是潮湿的","0","2","2"
"土是潮湿的泥","0","2","2"
"都治理得很好","0","2","2"
"没有违抗我的","0","2","2"
"到了它的好处","0","2","2"
"在什么地方?","0","2","2"
"表达出来就称","0","2","2"
"缺疑不写的地","0","2","2"
"疑不写的地方","0","2","2"
"为天下人带个","0","2","2"
"天下人带个头","0","2","2"
"趁机利用他们","0","2","2"
"机利用他们的","0","2","2"
"利用他们的疲","0","2","2"
"用他们的疲惫","0","2","2"
"认为这话很对","0","2","2"
"为他的话有道","0","2","2"
"他的话有道理","0","2","2"
"有位宾客劝张","0","2","2"
"位宾客劝张耳","0","2","2"
"趟王没有谋反","0","2","2"
"皇上答应了他","0","2","2"
"这是为什么?","0","2","2"
"让他做一名将","0","2","2"
"他做一名将领","0","2","2"
"胯下爬过去的","0","2","2"
"本该像是这样","0","2","2"
"该像是这样吗","0","2","2"
"像是这样吗?","0","2","2"
"是胜是败的情","0","2","2"
"胜是败的情况","0","2","2"
"是败的情况就","0","2","2"
"败的情况就难","0","2","2"
"的情况就难以","0","2","2"
"情况就难以预","0","2","2"
"况就难以预料","0","2","2"
"就难以预料了","0","2","2"
"采用什么计策","0","2","2"
"派范齐到陈稀","0","2","2"
"卖官爵的事犯","0","2","2"
"如果裹面没有","0","2","2"
"一天比一天更","0","2","2"
"他所率领的士","0","2","2"
"所率领的士卒","0","2","2"
"率领的士卒多","0","2","2"
"领的士卒多作","0","2","2"
"的士卒多作为","0","2","2"
"士卒多作为高","0","2","2"
"卒多作为高祖","0","2","2"
"多作为高祖的","0","2","2"
"作为高祖的开","0","2","2"
"为高祖的开路","0","2","2"
"高祖的开路先","0","2","2"
"祖的开路先锋","0","2","2"
"又跟随沛公在","0","2","2"
"送周勃代替樊","0","2","2"
"周勃代替樊啥","0","2","2"
"到其他地方去","0","2","2"
"让他们躲藏起","0","2","2"
"他们躲藏起来","0","2","2"
"徐公连连拜谢","0","2","2"
"听从了郦食其","0","2","2"
"从了郦食其的","0","2","2"
"为大逆不道之","0","2","2"
"便接受他们的","0","2","2"
"为是理所当然","0","2","2"
"得天地之道的","0","2","2"
"天地之道的真","0","2","2"
"地之道的真人","0","2","2"
"惜自己的生命","0","2","2"
"希望不要忽视","0","2","2"
"关系亲近的同","0","2","2"
"系亲近的同姓","0","2","2"
"亲近的同姓王","0","2","2"
"说关系疏远的","0","2","2"
"那么最好让他","0","2","2"
"么最好让他们","0","2","2"
"最好让他们像","0","2","2"
"分成若干小国","0","2","2"
"还苦于脚掌扭","0","2","2"
"苦于脚掌扭折","0","2","2"
"王的儿子是陛","0","2","2"
"的儿子是陛下","0","2","2"
"而献计的人却","0","2","2"
"献计的人却说","0","2","2"
"改变这种状况","0","2","2"
"就是这样的事","0","2","2"
"是这样的事啊","0","2","2"
"他们就甘愿做","0","2","2"
"皇上没有采纳","0","2","2"
"上没有采纳他","0","2","2"
"天下贤能的士","0","2","2"
"是把女儿嫁给","0","2","2"
"心中暗自高兴","0","2","2"
"陈涉在蕲县起","0","2","2"
"涉在蕲县起义","0","2","2"
"官吏以响应陈","0","2","2"
"吏以响应陈涉","0","2","2"
"深恐力不胜任","0","2","2"
"沛公的左司马","0","2","2"
"驻兵于彭城之","0","2","2"
"前齐王田建之","0","2","2"
"齐王田建之孙","0","2","2"
"王田建之孙田","0","2","2"
"田建之孙田安","0","2","2"
"增加百姓负担","0","2","2"
"左司马曹无伤","0","2","2"
"沛公想当关中","0","2","2"
"公想当关中王","0","2","2"
"是为了防备其","0","2","2"
"不如就此机会","0","2","2"
"将军同心协力","0","2","2"
"舞剑以助酒兴","0","2","2"
"尊怀王为义帝","0","2","2"
"魏王豹为西魏","0","2","2"
"王豹为西魏王","0","2","2"
"齐将田都为齐","0","2","2"
"将田都为齐王","0","2","2"
"赵王歇为代王","0","2","2"
"汉王烧毁栈道","0","2","2"
"齐王田市到胶","0","2","2"
"士卒一万余人","0","2","2"
"项羽因为张良","0","2","2"
"令郑昌为韩王","0","2","2"
"攻击常山王张","0","2","2"
"立陈余为代王","0","2","2"
"汉王和他谈话","0","2","2"
"使者遍告诸侯","0","2","2"
"封彭越为魏相","0","2","2"
"彭越为魏相国","0","2","2"
"领精兵三万人","0","2","2"
"因此汉王得以","0","2","2"
"项羽听说汉王","0","2","2"
"彭越渡过睢水","0","2","2"
"项羽已经打败","0","2","2"
"彭越本来平定","0","2","2"
"越本来平定了","0","2","2"
"本来平定了梁","0","2","2"
"来平定了梁地","0","2","2"
"原衡山王吴芮","0","2","2"
"汉王即皇帝位","0","2","2"
"七大夫以上的","0","2","2"
"爵级在七大夫","0","2","2"
"级在七大夫以","0","2","2"
"充分发挥他们","0","2","2"
"分发挥他们的","0","2","2"
"楚王韩信要谋","0","2","2"
"王韩信要谋反","0","2","2"
"的部将曼丘臣","0","2","2"
"手指的占十分","0","2","2"
"指的占十分之","0","2","2"
"的占十分之二","0","2","2"
"占十分之二三","0","2","2"
"是因为天下还","0","2","2"
"因为天下还未","0","2","2"
"建立太上皇庙","0","2","2"
"地的吏民是无","0","2","2"
"的吏民是无罪","0","2","2"
"吏民是无罪的","0","2","2"
"的都免除徭役","0","2","2"
"立赵佗为南粤","0","2","2"
"赵佗为南粤王","0","2","2"
"免除其他赋役","0","2","2"
"派辟阳侯审食","0","2","2"
"说有病不能前","0","2","2"
"六百石以上的","0","2","2"
"病情逐渐加重","0","2","2"
"陈平智谋有余","0","2","2"
"的一定是周勃","0","2","2"
"夏四月二十五","0","2","2"
"四月二十五日","0","2","2"
"四月二十八日","0","2","2"
"赏赐臣民爵位","0","2","2"
"赐臣民爵位一","0","2","2"
"官任职满六年","0","2","2"
"任职满六年的","0","2","2"
"五百石以下至","0","2","2"
"百石以下至佐","0","2","2"
"石以下至佐吏","0","2","2"
"百石以上以及","0","2","2"
"征发长安六百","0","2","2"
"男女民工十四","0","2","2"
"女民工十四万","0","2","2"
"嫁给匈奴单于","0","2","2"
"人到长安筑城","0","2","2"
"凌室发生火灾","0","2","2"
"汉高祖平定天","0","2","2"
"鲁元公主的女","0","2","2"
"元公主的女儿","0","2","2"
"主的女儿为皇","0","2","2"
"之子立为太子","0","2","2"
"将功劳簿藏于","0","2","2"
"功劳簿藏于高","0","2","2"
"匈奴入侵狄道","0","2","2"
"吕禄为上将军","0","2","2"
"都赐爵关内侯","0","2","2"
"琅王牙王刘泽","0","2","2"
"将军灌婴领兵","0","2","2"
"帝封子弟为王","0","2","2"
"丞相以下的官","0","2","2"
"相以下的官员","0","2","2"
"的皇位继承人","0","2","2"
"赏赐天下男子","0","2","2"
"帝元年冬十月","0","2","2"
"有崇高德行的","0","2","2"
"自己的儿子继","0","2","2"
"不是高皇帝的","0","2","2"
"上终于同意了","0","2","2"
"继承人的爵一","0","2","2"
"承人的爵一级","0","2","2"
"年在八十以上","0","2","2"
"直言敢谏的人","0","2","2"
"古代治理天下","0","2","2"
"所赖以生存的","0","2","2"
"皇上驾临甘泉","0","2","2"
"食邑各二千户","0","2","2"
"从事农业的人","0","2","2"
"阳侯张相如为","0","2","2"
"侯张相如为大","0","2","2"
"张相如为大将","0","2","2"
"相如为大将军","0","2","2"
"能直言极谏的","0","2","2"
"直言极谏的人","0","2","2"
"结为兄弟之国","0","2","2"
"不能善始善终","0","2","2"
"郎中令张武为","0","2","2"
"为天下的表率","0","2","2"
"氏为太皇太后","0","2","2"
"皇帝庙应为帝","0","2","2"
"帝庙应为帝家","0","2","2"
"庙应为帝家的","0","2","2"
"应为帝家的太","0","2","2"
"济南王刘辟光","0","2","2"
"的御史大夫晁","0","2","2"
"不忍绳之以法","0","2","2"
"赏赐民爵位一","0","2","2"
"夏四月二十一","0","2","2"
"继承人的爵位","0","2","2"
"承人的爵位一","0","2","2"
"人的爵位一级","0","2","2"
"主持追悼活动","0","2","2"
"西北天空出现","0","2","2"
"北天空出现彗","0","2","2"
"天空出现彗星","0","2","2"
"八月二十二日","0","2","2"
"是用以禁暴止","0","2","2"
"用以禁暴止邪","0","2","2"
"皇帝驾临雍地","0","2","2"
"侧屏障为红色","0","2","2"
"千石至六百石","0","2","2"
"匈奴入侵雁门","0","2","2"
"为父亲继承人","0","2","2"
"父亲继承人的","0","2","2"
"免除终身徭役","0","2","2"
"夏四月初九日","0","2","2"
"皇上着素服五","0","2","2"
"大夫韩安国为","0","2","2"
"夫韩安国为护","0","2","2"
"韩安国为护军","0","2","2"
"安国为护军将","0","2","2"
"国为护军将军","0","2","2"
"仆公孙贺为轻","0","2","2"
"公孙贺为轻车","0","2","2"
"孙贺为轻车将","0","2","2"
"贺为轻车将军","0","2","2"
"大行王恢为将","0","2","2"
"行王恢为将屯","0","2","2"
"王恢为将屯将","0","2","2"
"恢为将屯将军","0","2","2"
"中大夫李息为","0","2","2"
"大夫李息为材","0","2","2"
"夫李息为材官","0","2","2"
"李息为材官将","0","2","2"
"息为材官将军","0","2","2"
"骑将军公孙贺","0","2","2"
"匈奴多次侵犯","0","2","2"
"奴多次侵犯边","0","2","2"
"派将军韩安国","0","2","2"
"宣传朝廷德政","0","2","2"
"不能胜任其职","0","2","2"
"斩获敌首数千","0","2","2"
"获敌首数千级","0","2","2"
"军卫青率领六","0","2","2"
"卫青率领六名","0","2","2"
"青率领六名将","0","2","2"
"率领六名将军","0","2","2"
"领六名将军及","0","2","2"
"将军及士兵十","0","2","2"
"军及士兵十余","0","2","2"
"及士兵十余万","0","2","2"
"士兵十余万人","0","2","2"
"首一万九千级","0","2","2"
"蒙冤失其常业","0","2","2"
"春三月初八日","0","2","2"
"派骠骑将军霍","0","2","2"
"萧何曾孙萧庆","0","2","2"
"何曾孙萧庆为","0","2","2"
"匈奴入侵右北","0","2","2"
"奴入侵右北平","0","2","2"
"夏四月二十九","0","2","2"
"而失其常业的","0","2","2"
"嘉为周子南君","0","2","2"
"叛军已被打败","0","2","2"
"派横海将军韩","0","2","2"
"夏四月初七日","0","2","2"
"出现于东井星","0","2","2"
"现于东井星区","0","2","2"
"又有彗星出现","0","2","2"
"彗星出现在三","0","2","2"
"出现在三台星","0","2","2"
"将军以下都背","0","2","2"
"以其地为乐浪","0","2","2"
"光禄勋徐自为","0","2","2"
"击将军韩说领","0","2","2"
"派使者前来朝","0","2","2"
"使者前来朝献","0","2","2"
"各侯王在甘泉","0","2","2"
"侯王在甘泉宫","0","2","2"
"王在甘泉宫朝","0","2","2"
"将军李广利领","0","2","2"
"与贰师将军会","0","2","2"
"贰师将军会师","0","2","2"
"赦免天下罪人","0","2","2"
"鳏寡孤独每人","0","2","2"
"在交门宫祭祀","0","2","2"
"关闭长安城门","0","2","2"
"兵与丞相刘屈","0","2","2"
"领四万骑兵出","0","2","2"
"四万骑兵出酒","0","2","2"
"怀孕十四个月","0","2","2"
"大将军霍光主","0","2","2"
"将军霍光主持","0","2","2"
"骑将军金日石","0","2","2"
"将军金日石单","0","2","2"
"青州刺史隽不","0","2","2"
"州刺史隽不疑","0","2","2"
"上官桀为安阳","0","2","2"
"官桀为安阳侯","0","2","2"
"二千石以下及","0","2","2"
"赐中二千石以","0","2","2"
"苏武为典属国","0","2","2"
"内史因不如实","0","2","2"
"鸿胪田广明率","0","2","2"
"安父子与大将","0","2","2"
"父子与大将军","0","2","2"
"子与大将军霍","0","2","2"
"立燕王为天子","0","2","2"
"范明友为度辽","0","2","2"
"明友为度辽将","0","2","2"
"友为度辽将军","0","2","2"
"二月二十一日","0","2","2"
"明友为平陵侯","0","2","2"
"正殿发生火灾","0","2","2"
"派度辽将军范","0","2","2"
"摄政辅幼主的","0","2","2"
"大将军霍光一","0","2","2"
"光禄大夫丙吉","0","2","2"
"令中原郡国举","0","2","2"
"文学高第各一","0","2","2"
"学高第各一人","0","2","2"
"每百户赐牛肉","0","2","2"
"百户赐牛肉及","0","2","2"
"户赐牛肉及酒","0","2","2"
"继承祖宗大业","0","2","2"
"以匡正朕的不","0","2","2"
"辅佐孝昭皇帝","0","2","2"
"大将军霍光的","0","2","2"
"从丞相以下各","0","2","2"
"上下同心同德","0","2","2"
"令郡国推举孝","0","2","2"
"封外祖母为博","0","2","2"
"外祖母为博平","0","2","2"
"祖母为博平君","0","2","2"
"子藏匿犯罪的","0","2","2"
"父母匿犯罪的","0","2","2"
"访问民间疾苦","0","2","2"
"弘扬先帝的丰","0","2","2"
"扬先帝的丰功","0","2","2"
"二千石以下到","0","2","2"
"使朕感到满意","0","2","2"
"赏赐丞相以下","0","2","2"
"赐丞相以下至","0","2","2"
"高年赐帛若干","0","2","2"
"现令郡国受灾","0","2","2"
"免出今年租税","0","2","2"
"赏赐天下官吏","0","2","2"
"赐天下官吏爵","0","2","2"
"天下官吏爵二","0","2","2"
"下官吏爵二级","0","2","2"
"彭祖为阳都侯","0","2","2"
"派遣大中大夫","0","2","2"
"翁归之子黄金","0","2","2"
"归之子黄金百","0","2","2"
"以奉其父祭祀","0","2","2"
"恐不能副上天","0","2","2"
"女子百户牛酒","0","2","2"
"子百户牛酒若","0","2","2"
"太守辛武贤为","0","2","2"
"守辛武贤为破","0","2","2"
"辛武贤为破羌","0","2","2"
"武贤为破羌将","0","2","2"
"贤为破羌将军","0","2","2"
"朱邑之子黄金","0","2","2"
"甘露降集于京","0","2","2"
"露降集于京师","0","2","2"
"设置金城属国","0","2","2"
"匈奴单于派遣","0","2","2"
"是难以做到的","0","2","2"
"为父的继承人","0","2","2"
"父的继承人的","0","2","2"
"继承人的赏爵","0","2","2"
"承人的赏爵一","0","2","2"
"冯翊韩延寿有","0","2","2"
"翊韩延寿有罪","0","2","2"
"年春正月二十","0","2","2"
"太上皇庙发生","0","2","2"
"上皇庙发生火","0","2","2"
"皇庙发生火灾","0","2","2"
"赐女子每百户","0","2","2"
"赐鳏寡孤独高","0","2","2"
"位在各侯王之","0","2","2"
"呼韩邪单于稽","0","2","2"
"韩邪单于稽侯","0","2","2"
"皇帝登上渭桥","0","2","2"
"派长乐卫尉高","0","2","2"
"太傅萧望之等","0","2","2"
"废为平民迁于","0","2","2"
"为平民迁于房","0","2","2"
"平民迁于房陵","0","2","2"
"十二月初七日","0","2","2"
"尊皇太后为太","0","2","2"
"元年春正月初","0","2","2"
"春正月初四日","0","2","2"
"给种子与粮食","0","2","2"
"慰问耆老鳏寡","0","2","2"
"问耆老鳏寡孤","0","2","2"
"耆老鳏寡孤独","0","2","2"
"严重的免出租","0","2","2"
"重的免出租赋","0","2","2"
"马一匹至八匹","0","2","2"
"五十户赏牛酒","0","2","2"
"十户赏牛酒若","0","2","2"
"德不足以安定","0","2","2"
"日夜战战兢兢","0","2","2"
"以方便百姓的","0","2","2"
"可以逐条上奏","0","2","2"
"直言极谏之士","0","2","2"
"人人都自以为","0","2","2"
"赏赐臣民爵一","0","2","2"
"赐臣民爵一级","0","2","2"
"吏六百石以上","0","2","2"
"勤于政事的官","0","2","2"
"于政事的官吏","0","2","2"
"赏赐民爵一级","0","2","2"
"孝悌力田帛若","0","2","2"
"悌力田帛若干","0","2","2"
"百姓安居乐业","0","2","2"
"严肃思考上天","0","2","2"
"肃思考上天所","0","2","2"
"不是长久之计","0","2","2"
"十二月十六日","0","2","2"
"七月二十八日","0","2","2"
"恢复太上皇寝","0","2","2"
"奴郅支单于背","0","2","2"
"郅支单于背叛","0","2","2"
"支单于背叛礼","0","2","2"
"单于背叛礼义","0","2","2"
"帝庙发生火灾","0","2","2"
"恭王多才多艺","0","2","2"
"彗星出现在营","0","2","2"
"星出现在营室","0","2","2"
"出现在营室星","0","2","2"
"于未央宫殿中","0","2","2"
"赏赐孝悌力田","0","2","2"
"赐孝悌力田爵","0","2","2"
"孝悌力田爵二","0","2","2"
"悌力田爵二级","0","2","2"
"郡国举荐贤良","0","2","2"
"荐贤良方正能","0","2","2"
"履行自己的职","0","2","2"
"行自己的职责","0","2","2"
"行能直言的人","0","2","2"
"盗出武库兵器","0","2","2"
"努力从事农业","0","2","2"
"御史大夫于永","0","2","2"
"加赐鳏寡孤独","0","2","2"
"那将是何等困","0","2","2"
"将是何等困难","0","2","2"
"护为广汉太守","0","2","2"
"百姓疲劳不堪","0","2","2"
"骑将军王音去","0","2","2"
"赐爵为五大夫","0","2","2"
"侍中尉淳于长","0","2","2"
"百姓得以康宁","0","2","2"
"百姓失其常业","0","2","2"
"令有关机构恢","0","2","2"
"有关机构恢复","0","2","2"
"不要有所隐讳","0","2","2"
"将军王商去世","0","2","2"
"赏赐各有差别","0","2","2"
"太后诏令有关","0","2","2"
"恢复长安南北","0","2","2"
"孙刘景为定陶","0","2","2"
"绥和二年三月","0","2","2"
"太后为恭皇太","0","2","2"
"后为恭皇太后","0","2","2"
"丁姬为恭皇后","0","2","2"
"建平二年为太","0","2","2"
"平二年为太初","0","2","2"
"二年为太初元","0","2","2"
"为太初元将元","0","2","2"
"号称陈圣刘太","0","2","2"
"称陈圣刘太平","0","2","2"
"可以使国家长","0","2","2"
"百姓愁苦怨恨","0","2","2"
"都侯王莽为大","0","2","2"
"侯王莽为大司","0","2","2"
"太皇太后诏迎","0","2","2"
"皇太后诏迎中","0","2","2"
"太后诏迎中山","0","2","2"
"后诏迎中山王","0","2","2"
"天下重新开始","0","2","2"
"赏赐天下臣民","0","2","2"
"赐天下臣民爵","0","2","2"
"天下臣民爵一","0","2","2"
"下臣民爵一级","0","2","2"
"派少傅左将军","0","2","2"
"张敖玄孙张庆","0","2","2"
"敖玄孙张庆忌","0","2","2"
"巡视边防部队","0","2","2"
"安汉公王莽之","0","2","2"
"这是古代圣王","0","2","2"
"列侯一百二十","0","2","2"
"侯一百二十人","0","2","2"
"这是关系到国","0","2","2"
"是关系到国家","0","2","2"
"是不能更改的","0","2","2"
"刑法搁置不用","0","2","2"
"法搁置不用的","0","2","2"
"强大的诸侯国","0","2","2"
"不能参与政事","0","2","2"
"产生于黄钟的","0","2","2"
"生于黄钟的律","0","2","2"
"三的十一次方","0","2","2"
"中间数字是五","0","2","2"
"中间数字是六","0","2","2"
"颜色崇尚黄色","0","2","2"
"气极盛的地方","0","2","2"
"万物得以生长","0","2","2"
"所以放一个就","0","2","2"
"以放一个就得","0","2","2"
"用天地五位的","0","2","2"
"天地五位的最","0","2","2"
"地五位的最后","0","2","2"
"五位的最后一","0","2","2"
"位的最后一个","0","2","2"
"的最后一个数","0","2","2"
"五百三十九年","0","2","2"
"数的中间数字","0","2","2"
"一万九千六百","0","2","2"
"就可以看出来","0","2","2"
"是黄钟的长度","0","2","2"
"钟的长度平分","0","2","2"
"的长度平分成","0","2","2"
"长度平分成三","0","2","2"
"三再增加一份","0","2","2"
"平分为三减去","0","2","2"
"分为三减去其","0","2","2"
"为三减去其中","0","2","2"
"吕平分为三再","0","2","2"
"钟平分为三再","0","2","2"
"制作的方法是","0","2","2"
"作的方法是用","0","2","2"
"的方法是用铜","0","2","2"
"是阴阳的具体","0","2","2"
"本来起源于黄","0","2","2"
"来起源于黄钟","0","2","2"
"有一万一千五","0","2","2"
"斗柄所指的方","0","2","2"
"柄所指的方向","0","2","2"
"铢的两倍就是","0","2","2"
"共有三百八十","0","2","2"
"到石就是最重","0","2","2"
"石就是最重的","0","2","2"
"重一百二十斤","0","2","2"
"一千九百二十","0","2","2"
"是一万一千五","0","2","2"
"意义都是一样","0","2","2"
"依照人的情性","0","2","2"
"命南正重掌管","0","2","2"
"南正重掌管天","0","2","2"
"正重掌管天文","0","2","2"
"推算曰月星辰","0","2","2"
"算曰月星辰的","0","2","2"
"曰月星辰的运","0","2","2"
"月星辰的运行","0","2","2"
"的服饰的颜色","0","2","2"
"承袭了秦朝的","0","2","2"
"皇上于是就命","0","2","2"
"与天地相匹配","0","2","2"
"于是下诏命令","0","2","2"
"六百一十七年","0","2","2"
"十一月甲子初","0","2","2"
"研究历法的人","0","2","2"
"不正确的地方","0","2","2"
"张寿王的历法","0","2","2"
"穿儒生的衣服","0","2","2"
"过了三十六年","0","2","2"
"的中和之气而","0","2","2"
"共二百四十二","0","2","2"
"百四十二年的","0","2","2"
"气的中和之气","0","2","2"
"周朝王道衰微","0","2","2"
"闰月没有颁布","0","2","2"
"月没有颁布朔","0","2","2"
"记载春王正月","0","2","2"
"以九作为除数","0","2","2"
"即使没有事件","0","2","2"
"使没有事件也","0","2","2"
"没有事件也要","0","2","2"
"有事件也要记","0","2","2"
"有固定的对应","0","2","2"
"固定的对应关","0","2","2"
"定的对应关系","0","2","2"
"用三乘以闰法","0","2","2"
"再过七百二十","0","2","2"
"过七百二十年","0","2","2"
"用什么来治理","0","2","2"
"王正月辛亥是","0","2","2"
"正月辛亥是朔","0","2","2"
"月辛亥是朔日","0","2","2"
"在商朝是四月","0","2","2"
"在周朝是五月","0","2","2"
"五星运行都能","0","2","2"
"星运行都能俱","0","2","2"
"运行都能俱终","0","2","2"
"四万零五百三","0","2","2"
"一千七百一十","0","2","2"
"每天运行十一","0","2","2"
"天运行十一分","0","2","2"
"运行十一分二","0","2","2"
"行十一分二度","0","2","2"
"天一百八十二","0","2","2"
"一百八十二万","0","2","2"
"天运行不满十","0","2","2"
"是它通常的比","0","2","2"
"分一百四十五","0","2","2"
"一百四十五分","0","2","2"
"百四十五分之","0","2","2"
"四十五分之一","0","2","2"
"一天运行四十","0","2","2"
"天运行四十六","0","2","2"
"运行四十六分","0","2","2"
"行四十六分三","0","2","2"
"四十六分三十","0","2","2"
"十六分三十三","0","2","2"
"六分三十三度","0","2","2"
"度九十二分十","0","2","2"
"九十二分十五","0","2","2"
"十二分十五度","0","2","2"
"共出现二百四","0","2","2"
"出现二百四十","0","2","2"
"天一百零七分","0","2","2"
"天一百二十九","0","2","2"
"说一天运行一","0","2","2"
"运行十五分一","0","2","2"
"行十五分一度","0","2","2"
"一天运行不满","0","2","2"
"百零三万二千","0","2","2"
"零三万二千六","0","2","2"
"一天运行九十","0","2","2"
"天运行九十二","0","2","2"
"运行九十二分","0","2","2"
"行九十二分五","0","2","2"
"九十二分五十","0","2","2"
"十二分五十三","0","2","2"
"二分五十三度","0","2","2"
"经过二百七十","0","2","2"
"过二百七十六","0","2","2"
"二百七十六天","0","2","2"
"天一千五百六","0","2","2"
"一千五百六十","0","2","2"
"行星一百一十","0","2","2"
"一万八千零五","0","2","2"
"万八千零五分","0","2","2"
"一天运行二度","0","2","2"
"一天运行七分","0","2","2"
"天运行七分六","0","2","2"
"运行七分六度","0","2","2"
"百六十一万零","0","2","2"
"六十一万零一","0","2","2"
"十一万零一百","0","2","2"
"一万零一百二","0","2","2"
"万零一百二十","0","2","2"
"零一百二十八","0","2","2"
"十五天一亿二","0","2","2"
"五天一亿二千","0","2","2"
"就命名为小余","0","2","2"
"小余一千零一","0","2","2"
"余一千零一十","0","2","2"
"满统法得一度","0","2","2"
"分乘定现复数","0","2","2"
"把两个积相加","0","2","2"
"按照规则数除","0","2","2"
"照规则数除积","0","2","2"
"法乘它的小余","0","2","2"
"计算完后以外","0","2","2"
"算完后以外的","0","2","2"
"一百七十一年","0","2","2"
"帝那裹接受帝","0","2","2"
"继承天命而称","0","2","2"
"承天命而称王","0","2","2"
"供祭祀用的纯","0","2","2"
"祭祀用的纯色","0","2","2"
"祀用的纯色全","0","2","2"
"用的纯色全体","0","2","2"
"的纯色全体牲","0","2","2"
"纯色全体牲畜","0","2","2"
"共工氏称霸九","0","2","2"
"工氏称霸九州","0","2","2"
"不是他的位置","0","2","2"
"所以天下称为","0","2","2"
"周代变更了他","0","2","2"
"代变更了他的","0","2","2"
"变更了他的乐","0","2","2"
"一百一十三年","0","2","2"
"一百二十七年","0","2","2"
"带着箕子回来","0","2","2"
"二月乙亥是朔","0","2","2"
"六天后是乙未","0","2","2"
"在位四十六年","0","2","2"
"公在位五十年","0","2","2"
"上说他在位三","0","2","2"
"说他在位两年","0","2","2"
"上说他在位十","0","2","2"
"说他在位十一","0","2","2"
"他在位十一年","0","2","2"
"他在位二十七","0","2","2"
"说他在位十八","0","2","2"
"他在位十八年","0","2","2"
"位三十三年后","0","2","2"
"亥朔天明冬至","0","2","2"
"公在位十八年","0","2","2"
"寅朔日天明冬","0","2","2"
"月乙亥是朔日","0","2","2"
"这是掌管历法","0","2","2"
"是掌管历法的","0","2","2"
"管历法的人的","0","2","2"
"十八年距辛亥","0","2","2"
"八年距辛亥有","0","2","2"
"辛亥有一百一","0","2","2"
"亥有一百一十","0","2","2"
"有二万六千六","0","2","2"
"六千六百零六","0","2","2"
"千六百零六旬","0","2","2"
"在位三十一年","0","2","2"
"辛亥有一百三","0","2","2"
"亥有一百三十","0","2","2"
"巳朔天明冬至","0","2","2"
"在位十五年后","0","2","2"
"正月戊申朔日","0","2","2"
"说他在位三年","0","2","2"
"记载在位十六","0","2","2"
"载在位十六年","0","2","2"
"次序就混乱了","0","2","2"
"朝见皇帝的礼","0","2","2"
"见皇帝的礼仪","0","2","2"
"的现象就会逐","0","2","2"
"现象就会逐渐","0","2","2"
"安定国家治理","0","2","2"
"定国家治理百","0","2","2"
"国家治理百姓","0","2","2"
"没有比乐更好","0","2","2"
"有比乐更好的","0","2","2"
"等到周朝衰落","0","2","2"
"使之恢复正常","0","2","2"
"之恢复正常安","0","2","2"
"恢复正常安定","0","2","2"
"庸俗的官吏所","0","2","2"
"这不是上天所","0","2","2"
"有二十多年了","0","2","2"
"和衣服的颜色","0","2","2"
"没有一个人在","0","2","2"
"有一个人在监","0","2","2"
"一个人在监狱","0","2","2"
"从古代到现在","0","2","2"
"却没有建立万","0","2","2"
"有采纳他的话","0","2","2"
"足以感动人的","0","2","2"
"就是卿大夫的","0","2","2"
"在郊外祭祀天","0","2","2"
"郊外祭祀天地","0","2","2"
"用来感动天地","0","2","2"
"不能说出它的","0","2","2"
"能说出它的含","0","2","2"
"说出它的含义","0","2","2"
"庙裹演奏的是","0","2","2"
"表明音乐是有","0","2","2"
"李延年为协律","0","2","2"
"延年为协律都","0","2","2"
"年为协律都尉","0","2","2"
"在正月上辛曰","0","2","2"
"没有发生战争","0","2","2"
"永远享受幸福","0","2","2"
"各自在自己的","0","2","2"
"自在自己的位","0","2","2"
"在自己的位置","0","2","2"
"差不多就可以","0","2","2"
"丞相匡衡演奏","0","2","2"
"相匡衡演奏完","0","2","2"
"这样一种情况","0","2","2"
"有什么可以和","0","2","2"
"各少数民族都","0","2","2"
"少数民族都臣","0","2","2"
"数民族都臣服","0","2","2"
"芝草生长在甘","0","2","2"
"草生长在甘泉","0","2","2"
"得到了他们的","0","2","2"
"充满天地之间","0","2","2"
"皇上就把这件","0","2","2"
"上就把这件事","0","2","2"
"汉朝在秦朝灭","0","2","2"
"朝在秦朝灭绝","0","2","2"
"百姓到现在还","0","2","2"
"等到登上帝位","0","2","2"
"卫国的音乐兴","0","2","2"
"国的音乐兴盛","0","2","2"
"歌鼓手有二十","0","2","2"
"鼓手一百二十","0","2","2"
"手一百二十八","0","2","2"
"一百二十八人","0","2","2"
"乐鼓手十三人","0","2","2"
"合经上的法度","0","2","2"
"歌舞艺人的人","0","2","2"
"舞艺人的人有","0","2","2"
"秦国歌舞艺人","0","2","2"
"不能形成群体","0","2","2"
"战胜不了外物","0","2","2"
"稍轻一点的用","0","2","2"
"畿有千里见方","0","2","2"
"规定缴兵赋的","0","2","2"
"定缴兵赋的六","0","2","2"
"齐桓公任用管","0","2","2"
"桓公任用管仲","0","2","2"
"孔子对此感到","0","2","2"
"形成战国时期","0","2","2"
"是危害国家的","0","2","2"
"魏国武装的兵","0","2","2"
"国武装的兵士","0","2","2"
"秦国精锐的士","0","2","2"
"国精锐的士兵","0","2","2"
"晋文公的节制","0","2","2"
"文公的节制之","0","2","2"
"公的节制之兵","0","2","2"
"善于统率军队","0","2","2"
"于统率军队的","0","2","2"
"统率军队的人","0","2","2"
"率军队的人不","0","2","2"
"善于摆阵的人","0","2","2"
"于摆阵的人不","0","2","2"
"善于战斗的人","0","2","2"
"善于失败的人","0","2","2"
"于失败的人不","0","2","2"
"失败的人不会","0","2","2"
"败的人不会灭","0","2","2"
"的人不会灭亡","0","2","2"
"蛮夷扰乱华夏","0","2","2"
"使灭亡的国家","0","2","2"
"惩治承平守成","0","2","2"
"治承平守成的","0","2","2"
"承平守成的国","0","2","2"
"平守成的国家","0","2","2"
"守成的国家用","0","2","2"
"成的国家用中","0","2","2"
"刑的人让他去","0","2","2"
"刑的让他去守","0","2","2"
"刑处罚的条目","0","2","2"
"处罚的条目有","0","2","2"
"王道逐渐被破","0","2","2"
"道逐渐被破坏","0","2","2"
"用道德来诱导","0","2","2"
"道德来诱导他","0","2","2"
"德来诱导他们","0","2","2"
"用礼教来整顿","0","2","2"
"礼教来整顿他","0","2","2"
"教来整顿他们","0","2","2"
"人民不但有廉","0","2","2"
"民不但有廉耻","0","2","2"
"不但有廉耻之","0","2","2"
"但有廉耻之心","0","2","2"
"而且人心归服","0","2","2"
"用政令来诱导","0","2","2"
"政令来诱导他","0","2","2"
"令来诱导他们","0","2","2"
"用刑罚来整顿","0","2","2"
"刑罚来整顿他","0","2","2"
"罚来整顿他们","0","2","2"
"人民衹是暂时","0","2","2"
"民衹是暂时地","0","2","2"
"衹是暂时地免","0","2","2"
"是暂时地免于","0","2","2"
"暂时地免于罪","0","2","2"
"时地免于罪过","0","2","2"
"却没有廉耻之","0","2","2"
"百姓早就离心","0","2","2"
"姓早就离心离","0","2","2"
"早就离心离德","0","2","2"
"就离心离德了","0","2","2"
"衰落一直到了","0","2","2"
"到了秦始皇的","0","2","2"
"了秦始皇的时","0","2","2"
"秦始皇的时候","0","2","2"
"先代帝王的法","0","2","2"
"四方少数民族","0","2","2"
"少数民族没有","0","2","2"
"刚免除战争的","0","2","2"
"张释之任廷尉","0","2","2"
"是百姓的父母","0","2","2"
"人想改正行为","0","2","2"
"想改正行为去","0","2","2"
"改正行为去做","0","2","2"
"正行为去做善","0","2","2"
"行为去做善事","0","2","2"
"却没有道路可","0","2","2"
"朕很哀怜他们","0","2","2"
"改为城旦刑舂","0","2","2"
"为城旦刑舂刑","0","2","2"
"用竹板打三百","0","2","2"
"用竹板打五百","0","2","2"
"服鬼薪白粲刑","0","2","2"
"服城旦刑舂刑","0","2","2"
"民间的人力和","0","2","2"
"间的人力和物","0","2","2"
"的人力和物资","0","2","2"
"宣帝在民间时","0","2","2"
"反而遭到杀戮","0","2","2"
"于定国任廷尉","0","2","2"
"成帝河平年间","0","2","2"
"不知道它们的","0","2","2"
"朝建立的初期","0","2","2"
"父母妻子儿女","0","2","2"
"妻子儿女一同","0","2","2"
"感到很不可取","0","2","2"
"官司有疑问的","0","2","2"
"所属的二千石","0","2","2"
"所不能判决的","0","2","2"
"是国家的大事","0","2","2"
"年龄在八十岁","0","2","2"
"战胜邪恶不进","0","2","2"
"胜邪恶不进行","0","2","2"
"邪恶不进行杀","0","2","2"
"恶不进行杀戮","0","2","2"
"说英明的君王","0","2","2"
"教化没有建立","0","2","2"
"时代的法律罪","0","2","2"
"代的法律罪行","0","2","2"
"的法律罪行就","0","2","2"
"法律罪行就显","0","2","2"
"律罪行就显得","0","2","2"
"现在汉朝承继","0","2","2"
"合古代的制度","0","2","2"
"他们各自得到","0","2","2"
"国家安定人民","0","2","2"
"八岁进入小学","0","2","2"
"千辆车的国家","0","2","2"
"充分利用土地","0","2","2"
"一千三百五十","0","2","2"
"熟之年则买入","0","2","2"
"饥荒时就发放","0","2","2"
"还不足以满足","0","2","2"
"不足以满足他","0","2","2"
"足以满足他的","0","2","2"
"以满足他的欲","0","2","2"
"满足他的欲望","0","2","2"
"这是天下最大","0","2","2"
"公家和私人的","0","2","2"
"上百万的军队","0","2","2"
"不务农而食的","0","2","2"
"务农而食的人","0","2","2"
"自己所从事的","0","2","2"
"因饥饿而死的","0","2","2"
"饥饿而死的人","0","2","2"
"百姓有剩余的","0","2","2"
"人民致力于农","0","2","2"
"就可以得到并","0","2","2"
"他们追逐利益","0","2","2"
"此英明的君主","0","2","2"
"用来补充不足","0","2","2"
"是没有穷尽的","0","2","2"
"爵位和免除罪","0","2","2"
"位和免除罪罚","0","2","2"
"听从了晁错的","0","2","2"
"收取三十分之","0","2","2"
"三十分之一的","0","2","2"
"遭受水旱灾害","0","2","2"
"不过十分之一","0","2","2"
"贫困的人没有","0","2","2"
"当时大司农中","0","2","2"
"受到皇上的宠","0","2","2"
"依从他的建议","0","2","2"
"御史大夫的部","0","2","2"
"皇上没有听从","0","2","2"
"皇上听从了他","0","2","2"
"诸侯王庙的卫","0","2","2"
"王莽知道百姓","0","2","2"
"王莽派遣三公","0","2","2"
"辆车的国家一","0","2","2"
"车的国家一定","0","2","2"
"的国家一定有","0","2","2"
"户人口的邑一","0","2","2"
"人口的邑一定","0","2","2"
"周景王的时候","0","2","2"
"秦国兼并天下","0","2","2"
"罪积累到下面","0","2","2"
"实在为此感到","0","2","2"
"的可以增加俸","0","2","2"
"可以增加俸禄","0","2","2"
"有关官员请示","0","2","2"
"百姓可以买爵","0","2","2"
"姓可以买爵位","0","2","2"
"追究他们的党","0","2","2"
"究他们的党羽","0","2","2"
"浑邪王率领几","0","2","2"
"邪王率领几万","0","2","2"
"都依靠政府供","0","2","2"
"百姓更加困苦","0","2","2"
"侵占他人财产","0","2","2"
"占他人财产的","0","2","2"
"他人财产的人","0","2","2"
"骠骑将军大举","0","2","2"
"骑将军大举出","0","2","2"
"没有产业的贫","0","2","2"
"有产业的贫民","0","2","2"
"千贯钱收取一","0","2","2"
"贯钱收取一算","0","2","2"
"钱收取一算的","0","2","2"
"争相隐匿财产","0","2","2"
"财产来帮助政","0","2","2"
"产来帮助政府","0","2","2"
"赐给左庶长的","0","2","2"
"给左庶长的爵","0","2","2"
"水衡都尉主管","0","2","2"
"衡都尉主管上","0","2","2"
"都尉主管上林","0","2","2"
"赐给他关内侯","0","2","2"
"酎金份量不足","0","2","2"
"贬为太子太傅","0","2","2"
"天子认为有道","0","2","2"
"子认为有道理","0","2","2"
"答应了他的请","0","2","2"
"应了他的请求","0","2","2"
"受到处罚的人","0","2","2"
"赏赐都用布帛","0","2","2"
"赐都用布帛和","0","2","2"
"都用布帛和谷","0","2","2"
"用布帛和谷物","0","2","2"
"面的文字为小","0","2","2"
"另外一种直径","0","2","2"
"他们流放到四","0","2","2"
"们流放到四方","0","2","2"
"要交三个劳力","0","2","2"
"交三个劳力的","0","2","2"
"其中之一作为","0","2","2"
"王莽知道人民","0","2","2"
"知道这种情况","0","2","2"
"的官吏和狡猾","0","2","2"
"官吏和狡猾的","0","2","2"
"不能安定地生","0","2","2"
"能安定地生活","0","2","2"
"其正面右边的","0","2","2"
"正面右边的文","0","2","2"
"面右边的文字","0","2","2"
"右边的文字是","0","2","2"
"边的文字是货","0","2","2"
"左边的文字是","0","2","2"
"一枚价值是一","0","2","2"
"非议诋毁宝货","0","2","2"
"命令公卿以下","0","2","2"
"都要保养军马","0","2","2"
"此圣明的君王","0","2","2"
"会见四方诸侯","0","2","2"
"五年巡察一次","0","2","2"
"秦穆公立为王","0","2","2"
"氏在泰山祭天","0","2","2"
"帝在泰山祭天","0","2","2"
"间的一种有三","0","2","2"
"的一种有三脊","0","2","2"
"一种有三脊的","0","2","2"
"种有三脊的茅","0","2","2"
"听到这些议论","0","2","2"
"童男童女到海","0","2","2"
"男童女到海上","0","2","2"
"诸侯反叛秦朝","0","2","2"
"天子所在之地","0","2","2"
"神按节来享受","0","2","2"
"以十月为一年","0","2","2"
"为一年的开头","0","2","2"
"十月到达霸上","0","2","2"
"这是什么缘故","0","2","2"
"车马的饰物齐","0","2","2"
"鲁国人公孙臣","0","2","2"
"国人公孙臣上","0","2","2"
"得以见到武帝","0","2","2"
"把丹沙化为黄","0","2","2"
"丹沙化为黄金","0","2","2"
"尊贵的是泰一","0","2","2"
"于是天子命令","0","2","2"
"在谬忌的泰一","0","2","2"
"谬忌的泰一坛","0","2","2"
"于是就诛杀了","0","2","2"
"有很大的差别","0","2","2"
"太史令司马谈","0","2","2"
"是天地万物的","0","2","2"
"五帝是泰一的","0","2","2"
"帝是泰一的辅","0","2","2"
"是泰一的辅佐","0","2","2"
"辛巳初一冬至","0","2","2"
"黄帝成仙升天","0","2","2"
"祠官宽舒等人","0","2","2"
"向东巡视海上","0","2","2"
"星出现在东井","0","2","2"
"亲自到黄河决","0","2","2"
"自到黄河决口","0","2","2"
"到黄河决口处","0","2","2"
"皇上于是下诏","0","2","2"
"到河东祭祀后","0","2","2"
"河东祭祀后土","0","2","2"
"没有得到应证","0","2","2"
"用木偶马代替","0","2","2"
"皇上亲自去祭","0","2","2"
"到泰山修整封","0","2","2"
"死了也就停止","0","2","2"
"孝武庙为世宗","0","2","2"
"下韶大赦天下","0","2","2"
"说益州有金马","0","2","2"
"治差不多就能","0","2","2"
"事交给有关官","0","2","2"
"给有关官员讨","0","2","2"
"有关官员讨论","0","2","2"
"的建议是对的","0","2","2"
"后来隔了一年","0","2","2"
"重新到甘泉宫","0","2","2"
"到雍城祭祀五","0","2","2"
"雍城祭祀五峙","0","2","2"
"在甘泉宫接见","0","2","2"
"甘泉宫接见单","0","2","2"
"泉宫接见单于","0","2","2"
"宫接见单于的","0","2","2"
"接见单于的朝","0","2","2"
"见单于的朝见","0","2","2"
"继承上天的序","0","2","2"
"承上天的序位","0","2","2"
"不是英明的君","0","2","2"
"这是显而易见","0","2","2"
"等五十人认为","0","2","2"
"制定祭祀天地","0","2","2"
"定祭祀天地的","0","2","2"
"王所在的地方","0","2","2"
"从了他们的建","0","2","2"
"京师各官府的","0","2","2"
"以及雍城的五","0","2","2"
"及雍城的五峙","0","2","2"
"帝时来了二十","0","2","2"
"古今制度不同","0","2","2"
"后来的人相互","0","2","2"
"没有继嗣的缘","0","2","2"
"有继嗣的缘故","0","2","2"
"太后下诏给有","0","2","2"
"后下诏给有关","0","2","2"
"下诏给有关官","0","2","2"
"诏给有关官员","0","2","2"
"在汾阴建立后","0","2","2"
"汾阴建立后土","0","2","2"
"成都侯王商任","0","2","2"
"都侯王商任大","0","2","2"
"侯王商任大司","0","2","2"
"王商任大司马","0","2","2"
"商任大司马卫","0","2","2"
"马卫将军辅助","0","2","2"
"卫将军辅助政","0","2","2"
"将军辅助政事","0","2","2"
"有什么比这更","0","2","2"
"长安南北郊祭","0","2","2"
"后来过了几年","0","2","2"
"太后下韶给有","0","2","2"
"给有关官员道","0","2","2"
"恢复甘泉的泰","0","2","2"
"复甘泉的泰时","0","2","2"
"到以前的样子","0","2","2"
"大司马王莽上","0","2","2"
"司马王莽上奏","0","2","2"
"马王莽上奏说","0","2","2"
"像事奉父亲一","0","2","2"
"事奉父亲一样","0","2","2"
"奉父亲一样事","0","2","2"
"父亲一样事奉","0","2","2"
"亲一样事奉天","0","2","2"
"皇帝承受天命","0","2","2"
"而派有关官员","0","2","2"
"天地一同祭祀","0","2","2"
"地用一头祭牲","0","2","2"
"种变化的音乐","0","2","2"
"至时派有关官","0","2","2"
"时派有关官员","0","2","2"
"配享并望祭群","0","2","2"
"三星是天帝的","0","2","2"
"星是天帝的车","0","2","2"
"是天帝的车驾","0","2","2"
"宿并留守不去","0","2","2"
"火星留守在南","0","2","2"
"预示有战争发","0","2","2"
"宿的位置在朱","0","2","2"
"的位置在朱鸟","0","2","2"
"位置在朱鸟的","0","2","2"
"置在朱鸟的鸟","0","2","2"
"则预示有旱情","0","2","2"
"则分野之国有","0","2","2"
"分野之国有军","0","2","2"
"天区相对应的","0","2","2"
"区相对应的分","0","2","2"
"运行慢出现在","0","2","2"
"行慢出现在西","0","2","2"
"必有破国乱君","0","2","2"
"对其惩罚的征","0","2","2"
"其惩罚的征兆","0","2","2"
"惩罚的征兆显","0","2","2"
"罚的征兆显示","0","2","2"
"的征兆显示在","0","2","2"
"星区对应的分","0","2","2"
"区对应的分野","0","2","2"
"行快则兵乱聚","0","2","2"
"快则兵乱聚于","0","2","2"
"当南金星留在","0","2","2"
"南金星留在它","0","2","2"
"星留在它的南","0","2","2"
"留在它的南面","0","2","2"
"太阳正当北金","0","2","2"
"阳正当北金星","0","2","2"
"正当北金星留","0","2","2"
"当北金星留在","0","2","2"
"北金星留在它","0","2","2"
"星留在它的北","0","2","2"
"留在它的北面","0","2","2"
"此时金星运行","0","2","2"
"不当隐没而隐","0","2","2"
"当隐没而隐没","0","2","2"
"不当出现而出","0","2","2"
"当出现而出现","0","2","2"
"分野之国所对","0","2","2"
"是战争的象征","0","2","2"
"火星出现在金","0","2","2"
"星出现在金星","0","2","2"
"出现在金星之","0","2","2"
"是破军杀将的","0","2","2"
"破军杀将的征","0","2","2"
"军杀将的征兆","0","2","2"
"被侵方主管官","0","2","2"
"侵方主管官吏","0","2","2"
"方主管官吏死","0","2","2"
"主管官吏死亡","0","2","2"
"其下分野之国","0","2","2"
"东西方向离去","0","2","2"
"与水星会合为","0","2","2"
"星会合则为有","0","2","2"
"星与金星会合","0","2","2"
"与水星会合则","0","2","2"
"水星会合则预","0","2","2"
"金星会合则预","0","2","2"
"示有疾病发生","0","2","2"
"离开他的国家","0","2","2"
"示其发生之事","0","2","2"
"其发生之事大","0","2","2"
"则运行不到应","0","2","2"
"运行不到应到","0","2","2"
"行不到应到的","0","2","2"
"不到应到的宿","0","2","2"
"到应到的宿度","0","2","2"
"则运行过了应","0","2","2"
"运行过了应到","0","2","2"
"行过了应到的","0","2","2"
"过了应到的宿","0","2","2"
"了应到的宿度","0","2","2"
"逆行则要占卜","0","2","2"
"运行的状况不","0","2","2"
"宿的分野地是","0","2","2"
"疆域占验在水","0","2","2"
"域占验在水星","0","2","2"
"面观测它们的","0","2","2"
"观测它们的征","0","2","2"
"测它们的征候","0","2","2"
"北方少数民族","0","2","2"
"二月晨出东方","0","2","2"
"出现提早有旱","0","2","2"
"现提早有旱灾","0","2","2"
"出现过晚有水","0","2","2"
"现过晚有水灾","0","2","2"
"对应的一方不","0","2","2"
"应的一方不利","0","2","2"
"是金属之体有","0","2","2"
"金属之体有气","0","2","2"
"属之体有气散","0","2","2"
"之体有气散发","0","2","2"
"离天北极居中","0","2","2"
"离天北极远近","0","2","2"
"出现在黄道的","0","2","2"
"两道为运行在","0","2","2"
"君王治政过严","0","2","2"
"君王治政过宽","0","2","2"
"是君王治政过","0","2","2"
"中说月亮运行","0","2","2"
"月亮出现在房","0","2","2"
"亮出现在房宿","0","2","2"
"有云气在光环","0","2","2"
"云气在光环之","0","2","2"
"所在星区相应","0","2","2"
"在星区相应的","0","2","2"
"星区相应的分","0","2","2"
"区相应的分野","0","2","2"
"相应的分野地","0","2","2"
"十里显现其征","0","2","2"
"里显现其征兆","0","2","2"
"预示当年庄稼","0","2","2"
"一年十二个月","0","2","2"
"发生三十六次","0","2","2"
"君的情况发生","0","2","2"
"宿的分野之地","0","2","2"
"有星光几乎近","0","2","2"
"星光几乎近身","0","2","2"
"水星出现在四","0","2","2"
"现在四季的第","0","2","2"
"在四季的第一","0","2","2"
"四季的第一个","0","2","2"
"时项羽为楚王","0","2","2"
"傍晚出现在西","0","2","2"
"水星同出现在","0","2","2"
"星出现在西南","0","2","2"
"出现在西南方","0","2","2"
"楚元王的儿子","0","2","2"
"年五月壬午曰","0","2","2"
"占候星象的人","0","2","2"
"后来金星出现","0","2","2"
"后来金星进入","0","2","2"
"星进入太微垣","0","2","2"
"当有大臣被戮","0","2","2"
"星进入东井宿","0","2","2"
"将军上官安与","0","2","2"
"有流星出现在","0","2","2"
"宿出现于西方","0","2","2"
"大臣有被诛杀","0","2","2"
"臣有被诛杀的","0","2","2"
"现在楚国的彭","0","2","2"
"在楚国的彭城","0","2","2"
"彗尾指向东南","0","2","2"
"霍光的夫人显","0","2","2"
"时皇帝的舅舅","0","2","2"
"王凤做大将军","0","2","2"
"月亮遮掩土星","0","2","2"
"星在它的西北","0","2","2"
"十二月己卯曰","0","2","2"
"抢夺库中兵器","0","2","2"
"彗星出现在牵","0","2","2"
"星出现在牵牛","0","2","2"
"出现在牵牛宿","0","2","2"
"年六月甲子曰","0","2","2"
"分为一百二十","0","2","2"
"周朝战胜殷朝","0","2","2"
"朝战胜殷朝后","0","2","2"
"二叫羞用五事","0","2","2"
"向的儿子刘歆","0","2","2"
"可曲可直之性","0","2","2"
"鲁成公十六年","0","2","2"
"卿大夫的象征","0","2","2"
"还有一种说法","0","2","2"
"所以天帝降灾","0","2","2"
"皇宫的粮仓是","0","2","2"
"鲁桓公不醒悟","0","2","2"
"与夫人一起到","0","2","2"
"到他死的时候","0","2","2"
"成周洛阳的宣","0","2","2"
"周洛阳的宣榭","0","2","2"
"洛阳的宣榭着","0","2","2"
"阳的宣榭着火","0","2","2"
"先前宋公听信","0","2","2"
"有的配祭于心","0","2","2"
"的配祭于心星","0","2","2"
"有的配祭于味","0","2","2"
"的配祭于味星","0","2","2"
"如果国家动乱","0","2","2"
"陈国发生火灾","0","2","2"
"夏征舒杀了他","0","2","2"
"征舒杀了他的","0","2","2"
"五十二年然后","0","2","2"
"五这个数完成","0","2","2"
"这个数完成的","0","2","2"
"年而到鹑火星","0","2","2"
"后陈国终于灭","0","2","2"
"陈国终于灭亡","0","2","2"
"楚国灭了陈国","0","2","2"
"董仲舒认为这","0","2","2"
"刘向都认为这","0","2","2"
"季氏驱逐了鲁","0","2","2"
"氏驱逐了鲁昭","0","2","2"
"驱逐了鲁昭公","0","2","2"
"天帝的谴告似","0","2","2"
"帝的谴告似乎","0","2","2"
"由之而生的妖","0","2","2"
"公的两座宗庙","0","2","2"
"这是因为当时","0","2","2"
"姐姐鲁元公主","0","2","2"
"皇后没有儿子","0","2","2"
"诛灭了吕氏各","0","2","2"
"未央宫束阙楼","0","2","2"
"孝文帝即位后","0","2","2"
"景帝中元五年","0","2","2"
"董仲舒的学生","0","2","2"
"仲舒的学生吕","0","2","2"
"舒的学生吕步","0","2","2"
"的学生吕步舒","0","2","2"
"太仆公孙敬声","0","2","2"
"与丞相刘屈厘","0","2","2"
"大将军霍光把","0","2","2"
"霍光执掌朝政","0","2","2"
"陵园束阙楼的","0","2","2"
"园束阙楼的南","0","2","2"
"束阙楼的南面","0","2","2"
"周堪为光禄勋","0","2","2"
"可以奉祀宗庙","0","2","2"
"是成帝的母亲","0","2","2"
"他的弟弟曲阳","0","2","2"
"的弟弟曲阳侯","0","2","2"
"弟弟曲阳侯王","0","2","2"
"弟曲阳侯王根","0","2","2"
"哥哥的儿子新","0","2","2"
"哥的儿子新都","0","2","2"
"的儿子新都侯","0","2","2"
"儿子新都侯王","0","2","2"
"哀帝的祖母傅","0","2","2"
"要与成帝的母","0","2","2"
"认为不可以这","0","2","2"
"为不可以这样","0","2","2"
"庙在渭水之北","0","2","2"
"太后临朝听政","0","2","2"
"麦苗大量死掉","0","2","2"
"两个小叔子淫","0","2","2"
"个小叔子淫乱","0","2","2"
"所造成的祸患","0","2","2"
"出武库中的兵","0","2","2"
"这就是所说的","0","2","2"
"对于大败之敌","0","2","2"
"受到的惩罚就","0","2","2"
"到的惩罚就是","0","2","2"
"有时发生在事","0","2","2"
"春天与秋天一","0","2","2"
"天与秋天一样","0","2","2"
"就可以知道他","0","2","2"
"可以知道他的","0","2","2"
"鲁国大夫叔孙","0","2","2"
"晋国大夫叔向","0","2","2"
"国大夫叔向说","0","2","2"
"开始有雷电的","0","2","2"
"是人君的象征","0","2","2"
"汉昭帝始元元","0","2","2"
"公卿百官不知","0","2","2"
"陛下在什么地","0","2","2"
"下在什么地方","0","2","2"
"雄鸡自己咬断","0","2","2"
"向认为这近似","0","2","2"
"雌鸡变成雄鶸","0","2","2"
"京房认为自己","0","2","2"
"从前周武王讨","0","2","2"
"前周武王讨伐","0","2","2"
"孝元帝的王皇","0","2","2"
"元帝的王皇后","0","2","2"
"太子继立为帝","0","2","2"
"王禁为阳平侯","0","2","2"
"皇后的儿子为","0","2","2"
"后的儿子为太","0","2","2"
"王皇后为皇太","0","2","2"
"后的弟弟王凤","0","2","2"
"把朝政交给他","0","2","2"
"改用另外的牛","0","2","2"
"孟孙三家大夫","0","2","2"
"鲁襄公的时候","0","2","2"
"三家大夫驱逐","0","2","2"
"啃食祭祀用牛","0","2","2"
"汉孝昭帝元凤","0","2","2"
"时燕剌王刘旦","0","2","2"
"剌王刘旦谋反","0","2","2"
"王刘旦谋反将","0","2","2"
"谋反之事被朝","0","2","2"
"反之事被朝廷","0","2","2"
"之事被朝廷发","0","2","2"
"事被朝廷发觉","0","2","2"
"僖公的神主升","0","2","2"
"因为他的太子","0","2","2"
"警戒好像是说","0","2","2"
"大司马董贤的","0","2","2"
"不能治理国家","0","2","2"
"的天罚就是常","0","2","2"
"发生怪异现象","0","2","2"
"种征兆中的恒","0","2","2"
"引发的旱灾是","0","2","2"
"举行求雨大祭","0","2","2"
"行大规模的打","0","2","2"
"大规模的打猎","0","2","2"
"恐怕要亡国了","0","2","2"
"一年之内三次","0","2","2"
"直到秋天七月","0","2","2"
"济北王刘兴居","0","2","2"
"匈奴大举侵入","0","2","2"
"派四位将军征","0","2","2"
"四位将军征伐","0","2","2"
"位将军征伐匈","0","2","2"
"将军征伐匈奴","0","2","2"
"师将军征伐大","0","2","2"
"将军征伐大宛","0","2","2"
"五位将军率军","0","2","2"
"是夏历的十月","0","2","2"
"时的童谣唱道","0","2","2"
"在位十四年而","0","2","2"
"到阳阿公主家","0","2","2"
"黄雀筑巢在树","0","2","2"
"雀筑巢在树颠","0","2","2"
"严公将要娶齐","0","2","2"
"公将要娶齐国","0","2","2"
"将要娶齐国的","0","2","2"
"要娶齐国的淫","0","2","2"
"娶齐国的淫荡","0","2","2"
"齐国的淫荡之","0","2","2"
"国家也几乎灭","0","2","2"
"家也几乎灭亡","0","2","2"
"昭帝元凤三年","0","2","2"
"帝元凤三年正","0","2","2"
"自己立起来了","0","2","2"
"入地有八尺深","0","2","2"
"而泰山是群山","0","2","2"
"后果就是疾病","0","2","2"
"果就是疾病流","0","2","2"
"就是疾病流行","0","2","2"
"是因为当时鲁","0","2","2"
"朝政萎靡不振","0","2","2"
"野树生在朝廷","0","2","2"
"五福就会降临","0","2","2"
"卫太子的孙子","0","2","2"
"造就是汉宣帝","0","2","2"
"王刘戊不醒悟","0","2","2"
"出现的妖异就","0","2","2"
"现的妖异就是","0","2","2"
"乌鸦与喜鹊在","0","2","2"
"当时燕王刘旦","0","2","2"
"乌鹊相斗而死","0","2","2"
"黑色的乌鸦死","0","2","2"
"色的乌鸦死掉","0","2","2"
"把这件事上报","0","2","2"
"公卿大臣以下","0","2","2"
"而改正自己的","0","2","2"
"后来吕太后驾","0","2","2"
"来吕太后驾崩","0","2","2"
"没有这种应验","0","2","2"
"下霜冻死庄稼","0","2","2"
"有道德的人遭","0","2","2"
"是现在的八月","0","2","2"
"认为周代的十","0","2","2"
"大军埋伏在马","0","2","2"
"军埋伏在马邑","0","2","2"
"袭击匈奴单于","0","2","2"
"气夹持而合不","0","2","2"
"夹持而合不进","0","2","2"
"阴气夹持阳气","0","2","2"
"气夹持阳气而","0","2","2"
"当时季氏专权","0","2","2"
"的人得到进用","0","2","2"
"史书上记载秦","0","2","2"
"元鼎五年秋季","0","2","2"
"位将军率军十","0","2","2"
"介虫类的妖孽","0","2","2"
"两个儿子都被","0","2","2"
"传下来的制度","0","2","2"
"思考问题不宽","0","2","2"
"考问题不宽宏","0","2","2"
"有脂妖与夜妖","0","2","2"
"脂妖与夜妖出","0","2","2"
"妖与夜妖出现","0","2","2"
"有黄病吉凶的","0","2","2"
"黄病吉凶的征","0","2","2"
"病吉凶的征兆","0","2","2"
"经常有五行妖","0","2","2"
"常有五行妖孽","0","2","2"
"有五行妖孽出","0","2","2"
"五行妖孽出现","0","2","2"
"居上位的人度","0","2","2"
"上位的人度量","0","2","2"
"位的人度量不","0","2","2"
"的人度量不宽","0","2","2"
"人度量不宽宏","0","2","2"
"有裸虫这种妖","0","2","2"
"僖公十六年正","0","2","2"
"皇帝赦免了他","0","2","2"
"上天警戒像是","0","2","2"
"天警戒像是说","0","2","2"
"这是贪利的应","0","2","2"
"是贪利的应验","0","2","2"
"刘向以为先是","0","2","2"
"三位将军驻扎","0","2","2"
"刘向以为造时","0","2","2"
"刘向以为这是","0","2","2"
"废后的父亲申","0","2","2"
"刘向以为从前","0","2","2"
"了他们的君主","0","2","2"
"武帝征和二年","0","2","2"
"王札子杀了召","0","2","2"
"札子杀了召伯","0","2","2"
"国家灭亡的象","0","2","2"
"家灭亡的象征","0","2","2"
"这是违背古代","0","2","2"
"所兴起的地方","0","2","2"
"刘歆以为这是","0","2","2"
"昌邑王刘贺为","0","2","2"
"把他交给官吏","0","2","2"
"了大将军霍光","0","2","2"
"布满太阳四周","0","2","2"
"将会有大昏暗","0","2","2"
"会有大昏暗产","0","2","2"
"有大昏暗产生","0","2","2"
"还是处女的妾","0","2","2"
"龙出现在兰陵","0","2","2"
"妖是由人兴起","0","2","2"
"像先君的气数","0","2","2"
"历史上记载秦","0","2","2"
"它的妖孽就是","0","2","2"
"有篡位杀君的","0","2","2"
"篡位杀君的祸","0","2","2"
"位杀君的祸患","0","2","2"
"下人伐上的怪","0","2","2"
"人伐上的怪异","0","2","2"
"出现的妖异是","0","2","2"
"女子变化为男","0","2","2"
"子变化为男人","0","2","2"
"男人变为女人","0","2","2"
"哀帝建平年间","0","2","2"
"这才是真正的","0","2","2"
"帝母亲王太后","0","2","2"
"王太后的弟弟","0","2","2"
"绶带佩在身上","0","2","2"
"这是晦曰日食","0","2","2"
"都发生了杀君","0","2","2"
"歆以为正月二","0","2","2"
"以为正月二日","0","2","2"
"说是朔日而实","0","2","2"
"是朔日而实际","0","2","2"
"出现的灾异就","0","2","2"
"现的灾异就是","0","2","2"
"的灾异就是日","0","2","2"
"灾异就是日食","0","2","2"
"出现的日食是","0","2","2"
"现的灾异是日","0","2","2"
"诛杀纣王一样","0","2","2"
"董仲舒认为宿","0","2","2"
"仲舒认为宿星","0","2","2"
"舒认为宿星在","0","2","2"
"刘歆以为五月","0","2","2"
"刘歆以为十月","0","2","2"
"齐桓公施行霸","0","2","2"
"桓公施行霸道","0","2","2"
"歆以为三月是","0","2","2"
"刘歆以为二月","0","2","2"
"晋在贸戎打败","0","2","2"
"打败了周王的","0","2","2"
"败了周王的军","0","2","2"
"了周王的军队","0","2","2"
"向以为后来晋","0","2","2"
"刘歆以为九月","0","2","2"
"歆以为九月是","0","2","2"
"以为九月是周","0","2","2"
"十二月二日是","0","2","2"
"十月丙辰朔日","0","2","2"
"董仲舒以为后","0","2","2"
"仲舒以为后来","0","2","2"
"刘歆以为六月","0","2","2"
"董仲舒以为这","0","2","2"
"经常这样占卜","0","2","2"
"没有比日月更","0","2","2"
"有比日月更大","0","2","2"
"比日月更大的","0","2","2"
"日月更大的了","0","2","2"
"躲避一段时间","0","2","2"
"是天子的象征","0","2","2"
"刘歆以为二日","0","2","2"
"歆以为二日是","0","2","2"
"带着封邑叛乱","0","2","2"
"上记载朔日二","0","2","2"
"记载朔日二十","0","2","2"
"立卢绾为燕王","0","2","2"
"地位尊贵的人","0","2","2"
"没有食尽如钩","0","2","2"
"所以太阳运行","0","2","2"
"在高位的统治","0","2","2"
"高位的统治者","0","2","2"
"它的灾异是阳","0","2","2"
"的灾异是阳光","0","2","2"
"灾异是阳光呈","0","2","2"
"的灾异是太阳","0","2","2"
"灾异是太阳呈","0","2","2"
"异是太阳呈赤","0","2","2"
"是太阳呈赤色","0","2","2"
"德行高尚的人","0","2","2"
"星坠而且有雨","0","2","2"
"这一年岁星在","0","2","2"
"是鲁国的分野","0","2","2"
"是天事经常的","0","2","2"
"都是由于妇人","0","2","2"
"是由于妇人和","0","2","2"
"两代就灭亡了","0","2","2"
"彗星进入北斗","0","2","2"
"彗星出现在北","0","2","2"
"是用来除旧布","0","2","2"
"用来除旧布新","0","2","2"
"来除旧布新的","0","2","2"
"造就是它的效","0","2","2"
"就是它的效应","0","2","2"
"有星孛在大辰","0","2","2"
"不就是这样吗","0","2","2"
"就是这样吗?","0","2","2"
"大辰星的故城","0","2","2"
"祝融星的故城","0","2","2"
"陨石坠于宋国","0","2","2"
"拒绝别人的规","0","2","2"
"绝别人的规劝","0","2","2"
"水乘船到达黄","0","2","2"
"都得到了治理","0","2","2"
"从积石山开始","0","2","2"
"向南流入长江","0","2","2"
"二百里远的地","0","2","2"
"三百里远的地","0","2","2"
"的地方缴纳带","0","2","2"
"四周各五百里","0","2","2"
"周各五百里的","0","2","2"
"二代的制度而","0","2","2"
"能引渠灌溉农","0","2","2"
"引渠灌溉农田","0","2","2"
"渠灌溉农田的","0","2","2"
"男女比例是二","0","2","2"
"女比例是二男","0","2","2"
"男女比例是一","0","2","2"
"女比例是一男","0","2","2"
"附属于诸侯的","0","2","2"
"属于诸侯的小","0","2","2"
"于诸侯的小国","0","2","2"
"大概有一千八","0","2","2"
"概有一千八百","0","2","2"
"有一千八百个","0","2","2"
"高帝九年撤销","0","2","2"
"重新改为内史","0","2","2"
"有十九万五千","0","2","2"
"山在它的南面","0","2","2"
"从蓝田谷流出","0","2","2"
"高帝元年属于","0","2","2"
"是雍州的灌渠","0","2","2"
"三百七十七户","0","2","2"
"王在这裹定都","0","2","2"
"秦宣太后建造","0","2","2"
"是雍州的河流","0","2","2"
"古文记载认为","0","2","2"
"文记载认为是","0","2","2"
"百五十四口人","0","2","2"
"向北流入黄河","0","2","2"
"向东到郦流入","0","2","2"
"行程五百七十","0","2","2"
"程五百七十里","0","2","2"
"九百一十二人","0","2","2"
"来分封大夫毕","0","2","2"
"分封大夫毕万","0","2","2"
"到琅槐流入大","0","2","2"
"琅槐流入大海","0","2","2"
"四百八十八人","0","2","2"
"行程一千六百","0","2","2"
"王莽时叫上党","0","2","2"
"莽时叫上党亭","0","2","2"
"王莽时叫作宜","0","2","2"
"行程七百八十","0","2","2"
"程七百八十里","0","2","2"
"王莽时叫左亭","0","2","2"
"周后把它的君","0","2","2"
"后把它的君主","0","2","2"
"把它的君主迁","0","2","2"
"它的君主迁到","0","2","2"
"的君主迁到这","0","2","2"
"王莽时改名叫","0","2","2"
"千零二十八人","0","2","2"
"行程一千零二","0","2","2"
"程一千零二十","0","2","2"
"一千零二十里","0","2","2"
"首先从狼汤渠","0","2","2"
"先从狼汤渠接","0","2","2"
"从狼汤渠接受","0","2","2"
"狼汤渠接受水","0","2","2"
"汤渠接受水源","0","2","2"
"一千三百六十","0","2","2"
"年又恢复原名","0","2","2"
"是以前的诸侯","0","2","2"
"行程一千五百","0","2","2"
"程一千五百里","0","2","2"
"一百四十八人","0","2","2"
"武王的弟弟叔","0","2","2"
"被分封在这裹","0","2","2"
"有三十六个县","0","2","2"
"的母亲功显君","0","2","2"
"到定陵流入汝","0","2","2"
"定陵流入汝水","0","2","2"
"高帝元年改为","0","2","2"
"有云梦的官员","0","2","2"
"属于扬州刺史","0","2","2"
"于扬州刺史部","0","2","2"
"帝四年改名为","0","2","2"
"元年恢复原名","0","2","2"
"有十七万二千","0","2","2"
"王莽时叫吾符","0","2","2"
"王莽时叫成富","0","2","2"
"王莽时叫魏城","0","2","2"
"河水分流形成","0","2","2"
"王莽时叫常山","0","2","2"
"是诸侯王的都","0","2","2"
"诸侯王的都城","0","2","2"
"七百六十四人","0","2","2"
"王莽时叫迎河","0","2","2"
"有二十六个县","0","2","2"
"王莽时叫乐亭","0","2","2"
"王莽时叫河平","0","2","2"
"属于青州刺史","0","2","2"
"于青州刺史部","0","2","2"
"行程五百六十","0","2","2"
"程五百六十里","0","2","2"
"王莽时叫乐安","0","2","2"
"王莽时改为建","0","2","2"
"万零七百二十","0","2","2"
"十四万零七百","0","2","2"
"王莽时叫济南","0","2","2"
"千六百零四人","0","2","2"
"水向南到下邳","0","2","2"
"是青州的灌渠","0","2","2"
"行程九百四十","0","2","2"
"程九百四十里","0","2","2"
"王莽时叫识命","0","2","2"
"莽时叫识命县","0","2","2"
"北到寿光县流","0","2","2"
"到寿光县流入","0","2","2"
"寿光县流入大","0","2","2"
"光县流入大海","0","2","2"
"水向东流入大","0","2","2"
"行程五百二十","0","2","2"
"程五百二十里","0","2","2"
"王莽时叫淮平","0","2","2"
"有二十六万八","0","2","2"
"水向北流入大","0","2","2"
"由南部都尉治","0","2","2"
"一百七十一人","0","2","2"
"向北流入大江","0","2","2"
"王莽时叫九江","0","2","2"
"王莽时叫桓亭","0","2","2"
"莽时叫桓亭县","0","2","2"
"行程一千九百","0","2","2"
"一千九百八十","0","2","2"
"向北到酃县流","0","2","2"
"到四会县流入","0","2","2"
"下有十三个县","0","2","2"
"向东流入沅水","0","2","2"
"向南流入大海","0","2","2"
"向南流入沅水","0","2","2"
"行程二千五百","0","2","2"
"程二千五百三","0","2","2"
"行程五百五十","0","2","2"
"程五百五十里","0","2","2"
"莽时叫广信县","0","2","2"
"行程一千零六","0","2","2"
"程一千零六十","0","2","2"
"下有十五个县","0","2","2"
"向南到鳖县流","0","2","2"
"南到鳖县流入","0","2","2"
"到焚道县流入","0","2","2"
"焚道县流入长","0","2","2"
"帝元鼎六年新","0","2","2"
"元鼎六年新开","0","2","2"
"鼎六年新开疆","0","2","2"
"行程七百五十","0","2","2"
"程七百五十里","0","2","2"
"山出产银和铅","0","2","2"
"行程六百五十","0","2","2"
"程六百五十里","0","2","2"
"县的南面流入","0","2","2"
"水向东到广郁","0","2","2"
"到麋泠县流入","0","2","2"
"麋泠县流入尚","0","2","2"
"泠县流入尚龙","0","2","2"
"县流入尚龙溪","0","2","2"
"王莽时叫乐平","0","2","2"
"千四百七十户","0","2","2"
"水流出西塞外","0","2","2"
"向东到允吾县","0","2","2"
"东到允吾县流","0","2","2"
"到允吾县流入","0","2","2"
"王莽时叫填戎","0","2","2"
"侯国的都尉治","0","2","2"
"国的都尉治理","0","2","2"
"休屠王的地方","0","2","2"
"帝太初元年设","0","2","2"
"太初元年设置","0","2","2"
"有二万四千三","0","2","2"
"百三十一口人","0","2","2"
"王莽时叫辅平","0","2","2"
"王莽时叫敦德","0","2","2"
"王莽时叫威成","0","2","2"
"都尉治理塞外","0","2","2"
"尉治理塞外的","0","2","2"
"王莽时叫坚宁","0","2","2"
"百三十六口人","0","2","2"
"王莽时叫沟搜","0","2","2"
"百二十八口人","0","2","2"
"又向西北得到","0","2","2"
"有三万八千三","0","2","2"
"向西到沙陵流","0","2","2"
"西到沙陵流入","0","2","2"
"到沙陵流入黄","0","2","2"
"沙陵流入黄河","0","2","2"
"王莽时叫填狄","0","2","2"
"到泉州流入大","0","2","2"
"泉州流入大海","0","2","2"
"王莽时叫厌狄","0","2","2"
"东到文安县流","0","2","2"
"到文安县流入","0","2","2"
"文安县流入大","0","2","2"
"是并州的河流","0","2","2"
"王莽时叫朔调","0","2","2"
"束部都尉治理","0","2","2"
"王莽时叫通路","0","2","2"
"王莽时叫北顺","0","2","2"
"千零四十六里","0","2","2"
"向东流入塞外","0","2","2"
"向南流入人海","0","2","2"
"一千二百五十","0","2","2"
"有四万五千零","0","2","2"
"王莽时叫乐鲜","0","2","2"
"并行三千一百","0","2","2"
"王莽时叫富昌","0","2","2"
"百五十八口人","0","2","2"
"六百一十六口","0","2","2"
"水向东到高阳","0","2","2"
"向东到高阳流","0","2","2"
"东到高阳流入","0","2","2"
"到高阳流入黄","0","2","2"
"高阳流入黄河","0","2","2"
"王莽时叫新博","0","2","2"
"百八十四口人","0","2","2"
"王莽时叫朔定","0","2","2"
"文帝二年另立","0","2","2"
"帝二年另立为","0","2","2"
"二年另立为诸","0","2","2"
"池河接受水源","0","2","2"
"帝本始元年改","0","2","2"
"本始元年改为","0","2","2"
"五万零二百八","0","2","2"
"高帝元年另立","0","2","2"
"帝元年另立为","0","2","2"
"王莽时叫莒陵","0","2","2"
"高帝五年成为","0","2","2"
"王莽时叫有盐","0","2","2"
"王莽时叫和乐","0","2","2"
"王莽时叫安风","0","2","2"
"被封为诸侯的","0","2","2"
"原来秦国的土","0","2","2"
"来秦国的土地","0","2","2"
"水来灌溉农田","0","2","2"
"有勇力而没有","0","2","2"
"勇力而没有义","0","2","2"
"二千石官员来","0","2","2"
"千石官员来治","0","2","2"
"石官员来治理","0","2","2"
"天下的十分之","0","2","2"
"奢侈和节俭的","0","2","2"
"过了二十三代","0","2","2"
"的百姓迁徙到","0","2","2"
"崇尚气节和力","0","2","2"
"尚气节和力量","0","2","2"
"八年没有重罪","0","2","2"
"年没有重罪囚","0","2","2"
"没有重罪囚犯","0","2","2"
"之间的一个大","0","2","2"
"间的一个大城","0","2","2"
"后过了三十六","0","2","2"
"违反禁令的事","0","2","2"
"周成王的时候","0","2","2"
"他们的弊端就","0","2","2"
"们的弊端就是","0","2","2"
"的一座大城市","0","2","2"
"代被楚国所减","0","2","2"
"过了二十多代","0","2","2"
"所以这裹的百","0","2","2"
"以这裹的百姓","0","2","2"
"国得到了它的","0","2","2"
"也是一个大城","0","2","2"
"是一个大城市","0","2","2"
"把国家传给他","0","2","2"
"可以称得上是","0","2","2"
"臣屈原遭到谗","0","2","2"
"屈原遭到谗言","0","2","2"
"淮南王刘安也","0","2","2"
"又乘船运行大","0","2","2"
"用来灌溉农田","0","2","2"
"武帝元光年间","0","2","2"
"侯田蚣为丞相","0","2","2"
"天子认为说得","0","2","2"
"子认为说得对","0","2","2"
"给御史大夫张","0","2","2"
"陈述对国家有","0","2","2"
"述对国家有利","0","2","2"
"这一功业一旦","0","2","2"
"六个月的边役","0","2","2"
"世为光禄大夫","0","2","2"
"二千石的俸禄","0","2","2"
"这件事交给了","0","2","2"
"件事交给了丞","0","2","2"
"事交给了丞相","0","2","2"
"堤离黄河二十","0","2","2"
"离黄河二十五","0","2","2"
"黄河二十五里","0","2","2"
"如果这样的话","0","2","2"
"有什么可说的","0","2","2"
"到现在四十多","0","2","2"
"现在四十多年","0","2","2"
"开通水渠有三","0","2","2"
"听说大禹治理","0","2","2"
"把它上奏给皇","0","2","2"
"它上奏给皇帝","0","2","2"
"脱落的也是二","0","2","2"
"落的也是二十","0","2","2"
"是古代帝王的","0","2","2"
"孔子的七十弟","0","2","2"
"子的七十弟子","0","2","2"
"七十弟子的传","0","2","2"
"十弟子的传人","0","2","2"
"国的就不能全","0","2","2"
"的就不能全面","0","2","2"
"类著作共有十","0","2","2"
"孔氏壁中的古","0","2","2"
"氏壁中的古文","0","2","2"
"到了衰落的时","0","2","2"
"了衰落的时代","0","2","2"
"是孔子的学生","0","2","2"
"七十弟子的学","0","2","2"
"十弟子的学生","0","2","2"
"是魏文侯的丞","0","2","2"
"魏文侯的丞相","0","2","2"
"庄子很称赞他","0","2","2"
"秦国丞相吕不","0","2","2"
"国丞相吕不韦","0","2","2"
"共有一百八十","0","2","2"
"自坚持自己的","0","2","2"
"加入了扬雄的","0","2","2"
"入了扬雄的八","0","2","2"
"了扬雄的八篇","0","2","2"
"类著作共有一","0","2","2"
"著作共有一百","0","2","2"
"所以孔子说不","0","2","2"
"家著作十三种","0","2","2"
"类著作十八种","0","2","2"
"能达到的地方","0","2","2"
"臣等人的家属","0","2","2"
"子张敖为成都","0","2","2"
"张敖为成都君","0","2","2"
"宁陵君咎为魏","0","2","2"
"陵君咎为魏王","0","2","2"
"以陈县为楚都","0","2","2"
"楚怀王的孙子","0","2","2"
"怀王的孙子心","0","2","2"
"监狱的办事员","0","2","2"
"可以取而代之","0","2","2"
"身高八尺二寸","0","2","2"
"这是上天要灭","0","2","2"
"上天要灭亡秦","0","2","2"
"天要灭亡秦朝","0","2","2"
"驻军彭城束面","0","2","2"
"拥立楚王的后","0","2","2"
"立楚王的后代","0","2","2"
"田角的弟弟田","0","2","2"
"角的弟弟田闲","0","2","2"
"留在赵国不敢","0","2","2"
"在赵国不敢回","0","2","2"
"立田儋的儿子","0","2","2"
"田儋的儿子田","0","2","2"
"儋的儿子田市","0","2","2"
"不肯出兵帮助","0","2","2"
"肯出兵帮助楚","0","2","2"
"出兵帮助楚军","0","2","2"
"的军队一定会","0","2","2"
"章邯的军队驻","0","2","2"
"邯的军队驻扎","0","2","2"
"哪裹还有什么","0","2","2"
"全部军队渡过","0","2","2"
"楚军攻打秦军","0","2","2"
"要答应他们的","0","2","2"
"诸侯军中的官","0","2","2"
"侯军中的官兵","0","2","2"
"秦兵二十多万","0","2","2"
"都告诉了张良","0","2","2"
"沛公带领一百","0","2","2"
"公带领一百多","0","2","2"
"带领一百多骑","0","2","2"
"领一百多骑兵","0","2","2"
"他没有什么功","0","2","2"
"没有什么功劳","0","2","2"
"立司马欣为塞","0","2","2"
"司马欣为塞王","0","2","2"
"申阳为河南王","0","2","2"
"张耳为常山王","0","2","2"
"当阳君英布为","0","2","2"
"英布为九江王","0","2","2"
"立吴芮为衡山","0","2","2"
"共敖为临江王","0","2","2"
"接着跟随入关","0","2","2"
"立田安为济北","0","2","2"
"田都逃到楚国","0","2","2"
"田荣自立为齐","0","2","2"
"荣自立为齐王","0","2","2"
"给彭越将军印","0","2","2"
"汉王回军平定","0","2","2"
"王回军平定三","0","2","2"
"听说汉王已经","0","2","2"
"王失去了应得","0","2","2"
"失去了应得的","0","2","2"
"领几千人前去","0","2","2"
"人聚集起来反","0","2","2"
"的弟弟田横收","0","2","2"
"亲自率领精兵","0","2","2"
"把他们安置在","0","2","2"
"地十多个城邑","0","2","2"
"王听从了他的","0","2","2"
"的有八百多人","0","2","2"
"对他的骑兵们","0","2","2"
"他的骑兵们说","0","2","2"
"七十多次战斗","0","2","2"
"不感到惭愧吗","0","2","2"
"五人都为列侯","0","2","2"
"诸子百家之书","0","2","2"
"天下已经平定","0","2","2"
"诸侯灭亡秦朝","0","2","2"
"把女儿嫁给了","0","2","2"
"高祖还是平民","0","2","2"
"希望将军不要","0","2","2"
"答应了他们的","0","2","2"
"应了他们的请","0","2","2"
"百姓疲惫不堪","0","2","2"
"立六国的后代","0","2","2"
"可以轻而易举","0","2","2"
"以轻而易举地","0","2","2"
"那裹的老百姓","0","2","2"
"驻守在钜鹿以","0","2","2"
"跟随项羽入关","0","2","2"
"人互相议论说","0","2","2"
"知道了他们的","0","2","2"
"到了汉武帝时","0","2","2"
"封国被废除了","0","2","2"
"二十多个城邑","0","2","2"
"率领军队跟随","0","2","2"
"六国时齐王田","0","2","2"
"齐王田氏的族","0","2","2"
"王田氏的族人","0","2","2"
"田儋的堂弟田","0","2","2"
"儋的堂弟田荣","0","2","2"
"收拾齐国的残","0","2","2"
"拾齐国的残兵","0","2","2"
"子田市为齐王","0","2","2"
"劝说齐王田广","0","2","2"
"使者回来报告","0","2","2"
"又派使者拿着","0","2","2"
"跟随汉王打败","0","2","2"
"汉王与他剖符","0","2","2"
"韩王信多次派","0","2","2"
"王信多次派使","0","2","2"
"信多次派使者","0","2","2"
"什么罪过也没","0","2","2"
"韩嫣的弟弟韩","0","2","2"
"校尉的身份率","0","2","2"
"被任命为光禄","0","2","2"
"加封食邑千户","0","2","2"
"率三万骑兵从","0","2","2"
"作大司马车骑","0","2","2"
"后来因犯法被","0","2","2"
"王报告了情况","0","2","2"
"就没有什么事","0","2","2"
"任命他为大将","0","2","2"
"应当加封爵位","0","2","2"
"和成安君陈余","0","2","2"
"采用广武君的","0","2","2"
"用广武君的计","0","2","2"
"速冲进赵军营","0","2","2"
"冲进赵军营垒","0","2","2"
"者千虑必有一","0","2","2"
"有百战百胜的","0","2","2"
"部队渡过黄河","0","2","2"
"把汉王紧紧围","0","2","2"
"汉王紧紧围困","0","2","2"
"王紧紧围困在","0","2","2"
"紧紧围困在荣","0","2","2"
"紧围困在荣阳","0","2","2"
"派使者到楚国","0","2","2"
"向来了解韩信","0","2","2"
"来了解韩信的","0","2","2"
"我本来就知道","0","2","2"
"正当这个时候","0","2","2"
"到了这种程度","0","2","2"
"就是这样的吗","0","2","2"
"蒯通知道天下","0","2","2"
"不忍心背叛汉","0","2","2"
"忍心背叛汉王","0","2","2"
"不听蒯通的话","0","2","2"
"用陈平的计谋","0","2","2"
"到陈县朝见汉","0","2","2"
"陈县朝见汉高","0","2","2"
"像人们所说的","0","2","2"
"亲自带兵前往","0","2","2"
"自带兵前往讨","0","2","2"
"带兵前往讨伐","0","2","2"
"不是天意吗!","0","2","2"
"任命彭越为魏","0","2","2"
"命彭越为魏国","0","2","2"
"彭越为魏国的","0","2","2"
"越为魏国的相","0","2","2"
"为魏国的相国","0","2","2"
"所占领的城邑","0","2","2"
"都来长安朝见","0","2","2"
"向西渡过淮河","0","2","2"
"率领军队向西","0","2","2"
"一定是认为楚","0","2","2"
"定是认为楚国","0","2","2"
"是认为楚国强","0","2","2"
"认为楚国强大","0","2","2"
"把这些话报告","0","2","2"
"把国家托付给","0","2","2"
"大王应当全部","0","2","2"
"王应当全部出","0","2","2"
"应当全部出动","0","2","2"
"当全部出动淮","0","2","2"
"全部出动淮南","0","2","2"
"部出动淮南国","0","2","2"
"出动淮南国的","0","2","2"
"动淮南国的军","0","2","2"
"淮南国的军队","0","2","2"
"王还没有离开","0","2","2"
"还没有离开齐","0","2","2"
"没有离开齐国","0","2","2"
"这样做是不可","0","2","2"
"样做是不可取","0","2","2"
"做是不可取的","0","2","2"
"打败了英布的","0","2","2"
"败了英布的军","0","2","2"
"了英布的军队","0","2","2"
"天下哪裹用得","0","2","2"
"山东地区就不","0","2","2"
"东地区就不是","0","2","2"
"地区就不是汉","0","2","2"
"区就不是汉朝","0","2","2"
"就不是汉朝所","0","2","2"
"不是汉朝所有","0","2","2"
"是汉朝所有了","0","2","2"
"向西攻取楚国","0","2","2"
"占有敖仓的粮","0","2","2"
"有敖仓的粮食","0","2","2"
"可以高枕无忧","0","2","2"
"以高枕无忧了","0","2","2"
"的军队十分精","0","2","2"
"军队十分精锐","0","2","2"
"高祖在沛县起","0","2","2"
"祖在沛县起兵","0","2","2"
"以宾客身份跟","0","2","2"
"进攻临江王共","0","2","2"
"攻临江王共尉","0","2","2"
"中不是刘姓而","0","2","2"
"不是刘姓而封","0","2","2"
"是刘姓而封为","0","2","2"
"刘姓而封为王","0","2","2"
"姓而封为王的","0","2","2"
"而封为王的有","0","2","2"
"皇帝想封卢绾","0","2","2"
"攻打陈稀的叛","0","2","2"
"打陈稀的叛军","0","2","2"
"的两个儿子为","0","2","2"
"汉王还定三秦","0","2","2"
"南王黥布反叛","0","2","2"
"喝到畅快的时","0","2","2"
"到畅快的时候","0","2","2"
"后妹妹吕须的","0","2","2"
"刘泽为琅邪王","0","2","2"
"公卿大臣讨论","0","2","2"
"强大的诸侯王","0","2","2"
"天下同姓是一","0","2","2"
"下同姓是一家","0","2","2"
"专心致力于本","0","2","2"
"上书说这件事","0","2","2"
"吴王因为他的","0","2","2"
"恢复原有封地","0","2","2"
"断绝吴国的粮","0","2","2"
"绝吴国的粮饷","0","2","2"
"吴国的粮饷供","0","2","2"
"弓高侯韩颓当","0","2","2"
"的人死有余辜","0","2","2"
"一起拥立楚怀","0","2","2"
"起拥立楚怀王","0","2","2"
"因为他们以前","0","2","2"
"是因为他母亲","0","2","2"
"公一起完成学","0","2","2"
"一起完成学业","0","2","2"
"任命为中大夫","0","2","2"
"有人游说大将","0","2","2"
"人游说大将军","0","2","2"
"大将军霍光想","0","2","2"
"想把女儿嫁给","0","2","2"
"理京兆尹的事","0","2","2"
"任命为谏大夫","0","2","2"
"有过失的臣子","0","2","2"
"位至御史大夫","0","2","2"
"又做了太中大","0","2","2"
"灾异多次出现","0","2","2"
"君子之道消减","0","2","2"
"皇上于是发怒","0","2","2"
"太中大夫给事","0","2","2"
"中大夫给事中","0","2","2"
"回头对群臣说","0","2","2"
"穿的衣服入殓","0","2","2"
"不是很可悲吗","0","2","2"
"的人有几十万","0","2","2"
"我私下替陛下","0","2","2"
"听从公卿大臣","0","2","2"
"从公卿大臣的","0","2","2"
"公卿大臣的意","0","2","2"
"卿大臣的意见","0","2","2"
"彗星扫过束井","0","2","2"
"不要像殷王纣","0","2","2"
"要像殷王纣那","0","2","2"
"像殷王纣那样","0","2","2"
"殷的借鉴不远","0","2","2"
"连续三年频繁","0","2","2"
"彗星扫过大角","0","2","2"
"昌邑不能善终","0","2","2"
"没有不震惊的","0","2","2"
"和丞相翟方进","0","2","2"
"没来得及施行","0","2","2"
"毁谤先帝所立","0","2","2"
"谤先帝所立之","0","2","2"
"先帝所立之学","0","2","2"
"听说这件事后","0","2","2"
"与彭越一起谋","0","2","2"
"彭越一起谋反","0","2","2"
"学习黄老之术","0","2","2"
"匈奴冒顿单于","0","2","2"
"大将军卫青的","0","2","2"
"迁为丞相司直","0","2","2"
"没有现存的粮","0","2","2"
"有现存的粮食","0","2","2"
"他们请求我的","0","2","2"
"们请求我的林","0","2","2"
"皇上亲自去探","0","2","2"
"上亲自去探望","0","2","2"
"谁可以代替您","0","2","2"
"可以代替您呢","0","2","2"
"诏令丞相御史","0","2","2"
"项羽率兵向东","0","2","2"
"随从向西攻打","0","2","2"
"封沛公为汉王","0","2","2"
"回去平定三秦","0","2","2"
"狱讼和市集贸","0","2","2"
"讼和市集贸易","0","2","2"
"解释法律条文","0","2","2"
"释法律条文深","0","2","2"
"法律条文深刻","0","2","2"
"是你应当说的","0","2","2"
"谷城山下的黄","0","2","2"
"城山下的黄石","0","2","2"
"攻打杨熊的军","0","2","2"
"打杨熊的军队","0","2","2"
"向西进入武关","0","2","2"
"是人们所说的","0","2","2"
"忠言逆耳利于","0","2","2"
"言逆耳利于行","0","2","2"
"张良劝说汉王","0","2","2"
"采用臣的计策","0","2","2"
"和这些人一起","0","2","2"
"大臣都是山东","0","2","2"
"臣都是山东人","0","2","2"
"没有更换太子","0","2","2"
"赶走了他的妻","0","2","2"
"走了他的妻子","0","2","2"
"不敢再说什么","0","2","2"
"在代攻打韩王","0","2","2"
"代攻打韩王信","0","2","2"
"身份跟着攻打","0","2","2"
"宫中值宿守卫","0","2","2"
"吕姓之人为王","0","2","2"
"问左丞相陈平","0","2","2"
"高帝平定天下","0","2","2"
"太后行使皇帝","0","2","2"
"行使皇帝权力","0","2","2"
"到吕太后的宠","0","2","2"
"吕太后的宠幸","0","2","2"
"吕太后听说后","0","2","2"
"道歉说不知道","0","2","2"
"攻打趟贲的军","0","2","2"
"打趟贲的军队","0","2","2"
"作为将军跟着","0","2","2"
"为将军跟着高","0","2","2"
"把别人的孩子","0","2","2"
"您是干什么的","0","2","2"
"过了十多个月","0","2","2"
"列侯回到封国","0","2","2"
"后来有人上书","0","2","2"
"挑选周勃儿子","0","2","2"
"断绝他们的粮","0","2","2"
"绝他们的粮道","0","2","2"
"皇后的哥哥王","0","2","2"
"后的哥哥王信","0","2","2"
"的哥哥王信为","0","2","2"
"摘下帽子向皇","0","2","2"
"下帽子向皇上","0","2","2"
"帽子向皇上谢","0","2","2"
"子向皇上谢罪","0","2","2"
"夫人阻止了他","0","2","2"
"斩敌首十四个","0","2","2"
"樊啥因为打退","0","2","2"
"樊呛首先登城","0","2","2"
"斩杀都尉一人","0","2","2"
"酒喝得正畅快","0","2","2"
"被提升为郎中","0","2","2"
"樊啥首先登城","0","2","2"
"束面攻打秦军","0","2","2"
"汉王攻打项羽","0","2","2"
"项羽在彭城打","0","2","2"
"羽在彭城打败","0","2","2"
"在彭城打败汉","0","2","2"
"彭城打败汉王","0","2","2"
"封食邑八百户","0","2","2"
"樊啥跟随汉高","0","2","2"
"啥跟随汉高祖","0","2","2"
"免除以前所封","0","2","2"
"邑一千五百户","0","2","2"
"樊啥以相国身","0","2","2"
"啥以相国身份","0","2","2"
"以相国身份攻","0","2","2"
"食邑一千三百","0","2","2"
"邑一千三百户","0","2","2"
"皇上流着泪说","0","2","2"
"孝文帝登位后","0","2","2"
"原来的爵位和","0","2","2"
"交给官吏处置","0","2","2"
"沛公赐给他爵","0","2","2"
"公赐给他爵位","0","2","2"
"从汉王攻打项","0","2","2"
"燕王臧荼谋反","0","2","2"
"下至六百石共","0","2","2"
"至六百石共十","0","2","2"
"六百石共十九","0","2","2"
"百石共十九人","0","2","2"
"他的儿子郦寄","0","2","2"
"命令他的儿子","0","2","2"
"高祖作了沛公","0","2","2"
"跟从皇上攻打","0","2","2"
"孝惠帝和鲁元","0","2","2"
"派使者送给匈","0","2","2"
"使者送给匈奴","0","2","2"
"打开包围圈的","0","2","2"
"开包围圈的一","0","2","2"
"包围圈的一角","0","2","2"
"攻打匈奴骑兵","0","2","2"
"跟从沛公攻打","0","2","2"
"跟从汉王平定","0","2","2"
"从汉王平定三","0","2","2"
"汉王平定三秦","0","2","2"
"跟从汉王向东","0","2","2"
"攻打项羽的将","0","2","2"
"打项羽的将领","0","2","2"
"手下兵士斩杀","0","2","2"
"作为御史大夫","0","2","2"
"汉王增加他的","0","2","2"
"王增加他的食","0","2","2"
"加他的食邑二","0","2","2"
"他的食邑二千","0","2","2"
"的食邑二千五","0","2","2"
"兵一起斩杀了","0","2","2"
"与他剖符为证","0","2","2"
"子刘长为淮南","0","2","2"
"刘长为淮南王","0","2","2"
"赶快投降汉王","0","2","2"
"周昌为御史大","0","2","2"
"昌为御史大夫","0","2","2"
"戚姬之子如意","0","2","2"
"姬之子如意为","0","2","2"
"留侯张良的计","0","2","2"
"侯张良的计策","0","2","2"
"不知用什么计","0","2","2"
"知用什么计策","0","2","2"
"任敖为御史大","0","2","2"
"敖为御史大夫","0","2","2"
"汉朝建立二十","0","2","2"
"朝建立二十多","0","2","2"
"建立二十多年","0","2","2"
"武彊侯庄青翟","0","2","2"
"天下百姓遭受","0","2","2"
"县以束的地区","0","2","2"
"知道天之所以","0","2","2"
"道天之所以为","0","2","2"
"天之所以为天","0","2","2"
"之所以为天的","0","2","2"
"所以为天的人","0","2","2"
"以为天的人就","0","2","2"
"堵住成皋之险","0","2","2"
"郦食其劝说齐","0","2","2"
"食其劝说齐王","0","2","2"
"大王知道天下","0","2","2"
"王知道天下的","0","2","2"
"氏家族的人不","0","2","2"
"认为郦食其欺","0","2","2"
"为郦食其欺骗","0","2","2"
"郦食其欺骗了","0","2","2"
"食其欺骗了自","0","2","2"
"其欺骗了自己","0","2","2"
"自立为西楚霸","0","2","2"
"立为西楚霸王","0","2","2"
"不是人的力量","0","2","2"
"相比谁贤呢?","0","2","2"
"陆买为太中大","0","2","2"
"买为太中大夫","0","2","2"
"在马上得天下","0","2","2"
"大家注意的是","0","2","2"
"下人没有不知","0","2","2"
"人没有不知道","0","2","2"
"有美德则容易","0","2","2"
"之声不绝于耳","0","2","2"
"高帝亲自率兵","0","2","2"
"帝亲自率兵去","0","2","2"
"派人出使匈奴","0","2","2"
"嫁给单于为妻","0","2","2"
"我希望陛下迁","0","2","2"
"表示不再使用","0","2","2"
"有贤明的君主","0","2","2"
"叔孙通归降汉","0","2","2"
"孙通归降汉王","0","2","2"
"于是命令群臣","0","2","2"
"叔孙通为奉常","0","2","2"
"天下就会混乱","0","2","2"
"的事情被发觉","0","2","2"
"皇上亲自率兵","0","2","2"
"幼年失去母亲","0","2","2"
"因为这个原因","0","2","2"
"这是第一桩罪","0","2","2"
"这是第二桩罪","0","2","2"
"这对大王很宽","0","2","2"
"对大王很宽厚","0","2","2"
"大王很宽厚呀","0","2","2"
"委弃封国当平","0","2","2"
"弃封国当平民","0","2","2"
"封国当平民百","0","2","2"
"国当平民百姓","0","2","2"
"受到天下人的","0","2","2"
"治国平天下的","0","2","2"
"丞相以下的人","0","2","2"
"棘蒲侯柴武的","0","2","2"
"蒲侯柴武的太","0","2","2"
"侯柴武的太子","0","2","2"
"皇上下诏书说","0","2","2"
"诸侯及二千石","0","2","2"
"侯及二千石官","0","2","2"
"皇上可怜淮南","0","2","2"
"上可怜淮南王","0","2","2"
"按照诸侯的礼","0","2","2"
"皇上没有太子","0","2","2"
"于是和太子策","0","2","2"
"是和太子策划","0","2","2"
"没有人能超过","0","2","2"
"向皇上上书说","0","2","2"
"逮捕淮南王的","0","2","2"
"这时皇上下诏","0","2","2"
"请求削减封国","0","2","2"
"皇上没有儿子","0","2","2"
"淮南王的阴谋","0","2","2"
"此事交给廷尉","0","2","2"
"打算派人假装","0","2","2"
"先刺杀大将军","0","2","2"
"说服丞相公孙","0","2","2"
"服丞相公孙弘","0","2","2"
"供出与淮南王","0","2","2"
"出与淮南王谋","0","2","2"
"谋反所用的器","0","2","2"
"反所用的器物","0","2","2"
"淮南王谋反有","0","2","2"
"有司要求逮捕","0","2","2"
"司要求逮捕衡","0","2","2"
"谋反的人都被","0","2","2"
"反的人都被正","0","2","2"
"的人都被正法","0","2","2"
"来生了四个儿","0","2","2"
"捕衡山王治罪","0","2","2"
"衡山王面前诋","0","2","2"
"山王面前诋毁","0","2","2"
"王面前诋毁太","0","2","2"
"面前诋毁太子","0","2","2"
"攻打并平定了","0","2","2"
"传送檄文就能","0","2","2"
"边地之城都将","0","2","2"
"现在为您着想","0","2","2"
"没有人比得上","0","2","2"
"束郭先生和梁","0","2","2"
"郭先生和梁石","0","2","2"
"先生和梁石君","0","2","2"
"没有人能比得","0","2","2"
"有人能比得上","0","2","2"
"把他们推荐给","0","2","2"
"淮南王又召见","0","2","2"
"南王又召见伍","0","2","2"
"王又召见伍被","0","2","2"
"为大王您出谋","0","2","2"
"大王您出谋划","0","2","2"
"王您出谋划策","0","2","2"
"什么样的人?","0","2","2"
"集天下的精兵","0","2","2"
"王谋反的情况","0","2","2"
"赵敬肃王刘彭","0","2","2"
"廷尉共同审理","0","2","2"
"被任命为直指","0","2","2"
"准备攻打匈奴","0","2","2"
"公主在驰道上","0","2","2"
"车在驰道中行","0","2","2"
"在驰道中行走","0","2","2"
"向武帝汇报了","0","2","2"
"得到他的帮助","0","2","2"
"公孙贺的儿子","0","2","2"
"以巫术诅咒皇","0","2","2"
"帝巡幸甘泉宫","0","2","2"
"怀疑身边的人","0","2","2"
"疑身边的人都","0","2","2"
"孔乡侯傅晏与","0","2","2"
"乡侯傅晏与息","0","2","2"
"侯傅晏与息夫","0","2","2"
"傅晏与息夫躬","0","2","2"
"任汝南郡太守","0","2","2"
"当时哀帝正患","0","2","2"
"时哀帝正患病","0","2","2"
"有大石自动立","0","2","2"
"大石自动立起","0","2","2"
"通过中常侍宋","0","2","2"
"过中常侍宋弘","0","2","2"
"当时侍中董贤","0","2","2"
"到皇帝的宠爱","0","2","2"
"单于应当来朝","0","2","2"
"儿子去侍奉单","0","2","2"
"子去侍奉单子","0","2","2"
"是挫败敌人的","0","2","2"
"以防患于未然","0","2","2"
"中二千石官员","0","2","2"
"任命阳安侯丁","0","2","2"
"命阳安侯丁明","0","2","2"
"阳安侯丁明为","0","2","2"
"安侯丁明为大","0","2","2"
"侯丁明为大司","0","2","2"
"丁明为大司马","0","2","2"
"有关部门的官","0","2","2"
"关部门的官吏","0","2","2"
"束阳侯张相如","0","2","2"
"上大夫的俸禄","0","2","2"
"向东攻打朝鲜","0","2","2"
"至二千石的有","0","2","2"
"皇上下诏任命","0","2","2"
"皇上认为卫绾","0","2","2"
"皇上立胶束王","0","2","2"
"金不足而获罪","0","2","2"
"兵攻打反叛者","0","2","2"
"立胶束王为太","0","2","2"
"胶束王为太子","0","2","2"
"二千石官员去","0","2","2"
"不知怎么办才","0","2","2"
"知怎么办才好","0","2","2"
"上奏太皇太后","0","2","2"
"下的人都知道","0","2","2"
"的人都知道了","0","2","2"
"在位四十年后","0","2","2"
"位四十年后去","0","2","2"
"四十年后去世","0","2","2"
"皇上多次开恩","0","2","2"
"应当忠于职守","0","2","2"
"河南郡守吴公","0","2","2"
"认为汉朝建立","0","2","2"
"车马服饰的颜","0","2","2"
"马服饰的颜色","0","2","2"
"确定官职名称","0","2","2"
"担任公卿的职","0","2","2"
"做长沙王太傅","0","2","2"
"遭受谗言而被","0","2","2"
"个强大的国家","0","2","2"
"独与大道共存","0","2","2"
"汉朝刚刚建立","0","2","2"
"谋反而被诛灭","0","2","2"
"可以为之痛哭","0","2","2"
"以为之痛哭的","0","2","2"
"要想使国家长","0","2","2"
"想使国家长治","0","2","2"
"即使唐尧虞舜","0","2","2"
"采用皇帝的礼","0","2","2"
"用皇帝的礼仪","0","2","2"
"就像车轮的辐","0","2","2"
"像车轮的辐条","0","2","2"
"车轮的辐条聚","0","2","2"
"轮的辐条聚集","0","2","2"
"下人都知道陛","0","2","2"
"实在是为了国","0","2","2"
"了国家的安定","0","2","2"
"可以为之流泪","0","2","2"
"以为之流泪的","0","2","2"
"就是这件事啊","0","2","2"
"人都认为这样","0","2","2"
"认为这样做是","0","2","2"
"为这样做是对","0","2","2"
"这样做是对的","0","2","2"
"粗厚的丝织品","0","2","2"
"要想使天下之","0","2","2"
"想使天下之人","0","2","2"
"使天下之人不","0","2","2"
"儿子成年了就","0","2","2"
"秦朝遗留下来","0","2","2"
"朝遗留下来的","0","2","2"
"理所当然的事","0","2","2"
"私下为陛下惋","0","2","2"
"下为陛下惋惜","0","2","2"
"等级制度的原","0","2","2"
"级制度的原则","0","2","2"
"为之叹息的就","0","2","2"
"之叹息的就是","0","2","2"
"叹息的就是这","0","2","2"
"周朝统治天下","0","2","2"
"夏商周三代的","0","2","2"
"周三代的君主","0","2","2"
"太子刚生下来","0","2","2"
"有道德学术的","0","2","2"
"道德学术的人","0","2","2"
"习惯于同品行","0","2","2"
"端正的人相处","0","2","2"
"周三代之所以","0","2","2"
"没有发生以前","0","2","2"
"一定要使诉讼","0","2","2"
"多而老百姓就","0","2","2"
"没有别的缘故","0","2","2"
"这是天下人都","0","2","2"
"是至高无上的","0","2","2"
"这样做是为了","0","2","2"
"能胜任官职的","0","2","2"
"他尚且为我而","0","2","2"
"我必须与他共","0","2","2"
"接受了他的意","0","2","2"
"受了他的意见","0","2","2"
"子刘武为代王","0","2","2"
"能够保全自己","0","2","2"
"官吏和老百姓","0","2","2"
"私下担心陛下","0","2","2"
"辜负了天下人","0","2","2"
"稍微考虑一下","0","2","2"
"是通常所说的","0","2","2"
"通常所说的功","0","2","2"
"常所说的功臣","0","2","2"
"不是国家的重","0","2","2"
"夏育那样的勇","0","2","2"
"次辞让天子位","0","2","2"
"也因为多次直","0","2","2"
"因为多次直言","0","2","2"
"以圣明的君主","0","2","2"
"托病辞职回家","0","2","2"
"送葬的车子有","0","2","2"
"葬的车子有一","0","2","2"
"为皇位继承人","0","2","2"
"已经九十多岁","0","2","2"
"经九十多岁了","0","2","2"
"担任太子舍人","0","2","2"
"晁错为太子家","0","2","2"
"错为太子家令","0","2","2"
"可以赐给他们","0","2","2"
"曾经入过商人","0","2","2"
"经入过商人户","0","2","2"
"入过商人户籍","0","2","2"
"过商人户籍的","0","2","2"
"募民迁徙到边","0","2","2"
"民迁徙到边塞","0","2","2"
"迁徙到边塞去","0","2","2"
"选拔豪杰英才","0","2","2"
"直言极力劝谏","0","2","2"
"士来辅佐自己","0","2","2"
"亲自处理政务","0","2","2"
"是为了自己的","0","2","2"
"请求诛杀晁错","0","2","2"
"亲听到这个消","0","2","2"
"国家不得安宁","0","2","2"
"诛杀晁错为名","0","2","2"
"三万骑兵侵入","0","2","2"
"万骑兵侵入上","0","2","2"
"车都尉霍光为","0","2","2"
"都尉霍光为大","0","2","2"
"尉霍光为大司","0","2","2"
"霍光为大司马","0","2","2"
"光为大司马大","0","2","2"
"夫田广明为祁","0","2","2"
"田广明为祁连","0","2","2"
"广明为祁连将","0","2","2"
"明为祁连将军","0","2","2"
"军赵充国为蒲","0","2","2"
"赵充国为蒲类","0","2","2"
"充国为蒲类将","0","2","2"
"国为蒲类将军","0","2","2"
"太守田顺为虎","0","2","2"
"守田顺为虎牙","0","2","2"
"田顺为虎牙将","0","2","2"
"顺为虎牙将军","0","2","2"
"周子南君为周","0","2","2"
"子南君为周承","0","2","2"
"南君为周承休","0","2","2"
"君为周承休侯","0","2","2"
"阳平侯王凤为","0","2","2"
"平侯王凤为大","0","2","2"
"侯王凤为大司","0","2","2"
"赵临为成阳侯","0","2","2"
"淳于长大逆不","0","2","2"
"于长大逆不道","0","2","2"
"定陶恭王为恭","0","2","2"
"陶恭王为恭皇","0","2","2"
"子丁满为平周","0","2","2"
"丁满为平周侯","0","2","2"
"傅晏为孔乡侯","0","2","2"
"恢复御史大夫","0","2","2"
"恭皇太后为帝","0","2","2"
"皇太后为帝太","0","2","2"
"太后为帝太太","0","2","2"
"后为帝太太后","0","2","2"
"能直言的各一","0","2","2"
"直言的各一人","0","2","2"
"孙刘信等三十","0","2","2"
"刘信等三十六","0","2","2"
"曾孙刘伦为广","0","2","2"
"孙刘伦为广德","0","2","2"
"刘伦为广德王","0","2","2"
"在位五十四年","0","2","2"
"册立王婕妤为","0","2","2"
"立王婕妤为皇","0","2","2"
"王婕妤为皇后","0","2","2"
"元朔五年春天","0","2","2"
"元六年分为右","0","2","2"
"六年分为右内","0","2","2"
"年分为右内史","0","2","2"
"有十五万四千","0","2","2"
"帝神爵二年设","0","2","2"
"神爵二年设置","0","2","2"
"帝元鼎三年设","0","2","2"
"元鼎三年设置","0","2","2"
"五藏六府痹十","0","2","2"
"藏六府痹十二","0","2","2"
"六府痹十二病","0","2","2"
"府痹十二病方","0","2","2"
"夏六月三十日","0","2","2"
"冬十月三十日","0","2","2"
"昭帝的继承人","0","2","2"
"能与他们相比","0","2","2"
"有能够引起贪","0","2","2"
"能够引起贪欲","0","2","2"
"够引起贪欲的","0","2","2"
"引起贪欲的东","0","2","2"
"起贪欲的东西","0","2","2"
"会有什么好处","0","2","2"
"皇上认为他贤","0","2","2"
"却使他的后世","0","2","2"
"使他的后世子","0","2","2"
"他的后世子孙","0","2","2"
"的后世子孙连","0","2","2"
"的君主善于供","0","2","2"
"君主善于供养","0","2","2"
"如果不是这样","0","2","2"
"什么会这样呢","0","2","2"
"我希望大王您","0","2","2"
"像翻转手掌那","0","2","2"
"翻转手掌那样","0","2","2"
"转手掌那样容","0","2","2"
"手掌那样容易","0","2","2"
"了这样的结果","0","2","2"
"审讯他的官吏","0","2","2"
"给国家带来的","0","2","2"
"是一天比一天","0","2","2"
"一天比一天骄","0","2","2"
"路上络绎不绝","0","2","2"
"照样坐在那裹","0","2","2"
"了魏其侯窦婴","0","2","2"
"被判处灭族的","0","2","2"
"了他们的土地","0","2","2"
"来就不是我们","0","2","2"
"与她发生关系","0","2","2"
"认识的还是不","0","2","2"
"识的还是不认","0","2","2"
"的还是不认识","0","2","2"
"还是不认识的","0","2","2"
"不是人力所能","0","2","2"
"天给予的福禄","0","2","2"
"有这样大的差","0","2","2"
"所以我广泛地","0","2","2"
"考核官吏的功","0","2","2"
"一定能找到人","0","2","2"
"定能找到人事","0","2","2"
"能找到人事来","0","2","2"
"找到人事来印","0","2","2"
"到人事来印证","0","2","2"
"系统整理和完","0","2","2"
"统整理和完整","0","2","2"
"案件如果是皇","0","2","2"
"件如果是皇上","0","2","2"
"如果是皇上想","0","2","2"
"果是皇上想要","0","2","2"
"玩弄法律条文","0","2","2"
"于是皇上同意","0","2","2"
"君主认为正确","0","2","2"
"主认为正确的","0","2","2"
"的少数民族也","0","2","2"
"汉武帝的旨意","0","2","2"
"而容易丧失对","0","2","2"
"容易丧失对事","0","2","2"
"易丧失对事物","0","2","2"
"丧失对事物的","0","2","2"
"失对事物的正","0","2","2"
"对事物的正确","0","2","2"
"事物的正确认","0","2","2"
"物的正确认识","0","2","2"
"不予以认真考","0","2","2"
"予以认真考虑","0","2","2"
"其实际情况与","0","2","2"
"实际情况与名","0","2","2"
"际情况与名声","0","2","2"
"在社会上立足","0","2","2"
"虽然失败被俘","0","2","2"
"从前那样求神","0","2","2"
"猜是什么东西","0","2","2"
"立昌邑王为太","0","2","2"
"昌邑王为太子","0","2","2"
"会不会像本始","0","2","2"
"不会像本始五","0","2","2"
"会像本始五年","0","2","2"
"如果得知不疑","0","2","2"
"太子的外祖父","0","2","2"
"汉宣帝请求让","0","2","2"
"您辅佐我治理","0","2","2"
"相等地方官吏","0","2","2"
"想有所作为的","0","2","2"
"知道这件事后","0","2","2"
"过了一年多时","0","2","2"
"了一年多时间","0","2","2"
"礼服车仗之事","0","2","2"
"先皇帝的衣冠","0","2","2"
"皇帝的衣冠在","0","2","2"
"帝的衣冠在陵","0","2","2"
"的衣冠在陵寝","0","2","2"
"衣冠在陵寝与","0","2","2"
"冠在陵寝与祭","0","2","2"
"在陵寝与祭庙","0","2","2"
"为不能这样做","0","2","2"
"祭祀方面的事","0","2","2"
"认为丙吉的话","0","2","2"
"帝听从了魏相","0","2","2"
"听从了魏相的","0","2","2"
"从了魏相的建","0","2","2"
"了魏相的建议","0","2","2"
"缺衣少食的人","0","2","2"
"皇帝认为丙吉","0","2","2"
"上书表示希望","0","2","2"
"知道我所说的","0","2","2"
"一直没有得到","0","2","2"
"用自己的性命","0","2","2"
"短处要求离去","0","2","2"
"改变这种风气","0","2","2"
"学习张禹的文","0","2","2"
"习张禹的文章","0","2","2"
"是一个很大的","0","2","2"
"敬畏上天就会","0","2","2"
"不知道该如何","0","2","2"
"犯法所得的贿","0","2","2"
"法所得的贿赂","0","2","2"
"认为薛宣的话","0","2","2"
"职务上的事情","0","2","2"
"务上的事情办","0","2","2"
"上的事情办理","0","2","2"
"的事情办理得","0","2","2"
"事情办理得很","0","2","2"
"情办理得很好","0","2","2"
"日食两次出现","0","2","2"
"可做的时候做","0","2","2"
"给他们的赏赐","0","2","2"
"用汉朝的法令","0","2","2"
"也要曲解法律","0","2","2"
"要曲解法律而","0","2","2"
"就大功告成了","0","2","2"
"第二天一早就","0","2","2"
"从事自己的职","0","2","2"
"身居高位的人","0","2","2"
"人听说了这件","0","2","2"
"萧望之的建议","0","2","2"
"赎罪做了平民","0","2","2"
"这事下交给大","0","2","2"
"事下交给大臣","0","2","2"
"下交给大臣们","0","2","2"
"交给大臣们商","0","2","2"
"给大臣们商议","0","2","2"
"把他们驱赶到","0","2","2"
"如果我们撤回","0","2","2"
"果我们撤回守","0","2","2"
"我们撤回守卫","0","2","2"
"这是不能这样","0","2","2"
"是不能这样做","0","2","2"
"不能这样做的","0","2","2"
"能这样做的第","0","2","2"
"如果我们接受","0","2","2"
"果我们接受了","0","2","2"
"我们接受了投","0","2","2"
"们接受了投降","0","2","2"
"独揽生杀之权","0","2","2"
"向汉朝皇帝献","0","2","2"
"很少谈论天命","0","2","2"
"就埋葬在那裹","0","2","2"
"一共有两人封","0","2","2"
"共有两人封侯","0","2","2"
"是古往今来的","0","2","2"
"的名声传遍朝","0","2","2"
"名声传遍朝野","0","2","2"
"每十天赏赐一","0","2","2"
"发生了水旱灾","0","2","2"
"生了水旱灾害","0","2","2"
"王氏家族的女","0","2","2"
"氏家族的女儿","0","2","2"
"那么群臣就会","0","2","2"
"就会明显地受","0","2","2"
"会明显地受到","0","2","2"
"德高望重的大","0","2","2"
"高望重的大臣","0","2","2"
"安装红漆大门","0","2","2"
"营造檐内台阶","0","2","2"
"收藏在保险柜","0","2","2"
"藏在保险柜裹","0","2","2"
"高明堪与天公","0","2","2"
"明堪与天公相","0","2","2"
"堪与天公相配","0","2","2"
"的女儿嫁给了","0","2","2"
"我从前在担任","0","2","2"
"从前在担任要","0","2","2"
"前在担任要职","0","2","2"
"金刀货币的便","0","2","2"
"刀货币的便利","0","2","2"
"人都赦免他们","0","2","2"
"那个等候任用","0","2","2"
"个等候任用的","0","2","2"
"了咸的儿子登","0","2","2"
"子爵男爵的封","0","2","2"
"爵男爵的封地","0","2","2"
"六项财政经济","0","2","2"
"项财政经济管","0","2","2"
"财政经济管理","0","2","2"
"政经济管理制","0","2","2"
"经济管理制度","0","2","2"
"的官吏和士兵","0","2","2"
"就是孔子所说","0","2","2"
"是孔子所说的","0","2","2"
"刚刚即位的时","0","2","2"
"刚即位的时候","0","2","2"
"朝兴起的原因","0","2","2"
"张释之上前说","0","2","2"
"么样的人物呢","0","2","2"
"样的人物呢?","0","2","2"
"陛下即使得到","0","2","2"
"下即使得到了","0","2","2"
"皇上派汲黯前","0","2","2"
"上派汲黯前往","0","2","2"
"派汲黯前往视","0","2","2"
"汲黯前往视察","0","2","2"
"武安侯田蚣为","0","2","2"
"招选贤良文学","0","2","2"
"匈奴浑邪王率","0","2","2"
"奴浑邪王率领","0","2","2"
"的有五百多人","0","2","2"
"所缴获的财物","0","2","2"
"有很多人私铸","0","2","2"
"迎合主上的心","0","2","2"
"合主上的心意","0","2","2"
"比他自己贤能","0","2","2"
"秦朝却不是这","0","2","2"
"朝却不是这样","0","2","2"
"上天降下灾祸","0","2","2"
"是贤明的君主","0","2","2"
"充分发挥自己","0","2","2"
"分发挥自己的","0","2","2"
"表达自己的意","0","2","2"
"天下之人没有","0","2","2"
"一千八百诸侯","0","2","2"
"他自己却不知","0","2","2"
"陈述自己的功","0","2","2"
"太平盛世的到","0","2","2"
"平盛世的到来","0","2","2"
"我最大的愿望","0","2","2"
"禁止私人铸钱","0","2","2"
"族军队仍不断","0","2","2"
"这是我为大王","0","2","2"
"是我为大王您","0","2","2"
"就离开吴王而","0","2","2"
"不过是一句空","0","2","2"
"过是一句空话","0","2","2"
"那样听信错误","0","2","2"
"样听信错误的","0","2","2"
"听信错误的言","0","2","2"
"信错误的言论","0","2","2"
"了中山国的相","0","2","2"
"即使是随侯之","0","2","2"
"使是随侯之珠","0","2","2"
"听从了他的建","0","2","2"
"从了他的建议","0","2","2"
"中没有谁能比","0","2","2"
"不是济北王的","0","2","2"
"这是因为他们","0","2","2"
"这是我为您深","0","2","2"
"是我为您深感","0","2","2"
"即使有一百个","0","2","2"
"并没感觉到它","0","2","2"
"一定的时候却","0","2","2"
"吴王不采纳枚","0","2","2"
"王不采纳枚乘","0","2","2"
"不采纳枚乘的","0","2","2"
"采纳枚乘的建","0","2","2"
"纳枚乘的建议","0","2","2"
"帝听说这件事","0","2","2"
"也不如吴国的","0","2","2"
"太子时就听说","0","2","2"
"周武王的事业","0","2","2"
"为百姓解除疾","0","2","2"
"百姓解除疾苦","0","2","2"
"的官吏更厉害","0","2","2"
"官吏更厉害的","0","2","2"
"命令公卿大臣","0","2","2"
"儿子和孙子都","0","2","2"
"魏其侯当丞相","0","2","2"
"舅父的身份被","0","2","2"
"父的身份被封","0","2","2"
"那些趋炎附势","0","2","2"
"些趋炎附势的","0","2","2"
"皇上于是任用","0","2","2"
"韩安国为御史","0","2","2"
"安国为御史大","0","2","2"
"国为御史大夫","0","2","2"
"二千石的职位","0","2","2"
"太后去世以后","0","2","2"
"向皇上报告了","0","2","2"
"去拜访魏其侯","0","2","2"
"亲自前往迎接","0","2","2"
"了大逆不道的","0","2","2"
"在朝的大臣们","0","2","2"
"魏其侯所说的","0","2","2"
"其侯所说的为","0","2","2"
"侯所说的为是","0","2","2"
"二千石官吏的","0","2","2"
"梁王派来的使","0","2","2"
"王派来的使者","0","2","2"
"王的所作所为","0","2","2"
"子向太后谢罪","0","2","2"
"任用韩安国为","0","2","2"
"皇上因为太后","0","2","2"
"上因为太后的","0","2","2"
"因为太后的缘","0","2","2"
"为太后的缘故","0","2","2"
"天下的精兵强","0","2","2"
"下的精兵强将","0","2","2"
"万骑兵进入武","0","2","2"
"骑兵进入武州","0","2","2"
"兵进入武州塞","0","2","2"
"一进入马邑城","0","2","2"
"攻击匈奴的辎","0","2","2"
"临江闵王刘荣","0","2","2"
"河间献王刘德","0","2","2"
"江都易王刘非","0","2","2"
"胶西于王刘端","0","2","2"
"位二十六年薨","0","2","2"
"在位四十三年","0","2","2"
"位四十三年薨","0","2","2"
"件事交给廷尉","0","2","2"
"交给廷尉审理","0","2","2"
"鲁恭王刘余在","0","2","2"
"前元二年封为","0","2","2"
"儿子文王刘睃","0","2","2"
"在位十八年薨","0","2","2"
"家人上书申诉","0","2","2"
"已有很长时间","0","2","2"
"所不能赦免的","0","2","2"
"新都侯王莽执","0","2","2"
"帝前元三年封","0","2","2"
"前元三年封王","0","2","2"
"杀了他的儿子","0","2","2"
"相二千石到来","0","2","2"
"二千石到来的","0","2","2"
"在位四十七年","0","2","2"
"在位十一年薨","0","2","2"
"位二十五年薨","0","2","2"
"裹的鼠不能用","0","2","2"
"位二十一年薨","0","2","2"
"长沙定王刘发","0","2","2"
"中元二年封王","0","2","2"
"在位十三年薨","0","2","2"
"上奏得到许可","0","2","2"
"孝文帝十四年","0","2","2"
"个骑白马的将","0","2","2"
"骑白马的将领","0","2","2"
"未央宫的卫尉","0","2","2"
"广担任骁骑将","0","2","2"
"担任骁骑将军","0","2","2"
"从定襄郡出击","0","2","2"
"定襄郡出击匈","0","2","2"
"襄郡出击匈奴","0","2","2"
"率领四千骑兵","0","2","2"
"张骞率领一万","0","2","2"
"匈奴左贤王带","0","2","2"
"奴左贤王带领","0","2","2"
"按汉朝的法律","0","2","2"
"到二千石级的","0","2","2"
"的军官和士兵","0","2","2"
"出击匈奴以来","0","2","2"
"没有些微的功","0","2","2"
"有些微的功劳","0","2","2"
"用欺骗的手段","0","2","2"
"所以不得封侯","0","2","2"
"家裹没有多余","0","2","2"
"我从年轻的时","0","2","2"
"从年轻的时候","0","2","2"
"年轻的时候起","0","2","2"
"右将军趟食其","0","2","2"
"校尉的身份跟","0","2","2"
"尉的身份跟随","0","2","2"
"攻打匈奴左贤","0","2","2"
"打匈奴左贤王","0","2","2"
"以防备匈奴侵","0","2","2"
"防备匈奴侵犯","0","2","2"
"将军讨伐大宛","0","2","2"
"攻击贰师将军","0","2","2"
"都尉路博德率","0","2","2"
"尉路博德率兵","0","2","2"
"浞野侯趟破奴","0","2","2"
"野侯趟破奴的","0","2","2"
"李陵率领步兵","0","2","2"
"陵率领步兵五","0","2","2"
"骑兵包围了李","0","2","2"
"率领几万骑兵","0","2","2"
"那些贪生怕死","0","2","2"
"衹顾保全身家","0","2","2"
"顾保全身家性","0","2","2"
"保全身家性命","0","2","2"
"全身家性命的","0","2","2"
"身家性命的臣","0","2","2"
"家性命的臣子","0","2","2"
"率领不到五千","0","2","2"
"就是古代名将","0","2","2"
"是古代名将也","0","2","2"
"也足以光耀天","0","2","2"
"足以光耀天下","0","2","2"
"以光耀天下了","0","2","2"
"将军公孙敖率","0","2","2"
"领步兵五千人","0","2","2"
"有什么对不起","0","2","2"
"匈奴二十多年","0","2","2"
"以校尉身份跟","0","2","2"
"将军身份再次","0","2","2"
"从大将军出兵","0","2","2"
"害怕汉朝袭击","0","2","2"
"送给单于许多","0","2","2"
"单于出去打猎","0","2","2"
"给他衣服和食","0","2","2"
"他衣服和食物","0","2","2"
"在匈奴被扣留","0","2","2"
"上官桀的儿子","0","2","2"
"官桀的儿子上","0","2","2"
"桀的儿子上官","0","2","2"
"的儿子上官安","0","2","2"
"的长史杨敞没","0","2","2"
"长史杨敞没有","0","2","2"
"史杨敞没有功","0","2","2"
"杨敞没有功劳","0","2","2"
"立宣帝的计谋","0","2","2"
"被赐给关内侯","0","2","2"
"侯的爵位和三","0","2","2"
"的爵位和三百","0","2","2"
"爵位和三百户","0","2","2"
"将军博陆侯霍","0","2","2"
"是河东平阳人","0","2","2"
"长公主的女儿","0","2","2"
"听说卫子夫得","0","2","2"
"担任车骑将军","0","2","2"
"她被立为皇后","0","2","2"
"率领三万骑兵","0","2","2"
"增封卫青食邑","0","2","2"
"将军卫青统率","0","2","2"
"卫尉苏建担任","0","2","2"
"左内史李沮担","0","2","2"
"内史李沮担任","0","2","2"
"史李沮担任强","0","2","2"
"李沮担任强弩","0","2","2"
"沮担任强弩将","0","2","2"
"太仆公孙贺担","0","2","2"
"仆公孙贺担任","0","2","2"
"包围了右贤王","0","2","2"
"卫青率军回来","0","2","2"
"归大将军统率","0","2","2"
"在部队裹任职","0","2","2"
"三次跟随大将","0","2","2"
"将军出击匈奴","0","2","2"
"跟随大将军俘","0","2","2"
"随大将军俘获","0","2","2"
"大将军俘获匈","0","2","2"
"将军俘获匈奴","0","2","2"
"军俘获匈奴王","0","2","2"
"两次跟随大将","0","2","2"
"匈奴侵入代郡","0","2","2"
"降汉朝后被封","0","2","2"
"将军卫青出征","0","2","2"
"王夫人的母亲","0","2","2"
"骑兵从陇西出","0","2","2"
"兵从陇西出发","0","2","2"
"休屠王的祭天","0","2","2"
"屠王的祭天金","0","2","2"
"王的祭天金人","0","2","2"
"骑侯公孙敖因","0","2","2"
"以左庶长的爵","0","2","2"
"到武帝的宠爱","0","2","2"
"与大将军卫青","0","2","2"
"商量投降汉朝","0","2","2"
"将军霍去病率","0","2","2"
"百户加封骠骑","0","2","2"
"户加封骠骑将","0","2","2"
"加封骠骑将军","0","2","2"
"赵信为单于出","0","2","2"
"将军霍去病各","0","2","2"
"率领五万骑兵","0","2","2"
"卫青从定襄出","0","2","2"
"青从定襄出发","0","2","2"
"用来供给部队","0","2","2"
"文书所列罪状","0","2","2"
"右谷蠡王才去","0","2","2"
"谷蠡王才去掉","0","2","2"
"蠡王才去掉单","0","2","2"
"王才去掉单于","0","2","2"
"校尉身份随从","0","2","2"
"尉身份随从大","0","2","2"
"以校尉职务随","0","2","2"
"校尉职务随从","0","2","2"
"尉职务随从大","0","2","2"
"职务随从大将","0","2","2"
"务随从大将军","0","2","2"
"听说五帝三王","0","2","2"
"圣明的君王死","0","2","2"
"君主承受天命","0","2","2"
"承受天命的凭","0","2","2"
"受天命的凭证","0","2","2"
"可以招致祥瑞","0","2","2"
"以招致祥瑞的","0","2","2"
"帝王治理天下","0","2","2"
"王治理天下的","0","2","2"
"治理天下的道","0","2","2"
"周成王和周康","0","2","2"
"成王和周康王","0","2","2"
"亲自耕种籍田","0","2","2"
"即位做了天子","0","2","2"
"就不能成就美","0","2","2"
"臣听说圣明的","0","2","2"
"圣明的君王治","0","2","2"
"明的君王治理","0","2","2"
"的君王治理天","0","2","2"
"君王治理天下","0","2","2"
"所听到的道理","0","2","2"
"俸二千石的大","0","2","2"
"在却不是这样","0","2","2"
"臣愚蠢地认为","0","2","2"
"往上赞美唐尧","0","2","2"
"看到这些渐渐","0","2","2"
"到这些渐渐灭","0","2","2"
"这些渐渐灭亡","0","2","2"
"些渐渐灭亡和","0","2","2"
"我要虚心改正","0","2","2"
"要虚心改正错","0","2","2"
"虚心改正错误","0","2","2"
"君臣上下的名","0","2","2"
"臣上下的名分","0","2","2"
"知道自己比万","0","2","2"
"道自己比万物","0","2","2"
"自己比万物可","0","2","2"
"己比万物可贵","0","2","2"
"安心处于善道","0","2","2"
"乐于遵循道理","0","2","2"
"渐渐昌盛的道","0","2","2"
"渐昌盛的道理","0","2","2"
"一天比一天混","0","2","2"
"天比一天混乱","0","2","2"
"而能治理国家","0","2","2"
"能治理国家的","0","2","2"
"也是可以知道","0","2","2"
"论政事的得失","0","2","2"
"古时候的天下","0","2","2"
"的天下也就是","0","2","2"
"是接受了大的","0","2","2"
"不能再取小的","0","2","2"
"穷人穷急愁苦","0","2","2"
"处在上位的人","0","2","2"
"在鲁国做宰相","0","2","2"
"贪婪卑鄙的行","0","2","2"
"婪卑鄙的行为","0","2","2"
"是汉武帝的哥","0","2","2"
"汉武帝的哥哥","0","2","2"
"他的儿子和孙","0","2","2"
"开通去夜郎的","0","2","2"
"通去夜郎的道","0","2","2"
"去夜郎的道路","0","2","2"
"才有异乎寻常","0","2","2"
"乎寻常的事业","0","2","2"
"于水深火热之","0","2","2"
"水深火热之中","0","2","2"
"天子的当务之","0","2","2"
"飘飘然有凌云","0","2","2"
"飘然有凌云的","0","2","2"
"泰山和梁父山","0","2","2"
"圣明的君主不","0","2","2"
"的时候一定要","0","2","2"
"武帝刚刚即位","0","2","2"
"选贤良文学之","0","2","2"
"长出谷粒丰满","0","2","2"
"出谷粒丰满的","0","2","2"
"对待百姓有信","0","2","2"
"待百姓有信义","0","2","2"
"有先圣的名声","0","2","2"
"令人憎恶的法","0","2","2"
"人憎恶的法令","0","2","2"
"皇上询问公孙","0","2","2"
"上询问公孙弘","0","2","2"
"了解臣的人认","0","2","2"
"解臣的人认为","0","2","2"
"臣的人认为臣","0","2","2"
"的人认为臣是","0","2","2"
"使者报告朝廷","0","2","2"
"判决疑难案件","0","2","2"
"倪宽为御史大","0","2","2"
"宽为御史大夫","0","2","2"
"时皇上正喜好","0","2","2"
"公卿以下直到","0","2","2"
"交给司法官吏","0","2","2"
"鲁谒居的弟弟","0","2","2"
"所得俸禄和赏","0","2","2"
"得俸禄和赏赐","0","2","2"
"及御史大夫桑","0","2","2"
"军霍光去世后","0","2","2"
"霍禹为大司马","0","2","2"
"杜周担任廷尉","0","2","2"
"上官桀父子与","0","2","2"
"判处弃市死刑","0","2","2"
"对大将军霍光","0","2","2"
"赐他安车驷马","0","2","2"
"当时帝舅大将","0","2","2"
"时帝舅大将军","0","2","2"
"对大将军王凤","0","2","2"
"大将军王凤说","0","2","2"
"夷狄侵扰中原","0","2","2"
"是社稷的忧患","0","2","2"
"尉定陵侯淳于","0","2","2"
"陵侯淳于长有","0","2","2"
"侯淳于长有罪","0","2","2"
"获罪被免为庶","0","2","2"
"罪被免为庶人","0","2","2"
"的匈奴人说匈","0","2","2"
"匈奴人说匈奴","0","2","2"
"以郎官的身份","0","2","2"
"认为张骞说得","0","2","2"
"为张骞说得对","0","2","2"
"过着定居的生","0","2","2"
"着定居的生活","0","2","2"
"的身份跟随大","0","2","2"
"率领他的部众","0","2","2"
"又过了一年多","0","2","2"
"张骞开辟了通","0","2","2"
"骞开辟了通往","0","2","2"
"开辟了通往西","0","2","2"
"辟了通往西域","0","2","2"
"了通往西域的","0","2","2"
"派使者到安息","0","2","2"
"被昆明夷所阻","0","2","2"
"于是汉武帝派","0","2","2"
"从汉武帝时开","0","2","2"
"派浞野侯赵破","0","2","2"
"李广利的妹妹","0","2","2"
"广利的妹妹李","0","2","2"
"利的妹妹李夫","0","2","2"
"的妹妹李夫人","0","2","2"
"广利为贰师将","0","2","2"
"利为贰师将军","0","2","2"
"那些品行恶劣","0","2","2"
"些品行恶劣的","0","2","2"
"品行恶劣的少","0","2","2"
"行恶劣的少年","0","2","2"
"贰师将军的部","0","2","2"
"师将军的部队","0","2","2"
"死伤的人很多","0","2","2"
"汉武帝却认为","0","2","2"
"们都认为这样","0","2","2"
"王申生的部队","0","2","2"
"贰师将军的大","0","2","2"
"师将军的大部","0","2","2"
"将军的大部队","0","2","2"
"千石级官吏的","0","2","2"
"下的一千多人","0","2","2"
"是他们的后代","0","2","2"
"周宣王的时候","0","2","2"
"采纳了他的建","0","2","2"
"纳了他的建议","0","2","2"
"使人受到限制","0","2","2"
"人受到限制而","0","2","2"
"受到限制而产","0","2","2"
"到限制而产生","0","2","2"
"限制而产生许","0","2","2"
"制而产生许多","0","2","2"
"而产生许多畏","0","2","2"
"产生许多畏惧","0","2","2"
"广博而缺少要","0","2","2"
"博而缺少要领","0","2","2"
"费力不少而功","0","2","2"
"力不少而功效","0","2","2"
"君臣父子之间","0","2","2"
"臣父子之间的","0","2","2"
"父子之间的礼","0","2","2"
"子之间的礼仪","0","2","2"
"夫妇长幼之间","0","2","2"
"妇长幼之间的","0","2","2"
"长幼之间的区","0","2","2"
"幼之间的区别","0","2","2"
"这是各家学说","0","2","2"
"是各家学说也","0","2","2"
"各家学说也不","0","2","2"
"家学说也不能","0","2","2"
"对此我感到十","0","2","2"
"此我感到十分","0","2","2"
"不敢有丝毫的","0","2","2"
"的不能不通晓","0","2","2"
"君主不像君主","0","2","2"
"儿子不像儿子","0","2","2"
"担任这一职务","0","2","2"
"共一百三十篇","0","2","2"
"抒发内心的愤","0","2","2"
"发内心的愤懑","0","2","2"
"受过宫刑的人","0","2","2"
"人超过了自己","0","2","2"
"不是这样的吗","0","2","2"
"被关在监狱裹","0","2","2"
"左丘明双目失","0","2","2"
"丘明双目失明","0","2","2"
"生下儿子刘进","0","2","2"
"以及卫氏一家","0","2","2"
"皇后弟弟的儿","0","2","2"
"后弟弟的儿子","0","2","2"
"帝正在甘泉宫","0","2","2"
"车千秋为丞相","0","2","2"
"夫人生的儿子","0","2","2"
"就颁下诏书说","0","2","2"
"配置供奉采地","0","2","2"
"建立你这个国","0","2","2"
"立你这个国家","0","2","2"
"代做汉朝的藩","0","2","2"
"做汉朝的藩篱","0","2","2"
"汉朝的藩篱辅","0","2","2"
"朝的藩篱辅翼","0","2","2"
"你要全心全意","0","2","2"
"你这个国王可","0","2","2"
"这个国王可要","0","2","2"
"个国王可要警","0","2","2"
"国王可要警惕","0","2","2"
"王可要警惕啊","0","2","2"
"孝王的孙子刘","0","2","2"
"掌管地方行政","0","2","2"
"接受了英明的","0","2","2"
"受了英明的诏","0","2","2"
"已三十多年了","0","2","2"
"不是孝惠帝的","0","2","2"
"了刘泽等人的","0","2","2"
"刘泽等人的阴","0","2","2"
"泽等人的阴谋","0","2","2"
"姐鄂邑盖长公","0","2","2"
"帝上书告发霍","0","2","2"
"于是亲近信任","0","2","2"
"了上官桀等人","0","2","2"
"将军与右将军","0","2","2"
"部署中二千石","0","2","2"
"用绶带自绞而","0","2","2"
"绶带自绞而死","0","2","2"
"在位二十年薨","0","2","2"
"昭帝刚即位时","0","2","2"
"刘胥的小儿子","0","2","2"
"后来昌邑王被","0","2","2"
"来昌邑王被废","0","2","2"
"对姬妾南等人","0","2","2"
"姬妾南等人说","0","2","2"
"大臣们进行商","0","2","2"
"臣们进行商议","0","2","2"
"违法作乱的人","0","2","2"
"世世代代平安","0","2","2"
"被选举为博士","0","2","2"
"国的风俗教化","0","2","2"
"托朝廷命令行","0","2","2"
"朝廷命令行事","0","2","2"
"报了所做的事","0","2","2"
"被任命为谒者","0","2","2"
"足以独挡一面","0","2","2"
"不是他的过错","0","2","2"
"背着烹调用的","0","2","2"
"着烹调用的鼎","0","2","2"
"实现了自己的","0","2","2"
"上疏谈论政事","0","2","2"
"疏谈论政事的","0","2","2"
"想接受声威教","0","2","2"
"接受声威教化","0","2","2"
"受声威教化的","0","2","2"
"声威教化的就","0","2","2"
"一天走五十里","0","2","2"
"我愚昧地认为","0","2","2"
"议论石显的短","0","2","2"
"论石显的短处","0","2","2"
"代替五鹿充宗","0","2","2"
"是百官的根本","0","2","2"
"我们私下看到","0","2","2"
"明了熟悉政事","0","2","2"
"议论国家政事","0","2","2"
"论国家政事的","0","2","2"
"国家政事的得","0","2","2"
"家政事的得失","0","2","2"
"自己才能的人","0","2","2"
"己才能的人数","0","2","2"
"背诵了二十二","0","2","2"
"诵了二十二万","0","2","2"
"屁股越来越高","0","2","2"
"责问东方朔说","0","2","2"
"于是得到武帝","0","2","2"
"是得到武帝的","0","2","2"
"将此事上奏皇","0","2","2"
"此事上奏皇帝","0","2","2"
"自己责备自己","0","2","2"
"向皇上进谏说","0","2","2"
"这是不能建上","0","2","2"
"是不能建上林","0","2","2"
"不能建上林苑","0","2","2"
"能建上林苑的","0","2","2"
"的第一个原因","0","2","2"
"的第二个原因","0","2","2"
"的第三个原因","0","2","2"
"赏赐黄金一百","0","2","2"
"赐黄金一百斤","0","2","2"
"隆虑公主的儿","0","2","2"
"虑公主的儿子","0","2","2"
"有什么脸面进","0","2","2"
"把长门园献给","0","2","2"
"天下没有不知","0","2","2"
"下没有不知道","0","2","2"
"天下崇尚奢侈","0","2","2"
"该让他自己去","0","2","2"
"有人臣的礼节","0","2","2"
"饿死在首阳山","0","2","2"
"献出自己的全","0","2","2"
"出自己的全部","0","2","2"
"就差不多可以","0","2","2"
"喜欢多事的人","0","2","2"
"任陇西郡太守","0","2","2"
"被任命为丞相","0","2","2"
"皇后姐姐的儿","0","2","2"
"指使巫师在祭","0","2","2"
"使巫师在祭祀","0","2","2"
"祭祀时诅咒皇","0","2","2"
"祀时诅咒皇上","0","2","2"
"他所犯的罪行","0","2","2"
"二千石以下官","0","2","2"
"千石以下官吏","0","2","2"
"相刘屈牦的军","0","2","2"
"刘屈牦的军队","0","2","2"
"流放到敦煌郡","0","2","2"
"过了二十多天","0","2","2"
"军李广利率兵","0","2","2"
"率兵出击匈奴","0","2","2"
"儿子玩弄父亲","0","2","2"
"子玩弄父亲的","0","2","2"
"玩弄父亲的军","0","2","2"
"弄父亲的军队","0","2","2"
"不能处理政事","0","2","2"
"由大将军霍光","0","2","2"
"大将军霍光决","0","2","2"
"车千秋的儿子","0","2","2"
"谧号称为敬侯","0","2","2"
"霍光与车骑将","0","2","2"
"光与车骑将军","0","2","2"
"让大司农田延","0","2","2"
"废掉了昌邑王","0","2","2"
"任子制度被任","0","2","2"
"子制度被任命","0","2","2"
"制度被任命为","0","2","2"
"度被任命为郎","0","2","2"
"上书举告杨惲","0","2","2"
"交给廷尉审讯","0","2","2"
"带领妻子儿女","0","2","2"
"子儿女流放到","0","2","2"
"为皇帝的老师","0","2","2"
"替于定国做了","0","2","2"
"万年的儿子陈","0","2","2"
"年的儿子陈咸","0","2","2"
"这时中书令石","0","2","2"
"云上书为自己","0","2","2"
"上书为自己辩","0","2","2"
"在所任职的地","0","2","2"
"所任职的地方","0","2","2"
"征召入京做了","0","2","2"
"为光禄大夫给","0","2","2"
"王立有罪回到","0","2","2"
"因为政绩突出","0","2","2"
"以圣明的君王","0","2","2"
"丁外人很要好","0","2","2"
"渭城县令胡建","0","2","2"
"下了他们的奏","0","2","2"
"了他们的奏章","0","2","2"
"贡禹任御史大","0","2","2"
"禹任御史大夫","0","2","2"
"位在九卿之上","0","2","2"
"不是重视国家","0","2","2"
"五鹿充宗结成","0","2","2"
"起草奏章草稿","0","2","2"
"交给御史中丞","0","2","2"
"是皇帝的老师","0","2","2"
"九江郡寿春县","0","2","2"
"江郡寿春县人","0","2","2"
"年轻时在长安","0","2","2"
"给大将军王凤","0","2","2"
"梅福又上书说","0","2","2"
"遵循高祖皇帝","0","2","2"
"循高祖皇帝的","0","2","2"
"高祖皇帝的法","0","2","2"
"祖皇帝的法令","0","2","2"
"皇帝的法令制","0","2","2"
"这时候汉武帝","0","2","2"
"多次上书求见","0","2","2"
"汉朝受尊崇的","0","2","2"
"交给廷尉处理","0","2","2"
"不必要的法律","0","2","2"
"保全别人会保","0","2","2"
"全别人会保全","0","2","2"
"别人会保全自","0","2","2"
"人会保全自己","0","2","2"
"封赏他的子孙","0","2","2"
"的后裔为诸侯","0","2","2"
"后裔为诸侯王","0","2","2"
"宋国的嫡系后","0","2","2"
"国的嫡系后裔","0","2","2"
"封孔子的后代","0","2","2"
"孔子的后代为","0","2","2"
"为成帝的后嗣","0","2","2"
"都留在中山国","0","2","2"
"王莽的长子王","0","2","2"
"事情被发觉后","0","2","2"
"是吴章的弟子","0","2","2"
"良家子弟善于","0","2","2"
"家子弟善于骑","0","2","2"
"子弟善于骑马","0","2","2"
"弟善于骑马射","0","2","2"
"于骑马射箭被","0","2","2"
"为人沉着勇敢","0","2","2"
"汉武帝的时候","0","2","2"
"贰师将军带领","0","2","2"
"题除渠堂投降","0","2","2"
"赵充国率领四","0","2","2"
"充国率领四万","0","2","2"
"义渠安国出使","0","2","2"
"渠安国出使巡","0","2","2"
"安国出使巡视","0","2","2"
"国出使巡视各","0","2","2"
"有自己的首领","0","2","2"
"告诉各差人部","0","2","2"
"诉各差人部落","0","2","2"
"十多万人投降","0","2","2"
"万人投降了匈","0","2","2"
"人投降了匈奴","0","2","2"
"多次派使者到","0","2","2"
"派遣义渠安国","0","2","2"
"已经七十多岁","0","2","2"
"三十天的粮草","0","2","2"
"了他们的牲畜","0","2","2"
"了他们的妻子","0","2","2"
"赦免他们的罪","0","2","2"
"将军一千二百","0","2","2"
"用兵的利害关","0","2","2"
"兵的利害关系","0","2","2"
"不是臣下所能","0","2","2"
"是臣下所能比","0","2","2"
"臣下所能比得","0","2","2"
"下所能比得上","0","2","2"
"所能比得上的","0","2","2"
"制服敌人的战","0","2","2"
"服敌人的战术","0","2","2"
"命令军队出击","0","2","2"
"不合皇上的意","0","2","2"
"合皇上的意旨","0","2","2"
"留守屯田作为","0","2","2"
"充国上奏说道","0","2","2"
"年老体弱的人","0","2","2"
"可以得到赏赐","0","2","2"
"把他们的妻子","0","2","2"
"人小规模地入","0","2","2"
"小规模地入侵","0","2","2"
"臣下有幸得以","0","2","2"
"交给公卿大臣","0","2","2"
"强弩两位将军","0","2","2"
"千多人投降了","0","2","2"
"多人投降了汉","0","2","2"
"人投降了汉朝","0","2","2"
"将军辛武贤在","0","2","2"
"重续功臣的后","0","2","2"
"续功臣的后代","0","2","2"
"上奏密封章疏","0","2","2"
"时因为父亲的","0","2","2"
"被征召任命为","0","2","2"
"征召任命为光","0","2","2"
"召任命为光禄","0","2","2"
"升为左曹中郎","0","2","2"
"千石的有十多","0","2","2"
"石的有十多人","0","2","2"
"是大将军王凤","0","2","2"
"等到吕宽的事","0","2","2"
"到吕宽的事情","0","2","2"
"把他们都杀了","0","2","2"
"杀了匈奴使者","0","2","2"
"两个壮士从后","0","2","2"
"个壮士从后面","0","2","2"
"封傅介子为义","0","2","2"
"傅介子为义阳","0","2","2"
"介子为义阳侯","0","2","2"
"常惠出使乌孙","0","2","2"
"公主和乌孙王","0","2","2"
"通过常惠上书","0","2","2"
"侯以下的五万","0","2","2"
"以下的五万多","0","2","2"
"下的五万多骑","0","2","2"
"的五万多骑兵","0","2","2"
"五万多骑兵从","0","2","2"
"万多骑兵从西","0","2","2"
"俘获了单于的","0","2","2"
"获了单于的父","0","2","2"
"被贵人姑翼所","0","2","2"
"封国传到曾孙","0","2","2"
"逐王为归德侯","0","2","2"
"郑吉为安远侯","0","2","2"
"单于和郅支单","0","2","2"
"于和郅支单于","0","2","2"
"后来呼韩邪单","0","2","2"
"来呼韩邪单于","0","2","2"
"郅支单于以为","0","2","2"
"支单于以为呼","0","2","2"
"单于以为呼韩","0","2","2"
"于以为呼韩邪","0","2","2"
"呼韩邪单于回","0","2","2"
"派使者把他的","0","2","2"
"给国家带来灾","0","2","2"
"又听说呼韩邪","0","2","2"
"这是他们的天","0","2","2"
"有城镇的各国","0","2","2"
"军队攻打他们","0","2","2"
"陈汤命令军队","0","2","2"
"互相通报情况","0","2","2"
"士兵都拉满弓","0","2","2"
"单于听说汉朝","0","2","2"
"听说汉朝军队","0","2","2"
"了郅支单于的","0","2","2"
"的头悬挂在稿","0","2","2"
"头悬挂在稿街","0","2","2"
"强大的汉朝的","0","2","2"
"诛杀郅支单于","0","2","2"
"郅支单于的脑","0","2","2"
"支单于的脑袋","0","2","2"
"于万里之外的","0","2","2"
"万里之外的地","0","2","2"
"里之外的地方","0","2","2"
"奖励有功之人","0","2","2"
"杀害了汉朝使","0","2","2"
"害了汉朝使者","0","2","2"
"严格要求自己","0","2","2"
"来侍奉皇帝的","0","2","2"
"楚国有子玉得","0","2","2"
"国有子玉得臣","0","2","2"
"是国家得力的","0","2","2"
"未曾有过这样","0","2","2"
"曾有过这样的","0","2","2"
"被关在牢裹很","0","2","2"
"关在牢裹很久","0","2","2"
"在牢裹很久了","0","2","2"
"乌孙国的军队","0","2","2"
"西域有城镇的","0","2","2"
"域有城镇的国","0","2","2"
"有城镇的国家","0","2","2"
"城镇的国家以","0","2","2"
"镇的国家以及","0","2","2"
"的国家以及敦","0","2","2"
"国家以及敦煌","0","2","2"
"家以及敦煌的","0","2","2"
"以及敦煌的军","0","2","2"
"及敦煌的军队","0","2","2"
"攻打郅支单于","0","2","2"
"将军王凤上奏","0","2","2"
"赐给关内侯爵","0","2","2"
"给关内侯爵位","0","2","2"
"此事交给有关","0","2","2"
"有人就问陈汤","0","2","2"
"当时成都侯王","0","2","2"
"时成都侯王商","0","2","2"
"不是他所应当","0","2","2"
"是他所应当说","0","2","2"
"他所应当说的","0","2","2"
"犯了大不敬的","0","2","2"
"了大不敬的罪","0","2","2"
"来防止还没有","0","2","2"
"王莽为安汉公","0","2","2"
"甘延寿的功劳","0","2","2"
"敬重他的威望","0","2","2"
"他为雁门太守","0","2","2"
"戊己校尉的军","0","2","2"
"己校尉的军队","0","2","2"
"安定了他的国","0","2","2"
"定了他的国家","0","2","2"
"又派遣段会宗","0","2","2"
"末振将的太子","0","2","2"
"振将的太子番","0","2","2"
"将的太子番丘","0","2","2"
"官吏百姓都敬","0","2","2"
"中二千石等官","0","2","2"
"二千石等官吏","0","2","2"
"束海郡兰陵县","0","2","2"
"海郡兰陵县人","0","2","2"
"郡决曹等官职","0","2","2"
"被破格提升为","0","2","2"
"年任御史大夫","0","2","2"
"以列侯的身份","0","2","2"
"后升任谏大夫","0","2","2"
"升任丞相司直","0","2","2"
"汉哀帝即位后","0","2","2"
"光禄大夫诸吏","0","2","2"
"起来接受封侯","0","2","2"
"书请求告老还","0","2","2"
"辅佐我治理国","0","2","2"
"事的时间不长","0","2","2"
"这都是因为我","0","2","2"
"诸侯王国的人","0","2","2"
"侯王国的人不","0","2","2"
"皇室的禁卫工","0","2","2"
"室的禁卫工作","0","2","2"
"逢元寿元年正","0","2","2"
"年正月初一出","0","2","2"
"正月初一出现","0","2","2"
"月初一出现日","0","2","2"
"初一出现日食","0","2","2"
"不改变自己的","0","2","2"
"难道是因为其","0","2","2"
"道是因为其身","0","2","2"
"是因为其身为","0","2","2"
"因为其身为公","0","2","2"
"为其身为公卿","0","2","2"
"其身为公卿吗","0","2","2"
"是国家的宝贝","0","2","2"
"这非古之有道","0","2","2"
"非古之有道之","0","2","2"
"继承社稷江山","0","2","2"
"希望大王明察","0","2","2"
"郎中令龚遂因","0","2","2"
"帝亲自处理政","0","2","2"
"用能干的官吏","0","2","2"
"说圣明的君主","0","2","2"
"汉元帝即位不","0","2","2"
"升任司隶校尉","0","2","2"
"考察他处理政","0","2","2"
"接任御史大夫","0","2","2"
"王骏为御史大","0","2","2"
"骏为御史大夫","0","2","2"
"入朝为御史大","0","2","2"
"朝为御史大夫","0","2","2"
"漠平帝即位后","0","2","2"
"被推举为贤良","0","2","2"
"任用贤能之人","0","2","2"
"没有一定的规","0","2","2"
"齐地的三服官","0","2","2"
"其原因就在于","0","2","2"
"希望陛下您深","0","2","2"
"开始交纳口钱","0","2","2"
"审理和判决案","0","2","2"
"理和判决案件","0","2","2"
"选拔举荐人才","0","2","2"
"行勤俭节约的","0","2","2"
"几个月后去世","0","2","2"
"为他们准备车","0","2","2"
"迁为光禄大夫","0","2","2"
"因此而违逆了","0","2","2"
"到御史中丞那","0","2","2"
"任命他的儿子","0","2","2"
"汉兄长的儿子","0","2","2"
"始终不肯接受","0","2","2"
"没有人知道他","0","2","2"
"司马卫将军王","0","2","2"
"马卫将军王商","0","2","2"
"时哀帝的祖母","0","2","2"
"和成帝的母亲","0","2","2"
"成帝的母亲同","0","2","2"
"七种导致百姓","0","2","2"
"罢免他的官职","0","2","2"
"人们都称赞他","0","2","2"
"赤眉军攻入长","0","2","2"
"眉军攻入长安","0","2","2"
"的我们的祖先","0","2","2"
"在朝廷上争论","0","2","2"
"也因为精通经","0","2","2"
"被提拔为谏大","0","2","2"
"提拔为谏大夫","0","2","2"
"的哥哥韦弘做","0","2","2"
"应当做韦家的","0","2","2"
"当做韦家的继","0","2","2"
"做韦家的继承","0","2","2"
"韦家的继承人","0","2","2"
"都被免去官职","0","2","2"
"我有什么脸面","0","2","2"
"我那英俊的长","0","2","2"
"那英俊的长兄","0","2","2"
"于定国做了丞","0","2","2"
"定国做了丞相","0","2","2"
"他的儿子节侯","0","2","2"
"有宰相的才干","0","2","2"
"帝做定陶王的","0","2","2"
"做定陶王的时","0","2","2"
"定陶王的时候","0","2","2"
"做到二千石官","0","2","2"
"皇帝所在的地","0","2","2"
"帝所在的地方","0","2","2"
"各诸侯国的宗","0","2","2"
"诸侯国的宗庙","0","2","2"
"过的地方建立","0","2","2"
"亲自主持祭祀","0","2","2"
"不要再修建了","0","2","2"
"的君王制定礼","0","2","2"
"的祭庙万世不","0","2","2"
"祭庙万世不毁","0","2","2"
"诸侯国的君主","0","2","2"
"庙经过五代就","0","2","2"
"受命于天而称","0","2","2"
"命于天而称王","0","2","2"
"亲属关系疏远","0","2","2"
"属关系疏远了","0","2","2"
"后稷最早受封","0","2","2"
"稷最早受封建","0","2","2"
"最早受封建国","0","2","2"
"武王受命于天","0","2","2"
"世世代代不毁","0","2","2"
"世代代不毁弃","0","2","2"
"亲子孙都已死","0","2","2"
"子孙都已死尽","0","2","2"
"皇考庙因为亲","0","2","2"
"考庙因为亲子","0","2","2"
"亲子孙还没有","0","2","2"
"子孙还没有死","0","2","2"
"孙还没有死尽","0","2","2"
"应该为他建立","0","2","2"
"认为孝武皇帝","0","2","2"
"改定正朔历法","0","2","2"
"四边的少数民","0","2","2"
"高皇帝为汉太","0","2","2"
"皇帝为汉太祖","0","2","2"
"孝文皇帝为太","0","2","2"
"文皇帝为太宗","0","2","2"
"孝宣皇帝是孝","0","2","2"
"宣皇帝是孝昭","0","2","2"
"皇帝是孝昭皇","0","2","2"
"帝是孝昭皇帝","0","2","2"
"因为亲子孙没","0","2","2"
"为亲子孙没有","0","2","2"
"亲子孙没有死","0","2","2"
"子孙没有死尽","0","2","2"
"神主迁到太祖","0","2","2"
"主迁到太祖庙","0","2","2"
"迁到太祖庙中","0","2","2"
"相继毁弃祭庙","0","2","2"
"来昭明祖宗的","0","2","2"
"天的开国君主","0","2","2"
"臣们都认为这","0","2","2"
"那么罪过都在","0","2","2"
"我们这些臣子","0","2","2"
"上来说要有所","0","2","2"
"上皇的陵寝祭","0","2","2"
"皇的陵寝祭庙","0","2","2"
"吞并了他们的","0","2","2"
"没有安宁的子","0","2","2"
"害中原由来已","0","2","2"
"中原由来已久","0","2","2"
"向北攻打匈奴","0","2","2"
"西攻打大宛国","0","2","2"
"切断匈奴的右","0","2","2"
"加上太祖的庙","0","2","2"
"上太祖的庙共","0","2","2"
"太祖的庙共有","0","2","2"
"帝的祭庙不应","0","2","2"
"平帝元始年间","0","2","2"
"儿子做了天子","0","2","2"
"他的儿子霍禹","0","2","2"
"掌领尚书省事","0","2","2"
"领尚书省事务","0","2","2"
"又做了大将军","0","2","2"
"哥哥的儿子做","0","2","2"
"在车师屯田的","0","2","2"
"派兵攻打他们","0","2","2"
"奏请皇帝予以","0","2","2"
"广泛地教化人","0","2","2"
"泛地教化人民","0","2","2"
"方卦位上的神","0","2","2"
"卦位上的神不","0","2","2"
"国家大事的根","0","2","2"
"家大事的根本","0","2","2"
"分别掌管一个","0","2","2"
"别掌管一个季","0","2","2"
"掌管一个季节","0","2","2"
"不合时令节气","0","2","2"
"犯罪被削爵为","0","2","2"
"罪被削爵为关","0","2","2"
"于是漠武帝就","0","2","2"
"是漠武帝就派","0","2","2"
"武帝就派使者","0","2","2"
"了光禄大夫给","0","2","2"
"立为皇帝的人","0","2","2"
"名叫则的婢女","0","2","2"
"胡虏所入侵的","0","2","2"
"虏所入侵的边","0","2","2"
"所入侵的边郡","0","2","2"
"认为应该恢复","0","2","2"
"在成帝鸿嘉元","0","2","2"
"给丞相和御史","0","2","2"
"臣好比是人的","0","2","2"
"为通晓经术而","0","2","2"
"自己竖了起来","0","2","2"
"征求贤能的人","0","2","2"
"兄弟之子夏侯","0","2","2"
"夏侯胜做学问","0","2","2"
"有一次夏侯胜","0","2","2"
"有臣下图谋皇","0","2","2"
"臣下图谋皇帝","0","2","2"
"下图谋皇帝的","0","2","2"
"图谋皇帝的事","0","2","2"
"谋皇帝的事发","0","2","2"
"皇帝的事发生","0","2","2"
"被赐予关内侯","0","2","2"
"生人吃人的惨","0","2","2"
"人吃人的惨剧","0","2","2"
"谏大夫给事中","0","2","2"
"升任太子太傅","0","2","2"
"做了豫章太守","0","2","2"
"任用他们的呢","0","2","2"
"下情不能上达","0","2","2"
"石以下的官吏","0","2","2"
"坐着驿传的马","0","2","2"
"着驿传的马车","0","2","2"
"上了一封密封","0","2","2"
"看不见星的灾","0","2","2"
"不见星的灾异","0","2","2"
"希望陛下不要","0","2","2"
"皇上的亲弟弟","0","2","2"
"京房所说的各","0","2","2"
"是宣帝的外戚","0","2","2"
"如今陛下圣明","0","2","2"
"那么朝见的人","0","2","2"
"么朝见的人是","0","2","2"
"左右的人是邪","0","2","2"
"右的人是邪的","0","2","2"
"即使侍奉皇帝","0","2","2"
"使侍奉皇帝左","0","2","2"
"知道侍奉皇帝","0","2","2"
"年二月戊午那","0","2","2"
"二月戊午那天","0","2","2"
"不要有所顾忌","0","2","2"
"不急需的费用","0","2","2"
"出自己的过失","0","2","2"
"的变化表现在","0","2","2"
"一定有与皇帝","0","2","2"
"同姓的大臣表","0","2","2"
"姓的大臣表示","0","2","2"
"阴到了极点就","0","2","2"
"四月乙未这天","0","2","2"
"希望陛下迁都","0","2","2"
"加上疾病瘟疫","0","2","2"
"的舅舅曲阳侯","0","2","2"
"舅舅曲阳侯王","0","2","2"
"如发生上述异","0","2","2"
"发生上述异象","0","2","2"
"我不知道朝廷","0","2","2"
"应当重新受命","0","2","2"
"为一百二十度","0","2","2"
"认为不能允许","0","2","2"
"涿郡蠡吾县人","0","2","2"
"被推举为茂材","0","2","2"
"的二千石官吏","0","2","2"
"没有谁能赶得","0","2","2"
"有谁能赶得上","0","2","2"
"的人没有谁能","0","2","2"
"萧望之上奏弹","0","2","2"
"望之上奏弹劾","0","2","2"
"这时大将军霍","0","2","2"
"郡中官吏和百","0","2","2"
"中官吏和百姓","0","2","2"
"安抚百姓罢了","0","2","2"
"三个儿子都做","0","2","2"
"个儿子都做了","0","2","2"
"治政很有名声","0","2","2"
"吏和百姓都很","0","2","2"
"各县都有贤明","0","2","2"
"县都有贤明的","0","2","2"
"都有贤明的长","0","2","2"
"认为他很不寻","0","2","2"
"为他很不寻常","0","2","2"
"张敞上书劝谏","0","2","2"
"昌邑王刘贺被","0","2","2"
"皇上心中忌惮","0","2","2"
"霍云都为列侯","0","2","2"
"追捕盗贼有功","0","2","2"
"天子批准了这","0","2","2"
"有能力的官吏","0","2","2"
"张敞的孙子张","0","2","2"
"敞的孙子张竦","0","2","2"
"主管监狱囚事","0","2","2"
"建议对国家有","0","2","2"
"百姓的父母官","0","2","2"
"地对待自己的","0","2","2"
"试任京辅都尉","0","2","2"
"京兆尹的事务","0","2","2"
"之中没有谁能","0","2","2"
"下达给公卿大","0","2","2"
"公卿大夫博士","0","2","2"
"卿大夫博士议","0","2","2"
"大夫博士议郎","0","2","2"
"于是韶令御史","0","2","2"
"将军王凤辅佐","0","2","2"
"军王凤辅佐政","0","2","2"
"王凤辅佐政事","0","2","2"
"选择忠诚贤能","0","2","2"
"择忠诚贤能的","0","2","2"
"妻子和孩子都","0","2","2"
"弟弟成都侯商","0","2","2"
"弟成都侯商又","0","2","2"
"俸禄为中二千","0","2","2"
"禄为中二千石","0","2","2"
"递上密封的奏","0","2","2"
"居住不求安逸","0","2","2"
"外戚的身份而","0","2","2"
"担任司隶校尉","0","2","2"
"位尊贵责任重","0","2","2"
"尊贵责任重大","0","2","2"
"我常常希望能","0","2","2"
"直之士的道路","0","2","2"
"担任城门校尉","0","2","2"
"的人不能让他","0","2","2"
"皇上派侍御史","0","2","2"
"让大家都知道","0","2","2"
"他所犯的罪恶","0","2","2"
"帝提拔他担任","0","2","2"
"祖母傅太后的","0","2","2"
"傅太后的堂弟","0","2","2"
"是皇后的父亲","0","2","2"
"皇太太后的父","0","2","2"
"太太后的父亲","0","2","2"
"后的父亲为崇","0","2","2"
"的父亲为崇祖","0","2","2"
"父亲为崇祖侯","0","2","2"
"侯的封号改为","0","2","2"
"的封号改为汝","0","2","2"
"是大司马车骑","0","2","2"
"狡猾不讲道义","0","2","2"
"被关进监狱而","0","2","2"
"关进监狱而死","0","2","2"
"曲阳侯王根为","0","2","2"
"阳侯王根为大","0","2","2"
"侯王根为大司","0","2","2"
"王根为大司马","0","2","2"
"根为大司马骠","0","2","2"
"吏和百姓都称","0","2","2"
"为人刚强正直","0","2","2"
"有这样的人吗","0","2","2"
"没有这样的人","0","2","2"
"任京兆尹三年","0","2","2"
"中山孝王的母","0","2","2"
"山孝王的母亲","0","2","2"
"孝王的母亲冯","0","2","2"
"王的母亲冯太","0","2","2"
"的母亲冯太后","0","2","2"
"母亲冯太后一","0","2","2"
"亲冯太后一同","0","2","2"
"冯太后一同侍","0","2","2"
"太后一同侍奉","0","2","2"
"后一同侍奉元","0","2","2"
"一同侍奉元帝","0","2","2"
"把他关进监狱","0","2","2"
"路上的行人都","0","2","2"
"去迎接中山王","0","2","2"
"称颂王莽的功","0","2","2"
"颂王莽的功德","0","2","2"
"骑将军王音在","0","2","2"
"掌管尚书事务","0","2","2"
"当上了京兆尹","0","2","2"
"地位卑贱的女","0","2","2"
"位卑贱的女子","0","2","2"
"于地位卑贱的","0","2","2"
"在全国的中心","0","2","2"
"他们都被免了","0","2","2"
"知道这些情况","0","2","2"
"人们议论纷纷","0","2","2"
"就把这件事告","0","2","2"
"着官吏们的短","0","2","2"
"官吏们的短处","0","2","2"
"后来迁徙到杜","0","2","2"
"来迁徙到杜陵","0","2","2"
"听说这个情况","0","2","2"
"辅佐年幼的皇","0","2","2"
"追逐利益的欲","0","2","2"
"逐利益的欲望","0","2","2"
"却能让他们的","0","2","2"
"他们的逐利之","0","2","2"
"们的逐利之欲","0","2","2"
"他们的守义之","0","2","2"
"们的守义之心","0","2","2"
"人可以和他一","0","2","2"
"可以和他一起","0","2","2"
"裹的人都称赞","0","2","2"
"汉朝的外孙元","0","2","2"
"朝的外孙元贵","0","2","2"
"的外孙元贵靡","0","2","2"
"下诏让公卿商","0","2","2"
"诏让公卿商议","0","2","2"
"乌孙首鼠两端","0","2","2"
"公主在乌孙四","0","2","2"
"主在乌孙四十","0","2","2"
"帝听从了他的","0","2","2"
"萧望之应对说","0","2","2"
"皇帝认为萧望","0","2","2"
"帝认为萧望之","0","2","2"
"认为萧望之的","0","2","2"
"印绶交给使者","0","2","2"
"明帝王的制度","0","2","2"
"接见他的礼仪","0","2","2"
"置在诸侯王之","0","2","2"
"史高为大司马","0","2","2"
"高为大司马车","0","2","2"
"以师傅的身份","0","2","2"
"皇帝刚刚继位","0","2","2"
"拿这件事责备","0","2","2"
"将军萧望之教","0","2","2"
"指使儿子上书","0","2","2"
"关部门请求废","0","2","2"
"皇帝下诏将他","0","2","2"
"赏赐黄金二十","0","2","2"
"增加俸禄和赏","0","2","2"
"加俸禄和赏赐","0","2","2"
"在官任上去世","0","2","2"
"冯奉世以卫候","0","2","2"
"奉世以卫候的","0","2","2"
"世以卫候的身","0","2","2"
"以卫候的身份","0","2","2"
"又发兵攻打车","0","2","2"
"发兵攻打车师","0","2","2"
"了他们的军队","0","2","2"
"共一万五千人","0","2","2"
"冯奉世任执金","0","2","2"
"奉世任执金吾","0","2","2"
"军都尉韩昌为","0","2","2"
"杀害官吏百姓","0","2","2"
"杀害汉朝使者","0","2","2"
"冯奉世作为使","0","2","2"
"皇帝认为这是","0","2","2"
"功劳次序补任","0","2","2"
"受皇帝宠爱的","0","2","2"
"当时很有名望","0","2","2"
"另外赏赐黄金","0","2","2"
"平侯王凤任大","0","2","2"
"十多岁时去世","0","2","2"
"父亲的关系任","0","2","2"
"舅冯参为宜乡","0","2","2"
"他们推荐给朝","0","2","2"
"们推荐给朝廷","0","2","2"
"给张博回信说","0","2","2"
"关部门上奏请","0","2","2"
"部门上奏请求","0","2","2"
"门上奏请求逮","0","2","2"
"奏请求逮捕刘","0","2","2"
"派谏大夫王骏","0","2","2"
"舅张博多次给","0","2","2"
"张博多次给您","0","2","2"
"博多次给您书","0","2","2"
"多次给您书信","0","2","2"
"经常给他金钱","0","2","2"
"到王莽时断绝","0","2","2"
"地间的生命人","0","2","2"
"封刘婴为定安","0","2","2"
"刘婴为定安公","0","2","2"
"因为他是最亲","0","2","2"
"为他是最亲近","0","2","2"
"他是最亲近的","0","2","2"
"的师傅和国相","0","2","2"
"正当血气方刚","0","2","2"
"难道可以忽略","0","2","2"
"道可以忽略吗","0","2","2"
"向大将军王凤","0","2","2"
"刘云和王后谒","0","2","2"
"子刘景为定陶","0","2","2"
"侯的儿子刘成","0","2","2"
"的儿子刘成都","0","2","2"
"儿子刘成都为","0","2","2"
"远离京师的地","0","2","2"
"离京师的地方","0","2","2"
"京师的地方作","0","2","2"
"师的地方作官","0","2","2"
"乐陵侯史高以","0","2","2"
"陵侯史高以外","0","2","2"
"侯史高以外戚","0","2","2"
"命为大司马车","0","2","2"
"不称职的缘故","0","2","2"
"称皇上的心意","0","2","2"
"的儿子定陶王","0","2","2"
"王的治国之道","0","2","2"
"希望陛下详察","0","2","2"
"调理好百姓万","0","2","2"
"理好百姓万物","0","2","2"
"好百姓万物的","0","2","2"
"百姓万物的情","0","2","2"
"姓万物的情性","0","2","2"
"上奏弹劾石显","0","2","2"
"匡衡的儿子匡","0","2","2"
"上奏弹劾匡衡","0","2","2"
"重新统计田亩","0","2","2"
"封地边界的事","0","2","2"
"地边界的事情","0","2","2"
"他的下属官员","0","2","2"
"舅舅阳平侯王","0","2","2"
"请求辞职回乡","0","2","2"
"要违背我的心","0","2","2"
"违背我的心意","0","2","2"
"的身份参加朝","0","2","2"
"赏赐黄金二百","0","2","2"
"祖母傅太后暗","0","2","2"
"母傅太后暗地","0","2","2"
"傅太后暗地裹","0","2","2"
"暗地裹为定陶","0","2","2"
"地裹为定陶王","0","2","2"
"裹为定陶王谋","0","2","2"
"为定陶王谋求","0","2","2"
"制订法律制度","0","2","2"
"下大逆不道的","0","2","2"
"成帝的母亲太","0","2","2"
"帝的母亲太皇","0","2","2"
"大司空师丹上","0","2","2"
"司空师丹上奏","0","2","2"
"中驸马都尉傅","0","2","2"
"驸马都尉傅迁","0","2","2"
"我们请求皇上","0","2","2"
"代替孔光担任","0","2","2"
"现象多次出现","0","2","2"
"从上天的告诫","0","2","2"
"可以担任尚书","0","2","2"
"以担任尚书令","0","2","2"
"御史大夫买延","0","2","2"
"免去傅嘉的官","0","2","2"
"去傅嘉的官职","0","2","2"
"颂扬王莽的功","0","2","2"
"看到这种情形","0","2","2"
"莽篡夺皇位后","0","2","2"
"孔光担任太师","0","2","2"
"以太皇太后的","0","2","2"
"大司徒扶德侯","0","2","2"
"后来迁居杜陵","0","2","2"
"王凤独揽大权","0","2","2"
"召集公卿大臣","0","2","2"
"集公卿大臣商","0","2","2"
"公卿大臣商议","0","2","2"
"屡次称赞他的","0","2","2"
"上奏书揭发王","0","2","2"
"奏书揭发王商","0","2","2"
"王凤固执地争","0","2","2"
"想要把她纳入","0","2","2"
"要把她纳入后","0","2","2"
"把她纳入后宫","0","2","2"
"中大夫蜀郡人","0","2","2"
"大夫蜀郡人张","0","2","2"
"夫蜀郡人张匡","0","2","2"
"左将军史丹等","0","2","2"
"将军史丹等人","0","2","2"
"怀疑是王商教","0","2","2"
"疑是王商教唆","0","2","2"
"是左将军史丹","0","2","2"
"道来扰乱朝政","0","2","2"
"让他回到封地","0","2","2"
"从汉朝兴起以","0","2","2"
"为臣子不忠实","0","2","2"
"由于是外家亲","0","2","2"
"于是外家亲属","0","2","2"
"四马所拉的安","0","2","2"
"马所拉的安车","0","2","2"
"任驸马都尉侍","0","2","2"
"认为他的话是","0","2","2"
"为他的话是对","0","2","2"
"他的话是对的","0","2","2"
"都是这一类的","0","2","2"
"是这一类的事","0","2","2"
"辅佐引导太子","0","2","2"
"赐予关内侯的","0","2","2"
"予关内侯的爵","0","2","2"
"交上将军的印","0","2","2"
"上将军的印信","0","2","2"
"共有四个人封","0","2","2"
"有四个人封侯","0","2","2"
"到了王莽时期","0","2","2"
"哀帝刚刚登上","0","2","2"
"帝刚刚登上帝","0","2","2"
"刚刚登上帝位","0","2","2"
"王莽任大司马","0","2","2"
"帝的舅舅阳安","0","2","2"
"的舅舅阳安侯","0","2","2"
"舅舅阳安侯丁","0","2","2"
"外家亲属而受","0","2","2"
"家亲属而受封","0","2","2"
"太后想要求取","0","2","2"
"大司空师丹一","0","2","2"
"上大司马的印","0","2","2"
"以奉朝请的名","0","2","2"
"奉朝请的名义","0","2","2"
"朝请的名义参","0","2","2"
"请的名义参加","0","2","2"
"的名义参加朝","0","2","2"
"名义参加朝会","0","2","2"
"太后有亲属关","0","2","2"
"后有亲属关系","0","2","2"
"王莽败亡后就","0","2","2"
"莽败亡后就断","0","2","2"
"败亡后就断绝","0","2","2"
"亡后就断绝了","0","2","2"
"我的两个儿子","0","2","2"
"道德最为高尚","0","2","2"
"阴阳没有调和","0","2","2"
"社会的道德规","0","2","2"
"会的道德规范","0","2","2"
"廉洁的官吏狱","0","2","2"
"洁的官吏狱掾","0","2","2"
"的官吏狱掾王","0","2","2"
"官吏狱掾王立","0","2","2"
"明自己的清白","0","2","2"
"到现在已经很","0","2","2"
"现在已经很久","0","2","2"
"在已经很久了","0","2","2"
"识别人的贤愚","0","2","2"
"别人的贤愚善","0","2","2"
"选到合适的人","0","2","2"
"令来处理事务","0","2","2"
"作天下的表率","0","2","2"
"判处完刑和城","0","2","2"
"处完刑和城旦","0","2","2"
"完刑和城旦的","0","2","2"
"刑和城旦的刑","0","2","2"
"和城旦的刑罚","0","2","2"
"的意见是对的","0","2","2"
"了他所犯的罪","0","2","2"
"自行投诉的人","0","2","2"
"的盗贼以及其","0","2","2"
"盗贼以及其他","0","2","2"
"又高兴又害怕","0","2","2"
"当了光禄大夫","0","2","2"
"是有名的大臣","0","2","2"
"冠以将军的称","0","2","2"
"以将军的称号","0","2","2"
"设置三公的官","0","2","2"
"置三公的官位","0","2","2"
"应该设置三公","0","2","2"
"任大司马骠骑","0","2","2"
"设置御史大夫","0","2","2"
"御史大夫的官","0","2","2"
"中等才能的人","0","2","2"
"凭自己的力量","0","2","2"
"皇上于是罢免","0","2","2"
"免去傅喜的侯","0","2","2"
"去傅喜的侯位","0","2","2"
"接受了太后的","0","2","2"
"和御史大夫趟","0","2","2"
"御史大夫趟玄","0","2","2"
"关押犯人的牢","0","2","2"
"押犯人的牢狱","0","2","2"
"犯人的牢狱裹","0","2","2"
"人的牢狱裹去","0","2","2"
"在驰道中行车","0","2","2"
"公卿以下的官","0","2","2"
"谒见丞相和御","0","2","2"
"见丞相和御史","0","2","2"
"丞相薛宣因为","0","2","2"
"皇上因为方进","0","2","2"
"适逢丞相薛宣","0","2","2"
"任御史大夫时","0","2","2"
"于是怀恨在心","0","2","2"
"为皇太后的缘","0","2","2"
"了淳于长的官","0","2","2"
"有司上奏请求","0","2","2"
"狠毒严酷暴虐","0","2","2"
"我有幸能够身","0","2","2"
"不知该怎么办","0","2","2"
"宛的县令刘立","0","2","2"
"王莽暂居皇帝","0","2","2"
"莽暂居皇帝之","0","2","2"
"公辅佐成王的","0","2","2"
"成武侯孙建为","0","2","2"
"成都侯王邑为","0","2","2"
"如同周公的旧","0","2","2"
"同周公的旧例","0","2","2"
"明堂朝见诸侯","0","2","2"
"广泛地征召儒","0","2","2"
"正天地的位置","0","2","2"
"敢不尽力完成","0","2","2"
"不尽力完成祖","0","2","2"
"尽力完成祖宗","0","2","2"
"诸侯王公列卿","0","2","2"
"侯王公列卿大","0","2","2"
"王公列卿大夫","0","2","2"
"公列卿大夫元","0","2","2"
"列卿大夫元士","0","2","2"
"卿大夫元士御","0","2","2"
"大夫元士御事","0","2","2"
"上天帮助那些","0","2","2"
"于是王莽派遣","0","2","2"
"大夫桓谭等人","0","2","2"
"夫桓谭等人颁","0","2","2"
"桓谭等人颁布","0","2","2"
"散布流言迷惑","0","2","2"
"推举敢于直言","0","2","2"
"举敢于直言的","0","2","2"
"敢于直言的人","0","2","2"
"众多吉祥的征","0","2","2"
"多吉祥的征兆","0","2","2"
"亲自治理政事","0","2","2"
"论功绩天下就","0","2","2"
"积渐深的诬陷","0","2","2"
"俊杰治能之士","0","2","2"
"不合事理的谬","0","2","2"
"合事理的谬论","0","2","2"
"能深察愚臣我","0","2","2"
"深察愚臣我的","0","2","2"
"察愚臣我的话","0","2","2"
"在卑贱的人中","0","2","2"
"卑贱的人中间","0","2","2"
"得到承继的子","0","2","2"
"到承继的子孙","0","2","2"
"而平阿侯王谭","0","2","2"
"以堂舅的身份","0","2","2"
"成都侯王商代","0","2","2"
"都侯王商代替","0","2","2"
"做了大司马卫","0","2","2"
"了大司马卫将","0","2","2"
"据有国家的人","0","2","2"
"告诫危亡的话","0","2","2"
"没有继嗣的福","0","2","2"
"持着干戈守护","0","2","2"
"灾祸异象多次","0","2","2"
"希望陛下能够","0","2","2"
"振作精神致力","0","2","2"
"谷永要说的话","0","2","2"
"臣谷永有幸得","0","2","2"
"谷永有幸得以","0","2","2"
"丧失为臣之礼","0","2","2"
"失为臣之礼的","0","2","2"
"主可与他一起","0","2","2"
"可与他一起做","0","2","2"
"与他一起做善","0","2","2"
"他一起做善事","0","2","2"
"事而不能与他","0","2","2"
"而不能与他一","0","2","2"
"不能与他一起","0","2","2"
"能与他一起做","0","2","2"
"与他一起做恶","0","2","2"
"他一起做恶事","0","2","2"
"举孝廉做了郎","0","2","2"
"府一样举拔官","0","2","2"
"一样举拔官吏","0","2","2"
"同等对待自己","0","2","2"
"等对待自己的","0","2","2"
"太后堂弟的女","0","2","2"
"后堂弟的女儿","0","2","2"
"皇后的父亲孔","0","2","2"
"后的父亲孔乡","0","2","2"
"的父亲孔乡侯","0","2","2"
"父亲孔乡侯傅","0","2","2"
"亲孔乡侯傅晏","0","2","2"
"做大司马卫将","0","2","2"
"做大司马骠骑","0","2","2"
"司马新都侯王","0","2","2"
"马新都侯王莽","0","2","2"
"把政权委托给","0","2","2"
"政权委托给外","0","2","2"
"权委托给外戚","0","2","2"
"射策甲科做了","0","2","2"
"策甲科做了郎","0","2","2"
"何武的弟弟何","0","2","2"
"武的弟弟何显","0","2","2"
"千石的大官吏","0","2","2"
"何寿哥哥的儿","0","2","2"
"寿哥哥的儿子","0","2","2"
"曲阳侯王根推","0","2","2"
"阳侯王根推荐","0","2","2"
"方进一同进奏","0","2","2"
"的职位要如同","0","2","2"
"可以做大司马","0","2","2"
"王莽做了大司","0","2","2"
"莽做了大司马","0","2","2"
"死的有几百人","0","2","2"
"食俸二千石的","0","2","2"
"向鬼神祈祷诅","0","2","2"
"鬼神祈祷诅咒","0","2","2"
"听到了这件事","0","2","2"
"密封的奏书说","0","2","2"
"前定陵侯淳于","0","2","2"
"我登上皇位以","0","2","2"
"登上皇位以来","0","2","2"
"吃精美食物的","0","2","2"
"百姓因此虚假","0","2","2"
"姓因此虚假邪","0","2","2"
"因此虚假邪恶","0","2","2"
"无法控制自己","0","2","2"
"五个二千石官","0","2","2"
"个二千石官吏","0","2","2"
"二千石官吏共","0","2","2"
"千石官吏共同","0","2","2"
"乱国家欺罔皇","0","2","2"
"国家欺罔皇上","0","2","2"
"家欺罔皇上不","0","2","2"
"欺罔皇上不守","0","2","2"
"罔皇上不守道","0","2","2"
"皇上不守道义","0","2","2"
"梁相等人获罪","0","2","2"
"他的爵位和封","0","2","2"
"称为太皇太后","0","2","2"
"尊称傅太后为","0","2","2"
"前已经确定了","0","2","2"
"按道理不应该","0","2","2"
"这是为了尊重","0","2","2"
"在京师修建宗","0","2","2"
"京师修建宗庙","0","2","2"
"进奏密封的奏","0","2","2"
"天凤五年死去","0","2","2"
"像弟子一样受","0","2","2"
"弟子一样受业","0","2","2"
"做了太子少傅","0","2","2"
"身份教授太子","0","2","2"
"没有不受感动","0","2","2"
"有不受感动的","0","2","2"
"官至大司马车","0","2","2"
"至大司马车骑","0","2","2"
"以博士身份讲","0","2","2"
"博士身份讲论","0","2","2"
"士身份讲论于","0","2","2"
"在皇上面前争","0","2","2"
"皇上面前争论","0","2","2"
"善于演习礼仪","0","2","2"
"儿子尹咸和翟","0","2","2"
"子尹咸和翟方","0","2","2"
"提升为光禄大","0","2","2"
"民得以休养生","0","2","2"
"办事清廉公正","0","2","2"
"庐江郡舒县人","0","2","2"
"学习法律条令","0","2","2"
"事情的来龙去","0","2","2"
"情的来龙去脉","0","2","2"
"六百户的封地","0","2","2"
"做官做到郡守","0","2","2"
"昌邑王刘贺继","0","2","2"
"邑王刘贺继承","0","2","2"
"调任河南太守","0","2","2"
"在皇上面前说","0","2","2"
"太后听说了这","0","2","2"
"后听说了这件","0","2","2"
"赏赐给郅都黄","0","2","2"
"赐给郅都黄金","0","2","2"
"给郅都黄金一","0","2","2"
"郅都黄金一百","0","2","2"
"都黄金一百斤","0","2","2"
"不能制服他们","0","2","2"
"信向皇上谢罪","0","2","2"
"任命王温舒为","0","2","2"
"对有权势的人","0","2","2"
"有权势的人家","0","2","2"
"的哥哥田云中","0","2","2"
"没有这样的事","0","2","2"
"把他送进了监","0","2","2"
"他送进了监狱","0","2","2"
"伤害的人很多","0","2","2"
"色弹丸的去杀","0","2","2"
"弹丸的去杀害","0","2","2"
"各有不同的等","0","2","2"
"有不同的等级","0","2","2"
"郭解姐姐的儿","0","2","2"
"解姐姐的儿子","0","2","2"
"询问其中的原","0","2","2"
"问其中的原因","0","2","2"
"槐里地方的大","0","2","2"
"里地方的大盗","0","2","2"
"地方的大盗贼","0","2","2"
"他的儿子继承","0","2","2"
"继承了他的爵","0","2","2"
"这些事都发生","0","2","2"
"些事都发生在","0","2","2"
"有什么过错呢","0","2","2"
"为父亲守丧三","0","2","2"
"父亲守丧三年","0","2","2"
"乘着几十辆车","0","2","2"
"杀死的人很多","0","2","2"
"用驿车送到长","0","2","2"
"驿车送到长安","0","2","2"
"文帝非常高兴","0","2","2"
"二千石的印绶","0","2","2"
"李延年的弟弟","0","2","2"
"延年的弟弟李","0","2","2"
"年的弟弟李季","0","2","2"
"得到的赏赐以","0","2","2"
"到的赏赐以及","0","2","2"
"托付给太后和","0","2","2"
"给公卿大臣们","0","2","2"
"后的姐姐许蠊","0","2","2"
"王根哥哥的儿","0","2","2"
"根哥哥的儿子","0","2","2"
"长定宫的许皇","0","2","2"
"定宫的许皇后","0","2","2"
"的多达数十人","0","2","2"
"令将作大匠为","0","2","2"
"将作大匠为董","0","2","2"
"作大匠为董贤","0","2","2"
"大匠为董贤在","0","2","2"
"丁明任大司马","0","2","2"
"抵御外侮安定","0","2","2"
"御外侮安定远","0","2","2"
"外侮安定远方","0","2","2"
"大司徒孔光上","0","2","2"
"司徒孔光上奏","0","2","2"
"儿子便娶后母","0","2","2"
"子便娶后母为","0","2","2"
"便娶后母为妻","0","2","2"
"之后一百多年","0","2","2"
"生了两个儿子","0","2","2"
"匈奴人不敢侵","0","2","2"
"奴人不敢侵入","0","2","2"
"冒顿率人出去","0","2","2"
"顿率人出去打","0","2","2"
"率人出去打猎","0","2","2"
"用呜镝射向自","0","2","2"
"呜镝射向自己","0","2","2"
"镝射向自己的","0","2","2"
"身边的人有的","0","2","2"
"身边的人都跟","0","2","2"
"边的人都跟着","0","2","2"
"向大臣们询问","0","2","2"
"怎么能与人家","0","2","2"
"率领数千骑兵","0","2","2"
"二十四个首领","0","2","2"
"匈奴大举围攻","0","2","2"
"高帝围困在平","0","2","2"
"帝围困在平城","0","2","2"
"皇族女儿冒称","0","2","2"
"族女儿冒称公","0","2","2"
"女儿冒称公主","0","2","2"
"儿冒称公主去","0","2","2"
"汉朝与匈奴约","0","2","2"
"朝与匈奴约为","0","2","2"
"与匈奴约为兄","0","2","2"
"匈奴约为兄弟","0","2","2"
"住在原来的地","0","2","2"
"在原来的地方","0","2","2"
"匈奴大单于敬","0","2","2"
"奴大单于敬问","0","2","2"
"匈奴使者来到","0","2","2"
"把得到的汉朝","0","2","2"
"中行说教单于","0","2","2"
"问汉朝使者说","0","2","2"
"娶后母为妻子","0","2","2"
"做自己的妻子","0","2","2"
"练习骑马射箭","0","2","2"
"以防备匈奴入","0","2","2"
"防备匈奴入侵","0","2","2"
"军臣单于继位","0","2","2"
"与汉朝的和亲","0","2","2"
"汉朝的和亲关","0","2","2"
"朝的和亲关系","0","2","2"
"位将军率军分","0","2","2"
"将军率军分别","0","2","2"
"军率军分别驻","0","2","2"
"率军分别驻扎","0","2","2"
"军分别驻扎在","0","2","2"
"代地的句注山","0","2","2"
"嫁公主给单于","0","2","2"
"相信了他的话","0","2","2"
"率领十万骑兵","0","2","2"
"三十多万军队","0","2","2"
"杀掠一千多人","0","2","2"
"的弟弟左谷蠡","0","2","2"
"弟弟左谷蠡王","0","2","2"
"匈奴几万骑兵","0","2","2"
"第二年的春天","0","2","2"
"匈奴一万九千","0","2","2"
"奴一万九千多","0","2","2"
"几万骑兵侵入","0","2","2"
"汉朝派骠骑将","0","2","2"
"朝派骠骑将军","0","2","2"
"万骑兵从陇西","0","2","2"
"单于听说这事","0","2","2"
"便把辎重粮草","0","2","2"
"与左贤王交战","0","2","2"
"斩杀俘虏匈奴","0","2","2"
"在狼居胥山上","0","2","2"
"扣留汉朝的使","0","2","2"
"留汉朝的使者","0","2","2"
"继位做了单于","0","2","2"
"乌维单于继位","0","2","2"
"汉朝派王乌等","0","2","2"
"到汉朝去做人","0","2","2"
"汉朝去做人质","0","2","2"
"单于在位十年","0","2","2"
"一个人去慰问","0","2","2"
"把他们都交给","0","2","2"
"又派因杆将军","0","2","2"
"派强弩都尉路","0","2","2"
"都尉路博德在","0","2","2"
"打败了好几个","0","2","2"
"将军李广利攻","0","2","2"
"匈奴一万多人","0","2","2"
"没有得到什么","0","2","2"
"把自己的女儿","0","2","2"
"自己的女儿嫁","0","2","2"
"己的女儿嫁给","0","2","2"
"单于病得快要","0","2","2"
"于病得快要死","0","2","2"
"重合侯莽通率","0","2","2"
"合侯莽通率领","0","2","2"
"率领四万骑兵","0","2","2"
"听说后十分担","0","2","2"
"说后十分担忧","0","2","2"
"自从贰师将军","0","2","2"
"请求与汉朝和","0","2","2"
"弟弟右谷蠡王","0","2","2"
"千单于继位后","0","2","2"
"回到了自己的","0","2","2"
"得到了投降的","0","2","2"
"万骑兵去攻打","0","2","2"
"派使者到乌孙","0","2","2"
"嫁到乌孙的汉","0","2","2"
"又上书汉天子","0","2","2"
"率领四万多骑","0","2","2"
"领四万多骑兵","0","2","2"
"出边塞一千二","0","2","2"
"边塞一千二百","0","2","2"
"塞一千二百多","0","2","2"
"一千二百多里","0","2","2"
"掳获马牛羊七","0","2","2"
"减轻他们的罪","0","2","2"
"轻他们的罪过","0","2","2"
"封常惠为长罗","0","2","2"
"常惠为长罗侯","0","2","2"
"死了有十分之","0","2","2"
"他的弟弟左贤","0","2","2"
"的弟弟左贤王","0","2","2"
"分别率领一万","0","2","2"
"别率领一万骑","0","2","2"
"的有十分之六","0","2","2"
"有十分之六七","0","2","2"
"各国的军队一","0","2","2"
"这一年是神爵","0","2","2"
"虚间权渠单于","0","2","2"
"派自己的弟弟","0","2","2"
"闾权渠单于的","0","2","2"
"而任用自己的","0","2","2"
"便率领部众几","0","2","2"
"立自己的小儿","0","2","2"
"自己的小儿子","0","2","2"
"单于回到王庭","0","2","2"
"攻打呼韩邪单","0","2","2"
"打呼韩邪单于","0","2","2"
"回到了匈奴王","0","2","2"
"到了匈奴王庭","0","2","2"
"把他们留在单","0","2","2"
"他们留在单于","0","2","2"
"们留在单于王","0","2","2"
"留在单于王庭","0","2","2"
"以防备呼韩邪","0","2","2"
"防备呼韩邪单","0","2","2"
"备呼韩邪单于","0","2","2"
"自立为乌藉单","0","2","2"
"立为乌藉单于","0","2","2"
"攻打车犁单于","0","2","2"
"屠耆单于听说","0","2","2"
"耆单于听说了","0","2","2"
"与呼韩邪单于","0","2","2"
"屠耆单于的小","0","2","2"
"率领自己手下","0","2","2"
"领自己手下的","0","2","2"
"吞并了他的军","0","2","2"
"并了他的军队","0","2","2"
"左伊秩訾王替","0","2","2"
"做他们的君长","0","2","2"
"了左伊秩訾王","0","2","2"
"派自己的儿子","0","2","2"
"郅支单于也派","0","2","2"
"呼韩邪单于到","0","2","2"
"年正月来朝拜","0","2","2"
"汉朝派车骑都","0","2","2"
"朝派车骑都尉","0","2","2"
"派车骑都尉韩","0","2","2"
"地位在诸侯王","0","2","2"
"位在诸侯王之","0","2","2"
"呼韩邪单于出","0","2","2"
"军队向西进发","0","2","2"
"单于入侍的儿","0","2","2"
"于入侍的儿子","0","2","2"
"还像以前一样","0","2","2"
"边塞上守卫的","0","2","2"
"尤其受害严重","0","2","2"
"了一个儿子名","0","2","2"
"一个儿子名叫","0","2","2"
"单于在位二十","0","2","2"
"立雕陶莫皋为","0","2","2"
"雕陶莫皋为单","0","2","2"
"陶莫皋为单于","0","2","2"
"复株案若千单","0","2","2"
"株案若千单于","0","2","2"
"生了两个女儿","0","2","2"
"伊邪莫演等人","0","2","2"
"年正月的大朝","0","2","2"
"板氏生的儿子","0","2","2"
"面对着张掖郡","0","2","2"
"以报答漠天子","0","2","2"
"父亲呼韩邪单","0","2","2"
"亲呼韩邪单于","0","2","2"
"夏侯藩向匈奴","0","2","2"
"侯藩向匈奴索","0","2","2"
"藩向匈奴索要","0","2","2"
"向匈奴索要土","0","2","2"
"匈奴索要土地","0","2","2"
"做人质的儿子","0","2","2"
"到了孝文帝时","0","2","2"
"军队几十万人","0","2","2"
"五位将军率领","0","2","2"
"五万骑兵攻打","0","2","2"
"兵攻打匈奴的","0","2","2"
"的人能在近乎","0","2","2"
"人能在近乎没","0","2","2"
"能在近乎没有","0","2","2"
"在事情还没有","0","2","2"
"事情还没有发","0","2","2"
"情还没有发生","0","2","2"
"及妻子入朝侍","0","2","2"
"妻子入朝侍奉","0","2","2"
"昭君的女儿须","0","2","2"
"西域的车师后","0","2","2"
"域的车师后王","0","2","2"
"去胡来王唐兜","0","2","2"
"诏令派中郎将","0","2","2"
"王萌到西域的","0","2","2"
"萌到西域的恶","0","2","2"
"到西域的恶都","0","2","2"
"西域的恶都奴","0","2","2"
"会集西域各国","0","2","2"
"集西域各国国","0","2","2"
"西域各国国王","0","2","2"
"投降匈奴的人","0","2","2"
"五威将军王骏","0","2","2"
"新匈奴单于章","0","2","2"
"解下原来的玺","0","2","2"
"下原来的玺印","0","2","2"
"校尉史陈良和","0","2","2"
"尉史陈良和终","0","2","2"
"史陈良和终带","0","2","2"
"孝单于的封号","0","2","2"
"孝单于咸的儿","0","2","2"
"单于咸的儿子","0","2","2"
"于咸的儿子角","0","2","2"
"各少数民族首","0","2","2"
"少数民族首领","0","2","2"
"骨都侯须卜当","0","2","2"
"想把国家传给","0","2","2"
"杀死校尉刀护","0","2","2"
"单于贪求王莽","0","2","2"
"大约有好几千","0","2","2"
"约有好几千里","0","2","2"
"巴郡和黔中郡","0","2","2"
"沿烊柯江而下","0","2","2"
"将朝廷的意图","0","2","2"
"朝廷的意图告","0","2","2"
"廷的意图告诉","0","2","2"
"是从哪裹来的","0","2","2"
"入京朝见皇上","0","2","2"
"都夷住地作为","0","2","2"
"汉朝派遣水衡","0","2","2"
"朝派遣水衡都","0","2","2"
"派遣水衡都尉","0","2","2"
"与大鸿胪田广","0","2","2"
"和解蛮夷王侯","0","2","2"
"解蛮夷王侯的","0","2","2"
"夜郎王兴的头","0","2","2"
"派宁始将军廉","0","2","2"
"犍为郡的官吏","0","2","2"
"秦统一天下后","0","2","2"
"立我为南粤王","0","2","2"
"听信谗臣之言","0","2","2"
"视蛮夷为异类","0","2","2"
"发兵攻打长沙","0","2","2"
"兵攻打长沙国","0","2","2"
"攻打长沙国的","0","2","2"
"打长沙国的边","0","2","2"
"长沙国的边境","0","2","2"
"将军隆虑侯周","0","2","2"
"军隆虑侯周灶","0","2","2"
"孝惠皇帝即位","0","2","2"
"您在真定的兄","0","2","2"
"在真定的兄弟","0","2","2"
"不足以使汉朝","0","2","2"
"朝军队还没越","0","2","2"
"汉武帝派严助","0","2","2"
"发兵诛讨闽粤","0","2","2"
"为王位继承人","0","2","2"
"劝说南粤王和","0","2","2"
"太后是中原人","0","2","2"
"带二千人前往","0","2","2"
"因功被策封为","0","2","2"
"在那裹设置了","0","2","2"
"无诸和摇率领","0","2","2"
"诸和摇率领粤","0","2","2"
"和摇率领粤人","0","2","2"
"楼船将军的部","0","2","2"
"船将军的部队","0","2","2"
"向楼船将军投","0","2","2"
"楼船将军投降","0","2","2"
"怀疑楼船将军","0","2","2"
"玉门关和阳关","0","2","2"
"顺塔里木河西","0","2","2"
"塔里木河西行","0","2","2"
"里木河西行至","0","2","2"
"道西越葱岭可","0","2","2"
"西越葱岭可到","0","2","2"
"越葱岭可到大","0","2","2"
"设置戊己校尉","0","2","2"
"有户四百五十","0","2","2"
"有户一千五百","0","2","2"
"西北到西域都","0","2","2"
"治所乌垒城一","0","2","2"
"所乌垒城一千","0","2","2"
"乌垒城一千七","0","2","2"
"垒城一千七百","0","2","2"
"认为他的话很","0","2","2"
"一千六百一十","0","2","2"
"乌垒城二千二","0","2","2"
"垒城二千二百","0","2","2"
"有户一百五十","0","2","2"
"北到酉塑都护","0","2","2"
"到酉塑都护治","0","2","2"
"酉塑都护治所","0","2","2"
"塑都护治所昼","0","2","2"
"乌垒城二千七","0","2","2"
"垒城二千七百","0","2","2"
"乌垒城二千八","0","2","2"
"垒城二千八百","0","2","2"
"有户三千三百","0","2","2"
"所乌垒城三千","0","2","2"
"北与姑墨相接","0","2","2"
"束到长安九千","0","2","2"
"到长安九千九","0","2","2"
"乌垒城五千零","0","2","2"
"到莎车五百四","0","2","2"
"到无雷五百四","0","2","2"
"无雷五百四十","0","2","2"
"莎车寄耕田地","0","2","2"
"长安一万零一","0","2","2"
"安一万零一百","0","2","2"
"一万零一百五","0","2","2"
"万零一百五十","0","2","2"
"零一百五十里","0","2","2"
"军队三百五十","0","2","2"
"队三百五十人","0","2","2"
"东北到酉球都","0","2","2"
"北到酉球都护","0","2","2"
"球都护治所乌","0","2","2"
"都护治所乌垦","0","2","2"
"与大月氏相接","0","2","2"
"附近诸国相同","0","2","2"
"长安一万二千","0","2","2"
"大凡中原王朝","0","2","2"
"皇帝的赏赐和","0","2","2"
"到长安一万一","0","2","2"
"长安一万一千","0","2","2"
"安一万一千六","0","2","2"
"一万一千六百","0","2","2"
"匈奴的风俗相","0","2","2"
"奴的风俗相同","0","2","2"
"能射箭的战士","0","2","2"
"射箭的战士十","0","2","2"
"箭的战士十余","0","2","2"
"的战士十余万","0","2","2"
"战士十余万人","0","2","2"
"护治所五千九","0","2","2"
"治所五千九百","0","2","2"
"东到西域都护","0","2","2"
"派王子到长安","0","2","2"
"阳关八千零二","0","2","2"
"关八千零二十","0","2","2"
"八千零二十五","0","2","2"
"千零二十五里","0","2","2"
"到都护治所六","0","2","2"
"城一千五百一","0","2","2"
"就派贰师将军","0","2","2"
"往西到安息国","0","2","2"
"人口一千一百","0","2","2"
"护治所一千四","0","2","2"
"治所一千四百","0","2","2"
"公主嫁给昆莫","0","2","2"
"两国结为兄弟","0","2","2"
"的匈奴妻生的","0","2","2"
"匈奴妻生的儿","0","2","2"
"奴妻生的儿子","0","2","2"
"常惠上书宣帝","0","2","2"
"惠上书宣帝说","0","2","2"
"西域都护郑吉","0","2","2"
"征发附近各国","0","2","2"
"长罗侯常惠率","0","2","2"
"宣帝赐给公主","0","2","2"
"侯难栖杀掉末","0","2","2"
"难栖杀掉末振","0","2","2"
"栖杀掉末振将","0","2","2"
"北与乌孙相接","0","2","2"
"人口一千四百","0","2","2"
"匈奴使者回去","0","2","2"
"发展农业生产","0","2","2"
"有户一百九十","0","2","2"
"军队三百三十","0","2","2"
"军队四十五人","0","2","2"
"人口一千九百","0","2","2"
"东到长安七千","0","2","2"
"军队一千八百","0","2","2"
"卒一千五百人","0","2","2"
"车师王的妻子","0","2","2"
"对车师王妻子","0","2","2"
"矛头上冒火花","0","2","2"
"王莽执掌朝政","0","2","2"
"相当于八百石","0","2","2"
"常常打算废掉","0","2","2"
"常打算废掉太","0","2","2"
"打算废掉太子","0","2","2"
"算废掉太子改","0","2","2"
"废掉太子改立","0","2","2"
"很少见到皇上","0","2","2"
"后做了皇太后","0","2","2"
"让他们在朝廷","0","2","2"
"追尊太后的父","0","2","2"
"尊太后的父亲","0","2","2"
"迎接代王立为","0","2","2"
"接代王立为皇","0","2","2"
"代王立为皇帝","0","2","2"
"生下一个女儿","0","2","2"
"太后打算亲上","0","2","2"
"后打算亲上加","0","2","2"
"打算亲上加亲","0","2","2"
"的女儿许配给","0","2","2"
"被废掉皇后的","0","2","2"
"这是贵显的征","0","2","2"
"是贵显的征兆","0","2","2"
"很少被皇上召","0","2","2"
"少被皇上召见","0","2","2"
"太后的弟弟薄","0","2","2"
"后的弟弟薄昭","0","2","2"
"后的母亲在这","0","2","2"
"的母亲在这之","0","2","2"
"母亲在这之前","0","2","2"
"设置三百户人","0","2","2"
"置三百户人家","0","2","2"
"就已经去世了","0","2","2"
"皇后的父亲为","0","2","2"
"被任命为大将","0","2","2"
"任命为大将军","0","2","2"
"氏家族中封侯","0","2","2"
"家族中封侯的","0","2","2"
"一共有三个人","0","2","2"
"生了一个女儿","0","2","2"
"送进太子宫中","0","2","2"
"生了三个女儿","0","2","2"
"大臣们提议册","0","2","2"
"刚进太子宫中","0","2","2"
"皇后册立为后","0","2","2"
"回皇后的玺绶","0","2","2"
"是大司马大将","0","2","2"
"得到武帝宠爱","0","2","2"
"皇后就自杀了","0","2","2"
"宣帝即位以后","0","2","2"
"李夫人的哥哥","0","2","2"
"夫人的哥哥李","0","2","2"
"跟随武帝去甘","0","2","2"
"随武帝去甘泉","0","2","2"
"上官桀和上官","0","2","2"
"官桀和上官安","0","2","2"
"皇后被册立为","0","2","2"
"后被册立为后","0","2","2"
"被册立为后的","0","2","2"
"立为后的第十","0","2","2"
"太后成为太皇","0","2","2"
"后成为太皇太","0","2","2"
"成为太皇太后","0","2","2"
"一共在位四十","0","2","2"
"被收养在掖庭","0","2","2"
"有自己的列传","0","2","2"
"几名歌舞女子","0","2","2"
"县作为她的封","0","2","2"
"作为她的封邑","0","2","2"
"长丞按法度奉","0","2","2"
"丞按法度奉守","0","2","2"
"王氏家族中有","0","2","2"
"氏家族中有两","0","2","2"
"又过了几个月","0","2","2"
"皇后的父亲许","0","2","2"
"过了一年多才","0","2","2"
"也做了大司马","0","2","2"
"皇后被册立的","0","2","2"
"后被册立的第","0","2","2"
"被册立的第三","0","2","2"
"爵位一直传到","0","2","2"
"皇后的父亲王","0","2","2"
"后的父亲王奉","0","2","2"
"的父亲王奉光","0","2","2"
"皇后被废以后","0","2","2"
"封皇后的父亲","0","2","2"
"等到成帝即位","0","2","2"
"成帝没有后嗣","0","2","2"
"上不是说过吗","0","2","2"
"大将军王凤掌","0","2","2"
"先前平安刚侯","0","2","2"
"侯夫人许谒犯","0","2","2"
"夫人许谒犯下","0","2","2"
"人许谒犯下大","0","2","2"
"许谒犯下大逆","0","2","2"
"谒犯下大逆不","0","2","2"
"下大逆不道之","0","2","2"
"灵魂无处存身","0","2","2"
"成帝认为她说","0","2","2"
"帝认为她说的","0","2","2"
"姐姐的儿子淳","0","2","2"
"姐的儿子淳于","0","2","2"
"的儿子淳于长","0","2","2"
"被册立为太子","0","2","2"
"趟皇后为皇太","0","2","2"
"用御史中丞的","0","2","2"
"御史中丞的大","0","2","2"
"史中丞的大印","0","2","2"
"中丞的大印封","0","2","2"
"丞的大印封好","0","2","2"
"成帝下诏让靳","0","2","2"
"帝下诏让靳严","0","2","2"
"饰室门帘的南","0","2","2"
"室门帘的南面","0","2","2"
"赶上大赦天下","0","2","2"
"哥哥的儿子成","0","2","2"
"有非同寻常的","0","2","2"
"儿子被封为王","0","2","2"
"太后亲自抚养","0","2","2"
"高昌侯董宏迎","0","2","2"
"昌侯董宏迎合","0","2","2"
"实属大逆不道","0","2","2"
"太后的尊号改","0","2","2"
"后的尊号改为","0","2","2"
"成帝的趟皇后","0","2","2"
"的儿子郑业为","0","2","2"
"儿子郑业为阳","0","2","2"
"子郑业为阳信","0","2","2"
"侍中一类的官","0","2","2"
"王母和丁姬的","0","2","2"
"大火烧掉了椁","0","2","2"
"太皇太后下韶","0","2","2"
"当时她的父亲","0","2","2"
"时她的父亲冯","0","2","2"
"她的父亲冯奉","0","2","2"
"的父亲冯奉世","0","2","2"
"入京册立为太","0","2","2"
"京册立为太子","0","2","2"
"对左右侍者说","0","2","2"
"平帝的母亲卫","0","2","2"
"帝的母亲卫姬","0","2","2"
"卫宝的弟弟卫","0","2","2"
"宝的弟弟卫玄","0","2","2"
"的弟弟卫玄关","0","2","2"
"弟弟卫玄关内","0","2","2"
"弟卫玄关内侯","0","2","2"
"卫玄关内侯的","0","2","2"
"玄关内侯的爵","0","2","2"
"行使皇帝的权","0","2","2"
"使皇帝的权力","0","2","2"
"吉利的月份和","0","2","2"
"作为自己的姓","0","2","2"
"陛下继承皇位","0","2","2"
"揽到自己身上","0","2","2"
"就告诉了王凤","0","2","2"
"定陶王回封国","0","2","2"
"推到定陶王身","0","2","2"
"到定陶王身上","0","2","2"
"阴气侵犯阳气","0","2","2"
"作为孝王的舅","0","2","2"
"为孝王的舅舅","0","2","2"
"的儿子侍中王","0","2","2"
"下人都知道我","0","2","2"
"被流放到合浦","0","2","2"
"亲自前去凭吊","0","2","2"
"统领守城的军","0","2","2"
"领守城的军队","0","2","2"
"门上镂刻着青","0","2","2"
"上镂刻着青色","0","2","2"
"让他统领守城","0","2","2"
"辅佐朝政已经","0","2","2"
"王立回到封地","0","2","2"
"推荐王莽代替","0","2","2"
"荐王莽代替自","0","2","2"
"都侯王莽为国","0","2","2"
"红阳侯王立回","0","2","2"
"阳侯王立回到","0","2","2"
"以外戚的身份","0","2","2"
"王根和王况父","0","2","2"
"和平阿侯王仁","0","2","2"
"太后任命王莽","0","2","2"
"后任命王莽为","0","2","2"
"任命王莽为大","0","2","2"
"命王莽为大司","0","2","2"
"红阳侯王立是","0","2","2"
"阳侯王立是王","0","2","2"
"由他的儿子王","0","2","2"
"身旁长御以下","0","2","2"
"旁长御以下的","0","2","2"
"长御以下的侍","0","2","2"
"御以下的侍者","0","2","2"
"广戚侯的儿子","0","2","2"
"戚侯的儿子刘","0","2","2"
"侯的儿子刘婴","0","2","2"
"为新室文母太","0","2","2"
"王莽的儿子王","0","2","2"
"莽的儿子王宇","0","2","2"
"定陶国傅太后","0","2","2"
"家加封给王莽","0","2","2"
"王舜是王莽的","0","2","2"
"安邦定国的功","0","2","2"
"邦定国的功劳","0","2","2"
"规定他死后子","0","2","2"
"定他死后子孙","0","2","2"
"他死后子孙继","0","2","2"
"死后子孙继承","0","2","2"
"后子孙继承爵","0","2","2"
"子孙继承爵位","0","2","2"
"周公辅佐周成","0","2","2"
"公辅佐周成王","0","2","2"
"孔光等人的功","0","2","2"
"光等人的功劳","0","2","2"
"等人的功劳和","0","2","2"
"太后下韶书说","0","2","2"
"加封邑一万户","0","2","2"
"派他迎接中山","0","2","2"
"他迎接中山王","0","2","2"
"邸作为安汉公","0","2","2"
"为安汉公的府","0","2","2"
"等到老百姓家","0","2","2"
"到老百姓家家","0","2","2"
"赐封关内侯的","0","2","2"
"秀才出身的官","0","2","2"
"才出身的官吏","0","2","2"
"等到皇帝成年","0","2","2"
"王公大臣们都","0","2","2"
"皇帝年纪还小","0","2","2"
"派遣王昭君的","0","2","2"
"赞的就是安漠","0","2","2"
"的就是安漠公","0","2","2"
"就是安漠公啊","0","2","2"
"原定陵侯淳于","0","2","2"
"安漠公就是这","0","2","2"
"漠公就是这样","0","2","2"
"从而确定了朝","0","2","2"
"在皇太后的帷","0","2","2"
"皇太后的帷幕","0","2","2"
"太后的帷幕裹","0","2","2"
"没有皇位继承","0","2","2"
"有皇位继承人","0","2","2"
"子孙万代的基","0","2","2"
"孙万代的基业","0","2","2"
"对待周公那样","0","2","2"
"待周公那样的","0","2","2"
"王太后下诏说","0","2","2"
"太保王舜等人","0","2","2"
"新野县的田地","0","2","2"
"增加的彩礼钱","0","2","2"
"太傅和大司马","0","2","2"
"儒生和老百姓","0","2","2"
"陛下的圣明德","0","2","2"
"下的圣明德行","0","2","2"
"流放到西海郡","0","2","2"
"放到西海郡去","0","2","2"
"周公代理朝政","0","2","2"
"武功县长孟通","0","2","2"
"代行皇帝职权","0","2","2"
"丹书白石的符","0","2","2"
"书白石的符命","0","2","2"
"周朝的治国之","0","2","2"
"朝的治国之道","0","2","2"
"常把自己的意","0","2","2"
"把自己的意图","0","2","2"
"自己的意图称","0","2","2"
"权力归还给您","0","2","2"
"斧形图案屏风","0","2","2"
"祭祀各种神灵","0","2","2"
"王莽禀明太后","0","2","2"
"莽禀明太后下","0","2","2"
"禀明太后下诏","0","2","2"
"明太后下诏书","0","2","2"
"安汉公的官署","0","2","2"
"有的人因为有","0","2","2"
"环绕而成的孝","0","2","2"
"绕而成的孝带","0","2","2"
"王莽居位摄政","0","2","2"
"祭祀用的牲畜","0","2","2"
"从符命的意思","0","2","2"
"汉朝祖宗的祠","0","2","2"
"朝祖宗的祠庙","0","2","2"
"梓潼县人哀章","0","2","2"
"石级改名叫下","0","2","2"
"石级改名叫中","0","2","2"
"伟大的皇初祖","0","2","2"
"大的皇初祖考","0","2","2"
"的皇初祖考黄","0","2","2"
"他们世世代代","0","2","2"
"州牧和郡太守","0","2","2"
"且在明堂太庙","0","2","2"
"在明堂太庙举","0","2","2"
"明堂太庙举行","0","2","2"
"的伟大的皇始","0","2","2"
"不遵行命令的","0","2","2"
"按三十分之一","0","2","2"
"三十分之一征","0","2","2"
"而作邪恶的事","0","2","2"
"流放到四方极","0","2","2"
"放到四方极远","0","2","2"
"到四方极远的","0","2","2"
"极远的地方去","0","2","2"
"说大钱会要废","0","2","2"
"大钱会要废除","0","2","2"
"坐着绘有天文","0","2","2"
"着绘有天文图","0","2","2"
"绘有天文图像","0","2","2"
"有天文图像的","0","2","2"
"天文图像的车","0","2","2"
"文图像的车子","0","2","2"
"索取原来的印","0","2","2"
"取原来的印信","0","2","2"
"汉朝的大将军","0","2","2"
"罪行应当杀身","0","2","2"
"行应当杀身灭","0","2","2"
"应当杀身灭族","0","2","2"
"尚书大夫趟并","0","2","2"
"法律制度和礼","0","2","2"
"律制度和礼仪","0","2","2"
"制度和礼仪规","0","2","2"
"度和礼仪规则","0","2","2"
"千石级官吏推","0","2","2"
"石级官吏推举","0","2","2"
"开垦耕种田地","0","2","2"
"中郎将和绣衣","0","2","2"
"郎将和绣衣执","0","2","2"
"将和绣衣执法","0","2","2"
"分为十二路大","0","2","2"
"为十二路大军","0","2","2"
"把他们消灭干","0","2","2"
"他们消灭干净","0","2","2"
"把名字报上来","0","2","2"
"二月建寅的初","0","2","2"
"月建寅的初春","0","2","2"
"建寅的初春时","0","2","2"
"寅的初春时节","0","2","2"
"的使者的上位","0","2","2"
"第二年改年号","0","2","2"
"二年改年号叫","0","2","2"
"进行巡视活动","0","2","2"
"和大司空王邑","0","2","2"
"应当缴上大司","0","2","2"
"当缴上大司马","0","2","2"
"王莽大发怒火","0","2","2"
"大司空的办事","0","2","2"
"司空的办事人","0","2","2"
"空的办事人员","0","2","2"
"那个办事人员","0","2","2"
"职务像太守一","0","2","2"
"务像太守一样","0","2","2"
"职务像都尉一","0","2","2"
"务像都尉一样","0","2","2"
"接见他们的礼","0","2","2"
"见他们的礼仪","0","2","2"
"他们的礼仪像","0","2","2"
"们的礼仪像接","0","2","2"
"的礼仪像接见","0","2","2"
"礼仪像接见三","0","2","2"
"仪像接见三公","0","2","2"
"像接见三公一","0","2","2"
"接见三公一样","0","2","2"
"外围各县分属","0","2","2"
"围各县分属六","0","2","2"
"单于囊知牙斯","0","2","2"
"来中原侍奉皇","0","2","2"
"中原侍奉皇帝","0","2","2"
"原侍奉皇帝的","0","2","2"
"皇帝的儿子登","0","2","2"
"携带一斗粮食","0","2","2"
"派遣平蛮将军","0","2","2"
"率领军队攻打","0","2","2"
"遭遇不幸的命","0","2","2"
"遇不幸的命运","0","2","2"
"进献的美好食","0","2","2"
"献的美好食物","0","2","2"
"按照百分比的","0","2","2"
"照百分比的多","0","2","2"
"百分比的多少","0","2","2"
"分比的多少来","0","2","2"
"比的多少来减","0","2","2"
"的多少来减少","0","2","2"
"部共十郡挂起","0","2","2"
"共十郡挂起钩","0","2","2"
"十郡挂起钩来","0","2","2"
"跟有关地区的","0","2","2"
"有关地区的灾","0","2","2"
"关地区的灾害","0","2","2"
"地区的灾害挂","0","2","2"
"区的灾害挂起","0","2","2"
"的灾害挂起钩","0","2","2"
"灾害挂起钩来","0","2","2"
"派遣大司空王","0","2","2"
"门发生了火灾","0","2","2"
"就是民间所说","0","2","2"
"是民间所说的","0","2","2"
"始将军廉丹和","0","2","2"
"六项管理制度","0","2","2"
"像汉朝的刺史","0","2","2"
"汉朝的刺史一","0","2","2"
"朝的刺史一样","0","2","2"
"莽派遣使者就","0","2","2"
"派遣使者就地","0","2","2"
"到达任所以后","0","2","2"
"征收山林湖沼","0","2","2"
"收山林湖沼税","0","2","2"
"牟取非法利益","0","2","2"
"希望用这样的","0","2","2"
"望用这样的办","0","2","2"
"太一和黄帝都","0","2","2"
"山上演奏仙乐","0","2","2"
"的官吏和平民","0","2","2"
"外族扰乱中原","0","2","2"
"翼平郡连率田","0","2","2"
"平郡连率田况","0","2","2"
"青州和徐州的","0","2","2"
"我对此非常惊","0","2","2"
"符命文辞说要","0","2","2"
"命文辞说要立","0","2","2"
"文辞说要立王","0","2","2"
"王临在洛阳建","0","2","2"
"临在洛阳建国","0","2","2"
"不知道怎么办","0","2","2"
"王临作统义阳","0","2","2"
"临作统义阳王","0","2","2"
"盗贼没有完全","0","2","2"
"保全善良的老","0","2","2"
"全善良的老百","0","2","2"
"没收作官府的","0","2","2"
"收作官府的奴","0","2","2"
"作官府的奴婢","0","2","2"
"生下了儿子王","0","2","2"
"加盖了御玺的","0","2","2"
"太师和更始将","0","2","2"
"师和更始将军","0","2","2"
"盖了御玺的韶","0","2","2"
"了御玺的韶书","0","2","2"
"开放东方各处","0","2","2"
"放东方各处粮","0","2","2"
"东方各处粮仓","0","2","2"
"救济贫苦人民","0","2","2"
"开放各处粮仓","0","2","2"
"的部队几万人","0","2","2"
"平定山东地区","0","2","2"
"迅速推进所属","0","2","2"
"速推进所属各","0","2","2"
"推进所属各州","0","2","2"
"进所属各州郡","0","2","2"
"所属各州郡的","0","2","2"
"属各州郡的部","0","2","2"
"各州郡的部队","0","2","2"
"州郡的部队共","0","2","2"
"郾县和定陵县","0","2","2"
"些情况告诉了","0","2","2"
"情况告诉了她","0","2","2"
"莽派遣使者分","0","2","2"
"王莽的脑袋前","0","2","2"
"莽的脑袋前往","0","2","2"
"有仁厚的品德","0","2","2"
"过去预知未来","0","2","2"
"太仆公孙贺为","0","2","2"
"定陶共王刘康","0","2","2"
"中山孝王刘兴","0","2","2"
"车师君各一人","0","2","2"
"左右译长各一","0","2","2"
"右译长各一人","0","2","2"
"护治所一千二","0","2","2"
"治所一千二百","0","2","2"
"行射礼时要演","0","2","2"
"射礼时要演奏","0","2","2"
