"N-gram","原文","翻译","Total"
"大司马车骑将军","28","31","59"
"贰师将军李广利","7","22","29"
"都护治所乌垒城","1","23","24"
"到西域都护治所","0","24","24"
"西域都护治所乌","0","24","24"
"域都护治所乌垒","0","23","23"
"大司马骠骑将军","2","17","19"
"骠骑将军霍去病","0","18","18"
"大司马票骑将军","15","0","15"
"度辽将军范明友","6","8","14"
"司马车骑将军王","6","7","13"
"御史大夫桑弘羊","6","6","12"
"车骑将军张安世","6","6","12"
"北到西域都护治","0","12","12"
"每百户牛酒若干","0","11","11"
"强弩都尉路博德","5","5","10"
"马车骑将军王音","5","5","10"
"万一千五百二十","5","5","10"
"大将军霍光秉政","10","0","10"
"女子每百户牛酒","0","10","10"
"子每百户牛酒若","0","10","10"
"祖母定陶傅太后","5","4","9"
"东北到西域都护","0","9","9"
"束到西域都护治","0","9","9"
"御史大夫韩安国","3","5","8"
"司农中丞耿寿昌","3","5","8"
"武帝元鼎六年开","8","0","8"
"这是他们的长处","0","8","8"
"派贰师将军李广","0","8","8"
"代文字记载认为","0","8","8"
"武帝元鼎六年设","0","8","8"
"光禄大夫给事中","0","8","8"
"丞相和御史大夫","0","8","8"
"护治所乌垒城二","0","8","8"
"治所乌垒城二千","0","8","8"
"贤良方正能直言","4","3","7"
"十一月甲子朔旦","6","1","7"
"大司马大将军王","3","4","7"
"春秋二百四十二","4","3","7"
"秋二百四十二年","4","3","7"
"御史大夫田广明","3","4","7"
"左将军上官桀父","3","4","7"
"将军上官桀父子","3","4","7"
"北都护治所二千","7","0","7"
"九千九百五十里","3","4","7"
"帝驾崩于未央宫","0","7","7"
"匈奴呼韩邪单于","0","7","7"
"天帝的告诫似乎","0","7","7"
"为大司马大将军","0","7","7"
"大将军霍光执政","0","7","7"
"古代文字记载认","0","7","7"
"文字记载认为是","0","7","7"
"帝元鼎六年设置","0","7","7"
"西南到都护治所","0","7","7"
"到都护治所一千","0","7","7"
"称赞的就是安汉","0","7","7"
"赞的就是安汉公","0","7","7"
"的就是安汉公啊","0","7","7"
"赐天下民爵一级","4","2","6"
"御史大夫商丘成","3","3","6"
"大司农中丞耿寿","2","4","6"
"陈圣刘太平皇帝","3","3","6"
"四千六百一十七","3","3","6"
"一月甲子朔旦冬","5","1","6"
"行一度九十二分","3","3","6"
"百二十九万五千","3","3","6"
"二十九万五千三","3","3","6"
"十九万五千三百","3","3","6"
"九万五千三百五","3","3","6"
"万五千三百五十","3","3","6"
"司马车骑将军许","2","4","6"
"成公十六年六月","3","3","6"
"万七千七百六十","3","3","6"
"万四千三百八十","3","3","6"
"万四千七百三十","3","3","6"
"武帝建元六年分","3","3","6"
"将作大匠解万年","2","4","6"
"皇帝敬问匈奴大","3","3","6"
"帝敬问匈奴大单","3","3","6"
"破羌将军辛武贤","1","5","6"
"西南都护治所千","6","0","6"
"太子太傅萧望之","0","6","6"
"去掉一天的一半","0","6","6"
"运行失常于杓星","0","6","6"
"有一种说法认为","0","6","6"
"民众的男女比例","0","6","6"
"众的男女比例是","0","6","6"
"中二千石的官员","0","6","6"
"听说圣明的君王","0","6","6"
"为大司马车骑将","0","6","6"
"侍奉皇帝左右的","0","6","6"
"奉皇帝左右的人","0","6","6"
"南到都护治所一","0","6","6"
"太尉长安侯卢绾","2","3","5"
"举贤良方正能直","4","1","5"
"方正能直言极谏","3","2","5"
"伏波将军路博德","1","4","5"
"大司马大将军博","2","3","5"
"司马大将军博陆","2","3","5"
"马大将军博陆侯","2","3","5"
"酒泉太守辛武贤","2","3","5"
"复太上皇寝庙园","4","1","5"
"五千三百五十二","2","3","5"
"千三百五十二分","2","3","5"
"马车骑将军许嘉","2","3","5"
"大司马卫将军辅","2","3","5"
"二百四十二年间","3","2","5"
"司马大将军王凤","2","3","5"
"万六千三百七十","2","3","5"
"长信少府夏侯胜","3","2","5"
"御史大夫繁延寿","2","3","5"
"加赐黄金二十斤","3","2","5"
"根大司马票骑将","5","0","5"
"侍中乐陵侯史高","2","3","5"
"长安九千九百五","3","2","5"
"安九千九百五十","3","2","5"
"州一部二十五郡","3","2","5"
"鳏寡孤独高年帛","0","5","5"
"寡孤独高年帛若","0","5","5"
"孤独高年帛若干","0","5","5"
"一万一千五百二","0","5","5"
"其正面的文字为","0","5","5"
"对应的分野之国","0","5","5"
"的告诫似乎是说","0","5","5"
"把这件事告诉了","0","5","5"
"上天像是警戒说","0","5","5"
"百里远的地方缴","0","5","5"
"派使者拿着符节","0","5","5"
"现在陛下能吗?","0","5","5"
"跟随大将军卫青","0","5","5"
"随大将军卫青出","0","5","5"
"师将军李广利率","0","5","5"
"他们的妻子儿女","0","5","5"
"太后姐姐的儿子","0","5","5"
"一封密封的奏章","0","5","5"
"封密封的奏章说","0","5","5"
"皇帝左右的人是","0","5","5"
"身份讲论于石渠","0","5","5"
"护治所乌垒城五","0","5","5"
"治所乌垒城五千","0","5","5"
"伟大的皇始祖考","0","5","5"
"大的皇始祖考虞","0","5","5"
"的皇始祖考虞舜","0","5","5"
"郁郁乎文哉吾周","4","0","4"
"秦二世元年秋七","2","2","4"
"二世元年秋七月","2","2","4"
"十二年冬十二月","2","2","4"
"条侯周亚夫下狱","2","2","4"
"卫尉李广骁骑将","4","0","4"
"尉李广骁骑将军","4","0","4"
"中二千石爵右庶","2","2","4"
"二千石爵右庶长","2","2","4"
"辽将军范明友击","2","2","4"
"车骑将军光禄勋","2","2","4"
"骑将军光禄勋富","2","2","4"
"将军光禄勋富平","2","2","4"
"军光禄勋富平侯","2","2","4"
"光禄勋富平侯安","2","2","4"
"禄勋富平侯安世","2","2","4"
"郡国举贤良方正","3","1","4"
"贤良方正直言极","2","2","4"
"良方正直言极谏","2","2","4"
"都护西域骑都尉","2","2","4"
"护西域骑都尉郑","2","2","4"
"西域骑都尉郑吉","2","2","4"
"长乐卫尉高昌侯","2","2","4"
"光禄大夫刘向校","2","2","4"
"侍中驸马都尉董","1","3","4"
"中驸马都尉董贤","1","3","4"
"太仆王恽等八人","2","2","4"
"万九千六百八十","2","2","4"
"太史令司马迁等","2","2","4"
"十二万六千五百","2","2","4"
"一千五百三十九","1","3","4"
"万六千八百四十","2","2","4"
"万三千八百二十","2","2","4"
"三千八百二十四","2","2","4"
"百八十二万八千","2","2","4"
"八十二万八千三","2","2","4"
"十二万八千三百","2","2","4"
"二万八千三百六","2","2","4"
"万八千三百六十","2","2","4"
"万一千二百八十","2","2","4"
"定行星二百四十","2","2","4"
"万七千四百六十","2","2","4"
"八十六万二千四","2","2","4"
"十六万二千四百","2","2","4"
"六万二千四百五","2","2","4"
"万二千四百五十","2","2","4"
"二千四百五十五","2","2","4"
"千四百五十五分","2","2","4"
"千五百六十八万","2","2","4"
"五百六十八万九","2","2","4"
"百六十八万九千","2","2","4"
"度八百二十一万","2","2","4"
"八百二十一万八","2","2","4"
"百二十一万八千","2","2","4"
"度四千六百六十","2","2","4"
"四千六百六十一","2","2","4"
"千六百六十一万","2","2","4"
"七千五百四十一","2","2","4"
"车骑将军许嘉等","2","2","4"
"哀帝建平元年正","2","2","4"
"帝建平元年正月","2","2","4"
"建平元年正月丁","2","2","4"
"平元年正月丁未","2","2","4"
"武帝建元六年六","2","2","4"
"帝建元六年六月","2","2","4"
"成帝建始元年正","2","2","4"
"帝建始元年正月","2","2","4"
"昭帝元凤元年九","2","2","4"
"帝元凤元年九月","2","2","4"
"僖公三十三年十","2","2","4"
"公三十三年十二","2","2","4"
"三十三年十二月","2","2","4"
"哀帝建平四年四","2","2","4"
"帝建平四年四月","2","2","4"
"公十六年六月甲","2","2","4"
"十六年六月甲午","2","2","4"
"六年六月甲午晦","2","2","4"
"舅大司马大将军","2","2","4"
"骑将军张安世谋","3","1","4"
"成帝建始三年十","2","2","4"
"十四万六千二百","2","2","4"
"六千三百七十七","2","2","4"
"万五千九百五十","2","2","4"
"六万九千八百六","2","2","4"
"万九千八百六十","2","2","4"
"十三万七千七百","2","2","4"
"三万七千七百六","2","2","4"
"万六千二百八十","2","2","4"
"十五万九千三百","2","2","4"
"万七千五百四十","2","2","4"
"万二千八百四十","2","2","4"
"万六千七百二十","2","2","4"
"万三千二百九十","2","2","4"
"二十六万八千二","2","2","4"
"十六万八千二百","2","2","4"
"二千五百三十里","2","2","4"
"万九千四百八十","2","2","4"
"万三千三百六十","2","2","4"
"万八千六百四十","2","2","4"
"十三万五千五百","2","2","4"
"万八千五百五十","2","2","4"
"十六万三千一百","2","2","4"
"万三千四百五十","2","2","4"
"万六千七百七十","2","2","4"
"万二千五百三十","2","2","4"
"万一千八百四十","2","2","4"
"万六千二百三十","2","2","4"
"六千二百三十七","2","2","4"
"舅阳平侯王凤大","4","0","4"
"食邑二千五百户","2","2","4"
"太中大夫谷永上","2","2","4"
"故天下咸知陛下","4","0","4"
"强弩将军许延寿","2","2","4"
"子右贤王铢娄渠","2","2","4"
"右贤王铢娄渠堂","2","2","4"
"贤王铢娄渠堂入","2","2","4"
"骑都尉光禄大夫","2","2","4"
"万七千三百三十","2","2","4"
"五千八百八十八","2","2","4"
"万一千七百七十","2","2","4"
"三百三十三万四","2","2","4"
"百三十三万四千","2","2","4"
"三十三万四千七","2","2","4"
"十三万四千七百","2","2","4"
"三万四千七百三","2","2","4"
"四千七百三十七","2","2","4"
"千七百三十七分","2","2","4"
"度四百三十六万","2","2","4"
"四百三十六万五","2","2","4"
"百三十六万五千","2","2","4"
"三十六万五千二","2","2","4"
"十六万五千二百","2","2","4"
"六万五千二百二","2","2","4"
"万五千二百二十","2","2","4"
"五千二百二十分","2","2","4"
"元帝时黄门令史","2","2","4"
"帝时黄门令史游","2","2","4"
"成帝时将作大匠","2","2","4"
"帝时将作大匠李","2","2","4"
"时将作大匠李长","2","2","4"
"帝舅大将军王凤","2","2","4"
"御史大夫陈万年","2","2","4"
"元寿元年正月朔","3","1","4"
"谏大夫尹更始等","2","2","4"
"曲阳侯王根大司","3","1","4"
"阳侯王根大司马","3","1","4"
"长舅阳平侯王凤","2","2","4"
"司马骠骑将军王","1","3","4"
"马骠骑将军王根","1","3","4"
"帝祖母定陶傅太","4","0","4"
"帝舅阳安侯丁明","3","1","4"
"琅邪太守冯野王","2","2","4"
"轻车将军成武侯","2","2","4"
"车将军成武侯孙","2","2","4"
"将军成武侯孙建","2","2","4"
"宗伯忠孝侯刘宏","2","2","4"
"车师后王须置离","2","2","4"
"东北都护治所二","4","0","4"
"莎车五百四十里","2","2","4"
"护治所乌垒城三","1","3","4"
"八千一百五十里","2","2","4"
"前平安刚侯夫人","2","2","4"
"新室文母太皇太","2","2","4"
"室文母太皇太后","2","2","4"
"遣平蛮将军冯茂","2","2","4"
"为父亲的继承人","0","4","4"
"父亲的继承人的","0","4","4"
"骠骑将军上官安","0","4","4"
"大将军霍光去世","0","4","4"
"呼韩邪单于来朝","0","4","4"
"太皇太后下诏说","0","4","4"
"子刘成都为中山","0","4","4"
"刘成都为中山王","0","4","4"
"变风气转换习俗","0","4","4"
"平分为三再增加","0","4","4"
"一天运行一度九","0","4","4"
"敬酒祝寿的音乐","0","4","4"
"酒祝寿的音乐的","0","4","4"
"祝寿的音乐的人","0","4","4"
"寿的音乐的人有","0","4","4"
"的音乐的人有十","0","4","4"
"以私人名义占有","0","4","4"
"那么百姓就不会","0","4","4"
"任大司马卫将军","0","4","4"
"有白衣之会的丧","0","4","4"
"白衣之会的丧事","0","4","4"
"中说不出三月就","0","4","4"
"说不出三月就生","0","4","4"
"不出三月就生成","0","4","4"
"金星出现在西方","0","4","4"
"国的疆域占验在","0","4","4"
"的告诫似乎在说","0","4","4"
"王凤为大司马大","0","4","4"
"凤为大司马大将","0","4","4"
"帝的告诫似乎是","0","4","4"
"出现的妖祥就是","0","4","4"
"发生了螟虫灾害","0","4","4"
"虫就吃掉禾苗的","0","4","4"
"董仲舒以为宿星","0","4","4"
"仲舒以为宿星在","0","4","4"
"有两块陨石坠于","0","4","4"
"里远的地方缴纳","0","4","4"
"一千三百四十里","0","4","4"
"从长江接受水源","0","4","4"
"没有比这更大的","0","4","4"
"这是什么原因呢","0","4","4"
"听不到自己的过","0","4","4"
"氏家族中一共有","0","4","4"
"公就是这样的人","0","4","4"
"每到一县就要参","0","4","4"
"到一县就要参加","0","4","4"
"审理刑狱的官吏","0","4","4"
"在景帝前元二年","0","4","4"
"在位二十七年薨","0","4","4"
"派因杆将军公孙","0","4","4"
"因杆将军公孙敖","0","4","4"
"关内侯的爵位和","0","4","4"
"任命为光禄大夫","0","4","4"
"皇帝问候后将军","0","4","4"
"被任命为大司马","0","4","4"
"采纳了他的意见","0","4","4"
"我听说圣明的君","0","4","4"
"考察官吏政绩的","0","4","4"
"了一封密封的奏","0","4","4"
"二千石级的官员","0","4","4"
"犯了大逆不道之","0","4","4"
"了大逆不道之罪","0","4","4"
"的祖母定陶傅太","0","4","4"
"进上密封的奏书","0","4","4"
"汉朝派贰师将军","0","4","4"
"朝派贰师将军李","0","4","4"
"南粤王和王太后","0","4","4"
"随牲畜逐水草而","0","4","4"
"牲畜逐水草而居","0","4","4"
"东到长安一万零","0","4","4"
"护治所乌垒城四","0","4","4"
"治所乌垒城四千","0","4","4"
"左右都尉各一人","0","4","4"
"设置陵园和二百","0","4","4"
"置陵园和二百户","0","4","4"
"陵园和二百户人","0","4","4"
"园和二百户人家","0","4","4"
"这称赞的就是安","0","4","4"
"部二十五郡挂起","0","4","4"
"二十五郡挂起钩","0","4","4"
"十五郡挂起钩来","0","4","4"
"左右骑君各一人","0","4","4"
"故齐王建孙田安","3","0","3"
"汉后五十年东南","2","1","3"
"齐悼惠王子朱虚","2","1","3"
"悼惠王子朱虚侯","2","1","3"
"惠王子朱虚侯章","2","1","3"
"朱虚侯刘章等共","2","1","3"
"虚侯刘章等共诛","2","1","3"
"民父后者爵一级","3","0","3"
"良方正能直言极","2","1","3"
"大将军卫青将六","3","0","3"
"将军卫青将六将","3","0","3"
"军卫青将六将军","3","0","3"
"昆邪王杀休屠王","2","1","3"
"遣楼船将军杨仆","2","1","3"
"遣拔胡将军郭昌","2","1","3"
"遣贰师将军李广","3","0","3"
"师将军李广利将","3","0","3"
"后元元年春正月","1","2","3"
"史大夫桑弘羊皆","2","1","3"
"平乐监傅介子持","2","1","3"
"乐监傅介子持节","2","1","3"
"内谒者令郭穰夜","2","1","3"
"举贤良方正一人","2","1","3"
"孝武皇帝三十余","2","1","3"
"武皇帝三十余年","2","1","3"
"赐御史大夫爵关","2","1","3"
"御史大夫爵关内","2","1","3"
"史大夫爵关内侯","2","1","3"
"天下父后者爵一","3","0","3"
"下父后者爵一级","3","0","3"
"方正直言极谏士","3","0","3"
"赐天下吏爵二级","3","0","3"
"故掖庭令张贺辅","1","2","3"
"掖庭令张贺辅导","1","2","3"
"庭令张贺辅导朕","1","2","3"
"毁落太上皇庙殿","2","1","3"
"落太上皇庙殿壁","2","1","3"
"太上皇庙殿壁木","2","1","3"
"上皇庙殿壁木饰","2","1","3"
"前将军望傅朕八","3","0","3"
"将军望傅朕八年","3","0","3"
"惟先假王正厥事","3","0","3"
"未央宫东司马门","2","1","3"
"立楚孝王孙景定","3","0","3"
"楚孝王孙景定陶","3","0","3"
"孝王孙景定陶王","3","0","3"
"大司空汜乡侯何","2","1","3"
"司空汜乡侯何武","2","1","3"
"建平二年太初元","3","0","3"
"平二年太初元年","3","0","3"
"号曰陈圣刘太平","3","0","3"
"曰陈圣刘太平皇","3","0","3"
"贺良等建言改元","3","0","3"
"贺良等反道惑众","2","1","3"
"安成恭侯夫人放","2","1","3"
"光禄大夫息夫躬","1","2","3"
"越裳氏重译献白","3","0","3"
"裳氏重译献白雉","3","0","3"
"侯子成都中山王","3","0","3"
"宝弟玄爵关内侯","3","0","3"
"大司马博陆侯霍","1","2","3"
"夫人号曰功显君","3","0","3"
"诸侯王二十八人","2","1","3"
"宗室子九百余人","2","1","3"
"十七万七千一百","2","1","3"
"七万七千一百四","2","1","3"
"万七千一百四十","2","1","3"
"七千一百四十七","2","1","3"
"史令司马迁等言","2","1","3"
"五年春王正月辛","1","2","3"
"年春王正月辛亥","1","2","3"
"一万三千八百二","1","2","3"
"万二千九百一十","2","1","3"
"六万一千二百八","2","1","3"
"日行一度九十二","3","0","3"
"一度九十二分度","3","0","3"
"日百二十九万五","3","0","3"
"日八十六万二千","2","1","3"
"六十八万九千七","2","1","3"
"十八万九千七百","2","1","3"
"八万九千七百分","2","1","3"
"日一亿二千二百","3","0","3"
"一亿二千二百二","3","0","3"
"亿二千二百二万","3","0","3"
"二千二百二万九","3","0","3"
"千二百二万九千","3","0","3"
"二百二万九千六","3","0","3"
"百二万九千六百","3","0","3"
"二万九千六百五","3","0","3"
"万九千六百五分","3","0","3"
"万三千四百七十","2","1","3"
"时大司农中丞耿","1","2","3"
"侯王奴婢二百人","2","1","3"
"宗祀文王明堂配","3","0","3"
"祀文王明堂配上","3","0","3"
"文王明堂配上帝","3","0","3"
"太史儋见秦献公","1","2","3"
"商大司马卫将军","3","0","3"
"司马卫将军辅政","2","1","3"
"永始二年二月癸","2","1","3"
"始二年二月癸未","2","1","3"
"杀陈留太守严普","2","1","3"
"车骑将军上官安","1","2","3"
"傅太后欲成帝母","3","0","3"
"王者易姓告代处","3","0","3"
"时大司马车骑将","2","1","3"
"二年十二月己卯","1","2","3"
"帝元舅大司马大","2","1","3"
"元舅大司马大将","2","1","3"
"将军张安世谋欲","3","0","3"
"军张安世谋欲废","3","0","3"
"万二千四百六十","1","2","3"
"一万六千三百七","1","2","3"
"二十三万六千八","2","1","3"
"十三万六千八百","2","1","3"
"二千九百一十二","1","2","3"
"行千三百四十里","3","0","3"
"一千五百八十七","1","2","3"
"万八千一百四十","2","1","3"
"三万八千三百三","2","1","3"
"万九千三百二十","2","1","3"
"十七万八千六百","2","1","3"
"七万八千六百一","2","1","3"
"万八千六百一十","2","1","3"
"八千六百一十六","2","1","3"
"万四千五百一十","2","1","3"
"杜钦说大将军王","3","0","3"
"钦说大将军王凤","3","0","3"
"尚书令五鹿充宗","1","2","3"
"城门校尉诸葛丰","1","2","3"
"阳安侯丁明大司","3","0","3"
"安侯丁明大司马","3","0","3"
"明大司马票骑将","3","0","3"
"中大夫谷永上疏","2","1","3"
"举贤良方正直言","1","2","3"
"弩都尉路博德筑","2","1","3"
"都尉路博德筑居","2","1","3"
"尉路博德筑居延","2","1","3"
"遣后将军赵充国","2","1","3"
"王铢娄渠堂入侍","2","1","3"
"阳平侯王凤大司","3","0","3"
"平侯王凤大司马","3","0","3"
"凤大司马大将军","3","0","3"
"侍中骑都尉光禄","2","1","3"
"中骑都尉光禄大","2","1","3"
"时黄门令史游作","2","1","3"
"将作大匠李长作","2","1","3"
"车府令赵高所作","1","2","3"
"太史令胡母敬所","1","2","3"
"史令胡母敬所作","1","2","3"
"新都侯王莽秉政","3","0","3"
"大将军霍光争权","1","2","3"
"稻田使者燕仓知","2","1","3"
"大夏东南数千里","2","1","3"
"史大夫桑弘羊等","1","2","3"
"光车骑将军张安","3","0","3"
"加赐黄金二百斤","2","1","3"
"二千石者十余人","3","0","3"
"昆弥将翕侯下五","3","0","3"
"弥将翕侯下五万","3","0","3"
"寿元年正月朔日","2","1","3"
"西河太守杜延年","2","1","3"
"侯王根大司马票","3","0","3"
"王根大司马票骑","3","0","3"
"中书谒者令石显","1","2","3"
"大将军王凤辅政","2","1","3"
"曲阳侯根大司马","3","0","3"
"侍中奉车都尉甄","1","2","3"
"中奉车都尉甄邯","1","2","3"
"乌孙昆弥翁归靡","2","1","3"
"司马车骑将军韩","1","2","3"
"马车骑将军韩增","1","2","3"
"马车骑将军王接","1","2","3"
"西域都护甘延寿","1","2","3"
"舅大司马骠骑将","1","2","3"
"成帝母太皇太后","3","0","3"
"莽白太后下诏曰","3","0","3"
"年正月己亥朔日","1","2","3"
"大司马曲阳侯王","1","2","3"
"司马曲阳侯王根","1","2","3"
"高昌侯董宏上书","2","1","3"
"问郡国上计长吏","2","1","3"
"御史大夫公孙弘","1","2","3"
"敬问匈奴大单恙","3","0","3"
"乐卫尉高昌侯董","1","2","3"
"卫尉高昌侯董忠","1","2","3"
"戊己校尉史陈良","1","2","3"
"都护治所二千二","3","0","3"
"都护治所二千八","2","1","3"
"护治所二千八百","2","1","3"
"治所二千八百五","2","1","3"
"所二千八百五十","2","1","3"
"东北都护治所三","3","0","3"
"北都护治所三千","3","0","3"
"二千二百五十里","1","2","3"
"东都护治所二千","3","0","3"
"长安八千一百五","2","1","3"
"安八千一百五十","2","1","3"
"平安刚侯夫人谒","3","0","3"
"少傅左将军甄丰","1","2","3"
"傅左将军甄丰赐","1","2","3"
"安汉公居摄践祚","3","0","3"
"方二州一部二十","2","1","3"
"二州一部二十五","2","1","3"
"一万二千五百人","1","2","3"
"骑将军安阳侯王","1","2","3"
"将军安阳侯王舜","1","2","3"
"分野之地有战争","0","3","3"
"的自然之性是可","0","3","3"
"自然之性是可以","0","3","3"
"先入定关中的为","0","3","3"
"入定关中的为王","0","3","3"
"定关中的为王的","0","3","3"
"到自己的封国去","0","3","3"
"禄为二千石的官","0","3","3"
"女子每百户赐牛","0","3","3"
"亲的继承人的爵","0","3","3"
"回到自己的封国","0","3","3"
"有彗星出现于西","0","3","3"
"平陆侯刘礼为楚","0","3","3"
"陆侯刘礼为楚王","0","3","3"
"不必担心某人不","0","3","3"
"宣明政教的明堂","0","3","3"
"彗星出现于东方","0","3","3"
"卫尉李广为骁骑","0","3","3"
"尉李广为骁骑将","0","3","3"
"李广为骁骑将军","0","3","3"
"次举得其人称为","0","3","3"
"大将军卫青率领","0","3","3"
"六名将军及士兵","0","3","3"
"彗星出现于东井","0","3","3"
"柏梁台发生火灾","0","3","3"
"因木于将军公孙","0","3","3"
"木于将军公孙敖","0","3","3"
"派游击将军韩说","0","3","3"
"御史大夫暴胜之","0","3","3"
"祁连将军田广明","0","3","3"
"先帝的丰功伟绩","0","3","3"
"奴呼韩邪单于来","0","3","3"
"皇太后为太皇太","0","3","3"
"太后为太皇太后","0","3","3"
"早晨出现在东方","0","3","3"
"定陶王的祖母傅","0","3","3"
"陶王的祖母傅太","0","3","3"
"王的祖母傅太后","0","3","3"
"使国家长治久安","0","3","3"
"改变风气转换习","0","3","3"
"三减去其中之一","0","3","3"
"分为三再增加其","0","3","3"
"为三再增加其中","0","3","3"
"三再增加其中之","0","3","3"
"再增加其中之一","0","3","3"
"增加其中之一的","0","3","3"
"加其中之一的长","0","3","3"
"平分为三再减去","0","3","3"
"分为三再减去其","0","3","3"
"为三再减去其中","0","3","3"
"三再减去其中之","0","3","3"
"再减去其中之一","0","3","3"
"火正黎掌管地理","0","3","3"
"再过四百八十年","0","3","3"
"天运行一度九十","0","3","3"
"运行一度九十二","0","3","3"
"一百二十九万五","0","3","3"
"所以说一天运行","0","3","3"
"一天运行十五分","0","3","3"
"天一亿二千二百","0","3","3"
"一亿二千二百零","0","3","3"
"亿二千二百零二","0","3","3"
"二千二百零二万","0","3","3"
"千二百零二万九","0","3","3"
"二百零二万九千","0","3","3"
"百零二万九千六","0","3","3"
"零二万九千六百","0","3","3"
"二万九千六百零","0","3","3"
"万九千六百零五","0","3","3"
"九千六百零五分","0","3","3"
"与前面方法一样","0","3","3"
"所以百官师长都","0","3","3"
"以百官师长都以","0","3","3"
"他在位三十七年","0","3","3"
"年距辛亥有一百","0","3","3"
"二万六千六百零","0","3","3"
"的礼仪被废除了","0","3","3"
"没有比礼更好的","0","3","3"
"四方极远的地方","0","3","3"
"就把这件事交给","0","3","3"
"郑国和卫国的音","0","3","3"
"国和卫国的音乐","0","3","3"
"大司空何武上奏","0","3","3"
"国敬酒祝寿的音","0","3","3"
"有一千辆兵车的","0","3","3"
"千辆兵车的国家","0","3","3"
"朝有违反政令的","0","3","3"
"有违反政令的人","0","3","3"
"违反政令的人就","0","3","3"
"反政令的人就制","0","3","3"
"政令的人就制订","0","3","3"
"令的人就制订了","0","3","3"
"熟时所征的赋税","0","3","3"
"到了秦朝就不是","0","3","3"
"了秦朝就不是这","0","3","3"
"秦朝就不是这样","0","3","3"
"私人名义占有的","0","3","3"
"人名义占有的土","0","3","3"
"名义占有的土地","0","3","3"
"其正面的图案为","0","3","3"
"百石以上的官吏","0","3","3"
"给他关内侯的爵","0","3","3"
"他关内侯的爵位","0","3","3"
"十月为一年的开","0","3","3"
"于是皇上派使者","0","3","3"
"各自按照他们的","0","3","3"
"按照他们的方位","0","3","3"
"有彗星出现在东","0","3","3"
"迎候神仙的方士","0","3","3"
"各自按照自己的","0","3","3"
"相对应的分野之","0","3","3"
"分野之国有忧患","0","3","3"
"出三月就生成天","0","3","3"
"星会合则预示有","0","3","3"
"则该出现而不出","0","3","3"
"该出现而不出现","0","3","3"
"则该隐没而不隐","0","3","3"
"该隐没而不隐没","0","3","3"
"其下分野之地有","0","3","3"
"星出现在四季的","0","3","3"
"内外有战争和丧","0","3","3"
"外有战争和丧事","0","3","3"
"帝的告诫似乎在","0","3","3"
"宋国发生了火灾","0","3","3"
"刘向认为这是因","0","3","3"
"向认为这是因为","0","3","3"
"天帝的警告似乎","0","3","3"
"帝的警告似乎在","0","3","3"
"的警告似乎在说","0","3","3"
"是霍光的外孙女","0","3","3"
"白鹤馆发生火灾","0","3","3"
"成帝的母亲王太","0","3","3"
"帝的母亲王太后","0","3","3"
"帝的祖母傅太后","0","3","3"
"刘向认为周代的","0","3","3"
"出现的妖孽就是","0","3","3"
"鼷鼠啃食祭祀用","0","3","3"
"说的就是这种情","0","3","3"
"的就是这种情况","0","3","3"
"派三位将军率军","0","3","3"
"当时中书令石显","0","3","3"
"刘向认为这近乎","0","3","3"
"帝王统治的准则","0","3","3"
"与车骑将军张安","0","3","3"
"刘向以为这之前","0","3","3"
"谷永答对皇上说","0","3","3"
"十分之一的赋税","0","3","3"
"即秦朝的内史之","0","3","3"
"秦朝的内史之地","0","3","3"
"行程一千三百四","0","3","3"
"程一千三百四十","0","3","3"
"漳水从这裹流出","0","3","3"
"水首先从长江接","0","3","3"
"首先从长江接受","0","3","3"
"先从长江接受水","0","3","3"
"文帝十六年另立","0","3","3"
"帝十六年另立为","0","3","3"
"行程五百一十里","0","3","3"
"景帝中六年另立","0","3","3"
"帝中六年另立为","0","3","3"
"向东北流入大海","0","3","3"
"向南到下邳县流","0","3","3"
"南到下邳县流入","0","3","3"
"到下邳县流入泅","0","3","3"
"下邳县流入泅水","0","3","3"
"行程一千二百里","0","3","3"
"属于益州刺史部","0","3","3"
"六年新开疆土设","0","3","3"
"年新开疆土设郡","0","3","3"
"水发源于南羌中","0","3","3"
"年另立为诸侯国","0","3","3"
"对国家有利的事","0","3","3"
"齐王田建的孙子","0","3","3"
"王田建的孙子田","0","3","3"
"田建的孙子田安","0","3","3"
"田荣的弟弟田横","0","3","3"
"这是为什么呢?","0","3","3"
"率领一万多骑兵","0","3","3"
"不采纳他的意见","0","3","3"
"难道不是天意吗","0","3","3"
"是什么原因呢?","0","3","3"
"听从了他的计策","0","3","3"
"使者拿着符节赦","0","3","3"
"者拿着符节赦免","0","3","3"
"惠帝和鲁元公主","0","3","3"
"升迁为御史大夫","0","3","3"
"提升为御史大夫","0","3","3"
"知道天下的归属","0","3","3"
"得到皇帝的宠幸","0","3","3"
"周武王讨伐商纣","0","3","3"
"要求逮捕衡山王","0","3","3"
"封董贤为高安侯","0","3","3"
"息夫躬为宜陵侯","0","3","3"
"为大司马卫将军","0","3","3"
"为大司马骠骑将","0","3","3"
"王莽禀告太皇太","0","3","3"
"莽禀告太皇太后","0","3","3"
"人都知道陛下的","0","3","3"
"所以我必须与他","0","3","3"
"史大夫田广明为","0","3","3"
"后将军赵充国为","0","3","3"
"司马骠骑将军丁","0","3","3"
"马骠骑将军丁明","0","3","3"
"帝建元六年分为","0","3","3"
"淳于长为定陵侯","0","3","3"
"不到自己的过错","0","3","3"
"皇上认为他的话","0","3","3"
"为什么这样说呢","0","3","3"
"又过了一个多月","0","3","3"
"接受了投降的人","0","3","3"
"就是这样的人啊","0","3","3"
"想要用这样的办","0","3","3"
"要用这样的办法","0","3","3"
"用这样的办法来","0","3","3"
"王莽讨厌这件事","0","3","3"
"是什么样的人物","0","3","3"
"景帝前元二年封","0","3","3"
"皇上把这件事交","0","3","3"
"在景帝前元三年","0","3","3"
"在位二十八年薨","0","3","3"
"在位二十二年薨","0","3","3"
"派使者出使匈奴","0","3","3"
"身份跟随大将军","0","3","3"
"份跟随大将军卫","0","3","3"
"大将军卫青出击","0","3","3"
"将军卫青出击匈","0","3","3"
"军卫青出击匈奴","0","3","3"
"万骑兵攻打匈奴","0","3","3"
"歼灭敌军几千人","0","3","3"
"黄河以南的地方","0","3","3"
"身份随从大将军","0","3","3"
"回答皇帝的策问","0","3","3"
"处在君子的地位","0","3","3"
"通往西域的道路","0","3","3"
"当时大将军霍光","0","3","3"
"时大将军霍光执","0","3","3"
"徐偃假托朝廷命","0","3","3"
"偃假托朝廷命令","0","3","3"
"时中书令石显专","0","3","3"
"中书令石显专权","0","3","3"
"但应该让他自己","0","3","3"
"没有什么值得称","0","3","3"
"有什么值得称道","0","3","3"
"什么值得称道的","0","3","3"
"大将军王凤认为","0","3","3"
"治理政务的成绩","0","3","3"
"四匹马拉的坐车","0","3","3"
"年轻时因为父亲","0","3","3"
"因为父亲的关系","0","3","3"
"诛杀了郅支单于","0","3","3"
"护送呼韩邪单于","0","3","3"
"擅自假托皇帝命","0","3","3"
"自假托皇帝命令","0","3","3"
"侍奉皇帝的儿子","0","3","3"
"公卿大臣们商议","0","3","3"
"被征召为谏大夫","0","3","3"
"被削爵为关内侯","0","3","3"
"做了大司马车骑","0","3","3"
"了大司马车骑将","0","3","3"
"的地方建立宗庙","0","3","3"
"圣明的君王制定","0","3","3"
"受命于天的开国","0","3","3"
"命于天的开国君","0","3","3"
"有比这更大的了","0","3","3"
"圣明的君主应该","0","3","3"
"行考察官吏政绩","0","3","3"
"察官吏政绩的方","0","3","3"
"官吏政绩的方法","0","3","3"
"帝左右的人是正","0","3","3"
"左右的人是正直","0","3","3"
"右的人是正直的","0","3","3"
"听从了他的意见","0","3","3"
"皇上以这件事询","0","3","3"
"上以这件事询问","0","3","3"
"皇帝下诏让公卿","0","3","3"
"和定陵侯淳于长","0","3","3"
"舅阳平侯王凤任","0","3","3"
"继承父亲的爵位","0","3","3"
"立定陶王为皇太","0","3","3"
"定陶王为皇太子","0","3","3"
"国家的法律制度","0","3","3"
"定陵侯淳于长犯","0","3","3"
"陵侯淳于长犯了","0","3","3"
"侯淳于长犯了大","0","3","3"
"淳于长犯了大逆","0","3","3"
"于长犯了大逆不","0","3","3"
"长犯了大逆不道","0","3","3"
"的母亲太皇太后","0","3","3"
"俸禄为二千石的","0","3","3"
"哀帝的祖母定陶","0","3","3"
"王莽禀告太后下","0","3","3"
"对政事治理没有","0","3","3"
"政事治理没有益","0","3","3"
"事治理没有益处","0","3","3"
"何武做了御史大","0","3","3"
"武做了御史大夫","0","3","3"
"此后过了几个月","0","3","3"
"甄丰的儿子甄寻","0","3","3"
"是王莽的讲学大","0","3","3"
"王莽的讲学大夫","0","3","3"
"皇上认为他有才","0","3","3"
"上认为他有才能","0","3","3"
"派使者对冒顿说","0","3","3"
"汉朝送给匈奴的","0","3","3"
"敬问匈奴大单于","0","3","3"
"问匈奴大单于平","0","3","3"
"匈奴大单于平安","0","3","3"
"奴大单于平安无","0","3","3"
"大单于平安无恙","0","3","3"
"率领自己的部众","0","3","3"
"入朝侍奉汉天子","0","3","3"
"帮助呼韩邪单于","0","3","3"
"原来的玺印绶带","0","3","3"
"到酉球都护治所","0","3","3"
"到都护治所五千","0","3","3"
"平安刚侯夫人许","0","3","3"
"安刚侯夫人许谒","0","3","3"
"这是我应当引退","0","3","3"
"是我应当引退的","0","3","3"
"我应当引退的第","0","3","3"
"王太后下诏书说","0","3","3"
"把明君的权力归","0","3","3"
"明君的权力归还","0","3","3"
"高帝庙接受天命","0","3","3"
"土地纵横各一百","0","3","3"
"地纵横各一百里","0","3","3"
"二千石级改名叫","0","3","3"
"象征封国的茅土","0","3","3"
"爵的封地叫作一","0","3","3"
"各取给予他们的","0","3","3"
"一部二十五郡挂","0","3","3"
"文致法人心厌者","2","0","2"
"天下同苦秦久矣","2","0","2"
"秦嘉立景驹楚王","2","0","2"
"项梁共立楚怀王","1","1","2"
"梁共立楚怀王孙","1","1","2"
"约先入咸阳者王","2","0","2"
"布等攻破函谷关","1","1","2"
"沛公左司马曹毋","2","0","2"
"公左司马曹毋伤","2","0","2"
"徙魏王豹西魏王","2","0","2"
"说汉王烧绝栈道","2","0","2"
"田荣闻羽徙齐王","2","0","2"
"荣闻羽徙齐王市","2","0","2"
"闻羽徙齐王市胶","2","0","2"
"羽徙齐王市胶东","2","0","2"
"故吴令郑昌韩王","2","0","2"
"使九江王布杀义","2","0","2"
"九江王布杀义帝","2","0","2"
"故汉王数十骑西","2","0","2"
"汉王数十骑西门","2","0","2"
"羽夜闻汉军四面","2","0","2"
"夜闻汉军四面皆","2","0","2"
"闻汉军四面皆楚","2","0","2"
"汉军四面皆楚歌","2","0","2"
"魏相国建城侯彭","1","1","2"
"相国建城侯彭越","1","1","2"
"博士稷嗣君叔孙","1","1","2"
"士稷嗣君叔孙通","1","1","2"
"稷嗣君叔孙通谨","1","1","2"
"嗣君叔孙通谨择","1","1","2"
"陛下取天下周异","2","0","2"
"尉长安侯卢绾功","1","1","2"
"始剖符封功臣曹","1","1","2"
"剖符封功臣曹参","1","1","2"
"符封功臣曹参等","1","1","2"
"上封大功臣二十","2","0","2"
"封大功臣二十余","2","0","2"
"大功臣二十余人","2","0","2"
"关中者皆复终身","2","0","2"
"东击杀荆王刘贾","1","1","2"
"后五十年东南乱","2","0","2"
"然天下同姓一家","2","0","2"
"赐吏六百石上爵","2","0","2"
"尊皇后曰皇太后","2","0","2"
"发长安六百里内","2","0","2"
"长安六百里内男","2","0","2"
"安六百里内男女","2","0","2"
"六百里内男女十","2","0","2"
"百里内男女十四","2","0","2"
"里内男女十四万","2","0","2"
"男女十四万六千","2","0","2"
"女十四万六千人","2","0","2"
"十四万六千人城","2","0","2"
"四万六千人城长","2","0","2"
"万六千人城长安","2","0","2"
"太后立帝姊鲁元","2","0","2"
"后立帝姊鲁元公","2","0","2"
"立帝姊鲁元公主","2","0","2"
"帝姊鲁元公主女","2","0","2"
"姊鲁元公主女皇","2","0","2"
"鲁元公主女皇后","2","0","2"
"取后宫美人子名","2","0","2"
"立恒山王弘皇帝","2","0","2"
"平等请尊昭灵夫","1","1","2"
"等请尊昭灵夫人","1","1","2"
"将军灌婴将兵击","2","0","2"
"郎中令贾寿使齐","1","1","2"
"张武等六人乘六","1","1","2"
"东牟侯兴居先清","1","1","2"
"淮阳守申屠嘉等","1","1","2"
"阳守申屠嘉等十","1","1","2"
"守申屠嘉等十人","1","1","2"
"正能直言极谏者","2","0","2"
"十一年冬十一月","1","1","2"
"东阳侯张相大将","2","0","2"
"阳侯张相大将军","2","0","2"
"举贤良能直言极","1","1","2"
"贤良能直言极谏","1","1","2"
"皇帝庙宜帝者太","2","0","2"
"赐民父后者爵一","2","0","2"
"诸侯御史大夫官","1","1","2"
"吏卒战死者二千","2","0","2"
"侯周亚夫下狱死","2","0","2"
"吏二千石黄金二","1","1","2"
"二千石黄金二斤","1","1","2"
"封皇太后同母弟","1","1","2"
"皇太后同母弟田","1","1","2"
"赐民长子爵一级","1","1","2"
"史大夫韩安国护","2","0","2"
"大夫韩安国护军","2","0","2"
"夫韩安国护军将","2","0","2"
"韩安国护军将军","2","0","2"
"太仆公孙贺轻车","2","0","2"
"仆公孙贺轻车将","2","0","2"
"公孙贺轻车将军","2","0","2"
"大行王恢将屯将","2","0","2"
"行王恢将屯将军","2","0","2"
"太中大夫李息材","2","0","2"
"中大夫李息材官","2","0","2"
"大夫李息材官将","2","0","2"
"夫李息材官将军","2","0","2"
"将三十万众屯马","1","1","2"
"三十万众屯马邑","1","1","2"
"十万众屯马邑谷","1","1","2"
"万众屯马邑谷中","1","1","2"
"将军韩安国屯渔","2","0","2"
"军韩安国屯渔阳","2","0","2"
"朔元年冬十一月","1","1","2"
"卫青将六将军兵","2","0","2"
"青将六将军兵十","2","0","2"
"将六将军兵十余","2","0","2"
"六将军兵十余万","2","0","2"
"故详延天下方闻","2","0","2"
"详延天下方闻士","2","0","2"
"斩首虏万九千级","2","0","2"
"元狩元年冬十月","1","1","2"
"赐中二千石爵右","1","1","2"
"广杀匈奴三千余","1","1","2"
"杀匈奴三千余人","1","1","2"
"匈奴昆邪王杀休","1","1","2"
"奴昆邪王杀休屠","1","1","2"
"七十二万五千口","1","1","2"
"遣博士大等六人","1","1","2"
"博士大等六人分","1","1","2"
"元鼎元年夏五月","1","1","2"
"立后土祠汾阴脽","2","0","2"
"后土祠汾阴脽上","2","0","2"
"南越王相吕嘉反","1","1","2"
"遣伏波将军路博","1","1","2"
"楼船将军杨仆豫","2","0","2"
"船将军杨仆豫章","2","0","2"
"西羌众十万人反","1","1","2"
"遣横海将军韩说","2","0","2"
"浮沮将军公孙贺","1","1","2"
"匈河将军赵破奴","1","1","2"
"元封元年冬十月","1","1","2"
"令祠官加增太室","2","0","2"
"祠官加增太室祠","2","0","2"
"朝鲜王攻杀辽东","1","1","2"
"鲜王攻杀辽东都","1","1","2"
"王攻杀辽东都尉","1","1","2"
"赐云阳都百户牛","1","1","2"
"拔胡将军郭昌屯","1","1","2"
"置刺史部十三州","1","1","2"
"遣杅将军公孙敖","2","0","2"
"将军公孙敖筑塞","1","1","2"
"军公孙敖筑塞外","1","1","2"
"公孙敖筑塞外受","1","1","2"
"孙敖筑塞外受降","1","1","2"
"敖筑塞外受降城","1","1","2"
"令天下大酺五日","2","0","2"
"浚稽将军赵破奴","1","1","2"
"稽将军赵破奴二","1","1","2"
"将军赵破奴二万","1","1","2"
"军赵破奴二万骑","1","1","2"
"筑五原塞外列城","1","1","2"
"广利斩大宛王首","1","1","2"
"天汉元年春正月","1","1","2"
"朝诸侯王甘泉宫","2","0","2"
"赎钱五十万减死","2","0","2"
"钱五十万减死一","2","0","2"
"五十万减死一等","2","0","2"
"侍中驸马都尉金","1","1","2"
"中驸马都尉金日","1","1","2"
"车骑将军金日磾","2","0","2"
"始元元年春二月","1","1","2"
"建章宫太液池中","1","1","2"
"水衡都尉吕破胡","1","1","2"
"齐孝王孙刘泽谋","1","1","2"
"孝王孙刘泽谋反","1","1","2"
"故廷尉王平等五","1","1","2"
"廷尉王平等五人","1","1","2"
"尉王平等五人持","1","1","2"
"捕斩反虏重合侯","1","1","2"
"斩反虏重合侯马","1","1","2"
"反虏重合侯马通","1","1","2"
"大鸿胪田广明击","1","1","2"
"鸿胪田广明击益","1","1","2"
"胪田广明击益州","1","1","2"
"夏阳男子张延年","1","1","2"
"遣执金吾马适建","1","1","2"
"大将军国家忠臣","1","1","2"
"左将军安阳侯桀","1","1","2"
"骑将军桑乐侯安","1","1","2"
"大将军长史公孙","1","1","2"
"将军长史公孙遗","1","1","2"
"军长史公孙遗等","1","1","2"
"丞相少史王寿诱","1","1","2"
"监傅介子持节使","2","0","2"
"元平元年春二月","1","1","2"
"望气者言长安狱","2","0","2"
"气者言长安狱中","2","0","2"
"者言长安狱中天","2","0","2"
"言长安狱中天子","2","0","2"
"长安狱中天子气","2","0","2"
"上遣使者分条中","2","0","2"
"遣使者分条中都","2","0","2"
"使者分条中都官","2","0","2"
"谒者令郭穰夜郡","2","0","2"
"者令郭穰夜郡邸","2","0","2"
"令郭穰夜郡邸狱","2","0","2"
"大将军霍光请皇","1","1","2"
"将军霍光请皇后","1","1","2"
"本始元年春正月","1","1","2"
"勋富平侯安世万","1","1","2"
"富平侯安世万户","1","1","2"
"车骑将军安世建","1","1","2"
"骑将军安世建议","1","1","2"
"将军安世建议定","1","1","2"
"军安世建议定策","1","1","2"
"度辽将军平陵侯","1","1","2"
"长信少府关内侯","1","1","2"
"郡国举文学高第","1","1","2"
"武帝巡狩所幸郡","2","0","2"
"帝巡狩所幸郡国","2","0","2"
"选郡国吏三百石","2","0","2"
"郡国吏三百石伉","2","0","2"
"国吏三百石伉健","2","0","2"
"吏三百石伉健习","2","0","2"
"三百石伉健习骑","2","0","2"
"百石伉健习骑射","2","0","2"
"石伉健习骑射者","2","0","2"
"内郡国举贤良方","2","0","2"
"地节元年春正月","1","1","2"
"宗室属未尽罪绝","2","0","2"
"大将军博陆侯宿","1","1","2"
"将军博陆侯宿卫","1","1","2"
"军博陆侯宿卫孝","1","1","2"
"博陆侯宿卫孝武","1","1","2"
"陆侯宿卫孝武皇","1","1","2"
"侯宿卫孝武皇帝","1","1","2"
"宿卫孝武皇帝三","1","1","2"
"卫孝武皇帝三十","1","1","2"
"流民占八万余口","2","0","2"
"赐广陵王黄金千","1","1","2"
"广陵王黄金千斤","1","1","2"
"侯王十五人黄金","1","1","2"
"报冠阳侯霍云谋","1","1","2"
"遣使者循行郡国","2","0","2"
"二千石下六百石","2","0","2"
"皇帝功臣绛侯周","1","1","2"
"帝功臣绛侯周勃","1","1","2"
"功臣绛侯周勃等","1","1","2"
"侍中光禄大夫许","1","1","2"
"中光禄大夫许延","1","1","2"
"光禄大夫许延寿","1","1","2"
"令张贺辅导朕躬","1","1","2"
"子侍中中郎将彭","1","1","2"
"侍中中郎将彭祖","1","1","2"
"赐贺谥曰阳都哀","2","0","2"
"贺谥曰阳都哀侯","2","0","2"
"等十二人循行天","2","0","2"
"十二人循行天下","2","0","2"
"翁归子黄金百斤","2","0","2"
"大司马卫将军安","1","1","2"
"司马卫将军安世","1","1","2"
"神爵元年春正月","1","1","2"
"置金城属国处降","2","0","2"
"金城属国处降羌","2","0","2"
"域骑都尉郑吉迎","1","1","2"
"骑都尉郑吉迎日","1","1","2"
"都尉郑吉迎日逐","1","1","2"
"司隶校尉盖宽饶","1","1","2"
"颍川太守黄霸治","2","0","2"
"川太守黄霸治行","2","0","2"
"河南太守严延年","1","1","2"
"五凤元年春正月","1","1","2"
"赐列侯嗣子爵五","2","0","2"
"列侯嗣子爵五大","2","0","2"
"侯嗣子爵五大夫","2","0","2"
"左冯翊韩延寿罪","2","0","2"
"长乐宫东阙中树","1","1","2"
"乐宫东阙中树上","1","1","2"
"农中丞耿寿昌奏","1","1","2"
"中丞耿寿昌奏设","2","0","2"
"丞耿寿昌奏设常","2","0","2"
"耿寿昌奏设常平","2","0","2"
"寿昌奏设常平仓","2","0","2"
"御史掾二十四人","1","1","2"
"史掾二十四人循","1","1","2"
"掾二十四人循行","1","1","2"
"甘露元年春正月","1","1","2"
"呼韩邪单款五原","2","0","2"
"韩邪单款五原塞","2","0","2"
"呼韩邪单稽侯犭","2","0","2"
"韩邪单稽侯犭册","2","0","2"
"上甘泉宿池阳宫","2","0","2"
"遣长乐卫尉高昌","2","0","2"
"太子太傅萧望等","2","0","2"
"黄龙元年春正月","1","1","2"
"匈奴呼韩邪单朝","2","0","2"
"尊皇太后曰太皇","2","0","2"
"皇太后曰太皇太","2","0","2"
"太后曰太皇太后","2","0","2"
"初元元年春正月","1","1","2"
"元年春正月辛丑","2","0","2"
"封外祖父平恩戴","1","1","2"
"外祖父平恩戴侯","1","1","2"
"遣光禄大夫褒等","1","1","2"
"光禄大夫褒等十","1","1","2"
"禄大夫褒等十二","1","1","2"
"大夫褒等十二人","1","1","2"
"夫褒等十二人循","1","1","2"
"褒等十二人循行","1","1","2"
"池属少府者假贫","2","0","2"
"属少府者假贫民","2","0","2"
"属籍者马一匹二","2","0","2"
"籍者马一匹二驷","2","0","2"
"道县城郭官寺民","2","0","2"
"县城郭官寺民室","2","0","2"
"城郭官寺民室屋","2","0","2"
"故前将军望傅朕","2","0","2"
"御史大夫贡禹卒","2","0","2"
"永光元年春正月","1","1","2"
"吏六百石上爵五","2","0","2"
"六百石上爵五大","2","0","2"
"百石上爵五大夫","2","0","2"
"百姓远弃先祖坟","1","1","2"
"姓远弃先祖坟墓","1","1","2"
"孝惠皇帝寝庙园","2","0","2"
"建昭元年春三月","1","1","2"
"太皇太后上官氏","1","1","2"
"护西域骑都尉甘","1","1","2"
"西域骑都尉甘延","1","1","2"
"域骑都尉甘延寿","1","1","2"
"西域胡兵攻郅支","1","1","2"
"域胡兵攻郅支单","1","1","2"
"遣谏大夫博士赏","1","1","2"
"谏大夫博士赏等","1","1","2"
"右将军长史姚尹","1","1","2"
"将军长史姚尹等","1","1","2"
"诸逋租赋所振贷","2","0","2"
"逋租赋所振贷勿","2","0","2"
"租赋所振贷勿收","2","0","2"
"谏大夫林等循行","1","1","2"
"大夫林等循行天","1","1","2"
"夫林等循行天下","1","1","2"
"国举贤良方正能","1","1","2"
"河平元年春三月","1","1","2"
"遣光禄大夫博士","1","1","2"
"光禄大夫博士嘉","1","1","2"
"禄大夫博士嘉等","1","1","2"
"大夫博士嘉等十","1","1","2"
"夫博士嘉等十一","1","1","2"
"博士嘉等十一人","1","1","2"
"鸿嘉元年春二月","1","1","2"
"广汉男子郑躬等","1","1","2"
"汉男子郑躬等六","1","1","2"
"男子郑躬等六十","1","1","2"
"子郑躬等六十余","1","1","2"
"郑躬等六十余人","1","1","2"
"躬等六十余人攻","1","1","2"
"河东都尉赵护广","2","0","2"
"东都尉赵护广汉","2","0","2"
"都尉赵护广汉太","2","0","2"
"尉赵护广汉太守","2","0","2"
"永始元年春正月","1","1","2"
"侍中卫尉长数白","2","0","2"
"中卫尉长数白宜","2","0","2"
"徒苏令等二百二","1","1","2"
"苏令等二百二十","1","1","2"
"令等二百二十八","1","1","2"
"等二百二十八人","1","1","2"
"二百二十八人攻","1","1","2"
"百二十八人攻杀","1","1","2"
"二十八人攻杀长","1","1","2"
"十八人攻杀长吏","1","1","2"
"汝南太守严讠斤","1","1","2"
"南太守严讠斤捕","1","1","2"
"太守严讠斤捕斩","1","1","2"
"司马大将军王商","1","1","2"
"赵昭仪帝舅票骑","2","0","2"
"昭仪帝舅票骑将","2","0","2"
"仪帝舅票骑将军","2","0","2"
"太仆安阳侯舜辅","1","1","2"
"仆安阳侯舜辅导","1","1","2"
"博士弟子父母死","1","1","2"
"侍中骑都尉新成","1","1","2"
"中骑都尉新成侯","1","1","2"
"骑都尉新成侯赵","1","1","2"
"定陶恭皇号宜复","2","0","2"
"陶恭皇号宜复称","2","0","2"
"恭皇号宜复称定","2","0","2"
"皇号宜复称定陶","2","0","2"
"帝太后宜陵恭皇","2","0","2"
"太后宜陵恭皇园","2","0","2"
"待诏夏贺良等建","1","1","2"
"夏贺良等建言改","2","0","2"
"太后所居桂宫正","1","1","2"
"后所居桂宫正殿","1","1","2"
"所居桂宫正殿火","1","1","2"
"哀帝皇后傅氏退","1","1","2"
"帝皇后傅氏退居","1","1","2"
"皇后傅氏退居桂","1","1","2"
"后傅氏退居桂宫","1","1","2"
"元始元年春正月","1","1","2"
"群臣奏言大司马","1","1","2"
"桃乡顷侯子成都","2","0","2"
"乡顷侯子成都中","2","0","2"
"顷侯子成都中山","2","0","2"
"太仆王恽等二十","1","1","2"
"仆王恽等二十五","1","1","2"
"王恽等二十五人","1","1","2"
"议定陶傅太后尊","1","1","2"
"定陶傅太后尊号","1","1","2"
"帝母中山孝王姬","1","1","2"
"所食汤沐邑十县","1","1","2"
"太师光奉太牢告","1","1","2"
"故大司马博陆侯","1","1","2"
"司马博陆侯霍光","1","1","2"
"宣平侯张敖玄孙","1","1","2"
"舞阳侯樊哙玄孙","1","1","2"
"谒者大司马掾四","1","1","2"
"者大司马掾四十","1","1","2"
"大司马掾四十四","1","1","2"
"司马掾四十四人","1","1","2"
"马掾四十四人持","1","1","2"
"南阳勇敢吏士三","1","1","2"
"阳勇敢吏士三百","1","1","2"
"勇敢吏士三百人","1","1","2"
"成重等二百余人","1","1","2"
"安汉公号曰宰衡","2","0","2"
"赐公太夫人号曰","2","0","2"
"公太夫人号曰功","2","0","2"
"太夫人号曰功显","2","0","2"
"八十一元士官名","1","1","2"
"大风吹长安城东","2","0","2"
"风吹长安城东门","2","0","2"
"吹长安城东门屋","2","0","2"
"长安城东门屋瓦","2","0","2"
"安城东门屋瓦尽","2","0","2"
"太祖高皇帝子孙","1","1","2"
"天地五位合终十","2","0","2"
"地五位合终十者","2","0","2"
"五位合终十者乘","2","0","2"
"千五百三十九岁","2","0","2"
"二千一百八十七","1","1","2"
"六千五百六十一","1","1","2"
"九千六百八十三","1","1","2"
"一千五百二十铢","1","1","2"
"一千五百二十物","1","1","2"
"大中大夫公孙卿","1","1","2"
"上元泰初四千六","1","1","2"
"元泰初四千六百","1","1","2"
"泰初四千六百一","1","1","2"
"初四千六百一十","1","1","2"
"千六百一十七岁","2","0","2"
"大司农中丞麻光","1","1","2"
"司农中丞麻光等","1","1","2"
"元凤三年十一月","1","1","2"
"三千六百二十九","1","1","2"
"二十年二月己丑","1","1","2"
"六万九千一百二","1","1","2"
"万九千一百二十","1","1","2"
"十三万八千二百","1","1","2"
"三万八千二百四","1","1","2"
"万八千二百四十","1","1","2"
"二百六十二万六","1","1","2"
"百六十二万六千","1","1","2"
"六十二万六千五","1","1","2"
"二万六千五百六","1","1","2"
"万六千五百六十","1","1","2"
"七百八十七万九","1","1","2"
"百八十七万九千","1","1","2"
"八十七万九千六","1","1","2"
"十七万九千六百","1","1","2"
"七万九千六百八","1","1","2"
"三百六十三万九","1","1","2"
"百六十三万九千","1","1","2"
"二千三百九十二","1","1","2"
"五十六万二千一","1","1","2"
"十六万二千一百","1","1","2"
"六万二千一百二","1","1","2"
"万二千一百二十","1","1","2"
"六千三百四十五","1","1","2"
"一万八千四百六","1","1","2"
"万八千四百六十","1","1","2"
"八千四百六十八","1","1","2"
"三千四百五十六","1","1","2"
"五千一百九十一","1","1","2"
"二万六千八百四","1","1","2"
"六千八百四十八","1","1","2"
"四千一百六十三","1","1","2"
"九千二百一十六","1","1","2"
"四千一百二十六","1","1","2"
"一万九千三百四","1","1","2"
"万九千三百四十","1","1","2"
"九千三百四十三","1","1","2"
"万四千六百八十","1","1","2"
"四千六百八十二","1","1","2"
"二万八千二百二","1","1","2"
"万八千二百二十","1","1","2"
"八千二百二十四","1","1","2"
"日行十一分度二","2","0","2"
"日百八十二万八","2","0","2"
"八千三百六十二","1","1","2"
"千三百六十二分","1","1","2"
"八千三百六十五","1","1","2"
"千三百六十五分","1","1","2"
"百六十六万一千","1","1","2"
"六十六万一千二","1","1","2"
"十六万一千二百","1","1","2"
"一千二百八十六","1","1","2"
"千二百八十六分","1","1","2"
"千七百二十八分","1","1","2"
"日行四十六分度","2","0","2"
"度九十二分度十","2","0","2"
"九十二分度十五","2","0","2"
"行星二百四十四","1","1","2"
"星二百四十四度","1","1","2"
"行星二百四十一","1","1","2"
"星二百四十一度","1","1","2"
"行星二百二十六","1","1","2"
"星二百二十六度","1","1","2"
"二百二十六度六","1","1","2"
"百二十六度六百","1","1","2"
"二十六度六百九","1","1","2"
"十六度六百九十","1","1","2"
"六度六百九十万","1","1","2"
"度六百九十万七","1","1","2"
"六百九十万七千","1","1","2"
"百九十万七千四","1","1","2"
"九十万七千四百","1","1","2"
"十万七千四百六","1","1","2"
"七千四百六十九","1","1","2"
"千四百六十九分","1","1","2"
"日行十五分度一","2","0","2"
"百三万二千六百","2","0","2"
"三万二千六百二","1","1","2"
"万二千六百二十","1","1","2"
"二千六百二十五","1","1","2"
"千六百二十五分","1","1","2"
"千三百二十一万","1","1","2"
"三百二十一万五","1","1","2"
"百二十一万五百","1","1","2"
"二十一万五百分","1","1","2"
"行四千三百二十","1","1","2"
"四千三百二十分","1","1","2"
"日行九十二分度","2","0","2"
"行九十二分度五","2","0","2"
"九十二分度五十","2","0","2"
"十二分度五十三","2","0","2"
"日千五百六十八","2","0","2"
"百一十四度八百","1","1","2"
"一十四度八百二","1","1","2"
"十四度八百二十","1","1","2"
"四度八百二十一","1","1","2"
"二十一万八千五","2","0","2"
"十一万八千五分","2","0","2"
"行星四百一十五","1","1","2"
"星四百一十五度","1","1","2"
"四百一十五度八","1","1","2"
"百一十五度八百","1","1","2"
"一十五度八百二","1","1","2"
"十五度八百二十","1","1","2"
"五度八百二十一","1","1","2"
"千八百二十四分","1","1","2"
"七千三百五十五","1","1","2"
"日行一度三分度","2","0","2"
"行一度三分度一","2","0","2"
"定行星二十八度","1","1","2"
"行星六十八度四","1","1","2"
"星六十八度四千","1","1","2"
"六十八度四千六","1","1","2"
"十八度四千六百","1","1","2"
"八度四千六百六","1","1","2"
"六百六十一万一","2","0","2"
"百六十一万一百","2","0","2"
"六十一万一百二","2","0","2"
"十一万一百二十","2","0","2"
"一万一百二十八","2","0","2"
"万一百二十八分","2","0","2"
"十五日一亿二千","2","0","2"
"五日一亿二千二","2","0","2"
"行星九十六度四","1","1","2"
"星九十六度四千","1","1","2"
"九十六度四千六","1","1","2"
"十六度四千六百","1","1","2"
"六度四千六百六","1","1","2"
"定行星二十六度","1","1","2"
"五千八百六十六","1","1","2"
"千八百六十六万","1","1","2"
"八百六十六万二","1","1","2"
"百六十六万二千","1","1","2"
"六十六万二千八","1","1","2"
"十六万二千八百","1","1","2"
"六万二千八百二","1","1","2"
"万二千八百二十","1","1","2"
"二千八百二十分","1","1","2"
"行星十九度七千","1","1","2"
"星十九度七千五","1","1","2"
"十九度七千五百","1","1","2"
"九度七千五百四","1","1","2"
"度七千五百四十","1","1","2"
"千五百四十一万","1","1","2"
"五百四十一万九","1","1","2"
"百四十一万九千","1","1","2"
"四十一万九千四","1","1","2"
"十一万九千四百","1","1","2"
"一万九千四百七","1","1","2"
"万九千四百七十","1","1","2"
"九千四百七十七","1","1","2"
"千四百七十七分","1","1","2"
"策余乘入统岁数","1","1","2"
"分母分度数乘全","1","1","2"
"十四万一千四百","1","1","2"
"四万一千四百八","1","1","2"
"万一千四百八十","1","1","2"
"商十二月乙丑朔","1","1","2"
"十二月乙丑朔旦","1","1","2"
"二月乙丑朔旦冬","1","1","2"
"商十二月甲申朔","1","1","2"
"十二月甲申朔旦","1","1","2"
"二月甲申朔旦冬","1","1","2"
"十三万二千一百","1","1","2"
"三万二千一百一","1","1","2"
"万二千一百一十","1","1","2"
"二千一百一十三","1","1","2"
"十四万二千一百","1","1","2"
"正月丁巳朔旦冬","1","1","2"
"入孟统二十九章","1","1","2"
"周公七年复子明","1","1","2"
"公七年复子明辟","1","1","2"
"成王元年正月己","1","1","2"
"王元年正月己巳","1","1","2"
"元年正月己巳朔","1","1","2"
"康王十二年六月","1","1","2"
"王十二年六月戊","1","1","2"
"十二年六月戊辰","1","1","2"
"十二年六月庚午","1","1","2"
"公二十四年正月","1","1","2"
"二十四年正月丙","1","1","2"
"十四年正月丙申","1","1","2"
"四年正月丙申朔","1","1","2"
"年正月丙申朔旦","1","1","2"
"正月丙申朔旦冬","1","1","2"
"懿公九年正月癸","1","1","2"
"公九年正月癸巳","1","1","2"
"惠公三十八年正","1","1","2"
"公三十八年正月","1","1","2"
"三十八年正月壬","1","1","2"
"十八年正月壬申","1","1","2"
"公五年正月辛亥","1","1","2"
"成公十二年正月","1","1","2"
"公十二年正月庚","1","1","2"
"十二年正月庚寅","1","1","2"
"二年正月庚寅朔","1","1","2"
"四百四十五甲子","1","1","2"
"二万六千六百六","2","0","2"
"万六千六百六旬","2","0","2"
"二十年春王正月","1","1","2"
"哀公十二年冬十","1","1","2"
"公十二年冬十二","1","1","2"
"元公四年正月戊","1","1","2"
"公四年正月戊申","1","1","2"
"四年正月戊申朔","1","1","2"
"康公四年正月丁","1","1","2"
"公四年正月丁亥","1","1","2"
"四年正月丁亥朔","1","1","2"
"缗公二十二年正","1","1","2"
"公二十二年正月","1","1","2"
"二十二年正月丙","1","1","2"
"十二年正月丙寅","1","1","2"
"二年正月丙寅朔","1","1","2"
"八年十一月乙巳","1","1","2"
"年十一月乙巳朔","1","1","2"
"元朔六年十一月","1","1","2"
"朔六年十一月甲","1","1","2"
"六年十一月甲申","1","1","2"
"年十一月甲申朔","1","1","2"
"前十一月甲子朔","1","1","2"
"二年十一月癸亥","1","1","2"
"年十一月癸亥朔","1","1","2"
"阳布施上主岁功","2","0","2"
"临政愿治七十余","2","0","2"
"政愿治七十余岁","2","0","2"
"愿治七十余岁矣","2","0","2"
"举明主三代隆者","2","0","2"
"非礼义科指世世","2","0","2"
"礼义科指世世通","2","0","2"
"义科指世世通行","2","0","2"
"科指世世通行者","2","0","2"
"孔子曰安上治民","2","0","2"
"乐府令夏侯宽备","1","1","2"
"秦始皇二十六年","1","1","2"
"谒者常山王禹世","1","1","2"
"御史大夫卫绾请","1","1","2"
"时涿郡太守郑昌","1","1","2"
"涿郡太守郑昌上","1","1","2"
"农中丞耿寿昌善","1","1","2"
"减诸侯王庙卫卒","2","0","2"
"更名天下田曰王","2","0","2"
"名天下田曰王田","2","0","2"
"边兵二十余万人","2","0","2"
"兵二十余万人仰","2","0","2"
"流民入关者数十","2","0","2"
"民入关者数十万","2","0","2"
"入关者数十万人","2","0","2"
"马死者十余万匹","2","0","2"
"孔仅使天下铸作","1","1","2"
"诏郡国举贤良文","2","0","2"
"郡国举贤良文学","2","0","2"
"国举贤良文学士","2","0","2"
"钱二百八十亿万","1","1","2"
"愁苦死者什六七","2","0","2"
"令公卿下郡县黄","2","0","2"
"公卿下郡县黄绶","2","0","2"
"陈宝祠后七十一","1","1","2"
"宝祠后七十一年","1","1","2"
"周太史儋见秦献","1","1","2"
"儒生博士七十人","1","1","2"
"鲁人公孙臣上书","2","0","2"
"赵人新垣平望气","2","0","2"
"汾阴男子公孙滂","1","1","2"
"阴男子公孙滂洋","1","1","2"
"男子公孙滂洋等","1","1","2"
"大将军霍光辅政","1","1","2"
"京兆尹张敞上疏","1","1","2"
"兆尹张敞上疏谏","1","1","2"
"骑将军许嘉等八","1","1","2"
"将军许嘉等八人","1","1","2"
"议郎翟方进等五","1","1","2"
"郎翟方进等五十","1","1","2"
"翟方进等五十人","1","1","2"
"上林苑中长安城","1","1","2"
"林苑中长安城旁","1","1","2"
"太皇太后诏司曰","2","0","2"
"殆继体君宜改作","2","0","2"
"元鼎四年十一月","1","1","2"
"鼎四年十一月甲","1","1","2"
"四年十一月甲子","1","1","2"
"五年十一月癸未","1","1","2"
"河东后土长安南","2","0","2"
"东后土长安南北","2","0","2"
"后土长安南北郊","2","0","2"
"孟春正月上辛若","1","1","2"
"春正月上辛若丁","1","1","2"
"帝颛顼黑灵玄冥","1","1","2"
"数七百八十三星","1","1","2"
"乱臣贼子伏尸流","1","1","2"
"臣贼子伏尸流血","1","1","2"
"见王者征伐四方","2","0","2"
"丈三尺一寸四分","1","1","2"
"长七尺三寸六分","1","1","2"
"诸侯奔走保社稷","2","0","2"
"侯奔走保社稷者","2","0","2"
"奔走保社稷者胜","2","0","2"
"走保社稷者胜数","2","0","2"
"十五年间彗星四","1","1","2"
"后二年正月壬寅","1","1","2"
"孝景元年正月癸","1","1","2"
"景元年正月癸酉","1","1","2"
"遣大将军周亚夫","1","1","2"
"大将军周亚夫等","1","1","2"
"将军周亚夫等戍","1","1","2"
"三年十一月庚午","1","1","2"
"后元年五月壬午","1","1","2"
"孝武建元三年三","1","1","2"
"武建元三年三月","1","1","2"
"将十万骑入武州","2","0","2"
"发三辅郡国少年","1","1","2"
"元平元年正月庚","1","1","2"
"平元年正月庚子","1","1","2"
"本始元年四月壬","1","1","2"
"始元年四月壬戌","1","1","2"
"地节元年正月戊","1","1","2"
"节元年正月戊午","1","1","2"
"元帝初元元年四","1","1","2"
"帝初元元年四月","1","1","2"
"建始元年九月戊","1","1","2"
"始元年九月戊子","1","1","2"
"二年十二月壬申","1","1","2"
"河平二年十月下","1","1","2"
"平二年十月下旬","1","1","2"
"郡庄平男子侯母","1","1","2"
"庄平男子侯母辟","1","1","2"
"平男子侯母辟兄","1","1","2"
"男子侯母辟兄弟","1","1","2"
"子侯母辟兄弟五","1","1","2"
"侯母辟兄弟五人","1","1","2"
"朔元年七月壬子","1","1","2"
"经历郡国四十余","2","0","2"
"元延元年四月丁","1","1","2"
"延元年四月丁酉","1","1","2"
"元年正月丁未日","1","1","2"
"三年十一月壬子","1","1","2"
"良等建言改元易","2","0","2"
"等建言改元易号","2","0","2"
"诏书改建平二年","1","1","2"
"元寿元年十一月","1","1","2"
"禹大法九章常事","1","1","2"
"大法九章常事所","1","1","2"
"成公十六年正月","1","1","2"
"桓公十四年八月","1","1","2"
"公十四年八月壬","1","1","2"
"十四年八月壬申","1","1","2"
"公二十年五月乙","1","1","2"
"二十年五月乙巳","1","1","2"
"成公三年二月甲","1","1","2"
"公三年二月甲子","1","1","2"
"刘向先宋公听谗","2","0","2"
"陶唐氏火正阏伯","2","0","2"
"三十年五月甲午","1","1","2"
"昭公六年六月丙","1","1","2"
"公六年六月丙戌","1","1","2"
"哀公十七年七月","1","1","2"
"公十七年七月己","1","1","2"
"十七年七月己卯","1","1","2"
"十八年五月壬午","1","1","2"
"哀公三年五月辛","1","1","2"
"公三年五月辛卯","1","1","2"
"高后元年五月丙","1","1","2"
"后元年五月丙申","1","1","2"
"惠帝四年十月乙","1","1","2"
"帝四年十月乙亥","1","1","2"
"文帝七年六月癸","1","1","2"
"帝七年六月癸酉","1","1","2"
"丞相条侯周亚夫","1","1","2"
"建元六年六月丁","1","1","2"
"元六年六月丁酉","1","1","2"
"仲舒弟子吕步舒","2","0","2"
"太初元年十一月","1","1","2"
"初元年十一月乙","1","1","2"
"元年十一月乙酉","1","1","2"
"成帝河平二年正","1","1","2"
"帝河平二年正月","1","1","2"
"元凤四年五月丁","1","1","2"
"凤四年五月丁丑","1","1","2"
"元帝初元三年四","1","1","2"
"帝初元三年四月","1","1","2"
"初元三年四月乙","1","1","2"
"孝武园白鹤馆灾","2","0","2"
"永光四年六月甲","1","1","2"
"光四年六月甲戌","1","1","2"
"陵园东阙南方灾","2","0","2"
"建始元年正月乙","1","1","2"
"始元年正月乙丑","1","1","2"
"大将军王凤颛权","2","0","2"
"鸿嘉三年八月乙","1","1","2"
"嘉三年八月乙卯","1","1","2"
"永始元年正月癸","1","1","2"
"始元年正月癸丑","1","1","2"
"永始四年四月癸","1","1","2"
"始四年四月癸未","1","1","2"
"哀帝建平三年正","1","1","2"
"帝建平三年正月","1","1","2"
"建平三年正月癸","1","1","2"
"平三年正月癸卯","1","1","2"
"平帝元始五年七","1","1","2"
"帝元始五年七月","1","1","2"
"元始五年七月己","1","1","2"
"始五年七月己亥","1","1","2"
"成帝母王太后临","2","0","2"
"帝母王太后临朝","2","0","2"
"严公二十八年冬","1","1","2"
"成帝鸿嘉三年五","1","1","2"
"帝鸿嘉三年五月","1","1","2"
"鸿嘉三年五月乙","1","1","2"
"嘉三年五月乙亥","1","1","2"
"山阳亡徒苏令等","2","0","2"
"元帝永光五年夏","1","1","2"
"成帝建始三年夏","1","1","2"
"昭公二十一年三","1","1","2"
"公二十一年三月","1","1","2"
"隐公九年三月癸","1","1","2"
"公九年三月癸酉","1","1","2"
"昭帝始元元年七","1","1","2"
"帝始元元年七月","1","1","2"
"成帝建始三年秋","1","1","2"
"大臣车骑将军王","1","1","2"
"臣车骑将军王音","1","1","2"
"典门户奉宿卫臣","2","0","2"
"门户奉宿卫臣执","2","0","2"
"户奉宿卫臣执干","2","0","2"
"奉宿卫臣执干戈","2","0","2"
"宿卫臣执干戈守","2","0","2"
"卫臣执干戈守空","2","0","2"
"臣执干戈守空宫","2","0","2"
"丞相府史家雌鸡","2","0","2"
"定公十五年正月","1","1","2"
"燕黄鼠衔尾舞王","2","0","2"
"黄鼠衔尾舞王宫","2","0","2"
"鼠衔尾舞王宫端","2","0","2"
"衔尾舞王宫端门","2","0","2"
"尾舞王宫端门中","2","0","2"
"成帝建始四年九","1","1","2"
"帝建始四年九月","1","1","2"
"景帝三年十二月","1","1","2"
"大司马霍禹所居","1","1","2"
"襄公三十一年正","1","1","2"
"公三十一年正月","1","1","2"
"二十五年七月上","1","1","2"
"严公三十一年冬","1","1","2"
"丞相灌婴发车骑","1","1","2"
"武帝元光六年夏","1","1","2"
"将军众十余万征","2","0","2"
"军众十余万征匈","2","0","2"
"众十余万征匈奴","2","0","2"
"贰师将军征大宛","2","0","2"
"大鸿胪田广明征","1","1","2"
"宣帝本始三年夏","1","1","2"
"后将军赵充国征","1","1","2"
"成帝建始二年三","1","1","2"
"帝建始二年三月","1","1","2"
"建始二年三月戊","1","1","2"
"始二年三月戊子","1","1","2"
"襄公十七年十一","1","1","2"
"公十七年十一月","1","1","2"
"十七年十一月甲","1","1","2"
"七年十一月甲午","1","1","2"
"文帝后五年六月","1","1","2"
"犹诸侯举兵乡京","2","0","2"
"诸侯举兵乡京师","2","0","2"
"昭公二十四年十","1","1","2"
"公二十四年十月","1","1","2"
"二十四年十月癸","1","1","2"
"十四年十月癸酉","1","1","2"
"秦始皇帝三十六","1","1","2"
"始皇帝三十六年","1","1","2"
"始皇二十八年过","1","1","2"
"孝昭元凤三年正","2","0","2"
"昭元凤三年正月","2","0","2"
"莱芜山南匈匈数","2","0","2"
"芜山南匈匈数千","2","0","2"
"山南匈匈数千人","2","0","2"
"南匈匈数千人声","2","0","2"
"周威烈王二十三","1","1","2"
"威烈王二十三年","1","1","2"
"成帝元延元年正","1","1","2"
"帝元延元年正月","1","1","2"
"武帝元狩六年冬","1","1","2"
"博士褚大等六人","1","1","2"
"昭帝始元二年冬","1","1","2"
"上林苑中大柳树","2","0","2"
"林苑中大柳树断","2","0","2"
"皇后曾祖父济南","1","1","2"
"成帝永始元年二","1","1","2"
"帝永始元年二月","1","1","2"
"哀帝建平三年十","1","1","2"
"帝建平三年十月","1","1","2"
"汝南西平遂阳乡","1","1","2"
"帝永光二年八月","1","1","2"
"平帝元始三年正","1","1","2"
"帝元始三年正月","1","1","2"
"昭公二十五年夏","1","1","2"
"景帝三年十一月","1","1","2"
"成帝河平元年二","1","1","2"
"帝河平元年二月","1","1","2"
"河平元年二月庚","1","1","2"
"平元年二月庚子","1","1","2"
"季氏家臣阳虎囚","1","1","2"
"武帝元狩元年十","1","1","2"
"帝元狩元年十二","1","1","2"
"元狩元年十二月","1","1","2"
"元帝建昭二年十","1","1","2"
"帝建昭二年十一","1","1","2"
"建昭二年十一月","1","1","2"
"武帝元光四年四","1","1","2"
"帝元光四年四月","1","1","2"
"宣帝地节四年五","1","1","2"
"帝地节四年五月","1","1","2"
"大司马霍禹宗族","1","1","2"
"司马霍禹宗族谋","1","1","2"
"马霍禹宗族谋反","1","1","2"
"成帝河平二年四","1","1","2"
"帝河平二年四月","1","1","2"
"公三十二年十二","1","1","2"
"三十二年十二月","1","1","2"
"十二年十二月己","1","1","2"
"哀帝建平二年四","1","1","2"
"帝建平二年四月","1","1","2"
"建平二年四月乙","1","1","2"
"平二年四月乙亥","1","1","2"
"武帝元鼎五年秋","1","1","2"
"成帝鸿嘉四年秋","1","1","2"
"哀公十二年十二","1","1","2"
"公十二年十二月","1","1","2"
"武帝元光五年秋","1","1","2"
"平帝元始二年秋","1","1","2"
"鲁襄公二十三年","1","1","2"
"秦武王三年渭水","1","1","2"
"昭王三十四年渭","1","1","2"
"王三十四年渭水","1","1","2"
"时金木水火沴土","2","0","2"
"釐公十六年正月","2","0","2"
"公十五年九月己","1","1","2"
"十五年九月己卯","1","1","2"
"五年九月己卯晦","1","1","2"
"宫馆阁道相连三","1","1","2"
"馆阁道相连三十","1","1","2"
"阁道相连三十余","1","1","2"
"道相连三十余里","1","1","2"
"昭公二十一年春","1","1","2"
"成帝建始元年四","1","1","2"
"帝建始元年四月","1","1","2"
"建始元年四月辛","1","1","2"
"始元年四月辛丑","1","1","2"
"元年四月辛丑夜","1","1","2"
"庶弟谭等五人赐","1","1","2"
"宣帝本始四年四","1","1","2"
"帝本始四年四月","1","1","2"
"本始四年四月壬","1","1","2"
"始四年四月壬寅","1","1","2"
"立悼惠王庶子六","1","1","2"
"悼惠王庶子六人","1","1","2"
"元延三年正月丙","1","1","2"
"延三年正月丙寅","1","1","2"
"貌言视听思心五","1","1","2"
"言视听思心五事","1","1","2"
"昭帝元平元年四","1","1","2"
"帝元平元年四月","1","1","2"
"光禄大夫夏侯胜","1","1","2"
"吏白大将军霍光","2","0","2"
"畎戎共攻杀幽王","2","0","2"
"惠帝二年正月癸","1","1","2"
"帝二年正月癸酉","1","1","2"
"武帝太始四年七","1","1","2"
"帝太始四年七月","1","1","2"
"秦孝公二十一年","1","1","2"
"侍中董贤年二十","1","1","2"
"中董贤年二十二","1","1","2"
"成帝母王太后召","1","1","2"
"帝元始元年二月","1","1","2"
"帝建始三年十月","1","1","2"
"建始三年十月丁","1","1","2"
"始三年十月丁未","1","1","2"
"女陈持弓年九岁","1","1","2"
"入未央宫尚方掖","1","1","2"
"未央宫尚方掖门","1","1","2"
"哀帝建平四年正","1","1","2"
"帝建平四年正月","1","1","2"
"经历郡国二十六","1","1","2"
"功能者毕受官爵","2","0","2"
"桓公三年七月壬","1","1","2"
"公三年七月壬辰","1","1","2"
"三年七月壬辰朔","1","1","2"
"严公十八年三月","1","1","2"
"二十五年六月辛","1","1","2"
"十五年六月辛未","1","1","2"
"五年六月辛未朔","1","1","2"
"二十六年十二月","1","1","2"
"十六年十二月癸","1","1","2"
"六年十二月癸亥","1","1","2"
"年十二月癸亥朔","1","1","2"
"三十年九月庚午","1","1","2"
"十年九月庚午朔","1","1","2"
"僖公五年九月戊","1","1","2"
"公五年九月戊申","1","1","2"
"五年九月戊申朔","1","1","2"
"楚世子商臣杀父","1","1","2"
"齐公子商人弑君","1","1","2"
"十五年六月辛丑","1","1","2"
"五年六月辛丑朔","1","1","2"
"宣公八年七月甲","1","1","2"
"公八年七月甲子","1","1","2"
"十七年六月癸卯","1","1","2"
"十七年十二月丁","1","1","2"
"七年十二月丁巳","1","1","2"
"年十二月丁巳朔","1","1","2"
"襄公十四年二月","1","1","2"
"公十四年二月乙","1","1","2"
"十四年二月乙未","1","1","2"
"四年二月乙未朔","1","1","2"
"前年十二月二日","1","1","2"
"十五年八月丁巳","1","1","2"
"五年八月丁巳朔","1","1","2"
"二十年十月丙辰","1","1","2"
"十年十月丙辰朔","1","1","2"
"二十一年九月庚","1","1","2"
"十一年九月庚戌","1","1","2"
"一年九月庚戌朔","1","1","2"
"二十三年二月癸","1","1","2"
"十三年二月癸酉","1","1","2"
"三年二月癸酉朔","1","1","2"
"二十四年七月甲","1","1","2"
"十四年七月甲子","1","1","2"
"四年七月甲子朔","1","1","2"
"二十七年十二月","1","1","2"
"十七年十二月乙","1","1","2"
"七年十二月乙亥","1","1","2"
"年十二月乙亥朔","1","1","2"
"昭公七年四月甲","1","1","2"
"公七年四月甲辰","1","1","2"
"七年四月甲辰朔","1","1","2"
"十一月鲁季孙宿","1","1","2"
"一月鲁季孙宿卒","1","1","2"
"十五年六月丁巳","1","1","2"
"五年六月丁巳朔","1","1","2"
"十七年六月甲戌","1","1","2"
"七年六月甲戌朔","1","1","2"
"二十一年七月壬","1","1","2"
"十一年七月壬午","1","1","2"
"一年七月壬午朔","1","1","2"
"二十二年十二月","1","1","2"
"十二年十二月癸","1","1","2"
"二年十二月癸酉","1","1","2"
"年十二月癸酉朔","1","1","2"
"三十一年十二月","1","1","2"
"十一年十二月辛","1","1","2"
"一年十二月辛亥","1","1","2"
"年十二月辛亥朔","1","1","2"
"定公五年三月辛","1","1","2"
"公五年三月辛亥","1","1","2"
"五年三月辛亥朔","1","1","2"
"十二年十一月丙","1","1","2"
"二年十一月丙寅","1","1","2"
"年十一月丙寅朔","1","1","2"
"十五年八月庚辰","1","1","2"
"五年八月庚辰朔","1","1","2"
"哀公十四年五月","1","1","2"
"公十四年五月庚","1","1","2"
"十四年五月庚申","1","1","2"
"四年五月庚申朔","1","1","2"
"高帝三年十月甲","1","1","2"
"帝三年十月甲戌","1","1","2"
"三年十月甲戌晦","1","1","2"
"九年六月乙未晦","1","1","2"
"惠帝七年正月辛","1","1","2"
"帝七年正月辛丑","1","1","2"
"七年正月辛丑朔","1","1","2"
"高后二年六月丙","1","1","2"
"后二年六月丙戌","1","1","2"
"二年六月丙戌晦","1","1","2"
"七年正月己丑晦","1","1","2"
"文帝二年十一月","1","1","2"
"帝二年十一月癸","1","1","2"
"二年十一月癸卯","1","1","2"
"年十一月癸卯晦","1","1","2"
"三年十月丁酉晦","1","1","2"
"后四年四月丙辰","1","1","2"
"四年四月丙辰晦","1","1","2"
"七年正月辛未朔","1","1","2"
"景帝三年二月壬","1","1","2"
"七年十一月庚寅","1","1","2"
"年十一月庚寅晦","1","1","2"
"中元年十二月甲","1","1","2"
"元年十二月甲寅","1","1","2"
"年十二月甲寅晦","1","1","2"
"中二年九月甲戌","1","1","2"
"二年九月甲戌晦","1","1","2"
"三年九月戊戌晦","1","1","2"
"六年七月辛亥晦","1","1","2"
"后元年七月乙巳","1","1","2"
"武帝建元二年二","1","1","2"
"帝建元二年二月","1","1","2"
"建元二年二月丙","1","1","2"
"元二年二月丙戌","1","1","2"
"二年二月丙戌朔","1","1","2"
"三年九月丙子晦","1","1","2"
"五年正月己巳朔","1","1","2"
"元光元年二月丙","1","1","2"
"光元年二月丙辰","1","1","2"
"元年二月丙辰晦","1","1","2"
"元朔二年二月乙","1","1","2"
"朔二年二月乙巳","1","1","2"
"二年二月乙巳晦","1","1","2"
"六年十一月癸丑","1","1","2"
"年十一月癸丑晦","1","1","2"
"元狩元年五月乙","1","1","2"
"狩元年五月乙巳","1","1","2"
"元年五月乙巳晦","1","1","2"
"年丞相公孙弘薨","1","1","2"
"元鼎五年四月丁","1","1","2"
"鼎五年四月丁丑","1","1","2"
"五年四月丁丑晦","1","1","2"
"元封四年六月己","1","1","2"
"封四年六月己酉","1","1","2"
"四年六月己酉朔","1","1","2"
"太始元年正月乙","1","1","2"
"始元年正月乙巳","1","1","2"
"元年正月乙巳晦","1","1","2"
"四年十月甲寅晦","1","1","2"
"四年八月辛酉晦","1","1","2"
"昭帝始元三年十","1","1","2"
"帝始元三年十一","1","1","2"
"始元三年十一月","1","1","2"
"元三年十一月壬","1","1","2"
"三年十一月壬辰","1","1","2"
"年十一月壬辰朔","1","1","2"
"元凤元年七月己","1","1","2"
"凤元年七月己亥","1","1","2"
"元年七月己亥晦","1","1","2"
"五凤元年十二月","1","1","2"
"凤元年十二月乙","1","1","2"
"元年十二月乙酉","1","1","2"
"年十二月乙酉朔","1","1","2"
"四年四月辛丑朔","1","1","2"
"光二年三月壬戌","1","1","2"
"二年三月壬戌朔","1","1","2"
"四年六月戊寅晦","1","1","2"
"建昭五年六月壬","1","1","2"
"昭五年六月壬申","1","1","2"
"五年六月壬申晦","1","1","2"
"帝建始三年十二","1","1","2"
"建始三年十二月","1","1","2"
"始三年十二月戊","1","1","2"
"三年十二月戊申","1","1","2"
"年十二月戊申朔","1","1","2"
"必適妾将争宠相","2","0","2"
"適妾将争宠相害","2","0","2"
"妾将争宠相害患","2","0","2"
"将争宠相害患者","2","0","2"
"河平元年四月己","1","1","2"
"平元年四月己亥","1","1","2"
"元年四月己亥晦","1","1","2"
"三年八月乙卯晦","1","1","2"
"四年三月癸丑朔","1","1","2"
"阳朔元年二月丁","1","1","2"
"朔元年二月丁未","1","1","2"
"元年二月丁未晦","1","1","2"
"永始元年九月丁","1","1","2"
"始元年九月丁巳","1","1","2"
"元年九月丁巳晦","1","1","2"
"永始二年二月乙","1","1","2"
"始二年二月乙酉","1","1","2"
"二年二月乙酉晦","1","1","2"
"三年正月己卯晦","1","1","2"
"四年七月辛未晦","1","1","2"
"元延元年正月己","1","1","2"
"延元年正月己亥","1","1","2"
"元年正月己亥朔","1","1","2"
"哀帝元寿元年正","1","1","2"
"帝元寿元年正月","1","1","2"
"元寿元年正月辛","1","1","2"
"寿元年正月辛丑","1","1","2"
"元年正月辛丑朔","1","1","2"
"二年三月壬辰晦","1","1","2"
"平帝元始元年五","1","1","2"
"帝元始元年五月","1","1","2"
"元始元年五月丁","1","1","2"
"二年九月戊申晦","1","1","2"
"成帝建始元年八","1","1","2"
"帝建始元年八月","1","1","2"
"建始元年八月戊","1","1","2"
"始元年八月戊午","1","1","2"
"元帝永光元年四","1","1","2"
"帝永光元年四月","1","1","2"
"成帝河平元年正","1","1","2"
"帝河平元年正月","1","1","2"
"河平元年正月壬","1","1","2"
"平元年正月壬寅","1","1","2"
"元年正月壬寅朔","1","1","2"
"严公七年四月辛","1","1","2"
"公七年四月辛卯","1","1","2"
"七年四月辛卯夜","1","1","2"
"成帝永始二年二","1","1","2"
"帝永始二年二月","1","1","2"
"文公十四年七月","1","1","2"
"哀公十三年冬十","1","1","2"
"公十三年冬十一","1","1","2"
"十三年冬十一月","1","1","2"
"文帝后七年九月","1","1","2"
"宣帝地节元年正","1","1","2"
"帝地节元年正月","1","1","2"
"公十六年正月戊","1","1","2"
"十六年正月戊申","1","1","2"
"六年正月戊申朔","1","1","2"
"元帝建昭元年正","1","1","2"
"帝建昭元年正月","1","1","2"
"建昭元年正月戊","1","1","2"
"昭元年正月戊辰","1","1","2"
"成帝建始四年正","1","1","2"
"帝建始四年正月","1","1","2"
"建始四年正月癸","1","1","2"
"始四年正月癸卯","1","1","2"
"阳朔三年二月壬","1","1","2"
"朔三年二月壬戌","1","1","2"
"鸿嘉二年五月癸","1","1","2"
"嘉二年五月癸未","1","1","2"
"平帝元始二年六","1","1","2"
"帝元始二年六月","1","1","2"
"高帝元年属塞国","2","0","2"
"十九万五千七百","1","1","2"
"六十八万二千四","1","1","2"
"十八万二千四百","1","1","2"
"八万二千四百六","1","1","2"
"二千四百六十八","1","1","2"
"二十四万六千二","1","1","2"
"周宣王弟郑桓公","1","1","2"
"二十三万五千一","1","1","2"
"十三万五千一百","1","1","2"
"九十一万七千八","1","1","2"
"十一万七千八百","1","1","2"
"一万七千八百二","1","1","2"
"万七千八百二十","1","1","2"
"七千八百二十二","1","1","2"
"秦惠文王十一年","1","1","2"
"十七万九千四百","1","1","2"
"七万九千四百六","1","1","2"
"万九千四百六十","1","1","2"
"九千四百六十九","1","1","2"
"二十一万六千三","1","1","2"
"十一万六千三百","1","1","2"
"四十七万五千九","1","1","2"
"十七万五千九百","1","1","2"
"七万五千九百五","1","1","2"
"五千九百五十四","1","1","2"
"三万六千八百九","1","1","2"
"万六千八百九十","1","1","2"
"六千八百九十六","1","1","2"
"十六万二千九百","1","1","2"
"六万二千九百一","1","1","2"
"行千八百四十里","2","0","2"
"韩武子玄孙贞子","1","1","2"
"武子玄孙贞子居","1","1","2"
"十六万九千八百","1","1","2"
"九千八百六十三","1","1","2"
"六十八万四百八","1","1","2"
"十八万四百八十","1","1","2"
"八万四百八十八","1","1","2"
"七万三千七百九","1","1","2"
"万三千七百九十","1","1","2"
"三千七百九十八","1","1","2"
"三十三万七千七","1","1","2"
"七千七百六十六","1","1","2"
"二十四万一千二","1","1","2"
"十四万一千二百","1","1","2"
"四万一千二百四","1","1","2"
"万一千二百四十","1","1","2"
"一千二百四十六","1","1","2"
"周武王弟康叔所","1","1","2"
"五万二千八百三","1","1","2"
"万二千八百三十","1","1","2"
"二千八百三十九","1","1","2"
"四十万一千二百","1","1","2"
"十万一千二百九","1","1","2"
"万一千二百九十","1","1","2"
"一千二百九十七","1","1","2"
"百六十五万九千","1","1","2"
"二十九万六千二","1","1","2"
"十九万六千二百","1","1","2"
"九万六千二百八","1","1","2"
"六千二百八十四","1","1","2"
"四万一千六百五","1","1","2"
"万一千六百五十","1","1","2"
"口二十六万一千","2","0","2"
"二十六万一千四","1","1","2"
"十六万一千四百","1","1","2"
"六万一千四百一","1","1","2"
"万一千四百一十","1","1","2"
"一千四百一十八","1","1","2"
"六万一千五百八","1","1","2"
"万一千五百八十","1","1","2"
"二百五十九万六","1","1","2"
"百五十九万六千","1","1","2"
"五十九万六千一","1","1","2"
"十九万六千一百","1","1","2"
"九万六千一百四","1","1","2"
"万六千一百四十","1","1","2"
"六千一百四十八","1","1","2"
"三十五万九千三","1","1","2"
"五万九千三百一","1","1","2"
"万九千三百一十","1","1","2"
"九千三百一十六","1","1","2"
"一百九十四万二","1","1","2"
"百九十四万二千","1","1","2"
"四万七千五百四","1","1","2"
"十二万五千五百","1","1","2"
"二万五千五百七","1","1","2"
"万五千五百七十","1","1","2"
"五千五百七十九","1","1","2"
"七十一万八千五","1","1","2"
"十一万八千五百","1","1","2"
"一万八千五百四","1","1","2"
"万八千五百四十","1","1","2"
"五万六千八百四","1","1","2"
"六千八百四十四","1","1","2"
"二十一万九千二","1","1","2"
"十一万九千二百","1","1","2"
"一万九千二百一","1","1","2"
"万九千二百一十","1","1","2"
"九千二百一十八","1","1","2"
"户十七万二千八","2","0","2"
"十七万二千八百","1","1","2"
"七万二千八百四","1","1","2"
"二千八百四十七","1","1","2"
"八十万一千二百","1","1","2"
"十万一千二百八","1","1","2"
"一千二百八十八","1","1","2"
"百三十八万六千","1","1","2"
"三十八万六千二","1","1","2"
"十八万六千二百","1","1","2"
"八万六千二百七","1","1","2"
"万六千二百七十","1","1","2"
"六千二百七十八","1","1","2"
"十九万五千六百","1","1","2"
"七十八万二千七","1","1","2"
"十八万二千七百","1","1","2"
"八万二千七百六","1","1","2"
"万二千七百六十","1","1","2"
"二千七百六十四","1","1","2"
"十一万六千七百","1","1","2"
"一万六千七百二","1","1","2"
"六千七百二十七","1","1","2"
"六十四万二千八","1","1","2"
"十四万二千八百","1","1","2"
"四万二千八百八","1","1","2"
"万二千八百八十","1","1","2"
"二千八百八十四","1","1","2"
"七十二万六千六","1","1","2"
"十二万六千六百","1","1","2"
"东北广饶入巨定","2","0","2"
"五十九万三千一","1","1","2"
"十九万三千一百","1","1","2"
"九万三千一百五","1","1","2"
"万三千一百五十","1","1","2"
"三千一百五十九","1","1","2"
"十万三千二百九","1","1","2"
"三千二百九十二","1","1","2"
"五十万二千六百","1","1","2"
"十万二千六百九","1","1","2"
"万二千六百九十","1","1","2"
"二千六百九十三","1","1","2"
"三十五万八千四","1","1","2"
"十五万八千四百","1","1","2"
"五万八千四百一","1","1","2"
"万八千四百一十","1","1","2"
"八千四百一十四","1","1","2"
"百五十五万九千","1","1","2"
"五十五万九千三","1","1","2"
"五万九千三百五","1","1","2"
"万九千三百五十","1","1","2"
"九千三百五十七","1","1","2"
"户二十六万八千","2","0","2"
"六万八千二百八","1","1","2"
"万八千二百八十","1","1","2"
"八千二百八十三","1","1","2"
"百二十三万七千","1","1","2"
"二十三万七千七","1","1","2"
"七千七百六十四","1","1","2"
"春秋时徐子章禹","1","1","2"
"十万七千五百四","1","1","2"
"四十万五千一百","1","1","2"
"十万五千一百七","1","1","2"
"万五千一百七十","1","1","2"
"六万七千四百六","1","1","2"
"七千四百六十二","1","1","2"
"三十五万一千九","1","1","2"
"十五万一千九百","1","1","2"
"五万一千九百六","1","1","2"
"万一千九百六十","1","1","2"
"一千九百六十五","1","1","2"
"行千九百八十里","2","0","2"
"十五万六千四百","1","1","2"
"五万六千四百八","1","1","2"
"万六千四百八十","1","1","2"
"六千四百八十八","1","1","2"
"三万四千一百七","1","1","2"
"万四千一百七十","1","1","2"
"四千一百七十七","1","1","2"
"十八万五千七百","1","1","2"
"八万五千七百五","1","1","2"
"万五千七百五十","1","1","2"
"五千七百五十八","1","1","2"
"武帝元鼎六年置","2","0","2"
"三万九千三百七","1","1","2"
"万九千三百七十","1","1","2"
"九千三百七十八","1","1","2"
"行二千五百三十","2","0","2"
"十万一千五百七","1","1","2"
"万一千五百七十","1","1","2"
"六万八千二百七","1","1","2"
"万八千二百七十","1","1","2"
"八千二百七十九","1","1","2"
"百二十四万五千","1","1","2"
"二十四万五千九","1","1","2"
"十四万五千九百","1","1","2"
"四万五千九百二","1","1","2"
"万五千九百二十","1","1","2"
"五千九百二十九","1","1","2"
"七万六千二百五","1","1","2"
"万六千二百五十","1","1","2"
"六千二百五十六","1","1","2"
"二千六百六十里","1","1","2"
"十万九千四百一","1","1","2"
"万九千四百一十","1","1","2"
"九千四百一十九","1","1","2"
"四十八万九千四","1","1","2"
"十八万九千四百","1","1","2"
"八万九千四百八","1","1","2"
"九千四百八十六","1","1","2"
"四十万八千四百","1","1","2"
"八万一千九百四","1","1","2"
"万一千九百四十","1","1","2"
"一千九百四十六","1","1","2"
"五十八万四百六","1","1","2"
"十八万四百六十","1","1","2"
"八万四百六十三","1","1","2"
"二万四千二百一","1","1","2"
"万四千二百一十","1","1","2"
"四千二百一十九","1","1","2"
"十五万三千三百","1","1","2"
"五万三千三百六","1","1","2"
"十五万八千六百","1","1","2"
"五万八千六百四","1","1","2"
"八千六百四十三","1","1","2"
"五万一千三百七","1","1","2"
"万一千三百七十","1","1","2"
"一千三百七十六","1","1","2"
"口二十三万五千","2","0","2"
"二十三万五千五","1","1","2"
"三万五千五百六","1","1","2"
"万五千五百六十","1","1","2"
"五万三千九百六","1","1","2"
"万三千九百六十","1","1","2"
"三千九百六十四","1","1","2"
"二千七百六十里","1","1","2"
"三万八千四百七","1","1","2"
"万八千四百七十","1","1","2"
"十四万九千六百","1","1","2"
"四万九千六百四","1","1","2"
"万九千六百四十","1","1","2"
"九千六百四十八","1","1","2"
"二十六万一千三","1","1","2"
"十六万一千三百","1","1","2"
"六万一千三百四","1","1","2"
"万一千三百四十","1","1","2"
"一千三百四十八","1","1","2"
"万七千五百八十","1","1","2"
"七千五百八十一","1","1","2"
"七万六千四百一","1","1","2"
"万六千四百一十","1","1","2"
"六千四百一十九","1","1","2"
"武帝太初元年开","2","0","2"
"户二万四千三百","2","0","2"
"二万四千三百五","1","1","2"
"万四千三百五十","1","1","2"
"四千三百五十二","1","1","2"
"八万八千七百三","1","1","2"
"万八千七百三十","1","1","2"
"八千七百三十一","1","1","2"
"万八千一百三十","1","1","2"
"八千一百三十七","1","1","2"
"七万六千七百二","1","1","2"
"六千七百二十六","1","1","2"
"万八千三百三十","1","1","2"
"八千三百三十五","1","1","2"
"中部都尉治步广","1","1","2"
"宜禾都尉治昆仑","1","1","2"
"禾都尉治昆仑障","1","1","2"
"四万二千七百二","1","1","2"
"万二千七百二十","1","1","2"
"二千七百二十五","1","1","2"
"十四万三千二百","1","1","2"
"四万三千二百九","1","1","2"
"三千二百九十四","1","1","2"
"六万四千四百六","1","1","2"
"万四千四百六十","1","1","2"
"四千四百六十一","1","1","2"
"浑怀都尉治塞外","1","1","2"
"十万三千六百八","1","1","2"
"万三千六百八十","1","1","2"
"三千六百八十三","1","1","2"
"六十万六千六百","1","1","2"
"十万六千六百五","1","1","2"
"十三万六千三百","1","1","2"
"三万六千三百九","1","1","2"
"万六千三百九十","1","1","2"
"六十九万八千八","1","1","2"
"十九万八千八百","1","1","2"
"九万八千八百三","1","1","2"
"万八千八百三十","1","1","2"
"八千八百三十六","1","1","2"
"三万四千三百三","1","1","2"
"万四千三百三十","1","1","2"
"四千三百三十八","1","1","2"
"十三万六千六百","1","1","2"
"三万六千六百二","1","1","2"
"万六千六百二十","1","1","2"
"六千六百二十八","1","1","2"
"武帝元狩三年城","2","0","2"
"二十三万一千三","1","1","2"
"十三万一千三百","1","1","2"
"三万一千三百二","1","1","2"
"万一千三百二十","1","1","2"
"一千三百二十八","1","1","2"
"户三万八千三百","2","0","2"
"十七万三千二百","1","1","2"
"七万三千二百七","1","1","2"
"万三千二百七十","1","1","2"
"三万八千五百五","1","1","2"
"八千五百五十九","1","1","2"
"六万三千一百四","1","1","2"
"万三千一百四十","1","1","2"
"三千一百四十四","1","1","2"
"七万三千一百三","1","1","2"
"万三千一百三十","1","1","2"
"三千一百三十八","1","1","2"
"二十九万三千四","1","1","2"
"十九万三千四百","1","1","2"
"九万三千四百五","1","1","2"
"三千四百五十四","1","1","2"
"五万六千七百七","1","1","2"
"六千七百七十一","1","1","2"
"十一万七千七百","1","1","2"
"一万七千七百六","1","1","2"
"七千七百六十二","1","1","2"
"二十六万四千一","1","1","2"
"十六万四千一百","1","1","2"
"六万四千一百一","1","1","2"
"万四千一百一十","1","1","2"
"四千一百一十六","1","1","2"
"六万六千六百八","1","1","2"
"万六千六百八十","1","1","2"
"六千六百八十九","1","1","2"
"三十二万七百八","1","1","2"
"十二万七百八十","1","1","2"
"七万二千六百五","1","1","2"
"万二千六百五十","1","1","2"
"二千六百五十四","1","1","2"
"三十五万二千三","1","1","2"
"十五万二千三百","1","1","2"
"五万二千三百二","1","1","2"
"万二千三百二十","1","1","2"
"二千三百二十五","1","1","2"
"五万五千九百七","1","1","2"
"万五千九百七十","1","1","2"
"五千九百七十二","1","1","2"
"二十七万二千五","1","1","2"
"十七万二千五百","1","1","2"
"七万二千五百三","1","1","2"
"二千五百三十九","1","1","2"
"二十二万一千八","1","1","2"
"十二万一千八百","1","1","2"
"二万一千八百四","1","1","2"
"一千八百四十五","1","1","2"
"六万二千八百一","1","1","2"
"万二千八百一十","1","1","2"
"二千八百一十二","1","1","2"
"四十万六千七百","1","1","2"
"十万六千七百四","1","1","2"
"万六千七百四十","1","1","2"
"六千七百四十八","1","1","2"
"万九千六百一十","1","1","2"
"九千六百一十三","1","1","2"
"九万四千二百五","1","1","2"
"万四千二百五十","1","1","2"
"四千二百五十三","1","1","2"
"万二千四百一十","1","1","2"
"二千四百一十五","1","1","2"
"七万一千一百六","1","1","2"
"万一千一百六十","1","1","2"
"一千一百六十二","1","1","2"
"二万四千三百七","1","1","2"
"万四千三百七十","1","1","2"
"四千三百七十九","1","1","2"
"十四万六千一百","1","1","2"
"四万六千一百六","1","1","2"
"万六千一百六十","1","1","2"
"九万二千四百四","1","1","2"
"万二千四百四十","1","1","2"
"七十四万六千二","1","1","2"
"四万六千二百三","1","1","2"
"万五千三百九十","1","1","2"
"五千三百九十八","1","1","2"
"七万八千九百八","1","1","2"
"万八千九百八十","1","1","2"
"三万五千七百四","1","1","2"
"万五千七百四十","1","1","2"
"五千七百四十三","1","1","2"
"行三千一百八十","1","1","2"
"三千一百八十里","1","1","2"
"万五千四百六十","1","1","2"
"六万九千四百八","1","1","2"
"九千四百八十五","1","1","2"
"三十四万九千九","1","1","2"
"十四万九千九百","1","1","2"
"四万九千九百五","1","1","2"
"万九千九百五十","1","1","2"
"九千九百五十二","1","1","2"
"二万七千九百八","1","1","2"
"万七千九百八十","1","1","2"
"七千九百八十四","1","1","2"
"十九万八千五百","1","1","2"
"九万八千五百五","1","1","2"
"八千五百五十八","1","1","2"
"三万七千一百二","1","1","2"
"万七千一百二十","1","1","2"
"七千一百二十六","1","1","2"
"口十七万八千六","2","0","2"
"六万五千五百五","1","1","2"
"万五千五百五十","1","1","2"
"五千五百五十六","1","1","2"
"三十万四千三百","1","1","2"
"十万四千三百八","1","1","2"
"四千三百八十四","1","1","2"
"十八万七千六百","1","1","2"
"八万七千六百六","1","1","2"
"万七千六百六十","1","1","2"
"七千六百六十二","1","1","2"
"宣帝本始元年更","2","0","2"
"三十二万三千三","1","1","2"
"十二万三千三百","1","1","2"
"二万三千三百三","1","1","2"
"万三千三百三十","1","1","2"
"三千三百三十一","1","1","2"
"十九万二千五百","1","1","2"
"九万二千五百三","1","1","2"
"二千五百三十六","1","1","2"
"五万六千六百四","1","1","2"
"万六千六百四十","1","1","2"
"六千六百四十二","1","1","2"
"二十万五千七百","1","1","2"
"十万五千七百八","1","1","2"
"万五千七百八十","1","1","2"
"五千七百八十四","1","1","2"
"三万五千五百四","1","1","2"
"万五千五百四十","1","1","2"
"五千五百四十四","1","1","2"
"九十八万一千四","1","1","2"
"十八万一千四百","1","1","2"
"八万一千四百二","1","1","2"
"万一千四百二十","1","1","2"
"一千四百二十三","1","1","2"
"十万六千七百五","1","1","2"
"万六千七百五十","1","1","2"
"六千七百五十二","1","1","2"
"十三万一千七百","1","1","2"
"三万一千七百五","1","1","2"
"万一千七百五十","1","1","2"
"一千七百五十三","1","1","2"
"六十万七千九百","1","1","2"
"十万七千九百七","1","1","2"
"万七千九百七十","1","1","2"
"七千九百七十六","1","1","2"
"六十万七千三百","1","1","2"
"十万七千三百八","1","1","2"
"万七千三百八十","1","1","2"
"七千三百八十一","1","1","2"
"十一万四千七百","1","1","2"
"一万四千七百三","1","1","2"
"四千七百三十八","1","1","2"
"四十九万七千八","1","1","2"
"十九万七千八百","1","1","2"
"十一万九千一百","1","1","2"
"一万九千一百一","1","1","2"
"万九千一百一十","1","1","2"
"九千一百一十四","1","1","2"
"三万六千七百七","1","1","2"
"六千七百七十三","1","1","2"
"三万八千三百四","1","1","2"
"万八千三百四十","1","1","2"
"八千三百四十五","1","1","2"
"四万三千四百七","1","1","2"
"二十三万五千八","1","1","2"
"十三万五千八百","1","1","2"
"三万五千八百二","1","1","2"
"万五千八百二十","1","1","2"
"五千八百二十五","1","1","2"
"侯国二百四十一","1","1","2"
"三千三百六十八","1","1","2"
"千三百六十八里","1","1","2"
"四千五百一十三","1","1","2"
"千五百一十三万","1","1","2"
"五百一十三万六","1","1","2"
"百一十三万六千","1","1","2"
"一十三万六千四","1","1","2"
"十三万六千四百","1","1","2"
"二百五十二万八","1","1","2"
"百五十二万八千","1","1","2"
"五十二万八千八","1","1","2"
"十二万八千八百","1","1","2"
"二万八千八百八","1","1","2"
"万八千八百八十","1","1","2"
"八千八百八十九","1","1","2"
"千八百八十九顷","1","1","2"
"三千二百二十九","1","1","2"
"千二百二十九万","1","1","2"
"二百二十九万九","1","1","2"
"百二十九万九百","1","1","2"
"二十九万九百四","1","1","2"
"十九万九百四十","1","1","2"
"九万九百四十七","1","1","2"
"万九百四十七顷","1","1","2"
"周武王封舜后妫","2","0","2"
"武王封舜后妫满","2","0","2"
"王封舜后妫满陈","2","0","2"
"狱八年亡重罪囚","2","0","2"
"武安侯田蚡丞相","2","0","2"
"遣大司农非调调","1","1","2"
"谏大夫乘马延年","1","1","2"
"长水校尉平陵关","1","1","2"
"禄大夫刘向校经","1","1","2"
"大夫刘向校经传","1","1","2"
"夫刘向校经传诸","1","1","2"
"刘向校经传诸子","1","1","2"
"向校经传诸子诗","1","1","2"
"校经传诸子诗赋","1","1","2"
"步兵校尉任宏校","1","1","2"
"兵校尉任宏校兵","1","1","2"
"校尉任宏校兵书","1","1","2"
"子侍中奉车都尉","1","1","2"
"孔氏壁中古文异","2","0","2"
"太史作大篆十五","1","1","2"
"史作大篆十五篇","1","1","2"
"秦丞相李斯所作","1","1","2"
"三千一百二十三","1","1","2"
"千一百二十三篇","1","1","2"
"雄所序三十八篇","1","1","2"
"四千三百二十四","1","1","2"
"千三百二十四篇","1","1","2"
"千三百一十八篇","1","1","2"
"淮南王二百五十","1","1","2"
"南王二百五十九","1","1","2"
"王二百五十九种","1","1","2"
"十家二百七十一","1","1","2"
"家二百七十一篇","1","1","2"
"二百七十一篇重","1","1","2"
"二千五百二十八","1","1","2"
"千五百二十八卷","1","1","2"
"万三千二百六十","1","1","2"
"三千二百六十九","1","1","2"
"千二百六十九卷","1","1","2"
"上蔡人房君蔡赐","1","1","2"
"遇齐使者高陵君","2","0","2"
"齐使者高陵君显","2","0","2"
"使者高陵君显见","1","1","2"
"齐将田都共救赵","2","0","2"
"越击杀济北王田","1","1","2"
"击杀济北王田安","1","1","2"
"海春侯大司马曹","1","1","2"
"春侯大司马曹咎","1","1","2"
"力拔山兮气盖世","1","1","2"
"虞兮虞兮奈若何","1","1","2"
"韩公子横阳君成","1","1","2"
"大将军霍光定策","1","1","2"
"楚方急围汉王荥","2","0","2"
"方急围汉王荥阳","2","0","2"
"闻汉王使郦食说","2","0","2"
"汉王使郦食说下","2","0","2"
"王使郦食说下齐","2","0","2"
"遣张良立信齐王","2","0","2"
"蒯通知天下权信","2","0","2"
"将钟离<目末>","2","0","2"
"深入敌国八九百","1","1","2"
"入敌国八九百里","1","1","2"
"中大夫贲赫对门","1","1","2"
"赵王遂阴使匈奴","2","0","2"
"宗正上邳侯郢客","1","1","2"
"大将军光欲女妻","2","0","2"
"宣帝循武帝故事","2","0","2"
"枕中鸿宝苑秘书","1","1","2"
"阳城侯安民上书","1","1","2"
"荐更生宗室忠直","1","1","2"
"侍中金敞拾遗左","2","0","2"
"中金敞拾遗左右","2","0","2"
"周大夫祭伯乖离","1","1","2"
"六<皃鸟>退飞","2","0","2"
"元舅阳平侯王凤","2","0","2"
"阳平侯王凤大将","2","0","2"
"平侯王凤大将军","2","0","2"
"圣帝明王贤君智","1","1","2"
"帝明王贤君智士","1","1","2"
"谨案春秋二百四","1","1","2"
"案春秋二百四十","1","1","2"
"名儒光禄大夫龚","1","1","2"
"儒光禄大夫龚胜","1","1","2"
"建平元年改名秀","1","1","2"
"十万众横行匈奴","2","0","2"
"万众横行匈奴中","2","0","2"
"所食关内侯邑二","1","1","2"
"食关内侯邑二千","1","1","2"
"关内侯邑二千户","1","1","2"
"玄孙建世等十二","1","1","2"
"孙建世等十二人","1","1","2"
"沛公项羽引兵东","2","0","2"
"兵守景陵二十三","1","1","2"
"齐王田广相田光","1","1","2"
"高后时御史大夫","2","0","2"
"悼惠王二十三年","1","1","2"
"公子横阳君成贤","1","1","2"
"韩王成留守阳翟","1","1","2"
"宫室帷帐狗马重","1","1","2"
"室帷帐狗马重宝","1","1","2"
"帷帐狗马重宝妇","1","1","2"
"帐狗马重宝妇女","1","1","2"
"陛下能制项籍死","1","1","2"
"下能制项籍死命","1","1","2"
"吕后承间上泣言","2","0","2"
"人上书告楚王韩","1","1","2"
"上书告楚王韩信","1","1","2"
"书告楚王韩信反","1","1","2"
"楚怀王封沛公号","1","1","2"
"御史大夫施屠浑","1","1","2"
"史大夫施屠浑都","1","1","2"
"文帝择勃子贤者","2","0","2"
"轻骑兵弓高侯等","1","1","2"
"后匈奴王徐卢等","1","1","2"
"匈奴王徐卢等五","1","1","2"
"奴王徐卢等五人","1","1","2"
"王徐卢等五人降","1","1","2"
"破南阳守齮阳城","2","0","2"
"太仆解福等十人","1","1","2"
"虏二百八十七人","1","1","2"
"下六百石十九人","2","0","2"
"婴捕虏六十八人","1","1","2"
"骑士重泉人李必","1","1","2"
"所将卒斩楼烦将","2","0","2"
"虏车骑将华毋伤","1","1","2"
"所将卒斩骑将一","2","0","2"
"将卒斩骑将一人","2","0","2"
"益食邑二千五百","2","0","2"
"斩骑千人将一人","1","1","2"
"四千六百八十人","1","1","2"
"食邑四千二百户","1","1","2"
"车马二百五十匹","1","1","2"
"等尊立孝文皇帝","1","1","2"
"等七十人棘蒲侯","2","0","2"
"人刺杀淮南中尉","1","1","2"
"城皆将相告曰范","2","0","2"
"皆将相告曰范阳","2","0","2"
"将相告曰范阳令","2","0","2"
"相告曰范阳令先","2","0","2"
"徐福入海求仙药","1","1","2"
"晏驾后太子所诛","2","0","2"
"特进孔乡侯傅晏","1","1","2"
"太后弟宜乡侯冯","1","1","2"
"后弟宜乡侯冯参","1","1","2"
"丞相王嘉内疑东","2","0","2"
"相王嘉内疑东平","2","0","2"
"孔乡侯傅晏大司","2","0","2"
"乡侯傅晏大司马","2","0","2"
"侯傅晏大司马卫","2","0","2"
"傅晏大司马卫将","2","0","2"
"晏大司马卫将军","2","0","2"
"侯丁明大司马票","2","0","2"
"丁明大司马票骑","2","0","2"
"左曹光禄大夫宜","1","1","2"
"曹光禄大夫宜陵","1","1","2"
"光禄大夫宜陵侯","1","1","2"
"上立胶东王太子","2","0","2"
"韩安国御史大夫","2","0","2"
"千秋万岁后传王","2","0","2"
"亡命少年数十人","1","1","2"
"夫三代所长久者","2","0","2"
"丞相绛侯周勃免","1","1","2"
"高皇帝瓜分天下","1","1","2"
"割淮阳北边二三","1","1","2"
"皇帝问太子家令","1","1","2"
"十五年九月壬子","1","1","2"
"高皇帝亲除大害","1","1","2"
"贤良太子家令臣","1","1","2"
"诏策曰直言极谏","1","1","2"
"父母妻子同产少","2","0","2"
"母妻子同产少长","2","0","2"
"妻子同产少长皆","2","0","2"
"子同产少长皆弃","2","0","2"
"同产少长皆弃市","2","0","2"
"章邯破杀魏王咎","1","1","2"
"率襄平侯通持节","1","1","2"
"襄平侯通持节承","1","1","2"
"平侯通持节承诏","1","1","2"
"侯通持节承诏入","1","1","2"
"通持节承诏入北","1","1","2"
"持节承诏入北军","1","1","2"
"二十九山同日崩","1","1","2"
"长杀辟阳侯审食","1","1","2"
"立齐悼惠王子六","1","1","2"
"齐悼惠王子六人","1","1","2"
"淮南厉王子三人","1","1","2"
"遣御史大夫青翟","1","1","2"
"封故御史大夫周","1","1","2"
"故御史大夫周苛","1","1","2"
"建元元年冬十月","1","1","2"
"元光元年冬十一","1","1","2"
"光元年冬十一月","1","1","2"
"侍中奉车都尉霍","1","1","2"
"中奉车都尉霍光","1","1","2"
"奉车都尉霍光大","2","0","2"
"车都尉霍光大司","2","0","2"
"都尉霍光大司马","2","0","2"
"尉霍光大司马大","2","0","2"
"霍光大司马大将","2","0","2"
"光大司马大将军","2","0","2"
"大司农阳城侯田","1","1","2"
"司农阳城侯田延","1","1","2"
"农阳城侯田延年","1","1","2"
"史大夫田广明祁","2","0","2"
"大夫田广明祁连","2","0","2"
"夫田广明祁连将","2","0","2"
"田广明祁连将军","2","0","2"
"后将军赵充国蒲","2","0","2"
"将军赵充国蒲类","2","0","2"
"军赵充国蒲类将","2","0","2"
"赵充国蒲类将军","2","0","2"
"云中太守田顺虎","2","0","2"
"中太守田顺虎牙","2","0","2"
"太守田顺虎牙将","2","0","2"
"守田顺虎牙将军","2","0","2"
"母宣成侯夫人显","1","1","2"
"诸姊妹婿度辽将","1","1","2"
"姊妹婿度辽将军","1","1","2"
"妹婿度辽将军范","1","1","2"
"婿度辽将军范明","1","1","2"
"长信少府邓广汉","1","1","2"
"长安男子冯殷等","1","1","2"
"匈奴日逐王先贤","1","1","2"
"奴日逐王先贤掸","1","1","2"
"骨肉大臣立虚闾","1","1","2"
"肉大臣立虚闾权","1","1","2"
"大臣立虚闾权渠","1","1","2"
"臣立虚闾权渠单","1","1","2"
"遣弟谷蠡王入侍","1","1","2"
"遣子右贤王铢娄","2","0","2"
"黄龙元年十二月","1","1","2"
"广陵厉王太子霸","1","1","2"
"立长沙炀王弟宗","1","1","2"
"周子南君周承休","2","0","2"
"子南君周承休侯","2","0","2"
"渭城寿陵亭部原","1","1","2"
"城寿陵亭部原上","1","1","2"
"竟宁元年春正月","1","1","2"
"赐副校尉陈汤爵","1","1","2"
"副校尉陈汤爵关","1","1","2"
"校尉陈汤爵关内","1","1","2"
"尉陈汤爵关内侯","1","1","2"
"舅侍中卫尉阳平","1","1","2"
"侍中卫尉阳平侯","1","1","2"
"中卫尉阳平侯王","1","1","2"
"卫尉阳平侯王凤","1","1","2"
"侯王凤大司马大","2","0","2"
"王凤大司马大将","2","0","2"
"故河间王弟上郡","1","1","2"
"河间王弟上郡库","1","1","2"
"间王弟上郡库令","1","1","2"
"王弟上郡库令良","1","1","2"
"舅诸吏光禄大夫","1","1","2"
"封中山王舅谏大","1","1","2"
"中山王舅谏大夫","1","1","2"
"山王舅谏大夫冯","1","1","2"
"王舅谏大夫冯参","1","1","2"
"定陵侯淳长大逆","2","0","2"
"尊定陶恭王恭皇","2","0","2"
"弟侍中光禄大夫","1","1","2"
"侍中光禄大夫赵","1","1","2"
"中光禄大夫赵钦","1","1","2"
"建平元年春正月","1","1","2"
"渭城西北原上永","1","1","2"
"城西北原上永陵","1","1","2"
"西北原上永陵亭","1","1","2"
"司马票骑将军丁","2","0","2"
"马票骑将军丁明","2","0","2"
"江都易王孙盱台","1","1","2"
"都易王孙盱台侯","1","1","2"
"广川惠王曾孙伦","2","0","2"
"川惠王曾孙伦广","2","0","2"
"惠王曾孙伦广德","2","0","2"
"王曾孙伦广德王","2","0","2"
"故曲周侯郦商等","1","1","2"
"曲周侯郦商等后","1","1","2"
"一千五百八十三","1","1","2"
"七百三十万八千","1","1","2"
"百三十万八千七","1","1","2"
"三十万八千七百","1","1","2"
"十万八千七百一","1","1","2"
"万八千七百一十","1","1","2"
"八千七百一十一","1","1","2"
"二百四十三万六","1","1","2"
"百四十三万六千","1","1","2"
"四十三万六千二","1","1","2"
"十三万六千二百","1","1","2"
"三万六千二百三","1","1","2"
"四万一千四百七","1","1","2"
"万一千四百七十","1","1","2"
"一千四百七十二","1","1","2"
"二千一百六十一","1","1","2"
"二万四千一百九","1","1","2"
"万四千一百九十","1","1","2"
"四千一百九十二","1","1","2"
"二万三千三百二","1","1","2"
"万三千三百二十","1","1","2"
"三千三百二十八","1","1","2"
"一万八千一百四","1","1","2"
"八千一百四十四","1","1","2"
"九百九十七万七","1","1","2"
"百九十七万七千","1","1","2"
"九十七万七千三","1","1","2"
"十七万七千三百","1","1","2"
"七万七千三百三","1","1","2"
"七千三百三十七","1","1","2"
"三百三十二万五","1","1","2"
"百三十二万五千","1","1","2"
"三十二万五千七","1","1","2"
"十二万五千七百","1","1","2"
"二万五千七百七","1","1","2"
"万五千七百七十","1","1","2"
"五千七百七十九","1","1","2"
"五万一千八百四","1","1","2"
"四千一百七十五","1","1","2"
"七万九千三百二","1","1","2"
"九千三百二十五","1","1","2"
"六百四十二万五","1","1","2"
"百四十二万五千","1","1","2"
"四十二万五千三","1","1","2"
"十二万五千三百","1","1","2"
"二万五千三百二","1","1","2"
"万五千三百二十","1","1","2"
"五千三百二十五","1","1","2"
"十六万五千八百","1","1","2"
"六万五千八百八","1","1","2"
"万五千八百八十","1","1","2"
"九万六千七百六","1","1","2"
"万六千七百六十","1","1","2"
"六千七百六十八","1","1","2"
"九百九十五万五","1","1","2"
"百九十五万五千","1","1","2"
"九十五万五千七","1","1","2"
"十五万五千七百","1","1","2"
"五万五千七百九","1","1","2"
"万五千七百九十","1","1","2"
"五千七百九十一","1","1","2"
"六万四千五百一","1","1","2"
"四千五百一十二","1","1","2"
"五十五万一千七","1","1","2"
"十五万一千七百","1","1","2"
"五万一千七百七","1","1","2"
"一千七百七十九","1","1","2"
"四万八千三百八","1","1","2"
"万八千三百八十","1","1","2"
"八千三百八十四","1","1","2"
"三万六千二百八","1","1","2"
"六千二百八十八","1","1","2"
"八万二千二百九","1","1","2"
"万二千二百九十","1","1","2"
"二千二百九十七","1","1","2"
"四千四百六十九","1","1","2"
"千四百六十九万","1","1","2"
"四百六十九万四","1","1","2"
"百六十九万四千","1","1","2"
"百六十七万三千","1","1","2"
"六十七万三千四","1","1","2"
"十七万三千四百","1","1","2"
"七万三千四百五","1","1","2"
"三千四百五十一","1","1","2"
"千四百五十一分","1","1","2"
"五百一十六万三","1","1","2"
"百一十六万三千","1","1","2"
"一十六万三千一","1","1","2"
"行星三十三度三","1","1","2"
"星三十三度三百","1","1","2"
"三十三度三百三","1","1","2"
"十三度三百三十","1","1","2"
"三度三百三十三","1","1","2"
"度三百三十三万","1","1","2"
"百一十三度四百","1","1","2"
"一十三度四百三","1","1","2"
"十三度四百三十","1","1","2"
"三度四百三十六","1","1","2"
"行星三百五十七","1","1","2"
"星三百五十七度","1","1","2"
"三百五十七度四","1","1","2"
"百五十七度四百","1","1","2"
"五十七度四百三","1","1","2"
"十七度四百三十","1","1","2"
"七度四百三十六","1","1","2"
"行星十四度三百","1","1","2"
"九千八百六十八","1","1","2"
"千八百六十八分","1","1","2"
"三百四十日八十","1","1","2"
"百四十日八十六","1","1","2"
"四十日八十六万","1","1","2"
"十日八十六万二","1","1","2"
"行星五度四百四","1","1","2"
"星五度四百四十","1","1","2"
"五度四百四十七","1","1","2"
"度四百四十七万","1","1","2"
"四百四十七万三","1","1","2"
"百四十七万三千","1","1","2"
"四十七万三千九","1","1","2"
"十七万三千九百","1","1","2"
"七万三千九百三","1","1","2"
"万三千九百三十","1","1","2"
"三千九百三十分","1","1","2"
"千七百一十七万","1","1","2"
"行星七度八百七","1","1","2"
"星七度八百七十","1","1","2"
"七度八百七十三","1","1","2"
"度八百七十三万","1","1","2"
"八百七十三万六","1","1","2"
"百七十三万六千","1","1","2"
"七十三万六千五","1","1","2"
"十三万六千五百","1","1","2"
"三万六千五百七","1","1","2"
"万六千五百七十","1","1","2"
"六千五百七十分","1","1","2"
"二千五百九十七","1","1","2"
"周文王四十二年","1","1","2"
"文王四十二年十","1","1","2"
"王四十二年十二","1","1","2"
"四十二年十二月","1","1","2"
"十二年十二月丁","1","1","2"
"二年十二月丁丑","1","1","2"
"年十二月丁丑朔","1","1","2"
"十二月丁丑朔旦","1","1","2"
"二月丁丑朔旦冬","1","1","2"
"微公二十六年正","1","1","2"
"公二十六年正月","1","1","2"
"二十六年正月乙","1","1","2"
"十六年正月乙亥","1","1","2"
"六年正月乙亥朔","1","1","2"
"年正月乙亥朔旦","1","1","2"
"正月乙亥朔旦冬","1","1","2"
"献公十五年正月","1","1","2"
"公十五年正月甲","1","1","2"
"十五年正月甲寅","1","1","2"
"五年正月甲寅朔","1","1","2"
"年正月甲寅朔旦","1","1","2"
"正月甲寅朔旦冬","1","1","2"
"上元十四万三千","1","1","2"
"元十四万三千一","1","1","2"
"十四万三千一百","1","1","2"
"四万三千一百二","1","1","2"
"万三千一百二十","1","1","2"
"三千一百二十七","1","1","2"
"二千户封地士将","1","1","2"
"千户封地士将军","1","1","2"
"宣帝甘露元年四","1","1","2"
"帝甘露元年四月","1","1","2"
"甘露元年四月丙","1","1","2"
"露元年四月丙申","1","1","2"
"襄公二十四年秋","1","1","2"
"襄公二十八年春","1","1","2"
"景帝中六年三月","1","1","2"
"元封三年十二月","1","1","2"
"成帝永始元年春","1","1","2"
"二十三年八月乙","1","1","2"
"公十四年秋八月","1","1","2"
"十四年秋八月辛","1","1","2"
"四年秋八月辛卯","1","1","2"
"宣帝地节元年十","1","1","2"
"帝地节元年十二","1","1","2"
"地节元年十二月","1","1","2"
"节元年十二月癸","1","1","2"
"元年十二月癸亥","1","1","2"
"年十二月癸亥晦","1","1","2"
"帝建元六年分右","2","0","2"
"建元六年分右内","2","0","2"
"元六年分右内史","2","0","2"
"武帝元鼎四年置","2","0","2"
"二十七万六千四","1","1","2"
"十七万六千四百","1","1","2"
"七万六千四百四","1","1","2"
"万六千四百四十","1","1","2"
"六千四百四十四","1","1","2"
"一百七十四万二","1","1","2"
"百七十四万二百","1","1","2"
"七十四万二百七","1","1","2"
"十四万二百七十","1","1","2"
"四万二百七十九","1","1","2"
"四十三万二千四","1","1","2"
"十三万二千四百","1","1","2"
"三万二千四百九","1","1","2"
"万二千四百九十","1","1","2"
"二千四百九十一","1","1","2"
"二百二十一万九","1","1","2"
"百二十一万九百","1","1","2"
"二十一万九百七","1","1","2"
"十一万九百七十","1","1","2"
"一万九百七十三","1","1","2"
"十二万四千三百","1","1","2"
"二万四千三百八","1","1","2"
"四千三百八十三","1","1","2"
"四十五万七千三","1","1","2"
"十五万七千三百","1","1","2"
"五万七千三百三","1","1","2"
"七千三百三十三","1","1","2"
"二十一万二千八","1","1","2"
"十一万二千八百","1","1","2"
"一万二千八百四","1","1","2"
"二千八百四十九","1","1","2"
"九十万九千六百","1","1","2"
"十万九千六百五","1","1","2"
"万九千六百五十","1","1","2"
"九千六百五十五","1","1","2"
"十五万五千九百","1","1","2"
"五万五千九百五","1","1","2"
"五千九百五十一","1","1","2"
"八十二万七千一","1","1","2"
"十二万七千一百","1","1","2"
"二万七千一百七","1","1","2"
"万七千一百七十","1","1","2"
"七千一百七十七","1","1","2"
"十四万一千七百","1","1","2"
"四万一千七百四","1","1","2"
"万一千七百四十","1","1","2"
"一千七百四十一","1","1","2"
"六十七万七千九","1","1","2"
"十七万七千九百","1","1","2"
"七万七千九百五","1","1","2"
"万七千九百五十","1","1","2"
"七千九百五十六","1","1","2"
"二十万一千七百","1","1","2"
"十万一千七百七","1","1","2"
"一千七百七十四","1","1","2"
"八十七万五千四","1","1","2"
"十七万五千四百","1","1","2"
"七万五千四百二","1","1","2"
"万五千四百二十","1","1","2"
"五千四百二十二","1","1","2"
"二十五万六千三","1","1","2"
"十五万六千三百","1","1","2"
"五万六千三百七","1","1","2"
"九十万五千一百","1","1","2"
"十万五千一百一","1","1","2"
"万五千一百一十","1","1","2"
"五千一百一十九","1","1","2"
"十五万四千三百","1","1","2"
"五万四千三百八","1","1","2"
"四千三百八十七","1","1","2"
"六十六万四千五","1","1","2"
"十六万四千五百","1","1","2"
"六万四千五百四","1","1","2"
"万四千五百四十","1","1","2"
"四千五百四十三","1","1","2"
"十五万四千八百","1","1","2"
"五万四千八百二","1","1","2"
"万四千八百二十","1","1","2"
"四千八百二十六","1","1","2"
"五十五万四千四","1","1","2"
"十五万四千四百","1","1","2"
"五万四千四百四","1","1","2"
"万四千四百四十","1","1","2"
"四千四百四十四","1","1","2"
"十六万七千四百","1","1","2"
"六万七千四百九","1","1","2"
"万七千四百九十","1","1","2"
"七千四百九十九","1","1","2"
"六十六万二千二","1","1","2"
"十六万二千二百","1","1","2"
"六万二千二百四","1","1","2"
"万二千二百四十","1","1","2"
"二千二百四十九","1","1","2"
"宣帝神爵二年置","2","0","2"
"武帝元鼎三年置","2","0","2"
"北部都尉治偃泉","1","1","2"
"部都尉治偃泉障","1","1","2"
"武帝后元年分酒","1","1","2"
"帝后元年分酒泉","1","1","2"
"北部都尉治神泉","1","1","2"
"部都尉治神泉障","1","1","2"
"行八千五百六十","1","1","2"
"八千五百六十里","1","1","2"
"千二百二十三万","1","1","2"
"二百二十三万三","1","1","2"
"百二十三万三千","1","1","2"
"口五千九百五十","1","1","2"
"五千九百五十九","1","1","2"
"千九百五十九万","1","1","2"
"九百五十九万四","1","1","2"
"百五十九万四千","1","1","2"
"五十九万四千九","1","1","2"
"十九万四千九百","1","1","2"
"九万四千九百七","1","1","2"
"万四千九百七十","1","1","2"
"四千九百七十八","1","1","2"
"公羊董仲舒治狱","1","1","2"
"诏赐中山靖王子","1","1","2"
"孺子妾冰未央材","1","1","2"
"子妾冰未央材人","1","1","2"
"妾冰未央材人歌","1","1","2"
"冰未央材人歌诗","1","1","2"
"雁门云中陇西歌","1","1","2"
"门云中陇西歌诗","1","1","2"
"弩将军王围射法","1","1","2"
"昭明子钓种生鱼","1","1","2"
"五藏六府痺十二","2","0","2"
"藏六府痺十二病","2","0","2"
"六府痺十二病方","2","0","2"
"风寒热十六病方","1","1","2"
"击秦将章邯车骑","1","1","2"
"绛八千二百八十","1","1","2"
"八千二百八十户","1","1","2"
"立赵敬肃王子偃","1","1","2"
"尊孝武庙世宗庙","2","0","2"
"元寿元年春正月","1","1","2"
"太甲元年十二月","1","1","2"
"甲元年十二月乙","1","1","2"
"元年十二月乙丑","1","1","2"
"年十二月乙丑朔","1","1","2"
"隐公三年二月己","1","1","2"
"公三年二月己巳","1","1","2"
"十二年三月庚午","1","1","2"
"文公元年二月癸","1","1","2"
"公元年二月癸亥","1","1","2"
"公十六年六月丙","1","1","2"
"十六年六月丙寅","1","1","2"
"六年六月丙寅朔","1","1","2"
"二十四年五月乙","1","1","2"
"十四年五月乙未","1","1","2"
"四年五月乙未朔","1","1","2"
"行三千一百一十","1","1","2"
"三千一百一十里","1","1","2"
"雍橐泉宫祈年馆","1","1","2"
"橐泉宫祈年馆下","1","1","2"
"善言天者必征人","2","0","2"
"所谓爱适足害者","2","0","2"
"中尉条侯周亚夫","1","1","2"
"梁相山都侯王恬","1","1","2"
"相山都侯王恬启","1","1","2"
"二千石者六七人","2","0","2"
"十万骑入武州塞","2","0","2"
"栗姬生临江闵王","1","1","2"
"列侯吏二千石博","1","1","2"
"侯吏二千石博士","1","1","2"
"平帝时新都侯王","1","1","2"
"帝时新都侯王莽","1","1","2"
"高渐离击筑易水","1","1","2"
"告中尉蔡彭祖捕","1","1","2"
"广川勇士奋击匈","1","1","2"
"川勇士奋击匈奴","1","1","2"
"王使明贞夫人主","1","1","2"
"王教脩靡夫人望","1","1","2"
"教脩靡夫人望卿","1","1","2"
"调等谋杀一家三","1","1","2"
"等谋杀一家三人","1","1","2"
"贰师将军伐大宛","2","0","2"
"弩都尉路博德将","2","0","2"
"浚稽山南龙勒水","1","1","2"
"上问太史令司马","1","1","2"
"问太史令司马迁","1","1","2"
"全躯保妻子臣随","2","0","2"
"躯保妻子臣随媒","2","0","2"
"陵提步卒满五千","2","0","2"
"左将军上官桀辅","1","1","2"
"将军上官桀辅政","1","1","2"
"将军大将军定襄","2","0","2"
"卫将军富平侯张","1","1","2"
"将军富平侯张安","1","1","2"
"军富平侯张安世","1","1","2"
"车骑将军龙额侯","1","1","2"
"骑将军龙额侯韩","1","1","2"
"将军龙额侯韩增","1","1","2"
"后将军营平侯赵","1","1","2"
"将军营平侯赵充","1","1","2"
"军营平侯赵充国","1","1","2"
"丞相高平侯魏相","1","1","2"
"丞相博阳侯丙吉","1","1","2"
"御史大夫建平侯","1","1","2"
"史大夫建平侯杜","1","1","2"
"大夫建平侯杜延","1","1","2"
"夫建平侯杜延年","1","1","2"
"宗正阳城侯刘德","1","1","2"
"左内史李沮强弩","2","0","2"
"内史李沮强弩将","2","0","2"
"史李沮强弩将军","2","0","2"
"轻骑校尉郭成等","1","1","2"
"骑校尉郭成等追","1","1","2"
"获匈奴王十余人","1","1","2"
"护军都尉公孙敖","1","1","2"
"军都尉公孙敖三","1","1","2"
"上谷太守郝贤四","1","1","2"
"虏八千九百六十","1","1","2"
"千七百六十八人","1","1","2"
"票骑将军病率师","2","0","2"
"百户益封票骑将","2","0","2"
"户益封票骑将军","2","0","2"
"右北平太守路博","1","1","2"
"北平太守路博德","1","1","2"
"杅将军筑受降城","2","0","2"
"莫欲安存恶危亡","2","0","2"
"浸微浸灭浸明浸","2","0","2"
"微浸灭浸明浸昌","2","0","2"
"浸灭浸明浸昌道","2","0","2"
"宽表奏开六辅渠","1","1","2"
"诸儒对者五十余","1","1","2"
"儒对者五十余人","1","1","2"
"世右将军光禄勋","2","0","2"
"右将军光禄勋安","1","1","2"
"将军光禄勋安世","1","1","2"
"军光禄勋安世辅","1","1","2"
"光禄勋安世辅政","1","1","2"
"禄勋安世辅政宿","1","1","2"
"勋安世辅政宿卫","1","1","2"
"贺弟子侍中关内","1","1","2"
"弟子侍中关内侯","1","1","2"
"子侍中关内侯彭","1","1","2"
"侍中关内侯彭祖","1","1","2"
"卫将军富平侯印","1","1","2"
"皇后弟平恩侯许","1","1","2"
"后弟平恩侯许嘉","1","1","2"
"前侍御史修等四","1","1","2"
"侍御史修等四人","1","1","2"
"御史修等四人奉","1","1","2"
"知男子李游君欲","1","1","2"
"男子李游君欲献","1","1","2"
"子李游君欲献女","1","1","2"
"乐府音监景武强","1","1","2"
"府音监景武强求","1","1","2"
"大奴骏等四十余","1","1","2"
"奴骏等四十余人","1","1","2"
"骏等四十余人群","1","1","2"
"等四十余人群党","1","1","2"
"问千秋战斗方略","1","1","2"
"丞相车千秋女婿","1","1","2"
"千秋擅召中二千","1","1","2"
"秋擅召中二千石","1","1","2"
"延年知曾孙德美","1","1","2"
"居九卿位十余年","1","1","2"
"丞相魏相奏延年","1","1","2"
"谒者赐延年玺书","1","1","2"
"大将军军武库令","1","1","2"
"京兆尹王章上封","2","0","2"
"兆尹王章上封事","2","0","2"
"支属二千石者十","2","0","2"
"卫尉定陵侯淳长","2","0","2"
"方进复奏立党友","2","0","2"
"尊帝母定陶王丁","1","1","2"
"帝母定陶王丁后","1","1","2"
"匈奴降者言匈奴","2","0","2"
"中使者多者十余","1","1","2"
"攻劫汉使王恢等","2","0","2"
"破奴将属国骑郡","2","0","2"
"奴将属国骑郡兵","2","0","2"
"将属国骑郡兵数","2","0","2"
"属国骑郡兵数万","2","0","2"
"国骑郡兵数万击","2","0","2"
"遇汉善者名昧蔡","2","0","2"
"汉善者名昧蔡宛","2","0","2"
"善者名昧蔡宛王","2","0","2"
"贰师将军广利征","1","1","2"
"师将军广利征讨","1","1","2"
"二百四十二年中","1","1","2"
"太史公父子相继","1","1","2"
"网罗天下放失旧","2","0","2"
"罗天下放失旧闻","2","0","2"
"五十二万六千五","1","1","2"
"二万六千五百字","1","1","2"
"丞相公孙贺父子","1","1","2"
"悼园宜称尊号曰","2","0","2"
"园宜称尊号曰皇","2","0","2"
"宜称尊号曰皇考","2","0","2"
"奉园民满千六百","2","0","2"
"园民满千六百家","2","0","2"
"元狩六年四月乙","1","1","2"
"狩六年四月乙巳","1","1","2"
"姊鄂邑盖长公主","2","0","2"
"行大鸿胪事少府","1","1","2"
"执金吾严延年字","1","1","2"
"金吾严延年字长","1","1","2"
"吾严延年字长孙","1","1","2"
"侍中卫尉金安上","1","1","2"
"中卫尉金安上上","1","1","2"
"卫尉金安上上书","1","1","2"
"佐天子兴利除害","1","1","2"
"乐昌侯王商诘问","1","1","2"
"孝武皇帝元狩六","1","1","2"
"武皇帝元狩六年","1","1","2"
"关东公孙勇等诈","1","1","2"
"太中大夫吾丘寿","1","1","2"
"中大夫吾丘寿王","1","1","2"
"公主贵人多逾礼","1","1","2"
"东方先生喟然长","1","1","2"
"召监北军使者任","1","1","2"
"监北军使者任安","1","1","2"
"吏责问御史大夫","1","1","2"
"将军李广利将兵","2","0","2"
"告谏大夫杜延年","1","1","2"
"大司农田延年报","1","1","2"
"代定国御史大夫","2","0","2"
"车骑将军王音辅","1","1","2"
"御史中丞陈咸年","1","1","2"
"恐帝长大后见怨","2","0","2"
"光禄大夫义渠安","1","1","2"
"禄大夫义渠安国","1","1","2"
"复白遣义渠安国","2","0","2"
"归义羌侯杨玉等","1","1","2"
"侍中乐成侯许延","1","1","2"
"中乐成侯许延寿","1","1","2"
"粮谷十九万九千","1","1","2"
"谷十九万九千六","1","1","2"
"十九万九千六百","1","1","2"
"九万九千六百三","1","1","2"
"万九千六百三十","1","1","2"
"九千六百三十斛","1","1","2"
"千六百九十三斛","1","1","2"
"二万七千三百六","1","1","2"
"万七千三百六十","1","1","2"
"七千三百六十三","1","1","2"
"千三百六十三斛","1","1","2"
"三万一千二百人","1","1","2"
"南郡太守辛伯等","1","1","2"
"贵人左右皆散走","2","0","2"
"期门郎遂成等三","1","1","2"
"匈奴发骑田车师","2","0","2"
"公主昆弥皆遣使","2","0","2"
"昆弥愿发国半精","2","0","2"
"弥愿发国半精兵","2","0","2"
"唯天子兵救公主","2","0","2"
"将翕侯下五万余","2","0","2"
"翕侯下五万余骑","2","0","2"
"遣惠持金币赐乌","2","0","2"
"惠持金币赐乌孙","2","0","2"
"持金币赐乌孙贵","2","0","2"
"金币赐乌孙贵人","2","0","2"
"币赐乌孙贵人功","2","0","2"
"赐乌孙贵人功者","2","0","2"
"先王时贵人姑翼","2","0","2"
"王时贵人姑翼所","2","0","2"
"时贵人姑翼所误","2","0","2"
"后将军赵充国薨","1","1","2"
"封日逐王归德侯","2","0","2"
"怨汉拥护呼韩邪","2","0","2"
"西域都护段会宗","1","1","2"
"将作大匠乘马延","1","1","2"
"作大匠乘马延年","1","1","2"
"骑都尉王莽上书","1","1","2"
"康居太子保苏匿","1","1","2"
"居太子保苏匿率","1","1","2"
"会宗发戊己校尉","2","0","2"
"光禄大夫张猛进","1","1","2"
"司马车骑将军史","1","1","2"
"马车骑将军史高","1","1","2"
"高皇帝圣德受命","2","0","2"
"赐将军黄金五十","2","0","2"
"将军黄金五十斤","2","0","2"
"会元寿元年正月","2","0","2"
"元年正月朔日蚀","2","0","2"
"新都侯王莽大司","2","0","2"
"都侯王莽大司马","2","0","2"
"元舅大将军王凤","2","0","2"
"中尉牛肉五百斤","1","1","2"
"孝武皇帝二十余","1","1","2"
"武皇帝二十余年","1","1","2"
"皇帝二十余年未","1","1","2"
"采珠玉金银铸钱","1","1","2"
"光禄大夫孔光等","1","1","2"
"禄大夫孔光等十","1","1","2"
"大夫孔光等十四","1","1","2"
"夫孔光等十四人","1","1","2"
"元始二年六月庚","1","1","2"
"始二年六月庚寅","1","1","2"
"太后欲成帝母俱","2","0","2"
"后欲成帝母俱称","2","0","2"
"欲成帝母俱称尊","2","0","2"
"成帝母俱称尊号","2","0","2"
"侍中诸曹黄门郎","1","1","2"
"中诸曹黄门郎数","1","1","2"
"诸曹黄门郎数十","1","1","2"
"曹黄门郎数十人","1","1","2"
"哀帝改司隶校尉","1","1","2"
"春秋列国卿大夫","1","1","2"
"召玄成淮阳中尉","2","0","2"
"诸儒杂论同异石","2","0","2"
"儒杂论同异石渠","2","0","2"
"杂论同异石渠阁","2","0","2"
"二万四千四百五","1","1","2"
"万四千四百五十","1","1","2"
"四千四百五十五","1","1","2"
"卫士四万五千一","1","1","2"
"士四万五千一百","1","1","2"
"四万五千一百二","1","1","2"
"万五千一百二十","1","1","2"
"五千一百二十九","1","1","2"
"千一百二十九人","1","1","2"
"万二千一百四十","1","1","2"
"二千一百四十七","1","1","2"
"千一百四十七人","1","1","2"
"太子太傅严彭祖","1","1","2"
"大夫尹更始等七","1","1","2"
"夫尹更始等七十","1","1","2"
"尹更始等七十人","1","1","2"
"玄成等四十四人","1","1","2"
"骑将军许嘉等二","1","1","2"
"将军许嘉等二十","1","1","2"
"军许嘉等二十九","1","1","2"
"许嘉等二十九人","1","1","2"
"大夫尹更始等十","1","1","2"
"夫尹更始等十八","1","1","2"
"尹更始等十八人","1","1","2"
"博士左咸等五十","1","1","2"
"士左咸等五十三","1","1","2"
"左咸等五十三人","1","1","2"
"皇高祖考庙奉明","1","1","2"
"高祖考庙奉明园","1","1","2"
"甘露中罪削爵关","2","0","2"
"露中罪削爵关内","2","0","2"
"中罪削爵关内侯","2","0","2"
"车骑将军军市令","1","1","2"
"太子太傅夏侯胜","1","1","2"
"河太守杜延年明","1","1","2"
"使者丙吉见皇曾","1","1","2"
"者丙吉见皇曾孙","1","1","2"
"关东四十九郡同","1","1","2"
"江海陂湖园池属","1","1","2"
"帝舅曲阳侯王根","2","0","2"
"舅曲阳侯王根大","2","0","2"
"侍中卫尉傅喜问","1","1","2"
"大司空师丹执政","1","1","2"
"后强宗大族家家","1","1","2"
"强宗大族家家结","1","1","2"
"属蒲类将军赵充","1","1","2"
"蒲类将军赵充国","1","1","2"
"地节三年七月中","1","1","2"
"丞相魏相上书陈","1","1","2"
"令文学校官诸生","1","1","2"
"冯翊时廪牺官钱","1","1","2"
"同族宗室刘调等","1","1","2"
"族宗室刘调等通","1","1","2"
"令长丞尉奉法守","1","1","2"
"反扬著先帝任倾","2","0","2"
"扬著先帝任倾覆","2","0","2"
"著先帝任倾覆徒","2","0","2"
"中二千石大鸿胪","1","1","2"
"二千石大鸿胪赏","1","1","2"
"千石大鸿胪赏等","1","1","2"
"石大鸿胪赏等会","1","1","2"
"大鸿胪赏等会坐","1","1","2"
"三老公乘兴等上","1","1","2"
"老公乘兴等上书","1","1","2"
"舅大将军王凤辅","1","1","2"
"弟成都侯商复大","2","0","2"
"奏卫将军张安世","1","1","2"
"子侍中阳都侯彭","1","1","2"
"侍中阳都侯彭祖","1","1","2"
"长信少府檀长卿","1","1","2"
"信任中尚书宦官","1","1","2"
"司隶校尉宽饶居","1","1","2"
"中朝左将军辛庆","1","1","2"
"朝左将军辛庆忌","1","1","2"
"南郡太守李尚占","1","1","2"
"阳侯根大司马票","2","0","2"
"侯根大司马票骑","2","0","2"
"中山孝王母冯太","2","0","2"
"山孝王母冯太后","2","0","2"
"尚书仆射唐林争","1","1","2"
"京兆尹张敞上书","1","1","2"
"愿汉外孙元贵靡","2","0","2"
"汉外孙元贵靡嗣","2","0","2"
"主乌孙四十余年","2","0","2"
"遣中朝大司马车","1","1","2"
"中朝大司马车骑","1","1","2"
"朝大司马车骑将","1","1","2"
"侍中建章卫尉金","1","1","2"
"中建章卫尉金安","1","1","2"
"建章卫尉金安上","1","1","2"
"高大司马车骑将","2","0","2"
"前将军光禄勋印","1","1","2"
"将军光禄勋印绶","1","1","2"
"光禄大夫执金吾","1","1","2"
"丞相西曹卫将军","1","1","2"
"相西曹卫将军掾","1","1","2"
"右将军典属国常","1","1","2"
"将军典属国常惠","1","1","2"
"太常弋阳侯任千","1","1","2"
"常弋阳侯任千秋","1","1","2"
"定襄太守韩安国","1","1","2"
"奋武将军任千秋","1","1","2"
"御史大夫李延寿","1","1","2"
"史大夫李延寿病","1","1","2"
"大夫李延寿病卒","1","1","2"
"二千石病赐告归","2","0","2"
"立定陶王皇太子","2","0","2"
"中山孝王短命早","1","1","2"
"舅张博兄弟三人","1","1","2"
"遣太中大夫张子","1","1","2"
"乐陵侯史高外属","2","0","2"
"宽中食邑八百户","1","1","2"
"远嫁张掖太守萧","1","1","2"
"嫁张掖太守萧咸","1","1","2"
"何况浅见鄙儒所","1","1","2"
"帝舅大司马骠骑","1","1","2"
"太皇太后新都侯","2","0","2"
"太中大夫蜀郡张","2","0","2"
"中大夫蜀郡张匡","2","0","2"
"太子长舅阳平侯","1","1","2"
"子长舅阳平侯王","1","1","2"
"哀帝祖母定陶傅","2","0","2"
"太后欲求称尊号","2","0","2"
"举廉吏狱掾王立","2","0","2"
"长陵大姓尚方禁","1","1","2"
"召见正监典法掾","1","1","2"
"见正监典法掾史","1","1","2"
"明大司马卫将军","2","0","2"
"丞相方进共奏言","2","0","2"
"谏大夫龚胜等十","1","1","2"
"大夫龚胜等十四","1","1","2"
"夫龚胜等十四人","1","1","2"
"召丞相诣廷尉诏","2","0","2"
"丞相诣廷尉诏狱","2","0","2"
"司隶校尉陈庆劾","1","1","2"
"隶校尉陈庆劾奏","1","1","2"
"杀义渠长妻子六","2","0","2"
"义渠长妻子六人","2","0","2"
"荐琅邪太守冯野","1","1","2"
"子侍中卫尉定陵","1","1","2"
"侍中卫尉定陵侯","1","1","2"
"中卫尉定陵侯淳","1","1","2"
"弟武平侯刘璜结","1","1","2"
"大司马柱天大将","1","1","2"
"司马柱天大将军","1","1","2"
"光禄勋成都侯王","1","1","2"
"禄勋成都侯王邑","1","1","2"
"春王城门校尉王","1","1","2"
"王城门校尉王况","1","1","2"
"中少府建威侯王","1","1","2"
"少府建威侯王昌","1","1","2"
"中郎将震羌侯窦","1","1","2"
"郎将震羌侯窦兄","1","1","2"
"将作大匠蒙乡侯","1","1","2"
"作大匠蒙乡侯逯","1","1","2"
"太保后丞丞阳侯","1","1","2"
"保后丞丞阳侯甄","1","1","2"
"后丞丞阳侯甄邯","1","1","2"
"居摄二年十月甲","1","1","2"
"摄二年十月甲子","1","1","2"
"东郡太守翟义擅","1","1","2"
"太皇太后遭家造","2","0","2"
"先封车骑都尉孙","1","1","2"
"封车骑都尉孙贤","1","1","2"
"车骑都尉孙贤等","1","1","2"
"骑都尉孙贤等五","1","1","2"
"都尉孙贤等五十","1","1","2"
"尉孙贤等五十五","1","1","2"
"孙贤等五十五人","1","1","2"
"大鸿胪望乡侯阎","1","1","2"
"鸿胪望乡侯阎迁","1","1","2"
"虎牙将军王邑等","1","1","2"
"太常阳城侯刘庆","1","1","2"
"常阳城侯刘庆忌","1","1","2"
"平阿侯谭位特进","2","0","2"
"京师士大夫怅然","1","1","2"
"师士大夫怅然失","1","1","2"
"士大夫怅然失望","1","1","2"
"年二月己未夜星","1","1","2"
"社稷宗庙祸福安","1","1","2"
"稷宗庙祸福安危","1","1","2"
"四月丁酉四方众","1","1","2"
"七月辛未彗星横","1","1","2"
"皇后父孔乡侯傅","2","0","2"
"后父孔乡侯傅晏","2","0","2"
"前大司马新都侯","1","1","2"
"大司马新都侯莽","2","0","2"
"建武中历位列卿","1","1","2"
"左将军公孙禄相","1","1","2"
"侍医伍宏等内侍","1","1","2"
"永信少府猛等十","1","1","2"
"信少府猛等十人","1","1","2"
"高安侯董贤父子","1","1","2"
"帝舅大司马票骑","2","0","2"
"舅大司马票骑将","2","0","2"
"御史大夫孔光举","1","1","2"
"射声校尉王邯等","1","1","2"
"昌侯董宏上书言","2","0","2"
"孝成皇帝圣恩深","1","1","2"
"成皇帝圣恩深远","1","1","2"
"上大司空高乐侯","1","1","2"
"王莽白太皇太后","2","0","2"
"阴阳清浊穆羽相","1","1","2"
"天元推一昼一夜","1","1","2"
"元推一昼一夜阴","1","1","2"
"推一昼一夜阴阳","1","1","2"
"一昼一夜阴阳数","1","1","2"
"昼一夜阴阳数度","1","1","2"
"一夜阴阳数度律","1","1","2"
"夜阴阳数度律历","1","1","2"
"文学掌故补郡属","1","1","2"
"岁课甲科四十人","1","1","2"
"丙科四十人补文","1","1","2"
"科四十人补文学","1","1","2"
"四十人补文学掌","1","1","2"
"十人补文学掌故","1","1","2"
"家候阴阳灾变书","1","1","2"
"霍氏外孙代郡太","1","1","2"
"氏外孙代郡太守","1","1","2"
"外孙代郡太守任","1","1","2"
"孙代郡太守任宣","1","1","2"
"东郡太守翟谊谋","1","1","2"
"门人沛唐林子高","1","1","2"
"张长安幼君先事","1","1","2"
"徐氏弟子公户满","1","1","2"
"氏弟子公户满意","1","1","2"
"沛闻人通汉子方","1","1","2"
"授淮阳泠丰次君","1","1","2"
"汝南尹更始翁君","1","1","2"
"南尹更始翁君本","1","1","2"
"故谏大夫通达待","1","1","2"
"谏大夫通达待诏","1","1","2"
"名儒太子太傅萧","1","1","2"
"儒太子太傅萧望","1","1","2"
"授楚申章昌曼君","1","1","2"
"司马票骑将军王","2","0","2"
"马票骑将军王根","2","0","2"
"太中大夫刘公子","1","1","2"
"授清河张禹长子","1","1","2"
"郎中张安等十人","1","1","2"
"中张安等十人侍","1","1","2"
"劾大司农田延年","1","1","2"
"侍中中郎将张彭","1","1","2"
"中中郎将张彭祖","1","1","2"
"少府五鹿充宗结","1","1","2"
"左将军冯奉世父","1","1","2"
"将军冯奉世父子","1","1","2"
"迁水衡都尉侍中","1","1","2"
"前将作大匠解万","1","1","2"
"子新都侯王莽心","1","1","2"
"弟侍中奉车都尉","1","1","2"
"父左曹屯骑校尉","1","1","2"
"太皇太后召大司","1","1","2"
"皇太后召大司马","1","1","2"
"新都侯莽前大司","2","0","2"
"都侯莽前大司马","2","0","2"
"奈何人邻国爱一","2","0","2"
"天所立匈奴大单","1","1","2"
"所遗物言语云云","2","0","2"
"月所置匈奴大单","1","1","2"
"前将军翕侯赵信","1","1","2"
"副光禄大夫王忠","1","1","2"
"属国千长义渠王","1","1","2"
"问护军都尉赵充","1","1","2"
"护军都尉赵充国","1","1","2"
"将军塞千二百余","2","0","2"
"军塞千二百余里","2","0","2"
"御史属公孙益寿","1","1","2"
"大将军军监治众","1","1","2"
"将军军监治众等","1","1","2"
"军军监治众等四","1","1","2"
"军监治众等四人","1","1","2"
"题王都犁胡次等","1","1","2"
"立右贤王屠耆堂","1","1","2"
"子右谷蠡王姑瞀","1","1","2"
"右谷蠡王姑瞀楼","1","1","2"
"谷蠡王姑瞀楼头","1","1","2"
"左贤王呼屠吾斯","1","1","2"
"汉遣车骑都尉韩","2","0","2"
"遣车骑都尉韩昌","2","0","2"
"见小昆弥乌就屠","1","1","2"
"乌就屠见呼韩邪","1","1","2"
"子王墙字昭君赐","1","1","2"
"右皋林王伊邪莫","1","1","2"
"皋林王伊邪莫演","1","1","2"
"林王伊邪莫演等","1","1","2"
"子左祝都韩王朐","1","1","2"
"左祝都韩王朐留","1","1","2"
"祝都韩王朐留斯","1","1","2"
"都韩王朐留斯侯","1","1","2"
"韩王朐留斯侯入","1","1","2"
"仇掸王稽留昆入","1","1","2"
"遣王昭君女须卜","2","0","2"
"王昭君女须卜居","2","0","2"
"昭君女须卜居次","2","0","2"
"王萌待西域恶都","2","0","2"
"萌待西域恶都奴","2","0","2"
"待西域恶都奴界","2","0","2"
"西域恶都奴界上","2","0","2"
"渠蒲呼卢訾等十","1","1","2"
"匈奴南犁汗王南","1","1","2"
"奴南犁汗王南将","1","1","2"
"南犁汗王南将军","1","1","2"
"良等尽胁略戊己","2","0","2"
"等尽胁略戊己校","2","0","2"
"尽胁略戊己校尉","2","0","2"
"胁略戊己校尉吏","2","0","2"
"略戊己校尉吏士","2","0","2"
"戊己校尉吏士男","2","0","2"
"己校尉吏士男女","2","0","2"
"校尉吏士男女二","2","0","2"
"尉吏士男女二千","2","0","2"
"吏士男女二千余","2","0","2"
"士男女二千余人","2","0","2"
"男女二千余人入","2","0","2"
"女二千余人入匈","2","0","2"
"二千余人入匈奴","2","0","2"
"南将军右伊秩訾","1","1","2"
"右伊秩訾王呼卢","1","1","2"
"伊秩訾王呼卢訾","1","1","2"
"大臣右骨都侯须","1","1","2"
"臣右骨都侯须卜","1","1","2"
"弟骑都尉展德侯","1","1","2"
"单尽收四人手杀","2","0","2"
"芝音妻子下二十","2","0","2"
"音妻子下二十七","2","0","2"
"妻子下二十七人","2","0","2"
"厨唯姑夕王富等","1","1","2"
"唯姑夕王富等四","1","1","2"
"姑夕王富等四十","1","1","2"
"夕王富等四十人","1","1","2"
"中郎将归德侯飒","1","1","2"
"大司马护军陈遵","1","1","2"
"遣水衡都尉吕辟","1","1","2"
"水衡都尉吕辟胡","1","1","2"
"大鸿胪田广明等","1","1","2"
"遣太中大夫蜀郡","1","1","2"
"说大将军王凤曰","2","0","2"
"荐金城司马陈立","1","1","2"
"更遣宁始将军廉","2","0","2"
"遣宁始将军廉丹","2","0","2"
"宁始将军廉丹庸","2","0","2"
"始将军廉丹庸部","2","0","2"
"将军廉丹庸部牧","2","0","2"
"军廉丹庸部牧史","2","0","2"
"廉丹庸部牧史熊","2","0","2"
"阳关二千七百三","1","1","2"
"关二千七百三十","1","1","2"
"二千七百三十八","1","1","2"
"千七百三十八里","1","1","2"
"东蒲类王兹力支","1","1","2"
"都护分车师后王","1","1","2"
"护分车师后王西","1","1","2"
"长安六千三百里","1","1","2"
"长安六千一百里","1","1","2"
"都护治所千七百","2","0","2"
"千七百八十五里","1","1","2"
"千三百六十五里","1","1","2"
"西北都护治所二","2","0","2"
"护治所二千二百","2","0","2"
"七千二百一十里","1","1","2"
"二千五百五十八","1","1","2"
"千五百五十八里","1","1","2"
"口三千三百六十","1","1","2"
"都护治所二千七","2","0","2"
"护治所二千七百","2","0","2"
"二千七百二十三","1","1","2"
"千七百二十三里","1","1","2"
"二千八百五十八","1","1","2"
"千八百五十八里","1","1","2"
"长安九千二百八","1","1","2"
"安九千二百八十","1","1","2"
"九千二百八十里","1","1","2"
"户三千三百四十","1","1","2"
"三千五百四十人","1","1","2"
"三千五百五十三","1","1","2"
"千五百五十三里","1","1","2"
"口二千一百七十","1","1","2"
"三千八百五十二","1","1","2"
"千八百五十二里","1","1","2"
"三千九百四十七","1","1","2"
"千九百四十七里","1","1","2"
"东北都护治所四","2","0","2"
"北都护治所四千","2","0","2"
"四千二百九十二","1","1","2"
"千二百九十二里","1","1","2"
"莎车三百八十里","1","1","2"
"口二千七百三十","1","1","2"
"二千七百三十三","1","1","2"
"四千八百九十二","1","1","2"
"千八百九十二里","1","1","2"
"阳关五千八百八","1","1","2"
"关五千八百八十","1","1","2"
"千八百八十八里","1","1","2"
"都护治所五千二","1","1","2"
"东北都护治所五","2","0","2"
"北都护治所五千","2","0","2"
"五千三百九十六","1","1","2"
"千三百九十六里","1","1","2"
"疏勒五百五十里","1","1","2"
"王治长安万一百","2","0","2"
"治长安万一百五","2","0","2"
"长安万一百五十","2","0","2"
"安万一百五十里","2","0","2"
"胜兵三百五十人","2","0","2"
"二千七百三十里","1","1","2"
"疏勒六百五十里","1","1","2"
"二千四百六十五","1","1","2"
"千四百六十五里","1","1","2"
"二千八百五十里","1","1","2"
"长安万二千二百","2","0","2"
"安万二千二百里","2","0","2"
"东北都护治所六","2","0","2"
"六千八百四十里","1","1","2"
"国二千二百五十","1","1","2"
"容屈王子阴末赴","1","1","2"
"长安万一千六百","2","0","2"
"安万一千六百里","2","0","2"
"东都护治所四千","2","0","2"
"四千七百四十里","1","1","2"
"二千八百四十一","1","1","2"
"千八百四十一里","1","1","2"
"三千七百四十一","1","1","2"
"千七百四十一里","1","1","2"
"阳关七千七百八","1","1","2"
"关七千七百八十","1","1","2"
"七千七百八十二","1","1","2"
"千七百八十二里","1","1","2"
"五千九百四十里","1","1","2"
"五千九百六十二","1","1","2"
"千九百六十二里","1","1","2"
"阳关九千二百八","1","1","2"
"关九千二百八十","1","1","2"
"九千二百八十三","1","1","2"
"千二百八十三里","1","1","2"
"五千五百五十里","1","1","2"
"五千七百七十六","1","1","2"
"千七百七十六里","1","1","2"
"阳关八千二十五","2","0","2"
"关八千二十五里","2","0","2"
"五千七百六十七","1","1","2"
"千七百六十七里","1","1","2"
"五千二百六十六","1","1","2"
"千二百六十六里","1","1","2"
"六千二百九十六","1","1","2"
"千二百九十六里","1","1","2"
"阳关八千五百五","1","1","2"
"关八千五百五十","1","1","2"
"八千五百五十五","1","1","2"
"千五百五十五里","1","1","2"
"阳关八千三百五","1","1","2"
"关八千三百五十","1","1","2"
"八千三百五十五","1","1","2"
"千三百五十五里","1","1","2"
"大月氏六百九十","1","1","2"
"月氏六百九十里","1","1","2"
"兵前后十余万人","1","1","2"
"长安九千八百六","1","1","2"
"安九千八百六十","1","1","2"
"九千八百六十里","1","1","2"
"遣使者奚充国送","1","1","2"
"使者奚充国送万","1","1","2"
"者奚充国送万年","1","1","2"
"九千三百五十里","1","1","2"
"八千六百四十七","1","1","2"
"二千二百一十里","1","1","2"
"莎车五百六十里","1","1","2"
"都护治所千四百","2","0","2"
"千四百一十一里","1","1","2"
"千三百一十四里","1","1","2"
"十八万八千八百","1","1","2"
"八万八千八百人","1","1","2"
"千七百二十一里","1","1","2"
"康居蕃内地五千","1","1","2"
"居蕃内地五千里","1","1","2"
"乌孙昆莫击破大","1","1","2"
"孙昆莫击破大月","1","1","2"
"昆莫击破大月氏","1","1","2"
"使长罗侯光禄大","1","1","2"
"长罗侯光禄大夫","1","1","2"
"车骑将军长史张","1","1","2"
"骑将军长史张翁","1","1","2"
"将军长史张翁留","1","1","2"
"小昆弥乌就屠死","1","1","2"
"贵人姑莫匿等三","1","1","2"
"人姑莫匿等三人","1","1","2"
"时大昆弥雌栗靡","1","1","2"
"翕侯难栖杀末振","2","0","2"
"侯难栖杀末振将","2","0","2"
"口二万四千五百","1","1","2"
"龟兹六百七十里","1","1","2"
"姑墨王丞杀温宿","1","1","2"
"长安八千三百五","1","1","2"
"安八千三百五十","1","1","2"
"八千三百五十里","1","1","2"
"二千三百八十里","1","1","2"
"乌孙赤谷六百一","1","1","2"
"孙赤谷六百一十","1","1","2"
"赤谷六百一十里","1","1","2"
"姑墨二百七十里","1","1","2"
"户六千九百七十","1","1","2"
"口八万一千三百","1","1","2"
"八万一千三百一","1","1","2"
"万一千三百一十","1","1","2"
"一千三百一十七","1","1","2"
"治所乌垒城三百","1","1","2"
"所乌垒城三百五","1","1","2"
"乌垒城三百五十","1","1","2"
"垒城三百五十里","1","1","2"
"搜粟都尉桑弘羊","1","1","2"
"尉犁六百五十里","1","1","2"
"七千二百九十里","1","1","2"
"口三万二千一百","1","1","2"
"都护治所四百里","1","1","2"
"八千六百八十里","1","1","2"
"八千八百三十里","1","1","2"
"八千八百七十里","1","1","2"
"八千二百五十里","1","1","2"
"长安八千五百七","1","1","2"
"安八千五百七十","1","1","2"
"八千五百七十里","1","1","2"
"千一百四十七里","1","1","2"
"长安七千一百七","1","1","2"
"安七千一百七十","1","1","2"
"七千一百七十里","1","1","2"
"千八百六十五人","1","1","2"
"八千九百五十里","1","1","2"
"口四千七百七十","1","1","2"
"四千七百七十四","1","1","2"
"小金附国随汉军","1","1","2"
"金附国随汉军后","1","1","2"
"附国随汉军后盗","1","1","2"
"时戊己校尉刀护","1","1","2"
"西域都护李崇将","2","0","2"
"域都护李崇将戊","2","0","2"
"都护李崇将戊己","2","0","2"
"护李崇将戊己校","2","0","2"
"李崇将戊己校尉","2","0","2"
"崇将戊己校尉西","2","0","2"
"将戊己校尉西域","2","0","2"
"戊己校尉郭钦将","2","0","2"
"使司赐皇后策曰","2","0","2"
"博陆宣成侯夫人","1","1","2"
"司马车骑将军平","1","1","2"
"马车骑将军平恩","1","1","2"
"车骑将军平恩侯","1","1","2"
"司马车骑将军辅","1","1","2"
"旅人先笑后号啕","1","1","2"
"安刚侯夫人谒坐","2","0","2"
"刚侯夫人谒坐大","2","0","2"
"侯夫人谒坐大逆","2","0","2"
"弟侍中驸马都尉","1","1","2"
"永光三年男子忠","1","1","2"
"光三年男子忠等","1","1","2"
"三年男子忠等发","1","1","2"
"时议郎耿育上疏","1","1","2"
"高昌侯董宏希指","2","0","2"
"舅阳安侯丁明同","1","1","2"
"长乐少府夏侯藩","1","1","2"
"行太常事太中大","1","1","2"
"太常事太中大夫","1","1","2"
"常事太中大夫刘","1","1","2"
"事太中大夫刘歆","1","1","2"
"立国将军成新公","1","1","2"
"国将军成新公孙","1","1","2"
"将军成新公孙建","1","1","2"
"魏郡元城委粟里","1","1","2"
"诸吏散骑安成侯","1","1","2"
"荐光禄大夫刘向","1","1","2"
"舅琅邪太守冯野","1","1","2"
"邪太守冯野王先","1","1","2"
"太守冯野王先帝","1","1","2"
"守冯野王先帝时","1","1","2"
"尚书责问司隶校","1","1","2"
"书责问司隶校尉","1","1","2"
"侍中太仆安阳侯","1","1","2"
"新都侯莽忧劳国","2","0","2"
"都侯莽忧劳国家","2","0","2"
"宗室安众侯刘崇","1","1","2"
"太皇太后新室文","2","0","2"
"皇太后新室文母","2","0","2"
"太后新室文母太","2","0","2"
"后新室文母太皇","2","0","2"
"建国五年二月癸","1","1","2"
"国五年二月癸丑","1","1","2"
"未央宫收取玺绶","1","1","2"
"大司马高安侯董","1","1","2"
"司马高安侯董贤","1","1","2"
"马高安侯董贤年","1","1","2"
"后将军公孙禄互","1","1","2"
"将军公孙禄互相","1","1","2"
"车骑将军安阳侯","1","1","2"
"孝文皇帝褒赏绛","1","1","2"
"文皇帝褒赏绛侯","1","1","2"
"遣大司徒司直陈","1","1","2"
"大司徒司直陈崇","1","1","2"
"司徒司直陈崇等","1","1","2"
"徒司直陈崇等八","1","1","2"
"元寿二年六月戊","1","1","2"
"寿二年六月戊午","1","1","2"
"元始元年正月丙","1","1","2"
"始元年正月丙辰","1","1","2"
"宰衡太傅大司马","1","1","2"
"衡太傅大司马印","1","1","2"
"蜀郡男子路建等","1","1","2"
"四十八万七千五","1","1","2"
"十八万七千五百","1","1","2"
"八万七千五百七","1","1","2"
"万七千五百七十","1","1","2"
"七千五百七十二","1","1","2"
"千五百七十二人","1","1","2"
"元始五年五月庚","1","1","2"
"始五年五月庚寅","1","1","2"
"卫孝成皇帝十六","1","1","2"
"孝成皇帝十六年","1","1","2"
"泉陵侯刘庆上书","1","1","2"
"孝宣皇帝玄孙二","1","1","2"
"宣皇帝玄孙二十","1","1","2"
"皇帝玄孙二十三","1","1","2"
"帝玄孙二十三人","1","1","2"
"遣谏大夫桓谭等","1","1","2"
"车骑将军千人扈","1","1","2"
"骑将军千人扈云","1","1","2"
"广饶侯刘京上书","1","1","2"
"齐郡临淄县昌兴","1","1","2"
"郡临淄县昌兴亭","1","1","2"
"前孝哀皇帝建平","1","1","2"
"孝哀皇帝建平二","1","1","2"
"哀皇帝建平二年","1","1","2"
"皇帝建平二年六","1","1","2"
"帝建平二年六月","1","1","2"
"建平二年六月甲","1","1","2"
"平二年六月甲子","1","1","2"
"天帝行玺金匮图","1","1","2"
"传予黄帝金策书","1","1","2"
"建国元年正月朔","1","1","2"
"予皇始祖考虞帝","2","0","2"
"遣五威将王奇等","1","1","2"
"五威将王奇等十","1","1","2"
"威将王奇等十二","1","1","2"
"将王奇等十二人","1","1","2"
"高祖考王伯墓门","1","1","2"
"作五威中城将军","1","1","2"
"作五威前关将军","1","1","2"
"作五威后关将军","1","1","2"
"作五威左关将军","1","1","2"
"作五威右关将军","1","1","2"
"遣谏大夫五十人","1","1","2"
"谏大夫五十人分","1","1","2"
"五威将帅七十二","1","1","2"
"威将帅七十二人","1","1","2"
"三十二人同宗共","1","1","2"
"十二人同宗共祖","1","1","2"
"遣立国将军孙建","1","1","2"
"立国将军孙建等","1","1","2"
"子侍中东通灵将","1","1","2"
"五司大夫隆威侯","1","1","2"
"弟右曹长水校尉","1","1","2"
"右曹长水校尉伐","1","1","2"
"曹长水校尉伐虏","1","1","2"
"长水校尉伐虏侯","1","1","2"
"弟左关将军掌威","1","1","2"
"左关将军掌威侯","1","1","2"
"侍中骑都尉丁隆","1","1","2"
"中骑都尉丁隆等","1","1","2"
"宁始将军姚恂免","1","1","2"
"侍中讲礼大夫孔","1","1","2"
"中讲礼大夫孔秉","1","1","2"
"讲礼大夫孔秉等","1","1","2"
"遣捕盗将军孔仁","1","1","2"
"立国将军孙建死","1","1","2"
"东方三州一部二","1","1","2"
"方三州一部二十","1","1","2"
"三州一部二十五","1","1","2"
"西方一州二部二","1","1","2"
"方一州二部二十","1","1","2"
"一州二部二十五","1","1","2"
"州二部二十五郡","1","1","2"
"北方二州一部二","1","1","2"
"游击都尉任萌等","1","1","2"
"保成师友祭酒唐","1","1","2"
"成师友祭酒唐林","1","1","2"
"大司马司允费兴","1","1","2"
"复位后大司马护","1","1","2"
"位后大司马护军","1","1","2"
"后大司马护军郭","1","1","2"
"大司马护军郭兴","1","1","2"
"太傅牺叔士孙喜","1","1","2"
"匈奴右骨都侯须","1","1","2"
"上大司马武建伯","1","1","2"
"地皇元年正月乙","1","1","2"
"兆域大将军王匡","1","1","2"
"莽见四方盗贼多","2","0","2"
"大将军二十五人","1","1","2"
"司马三万七千五","1","1","2"
"马三万七千五百","1","1","2"
"三万七千五百人","1","1","2"
"候十一万二千五","1","1","2"
"十一万二千五百","1","1","2"
"二十二万五千人","1","1","2"
"千三百五十万人","1","1","2"
"西厢后阁更衣中","2","0","2"
"侍中常侍执法杜","1","1","2"
"中常侍执法杜林","1","1","2"
"常侍执法杜林等","1","1","2"
"陈胡王统祖穆庙","1","1","2"
"齐敬王世祖昭庙","1","1","2"
"济北愍王王祖穆","1","1","2"
"北愍王王祖穆庙","1","1","2"
"太初祖庙东西南","1","1","2"
"初祖庙东西南北","1","1","2"
"祖庙东西南北四","1","1","2"
"遣太师牺仲景尚","1","1","2"
"更始将军护军王","1","1","2"
"始将军护军王党","1","1","2"
"侍中掌牧大夫李","1","1","2"
"国师嘉信公颠倒","1","1","2"
"更始将军平均侯","1","1","2"
"遣司命大将军孔","1","1","2"
"司命大将军孔仁","1","1","2"
"纳言大将军严尤","1","1","2"
"秩宗大将军陈茂","1","1","2"
"遣风俗大夫司国","1","1","2"
"风俗大夫司国宪","1","1","2"
"俗大夫司国宪等","1","1","2"
"亟进所部州郡兵","2","0","2"
"进所部州郡兵凡","2","0","2"
"遣七公干士隗嚣","1","1","2"
"七公干士隗嚣等","1","1","2"
"公干士隗嚣等七","1","1","2"
"干士隗嚣等七十","1","1","2"
"士隗嚣等七十二","1","1","2"
"隗嚣等七十二人","1","1","2"
"嚣等七十二人分","1","1","2"
"进攻右队大夫宋","1","1","2"
"攻右队大夫宋纲","1","1","2"
"遣偏将军韩臣等","1","1","2"
"樊郦滕灌傅靳周","1","1","2"
"郦滕灌傅靳周传","1","1","2"
"郦陆朱娄叔孙传","1","1","2"
"淮南衡山济北传","1","1","2"
"万石卫直周张传","1","1","2"
"严朱吾丘主父徐","1","1","2"
"朱吾丘主父徐严","1","1","2"
"吾丘主父徐严终","1","1","2"
"丘主父徐严终王","1","1","2"
"傅常郑甘陈段传","1","1","2"
"唐姬生长沙定王","1","1","2"
"太中大夫公孙敖","1","1","2"
"勃举太官献丞陈","1","1","2"
"举太官献丞陈汤","1","1","2"
"兵随度辽将军范","1","1","2"
"随度辽将军范明","1","1","2"
"将军范明友击乌","1","1","2"
"军范明友击乌桓","1","1","2"
"大宛皆合约杀期","1","1","2"
"宛皆合约杀期门","1","1","2"
"皆合约杀期门车","1","1","2"
"合约杀期门车令","1","1","2"
"王皇后生孝成帝","1","1","2"
"傅昭仪生定陶共","1","1","2"
"昭仪生定陶共王","1","1","2"
"冯昭仪生中山孝","1","1","2"
"昭仪生中山孝王","1","1","2"
"封傅太后同母弟","1","1","2"
"平陵士孙张仲方","1","1","2"
"长安六千八百二","1","1","2"
"安六千八百二十","1","1","2"
"六千八百二十里","1","1","2"
"长安八千八百二","1","1","2"
"安八千八百二十","1","1","2"
"八千八百二十里","1","1","2"
"长安九千六百七","1","1","2"
"安九千六百七十","1","1","2"
"九千六百七十里","1","1","2"
"长安九千五百五","1","1","2"
"安九千五百五十","1","1","2"
"九千五百五十里","1","1","2"
"长安八千六百五","1","1","2"
"安八千六百五十","1","1","2"
"八千六百五十里","1","1","2"
"大昆弥治赤谷城","1","1","2"
"长安八千九百里","1","1","2"
"长安七千四百八","1","1","2"
"安七千四百八十","1","1","2"
"七千四百八十里","1","1","2"
"东西南北部千长","1","1","2"
"龟兹五百八十里","1","1","2"
"长安六千七百五","1","1","2"
"安六千七百五十","1","1","2"
"六千七百五十里","1","1","2"
"南都护治所千二","2","0","2"
"都护治所千二百","2","0","2"
"千二百八十七里","1","1","2"
"长安八千七百一","1","1","2"
"安八千七百一十","1","1","2"
"八千七百一十里","1","1","2"
"王治天山西疏榆","1","1","2"
"治天山西疏榆谷","1","1","2"
"长安八千三百六","1","1","2"
"安八千三百六十","1","1","2"
"八千三百六十里","1","1","2"
"千三百八十七里","1","1","2"
"千四百八十七里","1","1","2"
"千五百八十七里","1","1","2"
"尉犁二百四十里","1","1","2"
"危须二百六十里","1","1","2"
"千二百三十七里","1","1","2"
"骠骑将军安阳侯","1","1","2"
"大司徒就德侯平","1","1","2"
"司徒就德侯平晏","1","1","2"
"步兵将军成都侯","1","1","2"
"兵将军成都侯王","1","1","2"
"将军成都侯王邑","1","1","2"
"卫将军广阳侯甄","1","1","2"
"将军广阳侯甄丰","1","1","2"
"千五百一十一人","1","1","2"
"宁始将军侯辅免","1","1","2"
"高惠高后孝文功","1","1","2"
"惠高后孝文功臣","1","1","2"
"高后孝文功臣侯","1","1","2"
"后孝文功臣侯表","1","1","2"
"景武昭宣元成哀","1","1","2"
"武昭宣元成哀功","1","1","2"
"昭宣元成哀功臣","1","1","2"
"宣元成哀功臣侯","1","1","2"
"元成哀功臣侯表","1","1","2"
"魏豹田儋韩信传","1","1","2"
"公孙刘田杨王蔡","1","1","2"
"孙刘田杨王蔡陈","1","1","2"
"刘田杨王蔡陈郑","1","1","2"
"田杨王蔡陈郑传","1","1","2"
"赵充国辛庆忌传","1","1","2"
"眭两夏侯京翼李","1","1","2"
"两夏侯京翼李传","1","1","2"
"赵尹韩张两王传","1","1","2"
"盖诸葛刘郑毋将","1","1","2"
"诸葛刘郑毋将孙","1","1","2"
"葛刘郑毋将孙何","1","1","2"
"刘郑毋将孙何传","1","1","2"
"王商史丹傅喜传","1","1","2"
"何武王嘉师丹传","1","1","2"
"西南夷两越朝鲜","1","1","2"
"南夷两越朝鲜传","1","1","2"
"典属国公孙昆邪","1","1","2"
"补廷尉文学卒史","1","1","2"
"子墨客卿问翰林","1","1","2"
"墨客卿问翰林主","1","1","2"
"客卿问翰林主人","1","1","2"
"十篇文言解说上","1","1","2"
"篇文言解说上下","1","1","2"
"文言解说上下经","1","1","2"
"送右厨唯姑夕王","1","1","2"
"成帝开始在长安","0","2","2"
"鸟羽牦牛尾装饰","0","2","2"
"羽牦牛尾装饰的","0","2","2"
"牦牛尾装饰的旌","0","2","2"
"牛尾装饰的旌旗","0","2","2"
"的人都为此感到","0","2","2"
"有罪考虑减免刑","0","2","2"
"罪考虑减免刑罚","0","2","2"
"可考虑减免刑罚","0","2","2"
"有罪可以减免刑","0","2","2"
"罪可以减免刑罚","0","2","2"
"时观测判定时令","0","2","2"
"观测判定时令时","0","2","2"
"野之地有战争发","0","2","2"
"的自然之性是能","0","2","2"
"自然之性是能向","0","2","2"
"另一种说法认为","0","2","2"
"这裹土是潮湿的","0","2","2"
"裹土是潮湿的泥","0","2","2"
"缺疑不写的地方","0","2","2"
"为天下人带个头","0","2","2"
"趁机利用他们的","0","2","2"
"利用他们的疲惫","0","2","2"
"认为他的话有道","0","2","2"
"为他的话有道理","0","2","2"
"有位宾客劝张耳","0","2","2"
"让他做一名将领","0","2","2"
"本该像是这样吗","0","2","2"
"该像是这样吗?","0","2","2"
"是胜是败的情况","0","2","2"
"胜是败的情况就","0","2","2"
"是败的情况就难","0","2","2"
"败的情况就难以","0","2","2"
"的情况就难以预","0","2","2"
"情况就难以预料","0","2","2"
"况就难以预料了","0","2","2"
"他所率领的士卒","0","2","2"
"所率领的士卒多","0","2","2"
"率领的士卒多作","0","2","2"
"领的士卒多作为","0","2","2"
"的士卒多作为高","0","2","2"
"士卒多作为高祖","0","2","2"
"卒多作为高祖的","0","2","2"
"多作为高祖的开","0","2","2"
"作为高祖的开路","0","2","2"
"为高祖的开路先","0","2","2"
"高祖的开路先锋","0","2","2"
"送周勃代替樊啥","0","2","2"
"让他们躲藏起来","0","2","2"
"听从了郦食其的","0","2","2"
"为是理所当然的","0","2","2"
"得天地之道的真","0","2","2"
"天地之道的真人","0","2","2"
"关系亲近的同姓","0","2","2"
"系亲近的同姓王","0","2","2"
"那么最好让他们","0","2","2"
"么最好让他们像","0","2","2"
"还苦于脚掌扭折","0","2","2"
"王的儿子是陛下","0","2","2"
"而献计的人却说","0","2","2"
"就是这样的事啊","0","2","2"
"皇上没有采纳他","0","2","2"
"上没有采纳他的","0","2","2"
"陈涉在蕲县起义","0","2","2"
"官吏以响应陈涉","0","2","2"
"前齐王田建之孙","0","2","2"
"齐王田建之孙田","0","2","2"
"王田建之孙田安","0","2","2"
"沛公想当关中王","0","2","2"
"魏王豹为西魏王","0","2","2"
"齐将田都为齐王","0","2","2"
"攻击常山王张耳","0","2","2"
"封彭越为魏相国","0","2","2"
"彭越本来平定了","0","2","2"
"越本来平定了梁","0","2","2"
"本来平定了梁地","0","2","2"
"爵级在七大夫以","0","2","2"
"充分发挥他们的","0","2","2"
"楚王韩信要谋反","0","2","2"
"手指的占十分之","0","2","2"
"指的占十分之二","0","2","2"
"的占十分之二三","0","2","2"
"是因为天下还未","0","2","2"
"地的吏民是无罪","0","2","2"
"的吏民是无罪的","0","2","2"
"立赵佗为南粤王","0","2","2"
"派辟阳侯审食其","0","2","2"
"夏四月二十五日","0","2","2"
"赏赐臣民爵位一","0","2","2"
"赐臣民爵位一级","0","2","2"
"官任职满六年的","0","2","2"
"五百石以下至佐","0","2","2"
"百石以下至佐吏","0","2","2"
"征发长安六百里","0","2","2"
"男女民工十四万","0","2","2"
"汉高祖平定天下","0","2","2"
"鲁元公主的女儿","0","2","2"
"元公主的女儿为","0","2","2"
"公主的女儿为皇","0","2","2"
"主的女儿为皇后","0","2","2"
"为二千石的官员","0","2","2"
"将功劳簿藏于高","0","2","2"
"丞相以下的官员","0","2","2"
"赏赐天下男子爵","0","2","2"
"的继承人的爵一","0","2","2"
"继承人的爵一级","0","2","2"
"推举贤良方正直","0","2","2"
"阳侯张相如为大","0","2","2"
"侯张相如为大将","0","2","2"
"张相如为大将军","0","2","2"
"彗星出现于西方","0","2","2"
"皇帝庙应为帝家","0","2","2"
"帝庙应为帝家的","0","2","2"
"庙应为帝家的太","0","2","2"
"的御史大夫晁错","0","2","2"
"赏赐民爵位一级","0","2","2"
"夏四月二十一日","0","2","2"
"继承人的爵位一","0","2","2"
"承人的爵位一级","0","2","2"
"西北天空出现彗","0","2","2"
"北天空出现彗星","0","2","2"
"是用以禁暴止邪","0","2","2"
"为父亲继承人的","0","2","2"
"史大夫韩安国为","0","2","2"
"大夫韩安国为护","0","2","2"
"夫韩安国为护军","0","2","2"
"韩安国为护军将","0","2","2"
"安国为护军将军","0","2","2"
"仆公孙贺为轻车","0","2","2"
"公孙贺为轻车将","0","2","2"
"孙贺为轻车将军","0","2","2"
"大行王恢为将屯","0","2","2"
"行王恢为将屯将","0","2","2"
"王恢为将屯将军","0","2","2"
"中大夫李息为材","0","2","2"
"大夫李息为材官","0","2","2"
"夫李息为材官将","0","2","2"
"李息为材官将军","0","2","2"
"匈奴多次侵犯边","0","2","2"
"斩获敌首数千级","0","2","2"
"将军卫青率领六","0","2","2"
"军卫青率领六名","0","2","2"
"卫青率领六名将","0","2","2"
"青率领六名将军","0","2","2"
"率领六名将军及","0","2","2"
"领六名将军及士","0","2","2"
"名将军及士兵十","0","2","2"
"将军及士兵十余","0","2","2"
"军及士兵十余万","0","2","2"
"派骠骑将军霍去","0","2","2"
"萧何曾孙萧庆为","0","2","2"
"匈奴入侵右北平","0","2","2"
"有彗星出现于东","0","2","2"
"夏四月二十九日","0","2","2"
"派横海将军韩说","0","2","2"
"星出现于东井星","0","2","2"
"出现于东井星区","0","2","2"
"又有彗星出现在","0","2","2"
"有彗星出现在三","0","2","2"
"游击将军韩说领","0","2","2"
"派使者前来朝献","0","2","2"
"各侯王在甘泉宫","0","2","2"
"侯王在甘泉宫朝","0","2","2"
"师将军李广利领","0","2","2"
"与贰师将军会师","0","2","2"
"领四万骑兵出酒","0","2","2"
"四万骑兵出酒泉","0","2","2"
"大将军霍光主持","0","2","2"
"车骑将军金日石","0","2","2"
"骑将军金日石单","0","2","2"
"青州刺史隽不疑","0","2","2"
"上官桀为安阳侯","0","2","2"
"中二千石以下及","0","2","2"
"赐中二千石以下","0","2","2"
"中二千石以下至","0","2","2"
"大鸿胪田广明率","0","2","2"
"安父子与大将军","0","2","2"
"父子与大将军霍","0","2","2"
"子与大将军霍光","0","2","2"
"与大将军霍光争","0","2","2"
"范明友为度辽将","0","2","2"
"明友为度辽将军","0","2","2"
"派度辽将军范明","0","2","2"
"文学高第各一人","0","2","2"
"子每百户赐牛肉","0","2","2"
"每百户赐牛肉及","0","2","2"
"百户赐牛肉及酒","0","2","2"
"封外祖母为博平","0","2","2"
"外祖母为博平君","0","2","2"
"弘扬先帝的丰功","0","2","2"
"扬先帝的丰功伟","0","2","2"
"赏赐丞相以下至","0","2","2"
"赏赐天下官吏爵","0","2","2"
"赐天下官吏爵二","0","2","2"
"天下官吏爵二级","0","2","2"
"翁归之子黄金百","0","2","2"
"归之子黄金百斤","0","2","2"
"女子百户牛酒若","0","2","2"
"子百户牛酒若干","0","2","2"
"泉太守辛武贤为","0","2","2"
"太守辛武贤为破","0","2","2"
"守辛武贤为破羌","0","2","2"
"辛武贤为破羌将","0","2","2"
"武贤为破羌将军","0","2","2"
"甘露降集于京师","0","2","2"
"为父的继承人的","0","2","2"
"继承人的赏爵一","0","2","2"
"左冯翊韩延寿有","0","2","2"
"冯翊韩延寿有罪","0","2","2"
"太上皇庙发生火","0","2","2"
"上皇庙发生火灾","0","2","2"
"赐女子每百户牛","0","2","2"
"赐鳏寡孤独高年","0","2","2"
"呼韩邪单于稽侯","0","2","2"
"派长乐卫尉高昌","0","2","2"
"子太傅萧望之等","0","2","2"
"废为平民迁于房","0","2","2"
"为平民迁于房陵","0","2","2"
"尊皇太后为太皇","0","2","2"
"慰问耆老鳏寡孤","0","2","2"
"问耆老鳏寡孤独","0","2","2"
"严重的免出租赋","0","2","2"
"五十户赏牛酒若","0","2","2"
"十户赏牛酒若干","0","2","2"
"赏赐臣民爵一级","0","2","2"
"勤于政事的官吏","0","2","2"
"孝悌力田帛若干","0","2","2"
"严肃思考上天所","0","2","2"
"恢复太上皇寝庙","0","2","2"
"匈奴郅支单于背","0","2","2"
"奴郅支单于背叛","0","2","2"
"郅支单于背叛礼","0","2","2"
"支单于背叛礼义","0","2","2"
"有彗星出现在营","0","2","2"
"彗星出现在营室","0","2","2"
"星出现在营室星","0","2","2"
"赏赐孝悌力田爵","0","2","2"
"赐孝悌力田爵二","0","2","2"
"孝悌力田爵二级","0","2","2"
"举荐贤良方正能","0","2","2"
"荐贤良方正能直","0","2","2"
"履行自己的职责","0","2","2"
"那将是何等困难","0","2","2"
"车骑将军王音去","0","2","2"
"令有关机构恢复","0","2","2"
"恢复长安南北郊","0","2","2"
"孙刘景为定陶王","0","2","2"
"太后为恭皇太后","0","2","2"
"建平二年为太初","0","2","2"
"平二年为太初元","0","2","2"
"为太初元将元年","0","2","2"
"号称陈圣刘太平","0","2","2"
"称陈圣刘太平皇","0","2","2"
"新都侯王莽为大","0","2","2"
"都侯王莽为大司","0","2","2"
"侯王莽为大司马","0","2","2"
"太皇太后诏迎中","0","2","2"
"皇太后诏迎中山","0","2","2"
"太后诏迎中山王","0","2","2"
"赏赐天下臣民爵","0","2","2"
"赐天下臣民爵一","0","2","2"
"天下臣民爵一级","0","2","2"
"派少傅左将军甄","0","2","2"
"张敖玄孙张庆忌","0","2","2"
"列侯一百二十人","0","2","2"
"这是关系到国家","0","2","2"
"刑法搁置不用的","0","2","2"
"产生于黄钟的律","0","2","2"
"的中间数字是五","0","2","2"
"的中间数字是六","0","2","2"
"所以放一个就得","0","2","2"
"用天地五位的最","0","2","2"
"天地五位的最后","0","2","2"
"地五位的最后一","0","2","2"
"五位的最后一个","0","2","2"
"位的最后一个数","0","2","2"
"千五百三十九年","0","2","2"
"数的中间数字是","0","2","2"
"钟的长度平分成","0","2","2"
"的长度平分成三","0","2","2"
"平分为三减去其","0","2","2"
"分为三减去其中","0","2","2"
"为三减去其中之","0","2","2"
"吕平分为三再增","0","2","2"
"钟平分为三再增","0","2","2"
"制作的方法是用","0","2","2"
"作的方法是用铜","0","2","2"
"本来起源于黄钟","0","2","2"
"来起源于黄钟的","0","2","2"
"有一万一千五百","0","2","2"
"斗柄所指的方向","0","2","2"
"到石就是最重的","0","2","2"
"是一万一千五百","0","2","2"
"命南正重掌管天","0","2","2"
"南正重掌管天文","0","2","2"
"推算曰月星辰的","0","2","2"
"算曰月星辰的运","0","2","2"
"曰月星辰的运行","0","2","2"
"千六百一十七年","0","2","2"
"十一月甲子初一","0","2","2"
"共二百四十二年","0","2","2"
"二百四十二年的","0","2","2"
"闰月没有颁布朔","0","2","2"
"即使没有事件也","0","2","2"
"使没有事件也要","0","2","2"
"没有事件也要记","0","2","2"
"有固定的对应关","0","2","2"
"固定的对应关系","0","2","2"
"再过七百二十年","0","2","2"
"春王正月辛亥是","0","2","2"
"王正月辛亥是朔","0","2","2"
"正月辛亥是朔日","0","2","2"
"五星运行都能俱","0","2","2"
"星运行都能俱终","0","2","2"
"四万零五百三十","0","2","2"
"一千七百二十八","0","2","2"
"每天运行十一分","0","2","2"
"天运行十一分二","0","2","2"
"运行十一分二度","0","2","2"
"天一百八十二万","0","2","2"
"一百八十二万八","0","2","2"
"分一百四十五分","0","2","2"
"一百四十五分之","0","2","2"
"百四十五分之一","0","2","2"
"四十五分之一度","0","2","2"
"一天运行四十六","0","2","2"
"天运行四十六分","0","2","2"
"运行四十六分三","0","2","2"
"行四十六分三十","0","2","2"
"四十六分三十三","0","2","2"
"十六分三十三度","0","2","2"
"一度九十二分十","0","2","2"
"度九十二分十五","0","2","2"
"九十二分十五度","0","2","2"
"共出现二百四十","0","2","2"
"天一百二十九万","0","2","2"
"以说一天运行一","0","2","2"
"天运行十五分一","0","2","2"
"运行十五分一度","0","2","2"
"百零三万二千六","0","2","2"
"零三万二千六百","0","2","2"
"一天运行九十二","0","2","2"
"天运行九十二分","0","2","2"
"运行九十二分五","0","2","2"
"行九十二分五十","0","2","2"
"九十二分五十三","0","2","2"
"十二分五十三度","0","2","2"
"经过二百七十六","0","2","2"
"过二百七十六天","0","2","2"
"天一千五百六十","0","2","2"
"一千五百六十八","0","2","2"
"二十一万八千零","0","2","2"
"十一万八千零五","0","2","2"
"一万八千零五分","0","2","2"
"一天运行七分六","0","2","2"
"天运行七分六度","0","2","2"
"六百六十一万零","0","2","2"
"百六十一万零一","0","2","2"
"六十一万零一百","0","2","2"
"十一万零一百二","0","2","2"
"一万零一百二十","0","2","2"
"万零一百二十八","0","2","2"
"零一百二十八分","0","2","2"
"十五天一亿二千","0","2","2"
"五天一亿二千二","0","2","2"
"小余一千零一十","0","2","2"
"按照规则数除积","0","2","2"
"计算完后以外的","0","2","2"
"帝那裹接受帝位","0","2","2"
"继承天命而称王","0","2","2"
"供祭祀用的纯色","0","2","2"
"祭祀用的纯色全","0","2","2"
"祀用的纯色全体","0","2","2"
"用的纯色全体牲","0","2","2"
"的纯色全体牲畜","0","2","2"
"共工氏称霸九州","0","2","2"
"周代变更了他的","0","2","2"
"代变更了他的乐","0","2","2"
"上说他在位三十","0","2","2"
"说他在位三十七","0","2","2"
"上说他在位十一","0","2","2"
"说他在位十一年","0","2","2"
"他在位二十七年","0","2","2"
"说他在位十八年","0","2","2"
"在位三十三年后","0","2","2"
"公在位十八年后","0","2","2"
"寅朔日天明冬至","0","2","2"
"这是掌管历法的","0","2","2"
"是掌管历法的人","0","2","2"
"掌管历法的人的","0","2","2"
"十八年距辛亥有","0","2","2"
"八年距辛亥有一","0","2","2"
"距辛亥有一百一","0","2","2"
"辛亥有一百一十","0","2","2"
"有二万六千六百","0","2","2"
"万六千六百零六","0","2","2"
"六千六百零六旬","0","2","2"
"距辛亥有一百三","0","2","2"
"辛亥有一百三十","0","2","2"
"年正月戊申朔日","0","2","2"
"记载在位十六年","0","2","2"
"的次序就混乱了","0","2","2"
"朝见皇帝的礼仪","0","2","2"
"的现象就会逐渐","0","2","2"
"安定国家治理百","0","2","2"
"定国家治理百姓","0","2","2"
"没有比乐更好的","0","2","2"
"使之恢复正常安","0","2","2"
"之恢复正常安定","0","2","2"
"没有一个人在监","0","2","2"
"有一个人在监狱","0","2","2"
"没有采纳他的话","0","2","2"
"在郊外祭祀天地","0","2","2"
"不能说出它的含","0","2","2"
"能说出它的含义","0","2","2"
"李延年为协律都","0","2","2"
"延年为协律都尉","0","2","2"
"各自在自己的位","0","2","2"
"自在自己的位置","0","2","2"
"丞相匡衡演奏完","0","2","2"
"少数民族都臣服","0","2","2"
"芝草生长在甘泉","0","2","2"
"皇上就把这件事","0","2","2"
"上就把这件事交","0","2","2"
"汉朝在秦朝灭绝","0","2","2"
"和卫国的音乐兴","0","2","2"
"卫国的音乐兴盛","0","2","2"
"鼓手一百二十八","0","2","2"
"手一百二十八人","0","2","2"
"歌舞艺人的人有","0","2","2"
"规定缴兵赋的六","0","2","2"
"齐桓公任用管仲","0","2","2"
"一千辆兵车的国","0","2","2"
"魏国武装的兵士","0","2","2"
"秦国精锐的士兵","0","2","2"
"晋文公的节制之","0","2","2"
"文公的节制之兵","0","2","2"
"善于统率军队的","0","2","2"
"于统率军队的人","0","2","2"
"统率军队的人不","0","2","2"
"善于摆阵的人不","0","2","2"
"善于失败的人不","0","2","2"
"于失败的人不会","0","2","2"
"失败的人不会灭","0","2","2"
"败的人不会灭亡","0","2","2"
"惩治承平守成的","0","2","2"
"治承平守成的国","0","2","2"
"承平守成的国家","0","2","2"
"平守成的国家用","0","2","2"
"守成的国家用中","0","2","2"
"刑处罚的条目有","0","2","2"
"王道逐渐被破坏","0","2","2"
"用道德来诱导他","0","2","2"
"道德来诱导他们","0","2","2"
"用礼教来整顿他","0","2","2"
"礼教来整顿他们","0","2","2"
"人民不但有廉耻","0","2","2"
"民不但有廉耻之","0","2","2"
"不但有廉耻之心","0","2","2"
"用政令来诱导他","0","2","2"
"政令来诱导他们","0","2","2"
"用刑罚来整顿他","0","2","2"
"刑罚来整顿他们","0","2","2"
"人民衹是暂时地","0","2","2"
"民衹是暂时地免","0","2","2"
"衹是暂时地免于","0","2","2"
"是暂时地免于罪","0","2","2"
"暂时地免于罪过","0","2","2"
"却没有廉耻之心","0","2","2"
"百姓早就离心离","0","2","2"
"姓早就离心离德","0","2","2"
"早就离心离德了","0","2","2"
"到了秦始皇的时","0","2","2"
"了秦始皇的时候","0","2","2"
"人想改正行为去","0","2","2"
"想改正行为去做","0","2","2"
"改正行为去做善","0","2","2"
"正行为去做善事","0","2","2"
"改为城旦刑舂刑","0","2","2"
"民间的人力和物","0","2","2"
"间的人力和物资","0","2","2"
"战胜邪恶不进行","0","2","2"
"胜邪恶不进行杀","0","2","2"
"邪恶不进行杀戮","0","2","2"
"时代的法律罪行","0","2","2"
"代的法律罪行就","0","2","2"
"的法律罪行就显","0","2","2"
"法律罪行就显得","0","2","2"
"还不足以满足他","0","2","2"
"不足以满足他的","0","2","2"
"足以满足他的欲","0","2","2"
"以满足他的欲望","0","2","2"
"这是天下最大的","0","2","2"
"不务农而食的人","0","2","2"
"人民致力于农业","0","2","2"
"因此英明的君主","0","2","2"
"爵位和免除罪罚","0","2","2"
"收取三十分之一","0","2","2"
"取三十分之一的","0","2","2"
"三十分之一的税","0","2","2"
"当时大司农中丞","0","2","2"
"受到皇上的宠幸","0","2","2"
"辆车的国家一定","0","2","2"
"车的国家一定有","0","2","2"
"户人口的邑一定","0","2","2"
"的可以增加俸禄","0","2","2"
"百姓可以买爵位","0","2","2"
"追究他们的党羽","0","2","2"
"浑邪王率领几万","0","2","2"
"都依靠政府供给","0","2","2"
"侵占他人财产的","0","2","2"
"占他人财产的人","0","2","2"
"骠骑将军大举出","0","2","2"
"没有产业的贫民","0","2","2"
"千贯钱收取一算","0","2","2"
"贯钱收取一算的","0","2","2"
"财产来帮助政府","0","2","2"
"赐给左庶长的爵","0","2","2"
"给左庶长的爵位","0","2","2"
"水衡都尉主管上","0","2","2"
"衡都尉主管上林","0","2","2"
"赐给他关内侯的","0","2","2"
"天子认为有道理","0","2","2"
"答应了他的请求","0","2","2"
"赏赐都用布帛和","0","2","2"
"赐都用布帛和谷","0","2","2"
"都用布帛和谷物","0","2","2"
"正面的文字为小","0","2","2"
"把他们流放到四","0","2","2"
"他们流放到四方","0","2","2"
"要交三个劳力的","0","2","2"
"的官吏和狡猾的","0","2","2"
"不能安定地生活","0","2","2"
"其正面右边的文","0","2","2"
"正面右边的文字","0","2","2"
"面右边的文字是","0","2","2"
"右边的文字是货","0","2","2"
"因此圣明的君王","0","2","2"
"间的一种有三脊","0","2","2"
"的一种有三脊的","0","2","2"
"一种有三脊的茅","0","2","2"
"童男童女到海上","0","2","2"
"以十月为一年的","0","2","2"
"鲁国人公孙臣上","0","2","2"
"把丹沙化为黄金","0","2","2"
"在谬忌的泰一坛","0","2","2"
"五帝是泰一的辅","0","2","2"
"帝是泰一的辅佐","0","2","2"
"自按照他们的方","0","2","2"
"彗星出现在东井","0","2","2"
"亲自到黄河决口","0","2","2"
"自到黄河决口处","0","2","2"
"到河东祭祀后土","0","2","2"
"到泰山修整封土","0","2","2"
"事交给有关官员","0","2","2"
"交给有关官员讨","0","2","2"
"给有关官员讨论","0","2","2"
"到雍城祭祀五峙","0","2","2"
"在甘泉宫接见单","0","2","2"
"甘泉宫接见单于","0","2","2"
"泉宫接见单于的","0","2","2"
"宫接见单于的朝","0","2","2"
"接见单于的朝见","0","2","2"
"所经过的地方不","0","2","2"
"继承上天的序位","0","2","2"
"这是显而易见的","0","2","2"
"制定祭祀天地的","0","2","2"
"听从了他们的建","0","2","2"
"从了他们的建议","0","2","2"
"以及雍城的五峙","0","2","2"
"没有继嗣的缘故","0","2","2"
"皇太后下诏给有","0","2","2"
"太后下诏给有关","0","2","2"
"后下诏给有关官","0","2","2"
"下诏给有关官员","0","2","2"
"在汾阴建立后土","0","2","2"
"成都侯王商任大","0","2","2"
"都侯王商任大司","0","2","2"
"侯王商任大司马","0","2","2"
"王商任大司马卫","0","2","2"
"商任大司马卫将","0","2","2"
"司马卫将军辅助","0","2","2"
"马卫将军辅助政","0","2","2"
"卫将军辅助政事","0","2","2"
"恢复甘泉的泰时","0","2","2"
"大司马王莽上奏","0","2","2"
"司马王莽上奏说","0","2","2"
"像事奉父亲一样","0","2","2"
"事奉父亲一样事","0","2","2"
"奉父亲一样事奉","0","2","2"
"父亲一样事奉天","0","2","2"
"至时派有关官员","0","2","2"
"星是天帝的车驾","0","2","2"
"宿的位置在朱鸟","0","2","2"
"的位置在朱鸟的","0","2","2"
"位置在朱鸟的鸟","0","2","2"
"天区相对应的分","0","2","2"
"区相对应的分野","0","2","2"
"运行慢出现在西","0","2","2"
"对其惩罚的征兆","0","2","2"
"其惩罚的征兆显","0","2","2"
"惩罚的征兆显示","0","2","2"
"罚的征兆显示在","0","2","2"
"星区对应的分野","0","2","2"
"区对应的分野之","0","2","2"
"行快则兵乱聚于","0","2","2"
"当南金星留在它","0","2","2"
"南金星留在它的","0","2","2"
"金星留在它的南","0","2","2"
"星留在它的南面","0","2","2"
"太阳正当北金星","0","2","2"
"阳正当北金星留","0","2","2"
"正当北金星留在","0","2","2"
"当北金星留在它","0","2","2"
"北金星留在它的","0","2","2"
"金星留在它的北","0","2","2"
"星留在它的北面","0","2","2"
"不当隐没而隐没","0","2","2"
"不当出现而出现","0","2","2"
"火星出现在金星","0","2","2"
"星出现在金星之","0","2","2"
"是破军杀将的征","0","2","2"
"破军杀将的征兆","0","2","2"
"被侵方主管官吏","0","2","2"
"侵方主管官吏死","0","2","2"
"方主管官吏死亡","0","2","2"
"星与金星会合则","0","2","2"
"与水星会合则预","0","2","2"
"水星会合则预示","0","2","2"
"与金星会合则预","0","2","2"
"金星会合则预示","0","2","2"
"示其发生之事大","0","2","2"
"则运行不到应到","0","2","2"
"运行不到应到的","0","2","2"
"行不到应到的宿","0","2","2"
"不到应到的宿度","0","2","2"
"则运行过了应到","0","2","2"
"运行过了应到的","0","2","2"
"行过了应到的宿","0","2","2"
"过了应到的宿度","0","2","2"
"的疆域占验在水","0","2","2"
"疆域占验在水星","0","2","2"
"面观测它们的征","0","2","2"
"观测它们的征候","0","2","2"
"出现提早有旱灾","0","2","2"
"出现过晚有水灾","0","2","2"
"对应的一方不利","0","2","2"
"是金属之体有气","0","2","2"
"金属之体有气散","0","2","2"
"属之体有气散发","0","2","2"
"月亮出现在房宿","0","2","2"
"有云气在光环之","0","2","2"
"所在星区相应的","0","2","2"
"在星区相应的分","0","2","2"
"星区相应的分野","0","2","2"
"区相应的分野地","0","2","2"
"十里显现其征兆","0","2","2"
"有星光几乎近身","0","2","2"
"水星出现在四季","0","2","2"
"出现在四季的第","0","2","2"
"现在四季的第一","0","2","2"
"在四季的第一个","0","2","2"
"四季的第一个月","0","2","2"
"骑将军上官安与","0","2","2"
"大臣有被诛杀的","0","2","2"
"现在楚国的彭城","0","2","2"
"当时皇帝的舅舅","0","2","2"
"年十二月己卯曰","0","2","2"
"彗星出现在牵牛","0","2","2"
"星出现在牵牛宿","0","2","2"
"周朝战胜殷朝后","0","2","2"
"刘向的儿子刘歆","0","2","2"
"还有一种说法是","0","2","2"
"成周洛阳的宣榭","0","2","2"
"周洛阳的宣榭着","0","2","2"
"洛阳的宣榭着火","0","2","2"
"有的配祭于心星","0","2","2"
"有的配祭于味星","0","2","2"
"夏征舒杀了他的","0","2","2"
"五这个数完成的","0","2","2"
"后陈国终于灭亡","0","2","2"
"季氏驱逐了鲁昭","0","2","2"
"氏驱逐了鲁昭公","0","2","2"
"天帝的谴告似乎","0","2","2"
"诛灭了吕氏各王","0","2","2"
"董仲舒的学生吕","0","2","2"
"仲舒的学生吕步","0","2","2"
"舒的学生吕步舒","0","2","2"
"陵园束阙楼的南","0","2","2"
"园束阙楼的南面","0","2","2"
"他的弟弟曲阳侯","0","2","2"
"的弟弟曲阳侯王","0","2","2"
"弟弟曲阳侯王根","0","2","2"
"哥哥的儿子新都","0","2","2"
"哥的儿子新都侯","0","2","2"
"的儿子新都侯王","0","2","2"
"儿子新都侯王莽","0","2","2"
"哀帝的祖母傅太","0","2","2"
"要与成帝的母亲","0","2","2"
"认为不可以这样","0","2","2"
"两个小叔子淫乱","0","2","2"
"出武库中的兵器","0","2","2"
"受到皇帝的宠幸","0","2","2"
"受到的惩罚就是","0","2","2"
"春天与秋天一样","0","2","2"
"就可以知道他的","0","2","2"
"晋国大夫叔向说","0","2","2"
"汉昭帝始元元年","0","2","2"
"陛下在什么地方","0","2","2"
"刘向认为这近似","0","2","2"
"从前周武王讨伐","0","2","2"
"孝元帝的王皇后","0","2","2"
"皇后的儿子为太","0","2","2"
"后的儿子为太子","0","2","2"
"王皇后为皇太后","0","2","2"
"太后的弟弟王凤","0","2","2"
"鼠啃食祭祀用牛","0","2","2"
"时燕剌王刘旦谋","0","2","2"
"燕剌王刘旦谋反","0","2","2"
"剌王刘旦谋反将","0","2","2"
"谋反之事被朝廷","0","2","2"
"反之事被朝廷发","0","2","2"
"之事被朝廷发觉","0","2","2"
"行大规模的打猎","0","2","2"
"派四位将军征伐","0","2","2"
"位将军征伐匈奴","0","2","2"
"贰师将军征伐大","0","2","2"
"师将军征伐大宛","0","2","2"
"黄雀筑巢在树颠","0","2","2"
"严公将要娶齐国","0","2","2"
"公将要娶齐国的","0","2","2"
"将要娶齐国的淫","0","2","2"
"娶齐国的淫荡之","0","2","2"
"国家也几乎灭亡","0","2","2"
"昭帝元凤三年正","0","2","2"
"帝元凤三年正月","0","2","2"
"后果就是疾病流","0","2","2"
"果就是疾病流行","0","2","2"
"出现的妖异就是","0","2","2"
"后来吕太后驾崩","0","2","2"
"大军埋伏在马邑","0","2","2"
"气夹持而合不进","0","2","2"
"阴气夹持阳气而","0","2","2"
"思考问题不宽宏","0","2","2"
"有脂妖与夜妖出","0","2","2"
"脂妖与夜妖出现","0","2","2"
"有黄病吉凶的征","0","2","2"
"黄病吉凶的征兆","0","2","2"
"经常有五行妖孽","0","2","2"
"常有五行妖孽出","0","2","2"
"有五行妖孽出现","0","2","2"
"居上位的人度量","0","2","2"
"上位的人度量不","0","2","2"
"位的人度量不宽","0","2","2"
"的人度量不宽宏","0","2","2"
"有裸虫这种妖孽","0","2","2"
"僖公十六年正月","0","2","2"
"上天警戒像是说","0","2","2"
"这是贪利的应验","0","2","2"
"废后的父亲申侯","0","2","2"
"王札子杀了召伯","0","2","2"
"是国家灭亡的象","0","2","2"
"国家灭亡的象征","0","2","2"
"将会有大昏暗产","0","2","2"
"会有大昏暗产生","0","2","2"
"有篡位杀君的祸","0","2","2"
"篡位杀君的祸患","0","2","2"
"下人伐上的怪异","0","2","2"
"女子变化为男人","0","2","2"
"刘歆以为正月二","0","2","2"
"歆以为正月二日","0","2","2"
"说是朔日而实际","0","2","2"
"出现的灾异就是","0","2","2"
"的灾异就是日食","0","2","2"
"出现的灾异是日","0","2","2"
"董仲舒认为宿星","0","2","2"
"仲舒认为宿星在","0","2","2"
"舒以为宿星在心","0","2","2"
"齐桓公施行霸道","0","2","2"
"刘歆以为三月是","0","2","2"
"打败了周王的军","0","2","2"
"败了周王的军队","0","2","2"
"刘向以为后来晋","0","2","2"
"刘歆以为九月是","0","2","2"
"歆以为九月是周","0","2","2"
"董仲舒以为后来","0","2","2"
"没有比日月更大","0","2","2"
"有比日月更大的","0","2","2"
"比日月更大的了","0","2","2"
"刘歆以为二日是","0","2","2"
"上记载朔日二十","0","2","2"
"年正月辛丑朔日","0","2","2"
"在高位的统治者","0","2","2"
"它的灾异是阳光","0","2","2"
"的灾异是阳光呈","0","2","2"
"的灾异是太阳呈","0","2","2"
"灾异是太阳呈赤","0","2","2"
"异是太阳呈赤色","0","2","2"
"都是由于妇人和","0","2","2"
"是用来除旧布新","0","2","2"
"用来除旧布新的","0","2","2"
"造就是它的效应","0","2","2"
"不就是这样吗?","0","2","2"
"有彗星出现在西","0","2","2"
"彗星出现在西方","0","2","2"
"拒绝别人的规劝","0","2","2"
"二百里远的地方","0","2","2"
"三百里远的地方","0","2","2"
"远的地方缴纳带","0","2","2"
"四周各五百里的","0","2","2"
"能引渠灌溉农田","0","2","2"
"引渠灌溉农田的","0","2","2"
"的男女比例是二","0","2","2"
"男女比例是二男","0","2","2"
"的男女比例是一","0","2","2"
"男女比例是一男","0","2","2"
"附属于诸侯的小","0","2","2"
"属于诸侯的小国","0","2","2"
"大概有一千八百","0","2","2"
"千三百七十七户","0","2","2"
"古文记载认为是","0","2","2"
"行程五百七十里","0","2","2"
"千九百一十二人","0","2","2"
"用来分封大夫毕","0","2","2"
"来分封大夫毕万","0","2","2"
"到琅槐流入大海","0","2","2"
"一千八百四十里","0","2","2"
"王莽时叫上党亭","0","2","2"
"行程七百八十里","0","2","2"
"周后把它的君主","0","2","2"
"后把它的君主迁","0","2","2"
"把它的君主迁到","0","2","2"
"它的君主迁到这","0","2","2"
"行程一千零二十","0","2","2"
"程一千零二十里","0","2","2"
"水首先从狼汤渠","0","2","2"
"首先从狼汤渠接","0","2","2"
"先从狼汤渠接受","0","2","2"
"从狼汤渠接受水","0","2","2"
"狼汤渠接受水源","0","2","2"
"是以前的诸侯国","0","2","2"
"行程一千五百里","0","2","2"
"周武王的弟弟叔","0","2","2"
"到定陵流入汝水","0","2","2"
"属于扬州刺史部","0","2","2"
"中六年另立为济","0","2","2"
"是诸侯王的都城","0","2","2"
"千七百六十四人","0","2","2"
"属于青州刺史部","0","2","2"
"行程五百六十里","0","2","2"
"水向南到下邳县","0","2","2"
"行程九百四十里","0","2","2"
"王莽时叫识命县","0","2","2"
"北到寿光县流入","0","2","2"
"到寿光县流入大","0","2","2"
"寿光县流入大海","0","2","2"
"水向东流入大海","0","2","2"
"行程五百二十里","0","2","2"
"有二十六万八千","0","2","2"
"水向北流入大海","0","2","2"
"由南部都尉治理","0","2","2"
"王莽时叫桓亭县","0","2","2"
"一千九百八十里","0","2","2"
"行程二千五百三","0","2","2"
"程二千五百三十","0","2","2"
"行程五百五十里","0","2","2"
"王莽时叫广信县","0","2","2"
"行程一千零六十","0","2","2"
"一千八百九十里","0","2","2"
"向南到鳖县流入","0","2","2"
"到焚道县流入长","0","2","2"
"武帝元鼎六年新","0","2","2"
"帝元鼎六年新开","0","2","2"
"元鼎六年新开疆","0","2","2"
"鼎六年新开疆土","0","2","2"
"行程七百五十里","0","2","2"
"行程六百五十里","0","2","2"
"到麋泠县流入尚","0","2","2"
"麋泠县流入尚龙","0","2","2"
"泠县流入尚龙溪","0","2","2"
"向东到允吾县流","0","2","2"
"东到允吾县流入","0","2","2"
"侯国的都尉治理","0","2","2"
"武帝太初元年设","0","2","2"
"帝太初元年设置","0","2","2"
"有二万四千三百","0","2","2"
"都尉治理塞外的","0","2","2"
"有三万八千三百","0","2","2"
"向西到沙陵流入","0","2","2"
"西到沙陵流入黄","0","2","2"
"到沙陵流入黄河","0","2","2"
"到泉州流入大海","0","2","2"
"东到文安县流入","0","2","2"
"到文安县流入大","0","2","2"
"六百一十六口人","0","2","2"
"水向东到高阳流","0","2","2"
"向东到高阳流入","0","2","2"
"到高阳流入黄河","0","2","2"
"文帝二年另立为","0","2","2"
"帝二年另立为诸","0","2","2"
"二年另立为诸侯","0","2","2"
"宣帝本始元年改","0","2","2"
"帝本始元年改为","0","2","2"
"五万零二百八十","0","2","2"
"高帝元年另立为","0","2","2"
"一千三百一十四","0","2","2"
"原来秦国的土地","0","2","2"
"有勇力而没有义","0","2","2"
"二千石官员来治","0","2","2"
"千石官员来治理","0","2","2"
"崇尚气节和力量","0","2","2"
"八年没有重罪囚","0","2","2"
"年没有重罪囚犯","0","2","2"
"之间的一个大城","0","2","2"
"间的一个大城市","0","2","2"
"他们的弊端就是","0","2","2"
"所以这裹的百姓","0","2","2"
"也是一个大城市","0","2","2"
"臣屈原遭到谗言","0","2","2"
"又乘船运行大约","0","2","2"
"天子认为说得对","0","2","2"
"给御史大夫张汤","0","2","2"
"陈述对国家有利","0","2","2"
"述对国家有利的","0","2","2"
"把这件事交给了","0","2","2"
"这件事交给了丞","0","2","2"
"件事交给了丞相","0","2","2"
"堤离黄河二十五","0","2","2"
"离黄河二十五里","0","2","2"
"到现在四十多年","0","2","2"
"把它上奏给皇帝","0","2","2"
"脱落的也是二十","0","2","2"
"孔子的七十弟子","0","2","2"
"七十弟子的传人","0","2","2"
"国的就不能全面","0","2","2"
"孔氏壁中的古文","0","2","2"
"到了衰落的时代","0","2","2"
"是七十弟子的学","0","2","2"
"七十弟子的学生","0","2","2"
"是魏文侯的丞相","0","2","2"
"秦国丞相吕不韦","0","2","2"
"加入了扬雄的八","0","2","2"
"入了扬雄的八篇","0","2","2"
"类著作共有一百","0","2","2"
"武臣等人的家属","0","2","2"
"子张敖为成都君","0","2","2"
"宁陵君咎为魏王","0","2","2"
"楚怀王的孙子心","0","2","2"
"这是上天要灭亡","0","2","2"
"上天要灭亡秦朝","0","2","2"
"拥立楚王的后代","0","2","2"
"田角的弟弟田闲","0","2","2"
"留在赵国不敢回","0","2","2"
"立田儋的儿子田","0","2","2"
"田儋的儿子田市","0","2","2"
"不肯出兵帮助楚","0","2","2"
"肯出兵帮助楚军","0","2","2"
"章邯的军队驻扎","0","2","2"
"邯的军队驻扎在","0","2","2"
"诸侯军中的官兵","0","2","2"
"秦兵二十多万人","0","2","2"
"沛公带领一百多","0","2","2"
"公带领一百多骑","0","2","2"
"带领一百多骑兵","0","2","2"
"他没有什么功劳","0","2","2"
"立司马欣为塞王","0","2","2"
"立吴芮为衡山王","0","2","2"
"立田安为济北王","0","2","2"
"田荣自立为齐王","0","2","2"
"汉王回军平定三","0","2","2"
"王回军平定三秦","0","2","2"
"王失去了应得的","0","2","2"
"荣的弟弟田横收","0","2","2"
"对他的骑兵们说","0","2","2"
"是上天要灭亡我","0","2","2"
"答应了他们的请","0","2","2"
"应了他们的请求","0","2","2"
"可以轻而易举地","0","2","2"
"齐王田氏的族人","0","2","2"
"田儋的堂弟田荣","0","2","2"
"收拾齐国的残兵","0","2","2"
"韩王信多次派使","0","2","2"
"王信多次派使者","0","2","2"
"以校尉的身份率","0","2","2"
"作大司马车骑将","0","2","2"
"采用广武君的计","0","2","2"
"用广武君的计策","0","2","2"
"速冲进赵军营垒","0","2","2"
"把汉王紧紧围困","0","2","2"
"汉王紧紧围困在","0","2","2"
"王紧紧围困在荣","0","2","2"
"紧紧围困在荣阳","0","2","2"
"向来了解韩信的","0","2","2"
"不忍心背叛汉王","0","2","2"
"到陈县朝见汉高","0","2","2"
"亲自带兵前往讨","0","2","2"
"自带兵前往讨伐","0","2","2"
"任命彭越为魏国","0","2","2"
"命彭越为魏国的","0","2","2"
"彭越为魏国的相","0","2","2"
"越为魏国的相国","0","2","2"
"一定是认为楚国","0","2","2"
"定是认为楚国强","0","2","2"
"是认为楚国强大","0","2","2"
"大王应当全部出","0","2","2"
"王应当全部出动","0","2","2"
"应当全部出动淮","0","2","2"
"当全部出动淮南","0","2","2"
"全部出动淮南国","0","2","2"
"部出动淮南国的","0","2","2"
"出动淮南国的军","0","2","2"
"动淮南国的军队","0","2","2"
"王还没有离开齐","0","2","2"
"还没有离开齐国","0","2","2"
"这样做是不可取","0","2","2"
"样做是不可取的","0","2","2"
"打败了英布的军","0","2","2"
"败了英布的军队","0","2","2"
"山东地区就不是","0","2","2"
"东地区就不是汉","0","2","2"
"地区就不是汉朝","0","2","2"
"区就不是汉朝所","0","2","2"
"就不是汉朝所有","0","2","2"
"不是汉朝所有了","0","2","2"
"占有敖仓的粮食","0","2","2"
"可以高枕无忧了","0","2","2"
"的军队十分精锐","0","2","2"
"高祖在沛县起兵","0","2","2"
"进攻临江王共尉","0","2","2"
"中不是刘姓而封","0","2","2"
"不是刘姓而封为","0","2","2"
"是刘姓而封为王","0","2","2"
"刘姓而封为王的","0","2","2"
"姓而封为王的有","0","2","2"
"攻打陈稀的叛军","0","2","2"
"淮南王黥布反叛","0","2","2"
"喝到畅快的时候","0","2","2"
"天下同姓是一家","0","2","2"
"断绝吴国的粮饷","0","2","2"
"绝吴国的粮饷供","0","2","2"
"一起拥立楚怀王","0","2","2"
"公一起完成学业","0","2","2"
"有人游说大将军","0","2","2"
"又做了太中大夫","0","2","2"
"太中大夫给事中","0","2","2"
"听从公卿大臣的","0","2","2"
"公卿大臣的意见","0","2","2"
"不要像殷王纣那","0","2","2"
"要像殷王纣那样","0","2","2"
"毁谤先帝所立之","0","2","2"
"谤先帝所立之学","0","2","2"
"与彭越一起谋反","0","2","2"
"没有现存的粮食","0","2","2"
"他们请求我的林","0","2","2"
"们请求我的林苑","0","2","2"
"皇上亲自去探望","0","2","2"
"谁可以代替您呢","0","2","2"
"狱讼和市集贸易","0","2","2"
"解释法律条文深","0","2","2"
"释法律条文深刻","0","2","2"
"谷城山下的黄石","0","2","2"
"攻打杨熊的军队","0","2","2"
"忠言逆耳利于行","0","2","2"
"大臣都是山东人","0","2","2"
"赶走了他的妻子","0","2","2"
"在代攻打韩王信","0","2","2"
"到吕太后的宠幸","0","2","2"
"攻打趟贲的军队","0","2","2"
"作为将军跟着高","0","2","2"
"您是干什么的?","0","2","2"
"断绝他们的粮道","0","2","2"
"皇后的哥哥王信","0","2","2"
"后的哥哥王信为","0","2","2"
"摘下帽子向皇上","0","2","2"
"下帽子向皇上谢","0","2","2"
"帽子向皇上谢罪","0","2","2"
"项羽在彭城打败","0","2","2"
"羽在彭城打败汉","0","2","2"
"在彭城打败汉王","0","2","2"
"樊啥跟随汉高祖","0","2","2"
"樊啥以相国身份","0","2","2"
"啥以相国身份攻","0","2","2"
"以相国身份攻打","0","2","2"
"食邑一千三百户","0","2","2"
"沛公赐给他爵位","0","2","2"
"跟从汉王攻打项","0","2","2"
"以下至六百石共","0","2","2"
"下至六百石共十","0","2","2"
"至六百石共十九","0","2","2"
"六百石共十九人","0","2","2"
"孝惠帝和鲁元公","0","2","2"
"派使者送给匈奴","0","2","2"
"打开包围圈的一","0","2","2"
"开包围圈的一角","0","2","2"
"跟从汉王平定三","0","2","2"
"从汉王平定三秦","0","2","2"
"攻打项羽的将领","0","2","2"
"汉王增加他的食","0","2","2"
"王增加他的食邑","0","2","2"
"增加他的食邑二","0","2","2"
"加他的食邑二千","0","2","2"
"他的食邑二千五","0","2","2"
"的食邑二千五百","0","2","2"
"子刘长为淮南王","0","2","2"
"周昌为御史大夫","0","2","2"
"戚姬之子如意为","0","2","2"
"留侯张良的计策","0","2","2"
"不知用什么计策","0","2","2"
"任敖为御史大夫","0","2","2"
"汉朝建立二十多","0","2","2"
"朝建立二十多年","0","2","2"
"知道天之所以为","0","2","2"
"道天之所以为天","0","2","2"
"天之所以为天的","0","2","2"
"之所以为天的人","0","2","2"
"所以为天的人就","0","2","2"
"郦食其劝说齐王","0","2","2"
"大王知道天下的","0","2","2"
"王知道天下的归","0","2","2"
"认为郦食其欺骗","0","2","2"
"为郦食其欺骗了","0","2","2"
"郦食其欺骗了自","0","2","2"
"食其欺骗了自己","0","2","2"
"自立为西楚霸王","0","2","2"
"陆买为太中大夫","0","2","2"
"天下人没有不知","0","2","2"
"下人没有不知道","0","2","2"
"人没有不知道的","0","2","2"
"高帝亲自率兵去","0","2","2"
"叔孙通归降汉王","0","2","2"
"这对大王很宽厚","0","2","2"
"对大王很宽厚呀","0","2","2"
"委弃封国当平民","0","2","2"
"弃封国当平民百","0","2","2"
"封国当平民百姓","0","2","2"
"棘蒲侯柴武的太","0","2","2"
"蒲侯柴武的太子","0","2","2"
"诸侯及二千石官","0","2","2"
"侯及二千石官吏","0","2","2"
"皇上可怜淮南王","0","2","2"
"于是和太子策划","0","2","2"
"说服丞相公孙弘","0","2","2"
"供出与淮南王谋","0","2","2"
"出与淮南王谋反","0","2","2"
"谋反所用的器物","0","2","2"
"与淮南王谋反有","0","2","2"
"有司要求逮捕衡","0","2","2"
"司要求逮捕衡山","0","2","2"
"谋反的人都被正","0","2","2"
"反的人都被正法","0","2","2"
"求逮捕衡山王治","0","2","2"
"逮捕衡山王治罪","0","2","2"
"衡山王面前诋毁","0","2","2"
"山王面前诋毁太","0","2","2"
"王面前诋毁太子","0","2","2"
"束郭先生和梁石","0","2","2"
"郭先生和梁石君","0","2","2"
"没有人能比得上","0","2","2"
"淮南王又召见伍","0","2","2"
"南王又召见伍被","0","2","2"
"为大王您出谋划","0","2","2"
"大王您出谋划策","0","2","2"
"赵敬肃王刘彭祖","0","2","2"
"车在驰道中行走","0","2","2"
"怀疑身边的人都","0","2","2"
"孔乡侯傅晏与息","0","2","2"
"乡侯傅晏与息夫","0","2","2"
"侯傅晏与息夫躬","0","2","2"
"当时哀帝正患病","0","2","2"
"有大石自动立起","0","2","2"
"通过中常侍宋弘","0","2","2"
"受到皇帝的宠爱","0","2","2"
"儿子去侍奉单子","0","2","2"
"任命阳安侯丁明","0","2","2"
"命阳安侯丁明为","0","2","2"
"阳安侯丁明为大","0","2","2"
"安侯丁明为大司","0","2","2"
"侯丁明为大司马","0","2","2"
"有关部门的官吏","0","2","2"
"官至二千石的有","0","2","2"
"立胶束王为太子","0","2","2"
"不知怎么办才好","0","2","2"
"在位四十年后去","0","2","2"
"位四十年后去世","0","2","2"
"车马服饰的颜色","0","2","2"
"可以为之痛哭的","0","2","2"
"要想使国家长治","0","2","2"
"想使国家长治久","0","2","2"
"采用皇帝的礼仪","0","2","2"
"就像车轮的辐条","0","2","2"
"像车轮的辐条聚","0","2","2"
"车轮的辐条聚集","0","2","2"
"天下人都知道陛","0","2","2"
"下人都知道陛下","0","2","2"
"可以为之流泪的","0","2","2"
"人都认为这样做","0","2","2"
"都认为这样做是","0","2","2"
"认为这样做是对","0","2","2"
"为这样做是对的","0","2","2"
"要想使天下之人","0","2","2"
"想使天下之人不","0","2","2"
"秦朝遗留下来的","0","2","2"
"是理所当然的事","0","2","2"
"私下为陛下惋惜","0","2","2"
"等级制度的原则","0","2","2"
"为之叹息的就是","0","2","2"
"之叹息的就是这","0","2","2"
"有道德学术的人","0","2","2"
"以我必须与他共","0","2","2"
"接受了他的意见","0","2","2"
"是通常所说的功","0","2","2"
"通常所说的功臣","0","2","2"
"不是国家的重臣","0","2","2"
"也因为多次直言","0","2","2"
"送葬的车子有一","0","2","2"
"已经九十多岁了","0","2","2"
"晁错为太子家令","0","2","2"
"曾经入过商人户","0","2","2"
"经入过商人户籍","0","2","2"
"入过商人户籍的","0","2","2"
"募民迁徙到边塞","0","2","2"
"民迁徙到边塞去","0","2","2"
"亲听到这个消息","0","2","2"
"以诛杀晁错为名","0","2","2"
"奉车都尉霍光为","0","2","2"
"车都尉霍光为大","0","2","2"
"都尉霍光为大司","0","2","2"
"尉霍光为大司马","0","2","2"
"霍光为大司马大","0","2","2"
"光为大司马大将","0","2","2"
"大夫田广明为祁","0","2","2"
"夫田广明为祁连","0","2","2"
"田广明为祁连将","0","2","2"
"广明为祁连将军","0","2","2"
"将军赵充国为蒲","0","2","2"
"军赵充国为蒲类","0","2","2"
"赵充国为蒲类将","0","2","2"
"充国为蒲类将军","0","2","2"
"太守田顺为虎牙","0","2","2"
"守田顺为虎牙将","0","2","2"
"田顺为虎牙将军","0","2","2"
"周子南君为周承","0","2","2"
"子南君为周承休","0","2","2"
"南君为周承休侯","0","2","2"
"阳平侯王凤为大","0","2","2"
"平侯王凤为大司","0","2","2"
"侯王凤为大司马","0","2","2"
"淳于长大逆不道","0","2","2"
"定陶恭王为恭皇","0","2","2"
"子丁满为平周侯","0","2","2"
"恭皇太后为帝太","0","2","2"
"皇太后为帝太太","0","2","2"
"太后为帝太太后","0","2","2"
"能直言的各一人","0","2","2"
"孙刘信等三十六","0","2","2"
"刘信等三十六人","0","2","2"
"曾孙刘伦为广德","0","2","2"
"孙刘伦为广德王","0","2","2"
"册立王婕妤为皇","0","2","2"
"立王婕妤为皇后","0","2","2"
"建元六年分为右","0","2","2"
"元六年分为右内","0","2","2"
"六年分为右内史","0","2","2"
"宣帝神爵二年设","0","2","2"
"帝神爵二年设置","0","2","2"
"武帝元鼎三年设","0","2","2"
"帝元鼎三年设置","0","2","2"
"五藏六府痹十二","0","2","2"
"藏六府痹十二病","0","2","2"
"六府痹十二病方","0","2","2"
"有能够引起贪欲","0","2","2"
"能够引起贪欲的","0","2","2"
"够引起贪欲的东","0","2","2"
"引起贪欲的东西","0","2","2"
"却使他的后世子","0","2","2"
"使他的后世子孙","0","2","2"
"他的后世子孙连","0","2","2"
"的君主善于供养","0","2","2"
"为什么会这样呢","0","2","2"
"像翻转手掌那样","0","2","2"
"翻转手掌那样容","0","2","2"
"转手掌那样容易","0","2","2"
"认识的还是不认","0","2","2"
"识的还是不认识","0","2","2"
"的还是不认识的","0","2","2"
"一定能找到人事","0","2","2"
"定能找到人事来","0","2","2"
"能找到人事来印","0","2","2"
"找到人事来印证","0","2","2"
"系统整理和完整","0","2","2"
"案件如果是皇上","0","2","2"
"件如果是皇上想","0","2","2"
"如果是皇上想要","0","2","2"
"君主认为正确的","0","2","2"
"而容易丧失对事","0","2","2"
"容易丧失对事物","0","2","2"
"易丧失对事物的","0","2","2"
"丧失对事物的正","0","2","2"
"失对事物的正确","0","2","2"
"对事物的正确认","0","2","2"
"事物的正确认识","0","2","2"
"不予以认真考虑","0","2","2"
"其实际情况与名","0","2","2"
"实际情况与名声","0","2","2"
"立昌邑王为太子","0","2","2"
"会不会像本始五","0","2","2"
"不会像本始五年","0","2","2"
"过了一年多时间","0","2","2"
"先皇帝的衣冠在","0","2","2"
"皇帝的衣冠在陵","0","2","2"
"帝的衣冠在陵寝","0","2","2"
"的衣冠在陵寝与","0","2","2"
"衣冠在陵寝与祭","0","2","2"
"冠在陵寝与祭庙","0","2","2"
"认为不能这样做","0","2","2"
"帝听从了魏相的","0","2","2"
"听从了魏相的建","0","2","2"
"从了魏相的建议","0","2","2"
"学习张禹的文章","0","2","2"
"犯法所得的贿赂","0","2","2"
"职务上的事情办","0","2","2"
"务上的事情办理","0","2","2"
"上的事情办理得","0","2","2"
"的事情办理得很","0","2","2"
"事情办理得很好","0","2","2"
"也要曲解法律而","0","2","2"
"人听说了这件事","0","2","2"
"把这事下交给大","0","2","2"
"这事下交给大臣","0","2","2"
"事下交给大臣们","0","2","2"
"下交给大臣们商","0","2","2"
"交给大臣们商议","0","2","2"
"如果我们撤回守","0","2","2"
"果我们撤回守卫","0","2","2"
"这是不能这样做","0","2","2"
"是不能这样做的","0","2","2"
"不能这样做的第","0","2","2"
"如果我们接受了","0","2","2"
"果我们接受了投","0","2","2"
"我们接受了投降","0","2","2"
"们接受了投降的","0","2","2"
"一共有两人封侯","0","2","2"
"的名声传遍朝野","0","2","2"
"发生了水旱灾害","0","2","2"
"王氏家族的女儿","0","2","2"
"就会明显地受到","0","2","2"
"德高望重的大臣","0","2","2"
"收藏在保险柜裹","0","2","2"
"高明堪与天公相","0","2","2"
"明堪与天公相配","0","2","2"
"的女儿嫁给了他","0","2","2"
"我从前在担任要","0","2","2"
"从前在担任要职","0","2","2"
"金刀货币的便利","0","2","2"
"那个等候任用的","0","2","2"
"个等候任用的人","0","2","2"
"子爵男爵的封地","0","2","2"
"六项财政经济管","0","2","2"
"项财政经济管理","0","2","2"
"财政经济管理制","0","2","2"
"政经济管理制度","0","2","2"
"就是孔子所说的","0","2","2"
"刚刚即位的时候","0","2","2"
"什么样的人物呢","0","2","2"
"么样的人物呢?","0","2","2"
"陛下即使得到了","0","2","2"
"皇上派汲黯前往","0","2","2"
"上派汲黯前往视","0","2","2"
"派汲黯前往视察","0","2","2"
"匈奴浑邪王率领","0","2","2"
"迎合主上的心意","0","2","2"
"秦朝却不是这样","0","2","2"
"充分发挥自己的","0","2","2"
"听到自己的过失","0","2","2"
"他自己却不知道","0","2","2"
"太平盛世的到来","0","2","2"
"这是我为大王您","0","2","2"
"不过是一句空话","0","2","2"
"那样听信错误的","0","2","2"
"样听信错误的言","0","2","2"
"听信错误的言论","0","2","2"
"即使是随侯之珠","0","2","2"
"听从了他的建议","0","2","2"
"这是我为您深感","0","2","2"
"到一定的时候却","0","2","2"
"吴王不采纳枚乘","0","2","2"
"王不采纳枚乘的","0","2","2"
"不采纳枚乘的建","0","2","2"
"采纳枚乘的建议","0","2","2"
"为百姓解除疾苦","0","2","2"
"的官吏更厉害的","0","2","2"
"的儿子和孙子都","0","2","2"
"舅父的身份被封","0","2","2"
"父的身份被封为","0","2","2"
"那些趋炎附势的","0","2","2"
"韩安国为御史大","0","2","2"
"安国为御史大夫","0","2","2"
"犯了大逆不道的","0","2","2"
"了大逆不道的罪","0","2","2"
"魏其侯所说的为","0","2","2"
"其侯所说的为是","0","2","2"
"梁王派来的使者","0","2","2"
"皇上因为太后的","0","2","2"
"上因为太后的缘","0","2","2"
"因为太后的缘故","0","2","2"
"天下的精兵强将","0","2","2"
"万骑兵进入武州","0","2","2"
"骑兵进入武州塞","0","2","2"
"攻击匈奴的辎重","0","2","2"
"帝前元二年封王","0","2","2"
"在位二十六年薨","0","2","2"
"在位四十三年薨","0","2","2"
"上把这件事交给","0","2","2"
"件事交给廷尉审","0","2","2"
"事交给廷尉审理","0","2","2"
"景帝前元三年封","0","2","2"
"帝前元三年封王","0","2","2"
"相二千石到来的","0","2","2"
"在位二十五年薨","0","2","2"
"在位二十一年薨","0","2","2"
"个骑白马的将领","0","2","2"
"李广担任骁骑将","0","2","2"
"广担任骁骑将军","0","2","2"
"从定襄郡出击匈","0","2","2"
"定襄郡出击匈奴","0","2","2"
"匈奴左贤王带领","0","2","2"
"跟随大将军出击","0","2","2"
"没有些微的功劳","0","2","2"
"我从年轻的时候","0","2","2"
"从年轻的时候起","0","2","2"
"以校尉的身份跟","0","2","2"
"校尉的身份跟随","0","2","2"
"攻打匈奴左贤王","0","2","2"
"以防备匈奴侵犯","0","2","2"
"弩都尉路博德率","0","2","2"
"浞野侯趟破奴的","0","2","2"
"李陵率领步兵五","0","2","2"
"陵率领步兵五千","0","2","2"
"万骑兵包围了李","0","2","2"
"衹顾保全身家性","0","2","2"
"顾保全身家性命","0","2","2"
"保全身家性命的","0","2","2"
"全身家性命的臣","0","2","2"
"身家性命的臣子","0","2","2"
"就是古代名将也","0","2","2"
"也足以光耀天下","0","2","2"
"足以光耀天下了","0","2","2"
"杆将军公孙敖率","0","2","2"
"率领步兵五千人","0","2","2"
"给他衣服和食物","0","2","2"
"上官桀的儿子上","0","2","2"
"官桀的儿子上官","0","2","2"
"桀的儿子上官安","0","2","2"
"的长史杨敞没有","0","2","2"
"长史杨敞没有功","0","2","2"
"史杨敞没有功劳","0","2","2"
"内侯的爵位和三","0","2","2"
"侯的爵位和三百","0","2","2"
"的爵位和三百户","0","2","2"
"大将军博陆侯霍","0","2","2"
"左内史李沮担任","0","2","2"
"内史李沮担任强","0","2","2"
"史李沮担任强弩","0","2","2"
"李沮担任强弩将","0","2","2"
"沮担任强弩将军","0","2","2"
"太仆公孙贺担任","0","2","2"
"三次跟随大将军","0","2","2"
"次跟随大将军出","0","2","2"
"跟随大将军俘获","0","2","2"
"随大将军俘获匈","0","2","2"
"大将军俘获匈奴","0","2","2"
"将军俘获匈奴王","0","2","2"
"两次跟随大将军","0","2","2"
"大将军卫青出征","0","2","2"
"骑兵从陇西出发","0","2","2"
"休屠王的祭天金","0","2","2"
"屠王的祭天金人","0","2","2"
"合骑侯公孙敖因","0","2","2"
"以左庶长的爵位","0","2","2"
"骑将军霍去病率","0","2","2"
"百户加封骠骑将","0","2","2"
"户加封骠骑将军","0","2","2"
"骑将军霍去病各","0","2","2"
"卫青从定襄出发","0","2","2"
"右谷蠡王才去掉","0","2","2"
"谷蠡王才去掉单","0","2","2"
"蠡王才去掉单于","0","2","2"
"以校尉身份随从","0","2","2"
"校尉身份随从大","0","2","2"
"尉身份随从大将","0","2","2"
"以校尉职务随从","0","2","2"
"校尉职务随从大","0","2","2"
"尉职务随从大将","0","2","2"
"职务随从大将军","0","2","2"
"承受天命的凭证","0","2","2"
"可以招致祥瑞的","0","2","2"
"帝王治理天下的","0","2","2"
"王治理天下的道","0","2","2"
"周成王和周康王","0","2","2"
"臣听说圣明的君","0","2","2"
"说圣明的君王治","0","2","2"
"圣明的君王治理","0","2","2"
"明的君王治理天","0","2","2"
"的君王治理天下","0","2","2"
"俸二千石的大官","0","2","2"
"现在却不是这样","0","2","2"
"看到这些渐渐灭","0","2","2"
"到这些渐渐灭亡","0","2","2"
"这些渐渐灭亡和","0","2","2"
"我要虚心改正错","0","2","2"
"要虚心改正错误","0","2","2"
"君臣上下的名分","0","2","2"
"知道自己比万物","0","2","2"
"道自己比万物可","0","2","2"
"自己比万物可贵","0","2","2"
"渐渐昌盛的道理","0","2","2"
"一天比一天混乱","0","2","2"
"而能治理国家的","0","2","2"
"也是可以知道的","0","2","2"
"贪婪卑鄙的行为","0","2","2"
"是汉武帝的哥哥","0","2","2"
"他的儿子和孙子","0","2","2"
"开通去夜郎的道","0","2","2"
"通去夜郎的道路","0","2","2"
"才有异乎寻常的","0","2","2"
"有异乎寻常的事","0","2","2"
"异乎寻常的事业","0","2","2"
"于水深火热之中","0","2","2"
"天子的当务之急","0","2","2"
"飘飘然有凌云的","0","2","2"
"武帝刚刚即位时","0","2","2"
"选贤良文学之士","0","2","2"
"长出谷粒丰满的","0","2","2"
"对待百姓有信义","0","2","2"
"令人憎恶的法令","0","2","2"
"皇上询问公孙弘","0","2","2"
"了解臣的人认为","0","2","2"
"解臣的人认为臣","0","2","2"
"臣的人认为臣是","0","2","2"
"倪宽为御史大夫","0","2","2"
"所得俸禄和赏赐","0","2","2"
"及御史大夫桑弘","0","2","2"
"将军霍光去世后","0","2","2"
"军上官桀父子与","0","2","2"
"对大将军霍光说","0","2","2"
"当时帝舅大将军","0","2","2"
"时帝舅大将军王","0","2","2"
"舅大将军王凤以","0","2","2"
"对大将军王凤说","0","2","2"
"卫尉定陵侯淳于","0","2","2"
"尉定陵侯淳于长","0","2","2"
"定陵侯淳于长有","0","2","2"
"陵侯淳于长有罪","0","2","2"
"获罪被免为庶人","0","2","2"
"的匈奴人说匈奴","0","2","2"
"认为张骞说得对","0","2","2"
"过着定居的生活","0","2","2"
"的身份跟随大将","0","2","2"
"张骞开辟了通往","0","2","2"
"骞开辟了通往西","0","2","2"
"开辟了通往西域","0","2","2"
"辟了通往西域的","0","2","2"
"了通往西域的道","0","2","2"
"从汉武帝时开始","0","2","2"
"派浞野侯赵破奴","0","2","2"
"李广利的妹妹李","0","2","2"
"广利的妹妹李夫","0","2","2"
"利的妹妹李夫人","0","2","2"
"广利为贰师将军","0","2","2"
"那些品行恶劣的","0","2","2"
"些品行恶劣的少","0","2","2"
"品行恶劣的少年","0","2","2"
"贰师将军的部队","0","2","2"
"贰师将军的大部","0","2","2"
"师将军的大部队","0","2","2"
"二千石级官吏的","0","2","2"
"采纳了他的建议","0","2","2"
"使人受到限制而","0","2","2"
"人受到限制而产","0","2","2"
"受到限制而产生","0","2","2"
"到限制而产生许","0","2","2"
"限制而产生许多","0","2","2"
"制而产生许多畏","0","2","2"
"而产生许多畏惧","0","2","2"
"广博而缺少要领","0","2","2"
"费力不少而功效","0","2","2"
"君臣父子之间的","0","2","2"
"臣父子之间的礼","0","2","2"
"父子之间的礼仪","0","2","2"
"夫妇长幼之间的","0","2","2"
"妇长幼之间的区","0","2","2"
"长幼之间的区别","0","2","2"
"这是各家学说也","0","2","2"
"是各家学说也不","0","2","2"
"各家学说也不能","0","2","2"
"对此我感到十分","0","2","2"
"抒发内心的愤懑","0","2","2"
"左丘明双目失明","0","2","2"
"皇后弟弟的儿子","0","2","2"
"建立你这个国家","0","2","2"
"代做汉朝的藩篱","0","2","2"
"做汉朝的藩篱辅","0","2","2"
"汉朝的藩篱辅翼","0","2","2"
"你这个国王可要","0","2","2"
"这个国王可要警","0","2","2"
"个国王可要警惕","0","2","2"
"国王可要警惕啊","0","2","2"
"接受了英明的诏","0","2","2"
"了刘泽等人的阴","0","2","2"
"刘泽等人的阴谋","0","2","2"
"姐鄂邑盖长公主","0","2","2"
"帝上书告发霍光","0","2","2"
"用绶带自绞而死","0","2","2"
"后来昌邑王被废","0","2","2"
"对姬妾南等人说","0","2","2"
"大臣们进行商议","0","2","2"
"假托朝廷命令行","0","2","2"
"托朝廷命令行事","0","2","2"
"背着烹调用的鼎","0","2","2"
"上疏谈论政事的","0","2","2"
"想接受声威教化","0","2","2"
"接受声威教化的","0","2","2"
"受声威教化的就","0","2","2"
"议论石显的短处","0","2","2"
"议论国家政事的","0","2","2"
"论国家政事的得","0","2","2"
"国家政事的得失","0","2","2"
"自己才能的人数","0","2","2"
"背诵了二十二万","0","2","2"
"于是得到武帝的","0","2","2"
"将此事上奏皇帝","0","2","2"
"这是不能建上林","0","2","2"
"是不能建上林苑","0","2","2"
"不能建上林苑的","0","2","2"
"能建上林苑的第","0","2","2"
"赏赐黄金一百斤","0","2","2"
"隆虑公主的儿子","0","2","2"
"天下没有不知道","0","2","2"
"应该让他自己去","0","2","2"
"没有人臣的礼节","0","2","2"
"献出自己的全部","0","2","2"
"皇后姐姐的儿子","0","2","2"
"指使巫师在祭祀","0","2","2"
"祭祀时诅咒皇上","0","2","2"
"二千石以下官吏","0","2","2"
"左丞相刘屈牦的","0","2","2"
"丞相刘屈牦的军","0","2","2"
"相刘屈牦的军队","0","2","2"
"将军李广利率兵","0","2","2"
"儿子玩弄父亲的","0","2","2"
"子玩弄父亲的军","0","2","2"
"玩弄父亲的军队","0","2","2"
"霍光与车骑将军","0","2","2"
"光与车骑将军张","0","2","2"
"让大司农田延年","0","2","2"
"任子制度被任命","0","2","2"
"子制度被任命为","0","2","2"
"制度被任命为郎","0","2","2"
"度被任命为郎官","0","2","2"
"妻子儿女流放到","0","2","2"
"代替于定国做了","0","2","2"
"万年的儿子陈咸","0","2","2"
"这时中书令石显","0","2","2"
"云上书为自己辩","0","2","2"
"在所任职的地方","0","2","2"
"为光禄大夫给事","0","2","2"
"所以圣明的君王","0","2","2"
"下了他们的奏章","0","2","2"
"贡禹任御史大夫","0","2","2"
"九江郡寿春县人","0","2","2"
"遵循高祖皇帝的","0","2","2"
"循高祖皇帝的法","0","2","2"
"高祖皇帝的法令","0","2","2"
"祖皇帝的法令制","0","2","2"
"皇帝的法令制度","0","2","2"
"保全别人会保全","0","2","2"
"全别人会保全自","0","2","2"
"别人会保全自己","0","2","2"
"的后裔为诸侯王","0","2","2"
"宋国的嫡系后裔","0","2","2"
"良家子弟善于骑","0","2","2"
"家子弟善于骑马","0","2","2"
"子弟善于骑马射","0","2","2"
"弟善于骑马射箭","0","2","2"
"善于骑马射箭被","0","2","2"
"赵充国率领四万","0","2","2"
"义渠安国出使巡","0","2","2"
"渠安国出使巡视","0","2","2"
"安国出使巡视各","0","2","2"
"告诉各差人部落","0","2","2"
"万人投降了匈奴","0","2","2"
"用兵的利害关系","0","2","2"
"不是臣下所能比","0","2","2"
"是臣下所能比得","0","2","2"
"臣下所能比得上","0","2","2"
"下所能比得上的","0","2","2"
"制服敌人的战术","0","2","2"
"把他们的妻子儿","0","2","2"
"人小规模地入侵","0","2","2"
"千多人投降了汉","0","2","2"
"多人投降了汉朝","0","2","2"
"羌将军辛武贤在","0","2","2"
"重续功臣的后代","0","2","2"
"轻时因为父亲的","0","2","2"
"时因为父亲的关","0","2","2"
"被征召任命为光","0","2","2"
"征召任命为光禄","0","2","2"
"召任命为光禄大","0","2","2"
"升为左曹中郎将","0","2","2"
"二千石的有十多","0","2","2"
"千石的有十多人","0","2","2"
"等到吕宽的事情","0","2","2"
"两个壮士从后面","0","2","2"
"封傅介子为义阳","0","2","2"
"傅介子为义阳侯","0","2","2"
"侯以下的五万多","0","2","2"
"以下的五万多骑","0","2","2"
"下的五万多骑兵","0","2","2"
"的五万多骑兵从","0","2","2"
"五万多骑兵从西","0","2","2"
"俘获了单于的父","0","2","2"
"单于和郅支单于","0","2","2"
"后来呼韩邪单于","0","2","2"
"郅支单于以为呼","0","2","2"
"支单于以为呼韩","0","2","2"
"单于以为呼韩邪","0","2","2"
"这是他们的天性","0","2","2"
"的头悬挂在稿街","0","2","2"
"郅支单于的脑袋","0","2","2"
"于万里之外的地","0","2","2"
"万里之外的地方","0","2","2"
"杀害了汉朝使者","0","2","2"
"楚国有子玉得臣","0","2","2"
"未曾有过这样的","0","2","2"
"被关在牢裹很久","0","2","2"
"关在牢裹很久了","0","2","2"
"西域有城镇的国","0","2","2"
"域有城镇的国家","0","2","2"
"有城镇的国家以","0","2","2"
"城镇的国家以及","0","2","2"
"镇的国家以及敦","0","2","2"
"的国家以及敦煌","0","2","2"
"国家以及敦煌的","0","2","2"
"家以及敦煌的军","0","2","2"
"以及敦煌的军队","0","2","2"
"大将军王凤上奏","0","2","2"
"赐给关内侯爵位","0","2","2"
"当时成都侯王商","0","2","2"
"不是他所应当说","0","2","2"
"是他所应当说的","0","2","2"
"犯了大不敬的罪","0","2","2"
"戊己校尉的军队","0","2","2"
"安定了他的国家","0","2","2"
"末振将的太子番","0","2","2"
"振将的太子番丘","0","2","2"
"中二千石等官吏","0","2","2"
"束海郡兰陵县人","0","2","2"
"上书请求告老还","0","2","2"
"书请求告老还乡","0","2","2"
"诸侯王国的人不","0","2","2"
"皇室的禁卫工作","0","2","2"
"逢元寿元年正月","0","2","2"
"年正月初一出现","0","2","2"
"正月初一出现日","0","2","2"
"月初一出现日食","0","2","2"
"难道是因为其身","0","2","2"
"道是因为其身为","0","2","2"
"是因为其身为公","0","2","2"
"因为其身为公卿","0","2","2"
"为其身为公卿吗","0","2","2"
"这非古之有道之","0","2","2"
"听说圣明的君主","0","2","2"
"汉元帝即位不久","0","2","2"
"王骏为御史大夫","0","2","2"
"入朝为御史大夫","0","2","2"
"审理和判决案件","0","2","2"
"大司马卫将军王","0","2","2"
"司马卫将军王商","0","2","2"
"赤眉军攻入长安","0","2","2"
"也因为精通经术","0","2","2"
"被提拔为谏大夫","0","2","2"
"应当做韦家的继","0","2","2"
"当做韦家的继承","0","2","2"
"做韦家的继承人","0","2","2"
"我那英俊的长兄","0","2","2"
"于定国做了丞相","0","2","2"
"哀帝做定陶王的","0","2","2"
"帝做定陶王的时","0","2","2"
"做定陶王的时候","0","2","2"
"皇帝所在的地方","0","2","2"
"各诸侯国的宗庙","0","2","2"
"过的地方建立宗","0","2","2"
"明的君王制定礼","0","2","2"
"的祭庙万世不毁","0","2","2"
"受命于天而称王","0","2","2"
"亲属关系疏远了","0","2","2"
"后稷最早受封建","0","2","2"
"稷最早受封建国","0","2","2"
"世世代代不毁弃","0","2","2"
"亲子孙都已死尽","0","2","2"
"皇考庙因为亲子","0","2","2"
"考庙因为亲子孙","0","2","2"
"亲子孙还没有死","0","2","2"
"子孙还没有死尽","0","2","2"
"四边的少数民族","0","2","2"
"高皇帝为汉太祖","0","2","2"
"孝文皇帝为太宗","0","2","2"
"孝宣皇帝是孝昭","0","2","2"
"宣皇帝是孝昭皇","0","2","2"
"皇帝是孝昭皇帝","0","2","2"
"庙因为亲子孙没","0","2","2"
"因为亲子孙没有","0","2","2"
"为亲子孙没有死","0","2","2"
"亲子孙没有死尽","0","2","2"
"神主迁到太祖庙","0","2","2"
"主迁到太祖庙中","0","2","2"
"于天的开国君主","0","2","2"
"大臣们都认为这","0","2","2"
"太上皇的陵寝祭","0","2","2"
"上皇的陵寝祭庙","0","2","2"
"害中原由来已久","0","2","2"
"向西攻打大宛国","0","2","2"
"加上太祖的庙共","0","2","2"
"上太祖的庙共有","0","2","2"
"掌领尚书省事务","0","2","2"
"他哥哥的儿子做","0","2","2"
"广泛地教化人民","0","2","2"
"方卦位上的神不","0","2","2"
"国家大事的根本","0","2","2"
"分别掌管一个季","0","2","2"
"别掌管一个季节","0","2","2"
"犯罪被削爵为关","0","2","2"
"罪被削爵为关内","0","2","2"
"于是漠武帝就派","0","2","2"
"做了光禄大夫给","0","2","2"
"了光禄大夫给事","0","2","2"
"胡虏所入侵的边","0","2","2"
"虏所入侵的边郡","0","2","2"
"在成帝鸿嘉元年","0","2","2"
"给丞相和御史大","0","2","2"
"因为通晓经术而","0","2","2"
"有臣下图谋皇帝","0","2","2"
"臣下图谋皇帝的","0","2","2"
"下图谋皇帝的事","0","2","2"
"图谋皇帝的事发","0","2","2"
"谋皇帝的事发生","0","2","2"
"发生人吃人的惨","0","2","2"
"生人吃人的惨剧","0","2","2"
"实行考察官吏政","0","2","2"
"千石以下的官吏","0","2","2"
"坐着驿传的马车","0","2","2"
"上了一封密封的","0","2","2"
"看不见星的灾异","0","2","2"
"那么朝见的人是","0","2","2"
"帝左右的人是邪","0","2","2"
"左右的人是邪的","0","2","2"
"即使侍奉皇帝左","0","2","2"
"使侍奉皇帝左右","0","2","2"
"年二月戊午那天","0","2","2"
"同姓的大臣表示","0","2","2"
"的舅舅曲阳侯王","0","2","2"
"舅舅曲阳侯王根","0","2","2"
"舅曲阳侯王根做","0","2","2"
"如发生上述异象","0","2","2"
"没有谁能赶得上","0","2","2"
"萧望之上奏弹劾","0","2","2"
"这时大将军霍光","0","2","2"
"郡中官吏和百姓","0","2","2"
"的三个儿子都做","0","2","2"
"三个儿子都做了","0","2","2"
"官吏和百姓都很","0","2","2"
"各县都有贤明的","0","2","2"
"县都有贤明的长","0","2","2"
"认为他很不寻常","0","2","2"
"张敞的孙子张竦","0","2","2"
"公卿大夫博士议","0","2","2"
"卿大夫博士议郎","0","2","2"
"大将军王凤辅佐","0","2","2"
"将军王凤辅佐政","0","2","2"
"军王凤辅佐政事","0","2","2"
"选择忠诚贤能的","0","2","2"
"的弟弟成都侯商","0","2","2"
"弟弟成都侯商又","0","2","2"
"俸禄为中二千石","0","2","2"
"递上密封的奏章","0","2","2"
"上密封的奏章说","0","2","2"
"位尊贵责任重大","0","2","2"
"皇太太后的父亲","0","2","2"
"太后的父亲为崇","0","2","2"
"后的父亲为崇祖","0","2","2"
"的父亲为崇祖侯","0","2","2"
"侯的封号改为汝","0","2","2"
"是大司马车骑将","0","2","2"
"被关进监狱而死","0","2","2"
"曲阳侯王根为大","0","2","2"
"阳侯王根为大司","0","2","2"
"侯王根为大司马","0","2","2"
"王根为大司马骠","0","2","2"
"根为大司马骠骑","0","2","2"
"官吏和百姓都称","0","2","2"
"中山孝王的母亲","0","2","2"
"山孝王的母亲冯","0","2","2"
"孝王的母亲冯太","0","2","2"
"王的母亲冯太后","0","2","2"
"的母亲冯太后一","0","2","2"
"母亲冯太后一同","0","2","2"
"亲冯太后一同侍","0","2","2"
"冯太后一同侍奉","0","2","2"
"太后一同侍奉元","0","2","2"
"后一同侍奉元帝","0","2","2"
"称颂王莽的功德","0","2","2"
"车骑将军王音在","0","2","2"
"地位卑贱的女子","0","2","2"
"就把这件事告诉","0","2","2"
"着官吏们的短处","0","2","2"
"后来迁徙到杜陵","0","2","2"
"追逐利益的欲望","0","2","2"
"他们的逐利之欲","0","2","2"
"他们的守义之心","0","2","2"
"人可以和他一起","0","2","2"
"裹的人都称赞他","0","2","2"
"汉朝的外孙元贵","0","2","2"
"朝的外孙元贵靡","0","2","2"
"帝下诏让公卿商","0","2","2"
"下诏让公卿商议","0","2","2"
"公主在乌孙四十","0","2","2"
"皇帝认为萧望之","0","2","2"
"帝认为萧望之的","0","2","2"
"位置在诸侯王之","0","2","2"
"置在诸侯王之上","0","2","2"
"史高为大司马车","0","2","2"
"高为大司马车骑","0","2","2"
"前将军萧望之教","0","2","2"
"有关部门请求废","0","2","2"
"赏赐黄金二十斤","0","2","2"
"增加俸禄和赏赐","0","2","2"
"冯奉世以卫候的","0","2","2"
"奉世以卫候的身","0","2","2"
"世以卫候的身份","0","2","2"
"又发兵攻打车师","0","2","2"
"冯奉世任执金吾","0","2","2"
"护军都尉韩昌为","0","2","2"
"阳平侯王凤任大","0","2","2"
"为父亲的关系任","0","2","2"
"舅冯参为宜乡侯","0","2","2"
"他们推荐给朝廷","0","2","2"
"有关部门上奏请","0","2","2"
"关部门上奏请求","0","2","2"
"部门上奏请求逮","0","2","2"
"门上奏请求逮捕","0","2","2"
"上奏请求逮捕刘","0","2","2"
"舅张博多次给您","0","2","2"
"张博多次给您书","0","2","2"
"博多次给您书信","0","2","2"
"天地间的生命人","0","2","2"
"封刘婴为定安公","0","2","2"
"因为他是最亲近","0","2","2"
"为他是最亲近的","0","2","2"
"他是最亲近的亲","0","2","2"
"难道可以忽略吗","0","2","2"
"子刘景为定陶王","0","2","2"
"侯的儿子刘成都","0","2","2"
"的儿子刘成都为","0","2","2"
"儿子刘成都为中","0","2","2"
"远离京师的地方","0","2","2"
"离京师的地方作","0","2","2"
"京师的地方作官","0","2","2"
"乐陵侯史高以外","0","2","2"
"陵侯史高以外戚","0","2","2"
"任命为大司马车","0","2","2"
"命为大司马车骑","0","2","2"
"调理好百姓万物","0","2","2"
"理好百姓万物的","0","2","2"
"好百姓万物的情","0","2","2"
"百姓万物的情性","0","2","2"
"封地边界的事情","0","2","2"
"舅舅阳平侯王凤","0","2","2"
"不要违背我的心","0","2","2"
"要违背我的心意","0","2","2"
"赏赐黄金二百斤","0","2","2"
"的祖母傅太后暗","0","2","2"
"祖母傅太后暗地","0","2","2"
"母傅太后暗地裹","0","2","2"
"暗地裹为定陶王","0","2","2"
"地裹为定陶王谋","0","2","2"
"裹为定陶王谋求","0","2","2"
"下大逆不道的罪","0","2","2"
"成帝的母亲太皇","0","2","2"
"帝的母亲太皇太","0","2","2"
"帝的祖母定陶傅","0","2","2"
"大司空师丹上奏","0","2","2"
"侍中驸马都尉傅","0","2","2"
"中驸马都尉傅迁","0","2","2"
"可以担任尚书令","0","2","2"
"免去傅嘉的官职","0","2","2"
"王莽篡夺皇位后","0","2","2"
"召集公卿大臣商","0","2","2"
"集公卿大臣商议","0","2","2"
"上奏书揭发王商","0","2","2"
"想要把她纳入后","0","2","2"
"要把她纳入后宫","0","2","2"
"太中大夫蜀郡人","0","2","2"
"中大夫蜀郡人张","0","2","2"
"大夫蜀郡人张匡","0","2","2"
"左将军史丹等人","0","2","2"
"怀疑是王商教唆","0","2","2"
"自从汉朝兴起以","0","2","2"
"作为臣子不忠实","0","2","2"
"由于是外家亲属","0","2","2"
"四马所拉的安车","0","2","2"
"任驸马都尉侍中","0","2","2"
"上认为他的话是","0","2","2"
"认为他的话是对","0","2","2"
"为他的话是对的","0","2","2"
"都是这一类的事","0","2","2"
"赐予关内侯的爵","0","2","2"
"予关内侯的爵位","0","2","2"
"交上将军的印信","0","2","2"
"共有四个人封侯","0","2","2"
"帝刚刚登上帝位","0","2","2"
"帝的舅舅阳安侯","0","2","2"
"的舅舅阳安侯丁","0","2","2"
"舅舅阳安侯丁明","0","2","2"
"外家亲属而受封","0","2","2"
"上大司马的印信","0","2","2"
"以奉朝请的名义","0","2","2"
"奉朝请的名义参","0","2","2"
"朝请的名义参加","0","2","2"
"请的名义参加朝","0","2","2"
"的名义参加朝会","0","2","2"
"太后有亲属关系","0","2","2"
"王莽败亡后就断","0","2","2"
"莽败亡后就断绝","0","2","2"
"败亡后就断绝了","0","2","2"
"社会的道德规范","0","2","2"
"廉洁的官吏狱掾","0","2","2"
"洁的官吏狱掾王","0","2","2"
"的官吏狱掾王立","0","2","2"
"到现在已经很久","0","2","2"
"现在已经很久了","0","2","2"
"识别人的贤愚善","0","2","2"
"别人的贤愚善恶","0","2","2"
"判处完刑和城旦","0","2","2"
"处完刑和城旦的","0","2","2"
"完刑和城旦的刑","0","2","2"
"刑和城旦的刑罚","0","2","2"
"的盗贼以及其他","0","2","2"
"冠以将军的称号","0","2","2"
"设置三公的官位","0","2","2"
"任大司马骠骑将","0","2","2"
"免去傅喜的侯位","0","2","2"
"和御史大夫趟玄","0","2","2"
"关押犯人的牢狱","0","2","2"
"押犯人的牢狱裹","0","2","2"
"犯人的牢狱裹去","0","2","2"
"谒见丞相和御史","0","2","2"
"替大将军王凤辅","0","2","2"
"因为皇太后的缘","0","2","2"
"为皇太后的缘故","0","2","2"
"王莽暂居皇帝之","0","2","2"
"莽暂居皇帝之位","0","2","2"
"周公辅佐成王的","0","2","2"
"军成武侯孙建为","0","2","2"
"如同周公的旧例","0","2","2"
"敢不尽力完成祖","0","2","2"
"不尽力完成祖宗","0","2","2"
"诸侯王公列卿大","0","2","2"
"侯王公列卿大夫","0","2","2"
"王公列卿大夫元","0","2","2"
"公列卿大夫元士","0","2","2"
"列卿大夫元士御","0","2","2"
"卿大夫元士御事","0","2","2"
"大夫桓谭等人颁","0","2","2"
"夫桓谭等人颁布","0","2","2"
"推举敢于直言的","0","2","2"
"举敢于直言的人","0","2","2"
"众多吉祥的征兆","0","2","2"
"不合事理的谬论","0","2","2"
"能深察愚臣我的","0","2","2"
"深察愚臣我的话","0","2","2"
"在卑贱的人中间","0","2","2"
"得到承继的子孙","0","2","2"
"成都侯王商代替","0","2","2"
"做了大司马卫将","0","2","2"
"了大司马卫将军","0","2","2"
"臣谷永有幸得以","0","2","2"
"丧失为臣之礼的","0","2","2"
"主可与他一起做","0","2","2"
"与他一起做善事","0","2","2"
"事而不能与他一","0","2","2"
"而不能与他一起","0","2","2"
"不能与他一起做","0","2","2"
"与他一起做恶事","0","2","2"
"府一样举拔官吏","0","2","2"
"同等对待自己的","0","2","2"
"太后堂弟的女儿","0","2","2"
"皇后的父亲孔乡","0","2","2"
"后的父亲孔乡侯","0","2","2"
"的父亲孔乡侯傅","0","2","2"
"父亲孔乡侯傅晏","0","2","2"
"做大司马卫将军","0","2","2"
"做大司马骠骑将","0","2","2"
"大司马新都侯王","0","2","2"
"司马新都侯王莽","0","2","2"
"把政权委托给外","0","2","2"
"政权委托给外戚","0","2","2"
"射策甲科做了郎","0","2","2"
"何武的弟弟何显","0","2","2"
"二千石的大官吏","0","2","2"
"何寿哥哥的儿子","0","2","2"
"曲阳侯王根推荐","0","2","2"
"王莽做了大司马","0","2","2"
"向鬼神祈祷诅咒","0","2","2"
"上密封的奏书说","0","2","2"
"前定陵侯淳于长","0","2","2"
"我登上皇位以来","0","2","2"
"百姓因此虚假邪","0","2","2"
"姓因此虚假邪恶","0","2","2"
"五个二千石官吏","0","2","2"
"个二千石官吏共","0","2","2"
"二千石官吏共同","0","2","2"
"迷乱国家欺罔皇","0","2","2"
"乱国家欺罔皇上","0","2","2"
"国家欺罔皇上不","0","2","2"
"家欺罔皇上不守","0","2","2"
"欺罔皇上不守道","0","2","2"
"罔皇上不守道义","0","2","2"
"在京师修建宗庙","0","2","2"
"进奏密封的奏书","0","2","2"
"像弟子一样受业","0","2","2"
"没有不受感动的","0","2","2"
"官至大司马车骑","0","2","2"
"至大司马车骑将","0","2","2"
"以博士身份讲论","0","2","2"
"博士身份讲论于","0","2","2"
"士身份讲论于石","0","2","2"
"在皇上面前争论","0","2","2"
"儿子尹咸和翟方","0","2","2"
"子尹咸和翟方进","0","2","2"
"提升为光禄大夫","0","2","2"
"民得以休养生息","0","2","2"
"事情的来龙去脉","0","2","2"
"昌邑王刘贺继承","0","2","2"
"太后听说了这件","0","2","2"
"后听说了这件事","0","2","2"
"赏赐给郅都黄金","0","2","2"
"赐给郅都黄金一","0","2","2"
"给郅都黄金一百","0","2","2"
"郅都黄金一百斤","0","2","2"
"把他送进了监狱","0","2","2"
"色弹丸的去杀害","0","2","2"
"各有不同的等级","0","2","2"
"郭解姐姐的儿子","0","2","2"
"询问其中的原因","0","2","2"
"槐里地方的大盗","0","2","2"
"里地方的大盗贼","0","2","2"
"这些事都发生在","0","2","2"
"为父亲守丧三年","0","2","2"
"用驿车送到长安","0","2","2"
"李延年的弟弟李","0","2","2"
"延年的弟弟李季","0","2","2"
"得到的赏赐以及","0","2","2"
"王根哥哥的儿子","0","2","2"
"长定宫的许皇后","0","2","2"
"令将作大匠为董","0","2","2"
"将作大匠为董贤","0","2","2"
"作大匠为董贤在","0","2","2"
"抵御外侮安定远","0","2","2"
"御外侮安定远方","0","2","2"
"大司徒孔光上奏","0","2","2"
"儿子便娶后母为","0","2","2"
"子便娶后母为妻","0","2","2"
"匈奴人不敢侵入","0","2","2"
"冒顿率人出去打","0","2","2"
"顿率人出去打猎","0","2","2"
"用呜镝射向自己","0","2","2"
"呜镝射向自己的","0","2","2"
"身边的人都跟着","0","2","2"
"高帝围困在平城","0","2","2"
"皇族女儿冒称公","0","2","2"
"族女儿冒称公主","0","2","2"
"女儿冒称公主去","0","2","2"
"汉朝与匈奴约为","0","2","2"
"朝与匈奴约为兄","0","2","2"
"与匈奴约为兄弟","0","2","2"
"居住在原来的地","0","2","2"
"住在原来的地方","0","2","2"
"匈奴大单于敬问","0","2","2"
"以防备匈奴入侵","0","2","2"
"与汉朝的和亲关","0","2","2"
"汉朝的和亲关系","0","2","2"
"三位将军率军分","0","2","2"
"位将军率军分别","0","2","2"
"将军率军分别驻","0","2","2"
"军率军分别驻扎","0","2","2"
"率军分别驻扎在","0","2","2"
"的弟弟左谷蠡王","0","2","2"
"匈奴一万九千多","0","2","2"
"奴一万九千多人","0","2","2"
"汉朝派骠骑将军","0","2","2"
"扣留汉朝的使者","0","2","2"
"到汉朝去做人质","0","2","2"
"又派因杆将军公","0","2","2"
"派强弩都尉路博","0","2","2"
"弩都尉路博德在","0","2","2"
"师将军李广利攻","0","2","2"
"把自己的女儿嫁","0","2","2"
"自己的女儿嫁给","0","2","2"
"单于病得快要死","0","2","2"
"于病得快要死了","0","2","2"
"重合侯莽通率领","0","2","2"
"听说后十分担忧","0","2","2"
"请求与汉朝和亲","0","2","2"
"率领四万多骑兵","0","2","2"
"出边塞一千二百","0","2","2"
"边塞一千二百多","0","2","2"
"塞一千二百多里","0","2","2"
"减轻他们的罪过","0","2","2"
"封常惠为长罗侯","0","2","2"
"他的弟弟左贤王","0","2","2"
"分别率领一万骑","0","2","2"
"别率领一万骑兵","0","2","2"
"的有十分之六七","0","2","2"
"虚闾权渠单于的","0","2","2"
"立自己的小儿子","0","2","2"
"攻打呼韩邪单于","0","2","2"
"回到了匈奴王庭","0","2","2"
"把他们留在单于","0","2","2"
"他们留在单于王","0","2","2"
"们留在单于王庭","0","2","2"
"以防备呼韩邪单","0","2","2"
"防备呼韩邪单于","0","2","2"
"自立为乌藉单于","0","2","2"
"屠耆单于听说了","0","2","2"
"率领自己手下的","0","2","2"
"吞并了他的军队","0","2","2"
"汉朝派车骑都尉","0","2","2"
"朝派车骑都尉韩","0","2","2"
"派车骑都尉韩昌","0","2","2"
"地位在诸侯王之","0","2","2"
"位在诸侯王之上","0","2","2"
"单于入侍的儿子","0","2","2"
"生了一个儿子名","0","2","2"
"了一个儿子名叫","0","2","2"
"立雕陶莫皋为单","0","2","2"
"雕陶莫皋为单于","0","2","2"
"复株案若千单于","0","2","2"
"父亲呼韩邪单于","0","2","2"
"夏侯藩向匈奴索","0","2","2"
"侯藩向匈奴索要","0","2","2"
"藩向匈奴索要土","0","2","2"
"向匈奴索要土地","0","2","2"
"五万骑兵攻打匈","0","2","2"
"骑兵攻打匈奴的","0","2","2"
"的人能在近乎没","0","2","2"
"人能在近乎没有","0","2","2"
"在事情还没有发","0","2","2"
"事情还没有发生","0","2","2"
"及妻子入朝侍奉","0","2","2"
"王昭君的女儿须","0","2","2"
"西域的车师后王","0","2","2"
"王萌到西域的恶","0","2","2"
"萌到西域的恶都","0","2","2"
"到西域的恶都奴","0","2","2"
"会集西域各国国","0","2","2"
"集西域各国国王","0","2","2"
"解下原来的玺印","0","2","2"
"下原来的玺印绶","0","2","2"
"己校尉史陈良和","0","2","2"
"校尉史陈良和终","0","2","2"
"尉史陈良和终带","0","2","2"
"孝单于咸的儿子","0","2","2"
"单于咸的儿子角","0","2","2"
"各少数民族首领","0","2","2"
"大约有好几千里","0","2","2"
"将朝廷的意图告","0","2","2"
"朝廷的意图告诉","0","2","2"
"汉朝派遣水衡都","0","2","2"
"朝派遣水衡都尉","0","2","2"
"与大鸿胪田广明","0","2","2"
"和解蛮夷王侯的","0","2","2"
"派宁始将军廉丹","0","2","2"
"发兵攻打长沙国","0","2","2"
"兵攻打长沙国的","0","2","2"
"攻打长沙国的边","0","2","2"
"打长沙国的边境","0","2","2"
"将军隆虑侯周灶","0","2","2"
"您在真定的兄弟","0","2","2"
"汉朝军队还没越","0","2","2"
"无诸和摇率领粤","0","2","2"
"诸和摇率领粤人","0","2","2"
"楼船将军的部队","0","2","2"
"向楼船将军投降","0","2","2"
"顺塔里木河西行","0","2","2"
"塔里木河西行至","0","2","2"
"道西越葱岭可到","0","2","2"
"西越葱岭可到大","0","2","2"
"西北到西域都护","0","2","2"
"护治所乌垒城一","0","2","2"
"治所乌垒城一千","0","2","2"
"所乌垒城一千七","0","2","2"
"乌垒城一千七百","0","2","2"
"所乌垒城二千二","0","2","2"
"乌垒城二千二百","0","2","2"
"北到酉塑都护治","0","2","2"
"到酉塑都护治所","0","2","2"
"酉塑都护治所昼","0","2","2"
"所乌垒城二千七","0","2","2"
"乌垒城二千七百","0","2","2"
"所乌垒城二千八","0","2","2"
"乌垒城二千八百","0","2","2"
"治所乌垒城三千","0","2","2"
"束到长安九千九","0","2","2"
"到长安九千九百","0","2","2"
"所乌垒城五千零","0","2","2"
"到莎车五百四十","0","2","2"
"到无雷五百四十","0","2","2"
"无雷五百四十里","0","2","2"
"到长安一万零一","0","2","2"
"长安一万零一百","0","2","2"
"安一万零一百五","0","2","2"
"一万零一百五十","0","2","2"
"万零一百五十里","0","2","2"
"军队三百五十人","0","2","2"
"东北到酉球都护","0","2","2"
"北到酉球都护治","0","2","2"
"酉球都护治所乌","0","2","2"
"到长安一万二千","0","2","2"
"束到长安一万一","0","2","2"
"到长安一万一千","0","2","2"
"长安一万一千六","0","2","2"
"安一万一千六百","0","2","2"
"一万一千六百里","0","2","2"
"匈奴的风俗相同","0","2","2"
"能射箭的战士十","0","2","2"
"射箭的战士十余","0","2","2"
"箭的战士十余万","0","2","2"
"的战士十余万人","0","2","2"
"束到都护治所五","0","2","2"
"护治所五千九百","0","2","2"
"东到西域都护治","0","2","2"
"阳关八千零二十","0","2","2"
"关八千零二十五","0","2","2"
"八千零二十五里","0","2","2"
"束到都护治所六","0","2","2"
"到都护治所六千","0","2","2"
"城一千五百一十","0","2","2"
"都护治所一千四","0","2","2"
"护治所一千四百","0","2","2"
"的匈奴妻生的儿","0","2","2"
"匈奴妻生的儿子","0","2","2"
"常惠上书宣帝说","0","2","2"
"侯难栖杀掉末振","0","2","2"
"难栖杀掉末振将","0","2","2"
"一千三百八十七","0","2","2"
"常常打算废掉太","0","2","2"
"常打算废掉太子","0","2","2"
"打算废掉太子改","0","2","2"
"算废掉太子改立","0","2","2"
"追尊太后的父亲","0","2","2"
"迎接代王立为皇","0","2","2"
"接代王立为皇帝","0","2","2"
"太后打算亲上加","0","2","2"
"后打算亲上加亲","0","2","2"
"这是贵显的征兆","0","2","2"
"很少被皇上召见","0","2","2"
"太后的弟弟薄昭","0","2","2"
"后的母亲在这之","0","2","2"
"的母亲在这之前","0","2","2"
"设置三百户人家","0","2","2"
"被任命为大将军","0","2","2"
"氏家族中封侯的","0","2","2"
"是大司马大将军","0","2","2"
"李夫人的哥哥李","0","2","2"
"跟随武帝去甘泉","0","2","2"
"随武帝去甘泉宫","0","2","2"
"上官桀和上官安","0","2","2"
"皇后被册立为后","0","2","2"
"后被册立为后的","0","2","2"
"被册立为后的第","0","2","2"
"册立为后的第十","0","2","2"
"太后成为太皇太","0","2","2"
"后成为太皇太后","0","2","2"
"县作为她的封邑","0","2","2"
"长丞按法度奉守","0","2","2"
"王氏家族中有两","0","2","2"
"皇后被册立的第","0","2","2"
"后被册立的第三","0","2","2"
"皇后的父亲王奉","0","2","2"
"后的父亲王奉光","0","2","2"
"先前平安刚侯夫","0","2","2"
"刚侯夫人许谒犯","0","2","2"
"侯夫人许谒犯下","0","2","2"
"夫人许谒犯下大","0","2","2"
"人许谒犯下大逆","0","2","2"
"许谒犯下大逆不","0","2","2"
"谒犯下大逆不道","0","2","2"
"犯下大逆不道之","0","2","2"
"下大逆不道之罪","0","2","2"
"成帝认为她说的","0","2","2"
"后姐姐的儿子淳","0","2","2"
"姐姐的儿子淳于","0","2","2"
"姐的儿子淳于长","0","2","2"
"趟皇后为皇太后","0","2","2"
"用御史中丞的大","0","2","2"
"御史中丞的大印","0","2","2"
"史中丞的大印封","0","2","2"
"中丞的大印封好","0","2","2"
"成帝下诏让靳严","0","2","2"
"饰室门帘的南面","0","2","2"
"高昌侯董宏迎合","0","2","2"
"太后的尊号改为","0","2","2"
"的儿子郑业为阳","0","2","2"
"儿子郑业为阳信","0","2","2"
"子郑业为阳信侯","0","2","2"
"共王母和丁姬的","0","2","2"
"当时她的父亲冯","0","2","2"
"时她的父亲冯奉","0","2","2"
"她的父亲冯奉世","0","2","2"
"入京册立为太子","0","2","2"
"平帝的母亲卫姬","0","2","2"
"卫宝的弟弟卫玄","0","2","2"
"宝的弟弟卫玄关","0","2","2"
"的弟弟卫玄关内","0","2","2"
"弟弟卫玄关内侯","0","2","2"
"弟卫玄关内侯的","0","2","2"
"卫玄关内侯的爵","0","2","2"
"玄关内侯的爵位","0","2","2"
"行使皇帝的权力","0","2","2"
"推到定陶王身上","0","2","2"
"作为孝王的舅舅","0","2","2"
"天下人都知道我","0","2","2"
"统领守城的军队","0","2","2"
"门上镂刻着青色","0","2","2"
"推荐王莽代替自","0","2","2"
"荐王莽代替自己","0","2","2"
"新都侯王莽为国","0","2","2"
"红阳侯王立回到","0","2","2"
"太后任命王莽为","0","2","2"
"后任命王莽为大","0","2","2"
"任命王莽为大司","0","2","2"
"命王莽为大司马","0","2","2"
"红阳侯王立是王","0","2","2"
"身旁长御以下的","0","2","2"
"旁长御以下的侍","0","2","2"
"长御以下的侍者","0","2","2"
"广戚侯的儿子刘","0","2","2"
"戚侯的儿子刘婴","0","2","2"
"为新室文母太皇","0","2","2"
"王莽的儿子王宇","0","2","2"
"有安邦定国的功","0","2","2"
"安邦定国的功劳","0","2","2"
"规定他死后子孙","0","2","2"
"定他死后子孙继","0","2","2"
"他死后子孙继承","0","2","2"
"死后子孙继承爵","0","2","2"
"后子孙继承爵位","0","2","2"
"周公辅佐周成王","0","2","2"
"孔光等人的功劳","0","2","2"
"光等人的功劳和","0","2","2"
"增加封邑一万户","0","2","2"
"派他迎接中山王","0","2","2"
"邸作为安汉公的","0","2","2"
"作为安汉公的府","0","2","2"
"为安汉公的府第","0","2","2"
"等到老百姓家家","0","2","2"
"秀才出身的官吏","0","2","2"
"称赞的就是安漠","0","2","2"
"赞的就是安漠公","0","2","2"
"的就是安漠公啊","0","2","2"
"原定陵侯淳于长","0","2","2"
"安漠公就是这样","0","2","2"
"漠公就是这样的","0","2","2"
"在皇太后的帷幕","0","2","2"
"皇太后的帷幕裹","0","2","2"
"没有皇位继承人","0","2","2"
"子孙万代的基业","0","2","2"
"对待周公那样的","0","2","2"
"陛下的圣明德行","0","2","2"
"流放到西海郡去","0","2","2"
"丹书白石的符命","0","2","2"
"周朝的治国之道","0","2","2"
"常把自己的意图","0","2","2"
"把自己的意图称","0","2","2"
"君的权力归还给","0","2","2"
"的权力归还给您","0","2","2"
"王莽禀明太后下","0","2","2"
"莽禀明太后下诏","0","2","2"
"禀明太后下诏书","0","2","2"
"明太后下诏书说","0","2","2"
"环绕而成的孝带","0","2","2"
"汉朝祖宗的祠庙","0","2","2"
"伟大的皇初祖考","0","2","2"
"大的皇初祖考黄","0","2","2"
"的皇初祖考黄帝","0","2","2"
"且在明堂太庙举","0","2","2"
"在明堂太庙举行","0","2","2"
"我的伟大的皇始","0","2","2"
"的伟大的皇始祖","0","2","2"
"按三十分之一征","0","2","2"
"流放到四方极远","0","2","2"
"放到四方极远的","0","2","2"
"到四方极远的地","0","2","2"
"方极远的地方去","0","2","2"
"说大钱会要废除","0","2","2"
"坐着绘有天文图","0","2","2"
"着绘有天文图像","0","2","2"
"绘有天文图像的","0","2","2"
"有天文图像的车","0","2","2"
"天文图像的车子","0","2","2"
"索取原来的印信","0","2","2"
"罪行应当杀身灭","0","2","2"
"行应当杀身灭族","0","2","2"
"法律制度和礼仪","0","2","2"
"律制度和礼仪规","0","2","2"
"制度和礼仪规则","0","2","2"
"二千石级官吏推","0","2","2"
"千石级官吏推举","0","2","2"
"中郎将和绣衣执","0","2","2"
"郎将和绣衣执法","0","2","2"
"分为十二路大军","0","2","2"
"把他们消灭干净","0","2","2"
"二月建寅的初春","0","2","2"
"月建寅的初春时","0","2","2"
"建寅的初春时节","0","2","2"
"第二年改年号叫","0","2","2"
"应当缴上大司马","0","2","2"
"大司空的办事人","0","2","2"
"司空的办事人员","0","2","2"
"职务像太守一样","0","2","2"
"职务像都尉一样","0","2","2"
"接见他们的礼仪","0","2","2"
"见他们的礼仪像","0","2","2"
"他们的礼仪像接","0","2","2"
"们的礼仪像接见","0","2","2"
"的礼仪像接见三","0","2","2"
"礼仪像接见三公","0","2","2"
"仪像接见三公一","0","2","2"
"像接见三公一样","0","2","2"
"外围各县分属六","0","2","2"
"来中原侍奉皇帝","0","2","2"
"中原侍奉皇帝的","0","2","2"
"原侍奉皇帝的儿","0","2","2"
"奉皇帝的儿子登","0","2","2"
"派遣平蛮将军冯","0","2","2"
"遭遇不幸的命运","0","2","2"
"进献的美好食物","0","2","2"
"按照百分比的多","0","2","2"
"照百分比的多少","0","2","2"
"百分比的多少来","0","2","2"
"分比的多少来减","0","2","2"
"比的多少来减少","0","2","2"
"部共十郡挂起钩","0","2","2"
"共十郡挂起钩来","0","2","2"
"跟有关地区的灾","0","2","2"
"有关地区的灾害","0","2","2"
"关地区的灾害挂","0","2","2"
"地区的灾害挂起","0","2","2"
"区的灾害挂起钩","0","2","2"
"的灾害挂起钩来","0","2","2"
"派遣大司空王邑","0","2","2"
"就是民间所说的","0","2","2"
"像汉朝的刺史一","0","2","2"
"汉朝的刺史一样","0","2","2"
"王莽派遣使者就","0","2","2"
"莽派遣使者就地","0","2","2"
"征收山林湖沼税","0","2","2"
"希望用这样的办","0","2","2"
"望用这样的办法","0","2","2"
"翼平郡连率田况","0","2","2"
"符命文辞说要立","0","2","2"
"命文辞说要立王","0","2","2"
"王临在洛阳建国","0","2","2"
"王临作统义阳王","0","2","2"
"保全善良的老百","0","2","2"
"全善良的老百姓","0","2","2"
"没收作官府的奴","0","2","2"
"收作官府的奴婢","0","2","2"
"太师和更始将军","0","2","2"
"盖了御玺的韶书","0","2","2"
"开放东方各处粮","0","2","2"
"放东方各处粮仓","0","2","2"
"迅速推进所属各","0","2","2"
"速推进所属各州","0","2","2"
"推进所属各州郡","0","2","2"
"进所属各州郡的","0","2","2"
"所属各州郡的部","0","2","2"
"属各州郡的部队","0","2","2"
"各州郡的部队共","0","2","2"
"些情况告诉了她","0","2","2"
"王莽派遣使者分","0","2","2"
"王莽的脑袋前往","0","2","2"
"左右译长各一人","0","2","2"
"都护治所一千二","0","2","2"
"护治所一千二百","0","2","2"
"行射礼时要演奏","0","2","2"
