"N-gram","原文","翻译","Total"
"到西域都护治所乌","0","23","23"
"西域都护治所乌垒","0","23","23"
"域都护治所乌垒城","0","23","23"
"大司马车骑将军王","6","7","13"
"北到西域都护治所","0","12","12"
"司马车骑将军王音","5","5","10"
"女子每百户牛酒若","0","10","10"
"子每百户牛酒若干","0","10","10"
"东北到西域都护治","0","9","9"
"束到西域都护治所","0","9","9"
"派贰师将军李广利","0","8","8"
"都护治所乌垒城二","0","8","8"
"护治所乌垒城二千","0","8","8"
"春秋二百四十二年","4","3","7"
"左将军上官桀父子","3","4","7"
"古代文字记载认为","0","7","7"
"代文字记载认为是","0","7","7"
"武帝元鼎六年设置","0","7","7"
"称赞的就是安汉公","0","7","7"
"赞的就是安汉公啊","0","7","7"
"大司农中丞耿寿昌","2","4","6"
"十一月甲子朔旦冬","5","1","6"
"百二十九万五千三","3","3","6"
"二十九万五千三百","3","3","6"
"十九万五千三百五","3","3","6"
"九万五千三百五十","3","3","6"
"大司马车骑将军许","2","4","6"
"皇帝敬问匈奴大单","3","3","6"
"民众的男女比例是","0","6","6"
"为大司马车骑将军","0","6","6"
"侍奉皇帝左右的人","0","6","6"
"西南到都护治所一","0","6","6"
"南到都护治所一千","0","6","6"
"举贤良方正能直言","4","1","5"
"大司马大将军博陆","2","3","5"
"司马大将军博陆侯","2","3","5"
"万五千三百五十二","2","3","5"
"五千三百五十二分","2","3","5"
"司马车骑将军许嘉","2","3","5"
"大司马大将军王凤","2","3","5"
"根大司马票骑将军","5","0","5"
"长安九千九百五十","3","2","5"
"安九千九百五十里","3","2","5"
"鳏寡孤独高年帛若","0","5","5"
"寡孤独高年帛若干","0","5","5"
"一万一千五百二十","0","5","5"
"跟随大将军卫青出","0","5","5"
"贰师将军李广利率","0","5","5"
"一封密封的奏章说","0","5","5"
"奉皇帝左右的人是","0","5","5"
"都护治所乌垒城五","0","5","5"
"护治所乌垒城五千","0","5","5"
"伟大的皇始祖考虞","0","5","5"
"大的皇始祖考虞舜","0","5","5"
"秦二世元年秋七月","2","2","4"
"卫尉李广骁骑将军","4","0","4"
"中二千石爵右庶长","2","2","4"
"度辽将军范明友击","2","2","4"
"车骑将军光禄勋富","2","2","4"
"骑将军光禄勋富平","2","2","4"
"将军光禄勋富平侯","2","2","4"
"军光禄勋富平侯安","2","2","4"
"光禄勋富平侯安世","2","2","4"
"贤良方正直言极谏","2","2","4"
"都护西域骑都尉郑","2","2","4"
"护西域骑都尉郑吉","2","2","4"
"侍中驸马都尉董贤","1","3","4"
"万三千八百二十四","2","2","4"
"百八十二万八千三","2","2","4"
"八十二万八千三百","2","2","4"
"十二万八千三百六","2","2","4"
"二万八千三百六十","2","2","4"
"八十六万二千四百","2","2","4"
"十六万二千四百五","2","2","4"
"六万二千四百五十","2","2","4"
"万二千四百五十五","2","2","4"
"二千四百五十五分","2","2","4"
"千五百六十八万九","2","2","4"
"五百六十八万九千","2","2","4"
"度八百二十一万八","2","2","4"
"八百二十一万八千","2","2","4"
"度四千六百六十一","2","2","4"
"四千六百六十一万","2","2","4"
"马车骑将军许嘉等","2","2","4"
"秋二百四十二年间","2","2","4"
"哀帝建平元年正月","2","2","4"
"帝建平元年正月丁","2","2","4"
"建平元年正月丁未","2","2","4"
"武帝建元六年六月","2","2","4"
"成帝建始元年正月","2","2","4"
"昭帝元凤元年九月","2","2","4"
"僖公三十三年十二","2","2","4"
"公三十三年十二月","2","2","4"
"哀帝建平四年四月","2","2","4"
"成公十六年六月甲","2","2","4"
"公十六年六月甲午","2","2","4"
"十六年六月甲午晦","2","2","4"
"舅大司马大将军王","2","2","4"
"车骑将军张安世谋","3","1","4"
"万六千三百七十七","2","2","4"
"六万九千八百六十","2","2","4"
"十三万七千七百六","2","2","4"
"三万七千七百六十","2","2","4"
"二十六万八千二百","2","2","4"
"万六千二百三十七","2","2","4"
"子右贤王铢娄渠堂","2","2","4"
"右贤王铢娄渠堂入","2","2","4"
"三百三十三万四千","2","2","4"
"百三十三万四千七","2","2","4"
"三十三万四千七百","2","2","4"
"十三万四千七百三","2","2","4"
"三万四千七百三十","2","2","4"
"万四千七百三十七","2","2","4"
"四千七百三十七分","2","2","4"
"度四百三十六万五","2","2","4"
"四百三十六万五千","2","2","4"
"百三十六万五千二","2","2","4"
"三十六万五千二百","2","2","4"
"十六万五千二百二","2","2","4"
"六万五千二百二十","2","2","4"
"万五千二百二十分","2","2","4"
"元帝时黄门令史游","2","2","4"
"成帝时将作大匠李","2","2","4"
"帝时将作大匠李长","2","2","4"
"曲阳侯王根大司马","3","1","4"
"大司马骠骑将军王","1","3","4"
"司马骠骑将军王根","1","3","4"
"帝祖母定陶傅太后","4","0","4"
"轻车将军成武侯孙","2","2","4"
"车将军成武侯孙建","2","2","4"
"东北都护治所二千","4","0","4"
"都护治所乌垒城三","1","3","4"
"新室文母太皇太后","2","2","4"
"为父亲的继承人的","0","4","4"
"子刘成都为中山王","0","4","4"
"敬酒祝寿的音乐的","0","4","4"
"酒祝寿的音乐的人","0","4","4"
"祝寿的音乐的人有","0","4","4"
"寿的音乐的人有十","0","4","4"
"有白衣之会的丧事","0","4","4"
"中说不出三月就生","0","4","4"
"说不出三月就生成","0","4","4"
"王凤为大司马大将","0","4","4"
"凤为大司马大将军","0","4","4"
"天帝的告诫似乎是","0","4","4"
"帝的告诫似乎是说","0","4","4"
"董仲舒以为宿星在","0","4","4"
"百里远的地方缴纳","0","4","4"
"每到一县就要参加","0","4","4"
"派因杆将军公孙敖","0","4","4"
"了一封密封的奏章","0","4","4"
"犯了大逆不道之罪","0","4","4"
"的祖母定陶傅太后","0","4","4"
"汉朝派贰师将军李","0","4","4"
"朝派贰师将军李广","0","4","4"
"随牲畜逐水草而居","0","4","4"
"都护治所乌垒城四","0","4","4"
"护治所乌垒城四千","0","4","4"
"设置陵园和二百户","0","4","4"
"置陵园和二百户人","0","4","4"
"陵园和二百户人家","0","4","4"
"部二十五郡挂起钩","0","4","4"
"二十五郡挂起钩来","0","4","4"
"齐悼惠王子朱虚侯","2","1","3"
"悼惠王子朱虚侯章","2","1","3"
"朱虚侯刘章等共诛","2","1","3"
"贤良方正能直言极","2","1","3"
"良方正能直言极谏","2","1","3"
"大将军卫青将六将","3","0","3"
"将军卫青将六将军","3","0","3"
"遣贰师将军李广利","3","0","3"
"贰师将军李广利将","3","0","3"
"御史大夫桑弘羊皆","2","1","3"
"平乐监傅介子持节","2","1","3"
"孝武皇帝三十余年","2","1","3"
"赐御史大夫爵关内","2","1","3"
"御史大夫爵关内侯","2","1","3"
"天下父后者爵一级","3","0","3"
"故掖庭令张贺辅导","1","2","3"
"掖庭令张贺辅导朕","1","2","3"
"毁落太上皇庙殿壁","2","1","3"
"落太上皇庙殿壁木","2","1","3"
"太上皇庙殿壁木饰","2","1","3"
"前将军望傅朕八年","3","0","3"
"立楚孝王孙景定陶","3","0","3"
"楚孝王孙景定陶王","3","0","3"
"大司空汜乡侯何武","2","1","3"
"建平二年太初元年","3","0","3"
"号曰陈圣刘太平皇","3","0","3"
"曰陈圣刘太平皇帝","3","0","3"
"越裳氏重译献白雉","3","0","3"
"十七万七千一百四","2","1","3"
"七万七千一百四十","2","1","3"
"万七千一百四十七","2","1","3"
"太史令司马迁等言","2","1","3"
"五年春王正月辛亥","1","2","3"
"一万三千八百二十","1","2","3"
"日行一度九十二分","3","0","3"
"行一度九十二分度","3","0","3"
"日百二十九万五千","3","0","3"
"日八十六万二千四","2","1","3"
"百六十八万九千七","2","1","3"
"六十八万九千七百","2","1","3"
"十八万九千七百分","2","1","3"
"日一亿二千二百二","3","0","3"
"一亿二千二百二万","3","0","3"
"亿二千二百二万九","3","0","3"
"二千二百二万九千","3","0","3"
"千二百二万九千六","3","0","3"
"二百二万九千六百","3","0","3"
"百二万九千六百五","3","0","3"
"二万九千六百五分","3","0","3"
"时大司农中丞耿寿","1","2","3"
"宗祀文王明堂配上","3","0","3"
"祀文王明堂配上帝","3","0","3"
"大司马卫将军辅政","2","1","3"
"永始二年二月癸未","2","1","3"
"时大司马车骑将军","2","1","3"
"帝元舅大司马大将","2","1","3"
"元舅大司马大将军","2","1","3"
"骑将军张安世谋欲","3","0","3"
"将军张安世谋欲废","3","0","3"
"一万六千三百七十","1","2","3"
"二十三万六千八百","2","1","3"
"十七万八千六百一","2","1","3"
"七万八千六百一十","2","1","3"
"万八千六百一十六","2","1","3"
"杜钦说大将军王凤","3","0","3"
"阳安侯丁明大司马","3","0","3"
"明大司马票骑将军","3","0","3"
"太中大夫谷永上疏","2","1","3"
"强弩都尉路博德筑","2","1","3"
"弩都尉路博德筑居","2","1","3"
"都尉路博德筑居延","2","1","3"
"贤王铢娄渠堂入侍","2","1","3"
"阳平侯王凤大司马","3","0","3"
"侍中骑都尉光禄大","2","1","3"
"中骑都尉光禄大夫","2","1","3"
"帝时黄门令史游作","2","1","3"
"时将作大匠李长作","2","1","3"
"太史令胡母敬所作","1","2","3"
"御史大夫桑弘羊等","1","2","3"
"光车骑将军张安世","3","0","3"
"昆弥将翕侯下五万","3","0","3"
"元寿元年正月朔日","2","1","3"
"阳侯王根大司马票","3","0","3"
"侯王根大司马票骑","3","0","3"
"王根大司马票骑将","3","0","3"
"侍中奉车都尉甄邯","1","2","3"
"大司马车骑将军韩","1","2","3"
"司马车骑将军韩增","1","2","3"
"司马车骑将军王接","1","2","3"
"舅大司马骠骑将军","1","2","3"
"大司马曲阳侯王根","1","2","3"
"帝敬问匈奴大单恙","3","0","3"
"长乐卫尉高昌侯董","1","2","3"
"乐卫尉高昌侯董忠","1","2","3"
"都护治所二千八百","2","1","3"
"护治所二千八百五","2","1","3"
"治所二千八百五十","2","1","3"
"东北都护治所三千","3","0","3"
"长安八千一百五十","2","1","3"
"安八千一百五十里","2","1","3"
"少傅左将军甄丰赐","1","2","3"
"方二州一部二十五","2","1","3"
"二州一部二十五郡","2","1","3"
"骑将军安阳侯王舜","1","2","3"
"的自然之性是可以","0","3","3"
"先入定关中的为王","0","3","3"
"入定关中的为王的","0","3","3"
"父亲的继承人的爵","0","3","3"
"平陆侯刘礼为楚王","0","3","3"
"卫尉李广为骁骑将","0","3","3"
"尉李广为骁骑将军","0","3","3"
"因木于将军公孙敖","0","3","3"
"匈奴呼韩邪单于来","0","3","3"
"奴呼韩邪单于来朝","0","3","3"
"皇太后为太皇太后","0","3","3"
"定陶王的祖母傅太","0","3","3"
"陶王的祖母傅太后","0","3","3"
"改变风气转换习俗","0","3","3"
"平分为三再增加其","0","3","3"
"分为三再增加其中","0","3","3"
"为三再增加其中之","0","3","3"
"三再增加其中之一","0","3","3"
"再增加其中之一的","0","3","3"
"增加其中之一的长","0","3","3"
"平分为三再减去其","0","3","3"
"分为三再减去其中","0","3","3"
"为三再减去其中之","0","3","3"
"三再减去其中之一","0","3","3"
"一天运行一度九十","0","3","3"
"天运行一度九十二","0","3","3"
"运行一度九十二分","0","3","3"
"一百二十九万五千","0","3","3"
"天一亿二千二百零","0","3","3"
"一亿二千二百零二","0","3","3"
"亿二千二百零二万","0","3","3"
"二千二百零二万九","0","3","3"
"千二百零二万九千","0","3","3"
"二百零二万九千六","0","3","3"
"百零二万九千六百","0","3","3"
"零二万九千六百零","0","3","3"
"二万九千六百零五","0","3","3"
"万九千六百零五分","0","3","3"
"所以百官师长都以","0","3","3"
"郑国和卫国的音乐","0","3","3"
"国敬酒祝寿的音乐","0","3","3"
"朝有违反政令的人","0","3","3"
"有违反政令的人就","0","3","3"
"违反政令的人就制","0","3","3"
"反政令的人就制订","0","3","3"
"政令的人就制订了","0","3","3"
"到了秦朝就不是这","0","3","3"
"了秦朝就不是这样","0","3","3"
"以私人名义占有的","0","3","3"
"私人名义占有的土","0","3","3"
"人名义占有的土地","0","3","3"
"给他关内侯的爵位","0","3","3"
"相对应的分野之国","0","3","3"
"不出三月就生成天","0","3","3"
"则该出现而不出现","0","3","3"
"则该隐没而不隐没","0","3","3"
"内外有战争和丧事","0","3","3"
"天帝的告诫似乎在","0","3","3"
"帝的告诫似乎在说","0","3","3"
"刘向认为这是因为","0","3","3"
"天帝的警告似乎在","0","3","3"
"帝的警告似乎在说","0","3","3"
"成帝的母亲王太后","0","3","3"
"说的就是这种情况","0","3","3"
"与车骑将军张安世","0","3","3"
"即秦朝的内史之地","0","3","3"
"行程一千三百四十","0","3","3"
"程一千三百四十里","0","3","3"
"水首先从长江接受","0","3","3"
"首先从长江接受水","0","3","3"
"先从长江接受水源","0","3","3"
"文帝十六年另立为","0","3","3"
"景帝中六年另立为","0","3","3"
"向南到下邳县流入","0","3","3"
"南到下邳县流入泅","0","3","3"
"到下邳县流入泅水","0","3","3"
"六年新开疆土设郡","0","3","3"
"齐王田建的孙子田","0","3","3"
"王田建的孙子田安","0","3","3"
"派使者拿着符节赦","0","3","3"
"使者拿着符节赦免","0","3","3"
"为大司马骠骑将军","0","3","3"
"王莽禀告太皇太后","0","3","3"
"御史大夫田广明为","0","3","3"
"大司马骠骑将军丁","0","3","3"
"司马骠骑将军丁明","0","3","3"
"武帝建元六年分为","0","3","3"
"听不到自己的过错","0","3","3"
"公就是这样的人啊","0","3","3"
"想要用这样的办法","0","3","3"
"在景帝前元二年封","0","3","3"
"身份跟随大将军卫","0","3","3"
"份跟随大将军卫青","0","3","3"
"随大将军卫青出击","0","3","3"
"大将军卫青出击匈","0","3","3"
"将军卫青出击匈奴","0","3","3"
"当时大将军霍光执","0","3","3"
"徐偃假托朝廷命令","0","3","3"
"时中书令石显专权","0","3","3"
"没有什么值得称道","0","3","3"
"有什么值得称道的","0","3","3"
"擅自假托皇帝命令","0","3","3"
"做了大司马车骑将","0","3","3"
"了大司马车骑将军","0","3","3"
"我听说圣明的君王","0","3","3"
"受命于天的开国君","0","3","3"
"没有比这更大的了","0","3","3"
"考察官吏政绩的方","0","3","3"
"察官吏政绩的方法","0","3","3"
"皇帝左右的人是正","0","3","3"
"帝左右的人是正直","0","3","3"
"左右的人是正直的","0","3","3"
"皇上以这件事询问","0","3","3"
"立定陶王为皇太子","0","3","3"
"定陵侯淳于长犯了","0","3","3"
"陵侯淳于长犯了大","0","3","3"
"侯淳于长犯了大逆","0","3","3"
"淳于长犯了大逆不","0","3","3"
"于长犯了大逆不道","0","3","3"
"长犯了大逆不道之","0","3","3"
"对政事治理没有益","0","3","3"
"政事治理没有益处","0","3","3"
"何武做了御史大夫","0","3","3"
"是王莽的讲学大夫","0","3","3"
"皇上认为他有才能","0","3","3"
"帝敬问匈奴大单于","0","3","3"
"敬问匈奴大单于平","0","3","3"
"问匈奴大单于平安","0","3","3"
"匈奴大单于平安无","0","3","3"
"奴大单于平安无恙","0","3","3"
"平安刚侯夫人许谒","0","3","3"
"这是我应当引退的","0","3","3"
"是我应当引退的第","0","3","3"
"这称赞的就是安汉","0","3","3"
"把明君的权力归还","0","3","3"
"土地纵横各一百里","0","3","3"
"一部二十五郡挂起","0","3","3"
"项梁共立楚怀王孙","1","1","2"
"沛公左司马曹毋伤","2","0","2"
"田荣闻羽徙齐王市","2","0","2"
"荣闻羽徙齐王市胶","2","0","2"
"闻羽徙齐王市胶东","2","0","2"
"使九江王布杀义帝","2","0","2"
"故汉王数十骑西门","2","0","2"
"羽夜闻汉军四面皆","2","0","2"
"夜闻汉军四面皆楚","2","0","2"
"闻汉军四面皆楚歌","2","0","2"
"魏相国建城侯彭越","1","1","2"
"博士稷嗣君叔孙通","1","1","2"
"士稷嗣君叔孙通谨","1","1","2"
"稷嗣君叔孙通谨择","1","1","2"
"太尉长安侯卢绾功","1","1","2"
"始剖符封功臣曹参","1","1","2"
"剖符封功臣曹参等","1","1","2"
"上封大功臣二十余","2","0","2"
"封大功臣二十余人","2","0","2"
"汉后五十年东南乱","2","0","2"
"发长安六百里内男","2","0","2"
"长安六百里内男女","2","0","2"
"安六百里内男女十","2","0","2"
"六百里内男女十四","2","0","2"
"百里内男女十四万","2","0","2"
"男女十四万六千人","2","0","2"
"女十四万六千人城","2","0","2"
"十四万六千人城长","2","0","2"
"四万六千人城长安","2","0","2"
"太后立帝姊鲁元公","2","0","2"
"后立帝姊鲁元公主","2","0","2"
"立帝姊鲁元公主女","2","0","2"
"帝姊鲁元公主女皇","2","0","2"
"姊鲁元公主女皇后","2","0","2"
"平等请尊昭灵夫人","1","1","2"
"淮阳守申屠嘉等十","1","1","2"
"阳守申屠嘉等十人","1","1","2"
"方正能直言极谏者","2","0","2"
"东阳侯张相大将军","2","0","2"
"举贤良能直言极谏","1","1","2"
"赐民父后者爵一级","2","0","2"
"条侯周亚夫下狱死","2","0","2"
"吏二千石黄金二斤","1","1","2"
"封皇太后同母弟田","1","1","2"
"御史大夫韩安国护","2","0","2"
"史大夫韩安国护军","2","0","2"
"大夫韩安国护军将","2","0","2"
"夫韩安国护军将军","2","0","2"
"太仆公孙贺轻车将","2","0","2"
"仆公孙贺轻车将军","2","0","2"
"大行王恢将屯将军","2","0","2"
"太中大夫李息材官","2","0","2"
"中大夫李息材官将","2","0","2"
"大夫李息材官将军","2","0","2"
"将三十万众屯马邑","1","1","2"
"三十万众屯马邑谷","1","1","2"
"十万众屯马邑谷中","1","1","2"
"将军韩安国屯渔阳","2","0","2"
"军卫青将六将军兵","2","0","2"
"卫青将六将军兵十","2","0","2"
"青将六将军兵十余","2","0","2"
"将六将军兵十余万","2","0","2"
"故详延天下方闻士","2","0","2"
"赐中二千石爵右庶","1","1","2"
"广杀匈奴三千余人","1","1","2"
"匈奴昆邪王杀休屠","1","1","2"
"奴昆邪王杀休屠王","1","1","2"
"遣博士大等六人分","1","1","2"
"立后土祠汾阴脽上","2","0","2"
"遣伏波将军路博德","1","1","2"
"楼船将军杨仆豫章","2","0","2"
"令祠官加增太室祠","2","0","2"
"朝鲜王攻杀辽东都","1","1","2"
"鲜王攻杀辽东都尉","1","1","2"
"将军公孙敖筑塞外","1","1","2"
"军公孙敖筑塞外受","1","1","2"
"公孙敖筑塞外受降","1","1","2"
"孙敖筑塞外受降城","1","1","2"
"浚稽将军赵破奴二","1","1","2"
"稽将军赵破奴二万","1","1","2"
"将军赵破奴二万骑","1","1","2"
"赎钱五十万减死一","2","0","2"
"钱五十万减死一等","2","0","2"
"侍中驸马都尉金日","1","1","2"
"齐孝王孙刘泽谋反","1","1","2"
"故廷尉王平等五人","1","1","2"
"廷尉王平等五人持","1","1","2"
"捕斩反虏重合侯马","1","1","2"
"斩反虏重合侯马通","1","1","2"
"大鸿胪田广明击益","1","1","2"
"鸿胪田广明击益州","1","1","2"
"大将军长史公孙遗","1","1","2"
"将军长史公孙遗等","1","1","2"
"乐监傅介子持节使","2","0","2"
"望气者言长安狱中","2","0","2"
"气者言长安狱中天","2","0","2"
"者言长安狱中天子","2","0","2"
"言长安狱中天子气","2","0","2"
"上遣使者分条中都","2","0","2"
"遣使者分条中都官","2","0","2"
"内谒者令郭穰夜郡","2","0","2"
"谒者令郭穰夜郡邸","2","0","2"
"者令郭穰夜郡邸狱","2","0","2"
"大将军霍光请皇后","1","1","2"
"禄勋富平侯安世万","1","1","2"
"勋富平侯安世万户","1","1","2"
"车骑将军安世建议","1","1","2"
"骑将军安世建议定","1","1","2"
"将军安世建议定策","1","1","2"
"武帝巡狩所幸郡国","2","0","2"
"选郡国吏三百石伉","2","0","2"
"郡国吏三百石伉健","2","0","2"
"国吏三百石伉健习","2","0","2"
"吏三百石伉健习骑","2","0","2"
"三百石伉健习骑射","2","0","2"
"百石伉健习骑射者","2","0","2"
"内郡国举贤良方正","2","0","2"
"马大将军博陆侯宿","1","1","2"
"大将军博陆侯宿卫","1","1","2"
"将军博陆侯宿卫孝","1","1","2"
"军博陆侯宿卫孝武","1","1","2"
"博陆侯宿卫孝武皇","1","1","2"
"陆侯宿卫孝武皇帝","1","1","2"
"侯宿卫孝武皇帝三","1","1","2"
"宿卫孝武皇帝三十","1","1","2"
"卫孝武皇帝三十余","1","1","2"
"赐广陵王黄金千斤","1","1","2"
"良方正直言极谏士","2","0","2"
"皇帝功臣绛侯周勃","1","1","2"
"帝功臣绛侯周勃等","1","1","2"
"侍中光禄大夫许延","1","1","2"
"中光禄大夫许延寿","1","1","2"
"庭令张贺辅导朕躬","1","1","2"
"子侍中中郎将彭祖","1","1","2"
"赐贺谥曰阳都哀侯","2","0","2"
"等十二人循行天下","2","0","2"
"大司马卫将军安世","1","1","2"
"置金城属国处降羌","2","0","2"
"西域骑都尉郑吉迎","1","1","2"
"域骑都尉郑吉迎日","1","1","2"
"骑都尉郑吉迎日逐","1","1","2"
"颍川太守黄霸治行","2","0","2"
"赐列侯嗣子爵五大","2","0","2"
"列侯嗣子爵五大夫","2","0","2"
"长乐宫东阙中树上","1","1","2"
"司农中丞耿寿昌奏","1","1","2"
"中丞耿寿昌奏设常","2","0","2"
"丞耿寿昌奏设常平","2","0","2"
"耿寿昌奏设常平仓","2","0","2"
"御史掾二十四人循","1","1","2"
"史掾二十四人循行","1","1","2"
"呼韩邪单款五原塞","2","0","2"
"呼韩邪单稽侯犭册","2","0","2"
"遣长乐卫尉高昌侯","2","0","2"
"尊皇太后曰太皇太","2","0","2"
"皇太后曰太皇太后","2","0","2"
"封外祖父平恩戴侯","1","1","2"
"遣光禄大夫褒等十","1","1","2"
"光禄大夫褒等十二","1","1","2"
"禄大夫褒等十二人","1","1","2"
"大夫褒等十二人循","1","1","2"
"夫褒等十二人循行","1","1","2"
"池属少府者假贫民","2","0","2"
"属籍者马一匹二驷","2","0","2"
"道县城郭官寺民室","2","0","2"
"县城郭官寺民室屋","2","0","2"
"故前将军望傅朕八","2","0","2"
"吏六百石上爵五大","2","0","2"
"六百石上爵五大夫","2","0","2"
"百姓远弃先祖坟墓","1","1","2"
"护西域骑都尉甘延","1","1","2"
"西域骑都尉甘延寿","1","1","2"
"西域胡兵攻郅支单","1","1","2"
"遣谏大夫博士赏等","1","1","2"
"右将军长史姚尹等","1","1","2"
"诸逋租赋所振贷勿","2","0","2"
"逋租赋所振贷勿收","2","0","2"
"谏大夫林等循行天","1","1","2"
"大夫林等循行天下","1","1","2"
"郡国举贤良方正能","1","1","2"
"遣光禄大夫博士嘉","1","1","2"
"光禄大夫博士嘉等","1","1","2"
"禄大夫博士嘉等十","1","1","2"
"大夫博士嘉等十一","1","1","2"
"夫博士嘉等十一人","1","1","2"
"广汉男子郑躬等六","1","1","2"
"汉男子郑躬等六十","1","1","2"
"男子郑躬等六十余","1","1","2"
"子郑躬等六十余人","1","1","2"
"郑躬等六十余人攻","1","1","2"
"河东都尉赵护广汉","2","0","2"
"东都尉赵护广汉太","2","0","2"
"都尉赵护广汉太守","2","0","2"
"侍中卫尉长数白宜","2","0","2"
"徒苏令等二百二十","1","1","2"
"苏令等二百二十八","1","1","2"
"令等二百二十八人","1","1","2"
"等二百二十八人攻","1","1","2"
"二百二十八人攻杀","1","1","2"
"百二十八人攻杀长","1","1","2"
"二十八人攻杀长吏","1","1","2"
"汝南太守严讠斤捕","1","1","2"
"南太守严讠斤捕斩","1","1","2"
"大司马大将军王商","1","1","2"
"赵昭仪帝舅票骑将","2","0","2"
"昭仪帝舅票骑将军","2","0","2"
"太仆安阳侯舜辅导","1","1","2"
"侍中骑都尉新成侯","1","1","2"
"中骑都尉新成侯赵","1","1","2"
"定陶恭皇号宜复称","2","0","2"
"陶恭皇号宜复称定","2","0","2"
"恭皇号宜复称定陶","2","0","2"
"帝太后宜陵恭皇园","2","0","2"
"夏贺良等建言改元","2","0","2"
"太后所居桂宫正殿","1","1","2"
"后所居桂宫正殿火","1","1","2"
"哀帝皇后傅氏退居","1","1","2"
"帝皇后傅氏退居桂","1","1","2"
"皇后傅氏退居桂宫","1","1","2"
"桃乡顷侯子成都中","2","0","2"
"乡顷侯子成都中山","2","0","2"
"顷侯子成都中山王","2","0","2"
"太仆王恽等二十五","1","1","2"
"仆王恽等二十五人","1","1","2"
"议定陶傅太后尊号","1","1","2"
"故大司马博陆侯霍","1","1","2"
"大司马博陆侯霍光","1","1","2"
"谒者大司马掾四十","1","1","2"
"者大司马掾四十四","1","1","2"
"大司马掾四十四人","1","1","2"
"司马掾四十四人持","1","1","2"
"南阳勇敢吏士三百","1","1","2"
"阳勇敢吏士三百人","1","1","2"
"赐公太夫人号曰功","2","0","2"
"公太夫人号曰功显","2","0","2"
"太夫人号曰功显君","2","0","2"
"大风吹长安城东门","2","0","2"
"风吹长安城东门屋","2","0","2"
"吹长安城东门屋瓦","2","0","2"
"长安城东门屋瓦尽","2","0","2"
"天地五位合终十者","2","0","2"
"地五位合终十者乘","2","0","2"
"万九千六百八十三","1","1","2"
"万一千五百二十铢","1","1","2"
"万一千五百二十物","1","1","2"
"上元泰初四千六百","1","1","2"
"元泰初四千六百一","1","1","2"
"泰初四千六百一十","1","1","2"
"初四千六百一十七","1","1","2"
"四千六百一十七岁","2","0","2"
"大司农中丞麻光等","1","1","2"
"六万九千一百二十","1","1","2"
"十三万八千二百四","1","1","2"
"三万八千二百四十","1","1","2"
"二百六十二万六千","1","1","2"
"百六十二万六千五","1","1","2"
"六十二万六千五百","1","1","2"
"十二万六千五百六","1","1","2"
"二万六千五百六十","1","1","2"
"七百八十七万九千","1","1","2"
"百八十七万九千六","1","1","2"
"八十七万九千六百","1","1","2"
"十七万九千六百八","1","1","2"
"七万九千六百八十","1","1","2"
"三百六十三万九千","1","1","2"
"五十六万二千一百","1","1","2"
"十六万二千一百二","1","1","2"
"六万二千一百二十","1","1","2"
"一万八千四百六十","1","1","2"
"万八千四百六十八","1","1","2"
"二万六千八百四十","1","1","2"
"万六千八百四十八","1","1","2"
"一万九千三百四十","1","1","2"
"万九千三百四十三","1","1","2"
"万四千六百八十二","1","1","2"
"二万八千二百二十","1","1","2"
"万八千二百二十四","1","1","2"
"日百八十二万八千","2","0","2"
"万八千三百六十二","1","1","2"
"八千三百六十二分","1","1","2"
"万八千三百六十五","1","1","2"
"八千三百六十五分","1","1","2"
"百六十六万一千二","1","1","2"
"六十六万一千二百","1","1","2"
"十六万一千二百八","1","1","2"
"六万一千二百八十","1","1","2"
"万一千二百八十六","1","1","2"
"一千二百八十六分","1","1","2"
"一度九十二分度十","2","0","2"
"度九十二分度十五","2","0","2"
"定行星二百四十四","1","1","2"
"行星二百四十四度","1","1","2"
"定行星二百四十一","1","1","2"
"行星二百四十一度","1","1","2"
"行星二百二十六度","1","1","2"
"星二百二十六度六","1","1","2"
"二百二十六度六百","1","1","2"
"百二十六度六百九","1","1","2"
"二十六度六百九十","1","1","2"
"十六度六百九十万","1","1","2"
"六度六百九十万七","1","1","2"
"度六百九十万七千","1","1","2"
"六百九十万七千四","1","1","2"
"百九十万七千四百","1","1","2"
"九十万七千四百六","1","1","2"
"十万七千四百六十","1","1","2"
"万七千四百六十九","1","1","2"
"七千四百六十九分","1","1","2"
"三万二千六百二十","1","1","2"
"万二千六百二十五","1","1","2"
"二千六百二十五分","1","1","2"
"千三百二十一万五","1","1","2"
"三百二十一万五百","1","1","2"
"百二十一万五百分","1","1","2"
"行四千三百二十分","1","1","2"
"日行九十二分度五","2","0","2"
"行九十二分度五十","2","0","2"
"九十二分度五十三","2","0","2"
"日千五百六十八万","2","0","2"
"百一十四度八百二","1","1","2"
"一十四度八百二十","1","1","2"
"十四度八百二十一","1","1","2"
"四度八百二十一万","1","1","2"
"百二十一万八千五","2","0","2"
"二十一万八千五分","2","0","2"
"行星四百一十五度","1","1","2"
"星四百一十五度八","1","1","2"
"四百一十五度八百","1","1","2"
"百一十五度八百二","1","1","2"
"一十五度八百二十","1","1","2"
"十五度八百二十一","1","1","2"
"五度八百二十一万","1","1","2"
"三千八百二十四分","1","1","2"
"日行一度三分度一","2","0","2"
"行星六十八度四千","1","1","2"
"星六十八度四千六","1","1","2"
"六十八度四千六百","1","1","2"
"十八度四千六百六","1","1","2"
"八度四千六百六十","1","1","2"
"千六百六十一万一","2","0","2"
"六百六十一万一百","2","0","2"
"百六十一万一百二","2","0","2"
"六十一万一百二十","2","0","2"
"十一万一百二十八","2","0","2"
"一万一百二十八分","2","0","2"
"十五日一亿二千二","2","0","2"
"五日一亿二千二百","2","0","2"
"行星九十六度四千","1","1","2"
"星九十六度四千六","1","1","2"
"九十六度四千六百","1","1","2"
"十六度四千六百六","1","1","2"
"六度四千六百六十","1","1","2"
"五千八百六十六万","1","1","2"
"千八百六十六万二","1","1","2"
"八百六十六万二千","1","1","2"
"百六十六万二千八","1","1","2"
"六十六万二千八百","1","1","2"
"十六万二千八百二","1","1","2"
"六万二千八百二十","1","1","2"
"万二千八百二十分","1","1","2"
"行星十九度七千五","1","1","2"
"星十九度七千五百","1","1","2"
"十九度七千五百四","1","1","2"
"九度七千五百四十","1","1","2"
"度七千五百四十一","1","1","2"
"七千五百四十一万","1","1","2"
"千五百四十一万九","1","1","2"
"五百四十一万九千","1","1","2"
"百四十一万九千四","1","1","2"
"四十一万九千四百","1","1","2"
"十一万九千四百七","1","1","2"
"一万九千四百七十","1","1","2"
"万九千四百七十七","1","1","2"
"九千四百七十七分","1","1","2"
"十四万一千四百八","1","1","2"
"四万一千四百八十","1","1","2"
"商十二月乙丑朔旦","1","1","2"
"十二月乙丑朔旦冬","1","1","2"
"商十二月甲申朔旦","1","1","2"
"十二月甲申朔旦冬","1","1","2"
"十三万二千一百一","1","1","2"
"三万二千一百一十","1","1","2"
"万二千一百一十三","1","1","2"
"周公七年复子明辟","1","1","2"
"成王元年正月己巳","1","1","2"
"王元年正月己巳朔","1","1","2"
"康王十二年六月戊","1","1","2"
"王十二年六月戊辰","1","1","2"
"公二十四年正月丙","1","1","2"
"二十四年正月丙申","1","1","2"
"十四年正月丙申朔","1","1","2"
"四年正月丙申朔旦","1","1","2"
"年正月丙申朔旦冬","1","1","2"
"懿公九年正月癸巳","1","1","2"
"惠公三十八年正月","1","1","2"
"公三十八年正月壬","1","1","2"
"三十八年正月壬申","1","1","2"
"成公十二年正月庚","1","1","2"
"公十二年正月庚寅","1","1","2"
"十二年正月庚寅朔","1","1","2"
"二万六千六百六旬","2","0","2"
"哀公十二年冬十二","1","1","2"
"公十二年冬十二月","1","1","2"
"元公四年正月戊申","1","1","2"
"公四年正月戊申朔","1","1","2"
"康公四年正月丁亥","1","1","2"
"公四年正月丁亥朔","1","1","2"
"缗公二十二年正月","1","1","2"
"公二十二年正月丙","1","1","2"
"二十二年正月丙寅","1","1","2"
"十二年正月丙寅朔","1","1","2"
"八年十一月乙巳朔","1","1","2"
"元朔六年十一月甲","1","1","2"
"朔六年十一月甲申","1","1","2"
"六年十一月甲申朔","1","1","2"
"二年十一月癸亥朔","1","1","2"
"临政愿治七十余岁","2","0","2"
"政愿治七十余岁矣","2","0","2"
"非礼义科指世世通","2","0","2"
"礼义科指世世通行","2","0","2"
"义科指世世通行者","2","0","2"
"时涿郡太守郑昌上","1","1","2"
"司农中丞耿寿昌善","1","1","2"
"更名天下田曰王田","2","0","2"
"边兵二十余万人仰","2","0","2"
"流民入关者数十万","2","0","2"
"民入关者数十万人","2","0","2"
"诏郡国举贤良文学","2","0","2"
"郡国举贤良文学士","2","0","2"
"令公卿下郡县黄绶","2","0","2"
"陈宝祠后七十一年","1","1","2"
"周太史儋见秦献公","1","1","2"
"汾阴男子公孙滂洋","1","1","2"
"阴男子公孙滂洋等","1","1","2"
"京兆尹张敞上疏谏","1","1","2"
"车骑将军许嘉等八","1","1","2"
"骑将军许嘉等八人","1","1","2"
"议郎翟方进等五十","1","1","2"
"郎翟方进等五十人","1","1","2"
"上林苑中长安城旁","1","1","2"
"元鼎四年十一月甲","1","1","2"
"鼎四年十一月甲子","1","1","2"
"河东后土长安南北","2","0","2"
"东后土长安南北郊","2","0","2"
"孟春正月上辛若丁","1","1","2"
"乱臣贼子伏尸流血","1","1","2"
"诸侯奔走保社稷者","2","0","2"
"侯奔走保社稷者胜","2","0","2"
"奔走保社稷者胜数","2","0","2"
"孝景元年正月癸酉","1","1","2"
"遣大将军周亚夫等","1","1","2"
"大将军周亚夫等戍","1","1","2"
"孝武建元三年三月","1","1","2"
"元平元年正月庚子","1","1","2"
"本始元年四月壬戌","1","1","2"
"地节元年正月戊午","1","1","2"
"元帝初元元年四月","1","1","2"
"建始元年九月戊子","1","1","2"
"河平二年十月下旬","1","1","2"
"郡庄平男子侯母辟","1","1","2"
"庄平男子侯母辟兄","1","1","2"
"平男子侯母辟兄弟","1","1","2"
"男子侯母辟兄弟五","1","1","2"
"子侯母辟兄弟五人","1","1","2"
"元延元年四月丁酉","1","1","2"
"平元年正月丁未日","1","1","2"
"贺良等建言改元易","2","0","2"
"良等建言改元易号","2","0","2"
"禹大法九章常事所","1","1","2"
"桓公十四年八月壬","1","1","2"
"公十四年八月壬申","1","1","2"
"公二十年五月乙巳","1","1","2"
"成公三年二月甲子","1","1","2"
"昭公六年六月丙戌","1","1","2"
"哀公十七年七月己","1","1","2"
"公十七年七月己卯","1","1","2"
"哀公三年五月辛卯","1","1","2"
"高后元年五月丙申","1","1","2"
"惠帝四年十月乙亥","1","1","2"
"文帝七年六月癸酉","1","1","2"
"帝建元六年六月丁","1","1","2"
"建元六年六月丁酉","1","1","2"
"太初元年十一月乙","1","1","2"
"初元年十一月乙酉","1","1","2"
"成帝河平二年正月","1","1","2"
"元凤四年五月丁丑","1","1","2"
"元帝初元三年四月","1","1","2"
"帝初元三年四月乙","1","1","2"
"永光四年六月甲戌","1","1","2"
"帝建始元年正月乙","1","1","2"
"建始元年正月乙丑","1","1","2"
"鸿嘉三年八月乙卯","1","1","2"
"永始元年正月癸丑","1","1","2"
"永始四年四月癸未","1","1","2"
"哀帝建平三年正月","1","1","2"
"帝建平三年正月癸","1","1","2"
"建平三年正月癸卯","1","1","2"
"平帝元始五年七月","1","1","2"
"帝元始五年七月己","1","1","2"
"元始五年七月己亥","1","1","2"
"成帝母王太后临朝","2","0","2"
"成帝鸿嘉三年五月","1","1","2"
"帝鸿嘉三年五月乙","1","1","2"
"鸿嘉三年五月乙亥","1","1","2"
"昭公二十一年三月","1","1","2"
"隐公九年三月癸酉","1","1","2"
"昭帝始元元年七月","1","1","2"
"大臣车骑将军王音","1","1","2"
"典门户奉宿卫臣执","2","0","2"
"门户奉宿卫臣执干","2","0","2"
"户奉宿卫臣执干戈","2","0","2"
"奉宿卫臣执干戈守","2","0","2"
"宿卫臣执干戈守空","2","0","2"
"卫臣执干戈守空宫","2","0","2"
"燕黄鼠衔尾舞王宫","2","0","2"
"黄鼠衔尾舞王宫端","2","0","2"
"鼠衔尾舞王宫端门","2","0","2"
"衔尾舞王宫端门中","2","0","2"
"成帝建始四年九月","1","1","2"
"襄公三十一年正月","1","1","2"
"将军众十余万征匈","2","0","2"
"军众十余万征匈奴","2","0","2"
"成帝建始二年三月","1","1","2"
"帝建始二年三月戊","1","1","2"
"建始二年三月戊子","1","1","2"
"襄公十七年十一月","1","1","2"
"公十七年十一月甲","1","1","2"
"十七年十一月甲午","1","1","2"
"犹诸侯举兵乡京师","2","0","2"
"昭公二十四年十月","1","1","2"
"公二十四年十月癸","1","1","2"
"二十四年十月癸酉","1","1","2"
"秦始皇帝三十六年","1","1","2"
"孝昭元凤三年正月","2","0","2"
"莱芜山南匈匈数千","2","0","2"
"芜山南匈匈数千人","2","0","2"
"山南匈匈数千人声","2","0","2"
"周威烈王二十三年","1","1","2"
"成帝元延元年正月","1","1","2"
"上林苑中大柳树断","2","0","2"
"成帝永始元年二月","1","1","2"
"哀帝建平三年十月","1","1","2"
"平帝元始三年正月","1","1","2"
"成帝河平元年二月","1","1","2"
"帝河平元年二月庚","1","1","2"
"河平元年二月庚子","1","1","2"
"武帝元狩元年十二","1","1","2"
"帝元狩元年十二月","1","1","2"
"元帝建昭二年十一","1","1","2"
"帝建昭二年十一月","1","1","2"
"武帝元光四年四月","1","1","2"
"宣帝地节四年五月","1","1","2"
"大司马霍禹宗族谋","1","1","2"
"司马霍禹宗族谋反","1","1","2"
"成帝河平二年四月","1","1","2"
"公三十二年十二月","1","1","2"
"三十二年十二月己","1","1","2"
"十二年十二月己卯","1","1","2"
"哀帝建平二年四月","1","1","2"
"帝建平二年四月乙","1","1","2"
"建平二年四月乙亥","1","1","2"
"哀公十二年十二月","1","1","2"
"昭王三十四年渭水","1","1","2"
"公十五年九月己卯","1","1","2"
"十五年九月己卯晦","1","1","2"
"宫馆阁道相连三十","1","1","2"
"馆阁道相连三十余","1","1","2"
"阁道相连三十余里","1","1","2"
"成帝建始元年四月","1","1","2"
"帝建始元年四月辛","1","1","2"
"建始元年四月辛丑","1","1","2"
"始元年四月辛丑夜","1","1","2"
"宣帝本始四年四月","1","1","2"
"帝本始四年四月壬","1","1","2"
"本始四年四月壬寅","1","1","2"
"立悼惠王庶子六人","1","1","2"
"元延三年正月丙寅","1","1","2"
"貌言视听思心五事","1","1","2"
"昭帝元平元年四月","1","1","2"
"惠帝二年正月癸酉","1","1","2"
"武帝太始四年七月","1","1","2"
"侍中董贤年二十二","1","1","2"
"成帝建始三年十月","1","1","2"
"帝建始三年十月丁","1","1","2"
"建始三年十月丁未","1","1","2"
"入未央宫尚方掖门","1","1","2"
"哀帝建平四年正月","1","1","2"
"桓公三年七月壬辰","1","1","2"
"公三年七月壬辰朔","1","1","2"
"二十五年六月辛未","1","1","2"
"十五年六月辛未朔","1","1","2"
"二十六年十二月癸","1","1","2"
"十六年十二月癸亥","1","1","2"
"六年十二月癸亥朔","1","1","2"
"三十年九月庚午朔","1","1","2"
"僖公五年九月戊申","1","1","2"
"公五年九月戊申朔","1","1","2"
"十五年六月辛丑朔","1","1","2"
"宣公八年七月甲子","1","1","2"
"十七年十二月丁巳","1","1","2"
"七年十二月丁巳朔","1","1","2"
"襄公十四年二月乙","1","1","2"
"公十四年二月乙未","1","1","2"
"十四年二月乙未朔","1","1","2"
"十五年八月丁巳朔","1","1","2"
"二十年十月丙辰朔","1","1","2"
"二十一年九月庚戌","1","1","2"
"十一年九月庚戌朔","1","1","2"
"二十三年二月癸酉","1","1","2"
"十三年二月癸酉朔","1","1","2"
"二十四年七月甲子","1","1","2"
"十四年七月甲子朔","1","1","2"
"二十七年十二月乙","1","1","2"
"十七年十二月乙亥","1","1","2"
"七年十二月乙亥朔","1","1","2"
"昭公七年四月甲辰","1","1","2"
"公七年四月甲辰朔","1","1","2"
"十一月鲁季孙宿卒","1","1","2"
"十五年六月丁巳朔","1","1","2"
"十七年六月甲戌朔","1","1","2"
"二十一年七月壬午","1","1","2"
"十一年七月壬午朔","1","1","2"
"二十二年十二月癸","1","1","2"
"十二年十二月癸酉","1","1","2"
"二年十二月癸酉朔","1","1","2"
"三十一年十二月辛","1","1","2"
"十一年十二月辛亥","1","1","2"
"一年十二月辛亥朔","1","1","2"
"定公五年三月辛亥","1","1","2"
"公五年三月辛亥朔","1","1","2"
"十二年十一月丙寅","1","1","2"
"二年十一月丙寅朔","1","1","2"
"十五年八月庚辰朔","1","1","2"
"哀公十四年五月庚","1","1","2"
"公十四年五月庚申","1","1","2"
"十四年五月庚申朔","1","1","2"
"高帝三年十月甲戌","1","1","2"
"帝三年十月甲戌晦","1","1","2"
"惠帝七年正月辛丑","1","1","2"
"帝七年正月辛丑朔","1","1","2"
"高后二年六月丙戌","1","1","2"
"后二年六月丙戌晦","1","1","2"
"文帝二年十一月癸","1","1","2"
"帝二年十一月癸卯","1","1","2"
"二年十一月癸卯晦","1","1","2"
"后四年四月丙辰晦","1","1","2"
"七年十一月庚寅晦","1","1","2"
"中元年十二月甲寅","1","1","2"
"元年十二月甲寅晦","1","1","2"
"中二年九月甲戌晦","1","1","2"
"武帝建元二年二月","1","1","2"
"帝建元二年二月丙","1","1","2"
"建元二年二月丙戌","1","1","2"
"元二年二月丙戌朔","1","1","2"
"元光元年二月丙辰","1","1","2"
"光元年二月丙辰晦","1","1","2"
"元朔二年二月乙巳","1","1","2"
"朔二年二月乙巳晦","1","1","2"
"六年十一月癸丑晦","1","1","2"
"元狩元年五月乙巳","1","1","2"
"狩元年五月乙巳晦","1","1","2"
"元鼎五年四月丁丑","1","1","2"
"鼎五年四月丁丑晦","1","1","2"
"元封四年六月己酉","1","1","2"
"封四年六月己酉朔","1","1","2"
"太始元年正月乙巳","1","1","2"
"始元年正月乙巳晦","1","1","2"
"昭帝始元三年十一","1","1","2"
"帝始元三年十一月","1","1","2"
"始元三年十一月壬","1","1","2"
"元三年十一月壬辰","1","1","2"
"三年十一月壬辰朔","1","1","2"
"元凤元年七月己亥","1","1","2"
"凤元年七月己亥晦","1","1","2"
"五凤元年十二月乙","1","1","2"
"凤元年十二月乙酉","1","1","2"
"元年十二月乙酉朔","1","1","2"
"光二年三月壬戌朔","1","1","2"
"建昭五年六月壬申","1","1","2"
"昭五年六月壬申晦","1","1","2"
"成帝建始三年十二","1","1","2"
"帝建始三年十二月","1","1","2"
"建始三年十二月戊","1","1","2"
"始三年十二月戊申","1","1","2"
"三年十二月戊申朔","1","1","2"
"必適妾将争宠相害","2","0","2"
"適妾将争宠相害患","2","0","2"
"妾将争宠相害患者","2","0","2"
"河平元年四月己亥","1","1","2"
"平元年四月己亥晦","1","1","2"
"阳朔元年二月丁未","1","1","2"
"朔元年二月丁未晦","1","1","2"
"永始元年九月丁巳","1","1","2"
"始元年九月丁巳晦","1","1","2"
"永始二年二月乙酉","1","1","2"
"始二年二月乙酉晦","1","1","2"
"元延元年正月己亥","1","1","2"
"延元年正月己亥朔","1","1","2"
"哀帝元寿元年正月","1","1","2"
"帝元寿元年正月辛","1","1","2"
"元寿元年正月辛丑","1","1","2"
"寿元年正月辛丑朔","1","1","2"
"平帝元始元年五月","1","1","2"
"帝元始元年五月丁","1","1","2"
"成帝建始元年八月","1","1","2"
"帝建始元年八月戊","1","1","2"
"建始元年八月戊午","1","1","2"
"元帝永光元年四月","1","1","2"
"成帝河平元年正月","1","1","2"
"帝河平元年正月壬","1","1","2"
"河平元年正月壬寅","1","1","2"
"平元年正月壬寅朔","1","1","2"
"严公七年四月辛卯","1","1","2"
"公七年四月辛卯夜","1","1","2"
"成帝永始二年二月","1","1","2"
"帝永始二年二月癸","1","1","2"
"哀公十三年冬十一","1","1","2"
"公十三年冬十一月","1","1","2"
"宣帝地节元年正月","1","1","2"
"公十六年正月戊申","1","1","2"
"十六年正月戊申朔","1","1","2"
"元帝建昭元年正月","1","1","2"
"帝建昭元年正月戊","1","1","2"
"建昭元年正月戊辰","1","1","2"
"成帝建始四年正月","1","1","2"
"帝建始四年正月癸","1","1","2"
"建始四年正月癸卯","1","1","2"
"阳朔三年二月壬戌","1","1","2"
"鸿嘉二年五月癸未","1","1","2"
"平帝元始二年六月","1","1","2"
"六十八万二千四百","1","1","2"
"十八万二千四百六","1","1","2"
"八万二千四百六十","1","1","2"
"万二千四百六十八","1","1","2"
"二十四万六千二百","1","1","2"
"二十三万五千一百","1","1","2"
"九十一万七千八百","1","1","2"
"十一万七千八百二","1","1","2"
"一万七千八百二十","1","1","2"
"万七千八百二十二","1","1","2"
"十七万九千四百六","1","1","2"
"七万九千四百六十","1","1","2"
"万九千四百六十九","1","1","2"
"二十一万六千三百","1","1","2"
"十一万六千三百七","1","1","2"
"四十七万五千九百","1","1","2"
"十七万五千九百五","1","1","2"
"七万五千九百五十","1","1","2"
"万五千九百五十四","1","1","2"
"十三万六千八百九","1","1","2"
"三万六千八百九十","1","1","2"
"万六千八百九十六","1","1","2"
"十六万二千九百一","1","1","2"
"六万二千九百一十","1","1","2"
"万二千九百一十二","1","1","2"
"韩武子玄孙贞子居","1","1","2"
"十六万九千八百六","1","1","2"
"万九千八百六十三","1","1","2"
"六十八万四百八十","1","1","2"
"十八万四百八十八","1","1","2"
"七万三千七百九十","1","1","2"
"万三千七百九十八","1","1","2"
"三十三万七千七百","1","1","2"
"万七千七百六十六","1","1","2"
"二十四万一千二百","1","1","2"
"十四万一千二百四","1","1","2"
"四万一千二百四十","1","1","2"
"万一千二百四十六","1","1","2"
"五万二千八百三十","1","1","2"
"万二千八百三十九","1","1","2"
"四十万一千二百九","1","1","2"
"十万一千二百九十","1","1","2"
"万一千二百九十七","1","1","2"
"二十九万六千二百","1","1","2"
"十九万六千二百八","1","1","2"
"九万六千二百八十","1","1","2"
"万六千二百八十四","1","1","2"
"四万一千六百五十","1","1","2"
"二十六万一千四百","1","1","2"
"十六万一千四百一","1","1","2"
"六万一千四百一十","1","1","2"
"万一千四百一十八","1","1","2"
"六万一千五百八十","1","1","2"
"万一千五百八十七","1","1","2"
"二百五十九万六千","1","1","2"
"百五十九万六千一","1","1","2"
"五十九万六千一百","1","1","2"
"十九万六千一百四","1","1","2"
"九万六千一百四十","1","1","2"
"万六千一百四十八","1","1","2"
"三十五万九千三百","1","1","2"
"十五万九千三百一","1","1","2"
"五万九千三百一十","1","1","2"
"万九千三百一十六","1","1","2"
"一百九十四万二千","1","1","2"
"四万七千五百四十","1","1","2"
"十二万五千五百七","1","1","2"
"二万五千五百七十","1","1","2"
"万五千五百七十九","1","1","2"
"七十一万八千五百","1","1","2"
"十一万八千五百四","1","1","2"
"一万八千五百四十","1","1","2"
"五万六千八百四十","1","1","2"
"万六千八百四十四","1","1","2"
"二十一万九千二百","1","1","2"
"十一万九千二百一","1","1","2"
"一万九千二百一十","1","1","2"
"万九千二百一十八","1","1","2"
"十七万二千八百四","1","1","2"
"七万二千八百四十","1","1","2"
"万二千八百四十七","1","1","2"
"八十万一千二百八","1","1","2"
"十万一千二百八十","1","1","2"
"万一千二百八十八","1","1","2"
"百三十八万六千二","1","1","2"
"三十八万六千二百","1","1","2"
"十八万六千二百七","1","1","2"
"八万六千二百七十","1","1","2"
"万六千二百七十八","1","1","2"
"七十八万二千七百","1","1","2"
"十八万二千七百六","1","1","2"
"八万二千七百六十","1","1","2"
"万二千七百六十四","1","1","2"
"十一万六千七百二","1","1","2"
"一万六千七百二十","1","1","2"
"万六千七百二十七","1","1","2"
"六十四万二千八百","1","1","2"
"十四万二千八百八","1","1","2"
"四万二千八百八十","1","1","2"
"万二千八百八十四","1","1","2"
"七十二万六千六百","1","1","2"
"五十九万三千一百","1","1","2"
"十九万三千一百五","1","1","2"
"九万三千一百五十","1","1","2"
"万三千一百五十九","1","1","2"
"十万三千二百九十","1","1","2"
"万三千二百九十二","1","1","2"
"五十万二千六百九","1","1","2"
"十万二千六百九十","1","1","2"
"万二千六百九十三","1","1","2"
"三十五万八千四百","1","1","2"
"十五万八千四百一","1","1","2"
"五万八千四百一十","1","1","2"
"万八千四百一十四","1","1","2"
"百五十五万九千三","1","1","2"
"五十五万九千三百","1","1","2"
"十五万九千三百五","1","1","2"
"五万九千三百五十","1","1","2"
"万九千三百五十七","1","1","2"
"户二十六万八千二","2","0","2"
"十六万八千二百八","1","1","2"
"六万八千二百八十","1","1","2"
"万八千二百八十三","1","1","2"
"百二十三万七千七","1","1","2"
"二十三万七千七百","1","1","2"
"万七千七百六十四","1","1","2"
"十万七千五百四十","1","1","2"
"万七千五百四十一","1","1","2"
"四十万五千一百七","1","1","2"
"十万五千一百七十","1","1","2"
"六万七千四百六十","1","1","2"
"万七千四百六十二","1","1","2"
"三十五万一千九百","1","1","2"
"十五万一千九百六","1","1","2"
"五万一千九百六十","1","1","2"
"万一千九百六十五","1","1","2"
"十五万六千四百八","1","1","2"
"五万六千四百八十","1","1","2"
"万六千四百八十八","1","1","2"
"三万四千一百七十","1","1","2"
"万四千一百七十七","1","1","2"
"十八万五千七百五","1","1","2"
"八万五千七百五十","1","1","2"
"万五千七百五十八","1","1","2"
"三万九千三百七十","1","1","2"
"万九千三百七十八","1","1","2"
"行二千五百三十里","2","0","2"
"十万一千五百七十","1","1","2"
"十六万八千二百七","1","1","2"
"六万八千二百七十","1","1","2"
"万八千二百七十九","1","1","2"
"百二十四万五千九","1","1","2"
"二十四万五千九百","1","1","2"
"十四万五千九百二","1","1","2"
"四万五千九百二十","1","1","2"
"万五千九百二十九","1","1","2"
"七万六千二百五十","1","1","2"
"万六千二百五十六","1","1","2"
"十万九千四百一十","1","1","2"
"万九千四百一十九","1","1","2"
"四十八万九千四百","1","1","2"
"十八万九千四百八","1","1","2"
"八万九千四百八十","1","1","2"
"万九千四百八十六","1","1","2"
"八万一千九百四十","1","1","2"
"万一千九百四十六","1","1","2"
"五十八万四百六十","1","1","2"
"十八万四百六十三","1","1","2"
"二万四千二百一十","1","1","2"
"万四千二百一十九","1","1","2"
"十五万三千三百六","1","1","2"
"五万三千三百六十","1","1","2"
"十五万八千六百四","1","1","2"
"五万八千六百四十","1","1","2"
"万八千六百四十三","1","1","2"
"五万一千三百七十","1","1","2"
"万一千三百七十六","1","1","2"
"二十三万五千五百","1","1","2"
"十三万五千五百六","1","1","2"
"三万五千五百六十","1","1","2"
"五万三千九百六十","1","1","2"
"万三千九百六十四","1","1","2"
"三万八千四百七十","1","1","2"
"十四万九千六百四","1","1","2"
"四万九千六百四十","1","1","2"
"万九千六百四十八","1","1","2"
"二十六万一千三百","1","1","2"
"十六万一千三百四","1","1","2"
"六万一千三百四十","1","1","2"
"万一千三百四十八","1","1","2"
"万七千五百八十一","1","1","2"
"七万六千四百一十","1","1","2"
"万六千四百一十九","1","1","2"
"二万四千三百五十","1","1","2"
"万四千三百五十二","1","1","2"
"八万八千七百三十","1","1","2"
"万八千七百三十一","1","1","2"
"万八千一百三十七","1","1","2"
"七万六千七百二十","1","1","2"
"万六千七百二十六","1","1","2"
"三万八千三百三十","1","1","2"
"万八千三百三十五","1","1","2"
"宜禾都尉治昆仑障","1","1","2"
"四万二千七百二十","1","1","2"
"万二千七百二十五","1","1","2"
"十四万三千二百九","1","1","2"
"四万三千二百九十","1","1","2"
"万三千二百九十四","1","1","2"
"六万四千四百六十","1","1","2"
"万四千四百六十一","1","1","2"
"十万三千六百八十","1","1","2"
"万三千六百八十三","1","1","2"
"六十万六千六百五","1","1","2"
"十三万六千三百九","1","1","2"
"三万六千三百九十","1","1","2"
"六十九万八千八百","1","1","2"
"十九万八千八百三","1","1","2"
"九万八千八百三十","1","1","2"
"万八千八百三十六","1","1","2"
"三万四千三百三十","1","1","2"
"万四千三百三十八","1","1","2"
"十三万六千六百二","1","1","2"
"三万六千六百二十","1","1","2"
"万六千六百二十八","1","1","2"
"二十三万一千三百","1","1","2"
"十三万一千三百二","1","1","2"
"三万一千三百二十","1","1","2"
"万一千三百二十八","1","1","2"
"十七万三千二百七","1","1","2"
"七万三千二百七十","1","1","2"
"三万八千五百五十","1","1","2"
"万八千五百五十九","1","1","2"
"十六万三千一百四","1","1","2"
"六万三千一百四十","1","1","2"
"万三千一百四十四","1","1","2"
"七万三千一百三十","1","1","2"
"万三千一百三十八","1","1","2"
"二十九万三千四百","1","1","2"
"十九万三千四百五","1","1","2"
"九万三千四百五十","1","1","2"
"万三千四百五十四","1","1","2"
"五万六千七百七十","1","1","2"
"万六千七百七十一","1","1","2"
"十一万七千七百六","1","1","2"
"一万七千七百六十","1","1","2"
"万七千七百六十二","1","1","2"
"二十六万四千一百","1","1","2"
"十六万四千一百一","1","1","2"
"六万四千一百一十","1","1","2"
"万四千一百一十六","1","1","2"
"六万六千六百八十","1","1","2"
"万六千六百八十九","1","1","2"
"三十二万七百八十","1","1","2"
"七万二千六百五十","1","1","2"
"万二千六百五十四","1","1","2"
"三十五万二千三百","1","1","2"
"十五万二千三百二","1","1","2"
"五万二千三百二十","1","1","2"
"万二千三百二十五","1","1","2"
"五万五千九百七十","1","1","2"
"万五千九百七十二","1","1","2"
"二十七万二千五百","1","1","2"
"十七万二千五百三","1","1","2"
"七万二千五百三十","1","1","2"
"万二千五百三十九","1","1","2"
"二十二万一千八百","1","1","2"
"十二万一千八百四","1","1","2"
"二万一千八百四十","1","1","2"
"万一千八百四十五","1","1","2"
"六万二千八百一十","1","1","2"
"万二千八百一十二","1","1","2"
"四十万六千七百四","1","1","2"
"十万六千七百四十","1","1","2"
"万六千七百四十八","1","1","2"
"万九千六百一十三","1","1","2"
"九万四千二百五十","1","1","2"
"万四千二百五十三","1","1","2"
"万二千四百一十五","1","1","2"
"七万一千一百六十","1","1","2"
"万一千一百六十二","1","1","2"
"二万四千三百七十","1","1","2"
"万四千三百七十九","1","1","2"
"十四万六千一百六","1","1","2"
"四万六千一百六十","1","1","2"
"九万二千四百四十","1","1","2"
"七十四万六千二百","1","1","2"
"十四万六千二百三","1","1","2"
"四万六千二百三十","1","1","2"
"万五千三百九十八","1","1","2"
"七万八千九百八十","1","1","2"
"三万五千七百四十","1","1","2"
"万五千七百四十三","1","1","2"
"行三千一百八十里","1","1","2"
"六万九千四百八十","1","1","2"
"万九千四百八十五","1","1","2"
"三十四万九千九百","1","1","2"
"十四万九千九百五","1","1","2"
"四万九千九百五十","1","1","2"
"万九千九百五十二","1","1","2"
"二万七千九百八十","1","1","2"
"万七千九百八十四","1","1","2"
"十九万八千五百五","1","1","2"
"九万八千五百五十","1","1","2"
"万八千五百五十八","1","1","2"
"三万七千一百二十","1","1","2"
"万七千一百二十六","1","1","2"
"口十七万八千六百","2","0","2"
"六万五千五百五十","1","1","2"
"万五千五百五十六","1","1","2"
"三十万四千三百八","1","1","2"
"十万四千三百八十","1","1","2"
"万四千三百八十四","1","1","2"
"十八万七千六百六","1","1","2"
"八万七千六百六十","1","1","2"
"万七千六百六十二","1","1","2"
"三十二万三千三百","1","1","2"
"十二万三千三百三","1","1","2"
"二万三千三百三十","1","1","2"
"万三千三百三十一","1","1","2"
"十九万二千五百三","1","1","2"
"九万二千五百三十","1","1","2"
"万二千五百三十六","1","1","2"
"五万六千六百四十","1","1","2"
"万六千六百四十二","1","1","2"
"二十万五千七百八","1","1","2"
"十万五千七百八十","1","1","2"
"万五千七百八十四","1","1","2"
"十三万五千五百四","1","1","2"
"三万五千五百四十","1","1","2"
"万五千五百四十四","1","1","2"
"九十八万一千四百","1","1","2"
"十八万一千四百二","1","1","2"
"八万一千四百二十","1","1","2"
"万一千四百二十三","1","1","2"
"十万六千七百五十","1","1","2"
"万六千七百五十二","1","1","2"
"十三万一千七百五","1","1","2"
"三万一千七百五十","1","1","2"
"万一千七百五十三","1","1","2"
"六十万七千九百七","1","1","2"
"十万七千九百七十","1","1","2"
"万七千九百七十六","1","1","2"
"六十万七千三百八","1","1","2"
"十万七千三百八十","1","1","2"
"万七千三百八十一","1","1","2"
"十一万四千七百三","1","1","2"
"一万四千七百三十","1","1","2"
"万四千七百三十八","1","1","2"
"四十九万七千八百","1","1","2"
"十一万九千一百一","1","1","2"
"一万九千一百一十","1","1","2"
"万九千一百一十四","1","1","2"
"三万六千七百七十","1","1","2"
"万六千七百七十三","1","1","2"
"三万八千三百四十","1","1","2"
"万八千三百四十五","1","1","2"
"四万三千四百七十","1","1","2"
"二十三万五千八百","1","1","2"
"十三万五千八百二","1","1","2"
"三万五千八百二十","1","1","2"
"万五千八百二十五","1","1","2"
"万三千三百六十八","1","1","2"
"三千三百六十八里","1","1","2"
"四千五百一十三万","1","1","2"
"千五百一十三万六","1","1","2"
"五百一十三万六千","1","1","2"
"百一十三万六千四","1","1","2"
"一十三万六千四百","1","1","2"
"二百五十二万八千","1","1","2"
"百五十二万八千八","1","1","2"
"五十二万八千八百","1","1","2"
"十二万八千八百八","1","1","2"
"二万八千八百八十","1","1","2"
"万八千八百八十九","1","1","2"
"八千八百八十九顷","1","1","2"
"三千二百二十九万","1","1","2"
"千二百二十九万九","1","1","2"
"二百二十九万九百","1","1","2"
"百二十九万九百四","1","1","2"
"二十九万九百四十","1","1","2"
"十九万九百四十七","1","1","2"
"九万九百四十七顷","1","1","2"
"周武王封舜后妫满","2","0","2"
"武王封舜后妫满陈","2","0","2"
"光禄大夫刘向校经","1","1","2"
"禄大夫刘向校经传","1","1","2"
"大夫刘向校经传诸","1","1","2"
"夫刘向校经传诸子","1","1","2"
"刘向校经传诸子诗","1","1","2"
"向校经传诸子诗赋","1","1","2"
"步兵校尉任宏校兵","1","1","2"
"兵校尉任宏校兵书","1","1","2"
"太史作大篆十五篇","1","1","2"
"三千一百二十三篇","1","1","2"
"四千三百二十四篇","1","1","2"
"淮南王二百五十九","1","1","2"
"南王二百五十九种","1","1","2"
"十家二百七十一篇","1","1","2"
"家二百七十一篇重","1","1","2"
"二千五百二十八卷","1","1","2"
"万三千二百六十九","1","1","2"
"三千二百六十九卷","1","1","2"
"遇齐使者高陵君显","2","0","2"
"越击杀济北王田安","1","1","2"
"海春侯大司马曹咎","1","1","2"
"楚方急围汉王荥阳","2","0","2"
"闻汉王使郦食说下","2","0","2"
"汉王使郦食说下齐","2","0","2"
"深入敌国八九百里","1","1","2"
"侍中金敞拾遗左右","2","0","2"
"元舅阳平侯王凤大","2","0","2"
"舅阳平侯王凤大将","2","0","2"
"阳平侯王凤大将军","2","0","2"
"圣帝明王贤君智士","1","1","2"
"谨案春秋二百四十","1","1","2"
"案春秋二百四十二","1","1","2"
"名儒光禄大夫龚胜","1","1","2"
"十万众横行匈奴中","2","0","2"
"所食关内侯邑二千","1","1","2"
"食关内侯邑二千户","1","1","2"
"玄孙建世等十二人","1","1","2"
"宫室帷帐狗马重宝","1","1","2"
"室帷帐狗马重宝妇","1","1","2"
"帷帐狗马重宝妇女","1","1","2"
"陛下能制项籍死命","1","1","2"
"人上书告楚王韩信","1","1","2"
"上书告楚王韩信反","1","1","2"
"御史大夫施屠浑都","1","1","2"
"后匈奴王徐卢等五","1","1","2"
"匈奴王徐卢等五人","1","1","2"
"奴王徐卢等五人降","1","1","2"
"所将卒斩骑将一人","2","0","2"
"益食邑二千五百户","2","0","2"
"城皆将相告曰范阳","2","0","2"
"皆将相告曰范阳令","2","0","2"
"将相告曰范阳令先","2","0","2"
"太后弟宜乡侯冯参","1","1","2"
"丞相王嘉内疑东平","2","0","2"
"孔乡侯傅晏大司马","2","0","2"
"乡侯傅晏大司马卫","2","0","2"
"侯傅晏大司马卫将","2","0","2"
"傅晏大司马卫将军","2","0","2"
"安侯丁明大司马票","2","0","2"
"侯丁明大司马票骑","2","0","2"
"丁明大司马票骑将","2","0","2"
"左曹光禄大夫宜陵","1","1","2"
"曹光禄大夫宜陵侯","1","1","2"
"父母妻子同产少长","2","0","2"
"母妻子同产少长皆","2","0","2"
"妻子同产少长皆弃","2","0","2"
"子同产少长皆弃市","2","0","2"
"率襄平侯通持节承","1","1","2"
"襄平侯通持节承诏","1","1","2"
"平侯通持节承诏入","1","1","2"
"侯通持节承诏入北","1","1","2"
"通持节承诏入北军","1","1","2"
"立齐悼惠王子六人","1","1","2"
"封故御史大夫周苛","1","1","2"
"举贤良方正直言极","1","1","2"
"元光元年冬十一月","1","1","2"
"侍中奉车都尉霍光","1","1","2"
"奉车都尉霍光大司","2","0","2"
"车都尉霍光大司马","2","0","2"
"都尉霍光大司马大","2","0","2"
"尉霍光大司马大将","2","0","2"
"霍光大司马大将军","2","0","2"
"大司农阳城侯田延","1","1","2"
"司农阳城侯田延年","1","1","2"
"御史大夫田广明祁","2","0","2"
"史大夫田广明祁连","2","0","2"
"大夫田广明祁连将","2","0","2"
"夫田广明祁连将军","2","0","2"
"后将军赵充国蒲类","2","0","2"
"将军赵充国蒲类将","2","0","2"
"军赵充国蒲类将军","2","0","2"
"云中太守田顺虎牙","2","0","2"
"中太守田顺虎牙将","2","0","2"
"太守田顺虎牙将军","2","0","2"
"诸姊妹婿度辽将军","1","1","2"
"姊妹婿度辽将军范","1","1","2"
"妹婿度辽将军范明","1","1","2"
"婿度辽将军范明友","1","1","2"
"匈奴日逐王先贤掸","1","1","2"
"骨肉大臣立虚闾权","1","1","2"
"肉大臣立虚闾权渠","1","1","2"
"大臣立虚闾权渠单","1","1","2"
"遣子右贤王铢娄渠","2","0","2"
"周子南君周承休侯","2","0","2"
"渭城寿陵亭部原上","1","1","2"
"赐副校尉陈汤爵关","1","1","2"
"副校尉陈汤爵关内","1","1","2"
"校尉陈汤爵关内侯","1","1","2"
"舅侍中卫尉阳平侯","1","1","2"
"侍中卫尉阳平侯王","1","1","2"
"中卫尉阳平侯王凤","1","1","2"
"平侯王凤大司马大","2","0","2"
"侯王凤大司马大将","2","0","2"
"王凤大司马大将军","2","0","2"
"故河间王弟上郡库","1","1","2"
"河间王弟上郡库令","1","1","2"
"间王弟上郡库令良","1","1","2"
"封中山王舅谏大夫","1","1","2"
"中山王舅谏大夫冯","1","1","2"
"山王舅谏大夫冯参","1","1","2"
"弟侍中光禄大夫赵","1","1","2"
"侍中光禄大夫赵钦","1","1","2"
"渭城西北原上永陵","1","1","2"
"城西北原上永陵亭","1","1","2"
"大司马票骑将军丁","2","0","2"
"司马票骑将军丁明","2","0","2"
"江都易王孙盱台侯","1","1","2"
"广川惠王曾孙伦广","2","0","2"
"川惠王曾孙伦广德","2","0","2"
"惠王曾孙伦广德王","2","0","2"
"故曲周侯郦商等后","1","1","2"
"七百三十万八千七","1","1","2"
"百三十万八千七百","1","1","2"
"三十万八千七百一","1","1","2"
"十万八千七百一十","1","1","2"
"万八千七百一十一","1","1","2"
"二百四十三万六千","1","1","2"
"百四十三万六千二","1","1","2"
"四十三万六千二百","1","1","2"
"十三万六千二百三","1","1","2"
"三万六千二百三十","1","1","2"
"四万一千四百七十","1","1","2"
"万一千四百七十二","1","1","2"
"二万四千一百九十","1","1","2"
"万四千一百九十二","1","1","2"
"二万三千三百二十","1","1","2"
"万三千三百二十八","1","1","2"
"一万八千一百四十","1","1","2"
"万八千一百四十四","1","1","2"
"九百九十七万七千","1","1","2"
"百九十七万七千三","1","1","2"
"九十七万七千三百","1","1","2"
"十七万七千三百三","1","1","2"
"七万七千三百三十","1","1","2"
"万七千三百三十七","1","1","2"
"三百三十二万五千","1","1","2"
"百三十二万五千七","1","1","2"
"三十二万五千七百","1","1","2"
"十二万五千七百七","1","1","2"
"二万五千七百七十","1","1","2"
"万五千七百七十九","1","1","2"
"五万一千八百四十","1","1","2"
"七万九千三百二十","1","1","2"
"万九千三百二十五","1","1","2"
"六百四十二万五千","1","1","2"
"百四十二万五千三","1","1","2"
"四十二万五千三百","1","1","2"
"十二万五千三百二","1","1","2"
"二万五千三百二十","1","1","2"
"万五千三百二十五","1","1","2"
"十六万五千八百八","1","1","2"
"六万五千八百八十","1","1","2"
"万五千八百八十八","1","1","2"
"九万六千七百六十","1","1","2"
"万六千七百六十八","1","1","2"
"九百九十五万五千","1","1","2"
"百九十五万五千七","1","1","2"
"九十五万五千七百","1","1","2"
"十五万五千七百九","1","1","2"
"五万五千七百九十","1","1","2"
"万五千七百九十一","1","1","2"
"六万四千五百一十","1","1","2"
"万四千五百一十二","1","1","2"
"五十五万一千七百","1","1","2"
"十五万一千七百七","1","1","2"
"五万一千七百七十","1","1","2"
"万一千七百七十九","1","1","2"
"四万八千三百八十","1","1","2"
"万八千三百八十四","1","1","2"
"三万六千二百八十","1","1","2"
"万六千二百八十八","1","1","2"
"八万二千二百九十","1","1","2"
"万二千二百九十七","1","1","2"
"四千四百六十九万","1","1","2"
"千四百六十九万四","1","1","2"
"四百六十九万四千","1","1","2"
"百六十七万三千四","1","1","2"
"六十七万三千四百","1","1","2"
"十七万三千四百五","1","1","2"
"七万三千四百五十","1","1","2"
"万三千四百五十一","1","1","2"
"三千四百五十一分","1","1","2"
"五百一十六万三千","1","1","2"
"百一十六万三千一","1","1","2"
"一十六万三千一百","1","1","2"
"行星三十三度三百","1","1","2"
"星三十三度三百三","1","1","2"
"三十三度三百三十","1","1","2"
"十三度三百三十三","1","1","2"
"三度三百三十三万","1","1","2"
"度三百三十三万四","1","1","2"
"百一十三度四百三","1","1","2"
"一十三度四百三十","1","1","2"
"十三度四百三十六","1","1","2"
"三度四百三十六万","1","1","2"
"行星三百五十七度","1","1","2"
"星三百五十七度四","1","1","2"
"三百五十七度四百","1","1","2"
"百五十七度四百三","1","1","2"
"五十七度四百三十","1","1","2"
"十七度四百三十六","1","1","2"
"七度四百三十六万","1","1","2"
"万九千八百六十八","1","1","2"
"九千八百六十八分","1","1","2"
"三百四十日八十六","1","1","2"
"百四十日八十六万","1","1","2"
"四十日八十六万二","1","1","2"
"十日八十六万二千","1","1","2"
"行星五度四百四十","1","1","2"
"星五度四百四十七","1","1","2"
"五度四百四十七万","1","1","2"
"度四百四十七万三","1","1","2"
"四百四十七万三千","1","1","2"
"百四十七万三千九","1","1","2"
"四十七万三千九百","1","1","2"
"十七万三千九百三","1","1","2"
"七万三千九百三十","1","1","2"
"万三千九百三十分","1","1","2"
"行星七度八百七十","1","1","2"
"星七度八百七十三","1","1","2"
"七度八百七十三万","1","1","2"
"度八百七十三万六","1","1","2"
"八百七十三万六千","1","1","2"
"百七十三万六千五","1","1","2"
"七十三万六千五百","1","1","2"
"十三万六千五百七","1","1","2"
"三万六千五百七十","1","1","2"
"万六千五百七十分","1","1","2"
"周文王四十二年十","1","1","2"
"文王四十二年十二","1","1","2"
"王四十二年十二月","1","1","2"
"四十二年十二月丁","1","1","2"
"十二年十二月丁丑","1","1","2"
"二年十二月丁丑朔","1","1","2"
"年十二月丁丑朔旦","1","1","2"
"十二月丁丑朔旦冬","1","1","2"
"微公二十六年正月","1","1","2"
"公二十六年正月乙","1","1","2"
"二十六年正月乙亥","1","1","2"
"十六年正月乙亥朔","1","1","2"
"六年正月乙亥朔旦","1","1","2"
"年正月乙亥朔旦冬","1","1","2"
"献公十五年正月甲","1","1","2"
"公十五年正月甲寅","1","1","2"
"十五年正月甲寅朔","1","1","2"
"五年正月甲寅朔旦","1","1","2"
"年正月甲寅朔旦冬","1","1","2"
"上元十四万三千一","1","1","2"
"元十四万三千一百","1","1","2"
"十四万三千一百二","1","1","2"
"四万三千一百二十","1","1","2"
"万三千一百二十七","1","1","2"
"二千户封地士将军","1","1","2"
"宣帝甘露元年四月","1","1","2"
"帝甘露元年四月丙","1","1","2"
"甘露元年四月丙申","1","1","2"
"公十四年秋八月辛","1","1","2"
"十四年秋八月辛卯","1","1","2"
"宣帝地节元年十二","1","1","2"
"帝地节元年十二月","1","1","2"
"地节元年十二月癸","1","1","2"
"节元年十二月癸亥","1","1","2"
"元年十二月癸亥晦","1","1","2"
"武帝建元六年分右","2","0","2"
"帝建元六年分右内","2","0","2"
"建元六年分右内史","2","0","2"
"二十七万六千四百","1","1","2"
"十七万六千四百四","1","1","2"
"七万六千四百四十","1","1","2"
"万六千四百四十四","1","1","2"
"一百七十四万二百","1","1","2"
"百七十四万二百七","1","1","2"
"七十四万二百七十","1","1","2"
"十四万二百七十九","1","1","2"
"四十三万二千四百","1","1","2"
"十三万二千四百九","1","1","2"
"三万二千四百九十","1","1","2"
"万二千四百九十一","1","1","2"
"二百二十一万九百","1","1","2"
"百二十一万九百七","1","1","2"
"二十一万九百七十","1","1","2"
"十一万九百七十三","1","1","2"
"十二万四千三百八","1","1","2"
"二万四千三百八十","1","1","2"
"万四千三百八十三","1","1","2"
"四十五万七千三百","1","1","2"
"十五万七千三百三","1","1","2"
"五万七千三百三十","1","1","2"
"万七千三百三十三","1","1","2"
"二十一万二千八百","1","1","2"
"十一万二千八百四","1","1","2"
"一万二千八百四十","1","1","2"
"万二千八百四十九","1","1","2"
"九十万九千六百五","1","1","2"
"十万九千六百五十","1","1","2"
"万九千六百五十五","1","1","2"
"十五万五千九百五","1","1","2"
"五万五千九百五十","1","1","2"
"万五千九百五十一","1","1","2"
"八十二万七千一百","1","1","2"
"十二万七千一百七","1","1","2"
"二万七千一百七十","1","1","2"
"万七千一百七十七","1","1","2"
"十四万一千七百四","1","1","2"
"四万一千七百四十","1","1","2"
"万一千七百四十一","1","1","2"
"六十七万七千九百","1","1","2"
"十七万七千九百五","1","1","2"
"七万七千九百五十","1","1","2"
"万七千九百五十六","1","1","2"
"二十万一千七百七","1","1","2"
"十万一千七百七十","1","1","2"
"万一千七百七十四","1","1","2"
"八十七万五千四百","1","1","2"
"十七万五千四百二","1","1","2"
"七万五千四百二十","1","1","2"
"万五千四百二十二","1","1","2"
"二十五万六千三百","1","1","2"
"十五万六千三百七","1","1","2"
"五万六千三百七十","1","1","2"
"九十万五千一百一","1","1","2"
"十万五千一百一十","1","1","2"
"万五千一百一十九","1","1","2"
"十五万四千三百八","1","1","2"
"五万四千三百八十","1","1","2"
"万四千三百八十七","1","1","2"
"六十六万四千五百","1","1","2"
"十六万四千五百四","1","1","2"
"六万四千五百四十","1","1","2"
"万四千五百四十三","1","1","2"
"十五万四千八百二","1","1","2"
"五万四千八百二十","1","1","2"
"万四千八百二十六","1","1","2"
"五十五万四千四百","1","1","2"
"十五万四千四百四","1","1","2"
"五万四千四百四十","1","1","2"
"万四千四百四十四","1","1","2"
"十六万七千四百九","1","1","2"
"六万七千四百九十","1","1","2"
"万七千四百九十九","1","1","2"
"六十六万二千二百","1","1","2"
"十六万二千二百四","1","1","2"
"六万二千二百四十","1","1","2"
"万二千二百四十九","1","1","2"
"北部都尉治偃泉障","1","1","2"
"武帝后元年分酒泉","1","1","2"
"北部都尉治神泉障","1","1","2"
"行八千五百六十里","1","1","2"
"千二百二十三万三","1","1","2"
"二百二十三万三千","1","1","2"
"口五千九百五十九","1","1","2"
"五千九百五十九万","1","1","2"
"千九百五十九万四","1","1","2"
"九百五十九万四千","1","1","2"
"百五十九万四千九","1","1","2"
"五十九万四千九百","1","1","2"
"十九万四千九百七","1","1","2"
"九万四千九百七十","1","1","2"
"万四千九百七十八","1","1","2"
"孺子妾冰未央材人","1","1","2"
"子妾冰未央材人歌","1","1","2"
"妾冰未央材人歌诗","1","1","2"
"雁门云中陇西歌诗","1","1","2"
"五藏六府痺十二病","2","0","2"
"藏六府痺十二病方","2","0","2"
"绛八千二百八十户","1","1","2"
"太甲元年十二月乙","1","1","2"
"甲元年十二月乙丑","1","1","2"
"元年十二月乙丑朔","1","1","2"
"隐公三年二月己巳","1","1","2"
"文公元年二月癸亥","1","1","2"
"成公十六年六月丙","1","1","2"
"公十六年六月丙寅","1","1","2"
"十六年六月丙寅朔","1","1","2"
"二十四年五月乙未","1","1","2"
"十四年五月乙未朔","1","1","2"
"行三千一百一十里","1","1","2"
"雍橐泉宫祈年馆下","1","1","2"
"梁相山都侯王恬启","1","1","2"
"列侯吏二千石博士","1","1","2"
"平帝时新都侯王莽","1","1","2"
"广川勇士奋击匈奴","1","1","2"
"王教脩靡夫人望卿","1","1","2"
"调等谋杀一家三人","1","1","2"
"强弩都尉路博德将","2","0","2"
"上问太史令司马迁","1","1","2"
"全躯保妻子臣随媒","2","0","2"
"左将军上官桀辅政","1","1","2"
"卫将军富平侯张安","1","1","2"
"将军富平侯张安世","1","1","2"
"车骑将军龙额侯韩","1","1","2"
"骑将军龙额侯韩增","1","1","2"
"后将军营平侯赵充","1","1","2"
"将军营平侯赵充国","1","1","2"
"御史大夫建平侯杜","1","1","2"
"史大夫建平侯杜延","1","1","2"
"大夫建平侯杜延年","1","1","2"
"左内史李沮强弩将","2","0","2"
"内史李沮强弩将军","2","0","2"
"轻骑校尉郭成等追","1","1","2"
"护军都尉公孙敖三","1","1","2"
"百户益封票骑将军","2","0","2"
"右北平太守路博德","1","1","2"
"浸微浸灭浸明浸昌","2","0","2"
"微浸灭浸明浸昌道","2","0","2"
"诸儒对者五十余人","1","1","2"
"右将军光禄勋安世","1","1","2"
"将军光禄勋安世辅","1","1","2"
"军光禄勋安世辅政","1","1","2"
"光禄勋安世辅政宿","1","1","2"
"禄勋安世辅政宿卫","1","1","2"
"贺弟子侍中关内侯","1","1","2"
"弟子侍中关内侯彭","1","1","2"
"子侍中关内侯彭祖","1","1","2"
"皇后弟平恩侯许嘉","1","1","2"
"前侍御史修等四人","1","1","2"
"侍御史修等四人奉","1","1","2"
"知男子李游君欲献","1","1","2"
"男子李游君欲献女","1","1","2"
"乐府音监景武强求","1","1","2"
"大奴骏等四十余人","1","1","2"
"奴骏等四十余人群","1","1","2"
"骏等四十余人群党","1","1","2"
"千秋擅召中二千石","1","1","2"
"京兆尹王章上封事","2","0","2"
"尊帝母定陶王丁后","1","1","2"
"破奴将属国骑郡兵","2","0","2"
"奴将属国骑郡兵数","2","0","2"
"将属国骑郡兵数万","2","0","2"
"属国骑郡兵数万击","2","0","2"
"遇汉善者名昧蔡宛","2","0","2"
"汉善者名昧蔡宛王","2","0","2"
"贰师将军广利征讨","1","1","2"
"网罗天下放失旧闻","2","0","2"
"五十二万六千五百","1","1","2"
"十二万六千五百字","1","1","2"
"悼园宜称尊号曰皇","2","0","2"
"园宜称尊号曰皇考","2","0","2"
"奉园民满千六百家","2","0","2"
"元狩六年四月乙巳","1","1","2"
"执金吾严延年字长","1","1","2"
"金吾严延年字长孙","1","1","2"
"侍中卫尉金安上上","1","1","2"
"中卫尉金安上上书","1","1","2"
"孝武皇帝元狩六年","1","1","2"
"太中大夫吾丘寿王","1","1","2"
"召监北军使者任安","1","1","2"
"师将军李广利将兵","2","0","2"
"光禄大夫义渠安国","1","1","2"
"侍中乐成侯许延寿","1","1","2"
"粮谷十九万九千六","1","1","2"
"谷十九万九千六百","1","1","2"
"十九万九千六百三","1","1","2"
"九万九千六百三十","1","1","2"
"万九千六百三十斛","1","1","2"
"二万七千三百六十","1","1","2"
"万七千三百六十三","1","1","2"
"七千三百六十三斛","1","1","2"
"昆弥愿发国半精兵","2","0","2"
"弥将翕侯下五万余","2","0","2"
"将翕侯下五万余骑","2","0","2"
"遣惠持金币赐乌孙","2","0","2"
"惠持金币赐乌孙贵","2","0","2"
"持金币赐乌孙贵人","2","0","2"
"金币赐乌孙贵人功","2","0","2"
"币赐乌孙贵人功者","2","0","2"
"先王时贵人姑翼所","2","0","2"
"王时贵人姑翼所误","2","0","2"
"将作大匠乘马延年","1","1","2"
"康居太子保苏匿率","1","1","2"
"大司马车骑将军史","1","1","2"
"司马车骑将军史高","1","1","2"
"赐将军黄金五十斤","2","0","2"
"会元寿元年正月朔","2","0","2"
"寿元年正月朔日蚀","2","0","2"
"新都侯王莽大司马","2","0","2"
"孝武皇帝二十余年","1","1","2"
"武皇帝二十余年未","1","1","2"
"光禄大夫孔光等十","1","1","2"
"禄大夫孔光等十四","1","1","2"
"大夫孔光等十四人","1","1","2"
"元始二年六月庚寅","1","1","2"
"傅太后欲成帝母俱","2","0","2"
"太后欲成帝母俱称","2","0","2"
"后欲成帝母俱称尊","2","0","2"
"欲成帝母俱称尊号","2","0","2"
"侍中诸曹黄门郎数","1","1","2"
"中诸曹黄门郎数十","1","1","2"
"诸曹黄门郎数十人","1","1","2"
"诸儒杂论同异石渠","2","0","2"
"儒杂论同异石渠阁","2","0","2"
"二万四千四百五十","1","1","2"
"万四千四百五十五","1","1","2"
"卫士四万五千一百","1","1","2"
"士四万五千一百二","1","1","2"
"四万五千一百二十","1","1","2"
"万五千一百二十九","1","1","2"
"五千一百二十九人","1","1","2"
"万二千一百四十七","1","1","2"
"二千一百四十七人","1","1","2"
"谏大夫尹更始等七","1","1","2"
"大夫尹更始等七十","1","1","2"
"夫尹更始等七十人","1","1","2"
"车骑将军许嘉等二","1","1","2"
"骑将军许嘉等二十","1","1","2"
"将军许嘉等二十九","1","1","2"
"军许嘉等二十九人","1","1","2"
"谏大夫尹更始等十","1","1","2"
"大夫尹更始等十八","1","1","2"
"夫尹更始等十八人","1","1","2"
"博士左咸等五十三","1","1","2"
"士左咸等五十三人","1","1","2"
"皇高祖考庙奉明园","1","1","2"
"甘露中罪削爵关内","2","0","2"
"露中罪削爵关内侯","2","0","2"
"西河太守杜延年明","1","1","2"
"使者丙吉见皇曾孙","1","1","2"
"帝舅曲阳侯王根大","2","0","2"
"舅曲阳侯王根大司","2","0","2"
"后强宗大族家家结","1","1","2"
"属蒲类将军赵充国","1","1","2"
"同族宗室刘调等通","1","1","2"
"反扬著先帝任倾覆","2","0","2"
"扬著先帝任倾覆徒","2","0","2"
"中二千石大鸿胪赏","1","1","2"
"二千石大鸿胪赏等","1","1","2"
"千石大鸿胪赏等会","1","1","2"
"石大鸿胪赏等会坐","1","1","2"
"三老公乘兴等上书","1","1","2"
"帝舅大将军王凤辅","1","1","2"
"子侍中阳都侯彭祖","1","1","2"
"中朝左将军辛庆忌","1","1","2"
"曲阳侯根大司马票","2","0","2"
"阳侯根大司马票骑","2","0","2"
"侯根大司马票骑将","2","0","2"
"中山孝王母冯太后","2","0","2"
"愿汉外孙元贵靡嗣","2","0","2"
"遣中朝大司马车骑","1","1","2"
"中朝大司马车骑将","1","1","2"
"朝大司马车骑将军","1","1","2"
"侍中建章卫尉金安","1","1","2"
"中建章卫尉金安上","1","1","2"
"高大司马车骑将军","2","0","2"
"前将军光禄勋印绶","1","1","2"
"丞相西曹卫将军掾","1","1","2"
"右将军典属国常惠","1","1","2"
"太常弋阳侯任千秋","1","1","2"
"御史大夫李延寿病","1","1","2"
"史大夫李延寿病卒","1","1","2"
"舅阳平侯王凤大司","2","0","2"
"远嫁张掖太守萧咸","1","1","2"
"帝舅大司马骠骑将","1","1","2"
"太中大夫蜀郡张匡","2","0","2"
"太子长舅阳平侯王","1","1","2"
"子长舅阳平侯王凤","1","1","2"
"哀帝祖母定陶傅太","2","0","2"
"召见正监典法掾史","1","1","2"
"谏大夫龚胜等十四","1","1","2"
"大夫龚胜等十四人","1","1","2"
"召丞相诣廷尉诏狱","2","0","2"
"司隶校尉陈庆劾奏","1","1","2"
"杀义渠长妻子六人","2","0","2"
"荐琅邪太守冯野王","1","1","2"
"子侍中卫尉定陵侯","1","1","2"
"侍中卫尉定陵侯淳","1","1","2"
"大司马柱天大将军","1","1","2"
"光禄勋成都侯王邑","1","1","2"
"春王城门校尉王况","1","1","2"
"中少府建威侯王昌","1","1","2"
"中郎将震羌侯窦兄","1","1","2"
"将作大匠蒙乡侯逯","1","1","2"
"太保后丞丞阳侯甄","1","1","2"
"保后丞丞阳侯甄邯","1","1","2"
"居摄二年十月甲子","1","1","2"
"先封车骑都尉孙贤","1","1","2"
"封车骑都尉孙贤等","1","1","2"
"车骑都尉孙贤等五","1","1","2"
"骑都尉孙贤等五十","1","1","2"
"都尉孙贤等五十五","1","1","2"
"尉孙贤等五十五人","1","1","2"
"大鸿胪望乡侯阎迁","1","1","2"
"太常阳城侯刘庆忌","1","1","2"
"京师士大夫怅然失","1","1","2"
"师士大夫怅然失望","1","1","2"
"社稷宗庙祸福安危","1","1","2"
"皇后父孔乡侯傅晏","2","0","2"
"永信少府猛等十人","1","1","2"
"帝舅大司马票骑将","2","0","2"
"舅大司马票骑将军","2","0","2"
"高昌侯董宏上书言","2","0","2"
"孝成皇帝圣恩深远","1","1","2"
"天元推一昼一夜阴","1","1","2"
"元推一昼一夜阴阳","1","1","2"
"推一昼一夜阴阳数","1","1","2"
"一昼一夜阴阳数度","1","1","2"
"昼一夜阴阳数度律","1","1","2"
"一夜阴阳数度律历","1","1","2"
"丙科四十人补文学","1","1","2"
"科四十人补文学掌","1","1","2"
"四十人补文学掌故","1","1","2"
"霍氏外孙代郡太守","1","1","2"
"氏外孙代郡太守任","1","1","2"
"外孙代郡太守任宣","1","1","2"
"徐氏弟子公户满意","1","1","2"
"汝南尹更始翁君本","1","1","2"
"故谏大夫通达待诏","1","1","2"
"名儒太子太傅萧望","1","1","2"
"大司马票骑将军王","2","0","2"
"司马票骑将军王根","2","0","2"
"郎中张安等十人侍","1","1","2"
"侍中中郎将张彭祖","1","1","2"
"左将军冯奉世父子","1","1","2"
"前将作大匠解万年","1","1","2"
"太皇太后召大司马","1","1","2"
"新都侯莽前大司马","2","0","2"
"问护军都尉赵充国","1","1","2"
"将军塞千二百余里","2","0","2"
"大将军军监治众等","1","1","2"
"将军军监治众等四","1","1","2"
"军军监治众等四人","1","1","2"
"子右谷蠡王姑瞀楼","1","1","2"
"右谷蠡王姑瞀楼头","1","1","2"
"汉遣车骑都尉韩昌","2","0","2"
"右皋林王伊邪莫演","1","1","2"
"皋林王伊邪莫演等","1","1","2"
"子左祝都韩王朐留","1","1","2"
"左祝都韩王朐留斯","1","1","2"
"祝都韩王朐留斯侯","1","1","2"
"都韩王朐留斯侯入","1","1","2"
"遣王昭君女须卜居","2","0","2"
"王昭君女须卜居次","2","0","2"
"王萌待西域恶都奴","2","0","2"
"萌待西域恶都奴界","2","0","2"
"待西域恶都奴界上","2","0","2"
"匈奴南犁汗王南将","1","1","2"
"奴南犁汗王南将军","1","1","2"
"良等尽胁略戊己校","2","0","2"
"等尽胁略戊己校尉","2","0","2"
"尽胁略戊己校尉吏","2","0","2"
"胁略戊己校尉吏士","2","0","2"
"略戊己校尉吏士男","2","0","2"
"戊己校尉吏士男女","2","0","2"
"己校尉吏士男女二","2","0","2"
"校尉吏士男女二千","2","0","2"
"尉吏士男女二千余","2","0","2"
"吏士男女二千余人","2","0","2"
"士男女二千余人入","2","0","2"
"男女二千余人入匈","2","0","2"
"女二千余人入匈奴","2","0","2"
"右伊秩訾王呼卢訾","1","1","2"
"大臣右骨都侯须卜","1","1","2"
"芝音妻子下二十七","2","0","2"
"音妻子下二十七人","2","0","2"
"厨唯姑夕王富等四","1","1","2"
"唯姑夕王富等四十","1","1","2"
"姑夕王富等四十人","1","1","2"
"遣水衡都尉吕辟胡","1","1","2"
"钦说大将军王凤曰","2","0","2"
"更遣宁始将军廉丹","2","0","2"
"遣宁始将军廉丹庸","2","0","2"
"宁始将军廉丹庸部","2","0","2"
"始将军廉丹庸部牧","2","0","2"
"将军廉丹庸部牧史","2","0","2"
"军廉丹庸部牧史熊","2","0","2"
"阳关二千七百三十","1","1","2"
"关二千七百三十八","1","1","2"
"二千七百三十八里","1","1","2"
"都护分车师后王西","1","1","2"
"西北都护治所二千","2","0","2"
"都护治所二千二百","2","0","2"
"二千五百五十八里","1","1","2"
"北都护治所二千七","2","0","2"
"都护治所二千七百","2","0","2"
"二千七百二十三里","1","1","2"
"北都护治所二千八","2","0","2"
"二千八百五十八里","1","1","2"
"长安九千二百八十","1","1","2"
"安九千二百八十里","1","1","2"
"三千五百五十三里","1","1","2"
"三千八百五十二里","1","1","2"
"三千九百四十七里","1","1","2"
"东北都护治所四千","2","0","2"
"四千二百九十二里","1","1","2"
"口二千七百三十三","1","1","2"
"四千八百九十二里","1","1","2"
"阳关五千八百八十","1","1","2"
"关五千八百八十八","1","1","2"
"五千八百八十八里","1","1","2"
"东北都护治所五千","2","0","2"
"五千三百九十六里","1","1","2"
"王治长安万一百五","2","0","2"
"治长安万一百五十","2","0","2"
"长安万一百五十里","2","0","2"
"二千四百六十五里","1","1","2"
"所二千八百五十里","1","1","2"
"长安万二千二百里","2","0","2"
"国二千二百五十里","1","1","2"
"长安万一千六百里","2","0","2"
"二千八百四十一里","1","1","2"
"三千七百四十一里","1","1","2"
"阳关七千七百八十","1","1","2"
"关七千七百八十二","1","1","2"
"七千七百八十二里","1","1","2"
"五千九百六十二里","1","1","2"
"阳关九千二百八十","1","1","2"
"关九千二百八十三","1","1","2"
"九千二百八十三里","1","1","2"
"五千七百七十六里","1","1","2"
"阳关八千二十五里","2","0","2"
"五千七百六十七里","1","1","2"
"五千二百六十六里","1","1","2"
"六千二百九十六里","1","1","2"
"阳关八千五百五十","1","1","2"
"关八千五百五十五","1","1","2"
"八千五百五十五里","1","1","2"
"阳关八千三百五十","1","1","2"
"关八千三百五十五","1","1","2"
"八千三百五十五里","1","1","2"
"大月氏六百九十里","1","1","2"
"长安九千八百六十","1","1","2"
"安九千八百六十里","1","1","2"
"遣使者奚充国送万","1","1","2"
"使者奚充国送万年","1","1","2"
"万八千六百四十七","1","1","2"
"东都护治所二千二","2","0","2"
"十八万八千八百人","1","1","2"
"康居蕃内地五千里","1","1","2"
"乌孙昆莫击破大月","1","1","2"
"孙昆莫击破大月氏","1","1","2"
"使长罗侯光禄大夫","1","1","2"
"车骑将军长史张翁","1","1","2"
"骑将军长史张翁留","1","1","2"
"贵人姑莫匿等三人","1","1","2"
"翕侯难栖杀末振将","2","0","2"
"长安八千三百五十","1","1","2"
"安八千三百五十里","1","1","2"
"乌孙赤谷六百一十","1","1","2"
"孙赤谷六百一十里","1","1","2"
"口八万一千三百一","1","1","2"
"八万一千三百一十","1","1","2"
"万一千三百一十七","1","1","2"
"护治所乌垒城三百","1","1","2"
"治所乌垒城三百五","1","1","2"
"所乌垒城三百五十","1","1","2"
"乌垒城三百五十里","1","1","2"
"长安八千五百七十","1","1","2"
"安八千五百七十里","1","1","2"
"长安七千一百七十","1","1","2"
"安七千一百七十里","1","1","2"
"口四千七百七十四","1","1","2"
"小金附国随汉军后","1","1","2"
"金附国随汉军后盗","1","1","2"
"西域都护李崇将戊","2","0","2"
"域都护李崇将戊己","2","0","2"
"都护李崇将戊己校","2","0","2"
"护李崇将戊己校尉","2","0","2"
"李崇将戊己校尉西","2","0","2"
"崇将戊己校尉西域","2","0","2"
"大司马车骑将军平","1","1","2"
"司马车骑将军平恩","1","1","2"
"马车骑将军平恩侯","1","1","2"
"大司马车骑将军辅","1","1","2"
"前平安刚侯夫人谒","2","0","2"
"平安刚侯夫人谒坐","2","0","2"
"安刚侯夫人谒坐大","2","0","2"
"刚侯夫人谒坐大逆","2","0","2"
"永光三年男子忠等","1","1","2"
"光三年男子忠等发","1","1","2"
"行太常事太中大夫","1","1","2"
"太常事太中大夫刘","1","1","2"
"常事太中大夫刘歆","1","1","2"
"立国将军成新公孙","1","1","2"
"国将军成新公孙建","1","1","2"
"舅琅邪太守冯野王","1","1","2"
"琅邪太守冯野王先","1","1","2"
"邪太守冯野王先帝","1","1","2"
"太守冯野王先帝时","1","1","2"
"尚书责问司隶校尉","1","1","2"
"新都侯莽忧劳国家","2","0","2"
"太皇太后新室文母","2","0","2"
"皇太后新室文母太","2","0","2"
"太后新室文母太皇","2","0","2"
"后新室文母太皇太","2","0","2"
"建国五年二月癸丑","1","1","2"
"大司马高安侯董贤","1","1","2"
"司马高安侯董贤年","1","1","2"
"后将军公孙禄互相","1","1","2"
"孝文皇帝褒赏绛侯","1","1","2"
"遣大司徒司直陈崇","1","1","2"
"大司徒司直陈崇等","1","1","2"
"司徒司直陈崇等八","1","1","2"
"元寿二年六月戊午","1","1","2"
"元始元年正月丙辰","1","1","2"
"宰衡太傅大司马印","1","1","2"
"四十八万七千五百","1","1","2"
"十八万七千五百七","1","1","2"
"八万七千五百七十","1","1","2"
"万七千五百七十二","1","1","2"
"七千五百七十二人","1","1","2"
"元始五年五月庚寅","1","1","2"
"卫孝成皇帝十六年","1","1","2"
"孝宣皇帝玄孙二十","1","1","2"
"宣皇帝玄孙二十三","1","1","2"
"皇帝玄孙二十三人","1","1","2"
"车骑将军千人扈云","1","1","2"
"齐郡临淄县昌兴亭","1","1","2"
"前孝哀皇帝建平二","1","1","2"
"孝哀皇帝建平二年","1","1","2"
"哀皇帝建平二年六","1","1","2"
"皇帝建平二年六月","1","1","2"
"帝建平二年六月甲","1","1","2"
"建平二年六月甲子","1","1","2"
"遣五威将王奇等十","1","1","2"
"五威将王奇等十二","1","1","2"
"威将王奇等十二人","1","1","2"
"遣谏大夫五十人分","1","1","2"
"五威将帅七十二人","1","1","2"
"三十二人同宗共祖","1","1","2"
"遣立国将军孙建等","1","1","2"
"弟右曹长水校尉伐","1","1","2"
"右曹长水校尉伐虏","1","1","2"
"曹长水校尉伐虏侯","1","1","2"
"弟左关将军掌威侯","1","1","2"
"侍中骑都尉丁隆等","1","1","2"
"侍中讲礼大夫孔秉","1","1","2"
"中讲礼大夫孔秉等","1","1","2"
"东方三州一部二十","1","1","2"
"方三州一部二十五","1","1","2"
"三州一部二十五郡","1","1","2"
"西方一州二部二十","1","1","2"
"方一州二部二十五","1","1","2"
"一州二部二十五郡","1","1","2"
"北方二州一部二十","1","1","2"
"保成师友祭酒唐林","1","1","2"
"复位后大司马护军","1","1","2"
"位后大司马护军郭","1","1","2"
"后大司马护军郭兴","1","1","2"
"司马三万七千五百","1","1","2"
"马三万七千五百人","1","1","2"
"候十一万二千五百","1","1","2"
"十一万二千五百人","1","1","2"
"侍中常侍执法杜林","1","1","2"
"中常侍执法杜林等","1","1","2"
"济北愍王王祖穆庙","1","1","2"
"太初祖庙东西南北","1","1","2"
"初祖庙东西南北四","1","1","2"
"更始将军护军王党","1","1","2"
"遣司命大将军孔仁","1","1","2"
"遣风俗大夫司国宪","1","1","2"
"风俗大夫司国宪等","1","1","2"
"亟进所部州郡兵凡","2","0","2"
"遣七公干士隗嚣等","1","1","2"
"七公干士隗嚣等七","1","1","2"
"公干士隗嚣等七十","1","1","2"
"干士隗嚣等七十二","1","1","2"
"士隗嚣等七十二人","1","1","2"
"隗嚣等七十二人分","1","1","2"
"进攻右队大夫宋纲","1","1","2"
"樊郦滕灌傅靳周传","1","1","2"
"严朱吾丘主父徐严","1","1","2"
"朱吾丘主父徐严终","1","1","2"
"吾丘主父徐严终王","1","1","2"
"勃举太官献丞陈汤","1","1","2"
"兵随度辽将军范明","1","1","2"
"随度辽将军范明友","1","1","2"
"辽将军范明友击乌","1","1","2"
"将军范明友击乌桓","1","1","2"
"大宛皆合约杀期门","1","1","2"
"宛皆合约杀期门车","1","1","2"
"皆合约杀期门车令","1","1","2"
"傅昭仪生定陶共王","1","1","2"
"冯昭仪生中山孝王","1","1","2"
"长安六千八百二十","1","1","2"
"安六千八百二十里","1","1","2"
"长安八千八百二十","1","1","2"
"安八千八百二十里","1","1","2"
"长安九千六百七十","1","1","2"
"安九千六百七十里","1","1","2"
"长安九千五百五十","1","1","2"
"安九千五百五十里","1","1","2"
"长安八千六百五十","1","1","2"
"安八千六百五十里","1","1","2"
"长安七千四百八十","1","1","2"
"安七千四百八十里","1","1","2"
"长安六千七百五十","1","1","2"
"安六千七百五十里","1","1","2"
"西南都护治所千二","2","0","2"
"南都护治所千二百","2","0","2"
"长安八千七百一十","1","1","2"
"安八千七百一十里","1","1","2"
"王治天山西疏榆谷","1","1","2"
"长安八千三百六十","1","1","2"
"安八千三百六十里","1","1","2"
"骠骑将军安阳侯王","1","1","2"
"大司徒就德侯平晏","1","1","2"
"步兵将军成都侯王","1","1","2"
"兵将军成都侯王邑","1","1","2"
"卫将军广阳侯甄丰","1","1","2"
"高惠高后孝文功臣","1","1","2"
"惠高后孝文功臣侯","1","1","2"
"高后孝文功臣侯表","1","1","2"
"景武昭宣元成哀功","1","1","2"
"武昭宣元成哀功臣","1","1","2"
"昭宣元成哀功臣侯","1","1","2"
"宣元成哀功臣侯表","1","1","2"
"公孙刘田杨王蔡陈","1","1","2"
"孙刘田杨王蔡陈郑","1","1","2"
"刘田杨王蔡陈郑传","1","1","2"
"眭两夏侯京翼李传","1","1","2"
"盖诸葛刘郑毋将孙","1","1","2"
"诸葛刘郑毋将孙何","1","1","2"
"葛刘郑毋将孙何传","1","1","2"
"西南夷两越朝鲜传","1","1","2"
"子墨客卿问翰林主","1","1","2"
"墨客卿问翰林主人","1","1","2"
"十篇文言解说上下","1","1","2"
"篇文言解说上下经","1","1","2"
"鸟羽牦牛尾装饰的","0","2","2"
"羽牦牛尾装饰的旌","0","2","2"
"牦牛尾装饰的旌旗","0","2","2"
"有罪考虑减免刑罚","0","2","2"
"有罪可以减免刑罚","0","2","2"
"时观测判定时令时","0","2","2"
"分野之地有战争发","0","2","2"
"的自然之性是能向","0","2","2"
"这裹土是潮湿的泥","0","2","2"
"认为他的话有道理","0","2","2"
"本该像是这样吗?","0","2","2"
"是胜是败的情况就","0","2","2"
"胜是败的情况就难","0","2","2"
"是败的情况就难以","0","2","2"
"败的情况就难以预","0","2","2"
"的情况就难以预料","0","2","2"
"情况就难以预料了","0","2","2"
"他所率领的士卒多","0","2","2"
"所率领的士卒多作","0","2","2"
"率领的士卒多作为","0","2","2"
"领的士卒多作为高","0","2","2"
"的士卒多作为高祖","0","2","2"
"士卒多作为高祖的","0","2","2"
"卒多作为高祖的开","0","2","2"
"多作为高祖的开路","0","2","2"
"作为高祖的开路先","0","2","2"
"为高祖的开路先锋","0","2","2"
"得天地之道的真人","0","2","2"
"关系亲近的同姓王","0","2","2"
"那么最好让他们像","0","2","2"
"皇上没有采纳他的","0","2","2"
"前齐王田建之孙田","0","2","2"
"齐王田建之孙田安","0","2","2"
"彭越本来平定了梁","0","2","2"
"越本来平定了梁地","0","2","2"
"手指的占十分之二","0","2","2"
"指的占十分之二三","0","2","2"
"地的吏民是无罪的","0","2","2"
"赏赐臣民爵位一级","0","2","2"
"五百石以下至佐吏","0","2","2"
"鲁元公主的女儿为","0","2","2"
"元公主的女儿为皇","0","2","2"
"公主的女儿为皇后","0","2","2"
"禄为二千石的官员","0","2","2"
"亲的继承人的爵一","0","2","2"
"的继承人的爵一级","0","2","2"
"推举贤良方正直言","0","2","2"
"阳侯张相如为大将","0","2","2"
"侯张相如为大将军","0","2","2"
"皇帝庙应为帝家的","0","2","2"
"帝庙应为帝家的太","0","2","2"
"继承人的爵位一级","0","2","2"
"西北天空出现彗星","0","2","2"
"御史大夫韩安国为","0","2","2"
"史大夫韩安国为护","0","2","2"
"大夫韩安国为护军","0","2","2"
"夫韩安国为护军将","0","2","2"
"韩安国为护军将军","0","2","2"
"仆公孙贺为轻车将","0","2","2"
"公孙贺为轻车将军","0","2","2"
"大行王恢为将屯将","0","2","2"
"行王恢为将屯将军","0","2","2"
"中大夫李息为材官","0","2","2"
"大夫李息为材官将","0","2","2"
"夫李息为材官将军","0","2","2"
"大将军卫青率领六","0","2","2"
"将军卫青率领六名","0","2","2"
"军卫青率领六名将","0","2","2"
"卫青率领六名将军","0","2","2"
"青率领六名将军及","0","2","2"
"率领六名将军及士","0","2","2"
"领六名将军及士兵","0","2","2"
"六名将军及士兵十","0","2","2"
"名将军及士兵十余","0","2","2"
"将军及士兵十余万","0","2","2"
"派骠骑将军霍去病","0","2","2"
"彗星出现于东井星","0","2","2"
"星出现于东井星区","0","2","2"
"各侯王在甘泉宫朝","0","2","2"
"贰师将军李广利领","0","2","2"
"领四万骑兵出酒泉","0","2","2"
"车骑将军金日石单","0","2","2"
"安父子与大将军霍","0","2","2"
"父子与大将军霍光","0","2","2"
"子与大将军霍光争","0","2","2"
"与大将军霍光争权","0","2","2"
"范明友为度辽将军","0","2","2"
"派度辽将军范明友","0","2","2"
"女子每百户赐牛肉","0","2","2"
"子每百户赐牛肉及","0","2","2"
"每百户赐牛肉及酒","0","2","2"
"封外祖母为博平君","0","2","2"
"弘扬先帝的丰功伟","0","2","2"
"扬先帝的丰功伟绩","0","2","2"
"赏赐天下官吏爵二","0","2","2"
"赐天下官吏爵二级","0","2","2"
"翁归之子黄金百斤","0","2","2"
"女子百户牛酒若干","0","2","2"
"酒泉太守辛武贤为","0","2","2"
"泉太守辛武贤为破","0","2","2"
"太守辛武贤为破羌","0","2","2"
"守辛武贤为破羌将","0","2","2"
"辛武贤为破羌将军","0","2","2"
"左冯翊韩延寿有罪","0","2","2"
"太上皇庙发生火灾","0","2","2"
"赐女子每百户牛酒","0","2","2"
"派长乐卫尉高昌侯","0","2","2"
"太子太傅萧望之等","0","2","2"
"废为平民迁于房陵","0","2","2"
"尊皇太后为太皇太","0","2","2"
"慰问耆老鳏寡孤独","0","2","2"
"五十户赏牛酒若干","0","2","2"
"匈奴郅支单于背叛","0","2","2"
"奴郅支单于背叛礼","0","2","2"
"郅支单于背叛礼义","0","2","2"
"有彗星出现在营室","0","2","2"
"彗星出现在营室星","0","2","2"
"赏赐孝悌力田爵二","0","2","2"
"赐孝悌力田爵二级","0","2","2"
"举荐贤良方正能直","0","2","2"
"荐贤良方正能直言","0","2","2"
"建平二年为太初元","0","2","2"
"号称陈圣刘太平皇","0","2","2"
"称陈圣刘太平皇帝","0","2","2"
"新都侯王莽为大司","0","2","2"
"都侯王莽为大司马","0","2","2"
"太皇太后诏迎中山","0","2","2"
"皇太后诏迎中山王","0","2","2"
"赏赐天下臣民爵一","0","2","2"
"赐天下臣民爵一级","0","2","2"
"派少傅左将军甄丰","0","2","2"
"用天地五位的最后","0","2","2"
"天地五位的最后一","0","2","2"
"地五位的最后一个","0","2","2"
"五位的最后一个数","0","2","2"
"一千五百三十九年","0","2","2"
"钟的长度平分成三","0","2","2"
"平分为三减去其中","0","2","2"
"分为三减去其中之","0","2","2"
"为三减去其中之一","0","2","2"
"吕平分为三再增加","0","2","2"
"钟平分为三再增加","0","2","2"
"制作的方法是用铜","0","2","2"
"本来起源于黄钟的","0","2","2"
"有一万一千五百二","0","2","2"
"是一万一千五百二","0","2","2"
"命南正重掌管天文","0","2","2"
"推算曰月星辰的运","0","2","2"
"算曰月星辰的运行","0","2","2"
"四千六百一十七年","0","2","2"
"即使没有事件也要","0","2","2"
"使没有事件也要记","0","2","2"
"有固定的对应关系","0","2","2"
"年春王正月辛亥是","0","2","2"
"春王正月辛亥是朔","0","2","2"
"王正月辛亥是朔日","0","2","2"
"五星运行都能俱终","0","2","2"
"每天运行十一分二","0","2","2"
"天运行十一分二度","0","2","2"
"天一百八十二万八","0","2","2"
"一百八十二万八千","0","2","2"
"分一百四十五分之","0","2","2"
"一百四十五分之一","0","2","2"
"百四十五分之一度","0","2","2"
"一天运行四十六分","0","2","2"
"天运行四十六分三","0","2","2"
"运行四十六分三十","0","2","2"
"行四十六分三十三","0","2","2"
"四十六分三十三度","0","2","2"
"行一度九十二分十","0","2","2"
"一度九十二分十五","0","2","2"
"度九十二分十五度","0","2","2"
"天一百二十九万五","0","2","2"
"所以说一天运行一","0","2","2"
"一天运行十五分一","0","2","2"
"天运行十五分一度","0","2","2"
"百零三万二千六百","0","2","2"
"一天运行九十二分","0","2","2"
"天运行九十二分五","0","2","2"
"运行九十二分五十","0","2","2"
"行九十二分五十三","0","2","2"
"九十二分五十三度","0","2","2"
"经过二百七十六天","0","2","2"
"天一千五百六十八","0","2","2"
"一千五百六十八万","0","2","2"
"百二十一万八千零","0","2","2"
"二十一万八千零五","0","2","2"
"十一万八千零五分","0","2","2"
"一天运行七分六度","0","2","2"
"千六百六十一万零","0","2","2"
"六百六十一万零一","0","2","2"
"百六十一万零一百","0","2","2"
"六十一万零一百二","0","2","2"
"十一万零一百二十","0","2","2"
"一万零一百二十八","0","2","2"
"万零一百二十八分","0","2","2"
"十五天一亿二千二","0","2","2"
"五天一亿二千二百","0","2","2"
"供祭祀用的纯色全","0","2","2"
"祭祀用的纯色全体","0","2","2"
"祀用的纯色全体牲","0","2","2"
"用的纯色全体牲畜","0","2","2"
"周代变更了他的乐","0","2","2"
"说他在位三十七年","0","2","2"
"上说他在位十一年","0","2","2"
"这是掌管历法的人","0","2","2"
"是掌管历法的人的","0","2","2"
"十八年距辛亥有一","0","2","2"
"八年距辛亥有一百","0","2","2"
"年距辛亥有一百一","0","2","2"
"距辛亥有一百一十","0","2","2"
"有二万六千六百零","0","2","2"
"二万六千六百零六","0","2","2"
"万六千六百零六旬","0","2","2"
"距辛亥有一百三十","0","2","2"
"安定国家治理百姓","0","2","2"
"使之恢复正常安定","0","2","2"
"没有一个人在监狱","0","2","2"
"不能说出它的含义","0","2","2"
"李延年为协律都尉","0","2","2"
"各自在自己的位置","0","2","2"
"皇上就把这件事交","0","2","2"
"上就把这件事交给","0","2","2"
"国和卫国的音乐兴","0","2","2"
"和卫国的音乐兴盛","0","2","2"
"鼓手一百二十八人","0","2","2"
"有一千辆兵车的国","0","2","2"
"一千辆兵车的国家","0","2","2"
"晋文公的节制之兵","0","2","2"
"善于统率军队的人","0","2","2"
"于统率军队的人不","0","2","2"
"善于失败的人不会","0","2","2"
"于失败的人不会灭","0","2","2"
"失败的人不会灭亡","0","2","2"
"惩治承平守成的国","0","2","2"
"治承平守成的国家","0","2","2"
"承平守成的国家用","0","2","2"
"平守成的国家用中","0","2","2"
"用道德来诱导他们","0","2","2"
"用礼教来整顿他们","0","2","2"
"人民不但有廉耻之","0","2","2"
"民不但有廉耻之心","0","2","2"
"用政令来诱导他们","0","2","2"
"用刑罚来整顿他们","0","2","2"
"人民衹是暂时地免","0","2","2"
"民衹是暂时地免于","0","2","2"
"衹是暂时地免于罪","0","2","2"
"是暂时地免于罪过","0","2","2"
"百姓早就离心离德","0","2","2"
"姓早就离心离德了","0","2","2"
"到了秦始皇的时候","0","2","2"
"人想改正行为去做","0","2","2"
"想改正行为去做善","0","2","2"
"改正行为去做善事","0","2","2"
"民间的人力和物资","0","2","2"
"战胜邪恶不进行杀","0","2","2"
"胜邪恶不进行杀戮","0","2","2"
"时代的法律罪行就","0","2","2"
"代的法律罪行就显","0","2","2"
"的法律罪行就显得","0","2","2"
"还不足以满足他的","0","2","2"
"不足以满足他的欲","0","2","2"
"足以满足他的欲望","0","2","2"
"收取三十分之一的","0","2","2"
"取三十分之一的税","0","2","2"
"当时大司农中丞耿","0","2","2"
"辆车的国家一定有","0","2","2"
"侵占他人财产的人","0","2","2"
"千贯钱收取一算的","0","2","2"
"赐给左庶长的爵位","0","2","2"
"水衡都尉主管上林","0","2","2"
"赐给他关内侯的爵","0","2","2"
"赏赐都用布帛和谷","0","2","2"
"赐都用布帛和谷物","0","2","2"
"其正面的文字为小","0","2","2"
"把他们流放到四方","0","2","2"
"其正面右边的文字","0","2","2"
"正面右边的文字是","0","2","2"
"面右边的文字是货","0","2","2"
"间的一种有三脊的","0","2","2"
"的一种有三脊的茅","0","2","2"
"以十月为一年的开","0","2","2"
"五帝是泰一的辅佐","0","2","2"
"各自按照他们的方","0","2","2"
"自按照他们的方位","0","2","2"
"有彗星出现在东井","0","2","2"
"亲自到黄河决口处","0","2","2"
"事交给有关官员讨","0","2","2"
"交给有关官员讨论","0","2","2"
"在甘泉宫接见单于","0","2","2"
"甘泉宫接见单于的","0","2","2"
"泉宫接见单于的朝","0","2","2"
"宫接见单于的朝见","0","2","2"
"听从了他们的建议","0","2","2"
"皇太后下诏给有关","0","2","2"
"太后下诏给有关官","0","2","2"
"后下诏给有关官员","0","2","2"
"成都侯王商任大司","0","2","2"
"都侯王商任大司马","0","2","2"
"侯王商任大司马卫","0","2","2"
"王商任大司马卫将","0","2","2"
"商任大司马卫将军","0","2","2"
"任大司马卫将军辅","0","2","2"
"大司马卫将军辅助","0","2","2"
"司马卫将军辅助政","0","2","2"
"马卫将军辅助政事","0","2","2"
"大司马王莽上奏说","0","2","2"
"像事奉父亲一样事","0","2","2"
"事奉父亲一样事奉","0","2","2"
"奉父亲一样事奉天","0","2","2"
"宿的位置在朱鸟的","0","2","2"
"的位置在朱鸟的鸟","0","2","2"
"天区相对应的分野","0","2","2"
"区相对应的分野之","0","2","2"
"对其惩罚的征兆显","0","2","2"
"其惩罚的征兆显示","0","2","2"
"惩罚的征兆显示在","0","2","2"
"星区对应的分野之","0","2","2"
"区对应的分野之国","0","2","2"
"当南金星留在它的","0","2","2"
"金星留在它的南面","0","2","2"
"太阳正当北金星留","0","2","2"
"阳正当北金星留在","0","2","2"
"正当北金星留在它","0","2","2"
"当北金星留在它的","0","2","2"
"金星留在它的北面","0","2","2"
"火星出现在金星之","0","2","2"
"是破军杀将的征兆","0","2","2"
"被侵方主管官吏死","0","2","2"
"侵方主管官吏死亡","0","2","2"
"与水星会合则预示","0","2","2"
"与金星会合则预示","0","2","2"
"金星会合则预示有","0","2","2"
"则运行不到应到的","0","2","2"
"运行不到应到的宿","0","2","2"
"行不到应到的宿度","0","2","2"
"则运行过了应到的","0","2","2"
"运行过了应到的宿","0","2","2"
"行过了应到的宿度","0","2","2"
"国的疆域占验在水","0","2","2"
"的疆域占验在水星","0","2","2"
"面观测它们的征候","0","2","2"
"是金属之体有气散","0","2","2"
"金属之体有气散发","0","2","2"
"所在星区相应的分","0","2","2"
"在星区相应的分野","0","2","2"
"星区相应的分野地","0","2","2"
"水星出现在四季的","0","2","2"
"星出现在四季的第","0","2","2"
"出现在四季的第一","0","2","2"
"现在四季的第一个","0","2","2"
"在四季的第一个月","0","2","2"
"骠骑将军上官安与","0","2","2"
"二年十二月己卯曰","0","2","2"
"彗星出现在牵牛宿","0","2","2"
"成周洛阳的宣榭着","0","2","2"
"周洛阳的宣榭着火","0","2","2"
"季氏驱逐了鲁昭公","0","2","2"
"董仲舒的学生吕步","0","2","2"
"仲舒的学生吕步舒","0","2","2"
"陵园束阙楼的南面","0","2","2"
"他的弟弟曲阳侯王","0","2","2"
"的弟弟曲阳侯王根","0","2","2"
"哥哥的儿子新都侯","0","2","2"
"哥的儿子新都侯王","0","2","2"
"的儿子新都侯王莽","0","2","2"
"哀帝的祖母傅太后","0","2","2"
"皇后的儿子为太子","0","2","2"
"鼷鼠啃食祭祀用牛","0","2","2"
"时燕剌王刘旦谋反","0","2","2"
"燕剌王刘旦谋反将","0","2","2"
"谋反之事被朝廷发","0","2","2"
"反之事被朝廷发觉","0","2","2"
"贰师将军征伐大宛","0","2","2"
"严公将要娶齐国的","0","2","2"
"公将要娶齐国的淫","0","2","2"
"昭帝元凤三年正月","0","2","2"
"后果就是疾病流行","0","2","2"
"有脂妖与夜妖出现","0","2","2"
"有黄病吉凶的征兆","0","2","2"
"经常有五行妖孽出","0","2","2"
"常有五行妖孽出现","0","2","2"
"居上位的人度量不","0","2","2"
"上位的人度量不宽","0","2","2"
"位的人度量不宽宏","0","2","2"
"是国家灭亡的象征","0","2","2"
"将会有大昏暗产生","0","2","2"
"有篡位杀君的祸患","0","2","2"
"刘歆以为正月二日","0","2","2"
"董仲舒认为宿星在","0","2","2"
"仲舒以为宿星在心","0","2","2"
"打败了周王的军队","0","2","2"
"刘歆以为九月是周","0","2","2"
"没有比日月更大的","0","2","2"
"有比日月更大的了","0","2","2"
"它的灾异是阳光呈","0","2","2"
"的灾异是太阳呈赤","0","2","2"
"灾异是太阳呈赤色","0","2","2"
"是用来除旧布新的","0","2","2"
"有彗星出现在西方","0","2","2"
"里远的地方缴纳带","0","2","2"
"能引渠灌溉农田的","0","2","2"
"众的男女比例是二","0","2","2"
"的男女比例是二男","0","2","2"
"众的男女比例是一","0","2","2"
"的男女比例是一男","0","2","2"
"附属于诸侯的小国","0","2","2"
"六千三百七十七户","0","2","2"
"二千九百一十二人","0","2","2"
"用来分封大夫毕万","0","2","2"
"周后把它的君主迁","0","2","2"
"后把它的君主迁到","0","2","2"
"把它的君主迁到这","0","2","2"
"行程一千零二十里","0","2","2"
"水首先从狼汤渠接","0","2","2"
"首先从狼汤渠接受","0","2","2"
"先从狼汤渠接受水","0","2","2"
"从狼汤渠接受水源","0","2","2"
"帝中六年另立为济","0","2","2"
"水向南到下邳县流","0","2","2"
"北到寿光县流入大","0","2","2"
"到寿光县流入大海","0","2","2"
"有二十六万八千二","0","2","2"
"行程二千五百三十","0","2","2"
"程二千五百三十里","0","2","2"
"武帝元鼎六年新开","0","2","2"
"帝元鼎六年新开疆","0","2","2"
"元鼎六年新开疆土","0","2","2"
"鼎六年新开疆土设","0","2","2"
"到麋泠县流入尚龙","0","2","2"
"麋泠县流入尚龙溪","0","2","2"
"向东到允吾县流入","0","2","2"
"武帝太初元年设置","0","2","2"
"向西到沙陵流入黄","0","2","2"
"西到沙陵流入黄河","0","2","2"
"东到文安县流入大","0","2","2"
"水向东到高阳流入","0","2","2"
"文帝二年另立为诸","0","2","2"
"帝二年另立为诸侯","0","2","2"
"二年另立为诸侯国","0","2","2"
"宣帝本始元年改为","0","2","2"
"二千石官员来治理","0","2","2"
"八年没有重罪囚犯","0","2","2"
"之间的一个大城市","0","2","2"
"陈述对国家有利的","0","2","2"
"述对国家有利的事","0","2","2"
"把这件事交给了丞","0","2","2"
"这件事交给了丞相","0","2","2"
"堤离黄河二十五里","0","2","2"
"是七十弟子的学生","0","2","2"
"加入了扬雄的八篇","0","2","2"
"立田儋的儿子田市","0","2","2"
"不肯出兵帮助楚军","0","2","2"
"章邯的军队驻扎在","0","2","2"
"沛公带领一百多骑","0","2","2"
"公带领一百多骑兵","0","2","2"
"汉王回军平定三秦","0","2","2"
"田荣的弟弟田横收","0","2","2"
"答应了他们的请求","0","2","2"
"韩王信多次派使者","0","2","2"
"作大司马车骑将军","0","2","2"
"采用广武君的计策","0","2","2"
"把汉王紧紧围困在","0","2","2"
"汉王紧紧围困在荣","0","2","2"
"王紧紧围困在荣阳","0","2","2"
"亲自带兵前往讨伐","0","2","2"
"任命彭越为魏国的","0","2","2"
"命彭越为魏国的相","0","2","2"
"彭越为魏国的相国","0","2","2"
"一定是认为楚国强","0","2","2"
"定是认为楚国强大","0","2","2"
"大王应当全部出动","0","2","2"
"王应当全部出动淮","0","2","2"
"应当全部出动淮南","0","2","2"
"当全部出动淮南国","0","2","2"
"全部出动淮南国的","0","2","2"
"部出动淮南国的军","0","2","2"
"出动淮南国的军队","0","2","2"
"王还没有离开齐国","0","2","2"
"这样做是不可取的","0","2","2"
"打败了英布的军队","0","2","2"
"山东地区就不是汉","0","2","2"
"东地区就不是汉朝","0","2","2"
"地区就不是汉朝所","0","2","2"
"区就不是汉朝所有","0","2","2"
"就不是汉朝所有了","0","2","2"
"中不是刘姓而封为","0","2","2"
"不是刘姓而封为王","0","2","2"
"是刘姓而封为王的","0","2","2"
"刘姓而封为王的有","0","2","2"
"断绝吴国的粮饷供","0","2","2"
"不要像殷王纣那样","0","2","2"
"毁谤先帝所立之学","0","2","2"
"他们请求我的林苑","0","2","2"
"解释法律条文深刻","0","2","2"
"皇后的哥哥王信为","0","2","2"
"摘下帽子向皇上谢","0","2","2"
"下帽子向皇上谢罪","0","2","2"
"项羽在彭城打败汉","0","2","2"
"羽在彭城打败汉王","0","2","2"
"樊啥以相国身份攻","0","2","2"
"啥以相国身份攻打","0","2","2"
"以下至六百石共十","0","2","2"
"下至六百石共十九","0","2","2"
"至六百石共十九人","0","2","2"
"孝惠帝和鲁元公主","0","2","2"
"打开包围圈的一角","0","2","2"
"跟从汉王平定三秦","0","2","2"
"汉王增加他的食邑","0","2","2"
"增加他的食邑二千","0","2","2"
"加他的食邑二千五","0","2","2"
"他的食邑二千五百","0","2","2"
"的食邑二千五百户","0","2","2"
"汉朝建立二十多年","0","2","2"
"知道天之所以为天","0","2","2"
"道天之所以为天的","0","2","2"
"天之所以为天的人","0","2","2"
"之所以为天的人就","0","2","2"
"大王知道天下的归","0","2","2"
"王知道天下的归属","0","2","2"
"认为郦食其欺骗了","0","2","2"
"为郦食其欺骗了自","0","2","2"
"郦食其欺骗了自己","0","2","2"
"天下人没有不知道","0","2","2"
"下人没有不知道的","0","2","2"
"这对大王很宽厚呀","0","2","2"
"委弃封国当平民百","0","2","2"
"弃封国当平民百姓","0","2","2"
"棘蒲侯柴武的太子","0","2","2"
"诸侯及二千石官吏","0","2","2"
"供出与淮南王谋反","0","2","2"
"有司要求逮捕衡山","0","2","2"
"司要求逮捕衡山王","0","2","2"
"谋反的人都被正法","0","2","2"
"要求逮捕衡山王治","0","2","2"
"求逮捕衡山王治罪","0","2","2"
"衡山王面前诋毁太","0","2","2"
"山王面前诋毁太子","0","2","2"
"束郭先生和梁石君","0","2","2"
"淮南王又召见伍被","0","2","2"
"为大王您出谋划策","0","2","2"
"孔乡侯傅晏与息夫","0","2","2"
"乡侯傅晏与息夫躬","0","2","2"
"任命阳安侯丁明为","0","2","2"
"命阳安侯丁明为大","0","2","2"
"阳安侯丁明为大司","0","2","2"
"安侯丁明为大司马","0","2","2"
"在位四十年后去世","0","2","2"
"要想使国家长治久","0","2","2"
"想使国家长治久安","0","2","2"
"就像车轮的辐条聚","0","2","2"
"像车轮的辐条聚集","0","2","2"
"天下人都知道陛下","0","2","2"
"下人都知道陛下的","0","2","2"
"人都认为这样做是","0","2","2"
"都认为这样做是对","0","2","2"
"认为这样做是对的","0","2","2"
"要想使天下之人不","0","2","2"
"为之叹息的就是这","0","2","2"
"所以我必须与他共","0","2","2"
"是通常所说的功臣","0","2","2"
"曾经入过商人户籍","0","2","2"
"经入过商人户籍的","0","2","2"
"募民迁徙到边塞去","0","2","2"
"奉车都尉霍光为大","0","2","2"
"车都尉霍光为大司","0","2","2"
"都尉霍光为大司马","0","2","2"
"尉霍光为大司马大","0","2","2"
"霍光为大司马大将","0","2","2"
"光为大司马大将军","0","2","2"
"史大夫田广明为祁","0","2","2"
"大夫田广明为祁连","0","2","2"
"夫田广明为祁连将","0","2","2"
"田广明为祁连将军","0","2","2"
"后将军赵充国为蒲","0","2","2"
"将军赵充国为蒲类","0","2","2"
"军赵充国为蒲类将","0","2","2"
"赵充国为蒲类将军","0","2","2"
"太守田顺为虎牙将","0","2","2"
"守田顺为虎牙将军","0","2","2"
"周子南君为周承休","0","2","2"
"子南君为周承休侯","0","2","2"
"阳平侯王凤为大司","0","2","2"
"平侯王凤为大司马","0","2","2"
"恭皇太后为帝太太","0","2","2"
"皇太后为帝太太后","0","2","2"
"孙刘信等三十六人","0","2","2"
"曾孙刘伦为广德王","0","2","2"
"册立王婕妤为皇后","0","2","2"
"帝建元六年分为右","0","2","2"
"建元六年分为右内","0","2","2"
"元六年分为右内史","0","2","2"
"宣帝神爵二年设置","0","2","2"
"武帝元鼎三年设置","0","2","2"
"五藏六府痹十二病","0","2","2"
"藏六府痹十二病方","0","2","2"
"有能够引起贪欲的","0","2","2"
"能够引起贪欲的东","0","2","2"
"够引起贪欲的东西","0","2","2"
"却使他的后世子孙","0","2","2"
"使他的后世子孙连","0","2","2"
"像翻转手掌那样容","0","2","2"
"翻转手掌那样容易","0","2","2"
"认识的还是不认识","0","2","2"
"识的还是不认识的","0","2","2"
"一定能找到人事来","0","2","2"
"定能找到人事来印","0","2","2"
"能找到人事来印证","0","2","2"
"案件如果是皇上想","0","2","2"
"件如果是皇上想要","0","2","2"
"而容易丧失对事物","0","2","2"
"容易丧失对事物的","0","2","2"
"易丧失对事物的正","0","2","2"
"丧失对事物的正确","0","2","2"
"失对事物的正确认","0","2","2"
"对事物的正确认识","0","2","2"
"其实际情况与名声","0","2","2"
"会不会像本始五年","0","2","2"
"先皇帝的衣冠在陵","0","2","2"
"皇帝的衣冠在陵寝","0","2","2"
"帝的衣冠在陵寝与","0","2","2"
"的衣冠在陵寝与祭","0","2","2"
"衣冠在陵寝与祭庙","0","2","2"
"帝听从了魏相的建","0","2","2"
"听从了魏相的建议","0","2","2"
"职务上的事情办理","0","2","2"
"务上的事情办理得","0","2","2"
"上的事情办理得很","0","2","2"
"的事情办理得很好","0","2","2"
"把这事下交给大臣","0","2","2"
"这事下交给大臣们","0","2","2"
"事下交给大臣们商","0","2","2"
"下交给大臣们商议","0","2","2"
"如果我们撤回守卫","0","2","2"
"这是不能这样做的","0","2","2"
"是不能这样做的第","0","2","2"
"如果我们接受了投","0","2","2"
"果我们接受了投降","0","2","2"
"我们接受了投降的","0","2","2"
"们接受了投降的人","0","2","2"
"高明堪与天公相配","0","2","2"
"我从前在担任要职","0","2","2"
"那个等候任用的人","0","2","2"
"六项财政经济管理","0","2","2"
"项财政经济管理制","0","2","2"
"财政经济管理制度","0","2","2"
"要用这样的办法来","0","2","2"
"是什么样的人物呢","0","2","2"
"什么样的人物呢?","0","2","2"
"皇上派汲黯前往视","0","2","2"
"上派汲黯前往视察","0","2","2"
"那样听信错误的言","0","2","2"
"样听信错误的言论","0","2","2"
"吴王不采纳枚乘的","0","2","2"
"王不采纳枚乘的建","0","2","2"
"不采纳枚乘的建议","0","2","2"
"舅父的身份被封为","0","2","2"
"韩安国为御史大夫","0","2","2"
"犯了大逆不道的罪","0","2","2"
"魏其侯所说的为是","0","2","2"
"皇上因为太后的缘","0","2","2"
"上因为太后的缘故","0","2","2"
"万骑兵进入武州塞","0","2","2"
"景帝前元二年封王","0","2","2"
"皇上把这件事交给","0","2","2"
"在景帝前元三年封","0","2","2"
"景帝前元三年封王","0","2","2"
"李广担任骁骑将军","0","2","2"
"从定襄郡出击匈奴","0","2","2"
"我从年轻的时候起","0","2","2"
"以校尉的身份跟随","0","2","2"
"强弩都尉路博德率","0","2","2"
"李陵率领步兵五千","0","2","2"
"衹顾保全身家性命","0","2","2"
"顾保全身家性命的","0","2","2"
"保全身家性命的臣","0","2","2"
"全身家性命的臣子","0","2","2"
"也足以光耀天下了","0","2","2"
"因杆将军公孙敖率","0","2","2"
"上官桀的儿子上官","0","2","2"
"官桀的儿子上官安","0","2","2"
"的长史杨敞没有功","0","2","2"
"长史杨敞没有功劳","0","2","2"
"关内侯的爵位和三","0","2","2"
"内侯的爵位和三百","0","2","2"
"侯的爵位和三百户","0","2","2"
"马大将军博陆侯霍","0","2","2"
"左内史李沮担任强","0","2","2"
"内史李沮担任强弩","0","2","2"
"史李沮担任强弩将","0","2","2"
"李沮担任强弩将军","0","2","2"
"跟随大将军俘获匈","0","2","2"
"随大将军俘获匈奴","0","2","2"
"大将军俘获匈奴王","0","2","2"
"随大将军卫青出征","0","2","2"
"休屠王的祭天金人","0","2","2"
"骠骑将军霍去病率","0","2","2"
"百户加封骠骑将军","0","2","2"
"骠骑将军霍去病各","0","2","2"
"右谷蠡王才去掉单","0","2","2"
"谷蠡王才去掉单于","0","2","2"
"以校尉身份随从大","0","2","2"
"校尉身份随从大将","0","2","2"
"尉身份随从大将军","0","2","2"
"以校尉职务随从大","0","2","2"
"校尉职务随从大将","0","2","2"
"尉职务随从大将军","0","2","2"
"帝王治理天下的道","0","2","2"
"臣听说圣明的君王","0","2","2"
"听说圣明的君王治","0","2","2"
"说圣明的君王治理","0","2","2"
"圣明的君王治理天","0","2","2"
"明的君王治理天下","0","2","2"
"看到这些渐渐灭亡","0","2","2"
"到这些渐渐灭亡和","0","2","2"
"我要虚心改正错误","0","2","2"
"知道自己比万物可","0","2","2"
"道自己比万物可贵","0","2","2"
"开通去夜郎的道路","0","2","2"
"有异乎寻常的事业","0","2","2"
"了解臣的人认为臣","0","2","2"
"解臣的人认为臣是","0","2","2"
"及御史大夫桑弘羊","0","2","2"
"大将军霍光去世后","0","2","2"
"将军上官桀父子与","0","2","2"
"当时帝舅大将军王","0","2","2"
"时帝舅大将军王凤","0","2","2"
"卫尉定陵侯淳于长","0","2","2"
"定陵侯淳于长有罪","0","2","2"
"的身份跟随大将军","0","2","2"
"张骞开辟了通往西","0","2","2"
"骞开辟了通往西域","0","2","2"
"开辟了通往西域的","0","2","2"
"辟了通往西域的道","0","2","2"
"了通往西域的道路","0","2","2"
"李广利的妹妹李夫","0","2","2"
"广利的妹妹李夫人","0","2","2"
"那些品行恶劣的少","0","2","2"
"些品行恶劣的少年","0","2","2"
"贰师将军的大部队","0","2","2"
"使人受到限制而产","0","2","2"
"人受到限制而产生","0","2","2"
"受到限制而产生许","0","2","2"
"到限制而产生许多","0","2","2"
"限制而产生许多畏","0","2","2"
"制而产生许多畏惧","0","2","2"
"君臣父子之间的礼","0","2","2"
"臣父子之间的礼仪","0","2","2"
"夫妇长幼之间的区","0","2","2"
"妇长幼之间的区别","0","2","2"
"这是各家学说也不","0","2","2"
"是各家学说也不能","0","2","2"
"代做汉朝的藩篱辅","0","2","2"
"做汉朝的藩篱辅翼","0","2","2"
"你这个国王可要警","0","2","2"
"这个国王可要警惕","0","2","2"
"个国王可要警惕啊","0","2","2"
"了刘泽等人的阴谋","0","2","2"
"偃假托朝廷命令行","0","2","2"
"假托朝廷命令行事","0","2","2"
"想接受声威教化的","0","2","2"
"接受声威教化的就","0","2","2"
"当时中书令石显专","0","2","2"
"议论国家政事的得","0","2","2"
"论国家政事的得失","0","2","2"
"这是不能建上林苑","0","2","2"
"是不能建上林苑的","0","2","2"
"不能建上林苑的第","0","2","2"
"但应该让他自己去","0","2","2"
"左丞相刘屈牦的军","0","2","2"
"丞相刘屈牦的军队","0","2","2"
"师将军李广利率兵","0","2","2"
"儿子玩弄父亲的军","0","2","2"
"子玩弄父亲的军队","0","2","2"
"霍光与车骑将军张","0","2","2"
"光与车骑将军张安","0","2","2"
"任子制度被任命为","0","2","2"
"子制度被任命为郎","0","2","2"
"制度被任命为郎官","0","2","2"
"时大将军霍光执政","0","2","2"
"为光禄大夫给事中","0","2","2"
"遵循高祖皇帝的法","0","2","2"
"循高祖皇帝的法令","0","2","2"
"高祖皇帝的法令制","0","2","2"
"祖皇帝的法令制度","0","2","2"
"保全别人会保全自","0","2","2"
"全别人会保全自己","0","2","2"
"良家子弟善于骑马","0","2","2"
"家子弟善于骑马射","0","2","2"
"子弟善于骑马射箭","0","2","2"
"弟善于骑马射箭被","0","2","2"
"义渠安国出使巡视","0","2","2"
"渠安国出使巡视各","0","2","2"
"不是臣下所能比得","0","2","2"
"是臣下所能比得上","0","2","2"
"臣下所能比得上的","0","2","2"
"把他们的妻子儿女","0","2","2"
"千多人投降了汉朝","0","2","2"
"破羌将军辛武贤在","0","2","2"
"年轻时因为父亲的","0","2","2"
"轻时因为父亲的关","0","2","2"
"时因为父亲的关系","0","2","2"
"被征召任命为光禄","0","2","2"
"征召任命为光禄大","0","2","2"
"召任命为光禄大夫","0","2","2"
"二千石的有十多人","0","2","2"
"封傅介子为义阳侯","0","2","2"
"侯以下的五万多骑","0","2","2"
"以下的五万多骑兵","0","2","2"
"下的五万多骑兵从","0","2","2"
"的五万多骑兵从西","0","2","2"
"郅支单于以为呼韩","0","2","2"
"支单于以为呼韩邪","0","2","2"
"于万里之外的地方","0","2","2"
"被关在牢裹很久了","0","2","2"
"西域有城镇的国家","0","2","2"
"域有城镇的国家以","0","2","2"
"有城镇的国家以及","0","2","2"
"城镇的国家以及敦","0","2","2"
"镇的国家以及敦煌","0","2","2"
"的国家以及敦煌的","0","2","2"
"国家以及敦煌的军","0","2","2"
"家以及敦煌的军队","0","2","2"
"不是他所应当说的","0","2","2"
"末振将的太子番丘","0","2","2"
"上书请求告老还乡","0","2","2"
"年正月初一出现日","0","2","2"
"正月初一出现日食","0","2","2"
"难道是因为其身为","0","2","2"
"道是因为其身为公","0","2","2"
"是因为其身为公卿","0","2","2"
"因为其身为公卿吗","0","2","2"
"大司马卫将军王商","0","2","2"
"应当做韦家的继承","0","2","2"
"当做韦家的继承人","0","2","2"
"哀帝做定陶王的时","0","2","2"
"帝做定陶王的时候","0","2","2"
"过的地方建立宗庙","0","2","2"
"圣明的君王制定礼","0","2","2"
"后稷最早受封建国","0","2","2"
"皇考庙因为亲子孙","0","2","2"
"亲子孙还没有死尽","0","2","2"
"孝宣皇帝是孝昭皇","0","2","2"
"宣皇帝是孝昭皇帝","0","2","2"
"庙因为亲子孙没有","0","2","2"
"因为亲子孙没有死","0","2","2"
"为亲子孙没有死尽","0","2","2"
"神主迁到太祖庙中","0","2","2"
"命于天的开国君主","0","2","2"
"太上皇的陵寝祭庙","0","2","2"
"加上太祖的庙共有","0","2","2"
"分别掌管一个季节","0","2","2"
"犯罪被削爵为关内","0","2","2"
"罪被削爵为关内侯","0","2","2"
"做了光禄大夫给事","0","2","2"
"了光禄大夫给事中","0","2","2"
"胡虏所入侵的边郡","0","2","2"
"给丞相和御史大夫","0","2","2"
"有臣下图谋皇帝的","0","2","2"
"臣下图谋皇帝的事","0","2","2"
"下图谋皇帝的事发","0","2","2"
"图谋皇帝的事发生","0","2","2"
"发生人吃人的惨剧","0","2","2"
"实行考察官吏政绩","0","2","2"
"行考察官吏政绩的","0","2","2"
"上了一封密封的奏","0","2","2"
"皇帝左右的人是邪","0","2","2"
"帝左右的人是邪的","0","2","2"
"即使侍奉皇帝左右","0","2","2"
"使侍奉皇帝左右的","0","2","2"
"的舅舅曲阳侯王根","0","2","2"
"舅舅曲阳侯王根做","0","2","2"
"的三个儿子都做了","0","2","2"
"各县都有贤明的长","0","2","2"
"公卿大夫博士议郎","0","2","2"
"大将军王凤辅佐政","0","2","2"
"将军王凤辅佐政事","0","2","2"
"的弟弟成都侯商又","0","2","2"
"递上密封的奏章说","0","2","2"
"太后的父亲为崇祖","0","2","2"
"后的父亲为崇祖侯","0","2","2"
"是大司马车骑将军","0","2","2"
"曲阳侯王根为大司","0","2","2"
"阳侯王根为大司马","0","2","2"
"侯王根为大司马骠","0","2","2"
"王根为大司马骠骑","0","2","2"
"根为大司马骠骑将","0","2","2"
"中山孝王的母亲冯","0","2","2"
"山孝王的母亲冯太","0","2","2"
"孝王的母亲冯太后","0","2","2"
"王的母亲冯太后一","0","2","2"
"的母亲冯太后一同","0","2","2"
"母亲冯太后一同侍","0","2","2"
"亲冯太后一同侍奉","0","2","2"
"冯太后一同侍奉元","0","2","2"
"太后一同侍奉元帝","0","2","2"
"汉朝的外孙元贵靡","0","2","2"
"皇帝下诏让公卿商","0","2","2"
"帝下诏让公卿商议","0","2","2"
"皇帝认为萧望之的","0","2","2"
"位置在诸侯王之上","0","2","2"
"史高为大司马车骑","0","2","2"
"高为大司马车骑将","0","2","2"
"冯奉世以卫候的身","0","2","2"
"奉世以卫候的身份","0","2","2"
"长舅阳平侯王凤任","0","2","2"
"舅阳平侯王凤任大","0","2","2"
"因为父亲的关系任","0","2","2"
"有关部门上奏请求","0","2","2"
"关部门上奏请求逮","0","2","2"
"部门上奏请求逮捕","0","2","2"
"门上奏请求逮捕刘","0","2","2"
"舅张博多次给您书","0","2","2"
"张博多次给您书信","0","2","2"
"因为他是最亲近的","0","2","2"
"为他是最亲近的亲","0","2","2"
"侯的儿子刘成都为","0","2","2"
"的儿子刘成都为中","0","2","2"
"儿子刘成都为中山","0","2","2"
"远离京师的地方作","0","2","2"
"离京师的地方作官","0","2","2"
"乐陵侯史高以外戚","0","2","2"
"被任命为大司马车","0","2","2"
"任命为大司马车骑","0","2","2"
"命为大司马车骑将","0","2","2"
"调理好百姓万物的","0","2","2"
"理好百姓万物的情","0","2","2"
"好百姓万物的情性","0","2","2"
"不要违背我的心意","0","2","2"
"王的祖母傅太后暗","0","2","2"
"的祖母傅太后暗地","0","2","2"
"祖母傅太后暗地裹","0","2","2"
"暗地裹为定陶王谋","0","2","2"
"地裹为定陶王谋求","0","2","2"
"成帝的母亲太皇太","0","2","2"
"帝的母亲太皇太后","0","2","2"
"帝的祖母定陶傅太","0","2","2"
"侍中驸马都尉傅迁","0","2","2"
"召集公卿大臣商议","0","2","2"
"想要把她纳入后宫","0","2","2"
"太中大夫蜀郡人张","0","2","2"
"中大夫蜀郡人张匡","0","2","2"
"皇上认为他的话是","0","2","2"
"上认为他的话是对","0","2","2"
"认为他的话是对的","0","2","2"
"赐予关内侯的爵位","0","2","2"
"帝的舅舅阳安侯丁","0","2","2"
"的舅舅阳安侯丁明","0","2","2"
"以奉朝请的名义参","0","2","2"
"奉朝请的名义参加","0","2","2"
"朝请的名义参加朝","0","2","2"
"请的名义参加朝会","0","2","2"
"王莽败亡后就断绝","0","2","2"
"莽败亡后就断绝了","0","2","2"
"廉洁的官吏狱掾王","0","2","2"
"洁的官吏狱掾王立","0","2","2"
"到现在已经很久了","0","2","2"
"识别人的贤愚善恶","0","2","2"
"判处完刑和城旦的","0","2","2"
"处完刑和城旦的刑","0","2","2"
"完刑和城旦的刑罚","0","2","2"
"任大司马骠骑将军","0","2","2"
"关押犯人的牢狱裹","0","2","2"
"押犯人的牢狱裹去","0","2","2"
"因为皇太后的缘故","0","2","2"
"王莽暂居皇帝之位","0","2","2"
"将军成武侯孙建为","0","2","2"
"敢不尽力完成祖宗","0","2","2"
"诸侯王公列卿大夫","0","2","2"
"侯王公列卿大夫元","0","2","2"
"王公列卿大夫元士","0","2","2"
"公列卿大夫元士御","0","2","2"
"列卿大夫元士御事","0","2","2"
"大夫桓谭等人颁布","0","2","2"
"推举敢于直言的人","0","2","2"
"能深察愚臣我的话","0","2","2"
"做了大司马卫将军","0","2","2"
"事而不能与他一起","0","2","2"
"而不能与他一起做","0","2","2"
"皇后的父亲孔乡侯","0","2","2"
"后的父亲孔乡侯傅","0","2","2"
"的父亲孔乡侯傅晏","0","2","2"
"做大司马骠骑将军","0","2","2"
"大司马新都侯王莽","0","2","2"
"把政权委托给外戚","0","2","2"
"进上密封的奏书说","0","2","2"
"百姓因此虚假邪恶","0","2","2"
"五个二千石官吏共","0","2","2"
"个二千石官吏共同","0","2","2"
"迷乱国家欺罔皇上","0","2","2"
"乱国家欺罔皇上不","0","2","2"
"国家欺罔皇上不守","0","2","2"
"家欺罔皇上不守道","0","2","2"
"欺罔皇上不守道义","0","2","2"
"官至大司马车骑将","0","2","2"
"至大司马车骑将军","0","2","2"
"以博士身份讲论于","0","2","2"
"博士身份讲论于石","0","2","2"
"士身份讲论于石渠","0","2","2"
"儿子尹咸和翟方进","0","2","2"
"太后听说了这件事","0","2","2"
"赏赐给郅都黄金一","0","2","2"
"赐给郅都黄金一百","0","2","2"
"给郅都黄金一百斤","0","2","2"
"槐里地方的大盗贼","0","2","2"
"李延年的弟弟李季","0","2","2"
"令将作大匠为董贤","0","2","2"
"将作大匠为董贤在","0","2","2"
"抵御外侮安定远方","0","2","2"
"儿子便娶后母为妻","0","2","2"
"冒顿率人出去打猎","0","2","2"
"用呜镝射向自己的","0","2","2"
"皇族女儿冒称公主","0","2","2"
"族女儿冒称公主去","0","2","2"
"汉朝与匈奴约为兄","0","2","2"
"朝与匈奴约为兄弟","0","2","2"
"居住在原来的地方","0","2","2"
"与汉朝的和亲关系","0","2","2"
"三位将军率军分别","0","2","2"
"位将军率军分别驻","0","2","2"
"将军率军分别驻扎","0","2","2"
"军率军分别驻扎在","0","2","2"
"匈奴一万九千多人","0","2","2"
"又派因杆将军公孙","0","2","2"
"派强弩都尉路博德","0","2","2"
"强弩都尉路博德在","0","2","2"
"贰师将军李广利攻","0","2","2"
"把自己的女儿嫁给","0","2","2"
"单于病得快要死了","0","2","2"
"出边塞一千二百多","0","2","2"
"边塞一千二百多里","0","2","2"
"分别率领一万骑兵","0","2","2"
"把他们留在单于王","0","2","2"
"他们留在单于王庭","0","2","2"
"以防备呼韩邪单于","0","2","2"
"汉朝派车骑都尉韩","0","2","2"
"朝派车骑都尉韩昌","0","2","2"
"地位在诸侯王之上","0","2","2"
"生了一个儿子名叫","0","2","2"
"立雕陶莫皋为单于","0","2","2"
"夏侯藩向匈奴索要","0","2","2"
"侯藩向匈奴索要土","0","2","2"
"藩向匈奴索要土地","0","2","2"
"五万骑兵攻打匈奴","0","2","2"
"万骑兵攻打匈奴的","0","2","2"
"的人能在近乎没有","0","2","2"
"在事情还没有发生","0","2","2"
"王萌到西域的恶都","0","2","2"
"萌到西域的恶都奴","0","2","2"
"会集西域各国国王","0","2","2"
"解下原来的玺印绶","0","2","2"
"下原来的玺印绶带","0","2","2"
"戊己校尉史陈良和","0","2","2"
"己校尉史陈良和终","0","2","2"
"校尉史陈良和终带","0","2","2"
"孝单于咸的儿子角","0","2","2"
"将朝廷的意图告诉","0","2","2"
"汉朝派遣水衡都尉","0","2","2"
"发兵攻打长沙国的","0","2","2"
"兵攻打长沙国的边","0","2","2"
"攻打长沙国的边境","0","2","2"
"无诸和摇率领粤人","0","2","2"
"顺塔里木河西行至","0","2","2"
"道西越葱岭可到大","0","2","2"
"西北到西域都护治","0","2","2"
"都护治所乌垒城一","0","2","2"
"护治所乌垒城一千","0","2","2"
"治所乌垒城一千七","0","2","2"
"所乌垒城一千七百","0","2","2"
"治所乌垒城二千二","0","2","2"
"所乌垒城二千二百","0","2","2"
"北到酉塑都护治所","0","2","2"
"到酉塑都护治所昼","0","2","2"
"治所乌垒城二千七","0","2","2"
"所乌垒城二千七百","0","2","2"
"治所乌垒城二千八","0","2","2"
"所乌垒城二千八百","0","2","2"
"护治所乌垒城三千","0","2","2"
"束到长安九千九百","0","2","2"
"到长安九千九百五","0","2","2"
"治所乌垒城五千零","0","2","2"
"到莎车五百四十里","0","2","2"
"到无雷五百四十里","0","2","2"
"到长安一万零一百","0","2","2"
"长安一万零一百五","0","2","2"
"安一万零一百五十","0","2","2"
"一万零一百五十里","0","2","2"
"东北到酉球都护治","0","2","2"
"北到酉球都护治所","0","2","2"
"到酉球都护治所乌","0","2","2"
"束到长安一万一千","0","2","2"
"到长安一万一千六","0","2","2"
"长安一万一千六百","0","2","2"
"安一万一千六百里","0","2","2"
"能射箭的战士十余","0","2","2"
"射箭的战士十余万","0","2","2"
"箭的战士十余万人","0","2","2"
"束到都护治所五千","0","2","2"
"东到西域都护治所","0","2","2"
"阳关八千零二十五","0","2","2"
"关八千零二十五里","0","2","2"
"束到都护治所六千","0","2","2"
"都护治所一千四百","0","2","2"
"的匈奴妻生的儿子","0","2","2"
"侯难栖杀掉末振将","0","2","2"
"常常打算废掉太子","0","2","2"
"常打算废掉太子改","0","2","2"
"打算废掉太子改立","0","2","2"
"迎接代王立为皇帝","0","2","2"
"太后打算亲上加亲","0","2","2"
"后的母亲在这之前","0","2","2"
"跟随武帝去甘泉宫","0","2","2"
"皇后被册立为后的","0","2","2"
"后被册立为后的第","0","2","2"
"被册立为后的第十","0","2","2"
"太后成为太皇太后","0","2","2"
"皇后被册立的第三","0","2","2"
"皇后的父亲王奉光","0","2","2"
"先前平安刚侯夫人","0","2","2"
"前平安刚侯夫人许","0","2","2"
"安刚侯夫人许谒犯","0","2","2"
"刚侯夫人许谒犯下","0","2","2"
"侯夫人许谒犯下大","0","2","2"
"夫人许谒犯下大逆","0","2","2"
"人许谒犯下大逆不","0","2","2"
"许谒犯下大逆不道","0","2","2"
"谒犯下大逆不道之","0","2","2"
"犯下大逆不道之罪","0","2","2"
"太后姐姐的儿子淳","0","2","2"
"后姐姐的儿子淳于","0","2","2"
"姐姐的儿子淳于长","0","2","2"
"用御史中丞的大印","0","2","2"
"御史中丞的大印封","0","2","2"
"史中丞的大印封好","0","2","2"
"的儿子郑业为阳信","0","2","2"
"儿子郑业为阳信侯","0","2","2"
"当时她的父亲冯奉","0","2","2"
"时她的父亲冯奉世","0","2","2"
"卫宝的弟弟卫玄关","0","2","2"
"宝的弟弟卫玄关内","0","2","2"
"的弟弟卫玄关内侯","0","2","2"
"弟弟卫玄关内侯的","0","2","2"
"弟卫玄关内侯的爵","0","2","2"
"卫玄关内侯的爵位","0","2","2"
"推荐王莽代替自己","0","2","2"
"太后任命王莽为大","0","2","2"
"后任命王莽为大司","0","2","2"
"任命王莽为大司马","0","2","2"
"身旁长御以下的侍","0","2","2"
"旁长御以下的侍者","0","2","2"
"广戚侯的儿子刘婴","0","2","2"
"为新室文母太皇太","0","2","2"
"有安邦定国的功劳","0","2","2"
"规定他死后子孙继","0","2","2"
"定他死后子孙继承","0","2","2"
"他死后子孙继承爵","0","2","2"
"死后子孙继承爵位","0","2","2"
"孔光等人的功劳和","0","2","2"
"邸作为安汉公的府","0","2","2"
"作为安汉公的府第","0","2","2"
"称赞的就是安漠公","0","2","2"
"赞的就是安漠公啊","0","2","2"
"安漠公就是这样的","0","2","2"
"漠公就是这样的人","0","2","2"
"在皇太后的帷幕裹","0","2","2"
"常把自己的意图称","0","2","2"
"明君的权力归还给","0","2","2"
"君的权力归还给您","0","2","2"
"王莽禀明太后下诏","0","2","2"
"莽禀明太后下诏书","0","2","2"
"禀明太后下诏书说","0","2","2"
"伟大的皇初祖考黄","0","2","2"
"大的皇初祖考黄帝","0","2","2"
"且在明堂太庙举行","0","2","2"
"我的伟大的皇始祖","0","2","2"
"的伟大的皇始祖考","0","2","2"
"流放到四方极远的","0","2","2"
"放到四方极远的地","0","2","2"
"到四方极远的地方","0","2","2"
"四方极远的地方去","0","2","2"
"坐着绘有天文图像","0","2","2"
"着绘有天文图像的","0","2","2"
"绘有天文图像的车","0","2","2"
"有天文图像的车子","0","2","2"
"罪行应当杀身灭族","0","2","2"
"法律制度和礼仪规","0","2","2"
"律制度和礼仪规则","0","2","2"
"二千石级官吏推举","0","2","2"
"中郎将和绣衣执法","0","2","2"
"二月建寅的初春时","0","2","2"
"月建寅的初春时节","0","2","2"
"大司空的办事人员","0","2","2"
"接见他们的礼仪像","0","2","2"
"见他们的礼仪像接","0","2","2"
"他们的礼仪像接见","0","2","2"
"们的礼仪像接见三","0","2","2"
"的礼仪像接见三公","0","2","2"
"礼仪像接见三公一","0","2","2"
"仪像接见三公一样","0","2","2"
"来中原侍奉皇帝的","0","2","2"
"中原侍奉皇帝的儿","0","2","2"
"原侍奉皇帝的儿子","0","2","2"
"侍奉皇帝的儿子登","0","2","2"
"派遣平蛮将军冯茂","0","2","2"
"按照百分比的多少","0","2","2"
"照百分比的多少来","0","2","2"
"百分比的多少来减","0","2","2"
"分比的多少来减少","0","2","2"
"州一部二十五郡挂","0","2","2"
"部共十郡挂起钩来","0","2","2"
"跟有关地区的灾害","0","2","2"
"有关地区的灾害挂","0","2","2"
"关地区的灾害挂起","0","2","2"
"地区的灾害挂起钩","0","2","2"
"区的灾害挂起钩来","0","2","2"
"像汉朝的刺史一样","0","2","2"
"王莽派遣使者就地","0","2","2"
"希望用这样的办法","0","2","2"
"符命文辞说要立王","0","2","2"
"保全善良的老百姓","0","2","2"
"没收作官府的奴婢","0","2","2"
"开放东方各处粮仓","0","2","2"
"迅速推进所属各州","0","2","2"
"速推进所属各州郡","0","2","2"
"推进所属各州郡的","0","2","2"
"进所属各州郡的部","0","2","2"
"所属各州郡的部队","0","2","2"
"属各州郡的部队共","0","2","2"
"到都护治所一千二","0","2","2"
"都护治所一千二百","0","2","2"
