"N-gram","魏书","魏书翻译","Total"
"骠骑大将军","185","190","375"
"车骑大将军","102","102","204"
"开府仪同三","82","87","169"
"府仪同三司","82","87","169"
"派使者前来","0","149","149"
"使者前来朝","0","144","144"
"国遣使朝贡","142","1","143"
"尚书左仆射","70","71","141"
"国遣使朝献","134","0","134"
"尚书右仆射","60","61","121"
"事黄门侍郎","55","55","110"
"通直散骑常","54","54","108"
"直散骑常侍","54","54","108"
"孝文帝下诏","0","107","107"
"左光禄大夫","49","49","98"
"征西大将军","44","45","89"
"来朝拜纳贡","0","89","89"
"金紫光禄大","44","44","88"
"前来朝拜纳","0","88","88"
"紫光禄大夫","44","43","87"
"者前来朝拜","0","87","87"
"征南大将军","42","42","84"
"员外散骑常","42","42","84"
"外散骑常侍","42","42","84"
"遣使者入朝","0","74","74"
"三州诸军事","36","37","73"
"派遣使者入","0","71","71"
"国派使者前","0","71","71"
"使者入朝贡","0","66","66"
"者入朝贡奉","0","66","66"
"加散骑常侍","54","8","62"
"任散骑常侍","0","59","59"
"诸国遣使朝","58","0","58"
"给事黄门侍","0","55","55"
"授散骑常侍","3","47","50"
"二年春正月","31","15","46"
"食邑一千户","12","34","46"
"员外散骑侍","23","23","46"
"外散骑侍郎","23","23","46"
"世祖下诏命","0","45","45"
"派使臣入朝","0","45","45"
"都督中外诸","22","22","44"
"督中外诸军","22","22","44"
"中外诸军事","22","22","44"
"彭城王元勰","0","44","44"
"元年春正月","29","14","43"
"派来使者朝","0","43","43"
"来使者朝贡","0","43","43"
"年春季正月","0","43","43"
"右光禄大夫","21","21","42"
"十岁以上的","0","42","42"
"加授散骑常","0","41","41"
"为散骑常侍","0","40","40"
"食邑五百户","11","28","39"
"二州诸军事","20","18","38"
"征北大将军","19","19","38"
"为骠骑大将","0","37","37"
"征东大将军","24","12","36"
"四州诸军事","19","17","36"
"为仪同三司","0","36","36"
"者前来朝贡","0","36","36"
"国派使臣入","0","35","35"
"迁散骑常侍","34","0","34"
"抚军大将军","17","17","34"
"高丽国遣使","34","0","34"
"丽国遣使朝","34","0","34"
"司马德宗的","0","34","34"
"中军大将军","16","17","33"
"三年春正月","22","11","33"
"咸阳王元禧","0","33","33"
"吐谷浑国遣","32","0","32"
"谷浑国遣使","32","0","32"
"为车骑大将","0","32","32"
"任城王元澄","0","32","32"
"皇帝下诏说","0","32","32"
"遣散骑常侍","26","5","31"
"浑国遣使朝","31","0","31"
"高阳王元雍","0","31","31"
"镇西大将军","15","15","30"
"南青州刺史","16","14","30"
"镇南大将军","15","15","30"
"州刺史司马","14","16","30"
"灵太后临朝","16","14","30"
"中山王元英","0","30","30"
"都派使者前","0","30","30"
"国都派使者","0","29","29"
"了他的意见","0","28","28"
"世祖回到宫","0","28","28"
"祖回到宫中","0","28","28"
"赐给爵位为","0","28","28"
"国派遣使者","0","28","28"
"国派来使者","0","28","28"
"五州诸军事","13","14","27"
"蠕蠕国遣使","27","0","27"
"蠕国遣使朝","27","0","27"
"散骑常侍李","14","12","26"
"任中书侍郎","0","26","26"
"兼散骑常侍","0","26","26"
"柱国大将军","12","13","25"
"安丰王延明","18","7","25"
"讨伐平定了","0","25","25"
"国派使者朝","0","25","25"
"上党王天穆","15","9","24"
"天柱大将军","12","12","24"
"四年春正月","16","8","24"
"高丽国派使","0","24","24"
"孝文帝驾临","0","24","24"
"世宗下诏书","0","24","24"
"宗下诏书说","0","24","24"
"食邑二百户","9","14","23"
"高凉王拓跋","0","23","23"
"岁以上的老","0","23","23"
"除散骑常侍","21","1","22"
"治书侍御史","11","11","22"
"北海王元详","0","22","22"
"凉王拓跋那","0","22","22"
"吐谷浑国派","0","22","22"
"以上的老人","0","22","22"
"阳王长孙翰","11","10","21"
"年春正月甲","14","7","21"
"哥哥的儿子","0","21","21"
"为征虏将军","0","21","21"
"赠散骑常侍","15","5","20"
"五年春正月","12","8","20"
"太子中庶子","10","10","20"
"平阳王长孙","11","9","20"
"孝文帝抵达","0","20","20"
"永昌王拓跋","0","20","20"
"伐平定了他","0","20","20"
"平定了他们","0","20","20"
"七十岁以上","0","20","20"
"诏员外散骑","19","0","19"
"年春正月壬","12","7","19"
"左仆射安原","10","9","19"
"升爵位为王","0","19","19"
"后临朝听政","0","19","19"
"京兆王元愉","0","19","19"
"使者来朝贡","0","19","19"
"被赐给爵位","0","19","19"
"刘义隆政权","0","19","19"
"食邑八百户","7","11","18"
"食邑三百户","7","11","18"
"殿中侍御史","9","9","18"
"司徒左长史","9","9","18"
"将军奚康生","9","9","18"
"尚书令李崇","9","9","18"
"通直散骑侍","9","9","18"
"直散骑侍郎","9","9","18"
"年春正月乙","15","3","18"
"昌国遣使朝","18","0","18"
"年春正月丙","12","6","18"
"文帝下诏说","0","18","18"
"他为使持节","0","18","18"
"任通直散骑","0","18","18"
"汝南王元悦","0","18","18"
"太后临朝听","0","18","18"
"任尚书右仆","0","18","18"
"等国都派使","0","18","18"
"等国派使者","0","18","18"
"者前来朝献","0","18","18"
"春季正月初","0","18","18"
"年春正月辛","11","6","17"
"被赐令自杀","0","17","17"
"任吏部尚书","0","17","17"
"第二个儿子","0","17","17"
"任冠军将军","0","17","17"
"皇帝下诏让","0","17","17"
"世宗下诏让","0","17","17"
"派使者来朝","0","17","17"
"出使刘义隆","0","17","17"
"派使者朝贡","0","17","17"
"八十岁以上","0","17","17"
"谷浑国派使","0","17","17"
"使臣入朝进","0","17","17"
"臣入朝进贡","0","17","17"
"使臣入朝觐","0","17","17"
"臣入朝觐见","0","17","17"
"祖下诏书说","0","17","17"
"追赠使持节","6","10","16"
"阳郡开国公","8","8","16"
"年春正月丁","13","3","16"
"雍州刺史萧","8","8","16"
"为通直散骑","0","16","16"
"国各派使者","0","16","16"
"任内都大官","0","16","16"
"上奏疏请求","0","16","16"
"率领步兵骑","0","16","16"
"领步兵骑兵","0","16","16"
"打败了他们","0","16","16"
"为辅国将军","0","16","16"
"朝廷赠他为","0","16","16"
"派遣使者前","0","16","16"
"世宗下诏命","0","16","16"
"都派遣使者","0","16","16"
"长安镇都大","8","7","15"
"安镇都大将","8","7","15"
"加龙骧将军","14","1","15"
"京兆王子推","10","5","15"
"加冠军将军","15","0","15"
"吏部尚书元","7","8","15"
"宜都王穆寿","9","6","15"
"南平公长孙","8","7","15"
"衍辅国将军","10","5","15"
"假平南将军","8","7","15"
"萧衍遣使朝","15","0","15"
"衍遣使朝贡","15","0","15"
"命骠骑大将","0","15","15"
"的冠军将军","0","15","15"
"为车骑将军","0","15","15"
"他为散骑常","0","15","15"
"赠为使持节","0","15","15"
"任征虏将军","0","15","15"
"授冠军将军","0","15","15"
"升任散骑常","0","15","15"
"清河王元怿","0","15","15"
"广平王元怀","0","15","15"
"任命使持节","0","15","15"
"任中散大夫","0","15","15"
"帝向北巡视","0","15","15"
"萧衍的将领","0","15","15"
"为龙骧将军","0","15","15"
"义隆的将领","0","15","15"
"月二十二日","0","15","15"
"使臣入朝聘","0","15","15"
"臣入朝聘问","0","15","15"
"冬季十月初","0","15","15"
"衍冠军将军","11","3","14"
"南道大行台","7","7","14"
"东徐州刺史","7","7","14"
"尚书令高肇","7","7","14"
"吏部尚书李","7","7","14"
"中军大都督","7","7","14"
"食邑二千户","6","8","14"
"月二十六日","1","13","14"
"太祖道武皇","7","7","14"
"祖道武皇帝","7","7","14"
"平公长孙嵩","8","6","14"
"上党王长孙","7","7","14"
"中书侍郎高","8","6","14"
"年春正月己","9","5","14"
"年春正月戊","11","3","14"
"任命骠骑大","0","14","14"
"任给事黄门","0","14","14"
"任散骑侍郎","0","14","14"
"江阳王元继","0","14","14"
"蠕蠕侵犯边","0","14","14"
"的徐州刺史","0","14","14"
"萧衍派遣他","0","14","14"
"父亲的爵位","0","14","14"
"九十岁以上","0","14","14"
"帛多少不等","0","14","14"
"赠车骑大将","11","2","13"
"阳县开国侯","7","6","13"
"高祖孝文皇","6","7","13"
"祖孝文皇帝","6","7","13"
"镇东大将军","9","4","13"
"前后部羽葆","9","4","13"
"阳平王杜超","7","6","13"
"契丹国遣使","13","0","13"
"丹国遣使朝","13","0","13"
"月二十一日","1","12","13"
"南秦王杨难","7","6","13"
"任御史中尉","0","13","13"
"授龙骧将军","0","13","13"
"加授冠军将","0","13","13"
"任尚书左仆","0","13","13"
"各派使者前","0","13","13"
"任徐州刺史","0","13","13"
"任冀州刺史","0","13","13"
"令有关官员","0","13","13"
"征束大将军","0","13","13"
"皇帝向南征","0","13","13"
"衍派遣他的","0","13","13"
"因事获罪被","0","13","13"
"遣使者前来","0","13","13"
"任殿中尚书","0","13","13"
"刘义隆的将","0","13","13"
"为冠军将军","0","13","13"
"十二月二十","0","13","13"
"元年春季正","0","13","13"
"秋季七月初","0","13","13"
"萧衍派遣使","0","13","13"
"衍派遣使者","0","13","13"
"护西戎校尉","6","6","12"
"尚书仪曹郎","6","6","12"
"徐州刺史元","6","6","12"
"豫章王萧综","3","9","12"
"都督南征诸","6","6","12"
"督南征诸军","6","6","12"
"南征诸军事","6","6","12"
"陇西王源贺","6","6","12"
"定州大中正","6","6","12"
"府中兵参军","6","6","12"
"辽东郡开国","6","6","12"
"东郡开国公","6","6","12"
"镇北大将军","6","6","12"
"赠骠骑大将","9","3","12"
"六州诸军事","6","6","12"
"冬十月癸卯","8","4","12"
"御史中尉元","6","6","12"
"东豫州刺史","7","5","12"
"郢州刺史娄","6","6","12"
"州刺史娄悦","6","6","12"
"赐帛五百匹","9","3","12"
"武兴王杨集","6","6","12"
"兴王杨集始","6","6","12"
"御史中尉李","6","6","12"
"济阴王晖业","7","5","12"
"东益州刺史","5","7","12"
"建兴公古弼","6","6","12"
"本州大中正","6","6","12"
"司徒长孙嵩","6","6","12"
"北海王元颢","1","11","12"
"勿吉国遣使","12","0","12"
"吉国遣使朝","12","0","12"
"文明太皇太","7","5","12"
"明太皇太后","7","5","12"
"北平王长孙","6","6","12"
"泰常七年封","6","6","12"
"月二十四日","1","11","12"
"孝文帝前往","0","12","12"
"加授龙骧将","0","12","12"
"任骠骑大将","0","12","12"
"任员外散骑","0","12","12"
"兼尚书右仆","0","12","12"
"广阳王元嘉","0","12","12"
"安丰王元延","0","12","12"
"丰王元延明","0","12","12"
"有父亲的风","0","12","12"
"听从了他的","0","12","12"
"为中书博士","0","12","12"
"昌王拓跋健","0","12","12"
"丽国派使者","0","12","12"
"浑国派使者","0","12","12"
"发生大饥荒","0","12","12"
"十一月二十","0","12","12"
"丽国派使臣","0","12","12"
"布帛多少不","0","12","12"
"世祖下诏书","0","12","12"
"赠车骑将军","7","4","11"
"护东夷校尉","6","5","11"
"骑常侍李彪","5","6","11"
"镇军大将军","5","6","11"
"刺史傅竖眼","5","6","11"
"汝阴王天赐","8","3","11"
"尚书令王肃","6","5","11"
"后部羽葆鼓","8","3","11"
"部羽葆鼓吹","8","3","11"
"山阳侯奚斤","7","4","11"
"宜城王奚斤","6","5","11"
"寿光侯叔孙","5","6","11"
"光侯叔孙建","5","6","11"
"冠军将军安","6","5","11"
"军将军安颉","6","5","11"
"徐州刺史薛","5","6","11"
"州刺史薛安","5","6","11"
"刺史薛安都","5","6","11"
"月二十五日","1","10","11"
"赐帛一千匹","3","8","11"
"有见识的人","0","11","11"
"等人率领部","0","11","11"
"在河阴遇害","0","11","11"
"追赠为使持","0","11","11"
"任仪同三司","0","11","11"
"任命开府仪","0","11","11"
"命开府仪同","0","11","11"
"乐平王拓跋","0","11","11"
"平王拓跋丕","0","11","11"
"传送首级到","0","11","11"
"任光禄大夫","0","11","11"
"皇帝向北巡","0","11","11"
"帝向南征伐","0","11","11"
"治理国家的","0","11","11"
"世宗下诏说","0","11","11"
"从他的意见","0","11","11"
"的妻子儿女","0","11","11"
"广阳王元渊","0","11","11"
"萧衍的军队","0","11","11"
"从了他的意","0","11","11"
"太原王尔朱","0","11","11"
"原王尔朱荣","0","11","11"
"蠕蠕国派使","0","11","11"
"蠕国派使者","0","11","11"
"兼职员外散","0","11","11"
"职员外散骑","0","11","11"
"百岁以上的","0","11","11"
"前往豺山宫","0","11","11"
"春季正月二","0","11","11"
"季正月二十","0","11","11"
"夏季四月初","0","11","11"
"国都派遣使","0","11","11"
"为驸马都尉","0","11","11"
"府谘议参军","6","4","10"
"刺史元法僧","5","5","10"
"阳县开国伯","5","5","10"
"东南道大行","5","5","10"
"八年春正月","6","4","10"
"刺史萧宝夤","5","5","10"
"北讨诸军事","5","5","10"
"州刺史傅竖","5","5","10"
"都督宗正珍","5","5","10"
"督宗正珍孙","5","5","10"
"齐献武王讨","6","4","10"
"丹阳王萧赞","5","5","10"
"州刺史长孙","5","5","10"
"东荆州刺史","5","5","10"
"部尚书李神","5","5","10"
"河西王沮渠","5","5","10"
"州刺史穆泰","5","5","10"
"葬云中金陵","10","0","10"
"徐州刺史昌","5","5","10"
"州刺史昌义","5","5","10"
"赠平东将军","9","1","10"
"都督诸军事","5","5","10"
"都督崔延伯","5","5","10"
"冀二州刺史","5","5","10"
"史中尉李彪","5","5","10"
"汝阴公长孙","5","5","10"
"阴公长孙道","5","5","10"
"公长孙道生","5","5","10"
"御史中尉王","5","5","10"
"假员外散骑","6","4","10"
"书右仆射元","5","5","10"
"党王长孙道","5","5","10"
"王长孙道生","5","5","10"
"司马德宗将","9","1","10"
"司徒右长史","5","5","10"
"荆州刺史桓","5","5","10"
"南徐州刺史","5","5","10"
"史中尉元匡","5","5","10"
"江州刺史王","5","5","10"
"咸阳王禧等","9","1","10"
"库莫奚国遣","10","0","10"
"莫奚国遣使","10","0","10"
"昌黎王冯熙","5","5","10"
"年春正月癸","9","1","10"
"六年春正月","6","4","10"
"七年春正月","6","4","10"
"宕昌国遣使","10","0","10"
"散骑常侍高","5","5","10"
"北新侯安同","6","4","10"
"大破萧衍军","6","4","10"
"世祖太武皇","5","5","10"
"祖太武皇帝","5","5","10"
"将军皮豹子","5","5","10"
"秦二州刺史","5","5","10"
"南大将军慕","5","5","10"
"大将军慕容","5","5","10"
"采纳了他的","0","10","10"
"纳了他的意","0","10","10"
"人率领部众","0","10","10"
"为征西大将","0","10","10"
"任为使持节","0","10","10"
"兼尚书左仆","0","10","10"
"为安西将军","0","10","10"
"任龙骧将军","0","10","10"
"为抚军将军","0","10","10"
"派遣兼散骑","0","10","10"
"遣兼散骑常","0","10","10"
"为镇东将军","0","10","10"
"肃宗下诏让","0","10","10"
"河间王元琛","0","10","10"
"率领军队讨","0","10","10"
"领军队讨伐","0","10","10"
"有文学才能","0","10","10"
"事情记载在","0","10","10"
"讨伐平定他","0","10","10"
"任平南将军","0","10","10"
"萧衍派遣将","0","10","10"
"第三个儿子","0","10","10"
"太祖平定中","0","10","10"
"业兴回答说","0","10","10"
"为平南将军","0","10","10"
"的第二个儿","0","10","10"
"继承父亲的","0","10","10"
"慕容垂派遣","0","10","10"
"为平东将军","0","10","10"
"任中书博士","0","10","10"
"出任使持节","0","10","10"
"弟弟的儿子","0","10","10"
"打败萧衍的","0","10","10"
"的龙骧将军","0","10","10"
"萧衍派他的","0","10","10"
"迁任散骑常","0","10","10"
"国派使者来","0","10","10"
"月二十三日","0","10","10"
"昌国派使者","0","10","10"
"齐武帝萧赜","0","10","10"
"萧衍政权的","0","10","10"
"肃宗下诏说","0","10","10"
"夏季四月十","0","10","10"
"率领骑步兵","0","10","10"
"使刘义隆政","0","10","10"
"刘义隆派使","0","10","10"
"义隆派使者","0","10","10"
"被任命为驸","0","10","10"
"任命为驸马","0","10","10"
"命为驸马都","0","10","10"
"年春正月庚","9","0","9"
"转中书侍郎","9","0","9"
"除龙骧将军","9","0","9"
"食邑四百户","4","5","9"
"原郡开国公","5","4","9"
"加平南将军","7","2","9"
"州刺史萧宝","4","5","9"
"蠕蠕主阿瑰","9","0","9"
"诏散骑常侍","9","0","9"
"大将军朱荣","9","0","9"
"南阳王宝炬","6","3","9"
"三年春二月","6","3","9"
"假镇南将军","5","4","9"
"青冀二州刺","5","4","9"
"迁中书侍郎","9","0","9"
"一千五百户","5","4","9"
"史中尉王显","5","4","9"
"赠龙骧将军","6","3","9"
"齐献武王大","7","2","9"
"文明太后临","5","4","9"
"明太后临朝","5","4","9"
"任尚书仆射","1","8","9"
"辅国将军王","4","5","9"
"奚国遣使朝","9","0","9"
"冬十月丁巳","7","2","9"
"邓国遣使朝","9","0","9"
"萧赜遣使朝","9","0","9"
"赜遣使朝贡","9","0","9"
"七十上赐爵","9","0","9"
"青州刺史沈","5","4","9"
"州刺史沈文","5","4","9"
"刺史沈文秀","5","4","9"
"将军慕容白","4","5","9"
"军慕容白曜","4","5","9"
"刘义隆遣使","9","0","9"
"义隆遣使朝","9","0","9"
"九卷八十一","4","5","9"
"卷八十一章","4","5","9"
"授抚军将军","1","8","9"
"他为车骑大","0","9","9"
"授任散骑常","0","9","9"
"任外都大官","0","9","9"
"授任使持节","0","9","9"
"为中书学生","0","9","9"
"兼给事黄门","0","9","9"
"安乐王元鉴","0","9","9"
"出使慕容垂","0","9","9"
"的征虏将军","0","9","9"
"城阳王元徽","0","9","9"
"尔朱世隆等","0","9","9"
"冬季十一月","0","9","9"
"送首级到京","0","9","9"
"首级到京城","0","9","9"
"轻装的骑兵","0","9","9"
"有关官员上","0","9","9"
"关官员上奏","0","9","9"
"蠕侵犯边境","0","9","9"
"有才能的人","0","9","9"
"的宁朔将军","0","9","9"
"听从他的意","0","9","9"
"任武卫将军","0","9","9"
"为员外散骑","0","9","9"
"孝静帝初年","0","9","9"
"衍派遣将领","0","9","9"
"有七个儿子","0","9","9"
"增加食邑一","0","9","9"
"是魏人所说","0","9","9"
"京兆王元继","0","9","9"
"了他的请求","0","9","9"
"善于骑马射","0","9","9"
"于骑马射箭","0","9","9"
"征伐赫连昌","0","9","9"
"承父亲的爵","0","9","9"
"马德宗的将","0","9","9"
"德宗的将领","0","9","9"
"他的妻子儿","0","9","9"
"黄河以西地","0","9","9"
"河以西地区","0","9","9"
"派遣使者来","0","9","9"
"阳王元禧等","0","9","9"
"朝廷拜授他","0","9","9"
"廷拜授他为","0","9","9"
"齐献武王在","0","9","9"
"月二十九日","0","9","9"
"蠕蠕国派来","0","9","9"
"蠕国派来使","0","9","9"
"武帝萧赜派","0","9","9"
"赐给爵位一","0","9","9"
"给爵位一级","0","9","9"
"朝廷大赦天","0","9","9"
"廷大赦天下","0","9","9"
"平定了叛乱","0","9","9"
"赶上而返回","0","9","9"
"使者入朝献","0","9","9"
"者入朝献纳","0","9","9"
"二年春季正","0","9","9"
"使者朝拜纳","0","9","9"
"者朝拜纳贡","0","9","9"
"隆派使者前","0","9","9"
"皇帝车驾南","0","9","9"
"萧衍冠军将","5","3","8"
"加宁远将军","7","1","8"
"州刺史元法","4","4","8"
"薄骨律镇将","4","4","8"
"都督冀定瀛","5","3","8"
"太子中舍人","4","4","8"
"尚书吏部郎","4","4","8"
"散骑常侍刘","4","4","8"
"真君三年封","5","3","8"
"假骠骑大将","4","4","8"
"尚书左丞元","4","4","8"
"书左丞元孚","4","4","8"
"西道大行台","4","4","8"
"南将军王肃","4","4","8"
"世宗宣武皇","4","4","8"
"宗宣武皇帝","4","4","8"
"仪同三司李","4","4","8"
"黄门侍郎元","4","4","8"
"刺史长孙稚","4","4","8"
"北道大行台","4","4","8"
"卫将军贺拔","4","4","8"
"将军贺拔胜","4","4","8"
"增邑五百户","8","0","8"
"行台樊子鹄","4","4","8"
"光禄大夫高","5","3","8"
"龙镇都大将","5","3","8"
"都督北讨诸","4","4","8"
"督北讨诸军","4","4","8"
"黄门侍郎崔","4","4","8"
"安南大将军","4","4","8"
"豫州刺史司","4","4","8"
"刺史司马悦","4","4","8"
"豫州刺史田","4","4","8"
"州刺史田益","4","4","8"
"宁朔将军张","4","4","8"
"除征虏将军","8","0","8"
"南秦州刺史","4","4","8"
"加辅国将军","6","2","8"
"王长孙翰等","4","4","8"
"尚书令刘洁","4","4","8"
"海郡开国公","4","4","8"
"赠安东将军","7","1","8"
"冀州大中正","4","4","8"
"右仆射元钦","4","4","8"
"慕容白曜平","4","4","8"
"迁尚书右仆","8","0","8"
"琅邪王司马","6","2","8"
"邪王司马楚","6","2","8"
"西王沮渠牧","4","4","8"
"州刺史常珍","4","4","8"
"刺史常珍奇","4","4","8"
"东南道行台","4","4","8"
"州刺史桓叔","4","4","8"
"刺史桓叔兴","4","4","8"
"徐州刺史沈","4","4","8"
"州刺史沈陵","4","4","8"
"河南洛阳人","4","4","8"
"刺史司马腾","4","4","8"
"平南将军杨","4","4","8"
"南将军杨大","4","4","8"
"将军杨大眼","4","4","8"
"徐州刺史王","4","4","8"
"戍主傅文骥","4","4","8"
"豫州刺史尧","4","4","8"
"州刺史尧雄","4","4","8"
"仪同三司高","4","4","8"
"吐谷浑慕利","4","4","8"
"谷浑慕利延","4","4","8"
"迁殿中尚书","8","0","8"
"彭城王勰曰","8","0","8"
"豫州刺史元","4","4","8"
"显祖献文皇","4","4","8"
"祖献文皇帝","4","4","8"
"十上赐爵三","8","0","8"
"上赐爵三级","8","0","8"
"十上赐爵二","8","0","8"
"上赐爵二级","8","0","8"
"遣使者太牢","8","0","8"
"高昌国遣使","8","0","8"
"春正月甲寅","5","3","8"
"文昭皇太后","4","4","8"
"益州刺史魏","4","4","8"
"州刺史魏子","4","4","8"
"刺史魏子建","4","4","8"
"卫将军奚康","4","4","8"
"冠军将军王","4","4","8"
"略阳公元遵","4","4","8"
"高宗文成皇","4","4","8"
"宗文成皇帝","4","4","8"
"使者开仓赈","5","3","8"
"征西将军皮","4","4","8"
"西将军皮豹","4","4","8"
"军皮豹子等","4","4","8"
"萧衍辅国将","3","5","8"
"州刺史毕众","4","4","8"
"刺史毕众敬","4","4","8"
"州刺史尉景","4","4","8"
"隆遣使朝贡","8","0","8"
"尚书主客郎","4","4","8"
"了他的建议","0","8","8"
"他为车骑将","0","8","8"
"太和十七年","0","8","8"
"广陵王元羽","0","8","8"
"派散骑常侍","0","8","8"
"朝廷除授他","0","8","8"
"授骠骑大将","0","8","8"
"兼任尚书左","0","8","8"
"为尚书左仆","0","8","8"
"授仪同三司","0","8","8"
"的兖州刺史","0","8","8"
"高祖向南征","0","8","8"
"元颢进入洛","0","8","8"
"颢进入洛阳","0","8","8"
"为给事黄门","0","8","8"
"为光禄大夫","0","8","8"
"伐平定他们","0","8","8"
"中山王元熙","0","8","8"
"因功劳赐爵","0","8","8"
"等人率领军","0","8","8"
"人率领军队","0","8","8"
"放弃城池逃","0","8","8"
"孝庄帝初年","0","8","8"
"朱荣进入洛","0","8","8"
"荣进入洛阳","0","8","8"
"其余职位照","0","8","8"
"余职位照旧","0","8","8"
"赠他为侍中","0","8","8"
"任左卫将军","0","8","8"
"他为中书博","0","8","8"
"为镇西将军","0","8","8"
"押送到京城","0","8","8"
"任都官尚书","0","8","8"
"年轻时聪明","0","8","8"
"加食邑一千","0","8","8"
"的豫州刺史","0","8","8"
"任定州刺史","0","8","8"
"的几个儿子","0","8","8"
"降爵位为公","0","8","8"
"继承爵位为","0","8","8"
"令有关部门","0","8","8"
"领精锐骑兵","0","8","8"
"为征南将军","0","8","8"
"段时间以来","0","8","8"
"高丽国派遣","0","8","8"
"丽国派遣使","0","8","8"
"的辅国将军","0","8","8"
"章武王元融","0","8","8"
"等到尔朱荣","0","8","8"
"尔朱荣死后","0","8","8"
"拓跋什翼犍","0","8","8"
"年春正月初","0","8","8"
"月二十七日","0","8","8"
"宕昌国派使","0","8","8"
"祭拜永固陵","0","8","8"
"赐给爵位三","0","8","8"
"给爵位三级","0","8","8"
"赐给爵位二","0","8","8"
"给爵位二级","0","8","8"
"长孙嵩等人","0","8","8"
"千多家归附","0","8","8"
"春季正月十","0","8","8"
"秋季七月十","0","8","8"
"派使者朝拜","0","8","8"
"赫连昌的弟","0","8","8"
"连昌的弟弟","0","8","8"
"昌王拓跋仁","0","8","8"
"衍遣豫章王","7","0","7"
"殷四州诸军","4","3","7"
"安乐王长乐","4","3","7"
"食邑三千户","4","3","7"
"通直常侍刘","4","3","7"
"四年春二月","4","3","7"
"东平公元仪","4","3","7"
"加仪同三司","7","0","7"
"光禄大夫李","4","3","7"
"诏骠骑大将","6","1","7"
"尚书事长孙","3","4","7"
"春正月辛酉","3","4","7"
"遣中书舍人","5","2","7"
"南兗州刺史","7","0","7"
"中书监高闾","4","3","7"
"雍州刺史曹","4","3","7"
"州刺史曹虎","4","3","7"
"齐王萧宝夤","4","3","7"
"除平北将军","7","0","7"
"除员外散骑","6","1","7"
"阳县开国子","4","3","7"
"刺史田益宗","4","3","7"
"遣冠军将军","6","1","7"
"临川王萧宏","4","3","7"
"赠卫大将军","5","2","7"
"扬州刺史元","4","3","7"
"东雍州刺史","4","3","7"
"大都督侯渊","4","3","7"
"加平东将军","5","2","7"
"赠镇远将军","4","3","7"
"班剑四十人","4","3","7"
"邑一千五百","4","3","7"
"尚书崔玄伯","4","3","7"
"仆射安原等","4","3","7"
"斩首万余级","6","1","7"
"永安侯魏勤","4","3","7"
"中常侍宗爱","4","3","7"
"书侍郎高允","4","3","7"
"真君十一年","3","4","7"
"刘义隆遣将","7","0","7"
"南荆州刺史","4","3","7"
"行台魏子建","4","3","7"
"都督源子恭","4","3","7"
"都督贾显智","4","3","7"
"武州山石窟","4","3","7"
"冬十月戊辰","4","3","7"
"九十上赐爵","7","0","7"
"八十上赐爵","7","0","7"
"十上赐爵一","7","0","7"
"上赐爵一级","7","0","7"
"骁骑将军延","4","3","7"
"骑将军延普","4","3","7"
"督前锋诸军","4","3","7"
"等诸国遣使","7","0","7"
"罗国遣使朝","7","0","7"
"斩首数千级","5","2","7"
"梁秦二州刺","5","2","7"
"冀州刺史崔","3","4","7"
"太原王朱荣","7","0","7"
"二月十五日","1","6","7"
"冀青二州刺","5","2","7"
"青二州刺史","5","2","7"
"假安南将军","4","3","7"
"实在是由于","0","7","7"
"兼任御史中","0","7","7"
"追赠假黄铁","0","7","7"
"追赠他为车","0","7","7"
"赠他为车骑","0","7","7"
"任平北将军","0","7","7"
"任平东将军","0","7","7"
"任中军将军","0","7","7"
"为征北将军","0","7","7"
"为安东将军","0","7","7"
"后来改封为","0","7","7"
"任平西将军","0","7","7"
"廷除授他为","0","7","7"
"任雍州刺史","0","7","7"
"蠕蠕主阿那","0","7","7"
"任命车骑大","0","7","7"
"命车骑大将","0","7","7"
"临淮王元或","0","7","7"
"为开府仪同","0","7","7"
"朱世隆等人","0","7","7"
"加授使持节","0","7","7"
"南王元悦为","0","7","7"
"为卫大将军","0","7","7"
"王前来朝见","0","7","7"
"咸阳王元坦","0","7","7"
"任中都大官","0","7","7"
"任命他为侍","0","7","7"
"命他为侍中","0","7","7"
"祖向南征伐","0","7","7"
"担任中散大","0","7","7"
"第四个儿子","0","7","7"
"高祖下诏说","0","7","7"
"兼任吏部尚","0","7","7"
"萧衍的徐州","0","7","7"
"衍的徐州刺","0","7","7"
"任金紫光禄","0","7","7"
"的雍州刺史","0","7","7"
"任镇束将军","0","7","7"
"恢复本来的","0","7","7"
"太后下令说","0","7","7"
"有五个儿子","0","7","7"
"善于射箭骑","0","7","7"
"于射箭骑马","0","7","7"
"以本号将军","0","7","7"
"为镇南将军","0","7","7"
"他的冠军将","0","7","7"
"新归附的人","0","7","7"
"一年的俸禄","0","7","7"
"为镇北将军","0","7","7"
"坚决推辞不","0","7","7"
"为征南大将","0","7","7"
"的文武官员","0","7","7"
"朝廷征拜他","0","7","7"
"祖平定中山","0","7","7"
"为殿中尚书","0","7","7"
"授征虏将军","0","7","7"
"屡经升迁至","0","7","7"
"屡经升迁到","0","7","7"
"使者前来请","0","7","7"
"太和十六年","0","7","7"
"太和十一年","0","7","7"
"年六十三岁","0","7","7"
"为录尚书事","0","7","7"
"祖听从他的","0","7","7"
"因事获罪免","0","7","7"
"消灭了他们","0","7","7"
"任慕容垂的","0","7","7"
"任侍御中散","0","7","7"
"任安南将军","0","7","7"
"常山王元遵","0","7","7"
"宗派遣使者","0","7","7"
"父亲的风范","0","7","7"
"朝廷的军队","0","7","7"
"太行山以束","0","7","7"
"李先回答说","0","7","7"
"太行山以东","0","7","7"
"讨伐赫连昌","0","7","7"
"率领精锐骑","0","7","7"
"征讨赫连昌","0","7","7"
"事获罪免官","0","7","7"
"首级传送到","0","7","7"
"不久又加授","0","7","7"
"遣使者来朝","0","7","7"
"才安定下来","0","7","7"
"一段时间以","0","7","7"
"尔朱荣率领","0","7","7"
"骑兵三千人","0","7","7"
"库莫奚国派","0","7","7"
"十一月初三","0","7","7"
"安定王拓跋","0","7","7"
"帝萧赜派使","0","7","7"
"萧赜派使臣","0","7","7"
"赜派使臣入","0","7","7"
"勿吉国派使","0","7","7"
"孝文帝祭拜","0","7","7"
"询问民间疾","0","7","7"
"问民间疾苦","0","7","7"
"授予名誉县","0","7","7"
"予名誉县令","0","7","7"
"谷物和布帛","0","7","7"
"岁以上的赐","0","7","7"
"肃宗下诏命","0","7","7"
"下诏命尚书","0","7","7"
"冬季十月十","0","7","7"
"没赶上而返","0","7","7"
"季正月初一","0","7","7"
"四年春季正","0","7","7"
"败萧衍的军","0","7","7"
"官府开仓济","0","7","7"
"世祖巡视阴","0","7","7"
"祖巡视阴山","0","7","7"
"在金陵陪葬","0","7","7"
"的别部头领","0","7","7"
"逐渐升迁到","0","7","7"
"孤独能存者","6","0","6"
"皇兴二年封","3","3","6"
"西北道行台","3","3","6"
"除车骑将军","6","0","6"
"都督冀定相","3","3","6"
"真定县开国","3","3","6"
"定县开国公","3","3","6"
"郡二郡太守","3","3","6"
"将军府长史","3","3","6"
"尚书祠部郎","3","3","6"
"殷州大中正","3","3","6"
"镇北府长史","3","3","6"
"开府中兵参","3","3","6"
"平阳县开国","3","3","6"
"平南将军奚","3","3","6"
"南将军奚康","3","3","6"
"骅骝马一匹","3","3","6"
"增邑一千户","6","0","6"
"除抚军将军","5","1","6"
"寻加散骑常","6","0","6"
"除通直散骑","6","0","6"
"假车骑将军","4","2","6"
"假镇东将军","3","3","6"
"加骠骑大将","6","0","6"
"加通直散骑","5","1","6"
"东莱王贵平","4","2","6"
"镇南将军王","3","3","6"
"辅国大将军","3","3","6"
"沃野镇人破","3","3","6"
"破落汗拔陵","3","3","6"
"陈留公元虔","3","3","6"
"越骑校尉唐","3","3","6"
"骑校尉唐小","3","3","6"
"校尉唐小方","3","3","6"
"春正月壬午","4","2","6"
"益州刺史傅","3","3","6"
"十二月辛亥","3","3","6"
"汝阳县开国","3","3","6"
"县开国公元","3","3","6"
"右卫将军贺","3","3","6"
"都督斛斯椿","3","3","6"
"督关中诸军","5","1","6"
"录尚书事长","3","3","6"
"书事长孙稚","3","3","6"
"部尚书元世","3","3","6"
"光禄大夫崔","3","3","6"
"十一月甲午","4","2","6"
"州刺史樊子","3","3","6"
"刺史樊子鹄","3","3","6"
"散骑常侍王","3","3","6"
"散骑常侍元","3","3","6"
"将军贺多罗","3","3","6"
"阳平王新成","4","2","6"
"怀朔镇大将","3","3","6"
"遣辅国将军","4","2","6"
"赐帛三千匹","4","2","6"
"迁事黄门侍","6","0","6"
"河南邑中正","3","3","6"
"门侍郎崔光","3","3","6"
"太尉陈显达","3","3","6"
"除安东将军","6","0","6"
"都督淮南诸","3","3","6"
"督淮南诸军","3","3","6"
"淮南诸军事","3","3","6"
"衍徐州刺史","6","0","6"
"宁朔将军王","3","3","6"
"灵太后反政","6","0","6"
"州刺史萧衍","3","3","6"
"湘州刺史杨","3","3","6"
"州刺史杨公","3","3","6"
"西戎诸军事","3","3","6"
"护西域校尉","3","3","6"
"衍将马仙琕","6","0","6"
"太傅清河王","3","3","6"
"赠仪同三司","3","3","6"
"遣豫章王综","6","0","6"
"州刺史元嵩","3","3","6"
"中书监高允","3","3","6"
"黄门侍郎李","3","3","6"
"州刺史高聪","3","3","6"
"司空行参军","3","3","6"
"右仆射高隆","3","3","6"
"关右诸军事","3","3","6"
"散骑常侍卢","3","3","6"
"加安南将军","6","0","6"
"赠帛五百匹","2","4","6"
"平元年十月","3","3","6"
"豫州刺史裴","3","3","6"
"州刺史裴叔","3","3","6"
"刺史裴叔业","3","3","6"
"加前后部羽","4","2","6"
"都王穆寿辅","4","2","6"
"司徒长孙翰","3","3","6"
"梁州刺史傅","3","3","6"
"尚书李神俊","3","3","6"
"齐献武王入","3","3","6"
"尚书仆射元","3","3","6"
"十州诸军事","3","3","6"
"假平西将军","4","2","6"
"城县开国公","3","3","6"
"清河东武城","3","3","6"
"河东武城人","3","3","6"
"乐平王丕等","6","0","6"
"追赠散骑常","2","4","6"
"加征虏将军","6","0","6"
"赠镇南将军","4","2","6"
"长孙道生等","3","3","6"
"平南大将军","3","3","6"
"大将军长孙","3","3","6"
"司徒谘议参","3","3","6"
"徒谘议参军","3","3","6"
"王沮渠牧犍","4","2","6"
"等三十余人","5","1","6"
"散骑侍郎张","3","3","6"
"除车骑大将","6","0","6"
"食邑六百户","2","4","6"
"安城王叔孙","3","3","6"
"城王叔孙俊","3","3","6"
"讨山胡白龙","6","0","6"
"益二州刺史","3","3","6"
"淮阳公皮豹","3","3","6"
"阳公皮豹子","3","3","6"
"镇北将军封","3","3","6"
"北将军封沓","3","3","6"
"西平公安颉","3","3","6"
"怀荒镇大将","3","3","6"
"刘彧徐州刺","5","1","6"
"彧徐州刺史","5","1","6"
"司州刺史常","3","3","6"
"加抚军将军","6","0","6"
"都督源子邕","3","3","6"
"燕州大中正","3","3","6"
"垂遣使朝贡","6","0","6"
"平元年正月","2","4","6"
"荆州刺史殷","3","3","6"
"州刺史殷仲","3","3","6"
"刺史殷仲堪","3","3","6"
"江州刺史陈","3","3","6"
"州刺史陈伯","3","3","6"
"事夏侯道迁","3","3","6"
"辅国将军范","3","3","6"
"州刺史王茂","3","3","6"
"刺史王茂先","3","3","6"
"国将军王花","3","3","6"
"统军毕祖朽","3","3","6"
"东莞二郡太","3","3","6"
"莞二郡太守","3","3","6"
"二州刺史张","3","3","6"
"州刺史张稷","3","3","6"
"宁州刺史任","3","3","6"
"州刺史任太","3","3","6"
"刺史任太洪","3","3","6"
"衡州刺史张","3","3","6"
"州刺史张齐","3","3","6"
"北梁州长史","3","3","6"
"梁州长史锡","3","3","6"
"州长史锡休","3","3","6"
"长史锡休儒","3","3","6"
"太守姜平洛","3","3","6"
"守姜平洛等","3","3","6"
"魏子建遣将","6","0","6"
"谯州刺史朱","3","3","6"
"州刺史朱文","3","3","6"
"刺史朱文开","3","3","6"
"行台慕容绍","3","3","6"
"台慕容绍宗","3","3","6"
"将军赵祖悦","3","3","6"
"文明太后崩","6","0","6"
"谓彭城王勰","6","0","6"
"大都督源子","3","3","6"
"行台长孙稚","3","3","6"
"相州大中正","3","3","6"
"幽州刺史刘","3","3","6"
"州刺史刘灵","3","3","6"
"刺史刘灵助","3","3","6"
"始祖神元皇","2","4","6"
"祖神元皇帝","2","4","6"
"成都王司马","1","5","6"
"都王司马颖","1","5","6"
"皇后慕容氏","3","3","6"
"九年春正月","4","2","6"
"散骑常侍邢","3","3","6"
"吐谷浑拾寅","3","3","6"
"东郡王陆定","3","3","6"
"郡王陆定国","3","3","6"
"春正月乙酉","5","1","6"
"员外郎兰英","3","3","6"
"秘书丞李彪","3","3","6"
"勿吉国贡楛","6","0","6"
"吉国贡楛矢","6","0","6"
"散骑常侍宋","3","3","6"
"夏四月戊戌","5","1","6"
"公长孙嵩等","3","3","6"
"夏四月乙未","4","2","6"
"千余家内属","6","0","6"
"将军公孙表","3","3","6"
"军公孙表等","3","3","6"
"将军长孙道","3","3","6"
"军长孙道生","3","3","6"
"都督前锋诸","3","3","6"
"前锋诸军事","3","3","6"
"秋七月丙子","4","2","6"
"丞相高阳王","3","3","6"
"右卫将军奚","3","3","6"
"十二月戊申","4","2","6"
"军将军王建","3","3","6"
"南安公元顺","4","2","6"
"将军长孙肥","3","3","6"
"天水公封敕","3","3","6"
"水公封敕文","3","3","6"
"散骑常侍游","3","3","6"
"左仆射源怀","3","3","6"
"军卢祖迁等","3","3","6"
"幸华林都亭","6","0","6"
"州刺史崔道","3","3","6"
"刺史崔道固","3","3","6"
"十二月甲辰","4","2","6"
"大都督贺拔","3","3","6"
"文襄王晋阳","6","0","6"
"平王长孙嵩","3","3","6"
"义兵将军封","3","3","6"
"兵将军封礼","3","3","6"
"执金吾桓贷","3","3","6"
"监军侍御史","3","3","6"
"侍御史安颉","3","3","6"
"州刺史竺灵","3","3","6"
"刺史竺灵秀","3","3","6"
"西大将军长","3","3","6"
"书左仆射安","3","3","6"
"弋阳公元洁","3","3","6"
"成周公万度","3","3","6"
"周公万度归","3","3","6"
"徐州刺史张","3","3","6"
"中尉郦道元","3","3","6"
"三镇诸军事","3","3","6"
"大将军高肇","3","3","6"
"世祖征赫连","6","0","6"
"祖征赫连昌","6","0","6"
"正月十三日","1","5","6"
"过了一段时","0","6","6"
"了一段时间","0","6","6"
"老而无子等","0","6","6"
"而无子等生","0","6","6"
"无子等生活","0","6","6"
"子等生活上","0","6","6"
"年的田租赋","0","6","6"
"的田租赋税","0","6","6"
"百姓安居乐","0","6","6"
"姓安居乐业","0","6","6"
"世祖在京城","0","6","6"
"被任命为征","0","6","6"
"为外都大官","0","6","6"
"为平北将军","0","6","6"
"又加授侍中","0","6","6"
"追赠他为散","0","6","6"
"赠他为散骑","0","6","6"
"赠他为使持","0","6","6"
"被追赠为使","0","6","6"
"兼武卫将军","0","6","6"
"为散骑侍郎","0","6","6"
"任辅国将军","0","6","6"
"任太中大夫","0","6","6"
"任太尉长史","0","6","6"
"任黄门侍郎","0","6","6"
"以本将军除","0","6","6"
"任安北将军","0","6","6"
"加授骠骑大","0","6","6"
"叔孙建等人","0","6","6"
"兼尚书仆射","0","6","6"
"加授仪同三","0","6","6"
"大将军尔朱","0","6","6"
"将军尔朱荣","0","6","6"
"齐献武王为","0","6","6"
"任命卫将军","0","6","6"
"任命车骑将","0","6","6"
"命车骑将军","0","6","6"
"聚集民众反","0","6","6"
"集民众反叛","0","6","6"
"齐文襄王前","0","6","6"
"获赐爵位为","0","6","6"
"朱兆进入洛","0","6","6"
"兆进入洛阳","0","6","6"
"被御史中尉","0","6","6"
"太和二十二","0","6","6"
"和二十二年","0","6","6"
"南兖州刺史","0","6","6"
"去讨伐他们","0","6","6"
"任谏议大夫","0","6","6"
"任齐州刺史","0","6","6"
"为雍州刺史","0","6","6"
"军讨伐他们","0","6","6"
"灵太后下诏","0","6","6"
"在州中去世","0","6","6"
"清河王元恽","0","6","6"
"尚书省长官","0","6","6"
"圣明的德行","0","6","6"
"而自己登位","0","6","6"
"这就是所谓","0","6","6"
"阳平王元颐","0","6","6"
"为安束将军","0","6","6"
"接连上奏疏","0","6","6"
"是自古以来","0","6","6"
"听从他的建","0","6","6"
"从他的建议","0","6","6"
"被任命为通","0","6","6"
"任命为通直","0","6","6"
"命为通直散","0","6","6"
"南安王元桢","0","6","6"
"准许了他的","0","6","6"
"已经很久了","0","6","6"
"的司州刺史","0","6","6"
"尔朱荣进入","0","6","6"
"有军事谋略","0","6","6"
"他的弟弟元","0","6","6"
"任并州刺史","0","6","6"
"任命为尚书","0","6","6"
"太和二十三","0","6","6"
"和二十三年","0","6","6"
"追赠他为侍","0","6","6"
"亲自统领六","0","6","6"
"自统领六军","0","6","6"
"居住的地方","0","6","6"
"任车骑大将","0","6","6"
"朝廷赐给他","0","6","6"
"元禧回答说","0","6","6"
"以王的身份","0","6","6"
"加授安南将","0","6","6"
"授安南将军","0","6","6"
"宏大的基业","0","6","6"
"增加食邑五","0","6","6"
"这是臣下的","0","6","6"
"是臣下的第","0","6","6"
"王公以下的","0","6","6"
"派遣将领侵","0","6","6"
"任镇远将军","0","6","6"
"侍奉的臣属","0","6","6"
"其余官职照","0","6","6"
"余官职照旧","0","6","6"
"把他们打败","0","6","6"
"向朝廷进献","0","6","6"
"把他们送到","0","6","6"
"厚地对待他","0","6","6"
"跟随太祖征","0","6","6"
"升爵位为公","0","6","6"
"任羽林中郎","0","6","6"
"被任命为中","0","6","6"
"为内都大官","0","6","6"
"有智慧谋略","0","6","6"
"追赠为侍中","0","6","6"
"加授征虏将","0","6","6"
"在家中去世","0","6","6"
"为青州刺史","0","6","6"
"祖父的爵位","0","6","6"
"擅长骑马射","0","6","6"
"长骑马射箭","0","6","6"
"擒获刘义隆","0","6","6"
"获刘义隆的","0","6","6"
"任尚书左丞","0","6","6"
"任骁骑将军","0","6","6"
"任命奚斤为","0","6","6"
"平定赫连昌","0","6","6"
"公孙表等人","0","6","6"
"崔浩回答说","0","6","6"
"侵犯黄河以","0","6","6"
"为平西将军","0","6","6"
"祖征伐蠕蠕","0","6","6"
"率领部众前","0","6","6"
"派使者前去","0","6","6"
"高祖嘉许他","0","6","6"
"的儿子司马","0","6","6"
"因功被赐给","0","6","6"
"军渡过黄河","0","6","6"
"宗即位以后","0","6","6"
"皇帝又下诏","0","6","6"
"升爵位为侯","0","6","6"
"把年号改为","0","6","6"
"兴派遣使者","0","6","6"
"为徐州刺史","0","6","6"
"王拓跋丕等","0","6","6"
"自称国号为","0","6","6"
"派他的部将","0","6","6"
"者前来请求","0","6","6"
"司马德宗派","0","6","6"
"王元禧等人","0","6","6"
"有三个儿子","0","6","6"
"城王元勰说","0","6","6"
"到齐献武王","0","6","6"
"朝廷加授他","0","6","6"
"廷加授他为","0","6","6"
"派使节前来","0","6","6"
"二月十二日","0","6","6"
"库莫奚等国","0","6","6"
"岁以上老人","0","6","6"
"定王拓跋休","0","6","6"
"月二十八日","0","6","6"
"二月十六日","0","6","6"
"驾临灵泉池","0","6","6"
"文帝祭拜永","0","6","6"
"帝祭拜永固","0","6","6"
"孝文帝任命","0","6","6"
"邓至国派使","0","6","6"
"在百岁以上","0","6","6"
"和二十一年","0","6","6"
"太牢之礼祭","0","6","6"
"牢之礼祭祀","0","6","6"
"高昌国派使","0","6","6"
"皇帝的母亲","0","6","6"
"阳平王元熙","0","6","6"
"新归附的民","0","6","6"
"归附的民众","0","6","6"
"骑兵二万人","0","6","6"
"下诏让尚书","0","6","6"
"罗国派使者","0","6","6"
"正月二十日","0","6","6"
"三年春季正","0","6","6"
"下诏命散骑","0","6","6"
"前往贺兰部","0","6","6"
"赏赐多少不","0","6","6"
"赐多少不等","0","6","6"
"登上皇帝位","0","6","6"
"大败萧衍的","0","6","6"
"府开仓济民","0","6","6"
"发生大水灾","0","6","6"
"他的儿子元","0","6","6"
"世祖巡视云","0","6","6"
"祖巡视云中","0","6","6"
"秦王杨难当","0","6","6"
"在太庙配祭","0","6","6"
"慕容白曜的","0","6","6"
"廷征拜他为","0","6","6"
"军队国家大","0","6","6"
"队国家大事","0","6","6"
"鳏寡孤独能","5","0","5"
"寡孤独能存","5","0","5"
"冠军将军张","2","3","5"
"赠安北将军","3","2","5"
"督河西诸军","4","1","5"
"凉州镇都大","3","2","5"
"州镇都大将","3","2","5"
"迁国子祭酒","4","1","5"
"东阳公元丕","3","2","5"
"相殷三州诸","3","2","5"
"殷三州诸军","3","2","5"
"冀州仪同府","3","2","5"
"假车骑大将","2","3","5"
"昌县开国侯","3","2","5"
"加车骑大将","5","0","5"
"除安西将军","5","0","5"
"假抚军将军","3","2","5"
"寻除使持节","5","0","5"
"加开府仪同","3","2","5"
"加宁朔将军","5","0","5"
"陵郡开国公","2","3","5"
"都督李崇北","3","2","5"
"授卫大将军","1","4","5"
"进号车骑大","3","2","5"
"号车骑大将","3","2","5"
"濮阳王孔雀","3","2","5"
"年春二月癸","3","2","5"
"加征南大将","5","0","5"
"衍龙骧将军","4","1","5"
"太原郡开国","3","2","5"
"荆州刺史李","3","2","5"
"阳县开国公","3","2","5"
"陇西王朱天","5","0","5"
"西王朱天光","5","0","5"
"州刺史贺拔","2","3","5"
"东道大行台","4","1","5"
"东道诸军事","3","2","5"
"府录事参军","3","2","5"
"书左仆射元","3","2","5"
"州刺史侯渊","3","2","5"
"青州刺史大","3","2","5"
"州刺史大野","3","2","5"
"刺史大野拔","3","2","5"
"齐文襄王朝","5","0","5"
"十二月乙卯","3","2","5"
"夏四月丙寅","3","2","5"
"秋七月壬寅","3","2","5"
"冬十月癸未","3","2","5"
"食邑一万户","1","4","5"
"长乐王嵇敬","2","3","5"
"恆州刺史穆","5","0","5"
"除齐州刺史","4","1","5"
"仆射萧宝夤","3","2","5"
"除尚书右仆","5","0","5"
"东扬州刺史","3","2","5"
"衍将姜庆真","5","0","5"
"遣统军王足","4","1","5"
"萧宝卷将陈","5","0","5"
"征虏将军赵","3","2","5"
"除镇东将军","5","0","5"
"迁平东将军","5","0","5"
"首五千余级","4","1","5"
"城民白早生","3","2","5"
"除冠军将军","5","0","5"
"除平东将军","5","0","5"
"授辅国将军","1","4","5"
"除中军将军","5","0","5"
"赠征东将军","3","2","5"
"赐帛四百匹","2","3","5"
"南阳太守赵","3","2","5"
"平原王陆丽","3","2","5"
"太常卿刘芳","3","2","5"
"授车骑将军","1","4","5"
"督关右诸军","3","2","5"
"除都官尚书","4","1","5"
"授平南将军","1","4","5"
"裴叔业寿春","5","0","5"
"略阳王羯兒","5","0","5"
"牛羊数十万","3","2","5"
"破六韩拔陵","2","3","5"
"宜都王目辰","3","2","5"
"都督李叔仁","2","3","5"
"武都王杨保","3","2","5"
"都王杨保宗","3","2","5"
"会稽公刘洁","3","2","5"
"沧二州诸军","3","2","5"
"迁龙骧将军","5","0","5"
"荆州刺史司","2","3","5"
"刺史司马休","2","3","5"
"加建威将军","5","0","5"
"加中垒将军","5","0","5"
"赐爵昌国子","4","1","5"
"州刺史尉建","3","2","5"
"破刘义隆将","5","0","5"
"司马昌明死","2","3","5"
"马德宗将刘","5","0","5"
"官散骑常侍","3","2","5"
"依安城王叔","4","1","5"
"舅阳平王杜","3","2","5"
"东郡太守申","3","2","5"
"郡太守申谟","3","2","5"
"文明太后亲","2","3","5"
"兴遣使朝贡","5","0","5"
"食邑一千五","2","3","5"
"将军司马元","2","3","5"
"军司马元显","2","3","5"
"中山王英大","5","0","5"
"山王英大破","5","0","5"
"四年春三月","3","2","5"
"镇南将军崔","2","3","5"
"南将军崔亮","2","3","5"
"上庸太守姜","2","3","5"
"庸太守姜平","2","3","5"
"行台崔孝芬","3","2","5"
"大都督费穆","3","2","5"
"巴州刺史严","3","2","5"
"青州刺史茹","3","2","5"
"州刺史茹怀","3","2","5"
"刺史茹怀朗","3","2","5"
"德宗遣使朝","5","0","5"
"时年三十三","3","2","5"
"大将军元天","2","3","5"
"将军元天穆","2","3","5"
"东平王元匡","1","4","5"
"仆射朱世隆","4","1","5"
"丘郡开国公","3","2","5"
"济州刺史蔡","2","3","5"
"州刺史蔡俊","2","3","5"
"授安北将军","3","2","5"
"部大人刘库","3","2","5"
"大人刘库仁","3","2","5"
"刘彧遣使朝","5","0","5"
"彧遣使朝贡","5","0","5"
"夏四月庚子","5","0","5"
"秋七月戊辰","3","2","5"
"十二月癸巳","4","1","5"
"陇西公元琛","3","2","5"
"秋七月辛亥","4","1","5"
"州山石窟寺","3","2","5"
"宕昌王梁弥","3","2","5"
"十年春正月","4","1","5"
"春正月乙丑","4","1","5"
"车驾谒永固","5","0","5"
"驾谒永固陵","5","0","5"
"十二月壬午","4","1","5"
"冬十月乙酉","3","2","5"
"库莫奚诸国","5","0","5"
"莫奚诸国遣","5","0","5"
"奚诸国遣使","5","0","5"
"春正月辛未","3","2","5"
"使者太牢祭","5","0","5"
"秋七月己巳","3","2","5"
"元城侯元屈","3","2","5"
"十二月丁巳","3","2","5"
"春正月己巳","3","2","5"
"获马五万匹","3","2","5"
"春正月甲申","3","2","5"
"二年春二月","3","2","5"
"东将军长孙","3","2","5"
"宜都公穆观","3","2","5"
"春正月戊辰","4","1","5"
"尚书长孙稚","2","3","5"
"行台源子恭","3","2","5"
"伏罗国遣使","5","0","5"
"十一月己卯","3","2","5"
"遣将军长孙","3","2","5"
"将军庾岳讨","3","2","5"
"诏征西大将","5","0","5"
"班赐将士差","5","0","5"
"春正月丙午","3","2","5"
"夏四月癸卯","3","2","5"
"光禄大夫杨","2","3","5"
"斩首数万级","3","2","5"
"夏四月甲子","3","2","5"
"内外百官普","2","3","5"
"吐谷浑慕璝","5","0","5"
"皇后赫连氏","3","2","5"
"河间公元齐","2","3","5"
"广平公张黎","2","3","5"
"襄城公卢鲁","1","4","5"
"城公卢鲁元","1","4","5"
"风公元处真","2","3","5"
"右仆射高肇","2","3","5"
"刘休宾父子","2","3","5"
"高祖赐名焉","5","0","5"
"四月十三日","1","4","5"
"文明太后父","3","2","5"
"天兴六年封","3","2","5"
"天赐四年封","3","2","5"
"就是如此地","0","5","5"
"接受了他的","0","5","5"
"所说的那样","0","5","5"
"四月十一日","0","5","5"
"道武帝拓跋","0","5","5"
"孝文帝首次","0","5","5"
"等生活上无","0","5","5"
"孝文帝亲临","0","5","5"
"德高望重的","0","5","5"
"没有来得及","0","5","5"
"祖在京城西","0","5","5"
"在京城西郊","0","5","5"
"萧衍的冠军","0","5","5"
"衍的冠军将","0","5","5"
"外任为使持","0","5","5"
"领护西戎校","0","5","5"
"武定末年任","0","5","5"
"任太学博士","0","5","5"
"又派散骑常","0","5","5"
"加授车骑大","0","5","5"
"授车骑大将","0","5","5"
"任镇南将军","0","5","5"
"加授宁朔将","0","5","5"
"授宁朔将军","0","5","5"
"为征东将军","0","5","5"
"跟随尔朱荣","0","5","5"
"任征西将军","0","5","5"
"下诏让员外","0","5","5"
"诏让员外散","0","5","5"
"让员外散骑","0","5","5"
"为吏部尚书","0","5","5"
"任命长孙稚","0","5","5"
"命长孙稚为","0","5","5"
"加授征南大","0","5","5"
"授征南大将","0","5","5"
"等国各派使","0","5","5"
"命抚军将军","0","5","5"
"和齐献武王","0","5","5"
"献武王讨伐","0","5","5"
"担任仪同三","0","5","5"
"又任命长孙","0","5","5"
"齐文襄王为","0","5","5"
"阳王元坦为","0","5","5"
"祖下诏命兼","0","5","5"
"恒州刺史穆","0","5","5"
"罪被赐令自","0","5","5"
"等到尔朱兆","0","5","5"
"除官职爵位","0","5","5"
"当时人称他","0","5","5"
"封国被削除","0","5","5"
"诏令有关官","0","5","5"
"被任命为镇","0","5","5"
"为安南将军","0","5","5"
"世祖听说后","0","5","5"
"任命他为都","0","5","5"
"王公卿大夫","0","5","5"
"在云中的金","0","5","5"
"云中的金陵","0","5","5"
"自己的心意","0","5","5"
"和咸阳王元","0","5","5"
"高祖笑着说","0","5","5"
"李冲回答说","0","5","5"
"以母亲年老","0","5","5"
"元澄上奏疏","0","5","5"
"自古以来的","0","5","5"
"杀死他们的","0","5","5"
"萧衍的宁朔","0","5","5"
"衍的宁朔将","0","5","5"
"自己的职责","0","5","5"
"察料理丧事","0","5","5"
"谧号为文宣","0","5","5"
"当时人认为","0","5","5"
"有名望的人","0","5","5"
"又派遣他的","0","5","5"
"刺史昌义之","0","5","5"
"担任散骑常","0","5","5"
"一点也没有","0","5","5"
"任骠骑将军","0","5","5"
"祖亲自前往","0","5","5"
"太和二十年","0","5","5"
"军队停驻在","0","5","5"
"他们的头领","0","5","5"
"乘胜长驱直","0","5","5"
"胜长驱直入","0","5","5"
"派遣使者向","0","5","5"
"加授前将军","0","5","5"
"如果不是这","0","5","5"
"果不是这样","0","5","5"
"功被任命为","0","5","5"
"派遣使者到","0","5","5"
"的平西将军","0","5","5"
"率领一万多","0","5","5"
"被任命为太","0","5","5"
"的礼仪安葬","0","5","5"
"担任给事中","0","5","5"
"在长江以南","0","5","5"
"以本官兼任","0","5","5"
"本来的封爵","0","5","5"
"剥夺一年的","0","5","5"
"夺一年的俸","0","5","5"
"追赠他为征","0","5","5"
"为征北大将","0","5","5"
"追赠他为平","0","5","5"
"为平束将军","0","5","5"
"镇束大将军","0","5","5"
"后来被任命","0","5","5"
"来被任命为","0","5","5"
"任征东将军","0","5","5"
"为并州刺史","0","5","5"
"为幽州刺史","0","5","5"
"这样的情况","0","5","5"
"你们为什么","0","5","5"
"在左右侍奉","0","5","5"
"十分器重他","0","5","5"
"的身份回到","0","5","5"
"任太子中庶","0","5","5"
"精锐的骑兵","0","5","5"
"加食邑五百","0","5","5"
"函谷关以西","0","5","5"
"遣将领侵犯","0","5","5"
"军队国家的","0","5","5"
"被御史弹劾","0","5","5"
"兼任尚书右","0","5","5"
"李彪回答说","0","5","5"
"坚持认为不","0","5","5"
"在世宗面前","0","5","5"
"常山王拓跋","0","5","5"
"人前来投降","0","5","5"
"犯黄河以南","0","5","5"
"率领他的部","0","5","5"
"十五员大将","0","5","5"
"乐安王拓跋","0","5","5"
"安王拓跋范","0","5","5"
"是豆浑地万","0","5","5"
"赐给他衣服","0","5","5"
"向朝廷上书","0","5","5"
"认为这样做","0","5","5"
"率领数万人","0","5","5"
"给朝廷上表","0","5","5"
"万骑兵讨伐","0","5","5"
"们打得大败","0","5","5"
"一年多以后","0","5","5"
"州刺史之职","0","5","5"
"与吏部尚书","0","5","5"
"他的两个儿","0","5","5"
"的两个儿子","0","5","5"
"任中书舍人","0","5","5"
"随太祖征伐","0","5","5"
"被赐爵位为","0","5","5"
"被任命为散","0","5","5"
"任命为散骑","0","5","5"
"大规模狩猎","0","5","5"
"继承祖父的","0","5","5"
"例降爵位为","0","5","5"
"因母亲去世","0","5","5"
"功劳被任命","0","5","5"
"劳被任命为","0","5","5"
"以忠诚谨慎","0","5","5"
"优厚地对待","0","5","5"
"为冀州刺史","0","5","5"
"加授建威将","0","5","5"
"授建威将军","0","5","5"
"为宁远将军","0","5","5"
"母亲和妻子","0","5","5"
"慕容垂任命","0","5","5"
"年轻时有父","0","5","5"
"轻时有父亲","0","5","5"
"时有父亲的","0","5","5"
"任命他为尚","0","5","5"
"命他为尚书","0","5","5"
"反叛的胡人","0","5","5"
"太和十九年","0","5","5"
"为定州刺史","0","5","5"
"加授给事中","0","5","5"
"宗的将领刘","0","5","5"
"大量俘获而","0","5","5"
"王司马楚之","0","5","5"
"的镇北将军","0","5","5"
"我私下考虑","0","5","5"
"为中书侍郎","0","5","5"
"任右卫将军","0","5","5"
"朝廷上表请","0","5","5"
"廷上表请求","0","5","5"
"的有一万多","0","5","5"
"有一万多人","0","5","5"
"赐给命服一","0","5","5"
"被任命为使","0","5","5"
"任命为使持","0","5","5"
"命为使持节","0","5","5"
"文明太后的","0","5","5"
"恢复原来的","0","5","5"
"加授抚军将","0","5","5"
"清河王元惮","0","5","5"
"城打败萧衍","0","5","5"
"为平远将军","0","5","5"
"许了他的请","0","5","5"
"的第三个儿","0","5","5"
"兵一万多人","0","5","5"
"领一万骑兵","0","5","5"
"成犄角之势","0","5","5"
"数百名骑兵","0","5","5"
"姚兴派遣使","0","5","5"
"作为自己的","0","5","5"
"派遣他的将","0","5","5"
"领部众前来","0","5","5"
"败萧衍的将","0","5","5"
"其辅国将军","0","5","5"
"萧衍的辅国","0","5","5"
"衍的辅国将","0","5","5"
"和他的弟弟","0","5","5"
"马德宗派遣","0","5","5"
"德宗派遣使","0","5","5"
"的人都认为","0","5","5"
"万人马侵犯","0","5","5"
"率领二万人","0","5","5"
"文明太后逝","0","5","5"
"明太后逝世","0","5","5"
"在什么地方","0","5","5"
"对彭城王元","0","5","5"
"打败了敌人","0","5","5"
"到尔朱荣死","0","5","5"
"尔朱兆于是","0","5","5"
"尔朱荣上表","0","5","5"
"尔朱荣听说","0","5","5"
"尔朱荣于是","0","5","5"
"不能这样做","0","5","5"
"还有什么可","0","5","5"
"人都认为他","0","5","5"
"朝廷追赠他","0","5","5"
"廷追赠他为","0","5","5"
"萧宝卷将领","0","5","5"
"二月二十二","0","5","5"
"莫奚国派使","0","5","5"
"奚国派使者","0","5","5"
"经过的地方","0","5","5"
"东阳王拓跋","0","5","5"
"阳王拓跋丕","0","5","5"
"冬十月初一","0","5","5"
"国各派来使","0","5","5"
"各派来使者","0","5","5"
"十岁以上老","0","5","5"
"年春正月十","0","5","5"
"两国派使臣","0","5","5"
"浑国派使臣","0","5","5"
"二月十九日","0","5","5"
"生活上无法","0","5","5"
"活上无法自","0","5","5"
"上无法自立","0","5","5"
"无法自立的","0","5","5"
"朝见孝文帝","0","5","5"
"太子拓跋恂","0","5","5"
"年纪在百岁","0","5","5"
"纪在百岁以","0","5","5"
"名誉县令官","0","5","5"
"誉县令官衔","0","5","5"
"赐给谷物和","0","5","5"
"给谷物和布","0","5","5"
"州实行特赦","0","5","5"
"太和二十一","0","5","5"
"的郡守县令","0","5","5"
"遣使者请求","0","5","5"
"所经过地区","0","5","5"
"破萧衍军队","0","5","5"
"吉国派使者","0","5","5"
"州发生大饥","0","5","5"
"命尚书右仆","0","5","5"
"兆王元继为","0","5","5"
"肃宗下诏曰","0","5","5"
"莫折念生派","0","5","5"
"宗下诏命尚","0","5","5"
"命尚书左仆","0","5","5"
"秋季八月初","0","5","5"
"昭成皇帝的","0","5","5"
"容垂派遣使","0","5","5"
"垂派遣使者","0","5","5"
"步兵骑兵二","0","5","5"
"兵骑兵二万","0","5","5"
"的儿子慕容","0","5","5"
"往黄河以西","0","5","5"
"在黄河以西","0","5","5"
"打退了他们","0","5","5"
"冬季十月二","0","5","5"
"季十月二十","0","5","5"
"命有关部门","0","5","5"
"世宗不同意","0","5","5"
"显祖下诏书","0","5","5"
"可朱浑道元","0","5","5"
"将他打得大","0","5","5"
"他打得大败","0","5","5"
"弃城池逃跑","0","5","5"
"率领轻装的","0","5","5"
"前往华林都","0","5","5"
"世祖下诏让","0","5","5"
"世祖车驾回","0","5","5"
"骑步兵二千","0","5","5"
"领骑步兵二","0","5","5"
"世祖大赦天","0","5","5"
"祖大赦天下","0","5","5"
"义隆政权的","0","5","5"
"太祖喜爱他","0","5","5"
"慕容白曜说","0","5","5"
"有六个儿子","0","5","5"
"纳他的意见","0","5","5"
"父亲的风采","0","5","5"
"了很长时间","0","5","5"
"国家大事的","0","5","5"
"大事的谋划","0","5","5"
"功劳赐爵位","0","5","5"
"劳赐爵位为","0","5","5"
"蠕蠕的别部","0","5","5"
"蠕的别部头","0","5","5"
"龙骧将军张","2","2","4"
"高唐县开国","2","2","4"
"赠中军将军","3","1","4"
"城阳王长寿","2","2","4"
"庄帝杀朱荣","4","0","4"
"都督晋建南","2","2","4"
"督晋建南汾","2","2","4"
"晋建南汾三","2","2","4"
"建南汾三州","2","2","4"
"南汾三州诸","2","2","4"
"汾三州诸军","2","2","4"
"统万镇都大","2","2","4"
"万镇都大将","2","2","4"
"书仪曹郎中","2","2","4"
"时中书博士","2","2","4"
"史元法僧叛","2","2","4"
"彭城武宣王","2","2","4"
"荆三州诸军","2","2","4"
"通直正员郎","2","2","4"
"新阳县开国","2","2","4"
"相殷四州诸","2","2","4"
"都督雍华岐","2","2","4"
"督雍华岐三","2","2","4"
"雍华岐三州","2","2","4"
"华岐三州诸","2","2","4"
"岐三州诸军","2","2","4"
"都督青齐济","2","2","4"
"督青齐济三","2","2","4"
"青齐济三州","2","2","4"
"齐济三州诸","2","2","4"
"济三州诸军","2","2","4"
"北主客郎中","2","2","4"
"胡曹仆浑等","2","2","4"
"川县开国公","2","2","4"
"安喜县开国","2","2","4"
"幽五州诸军","2","2","4"
"平原郡开国","2","2","4"
"大将军府长","2","2","4"
"加振威将军","4","0","4"
"加威远将军","3","1","4"
"南豫州刺史","2","2","4"
"衣冠服物车","2","2","4"
"冠服物车旗","2","2","4"
"梁州刺史平","2","2","4"
"州刺史平阳","2","2","4"
"刺史平阳县","2","2","4"
"史平阳县开","2","2","4"
"县开国侯翟","2","2","4"
"开国侯翟远","2","2","4"
"永昌县开国","2","2","4"
"县开国侯陈","2","2","4"
"开国侯陈虎","2","2","4"
"国侯陈虎牙","2","2","4"
"斩徐州刺史","4","0","4"
"徐州刺史宋","2","2","4"
"州刺史宋黑","2","2","4"
"散骑常侍谢","2","2","4"
"改封东平王","3","1","4"
"假征西将军","2","2","4"
"川郡开国公","2","2","4"
"肆州大中正","2","2","4"
"平郡开国公","2","2","4"
"南秀容牧子","2","2","4"
"太仆卿陆延","2","2","4"
"相州刺史李","2","2","4"
"迁骠骑大将","4","0","4"
"尚书三公郎","2","2","4"
"加前军将军","3","1","4"
"大都督李崇","2","2","4"
"安县开国伯","2","2","4"
"大都督杜德","2","2","4"
"除骠骑大将","4","0","4"
"左军大都督","2","2","4"
"尚书郎公孙","2","2","4"
"书郎公孙阿","2","2","4"
"郎公孙阿六","2","2","4"
"公孙阿六头","2","2","4"
"齐郡太守王","2","2","4"
"郡太守王懿","2","2","4"
"清河王怿司","4","0","4"
"扬州刺史李","2","2","4"
"州刺史李崇","2","2","4"
"人破落汗拔","2","2","4"
"落汗拔陵聚","2","2","4"
"汗拔陵聚众","2","2","4"
"复仪同三司","2","2","4"
"军将军元叉","2","2","4"
"都督河间王","2","2","4"
"书右仆射狄","2","2","4"
"右仆射狄伯","2","2","4"
"仆射狄伯支","2","2","4"
"积弩将军姚","2","2","4"
"弩将军姚梁","2","2","4"
"将军姚梁国","2","2","4"
"建忠将军雷","2","2","4"
"忠将军雷星","2","2","4"
"北中郎将康","2","2","4"
"中郎将康猥","2","2","4"
"尚书长孙渴","2","2","4"
"北平公长孙","2","2","4"
"夏四月乙巳","2","2","4"
"诏散骑侍郎","4","0","4"
"春正月丁亥","3","1","4"
"车骑将军王","2","2","4"
"骑将军王肃","2","2","4"
"萧衍龙骧将","3","1","4"
"大将军冯熙","2","2","4"
"济南王慕容","2","2","4"
"南王慕容白","2","2","4"
"王慕容白曜","2","2","4"
"殿中尚书元","2","2","4"
"夏四月丁巳","3","1","4"
"武卫将军奚","2","2","4"
"卫将军奚毅","2","2","4"
"燕州刺史崔","2","2","4"
"广宗郡开国","2","2","4"
"宗郡开国公","2","2","4"
"司空公杨津","2","2","4"
"九州诸军事","2","2","4"
"司徒公长孙","2","2","4"
"彭城王朱仲","4","0","4"
"城王朱仲远","4","0","4"
"诏齐献武王","4","0","4"
"都督冀州诸","2","2","4"
"督冀州诸军","2","2","4"
"冀州诸军事","2","2","4"
"河北大使高","2","2","4"
"仆射魏兰根","2","2","4"
"前御史中尉","2","2","4"
"御史中尉樊","2","2","4"
"史中尉樊子","2","2","4"
"中尉樊子鹄","2","2","4"
"尚书元世俊","3","1","4"
"仆射贾显度","2","2","4"
"道大行台樊","2","2","4"
"大行台樊子","2","2","4"
"前徐州刺史","2","2","4"
"兗州刺史樊","4","0","4"
"十一月丙子","2","2","4"
"散骑常侍郑","2","2","4"
"散骑常侍崔","2","2","4"
"北豫州刺史","2","2","4"
"刺史高仲密","2","2","4"
"咸阳王坦太","4","0","4"
"宁四州诸军","2","2","4"
"广平殇王洛","2","2","4"
"平殇王洛侯","2","2","4"
"都督三道诸","2","2","4"
"督三道诸军","2","2","4"
"三道诸军事","2","2","4"
"尚书樊子鹄","2","2","4"
"都督北征诸","2","2","4"
"督北征诸军","2","2","4"
"北征诸军事","2","2","4"
"辅国将军张","2","2","4"
"乐良王长命","3","1","4"
"济阴王小新","3","1","4"
"阴王小新成","3","1","4"
"司徒记室参","2","2","4"
"徒记室参军","2","2","4"
"虎牢镇都大","2","2","4"
"牢镇都大将","2","2","4"
"护匈奴中郎","2","2","4"
"匈奴中郎将","2","2","4"
"除光禄大夫","4","0","4"
"稍迁左将军","4","0","4"
"灵太后诏曰","4","0","4"
"迁吏部尚书","4","0","4"
"进号安南将","3","1","4"
"号安南将军","3","1","4"
"加镇东将军","4","0","4"
"高阳王雍等","4","0","4"
"讨诸军事讨","3","1","4"
"通直郎邢峦","2","2","4"
"遣治书侍御","2","2","4"
"书侍御史李","2","2","4"
"侍御史李焕","2","2","4"
"安乐侯元隆","2","2","4"
"授安西将军","2","2","4"
"都亭侯梅兴","2","2","4"
"亭侯梅兴祖","2","2","4"
"济六州二万","2","2","4"
"六州二万人","2","2","4"
"统军傅竖眼","2","2","4"
"龙骧将军李","2","2","4"
"徐州刺史司","2","2","4"
"刺史司马明","2","2","4"
"史司马明素","2","2","4"
"徐州长史潘","2","2","4"
"州长史潘伯","2","2","4"
"将姜庆真袭","3","1","4"
"南讨诸军事","2","2","4"
"时年二十五","2","2","4"
"除事黄门侍","4","0","4"
"除征南将军","4","0","4"
"门下通事令","2","2","4"
"下通事令史","2","2","4"
"遣黄门侍郎","3","1","4"
"宝卷将陈显","4","0","4"
"卷将陈显达","4","0","4"
"衍湘州刺史","3","1","4"
"统军李叔仁","2","2","4"
"军李叔仁等","2","2","4"
"衍征虏将军","3","1","4"
"迁冠军将军","4","0","4"
"武阳县开国","2","2","4"
"都督西戎诸","2","2","4"
"督西戎诸军","2","2","4"
"衍司州刺史","4","0","4"
"州事蔡灵恩","2","2","4"
"徐二道诸军","2","2","4"
"二道诸军事","2","2","4"
"中书舍人王","2","2","4"
"书舍人王云","2","2","4"
"将二十五人","3","1","4"
"衍中军大将","3","1","4"
"书右仆射柳","2","2","4"
"治中督荣祖","2","2","4"
"假征南将军","3","1","4"
"衍宁朔将军","4","0","4"
"太子左卫率","2","2","4"
"除平西将军","4","0","4"
"东秦州刺史","3","1","4"
"傅清河王横","2","2","4"
"长史柳元章","2","2","4"
"遣尚书左丞","3","1","4"
"西兗州刺史","4","0","4"
"迁通直散骑","4","0","4"
"赠镇北将军","3","1","4"
"赠辅国将军","3","1","4"
"赠征北大将","3","1","4"
"假平北将军","3","1","4"
"二十三年卒","4","0","4"
"萧衍遣将寇","4","0","4"
"幽州大都督","2","2","4"
"州大都督侯","2","2","4"
"都督侯渊所","2","2","4"
"赠幽州刺史","3","1","4"
"法曹行参军","3","1","4"
"门侍郎李琰","2","2","4"
"齐献武王召","2","2","4"
"豫州刺史常","2","2","4"
"进号冠军将","3","1","4"
"号冠军将军","3","1","4"
"右仆射元纂","2","2","4"
"平北将军元","2","2","4"
"除仪同三司","4","0","4"
"东宫内侍长","2","2","4"
"秘书令李彪","2","2","4"
"黄门侍郎张","2","2","4"
"迁中散大夫","4","0","4"
"四门小学博","2","2","4"
"门小学博士","2","2","4"
"齐文襄王引","2","2","4"
"荆六州诸军","2","2","4"
"司空北海王","2","2","4"
"琅邪县开国","2","2","4"
"邪县开国公","2","2","4"
"都督关右诸","2","2","4"
"瀛三州诸军","2","2","4"
"游击将军王","2","2","4"
"员外郎冯俊","2","2","4"
"三年升一阶","2","2","4"
"时萧衍遣将","4","0","4"
"迁平南将军","4","0","4"
"除镇远将军","4","0","4"
"永平元年十","2","2","4"
"加鼓吹一部","3","1","4"
"高祖崩行宫","4","0","4"
"七州诸军事","2","2","4"
"萧宝卷豫州","4","0","4"
"宝卷豫州刺","4","0","4"
"卷豫州刺史","4","0","4"
"叔业寿春内","4","0","4"
"世宗临东堂","4","0","4"
"假散骑常侍","3","1","4"
"清河文献王","2","2","4"
"材官将军突","4","0","4"
"南北三千里","2","2","4"
"降者数十万","3","1","4"
"司空长孙道","2","2","4"
"空长孙道生","2","2","4"
"纥奚勿六跋","2","2","4"
"骁骑将军马","2","2","4"
"骑将军马义","2","2","4"
"将军马义舒","2","2","4"
"侍中安丰王","2","2","4"
"马牛羊数十","2","2","4"
"塞三千余里","2","2","4"
"野镇人破六","2","2","4"
"镇人破六韩","2","2","4"
"人破六韩拔","2","2","4"
"六韩拔陵反","2","2","4"
"孝昌元年春","2","2","4"
"牛羊二十余","4","0","4"
"羊二十余万","4","0","4"
"世祖征蠕蠕","4","0","4"
"蠕蠕主丑奴","2","2","4"
"西海郡开国","2","2","4"
"释褐奉朝请","3","1","4"
"太尉事中郎","4","0","4"
"时年六十三","3","1","4"
"迁散骑侍郎","4","0","4"
"书仆射元顺","2","2","4"
"府主簿河间","2","2","4"
"淮阳王尉元","2","2","4"
"河东王苟颓","2","2","4"
"时文明太后","2","2","4"
"刺史元六头","2","2","4"
"兴二年九月","2","2","4"
"时年五十五","2","2","4"
"长史元永平","2","2","4"
"都督秦雍二","2","2","4"
"督秦雍二州","2","2","4"
"秦雍二州诸","2","2","4"
"雍二州诸军","2","2","4"
"襄城县开国","2","2","4"
"长秋卿刘腾","2","2","4"
"光禄大夫武","2","2","4"
"太祖平中山","4","0","4"
"任中书学生","1","3","4"
"赠平南将军","3","1","4"
"加镇远将军","4","0","4"
"赠征西大将","3","1","4"
"将军长孙嵩","2","2","4"
"弯弓三百斤","4","0","4"
"转通直散骑","4","0","4"
"功劳将军元","2","2","4"
"劳将军元屈","2","2","4"
"大破刘义隆","3","1","4"
"世祖征凉州","4","0","4"
"府外兵参军","2","2","4"
"尚书右中兵","2","2","4"
"书右中兵郎","2","2","4"
"书左仆射兰","2","2","4"
"左仆射兰延","2","2","4"
"春秋左氏传","2","2","4"
"德宗将刘裕","4","0","4"
"刘裕伐姚泓","4","0","4"
"山阳公奚斤","2","2","4"
"北新公安同","2","2","4"
"骑侍郎张伟","2","2","4"
"南部尚书陆","2","2","4"
"部尚书陆丽","2","2","4"
"冯翊郡开国","2","2","4"
"翊郡开国公","2","2","4"
"司空参军事","2","2","4"
"都督长孙稚","2","2","4"
"郢州刺史元","2","2","4"
"州刺史元愿","2","2","4"
"刺史元愿达","2","2","4"
"衍豫州刺史","3","1","4"
"加镇南将军","4","0","4"
"太府卿李苗","2","2","4"
"城县开国子","2","2","4"
"赐温明秘器","4","0","4"
"长乐王穆亮","2","2","4"
"神部长奚买","2","2","4"
"部长奚买奴","2","2","4"
"兗二州刺史","4","0","4"
"辅国将军温","2","2","4"
"州治中韩延","2","2","4"
"平西参军桓","2","2","4"
"西参军桓谧","2","2","4"
"义隆遣将裴","4","0","4"
"隆遣将裴方","4","0","4"
"遣将裴方明","4","0","4"
"公皮豹子等","2","2","4"
"虎牢镇大将","2","2","4"
"青州刺史竺","2","2","4"
"州刺史竺夔","2","2","4"
"豫二州刺史","2","2","4"
"兴公古弼等","2","2","4"
"赐命服一袭","4","0","4"
"赐爵平棘子","2","2","4"
"益四州诸军","2","2","4"
"萧衍遣豫章","4","0","4"
"黄门侍郎常","2","2","4"
"门侍郎常景","2","2","4"
"梁州骠骑府","2","2","4"
"州骠骑府长","2","2","4"
"骠骑府长史","2","2","4"
"太尉参军事","2","2","4"
"大行台郎中","2","2","4"
"赐钱二十万","3","1","4"
"奚康生等率","2","2","4"
"赠征虏将军","4","0","4"
"平东府长史","3","1","4"
"孝昌三年冬","2","2","4"
"赠镇东将军","3","1","4"
"冀州京兆王","2","2","4"
"除定州刺史","4","0","4"
"徐州大都督","2","2","4"
"都督临淮王","2","2","4"
"太原晋阳人","2","2","4"
"赠平远将军","4","0","4"
"沙门法秀谋","4","0","4"
"幽州刺史王","2","2","4"
"谒者仆射张","2","2","4"
"斩首千余级","4","0","4"
"东武侯姚敞","3","1","4"
"中书侍郎崔","2","2","4"
"尚书仆射王","2","2","4"
"书仆射王国","2","2","4"
"仆射王国宝","2","2","4"
"州刺史王恭","2","2","4"
"州刺史王愉","2","2","4"
"班剑二十人","2","2","4"
"甲仗二百人","2","2","4"
"刺史司马尚","2","2","4"
"彭城内史刘","2","2","4"
"城内史刘裕","2","2","4"
"益州刺史毛","2","2","4"
"州刺史毛璩","2","2","4"
"都督辽海诸","2","2","4"
"督辽海诸军","2","2","4"
"辽海诸军事","2","2","4"
"护东夷中郎","2","2","4"
"东夷中郎将","2","2","4"
"散骑常侍封","2","2","4"
"将军宇文福","2","2","4"
"二郡太守刘","2","2","4"
"龙骧将军邾","2","2","4"
"骧将军邾菩","2","2","4"
"将军邾菩萨","2","2","4"
"将军吴道爽","2","2","4"
"军吴道爽等","2","2","4"
"开国男赵景","2","2","4"
"国男赵景悦","2","2","4"
"男赵景悦等","2","2","4"
"赵景悦等十","2","2","4"
"冠军将军蔡","2","2","4"
"军将军蔡灵","2","2","4"
"将军蔡灵恩","2","2","4"
"军蔡灵恩等","2","2","4"
"蔡灵恩等十","2","2","4"
"霍州刺史田","2","2","4"
"州刺史田道","2","2","4"
"刺史田道龙","2","2","4"
"义州刺史张","2","2","4"
"州刺史张宗","2","2","4"
"秦二州行事","2","2","4"
"二州行事夏","2","2","4"
"州行事夏侯","2","2","4"
"行事夏侯道","2","2","4"
"诏尚书邢峦","4","0","4"
"尚书邢峦率","2","2","4"
"国将军范始","2","2","4"
"将军范始男","2","2","4"
"斩辅国将军","4","0","4"
"辅国将军冯","2","2","4"
"国将军冯文","2","2","4"
"将军冯文豪","2","2","4"
"扬州刺史薛","2","2","4"
"州刺史薛真","2","2","4"
"刺史薛真度","2","2","4"
"史薛真度大","2","2","4"
"梁二州刺史","2","2","4"
"二州刺史鲁","2","2","4"
"州刺史鲁方","2","2","4"
"刺史鲁方达","2","2","4"
"平南将军陈","2","2","4"
"南将军陈伯","2","2","4"
"州刺史王伯","2","2","4"
"刺史王伯敖","2","2","4"
"龙骧将军矫","2","2","4"
"骧将军矫道","2","2","4"
"将军矫道仪","2","2","4"
"安东将军邢","2","2","4"
"东将军邢峦","2","2","4"
"大将蓝怀恭","2","2","4"
"齐苟仁等四","2","2","4"
"松滋县开国","2","2","4"
"滋县开国侯","2","2","4"
"县开国侯马","2","2","4"
"开国侯马广","2","2","4"
"县开国伯徐","2","2","4"
"开国伯徐元","2","2","4"
"斩衍辅国将","4","0","4"
"将士四十余","2","2","4"
"士四十余人","2","2","4"
"徐州刺史卢","2","2","4"
"州刺史卢昶","2","2","4"
"冠军将军席","2","2","4"
"军将军席世","2","2","4"
"将军席世兴","2","2","4"
"贞义将军蓝","2","2","4"
"义将军蓝次","2","2","4"
"将军蓝次孙","2","2","4"
"衍宁州刺史","3","1","4"
"史任太洪率","2","2","4"
"益州长史成","2","2","4"
"州长史成兴","2","2","4"
"长史成兴孙","2","2","4"
"豫州刺史赵","2","2","4"
"州刺史赵祖","2","2","4"
"刺史赵祖悦","2","2","4"
"诏镇南将军","4","0","4"
"益州刺史萧","2","2","4"
"益州刺史邴","2","2","4"
"州刺史邴虬","2","2","4"
"都督魏承祖","2","2","4"
"都督元景夏","2","2","4"
"司州刺史陈","2","2","4"
"州刺史陈庆","2","2","4"
"衍雍州刺史","3","1","4"
"刺史尧雄攻","2","2","4"
"散骑常侍萧","2","2","4"
"司徒侯景反","2","2","4"
"同三司高岳","2","2","4"
"荆州刺史王","2","2","4"
"号平南将军","2","2","4"
"斩首五千余","3","1","4"
"司马段太阳","2","2","4"
"中书侍郎邢","2","2","4"
"西部敕勒叛","2","2","4"
"时中山太守","2","2","4"
"广陵侯元衍","2","2","4"
"卫将军侯刚","2","2","4"
"令尚书李冲","1","3","4"
"左游击将军","2","2","4"
"游击将军赵","2","2","4"
"击将军赵祖","2","2","4"
"正光五年秋","2","2","4"
"死者万余人","4","0","4"
"城人白早生","2","2","4"
"将军曹义宗","2","2","4"
"青州刺史胡","2","2","4"
"州刺史胡平","2","2","4"
"假安西将军","2","2","4"
"西人纥豆陵","2","2","4"
"都督十州诸","2","2","4"
"督十州诸军","2","2","4"
"授左光禄大","2","2","4"
"刺史陆希质","2","2","4"
"军元天穆东","2","2","4"
"本官使持节","3","1","4"
"行台尉迟菩","2","2","4"
"台尉迟菩萨","2","2","4"
"纥豆陵伊利","2","2","4"
"刺史尉庆宾","2","2","4"
"兄彭城王劭","3","1","4"
"北畿外诸军","2","2","4"
"畿外诸军事","2","2","4"
"帅万俟丑奴","2","2","4"
"都督贺拔岳","2","2","4"
"乡郡长公主","2","2","4"
"广平列人人","2","2","4"
"殷二州诸军","2","2","4"
"刺史李世哲","2","2","4"
"司徒中兵参","2","2","4"
"徒中兵参军","2","2","4"
"大都督崔延","2","2","4"
"秦二州诸军","2","2","4"
"北海郡开国","2","2","4"
"普泰元年七","2","2","4"
"泰元年七月","2","2","4"
"时年四十九","3","1","4"
"献武王入洛","3","1","4"
"督贾显智等","2","2","4"
"刺史崔元珍","2","2","4"
"郢三州诸军","2","2","4"
"前胶州刺史","2","2","4"
"州刺史严思","2","2","4"
"刺史严思达","2","2","4"
"散骑常侍陆","2","2","4"
"赠安远将军","3","1","4"
"刺史广阳王","2","2","4"
"大都督高敖","2","2","4"
"都督高敖曹","2","2","4"
"督陇右诸军","3","1","4"
"慕容德南渡","2","2","4"
"征北将军卫","2","2","4"
"慕容元真遣","4","0","4"
"容元真遣使","4","0","4"
"二十二年春","2","2","4"
"二十三年夏","2","2","4"
"六年冬十月","2","2","4"
"六年夏五月","2","2","4"
"武昌王平原","2","2","4"
"春正月乙卯","3","1","4"
"驸马都尉万","2","2","4"
"镇将尉多侯","2","2","4"
"党王长孙观","2","2","4"
"淮阳公尉元","2","2","4"
"十一月戊寅","3","1","4"
"粟特国遣使","4","0","4"
"特国遣使朝","4","0","4"
"秋七月庚午","3","1","4"
"龟兹国遣使","4","0","4"
"元年春二月","2","2","4"
"罗诸国遣使","4","0","4"
"封昌黎王冯","2","2","4"
"南郡王李惠","2","2","4"
"乾象六合殿","2","2","4"
"春正月癸卯","3","1","4"
"幸武州山石","4","0","4"
"冬十月丁未","3","1","4"
"冬十一月乙","3","1","4"
"秋七月丙寅","4","0","4"
"昌王梁弥机","2","2","4"
"冬十月辛未","3","1","4"
"十一月丁未","3","1","4"
"陈显达攻陷","2","2","4"
"骑常侍邢产","2","2","4"
"昌诸国遣使","4","0","4"
"十二月丙子","3","1","4"
"秋七月乙丑","3","1","4"
"百年上假县","4","0","4"
"年上假县令","4","0","4"
"十二月辛丑","3","1","4"
"平南将军刘","2","2","4"
"南将军刘藻","2","2","4"
"乐陵王思誉","3","1","4"
"春正月丙申","3","1","4"
"前将军元英","2","2","4"
"贞皇后林氏","2","2","4"
"鸾辅国将军","3","1","4"
"黄门郎萧衍","2","2","4"
"秋七月壬午","3","1","4"
"太宗明元皇","2","2","4"
"宗明元皇帝","2","2","4"
"阴平公元烈","2","2","4"
"高凉王乐真","2","2","4"
"秋七月丁巳","2","2","4"
"冬十二月辛","2","2","4"
"昌黎王慕容","2","2","4"
"黎王慕容伯","2","2","4"
"将士布帛差","4","0","4"
"城侯元屈等","2","2","4"
"安侯魏勤等","2","2","4"
"十一月癸酉","2","2","4"
"诏平南将军","4","0","4"
"十一月壬午","2","2","4"
"春正月丙辰","2","2","4"
"部将王仲德","2","2","4"
"年春二月丙","3","1","4"
"春二月丙午","3","1","4"
"徒长孙嵩等","2","2","4"
"十二月己酉","2","2","4"
"将军王洛生","2","2","4"
"夏四月庚辰","3","1","4"
"晋兵大将军","2","2","4"
"郡太守王景","2","2","4"
"太守王景度","2","2","4"
"州刺史徐琰","2","2","4"
"十二月庚子","2","2","4"
"入居西柏堂","2","2","4"
"军杨大眼讨","2","2","4"
"平元年春正","4","0","4"
"春正月甲子","3","1","4"
"龙骧将军崔","2","2","4"
"夏四月丁酉","3","1","4"
"司徒胡国珍","2","2","4"
"皇太后高氏","2","2","4"
"光禄大夫皇","2","2","4"
"禄大夫皇甫","2","2","4"
"光元年春正","3","1","4"
"南将军崔延","2","2","4"
"将军崔延伯","2","2","4"
"念生遣都督","4","0","4"
"莫折念生遣","4","0","4"
"山胡刘蠡升","2","2","4"
"假镇西将军","2","2","4"
"武城县开国","2","2","4"
"冬十一月戊","3","1","4"
"刺史王延年","2","2","4"
"武泰元年春","2","2","4"
"北部大人叔","2","2","4"
"部大人叔孙","2","2","4"
"大人叔孙普","2","2","4"
"人叔孙普洛","2","2","4"
"右司马许谦","2","2","4"
"左军将军李","2","2","4"
"军将军李栗","2","2","4"
"春正月己亥","2","2","4"
"立慕容普邻","2","2","4"
"太史令晁崇","2","2","4"
"冬十月丙寅","2","2","4"
"阳公元遵等","2","2","4"
"吏部尚书崔","2","2","4"
"征虏将军庾","2","2","4"
"虏将军庾岳","2","2","4"
"中山太守仇","2","2","4"
"山太守仇儒","2","2","4"
"清河太守傅","2","2","4"
"河太守傅世","2","2","4"
"上党太守捕","2","2","4"
"冬十月庚申","3","1","4"
"元年冬十月","2","2","4"
"秋七月庚子","2","2","4"
"渔阳公尉眷","2","2","4"
"春正月壬戌","2","2","4"
"南郡公李惠","2","2","4"
"十一年正月","2","2","4"
"车驾谒长陵","4","0","4"
"分遣使者开","3","1","4"
"遣使者开仓","3","1","4"
"者开仓赈恤","4","0","4"
"武兴国世子","2","2","4"
"兴国世子杨","2","2","4"
"国世子杨绍","2","2","4"
"世子杨绍先","2","2","4"
"丹阳郡开国","2","2","4"
"南将军元英","2","2","4"
"大破萧衍将","2","2","4"
"统军刘思祖","2","2","4"
"禄大夫杨椿","2","2","4"
"宁朔将军李","2","2","4"
"辅国将军鲁","2","2","4"
"统军卢祖迁","2","2","4"
"萧衍巴西太","2","2","4"
"衍巴西太守","2","2","4"
"州刺史邢峦","2","2","4"
"安西将军元","2","2","4"
"西将军元丽","2","2","4"
"虏将军赵遐","2","2","4"
"统军叔孙头","2","2","4"
"骑大将军乙","2","2","4"
"大将军乙浑","2","2","4"
"东安王刘尼","2","2","4"
"城阳公孔伯","2","2","4"
"阳公孔伯恭","2","2","4"
"兗州刺史毕","4","0","4"
"雍州刺史鱼","2","2","4"
"州刺史鱼玄","2","2","4"
"刺史鱼玄明","2","2","4"
"顿丘王李峻","2","2","4"
"平东将军长","2","2","4"
"将军长孙陵","2","2","4"
"东平太守申","2","2","4"
"平太守申纂","2","2","4"
"都督青齐东","2","2","4"
"督青齐东徐","2","2","4"
"平王长孙敦","2","2","4"
"清渊县开国","2","2","4"
"渊县开国侯","2","2","4"
"右仆射元罗","2","2","4"
"泰临县开国","2","2","4"
"临县开国伯","2","2","4"
"司徒公杨椿","3","1","4"
"齐献武王鄴","4","0","4"
"大都督宗正","2","2","4"
"都督郑先护","2","2","4"
"冬十月壬寅","2","2","4"
"齐献武王上","2","2","4"
"帝幸华林都","4","0","4"
"大都督库狄","2","2","4"
"齐州刺史尉","2","2","4"
"燕郡王贺拔","2","2","4"
"郡王贺拔允","2","2","4"
"军将军娄昭","2","2","4"
"十二月丁卯","3","1","4"
"都督贺拔仁","2","2","4"
"司徒公高敖","2","2","4"
"徒公高敖曹","2","2","4"
"左仆射司马","2","2","4"
"仆射司马子","2","2","4"
"齐文襄王晋","4","0","4"
"齐献武王请","2","2","4"
"州刺史慕容","2","2","4"
"书左仆射慕","2","2","4"
"左仆射慕容","2","2","4"
"仆射慕容绍","2","2","4"
"射慕容绍宗","2","2","4"
"大都督刘丰","2","2","4"
"谒者仆射胡","2","2","4"
"者仆射胡觐","2","2","4"
"宋兵将军周","2","2","4"
"军侍御史安","2","2","4"
"广陵公楼伏","2","2","4"
"陵公楼伏连","2","2","4"
"安西将军古","2","2","4"
"西将军古弼","2","2","4"
"义隆将檀道","4","0","4"
"隆将檀道济","4","0","4"
"丹阳王叔孙","2","2","4"
"阳王叔孙建","2","2","4"
"王吐谷浑慕","2","2","4"
"宜城公奚斤","2","2","4"
"益五州诸军","2","2","4"
"征虏将军杨","2","2","4"
"山胡白龙西","4","0","4"
"胡白龙西河","4","0","4"
"一万二千人","2","2","4"
"讨沮渠牧犍","2","2","4"
"镇南将军奚","2","2","4"
"南将军奚眷","2","2","4"
"张掖王秃发","2","2","4"
"掖王秃发保","2","2","4"
"王秃发保周","2","2","4"
"假通直常侍","2","2","4"
"十二月甲戌","3","1","4"
"梁州刺史刘","2","2","4"
"将军叔孙拔","2","2","4"
"诏殿中尚书","4","0","4"
"扶风公元处","2","2","4"
"阴平五部氐","2","2","4"
"平五部氐民","2","2","4"
"辅国将军萧","2","2","4"
"尚书长孙真","2","2","4"
"鲁郡太守崔","2","2","4"
"郡太守崔邪","2","2","4"
"太守崔邪利","2","2","4"
"顿丘卫国人","2","2","4"
"大将军长史","2","2","4"
"光禄大夫刘","2","2","4"
"雍二州刺史","2","2","4"
"黄门苏兴寿","2","2","4"
"长秋卿白整","2","2","4"
"中书侍郎贾","2","2","4"
"子女数十人","2","2","4"
"安县开国侯","2","2","4"
"羽林中郎将","2","2","4"
"虎贲中郎将","2","2","4"
"州刺史张谠","2","2","4"
"舍人公孙延","2","2","4"
"人公孙延景","2","2","4"
"秦州刺史胡","2","2","4"
"州刺史胡崇","2","2","4"
"司徒陆丽等","2","2","4"
"沛郡太守邵","2","2","4"
"郡太守邵安","2","2","4"
"下邳太守张","2","2","4"
"邳太守张攀","2","2","4"
"加安东将军","4","0","4"
"假征虏将军","2","2","4"
"时年五十三","2","2","4"
"三月二十四","1","3","4"
"迁北部尚书","4","0","4"
"书侍郎高闾","2","2","4"
"秦三州诸军","2","2","4"
"州刺史王玄","2","2","4"
"刺史王玄载","2","2","4"
"山阳郡开国","2","2","4"
"十七年七月","2","2","4"
"南大将军尉","2","2","4"
"大将军尉元","2","2","4"
"盐戍主申纂","2","2","4"
"辅国将军任","2","2","4"
"巴西太守庞","2","2","4"
"西太守庞景","2","2","4"
"太守庞景民","2","2","4"
"都督东讨诸","2","2","4"
"督东讨诸军","2","2","4"
"东讨诸军事","2","2","4"
"仪同开府长","2","2","4"
"同开府长史","2","2","4"
"明太后父燕","3","1","4"
"太后父燕宣","3","1","4"
"后父燕宣王","3","1","4"
"虎贲三百人","2","2","4"
"夫人生清河","2","2","4"
"彭城王中军","2","2","4"
"城王中军府","2","2","4"
"王中军府长","2","2","4"
"中军府长史","2","2","4"
"通直郎宋维","2","2","4"
"瀛公司马腾","2","2","4"
"送马三千匹","2","2","4"
"牛羊二十万","2","2","4"
"羊二十万头","2","2","4"
"高祖追录先","3","1","4"
"祖追录先朝","3","1","4"
"追录先朝功","3","1","4"
"录先朝功臣","3","1","4"
"尚书考功郎","2","2","4"
"衮言太祖曰","4","0","4"
"城镇都大将","2","2","4"
"大司农少卿","2","2","4"
"赠征西将军","2","2","4"
"世祖西征赫","2","2","4"
"祖西征赫连","2","2","4"
"西征赫连定","2","2","4"
"步兵三万人","1","3","4"
"追击赫连定","1","3","4"
"都督豫洛二","2","2","4"
"督豫洛二州","2","2","4"
"河内诸军事","2","2","4"
"雍州刺史刘","2","2","4"
"州刺史刘邈","2","2","4"
"刺史刘邈讨","2","2","4"
"曹奏事中散","2","2","4"
"护羌戎校尉","2","2","4"
"章王萧综镇","1","3","4"
"顾谓侍臣曰","4","0","4"
"前彭城镇将","2","2","4"
"梁郡开国公","2","2","4"
"东青州刺史","2","2","4"
"赠光禄大夫","2","2","4"
"加金章紫绶","2","2","4"
"周礼·司徒","2","2","4"
"礼·司徒职","2","2","4"
"御史中尉郦","2","2","4"
"史中尉郦道","2","2","4"
"长乐信都人","2","2","4"
"他就是如此","0","4","4"
"满足我的心","0","4","4"
"没有远大的","0","4","4"
"太祖道武帝","0","4","4"
"祖道武帝拓","0","4","4"
"武帝拓跋皀","0","4","4"
"三年的田租","0","4","4"
"孝文帝亲自","0","4","4"
"帝亲自统率","0","4","4"
"名单上报朝","0","4","4"
"单上报朝廷","0","4","4"
"文帝下诏给","0","4","4"
"帝在华林园","0","4","4"
"大宴文武百","0","4","4"
"宴文武百官","0","4","4"
"祭祀土地神","0","4","4"
"祀土地神的","0","4","4"
"广泛涉猎经","0","4","4"
"统一天下的","0","4","4"
"人们都知道","0","4","4"
"不也是很好","0","4","4"
"也是很好的","0","4","4"
"担任给事黄","0","4","4"
"谧号为文献","0","4","4"
"杀死尔朱荣","0","4","4"
"追赠本号将","0","4","4"
"赠本号将军","0","4","4"
"转任中书侍","0","4","4"
"任国子祭酒","0","4","4"
"赵郡王元干","0","4","4"
"前废帝初年","0","4","4"
"加授振威将","0","4","4"
"授振威将军","0","4","4"
"追赠为本将","0","4","4"
"赠为本将军","0","4","4"
"任他为散骑","0","4","4"
"刁雍上表说","0","4","4"
"为宁朔将军","0","4","4"
"任赵郡太守","0","4","4"
"领护东夷校","0","4","4"
"的梁州刺史","0","4","4"
"萧衍所属的","0","4","4"
"又遣散骑常","0","4","4"
"为镇北大将","0","4","4"
"仍为本将军","0","4","4"
"任抚军将军","0","4","4"
"兼吏部尚书","0","4","4"
"他为通直散","0","4","4"
"授他为使持","0","4","4"
"被尔朱荣所","0","4","4"
"为太皇太后","0","4","4"
"被立为皇太","0","4","4"
"立为皇太子","0","4","4"
"阳王元继为","0","4","4"
"王元继为太","0","4","4"
"任命抚军将","0","4","4"
"尔朱天光为","0","4","4"
"彭城王尔朱","0","4","4"
"城王尔朱仲","0","4","4"
"王尔朱仲远","0","4","4"
"赵郡王元谌","0","4","4"
"下诏任命齐","0","4","4"
"任命齐献武","0","4","4"
"命齐献武王","0","4","4"
"命散骑常侍","0","4","4"
"兖州刺史樊","0","4","4"
"文襄王前来","0","4","4"
"襄王前来朝","0","4","4"
"王元坦为太","0","4","4"
"建宁王拓跋","0","4","4"
"宁王拓跋崇","0","4","4"
"以防备蠕蠕","0","4","4"
"母亲的记载","0","4","4"
"高宗即位后","0","4","4"
"获罪被赐令","0","4","4"
"州刺史时去","0","4","4"
"刺史时去世","0","4","4"
"尔朱兆进入","0","4","4"
"的妻子崔氏","0","4","4"
"年轻时喜爱","0","4","4"
"祖向南征讨","0","4","4"
"屡经升任到","0","4","4"
"在州中逝世","0","4","4"
"任秦州刺史","0","4","4"
"请求解除职","0","4","4"
"来充实军用","0","4","4"
"充实军用物","0","4","4"
"实军用物资","0","4","4"
"和他的妻子","0","4","4"
"上奏请求改","0","4","4"
"任开府仪同","0","4","4"
"疏执意推让","0","4","4"
"领各军讨伐","0","4","4"
"任征北大将","0","4","4"
"第五个儿子","0","4","4"
"高祖所赏识","0","4","4"
"太后下诏说","0","4","4"
"任太常少卿","0","4","4"
"都佩服他的","0","4","4"
"品以上官员","0","4","4"
"任度支尚书","0","4","4"
"任兖州刺史","0","4","4"
"慰劳勉励他","0","4","4"
"爵位依例降","0","4","4"
"位依例降低","0","4","4"
"任命他为使","0","4","4"
"命他为使持","0","4","4"
"答应他的请","0","4","4"
"应他的请求","0","4","4"
"又任命他为","0","4","4"
"皇帝亲自前","0","4","4"
"以孝顺闻名","0","4","4"
"到京城朝见","0","4","4"
"为怎么样?","0","4","4"
"皇帝回到洛","0","4","4"
"为国事而死","0","4","4"
"后来跟随征","0","4","4"
"来跟随征伐","0","4","4"
"就是所谓的","0","4","4"
"等一百多人","0","4","4"
"有什么功劳","0","4","4"
"当时人无不","0","4","4"
"左右的人说","0","4","4"
"派遣他的太","0","4","4"
"授他为散骑","0","4","4"
"澄上奏疏说","0","4","4"
"淮水以南的","0","4","4"
"有什么可忧","0","4","4"
"什么可忧虑","0","4","4"
"么可忧虑的","0","4","4"
"率领部众三","0","4","4"
"灭亡的国家","0","4","4"
"治理民众的","0","4","4"
"中郎将兼任","0","4","4"
"出于不得已","0","4","4"
"元叉专擅朝","0","4","4"
"叉专擅朝政","0","4","4"
"任征南将军","0","4","4"
"功劳赐爵为","0","4","4"
"部众二万人","0","4","4"
"任征束将军","0","4","4"
"以本身官职","0","4","4"
"入任内都大","0","4","4"
"精锐的兵士","0","4","4"
"请求派军队","0","4","4"
"的官职爵位","0","4","4"
"骑兵三万人","0","4","4"
"率领军队向","0","4","4"
"萧衍的司州","0","4","4"
"领一万多人","0","4","4"
"斩首五千多","0","4","4"
"占据城池向","0","4","4"
"据城池向南","0","4","4"
"他们的部众","0","4","4"
"朝廷礼服一","0","4","4"
"廷礼服一套","0","4","4"
"又有什么可","0","4","4"
"为中军将军","0","4","4"
"用王的礼仪","0","4","4"
"王的礼仪安","0","4","4"
"在黄河以南","0","4","4"
"西兖州刺史","0","4","4"
"又被任命为","0","4","4"
"以本来官职","0","4","4"
"前废帝即位","0","4","4"
"谧号为康王","0","4","4"
"复本来的封","0","4","4"
"为镇军将军","0","4","4"
"任车骑将军","0","4","4"
"决推辞不受","0","4","4"
"庄帝向北巡","0","4","4"
"其他官职照","0","4","4"
"他官职照旧","0","4","4"
"将领士兵的","0","4","4"
"任廷尉少卿","0","4","4"
"任直合将军","0","4","4"
"当时人称为","0","4","4"
"兼御史中尉","0","4","4"
"又加授散骑","0","4","4"
"祖听说此事","0","4","4"
"城王元勰的","0","4","4"
"他为秘书监","0","4","4"
"他为尚书左","0","4","4"
"是有见识的","0","4","4"
"赐给他帛五","0","4","4"
"给他帛五百","0","4","4"
"他帛五百匹","0","4","4"
"的散骑常侍","0","4","4"
"是怎么回事","0","4","4"
"李业兴回答","0","4","4"
"当时的人因","0","4","4"
"向皇帝上书","0","4","4"
"皇帝上书说","0","4","4"
"皇帝有七个","0","4","4"
"帝有七个儿","0","4","4"
"死在长江以","0","4","4"
"任命他为散","0","4","4"
"命他为散骑","0","4","4"
"迁都到洛阳","0","4","4"
"王的身份回","0","4","4"
"北部边境的","0","4","4"
"到合适的人","0","4","4"
"安乐王元诠","0","4","4"
"设置五等诸","0","4","4"
"置五等诸侯","0","4","4"
"出任冠军将","0","4","4"
"任命他为中","0","4","4"
"升军号为征","0","4","4"
"出仕为通直","0","4","4"
"到这种地步","0","4","4"
"任为龙骧将","0","4","4"
"在都市斩首","0","4","4"
"在宫中值勤","0","4","4"
"元勰回答说","0","4","4"
"祖向南讨伐","0","4","4"
"任命元勰为","0","4","4"
"元勰为司徒","0","4","4"
"高祖在行宫","0","4","4"
"萧宝卷的豫","0","4","4"
"宝卷的豫州","0","4","4"
"卷的豫州刺","0","4","4"
"于烈的儿子","0","4","4"
"烈的儿子于","0","4","4"
"持认为不可","0","4","4"
"认为不可以","0","4","4"
"前后部仪仗","0","4","4"
"改任中书侍","0","4","4"
"向朝廷进贡","0","4","4"
"的四个儿子","0","4","4"
"了一个多月","0","4","4"
"他的几个儿","0","4","4"
"领骑兵包围","0","4","4"
"的公卿大臣","0","4","4"
"黄河以南地","0","4","4"
"河以南地区","0","4","4"
"军队驻扎在","0","4","4"
"在大沙漠之","0","4","4"
"派使者前往","0","4","4"
"中山王拓跋","0","4","4"
"略阳王拓跋","0","4","4"
"阳王拓跋羯","0","4","4"
"王拓跋羯儿","0","4","4"
"派来的使者","0","4","4"
"派中书舍人","0","4","4"
"来投奔朝廷","0","4","4"
"对他们进行","0","4","4"
"之人都认为","0","4","4"
"由于这个缘","0","4","4"
"于这个缘故","0","4","4"
"世祖征讨蠕","0","4","4"
"祖征讨蠕蠕","0","4","4"
"他们打得大","0","4","4"
"官职做到了","0","4","4"
"太尉从事中","0","4","4"
"尉从事中郎","0","4","4"
"反叛的氐人","0","4","4"
"也不能超过","0","4","4"
"表达自己的","0","4","4"
"命为散骑常","0","4","4"
"在宫内侍奉","0","4","4"
"皇帝亲自统","0","4","4"
"平文皇帝的","0","4","4"
"的儿子元显","0","4","4"
"为御史中尉","0","4","4"
"尚书令和仆","0","4","4"
"书令和仆射","0","4","4"
"加上以前的","0","4","4"
"上以前的共","0","4","4"
"黄河以北的","0","4","4"
"为武卫将军","0","4","4"
"淮南王元他","0","4","4"
"为左光禄大","0","4","4"
"因功劳被任","0","4","4"
"被任命为尚","0","4","4"
"义隆派遣将","0","4","4"
"隆派遣将领","0","4","4"
"任荆州刺史","0","4","4"
"功臣的儿子","0","4","4"
"被迫赠为使","0","4","4"
"迫赠为使持","0","4","4"
"任安西将军","0","4","4"
"被依法处死","0","4","4"
"高祖赐给他","0","4","4"
"任七兵尚书","0","4","4"
"领御史中尉","0","4","4"
"征入任殿中","0","4","4"
"入任殿中尚","0","4","4"
"为右光禄大","0","4","4"
"被追赠为侍","0","4","4"
"赠为散骑常","0","4","4"
"容白曜平定","0","4","4"
"历任尚书郎","0","4","4"
"加授中垒将","0","4","4"
"授中垒将军","0","4","4"
"任南部尚书","0","4","4"
"任卫尉少卿","0","4","4"
"加授镇远将","0","4","4"
"授镇远将军","0","4","4"
"升任尚书右","0","4","4"
"加授平南将","0","4","4"
"承祖父的爵","0","4","4"
"太宗即位后","0","4","4"
"赠为平东将","0","4","4"
"升任中书侍","0","4","4"
"因此称赞他","0","4","4"
"年五十一岁","0","4","4"
"太祖嘉许他","0","4","4"
"听说他的名","0","4","4"
"说他的名声","0","4","4"
"太祖听从他","0","4","4"
"统军治国的","0","4","4"
"没有人比得","0","4","4"
"有人比得上","0","4","4"
"曾派遣使者","0","4","4"
"光年间去世","0","4","4"
"是长久之计","0","4","4"
"的将领刘裕","0","4","4"
"祖将要讨伐","0","4","4"
"为不能这样","0","4","4"
"把女儿嫁给","0","4","4"
"女儿嫁给他","0","4","4"
"从世祖征伐","0","4","4"
"世祖征伐蠕","0","4","4"
"南安王拓跋","0","4","4"
"进封爵位为","0","4","4"
"谋反叛朝廷","0","4","4"
"大逆不道的","0","4","4"
"宗对群臣说","0","4","4"
"向皇帝上表","0","4","4"
"以上的官员","0","4","4"
"免去他的官","0","4","4"
"百姓因此而","0","4","4"
"王叔孙俊的","0","4","4"
"跟从世祖征","0","4","4"
"太和十五年","0","4","4"
"司马休之的","0","4","4"
"兖二州刺史","0","4","4"
"下达诏令说","0","4","4"
"派使者请求","0","4","4"
"司马楚之为","0","4","4"
"任上党太守","0","4","4"
"高宗即位以","0","4","4"
"在行宫朝见","0","4","4"
"将领檀道济","0","4","4"
"太平真君十","0","4","4"
"跟随征伐蠕","0","4","4"
"随征伐蠕蠕","0","4","4"
"方的少数民","0","4","4"
"的少数民族","0","4","4"
"兼黄门侍郎","0","4","4"
"任显要官职","0","4","4"
"等人的军队","0","4","4"
"兼尚书左丞","0","4","4"
"山王元英在","0","4","4"
"进入函谷关","0","4","4"
"沮渠牧犍的","0","4","4"
"任豫州刺史","0","4","4"
"沮渠蒙逊的","0","4","4"
"并州刺史司","0","4","4"
"派他的儿子","0","4","4"
"一个多月才","0","4","4"
"率五万骑兵","0","4","4"
"派龙骧将军","0","4","4"
"率领步骑兵","0","4","4"
"司马德宗又","0","4","4"
"都派使者来","0","4","4"
"的益州刺史","0","4","4"
"遣他的将领","0","4","4"
"派员外散骑","0","4","4"
"他的龙骧将","0","4","4"
"杀一千多人","0","4","4"
"押送到京师","0","4","4"
"相信了他的","0","4","4"
"司马元显为","0","4","4"
"向朝廷上表","0","4","4"
"为豫州刺史","0","4","4"
"司马德文的","0","4","4"
"讨伐吐谷浑","0","4","4"
"任命为侍中","0","4","4"
"封为临淮王","0","4","4"
"为前军将军","0","4","4"
"向内地迁徙","0","4","4"
"侍奉皇帝的","0","4","4"
"第二天早上","0","4","4"
"领二万人马","0","4","4"
"为安北将军","0","4","4"
"被打得大败","0","4","4"
"朝廷赠其为","0","4","4"
"送给他一些","0","4","4"
"知道为什么","0","4","4"
"当时萧衍派","0","4","4"
"彭城王元劭","0","4","4"
"讨伐打败了","0","4","4"
"尔朱世隆兄","0","4","4"
"领三千骑兵","0","4","4"
"与尔朱度律","0","4","4"
"尔朱度律等","0","4","4"
"尔朱天光派","0","4","4"
"授安东将军","0","4","4"
"到黄河以西","0","4","4"
"尔朱天光等","0","4","4"
"他们相应的","0","4","4"
"尔朱荣启奏","0","4","4"
"元颢入洛阳","0","4","4"
"任安东将军","0","4","4"
"廷赠他为使","0","4","4"
"打败擒获了","0","4","4"
"败擒获了他","0","4","4"
"为安远将军","0","4","4"
"后来灵太后","0","4","4"
"拓跋沙漠汗","0","4","4"
"文皇帝拓跋","0","4","4"
"二十万大军","0","4","4"
"帝拓跋郁律","0","4","4"
"使节前来朝","0","4","4"
"节前来朝贡","0","4","4"
"拓跋贺亻辱","0","4","4"
"帝拓跋纥那","0","4","4"
"率五千骑兵","0","4","4"
"帝拓跋翳槐","0","4","4"
"慕容元真派","0","4","4"
"帝返回云中","0","4","4"
"所经过的地","0","4","4"
"个州镇发生","0","4","4"
"举行阅兵式","0","4","4"
"王拓跋丕为","0","4","4"
"诸国各派使","0","4","4"
"镇发生大饥","0","4","4"
"谷浑国派来","0","4","4"
"浑国派来使","0","4","4"
"龟兹国派来","0","4","4"
"兹国派来使","0","4","4"
"七月十七日","0","4","4"
"契丹国各派","0","4","4"
"正月十一日","0","4","4"
"九月十三日","0","4","4"
"赐王公以下","0","4","4"
"不能自养的","0","4","4"
"国派遣使臣","0","4","4"
"派遣使臣入","0","4","4"
"遣使臣入朝","0","4","4"
"吐谷浑两国","0","4","4"
"谷浑两国派","0","4","4"
"浑两国派使","0","4","4"
"十二月十六","0","4","4"
"百姓闹饥荒","0","4","4"
"昌国派使臣","0","4","4"
"犯北魏边境","0","4","4"
"文帝驾临灵","0","4","4"
"帝驾临灵泉","0","4","4"
"派兼职员外","0","4","4"
"阳平王拓跋","0","4","4"
"五月十二日","0","4","4"
"十二月十九","0","4","4"
"派使者入朝","0","4","4"
"询问他们的","0","4","4"
"亲自接见年","0","4","4"
"自接见年长","0","4","4"
"接见年长者","0","4","4"
"法自立的人","0","4","4"
"又颁布诏书","0","4","4"
"用太牢之礼","0","4","4"
"南齐皇帝萧","0","4","4"
"皇太子拓跋","0","4","4"
"爵的封地减","0","4","4"
"孝文帝派使","0","4","4"
"用太牢的隆","0","4","4"
"太牢的隆重","0","4","4"
"牢的隆重礼","0","4","4"
"的隆重礼仪","0","4","4"
"派专使用太","0","4","4"
"专使用太牢","0","4","4"
"叛乱的胡人","0","4","4"
"的名誉职位","0","4","4"
"城王元勰为","0","4","4"
"清河王元绍","0","4","4"
"宴招待群臣","0","4","4"
"将士布帛多","0","4","4"
"士布帛多少","0","4","4"
"询问民众疾","0","4","4"
"问民众疾苦","0","4","4"
"三千多家归","0","4","4"
"派遣使者巡","0","4","4"
"遣使者巡视","0","4","4"
"派遣使者请","0","4","4"
"派使者朝献","0","4","4"
"至国派使者","0","4","4"
"阳王元雍为","0","4","4"
"百姓发生饥","0","4","4"
"姓发生饥荒","0","4","4"
"契丹国派使","0","4","4"
"丹国派使者","0","4","4"
"前来请求投","0","4","4"
"来请求投降","0","4","4"
"任命尚书右","0","4","4"
"有关部门可","0","4","4"
"伏罗国派使","0","4","4"
"可大赦天下","0","4","4"
"伐平定了叛","0","4","4"
"他们的子孙","0","4","4"
"亲自审理冤","0","4","4"
"都督尔朱荣","0","4","4"
"是昭成皇帝","0","4","4"
"将士多少不","0","4","4"
"士多少不等","0","4","4"
"二十多万头","0","4","4"
"领五万骑兵","0","4","4"
"单人匹马逃","0","4","4"
"韶令有关官","0","4","4"
"士一千多人","0","4","4"
"率领六千骑","0","4","4"
"毗陵王元顺","0","4","4"
"建宁王元崇","0","4","4"
"赦免京城囚","0","4","4"
"免京城囚犯","0","4","4"
"分发赏赐多","0","4","4"
"发赏赐多少","0","4","4"
"前往黄河以","0","4","4"
"死罪以下囚","0","4","4"
"罪以下囚犯","0","4","4"
"皮豹子等人","0","4","4"
"常山王元素","0","4","4"
"六月十一日","0","4","4"
"夏季五月十","0","4","4"
"季十一月初","0","4","4"
"二月十一日","0","4","4"
"十二月初一","0","4","4"
"十一月初一","0","4","4"
"二月二十一","0","4","4"
"年春季二月","0","4","4"
"三月十三日","0","4","4"
"杀了数千人","0","4","4"
"死罪以下的","0","4","4"
"世宗下诏因","0","4","4"
"谋反被诛杀","0","4","4"
"秋季七月二","0","4","4"
"季七月二十","0","4","4"
"为镇西大将","0","4","4"
"兖州刺史毕","0","4","4"
"刘派使者前","0","4","4"
"显祖下诏命","0","4","4"
"的青州刺史","0","4","4"
"祖下诏命平","0","4","4"
"的东平太守","0","4","4"
"慕容白曜为","0","4","4"
"天下人都知","0","4","4"
"俘获一万多","0","4","4"
"前往显阳殿","0","4","4"
"领轻装的骑","0","4","4"
"后来因有罪","0","4","4"
"皇帝前往华","0","4","4"
"帝前往华林","0","4","4"
"往华林都亭","0","4","4"
"西河王元惊","0","4","4"
"九锡的礼仪","0","4","4"
"蠕蠕国都派","0","4","4"
"蠕国都派遣","0","4","4"
"襄城王元旭","0","4","4"
"山王拓跋素","0","4","4"
"骑兵讨伐他","0","4","4"
"昌的弟弟赫","0","4","4"
"的弟弟赫连","0","4","4"
"弟弟赫连定","0","4","4"
"步兵二千人","0","4","4"
"世祖巡视黄","0","4","4"
"祖巡视黄河","0","4","4"
"将领到彦之","0","4","4"
"祖下诏命散","0","4","4"
"讨伐冯文通","0","4","4"
"夏季五月初","0","4","4"
"下诏命殿中","0","4","4"
"慕容白曜就","0","4","4"
"追尊名位谧","0","4","4"
"尊名位谧号","0","4","4"
"当时的舆论","0","4","4"
"在太和年间","0","4","4"
"昭成帝的儿","0","4","4"
"成帝的儿子","0","4","4"
"跟随平定中","0","4","4"
"昭成帝逝世","0","4","4"
"慕容白曜率","0","4","4"
"迁任尚书右","0","4","4"
"慕容白曜对","0","4","4"
"慕容白曜派","0","4","4"
"于治理国家","0","4","4"
"房伯玉回答","0","4","4"
"远近之人都","0","4","4"
"加授宁远将","0","4","4"
"授宁远将军","0","4","4"
"乐平王元丕","0","4","4"
"参与著作事","0","4","4"
"帝车驾南征","0","4","4"
"帝车驾南伐","0","4","4"
"拜授他为中","0","4","4"
"授他为中书","0","4","4"
"邢峦回答说","0","4","4"
"迁任中书令","0","4","4"
"受了他的意","0","4","4"
"任命刘藻为","0","4","4"
"任宁朔将军","0","4","4"
"为镇远将军","0","4","4"
"为中散大夫","0","4","4"
"灵太后下令","0","4","4"
"参与军队国","0","4","4"
"与军队国家","0","4","4"
"家大事的谋","0","4","4"
"率领骑兵三","0","4","4"
"攻打蠕蠕的","0","4","4"
"世祖征伐赫","0","4","4"
"祖征伐赫连","0","4","4"
"为外朝大人","0","4","4"
"叔孙俊的旧","0","4","4"
"孙俊的旧例","0","4","4"
"时人认为他","0","4","4"
"任安远将军","0","4","4"
"张衮对太祖","0","4","4"
"衮对太祖说","0","4","4"
"调任散骑常","0","4","4"
"功被赐给爵","0","4","4"
"俘获而返回","0","4","4"
"斩首几千级","0","4","4"
"以称得上是","0","4","4"
"萧宝夤为使","0","4","4"
"宝夤为使持","0","4","4"
"夤为使持节","0","4","4"
"离都城七里","0","4","4"
"所开仓赈恤","3","0","3"
"群臣太极前","3","0","3"
"臣太极前殿","3","0","3"
"齐献武王晋","3","0","3"
"献武王晋阳","3","0","3"
"军将军张惠","1","2","3"
"将军张惠绍","1","2","3"
"加安北将军","2","1","3"
"迁国子博士","2","1","3"
"授步兵校尉","1","2","3"
"进号征虏将","3","0","3"
"号征虏将军","3","0","3"
"遣豫章王萧","2","1","3"
"授徐州刺史","2","1","3"
"渤海饶安人","1","2","3"
"加卫大将军","3","0","3"
"封真定县开","2","1","3"
"诏安西将军","3","0","3"
"司空谘议参","2","1","3"
"空谘议参军","2","1","3"
"初中书学生","3","0","3"
"假通直散骑","2","1","3"
"昌黎徒河人","2","1","3"
"赐爵襄城公","2","1","3"
"瀛殷四州诸","2","1","3"
"除辅国将军","3","0","3"
"齐文襄王大","2","1","3"
"文襄王大将","2","1","3"
"襄王大将军","2","1","3"
"大将军府记","1","2","3"
"将军府记室","1","2","3"
"改封安乐王","2","1","3"
"授太中大夫","1","2","3"
"荆江二州刺","1","2","3"
"江二州刺史","1","2","3"
"赐骅骝马一","3","0","3"
"颍川郡开国","2","1","3"
"食邑一千二","1","2","3"
"邑一千二百","1","2","3"
"一千二百户","1","2","3"
"督李崇北伐","2","1","3"
"转镇东将军","3","0","3"
"转征东将军","3","0","3"
"除尚书左仆","2","1","3"
"除右卫将军","2","1","3"
"十八年春正","2","1","3"
"春二月癸未","2","1","3"
"加中军大将","2","1","3"
"皇帝第二子","2","1","3"
"都督雍泾岐","2","1","3"
"改封北平王","2","1","3"
"同三司李崇","1","2","3"
"书长孙渴侯","2","1","3"
"进位大司马","2","1","3"
"河王怿司空","3","0","3"
"进号骠骑大","2","1","3"
"号骠骑大将","2","1","3"
"波斯国遣使","3","0","3"
"斯国遣使朝","3","0","3"
"郡开国公朱","3","0","3"
"冬十月丁丑","2","1","3"
"柱大将军朱","3","0","3"
"遣武卫将军","2","1","3"
"州刺史元显","2","1","3"
"徒公长孙稚","2","1","3"
"颍川王朱兆","3","0","3"
"乐平王朱世","3","0","3"
"平王朱世隆","3","0","3"
"都督东道诸","2","1","3"
"督东道诸军","2","1","3"
"徐州刺史杜","2","1","3"
"州刺史杜德","2","1","3"
"阳王宝炬太","3","0","3"
"王宝炬太尉","3","0","3"
"尚书李神隽","1","2","3"
"州刺史斛斯","2","1","3"
"秋七月辛卯","2","1","3"
"子仪同三司","2","1","3"
"兴元年春正","3","0","3"
"散骑常侍魏","1","2","3"
"豫州刺史高","2","1","3"
"州刺史高仲","2","1","3"
"羌戎诸军事","2","1","3"
"刺史穆泰谋","2","1","3"
"转徐州刺史","3","0","3"
"司徒崔光见","2","1","3"
"入中都大官","3","0","3"
"迁冀州刺史","3","0","3"
"州主簿吕苟","2","1","3"
"左仆射萧宝","2","1","3"
"乐浪王万寿","2","1","3"
"除肆州刺史","3","0","3"
"太乐令公孙","2","1","3"
"乐令公孙崇","2","1","3"
"位京兆王子","3","0","3"
"阳公元丕等","2","1","3"
"文明太后引","3","0","3"
"明太后引见","3","0","3"
"除吏部尚书","3","0","3"
"顾谓左右曰","3","0","3"
"萧宝卷遣太","3","0","3"
"宝卷遣太尉","3","0","3"
"卷遣太尉陈","3","0","3"
"遣太尉陈显","3","0","3"
"遣长风戍主","2","1","3"
"长风戍主奇","2","1","3"
"风戍主奇道","2","1","3"
"戍主奇道显","2","1","3"
"主奇道显攻","2","1","3"
"一千五百匹","1","2","3"
"遣统军傅竖","2","1","3"
"东园温明秘","3","0","3"
"园温明秘器","3","0","3"
"二千五百匹","2","1","3"
"下蔡戍主王","2","1","3"
"徵内都大官","3","0","3"
"率步骑三万","3","0","3"
"遣四门博士","2","1","3"
"诏英使持节","3","0","3"
"都督扬徐二","2","1","3"
"督扬徐二道","2","1","3"
"扬徐二道诸","2","1","3"
"右仆射柳惔","3","0","3"
"京兆王愉反","3","0","3"
"悬瓠城民白","2","1","3"
"瓠城民白早","2","1","3"
"衍遣冠军将","3","0","3"
"赠散骑侍郎","2","1","3"
"者二十余人","3","0","3"
"清河王怿所","3","0","3"
"史元法僧城","3","0","3"
"豫章王综镇","3","0","3"
"诏光禄大夫","3","0","3"
"太二十三年","3","0","3"
"除骁骑将军","3","0","3"
"号抚军将军","3","0","3"
"加征东将军","3","0","3"
"赐东园秘器","3","0","3"
"前后部鼓吹","2","1","3"
"追封乐陵王","2","1","3"
"入内都大官","3","0","3"
"布帛二千匹","1","2","3"
"迁车骑大将","3","0","3"
"除征东将军","3","0","3"
"阳太守赵修","2","1","3"
"太守赵修延","2","1","3"
"太祖定中山","3","0","3"
"赠尚书左仆","2","1","3"
"神龟元年卒","2","1","3"
"时年六十七","2","1","3"
"文明太后令","2","1","3"
"东荆六州诸","2","1","3"
"赐帛二千匹","2","1","3"
"仆射李冲曰","3","0","3"
"衍直阁将军","3","0","3"
"衍将湛僧珍","3","0","3"
"督冀定瀛三","2","1","3"
"冀定瀛三州","2","1","3"
"定瀛三州诸","2","1","3"
"迁太子中庶","3","0","3"
"行南兗州事","3","0","3"
"赗帛五百匹","3","0","3"
"高祖临朝堂","3","0","3"
"任事上中者","3","0","3"
"问侍中崔光","1","2","3"
"入大司马门","2","1","3"
"迁通直常侍","3","0","3"
"食邑七百户","1","2","3"
"咸阳王禧谋","3","0","3"
"阳王禧谋反","3","0","3"
"东秦诸军事","2","1","3"
"惟大行皇帝","2","1","3"
"史裴叔业寿","3","0","3"
"增邑八百户","3","0","3"
"遣事黄门侍","3","0","3"
"临东堂引见","2","1","3"
"衍遣将彭群","3","0","3"
"东平公娥清","2","1","3"
"东部高车屯","2","1","3"
"左右数百人","2","1","3"
"右数百人朝","2","1","3"
"献马二千匹","2","1","3"
"伐沮渠牧犍","1","2","3"
"高车王弥俄","1","2","3"
"车王弥俄突","1","2","3"
"屋引副升牟","1","2","3"
"西吐若奚泉","1","2","3"
"马牛羊二十","2","1","3"
"驳髯水西北","2","1","3"
"马牛羊百余","2","1","3"
"牛羊百余万","2","1","3"
"太傅李延实","2","1","3"
"献武王入朝","1","2","3"
"齐献武王固","3","0","3"
"黄门郎崔季","1","2","3"
"门郎崔季舒","1","2","3"
"世祖平凉州","3","0","3"
"改封平阳王","2","1","3"
"非太祖子孙","3","0","3"
"世袭州刺史","3","0","3"
"青州刺史元","2","1","3"
"丞相乙浑谋","2","1","3"
"咸阳王礻喜","3","0","3"
"讨秃发保周","3","0","3"
"刘义隆将裴","2","1","3"
"义隆将裴方","2","1","3"
"隆将裴方明","2","1","3"
"莫折念生反","2","1","3"
"赐爵扶风公","2","1","3"
"州刺史元六","2","1","3"
"垂遣太子宝","3","0","3"
"时年四十五","2","1","3"
"都督冀沧二","2","1","3"
"督冀沧二州","2","1","3"
"冀沧二州诸","2","1","3"
"前刺史梁钊","2","1","3"
"平原二郡太","1","2","3"
"原二郡太守","1","2","3"
"稍迁散骑常","3","0","3"
"慕容垂尚书","3","0","3"
"授平北将军","1","2","3"
"徵殿中尚书","3","0","3"
"时年七十七","2","1","3"
"迁太尉长史","2","1","3"
"加扬烈将军","2","1","3"
"迁南部尚书","3","0","3"
"襄城公庐鲁","3","0","3"
"城公庐鲁元","3","0","3"
"世祖甚悼惜","3","0","3"
"擒刘义隆将","3","0","3"
"赐爵泰昌子","2","1","3"
"加平远将军","3","0","3"
"司州大中正","2","1","3"
"营州大中正","2","1","3"
"城县开国侯","2","1","3"
"然后进军讨","1","2","3"
"兗州刺史尉","3","0","3"
"太史令王亮","2","1","3"
"时年五十一","2","1","3"
"高祖文明太","3","0","3"
"祖文明太后","3","0","3"
"犯高祖庙讳","3","0","3"
"赵郡平棘人","2","1","3"
"长孙道生率","1","2","3"
"书侍郎高聪","2","1","3"
"赐爵历阳侯","2","1","3"
"赐爵武城子","2","1","3"
"将刘裕伐姚","3","0","3"
"主司马德文","2","1","3"
"简幽州南戍","3","0","3"
"幽州南戍兵","3","0","3"
"奚斤等三十","1","2","3"
"诸军屯漠南","3","0","3"
"贺持节奉皇","2","1","3"
"持节奉皇帝","2","1","3"
"文明太后遣","3","0","3"
"赐帛三百匹","3","0","3"
"鹿郡开国公","1","2","3"
"除平南将军","3","0","3"
"都督史仵龙","2","1","3"
"丧礼一依安","3","0","3"
"礼一依安城","3","0","3"
"一依安城王","3","0","3"
"王叔孙俊故","3","0","3"
"叔孙俊故事","3","0","3"
"国将军温楷","2","1","3"
"竟陵内史鲁","2","1","3"
"陵内史鲁轨","2","1","3"
"荆州治中韩","2","1","3"
"袁式等数百","2","1","3"
"式等数百人","2","1","3"
"擒义隆将朱","3","0","3"
"义隆将朱修","2","1","3"
"李元德东郡","3","0","3"
"元德东郡太","3","0","3"
"德东郡太守","3","0","3"
"皮豹子等督","2","1","3"
"济南东平陵","2","1","3"
"义符青州刺","2","1","3"
"符青州刺史","2","1","3"
"民五千余家","3","0","3"
"梁益四州诸","2","1","3"
"皇兴四年冬","1","2","3"
"授骁骑将军","2","1","3"
"行雍州刺史","2","1","3"
"时年五十八","2","1","3"
"献武王大行","2","1","3"
"武王大行台","2","1","3"
"府法曹参军","1","2","3"
"尉谘议参军","2","1","3"
"献武王大丞","2","1","3"
"武王大丞相","2","1","3"
"武兴氐杨集","3","0","3"
"赐爵赵郡公","2","1","3"
"中山王英破","3","0","3"
"武定六年卒","3","0","3"
"州京兆王愉","3","0","3"
"州平东府长","2","1","3"
"尚书李宪等","2","1","3"
"明太后亲临","1","2","3"
"宕昌公王遇","2","1","3"
"迁武卫将军","3","0","3"
"恆州大中正","3","0","3"
"都督凉沙河","2","1","3"
"督凉沙河三","2","1","3"
"凉沙河三州","2","1","3"
"晋光熙元年","2","1","3"
"士三百余人","2","1","3"
"文武将吏数","2","1","3"
"武将吏数千","2","1","3"
"军资杂财十","2","1","3"
"资杂财十余","2","1","3"
"杂财十余万","2","1","3"
"财十余万计","2","1","3"
"建国二十二","1","2","3"
"国二十二年","1","2","3"
"者仆射张济","2","1","3"
"众三万余人","2","1","3"
"遣龙骧将军","3","0","3"
"仗二百人入","2","1","3"
"二百人入殿","2","1","3"
"徐州刺史桓","1","2","3"
"犯显祖庙讳","2","1","3"
"永昌王健督","3","0","3"
"昌王健督诸","3","0","3"
"王健督诸军","3","0","3"
"骑常侍封拨","2","1","3"
"等五百余人","2","1","3"
"兴二年六月","2","1","3"
"扬州小岘戍","2","1","3"
"州小岘戍主","2","1","3"
"小岘戍主党","2","1","3"
"岘戍主党法","2","1","3"
"戍主党法宗","2","1","3"
"斩龙骧将军","3","0","3"
"衍将吴子阳","2","1","3"
"正始元年正","1","2","3"
"始元年正月","1","2","3"
"衍将赵祖悦","3","0","3"
"斩获数千级","3","0","3"
"夏侯道迁汉","3","0","3"
"侯道迁汉中","3","0","3"
"军范始男送","2","1","3"
"薛真度大破","2","1","3"
"军毕祖朽攻","1","2","3"
"毕祖朽攻克","1","2","3"
"祖朽攻克蒙","1","2","3"
"朽攻克蒙山","1","2","3"
"将蓝怀恭等","2","1","3"
"戍主朱思远","2","1","3"
"主朱思远弃","2","1","3"
"朱思远弃城","2","1","3"
"将齐苟仁等","3","0","3"
"俘获七千余","2","1","3"
"获七千余人","2","1","3"
"民王万寿等","2","1","3"
"万寿等内外","2","1","3"
"琅邪戍主傅","3","0","3"
"邪戍主傅文","3","0","3"
"刺史张稷首","3","0","3"
"熙平元年正","1","2","3"
"衍衡州刺史","2","1","3"
"村落十余万","2","1","3"
"虞鸿袭寿春","3","0","3"
"史长孙稚击","2","1","3"
"衍遣北梁州","3","0","3"
"遣北梁州长","3","0","3"
"台魏子建遣","3","0","3"
"督魏承祖讨","2","1","3"
"衍遣将曹义","3","0","3"
"遣将曹义宗","3","0","3"
"都督费穆大","2","1","3"
"督费穆大破","2","1","3"
"州刺史严始","2","1","3"
"刺史严始欣","2","1","3"
"俘获万余人","3","0","3"
"部将何宝率","2","1","3"
"将何宝率步","2","1","3"
"何宝率步骑","2","1","3"
"率步骑三千","3","0","3"
"徐兗二州刺","3","0","3"
"州刺史刘相","2","1","3"
"衍雄信将军","2","1","3"
"贞阳侯渊明","2","1","3"
"遣行台慕容","2","1","3"
"子临贺王正","2","1","3"
"临贺王正德","2","1","3"
"宗遣使朝贡","3","0","3"
"号平东将军","2","1","3"
"男女数千人","2","1","3"
"州诸军讨吐","3","0","3"
"诸军讨吐谷","3","0","3"
"军讨吐谷浑","3","0","3"
"讨吐谷浑慕","3","0","3"
"慕利延兄子","2","1","3"
"迁尚书右丞","3","0","3"
"十二月十二","1","2","3"
"韩拔陵反叛","1","2","3"
"时齐献武王","1","2","3"
"隶都督李崇","3","0","3"
"历治书侍御","2","1","3"
"除步兵校尉","2","1","3"
"加平西将军","3","0","3"
"党王天穆讨","2","1","3"
"河西人纥豆","2","1","3"
"人纥豆陵步","2","1","3"
"纥豆陵步蕃","2","1","3"
"世隆兄彦伯","2","1","3"
"齐献武王义","3","0","3"
"万俟丑奴僭","2","1","3"
"齐献武王赴","2","1","3"
"献武王赴洛","2","1","3"
"假宁南将军","2","1","3"
"除镇北将军","3","0","3"
"阳王禧等六","2","1","3"
"始平王子正","2","1","3"
"都督河北畿","2","1","3"
"督河北畿外","2","1","3"
"河北畿外诸","2","1","3"
"入居华林园","2","1","3"
"贼帅万俟丑","2","1","3"
"平昌郡开国","2","1","3"
"昌郡开国公","2","1","3"
"都督定殷二","2","1","3"
"督定殷二州","2","1","3"
"定殷二州诸","2","1","3"
"时年四十二","2","1","3"
"令御史中尉","1","2","3"
"会朱兆入洛","3","0","3"
"都督雍秦二","2","1","3"
"督雍秦二州","2","1","3"
"雍秦二州诸","2","1","3"
"沧州乐陵郡","1","2","3"
"府铠曹参军","2","1","3"
"贾显智等率","2","1","3"
"州刺史窦泰","2","1","3"
"青州人耿翔","2","1","3"
"刺史蔡俊讨","2","1","3"
"降齐献武王","2","1","3"
"卒五千余人","3","0","3"
"刺史东莱王","2","1","3"
"史东莱王贵","2","1","3"
"随慕容德南","1","2","3"
"崔慧景攻围","2","1","3"
"没鹿回部大","2","1","3"
"鹿回部大人","2","1","3"
"晋征北将军","2","1","3"
"匈奴宇文部","1","2","3"
"文帝皇后封","2","1","3"
"帝皇后封氏","2","1","3"
"河间王司马","1","2","3"
"凉州刺史张","1","2","3"
"欲定都氵垒","2","1","3"
"定都氵垒源","2","1","3"
"都氵垒源川","2","1","3"
"遣大人长孙","2","1","3"
"大人长孙秩","2","1","3"
"将亲率六军","1","2","3"
"十九年春正","2","1","3"
"三年夏六月","2","1","3"
"长孙斤谋反","1","2","3"
"南部大人刘","2","1","3"
"聚党千余人","3","0","3"
"冬十月丁亥","2","1","3"
"斩首三万余","2","1","3"
"妖贼司马小","2","1","3"
"贼司马小君","2","1","3"
"诏假员外散","3","0","3"
"蠕蠕寇敦煌","3","0","3"
"太上皇帝亲","2","1","3"
"夏四月戊申","2","1","3"
"刘昱遣使朝","3","0","3"
"昱遣使朝贡","3","0","3"
"悉万斤国遣","3","0","3"
"万斤国遣使","3","0","3"
"斤国遣使朝","3","0","3"
"鳏寡孤独贫","2","1","3"
"春正月丁丑","2","1","3"
"散骑常侍许","2","1","3"
"骑常侍许赤","2","1","3"
"常侍许赤虎","2","1","3"
"冬十月庚子","3","0","3"
"西征吐谷浑","2","1","3"
"赦京师死罪","2","1","3"
"秋七月甲辰","3","0","3"
"契丹诸国遣","3","0","3"
"丹诸国遣使","3","0","3"
"东阳王元丕","1","2","3"
"秦益二州刺","2","1","3"
"冬十月癸酉","3","0","3"
"诏征西将军","3","0","3"
"十二月壬寅","2","1","3"
"春正月丁巳","3","0","3"
"夏四月甲申","3","0","3"
"夏四月壬申","2","1","3"
"龟兹诸国遣","3","0","3"
"兹诸国遣使","3","0","3"
"悉万斤诸国","2","1","3"
"假梁郡王嘉","3","0","3"
"门法秀谋反","3","0","3"
"建永固石室","1","2","3"
"夏四月甲辰","3","0","3"
"十二月丁亥","2","1","3"
"秋七月丁丑","2","1","3"
"外郎兰英使","3","0","3"
"郎兰英使萧","3","0","3"
"兰英使萧赜","3","0","3"
"秋七月乙未","2","1","3"
"群臣太华殿","3","0","3"
"吐谷浑等国","1","2","3"
"等国遣使朝","2","1","3"
"秋七月戊戌","2","1","3"
"十一年春正","3","0","3"
"一年春正月","3","0","3"
"显达攻陷醴","2","1","3"
"达攻陷醴阳","2","1","3"
"春正月辛亥","3","0","3"
"车驾事圆丘","3","0","3"
"阴平国遣使","3","0","3"
"平国遣使朝","3","0","3"
"宕昌诸国遣","3","0","3"
"冬十月甲申","2","1","3"
"太皇太后冯","1","2","3"
"皇太后冯氏","1","2","3"
"京兆王太兴","2","1","3"
"春正月丁卯","3","0","3"
"夏四月癸亥","2","1","3"
"春正月戊午","2","1","3"
"秋七月庚申","2","1","3"
"左仆射陆睿","1","2","3"
"一千三百余","1","2","3"
"秋七月癸丑","3","0","3"
"文武应求者","3","0","3"
"十一月癸亥","2","1","3"
"夏五月乙亥","2","1","3"
"秋七月乙亥","2","1","3"
"皇太子朝行","3","0","3"
"太子朝行宫","3","0","3"
"冬十月甲辰","3","0","3"
"分遣侍臣巡","3","0","3"
"十二月乙未","2","1","3"
"十一月乙酉","3","0","3"
"夏四月庚申","2","1","3"
"使者太牢祀","3","0","3"
"获萧鸾辅国","2","1","3"
"萧鸾辅国将","2","1","3"
"冬十月己酉","2","1","3"
"十二月甲寅","2","1","3"
"彭城王勰司","3","0","3"
"城王勰司徒","3","0","3"
"诏南平公长","3","0","3"
"年春二月戊","2","1","3"
"姚兴遣使聘","3","0","3"
"十一月乙丑","2","1","3"
"姚兴遣使朝","3","0","3"
"西河胡曹成","2","1","3"
"冬十一月壬","2","1","3"
"十二月丙戌","2","1","3"
"河内人司马","1","2","3"
"二千余家内","3","0","3"
"称建平元年","1","2","3"
"民二千余家","3","0","3"
"司马德宗遣","3","0","3"
"马德宗遣使","3","0","3"
"复所过田租","3","0","3"
"所过田租半","3","0","3"
"十一月丁亥","2","1","3"
"行幸犲山宫","3","0","3"
"长乐王处文","2","1","3"
"诏将军叔孙","2","1","3"
"夏四月丁未","2","1","3"
"山丁零翟蜀","2","1","3"
"生河内太守","2","1","3"
"春正月丙戌","2","1","3"
"守将毛德祖","2","1","3"
"十一月己巳","2","1","3"
"时年三十二","1","2","3"
"佐越费实等","1","2","3"
"萧衍宁州刺","2","1","3"
"左仆射郭祚","2","1","3"
"高车国遣使","3","0","3"
"车国遣使朝","3","0","3"
"熙平元年春","2","1","3"
"萧衍平西将","2","1","3"
"衍平西将军","2","1","3"
"冬十月丁卯","3","0","3"
"嚈哒国遣使","3","0","3"
"哒国遣使朝","3","0","3"
"京兆王继司","3","0","3"
"汝南王悦太","3","0","3"
"秋七月壬子","2","1","3"
"十一月乙巳","3","0","3"
"京兆王继太","3","0","3"
"十一月丙申","3","0","3"
"都督崔暹失","2","1","3"
"史魏子建遣","3","0","3"
"折念生遣都","3","0","3"
"诏尚书左仆","3","0","3"
"十一月戊申","2","1","3"
"昌元年春正","2","1","3"
"州刺史萧渊","1","2","3"
"刺史萧渊猷","1","2","3"
"萧世澄等十","1","2","3"
"秋八月癸酉","2","1","3"
"蠕蠕国主阿","1","2","3"
"十一月辛亥","2","1","3"
"县开国公子","2","1","3"
"杜洛周攻陷","1","2","3"
"诏都督李叔","1","2","3"
"督李叔仁讨","1","2","3"
"冬十月戊申","2","1","3"
"建国三十四","1","2","3"
"国三十四年","1","2","3"
"南部大人长","2","1","3"
"部大人长孙","2","1","3"
"大人长孙嵩","2","1","3"
"秋七月己酉","2","1","3"
"九原公元仪","2","1","3"
"十二月辛卯","2","1","3"
"五年春三月","2","1","3"
"慕容垂遣子","3","0","3"
"卫辰遣子直","3","0","3"
"辰遣子直力","3","0","3"
"遣子直力鞮","3","0","3"
"始元年春正","2","1","3"
"将军王建等","2","1","3"
"军王建等三","2","1","3"
"王建等三军","2","1","3"
"广宁太守刘","2","1","3"
"宁太守刘亢","2","1","3"
"太守刘亢泥","2","1","3"
"上谷太守慕","1","2","3"
"谷太守慕容","1","2","3"
"军四十余万","2","1","3"
"十一月庚子","2","1","3"
"大将军东平","2","1","3"
"将军东平公","2","1","3"
"安远将军庾","2","1","3"
"远将军庾岳","2","1","3"
"遣抚军大将","2","1","3"
"十二月己丑","2","1","3"
"常山王遵等","3","0","3"
"夏四月辛卯","2","1","3"
"万余家内属","3","0","3"
"南阳王惠寿","2","1","3"
"乐陵王周忸","2","1","3"
"十余国遣使","3","0","3"
"余国遣使朝","3","0","3"
"安元年春正","2","1","3"
"恭宗神主太","3","0","3"
"宗神主太庙","3","0","3"
"疏勒国遣使","3","0","3"
"勒国遣使朝","3","0","3"
"定州刺史许","2","1","3"
"夏五月庚申","2","1","3"
"敦煌公李宝","1","2","3"
"河西诸军南","2","1","3"
"督凉州诸军","2","1","3"
"刘骏遣使朝","3","0","3"
"骏遣使朝贡","3","0","3"
"骑常侍游明","2","1","3"
"常侍游明根","2","1","3"
"年春三月乙","2","1","3"
"时年二十六","1","2","3"
"国王像舒彭","1","2","3"
"夏四月丙申","2","1","3"
"建安王宝夤","2","1","3"
"将军李崇讨","2","1","3"
"夏四月癸未","2","1","3"
"镇南将军李","1","2","3"
"徐州刺史永","1","2","3"
"州刺史永昌","1","2","3"
"刺史永昌县","1","2","3"
"史永昌县开","1","2","3"
"祁阳县开国","1","2","3"
"阳县开国男","1","2","3"
"县开国男赵","1","2","3"
"萧衍将马仙","2","1","3"
"十一月戊午","2","1","3"
"斩衍冠军将","3","0","3"
"将军鲁方达","1","2","3"
"卢祖迁等击","3","0","3"
"中山王英南","3","0","3"
"卢祖迁等攻","1","2","3"
"十一月戊辰","2","1","3"
"萧衍江州刺","2","1","3"
"衍江州刺史","2","1","3"
"萧衍将张惠","2","1","3"
"衍将张惠绍","2","1","3"
"元丽大破秦","2","1","3"
"丽大破秦贼","2","1","3"
"冠军将军桓","1","2","3"
"军将军桓方","1","2","3"
"将军桓方庆","1","2","3"
"十一月庚寅","2","1","3"
"民一万七千","2","1","3"
"迁陵县开国","1","2","3"
"陵县开国子","1","2","3"
"县开国子彭","1","2","3"
"高祖谓彭城","3","0","3"
"祖谓彭城王","3","0","3"
"义阳王刘昶","1","2","3"
"学生六十人","1","2","3"
"东平王道符","2","1","3"
"彧青州刺史","3","0","3"
"慕容白曜督","1","2","3"
"彧东平太守","3","0","3"
"顿丘郡开国","2","1","3"
"北府主簿河","1","2","3"
"同三司李叔","2","1","3"
"三司李叔仁","2","1","3"
"献武王大破","3","0","3"
"大都督刁宣","2","1","3"
"都督李侃希","2","1","3"
"定州刺史侯","2","1","3"
"帝临显阳殿","3","0","3"
"时年三十五","2","1","3"
"文武百官普","1","2","3"
"齐献武王率","2","1","3"
"广平武穆王","1","2","3"
"封汝阳县开","2","1","3"
"赵郡王谌太","3","0","3"
"都督库狄干","1","2","3"
"春正月壬辰","1","2","3"
"坐事降爵公","3","0","3"
"秋七月辛巳","2","1","3"
"前大鸿胪卿","2","1","3"
"贺拔胜战败","1","2","3"
"齐献武王迎","1","2","3"
"青州刺史侯","2","1","3"
"冬十一月丁","2","1","3"
"督贺拔仁攻","1","2","3"
"万俟受洛干","1","2","3"
"俟受洛干等","1","2","3"
"春正月壬申","2","1","3"
"仪同三司库","2","1","3"
"同三司库狄","2","1","3"
"夏五月壬寅","2","1","3"
"大都督高岳","2","1","3"
"北徐州刺史","2","1","3"
"兰陵郡开国","1","2","3"
"时年二十八","2","1","3"
"守将赫连乙","2","1","3"
"将赫连乙升","2","1","3"
"等使刘义隆","3","0","3"
"兗州刺史竺","3","0","3"
"行征南大将","2","1","3"
"司州刺史尹","2","1","3"
"州刺史尹冲","2","1","3"
"刺史尹冲坠","2","1","3"
"史尹冲坠城","2","1","3"
"夏五月庚寅","2","1","3"
"称范阳卢玄","2","1","3"
"鸿胪卿李继","1","2","3"
"胡白龙余党","2","1","3"
"张掖太守宜","2","1","3"
"永昌王健等","3","0","3"
"东郡公崔浩","2","1","3"
"刘义隆将王","2","1","3"
"刘义隆将刘","2","1","3"
"义隆将刘康","2","1","3"
"隆将刘康祖","2","1","3"
"慕容白曜军","2","1","3"
"建国二十三","1","2","3"
"国二十三年","1","2","3"
"时年四十六","2","1","3"
"世祖左昭仪","2","1","3"
"文明太后辅","1","2","3"
"安定临泾人","2","1","3"
"授内都大官","2","1","3"
"除安南将军","3","0","3"
"时年二十二","2","1","3"
"加伏波将军","3","0","3"
"加平北将军","3","0","3"
"太祖幸贺兰","3","0","3"
"祖幸贺兰部","3","0","3"
"除广平太守","3","0","3"
"慕容白曜南","2","1","3"
"遣宁朔将军","3","0","3"
"镇将元伊利","1","2","3"
"慕容白曜所","1","2","3"
"迁步兵校尉","3","0","3"
"除太中大夫","3","0","3"
"梁四州诸军","2","1","3"
"进号征西大","2","1","3"
"号征西大将","2","1","3"
"聚众千余人","2","1","3"
"迁征北大将","3","0","3"
"除豫州刺史","3","0","3"
"遣中书侍郎","2","1","3"
"东兗州刺史","3","0","3"
"赠安南将军","2","1","3"
"加员外散骑","3","0","3"
"萧鸾将裴叔","2","1","3"
"鸾将裴叔业","2","1","3"
"渤海高允等","2","1","3"
"冠军将军鲁","1","2","3"
"平舒县开国","1","2","3"
"舒县开国伯","1","2","3"
"将军高肇伐","3","0","3"
"军高肇伐蜀","3","0","3"
"时年六十五","2","1","3"
"时年三十四","2","1","3"
"东瀛公司马","2","1","3"
"参军国大谋","3","0","3"
"建国三十九","1","2","3"
"国三十九年","1","2","3"
"慕容宝参合","3","0","3"
"坐止车门右","3","0","3"
"时年七十三","1","2","3"
"加镇西将军","3","0","3"
"义隆遣将彦","3","0","3"
"后宁朔将军","3","0","3"
"转左卫将军","3","0","3"
"魏郡开国公","2","1","3"
"食邑九百户","1","2","3"
"灵太后令曰","3","0","3"
"太常少卿元","1","2","3"
"代王左长史","1","2","3"
"时司马德宗","1","2","3"
"都督冀相殷","2","1","3"
"督冀相殷三","2","1","3"
"冀相殷三州","2","1","3"
"时年五十二","2","1","3"
"赐奴婢数十","2","1","3"
"追击赫连昌","1","2","3"
"宗正娥清率","2","1","3"
"宗爱杀南安","2","1","3"
"爱杀南安王","2","1","3"
"豫洛二州河","2","1","3"
"洛二州河内","2","1","3"
"二州河内诸","2","1","3"
"州河内诸军","2","1","3"
"水军三千人","1","2","3"
"太祖征慕容","3","0","3"
"祖征慕容宝","3","0","3"
"郡公崔浩等","1","2","3"
"阳太守崔模","1","2","3"
"封安康县开","2","1","3"
"安康县开国","2","1","3"
"康县开国伯","2","1","3"
"太师高阳王","1","2","3"
"加建义将军","3","0","3"
"彭城镇将元","2","1","3"
"城镇将元拔","2","1","3"
"宝夤使持节","3","0","3"
"黄门侍郎高","1","2","3"
"门侍郎高道","1","2","3"
"侍郎高道穆","1","2","3"
"近郊五十里","2","1","3"
"伏愿陛下垂","2","1","3"
"明日月辰宿","1","2","3"
"日月辰宿交","1","2","3"
"月辰宿交会","1","2","3"
"辰宿交会相","1","2","3"
"宿交会相生","1","2","3"
"黄门侍郎卢","1","2","3"
"门侍郎卢同","1","2","3"
"诏赐帛四百","1","2","3"
"是如此地受","0","3","3"
"于是日夜赶","0","3","3"
"是日夜赶路","0","3","3"
"不久又恢复","0","3","3"
"为什么不能","0","3","3"
"到尔朱荣的","0","3","3"
"足我的心意","0","3","3"
"所在的地方","0","3","3"
"有什么计策","0","3","3"
"在皇帝面前","0","3","3"
"看到这种情","0","3","3"
"觉得他的话","0","3","3"
"不久因母亲","0","3","3"
"因母亲年老","0","3","3"
"的宠爱日益","0","3","3"
"昭成帝派使","0","3","3"
"成帝派使臣","0","3","3"
"孝文帝巡视","0","3","3"
"文帝首次在","0","3","3"
"便形成为一","0","3","3"
"形成为一种","0","3","3"
"成为一种制","0","3","3"
"为一种制度","0","3","3"
"赏赐给他们","0","3","3"
"每人赐给谷","0","3","3"
"人赐给谷子","0","3","3"
"赐给谷子五","0","3","3"
"免征三年的","0","3","3"
"征三年的田","0","3","3"
"亲自统率大","0","3","3"
"自统率大军","0","3","3"
"五月十四日","0","3","3"
"都知道此事","0","3","3"
"是很好的事","0","3","3"
"很好的事吗","0","3","3"
"任尚书仪曹","0","3","3"
"号为征虏将","0","3","3"
"兼任给事黄","0","3","3"
"太和九年封","0","3","3"
"出任散骑常","0","3","3"
"为尚书仆射","0","3","3"
"任冀州别驾","0","3","3"
"府从事中郎","0","3","3"
"任建威将军","0","3","3"
"任治书侍御","0","3","3"
"任中坚将军","0","3","3"
"定年号为永","0","3","3"
"来大魏朝贡","0","3","3"
"追赠他为太","0","3","3"
"任泾州刺史","0","3","3"
"出任镇南将","0","3","3"
"任殿中侍御","0","3","3"
"他为骠骑大","0","3","3"
"不久加授散","0","3","3"
"久加授散骑","0","3","3"
"授他为通直","0","3","3"
"领中书舍人","0","3","3"
"本将军除授","0","3","3"
"兼尚书行台","0","3","3"
"封为赵郡王","0","3","3"
"阳王元嘉为","0","3","3"
"改年号为永","0","3","3"
"河王元怿为","0","3","3"
"城王元澄为","0","3","3"
"为骠骑将军","0","3","3"
"八月十一日","0","3","3"
"王元延明为","0","3","3"
"任命领军将","0","3","3"
"命领军将军","0","3","3"
"领军将军元","0","3","3"
"蠕主阿那瑰","0","3","3"
"元继为太师","0","3","3"
"不久改封为","0","3","3"
"加授大将军","0","3","3"
"为柱国大将","0","3","3"
"郡开国公尔","0","3","3"
"开国公尔朱","0","3","3"
"阳王萧赞为","0","3","3"
"阳王元徽为","0","3","3"
"领给事黄门","0","3","3"
"陇西王尔朱","0","3","3"
"西王尔朱天","0","3","3"
"王尔朱天光","0","3","3"
"长广王元晔","0","3","3"
"广王元晔为","0","3","3"
"诏任命齐献","0","3","3"
"王为使持节","0","3","3"
"束道大行台","0","3","3"
"都为仪同三","0","3","3"
"封为沛郡王","0","3","3"
"命卫大将军","0","3","3"
"任命尚书令","0","3","3"
"兼通直散骑","0","3","3"
"部落前来投","0","3","3"
"任命齐文襄","0","3","3"
"命齐文襄王","0","3","3"
"担任使持节","0","3","3"
"封邑一万户","0","3","3"
"担任内都大","0","3","3"
"赐爵位为广","0","3","3"
"改任徐州刺","0","3","3"
"不经营家产","0","3","3"
"所以当时的","0","3","3"
"以当时的人","0","3","3"
"编出谣谚说","0","3","3"
"削除官职爵","0","3","3"
"诏令皇太子","0","3","3"
"时人称他为","0","3","3"
"为中军大都","0","3","3"
"任凉州刺史","0","3","3"
"跟随高祖向","0","3","3"
"随高祖向南","0","3","3"
"奏疏请求解","0","3","3"
"疏请求解除","0","3","3"
"用来充实军","0","3","3"
"命令有关官","0","3","3"
"骑兵十万人","0","3","3"
"率领骑兵追","0","3","3"
"担任外都大","0","3","3"
"上奏疏执意","0","3","3"
"奏疏执意推","0","3","3"
"有志向节操","0","3","3"
"在州中贪婪","0","3","3"
"为秦州刺史","0","3","3"
"为镇南大将","0","3","3"
"各军讨伐他","0","3","3"
"后来授任征","0","3","3"
"本来的爵位","0","3","3"
"谧号为灵王","0","3","3"
"的第五个儿","0","3","3"
"为高祖所赏","0","3","3"
"命左右的人","0","3","3"
"为征东大将","0","3","3"
"继承爵位．","0","3","3"
"当时的人都","0","3","3"
"的忠诚正直","0","3","3"
"十分有声望","0","3","3"
"任恒州刺史","0","3","3"
"夺取任凭心","0","3","3"
"任尚书省长","0","3","3"
"清明的时代","0","3","3"
"是国家的大","0","3","3"
"阳王元雍等","0","3","3"
"任青州刺史","0","3","3"
"谧号为文贞","0","3","3"
"四个儿子元","0","3","3"
"齐国接受禅","0","3","3"
"国接受禅让","0","3","3"
"和龙镇都大","0","3","3"
"为都督中外","0","3","3"
"理民众诉讼","0","3","3"
"军讨伐平定","0","3","3"
"任本号将军","0","3","3"
"的有一千多","0","3","3"
"有一千多人","0","3","3"
"加授元澄为","0","3","3"
"授任元澄为","0","3","3"
"各谈自己的","0","3","3"
"自己的志向","0","3","3"
"以为怎么样","0","3","3"
"又兼任尚书","0","3","3"
"派遣任城王","0","3","3"
"皇帝将亲自","0","3","3"
"商议这件事","0","3","3"
"平定长江以","0","3","3"
"这不是所谓","0","3","3"
"帝回到洛阳","0","3","3"
"出纳王命的","0","3","3"
"是国家大事","0","3","3"
"远大的谋略","0","3","3"
"并州肆州的","0","3","3"
"州肆州的军","0","3","3"
"肆州的军队","0","3","3"
"的所作所为","0","3","3"
"上奏疏报告","0","3","3"
"可以说是国","0","3","3"
"以说是国家","0","3","3"
"没有一个人","0","3","3"
"对左右的人","0","3","3"
"祖前往邺城","0","3","3"
"国家的根本","0","3","3"
"元澄为尚书","0","3","3"
"跟随皇帝向","0","3","3"
"随皇帝向南","0","3","3"
"出任平西将","0","3","3"
"他为安束将","0","3","3"
"他为安西将","0","3","3"
"攻打萧衍的","0","3","3"
"到淮水以南","0","3","3"
"击赶走了他","0","3","3"
"世宗不准许","0","3","3"
"有关官员奏","0","3","3"
"的州牧郡守","0","3","3"
"百官普升一","0","3","3"
"官普升一级","0","3","3"
"不超过三天","0","3","3"
"理民众的官","0","3","3"
"臣下愚蠢的","0","3","3"
"民众的性命","0","3","3"
"事情出于不","0","3","3"
"情出于不得","0","3","3"
"没有听从他","0","3","3"
"有听从他的","0","3","3"
"监察料理丧","0","3","3"
"认为他很奇","0","3","3"
"为他很奇特","0","3","3"
"到郊外迎接","0","3","3"
"等到灵太后","0","3","3"
"元叉的妻子","0","3","3"
"前往讨伐他","0","3","3"
"是天子的儿","0","3","3"
"天子的儿子","0","3","3"
"前往朝廷请","0","3","3"
"往朝廷请求","0","3","3"
"赠他为都督","0","3","3"
"都过早去世","0","3","3"
"任平束将军","0","3","3"
"刺史杨公则","0","3","3"
"率领部众二","0","3","3"
"领部众二万","0","3","3"
"兵士三千人","0","3","3"
"李叔仁等人","0","3","3"
"将领姜庆真","0","3","3"
"率领兵士一","0","3","3"
"追赠车骑将","0","3","3"
"任他为员外","0","3","3"
"他为员外散","0","3","3"
"领护西域校","0","3","3"
"征入任内都","0","3","3"
"以保全性命","0","3","3"
"高祖亲自前","0","3","3"
"高祖在华林","0","3","3"
"在华林都亭","0","3","3"
"派遣黄门郎","0","3","3"
"率领部众在","0","3","3"
"率领骑兵一","0","3","3"
"率领三千多","0","3","3"
"截断他的退","0","3","3"
"断他的退路","0","3","3"
"将领陈显达","0","3","3"
"代行扬州事","0","3","3"
"行扬州事务","0","3","3"
"步兵骑兵三","0","3","3"
"因军功被任","0","3","3"
"军功被任命","0","3","3"
"令元英为使","0","3","3"
"元英为使持","0","3","3"
"英为使持节","0","3","3"
"衍的司州刺","0","3","3"
"的骁骑将军","0","3","3"
"万人前来救","0","3","3"
"率领一万人","0","3","3"
"衍的将领马","0","3","3"
"的将领马仙","0","3","3"
"封邑一千户","0","3","3"
"的将领二十","0","3","3"
"领二十五人","0","3","3"
"首五千多级","0","3","3"
"接连打败贼","0","3","3"
"派遣使者送","0","3","3"
"授任为使持","0","3","3"
"希望陛下不","0","3","3"
"望陛下不要","0","3","3"
"了他们的部","0","3","3"
"统领各军攻","0","3","3"
"领各军攻打","0","3","3"
"李元履放弃","0","3","3"
"擒获萧衍的","0","3","3"
"出仕为秘书","0","3","3"
"仕为秘书郎","0","3","3"
"兼将作大匠","0","3","3"
"任相州刺史","0","3","3"
"美好的德行","0","3","3"
"有什么可说","0","3","3"
"授任他为征","0","3","3"
"他为征虏将","0","3","3"
"员外郎逐渐","0","3","3"
"外郎逐渐升","0","3","3"
"王萧综镇守","0","3","3"
"萧综镇守徐","0","3","3"
"综镇守徐州","0","3","3"
"任命为车骑","0","3","3"
"命为车骑大","0","3","3"
"升任骠骑大","0","3","3"
"没有其他的","0","3","3"
"任司徒祭酒","0","3","3"
"尔朱荣的妻","0","3","3"
"朱荣的妻子","0","3","3"
"追赠骠骑大","0","3","3"
"出仕为员外","0","3","3"
"改任使持节","0","3","3"
"升任通直散","0","3","3"
"事获罪被赐","0","3","3"
"皇帝向南讨","0","3","3"
"帝向南讨伐","0","3","3"
"授任他为使","0","3","3"
"任他为使持","0","3","3"
"授任为散骑","0","3","3"
"任为散骑常","0","3","3"
"任命为安西","0","3","3"
"命为安西将","0","3","3"
"因参与谋划","0","3","3"
"谋划的功劳","0","3","3"
"任安束将军","0","3","3"
"授任征虏将","0","3","3"
"祖大发脾气","0","3","3"
"二十三年去","0","3","3"
"十三年去世","0","3","3"
"到世宗逝世","0","3","3"
"都督去讨伐","0","3","3"
"加授前后部","0","3","3"
"是尔朱荣的","0","3","3"
"领护束夷校","0","3","3"
"护束夷校尉","0","3","3"
"担任通直散","0","3","3"
"安定王元休","0","3","3"
"担任中都大","0","3","3"
"高祖亲自在","0","3","3"
"被任命为员","0","3","3"
"任命为员外","0","3","3"
"调任给事中","0","3","3"
"担任直合将","0","3","3"
"担任员外散","0","3","3"
"担任征虏将","0","3","3"
"担任羽林监","0","3","3"
"食邑一百户","0","3","3"
"代理州中事","0","3","3"
"理州中事务","0","3","3"
"为太学博士","0","3","3"
"的法曹参军","0","3","3"
"任他为车骑","0","3","3"
"并州刺史高","0","3","3"
"蠕主阿那环","0","3","3"
"仪同三司之","0","3","3"
"兼任黄门侍","0","3","3"
"任司空行参","0","3","3"
"告诉别人说","0","3","3"
"病坚决推辞","0","3","3"
"等到高祖逝","0","3","3"
"到高祖逝世","0","3","3"
"世宗即位之","0","3","3"
"宗即位之后","0","3","3"
"帝下诏同意","0","3","3"
"年六十七岁","0","3","3"
"授平东将军","0","3","3"
"识渊博的人","0","3","3"
"任著作佐郎","0","3","3"
"仆射高隆之","0","3","3"
"的学识渊博","0","3","3"
"任慕容宝的","0","3","3"
"年七十五岁","0","3","3"
"年三十二岁","0","3","3"
"对他的儿子","0","3","3"
"他的儿子说","0","3","3"
"皇帝下诏令","0","3","3"
"定其谥号为","0","3","3"
"以表彰他的","0","3","3"
"元禧等人说","0","3","3"
"文明太后也","0","3","3"
"高祖亲自为","0","3","3"
"祖亲自为他","0","3","3"
"李冲的女儿","0","3","3"
"亲自处理政","0","3","3"
"自处理政事","0","3","3"
"到长江以南","0","3","3"
"全部杀了他","0","3","3"
"部杀了他们","0","3","3"
"各色丝织品","0","3","3"
"等到皇帝向","0","3","3"
"到皇帝向南","0","3","3"
"二十三年逝","0","3","3"
"十三年逝世","0","3","3"
"授任通直散","0","3","3"
"任大司农卿","0","3","3"
"是灵太后的","0","3","3"
"光四年逝世","0","3","3"
"他为平南将","0","3","3"
"任命他为车","0","3","3"
"命他为车骑","0","3","3"
"任太子太保","0","3","3"
"皇帝的弟弟","0","3","3"
"任显要职位","0","3","3"
"后来诏令元","0","3","3"
"家人的礼节","0","3","3"
"无固定职事","0","3","3"
"固定职事的","0","3","3"
"守卫宫廷的","0","3","3"
"这不是用来","0","3","3"
"就这事询问","0","3","3"
"兼录尚书事","0","3","3"
"另外的房屋","0","3","3"
"这时萧衍派","0","3","3"
"时萧衍派遣","0","3","3"
"任光禄少卿","0","3","3"
"仕为通直郎","0","3","3"
"任命为光禄","0","3","3"
"命为光禄大","0","3","3"
"目无君主的","0","3","3"
"南面的第宅","0","3","3"
"都被赐令自","0","3","3"
"的母亲妻子","0","3","3"
"授任尚书右","0","3","3"
"军队国家事","0","3","3"
"队国家事务","0","3","3"
"大概是上天","0","3","3"
"又授任侍中","0","3","3"
"高祖向南讨","0","3","3"
"高祖又下诏","0","3","3"
"祖又下诏说","0","3","3"
"有不可预测","0","3","3"
"不可预测的","0","3","3"
"坐乘的小车","0","3","3"
"没有人知道","0","3","3"
"增加食邑八","0","3","3"
"加食邑八百","0","3","3"
"率领部众出","0","3","3"
"命令各将领","0","3","3"
"的儿子于忠","0","3","3"
"出任定州刺","0","3","3"
"就不是这样","0","3","3"
"的朝廷官员","0","3","3"
"后部仪仗鼓","0","3","3"
"部仪仗鼓吹","0","3","3"
"为文穆皇帝","0","3","3"
"为文穆皇后","0","3","3"
"将领侵犯边","0","3","3"
"领侵犯边境","0","3","3"
"孝庄帝即位","0","3","3"
"给他取名叫","0","3","3"
"大沙漠之北","0","3","3"
"穿过大沙漠","0","3","3"
"过了一个多","0","3","3"
"魏人所说的","0","3","3"
"来侵犯边塞","0","3","3"
"为越骑校尉","0","3","3"
"的女儿为妻","0","3","3"
"率领骑兵包","0","3","3"
"听从崔浩的","0","3","3"
"大沙漠之南","0","3","3"
"射安原等人","0","3","3"
"等人前往征","0","3","3"
"派使者向朝","0","3","3"
"使者向朝廷","0","3","3"
"给他们衣服","0","3","3"
"又派使者前","0","3","3"
"人前来朝贡","0","3","3"
"督率十五员","0","3","3"
"率十五员大","0","3","3"
"五员大将出","0","3","3"
"向朝廷请求","0","3","3"
"等前来朝贡","0","3","3"
"公以下的人","0","3","3"
"以下的官员","0","3","3"
"前来投奔大","0","3","3"
"来投奔大魏","0","3","3"
"为这样做不","0","3","3"
"张并配有箭","0","3","3"
"前来投奔朝","0","3","3"
"朝廷上表说","0","3","3"
"迎接阿那瑰","0","3","3"
"依照先前的","0","3","3"
"们自己决定","0","3","3"
"宗准许了他","0","3","3"
"率十万骑兵","0","3","3"
"下达诏书说","0","3","3"
"是由于这个","0","3","3"
"多里的地方","0","3","3"
"亲自统率六","0","3","3"
"自统率六军","0","3","3"
"人大为惊惧","0","3","3"
"数量的粮食","0","3","3"
"皇帝的宠幸","0","3","3"
"有一千多里","0","3","3"
"新近归附的","0","3","3"
"把他们全部","0","3","3"
"元继为都督","0","3","3"
"太和十四年","0","3","3"
"令员外散骑","0","3","3"
"征伐高车部","0","3","3"
"临时驻扎在","0","3","3"
"各种土特产","0","3","3"
"受到世人的","0","3","3"
"大家都认为","0","3","3"
"请求回到京","0","3","3"
"任前军将军","0","3","3"
"闲暇的时候","0","3","3"
"告诫他的两","0","3","3"
"诫他的两个","0","3","3"
"朝廷授予他","0","3","3"
"献武王坚决","0","3","3"
"兼任通直散","0","3","3"
"是什么原因","0","3","3"
"写了一封信","0","3","3"
"到了太和十","0","3","3"
"奏皇帝请求","0","3","3"
"是神元皇帝","0","3","3"
"神元皇帝的","0","3","3"
"祖平定中原","0","3","3"
"率领精锐的","0","3","3"
"领精锐的骑","0","3","3"
"的第四个儿","0","3","3"
"依条例降爵","0","3","3"
"留下来镇守","0","3","3"
"代行州中事","0","3","3"
"行州中事务","0","3","3"
"母亲去世回","0","3","3"
"在门下外省","0","3","3"
"王举行丧事","0","3","3"
"从那时到现","0","3","3"
"那时到现在","0","3","3"
"到尚书郎中","0","3","3"
"后来任尚书","0","3","3"
"能干的名声","0","3","3"
"为河间太守","0","3","3"
"黄河以南的","0","3","3"
"畏惧厌恶他","0","3","3"
"担任尚书令","0","3","3"
"任河间太守","0","3","3"
"他为羽林中","0","3","3"
"为羽林中郎","0","3","3"
"文明太后为","0","3","3"
"领文武百官","0","3","3"
"以为不可以","0","3","3"
"迁到黄河以","0","3","3"
"世祖喜爱他","0","3","3"
"讨伐秃发保","0","3","3"
"伐秃发保周","0","3","3"
"被任命为内","0","3","3"
"任命为内都","0","3","3"
"命为内都大","0","3","3"
"在身边侍奉","0","3","3"
"遣他的弟弟","0","3","3"
"垂派遣他的","0","3","3"
"被追赠为镇","0","3","3"
"任命他为秘","0","3","3"
"命他为秘书","0","3","3"
"不经营产业","0","3","3"
"去世后被追","0","3","3"
"世后被追赠","0","3","3"
"后被追赠为","0","3","3"
"慕容垂消灭","0","3","3"
"史司马休之","0","3","3"
"司马休之等","0","3","3"
"的妻子张氏","0","3","3"
"逐渐升任散","0","3","3"
"渐升任散骑","0","3","3"
"朝廷的命令","0","3","3"
"慕容宝失败","0","3","3"
"晋爵位为侯","0","3","3"
"任勃海太守","0","3","3"
"任命为中书","0","3","3"
"国家的功劳","0","3","3"
"初入仕途任","0","3","3"
"逐渐升任尚","0","3","3"
"渐升任尚书","0","3","3"
"有关部门上","0","3","3"
"关部门上奏","0","3","3"
"作为永久的","0","3","3"
"是治理国家","0","3","3"
"二十岁左右","0","3","3"
"追赠为散骑","0","3","3"
"太祖见到他","0","3","3"
"出任并州刺","0","3","3"
"天安初年去","0","3","3"
"安初年去世","0","3","3"
"时的人因此","0","3","3"
"进升官号为","0","3","3"
"慕容永灭亡","0","3","3"
"慕容宝的军","0","3","3"
"宗做太子时","0","3","3"
"被追赠为征","0","3","3"
"祖因他是功","0","3","3"
"因他是功臣","0","3","3"
"他是功臣的","0","3","3"
"为尚书左丞","0","3","3"
"被追赠为平","0","3","3"
"追赠为平东","0","3","3"
"谧号为文恭","0","3","3"
"是功臣的儿","0","3","3"
"什么地方不","0","3","3"
"任光州刺史","0","3","3"
"拉弓的力量","0","3","3"
"随从征伐赫","0","3","3"
"从征伐赫连","0","3","3"
"十五岁以上","0","3","3"
"五岁以上的","0","3","3"
"亲临他的丧","0","3","3"
"任秘书中散","0","3","3"
"陵王元羽的","0","3","3"
"大败刘义隆","0","3","3"
"败刘义隆的","0","3","3"
"世祖平定赫","0","3","3"
"祖平定赫连","0","3","3"
"加授左将军","0","3","3"
"高祖与文明","0","3","3"
"祖与文明太","0","3","3"
"与文明太后","0","3","3"
"依照惯例降","0","3","3"
"才开始更新","0","3","3"
"不是我所知","0","3","3"
"是我所知道","0","3","3"
"我所知道的","0","3","3"
"任谒者仆射","0","3","3"
"次出使符合","0","3","3"
"任命李先为","0","3","3"
"诏令有关部","0","3","3"
"的骠骑大将","0","3","3"
"辽西王慕容","0","3","3"
"西王慕容农","0","3","3"
"任昌黎太守","0","3","3"
"刚刚归附的","0","3","3"
"任本州大中","0","3","3"
"爵的身份回","0","3","3"
"公主的称号","0","3","3"
"到京师朝见","0","3","3"
"任京兆王元","0","3","3"
"兆王元愉的","0","3","3"
"任司徒谘议","0","3","3"
"正光年间去","0","3","3"
"有关部门奏","0","3","3"
"关部门奏请","0","3","3"
"兴元年去世","0","3","3"
"有权势的人","0","3","3"
"不是长久之","0","3","3"
"指甲和头发","0","3","3"
"宗采纳了他","0","3","3"
"纳了他的建","0","3","3"
"为相州刺史","0","3","3"
"蠕蠕的大檀","0","3","3"
"南部各镇将","0","3","3"
"司马楚之等","0","3","3"
"的残余势力","0","3","3"
"祖听从了他","0","3","3"
"世祖将要讨","0","3","3"
"等三十多人","0","3","3"
"祖于是命令","0","3","3"
"秃发亻辱檀","0","3","3"
"世祖征讨凉","0","3","3"
"各种牲畜十","0","3","3"
"任为殿中尚","0","3","3"
"是因为他们","0","3","3"
"高宗对群臣","0","3","3"
"上表请求派","0","3","3"
"被征召回朝","0","3","3"
"打算把皇位","0","3","3"
"又向朝廷上","0","3","3"
"而辞去官职","0","3","3"
"年七十三岁","0","3","3"
"承袭父亲的","0","3","3"
"袭父亲的爵","0","3","3"
"品以上的官","0","3","3"
"皇后的父亲","0","3","3"
"去他的官职","0","3","3"
"终年六十三","0","3","3"
"追赠他为司","0","3","3"
"的黄门侍郎","0","3","3"
"帝令源子恭","0","3","3"
"授任源子恭","0","3","3"
"任源子恭为","0","3","3"
"部众三万人","0","3","3"
"兼任尚书仆","0","3","3"
"任齐献武王","0","3","3"
"年轻时擅长","0","3","3"
"也不过如此","0","3","3"
"追赠他的父","0","3","3"
"赠他的父亲","0","3","3"
"追赠为太尉","0","3","3"
"接受他的意","0","3","3"
"受他的意见","0","3","3"
"命他为中书","0","3","3"
"从征讨赫连","0","3","3"
"从征讨平凉","0","3","3"
"安二年去世","0","3","3"
"几十名骑兵","0","3","3"
"被授予驸马","0","3","3"
"授予驸马都","0","3","3"
"予驸马都尉","0","3","3"
"纥奚部头领","0","3","3"
"率领部众归","0","3","3"
"最小的弟弟","0","3","3"
"司马睿在江","0","3","3"
"马睿在江南","0","3","3"
"任司马德宗","0","3","3"
"为荆州刺史","0","3","3"
"给司马德宗","0","3","3"
"陈述自己的","0","3","3"
"还没有到达","0","3","3"
"带着妻子儿","0","3","3"
"着妻子儿女","0","3","3"
"人反叛朝廷","0","3","3"
"司马文思为","0","3","3"
"使者请求归","0","3","3"
"命司马楚之","0","3","3"
"敌一万多人","0","3","3"
"任为冀州刺","0","3","3"
"到黄河以北","0","3","3"
"的两个叔父","0","3","3"
"任命他为太","0","3","3"
"行宫朝见皇","0","3","3"
"等十余名将","0","3","3"
"一起讨论此","0","3","3"
"起讨论此事","0","3","3"
"给命服一套","0","3","3"
"泛涉猎经史","0","3","3"
"崔浩的弟弟","0","3","3"
"升任前将军","0","3","3"
"的军队到达","0","3","3"
"有什么办法","0","3","3"
"州平定以后","0","3","3"
"谧号为宣王","0","3","3"
"复原来的爵","0","3","3"
"原来的爵位","0","3","3"
"派遣他的豫","0","3","3"
"遣他的豫章","0","3","3"
"他的豫章王","0","3","3"
"的豫章王萧","0","3","3"
"后来因事获","0","3","3"
"来因事获罪","0","3","3"
"历任显要官","0","3","3"
"任乐陵太守","0","3","3"
"加授辅国将","0","3","3"
"年五十七岁","0","3","3"
"将军一职照","0","3","3"
"军一职照旧","0","3","3"
"追赠为骠骑","0","3","3"
"赠为骠骑大","0","3","3"
"为中垒将军","0","3","3"
"年轻时因父","0","3","3"
"轻时因父亲","0","3","3"
"时因父亲的","0","3","3"
"多不奉行法","0","3","3"
"征召到京城","0","3","3"
"政事以贿赂","0","3","3"
"事以贿赂而","0","3","3"
"他的首级传","0","3","3"
"的首级传送","0","3","3"
"帝进入函谷","0","3","3"
"文明太后把","0","3","3"
"皇后的妹妹","0","3","3"
"没有什么不","0","3","3"
"都安居乐业","0","3","3"
"都流传于世","0","3","3"
"以下官员都","0","3","3"
"祖采纳了他","0","3","3"
"年四十八岁","0","3","3"
"的女儿嫁给","0","3","3"
"当时人们都","0","3","3"
"在东宫任事","0","3","3"
"皇帝对他的","0","3","3"
"文武百官都","0","3","3"
"的文武百官","0","3","3"
"自己的过失","0","3","3"
"世宗的宠幸","0","3","3"
"为奉车都尉","0","3","3"
"恒州大中正","0","3","3"
"女儿嫁给了","0","3","3"
"的典章制度","0","3","3"
"牧犍的母亲","0","3","3"
"的儿子沮渠","0","3","3"
"一万多人在","0","3","3"
"万多人在城","0","3","3"
"多人在城南","0","3","3"
"对他非常宠","0","3","3"
"授任刘渊为","0","3","3"
"为建武将军","0","3","3"
"设置文武百","0","3","3"
"置文武百官","0","3","3"
"没有人能够","0","3","3"
"沉溺于酒色","0","3","3"
"让他的太子","0","3","3"
"愤怒地斥责","0","3","3"
"分为三个等","0","3","3"
"为三个等级","0","3","3"
"又派遣使者","0","3","3"
"觚出使慕容","0","3","3"
"到达参合陂","0","3","3"
"率领数百名","0","3","3"
"领数百名骑","0","3","3"
"掌管膳食的","0","3","3"
"领数千骑兵","0","3","3"
"率精锐骑兵","0","3","3"
"一部分军队","0","3","3"
"姚兴的殿堂","0","3","3"
"为中军大将","0","3","3"
"司马德宗即","0","3","3"
"马德宗即位","0","3","3"
"为当时人所","0","3","3"
"司马德宗授","0","3","3"
"与司马德宗","0","3","3"
"领兵二千人","0","3","3"
"了司马德宗","0","3","3"
"当时的人们","0","3","3"
"在宫禁之内","0","3","3"
"他的散骑常","0","3","3"
"拓跋丕等人","0","3","3"
"像这样持续","0","3","3"
"这样持续了","0","3","3"
"太和十二年","0","3","3"
"逃走得以幸","0","3","3"
"走得以幸免","0","3","3"
"萧衍又派他","0","3","3"
"衍又派他的","0","3","3"
"城王元澄派","0","3","3"
"了他的龙骧","0","3","3"
"斩杀一千多","0","3","3"
"刺史陈伯之","0","3","3"
"派统军王足","0","3","3"
"大败萧衍部","0","3","3"
"他的部将王","0","3","3"
"占据州城反","0","3","3"
"据州城反叛","0","3","3"
"到萧衍那里","0","3","3"
"打败并擒获","0","3","3"
"王万寿等人","0","3","3"
"归附于朝廷","0","3","3"
"琅笽戍主傅","0","3","3"
"笽戍主傅文","0","3","3"
"投降了萧衍","0","3","3"
"级传送到京","0","3","3"
"萧宝夤率领","0","3","3"
"儿子傅敬绍","0","3","3"
"台魏子建派","0","3","3"
"俘虏斩杀敌","0","3","3"
"改年号为大","0","3","3"
"人不可胜数","0","3","3"
"已无计可施","0","3","3"
"萧衍的儿子","0","3","3"
"任司马元显","0","3","3"
"的军队全部","0","3","3"
"司马德宗所","0","3","3"
"马德宗所属","0","3","3"
"文武官员的","0","3","3"
"伐吐谷浑慕","0","3","3"
"后大为高兴","0","3","3"
"率领军队攻","0","3","3"
"领军队攻打","0","3","3"
"上奏疏规劝","0","3","3"
"奏疏规劝说","0","3","3"
"伯父的名称","0","3","3"
"哥哥彭城王","0","3","3"
"利用这个时","0","3","3"
"用这个时机","0","3","3"
"年轻时沉稳","0","3","3"
"授任仪同三","0","3","3"
"人认为他很","0","3","3"
"认为他很荣","0","3","3"
"为他很荣耀","0","3","3"
"以贿赂而成","0","3","3"
"投降的人户","0","3","3"
"是为什么呢","0","3","3"
"有什么关系","0","3","3"
"和左右的人","0","3","3"
"的人畏惧他","0","3","3"
"击退了他们","0","3","3"
"击退了敌人","0","3","3"
"肃宗在西林","0","3","3"
"宗在西林园","0","3","3"
"于是任命他","0","3","3"
"是任命他为","0","3","3"
"裴叔业以寿","0","3","3"
"叔业以寿春","0","3","3"
"隶属于都督","0","3","3"
"萧宝夤一起","0","3","3"
"以本将军出","0","3","3"
"本将军出任","0","3","3"
"帝下诏让崔","0","3","3"
"是你的罪过","0","3","3"
"祖大为高兴","0","3","3"
"接纳了他的","0","3","3"
"服母丧去职","0","3","3"
"有益于国家","0","3","3"
"授平西将军","0","3","3"
"宇文黑獭杀","0","3","3"
"文黑獭杀害","0","3","3"
"这是为什么","0","3","3"
"萧衍派将领","0","3","3"
"尔朱兆与尔","0","3","3"
"朱兆与尔朱","0","3","3"
"为天柱大将","0","3","3"
"与尔朱仲远","0","3","3"
"朱世隆兄弟","0","3","3"
"与尔朱天光","0","3","3"
"献武王在韩","0","3","3"
"武王在韩陵","0","3","3"
"齐献武王从","0","3","3"
"弟尔朱世隆","0","3","3"
"他为仪同三","0","3","3"
"镇守虎牢关","0","3","3"
"尔朱世隆的","0","3","3"
"等到齐献武","0","3","3"
"信了他的话","0","3","3"
"年三十三岁","0","3","3"
"尔朱天光与","0","3","3"
"不久尔朱荣","0","3","3"
"侯莫陈悦等","0","3","3"
"步兵一万多","0","3","3"
"天光派贺拔","0","3","3"
"光派贺拔岳","0","3","3"
"天光与贺拔","0","3","3"
"光与贺拔岳","0","3","3"
"到天光那里","0","3","3"
"听说尔朱荣","0","3","3"
"擒获后送到","0","3","3"
"谥称文贞公","0","3","3"
"任肆州刺史","0","3","3"
"朝廷追赠为","0","3","3"
"朝廷又命他","0","3","3"
"廷又命他为","0","3","3"
"于是尔朱荣","0","3","3"
"朱天光等人","0","3","3"
"兼任尚书令","0","3","3"
"认为不能这","0","3","3"
"骑兵五千人","0","3","3"
"人共同处理","0","3","3"
"与咸阳王元","0","3","3"
"被免去官职","0","3","3"
"为宣威将军","0","3","3"
"为行台郎中","0","3","3"
"到皇帝面前","0","3","3"
"荣引荐他为","0","3","3"
"正逢尔朱兆","0","3","3"
"朝廷拜他为","0","3","3"
"追赠他为安","0","3","3"
"很优厚地对","0","3","3"
"斛斯椿等人","0","3","3"
"领自己的部","0","3","3"
"汝阳王元暹","0","3","3"
"自己所了解","0","3","3"
"己所了解的","0","3","3"
"授他为龙骧","0","3","3"
"他为龙骧将","0","3","3"
"元皇帝拓跋","0","3","3"
"帝拓跋力微","0","3","3"
"是拓跋力微","0","3","3"
"定襄的盛乐","0","3","3"
"拓跋力微的","0","3","3"
"帝拓跋沙漠","0","3","3"
"将女儿嫁给","0","3","3"
"帝拓跋禄官","0","3","3"
"各少数民族","0","3","3"
"嫁给他为妻","0","3","3"
"称国号为大","0","3","3"
"派使臣前来","0","3","3"
"晋元帝司马","0","3","3"
"元帝司马睿","0","3","3"
"平文帝拓跋","0","3","3"
"文帝拓跋郁","0","3","3"
"炀帝拓跋纥","0","3","3"
"烈帝拓跋翳","0","3","3"
"帝拓跋什翼","0","3","3"
"从太后的意","0","3","3"
"容元真派使","0","3","3"
"昭成帝返回","0","3","3"
"成帝返回云","0","3","3"
"昭成帝应允","0","3","3"
"于是命令各","0","3","3"
"军前往征讨","0","3","3"
"封为长乐王","0","3","3"
"从现在开始","0","3","3"
"封皇叔拓跋","0","3","3"
"出使到刘昱","0","3","3"
"使到刘昱处","0","3","3"
"夏四月初二","0","3","3"
"四月初二日","0","3","3"
"八月初五日","0","3","3"
"下诏派使者","0","3","3"
"十一月初五","0","3","3"
"不能养活自","0","3","3"
"能养活自己","0","3","3"
"养活自己的","0","3","3"
"有一个儿子","0","3","3"
"十二月初八","0","3","3"
"粟特国派使","0","3","3"
"特国派使者","0","3","3"
"三月十六日","0","3","3"
"六月十六日","0","3","3"
"各派使者来","0","3","3"
"吐谷浑派使","0","3","3"
"谷浑派使者","0","3","3"
"高丽国派来","0","3","3"
"丽国派来使","0","3","3"
"后送到京城","0","3","3"
"九月十一日","0","3","3"
"十二月初六","0","3","3"
"二月初六日","0","3","3"
"同派来使者","0","3","3"
"秋七月十七","0","3","3"
"有关官员要","0","3","3"
"晋爵位为王","0","3","3"
"三月十七日","0","3","3"
"刘准派来使","0","3","3"
"准派来使者","0","3","3"
"命安定王拓","0","3","3"
"王拓跋休为","0","3","3"
"二月初九日","0","3","3"
"百姓的疾苦","0","3","3"
"秋七月二十","0","3","3"
"九月十二日","0","3","3"
"二月二十日","0","3","3"
"六合殿建成","0","3","3"
"五月十六日","0","3","3"
"不能自己养","0","3","3"
"能自己养活","0","3","3"
"的人不同数","0","3","3"
"人不同数量","0","3","3"
"不同数量的","0","3","3"
"征讨平定了","0","3","3"
"假梁郡王拓","0","3","3"
"梁郡王拓跋","0","3","3"
"郡王拓跋嘉","0","3","3"
"到武州山石","0","3","3"
"冬十月十五","0","3","3"
"十月十五日","0","3","3"
"任城王拓跋","0","3","3"
"秋七月初六","0","3","3"
"有什么益处","0","3","3"
"孤独不能自","0","3","3"
"他们的罪过","0","3","3"
"外郎兰英出","0","3","3"
"郎兰英出使","0","3","3"
"九月二十八","0","3","3"
"冬十月十三","0","3","3"
"十月十三日","0","3","3"
"一月二十六","0","3","3"
"被封为王的","0","3","3"
"淮南王拓跋","0","3","3"
"南王拓跋他","0","3","3"
"进犯北魏边","0","3","3"
"二月十三日","0","3","3"
"蠕蠕国派遣","0","3","3"
"蠕国派遣使","0","3","3"
"前往灵泉池","0","3","3"
"文帝驾临方","0","3","3"
"帝驾临方山","0","3","3"
"孝文帝再次","0","3","3"
"的各级官员","0","3","3"
"孝文帝起驾","0","3","3"
"文帝起驾回","0","3","3"
"帝起驾回宫","0","3","3"
"十月十九日","0","3","3"
"九月十八日","0","3","3"
"太和十三年","0","3","3"
"孝文帝与群","0","3","3"
"文帝与群臣","0","3","3"
"被削去封爵","0","3","3"
"阴平国派使","0","3","3"
"十二月七日","0","3","3"
"太后的遗旨","0","3","3"
"济阴王拓跋","0","3","3"
"孝文帝在太","0","3","3"
"殿大宴文武","0","3","3"
"上的老人赐","0","3","3"
"的老人赐给","0","3","3"
"老人赐给爵","0","3","3"
"人赐给爵位","0","3","3"
"迁都洛阳的","0","3","3"
"优厚的待遇","0","3","3"
"太和十八年","0","3","3"
"名誉县令的","0","3","3"
"誉县令的官","0","3","3"
"县令的官衔","0","3","3"
"子拓跋恂在","0","3","3"
"年纪在八十","0","3","3"
"纪在八十岁","0","3","3"
"在八十岁以","0","3","3"
"五品以上的","0","3","3"
"文武等科目","0","3","3"
"武等科目的","0","3","3"
"等科目的应","0","3","3"
"科目的应征","0","3","3"
"目的应征者","0","3","3"
"十二月一日","0","3","3"
"的封地减去","0","3","3"
"齐明帝萧鸾","0","3","3"
"孝文帝下令","0","3","3"
"步的距离内","0","3","3"
"授予名誉郡","0","3","3"
"予名誉郡守","0","3","3"
"进入战备状","0","3","3"
"入战备状态","0","3","3"
"文帝驾临华","0","3","3"
"帝驾临华林","0","3","3"
"驾临华林园","0","3","3"
"皇帝的陵墓","0","3","3"
"文帝派使者","0","3","3"
"十一月十一","0","3","3"
"一月十一日","0","3","3"
"王的儿子元","0","3","3"
"举行盛大的","0","3","3"
"宇文福率领","0","3","3"
"齐郡王元简","0","3","3"
"王元勰为司","0","3","3"
"皇帝从北伐","0","3","3"
"帝从北伐前","0","3","3"
"从北伐前线","0","3","3"
"率领军队前","0","3","3"
"问他们的疾","0","3","3"
"他们的疾苦","0","3","3"
"使者前来聘","0","3","3"
"者前来聘问","0","3","3"
"赏赐王公以","0","3","3"
"王公以下直","0","3","3"
"出战马一匹","0","3","3"
"分派使者巡","0","3","3"
"派使者巡视","0","3","3"
"等人率领三","0","3","3"
"人率领三千","0","3","3"
"人讨伐平定","0","3","3"
"吐京叛变的","0","3","3"
"京叛变的胡","0","3","3"
"叛变的胡人","0","3","3"
"在西宫大宴","0","3","3"
"西宫大宴群","0","3","3"
"宫大宴群臣","0","3","3"
"皇帝答应了","0","3","3"
"郡守县令的","0","3","3"
"二千多家归","0","3","3"
"一半的田租","0","3","3"
"免除所经过","0","3","3"
"他送到京城","0","3","3"
"派遣使者归","0","3","3"
"遣使者归附","0","3","3"
"投降的有二","0","3","3"
"皇帝向东巡","0","3","3"
"帝向东巡视","0","3","3"
"一年的租赋","0","3","3"
"免除一年的","0","3","3"
"赏赐随从者","0","3","3"
"河南王元曜","0","3","3"
"皇帝车驾在","0","3","3"
"使者巡视州","0","3","3"
"叔孙建渡过","0","3","3"
"众前来投降","0","3","3"
"率领五千多","0","3","3"
"安葬在云中","0","3","3"
"葬在云中的","0","3","3"
"年正月十三","0","3","3"
"率领众将讨","0","3","3"
"领众将讨伐","0","3","3"
"高车国派使","0","3","3"
"车国派使者","0","3","3"
"九月十四日","0","3","3"
"讨伐并平定","0","3","3"
"伐并平定了","0","3","3"
"并平定了他","0","3","3"
"皇太后驾临","0","3","3"
"勿吉国贡奉","0","3","3"
"吉国贡奉眓","0","3","3"
"国贡奉眓矢","0","3","3"
"以上的赐给","0","3","3"
"南秦州氐族","0","3","3"
"为征西将军","0","3","3"
"十一月初十","0","3","3"
"季正月初十","0","3","3"
"一月二十二","0","3","3"
"临淮王元为","0","3","3"
"命吏部尚书","0","3","3"
"史魏子建派","0","3","3"
"魏子建派将","0","3","3"
"子建派将领","0","3","3"
"尔朱荣讨伐","0","3","3"
"折念生派都","0","3","3"
"念生派都督","0","3","3"
"萧衍又派将","0","3","3"
"衍又派将领","0","3","3"
"率军讨伐他","0","3","3"
"萧衍派其将","0","3","3"
"自审理冤案","0","3","3"
"命安西将军","0","3","3"
"帝下诏书说","0","3","3"
"季七月初十","0","3","3"
"诏命散骑常","0","3","3"
"大都督尔朱","0","3","3"
"皇帝的儿子","0","3","3"
"为南部大人","0","3","3"
"儿子贺膦率","0","3","3"
"子贺膦率领","0","3","3"
"向慕容垂征","0","3","3"
"牛羊二十多","0","3","3"
"羊二十多万","0","3","3"
"卫辰派遣儿","0","3","3"
"辰派遣儿子","0","3","3"
"派遣儿子直","0","3","3"
"秦王元觚出","0","3","3"
"王元觚出使","0","3","3"
"于是派遣使","0","3","3"
"是派遣使者","0","3","3"
"臣属多少不","0","3","3"
"属多少不等","0","3","3"
"向南渡过黄","0","3","3"
"南渡过黄河","0","3","3"
"三十多万匹","0","3","3"
"设宴招待群","0","3","3"
"前往沙漠南","0","3","3"
"迁徙他们的","0","3","3"
"慕容垂于是","0","3","3"
"派遣他的儿","0","3","3"
"遣他的儿子","0","3","3"
"从东路出兵","0","3","3"
"万骑兵充当","0","3","3"
"骑兵充当前","0","3","3"
"兵充当前锋","0","3","3"
"的冀州刺史","0","3","3"
"叱奴根等人","0","3","3"
"同意了他的","0","3","3"
"千骑兵袭击","0","3","3"
"进入外城后","0","3","3"
"入外城后返","0","3","3"
"外城后返回","0","3","3"
"领六千骑兵","0","3","3"
"传送到京城","0","3","3"
"改朝换代的","0","3","3"
"长孙肥率领","0","3","3"
"丁零人鲜于","0","3","3"
"率领三千骑","0","3","3"
"哥的儿子慕","0","3","3"
"皇帝的长子","0","3","3"
"永昌王元仁","0","3","3"
"十多个国家","0","3","3"
"国各派遣使","0","3","3"
"各派遣使者","0","3","3"
"在崞山狩猎","0","3","3"
"领三万骑兵","0","3","3"
"乐安王元良","0","3","3"
"统领黄河以","0","3","3"
"领黄河以西","0","3","3"
"刘骏派遣使","0","3","3"
"骏派遣使者","0","3","3"
"天旱的缘故","0","3","3"
"在太庙祭祀","0","3","3"
"州郡十分之","0","3","3"
"夏季四月二","0","3","3"
"季四月二十","0","3","3"
"其君主萧宝","0","3","3"
"在太极前殿","0","3","3"
"季十月初六","0","3","3"
"二月二十五","0","3","3"
"十二月初四","0","3","3"
"山打败萧衍","0","3","3"
"季四月初一","0","3","3"
"季七月初五","0","3","3"
"宗下诏让尚","0","3","3"
"打败萧衍将","0","3","3"
"公卿以下官","0","3","3"
"卿以下官员","0","3","3"
"邢峦派统军","0","3","3"
"兼任黄门郎","0","3","3"
"军前去讨伐","0","3","3"
"给皇子取名","0","3","3"
"皇子取名叫","0","3","3"
"杀了萧衍的","0","3","3"
"与日月同辉","0","3","3"
"相继归附朝","0","3","3"
"继归附朝廷","0","3","3"
"罗等国派使","0","3","3"
"季七月十五","0","3","3"
"者前来朝见","0","3","3"
"干旱的原因","0","3","3"
"契丹国都派","0","3","3"
"世宗亲临申","0","3","3"
"宗亲临申讼","0","3","3"
"亲临申讼车","0","3","3"
"亲自处理冤","0","3","3"
"高祖对彭城","0","3","3"
"祖对彭城王","0","3","3"
"皇后为皇太","0","3","3"
"后为皇太后","0","3","3"
"京兆王拓跋","0","3","3"
"祖下诏命征","0","3","3"
"被降爵为公","0","3","3"
"五月十一日","0","3","3"
"作为人君的","0","3","3"
"让天下人都","0","3","3"
"下人都知道","0","3","3"
"时在宫内侍","0","3","3"
"的都督将领","0","3","3"
"诏令内外解","0","3","3"
"令内外解除","0","3","3"
"内外解除戒","0","3","3"
"外解除戒严","0","3","3"
"大将军令朱","0","3","3"
"从北方来的","0","3","3"
"军队讨伐他","0","3","3"
"仆射尔朱世","0","3","3"
"射尔朱世隆","0","3","3"
"十岁以上板","0","3","3"
"岁以上板授","0","3","3"
"以上板授为","0","3","3"
"获一万多人","0","3","3"
"那还有什么","0","3","3"
"我以微薄的","0","3","3"
"以微薄的德","0","3","3"
"微薄的德行","0","3","3"
"皇帝前往显","0","3","3"
"王率领军队","0","3","3"
"王执意推让","0","3","3"
"民众的父母","0","3","3"
"虽然是旧国","0","3","3"
"任命司徒高","0","3","3"
"任命尚书左","0","3","3"
"散骑常侍奎","0","3","3"
"文襄王前往","0","3","3"
"吐谷浑国都","0","3","3"
"谷浑国都派","0","3","3"
"浑国都派遣","0","3","3"
"司徒高隆之","0","3","3"
"慕容绍宗为","0","3","3"
"任大鸿胪卿","0","3","3"
"全用九锡的","0","3","3"
"用九锡的礼","0","3","3"
"萧衍弟弟的","0","3","3"
"衍弟弟的儿","0","3","3"
"另外的宫室","0","3","3"
"世祖北伐归","0","3","3"
"祖北伐归来","0","3","3"
"晋升爵位为","0","3","3"
"下诏命员外","0","3","3"
"诏命员外散","0","3","3"
"命员外散骑","0","3","3"
"擒获赫连昌","0","3","3"
"率领五千骑","0","3","3"
"领五千骑兵","0","3","3"
"兵讨伐他们","0","3","3"
"被赫连昌打","0","3","3"
"赫连昌打败","0","3","3"
"祖车驾回宫","0","3","3"
"兖州刺史竺","0","3","3"
"世祖下诏征","0","3","3"
"琅笽王司马","0","3","3"
"笽王司马楚","0","3","3"
"刘义隆将领","0","3","3"
"俘获刘义隆","0","3","3"
"诏命散骑侍","0","3","3"
"命散骑侍郎","0","3","3"
"季十月初二","0","3","3"
"尚书以下官","0","3","3"
"书以下官员","0","3","3"
"下诏命兼散","0","3","3"
"诏命兼散骑","0","3","3"
"命兼散骑常","0","3","3"
"巡视黄河以","0","3","3"
"视黄河以西","0","3","3"
"诏命有关部","0","3","3"
"各国各派使","0","3","3"
"世祖巡视定","0","3","3"
"祖巡视定州","0","3","3"
"晋王拓跋伏","0","3","3"
"王拓跋伏罗","0","3","3"
"世祖向西巡","0","3","3"
"祖向西巡视","0","3","3"
"在渭水北面","0","3","3"
"诏命殿中尚","0","3","3"
"命殿中尚书","0","3","3"
"千多家迁到","0","3","3"
"送到京城斩","0","3","3"
"到京城斩首","0","3","3"
"了他的妻子","0","3","3"
"刘义隆派其","0","3","3"
"派散骑侍郎","0","3","3"
"赐爵位为长","0","3","3"
"任征西大将","0","3","3"
"以安抚他们","0","3","3"
"初来归附之","0","3","3"
"生下两个儿","0","3","3"
"下两个儿子","0","3","3"
"个女儿一起","0","3","3"
"尊崇为皇太","0","3","3"
"崇为皇太后","0","3","3"
"后来立为皇","0","3","3"
"来立为皇后","0","3","3"
"所亲近的人","0","3","3"
"到这种情况","0","3","3"
"时的舆论都","0","3","3"
"加授伏波将","0","3","3"
"授伏波将军","0","3","3"
"朱长生等人","0","3","3"
"推举为秀才","0","3","3"
"朝廷授他为","0","3","3"
"时人无不为","0","3","3"
"昭成帝末年","0","3","3"
"太祖前往贺","0","3","3"
"祖前往贺兰","0","3","3"
"皇帝用的马","0","3","3"
"跟随世祖向","0","3","3"
"封他的儿子","0","3","3"
"世祖认为他","0","3","3"
"忠诚谨慎闻","0","3","3"
"诚谨慎闻名","0","3","3"
"担任徐州刺","0","3","3"
"为尚书主客","0","3","3"
"所以当时人","0","3","3"
"是昭成帝的","0","3","3"
"仗恃宠信骄","0","3","3"
"恃宠信骄傲","0","3","3"
"宠信骄傲自","0","3","3"
"跟随世祖征","0","3","3"
"受宠信厚待","0","3","3"
"他们是必然","0","3","3"
"们是必然的","0","3","3"
"抛弃妻子儿","0","3","3"
"弃妻子儿女","0","3","3"
"年轻时善于","0","3","3"
"容白曜率军","0","3","3"
"对刘休宾说","0","3","3"
"为魏国所有","0","3","3"
"房崇吉的母","0","3","3"
"崇吉的母亲","0","3","3"
"薛安都等人","0","3","3"
"高祖令韦珍","0","3","3"
"迁任中书侍","0","3","3"
"为太中大夫","0","3","3"
"任为征虏将","0","3","3"
"朝廷任命他","0","3","3"
"廷任命他为","0","3","3"
"帝下诏让高","0","3","3"
"罗汉率领骑","0","3","3"
"袭承父亲的","0","3","3"
"对于国家来","0","3","3"
"于国家来说","0","3","3"
"知道这些情","0","3","3"
"道这些情况","0","3","3"
"被授任为太","0","3","3"
"加授安东将","0","3","3"
"为左军将军","0","3","3"
"朝廷令费穆","0","3","3"
"采纳他的意","0","3","3"
"诏令卢昶说","0","3","3"
"卢昶在朐山","0","3","3"
"被授任为中","0","3","3"
"年八十一岁","0","3","3"
"的母亲和妻","0","3","3"
"下诏让高允","0","3","3"
"谧号为简王","0","3","3"
"高祖赐予的","0","3","3"
"与著作事宜","0","3","3"
"臣愚蠢地认","0","3","3"
"愚蠢地认为","0","3","3"
"是先皇的明","0","3","3"
"世宗亲临东","0","3","3"
"宗亲临东堂","0","3","3"
"任司徒左长","0","3","3"
"更加器重他","0","3","3"
"拜他为中书","0","3","3"
"兼任员外散","0","3","3"
"个可图取的","0","3","3"
"可图取的理","0","3","3"
"图取的理由","0","3","3"
"邢峦为使持","0","3","3"
"峦为使持节","0","3","3"
"当时人都很","0","3","3"
"李平以本官","0","3","3"
"予东园秘器","0","3","3"
"被举为秀才","0","3","3"
"郭祚启奏说","0","3","3"
"任建武将军","0","3","3"
"百姓纷纷归","0","3","3"
"并不是为了","0","3","3"
"军职位照旧","0","3","3"
"高祖在清徽","0","3","3"
"祖在清徽堂","0","3","3"
"赐爵位为安","0","3","3"
"安抚慰问新","0","3","3"
"打蠕蠕的别","0","3","3"
"在参合陂打","0","3","3"
"参合陂打败","0","3","3"
"合陂打败慕","0","3","3"
"陂打败慕容","0","3","3"
"打败慕容宝","0","3","3"
"聚集党羽作","0","3","3"
"集党羽作乱","0","3","3"
"讨伐越勒部","0","3","3"
"处理各项事","0","3","3"
"理各项事务","0","3","3"
"为天部大人","0","3","3"
"世祖不听从","0","3","3"
"任广平太守","0","3","3"
"在军中去世","0","3","3"
"被任命为龙","0","3","3"
"任命为龙骧","0","3","3"
"命为龙骧将","0","3","3"
"功劳获赐爵","0","3","3"
"劳获赐爵位","0","3","3"
"加授镇南将","0","3","3"
"授镇南将军","0","3","3"
"加授镇西将","0","3","3"
"授镇西将军","0","3","3"
"任北镇都将","0","3","3"
"刘义隆派遣","0","3","3"
"派遣将领到","0","3","3"
"遣将领到彦","0","3","3"
"被赐给奴婢","0","3","3"
"升任殿中尚","0","3","3"
"任长水校尉","0","3","3"
"担任安北将","0","3","3"
"任仪同开府","0","3","3"
"后来任命他","0","3","3"
"来任命他为","0","3","3"
"从了他的建","0","3","3"
"征伐慕容实","0","3","3"
"任中山太守","0","3","3"
"时以孝道闻","0","3","3"
"以孝道闻名","0","3","3"
"的女儿为嫔","0","3","3"
"改任大司农","0","3","3"
"任命玄伯为","0","3","3"
"乐安王元范","0","3","3"
"兴二年去世","0","3","3"
"赐爵位为临","0","3","3"
"的谘议参军","0","3","3"
"爵位为南阳","0","3","3"
"位为南阳公","0","3","3"
"担任秘书郎","0","3","3"
"又随从征伐","0","3","3"
"在束宫侍奉","0","3","3"
"在沙漠南面","0","3","3"
"因功劳加授","0","3","3"
"和年间去世","0","3","3"
"任殿中给事","0","3","3"
"随平定中原","0","3","3"
"被任命为冠","0","3","3"
"任命为冠军","0","3","3"
"命为冠军将","0","3","3"
"世祖征讨赫","0","3","3"
"祖征讨赫连","0","3","3"
"量俘获而返","0","3","3"
"中领军将军","0","3","3"
"跟从皇上到","0","3","3"
"跟从讨伐赫","0","3","3"
"从讨伐赫连","0","3","3"
"跟从讨伐蠕","0","3","3"
"从讨伐蠕蠕","0","3","3"
"爵位为金城","0","3","3"
"任命庾岳为","0","3","3"
"被任命为安","0","3","3"
"骑兵追赶他","0","3","3"
"永昌王元健","0","3","3"
"派遣长孙肥","0","3","3"
"担任羽林郎","0","3","3"
"时年十六岁","0","3","3"
"广平王元连","0","3","3"
"元鉴逝世后","0","3","3"
"回头对侍奉","0","3","3"
"头对侍奉的","0","3","3"
"对侍奉的臣","0","3","3"
"奉的臣属说","0","3","3"
"元和的儿子","0","3","3"
"太后和肃宗","0","3","3"
"加授建义将","0","3","3"
"授建义将军","0","3","3"
"可以称得上","0","3","3"
"离都城八里","0","3","3"
"在离城九里","0","3","3"
"城六里的郊","0","3","3"
"六里的郊郭","0","3","3"
"帝下诏让杨","0","3","3"
"典选部兰台","2","0","2"
"选部兰台事","2","0","2"
"诏所开仓赈","2","0","2"
"车驾事方泽","2","0","2"
"春正月庚寅","2","0","2"
"飨群臣太极","2","0","2"
"阳椒房生汝","1","1","2"
"椒房生汝阴","1","1","2"
"房生汝阴灵","1","1","2"
"生汝阴灵王","1","1","2"
"汝阴灵王天","1","1","2"
"孟椒房生任","1","1","2"
"椒房生任城","1","1","2"
"房生任城康","1","1","2"
"生任城康王","1","1","2"
"孟椒房生安","1","1","2"
"椒房生安定","1","1","2"
"房生安定靖","1","1","2"
"生安定靖王","1","1","2"
"位事黄门侍","2","0","2"
"都督陕西诸","1","1","2"
"督陕西诸军","1","1","2"
"陕西诸军事","1","1","2"
"游击将军殷","1","1","2"
"击将军殷暹","1","1","2"
"骧将军张景","1","1","2"
"将军张景仁","1","1","2"
"军张景仁等","1","1","2"
"屯骑校尉史","1","1","2"
"骑校尉史文","1","1","2"
"校尉史文渊","1","1","2"
"尉史文渊等","1","1","2"
"史文渊等军","1","1","2"
"文渊等军主","1","1","2"
"上二十七人","1","1","2"
"卫县开国男","1","1","2"
"武川镇都大","1","1","2"
"川镇都大将","1","1","2"
"尚书郎蔡僧","1","1","2"
"书郎蔡僧勰","1","1","2"
"义阳太守冯","1","1","2"
"阳太守冯道","1","1","2"
"太守冯道要","1","1","2"
"游击将军鲍","1","1","2"
"击将军鲍怀","1","1","2"
"将军鲍怀慎","1","1","2"
"天门太守王","1","1","2"
"门太守王承","1","1","2"
"太守王承伯","1","1","2"
"北府司马宗","1","1","2"
"府司马宗象","1","1","2"
"平北府谘议","1","1","2"
"北府谘议参","1","1","2"
"谘议参军伏","1","1","2"
"议参军伏粲","1","1","2"
"宁朔将军蔡","1","1","2"
"朔将军蔡道","1","1","2"
"将军蔡道基","1","1","2"
"中兵参军庞","1","1","2"
"兵参军庞脩","1","1","2"
"参军庞脩等","1","1","2"
"封高唐县开","2","0","2"
"唐县开国侯","1","1","2"
"都督河西诸","1","1","2"
"河西诸军事","1","1","2"
"显恭使持节","2","0","2"
"都督东秦豳","1","1","2"
"督东秦豳夏","1","1","2"
"东秦豳夏三","1","1","2"
"秦豳夏三州","1","1","2"
"豳夏三州诸","1","1","2"
"夏三州诸军","1","1","2"
"永熙二年薨","2","0","2"
"都督沧瀛冀","1","1","2"
"督沧瀛冀三","1","1","2"
"沧瀛冀三州","1","1","2"
"瀛冀三州诸","1","1","2"
"冀三州诸军","1","1","2"
"都督定瀛幽","1","1","2"
"督定瀛幽三","1","1","2"
"定瀛幽三州","1","1","2"
"瀛幽三州诸","1","1","2"
"幽三州诸军","1","1","2"
"陇西狄道人","1","1","2"
"中书博士张","1","1","2"
"书博士张天","1","1","2"
"博士张天龙","1","1","2"
"士张天龙讲","1","1","2"
"廷尉公孙良","1","1","2"
"尉公孙良举","1","1","2"
"严公体沉静","1","1","2"
"立志明霜雪","1","1","2"
"蜀江导清流","1","1","2"
"扬子挹余休","1","1","2"
"元法僧叛入","1","1","2"
"法僧叛入萧","1","1","2"
"僧叛入萧衍","1","1","2"
"章王萧综入","1","1","2"
"本将军授徐","1","1","2"
"将军授徐州","1","1","2"
"军授徐州刺","1","1","2"
"进号平北将","2","0","2"
"号平北将军","2","0","2"
"河间邢祐同","1","1","2"
"间邢祐同召","1","1","2"
"邢祐同召赴","1","1","2"
"祐同召赴京","1","1","2"
"高祖议定祖","1","1","2"
"祖议定祖宗","1","1","2"
"徵身长七尺","1","1","2"
"身长七尺二","1","1","2"
"长七尺二寸","1","1","2"
"故优赠散骑","1","1","2"
"优赠散骑常","1","1","2"
"殷沧三州诸","1","1","2"
"沧三州诸军","1","1","2"
"韩贵人生赵","1","1","2"
"贵人生赵郡","1","1","2"
"人生赵郡灵","1","1","2"
"生赵郡灵王","1","1","2"
"高阳文穆王","1","1","2"
"孟椒房生广","1","1","2"
"椒房生广陵","1","1","2"
"房生广陵惠","1","1","2"
"生广陵惠王","1","1","2"
"广陵惠王羽","2","0","2"
"潘贵人生彭","1","1","2"
"贵人生彭城","1","1","2"
"人生彭城武","1","1","2"
"生彭城武宣","1","1","2"
"高椒房生北","1","1","2"
"椒房生北海","1","1","2"
"房生北海平","1","1","2"
"生北海平王","1","1","2"
"都督南豫郢","1","1","2"
"督南豫郢东","1","1","2"
"南豫郢东荆","1","1","2"
"豫郢东荆三","1","1","2"
"郢东荆三州","1","1","2"
"东荆三州诸","1","1","2"
"迁太子庶子","2","0","2"
"督冀定相殷","1","1","2"
"冀定相殷四","1","1","2"
"定相殷四州","1","1","2"
"阳公元丕督","1","1","2"
"济南公罗乌","1","1","2"
"南公罗乌拔","1","1","2"
"公罗乌拔督","1","1","2"
"西王源贺督","1","1","2"
"廷尉元洪超","1","1","2"
"敦煌安置婆","1","1","2"
"煌安置婆罗","1","1","2"
"安置婆罗门","1","1","2"
"吐京胡曹仆","1","1","2"
"京胡曹仆浑","1","1","2"
"招引朔方胡","1","1","2"
"都督定相殷","1","1","2"
"督定相殷三","1","1","2"
"定相殷三州","1","1","2"
"阳川县开国","1","1","2"
"喜县开国男","1","1","2"
"特赠使持节","2","0","2"
"督冀定瀛沧","1","1","2"
"冀定瀛沧幽","1","1","2"
"定瀛沧幽五","1","1","2"
"瀛沧幽五州","1","1","2"
"沧幽五州诸","1","1","2"
"上洛郡开国","1","1","2"
"洛郡开国男","1","1","2"
"燕郡二郡太","1","1","2"
"军大将军府","1","1","2"
"官征虏将军","1","1","2"
"除建威将军","2","0","2"
"慰劳汾州山","1","1","2"
"劳汾州山胡","1","1","2"
"西河介休人","1","1","2"
"赐爵中都侯","1","1","2"
"行司隶校尉","1","1","2"
"尚书水部郎","1","1","2"
"加陈兵将军","2","0","2"
"赐爵濮阳公","1","1","2"
"燕郡广阳人","1","1","2"
"时年六十四","1","1","2"
"先绢五十匹","1","1","2"
"杂彩五十匹","1","1","2"
"济阴二郡太","1","1","2"
"阴二郡太守","1","1","2"
"武威姑臧人","1","1","2"
"转治书侍御","2","0","2"
"行鲁阳太守","1","1","2"
"司空田曹参","1","1","2"
"空田曹参军","1","1","2"
"诏赐马一匹","1","1","2"
"时年六十一","1","1","2"
"授散骑侍郎","2","0","2"
"都督三州诸","1","1","2"
"督三州诸军","1","1","2"
"赐爵阜城侯","1","1","2"
"雍攻克项城","1","1","2"
"臣所守四镇","1","1","2"
"运屯谷五十","1","1","2"
"屯谷五十万","1","1","2"
"谷五十万斛","1","1","2"
"赠宁朔将军","2","0","2"
"相州抚军府","1","1","2"
"州抚军府长","1","1","2"
"抚军府长史","1","1","2"
"司空事中郎","2","0","2"
"太尉行军员","1","1","2"
"尉行军员外","1","1","2"
"行军员外郎","1","1","2"
"诏赠使持节","2","0","2"
"都督定冀瀛","1","1","2"
"督定冀瀛殷","1","1","2"
"定冀瀛殷四","1","1","2"
"冀瀛殷四州","1","1","2"
"大司马谘议","1","1","2"
"司马谘议参","1","1","2"
"马谘议参军","1","1","2"
"加光禄大夫","2","0","2"
"定雍二州长","1","1","2"
"雍二州长史","1","1","2"
"郡汲郡二郡","1","1","2"
"汲郡二郡太","1","1","2"
"南安王国常","1","1","2"
"安王国常侍","1","1","2"
"征虏府主簿","1","1","2"
"王大将军府","1","1","2"
"军府记室参","1","1","2"
"府记室参军","1","1","2"
"司徒行参军","1","1","2"
"朔州安北府","1","1","2"
"州安北府长","1","1","2"
"安北府长史","1","1","2"
"相州镇北府","1","1","2"
"州镇北府长","1","1","2"
"仪同开府中","1","1","2"
"同开府中兵","1","1","2"
"殷州征北将","1","1","2"
"州征北将军","1","1","2"
"征北将军长","1","1","2"
"北将军长史","1","1","2"
"赠征北将军","2","0","2"
"开府默曹参","1","1","2"
"府默曹参军","1","1","2"
"悦夫人生安","1","1","2"
"夫人生安丰","1","1","2"
"人生安丰匡","1","1","2"
"生安丰匡王","1","1","2"
"皇兴四年封","1","1","2"
"延兴二年封","1","1","2"
"晋永嘉二年","1","1","2"
"兴遣散骑常","2","0","2"
"书吏部郎严","1","1","2"
"吏部郎严康","1","1","2"
"都督荆司雍","1","1","2"
"督荆司雍秦","1","1","2"
"荆司雍秦梁","1","1","2"
"司雍秦梁益","1","1","2"
"雍秦梁益宁","1","1","2"
"秦梁益宁江","1","1","2"
"梁益宁江八","1","1","2"
"益宁江八州","1","1","2"
"扬豫八郡诸","1","1","2"
"豫八郡诸军","1","1","2"
"八郡诸军事","1","1","2"
"征讨大都督","1","1","2"
"督十八州诸","1","1","2"
"十八州诸军","1","1","2"
"八州诸军事","1","1","2"
"置左右长史","1","1","2"
"事中郎四人","1","1","2"
"安成七千五","1","1","2"
"成七千五百","1","1","2"
"七千五百户","1","1","2"
"东西二千里","1","1","2"
"南北一千余","1","1","2"
"北一千余里","1","1","2"
"赐衣冠服物","2","0","2"
"服物车旗饰","2","0","2"
"衍梁州刺史","2","0","2"
"侯陈虎牙降","2","0","2"
"军奚康生破","2","0","2"
"行台侯景攻","1","1","2"
"台侯景攻陷","1","1","2"
"楚州刺史桓","1","1","2"
"散骑常侍柳","1","1","2"
"骑常侍柳豹","1","1","2"
"直常侍刘景","1","1","2"
"常侍刘景彦","1","1","2"
"散骑常侍明","1","1","2"
"骑常侍明少","1","1","2"
"常侍明少遐","1","1","2"
"通直郎谢藻","1","1","2"
"直郎谢藻朝","1","1","2"
"郎谢藻朝贡","1","1","2"
"骑常侍刘孝","1","1","2"
"常侍刘孝胜","1","1","2"
"通直常侍谢","1","1","2"
"直常侍谢景","1","1","2"
"常侍谢景朝","1","1","2"
"侍谢景朝贡","1","1","2"
"通直常侍鲍","1","1","2"
"伏椒房生楚","1","1","2"
"椒房生楚王","1","1","2"
"内外三都大","1","1","2"
"外三都大官","1","1","2"
"赐爵长进侯","1","1","2"
"萧宝卷将裴","1","1","2"
"宝卷将裴叔","1","1","2"
"卷将裴叔业","1","1","2"
"将裴叔业率","1","1","2"
"裴叔业率众","1","1","2"
"叔业率众围","1","1","2"
"带濠口戍主","1","1","2"
"行岐州刺史","1","1","2"
"彭城王勰召","2","0","2"
"定陶县开国","1","1","2"
"陶县开国子","1","1","2"
"东南道三徐","1","1","2"
"南道三徐行","1","1","2"
"道三徐行台","1","1","2"
"随长孙稚西","1","1","2"
"长孙稚西征","1","1","2"
"功封长平县","1","1","2"
"封长平县开","1","1","2"
"长平县开国","1","1","2"
"平县开国男","1","1","2"
"邑千二百户","2","0","2"
"封乐平郡开","1","1","2"
"乐平郡开国","1","1","2"
"行台右仆射","1","1","2"
"都督相州诸","1","1","2"
"督相州诸军","1","1","2"
"相州诸军事","1","1","2"
"长安县开国","1","1","2"
"安县开国公","1","1","2"
"定策立前废","1","1","2"
"策立前废帝","1","1","2"
"关西大行台","1","1","2"
"帖国子助教","1","1","2"
"除卫大将军","2","0","2"
"转散骑常侍","2","0","2"
"第一民酋长","2","0","2"
"秀容牧子万","1","1","2"
"容牧子万子","1","1","2"
"牧子万子乞","1","1","2"
"子万子乞真","1","1","2"
"万子乞真反","1","1","2"
"子乞真反叛","1","1","2"
"杀太仆卿陆","2","0","2"
"州刺史李神","1","1","2"
"刺史李神轨","1","1","2"
"史李神轨闭","1","1","2"
"袭爵梁郡王","1","1","2"
"左丞元孚慰","1","1","2"
"丞元孚慰劳","1","1","2"
"元孚慰劳蠕","1","1","2"
"孚慰劳蠕蠕","1","1","2"
"孝贞弟孝干","1","1","2"
"便须退迹江","1","1","2"
"须退迹江海","1","1","2"
"书三公郎中","1","1","2"
"改封乐陵郡","1","1","2"
"封乐陵郡开","1","1","2"
"乐陵郡开国","1","1","2"
"封永宁县开","1","1","2"
"永宁县开国","1","1","2"
"宁县开国伯","1","1","2"
"改封深泽县","1","1","2"
"沃野镇长史","1","1","2"
"假平东将军","1","1","2"
"朱荣破葛荣","1","1","2"
"封石艾县开","1","1","2"
"石艾县开国","1","1","2"
"艾县开国公","1","1","2"
"寻加骠骑大","2","0","2"
"永熙三年五","1","1","2"
"熙三年五月","1","1","2"
"封永安县开","1","1","2"
"永安县开国","1","1","2"
"后除散骑常","2","0","2"
"都督杜德等","1","1","2"
"督杜德等追","1","1","2"
"杜德等追讨","1","1","2"
"仲远奔萧衍","2","0","2"
"改封真定县","1","1","2"
"人县开国侯","1","1","2"
"妻兄念贤背","1","1","2"
"渊骠骑大将","2","0","2"
"渔阳郡开国","1","1","2"
"寻加平南将","2","0","2"
"博学多才艺","1","1","2"
"姬澹率晋人","1","1","2"
"随刘遵南奔","1","1","2"
"慕容俊遣使","2","0","2"
"容俊遣使朝","2","0","2"
"俊遣使朝贡","2","0","2"
"获牛马羊数","1","1","2"
"牛马羊数百","1","1","2"
"马羊数百万","1","1","2"
"羊数百万头","1","1","2"
"二十八年春","1","1","2"
"二千八百四","1","1","2"
"千八百四十","1","1","2"
"八百四十五","1","1","2"
"百四十五人","1","1","2"
"河东公薛虎","1","1","2"
"东公薛虎子","1","1","2"
"济南王罗拔","1","1","2"
"改封赵郡王","2","0","2"
"孙阿六头使","2","0","2"
"阿六头使萧","2","0","2"
"六头使萧赜","2","0","2"
"北海王详司","2","0","2"
"嘉尚书左仆","2","0","2"
"弁吏部尚书","2","0","2"
"任城王澄等","2","0","2"
"等六人辅政","2","0","2"
"帝北伐蠕蠕","1","1","2"
"州刺史叔孙","1","1","2"
"刺史叔孙建","1","1","2"
"史叔孙建等","1","1","2"
"司马德宗齐","2","0","2"
"马德宗齐郡","2","0","2"
"德宗齐郡太","2","0","2"
"宗齐郡太守","2","0","2"
"太守王懿降","2","0","2"
"赫连屈丐僭","1","1","2"
"加抚军大将","2","0","2"
"肃宗孝明皇","1","1","2"
"宗孝明皇帝","1","1","2"
"高阳王雍进","2","0","2"
"阳王雍进位","2","0","2"
"王雍进位太","2","0","2"
"雍进位太傅","1","1","2"
"任城王澄司","2","0","2"
"冀州刺史萧","1","1","2"
"萧宝夤镇东","2","0","2"
"宝夤镇东将","2","0","2"
"夤镇东将军","2","0","2"
"安定郡开国","1","1","2"
"定郡开国公","1","1","2"
"郡开国公胡","1","1","2"
"开国公胡国","1","1","2"
"国公胡国珍","1","1","2"
"督雍泾岐华","1","1","2"
"雍泾岐华东","1","1","2"
"泾岐华东秦","1","1","2"
"岐华东秦豳","1","1","2"
"华东秦豳六","1","1","2"
"东秦豳六州","1","1","2"
"秦豳六州诸","1","1","2"
"豳六州诸军","1","1","2"
"超改封北平","1","1","2"
"蠕蠕后主郁","1","1","2"
"蠕后主郁久","1","1","2"
"后主郁久闾","1","1","2"
"主郁久闾侯","1","1","2"
"郁久闾侯匿","1","1","2"
"久闾侯匿伐","1","1","2"
"匿伐奔怀朔","2","0","2"
"伐奔怀朔镇","2","0","2"
"野镇人破落","1","1","2"
"镇人破落汗","1","1","2"
"拔陵聚众反","2","0","2"
"高平酋长胡","1","1","2"
"平酋长胡琛","1","1","2"
"城人莫折太","1","1","2"
"人莫折太提","1","1","2"
"三司李崇官","1","1","2"
"司李崇官爵","1","1","2"
"东道大都督","1","1","2"
"叉骠骑大将","2","0","2"
"卫大将军穆","1","1","2"
"大将军穆绍","1","1","2"
"卢等攻陷怀","1","1","2"
"等攻陷怀朔","1","1","2"
"攻陷怀朔镇","1","1","2"
"蠕主阿瑰率","2","0","2"
"主阿瑰率众","2","0","2"
"瑰率众大破","1","1","2"
"率众大破拔","1","1","2"
"众大破拔陵","1","1","2"
"诏左光禄大","1","1","2"
"光禄大夫长","1","1","2"
"禄大夫长孙","1","1","2"
"大夫长孙稚","1","1","2"
"督河间王琛","2","0","2"
"西道都督元","1","1","2"
"就德兴攻陷","1","1","2"
"德兴攻陷平","1","1","2"
"兴攻陷平州","1","1","2"
"刺史王买奴","1","1","2"
"蠕蠕社仑等","1","1","2"
"夏五月庚子","1","1","2"
"豫雍荆徐扬","1","1","2"
"雍荆徐扬六","1","1","2"
"荆徐扬六州","1","1","2"
"徐扬六州牧","1","1","2"
"襄城公元题","1","1","2"
"三公郎中王","1","1","2"
"公郎中王德","1","1","2"
"兴征虏将军","2","0","2"
"四品将军上","2","0","2"
"东安公刘尼","1","1","2"
"西平公源贺","1","1","2"
"复北平公长","1","1","2"
"平公长孙敦","1","1","2"
"库莫奚国献","1","1","2"
"莫奚国献名","1","1","2"
"奚国献名马","1","1","2"
"西平王源贺","1","1","2"
"平王源贺改","1","1","2"
"王源贺改封","1","1","2"
"散骑常侍冯","1","1","2"
"骑常侍冯阐","1","1","2"
"散骑侍郎卢","1","1","2"
"骑侍郎卢度","1","1","2"
"侍郎卢度世","1","1","2"
"员外郎朱安","1","1","2"
"外郎朱安兴","1","1","2"
"加征北大将","2","0","2"
"东郡公乙浑","1","1","2"
"渔阳王尉眷","1","1","2"
"西平郡王吐","1","1","2"
"平郡王吐谷","1","1","2"
"郡王吐谷浑","1","1","2"
"王吐谷浑权","1","1","2"
"孝文皇帝第","1","1","2"
"文皇帝第二","1","1","2"
"彭城王勰进","1","1","2"
"勰进位大司","1","1","2"
"将军王肃加","1","1","2"
"禧进位太保","1","1","2"
"书令高肇司","2","0","2"
"令高肇司徒","2","0","2"
"怀进号骠骑","1","1","2"
"将李世哲大","1","1","2"
"龙骧将军文","1","1","2"
"骧将军文思","1","1","2"
"平南将军羊","1","1","2"
"南将军羊祉","1","1","2"
"安西将军奚","1","1","2"
"西将军奚康","1","1","2"
"抚军将军甄","1","1","2"
"军将军甄琛","1","1","2"
"太安二年二","1","1","2"
"安二年二月","1","1","2"
"封繁阳侯李","1","1","2"
"繁阳侯李嶷","1","1","2"
"东大将军冯","1","1","2"
"公元石都督","1","1","2"
"元石都督荆","1","1","2"
"南雍州诸军","1","1","2"
"雍州诸军事","1","1","2"
"京兆侯张穷","1","1","2"
"兆侯张穷奇","1","1","2"
"秦州刺史垣","1","1","2"
"州刺史垣恭","1","1","2"
"刺史垣恭祖","1","1","2"
"羽林监沈承","1","1","2"
"林监沈承伯","1","1","2"
"军资器械胜","2","0","2"
"资器械胜数","2","0","2"
"封皇弟长乐","1","1","2"
"高平王李敷","1","1","2"
"改封冯翊王","1","1","2"
"中尚书元谌","1","1","2"
"门侍郎元顼","1","1","2"
"禄大夫李虔","1","1","2"
"党王天穆大","2","0","2"
"东北道诸军","1","1","2"
"北道诸军事","1","1","2"
"加大将军朱","2","0","2"
"太原王世子","1","1","2"
"原王世子菩","1","1","2"
"王世子菩提","1","1","2"
"雍州刺史长","1","1","2"
"州刺史张景","1","1","2"
"刺史张景邕","1","1","2"
"州刺史李灵","1","1","2"
"雄信将军萧","1","1","2"
"信将军萧进","1","1","2"
"将军萧进明","1","1","2"
"兗三州诸军","2","0","2"
"前燕州刺史","1","1","2"
"州刺史崔渊","1","1","2"
"刺史崔渊率","1","1","2"
"开国公朱天","2","0","2"
"国公朱天光","2","0","2"
"肆燕恆云朔","2","0","2"
"云朔显汾蔚","1","1","2"
"朔显汾蔚九","1","1","2"
"显汾蔚九州","1","1","2"
"汾蔚九州诸","1","1","2"
"蔚九州诸军","1","1","2"
"封安南将军","1","1","2"
"大鸿胪卿元","1","1","2"
"鸿胪卿元宝","1","1","2"
"胪卿元宝炬","1","1","2"
"县开国伯元","1","1","2"
"开国伯元诞","1","1","2"
"前东荆州刺","1","1","2"
"荆州刺史元","1","1","2"
"刺史元显恭","1","1","2"
"征西道行台","1","1","2"
"度都督薛善","1","1","2"
"都督薛善乐","1","1","2"
"公长孙稚太","2","0","2"
"长孙稚太尉","2","0","2"
"孙稚太尉公","2","0","2"
"常山王朱度","2","0","2"
"山王朱度律","2","0","2"
"仪同三司齐","1","1","2"
"同三司齐献","1","1","2"
"三司齐献武","1","1","2"
"司齐献武王","1","1","2"
"平阳郡开国","1","1","2"
"郡开国公齐","1","1","2"
"开国公齐献","1","1","2"
"国公齐献武","1","1","2"
"公齐献武王","1","1","2"
"齐献武王封","1","1","2"
"北华州刺史","1","1","2"
"华州刺史公","1","1","2"
"州刺史公孙","1","1","2"
"刺史公孙略","1","1","2"
"泾州刺史贺","1","1","2"
"刺史贺拔岳","1","1","2"
"渭州刺史侯","1","1","2"
"州刺史侯莫","1","1","2"
"刺史侯莫陈","1","1","2"
"史侯莫陈悦","1","1","2"
"悦仪同三司","2","0","2"
"武卫将军大","1","1","2"
"卫将军大野","1","1","2"
"将军大野拔","1","1","2"
"秋七月壬申","1","1","2"
"害前太保杨","1","1","2"
"前太保杨椿","1","1","2"
"前司空公杨","1","1","2"
"骠骑将军卢","1","1","2"
"骑将军卢同","1","1","2"
"骑大将军杜","1","1","2"
"大将军杜德","1","1","2"
"骑大将军桥","1","1","2"
"大将军桥宁","1","1","2"
"都督关中诸","1","1","2"
"关中诸军事","1","1","2"
"王朱天光大","2","0","2"
"仪同三司穆","1","1","2"
"同三司穆绍","1","1","2"
"肆州鲁郡王","1","1","2"
"州鲁郡王后","1","1","2"
"鲁郡王后军","1","1","2"
"郡王后军府","1","1","2"
"王后军府录","1","1","2"
"后军府录事","1","1","2"
"军府录事参","1","1","2"
"仪同开府司","1","1","2"
"同开府司马","1","1","2"
"北大使高乾","2","0","2"
"大使高乾邕","2","0","2"
"高乾邕侍中","2","0","2"
"博野县开国","1","1","2"
"野县开国伯","1","1","2"
"县开国伯尉","1","1","2"
"开国伯尉景","1","1","2"
"景骠骑大将","2","0","2"
"光禄大夫库","1","1","2"
"禄大夫库狄","1","1","2"
"大夫库狄干","1","1","2"
"书右仆射魏","1","1","2"
"右仆射魏兰","1","1","2"
"尉樊子鹄复","1","1","2"
"刺史杜德讨","1","1","2"
"宝炬太尉公","2","0","2"
"左仆射元罗","1","1","2"
"书左仆射贾","1","1","2"
"左仆射贾显","1","1","2"
"西中郎将元","1","1","2"
"中郎将元宁","1","1","2"
"禄大夫李琰","1","1","2"
"禄大夫崔秉","1","1","2"
"禄大夫高岳","1","1","2"
"光禄大夫封","1","1","2"
"禄大夫封津","1","1","2"
"燕郡开国公","1","1","2"
"郡开国公贺","1","1","2"
"开国公贺拔","1","1","2"
"国公贺拔允","1","1","2"
"子勃海王子","1","1","2"
"勃海王子恕","1","1","2"
"海王子恕改","1","1","2"
"王子恕改封","1","1","2"
"河南尹元仲","1","1","2"
"南尹元仲景","1","1","2"
"前吏部尚书","1","1","2"
"右卫将军娄","1","1","2"
"卫将军娄昭","1","1","2"
"扬州刺史斛","1","1","2"
"刺史斛斯敦","1","1","2"
"葬灵太后胡","1","1","2"
"灵太后胡氏","1","1","2"
"都督河渭部","1","1","2"
"督河渭部三","1","1","2"
"河渭部三州","1","1","2"
"渭部三州诸","1","1","2"
"部三州诸军","1","1","2"
"世袭河州刺","1","1","2"
"袭河州刺史","1","1","2"
"河州刺史梁","1","1","2"
"州刺史梁景","1","1","2"
"齐州刺史侯","1","1","2"
"刺史万俟普","1","1","2"
"史万俟普拨","1","1","2"
"前南岐州刺","1","1","2"
"南岐州刺史","1","1","2"
"岐州刺史司","1","1","2"
"刺史司马子","1","1","2"
"禄大夫崔孝","1","1","2"
"大夫崔孝芬","1","1","2"
"左卫将军元","1","1","2"
"卫将军元斌","1","1","2"
"中军四面大","1","1","2"
"军四面大都","1","1","2"
"四面大都督","1","1","2"
"后军大都督","1","1","2"
"军大都督斛","1","1","2"
"大都督斛律","1","1","2"
"都督斛律沙","1","1","2"
"督斛律沙门","1","1","2"
"岐州刺史越","1","1","2"
"州刺史越肱","1","1","2"
"刺史越肱特","1","1","2"
"尚书令元弼","1","1","2"
"诏齐文襄王","2","0","2"
"齐文襄王家","2","0","2"
"侯景攻克萧","1","1","2"
"景攻克萧衍","1","1","2"
"仪同三司万","1","1","2"
"同三司万俟","1","1","2"
"三司万俟普","1","1","2"
"河间人邢摩","1","1","2"
"间人邢摩纳","1","1","2"
"范阳人卢仲","1","1","2"
"阳人卢仲礼","1","1","2"
"人卢仲礼等","1","1","2"
"骑常侍郑伯","1","1","2"
"常侍郑伯猷","1","1","2"
"尚书令孙腾","1","1","2"
"骑常侍王元","1","1","2"
"常侍王元景","1","1","2"
"骑常侍魏收","1","1","2"
"骑常侍崔长","1","1","2"
"常侍崔长谦","1","1","2"
"年春二月甲","1","1","2"
"春二月甲辰","1","1","2"
"骑常侍李绘","1","1","2"
"坐事降骠骑","2","0","2"
"事降骠骑大","2","0","2"
"降骠骑大将","2","0","2"
"围河桥南城","1","1","2"
"豫洛二州平","1","1","2"
"骑常侍李浑","1","1","2"
"徐州人刘乌","1","1","2"
"州人刘乌黑","1","1","2"
"人刘乌黑聚","1","1","2"
"仪同三司孙","1","1","2"
"同三司孙腾","1","1","2"
"中书舍人尉","1","1","2"
"书舍人尉瑾","1","1","2"
"骑常侍元廓","1","1","2"
"齐文襄王使","2","0","2"
"文襄王使持","2","0","2"
"襄王使持节","2","0","2"
"立皇子长仁","1","1","2"
"阳王坦太傅","2","0","2"
"仪同三司潘","1","1","2"
"同三司潘相","1","1","2"
"三司潘相乐","1","1","2"
"齐天保元年","1","1","2"
"天保元年五","1","1","2"
"保元年五月","1","1","2"
"元年五月己","1","1","2"
"年五月己未","1","1","2"
"都督荆梁益","1","1","2"
"督荆梁益宁","1","1","2"
"荆梁益宁四","1","1","2"
"梁益宁四州","1","1","2"
"益宁四州诸","1","1","2"
"假征南大将","1","1","2"
"李禹聚众杀","1","1","2"
"太常李顺持","1","1","2"
"常李顺持节","1","1","2"
"西王沮渠蒙","1","1","2"
"王沮渠蒙逊","1","1","2"
"都督凉州西","2","0","2"
"西域羌戎诸","1","1","2"
"域羌戎诸军","1","1","2"
"行征西大将","1","1","2"
"王崇二万人","2","0","2"
"乐都太守安","1","1","2"
"都太守安周","1","1","2"
"军贺多罗镇","1","1","2"
"将军古弼大","1","1","2"
"军古弼大破","1","1","2"
"古弼大破诸","1","1","2"
"弼大破诸氐","1","1","2"
"太子少傅游","1","1","2"
"子少傅游雅","1","1","2"
"中书侍郎胡","1","1","2"
"书侍郎胡方","1","1","2"
"侍郎胡方回","1","1","2"
"郎胡方回等","1","1","2"
"胡方回等改","1","1","2"
"方回等改定","1","1","2"
"回等改定律","1","1","2"
"等改定律制","1","1","2"
"张掖王沮渠","1","1","2"
"掖王沮渠万","1","1","2"
"王沮渠万年","1","1","2"
"刘椒房生南","1","1","2"
"椒房生南安","1","1","2"
"房生南安惠","1","1","2"
"生南安惠王","1","1","2"
"慕容椒房生","1","1","2"
"尉椒房生乐","1","1","2"
"椒房生乐陵","1","1","2"
"房生乐陵康","1","1","2"
"生乐陵康王","1","1","2"
"太安三年封","1","1","2"
"后内都大官","2","0","2"
"累迁怀朔镇","2","0","2"
"迁怀朔镇大","2","0","2"
"史穆泰谋反","2","0","2"
"世宗景明元","1","1","2"
"宗景明元年","1","1","2"
"兄丽妻崔氏","2","0","2"
"御史中尉封","1","1","2"
"史中尉封回","1","1","2"
"托青州人高","1","1","2"
"青州人高僧","1","1","2"
"州人高僧寿","1","1","2"
"后除秘书监","2","0","2"
"太二十二年","2","0","2"
"时吏部尚书","1","1","2"
"吏部尚书樊","1","1","2"
"部尚书樊子","1","1","2"
"齐献武王欲","2","0","2"
"除南兗州刺","2","0","2"
"迁秦州刺史","2","0","2"
"迁左光禄大","2","0","2"
"说勃海人李","1","1","2"
"勃海人李归","1","1","2"
"海人李归伯","1","1","2"
"尚书令任城","1","1","2"
"书令任城王","1","1","2"
"位外都大官","2","0","2"
"父尚书仆射","1","1","2"
"位太中大夫","2","0","2"
"齐州七万户","1","1","2"
"史中尉元纂","1","1","2"
"中尉元纂所","1","1","2"
"尉元纂所纠","1","1","2"
"主簿吕苟兒","2","0","2"
"簿吕苟兒主","2","0","2"
"泾州人陈瞻","1","1","2"
"率众十余万","2","0","2"
"行秦州事李","1","1","2"
"秦州事李韶","1","1","2"
"王公三十余","2","0","2"
"公三十余人","2","0","2"
"杀道人二百","2","0","2"
"徐州安东府","1","1","2"
"州安东府长","1","1","2"
"安东府长史","1","1","2"
"殿中尚书胡","1","1","2"
"中尚书胡莫","1","1","2"
"尚书胡莫寒","1","1","2"
"除征北大将","2","0","2"
"封东燕县男","1","1","2"
"时中散大夫","1","1","2"
"中散大夫高","1","1","2"
"散大夫高居","1","1","2"
"脩义命左右","1","1","2"
"子康王乐平","1","1","2"
"坐杀人赐死","2","0","2"
"泛舟天渊池","2","0","2"
"累迁事黄门","2","0","2"
"故中书监高","1","1","2"
"书监高闾广","1","1","2"
"故太乐令公","1","1","2"
"时尚书令臣","1","1","2"
"尚书令臣肇","2","0","2"
"黄门侍郎臣","1","1","2"
"门侍郎臣孙","1","1","2"
"侍郎臣孙惠","1","1","2"
"郎臣孙惠蔚","1","1","2"
"付廷尉定罪","1","1","2"
"入御史中尉","2","0","2"
"故广平殇王","1","1","2"
"匡所制尺度","1","1","2"
"中书监荀勖","1","1","2"
"惟孝文皇帝","2","0","2"
"三公郎中辛","1","1","2"
"公郎中辛雄","1","1","2"
"改封济南王","2","0","2"
"中都坐大官","1","1","2"
"西大将军讨","1","1","2"
"二州缘淮诸","1","1","2"
"州缘淮诸军","1","1","2"
"缘淮诸军事","1","1","2"
"云留心政事","1","1","2"
"文明太后嘉","1","1","2"
"陪葬云中金","2","0","2"
"都督梁益荆","1","1","2"
"督梁益荆三","1","1","2"
"梁益荆三州","1","1","2"
"益荆三州诸","1","1","2"
"中书令李冲","1","1","2"
"循城镇副将","1","1","2"
"卜广业太守","2","0","2"
"固道镇副将","1","1","2"
"引见皇信堂","2","0","2"
"主客郎张彝","1","1","2"
"太常卿王谌","1","1","2"
"群臣莫敢言","2","0","2"
"勃然作色曰","2","0","2"
"昭业雍州刺","2","0","2"
"业雍州刺史","2","0","2"
"请襄阳内附","2","0","2"
"见王公侍臣","1","1","2"
"侍臣清徽堂","2","0","2"
"命黄门侍郎","1","1","2"
"推朔州刺史","2","0","2"
"阳平王颐主","2","0","2"
"时右丞孟斌","1","1","2"
"御史李焕先","1","1","2"
"乐侯元隆等","1","1","2"
"尉陈显达入","2","0","2"
"陈显达入寇","2","0","2"
"人严叔懋告","1","1","2"
"寻平西将军","2","0","2"
"熟秘序疑庭","1","1","2"
"萧衍将张嚣","2","0","2"
"辅国将军成","1","1","2"
"国将军成兴","1","1","2"
"斩宁朔将军","2","0","2"
"关内侯吴道","1","1","2"
"内侯吴道爽","1","1","2"
"马一千五百","1","1","2"
"江州刺史戍","1","1","2"
"宁朔将军韦","1","1","2"
"朔将军韦惠","1","1","2"
"骧将军李伯","1","1","2"
"遣统军党法","1","1","2"
"统军党法宗","1","1","2"
"清溪戍望风","1","1","2"
"司马明素率","1","1","2"
"长史潘伯邻","1","1","2"
"朔将军王燮","1","1","2"
"济阴太守王","1","1","2"
"阴太守王厚","1","1","2"
"太守王厚强","1","1","2"
"庐江太守裴","1","1","2"
"江太守裴邃","1","1","2"
"袭寿春外郭","2","0","2"
"澄遣统军王","2","0","2"
"广阳王嘉等","2","0","2"
"侍中崔光等","1","1","2"
"清河王怿表","2","0","2"
"奉朝请韩元","1","1","2"
"朝请韩元昭","1","1","2"
"前门下录事","1","1","2"
"门下录事姚","1","1","2"
"下录事姚敬","1","1","2"
"录事姚敬贤","1","1","2"
"付廷尉推究","1","1","2"
"奏垦田授受","1","1","2"
"布一千二百","1","1","2"
"一千二百匹","1","1","2"
"大鸿胪监护","2","0","2"
"鸿胪监护丧","2","0","2"
"胪监护丧事","2","0","2"
"时尚书令高","1","1","2"
"转安东将军","2","0","2"
"徵事黄门侍","2","0","2"
"广阳王渊奸","2","0","2"
"入吏部尚书","2","0","2"
"东阿县开国","1","1","2"
"阿县开国公","1","1","2"
"问都令史徐","1","1","2"
"都令史徐仵","1","1","2"
"时三公曹令","1","1","2"
"三公曹令史","1","1","2"
"公曹令史朱","1","1","2"
"曹令史朱晖","1","1","2"
"通事令史王","1","1","2"
"事令史王才","1","1","2"
"令史王才达","1","1","2"
"黄门侍郎山","1","1","2"
"门侍郎山伟","1","1","2"
"侍郎山伟巡","1","1","2"
"都督瀛冀二","1","1","2"
"督瀛冀二州","1","1","2"
"瀛冀二州诸","1","1","2"
"冀二州诸军","1","1","2"
"安定王休薨","2","0","2"
"陈显达率众","2","0","2"
"帛二千五百","1","1","2"
"荆郢二州刺","1","1","2"
"郢二州刺史","1","1","2"
"萧衍湘州刺","1","1","2"
"刺史杨公率","2","0","2"
"史杨公率众","2","0","2"
"左军将军骞","1","1","2"
"军将军骞小","1","1","2"
"将军骞小眼","1","1","2"
"军主何天祚","1","1","2"
"遣统军封迈","1","1","2"
"遣统军安伯","1","1","2"
"统军安伯丑","1","1","2"
"蔡戍主王虎","1","1","2"
"戍主王虎等","1","1","2"
"冠军将军曹","1","1","2"
"军将军曹天","1","1","2"
"将军曹天宝","1","1","2"
"军主尹明世","1","1","2"
"司马赵炽率","1","1","2"
"统军牛敬宾","1","1","2"
"军牛敬宾攻","1","1","2"
"戍主王略截","1","1","2"
"封武阳县开","2","0","2"
"迁内都大官","2","0","2"
"赠帛一千匹","1","1","2"
"遣黄门郎监","1","1","2"
"都督梁益宁","1","1","2"
"督梁益宁三","1","1","2"
"梁益宁三州","1","1","2"
"益宁三州诸","1","1","2"
"宁三州诸军","1","1","2"
"仇池镇都大","1","1","2"
"池镇都大将","1","1","2"
"民李天干等","1","1","2"
"遣统军元拔","1","1","2"
"遣军主范洁","1","1","2"
"遣统军李平","1","1","2"
"统军李平敌","1","1","2"
"将陈显达等","2","0","2"
"陈显达等寇","2","0","2"
"陈伯寇淮南","2","0","2"
"遣直寝羊灵","1","1","2"
"直寝羊灵引","1","1","2"
"使就郡练考","2","0","2"
"四门博士明","2","0","2"
"都督征义阳","1","1","2"
"督征义阳诸","1","1","2"
"征义阳诸军","1","1","2"
"义阳诸军事","1","1","2"
"萧衍司州刺","2","0","2"
"司州刺史蔡","1","1","2"
"州刺史蔡道","1","1","2"
"刺史蔡道恭","1","1","2"
"遣骁骑将军","2","0","2"
"骁骑将军杨","1","1","2"
"民三千余家","2","0","2"
"城西南十里","1","1","2"
"平西将军曹","1","1","2"
"西将军曹景","1","1","2"
"将军曹景宗","1","1","2"
"后将军王僧","1","1","2"
"将军王僧炳","1","1","2"
"军王僧炳等","1","1","2"
"冠军将军元","1","1","2"
"军将军元逞","1","1","2"
"扬烈将军曹","1","1","2"
"烈将军曹文","1","1","2"
"将军曹文敬","1","1","2"
"军曹文敬进","1","1","2"
"马仙琕率众","2","0","2"
"统军傅永等","1","1","2"
"军傅永等三","1","1","2"
"傅永等三军","1","1","2"
"斩首二千三","1","1","2"
"首二千三百","1","1","2"
"二千三百级","1","1","2"
"羽林监军邓","1","1","2"
"林监军邓终","1","1","2"
"监军邓终年","1","1","2"
"统军王买奴","1","1","2"
"行州事蔡灵","1","1","2"
"鸿胪少卿睦","1","1","2"
"胪少卿睦延","1","1","2"
"少卿睦延吉","1","1","2"
"萧衍遣将军","2","0","2"
"遣步兵校尉","1","1","2"
"舍人王云指","1","1","2"
"将四十二人","1","1","2"
"等大将五人","1","1","2"
"大将五人沿","1","1","2"
"将五人沿淮","1","1","2"
"米三十万石","1","1","2"
"遣主书曹道","1","1","2"
"时郢州治中","1","1","2"
"郢州治中督","1","1","2"
"州治中督荣","1","1","2"
"民白早生等","1","1","2"
"衍将齐苟仁","2","0","2"
"齐苟仁率众","2","0","2"
"朔将军张道","1","1","2"
"将军张道凝","1","1","2"
"军张道凝等","1","1","2"
"虎贲中郎曹","1","1","2"
"贲中郎曹苦","1","1","2"
"中郎曹苦生","1","1","2"
"长史李华率","1","1","2"
"云骑将军马","1","1","2"
"骑将军马广","1","1","2"
"将军马广率","1","1","2"
"军主胡文超","1","1","2"
"冠军将军彭","1","1","2"
"骠骑将军徐","1","1","2"
"骑将军徐超","1","1","2"
"将军徐超秀","1","1","2"
"军徐超秀援","1","1","2"
"子左卫率李","1","1","2"
"左卫率李元","1","1","2"
"卫率李元履","1","1","2"
"米四十万石","1","1","2"
"谥曰献武王","2","0","2"
"进号安西将","2","0","2"
"号安西将军","2","0","2"
"魏郡太守李","1","1","2"
"郡太守李孝","1","1","2"
"太守李孝怡","1","1","2"
"守李孝怡率","1","1","2"
"尚书左丞卢","1","1","2"
"书左丞卢同","1","1","2"
"主辱死忠臣","1","1","2"
"任城王澄薨","2","0","2"
"督冀定瀛相","1","1","2"
"冀定瀛相幽","1","1","2"
"定瀛相幽五","1","1","2"
"瀛相幽五州","1","1","2"
"相幽五州诸","1","1","2"
"员外郎稍迁","2","0","2"
"追赠车骑大","1","1","2"
"追封都昌县","1","1","2"
"封都昌县开","1","1","2"
"都昌县开国","1","1","2"
"昌县开国伯","1","1","2"
"清河王怿死","2","0","2"
"怀朔镇副将","1","1","2"
"上党屯留县","1","1","2"
"元法僧城南","2","0","2"
"法僧城南叛","2","0","2"
"章王综镇徐","2","0","2"
"王综镇徐州","2","0","2"
"光禄大夫刁","1","1","2"
"禄大夫刁双","1","1","2"
"奴婢三十人","1","1","2"
"时天下多事","2","0","2"
"北广平太守","1","1","2"
"异母弟义兴","1","1","2"
"迁辅国将军","2","0","2"
"都督青胶光","1","1","2"
"督青胶光齐","1","1","2"
"青胶光齐南","1","1","2"
"胶光齐南青","1","1","2"
"光齐南青五","1","1","2"
"齐南青五州","1","1","2"
"南青五州诸","1","1","2"
"青五州诸军","1","1","2"
"稍迁通直散","2","0","2"
"沃野镇都大","1","1","2"
"野镇都大将","1","1","2"
"姑臧镇都大","1","1","2"
"臧镇都大将","1","1","2"
"会车驾南讨","2","0","2"
"都督豫荆郢","1","1","2"
"督豫荆郢三","1","1","2"
"豫荆郢三州","1","1","2"
"安南将军卢","1","1","2"
"南将军卢渊","1","1","2"
"降定襄县王","2","0","2"
"增邑二百户","2","0","2"
"时年三十八","2","0","2"
"赠帛六百匹","1","1","2"
"舍人王云宣","1","1","2"
"进号镇军将","2","0","2"
"号镇军将军","2","0","2"
"转车骑将军","2","0","2"
"时灵太后专","1","1","2"
"太府少卿李","1","1","2"
"府少卿李苗","1","1","2"
"帝步云龙门","2","0","2"
"章武王太洛","1","1","2"
"追赠征北大","1","1","2"
"南安惠王第","1","1","2"
"安惠王第二","1","1","2"
"时吐京胡反","1","1","2"
"高祖大怒曰","2","0","2"
"衍遣将寇逼","2","0","2"
"进号抚军将","2","0","2"
"前驱左军都","1","1","2"
"驱左军都督","1","1","2"
"广阳王渊等","2","0","2"
"宗举哀东堂","2","0","2"
"二千八百段","1","1","2"
"迁护军长史","2","0","2"
"迁廷尉少卿","2","0","2"
"北征大都将","1","1","2"
"后除使持节","2","0","2"
"护匈奴校尉","1","1","2"
"赠光州刺史","2","0","2"
"抚冥镇大将","1","1","2"
"赠帛三千匹","2","0","2"
"赠布帛二千","1","1","2"
"州治李润堡","1","1","2"
"胡国珍封安","1","1","2"
"国珍封安定","1","1","2"
"珍封安定公","1","1","2"
"寻除光禄大","2","0","2"
"御史中丞侯","1","1","2"
"史中丞侯刚","1","1","2"
"幽州安西府","1","1","2"
"州安西府功","1","1","2"
"安西府功曹","1","1","2"
"西府功曹参","1","1","2"
"府功曹参军","1","1","2"
"右慰劳十二","1","1","2"
"慰劳十二州","1","1","2"
"劳十二州大","1","1","2"
"十二州大使","1","1","2"
"民华延明所","1","1","2"
"南相州刺史","1","1","2"
"山东慰劳大","1","1","2"
"东慰劳大使","1","1","2"
"弱冠举秀才","2","0","2"
"太尉元天穆","1","1","2"
"尉元天穆北","1","1","2"
"三荆二郢大","1","1","2"
"荆二郢大行","1","1","2"
"二郢大行台","1","1","2"
"位中书侍郎","2","0","2"
"袁翻齐名秀","1","1","2"
"书令王肃曾","1","1","2"
"驱马入云中","1","1","2"
"彭城王勰甚","2","0","2"
"冀州镇东府","1","1","2"
"州镇东府长","1","1","2"
"镇东府长史","1","1","2"
"尚书左户部","1","1","2"
"累迁国子祭","1","1","2"
"幽州大中正","1","1","2"
"迁车骑将军","2","0","2"
"成一家风骨","1","1","2"
"金墉中书外","1","1","2"
"墉中书外省","1","1","2"
"中书外省考","1","1","2"
"舅护军将军","1","1","2"
"护军将军高","1","1","2"
"军将军高显","1","1","2"
"通直郎徐纥","1","1","2"
"使公主家令","1","1","2"
"公主家令居","1","1","2"
"四门博士裴","1","1","2"
"门博士裴道","1","1","2"
"博士裴道广","1","1","2"
"扬子云等四","1","1","2"
"子云等四贤","1","1","2"
"王子挺秀质","1","1","2"
"太子屯骑校","1","1","2"
"子屯骑校尉","1","1","2"
"年受敕撰门","1","1","2"
"受敕撰门下","1","1","2"
"敕撰门下诏","1","1","2"
"撰门下诏书","1","1","2"
"司徒崔光执","1","1","2"
"徒崔光执经","1","1","2"
"禄大夫高聪","1","1","2"
"大夫高聪徙","1","1","2"
"州刺史常绰","1","1","2"
"延明受诏议","1","1","2"
"明受诏议定","1","1","2"
"受诏议定服","1","1","2"
"诏议定服章","1","1","2"
"左丞元孚奉","1","1","2"
"丞元孚奉诏","1","1","2"
"改授散骑常","1","1","2"
"尚书令萧宝","1","1","2"
"书令萧宝夤","1","1","2"
"车骑将军元","1","1","2"
"北将军元谭","1","1","2"
"录事参军裴","1","1","2"
"事参军裴智","1","1","2"
"参军裴智成","1","1","2"
"发范阳三长","1","1","2"
"将崔仲哲等","1","1","2"
"崔仲哲等截","1","1","2"
"景命统军梁","1","1","2"
"命统军梁仲","1","1","2"
"统军梁仲礼","1","1","2"
"军梁仲礼率","1","1","2"
"将御夷镇军","1","1","2"
"御夷镇军主","1","1","2"
"夷镇军主孙","1","1","2"
"镇军主孙念","1","1","2"
"都督王曹纥","1","1","2"
"督王曹纥真","1","1","2"
"洛周率众南","1","1","2"
"正光壬子历","1","1","2"
"赐爵高阳子","1","1","2"
"卫将军羊深","1","1","2"
"删正晋司空","1","1","2"
"正晋司空张","1","1","2"
"晋司空张华","1","1","2"
"晋凉州刺史","1","1","2"
"郑玄解经失","1","1","2"
"玄解经失旨","1","1","2"
"时秘书监游","1","1","2"
"秘书监游雅","1","1","2"
"书监游雅素","1","1","2"
"监游雅素闻","1","1","2"
"皇魏东宫内","1","1","2"
"魏东宫内侍","1","1","2"
"司徒检对碑","1","1","2"
"原王陆丽知","1","1","2"
"散木远矣一","1","1","2"
"时中山张吾","1","1","2"
"中山张吾贵","1","1","2"
"注毛诗序义","1","1","2"
"六世祖道恭","1","1","2"
"时中书监高","1","1","2"
"门侍郎张彝","1","1","2"
"太师冯熙薨","2","0","2"
"时侍中崔光","1","1","2"
"黄门侍郎邢","1","1","2"
"门侍郎邢峦","1","1","2"
"武邑郡中正","1","1","2"
"前丞臣卢昶","1","1","2"
"丞臣卢昶所","1","1","2"
"令四门博士","2","0","2"
"正黄门侍郎","1","1","2"
"封枣强县开","1","1","2"
"枣强县开国","1","1","2"
"强县开国男","1","1","2"
"师清河监伯","1","1","2"
"清河监伯阳","1","1","2"
"河内高望崇","1","1","2"
"内高望崇受","1","1","2"
"令孙惠蔚问","1","1","2"
"特除员外散","1","1","2"
"永熙二年卒","2","0","2"
"舅司徒高肇","1","1","2"
"司徒高肇擅","1","1","2"
"河南尹丞张","1","1","2"
"南尹丞张普","1","1","2"
"尹丞张普惠","1","1","2"
"国子助教韩","1","1","2"
"子助教韩神","1","1","2"
"助教韩神固","1","1","2"
"国子祭酒崔","1","1","2"
"子祭酒崔光","1","1","2"
"吏部尚书甄","1","1","2"
"部尚书甄琛","1","1","2"
"国子博士高","1","1","2"
"子博士高凉","1","1","2"
"范阳卢道侃","1","1","2"
"师事徐遵明","1","1","2"
"屯骑校尉张","1","1","2"
"骑校尉张洪","1","1","2"
"荡寇将军张","1","1","2"
"寇将军张龙","1","1","2"
"将军张龙祥","1","1","2"
"军张龙祥等","1","1","2"
"张龙祥等九","1","1","2"
"龙祥等九家","1","1","2"
"临淮王彧征","2","0","2"
"除著作佐郎","2","0","2"
"转散骑侍郎","2","0","2"
"加安西将军","1","1","2"
"屯留县开国","1","1","2"
"留县开国子","1","1","2"
"转中军将军","2","0","2"
"永熙三年二","1","1","2"
"熙三年二月","1","1","2"
"部郎中辛术","1","1","2"
"骑常侍李业","1","1","2"
"常侍李业兴","1","1","2"
"除镇南将军","2","0","2"
"时尚书右仆","1","1","2"
"骑常侍李谐","1","1","2"
"吏部郎卢元","1","1","2"
"部郎卢元明","1","1","2"
"散骑常侍朱","1","1","2"
"骑常侍朱异","1","1","2"
"常侍朱异问","1","1","2"
"明堂上圆下","1","1","2"
"堂上圆下方","1","1","2"
"尚书中候运","1","1","2"
"书中候运行","1","1","2"
"中候运行篇","1","1","2"
"中外府谘议","1","1","2"
"外府谘议参","1","1","2"
"九宫行棋历","1","1","2"
"九百八十七","1","1","2"
"太尉外兵参","1","1","2"
"尉外兵参军","1","1","2"
"崇祖弟遵祖","1","1","2"
"能更容眭夸","1","1","2"
"平北将军蔡","1","1","2"
"北将军蔡道","1","1","2"
"将军蔡道恭","1","1","2"
"中山王英平","1","1","2"
"沙门统僧暹","1","1","2"
"河南尹甄琛","1","1","2"
"南尹甄琛等","1","1","2"
"延昌二年冬","1","1","2"
"崧高道场寺","1","1","2"
"寿春道人惠","1","1","2"
"春道人惠需","1","1","2"
"小学博士孔","1","1","2"
"等学官四十","1","1","2"
"学官四十五","1","1","2"
"官四十五人","1","1","2"
"故太常卿刘","1","1","2"
"黄门侍郎甄","1","1","2"
"门侍郎甄琛","1","1","2"
"文皇帝七男","2","0","2"
"周文王小心","1","1","2"
"文王小心翼","1","1","2"
"王小心翼翼","1","1","2"
"王国舍人应","1","1","2"
"然后父子君","1","1","2"
"后父子君臣","1","1","2"
"长弟咸阳王","1","1","2"
"川太守陇西","1","1","2"
"骠骑谘议参","1","1","2"
"骑谘议参军","1","1","2"
"故中书博士","1","1","2"
"中书博士范","1","1","2"
"书博士范阳","1","1","2"
"廷尉卿陇西","1","1","2"
"荥阳郑懿女","2","0","2"
"奏冀州人苏","1","1","2"
"冀州人苏僧","1","1","2"
"都督司豫荆","1","1","2"
"督司豫荆郢","1","1","2"
"司豫荆郢洛","1","1","2"
"谓司空穆亮","2","0","2"
"景明二年春","1","1","2"
"门侍郎李伯","1","1","2"
"侍郎李伯尚","1","1","2"
"光禄大夫张","1","1","2"
"禄大夫张安","1","1","2"
"大夫张安期","1","1","2"
"都督青徐兗","1","1","2"
"督青徐兗扬","1","1","2"
"青徐兗扬豫","1","1","2"
"徐兗扬豫五","1","1","2"
"兗扬豫五州","1","1","2"
"扬豫五州诸","1","1","2"
"豫五州诸军","1","1","2"
"叔安丰王延","1","1","2"
"丰王延明责","1","1","2"
"家通直散骑","2","0","2"
"遣侍御史假","1","1","2"
"侍御史假节","1","1","2"
"御史假节监","1","1","2"
"遣黄门郎敦","1","1","2"
"骑常侍卢渊","1","1","2"
"中尉李彪将","1","1","2"
"二十三年薨","2","0","2"
"史中尉李平","1","1","2"
"中尉李平所","1","1","2"
"尉李平所弹","1","1","2"
"队主高保愿","1","1","2"
"保愿等五人","1","1","2"
"遣游击将军","1","1","2"
"击将军王靖","1","1","2"
"除大司农卿","2","0","2"
"改封平昌王","2","0","2"
"上蔡县开国","1","1","2"
"蔡县开国公","1","1","2"
"元法僧外叛","2","0","2"
"节安抚六镇","1","1","2"
"载公卿大夫","1","1","2"
"后高祖临朝","2","0","2"
"廷尉五局司","1","1","2"
"尉五局司直","1","1","2"
"高祖谓羽曰","2","0","2"
"左仆射元赞","1","1","2"
"诏吏部尚书","2","0","2"
"夺常侍禄一","2","0","2"
"常侍禄一周","2","0","2"
"左丞公孙良","1","1","2"
"右丞乞伏义","1","1","2"
"丞乞伏义受","1","1","2"
"骑常侍元景","1","1","2"
"谏议大夫李","1","1","2"
"议大夫李彦","1","1","2"
"中庶子游肇","1","1","2"
"庶子游肇等","1","1","2"
"中舍人李平","1","1","2"
"都督青齐光","1","1","2"
"督青齐光南","1","1","2"
"青齐光南青","1","1","2"
"齐光南青四","1","1","2"
"光南青四州","1","1","2"
"南青四州诸","1","1","2"
"青四州诸军","1","1","2"
"淫员外郎冯","1","1","2"
"外郎冯俊兴","1","1","2"
"大鸿胪护丧","2","0","2"
"鸿胪护丧事","2","0","2"
"转征虏将军","2","0","2"
"改封淮阳王","2","0","2"
"迁七庙神主","2","0","2"
"惟三载考绩","2","0","2"
"前六年升一","1","1","2"
"六年升一阶","1","1","2"
"太极西柏堂","1","1","2"
"亲信二十人","1","1","2"
"仆射郭祚劝","1","1","2"
"赐帛八百匹","1","1","2"
"齐郡顺王简","2","0","2"
"累迁通直常","2","0","2"
"东南道大使","1","1","2"
"安德县开国","1","1","2"
"德县开国公","1","1","2"
"转光禄少卿","2","0","2"
"封济北郡王","1","1","2"
"赵郡王干薨","2","0","2"
"赠平昌县君","1","1","2"
"高太妃相见","1","1","2"
"愿官家千万","1","1","2"
"官家千万岁","1","1","2"
"召中尉崔亮","1","1","2"
"中尉崔亮入","1","1","2"
"付廷尉治罪","1","1","2"
"雍等五王入","1","1","2"
"洛阳县东北","1","1","2"
"故太傅北海","1","1","2"
"太傅北海王","1","1","2"
"转都官尚书","2","0","2"
"御史弹劾除","1","1","2"
"都督华豳东","1","1","2"
"督华豳东秦","1","1","2"
"华豳东秦诸","1","1","2"
"豳东秦诸军","1","1","2"
"进号征西将","2","0","2"
"号征西将军","2","0","2"
"相州行台甄","1","1","2"
"州行台甄密","1","1","2"
"行台甄密先","1","1","2"
"永安二年四","1","1","2"
"安二年四月","1","1","2"
"梁国城南登","1","1","2"
"克行台杨昱","1","1","2"
"改称建武元","1","1","2"
"称建武元年","1","1","2"
"乐县开国公","2","0","2"
"参决军国大","2","0","2"
"行抚军将军","2","0","2"
"改封彭城王","1","1","2"
"流化池芳林","1","1","2"
"令黄门侍郎","1","1","2"
"群臣应诏诗","1","1","2"
"高祖大笑曰","2","0","2"
"彭城国太妃","1","1","2"
"容谓群臣曰","2","0","2"
"家人书勰曰","2","0","2"
"行饮策勋礼","2","0","2"
"高祖谓勰曰","2","0","2"
"下念愚臣忘","1","1","2"
"中书舍人张","1","1","2"
"书舍人张儒","1","1","2"
"仰惟大行皇","1","1","2"
"都督冀定幽","1","1","2"
"书令王肃等","1","1","2"
"增邑一千五","2","0","2"
"遣主书刘道","1","1","2"
"主书刘道斌","1","1","2"
"业寿春内属","2","0","2"
"黄门侍郎郑","1","1","2"
"门侍郎郑道","1","1","2"
"侍郎郑道昭","1","1","2"
"汝阴太守王","1","1","2"
"宗临东堂引","2","0","2"
"陛下龙飞九","2","0","2"
"下龙飞九五","2","0","2"
"勰高阳王雍","2","0","2"
"冀州乐陵太","1","1","2"
"州乐陵太守","1","1","2"
"书令高肇性","1","1","2"
"郎中令魏偃","1","1","2"
"初令侍中元","1","1","2"
"令侍中元晖","1","1","2"
"侍中元晖奏","1","1","2"
"令左卫元珍","1","1","2"
"永平元年九","1","1","2"
"平元年九月","1","1","2"
"武士刀镮筑","2","0","2"
"士刀镮筑勰","2","0","2"
"东园第一秘","2","0","2"
"园第一秘器","2","0","2"
"奏太常卿刘","1","1","2"
"常卿刘芳议","1","1","2"
"迁神主太庙","2","0","2"
"萧衍遣将彭","2","0","2"
"丰王延明所","1","1","2"
"河文献王所","1","1","2"
"文献王所赏","1","1","2"
"城武宣王道","1","1","2"
"前后所封户","1","1","2"
"姓郁久闾氏","1","1","2"
"长子匹候跋","1","1","2"
"子匹候跋继","1","1","2"
"大碛南床山","2","0","2"
"碛南床山下","2","0","2"
"缊纥提子曷","2","0","2"
"纥提子曷多","2","0","2"
"提子曷多汗","2","0","2"
"社仑率部众","1","1","2"
"吴颉等十五","1","1","2"
"颉等十五人","1","1","2"
"等十五人归","1","1","2"
"仑遣骑救素","2","0","2"
"遣骑救素古","2","0","2"
"骑救素古延","2","0","2"
"大等谋杀社","2","0","2"
"等谋杀社仑","2","0","2"
"谋杀社仑立","2","0","2"
"杀社仑立大","2","0","2"
"永兴元年冬","1","1","2"
"破譬历辰部","1","1","2"
"譬历辰部落","1","1","2"
"宗人悦侯咄","1","1","2"
"等数百人降","2","0","2"
"牟汗纥升盖","1","1","2"
"阳侯奚斤等","1","1","2"
"始光元年秋","1","1","2"
"白黑两漠间","2","0","2"
"将军安原等","1","1","2"
"大檀遣子将","2","0","2"
"三千七百里","1","1","2"
"东西五千余","1","1","2"
"西五千余里","1","1","2"
"马百余万匹","1","1","2"
"世祖闻东部","2","0","2"
"祖闻东部高","2","0","2"
"闻东部高车","2","0","2"
"官军千余里","2","0","2"
"遣左仆射安","2","0","2"
"射安原等讨","2","0","2"
"高车诸部望","2","0","2"
"车诸部望军","2","0","2"
"诸部望军降","2","0","2"
"部望军降者","2","0","2"
"望军降者数","2","0","2"
"军降者数十","2","0","2"
"兄秃鹿傀左","2","0","2"
"秃鹿傀左右","2","0","2"
"鹿傀左右数","2","0","2"
"傀左右数百","2","0","2"
"河东公贺多","1","1","2"
"东公贺多罗","1","1","2"
"公贺多罗督","1","1","2"
"十五将东道","2","0","2"
"都王穆寿督","1","1","2"
"督十五将西","2","0","2"
"十五将西道","2","0","2"
"大泽向涿邪","1","1","2"
"泽向涿邪山","1","1","2"
"时漠北大旱","1","1","2"
"长孙道生拒","2","0","2"
"将帅五百人","1","1","2"
"高昌王东道","2","0","2"
"帅绵拔等率","2","0","2"
"乌朱驾颓率","1","1","2"
"号受罗部真","1","1","2"
"北镇游军大","2","0","2"
"镇游军大破","2","0","2"
"选精兵五千","1","1","2"
"精兵五千人","1","1","2"
"斩首五万级","1","1","2"
"降者万余人","1","1","2"
"十六年八月","1","1","2"
"斛律桓等十","1","1","2"
"律桓等十二","1","1","2"
"十二将七万","2","0","2"
"二将七万骑","2","0","2"
"众十余万落","2","0","2"
"频阿伏罗所","2","0","2"
"阿伏罗所败","2","0","2"
"王弥俄突所","1","1","2"
"弥俄突所杀","1","1","2"
"号豆罗伏跋","1","1","2"
"豆罗伏跋豆","1","1","2"
"罗伏跋豆伐","1","1","2"
"永平四年九","1","1","2"
"平四年九月","1","1","2"
"延昌三年冬","1","1","2"
"神龟元年二","1","1","2"
"龟元年二月","1","1","2"
"肃宗临显阳","2","0","2"
"宗临显阳殿","2","0","2"
"顾礼等二十","1","1","2"
"礼等二十人","1","1","2"
"中书舍人徐","1","1","2"
"书舍人徐纥","1","1","2"
"舍人徐纥宣","1","1","2"
"妻候吕陵氏","1","1","2"
"副升牟爵位","1","1","2"
"牛马羊三千","1","1","2"
"马羊三千头","1","1","2"
"弟乙居伐轻","1","1","2"
"乙居伐轻骑","1","1","2"
"母候吕陵氏","1","1","2"
"侍中陆希道","1","1","2"
"散骑常侍孟","1","1","2"
"骑常侍孟威","1","1","2"
"黄门郎元纂","1","1","2"
"中书舍人曹","1","1","2"
"书舍人曹道","1","1","2"
"舍人曹道宣","1","1","2"
"遣巩顾礼等","1","1","2"
"巩顾礼等使","1","1","2"
"付舍人常景","1","1","2"
"瑰等五十四","1","1","2"
"等五十四人","1","1","2"
"肃宗临西堂","2","0","2"
"伯叔兄弟五","1","1","2"
"叔兄弟五人","1","1","2"
"中书舍人穆","1","1","2"
"书舍人穆弼","1","1","2"
"瑰细明光人","1","1","2"
"细明光人马","1","1","2"
"明光人马铠","1","1","2"
"光人马铠二","1","1","2"
"铁人马铠六","1","1","2"
"露丝银缠槊","1","1","2"
"丝银缠槊二","1","1","2"
"银缠槊二张","1","1","2"
"露丝弓二张","1","1","2"
"朱漆柘弓六","1","1","2"
"漆柘弓六张","1","1","2"
"黑漆弓十张","1","1","2"
"父草马五百","1","1","2"
"草马五百匹","1","1","2"
"诏侍中崔光","2","0","2"
"怀朔镇将杨","1","1","2"
"朔镇将杨钧","1","1","2"
"浑河旃等二","1","1","2"
"河旃等二人","1","1","2"
"蠕蠕后主俟","1","1","2"
"蠕后主俟匿","1","1","2"
"后主俟匿伐","1","1","2"
"录尚书事高","1","1","2"
"尚书事高阳","1","1","2"
"书事高阳王","1","1","2"
"左仆射元钦","1","1","2"
"中安丰王延","2","0","2"
"部尚书元修","1","1","2"
"尚书元修义","1","1","2"
"门侍郎元纂","1","1","2"
"门侍郎张烈","1","1","2"
"结山吐若奚","1","1","2"
"山吐若奚泉","1","1","2"
"三年十二月","1","1","2"
"行台尚书持","1","1","2"
"台尚书持节","1","1","2"
"公私驿马牛","1","1","2"
"私驿马牛羊","1","1","2"
"驿马牛羊数","1","1","2"
"书令李崇等","1","1","2"
"率骑十万讨","2","0","2"
"中书舍人冯","1","1","2"
"书舍人冯俊","1","1","2"
"号敕连头兵","1","1","2"
"敕连头兵豆","1","1","2"
"连头兵豆伐","1","1","2"
"郁久闾弥娥","1","1","2"
"久闾弥娥等","1","1","2"
"永熙二年四","1","1","2"
"熙二年四月","1","1","2"
"齐献武王遣","2","0","2"
"阿瑰遣使朝","2","0","2"
"瑰遣使朝贡","2","0","2"
"妹乐安公主","1","1","2"
"乐安公主许","1","1","2"
"宗正元寿送","1","1","2"
"正元寿送公","1","1","2"
"元寿送公主","1","1","2"
"鹿浑海西北","1","1","2"
"获生口马牛","2","0","2"
"生口马牛羊","2","0","2"
"亲勒六军中","2","0","2"
"勒六军中道","2","0","2"
"杂种三十余","2","0","2"
"西北绝漠千","2","0","2"
"北绝漠千余","2","0","2"
"绝漠千余里","2","0","2"
"破遗迸七部","2","0","2"
"高车众鹿苑","2","0","2"
"率九百余落","2","0","2"
"九百余落内","2","0","2"
"部三十余落","1","1","2"
"部帅倍侯利","1","1","2"
"诏将军伊谓","2","0","2"
"书令刘洁等","1","1","2"
"随车驾南讨","2","0","2"
"都督宇文福","1","1","2"
"诏平北将军","2","0","2"
"江阳王继都","2","0","2"
"阳王继都督","2","0","2"
"使者薄颉随","1","1","2"
"子弥俄突等","1","1","2"
"羽林监孟威","1","1","2"
"使者慕容坦","1","1","2"
"者慕容坦赐","1","1","2"
"杂彩六十匹","2","0","2"
"献龙马五匹","1","1","2"
"乐工八十人","1","1","2"
"屋引叱贺真","1","1","2"
"使者谷楷等","1","1","2"
"秦城人莫折","1","1","2"
"部尚书李韶","1","1","2"
"姨弟卢道虔","1","1","2"
"尚书卢义僖","1","1","2"
"姨弟泾州刺","1","1","2"
"弟泾州刺史","1","1","2"
"泾州刺史卢","1","1","2"
"州刺史卢道","1","1","2"
"刺史卢道裕","1","1","2"
"永熙二年春","1","1","2"
"洛阳孝义里","1","1","2"
"值四方多难","1","1","2"
"除太学博士","2","0","2"
"黄门郎贾思","1","1","2"
"门郎贾思同","1","1","2"
"正员郎李慎","1","1","2"
"帝猜忌献武","1","1","2"
"想彼境内宁","1","1","2"
"彼境内宁静","1","1","2"
"想境内清晏","1","1","2"
"尺书征建鄴","2","0","2"
"折简召长安","1","1","2"
"州刺史崔圣","1","1","2"
"刺史崔圣念","1","1","2"
"吏部郎中尉","1","1","2"
"部郎中尉瑾","1","1","2"
"北第参掌机","1","1","2"
"第参掌机密","1","1","2"
"平原王高隆","1","1","2"
"通直常侍房","1","1","2"
"直常侍房延","1","1","2"
"司空司马辛","1","1","2"
"空司马辛元","1","1","2"
"司马辛元植","1","1","2"
"国子博士刁","1","1","2"
"子博士刁柔","1","1","2"
"尚书郎高孝","1","1","2"
"书郎高孝干","1","1","2"
"九十二列传","1","1","2"
"一百一十卷","1","1","2"
"除梁州刺史","2","0","2"
"一百三十卷","1","1","2"
"前后二表一","1","1","2"
"后二表一启","1","1","2"
"太祖独孤贺","2","0","2"
"祖独孤贺兰","2","0","2"
"独孤贺兰部","2","0","2"
"太医令阴光","1","1","2"
"神元皇帝后","2","0","2"
"稍迁洛阳令","2","0","2"
"太祖平中原","2","0","2"
"州守将封窦","1","1","2"
"守将封窦真","1","1","2"
"时太祖留心","1","1","2"
"太祖留心黄","1","1","2"
"祖留心黄老","1","1","2"
"位殿中尚书","2","0","2"
"除雍州刺史","2","0","2"
"晋怀帝刘聪","2","0","2"
"怀帝刘聪所","2","0","2"
"帝刘聪所执","2","0","2"
"桓帝子普根","2","0","2"
"普根先守外","2","0","2"
"大人梁盖等","1","1","2"
"人梁盖等杀","1","1","2"
"柔玄镇司马","1","1","2"
"羽林队仗副","1","1","2"
"孔雀老武官","1","1","2"
"害齐文襄王","1","1","2"
"怀朔镇都大","1","1","2"
"朔镇都大将","1","1","2"
"长史郑子湛","1","1","2"
"齐州城人赵","2","0","2"
"州城人赵洛","2","0","2"
"城人赵洛周","2","0","2"
"逐刺史丹阳","1","1","2"
"刺史丹阳王","1","1","2"
"史丹阳王萧","1","1","2"
"济南太守房","1","1","2"
"南太守房士","1","1","2"
"太守房士达","1","1","2"
"右卫将军郭","1","1","2"
"卫将军郭琼","1","1","2"
"尚书百揆本","2","0","2"
"书侍御史纠","1","1","2"
"书左仆射臣","1","1","2"
"中尉臣郦道","1","1","2"
"尉臣郦道元","1","1","2"
"臣郦道元举","1","1","2"
"郦道元举奏","1","1","2"
"尚书郎中裴","1","1","2"
"书郎中裴献","1","1","2"
"郎中裴献伯","1","1","2"
"尚书郎中王","1","1","2"
"书郎中王元","1","1","2"
"郎中王元旭","1","1","2"
"谨案尚书郎","1","1","2"
"案尚书郎中","1","1","2"
"尚书郎中臣","1","1","2"
"书郎中臣裴","1","1","2"
"郎中臣裴献","1","1","2"
"中臣裴献伯","1","1","2"
"时青州刺史","1","1","2"
"州刺史元世","1","1","2"
"刺史元世俊","1","1","2"
"天穆齐献武","2","0","2"
"穆齐献武王","2","0","2"
"时元颢乘虚","1","1","2"
"会车驾河内","2","0","2"
"除武卫将军","2","0","2"
"赠定州刺史","2","0","2"
"相乙浑谋反","1","1","2"
"使尚书令王","2","0","2"
"二人留守京","1","1","2"
"燕州刺史穆","1","1","2"
"遣任城王澄","2","0","2"
"尚书李冲等","1","1","2"
"前怀州刺史","1","1","2"
"怀州刺史青","1","1","2"
"州刺史青龙","1","1","2"
"前秦州刺史","1","1","2"
"秦州刺史吕","1","1","2"
"州刺史吕受","1","1","2"
"刺史吕受恩","1","1","2"
"史吕受恩等","1","1","2"
"太祖子孙异","2","0","2"
"祖子孙异姓","2","0","2"
"子孙异姓王","2","0","2"
"司徒冯诞薨","2","0","2"
"元业等兄弟","1","1","2"
"遣左右慰勉","2","0","2"
"坐事免官爵","2","0","2"
"兴公古弼讨","1","1","2"
"保宗弟文德","2","0","2"
"左右扶保宗","1","1","2"
"右扶保宗上","1","1","2"
"扶保宗上马","1","1","2"
"中尉李彪争","1","1","2"
"御史中尉避","1","1","2"
"所谓王孙公","1","1","2"
"谓王孙公子","1","1","2"
"寻雍州刺史","2","0","2"
"西征都督讨","1","1","2"
"高凉王等讨","2","0","2"
"斤行左丞相","2","0","2"
"引赫连屈丐","1","1","2"
"史元六头荒","1","1","2"
"元六头荒淫","1","1","2"
"赐爵东阿侯","2","0","2"
"赠镇西将军","2","0","2"
"延兴二年九","1","1","2"
"都督青徐齐","1","1","2"
"督青徐齐济","1","1","2"
"树生镇远将","1","1","2"
"生镇远将军","1","1","2"
"都督冀相沧","1","1","2"
"督冀相沧瀛","1","1","2"
"冀相沧瀛殷","1","1","2"
"相沧瀛殷定","1","1","2"
"沧瀛殷定六","1","1","2"
"瀛殷定六州","1","1","2"
"殷定六州诸","1","1","2"
"定六州诸军","1","1","2"
"勃海王国太","1","1","2"
"海王国太妃","1","1","2"
"加后部羽葆","2","0","2"
"云朔十州诸","1","1","2"
"朔十州诸军","1","1","2"
"清河郡开国","1","1","2"
"河郡开国公","1","1","2"
"累迁散骑常","2","0","2"
"徽俱使西域","2","0","2"
"都督青徐光","1","1","2"
"督青徐光三","1","1","2"
"青徐光三州","1","1","2"
"徐光三州诸","1","1","2"
"光三州诸军","1","1","2"
"安陵县开国","1","1","2"
"陵县开国男","1","1","2"
"河州刺史元","1","1","2"
"州刺史元祚","1","1","2"
"景进等招引","1","1","2"
"进等招引念","1","1","2"
"等招引念生","1","1","2"
"招引念生攻","1","1","2"
"台使元湛共","1","1","2"
"徽行河州事","2","0","2"
"遣统军六景","1","1","2"
"统军六景相","1","1","2"
"军六景相驰","1","1","2"
"督冀定相瀛","1","1","2"
"冀定相瀛沧","1","1","2"
"定相瀛沧五","1","1","2"
"相瀛沧五州","1","1","2"
"瀛沧五州诸","1","1","2"
"沧五州诸军","1","1","2"
"初除奉朝请","2","0","2"
"征虏府司马","1","1","2"
"镇远府长史","1","1","2"
"汾州后军府","1","1","2"
"州后军府长","1","1","2"
"后军府长史","1","1","2"
"南秦州长史","1","1","2"
"寻除御史中","2","0","2"
"使乞师常山","2","0","2"
"乞师常山王","2","0","2"
"师常山王遵","2","0","2"
"赐爵清河侯","1","1","2"
"平王丕等督","2","0","2"
"督诸军取上","2","0","2"
"诸军取上邽","2","0","2"
"方士韦文秀","1","1","2"
"少中书学生","2","0","2"
"昌黎二郡太","1","1","2"
"黎二郡太守","1","1","2"
"中散大夫党","1","1","2"
"散大夫党智","1","1","2"
"尚书左丞韦","1","1","2"
"寻除后将军","2","0","2"
"转七兵尚书","2","0","2"
"安德郡开国","1","1","2"
"德郡开国公","1","1","2"
"家太学博士","2","0","2"
"冀二州平北","1","1","2"
"二州平北府","1","1","2"
"州平北府长","1","1","2"
"平北府长史","1","1","2"
"赠殿中尚书","1","1","2"
"剡县开国子","1","1","2"
"南七州大使","1","1","2"
"南平王冯诞","1","1","2"
"平王冯诞等","1","1","2"
"赐布帛六百","1","1","2"
"布帛六百匹","1","1","2"
"司宗下大夫","1","1","2"
"容白曜平三","2","0","2"
"白曜平三齐","2","0","2"
"赐爵下密子","1","1","2"
"州刺史元志","2","0","2"
"荆州长流参","1","1","2"
"州长流参军","1","1","2"
"司空水曹参","1","1","2"
"空水曹参军","1","1","2"
"禄大夫武邑","1","1","2"
"何必蓬头垢","1","1","2"
"必蓬头垢面","1","1","2"
"勃海太守崔","1","1","2"
"海太守崔休","1","1","2"
"除国子博士","2","0","2"
"仆射游肇所","1","1","2"
"尚书仆射萧","1","1","2"
"书仆射萧宝","1","1","2"
"韦子粲等谋","1","1","2"
"慕容廆长史","1","1","2"
"卫王仪镇中","2","0","2"
"王仪镇中山","2","0","2"
"寻散骑常侍","2","0","2"
"次赵郡高邑","2","0","2"
"邓宗庆等号","1","1","2"
"散骑常侍故","2","0","2"
"车驾幸鲁口","2","0","2"
"博陵太守申","1","1","2"
"陵太守申永","1","1","2"
"高阳太守崔","1","1","2"
"阳太守崔玄","1","1","2"
"太守崔玄伯","1","1","2"
"赐爵下蔡子","1","1","2"
"赠青州刺史","2","0","2"
"稍迁尚书右","2","0","2"
"掠男女六千","1","1","2"
"男女六千口","2","0","2"
"时世祖南伐","1","1","2"
"河间二郡太","1","1","2"
"间二郡太守","1","1","2"
"后太中大夫","2","0","2"
"冀州刺史长","1","1","2"
"刺史长孙道","1","1","2"
"史长孙道生","1","1","2"
"南大将军长","1","1","2"
"安平公叔孙","1","1","2"
"平公叔孙建","1","1","2"
"补中书博士","2","0","2"
"入授高宗经","2","0","2"
"转中散大夫","2","0","2"
"时益州刺史","1","1","2"
"解褐太学博","2","0","2"
"褐太学博士","2","0","2"
"迁谏议大夫","2","0","2"
"元城县开国","1","1","2"
"讨吐京叛胡","2","0","2"
"随寿光侯叔","1","1","2"
"滑台等三城","1","1","2"
"表吴兵将军","2","0","2"
"始昌子苏坦","1","1","2"
"勃海封恺友","1","1","2"
"世祖平赫连","2","0","2"
"祖平赫连昌","2","0","2"
"赐爵燕郡公","1","1","2"
"刘义隆将彦","2","0","2"
"赐爵阳平公","1","1","2"
"赐爵昌平子","1","1","2"
"中护军将军","1","1","2"
"司徒田曹参","1","1","2"
"徒田曹参军","1","1","2"
"骠骑府外兵","1","1","2"
"骑府外兵参","1","1","2"
"太守祖季真","1","1","2"
"赐爵成纪侯","1","1","2"
"雍州刺史杨","1","1","2"
"州刺史杨佺","1","1","2"
"刺史杨佺期","1","1","2"
"赏赐奴婢百","1","1","2"
"太祖问先曰","2","0","2"
"陛下圣德膺","2","0","2"
"下圣德膺符","2","0","2"
"大将军右司","1","1","2"
"将军右司马","1","1","2"
"尚书右主客","1","1","2"
"书右主客郎","1","1","2"
"丞相卫王府","1","1","2"
"相卫王府左","1","1","2"
"卫王府左长","1","1","2"
"王府左长史","1","1","2"
"蠕蠕屡犯塞","2","0","2"
"马牛羊五十","1","1","2"
"牛羊五十头","1","1","2"
"三皇五帝治","1","1","2"
"时新息公王","1","1","2"
"新息公王洛","1","1","2"
"神二年卒","2","0","2"
"冯翊公源怀","1","1","2"
"翊公源怀等","1","1","2"
"广川都亭侯","1","1","2"
"遣太子宝寇","2","0","2"
"兄代郡太守","1","1","2"
"赐爵阳都男","1","1","2"
"时丞相乙浑","1","1","2"
"丞相乙浑擅","1","1","2"
"中书令勃海","1","1","2"
"高平公李敷","1","1","2"
"皇兴三年卒","2","0","2"
"秦王翰置秘","2","0","2"
"王翰置秘室","2","0","2"
"皇兴元年卒","2","0","2"
"华阴公主等","1","1","2"
"劝太宗迁都","1","1","2"
"昆明池水竭","1","1","2"
"宗将刘裕伐","2","0","2"
"所谓卞庄刺","1","1","2"
"谓卞庄刺虎","1","1","2"
"裕西入函谷","1","1","2"
"缥醪酒十觚","1","1","2"
"废主司马德","2","0","2"
"居正殿临朝","1","1","2"
"散骑常侍丘","1","1","2"
"骑常侍丘堆","1","1","2"
"太宗避居西","1","1","2"
"宗避居西宫","1","1","2"
"神中录图新","1","1","2"
"中录图新经","1","1","2"
"亲率轻骑袭","1","1","2"
"尚书郎邓渊","1","1","2"
"使黄门侍郎","1","1","2"
"能乘胜深入","1","1","2"
"东西五千里","1","1","2"
"世祖沿弱水","1","1","2"
"祖沿弱水西","1","1","2"
"沿弱水西行","1","1","2"
"卿才智渊博","1","1","2"
"歌工历颂群","2","0","2"
"工历颂群臣","2","0","2"
"长孙道生传","1","1","2"
"渠帅数百人","2","0","2"
"能弯弓持矛","1","1","2"
"南籓诸将表","2","0","2"
"籓诸将表刘","2","0","2"
"诸将表刘义","2","0","2"
"将表刘义隆","2","0","2"
"能成就大功","1","1","2"
"使兵连祸结","1","1","2"
"遣阳平王杜","1","1","2"
"平王杜超镇","1","1","2"
"王司马楚等","2","0","2"
"愿陛下西行","1","1","2"
"时方士祁纤","1","1","2"
"军马三十万","1","1","2"
"马三十万匹","1","1","2"
"弘农王奚斤","1","1","2"
"农王奚斤等","1","1","2"
"王奚斤等三","1","1","2"
"斤等三十余","2","0","2"
"天梯山上冬","1","1","2"
"群臣敢复言","2","0","2"
"侍郎张伟参","1","1","2"
"顺阳公兰延","1","1","2"
"行台中外诸","1","1","2"
"台中外诸军","1","1","2"
"赐缯絮布帛","1","1","2"
"著作令史太","1","1","2"
"作令史太原","1","1","2"
"令史太原闵","1","1","2"
"史太原闵湛","1","1","2"
"赵郡郄标素","1","1","2"
"秦始皇烧书","1","1","2"
"君十一年六","1","1","2"
"十一年六月","1","1","2"
"郄标等立石","1","1","2"
"镇北将军王","1","1","2"
"浩小名桃简","1","1","2"
"河西王秃发","1","1","2"
"秃发傉檀子","2","0","2"
"高宗谓群臣","2","0","2"
"宗谓群臣曰","2","0","2"
"显祖将传位","2","0","2"
"祖将传位京","2","0","2"
"将传位京兆","2","0","2"
"传位京兆王","2","0","2"
"都督诸军屯","1","1","2"
"督诸军屯漠","2","0","2"
"节奉皇帝玺","2","0","2"
"奉皇帝玺绶","2","0","2"
"皇帝玺绶授","1","1","2"
"斩首三千级","1","1","2"
"强弩十二床","1","1","2"
"武卫三百乘","1","1","2"
"武略大将二","1","1","2"
"略大将二人","1","1","2"
"太元年二月","2","0","2"
"杂彩五百匹","2","0","2"
"复殿中尚书","2","0","2"
"都督雍岐东","1","1","2"
"督雍岐东秦","1","1","2"
"徵尚书左仆","2","0","2"
"凉州大中正","1","1","2"
"贼臣宗爱所","1","1","2"
"臣宗爱所弑","1","1","2"
"时高宗避难","1","1","2"
"臣亡父先臣","2","0","2"
"授抚军大将","1","1","2"
"时都督诸将","1","1","2"
"钜鹿郡开国","1","1","2"
"劲势倾朝野","1","1","2"
"怀朔镇将元","1","1","2"
"朔镇将元尼","1","1","2"
"镇将元尼须","1","1","2"
"正始元年九","1","1","2"
"始元年九月","1","1","2"
"率十二万骑","1","1","2"
"镇左右要害","1","1","2"
"尚书郎中韩","1","1","2"
"书郎中韩贞","1","1","2"
"时武兴氐王","1","1","2"
"武兴氐王杨","1","1","2"
"兴氐王杨绍","1","1","2"
"氐王杨绍先","1","1","2"
"王杨绍先叔","2","0","2"
"都督平氐诸","1","1","2"
"督平氐诸军","1","1","2"
"平氐诸军事","1","1","2"
"吏部尚书卢","1","1","2"
"部尚书卢昶","1","1","2"
"尚书卢昶奏","2","0","2"
"尚书北主客","1","1","2"
"书北主客郎","1","1","2"
"河州羌铁忽","2","0","2"
"州羌铁忽反","2","0","2"
"诏子恭持节","2","0","2"
"臣闻辟台望","1","1","2"
"闻辟台望气","1","1","2"
"征建兴都督","1","1","2"
"正平都督长","1","1","2"
"平都督长孙","1","1","2"
"督长孙稚合","1","1","2"
"贼帅范明远","1","1","2"
"贼帅刘牙奴","1","1","2"
"史元愿达城","2","0","2"
"都督尉庆宾","1","1","2"
"将夏侯夔率","1","1","2"
"夏侯夔率众","1","1","2"
"侯夔率众数","1","1","2"
"夔率众数万","1","1","2"
"率众数万寇","2","0","2"
"夔乘势分兵","1","1","2"
"萧衍豫州刺","1","1","2"
"豫州刺史夏","1","1","2"
"州刺史夏侯","1","1","2"
"萧衍直阁将","2","0","2"
"军主胡智达","1","1","2"
"主胡智达等","1","1","2"
"胡智达等八","1","1","2"
"监军阎次洪","1","1","2"
"军阎次洪入","1","1","2"
"阎次洪入寇","1","1","2"
"州城东北四","1","1","2"
"城东北四十","1","1","2"
"徵右光禄大","2","0","2"
"临颍县开国","1","1","2"
"颍县开国侯","1","1","2"
"寻迁卫将军","2","0","2"
"子恭所部都","1","1","2"
"恭所部都督","1","1","2"
"所部都督史","1","1","2"
"部都督史仵","1","1","2"
"临汝县开国","1","1","2"
"汝县开国子","1","1","2"
"城县开国男","1","1","2"
"新城县开国","1","1","2"
"齐献武王军","1","1","2"
"献武王军司","1","1","2"
"骑常侍王洛","1","1","2"
"常侍王洛兒","1","1","2"
"太宗亲临哀","2","0","2"
"宗亲临哀恸","2","0","2"
"赐爵金乡公","1","1","2"
"左卫大将军","1","1","2"
"忠谨侍东宫","2","0","2"
"真君三年冬","1","1","2"
"车驾幸阴山","2","0","2"
"礼依安城王","2","0","2"
"平王杜超女","2","0","2"
"南安长公主","1","1","2"
"兴安二年卒","2","0","2"
"世祖讨山胡","2","0","2"
"祖讨山胡白","2","0","2"
"进爵魏郡王","2","0","2"
"文明太后频","1","1","2"
"中尉王显所","2","0","2"
"尉王显所弹","2","0","2"
"高阳长公主","1","1","2"
"矫诏杀买奴","2","0","2"
"诏杀买奴苑","2","0","2"
"司徒仓曹参","1","1","2"
"徒仓曹参军","1","1","2"
"平西府司马","1","1","2"
"尚华阴公主","2","0","2"
"司马德宗平","2","0","2"
"马德宗平西","2","0","2"
"德宗平西将","2","0","2"
"宗平西将军","2","0","2"
"镇北将军鲁","1","1","2"
"北将军鲁宗","1","1","2"
"子竟陵太守","1","1","2"
"太宗遣长孙","2","0","2"
"征虏将军姚","1","1","2"
"虏将军姚成","1","1","2"
"将军姚成王","1","1","2"
"冠军将军司","1","1","2"
"军将军司马","1","1","2"
"将军司马国","1","1","2"
"桓璲桓温孙","2","0","2"
"璲桓温孙道","2","0","2"
"陈郡袁式等","2","0","2"
"郡袁式等数","2","0","2"
"追赠征西大","1","1","2"
"督洛豫诸军","2","0","2"
"毗陵公窦瑾","1","1","2"
"司马德宗梁","2","0","2"
"参军杨承祖","1","1","2"
"军杨承祖所","1","1","2"
"杨承祖所杀","1","1","2"
"历阳西入义","1","1","2"
"阳西入义阳","1","1","2"
"祖荆州刺史","1","1","2"
"所率户民分","1","1","2"
"长史临邑子","1","1","2"
"史临邑子步","1","1","2"
"陛下应天顺","1","1","2"
"臣奉命南伐","1","1","2"
"义隆兄弟知","1","1","2"
"伏惟陛下圣","2","0","2"
"等督关中诸","2","0","2"
"关中诸军散","2","0","2"
"中诸军散关","2","0","2"
"诸军散关西","2","0","2"
"军散关西入","2","0","2"
"济阴公卢中","1","1","2"
"阴公卢中山","1","1","2"
"公卢中山等","1","1","2"
"时镇北将军","1","1","2"
"将军封沓亡","2","0","2"
"军封沓亡入","2","0","2"
"封沓亡入蠕","2","0","2"
"沓亡入蠕蠕","2","0","2"
"云中镇大将","1","1","2"
"时年七十五","1","1","2"
"平公安颉督","1","1","2"
"安颉督诸军","2","0","2"
"河内太守丘","1","1","2"
"内太守丘陈","1","1","2"
"豫二州诸军","1","1","2"
"安定镇大将","1","1","2"
"复除散骑常","2","0","2"
"长安镇大将","1","1","2"
"都督秦雍诸","1","1","2"
"督秦雍诸军","1","1","2"
"秦雍诸军事","1","1","2"
"选精兵五百","1","1","2"
"精兵五百人","1","1","2"
"俟征西大将","1","1","2"
"进爵东平王","2","0","2"
"晋御史中丞","1","1","2"
"刘裕轻狡薄","1","1","2"
"裕轻狡薄行","1","1","2"
"奔姚兴豫州","1","1","2"
"姚兴豫州牧","1","1","2"
"兴豫州牧姚","1","1","2"
"豫州牧姚绍","1","1","2"
"雍建义将军","1","1","2"
"间招集流散","1","1","2"
"裕青州军所","1","1","2"
"青州军所逼","1","1","2"
"刘裕父子应","1","1","2"
"刘义符青州","1","1","2"
"义符遣将檀","2","0","2"
"符遣将檀道","2","0","2"
"遣将檀道济","2","0","2"
"置二十七营","1","1","2"
"沛四郡九县","1","1","2"
"赐爵东安侯","1","1","2"
"徐四州诸军","1","1","2"
"徐豫二州刺","1","1","2"
"公古弼等十","1","1","2"
"古弼等十余","1","1","2"
"富平西南三","1","1","2"
"平西南三十","1","1","2"
"西南三十里","1","1","2"
"东西四十五","1","1","2"
"西四十五里","1","1","2"
"北行四十里","1","1","2"
"小河东南岸","1","1","2"
"计长二百七","1","1","2"
"长二百七十","1","1","2"
"二百七十步","1","1","2"
"私田四万余","1","1","2"
"田四万余顷","1","1","2"
"卿忧国爱民","1","1","2"
"便国利民者","2","0","2"
"沃野八百里","1","1","2"
"诸益国利民","2","0","2"
"卿深思远虑","1","1","2"
"令木石革心","1","1","2"
"伤礼乐崩亡","1","1","2"
"上疏求定诸","1","1","2"
"书监高允等","1","1","2"
"太祖定中原","2","0","2"
"诸将珍宝杂","1","1","2"
"将珍宝杂物","1","1","2"
"赐奴婢十五","2","0","2"
"奴婢十五户","1","1","2"
"重臣奉诏褒","1","1","2"
"遣中兵校郎","1","1","2"
"中兵校郎杨","1","1","2"
"兵校郎杨定","1","1","2"
"校郎杨定归","1","1","2"
"郎杨定归白","1","1","2"
"杨定归白顺","1","1","2"
"能贻厥孙谋","2","0","2"
"敦煌太守牧","1","1","2"
"煌太守牧犍","1","1","2"
"凉州乏水草","2","0","2"
"受牧犍父子","1","1","2"
"秘书下大夫","1","1","2"
"历散骑常侍","2","0","2"
"正光二年二","1","1","2"
"光二年二月","1","1","2"
"元法僧徐州","2","0","2"
"淮南大都督","1","1","2"
"北将军元树","1","1","2"
"右卫将军胡","1","1","2"
"卫将军胡龙","1","1","2"
"将军胡龙牙","1","1","2"
"护军将军夏","1","1","2"
"军将军夏侯","1","1","2"
"女婿安乐王","1","1","2"
"都督定冀相","1","1","2"
"督定冀相殷","1","1","2"
"定冀相殷四","1","1","2"
"冀相殷四州","1","1","2"
"王大行台郎","1","1","2"
"中外府长史","1","1","2"
"大将军府法","1","1","2"
"将军府法曹","1","1","2"
"军府法曹参","1","1","2"
"太宰府主簿","1","1","2"
"都督殷沧二","1","1","2"
"督殷沧二州","1","1","2"
"殷沧二州诸","1","1","2"
"庶长兄长剑","1","1","2"
"文明太后追","1","1","2"
"明太后追念","1","1","2"
"守度支尚书","1","1","2"
"试守博陵郡","1","1","2"
"太尉谘议参","1","1","2"
"定州镇军长","1","1","2"
"州镇军长史","1","1","2"
"时逆贼杜洛","1","1","2"
"逆贼杜洛周","1","1","2"
"贼杜洛周侵","1","1","2"
"朱荣擒葛荣","1","1","2"
"王大丞相谘","1","1","2"
"大丞相谘议","1","1","2"
"丞相谘议参","1","1","2"
"相谘议参军","1","1","2"
"固安县开国","1","1","2"
"大行台右丞","1","1","2"
"康生等率众","2","0","2"
"行河内郡事","1","1","2"
"统军王佑等","1","1","2"
"军司苟金养","1","1","2"
"时年四十四","2","0","2"
"附侍中元晖","1","1","2"
"常裸身披发","1","1","2"
"孝昌二年冬","1","1","2"
"都督相州防","1","1","2"
"督相州防城","1","1","2"
"天平四年夏","1","1","2"
"济州辅国府","1","1","2"
"州辅国府长","1","1","2"
"辅国府长史","1","1","2"
"尚书中兵郎","1","1","2"
"史桓叔兴驱","1","1","2"
"除尚书左丞","2","0","2"
"相州高阳王","1","1","2"
"冀州赵郡王","1","1","2"
"尚书左民郎","1","1","2"
"书左民郎中","1","1","2"
"兗州平东府","2","0","2"
"黄门李郁讲","1","1","2"
"中书舍人卢","1","1","2"
"书舍人卢景","1","1","2"
"舍人卢景宣","1","1","2"
"武定四年夏","1","1","2"
"孝元皇后生","1","1","2"
"元皇后生献","1","1","2"
"皇后生献文","1","1","2"
"后生献文皇","1","1","2"
"人生安乐厉","1","1","2"
"生安乐厉王","1","1","2"
"沮渠夫人生","1","1","2"
"渠夫人生齐","1","1","2"
"夫人生齐郡","1","1","2"
"人生齐郡顺","1","1","2"
"生齐郡顺王","1","1","2"
"乙夫人生河","1","1","2"
"夫人生河间","1","1","2"
"人生河间孝","1","1","2"
"生河间孝王","1","1","2"
"人生韩哀王","1","1","2"
"内行长乙肆","1","1","2"
"行长乙肆虎","1","1","2"
"长乙肆虎谋","1","1","2"
"北讨大都督","1","1","2"
"北道行台尚","1","1","2"
"道行台尚书","1","1","2"
"行台尚书令","1","1","2"
"都督裴衍共","1","1","2"
"见天下多事","2","0","2"
"位中都大官","2","0","2"
"典命下大夫","1","1","2"
"燕郡公常喜","1","1","2"
"齐郡王子琛","2","0","2"
"南秦二州氐","1","1","2"
"临淮王彧等","2","0","2"
"侍中崔光撰","1","1","2"
"河间人信都","1","1","2"
"间人信都芳","1","1","2"
"赐爵太原公","1","1","2"
"封爵中山王","1","1","2"
"置王官二十","1","1","2"
"王官二十二","1","1","2"
"官二十二人","1","1","2"
"中书侍郎郑","1","1","2"
"时年四十八","1","1","2"
"昌公王遇监","1","1","2"
"内侍长董丑","1","1","2"
"侍长董丑奴","1","1","2"
"二十里大道","1","1","2"
"员外通直散","1","1","2"
"外通直散骑","1","1","2"
"诸王公卿士","2","0","2"
"侯天盛兄弟","1","1","2"
"长安人赵僧","1","1","2"
"扈左右赵修","1","1","2"
"雍州人赵僧","1","1","2"
"巴陵王休若","1","1","2"
"刺史沈陵见","1","1","2"
"门侍郎元匡","1","1","2"
"州阳平太守","1","1","2"
"迁骠骑将军","2","0","2"
"将军刘胄本","1","1","2"
"右卫大将军","1","1","2"
"迎肃宗东宫","2","0","2"
"除左卫将军","2","0","2"
"中尉元匡所","1","1","2"
"尉元匡所弹","1","1","2"
"见廷尉卿裴","1","1","2"
"廷尉卿裴延","1","1","2"
"世祖遣李顺","2","0","2"
"妹武威公主","1","1","2"
"献马五百匹","1","1","2"
"黄金五百斤","1","1","2"
"河西国太后","1","1","2"
"将军沮渠旁","1","1","2"
"军沮渠旁周","1","1","2"
"尚书李顺赐","1","1","2"
"遣尚书贺多","1","1","2"
"尚书贺多罗","1","1","2"
"牧犍兄子祖","2","0","2"
"犍兄子祖逾","2","0","2"
"兄子祖逾城","2","0","2"
"子祖逾城降","2","0","2"
"牧犍兄子万","2","0","2"
"犍兄子万年","2","0","2"
"兄子万年率","2","0","2"
"子万年率麾","2","0","2"
"万年率麾下","2","0","2"
"年率麾下降","2","0","2"
"牧犍左右文","2","0","2"
"犍左右文武","2","0","2"
"凉州民三万","2","0","2"
"州民三万余","2","0","2"
"民三万余家","2","0","2"
"三万余家京","2","0","2"
"万余家京师","2","0","2"
"敦煌城东门","1","1","2"
"凉王三十年","1","1","2"
"河西三十年","1","1","2"
"姑臧南山祀","1","1","2"
"兄弟三人传","1","1","2"
"妹曼头陀林","1","1","2"
"曼头陀林私","1","1","2"
"头陀林私通","1","1","2"
"昭仪沮渠氏","1","1","2"
"诏司徒崔浩","2","0","2"
"第赐牧犍死","1","1","2"
"河东蜀薛安","1","1","2"
"东蜀薛安都","1","1","2"
"五部大都督","1","1","2"
"北部都督刘","1","1","2"
"部都督刘宣","1","1","2"
"都督刘宣等","1","1","2"
"太弟屯骑校","1","1","2"
"弟屯骑校尉","1","1","2"
"都督北城守","1","1","2"
"督北城守事","1","1","2"
"州刺史王浚","1","1","2"
"参丞相军事","1","1","2"
"桓帝十一年","1","1","2"
"史司马腾乞","2","0","2"
"司马腾乞师","2","0","2"
"斩渊将綦母","2","0","2"
"渊将綦母豚","2","0","2"
"渊南走蒲子","2","0","2"
"新兴太守郭","1","1","2"
"兴太守郭颐","1","1","2"
"赤沙中郎将","1","1","2"
"右积弩将军","1","1","2"
"都水使者襄","1","1","2"
"水使者襄陵","1","1","2"
"使者襄陵王","1","1","2"
"者襄陵王摅","1","1","2"
"将作大匠望","1","1","2"
"作大匠望都","1","1","2"
"大匠望都公","1","1","2"
"匠望都公靳","1","1","2"
"望都公靳陵","1","1","2"
"光禄大夫庾","1","1","2"
"禄大夫庾珉","1","1","2"
"大夫庾珉等","1","1","2"
"遣刘曜攻陷","1","1","2"
"大将军靳准","1","1","2"
"长七尺五寸","2","0","2"
"光禄大夫程","1","1","2"
"禄大夫程遐","1","1","2"
"中书令徐光","1","1","2"
"彭城王石堪","1","1","2"
"省尚书奏事","2","0","2"
"中庶子李颜","1","1","2"
"庶子李颜等","1","1","2"
"四十余万人","1","1","2"
"船夫十七万","1","1","2"
"夫十七万人","1","1","2"
"遣司虞中郎","1","1","2"
"司虞中郎将","1","1","2"
"虞中郎将贾","1","1","2"
"中郎将贾霸","1","1","2"
"郎将贾霸率","1","1","2"
"高一丈八尺","1","1","2"
"高一丈七尺","1","1","2"
"牛二万余头","1","1","2"
"官二十四等","1","1","2"
"公侯七十余","1","1","2"
"侯七十余国","1","1","2"
"置女官九等","1","1","2"
"发民女二十","1","1","2"
"虎遣使朝贡","2","0","2"
"垂定都中山","1","1","2"
"建宗庙社稷","1","1","2"
"遣秦王觚使","2","0","2"
"太史令靳安","1","1","2"
"彗星经尾箕","1","1","2"
"号大魏天王","1","1","2"
"垂率步骑七","1","1","2"
"率步骑七万","1","1","2"
"宝引船列兵","1","1","2"
"将士三百余","1","1","2"
"宝烧船夜遁","2","0","2"
"精锐二万余","1","1","2"
"锐二万余骑","1","1","2"
"蟠羊山南水","1","1","2"
"羊山南水上","1","1","2"
"宝军四五万","1","1","2"
"军四五万人","1","1","2"
"王公文武将","1","1","2"
"公文武将吏","1","1","2"
"坚遣使牛恬","2","0","2"
"遣使牛恬朝","2","0","2"
"使牛恬朝贡","2","0","2"
"尚书令王猛","1","1","2"
"右将军杨安","1","1","2"
"将军杨安攻","1","1","2"
"军杨安攻克","1","1","2"
"武卫将军苟","1","1","2"
"卫将军苟苌","1","1","2"
"子长乐公丕","2","0","2"
"骁骑将军石","1","1","2"
"骑将军石越","1","1","2"
"镇军将军毛","1","1","2"
"宫殿台观应","1","1","2"
"殿台观应坐","1","1","2"
"坚入五将山","1","1","2"
"卫将军杨定","1","1","2"
"名犯高祖庙","2","0","2"
"遣谒者仆射","2","0","2"
"仆射张济使","2","0","2"
"大破乞伏乾","1","1","2"
"破乞伏乾归","1","1","2"
"高平公没弈","1","1","2"
"天兴五年夏","1","1","2"
"义阳公平率","2","0","2"
"阳公平率众","2","0","2"
"公平率众四","2","0","2"
"平率众四万","2","0","2"
"率众四万侵","2","0","2"
"毗陵王顺等","2","0","2"
"三军六万骑","1","1","2"
"平募遣勇将","2","0","2"
"率精骑二百","2","0","2"
"精骑二百窥","2","0","2"
"骑二百窥军","2","0","2"
"兴悉举众救","2","0","2"
"截汾曲南北","2","0","2"
"汾曲南北浮","2","0","2"
"曲南北浮桥","2","0","2"
"乘西岸筑围","2","0","2"
"西岸窥视太","1","1","2"
"岸窥视太祖","1","1","2"
"扬武将军雷","1","1","2"
"武将军雷重","1","1","2"
"将军雷重等","1","1","2"
"军雷重等将","1","1","2"
"雷重等将士","1","1","2"
"散骑常侍东","1","1","2"
"骑常侍东武","1","1","2"
"常侍东武侯","1","1","2"
"侍东武侯姚","1","1","2"
"党姚武伯等","1","1","2"
"正平元年正","1","1","2"
"事仇尼道盛","1","1","2"
"侍郎任平城","1","1","2"
"侍中吴兴公","1","1","2"
"侍中太原公","1","1","2"
"中太原公薛","1","1","2"
"太原公薛提","1","1","2"
"原公薛提等","1","1","2"
"小黄门贾周","1","1","2"
"黄门贾周等","1","1","2"
"酒泉安弥县","1","1","2"
"书侍郎崔鉴","1","1","2"
"北部主书郎","1","1","2"
"部主书郎公","1","1","2"
"主书郎公孙","1","1","2"
"书郎公孙处","1","1","2"
"郎公孙处显","1","1","2"
"选部监公孙","1","1","2"
"部监公孙蘧","1","1","2"
"尚书主书郎","1","1","2"
"谷一千五百","1","1","2"
"一千五百石","1","1","2"
"绢四百五十","1","1","2"
"四百五十匹","1","1","2"
"车牛二十乘","1","1","2"
"追赠司空公","1","1","2"
"族弟赵奴第","1","1","2"
"弟赵奴第四","1","1","2"
"扬州安南府","1","1","2"
"州安南府长","1","1","2"
"安南府长史","1","1","2"
"官乐陵太守","2","0","2"
"转谒者仆射","2","0","2"
"陈留公主所","1","1","2"
"留公主所告","1","1","2"
"特加龙骧将","1","1","2"
"太后宣光殿","2","0","2"
"使中常侍贾","1","1","2"
"中常侍贾粲","1","1","2"
"常侍贾粲假","1","1","2"
"正光四年三","1","1","2"
"光四年三月","1","1","2"
"赗帛七百匹","2","0","2"
"奉车都尉周","1","1","2"
"车都尉周特","1","1","2"
"司马德宗立","2","0","2"
"信任尚书仆","1","1","2"
"说荆州刺史","1","1","2"
"德宗兗州刺","2","0","2"
"宗兗州刺史","2","0","2"
"兗州刺史王","2","0","2"
"广二州诸军","1","1","2"
"豫州刺史庾","1","1","2"
"州刺史庾楷","1","1","2"
"刺史庾楷共","1","1","2"
"史殷仲堪等","1","1","2"
"殷仲堪等率","1","1","2"
"仲堪等率军","1","1","2"
"征虏将军司","1","1","2"
"虏将军司马","1","1","2"
"司马元显一","1","1","2"
"马元显一军","1","1","2"
"玄都督荆州","1","1","2"
"都督荆州四","1","1","2"
"督荆州四郡","1","1","2"
"梁州刺史郭","1","1","2"
"州刺史郭铨","1","1","2"
"仲堪遣龙骧","2","0","2"
"堪遣龙骧将","2","0","2"
"龙骧将军殷","1","1","2"
"骧将军殷迈","1","1","2"
"振威将军刘","1","1","2"
"威将军刘山","1","1","2"
"将军刘山民","1","1","2"
"军刘山民等","1","1","2"
"参军罗企生","1","1","2"
"军罗企生等","1","1","2"
"玄大论功赏","1","1","2"
"赖祖宗威灵","1","1","2"
"玄等猖狂失","1","1","2"
"对侍中王谧","1","1","2"
"案扬州刺史","1","1","2"
"退入国子堂","1","1","2"
"吏部郎袁遵","1","1","2"
"班剑六十人","1","1","2"
"左仆射桓谦","1","1","2"
"丹阳尹卞范","1","1","2"
"司徒王谧授","1","1","2"
"禄大夫武陵","1","1","2"
"大夫武陵王","1","1","2"
"夫武陵王司","1","1","2"
"武陵王司马","1","1","2"
"陵王司马遵","1","1","2"
"王司马遵授","1","1","2"
"玄骄逸荒纵","1","1","2"
"顿丘太守吴","1","1","2"
"丘太守吴甫","1","1","2"
"右卫将军皇","1","1","2"
"卫将军皇甫","1","1","2"
"将军皇甫敷","1","1","2"
"西中郎将桓","1","1","2"
"中郎将桓石","1","1","2"
"郎将桓石康","1","1","2"
"冠军将军刘","1","1","2"
"军将军刘毅","1","1","2"
"南平太守冯","1","1","2"
"梁州刺史桓","1","1","2"
"州刺史桓希","1","1","2"
"德宗入南郡","2","0","2"
"宗入南郡府","2","0","2"
"屯骑校尉毛","1","1","2"
"益州参军费","1","1","2"
"州参军费恬","1","1","2"
"益州督护冯","1","1","2"
"州督护冯迁","1","1","2"
"督护冯迁抽","1","1","2"
"聚党数千人","2","0","2"
"江豫二州刺","1","1","2"
"名犯显祖庙","2","0","2"
"通婴城固守","2","0","2"
"尚书郭渊劝","1","1","2"
"后妻慕容氏","1","1","2"
"平二州东夷","1","1","2"
"二州东夷诸","1","1","2"
"州东夷诸军","1","1","2"
"东夷诸军事","1","1","2"
"文通遣将封","2","0","2"
"通遣将封羽","2","0","2"
"健督诸军救","2","0","2"
"文通遣尚书","2","0","2"
"通遣尚书高","2","0","2"
"遣尚书高颙","2","0","2"
"骑常侍刘训","1","1","2"
"长一尺二寸","1","1","2"
"龙城王冯君","1","1","2"
"死者十余人","2","0","2"
"乌违等二人","1","1","2"
"玄孙乙弗利","1","1","2"
"慕容元真率","1","1","2"
"男女五万余","1","1","2"
"女五万余口","1","1","2"
"者安东奉表","1","1","2"
"散骑侍郎李","1","1","2"
"骑侍郎李敖","1","1","2"
"辽东南一千","1","1","2"
"东南一千余","1","1","2"
"南一千余里","1","1","2"
"黄金二百斤","1","1","2"
"白银四百斤","1","1","2"
"时冯文通率","1","1","2"
"冯文通率众","1","1","2"
"称文通俱奉","2","0","2"
"文通俱奉王","2","0","2"
"通俱奉王化","2","0","2"
"尚书李敷等","1","1","2"
"散骑常侍程","1","1","2"
"骑常侍程骏","1","1","2"
"谒者仆射李","1","1","2"
"者仆射李安","1","1","2"
"仆射李安上","1","1","2"
"策赠车骑大","2","0","2"
"遣世子入朝","1","1","2"
"灵太后举哀","2","0","2"
"太后举哀东","2","0","2"
"后举哀东堂","2","0","2"
"豆莫娄等国","1","1","2"
"贡马五百匹","1","1","2"
"遣乙力支奉","1","1","2"
"乙力支奉使","1","1","2"
"力支奉使大","1","1","2"
"婆非等五百","1","1","2"
"王俭卫军府","1","1","2"
"俭卫军府户","1","1","2"
"卫军府户曹","1","1","2"
"军府户曹属","1","1","2"
"武卫将军宇","1","1","2"
"卫将军宇文","1","1","2"
"梓潼二郡太","1","1","2"
"潼二郡太守","1","1","2"
"郡太守刘山","1","1","2"
"太守刘山阳","1","1","2"
"萧颖胄所杀","1","1","2"
"弟荆州刺史","1","1","2"
"主党法宗袭","2","0","2"
"擒龙骧将军","2","0","2"
"任城王澄遣","2","0","2"
"宁朔将军吴","1","1","2"
"朔将军吴道","1","1","2"
"长史潘伯怜","1","1","2"
"史潘伯怜屯","1","1","2"
"潘伯怜屯军","1","1","2"
"伯怜屯军淮","1","1","2"
"怜屯军淮陵","1","1","2"
"将赵祖悦屯","1","1","2"
"姜庆真袭陷","2","0","2"
"庆真袭陷寿","2","0","2"
"真袭陷寿春","2","0","2"
"袭陷寿春外","2","0","2"
"陷寿春外郭","2","0","2"
"军张惠绍率","1","1","2"
"骁骑将军祁","1","1","2"
"景悦等十将","2","0","2"
"元英破衍将","2","0","2"
"英破衍将王","2","0","2"
"破衍将王僧","2","0","2"
"衍将王僧炳","2","0","2"
"将王僧炳樊","2","0","2"
"王僧炳樊城","2","0","2"
"破衍将马仙","2","0","2"
"擒冠军将军","2","0","2"
"灵恩等十余","2","0","2"
"恩等十余将","2","0","2"
"衍霍州刺史","2","0","2"
"刺史张宗遣","2","0","2"
"史张宗遣使","2","0","2"
"张宗遣使内","2","0","2"
"宗遣使内附","2","0","2"
"衍梁秦二州","2","0","2"
"梁秦二州行","2","0","2"
"道迁汉中内","2","0","2"
"迁汉中内附","2","0","2"
"范始男送京","2","0","2"
"始男送京师","2","0","2"
"峦遣统军王","2","0","2"
"军冯文豪等","1","1","2"
"俘斩三千级","2","0","2"
"斩秦梁二州","2","0","2"
"秦梁二州刺","2","0","2"
"王明达等三","1","1","2"
"明达等三十","1","1","2"
"等三十余将","2","0","2"
"俘虏二千五","1","1","2"
"虏二千五百","1","1","2"
"二千五百人","1","1","2"
"刺史元嵩击","2","0","2"
"史元嵩击破","2","0","2"
"史王茂先寇","2","0","2"
"王茂先寇荆","2","0","2"
"茂先寇荆州","2","0","2"
"史王伯敖入","1","1","2"
"王伯敖入寇","1","1","2"
"伯敖入寇阴","1","1","2"
"敖入寇阴陵","1","1","2"
"斩将二十五","2","0","2"
"军矫道仪屯","1","1","2"
"死者四千余","2","0","2"
"斩大将蓝怀","2","0","2"
"蓝怀恭等三","1","1","2"
"怀恭等三十","1","1","2"
"恭等三十余","1","1","2"
"追斩数万级","2","0","2"
"临川王萧密","1","1","2"
"刺史昌义等","2","0","2"
"马头戍主朱","1","1","2"
"头戍主朱思","1","1","2"
"将三十余人","1","1","2"
"征虏将军马","1","1","2"
"虏将军马仙","1","1","2"
"将军马仙琕","2","0","2"
"三万寇义阳","2","0","2"
"衍遣将齐苟","2","0","2"
"遣将齐苟仁","2","0","2"
"苟仁等四将","2","0","2"
"仁等四将助","2","0","2"
"峦攻克悬瓠","1","1","2"
"众三千余人","1","1","2"
"朔将军张凝","1","1","2"
"将军张凝等","1","1","2"
"将马仙琕金","2","0","2"
"马仙琕金山","2","0","2"
"刺史娄悦击","2","0","2"
"史娄悦击走","2","0","2"
"中山王英攻","2","0","2"
"擒衍云骑将","2","0","2"
"衍云骑将军","2","0","2"
"国伯徐元秀","1","1","2"
"伯徐元秀等","1","1","2"
"徐元秀等二","1","1","2"
"元秀等二十","1","1","2"
"秀等二十六","1","1","2"
"等二十六将","2","0","2"
"进攻黄岘西","1","1","2"
"攻黄岘西关","1","1","2"
"马仙琕弃西","2","0","2"
"仙琕弃西关","2","0","2"
"李元履弃黄","2","0","2"
"元履弃黄岘","2","0","2"
"履弃黄岘遁","2","0","2"
"弃黄岘遁走","2","0","2"
"衍琅邪郡民","2","0","2"
"琅邪郡民王","2","0","2"
"邪郡民王万","2","0","2"
"郡民王万寿","2","0","2"
"琅邪东莞二","2","0","2"
"邪东莞二郡","2","0","2"
"句山戍主刘","1","1","2"
"山戍主刘晣","2","0","2"
"戍主刘晣将","2","0","2"
"主刘晣将士","2","0","2"
"刘晣将士四","2","0","2"
"晣将士四十","2","0","2"
"刺史卢昶遣","2","0","2"
"遣郯城戍副","2","0","2"
"郯城戍副张","2","0","2"
"城戍副张天","2","0","2"
"戍副张天惠","2","0","2"
"副张天惠率","2","0","2"
"衍郁洲遣二","2","0","2"
"郁洲遣二军","2","0","2"
"洲遣二军拒","2","0","2"
"遣二军拒天","2","0","2"
"二军拒天惠","2","0","2"
"天惠万寿等","2","0","2"
"惠万寿等内","2","0","2"
"寿等内外齐","2","0","2"
"等内外齐击","2","0","2"
"遣琅邪戍主","2","0","2"
"主傅文骥入","1","1","2"
"傅文骥入城","1","1","2"
"延昌二年二","1","1","2"
"昌二年二月","1","1","2"
"斩送衍镇北","2","0","2"
"送衍镇北将","2","0","2"
"衍镇北将军","2","0","2"
"史桓叔兴大","2","0","2"
"桓叔兴大破","2","0","2"
"斩虎旅将军","2","0","2"
"虎旅将军蔡","1","1","2"
"旅将军蔡令","1","1","2"
"将军蔡令孙","1","1","2"
"任太洪率众","2","0","2"
"太洪率众寇","2","0","2"
"洪率众寇关","2","0","2"
"率众寇关城","2","0","2"
"史成兴孙击","2","0","2"
"成兴孙击破","2","0","2"
"恆农太守王","2","0","2"
"农太守王定","1","1","2"
"太守王定世","1","1","2"
"守王定世等","1","1","2"
"史赵祖悦率","1","1","2"
"赵祖悦率众","2","0","2"
"镇军将军李","1","1","2"
"军将军李平","1","1","2"
"刺史张齐寇","2","0","2"
"史张齐寇益","2","0","2"
"张齐寇益州","2","0","2"
"斩将任太洪","2","0","2"
"居民村落十","1","1","2"
"民村落十余","1","1","2"
"落十余万口","2","0","2"
"鸿袭寿春外","2","0","2"
"长孙稚击走","2","0","2"
"孝昌元年正","1","1","2"
"昌元年正月","1","1","2"
"姜平洛等入","2","0","2"
"平洛等入寇","2","0","2"
"洛等入寇直","2","0","2"
"等入寇直城","2","0","2"
"史傅竖眼遣","2","0","2"
"傅竖眼遣息","2","0","2"
"竖眼遣息敬","2","0","2"
"眼遣息敬绍","2","0","2"
"遣息敬绍率","2","0","2"
"息敬绍率众","2","0","2"
"衍益州刺史","2","0","2"
"等率众围小","2","0","2"
"率众围小剑","2","0","2"
"众围小剑戍","2","0","2"
"刺史邴虬遣","2","0","2"
"史邴虬遣子","2","0","2"
"邴虬遣子子","2","0","2"
"虬遣子子达","2","0","2"
"子建遣将淳","2","0","2"
"建遣将淳诞","2","0","2"
"遣将淳诞拒","2","0","2"
"将淳诞拒击","2","0","2"
"湛僧珍等寇","2","0","2"
"僧珍等寇寿","2","0","2"
"珍等寇寿春","2","0","2"
"诏都督魏承","2","0","2"
"台崔孝芬率","1","1","2"
"将曹义宗寇","2","0","2"
"曹义宗寇荆","2","0","2"
"义宗寇荆州","2","0","2"
"永安二年夏","1","1","2"
"史严始欣州","2","0","2"
"衍遣将萧玩","2","0","2"
"等率众赴援","2","0","2"
"督元景夏率","1","1","2"
"元景夏率益","1","1","2"
"景夏率益梁","1","1","2"
"夏率益梁二","1","1","2"
"率益梁二州","1","1","2"
"普泰元年春","1","1","2"
"史茹怀朗遣","2","0","2"
"宝率步骑三","2","0","2"
"步骑三千击","2","0","2"
"衍守将琅邪","2","0","2"
"二州刺史沈","1","1","2"
"州刺史沈预","1","1","2"
"齐州刺史刘","1","1","2"
"永熙元年夏","1","1","2"
"鄴王元树谯","2","0","2"
"王元树谯州","2","0","2"
"元树谯州刺","2","0","2"
"树谯州刺史","2","0","2"
"南道行台樊","1","1","2"
"道行台樊子","1","1","2"
"台樊子鹄率","1","1","2"
"天平元年十","1","1","2"
"雄信将军纪","1","1","2"
"信将军纪耕","1","1","2"
"将军纪耕率","1","1","2"
"军纪耕率众","1","1","2"
"纪耕率众入","1","1","2"
"耕率众入寇","1","1","2"
"都督曹仲尼","1","1","2"
"郢州刺史田","1","1","2"
"州刺史田朴","1","1","2"
"刺史田朴特","1","1","2"
"史田朴特等","1","1","2"
"刺史尧雄击","2","0","2"
"史尧雄击走","2","0","2"
"仁州刺史黄","1","1","2"
"州刺史黄道","1","1","2"
"刺史黄道始","1","1","2"
"徐州刺史任","1","1","2"
"州刺史任祥","1","1","2"
"州刺史萧恭","1","1","2"
"遣将柳仲礼","2","0","2"
"将柳仲礼寇","2","0","2"
"柳仲礼寇荆","2","0","2"
"仲礼寇荆州","2","0","2"
"刺史王元轨","1","1","2"
"衍改号中大","2","0","2"
"北平太守苟","1","1","2"
"平太守苟元","1","1","2"
"太守苟元旷","1","1","2"
"青州刺史陆","1","1","2"
"州刺史陆景","1","1","2"
"刺史陆景元","1","1","2"
"衍遣散骑常","2","0","2"
"散骑常侍张","1","1","2"
"骑常侍张皋","1","1","2"
"直常侍刘孝","1","1","2"
"常侍刘孝仪","1","1","2"
"通直常侍崔","1","1","2"
"直常侍崔晓","1","1","2"
"散骑常侍沈","1","1","2"
"骑常侍沈山","1","1","2"
"常侍沈山卿","1","1","2"
"直常侍刘研","1","1","2"
"骑常侍萧确","1","1","2"
"通直常侍陆","1","1","2"
"直常侍陆缅","1","1","2"
"常侍陆缅朝","1","1","2"
"侍陆缅朝贡","1","1","2"
"通直常侍贺","1","1","2"
"直常侍贺德","1","1","2"
"子豫州刺史","1","1","2"
"北兗州刺史","2","0","2"
"州刺史胡贵","1","1","2"
"刺史胡贵孙","1","1","2"
"史胡贵孙等","1","1","2"
"通直常侍徐","1","1","2"
"直常侍徐陵","1","1","2"
"衍弟子临贺","2","0","2"
"弟子临贺王","2","0","2"
"永安侯萧确","1","1","2"
"将军赵威方","1","1","2"
"衍君臣上下","1","1","2"
"子荆州刺史","1","1","2"
"内外百官共","1","1","2"
"臣下奏表上","1","1","2"
"下奏表上书","1","1","2"
"刺史郡守初","1","1","2"
"射王国宝轻","1","1","2"
"王国宝轻薄","1","1","2"
"州刺史王悦","1","1","2"
"国将军王绪","1","1","2"
"赵鞅兴晋阳","1","1","2"
"徒左长史王","1","1","2"
"西中郎将庾","1","1","2"
"中郎将庾楷","1","1","2"
"广州刺史桓","1","1","2"
"州刺史桓玄","1","1","2"
"右将军谢琰","1","1","2"
"新安太守孙","1","1","2"
"安太守孙泰","1","1","2"
"会稽内史王","1","1","2"
"稽内史王凝","1","1","2"
"吴国内史桓","1","1","2"
"国内史桓谦","1","1","2"
"吴兴太守谢","1","1","2"
"兴太守谢邈","1","1","2"
"州刺史刘牢","1","1","2"
"卫将军谢琰","1","1","2"
"骠骑长史王","1","1","2"
"骑长史王平","1","1","2"
"东海太守桓","1","1","2"
"辅国将军孙","1","1","2"
"广陵相高雅","1","1","2"
"吴兴太守庾","1","1","2"
"都督十六州","1","1","2"
"吴兴四万余","1","1","2"
"兴四万余户","1","1","2"
"召豫州刺史","1","1","2"
"德宗封桓玄","1","1","2"
"南康平固县","1","1","2"
"康平固县王","1","1","2"
"内史刘裕杀","1","1","2"
"南郡相王腾","1","1","2"
"新安王桓谦","1","1","2"
"安王桓谦苦","1","1","2"
"广州刺史吴","1","1","2"
"州刺史吴隐","1","1","2"
"德宗复僭立","2","0","2"
"参军谯纵反","1","1","2"
"鹿太守贺申","1","1","2"
"江州刺史何","1","1","2"
"裕令抚军刘","1","1","2"
"令抚军刘毅","1","1","2"
"诸葛长民等","1","1","2"
"广武将军玄","1","1","2"
"武将军玄文","1","1","2"
"擒骑将杨丰","1","1","2"
"千七百余级","1","1","2"
"后河南褚氏","1","1","2"
"凉州诸军讨","2","0","2"
"令立南安王","1","1","2"
"立南安王余","1","1","2"
"马段太阳讨","1","1","2"
"改封临淮王","2","0","2"
"授中军大将","1","1","2"
"获米三十万","1","1","2"
"侍中崔光见","1","1","2"
"兄安丰王延","1","1","2"
"尚书郎范阳","1","1","2"
"时侍中穆绍","1","1","2"
"萧衍遣将围","2","0","2"
"衍遣将围逼","2","0","2"
"舍人陈建孙","1","1","2"
"人陈建孙迎","1","1","2"
"陈建孙迎接","1","1","2"
"仆射徐勉私","1","1","2"
"追崇武宣王","1","1","2"
"书侍郎邢子","1","1","2"
"侍郎邢子才","1","1","2"
"累迁沧州刺","2","0","2"
"迁沧州刺史","2","0","2"
"绢二十四万","1","1","2"
"二十四万匹","1","1","2"
"一万六千兵","1","1","2"
"王公第一品","1","1","2"
"公第一品娶","1","1","2"
"第一品娶八","1","1","2"
"司徒崔光等","1","1","2"
"蠕蠕王阿瑰","2","0","2"
"二万五千斛","1","1","2"
"牛羊三万六","1","1","2"
"羊三万六千","1","1","2"
"三万六千头","1","1","2"
"令中郎将段","1","1","2"
"中郎将段彬","1","1","2"
"置安集掾史","1","1","2"
"怀荒二镇间","1","1","2"
"除冀州刺史","2","0","2"
"问太乐令张","1","1","2"
"一千二百步","1","1","2"
"北道大都督","1","1","2"
"东西部敕勒","1","1","2"
"遣黄门郎杨","1","1","2"
"黄门郎杨昱","1","1","2"
"令左卫将军","1","1","2"
"左卫将军杨","1","1","2"
"卫将军杨津","1","1","2"
"将军杨津代","1","1","2"
"中山太守赵","1","1","2"
"山太守赵叔","1","1","2"
"太守赵叔隆","1","1","2"
"骠骑长史祖","1","1","2"
"骑长史祖莹","1","1","2"
"朔州人毛普","1","1","2"
"州人毛普贤","1","1","2"
"录事参军元","1","1","2"
"事参军元晏","1","1","2"
"齐献武王作","1","1","2"
"尚书郎中宋","1","1","2"
"书郎中宋游","1","1","2"
"郎中宋游道","1","1","2"
"谋杀齐文襄","1","1","2"
"常侍宗爱矫","2","0","2"
"侍宗爱矫皇","2","0","2"
"柔玄镇都将","1","1","2"
"玄镇都将李","1","1","2"
"镇都将李兜","1","1","2"
"杀伤数十人","1","1","2"
"鸾将张伏护","1","1","2"
"肃令康生射","1","1","2"
"强弓大箭望","1","1","2"
"弓大箭望楼","1","1","2"
"大箭望楼射","1","1","2"
"箭望楼射窗","1","1","2"
"高聪等四军","2","0","2"
"时刺史孟表","1","1","2"
"刺史孟表频","1","1","2"
"龙厩马两匹","1","1","2"
"萧宝卷将桓","1","1","2"
"迁征虏将军","2","0","2"
"封安武县开","1","1","2"
"安武县开国","1","1","2"
"武县开国男","1","1","2"
"康生率将讨","1","1","2"
"作大弓两张","1","1","2"
"便会集文武","1","1","2"
"副将张惠绍","1","1","2"
"康生武卫将","1","1","2"
"生武卫将军","1","1","2"
"将军徐玄明","1","1","2"
"驾裴绚谋反","1","1","2"
"西门豹祠祈","1","1","2"
"门豹祠祈雨","1","1","2"
"难娶左卫将","1","1","2"
"娶左卫将军","1","1","2"
"左卫将军侯","1","1","2"
"将军侯刚女","1","1","2"
"正光二年三","1","1","2"
"光二年三月","1","1","2"
"太后西林园","2","0","2"
"直后元思辅","1","1","2"
"处康生斩刑","1","1","2"
"尝食典御奚","1","1","2"
"食典御奚混","1","1","2"
"业寿春内附","2","0","2"
"安成县开国","1","1","2"
"成县开国子","1","1","2"
"除直阁将军","2","0","2"
"史王茂先率","1","1","2"
"宛州刺史雷","1","1","2"
"州刺史雷豹","1","1","2"
"刺史雷豹狼","1","1","2"
"军主曹仲宗","1","1","2"
"主曹仲宗等","1","1","2"
"龙骧将军申","1","1","2"
"骧将军申天","1","1","2"
"将军申天化","1","1","2"
"舅张惠绍总","1","1","2"
"大眼平东将","1","1","2"
"眼平东将军","1","1","2"
"统军刘神符","1","1","2"
"试守中山内","1","1","2"
"守中山内史","1","1","2"
"萧衍遣将康","2","0","2"
"衍遣将康绚","2","0","2"
"遣将康绚浮","2","0","2"
"将康绚浮山","2","0","2"
"本将军荆州","2","0","2"
"将军荆州刺","2","0","2"
"军荆州刺史","2","0","2"
"娶继室元氏","1","1","2"
"彭城陷入江","1","1","2"
"城陷入江南","1","1","2"
"赐爵定陵男","1","1","2"
"萧衍遣左游","2","0","2"
"衍遣左游击","2","0","2"
"遣左游击将","2","0","2"
"军赵祖悦率","1","1","2"
"卿等志尚雄","1","1","2"
"等志尚雄猛","1","1","2"
"除安北将军","2","0","2"
"利县开国男","1","1","2"
"莫折念生兄","1","1","2"
"折念生兄天","1","1","2"
"念生兄天生","1","1","2"
"天生下陇东","2","0","2"
"生下陇东寇","2","0","2"
"征西将军元","1","1","2"
"西将军元志","1","1","2"
"行台萧宝夤","1","1","2"
"水东寻原西","1","1","2"
"东寻原西北","1","1","2"
"延伯申令将","1","1","2"
"伯申令将士","1","1","2"
"授右卫将军","1","1","2"
"宿勤明达等","1","1","2"
"铁马八千匹","1","1","2"
"泾州西北七","1","1","2"
"州西北七十","1","1","2"
"西北七十里","1","1","2"
"泾州缘原北","1","1","2"
"州缘原北上","1","1","2"
"宿勤明达率","1","1","2"
"诸军前后受","1","1","2"
"军前后受敌","1","1","2"
"延伯上马突","1","1","2"
"延伯修缮器","1","1","2"
"伯修缮器械","1","1","2"
"延伯中流矢","1","1","2"
"抚军府中兵","1","1","2"
"军府中兵参","1","1","2"
"萧赜遣散骑","2","0","2"
"赜遣散骑常","2","0","2"
"散骑常侍裴","1","1","2"
"骑常侍裴昭","1","1","2"
"常侍裴昭明","1","1","2"
"散骑侍郎谢","1","1","2"
"骑侍郎谢竣","1","1","2"
"侍郎谢竣等","1","1","2"
"朱衣入山庭","1","1","2"
"遵高宗追远","1","1","2"
"卿将命折中","1","1","2"
"散骑常侍庾","1","1","2"
"骑常侍庾荜","1","1","2"
"散骑侍郎何","1","1","2"
"骑侍郎何宪","1","1","2"
"主书邢宗庆","1","1","2"
"眷眷守尾生","1","1","2"
"侍御史张思","1","1","2"
"御史张思宁","1","1","2"
"思宁驰马奏","1","1","2"
"宁驰马奏闻","1","1","2"
"陛下俯应人","1","1","2"
"下俯应人神","1","1","2"
"时宫殿初构","1","1","2"
"左右二都水","1","1","2"
"右二都水事","1","1","2"
"淹小心畏法","1","1","2"
"河东姜质等","1","1","2"
"黄门崔光所","1","1","2"
"门崔光所知","1","1","2"
"右都水使者","1","1","2"
"郢州龙骧府","1","1","2"
"州龙骧府长","1","1","2"
"龙骧府长史","1","1","2"
"带义阳太守","1","1","2"
"发河北数州","1","1","2"
"兵二万五千","1","1","2"
"二万五千人","1","1","2"
"西道六州营","1","1","2"
"道六州营田","1","1","2"
"六州营田大","1","1","2"
"州营田大使","1","1","2"
"加步兵校尉","1","1","2"
"加中坚将军","2","0","2"
"益国利民事","2","0","2"
"豫州城人白","1","1","2"
"州城人白早","1","1","2"
"军将军吕僧","1","1","2"
"将军吕僧珍","1","1","2"
"主书霍灵超","1","1","2"
"舍人周舍慰","1","1","2"
"人周舍慰劳","1","1","2"
"传诏周灵秀","1","1","2"
"诏周灵秀送","1","1","2"
"加轻车将军","2","0","2"
"萧衍将军曹","1","1","2"
"衍将军曹义","1","1","2"
"新蔡县开国","1","1","2"
"蔡县开国男","1","1","2"
"关右大行台","1","1","2"
"加车骑将军","2","0","2"
"马渴饮黄河","1","1","2"
"宇文黑獭所","2","0","2"
"真定公元子","1","1","2"
"定公元子直","1","1","2"
"公元子直国","1","1","2"
"元子直国中","1","1","2"
"子直国中尉","1","1","2"
"峄山万丈树","1","1","2"
"雕镂作琵琶","1","1","2"
"莫使弦响绝","1","1","2"
"综部将成景","1","1","2"
"部将成景俊","1","1","2"
"综军主姜桃","1","1","2"
"诸人相谓曰","2","0","2"
"章王萧综体","1","1","2"
"中侍御史监","1","1","2"
"侍御史监军","1","1","2"
"御史监军鹿","1","1","2"
"青州彭城王","1","1","2"
"广川人刘钧","1","1","2"
"东清河人房","1","1","2"
"清河人房须","1","1","2"
"河人房须反","1","1","2"
"城民吕文欣","2","0","2"
"刺史元大宾","1","1","2"
"台樊子鹄讨","1","1","2"
"朱仲远陷西","2","0","2"
"仲远陷西兗","2","0","2"
"都督贺拔胜","1","1","2"
"督贺拔胜等","1","1","2"
"南阳西鄂人","1","1","2"
"扬州车骑府","1","1","2"
"州车骑府录","1","1","2"
"车骑府录事","1","1","2"
"骑府录事参","1","1","2"
"熠敷陈指画","1","1","2"
"寻加抚军将","2","0","2"
"值元颢入洛","2","0","2"
"熠清贞素著","1","1","2"
"营构左都将","1","1","2"
"穷岩绝涧人","1","1","2"
"假骁骑将军","1","1","2"
"马渚西夜渡","1","1","2"
"渚西夜渡数","1","1","2"
"西夜渡数百","1","1","2"
"夜渡数百骑","1","1","2"
"兆扑杀皇子","1","1","2"
"长史孙腾牵","1","1","2"
"兆天柱大将","2","0","2"
"世隆兄弟谋","1","1","2"
"世隆请前废","1","1","2"
"隆请前废帝","1","1","2"
"停年格取士","1","1","2"
"诏加散骑常","1","1","2"
"烧西阳门率","1","1","2"
"战大夏门外","1","1","2"
"前华阳太守","1","1","2"
"华阳太守段","1","1","2"
"阳太守段育","1","1","2"
"太守段育慰","1","1","2"
"建州刺史陆","1","1","2"
"州刺史陆希","1","1","2"
"史陆希质闭","1","1","2"
"陆希质闭城","1","1","2"
"长广王晔主","2","0","2"
"龙花佛寺观","1","1","2"
"尚书郎宋游","1","1","2"
"书郎宋游道","1","1","2"
"世隆兄弟群","1","1","2"
"温良名士罕","1","1","2"
"买珍使持节","1","1","2"
"济五州诸军","1","1","2"
"献武王义兵","2","0","2"
"外兵参军阳","1","1","2"
"兵参军阳叔","1","1","2"
"参军阳叔渊","1","1","2"
"军阳叔渊单","1","1","2"
"阳叔渊单骑","1","1","2"
"叔渊单骑驰","1","1","2"
"渊单骑驰赴","1","1","2"
"单骑驰赴北","1","1","2"
"骑驰赴北中","1","1","2"
"令行台长孙","1","1","2"
"河内太守田","1","1","2"
"尚书都令史","1","1","2"
"书都令史谢","1","1","2"
"都令史谢远","1","1","2"
"时都官郎穆","1","1","2"
"都官郎穆子","1","1","2"
"官郎穆子容","1","1","2"
"郎穆子容穷","1","1","2"
"穆子容穷究","1","1","2"
"捉仪刀催车","1","1","2"
"一青牛驾车","1","1","2"
"白纱高顶帽","1","1","2"
"内东厢第一","1","1","2"
"总统肆州兵","1","1","2"
"统肆州兵马","1","1","2"
"荣将讨葛荣","2","0","2"
"北秀容第一","1","1","2"
"秀容第一酋","1","1","2"
"容第一酋长","1","1","2"
"元天穆东征","1","1","2"
"天穆东征邢","1","1","2"
"穆东征邢杲","1","1","2"
"诏天光本官","2","0","2"
"汾九州行台","1","1","2"
"改封广宗郡","1","1","2"
"封广宗郡公","1","1","2"
"建义元年夏","1","1","2"
"武卫将军贺","1","1","2"
"将军贺拔岳","1","1","2"
"大都督侯莫","1","1","2"
"诏侍中杨侃","1","1","2"
"侍中杨侃先","1","1","2"
"中杨侃先行","1","1","2"
"天光令贺拔","1","1","2"
"光令贺拔岳","1","1","2"
"令贺拔岳率","1","1","2"
"丑奴行台尉","1","1","2"
"奴行台尉迟","1","1","2"
"尉迟菩萨相","1","1","2"
"迟菩萨相遇","1","1","2"
"分遣诸军散","1","1","2"
"遣诸军散营","1","1","2"
"诸军散营农","1","1","2"
"军散营农稼","1","1","2"
"北百里泾川","1","1","2"
"轻骑先行断","1","1","2"
"泾州刺史侯","1","1","2"
"岳轻骑急追","1","1","2"
"平凉长平坑","1","1","2"
"执送萧宝夤","1","1","2"
"行台万俟道","1","1","2"
"台万俟道洛","1","1","2"
"万俟道洛率","1","1","2"
"俟道洛率众","1","1","2"
"道洛率众六","1","1","2"
"洛率众六千","1","1","2"
"率众六千人","1","1","2"
"时高平大旱","1","1","2"
"都督长孙邪","1","1","2"
"督长孙邪利","1","1","2"
"长孙邪利率","1","1","2"
"道洛招诱城","1","1","2"
"道洛城拒战","2","0","2"
"西依牵屯山","1","1","2"
"略阳贼帅王","1","1","2"
"阳贼帅王庆","1","1","2"
"贼帅王庆云","1","1","2"
"军人多作木","1","1","2"
"人多作木枪","1","1","2"
"谋杀刺史骆","1","1","2"
"杀刺史骆超","1","1","2"
"南秦滑城人","1","1","2"
"秦滑城人谋","1","1","2"
"滑城人谋害","1","1","2"
"城人谋害刺","1","1","2"
"人谋害刺史","1","1","2"
"谋害刺史辛","1","1","2"
"害刺史辛琛","1","1","2"
"刺史辛琛显","1","1","2"
"帅夏州人宿","1","1","2"
"夏州人宿勤","1","1","2"
"州人宿勤明","1","1","2"
"人宿勤明达","1","1","2"
"降人叱干麒","1","1","2"
"人叱干麒麟","1","1","2"
"讨宿勤明达","2","0","2"
"帅纥豆陵伊","2","0","2"
"齐献武王兵","1","1","2"
"献武王义军","1","1","2"
"上召文武百","1","1","2"
"召文武百司","1","1","2"
"广陵王遇世","1","1","2"
"献武王欣然","1","1","2"
"时黄门侍郎","1","1","2"
"门侍郎崔悛","1","1","2"
"侍郎崔悛作","1","1","2"
"郎崔悛作色","1","1","2"
"齐献武王深","1","1","2"
"献武王深思","1","1","2"
"武王深思俊","1","1","2"
"王深思俊言","1","1","2"
"除御史中尉","1","1","2"
"射贾显度相","1","1","2"
"贾显度相逢","1","1","2"
"帝令俊奉诏","1","1","2"
"尚书左右郎","1","1","2"
"魏郡邑中正","1","1","2"
"身长八尺五","1","1","2"
"长八尺五寸","1","1","2"
"师事县人王","1","1","2"
"事县人王惠","1","1","2"
"牧守子孙投","1","1","2"
"守子孙投状","1","1","2"
"子孙投状求","1","1","2"
"奏立勋附队","1","1","2"
"黄门郎元顺","1","1","2"
"令仆射元钦","1","1","2"
"仆射元钦引","1","1","2"
"尚书二千石","1","1","2"
"书二千石郎","1","1","2"
"后正名士郎","1","1","2"
"仪曹郎袁升","1","1","2"
"屯田郎李延","1","1","2"
"田郎李延孝","1","1","2"
"外兵郎李奂","1","1","2"
"三公郎王延","1","1","2"
"公郎王延业","1","1","2"
"国史典书高","1","1","2"
"史典书高法","1","1","2"
"典书高法显","1","1","2"
"遂封东阿县","1","1","2"
"封东阿县伯","1","1","2"
"赠骠骑将军","2","0","2"
"人相继撰录","1","1","2"
"伟等谄说上","1","1","2"
"等谄说上党","1","1","2"
"谄说上党王","1","1","2"
"同居二十余","2","0","2"
"南秀容川原","1","1","2"
"世祖敬哀皇","1","1","2"
"祖敬哀皇后","1","1","2"
"督李崇北征","1","1","2"
"四千人追击","1","1","2"
"胡民乞扶莫","1","1","2"
"迁直阁将军","2","0","2"
"安平县开国","1","1","2"
"平县开国侯","1","1","2"
"寻加通直散","2","0","2"
"敕勒斛律洛","2","0","2"
"勒斛律洛阳","2","0","2"
"假安北将军","1","1","2"
"封博陵郡公","1","1","2"
"史尉庆宾畏","1","1","2"
"荣兵威渐盛","2","0","2"
"号征东将军","2","0","2"
"云六州诸军","1","1","2"
"时杜洛周陷","1","1","2"
"三千东援相","1","1","2"
"千东援相州","1","1","2"
"进位仪同三","1","1","2"
"位仪同三司","1","1","2"
"北海王颢率","1","1","2"
"二十五日圣","1","1","2"
"十五日圣体","1","1","2"
"王禧等六王","1","1","2"
"禧等六王子","1","1","2"
"等六王子孙","1","1","2"
"六王子孙像","1","1","2"
"弟始平王子","1","1","2"
"武泰元年四","1","1","2"
"泰元年四月","1","1","2"
"元年四月九","1","1","2"
"年四月九日","1","1","2"
"食邑二万户","1","1","2"
"武卫将军费","1","1","2"
"卫将军费穆","1","1","2"
"千三百余人","1","1","2"
"令御史赵元","1","1","2"
"时幽州人刘","1","1","2"
"幽州人刘灵","1","1","2"
"州人刘灵助","1","1","2"
"灵助善卜占","2","0","2"
"荣外兵参军","1","1","2"
"外兵参军司","1","1","2"
"兵参军司马","1","1","2"
"参军司马子","1","1","2"
"洛阳河阴执","1","1","2"
"阳河阴执事","1","1","2"
"荣将向京师","2","0","2"
"北殆成灰烬","1","1","2"
"大将军元穆","1","1","2"
"将军元穆先","1","1","2"
"军元穆先平","1","1","2"
"元穆先平齐","1","1","2"
"穆先平齐地","1","1","2"
"然后回师征","1","1","2"
"颢都督宗正","1","1","2"
"河内太守元","1","1","2"
"内太守元袭","1","1","2"
"太守元袭固","1","1","2"
"守元袭固守","1","1","2"
"都督安丰王","1","1","2"
"黄门郎杨侃","1","1","2"
"王闻难星奔","1","1","2"
"葛荣枝党韩","1","1","2"
"荣枝党韩娄","1","1","2"
"遣都督侯渊","1","1","2"
"都督侯渊讨","2","0","2"
"骑兵参军刘","1","1","2"
"兵参军刘贵","1","1","2"
"太宰元天穆","1","1","2"
"定州曲阳县","1","1","2"
"州曲阳县令","1","1","2"
"荣妻北乡郡","1","1","2"
"妻北乡郡长","1","1","2"
"北乡郡长公","1","1","2"
"明光殿东廊","1","1","2"
"光禄少卿鲁","1","1","2"
"禄少卿鲁安","1","1","2"
"先横刀膝下","1","1","2"
"都督河北诸","1","1","2"
"督河北诸军","1","1","2"
"河北诸军事","1","1","2"
"班剑三百人","1","1","2"
"安平献王故","2","0","2"
"平献王故事","2","0","2"
"配享高祖庙","1","1","2"
"享高祖庙庭","1","1","2"
"超授散骑常","2","0","2"
"封平昌郡开","1","1","2"
"封昌乐郡开","1","1","2"
"昌乐郡开国","1","1","2"
"乐郡开国公","1","1","2"
"武定三年春","1","1","2"
"前东郡太守","1","1","2"
"东郡太守任","1","1","2"
"郑俨手运天","1","1","2"
"俨手运天机","1","1","2"
"广平王郎中","1","1","2"
"平王郎中令","1","1","2"
"京兆王愉法","2","0","2"
"兆王愉法曹","2","0","2"
"愉法曹行参","1","1","2"
"愉归罪京师","1","1","2"
"顺阳公主家","1","1","2"
"阳公主家奴","1","1","2"
"内监杨小驹","1","1","2"
"大将军谘议","1","1","2"
"将军谘议参","1","1","2"
"军谘议参军","1","1","2"
"汝南乡郡二","1","1","2"
"南乡郡二郡","1","1","2"
"乡郡二郡太","1","1","2"
"廷尉少卿袁","1","1","2"
"尉少卿袁翻","1","1","2"
"若必须三人","1","1","2"
"受辞下检反","1","1","2"
"辞下检反覆","1","1","2"
"狱证占分明","1","1","2"
"州安东府主","1","1","2"
"安东府主簿","1","1","2"
"秘书丞同郡","1","1","2"
"书丞同郡李","1","1","2"
"丞同郡李伯","1","1","2"
"同郡李伯尚","1","1","2"
"太尉骑兵参","1","1","2"
"尉骑兵参军","1","1","2"
"府主清河王","1","1","2"
"书令李崇北","1","1","2"
"令李崇北伐","1","1","2"
"引录事参军","2","0","2"
"寻谏议大夫","2","0","2"
"萧衍遣将曹","2","0","2"
"将曹义宗攻","1","1","2"
"金装刀一口","1","1","2"
"朱世隆狼狈","1","1","2"
"太守郑仲明","1","1","2"
"守郑仲明左","1","1","2"
"郑仲明左右","1","1","2"
"大王忠贞王","1","1","2"
"王忠贞王室","1","1","2"
"命前侍中司","1","1","2"
"前侍中司马","1","1","2"
"侍中司马子","1","1","2"
"行西荆州事","1","1","2"
"蛮酋樊五能","1","1","2"
"应宇文黑獭","1","1","2"
"行台郎中李","1","1","2"
"台郎中李广","1","1","2"
"郎中李广谏","1","1","2"
"都督独孤愿","2","0","2"
"二圣远遵尧","1","1","2"
"圣远遵尧舜","1","1","2"
"父舅氏沮渠","1","1","2"
"舅氏沮渠蒙","1","1","2"
"氏沮渠蒙逊","1","1","2"
"沮渠蒙逊曾","1","1","2"
"铸钱都将长","1","1","2"
"钱都将长史","1","1","2"
"州刺史李世","1","1","2"
"所著文章百","1","1","2"
"著文章百余","1","1","2"
"文章百余篇","1","1","2"
"三州检户使","1","1","2"
"州仪同府中","1","1","2"
"仪同府中兵","1","1","2"
"同府中兵参","1","1","2"
"人生厉心立","1","1","2"
"生厉心立行","1","1","2"
"朝佩珠玉者","1","1","2"
"中尉元匡高","1","1","2"
"尉元匡高选","1","1","2"
"元匡高选御","1","1","2"
"匡高选御史","1","1","2"
"太尉铠曹参","1","1","2"
"尉铠曹参军","1","1","2"
"萧宝夤西征","1","1","2"
"令中书舍人","1","1","2"
"中书舍人温","1","1","2"
"书舍人温子","1","1","2"
"舍人温子升","1","1","2"
"诏书数十纸","1","1","2"
"喜县开国公","1","1","2"
"所谓养虺成","1","1","2"
"谓养虺成蛇","1","1","2"
"宋世良等四","1","1","2"
"世良等四十","1","1","2"
"良等四十人","1","1","2"
"永安五铢钱","1","1","2"
"寿阳公主行","1","1","2"
"阳公主行犯","1","1","2"
"道穆免冠谢","1","1","2"
"臣闻舜命皋","1","1","2"
"闻舜命皋陶","1","1","2"
"置廷尉司直","1","1","2"
"所谓礼乐互","1","1","2"
"谓礼乐互兴","1","1","2"
"未能进一言","1","1","2"
"御史一经检","1","1","2"
"置司直十人","1","1","2"
"使狱成罪定","1","1","2"
"道穆受诏督","1","1","2"
"穆受诏督战","1","1","2"
"行太原太守","1","1","2"
"惠赠使持节","1","1","2"
"府户曹参军","1","1","2"
"邑县开国公","1","1","2"
"青州大中正","1","1","2"
"改封北海郡","1","1","2"
"封北海郡开","1","1","2"
"属沧州乐陵","1","1","2"
"转沧州大中","1","1","2"
"沧州大中正","1","1","2"
"州乐陵朱氏","2","0","2"
"朱天光拥众","1","1","2"
"天光拥众关","1","1","2"
"光拥众关右","1","1","2"
"督斛斯椿先","1","1","2"
"赐爵临江伯","1","1","2"
"进骠骑大将","1","1","2"
"都督恆云燕","2","0","2"
"督恆云燕朔","2","0","2"
"恆云燕朔四","2","0","2"
"云燕朔四州","2","0","2"
"朔四州诸军","1","1","2"
"朔四州行台","1","1","2"
"定五州诸军","1","1","2"
"都督府铠曹","1","1","2"
"督府铠曹参","1","1","2"
"阳曲县开国","1","1","2"
"曲县开国公","1","1","2"
"平北将军司","1","1","2"
"北将军司马","1","1","2"
"朱荣大将军","1","1","2"
"荣大将军府","1","1","2"
"大将军府司","1","1","2"
"将军府司马","1","1","2"
"荣奉迎庄帝","1","1","2"
"封灵丘郡开","1","1","2"
"灵丘郡开国","1","1","2"
"大行台前驱","1","1","2"
"行台前驱都","1","1","2"
"台前驱都督","1","1","2"
"京畿北面大","1","1","2"
"畿北面大都","1","1","2"
"北面大都督","1","1","2"
"改封城阳郡","1","1","2"
"封城阳郡开","1","1","2"
"城阳郡开国","1","1","2"
"内都督部曲","1","1","2"
"伐齐献武王","1","1","2"
"弟豫州刺史","1","1","2"
"州刺史元寿","1","1","2"
"令相州刺史","1","1","2"
"相州刺史窦","1","1","2"
"防守薄骨律","1","1","2"
"守薄骨律镇","1","1","2"
"本将军除广","1","1","2"
"将军除广州","1","1","2"
"军除广州刺","1","1","2"
"除广州刺史","1","1","2"
"朱度律等北","1","1","2"
"弟显智等率","1","1","2"
"本官行徐州","1","1","2"
"官行徐州刺","1","1","2"
"行徐州刺史","1","1","2"
"平城镇长史","1","1","2"
"荣引都督府","2","0","2"
"都督府仓曹","1","1","2"
"督府仓曹参","1","1","2"
"府仓曹参军","1","1","2"
"子鹄应对称","1","1","2"
"鹄应对称旨","1","1","2"
"都督河东正","1","1","2"
"督河东正平","1","1","2"
"河东正平军","1","1","2"
"东正平军事","1","1","2"
"史崔元珍闭","1","1","2"
"崔元珍闭门","1","1","2"
"元珍闭门拒","1","1","2"
"珍闭门拒守","1","1","2"
"降蜀陈双炽","1","1","2"
"蜀陈双炽等","1","1","2"
"授都官尚书","1","1","2"
"西荆州大中","1","1","2"
"荆州大中正","1","1","2"
"进封南阳郡","1","1","2"
"封南阳郡开","1","1","2"
"南阳郡开国","1","1","2"
"世隆等遣书","1","1","2"
"颍四州行台","1","1","2"
"兆征子鹄赴","1","1","2"
"征子鹄赴洛","1","1","2"
"树屯兵梁国","1","1","2"
"蒙县等五城","1","1","2"
"衍谯州刺史","1","1","2"
"州人耿翔聚","1","1","2"
"人耿翔聚众","1","1","2"
"督济州刺史","2","0","2"
"翔拔城奔走","1","1","2"
"太山太守彭","1","1","2"
"山太守彭穆","1","1","2"
"徐州人刘粹","1","1","2"
"仪同三司娄","1","1","2"
"同三司娄昭","1","1","2"
"三司娄昭等","1","1","2"
"子鹄先使前","1","1","2"
"鹄先使前胶","1","1","2"
"先使前胶州","1","1","2"
"使前胶州刺","1","1","2"
"胶州刺史严","1","1","2"
"史严思达镇","1","1","2"
"骑常侍陆琛","1","1","2"
"黄门郎张景","1","1","2"
"门郎张景征","1","1","2"
"沃野人破落","1","1","2"
"野人破落汗","1","1","2"
"州刺史广阳","1","1","2"
"易阳县开国","1","1","2"
"大都督陈思","1","1","2"
"都督陈思保","1","1","2"
"门未加严防","1","1","2"
"本官假骠骑","1","1","2"
"官假骠骑大","1","1","2"
"纳斛斯椿等","1","1","2"
"谋齐献武王","1","1","2"
"都督三荆二","1","1","2"
"督三荆二郢","1","1","2"
"南雍七州诸","1","1","2"
"雍七州诸军","1","1","2"
"攻萧衍下迮","1","1","2"
"萧衍下迮戍","1","1","2"
"戍主尹道玩","1","1","2"
"人诱动蛮王","1","1","2"
"诱动蛮王问","1","1","2"
"动蛮王问道","1","1","2"
"蛮王问道期","1","1","2"
"州刺史萧续","1","1","2"
"衍将庄思延","1","1","2"
"齐献武王平","1","1","2"
"督高敖曹讨","1","1","2"
"都督府长流","1","1","2"
"督府长流参","1","1","2"
"府长流参军","1","1","2"
"右厢大都督","1","1","2"
"改封白水郡","1","1","2"
"悦行华州事","1","1","2"
"应齐献武王","1","1","2"
"都督陇右诸","1","1","2"
"陇右诸军事","1","1","2"
"永熙三年正","1","1","2"
"熙三年正月","1","1","2"
"夏州刺史宇","1","1","2"
"州刺史宇文","1","1","2"
"刺史宇文黑","1","1","2"
"史宇文黑獭","1","1","2"
"秦州刺史李","1","1","2"
"州刺史李景","1","1","2"
"中兵参军豆","1","1","2"
"兵参军豆卢","1","1","2"
"参军豆卢光","1","1","2"
"渊随杜洛周","1","1","2"
"随杜洛周南","1","1","2"
"中军副都督","1","1","2"
"封厌次县开","1","1","2"
"厌次县开国","1","1","2"
"次县开国子","1","1","2"
"讨葛荣滏口","2","0","2"
"胜南赴大军","1","1","2"
"渊独镇中山","1","1","2"
"渊进讨韩楼","1","1","2"
"侯渊临机设","1","1","2"
"渊临机设变","1","1","2"
"帅陈周马步","1","1","2"
"虏卒五千余","2","0","2"
"范阳太守卢","1","1","2"
"阳太守卢文","1","1","2"
"太守卢文伟","1","1","2"
"守卢文伟诱","1","1","2"
"行台仆射魏","1","1","2"
"台仆射魏兰","1","1","2"
"常山太守甄","1","1","2"
"山太守甄楷","1","1","2"
"太守甄楷屯","1","1","2"
"史刘灵助举","1","1","2"
"刘灵助举义","1","1","2"
"灵助举义兵","1","1","2"
"叱列延庆等","1","1","2"
"青州刺史东","1","1","2"
"州刺史东莱","1","1","2"
"莱王贵平密","1","1","2"
"王贵平密信","1","1","2"
"能迎汝阳王","1","1","2"
"长子率众攻","1","1","2"
"子率众攻高","1","1","2"
"率众攻高阳","1","1","2"
"胶州刺史贾","1","1","2"
"州刺史贾璐","1","1","2"
"夜袭青州南","1","1","2"
"南青州南境","1","1","2"
"彭城王功曹","1","1","2"
"城王功曹史","1","1","2"
"太子步兵校","1","1","2"
"子步兵校尉","1","1","2"
"陈显达治兵","1","1","2"
"显达治兵汉","1","1","2"
"达治兵汉南","1","1","2"
"时顺阳太守","1","1","2"
"顺阳太守王","1","1","2"
"阳太守王青","1","1","2"
"太守王青石","1","1","2"
"高祖诏侍臣","1","1","2"
"太子步兵张","1","1","2"
"子步兵张烈","1","1","2"
"彭城王勰称","2","0","2"
"将崔慧景攻","2","0","2"
"清河县开国","1","1","2"
"河县开国子","1","1","2"
"烈家产畜殖","1","1","2"
"改授安北将","1","1","2"
"兄弟同居怡","1","1","2"
"子二十五人","1","1","2"
"回部大人窦","1","1","2"
"部大人窦宾","1","1","2"
"所部北居长","1","1","2"
"部北居长川","1","1","2"
"魏景元二年","1","1","2"
"北将军卫瓘","2","0","2"
"乌丸王库贤","1","1","2"
"长子桓皇帝","1","1","2"
"居代郡参合","1","1","2"
"代郡参合陂","1","1","2"
"晋成都王司","1","1","2"
"事中郎田思","1","1","2"
"率十余万骑","1","1","2"
"部凡十一年","1","1","2"
"定襄侯卫操","1","1","2"
"子普根代立","1","1","2"
"晋马牧帅汲","1","1","2"
"马牧帅汲桑","1","1","2"
"州刺史刘琨","1","1","2"
"五县民陉南","2","0","2"
"刘琨遣使乞","2","0","2"
"琨遣使乞师","2","0","2"
"晋太傅东海","1","1","2"
"太傅东海王","1","1","2"
"傅东海王司","1","1","2"
"东海王司马","1","1","2"
"海王司马越","1","1","2"
"牙门将邢延","1","1","2"
"晋雍州刺史","1","1","2"
"雍州刺史贾","1","1","2"
"州刺史贾疋","1","1","2"
"京兆太守阎","1","1","2"
"兆太守阎鼎","1","1","2"
"匈奴杂胡万","1","1","2"
"奴杂胡万余","1","1","2"
"杂胡万余家","1","1","2"
"率部落内附","2","0","2"
"将靳准所杀","1","1","2"
"石勒称赵王","1","1","2"
"州刺史张茂","1","1","2"
"时人谓女国","2","0","2"
"国人六千余","1","1","2"
"故城东南十","1","1","2"
"城东南十里","1","1","2"
"必迎立什翼","1","1","2"
"迎立什翼犍","1","1","2"
"议欲定都氵","1","1","2"
"四年秋九月","1","1","2"
"后慕容氏崩","2","0","2"
"元真遣使朝","2","0","2"
"真遣使朝贡","2","0","2"
"五年夏五月","1","1","2"
"秋七月七日","1","1","2"
"六年秋八月","1","1","2"
"七年春二月","1","1","2"
"人长孙秩迎","1","1","2"
"慕容元真死","1","1","2"
"魏郡人冉闵","1","1","2"
"二十年夏五","1","1","2"
"十年夏五月","1","1","2"
"悉勿祈兄弟","1","1","2"
"勿祈兄弟十","1","1","2"
"祈兄弟十二","1","1","2"
"兄弟十二人","1","1","2"
"十三年夏六","1","1","2"
"二十四年春","1","1","2"
"二十六年冬","1","1","2"
"十六年冬十","1","1","2"
"羊百余万头","1","1","2"
"二十七年春","1","1","2"
"司马千龄死","1","1","2"
"二十九年夏","1","1","2"
"十九年夏五","1","1","2"
"九年夏五月","1","1","2"
"遣燕凤使苻","2","0","2"
"燕凤使苻坚","2","0","2"
"三十年冬十","1","1","2"
"十年冬十月","1","1","2"
"羊数十万头","2","0","2"
"三十一年春","1","1","2"
"三十二年正","1","1","2"
"十二年正月","1","1","2"
"三十三年冬","1","1","2"
"十三年冬十","1","1","2"
"三年冬十一","1","1","2"
"年冬十一月","1","1","2"
"三十四年春","1","1","2"
"太子献明皇","1","1","2"
"子献明皇帝","1","1","2"
"三十六年夏","1","1","2"
"十六年夏五","1","1","2"
"大司马苻洛","1","1","2"
"司马苻洛率","1","1","2"
"人许谦盗绢","1","1","2"
"许谦盗绢二","1","1","2"
"谦盗绢二匹","1","1","2"
"改元延兴元","1","1","2"
"元延兴元年","1","1","2"
"首三万余级","2","0","2"
"复前濮阳王","1","1","2"
"前濮阳王孔","1","1","2"
"赵郡王穆亮","1","1","2"
"徙封长乐王","2","0","2"
"犯者违制论","2","0","2"
"马都尉万安","1","1","2"
"都尉万安国","1","1","2"
"赴九月讲武","1","1","2"
"河间王闾虎","1","1","2"
"间王闾虎皮","1","1","2"
"诏州镇十一","2","0","2"
"州镇十一水","2","0","2"
"分遣使者巡","2","0","2"
"十二月庚戌","2","0","2"
"代郡事同丰","1","1","2"
"郡事同丰沛","1","1","2"
"春正月庚辰","2","0","2"
"骑常侍崔演","1","1","2"
"王长孙观等","1","1","2"
"等讨吐谷浑","2","0","2"
"讨吐谷浑拾","1","1","2"
"孔子二十八","1","1","2"
"子二十八世","1","1","2"
"二十八世孙","1","1","2"
"十八世孙鲁","1","1","2"
"八世孙鲁郡","1","1","2"
"户收绢一匹","1","1","2"
"镇将乐洛生","1","1","2"
"阳公尉元击","1","1","2"
"太上皇帝南","2","0","2"
"上皇帝南巡","2","0","2"
"所过问民疾","2","0","2"
"过问民疾苦","2","0","2"
"吐谷浑部内","1","1","2"
"羌民钟岂渴","1","1","2"
"民钟岂渴干","1","1","2"
"钟岂渴干等","1","1","2"
"岂渴干等二","1","1","2"
"渴干等二千","1","1","2"
"干等二千三","1","1","2"
"等二千三百","1","1","2"
"二千三百户","1","1","2"
"昌王平原捕","1","1","2"
"侍许赤虎使","2","0","2"
"许赤虎使刘","2","0","2"
"赤虎使刘昱","2","0","2"
"夏五月甲戌","2","0","2"
"将尉多侯大","1","1","2"
"将军元兰等","1","1","2"
"军元兰等五","1","1","2"
"五将三万骑","2","0","2"
"地豆诸国遣","2","0","2"
"豆诸国遣使","2","0","2"
"征吐谷浑兵","1","1","2"
"夏四月丁丑","2","0","2"
"兹国遣使朝","2","0","2"
"国遣使献名","2","0","2"
"曲赦京师死","2","0","2"
"洛州人贾伯","1","1","2"
"州人贾伯奴","1","1","2"
"豫州人田智","1","1","2"
"州人田智度","1","1","2"
"人田智度聚","1","1","2"
"田智度聚党","2","0","2"
"十二月丙寅","1","1","2"
"建昌王长乐","1","1","2"
"昌王长乐改","1","1","2"
"王长乐改封","1","1","2"
"承明元年春","1","1","2"
"明元年春二","1","1","2"
"诏中外戒严","2","0","2"
"安城王万安","1","1","2"
"城王万安国","1","1","2"
"杀神部长奚","1","1","2"
"南平公目辰","1","1","2"
"追尊皇妣李","1","1","2"
"尊皇妣李贵","1","1","2"
"皇妣李贵人","1","1","2"
"七宝永安行","1","1","2"
"宝永安行殿","1","1","2"
"假东阳王元","1","1","2"
"阳王元丕爵","1","1","2"
"济南公罗拔","1","1","2"
"朕共治天下","2","0","2"
"武都公尉洛","1","1","2"
"都公尉洛侯","1","1","2"
"治田四十亩","1","1","2"
"复前东郡王","1","1","2"
"前东郡王陆","1","1","2"
"定三等死刑","1","1","2"
"刘准遣使朝","2","0","2"
"永乐游观殿","1","1","2"
"叠伏罗诸国","1","1","2"
"伏罗诸国遣","2","0","2"
"年七十上太","2","0","2"
"徐州刺史李","1","1","2"
"广川公皮欢","1","1","2"
"川公皮欢喜","1","1","2"
"镇西将军梁","1","1","2"
"西将军梁丑","1","1","2"
"将军梁丑奴","1","1","2"
"平西将军杨","1","1","2"
"西将军杨灵","1","1","2"
"将军杨灵珍","1","1","2"
"军杨灵珍等","1","1","2"
"率众四万讨","2","0","2"
"怀州民伊祁","2","0","2"
"州民伊祁苟","2","0","2"
"民伊祁苟初","2","0","2"
"洛州刺史冯","1","1","2"
"州刺史冯熙","1","1","2"
"杨鼠弃城南","1","1","2"
"骑常侍李长","1","1","2"
"常侍李长仁","1","1","2"
"吐谷浑遣使","2","0","2"
"谷浑遣使朝","2","0","2"
"浑遣使朝献","2","0","2"
"河南公梁弥","1","1","2"
"南公梁弥机","1","1","2"
"朕宪章旧典","2","0","2"
"兹国遣使献","2","0","2"
"阴平太守杨","1","1","2"
"平太守杨广","1","1","2"
"太守杨广香","1","1","2"
"骑常侍郑羲","1","1","2"
"十一月庚戌","2","0","2"
"坤德六合殿","1","1","2"
"太皇太后幸","2","0","2"
"象六合殿成","2","0","2"
"乐良王乐平","1","1","2"
"牦牛五十头","1","1","2"
"东阳王丕太","2","0","2"
"赵郡公陈建","1","1","2"
"进爵河东王","2","0","2"
"太原公王睿","1","1","2"
"原公王睿进","1","1","2"
"赐京师贫穷","1","1","2"
"能存者衣服","2","0","2"
"假梁郡公元","1","1","2"
"梁郡公元嘉","1","1","2"
"万斤诸国遣","2","0","2"
"斤诸国遣使","2","0","2"
"岛夷萧道成","1","1","2"
"夷萧道成废","1","1","2"
"西公元琛等","1","1","2"
"雍州氐齐男","1","1","2"
"州氐齐男王","1","1","2"
"地报德佛寺","2","0","2"
"襄城王韩颓","1","1","2"
"徐州刺史崔","1","1","2"
"州刺史崔文","1","1","2"
"刺史崔文仲","1","1","2"
"尚书游明根","1","1","2"
"书游明根率","1","1","2"
"祀山川群神","1","1","2"
"神能兴云雨","2","0","2"
"能兴云雨者","2","0","2"
"骑大将军冯","1","1","2"
"将军冯熙督","1","1","2"
"顿丘王李钟","1","1","2"
"丘王李钟葵","1","1","2"
"萧道成角城","1","1","2"
"梁州刺史崔","1","1","2"
"州刺史崔慧","1","1","2"
"刺史崔慧景","1","1","2"
"长史裴叔保","1","1","2"
"史裴叔保率","1","1","2"
"裴叔保率众","1","1","2"
"关城氐帅杨","1","1","2"
"城氐帅杨鼠","1","1","2"
"汝南太守常","1","1","2"
"南太守常元","1","1","2"
"太守常元真","1","1","2"
"龙骧将军胡","1","1","2"
"骧将军胡青","1","1","2"
"将军胡青苟","1","1","2"
"军胡青苟率","1","1","2"
"征南将军桓","1","1","2"
"南将军桓诞","1","1","2"
"镇南将军贺","1","1","2"
"南将军贺罗","1","1","2"
"北连太山群","1","1","2"
"连太山群盗","1","1","2"
"太山群盗张","1","1","2"
"阳王尉元等","1","1","2"
"州镇十八水","2","0","2"
"春正月己卯","2","0","2"
"萧道成游击","1","1","2"
"道成游击将","1","1","2"
"成游击将军","1","1","2"
"游击将军桓","1","1","2"
"击将军桓康","1","1","2"
"豫州刺史垣","1","1","2"
"州刺史垣崇","1","1","2"
"刺史垣崇祖","1","1","2"
"兰台御史张","1","1","2"
"台御史张求","1","1","2"
"御史张求等","1","1","2"
"史张求等一","1","1","2"
"张求等一百","1","1","2"
"青州主簿崔","1","1","2"
"州主簿崔次","1","1","2"
"黎王冯熙世","1","1","2"
"王冯熙世子","1","1","2"
"春正月甲戌","2","0","2"
"租调十五年","1","1","2"
"白兰王吐谷","1","1","2"
"兰王吐谷浑","1","1","2"
"王吐谷浑翼","1","1","2"
"吐谷浑翼世","1","1","2"
"地豆国遣使","2","0","2"
"豆国遣使朝","2","0","2"
"十一月乙卯","2","0","2"
"春正月庚申","2","0","2"
"鳏寡能存者","2","0","2"
"州山石窟佛","1","1","2"
"山石窟佛寺","1","1","2"
"九十四万七","1","1","2"
"七十五万一","1","1","2"
"十五万一千","1","1","2"
"五万一千七","1","1","2"
"万一千七百","1","1","2"
"一千七百余","1","1","2"
"十二月癸丑","2","0","2"
"开林虑山禁","1","1","2"
"东西二道大","1","1","2"
"西二道大使","1","1","2"
"夏四月甲寅","2","0","2"
"户增调三匹","1","1","2"
"谷二斛九斗","1","1","2"
"方山石窟寺","1","1","2"
"能耳目四达","1","1","2"
"十一月乙未","2","0","2"
"遣使者循行","2","0","2"
"春正月戊寅","2","0","2"
"孔子闭房记","1","1","2"
"飨群臣太华","2","0","2"
"遂幸灵泉池","2","0","2"
"弥机兄子弥","2","0","2"
"机兄子弥承","2","0","2"
"卖鬻男女者","2","0","2"
"魏郡王陈建","1","1","2"
"诏任城王澄","2","0","2"
"任城王澄率","2","0","2"
"春正月癸亥","2","0","2"
"十二月壬申","2","0","2"
"夏四月己未","2","0","2"
"诏南部尚书","2","0","2"
"南部尚书公","1","1","2"
"部尚书公孙","1","1","2"
"尚书公孙文","1","1","2"
"书公孙文庆","1","1","2"
"上谷张伏千","1","1","2"
"谷张伏千率","1","1","2"
"秋七月己丑","2","0","2"
"平原王陆睿","1","1","2"
"著作郎崔光","1","1","2"
"十二年春正","2","0","2"
"祖父母年老","1","1","2"
"州刺史元斤","1","1","2"
"刺史元斤率","1","1","2"
"乐王穆亮率","1","1","2"
"十三年春正","2","0","2"
"淮阳太守王","1","1","2"
"阳太守王僧","1","1","2"
"太守王僧俊","1","1","2"
"夏州刺史章","1","1","2"
"州刺史章武","1","1","2"
"刺史章武王","1","1","2"
"散骑侍郎侯","1","1","2"
"骑侍郎侯灵","1","1","2"
"侍郎侯灵绍","1","1","2"
"尚书令尉元","1","1","2"
"左仆射穆亮","1","1","2"
"叱吕勤率众","1","1","2"
"散骑侍郎苏","1","1","2"
"骑侍郎苏季","1","1","2"
"侍郎苏季连","1","1","2"
"安州都将楼","1","1","2"
"州都将楼龙","1","1","2"
"八月丙寅朔","2","0","2"
"葬文明太皇","1","1","2"
"群臣固请公","2","0","2"
"臣固请公除","2","0","2"
"十一月甲寅","2","0","2"
"将长孙百年","1","1","2"
"悉万斤等五","1","1","2"
"万斤等五国","1","1","2"
"俘获三千余","1","1","2"
"获三千余人","1","1","2"
"冬十月庚寅","2","0","2"
"散骑侍郎蒋","1","1","2"
"骑侍郎蒋少","1","1","2"
"侍郎蒋少游","1","1","2"
"十二月壬辰","2","0","2"
"移御永乐宫","2","0","2"
"吐谷浑世子","2","0","2"
"骑常侍宋弁","1","1","2"
"散骑侍郎房","1","1","2"
"骑侍郎房亮","1","1","2"
"王杨集始朝","2","0","2"
"散骑侍郎刘","1","1","2"
"骑侍郎刘承","1","1","2"
"侍郎刘承叔","1","1","2"
"立皇后冯氏","2","0","2"
"部落四千余","1","1","2"
"落四千余户","1","1","2"
"千三百余户","1","1","2"
"后者爵一级","2","0","2"
"山阳郡公尉","1","1","2"
"阳郡公尉元","1","1","2"
"民年七十上","2","0","2"
"骑常侍高聪","1","1","2"
"散骑侍郎贾","1","1","2"
"骑侍郎贾祯","1","1","2"
"冬十月戊寅","2","0","2"
"将作大匠董","1","1","2"
"作大匠董爵","1","1","2"
"孤老鳏寡能","2","0","2"
"老鳏寡能存","2","0","2"
"骑常侍卢昶","1","1","2"
"散骑侍郎王","1","1","2"
"骑侍郎王清","1","1","2"
"侍郎王清石","1","1","2"
"武应求者具","2","0","2"
"应求者具名","2","0","2"
"求者具名闻","2","0","2"
"征南将军薛","1","1","2"
"南将军薛真","1","1","2"
"将军薛真度","1","1","2"
"大将军刘昶","1","1","2"
"州刺史元衍","1","1","2"
"犯者大辟论","2","0","2"
"龙阳县开国","1","1","2"
"县开国侯王","1","1","2"
"开国侯王朗","1","1","2"
"平南将军王","1","1","2"
"宁州刺史董","1","1","2"
"州刺史董峦","1","1","2"
"太师冯熙举","1","1","2"
"文成皇后冯","1","1","2"
"成皇后冯氏","1","1","2"
"士十五万人","1","1","2"
"民百年上假","2","0","2"
"引见群臣光","2","0","2"
"见群臣光极","2","0","2"
"群臣光极堂","2","0","2"
"广陵王羽征","2","0","2"
"陵王羽征东","2","0","2"
"广州刺史薛","1","1","2"
"州刺史薛法","1","1","2"
"刺史薛法护","1","1","2"
"废皇后冯氏","2","0","2"
"冬十月戊戌","2","0","2"
"右将军元隆","1","1","2"
"将军元隆大","1","1","2"
"军元隆大破","1","1","2"
"元隆大破汾","1","1","2"
"隆大破汾州","1","1","2"
"刺史穆泰等","1","1","2"
"二十一年春","1","1","2"
"骑常侍刘藻","1","1","2"
"河南尹李崇","1","1","2"
"太尉咸阳王","1","1","2"
"前军将军韩","1","1","2"
"军将军韩秀","1","1","2"
"将军韩秀方","1","1","2"
"弋阳太守王","1","1","2"
"阳太守王副","1","1","2"
"后军将军赵","1","1","2"
"军将军赵祖","1","1","2"
"军赵祖悦等","1","1","2"
"赵祖悦等十","1","1","2"
"祖悦等十五","1","1","2"
"十二月庚申","2","0","2"
"春正月癸未","2","0","2"
"新野太守刘","1","1","2"
"野太守刘忌","1","1","2"
"蔡道福弃城","1","1","2"
"戍主成公期","2","0","2"
"南乡太守席","1","1","2"
"乡太守席谦","1","1","2"
"南阳太守房","1","1","2"
"阳太守房伯","1","1","2"
"太守房伯玉","1","1","2"
"房伯玉面缚","1","1","2"
"伯玉面缚降","2","0","2"
"平北将军崔","1","1","2"
"北将军崔惠","1","1","2"
"将军崔惠景","1","1","2"
"鸾遣将裴叔","2","0","2"
"遣将裴叔业","2","0","2"
"将裴叔业寇","2","0","2"
"裴叔业寇涡","2","0","2"
"叔业寇涡阳","2","0","2"
"将军郑思明","1","1","2"
"限八月中旬","1","1","2"
"八月中旬集","1","1","2"
"奉朝请邓学","1","1","2"
"继都督北讨","2","0","2"
"二十三年春","1","1","2"
"显达攻陷马","1","1","2"
"达攻陷马圈","1","1","2"
"攻陷马圈戍","1","1","2"
"振武将军慕","1","1","2"
"武将军慕容","1","1","2"
"将军慕容平","1","1","2"
"军慕容平城","1","1","2"
"诏镇南大将","2","0","2"
"死者十八九","2","0","2"
"左军将军张","1","1","2"
"天赐六年冬","1","1","2"
"赐六年冬十","1","1","2"
"闰十月丁亥","1","1","2"
"阳侯奚斤巡","1","1","2"
"十二月戊戌","1","1","2"
"凉王乐真改","1","1","2"
"王乐真改封","1","1","2"
"乐真改封平","1","1","2"
"真改封平阳","1","1","2"
"称大燕天王","1","1","2"
"史元六头讨","1","1","2"
"二月癸未朔","2","0","2"
"章武民刘牙","2","0","2"
"武民刘牙聚","2","0","2"
"阳侯奚斤讨","1","1","2"
"太祖宣武皇","1","1","2"
"祖宣武皇帝","1","1","2"
"将军周观率","1","1","2"
"春二月戊戌","1","1","2"
"诏北新侯安","2","0","2"
"定二州诸山","2","0","2"
"二州诸山居","2","0","2"
"州诸山居杂","2","0","2"
"诸山居杂胡","2","0","2"
"夏四月戊寅","1","1","2"
"河东蜀民黄","1","1","2"
"东蜀民黄思","1","1","2"
"王慕容伯兒","2","0","2"
"秋七月戊申","1","1","2"
"附国大人锦","1","1","2"
"束州侯尉古","1","1","2"
"州侯尉古真","1","1","2"
"侯尉古真统","1","1","2"
"赐南平公长","1","1","2"
"置四厢大将","1","1","2"
"置十二小将","1","1","2"
"民大酺三日","2","0","2"
"卫将士布帛","1","1","2"
"阳平王熙等","2","0","2"
"熙等十二将","1","1","2"
"幸云中旧宫","2","0","2"
"遣元城侯元","1","1","2"
"等率众三千","2","0","2"
"率众三千镇","2","0","2"
"越勤倍泥部","1","1","2"
"勤倍泥部落","1","1","2"
"牛二十万头","1","1","2"
"徙二万余家","2","0","2"
"河西胡曹龙","1","1","2"
"渠帅缯帛差","2","0","2"
"定襄大落城","1","1","2"
"击吐京叛胡","2","0","2"
"三城护军张","1","1","2"
"城护军张昌","1","1","2"
"护军张昌等","1","1","2"
"吐京护军守","2","0","2"
"夏五月辛酉","1","1","2"
"山太守刘研","1","1","2"
"太守刘研弟","1","1","2"
"东平太守阳","1","1","2"
"平太守阳平","1","1","2"
"平昌太守罗","1","1","2"
"昌太守罗卓","1","1","2"
"秋八月戊子","1","1","2"
"内人司马顺","1","1","2"
"人司马顺宰","1","1","2"
"琅邪太守刘","1","1","2"
"邪太守刘朗","1","1","2"
"河西胡刘云","1","1","2"
"西胡刘云等","1","1","2"
"公孙表等五","1","1","2"
"使使者太牢","2","0","2"
"使者太牢祠","2","0","2"
"三千余家内","2","0","2"
"泰常元年春","1","1","2"
"常元年春正","1","1","2"
"夏四月壬子","1","1","2"
"秋七月甲申","1","1","2"
"观九十九泉","2","0","2"
"司马顺宰等","1","1","2"
"将王仲德前","2","0","2"
"王仲德前锋","2","0","2"
"仲德遂入滑","2","0","2"
"德遂入滑台","2","0","2"
"冬十月壬戌","1","1","2"
"徒何部落库","1","1","2"
"将军延普渡","1","1","2"
"十一月甲戌","1","1","2"
"遣使者巡行","2","0","2"
"阳守将傅洪","1","1","2"
"谯王司马文","1","1","2"
"王司马文思","1","1","2"
"诏司徒长孙","2","0","2"
"徒长孙嵩率","1","1","2"
"榆山丁零翟","1","1","2"
"丁零翟蜀率","1","1","2"
"余家相率内","2","0","2"
"家相率内属","2","0","2"
"匈奴镇将姚","1","1","2"
"奴镇将姚成","1","1","2"
"镇将姚成都","1","1","2"
"弟镇远将军","1","1","2"
"春正月丁酉","1","1","2"
"护高车中郎","1","1","2"
"高车中郎将","1","1","2"
"车中郎将薛","1","1","2"
"中郎将薛繁","1","1","2"
"郎将薛繁率","1","1","2"
"高车丁零十","1","1","2"
"车丁零十二","1","1","2"
"丁零十二部","1","1","2"
"零十二部大","1","1","2"
"降者二千余","2","0","2"
"者二千余人","2","0","2"
"获牛马二万","1","1","2"
"夏四月己巳","1","1","2"
"黄门侍郎奚","1","1","2"
"门侍郎奚观","1","1","2"
"侍郎奚观率","1","1","2"
"命骁骑将军","1","1","2"
"秋七月戊午","1","1","2"
"匈奴护军薛","1","1","2"
"奴护军薛辩","1","1","2"
"冬十二月癸","1","1","2"
"十二月癸亥","1","1","2"
"正月丙戌朔","2","0","2"
"南阳王意文","1","1","2"
"宣武皇帝体","1","1","2"
"淮南侯司马","1","1","2"
"南侯司马国","1","1","2"
"池阳侯司马","1","1","2"
"阳侯司马道","1","1","2"
"侯司马道赐","1","1","2"
"司马道赐等","1","1","2"
"秋七月丁酉","1","1","2"
"诏骁骑将军","2","0","2"
"率三千余家","2","0","2"
"千余家内附","2","0","2"
"输戎马一匹","2","0","2"
"夏六月乙酉","1","1","2"
"冬十月己亥","1","1","2"
"十二月丙申","1","1","2"
"春正月甲辰","1","1","2"
"夏四月甲戌","1","1","2"
"献怀长公主","1","1","2"
"皇太子临朝","1","1","2"
"行扬州刺史","2","0","2"
"安固子公孙","1","1","2"
"使者循行州","2","0","2"
"者循行州郡","2","0","2"
"冬十月甲戌","1","1","2"
"义符东郡太","2","0","2"
"符东郡太守","2","0","2"
"东郡太守王","2","0","2"
"成皋侯元苟","1","1","2"
"遣寿光侯叔","1","1","2"
"侯叔孙建等","1","1","2"
"兗州刺史徐","2","0","2"
"建遂东入青","2","0","2"
"遂东入青州","2","0","2"
"秀先聚党济","2","0","2"
"先聚党济东","2","0","2"
"八年正月丙","1","1","2"
"年正月丙辰","1","1","2"
"夏四月丁卯","1","1","2"
"阳太守翟广","1","1","2"
"将军姚勇错","2","0","2"
"振威将军吴","1","1","2"
"威将军吴宝","1","1","2"
"诏司空奚斤","2","0","2"
"昌平侯娥清","1","1","2"
"颖川太守李","1","1","2"
"川太守李元","1","1","2"
"司空奚斤所","1","1","2"
"空奚斤所获","1","1","2"
"永平三年三","1","1","2"
"平三年三月","1","1","2"
"宣光殿东北","1","1","2"
"延昌元年十","1","1","2"
"昌元年十月","1","1","2"
"西讨东防诸","1","1","2"
"讨东防诸军","1","1","2"
"高阳王雍入","2","0","2"
"阳王雍入居","2","0","2"
"雍入居西柏","1","1","2"
"百官总己听","2","0","2"
"梁州刺史薛","1","1","2"
"州刺史薛怀","1","1","2"
"刺史薛怀古","1","1","2"
"秦州刺史崔","1","1","2"
"州刺史崔暹","1","1","2"
"秋七月癸卯","2","0","2"
"诏假右光禄","1","1","2"
"假右光禄大","1","1","2"
"光禄大夫元","1","1","2"
"禄大夫元遥","1","1","2"
"定州刺史田","1","1","2"
"州刺史田超","1","1","2"
"刺史田超秀","1","1","2"
"史田超秀率","1","1","2"
"复前江阳王","1","1","2"
"群臣奏请皇","1","1","2"
"臣奏请皇太","1","1","2"
"奏请皇太后","1","1","2"
"请皇太后临","1","1","2"
"皇太后临朝","1","1","2"
"太后临朝称","1","1","2"
"后临朝称制","1","1","2"
"能谠言直谏","1","1","2"
"萧衍将赵祖","2","0","2"
"诏定州刺史","2","0","2"
"定州刺史崔","1","1","2"
"州刺史崔亮","1","1","2"
"刺史崔亮假","1","1","2"
"史崔亮假镇","1","1","2"
"崔亮假镇南","1","1","2"
"亮假镇南将","1","1","2"
"安定公胡国","1","1","2"
"定公胡国珍","1","1","2"
"弘化太守杜","1","1","2"
"化太守杜桂","1","1","2"
"太守杜桂举","1","1","2"
"守杜桂举郡","1","1","2"
"高阳王雍太","2","0","2"
"正月戊辰朔","2","0","2"
"沔都督元志","1","1","2"
"都督元志大","1","1","2"
"督元志大破","1","1","2"
"元志大破萧","1","1","2"
"志大破萧衍","1","1","2"
"农太守王世","1","1","2"
"太守王世定","1","1","2"
"守王世定等","1","1","2"
"部尚书李平","1","1","2"
"尚书李平镇","2","0","2"
"听秀才对策","1","1","2"
"萧衍衡州刺","1","1","2"
"傅竖眼大破","1","1","2"
"竖眼大破张","1","1","2"
"眼大破张齐","1","1","2"
"刺史宇文福","1","1","2"
"史宇文福讨","1","1","2"
"中尉元匡考","1","1","2"
"尉元匡考定","1","1","2"
"元匡考定权","1","1","2"
"匡考定权衡","1","1","2"
"罽宾国遣使","2","0","2"
"宾国遣使朝","2","0","2"
"封御史中尉","1","1","2"
"仪同三司胡","1","1","2"
"同三司胡国","1","1","2"
"三司胡国珍","1","1","2"
"伊阙石窟寺","1","1","2"
"重申天文禁","1","1","2"
"庶族子弟年","1","1","2"
"京兆二王子","1","1","2"
"兆二王子女","1","1","2"
"雍入居门下","1","1","2"
"参决尚书奏","2","0","2"
"决尚书奏事","2","0","2"
"元纂等巡抚","1","1","2"
"十一月甲子","2","0","2"
"巴州刺史牟","1","1","2"
"州刺史牟汉","1","1","2"
"刺史牟汉宠","1","1","2"
"神龟元年春","1","1","2"
"龟元年春正","1","1","2"
"十上小县板","2","0","2"
"三千七百九","1","1","2"
"千七百九十","1","1","2"
"七百九十九","1","1","2"
"百九十九人","1","1","2"
"刺史赵邕开","1","1","2"
"史赵邕开仓","1","1","2"
"书右仆射忠","2","0","2"
"忠仪同三司","2","0","2"
"南秦州氐反","2","0","2"
"骧将军崔袭","1","1","2"
"将军崔袭持","1","1","2"
"军崔袭持节","1","1","2"
"改封京兆王","1","1","2"
"赖皇太后慈","1","1","2"
"改葬文昭皇","1","1","2"
"葬文昭皇太","1","1","2"
"昭皇太后高","1","1","2"
"征西将军张","1","1","2"
"西将军张彝","1","1","2"
"兆王继司空","2","0","2"
"大夫皇甫集","1","1","2"
"刘宣明谋反","1","1","2"
"蠕蠕莫缘梁","1","1","2"
"蠕莫缘梁贺","1","1","2"
"莫缘梁贺侯","1","1","2"
"缘梁贺侯豆","1","1","2"
"梁贺侯豆率","1","1","2"
"男女七百人","1","1","2"
"正光元年春","1","1","2"
"书长孙稚巡","1","1","2"
"长孙稚巡抚","1","1","2"
"孙稚巡抚北","1","1","2"
"皇太后诏曰","2","0","2"
"南王悦太尉","2","0","2"
"朔方郡开国","1","1","2"
"方郡开国公","1","1","2"
"假光禄大夫","1","1","2"
"光禄大夫邴","1","1","2"
"禄大夫邴虬","1","1","2"
"继进位太保","1","1","2"
"仪同三司崔","1","1","2"
"同三司崔光","1","1","2"
"萧衍义州刺","1","1","2"
"衍义州刺史","1","1","2"
"义州刺史文","1","1","2"
"州刺史文僧","1","1","2"
"刺史文僧明","1","1","2"
"史文僧明率","1","1","2"
"仪同三司皇","1","1","2"
"同三司皇甫","1","1","2"
"三司皇甫集","1","1","2"
"高车国主覆","1","1","2"
"车国主覆罗","1","1","2"
"国主覆罗伊","1","1","2"
"主覆罗伊匐","1","1","2"
"诸山川百神","1","1","2"
"山川百神能","1","1","2"
"川百神能兴","1","1","2"
"冬十月己巳","2","0","2"
"大夫皇甫度","1","1","2"
"牧守妄立碑","1","1","2"
"守妄立碑颂","1","1","2"
"蠕蠕后主侯","1","1","2"
"蠕后主侯匿","1","1","2"
"后主侯匿伐","1","1","2"
"仆射元纂率","1","1","2"
"若才非秀异","1","1","2"
"鳏寡穷疾冤","1","1","2"
"寡穷疾冤滞","1","1","2"
"悦入居门下","1","1","2"
"衍遣将寇边","2","0","2"
"诏尚书令李","2","0","2"
"镇将赫连略","1","1","2"
"行台高元荣","1","1","2"
"率诸将西讨","2","0","2"
"督崔暹失利","2","0","2"
"都督李崇率","1","1","2"
"长史祖莹截","1","1","2"
"生遣都督杨","2","0","2"
"都督杨伯年","1","1","2"
"复抚军将军","1","1","2"
"萧衍遣将裴","2","0","2"
"衍遣将裴邃","2","0","2"
"袭寿春外城","1","1","2"
"诏河间王琛","2","0","2"
"河间王琛总","2","0","2"
"间王琛总众","2","0","2"
"王琛总众援","2","0","2"
"吐谷浑主伏","1","1","2"
"谷浑主伏连","1","1","2"
"浑主伏连筹","1","1","2"
"城民赵天安","1","1","2"
"刺史李仲遵","1","1","2"
"莫折天生攻","1","1","2"
"折天生攻陷","1","1","2"
"天生攻陷岐","1","1","2"
"生攻陷岐州","1","1","2"
"高平人攻杀","1","1","2"
"平人攻杀卜","1","1","2"
"人攻杀卜朝","1","1","2"
"复征东将军","1","1","2"
"史魏子建招","1","1","2"
"魏子建招降","1","1","2"
"子建招降南","1","1","2"
"建招降南秦","1","1","2"
"贼王韩祖香","1","1","2"
"贼王张长命","1","1","2"
"王张长命畏","1","1","2"
"率众赴彭城","2","0","2"
"诏追复乐良","1","1","2"
"追复乐良王","1","1","2"
"等攻仇池郡","2","0","2"
"萧衍遣北梁","2","0","2"
"擒斩三千余","2","0","2"
"斩三千余人","2","0","2"
"休儒等走魏","2","0","2"
"儒等走魏兴","2","0","2"
"萧世澄等率","1","1","2"
"太后复临朝","2","0","2"
"诞等大破萧","1","1","2"
"等大破萧衍","1","1","2"
"世澄等十一","1","1","2"
"柔玄镇人杜","1","1","2"
"玄镇人杜洛","1","1","2"
"镇人杜洛周","1","1","2"
"人杜洛周率","1","1","2"
"杜洛周率众","1","1","2"
"幽州刺史常","1","1","2"
"州刺史常景","1","1","2"
"征虏将军元","1","1","2"
"虏将军元谭","1","1","2"
"彝伦攸叙者","2","0","2"
"河州长史元","1","1","2"
"州长史元永","1","1","2"
"治中孟宾等","1","1","2"
"哒使主高徽","1","1","2"
"致使西秦跋","1","1","2"
"使西秦跋扈","1","1","2"
"春正月庚戌","2","0","2"
"号鲁兴元年","1","1","2"
"叠伏罗国遣","2","0","2"
"追复中山王","1","1","2"
"北讨都督河","1","1","2"
"讨都督河间","1","1","2"
"门侍郎元略","1","1","2"
"都督章武王","1","1","2"
"州刺史崔秉","1","1","2"
"刺史崔秉率","1","1","2"
"史崔秉率众","1","1","2"
"光禄大夫宗","1","1","2"
"禄大夫宗正","1","1","2"
"大夫宗正珍","1","1","2"
"夫宗正珍孙","1","1","2"
"陈双炽聚众","1","1","2"
"便避居正殿","1","1","2"
"直言正谏士","2","0","2"
"敢决徇义夫","2","0","2"
"悉集华林东","2","0","2"
"集华林东门","2","0","2"
"行台元纂奔","1","1","2"
"萧衍将元树","1","1","2"
"封广川县开","1","1","2"
"广川县开国","1","1","2"
"临淮王彧仪","2","0","2"
"淮王彧仪同","2","0","2"
"王彧仪同三","2","0","2"
"彧仪同三司","2","0","2"
"进散骑常侍","2","0","2"
"贼帅元洪业","1","1","2"
"都督广阳王","1","1","2"
"博野白牛逻","1","1","2"
"武川王贺拔","1","1","2"
"川王贺拔文","1","1","2"
"王贺拔文兴","1","1","2"
"帅侯莫陈升","1","1","2"
"莫折天生请","1","1","2"
"行台左丞崔","1","1","2"
"台左丞崔士","1","1","2"
"洛周攻陷幽","1","1","2"
"周攻陷幽州","1","1","2"
"刘苍生聚众","1","1","2"
"州刺史李宪","1","1","2"
"杂户滥门所","1","1","2"
"户滥门所拘","1","1","2"
"司空公皇甫","1","1","2"
"空公皇甫度","1","1","2"
"仪同三司萧","1","1","2"
"同三司萧宝","1","1","2"
"三司萧宝夤","1","1","2"
"任道棱聚众","1","1","2"
"南平王仲冏","2","0","2"
"小陇都督高","1","1","2"
"陇都督高聿","1","1","2"
"秦州刺史潘","1","1","2"
"州刺史潘义","1","1","2"
"刺史潘义渊","1","1","2"
"刺史魏兰根","1","1","2"
"豳州刺史毕","1","1","2"
"州刺史毕祖","1","1","2"
"刺史毕祖晖","1","1","2"
"王辩等率众","1","1","2"
"辩等率众数","1","1","2"
"等率众数万","1","1","2"
"官斗二百斛","1","1","2"
"斗二百斛赏","1","1","2"
"光禄大夫源","1","1","2"
"禄大夫源子","1","1","2"
"大夫源子邕","1","1","2"
"清河太守邵","1","1","2"
"河太守邵怀","1","1","2"
"州刺史元庆","1","1","2"
"史萧宝夤州","2","0","2"
"萧宝夤州反","2","0","2"
"诏尚书右仆","2","0","2"
"书右仆射长","1","1","2"
"右仆射长孙","1","1","2"
"仆射长孙稚","1","1","2"
"葛荣攻陷冀","1","1","2"
"荣攻陷冀州","1","1","2"
"瀛州刺史元","1","1","2"
"州刺史元宁","1","1","2"
"宝夤携南阳","1","1","2"
"夤携南阳公","1","1","2"
"携南阳公主","1","1","2"
"诏武卫将军","2","0","2"
"武卫将军李","1","1","2"
"卫将军李神","1","1","2"
"将军李神轨","1","1","2"
"皇家握历受","1","1","2"
"家握历受图","1","1","2"
"普加军功二","1","1","2"
"加军功二阶","1","1","2"
"大都督朱荣","2","0","2"
"朱荣抗表请","1","1","2"
"葛荣攻陷沧","1","1","2"
"荣攻陷沧州","1","1","2"
"献明贺皇后","1","1","2"
"三十四年七","1","1","2"
"十四年七月","1","1","2"
"四年七月七","1","1","2"
"年七月七日","1","1","2"
"坚使刘库仁","2","0","2"
"慕容垂僭称","2","0","2"
"商人王霸知","1","1","2"
"大人梁盖盆","1","1","2"
"结旧臣长孙","1","1","2"
"旧臣长孙犍","1","1","2"
"献明太后传","1","1","2"
"乞伏国仁私","1","1","2"
"登国元年春","1","1","2"
"国元年春正","1","1","2"
"春正月戊申","1","1","2"
"显善南走马","2","0","2"
"善南走马邑","2","0","2"
"永新兴太守","2","0","2"
"刘显遣弟亢","2","0","2"
"显遣弟亢泥","2","0","2"
"遣行人安同","2","0","2"
"叔孙普洛等","1","1","2"
"孙普洛等十","1","1","2"
"普洛等十三","1","1","2"
"洛等十三人","1","1","2"
"诸乌丸亡奔","2","0","2"
"乌丸亡奔卫","2","0","2"
"丸亡奔卫辰","2","0","2"
"慕容垂遣使","2","0","2"
"容垂遣使朝","2","0","2"
"赐功臣长孙","1","1","2"
"功臣长孙嵩","1","1","2"
"臣长孙嵩等","1","1","2"
"长孙嵩等七","1","1","2"
"孙嵩等七十","1","1","2"
"嵩等七十三","1","1","2"
"等七十三人","1","1","2"
"征兵慕容垂","2","0","2"
"子贺驎率众","2","0","2"
"贺驎率众会","2","0","2"
"遣外朝大人","1","1","2"
"外朝大人王","1","1","2"
"朝大人王建","1","1","2"
"建使慕容垂","2","0","2"
"杂畜十余万","2","0","2"
"乞伏国仁死","1","1","2"
"贺染干兄弟","1","1","2"
"染干兄弟率","1","1","2"
"年春三月甲","1","1","2"
"春三月甲申","1","1","2"
"高车袁纥部","1","1","2"
"容垂遣子贺","2","0","2"
"垂遣子贺驎","2","0","2"
"子直力鞮寇","2","0","2"
"秦王觚使慕","2","0","2"
"王觚使慕容","2","0","2"
"觚使慕容垂","2","0","2"
"高车豆陈部","1","1","2"
"六年春二月","1","1","2"
"遣九原公元","1","1","2"
"西部泣黎大","1","1","2"
"部泣黎大人","1","1","2"
"泣黎大人茂","1","1","2"
"黎大人茂鲜","1","1","2"
"遣南部大人","1","1","2"
"人长孙嵩追","1","1","2"
"慕容永长子","2","0","2"
"九年春三月","1","1","2"
"遣右司马许","1","1","2"
"下文武将吏","1","1","2"
"将吏数千人","1","1","2"
"皇始元年春","1","1","2"
"夏六月癸酉","1","1","2"
"遣将军王建","1","1","2"
"建等三军讨","1","1","2"
"宝广宁太守","2","0","2"
"宝上谷太守","2","0","2"
"太守慕容普","1","1","2"
"守慕容普邻","1","1","2"
"皇太后贺氏","1","1","2"
"葬献明太后","1","1","2"
"司马许谦上","1","1","2"
"谦上书劝进","2","0","2"
"将军封真等","1","1","2"
"军封真等三","1","1","2"
"封真等三军","1","1","2"
"州牧辽西王","1","1","2"
"诏辅国将军","2","0","2"
"辅国将军奚","1","1","2"
"国将军奚牧","1","1","2"
"宝丹阳王买","2","0","2"
"五万骑先驱","2","0","2"
"万骑先驱启","2","0","2"
"信都三城下","2","0","2"
"诏征东大将","2","0","2"
"东大将军东","2","0","2"
"将军李栗等","1","1","2"
"左卫将军慕","1","1","2"
"卫将军慕容","1","1","2"
"将军慕容腾","1","1","2"
"宝冀州刺史","2","0","2"
"冀州刺史宜","1","1","2"
"州刺史宜都","1","1","2"
"刺史宜都王","1","1","2"
"史宜都王慕","1","1","2"
"宜都王慕容","1","1","2"
"都王慕容凤","1","1","2"
"国将军张骧","1","1","2"
"护军将军徐","1","1","2"
"军将军徐超","1","1","2"
"将军徐超率","1","1","2"
"将军高长等","1","1","2"
"军高长等四","1","1","2"
"高长等四千","1","1","2"
"秘书监崔逞","1","1","2"
"中侍御史孟","1","1","2"
"侍御史孟辅","1","1","2"
"御史孟辅等","1","1","2"
"将军奚辱捕","1","1","2"
"州守将封真","1","1","2"
"守将封真率","1","1","2"
"贺兰部帅附","2","0","2"
"兰部帅附力","2","0","2"
"部帅附力眷","2","0","2"
"纥突邻部帅","2","0","2"
"突邻部帅匿","2","0","2"
"邻部帅匿物","2","0","2"
"部帅匿物尼","2","0","2"
"纥奚部帅叱","2","0","2"
"奚部帅叱奴","2","0","2"
"部帅叱奴根","2","0","2"
"聚党反阴馆","2","0","2"
"诏安远将军","2","0","2"
"讨叱奴根等","2","0","2"
"军长孙肥追","1","1","2"
"慕容普邻主","2","0","2"
"军东平公元","1","1","2"
"军长孙肥等","1","1","2"
"千骑袭中山","2","0","2"
"军大将军略","1","1","2"
"大将军略阳","1","1","2"
"将军略阳公","1","1","2"
"军略阳公元","1","1","2"
"阳公元遵袭","1","1","2"
"帝进军新市","1","1","2"
"龙骧将军日","1","1","2"
"骧将军日南","1","1","2"
"将军日南公","1","1","2"
"左丞贾彝率","1","1","2"
"阳公元遵镇","1","1","2"
"右军将军尹","1","1","2"
"军将军尹国","1","1","2"
"将军尹国先","1","1","2"
"安南将军长","1","1","2"
"南将军长孙","1","1","2"
"太守贺卢杀","1","1","2"
"冀州刺史王","1","1","2"
"州刺史王辅","1","1","2"
"内徙新民耕","1","1","2"
"徙新民耕牛","1","1","2"
"离石胡帅呼","2","0","2"
"石胡帅呼延","2","0","2"
"胡帅呼延铁","2","0","2"
"西河胡帅张","2","0","2"
"河胡帅张崇","2","0","2"
"胡帅张崇等","2","0","2"
"官韬聚众反","1","1","2"
"夏四月壬戌","1","1","2"
"杏城卢水郝","1","1","2"
"城卢水郝奴","1","1","2"
"将军王建讨","1","1","2"
"聚党三千余","2","0","2"
"党三千余家","2","0","2"
"书吏部郎中","1","1","2"
"吏部郎中邓","1","1","2"
"部郎中邓渊","1","1","2"
"仪曹郎中董","1","1","2"
"部尚书崔玄","1","1","2"
"书崔玄伯总","1","1","2"
"伏惟陛下德","2","0","2"
"徙六州二十","1","1","2"
"六州二十二","1","1","2"
"州二十二郡","1","1","2"
"神元皇帝配","1","1","2"
"凉王乐真等","1","1","2"
"王乐真等七","1","1","2"
"乐真等七军","1","1","2"
"马三十余万","2","0","2"
"三十余万匹","2","0","2"
"国子太学生","1","1","2"
"子太学生员","1","1","2"
"将士千余人","2","0","2"
"遣建义将军","1","1","2"
"建义将军庾","1","1","2"
"义将军庾真","1","1","2"
"越骑校尉奚","1","1","2"
"骑校尉奚斤","1","1","2"
"推群盗赵准","2","0","2"
"群盗赵准主","2","0","2"
"冀青二州牧","1","1","2"
"军长孙肥讨","1","1","2"
"前清河太守","1","1","2"
"太守傅世聚","1","1","2"
"马德宗将辛","2","0","2"
"德宗将辛恭","2","0","2"
"宗将辛恭靖","2","0","2"
"将辛恭靖请","2","0","2"
"辛恭靖请救","2","0","2"
"遣太尉穆崇","1","1","2"
"太尉穆崇率","1","1","2"
"范阳人卢溥","1","1","2"
"幽州刺史封","1","1","2"
"州刺史封沓","1","1","2"
"刺史封沓干","1","1","2"
"辽西太守李","1","1","2"
"西太守李朗","1","1","2"
"秃发乌孤死","1","1","2"
"弟鹿孤代立","1","1","2"
"私署凉州牧","2","0","2"
"刺史长孙肥","1","1","2"
"天下镇戍将","1","1","2"
"下镇戍将士","1","1","2"
"镇戍将士布","1","1","2"
"戍将士布帛","1","1","2"
"兰部帅木易","2","0","2"
"素古延等诸","2","0","2"
"古延等诸部","2","0","2"
"集博士儒生","1","1","2"
"卢水胡沮渠","1","1","2"
"水胡沮渠蒙","1","1","2"
"胡沮渠蒙逊","1","1","2"
"虎威将军宿","1","1","2"
"威将军宿沓","1","1","2"
"将军宿沓干","1","1","2"
"军宿沓干等","1","1","2"
"太守楼伏连","1","1","2"
"守楼伏连讨","1","1","2"
"弟安北将军","1","1","2"
"西大将军毗","1","1","2"
"大将军毗陵","1","1","2"
"将军毗陵王","1","1","2"
"长孙肥等三","1","1","2"
"孙肥等三将","1","1","2"
"六万骑前锋","2","0","2"
"车驾次晋阳","2","0","2"
"上党群盗秦","2","0","2"
"党群盗秦颇","2","0","2"
"党太守捕颇","2","0","2"
"秃发鹿孤病","1","1","2"
"发鹿孤病死","1","1","2"
"朔方尉迟部","1","1","2"
"率万余家内","2","0","2"
"子夔豫章王","2","0","2"
"将军伊谓率","1","1","2"
"岛夷桓玄废","1","1","2"
"尚书郎中公","1","1","2"
"书郎中公孙","1","1","2"
"郎中公孙表","1","1","2"
"冬十月辛巳","1","1","2"
"十二月戊辰","1","1","2"
"春二月癸亥","1","1","2"
"授著作郎王","1","1","2"
"著作郎王宜","1","1","2"
"作郎王宜弟","1","1","2"
"兵法孤虚立","1","1","2"
"法孤虚立成","1","1","2"
"孤虚立成图","1","1","2"
"定襄角史山","1","1","2"
"发八部五百","1","1","2"
"八部五百里","1","1","2"
"部五百里内","1","1","2"
"养子高云杀","1","1","2"
"太医令阴羌","1","1","2"
"医令阴羌死","1","1","2"
"者三百余人","2","0","2"
"时年三十九","1","1","2"
"永兴二年九","1","1","2"
"二年九月甲","1","1","2"
"年九月甲寅","1","1","2"
"葬盛乐金陵","2","0","2"
"恭宗景穆皇","1","1","2"
"宗景穆皇帝","1","1","2"
"真君元年六","1","1","2"
"君元年六月","1","1","2"
"正平二年十","1","1","2"
"平二年十月","1","1","2"
"二年十月戊","1","1","2"
"年十月戊申","1","1","2"
"骑大将军元","1","1","2"
"大将军元寿","1","1","2"
"将军元寿乐","1","1","2"
"宋子侯周忸","1","1","2"
"章安子陆丽","1","1","2"
"追尊景穆太","1","1","2"
"尊景穆太子","1","1","2"
"陇西屠王景","2","0","2"
"西屠王景文","2","0","2"
"镇西将军杜","1","1","2"
"广平公杜遗","1","1","2"
"崇子丽济南","2","0","2"
"子丽济南王","2","0","2"
"濮阳王闾若","2","0","2"
"阳王闾若文","2","0","2"
"渴槃陀国遣","2","0","2"
"槃陀国遣使","2","0","2"
"陀国遣使朝","2","0","2"
"天地祖宗降","1","1","2"
"冬十一月辛","1","1","2"
"十一月辛酉","1","1","2"
"等十余国遣","2","0","2"
"兴光元年春","1","1","2"
"河南公伊馛","2","0","2"
"夏六月丙寅","1","1","2"
"北镇将房杖","1","1","2"
"太安元年春","1","1","2"
"夏六月壬戌","1","1","2"
"遣尚书穆伏","1","1","2"
"尚书穆伏真","1","1","2"
"书穆伏真等","1","1","2"
"穆伏真等三","1","1","2"
"伏真等三十","1","1","2"
"真等三十人","1","1","2"
"秋七月丙辰","1","1","2"
"辽西公常英","1","1","2"
"丁零数千家","2","0","2"
"州刺史乞佛","1","1","2"
"刺史乞佛成","1","1","2"
"史乞佛成龙","1","1","2"
"乞佛成龙讨","1","1","2"
"秋八月甲申","1","1","2"
"河东公闾毗","1","1","2"
"濮阳太守姜","1","1","2"
"阳太守姜龙","1","1","2"
"太守姜龙驹","1","1","2"
"太守杨伯伦","1","1","2"
"阗国遣使朝","2","0","2"
"夏五月壬戌","1","1","2"
"将殷孝祖修","2","0","2"
"殷孝祖修两","2","0","2"
"孝祖修两城","2","0","2"
"祖修两城清","2","0","2"
"公封敕文等","1","1","2"
"皮豹子等三","1","1","2"
"部乌朱贺颓","1","1","2"
"中山王托真","1","1","2"
"冬十二月戊","1","1","2"
"西诸军南趋","1","1","2"
"诸军南趋石","1","1","2"
"军南趋石楼","1","1","2"
"皇太后常氏","1","1","2"
"平王新成等","1","1","2"
"郡公李惠等","1","1","2"
"吐谷浑什寅","1","1","2"
"遣使者安慰","2","0","2"
"皆亲对高年","2","0","2"
"过山南二百","1","1","2"
"山南二百二","1","1","2"
"南二百二十","1","1","2"
"二百二十步","1","1","2"
"肆州五千人","1","1","2"
"南部尚书黄","1","1","2"
"部尚书黄卢","1","1","2"
"尚书黄卢头","1","1","2"
"秋七月戊寅","1","1","2"
"加征东大将","2","0","2"
"员外郎昌邑","1","1","2"
"外郎昌邑侯","1","1","2"
"广平王洛侯","1","1","2"
"夏六月庚申","1","1","2"
"将军陆真讨","1","1","2"
"冬十月丙辰","1","1","2"
"零陵王闾拔","1","1","2"
"春三月乙未","1","1","2"
"昌邑子娄内","1","1","2"
"邑子娄内近","1","1","2"
"顿丘公李峻","1","1","2"
"秋七月辛丑","1","1","2"
"七年闰四月","1","1","2"
"二十一年正","1","1","2"
"遣侍臣巡行","2","0","2"
"高祖三夫人","1","1","2"
"王惠定聚众","1","1","2"
"称明法皇帝","1","1","2"
"刺史李肃捕","1","1","2"
"景明元年春","1","1","2"
"春正月壬寅","2","0","2"
"将军王肃大","1","1","2"
"军王肃大破","1","1","2"
"侍中杨播巡","1","1","2"
"中杨播巡抚","1","1","2"
"杨播巡抚赈","1","1","2"
"田育丘等率","1","1","2"
"史田益宗破","2","0","2"
"宝卷将吴子","1","1","2"
"卷将吴子阳","1","1","2"
"柳世明聚众","1","1","2"
"改授彭城王","1","1","2"
"州刺史桓道","1","1","2"
"刺史桓道进","1","1","2"
"引见群臣太","2","0","2"
"朕幼承宝历","1","1","2"
"仪同三司王","1","1","2"
"同三司王肃","1","1","2"
"夫五万人筑","2","0","2"
"三百二十三","1","1","2"
"百二十三坊","1","1","2"
"萧宝卷零陵","1","1","2"
"骑大将军穆","1","1","2"
"大将军穆亮","1","1","2"
"宝卷直后张","1","1","2"
"卷直后张齐","1","1","2"
"直后张齐杀","1","1","2"
"抚军将军李","1","1","2"
"军将军李崇","1","1","2"
"讨鲁阳反蛮","1","1","2"
"萧衍大岘戍","1","1","2"
"一里五十步","1","1","2"
"扬州破萧衍","2","0","2"
"州破萧衍将","2","0","2"
"破萧衍将张","2","0","2"
"行梁州事杨","1","1","2"
"梁州事杨椿","1","1","2"
"左将军羊祉","1","1","2"
"龙骧将军吴","1","1","2"
"骧将军吴道","1","1","2"
"吴道爽等数","1","1","2"
"道爽等数千","1","1","2"
"献辟支佛牙","1","1","2"
"羊祉大破反","1","1","2"
"部尚书元英","1","1","2"
"十一月壬子","2","0","2"
"扬州大破萧","1","1","2"
"州大破萧衍","1","1","2"
"徐州刺史潘","1","1","2"
"州刺史潘佃","1","1","2"
"刺史潘佃怜","1","1","2"
"擒司马明素","1","1","2"
"书左仆射源","1","1","2"
"仆射源怀抚","1","1","2"
"镇南将军元","1","1","2"
"元英大破萧","1","1","2"
"英大破萧衍","1","1","2"
"破萧衍将吴","1","1","2"
"萧衍将吴子","1","1","2"
"十二月庚寅","2","0","2"
"南将军李崇","1","1","2"
"江州刺史曲","1","1","2"
"州刺史曲江","1","1","2"
"刺史曲江公","1","1","2"
"史曲江公陈","1","1","2"
"曲江公陈伯","1","1","2"
"陈伯破萧衍","2","0","2"
"扬州统军刘","1","1","2"
"州统军刘思","1","1","2"
"邵阳县开国","1","1","2"
"县开国侯张","1","1","2"
"开国侯张惠","1","1","2"
"国侯张惠绍","1","1","2"
"诏中山王英","2","0","2"
"监司州事蔡","1","1","2"
"司州事蔡灵","1","1","2"
"事蔡灵恩等","1","1","2"
"诏群臣议定","2","0","2"
"群臣议定律","1","1","2"
"臣议定律令","1","1","2"
"行梁州事夏","1","1","2"
"梁州事夏侯","1","1","2"
"州事夏侯道","1","1","2"
"宕昌国世子","1","1","2"
"昌国世子梁","1","1","2"
"国世子梁弥","1","1","2"
"世子梁弥博","1","1","2"
"刺史邢峦频","1","1","2"
"统军王足西","1","1","2"
"冠军将军李","1","1","2"
"军将军李畋","1","1","2"
"将军李畋等","1","1","2"
"军将军张汤","1","1","2"
"辅国将军马","1","1","2"
"国将军马市","1","1","2"
"龙骧将军何","1","1","2"
"骧将军何营","1","1","2"
"诏尚书李崇","1","1","2"
"骑常侍游肇","1","1","2"
"谏议大夫邓","1","1","2"
"议大夫邓羡","1","1","2"
"军将军王景","1","1","2"
"将军王景胤","1","1","2"
"国将军鲁方","1","1","2"
"军鲁方达等","1","1","2"
"鲁方达等攻","1","1","2"
"国将军王明","1","1","2"
"将军王明达","1","1","2"
"骧将军张方","1","1","2"
"将军张方炽","1","1","2"
"萧衍将王超","1","1","2"
"衍将王超宗","1","1","2"
"足遣统军卢","2","0","2"
"遣统军卢祖","2","0","2"
"冠军将军杨","1","1","2"
"军将军杨伯","1","1","2"
"将军杨伯仁","1","1","2"
"宁朔将军任","1","1","2"
"朔将军任安","1","1","2"
"将军任安定","1","1","2"
"龙骧将军喻","1","1","2"
"骧将军喻增","1","1","2"
"将军喻增晖","1","1","2"
"宁朔将军库","1","1","2"
"朔将军库保","1","1","2"
"将军库保寿","1","1","2"
"国将军鲁天","1","1","2"
"将军鲁天惠","1","1","2"
"建武将军王","1","1","2"
"武将军王文","1","1","2"
"将军王文标","1","1","2"
"巴西太守庾","1","1","2"
"西太守庾域","1","1","2"
"山王英南讨","2","0","2"
"王足遣统军","2","0","2"
"统军纪洪雅","1","1","2"
"祖迁等攻破","1","1","2"
"史鲁方达等","1","1","2"
"鲁方达等十","1","1","2"
"方达等十五","1","1","2"
"达等十五人","1","1","2"
"梓潼县开国","1","1","2"
"潼县开国子","1","1","2"
"县开国子王","1","1","2"
"开国子王景","1","1","2"
"国子王景胤","1","1","2"
"刘达等二十","1","1","2"
"达等二十四","1","1","2"
"沔东太守田","1","1","2"
"东太守田青","1","1","2"
"太守田青喜","1","1","2"
"守田青喜率","1","1","2"
"武兴国王杨","1","1","2"
"兴国王杨绍","1","1","2"
"国王杨绍先","1","1","2"
"骑大将军源","1","1","2"
"大将军源怀","1","1","2"
"将军源怀慎","1","1","2"
"二州刺史邢","1","1","2"
"萧衍冀州刺","1","1","2"
"衍冀州刺史","1","1","2"
"冀州刺史桓","1","1","2"
"秦州主簿吕","1","1","2"
"诏右卫将军","2","0","2"
"右卫将军元","1","1","2"
"卫将军元丽","1","1","2"
"将军元丽等","1","1","2"
"军元丽等讨","1","1","2"
"诏荆州刺史","2","0","2"
"荆州刺史赵","1","1","2"
"州刺史赵怡","1","1","2"
"曲江县开国","1","1","2"
"江县开国公","1","1","2"
"县开国公陈","1","1","2"
"开国公陈伯","1","1","2"
"诏遣使者巡","2","0","2"
"中山王英征","2","0","2"
"洛阳部尉依","1","1","2"
"尚书元遥率","1","1","2"
"劲节度诸军","1","1","2"
"将军元丽大","1","1","2"
"军元丽大破","1","1","2"
"王英大破衍","2","0","2"
"肆六州十万","1","1","2"
"六州十万人","1","1","2"
"军矫道仪等","1","1","2"
"弃梁城沿淮","1","1","2"
"刺史娄悦追","1","1","2"
"史娄悦追击","1","1","2"
"中山王英败","2","0","2"
"阿拔磨拔切","1","1","2"
"拔磨拔切磨","1","1","2"
"磨拔切磨勒","1","1","2"
"朕纂承鸿绪","2","0","2"
"冯翊太守宇","1","1","2"
"翊太守宇文","1","1","2"
"太守宇文子","1","1","2"
"守宇文子生","1","1","2"
"宇文子生等","1","1","2"
"秋八月辛卯","2","0","2"
"朕秉历承天","1","1","2"
"广阳王嘉司","2","0","2"
"夏州长史曹","1","1","2"
"州长史曹明","1","1","2"
"长史曹明谋","1","1","2"
"史曹明谋反","1","1","2"
"开斜谷旧道","1","1","2"
"淮阳太守安","1","1","2"
"阳太守安乐","1","1","2"
"杖提莎钵离","1","1","2"
"提莎钵离阿","1","1","2"
"莎钵离阿失","1","1","2"
"钵离阿失勒","1","1","2"
"离阿失勒摩","1","1","2"
"阿失勒摩致","1","1","2"
"失勒摩致钵","1","1","2"
"波利伏佛胄","1","1","2"
"利伏佛胄善","1","1","2"
"乾达诸国遣","2","0","2"
"达诸国遣使","2","0","2"
"永平元年春","1","1","2"
"春正月戊戌","2","0","2"
"颍川太守王","1","1","2"
"川太守王神","1","1","2"
"太守王神念","1","1","2"
"阗诸国遣使","2","0","2"
"依洛阳旧图","1","1","2"
"王公卿士亲","1","1","2"
"公卿士亲临","1","1","2"
"行冀州事讨","2","0","2"
"复前中山王","1","1","2"
"冀州民杂工","1","1","2"
"州民杂工役","1","1","2"
"冀州牧韦超","1","1","2"
"尚书仆射刘","1","1","2"
"书仆射刘子","1","1","2"
"仆射刘子直","1","1","2"
"郢州司马彭","1","1","2"
"州司马彭珍","1","1","2"
"中督荣祖等","1","1","2"
"将军胡季智","1","1","2"
"三关戍主侯","1","1","2"
"关戍主侯登","1","1","2"
"豫州彭城人","1","1","2"
"州彭城人白","1","1","2"
"彭城人白早","1","1","2"
"人白早生杀","1","1","2"
"白早生杀刺","2","0","2"
"早生杀刺史","2","0","2"
"生杀刺史司","2","0","2"
"杀刺史司马","2","0","2"
"将军崔暹率","1","1","2"
"前宿豫戍主","1","1","2"
"宿豫戍主成","1","1","2"
"豫戍主成安","1","1","2"
"戍主成安乐","1","1","2"
"宿豫戍主严","1","1","2"
"豫戍主严仲","1","1","2"
"戍主严仲贤","1","1","2"
"安东将军杨","1","1","2"
"东将军杨椿","1","1","2"
"将军杨椿率","1","1","2"
"椿率众四万","2","0","2"
"十二月己未","2","0","2"
"朔将军张疑","1","1","2"
"将军张疑等","1","1","2"
"蛮民一万七","1","1","2"
"一万七千户","1","1","2"
"万七千户相","1","1","2"
"子私署左卫","1","1","2"
"私署左卫将","1","1","2"
"署左卫将军","1","1","2"
"左卫将军孝","1","1","2"
"卫将军孝亮","1","1","2"
"辅国将军长","1","1","2"
"国将军长孙","1","1","2"
"将军长孙稚","1","1","2"
"统军邴虬等","1","1","2"
"军邴虬等五","1","1","2"
"邴虬等五军","1","1","2"
"英进逼萧衍","1","1","2"
"国伯徐元季","1","1","2"
"伯徐元季等","1","1","2"
"徐元季等二","1","1","2"
"元季等二十","1","1","2"
"季等二十六","1","1","2"
"刘慧汪聚众","1","1","2"
"华州刺史奚","1","1","2"
"州刺史奚康","1","1","2"
"刺史奚康生","1","1","2"
"阿曜社苏突","1","1","2"
"国世子像览","1","1","2"
"世子像览蹄","1","1","2"
"故北海王子","1","1","2"
"郢州献七宝","1","1","2"
"州献七宝床","1","1","2"
"刘光秀谋反","1","1","2"
"秦州陇西羌","1","1","2"
"二千七百三","1","1","2"
"千七百三十","1","1","2"
"七百三十人","1","1","2"
"秋七月己未","2","0","2"
"等率众一千","2","0","2"
"中侍御史王","1","1","2"
"侍御史王敞","1","1","2"
"汾州刘龙驹","1","1","2"
"州刘龙驹聚","1","1","2"
"刘龙驹聚众","1","1","2"
"谏议大夫薛","1","1","2"
"主傅文骥率","1","1","2"
"镇北将军张","1","1","2"
"北将军张稷","1","1","2"
"九山戍主苟","1","1","2"
"山戍主苟仁","1","1","2"
"延昌元年春","1","1","2"
"帝御申讼车","2","0","2"
"雍进位太保","1","1","2"
"州刺史樊鲁","1","1","2"
"刺史樊鲁率","1","1","2"
"绢十五万匹","1","1","2"
"恤河南郡饥","1","1","2"
"河南郡饥民","1","1","2"
"平东将军奚","1","1","2"
"东将军奚康","1","1","2"
"军奚康生等","1","1","2"
"贵族豪门崇","1","1","2"
"肆州秀容郡","1","1","2"
"州秀容郡敷","1","1","2"
"秀容郡敷城","1","1","2"
"容郡敷城县","1","1","2"
"雁门郡原平","1","1","2"
"门郡原平县","1","1","2"
"新丰县开国","1","1","2"
"丰县开国子","1","1","2"
"县开国子蔡","1","1","2"
"开国子蔡令","1","1","2"
"国子蔡令孙","1","1","2"
"平蜀大都督","1","1","2"
"中护军元遥","1","1","2"
"刘僧绍聚众","1","1","2"
"号净居国明","1","1","2"
"净居国明法","1","1","2"
"居国明法王","1","1","2"
"兴光元年秋","1","1","2"
"平六年夏五","1","1","2"
"尚书杨保年","1","1","2"
"平阳公贾爱","1","1","2"
"阳公贾爱仁","1","1","2"
"南阳公张天","1","1","2"
"阳公张天度","1","1","2"
"刘子业叔父","1","1","2"
"天安元年春","1","1","2"
"太原王乙浑","1","1","2"
"原王乙浑谋","1","1","2"
"王乙浑谋反","1","1","2"
"侍中元孔雀","1","1","2"
"侍中陆定国","1","1","2"
"文成皇帝神","1","1","2"
"刘彧司州刺","2","0","2"
"彧司州刺史","2","0","2"
"置博士二人","1","1","2"
"北部尚书尉","1","1","2"
"部尚书尉元","1","1","2"
"刘彧兗州刺","2","0","2"
"彧兗州刺史","2","0","2"
"史毕众敬遣","2","0","2"
"皇兴元年春","1","1","2"
"马都尉万古","1","1","2"
"都尉万古真","1","1","2"
"钜鹿公李恢","1","1","2"
"马段太阳攻","1","1","2"
"刘彧青州刺","2","0","2"
"史崔道固遣","2","0","2"
"崔道固遣使","2","0","2"
"诏平东将军","2","0","2"
"广陵公侯穷","1","1","2"
"陵公侯穷奇","1","1","2"
"刘彧东平太","2","0","2"
"太守申纂戍","1","1","2"
"诏征南大将","2","0","2"
"白曜回师讨","1","1","2"
"冯翊公李白","1","1","2"
"平原太守刘","1","1","2"
"原太守刘休","1","1","2"
"太守刘休宾","1","1","2"
"守刘休宾举","1","1","2"
"刘休宾举城","1","1","2"
"徐州群盗司","1","1","2"
"州群盗司马","1","1","2"
"群盗司马休","1","1","2"
"盗司马休符","1","1","2"
"将军尉元讨","1","1","2"
"夏四月辛丑","2","0","2"
"冬十月辛丑","2","0","2"
"十二月甲午","2","0","2"
"悉万丹等十","1","1","2"
"上党公慕容","1","1","2"
"党公慕容白","1","1","2"
"公慕容白曜","1","1","2"
"慕容白曜都","1","1","2"
"青齐东徐三","1","1","2"
"齐东徐三州","1","1","2"
"东徐三州诸","1","1","2"
"徐三州诸军","1","1","2"
"帅白杨提度","1","1","2"
"白杨提度汗","1","1","2"
"杨提度汗率","1","1","2"
"契丹遣使朝","2","0","2"
"广阳王石侯","1","1","2"
"麾下数百骑","2","0","2"
"帅匹娄拔累","1","1","2"
"匹娄拔累等","1","1","2"
"娄拔累等率","1","1","2"
"六月三十日","1","1","2"
"叔父京兆王","1","1","2"
"任城王云传","1","1","2"
"太尉源贺持","1","1","2"
"尉源贺持节","1","1","2"
"源贺持节奉","1","1","2"
"孝昌二年八","1","1","2"
"昌二年八月","1","1","2"
"泰元年春二","1","1","2"
"弟霸城公子","1","1","2"
"霸城公子正","1","1","2"
"害丞相高阳","1","1","2"
"司空公元钦","1","1","2"
"仪同三司元","1","1","2"
"县开国侯李","2","0","2"
"州刺史元天","1","1","2"
"谏议大夫元","1","1","2"
"议大夫元贵","1","1","2"
"大夫元贵平","1","1","2"
"秘书郎中元","1","1","2"
"书郎中元晔","1","1","2"
"郡开国公源","1","1","2"
"开国公源绍","1","1","2"
"国公源绍景","1","1","2"
"扶风郡开国","1","1","2"
"风郡开国公","1","1","2"
"郡开国公冯","1","1","2"
"东郡公陆子","1","1","2"
"郡公陆子彰","1","1","2"
"平公长孙悦","1","1","2"
"诏内外解严","2","0","2"
"光禄勋元欣","1","1","2"
"晋州刺史樊","1","1","2"
"吏部尚书费","1","1","2"
"部尚书费穆","1","1","2"
"度荆州刺史","1","1","2"
"开国公子直","1","1","2"
"东道大使元","1","1","2"
"道大使元欣","1","1","2"
"仆射任褒率","1","1","2"
"平北府主簿","1","1","2"
"禄大夫李叔","1","1","2"
"大夫李叔仁","1","1","2"
"直寝纪业持","1","1","2"
"司空公穆绍","1","1","2"
"空公穆绍统","1","1","2"
"四品者优一","2","0","2"
"者优一大阶","2","0","2"
"流民二千人","1","1","2"
"皇武大将军","1","1","2"
"宗正珍孙率","1","1","2"
"南广州刺史","1","1","2"
"齐州刺史元","1","1","2"
"州刺史元欣","1","1","2"
"国大将军朱","2","0","2"
"都督彭乐率","1","1","2"
"都督李德龙","1","1","2"
"迁肃祖文穆","1","1","2"
"肃祖文穆皇","1","1","2"
"祖文穆皇帝","1","1","2"
"行台元晖业","1","1","2"
"东南道大都","1","1","2"
"南道大都督","1","1","2"
"党王天穆北","2","0","2"
"仪同三司费","1","1","2"
"同三司费穆","1","1","2"
"劳天柱大将","1","1","2"
"诏车骑将军","2","0","2"
"光禄大夫奚","1","1","2"
"禄大夫奚毅","1","1","2"
"万俟丑奴攻","1","1","2"
"刺史高子朗","1","1","2"
"春正月己丑","1","1","2"
"益州刺史长","1","1","2"
"刺史长孙寿","1","1","2"
"梁州刺史元","1","1","2"
"州刺史元俊","1","1","2"
"刺史元俊等","1","1","2"
"征巴州都督","1","1","2"
"巴州都督元","1","1","2"
"州都督元景","1","1","2"
"督元景夏讨","1","1","2"
"东徐州城民","2","0","2"
"刺史元太宾","1","1","2"
"都官尚书樊","1","1","2"
"官尚书樊子","1","1","2"
"史严思达讨","1","1","2"
"大行台尉迟","1","1","2"
"国献师子一","2","0","2"
"白马龙涸胡","1","1","2"
"仪同三司菩","1","1","2"
"同三司菩提","1","1","2"
"复通直散骑","1","1","2"
"同三司李虔","1","1","2"
"朱世隆退走","1","1","2"
"台源子恭率","1","1","2"
"恭率步骑一","2","0","2"
"率步骑一万","2","0","2"
"督李侃希等","1","1","2"
"李侃希等部","1","1","2"
"州刺史长广","1","1","2"
"刺史长广王","1","1","2"
"左卫将军郑","1","1","2"
"卫将军郑先","1","1","2"
"将军郑先护","1","1","2"
"大都督郑先","1","1","2"
"州刺史元崇","1","1","2"
"刺史元崇礼","1","1","2"
"史元崇礼杀","1","1","2"
"行州事阴导","1","1","2"
"都督崔伯凤","1","1","2"
"督崔伯凤战","1","1","2"
"都督羊文义","1","1","2"
"阳太守赵脩","1","1","2"
"太守赵脩延","1","1","2"
"州刺史李琰","1","1","2"
"谥武怀皇帝","2","0","2"
"春二月己巳","1","1","2"
"改建明二年","1","1","2"
"镇远将军清","1","1","2"
"远将军清河","1","1","2"
"弟平北将军","1","1","2"
"散骑常侍敖","1","1","2"
"骑常侍敖曹","1","1","2"
"监军孙白鹞","1","1","2"
"前河内太守","1","1","2"
"河内太守封","1","1","2"
"内太守封隆","1","1","2"
"清河王亶仪","2","0","2"
"河王亶仪同","2","0","2"
"王亶仪同三","2","0","2"
"亶仪同三司","2","0","2"
"前司徒公长","1","1","2"
"寻除骠骑大","2","0","2"
"见尚书右仆","1","1","2"
"骑大将军斛","1","1","2"
"大将军斛斯","1","1","2"
"将军斛斯椿","1","1","2"
"卫将军元受","1","1","2"
"二州刺史刘","1","1","2"
"试通直散骑","1","1","2"
"员外谏议大","1","1","2"
"外谏议大夫","1","1","2"
"殿中司马督","1","1","2"
"治礼郎十一","1","1","2"
"齐献武王朱","2","0","2"
"郡太守李元","1","1","2"
"太守李元忠","1","1","2"
"齐献武王推","1","1","2"
"皇帝位信都","2","0","2"
"二年春三月","1","1","2"
"夏四月辛巳","1","1","2"
"殂门下外省","2","0","2"
"建明二年正","1","1","2"
"明二年正月","1","1","2"
"二年正月戊","1","1","2"
"年正月戊子","1","1","2"
"冀州勃海太","1","1","2"
"州勃海太守","1","1","2"
"称中兴元年","1","1","2"
"前平北将军","1","1","2"
"骑常侍高敖","1","1","2"
"常侍高敖曹","1","1","2"
"前刺史元嶷","1","1","2"
"武王大破朱","2","0","2"
"诏征东将军","2","0","2"
"吏部尚书封","1","1","2"
"部尚书封隆","1","1","2"
"民王乞德逼","1","1","2"
"前刺史刘世","1","1","2"
"刺史刘世明","1","1","2"
"朱天光等四","1","1","2"
"大都督斛斯","1","1","2"
"西北大行台","1","1","2"
"北大行台长","1","1","2"
"大行台长孙","1","1","2"
"行济州事侯","1","1","2"
"济州事侯景","1","1","2"
"军大都督高","1","1","2"
"大都督高盛","1","1","2"
"部下冯绍隆","1","1","2"
"中兴二年夏","1","1","2"
"兴二年夏四","1","1","2"
"二年夏四月","1","1","2"
"大丞相勃海","1","1","2"
"丞相勃海王","1","1","2"
"相勃海王忠","1","1","2"
"世袭定州刺","1","1","2"
"袭定州刺史","1","1","2"
"加齐文襄王","2","0","2"
"前废帝广陵","1","1","2"
"废帝广陵王","1","1","2"
"羽林队主唐","1","1","2"
"林队主唐猛","1","1","2"
"加军泛六级","1","1","2"
"前骠骑大将","1","1","2"
"仪同三司斛","1","1","2"
"同三司斛斯","1","1","2"
"三司斛斯椿","1","1","2"
"率步骑十万","2","0","2"
"大丞相军司","1","1","2"
"行台侯景率","1","1","2"
"班赍部下差","2","0","2"
"骑大将军封","1","1","2"
"大将军封隆","1","1","2"
"冬十月甲子","1","1","2"
"徐州刺史高","1","1","2"
"夏四月戊辰","1","1","2"
"书右仆射樊","1","1","2"
"右仆射樊子","1","1","2"
"仆射樊子鹄","1","1","2"
"十一月癸巳","1","1","2"
"殷州刺史邸","1","1","2"
"州刺史邸珍","1","1","2"
"东道行台仆","1","1","2"
"道行台仆射","1","1","2"
"雍州事泉企","1","1","2"
"东梁州行台","1","1","2"
"南昌王毛香","1","1","2"
"骑大将军李","1","1","2"
"夏四月戊午","1","1","2"
"督源子恭镇","1","1","2"
"率豫州刺史","2","0","2"
"前军大都督","1","1","2"
"荆州刺史贺","1","1","2"
"刺史贺拔胜","1","1","2"
"齐献武王西","2","0","2"
"行台侯景讨","1","1","2"
"河南尹元子","1","1","2"
"南尹元子思","1","1","2"
"西道大都督","1","1","2"
"太守韩子捷","1","1","2"
"行青州事侯","1","1","2"
"青州事侯渊","1","1","2"
"闰十二月癸","1","1","2"
"清河文宣王","1","1","2"
"河文宣王亶","1","1","2"
"改永熙三年","1","1","2"
"同三司高盛","1","1","2"
"同三司高昂","1","1","2"
"齐献武王留","1","1","2"
"改相州刺史","1","1","2"
"遣侍中封隆","1","1","2"
"宇文黑獭害","2","0","2"
"文黑獭害帝","2","0","2"
"阳王宝炬僭","1","1","2"
"置四中郎将","1","1","2"
"齐献武王相","2","0","2"
"献武王相国","2","0","2"
"南道行台元","1","1","2"
"道行台元晏","1","1","2"
"行台元晏讨","1","1","2"
"众七万六千","1","1","2"
"七万六千人","1","1","2"
"齐献武王袭","1","1","2"
"齐献武王九","1","1","2"
"献武王九锡","1","1","2"
"阳夏太守卢","1","1","2"
"大都督元整","1","1","2"
"赐鳏寡孤独","1","1","2"
"寡孤独贫穷","1","1","2"
"夏州刺史田","1","1","2"
"川防城都督","1","1","2"
"防城都督刘","1","1","2"
"城都督刘鸾","1","1","2"
"都督刘鸾庆","1","1","2"
"骑大将军窦","1","1","2"
"大将军窦泰","1","1","2"
"洛州刺史泉","1","1","2"
"州刺史泉企","1","1","2"
"夏四月辛未","1","1","2"
"外百官普进","2","0","2"
"百官普进一","2","0","2"
"官普进一阶","2","0","2"
"行台宫景寿","1","1","2"
"都督杨白驹","1","1","2"
"子大行台元","1","1","2"
"大行台元季","1","1","2"
"行台元季海","1","1","2"
"大都督独孤","1","1","2"
"州长史贺若","1","1","2"
"长史贺若微","1","1","2"
"右丞韦孝宽","1","1","2"
"丞韦孝宽等","1","1","2"
"元象元年春","1","1","2"
"象元年春正","1","1","2"
"刺史韦子粲","1","1","2"
"行台任祥率","1","1","2"
"刺史尧雄等","1","1","2"
"大行台侯景","1","1","2"
"司徒高敖曹","1","1","2"
"大都督万俟","1","1","2"
"都督万俟受","1","1","2"
"督万俟受洛","1","1","2"
"义州刺史韩","1","1","2"
"州刺史韩显","1","1","2"
"扬州长史丘","1","1","2"
"州长史丘岳","1","1","2"
"夏四月庚寅","1","1","2"
"华林都堂听","1","1","2"
"仪同三司寇","1","1","2"
"同三司寇洛","1","1","2"
"三司寇洛生","1","1","2"
"司寇洛生等","1","1","2"
"寇洛生等二","1","1","2"
"洛生等二十","1","1","2"
"生等二十余","2","0","2"
"大都督李猛","1","1","2"
"长孙子彦守","1","1","2"
"齐献武王朝","2","0","2"
"封常山郡王","1","1","2"
"书左仆射司","1","1","2"
"山东黜陟大","1","1","2"
"东黜陟大使","1","1","2"
"东北道大行","1","1","2"
"州刺史奚思","1","1","2"
"刺史奚思业","1","1","2"
"冬十一月癸","1","1","2"
"三司库狄太","2","0","2"
"夏五月己酉","1","1","2"
"梁州人公孙","1","1","2"
"州人公孙贵","1","1","2"
"人公孙贵宾","1","1","2"
"公孙贵宾聚","1","1","2"
"阳夏镇将讨","1","1","2"
"骑常侍李骞","1","1","2"
"车驾狩西山","2","0","2"
"度支尚书胡","1","1","2"
"支尚书胡僧","1","1","2"
"尚书胡僧敬","1","1","2"
"书右仆射高","1","1","2"
"冬十月甲寅","1","1","2"
"宇文黑獭率","1","1","2"
"蜀郡王荣宗","1","1","2"
"太子詹事赵","1","1","2"
"子詹事赵善","1","1","2"
"齐献武王追","1","1","2"
"吏部尚书侯","1","1","2"
"部尚书侯景","1","1","2"
"封前员外散","1","1","2"
"前员外散骑","1","1","2"
"散骑侍郎元","1","1","2"
"秋八月乙未","1","1","2"
"冬十一月甲","1","1","2"
"慕容绍宗讨","1","1","2"
"中书监元弼","1","1","2"
"尚书令司马","1","1","2"
"书令司马子","1","1","2"
"前大司马娄","1","1","2"
"大司马娄昭","1","1","2"
"中书令韩轨","1","1","2"
"四年夏五月","1","1","2"
"年夏五月壬","1","1","2"
"河南大行台","1","1","2"
"刺史司马世","1","1","2"
"史司马世云","1","1","2"
"仪同三司贺","1","1","2"
"同三司贺拔","1","1","2"
"三司贺拔胜","1","1","2"
"河南大将军","1","1","2"
"青州刺史尉","1","1","2"
"录尚书事孙","1","1","2"
"尚书事孙腾","1","1","2"
"汾州刺史贺","1","1","2"
"刺史慕容绍","1","1","2"
"史慕容绍宗","1","1","2"
"朱浑道元等","1","1","2"
"帝齐献武王","2","0","2"
"齐献武王举","1","1","2"
"王举哀东堂","2","0","2"
"齐文襄王入","1","1","2"
"葬齐献武王","1","1","2"
"车驾祖漳滨","2","0","2"
"子贞阳侯渊","1","1","2"
"十二月乙亥","1","1","2"
"都督高岳等","1","1","2"
"吏部令史张","1","1","2"
"部令史张永","1","1","2"
"青州人崔阔","1","1","2"
"州人崔阔等","1","1","2"
"秋八月甲戌","1","1","2"
"都督刘丰等","1","1","2"
"子北徐州刺","1","1","2"
"封山侯萧正","1","1","2"
"山侯萧正表","1","1","2"
"封兰陵郡开","1","1","2"
"定襄侯萧祗","1","1","2"
"相谭侯萧退","1","1","2"
"大行台慕容","1","1","2"
"都督刘丰遇","1","1","2"
"邑十五万户","1","1","2"
"侯景杀萧衍","1","1","2"
"开国公王思","1","1","2"
"国公王思政","1","1","2"
"州刺史皇甫","1","1","2"
"刺史皇甫僧","1","1","2"
"史皇甫僧显","1","1","2"
"皇甫僧显等","1","1","2"
"吴郡王萧正","1","1","2"
"郡王萧正表","1","1","2"
"州刺史彭乐","1","1","2"
"齐文襄王举","1","1","2"
"齐文襄王假","1","1","2"
"文襄王假黄","1","1","2"
"葬齐文襄王","1","1","2"
"尚书令高隆","1","1","2"
"奴婢三百人","1","1","2"
"二年十二月","1","1","2"
"年十二月己","1","1","2"
"大将军中兵","1","1","2"
"将军中兵参","1","1","2"
"军中兵参军","1","1","2"
"中兵参军崔","1","1","2"
"兵参军崔季","1","1","2"
"参军崔季舒","1","1","2"
"书黄门侍郎","1","1","2"
"监卫都督乌","1","1","2"
"朕朕狗脚朕","1","1","2"
"文襄使季舒","2","0","2"
"华山王大器","1","1","2"
"司徒潘相乐","1","1","2"
"入北城下司","1","1","2"
"北城下司马","1","1","2"
"城下司马子","1","1","2"
"泰常七年四","1","1","2"
"常七年四月","1","1","2"
"八年十一月","1","1","2"
"十一月壬申","2","0","2"
"蓝田公长孙","1","1","2"
"田公长孙翰","1","1","2"
"始光元年春","1","1","2"
"攻陷盛乐宫","1","1","2"
"赭阳子尉普","1","1","2"
"阳子尉普文","1","1","2"
"子尉普文率","1","1","2"
"长孙翰等击","1","1","2"
"获马万余匹","2","0","2"
"诸军五万骑","1","1","2"
"慕容渴悉邻","1","1","2"
"龙骧将军步","1","1","2"
"骧将军步堆","1","1","2"
"中山公元纂","1","1","2"
"南安公元素","1","1","2"
"金锦缯絮差","2","0","2"
"司空奚斤率","1","1","2"
"斤率义兵将","2","0","2"
"率义兵将军","2","0","2"
"雍州刺史延","1","1","2"
"州刺史延普","1","1","2"
"刺史延普袭","1","1","2"
"率洛州刺史","2","0","2"
"洛州刺史栗","2","0","2"
"州刺史栗磾","2","0","2"
"昌守将赫连","2","0","2"
"武都氐王杨","1","1","2"
"都氐王杨玄","1","1","2"
"沮渠蒙逊等","1","1","2"
"弟平原公定","2","0","2"
"散骑常侍步","1","1","2"
"骑常侍步堆","1","1","2"
"仆射胡觐等","1","1","2"
"廷尉长孙道","1","1","2"
"尉长孙道生","1","1","2"
"将军元太毗","1","1","2"
"将军姚黄眉","1","1","2"
"西讨赫连昌","1","1","2"
"胡酋鹊子相","1","1","2"
"昌尚书仆射","1","1","2"
"尚书仆射问","1","1","2"
"人士数千人","1","1","2"
"牛羊数千万","1","1","2"
"金吾桓贷镇","1","1","2"
"司空奚斤进","1","1","2"
"空奚斤进军","1","1","2"
"奚斤进军安","1","1","2"
"斤进军安定","1","1","2"
"侍中古弼迎","1","1","2"
"平凉马髦岭","1","1","2"
"淮南公王倍","1","1","2"
"南公王倍斤","1","1","2"
"公王倍斤镇","1","1","2"
"上郡休屠胡","1","1","2"
"郡休屠胡酋","1","1","2"
"刘义隆淮北","1","1","2"
"义隆淮北镇","1","1","2"
"隆淮北镇将","1","1","2"
"淮北镇将王","1","1","2"
"北镇将王仲","1","1","2"
"镇将王仲德","1","1","2"
"丁零鲜台阳","2","0","2"
"翟乔等二千","1","1","2"
"家叛入西山","1","1","2"
"十二月甲申","2","0","2"
"沮渠蒙逊遣","2","0","2"
"公楼伏连留","1","1","2"
"楼伏连留守","1","1","2"
"伏连留守京","1","1","2"
"连留守京师","1","1","2"
"仆射安原率","1","1","2"
"司徒平阳王","1","1","2"
"徒平阳王长","1","1","2"
"侍中古弼镇","1","1","2"
"中古弼镇抚","1","1","2"
"会稽公赫连","1","1","2"
"稽公赫连昌","1","1","2"
"书令刘洁追","1","1","2"
"相三州造船","1","1","2"
"三州造船三","1","1","2"
"州造船三千","1","1","2"
"造船三千艘","1","1","2"
"州南戍兵集","2","0","2"
"南戍兵集河","2","0","2"
"戍兵集河上","2","0","2"
"尚书封铁追","1","1","2"
"假丹阳王太","1","1","2"
"丹阳王太毗","1","1","2"
"阳王太毗屯","1","1","2"
"诏大鸿胪卿","2","0","2"
"大鸿胪卿杜","1","1","2"
"鸿胪卿杜超","1","1","2"
"胪卿杜超假","1","1","2"
"卿杜超假节","1","1","2"
"督冀定相三","1","1","2"
"冀定相三州","1","1","2"
"定相三州诸","1","1","2"
"相三州诸军","1","1","2"
"渡河攻冶坂","2","0","2"
"颉督诸军击","2","0","2"
"水死者甚众","2","0","2"
"长孙道生屯","1","1","2"
"始平公隗归","1","1","2"
"平公隗归等","1","1","2"
"公隗归等率","1","1","2"
"密皇太后庙","1","1","2"
"擒义隆将二","2","0","2"
"义隆将二十","2","0","2"
"斩首五千级","2","0","2"
"南大将军杜","1","1","2"
"大将军杜超","1","1","2"
"将军杜超等","1","1","2"
"义隆司州刺","2","0","2"
"隆司州刺史","2","0","2"
"尹冲坠城死","2","0","2"
"广阳公度洛","1","1","2"
"阳公度洛孤","1","1","2"
"将军古弼等","1","1","2"
"竺灵秀湖陆","2","0","2"
"获乞伏炽磐","1","1","2"
"将士数千人","1","1","2"
"将军安颉率","1","1","2"
"封寿光侯叔","1","1","2"
"留巴东公延","1","1","2"
"巴东公延普","1","1","2"
"东公延普等","1","1","2"
"公延普等镇","1","1","2"
"司马楚平滑","2","0","2"
"马楚平滑台","2","0","2"
"将军安颉献","1","1","2"
"赫连定北袭","1","1","2"
"连定北袭沮","1","1","2"
"定北袭沮渠","1","1","2"
"北袭沮渠蒙","1","1","2"
"袭沮渠蒙逊","1","1","2"
"散骑侍郎周","1","1","2"
"骑侍郎周绍","1","1","2"
"谷浑慕璝遣","2","0","2"
"浑慕璝遣使","2","0","2"
"请送赫连定","1","1","2"
"太尉长孙嵩","1","1","2"
"禄大夫崔浩","1","1","2"
"咸称范阳卢","2","0","2"
"太原张伟等","1","1","2"
"崔浩改定律","1","1","2"
"浩改定律令","1","1","2"
"十二月丁丑","2","0","2"
"延元年春正","2","0","2"
"太后皇太后","2","0","2"
"追赠夫人贺","1","1","2"
"赠夫人贺氏","1","1","2"
"西秦王吐谷","1","1","2"
"秦王吐谷浑","1","1","2"
"将讨冯文通","2","0","2"
"散骑常侍邓","1","1","2"
"遣安东将军","1","1","2"
"斤发幽州民","2","0","2"
"发幽州民密","2","0","2"
"幽州民密云","2","0","2"
"州民密云丁","2","0","2"
"民密云丁零","2","0","2"
"密云丁零万","2","0","2"
"云丁零万余","2","0","2"
"丁零万余人","2","0","2"
"侍御史崔聘","1","1","2"
"御史崔聘奉","1","1","2"
"史崔聘奉献","1","1","2"
"崔聘奉献牛","1","1","2"
"聘奉献牛酒","1","1","2"
"石城太守李","1","1","2"
"城太守李崇","1","1","2"
"建德太守王","1","1","2"
"德太守王融","1","1","2"
"昌黎公元丘","1","1","2"
"尚书高绍率","1","1","2"
"平东将军贺","1","1","2"
"东将军贺多","1","1","2"
"军贺多罗攻","1","1","2"
"文通带方太","1","1","2"
"通带方太守","1","1","2"
"带方太守慕","1","1","2"
"方太守慕容","1","1","2"
"太守慕容玄","1","1","2"
"冯文通长乐","1","1","2"
"文通长乐公","1","1","2"
"朕除伪平暴","1","1","2"
"守宰宣扬失","1","1","2"
"宰宣扬失旨","1","1","2"
"朕虚心求贤","1","1","2"
"弃沮渠蒙逊","1","1","2"
"都督秦雍泾","1","1","2"
"督秦雍泾梁","1","1","2"
"秦雍泾梁益","1","1","2"
"雍泾梁益五","1","1","2"
"泾梁益五州","1","1","2"
"梁益五州诸","1","1","2"
"征西将军金","1","1","2"
"西将军金崖","1","1","2"
"安定镇将延","1","1","2"
"定镇将延普","1","1","2"
"泾州刺史狄","1","1","2"
"州刺史狄子","1","1","2"
"刺史狄子玉","1","1","2"
"退保胡空谷","1","1","2"
"镇将陆俟讨","1","1","2"
"骑常侍宋宣","1","1","2"
"骠骑将军司","1","1","2"
"骑将军司马","1","1","2"
"仆射安原督","1","1","2"
"督诸军讨龙","2","0","2"
"辽西王冯崇","1","1","2"
"西王冯崇上","1","1","2"
"王冯崇上表","1","1","2"
"大鸿胪卿崔","1","1","2"
"鸿胪卿崔赜","1","1","2"
"胪卿崔赜持","1","1","2"
"卿崔赜持节","1","1","2"
"虏将军杨难","1","1","2"
"骑常侍卢玄","1","1","2"
"沮渠蒙逊死","1","1","2"
"改封河西王","1","1","2"
"黄门侍郎伊","1","1","2"
"门侍郎伊臣","1","1","2"
"雍州流民七","1","1","2"
"州流民七千","1","1","2"
"流民七千家","1","1","2"
"异母兄秃鹿","1","1","2"
"母兄秃鹿傀","1","1","2"
"数百人朝贡","1","1","2"
"秦王赫连昌","1","1","2"
"王赫连昌叛","1","1","2"
"西川侯彭文","1","1","2"
"川侯彭文晖","1","1","2"
"西大将军常","1","1","2"
"大将军常山","1","1","2"
"将军常山王","1","1","2"
"太延元年春","1","1","2"
"大将渴烛通","1","1","2"
"宜都公穆寿","1","1","2"
"潞县侯孙家","1","1","2"
"文曰旱疫平","1","1","2"
"平阳太祖庙","1","1","2"
"仆射安原谋","1","1","2"
"射安原谋反","1","1","2"
"祀密太后庙","1","1","2"
"平东将军娥","1","1","2"
"东将军娥清","1","1","2"
"平州刺史元","1","1","2"
"州刺史元婴","1","1","2"
"文通奔高丽","2","0","2"
"高平诸军讨","2","0","2"
"广平子游雅","1","1","2"
"平子游雅等","1","1","2"
"定州七郡一","1","1","2"
"州七郡一万","1","1","2"
"七郡一万二","1","1","2"
"郡一万二千","1","1","2"
"山胡白龙余","1","1","2"
"白龙余党西","2","0","2"
"龙余党西河","2","0","2"
"西秦王慕璝","2","0","2"
"改封西平王","1","1","2"
"骑常侍高雅","1","1","2"
"遣雍州刺史","2","0","2"
"雍州刺史葛","1","1","2"
"上洛太守镡","1","1","2"
"故南秦王世","1","1","2"
"南秦王世子","1","1","2"
"秦王世子杨","1","1","2"
"王世子杨保","1","1","2"
"世子杨保宗","1","1","2"
"上郡属国城","1","1","2"
"钜鹿公刘洁","1","1","2"
"鹿公刘洁督","1","1","2"
"牛马畜产二","1","1","2"
"马畜产二十","1","1","2"
"弟董率万余","2","0","2"
"董率万余人","2","0","2"
"率万余人拒","2","0","2"
"万余人拒战","2","0","2"
"余人拒战城","2","0","2"
"人拒战城南","2","0","2"
"左右文武五","1","1","2"
"右文武五千","1","1","2"
"文武五千人","1","1","2"
"城内户口二","1","1","2"
"内户口二十","1","1","2"
"口二十余万","1","1","2"
"张掖公秃发","1","1","2"
"掖公秃发保","1","1","2"
"公秃发保周","1","1","2"
"龙骧将军穆","1","1","2"
"骧将军穆罴","1","1","2"
"安远将军源","1","1","2"
"远将军源贺","1","1","2"
"将军源贺分","1","1","2"
"军源贺分略","1","1","2"
"源贺分略诸","1","1","2"
"贺分略诸郡","1","1","2"
"弟张掖太守","1","1","2"
"将军奚眷讨","1","1","2"
"牧犍弟酒泉","1","1","2"
"犍弟酒泉太","1","1","2"
"弟酒泉太守","1","1","2"
"酒泉太守讳","2","0","2"
"泉太守讳宜","2","0","2"
"将军封沓讨","1","1","2"
"镇将元勿头","1","1","2"
"悉居半等国","1","1","2"
"太平真君元","1","1","2"
"平真君元年","1","1","2"
"真君元年春","1","1","2"
"通直常侍邢","1","1","2"
"直常侍邢颖","1","1","2"
"长安五千人","1","1","2"
"秃发保周屯","1","1","2"
"皇太后窦氏","1","1","2"
"河南王曜子","2","0","2"
"南王曜子羯","2","0","2"
"王曜子羯兒","2","0","2"
"封蠕蠕郁久","1","1","2"
"蠕蠕郁久闾","1","1","2"
"蠕郁久闾乞","1","1","2"
"郁久闾乞列","1","1","2"
"久闾乞列归","1","1","2"
"南阳公奚眷","1","1","2"
"侍郎张伟等","1","1","2"
"将军奚眷平","1","1","2"
"获沮渠天周","1","1","2"
"平王长孙颓","1","1","2"
"行幸阴山北","2","0","2"
"龙骧将军裴","1","1","2"
"骧将军裴方","1","1","2"
"将军裴方明","1","1","2"
"州刺史刘康","1","1","2"
"刺史刘康祖","1","1","2"
"兴公古弼督","1","1","2"
"王杨保宗等","1","1","2"
"郁林公司马","1","1","2"
"林公司马文","1","1","2"
"公司马文思","1","1","2"
"洛豫诸军事","1","1","2"
"东安公刁雍","1","1","2"
"安公刁雍东","1","1","2"
"十二月辛巳","1","1","2"
"王杨保宗谋","1","1","2"
"杨保宗谋反","1","1","2"
"年二月十五","1","1","2"
"中山王辰等","2","0","2"
"长孙道生镇","1","1","2"
"衡阳公莫孤","1","1","2"
"西平王吐谷","1","1","2"
"平王吐谷浑","1","1","2"
"浑慕利延杀","1","1","2"
"弟叱力延等","1","1","2"
"雍州刺史沮","1","1","2"
"州刺史沮渠","1","1","2"
"刺史沮渠秉","1","1","2"
"史沮渠秉谋","1","1","2"
"骑常侍高济","1","1","2"
"部大崇娥等","1","1","2"
"大崇娥等率","1","1","2"
"遂西幸上党","2","0","2"
"酒泉公郝温","1","1","2"
"公封敕文击","2","0","2"
"利延兄子什","1","1","2"
"延兄子什归","1","1","2"
"部落西渡流","1","1","2"
"落西渡流沙","1","1","2"
"故西秦王慕","1","1","2"
"中山公杜丰","1","1","2"
"副将元纥率","1","1","2"
"安定公韩茂","1","1","2"
"定公韩茂率","1","1","2"
"公韩茂率骑","1","1","2"
"相州阳平郡","1","1","2"
"部落帅白广","1","1","2"
"落帅白广平","1","1","2"
"帅白广平西","1","1","2"
"白广平西掠","1","1","2"
"广平西掠新","1","1","2"
"平西掠新平","1","1","2"
"进军李闰堡","1","1","2"
"东王窦漏头","1","1","2"
"官马数千匹","1","1","2"
"金城公周鹿","1","1","2"
"城公周鹿观","1","1","2"
"公周鹿观率","1","1","2"
"平阳公慕容","1","1","2"
"阳公慕容嵩","1","1","2"
"殿中尚书乙","1","1","2"
"中尚书乙拔","1","1","2"
"尚书乙拔率","1","1","2"
"西平公寇提","1","1","2"
"吴党白广平","2","0","2"
"秦州刺史封","1","1","2"
"州刺史封敕","1","1","2"
"刺史封敕文","1","1","2"
"魏所受汉传","1","1","2"
"所受汉传国","1","1","2"
"受汉传国玺","1","1","2"
"安丰公闾根","1","1","2"
"丰公闾根率","1","1","2"
"兵二万人屯","1","1","2"
"复略阳公羯","1","1","2"
"征东将军武","1","1","2"
"东将军武昌","1","1","2"
"将军武昌王","1","1","2"
"征南将军淮","1","1","2"
"南将军淮南","1","1","2"
"将军淮南王","1","1","2"
"山胡曹仆浑","1","1","2"
"曹仆浑等渡","1","1","2"
"西征诸将扶","1","1","2"
"征诸将扶风","1","1","2"
"诸将扶风公","1","1","2"
"将扶风公元","1","1","2"
"公元处真等","1","1","2"
"元处真等八","1","1","2"
"仇池镇将皮","1","1","2"
"池镇将皮豹","1","1","2"
"镇将皮豹子","1","1","2"
"将皮豹子讨","1","1","2"
"文德弃城南","2","0","2"
"德弃城南走","2","0","2"
"义隆白水太","2","0","2"
"隆白水太守","2","0","2"
"白水太守郎","1","1","2"
"水太守郎启","1","1","2"
"太守郎启玄","1","1","2"
"守郎启玄率","1","1","2"
"启玄率众救","2","0","2"
"玄率众救文","2","0","2"
"率众救文德","2","0","2"
"文德走汉中","2","0","2"
"壶关东北大","1","1","2"
"关东北大王","1","1","2"
"东北大王山","1","1","2"
"北大王山累","1","1","2"
"公万度归千","1","1","2"
"万度归千里","1","1","2"
"大破焉耆国","1","1","2"
"部落千余家","1","1","2"
"蠕蠕吐贺真","1","1","2"
"使者安慰境","1","1","2"
"者安慰境外","1","1","2"
"国将军萧斌","1","1","2"
"朔将军王玄","1","1","2"
"将军王玄谟","1","1","2"
"军王玄谟西","1","1","2"
"王玄谟西攻","1","1","2"
"玄谟西攻滑","1","1","2"
"谟西攻滑台","1","1","2"
"南康公杜道","1","1","2"
"康公杜道俊","1","1","2"
"皇太子北伐","1","1","2"
"相三州死罪","1","1","2"
"州郡兵五万","1","1","2"
"殿中尚书长","1","1","2"
"中尚书长孙","1","1","2"
"书长孙真率","1","1","2"
"青州趋下邳","1","1","2"
"刘义隆鲁郡","2","0","2"
"义隆鲁郡太","2","0","2"
"隆鲁郡太守","2","0","2"
"守崔邪利率","1","1","2"
"盱眙守将臧","1","1","2"
"眙守将臧质","1","1","2"
"等率众二万","2","0","2"
"义隆守将赵","1","1","2"
"隆守将赵淮","1","1","2"
"散骑侍郎夏","1","1","2"
"骑侍郎夏侯","1","1","2"
"侍郎夏侯野","1","1","2"
"正平元年春","1","1","2"
"殿中将军郎","1","1","2"
"中将军郎法","1","1","2"
"迁太常少卿","2","0","2"
"转安南将军","2","0","2"
"博陵饶阳人","1","1","2"
"武邑武遂人","1","1","2"
"上党长子人","1","1","2"
"赵郡高邑人","1","1","2"
"太昌元年六","1","1","2"
"昌元年六月","1","1","2"
"乌句兰树什","1","1","2"
"句兰树什伐","1","1","2"
"兰树什伐等","1","1","2"
"白马公玄伯","1","1","2"
"朱蒙非人所","1","1","2"
"蒙非人所生","1","1","2"
"骑常侍陆晏","1","1","2"
"常侍陆晏子","1","1","2"
"通直常侍沈","1","1","2"
"直常侍沈景","1","1","2"
"常侍沈景徽","1","1","2"
"上谷居庸人","1","1","2"
"综军主程兵","1","1","2"
"军主程兵润","1","1","2"
"主程兵润所","1","1","2"
"广牧富昌人","1","1","2"
"求移镇河南","1","1","2"
"神武尖山人","1","1","2"
"驸马都尉穆","1","1","2"
"马都尉穆亮","1","1","2"
"冬十二月甲","1","1","2"
"尊皇后高氏","1","1","2"
"禄大夫刘腾","1","1","2"
"延明等议定","1","1","2"
"明等议定服","1","1","2"
"贼帅胡引祖","1","1","2"
"纥突邻大人","1","1","2"
"突邻大人屈","1","1","2"
"邻大人屈地","1","1","2"
"十一月庚午","1","1","2"
"十一月壬寅","1","1","2"
"刺史沈陵南","1","1","2"
"史沈陵南叛","1","1","2"
"高平镇人万","1","1","2"
"平镇人万俟","1","1","2"
"镇人万俟丑","1","1","2"
"人万俟丑奴","1","1","2"
"光禄大夫蒋","1","1","2"
"禄大夫蒋天","1","1","2"
"大夫蒋天乐","1","1","2"
"复陈留王景","1","1","2"
"陈留王景皓","1","1","2"
"高密王永业","1","1","2"
"武定元年春","1","1","2"
"定元年春正","1","1","2"
"见者莫叹愍","2","0","2"
"允愍焦年老","2","0","2"
"曰太皇太后","2","0","2"
"太祖追尊祖","1","1","2"
"神元皇后窦","1","1","2"
"元皇后窦氏","1","1","2"
"昭成皇后慕","1","1","2"
"成皇后慕容","1","1","2"
"献明皇后贺","1","1","2"
"明皇后贺氏","1","1","2"
"太祖贺兰部","2","0","2"
"弟外朝大人","1","1","2"
"奏请立皇后","1","1","2"
"道武宣穆皇","1","1","2"
"武宣穆皇后","1","1","2"
"宣穆皇后刘","1","1","2"
"穆皇后刘氏","1","1","2"
"明元昭哀皇","1","1","2"
"元昭哀皇后","1","1","2"
"昭哀皇后姚","1","1","2"
"哀皇后姚氏","1","1","2"
"西平长公主","1","1","2"
"泰常五年薨","2","0","2"
"明元密皇后","1","1","2"
"元密皇后杜","1","1","2"
"密皇后杜氏","1","1","2"
"后尊皇太后","2","0","2"
"诏天下大临","2","0","2"
"天下大临三","2","0","2"
"下大临三日","2","0","2"
"太保卢鲁元","1","1","2"
"太武皇后赫","1","1","2"
"武皇后赫连","1","1","2"
"太武敬哀皇","1","1","2"
"武敬哀皇后","1","1","2"
"敬哀皇后贺","1","1","2"
"哀皇后贺氏","1","1","2"
"神元年薨","2","0","2"
"恭皇后郁久","1","1","2"
"皇后郁久闾","1","1","2"
"后郁久闾氏","1","1","2"
"广宁磨笄山","1","1","2"
"立思燕佛图","1","1","2"
"太后临朝专","1","1","2"
"永固陵东北","1","1","2"
"太尉元丕等","1","1","2"
"中常侍剧鹏","1","1","2"
"北平公冯夙","1","1","2"
"小黄门苏兴","1","1","2"
"双蒙等六人","1","1","2"
"秋卿白整等","1","1","2"
"孝文昭皇后","1","1","2"
"文昭皇后高","1","1","2"
"昭皇后高氏","1","1","2"
"问辽东人闵","1","1","2"
"辽东人闵宗","1","1","2"
"昭皇太后尊","1","1","2"
"称太皇太后","1","1","2"
"西北六十步","1","1","2"
"宣武顺皇后","1","1","2"
"宣武皇后高","1","1","2"
"武皇后高氏","1","1","2"
"生建德公主","1","1","2"
"宣武灵皇后","1","1","2"
"云龙大司马","1","1","2"
"龙大司马门","1","1","2"
"改葬文昭高","1","1","2"
"葬文昭高后","1","1","2"
"长乐公主手","1","1","2"
"陈留公李崇","1","1","2"
"秋卿刘腾等","1","1","2"
"肃宗显阳殿","2","0","2"
"肃宗朝太后","2","0","2"
"左卫将军奚","1","1","2"
"军奚康生谋","1","1","2"
"鸿胪少卿谷","1","1","2"
"胪少卿谷会","1","1","2"
"潘充华生女","1","1","2"
"孝明皇后胡","1","1","2"
"明皇后胡氏","1","1","2"
"兄冀州刺史","1","1","2"
"孝静皇后高","1","1","2"
"静皇后高氏","1","1","2"
"司徒公孙腾","1","1","2"
"宗正卿元孝","1","1","2"
"正卿元孝友","1","1","2"
"卿元孝友等","1","1","2"
"书左仆射杨","1","1","2"
"左仆射杨遵","1","1","2"
"仆射杨遵彦","1","1","2"
"叔父乐陵公","1","1","2"
"氐羌皆归附","2","0","2"
"高宗文成帝","1","1","2"
"博陵长公主","1","1","2"
"王公贵人登","1","1","2"
"常伯夫相继","1","1","2"
"十六部一切","1","1","2"
"六部一切经","1","1","2"
"书侍郎贾元","1","1","2"
"侍郎贾元寿","1","1","2"
"改封京兆郡","1","1","2"
"封京兆郡公","1","1","2"
"持节黄门侍","2","0","2"
"节黄门侍郎","2","0","2"
"侯山祠堂碑","1","1","2"
"山祠堂碑文","1","1","2"
"孙搴等二十","1","1","2"
"搴等二十四","1","1","2"
"等二十四人","1","1","2"
"吏部郎中李","1","1","2"
"部郎中李奖","1","1","2"
"郎中李奖退","1","1","2"
"中李奖退表","1","1","2"
"东北道行台","1","1","2"
"黄门郎徐纥","1","1","2"
"门郎徐纥受","1","1","2"
"郎徐纥受四","1","1","2"
"徐纥受四方","1","1","2"
"纥受四方表","1","1","2"
"受四方表启","1","1","2"
"取绢四十匹","1","1","2"
"阳夏太守傅","1","1","2"
"夏太守傅标","1","1","2"
"温子升彬彬","1","1","2"
"文襄馆客元","1","1","2"
"襄馆客元仅","1","1","2"
"荀济等作乱","1","1","2"
"献武王碑文","1","1","2"
"太尉长史宋","1","1","2"
"尉长史宋游","1","1","2"
"长史宋游道","1","1","2"
"大儒成公兴","1","1","2"
"阳翟九崖岩","1","1","2"
"长广东山见","1","1","2"
"广东山见道","1","1","2"
"东山见道人","1","1","2"
"山见道人法","1","1","2"
"见道人法穆","1","1","2"
"商功大算端","1","1","2"
"功大算端部","1","1","2"
"文三十六卷","1","1","2"
"三百二十四","1","1","2"
"百二十四章","1","1","2"
"专说天地阴","1","1","2"
"说天地阴阳","1","1","2"
"释六甲刑祸","1","1","2"
"六甲刑祸福","1","1","2"
"甲刑祸福德","1","1","2"
"奉景穆皇帝","1","1","2"
"景穆皇帝圣","1","1","2"
"穆皇帝圣诏","1","1","2"
"献经史诸子","1","1","2"
"经史诸子千","1","1","2"
"史诸子千余","1","1","2"
"诸子千余卷","1","1","2"
"赠敦煌太守","1","1","2"
"八岁入小学","1","1","2"
"宣王太史史","1","1","2"
"王太史史籀","1","1","2"
"大篆十五篇","1","1","2"
"中车府令赵","1","1","2"
"车府令赵高","1","1","2"
"太史令胡母","1","1","2"
"史令胡母敬","1","1","2"
"下杜人程邈","1","1","2"
"凉州刺史杜","1","1","2"
"讲学大夫秦","1","1","2"
"学大夫秦近","1","1","2"
"黄门侍郎扬","1","1","2"
"门侍郎扬雄","1","1","2"
"侍郎扬雄采","1","1","2"
"大司空甄丰","1","1","2"
"孔子壁中书","1","1","2"
"北平侯张仓","1","1","2"
"后汉郎中扶","1","1","2"
"汉郎中扶风","1","1","2"
"包括六艺群","1","1","2"
"括六艺群书","1","1","2"
"左中郎将陈","1","1","2"
"中郎将陈留","1","1","2"
"魏初博士清","1","1","2"
"初博士清河","1","1","2"
"义阳王典祠","1","1","2"
"阳王典祠令","1","1","2"
"王典祠令任","1","1","2"
"典祠令任城","1","1","2"
"故左校令李","1","1","2"
"左校令李登","1","1","2"
"宫商角徵羽","1","1","2"
"予欲观古人","1","1","2"
"州人沈法会","1","1","2"
"容白曜平东","2","0","2"
"白曜平东阳","2","0","2"
"除中散大夫","2","0","2"
"右军将军徐","1","1","2"
"军将军徐成","1","1","2"
"将军徐成伯","1","1","2"
"杂物一百匹","1","1","2"
"药饵吞服道","1","1","2"
"昌安县开国","1","1","2"
"阳平乐平人","1","1","2"
"除广宁太守","2","0","2"
"昭皇太后怀","1","1","2"
"文明太后敕","1","1","2"
"药方三十五","1","1","2"
"方三十五卷","1","1","2"
"世宗幸东宫","2","0","2"
"延昌二年秋","1","1","2"
"李冲兄弟子","1","1","2"
"文明太后常","1","1","2"
"李彪使江南","2","0","2"
"州刺史侯文","1","1","2"
"济南二郡太","1","1","2"
"南二郡太守","1","1","2"
"豫州人柳俭","1","1","2"
"殿中将军关","1","1","2"
"中将军关文","1","1","2"
"将军关文备","1","1","2"
"永宁寺九层","1","1","2"
"宁寺九层佛","1","1","2"
"高车主阿伏","1","1","2"
"长生河内太","1","1","2"
"提陇西太守","1","1","2"
"赐爵五等男","2","0","2"
"仆射源怀引","1","1","2"
"巡察州镇十","1","1","2"
"济州刺史郑","1","1","2"
"州刺史郑尚","1","1","2"
"梁州镇南府","1","1","2"
"州镇南府主","1","1","2"
"镇南府主簿","1","1","2"
"行唐公苻洛","1","1","2"
"唐公苻洛等","1","1","2"
"置中山行台","1","1","2"
"绢布绵牛马","1","1","2"
"布绵牛马羊","1","1","2"
"绵牛马羊等","1","1","2"
"宜都公穆崇","1","1","2"
"世祖杀亲嬖","2","0","2"
"祖杀亲嬖人","2","0","2"
"太宗命左右","1","1","2"
"城中三百人","1","1","2"
"太祖讨中山","2","0","2"
"休屠郁原等","1","1","2"
"司徒陆丽议","1","1","2"
"弟中兵参军","1","1","2"
"中兵参军薛","1","1","2"
"兵参军薛脩","1","1","2"
"参军薛脩义","1","1","2"
"前任中尉弹","1","1","2"
"三公郎中崔","1","1","2"
"公郎中崔鸿","1","1","2"
"郎中崔鸿上","1","1","2"
"本州刺史蔡","1","1","2"
"州刺史蔡隽","1","1","2"
"调绢五万匹","1","1","2"
"二百七十卷","1","1","2"
"鼓吹二十人","1","1","2"
"少壮勇知名","2","0","2"
"朔二州刺史","1","1","2"
"进爵陇西公","2","0","2"
"时贺力眷等","1","1","2"
"辽西公意烈","1","1","2"
"慕容永东迁","2","0","2"
"遣弟亢泥等","2","0","2"
"弟亢泥等迎","2","0","2"
"亢泥等迎窟","2","0","2"
"泥等迎窟咄","2","0","2"
"太祖诛桓等","2","0","2"
"余莫题等七","1","1","2"
"莫题等七姓","1","1","2"
"叔孙普洛节","1","1","2"
"太原太守房","1","1","2"
"原太守房崇","1","1","2"
"太守房崇吉","1","1","2"
"朔将军张元","1","1","2"
"将军张元孙","1","1","2"
"军张元孙奉","1","1","2"
"然后方轨连","1","1","2"
"后方轨连镳","1","1","2"
"赐爵南郡公","1","1","2"
"云中镇将朱","1","1","2"
"犹涉猎书传","1","1","2"
"诸葛亮门下","1","1","2"
"葛亮门下书","1","1","2"
"亮门下书佐","1","1","2"
"骧将军崔灵","1","1","2"
"将军崔灵延","1","1","2"
"房灵建等数","1","1","2"
"灵建等数十","1","1","2"
"建等数十家","1","1","2"
"主簿尹文达","1","1","2"
"休宾父子兄","1","1","2"
"宾父子兄弟","1","1","2"
"道固子景业","2","0","2"
"尚书李冲宣","1","1","2"
"书李冲宣诏","1","1","2"
"李冲宣诏问","1","1","2"
"太武皇帝巡","1","1","2"
"时慕容白曜","1","1","2"
"右司马卢河","1","1","2"
"司马卢河内","1","1","2"
"马卢河内等","1","1","2"
"若臣亡父固","1","1","2"
"臣亡父固守","1","1","2"
"刺史张谠所","1","1","2"
"史张谠所戍","1","1","2"
"改授羽林监","1","1","2"
"清河太守王","1","1","2"
"河太守王玄","1","1","2"
"太守王玄邈","1","1","2"
"参佐二百人","1","1","2"
"景先沉敏方","1","1","2"
"先沉敏方正","1","1","2"
"龙骧将军田","1","1","2"
"骧将军田申","1","1","2"
"将军田申能","1","1","2"
"时年四十三","1","1","2"
"问王者受命","1","1","2"
"木火相生曰","1","1","2"
"符玺郎王神","1","1","2"
"玺郎王神贵","1","1","2"
"尚书南部郎","1","1","2"
"民七千余户","2","0","2"
"雍州刺史陈","1","1","2"
"州刺史陈显","1","1","2"
"刺史陈显达","1","1","2"
"史陈显达率","1","1","2"
"陇西公源怀","1","1","2"
"西公源怀卫","1","1","2"
"公源怀卫大","1","1","2"
"源怀卫大将","1","1","2"
"怀卫大将军","1","1","2"
"卫大将军府","1","1","2"
"齐郡王长史","1","1","2"
"召集州内孤","1","1","2"
"集州内孤贫","1","1","2"
"试守鲁阳郡","1","1","2"
"时年七十四","2","0","2"
"秦州抚军府","1","1","2"
"州抚军府司","1","1","2"
"抚军府司马","1","1","2"
"害中尉郦道","1","1","2"
"迁员外散骑","2","0","2"
"吏部郎同班","1","1","2"
"转司州治中","2","0","2"
"迁内侍左右","1","1","2"
"将裴方明等","2","0","2"
"豹子进击乐","1","1","2"
"子进击乐乡","1","1","2"
"义隆将王奂","1","1","2"
"王长卿等六","1","1","2"
"长卿等六人","1","1","2"
"斩首二千余","1","1","2"
"首二千余级","1","1","2"
"豹子进军下","1","1","2"
"子进军下辨","1","1","2"
"辛伯奋弃城","1","1","2"
"义隆将姜道","1","1","2"
"隆将姜道祖","1","1","2"
"推杨文德主","2","0","2"
"使谓豹子曰","2","0","2"
"送杨氏子弟","1","1","2"
"故武都王保","1","1","2"
"武都王保宗","1","1","2"
"都王保宗妻","1","1","2"
"王保宗妻公","1","1","2"
"保宗妻公主","1","1","2"
"宗妻公主送","1","1","2"
"白水太守郭","1","1","2"
"水太守郭启","1","1","2"
"太守郭启玄","1","1","2"
"守郭启玄率","1","1","2"
"兴安二年正","1","1","2"
"安二年正月","1","1","2"
"义隆增兵运","1","1","2"
"隆增兵运粮","1","1","2"
"州刺史刘秀","1","1","2"
"高平突骑二","1","1","2"
"平突骑二千","1","1","2"
"高平镇将苟","1","1","2"
"平镇将苟莫","1","1","2"
"事中周丘等","1","1","2"
"豹子前锋候","1","1","2"
"子前锋候骑","1","1","2"
"前锋候骑相","1","1","2"
"锋候骑相遇","1","1","2"
"前泾州刺史","1","1","2"
"泾州刺史封","1","1","2"
"州刺史封阿","1","1","2"
"刺史封阿君","1","1","2"
"史封阿君督","1","1","2"
"平五年六月","1","1","2"
"妻子免饥寒","2","0","2"
"镇将元意头","1","1","2"
"将元意头知","1","1","2"
"共登西城楼","1","1","2"
"左右队骑八","1","1","2"
"右队骑八人","1","1","2"
"王飞廉等八","1","1","2"
"飞廉等八千","1","1","2"
"迁羽林中郎","2","0","2"
"赐爵乌程子","1","1","2"
"仆射南平公","1","1","2"
"射南平公元","1","1","2"
"南平公元目","1","1","2"
"平公元目振","1","1","2"
"公元目振都","1","1","2"
"元目振都督","1","1","2"
"目振都督中","1","1","2"
"振都督中外","1","1","2"
"都督中外军","1","1","2"
"督中外军事","1","1","2"
"时仇池氐羌","1","1","2"
"仇池氐羌反","1","1","2"
"随长孙观掩","1","1","2"
"长孙观掩击","1","1","2"
"孙观掩击氐","1","1","2"
"观掩击氐羌","1","1","2"
"仇池接近边","1","1","2"
"池接近边境","1","1","2"
"略阳公伏阿","1","1","2"
"阳公伏阿奴","1","1","2"
"征内都大官","2","0","2"
"司徒崔浩劝","1","1","2"
"徒崔浩劝世","1","1","2"
"崔浩劝世祖","1","1","2"
"转殿中尚书","2","0","2"
"进爵河南公","2","0","2"
"文明太后生","1","1","2"
"明太后生杀","1","1","2"
"颓留守京师","1","1","2"
"孙诲等五百","1","1","2"
"诲等五百余","1","1","2"
"臣闻先王建","1","1","2"
"问秘书丞李","1","1","2"
"州刺史政绩","1","1","2"
"太守张攀咸","2","0","2"
"授显武将军","1","1","2"
"除恢武将军","2","0","2"
"右卫将军杨","1","1","2"
"卫将军杨播","1","1","2"
"尚书崔慧景","1","1","2"
"门郎萧衍率","1","1","2"
"羽林五百骑","1","1","2"
"都督彭城王","1","1","2"
"督彭城王勰","1","1","2"
"襄乐县开国","1","1","2"
"乐县开国男","1","1","2"
"复除太仆卿","2","0","2"
"武川三镇诸","1","1","2"
"川三镇诸军","1","1","2"
"诏遣主书乐","1","1","2"
"遣主书乐安","1","1","2"
"主书乐安嘉","1","1","2"
"泾州平西府","1","1","2"
"州平西府长","1","1","2"
"平西府长史","1","1","2"
"刺史皇甫集","1","1","2"
"蠕蠕主婆罗","1","1","2"
"蠕主婆罗门","1","1","2"
"荣推奉庄帝","1","1","2"
"鲁县开国侯","1","1","2"
"夏州大中正","1","1","2"
"赵平郡开国","1","1","2"
"元天穆东讨","1","1","2"
"天穆东讨邢","1","1","2"
"穆东讨邢杲","1","1","2"
"高祖将立冯","1","1","2"
"祖将立冯后","1","1","2"
"扶风人王伯","1","1","2"
"风人王伯达","1","1","2"
"王师守常侍","1","1","2"
"刺史沈陵密","1","1","2"
"史沈陵密谋","1","1","2"
"沈陵密谋外","1","1","2"
"陵密谋外叛","1","1","2"
"白马公崔玄","1","1","2"
"马公崔玄伯","1","1","2"
"副使王清石","1","1","2"
"除中书侍郎","2","0","2"
"牧守令长多","1","1","2"
"侍中元晖等","1","1","2"
"永平四年夏","1","1","2"
"朐山戍主刘","1","1","2"
"左右直长阎","1","1","2"
"右直长阎遵","1","1","2"
"直长阎遵业","1","1","2"
"令征虏将军","1","1","2"
"将军赵遐率","1","1","2"
"若一举失利","1","1","2"
"虎贲四千人","1","1","2"
"朐山戍主傅","1","1","2"
"山戍主傅文","1","1","2"
"国家经略江","1","1","2"
"昶一人免官","1","1","2"
"一人免官论","1","1","2"
"熙平元年卒","2","0","2"
"东平太守章","1","1","2"
"平太守章仇","1","1","2"
"贼将周凯望","1","1","2"
"羽林监王穆","1","1","2"
"龙骧将军谢","1","1","2"
"骧将军谢善","1","1","2"
"将军谢善居","1","1","2"
"骑侍郎张引","1","1","2"
"斩首八百余","1","1","2"
"首八百余级","1","1","2"
"手足冻断者","1","1","2"
"足冻断者十","1","1","2"
"北秦三州诸","1","1","2"
"益阳县开国","1","1","2"
"县开国侯垣","1","1","2"
"开国侯垣恭","1","1","2"
"国侯垣恭祖","1","1","2"
"州刺史樊昌","1","1","2"
"刺史樊昌侯","1","1","2"
"史樊昌侯王","1","1","2"
"樊昌侯王整","1","1","2"
"兰陵太守桓","1","1","2"
"陵太守桓忻","1","1","2"
"太守桓忻驱","1","1","2"
"守桓忻驱掠","1","1","2"
"史沈文秀等","1","1","2"
"遣征南大将","1","1","2"
"中书侍郎李","1","1","2"
"书侍郎李璨","1","1","2"
"兗州诸军事","2","0","2"
"延兴元年五","1","1","2"
"兴元年五月","1","1","2"
"淮阳郡上党","1","1","2"
"南济阴郡睢","1","1","2"
"济阴郡睢陵","1","1","2"
"阴郡睢陵县","1","1","2"
"郡睢陵县人","1","1","2"
"睢陵县人赵","1","1","2"
"陵县人赵怜","1","1","2"
"县人赵怜等","1","1","2"
"统万镇都将","1","1","2"
"胡人子都将","1","1","2"
"人子都将呼","1","1","2"
"子都将呼延","1","1","2"
"都将呼延笼","1","1","2"
"将呼延笼达","1","1","2"
"城子都将胡","1","1","2"
"子都将胡人","1","1","2"
"都将胡人王","1","1","2"
"将胡人王敕","1","1","2"
"换取南豫州","1","1","2"
"郡开国公尉","1","1","2"
"开国公尉元","1","1","2"
"新泰伯游明","1","1","2"
"泰伯游明根","1","1","2"
"赐步挽一乘","2","0","2"
"北部下大夫","1","1","2"
"镇东将军孔","1","1","2"
"东将军孔伯","1","1","2"
"将军孔伯恭","1","1","2"
"军孔伯恭率","1","1","2"
"太守申纂屯","1","1","2"
"州刺史房崇","1","1","2"
"刺史房崇吉","1","1","2"
"史房崇吉屯","1","1","2"
"男女数千口","1","1","2"
"升城戍将房","1","1","2"
"城戍将房崇","1","1","2"
"戍将房崇吉","1","1","2"
"获崇吉母妻","2","0","2"
"将军长孙观","1","1","2"
"军长孙观等","1","1","2"
"宁东将军尉","1","1","2"
"东将军尉眷","1","1","2"
"瑕丘进攻历","1","1","2"
"丘进攻历城","1","1","2"
"史毕众敬等","1","1","2"
"房崇吉固守","1","1","2"
"崇吉固守升","1","1","2"
"吉固守升城","1","1","2"
"梁邹守将刘","1","1","2"
"邹守将刘休","1","1","2"
"守将刘休宾","1","1","2"
"户八千六百","1","1","2"
"吴蛮户三百","1","1","2"
"蛮户三百余","1","1","2"
"青齐东徐州","1","1","2"
"齐东徐州诸","1","1","2"
"东徐州诸军","1","1","2"
"徐州诸军事","1","1","2"
"王位高功重","1","1","2"
"故征南大将","1","1","2"
"陈显达连兵","1","1","2"
"开岱宗封禅","1","1","2"
"死者受骨肉","1","1","2"
"封懿雅相敬","1","1","2"
"懿雅相敬慕","1","1","2"
"高子黄中内","1","1","2"
"子黄中内润","1","1","2"
"世祖舅阳平","2","0","2"
"祖舅阳平王","2","0","2"
"中郎吕熙等","1","1","2"
"东宫少傅游","1","1","2"
"宫少傅游雅","1","1","2"
"侍郎公孙质","1","1","2"
"多禁封良田","1","1","2"
"田三顷七十","1","1","2"
"三顷七十亩","1","1","2"
"田三万七千","1","1","2"
"三万七千顷","1","1","2"
"二百二十二","1","1","2"
"百二十二万","1","1","2"
"二十二万斛","1","1","2"
"东宫博士管","1","1","2"
"宫博士管恬","1","1","2"
"辽东公翟黑","1","1","2"
"东公翟黑子","1","1","2"
"书侍郎崔览","1","1","2"
"著作令史闵","1","1","2"
"作令史闵湛","1","1","2"
"著作郎宗钦","1","1","2"
"东宫侍郎吴","1","1","2"
"宫侍郎吴延","1","1","2"
"侍郎吴延召","1","1","2"
"前著作郎邓","1","1","2"
"著作郎邓渊","1","1","2"
"作郎邓渊所","1","1","2"
"世祖大怒曰","2","0","2"
"允事事申明","1","1","2"
"百二十八人","1","1","2"
"集天文灾异","1","1","2"
"禄大夫刘向","1","1","2"
"大夫刘向见","1","1","2"
"伏惟陛下神","2","0","2"
"惟陛下神武","2","0","2"
"事中郭善明","1","1","2"
"常正言面论","1","1","2"
"时求官乞职","1","1","2"
"刺史二千石","1","1","2"
"中书博士索","1","1","2"
"书博士索敞","1","1","2"
"太原张伟同","1","1","2"
"原张伟同业","1","1","2"
"范阳卢玄等","1","1","2"
"阳卢玄等四","1","1","2"
"卢玄等四十","1","1","2"
"玄等四十二","1","1","2"
"等四十二人","1","1","2"
"张仲业东临","1","1","2"
"仲业东临营","1","1","2"
"业东临营州","1","1","2"
"立京兆王子","1","1","2"
"陛下上思宗","1","1","2"
"下上思宗庙","1","1","2"
"上思宗庙托","1","1","2"
"思宗庙托付","1","1","2"
"校书郎刘模","1","1","2"
"中书舍人河","1","1","2"
"书舍人河内","1","1","2"
"允蜀牛一头","1","1","2"
"四望蜀车一","1","1","2"
"中黄门苏兴","1","1","2"
"议何郑膏肓","1","1","2"
"何郑膏肓事","1","1","2"
"十余郡归降","1","1","2"
"北幽州刺史","1","1","2"
"幽州刺史李","1","1","2"
"刺史李崇老","1","1","2"
"史李崇老翁","1","1","2"
"中书助教博","1","1","2"
"书助教博士","1","1","2"
"平寿侯张谠","1","1","2"
"寿侯张谠见","1","1","2"
"知文明太后","2","0","2"
"文明太后征","1","1","2"
"百姓争致牛","2","0","2"
"时中书侍郎","1","1","2"
"侍郎高允参","1","1","2"
"日者董道秀","2","0","2"
"都督五州诸","1","1","2"
"督五州诸军","1","1","2"
"常参军国大","2","0","2"
"京兆王杜元","1","1","2"
"兆王杜元宝","1","1","2"
"王杜元宝谋","1","1","2"
"长乐监伯阳","1","1","2"
"北平阳尼等","1","1","2"
"娶东徐州刺","1","1","2"
"徐州刺史博","1","1","2"
"州刺史博陵","1","1","2"
"刺史博陵崔","1","1","2"
"史博陵崔鉴","1","1","2"
"中书教学博","1","1","2"
"书教学博士","1","1","2"
"秘书令高祐","2","0","2"
"新阳侯阴就","1","1","2"
"尚书陈宠议","1","1","2"
"十二月阳气","1","1","2"
"二月阳气上","1","1","2"
"月阳气上通","1","1","2"
"十三月阳气","1","1","2"
"四方断狱报","1","1","2"
"方断狱报重","1","1","2"
"丞相周勃谋","1","1","2"
"相周勃谋反","1","1","2"
"子弟素服肉","1","1","2"
"弟素服肉袒","1","1","2"
"父兄露板引","1","1","2"
"兄露板引咎","1","1","2"
"鸿胪郑默丧","1","1","2"
"胪郑默丧亲","1","1","2"
"主客郎刘绘","1","1","2"
"客郎刘绘接","1","1","2"
"请问魏朝丧","1","1","2"
"问魏朝丧礼","1","1","2"
"三王君臣智","1","1","2"
"宴衍清都中","1","1","2"
"后车驾南征","2","0","2"
"彪冠军将军","1","1","2"
"高祖宴群臣","2","0","2"
"彪秉志信行","1","1","2"
"臣肝胆涂地","1","1","2"
"谓重明叠圣","1","1","2"
"臣窃谓史官","1","1","2"
"故著作渔阳","1","1","2"
"时司空北海","1","1","2"
"伏见前御史","1","1","2"
"见前御史中","1","1","2"
"景明二年秋","1","1","2"
"帛一百五十","1","1","2"
"一百五十匹","1","1","2"
"列曹行参军","1","1","2"
"肃辞义敏切","1","1","2"
"肃陈说治乱","1","1","2"
"肃尽忠输诚","1","1","2"
"赐爵开阳伯","1","1","2"
"赏加常募一","1","1","2"
"加常募一等","1","1","2"
"行平南将军","1","1","2"
"功进号平南","1","1","2"
"进号平南将","1","1","2"
"赐骏马一匹","2","0","2"
"东郢三州诸","1","1","2"
"扬州大中正","1","1","2"
"二十年七月","1","1","2"
"高祖遣舍人","2","0","2"
"祖遣舍人答","2","0","2"
"遣舍人答曰","2","0","2"
"官欣然进膳","1","1","2"
"破萧鸾将裴","1","1","2"
"东豫四州诸","1","1","2"
"豫四州诸军","1","1","2"
"诏加鼓吹一","1","1","2"
"卿情同伍员","1","1","2"
"辅国将军黄","1","1","2"
"国将军黄瑶","1","1","2"
"若孟表粮尽","1","1","2"
"陈留长公主","1","1","2"
"妇彭城公主","1","1","2"
"都督江西诸","1","1","2"
"督江西诸军","1","1","2"
"江西诸军事","1","1","2"
"豫州刺史萧","1","1","2"
"州刺史萧懿","1","1","2"
"刺史萧懿率","1","1","2"
"史萧懿率众","1","1","2"
"萧懿率众三","1","1","2"
"懿率众三万","1","1","2"
"交州刺史李","1","1","2"
"州刺史李叔","1","1","2"
"刺史李叔献","1","1","2"
"史李叔献屯","1","1","2"
"帛四千七百","1","1","2"
"四千七百五","1","1","2"
"千七百五十","1","1","2"
"七百五十匹","1","1","2"
"进位开府仪","1","1","2"
"位开府仪同","1","1","2"
"封昌国县开","1","1","2"
"昌国县开国","1","1","2"
"国县开国侯","1","1","2"
"书侍郎贾思","1","1","2"
"侍郎贾思伯","1","1","2"
"散骑常侍抚","1","1","2"
"骑常侍抚慰","1","1","2"
"侍御史一人","1","1","2"
"御史一人监","1","1","2"
"史一人监护","1","1","2"
"一人监护丧","1","1","2"
"人监护丧事","1","1","2"
"故扬州刺史","1","1","2"
"肃忠心大度","1","1","2"
"见尚书李冲","1","1","2"
"人一日千里","1","1","2"
"尚书殿中郎","1","1","2"
"书殿中郎中","1","1","2"
"弁年少官微","1","1","2"
"高祖称善者","2","0","2"
"祖称善者久","2","0","2"
"司徒萧子良","1","1","2"
"秘书丞王融","1","1","2"
"书丞王融等","1","1","2"
"黄门郎崔光","1","1","2"
"大选内外群","1","1","2"
"选内外群官","1","1","2"
"宗室长幼诸","1","1","2"
"室长幼诸人","1","1","2"
"诏赐钱十万","2","0","2"
"臣家未肯推","1","1","2"
"中书郎宋弁","1","1","2"
"尚书王嶷钦","1","1","2"
"时大儒张吾","1","1","2"
"大儒张吾贵","1","1","2"
"青州九郡民","1","1","2"
"州九郡民单","1","1","2"
"刘通等一千","1","1","2"
"通等一千人","1","1","2"
"忆邢颖长者","1","1","2"
"赠冠军将军","2","0","2"
"陛下移构中","1","1","2"
"下移构中京","1","1","2"
"瀛州大中正","1","1","2"
"诏加峦使持","2","0","2"
"加峦使持节","2","0","2"
"都督征梁汉","1","1","2"
"督征梁汉诸","1","1","2"
"征梁汉诸军","1","1","2"
"梁汉诸军事","1","1","2"
"宁远将军杨","1","1","2"
"远将军杨举","1","1","2"
"统军杨众爱","1","1","2"
"国将军任僧","1","1","2"
"将军任僧幼","1","1","2"
"军任僧幼等","1","1","2"
"任僧幼等三","1","1","2"
"僧幼等三十","1","1","2"
"统军韩多宝","1","1","2"
"军韩多宝等","1","1","2"
"破天赐前军","1","1","2"
"天赐前军赵","1","1","2"
"统军李义珍","1","1","2"
"军李义珍讨","1","1","2"
"州刺史严玄","1","1","2"
"刺史严玄思","1","1","2"
"萧衍遣冠军","2","0","2"
"冠军将军孔","1","1","2"
"军将军孔陵","1","1","2"
"将军孔陵等","1","1","2"
"冠军将军任","1","1","2"
"军将军任僧","1","1","2"
"将军任僧褒","1","1","2"
"辅国将军李","1","1","2"
"国将军李畎","1","1","2"
"将军李畎戍","1","1","2"
"辅国将军乐","1","1","2"
"国将军乐保","1","1","2"
"将军乐保明","1","1","2"
"朔将军李伯","1","1","2"
"将军李伯度","1","1","2"
"骧将军李思","1","1","2"
"将军李思贤","1","1","2"
"国将军范峻","1","1","2"
"辅国将军符","1","1","2"
"国将军符伯","1","1","2"
"将军符伯度","1","1","2"
"年四月十三","1","1","2"
"刘季连反叛","1","1","2"
"军主李仲迁","1","1","2"
"军傅竖眼讨","1","1","2"
"授度支尚书","1","1","2"
"军将军鲁显","1","1","2"
"将军鲁显文","1","1","2"
"骁骑将军相","1","1","2"
"骑将军相文","1","1","2"
"将军相文玉","1","1","2"
"军相文玉等","1","1","2"
"相文玉等率","1","1","2"
"等率众一万","2","0","2"
"统军樊鲁讨","1","1","2"
"军毕祖朽讨","1","1","2"
"樊鲁大破文","1","1","2"
"鲁大破文玉","1","1","2"
"大破文玉等","1","1","2"
"军刘思祖等","1","1","2"
"中山王英乘","1","1","2"
"山王英乘胜","1","1","2"
"王英乘胜攻","1","1","2"
"御史中尉崔","1","1","2"
"史中尉崔亮","1","1","2"
"化生等二十","1","1","2"
"豫州城民白","1","1","2"
"州城民白早","1","1","2"
"民白早生杀","1","1","2"
"冠军将军齐","1","1","2"
"军将军齐苟","1","1","2"
"将军齐苟仁","1","1","2"
"军齐苟仁率","1","1","2"
"大将军胡孝","1","1","2"
"将军胡孝智","1","1","2"
"军胡孝智率","1","1","2"
"都督南讨诸","1","1","2"
"督南讨诸军","1","1","2"
"英南讨三关","1","1","2"
"齐苟仁等二","1","1","2"
"苟仁等二十","1","1","2"
"仁等二十一","1","1","2"
"等二十一人","1","1","2"
"二十一人开","1","1","2"
"十一人开门","1","1","2"
"优赠车骑将","1","1","2"
"冀州仪同开","1","1","2"
"州仪同开府","1","1","2"
"本官行相州","1","1","2"
"官行相州事","1","1","2"
"冀州城南十","1","1","2"
"州城南十六","1","1","2"
"城南十六里","1","1","2"
"军叔孙头追","1","1","2"
"秘书丞元梵","1","1","2"
"书丞元梵宣","1","1","2"
"侍御史王显","1","1","2"
"御史王显所","1","1","2"
"史王显所恨","1","1","2"
"平加散骑常","1","1","2"
"镇将任款请","1","1","2"
"任城王澄奏","2","0","2"
"军赵祖悦偷","1","1","2"
"书右仆射行","2","0","2"
"右仆射行台","2","0","2"
"平缣帛百段","1","1","2"
"紫纳金装衫","1","1","2"
"纳金装衫甲","1","1","2"
"金装衫甲一","1","1","2"
"奖缣布六十","1","1","2"
"缣布六十段","1","1","2"
"安南将军崔","1","1","2"
"金装刀杖一","1","1","2"
"装刀杖一口","1","1","2"
"平前鸣箫管","1","1","2"
"熙平元年冬","1","1","2"
"诏东园秘器","2","0","2"
"赠安西将军","2","0","2"
"萧衍尚书郎","1","1","2"
"东西戍防轻","1","1","2"
"西戍防轻重","1","1","2"
"计量疆场险","1","1","2"
"量疆场险易","1","1","2"
"疆场险易安","1","1","2"
"场险易安危","1","1","2"
"探测南人攻","1","1","2"
"测南人攻守","1","1","2"
"南人攻守窥","1","1","2"
"人攻守窥觎","1","1","2"
"筹算卒乘器","1","1","2"
"算卒乘器械","1","1","2"
"卒乘器械征","1","1","2"
"乘器械征讨","1","1","2"
"命偏师精兵","1","1","2"
"偏师精兵数","1","1","2"
"师精兵数千","1","1","2"
"宗正珍孙讨","1","1","2"
"时萧衍巴西","1","1","2"
"何难尉等豪","1","1","2"
"难尉等豪姓","1","1","2"
"西南道慰劳","1","1","2"
"南道慰劳大","1","1","2"
"道慰劳大使","1","1","2"
"集群臣博议","1","1","2"
"中尉高道穆","1","1","2"
"尉高道穆赞","1","1","2"
"高道穆赞成","1","1","2"
"苗身率士卒","1","1","2"
"身率士卒百","1","1","2"
"应更立奇功","1","1","2"
"城阳蜂目先","1","1","2"
"阳蜂目先见","1","1","2"
"大纵兵士焚","1","1","2"
"纵兵士焚烧","1","1","2"
"弟上党太守","1","1","2"
"臣七世伯祖","1","1","2"
"赐爵东光子","2","0","2"
"高祖锐意典","1","1","2"
"祖锐意典礼","1","1","2"
"黄门宋弁参","1","1","2"
"崔光温良博","1","1","2"
"光温良博物","1","1","2"
"左右赵桃弓","1","1","2"
"谨案前后考","1","1","2"
"前尚书卢昶","1","1","2"
"年上迁半阶","2","0","2"
"统军三十人","1","1","2"
"羽林一万五","1","1","2"
"林一万五千","1","1","2"
"一万五千人","1","1","2"
"京东七州虎","1","1","2"
"东七州虎旅","1","1","2"
"七州虎旅九","1","1","2"
"州虎旅九万","1","1","2"
"周王兴六月","1","1","2"
"华三州诸军","1","1","2"
"事中郎景尚","1","1","2"
"中郎景尚说","1","1","2"
"居青州时水","1","1","2"
"赐爵朝阳子","1","1","2"
"诗三十八篇","1","1","2"
"齐州大中正","1","1","2"
"诸羌数万家","1","1","2"
"藻推诚布信","1","1","2"
"雍州人王叔","1","1","2"
"州人王叔保","1","1","2"
"人王叔保等","1","1","2"
"王叔保等三","1","1","2"
"叔保等三百","1","1","2"
"保等三百人","1","1","2"
"安南将军元","1","1","2"
"将军元英征","1","1","2"
"督统军高聪","1","1","2"
"统军高聪等","1","1","2"
"军高聪等四","1","1","2"
"崔道固城局","1","1","2"
"道固城局参","1","1","2"
"固城局参军","1","1","2"
"父燕宣王庙","1","1","2"
"赐爵贝丘男","1","1","2"
"镇南府长史","1","1","2"
"贝丘县开国","1","1","2"
"丘县开国男","1","1","2"
"上马能击贼","1","1","2"
"下马作露布","1","1","2"
"奚康生等诸","1","1","2"
"兵三千人先","1","1","2"
"英沉吟未决","1","1","2"
"统军张怀等","1","1","2"
"乘胜直趋长","1","1","2"
"胜直趋长围","1","1","2"
"付长史贾思","1","1","2"
"长史贾思祖","1","1","2"
"军主蔡三虎","1","1","2"
"司马陆希道","1","1","2"
"英东征钟离","1","1","2"
"行南青州事","1","1","2"
"左右地数顷","1","1","2"
"永妻贾氏留","1","1","2"
"叔伟称父命","1","1","2"
"徒胡国珍本","1","1","2"
"叔伟子丰生","1","1","2"
"伟子丰生袭","1","1","2"
"母崔氏遇赦","1","1","2"
"崔氏遇赦免","1","1","2"
"辅国府司马","1","1","2"
"国府司马刘","1","1","2"
"薛公举兵淮","1","1","2"
"公举兵淮北","1","1","2"
"能专任智勇","1","1","2"
"杨集义反叛","1","1","2"
"梁州刺史邢","1","1","2"
"羽林虎贲三","1","1","2"
"林虎贲三百","1","1","2"
"入益州北境","1","1","2"
"宁朔将军成","1","1","2"
"朔将军成兴","1","1","2"
"将军成兴孙","1","1","2"
"国将军任硕","1","1","2"
"将军任硕北","1","1","2"
"军任硕北等","1","1","2"
"虎径南山连","1","1","2"
"遣军主边昭","1","1","2"
"军主边昭等","1","1","2"
"主边昭等率","1","1","2"
"遣统军姜喜","1","1","2"
"冠军将军勾","1","1","2"
"军将军勾道","1","1","2"
"将军勾道侍","1","1","2"
"梁州刺史王","1","1","2"
"州刺史王太","1","1","2"
"刺史王太洪","1","1","2"
"史王太洪等","1","1","2"
"王太洪等十","1","1","2"
"太洪等十余","1","1","2"
"转战二百余","1","1","2"
"战二百余里","1","1","2"
"统军席广度","1","1","2"
"军席广度等","1","1","2"
"虏将军杨伏","1","1","2"
"将军杨伏锡","1","1","2"
"军杨伏锡等","1","1","2"
"都统白水诸","1","1","2"
"统白水诸军","1","1","2"
"白水诸军事","1","1","2"
"水诸军事杨","1","1","2"
"诸军事杨兴","1","1","2"
"征虏将军李","1","1","2"
"虏将军李光","1","1","2"
"将军李光宗","1","1","2"
"虎威将军强","1","1","2"
"威将军强虬","1","1","2"
"阴平王杨太","1","1","2"
"平王杨太赤","1","1","2"
"王杨太赤率","1","1","2"
"统军傅昙表","1","1","2"
"军傅昙表等","1","1","2"
"朔将军王光","1","1","2"
"将军王光昭","1","1","2"
"宁朔将军费","1","1","2"
"朔将军费忻","1","1","2"
"将军费忻督","1","1","2"
"统军胡小虎","1","1","2"
"军胡小虎四","1","1","2"
"胡小虎四面","1","1","2"
"小虎四面攻","1","1","2"
"统帅同时奋","1","1","2"
"雄信将军牟","1","1","2"
"信将军牟兴","1","1","2"
"将军牟兴祖","1","1","2"
"假镇军将军","1","1","2"
"巴三州诸军","1","1","2"
"姜平洛等十","1","1","2"
"欲杜绝四方","1","1","2"
"尚书邢峦等","1","1","2"
"使朝廷明识","1","1","2"
"大政蔚增光","1","1","2"
"御史中尉甄","1","1","2"
"史中尉甄琛","1","1","2"
"请免所居官","2","0","2"
"求解官扶侍","2","0","2"
"使彭城刘缵","1","1","2"
"太武皇帝亲","1","1","2"
"中八品将军","1","1","2"
"林皇后生废","1","1","2"
"皇后生废太","1","1","2"
"后生废太子","1","1","2"
"文昭皇后生","1","1","2"
"昭皇后生宣","1","1","2"
"皇后生宣武","1","1","2"
"后生宣武皇","1","1","2"
"生宣武皇帝","1","1","2"
"罗夫人生清","1","1","2"
"人生清河文","1","1","2"
"生清河文献","1","1","2"
"汝南文宣王","1","1","2"
"郑充华生皇","1","1","2"
"充华生皇子","1","1","2"
"文明太后抚","1","1","2"
"太皇太后亲","1","1","2"
"高祖临光极","2","0","2"
"中庶子高道","1","1","2"
"庶子高道悦","1","1","2"
"恂留守金墉","1","1","2"
"太子太傅穆","1","1","2"
"子太傅穆亮","1","1","2"
"书侍郎邢峦","1","1","2"
"二十二年冬","1","1","2"
"御史台令史","1","1","2"
"史台令史龙","1","1","2"
"台令史龙文","1","1","2"
"令史龙文观","1","1","2"
"恂娶司徒冯","1","1","2"
"娶司徒冯诞","1","1","2"
"军府长史卢","1","1","2"
"府长史卢阳","1","1","2"
"长史卢阳乌","1","1","2"
"托右中郎将","1","1","2"
"右中郎将赵","1","1","2"
"中郎将赵郡","1","1","2"
"顺皇后召李","1","1","2"
"儒学宾客严","1","1","2"
"学宾客严怀","1","1","2"
"宾客严怀真","1","1","2"
"客严怀真等","1","1","2"
"长史羊灵引","1","1","2"
"世宗诏尚书","1","1","2"
"宗诏尚书李","1","1","2"
"尚书李平讨","1","1","2"
"正光元年七","1","1","2"
"光元年七月","1","1","2"
"四门博士董","1","1","2"
"门博士董徵","1","1","2"
"将军王辩送","1","1","2"
"齐献武王诛","1","1","2"
"乡亲姬澹等","1","1","2"
"亲姬澹等十","1","1","2"
"说桓穆二帝","1","1","2"
"桓穆二帝招","1","1","2"
"遣参军壶伦","1","1","2"
"牙门中行嘉","1","1","2"
"义阳亭侯卫","1","1","2"
"阳亭侯卫谟","1","1","2"
"协义亭侯卫","1","1","2"
"桓穆二帝心","1","1","2"
"光熙元年秋","1","1","2"
"刘琨任子遵","2","0","2"
"卫辰分国部","2","0","2"
"献明皇后携","1","1","2"
"州刺史王永","1","1","2"
"州刺史张蚝","1","1","2"
"遣慕容良迎","1","1","2"
"人刘库仁所","1","1","2"
"刘库仁所盗","1","1","2"
"破慕容宝参","2","0","2"
"典宿卫禁旅","2","0","2"
"李沈等三百","1","1","2"
"长孙嵩等八","1","1","2"
"孙嵩等八人","1","1","2"
"吴兵将军公","1","1","2"
"兵将军公孙","1","1","2"
"虎牢守将毛","1","1","2"
"牢守将毛德","1","1","2"
"陈留太守严","1","1","2"
"留太守严棱","1","1","2"
"将军封礼等","1","1","2"
"四万五千人","1","1","2"
"万五千人袭","1","1","2"
"遣将军刘拔","1","1","2"
"将军刘拔送","1","1","2"
"军刘拔送马","1","1","2"
"刘拔送马三","1","1","2"
"拔送马三千","1","1","2"
"世祖克平凉","2","0","2"
"万骑大将军","1","1","2"
"河西王牧犍","1","1","2"
"开府田曹参","1","1","2"
"府田曹参军","1","1","2"
"时内侍左右","2","0","2"
"安成王万安","1","1","2"
"成王万安国","1","1","2"
"伯父弘农王","1","1","2"
"安同等十三","1","1","2"
"同等十三人","1","1","2"
"等十三人迭","2","0","2"
"十三人迭典","2","0","2"
"三人迭典庶","2","0","2"
"人迭典庶事","2","0","2"
"赐爵安平公","1","1","2"
"刺史尉建率","1","1","2"
"布帛七万匹","1","1","2"
"刺史徐琰奔","1","1","2"
"刘义隆兗州","2","0","2"
"义隆兗州刺","2","0","2"
"隆兗州刺史","2","0","2"
"都督冀青徐","1","1","2"
"督冀青徐济","1","1","2"
"冀青徐济四","1","1","2"
"青徐济四州","1","1","2"
"徐济四州诸","1","1","2"
"济四州诸军","1","1","2"
"磨浑等拾遗","2","0","2"
"浑等拾遗左","2","0","2"
"等拾遗左右","2","0","2"
"凉州镇大将","1","1","2"
"司空奚斤等","1","1","2"
"贺毗等四人","1","1","2"
"假司空督河","1","1","2"
"司空督河西","1","1","2"
"空督河西七","1","1","2"
"督河西七镇","1","1","2"
"河西七镇诸","1","1","2"
"西七镇诸军","1","1","2"
"遣河间王琛","2","0","2"
"廷尉卿元洪","1","1","2"
"尉卿元洪超","1","1","2"
"宁朔将军公","1","1","2"
"朔将军公孙","1","1","2"
"将军公孙兰","1","1","2"
"黑矛公麾下","1","1","2"
"河南太守王","1","1","2"
"南太守王涓","1","1","2"
"弘农太守曹","1","1","2"
"农太守曹达","1","1","2"
"相二州诸军","1","1","2"
"宁光宫宿卫","1","1","2"
"光宫宿卫事","1","1","2"
"秦州刺史尉","1","1","2"
"州刺史尉洛","1","1","2"
"刺史尉洛侯","1","1","2"
"长安镇将陈","1","1","2"
"安镇将陈提","1","1","2"
"镇将陈提等","1","1","2"
"秦雍二州事","1","1","2"
"太子翊军校","1","1","2"
"子翊军校尉","1","1","2"
"烈散骑常侍","2","0","2"
"聊城县开国","1","1","2"
"功加散骑常","2","0","2"
"二年正月初","1","1","2"
"贲三百人追","1","1","2"
"迁长水校尉","2","0","2"
"将作大匠王","1","1","2"
"作大匠王遇","1","1","2"
"寻迁散骑常","2","0","2"
"正始二年秋","1","1","2"
"尚书李崇分","1","1","2"
"部尚书元晖","1","1","2"
"度支尚书元","1","1","2"
"支尚书元匡","1","1","2"
"遣右卫将军","1","1","2"
"右卫将军侯","1","1","2"
"事中孙伏连","1","1","2"
"中孙伏连等","1","1","2"
"常山郡开国","1","1","2"
"山郡开国公","1","1","2"
"十三日夜入","1","1","2"
"月十三日世","1","1","2"
"十三日世宗","1","1","2"
"八月一日皇","1","1","2"
"月一日皇太","1","1","2"
"一日皇太后","1","1","2"
"日皇太后未","1","1","2"
"皇太后未亲","1","1","2"
"灵寿县开国","1","1","2"
"寿县开国公","1","1","2"
"神龟元年三","1","1","2"
"龟元年三月","1","1","2"
"子司徒掾永","1","1","2"
"司徒掾永超","1","1","2"
"常少卿元端","1","1","2"
"千牛备身杨","1","1","2"
"牛备身杨保","1","1","2"
"备身杨保元","1","1","2"
"中山王尼须","1","1","2"
"号范阳郡君","1","1","2"
"稍迁步兵校","2","0","2"
"迁骁骑将军","2","0","2"
"破洛汗听明","1","1","2"
"迁抚军将军","2","0","2"
"赠都督冀定","2","0","2"
"定州诸军事","1","1","2"
"迁光禄大夫","2","0","2"
"仪同开府谘","1","1","2"
"同开府谘议","1","1","2"
"开府谘议参","1","1","2"
"习阴阳谶纬","1","1","2"
"西河二百里","1","1","2"
"人刘库仁勇","1","1","2"
"铁弗卫辰狡","1","1","2"
"弗卫辰狡猾","1","1","2"
"卫辰狡猾多","1","1","2"
"辰狡猾多变","1","1","2"
"赐爵平舒侯","2","0","2"
"代王郎中令","1","1","2"
"沧水二郡太","1","1","2"
"水二郡太守","1","1","2"
"太祖征蠕蠕","2","0","2"
"地南床山下","1","1","2"
"赐爵临渭侯","1","1","2"
"都督幽州广","1","1","2"
"督幽州广阳","1","1","2"
"安乐二郡诸","1","1","2"
"乐二郡诸军","1","1","2"
"二郡诸军事","1","1","2"
"崎城镇都大","1","1","2"
"赤城典作都","1","1","2"
"城典作都将","1","1","2"
"怀荒镇金城","1","1","2"
"荒镇金城戍","1","1","2"
"镇金城戍将","1","1","2"
"书仆射元目","1","1","2"
"仆射元目辰","1","1","2"
"射元目辰进","1","1","2"
"伊祁苟初三","1","1","2"
"祁苟初三十","1","1","2"
"诏赐帛一千","1","1","2"
"转大司农少","2","0","2"
"阳平公侍郎","1","1","2"
"司马昌明叛","1","1","2"
"玄伯扶老母","1","1","2"
"伯扶老母登","1","1","2"
"置八部大夫","1","1","2"
"赐帛二百匹","1","1","2"
"都公穆观等","1","1","2"
"遣将军公孙","1","1","2"
"遣侍中宜都","1","1","2"
"侍中宜都公","1","1","2"
"中宜都公穆","1","1","2"
"著作佐郎王","1","1","2"
"作佐郎王遵","1","1","2"
"佐郎王遵业","1","1","2"
"光禄大夫姚","1","1","2"
"禄大夫姚元","1","1","2"
"大夫姚元标","1","1","2"
"督雍泾梁秦","1","1","2"
"雍泾梁秦四","1","1","2"
"泾梁秦四州","1","1","2"
"梁秦四州诸","1","1","2"
"秦四州诸军","1","1","2"
"随晋南阳王","1","1","2"
"袭爵武陵公","2","0","2"
"延兴二年卒","2","0","2"
"内秘书中散","1","1","2"
"大都督长史","1","1","2"
"黄木军主韩","1","1","2"
"木军主韩文","1","1","2"
"军主韩文殊","1","1","2"
"主韩文殊所","1","1","2"
"子积等三人","1","1","2"
"赐爵临淄子","2","0","2"
"刺史陆龙成","1","1","2"
"史陆龙成时","1","1","2"
"陆龙成时谋","1","1","2"
"城北高柳村","1","1","2"
"北徐州司马","1","1","2"
"西讨开府西","1","1","2"
"南冀州刺史","1","1","2"
"京城西南二","1","1","2"
"城西南二百","1","1","2"
"大鸿胪少卿","1","1","2"
"永乐经武殿","1","1","2"
"迁镇远将军","2","0","2"
"刺史元罗板","1","1","2"
"同郡崔康时","1","1","2"
"广阳霍原等","1","1","2"
"宴郊庙社稷","1","1","2"
"书崔玄伯参","1","1","2"
"赐爵南阳公","2","0","2"
"时太傅元丕","1","1","2"
"累迁中散大","2","0","2"
"赠员外散骑","1","1","2"
"齐州武昌王","1","1","2"
"州武昌王征","1","1","2"
"武昌王征虏","1","1","2"
"昌王征虏长","1","1","2"
"王征虏长史","1","1","2"
"安阳县开国","1","1","2"
"梁州开府长","1","1","2"
"州开府长史","1","1","2"
"外孙梁眷知","1","1","2"
"令著作郎韩","1","1","2"
"著作郎韩显","1","1","2"
"作郎韩显宗","1","1","2"
"章武长公主","1","1","2"
"御史李焕单","1","1","2"
"太宗亲临丧","1","1","2"
"遣司空长孙","1","1","2"
"崔浩等辅政","2","0","2"
"山胡刘什婆","1","1","2"
"高平镇诸军","1","1","2"
"平镇诸军事","1","1","2"
"追赠镇北将","1","1","2"
"济北郡开国","1","1","2"
"北郡开国公","1","1","2"
"新兴县开国","1","1","2"
"兴县开国子","1","1","2"
"中山长公主","1","1","2"
"敦煌镇都大","1","1","2"
"煌镇都大将","1","1","2"
"都督秦梁益","1","1","2"
"督秦梁益三","1","1","2"
"秦梁益三州","1","1","2"
"梁益三州诸","1","1","2"
"益三州诸军","1","1","2"
"时宕昌王梁","1","1","2"
"王梁弥机死","1","1","2"
"谷羌董耕奴","1","1","2"
"副将杨灵珍","1","1","2"
"将杨灵珍率","1","1","2"
"将陈显达攻","1","1","2"
"太皇太后圣","1","1","2"
"武卫大将军","1","1","2"
"宗庙何高祖","2","0","2"
"司马慕容契","1","1","2"
"封顿丘郡开","1","1","2"
"琅邪长公主","1","1","2"
"都督冀瀛二","1","1","2"
"督冀瀛二州","1","1","2"
"冀瀛二州诸","1","1","2"
"瀛二州诸军","1","1","2"
"时侍中元顺","1","1","2"
"时河南尹李","1","1","2"
"河南尹李奖","1","1","2"
"光四州诸军","1","1","2"
"赠都督冀沧","1","1","2"
"时司徒陆丽","1","1","2"
"司徒参军事","1","1","2"
"开府骑兵参","1","1","2"
"府骑兵参军","1","1","2"
"随长孙稚征","1","1","2"
"尚书屯田郎","1","1","2"
"书屯田郎中","1","1","2"
"唐县开国男","1","1","2"
"罗国主副罗","1","1","2"
"国主副罗越","1","1","2"
"主副罗越居","1","1","2"
"齐献武王奏","1","1","2"
"生昭成皇帝","1","1","2"
"跋等十三人","1","1","2"
"奴婢数十口","2","0","2"
"容宝参合陂","2","0","2"
"建等攻城六","1","1","2"
"等攻城六十","1","1","2"
"冀州刺史慕","1","1","2"
"刺史慕容凤","1","1","2"
"史慕容凤夜","1","1","2"
"雍州刺史阳","1","1","2"
"州刺史阳文","1","1","2"
"刺史阳文祖","1","1","2"
"秦州刺史任","1","1","2"
"州刺史任延","1","1","2"
"刺史任延明","1","1","2"
"宜阳公伏树","1","1","2"
"虎牢镇监军","1","1","2"
"合击刘义隆","1","1","2"
"妹没入苻氏","1","1","2"
"没入苻氏宫","1","1","2"
"征姚平柴壁","2","0","2"
"加安远将军","2","0","2"
"尉唐小方等","1","1","2"
"同筑城聚众","1","1","2"
"时赫连屈丐","1","1","2"
"东部高车巳","2","0","2"
"部高车巳尼","2","0","2"
"高车巳尼陂","2","0","2"
"赐爵广宗侯","1","1","2"
"长安追击赫","1","1","2"
"安追击赫连","1","1","2"
"遣太仆丘堆","1","1","2"
"太仆丘堆等","1","1","2"
"丘堆等督租","2","0","2"
"将姚纵夫渡","1","1","2"
"首三千余级","2","0","2"
"曹成等七十","1","1","2"
"阿度支等二","1","1","2"
"度支等二百","1","1","2"
"太子宫门大","1","1","2"
"子宫门大夫","1","1","2"
"开府水曹参","1","1","2"
"府水曹参军","1","1","2"
"赐爵霸城男","1","1","2"
"追赠安东将","1","1","2"
"都督凉河二","1","1","2"
"督凉河二州","1","1","2"
"鄯善镇诸军","1","1","2"
"善镇诸军事","1","1","2"
"太二十一年","2","0","2"
"击将军王洛","1","1","2"
"太尉穆观等","1","1","2"
"贰城守将坚","1","1","2"
"城守将坚守","1","1","2"
"城王奚斤表","1","1","2"
"斤追击赫连","1","1","2"
"遣西平公安","1","1","2"
"殿中尚书源","1","1","2"
"中尚书源贺","1","1","2"
"沮渠牧犍弟","2","0","2"
"部众二千余","1","1","2"
"众二千余人","1","1","2"
"获男女二百","1","1","2"
"男女二百人","1","1","2"
"弟波利等十","1","1","2"
"文陈父子归","1","1","2"
"功赐奴婢十","2","0","2"
"中道都大将","1","1","2"
"鲁元等七人","1","1","2"
"扶道生上马","1","1","2"
"相曹都典奉","1","1","2"
"曹都典奉事","1","1","2"
"安康子长孙","1","1","2"
"康子长孙道","1","1","2"
"子长孙道生","1","1","2"
"代田登楼射","1","1","2"
"统万镇大将","1","1","2"
"安东大将军","1","1","2"
"赐爵五等子","1","1","2"
"大将莫孤浑","1","1","2"
"州刺史罗忸","1","1","2"
"州刺史丘顿","1","1","2"
"功赐爵关内","1","1","2"
"赐爵关内侯","1","1","2"
"人乘小船突","1","1","2"
"州刺史乞伏","1","1","2"
"刺史乞伏成","1","1","2"
"史乞伏成龙","1","1","2"
"州刺史许崇","1","1","2"
"杀雍州刺史","1","1","2"
"灵武四县人","1","1","2"
"郡王李惠等","1","1","2"
"获男女一千","1","1","2"
"京兆王愉徐","2","0","2"
"兆王愉徐州","2","0","2"
"除武川镇将","2","0","2"
"平原镇都将","1","1","2"
"牛二百五十","1","1","2"
"二百五十头","1","1","2"
"龙牧曹奏事","1","1","2"
"牧曹奏事中","1","1","2"
"外都曹奏事","1","1","2"
"都曹奏事中","1","1","2"
"长史李辨杀","1","1","2"
"尚书郎邓晖","1","1","2"
"遣建兴公古","1","1","2"
"平公安颉攻","1","1","2"
"雍城镇都大","1","1","2"
"石护军高秀","1","1","2"
"山东七郡事","1","1","2"
"丁零翟都等","1","1","2"
"山胡部高车","1","1","2"
"胡部高车门","1","1","2"
"部高车门等","1","1","2"
"安公元顺讨","1","1","2"
"河西胡张外","1","1","2"
"安侯魏勤率","1","1","2"
"将军元屈等","1","1","2"
"屯五原河北","2","0","2"
"右丞张嵩求","1","1","2"
"南康公狄邻","1","1","2"
"率步骑二万","2","0","2"
"部将高苟子","1","1","2"
"将高苟子率","1","1","2"
"平西将军元","1","1","2"
"西将军元齐","1","1","2"
"遣永安侯贺","1","1","2"
"永安侯贺纯","1","1","2"
"安侯贺纯攻","1","1","2"
"守将姜道祖","1","1","2"
"将姜道祖退","1","1","2"
"姜道祖退守","1","1","2"
"道祖退守狭","1","1","2"
"祖退守狭亭","1","1","2"
"济南公崔徽","1","1","2"
"南公崔徽镇","1","1","2"
"蠕蠕吴提乘","1","1","2"
"蠕吴提乘虚","1","1","2"
"吴提乘虚入","1","1","2"
"侍中广平公","1","1","2"
"子曷多汗等","1","1","2"
"慕容宝弃城","1","1","2"
"左将军李栗","1","1","2"
"人立慕容普","1","1","2"
"慕容贺邻杀","1","1","2"
"赏赐奴婢数","1","1","2"
"少父任中散","2","0","2"
"平州仓曹参","1","1","2"
"州仓曹参军","1","1","2"
"遣侯引乙突","1","1","2"
"侯引乙突等","1","1","2"
"长孙道生讨","1","1","2"
"人张广达等","1","1","2"
"张广达等二","1","1","2"
"广达等二百","1","1","2"
"骑常侍刘库","1","1","2"
"常侍刘库仁","1","1","2"
"侍刘库仁等","1","1","2"
"刘库仁等八","1","1","2"
"库仁等八人","1","1","2"
"仁等八人分","1","1","2"
"临淮公丘堆","1","1","2"
"淮公丘堆等","1","1","2"
"昌乘胜抄掠","1","1","2"
"秃发保周反","1","1","2"
"沙河三州诸","1","1","2"
"河三州诸军","1","1","2"
"太宰常英等","1","1","2"
"南营州刺史","1","1","2"
"书令李崇讨","1","1","2"
"丰王延明讨","1","1","2"
"朱荣兵威渐","1","1","2"
"殿中右曹尚","1","1","2"
"中右曹尚书","1","1","2"
"东凉州刺史","1","1","2"
"叉送白绫二","1","1","2"
"送白绫二千","1","1","2"
"白绫二千匹","1","1","2"
"西宫端门前","1","1","2"
"平公元烈哭","1","1","2"
"公元烈哭泣","1","1","2"
"绍时年十六","1","1","2"
"时年二十三","1","1","2"
"前锋大将军","1","1","2"
"都督凉州诸","1","1","2"
"凉州诸军事","1","1","2"
"沔南诸军事","1","1","2"
"遣洛州刺史","1","1","2"
"洛州刺史伊","1","1","2"
"鲁阳太守崔","1","1","2"
"萧衍雍州刺","1","1","2"
"定州平北府","1","1","2"
"州平北府中","1","1","2"
"平北府中兵","1","1","2"
"北府中兵参","1","1","2"
"家司空参军","2","0","2"
"鄄城县开国","1","1","2"
"城县开国伯","1","1","2"
"南青州长史","1","1","2"
"赠济南太守","1","1","2"
"瀛州骑府司","1","1","2"
"州骑府司马","1","1","2"
"太尉行参军","1","1","2"
"叔父广平王","1","1","2"
"平原镇都大","1","1","2"
"原镇都大将","1","1","2"
"兗二州诸军","2","0","2"
"米三千余斛","1","1","2"
"鉴上遵高祖","1","1","2"
"长史卢渊宽","1","1","2"
"梁郡太守程","1","1","2"
"郡太守程灵","1","1","2"
"太守程灵虬","1","1","2"
"太尉中兵参","1","1","2"
"尉中兵参军","1","1","2"
"太子率更令","1","1","2"
"世祖继绝世","2","0","2"
"都督平州诸","1","1","2"
"督平州诸军","1","1","2"
"平州诸军事","1","1","2"
"南平王一人","1","1","2"
"赠凉州刺史","1","1","2"
"灵太后肃宗","2","0","2"
"相高阳王相","1","1","2"
"都督雍华泾","1","1","2"
"秦岐河梁益","1","1","2"
"岐河梁益九","1","1","2"
"河梁益九州","1","1","2"
"梁益九州诸","1","1","2"
"益九州诸军","1","1","2"
"直郎宋维告","1","1","2"
"司染都尉韩","1","1","2"
"染都尉韩文","1","1","2"
"都尉韩文殊","1","1","2"
"主食中黄门","1","1","2"
"食中黄门胡","1","1","2"
"中黄门胡玄","1","1","2"
"黄门胡玄度","1","1","2"
"直斋等三十","1","1","2"
"斋等三十人","1","1","2"
"千秋门外厂","1","1","2"
"秋门外厂下","1","1","2"
"太后密谋图","1","1","2"
"元叉本名夜","1","1","2"
"叉本名夜叉","1","1","2"
"中书舍人韩","1","1","2"
"书舍人韩子","1","1","2"
"舍人韩子熙","1","1","2"
"都督青光南","1","1","2"
"督青光南青","1","1","2"
"青光南青三","1","1","2"
"光南青三州","1","1","2"
"南青三州诸","1","1","2"
"青三州诸军","1","1","2"
"州刺史冯翊","1","1","2"
"广平程伯达","1","1","2"
"群犬吠新客","1","1","2"
"佞暗排疏宾","1","1","2"
"中书侍郎赵","1","1","2"
"书侍郎赵郡","1","1","2"
"广宁常顺阳","1","1","2"
"著作佐郎博","1","1","2"
"作佐郎博陵","1","1","2"
"骃博通经传","1","1","2"
"秘书考课郎","1","1","2"
"书考课郎中","1","1","2"
"文吏三十人","1","1","2"
"黄石公三略","1","1","2"
"号玄处先生","1","1","2"
"诈作赵郡鹿","1","1","2"
"犹胜常山粟","1","1","2"
"秘书奏事中","1","1","2"
"书奏事中散","1","1","2"
"委军国机密","1","1","2"
"子安北将军","1","1","2"
"将马文恭率","1","1","2"
"中军四十余","1","1","2"
"周公握发吐","1","1","2"
"程天祚一介","1","1","2"
"天祚一介常","1","1","2"
"祚一介常人","1","1","2"
"程天祚兄弟","1","1","2"
"长兄荥阳太","1","1","2"
"兄荥阳太守","1","1","2"
"独清简皎然","1","1","2"
"立宗主督护","1","1","2"
"中书令郑羲","1","1","2"
"著作郎傅思","1","1","2"
"作郎傅思益","1","1","2"
"郎傅思益进","1","1","2"
"赐爵顺阳侯","1","1","2"
"文明太后所","1","1","2"
"甥阴始孙孤","1","1","2"
"议礼仪律令","1","1","2"
"荥阳郡开国","1","1","2"
"阳郡开国侯","1","1","2"
"独乘千里马","1","1","2"
"然后备文物","1","1","2"
"改封阳平郡","1","1","2"
"封阳平郡开","1","1","2"
"阳平郡开国","1","1","2"
"平郡开国侯","1","1","2"
"诏安南大将","1","1","2"
"南大将军元","1","1","2"
"大将军元英","1","1","2"
"将军刘藻讨","1","1","2"
"改封清渊县","1","1","2"
"封清渊县开","1","1","2"
"赠钱三十万","1","1","2"
"冲兄弟六人","1","1","2"
"建兴长公主","1","1","2"
"员外郎李丰","1","1","2"
"对楚称外臣","1","1","2"
"外都坐大官","1","1","2"
"平阳长公主","1","1","2"
"遣大将军率","1","1","2"
"陈家国灭亡","1","1","2"
"逢陛下厘校","1","1","2"
"高祖临经武","1","1","2"
"祖临经武殿","1","1","2"
"臣本朝沦丧","1","1","2"
"刺史曹虎诈","1","1","2"
"史曹虎诈降","1","1","2"
"彭城诸军事","1","1","2"
"正欲伐罪吊","2","0","2"
"欲伐罪吊民","2","0","2"
"临光极堂大","1","1","2"
"光极堂大选","1","1","2"
"二十一年四","1","1","2"
"十一年四月","1","1","2"
"直后刘灵运","1","1","2"
"后刘灵运等","1","1","2"
"改封鄱阳王","1","1","2"
"上下十余里","1","1","2"
"惠连等三人","1","1","2"
"戍主杜元伦","1","1","2"
"告扬州刺史","1","1","2"
"车马侍卫迎","1","1","2"
"人晓示情礼","1","1","2"
"见夏侯一族","1","1","2"
"景明三年闰","1","1","2"
"明三年闰四","1","1","2"
"三年闰四月","1","1","2"
"萧宝夤深识","1","1","2"
"主书刘桃符","1","1","2"
"遇暴风大雨","1","1","2"
"长史褚胄等","1","1","2"
"文荣等三人","1","1","2"
"门庭宾客若","1","1","2"
"庭宾客若市","1","1","2"
"正始元年三","1","1","2"
"始元年三月","1","1","2"
"寿春栖贤寺","1","1","2"
"封梁郡开国","2","0","2"
"虎贲五百人","1","1","2"
"英狼狈引退","1","1","2"
"克萧衍朐山","1","1","2"
"萧衍朐山戍","1","1","2"
"诏宝夤使持","2","0","2"
"必欲鞭尸吴","1","1","2"
"欲鞭尸吴墓","1","1","2"
"轻车将军刘","1","1","2"
"车将军刘智","1","1","2"
"将军刘智文","1","1","2"
"虎威将军刘","1","1","2"
"威将军刘延","1","1","2"
"将军刘延宗","1","1","2"
"军刘延宗率","1","1","2"
"将军王升明","1","1","2"
"北攻统军吕","1","1","2"
"攻统军吕叵","1","1","2"
"统军魏续年","1","1","2"
"军魏续年等","1","1","2"
"军主周恭叔","1","1","2"
"主周恭叔率","1","1","2"
"州刺史张豹","1","1","2"
"刺史张豹子","1","1","2"
"史张豹子等","1","1","2"
"张豹子等十","1","1","2"
"豹子等十一","1","1","2"
"东洛三州诸","1","1","2"
"洛三州诸军","1","1","2"
"齐建安王宝","1","1","2"
"亡兄长沙宣","1","1","2"
"兄长沙宣武","1","1","2"
"长沙宣武王","1","1","2"
"子晋屡动危","1","1","2"
"晋屡动危机","1","1","2"
"子屏侍送卿","1","1","2"
"屏侍送卿国","1","1","2"
"侍送卿国庙","1","1","2"
"主迁移数四","1","1","2"
"都督徐州东","1","1","2"
"督徐州东道","1","1","2"
"徐州东道诸","1","1","2"
"州东道诸军","1","1","2"
"扬州刺史长","1","1","2"
"史长孙稚大","1","1","2"
"长孙稚大破","1","1","2"
"秦州城人薛","1","1","2"
"州城人薛珍","1","1","2"
"第四子念生","1","1","2"
"四子念生窃","1","1","2"
"率所部东行","1","1","2"
"所部东行将","1","1","2"
"部东行将统","1","1","2"
"大都督西征","1","1","2"
"高平贼帅万","1","1","2"
"平贼帅万俟","1","1","2"
"天水人吕伯","1","1","2"
"水人吕伯度","1","1","2"
"人吕伯度兄","1","1","2"
"吕伯度兄弟","1","1","2"
"金城王莫折","1","1","2"
"城王莫折普","1","1","2"
"王莫折普贤","1","1","2"
"孝昌二年四","1","1","2"
"昌二年四月","1","1","2"
"处宝夤死罪","1","1","2"
"南豳四州诸","1","1","2"
"豳四州诸军","1","1","2"
"西讨大都督","1","1","2"
"常山王杜粲","1","1","2"
"山王杜粲所","1","1","2"
"王杜粲所杀","1","1","2"
"将郭子恢等","1","1","2"
"郭子恢等攻","1","1","2"
"诈收道元尸","1","1","2"
"行台张始荣","1","1","2"
"台张始荣围","1","1","2"
"华州刺史崔","1","1","2"
"州刺史崔袭","1","1","2"
"尚书仆射行","1","1","2"
"书仆射行台","1","1","2"
"仆射行台长","1","1","2"
"射行台长孙","1","1","2"
"台长孙稚讨","1","1","2"
"时北地人毛","1","1","2"
"北地人毛鸿","1","1","2"
"地人毛鸿宾","1","1","2"
"大将军卢祖","1","1","2"
"将军卢祖迁","1","1","2"
"阊阖门外都","1","1","2"
"阖门外都街","1","1","2"
"应诏王道习","1","1","2"
"庄帝问道习","1","1","2"
"赐爵安乐男","1","1","2"
"改爵新泰侯","1","1","2"
"明根风度清","1","1","2"
"根风度清干","1","1","2"
"布帛一千匹","1","1","2"
"赐绢五百匹","1","1","2"
"太官备送珍","1","1","2"
"内秘书侍御","1","1","2"
"秘书侍御中","1","1","2"
"书侍御中散","1","1","2"
"本州南安王","1","1","2"
"雍镇北府长","1","1","2"
"萧衍军主徐","1","1","2"
"衍军主徐玄","1","1","2"
"军主徐玄明","1","1","2"
"主徐玄明斩","1","1","2"
"正光元年八","1","1","2"
"光元年八月","1","1","2"
"文安县开国","1","1","2"
"青徐二州刺","1","1","2"
"徐二州刺史","1","1","2"
"刘子业青州","1","1","2"
"子业青州刺","1","1","2"
"业青州刺史","1","1","2"
"文秀建威府","1","1","2"
"秀建威府司","1","1","2"
"建威府司马","1","1","2"
"容白曜南讨","1","1","2"
"白曜南讨青","1","1","2"
"南部尚书李","1","1","2"
"部尚书李敷","1","1","2"
"尚书李敷妻","1","1","2"
"司徒崔浩弟","1","1","2"
"造三字石经","1","1","2"
"芳音义明辨","1","1","2"
"芳理义精通","1","1","2"
"徐州大中正","1","1","2"
"刺史沈陵外","1","1","2"
"史沈陵外叛","1","1","2"
"芳抚慰赈恤","1","1","2"
"立四门博士","1","1","2"
"十五里迎岁","1","1","2"
"建武二年正","1","1","2"
"武二年正月","1","1","2"
"雒阳城南七","1","1","2"
"阳城南七里","1","1","2"
"雒阳城北四","1","1","2"
"阳城北四里","1","1","2"
"姬旦创成洛","1","1","2"
"旦创成洛邑","1","1","2"
"太常少卿陆","1","1","2"
"公孙崇等十","1","1","2"
"人修理金石","1","1","2"
"请尚书仆射","1","1","2"
"尚书仆射高","1","1","2"
"书仆射高肇","1","1","2"
"绕系社树三","1","1","2"
"云太社惟松","2","0","2"
"芳沉雅方正","1","1","2"
"赐爵广平子","1","1","2"
"迁太子少傅","1","1","2"
"咸阳王同名","1","1","2"
"世祖灭赫连","1","1","2"
"祖灭赫连昌","1","1","2"
"赐爵南皮子","1","1","2"
"冀青二州中","1","1","2"
"青二州中正","1","1","2"
"赐爵建康子","1","1","2"
"州东郡吏获","1","1","2"
"圣朝创制上","1","1","2"
"朝创制上古","1","1","2"
"间世数久远","1","1","2"
"伏惟陛下先","1","1","2"
"惟陛下先天","1","1","2"
"陛下先天开","1","1","2"
"下先天开物","1","1","2"
"太皇太后淳","1","1","2"
"皇太后淳曜","1","1","2"
"时李彪专统","1","1","2"
"李彪专统著","1","1","2"
"彪专统著作","1","1","2"
"令五五相保","1","1","2"
"尚书仆射李","1","1","2"
"书仆射李冲","1","1","2"
"仆射李冲奏","1","1","2"
"遵上命曰灵","1","1","2"
"布帛八百匹","1","1","2"
"宋王刘昶南","1","1","2"
"王刘昶南镇","1","1","2"
"刘昶南镇彭","1","1","2"
"昶南镇彭城","1","1","2"
"假立义将军","1","1","2"
"天下善人少","1","1","2"
"散骑常侍赵","1","1","2"
"况三农要时","1","1","2"
"道武皇帝创","1","1","2"
"宋王刘昶府","1","1","2"
"仰观祖宗巍","1","1","2"
"观祖宗巍巍","1","1","2"
"员外郎崔逸","1","1","2"
"外郎崔逸等","1","1","2"
"显宗斐然成","1","1","2"
"宗斐然成章","1","1","2"
"贾生谪长沙","1","1","2"
"董儒诣临江","1","1","2"
"赐爵章武男","1","1","2"
"播本字元休","1","1","2"
"赐爵华阴子","1","1","2"
"御史王基所","1","1","2"
"蒙高祖赐改","1","1","2"
"改授中部曹","1","1","2"
"宫舆曹少卿","1","1","2"
"平原太守崔","1","1","2"
"原太守崔敞","1","1","2"
"太守崔敞所","1","1","2"
"守崔敞所讼","1","1","2"
"杨灵珍所破","1","1","2"
"都督西征诸","1","1","2"
"督西征诸军","1","1","2"
"西征诸军事","1","1","2"
"行梁州刺史","1","1","2"
"督征讨诸军","1","1","2"
"征讨诸军事","1","1","2"
"陈瞻等聚众","1","1","2"
"将军元丽讨","1","1","2"
"万余户降附","1","1","2"
"太中大夫王","1","1","2"
"中大夫王通","1","1","2"
"高平镇将郎","1","1","2"
"平镇将郎育","1","1","2"
"镇将郎育等","1","1","2"
"徐州城人成","1","1","2"
"州城人成景","1","1","2"
"怀朔三镇三","1","1","2"
"朔三镇三道","1","1","2"
"三镇三道诸","1","1","2"
"镇三道诸军","1","1","2"
"盗种牧田三","1","1","2"
"种牧田三百","1","1","2"
"牧田三百四","1","1","2"
"田三百四十","1","1","2"
"三百四十顷","1","1","2"
"入除都官尚","1","1","2"
"监修白沟堤","1","1","2"
"修白沟堤堰","1","1","2"
"食禄主帅军","1","1","2"
"百八十四人","1","1","2"
"时南秦州反","1","1","2"
"南秦州反叛","1","1","2"
"兄子录事参","1","1","2"
"子录事参军","1","1","2"
"节度关西诸","1","1","2"
"度关西诸将","1","1","2"
"宝夤邀害御","1","1","2"
"夤邀害御史","1","1","2"
"邀害御史中","1","1","2"
"害御史中尉","1","1","2"
"朱荣东讨葛","1","1","2"
"荣东讨葛荣","1","1","2"
"椿家世显重","1","1","2"
"椿携家避祸","1","1","2"
"城西张方桥","1","1","2"
"文明太后左","1","1","2"
"明太后左右","1","1","2"
"高祖中间传","1","1","2"
"祖中间传言","1","1","2"
"一旦位登侍","1","1","2"
"旦位登侍中","1","1","2"
"三十二州刺","1","1","2"
"十二州刺史","1","1","2"
"朱天光所害","1","1","2"
"相四州诸军","1","1","2"
"荥阳开封人","1","1","2"
"娶长乐潘氏","1","1","2"
"尚书李孝伯","1","1","2"
"中尚书元石","1","1","2"
"军东讨汝阴","1","1","2"
"汝阴太守张","1","1","2"
"阴太守张超","1","1","2"
"假宁朔将军","1","1","2"
"酸枣令郑伯","1","1","2"
"枣令郑伯孙","1","1","2"
"治中申灵度","1","1","2"
"平文皇后王","1","1","2"
"文皇后王氏","1","1","2"
"文成文明皇","1","1","2"
"成文明皇后","1","1","2"
"文明皇后冯","1","1","2"
"明皇后冯氏","1","1","2"
"孝文贞皇后","1","1","2"
"文贞皇后林","1","1","2"
"州左将军府","1","1","2"
"左将军府长","1","1","2"
"行济阴郡事","1","1","2"
"李神隽行荆","1","1","2"
"神隽行荆州","1","1","2"
"隽行荆州事","1","1","2"
"南主客郎中","1","1","2"
"四时气王休","1","1","2"
"时气王休杀","1","1","2"
"气王休杀吉","1","1","2"
"王休杀吉凶","1","1","2"
"金乡县开国","1","1","2"
"乡县开国伯","1","1","2"
"赐钱一万贯","1","1","2"
"赐爵九原公","1","1","2"
"治中房灵宾","1","1","2"
"中房灵宾督","1","1","2"
"房灵宾督清","1","1","2"
"灵宾督清河","1","1","2"
"成汤革命承","1","1","2"
"汤革命承天","1","1","2"
"赐爵新安侯","1","1","2"
"东平寿张人","1","1","2"
"良田十万余","1","1","2"
"田十万余顷","1","1","2"
"正武卫将军","1","1","2"
"假仪同三司","1","1","2"
"前锋大都督","1","1","2"
"愿陛下垂睿","1","1","2"
"陛下垂睿哲","1","1","2"
"戍主申纂诈","1","1","2"
"主申纂诈降","1","1","2"
"粟八十五万","1","1","2"
"八十五万斛","1","1","2"
"箭十八万八","1","1","2"
"十八万八千","1","1","2"
"刀二万二千","1","1","2"
"二万二千四","1","1","2"
"万二千四百","1","1","2"
"愿陛下扬日","1","1","2"
"陛下扬日月","1","1","2"
"博通经史天","1","1","2"
"通经史天文","1","1","2"
"经史天文术","1","1","2"
"史天文术数","1","1","2"
"然日昃忧勤","1","1","2"
"慕容夫人生","1","1","2"
"容夫人生乐","1","1","2"
"夫人生乐安","1","1","2"
"人生乐安宣","1","1","2"
"生乐安宣王","1","1","2"
"尹夫人生永","1","1","2"
"夫人生永昌","1","1","2"
"人生永昌庄","1","1","2"
"生永昌庄王","1","1","2"
"善歌者欲人","1","1","2"
"歌者欲人继","1","1","2"
"萧赜尚书左","1","1","2"
"赜尚书左仆","1","1","2"
"弁顿首辞谢","1","1","2"
"平西将军李","1","1","2"
"西将军李天","1","1","2"
"将军李天赐","1","1","2"
"晋寿太守王","1","1","2"
"寿太守王景","1","1","2"
"太守王景胤","1","1","2"
"守王景胤等","1","1","2"
"王景胤等拥","1","1","2"
"景胤等拥众","1","1","2"
"胤等拥众七","1","1","2"
"等拥众七千","1","1","2"
"终赠光禄大","1","1","2"
"尺牍文章见","1","1","2"
"牍文章见称","1","1","2"
"书考功郎中","1","1","2"
"获叔业伞扇","1","1","2"
"叔业伞扇鼓","1","1","2"
"业伞扇鼓幕","1","1","2"
"伞扇鼓幕甲","1","1","2"
"扇鼓幕甲仗","1","1","2"
"鼓幕甲仗万","1","1","2"
"幕甲仗万余","1","1","2"
"转梁州刺史","1","1","2"
"中山毋极人","1","1","2"
"太保甄邯后","1","1","2"
"本州征北府","1","1","2"
"州征北府长","1","1","2"
"征北府长史","1","1","2"
"本州阳平王","1","1","2"
"州阳平王颐","1","1","2"
"阳平王颐卫","1","1","2"
"平王颐卫军","1","1","2"
"王颐卫军府","1","1","2"
"颐卫军府长","1","1","2"
"卫军府长史","1","1","2"
"袁贵人生京","1","1","2"
"贵人生京兆","1","1","2"
"人生京兆王","1","1","2"
"七年七月癸","1","1","2"
"年七月癸丑","1","1","2"
"武京侯安原","1","1","2"
"京侯安原请","1","1","2"
"上谷沮阳人","1","1","2"
"愉录事参军","1","1","2"
"随慕容白曜","1","1","2"
"冯翊县开国","1","1","2"
"翊县开国侯","1","1","2"
"鲁郡侯元业","1","1","2"
"骁骑将军元","1","1","2"
"骑将军元超","1","1","2"
"阳平侯贺头","1","1","2"
"射声校尉元","1","1","2"
"声校尉元乐","1","1","2"
"校尉元乐平","1","1","2"
"代郡太守元","1","1","2"
"郡太守元珍","1","1","2"
"陵王思誉等","1","1","2"
"朔州刺史阳","1","1","2"
"州刺史阳平","1","1","2"
"刺史阳平王","1","1","2"
"官安东将军","1","1","2"
"尚书骑兵郎","1","1","2"
"青州征东司","1","1","2"
"州征东司马","1","1","2"
"上谷河内二","1","1","2"
"谷河内二郡","1","1","2"
"河内二郡太","1","1","2"
"内二郡太守","1","1","2"
"太子右卫率","1","1","2"
"南钜鹿太守","1","1","2"
"雍五州诸军","1","1","2"
"赐爵北平侯","1","1","2"
"叔孙建等讨","1","1","2"
"赐爵南平公","1","1","2"
"怀朔三镇诸","1","1","2"
"朔三镇诸军","1","1","2"
"赐爵成武侯","1","1","2"
"尚书都官郎","1","1","2"
"都督北部诸","1","1","2"
"督北部诸军","1","1","2"
"北部诸军事","1","1","2"
"殿中细拾队","1","1","2"
"宣穆刘皇后","1","1","2"
"穆刘皇后生","1","1","2"
"刘皇后生明","1","1","2"
"皇后生明元","1","1","2"
"后生明元皇","1","1","2"
"生明元皇帝","1","1","2"
"贺夫人生清","1","1","2"
"人生清河王","1","1","2"
"大王夫人生","1","1","2"
"王夫人生阳","1","1","2"
"夫人生阳平","1","1","2"
"人生阳平王","1","1","2"
"王夫人生河","1","1","2"
"夫人生河南","1","1","2"
"人生河南王","1","1","2"
"段夫人生广","1","1","2"
"夫人生广平","1","1","2"
"人生广平王","1","1","2"
"历谏议大夫","2","0","2"
"大丞相右长","1","1","2"
"丞相右长史","1","1","2"
"都督雍秦梁","1","1","2"
"督雍秦梁益","1","1","2"
"雍秦梁益四","1","1","2"
"秦梁益四州","1","1","2"
"太尉府行参","1","1","2"
"尉府行参军","1","1","2"
"抚冥镇都大","1","1","2"
"冥镇都大将","1","1","2"
"怀荒三镇诸","1","1","2"
"荒三镇诸军","1","1","2"
"柔玄镇大将","1","1","2"
"眄楚悼灵均","1","1","2"
"内都坐大官","1","1","2"
"见武兴王杨","1","1","2"
"齐郡开国公","1","1","2"
"攻小城小戍","1","1","2"
"朝廷喜伯度","1","1","2"
"廷喜伯度立","1","1","2"
"喜伯度立义","1","1","2"
"平秦郡开国","1","1","2"
"秦郡开国公","1","1","2"
"大都督元修","1","1","2"
"都督元修义","1","1","2"
"冯跋假广平","1","1","2"
"跋假广平太","1","1","2"
"假广平太守","1","1","2"
"典命中大夫","1","1","2"
"高祖南征宛","1","1","2"
"周礼·大司","1","1","2"
"礼·大司乐","1","1","2"
"芳撰郑玄所","1","1","2"
"撰郑玄所注","1","1","2"
"徐州人地录","1","1","2"
"急就篇续注","1","1","2"
"就篇续注音","1","1","2"
"篇续注音义","1","1","2"
"续注音义证","1","1","2"
"毛诗笺音义","1","1","2"
"诗笺音义证","1","1","2"
"崔浩共参著","1","1","2"
"浩共参著作","1","1","2"
"典属国下大","1","1","2"
"属国下大夫","1","1","2"
"右军府长史","1","1","2"
"清河二郡太","1","1","2"
"河二郡太守","1","1","2"
"治黑山道余","1","1","2"
"黑山道余功","1","1","2"
"伐木私造佛","1","1","2"
"木私造佛寺","1","1","2"
"除都督雍南","1","1","2"
"都督雍南豳","1","1","2"
"督雍南豳二","1","1","2"
"雍南豳二州","1","1","2"
"南豳二州诸","1","1","2"
"豳二州诸军","1","1","2"
"南豳三州诸","1","1","2"
"豳三州诸军","1","1","2"
"讨蜀大都督","1","1","2"
"阳武人田智","1","1","2"
"武人田智度","1","1","2"
"尚书奏谥曰","1","1","2"
"书奏谥曰宣","1","1","2"
"直士犹立荒","1","1","2"
"士犹立荒公","1","1","2"
"乐安博昌人","1","1","2"
"阳夏雍丘人","1","1","2"
"荥阳阳武人","1","1","2"
"清河绎幕人","1","1","2"
"求先攻赭阳","1","1","2"
"书侍御史臣","1","1","2"
"侍御史臣郦","1","1","2"
"御史臣郦道","1","1","2"
"史臣郦道元","1","1","2"
"忠臣烈士效","1","1","2"
"臣烈士效节","1","1","2"
"广平易阳人","1","1","2"
"垣公垣公著","1","1","2"
"见南方国主","1","1","2"
"永兴二年六","1","1","2"
"二年六月二","1","1","2"
"年六月二十","1","1","2"
"六月二十四","1","1","2"
"傅清河王等","1","1","2"
"先君忠秦室","2","0","2"
"翼岂先叛乎","2","0","2"
"独州治仅存","1","1","2"
"司空文穆公","1","1","2"
"博陵安平人","1","1","2"
"上了十多次","0","2","2"
"出兵留下的","0","2","2"
"留下的计策","0","2","2"
"有的说应该","0","2","2"
"皇帝于是向","0","2","2"
"跟随前往邺","0","2","2"
"就是说的这","0","2","2"
"征召他赶赴","0","2","2"
"勇猛的兵士","0","2","2"
"是最重要的","0","2","2"
"的人憎恨他","0","2","2"
"不要表面顺","0","2","2"
"要表面顺从","0","2","2"
"有什么遗憾","0","2","2"
"在汝水颖水","0","2","2"
"五种伦理道","0","2","2"
"种伦理道德","0","2","2"
"就乘其不备","0","2","2"
"把我的意思","0","2","2"
"如此地受到","0","2","2"
"尔朱荣的亲","0","2","2"
"年轻时喜欢","0","2","2"
"有这样多的","0","2","2"
"都没有找到","0","2","2"
"玉珠放入他","0","2","2"
"珠放入他的","0","2","2"
"善始善终的","0","2","2"
"在这片土地","0","2","2"
"这片土地上","0","2","2"
"土地上耕种","0","2","2"
"确实是这样","0","2","2"
"能攻克吗?","0","2","2"
"的是精美的","0","2","2"
"犯了死罪的","0","2","2"
"了死罪的人","0","2","2"
"到他的府上","0","2","2"
"他掌管吏部","0","2","2"
"掌管吏部和","0","2","2"
"管吏部和御","0","2","2"
"吏部和御史","0","2","2"
"部和御史台","0","2","2"
"不能制服他","0","2","2"
"领先头部队","0","2","2"
"治理天下的","0","2","2"
"亲尸体去接","0","2","2"
"尸体去接近","0","2","2"
"地使用刑罚","0","2","2"
"因为自己被","0","2","2"
"的忠诚之心","0","2","2"
"法律的规定","0","2","2"
"所犯的过失","0","2","2"
"对侯刚处以","0","2","2"
"侯刚处以死","0","2","2"
"刚处以死刑","0","2","2"
"一段时间才","0","2","2"
"终究不能把","0","2","2"
"过了一夜就","0","2","2"
"任防城都督","0","2","2"
"任录事参军","0","2","2"
"元叉的旨意","0","2","2"
"官回家侍奉","0","2","2"
"加害沙漠汗","0","2","2"
"受了卫馞的","0","2","2"
"了卫馞的贿","0","2","2"
"卫馞的贿赂","0","2","2"
"都同意这种","0","2","2"
"同意这种看","0","2","2"
"意这种看法","0","2","2"
"拓跋力微对","0","2","2"
"宠爱日益加","0","2","2"
"爱日益加深","0","2","2"
"拓跋力微年","0","2","2"
"帝派使臣前","0","2","2"
"派使臣前往","0","2","2"
"国计民生的","0","2","2"
"治教化方面","0","2","2"
"教化方面的","0","2","2"
"遗旨与本朝","0","2","2"
"旨与本朝旧","0","2","2"
"采纳群臣的","0","2","2"
"规定的期限","0","2","2"
"是朕一人的","0","2","2"
"巡视首都地","0","2","2"
"视首都地区","0","2","2"
"行政长官的","0","2","2"
"定在每个季","0","2","2"
"在西郊祭天","0","2","2"
"在南郊举行","0","2","2"
"这便形成为","0","2","2"
"的头等大事","0","2","2"
"审定法律条","0","2","2"
"定法律条款","0","2","2"
"无依无靠的","0","2","2"
"依无靠的人","0","2","2"
"给谷子五斛","0","2","2"
"孝文帝在平","0","2","2"
"三次考核之","0","2","2"
"次考核之后","0","2","2"
"列祖列宗的","0","2","2"
"文帝抵达邺","0","2","2"
"帝抵达邺城","0","2","2"
"旧都平城的","0","2","2"
"沿淮河向东","0","2","2"
"将其姓名上","0","2","2"
"其姓名上报","0","2","2"
"姓名上报朝","0","2","2"
"名上报朝廷","0","2","2"
"的杰出人才","0","2","2"
"守满三年的","0","2","2"
"满三年的孝","0","2","2"
"孝文帝在华","0","2","2"
"文帝在华林","0","2","2"
"退休的卿大","0","2","2"
"休的卿大夫","0","2","2"
"老年知识分","0","2","2"
"年知识分子","0","2","2"
"孝文帝在方","0","2","2"
"文帝在方泽","0","2","2"
"帝在方泽举","0","2","2"
"在方泽举行","0","2","2"
"方泽举行祭","0","2","2"
"泽举行祭祀","0","2","2"
"被判处流放","0","2","2"
"免征十五年","0","2","2"
"征十五年的","0","2","2"
"十五年的田","0","2","2"
"五年的田租","0","2","2"
"的军用物资","0","2","2"
"都没有怨恨","0","2","2"
"人和睦相处","0","2","2"
"他们的情况","0","2","2"
"发挥他们的","0","2","2"
"难以做到的","0","2","2"
"的英雄豪杰","0","2","2"
"能不谨慎吗","0","2","2"
"把缴获的战","0","2","2"
"缴获的战利","0","2","2"
"获的战利品","0","2","2"
"给从征的将","0","2","2"
"们都知道此","0","2","2"
"与卢玄等人","0","2","2"
"郊举行阅兵","0","2","2"
"太后不听从","0","2","2"
"兼领中书监","0","2","2"
"调任使持节","0","2","2"
"率领部众五","0","2","2"
"领部众五千","0","2","2"
"部众五千人","0","2","2"
"追赠安北将","0","2","2"
"封为高唐县","0","2","2"
"为高唐县开","0","2","2"
"封为长广王","0","2","2"
"任命为征西","0","2","2"
"命为征西大","0","2","2"
"他为外都大","0","2","2"
"庄帝杀死尔","0","2","2"
"帝杀死尔朱","0","2","2"
"死尔朱荣后","0","2","2"
"显恭为使持","0","2","2"
"恭为使持节","0","2","2"
"永熙二年逝","0","2","2"
"熙二年逝世","0","2","2"
"当时中书博","0","2","2"
"荐他为博士","0","2","2"
"又以本官兼","0","2","2"
"兼中书舍人","0","2","2"
"除任龙骧将","0","2","2"
"入萧衍政权","0","2","2"
"萧衍派其豫","0","2","2"
"衍派其豫章","0","2","2"
"派其豫章王","0","2","2"
"其豫章王萧","0","2","2"
"号为平北将","0","2","2"
"除授车骑将","0","2","2"
"出任平东将","0","2","2"
"授国子祭酒","0","2","2"
"广陵惠王元","0","2","2"
"陵惠王元羽","0","2","2"
"加授卫大将","0","2","2"
"任命元干为","0","2","2"
"命元干为使","0","2","2"
"元干为使持","0","2","2"
"干为使持节","0","2","2"
"封为魏郡王","0","2","2"
"改任宗正卿","0","2","2"
"元劭为无上","0","2","2"
"劭为无上王","0","2","2"
"追赠他为使","0","2","2"
"任城王元云","0","2","2"
"兼任尚书行","0","2","2"
"任尚书行台","0","2","2"
"追赠为尚书","0","2","2"
"年被追赠为","0","2","2"
"谧号为武康","0","2","2"
"任薄骨律镇","0","2","2"
"任沃野镇长","0","2","2"
"特追赠为使","0","2","2"
"任太子中舍","0","2","2"
"年为中书学","0","2","2"
"任立忠将军","0","2","2"
"例降爵为侯","0","2","2"
"加授陈兵将","0","2","2"
"授陈兵将军","0","2","2"
"领仪曹尚书","0","2","2"
"任显武将军","0","2","2"
"改任治书侍","0","2","2"
"加授威远将","0","2","2"
"授威远将军","0","2","2"
"年六十一岁","0","2","2"
"又授任他为","0","2","2"
"他为散骑侍","0","2","2"
"任幽州刺史","0","2","2"
"追赠为宁朔","0","2","2"
"赠为宁朔将","0","2","2"
"任太子洗马","0","2","2"
"出任龙骧将","0","2","2"
"历任给事中","0","2","2"
"司空从事中","0","2","2"
"空从事中郎","0","2","2"
"任司徒司马","0","2","2"
"追赠为左将","0","2","2"
"赠为左将军","0","2","2"
"授光禄大夫","0","2","2"
"追赠为征北","0","2","2"
"任司马昌明","0","2","2"
"司马昌明的","0","2","2"
"赐给衣冠服","0","2","2"
"给衣冠服物","0","2","2"
"服物车旗之","0","2","2"
"物车旗之饰","0","2","2"
"萧衍的梁州","0","2","2"
"衍的梁州刺","0","2","2"
"了其徐州刺","0","2","2"
"其徐州刺史","0","2","2"
"州刺史桓和","0","2","2"
"改封为东平","0","2","2"
"封为东平王","0","2","2"
"朝廷不准许","0","2","2"
"广阳王元建","0","2","2"
"君三年封为","0","2","2"
"封为广阳王","0","2","2"
"解除义阳之","0","2","2"
"任抚军大将","0","2","2"
"赐给骅骝马","0","2","2"
"除授安西将","0","2","2"
"除任使持节","0","2","2"
"等到前废帝","0","2","2"
"前废帝登基","0","2","2"
"他为抚军将","0","2","2"
"加授开府仪","0","2","2"
"授开府仪同","0","2","2"
"为沧州刺史","0","2","2"
"任领民酋长","0","2","2"
"第一领民酋","0","2","2"
"一领民酋长","0","2","2"
"迁任骠骑大","0","2","2"
"一个儿子不","0","2","2"
"加授前军将","0","2","2"
"授前军将军","0","2","2"
"朝廷加授其","0","2","2"
"廷加授其为","0","2","2"
"为中书舍人","0","2","2"
"转任镇东将","0","2","2"
"任镇东将军","0","2","2"
"不久加授骠","0","2","2"
"久加授骠骑","0","2","2"
"除授抚军将","0","2","2"
"授领军将军","0","2","2"
"除授骠骑大","0","2","2"
"莱王贵平为","0","2","2"
"侯渊为骠骑","0","2","2"
"渊为骠骑大","0","2","2"
"慕容俊派使","0","2","2"
"容俊派使朝","0","2","2"
"俊派使朝贡","0","2","2"
"建国二十八","0","2","2"
"国二十八年","0","2","2"
"太后为太皇","0","2","2"
"后为太皇太","0","2","2"
"有罪被赐死","0","2","2"
"改封为赵郡","0","2","2"
"孙阿六头出","0","2","2"
"阿六头出使","0","2","2"
"海王元详为","0","2","2"
"王肃为尚书","0","2","2"
"肃为尚书令","0","2","2"
"元嘉为尚书","0","2","2"
"嘉为尚书左","0","2","2"
"城王元澄等","0","2","2"
"年号为永兴","0","2","2"
"马德宗的齐","0","2","2"
"德宗的齐郡","0","2","2"
"宗的齐郡太","0","2","2"
"的齐郡太守","0","2","2"
"诏令叔孙建","0","2","2"
"僭越称皇帝","0","2","2"
"阳王元雍进","0","2","2"
"王元雍进位","0","2","2"
"元雍进位太","0","2","2"
"王元怿为司","0","2","2"
"平王元怀为","0","2","2"
"王元澄为司","0","2","2"
"萧宝夤为镇","0","2","2"
"宝夤为镇东","0","2","2"
"夤为镇东将","0","2","2"
"公胡国珍为","0","2","2"
"匿伐前来投","0","2","2"
"伐前来投奔","0","2","2"
"前来投奔怀","0","2","2"
"来投奔怀朔","0","2","2"
"投奔怀朔镇","0","2","2"
"拔陵聚众造","0","2","2"
"陵聚众造反","0","2","2"
"杀死刺史崔","0","2","2"
"恢复仪同三","0","2","2"
"元叉为骠骑","0","2","2"
"叉为骠骑大","0","2","2"
"督河间王元","0","2","2"
"虔出使慕容","0","2","2"
"命东平公元","0","2","2"
"姚兴的征虏","0","2","2"
"兴的征虏将","0","2","2"
"四品将军以","0","2","2"
"品将军以上","0","2","2"
"诏令散骑常","0","2","2"
"令散骑常侍","0","2","2"
"加授征北大","0","2","2"
"授征北大将","0","2","2"
"的秦州刺史","0","2","2"
"军资器械不","0","2","2"
"资器械不可","0","2","2"
"器械不可胜","0","2","2"
"械不可胜数","0","2","2"
"任命前太尉","0","2","2"
"命前太尉公","0","2","2"
"公长孙稚为","0","2","2"
"改封为冯翊","0","2","2"
"封为东海王","0","2","2"
"担任大都督","0","2","2"
"授大将军尔","0","2","2"
"军尔朱荣为","0","2","2"
"任命前司空","0","2","2"
"元徽为太保","0","2","2"
"兖三州诸军","0","2","2"
"柱大将军尔","0","2","2"
"从晋阳前来","0","2","2"
"晋阳前来朝","0","2","2"
"阳前来朝见","0","2","2"
"国公尔朱天","0","2","2"
"公尔朱天光","0","2","2"
"月癸卯初一","0","2","2"
"任命中军将","0","2","2"
"命中军将军","0","2","2"
"任命右卫将","0","2","2"
"命右卫将军","0","2","2"
"为东征都督","0","2","2"
"乐平王尔朱","0","2","2"
"平王尔朱世","0","2","2"
"王尔朱世隆","0","2","2"
"常山王尔朱","0","2","2"
"山王尔朱度","0","2","2"
"王尔朱度律","0","2","2"
"元晔为束海","0","2","2"
"晔为束海王","0","2","2"
"封为勃海王","0","2","2"
"封邑五百户","0","2","2"
"尔朱世隆担","0","2","2"
"朱世隆担任","0","2","2"
"侯莫陈悦为","0","2","2"
"悦为仪同三","0","2","2"
"增加食邑三","0","2","2"
"北大使高干","0","2","2"
"大使高干邕","0","2","2"
"高干邕为侍","0","2","2"
"干邕为侍中","0","2","2"
"景为骠骑大","0","2","2"
"南阳王实炬","0","2","2"
"炬担任太尉","0","2","2"
"担任太尉公","0","2","2"
"司马子如为","0","2","2"
"任命卫大将","0","2","2"
"食邑为三千","0","2","2"
"邑为三千户","0","2","2"
"和元年春正","0","2","2"
"落前来投降","0","2","2"
"降为骠骑大","0","2","2"
"派遣中书舍","0","2","2"
"文襄王为使","0","2","2"
"襄王为使持","0","2","2"
"元坦为太傅","0","2","2"
"令齐王担任","0","2","2"
"州以及西域","0","2","2"
"以及西域羌","0","2","2"
"及西域羌戎","0","2","2"
"王拓跋崇率","0","2","2"
"拓跋崇率二","0","2","2"
"跋崇率二万","0","2","2"
"崇率二万人","0","2","2"
"亲的记载都","0","2","2"
"的记载都缺","0","2","2"
"记载都缺略","0","2","2"
"屡经升迁为","0","2","2"
"的克敌谋略","0","2","2"
"遇母亲去世","0","2","2"
"诏令派遣侍","0","2","2"
"元颐为首领","0","2","2"
"把情况上报","0","2","2"
"穆泰等人受","0","2","2"
"泰等人受死","0","2","2"
"等人受死刑","0","2","2"
"州刺史时逝","0","2","2"
"刺史时逝世","0","2","2"
"谧号为庄王","0","2","2"
"爵位为广陵","0","2","2"
"担任梁州刺","0","2","2"
"任梁州刺史","0","2","2"
"可以说是不","0","2","2"
"奏疏请求免","0","2","2"
"余留的尊严","0","2","2"
"留的尊严所","0","2","2"
"的尊严所压","0","2","2"
"尊严所压抑","0","2","2"
"谧号为康侯","0","2","2"
"到尔朱兆进","0","2","2"
"当时的人称","0","2","2"
"丽的妻子崔","0","2","2"
"不久授任司","0","2","2"
"授任司州牧","0","2","2"
"轻时喜爱学","0","2","2"
"时喜爱学习","0","2","2"
"很早有好名","0","2","2"
"早有好名声","0","2","2"
"的人轻视他","0","2","2"
"一定是这个","0","2","2"
"定是这个人","0","2","2"
"善于安抚接","0","2","2"
"于安抚接纳","0","2","2"
"秦州雍州的","0","2","2"
"显祖将要惮","0","2","2"
"祖将要惮让","0","2","2"
"在途中逝世","0","2","2"
"被任命为长","0","2","2"
"任命为长安","0","2","2"
"命为长安镇","0","2","2"
"为长安镇都","0","2","2"
"恢复先前的","0","2","2"
"复先前的爵","0","2","2"
"先前的爵位","0","2","2"
"任命为统万","0","2","2"
"他开玩笑说","0","2","2"
"十二年去世","0","2","2"
"性格清廉节","0","2","2"
"格清廉节俭","0","2","2"
"家中没有多","0","2","2"
"中没有多余","0","2","2"
"没有多余的","0","2","2"
"有多余的财","0","2","2"
"多余的财产","0","2","2"
"齐献武王打","0","2","2"
"妻子儿女而","0","2","2"
"授任他为南","0","2","2"
"调任秦州刺","0","2","2"
"活下来的仅","0","2","2"
"下来的仅十","0","2","2"
"调任冀州刺","0","2","2"
"肃宗命令有","0","2","2"
"宗命令有关","0","2","2"
"杀害官吏民","0","2","2"
"害官吏民众","0","2","2"
"下韶任命元","0","2","2"
"步兵骑兵十","0","2","2"
"兵骑兵十万","0","2","2"
"人去讨伐他","0","2","2"
"派遣辅国将","0","2","2"
"等人率领骑","0","2","2"
"人率领骑兵","0","2","2"
"领骑兵追赶","0","2","2"
"而治理天下","0","2","2"
"不可改变的","0","2","2"
"臣下实在不","0","2","2"
"奏请求改名","0","2","2"
"有武艺谋略","0","2","2"
"库莫奚侵犯","0","2","2"
"追赠大将军","0","2","2"
"谧号为惠公","0","2","2"
"担任开府仪","0","2","2"
"应继承先人","0","2","2"
"弃世间事务","0","2","2"
"文襄王曾经","0","2","2"
"担任太中大","0","2","2"
"因贪污被赐","0","2","2"
"贪污被赐令","0","2","2"
"污被赐令自","0","2","2"
"被削除爵位","0","2","2"
"准许继承封","0","2","2"
"许继承封爵","0","2","2"
"州中贪婪暴","0","2","2"
"有什么消息","0","2","2"
"调任光禄勋","0","2","2"
"主簿吕苟儿","0","2","2"
"簿吕苟儿为","0","2","2"
"率领部众十","0","2","2"
"部众十多万","0","2","2"
"众十多万人","0","2","2"
"十多万人驻","0","2","2"
"多万人驻守","0","2","2"
"在孤山打败","0","2","2"
"的人相继归","0","2","2"
"人相继归附","0","2","2"
"王公三十多","0","2","2"
"公三十多人","0","2","2"
"有关官员不","0","2","2"
"杀佛教徒二","0","2","2"
"佛教徒二百","0","2","2"
"他为秦州刺","0","2","2"
"给事中罗云","0","2","2"
"统领各军讨","0","2","2"
"因贪婪残暴","0","2","2"
"出兵讨伐他","0","2","2"
"士逐渐升任","0","2","2"
"授任光禄大","0","2","2"
"在河阴被杀","0","2","2"
"河阴被杀害","0","2","2"
"保卫国家的","0","2","2"
"上奏疏陈述","0","2","2"
"请求宽恕他","0","2","2"
"迁任吏部尚","0","2","2"
"为兼尚书右","0","2","2"
"性格贪婪暴","0","2","2"
"皇帝对他说","0","2","2"
"人都佩服他","0","2","2"
"他的忠诚正","0","2","2"
"为肆州刺史","0","2","2"
"谨慎整饬自","0","2","2"
"慎整饬自己","0","2","2"
"任大宗正卿","0","2","2"
"政事委托给","0","2","2"
"元匡和高肇","0","2","2"
"明统御天下","0","2","2"
"因公孙崇造","0","2","2"
"公孙崇造作","0","2","2"
"公孙崇的尺","0","2","2"
"当时尚书令","0","2","2"
"尚书令臣高","0","2","2"
"书令臣高肇","0","2","2"
"元匡上奏说","0","2","2"
"当时议论的","0","2","2"
"时议论的人","0","2","2"
"行已经很久","0","2","2"
"有指鹿为马","0","2","2"
"这难道不是","0","2","2"
"要自己谋取","0","2","2"
"自己谋取名","0","2","2"
"己谋取名声","0","2","2"
"是出纳王命","0","2","2"
"为什么沉默","0","2","2"
"他所裁定的","0","2","2"
"人才济济的","0","2","2"
"官员上奏元","0","2","2"
"宽恕他的死","0","2","2"
"恕他的死罪","0","2","2"
"皇帝在东堂","0","2","2"
"在东堂接见","0","2","2"
"议论的时候","0","2","2"
"他为安南将","0","2","2"
"加授镇束将","0","2","2"
"授镇束将军","0","2","2"
"是宗室中的","0","2","2"
"王元雍等人","0","2","2"
"超越前代帝","0","2","2"
"越前代帝王","0","2","2"
"情难以改变","0","2","2"
"下诏依从他","0","2","2"
"依从他们的","0","2","2"
"他们的建议","0","2","2"
"令交付八座","0","2","2"
"交付八座商","0","2","2"
"付八座商议","0","2","2"
"授任他为平","0","2","2"
"为平州刺史","0","2","2"
"改封为济南","0","2","2"
"封为济南王","0","2","2"
"命他为都督","0","2","2"
"是嫡系子孙","0","2","2"
"明的德行早","0","2","2"
"应该继承大","0","2","2"
"希望深入思","0","2","2"
"望深入思考","0","2","2"
"后来蠕蠕侵","0","2","2"
"来蠕蠕侵犯","0","2","2"
"祖讨伐他们","0","2","2"
"在大沙漠中","0","2","2"
"都督徐兖二","0","2","2"
"督徐兖二州","0","2","2"
"求解除职务","0","2","2"
"显祖不准许","0","2","2"
"民众的欢心","0","2","2"
"祖听说后嘉","0","2","2"
"赐给帛一千","0","2","2"
"给帛一千匹","0","2","2"
"出任冀州刺","0","2","2"
"仍任本号将","0","2","2"
"帝亲自前去","0","2","2"
"本来的官职","0","2","2"
"中的金陵陪","0","2","2"
"的金陵陪葬","0","2","2"
"年轻时爱好","0","2","2"
"丧以孝顺闻","0","2","2"
"元澄为使持","0","2","2"
"澄为使持节","0","2","2"
"诸军事去讨","0","2","2"
"军事去讨伐","0","2","2"
"事去讨伐他","0","2","2"
"蠕蠕军逃走","0","2","2"
"文明太后接","0","2","2"
"明太后接见","0","2","2"
"氐人头领杨","0","2","2"
"而任用他们","0","2","2"
"来表彰他的","0","2","2"
"表彰他的才","0","2","2"
"彰他的才能","0","2","2"
"十分有声誉","0","2","2"
"在皇信堂接","0","2","2"
"皇信堂接见","0","2","2"
"诏令元澄说","0","2","2"
"元澄回答说","0","2","2"
"以四海为家","0","2","2"
"不是任城王","0","2","2"
"任城王不能","0","2","2"
"改任尚书令","0","2","2"
"魏国的任城","0","2","2"
"国的任城王","0","2","2"
"用家人的礼","0","2","2"
"家人的礼仪","0","2","2"
"谈自己的志","0","2","2"
"向南征伐的","0","2","2"
"殷汤周武王","0","2","2"
"顺应上天民","0","2","2"
"应上天民众","0","2","2"
"群臣没有人","0","2","2"
"臣没有人敢","0","2","2"
"是改朝换代","0","2","2"
"是国家的臣","0","2","2"
"谈自己的心","0","2","2"
"我的大计划","0","2","2"
"次大举出兵","0","2","2"
"北方人留恋","0","2","2"
"不是平常的","0","2","2"
"在陛下心中","0","2","2"
"又能怎么样","0","2","2"
"可要努力啊","0","2","2"
"要努力啊!","0","2","2"
"高祖非常高","0","2","2"
"祖非常高兴","0","2","2"
"非常高兴地","0","2","2"
"常高兴地说","0","2","2"
"任他为吏部","0","2","2"
"他为吏部尚","0","2","2"
"他们的优劣","0","2","2"
"命令他兼任","0","2","2"
"兼任右仆射","0","2","2"
"天夜晚梦见","0","2","2"
"梦见一个老","0","2","2"
"见一个老头","0","2","2"
"奇怪地问他","0","2","2"
"分别调遣各","0","2","2"
"别调遣各将","0","2","2"
"调遣各将领","0","2","2"
"是不真实的","0","2","2"
"他们归附是","0","2","2"
"利用他们的","0","2","2"
"有什么损害","0","2","2"
"投降的消息","0","2","2"
"他们的使者","0","2","2"
"迁移的民众","0","2","2"
"等到他们攻","0","2","2"
"赞同他的意","0","2","2"
"同他的意见","0","2","2"
"任城王可以","0","2","2"
"城王可以说","0","2","2"
"王可以说是","0","2","2"
"臣下等人在","0","2","2"
"是依据什么","0","2","2"
"依职责行事","0","2","2"
"又对穆亮说","0","2","2"
"征伐到悬瓠","0","2","2"
"那样的君主","0","2","2"
"点燃灯烛而","0","2","2"
"燃灯烛而告","0","2","2"
"灯烛而告辞","0","2","2"
"获罪免除官","0","2","2"
"罪免除官职","0","2","2"
"推举朔州刺","0","2","2"
"举朔州刺史","0","2","2"
"平王元颐为","0","2","2"
"既是国家大","0","2","2"
"有远大的谋","0","2","2"
"任城王这次","0","2","2"
"城王这次出","0","2","2"
"王这次出兵","0","2","2"
"在夜晚报告","0","2","2"
"元澄听说后","0","2","2"
"他的所作所","0","2","2"
"派遣治书侍","0","2","2"
"说是国家的","0","2","2"
"臣下有什么","0","2","2"
"人无不感叹","0","2","2"
"回头对左右","0","2","2"
"头对左右的","0","2","2"
"使诉讼不发","0","2","2"
"诉讼不发生","0","2","2"
"恐怕不是平","0","2","2"
"元澄上奏请","0","2","2"
"高祖前往邺","0","2","2"
"亲自讨伐他","0","2","2"
"尚书为什么","0","2","2"
"选拔有才能","0","2","2"
"拔有才能的","0","2","2"
"不久授任元","0","2","2"
"为尚书右仆","0","2","2"
"萧宝卷派遣","0","2","2"
"宝卷派遣他","0","2","2"
"卷派遣他的","0","2","2"
"遣他的太尉","0","2","2"
"他的太尉陈","0","2","2"
"的太尉陈显","0","2","2"
"尉陈显达进","0","2","2"
"陈显达进犯","0","2","2"
"不能消灭这","0","2","2"
"受遣诏辅政","0","2","2"
"不久外出任","0","2","2"
"母亲年老为","0","2","2"
"亲年老为由","0","2","2"
"任他为安西","0","2","2"
"授任他为都","0","2","2"
"任他为都督","0","2","2"
"为都督淮南","0","2","2"
"求解除州职","0","2","2"
"压下来不回","0","2","2"
"下来不回答","0","2","2"
"加授他为散","0","2","2"
"在恒山代京","0","2","2"
"圣明的谋略","0","2","2"
"太平的时代","0","2","2"
"四门的教化","0","2","2"
"元澄又上奏","0","2","2"
"衍的将领张","0","2","2"
"的将领张嚣","0","2","2"
"将领张嚣之","0","2","2"
"派遣长风戍","0","2","2"
"奇道显攻打","0","2","2"
"道显攻打萧","0","2","2"
"显攻打萧衍","0","2","2"
"打萧衍的阴","0","2","2"
"萧衍的阴山","0","2","2"
"衍的阴山戍","0","2","2"
"又打败他们","0","2","2"
"水以南的土","0","2","2"
"以南的土地","0","2","2"
"没有什么可","0","2","2"
"为江州刺史","0","2","2"
"城地势险要","0","2","2"
"于是派遣统","0","2","2"
"是派遣统军","0","2","2"
"元澄派遣统","0","2","2"
"澄派遣统军","0","2","2"
"世宗诏令元","0","2","2"
"偷袭占据画","0","2","2"
"袭占据画画","0","2","2"
"出击赶走了","0","2","2"
"于是攻打钟","0","2","2"
"是攻打钟离","0","2","2"
"世宗又下诏","0","2","2"
"刘思祖等人","0","2","2"
"接连上奏请","0","2","2"
"哀伤过度而","0","2","2"
"伤过度而消","0","2","2"
"过度而消瘦","0","2","2"
"当时人称赞","0","2","2"
"澄为尚书令","0","2","2"
"不久升任司","0","2","2"
"久升任司空","0","2","2"
"兼领尚书令","0","2","2"
"执掌事务的","0","2","2"
"的接连不断","0","2","2"
"州刺史召入","0","2","2"
"刺史召入任","0","2","2"
"入任太尉长","0","2","2"
"召入任宗正","0","2","2"
"入任宗正卿","0","2","2"
"荣耀于当时","0","2","2"
"没有固定的","0","2","2"
"在九泉之下","0","2","2"
"按道理应该","0","2","2"
"是有关官员","0","2","2"
"从前的诏书","0","2","2"
"一年不超过","0","2","2"
"年不超过三","0","2","2"
"是治理民众","0","2","2"
"民众的官吏","0","2","2"
"亲近贤明的","0","2","2"
"下愚蠢的见","0","2","2"
"愚蠢的见解","0","2","2"
"萧衍在浮山","0","2","2"
"镇将的选拔","0","2","2"
"多不是合适","0","2","2"
"不是合适人","0","2","2"
"是合适人选","0","2","2"
"有职位的人","0","2","2"
"元恽上奏疏","0","2","2"
"产生的原因","0","2","2"
"的地方没有","0","2","2"
"自从远古以","0","2","2"
"从远古以来","0","2","2"
"死者的灵魂","0","2","2"
"诏令听从他","0","2","2"
"令听从他的","0","2","2"
"楼阁之间的","0","2","2"
"法令越分明","0","2","2"
"盗贼反倒越","0","2","2"
"贼反倒越多","0","2","2"
"记载了他们","0","2","2"
"圣人的教化","0","2","2"
"臣下的愚蠢","0","2","2"
"下的愚蠢见","0","2","2"
"的愚蠢见解","0","2","2"
"惭愧地返回","0","2","2"
"升为司徒公","0","2","2"
"天下的君主","0","2","2"
"然而近年以","0","2","2"
"而近年以来","0","2","2"
"明堂和辟雍","0","2","2"
"的军队到来","0","2","2"
"没有意外的","0","2","2"
"赏赐左右的","0","2","2"
"赐左右的人","0","2","2"
"年五十三岁","0","2","2"
"灵太后亲自","0","2","2"
"太后亲自送","0","2","2"
"伤感动左右","0","2","2"
"感动左右的","0","2","2"
"动左右的人","0","2","2"
"没有见到什","0","2","2"
"有见到什么","0","2","2"
"打了他几十","0","2","2"
"年二十五岁","0","2","2"
"他为给事黄","0","2","2"
"你为什么不","0","2","2"
"朝廷的事情","0","2","2"
"兼殿中尚书","0","2","2"
"山王元熙起","0","2","2"
"王元熙起兵","0","2","2"
"不成功而被","0","2","2"
"成功而被杀","0","2","2"
"灵太后重掌","0","2","2"
"太后重掌大","0","2","2"
"后重掌大权","0","2","2"
"元顺在西游","0","2","2"
"顺在西游园","0","2","2"
"陛下为什么","0","2","2"
"妹妹的缘故","0","2","2"
"天下的人心","0","2","2"
"太后沉默不","0","2","2"
"侍中穆绍和","0","2","2"
"中穆绍和元","0","2","2"
"当面规劝说","0","2","2"
"责备元顺说","0","2","2"
"为天下人所","0","2","2"
"的妻子于氏","0","2","2"
"在灵太后面","0","2","2"
"灵太后面前","0","2","2"
"任护军将军","0","2","2"
"在旁边侍奉","0","2","2"
"有利于国家","0","2","2"
"高祖迁都到","0","2","2"
"迁都到中原","0","2","2"
"的同胞兄弟","0","2","2"
"没有听说有","0","2","2"
"被奴仆杀害","0","2","2"
"追赠他为都","0","2","2"
"跟随出帝死","0","2","2"
"随出帝死在","0","2","2"
"出帝死在关","0","2","2"
"任步兵校尉","0","2","2"
"听说后大怒","0","2","2"
"免除他的官","0","2","2"
"除他的官职","0","2","2"
"后来跟随平","0","2","2"
"来跟随平定","0","2","2"
"宣鲞的将领","0","2","2"
"杀死擒获以","0","2","2"
"后因有罪被","0","2","2"
"囚禁在宫中","0","2","2"
"出任平南将","0","2","2"
"萧衍的哥哥","0","2","2"
"衍的哥哥萧","0","2","2"
"的哥哥萧懿","0","2","2"
"宝卷的弟弟","0","2","2"
"萧衍的湘州","0","2","2"
"衍的湘州刺","0","2","2"
"的湘州刺史","0","2","2"
"史杨公则率","0","2","2"
"兵士五千人","0","2","2"
"派遣他的左","0","2","2"
"等人率领步","0","2","2"
"人率领步兵","0","2","2"
"骑兵八千人","0","2","2"
"人讨伐他们","0","2","2"
"追击打败他","0","2","2"
"斩杀擒获几","0","2","2"
"杀擒获几千","0","2","2"
"擒获几千人","0","2","2"
"率领兵士三","0","2","2"
"领兵士三千","0","2","2"
"接连交战打","0","2","2"
"连交战打败","0","2","2"
"萧衍的征虏","0","2","2"
"衍的征虏将","0","2","2"
"淹死的有四","0","2","2"
"死的有四千","0","2","2"
"的有四千多","0","2","2"
"有四千多人","0","2","2"
"人在夜晚袭","0","2","2"
"在夜晚袭击","0","2","2"
"领兵士一万","0","2","2"
"合残余势力","0","2","2"
"世宗在束堂","0","2","2"
"宗在束堂为","0","2","2"
"在束堂为元","0","2","2"
"授任给事中","0","2","2"
"授任他为员","0","2","2"
"于是得以保","0","2","2"
"是得以保全","0","2","2"
"为武阳县开","0","2","2"
"是国家的根","0","2","2"
"改任内都大","0","2","2"
"来严明法度","0","2","2"
"群臣都以为","0","2","2"
"在自己家中","0","2","2"
"剪下自己的","0","2","2"
"以平民身份","0","2","2"
"身份回到家","0","2","2"
"份回到家中","0","2","2"
"封为南安王","0","2","2"
"赋诗表达心","0","2","2"
"诗表达心意","0","2","2"
"刮大风下大","0","2","2"
"冻死的有十","0","2","2"
"知道而不报","0","2","2"
"道而不报告","0","2","2"
"高祖准许了","0","2","2"
"祖准许了他","0","2","2"
"不知道如何","0","2","2"
"他们不相互","0","2","2"
"们不相互救","0","2","2"
"不相互救助","0","2","2"
"杰出人才的","0","2","2"
"出人才的礼","0","2","2"
"的礼仪接待","0","2","2"
"派军队迎接","0","2","2"
"他们的家人","0","2","2"
"领骑兵一千","0","2","2"
"骑兵一千人","0","2","2"
"全部俘获了","0","2","2"
"部俘获了他","0","2","2"
"俘获了他们","0","2","2"
"千多人征伐","0","2","2"
"军包围城池","0","2","2"
"派遣将领追","0","2","2"
"没有知道的","0","2","2"
"为父亲守丧","0","2","2"
"为左卫将军","0","2","2"
"兵骑兵三万","0","2","2"
"长江以西的","0","2","2"
"今后的举措","0","2","2"
"对他们加以","0","2","2"
"功升爵位为","0","2","2"
"爵位为常山","0","2","2"
"元英上奏疏","0","2","2"
"到郡中精细","0","2","2"
"郡中精细考","0","2","2"
"中精细考核","0","2","2"
"听说元英将","0","2","2"
"说元英将要","0","2","2"
"元英将要到","0","2","2"
"英将要到来","0","2","2"
"他的骁骑将","0","2","2"
"民三千多家","0","2","2"
"元英统领各","0","2","2"
"派遣他的平","0","2","2"
"山构筑堡垒","0","2","2"
"部众一万多","0","2","2"
"众一万多人","0","2","2"
"又打败了他","0","2","2"
"贼寇的城池","0","2","2"
"恢复了他的","0","2","2"
"了他的封爵","0","2","2"
"改封为中山","0","2","2"
"封为中山王","0","2","2"
"定长江以南","0","2","2"
"韶令元英为","0","2","2"
"将领二十五","0","2","2"
"连打败贼军","0","2","2"
"他们的部将","0","2","2"
"萧衍的中军","0","2","2"
"衍的中军大","0","2","2"
"的中军大将","0","2","2"
"产生不同议","0","2","2"
"生不同议论","0","2","2"
"死亡的有十","0","2","2"
"十分之五六","0","2","2"
"的戍守头领","0","2","2"
"城池向南叛","0","2","2"
"池向南叛变","0","2","2"
"将领齐苟仁","0","2","2"
"齐苟仁率领","0","2","2"
"率领军队守","0","2","2"
"领军队守卫","0","2","2"
"代理征南将","0","2","2"
"理征南将军","0","2","2"
"所以委屈王","0","2","2"
"在南部疆域","0","2","2"
"陛下仁慈深","0","2","2"
"邢峦接连打","0","2","2"
"峦接连打败","0","2","2"
"凝等人率领","0","2","2"
"放弃城池向","0","2","2"
"弃城池向南","0","2","2"
"城池向南逃","0","2","2"
"的虎贲中郎","0","2","2"
"亲自统领各","0","2","2"
"自统领各军","0","2","2"
"派遣他的冠","0","2","2"
"遣他的冠军","0","2","2"
"谧号为献武","0","2","2"
"号为献武王","0","2","2"
"号为安西将","0","2","2"
"不久以本号","0","2","2"
"久以本号将","0","2","2"
"本号将军授","0","2","2"
"号将军授任","0","2","2"
"授任相州刺","0","2","2"
"的有二十多","0","2","2"
"有二十多人","0","2","2"
"遭遇多灾多","0","2","2"
"遇多灾多难","0","2","2"
"皇太后圣明","0","2","2"
"在皇帝左右","0","2","2"
"清河王横遭","0","2","2"
"兵士八万人","0","2","2"
"在本月十四","0","2","2"
"本月十四日","0","2","2"
"虽然才能不","0","2","2"
"的长史柳元","0","2","2"
"的妃子于氏","0","2","2"
"到元熙死去","0","2","2"
"什么可说的","0","2","2"
"么可说的呢","0","2","2"
"难道不是因","0","2","2"
"道不是因为","0","2","2"
"恭敬地对待","0","2","2"
"城王元澄逝","0","2","2"
"王元澄逝世","0","2","2"
"有人告诉他","0","2","2"
"的封邑一千","0","2","2"
"同时被杀害","0","2","2"
"先人的爵位","0","2","2"
"他为卫大将","0","2","2"
"从员外郎逐","0","2","2"
"得以不受牵","0","2","2"
"郎逐渐升任","0","2","2"
"河王元恽死","0","2","2"
"王元恽死后","0","2","2"
"史元法僧占","0","2","2"
"元法僧占据","0","2","2"
"于是任命元","0","2","2"
"驻守在黄河","0","2","2"
"几十个骑兵","0","2","2"
"授任元略为","0","2","2"
"派遣他的右","0","2","2"
"的右卫将军","0","2","2"
"被任命为车","0","2","2"
"领左卫将军","0","2","2"
"灵太后十分","0","2","2"
"齐国接受惮","0","2","2"
"国接受惮让","0","2","2"
"很有军事谋","0","2","2"
"升任辅国将","0","2","2"
"为尔朱荣的","0","2","2"
"改封为钜鹿","0","2","2"
"为步兵校尉","0","2","2"
"任城门校尉","0","2","2"
"被有关官员","0","2","2"
"因是尔朱荣","0","2","2"
"妻子的哥哥","0","2","2"
"任为后将军","0","2","2"
"他为前将军","0","2","2"
"出仕秘书郎","0","2","2"
"渐升任通直","0","2","2"
"元晔为君主","0","2","2"
"年号为建明","0","2","2"
"继承父亲爵","0","2","2"
"承父亲爵位","0","2","2"
"到设立五等","0","2","2"
"设立五等诸","0","2","2"
"立五等诸侯","0","2","2"
"五等诸侯时","0","2","2"
"为定襄县王","0","2","2"
"你们的过失","0","2","2"
"增加食邑二","0","2","2"
"加食邑二百","0","2","2"
"授任冠军将","0","2","2"
"授任平东将","0","2","2"
"成为民众的","0","2","2"
"为民众的大","0","2","2"
"世宗听说后","0","2","2"
"中有德行的","0","2","2"
"年三十八岁","0","2","2"
"任游击将军","0","2","2"
"为河内太守","0","2","2"
"征召入京任","0","2","2"
"授任右将军","0","2","2"
"打开粮仓赈","0","2","2"
"擅自打开粮","0","2","2"
"自打开粮仓","0","2","2"
"拯救民众的","0","2","2"
"是皇室亲属","0","2","2"
"后来任命为","0","2","2"
"号为镇军将","0","2","2"
"军队屡次失","0","2","2"
"队屡次失败","0","2","2"
"本来官职兼","0","2","2"
"来官职兼任","0","2","2"
"调任卫将军","0","2","2"
"改任车骑将","0","2","2"
"推辞不受任","0","2","2"
"和广阳王元","0","2","2"
"等到皇帝回","0","2","2"
"授任他为侍","0","2","2"
"任他为侍中","0","2","2"
"是将领士兵","0","2","2"
"人可和他相","0","2","2"
"可和他相比","0","2","2"
"图取尔朱荣","0","2","2"
"有这个心意","0","2","2"
"总领内外事","0","2","2"
"领内外事务","0","2","2"
"余朱荣死后","0","2","2"
"外表上虽然","0","2","2"
"到其他地方","0","2","2"
"任北中郎将","0","2","2"
"授任中军将","0","2","2"
"赠他为征北","0","2","2"
"二个儿子五","0","2","2"
"为他的后嗣","0","2","2"
"吐京胡反叛","0","2","2"
"代理平西将","0","2","2"
"理平西将军","0","2","2"
"率领并州肆","0","2","2"
"领并州肆州","0","2","2"
"州的军队前","0","2","2"
"的军队前往","0","2","2"
"高祖大发脾","0","2","2"
"大发脾气说","0","2","2"
"根据实际情","0","2","2"
"据实际情况","0","2","2"
"率领州中军","0","2","2"
"领州中军队","0","2","2"
"被任命为秘","0","2","2"
"任命为秘书","0","2","2"
"为骁骑将军","0","2","2"
"军向南讨伐","0","2","2"
"世宗逝世时","0","2","2"
"号为抚军将","0","2","2"
"加授征束将","0","2","2"
"授征束将军","0","2","2"
"意聚敛财物","0","2","2"
"从前的封爵","0","2","2"
"阳王元渊等","0","2","2"
"王元渊等人","0","2","2"
"在东堂为他","0","2","2"
"东堂为他举","0","2","2"
"到护军长史","0","2","2"
"任济州刺史","0","2","2"
"仍为本号将","0","2","2"
"为本号将军","0","2","2"
"改任尚书左","0","2","2"
"他为征东将","0","2","2"
"赠他为平束","0","2","2"
"他为平束将","0","2","2"
"和平四年逝","0","2","2"
"平四年逝世","0","2","2"
"封爵为平民","0","2","2"
"恢复他的王","0","2","2"
"复他的王爵","0","2","2"
"为光州刺史","0","2","2"
"担任钜鹿太","0","2","2"
"任钜鹿太守","0","2","2"
"任平原太守","0","2","2"
"可以不谨慎","0","2","2"
"驾的文武官","0","2","2"
"路上往来不","0","2","2"
"谧号为靖王","0","2","2"
"高祖亲自送","0","2","2"
"拖延到现在","0","2","2"
"世宗于是下","0","2","2"
"水朱荣进入","0","2","2"
"命为员外郎","0","2","2"
"免他的官职","0","2","2"
"任司州治中","0","2","2"
"任射声校尉","0","2","2"
"授任平北将","0","2","2"
"被幽州大都","0","2","2"
"代行青州事","0","2","2"
"行青州事务","0","2","2"
"命令将领士","0","2","2"
"令将领士兵","0","2","2"
"授任车骑将","0","2","2"
"升任车骑大","0","2","2"
"有名于当时","0","2","2"
"太和年间受","0","2","2"
"和年间受到","0","2","2"
"是这个孩子","0","2","2"
"升任征东将","0","2","2"
"很快又加授","0","2","2"
"快又加授散","0","2","2"
"到州上任之","0","2","2"
"州上任之后","0","2","2"
"被抓了起来","0","2","2"
"他兼任侍中","0","2","2"
"征询他的意","0","2","2"
"询他的意见","0","2","2"
"慕容垂政权","0","2","2"
"他为并州刺","0","2","2"
"喜欢写文章","0","2","2"
"能赶得上的","0","2","2"
"说了这件事","0","2","2"
"高祖听说此","0","2","2"
"岂不可以与","0","2","2"
"编了一首歌","0","2","2"
"了一首歌谣","0","2","2"
"一首歌谣说","0","2","2"
"侍郎李琰之","0","2","2"
"又提拔他为","0","2","2"
"因他参加讨","0","2","2"
"他参加讨论","0","2","2"
"朝廷赐他爵","0","2","2"
"升任他为车","0","2","2"
"朱兆入洛阳","0","2","2"
"被封为文安","0","2","2"
"封为文安县","0","2","2"
"于是启奏说","0","2","2"
"就很明确了","0","2","2"
"依从他的意","0","2","2"
"很是称赞他","0","2","2"
"太和年间以","0","2","2"
"肃宗在国子","0","2","2"
"在什么位置","0","2","2"
"自认为可以","0","2","2"
"阿那环率众","0","2","2"
"派尚书左丞","0","2","2"
"他坚决推辞","0","2","2"
"依从了他的","0","2","2"
"共有二万多","0","2","2"
"有二万多人","0","2","2"
"派他的都督","0","2","2"
"封为濮阳县","0","2","2"
"他清廉俭省","0","2","2"
"古以来的风","0","2","2"
"以来的风尚","0","2","2"
"以终养其身","0","2","2"
"身份是小人","0","2","2"
"究竟是什么","0","2","2"
"有很高的声","0","2","2"
"陈奇所注的","0","2","2"
"与司徒崔浩","0","2","2"
"人知道他们","0","2","2"
"孙惠蔚与李","0","2","2"
"惠蔚与李彪","0","2","2"
"太师冯熙逝","0","2","2"
"师冯熙逝世","0","2","2"
"上书请求让","0","2","2"
"成年的儿子","0","2","2"
"等到李彪官","0","2","2"
"高祖曾经从","0","2","2"
"祖曾经从容","0","2","2"
"曾经从容地","0","2","2"
"以此推崇他","0","2","2"
"于是上疏说","0","2","2"
"为臣学识不","0","2","2"
"又兼任黄门","0","2","2"
"迁任中散大","0","2","2"
"廷赐给他帛","0","2","2"
"下诏让董徵","0","2","2"
"河王元怿任","0","2","2"
"王元怿任司","0","2","2"
"元怿任司空","0","2","2"
"本将军除任","0","2","2"
"任安州刺史","0","2","2"
"无不融会贯","0","2","2"
"不融会贯通","0","2","2"
"人佩服他的","0","2","2"
"是挂名而已","0","2","2"
"魏世宗的舅","0","2","2"
"世宗的舅舅","0","2","2"
"河王元怿看","0","2","2"
"所应采取的","0","2","2"
"应采取的应","0","2","2"
"这样做过于","0","2","2"
"学识渊博的","0","2","2"
"肃宗准备亲","0","2","2"
"太牢的礼仪","0","2","2"
"牢的礼仪祭","0","2","2"
"被推举为孝","0","2","2"
"推举为孝廉","0","2","2"
"少年时代就","0","2","2"
"事情记录在","0","2","2"
"任他为通直","0","2","2"
"转任散骑侍","0","2","2"
"转任中军将","0","2","2"
"国家大事不","0","2","2"
"的母亲死了","0","2","2"
"孔子是圣人","0","2","2"
"的所做所为","0","2","2"
"效法的对象","0","2","2"
"像这样的情","0","2","2"
"任太原太守","0","2","2"
"文襄王引荐","0","2","2"
"人能赶得上","0","2","2"
"十岁时父亲","0","2","2"
"时父亲去世","0","2","2"
"把皇帝的诏","0","2","2"
"为什么非要","0","2","2"
"后感叹地说","0","2","2"
"又把自己所","0","2","2"
"人们的称赞","0","2","2"
"是当时的名","0","2","2"
"极有才能的","0","2","2"
"为什么独独","0","2","2"
"让他给自己","0","2","2"
"他哥哥之子","0","2","2"
"远近的人都","0","2","2"
"赵郡人李谧","0","2","2"
"文皇帝有七","0","2","2"
"告诫元禧等","0","2","2"
"诫元禧等人","0","2","2"
"掌管各项事","0","2","2"
"管各项事务","0","2","2"
"治理的地方","0","2","2"
"有周公的才","0","2","2"
"周公的才能","0","2","2"
"外任使持节","0","2","2"
"派遣使者告","0","2","2"
"遣使者告诉","0","2","2"
"谦虚恭敬地","0","2","2"
"为他们设置","0","2","2"
"亲自为他饯","0","2","2"
"河南王元干","0","2","2"
"可娶已故中","0","2","2"
"始平王元勰","0","2","2"
"荣阳人郑懿","0","2","2"
"阳人郑懿的","0","2","2"
"人郑懿的女","0","2","2"
"郑懿的女儿","0","2","2"
"预测传国世","0","2","2"
"测传国世数","0","2","2"
"从上古以来","0","2","2"
"在三十岁以","0","2","2"
"三十岁以上","0","2","2"
"十岁以下的","0","2","2"
"谈论这件事","0","2","2"
"不久任命元","0","2","2"
"高祖前往元","0","2","2"
"对司空穆亮","0","2","2"
"仆射李冲说","0","2","2"
"皇亲国戚的","0","2","2"
"礼遇优厚隆","0","2","2"
"遇优厚隆重","0","2","2"
"听从他们的","0","2","2"
"决推辞不接","0","2","2"
"推辞不接受","0","2","2"
"率领左右的","0","2","2"
"领左右的人","0","2","2"
"世宗亲自处","0","2","2"
"宗亲自处理","0","2","2"
"元禧心中不","0","2","2"
"不知怎么办","0","2","2"
"于九品以外","0","2","2"
"的一百多匹","0","2","2"
"惟独彭城王","0","2","2"
"元昌的弟弟","0","2","2"
"昌的弟弟元","0","2","2"
"美好的容貌","0","2","2"
"州投降萧衍","0","2","2"
"将领湛僧珍","0","2","2"
"萧衍任命元","0","2","2"
"领徐州刺史","0","2","2"
"元树于是请","0","2","2"
"树于是请求","0","2","2"
"放弃城池回","0","2","2"
"弃城池回到","0","2","2"
"禁在永宁佛","0","2","2"
"在永宁佛寺","0","2","2"
"赐令他自杀","0","2","2"
"越级任命为","0","2","2"
"派遣侍御史","0","2","2"
"力处理国事","0","2","2"
"爱几个弟弟","0","2","2"
"思考长远的","0","2","2"
"如同面临深","0","2","2"
"同面临深渊","0","2","2"
"国家有固定","0","2","2"
"家有固定的","0","2","2"
"祖下诏任命","0","2","2"
"予鼓吹一部","0","2","2"
"纠举弹劾他","0","2","2"
"退左右的人","0","2","2"
"不放在心上","0","2","2"
"祖秘密派人","0","2","2"
"打了他一百","0","2","2"
"了他一百棒","0","2","2"
"为母亲服丧","0","2","2"
"授任大司农","0","2","2"
"被免除官职","0","2","2"
"授任都官尚","0","2","2"
"正光四年逝","0","2","2"
"追赠卫大将","0","2","2"
"元谧的弟弟","0","2","2"
"谧的弟弟元","0","2","2"
"的弟弟元谳","0","2","2"
"元实改封为","0","2","2"
"实改封为平","0","2","2"
"改封为平昌","0","2","2"
"封为平昌王","0","2","2"
"任他为平南","0","2","2"
"让而不接受","0","2","2"
"帝下诏恢复","0","2","2"
"没有其他才","0","2","2"
"任高阳太守","0","2","2"
"追赠镇远将","0","2","2"
"轻时聪明有","0","2","2"
"祖亲近喜爱","0","2","2"
"高祖赞许他","0","2","2"
"官员的政绩","0","2","2"
"祖前往朝廷","0","2","2"
"有什么困难","0","2","2"
"治理各种事","0","2","2"
"理各种事务","0","2","2"
"有固定的刑","0","2","2"
"固定的刑罚","0","2","2"
"的虽然关系","0","2","2"
"之所以如此","0","2","2"
"元羽回答说","0","2","2"
"的不一定是","0","2","2"
"得到合适的","0","2","2"
"依臣下愚蠢","0","2","2"
"高祖又对元","0","2","2"
"祖又对元羽","0","2","2"
"又对元羽说","0","2","2"
"现在解除你","0","2","2"
"尚书于果说","0","2","2"
"长兼的职务","0","2","2"
"又对代理尚","0","2","2"
"对代理尚书","0","2","2"
"你在尚书省","0","2","2"
"这样的过失","0","2","2"
"穿平民服装","0","2","2"
"诸如此类的","0","2","2"
"你们的子孙","0","2","2"
"是广陵王的","0","2","2"
"调任司州牧","0","2","2"
"连上奏疏推","0","2","2"
"上奏疏推辞","0","2","2"
"大鸿胪料理","0","2","2"
"鸿胪料理丧","0","2","2"
"胪料理丧事","0","2","2"
"给仪仗鼓吹","0","2","2"
"帝亲自前往","0","2","2"
"亲自前往送","0","2","2"
"外出任冠军","0","2","2"
"改任征虏将","0","2","2"
"改封为淮阳","0","2","2"
"封为淮阳王","0","2","2"
"担任金紫光","0","2","2"
"即使发令也","0","2","2"
"使发令也不","0","2","2"
"军号为征北","0","2","2"
"升为司空公","0","2","2"
"大事的谋议","0","2","2"
"改任太尉公","0","2","2"
"职事的官员","0","2","2"
"定职事的人","0","2","2"
"景明年间的","0","2","2"
"年间的规则","0","2","2"
"正始年间的","0","2","2"
"列在上中等","0","2","2"
"在上中等的","0","2","2"
"自古以来通","0","2","2"
"古以来通行","0","2","2"
"以来通行的","0","2","2"
"上等的官员","0","2","2"
"私下以为这","0","2","2"
"有可采用的","0","2","2"
"假托韶令杀","0","2","2"
"托韶令杀死","0","2","2"
"身份回到第","0","2","2"
"份回到第宅","0","2","2"
"询问侍中崔","0","2","2"
"知道不可以","0","2","2"
"国家的安危","0","2","2"
"担任雍州刺","0","2","2"
"如果不这样","0","2","2"
"崇训宫卫尉","0","2","2"
"追究他的罪","0","2","2"
"本身官职兼","0","2","2"
"的丝织品而","0","2","2"
"丝织品而已","0","2","2"
"抽打一百鞭","0","2","2"
"诏令元雍乘","0","2","2"
"乘坐人拉车","0","2","2"
"侍中敦促晓","0","2","2"
"中敦促晓谕","0","2","2"
"宗处理朝政","0","2","2"
"在太和年问","0","2","2"
"去叩拜伏地","0","2","2"
"很久才准许","0","2","2"
"谧号为文穆","0","2","2"
"又没有学问","0","2","2"
"不为当时人","0","2","2"
"等到清河王","0","2","2"
"到清河王元","0","2","2"
"官位到尚书","0","2","2"
"升迁到通直","0","2","2"
"迁到通直常","0","2","2"
"到通直常侍","0","2","2"
"一起被杀害","0","2","2"
"轻时聪明机","0","2","2"
"升中书侍郎","0","2","2"
"平三年逝世","0","2","2"
"叉的弟弟元","0","2","2"
"被任命为光","0","2","2"
"城王元勰都","0","2","2"
"几个弟弟和","0","2","2"
"到行宫朝见","0","2","2"
"高祖接见他","0","2","2"
"沔水以北的","0","2","2"
"尚书省八座","0","2","2"
"遏制凶残的","0","2","2"
"贪污受贿的","0","2","2"
"了这个建议","0","2","2"
"震撼君主的","0","2","2"
"百官畏惧他","0","2","2"
"收受贿赂很","0","2","2"
"受贿赂很多","0","2","2"
"元详的母亲","0","2","2"
"详的母亲高","0","2","2"
"的母亲高太","0","2","2"
"母亲高太妃","0","2","2"
"刘昶的女儿","0","2","2"
"安定王元燮","0","2","2"
"令左右的人","0","2","2"
"亲自到他家","0","2","2"
"人谋划作乱","0","2","2"
"派遣左右的","0","2","2"
"遣左右的人","0","2","2"
"有什么忧虑","0","2","2"
"母亲妻子在","0","2","2"
"几个人跟随","0","2","2"
"回到南面的","0","2","2"
"为什么忽然","0","2","2"
"什么忽然间","0","2","2"
"没有确定的","0","2","2"
"特别受到亲","0","2","2"
"改任都官尚","0","2","2"
"领宿勤明达","0","2","2"
"行相州事务","0","2","2"
"元颢为魏主","0","2","2"
"被元颢擒获","0","2","2"
"的南方兵士","0","2","2"
"几百名骑兵","0","2","2"
"元颢的弟弟","0","2","2"
"颢的弟弟元","0","2","2"
"的弟弟元顼","0","2","2"
"有其他的才","0","2","2"
"的各个儿子","0","2","2"
"概是上天要","0","2","2"
"文明太后不","0","2","2"
"太后不准许","0","2","2"
"览经籍史书","0","2","2"
"喜爱写文章","0","2","2"
"他为光禄大","0","2","2"
"代理抚军将","0","2","2"
"理抚军将军","0","2","2"
"到元勰的诗","0","2","2"
"元勰的诗句","0","2","2"
"改动一个字","0","2","2"
"元勰上奏疏","0","2","2"
"授任元勰为","0","2","2"
"当面陈述说","0","2","2"
"地对群臣说","0","2","2"
"答应了他们","0","2","2"
"元勰推辞说","0","2","2"
"以家人身份","0","2","2"
"家人身份写","0","2","2"
"人身份写信","0","2","2"
"身份写信给","0","2","2"
"份写信给元","0","2","2"
"写信给元勰","0","2","2"
"信给元勰说","0","2","2"
"次当面陈述","0","2","2"
"行为不端正","0","2","2"
"在内侍奉医","0","2","2"
"内侍奉医药","0","2","2"
"人们没有不","0","2","2"
"气力疲乏危","0","2","2"
"力疲乏危险","0","2","2"
"夜不离高祖","0","2","2"
"高祖对元勰","0","2","2"
"祖对元勰说","0","2","2"
"求收回成命","0","2","2"
"诽谤的言论","0","2","2"
"始终如一的","0","2","2"
"是很好的吗","0","2","2"
"祖在行宫逝","0","2","2"
"在行宫逝世","0","2","2"
"执意坚持不","0","2","2"
"德行广为传","0","2","2"
"行广为传扬","0","2","2"
"不足以报答","0","2","2"
"连上奏疏执","0","2","2"
"世宗答应了","0","2","2"
"悲伤的思念","0","2","2"
"要赶到京城","0","2","2"
"史裴叔业献","0","2","2"
"裴叔业献出","0","2","2"
"叔业献出寿","0","2","2"
"现在率领军","0","2","2"
"在率领军队","0","2","2"
"任扬州刺史","0","2","2"
"民众休养生","0","2","2"
"众休养生息","0","2","2"
"从水陆两路","0","2","2"
"两路讨伐他","0","2","2"
"升为大司马","0","2","2"
"又派遣将领","0","2","2"
"派遣将领陈","0","2","2"
"将领陈伯之","0","2","2"
"俘获一万人","0","2","2"
"服属尊贵地","0","2","2"
"属尊贵地位","0","2","2"
"王亲自统领","0","2","2"
"的汝阴太守","0","2","2"
"而答应了他","0","2","2"
"消灭平定他","0","2","2"
"灭平定他们","0","2","2"
"元勰道谢说","0","2","2"
"诏令不准许","0","2","2"
"坚决推辞而","0","2","2"
"公都在宗庙","0","2","2"
"陛下登上皇","0","2","2"
"下登上皇位","0","2","2"
"时受到优待","0","2","2"
"外出任定州","0","2","2"
"高尚的节操","0","2","2"
"元勰为太师","0","2","2"
"这是所谓的","0","2","2"
"近来水旱不","0","2","2"
"等到京兆王","0","2","2"
"元勰和高阳","0","2","2"
"勰和高阳王","0","2","2"
"和高阳王元","0","2","2"
"古以来的帝","0","2","2"
"以来的帝王","0","2","2"
"哥哥的女儿","0","2","2"
"立她为皇后","0","2","2"
"屡次诬陷元","0","2","2"
"清河王元悍","0","2","2"
"平王元怀和","0","2","2"
"元勰的妃子","0","2","2"
"者接连不断","0","2","2"
"十分忧虑畏","0","2","2"
"分忧虑畏惧","0","2","2"
"在宫中饮宴","0","2","2"
"为他感到冤","0","2","2"
"到皇帝逝世","0","2","2"
"各种事务都","0","2","2"
"大功告成而","0","2","2"
"子李氏为文","0","2","2"
"牌位到太庙","0","2","2"
"庙号为肃祖","0","2","2"
"代理散骑常","0","2","2"
"理散骑常侍","0","2","2"
"防守抵御的","0","2","2"
"为孝宣皇帝","0","2","2"
"有两个儿子","0","2","2"
"元超的弟弟","0","2","2"
"超的弟弟元","0","2","2"
"送别死者侍","0","2","2"
"别死者侍奉","0","2","2"
"死者侍奉生","0","2","2"
"者侍奉生者","0","2","2"
"个儿子为县","0","2","2"
"儿子为县公","0","2","2"
"．不久患病","0","2","2"
"授前后部仪","0","2","2"
"不久授任侍","0","2","2"
"久授任侍中","0","2","2"
"卫士一百人","0","2","2"
"不容易遇到","0","2","2"
"知道自己的","0","2","2"
"道自己的姓","0","2","2"
"自己的姓名","0","2","2"
"所以他的子","0","2","2"
"以他的子孙","0","2","2"
"他的子孙就","0","2","2"
"的子孙就以","0","2","2"
"迁徙到大沙","0","2","2"
"徙到大沙漠","0","2","2"
"到大沙漠以","0","2","2"
"到大沙漠南","0","2","2"
"把他安置在","0","2","2"
"袭击匹候跋","0","2","2"
"材官将军和","0","2","2"
"官将军和突","0","2","2"
"文字来记载","0","2","2"
"水草之地游","0","2","2"
"草之地游牧","0","2","2"
"相当于北魏","0","2","2"
"蠕蠕族的人","0","2","2"
"太祖征讨姚","0","2","2"
"祖征讨姚兴","0","2","2"
"率一万骑兵","0","2","2"
"一万骑兵追","0","2","2"
"万骑兵追击","0","2","2"
"等人前来投","0","2","2"
"又来侵犯边","0","2","2"
"社仑的儿子","0","2","2"
"数百人前来","0","2","2"
"百人前来投","0","2","2"
"的女儿作为","0","2","2"
"女儿作为陪","0","2","2"
"儿作为陪嫁","0","2","2"
"十分感激他","0","2","2"
"部族的人都","0","2","2"
"十分之二三","0","2","2"
"大檀的弟弟","0","2","2"
"就退了回去","0","2","2"
"长孙翰等人","0","2","2"
"世祖从中路","0","2","2"
"横穿大沙漠","0","2","2"
"将他们打败","0","2","2"
"世祖在南郊","0","2","2"
"公卿大臣们","0","2","2"
"公卿大臣说","0","2","2"
"有什么作为","0","2","2"
"使我们腹背","0","2","2"
"我们腹背受","0","2","2"
"们腹背受敌","0","2","2"
"这不是上策","0","2","2"
"皇帝的车驾","0","2","2"
"的弟弟匹黎","0","2","2"
"酋长数百人","0","2","2"
"领他的部族","0","2","2"
"有三千七百","0","2","2"
"到达大沙漠","0","2","2"
"派左仆射安","0","2","2"
"安原等人前","0","2","2"
"原等人前往","0","2","2"
"人前往征伐","0","2","2"
"高车各部落","0","2","2"
"者向朝廷进","0","2","2"
"世祖赐给他","0","2","2"
"祖赐给他们","0","2","2"
"赐给他们衣","0","2","2"
"送他们回去","0","2","2"
"祖又派使者","0","2","2"
"从中路进发","0","2","2"
"讨伐沮渠牧","0","2","2"
"是沮渠牧犍","0","2","2"
"领十五员大","0","2","2"
"山王拓跋辰","0","2","2"
"很远的地方","0","2","2"
"尔绵他拔等","0","2","2"
"这一年九月","0","2","2"
"王拓跋那从","0","2","2"
"挖掘长长的","0","2","2"
"掘长长的围","0","2","2"
"长长的围子","0","2","2"
"来侵犯边境","0","2","2"
"挑选精兵五","0","2","2"
"屡次侵犯边","0","2","2"
"他派来的使","0","2","2"
"比拔等人前","0","2","2"
"拔等人前来","0","2","2"
"前来向朝廷","0","2","2"
"让他们观看","0","2","2"
"等人前来朝","0","2","2"
"率七万骑兵","0","2","2"
"次被阿伏至","0","2","2"
"被阿伏至罗","0","2","2"
"阿伏至罗打","0","2","2"
"伏至罗打败","0","2","2"
"来朝廷进贡","0","2","2"
"向朝廷奉献","0","2","2"
"派大臣尉比","0","2","2"
"大臣尉比建","0","2","2"
"把这些情况","0","2","2"
"情况全都告","0","2","2"
"李具列等人","0","2","2"
"他的母亲和","0","2","2"
"设置酒宴以","0","2","2"
"藩国的使者","0","2","2"
"阿那瑰等人","0","2","2"
"接待宾客的","0","2","2"
"帝派中书舍","0","2","2"
"向皇帝启奏","0","2","2"
"准许他的请","0","2","2"
"许他的请求","0","2","2"
"阿那瑰再次","0","2","2"
"向朝廷表达","0","2","2"
"都四处逃散","0","2","2"
"屡次向朝廷","0","2","2"
"次向朝廷上","0","2","2"
"朝廷上书请","0","2","2"
"廷上书请求","0","2","2"
"这样做不妥","0","2","2"
"黄金一百斤","0","2","2"
"二张并配有","0","2","2"
"漆的槊十张","0","2","2"
"十张并配有","0","2","2"
"漆的盾牌六","0","2","2"
"的盾牌六副","0","2","2"
"盾牌六副并","0","2","2"
"件并带冠帽","0","2","2"
"他们送到京","0","2","2"
"阿那瑰前来","0","2","2"
"那瑰前来投","0","2","2"
"瑰前来投奔","0","2","2"
"是阿那瑰的","0","2","2"
"就上表请求","0","2","2"
"上书启奏说","0","2","2"
"中安丰王元","0","2","2"
"予以裁断处","0","2","2"
"以下各级官","0","2","2"
"军队的主将","0","2","2"
"军队的供给","0","2","2"
"与阿那瑰一","0","2","2"
"肃宗准许了","0","2","2"
"军前去征讨","0","2","2"
"阿那瑰的部","0","2","2"
"左丞元孚兼","0","2","2"
"丞元孚兼任","0","2","2"
"兼任行台尚","0","2","2"
"任行台尚书","0","2","2"
"令骠骑大将","0","2","2"
"十万骑兵讨","0","2","2"
"阿那瑰派使","0","2","2"
"那瑰派使者","0","2","2"
"等待以后的","0","2","2"
"庄帝下诏说","0","2","2"
"范阳王元诲","0","2","2"
"公主许配给","0","2","2"
"齐献武王派","0","2","2"
"又派使者来","0","2","2"
"马作为聘礼","0","2","2"
"齐献武王的","0","2","2"
"请求把自己","0","2","2"
"求把自己的","0","2","2"
"高车族的分","0","2","2"
"车族的分支","0","2","2"
"中之人都认","0","2","2"
"日夜守候在","0","2","2"
"了好长时间","0","2","2"
"长时间都不","0","2","2"
"下一个儿子","0","2","2"
"就是由于这","0","2","2"
"聚合在一起","0","2","2"
"那里的习俗","0","2","2"
"里的习俗不","0","2","2"
"感到非常可","0","2","2"
"都有各自的","0","2","2"
"就像是中国","0","2","2"
"骑着马环绕","0","2","2"
"着马环绕旋","0","2","2"
"马环绕旋转","0","2","2"
"有水草的地","0","2","2"
"水草的地方","0","2","2"
"北一百多里","0","2","2"
"一百多里的","0","2","2"
"百多里的地","0","2","2"
"越来越强大","0","2","2"
"获人口及马","0","2","2"
"人口及马牛","0","2","2"
"口及马牛羊","0","2","2"
"统率六军从","0","2","2"
"率六军从中","0","2","2"
"六军从中路","0","2","2"
"的七个部落","0","2","2"
"的骑兵列队","0","2","2"
"首领敕力犍","0","2","2"
"落归附朝廷","0","2","2"
"为威远将军","0","2","2"
"被打败之后","0","2","2"
"他残余的部","0","2","2"
"只有十分之","0","2","2"
"很受皇帝的","0","2","2"
"率领二万骑","0","2","2"
"领二万骑兵","0","2","2"
"太祖在位时","0","2","2"
"方圆千里之","0","2","2"
"圆千里之地","0","2","2"
"高大的车辆","0","2","2"
"朝廷进献贡","0","2","2"
"高宗在位时","0","2","2"
"起反叛朝廷","0","2","2"
"王元继为都","0","2","2"
"阿伏至罗与","0","2","2"
"与他的堂弟","0","2","2"
"就像魏人所","0","2","2"
"像魏人所说","0","2","2"
"阿伏至罗的","0","2","2"
"诏令员外散","0","2","2"
"再次派遣使","0","2","2"
"次派遣使者","0","2","2"
"皇帝令使者","0","2","2"
"多次向朝廷","0","2","2"
"断绝了往来","0","2","2"
"在蒲类海北","0","2","2"
"蒲类海北面","0","2","2"
"迁徙到内地","0","2","2"
"把他们打得","0","2","2"
"宗在位之初","0","2","2"
"把他的头颅","0","2","2"
"伊匐为镇西","0","2","2"
"匐为镇西将","0","2","2"
"又被蠕蠕打","0","2","2"
"被蠕蠕打败","0","2","2"
"越居的儿子","0","2","2"
"的儿子去宾","0","2","2"
"向皇帝进言","0","2","2"
"有志气和节","0","2","2"
"志气和节操","0","2","2"
"把自己的女","0","2","2"
"自己的女儿","0","2","2"
"女儿许配给","0","2","2"
"儿许配给他","0","2","2"
"有很好的政","0","2","2"
"很好的政绩","0","2","2"
"任太尉从事","0","2","2"
"朝廷上书说","0","2","2"
"的父兄子弟","0","2","2"
"魏子建就派","0","2","2"
"任东益州刺","0","2","2"
"魏子建对他","0","2","2"
"对当地官吏","0","2","2"
"是魏子建的","0","2","2"
"并把他们送","0","2","2"
"卫尉卿之职","0","2","2"
"元颢威逼朝","0","2","2"
"颢威逼朝廷","0","2","2"
"子建对他的","0","2","2"
"光禄大夫之","0","2","2"
"禄大夫之职","0","2","2"
"前来送行的","0","2","2"
"你有什么话","0","2","2"
"任左光禄大","0","2","2"
"封散骑常侍","0","2","2"
"不随便交朋","0","2","2"
"病重的时候","0","2","2"
"顺从我的心","0","2","2"
"从我的心意","0","2","2"
"实现自己的","0","2","2"
"父亲的功绩","0","2","2"
"而任太学博","0","2","2"
"朱荣在河阴","0","2","2"
"而得以幸免","0","2","2"
"兼任中书侍","0","2","2"
"年二十六岁","0","2","2"
"皇帝的心意","0","2","2"
"令魏收起草","0","2","2"
"魏收起草诏","0","2","2"
"收起草诏书","0","2","2"
"亲手写下诏","0","2","2"
"手写下诏书","0","2","2"
"写下诏书给","0","2","2"
"齐献武王坚","0","2","2"
"武王坚决推","0","2","2"
"将军的职位","0","2","2"
"又授予魏收","0","2","2"
"达自己的心","0","2","2"
"群臣都对他","0","2","2"
"萧衍称赞说","0","2","2"
"授予他相国","0","2","2"
"司马子如说","0","2","2"
"在座的人都","0","2","2"
"举行大射礼","0","2","2"
"尺书征建邺","0","2","2"
"鄱阳王萧范","0","2","2"
"任合州刺史","0","2","2"
"就带领他的","0","2","2"
"仍兼著作郎","0","2","2"
"掌管编修国","0","2","2"
"管编修国史","0","2","2"
"遗漏的史实","0","2","2"
"上奏皇帝请","0","2","2"
"皇帝请求让","0","2","2"
"和弟弟元建","0","2","2"
"等到太祖登","0","2","2"
"到太祖登上","0","2","2"
"又跟随太祖","0","2","2"
"有推举拥立","0","2","2"
"推举拥立的","0","2","2"
"赐爵位为襄","0","2","2"
"爵位为襄城","0","2","2"
"位为襄城公","0","2","2"
"跟随皇帝征","0","2","2"
"随皇帝征伐","0","2","2"
"元皇帝的后","0","2","2"
"皇帝的后代","0","2","2"
"有决断能力","0","2","2"
"升爵位为建","0","2","2"
"爵位为真宣","0","2","2"
"担任显要职","0","2","2"
"任选部尚书","0","2","2"
"拥立的功劳","0","2","2"
"是桓帝的后","0","2","2"
"桓帝的后代","0","2","2"
"在柏肆受惊","0","2","2"
"并州守将封","0","2","2"
"太祖深深地","0","2","2"
"起初任羽林","0","2","2"
"担任殿中尚","0","2","2"
"塞向东巡视","0","2","2"
"被乙浑诛杀","0","2","2"
"太祖向南征","0","2","2"
"朝廷官员都","0","2","2"
"政事以行贿","0","2","2"
"事以行贿而","0","2","2"
"以行贿而成","0","2","2"
"为后续部队","0","2","2"
"山大规模狩","0","2","2"
"于是突然逝","0","2","2"
"是突然逝世","0","2","2"
"率领军队来","0","2","2"
"趄的远房弟","0","2","2"
"的远房弟弟","0","2","2"
"是平文皇帝","0","2","2"
"帝的第四个","0","2","2"
"定众人的心","0","2","2"
"后来继承祖","0","2","2"
"来继承祖父","0","2","2"
"依例降爵位","0","2","2"
"堂兄的儿子","0","2","2"
"担任颖太守","0","2","2"
"派遣将领讨","0","2","2"
"遣将领讨伐","0","2","2"
"将领讨伐平","0","2","2"
"领讨伐平定","0","2","2"
"世祖赐给爵","0","2","2"
"祖赐给爵位","0","2","2"
"赐爵位为晋","0","2","2"
"爵位为晋阳","0","2","2"
"和尔朱荣一","0","2","2"
"皇帝听从了","0","2","2"
"帝听从了他","0","2","2"
"尔朱荣的侄","0","2","2"
"和元瑾图谋","0","2","2"
"任比部尚书","0","2","2"
"任命为外都","0","2","2"
"命为外都大","0","2","2"
"爵位松滋侯","0","2","2"
"时继承爵位","0","2","2"
"条例降爵位","0","2","2"
"久因母亲去","0","2","2"
"任南兖州刺","0","2","2"
"尚书是百官","0","2","2"
"朝见的名册","0","2","2"
"有什么依据","0","2","2"
"任御史中丞","0","2","2"
"坚持不同意","0","2","2"
"交付执法官","0","2","2"
"交付有关官","0","2","2"
"付有关官员","0","2","2"
"被封为安定","0","2","2"
"强壮的兵士","0","2","2"
"有能干的名","0","2","2"
"朱荣擒获葛","0","2","2"
"荣擒获葛荣","0","2","2"
"世袭并州刺","0","2","2"
"袭并州刺史","0","2","2"
"主簿河间人","0","2","2"
"簿河间人邢","0","2","2"
"等到广阳王","0","2","2"
"郡守县令来","0","2","2"
"守县令来安","0","2","2"
"县令来安抚","0","2","2"
"一个月之间","0","2","2"
"天穆和齐献","0","2","2"
"穆和齐献武","0","2","2"
"送他到京城","0","2","2"
"天穆为太宰","0","2","2"
"外表上表示","0","2","2"
"是平文帝的","0","2","2"
"为中都大官","0","2","2"
"追赠为司徒","0","2","2"
"赠为司徒公","0","2","2"
"送膳食到家","0","2","2"
"膳食到家中","0","2","2"
"力超过常人","0","2","2"
"爵位为乐城","0","2","2"
"升爵位为乐","0","2","2"
"跟随皇帝到","0","2","2"
"升为尚书令","0","2","2"
"亲自前往他","0","2","2"
"自前往他的","0","2","2"
"前往他的宅","0","2","2"
"往他的宅第","0","2","2"
"进入八议范","0","2","2"
"入八议范围","0","2","2"
"是旧臣元老","0","2","2"
"当时文明太","0","2","2"
"太后亲自前","0","2","2"
"后亲自前往","0","2","2"
"派尚书令王","0","2","2"
"元丕上奏疏","0","2","2"
"又特别赐予","0","2","2"
"有什么难的","0","2","2"
"后来依例降","0","2","2"
"天下没平定","0","2","2"
"你何必担心","0","2","2"
"到黄河以南","0","2","2"
"平白无故地","0","2","2"
"白无故地要","0","2","2"
"无故地要迁","0","2","2"
"臣下等人商","0","2","2"
"下等人商议","0","2","2"
"李冲等人都","0","2","2"
"在伊水洛水","0","2","2"
"伊水洛水之","0","2","2"
"水洛水之间","0","2","2"
"听从他的话","0","2","2"
"全部委托给","0","2","2"
"所乘坐的车","0","2","2"
"乘坐的车马","0","2","2"
"高祖知道他","0","2","2"
"司徒冯诞逝","0","2","2"
"徒冯诞逝世","0","2","2"
"皇帝亲临丧","0","2","2"
"帝亲临丧事","0","2","2"
"以天子的尊","0","2","2"
"天子的尊贵","0","2","2"
"该如何对待","0","2","2"
"如何对待大","0","2","2"
"任命元丕为","0","2","2"
"李冲的德行","0","2","2"
"不受死刑的","0","2","2"
"元丕为三老","0","2","2"
"时年八十二","0","2","2"
"年八十二岁","0","2","2"
"十分重视他","0","2","2"
"跟随征伐赫","0","2","2"
"随征伐赫连","0","2","2"
"用身体遮挡","0","2","2"
"文德为头领","0","2","2"
"被乙浑杀害","0","2","2"
"赐爵位为建","0","2","2"
"担任洛阳令","0","2","2"
"普天之下的","0","2","2"
"天之下的人","0","2","2"
"聚敛没有极","0","2","2"
"敛没有极限","0","2","2"
"派遣他的弟","0","2","2"
"刺史裴芬之","0","2","2"
"政委托给他","0","2","2"
"讨伐消灭了","0","2","2"
"伐消灭了他","0","2","2"
"事获罪被处","0","2","2"
"获罪被处死","0","2","2"
"是宗室疏远","0","2","2"
"宗室疏远的","0","2","2"
"合皇帝旨意","0","2","2"
"和南平公长","0","2","2"
"代理左丞相","0","2","2"
"离石胡出以","0","2","2"
"前后的过失","0","2","2"
"用囚车召回","0","2","2"
"容垂派遣他","0","2","2"
"遣他的太子","0","2","2"
"他的太子慕","0","2","2"
"的太子慕容","0","2","2"
"太子慕容宝","0","2","2"
"子慕容宝来","0","2","2"
"慕容垂气愤","0","2","2"
"率领三千户","0","2","2"
"加授右将军","0","2","2"
"追赠为镇西","0","2","2"
"有四个儿子","0","2","2"
"勤勉不懈怠","0","2","2"
"他为秘书郎","0","2","2"
"年四十五岁","0","2","2"
"见识的人都","0","2","2"
"被任命为大","0","2","2"
"命令他率领","0","2","2"
"勇敢的士卒","0","2","2"
"年五十五岁","0","2","2"
"追赠为假黄","0","2","2"
"后部羽葆仪","0","2","2"
"部羽葆仪仗","0","2","2"
"是齐献武王","0","2","2"
"任太子庶子","0","2","2"
"谧号为孝宣","0","2","2"
"被追赠为龙","0","2","2"
"追赠为龙骧","0","2","2"
"赠为龙骧将","0","2","2"
"正光年间任","0","2","2"
"州别驾时去","0","2","2"
"别驾时去世","0","2","2"
"太昌初年被","0","2","2"
"多次升任散","0","2","2"
"次升任散骑","0","2","2"
"高徽一起出","0","2","2"
"徽一起出使","0","2","2"
"城池被攻占","0","2","2"
"有气魄和才","0","2","2"
"气魄和才干","0","2","2"
"开始做官任","0","2","2"
"任非正式的","0","2","2"
"任冗从仆射","0","2","2"
"代理河州事","0","2","2"
"理河州事务","0","2","2"
"率领军队救","0","2","2"
"上表请求援","0","2","2"
"表请求援兵","0","2","2"
"起初任奉朝","0","2","2"
"初任奉朝请","0","2","2"
"为燕州刺史","0","2","2"
"国的弟弟子","0","2","2"
"任晋州刺史","0","2","2"
"的钜鹿太守","0","2","2"
"赠为安东将","0","2","2"
"降爵位为伯","0","2","2"
"是清河东武","0","2","2"
"中尉崔琰的","0","2","2"
"在石虎手下","0","2","2"
"年轻时好学","0","2","2"
"有写作才能","0","2","2"
"贼人没有平","0","2","2"
"人没有平定","0","2","2"
"这是什么话","0","2","2"
"使者向常山","0","2","2"
"者向常山王","0","2","2"
"向常山王元","0","2","2"
"山王元遵请","0","2","2"
"王元遵请求","0","2","2"
"元遵请求援","0","2","2"
"遵请求援兵","0","2","2"
"贬抑他的君","0","2","2"
"抑他的君主","0","2","2"
"哪裹比得上","0","2","2"
"就让他的妻","0","2","2"
"世祖听说刘","0","2","2"
"祖听说刘义","0","2","2"
"听说刘义隆","0","2","2"
"世祖称许他","0","2","2"
"军攻取上邦","0","2","2"
"年轻时为中","0","2","2"
"轻时为中书","0","2","2"
"时为中书学","0","2","2"
"的吏部尚书","0","2","2"
"官位达到中","0","2","2"
"的一个儿子","0","2","2"
"保全他的性","0","2","2"
"全他的性命","0","2","2"
"爵位为富城","0","2","2"
"免除他们的","0","2","2"
"改任七兵尚","0","2","2"
"所到之处有","0","2","2"
"有称职的声","0","2","2"
"称职的声誉","0","2","2"
"任黄河以南","0","2","2"
"任司空长史","0","2","2"
"任沛郡太守","0","2","2"
"任刘义隆的","0","2","2"
"白曜平定三","0","2","2"
"曜平定三齐","0","2","2"
"率领二百人","0","2","2"
"领二百人到","0","2","2"
"任开府中兵","0","2","2"
"去世后追赠","0","2","2"
"世后追赠为","0","2","2"
"本家的叔父","0","2","2"
"兼员外散骑","0","2","2"
"称说有病不","0","2","2"
"任国子博士","0","2","2"
"为永久的制","0","2","2"
"永久的制度","0","2","2"
"升任廷尉少","0","2","2"
"追赠为右将","0","2","2"
"赠为右将军","0","2","2"
"被任命为司","0","2","2"
"十岁左右任","0","2","2"
"束衣的带子","0","2","2"
"在慕容垂手","0","2","2"
"慕容垂手下","0","2","2"
"容垂手下做","0","2","2"
"垂手下做官","0","2","2"
"卫王元仪镇","0","2","2"
"王元仪镇守","0","2","2"
"元仪镇守中","0","2","2"
"仪镇守中山","0","2","2"
"你们的父亲","0","2","2"
"为建威将军","0","2","2"
"慕容垂的尚","0","2","2"
"容垂的尚书","0","2","2"
"勃海人高允","0","2","2"
"太守时去世","0","2","2"
"年轻时以孝","0","2","2"
"在趟郡的高","0","2","2"
"趟郡的高邑","0","2","2"
"任上谷太守","0","2","2"
"给爵位为高","0","2","2"
"历任中书侍","0","2","2"
"年轻时由父","0","2","2"
"轻时由父亲","0","2","2"
"升任南部尚","0","2","2"
"以保全自己","0","2","2"
"朝任内都大","0","2","2"
"任司州别驾","0","2","2"
"有九个儿子","0","2","2"
"是慕容永的","0","2","2"
"容垂任命他","0","2","2"
"垂任命他为","0","2","2"
"的军队大败","0","2","2"
"任长乐太守","0","2","2"
"为宁北将军","0","2","2"
"追赠为青州","0","2","2"
"赠为青州刺","0","2","2"
"打败平凉的","0","2","2"
"败平凉的功","0","2","2"
"平凉的功劳","0","2","2"
"给爵位为济","0","2","2"
"恭宗做太子","0","2","2"
"为镇束大将","0","2","2"
"内外都称赞","0","2","2"
"与襄城公卢","0","2","2"
"世祖非常哀","0","2","2"
"祖非常哀伤","0","2","2"
"非常哀伤惋","0","2","2"
"常哀伤惋惜","0","2","2"
"在宫中侍奉","0","2","2"
"他的父亲和","0","2","2"
"父亲和祖父","0","2","2"
"世祖很愤怒","0","2","2"
"显祖因他是","0","2","2"
"功臣的子弟","0","2","2"
"命他为营州","0","2","2"
"他为营州刺","0","2","2"
"为营州刺史","0","2","2"
"与冀州刺史","0","2","2"
"使者晓谕他","0","2","2"
"为南中郎将","0","2","2"
"攻克而返回","0","2","2"
"年七十二岁","0","2","2"
"后来继承父","0","2","2"
"来继承父亲","0","2","2"
"进升爵位为","0","2","2"
"加授平远将","0","2","2"
"授平远将军","0","2","2"
"百姓称颂他","0","2","2"
"选补为中书","0","2","2"
"回朝任尚书","0","2","2"
"朝任尚书左","0","2","2"
"人因此称赞","0","2","2"
"岁以上的子","0","2","2"
"延和二年春","0","2","2"
"临他的丧礼","0","2","2"
"升任平南将","0","2","2"
"是中书学生","0","2","2"
"机智敏捷有","0","2","2"
"有祖父的风","0","2","2"
"祖父的风范","0","2","2"
"官府供给衣","0","2","2"
"被有关部门","0","2","2"
"他前前后后","0","2","2"
"前前后后的","0","2","2"
"改任中散大","0","2","2"
"官为太学博","0","2","2"
"灵太后重新","0","2","2"
"太后重新执","0","2","2"
"后重新执政","0","2","2"
"改任通直散","0","2","2"
"出使长江以","0","2","2"
"使长江以南","0","2","2"
"慕容垂的儿","0","2","2"
"容垂的儿子","0","2","2"
"被胡人打败","0","2","2"
"赐给他爵位","0","2","2"
"给他爵位为","0","2","2"
"饥荒的胡人","0","2","2"
"的胡人刘虎","0","2","2"
"在上党反叛","0","2","2"
"诏令公孙表","0","2","2"
"命令公孙表","0","2","2"
"后进军讨伐","0","2","2"
"兖州刺史尉","0","2","2"
"奚斤等渡黄","0","2","2"
"斤等渡黄河","0","2","2"
"派人在夜晚","0","2","2"
"为儿子求娶","0","2","2"
"有地位的家","0","2","2"
"地位的家族","0","2","2"
"二个儿子公","0","2","2"
"个儿子公孙","0","2","2"
"兼任大鸿胪","0","2","2"
"以天下为家","0","2","2"
"任虎牢镇将","0","2","2"
"世祖对崔浩","0","2","2"
"祖对崔浩说","0","2","2"
"光二年去世","0","2","2"
"中书省和秘","0","2","2"
"书省和秘书","0","2","2"
"省和秘书省","0","2","2"
"我以为应当","0","2","2"
"崔浩弟弟的","0","2","2"
"受到高祖赏","0","2","2"
"到高祖赏识","0","2","2"
"的弟弟公孙","0","2","2"
"特殊的功劳","0","2","2"
"主要的谋士","0","2","2"
"的人都说敌","0","2","2"
"人都说敌人","0","2","2"
"越级升任尚","0","2","2"
"级升任尚书","0","2","2"
"流民编为当","0","2","2"
"民编为当地","0","2","2"
"编为当地民","0","2","2"
"为当地民户","0","2","2"
"在任期间去","0","2","2"
"任期间去世","0","2","2"
"高祖在邺城","0","2","2"
"忠实厚道廉","0","2","2"
"实厚道廉洁","0","2","2"
"厚道廉洁谨","0","2","2"
"道廉洁谨慎","0","2","2"
"为建节将军","0","2","2"
"兴派遣将领","0","2","2"
"的从事中郎","0","2","2"
"长江以南的","0","2","2"
"马昌明死后","0","2","2"
"这不是我所","0","2","2"
"事情不能成","0","2","2"
"情不能成功","0","2","2"
"的功劳居多","0","2","2"
"被赏赐奴婢","0","2","2"
"犯高祖的名","0","2","2"
"高祖的名讳","0","2","2"
"容垂消灭慕","0","2","2"
"垂消灭慕容","0","2","2"
"消灭慕容永","0","2","2"
"太祖问李先","0","2","2"
"祖问李先说","0","2","2"
"大败蠕蠕军","0","2","2"
"的精神智慧","0","2","2"
"可严令各州","0","2","2"
"的神机妙算","0","2","2"
"观察时机而","0","2","2"
"可以不战而","0","2","2"
"有杰出的才","0","2","2"
"杰出的才能","0","2","2"
"军治国的大","0","2","2"
"秘密地命令","0","2","2"
"城的西南面","0","2","2"
"有善于治理","0","2","2"
"治理的名声","0","2","2"
"享年九十五","0","2","2"
"年九十五岁","0","2","2"
"钟葵的弟弟","0","2","2"
"于是定居在","0","2","2"
"定居在那裹","0","2","2"
"和近处的人","0","2","2"
"人比得上他","0","2","2"
"安葬在代郡","0","2","2"
"擅自作威作","0","2","2"
"自作威作福","0","2","2"
"求公主的称","0","2","2"
"朝廷的重大","0","2","2"
"不能决断的","0","2","2"
"兴三年去世","0","2","2"
"于是上表请","0","2","2"
"是上表请求","0","2","2"
"出任黎阳太","0","2","2"
"任黎阳太守","0","2","2"
"皇帝的孙子","0","2","2"
"是美好的名","0","2","2"
"继承哥哥的","0","2","2"
"承哥哥的爵","0","2","2"
"哥哥的爵位","0","2","2"
"皇兴元年去","0","2","2"
"爵位为历阳","0","2","2"
"改任著作郎","0","2","2"
"安置在身边","0","2","2"
"因小过获罪","0","2","2"
"命令崔浩用","0","2","2"
"之间的关系","0","2","2"
"又分出一部","0","2","2"
"分出一部分","0","2","2"
"流行性传染","0","2","2"
"行性传染病","0","2","2"
"太宗认为他","0","2","2"
"到太行山以","0","2","2"
"西方少数民","0","2","2"
"方少数民族","0","2","2"
"众人都佩服","0","2","2"
"能比得上的","0","2","2"
"将领刘裕征","0","2","2"
"领刘裕征伐","0","2","2"
"刘裕征伐姚","0","2","2"
"裕征伐姚泓","0","2","2"
"公卿大臣都","0","2","2"
"但敌人不可","0","2","2"
"马休之等人","0","2","2"
"攻入函谷关","0","2","2"
"刘裕取得关","0","2","2"
"裕取得关中","0","2","2"
"在黄河以北","0","2","2"
"是形势决定","0","2","2"
"形势决定的","0","2","2"
"群臣的意见","0","2","2"
"在畔城交战","0","2","2"
"用崔浩的计","0","2","2"
"刘裕的军事","0","2","2"
"一尺土地的","0","2","2"
"尺土地的资","0","2","2"
"土地的资本","0","2","2"
"荆扬地区的","0","2","2"
"是不可能的","0","2","2"
"必定被敌人","0","2","2"
"派精锐骑兵","0","2","2"
"爵位为白马","0","2","2"
"安同为左辅","0","2","2"
"与太尉穆观","0","2","2"
"身边的侍臣","0","2","2"
"德行高尚的","0","2","2"
"行高尚的人","0","2","2"
"个儿子互相","0","2","2"
"先攻打城池","0","2","2"
"兵力攻打它","0","2","2"
"是危险之路","0","2","2"
"设置郡守县","0","2","2"
"置郡守县令","0","2","2"
"黄河向东逃","0","2","2"
"是囊中之物","0","2","2"
"天师寇谦之","0","2","2"
"的英明君主","0","2","2"
"众人的议论","0","2","2"
"祖于是派遣","0","2","2"
"于是派遣奚","0","2","2"
"是派遣奚斤","0","2","2"
"量俘获而回","0","2","2"
"祖命令尚书","0","2","2"
"年轻时曾经","0","2","2"
"天时人事不","0","2","2"
"食就要完善","0","2","2"
"刑就陈尸于","0","2","2"
"披头散发如","0","2","2"
"头散发如牦","0","2","2"
"散发如牦牛","0","2","2"
"发如牦牛的","0","2","2"
"圣明的君主","0","2","2"
"有什么必要","0","2","2"
"娶公主为妻","0","2","2"
"扬言调动人","0","2","2"
"言调动人马","0","2","2"
"现在出其不","0","2","2"
"在出其不意","0","2","2"
"大军突然出","0","2","2"
"军突然出现","0","2","2"
"聚集在一起","0","2","2"
"崔造回答说","0","2","2"
"进入蠕蠕境","0","2","2"
"入蠕蠕境内","0","2","2"
"的有三十多","0","2","2"
"一百八十里","0","2","2"
"一个一个地","0","2","2"
"令公卿大臣","0","2","2"
"部各镇将领","0","2","2"
"给国家惹是","0","2","2"
"国家惹是生","0","2","2"
"家惹是生非","0","2","2"
"崔浩的意见","0","2","2"
"取他的国家","0","2","2"
"有危亡之忧","0","2","2"
"人不一定能","0","2","2"
"一定能攻克","0","2","2"
"向崔浩咨询","0","2","2"
"完全没有差","0","2","2"
"崔浩为司徒","0","2","2"
"世祖听从了","0","2","2"
"以近年以来","0","2","2"
"认为是这样","0","2","2"
"公卿大臣讨","0","2","2"
"卿大臣讨论","0","2","2"
"大臣讨论这","0","2","2"
"斤等三十多","0","2","2"
"三十多人都","0","2","2"
"虽然内心不","0","2","2"
"对方听说大","0","2","2"
"方听说大军","0","2","2"
"世祖于是命","0","2","2"
"群臣于是不","0","2","2"
"臣于是不敢","0","2","2"
"于是不敢再","0","2","2"
"如崔浩所说","0","2","2"
"占有中原地","0","2","2"
"有中原地区","0","2","2"
"帝业才开始","0","2","2"
"业才开始更","0","2","2"
"朝廷的恩泽","0","2","2"
"于是召崔浩","0","2","2"
"没有被采用","0","2","2"
"薛永宗的营","0","2","2"
"永宗的营垒","0","2","2"
"尽心尽力地","0","2","2"
"世祖在河西","0","2","2"
"自然界的变","0","2","2"
"然界的变化","0","2","2"
"界的变化规","0","2","2"
"的变化规律","0","2","2"
"世人都认为","0","2","2"
"李顺的弟弟","0","2","2"
"得到的赏赐","0","2","2"
"崔赜相亲近","0","2","2"
"可以欺负我","0","2","2"
"能保全自己","0","2","2"
"百姓憎恶他","0","2","2"
"发亻辱檀之","0","2","2"
"亻辱檀之子","0","2","2"
"檀被乞伏炽","0","2","2"
"被乞伏炽磐","0","2","2"
"叛逆的胡人","0","2","2"
"的胡人白龙","0","2","2"
"祖征讨凉州","0","2","2"
"派源贺率领","0","2","2"
"进行招安抚","0","2","2"
"行招安抚慰","0","2","2"
"平定凉州之","0","2","2"
"定凉州之后","0","2","2"
"随从世祖征","0","2","2"
"散骑常侍之","0","2","2"
"骑常侍之职","0","2","2"
"又被授任为","0","2","2"
"被授任为殿","0","2","2"
"授任为殿中","0","2","2"
"安王拓跋余","0","2","2"
"同南部尚书","0","2","2"
"社稷得以安","0","2","2"
"爵位为西平","0","2","2"
"位为西平王","0","2","2"
"高宗即位之","0","2","2"
"阴谋反叛朝","0","2","2"
"反叛朝廷的","0","2","2"
"逆不道的罪","0","2","2"
"私下考虑先","0","2","2"
"源贺向皇帝","0","2","2"
"贺向皇帝上","0","2","2"
"保全自己的","0","2","2"
"罪行的轻重","0","2","2"
"休养生息的","0","2","2"
"就是这个意","0","2","2"
"是这个意思","0","2","2"
"臣蒙受皇上","0","2","2"
"百姓的徭役","0","2","2"
"图谋反叛朝","0","2","2"
"皇帝赐给他","0","2","2"
"人代替他的","0","2","2"
"跟随皇帝进","0","2","2"
"显祖打算把","0","2","2"
"祖打算把皇","0","2","2"
"算把皇位传","0","2","2"
"把皇位传给","0","2","2"
"皇位传给京","0","2","2"
"位传给京兆","0","2","2"
"传给京兆王","0","2","2"
"授给了高祖","0","2","2"
"河西敕勒人","0","2","2"
"上圭阝反叛","0","2","2"
"最重要的内","0","2","2"
"重要的内容","0","2","2"
"把它进献给","0","2","2"
"请求辞去官","0","2","2"
"求辞去官职","0","2","2"
"屯驻在大沙","0","2","2"
"驻在大沙漠","0","2","2"
"向朝廷进言","0","2","2"
"又赐给他衣","0","2","2"
"太和元年二","0","2","2"
"和元年二月","0","2","2"
"派太医前去","0","2","2"
"皇帝追授他","0","2","2"
"帝追授他为","0","2","2"
"规定其谥号","0","2","2"
"皇帝令源怀","0","2","2"
"任长安镇将","0","2","2"
"督率诸军征","0","2","2"
"率诸军征讨","0","2","2"
"迁任尚书令","0","2","2"
"任司州刺史","0","2","2"
"于是向皇帝","0","2","2"
"勋品以下的","0","2","2"
"被揭发而逃","0","2","2"
"九品以上的","0","2","2"
"萧衍举事成","0","2","2"
"衍举事成功","0","2","2"
"土崩瓦解之","0","2","2"
"崩瓦解之势","0","2","2"
"如果像这样","0","2","2"
"果像这样做","0","2","2"
"委付他进行","0","2","2"
"付他进行处","0","2","2"
"他进行处置","0","2","2"
"被征召到京","0","2","2"
"臣私下考虑","0","2","2"
"令源怀任使","0","2","2"
"源怀任使持","0","2","2"
"怀任使持节","0","2","2"
"巡行北部边","0","2","2"
"行北部边境","0","2","2"
"后的父亲于","0","2","2"
"的父亲于劲","0","2","2"
"到他的镇所","0","2","2"
"姓因此而困","0","2","2"
"请求将各镇","0","2","2"
"百姓怨声载","0","2","2"
"姓怨声载道","0","2","2"
"减去五分之","0","2","2"
"于北方边地","0","2","2"
"以本官加授","0","2","2"
"王杨绍先的","0","2","2"
"杨绍先的叔","0","2","2"
"绍先的叔父","0","2","2"
"先的叔父杨","0","2","2"
"的叔父杨集","0","2","2"
"叔父杨集起","0","2","2"
"他见机行事","0","2","2"
"赠他为司徒","0","2","2"
"定谥号为靖","0","2","2"
"经常对别人","0","2","2"
"常对别人说","0","2","2"
"隐居首阳山","0","2","2"
"成全他的美","0","2","2"
"全他的美德","0","2","2"
"都是为了保","0","2","2"
"由于犯了罪","0","2","2"
"皇帝令源子","0","2","2"
"令源子恭持","0","2","2"
"源子恭持节","0","2","2"
"子恭持节为","0","2","2"
"率领诸将进","0","2","2"
"本来就很少","0","2","2"
"书表奏上朝","0","2","2"
"表奏上朝廷","0","2","2"
"及至六镇反","0","2","2"
"至六镇反叛","0","2","2"
"朝廷以源子","0","2","2"
"廷以源子恭","0","2","2"
"以源子恭兼","0","2","2"
"源子恭兼任","0","2","2"
"加授后将军","0","2","2"
"授源子恭为","0","2","2"
"萧衍的豫州","0","2","2"
"衍的豫州刺","0","2","2"
"领部众三万","0","2","2"
"朝廷授任他","0","2","2"
"廷授任他为","0","2","2"
"他为镇南将","0","2","2"
"源子恭率领","0","2","2"
"百姓迁徙到","0","2","2"
"萧衍的直将","0","2","2"
"衍的直将军","0","2","2"
"军将其击败","0","2","2"
"洛阳的时候","0","2","2"
"后加授散骑","0","2","2"
"各地的蛮人","0","2","2"
"征讨的功勋","0","2","2"
"不久迁任侍","0","2","2"
"久迁任侍中","0","2","2"
"源子恭为都","0","2","2"
"子恭为都督","0","2","2"
"于大夏门北","0","2","2"
"迁任卫将军","0","2","2"
"构筑堡垒用","0","2","2"
"筑堡垒用以","0","2","2"
"堡垒用以防","0","2","2"
"尔朱兆率领","0","2","2"
"率领部众向","0","2","2"
"投降尔朱兆","0","2","2"
"兖二州诸军","0","2","2"
"定谥号为文","0","2","2"
"轻时擅长骑","0","2","2"
"时擅长骑马","0","2","2"
"在东宫供职","0","2","2"
"在片刻之间","0","2","2"
"他的父亲为","0","2","2"
"奴仆五十户","0","2","2"
"十一年去世","0","2","2"
"依照安城王","0","2","2"
"照安城王叔","0","2","2"
"他为中书侍","0","2","2"
"补正缺点过","0","2","2"
"正缺点过失","0","2","2"
"跟从征讨赫","0","2","2"
"跟从征讨平","0","2","2"
"因功被任命","0","2","2"
"经常跟从征","0","2","2"
"常跟从征伐","0","2","2"
"驿站的车马","0","2","2"
"赠为襄城王","0","2","2"
"与他同睡同","0","2","2"
"他同睡同起","0","2","2"
"之女嫁给他","0","2","2"
"兴安二年去","0","2","2"
"仁继承爵位","0","2","2"
"因善于骑马","0","2","2"
"领几十名骑","0","2","2"
"减免刑罚的","0","2","2"
"作为皇帝的","0","2","2"
"赏赐数以万","0","2","2"
"赐数以万计","0","2","2"
"年二十三岁","0","2","2"
"授右军将军","0","2","2"
"众归顺北魏","0","2","2"
"娶昭成帝的","0","2","2"
"昭成帝的女","0","2","2"
"成帝的女儿","0","2","2"
"阴公主为妻","0","2","2"
"是河内温人","0","2","2"
"晋宣帝司马","0","2","2"
"宣帝司马懿","0","2","2"
"马德宗的平","0","2","2"
"德宗的平西","0","2","2"
"宗的平西将","0","2","2"
"司马休之被","0","2","2"
"马休之的儿","0","2","2"
"休之的儿子","0","2","2"
"之的儿子司","0","2","2"
"儿子司马文","0","2","2"
"子司马文思","0","2","2"
"司马尚之的","0","2","2"
"表给司马德","0","2","2"
"兵讨伐刘裕","0","2","2"
"率军前往援","0","2","2"
"之等人投奔","0","2","2"
"以及司马德","0","2","2"
"及司马德宗","0","2","2"
"子司马道赐","0","2","2"
"治中韩延之","0","2","2"
"陈郡人袁式","0","2","2"
"郡人袁式等","0","2","2"
"妻子儿女到","0","2","2"
"他为征西大","0","2","2"
"等人反叛朝","0","2","2"
"世祖任司马","0","2","2"
"祖任司马文","0","2","2"
"任司马文思","0","2","2"
"像你所说的","0","2","2"
"淮河以北的","0","2","2"
"河以北的百","0","2","2"
"以北的百姓","0","2","2"
"分别安置在","0","2","2"
"这实在是陛","0","2","2"
"实在是陛下","0","2","2"
"司马楚之在","0","2","2"
"马楚之在长","0","2","2"
"楚之在长社","0","2","2"
"之在长社打","0","2","2"
"在长社打败","0","2","2"
"获刘义隆将","0","2","2"
"李元德以及","0","2","2"
"元德以及东","0","2","2"
"德以及东郡","0","2","2"
"以及东郡太","0","2","2"
"及东郡太守","0","2","2"
"他身边的人","0","2","2"
"臣思陛下圣","0","2","2"
"思陛下圣德","0","2","2"
"之跟从皇驾","0","2","2"
"刘义隆派将","0","2","2"
"马楚之为假","0","2","2"
"楚之为假节","0","2","2"
"督领关中诸","0","2","2"
"军从散关西","0","2","2"
"从散关西进","0","2","2"
"将军封沓逃","0","2","2"
"军封沓逃入","0","2","2"
"司马楚之以","0","2","2"
"和平五年去","0","2","2"
"平五年去世","0","2","2"
"为厉威将军","0","2","2"
"亲的爵位为","0","2","2"
"爵位为关内","0","2","2"
"位为关内侯","0","2","2"
"世祖亲自率","0","2","2"
"祖亲自率军","0","2","2"
"授任为冀州","0","2","2"
"将他们全部","0","2","2"
"征召陆俟回","0","2","2"
"召陆俟回到","0","2","2"
"陆俟回到京","0","2","2"
"凭我愚昧的","0","2","2"
"的爵位回到","0","2","2"
"世祖听说此","0","2","2"
"跟随皇帝出","0","2","2"
"随皇帝出征","0","2","2"
"又与高凉王","0","2","2"
"与高凉王拓","0","2","2"
"王拓跋那率","0","2","2"
"率军渡过黄","0","2","2"
"把那里的民","0","2","2"
"那里的民户","0","2","2"
"盖吴的两个","0","2","2"
"吴的两个叔","0","2","2"
"想要把他们","0","2","2"
"盖吴一个人","0","2","2"
"盖吴的叔父","0","2","2"
"抓住了他的","0","2","2"
"那里的百姓","0","2","2"
"是由于他们","0","2","2"
"官吏和百姓","0","2","2"
"到镇所上任","0","2","2"
"将士的斗志","0","2","2"
"授他为外都","0","2","2"
"官至尚书令","0","2","2"
"命他为太子","0","2","2"
"刁雍对叔孙","0","2","2"
"雍对叔孙建","0","2","2"
"对叔孙建说","0","2","2"
"叔孙建不听","0","2","2"
"哪里还能再","0","2","2"
"叔孙建于是","0","2","2"
"帝又下诏让","0","2","2"
"太平真君二","0","2","2"
"平真君二年","0","2","2"
"帝下诏让刁","0","2","2"
"下诏让刁雍","0","2","2"
"与建兴公古","0","2","2"
"十余名将领","0","2","2"
"便国利民的","0","2","2"
"在黄河西面","0","2","2"
"利国利民的","0","2","2"
"而今臣请求","0","2","2"
"今臣请求在","0","2","2"
"五天就到了","0","2","2"
"类似于这种","0","2","2"
"平真君十年","0","2","2"
"有国有家者","0","2","2"
"说的不就是","0","2","2"
"有一百多篇","0","2","2"
"年冬天去世","0","2","2"
"被任命为后","0","2","2"
"任左军将军","0","2","2"
"任命李顺为","0","2","2"
"赐给奴婢十","0","2","2"
"给奴婢十五","0","2","2"
"任四部尚书","0","2","2"
"使边远地区","0","2","2"
"升爵位为高","0","2","2"
"爵位为高平","0","2","2"
"位为高平公","0","2","2"
"不跪拜的诏","0","2","2"
"跪拜的诏令","0","2","2"
"臣子的礼节","0","2","2"
"少数民族就","0","2","2"
"就感到遗憾","0","2","2"
"什么办法呢","0","2","2"
"继承先世的","0","2","2"
"承先世的爵","0","2","2"
"先世的爵位","0","2","2"
"李顺回答说","0","2","2"
"到他的儿子","0","2","2"
"才能出众的","0","2","2"
"必定是这人","0","2","2"
"李顺出使凉","0","2","2"
"顺出使凉州","0","2","2"
"相信他的话","0","2","2"
"贻误国家大","0","2","2"
"误国家大事","0","2","2"
"在朝中当权","0","2","2"
"加上有文才","0","2","2"
"认为他们的","0","2","2"
"在万里之外","0","2","2"
"善良的百姓","0","2","2"
"是有功劳的","0","2","2"
"的有十多人","0","2","2"
"同时被处死","0","2","2"
"当时的人为","0","2","2"
"时的人为他","0","2","2"
"守渡口的官","0","2","2"
"渡口的官吏","0","2","2"
"不久升任散","0","2","2"
"久升任散骑","0","2","2"
"母亲年老请","0","2","2"
"亲年老请求","0","2","2"
"改任骁骑将","0","2","2"
"兼吏部郎中","0","2","2"
"淮王元或等","0","2","2"
"派遣兼黄门","0","2","2"
"遣兼黄门侍","0","2","2"
"令交付廷尉","0","2","2"
"灵太后认为","0","2","2"
"太后认为元","0","2","2"
"时五十八岁","0","2","2"
"任梁州骠骑","0","2","2"
"任太尉参军","0","2","2"
"的第二个女","0","2","2"
"第二个女儿","0","2","2"
"在郡中去世","0","2","2"
"加授通直散","0","2","2"
"授通直散骑","0","2","2"
"于十室之邑","0","2","2"
"都合乎规矩","0","2","2"
"所写作的诗","0","2","2"
"写作的诗赋","0","2","2"
"齐接受禅让","0","2","2"
"议论国事兴","0","2","2"
"论国事兴革","0","2","2"
"赐给钱二十","0","2","2"
"给钱二十万","0","2","2"
"从世祖征讨","0","2","2"
"以才能学识","0","2","2"
"南王元悦的","0","2","2"
"跟从尔朱荣","0","2","2"
"兼任散骑常","0","2","2"
"赠为征虏将","0","2","2"
"兄弟的儿子","0","2","2"
"用旁门左道","0","2","2"
"阳王元继的","0","2","2"
"升任右将军","0","2","2"
"的弟弟元罗","0","2","2"
"终年五十七","0","2","2"
"任东平太守","0","2","2"
"年四十二岁","0","2","2"
"任北海太守","0","2","2"
"葛荣的功劳","0","2","2"
"在梁城打败","0","2","2"
"梁城打败萧","0","2","2"
"武定六年去","0","2","2"
"定六年去世","0","2","2"
"州京兆王元","0","2","2"
"李熙本家族","0","2","2"
"熙本家族的","0","2","2"
"本家族的孙","0","2","2"
"家族的孙子","0","2","2"
"任平昌太守","0","2","2"
"萧衍又派遣","0","2","2"
"衍又派遣他","0","2","2"
"年四十七岁","0","2","2"
"年被任命为","0","2","2"
"任命为太尉","0","2","2"
"不奉行法度","0","2","2"
"朝廷控告他","0","2","2"
"授任定州刺","0","2","2"
"授任尚书左","0","2","2"
"三次前往的","0","2","2"
"前往的礼仪","0","2","2"
"卿大夫以下","0","2","2"
"服丧一年的","0","2","2"
"丧一年的亲","0","2","2"
"一年的亲属","0","2","2"
"大功的亲属","0","2","2"
"的亲属为之","0","2","2"
"亲属为之前","0","2","2"
"属为之前去","0","2","2"
"入棺时前往","0","2","2"
"等人议论说","0","2","2"
"办丧事的开","0","2","2"
"亲自前往的","0","2","2"
"应该再哭吊","0","2","2"
"新近的尊贵","0","2","2"
"谧号为悼王","0","2","2"
"王的儿子五","0","2","2"
"儿子五茎继","0","2","2"
"子五茎继承","0","2","2"
"高祖喜爱他","0","2","2"
"士兵死亡的","0","2","2"
"名籍成为平","0","2","2"
"籍成为平民","0","2","2"
"不久恢复王","0","2","2"
"久恢复王爵","0","2","2"
"十分有威望","0","2","2"
"不久升为侍","0","2","2"
"久升为侍中","0","2","2"
"学识广见闻","0","2","2"
"识广见闻多","0","2","2"
"人们都安居","0","2","2"
"们都安居乐","0","2","2"
"是太原晋阳","0","2","2"
"凉州平定后","0","2","2"
"为侍御中散","0","2","2"
"不久又升为","0","2","2"
"受到的宠爱","0","2","2"
"朝中官员都","0","2","2"
"太和三年春","0","2","2"
"皇帝诏令王","0","2","2"
"令以下官员","0","2","2"
"不是很好吗","0","2","2"
"高祖采纳了","0","2","2"
"的人有一千","0","2","2"
"人有一千多","0","2","2"
"给他许多珍","0","2","2"
"显示自己的","0","2","2"
"不合礼制的","0","2","2"
"合礼制的祭","0","2","2"
"礼制的祭祀","0","2","2"
"葬于京城之","0","2","2"
"于京城之东","0","2","2"
"皇帝又诏令","0","2","2"
"定谥号为定","0","2","2"
"迁都洛阳之","0","2","2"
"都洛阳之后","0","2","2"
"帝对他的宠","0","2","2"
"赵修的母亲","0","2","2"
"一定要让他","0","2","2"
"定要让他们","0","2","2"
"父亲办理丧","0","2","2"
"亲办理丧事","0","2","2"
"怕受到牵连","0","2","2"
"处以极刑的","0","2","2"
"见了他非常","0","2","2"
"世宗即位以","0","2","2"
"世宗亲临朝","0","2","2"
"茹皓受到皇","0","2","2"
"皓受到皇帝","0","2","2"
"到皇帝的宠","0","2","2"
"被皇帝宠幸","0","2","2"
"世宗到邺城","0","2","2"
"到世宗的宠","0","2","2"
"任为员外郎","0","2","2"
"亲自处理朝","0","2","2"
"海王元详所","0","2","2"
"又奏请皇帝","0","2","2"
"被授予中散","0","2","2"
"任典御之职","0","2","2"
"与侍中崔光","0","2","2"
"东宫迎接肃","0","2","2"
"宫迎接肃宗","0","2","2"
"迎接肃宗即","0","2","2"
"接肃宗即位","0","2","2"
"升为卫将军","0","2","2"
"这是先帝所","0","2","2"
"如此厚重的","0","2","2"
"此厚重的宠","0","2","2"
"廷尉对侯刚","0","2","2"
"城王元澄替","0","2","2"
"王元澄替他","0","2","2"
"在宣光殿召","0","2","2"
"宣光殿召见","0","2","2"
"究竟有什么","0","2","2"
"于是下达诏","0","2","2"
"是下达诏令","0","2","2"
"为皇帝进奉","0","2","2"
"河王元怿所","0","2","2"
"侯刚的长子","0","2","2"
"元叉的妹夫","0","2","2"
"沮渠牧犍继","0","2","2"
"的女儿为夫","0","2","2"
"女儿为夫人","0","2","2"
"把他的年号","0","2","2"
"沮渠牧犍为","0","2","2"
"得到朝廷的","0","2","2"
"上表请求皇","0","2","2"
"沮渠牧犍派","0","2","2"
"志在安抚边","0","2","2"
"在安抚边远","0","2","2"
"所受到的宠","0","2","2"
"接圣上车驾","0","2","2"
"人在城南抗","0","2","2"
"在城南抗拒","0","2","2"
"派遣使者晓","0","2","2"
"沮渠万年率","0","2","2"
"渠万年率领","0","2","2"
"万年率领部","0","2","2"
"年率领部下","0","2","2"
"沮渠牧犍同","0","2","2"
"文武官员全","0","2","2"
"解开他们的","0","2","2"
"沮渠牧犍与","0","2","2"
"们兄弟三人","0","2","2"
"的礼仪厚葬","0","2","2"
"凉州的时候","0","2","2"
"又有人告发","0","2","2"
"有人告发沮","0","2","2"
"人告发沮渠","0","2","2"
"告发沮渠牧","0","2","2"
"发沮渠牧犍","0","2","2"
"杀死一百多","0","2","2"
"死一百多人","0","2","2"
"先前已投降","0","2","2"
"给他定谥号","0","2","2"
"他定谥号为","0","2","2"
"因为他父亲","0","2","2"
"州二州刺史","0","2","2"
"宗室之女嫁","0","2","2"
"室之女嫁给","0","2","2"
"就授任刘渊","0","2","2"
"计划告诉他","0","2","2"
"讨伐成都王","0","2","2"
"部众五万人","0","2","2"
"的时间长久","0","2","2"
"以安抚天下","0","2","2"
"率领一万骑","0","2","2"
"刘渊部将綦","0","2","2"
"的第四个弟","0","2","2"
"第四个弟弟","0","2","2"
"被成都王司","0","2","2"
"他非常高兴","0","2","2"
"自立为帝的","0","2","2"
"立为帝的时","0","2","2"
"为帝的时候","0","2","2"
"的两个女儿","0","2","2"
"女儿为左右","0","2","2"
"刘渊同族兄","0","2","2"
"渊同族兄弟","0","2","2"
"同族兄弟之","0","2","2"
"族兄弟之子","0","2","2"
"兄弟之子刘","0","2","2"
"弟之子刘曜","0","2","2"
"军队里的人","0","2","2"
"高七尺五寸","0","2","2"
"封为中山公","0","2","2"
"定年号为建","0","2","2"
"的几个弟弟","0","2","2"
"石虎让他的","0","2","2"
"虎让他的太","0","2","2"
"他的太子石","0","2","2"
"四十多万人","0","2","2"
"扰黎民百姓","0","2","2"
"共计三万多","0","2","2"
"等人答应了","0","2","2"
"建国十二年","0","2","2"
"突然刮起大","0","2","2"
"然刮起大风","0","2","2"
"而自立为帝","0","2","2"
"慕容元真的","0","2","2"
"投奔慕容垂","0","2","2"
"放开一条路","0","2","2"
"仪出使慕容","0","2","2"
"知道太祖的","0","2","2"
"拥有数万之","0","2","2"
"有数万之众","0","2","2"
"慕容垂打算","0","2","2"
"万骑兵在黄","0","2","2"
"骑兵在黄河","0","2","2"
"十万骑兵在","0","2","2"
"灾祸的征兆","0","2","2"
"容宝的军营","0","2","2"
"把皇位让给","0","2","2"
"皇位让给他","0","2","2"
"免去皇帝的","0","2","2"
"去皇帝的称","0","2","2"
"皇帝的称号","0","2","2"
"苻坚的弟弟","0","2","2"
"改年号为建","0","2","2"
"派遣使者牛","0","2","2"
"遣使者牛恬","0","2","2"
"苻坚派遣他","0","2","2"
"坚派遣他的","0","2","2"
"的儿子长乐","0","2","2"
"儿子长乐公","0","2","2"
"子长乐公苻","0","2","2"
"长乐公苻丕","0","2","2"
"从黄河进入","0","2","2"
"并占领了它","0","2","2"
"带领一千多","0","2","2"
"一千多骑兵","0","2","2"
"向苻坚请求","0","2","2"
"杀死了苻坚","0","2","2"
"死了苻坚部","0","2","2"
"了苻坚部将","0","2","2"
"苻坚派遣使","0","2","2"
"坚派遣使者","0","2","2"
"难道不感到","0","2","2"
"总领军事和","0","2","2"
"数千骑兵逃","0","2","2"
"道投奔司马","0","2","2"
"投奔司马昌","0","2","2"
"奔司马昌明","0","2","2"
"管膳食的官","0","2","2"
"膳食的官员","0","2","2"
"他为梁州刺","0","2","2"
"为梁州刺史","0","2","2"
"派谒者仆射","0","2","2"
"率领数千骑","0","2","2"
"们都认为不","0","2","2"
"派他的弟弟","0","2","2"
"义阳公姚平","0","2","2"
"阳公姚平率","0","2","2"
"公姚平率领","0","2","2"
"率领四万人","0","2","2"
"领四万人马","0","2","2"
"精锐骑兵二","0","2","2"
"骑兵二百人","0","2","2"
"的前锋将领","0","2","2"
"听说姚兴将","0","2","2"
"说姚兴将要","0","2","2"
"汾水弯曲处","0","2","2"
"城内的姚平","0","2","2"
"的部众三万","0","2","2"
"有两只狐狸","0","2","2"
"他的西平公","0","2","2"
"的西平公主","0","2","2"
"因为犯了罪","0","2","2"
"世祖在长江","0","2","2"
"祖在长江边","0","2","2"
"授任宗爱为","0","2","2"
"对他们有所","0","2","2"
"正平二年春","0","2","2"
"立元余为君","0","2","2"
"朝廷内外都","0","2","2"
"廷内外都畏","0","2","2"
"内外都畏惧","0","2","2"
"外都畏惧他","0","2","2"
"夺他的权力","0","2","2"
"赐爵位为睢","0","2","2"
"爵位为睢阳","0","2","2"
"做到人尽其","0","2","2"
"到人尽其才","0","2","2"
"加授侍中之","0","2","2"
"授侍中之职","0","2","2"
"爵位升进为","0","2","2"
"给京兆王元","0","2","2"
"京兆王元子","0","2","2"
"兆王元子推","0","2","2"
"没有人敢于","0","2","2"
"述自己的看","0","2","2"
"自己的看法","0","2","2"
"尚书李讠斤","0","2","2"
"受显祖的宠","0","2","2"
"为东徐州刺","0","2","2"
"出任徐州刺","0","2","2"
"在官任上去","0","2","2"
"官任上去世","0","2","2"
"把他的灵柩","0","2","2"
"赠他为司空","0","2","2"
"他为司空公","0","2","2"
"起初任中散","0","2","2"
"的官职做到","0","2","2"
"职做到了乐","0","2","2"
"做到了乐陵","0","2","2"
"刘腾收养的","0","2","2"
"高祖所在地","0","2","2"
"太后临朝执","0","2","2"
"后临朝执政","0","2","2"
"废黜灵太后","0","2","2"
"生杀予夺之","0","2","2"
"杀予夺之权","0","2","2"
"时年六十岁","0","2","2"
"在这个时候","0","2","2"
"王司马道子","0","2","2"
"兖州刺史王","0","2","2"
"马德宗授任","0","2","2"
"司马尚之兄","0","2","2"
"马尚之兄弟","0","2","2"
"司马刘牢之","0","2","2"
"等人大为惊","0","2","2"
"殷仲堪派龙","0","2","2"
"仲堪派龙骧","0","2","2"
"堪派龙骧将","0","2","2"
"城内大闹饥","0","2","2"
"内大闹饥荒","0","2","2"
"自己的军队","0","2","2"
"长史卞范之","0","2","2"
"君主的野心","0","2","2"
"刘牢之为前","0","2","2"
"牢之为前锋","0","2","2"
"任录尚书事","0","2","2"
"以作威作福","0","2","2"
"挟持司马德","0","2","2"
"持司马德宗","0","2","2"
"司马德宗出","0","2","2"
"准带甲仗二","0","2","2"
"带甲仗二百","0","2","2"
"和他的儿子","0","2","2"
"史司马尚之","0","2","2"
"领平西将军","0","2","2"
"豫州刺史等","0","2","2"
"州刺史等职","0","2","2"
"是有征无战","0","2","2"
"总领文武百","0","2","2"
"要亲自前去","0","2","2"
"皇位禅让给","0","2","2"
"他的曾祖父","0","2","2"
"知道他不会","0","2","2"
"主管的官员","0","2","2"
"马德宗的彭","0","2","2"
"德宗的彭城","0","2","2"
"宗的彭城内","0","2","2"
"的彭城内史","0","2","2"
"了徐州刺史","0","2","2"
"为征讨都督","0","2","2"
"曹靖回答说","0","2","2"
"到达石头城","0","2","2"
"桓玄之子桓","0","2","2"
"玄之子桓升","0","2","2"
"司马德宗从","0","2","2"
"接纳了他们","0","2","2"
"对他们施以","0","2","2"
"派使者来进","0","2","2"
"把司马德宗","0","2","2"
"桓石康等人","0","2","2"
"杀掉司马德","0","2","2"
"定谥号为武","0","2","2"
"司马德宗为","0","2","2"
"兼任中领军","0","2","2"
"冯文通的尚","0","2","2"
"文通的尚书","0","2","2"
"文通向大魏","0","2","2"
"冯文通说道","0","2","2"
"慕容氏所生","0","2","2"
"乐陵公冯邈","0","2","2"
"了他们的意","0","2","2"
"他们的意见","0","2","2"
"的成败得失","0","2","2"
"兼鸿胪卿李","0","2","2"
"征虏将军以","0","2","2"
"冯文通派遣","0","2","2"
"率诸军前往","0","2","2"
"深厚的恩泽","0","2","2"
"冯文通听了","0","2","2"
"兵前往征讨","0","2","2"
"朝廷充当人","0","2","2"
"廷充当人质","0","2","2"
"就来不及了","0","2","2"
"迎接冯文通","0","2","2"
"有一尺二寸","0","2","2"
"一尺二寸长","0","2","2"
"朱蒙的母亲","0","2","2"
"就有了身孕","0","2","2"
"得知以后就","0","2","2"
"世祖赞赏他","0","2","2"
"领护东夷中","0","2","2"
"这个地方的","0","2","2"
"老百姓都是","0","2","2"
"送回冯文通","0","2","2"
"当与冯文通","0","2","2"
"与冯文通一","0","2","2"
"就遵奉朝廷","0","2","2"
"在海中截获","0","2","2"
"萧道成的使","0","2","2"
"道成的使者","0","2","2"
"萧道成杀了","0","2","2"
"世宗在东堂","0","2","2"
"向世宗进言","0","2","2"
"一直到武定","0","2","2"
"高句丽国的","0","2","2"
"把他的尸体","0","2","2"
"勿吉国派遣","0","2","2"
"吉国派遣使","0","2","2"
"再次派使者","0","2","2"
"有一段时间","0","2","2"
"高祖征讨南","0","2","2"
"祖征讨南方","0","2","2"
"被武卫将军","0","2","2"
"骑逃走得以","0","2","2"
"被任命为辅","0","2","2"
"任命为辅国","0","2","2"
"命为辅国将","0","2","2"
"他的儿子萧","0","2","2"
"萧衍不久就","0","2","2"
"兵袭击萧衍","0","2","2"
"他送至京师","0","2","2"
"又派他的部","0","2","2"
"他的宁朔将","0","2","2"
"山王元英将","0","2","2"
"部将赵祖悦","0","2","2"
"派冠军将军","0","2","2"
"张惠绍率领","0","2","2"
"刘思祖在邵","0","2","2"
"思祖在邵阳","0","2","2"
"元英在樊城","0","2","2"
"英在樊城打","0","2","2"
"在樊城打败","0","2","2"
"樊城打败萧","0","2","2"
"败萧衍部将","0","2","2"
"萧衍的义阳","0","2","2"
"萧衍部将马","0","2","2"
"衍部将马仙","0","2","2"
"部将马仙鴘","0","2","2"
"灵恩等十多","0","2","2"
"刺史张宗之","0","2","2"
"史张宗之派","0","2","2"
"前来请求归","0","2","2"
"来请求归附","0","2","2"
"请求归附朝","0","2","2"
"求归附朝廷","0","2","2"
"汉中归附朝","0","2","2"
"中归附朝廷","0","2","2"
"皇帝令尚书","0","2","2"
"帝令尚书邢","0","2","2"
"令尚书邢峦","0","2","2"
"破萧衍的军","0","2","2"
"于是进入剑","0","2","2"
"是进入剑阁","0","2","2"
"他的辅国将","0","2","2"
"邢峦又派统","0","2","2"
"峦又派统军","0","2","2"
"王足打败萧","0","2","2"
"足打败萧衍","0","2","2"
"斩杀三千人","0","2","2"
"败萧衍部众","0","2","2"
"十多员将领","0","2","2"
"率军侵犯寿","0","2","2"
"军侵犯寿春","0","2","2"
"俘获数千人","0","2","2"
"正始三年正","0","2","2"
"始三年正月","0","2","2"
"将军陈伯之","0","2","2"
"了其辅国将","0","2","2"
"魏军追击到","0","2","2"
"军追击到了","0","2","2"
"攻占萧衍的","0","2","2"
"俘虏敌军五","0","2","2"
"将军元恒攻","0","2","2"
"军元恒攻克","0","2","2"
"元恒攻克固","0","2","2"
"恒攻克固城","0","2","2"
"其大将蓝怀","0","2","2"
"右仆射柳忄","0","2","2"
"仆射柳忄炎","0","2","2"
"史昌义之等","0","2","2"
"昌义之等人","0","2","2"
"山王元英率","0","2","2"
"王元英率军","0","2","2"
"将军马仙鴘","0","2","2"
"邢峦率领骑","0","2","2"
"峦率领骑兵","0","2","2"
"率领骑兵进","0","2","2"
"兵进行讨伐","0","2","2"
"邢峦攻克悬","0","2","2"
"率领部众侵","0","2","2"
"领部众侵犯","0","2","2"
"败并擒获了","0","2","2"
"山王元英攻","0","2","2"
"萧衍的长薄","0","2","2"
"衍的长薄戍","0","2","2"
"萧衍的云骑","0","2","2"
"衍的云骑将","0","2","2"
"的云骑将军","0","2","2"
"开国子彭瓮","0","2","2"
"当阳县开国","0","2","2"
"元履放弃黄","0","2","2"
"履放弃黄岘","0","2","2"
"放弃黄岘逃","0","2","2"
"弃黄岘逃走","0","2","2"
"永平四年春","0","2","2"
"萧衍所属琅","0","2","2"
"衍所属琅笽","0","2","2"
"所属琅笽郡","0","2","2"
"斩了萧衍的","0","2","2"
"了萧衍的辅","0","2","2"
"山戍主刘晰","0","2","2"
"城归附于朝","0","2","2"
"刺史卢昶派","0","2","2"
"兼郯城戍副","0","2","2"
"郯城戍副将","0","2","2"
"城戍副将张","0","2","2"
"戍副将张天","0","2","2"
"副将张天惠","0","2","2"
"将张天惠率","0","2","2"
"张天惠与王","0","2","2"
"天惠与王万","0","2","2"
"惠与王万寿","0","2","2"
"与王万寿等","0","2","2"
"斩杀敌军数","0","2","2"
"杀敌军数百","0","2","2"
"派琅笽戍主","0","2","2"
"州归附朝廷","0","2","2"
"萧衍派兵侵","0","2","2"
"衍派兵侵犯","0","2","2"
"恒农太守王","0","2","2"
"等侵犯边境","0","2","2"
"俘获他的部","0","2","2"
"赵祖悦率领","0","2","2"
"皇帝令镇南","0","2","2"
"传送到京师","0","2","2"
"将军萧宝夤","0","2","2"
"法僧占据州","0","2","2"
"僧占据州城","0","2","2"
"萧综镇守彭","0","2","2"
"综镇守彭城","0","2","2"
"以为是自己","0","2","2"
"为是自己的","0","2","2"
"他非常宠爱","0","2","2"
"是他的儿子","0","2","2"
"他的北梁州","0","2","2"
"的北梁州长","0","2","2"
"史傅竖眼派","0","2","2"
"他的儿子傅","0","2","2"
"的儿子傅敬","0","2","2"
"子傅敬绍率","0","2","2"
"锡休儒等人","0","2","2"
"休儒等人逃","0","2","2"
"萧衍的益州","0","2","2"
"衍的益州刺","0","2","2"
"史萧渊猷派","0","2","2"
"围攻小剑戍","0","2","2"
"刺史邴虬派","0","2","2"
"别将淳于诞","0","2","2"
"又改年号为","0","2","2"
"生擒曹义宗","0","2","2"
"海王元颢投","0","2","2"
"王元颢投奔","0","2","2"
"史茹怀朗派","0","2","2"
"步骑兵三千","0","2","2"
"徐兖二州刺","0","2","2"
"他的邺王元","0","2","2"
"的邺王元树","0","2","2"
"邺王元树和","0","2","2"
"王元树和谯","0","2","2"
"元树和谯州","0","2","2"
"树和谯州刺","0","2","2"
"和谯州刺史","0","2","2"
"湛僧珍等人","0","2","2"
"刺史陈庆之","0","2","2"
"刺史尧雄将","0","2","2"
"萧衍的雍州","0","2","2"
"衍的雍州刺","0","2","2"
"史尧雄攻打","0","2","2"
"向齐献武王","0","2","2"
"帝准许了他","0","2","2"
"派他的散骑","0","2","2"
"派遣使者回","0","2","2"
"遣使者回访","0","2","2"
"徒侯景反叛","0","2","2"
"萧衍被侯景","0","2","2"
"萧衍之子萧","0","2","2"
"衍之子萧纲","0","2","2"
"派遣他哥哥","0","2","2"
"遣他哥哥的","0","2","2"
"他哥哥的儿","0","2","2"
"北兖州刺史","0","2","2"
"大破萧衍部","0","2","2"
"破萧衍部众","0","2","2"
"虏斩杀敌人","0","2","2"
"的人不可胜","0","2","2"
"侯景渡过长","0","2","2"
"景渡过长江","0","2","2"
"令朝中文武","0","2","2"
"募人丁出战","0","2","2"
"被侯景的部","0","2","2"
"死者相互枕","0","2","2"
"者相互枕藉","0","2","2"
"交付廷尉处","0","2","2"
"是为了等待","0","2","2"
"萧衍为君主","0","2","2"
"是上天要让","0","2","2"
"进入魏国的","0","2","2"
"之人都知道","0","2","2"
"又把他杀了","0","2","2"
"特殊的礼仪","0","2","2"
"司马德宗属","0","2","2"
"马德宗属下","0","2","2"
"马元显为征","0","2","2"
"上表请求免","0","2","2"
"抵抗王恭等","0","2","2"
"抗王恭等人","0","2","2"
"自己的意愿","0","2","2"
"派遣自己的","0","2","2"
"司马尚之还","0","2","2"
"军队前去讨","0","2","2"
"队前去讨伐","0","2","2"
"是无事可做","0","2","2"
"被妖术蛊惑","0","2","2"
"杀死太守县","0","2","2"
"以西的地方","0","2","2"
"的不计其数","0","2","2"
"率军将要到","0","2","2"
"听说刘牢之","0","2","2"
"说刘牢之的","0","2","2"
"刘牢之的军","0","2","2"
"牢之的军队","0","2","2"
"他的儿子司","0","2","2"
"乘其不备进","0","2","2"
"其不备进行","0","2","2"
"司马德宗在","0","2","2"
"迎接司马德","0","2","2"
"接司马德宗","0","2","2"
"他的亲信党","0","2","2"
"的亲信党羽","0","2","2"
"司马德宗去","0","2","2"
"马德宗去世","0","2","2"
"司马德文被","0","2","2"
"武皇帝有十","0","2","2"
"南安王五金","0","2","2"
"凉州各军讨","0","2","2"
"州各军讨伐","0","2","2"
"各军讨伐吐","0","2","2"
"军讨伐吐谷","0","2","2"
"对各将领说","0","2","2"
"改封为临淮","0","2","2"
"授任他为中","0","2","2"
"任他为中军","0","2","2"
"他为中军大","0","2","2"
"他们的将领","0","2","2"
"一万多首级","0","2","2"
"元提的儿子","0","2","2"
"取下帽子请","0","2","2"
"下帽子请求","0","2","2"
"帽子请求解","0","2","2"
"除所任官职","0","2","2"
"又封为临淮","0","2","2"
"年轻时有才","0","2","2"
"范阳人卢道","0","2","2"
"任命他为前","0","2","2"
"派遣将领围","0","2","2"
"遣将领围困","0","2","2"
"违背他的意","0","2","2"
"元或上奏疏","0","2","2"
"没有这种事","0","2","2"
"从道理上讲","0","2","2"
"不同类呢?","0","2","2"
"议论的人说","0","2","2"
"见识的人所","0","2","2"
"喜好施行小","0","2","2"
"妻妾的礼仪","0","2","2"
"兼尚书右丞","0","2","2"
"担任北道行","0","2","2"
"任北道行台","0","2","2"
"长远的策略","0","2","2"
"安定边境的","0","2","2"
"于是上奏疏","0","2","2"
"是上奏疏请","0","2","2"
"奏疏请求治","0","2","2"
"疏请求治罪","0","2","2"
"出帝进入函","0","2","2"
"谧号为哀王","0","2","2"
"轻时沉稳机","0","2","2"
"时沉稳机敏","0","2","2"
"喜怒不表现","0","2","2"
"怒不表现在","0","2","2"
"不表现在脸","0","2","2"
"任命他为卫","0","2","2"
"出入有人侍","0","2","2"
"入有人侍卫","0","2","2"
"的人认为他","0","2","2"
"皇始年间以","0","2","2"
"奸猾的官吏","0","2","2"
"不采纳他的","0","2","2"
"凶恶的党羽","0","2","2"
"依实际情况","0","2","2"
"由此而发生","0","2","2"
"鲜于脩礼在","0","2","2"
"在定州反叛","0","2","2"
"求回到京城","0","2","2"
"太后听说后","0","2","2"
"没有什么事","0","2","2"
"向北征讨的","0","2","2"
"谷关以西的","0","2","2"
"臣下的缘故","0","2","2"
"臣下府中的","0","2","2"
"使他们如此","0","2","2"
"什么关系?","0","2","2"
"等到任尚书","0","2","2"
"危难的时候","0","2","2"
"当时齐献武","0","2","2"
"父亲所宠爱","0","2","2"
"议论的人对","0","2","2"
"任尚书祠部","0","2","2"
"恢复他的爵","0","2","2"
"复他的爵位","0","2","2"
"年号为永平","0","2","2"
"内外的人畏","0","2","2"
"外的人畏惧","0","2","2"
"其祖先是代","0","2","2"
"祖先是代人","0","2","2"
"奚康生性格","0","2","2"
"的人数很多","0","2","2"
"高聪等四支","0","2","2"
"聪等四支军","0","2","2"
"集文武官员","0","2","2"
"观看的人都","0","2","2"
"看的人都认","0","2","2"
"人都认为这","0","2","2"
"都认为这是","0","2","2"
"帝下诏任命","0","2","2"
"军讨伐敌人","0","2","2"
"他为平西将","0","2","2"
"朝廷除任为","0","2","2"
"拜授他为光","0","2","2"
"授他为光禄","0","2","2"
"他为光禄卿","0","2","2"
"领右卫将军","0","2","2"
"上表现出来","0","2","2"
"在西林园朝","0","2","2"
"西林园朝见","0","2","2"
"肃宗在宣光","0","2","2"
"宗在宣光殿","0","2","2"
"起身拉着肃","0","2","2"
"身拉着肃宗","0","2","2"
"拉着肃宗的","0","2","2"
"着肃宗的手","0","2","2"
"舍弃自己的","0","2","2"
"年五十四岁","0","2","2"
"武都氐人杨","0","2","2"
"氐人杨难当","0","2","2"
"命令尚书李","0","2","2"
"出任征虏将","0","2","2"
"属于都督李","0","2","2"
"于都督李崇","0","2","2"
"领数万人马","0","2","2"
"等人率领二","0","2","2"
"人率领二万","0","2","2"
"斩杀萧衍辅","0","2","2"
"杀萧衍辅国","0","2","2"
"与中山王元","0","2","2"
"山王元英一","0","2","2"
"高肇征讨蜀","0","2","2"
"眼到了京师","0","2","2"
"将领康绚在","0","2","2"
"领康绚在浮","0","2","2"
"康绚在浮山","0","2","2"
"在浮山筑堤","0","2","2"
"率领诸路军","0","2","2"
"领诸路军马","0","2","2"
"与萧宝夤一","0","2","2"
"不能超过他","0","2","2"
"所导致的结","0","2","2"
"导致的结果","0","2","2"
"又以本将军","0","2","2"
"离城七里的","0","2","2"
"一起讨伐敌","0","2","2"
"起讨伐敌人","0","2","2"
"你的功劳啊","0","2","2"
"他为安北将","0","2","2"
"光五年秋天","0","2","2"
"莫折天生率","0","2","2"
"无人能平定","0","2","2"
"七里的地方","0","2","2"
"又被打得大","0","2","2"
"善于抚慰将","0","2","2"
"于抚慰将士","0","2","2"
"其为使持节","0","2","2"
"萧赜派其散","0","2","2"
"赜派其散骑","0","2","2"
"派其散骑常","0","2","2"
"其散骑常侍","0","2","2"
"失在什么地","0","2","2"
"我这样的人","0","2","2"
"那又有什么","0","2","2"
"说了些什么","0","2","2"
"令文武官员","0","2","2"
"高祖以成淹","0","2","2"
"车驾到洛阳","0","2","2"
"都送给他一","0","2","2"
"祖对他很好","0","2","2"
"了具体情况","0","2","2"
"加授中坚将","0","2","2"
"授中坚将军","0","2","2"
"拜授游击将","0","2","2"
"授游击将军","0","2","2"
"董绍回答说","0","2","2"
"帝下诏不许","0","2","2"
"在长安反叛","0","2","2"
"加授平西将","0","2","2"
"授征西将军","0","2","2"
"加授车骑将","0","2","2"
"被宇文黑獭","0","2","2"
"当时天色已","0","2","2"
"时天色已晚","0","2","2"
"不是人所能","0","2","2"
"鹿胒回答说","0","2","2"
"这是有见识","0","2","2"
"拿什么来劝","0","2","2"
"授他为员外","0","2","2"
"派将领彭群","0","2","2"
"伐打败了敌","0","2","2"
"转任卫将军","0","2","2"
"兼度支尚书","0","2","2"
"又加授抚军","0","2","2"
"尚书元世隽","0","2","2"
"死于州任之","0","2","2"
"于州任之上","0","2","2"
"赠他为骠骑","0","2","2"
"尔朱荣因此","0","2","2"
"尔朱荣曾经","0","2","2"
"尔朱荣入洛","0","2","2"
"授他为中军","0","2","2"
"他为中军将","0","2","2"
"除任他为散","0","2","2"
"久又加授侍","0","2","2"
"又增食邑五","0","2","2"
"增食邑五百","0","2","2"
"与尔朱世隆","0","2","2"
"尔朱兆骑兵","0","2","2"
"向洛阳进发","0","2","2"
"到尔朱兆那","0","2","2"
"尔朱兆那里","0","2","2"
"朱兆那里去","0","2","2"
"便可一举擒","0","2","2"
"可一举擒获","0","2","2"
"入洛阳之后","0","2","2"
"齐献武王那","0","2","2"
"献武王那里","0","2","2"
"很长时间都","0","2","2"
"尔朱世隆请","0","2","2"
"的女儿为皇","0","2","2"
"女儿为皇后","0","2","2"
"献武王从邺","0","2","2"
"武王从邺城","0","2","2"
"佩服他的勇","0","2","2"
"尔朱荣虽然","0","2","2"
"朱荣上表请","0","2","2"
"荣上表请求","0","2","2"
"上表请求入","0","2","2"
"表请求入朝","0","2","2"
"尔朱荣相会","0","2","2"
"尔朱世隆不","0","2","2"
"是尔朱世隆","0","2","2"
"等到皇帝车","0","2","2"
"到皇帝车驾","0","2","2"
"皇帝车驾还","0","2","2"
"劝他不要入","0","2","2"
"在自己家里","0","2","2"
"齐献武王起","0","2","2"
"经常邀他参","0","2","2"
"尔朱荣准备","0","2","2"
"尔朱天光密","0","2","2"
"以尔朱天光","0","2","2"
"尔朱天光在","0","2","2"
"帝诏尔朱天","0","2","2"
"诏尔朱天光","0","2","2"
"尔朱天光以","0","2","2"
"朱天光以本","0","2","2"
"天光以本官","0","2","2"
"尔朱天光到","0","2","2"
"尔朱天光于","0","2","2"
"朱天光于是","0","2","2"
"于是打败擒","0","2","2"
"尔朱天光知","0","2","2"
"朱天光知道","0","2","2"
"朱天光派贺","0","2","2"
"尔朱天光因","0","2","2"
"十里的地方","0","2","2"
"朱天光与贺","0","2","2"
"道洛出城迎","0","2","2"
"洛出城迎战","0","2","2"
"到他十分高","0","2","2"
"他十分高兴","0","2","2"
"逃到天光那","0","2","2"
"听说尔朱兆","0","2","2"
"见尔朱世隆","0","2","2"
"讨伐宿勤明","0","2","2"
"伐宿勤明达","0","2","2"
"受洛干等人","0","2","2"
"等人占据河","0","2","2"
"因齐献武王","0","2","2"
"又被朝廷除","0","2","2"
"尔朱仲远等","0","2","2"
"送到齐献武","0","2","2"
"齐献武王又","0","2","2"
"等到尔朱世","0","2","2"
"到尔朱世隆","0","2","2"
"虽然被尔朱","0","2","2"
"任为御史中","0","2","2"
"献武王召集","0","2","2"
"任奏事中散","0","2","2"
"为谏议大夫","0","2","2"
"尔朱荣加害","0","2","2"
"朱兆攻入洛","0","2","2"
"兆攻入洛阳","0","2","2"
"上党王元天","0","2","2"
"党王元天穆","0","2","2"
"世世代代为","0","2","2"
"祖答应了他","0","2","2"
"答应了他的","0","2","2"
"应了他的请","0","2","2"
"被朝廷追赠","0","2","2"
"赏他的行为","0","2","2"
"朝廷同意了","0","2","2"
"年七十四岁","0","2","2"
"他散骑常侍","0","2","2"
"赠他假黄钺","0","2","2"
"对尔朱荣说","0","2","2"
"朝廷下诏让","0","2","2"
"任直尔将军","0","2","2"
"朝廷封他为","0","2","2"
"又加授他为","0","2","2"
"斛律洛阳在","0","2","2"
"律洛阳在桑","0","2","2"
"洛阳在桑乾","0","2","2"
"朱荣率领骑","0","2","2"
"荣率领骑兵","0","2","2"
"当时尔朱荣","0","2","2"
"率领军队到","0","2","2"
"尔朱荣大怒","0","2","2"
"堂叔尔朱羽","0","2","2"
"叔尔朱羽生","0","2","2"
"庆宾抓了起","0","2","2"
"宾抓了起来","0","2","2"
"他为镇北将","0","2","2"
"尔朱荣担心","0","2","2"
"又迁升他为","0","2","2"
"精锐骑兵三","0","2","2"
"锐骑兵三千","0","2","2"
"守险要之地","0","2","2"
"德侵犯黄河","0","2","2"
"侄子尔朱天","0","2","2"
"子尔朱天光","0","2","2"
"渡过黄河来","0","2","2"
"尔朱荣拥戴","0","2","2"
"在行宫朝拜","0","2","2"
"百官到行宫","0","2","2"
"所能做的只","0","2","2"
"朱荣启奏皇","0","2","2"
"荣启奏皇帝","0","2","2"
"朱荣率领精","0","2","2"
"人们议论纷","0","2","2"
"们议论纷纷","0","2","2"
"合适的地方","0","2","2"
"正因为如此","0","2","2"
"尔朱荣将要","0","2","2"
"都应弦而倒","0","2","2"
"三军将士都","0","2","2"
"帝又下诏说","0","2","2"
"冀州的长乐","0","2","2"
"相州的南赵","0","2","2"
"定州的博陵","0","2","2"
"沧州的浮阳","0","2","2"
"平州的辽西","0","2","2"
"燕州的上谷","0","2","2"
"幽州的渔阳","0","2","2"
"加上前面所","0","2","2"
"于是立他为","0","2","2"
"立他为魏主","0","2","2"
"逃黄河以北","0","2","2"
"尔朱荣与元","0","2","2"
"在黄河两岸","0","2","2"
"尔朱兆等人","0","2","2"
"元颢的儿子","0","2","2"
"尔朱荣派遣","0","2","2"
"皇帝面前说","0","2","2"
"除掉尔朱荣","0","2","2"
"尔朱荣堂弟","0","2","2"
"朱荣堂弟尔","0","2","2"
"荣堂弟尔朱","0","2","2"
"堂弟尔朱世","0","2","2"
"尔朱荣入朝","0","2","2"
"尔朱荣来到","0","2","2"
"朱荣来到洛","0","2","2"
"荣来到洛阳","0","2","2"
"皇帝在明光","0","2","2"
"帝在明光殿","0","2","2"
"杀了尔朱荣","0","2","2"
"的弟弟叉罗","0","2","2"
"叉罗的弟弟","0","2","2"
"少年即有志","0","2","2"
"年即有志操","0","2","2"
"宗即位之初","0","2","2"
"被朝廷拜授","0","2","2"
"朝廷拜授为","0","2","2"
"为治书侍御","0","2","2"
"迁任左将军","0","2","2"
"实在是令人","0","2","2"
"没有超过他","0","2","2"
"有超过他的","0","2","2"
"什么样的人","0","2","2"
"交付有关部","0","2","2"
"付有关部门","0","2","2"
"与公卿大臣","0","2","2"
"按照他的意","0","2","2"
"他的意见办","0","2","2"
"事情被发觉","0","2","2"
"等到庄帝还","0","2","2"
"到庄帝还宫","0","2","2"
"其为镇东将","0","2","2"
"达到预期目","0","2","2"
"到预期目的","0","2","2"
"都督独孤如","0","2","2"
"督独孤如愿","0","2","2"
"高谦之于是","0","2","2"
"他为宁远将","0","2","2"
"弟弟高道穆","0","2","2"
"情不能上达","0","2","2"
"英明的君主","0","2","2"
"生有三个儿","0","2","2"
"山之金铸钱","0","2","2"
"在这一点上","0","2","2"
"帝下诏准备","0","2","2"
"一个儿子出","0","2","2"
"发生的事情","0","2","2"
"升任镇远将","0","2","2"
"让他跟随左","0","2","2"
"他跟随左右","0","2","2"
"请求增加兵","0","2","2"
"帝下诏让他","0","2","2"
"过去汉文帝","0","2","2"
"严厉的刑罚","0","2","2"
"深深记恨在","0","2","2"
"深记恨在心","0","2","2"
"帝下诏从之","0","2","2"
"授他为车骑","0","2","2"
"尔朱荣引荐","0","2","2"
"朱荣引荐他","0","2","2"
"又任大行台","0","2","2"
"作为人臣应","0","2","2"
"任青州中正","0","2","2"
"着他的手说","0","2","2"
"尔朱兆入洛","0","2","2"
"年四十九岁","0","2","2"
"后来随尔朱","0","2","2"
"其余官职仍","0","2","2"
"余官职仍旧","0","2","2"
"不久又除授","0","2","2"
"当时黄河以","0","2","2"
"斛斯椿于是","0","2","2"
"投奔尔朱荣","0","2","2"
"尔朱荣任命","0","2","2"
"尔朱世隆拥","0","2","2"
"贾显智等人","0","2","2"
"世隆兄弟的","0","2","2"
"挂在自家门","0","2","2"
"选拔天下勇","0","2","2"
"为先头部队","0","2","2"
"步骑兵数千","0","2","2"
"骑兵数千人","0","2","2"
"被部下所杀","0","2","2"
"敌人越来越","0","2","2"
"渡过黄河奔","0","2","2"
"过黄河奔赴","0","2","2"
"先占据河桥","0","2","2"
"诛杀尔朱氏","0","2","2"
"引荐他为都","0","2","2"
"荐他为都督","0","2","2"
"他为都督府","0","2","2"
"樊子鹄攻克","0","2","2"
"尚书职仍旧","0","2","2"
"给贫困人家","0","2","2"
"称赞他的行","0","2","2"
"赞他的行为","0","2","2"
"加授他为仪","0","2","2"
"授他为仪同","0","2","2"
"领济州刺史","0","2","2"
"史广阳王元","0","2","2"
"帝诏贺拔胜","0","2","2"
"于是就投降","0","2","2"
"擒获萧衍将","0","2","2"
"派人安慰他","0","2","2"
"谋杀贺拔岳","0","2","2"
"杀贺拔岳的","0","2","2"
"尔朱荣令侯","0","2","2"
"朱荣令侯渊","0","2","2"
"是他的长处","0","2","2"
"俘虏五千多","0","2","2"
"因功晋爵为","0","2","2"
"等人打败了","0","2","2"
"人打败了他","0","2","2"
"跟随慕容德","0","2","2"
"宝卷将领陈","0","2","2"
"所了解的人","0","2","2"
"为陵江将军","0","2","2"
"除授他为龙","0","2","2"
"年七十七岁","0","2","2"
"成皇帝拓跋","0","2","2"
"明皇帝拓跋","0","2","2"
"圣武帝拓跋","0","2","2"
"武帝拓跋诘","0","2","2"
"帝拓跋诘汾","0","2","2"
"神元皇帝拓","0","2","2"
"皇帝拓跋力","0","2","2"
"拓跋力微派","0","2","2"
"于是拓跋力","0","2","2"
"拓跋力微将","0","2","2"
"跋力微将他","0","2","2"
"各部落的酋","0","2","2"
"部落的酋长","0","2","2"
"举行祭天大","0","2","2"
"行祭天大典","0","2","2"
"各部酋长全","0","2","2"
"部酋长全都","0","2","2"
"将他召来杀","0","2","2"
"他召来杀掉","0","2","2"
"不让他回去","0","2","2"
"后来追谥他","0","2","2"
"来追谥他为","0","2","2"
"帝拓跋悉鹿","0","2","2"
"平帝拓跋绰","0","2","2"
"始祖拓跋力","0","2","2"
"祖拓跋力微","0","2","2"
"文帝拓跋沙","0","2","2"
"皇帝拓跋猗","0","2","2"
"帝拓跋猗卢","0","2","2"
"思帝拓跋弗","0","2","2"
"昭帝拓跋禄","0","2","2"
"卫操在大邗","0","2","2"
"操在大邗城","0","2","2"
"派使臣朝贡","0","2","2"
"刘琨派使节","0","2","2"
"拓跋郁律率","0","2","2"
"晋怀帝司马","0","2","2"
"怀帝司马炽","0","2","2"
"五县的民众","0","2","2"
"句注陉以南","0","2","2"
"派使节请求","0","2","2"
"在长安建立","0","2","2"
"在平阳会师","0","2","2"
"修筑盛乐城","0","2","2"
"晋愍帝司马","0","2","2"
"愍帝司马业","0","2","2"
"桓帝猗的后","0","2","2"
"帝猗的后人","0","2","2"
"儿嫁给他为","0","2","2"
"对大臣们说","0","2","2"
"帝拓跋贺亻","0","2","2"
"时人称之为","0","2","2"
"人称之为女","0","2","2"
"称之为女国","0","2","2"
"他是平文帝","0","2","2"
"是平文帝拓","0","2","2"
"拓跋郁律的","0","2","2"
"年为后元年","0","2","2"
"后赵太祖石","0","2","2"
"赵太祖石虎","0","2","2"
"时年十九岁","0","2","2"
"昭成帝拓跋","0","2","2"
"成帝拓跋什","0","2","2"
"后慕容氏逝","0","2","2"
"慕容氏逝世","0","2","2"
"晋成帝司马","0","2","2"
"成帝司马衍","0","2","2"
"使臣前来朝","0","2","2"
"臣前来朝贡","0","2","2"
"晋穆帝司马","0","2","2"
"穆帝司马聃","0","2","2"
"昭成帝西巡","0","2","2"
"我将亲率六","0","2","2"
"派儿子前来","0","2","2"
"抵达君子津","0","2","2"
"昭成帝率军","0","2","2"
"成帝率军征","0","2","2"
"昭成帝派燕","0","2","2"
"成帝派燕凤","0","2","2"
"帝派燕凤出","0","2","2"
"派燕凤出使","0","2","2"
"燕凤出使前","0","2","2"
"凤出使前秦","0","2","2"
"在石子岭迎","0","2","2"
"石子岭迎战","0","2","2"
"昭成帝患病","0","2","2"
"代郡人许谦","0","2","2"
"被流矢射中","0","2","2"
"献文皇帝拓","0","2","2"
"皇帝拓跋弘","0","2","2"
"八月二十九","0","2","2"
"八月二十日","0","2","2"
"孝文帝分别","0","2","2"
"歼灭了他们","0","2","2"
"安王拓跋桢","0","2","2"
"这怎么能够","0","2","2"
"祭祀孔子庙","0","2","2"
"违犯者以违","0","2","2"
"蠕侵犯边塞","0","2","2"
"领一千多家","0","2","2"
"多家来投降","0","2","2"
"四月十八日","0","2","2"
"六月初二日","0","2","2"
"高祖来到阴","0","2","2"
"祖来到阴山","0","2","2"
"九月二十日","0","2","2"
"皇帝御驾亲","0","2","2"
"了解民间疾","0","2","2"
"解民间疾苦","0","2","2"
"十二月初二","0","2","2"
"二月初二日","0","2","2"
"从现在起各","0","2","2"
"各地地方官","0","2","2"
"升职位一级","0","2","2"
"三年正月初","0","2","2"
"年正月初三","0","2","2"
"不听从命令","0","2","2"
"就负责治理","0","2","2"
"负责治理三","0","2","2"
"责治理三个","0","2","2"
"征讨吐谷浑","0","2","2"
"询问地方官","0","2","2"
"个州的百姓","0","2","2"
"蠕蠕侵犯敦","0","2","2"
"蠕侵犯敦煌","0","2","2"
"刘昱派使者","0","2","2"
"悉万斤国派","0","2","2"
"一月初五日","0","2","2"
"河南七州的","0","2","2"
"记下他们的","0","2","2"
"过的地方都","0","2","2"
"二月初八日","0","2","2"
"州镇发生水","0","2","2"
"镇发生水旱","0","2","2"
"捕获后斩杀","0","2","2"
"二月初三日","0","2","2"
"亲自率军南","0","2","2"
"许赤虎出使","0","2","2"
"赤虎出使到","0","2","2"
"虎出使到刘","0","2","2"
"为百姓父母","0","2","2"
"率三万骑兵","0","2","2"
"地豆于诸国","0","2","2"
"分别派侍臣","0","2","2"
"十三个州镇","0","2","2"
"州镇发生大","0","2","2"
"二月二十三","0","2","2"
"五月初三日","0","2","2"
"田智度聚集","0","2","2"
"送到了京师","0","2","2"
"国同派来使","0","2","2"
"被免去官爵","0","2","2"
"斩杀了他们","0","2","2"
"乐王长乐为","0","2","2"
"位公卿大臣","0","2","2"
"朕承继皇位","0","2","2"
"兆王子推为","0","2","2"
"同治理天下","0","2","2"
"能充分利用","0","2","2"
"等人先后归","0","2","2"
"送他们到京","0","2","2"
"他们到京师","0","2","2"
"征召征西大","0","2","2"
"召征西大将","0","2","2"
"牛的人要比","0","2","2"
"丹国各派使","0","2","2"
"夏四月十三","0","2","2"
"高祖来到白","0","2","2"
"祖来到白登","0","2","2"
"来到白登山","0","2","2"
"高祖到武州","0","2","2"
"祖到武州山","0","2","2"
"七月十一日","0","2","2"
"诸国各派来","0","2","2"
"丹国各派来","0","2","2"
"诏令征西将","0","2","2"
"令征西将军","0","2","2"
"等人率部众","0","2","2"
"等人率军到","0","2","2"
"将其首级传","0","2","2"
"其首级传送","0","2","2"
"任命安定王","0","2","2"
"熙的第二个","0","2","2"
"三月二十九","0","2","2"
"夏四月初七","0","2","2"
"四月初七日","0","2","2"
"六月十三日","0","2","2"
"七月二十三","0","2","2"
"对京师部分","0","2","2"
"京师部分地","0","2","2"
"师部分地区","0","2","2"
"部分地区实","0","2","2"
"分地区实行","0","2","2"
"地区实行赦","0","2","2"
"区实行赦免","0","2","2"
"下诏派员外","0","2","2"
"诏派员外散","0","2","2"
"符合我的意","0","2","2"
"春正月十一","0","2","2"
"象六合殿建","0","2","2"
"夏四月初一","0","2","2"
"州百姓饥苦","0","2","2"
"秋七月初二","0","2","2"
"拓跋丕为太","0","2","2"
"领二将出任","0","2","2"
"了萧道成的","0","2","2"
"建报德佛寺","0","2","2"
"四月十四日","0","2","2"
"因罪被赐死","0","2","2"
"高祖来到方","0","2","2"
"祖来到方山","0","2","2"
"率部属归顺","0","2","2"
"萧道成的部","0","2","2"
"道成的部将","0","2","2"
"黎王冯熙为","0","2","2"
"等人率军征","0","2","2"
"人率军征讨","0","2","2"
"下诏因有十","0","2","2"
"春正月十八","0","2","2"
"正月十八日","0","2","2"
"同数量的粮","0","2","2"
"量的粮食布","0","2","2"
"水之北讲武","0","2","2"
"法秀阴谋反","0","2","2"
"有关部门按","0","2","2"
"城王拓跋云","0","2","2"
"不要让他们","0","2","2"
"领部众归附","0","2","2"
"十二月初七","0","2","2"
"州镇百姓饥","0","2","2"
"镇百姓饥困","0","2","2"
"地豆于国派","0","2","2"
"夏四月二十","0","2","2"
"鳏寡孤独不","0","2","2"
"寡孤独不能","0","2","2"
"能自养的人","0","2","2"
"冬十一月初","0","2","2"
"十一月初四","0","2","2"
"以大辟之刑","0","2","2"
"让他们知道","0","2","2"
"四州的百姓","0","2","2"
"三月二十五","0","2","2"
"四月二十二","0","2","2"
"秋七月初一","0","2","2"
"一千七百多","0","2","2"
"千七百多人","0","2","2"
"一月二十七","0","2","2"
"萧赜派来使","0","2","2"
"赜派来使者","0","2","2"
"十二月初九","0","2","2"
"兰英出使于","0","2","2"
"英出使于萧","0","2","2"
"出使于萧赜","0","2","2"
"使于萧赜处","0","2","2"
"六月二十六","0","2","2"
"虽然这样做","0","2","2"
"七月二十四","0","2","2"
"春正月初十","0","2","2"
"弥机哥哥的","0","2","2"
"机哥哥的儿","0","2","2"
"有卖儿卖女","0","2","2"
"太和元年以","0","2","2"
"和元年以来","0","2","2"
"文帝首次穿","0","2","2"
"八月十七日","0","2","2"
"十月十六日","0","2","2"
"吉国派使臣","0","2","2"
"当地百姓的","0","2","2"
"命令开仓放","0","2","2"
"令开仓放粮","0","2","2"
"南平王拓跋","0","2","2"
"平王拓跋浑","0","2","2"
"的皇亲国戚","0","2","2"
"令南部尚书","0","2","2"
"州百姓闹饥","0","2","2"
"各地开仓放","0","2","2"
"地开仓放粮","0","2","2"
"的实际情况","0","2","2"
"没有益处的","0","2","2"
"的工程项目","0","2","2"
"荒远地区的","0","2","2"
"昌国派遣使","0","2","2"
"以下的各级","0","2","2"
"下的各级官","0","2","2"
"国各派使臣","0","2","2"
"各派使臣入","0","2","2"
"安丰王拓跋","0","2","2"
"丰王拓跋猛","0","2","2"
"圆丘举行祭","0","2","2"
"丘举行祭天","0","2","2"
"三月二十一","0","2","2"
"汝阴王拓跋","0","2","2"
"阴王拓跋天","0","2","2"
"王拓跋天赐","0","2","2"
"十月十四日","0","2","2"
"十一月十九","0","2","2"
"一月十九日","0","2","2"
"穆亮为司空","0","2","2"
"等国派使臣","0","2","2"
"地豆于部落","0","2","2"
"侵犯北魏边","0","2","2"
"平王拓跋颐","0","2","2"
"请求孝文帝","0","2","2"
"孝文帝脱下","0","2","2"
"文帝脱下丧","0","2","2"
"帝脱下丧服","0","2","2"
"文帝再次祭","0","2","2"
"帝再次祭拜","0","2","2"
"再次祭拜永","0","2","2"
"次祭拜永固","0","2","2"
"殿接见群臣","0","2","2"
"旧有的典章","0","2","2"
"有的典章制","0","2","2"
"典章制度及","0","2","2"
"奏请孝文帝","0","2","2"
"古代的礼仪","0","2","2"
"依据太后的","0","2","2"
"据太后的遗","0","2","2"
"朝处理政事","0","2","2"
"孝文帝开始","0","2","2"
"室处理政事","0","2","2"
"国派使者入","0","2","2"
"一片至诚之","0","2","2"
"片至诚之心","0","2","2"
"品将军的虚","0","2","2"
"将军的虚衔","0","2","2"
"齐郡王拓跋","0","2","2"
"郡王拓跋简","0","2","2"
"为高丽国王","0","2","2"
"举行哀悼仪","0","2","2"
"行哀悼仪式","0","2","2"
"孝文帝在明","0","2","2"
"文帝在明堂","0","2","2"
"祭祀周文王","0","2","2"
"吐谷浑国国","0","2","2"
"谷浑国国王","0","2","2"
"使国家事务","0","2","2"
"命兼职员外","0","2","2"
"任命尉元为","0","2","2"
"尉元为三老","0","2","2"
"明根为五更","0","2","2"
"自古以来都","0","2","2"
"古以来都是","0","2","2"
"还有不完善","0","2","2"
"有不完善之","0","2","2"
"不完善之处","0","2","2"
"王杨集始入","0","2","2"
"杨集始入朝","0","2","2"
"集始入朝觐","0","2","2"
"始入朝觐见","0","2","2"
"至国派使臣","0","2","2"
"文帝任命太","0","2","2"
"太极殿落成","0","2","2"
"南齐武帝萧","0","2","2"
"和十七年春","0","2","2"
"邓至国世子","0","2","2"
"的礼节接待","0","2","2"
"见公卿以下","0","2","2"
"孝文帝立皇","0","2","2"
"文帝立皇子","0","2","2"
"立皇子拓跋","0","2","2"
"颁布中外戒","0","2","2"
"布中外戒严","0","2","2"
"中外戒严令","0","2","2"
"举行祭天典","0","2","2"
"行祭天典礼","0","2","2"
"百姓年纪在","0","2","2"
"年纪在七十","0","2","2"
"纪在七十岁","0","2","2"
"在七十岁以","0","2","2"
"百姓的庄稼","0","2","2"
"的百姓颁布","0","2","2"
"百姓颁布诏","0","2","2"
"姓颁布诏书","0","2","2"
"与士民通婚","0","2","2"
"有文武才干","0","2","2"
"文帝驾临洛","0","2","2"
"帝驾临洛阳","0","2","2"
"孝文帝参观","0","2","2"
"邓至国王像","0","2","2"
"至国王像舒","0","2","2"
"文帝驾临河","0","2","2"
"凡百岁以上","0","2","2"
"比干的陵墓","0","2","2"
"封河南王拓","0","2","2"
"河南王拓跋","0","2","2"
"颍川王拓跋","0","2","2"
"齐皇帝萧昭","0","2","2"
"皇帝萧昭业","0","2","2"
"的祭祀活动","0","2","2"
"所犯下的罪","0","2","2"
"平城的宫殿","0","2","2"
"三年考核一","0","2","2"
"年考核一次","0","2","2"
"二州的百姓","0","2","2"
"将其名单上","0","2","2"
"其名单上报","0","2","2"
"孝文帝派代","0","2","2"
"文帝派代理","0","2","2"
"派平南将军","0","2","2"
"减去四分之","0","2","2"
"屡次击败南","0","2","2"
"次击败南齐","0","2","2"
"南齐明帝萧","0","2","2"
"自立的孤儿","0","2","2"
"孤老及身患","0","2","2"
"老及身患疾","0","2","2"
"及身患疾病","0","2","2"
"身患疾病者","0","2","2"
"隆重礼仪祭","0","2","2"
"重礼仪祭祀","0","2","2"
"使用太牢的","0","2","2"
"黄河以南各","0","2","2"
"生活上不能","0","2","2"
"活上不能自","0","2","2"
"上不能自立","0","2","2"
"不能自立的","0","2","2"
"洛阳的鲜卑","0","2","2"
"十步的距离","0","2","2"
"名誉郡守的","0","2","2"
"誉郡守的官","0","2","2"
"郡守的官衔","0","2","2"
"孝文帝在光","0","2","2"
"文帝在光极","0","2","2"
"帝在光极堂","0","2","2"
"在光极堂召","0","2","2"
"光极堂召见","0","2","2"
"在都亭审理","0","2","2"
"都亭审理案","0","2","2"
"亭审理案件","0","2","2"
"六十岁以上","0","2","2"
"孝文帝派遣","0","2","2"
"位皇帝的陵","0","2","2"
"汝阴王元天","0","2","2"
"阴王元天赐","0","2","2"
"州郡发生大","0","2","2"
"文帝前往南","0","2","2"
"使用太牢之","0","2","2"
"派使者用太","0","2","2"
"使者用太牢","0","2","2"
"孝文帝自长","0","2","2"
"文帝自长安","0","2","2"
"水进入黄河","0","2","2"
"郡太守的名","0","2","2"
"太守的名誉","0","2","2"
"守的名誉职","0","2","2"
"县县令的名","0","2","2"
"县令的名誉","0","2","2"
"令的名誉职","0","2","2"
"击败南齐军","0","2","2"
"的儿子元琛","0","2","2"
"宫宴请群臣","0","2","2"
"南齐辅国将","0","2","2"
"齐辅国将军","0","2","2"
"守将成公期","0","2","2"
"行盛大的阅","0","2","2"
"盛大的阅兵","0","2","2"
"大的阅兵式","0","2","2"
"萧鸾派将领","0","2","2"
"将领裴叔业","0","2","2"
"天下的重任","0","2","2"
"皇太子元恪","0","2","2"
"继为都督北","0","2","2"
"为都督北讨","0","2","2"
"阳王元禧为","0","2","2"
"公卿大臣应","0","2","2"
"逝世的消息","0","2","2"
"的灵柩返回","0","2","2"
"孝文帝元宏","0","2","2"
"孝文帝自幼","0","2","2"
"是不得已而","0","2","2"
"自从太和十","0","2","2"
"立他的儿子","0","2","2"
"韶令南平公","0","2","2"
"令南平公长","0","2","2"
"朱提王元悦","0","2","2"
"月甲寅初一","0","2","2"
"并州刺史元","0","2","2"
"二月癸未初","0","2","2"
"月癸未初一","0","2","2"
"步兵骑兵一","0","2","2"
"兵骑兵一万","0","2","2"
"骑兵一万人","0","2","2"
"北伐前线返","0","2","2"
"伐前线返回","0","2","2"
"武百姓刘牙","0","2","2"
"百姓刘牙聚","0","2","2"
"姓刘牙聚集","0","2","2"
"奚斤讨伐平","0","2","2"
"斤讨伐平定","0","2","2"
"皇帝安葬在","0","2","2"
"安葬在盛乐","0","2","2"
"葬在盛乐的","0","2","2"
"在盛乐的金","0","2","2"
"盛乐的金陵","0","2","2"
"领军队前往","0","2","2"
"大概是由于","0","2","2"
"举奏不守法","0","2","2"
"自己养活的","0","2","2"
"等人率领营","0","2","2"
"人率领营部","0","2","2"
"百多家归附","0","2","2"
"王慕容伯儿","0","2","2"
"锦缎毛织品","0","2","2"
"人布帛多少","0","2","2"
"月己巳初一","0","2","2"
"在石会山大","0","2","2"
"民众聚饮三","0","2","2"
"众聚饮三天","0","2","2"
"南阳王元良","0","2","2"
"乞伏干归被","0","2","2"
"沮渠蒙逊自","0","2","2"
"毛织品多少","0","2","2"
"织品多少不","0","2","2"
"品多少不等","0","2","2"
"十户出战马","0","2","2"
"户出战马一","0","2","2"
"奚斤为前锋","0","2","2"
"平王元熙等","0","2","2"
"皇帝到白登","0","2","2"
"皇帝向西巡","0","2","2"
"帝向西巡视","0","2","2"
"建兴人王绍","0","2","2"
"侯元屈等人","0","2","2"
"率领三千人","0","2","2"
"领三千人马","0","2","2"
"三千人马镇","0","2","2"
"千人马镇守","0","2","2"
"侯魏勤等人","0","2","2"
"等人讨伐平","0","2","2"
"赏赐随从的","0","2","2"
"随从的人在","0","2","2"
"迁徙二万多","0","2","2"
"徙二万多家","0","2","2"
"按人口授受","0","2","2"
"人口授受田","0","2","2"
"口授受田地","0","2","2"
"魁首缯帛多","0","2","2"
"首缯帛多少","0","2","2"
"缯帛多少不","0","2","2"
"投降的民众","0","2","2"
"攻打吐京叛","0","2","2"
"打吐京叛变","0","2","2"
"公以下直到","0","2","2"
"的三百多人","0","2","2"
"等一万多家","0","2","2"
"郡守县令不","0","2","2"
"月丙戌初一","0","2","2"
"率领二千多","0","2","2"
"刺史郡守县","0","2","2"
"史郡守县令","0","2","2"
"为主要谋士","0","2","2"
"黄河南的流","0","2","2"
"河南的流民","0","2","2"
"的流民二千","0","2","2"
"以皇后的礼","0","2","2"
"河间王元脩","0","2","2"
"观看九十九","0","2","2"
"看九十九泉","0","2","2"
"渡过黄河向","0","2","2"
"的部将王仲","0","2","2"
"仲德于是进","0","2","2"
"德于是进入","0","2","2"
"考察郡守县","0","2","2"
"察郡守县令","0","2","2"
"有不能自己","0","2","2"
"韶令司徒长","0","2","2"
"令司徒长孙","0","2","2"
"长孙嵩率领","0","2","2"
"多家相继归","0","2","2"
"家相继归附","0","2","2"
"诏令长孙嵩","0","2","2"
"在西山狩猎","0","2","2"
"月丁酉初一","0","2","2"
"降的有二千","0","2","2"
"的有二千多","0","2","2"
"皇帝前往西","0","2","2"
"帝前往西宫","0","2","2"
"锐的骑兵二","0","2","2"
"令骁骑将军","0","2","2"
"使者请求投","0","2","2"
"者请求投降","0","2","2"
"除所经过地","0","2","2"
"经过地区一","0","2","2"
"派遣使者祭","0","2","2"
"遣使者祭祀","0","2","2"
"谧号为道武","0","2","2"
"赐随从者聚","0","2","2"
"随从者聚饮","0","2","2"
"领三千多家","0","2","2"
"他的主子司","0","2","2"
"的主子司马","0","2","2"
"主子司马德","0","2","2"
"沮渠蒙逊消","0","2","2"
"渠蒙逊消灭","0","2","2"
"服用寒食散","0","2","2"
"诏令司空奚","0","2","2"
"令司空奚斤","0","2","2"
"司空奚斤为","0","2","2"
"代理扬州刺","0","2","2"
"理扬州刺史","0","2","2"
"者巡视州郡","0","2","2"
"皇帝向南巡","0","2","2"
"帝向南巡视","0","2","2"
"安定王元弥","0","2","2"
"义符的束郡","0","2","2"
"符的束郡太","0","2","2"
"的束郡太守","0","2","2"
"束郡太守王","0","2","2"
"守王景度放","0","2","2"
"王景度放弃","0","2","2"
"率领部众从","0","2","2"
"领部众从平","0","2","2"
"部众从平原","0","2","2"
"兖州刺史徐","0","2","2"
"听说叔孙建","0","2","2"
"孙建渡过董","0","2","2"
"建渡过董回","0","2","2"
"于是向东进","0","2","2"
"是向东进入","0","2","2"
"向东进入青","0","2","2"
"东进入青州","0","2","2"
"秀之原先聚","0","2","2"
"之原先聚集","0","2","2"
"原先聚集党","0","2","2"
"聚集党羽在","0","2","2"
"都率领部众","0","2","2"
"部众前来投","0","2","2"
"皇帝在邺城","0","2","2"
"的有十之二","0","2","2"
"有十之二三","0","2","2"
"皇太子率领","0","2","2"
"交趾侯周几","0","2","2"
"军用物资赏","0","2","2"
"用物资赏赐","0","2","2"
"长孙嵩以下","0","2","2"
"实在是没有","0","2","2"
"三月十四日","0","2","2"
"十月十八日","0","2","2"
"延昌四年正","0","2","2"
"昌四年正月","0","2","2"
"阳王元雍入","0","2","2"
"王元雍入居","0","2","2"
"越费实等国","0","2","2"
"下诏让平南","0","2","2"
"诏让平南将","0","2","2"
"让平南将军","0","2","2"
"杨大眼讨伐","0","2","2"
"打败反叛的","0","2","2"
"使者前来进","0","2","2"
"于国家的人","0","2","2"
"萧衍将领赵","0","2","2"
"衍将领赵祖","0","2","2"
"将领赵祖悦","0","2","2"
"命定州刺史","0","2","2"
"浑派使者前","0","2","2"
"王元雍为太","0","2","2"
"元年正月初","0","2","2"
"年正月初一","0","2","2"
"尚书李平为","0","2","2"
"书李平为镇","0","2","2"
"为镇军大将","0","2","2"
"萧宝夤在淮","0","2","2"
"这都是朕的","0","2","2"
"都是朕的过","0","2","2"
"是朕的过错","0","2","2"
"免除一年租","0","2","2"
"宗下诏让洛","0","2","2"
"下诏让洛阳","0","2","2"
"宕昌等国派","0","2","2"
"昌等国派使","0","2","2"
"年的赋税劳","0","2","2"
"的赋税劳役","0","2","2"
"下诏命侍中","0","2","2"
"入居门下省","0","2","2"
"四州发生大","0","2","2"
"春正月初八","0","2","2"
"为此朕日夜","0","2","2"
"岁以上的人","0","2","2"
"上的赐给小","0","2","2"
"的赐给小郡","0","2","2"
"赐给小郡板","0","2","2"
"十岁以上赐","0","2","2"
"岁以上赐给","0","2","2"
"老百姓饿死","0","2","2"
"宗下诏让刺","0","2","2"
"下诏让刺史","0","2","2"
"州氐族造反","0","2","2"
"书右仆射于","0","2","2"
"右仆射于忠","0","2","2"
"持节抚慰他","0","2","2"
"节抚慰他们","0","2","2"
"改封为京兆","0","2","2"
"封为京兆王","0","2","2"
"四月十六日","0","2","2"
"五月二十日","0","2","2"
"王元继为司","0","2","2"
"光元年春季","0","2","2"
"帝下诏让尚","0","2","2"
"有关官员可","0","2","2"
"不便于百姓","0","2","2"
"便于百姓的","0","2","2"
"蠕国主阿那","0","2","2"
"国主阿那瑰","0","2","2"
"师高阳王元","0","2","2"
"以骠骑大将","0","2","2"
"王元悦为太","0","2","2"
"一月二十九","0","2","2"
"十二月十三","0","2","2"
"肃宗下诏书","0","2","2"
"宗下诏书曰","0","2","2"
"是我的过错","0","2","2"
"中被冤枉的","0","2","2"
"氐族人造反","0","2","2"
"季四月十九","0","2","2"
"四月十九日","0","2","2"
"元愉为临洮","0","2","2"
"愉为临洮王","0","2","2"
"兵讨伐蠕蠕","0","2","2"
"不拘于此例","0","2","2"
"身处王公之","0","2","2"
"处王公之上","0","2","2"
"九月十七日","0","2","2"
"年正月二十","0","2","2"
"年号为天建","0","2","2"
"为西道行台","0","2","2"
"被免除官爵","0","2","2"
"斩杀敌人一","0","2","2"
"禁卫军将领","0","2","2"
"别将尔朱荣","0","2","2"
"将尔朱荣讨","0","2","2"
"诏命尚书左","0","2","2"
"王萧宝夤为","0","2","2"
"逮捕了刺史","0","2","2"
"十一月初二","0","2","2"
"宗下诏命太","0","2","2"
"莫奚等国都","0","2","2"
"奚等国都派","0","2","2"
"宗下诏恢复","0","2","2"
"季正月十五","0","2","2"
"死行台高谅","0","2","2"
"以讨伐他们","0","2","2"
"乐良王元长","0","2","2"
"良王元长命","0","2","2"
"傅竖眼派儿","0","2","2"
"竖眼派儿子","0","2","2"
"太后又临朝","0","2","2"
"有十分之一","0","2","2"
"平王元怀的","0","2","2"
"被杜洛周打","0","2","2"
"杜洛周打败","0","2","2"
"叠伏罗国派","0","2","2"
"伐打败了他","0","2","2"
"被封为义阳","0","2","2"
"封为义阳王","0","2","2"
"州反叛的胡","0","2","2"
"到华林东门","0","2","2"
"等人率军侵","0","2","2"
"人率军侵犯","0","2","2"
"树投奔萧衍","0","2","2"
"将领元树进","0","2","2"
"的行政长官","0","2","2"
"昌三年春季","0","2","2"
"任命司空公","0","2","2"
"海王元颢为","0","2","2"
"南平王仲礒","0","2","2"
"二月十四日","0","2","2"
"运输粮食的","0","2","2"
"其兄的儿子","0","2","2"
"帝诏都督李","0","2","2"
"李叔仁讨伐","0","2","2"
"讨平定了叛","0","2","2"
"了萧衍将领","0","2","2"
"城南叛萧衍","0","2","2"
"南叛萧衍政","0","2","2"
"叛萧衍政权","0","2","2"
"季十月十九","0","2","2"
"被冻死的人","0","2","2"
"有十分之六","0","2","2"
"十分之六七","0","2","2"
"任命北海王","0","2","2"
"与百余名骑","0","2","2"
"百余名骑兵","0","2","2"
"将近二百年","0","2","2"
"三月二十六","0","2","2"
"季四月十一","0","2","2"
"献明皇帝的","0","2","2"
"母亲是献明","0","2","2"
"阳光从窗户","0","2","2"
"都认为他很","0","2","2"
"和元他等人","0","2","2"
"天下的志向","0","2","2"
"宏大的业绩","0","2","2"
"摹查塞等人","0","2","2"
"自称为大单","0","2","2"
"称为大单于","0","2","2"
"库仁的儿子","0","2","2"
"仁的儿子刘","0","2","2"
"的儿子刘显","0","2","2"
"杀死刘眷而","0","2","2"
"知道这件事","0","2","2"
"命为大单于","0","2","2"
"任命长孙嵩","0","2","2"
"命长孙嵩为","0","2","2"
"长孙嵩为南","0","2","2"
"孙嵩为南部","0","2","2"
"嵩为南部大","0","2","2"
"刘显从善无","0","2","2"
"显从善无向","0","2","2"
"从善无向南","0","2","2"
"善无向南逃","0","2","2"
"无向南逃到","0","2","2"
"向南逃到马","0","2","2"
"南逃到马邑","0","2","2"
"族人奴真率","0","2","2"
"人奴真率领","0","2","2"
"奴真率领部","0","2","2"
"率领部众来","0","2","2"
"人心不统一","0","2","2"
"部落来投降","0","2","2"
"的叔父窟咄","0","2","2"
"逼近南部疆","0","2","2"
"近南部疆域","0","2","2"
"向北越过阴","0","2","2"
"北越过阴山","0","2","2"
"这时北部大","0","2","2"
"时北部大人","0","2","2"
"在高柳会合","0","2","2"
"皇帝全部收","0","2","2"
"帝全部收集","0","2","2"
"被部下杀死","0","2","2"
"人多少不等","0","2","2"
"派遣使者安","0","2","2"
"慕容垂征调","0","2","2"
"容垂征调军","0","2","2"
"垂征调军队","0","2","2"
"贺膦率领部","0","2","2"
"膦率领部众","0","2","2"
"投奔慕容永","0","2","2"
"全部收集他","0","2","2"
"部收集他的","0","2","2"
"收集他的部","0","2","2"
"王建出使慕","0","2","2"
"建出使慕容","0","2","2"
"牲畜十多万","0","2","2"
"畜十多万头","0","2","2"
"颁赏将士多","0","2","2"
"赏将士多少","0","2","2"
"获男女老少","0","2","2"
"容垂派遣儿","0","2","2"
"垂派遣儿子","0","2","2"
"派遣儿子贺","0","2","2"
"遣儿子直力","0","2","2"
"儿子直力千","0","2","2"
"元觚出使慕","0","2","2"
"慕容垂留下","0","2","2"
"石碑记载功","0","2","2"
"碑记载功绩","0","2","2"
"随从的臣属","0","2","2"
"从的臣属多","0","2","2"
"的臣属多少","0","2","2"
"犯南部疆域","0","2","2"
"的器械车辆","0","2","2"
"马三十多万","0","2","2"
"于是停驻在","0","2","2"
"回到河南宫","0","2","2"
"往沙漠南部","0","2","2"
"率领五万骑","0","2","2"
"徙他们的部","0","2","2"
"他们的部落","0","2","2"
"卫辰的儿子","0","2","2"
"帝向南征讨","0","2","2"
"在董回以北","0","2","2"
"听说皇帝将","0","2","2"
"说皇帝将要","0","2","2"
"儿子慕容宝","0","2","2"
"迁徙他的部","0","2","2"
"徙他的部落","0","2","2"
"慕容宝的上","0","2","2"
"容宝的上谷","0","2","2"
"宝的上谷太","0","2","2"
"的上谷太守","0","2","2"
"帝亲自统领","0","2","2"
"慕容宝的并","0","2","2"
"容宝的并州","0","2","2"
"放弃城池夜","0","2","2"
"弃城池夜晚","0","2","2"
"的丹阳王买","0","2","2"
"令冠军将军","0","2","2"
"将军李栗率","0","2","2"
"五万骑兵充","0","2","2"
"郡守县令有","0","2","2"
"子司马德宗","0","2","2"
"慕容实的冀","0","2","2"
"容实的冀州","0","2","2"
"实的冀州刺","0","2","2"
"爵位各有等","0","2","2"
"位各有等级","0","2","2"
"捕捉杀了他","0","2","2"
"贺兰部头领","0","2","2"
"兰部头领附","0","2","2"
"部头领附力","0","2","2"
"头领附力眷","0","2","2"
"纥突邻部头","0","2","2"
"突邻部头领","0","2","2"
"邻部头领匿","0","2","2"
"部头领匿物","0","2","2"
"头领匿物尼","0","2","2"
"奚部头领叱","0","2","2"
"部头领叱奴","0","2","2"
"头领叱奴根","0","2","2"
"死亡的有几","0","2","2"
"亡的有几千","0","2","2"
"的有几千人","0","2","2"
"韶令安远将","0","2","2"
"令安远将军","0","2","2"
"统领一万骑","0","2","2"
"讨伐叱奴根","0","2","2"
"伐叱奴根等","0","2","2"
"皇帝停驻在","0","2","2"
"派遣将军长","0","2","2"
"长孙肥追赶","0","2","2"
"拥立慕容普","0","2","2"
"慕容普邻为","0","2","2"
"长孙肥等人","0","2","2"
"领五千多人","0","2","2"
"邻而自己登","0","2","2"
"发生大瘟疫","0","2","2"
"安抚他们而","0","2","2"
"抚他们而已","0","2","2"
"率领三万多","0","2","2"
"商纣王在甲","0","2","2"
"纣王在甲子","0","2","2"
"王在甲子日","0","2","2"
"在甲子日灭","0","2","2"
"甲子日灭亡","0","2","2"
"将士各有等","0","2","2"
"士各有等级","0","2","2"
"赏赐将士多","0","2","2"
"赐将士多少","0","2","2"
"皇帝从中山","0","2","2"
"从中山前往","0","2","2"
"皇帝到达邺","0","2","2"
"帝到达邺城","0","2","2"
"命龙骧将军","0","2","2"
"民众一半的","0","2","2"
"众一半的租","0","2","2"
"一半的租赋","0","2","2"
"太行山东有","0","2","2"
"镇守勃海的","0","2","2"
"守勃海的合","0","2","2"
"盗贼同时起","0","2","2"
"贼同时起事","0","2","2"
"公元遵等人","0","2","2"
"皇帝在西郊","0","2","2"
"帝在西郊祭","0","2","2"
"所出生的土","0","2","2"
"出生的土地","0","2","2"
"天下分崩离","0","2","2"
"下分崩离析","0","2","2"
"使者巡视郡","0","2","2"
"者巡视郡国","0","2","2"
"法度的郡守","0","2","2"
"度的郡守县","0","2","2"
"聚集党羽三","0","2","2"
"集党羽三千","0","2","2"
"党羽三千多","0","2","2"
"军庾岳讨伐","0","2","2"
"玄伯总管裁","0","2","2"
"山王元遵等","0","2","2"
"从西路出兵","0","2","2"
"月丁亥初一","0","2","2"
"刻石碑记载","0","2","2"
"率轻装骑兵","0","2","2"
"将士一千多","0","2","2"
"领他的部落","0","2","2"
"宗的将领辛","0","2","2"
"的将领辛恭","0","2","2"
"将领辛恭靖","0","2","2"
"领辛恭靖请","0","2","2"
"辛恭靖请求","0","2","2"
"恭靖请求救","0","2","2"
"靖请求救援","0","2","2"
"穆崇率领六","0","2","2"
"崇率领六千","0","2","2"
"六千骑兵赶","0","2","2"
"自称使持节","0","2","2"
"西河胡头领","0","2","2"
"材官将军扭","0","2","2"
"有关官员在","0","2","2"
"以太牢祭祀","0","2","2"
"高车别部首","0","2","2"
"车别部首领","0","2","2"
"秦漠的弊政","0","2","2"
"不是合适的","0","2","2"
"是合适的人","0","2","2"
"别部首领率","0","2","2"
"罢除邺城行","0","2","2"
"除邺城行台","0","2","2"
"推举隐匿的","0","2","2"
"举隐匿的贤","0","2","2"
"隐匿的贤人","0","2","2"
"诏令征西大","0","2","2"
"令征西大将","0","2","2"
"部头领木易","0","2","2"
"素古延等各","0","2","2"
"古延等各部","0","2","2"
"大量挑选车","0","2","2"
"量挑选车辆","0","2","2"
"挑选车辆兵","0","2","2"
"选车辆兵士","0","2","2"
"平阳的干壁","0","2","2"
"讨伐杀了他","0","2","2"
"他的弟弟安","0","2","2"
"姚平率领部","0","2","2"
"平率领部众","0","2","2"
"皇帝向西征","0","2","2"
"帝向西征讨","0","2","2"
"获三千多人","0","2","2"
"失败而返回","0","2","2"
"罪被赐自杀","0","2","2"
"为宣武皇帝","0","2","2"
"帝的母亲为","0","2","2"
"氏为保太后","0","2","2"
"各遣使者入","0","2","2"
"开仓赈济抚","0","2","2"
"仓赈济抚恤","0","2","2"
"丽为济南王","0","2","2"
"一寸见方的","0","2","2"
"寸见方的玉","0","2","2"
"见方的玉印","0","2","2"
"观察风尚习","0","2","2"
"察风尚习俗","0","2","2"
"等十多个国","0","2","2"
"多个国家各","0","2","2"
"个国家各派","0","2","2"
"国家各派使","0","2","2"
"家各派使者","0","2","2"
"的有几百人","0","2","2"
"擒获他们的","0","2","2"
"恭宗的牌位","0","2","2"
"所以周文王","0","2","2"
"以周文王以","0","2","2"
"而杀了他们","0","2","2"
"疏勒国派遣","0","2","2"
"勒国派遣使","0","2","2"
"并州刺史乞","0","2","2"
"以西地区狩","0","2","2"
"西地区狩猎","0","2","2"
"向北攻打伊","0","2","2"
"北攻打伊吾","0","2","2"
"的濮阳太守","0","2","2"
"在松山狩猎","0","2","2"
"来赈济他们","0","2","2"
"亲自接见老","0","2","2"
"自接见老年","0","2","2"
"接见老年人","0","2","2"
"州牧郡守县","0","2","2"
"从现在起有","0","2","2"
"殷孝祖在清","0","2","2"
"孝祖在清水","0","2","2"
"祖在清水以","0","2","2"
"将领三万骑","0","2","2"
"攻取土地到","0","2","2"
"贪婪暴虐的","0","2","2"
"明确订立条","0","2","2"
"确订立条例","0","2","2"
"我继承宏大","0","2","2"
"继承宏大的","0","2","2"
"承宏大的基","0","2","2"
"不能传达到","0","2","2"
"月甲子初一","0","2","2"
"黄河以西各","0","2","2"
"河以西各军","0","2","2"
"黄河以西背","0","2","2"
"河以西背叛","0","2","2"
"以西背叛的","0","2","2"
"西背叛的胡","0","2","2"
"背叛的胡人","0","2","2"
"安葬在广宁","0","2","2"
"从南路出兵","0","2","2"
"到南山据守","0","2","2"
"没有超过这","0","2","2"
"使大家都知","0","2","2"
"大家都知道","0","2","2"
"黄河以西狩","0","2","2"
"河以西狩猎","0","2","2"
"加授征束大","0","2","2"
"授征束大将","0","2","2"
"军队讨伐平","0","2","2"
"队讨伐平定","0","2","2"
"使兵士民众","0","2","2"
"回以西地区","0","2","2"
"随从官员和","0","2","2"
"因天旱的缘","0","2","2"
"奉上谧号为","0","2","2"
"谧号为文成","0","2","2"
"可以说是有","0","2","2"
"梦见被太阳","0","2","2"
"见被太阳追","0","2","2"
"被太阳追逐","0","2","2"
"追尊皇母为","0","2","2"
"遵照先帝遗","0","2","2"
"照先帝遗诏","0","2","2"
"季正月初二","0","2","2"
"皇帝车驾谒","0","2","2"
"帝车驾谒拜","0","2","2"
"车驾谒拜长","0","2","2"
"驾谒拜长陵","0","2","2"
"城王元勰率","0","2","2"
"王元勰率领","0","2","2"
"任彭城王元","0","2","2"
"领一万人马","0","2","2"
"八月十八日","0","2","2"
"史田益宗在","0","2","2"
"打败萧宝卷","0","2","2"
"败萧宝卷将","0","2","2"
"分派使者开","0","2","2"
"派使者开仓","0","2","2"
"君主萧宝卷","0","2","2"
"世宗开始亲","0","2","2"
"宗开始亲自","0","2","2"
"开始亲自处","0","2","2"
"始亲自处理","0","2","2"
"爵还归宅第","0","2","2"
"萧宝卷之弟","0","2","2"
"季五月十九","0","2","2"
"五月十九日","0","2","2"
"阳王元禧谋","0","2","2"
"王元禧谋反","0","2","2"
"六月二十三","0","2","2"
"七月十三日","0","2","2"
"五万人修筑","0","2","2"
"万人修筑京","0","2","2"
"海王元详任","0","2","2"
"萧衍攻克建","0","2","2"
"衍攻克建业","0","2","2"
"派使前来请","0","2","2"
"使前来请求","0","2","2"
"平阳公元丕","0","2","2"
"前殿宴请群","0","2","2"
"殿宴请群臣","0","2","2"
"正月二十二","0","2","2"
"梁州氐族人","0","2","2"
"人杨会造反","0","2","2"
"杀了他的龙","0","2","2"
"授萧宝夤为","0","2","2"
"任命吏部尚","0","2","2"
"大破萧衍的","0","2","2"
"下诏命镇南","0","2","2"
"诏命镇南将","0","2","2"
"命镇南将军","0","2","2"
"败萧衍将领","0","2","2"
"萧衍将领姜","0","2","2"
"衍将领姜庆","0","2","2"
"擒获了他的","0","2","2"
"北海王元祥","0","2","2"
"城前来归降","0","2","2"
"元英攻打义","0","2","2"
"英攻打义阳","0","2","2"
"人归附朝廷","0","2","2"
"十月二十日","0","2","2"
"十一月十五","0","2","2"
"一月十五日","0","2","2"
"可命有关部","0","2","2"
"夏侯道迁以","0","2","2"
"侯道迁以汉","0","2","2"
"道迁以汉中","0","2","2"
"一定要做到","0","2","2"
"让光禄大夫","0","2","2"
"俘获萧衍的","0","2","2"
"按其才能授","0","2","2"
"俘获斩杀敌","0","2","2"
"获斩杀敌人","0","2","2"
"王足又派统","0","2","2"
"足又派统军","0","2","2"
"又派统军卢","0","2","2"
"派统军卢祖","0","2","2"
"卢祖迁等人","0","2","2"
"祖迁等人打","0","2","2"
"迁等人打败","0","2","2"
"二月二十四","0","2","2"
"世宗大赦天","0","2","2"
"宗大赦天下","0","2","2"
"军队击退了","0","2","2"
"队击退了敌","0","2","2"
"败萧衍的徐","0","2","2"
"萧衍将领萧","0","2","2"
"下诏命平南","0","2","2"
"萧衍将领张","0","2","2"
"下诏命征西","0","2","2"
"诏命尚书邢","0","2","2"
"命尚书邢峦","0","2","2"
"下诏征发定","0","2","2"
"萧衍的龙骧","0","2","2"
"衍的龙骧将","0","2","2"
"诸路军马奔","0","2","2"
"路军马奔赴","0","2","2"
"世宗在式乾","0","2","2"
"宗在式乾殿","0","2","2"
"在式乾殿给","0","2","2"
"春季二月十","0","2","2"
"政权的龙骧","0","2","2"
"权的龙骧将","0","2","2"
"被除名为民","0","2","2"
"将近十二年","0","2","2"
"王元嘉为司","0","2","2"
"州百姓发生","0","2","2"
"季十月初七","0","2","2"
"于阗等国都","0","2","2"
"阗等国都派","0","2","2"
"平元年春季","0","2","2"
"世宗派使者","0","2","2"
"世宗因为干","0","2","2"
"宗因为干旱","0","2","2"
"因为干旱的","0","2","2"
"七月十五日","0","2","2"
"把他送到京","0","2","2"
"已故北海王","0","2","2"
"了刺史司马","0","2","2"
"十一月十六","0","2","2"
"一月十六日","0","2","2"
"杨椿率领四","0","2","2"
"椿率领四万","0","2","2"
"十二月十一","0","2","2"
"王公以下各","0","2","2"
"将领马仙王","0","2","2"
"领马仙王卑","0","2","2"
"平二年春季","0","2","2"
"季四月初八","0","2","2"
"莫奚等国派","0","2","2"
"奚等国派使","0","2","2"
"世宗下诏禁","0","2","2"
"宗下诏禁止","0","2","2"
"三年春季二","0","2","2"
"春季二月初","0","2","2"
"杀害镇守将","0","2","2"
"害镇守将领","0","2","2"
"世宗下诏在","0","2","2"
"已经十二年","0","2","2"
"经十二年了","0","2","2"
"百姓都知道","0","2","2"
"因谋反被诛","0","2","2"
"乾达等国派","0","2","2"
"达等国派使","0","2","2"
"百姓王万寿","0","2","2"
"不流沙等国","0","2","2"
"丹国都派使","0","2","2"
"勿吉国献眓","0","2","2"
"吉国献眓矢","0","2","2"
"被敌人攻陷","0","2","2"
"景明二年到","0","2","2"
"者开仓赈济","0","2","2"
"下诏开仓济","0","2","2"
"诏开仓济民","0","2","2"
"因干旱的原","0","2","2"
"饲养的牲畜","0","2","2"
"各有关部门","0","2","2"
"每每念及此","0","2","2"
"诏令天下有","0","2","2"
"全部拿出来","0","2","2"
"季正月十三","0","2","2"
"以赈济抚恤","0","2","2"
"六月二十日","0","2","2"
"境内州郡十","0","2","2"
"内州郡十分","0","2","2"
"各国都派使","0","2","2"
"州发生地震","0","2","2"
"自处理冤案","0","2","2"
"下诏命司徒","0","2","2"
"领骑步兵十","0","2","2"
"骑步兵十万","0","2","2"
"步兵十万人","0","2","2"
"显祖任命侍","0","2","2"
"祖任命侍中","0","2","2"
"国家用度不","0","2","2"
"家用度不足","0","2","2"
"平王拓跋新","0","2","2"
"王拓跋新成","0","2","2"
"兆王拓跋子","0","2","2"
"王拓跋子推","0","2","2"
"阴王拓跋小","0","2","2"
"王拓跋小新","0","2","2"
"拓跋小新成","0","2","2"
"的将领张永","0","2","2"
"从东道出发","0","2","2"
"史毕众敬派","0","2","2"
"季正月十一","0","2","2"
"东平王拓跋","0","2","2"
"道符在长安","0","2","2"
"祖下诏命司","0","2","2"
"平昌公和其","0","2","2"
"昌公和其奴","0","2","2"
"下诏命平东","0","2","2"
"诏命平东将","0","2","2"
"命平东将军","0","2","2"
"容白曜督领","0","2","2"
"政权的东平","0","2","2"
"权的东平太","0","2","2"
"秋季九月初","0","2","2"
"皇兴三年春","0","2","2"
"为都督青齐","0","2","2"
"的军队到了","0","2","2"
"军队到了曼","0","2","2"
"队到了曼头","0","2","2"
"十二月十五","0","2","2"
"年春季三月","0","2","2"
"国家事务繁","0","2","2"
"显祖下诏让","0","2","2"
"拓展宏大的","0","2","2"
"显祖下诏说","0","2","2"
"上尊号为太","0","2","2"
"命为中书侍","0","2","2"
"长期在宫中","0","2","2"
"期在宫中值","0","2","2"
"哥彭城王元","0","2","2"
"到武泰元年","0","2","2"
"献上玉玺丝","0","2","2"
"上玉玺丝带","0","2","2"
"太后和幼主","0","2","2"
"如同越过深","0","2","2"
"同越过深渊","0","2","2"
"越过深渊大","0","2","2"
"复原来的王","0","2","2"
"原来的王爵","0","2","2"
"城池向南方","0","2","2"
"池向南方叛","0","2","2"
"向南方叛变","0","2","2"
"将军令朱荣","0","2","2"
"孝昌的末年","0","2","2"
"不在这一条","0","2","2"
"在这一条例","0","2","2"
"他的将领曹","0","2","2"
"的将领曹义","0","2","2"
"将领曹义宗","0","2","2"
"费穆为使持","0","2","2"
"穆为使持节","0","2","2"
"高干邕和弟","0","2","2"
"干邕和弟弟","0","2","2"
"国家安危的","0","2","2"
"基本职位外","0","2","2"
"优评一大级","0","2","2"
"杨椿统领兵","0","2","2"
"以上官员从","0","2","2"
"上官员从征","0","2","2"
"四品的优一","0","2","2"
"在邺城西北","0","2","2"
"民众几千人","0","2","2"
"任命柱国大","0","2","2"
"命柱国大将","0","2","2"
"王尔朱荣为","0","2","2"
"用囚车押送","0","2","2"
"皇帝前往闾","0","2","2"
"帝前往闾阖","0","2","2"
"前往闾阖门","0","2","2"
"擒获他的将","0","2","2"
"获他的将领","0","2","2"
"党王天穆为","0","2","2"
"皇帝的父亲","0","2","2"
"帝的父亲为","0","2","2"
"亲为文穆皇","0","2","2"
"统领都督李","0","2","2"
"党王天穆和","0","2","2"
"赦免京城内","0","2","2"
"免京城内囚","0","2","2"
"捉住行台元","0","2","2"
"率领军队镇","0","2","2"
"领军队镇守","0","2","2"
"一百岁以下","0","2","2"
"被元颢杀害","0","2","2"
"城向南叛变","0","2","2"
"率领军队赶","0","2","2"
"诏令车骑将","0","2","2"
"令车骑将军","0","2","2"
"束徐州市民","0","2","2"
"等人杀死刺","0","2","2"
"人杀死刺史","0","2","2"
"州刺史尔朱","0","2","2"
"事获罪被削","0","2","2"
"获罪被削除","0","2","2"
"起正义的旗","0","2","2"
"正义的旗帜","0","2","2"
"河阴的变乱","0","2","2"
"为王事尽力","0","2","2"
"自己的力量","0","2","2"
"给与夺取任","0","2","2"
"与夺取任凭","0","2","2"
"君主的迹象","0","2","2"
"开国公的官","0","2","2"
"国公的官爵","0","2","2"
"领文武官员","0","2","2"
"免除三年赋","0","2","2"
"普遍加四级","0","2","2"
"大败尔朱兆","0","2","2"
"皇帝为武怀","0","2","2"
"帝为武怀皇","0","2","2"
"为武怀皇帝","0","2","2"
"为孝庄皇帝","0","2","2"
"长大后喜爱","0","2","2"
"大后喜爱学","0","2","2"
"后喜爱学习","0","2","2"
"任兼散骑常","0","2","2"
"广陵王不说","0","2","2"
"陵王不说话","0","2","2"
"鲁郡王元肃","0","2","2"
"不久授任为","0","2","2"
"皇帝在显阳","0","2","2"
"帝在显阳殿","0","2","2"
"劳勉励他们","0","2","2"
"给予基本身","0","2","2"
"予基本身份","0","2","2"
"平阳王元脩","0","2","2"
"率领军队停","0","2","2"
"领军队停驻","0","2","2"
"据才能补充","0","2","2"
"兵三千人在","0","2","2"
"初一和十五","0","2","2"
"齐献武王因","0","2","2"
"帝前往显阳","0","2","2"
"帝的母亲王","0","2","2"
"的弟弟永业","0","2","2"
"败尔朱天光","0","2","2"
"年三十五岁","0","2","2"
"一百二十人","0","2","2"
"武百官普加","0","2","2"
"隆之担任使","0","2","2"
"之担任使持","0","2","2"
"衍派他的将","0","2","2"
"派他的将领","0","2","2"
"有关官员明","0","2","2"
"关官员明确","0","2","2"
"献武王为大","0","2","2"
"武王为大丞","0","2","2"
"王为大丞相","0","2","2"
"给齐献武王","0","2","2"
"为兼尚书仆","0","2","2"
"平武穆王元","0","2","2"
"担任镇束将","0","2","2"
"百官集会商","0","2","2"
"官集会商议","0","2","2"
"民安居乐业","0","2","2"
"献武王上奏","0","2","2"
"加授齐文襄","0","2","2"
"授齐文襄王","0","2","2"
"齐献武王返","0","2","2"
"献武王返回","0","2","2"
"齐献武王执","0","2","2"
"献武王执意","0","2","2"
"武王执意推","0","2","2"
"暴露的尸体","0","2","2"
"皇帝在华林","0","2","2"
"事获罪被降","0","2","2"
"率领军队从","0","2","2"
"元嶷放弃城","0","2","2"
"嶷放弃城池","0","2","2"
"月壬戌初一","0","2","2"
"部下多少不","0","2","2"
"下多少不等","0","2","2"
"都督将领等","0","2","2"
"皇帝在圆丘","0","2","2"
"帝在圆丘祭","0","2","2"
"在圆丘祭祀","0","2","2"
"郡王元谌为","0","2","2"
"仪仗和鼓吹","0","2","2"
"正员以外的","0","2","2"
"渡黄河返回","0","2","2"
"献武王在黄","0","2","2"
"武王在黄河","0","2","2"
"将他们打得","0","2","2"
"正员外另为","0","2","2"
"没有谁人不","0","2","2"
"今后的命令","0","2","2"
"皇帝被斛斯","0","2","2"
"帝被斛斯椿","0","2","2"
"清河王元宜","0","2","2"
"往西迎接皇","0","2","2"
"西迎接皇帝","0","2","2"
"人专擅朝政","0","2","2"
"领军将军娄","0","2","2"
"将军娄昭为","0","2","2"
"献武王迎接","0","2","2"
"献武王为相","0","2","2"
"武王为相国","0","2","2"
"带剑穿鞋上","0","2","2"
"剑穿鞋上殿","0","2","2"
"河王元惊为","0","2","2"
"在邺城东狩","0","2","2"
"邺城东狩猎","0","2","2"
"都隶属于他","0","2","2"
"任命录尚书","0","2","2"
"命录尚书事","0","2","2"
"任命并州刺","0","2","2"
"命并州刺史","0","2","2"
"刺史尉景为","0","2","2"
"擒获宝炬的","0","2","2"
"外百官普升","0","2","2"
"炬又派遣他","0","2","2"
"广阳王元湛","0","2","2"
"贺拔仁攻打","0","2","2"
"王返回晋阳","0","2","2"
"生等二十多","0","2","2"
"等二十多人","0","2","2"
"打败平定他","0","2","2"
"败平定他们","0","2","2"
"齐献武王前","0","2","2"
"献武王前来","0","2","2"
"武王前来朝","0","2","2"
"二个儿子元","0","2","2"
"射司马子如","0","2","2"
"勇敢的兵士","0","2","2"
"十万人修筑","0","2","2"
"四十天完工","0","2","2"
"以上的赐予","0","2","2"
"勿吉国都派","0","2","2"
"吉国都派遣","0","2","2"
"阿至罗国主","0","2","2"
"至罗国主副","0","2","2"
"齐文襄王从","0","2","2"
"诏令文襄王","0","2","2"
"民工五万人","0","2","2"
"库狄干为太","0","2","2"
"据形势讨伐","0","2","2"
"形势讨伐防","0","2","2"
"势讨伐防守","0","2","2"
"实炬派遣他","0","2","2"
"炬派遣他的","0","2","2"
"当今皇上为","0","2","2"
"命司徒高隆","0","2","2"
"徒高隆之为","0","2","2"
"襄王前往置","0","2","2"
"献武王请求","0","2","2"
"侯景为河南","0","2","2"
"景为河南大","0","2","2"
"在晋阳逝世","0","2","2"
"秘密不公布","0","2","2"
"密不公布丧","0","2","2"
"不公布丧事","0","2","2"
"队讨伐侯景","0","2","2"
"城王元旭为","0","2","2"
"督察料理丧","0","2","2"
"齐王印玺丝","0","2","2"
"王印玺丝带","0","2","2"
"车左边的装","0","2","2"
"左边的装饰","0","2","2"
"边的装饰物","0","2","2"
"轻便车的武","0","2","2"
"便车的武士","0","2","2"
"派遣宫中使","0","2","2"
"遣宫中使者","0","2","2"
"皇帝在漳水","0","2","2"
"帝在漳水边","0","2","2"
"在漳水边祭","0","2","2"
"漳水边祭祀","0","2","2"
"水边祭祀路","0","2","2"
"边祭祀路神","0","2","2"
"率领军队侵","0","2","2"
"领军队侵犯","0","2","2"
"俘获斩首五","0","2","2"
"获斩首五万","0","2","2"
"而宽恕了他","0","2","2"
"使者到朝廷","0","2","2"
"弟的儿子北","0","2","2"
"瀛州的河间","0","2","2"
"男女老少几","0","2","2"
"年二十八岁","0","2","2"
"死亡的有六","0","2","2"
"之流下眼泪","0","2","2"
"归附朝廷的","0","2","2"
"率领六万骑","0","2","2"
"领六万骑兵","0","2","2"
"率领轻骑兵","0","2","2"
"获马一万多","0","2","2"
"马一万多匹","0","2","2"
"祖亲自登上","0","2","2"
"奚斤率领义","0","2","2"
"斤率领义兵","0","2","2"
"率领义兵将","0","2","2"
"领义兵将军","0","2","2"
"兵将军周几","0","2","2"
"率领洛州刺","0","2","2"
"领洛州刺史","0","2","2"
"洛州刺史于","0","2","2"
"州刺史于栗","0","2","2"
"袭击赫连昌","0","2","2"
"分别赐给众","0","2","2"
"别赐给众将","0","2","2"
"赐给众将士","0","2","2"
"赫连昌的守","0","2","2"
"昌的弟弟助","0","2","2"
"的弟弟助兴","0","2","2"
"弟平原公赫","0","2","2"
"平原公赫连","0","2","2"
"原公赫连定","0","2","2"
"赫连定率领","0","2","2"
"祖车驾回到","0","2","2"
"车驾回到宫","0","2","2"
"驾回到宫中","0","2","2"
"祖下诏命员","0","2","2"
"领步兵三万","0","2","2"
"送攻城器械","0","2","2"
"世祖停驻在","0","2","2"
"获赫连昌的","0","2","2"
"娥清率领五","0","2","2"
"清率领五千","0","2","2"
"千骑兵讨伐","0","2","2"
"镇守统万城","0","2","2"
"季七月初七","0","2","2"
"听说朝廷军","0","2","2"
"说朝廷军队","0","2","2"
"拥立赫连昌","0","2","2"
"立赫连昌的","0","2","2"
"弟赫连定为","0","2","2"
"世祖到黄河","0","2","2"
"黄河以西打","0","2","2"
"河以西打猎","0","2","2"
"率领万余名","0","2","2"
"领万余名骑","0","2","2"
"万余名骑兵","0","2","2"
"将领王玄谟","0","2","2"
"定州丁零人","0","2","2"
"零人鲜于台","0","2","2"
"人鲜于台阳","0","2","2"
"皇子拓跋晃","0","2","2"
"沮渠蒙逊派","0","2","2"
"赫连定之弟","0","2","2"
"世祖下诏赦","0","2","2"
"祖下诏赦免","0","2","2"
"定前来侵犯","0","2","2"
"附的老百姓","0","2","2"
"从清水进入","0","2","2"
"祖下诏征召","0","2","2"
"杀敌一万多","0","2","2"
"隆的将领二","0","2","2"
"世祖到了平","0","2","2"
"祖到了平凉","0","2","2"
"祖下诏命安","0","2","2"
"下诏命安西","0","2","2"
"诏命安西将","0","2","2"
"赫连定听说","0","2","2"
"叔孙建在湖","0","2","2"
"孙建在湖陆","0","2","2"
"人挖掘壕堑","0","2","2"
"数量不等的","0","2","2"
"隆的将领檀","0","2","2"
"的将领檀道","0","2","2"
"司马楚之平","0","2","2"
"马楚之平定","0","2","2"
"楚之平定滑","0","2","2"
"之平定滑台","0","2","2"
"隆的将领朱","0","2","2"
"世祖巡视南","0","2","2"
"祖巡视南宫","0","2","2"
"到历城后返","0","2","2"
"历城后返回","0","2","2"
"季七月初一","0","2","2"
"吐谷浑可汗","0","2","2"
"谷浑可汗慕","0","2","2"
"长孙道生为","0","2","2"
"给他们相应","0","2","2"
"征召卢玄等","0","2","2"
"召卢玄等人","0","2","2"
"的有数百人","0","2","2"
"季十月初一","0","2","2"
"世祖巡视大","0","2","2"
"祖巡视大漠","0","2","2"
"赫连氏为皇","0","2","2"
"颖出使刘义","0","2","2"
"奚斤调发幽","0","2","2"
"斤调发幽州","0","2","2"
"与河间公元","0","2","2"
"三万多家到","0","2","2"
"命乐安王拓","0","2","2"
"世祖巡视山","0","2","2"
"祖巡视山北","0","2","2"
"领诸军讨伐","0","2","2"
"献上驯好的","0","2","2"
"上驯好的象","0","2","2"
"驯好的象一","0","2","2"
"好的象一头","0","2","2"
"老百姓贫富","0","2","2"
"弟都被诛杀","0","2","2"
"下诏征召他","0","2","2"
"季四月初三","0","2","2"
"命征西大将","0","2","2"
"在西河讨伐","0","2","2"
"西河讨伐山","0","2","2"
"河讨伐山胡","0","2","2"
"讨伐山胡白","0","2","2"
"伐山胡白龙","0","2","2"
"季正月十四","0","2","2"
"正月十四日","0","2","2"
"世祖派使者","0","2","2"
"每每想起来","0","2","2"
"率领四万兵","0","2","2"
"慰问年高的","0","2","2"
"问年高的人","0","2","2"
"治理百姓的","0","2","2"
"羊太牢之礼","0","2","2"
"祖下诏命令","0","2","2"
"路军马讨伐","0","2","2"
"等人出使刘","0","2","2"
"人出使刘义","0","2","2"
"批使者出使","0","2","2"
"使者出使西","0","2","2"
"者出使西域","0","2","2"
"改封为武昌","0","2","2"
"封为武昌王","0","2","2"
"季正月初七","0","2","2"
"问百姓疾苦","0","2","2"
"夏季五月二","0","2","2"
"季五月二十","0","2","2"
"命抚军大将","0","2","2"
"奉献汗血马","0","2","2"
"王沮渠牧健","0","2","2"
"世祖亲自征","0","2","2"
"祖亲自征讨","0","2","2"
"弟弟董来率","0","2","2"
"弟董来率领","0","2","2"
"董来率领一","0","2","2"
"来率领一万","0","2","2"
"牧犍兄子沮","0","2","2"
"犍兄子沮渠","0","2","2"
"就率领各部","0","2","2"
"率领各部落","0","2","2"
"世祖回到平","0","2","2"
"祖回到平城","0","2","2"
"六月二十一","0","2","2"
"在行宫去世","0","2","2"
"曜的儿子羯","0","2","2"
"的儿子羯儿","0","2","2"
"改封为略阳","0","2","2"
"封为略阳王","0","2","2"
"季八月初一","0","2","2"
"太平真君三","0","2","2"
"平真君三年","0","2","2"
"与琅笽王司","0","2","2"
"太平真君四","0","2","2"
"平真君四年","0","2","2"
"义隆的军队","0","2","2"
"世祖巡视中","0","2","2"
"祖巡视中山","0","2","2"
"下诏命有关","0","2","2"
"功劳的臣子","0","2","2"
"朕称心满意","0","2","2"
"从王公以下","0","2","2"
"主人满门抄","0","2","2"
"人满门抄斩","0","2","2"
"等八名将领","0","2","2"
"巡视阴山以","0","2","2"
"视阴山以北","0","2","2"
"在杏城造反","0","2","2"
"弃城池逃走","0","2","2"
"王拓跋那等","0","2","2"
"世祖大为高","0","2","2"
"率领其部落","0","2","2"
"拓跋那打败","0","2","2"
"祖下诏命殿","0","2","2"
"骑兵讨伐盖","0","2","2"
"兵讨伐盖吴","0","2","2"
"隆的将领王","0","2","2"
"百姓五千多","0","2","2"
"姓五千多家","0","2","2"
"五千多家迁","0","2","2"
"多家迁到黄","0","2","2"
"家迁到黄河","0","2","2"
"家迁到京城","0","2","2"
"世祖到达长","0","2","2"
"其残余势力","0","2","2"
"据守葭芦城","0","2","2"
"刘义隆的白","0","2","2"
"义隆的白水","0","2","2"
"隆的白水太","0","2","2"
"的白水太守","0","2","2"
"皇太子在行","0","2","2"
"太子在行宫","0","2","2"
"子在行宫朝","0","2","2"
"平真君十一","0","2","2"
"派宁朔将军","0","2","2"
"吴王拓跋余","0","2","2"
"率领五千人","0","2","2"
"楚王拓跋建","0","2","2"
"的鲁郡太守","0","2","2"
"有关部门要","0","2","2"
"调任太常少","0","2","2"
"改任安南将","0","2","2"
"后来改名为","0","2","2"
"功勋赐爵位","0","2","2"
"勋赐爵位为","0","2","2"
"任右光禄大","0","2","2"
"渐渐好起来","0","2","2"
"诸子百家的","0","2","2"
"本来就不是","0","2","2"
"在敌人面前","0","2","2"
"容白曜就把","0","2","2"
"房恩安之弟","0","2","2"
"恩安之弟房","0","2","2"
"安之弟房幼","0","2","2"
"之弟房幼安","0","2","2"
"弟房幼安为","0","2","2"
"房幼安为高","0","2","2"
"幼安为高密","0","2","2"
"安为高密太","0","2","2"
"为高密太守","0","2","2"
"安抚他们初","0","2","2"
"抚他们初来","0","2","2"
"他们初来归","0","2","2"
"们初来归附","0","2","2"
"来归附之心","0","2","2"
"现在各个王","0","2","2"
"这是最大的","0","2","2"
"对他十分敬","0","2","2"
"高宗看后对","0","2","2"
"宗看后对群","0","2","2"
"看后对群臣","0","2","2"
"后对群臣说","0","2","2"
"君父同一啊","0","2","2"
"这乃是远世","0","2","2"
"乃是远世的","0","2","2"
"是远世的镜","0","2","2"
"远世的镜鉴","0","2","2"
"治安秩序大","0","2","2"
"安秩序大为","0","2","2"
"秩序大为好","0","2","2"
"序大为好转","0","2","2"
"你们以为怎","0","2","2"
"们以为怎么","0","2","2"
"的事而获罪","0","2","2"
"有减刑免刑","0","2","2"
"高闾看到他","0","2","2"
"从周代以降","0","2","2"
"到昭成皇帝","0","2","2"
"生下三个儿","0","2","2"
"下三个儿子","0","2","2"
"平文皇帝逝","0","2","2"
"文皇帝逝世","0","2","2"
"理国家事务","0","2","2"
"因事进入宫","0","2","2"
"事进入宫廷","0","2","2"
"得以避免祸","0","2","2"
"以避免祸难","0","2","2"
"的妹妹为妃","0","2","2"
"帝和秦明王","0","2","2"
"专门处理宫","0","2","2"
"门处理宫内","0","2","2"
"处理宫内事","0","2","2"
"理宫内事务","0","2","2"
"昭成帝派遣","0","2","2"
"被卫辰杀死","0","2","2"
"行走一百多","0","2","2"
"走一百多里","0","2","2"
"来报告祸难","0","2","2"
"得以免除祸","0","2","2"
"以免除祸难","0","2","2"
"后来皇后的","0","2","2"
"皇后的弟弟","0","2","2"
"年四十六岁","0","2","2"
"皇后的母亲","0","2","2"
"铸造金人不","0","2","2"
"造金人不成","0","2","2"
"金人不成功","0","2","2"
"皇后的礼仪","0","2","2"
"泰常五年逝","0","2","2"
"常五年逝世","0","2","2"
"世祖的乳母","0","2","2"
"女儿一起入","0","2","2"
"儿一起入宫","0","2","2"
"尊崇她为保","0","2","2"
"崇她为保太","0","2","2"
"她为保太后","0","2","2"
"后来尊崇为","0","2","2"
"来尊崇为皇","0","2","2"
"令天下哭吊","0","2","2"
"天下哭吊三","0","2","2"
"必定不会做","0","2","2"
"平元年逝世","0","2","2"
"皇后的姑姑","0","2","2"
"左右的人救","0","2","2"
"尊崇皇后为","0","2","2"
"崇皇后为皇","0","2","2"
"又临朝听政","0","2","2"
"后禀性聪颖","0","2","2"
"要报答她的","0","2","2"
"报答她的恩","0","2","2"
"答她的恩德","0","2","2"
"事情不分大","0","2","2"
"情不分大小","0","2","2"
"得到皇帝的","0","2","2"
"安葬在金陵","0","2","2"
"受到高祖的","0","2","2"
"关官员奏请","0","2","2"
"皇后为平民","0","2","2"
"皇后留在京","0","2","2"
"后留在京城","0","2","2"
"两个女儿一","0","2","2"
"的同母弟弟","0","2","2"
"乘坐轻便车","0","2","2"
"述自己的心","0","2","2"
"打了一百多","0","2","2"
"了一百多棒","0","2","2"
"在另外的宫","0","2","2"
"以皇后礼仪","0","2","2"
"皇后礼仪安","0","2","2"
"后礼仪安葬","0","2","2"
"的弟弟于劲","0","2","2"
"住在瑶光寺","0","2","2"
"时常放在身","0","2","2"
"常放在身边","0","2","2"
"姑姑做尼姑","0","2","2"
"主持这件事","0","2","2"
"公主以下随","0","2","2"
"主以下随从","0","2","2"
"以下随从的","0","2","2"
"下随从的有","0","2","2"
"在宫中杀死","0","2","2"
"大赦天下改","0","2","2"
"赦天下改年","0","2","2"
"天下改年号","0","2","2"
"的人所厌恶","0","2","2"
"亲近宠爱的","0","2","2"
"尔朱荣起兵","0","2","2"
"太后的妹妹","0","2","2"
"高祖最终革","0","2","2"
"祖最终革除","0","2","2"
"最终革除这","0","2","2"
"终革除这个","0","2","2"
"革除这个错","0","2","2"
"除这个错误","0","2","2"
"实在是有道","0","2","2"
"在是有道理","0","2","2"
"是有道理的","0","2","2"
"在长安立庙","0","2","2"
"长公主成亲","0","2","2"
"冯熙有子女","0","2","2"
"熙有子女数","0","2","2"
"有子女数十","0","2","2"
"都有贪纵之","0","2","2"
"有贪纵之名","0","2","2"
"代理河南尹","0","2","2"
"节兼黄门侍","0","2","2"
"家中世代寒","0","2","2"
"中世代寒微","0","2","2"
"说明日月辰","0","2","2"
"交会相生为","0","2","2"
"会相生为表","0","2","2"
"相生为表里","0","2","2"
"实际上却不","0","2","2"
"的六世祖江","0","2","2"
"六世祖江琼","0","2","2"
"被授予中书","0","2","2"
"授予中书博","0","2","2"
"予中书博士","0","2","2"
"受到世人称","0","2","2"
"史籀的大篆","0","2","2"
"称擅长篆书","0","2","2"
"才能的人无","0","2","2"
"能的人无不","0","2","2"
"没有人能超","0","2","2"
"有人能超过","0","2","2"
"人凭借它而","0","2","2"
"兼著作佐郎","0","2","2"
"正光四年去","0","2","2"
"光四年去世","0","2","2"
"白曜平定东","0","2","2"
"曜平定东阳","0","2","2"
"在迁都洛阳","0","2","2"
"在汝水之滨","0","2","2"
"升任光禄大","0","2","2"
"年轻时曾任","0","2","2"
"御史中尉一","0","2","2"
"史中尉一职","0","2","2"
"宗驾崩之后","0","2","2"
"在慕容白曜","0","2","2"
"被朝廷征召","0","2","2"
"因为蒋少游","0","2","2"
"诏令尚书李","0","2","2"
"就任命他为","0","2","2"
"人无不为之","0","2","2"
"高祖在位时","0","2","2"
"这种赌博游","0","2","2"
"种赌博游戏","0","2","2"
"长生与于提","0","2","2"
"都被任命为","0","2","2"
"为国子助教","0","2","2"
"是尚书仆射","0","2","2"
"面前推荐他","0","2","2"
"很少有人能","0","2","2"
"他绳之以法","0","2","2"
"人无不为他","0","2","2"
"无不为他叹","0","2","2"
"不为他叹惜","0","2","2"
"到祭祀拜献","0","2","2"
"祭祀拜献的","0","2","2"
"祀拜献的时","0","2","2"
"拜献的时候","0","2","2"
"总是不能不","0","2","2"
"是不能不想","0","2","2"
"不能不想归","0","2","2"
"能不想归葬","0","2","2"
"不想归葬双","0","2","2"
"想归葬双亲","0","2","2"
"归葬双亲的","0","2","2"
"葬双亲的事","0","2","2"
"母亲丧期刚","0","2","2"
"亲丧期刚满","0","2","2"
"哀伤悲痛过","0","2","2"
"伤悲痛过于","0","2","2"
"悲痛过于礼","0","2","2"
"痛过于礼仪","0","2","2"
"过于礼仪规","0","2","2"
"于礼仪规定","0","2","2"
"的庶出长子","0","2","2"
"苻洛的军队","0","2","2"
"秦明王元翰","0","2","2"
"皇帝认为他","0","2","2"
"有美丽的胡","0","2","2"
"美丽的胡须","0","2","2"
"送首级到行","0","2","2"
"首级到行宫","0","2","2"
"元仪的功劳","0","2","2"
"赐皇帝用的","0","2","2"
"和宜都公穆","0","2","2"
"人匹马逃跑","0","2","2"
"以平民礼仪","0","2","2"
"平民礼仪安","0","2","2"
"民礼仪安葬","0","2","2"
"轻时聪明敏","0","2","2"
"时聪明敏捷","0","2","2"
"任命他为内","0","2","2"
"升爵位为新","0","2","2"
"抄掠的贼寇","0","2","2"
"元祯对蛮人","0","2","2"
"宽恕而不追","0","2","2"
"恕而不追究","0","2","2"
"后来征召为","0","2","2"
"有八个儿子","0","2","2"
"因功劳升爵","0","2","2"
"太祖讨伐中","0","2","2"
"祖讨伐中山","0","2","2"
"太祖听说后","0","2","2"
"等到平定中","0","2","2"
"骑兵截断他","0","2","2"
"等到中山平","0","2","2"
"到中山平定","0","2","2"
"中山平定后","0","2","2"
"任命他为假","0","2","2"
"命他为假节","0","2","2"
"为他说得对","0","2","2"
"在庙庭配祭","0","2","2"
"力量超越常","0","2","2"
"量超越常人","0","2","2"
"跟随平定凉","0","2","2"
"随平定凉州","0","2","2"
"祖认为他勇","0","2","2"
"认为他勇敢","0","2","2"
"逐渐升到左","0","2","2"
"后来授任尚","0","2","2"
"来授任尚书","0","2","2"
"当时人都为","0","2","2"
"爵为城阳公","0","2","2"
"将军时去世","0","2","2"
"调任尚书令","0","2","2"
"担任瀛州刺","0","2","2"
"任瀛州刺史","0","2","2"
"以当时人称","0","2","2"
"臣下听说治","0","2","2"
"御史的职位","0","2","2"
"时机而行动","0","2","2"
"皇帝采纳了","0","2","2"
"帝采纳了他","0","2","2"
"年轻时以强","0","2","2"
"轻时以强壮","0","2","2"
"时以强壮勇","0","2","2"
"以强壮勇敢","0","2","2"
"强壮勇敢闻","0","2","2"
"壮勇敢闻名","0","2","2"
"做大逆不道","0","2","2"
"逆不道的事","0","2","2"
"性格沉稳忠","0","2","2"
"格沉稳忠厚","0","2","2"
"见到他十分","0","2","2"
"随世祖征伐","0","2","2"
"越过涿邪山","0","2","2"
"任镇北将军","0","2","2"
"骑兵突然赶","0","2","2"
"兵突然赶到","0","2","2"
"打败他们是","0","2","2"
"败他们是必","0","2","2"
"赐爵位为南","0","2","2"
"在阴馆聚集","0","2","2"
"元顺讨伐他","0","2","2"
"顺讨伐他们","0","2","2"
"讨伐他们不","0","2","2"
"伐他们不能","0","2","2"
"太祖称赞他","0","2","2"
"任司隶校尉","0","2","2"
"不恭敬严肃","0","2","2"
"太祖征伐中","0","2","2"
"祖征伐中山","0","2","2"
"爵位为辽西","0","2","2"
"位为辽西公","0","2","2"
"百姓喜爱他","0","2","2"
"赐爵位为武","0","2","2"
"任平原镇将","0","2","2"
"任武川镇将","0","2","2"
"光禄大夫时","0","2","2"
"禄大夫时去","0","2","2"
"大夫时去世","0","2","2"
"各军驻守在","0","2","2"
"军驻守在沙","0","2","2"
"驻守在沙漠","0","2","2"
"守在沙漠南","0","2","2"
"安抚将领士","0","2","2"
"抚将领士兵","0","2","2"
"的弟弟元浑","0","2","2"
"轻时善于射","0","2","2"
"时善于射箭","0","2","2"
"次发射都射","0","2","2"
"发射都射中","0","2","2"
"担任羽林中","0","2","2"
"成帝逝世后","0","2","2"
"慕容永向东","0","2","2"
"容永向东迁","0","2","2"
"永向东迁徙","0","2","2"
"为新兴太守","0","2","2"
"派遣弟弟亢","0","2","2"
"等人迎接窟","0","2","2"
"人迎接窟咄","0","2","2"
"诛杀于桓等","0","2","2"
"和慕容垂的","0","2","2"
"贺骈的军队","0","2","2"
"爵位为永宁","0","2","2"
"攻城的样子","0","2","2"
"容白曜说道","0","2","2"
"今天所说的","0","2","2"
"定谥号为穆","0","2","2"
"及至慕容白","0","2","2"
"至慕容白曜","0","2","2"
"授予刘休宾","0","2","2"
"予刘休宾为","0","2","2"
"刘休宾的妻","0","2","2"
"的指甲和头","0","2","2"
"尹文达返回","0","2","2"
"容白曜对他","0","2","2"
"妻儿的指甲","0","2","2"
"他与慕容白","0","2","2"
"与慕容白曜","0","2","2"
"慕容白曜以","0","2","2"
"崔道固已经","0","2","2"
"崔道固之子","0","2","2"
"道固之子崔","0","2","2"
"固之子崔景","0","2","2"
"之子崔景业","0","2","2"
"于延兴二年","0","2","2"
"到南朝而连","0","2","2"
"南朝而连坐","0","2","2"
"朝而连坐获","0","2","2"
"而连坐获罪","0","2","2"
"与两个弟弟","0","2","2"
"有什么话要","0","2","2"
"什么话要说","0","2","2"
"任命为广宁","0","2","2"
"命为广宁太","0","2","2"
"为广宁太守","0","2","2"
"慕容白曜因","0","2","2"
"水陆交通的","0","2","2"
"陆交通的要","0","2","2"
"上表请求让","0","2","2"
"乘坐驿车去","0","2","2"
"的主意已定","0","2","2"
"像我这样的","0","2","2"
"刘文晔回答","0","2","2"
"文晔回答说","0","2","2"
"徐兖二州归","0","2","2"
"兖二州归降","0","2","2"
"错误地奖赏","0","2","2"
"善于治理国","0","2","2"
"爵位为都昌","0","2","2"
"赠他为平远","0","2","2"
"他为平远将","0","2","2"
"定谥号为贞","0","2","2"
"召他为主簿","0","2","2"
"起兵响应刘","0","2","2"
"以房法寿为","0","2","2"
"被慕容白曜","0","2","2"
"为清河太守","0","2","2"
"为乐陵太守","0","2","2"
"毕众敬等人","0","2","2"
"他为平东将","0","2","2"
"高祖率军南","0","2","2"
"伯玉回答道","0","2","2"
"这是你的第","0","2","2"
"伯玉回答说","0","2","2"
"在此不在彼","0","2","2"
"南朝的时候","0","2","2"
"合适的位置","0","2","2"
"年轻时有志","0","2","2"
"高祖在位之","0","2","2"
"祖在位之初","0","2","2"
"萧赜派他的","0","2","2"
"北平定之后","0","2","2"
"韦珍的郡所","0","2","2"
"世祖平定凉","0","2","2"
"祖平定凉州","0","2","2"
"朝廷任他为","0","2","2"
"能看到他的","0","2","2"
"不得不这样","0","2","2"
"中必定会生","0","2","2"
"到朝廷之后","0","2","2"
"与萧宝夤交","0","2","2"
"迁任员外散","0","2","2"
"出任为征虏","0","2","2"
"善于绥靖安","0","2","2"
"于绥靖安抚","0","2","2"
"等一千多人","0","2","2"
"的任职期限","0","2","2"
"宗对他十分","0","2","2"
"对他十分赞","0","2","2"
"他十分赞赏","0","2","2"
"世宗不予准","0","2","2"
"宗不予准许","0","2","2"
"他为左将军","0","2","2"
"少年时代即","0","2","2"
"将领裴方明","0","2","2"
"领裴方明等","0","2","2"
"裴方明等人","0","2","2"
"刺史胡崇之","0","2","2"
"推举杨文德","0","2","2"
"举杨文德为","0","2","2"
"皮豹子觉得","0","2","2"
"觉得有道理","0","2","2"
"他为都督秦","0","2","2"
"子弟到京城","0","2","2"
"皮豹子分兵","0","2","2"
"的奸邪之人","0","2","2"
"世祖讨伐赫","0","2","2"
"祖讨伐赫连","0","2","2"
"都身先士卒","0","2","2"
"任镇西将军","0","2","2"
"吕罗汉率领","0","2","2"
"汉率领骑步","0","2","2"
"诏吕罗汉说","0","2","2"
"这都是由于","0","2","2"
"领骑步兵一","0","2","2"
"等人都受到","0","2","2"
"治安大为好","0","2","2"
"安大为好转","0","2","2"
"魏高祖下诏","0","2","2"
"被平定之后","0","2","2"
"祖对他十分","0","2","2"
"转任殿中尚","0","2","2"
"掌管宫廷守","0","2","2"
"管宫廷守卫","0","2","2"
"世祖对他非","0","2","2"
"祖对他非常","0","2","2"
"随从皇帝去","0","2","2"
"从皇帝去到","0","2","2"
"迁任征北大","0","2","2"
"晋爵为河南","0","2","2"
"爵为河南公","0","2","2"
"任司空之职","0","2","2"
"兼任太子太","0","2","2"
"徒陆丽等人","0","2","2"
"实在是你的","0","2","2"
"受到特殊的","0","2","2"
"到特殊的尊","0","2","2"
"特殊的尊崇","0","2","2"
"为枋头镇将","0","2","2"
"再次任命他","0","2","2"
"次任命他为","0","2","2"
"任彭城镇将","0","2","2"
"皇帝上表说","0","2","2"
"没有粮食就","0","2","2"
"有粮食就不","0","2","2"
"粮食就不能","0","2","2"
"臣虽然见识","0","2","2"
"虽然见识不","0","2","2"
"蒙受朝廷恩","0","2","2"
"也知道这些","0","2","2"
"太守张攀都","0","2","2"
"做这样的事","0","2","2"
"授为冠军将","0","2","2"
"随从皇帝征","0","2","2"
"人前来救援","0","2","2"
"军不能前进","0","2","2"
"授任为太仆","0","2","2"
"后来被授任","0","2","2"
"来被授任为","0","2","2"
"率领部众讨","0","2","2"
"坚持自己的","0","2","2"
"没有比这更","0","2","2"
"那样的祸乱","0","2","2"
"岂不是很荒","0","2","2"
"不是很荒谬","0","2","2"
"世祖的行为","0","2","2"
"皇帝下诏加","0","2","2"
"帝下诏加授","0","2","2"
"卢渊为使持","0","2","2"
"渊为使持节","0","2","2"
"高祖不同意","0","2","2"
"被敌人打败","0","2","2"
"南老百姓的","0","2","2"
"老百姓的信","0","2","2"
"百姓的信任","0","2","2"
"享年四十八","0","2","2"
"廷赠他为安","0","2","2"
"与仆射李冲","0","2","2"
"卢昶是一个","0","2","2"
"奉朝廷之命","0","2","2"
"敌军数百人","0","2","2"
"就难以预测","0","2","2"
"又诏令卢昶","0","2","2"
"是两全其美","0","2","2"
"城投降了萧","0","2","2"
"迁任北部尚","0","2","2"
"任北部尚书","0","2","2"
"军长驱直入","0","2","2"
"兵二千人据","0","2","2"
"二千人据守","0","2","2"
"派中书侍郎","0","2","2"
"率领精锐部","0","2","2"
"领精锐部队","0","2","2"
"分兵设置戍","0","2","2"
"兵设置戍所","0","2","2"
"吴忄喜公率","0","2","2"
"忄喜公率领","0","2","2"
"孔伯恭率领","0","2","2"
"上表请求增","0","2","2"
"请求增派军","0","2","2"
"求增派军队","0","2","2"
"慕容白曜到","0","2","2"
"容白曜到达","0","2","2"
"吴忄喜公等","0","2","2"
"刘彧的徐州","0","2","2"
"彧的徐州刺","0","2","2"
"为东兖州刺","0","2","2"
"东兖州刺史","0","2","2"
"安抚初来归","0","2","2"
"抚初来归附","0","2","2"
"归附的百姓","0","2","2"
"兖州诸军事","0","2","2"
"煽动蛊惑百","0","2","2"
"动蛊惑百姓","0","2","2"
"征召尉元回","0","2","2"
"召尉元回京","0","2","2"
"乘坐人力车","0","2","2"
"谦虚的光辉","0","2","2"
"和十七年七","0","2","2"
"前往接应他","0","2","2"
"往接应他们","0","2","2"
"刘彧的东平","0","2","2"
"彧的东平太","0","2","2"
"而慕容白曜","0","2","2"
"重生的恩泽","0","2","2"
"吉的母亲和","0","2","2"
"无盐戍主申","0","2","2"
"怎么忍心看","0","2","2"
"么忍心看到","0","2","2"
"为慕容白曜","0","2","2"
"魏太祖平定","0","2","2"
"他十分惊异","0","2","2"
"召他为功曹","0","2","2"
"世祖的舅舅","0","2","2"
"祖的舅舅阳","0","2","2"
"的舅舅阳平","0","2","2"
"舅舅阳平王","0","2","2"
"任征南大将","0","2","2"
"任命高允为","0","2","2"
"为从事中郎","0","2","2"
"任卫大将军","0","2","2"
"魏世祖的宠","0","2","2"
"不觉得这是","0","2","2"
"人都很奇怪","0","2","2"
"为什么偏偏","0","2","2"
"可忧虑的呢","0","2","2"
"下诏让崔浩","0","2","2"
"自己所撰的","0","2","2"
"为臣与崔浩","0","2","2"
"而不能得到","0","2","2"
"什么原因呢","0","2","2"
"高允上表说","0","2","2"
"为臣窃以为","0","2","2"
"也可以用来","0","2","2"
"这是第一个","0","2","2"
"这是第二个","0","2","2"
"这是第三个","0","2","2"
"立即赐给绵","0","2","2"
"即赐给绵帛","0","2","2"
"赐给绵帛五","0","2","2"
"给绵帛五百","0","2","2"
"绵帛五百匹","0","2","2"
"粮食一千斛","0","2","2"
"拜高允长子","0","2","2"
"高允长子高","0","2","2"
"允长子高忱","0","2","2"
"长子高忱为","0","2","2"
"子高忱为绥","0","2","2"
"高忱为绥远","0","2","2"
"忱为绥远将","0","2","2"
"为绥远将军","0","2","2"
"有喜怒之色","0","2","2"
"的恒常之理","0","2","2"
"百姓的生命","0","2","2"
"文明太后派","0","2","2"
"人容易产生","0","2","2"
"没有什么遗","0","2","2"
"几杖罗列在","0","2","2"
"杖罗列在庭","0","2","2"
"罗列在庭中","0","2","2"
"朝中之官往","0","2","2"
"中之官往往","0","2","2"
"之官往往来","0","2","2"
"官往往来来","0","2","2"
"往往来来给","0","2","2"
"往来来给予","0","2","2"
"来来给予慰","0","2","2"
"来给予慰问","0","2","2"
"高允喜形于","0","2","2"
"允喜形于色","0","2","2"
"天恩因我太","0","2","2"
"恩因我太老","0","2","2"
"给了这么多","0","2","2"
"了这么多赐","0","2","2"
"这么多赐品","0","2","2"
"可以用来待","0","2","2"
"以用来待客","0","2","2"
"用来待客了","0","2","2"
"给命服一袭","0","2","2"
"在慕容氏政","0","2","2"
"慕容氏政权","0","2","2"
"容氏政权中","0","2","2"
"入宫为高宗","0","2","2"
"宫为高宗讲","0","2","2"
"为高宗讲经","0","2","2"
"情未能专一","0","2","2"
"兄弟的意图","0","2","2"
"李敷的事情","0","2","2"
"受到显祖恩","0","2","2"
"到显祖恩宠","0","2","2"
"有这么回事","0","2","2"
"的母亲记载","0","2","2"
"母亲记载缺","0","2","2"
"亲记载缺略","0","2","2"
"为世人所称","0","2","2"
"喜爱他的才","0","2","2"
"后来统领黄","0","2","2"
"来统领黄河","0","2","2"
"百姓争相送","0","2","2"
"卜筮者董道","0","2","2"
"筮者董道秀","0","2","2"
"后来事情泄","0","2","2"
"来事情泄露","0","2","2"
"的人接连不","0","2","2"
"人接连不断","0","2","2"
"参预军国大","0","2","2"
"预军国大事","0","2","2"
"任命为镇束","0","2","2"
"臣听说过去","0","2","2"
"奢侈浪费便","0","2","2"
"的不得越级","0","2","2"
"不得越级至","0","2","2"
"也许有人说","0","2","2"
"后来的臣子","0","2","2"
"有损于国家","0","2","2"
"老百姓必定","0","2","2"
"他们的赋税","0","2","2"
"以本月为春","0","2","2"
"说父子兄弟","0","2","2"
"等到文明太","0","2","2"
"到文明太后","0","2","2"
"可以说是得","0","2","2"
"有什么可担","0","2","2"
"什么可担心","0","2","2"
"后来皇帝车","0","2","2"
"来皇帝车驾","0","2","2"
"被魏高祖所","0","2","2"
"人都很怕他","0","2","2"
"帝下诏让李","0","2","2"
"下诏让李彪","0","2","2"
"等人共同处","0","2","2"
"国家日常事","0","2","2"
"家日常事务","0","2","2"
"有什么不是","0","2","2"
"引马骑卒传","0","2","2"
"马骑卒传呼","0","2","2"
"骑卒传呼开","0","2","2"
"卒传呼开道","0","2","2"
"因为这件事","0","2","2"
"与日月齐明","0","2","2"
"的远见卓识","0","2","2"
"是先皇的礼","0","2","2"
"先皇的礼敬","0","2","2"
"可以说是功","0","2","2"
"的人的儿子","0","2","2"
"人的儿子擅","0","2","2"
"的儿子擅长","0","2","2"
"天人之际的","0","2","2"
"的人不一定","0","2","2"
"道为什么要","0","2","2"
"不一定能够","0","2","2"
"僻静的地方","0","2","2"
"也不是为了","0","2","2"
"魏世宗不同","0","2","2"
"年五十八岁","0","2","2"
"另外有集子","0","2","2"
"接纳他的意","0","2","2"
"王肃到义阳","0","2","2"
"都是一致的","0","2","2"
"高祖派舍人","0","2","2"
"祖派舍人回","0","2","2"
"派舍人回答","0","2","2"
"舍人回答说","0","2","2"
"裴叔业于是","0","2","2"
"都与他亲近","0","2","2"
"人奔赴寿春","0","2","2"
"亲自为他举","0","2","2"
"自为他举哀","0","2","2"
"为著作佐郎","0","2","2"
"跟从皇驾南","0","2","2"
"魏世宗初年","0","2","2"
"给他一些财","0","2","2"
"他一些财物","0","2","2"
"崔休为尚书","0","2","2"
"受到的礼遇","0","2","2"
"后来跟从皇","0","2","2"
"举官员的职","0","2","2"
"官员的职务","0","2","2"
"二州怀念其","0","2","2"
"州怀念其德","0","2","2"
"怀念其德泽","0","2","2"
"百姓追思其","0","2","2"
"姓追思其政","0","2","2"
"追思其政绩","0","2","2"
"年五十二岁","0","2","2"
"朝廷赐帛五","0","2","2"
"廷赐帛五百","0","2","2"
"元叉的儿子","0","2","2"
"被朝廷征拜","0","2","2"
"他为冠军将","0","2","2"
"廷拜他为中","0","2","2"
"有关部门启","0","2","2"
"关部门启奏","0","2","2"
"又除授其为","0","2","2"
"衍派他的冠","0","2","2"
"派他的冠军","0","2","2"
"个可以图谋","0","2","2"
"可以图谋的","0","2","2"
"以图谋的理","0","2","2"
"图谋的理由","0","2","2"
"据有敌人要","0","2","2"
"我前锋部队","0","2","2"
"担心会失去","0","2","2"
"心会失去民","0","2","2"
"会失去民心","0","2","2"
"武兴氐人杨","0","2","2"
"兴氐人杨集","0","2","2"
"为度支尚书","0","2","2"
"让邢峦为使","0","2","2"
"臣希望陛下","0","2","2"
"陛下不要为","0","2","2"
"结成犄角之","0","2","2"
"下诏让邢峦","0","2","2"
"依为臣的愚","0","2","2"
"为臣的愚见","0","2","2"
"是为臣不能","0","2","2"
"不能理解的","0","2","2"
"没有听说过","0","2","2"
"所统领的人","0","2","2"
"屡屡上表请","0","2","2"
"屡上表请求","0","2","2"
"上表请求还","0","2","2"
"时人都很佩","0","2","2"
"人都很佩服","0","2","2"
"卢昶与元晖","0","2","2"
"被卢昶等人","0","2","2"
"队讨伐他们","0","2","2"
"封他为平舒","0","2","2"
"他为平舒县","0","2","2"
"为平舒县开","0","2","2"
"犒赏他宿豫","0","2","2"
"赏他宿豫城","0","2","2"
"他宿豫城立","0","2","2"
"宿豫城立下","0","2","2"
"豫城立下的","0","2","2"
"城立下的战","0","2","2"
"立下的战功","0","2","2"
"世宗笑着说","0","2","2"
"山王元英南","0","2","2"
"皇帝下诏赐","0","2","2"
"帝下诏赐帛","0","2","2"
"下诏赐帛四","0","2","2"
"迁任散骑侍","0","2","2"
"迁任太子中","0","2","2"
"从景明年间","0","2","2"
"平定冀州的","0","2","2"
"定冀州的功","0","2","2"
"冀州的功劳","0","2","2"
"书右仆射为","0","2","2"
"右仆射为行","0","2","2"
"仆射为行台","0","2","2"
"以对付敌人","0","2","2"
"迁任尚书左","0","2","2"
"赐予东园秘","0","2","2"
"于是上书说","0","2","2"
"郭祚回答说","0","2","2"
"并州大中正","0","2","2"
"魏世宗下诏","0","2","2"
"败坏法律的","0","2","2"
"怀念他的恩","0","2","2"
"年以上迁升","0","2","2"
"以上迁升半","0","2","2"
"上迁升半阶","0","2","2"
"愚见认为应","0","2","2"
"使者前去吊","0","2","2"
"郎官职仍旧","0","2","2"
"以白衣身份","0","2","2"
"请求解除他","0","2","2"
"朝廷十分担","0","2","2"
"羌人都来归","0","2","2"
"长驱直入到","0","2","2"
"除授太中大","0","2","2"
"过了很长时","0","2","2"
"不久又转任","0","2","2"
"在高祖面前","0","2","2"
"傅永在离淮","0","2","2"
"傅永为统军","0","2","2"
"山地形险要","0","2","2"
"平元年去世","0","2","2"
"他为安东将","0","2","2"
"见到的人都","0","2","2"
"灵越回答说","0","2","2"
"姓纷纷归附","0","2","2"
"竖眼为征虏","0","2","2"
"眼为征虏将","0","2","2"
"等人率领一","0","2","2"
"竖眼各路大","0","2","2"
"眼各路大军","0","2","2"
"少年时即聪","0","2","2"
"任命甄琛为","0","2","2"
"转任通直散","0","2","2"
"最重要的东","0","2","2"
"重要的东西","0","2","2"
"又迁任侍中","0","2","2"
"黄门郎李凭","0","2","2"
"等人启奏说","0","2","2"
"有什么大事","0","2","2"
"中正官职照","0","2","2"
"正官职照旧","0","2","2"
"黄门侍郎官","0","2","2"
"门侍郎官职","0","2","2"
"不久又征召","0","2","2"
"外的房屋中","0","2","2"
"高祖前往代","0","2","2"
"为元恂娶了","0","2","2"
"的话是对的","0","2","2"
"任彭城王中","0","2","2"
"后的妹妹为","0","2","2"
"同往日一样","0","2","2"
"我还有什么","0","2","2"
"于是叹息流","0","2","2"
"是叹息流泪","0","2","2"
"时年二十一","0","2","2"
"年二十一岁","0","2","2"
"被任命为侍","0","2","2"
"中有才能的","0","2","2"
"囚禁元惮在","0","2","2"
"禁元惮在门","0","2","2"
"元惮在门下","0","2","2"
"惮在门下省","0","2","2"
"才得以返回","0","2","2"
"向南投奔萧","0","2","2"
"南投奔萧衍","0","2","2"
"治理国家统","0","2","2"
"理国家统御","0","2","2"
"国家统御民","0","2","2"
"家统御民众","0","2","2"
"使灭亡国度","0","2","2"
"灭亡国度复","0","2","2"
"亡国度复存","0","2","2"
"刘琨的质子","0","2","2"
"琨的质子刘","0","2","2"
"的质子刘遵","0","2","2"
"率领几百骑","0","2","2"
"领几百骑兵","0","2","2"
"兵一千多人","0","2","2"
"忠诚的节操","0","2","2"
"时常参与军","0","2","2"
"常参与军队","0","2","2"
"等到回京城","0","2","2"
"和常山王元","0","2","2"
"担任南部大","0","2","2"
"任南部大人","0","2","2"
"擒获他的妻","0","2","2"
"获他的妻子","0","2","2"
"领骑兵三千","0","2","2"
"儿子慕容麟","0","2","2"
"慕容文等人","0","2","2"
"的并州刺史","0","2","2"
"打败贺兰部","0","2","2"
"山攻打蠕蠕","0","2","2"
"马三千匹给","0","2","2"
"率领轻装骑","0","2","2"
"领轻装骑兵","0","2","2"
"轻装骑兵追","0","2","2"
"骑兵追击他","0","2","2"
"穆帝的时代","0","2","2"
"在太祖左右","0","2","2"
"太祖在参合","0","2","2"
"祖在参合陂","0","2","2"
"太祖回京城","0","2","2"
"随从征伐高","0","2","2"
"从征伐高车","0","2","2"
"任都水使者","0","2","2"
"任晋兵将军","0","2","2"
"赐爵位为山","0","2","2"
"奚斤世代忠","0","2","2"
"斤世代忠诚","0","2","2"
"世代忠诚孝","0","2","2"
"代忠诚孝顺","0","2","2"
"诏令奚斤和","0","2","2"
"太宗向西巡","0","2","2"
"宗向西巡视","0","2","2"
"那山讨伐越","0","2","2"
"山讨伐越勒","0","2","2"
"缴获马五万","0","2","2"
"二万多家后","0","2","2"
"和长孙嵩等","0","2","2"
"坐在止车门","0","2","2"
"在止车门右","0","2","2"
"止车门右面","0","2","2"
"遣使者前往","0","2","2"
"献出郡城投","0","2","2"
"出郡城投降","0","2","2"
"打败赫连定","0","2","2"
"攻打赫连昌","0","2","2"
"时年八十岁","0","2","2"
"世祖亲自前","0","2","2"
"授任广平太","0","2","2"
"后来担任都","0","2","2"
"依条例降为","0","2","2"
"追评先朝功","0","2","2"
"评先朝功臣","0","2","2"
"追赠龙骧将","0","2","2"
"出任冀青二","0","2","2"
"任冀青二州","0","2","2"
"赐爵位为成","0","2","2"
"来因有罪发","0","2","2"
"因有罪发配","0","2","2"
"随从征伐蠕","0","2","2"
"从征伐蠕蠕","0","2","2"
"时被任命为","0","2","2"
"加授员外散","0","2","2"
"授员外散骑","0","2","2"
"礼依照他的","0","2","2"
"赐爵位为富","0","2","2"
"叔孙建年轻","0","2","2"
"孙建年轻时","0","2","2"
"任命叔孙建","0","2","2"
"命叔孙建为","0","2","2"
"等十三人轮","0","2","2"
"十三人轮流","0","2","2"
"经过六年才","0","2","2"
"任命为后将","0","2","2"
"命为后将军","0","2","2"
"外出任并州","0","2","2"
"等聚集党羽","0","2","2"
"刘裕讨伐姚","0","2","2"
"裕讨伐姚泓","0","2","2"
"叔孙建从河","0","2","2"
"孙建从河内","0","2","2"
"叔孙建不能","0","2","2"
"领军队向北","0","2","2"
"王仲德救援","0","2","2"
"因功劳获赐","0","2","2"
"擒获消灭他","0","2","2"
"叔孙建和汝","0","2","2"
"孙建和汝阴","0","2","2"
"建和汝阴公","0","2","2"
"刘义隆的兖","0","2","2"
"义隆的兖州","0","2","2"
"隆的兖州刺","0","2","2"
"截断他们的","0","2","2"
"擅长射箭骑","0","2","2"
"长射箭骑马","0","2","2"
"等人在左右","0","2","2"
"人在左右纠","0","2","2"
"在左右纠正","0","2","2"
"左右纠正过","0","2","2"
"右纠正过失","0","2","2"
"渐升迁到北","0","2","2"
"升迁到北部","0","2","2"
"父亲统领军","0","2","2"
"亲统领军队","0","2","2"
"授任冀州刺","0","2","2"
"在各处都受","0","2","2"
"刘裕攻克长","0","2","2"
"裕攻克长安","0","2","2"
"长孙嵩于是","0","2","2"
"孙嵩于是撤","0","2","2"
"嵩于是撤军","0","2","2"
"升爵位为北","0","2","2"
"任司州中正","0","2","2"
"应该先征讨","0","2","2"
"该先征讨大","0","2","2"
"先征讨大檀","0","2","2"
"赞同促成这","0","2","2"
"同促成这件","0","2","2"
"促成这件事","0","2","2"
"谧号为安王","0","2","2"
"担任右卫将","0","2","2"
"追赠为司空","0","2","2"
"祖喜爱他的","0","2","2"
"夺取别人的","0","2","2"
"不加以治罪","0","2","2"
"率领军队出","0","2","2"
"强大的敌寇","0","2","2"
"为他们很荣","0","2","2"
"他们很荣耀","0","2","2"
"诸军事讨伐","0","2","2"
"命长孙观为","0","2","2"
"聪明敏捷有","0","2","2"
"敏捷有才华","0","2","2"
"捷有才华技","0","2","2"
"有才华技艺","0","2","2"
"衍的将领裴","0","2","2"
"援助长孙稚","0","2","2"
"派遣河间王","0","2","2"
"遣河间王元","0","2","2"
"长孙稚于是","0","2","2"
"没有回答的","0","2","2"
"有回答的人","0","2","2"
"长孙稚上奏","0","2","2"
"杀死她的丈","0","2","2"
"死她的丈夫","0","2","2"
"非正式的新","0","2","2"
"正式的新安","0","2","2"
"情况上报朝","0","2","2"
"况上报朝廷","0","2","2"
"太宗赞许他","0","2","2"
"又任外都大","0","2","2"
"显贵用的棺","0","2","2"
"贵用的棺材","0","2","2"
"赠为太尉公","0","2","2"
"哀伤惋惜他","0","2","2"
"从征讨凉州","0","2","2"
"升任尚书令","0","2","2"
"贪污受贿罪","0","2","2"
"爵位为昌国","0","2","2"
"跟从皇上南","0","2","2"
"从皇上南征","0","2","2"
"握着于烈的","0","2","2"
"着于烈的手","0","2","2"
"于烈的手说","0","2","2"
"祖嘉许他的","0","2","2"
"嘉许他的功","0","2","2"
"的儿子于登","0","2","2"
"儿子于登援","0","2","2"
"子于登援引","0","2","2"
"于烈为散骑","0","2","2"
"烈为散骑常","0","2","2"
"依法被处死","0","2","2"
"法被处死刑","0","2","2"
"作为臣子的","0","2","2"
"功劳加授散","0","2","2"
"劳加授散骑","0","2","2"
"元禧憎恨于","0","2","2"
"禧憎恨于烈","0","2","2"
"憎恨于烈刚","0","2","2"
"恨于烈刚强","0","2","2"
"于烈刚强正","0","2","2"
"烈刚强正直","0","2","2"
"于是谋划把","0","2","2"
"是谋划把他","0","2","2"
"谋划把他派","0","2","2"
"划把他派到","0","2","2"
"把他派到外","0","2","2"
"他派到外地","0","2","2"
"派到外地去","0","2","2"
"到外地去做","0","2","2"
"外地去做官","0","2","2"
"便任命他为","0","2","2"
"于忠驱马疾","0","2","2"
"忠驱马疾行","0","2","2"
"驱马疾行去","0","2","2"
"升任长水校","0","2","2"
"大王也不能","0","2","2"
"王也不能杀","0","2","2"
"也不能杀我","0","2","2"
"总领禁卫军","0","2","2"
"威严和权势","0","2","2"
"于忠任尚书","0","2","2"
"忠任尚书令","0","2","2"
"有声望的人","0","2","2"
"依例降低爵","0","2","2"
"例降低爵位","0","2","2"
"一个多月后","0","2","2"
"赠为都督冀","0","2","2"
"任太子舍人","0","2","2"
"阙冀州长史","0","2","2"
"被迫赠为征","0","2","2"
"迫赠为征南","0","2","2"
"赠为征南将","0","2","2"
"任尚书考功","0","2","2"
"任命他为代","0","2","2"
"命他为代王","0","2","2"
"他为代王左","0","2","2"
"为代王左长","0","2","2"
"厚重地加以","0","2","2"
"年轻时有文","0","2","2"
"轻时有文学","0","2","2"
"时有文学才","0","2","2"
"奴隶三十户","0","2","2"
"以派遣使者","0","2","2"
"佛嵩于是日","0","2","2"
"嵩于是日夜","0","2","2"
"这年六十三","0","2","2"
"跟随征伐慕","0","2","2"
"随征伐慕容","0","2","2"
"茁壮的禾稻","0","2","2"
"的弟弟安国","0","2","2"
"担任中山太","0","2","2"
"国的弟弟安","0","2","2"
"担任侍御中","0","2","2"
"太祖征伐蠕","0","2","2"
"太祖命令张","0","2","2"
"祖命令张衮","0","2","2"
"太祖打败贺","0","2","2"
"鼓励督促耕","0","2","2"
"励督促耕田","0","2","2"
"督促耕田种","0","2","2"
"促耕田种桑","0","2","2"
"才能策略受","0","2","2"
"能策略受到","0","2","2"
"那么太平的","0","2","2"
"担任州主簿","0","2","2"
"服丧时以孝","0","2","2"
"丧时以孝道","0","2","2"
"群臣商议这","0","2","2"
"臣商议这件","0","2","2"
"希望陛下留","0","2","2"
"娶他的女儿","0","2","2"
"他的女儿为","0","2","2"
"女儿为嫔妃","0","2","2"
"雷霆般的威","0","2","2"
"霆般的威严","0","2","2"
"打败强大的","0","2","2"
"强大的楚国","0","2","2"
"升殿中尚书","0","2","2"
"追赠镇南将","0","2","2"
"任大司农少","0","2","2"
"国家的文书","0","2","2"
"到龙骧将军","0","2","2"
"在慕容晾手","0","2","2"
"慕容晾手下","0","2","2"
"容垂任命玄","0","2","2"
"垂任命玄伯","0","2","2"
"命玄伯为吏","0","2","2"
"玄伯为吏部","0","2","2"
"伯为吏部郎","0","2","2"
"抚慰问新归","0","2","2"
"慰问新归附","0","2","2"
"问新归附的","0","2","2"
"治理社会的","0","2","2"
"太宗称赞他","0","2","2"
"韶令玄伯和","0","2","2"
"嵩等人坐在","0","2","2"
"宗听从了他","0","2","2"
"都以广博的","0","2","2"
"传授儿子曲","0","2","2"
"浩的弟弟崔","0","2","2"
"的弟弟崔览","0","2","2"
"延兴二年去","0","2","2"
"爵位为武陵","0","2","2"
"位为武陵公","0","2","2"
"共五十多条","0","2","2"
"弟弟崔肋作","0","2","2"
"弟崔肋作乱","0","2","2"
"是慕容垂的","0","2","2"
"有二个儿子","0","2","2"
"赐给他妻子","0","2","2"
"一个女儿为","0","2","2"
"庶出的儿子","0","2","2"
"刘义隆的儿","0","2","2"
"义隆的儿子","0","2","2"
"任他为从事","0","2","2"
"的几个哥哥","0","2","2"
"后来任宁朔","0","2","2"
"来任宁朔将","0","2","2"
"任命道固为","0","2","2"
"接受刘或的","0","2","2"
"陛下的恩泽","0","2","2"
"另外有功劳","0","2","2"
"赐爵为昌国","0","2","2"
"率领部众几","0","2","2"
"领部众几千","0","2","2"
"部众几千人","0","2","2"
"任征束大将","0","2","2"
"年后有什么","0","2","2"
"但报答不了","0","2","2"
"坚持己见不","0","2","2"
"后来才得以","0","2","2"
"被贼寇杀死","0","2","2"
"壮勇敢有力","0","2","2"
"到中书侍郎","0","2","2"
"升爵位为南","0","2","2"
"赐爵位为新","0","2","2"
"侍郎时去世","0","2","2"
"任畿内大使","0","2","2"
"为黄门侍郎","0","2","2"
"州发生大水","0","2","2"
"准许他继承","0","2","2"
"当时人没有","0","2","2"
"时人没有谁","0","2","2"
"人没有谁比","0","2","2"
"没有谁比得","0","2","2"
"有谁比得上","0","2","2"
"刘显谋划作","0","2","2"
"显谋划作乱","0","2","2"
"听说后相信","0","2","2"
"说后相信了","0","2","2"
"随从平定中","0","2","2"
"从平定中原","0","2","2"
"平民服装进","0","2","2"
"民服装进入","0","2","2"
"不久被授任","0","2","2"
"祖赐予的名","0","2","2"
"赐予的名字","0","2","2"
"不久被征召","0","2","2"
"追赠征西将","0","2","2"
"父亲的功劳","0","2","2"
"世祖征伐凉","0","2","2"
"祖征伐凉州","0","2","2"
"崔浩等人辅","0","2","2"
"浩等人辅佐","0","2","2"
"等人辅佐政","0","2","2"
"人辅佐政事","0","2","2"
"和平二年去","0","2","2"
"平二年去世","0","2","2"
"百多人前往","0","2","2"
"任开府祭酒","0","2","2"
"仕为员外郎","0","2","2"
"领骑兵三万","0","2","2"
"打败吐谷浑","0","2","2"
"穆亮为使持","0","2","2"
"亮为使持节","0","2","2"
"定可行与否","0","2","2"
"建造未央宫","0","2","2"
"初创的阶段","0","2","2"
"不久授任穆","0","2","2"
"不久授任使","0","2","2"
"久授任使持","0","2","2"
"授任穆绍为","0","2","2"
"担任司徒谘","0","2","2"
"城的弟弟长","0","2","2"
"担任征西将","0","2","2"
"赐爵位为任","0","2","2"
"爵位为任城","0","2","2"
"有风度品格","0","2","2"
"忠诚谨慎有","0","2","2"
"世祖赞许他","0","2","2"
"随从征伐和","0","2","2"
"从征伐和龙","0","2","2"
"世祖向西征","0","2","2"
"祖向西征伐","0","2","2"
"向北讨伐蠕","0","2","2"
"北讨伐蠕蠕","0","2","2"
"外出任北镇","0","2","2"
"出任北镇都","0","2","2"
"任凉州镇将","0","2","2"
"担任通直常","0","2","2"
"任通直常侍","0","2","2"
"左右抵御欺","0","2","2"
"右抵御欺侮","0","2","2"
"担任辅国将","0","2","2"
"的弟弟显业","0","2","2"
"有行政才干","0","2","2"
"免除官职爵","0","2","2"
"去世时五十","0","2","2"
"王建的哥哥","0","2","2"
"奴婢数十人","0","2","2"
"为中部大人","0","2","2"
"将领们都认","0","2","2"
"领们都认为","0","2","2"
"加授平北将","0","2","2"
"降爵位为侯","0","2","2"
"出使的功劳","0","2","2"
"柴壁征讨姚","0","2","2"
"壁征讨姚平","0","2","2"
"无计可施了","0","2","2"
"被赐为北新","0","2","2"
"加授安远将","0","2","2"
"授安远将军","0","2","2"
"众人都响应","0","2","2"
"肥如侯贺护","0","2","2"
"立塞因宣回","0","2","2"
"直二州刺史","0","2","2"
"犯黄河以西","0","2","2"
"任驾部尚书","0","2","2"
"安颉捉住赫","0","2","2"
"颉捉住赫连","0","2","2"
"捉住赫连昌","0","2","2"
"无不嗟叹惋","0","2","2"
"不嗟叹惋惜","0","2","2"
"又跟从平定","0","2","2"
"给爵位为安","0","2","2"
"赫连屈孑的","0","2","2"
"太宗嘉许他","0","2","2"
"赠他为安束","0","2","2"
"积蓄力量等","0","2","2"
"蓄力量等待","0","2","2"
"统领步兵三","0","2","2"
"赫连昌战败","0","2","2"
"有用兵谋略","0","2","2"
"为中领军将","0","2","2"
"与宋兵将军","0","2","2"
"回讨伐山塑","0","2","2"
"酉回讨伐山","0","2","2"
"牧犍的弟弟","0","2","2"
"以皇上的名","0","2","2"
"皇上的名义","0","2","2"
"上的名义招","0","2","2"
"的名义招抚","0","2","2"
"百多家来投","0","2","2"
"下他的儿子","0","2","2"
"从征伐平凉","0","2","2"
"为虎威将军","0","2","2"
"跟从皇上讨","0","2","2"
"从皇上讨伐","0","2","2"
"任比部侍御","0","2","2"
"战功占多数","0","2","2"
"时因擅长骑","0","2","2"
"因擅长骑马","0","2","2"
"骑马射箭任","0","2","2"
"位为金城公","0","2","2"
"是濮阳太守","0","2","2"
"升爵位为子","0","2","2"
"称颂的政绩","0","2","2"
"任杏城镇将","0","2","2"
"追赠为冠军","0","2","2"
"赠为冠军将","0","2","2"
"被任命为宁","0","2","2"
"陆真打败他","0","2","2"
"真打败他们","0","2","2"
"爵位为河南","0","2","2"
"位为河南公","0","2","2"
"与雍州刺史","0","2","2"
"史刘邈讨伐","0","2","2"
"军国大事的","0","2","2"
"国大事的谋","0","2","2"
"讨伐贺兰部","0","2","2"
"太祖宠信优","0","2","2"
"祖宠信优待","0","2","2"
"太祖征伐慕","0","2","2"
"祖征伐慕容","0","2","2"
"征伐慕容宝","0","2","2"
"时常侵犯边","0","2","2"
"智谋多有才","0","2","2"
"谋多有才干","0","2","2"
"前来偷袭军","0","2","2"
"来偷袭军营","0","2","2"
"官军在柏肆","0","2","2"
"停驻在晋阳","0","2","2"
"搜索山林全","0","2","2"
"索山林全力","0","2","2"
"山林全力讨","0","2","2"
"林全力讨伐","0","2","2"
"侵犯南部边","0","2","2"
"犯南部边境","0","2","2"
"聚集党与反","0","2","2"
"集党与反叛","0","2","2"
"随从征伐有","0","2","2"
"从征伐有功","0","2","2"
"征伐有功劳","0","2","2"
"被任命为左","0","2","2"
"任命为左军","0","2","2"
"命为左军将","0","2","2"
"没有赶上而","0","2","2"
"有赶上而返","0","2","2"
"在左担面前","0","2","2"
"爵位为会稽","0","2","2"
"位为会稽公","0","2","2"
"和古弼等人","0","2","2"
"处理机要事","0","2","2"
"理机要事务","0","2","2"
"上奏百官情","0","2","2"
"奏百官情形","0","2","2"
"先平定冯跋","0","2","2"
"五原黄河北","0","2","2"
"原黄河北岸","0","2","2"
"对他略有嫌","0","2","2"
"他略有嫌隙","0","2","2"
"军队出动没","0","2","2"
"队出动没有","0","2","2"
"出动没有功","0","2","2"
"征伐赫连定","0","2","2"
"和永昌王元","0","2","2"
"征召他返回","0","2","2"
"仇池的包围","0","2","2"
"池的包围解","0","2","2"
"的包围解除","0","2","2"
"有老练成熟","0","2","2"
"老练成熟的","0","2","2"
"练成熟的辛","0","2","2"
"成熟的辛勤","0","2","2"
"人认为他们","0","2","2"
"认为他们很","0","2","2"
"公崔浩等人","0","2","2"
"千骑兵追赶","0","2","2"
"征召他回京","0","2","2"
"召他回京城","0","2","2"
"赐给他奴婢","0","2","2"
"镇守北方边","0","2","2"
"守北方边境","0","2","2"
"威名十分显","0","2","2"
"别部头领阿","0","2","2"
"部头领阿伏","0","2","2"
"头领阿伏干","0","2","2"
"祖十分器重","0","2","2"
"因父亲的功","0","2","2"
"的弟弟长孙","0","2","2"
"伤了一只眼","0","2","2"
"了一只眼睛","0","2","2"
"赐爵位为束","0","2","2"
"担任平南将","0","2","2"
"斩首一千多","0","2","2"
"首一千多级","0","2","2"
"兼护羌戎校","0","2","2"
"不久被任命","0","2","2"
"久被任命为","0","2","2"
"别部将领隶","0","2","2"
"部将领隶属","0","2","2"
"元绍的母亲","0","2","2"
"奉皇帝的人","0","2","2"
"武艺超过常","0","2","2"
"艺超过常人","0","2","2"
"被任命为前","0","2","2"
"任命为前军","0","2","2"
"命为前军将","0","2","2"
"受财货贿赂","0","2","2"
"河梁仗义起","0","2","2"
"梁仗义起兵","0","2","2"
"仗义起兵的","0","2","2"
"任司农少卿","0","2","2"
"最初担任司","0","2","2"
"初担任司空","0","2","2"
"担任司空参","0","2","2"
"任司空参军","0","2","2"
"任期满后回","0","2","2"
"任太尉主簿","0","2","2"
"安元年逝世","0","2","2"
"兵士一千多","0","2","2"
"元鉴上奏疏","0","2","2"
"求继承爵位","0","2","2"
"让爵位给元","0","2","2"
"爵位给元鉴","0","2","2"
"追赠征东将","0","2","2"
"台鲎元年逝","0","2","2"
"鲎元年逝世","0","2","2"
"世祖连接断","0","2","2"
"祖连接断绝","0","2","2"
"连接断绝的","0","2","2"
"接断绝的世","0","2","2"
"断绝的世序","0","2","2"
"都流着眼泪","0","2","2"
"流着眼泪追","0","2","2"
"他为宗正卿","0","2","2"
"外任为安北","0","2","2"
"任为安北将","0","2","2"
"京兆王元黎","0","2","2"
"将军高肇征","0","2","2"
"军高肇征伐","0","2","2"
"高肇征伐蜀","0","2","2"
"肇征伐蜀地","0","2","2"
"任命元继为","0","2","2"
"领军职位照","0","2","2"
"元继频繁上","0","2","2"
"继频繁上奏","0","2","2"
"元继在太和","0","2","2"
"继在太和年","0","2","2"
"灵太后和肃","0","2","2"
"显赫于当时","0","2","2"
"兼领尝食典","0","2","2"
"领尝食典御","0","2","2"
"元叉和他的","0","2","2"
"叉和他的弟","0","2","2"
"的弟弟元爪","0","2","2"
"连禽兽都不","0","2","2"
"禽兽都不如","0","2","2"
"讨论天人之","0","2","2"
"有先见之明","0","2","2"
"觉得有什么","0","2","2"
"的达官贵人","0","2","2"
"都是他自己","0","2","2"
"称赞他的治","0","2","2"
"赞他的治绩","0","2","2"
"征拜他为中","0","2","2"
"问李孝伯说","0","2","2"
"国家有什么","0","2","2"
"还有什么好","0","2","2"
"李孝伯风度","0","2","2"
"此可见一斑","0","2","2"
"李冲为中书","0","2","2"
"魏高祖初年","0","2","2"
"圣人的大宝","0","2","2"
"不能克敌制","0","2","2"
"能克敌制胜","0","2","2"
"然不是这样","0","2","2"
"帝下诏让刘","0","2","2"
"下诏让刘昶","0","2","2"
"刘昶回答说","0","2","2"
"正想讨伐罪","0","2","2"
"想讨伐罪恶","0","2","2"
"宣扬皇威布","0","2","2"
"扬皇威布施","0","2","2"
"皇威布施帝","0","2","2"
"威布施帝德","0","2","2"
"二事既做好","0","2","2"
"也不失本来","0","2","2"
"不失本来打","0","2","2"
"失本来打算","0","2","2"
"朕也无所成","0","2","2"
"也无所成就","0","2","2"
"岂只是爱卿","0","2","2"
"只是爱卿你","0","2","2"
"是爱卿你呢","0","2","2"
"喜好法典则","0","2","2"
"好法典则国","0","2","2"
"法典则国家","0","2","2"
"典则国家定","0","2","2"
"则国家定会","0","2","2"
"萧宝夤到了","0","2","2"
"为梁郡开国","0","2","2"
"赐给帛三百","0","2","2"
"给帛三百匹","0","2","2"
"官的人不能","0","2","2"
"这样就会使","0","2","2"
"请求退休的","0","2","2"
"赐给他布帛","0","2","2"
"宫朝见皇帝","0","2","2"
"于是授他为","0","2","2"
"地方都没有","0","2","2"
"对于敌人来","0","2","2"
"于敌人来说","0","2","2"
"魏世宗又不","0","2","2"
"世宗又不接","0","2","2"
"刘骏政权的","0","2","2"
"被拜授为中","0","2","2"
"跟随皇帝车","0","2","2"
"随皇帝车驾","0","2","2"
"都城八里的","0","2","2"
"在西南未地","0","2","2"
"离都城五里","0","2","2"
"离城九里的","0","2","2"
"城九里的郊","0","2","2"
"九里的郊郭","0","2","2"
"在离城六里","0","2","2"
"离城六里的","0","2","2"
"所宜种的树","0","2","2"
"宜种的树木","0","2","2"
"是社的分支","0","2","2"
"社稷所以有","0","2","2"
"稷所以有树","0","2","2"
"所以有树的","0","2","2"
"任宋王刘昶","0","2","2"
"父亲燕宣王","0","2","2"
"他为辅国将","0","2","2"
"不久又除任","0","2","2"
"臣听说皇驾","0","2","2"
"孝廉的名称","0","2","2"
"有益于时政","0","2","2"
"那么即使是","0","2","2"
"府的谘议参","0","2","2"
"臣心里有想","0","2","2"
"心里有想法","0","2","2"
"不敢尽言于","0","2","2"
"敢尽言于圣","0","2","2"
"尽言于圣日","0","2","2"
"下诏让杨播","0","2","2"
"除名为庶人","0","2","2"
"转任左卫将","0","2","2"
"我听说你们","0","2","2"
"轻易说什么","0","2","2"
"你们如果能","0","2","2"
"郑羲对元石","0","2","2"
"羲对元石说","0","2","2"
"历任谏议大","0","2","2"
