"N-gram","魏书","魏书翻译","Total"
"开府仪同三司","82","87","169"
"派使者前来朝","0","138","138"
"通直散骑常侍","54","54","108"
"前来朝拜纳贡","0","88","88"
"金紫光禄大夫","44","43","87"
"使者前来朝拜","0","87","87"
"员外散骑常侍","42","42","84"
"者前来朝拜纳","0","84","84"
"派遣使者入朝","0","71","71"
"国派使者前来","0","71","71"
"使者入朝贡奉","0","66","66"
"遣使者入朝贡","0","65","65"
"给事黄门侍郎","0","55","55"
"员外散骑侍郎","23","23","46"
"都督中外诸军","22","22","44"
"诸国遣使朝献","44","0","44"
"派来使者朝贡","0","43","43"
"督中外诸军事","21","21","42"
"加授散骑常侍","0","41","41"
"为骠骑大将军","0","37","37"
"使者前来朝贡","0","36","36"
"国派使臣入朝","0","35","35"
"高丽国遣使朝","34","0","34"
"吐谷浑国遣使","32","0","32"
"为车骑大将军","0","32","32"
"谷浑国遣使朝","31","0","31"
"都派使者前来","0","30","30"
"世祖回到宫中","0","28","28"
"蠕蠕国遣使朝","27","0","27"
"国派来使者朝","0","26","26"
"国都派使者前","0","26","26"
"世宗下诏书说","0","24","24"
"高凉王拓跋那","0","22","22"
"岁以上的老人","0","22","22"
"蠕国遣使朝贡","21","0","21"
"平阳王长孙翰","11","9","20"
"讨伐平定了他","0","20","20"
"浑国遣使朝贡","19","0","19"
"被赐给爵位为","0","19","19"
"国派遣使者入","0","19","19"
"通直散骑侍郎","9","9","18"
"孝文帝下诏说","0","18","18"
"太后临朝听政","0","18","18"
"任尚书右仆射","0","18","18"
"等国都派使者","0","18","18"
"使者前来朝献","0","18","18"
"年春季正月初","0","18","18"
"诏员外散骑常","17","0","17"
"丽国遣使朝贡","17","0","17"
"丽国遣使朝献","17","0","17"
"吐谷浑国派使","0","17","17"
"十岁以上的老","0","17","17"
"使臣入朝进贡","0","17","17"
"使臣入朝觐见","0","17","17"
"率领步兵骑兵","0","16","16"
"派使臣入朝觐","0","16","16"
"长安镇都大将","8","7","15"
"萧衍遣使朝贡","15","0","15"
"命骠骑大将军","0","15","15"
"他为散骑常侍","0","15","15"
"升任散骑常侍","0","15","15"
"使臣入朝聘问","0","15","15"
"派使臣入朝进","0","15","15"
"等国派使者前","0","15","15"
"太祖道武皇帝","7","7","14"
"南平公长孙嵩","8","6","14"
"诸国遣使朝贡","14","0","14"
"任命骠骑大将","0","14","14"
"任通直散骑常","0","14","14"
"派使者来朝贡","0","14","14"
"八十岁以上的","0","14","14"
"七十岁以上的","0","14","14"
"派使臣入朝聘","0","14","14"
"都派遣使者入","0","14","14"
"赠车骑大将军","11","2","13"
"高祖孝文皇帝","6","7","13"
"契丹国遣使朝","13","0","13"
"任给事黄门侍","0","13","13"
"加授冠军将军","0","13","13"
"任尚书左仆射","0","13","13"
"各派使者前来","0","13","13"
"萧衍派遣他的","0","13","13"
"派遣使者前来","0","13","13"
"国派使者朝贡","0","13","13"
"元年春季正月","0","13","13"
"萧衍派遣使者","0","13","13"
"都督南征诸军","6","6","12"
"督南征诸军事","6","6","12"
"辽东郡开国公","6","6","12"
"赠骠骑大将军","9","3","12"
"郢州刺史娄悦","6","6","12"
"武兴王杨集始","6","6","12"
"浑国遣使朝献","12","0","12"
"勿吉国遣使朝","12","0","12"
"文明太皇太后","7","5","12"
"加授龙骧将军","0","12","12"
"任骠骑大将军","0","12","12"
"兼尚书右仆射","0","12","12"
"安丰王元延明","0","12","12"
"永昌王拓跋健","0","12","12"
"刘义隆的将领","0","12","12"
"伐平定了他们","0","12","12"
"高丽国派使者","0","12","12"
"谷浑国派使者","0","12","12"
"高丽国派使臣","0","12","12"
"丽国派使臣入","0","12","12"
"布帛多少不等","0","12","12"
"衍派遣使者入","0","12","12"
"世祖下诏书说","0","12","12"
"外散骑常侍李","5","6","11"
"散骑常侍李彪","5","6","11"
"后部羽葆鼓吹","8","3","11"
"寿光侯叔孙建","5","6","11"
"冠军将军安颉","6","5","11"
"徐州刺史薛安","5","6","11"
"州刺史薛安都","5","6","11"
"昌国遣使朝贡","11","0","11"
"追赠为使持节","0","11","11"
"为通直散骑常","0","11","11"
"国各派使者前","0","11","11"
"任命开府仪同","0","11","11"
"命开府仪同三","0","11","11"
"乐平王拓跋丕","0","11","11"
"皇帝向北巡视","0","11","11"
"皇帝向南征伐","0","11","11"
"灵太后临朝听","0","11","11"
"从了他的意见","0","11","11"
"太原王尔朱荣","0","11","11"
"蠕蠕国派使者","0","11","11"
"兼职员外散骑","0","11","11"
"九十岁以上的","0","11","11"
"年春季正月二","0","11","11"
"春季正月二十","0","11","11"
"国都派遣使者","0","11","11"
"东南道大行台","5","5","10"
"州刺史傅竖眼","5","5","10"
"都督宗正珍孙","5","5","10"
"吏部尚书李神","5","5","10"
"徐州刺史昌义","5","5","10"
"御史中尉李彪","5","5","10"
"前后部羽葆鼓","7","3","10"
"汝阴公长孙道","5","5","10"
"阴公长孙道生","5","5","10"
"假员外散骑常","6","4","10"
"尚书右仆射元","5","5","10"
"上党王长孙道","5","5","10"
"党王长孙道生","5","5","10"
"御史中尉元匡","5","5","10"
"库莫奚国遣使","10","0","10"
"宕昌国遣使朝","10","0","10"
"吉国遣使朝贡","10","0","10"
"世祖太武皇帝","5","5","10"
"征南大将军慕","5","5","10"
"南大将军慕容","5","5","10"
"纳了他的意见","0","10","10"
"等人率领部众","0","10","10"
"为征西大将军","0","10","10"
"兼尚书左仆射","0","10","10"
"派遣兼散骑常","0","10","10"
"遣兼散骑常侍","0","10","10"
"率领军队讨伐","0","10","10"
"的第二个儿子","0","10","10"
"迁任散骑常侍","0","10","10"
"出使刘义隆政","0","10","10"
"使刘义隆政权","0","10","10"
"刘义隆派使者","0","10","10"
"被任命为驸马","0","10","10"
"任命为驸马都","0","10","10"
"命为驸马都尉","0","10","10"
"青冀二州刺史","5","4","9"
"御史中尉王显","5","4","9"
"文明太后临朝","5","4","9"
"莫奚国遣使朝","9","0","9"
"萧赜遣使朝贡","9","0","9"
"青州刺史沈文","5","4","9"
"州刺史沈文秀","5","4","9"
"大将军慕容白","4","5","9"
"将军慕容白曜","4","5","9"
"刘义隆遣使朝","9","0","9"
"九卷八十一章","4","5","9"
"他为车骑大将","0","9","9"
"授任散骑常侍","0","9","9"
"兼给事黄门侍","0","9","9"
"传送首级到京","0","9","9"
"送首级到京城","0","9","9"
"有关官员上奏","0","9","9"
"蠕蠕侵犯边境","0","9","9"
"听从他的意见","0","9","9"
"萧衍派遣将领","0","9","9"
"听从了他的意","0","9","9"
"善于骑马射箭","0","9","9"
"承父亲的爵位","0","9","9"
"司马德宗的将","0","9","9"
"马德宗的将领","0","9","9"
"他的妻子儿女","0","9","9"
"黄河以西地区","0","9","9"
"咸阳王元禧等","0","9","9"
"朝廷拜授他为","0","9","9"
"国派使者来朝","0","9","9"
"蠕蠕国派来使","0","9","9"
"蠕国派来使者","0","9","9"
"齐武帝萧赜派","0","9","9"
"赐给爵位一级","0","9","9"
"朝廷大赦天下","0","9","9"
"遣使者入朝献","0","9","9"
"使者入朝献纳","0","9","9"
"丽国派使者前","0","9","9"
"二年春季正月","0","9","9"
"使者朝拜纳贡","0","9","9"
"义隆派使者前","0","9","9"
"隆派使者前来","0","9","9"
"萧衍冠军将军","5","3","8"
"徐州刺史元法","4","4","8"
"州刺史元法僧","4","4","8"
"假骠骑大将军","4","4","8"
"尚书左丞元孚","4","4","8"
"世宗宣武皇帝","4","4","8"
"州刺史萧宝夤","4","4","8"
"都督北讨诸军","4","4","8"
"督北讨诸军事","4","4","8"
"豫州刺史司马","4","4","8"
"东豫州刺史田","4","4","8"
"豫州刺史田益","4","4","8"
"阳王长孙翰等","4","4","8"
"迁尚书右仆射","8","0","8"
"琅邪王司马楚","6","2","8"
"河西王沮渠牧","4","4","8"
"州刺史常珍奇","4","4","8"
"荆州刺史桓叔","4","4","8"
"州刺史桓叔兴","4","4","8"
"南徐州刺史沈","4","4","8"
"徐州刺史沈陵","4","4","8"
"州刺史司马腾","4","4","8"
"平南将军杨大","4","4","8"
"南将军杨大眼","4","4","8"
"豫州刺史尧雄","4","4","8"
"吐谷浑慕利延","4","4","8"
"显祖献文皇帝","4","4","8"
"十上赐爵三级","8","0","8"
"十上赐爵二级","8","0","8"
"高昌国遣使朝","8","0","8"
"年春正月甲寅","5","3","8"
"东益州刺史魏","4","4","8"
"益州刺史魏子","4","4","8"
"州刺史魏子建","4","4","8"
"卫将军奚康生","4","4","8"
"高宗文成皇帝","4","4","8"
"征西将军皮豹","4","4","8"
"西将军皮豹子","4","4","8"
"将军皮豹子等","4","4","8"
"萧衍辅国将军","3","5","8"
"州刺史毕众敬","4","4","8"
"义隆遣使朝贡","8","0","8"
"他为车骑将军","0","8","8"
"授骠骑大将军","0","8","8"
"为尚书左仆射","0","8","8"
"元颢进入洛阳","0","8","8"
"为给事黄门侍","0","8","8"
"讨伐平定他们","0","8","8"
"等人率领军队","0","8","8"
"朱荣进入洛阳","0","8","8"
"其余职位照旧","0","8","8"
"他为中书博士","0","8","8"
"增加食邑一千","0","8","8"
"高丽国派遣使","0","8","8"
"赐给爵位三级","0","8","8"
"赐给爵位二级","0","8","8"
"浑国派使者前","0","8","8"
"年春季正月十","0","8","8"
"派使者朝拜纳","0","8","8"
"赫连昌的弟弟","0","8","8"
"永昌王拓跋仁","0","8","8"
"殷四州诸军事","4","3","7"
"三年春正月壬","4","3","7"
"诏骠骑大将军","6","1","7"
"年春正月辛酉","3","4","7"
"雍州刺史曹虎","4","3","7"
"州刺史田益宗","4","3","7"
"邑一千五百户","4","3","7"
"左仆射安原等","4","3","7"
"中书侍郎高允","4","3","7"
"丹国遣使朝献","7","0","7"
"昌国遣使朝献","7","0","7"
"七十上赐爵一","7","0","7"
"十上赐爵一级","7","0","7"
"二年春正月甲","4","3","7"
"骁骑将军延普","4","3","7"
"等诸国遣使朝","7","0","7"
"梁秦二州刺史","5","2","7"
"冀青二州刺史","5","2","7"
"采纳了他的意","0","7","7"
"兼任御史中尉","0","7","7"
"追赠他为车骑","0","7","7"
"任员外散骑侍","0","7","7"
"朝廷除授他为","0","7","7"
"兼任尚书左仆","0","7","7"
"任命车骑大将","0","7","7"
"命车骑大将军","0","7","7"
"为开府仪同三","0","7","7"
"汝南王元悦为","0","7","7"
"任命他为侍中","0","7","7"
"担任中散大夫","0","7","7"
"兼任吏部尚书","0","7","7"
"萧衍的徐州刺","0","7","7"
"衍的徐州刺史","0","7","7"
"任金紫光禄大","0","7","7"
"善于射箭骑马","0","7","7"
"他的冠军将军","0","7","7"
"为征南大将军","0","7","7"
"太祖平定中山","0","7","7"
"继承父亲的爵","0","7","7"
"率领精锐骑兵","0","7","7"
"派遣使者来朝","0","7","7"
"丽国派遣使者","0","7","7"
"一段时间以来","0","7","7"
"武帝萧赜派使","0","7","7"
"帝萧赜派使臣","0","7","7"
"萧赜派使臣入","0","7","7"
"赜派使臣入朝","0","7","7"
"询问民间疾苦","0","7","7"
"授予名誉县令","0","7","7"
"蠕国派使者前","0","7","7"
"没赶上而返回","0","7","7"
"春季正月初一","0","7","7"
"四年春季正月","0","7","7"
"败萧衍的军队","0","7","7"
"国派使者朝拜","0","7","7"
"世祖巡视阴山","0","7","7"
"真定县开国公","3","3","6"
"开府中兵参军","3","3","6"
"平南将军奚康","3","3","6"
"南将军奚康生","3","3","6"
"寻加散骑常侍","6","0","6"
"加骠骑大将军","6","0","6"
"加通直散骑常","5","1","6"
"镇南将军王肃","3","3","6"
"越骑校尉唐小","3","3","6"
"骑校尉唐小方","3","3","6"
"年春正月壬午","4","2","6"
"右卫将军贺拔","3","3","6"
"卫将军贺拔胜","3","3","6"
"录尚书事长孙","3","3","6"
"尚书事长孙稚","3","3","6"
"吏部尚书元世","3","3","6"
"左光禄大夫崔","3","3","6"
"州刺史樊子鹄","3","3","6"
"遣散骑常侍李","6","0","6"
"迁事黄门侍郎","6","0","6"
"黄门侍郎崔光","3","3","6"
"都督淮南诸军","3","3","6"
"督淮南诸军事","3","3","6"
"雍州刺史萧衍","3","3","6"
"湘州刺史杨公","3","3","6"
"扬州刺史元嵩","3","3","6"
"豫州刺史裴叔","3","3","6"
"州刺史裴叔业","3","3","6"
"加前后部羽葆","4","2","6"
"宜都王穆寿辅","4","2","6"
"梁州刺史傅竖","3","3","6"
"部尚书李神俊","3","3","6"
"清河东武城人","3","3","6"
"追赠散骑常侍","2","4","6"
"司徒谘议参军","3","3","6"
"西王沮渠牧犍","4","2","6"
"除车骑大将军","6","0","6"
"安城王叔孙俊","3","3","6"
"淮阳公皮豹子","3","3","6"
"镇北将军封沓","3","3","6"
"刘彧徐州刺史","5","1","6"
"司州刺史常珍","3","3","6"
"南荆州刺史桓","3","3","6"
"荆州刺史殷仲","3","3","6"
"州刺史殷仲堪","3","3","6"
"江州刺史陈伯","3","3","6"
"江州刺史王茂","3","3","6"
"州刺史王茂先","3","3","6"
"辅国将军王花","3","3","6"
"东莞二郡太守","3","3","6"
"冀二州刺史张","3","3","6"
"二州刺史张稷","3","3","6"
"宁州刺史任太","3","3","6"
"州刺史任太洪","3","3","6"
"衡州刺史张齐","3","3","6"
"北梁州长史锡","3","3","6"
"梁州长史锡休","3","3","6"
"州长史锡休儒","3","3","6"
"太守姜平洛等","3","3","6"
"谯州刺史朱文","3","3","6"
"州刺史朱文开","3","3","6"
"行台慕容绍宗","3","3","6"
"谓彭城王勰曰","6","0","6"
"大都督源子恭","3","3","6"
"幽州刺史刘灵","3","3","6"
"州刺史刘灵助","3","3","6"
"始祖神元皇帝","2","4","6"
"成都王司马颖","1","5","6"
"二年春正月乙","4","2","6"
"外散骑常侍邢","3","3","6"
"丹国遣使朝贡","6","0","6"
"蠕国遣使朝献","6","0","6"
"东郡王陆定国","3","3","6"
"元年春正月乙","5","1","6"
"年春正月乙酉","5","1","6"
"邓国遣使朝贡","6","0","6"
"勿吉国贡楛矢","6","0","6"
"九十上赐爵三","6","0","6"
"八十上赐爵二","6","0","6"
"平公长孙嵩等","3","3","6"
"将军公孙表等","3","3","6"
"将军长孙道生","3","3","6"
"都督前锋诸军","3","3","6"
"督前锋诸军事","3","3","6"
"右卫将军奚康","3","3","6"
"雍州刺史萧宝","3","3","6"
"冠军将军王建","3","3","6"
"天水公封敕文","3","3","6"
"冀州刺史崔道","3","3","6"
"州刺史崔道固","3","3","6"
"府仪同三司高","3","3","6"
"北平王长孙嵩","3","3","6"
"义兵将军封礼","3","3","6"
"州刺史竺灵秀","3","3","6"
"征西大将军长","3","3","6"
"尚书左仆射安","3","3","6"
"书左仆射安原","3","3","6"
"成周公万度归","3","3","6"
"世祖征赫连昌","6","0","6"
"过了一段时间","0","6","6"
"老而无子等生","0","6","6"
"而无子等生活","0","6","6"
"无子等生活上","0","6","6"
"年的田租赋税","0","6","6"
"百姓安居乐业","0","6","6"
"赠他为车骑大","0","6","6"
"追赠他为散骑","0","6","6"
"赠他为使持节","0","6","6"
"被追赠为使持","0","6","6"
"加授骠骑大将","0","6","6"
"加授仪同三司","0","6","6"
"大将军尔朱荣","0","6","6"
"任命车骑将军","0","6","6"
"聚集民众反叛","0","6","6"
"朱兆进入洛阳","0","6","6"
"太和二十二年","0","6","6"
"听从他的建议","0","6","6"
"被任命为通直","0","6","6"
"任命为通直散","0","6","6"
"命为通直散骑","0","6","6"
"太和二十三年","0","6","6"
"追赠他为侍中","0","6","6"
"亲自统领六军","0","6","6"
"任车骑大将军","0","6","6"
"加授安南将军","0","6","6"
"这是臣下的第","0","6","6"
"加食邑一千户","0","6","6"
"其余官职照旧","0","6","6"
"派使者前来请","0","6","6"
"遣使者前来朝","0","6","6"
"加授征虏将军","0","6","6"
"擅长骑马射箭","0","6","6"
"有父亲的风范","0","6","6"
"因事获罪免官","0","6","6"
"使者前来请求","0","6","6"
"阳王元禧等人","0","6","6"
"彭城王元勰说","0","6","6"
"朝廷加授他为","0","6","6"
"安定王拓跋休","0","6","6"
"职员外散骑侍","0","6","6"
"孝文帝祭拜永","0","6","6"
"文帝祭拜永固","0","6","6"
"帝祭拜永固陵","0","6","6"
"在百岁以上的","0","6","6"
"太牢之礼祭祀","0","6","6"
"新归附的民众","0","6","6"
"三年春季正月","0","6","6"
"赏赐多少不等","0","6","6"
"官府开仓济民","0","6","6"
"世祖巡视云中","0","6","6"
"南秦王杨难当","0","6","6"
"朝廷征拜他为","0","6","6"
"军队国家大事","0","6","6"
"鳏寡孤独能存","5","0","5"
"寡孤独能存者","5","0","5"
"凉州镇都大将","3","2","5"
"相殷三州诸军","3","2","5"
"殷三州诸军事","3","2","5"
"假车骑大将军","2","3","5"
"加车骑大将军","5","0","5"
"加开府仪同三","3","2","5"
"进号车骑大将","3","2","5"
"号车骑大将军","3","2","5"
"加征南大将军","5","0","5"
"五年春正月丁","3","2","5"
"事黄门侍郎元","3","2","5"
"太原郡开国公","3","2","5"
"陇西王朱天光","5","0","5"
"尚书左仆射元","3","2","5"
"南青州刺史大","3","2","5"
"青州刺史大野","3","2","5"
"州刺史大野拔","3","2","5"
"元年春正月辛","2","3","5"
"恆州刺史穆泰","5","0","5"
"除尚书右仆射","5","0","5"
"督关右诸军事","3","2","5"
"武都王杨保宗","3","2","5"
"沧二州诸军事","3","2","5"
"荆州刺史司马","2","3","5"
"州刺史司马休","2","3","5"
"司马德宗将刘","5","0","5"
"舅阳平王杜超","3","2","5"
"东郡太守申谟","3","2","5"
"衍遣豫章王综","5","0","5"
"食邑一千五百","2","3","5"
"将军司马元显","2","3","5"
"中山王英大破","5","0","5"
"镇南将军崔亮","2","3","5"
"上庸太守姜平","2","3","5"
"庸太守姜平洛","2","3","5"
"南青州刺史茹","3","2","5"
"青州刺史茹怀","3","2","5"
"州刺史茹怀朗","3","2","5"
"大将军元天穆","2","3","5"
"部大人刘库仁","3","2","5"
"刘彧遣使朝贡","5","0","5"
"奚国遣使朝贡","5","0","5"
"武州山石窟寺","3","2","5"
"五年春正月己","3","2","5"
"年春正月乙丑","4","1","5"
"车驾谒永固陵","5","0","5"
"库莫奚诸国遣","5","0","5"
"莫奚诸国遣使","5","0","5"
"奚诸国遣使朝","5","0","5"
"年春正月辛未","3","2","5"
"遣使者太牢祭","5","0","5"
"年春正月己巳","3","2","5"
"年春正月甲申","3","2","5"
"六年春正月辛","3","2","5"
"年春正月戊辰","4","1","5"
"伏罗国遣使朝","5","0","5"
"诏征西大将军","5","0","5"
"年春正月丙午","3","2","5"
"襄城公卢鲁元","1","4","5"
"子等生活上无","0","5","5"
"世祖在京城西","0","5","5"
"祖在京城西郊","0","5","5"
"萧衍的冠军将","0","5","5"
"衍的冠军将军","0","5","5"
"外任为使持节","0","5","5"
"领护西戎校尉","0","5","5"
"赠他为散骑常","0","5","5"
"又派散骑常侍","0","5","5"
"加授车骑大将","0","5","5"
"授车骑大将军","0","5","5"
"加授宁朔将军","0","5","5"
"下诏让员外散","0","5","5"
"诏让员外散骑","0","5","5"
"让员外散骑常","0","5","5"
"任命长孙稚为","0","5","5"
"加授征南大将","0","5","5"
"授征南大将军","0","5","5"
"咸阳王元坦为","0","5","5"
"世祖下诏命兼","0","5","5"
"恒州刺史穆泰","0","5","5"
"罪被赐令自杀","0","5","5"
"高祖向南征伐","0","5","5"
"诏令有关官员","0","5","5"
"在云中的金陵","0","5","5"
"和咸阳王元禧","0","5","5"
"萧衍的宁朔将","0","5","5"
"衍的宁朔将军","0","5","5"
"州刺史昌义之","0","5","5"
"为员外散骑常","0","5","5"
"担任散骑常侍","0","5","5"
"乘胜长驱直入","0","5","5"
"如果不是这样","0","5","5"
"尔朱荣进入洛","0","5","5"
"剥夺一年的俸","0","5","5"
"夺一年的俸禄","0","5","5"
"为征北大将军","0","5","5"
"后来被任命为","0","5","5"
"任员外散骑常","0","5","5"
"为通直散骑侍","0","5","5"
"任太子中庶子","0","5","5"
"增加食邑五百","0","5","5"
"加食邑五百户","0","5","5"
"派遣将领侵犯","0","5","5"
"兼任尚书右仆","0","5","5"
"乐安王拓跋范","0","5","5"
"他的两个儿子","0","5","5"
"跟随太祖征伐","0","5","5"
"被任命为散骑","0","5","5"
"功劳被任命为","0","5","5"
"优厚地对待他","0","5","5"
"加授建威将军","0","5","5"
"获刘义隆的将","0","5","5"
"年轻时有父亲","0","5","5"
"轻时有父亲的","0","5","5"
"时有父亲的风","0","5","5"
"任命他为尚书","0","5","5"
"德宗的将领刘","0","5","5"
"朝廷上表请求","0","5","5"
"被任命为使持","0","5","5"
"任命为使持节","0","5","5"
"加授抚军将军","0","5","5"
"准许了他的请","0","5","5"
"许了他的请求","0","5","5"
"的第三个儿子","0","5","5"
"遣使者来朝贡","0","5","5"
"姚兴派遣使者","0","5","5"
"平王拓跋丕等","0","5","5"
"率领部众前来","0","5","5"
"败萧衍的将领","0","5","5"
"萧衍的辅国将","0","5","5"
"衍的辅国将军","0","5","5"
"司马德宗派遣","0","5","5"
"马德宗派遣使","0","5","5"
"德宗派遣使者","0","5","5"
"文明太后逝世","0","5","5"
"对彭城王元勰","0","5","5"
"等到尔朱荣死","0","5","5"
"朝廷追赠他为","0","5","5"
"二月二十二日","0","5","5"
"国派遣使者来","0","5","5"
"库莫奚国派使","0","5","5"
"莫奚国派使者","0","5","5"
"东阳王拓跋丕","0","5","5"
"国各派来使者","0","5","5"
"各派来使者朝","0","5","5"
"十岁以上老人","0","5","5"
"宕昌国派使者","0","5","5"
"昌国派使者朝","0","5","5"
"两国派使臣入","0","5","5"
"谷浑国派使臣","0","5","5"
"浑国派使臣入","0","5","5"
"职员外散骑常","0","5","5"
"百岁以上的老","0","5","5"
"生活上无法自","0","5","5"
"活上无法自立","0","5","5"
"上无法自立的","0","5","5"
"年纪在百岁以","0","5","5"
"纪在百岁以上","0","5","5"
"名誉县令官衔","0","5","5"
"赐给谷物和布","0","5","5"
"给谷物和布帛","0","5","5"
"太和二十一年","0","5","5"
"高昌国派使者","0","5","5"
"昌国派使者前","0","5","5"
"勿吉国派使者","0","5","5"
"十岁以上的赐","0","5","5"
"州发生大饥荒","0","5","5"
"命尚书右仆射","0","5","5"
"京兆王元继为","0","5","5"
"宗下诏命尚书","0","5","5"
"命尚书左仆射","0","5","5"
"慕容垂派遣使","0","5","5"
"容垂派遣使者","0","5","5"
"步兵骑兵二万","0","5","5"
"兵骑兵二万人","0","5","5"
"往黄河以西地","0","5","5"
"冬季十月二十","0","5","5"
"季正月二十日","0","5","5"
"显祖下诏书说","0","5","5"
"将他打得大败","0","5","5"
"放弃城池逃跑","0","5","5"
"世祖大赦天下","0","5","5"
"刘义隆政权的","0","5","5"
"有父亲的风采","0","5","5"
"队国家大事的","0","5","5"
"因功劳赐爵位","0","5","5"
"功劳赐爵位为","0","5","5"
"蠕蠕的别部头","0","5","5"
"蠕的别部头领","0","5","5"
"都督晋建南汾","2","2","4"
"督晋建南汾三","2","2","4"
"晋建南汾三州","2","2","4"
"建南汾三州诸","2","2","4"
"南汾三州诸军","2","2","4"
"汾三州诸军事","2","2","4"
"统万镇都大将","2","2","4"
"尚书仪曹郎中","2","2","4"
"刺史元法僧叛","2","2","4"
"荆三州诸军事","2","2","4"
"新阳县开国伯","2","2","4"
"相殷四州诸军","2","2","4"
"都督雍华岐三","2","2","4"
"督雍华岐三州","2","2","4"
"雍华岐三州诸","2","2","4"
"华岐三州诸军","2","2","4"
"岐三州诸军事","2","2","4"
"都督青齐济三","2","2","4"
"督青齐济三州","2","2","4"
"青齐济三州诸","2","2","4"
"齐济三州诸军","2","2","4"
"济三州诸军事","2","2","4"
"幽五州诸军事","2","2","4"
"平原郡开国公","2","2","4"
"大将军府长史","2","2","4"
"衣冠服物车旗","2","2","4"
"梁州刺史平阳","2","2","4"
"州刺史平阳县","2","2","4"
"刺史平阳县开","2","2","4"
"史平阳县开国","2","2","4"
"平阳县开国侯","2","2","4"
"阳县开国侯翟","2","2","4"
"县开国侯翟远","2","2","4"
"永昌县开国侯","2","2","4"
"昌县开国侯陈","2","2","4"
"县开国侯陈虎","2","2","4"
"开国侯陈虎牙","2","2","4"
"徐州刺史宋黑","2","2","4"
"迁骠骑大将军","4","0","4"
"除通直散骑常","4","0","4"
"除骠骑大将军","4","0","4"
"尚书郎公孙阿","2","2","4"
"书郎公孙阿六","2","2","4"
"郎公孙阿六头","2","2","4"
"齐郡太守王懿","2","2","4"
"人破落汗拔陵","2","2","4"
"破落汗拔陵聚","2","2","4"
"落汗拔陵聚众","2","2","4"
"尚书右仆射狄","2","2","4"
"书右仆射狄伯","2","2","4"
"右仆射狄伯支","2","2","4"
"积弩将军姚梁","2","2","4"
"弩将军姚梁国","2","2","4"
"建忠将军雷星","2","2","4"
"北中郎将康猥","2","2","4"
"年春正月丁亥","3","1","4"
"车骑将军王肃","2","2","4"
"萧衍龙骧将军","3","1","4"
"益州刺史傅竖","2","2","4"
"济南王慕容白","2","2","4"
"南王慕容白曜","2","2","4"
"紫光禄大夫李","2","2","4"
"州刺史长孙稚","2","2","4"
"武卫将军奚毅","2","2","4"
"广宗郡开国公","2","2","4"
"汝阳县开国公","2","2","4"
"彭城王朱仲远","4","0","4"
"都督冀州诸军","2","2","4"
"督冀州诸军事","2","2","4"
"御史中尉樊子","2","2","4"
"史中尉樊子鹄","2","2","4"
"部尚书元世俊","3","1","4"
"南道大行台樊","2","2","4"
"道大行台樊子","2","2","4"
"大行台樊子鹄","2","2","4"
"宁四州诸军事","2","2","4"
"广平殇王洛侯","2","2","4"
"都督三道诸军","2","2","4"
"都督北征诸军","2","2","4"
"督北征诸军事","2","2","4"
"济阴王小新成","3","1","4"
"司徒记室参军","2","2","4"
"虎牢镇都大将","2","2","4"
"护匈奴中郎将","2","2","4"
"进号安南将军","3","1","4"
"遣治书侍御史","2","2","4"
"治书侍御史李","2","2","4"
"书侍御史李焕","2","2","4"
"都亭侯梅兴祖","2","2","4"
"济六州二万人","2","2","4"
"徐州刺史司马","2","2","4"
"州刺史司马明","2","2","4"
"刺史司马明素","2","2","4"
"徐州长史潘伯","2","2","4"
"除事黄门侍郎","4","0","4"
"门下通事令史","2","2","4"
"萧宝卷将陈显","4","0","4"
"宝卷将陈显达","4","0","4"
"衍湘州刺史杨","3","1","4"
"统军李叔仁等","2","2","4"
"除员外散骑常","4","0","4"
"都督西戎诸军","2","2","4"
"督西戎诸军事","2","2","4"
"州刺史司马悦","2","2","4"
"徐二道诸军事","2","2","4"
"中书舍人王云","2","2","4"
"衍中军大将军","3","1","4"
"尚书右仆射柳","2","2","4"
"太傅清河王横","2","2","4"
"赠征北大将军","3","1","4"
"幽州大都督侯","2","2","4"
"州大都督侯渊","2","2","4"
"大都督侯渊所","2","2","4"
"黄门侍郎李琰","2","2","4"
"进号冠军将军","3","1","4"
"四门小学博士","2","2","4"
"直散骑常侍李","2","2","4"
"荆六州诸军事","2","2","4"
"琅邪县开国公","2","2","4"
"都督关右诸军","2","2","4"
"瀛三州诸军事","2","2","4"
"永平元年十月","2","2","4"
"萧宝卷豫州刺","4","0","4"
"宝卷豫州刺史","4","0","4"
"裴叔业寿春内","4","0","4"
"司空长孙道生","2","2","4"
"骁骑将军马义","2","2","4"
"骑将军马义舒","2","2","4"
"马牛羊数十万","2","2","4"
"沃野镇人破六","2","2","4"
"野镇人破六韩","2","2","4"
"镇人破六韩拔","2","2","4"
"人破六韩拔陵","2","2","4"
"破六韩拔陵反","2","2","4"
"牛羊二十余万","4","0","4"
"西海郡开国公","2","2","4"
"尚书仆射元顺","2","2","4"
"都督秦雍二州","2","2","4"
"督秦雍二州诸","2","2","4"
"秦雍二州诸军","2","2","4"
"雍二州诸军事","2","2","4"
"书右仆射元钦","2","2","4"
"赠征西大将军","3","1","4"
"功劳将军元屈","2","2","4"
"尚书右中兵郎","2","2","4"
"尚书左仆射兰","2","2","4"
"书左仆射兰延","2","2","4"
"马德宗将刘裕","4","0","4"
"散骑侍郎张伟","2","2","4"
"南部尚书陆丽","2","2","4"
"冯翊郡开国公","2","2","4"
"郢州刺史元愿","2","2","4"
"州刺史元愿达","2","2","4"
"依安城王叔孙","3","1","4"
"神部长奚买奴","2","2","4"
"平西参军桓谧","2","2","4"
"义隆遣将裴方","4","0","4"
"隆遣将裴方明","4","0","4"
"阳公皮豹子等","2","2","4"
"青州刺史竺夔","2","2","4"
"建兴公古弼等","2","2","4"
"益四州诸军事","2","2","4"
"彧徐州刺史薛","3","1","4"
"萧衍遣豫章王","4","0","4"
"黄门侍郎常景","2","2","4"
"梁州骠骑府长","2","2","4"
"州骠骑府长史","2","2","4"
"尚书仆射王国","2","2","4"
"书仆射王国宝","2","2","4"
"江州刺史王愉","2","2","4"
"州刺史司马尚","2","2","4"
"彭城内史刘裕","2","2","4"
"益州刺史毛璩","2","2","4"
"都督辽海诸军","2","2","4"
"督辽海诸军事","2","2","4"
"护东夷中郎将","2","2","4"
"龙骧将军邾菩","2","2","4"
"骧将军邾菩萨","2","2","4"
"将军吴道爽等","2","2","4"
"开国男赵景悦","2","2","4"
"国男赵景悦等","2","2","4"
"男赵景悦等十","2","2","4"
"冠军将军蔡灵","2","2","4"
"军将军蔡灵恩","2","2","4"
"将军蔡灵恩等","2","2","4"
"军蔡灵恩等十","2","2","4"
"霍州刺史田道","2","2","4"
"州刺史田道龙","2","2","4"
"义州刺史张宗","2","2","4"
"秦二州行事夏","2","2","4"
"二州行事夏侯","2","2","4"
"州行事夏侯道","2","2","4"
"行事夏侯道迁","2","2","4"
"辅国将军范始","2","2","4"
"国将军范始男","2","2","4"
"辅国将军冯文","2","2","4"
"国将军冯文豪","2","2","4"
"扬州刺史薛真","2","2","4"
"州刺史薛真度","2","2","4"
"刺史薛真度大","2","2","4"
"梁二州刺史鲁","2","2","4"
"二州刺史鲁方","2","2","4"
"州刺史鲁方达","2","2","4"
"平南将军陈伯","2","2","4"
"徐州刺史王伯","2","2","4"
"州刺史王伯敖","2","2","4"
"龙骧将军矫道","2","2","4"
"骧将军矫道仪","2","2","4"
"安东将军邢峦","2","2","4"
"松滋县开国侯","2","2","4"
"滋县开国侯马","2","2","4"
"县开国侯马广","2","2","4"
"阳县开国伯徐","2","2","4"
"县开国伯徐元","2","2","4"
"斩衍辅国将军","4","0","4"
"将士四十余人","2","2","4"
"徐州刺史卢昶","2","2","4"
"冠军将军席世","2","2","4"
"军将军席世兴","2","2","4"
"贞义将军蓝次","2","2","4"
"义将军蓝次孙","2","2","4"
"刺史任太洪率","2","2","4"
"益州长史成兴","2","2","4"
"州长史成兴孙","2","2","4"
"豫州刺史赵祖","2","2","4"
"州刺史赵祖悦","2","2","4"
"益州刺史邴虬","2","2","4"
"司州刺史陈庆","2","2","4"
"州刺史尧雄攻","2","2","4"
"仪同三司高岳","2","2","4"
"斩首五千余级","3","1","4"
"左游击将军赵","2","2","4"
"游击将军赵祖","2","2","4"
"击将军赵祖悦","2","2","4"
"南青州刺史胡","2","2","4"
"青州刺史胡平","2","2","4"
"都督十州诸军","2","2","4"
"督十州诸军事","2","2","4"
"授左光禄大夫","2","2","4"
"将军元天穆东","2","2","4"
"行台尉迟菩萨","2","2","4"
"北畿外诸军事","2","2","4"
"殷二州诸军事","2","2","4"
"司徒中兵参军","2","2","4"
"大都督崔延伯","2","2","4"
"秦二州诸军事","2","2","4"
"北海郡开国公","2","2","4"
"普泰元年七月","2","2","4"
"都督贾显智等","2","2","4"
"郢三州诸军事","2","2","4"
"济州刺史蔡俊","2","2","4"
"州刺史严思达","2","2","4"
"大都督高敖曹","2","2","4"
"慕容元真遣使","4","0","4"
"年春正月乙卯","3","1","4"
"上党王长孙观","2","2","4"
"奚国遣使朝献","4","0","4"
"粟特国遣使朝","4","0","4"
"罗诸国遣使朝","4","0","4"
"封昌黎王冯熙","2","2","4"
"三年春正月癸","3","1","4"
"年春正月癸卯","3","1","4"
"幸武州山石窟","4","0","4"
"宕昌王梁弥机","2","2","4"
"散骑常侍邢产","2","2","4"
"昌诸国遣使朝","4","0","4"
"外散骑常侍宋","2","2","4"
"外散骑常侍高","2","2","4"
"百年上假县令","4","0","4"
"平南将军刘藻","2","2","4"
"年春正月丙申","3","1","4"
"太宗明元皇帝","2","2","4"
"昌黎王慕容伯","2","2","4"
"元城侯元屈等","2","2","4"
"永安侯魏勤等","2","2","4"
"二年春正月丙","3","1","4"
"年春正月丙辰","2","2","4"
"元年春正月甲","3","1","4"
"年春二月丙午","3","1","4"
"司徒长孙嵩等","2","2","4"
"五年春正月丙","2","2","4"
"郡太守王景度","2","2","4"
"将军杨大眼讨","2","2","4"
"平元年春正月","4","0","4"
"元年春正月戊","3","1","4"
"年春正月甲子","3","1","4"
"左光禄大夫皇","2","2","4"
"光禄大夫皇甫","2","2","4"
"光元年春正月","3","1","4"
"罗国遣使朝贡","4","0","4"
"南将军崔延伯","2","2","4"
"武城县开国公","2","2","4"
"三年春正月甲","3","1","4"
"北部大人叔孙","2","2","4"
"部大人叔孙普","2","2","4"
"大人叔孙普洛","2","2","4"
"左军将军李栗","2","2","4"
"年春正月己亥","2","2","4"
"遣将军长孙肥","2","2","4"
"略阳公元遵等","2","2","4"
"征虏将军庾岳","2","2","4"
"中山太守仇儒","2","2","4"
"清河太守傅世","2","2","4"
"年春正月壬戌","2","2","4"
"四年春正月丙","2","2","4"
"外散骑常侍游","2","2","4"
"分遣使者开仓","3","1","4"
"遣使者开仓赈","3","1","4"
"使者开仓赈恤","4","0","4"
"元年春正月壬","3","1","4"
"武兴国世子杨","2","2","4"
"兴国世子杨绍","2","2","4"
"国世子杨绍先","2","2","4"
"丹阳郡开国公","2","2","4"
"光禄大夫杨椿","2","2","4"
"统军卢祖迁等","2","2","4"
"萧衍巴西太守","2","2","4"
"安西将军元丽","2","2","4"
"征虏将军赵遐","2","2","4"
"车骑大将军乙","2","2","4"
"骑大将军乙浑","2","2","4"
"城阳公孔伯恭","2","2","4"
"兗州刺史毕众","4","0","4"
"雍州刺史鱼玄","2","2","4"
"州刺史鱼玄明","2","2","4"
"平东将军长孙","2","2","4"
"东将军长孙陵","2","2","4"
"东平太守申纂","2","2","4"
"都督青齐东徐","2","2","4"
"北平王长孙敦","2","2","4"
"清渊县开国侯","2","2","4"
"书右仆射元罗","2","2","4"
"直散骑常侍高","2","2","4"
"泰临县开国伯","2","2","4"
"大都督宗正珍","2","2","4"
"二年春正月壬","2","2","4"
"齐州刺史尉景","2","2","4"
"燕郡王贺拔允","2","2","4"
"大都督贺拔仁","2","2","4"
"司徒公高敖曹","2","2","4"
"左仆射司马子","2","2","4"
"齐文襄王晋阳","4","0","4"
"尚书左仆射慕","2","2","4"
"书左仆射慕容","2","2","4"
"左仆射慕容绍","2","2","4"
"仆射慕容绍宗","2","2","4"
"谒者仆射胡觐","2","2","4"
"监军侍御史安","2","2","4"
"军侍御史安颉","2","2","4"
"广陵公楼伏连","2","2","4"
"西大将军长孙","2","2","4"
"大将军长孙道","2","2","4"
"安西将军古弼","2","2","4"
"义隆将檀道济","4","0","4"
"丹阳王叔孙建","2","2","4"
"益五州诸军事","2","2","4"
"讨山胡白龙西","4","0","4"
"山胡白龙西河","4","0","4"
"镇南将军奚眷","2","2","4"
"张掖王秃发保","2","2","4"
"掖王秃发保周","2","2","4"
"扶风公元处真","2","2","4"
"阴平五部氐民","2","2","4"
"鲁郡太守崔邪","2","2","4"
"郡太守崔邪利","2","2","4"
"东徐州刺史张","2","2","4"
"徐州刺史张谠","2","2","4"
"舍人公孙延景","2","2","4"
"秦州刺史胡崇","2","2","4"
"沛郡太守邵安","2","2","4"
"下邳太守张攀","2","2","4"
"中书侍郎高闾","2","2","4"
"秦三州诸军事","2","2","4"
"徐州刺史王玄","2","2","4"
"州刺史王玄载","2","2","4"
"山阳郡开国公","2","2","4"
"镇南大将军尉","2","2","4"
"南大将军尉元","2","2","4"
"巴西太守庞景","2","2","4"
"西太守庞景民","2","2","4"
"都督东讨诸军","2","2","4"
"督东讨诸军事","2","2","4"
"仪同开府长史","2","2","4"
"文明太后父燕","3","1","4"
"明太后父燕宣","3","1","4"
"太后父燕宣王","3","1","4"
"彭城王中军府","2","2","4"
"城王中军府长","2","2","4"
"王中军府长史","2","2","4"
"牛羊二十万头","2","2","4"
"高祖追录先朝","3","1","4"
"祖追录先朝功","3","1","4"
"追录先朝功臣","3","1","4"
"世祖西征赫连","2","2","4"
"祖西征赫连定","2","2","4"
"都督豫洛二州","2","2","4"
"雍州刺史刘邈","2","2","4"
"州刺史刘邈讨","2","2","4"
"豫章王萧综镇","1","3","4"
"周礼·司徒职","2","2","4"
"御史中尉郦道","2","2","4"
"史中尉郦道元","2","2","4"
"他就是如此地","0","4","4"
"太祖道武帝拓","0","4","4"
"祖道武帝拓跋","0","4","4"
"道武帝拓跋皀","0","4","4"
"名单上报朝廷","0","4","4"
"孝文帝下诏给","0","4","4"
"大宴文武百官","0","4","4"
"祭祀土地神的","0","4","4"
"不也是很好的","0","4","4"
"担任给事黄门","0","4","4"
"追赠本号将军","0","4","4"
"转任中书侍郎","0","4","4"
"加授振威将军","0","4","4"
"追赠为本将军","0","4","4"
"领护东夷校尉","0","4","4"
"又遣散骑常侍","0","4","4"
"为镇北大将军","0","4","4"
"他为通直散骑","0","4","4"
"授他为使持节","0","4","4"
"被立为皇太子","0","4","4"
"等国各派使者","0","4","4"
"江阳王元继为","0","4","4"
"任命抚军将军","0","4","4"
"齐献武王讨伐","0","4","4"
"彭城王尔朱仲","0","4","4"
"城王尔朱仲远","0","4","4"
"任命齐献武王","0","4","4"
"命齐献武王为","0","4","4"
"尔朱世隆等人","0","4","4"
"担任仪同三司","0","4","4"
"齐文襄王前来","0","4","4"
"文襄王前来朝","0","4","4"
"襄王前来朝见","0","4","4"
"兼散骑常侍李","0","4","4"
"阳王元坦为太","0","4","4"
"建宁王拓跋崇","0","4","4"
"获罪被赐令自","0","4","4"
"州刺史时去世","0","4","4"
"尔朱兆进入洛","0","4","4"
"来充实军用物","0","4","4"
"充实军用物资","0","4","4"
"任开府仪同三","0","4","4"
"任征北大将军","0","4","4"
"灵太后下诏说","0","4","4"
"爵位依例降低","0","4","4"
"任命他为使持","0","4","4"
"命他为使持节","0","4","4"
"答应他的请求","0","4","4"
"后来跟随征伐","0","4","4"
"授他为散骑常","0","4","4"
"元澄上奏疏说","0","4","4"
"有什么可忧虑","0","4","4"
"什么可忧虑的","0","4","4"
"元叉专擅朝政","0","4","4"
"入任内都大官","0","4","4"
"率领一万多人","0","4","4"
"占据城池向南","0","4","4"
"朝廷礼服一套","0","4","4"
"王的礼仪安葬","0","4","4"
"为员外散骑侍","0","4","4"
"恢复本来的封","0","4","4"
"复本来的封爵","0","4","4"
"坚决推辞不受","0","4","4"
"庄帝向北巡视","0","4","4"
"其他官职照旧","0","4","4"
"又加授散骑常","0","4","4"
"彭城王元勰的","0","4","4"
"赐给他帛五百","0","4","4"
"给他帛五百匹","0","4","4"
"李业兴回答说","0","4","4"
"向皇帝上书说","0","4","4"
"皇帝有七个儿","0","4","4"
"帝有七个儿子","0","4","4"
"死在长江以南","0","4","4"
"任命他为散骑","0","4","4"
"以王的身份回","0","4","4"
"设置五等诸侯","0","4","4"
"出任冠军将军","0","4","4"
"任为龙骧将军","0","4","4"
"任通直散骑侍","0","4","4"
"萧宝卷的豫州","0","4","4"
"宝卷的豫州刺","0","4","4"
"卷的豫州刺史","0","4","4"
"于烈的儿子于","0","4","4"
"坚持认为不可","0","4","4"
"改任中书侍郎","0","4","4"
"他的几个儿子","0","4","4"
"黄河以南地区","0","4","4"
"略阳王拓跋羯","0","4","4"
"阳王拓跋羯儿","0","4","4"
"由于这个缘故","0","4","4"
"世祖征讨蠕蠕","0","4","4"
"他们打得大败","0","4","4"
"太尉从事中郎","0","4","4"
"任命为散骑常","0","4","4"
"命为散骑常侍","0","4","4"
"尚书令和仆射","0","4","4"
"加上以前的共","0","4","4"
"为左光禄大夫","0","4","4"
"因功劳被任命","0","4","4"
"被任命为尚书","0","4","4"
"义隆派遣将领","0","4","4"
"被迫赠为使持","0","4","4"
"迫赠为使持节","0","4","4"
"征入任殿中尚","0","4","4"
"入任殿中尚书","0","4","4"
"为右光禄大夫","0","4","4"
"被追赠为侍中","0","4","4"
"赠为散骑常侍","0","4","4"
"慕容白曜平定","0","4","4"
"加授中垒将军","0","4","4"
"加授镇远将军","0","4","4"
"升任尚书右仆","0","4","4"
"加授平南将军","0","4","4"
"继承祖父的爵","0","4","4"
"承祖父的爵位","0","4","4"
"擒获刘义隆的","0","4","4"
"赠为平东将军","0","4","4"
"升任中书侍郎","0","4","4"
"听说他的名声","0","4","4"
"太祖听从他的","0","4","4"
"没有人比得上","0","4","4"
"宗的将领刘裕","0","4","4"
"侵犯黄河以南","0","4","4"
"世祖征伐蠕蠕","0","4","4"
"的有一万多人","0","4","4"
"高宗即位以后","0","4","4"
"跟随征伐蠕蠕","0","4","4"
"方的少数民族","0","4","4"
"中山王元英在","0","4","4"
"并州刺史司马","0","4","4"
"兴派遣使者前","0","4","4"
"派遣他的将领","0","4","4"
"他的龙骧将军","0","4","4"
"打败萧衍的将","0","4","4"
"率领二万人马","0","4","4"
"朝廷赠他为使","0","4","4"
"廷赠他为使持","0","4","4"
"打败擒获了他","0","4","4"
"派使节前来朝","0","4","4"
"使节前来朝贡","0","4","4"
"所经过的地方","0","4","4"
"阳王拓跋丕为","0","4","4"
"镇发生大饥荒","0","4","4"
"吐谷浑国派来","0","4","4"
"谷浑国派来使","0","4","4"
"浑国派来使者","0","4","4"
"龟兹国派来使","0","4","4"
"兹国派来使者","0","4","4"
"国派遣使臣入","0","4","4"
"派遣使臣入朝","0","4","4"
"吐谷浑两国派","0","4","4"
"谷浑两国派使","0","4","4"
"浑两国派使臣","0","4","4"
"十二月十六日","0","4","4"
"昌国派使臣入","0","4","4"
"孝文帝驾临灵","0","4","4"
"文帝驾临灵泉","0","4","4"
"帝驾临灵泉池","0","4","4"
"派兼职员外散","0","4","4"
"十二月十九日","0","4","4"
"亲自接见年长","0","4","4"
"自接见年长者","0","4","4"
"等生活上无法","0","4","4"
"无法自立的人","0","4","4"
"皇太子拓跋恂","0","4","4"
"予名誉县令官","0","4","4"
"用太牢的隆重","0","4","4"
"太牢的隆重礼","0","4","4"
"牢的隆重礼仪","0","4","4"
"派专使用太牢","0","4","4"
"彭城王元勰为","0","4","4"
"将士布帛多少","0","4","4"
"士布帛多少不","0","4","4"
"询问民众疾苦","0","4","4"
"派遣使者巡视","0","4","4"
"派遣使者请求","0","4","4"
"国派使者朝献","0","4","4"
"邓至国派使者","0","4","4"
"高阳王元雍为","0","4","4"
"大破萧衍军队","0","4","4"
"百姓发生饥荒","0","4","4"
"契丹国派使者","0","4","4"
"前来请求投降","0","4","4"
"任命尚书右仆","0","4","4"
"伏罗国派使者","0","4","4"
"讨伐平定了叛","0","4","4"
"伐平定了叛乱","0","4","4"
"罗国派使者前","0","4","4"
"是昭成皇帝的","0","4","4"
"垂派遣使者入","0","4","4"
"将士多少不等","0","4","4"
"韶令有关官员","0","4","4"
"领步兵骑兵二","0","4","4"
"赦免京城囚犯","0","4","4"
"分发赏赐多少","0","4","4"
"发赏赐多少不","0","4","4"
"前往黄河以西","0","4","4"
"死罪以下囚犯","0","4","4"
"冬季十一月初","0","4","4"
"二月二十一日","0","4","4"
"大败萧衍的军","0","4","4"
"秋季七月二十","0","4","4"
"为镇西大将军","0","4","4"
"兖州刺史毕众","0","4","4"
"刘派使者前来","0","4","4"
"率领轻装的骑","0","4","4"
"领轻装的骑兵","0","4","4"
"皇帝前往华林","0","4","4"
"帝前往华林都","0","4","4"
"前往华林都亭","0","4","4"
"蠕蠕国都派遣","0","4","4"
"蠕国都派遣使","0","4","4"
"常山王拓跋素","0","4","4"
"连昌的弟弟赫","0","4","4"
"昌的弟弟赫连","0","4","4"
"的弟弟赫连定","0","4","4"
"率领骑步兵二","0","4","4"
"领骑步兵二千","0","4","4"
"骑步兵二千人","0","4","4"
"世祖巡视黄河","0","4","4"
"世祖下诏命散","0","4","4"
"祖下诏命散骑","0","4","4"
"追尊名位谧号","0","4","4"
"昭成帝的儿子","0","4","4"
"加授宁远将军","0","4","4"
"皇帝车驾南征","0","4","4"
"皇帝车驾南伐","0","4","4"
"拜授他为中书","0","4","4"
"接受了他的意","0","4","4"
"受了他的意见","0","4","4"
"参与军队国家","0","4","4"
"与军队国家大","0","4","4"
"国家大事的谋","0","4","4"
"世祖征伐赫连","0","4","4"
"祖征伐赫连昌","0","4","4"
"叔孙俊的旧例","0","4","4"
"当时人认为他","0","4","4"
"张衮对太祖说","0","4","4"
"祖听从他的建","0","4","4"
"调任散骑常侍","0","4","4"
"因功被赐给爵","0","4","4"
"功被赐给爵位","0","4","4"
"萧宝夤为使持","0","4","4"
"宝夤为使持节","0","4","4"
"二年春正月庚","3","0","3"
"群臣太极前殿","3","0","3"
"齐献武王晋阳","3","0","3"
"冠军将军张惠","1","2","3"
"军将军张惠绍","1","2","3"
"进号征虏将军","3","0","3"
"遣豫章王萧综","2","1","3"
"封真定县开国","2","1","3"
"司空谘议参军","2","1","3"
"假通直散骑常","2","1","3"
"瀛殷四州诸军","2","1","3"
"齐文襄王大将","2","1","3"
"文襄王大将军","2","1","3"
"大将军府记室","1","2","3"
"荆江二州刺史","1","2","3"
"遣散骑常侍谢","2","1","3"
"赐骅骝马一匹","3","0","3"
"颍川郡开国公","2","1","3"
"食邑一千二百","1","2","3"
"邑一千二百户","1","2","3"
"都督李崇北伐","2","1","3"
"除尚书左仆射","2","1","3"
"十八年春正月","2","1","3"
"年春二月癸未","2","1","3"
"加中军大将军","2","1","3"
"仪同三司李崇","1","2","3"
"尚书长孙渴侯","2","1","3"
"清河王怿司空","3","0","3"
"进号骠骑大将","2","1","3"
"号骠骑大将军","2","1","3"
"波斯国遣使朝","3","0","3"
"天柱大将军朱","3","0","3"
"柱大将军朱荣","3","0","3"
"阳县开国公元","2","1","3"
"司徒公长孙稚","2","1","3"
"乐平王朱世隆","3","0","3"
"都督东道诸军","2","1","3"
"督东道诸军事","2","1","3"
"徐州刺史杜德","2","1","3"
"南阳王宝炬太","3","0","3"
"阳王宝炬太尉","3","0","3"
"部尚书李神隽","1","2","3"
"兴元年春正月","3","0","3"
"州刺史高仲密","2","1","3"
"州刺史穆泰谋","2","1","3"
"左仆射萧宝夤","2","1","3"
"太乐令公孙崇","2","1","3"
"位京兆王子推","3","0","3"
"东阳公元丕等","2","1","3"
"文明太后引见","3","0","3"
"萧宝卷遣太尉","3","0","3"
"宝卷遣太尉陈","3","0","3"
"卷遣太尉陈显","3","0","3"
"遣太尉陈显达","3","0","3"
"遣长风戍主奇","2","1","3"
"长风戍主奇道","2","1","3"
"风戍主奇道显","2","1","3"
"戍主奇道显攻","2","1","3"
"遣统军傅竖眼","2","1","3"
"衍将姜庆真袭","3","0","3"
"东园温明秘器","3","0","3"
"衍徐州刺史昌","3","0","3"
"都督扬徐二道","2","1","3"
"督扬徐二道诸","2","1","3"
"扬徐二道诸军","2","1","3"
"悬瓠城民白早","2","1","3"
"瓠城民白早生","2","1","3"
"衍宁朔将军张","3","0","3"
"衍遣冠军将军","3","0","3"
"刺史元法僧城","3","0","3"
"遣豫章王综镇","3","0","3"
"除员外散骑侍","2","1","3"
"迁通直散骑常","3","0","3"
"太二十三年卒","3","0","3"
"迁车骑大将军","3","0","3"
"南阳太守赵修","2","1","3"
"阳太守赵修延","2","1","3"
"赠尚书左仆射","2","1","3"
"东荆六州诸军","2","1","3"
"都督冀定瀛三","2","1","3"
"督冀定瀛三州","2","1","3"
"冀定瀛三州诸","2","1","3"
"定瀛三州诸军","2","1","3"
"迁太子中庶子","3","0","3"
"咸阳王禧谋反","3","0","3"
"卷豫州刺史裴","3","0","3"
"刺史裴叔业寿","3","0","3"
"史裴叔业寿春","3","0","3"
"遣事黄门侍郎","3","0","3"
"左右数百人朝","2","1","3"
"高车王弥俄突","1","2","3"
"马牛羊百余万","2","1","3"
"齐献武王入朝","1","2","3"
"黄门郎崔季舒","1","2","3"
"刘义隆将裴方","2","1","3"
"义隆将裴方明","2","1","3"
"州刺史元六头","2","1","3"
"都督冀沧二州","2","1","3"
"督冀沧二州诸","2","1","3"
"冀沧二州诸军","2","1","3"
"平原二郡太守","1","2","3"
"稍迁散骑常侍","3","0","3"
"襄城公庐鲁元","3","0","3"
"转通直散骑常","3","0","3"
"兗州刺史尉建","3","0","3"
"大破刘义隆将","3","0","3"
"高祖文明太后","3","0","3"
"中书侍郎高聪","2","1","3"
"将刘裕伐姚泓","3","0","3"
"简幽州南戍兵","3","0","3"
"贺持节奉皇帝","2","1","3"
"丧礼一依安城","3","0","3"
"礼一依安城王","3","0","3"
"一依安城王叔","3","0","3"
"城王叔孙俊故","3","0","3"
"王叔孙俊故事","3","0","3"
"辅国将军温楷","2","1","3"
"竟陵内史鲁轨","2","1","3"
"荆州治中韩延","2","1","3"
"袁式等数百人","2","1","3"
"刘义隆遣将裴","3","0","3"
"李元德东郡太","3","0","3"
"元德东郡太守","3","0","3"
"德东郡太守申","3","0","3"
"义符青州刺史","2","1","3"
"符青州刺史竺","2","1","3"
"梁益四州诸军","2","1","3"
"齐献武王大行","2","1","3"
"献武王大行台","2","1","3"
"齐献武王大丞","2","1","3"
"献武王大丞相","2","1","3"
"州平东府长史","2","1","3"
"文明太后亲临","1","2","3"
"都督凉沙河三","2","1","3"
"督凉沙河三州","2","1","3"
"文武将吏数千","2","1","3"
"军资杂财十余","2","1","3"
"资杂财十余万","2","1","3"
"杂财十余万计","2","1","3"
"建国二十二年","1","2","3"
"谒者仆射张济","2","1","3"
"甲仗二百人入","2","1","3"
"仗二百人入殿","2","1","3"
"永昌王健督诸","3","0","3"
"昌王健督诸军","3","0","3"
"散骑常侍封拨","2","1","3"
"扬州小岘戍主","2","1","3"
"州小岘戍主党","2","1","3"
"小岘戍主党法","2","1","3"
"岘戍主党法宗","2","1","3"
"正始元年正月","1","2","3"
"事夏侯道迁汉","3","0","3"
"夏侯道迁汉中","3","0","3"
"将军范始男送","2","1","3"
"史薛真度大破","2","1","3"
"斩辅国将军王","3","0","3"
"统军毕祖朽攻","1","2","3"
"军毕祖朽攻克","1","2","3"
"毕祖朽攻克蒙","1","2","3"
"祖朽攻克蒙山","1","2","3"
"大将蓝怀恭等","2","1","3"
"戍主朱思远弃","2","1","3"
"主朱思远弃城","2","1","3"
"俘获七千余人","2","1","3"
"琅邪戍主傅文","3","0","3"
"邪戍主傅文骥","3","0","3"
"州刺史张稷首","3","0","3"
"衍宁州刺史任","2","1","3"
"熙平元年正月","1","2","3"
"衍豫州刺史赵","2","1","3"
"衍衡州刺史张","2","1","3"
"刺史长孙稚击","2","1","3"
"衍遣北梁州长","3","0","3"
"遣北梁州长史","3","0","3"
"行台魏子建遣","3","0","3"
"台魏子建遣将","3","0","3"
"都督魏承祖讨","2","1","3"
"衍遣将曹义宗","3","0","3"
"大都督费穆大","2","1","3"
"都督费穆大破","2","1","3"
"巴州刺史严始","2","1","3"
"州刺史严始欣","2","1","3"
"部将何宝率步","2","1","3"
"将何宝率步骑","2","1","3"
"徐兗二州刺史","3","0","3"
"衍雍州刺史萧","2","1","3"
"遣散骑常侍萧","2","1","3"
"遣行台慕容绍","2","1","3"
"子临贺王正德","2","1","3"
"德宗遣使朝贡","3","0","3"
"诸军讨吐谷浑","3","0","3"
"讨吐谷浑慕利","3","0","3"
"六韩拔陵反叛","1","2","3"
"历治书侍御史","2","1","3"
"上党王天穆讨","2","1","3"
"河西人纥豆陵","2","1","3"
"西人纥豆陵步","2","1","3"
"人纥豆陵步蕃","2","1","3"
"齐献武王赴洛","2","1","3"
"咸阳王禧等六","2","1","3"
"都督河北畿外","2","1","3"
"督河北畿外诸","2","1","3"
"河北畿外诸军","2","1","3"
"贼帅万俟丑奴","2","1","3"
"平昌郡开国公","2","1","3"
"都督定殷二州","2","1","3"
"督定殷二州诸","2","1","3"
"定殷二州诸军","2","1","3"
"都督雍秦二州","2","1","3"
"督雍秦二州诸","2","1","3"
"雍秦二州诸军","2","1","3"
"齐献武王入洛","2","1","3"
"州刺史蔡俊讨","2","1","3"
"遣散骑常侍陆","2","1","3"
"刺史东莱王贵","2","1","3"
"史东莱王贵平","2","1","3"
"随慕容德南渡","1","2","3"
"没鹿回部大人","2","1","3"
"晋征北将军卫","2","1","3"
"文帝皇后封氏","2","1","3"
"欲定都氵垒源","2","1","3"
"定都氵垒源川","2","1","3"
"遣大人长孙秩","2","1","3"
"十九年春正月","2","1","3"
"南部大人刘库","2","1","3"
"妖贼司马小君","2","1","3"
"诏假员外散骑","3","0","3"
"刘昱遣使朝贡","3","0","3"
"悉万斤国遣使","3","0","3"
"万斤国遣使朝","3","0","3"
"四年春正月丁","3","0","3"
"年春正月丁丑","2","1","3"
"特国遣使朝献","3","0","3"
"外散骑常侍许","2","1","3"
"散骑常侍许赤","2","1","3"
"骑常侍许赤虎","2","1","3"
"契丹诸国遣使","3","0","3"
"丹诸国遣使朝","3","0","3"
"秦益二州刺史","2","1","3"
"年春正月丁巳","3","0","3"
"龟兹诸国遣使","3","0","3"
"兹诸国遣使朝","3","0","3"
"沙门法秀谋反","3","0","3"
"员外郎兰英使","3","0","3"
"外郎兰英使萧","3","0","3"
"郎兰英使萧赜","3","0","3"
"等国遣使朝贡","2","1","3"
"十一年春正月","3","0","3"
"陈显达攻陷醴","2","1","3"
"显达攻陷醴阳","2","1","3"
"年春正月辛亥","3","0","3"
"阴平国遣使朝","3","0","3"
"宕昌诸国遣使","3","0","3"
"四年春正月乙","3","0","3"
"太皇太后冯氏","1","2","3"
"年春正月丁卯","3","0","3"
"年春正月戊午","2","1","3"
"邓国遣使朝献","3","0","3"
"皇太子朝行宫","3","0","3"
"获萧鸾辅国将","2","1","3"
"萧鸾辅国将军","2","1","3"
"三年春正月戊","2","1","3"
"彭城王勰司徒","3","0","3"
"诏南平公长孙","3","0","3"
"三年春二月戊","2","1","3"
"姚兴遣使朝贡","3","0","3"
"二千余家内属","3","0","3"
"司马德宗遣使","3","0","3"
"复所过田租半","3","0","3"
"三年春正月丁","2","1","3"
"年春正月丙戌","2","1","3"
"萧衍宁州刺史","2","1","3"
"高车国遣使朝","3","0","3"
"萧衍平西将军","2","1","3"
"嚈哒国遣使朝","3","0","3"
"哒国遣使朝贡","3","0","3"
"刺史魏子建遣","3","0","3"
"史魏子建遣将","3","0","3"
"莫折念生遣都","3","0","3"
"折念生遣都督","3","0","3"
"诏尚书左仆射","3","0","3"
"昌元年春正月","2","1","3"
"益州刺史萧渊","1","2","3"
"州刺史萧渊猷","1","2","3"
"诏都督李叔仁","1","2","3"
"都督李叔仁讨","1","2","3"
"建国三十四年","1","2","3"
"南部大人长孙","2","1","3"
"部大人长孙嵩","2","1","3"
"四年春正月甲","2","1","3"
"卫辰遣子直力","3","0","3"
"辰遣子直力鞮","3","0","3"
"始元年春正月","2","1","3"
"将军王建等三","2","1","3"
"军王建等三军","2","1","3"
"广宁太守刘亢","2","1","3"
"宁太守刘亢泥","2","1","3"
"上谷太守慕容","1","2","3"
"大将军东平公","2","1","3"
"二年春正月己","2","1","3"
"安远将军庾岳","2","1","3"
"遣抚军大将军","2","1","3"
"二年春二月癸","2","1","3"
"十余国遣使朝","3","0","3"
"安元年春正月","2","1","3"
"恭宗神主太庙","3","0","3"
"疏勒国遣使朝","3","0","3"
"刘骏遣使朝贡","3","0","3"
"散骑常侍游明","2","1","3"
"骑常侍游明根","2","1","3"
"罗国遣使朝献","3","0","3"
"徐州刺史永昌","1","2","3"
"州刺史永昌县","1","2","3"
"刺史永昌县开","1","2","3"
"史永昌县开国","1","2","3"
"祁阳县开国男","1","2","3"
"阳县开国男赵","1","2","3"
"县开国男赵景","1","2","3"
"斩衍冠军将军","3","0","3"
"军卢祖迁等击","3","0","3"
"萧衍江州刺史","2","1","3"
"萧衍将张惠绍","2","1","3"
"元丽大破秦贼","2","1","3"
"冠军将军桓方","1","2","3"
"军将军桓方庆","1","2","3"
"迁陵县开国子","1","2","3"
"陵县开国子彭","1","2","3"
"高祖谓彭城王","3","0","3"
"祖谓彭城王勰","3","0","3"
"彧青州刺史沈","3","0","3"
"军慕容白曜督","1","2","3"
"顿丘郡开国公","2","1","3"
"北府主簿河间","1","2","3"
"仪同三司李叔","2","1","3"
"同三司李叔仁","2","1","3"
"齐献武王大破","3","0","3"
"封汝阳县开国","2","1","3"
"帝幸华林都亭","3","0","3"
"大都督库狄干","1","2","3"
"年春正月壬辰","1","2","3"
"都督贺拔仁攻","1","2","3"
"万俟受洛干等","1","2","3"
"年春正月壬申","2","1","3"
"府仪同三司库","2","1","3"
"仪同三司库狄","2","1","3"
"七年春正月戊","2","1","3"
"兰陵郡开国公","1","2","3"
"元年春正月丙","3","0","3"
"守将赫连乙升","2","1","3"
"兗州刺史竺灵","3","0","3"
"行征南大将军","2","1","3"
"司州刺史尹冲","2","1","3"
"州刺史尹冲坠","2","1","3"
"刺史尹冲坠城","2","1","3"
"义隆将刘康祖","2","1","3"
"建国二十三年","1","2","3"
"太祖幸贺兰部","3","0","3"
"梁四州诸军事","2","1","3"
"进号征西大将","2","1","3"
"号征西大将军","2","1","3"
"迁征北大将军","3","0","3"
"加员外散骑常","3","0","3"
"萧鸾将裴叔业","2","1","3"
"平舒县开国伯","1","2","3"
"大将军高肇伐","3","0","3"
"将军高肇伐蜀","3","0","3"
"东瀛公司马腾","2","1","3"
"建国三十九年","1","2","3"
"刘义隆遣将彦","3","0","3"
"都督冀相殷三","2","1","3"
"督冀相殷三州","2","1","3"
"冀相殷三州诸","2","1","3"
"宗爱杀南安王","2","1","3"
"督豫洛二州河","2","1","3"
"豫洛二州河内","2","1","3"
"洛二州河内诸","2","1","3"
"二州河内诸军","2","1","3"
"州河内诸军事","2","1","3"
"太祖征慕容宝","3","0","3"
"封安康县开国","2","1","3"
"安康县开国伯","2","1","3"
"前彭城镇将元","2","1","3"
"彭城镇将元拔","2","1","3"
"黄门侍郎高道","1","2","3"
"门侍郎高道穆","1","2","3"
"明日月辰宿交","1","2","3"
"日月辰宿交会","1","2","3"
"月辰宿交会相","1","2","3"
"辰宿交会相生","1","2","3"
"事黄门侍郎卢","1","2","3"
"黄门侍郎卢同","1","2","3"
"诏赐帛四百匹","1","2","3"
"就是如此地受","0","3","3"
"于是日夜赶路","0","3","3"
"满足我的心意","0","3","3"
"昭成帝派使臣","0","3","3"
"孝文帝首次在","0","3","3"
"便形成为一种","0","3","3"
"形成为一种制","0","3","3"
"成为一种制度","0","3","3"
"每人赐给谷子","0","3","3"
"人赐给谷子五","0","3","3"
"免征三年的田","0","3","3"
"征三年的田租","0","3","3"
"三年的田租赋","0","3","3"
"帝亲自统率大","0","3","3"
"亲自统率大军","0","3","3"
"任尚书仪曹郎","0","3","3"
"号为征虏将军","0","3","3"
"兼任给事黄门","0","3","3"
"出任散骑常侍","0","3","3"
"任治书侍御史","0","3","3"
"出任镇南将军","0","3","3"
"任殿中侍御史","0","3","3"
"他为骠骑大将","0","3","3"
"不久加授散骑","0","3","3"
"久加授散骑常","0","3","3"
"以本将军除授","0","3","3"
"广阳王元嘉为","0","3","3"
"清河王元怿为","0","3","3"
"任城王元澄为","0","3","3"
"丰王元延明为","0","3","3"
"任命领军将军","0","3","3"
"蠕蠕主阿那瑰","0","3","3"
"为柱国大将军","0","3","3"
"和齐献武王讨","0","3","3"
"郡开国公尔朱","0","3","3"
"丹阳王萧赞为","0","3","3"
"城阳王元徽为","0","3","3"
"领给事黄门侍","0","3","3"
"陇西王尔朱天","0","3","3"
"西王尔朱天光","0","3","3"
"长广王元晔为","0","3","3"
"下诏任命齐献","0","3","3"
"诏任命齐献武","0","3","3"
"都为仪同三司","0","3","3"
"又任命长孙稚","0","3","3"
"兼通直散骑常","0","3","3"
"任命齐文襄王","0","3","3"
"命齐文襄王为","0","3","3"
"担任内都大官","0","3","3"
"改任徐州刺史","0","3","3"
"所以当时的人","0","3","3"
"削除官职爵位","0","3","3"
"高祖向南征讨","0","3","3"
"当时人称他为","0","3","3"
"为中军大都督","0","3","3"
"跟随高祖向南","0","3","3"
"随高祖向南征","0","3","3"
"上奏疏请求解","0","3","3"
"奏疏请求解除","0","3","3"
"疏请求解除职","0","3","3"
"命令有关官员","0","3","3"
"担任外都大官","0","3","3"
"上奏疏执意推","0","3","3"
"奏疏执意推让","0","3","3"
"为镇南大将军","0","3","3"
"的第五个儿子","0","3","3"
"为高祖所赏识","0","3","3"
"为征东大将军","0","3","3"
"任尚书省长官","0","3","3"
"高阳王元雍等","0","3","3"
"第四个儿子元","0","3","3"
"齐国接受禅让","0","3","3"
"和龙镇都大将","0","3","3"
"为都督中外诸","0","3","3"
"的有一千多人","0","3","3"
"以为怎么样?","0","3","3"
"皇帝回到洛阳","0","3","3"
"并州肆州的军","0","3","3"
"州肆州的军队","0","3","3"
"可以说是国家","0","3","3"
"对左右的人说","0","3","3"
"跟随皇帝向南","0","3","3"
"随皇帝向南征","0","3","3"
"出任平西将军","0","3","3"
"他为安束将军","0","3","3"
"他为安西将军","0","3","3"
"是自古以来的","0","3","3"
"百官普升一级","0","3","3"
"治理民众的官","0","3","3"
"事情出于不得","0","3","3"
"情出于不得已","0","3","3"
"没有听从他的","0","3","3"
"监察料理丧事","0","3","3"
"认为他很奇特","0","3","3"
"是天子的儿子","0","3","3"
"前往朝廷请求","0","3","3"
"因功劳赐爵为","0","3","3"
"州刺史杨公则","0","3","3"
"领部众二万人","0","3","3"
"的徐州刺史昌","0","3","3"
"追赠车骑将军","0","3","3"
"他为员外散骑","0","3","3"
"领护西域校尉","0","3","3"
"征入任内都大","0","3","3"
"高祖亲自前往","0","3","3"
"截断他的退路","0","3","3"
"代行扬州事务","0","3","3"
"领步兵骑兵三","0","3","3"
"因军功被任命","0","3","3"
"军功被任命为","0","3","3"
"令元英为使持","0","3","3"
"元英为使持节","0","3","3"
"萧衍的司州刺","0","3","3"
"衍的司州刺史","0","3","3"
"萧衍的将领马","0","3","3"
"衍的将领马仙","0","3","3"
"斩首五千多级","0","3","3"
"授任为使持节","0","3","3"
"希望陛下不要","0","3","3"
"的宁朔将军张","0","3","3"
"了他们的部众","0","3","3"
"出仕为秘书郎","0","3","3"
"用王的礼仪安","0","3","3"
"他为征虏将军","0","3","3"
"员外郎逐渐升","0","3","3"
"章王萧综镇守","0","3","3"
"萧综镇守徐州","0","3","3"
"任命为车骑大","0","3","3"
"命为车骑大将","0","3","3"
"升任骠骑大将","0","3","3"
"尔朱荣的妻子","0","3","3"
"追赠骠骑大将","0","3","3"
"升任通直散骑","0","3","3"
"因事获罪被赐","0","3","3"
"皇帝向南讨伐","0","3","3"
"授任他为使持","0","3","3"
"任他为使持节","0","3","3"
"授任为散骑常","0","3","3"
"任为散骑常侍","0","3","3"
"任命为安西将","0","3","3"
"命为安西将军","0","3","3"
"授任征虏将军","0","3","3"
"和二十三年去","0","3","3"
"二十三年去世","0","3","3"
"领护束夷校尉","0","3","3"
"担任通直散骑","0","3","3"
"担任中都大官","0","3","3"
"被任命为员外","0","3","3"
"担任直合将军","0","3","3"
"担任员外散骑","0","3","3"
"担任征虏将军","0","3","3"
"代理州中事务","0","3","3"
"并州刺史高聪","0","3","3"
"蠕蠕主阿那环","0","3","3"
"兼任黄门侍郎","0","3","3"
"任司空行参军","0","3","3"
"等到高祖逝世","0","3","3"
"右仆射高隆之","0","3","3"
"对他的儿子说","0","3","3"
"高祖亲自为他","0","3","3"
"亲自处理政事","0","3","3"
"全部杀了他们","0","3","3"
"命他为散骑常","0","3","3"
"等到皇帝向南","0","3","3"
"王的身份回到","0","3","3"
"二十三年逝世","0","3","3"
"授任通直散骑","0","3","3"
"他为平南将军","0","3","3"
"任命他为车骑","0","3","3"
"无固定职事的","0","3","3"
"这时萧衍派遣","0","3","3"
"时萧衍派遣将","0","3","3"
"衍派遣将领侵","0","3","3"
"出仕为通直郎","0","3","3"
"任命为光禄大","0","3","3"
"命为光禄大夫","0","3","3"
"都被赐令自杀","0","3","3"
"授任尚书右仆","0","3","3"
"军队国家事务","0","3","3"
"高祖向南讨伐","0","3","3"
"高祖又下诏说","0","3","3"
"有不可预测的","0","3","3"
"的豫州刺史裴","0","3","3"
"增加食邑八百","0","3","3"
"加食邑八百户","0","3","3"
"烈的儿子于忠","0","3","3"
"出任定州刺史","0","3","3"
"前后部仪仗鼓","0","3","3"
"后部仪仗鼓吹","0","3","3"
"遣将领侵犯边","0","3","3"
"将领侵犯边境","0","3","3"
"过了一个多月","0","3","3"
"率领骑兵包围","0","3","3"
"在大沙漠之南","0","3","3"
"仆射安原等人","0","3","3"
"派使者向朝廷","0","3","3"
"督率十五员大","0","3","3"
"率十五员大将","0","3","3"
"十五员大将出","0","3","3"
"王公以下的人","0","3","3"
"前来投奔大魏","0","3","3"
"认为这样做不","0","3","3"
"前来投奔朝廷","0","3","3"
"是由于这个缘","0","3","3"
"亲自统率六军","0","3","3"
"告诫他的两个","0","3","3"
"诫他的两个儿","0","3","3"
"兼任通直散骑","0","3","3"
"是神元皇帝的","0","3","3"
"太祖平定中原","0","3","3"
"率领精锐的骑","0","3","3"
"领精锐的骑兵","0","3","3"
"的第四个儿子","0","3","3"
"例降爵位为公","0","3","3"
"代行州中事务","0","3","3"
"因母亲去世回","0","3","3"
"从那时到现在","0","3","3"
"他为羽林中郎","0","3","3"
"讨伐秃发保周","0","3","3"
"任命为内都大","0","3","3"
"命为内都大官","0","3","3"
"任命他为秘书","0","3","3"
"去世后被追赠","0","3","3"
"世后被追赠为","0","3","3"
"刺史司马休之","0","3","3"
"逐渐升任散骑","0","3","3"
"渐升任散骑常","0","3","3"
"被任命为中书","0","3","3"
"逐渐升任尚书","0","3","3"
"有关部门上奏","0","3","3"
"是治理国家的","0","3","3"
"追赠为散骑常","0","3","3"
"出任并州刺史","0","3","3"
"天安初年去世","0","3","3"
"当时的人因此","0","3","3"
"祖因他是功臣","0","3","3"
"因他是功臣的","0","3","3"
"命他为尚书左","0","3","3"
"追赠为平东将","0","3","3"
"是功臣的儿子","0","3","3"
"随从征伐赫连","0","3","3"
"十五岁以上的","0","3","3"
"广陵王元羽的","0","3","3"
"世祖平定赫连","0","3","3"
"祖平定赫连昌","0","3","3"
"高祖与文明太","0","3","3"
"祖与文明太后","0","3","3"
"不是我所知道","0","3","3"
"是我所知道的","0","3","3"
"诏令有关部门","0","3","3"
"的骠骑大将军","0","3","3"
"辽西王慕容农","0","3","3"
"任本州大中正","0","3","3"
"京兆王元愉的","0","3","3"
"任司徒谘议参","0","3","3"
"正光年间去世","0","3","3"
"有关部门奏请","0","3","3"
"不是长久之计","0","3","3"
"宗采纳了他的","0","3","3"
"采纳了他的建","0","3","3"
"纳了他的建议","0","3","3"
"祖听从了他的","0","3","3"
"世祖将要讨伐","0","3","3"
"任为殿中尚书","0","3","3"
"高宗对群臣说","0","3","3"
"承袭父亲的爵","0","3","3"
"袭父亲的爵位","0","3","3"
"品以上的官员","0","3","3"
"免去他的官职","0","3","3"
"终年六十三岁","0","3","3"
"授任源子恭为","0","3","3"
"兼任尚书仆射","0","3","3"
"追赠他的父亲","0","3","3"
"接受他的意见","0","3","3"
"城王叔孙俊的","0","3","3"
"从征讨赫连昌","0","3","3"
"被授予驸马都","0","3","3"
"授予驸马都尉","0","3","3"
"司马睿在江南","0","3","3"
"任司马德宗的","0","3","3"
"给朝廷上表请","0","3","3"
"带着妻子儿女","0","3","3"
"派使者请求归","0","3","3"
"任为冀州刺史","0","3","3"
"一起讨论此事","0","3","3"
"赐给命服一套","0","3","3"
"广泛涉猎经史","0","3","3"
"恢复原来的爵","0","3","3"
"复原来的爵位","0","3","3"
"衍派遣他的豫","0","3","3"
"派遣他的豫章","0","3","3"
"他的豫章王萧","0","3","3"
"的豫章王萧综","0","3","3"
"后来因事获罪","0","3","3"
"历任显要官职","0","3","3"
"加授辅国将军","0","3","3"
"将军一职照旧","0","3","3"
"追赠为骠骑大","0","3","3"
"赠为骠骑大将","0","3","3"
"年轻时因父亲","0","3","3"
"轻时因父亲的","0","3","3"
"城打败萧衍的","0","3","3"
"政事以贿赂而","0","3","3"
"他的首级传送","0","3","3"
"的首级传送到","0","3","3"
"帝进入函谷关","0","3","3"
"明太后临朝听","0","3","3"
"祖采纳了他的","0","3","3"
"一万多人在城","0","3","3"
"万多人在城南","0","3","3"
"设置文武百官","0","3","3"
"分为三个等级","0","3","3"
"觚出使慕容垂","0","3","3"
"率领数百名骑","0","3","3"
"领数百名骑兵","0","3","3"
"为中军大将军","0","3","3"
"司马德宗即位","0","3","3"
"他的散骑常侍","0","3","3"
"王拓跋丕等人","0","3","3"
"像这样持续了","0","3","3"
"逃走得以幸免","0","3","3"
"萧衍又派他的","0","3","3"
"任城王元澄派","0","3","3"
"了他的龙骧将","0","3","3"
"斩杀一千多人","0","3","3"
"州刺史陈伯之","0","3","3"
"的辅国将军范","0","3","3"
"其辅国将军王","0","3","3"
"的徐州刺史王","0","3","3"
"占据州城反叛","0","3","3"
"琅笽戍主傅文","0","3","3"
"笽戍主傅文骥","0","3","3"
"首级传送到京","0","3","3"
"行台魏子建派","0","3","3"
"任司马元显为","0","3","3"
"司马德宗所属","0","3","3"
"讨伐吐谷浑慕","0","3","3"
"伐吐谷浑慕利","0","3","3"
"率领军队攻打","0","3","3"
"上奏疏规劝说","0","3","3"
"利用这个时机","0","3","3"
"授任仪同三司","0","3","3"
"认为他很荣耀","0","3","3"
"肃宗在西林园","0","3","3"
"于是任命他为","0","3","3"
"裴叔业以寿春","0","3","3"
"以本将军出任","0","3","3"
"接纳了他的意","0","3","3"
"宇文黑獭杀害","0","3","3"
"任他为散骑常","0","3","3"
"到尔朱荣死后","0","3","3"
"尔朱兆与尔朱","0","3","3"
"为天柱大将军","0","3","3"
"尔朱世隆兄弟","0","3","3"
"齐献武王在韩","0","3","3"
"献武王在韩陵","0","3","3"
"他为仪同三司","0","3","3"
"等到齐献武王","0","3","3"
"相信了他的话","0","3","3"
"步兵一万多人","0","3","3"
"天光派贺拔岳","0","3","3"
"天光与贺拔岳","0","3","3"
"朝廷又命他为","0","3","3"
"尔朱天光等人","0","3","3"
"认为不能这样","0","3","3"
"为不能这样做","0","3","3"
"与咸阳王元禧","0","3","3"
"很优厚地对待","0","3","3"
"自己所了解的","0","3","3"
"授他为龙骧将","0","3","3"
"他为龙骧将军","0","3","3"
"帝拓跋沙漠汗","0","3","3"
"自称国号为大","0","3","3"
"晋元帝司马睿","0","3","3"
"平文帝拓跋郁","0","3","3"
"文帝拓跋郁律","0","3","3"
"炀帝拓跋纥那","0","3","3"
"烈帝拓跋翳槐","0","3","3"
"帝拓跋什翼犍","0","3","3"
"慕容元真派使","0","3","3"
"昭成帝返回云","0","3","3"
"成帝返回云中","0","3","3"
"出使到刘昱处","0","3","3"
"夏四月初二日","0","3","3"
"不能养活自己","0","3","3"
"粟特国派使者","0","3","3"
"国都派使者来","0","3","3"
"都派使者来朝","0","3","3"
"诸国各派使者","0","3","3"
"国各派使者来","0","3","3"
"各派使者来朝","0","3","3"
"吐谷浑派使者","0","3","3"
"高丽国派来使","0","3","3"
"丽国派来使者","0","3","3"
"同派来使者朝","0","3","3"
"秋七月十七日","0","3","3"
"蠕国派使者来","0","3","3"
"元年春正月初","0","3","3"
"刘准派来使者","0","3","3"
"准派来使者朝","0","3","3"
"七十岁以上老","0","3","3"
"命安定王拓跋","0","3","3"
"定王拓跋休为","0","3","3"
"派员外散骑常","0","3","3"
"十二月二十日","0","3","3"
"不能自己养活","0","3","3"
"的人不同数量","0","3","3"
"人不同数量的","0","3","3"
"假梁郡王拓跋","0","3","3"
"梁郡王拓跋嘉","0","3","3"
"到武州山石窟","0","3","3"
"冬十月十五日","0","3","3"
"员外郎兰英出","0","3","3"
"外郎兰英出使","0","3","3"
"九月二十八日","0","3","3"
"冬十月十三日","0","3","3"
"十一月二十六","0","3","3"
"一月二十六日","0","3","3"
"十二月二十二","0","3","3"
"淮南王拓跋他","0","3","3"
"蠕蠕国派遣使","0","3","3"
"孝文帝驾临方","0","3","3"
"文帝驾临方山","0","3","3"
"孝文帝起驾回","0","3","3"
"文帝起驾回宫","0","3","3"
"宕昌国派使臣","0","3","3"
"孝文帝与群臣","0","3","3"
"殿大宴文武百","0","3","3"
"以上的老人赐","0","3","3"
"上的老人赐给","0","3","3"
"的老人赐给爵","0","3","3"
"老人赐给爵位","0","3","3"
"予名誉县令的","0","3","3"
"名誉县令的官","0","3","3"
"誉县令的官衔","0","3","3"
"太子拓跋恂在","0","3","3"
"年纪在八十岁","0","3","3"
"纪在八十岁以","0","3","3"
"在八十岁以上","0","3","3"
"文武等科目的","0","3","3"
"武等科目的应","0","3","3"
"等科目的应征","0","3","3"
"科目的应征者","0","3","3"
"爵的封地减去","0","3","3"
"授予名誉郡守","0","3","3"
"进入战备状态","0","3","3"
"孝文帝驾临华","0","3","3"
"文帝驾临华林","0","3","3"
"帝驾临华林园","0","3","3"
"孝文帝派使者","0","3","3"
"十一月十一日","0","3","3"
"城王元勰为司","0","3","3"
"王元勰为司徒","0","3","3"
"三月二十四日","0","3","3"
"公长孙嵩等人","0","3","3"
"皇帝从北伐前","0","3","3"
"帝从北伐前线","0","3","3"
"询问他们的疾","0","3","3"
"问他们的疾苦","0","3","3"
"遣使者前来聘","0","3","3"
"使者前来聘问","0","3","3"
"赏赐王公以下","0","3","3"
"分派使者巡视","0","3","3"
"等人率领三千","0","3","3"
"人讨伐平定了","0","3","3"
"吐京叛变的胡","0","3","3"
"京叛变的胡人","0","3","3"
"在西宫大宴群","0","3","3"
"西宫大宴群臣","0","3","3"
"二千多家归附","0","3","3"
"三千多家归附","0","3","3"
"派遣使者归附","0","3","3"
"皇帝向东巡视","0","3","3"
"安葬在云中的","0","3","3"
"葬在云中的金","0","3","3"
"年正月十三日","0","3","3"
"率领众将讨伐","0","3","3"
"高车国派使者","0","3","3"
"讨伐并平定了","0","3","3"
"伐并平定了他","0","3","3"
"并平定了他们","0","3","3"
"丹国派使者前","0","3","3"
"勿吉国贡奉眓","0","3","3"
"吉国贡奉眓矢","0","3","3"
"者前来请求投","0","3","3"
"岁以上的赐给","0","3","3"
"吉国派使者前","0","3","3"
"春季正月初十","0","3","3"
"十一月二十二","0","3","3"
"一月二十二日","0","3","3"
"兆王元继为太","0","3","3"
"刺史魏子建派","0","3","3"
"魏子建派将领","0","3","3"
"莫折念生派都","0","3","3"
"折念生派都督","0","3","3"
"萧衍又派将领","0","3","3"
"率军讨伐他们","0","3","3"
"亲自审理冤案","0","3","3"
"秋季七月初十","0","3","3"
"下诏命散骑常","0","3","3"
"诏命散骑常侍","0","3","3"
"大都督尔朱荣","0","3","3"
"儿子贺膦率领","0","3","3"
"牛羊二十多万","0","3","3"
"卫辰派遣儿子","0","3","3"
"辰派遣儿子直","0","3","3"
"秦王元觚出使","0","3","3"
"于是派遣使者","0","3","3"
"臣属多少不等","0","3","3"
"向南渡过黄河","0","3","3"
"设宴招待群臣","0","3","3"
"派遣他的儿子","0","3","3"
"万骑兵充当前","0","3","3"
"骑兵充当前锋","0","3","3"
"进入外城后返","0","3","3"
"入外城后返回","0","3","3"
"率领六千骑兵","0","3","3"
"率领三千骑兵","0","3","3"
"哥哥的儿子慕","0","3","3"
"哥的儿子慕容","0","3","3"
"国各派遣使者","0","3","3"
"各派遣使者入","0","3","3"
"统领黄河以西","0","3","3"
"刘骏派遣使者","0","3","3"
"骏派遣使者入","0","3","3"
"夏季四月二十","0","3","3"
"冬季十月初六","0","3","3"
"二月二十五日","0","3","3"
"山打败萧衍的","0","3","3"
"打败萧衍的军","0","3","3"
"夏季四月初一","0","3","3"
"秋季七月初五","0","3","3"
"世宗下诏让尚","0","3","3"
"宗下诏让尚书","0","3","3"
"公卿以下官员","0","3","3"
"给皇子取名叫","0","3","3"
"世宗下诏命尚","0","3","3"
"相继归附朝廷","0","3","3"
"罗等国派使者","0","3","3"
"秋季七月十五","0","3","3"
"使者前来朝见","0","3","3"
"世宗亲临申讼","0","3","3"
"宗亲临申讼车","0","3","3"
"高祖对彭城王","0","3","3"
"的徐州刺史薛","0","3","3"
"的青州刺史沈","0","3","3"
"让天下人都知","0","3","3"
"天下人都知道","0","3","3"
"时在宫内侍奉","0","3","3"
"诏令内外解除","0","3","3"
"令内外解除戒","0","3","3"
"内外解除戒严","0","3","3"
"领军队讨伐他","0","3","3"
"仆射尔朱世隆","0","3","3"
"十岁以上板授","0","3","3"
"岁以上板授为","0","3","3"
"俘获一万多人","0","3","3"
"我以微薄的德","0","3","3"
"以微薄的德行","0","3","3"
"任命尚书左仆","0","3","3"
"兼散骑常侍奎","0","3","3"
"吐谷浑国都派","0","3","3"
"谷浑国都派遣","0","3","3"
"浑国都派遣使","0","3","3"
"人率领军队讨","0","3","3"
"全用九锡的礼","0","3","3"
"用九锡的礼仪","0","3","3"
"萧衍弟弟的儿","0","3","3"
"衍弟弟的儿子","0","3","3"
"世祖下诏命平","0","3","3"
"世祖北伐归来","0","3","3"
"下诏命员外散","0","3","3"
"诏命员外散骑","0","3","3"
"命员外散骑常","0","3","3"
"率领五千骑兵","0","3","3"
"骑兵讨伐他们","0","3","3"
"被赫连昌打败","0","3","3"
"世祖车驾回宫","0","3","3"
"兖州刺史竺灵","0","3","3"
"琅笽王司马楚","0","3","3"
"笽王司马楚之","0","3","3"
"下诏命散骑侍","0","3","3"
"诏命散骑侍郎","0","3","3"
"冬季十月初二","0","3","3"
"尚书以下官员","0","3","3"
"下诏命兼散骑","0","3","3"
"诏命兼散骑常","0","3","3"
"命兼散骑常侍","0","3","3"
"祖巡视黄河以","0","3","3"
"巡视黄河以西","0","3","3"
"诏命有关部门","0","3","3"
"各国各派使者","0","3","3"
"世祖巡视定州","0","3","3"
"晋王拓跋伏罗","0","3","3"
"世祖向西巡视","0","3","3"
"下诏命殿中尚","0","3","3"
"诏命殿中尚书","0","3","3"
"送到京城斩首","0","3","3"
"任征西大将军","0","3","3"
"生下两个儿子","0","3","3"
"尊崇为皇太后","0","3","3"
"后来立为皇后","0","3","3"
"当时的舆论都","0","3","3"
"加授伏波将军","0","3","3"
"当时人无不为","0","3","3"
"太祖前往贺兰","0","3","3"
"祖前往贺兰部","0","3","3"
"以忠诚谨慎闻","0","3","3"
"忠诚谨慎闻名","0","3","3"
"担任徐州刺史","0","3","3"
"为尚书主客郎","0","3","3"
"是昭成帝的儿","0","3","3"
"仗恃宠信骄傲","0","3","3"
"恃宠信骄傲自","0","3","3"
"他们是必然的","0","3","3"
"抛弃妻子儿女","0","3","3"
"慕容白曜率军","0","3","3"
"房崇吉的母亲","0","3","3"
"迁任中书侍郎","0","3","3"
"任为征虏将军","0","3","3"
"朝廷任命他为","0","3","3"
"对于国家来说","0","3","3"
"知道这些情况","0","3","3"
"加授安东将军","0","3","3"
"采纳他的意见","0","3","3"
"迁任尚书右仆","0","3","3"
"的母亲和妻子","0","3","3"
"参与著作事宜","0","3","3"
"臣愚蠢地认为","0","3","3"
"世宗亲临东堂","0","3","3"
"任司徒左长史","0","3","3"
"廷拜授他为中","0","3","3"
"拜他为中书博","0","3","3"
"兼任员外散骑","0","3","3"
"个可图取的理","0","3","3"
"可图取的理由","0","3","3"
"邢峦为使持节","0","3","3"
"授他为中书博","0","3","3"
"高祖在清徽堂","0","3","3"
"家大事的谋划","0","3","3"
"攻打蠕蠕的别","0","3","3"
"打蠕蠕的别部","0","3","3"
"在参合陂打败","0","3","3"
"参合陂打败慕","0","3","3"
"合陂打败慕容","0","3","3"
"聚集党羽作乱","0","3","3"
"处理各项事务","0","3","3"
"被任命为龙骧","0","3","3"
"任命为龙骧将","0","3","3"
"命为龙骧将军","0","3","3"
"功劳获赐爵位","0","3","3"
"加授镇南将军","0","3","3"
"加授镇西将军","0","3","3"
"刘义隆派遣将","0","3","3"
"派遣将领到彦","0","3","3"
"遣将领到彦之","0","3","3"
"升任殿中尚书","0","3","3"
"担任安北将军","0","3","3"
"灵太后下令说","0","3","3"
"后来任命他为","0","3","3"
"听从了他的建","0","3","3"
"从了他的建议","0","3","3"
"时以孝道闻名","0","3","3"
"王叔孙俊的旧","0","3","3"
"爵位为南阳公","0","3","3"
"跟随平定中原","0","3","3"
"被任命为冠军","0","3","3"
"任命为冠军将","0","3","3"
"命为冠军将军","0","3","3"
"世祖征讨赫连","0","3","3"
"祖征讨赫连昌","0","3","3"
"大量俘获而返","0","3","3"
"量俘获而返回","0","3","3"
"跟从讨伐赫连","0","3","3"
"从讨伐赫连昌","0","3","3"
"跟从讨伐蠕蠕","0","3","3"
"回头对侍奉的","0","3","3"
"头对侍奉的臣","0","3","3"
"对侍奉的臣属","0","3","3"
"侍奉的臣属说","0","3","3"
"加授建义将军","0","3","3"
"可以称得上是","0","3","3"
"城六里的郊郭","0","3","3"
"典选部兰台事","2","0","2"
"诏所开仓赈恤","2","0","2"
"年春正月庚寅","2","0","2"
"飨群臣太极前","2","0","2"
"阳椒房生汝阴","1","1","2"
"椒房生汝阴灵","1","1","2"
"房生汝阴灵王","1","1","2"
"生汝阴灵王天","1","1","2"
"孟椒房生任城","1","1","2"
"椒房生任城康","1","1","2"
"房生任城康王","1","1","2"
"孟椒房生安定","1","1","2"
"椒房生安定靖","1","1","2"
"房生安定靖王","1","1","2"
"位事黄门侍郎","2","0","2"
"都督陕西诸军","1","1","2"
"督陕西诸军事","1","1","2"
"衍冠军将军张","2","0","2"
"游击将军殷暹","1","1","2"
"龙骧将军张景","1","1","2"
"骧将军张景仁","1","1","2"
"将军张景仁等","1","1","2"
"屯骑校尉史文","1","1","2"
"骑校尉史文渊","1","1","2"
"校尉史文渊等","1","1","2"
"尉史文渊等军","1","1","2"
"史文渊等军主","1","1","2"
"武川镇都大将","1","1","2"
"尚书郎蔡僧勰","1","1","2"
"义阳太守冯道","1","1","2"
"阳太守冯道要","1","1","2"
"游击将军鲍怀","1","1","2"
"击将军鲍怀慎","1","1","2"
"天门太守王承","1","1","2"
"门太守王承伯","1","1","2"
"北府司马宗象","1","1","2"
"平北府谘议参","1","1","2"
"北府谘议参军","1","1","2"
"府谘议参军伏","1","1","2"
"谘议参军伏粲","1","1","2"
"宁朔将军蔡道","1","1","2"
"朔将军蔡道基","1","1","2"
"中兵参军庞脩","1","1","2"
"兵参军庞脩等","1","1","2"
"封高唐县开国","2","0","2"
"高唐县开国侯","1","1","2"
"都督河西诸军","1","1","2"
"督河西诸军事","1","1","2"
"都督东秦豳夏","1","1","2"
"督东秦豳夏三","1","1","2"
"东秦豳夏三州","1","1","2"
"秦豳夏三州诸","1","1","2"
"豳夏三州诸军","1","1","2"
"夏三州诸军事","1","1","2"
"都督沧瀛冀三","1","1","2"
"督沧瀛冀三州","1","1","2"
"沧瀛冀三州诸","1","1","2"
"瀛冀三州诸军","1","1","2"
"冀三州诸军事","1","1","2"
"都督定瀛幽三","1","1","2"
"督定瀛幽三州","1","1","2"
"定瀛幽三州诸","1","1","2"
"瀛幽三州诸军","1","1","2"
"幽三州诸军事","1","1","2"
"时中书博士张","1","1","2"
"中书博士张天","1","1","2"
"书博士张天龙","1","1","2"
"博士张天龙讲","1","1","2"
"廷尉公孙良举","1","1","2"
"史元法僧叛入","1","1","2"
"元法僧叛入萧","1","1","2"
"法僧叛入萧衍","1","1","2"
"衍遣豫章王萧","2","0","2"
"豫章王萧综入","1","1","2"
"本将军授徐州","1","1","2"
"将军授徐州刺","1","1","2"
"军授徐州刺史","1","1","2"
"进号平北将军","2","0","2"
"河间邢祐同召","1","1","2"
"间邢祐同召赴","1","1","2"
"邢祐同召赴京","1","1","2"
"高祖议定祖宗","1","1","2"
"徵身长七尺二","1","1","2"
"身长七尺二寸","1","1","2"
"故优赠散骑常","1","1","2"
"优赠散骑常侍","1","1","2"
"殷沧三州诸军","1","1","2"
"沧三州诸军事","1","1","2"
"韩贵人生赵郡","1","1","2"
"贵人生赵郡灵","1","1","2"
"人生赵郡灵王","1","1","2"
"孟椒房生广陵","1","1","2"
"椒房生广陵惠","1","1","2"
"房生广陵惠王","1","1","2"
"潘贵人生彭城","1","1","2"
"贵人生彭城武","1","1","2"
"人生彭城武宣","1","1","2"
"生彭城武宣王","1","1","2"
"高椒房生北海","1","1","2"
"椒房生北海平","1","1","2"
"房生北海平王","1","1","2"
"都督南豫郢东","1","1","2"
"督南豫郢东荆","1","1","2"
"南豫郢东荆三","1","1","2"
"豫郢东荆三州","1","1","2"
"郢东荆三州诸","1","1","2"
"东荆三州诸军","1","1","2"
"都督冀定相殷","1","1","2"
"督冀定相殷四","1","1","2"
"冀定相殷四州","1","1","2"
"定相殷四州诸","1","1","2"
"东阳公元丕督","1","1","2"
"济南公罗乌拔","1","1","2"
"南公罗乌拔督","1","1","2"
"陇西王源贺督","1","1","2"
"敦煌安置婆罗","1","1","2"
"煌安置婆罗门","1","1","2"
"吐京胡曹仆浑","1","1","2"
"京胡曹仆浑等","1","1","2"
"都督定相殷三","1","1","2"
"督定相殷三州","1","1","2"
"定相殷三州诸","1","1","2"
"阳川县开国公","1","1","2"
"安喜县开国男","1","1","2"
"都督冀定瀛沧","1","1","2"
"督冀定瀛沧幽","1","1","2"
"冀定瀛沧幽五","1","1","2"
"定瀛沧幽五州","1","1","2"
"瀛沧幽五州诸","1","1","2"
"沧幽五州诸军","1","1","2"
"上洛郡开国男","1","1","2"
"燕郡二郡太守","1","1","2"
"中军大将军府","1","1","2"
"军大将军府长","1","1","2"
"慰劳汾州山胡","1","1","2"
"济阴二郡太守","1","1","2"
"转治书侍御史","2","0","2"
"司空田曹参军","1","1","2"
"都督三州诸军","1","1","2"
"督三州诸军事","1","1","2"
"运屯谷五十万","1","1","2"
"屯谷五十万斛","1","1","2"
"相州抚军府长","1","1","2"
"州抚军府长史","1","1","2"
"太尉行军员外","1","1","2"
"尉行军员外郎","1","1","2"
"都督定冀瀛殷","1","1","2"
"督定冀瀛殷四","1","1","2"
"定冀瀛殷四州","1","1","2"
"冀瀛殷四州诸","1","1","2"
"大司马谘议参","1","1","2"
"司马谘议参军","1","1","2"
"定雍二州长史","1","1","2"
"郡汲郡二郡太","1","1","2"
"汲郡二郡太守","1","1","2"
"南安王国常侍","1","1","2"
"襄王大将军府","1","1","2"
"王大将军府记","1","1","2"
"将军府记室参","1","1","2"
"军府记室参军","1","1","2"
"朔州安北府长","1","1","2"
"州安北府长史","1","1","2"
"相州镇北府长","1","1","2"
"州镇北府长史","1","1","2"
"仪同开府中兵","1","1","2"
"同开府中兵参","1","1","2"
"殷州征北将军","1","1","2"
"州征北将军长","1","1","2"
"征北将军长史","1","1","2"
"开府默曹参军","1","1","2"
"悦夫人生安丰","1","1","2"
"夫人生安丰匡","1","1","2"
"人生安丰匡王","1","1","2"
"兴遣散骑常侍","2","0","2"
"尚书吏部郎严","1","1","2"
"书吏部郎严康","1","1","2"
"都督荆司雍秦","1","1","2"
"督荆司雍秦梁","1","1","2"
"荆司雍秦梁益","1","1","2"
"司雍秦梁益宁","1","1","2"
"雍秦梁益宁江","1","1","2"
"秦梁益宁江八","1","1","2"
"梁益宁江八州","1","1","2"
"扬豫八郡诸军","1","1","2"
"豫八郡诸军事","1","1","2"
"督十八州诸军","1","1","2"
"十八州诸军事","1","1","2"
"安成七千五百","1","1","2"
"成七千五百户","1","1","2"
"南北一千余里","1","1","2"
"赐衣冠服物车","2","0","2"
"冠服物车旗饰","2","0","2"
"衍梁州刺史平","2","0","2"
"国侯陈虎牙降","2","0","2"
"将军奚康生破","2","0","2"
"斩徐州刺史宋","2","0","2"
"行台侯景攻陷","1","1","2"
"散骑常侍柳豹","1","1","2"
"通直常侍刘景","1","1","2"
"直常侍刘景彦","1","1","2"
"散骑常侍明少","1","1","2"
"骑常侍明少遐","1","1","2"
"通直郎谢藻朝","1","1","2"
"直郎谢藻朝贡","1","1","2"
"遣散骑常侍刘","1","1","2"
"散骑常侍刘孝","1","1","2"
"骑常侍刘孝胜","1","1","2"
"通直常侍谢景","1","1","2"
"直常侍谢景朝","1","1","2"
"常侍谢景朝贡","1","1","2"
"伏椒房生楚王","1","1","2"
"内外三都大官","1","1","2"
"萧宝卷将裴叔","1","1","2"
"宝卷将裴叔业","1","1","2"
"卷将裴叔业率","1","1","2"
"将裴叔业率众","1","1","2"
"裴叔业率众围","1","1","2"
"定陶县开国子","1","1","2"
"东南道三徐行","1","1","2"
"南道三徐行台","1","1","2"
"随长孙稚西征","1","1","2"
"功封长平县开","1","1","2"
"封长平县开国","1","1","2"
"长平县开国男","1","1","2"
"封乐平郡开国","1","1","2"
"乐平郡开国公","1","1","2"
"都督相州诸军","1","1","2"
"督相州诸军事","1","1","2"
"长安县开国公","1","1","2"
"定策立前废帝","1","1","2"
"南秀容牧子万","1","1","2"
"秀容牧子万子","1","1","2"
"容牧子万子乞","1","1","2"
"牧子万子乞真","1","1","2"
"子万子乞真反","1","1","2"
"万子乞真反叛","1","1","2"
"杀太仆卿陆延","2","0","2"
"相州刺史李神","1","1","2"
"州刺史李神轨","1","1","2"
"刺史李神轨闭","1","1","2"
"书左丞元孚慰","1","1","2"
"左丞元孚慰劳","1","1","2"
"丞元孚慰劳蠕","1","1","2"
"元孚慰劳蠕蠕","1","1","2"
"便须退迹江海","1","1","2"
"尚书三公郎中","1","1","2"
"改封乐陵郡开","1","1","2"
"封乐陵郡开国","1","1","2"
"乐陵郡开国公","1","1","2"
"大都督李崇北","1","1","2"
"封永宁县开国","1","1","2"
"永宁县开国伯","1","1","2"
"封石艾县开国","1","1","2"
"石艾县开国公","1","1","2"
"寻加骠骑大将","2","0","2"
"永熙三年五月","1","1","2"
"封永安县开国","1","1","2"
"永安县开国伯","1","1","2"
"后除散骑常侍","2","0","2"
"大都督杜德等","1","1","2"
"都督杜德等追","1","1","2"
"督杜德等追讨","1","1","2"
"改封真定县开","1","1","2"
"渊骠骑大将军","2","0","2"
"渔阳郡开国公","1","1","2"
"寻加平南将军","2","0","2"
"慕容俊遣使朝","2","0","2"
"容俊遣使朝贡","2","0","2"
"获牛马羊数百","1","1","2"
"牛马羊数百万","1","1","2"
"马羊数百万头","1","1","2"
"二十八年春正","1","1","2"
"二千八百四十","1","1","2"
"千八百四十五","1","1","2"
"八百四十五人","1","1","2"
"河东公薛虎子","1","1","2"
"公孙阿六头使","2","0","2"
"孙阿六头使萧","2","0","2"
"阿六头使萧赜","2","0","2"
"嘉尚书左仆射","2","0","2"
"四年春二月癸","1","1","2"
"州刺史叔孙建","1","1","2"
"刺史叔孙建等","1","1","2"
"司马德宗齐郡","2","0","2"
"马德宗齐郡太","2","0","2"
"德宗齐郡太守","2","0","2"
"宗齐郡太守王","2","0","2"
"郡太守王懿降","2","0","2"
"加抚军大将军","2","0","2"
"肃宗孝明皇帝","1","1","2"
"高阳王雍进位","2","0","2"
"阳王雍进位太","2","0","2"
"冀州刺史萧宝","1","1","2"
"萧宝夤镇东将","2","0","2"
"宝夤镇东将军","2","0","2"
"扬州刺史李崇","1","1","2"
"安定郡开国公","1","1","2"
"定郡开国公胡","1","1","2"
"郡开国公胡国","1","1","2"
"开国公胡国珍","1","1","2"
"都督雍泾岐华","1","1","2"
"督雍泾岐华东","1","1","2"
"雍泾岐华东秦","1","1","2"
"泾岐华东秦豳","1","1","2"
"岐华东秦豳六","1","1","2"
"华东秦豳六州","1","1","2"
"东秦豳六州诸","1","1","2"
"秦豳六州诸军","1","1","2"
"豳六州诸军事","1","1","2"
"超改封北平王","1","1","2"
"蠕蠕后主郁久","1","1","2"
"蠕后主郁久闾","1","1","2"
"后主郁久闾侯","1","1","2"
"主郁久闾侯匿","1","1","2"
"郁久闾侯匿伐","1","1","2"
"匿伐奔怀朔镇","2","0","2"
"沃野镇人破落","1","1","2"
"野镇人破落汗","1","1","2"
"镇人破落汗拔","1","1","2"
"汗拔陵聚众反","2","0","2"
"高平酋长胡琛","1","1","2"
"城人莫折太提","1","1","2"
"复仪同三司李","1","1","2"
"同三司李崇官","1","1","2"
"三司李崇官爵","1","1","2"
"叉骠骑大将军","2","0","2"
"卫大将军穆绍","1","1","2"
"卢等攻陷怀朔","1","1","2"
"等攻陷怀朔镇","1","1","2"
"蠕蠕主阿瑰率","2","0","2"
"蠕主阿瑰率众","2","0","2"
"瑰率众大破拔","1","1","2"
"率众大破拔陵","1","1","2"
"诏左光禄大夫","1","1","2"
"左光禄大夫长","1","1","2"
"光禄大夫长孙","1","1","2"
"禄大夫长孙稚","1","1","2"
"都督河间王琛","2","0","2"
"就德兴攻陷平","1","1","2"
"德兴攻陷平州","1","1","2"
"豫雍荆徐扬六","1","1","2"
"雍荆徐扬六州","1","1","2"
"荆徐扬六州牧","1","1","2"
"三公郎中王德","1","1","2"
"复北平公长孙","1","1","2"
"北平公长孙敦","1","1","2"
"库莫奚国献名","1","1","2"
"莫奚国献名马","1","1","2"
"西平王源贺改","1","1","2"
"平王源贺改封","1","1","2"
"散骑常侍冯阐","1","1","2"
"散骑侍郎卢度","1","1","2"
"骑侍郎卢度世","1","1","2"
"员外郎朱安兴","1","1","2"
"加征北大将军","2","0","2"
"西平郡王吐谷","1","1","2"
"平郡王吐谷浑","1","1","2"
"郡王吐谷浑权","1","1","2"
"祖孝文皇帝第","1","1","2"
"孝文皇帝第二","1","1","2"
"文皇帝第二子","1","1","2"
"勰进位大司马","1","1","2"
"骑将军王肃加","1","1","2"
"尚书令高肇司","2","0","2"
"书令高肇司徒","2","0","2"
"怀进号骠骑大","1","1","2"
"衍龙骧将军文","1","1","2"
"龙骧将军文思","1","1","2"
"平南将军羊祉","1","1","2"
"安西将军奚康","1","1","2"
"西将军奚康生","1","1","2"
"抚军将军甄琛","1","1","2"
"太安二年二月","1","1","2"
"封繁阳侯李嶷","1","1","2"
"征东大将军冯","1","1","2"
"东大将军冯熙","1","1","2"
"公元石都督荆","1","1","2"
"南雍州诸军事","1","1","2"
"京兆侯张穷奇","1","1","2"
"秦州刺史垣恭","1","1","2"
"州刺史垣恭祖","1","1","2"
"羽林监沈承伯","1","1","2"
"军资器械胜数","2","0","2"
"斯国遣使朝献","2","0","2"
"殿中尚书元谌","1","1","2"
"黄门侍郎元顼","1","1","2"
"光禄大夫李虔","1","1","2"
"上党王天穆大","2","0","2"
"东北道诸军事","1","1","2"
"加大将军朱荣","2","0","2"
"太原王世子菩","1","1","2"
"原王世子菩提","1","1","2"
"雍州刺史长孙","1","1","2"
"州刺史张景邕","1","1","2"
"荆州刺史李灵","1","1","2"
"雄信将军萧进","1","1","2"
"信将军萧进明","1","1","2"
"兗三州诸军事","2","0","2"
"遣武卫将军奚","1","1","2"
"前燕州刺史崔","1","1","2"
"燕州刺史崔渊","1","1","2"
"州刺史崔渊率","1","1","2"
"宗郡开国公朱","2","0","2"
"郡开国公朱天","2","0","2"
"开国公朱天光","2","0","2"
"云朔显汾蔚九","1","1","2"
"朔显汾蔚九州","1","1","2"
"显汾蔚九州诸","1","1","2"
"汾蔚九州诸军","1","1","2"
"蔚九州诸军事","1","1","2"
"大鸿胪卿元宝","1","1","2"
"鸿胪卿元宝炬","1","1","2"
"阳县开国伯元","1","1","2"
"县开国伯元诞","1","1","2"
"前东荆州刺史","1","1","2"
"东荆州刺史元","1","1","2"
"荆州刺史元显","1","1","2"
"州刺史元显恭","1","1","2"
"度都督薛善乐","1","1","2"
"徒公长孙稚太","2","0","2"
"公长孙稚太尉","2","0","2"
"长孙稚太尉公","2","0","2"
"常山王朱度律","2","0","2"
"仪同三司齐献","1","1","2"
"同三司齐献武","1","1","2"
"三司齐献武王","1","1","2"
"平阳郡开国公","1","1","2"
"阳郡开国公齐","1","1","2"
"郡开国公齐献","1","1","2"
"开国公齐献武","1","1","2"
"国公齐献武王","1","1","2"
"公齐献武王封","1","1","2"
"北华州刺史公","1","1","2"
"华州刺史公孙","1","1","2"
"州刺史公孙略","1","1","2"
"泾州刺史贺拔","1","1","2"
"州刺史贺拔岳","1","1","2"
"渭州刺史侯莫","1","1","2"
"州刺史侯莫陈","1","1","2"
"刺史侯莫陈悦","1","1","2"
"武卫将军大野","1","1","2"
"卫将军大野拔","1","1","2"
"害前太保杨椿","1","1","2"
"前司空公杨津","1","1","2"
"骠骑将军卢同","1","1","2"
"骠骑大将军杜","1","1","2"
"骑大将军杜德","1","1","2"
"车骑大将军桥","1","1","2"
"骑大将军桥宁","1","1","2"
"都督关中诸军","1","1","2"
"督关中诸军事","1","1","2"
"西王朱天光大","2","0","2"
"府仪同三司穆","1","1","2"
"仪同三司穆绍","1","1","2"
"肆州鲁郡王后","1","1","2"
"州鲁郡王后军","1","1","2"
"鲁郡王后军府","1","1","2"
"郡王后军府录","1","1","2"
"王后军府录事","1","1","2"
"后军府录事参","1","1","2"
"军府录事参军","1","1","2"
"仪同开府司马","1","1","2"
"河北大使高乾","2","0","2"
"北大使高乾邕","2","0","2"
"博野县开国伯","1","1","2"
"野县开国伯尉","1","1","2"
"县开国伯尉景","1","1","2"
"景骠骑大将军","2","0","2"
"紫光禄大夫库","1","1","2"
"光禄大夫库狄","1","1","2"
"禄大夫库狄干","1","1","2"
"尚书右仆射魏","1","1","2"
"书右仆射魏兰","1","1","2"
"右仆射魏兰根","1","1","2"
"前御史中尉樊","1","1","2"
"中尉樊子鹄复","1","1","2"
"州刺史杜德讨","1","1","2"
"王宝炬太尉公","2","0","2"
"书左仆射元罗","1","1","2"
"尚书左仆射贾","1","1","2"
"书左仆射贾显","1","1","2"
"左仆射贾显度","1","1","2"
"西中郎将元宁","1","1","2"
"左光禄大夫李","1","1","2"
"光禄大夫李琰","1","1","2"
"光禄大夫崔秉","1","1","2"
"右光禄大夫高","1","1","2"
"光禄大夫高岳","1","1","2"
"左光禄大夫封","1","1","2"
"光禄大夫封津","1","1","2"
"燕郡开国公贺","1","1","2"
"郡开国公贺拔","1","1","2"
"开国公贺拔允","1","1","2"
"子勃海王子恕","1","1","2"
"勃海王子恕改","1","1","2"
"海王子恕改封","1","1","2"
"河南尹元仲景","1","1","2"
"前吏部尚书李","1","1","2"
"右卫将军娄昭","1","1","2"
"扬州刺史斛斯","1","1","2"
"州刺史斛斯敦","1","1","2"
"葬灵太后胡氏","1","1","2"
"都督河渭部三","1","1","2"
"督河渭部三州","1","1","2"
"河渭部三州诸","1","1","2"
"渭部三州诸军","1","1","2"
"部三州诸军事","1","1","2"
"世袭河州刺史","1","1","2"
"袭河州刺史梁","1","1","2"
"河州刺史梁景","1","1","2"
"齐州刺史侯渊","1","1","2"
"刺史万俟普拨","1","1","2"
"前南岐州刺史","1","1","2"
"南岐州刺史司","1","1","2"
"岐州刺史司马","1","1","2"
"州刺史司马子","1","1","2"
"光禄大夫崔孝","1","1","2"
"禄大夫崔孝芬","1","1","2"
"前徐州刺史元","1","1","2"
"左卫将军元斌","1","1","2"
"中军四面大都","1","1","2"
"军四面大都督","1","1","2"
"中军大都督斛","1","1","2"
"军大都督斛律","1","1","2"
"大都督斛律沙","1","1","2"
"都督斛律沙门","1","1","2"
"岐州刺史越肱","1","1","2"
"州刺史越肱特","1","1","2"
"兗州刺史樊子","2","0","2"
"侯景攻克萧衍","1","1","2"
"仪同三司万俟","1","1","2"
"同三司万俟普","1","1","2"
"河间人邢摩纳","1","1","2"
"范阳人卢仲礼","1","1","2"
"阳人卢仲礼等","1","1","2"
"散骑常侍郑伯","1","1","2"
"骑常侍郑伯猷","1","1","2"
"散骑常侍王元","1","1","2"
"骑常侍王元景","1","1","2"
"直散骑常侍魏","1","1","2"
"散骑常侍魏收","1","1","2"
"散骑常侍崔长","1","1","2"
"骑常侍崔长谦","1","1","2"
"三年春二月甲","1","1","2"
"年春二月甲辰","1","1","2"
"散骑常侍李绘","1","1","2"
"坐事降骠骑大","2","0","2"
"事降骠骑大将","2","0","2"
"降骠骑大将军","2","0","2"
"北豫州刺史高","1","1","2"
"豫州刺史高仲","1","1","2"
"散骑常侍李浑","1","1","2"
"徐州人刘乌黑","1","1","2"
"州人刘乌黑聚","1","1","2"
"府仪同三司孙","1","1","2"
"仪同三司孙腾","1","1","2"
"遣中书舍人尉","1","1","2"
"中书舍人尉瑾","1","1","2"
"散骑常侍元廓","1","1","2"
"齐文襄王使持","2","0","2"
"文襄王使持节","2","0","2"
"咸阳王坦太傅","2","0","2"
"府仪同三司潘","1","1","2"
"仪同三司潘相","1","1","2"
"同三司潘相乐","1","1","2"
"齐天保元年五","1","1","2"
"天保元年五月","1","1","2"
"保元年五月己","1","1","2"
"元年五月己未","1","1","2"
"都督荆梁益宁","1","1","2"
"督荆梁益宁四","1","1","2"
"荆梁益宁四州","1","1","2"
"梁益宁四州诸","1","1","2"
"益宁四州诸军","1","1","2"
"假征南大将军","1","1","2"
"太常李顺持节","1","1","2"
"河西王沮渠蒙","1","1","2"
"西王沮渠蒙逊","1","1","2"
"西域羌戎诸军","1","1","2"
"域羌戎诸军事","1","1","2"
"行征西大将军","1","1","2"
"乐都太守安周","1","1","2"
"将军贺多罗镇","1","1","2"
"将军古弼大破","1","1","2"
"军古弼大破诸","1","1","2"
"古弼大破诸氐","1","1","2"
"太子少傅游雅","1","1","2"
"中书侍郎胡方","1","1","2"
"书侍郎胡方回","1","1","2"
"侍郎胡方回等","1","1","2"
"郎胡方回等改","1","1","2"
"胡方回等改定","1","1","2"
"方回等改定律","1","1","2"
"回等改定律制","1","1","2"
"张掖王沮渠万","1","1","2"
"掖王沮渠万年","1","1","2"
"刘椒房生南安","1","1","2"
"椒房生南安惠","1","1","2"
"房生南安惠王","1","1","2"
"尉椒房生乐陵","1","1","2"
"椒房生乐陵康","1","1","2"
"房生乐陵康王","1","1","2"
"累迁怀朔镇大","2","0","2"
"迁怀朔镇大将","2","0","2"
"督三道诸军事","1","1","2"
"刺史穆泰谋反","2","0","2"
"世宗景明元年","1","1","2"
"御史中尉封回","1","1","2"
"托青州人高僧","1","1","2"
"青州人高僧寿","1","1","2"
"时吏部尚书樊","1","1","2"
"吏部尚书樊子","1","1","2"
"部尚书樊子鹄","1","1","2"
"除南兗州刺史","2","0","2"
"迁左光禄大夫","2","0","2"
"说勃海人李归","1","1","2"
"勃海人李归伯","1","1","2"
"遣辅国将军张","1","1","2"
"尚书令任城王","1","1","2"
"御史中尉元纂","1","1","2"
"史中尉元纂所","1","1","2"
"中尉元纂所纠","1","1","2"
"州主簿吕苟兒","2","0","2"
"主簿吕苟兒主","2","0","2"
"行秦州事李韶","1","1","2"
"王公三十余人","2","0","2"
"徐州安东府长","1","1","2"
"州安东府长史","1","1","2"
"殿中尚书胡莫","1","1","2"
"中尚书胡莫寒","1","1","2"
"除征北大将军","2","0","2"
"时中散大夫高","1","1","2"
"中散大夫高居","1","1","2"
"累迁事黄门侍","2","0","2"
"故中书监高闾","1","1","2"
"中书监高闾广","1","1","2"
"故太乐令公孙","1","1","2"
"黄门侍郎臣孙","1","1","2"
"门侍郎臣孙惠","1","1","2"
"侍郎臣孙惠蔚","1","1","2"
"故广平殇王洛","1","1","2"
"三公郎中辛雄","1","1","2"
"征西大将军讨","1","1","2"
"二州缘淮诸军","1","1","2"
"州缘淮诸军事","1","1","2"
"陪葬云中金陵","2","0","2"
"北讨诸军事讨","2","0","2"
"都督梁益荆三","1","1","2"
"督梁益荆三州","1","1","2"
"梁益荆三州诸","1","1","2"
"益荆三州诸军","1","1","2"
"昭业雍州刺史","2","0","2"
"业雍州刺史曹","2","0","2"
"命黄门侍郎崔","1","1","2"
"侍御史李焕先","1","1","2"
"安乐侯元隆等","1","1","2"
"太尉陈显达入","2","0","2"
"尉陈显达入寇","2","0","2"
"遣辅国将军成","1","1","2"
"辅国将军成兴","1","1","2"
"关内侯吴道爽","1","1","2"
"马一千五百匹","1","1","2"
"宁朔将军韦惠","1","1","2"
"龙骧将军李伯","1","1","2"
"遣统军党法宗","1","1","2"
"史司马明素率","1","1","2"
"州长史潘伯邻","1","1","2"
"宁朔将军王燮","1","1","2"
"济阴太守王厚","1","1","2"
"阴太守王厚强","1","1","2"
"庐江太守裴邃","1","1","2"
"澄遣统军王足","2","0","2"
"奉朝请韩元昭","1","1","2"
"前门下录事姚","1","1","2"
"门下录事姚敬","1","1","2"
"下录事姚敬贤","1","1","2"
"布一千二百匹","1","1","2"
"大鸿胪监护丧","2","0","2"
"鸿胪监护丧事","2","0","2"
"时尚书令高肇","1","1","2"
"徵事黄门侍郎","2","0","2"
"东阿县开国公","1","1","2"
"问都令史徐仵","1","1","2"
"时三公曹令史","1","1","2"
"三公曹令史朱","1","1","2"
"公曹令史朱晖","1","1","2"
"下通事令史王","1","1","2"
"通事令史王才","1","1","2"
"事令史王才达","1","1","2"
"遣黄门侍郎山","1","1","2"
"黄门侍郎山伟","1","1","2"
"门侍郎山伟巡","1","1","2"
"都督瀛冀二州","1","1","2"
"督瀛冀二州诸","1","1","2"
"瀛冀二州诸军","1","1","2"
"冀二州诸军事","1","1","2"
"帛二千五百匹","1","1","2"
"荆郢二州刺史","1","1","2"
"萧衍湘州刺史","1","1","2"
"州刺史杨公率","2","0","2"
"刺史杨公率众","2","0","2"
"左军将军骞小","1","1","2"
"军将军骞小眼","1","1","2"
"遣统军安伯丑","1","1","2"
"下蔡戍主王虎","1","1","2"
"蔡戍主王虎等","1","1","2"
"冠军将军曹天","1","1","2"
"军将军曹天宝","1","1","2"
"统军牛敬宾攻","1","1","2"
"封武阳县开国","2","0","2"
"武阳县开国子","1","1","2"
"都督梁益宁三","1","1","2"
"督梁益宁三州","1","1","2"
"梁益宁三州诸","1","1","2"
"益宁三州诸军","1","1","2"
"宁三州诸军事","1","1","2"
"仇池镇都大将","1","1","2"
"遣统军李平敌","1","1","2"
"将陈显达等寇","2","0","2"
"遣直寝羊灵引","1","1","2"
"遣四门博士明","2","0","2"
"都督征义阳诸","1","1","2"
"督征义阳诸军","1","1","2"
"征义阳诸军事","1","1","2"
"萧衍司州刺史","2","0","2"
"司州刺史蔡道","1","1","2"
"州刺史蔡道恭","1","1","2"
"平西将军曹景","1","1","2"
"西将军曹景宗","1","1","2"
"后将军王僧炳","1","1","2"
"将军王僧炳等","1","1","2"
"遣冠军将军元","1","1","2"
"冠军将军元逞","1","1","2"
"扬烈将军曹文","1","1","2"
"烈将军曹文敬","1","1","2"
"将军曹文敬进","1","1","2"
"统军傅永等三","1","1","2"
"军傅永等三军","1","1","2"
"斩首二千三百","1","1","2"
"首二千三百级","1","1","2"
"羽林监军邓终","1","1","2"
"林监军邓终年","1","1","2"
"行州事蔡灵恩","1","1","2"
"鸿胪少卿睦延","1","1","2"
"胪少卿睦延吉","1","1","2"
"书舍人王云指","1","1","2"
"书右仆射柳惔","2","0","2"
"等大将五人沿","1","1","2"
"大将五人沿淮","1","1","2"
"时郢州治中督","1","1","2"
"郢州治中督荣","1","1","2"
"州治中督荣祖","1","1","2"
"宁朔将军张道","1","1","2"
"朔将军张道凝","1","1","2"
"将军张道凝等","1","1","2"
"虎贲中郎曹苦","1","1","2"
"贲中郎曹苦生","1","1","2"
"云骑将军马广","1","1","2"
"骑将军马广率","1","1","2"
"骠骑将军徐超","1","1","2"
"骑将军徐超秀","1","1","2"
"将军徐超秀援","1","1","2"
"太子左卫率李","1","1","2"
"子左卫率李元","1","1","2"
"左卫率李元履","1","1","2"
"进号安西将军","2","0","2"
"魏郡太守李孝","1","1","2"
"郡太守李孝怡","1","1","2"
"太守李孝怡率","1","1","2"
"遣尚书左丞卢","1","1","2"
"尚书左丞卢同","1","1","2"
"都督冀定瀛相","1","1","2"
"督冀定瀛相幽","1","1","2"
"冀定瀛相幽五","1","1","2"
"定瀛相幽五州","1","1","2"
"瀛相幽五州诸","1","1","2"
"相幽五州诸军","1","1","2"
"追赠车骑大将","1","1","2"
"追封都昌县开","1","1","2"
"封都昌县开国","1","1","2"
"都昌县开国伯","1","1","2"
"史元法僧城南","2","0","2"
"元法僧城南叛","2","0","2"
"豫章王综镇徐","2","0","2"
"章王综镇徐州","2","0","2"
"光禄大夫刁双","1","1","2"
"都督青胶光齐","1","1","2"
"督青胶光齐南","1","1","2"
"青胶光齐南青","1","1","2"
"胶光齐南青五","1","1","2"
"光齐南青五州","1","1","2"
"齐南青五州诸","1","1","2"
"南青五州诸军","1","1","2"
"青五州诸军事","1","1","2"
"稍迁通直散骑","2","0","2"
"沃野镇都大将","1","1","2"
"姑臧镇都大将","1","1","2"
"都督豫荆郢三","1","1","2"
"督豫荆郢三州","1","1","2"
"安南将军卢渊","1","1","2"
"书舍人王云宣","1","1","2"
"进号镇军将军","2","0","2"
"太府少卿李苗","1","1","2"
"平阳县开国子","1","1","2"
"追赠征北大将","1","1","2"
"南安惠王第二","1","1","2"
"萧衍遣将寇逼","2","0","2"
"进号抚军将军","2","0","2"
"前驱左军都督","1","1","2"
"赠布帛二千匹","1","1","2"
"胡国珍封安定","1","1","2"
"国珍封安定公","1","1","2"
"寻除光禄大夫","2","0","2"
"御史中丞侯刚","1","1","2"
"幽州安西府功","1","1","2"
"州安西府功曹","1","1","2"
"安西府功曹参","1","1","2"
"西府功曹参军","1","1","2"
"右慰劳十二州","1","1","2"
"慰劳十二州大","1","1","2"
"劳十二州大使","1","1","2"
"山东慰劳大使","1","1","2"
"太尉元天穆北","1","1","2"
"三荆二郢大行","1","1","2"
"荆二郢大行台","1","1","2"
"尚书令王肃曾","1","1","2"
"冀州镇东府长","1","1","2"
"州镇东府长史","1","1","2"
"累迁国子祭酒","1","1","2"
"金墉中书外省","1","1","2"
"墉中书外省考","1","1","2"
"舅护军将军高","1","1","2"
"护军将军高显","1","1","2"
"使公主家令居","1","1","2"
"四门博士裴道","1","1","2"
"门博士裴道广","1","1","2"
"扬子云等四贤","1","1","2"
"太子屯骑校尉","1","1","2"
"年受敕撰门下","1","1","2"
"受敕撰门下诏","1","1","2"
"敕撰门下诏书","1","1","2"
"司徒崔光执经","1","1","2"
"光禄大夫高聪","1","1","2"
"禄大夫高聪徙","1","1","2"
"豫州刺史常绰","1","1","2"
"延明受诏议定","1","1","2"
"明受诏议定服","1","1","2"
"受诏议定服章","1","1","2"
"遣尚书左丞元","2","0","2"
"书左丞元孚奉","1","1","2"
"左丞元孚奉诏","1","1","2"
"改授散骑常侍","1","1","2"
"尚书令萧宝夤","1","1","2"
"平北将军元谭","1","1","2"
"录事参军裴智","1","1","2"
"事参军裴智成","1","1","2"
"将崔仲哲等截","1","1","2"
"景命统军梁仲","1","1","2"
"命统军梁仲礼","1","1","2"
"统军梁仲礼率","1","1","2"
"将御夷镇军主","1","1","2"
"御夷镇军主孙","1","1","2"
"夷镇军主孙念","1","1","2"
"都督王曹纥真","1","1","2"
"删正晋司空张","1","1","2"
"正晋司空张华","1","1","2"
"郑玄解经失旨","1","1","2"
"时秘书监游雅","1","1","2"
"秘书监游雅素","1","1","2"
"书监游雅素闻","1","1","2"
"皇魏东宫内侍","1","1","2"
"魏东宫内侍长","1","1","2"
"平原王陆丽知","1","1","2"
"时中山张吾贵","1","1","2"
"时中书监高闾","1","1","2"
"黄门侍郎张彝","1","1","2"
"黄门侍郎邢峦","1","1","2"
"前丞臣卢昶所","1","1","2"
"封枣强县开国","1","1","2"
"枣强县开国男","1","1","2"
"师清河监伯阳","1","1","2"
"河内高望崇受","1","1","2"
"特除员外散骑","1","1","2"
"舅司徒高肇擅","1","1","2"
"河南尹丞张普","1","1","2"
"南尹丞张普惠","1","1","2"
"国子助教韩神","1","1","2"
"子助教韩神固","1","1","2"
"国子祭酒崔光","1","1","2"
"吏部尚书甄琛","1","1","2"
"国子博士高凉","1","1","2"
"屯骑校尉张洪","1","1","2"
"荡寇将军张龙","1","1","2"
"寇将军张龙祥","1","1","2"
"将军张龙祥等","1","1","2"
"军张龙祥等九","1","1","2"
"张龙祥等九家","1","1","2"
"除通直散骑侍","2","0","2"
"屯留县开国子","1","1","2"
"永熙三年二月","1","1","2"
"散骑常侍李业","1","1","2"
"骑常侍李业兴","1","1","2"
"时尚书右仆射","1","1","2"
"散骑常侍李谐","1","1","2"
"吏部郎卢元明","1","1","2"
"散骑常侍朱异","1","1","2"
"骑常侍朱异问","1","1","2"
"明堂上圆下方","1","1","2"
"尚书中候运行","1","1","2"
"书中候运行篇","1","1","2"
"中外府谘议参","1","1","2"
"外府谘议参军","1","1","2"
"太尉外兵参军","1","1","2"
"平北将军蔡道","1","1","2"
"北将军蔡道恭","1","1","2"
"河南尹甄琛等","1","1","2"
"寿春道人惠需","1","1","2"
"门小学博士孔","1","1","2"
"等学官四十五","1","1","2"
"学官四十五人","1","1","2"
"故太常卿刘芳","1","1","2"
"黄门侍郎甄琛","1","1","2"
"周文王小心翼","1","1","2"
"文王小心翼翼","1","1","2"
"然后父子君臣","1","1","2"
"骠骑谘议参军","1","1","2"
"故中书博士范","1","1","2"
"中书博士范阳","1","1","2"
"奏冀州人苏僧","1","1","2"
"都督司豫荆郢","1","1","2"
"督司豫荆郢洛","1","1","2"
"事黄门侍郎李","1","1","2"
"黄门侍郎李伯","1","1","2"
"门侍郎李伯尚","1","1","2"
"紫光禄大夫张","1","1","2"
"光禄大夫张安","1","1","2"
"禄大夫张安期","1","1","2"
"都督青徐兗扬","1","1","2"
"督青徐兗扬豫","1","1","2"
"青徐兗扬豫五","1","1","2"
"徐兗扬豫五州","1","1","2"
"兗扬豫五州诸","1","1","2"
"扬豫五州诸军","1","1","2"
"豫五州诸军事","1","1","2"
"叔安丰王延明","1","1","2"
"安丰王延明责","1","1","2"
"遣侍御史假节","1","1","2"
"侍御史假节监","1","1","2"
"散骑常侍卢渊","1","1","2"
"史中尉李彪将","1","1","2"
"御史中尉李平","1","1","2"
"史中尉李平所","1","1","2"
"中尉李平所弹","1","1","2"
"遣游击将军王","1","1","2"
"游击将军王靖","1","1","2"
"上蔡县开国公","1","1","2"
"后高祖临朝堂","2","0","2"
"廷尉五局司直","1","1","2"
"夺常侍禄一周","2","0","2"
"右丞乞伏义受","1","1","2"
"散骑常侍元景","1","1","2"
"谏议大夫李彦","1","1","2"
"中庶子游肇等","1","1","2"
"都督青齐光南","1","1","2"
"督青齐光南青","1","1","2"
"青齐光南青四","1","1","2"
"齐光南青四州","1","1","2"
"光南青四州诸","1","1","2"
"南青四州诸军","1","1","2"
"青四州诸军事","1","1","2"
"淫员外郎冯俊","1","1","2"
"员外郎冯俊兴","1","1","2"
"大鸿胪护丧事","2","0","2"
"前六年升一阶","1","1","2"
"累迁通直常侍","2","0","2"
"时萧衍遣将寇","2","0","2"
"安德县开国公","1","1","2"
"愿官家千万岁","1","1","2"
"召中尉崔亮入","1","1","2"
"故太傅北海王","1","1","2"
"都督华豳东秦","1","1","2"
"督华豳东秦诸","1","1","2"
"华豳东秦诸军","1","1","2"
"豳东秦诸军事","1","1","2"
"进号征西将军","2","0","2"
"相州行台甄密","1","1","2"
"州行台甄密先","1","1","2"
"永安二年四月","1","1","2"
"改称建武元年","1","1","2"
"令黄门侍郎崔","1","1","2"
"遣中书舍人张","1","1","2"
"中书舍人张儒","1","1","2"
"仰惟大行皇帝","1","1","2"
"尚书令王肃等","1","1","2"
"增邑一千五百","2","0","2"
"遣主书刘道斌","1","1","2"
"叔业寿春内属","2","0","2"
"事黄门侍郎郑","1","1","2"
"黄门侍郎郑道","1","1","2"
"门侍郎郑道昭","1","1","2"
"世宗临东堂引","2","0","2"
"宗临东堂引见","2","0","2"
"陛下龙飞九五","2","0","2"
"冀州乐陵太守","1","1","2"
"尚书令高肇性","1","1","2"
"初令侍中元晖","1","1","2"
"令侍中元晖奏","1","1","2"
"永平元年九月","1","1","2"
"武士刀镮筑勰","2","0","2"
"东园第一秘器","2","0","2"
"奏太常卿刘芳","1","1","2"
"太常卿刘芳议","1","1","2"
"萧衍遣将彭群","2","0","2"
"安丰王延明所","1","1","2"
"清河文献王所","1","1","2"
"河文献王所赏","1","1","2"
"彭城武宣王道","1","1","2"
"长子匹候跋继","1","1","2"
"大碛南床山下","2","0","2"
"缊纥提子曷多","2","0","2"
"纥提子曷多汗","2","0","2"
"吴颉等十五人","1","1","2"
"颉等十五人归","1","1","2"
"仑遣骑救素古","2","0","2"
"遣骑救素古延","2","0","2"
"大等谋杀社仑","2","0","2"
"等谋杀社仑立","2","0","2"
"谋杀社仑立大","2","0","2"
"破譬历辰部落","1","1","2"
"山阳侯奚斤等","1","1","2"
"东西五千余里","1","1","2"
"世祖闻东部高","2","0","2"
"祖闻东部高车","2","0","2"
"遣左仆射安原","2","0","2"
"仆射安原等讨","2","0","2"
"高车诸部望军","2","0","2"
"车诸部望军降","2","0","2"
"诸部望军降者","2","0","2"
"部望军降者数","2","0","2"
"望军降者数十","2","0","2"
"军降者数十万","2","0","2"
"兄秃鹿傀左右","2","0","2"
"秃鹿傀左右数","2","0","2"
"鹿傀左右数百","2","0","2"
"傀左右数百人","2","0","2"
"河东公贺多罗","1","1","2"
"东公贺多罗督","1","1","2"
"宜都王穆寿督","1","1","2"
"督十五将西道","2","0","2"
"大泽向涿邪山","1","1","2"
"北镇游军大破","2","0","2"
"选精兵五千人","1","1","2"
"斛律桓等十二","1","1","2"
"十二将七万骑","2","0","2"
"频阿伏罗所败","2","0","2"
"车王弥俄突所","1","1","2"
"王弥俄突所杀","1","1","2"
"号豆罗伏跋豆","1","1","2"
"豆罗伏跋豆伐","1","1","2"
"永平四年九月","1","1","2"
"神龟元年二月","1","1","2"
"肃宗临显阳殿","2","0","2"
"顾礼等二十人","1","1","2"
"中书舍人徐纥","1","1","2"
"书舍人徐纥宣","1","1","2"
"牛马羊三千头","1","1","2"
"弟乙居伐轻骑","1","1","2"
"散骑常侍孟威","1","1","2"
"中书舍人曹道","1","1","2"
"书舍人曹道宣","1","1","2"
"遣巩顾礼等使","1","1","2"
"瑰等五十四人","1","1","2"
"伯叔兄弟五人","1","1","2"
"中书舍人穆弼","1","1","2"
"瑰细明光人马","1","1","2"
"细明光人马铠","1","1","2"
"明光人马铠二","1","1","2"
"露丝银缠槊二","1","1","2"
"丝银缠槊二张","1","1","2"
"朱漆柘弓六张","1","1","2"
"父草马五百匹","1","1","2"
"怀朔镇将杨钧","1","1","2"
"浑河旃等二人","1","1","2"
"蠕蠕后主俟匿","1","1","2"
"蠕后主俟匿伐","1","1","2"
"录尚书事高阳","1","1","2"
"尚书事高阳王","1","1","2"
"书左仆射元钦","1","1","2"
"侍中安丰王延","2","0","2"
"中安丰王延明","2","0","2"
"吏部尚书元修","1","1","2"
"部尚书元修义","1","1","2"
"黄门侍郎元纂","1","1","2"
"事黄门侍郎张","1","1","2"
"黄门侍郎张烈","1","1","2"
"结山吐若奚泉","1","1","2"
"行台尚书持节","1","1","2"
"公私驿马牛羊","1","1","2"
"私驿马牛羊数","1","1","2"
"驿马牛羊数十","1","1","2"
"尚书令李崇等","1","1","2"
"中书舍人冯俊","1","1","2"
"号敕连头兵豆","1","1","2"
"敕连头兵豆伐","1","1","2"
"郁久闾弥娥等","1","1","2"
"永熙二年四月","1","1","2"
"阿瑰遣使朝贡","2","0","2"
"妹乐安公主许","1","1","2"
"宗正元寿送公","1","1","2"
"正元寿送公主","1","1","2"
"获生口马牛羊","2","0","2"
"马牛羊二十余","2","0","2"
"亲勒六军中道","2","0","2"
"西北绝漠千余","2","0","2"
"北绝漠千余里","2","0","2"
"率九百余落内","2","0","2"
"尚书令刘洁等","1","1","2"
"江阳王继都督","2","0","2"
"诏员外散骑侍","2","0","2"
"使者慕容坦赐","1","1","2"
"吏部尚书李韶","1","1","2"
"姨弟泾州刺史","1","1","2"
"弟泾州刺史卢","1","1","2"
"泾州刺史卢道","1","1","2"
"州刺史卢道裕","1","1","2"
"黄门郎贾思同","1","1","2"
"想彼境内宁静","1","1","2"
"州刺史崔圣念","1","1","2"
"吏部郎中尉瑾","1","1","2"
"北第参掌机密","1","1","2"
"通直常侍房延","1","1","2"
"司空司马辛元","1","1","2"
"空司马辛元植","1","1","2"
"国子博士刁柔","1","1","2"
"尚书郎高孝干","1","1","2"
"前后二表一启","1","1","2"
"太祖独孤贺兰","2","0","2"
"祖独孤贺兰部","2","0","2"
"州守将封窦真","1","1","2"
"时太祖留心黄","1","1","2"
"太祖留心黄老","1","1","2"
"晋怀帝刘聪所","2","0","2"
"怀帝刘聪所执","2","0","2"
"大人梁盖等杀","1","1","2"
"怀朔镇都大将","1","1","2"
"齐州城人赵洛","2","0","2"
"州城人赵洛周","2","0","2"
"逐刺史丹阳王","1","1","2"
"刺史丹阳王萧","1","1","2"
"史丹阳王萧赞","1","1","2"
"济南太守房士","1","1","2"
"南太守房士达","1","1","2"
"右卫将军郭琼","1","1","2"
"治书侍御史纠","1","1","2"
"尚书左仆射臣","1","1","2"
"中尉臣郦道元","1","1","2"
"尉臣郦道元举","1","1","2"
"臣郦道元举奏","1","1","2"
"尚书郎中裴献","1","1","2"
"书郎中裴献伯","1","1","2"
"尚书郎中王元","1","1","2"
"书郎中王元旭","1","1","2"
"谨案尚书郎中","1","1","2"
"案尚书郎中臣","1","1","2"
"尚书郎中臣裴","1","1","2"
"书郎中臣裴献","1","1","2"
"郎中臣裴献伯","1","1","2"
"时青州刺史元","1","1","2"
"青州刺史元世","1","1","2"
"州刺史元世俊","1","1","2"
"天穆齐献武王","2","0","2"
"穆齐献武王讨","2","0","2"
"丞相乙浑谋反","1","1","2"
"前怀州刺史青","1","1","2"
"怀州刺史青龙","1","1","2"
"前秦州刺史吕","1","1","2"
"秦州刺史吕受","1","1","2"
"州刺史吕受恩","1","1","2"
"刺史吕受恩等","1","1","2"
"非太祖子孙异","2","0","2"
"太祖子孙异姓","2","0","2"
"祖子孙异姓王","2","0","2"
"建兴公古弼讨","1","1","2"
"左右扶保宗上","1","1","2"
"右扶保宗上马","1","1","2"
"史中尉李彪争","1","1","2"
"所谓王孙公子","1","1","2"
"刺史元六头荒","1","1","2"
"史元六头荒淫","1","1","2"
"延兴二年九月","1","1","2"
"都督青徐齐济","1","1","2"
"树生镇远将军","1","1","2"
"都督冀相沧瀛","1","1","2"
"督冀相沧瀛殷","1","1","2"
"冀相沧瀛殷定","1","1","2"
"相沧瀛殷定六","1","1","2"
"沧瀛殷定六州","1","1","2"
"瀛殷定六州诸","1","1","2"
"殷定六州诸军","1","1","2"
"定六州诸军事","1","1","2"
"勃海王国太妃","1","1","2"
"云朔十州诸军","1","1","2"
"朔十州诸军事","1","1","2"
"清河郡开国公","1","1","2"
"累迁散骑常侍","2","0","2"
"都督青徐光三","1","1","2"
"督青徐光三州","1","1","2"
"青徐光三州诸","1","1","2"
"徐光三州诸军","1","1","2"
"光三州诸军事","1","1","2"
"安陵县开国男","1","1","2"
"河州刺史元祚","1","1","2"
"景进等招引念","1","1","2"
"进等招引念生","1","1","2"
"等招引念生攻","1","1","2"
"遣统军六景相","1","1","2"
"统军六景相驰","1","1","2"
"都督冀定相瀛","1","1","2"
"督冀定相瀛沧","1","1","2"
"冀定相瀛沧五","1","1","2"
"定相瀛沧五州","1","1","2"
"相瀛沧五州诸","1","1","2"
"瀛沧五州诸军","1","1","2"
"沧五州诸军事","1","1","2"
"汾州后军府长","1","1","2"
"州后军府长史","1","1","2"
"襄城县开国公","1","1","2"
"使乞师常山王","2","0","2"
"乞师常山王遵","2","0","2"
"乐平王丕等督","2","0","2"
"督诸军取上邽","2","0","2"
"昌黎二郡太守","1","1","2"
"中散大夫党智","1","1","2"
"安德郡开国公","1","1","2"
"冀二州平北府","1","1","2"
"二州平北府长","1","1","2"
"州平北府长史","1","1","2"
"南平王冯诞等","1","1","2"
"赐布帛六百匹","1","1","2"
"慕容白曜平三","2","0","2"
"容白曜平三齐","2","0","2"
"荆州长流参军","1","1","2"
"司空水曹参军","1","1","2"
"光禄大夫武邑","1","1","2"
"何必蓬头垢面","1","1","2"
"勃海太守崔休","1","1","2"
"尚书仆射萧宝","1","1","2"
"书仆射萧宝夤","1","1","2"
"卫王仪镇中山","2","0","2"
"博陵太守申永","1","1","2"
"高阳太守崔玄","1","1","2"
"阳太守崔玄伯","1","1","2"
"河间二郡太守","1","1","2"
"冀州刺史长孙","1","1","2"
"州刺史长孙道","1","1","2"
"刺史长孙道生","1","1","2"
"史长孙道生等","1","1","2"
"平南大将军长","1","1","2"
"南大将军长孙","1","1","2"
"大将军长孙嵩","1","1","2"
"安平公叔孙建","1","1","2"
"时益州刺史傅","1","1","2"
"解褐太学博士","2","0","2"
"元城县开国侯","1","1","2"
"随寿光侯叔孙","1","1","2"
"世祖平赫连昌","2","0","2"
"司徒田曹参军","1","1","2"
"骠骑府外兵参","1","1","2"
"骑府外兵参军","1","1","2"
"雍州刺史杨佺","1","1","2"
"州刺史杨佺期","1","1","2"
"陛下圣德膺符","2","0","2"
"大将军右司马","1","1","2"
"尚书右主客郎","1","1","2"
"丞相卫王府左","1","1","2"
"相卫王府左长","1","1","2"
"卫王府左长史","1","1","2"
"马牛羊五十头","1","1","2"
"时新息公王洛","1","1","2"
"王长孙道生率","1","1","2"
"冯翊公源怀等","1","1","2"
"垂遣太子宝寇","2","0","2"
"时丞相乙浑擅","1","1","2"
"秦王翰置秘室","2","0","2"
"德宗将刘裕伐","2","0","2"
"宗将刘裕伐姚","2","0","2"
"所谓卞庄刺虎","1","1","2"
"散骑常侍丘堆","1","1","2"
"太宗避居西宫","1","1","2"
"神中录图新经","1","1","2"
"世祖沿弱水西","1","1","2"
"祖沿弱水西行","1","1","2"
"歌工历颂群臣","2","0","2"
"南籓诸将表刘","2","0","2"
"籓诸将表刘义","2","0","2"
"诸将表刘义隆","2","0","2"
"遣阳平王杜超","1","1","2"
"阳平王杜超镇","1","1","2"
"邪王司马楚等","2","0","2"
"军马三十万匹","1","1","2"
"弘农王奚斤等","1","1","2"
"农王奚斤等三","1","1","2"
"王奚斤等三十","1","1","2"
"斤等三十余人","2","0","2"
"骑侍郎张伟参","1","1","2"
"行台中外诸军","1","1","2"
"台中外诸军事","1","1","2"
"著作令史太原","1","1","2"
"作令史太原闵","1","1","2"
"令史太原闵湛","1","1","2"
"真君十一年六","1","1","2"
"君十一年六月","1","1","2"
"高宗谓群臣曰","2","0","2"
"显祖将传位京","2","0","2"
"祖将传位京兆","2","0","2"
"将传位京兆王","2","0","2"
"传位京兆王子","2","0","2"
"督诸军屯漠南","2","0","2"
"持节奉皇帝玺","2","0","2"
"节奉皇帝玺绶","2","0","2"
"武略大将二人","1","1","2"
"都督雍岐东秦","1","1","2"
"徵尚书左仆射","2","0","2"
"贼臣宗爱所弑","1","1","2"
"授抚军大将军","1","1","2"
"钜鹿郡开国公","1","1","2"
"怀朔镇将元尼","1","1","2"
"朔镇将元尼须","1","1","2"
"正始元年九月","1","1","2"
"尚书郎中韩贞","1","1","2"
"时武兴氐王杨","1","1","2"
"武兴氐王杨绍","1","1","2"
"兴氐王杨绍先","1","1","2"
"都督平氐诸军","1","1","2"
"督平氐诸军事","1","1","2"
"吏部尚书卢昶","1","1","2"
"尚书北主客郎","1","1","2"
"书北主客郎中","1","1","2"
"河州羌铁忽反","2","0","2"
"臣闻辟台望气","1","1","2"
"正平都督长孙","1","1","2"
"平都督长孙稚","1","1","2"
"都督长孙稚合","1","1","2"
"刺史元愿达城","2","0","2"
"将夏侯夔率众","1","1","2"
"夏侯夔率众数","1","1","2"
"侯夔率众数万","1","1","2"
"萧衍豫州刺史","1","1","2"
"豫州刺史夏侯","1","1","2"
"萧衍直阁将军","2","0","2"
"军主胡智达等","1","1","2"
"主胡智达等八","1","1","2"
"监军阎次洪入","1","1","2"
"军阎次洪入寇","1","1","2"
"州城东北四十","1","1","2"
"徵右光禄大夫","2","0","2"
"临颍县开国侯","1","1","2"
"子恭所部都督","1","1","2"
"恭所部都督史","1","1","2"
"所部都督史仵","1","1","2"
"部都督史仵龙","1","1","2"
"临汝县开国子","1","1","2"
"襄城县开国男","1","1","2"
"新城县开国子","1","1","2"
"齐献武王军司","1","1","2"
"散骑常侍王洛","1","1","2"
"骑常侍王洛兒","1","1","2"
"太宗亲临哀恸","2","0","2"
"阳平王杜超女","2","0","2"
"世祖讨山胡白","2","0","2"
"祖讨山胡白龙","2","0","2"
"史中尉王显所","2","0","2"
"中尉王显所弹","2","0","2"
"矫诏杀买奴苑","2","0","2"
"司徒仓曹参军","1","1","2"
"司马德宗平西","2","0","2"
"马德宗平西将","2","0","2"
"德宗平西将军","2","0","2"
"镇北将军鲁宗","1","1","2"
"征虏将军姚成","1","1","2"
"虏将军姚成王","1","1","2"
"冠军将军司马","1","1","2"
"军将军司马国","1","1","2"
"桓璲桓温孙道","2","0","2"
"陈郡袁式等数","2","0","2"
"郡袁式等数百","2","0","2"
"追赠征西大将","1","1","2"
"参军杨承祖所","1","1","2"
"军杨承祖所杀","1","1","2"
"历阳西入义阳","1","1","2"
"长史临邑子步","1","1","2"
"擒义隆将朱修","2","0","2"
"公皮豹子等督","1","1","2"
"等督关中诸军","2","0","2"
"督关中诸军散","2","0","2"
"关中诸军散关","2","0","2"
"中诸军散关西","2","0","2"
"诸军散关西入","2","0","2"
"济阴公卢中山","1","1","2"
"阴公卢中山等","1","1","2"
"时镇北将军封","1","1","2"
"北将军封沓亡","2","0","2"
"将军封沓亡入","2","0","2"
"军封沓亡入蠕","2","0","2"
"封沓亡入蠕蠕","2","0","2"
"西平公安颉督","1","1","2"
"河内太守丘陈","1","1","2"
"豫二州诸军事","1","1","2"
"复除散骑常侍","2","0","2"
"都督秦雍诸军","1","1","2"
"督秦雍诸军事","1","1","2"
"选精兵五百人","1","1","2"
"俟征西大将军","1","1","2"
"刘裕轻狡薄行","1","1","2"
"奔姚兴豫州牧","1","1","2"
"姚兴豫州牧姚","1","1","2"
"兴豫州牧姚绍","1","1","2"
"裕青州军所逼","1","1","2"
"刘义符青州刺","1","1","2"
"义符遣将檀道","2","0","2"
"符遣将檀道济","2","0","2"
"徐四州诸军事","1","1","2"
"徐豫二州刺史","1","1","2"
"兴公古弼等十","1","1","2"
"公古弼等十余","1","1","2"
"富平西南三十","1","1","2"
"平西南三十里","1","1","2"
"东西四十五里","1","1","2"
"计长二百七十","1","1","2"
"长二百七十步","1","1","2"
"私田四万余顷","1","1","2"
"中书监高允等","1","1","2"
"诸将珍宝杂物","1","1","2"
"遣中兵校郎杨","1","1","2"
"中兵校郎杨定","1","1","2"
"兵校郎杨定归","1","1","2"
"校郎杨定归白","1","1","2"
"郎杨定归白顺","1","1","2"
"敦煌太守牧犍","1","1","2"
"正光二年二月","1","1","2"
"平北将军元树","1","1","2"
"右卫将军胡龙","1","1","2"
"卫将军胡龙牙","1","1","2"
"护军将军夏侯","1","1","2"
"都督定冀相殷","1","1","2"
"督定冀相殷四","1","1","2"
"定冀相殷四州","1","1","2"
"冀相殷四州诸","1","1","2"
"武王大行台郎","1","1","2"
"王大行台郎中","1","1","2"
"大将军府法曹","1","1","2"
"将军府法曹参","1","1","2"
"军府法曹参军","1","1","2"
"都督殷沧二州","1","1","2"
"督殷沧二州诸","1","1","2"
"殷沧二州诸军","1","1","2"
"文明太后追念","1","1","2"
"太尉谘议参军","1","1","2"
"定州镇军长史","1","1","2"
"时逆贼杜洛周","1","1","2"
"逆贼杜洛周侵","1","1","2"
"武王大丞相谘","1","1","2"
"王大丞相谘议","1","1","2"
"大丞相谘议参","1","1","2"
"丞相谘议参军","1","1","2"
"固安县开国伯","1","1","2"
"奚康生等率众","2","0","2"
"都督相州防城","1","1","2"
"济州辅国府长","1","1","2"
"州辅国府长史","1","1","2"
"刺史桓叔兴驱","1","1","2"
"尚书左民郎中","1","1","2"
"冀州京兆王愉","2","0","2"
"兗州平东府长","2","0","2"
"中书舍人卢景","1","1","2"
"书舍人卢景宣","1","1","2"
"孝元皇后生献","1","1","2"
"元皇后生献文","1","1","2"
"皇后生献文皇","1","1","2"
"人生安乐厉王","1","1","2"
"沮渠夫人生齐","1","1","2"
"渠夫人生齐郡","1","1","2"
"夫人生齐郡顺","1","1","2"
"人生齐郡顺王","1","1","2"
"乙夫人生河间","1","1","2"
"夫人生河间孝","1","1","2"
"人生河间孝王","1","1","2"
"内行长乙肆虎","1","1","2"
"行长乙肆虎谋","1","1","2"
"北道行台尚书","1","1","2"
"道行台尚书令","1","1","2"
"河间人信都芳","1","1","2"
"置王官二十二","1","1","2"
"王官二十二人","1","1","2"
"内侍长董丑奴","1","1","2"
"员外通直散骑","1","1","2"
"外通直散骑常","1","1","2"
"州刺史沈陵见","1","1","2"
"黄门侍郎元匡","1","1","2"
"武阳县开国侯","1","1","2"
"史中尉元匡所","1","1","2"
"中尉元匡所弹","1","1","2"
"见廷尉卿裴延","1","1","2"
"将军沮渠旁周","1","1","2"
"遣尚书贺多罗","1","1","2"
"牧犍兄子祖逾","2","0","2"
"犍兄子祖逾城","2","0","2"
"兄子祖逾城降","2","0","2"
"牧犍兄子万年","2","0","2"
"犍兄子万年率","2","0","2"
"兄子万年率麾","2","0","2"
"子万年率麾下","2","0","2"
"万年率麾下降","2","0","2"
"牧犍左右文武","2","0","2"
"凉州民三万余","2","0","2"
"州民三万余家","2","0","2"
"民三万余家京","2","0","2"
"三万余家京师","2","0","2"
"妹曼头陀林私","1","1","2"
"曼头陀林私通","1","1","2"
"河东蜀薛安都","1","1","2"
"北部都督刘宣","1","1","2"
"部都督刘宣等","1","1","2"
"太弟屯骑校尉","1","1","2"
"都督北城守事","1","1","2"
"幽州刺史王浚","1","1","2"
"刺史司马腾乞","2","0","2"
"史司马腾乞师","2","0","2"
"斩渊将綦母豚","2","0","2"
"新兴太守郭颐","1","1","2"
"都水使者襄陵","1","1","2"
"水使者襄陵王","1","1","2"
"使者襄陵王摅","1","1","2"
"将作大匠望都","1","1","2"
"作大匠望都公","1","1","2"
"大匠望都公靳","1","1","2"
"匠望都公靳陵","1","1","2"
"光禄大夫庾珉","1","1","2"
"禄大夫庾珉等","1","1","2"
"右光禄大夫程","1","1","2"
"光禄大夫程遐","1","1","2"
"中庶子李颜等","1","1","2"
"船夫十七万人","1","1","2"
"遣司虞中郎将","1","1","2"
"司虞中郎将贾","1","1","2"
"虞中郎将贾霸","1","1","2"
"中郎将贾霸率","1","1","2"
"公侯七十余国","1","1","2"
"垂率步骑七万","1","1","2"
"将士三百余人","1","1","2"
"精锐二万余骑","1","1","2"
"蟠羊山南水上","1","1","2"
"宝军四五万人","1","1","2"
"王公文武将吏","1","1","2"
"公文武将吏数","1","1","2"
"坚遣使牛恬朝","2","0","2"
"遣使牛恬朝贡","2","0","2"
"右将军杨安攻","1","1","2"
"将军杨安攻克","1","1","2"
"武卫将军苟苌","1","1","2"
"骁骑将军石越","1","1","2"
"宫殿台观应坐","1","1","2"
"名犯高祖庙讳","2","0","2"
"者仆射张济使","2","0","2"
"大破乞伏乾归","1","1","2"
"义阳公平率众","2","0","2"
"阳公平率众四","2","0","2"
"公平率众四万","2","0","2"
"平率众四万侵","2","0","2"
"率精骑二百窥","2","0","2"
"精骑二百窥军","2","0","2"
"截汾曲南北浮","2","0","2"
"汾曲南北浮桥","2","0","2"
"西岸窥视太祖","1","1","2"
"扬武将军雷重","1","1","2"
"武将军雷重等","1","1","2"
"将军雷重等将","1","1","2"
"军雷重等将士","1","1","2"
"散骑常侍东武","1","1","2"
"骑常侍东武侯","1","1","2"
"常侍东武侯姚","1","1","2"
"侍东武侯姚敞","1","1","2"
"正平元年正月","1","1","2"
"侍中太原公薛","1","1","2"
"中太原公薛提","1","1","2"
"太原公薛提等","1","1","2"
"小黄门贾周等","1","1","2"
"中书侍郎崔鉴","1","1","2"
"北部主书郎公","1","1","2"
"部主书郎公孙","1","1","2"
"主书郎公孙处","1","1","2"
"书郎公孙处显","1","1","2"
"选部监公孙蘧","1","1","2"
"谷一千五百石","1","1","2"
"绢四百五十匹","1","1","2"
"族弟赵奴第四","1","1","2"
"扬州安南府长","1","1","2"
"州安南府长史","1","1","2"
"陈留公主所告","1","1","2"
"特加龙骧将军","1","1","2"
"使中常侍贾粲","1","1","2"
"中常侍贾粲假","1","1","2"
"正光四年三月","1","1","2"
"奉车都尉周特","1","1","2"
"信任尚书仆射","1","1","2"
"任尚书仆射王","1","1","2"
"说荆州刺史殷","1","1","2"
"德宗兗州刺史","2","0","2"
"宗兗州刺史王","2","0","2"
"兗州刺史王恭","2","0","2"
"广二州诸军事","1","1","2"
"豫州刺史庾楷","1","1","2"
"州刺史庾楷共","1","1","2"
"刺史殷仲堪等","1","1","2"
"史殷仲堪等率","1","1","2"
"殷仲堪等率军","1","1","2"
"征虏将军司马","1","1","2"
"虏将军司马元","1","1","2"
"军司马元显一","1","1","2"
"司马元显一军","1","1","2"
"玄都督荆州四","1","1","2"
"都督荆州四郡","1","1","2"
"梁州刺史郭铨","1","1","2"
"仲堪遣龙骧将","2","0","2"
"堪遣龙骧将军","2","0","2"
"龙骧将军殷迈","1","1","2"
"振威将军刘山","1","1","2"
"威将军刘山民","1","1","2"
"将军刘山民等","1","1","2"
"参军罗企生等","1","1","2"
"光禄大夫武陵","1","1","2"
"禄大夫武陵王","1","1","2"
"大夫武陵王司","1","1","2"
"夫武陵王司马","1","1","2"
"武陵王司马遵","1","1","2"
"陵王司马遵授","1","1","2"
"顿丘太守吴甫","1","1","2"
"右卫将军皇甫","1","1","2"
"卫将军皇甫敷","1","1","2"
"西中郎将桓石","1","1","2"
"中郎将桓石康","1","1","2"
"冠军将军刘毅","1","1","2"
"梁州刺史桓希","1","1","2"
"德宗入南郡府","2","0","2"
"益州参军费恬","1","1","2"
"益州督护冯迁","1","1","2"
"州督护冯迁抽","1","1","2"
"江豫二州刺史","1","1","2"
"名犯显祖庙讳","2","0","2"
"平二州东夷诸","1","1","2"
"二州东夷诸军","1","1","2"
"州东夷诸军事","1","1","2"
"文通遣将封羽","2","0","2"
"王健督诸军救","2","0","2"
"文通遣尚书高","2","0","2"
"通遣尚书高颙","2","0","2"
"散骑常侍刘训","1","1","2"
"男女五万余口","1","1","2"
"外散骑侍郎李","1","1","2"
"散骑侍郎李敖","1","1","2"
"辽东南一千余","1","1","2"
"东南一千余里","1","1","2"
"时冯文通率众","1","1","2"
"称文通俱奉王","2","0","2"
"文通俱奉王化","2","0","2"
"假散骑常侍程","1","1","2"
"散骑常侍程骏","1","1","2"
"谒者仆射李安","1","1","2"
"者仆射李安上","1","1","2"
"策赠车骑大将","2","0","2"
"灵太后举哀东","2","0","2"
"太后举哀东堂","2","0","2"
"遣乙力支奉使","1","1","2"
"乙力支奉使大","1","1","2"
"王俭卫军府户","1","1","2"
"俭卫军府户曹","1","1","2"
"卫军府户曹属","1","1","2"
"武卫将军宇文","1","1","2"
"卫将军宇文福","1","1","2"
"梓潼二郡太守","1","1","2"
"潼二郡太守刘","1","1","2"
"二郡太守刘山","1","1","2"
"郡太守刘山阳","1","1","2"
"戍主党法宗袭","2","0","2"
"擒龙骧将军邾","2","0","2"
"宁朔将军吴道","1","1","2"
"朔将军吴道爽","1","1","2"
"州长史潘伯怜","1","1","2"
"长史潘伯怜屯","1","1","2"
"史潘伯怜屯军","1","1","2"
"潘伯怜屯军淮","1","1","2"
"伯怜屯军淮陵","1","1","2"
"将姜庆真袭陷","2","0","2"
"姜庆真袭陷寿","2","0","2"
"庆真袭陷寿春","2","0","2"
"真袭陷寿春外","2","0","2"
"袭陷寿春外郭","2","0","2"
"赵景悦等十将","2","0","2"
"元英破衍将王","2","0","2"
"英破衍将王僧","2","0","2"
"破衍将王僧炳","2","0","2"
"衍将王僧炳樊","2","0","2"
"将王僧炳樊城","2","0","2"
"破衍将马仙琕","2","0","2"
"蔡灵恩等十余","2","0","2"
"灵恩等十余将","2","0","2"
"衍霍州刺史田","2","0","2"
"州刺史张宗遣","2","0","2"
"刺史张宗遣使","2","0","2"
"史张宗遣使内","2","0","2"
"张宗遣使内附","2","0","2"
"衍梁秦二州行","2","0","2"
"梁秦二州行事","2","0","2"
"侯道迁汉中内","2","0","2"
"道迁汉中内附","2","0","2"
"诏尚书邢峦率","2","0","2"
"军范始男送京","2","0","2"
"范始男送京师","2","0","2"
"峦遣统军王足","2","0","2"
"将军冯文豪等","1","1","2"
"斩秦梁二州刺","2","0","2"
"秦梁二州刺史","2","0","2"
"王明达等三十","1","1","2"
"俘虏二千五百","1","1","2"
"虏二千五百人","1","1","2"
"州刺史元嵩击","2","0","2"
"刺史元嵩击破","2","0","2"
"刺史王茂先寇","2","0","2"
"史王茂先寇荆","2","0","2"
"王茂先寇荆州","2","0","2"
"衍徐州刺史王","2","0","2"
"刺史王伯敖入","1","1","2"
"史王伯敖入寇","1","1","2"
"王伯敖入寇阴","1","1","2"
"伯敖入寇阴陵","1","1","2"
"斩将二十五人","2","0","2"
"将军矫道仪屯","1","1","2"
"斩大将蓝怀恭","2","0","2"
"将蓝怀恭等三","1","1","2"
"蓝怀恭等三十","1","1","2"
"怀恭等三十余","1","1","2"
"恭等三十余人","1","1","2"
"州刺史昌义等","2","0","2"
"马头戍主朱思","1","1","2"
"头戍主朱思远","1","1","2"
"征虏将军马仙","1","1","2"
"衍遣将齐苟仁","2","0","2"
"遣将齐苟仁等","2","0","2"
"将齐苟仁等四","2","0","2"
"齐苟仁等四将","2","0","2"
"苟仁等四将助","2","0","2"
"宁朔将军张凝","1","1","2"
"朔将军张凝等","1","1","2"
"衍将马仙琕金","2","0","2"
"将马仙琕金山","2","0","2"
"州刺史娄悦击","2","0","2"
"刺史娄悦击走","2","0","2"
"擒衍云骑将军","2","0","2"
"开国伯徐元秀","1","1","2"
"国伯徐元秀等","1","1","2"
"伯徐元秀等二","1","1","2"
"徐元秀等二十","1","1","2"
"元秀等二十六","1","1","2"
"进攻黄岘西关","1","1","2"
"马仙琕弃西关","2","0","2"
"李元履弃黄岘","2","0","2"
"元履弃黄岘遁","2","0","2"
"履弃黄岘遁走","2","0","2"
"衍琅邪郡民王","2","0","2"
"琅邪郡民王万","2","0","2"
"邪郡民王万寿","2","0","2"
"郡民王万寿等","2","0","2"
"琅邪东莞二郡","2","0","2"
"邪东莞二郡太","2","0","2"
"山戍主刘晣将","2","0","2"
"戍主刘晣将士","2","0","2"
"主刘晣将士四","2","0","2"
"刘晣将士四十","2","0","2"
"晣将士四十余","2","0","2"
"州刺史卢昶遣","2","0","2"
"遣郯城戍副张","2","0","2"
"郯城戍副张天","2","0","2"
"城戍副张天惠","2","0","2"
"戍副张天惠率","2","0","2"
"衍郁洲遣二军","2","0","2"
"郁洲遣二军拒","2","0","2"
"洲遣二军拒天","2","0","2"
"遣二军拒天惠","2","0","2"
"天惠万寿等内","2","0","2"
"惠万寿等内外","2","0","2"
"万寿等内外齐","2","0","2"
"寿等内外齐击","2","0","2"
"遣琅邪戍主傅","2","0","2"
"戍主傅文骥入","1","1","2"
"主傅文骥入城","1","1","2"
"延昌二年二月","1","1","2"
"斩送衍镇北将","2","0","2"
"送衍镇北将军","2","0","2"
"刺史桓叔兴大","2","0","2"
"史桓叔兴大破","2","0","2"
"虎旅将军蔡令","1","1","2"
"旅将军蔡令孙","1","1","2"
"史任太洪率众","2","0","2"
"任太洪率众寇","2","0","2"
"太洪率众寇关","2","0","2"
"洪率众寇关城","2","0","2"
"长史成兴孙击","2","0","2"
"史成兴孙击破","2","0","2"
"农太守王定世","1","1","2"
"太守王定世等","1","1","2"
"刺史赵祖悦率","1","1","2"
"镇军将军李平","1","1","2"
"州刺史张齐寇","2","0","2"
"刺史张齐寇益","2","0","2"
"史张齐寇益州","2","0","2"
"居民村落十余","1","1","2"
"民村落十余万","1","1","2"
"村落十余万口","2","0","2"
"虞鸿袭寿春外","2","0","2"
"史长孙稚击走","2","0","2"
"孝昌元年正月","1","1","2"
"守姜平洛等入","2","0","2"
"姜平洛等入寇","2","0","2"
"平洛等入寇直","2","0","2"
"洛等入寇直城","2","0","2"
"刺史傅竖眼遣","2","0","2"
"史傅竖眼遣息","2","0","2"
"傅竖眼遣息敬","2","0","2"
"竖眼遣息敬绍","2","0","2"
"眼遣息敬绍率","2","0","2"
"遣息敬绍率众","2","0","2"
"衍益州刺史萧","2","0","2"
"等率众围小剑","2","0","2"
"率众围小剑戍","2","0","2"
"州刺史邴虬遣","2","0","2"
"刺史邴虬遣子","2","0","2"
"史邴虬遣子子","2","0","2"
"邴虬遣子子达","2","0","2"
"魏子建遣将淳","2","0","2"
"子建遣将淳诞","2","0","2"
"建遣将淳诞拒","2","0","2"
"遣将淳诞拒击","2","0","2"
"湛僧珍等寇寿","2","0","2"
"僧珍等寇寿春","2","0","2"
"诏都督魏承祖","2","0","2"
"行台崔孝芬率","1","1","2"
"遣将曹义宗寇","2","0","2"
"将曹义宗寇荆","2","0","2"
"曹义宗寇荆州","2","0","2"
"刺史严始欣州","2","0","2"
"都督元景夏率","1","1","2"
"督元景夏率益","1","1","2"
"元景夏率益梁","1","1","2"
"景夏率益梁二","1","1","2"
"夏率益梁二州","1","1","2"
"刺史茹怀朗遣","2","0","2"
"何宝率步骑三","2","0","2"
"宝率步骑三千","2","0","2"
"率步骑三千击","2","0","2"
"二州刺史沈预","1","1","2"
"齐州刺史刘相","1","1","2"
"鄴王元树谯州","2","0","2"
"王元树谯州刺","2","0","2"
"元树谯州刺史","2","0","2"
"树谯州刺史朱","2","0","2"
"东南道行台樊","1","1","2"
"南道行台樊子","1","1","2"
"道行台樊子鹄","1","1","2"
"行台樊子鹄率","1","1","2"
"天平元年十月","1","1","2"
"雄信将军纪耕","1","1","2"
"信将军纪耕率","1","1","2"
"将军纪耕率众","1","1","2"
"军纪耕率众入","1","1","2"
"纪耕率众入寇","1","1","2"
"衍司州刺史陈","2","0","2"
"郢州刺史田朴","1","1","2"
"州刺史田朴特","1","1","2"
"刺史田朴特等","1","1","2"
"刺史尧雄击走","2","0","2"
"仁州刺史黄道","1","1","2"
"州刺史黄道始","1","1","2"
"徐州刺史任祥","1","1","2"
"雍州刺史萧恭","1","1","2"
"将柳仲礼寇荆","2","0","2"
"柳仲礼寇荆州","2","0","2"
"北平太守苟元","1","1","2"
"平太守苟元旷","1","1","2"
"南青州刺史陆","1","1","2"
"青州刺史陆景","1","1","2"
"州刺史陆景元","1","1","2"
"衍遣散骑常侍","2","0","2"
"散骑常侍张皋","1","1","2"
"通直常侍刘孝","1","1","2"
"直常侍刘孝仪","1","1","2"
"通直常侍崔晓","1","1","2"
"散骑常侍沈山","1","1","2"
"骑常侍沈山卿","1","1","2"
"通直常侍刘研","1","1","2"
"散骑常侍萧确","1","1","2"
"通直常侍陆缅","1","1","2"
"直常侍陆缅朝","1","1","2"
"常侍陆缅朝贡","1","1","2"
"通直常侍贺德","1","1","2"
"州刺史胡贵孙","1","1","2"
"刺史胡贵孙等","1","1","2"
"通直常侍徐陵","1","1","2"
"衍弟子临贺王","2","0","2"
"弟子临贺王正","2","0","2"
"臣下奏表上书","1","1","2"
"仆射王国宝轻","1","1","2"
"射王国宝轻薄","1","1","2"
"荆州刺史王悦","1","1","2"
"司徒左长史王","1","1","2"
"西中郎将庾楷","1","1","2"
"广州刺史桓玄","1","1","2"
"新安太守孙泰","1","1","2"
"会稽内史王凝","1","1","2"
"吴国内史桓谦","1","1","2"
"吴兴太守谢邈","1","1","2"
"骠骑长史王平","1","1","2"
"吴兴四万余户","1","1","2"
"召豫州刺史司","1","1","2"
"南康平固县王","1","1","2"
"城内史刘裕杀","1","1","2"
"新安王桓谦苦","1","1","2"
"广州刺史吴隐","1","1","2"
"裕令抚军刘毅","1","1","2"
"广武将军玄文","1","1","2"
"凉州诸军讨吐","2","0","2"
"州诸军讨吐谷","2","0","2"
"军讨吐谷浑慕","2","0","2"
"令立南安王余","1","1","2"
"司马段太阳讨","1","1","2"
"授中军大将军","1","1","2"
"兄安丰王延明","1","1","2"
"萧衍遣将围逼","2","0","2"
"舍人陈建孙迎","1","1","2"
"人陈建孙迎接","1","1","2"
"中书侍郎邢子","1","1","2"
"书侍郎邢子才","1","1","2"
"累迁沧州刺史","2","0","2"
"绢二十四万匹","1","1","2"
"王公第一品娶","1","1","2"
"公第一品娶八","1","1","2"
"牛羊三万六千","1","1","2"
"羊三万六千头","1","1","2"
"令中郎将段彬","1","1","2"
"东西部敕勒叛","1","1","2"
"遣黄门郎杨昱","1","1","2"
"令左卫将军杨","1","1","2"
"左卫将军杨津","1","1","2"
"卫将军杨津代","1","1","2"
"时中山太守赵","1","1","2"
"中山太守赵叔","1","1","2"
"山太守赵叔隆","1","1","2"
"骠骑长史祖莹","1","1","2"
"朔州人毛普贤","1","1","2"
"录事参军元晏","1","1","2"
"时齐献武王作","1","1","2"
"尚书郎中宋游","1","1","2"
"书郎中宋游道","1","1","2"
"中常侍宗爱矫","2","0","2"
"常侍宗爱矫皇","2","0","2"
"柔玄镇都将李","1","1","2"
"玄镇都将李兜","1","1","2"
"强弓大箭望楼","1","1","2"
"弓大箭望楼射","1","1","2"
"大箭望楼射窗","1","1","2"
"时刺史孟表频","1","1","2"
"封安武县开国","1","1","2"
"安武县开国男","1","1","2"
"康生武卫将军","1","1","2"
"西门豹祠祈雨","1","1","2"
"难娶左卫将军","1","1","2"
"娶左卫将军侯","1","1","2"
"左卫将军侯刚","1","1","2"
"卫将军侯刚女","1","1","2"
"正光二年三月","1","1","2"
"尝食典御奚混","1","1","2"
"叔业寿春内附","2","0","2"
"安成县开国子","1","1","2"
"刺史王茂先率","1","1","2"
"宛州刺史雷豹","1","1","2"
"州刺史雷豹狼","1","1","2"
"军主曹仲宗等","1","1","2"
"衍辅国将军王","1","1","2"
"龙骧将军申天","1","1","2"
"骧将军申天化","1","1","2"
"大眼平东将军","1","1","2"
"试守中山内史","1","1","2"
"萧衍遣将康绚","2","0","2"
"衍遣将康绚浮","2","0","2"
"遣将康绚浮山","2","0","2"
"本将军荆州刺","2","0","2"
"将军荆州刺史","2","0","2"
"彭城陷入江南","1","1","2"
"萧衍遣左游击","2","0","2"
"衍遣左游击将","2","0","2"
"遣左游击将军","2","0","2"
"将军赵祖悦率","1","1","2"
"卿等志尚雄猛","1","1","2"
"莫折念生兄天","1","1","2"
"折念生兄天生","1","1","2"
"天生下陇东寇","2","0","2"
"征西将军元志","1","1","2"
"水东寻原西北","1","1","2"
"延伯申令将士","1","1","2"
"泾州西北七十","1","1","2"
"州西北七十里","1","1","2"
"泾州缘原北上","1","1","2"
"诸军前后受敌","1","1","2"
"延伯修缮器械","1","1","2"
"抚军府中兵参","1","1","2"
"军府中兵参军","1","1","2"
"萧赜遣散骑常","2","0","2"
"赜遣散骑常侍","2","0","2"
"散骑常侍裴昭","1","1","2"
"骑常侍裴昭明","1","1","2"
"散骑侍郎谢竣","1","1","2"
"骑侍郎谢竣等","1","1","2"
"散骑常侍庾荜","1","1","2"
"散骑侍郎何宪","1","1","2"
"侍御史张思宁","1","1","2"
"思宁驰马奏闻","1","1","2"
"陛下俯应人神","1","1","2"
"左右二都水事","1","1","2"
"黄门崔光所知","1","1","2"
"郢州龙骧府长","1","1","2"
"州龙骧府长史","1","1","2"
"西道六州营田","1","1","2"
"道六州营田大","1","1","2"
"六州营田大使","1","1","2"
"豫州城人白早","1","1","2"
"州城人白早生","1","1","2"
"军将军吕僧珍","1","1","2"
"舍人周舍慰劳","1","1","2"
"传诏周灵秀送","1","1","2"
"萧衍将军曹义","1","1","2"
"衍将军曹义宗","1","1","2"
"新蔡县开国男","1","1","2"
"真定公元子直","1","1","2"
"定公元子直国","1","1","2"
"公元子直国中","1","1","2"
"元子直国中尉","1","1","2"
"豫章王萧综体","1","1","2"
"殿中侍御史监","1","1","2"
"中侍御史监军","1","1","2"
"侍御史监军鹿","1","1","2"
"东清河人房须","1","1","2"
"清河人房须反","1","1","2"
"行台樊子鹄讨","1","1","2"
"朱仲远陷西兗","2","0","2"
"都督贺拔胜等","1","1","2"
"扬州车骑府录","1","1","2"
"州车骑府录事","1","1","2"
"车骑府录事参","1","1","2"
"骑府录事参军","1","1","2"
"寻加抚军将军","2","0","2"
"马渚西夜渡数","1","1","2"
"渚西夜渡数百","1","1","2"
"西夜渡数百骑","1","1","2"
"兆天柱大将军","2","0","2"
"世隆请前废帝","1","1","2"
"诏加散骑常侍","1","1","2"
"前华阳太守段","1","1","2"
"华阳太守段育","1","1","2"
"阳太守段育慰","1","1","2"
"建州刺史陆希","1","1","2"
"州刺史陆希质","1","1","2"
"刺史陆希质闭","1","1","2"
"史陆希质闭城","1","1","2"
"尚书郎宋游道","1","1","2"
"济五州诸军事","1","1","2"
"齐献武王义兵","2","0","2"
"外兵参军阳叔","1","1","2"
"兵参军阳叔渊","1","1","2"
"参军阳叔渊单","1","1","2"
"军阳叔渊单骑","1","1","2"
"阳叔渊单骑驰","1","1","2"
"叔渊单骑驰赴","1","1","2"
"渊单骑驰赴北","1","1","2"
"单骑驰赴北中","1","1","2"
"令行台长孙稚","1","1","2"
"尚书都令史谢","1","1","2"
"书都令史谢远","1","1","2"
"时都官郎穆子","1","1","2"
"都官郎穆子容","1","1","2"
"官郎穆子容穷","1","1","2"
"郎穆子容穷究","1","1","2"
"总统肆州兵马","1","1","2"
"北秀容第一酋","1","1","2"
"秀容第一酋长","1","1","2"
"军元天穆东征","1","1","2"
"元天穆东征邢","1","1","2"
"天穆东征邢杲","1","1","2"
"改封广宗郡公","1","1","2"
"武卫将军贺拔","1","1","2"
"卫将军贺拔岳","1","1","2"
"诏侍中杨侃先","1","1","2"
"侍中杨侃先行","1","1","2"
"天光令贺拔岳","1","1","2"
"光令贺拔岳率","1","1","2"
"丑奴行台尉迟","1","1","2"
"奴行台尉迟菩","1","1","2"
"台尉迟菩萨相","1","1","2"
"尉迟菩萨相遇","1","1","2"
"分遣诸军散营","1","1","2"
"遣诸军散营农","1","1","2"
"诸军散营农稼","1","1","2"
"行台万俟道洛","1","1","2"
"台万俟道洛率","1","1","2"
"万俟道洛率众","1","1","2"
"俟道洛率众六","1","1","2"
"道洛率众六千","1","1","2"
"洛率众六千人","1","1","2"
"都督长孙邪利","1","1","2"
"督长孙邪利率","1","1","2"
"略阳贼帅王庆","1","1","2"
"阳贼帅王庆云","1","1","2"
"军人多作木枪","1","1","2"
"谋杀刺史骆超","1","1","2"
"南秦滑城人谋","1","1","2"
"秦滑城人谋害","1","1","2"
"滑城人谋害刺","1","1","2"
"城人谋害刺史","1","1","2"
"人谋害刺史辛","1","1","2"
"谋害刺史辛琛","1","1","2"
"害刺史辛琛显","1","1","2"
"帅夏州人宿勤","1","1","2"
"夏州人宿勤明","1","1","2"
"州人宿勤明达","1","1","2"
"降人叱干麒麟","1","1","2"
"帅纥豆陵伊利","2","0","2"
"上召文武百司","1","1","2"
"时黄门侍郎崔","1","1","2"
"黄门侍郎崔悛","1","1","2"
"门侍郎崔悛作","1","1","2"
"侍郎崔悛作色","1","1","2"
"齐献武王深思","1","1","2"
"献武王深思俊","1","1","2"
"武王深思俊言","1","1","2"
"仆射贾显度相","1","1","2"
"射贾显度相逢","1","1","2"
"身长八尺五寸","1","1","2"
"师事县人王惠","1","1","2"
"牧守子孙投状","1","1","2"
"守子孙投状求","1","1","2"
"令仆射元钦引","1","1","2"
"尚书二千石郎","1","1","2"
"屯田郎李延孝","1","1","2"
"三公郎王延业","1","1","2"
"国史典书高法","1","1","2"
"史典书高法显","1","1","2"
"遂封东阿县伯","1","1","2"
"伟等谄说上党","1","1","2"
"等谄说上党王","1","1","2"
"世祖敬哀皇后","1","1","2"
"隶都督李崇北","2","0","2"
"都督李崇北征","1","1","2"
"安平县开国侯","1","1","2"
"寻加通直散骑","2","0","2"
"敕勒斛律洛阳","2","0","2"
"刺史尉庆宾畏","1","1","2"
"云六州诸军事","1","1","2"
"三千东援相州","1","1","2"
"进位仪同三司","1","1","2"
"月二十五日圣","1","1","2"
"二十五日圣体","1","1","2"
"阳王禧等六王","1","1","2"
"王禧等六王子","1","1","2"
"禧等六王子孙","1","1","2"
"等六王子孙像","1","1","2"
"弟始平王子正","1","1","2"
"武泰元年四月","1","1","2"
"泰元年四月九","1","1","2"
"元年四月九日","1","1","2"
"武卫将军费穆","1","1","2"
"时幽州人刘灵","1","1","2"
"幽州人刘灵助","1","1","2"
"荣外兵参军司","1","1","2"
"外兵参军司马","1","1","2"
"兵参军司马子","1","1","2"
"洛阳河阴执事","1","1","2"
"大将军元穆先","1","1","2"
"将军元穆先平","1","1","2"
"军元穆先平齐","1","1","2"
"元穆先平齐地","1","1","2"
"颢都督宗正珍","1","1","2"
"河内太守元袭","1","1","2"
"内太守元袭固","1","1","2"
"太守元袭固守","1","1","2"
"葛荣枝党韩娄","1","1","2"
"骑兵参军刘贵","1","1","2"
"定州曲阳县令","1","1","2"
"荣妻北乡郡长","1","1","2"
"妻北乡郡长公","1","1","2"
"北乡郡长公主","1","1","2"
"光禄少卿鲁安","1","1","2"
"都督河北诸军","1","1","2"
"督河北诸军事","1","1","2"
"安平献王故事","2","0","2"
"配享高祖庙庭","1","1","2"
"超授散骑常侍","2","0","2"
"封平昌郡开国","1","1","2"
"封昌乐郡开国","1","1","2"
"昌乐郡开国公","1","1","2"
"前东郡太守任","1","1","2"
"郑俨手运天机","1","1","2"
"广平王郎中令","1","1","2"
"京兆王愉法曹","2","0","2"
"愉法曹行参军","1","1","2"
"顺阳公主家奴","1","1","2"
"大将军谘议参","1","1","2"
"将军谘议参军","1","1","2"
"汝南乡郡二郡","1","1","2"
"南乡郡二郡太","1","1","2"
"乡郡二郡太守","1","1","2"
"廷尉少卿袁翻","1","1","2"
"受辞下检反覆","1","1","2"
"州安东府主簿","1","1","2"
"秘书丞同郡李","1","1","2"
"书丞同郡李伯","1","1","2"
"丞同郡李伯尚","1","1","2"
"太尉骑兵参军","1","1","2"
"尚书令李崇北","1","1","2"
"书令李崇北伐","1","1","2"
"萧衍遣将曹义","2","0","2"
"太守郑仲明左","1","1","2"
"守郑仲明左右","1","1","2"
"大王忠贞王室","1","1","2"
"命前侍中司马","1","1","2"
"前侍中司马子","1","1","2"
"行台郎中李广","1","1","2"
"台郎中李广谏","1","1","2"
"二圣远遵尧舜","1","1","2"
"父舅氏沮渠蒙","1","1","2"
"舅氏沮渠蒙逊","1","1","2"
"氏沮渠蒙逊曾","1","1","2"
"铸钱都将长史","1","1","2"
"相州刺史李世","1","1","2"
"州刺史李世哲","1","1","2"
"所著文章百余","1","1","2"
"著文章百余篇","1","1","2"
"冀州仪同府中","1","1","2"
"州仪同府中兵","1","1","2"
"仪同府中兵参","1","1","2"
"同府中兵参军","1","1","2"
"人生厉心立行","1","1","2"
"史中尉元匡高","1","1","2"
"中尉元匡高选","1","1","2"
"尉元匡高选御","1","1","2"
"元匡高选御史","1","1","2"
"太尉铠曹参军","1","1","2"
"中书舍人温子","1","1","2"
"书舍人温子升","1","1","2"
"安喜县开国公","1","1","2"
"所谓养虺成蛇","1","1","2"
"宋世良等四十","1","1","2"
"世良等四十人","1","1","2"
"寿阳公主行犯","1","1","2"
"臣闻舜命皋陶","1","1","2"
"所谓礼乐互兴","1","1","2"
"道穆受诏督战","1","1","2"
"改封北海郡开","1","1","2"
"封北海郡开国","1","1","2"
"属沧州乐陵郡","1","1","2"
"转沧州大中正","1","1","2"
"朱天光拥众关","1","1","2"
"天光拥众关右","1","1","2"
"都督斛斯椿先","1","1","2"
"进骠骑大将军","1","1","2"
"都督恆云燕朔","2","0","2"
"恆云燕朔四州","2","0","2"
"朔四州诸军事","1","1","2"
"定五州诸军事","1","1","2"
"都督府铠曹参","1","1","2"
"督府铠曹参军","1","1","2"
"阳曲县开国公","1","1","2"
"平北将军司马","1","1","2"
"朱荣大将军府","1","1","2"
"荣大将军府司","1","1","2"
"大将军府司马","1","1","2"
"封灵丘郡开国","1","1","2"
"灵丘郡开国公","1","1","2"
"大行台前驱都","1","1","2"
"行台前驱都督","1","1","2"
"京畿北面大都","1","1","2"
"畿北面大都督","1","1","2"
"改封城阳郡开","1","1","2"
"封城阳郡开国","1","1","2"
"城阳郡开国公","1","1","2"
"弟豫州刺史元","1","1","2"
"豫州刺史元寿","1","1","2"
"令相州刺史窦","1","1","2"
"相州刺史窦泰","1","1","2"
"防守薄骨律镇","1","1","2"
"本将军除广州","1","1","2"
"将军除广州刺","1","1","2"
"军除广州刺史","1","1","2"
"本官行徐州刺","1","1","2"
"官行徐州刺史","1","1","2"
"都督府仓曹参","1","1","2"
"督府仓曹参军","1","1","2"
"子鹄应对称旨","1","1","2"
"都督河东正平","1","1","2"
"督河东正平军","1","1","2"
"河东正平军事","1","1","2"
"刺史崔元珍闭","1","1","2"
"史崔元珍闭门","1","1","2"
"崔元珍闭门拒","1","1","2"
"元珍闭门拒守","1","1","2"
"降蜀陈双炽等","1","1","2"
"西荆州大中正","1","1","2"
"进封南阳郡开","1","1","2"
"封南阳郡开国","1","1","2"
"南阳郡开国公","1","1","2"
"兆征子鹄赴洛","1","1","2"
"衍谯州刺史朱","1","1","2"
"青州人耿翔聚","1","1","2"
"州人耿翔聚众","1","1","2"
"太山太守彭穆","1","1","2"
"仪同三司娄昭","1","1","2"
"同三司娄昭等","1","1","2"
"子鹄先使前胶","1","1","2"
"鹄先使前胶州","1","1","2"
"先使前胶州刺","1","1","2"
"使前胶州刺史","1","1","2"
"前胶州刺史严","1","1","2"
"胶州刺史严思","1","1","2"
"刺史严思达镇","1","1","2"
"散骑常侍陆琛","1","1","2"
"黄门郎张景征","1","1","2"
"沃野人破落汗","1","1","2"
"野人破落汗拔","1","1","2"
"州刺史广阳王","1","1","2"
"易阳县开国伯","1","1","2"
"大都督陈思保","1","1","2"
"本官假骠骑大","1","1","2"
"官假骠骑大将","1","1","2"
"都督三荆二郢","1","1","2"
"南雍七州诸军","1","1","2"
"雍七州诸军事","1","1","2"
"攻萧衍下迮戍","1","1","2"
"人诱动蛮王问","1","1","2"
"诱动蛮王问道","1","1","2"
"动蛮王问道期","1","1","2"
"雍州刺史萧续","1","1","2"
"都督高敖曹讨","1","1","2"
"都督府长流参","1","1","2"
"督府长流参军","1","1","2"
"都督陇右诸军","1","1","2"
"督陇右诸军事","1","1","2"
"永熙三年正月","1","1","2"
"夏州刺史宇文","1","1","2"
"州刺史宇文黑","1","1","2"
"刺史宇文黑獭","1","1","2"
"南秦州刺史李","1","1","2"
"秦州刺史李景","1","1","2"
"中兵参军豆卢","1","1","2"
"兵参军豆卢光","1","1","2"
"渊随杜洛周南","1","1","2"
"封厌次县开国","1","1","2"
"厌次县开国子","1","1","2"
"侯渊临机设变","1","1","2"
"虏卒五千余人","2","0","2"
"范阳太守卢文","1","1","2"
"阳太守卢文伟","1","1","2"
"太守卢文伟诱","1","1","2"
"行台仆射魏兰","1","1","2"
"台仆射魏兰根","1","1","2"
"常山太守甄楷","1","1","2"
"山太守甄楷屯","1","1","2"
"刺史刘灵助举","1","1","2"
"史刘灵助举义","1","1","2"
"刘灵助举义兵","1","1","2"
"青州刺史东莱","1","1","2"
"州刺史东莱王","1","1","2"
"东莱王贵平密","1","1","2"
"莱王贵平密信","1","1","2"
"长子率众攻高","1","1","2"
"子率众攻高阳","1","1","2"
"前胶州刺史贾","1","1","2"
"胶州刺史贾璐","1","1","2"
"彭城王功曹史","1","1","2"
"太子步兵校尉","1","1","2"
"陈显达治兵汉","1","1","2"
"显达治兵汉南","1","1","2"
"时顺阳太守王","1","1","2"
"顺阳太守王青","1","1","2"
"阳太守王青石","1","1","2"
"太子步兵张烈","1","1","2"
"将崔慧景攻围","2","0","2"
"清河县开国子","1","1","2"
"改授安北将军","1","1","2"
"鹿回部大人窦","1","1","2"
"回部大人窦宾","1","1","2"
"所部北居长川","1","1","2"
"征北将军卫瓘","2","0","2"
"居代郡参合陂","1","1","2"
"晋成都王司马","1","1","2"
"晋马牧帅汲桑","1","1","2"
"刘琨遣使乞师","2","0","2"
"晋太傅东海王","1","1","2"
"太傅东海王司","1","1","2"
"傅东海王司马","1","1","2"
"东海王司马越","1","1","2"
"晋雍州刺史贾","1","1","2"
"雍州刺史贾疋","1","1","2"
"京兆太守阎鼎","1","1","2"
"匈奴杂胡万余","1","1","2"
"奴杂胡万余家","1","1","2"
"凉州刺史张茂","1","1","2"
"故城东南十里","1","1","2"
"必迎立什翼犍","1","1","2"
"议欲定都氵垒","1","1","2"
"皇后慕容氏崩","2","0","2"
"容元真遣使朝","2","0","2"
"元真遣使朝贡","2","0","2"
"大人长孙秩迎","1","1","2"
"二十年夏五月","1","1","2"
"悉勿祈兄弟十","1","1","2"
"勿祈兄弟十二","1","1","2"
"祈兄弟十二人","1","1","2"
"二十三年夏六","1","1","2"
"十三年夏六月","1","1","2"
"二十六年冬十","1","1","2"
"十六年冬十月","1","1","2"
"牛羊百余万头","1","1","2"
"二十九年夏五","1","1","2"
"十九年夏五月","1","1","2"
"遣燕凤使苻坚","2","0","2"
"三十年冬十月","1","1","2"
"牛羊数十万头","2","0","2"
"三十二年正月","1","1","2"
"三十三年冬十","1","1","2"
"十三年冬十一","1","1","2"
"三年冬十一月","1","1","2"
"太子献明皇帝","1","1","2"
"三十六年夏五","1","1","2"
"十六年夏五月","1","1","2"
"大司马苻洛率","1","1","2"
"人许谦盗绢二","1","1","2"
"许谦盗绢二匹","1","1","2"
"改元延兴元年","1","1","2"
"斩首三万余级","2","0","2"
"复前濮阳王孔","1","1","2"
"前濮阳王孔雀","1","1","2"
"驸马都尉万安","1","1","2"
"马都尉万安国","1","1","2"
"河间王闾虎皮","1","1","2"
"代郡事同丰沛","1","1","2"
"三年春正月庚","2","0","2"
"年春正月庚辰","2","0","2"
"外散骑常侍崔","1","1","2"
"散骑常侍崔演","1","1","2"
"党王长孙观等","1","1","2"
"讨吐谷浑拾寅","1","1","2"
"孔子二十八世","1","1","2"
"子二十八世孙","1","1","2"
"二十八世孙鲁","1","1","2"
"十八世孙鲁郡","1","1","2"
"淮阳公尉元击","1","1","2"
"太上皇帝南巡","2","0","2"
"所过问民疾苦","2","0","2"
"羌民钟岂渴干","1","1","2"
"民钟岂渴干等","1","1","2"
"钟岂渴干等二","1","1","2"
"岂渴干等二千","1","1","2"
"渴干等二千三","1","1","2"
"干等二千三百","1","1","2"
"等二千三百户","1","1","2"
"武昌王平原捕","1","1","2"
"常侍许赤虎使","2","0","2"
"侍许赤虎使刘","2","0","2"
"许赤虎使刘昱","2","0","2"
"镇将尉多侯大","1","1","2"
"将军元兰等五","1","1","2"
"地豆诸国遣使","2","0","2"
"豆诸国遣使朝","2","0","2"
"西征吐谷浑兵","1","1","2"
"龟兹国遣使朝","2","0","2"
"兹国遣使朝献","2","0","2"
"曲赦京师死罪","2","0","2"
"洛州人贾伯奴","1","1","2"
"豫州人田智度","1","1","2"
"州人田智度聚","1","1","2"
"建昌王长乐改","1","1","2"
"昌王长乐改封","1","1","2"
"承明元年春二","1","1","2"
"明元年春二月","1","1","2"
"安城王万安国","1","1","2"
"杀神部长奚买","1","1","2"
"追尊皇妣李贵","1","1","2"
"尊皇妣李贵人","1","1","2"
"斤国遣使朝贡","2","0","2"
"七宝永安行殿","1","1","2"
"假东阳王元丕","1","1","2"
"东阳王元丕爵","1","1","2"
"武都公尉洛侯","1","1","2"
"复前东郡王陆","1","1","2"
"前东郡王陆定","1","1","2"
"伏罗诸国遣使","2","0","2"
"广川公皮欢喜","1","1","2"
"镇西将军梁丑","1","1","2"
"西将军梁丑奴","1","1","2"
"平西将军杨灵","1","1","2"
"西将军杨灵珍","1","1","2"
"将军杨灵珍等","1","1","2"
"怀州民伊祁苟","2","0","2"
"州民伊祁苟初","2","0","2"
"洛州刺史冯熙","1","1","2"
"散骑常侍李长","1","1","2"
"骑常侍李长仁","1","1","2"
"二年春正月丁","2","0","2"
"吐谷浑遣使朝","2","0","2"
"谷浑遣使朝献","2","0","2"
"河南公梁弥机","1","1","2"
"龟兹国遣使献","2","0","2"
"阴平太守杨广","1","1","2"
"平太守杨广香","1","1","2"
"吉国遣使朝献","2","0","2"
"外散骑常侍郑","1","1","2"
"散骑常侍郑羲","1","1","2"
"乾象六合殿成","2","0","2"
"太原公王睿进","1","1","2"
"假梁郡公元嘉","1","1","2"
"悉万斤诸国遣","2","0","2"
"万斤诸国遣使","2","0","2"
"斤诸国遣使朝","2","0","2"
"岛夷萧道成废","1","1","2"
"陇西公元琛等","1","1","2"
"雍州氐齐男王","1","1","2"
"徐州刺史崔文","1","1","2"
"州刺史崔文仲","1","1","2"
"尚书游明根率","1","1","2"
"神能兴云雨者","2","0","2"
"车骑大将军冯","1","1","2"
"骑大将军冯熙","1","1","2"
"大将军冯熙督","1","1","2"
"顿丘王李钟葵","1","1","2"
"梁州刺史崔慧","1","1","2"
"州刺史崔慧景","1","1","2"
"长史裴叔保率","1","1","2"
"史裴叔保率众","1","1","2"
"关城氐帅杨鼠","1","1","2"
"汝南太守常元","1","1","2"
"南太守常元真","1","1","2"
"龙骧将军胡青","1","1","2"
"骧将军胡青苟","1","1","2"
"将军胡青苟率","1","1","2"
"征南将军桓诞","1","1","2"
"镇南将军贺罗","1","1","2"
"北连太山群盗","1","1","2"
"连太山群盗张","1","1","2"
"淮阳王尉元等","1","1","2"
"年春正月己卯","2","0","2"
"萧道成游击将","1","1","2"
"道成游击将军","1","1","2"
"成游击将军桓","1","1","2"
"游击将军桓康","1","1","2"
"豫州刺史垣崇","1","1","2"
"州刺史垣崇祖","1","1","2"
"兰台御史张求","1","1","2"
"台御史张求等","1","1","2"
"御史张求等一","1","1","2"
"史张求等一百","1","1","2"
"青州主簿崔次","1","1","2"
"昌黎王冯熙世","1","1","2"
"黎王冯熙世子","1","1","2"
"年春正月甲戌","2","0","2"
"白兰王吐谷浑","1","1","2"
"兰王吐谷浑翼","1","1","2"
"王吐谷浑翼世","1","1","2"
"地豆国遣使朝","2","0","2"
"豆国遣使朝贡","2","0","2"
"年春正月庚申","2","0","2"
"武州山石窟佛","1","1","2"
"州山石窟佛寺","1","1","2"
"七十五万一千","1","1","2"
"十五万一千七","1","1","2"
"五万一千七百","1","1","2"
"东西二道大使","1","1","2"
"年春正月戊寅","2","0","2"
"飨群臣太华殿","2","0","2"
"弥机兄子弥承","2","0","2"
"年春正月癸亥","2","0","2"
"南部尚书公孙","1","1","2"
"部尚书公孙文","1","1","2"
"尚书公孙文庆","1","1","2"
"上谷张伏千率","1","1","2"
"十二年春正月","2","0","2"
"豫州刺史元斤","1","1","2"
"州刺史元斤率","1","1","2"
"长乐王穆亮率","1","1","2"
"十三年春正月","2","0","2"
"三年春正月辛","2","0","2"
"淮阳太守王僧","1","1","2"
"阳太守王僧俊","1","1","2"
"夏州刺史章武","1","1","2"
"州刺史章武王","1","1","2"
"平国遣使朝贡","2","0","2"
"外散骑侍郎侯","1","1","2"
"散骑侍郎侯灵","1","1","2"
"骑侍郎侯灵绍","1","1","2"
"外散骑侍郎苏","1","1","2"
"散骑侍郎苏季","1","1","2"
"骑侍郎苏季连","1","1","2"
"安州都将楼龙","1","1","2"
"葬文明太皇太","1","1","2"
"群臣固请公除","2","0","2"
"悉万斤等五国","1","1","2"
"俘获三千余人","1","1","2"
"散骑侍郎蒋少","1","1","2"
"骑侍郎蒋少游","1","1","2"
"散骑常侍宋弁","1","1","2"
"外散骑侍郎房","1","1","2"
"散骑侍郎房亮","1","1","2"
"兴王杨集始朝","2","0","2"
"外散骑侍郎刘","1","1","2"
"散骑侍郎刘承","1","1","2"
"骑侍郎刘承叔","1","1","2"
"部落四千余户","1","1","2"
"一千三百余户","1","1","2"
"山阳郡公尉元","1","1","2"
"散骑常侍高聪","1","1","2"
"外散骑侍郎贾","1","1","2"
"散骑侍郎贾祯","1","1","2"
"将作大匠董爵","1","1","2"
"孤老鳏寡能存","2","0","2"
"外散骑常侍卢","1","1","2"
"散骑常侍卢昶","1","1","2"
"外散骑侍郎王","1","1","2"
"散骑侍郎王清","1","1","2"
"骑侍郎王清石","1","1","2"
"文武应求者具","2","0","2"
"武应求者具名","2","0","2"
"应求者具名闻","2","0","2"
"征南将军薛真","1","1","2"
"南将军薛真度","1","1","2"
"徐州刺史元衍","1","1","2"
"龙阳县开国侯","1","1","2"
"阳县开国侯王","1","1","2"
"县开国侯王朗","1","1","2"
"平南将军王肃","1","1","2"
"宁州刺史董峦","1","1","2"
"文成皇后冯氏","1","1","2"
"引见群臣光极","2","0","2"
"见群臣光极堂","2","0","2"
"广陵王羽征东","2","0","2"
"广州刺史薛法","1","1","2"
"州刺史薛法护","1","1","2"
"右将军元隆大","1","1","2"
"将军元隆大破","1","1","2"
"军元隆大破汾","1","1","2"
"元隆大破汾州","1","1","2"
"州刺史穆泰等","1","1","2"
"散骑常侍刘藻","1","1","2"
"遣使者太牢祀","2","0","2"
"前军将军韩秀","1","1","2"
"军将军韩秀方","1","1","2"
"弋阳太守王副","1","1","2"
"后军将军赵祖","1","1","2"
"军将军赵祖悦","1","1","2"
"将军赵祖悦等","1","1","2"
"军赵祖悦等十","1","1","2"
"赵祖悦等十五","1","1","2"
"二年春正月癸","2","0","2"
"年春正月癸未","2","0","2"
"新野太守刘忌","1","1","2"
"南乡太守席谦","1","1","2"
"南阳太守房伯","1","1","2"
"阳太守房伯玉","1","1","2"
"平北将军崔惠","1","1","2"
"北将军崔惠景","1","1","2"
"鸾遣将裴叔业","2","0","2"
"遣将裴叔业寇","2","0","2"
"将裴叔业寇涡","2","0","2"
"裴叔业寇涡阳","2","0","2"
"限八月中旬集","1","1","2"
"继都督北讨诸","2","0","2"
"显达攻陷马圈","1","1","2"
"达攻陷马圈戍","1","1","2"
"振武将军慕容","1","1","2"
"武将军慕容平","1","1","2"
"将军慕容平城","1","1","2"
"诏镇南大将军","2","0","2"
"天赐六年冬十","1","1","2"
"赐六年冬十月","1","1","2"
"山阳侯奚斤巡","1","1","2"
"高凉王乐真改","1","1","2"
"凉王乐真改封","1","1","2"
"王乐真改封平","1","1","2"
"乐真改封平阳","1","1","2"
"真改封平阳王","1","1","2"
"刺史元六头讨","1","1","2"
"章武民刘牙聚","2","0","2"
"山阳侯奚斤讨","1","1","2"
"太祖宣武皇帝","1","1","2"
"年春二月戊戌","1","1","2"
"诏北新侯安同","2","0","2"
"定二州诸山居","2","0","2"
"二州诸山居杂","2","0","2"
"州诸山居杂胡","2","0","2"
"河东蜀民黄思","1","1","2"
"黎王慕容伯兒","2","0","2"
"束州侯尉古真","1","1","2"
"州侯尉古真统","1","1","2"
"赐南平公长孙","1","1","2"
"冬十一月乙丑","1","1","2"
"遣元城侯元屈","1","1","2"
"等率众三千镇","2","0","2"
"越勤倍泥部落","1","1","2"
"三城护军张昌","1","1","2"
"城护军张昌等","1","1","2"
"山太守刘研弟","1","1","2"
"东平太守阳平","1","1","2"
"平昌太守罗卓","1","1","2"
"冬十一月壬午","1","1","2"
"河内人司马顺","1","1","2"
"内人司马顺宰","1","1","2"
"琅邪太守刘朗","1","1","2"
"河西胡刘云等","1","1","2"
"军公孙表等五","1","1","2"
"民二千余家内","2","0","2"
"马德宗遣使朝","2","0","2"
"泰常元年春正","1","1","2"
"常元年春正月","1","1","2"
"部将王仲德前","2","0","2"
"将王仲德前锋","2","0","2"
"仲德遂入滑台","2","0","2"
"骑将军延普渡","1","1","2"
"二年春二月丙","1","1","2"
"谯王司马文思","1","1","2"
"诏司徒长孙嵩","2","0","2"
"司徒长孙嵩率","1","1","2"
"榆山丁零翟蜀","1","1","2"
"山丁零翟蜀率","1","1","2"
"余家相率内属","2","0","2"
"匈奴镇将姚成","1","1","2"
"奴镇将姚成都","1","1","2"
"年春正月丁酉","1","1","2"
"护高车中郎将","1","1","2"
"高车中郎将薛","1","1","2"
"车中郎将薛繁","1","1","2"
"中郎将薛繁率","1","1","2"
"高车丁零十二","1","1","2"
"车丁零十二部","1","1","2"
"丁零十二部大","1","1","2"
"事黄门侍郎奚","1","1","2"
"黄门侍郎奚观","1","1","2"
"门侍郎奚观率","1","1","2"
"匈奴护军薛辩","1","1","2"
"冬十二月癸亥","1","1","2"
"春正月丙戌朔","2","0","2"
"淮南侯司马国","1","1","2"
"池阳侯司马道","1","1","2"
"阳侯司马道赐","1","1","2"
"侯司马道赐等","1","1","2"
"七年春正月甲","1","1","2"
"年春正月甲辰","1","1","2"
"使者循行州郡","2","0","2"
"义符东郡太守","2","0","2"
"符东郡太守王","2","0","2"
"东郡太守王景","2","0","2"
"遣寿光侯叔孙","1","1","2"
"光侯叔孙建等","1","1","2"
"兗州刺史徐琰","2","0","2"
"建遂东入青州","2","0","2"
"秀先聚党济东","2","0","2"
"八年正月丙辰","1","1","2"
"振威将军吴宝","1","1","2"
"颖川太守李元","1","1","2"
"司空奚斤所获","1","1","2"
"永平三年三月","1","1","2"
"延昌元年十月","1","1","2"
"西讨东防诸军","1","1","2"
"高阳王雍入居","2","0","2"
"雍入居西柏堂","1","1","2"
"诏平南将军杨","2","0","2"
"梁州刺史薛怀","1","1","2"
"州刺史薛怀古","1","1","2"
"南秦州刺史崔","1","1","2"
"秦州刺史崔暹","1","1","2"
"诏假右光禄大","1","1","2"
"假右光禄大夫","1","1","2"
"右光禄大夫元","1","1","2"
"光禄大夫元遥","1","1","2"
"定州刺史田超","1","1","2"
"州刺史田超秀","1","1","2"
"刺史田超秀率","1","1","2"
"群臣奏请皇太","1","1","2"
"臣奏请皇太后","1","1","2"
"奏请皇太后临","1","1","2"
"请皇太后临朝","1","1","2"
"太后临朝称制","1","1","2"
"萧衍将赵祖悦","2","0","2"
"定州刺史崔亮","1","1","2"
"州刺史崔亮假","1","1","2"
"刺史崔亮假镇","1","1","2"
"史崔亮假镇南","1","1","2"
"崔亮假镇南将","1","1","2"
"亮假镇南将军","1","1","2"
"安定公胡国珍","1","1","2"
"弘化太守杜桂","1","1","2"
"化太守杜桂举","1","1","2"
"太守杜桂举郡","1","1","2"
"车国遣使朝献","2","0","2"
"春正月戊辰朔","2","0","2"
"沔都督元志大","1","1","2"
"都督元志大破","1","1","2"
"督元志大破萧","1","1","2"
"元志大破萧衍","1","1","2"
"志大破萧衍军","1","1","2"
"农太守王世定","1","1","2"
"太守王世定等","1","1","2"
"吏部尚书李平","1","1","2"
"萧衍衡州刺史","1","1","2"
"傅竖眼大破张","1","1","2"
"竖眼大破张齐","1","1","2"
"刺史宇文福讨","1","1","2"
"中尉元匡考定","1","1","2"
"尉元匡考定权","1","1","2"
"元匡考定权衡","1","1","2"
"罽宾国遣使朝","2","0","2"
"宾国遣使朝献","2","0","2"
"封御史中尉元","1","1","2"
"府仪同三司胡","1","1","2"
"仪同三司胡国","1","1","2"
"同三司胡国珍","1","1","2"
"京兆二王子女","1","1","2"
"参决尚书奏事","2","0","2"
"巴州刺史牟汉","1","1","2"
"州刺史牟汉宠","1","1","2"
"神龟元年春正","1","1","2"
"龟元年春正月","1","1","2"
"三千七百九十","1","1","2"
"千七百九十九","1","1","2"
"七百九十九人","1","1","2"
"刺史赵邕开仓","1","1","2"
"尚书右仆射忠","2","0","2"
"龙骧将军崔袭","1","1","2"
"骧将军崔袭持","1","1","2"
"将军崔袭持节","1","1","2"
"改葬文昭皇太","1","1","2"
"葬文昭皇太后","1","1","2"
"文昭皇太后高","1","1","2"
"昭皇太后高氏","1","1","2"
"征西将军张彝","1","1","2"
"京兆王继司空","2","0","2"
"禄大夫皇甫集","1","1","2"
"蠕蠕莫缘梁贺","1","1","2"
"蠕莫缘梁贺侯","1","1","2"
"莫缘梁贺侯豆","1","1","2"
"缘梁贺侯豆率","1","1","2"
"尚书长孙稚巡","1","1","2"
"书长孙稚巡抚","1","1","2"
"长孙稚巡抚北","1","1","2"
"汝南王悦太尉","2","0","2"
"朔方郡开国公","1","1","2"
"假光禄大夫邴","1","1","2"
"光禄大夫邴虬","1","1","2"
"仪同三司崔光","1","1","2"
"萧衍义州刺史","1","1","2"
"衍义州刺史文","1","1","2"
"义州刺史文僧","1","1","2"
"州刺史文僧明","1","1","2"
"刺史文僧明率","1","1","2"
"仪同三司皇甫","1","1","2"
"同三司皇甫集","1","1","2"
"高车国主覆罗","1","1","2"
"车国主覆罗伊","1","1","2"
"国主覆罗伊匐","1","1","2"
"诸山川百神能","1","1","2"
"山川百神能兴","1","1","2"
"禄大夫皇甫度","1","1","2"
"牧守妄立碑颂","1","1","2"
"蠕蠕后主侯匿","1","1","2"
"蠕后主侯匿伐","1","1","2"
"书右仆射元纂","1","1","2"
"右仆射元纂率","1","1","2"
"鳏寡穷疾冤滞","1","1","2"
"萧衍遣将寇边","2","0","2"
"诏尚书令李崇","2","0","2"
"都督崔暹失利","2","0","2"
"大都督李崇率","1","1","2"
"念生遣都督杨","2","0","2"
"萧衍遣将裴邃","2","0","2"
"诏河间王琛总","2","0","2"
"河间王琛总众","2","0","2"
"间王琛总众援","2","0","2"
"吐谷浑主伏连","1","1","2"
"谷浑主伏连筹","1","1","2"
"莫折天生攻陷","1","1","2"
"折天生攻陷岐","1","1","2"
"天生攻陷岐州","1","1","2"
"高平人攻杀卜","1","1","2"
"平人攻杀卜朝","1","1","2"
"刺史魏子建招","1","1","2"
"史魏子建招降","1","1","2"
"魏子建招降南","1","1","2"
"子建招降南秦","1","1","2"
"贼王张长命畏","1","1","2"
"元年春正月庚","2","0","2"
"诏追复乐良王","1","1","2"
"萧衍遣北梁州","2","0","2"
"擒斩三千余人","2","0","2"
"休儒等走魏兴","2","0","2"
"诞等大破萧衍","1","1","2"
"等大破萧衍军","1","1","2"
"萧世澄等十一","1","1","2"
"柔玄镇人杜洛","1","1","2"
"玄镇人杜洛周","1","1","2"
"镇人杜洛周率","1","1","2"
"人杜洛周率众","1","1","2"
"幽州刺史常景","1","1","2"
"征虏将军元谭","1","1","2"
"河州长史元永","1","1","2"
"州长史元永平","1","1","2"
"致使西秦跋扈","1","1","2"
"年春正月庚戌","2","0","2"
"叠伏罗国遣使","2","0","2"
"北讨都督河间","1","1","2"
"讨都督河间王","1","1","2"
"黄门侍郎元略","1","1","2"
"燕州刺史崔秉","1","1","2"
"州刺史崔秉率","1","1","2"
"刺史崔秉率众","1","1","2"
"光禄大夫宗正","1","1","2"
"禄大夫宗正珍","1","1","2"
"大夫宗正珍孙","1","1","2"
"悉集华林东门","2","0","2"
"封广川县开国","1","1","2"
"广川县开国公","1","1","2"
"川县开国公元","1","1","2"
"临淮王彧仪同","2","0","2"
"淮王彧仪同三","2","0","2"
"王彧仪同三司","2","0","2"
"武川王贺拔文","1","1","2"
"川王贺拔文兴","1","1","2"
"行台左丞崔士","1","1","2"
"杜洛周攻陷幽","1","1","2"
"洛周攻陷幽州","1","1","2"
"扬州刺史李宪","1","1","2"
"杂户滥门所拘","1","1","2"
"司空公皇甫度","1","1","2"
"仪同三司萧宝","1","1","2"
"同三司萧宝夤","1","1","2"
"小陇都督高聿","1","1","2"
"东秦州刺史潘","1","1","2"
"秦州刺史潘义","1","1","2"
"州刺史潘义渊","1","1","2"
"豳州刺史毕祖","1","1","2"
"州刺史毕祖晖","1","1","2"
"王辩等率众数","1","1","2"
"辩等率众数万","1","1","2"
"官斗二百斛赏","1","1","2"
"紫光禄大夫源","1","1","2"
"光禄大夫源子","1","1","2"
"禄大夫源子邕","1","1","2"
"清河太守邵怀","1","1","2"
"东豫州刺史元","1","1","2"
"豫州刺史元庆","1","1","2"
"刺史萧宝夤州","2","0","2"
"史萧宝夤州反","2","0","2"
"诏尚书右仆射","2","0","2"
"尚书右仆射长","1","1","2"
"书右仆射长孙","1","1","2"
"右仆射长孙稚","1","1","2"
"葛荣攻陷冀州","1","1","2"
"元年春正月癸","2","0","2"
"瀛州刺史元宁","1","1","2"
"宝夤携南阳公","1","1","2"
"夤携南阳公主","1","1","2"
"武卫将军李神","1","1","2"
"卫将军李神轨","1","1","2"
"皇家握历受图","1","1","2"
"普加军功二阶","1","1","2"
"葛荣攻陷沧州","1","1","2"
"国三十四年七","1","1","2"
"三十四年七月","1","1","2"
"十四年七月七","1","1","2"
"四年七月七日","1","1","2"
"结旧臣长孙犍","1","1","2"
"登国元年春正","1","1","2"
"国元年春正月","1","1","2"
"年春正月戊申","1","1","2"
"显善南走马邑","2","0","2"
"刘显遣弟亢泥","2","0","2"
"人叔孙普洛等","1","1","2"
"叔孙普洛等十","1","1","2"
"孙普洛等十三","1","1","2"
"普洛等十三人","1","1","2"
"诸乌丸亡奔卫","2","0","2"
"乌丸亡奔卫辰","2","0","2"
"慕容垂遣使朝","2","0","2"
"容垂遣使朝贡","2","0","2"
"赐功臣长孙嵩","1","1","2"
"功臣长孙嵩等","1","1","2"
"臣长孙嵩等七","1","1","2"
"长孙嵩等七十","1","1","2"
"孙嵩等七十三","1","1","2"
"嵩等七十三人","1","1","2"
"子贺驎率众会","2","0","2"
"遣外朝大人王","1","1","2"
"外朝大人王建","1","1","2"
"贺染干兄弟率","1","1","2"
"五年春三月甲","1","1","2"
"年春三月甲申","1","1","2"
"慕容垂遣子贺","2","0","2"
"容垂遣子贺驎","2","0","2"
"遣子直力鞮寇","2","0","2"
"秦王觚使慕容","2","0","2"
"王觚使慕容垂","2","0","2"
"遣九原公元仪","1","1","2"
"西部泣黎大人","1","1","2"
"部泣黎大人茂","1","1","2"
"泣黎大人茂鲜","1","1","2"
"遣南部大人长","1","1","2"
"大人长孙嵩追","1","1","2"
"遣右司马许谦","1","1","2"
"武将吏数千人","1","1","2"
"皇始元年春正","1","1","2"
"遣将军王建等","1","1","2"
"王建等三军讨","1","1","2"
"宝广宁太守刘","2","0","2"
"谷太守慕容普","1","1","2"
"太守慕容普邻","1","1","2"
"右司马许谦上","1","1","2"
"将军封真等三","1","1","2"
"军封真等三军","1","1","2"
"辅国将军奚牧","1","1","2"
"五万骑先驱启","2","0","2"
"诏征东大将军","2","0","2"
"征东大将军东","2","0","2"
"东大将军东平","2","0","2"
"军将军李栗等","1","1","2"
"左卫将军慕容","1","1","2"
"卫将军慕容腾","1","1","2"
"冀州刺史宜都","1","1","2"
"州刺史宜都王","1","1","2"
"刺史宜都王慕","1","1","2"
"史宜都王慕容","1","1","2"
"宜都王慕容凤","1","1","2"
"辅国将军张骧","1","1","2"
"护军将军徐超","1","1","2"
"军将军徐超率","1","1","2"
"将军高长等四","1","1","2"
"军高长等四千","1","1","2"
"殿中侍御史孟","1","1","2"
"中侍御史孟辅","1","1","2"
"侍御史孟辅等","1","1","2"
"州守将封真率","1","1","2"
"贺兰部帅附力","2","0","2"
"兰部帅附力眷","2","0","2"
"纥突邻部帅匿","2","0","2"
"突邻部帅匿物","2","0","2"
"邻部帅匿物尼","2","0","2"
"纥奚部帅叱奴","2","0","2"
"奚部帅叱奴根","2","0","2"
"诏安远将军庾","2","0","2"
"将军长孙肥追","1","1","2"
"立慕容普邻主","2","0","2"
"将军东平公元","1","1","2"
"军东平公元仪","1","1","2"
"将军长孙肥等","1","1","2"
"抚军大将军略","1","1","2"
"军大将军略阳","1","1","2"
"大将军略阳公","1","1","2"
"将军略阳公元","1","1","2"
"军略阳公元遵","1","1","2"
"略阳公元遵袭","1","1","2"
"龙骧将军日南","1","1","2"
"骧将军日南公","1","1","2"
"略阳公元遵镇","1","1","2"
"右军将军尹国","1","1","2"
"军将军尹国先","1","1","2"
"安南将军长孙","1","1","2"
"南将军长孙嵩","1","1","2"
"冀州刺史王辅","1","1","2"
"内徙新民耕牛","1","1","2"
"离石胡帅呼延","2","0","2"
"石胡帅呼延铁","2","0","2"
"西河胡帅张崇","2","0","2"
"河胡帅张崇等","2","0","2"
"杏城卢水郝奴","1","1","2"
"军将军王建讨","1","1","2"
"尚书吏部郎中","1","1","2"
"书吏部郎中邓","1","1","2"
"吏部郎中邓渊","1","1","2"
"吏部尚书崔玄","1","1","2"
"部尚书崔玄伯","1","1","2"
"尚书崔玄伯总","1","1","2"
"徙六州二十二","1","1","2"
"六州二十二郡","1","1","2"
"祖神元皇帝配","1","1","2"
"高凉王乐真等","1","1","2"
"凉王乐真等七","1","1","2"
"王乐真等七军","1","1","2"
"马三十余万匹","2","0","2"
"国子太学生员","1","1","2"
"遣建义将军庾","1","1","2"
"建义将军庾真","1","1","2"
"越骑校尉奚斤","1","1","2"
"推群盗赵准主","2","0","2"
"前清河太守傅","1","1","2"
"河太守傅世聚","1","1","2"
"虏将军庾岳讨","1","1","2"
"司马德宗将辛","2","0","2"
"马德宗将辛恭","2","0","2"
"德宗将辛恭靖","2","0","2"
"宗将辛恭靖请","2","0","2"
"将辛恭靖请救","2","0","2"
"遣太尉穆崇率","1","1","2"
"幽州刺史封沓","1","1","2"
"州刺史封沓干","1","1","2"
"辽西太守李朗","1","1","2"
"州刺史长孙肥","1","1","2"
"天下镇戍将士","1","1","2"
"下镇戍将士布","1","1","2"
"镇戍将士布帛","1","1","2"
"冬十二月辛亥","1","1","2"
"素古延等诸部","2","0","2"
"卢水胡沮渠蒙","1","1","2"
"水胡沮渠蒙逊","1","1","2"
"虎威将军宿沓","1","1","2"
"威将军宿沓干","1","1","2"
"将军宿沓干等","1","1","2"
"太守楼伏连讨","1","1","2"
"镇西大将军毗","1","1","2"
"西大将军毗陵","1","1","2"
"大将军毗陵王","1","1","2"
"长孙肥等三将","1","1","2"
"上党群盗秦颇","2","0","2"
"上党太守捕颇","2","0","2"
"秃发鹿孤病死","1","1","2"
"率万余家内属","2","0","2"
"尚书郎中公孙","1","1","2"
"书郎中公孙表","1","1","2"
"年春二月癸亥","1","1","2"
"授著作郎王宜","1","1","2"
"著作郎王宜弟","1","1","2"
"兵法孤虚立成","1","1","2"
"法孤虚立成图","1","1","2"
"发八部五百里","1","1","2"
"八部五百里内","1","1","2"
"太医令阴羌死","1","1","2"
"永兴二年九月","1","1","2"
"兴二年九月甲","1","1","2"
"二年九月甲寅","1","1","2"
"恭宗景穆皇帝","1","1","2"
"真君元年六月","1","1","2"
"正平二年十月","1","1","2"
"平二年十月戊","1","1","2"
"二年十月戊申","1","1","2"
"骠骑大将军元","1","1","2"
"骑大将军元寿","1","1","2"
"大将军元寿乐","1","1","2"
"追尊景穆太子","1","1","2"
"陇西屠王景文","2","0","2"
"崇子丽济南王","2","0","2"
"濮阳王闾若文","2","0","2"
"渴槃陀国遣使","2","0","2"
"槃陀国遣使朝","2","0","2"
"冬十一月辛酉","1","1","2"
"等十余国遣使","2","0","2"
"余国遣使朝贡","2","0","2"
"兴光元年春正","1","1","2"
"太安元年春正","1","1","2"
"遣尚书穆伏真","1","1","2"
"尚书穆伏真等","1","1","2"
"书穆伏真等三","1","1","2"
"穆伏真等三十","1","1","2"
"伏真等三十人","1","1","2"
"勒国遣使朝贡","2","0","2"
"州刺史乞佛成","1","1","2"
"刺史乞佛成龙","1","1","2"
"史乞佛成龙讨","1","1","2"
"濮阳太守姜龙","1","1","2"
"阳太守姜龙驹","1","1","2"
"将殷孝祖修两","2","0","2"
"殷孝祖修两城","2","0","2"
"孝祖修两城清","2","0","2"
"水公封敕文等","1","1","2"
"军皮豹子等三","1","1","2"
"冬十二月戊申","1","1","2"
"督河西诸军南","2","0","2"
"河西诸军南趋","1","1","2"
"西诸军南趋石","1","1","2"
"诸军南趋石楼","1","1","2"
"阳平王新成等","1","1","2"
"南郡公李惠等","1","1","2"
"过山南二百二","1","1","2"
"山南二百二十","1","1","2"
"南二百二十步","1","1","2"
"南部尚书黄卢","1","1","2"
"部尚书黄卢头","1","1","2"
"加征东大将军","2","0","2"
"员外郎昌邑侯","1","1","2"
"四年春三月乙","1","1","2"
"年春三月乙未","1","1","2"
"昌邑子娄内近","1","1","2"
"二十一年正月","1","1","2"
"分遣侍臣巡行","2","0","2"
"年春正月壬寅","2","0","2"
"骑将军王肃大","1","1","2"
"将军王肃大破","1","1","2"
"侍中杨播巡抚","1","1","2"
"中杨播巡抚赈","1","1","2"
"刺史田益宗破","2","0","2"
"宝卷将吴子阳","1","1","2"
"荆州刺史桓道","1","1","2"
"州刺史桓道进","1","1","2"
"仪同三司王肃","1","1","2"
"三百二十三坊","1","1","2"
"骠骑大将军穆","1","1","2"
"骑大将军穆亮","1","1","2"
"宝卷直后张齐","1","1","2"
"卷直后张齐杀","1","1","2"
"抚军将军李崇","1","1","2"
"扬州破萧衍将","2","0","2"
"行梁州事杨椿","1","1","2"
"龙骧将军吴道","1","1","2"
"骧将军吴道爽","1","1","2"
"军吴道爽等数","1","1","2"
"吴道爽等数千","1","1","2"
"吏部尚书元英","1","1","2"
"扬州大破萧衍","1","1","2"
"徐州刺史潘佃","1","1","2"
"州刺史潘佃怜","1","1","2"
"尚书左仆射源","1","1","2"
"书左仆射源怀","1","1","2"
"左仆射源怀抚","1","1","2"
"镇南将军元英","1","1","2"
"元英大破萧衍","1","1","2"
"英大破萧衍将","1","1","2"
"大破萧衍将吴","1","1","2"
"破萧衍将吴子","1","1","2"
"萧衍将吴子阳","1","1","2"
"镇南将军李崇","1","1","2"
"南将军李崇讨","1","1","2"
"江州刺史曲江","1","1","2"
"州刺史曲江公","1","1","2"
"刺史曲江公陈","1","1","2"
"史曲江公陈伯","1","1","2"
"扬州统军刘思","1","1","2"
"州统军刘思祖","1","1","2"
"邵阳县开国侯","1","1","2"
"阳县开国侯张","1","1","2"
"县开国侯张惠","1","1","2"
"开国侯张惠绍","1","1","2"
"监司州事蔡灵","1","1","2"
"司州事蔡灵恩","1","1","2"
"州事蔡灵恩等","1","1","2"
"群臣议定律令","1","1","2"
"行梁州事夏侯","1","1","2"
"梁州事夏侯道","1","1","2"
"州事夏侯道迁","1","1","2"
"宕昌国世子梁","1","1","2"
"昌国世子梁弥","1","1","2"
"国世子梁弥博","1","1","2"
"诏光禄大夫杨","2","0","2"
"衍辅国将军范","2","0","2"
"冠军将军李畋","1","1","2"
"军将军李畋等","1","1","2"
"冠军将军张汤","1","1","2"
"辅国将军马市","1","1","2"
"龙骧将军何营","1","1","2"
"散骑常侍游肇","1","1","2"
"谏议大夫邓羡","1","1","2"
"冠军将军王景","1","1","2"
"军将军王景胤","1","1","2"
"辅国将军鲁方","1","1","2"
"国将军鲁方达","1","1","2"
"将军鲁方达等","1","1","2"
"军鲁方达等攻","1","1","2"
"辅国将军王明","1","1","2"
"国将军王明达","1","1","2"
"龙骧将军张方","1","1","2"
"骧将军张方炽","1","1","2"
"萧衍将王超宗","1","1","2"
"足遣统军卢祖","2","0","2"
"遣统军卢祖迁","2","0","2"
"衍冠军将军杨","1","1","2"
"冠军将军杨伯","1","1","2"
"军将军杨伯仁","1","1","2"
"宁朔将军任安","1","1","2"
"朔将军任安定","1","1","2"
"龙骧将军喻增","1","1","2"
"骧将军喻增晖","1","1","2"
"宁朔将军库保","1","1","2"
"朔将军库保寿","1","1","2"
"辅国将军鲁天","1","1","2"
"国将军鲁天惠","1","1","2"
"建武将军王文","1","1","2"
"武将军王文标","1","1","2"
"衍巴西太守庾","1","1","2"
"巴西太守庾域","1","1","2"
"中山王英南讨","2","0","2"
"卢祖迁等攻破","1","1","2"
"刺史鲁方达等","1","1","2"
"史鲁方达等十","1","1","2"
"鲁方达等十五","1","1","2"
"方达等十五人","1","1","2"
"梓潼县开国子","1","1","2"
"潼县开国子王","1","1","2"
"县开国子王景","1","1","2"
"开国子王景胤","1","1","2"
"刘达等二十四","1","1","2"
"沔东太守田青","1","1","2"
"东太守田青喜","1","1","2"
"太守田青喜率","1","1","2"
"武兴国王杨绍","1","1","2"
"兴国王杨绍先","1","1","2"
"骠骑大将军源","1","1","2"
"骑大将军源怀","1","1","2"
"大将军源怀慎","1","1","2"
"秦二州刺史邢","1","1","2"
"二州刺史邢峦","1","1","2"
"萧衍冀州刺史","1","1","2"
"衍冀州刺史桓","1","1","2"
"秦州主簿吕苟","1","1","2"
"右卫将军元丽","1","1","2"
"卫将军元丽等","1","1","2"
"将军元丽等讨","1","1","2"
"荆州刺史赵怡","1","1","2"
"曲江县开国公","1","1","2"
"江县开国公陈","1","1","2"
"县开国公陈伯","1","1","2"
"西将军元丽大","1","1","2"
"将军元丽大破","1","1","2"
"军元丽大破秦","1","1","2"
"假平南将军奚","1","1","2"
"山王英大破衍","2","0","2"
"肆六州十万人","1","1","2"
"将军矫道仪等","1","1","2"
"州刺史娄悦追","1","1","2"
"刺史娄悦追击","1","1","2"
"阿拔磨拔切磨","1","1","2"
"拔磨拔切磨勒","1","1","2"
"冯翊太守宇文","1","1","2"
"翊太守宇文子","1","1","2"
"太守宇文子生","1","1","2"
"守宇文子生等","1","1","2"
"夏州长史曹明","1","1","2"
"州长史曹明谋","1","1","2"
"长史曹明谋反","1","1","2"
"淮阳太守安乐","1","1","2"
"杖提莎钵离阿","1","1","2"
"提莎钵离阿失","1","1","2"
"莎钵离阿失勒","1","1","2"
"钵离阿失勒摩","1","1","2"
"离阿失勒摩致","1","1","2"
"阿失勒摩致钵","1","1","2"
"波利伏佛胄善","1","1","2"
"乾达诸国遣使","2","0","2"
"达诸国遣使朝","2","0","2"
"年春正月戊戌","2","0","2"
"颍川太守王神","1","1","2"
"川太守王神念","1","1","2"
"阗诸国遣使朝","2","0","2"
"王公卿士亲临","1","1","2"
"冀州民杂工役","1","1","2"
"尚书仆射刘子","1","1","2"
"书仆射刘子直","1","1","2"
"郢州司马彭珍","1","1","2"
"治中督荣祖等","1","1","2"
"三关戍主侯登","1","1","2"
"豫州彭城人白","1","1","2"
"州彭城人白早","1","1","2"
"彭城人白早生","1","1","2"
"城人白早生杀","1","1","2"
"白早生杀刺史","2","0","2"
"早生杀刺史司","2","0","2"
"生杀刺史司马","2","0","2"
"杀刺史司马悦","2","0","2"
"前宿豫戍主成","1","1","2"
"宿豫戍主成安","1","1","2"
"豫戍主成安乐","1","1","2"
"宿豫戍主严仲","1","1","2"
"豫戍主严仲贤","1","1","2"
"安东将军杨椿","1","1","2"
"东将军杨椿率","1","1","2"
"宁朔将军张疑","1","1","2"
"朔将军张疑等","1","1","2"
"蛮民一万七千","1","1","2"
"民一万七千户","1","1","2"
"一万七千户相","1","1","2"
"子私署左卫将","1","1","2"
"私署左卫将军","1","1","2"
"署左卫将军孝","1","1","2"
"左卫将军孝亮","1","1","2"
"辅国将军长孙","1","1","2"
"国将军长孙稚","1","1","2"
"统军邴虬等五","1","1","2"
"军邴虬等五军","1","1","2"
"开国伯徐元季","1","1","2"
"国伯徐元季等","1","1","2"
"伯徐元季等二","1","1","2"
"徐元季等二十","1","1","2"
"元季等二十六","1","1","2"
"华州刺史奚康","1","1","2"
"州刺史奚康生","1","1","2"
"国世子像览蹄","1","1","2"
"郢州献七宝床","1","1","2"
"二千七百三十","1","1","2"
"千七百三十人","1","1","2"
"殿中侍御史王","1","1","2"
"中侍御史王敞","1","1","2"
"汾州刘龙驹聚","1","1","2"
"州刘龙驹聚众","1","1","2"
"莞二郡太守刘","1","1","2"
"戍主傅文骥率","1","1","2"
"镇北将军张稷","1","1","2"
"九山戍主苟仁","1","1","2"
"延昌元年春正","1","1","2"
"州刺史樊鲁率","1","1","2"
"恤河南郡饥民","1","1","2"
"平东将军奚康","1","1","2"
"东将军奚康生","1","1","2"
"将军奚康生等","1","1","2"
"肆州秀容郡敷","1","1","2"
"州秀容郡敷城","1","1","2"
"秀容郡敷城县","1","1","2"
"雁门郡原平县","1","1","2"
"新丰县开国子","1","1","2"
"丰县开国子蔡","1","1","2"
"县开国子蔡令","1","1","2"
"开国子蔡令孙","1","1","2"
"号净居国明法","1","1","2"
"净居国明法王","1","1","2"
"平六年夏五月","1","1","2"
"平阳公贾爱仁","1","1","2"
"南阳公张天度","1","1","2"
"太原王乙浑谋","1","1","2"
"原王乙浑谋反","1","1","2"
"宗文成皇帝神","1","1","2"
"刘彧司州刺史","2","0","2"
"彧司州刺史常","2","0","2"
"北部尚书尉元","1","1","2"
"刘彧兗州刺史","2","0","2"
"彧兗州刺史毕","2","0","2"
"刺史毕众敬遣","2","0","2"
"驸马都尉万古","1","1","2"
"马都尉万古真","1","1","2"
"司马段太阳攻","1","1","2"
"刘彧青州刺史","2","0","2"
"刺史崔道固遣","2","0","2"
"史崔道固遣使","2","0","2"
"广陵公侯穷奇","1","1","2"
"刘彧东平太守","2","0","2"
"彧东平太守申","2","0","2"
"平太守申纂戍","1","1","2"
"诏征南大将军","2","0","2"
"平原太守刘休","1","1","2"
"原太守刘休宾","1","1","2"
"太守刘休宾举","1","1","2"
"守刘休宾举城","1","1","2"
"徐州群盗司马","1","1","2"
"州群盗司马休","1","1","2"
"群盗司马休符","1","1","2"
"三年春正月乙","2","0","2"
"上党公慕容白","1","1","2"
"党公慕容白曜","1","1","2"
"督青齐东徐三","1","1","2"
"青齐东徐三州","1","1","2"
"齐东徐三州诸","1","1","2"
"东徐三州诸军","1","1","2"
"徐三州诸军事","1","1","2"
"帅白杨提度汗","1","1","2"
"白杨提度汗率","1","1","2"
"帅匹娄拔累等","1","1","2"
"匹娄拔累等率","1","1","2"
"太尉源贺持节","1","1","2"
"尉源贺持节奉","1","1","2"
"源贺持节奉皇","1","1","2"
"孝昌二年八月","1","1","2"
"武泰元年春二","1","1","2"
"泰元年春二月","1","1","2"
"弟霸城公子正","1","1","2"
"害丞相高阳王","1","1","2"
"谏议大夫元贵","1","1","2"
"议大夫元贵平","1","1","2"
"秘书郎中元晔","1","1","2"
"翊郡开国公源","1","1","2"
"郡开国公源绍","1","1","2"
"开国公源绍景","1","1","2"
"扶风郡开国公","1","1","2"
"风郡开国公冯","1","1","2"
"东郡公陆子彰","1","1","2"
"北平公长孙悦","1","1","2"
"晋州刺史樊子","1","1","2"
"吏部尚书费穆","1","1","2"
"度荆州刺史王","1","1","2"
"定县开国公子","1","1","2"
"县开国公子直","1","1","2"
"东道大使元欣","1","1","2"
"平北府主簿河","1","1","2"
"光禄大夫李叔","1","1","2"
"禄大夫李叔仁","1","1","2"
"司空公穆绍统","1","1","2"
"督宗正珍孙率","1","1","2"
"齐州刺史元欣","1","1","2"
"柱国大将军朱","2","0","2"
"国大将军朱荣","2","0","2"
"迁肃祖文穆皇","1","1","2"
"肃祖文穆皇帝","1","1","2"
"东南道大都督","1","1","2"
"上党王天穆北","2","0","2"
"仪同三司费穆","1","1","2"
"劳天柱大将军","1","1","2"
"右光禄大夫奚","1","1","2"
"光禄大夫奚毅","1","1","2"
"三年春正月己","1","1","2"
"年春正月己丑","1","1","2"
"益州刺史长孙","1","1","2"
"州刺史长孙寿","1","1","2"
"梁州刺史元俊","1","1","2"
"州刺史元俊等","1","1","2"
"征巴州都督元","1","1","2"
"巴州都督元景","1","1","2"
"州都督元景夏","1","1","2"
"都督元景夏讨","1","1","2"
"都官尚书樊子","1","1","2"
"官尚书樊子鹄","1","1","2"
"刺史严思达讨","1","1","2"
"大行台尉迟菩","1","1","2"
"大都督贺拔岳","1","1","2"
"子仪同三司菩","1","1","2"
"仪同三司菩提","1","1","2"
"紫光禄大夫高","1","1","2"
"复通直散骑常","1","1","2"
"仪同三司李虔","1","1","2"
"行台源子恭率","1","1","2"
"恭率步骑一万","2","0","2"
"都督李侃希等","1","1","2"
"督李侃希等部","1","1","2"
"州刺史长广王","1","1","2"
"左卫将军郑先","1","1","2"
"卫将军郑先护","1","1","2"
"大都督郑先护","1","1","2"
"豫州刺史元崇","1","1","2"
"州刺史元崇礼","1","1","2"
"刺史元崇礼杀","1","1","2"
"都督崔伯凤战","1","1","2"
"南阳太守赵脩","1","1","2"
"阳太守赵脩延","1","1","2"
"荆州刺史李琰","1","1","2"
"镇远将军清河","1","1","2"
"直散骑常侍敖","1","1","2"
"散骑常侍敖曹","1","1","2"
"前河内太守封","1","1","2"
"河内太守封隆","1","1","2"
"清河王亶仪同","2","0","2"
"河王亶仪同三","2","0","2"
"王亶仪同三司","2","0","2"
"前司徒公长孙","1","1","2"
"寻除骠骑大将","2","0","2"
"见尚书右仆射","1","1","2"
"定州刺史侯渊","1","1","2"
"车骑大将军斛","1","1","2"
"骑大将军斛斯","1","1","2"
"大将军斛斯椿","1","1","2"
"试通直散骑常","1","1","2"
"员外谏议大夫","1","1","2"
"郡太守李元忠","1","1","2"
"建明二年正月","1","1","2"
"明二年正月戊","1","1","2"
"二年正月戊子","1","1","2"
"冀州勃海太守","1","1","2"
"散骑常侍高敖","1","1","2"
"骑常侍高敖曹","1","1","2"
"献武王大破朱","2","0","2"
"吏部尚书封隆","1","1","2"
"前刺史刘世明","1","1","2"
"大都督斛斯椿","1","1","2"
"西北大行台长","1","1","2"
"北大行台长孙","1","1","2"
"大行台长孙稚","1","1","2"
"行济州事侯景","1","1","2"
"中军大都督高","1","1","2"
"军大都督高盛","1","1","2"
"中兴二年夏四","1","1","2"
"兴二年夏四月","1","1","2"
"大丞相勃海王","1","1","2"
"丞相勃海王忠","1","1","2"
"世袭定州刺史","1","1","2"
"前废帝广陵王","1","1","2"
"羽林队主唐猛","1","1","2"
"前骠骑大将军","1","1","2"
"府仪同三司斛","1","1","2"
"仪同三司斛斯","1","1","2"
"同三司斛斯椿","1","1","2"
"左光禄大夫高","2","0","2"
"骠骑大将军封","1","1","2"
"骑大将军封隆","1","1","2"
"尚书右仆射樊","1","1","2"
"书右仆射樊子","1","1","2"
"右仆射樊子鹄","1","1","2"
"殷州刺史邸珍","1","1","2"
"东道行台仆射","1","1","2"
"都督源子恭镇","1","1","2"
"荆州刺史贺拔","1","1","2"
"州刺史贺拔胜","1","1","2"
"河南尹元子思","1","1","2"
"行青州事侯渊","1","1","2"
"闰十二月癸巳","1","1","2"
"清河文宣王亶","1","1","2"
"仪同三司高盛","1","1","2"
"仪同三司高昂","1","1","2"
"宇文黑獭害帝","2","0","2"
"南阳王宝炬僭","1","1","2"
"诏齐献武王相","2","0","2"
"齐献武王相国","2","0","2"
"东南道行台元","1","1","2"
"南道行台元晏","1","1","2"
"道行台元晏讨","1","1","2"
"众七万六千人","1","1","2"
"冬十一月丁未","1","1","2"
"齐献武王九锡","1","1","2"
"鳏寡孤独贫穷","1","1","2"
"川防城都督刘","1","1","2"
"防城都督刘鸾","1","1","2"
"城都督刘鸾庆","1","1","2"
"冬十一月戊申","1","1","2"
"车骑大将军窦","1","1","2"
"骑大将军窦泰","1","1","2"
"洛州刺史泉企","1","1","2"
"内外百官普进","2","0","2"
"外百官普进一","2","0","2"
"百官普进一阶","2","0","2"
"子大行台元季","1","1","2"
"大行台元季海","1","1","2"
"州长史贺若微","1","1","2"
"右丞韦孝宽等","1","1","2"
"元象元年春正","1","1","2"
"象元年春正月","1","1","2"
"州刺史尧雄等","1","1","2"
"大都督万俟受","1","1","2"
"都督万俟受洛","1","1","2"
"督万俟受洛干","1","1","2"
"义州刺史韩显","1","1","2"
"扬州长史丘岳","1","1","2"
"仪同三司寇洛","1","1","2"
"同三司寇洛生","1","1","2"
"三司寇洛生等","1","1","2"
"司寇洛生等二","1","1","2"
"寇洛生等二十","1","1","2"
"尚书左仆射司","1","1","2"
"书左仆射司马","1","1","2"
"山东黜陟大使","1","1","2"
"东北道大行台","1","1","2"
"州刺史奚思业","1","1","2"
"冬十一月癸亥","1","1","2"
"同三司库狄太","2","0","2"
"梁州人公孙贵","1","1","2"
"州人公孙贵宾","1","1","2"
"人公孙贵宾聚","1","1","2"
"散骑常侍李骞","1","1","2"
"度支尚书胡僧","1","1","2"
"支尚书胡僧敬","1","1","2"
"尚书右仆射高","1","1","2"
"书右仆射高隆","1","1","2"
"太子詹事赵善","1","1","2"
"吏部尚书侯景","1","1","2"
"封前员外散骑","1","1","2"
"前员外散骑侍","1","1","2"
"外散骑侍郎元","1","1","2"
"冬十一月甲午","1","1","2"
"台慕容绍宗讨","1","1","2"
"尚书令司马子","1","1","2"
"前大司马娄昭","1","1","2"
"三年春正月丙","1","1","2"
"四年夏五月壬","1","1","2"
"年夏五月壬寅","1","1","2"
"州刺史司马世","1","1","2"
"刺史司马世云","1","1","2"
"仪同三司贺拔","1","1","2"
"同三司贺拔胜","1","1","2"
"青州刺史尉景","1","1","2"
"录尚书事孙腾","1","1","2"
"州刺史慕容绍","1","1","2"
"刺史慕容绍宗","1","1","2"
"子贞阳侯渊明","1","1","2"
"六年春正月己","1","1","2"
"大都督高岳等","1","1","2"
"吏部令史张永","1","1","2"
"青州人崔阔等","1","1","2"
"大都督刘丰等","1","1","2"
"子北徐州刺史","1","1","2"
"封山侯萧正表","1","1","2"
"封兰陵郡开国","1","1","2"
"大行台慕容绍","1","1","2"
"大都督刘丰遇","1","1","2"
"开国公王思政","1","1","2"
"刺史皇甫僧显","1","1","2"
"史皇甫僧显等","1","1","2"
"吴郡王萧正表","1","1","2"
"八年春正月辛","1","1","2"
"齐文襄王假黄","1","1","2"
"二年十二月己","1","1","2"
"年十二月己酉","1","1","2"
"大将军中兵参","1","1","2"
"将军中兵参军","1","1","2"
"军中兵参军崔","1","1","2"
"中兵参军崔季","1","1","2"
"兵参军崔季舒","1","1","2"
"入北城下司马","1","1","2"
"北城下司马子","1","1","2"
"泰常七年四月","1","1","2"
"蓝田公长孙翰","1","1","2"
"赭阳子尉普文","1","1","2"
"阳子尉普文率","1","1","2"
"王长孙翰等击","1","1","2"
"龙骧将军步堆","1","1","2"
"斤率义兵将军","2","0","2"
"率义兵将军封","2","0","2"
"雍州刺史延普","1","1","2"
"州刺史延普袭","1","1","2"
"率洛州刺史栗","2","0","2"
"洛州刺史栗磾","2","0","2"
"昌守将赫连乙","2","0","2"
"武都氐王杨玄","1","1","2"
"外散骑常侍步","1","1","2"
"散骑常侍步堆","1","1","2"
"者仆射胡觐等","1","1","2"
"廷尉长孙道生","1","1","2"
"昌尚书仆射问","1","1","2"
"执金吾桓贷镇","1","1","2"
"司空奚斤进军","1","1","2"
"空奚斤进军安","1","1","2"
"奚斤进军安定","1","1","2"
"淮南公王倍斤","1","1","2"
"南公王倍斤镇","1","1","2"
"上郡休屠胡酋","1","1","2"
"刘义隆淮北镇","1","1","2"
"义隆淮北镇将","1","1","2"
"隆淮北镇将王","1","1","2"
"淮北镇将王仲","1","1","2"
"北镇将王仲德","1","1","2"
"陵公楼伏连留","1","1","2"
"公楼伏连留守","1","1","2"
"伏连留守京师","1","1","2"
"左仆射安原率","1","1","2"
"司徒平阳王长","1","1","2"
"徒平阳王长孙","1","1","2"
"侍中古弼镇抚","1","1","2"
"会稽公赫连昌","1","1","2"
"尚书令刘洁追","1","1","2"
"相三州造船三","1","1","2"
"三州造船三千","1","1","2"
"州造船三千艘","1","1","2"
"幽州南戍兵集","2","0","2"
"州南戍兵集河","2","0","2"
"南戍兵集河上","2","0","2"
"假丹阳王太毗","1","1","2"
"丹阳王太毗屯","1","1","2"
"大鸿胪卿杜超","1","1","2"
"鸿胪卿杜超假","1","1","2"
"胪卿杜超假节","1","1","2"
"都督冀定相三","1","1","2"
"督冀定相三州","1","1","2"
"冀定相三州诸","1","1","2"
"定相三州诸军","1","1","2"
"军长孙道生屯","1","1","2"
"始平公隗归等","1","1","2"
"平公隗归等率","1","1","2"
"擒义隆将二十","2","0","2"
"征南大将军杜","1","1","2"
"南大将军杜超","1","1","2"
"大将军杜超等","1","1","2"
"义隆司州刺史","2","0","2"
"隆司州刺史尹","2","0","2"
"史尹冲坠城死","2","0","2"
"广阳公度洛孤","1","1","2"
"西将军古弼等","1","1","2"
"军将军安颉率","1","1","2"
"封寿光侯叔孙","1","1","2"
"留巴东公延普","1","1","2"
"巴东公延普等","1","1","2"
"东公延普等镇","1","1","2"
"四年春正月壬","1","1","2"
"司马楚平滑台","2","0","2"
"军将军安颉献","1","1","2"
"赫连定北袭沮","1","1","2"
"连定北袭沮渠","1","1","2"
"定北袭沮渠蒙","1","1","2"
"北袭沮渠蒙逊","1","1","2"
"散骑侍郎周绍","1","1","2"
"吐谷浑慕璝遣","2","0","2"
"谷浑慕璝遣使","2","0","2"
"光禄大夫崔浩","1","1","2"
"咸称范阳卢玄","2","0","2"
"崔浩改定律令","1","1","2"
"延元年春正月","2","0","2"
"追赠夫人贺氏","1","1","2"
"西秦王吐谷浑","1","1","2"
"秦王吐谷浑慕","1","1","2"
"斤发幽州民密","2","0","2"
"发幽州民密云","2","0","2"
"幽州民密云丁","2","0","2"
"州民密云丁零","2","0","2"
"民密云丁零万","2","0","2"
"密云丁零万余","2","0","2"
"云丁零万余人","2","0","2"
"侍御史崔聘奉","1","1","2"
"御史崔聘奉献","1","1","2"
"史崔聘奉献牛","1","1","2"
"崔聘奉献牛酒","1","1","2"
"石城太守李崇","1","1","2"
"建德太守王融","1","1","2"
"平东将军贺多","1","1","2"
"东将军贺多罗","1","1","2"
"将军贺多罗攻","1","1","2"
"文通带方太守","1","1","2"
"通带方太守慕","1","1","2"
"带方太守慕容","1","1","2"
"方太守慕容玄","1","1","2"
"冯文通长乐公","1","1","2"
"守宰宣扬失旨","1","1","2"
"都督秦雍泾梁","1","1","2"
"督秦雍泾梁益","1","1","2"
"秦雍泾梁益五","1","1","2"
"雍泾梁益五州","1","1","2"
"泾梁益五州诸","1","1","2"
"梁益五州诸军","1","1","2"
"征西将军金崖","1","1","2"
"安定镇将延普","1","1","2"
"泾州刺史狄子","1","1","2"
"州刺史狄子玉","1","1","2"
"散骑常侍宋宣","1","1","2"
"骠骑将军司马","1","1","2"
"骑将军司马元","1","1","2"
"左仆射安原督","1","1","2"
"辽西王冯崇上","1","1","2"
"西王冯崇上表","1","1","2"
"大鸿胪卿崔赜","1","1","2"
"鸿胪卿崔赜持","1","1","2"
"胪卿崔赜持节","1","1","2"
"征虏将军杨难","1","1","2"
"散骑常侍卢玄","1","1","2"
"事黄门侍郎伊","1","1","2"
"黄门侍郎伊臣","1","1","2"
"雍州流民七千","1","1","2"
"州流民七千家","1","1","2"
"异母兄秃鹿傀","1","1","2"
"右数百人朝贡","1","1","2"
"秦王赫连昌叛","1","1","2"
"西川侯彭文晖","1","1","2"
"征西大将军常","1","1","2"
"西大将军常山","1","1","2"
"大将军常山王","1","1","2"
"左仆射安原谋","1","1","2"
"仆射安原谋反","1","1","2"
"平东将军娥清","1","1","2"
"平州刺史元婴","1","1","2"
"广平子游雅等","1","1","2"
"定州七郡一万","1","1","2"
"州七郡一万二","1","1","2"
"七郡一万二千","1","1","2"
"郡一万二千人","1","1","2"
"山胡白龙余党","1","1","2"
"胡白龙余党西","2","0","2"
"白龙余党西河","2","0","2"
"散骑常侍高雅","1","1","2"
"故南秦王世子","1","1","2"
"南秦王世子杨","1","1","2"
"秦王世子杨保","1","1","2"
"王世子杨保宗","1","1","2"
"钜鹿公刘洁督","1","1","2"
"牛马畜产二十","1","1","2"
"弟董率万余人","2","0","2"
"董率万余人拒","2","0","2"
"率万余人拒战","2","0","2"
"万余人拒战城","2","0","2"
"余人拒战城南","2","0","2"
"左右文武五千","1","1","2"
"右文武五千人","1","1","2"
"城内户口二十","1","1","2"
"张掖公秃发保","1","1","2"
"掖公秃发保周","1","1","2"
"龙骧将军穆罴","1","1","2"
"安远将军源贺","1","1","2"
"远将军源贺分","1","1","2"
"将军源贺分略","1","1","2"
"军源贺分略诸","1","1","2"
"源贺分略诸郡","1","1","2"
"南将军奚眷讨","1","1","2"
"牧犍弟酒泉太","1","1","2"
"犍弟酒泉太守","1","1","2"
"酒泉太守讳宜","2","0","2"
"北将军封沓讨","1","1","2"
"王长孙道生等","1","1","2"
"太平真君元年","1","1","2"
"平真君元年春","1","1","2"
"假通直常侍邢","1","1","2"
"通直常侍邢颖","1","1","2"
"河南王曜子羯","2","0","2"
"南王曜子羯兒","2","0","2"
"封蠕蠕郁久闾","1","1","2"
"蠕蠕郁久闾乞","1","1","2"
"蠕郁久闾乞列","1","1","2"
"郁久闾乞列归","1","1","2"
"骑侍郎张伟等","1","1","2"
"南将军奚眷平","1","1","2"
"北平王长孙颓","1","1","2"
"龙骧将军裴方","1","1","2"
"骧将军裴方明","1","1","2"
"梁州刺史刘康","1","1","2"
"州刺史刘康祖","1","1","2"
"建兴公古弼督","1","1","2"
"都王杨保宗等","1","1","2"
"郁林公司马文","1","1","2"
"林公司马文思","1","1","2"
"东安公刁雍东","1","1","2"
"都王杨保宗谋","1","1","2"
"王杨保宗谋反","1","1","2"
"年二月十五日","1","1","2"
"王长孙道生镇","1","1","2"
"西平王吐谷浑","1","1","2"
"平王吐谷浑慕","1","1","2"
"王吐谷浑慕利","1","1","2"
"谷浑慕利延杀","1","1","2"
"东雍州刺史沮","1","1","2"
"雍州刺史沮渠","1","1","2"
"州刺史沮渠秉","1","1","2"
"刺史沮渠秉谋","1","1","2"
"散骑常侍高济","1","1","2"
"部大崇娥等率","1","1","2"
"水公封敕文击","2","0","2"
"慕利延兄子什","1","1","2"
"利延兄子什归","1","1","2"
"部落西渡流沙","1","1","2"
"诏将军叔孙拔","1","1","2"
"安定公韩茂率","1","1","2"
"定公韩茂率骑","1","1","2"
"部落帅白广平","1","1","2"
"落帅白广平西","1","1","2"
"帅白广平西掠","1","1","2"
"白广平西掠新","1","1","2"
"广平西掠新平","1","1","2"
"金城公周鹿观","1","1","2"
"城公周鹿观率","1","1","2"
"平阳公慕容嵩","1","1","2"
"殿中尚书乙拔","1","1","2"
"中尚书乙拔率","1","1","2"
"秦州刺史封敕","1","1","2"
"州刺史封敕文","1","1","2"
"魏所受汉传国","1","1","2"
"所受汉传国玺","1","1","2"
"安丰公闾根率","1","1","2"
"征东将军武昌","1","1","2"
"东将军武昌王","1","1","2"
"征南将军淮南","1","1","2"
"南将军淮南王","1","1","2"
"山胡曹仆浑等","1","1","2"
"胡曹仆浑等渡","1","1","2"
"西征诸将扶风","1","1","2"
"征诸将扶风公","1","1","2"
"诸将扶风公元","1","1","2"
"将扶风公元处","1","1","2"
"风公元处真等","1","1","2"
"公元处真等八","1","1","2"
"仇池镇将皮豹","1","1","2"
"池镇将皮豹子","1","1","2"
"镇将皮豹子讨","1","1","2"
"文德弃城南走","2","0","2"
"义隆白水太守","2","0","2"
"白水太守郎启","1","1","2"
"水太守郎启玄","1","1","2"
"太守郎启玄率","1","1","2"
"启玄率众救文","2","0","2"
"玄率众救文德","2","0","2"
"壶关东北大王","1","1","2"
"关东北大王山","1","1","2"
"东北大王山累","1","1","2"
"周公万度归千","1","1","2"
"公万度归千里","1","1","2"
"使者安慰境外","1","1","2"
"辅国将军萧斌","1","1","2"
"宁朔将军王玄","1","1","2"
"朔将军王玄谟","1","1","2"
"将军王玄谟西","1","1","2"
"军王玄谟西攻","1","1","2"
"王玄谟西攻滑","1","1","2"
"玄谟西攻滑台","1","1","2"
"南康公杜道俊","1","1","2"
"殿中尚书长孙","1","1","2"
"中尚书长孙真","1","1","2"
"尚书长孙真率","1","1","2"
"刘义隆鲁郡太","2","0","2"
"义隆鲁郡太守","2","0","2"
"太守崔邪利率","1","1","2"
"盱眙守将臧质","1","1","2"
"义隆守将赵淮","1","1","2"
"散骑侍郎夏侯","1","1","2"
"骑侍郎夏侯野","1","1","2"
"殿中将军郎法","1","1","2"
"太昌元年六月","1","1","2"
"乌句兰树什伐","1","1","2"
"句兰树什伐等","1","1","2"
"西大将军长史","1","1","2"
"朱蒙非人所生","1","1","2"
"散骑常侍陆晏","1","1","2"
"骑常侍陆晏子","1","1","2"
"通直常侍沈景","1","1","2"
"直常侍沈景徽","1","1","2"
"综军主程兵润","1","1","2"
"军主程兵润所","1","1","2"
"驸马都尉穆亮","1","1","2"
"冬十二月甲戌","1","1","2"
"右光禄大夫刘","1","1","2"
"光禄大夫刘腾","1","1","2"
"延明等议定服","1","1","2"
"纥突邻大人屈","1","1","2"
"突邻大人屈地","1","1","2"
"州刺史沈陵南","1","1","2"
"刺史沈陵南叛","1","1","2"
"高平镇人万俟","1","1","2"
"平镇人万俟丑","1","1","2"
"镇人万俟丑奴","1","1","2"
"人万俟丑奴僭","1","1","2"
"右光禄大夫蒋","1","1","2"
"光禄大夫蒋天","1","1","2"
"禄大夫蒋天乐","1","1","2"
"复陈留王景皓","1","1","2"
"武定元年春正","1","1","2"
"定元年春正月","1","1","2"
"刘义隆将刘康","1","1","2"
"神元皇后窦氏","1","1","2"
"昭成皇后慕容","1","1","2"
"成皇后慕容氏","1","1","2"
"献明皇后贺氏","1","1","2"
"道武宣穆皇后","1","1","2"
"武宣穆皇后刘","1","1","2"
"宣穆皇后刘氏","1","1","2"
"明元昭哀皇后","1","1","2"
"元昭哀皇后姚","1","1","2"
"昭哀皇后姚氏","1","1","2"
"明元密皇后杜","1","1","2"
"元密皇后杜氏","1","1","2"
"诏天下大临三","2","0","2"
"天下大临三日","2","0","2"
"太武皇后赫连","1","1","2"
"武皇后赫连氏","1","1","2"
"太武敬哀皇后","1","1","2"
"武敬哀皇后贺","1","1","2"
"敬哀皇后贺氏","1","1","2"
"恭皇后郁久闾","1","1","2"
"皇后郁久闾氏","1","1","2"
"小黄门苏兴寿","1","1","2"
"长秋卿白整等","1","1","2"
"孝文昭皇后高","1","1","2"
"文昭皇后高氏","1","1","2"
"问辽东人闵宗","1","1","2"
"文昭皇太后尊","1","1","2"
"宣武皇后高氏","1","1","2"
"云龙大司马门","1","1","2"
"改葬文昭高后","1","1","2"
"长秋卿刘腾等","1","1","2"
"左卫将军奚康","1","1","2"
"将军奚康生谋","1","1","2"
"鸿胪少卿谷会","1","1","2"
"孝明皇后胡氏","1","1","2"
"孝静皇后高氏","1","1","2"
"宗正卿元孝友","1","1","2"
"正卿元孝友等","1","1","2"
"尚书左仆射杨","1","1","2"
"书左仆射杨遵","1","1","2"
"左仆射杨遵彦","1","1","2"
"十六部一切经","1","1","2"
"中书侍郎贾元","1","1","2"
"书侍郎贾元寿","1","1","2"
"改封京兆郡公","1","1","2"
"持节黄门侍郎","2","0","2"
"侯山祠堂碑文","1","1","2"
"孙搴等二十四","1","1","2"
"搴等二十四人","1","1","2"
"吏部郎中李奖","1","1","2"
"部郎中李奖退","1","1","2"
"郎中李奖退表","1","1","2"
"黄门郎徐纥受","1","1","2"
"门郎徐纥受四","1","1","2"
"郎徐纥受四方","1","1","2"
"徐纥受四方表","1","1","2"
"纥受四方表启","1","1","2"
"阳夏太守傅标","1","1","2"
"文襄馆客元仅","1","1","2"
"太尉长史宋游","1","1","2"
"尉长史宋游道","1","1","2"
"长广东山见道","1","1","2"
"广东山见道人","1","1","2"
"东山见道人法","1","1","2"
"山见道人法穆","1","1","2"
"商功大算端部","1","1","2"
"三百二十四章","1","1","2"
"专说天地阴阳","1","1","2"
"释六甲刑祸福","1","1","2"
"六甲刑祸福德","1","1","2"
"奉景穆皇帝圣","1","1","2"
"景穆皇帝圣诏","1","1","2"
"献经史诸子千","1","1","2"
"经史诸子千余","1","1","2"
"史诸子千余卷","1","1","2"
"宣王太史史籀","1","1","2"
"中车府令赵高","1","1","2"
"太史令胡母敬","1","1","2"
"讲学大夫秦近","1","1","2"
"黄门侍郎扬雄","1","1","2"
"门侍郎扬雄采","1","1","2"
"后汉郎中扶风","1","1","2"
"包括六艺群书","1","1","2"
"左中郎将陈留","1","1","2"
"魏初博士清河","1","1","2"
"义阳王典祠令","1","1","2"
"阳王典祠令任","1","1","2"
"王典祠令任城","1","1","2"
"故左校令李登","1","1","2"
"慕容白曜平东","2","0","2"
"容白曜平东阳","2","0","2"
"右军将军徐成","1","1","2"
"军将军徐成伯","1","1","2"
"昌安县开国侯","1","1","2"
"文昭皇太后怀","1","1","2"
"药方三十五卷","1","1","2"
"青州刺史侯文","1","1","2"
"济南二郡太守","1","1","2"
"殿中将军关文","1","1","2"
"中将军关文备","1","1","2"
"永宁寺九层佛","1","1","2"
"长生河内太守","1","1","2"
"左仆射源怀引","1","1","2"
"济州刺史郑尚","1","1","2"
"梁州镇南府主","1","1","2"
"州镇南府主簿","1","1","2"
"行唐公苻洛等","1","1","2"
"绢布绵牛马羊","1","1","2"
"布绵牛马羊等","1","1","2"
"世祖杀亲嬖人","2","0","2"
"弟中兵参军薛","1","1","2"
"中兵参军薛脩","1","1","2"
"兵参军薛脩义","1","1","2"
"三公郎中崔鸿","1","1","2"
"公郎中崔鸿上","1","1","2"
"遣弟亢泥等迎","2","0","2"
"弟亢泥等迎窟","2","0","2"
"亢泥等迎窟咄","2","0","2"
"余莫题等七姓","1","1","2"
"人叔孙普洛节","1","1","2"
"太原太守房崇","1","1","2"
"原太守房崇吉","1","1","2"
"宁朔将军张元","1","1","2"
"朔将军张元孙","1","1","2"
"将军张元孙奉","1","1","2"
"然后方轨连镳","1","1","2"
"诸葛亮门下书","1","1","2"
"葛亮门下书佐","1","1","2"
"龙骧将军崔灵","1","1","2"
"骧将军崔灵延","1","1","2"
"房灵建等数十","1","1","2"
"灵建等数十家","1","1","2"
"刘休宾父子兄","1","1","2"
"休宾父子兄弟","1","1","2"
"尚书李冲宣诏","1","1","2"
"书李冲宣诏问","1","1","2"
"祖太武皇帝巡","1","1","2"
"右司马卢河内","1","1","2"
"司马卢河内等","1","1","2"
"若臣亡父固守","1","1","2"
"州刺史张谠所","1","1","2"
"刺史张谠所戍","1","1","2"
"清河太守王玄","1","1","2"
"河太守王玄邈","1","1","2"
"景先沉敏方正","1","1","2"
"龙骧将军田申","1","1","2"
"骧将军田申能","1","1","2"
"符玺郎王神贵","1","1","2"
"雍州刺史陈显","1","1","2"
"州刺史陈显达","1","1","2"
"刺史陈显达率","1","1","2"
"陇西公源怀卫","1","1","2"
"西公源怀卫大","1","1","2"
"公源怀卫大将","1","1","2"
"源怀卫大将军","1","1","2"
"怀卫大将军府","1","1","2"
"卫大将军府长","1","1","2"
"召集州内孤贫","1","1","2"
"秦州抚军府司","1","1","2"
"州抚军府司马","1","1","2"
"害中尉郦道元","1","1","2"
"迁员外散骑侍","2","0","2"
"遣将裴方明等","2","0","2"
"豹子进击乐乡","1","1","2"
"王长卿等六人","1","1","2"
"斩首二千余级","1","1","2"
"豹子进军下辨","1","1","2"
"义隆将姜道祖","1","1","2"
"故武都王保宗","1","1","2"
"武都王保宗妻","1","1","2"
"都王保宗妻公","1","1","2"
"王保宗妻公主","1","1","2"
"保宗妻公主送","1","1","2"
"白水太守郭启","1","1","2"
"水太守郭启玄","1","1","2"
"太守郭启玄率","1","1","2"
"兴安二年正月","1","1","2"
"义隆增兵运粮","1","1","2"
"梁州刺史刘秀","1","1","2"
"高平突骑二千","1","1","2"
"高平镇将苟莫","1","1","2"
"豹子前锋候骑","1","1","2"
"子前锋候骑相","1","1","2"
"前锋候骑相遇","1","1","2"
"前泾州刺史封","1","1","2"
"泾州刺史封阿","1","1","2"
"州刺史封阿君","1","1","2"
"刺史封阿君督","1","1","2"
"镇将元意头知","1","1","2"
"左右队骑八人","1","1","2"
"王飞廉等八千","1","1","2"
"仆射南平公元","1","1","2"
"射南平公元目","1","1","2"
"南平公元目振","1","1","2"
"平公元目振都","1","1","2"
"公元目振都督","1","1","2"
"元目振都督中","1","1","2"
"目振都督中外","1","1","2"
"振都督中外军","1","1","2"
"都督中外军事","1","1","2"
"时仇池氐羌反","1","1","2"
"随长孙观掩击","1","1","2"
"长孙观掩击氐","1","1","2"
"孙观掩击氐羌","1","1","2"
"仇池接近边境","1","1","2"
"略阳公伏阿奴","1","1","2"
"司徒崔浩劝世","1","1","2"
"徒崔浩劝世祖","1","1","2"
"文明太后生杀","1","1","2"
"孙诲等五百余","1","1","2"
"诲等五百余人","1","1","2"
"问秘书丞李彪","1","1","2"
"邳太守张攀咸","2","0","2"
"右卫将军杨播","1","1","2"
"黄门郎萧衍率","1","1","2"
"都督彭城王勰","1","1","2"
"襄乐县开国男","1","1","2"
"武川三镇诸军","1","1","2"
"川三镇诸军事","1","1","2"
"诏遣主书乐安","1","1","2"
"遣主书乐安嘉","1","1","2"
"泾州平西府长","1","1","2"
"州平西府长史","1","1","2"
"蠕蠕主婆罗门","1","1","2"
"赵平郡开国公","1","1","2"
"军元天穆东讨","1","1","2"
"元天穆东讨邢","1","1","2"
"天穆东讨邢杲","1","1","2"
"高祖将立冯后","1","1","2"
"扶风人王伯达","1","1","2"
"州刺史沈陵密","1","1","2"
"刺史沈陵密谋","1","1","2"
"史沈陵密谋外","1","1","2"
"沈陵密谋外叛","1","1","2"
"白马公崔玄伯","1","1","2"
"左右直长阎遵","1","1","2"
"右直长阎遵业","1","1","2"
"令征虏将军赵","1","1","2"
"虏将军赵遐率","1","1","2"
"朐山戍主傅文","1","1","2"
"山戍主傅文骥","1","1","2"
"昶一人免官论","1","1","2"
"东平太守章仇","1","1","2"
"龙骧将军谢善","1","1","2"
"骧将军谢善居","1","1","2"
"散骑侍郎张引","1","1","2"
"斩首八百余级","1","1","2"
"手足冻断者十","1","1","2"
"北秦三州诸军","1","1","2"
"益阳县开国侯","1","1","2"
"阳县开国侯垣","1","1","2"
"县开国侯垣恭","1","1","2"
"开国侯垣恭祖","1","1","2"
"州刺史樊昌侯","1","1","2"
"刺史樊昌侯王","1","1","2"
"史樊昌侯王整","1","1","2"
"兰陵太守桓忻","1","1","2"
"陵太守桓忻驱","1","1","2"
"太守桓忻驱掠","1","1","2"
"刺史沈文秀等","1","1","2"
"遣征南大将军","1","1","2"
"中书侍郎李璨","1","1","2"
"延兴元年五月","1","1","2"
"南济阴郡睢陵","1","1","2"
"济阴郡睢陵县","1","1","2"
"阴郡睢陵县人","1","1","2"
"郡睢陵县人赵","1","1","2"
"睢陵县人赵怜","1","1","2"
"陵县人赵怜等","1","1","2"
"胡人子都将呼","1","1","2"
"人子都将呼延","1","1","2"
"子都将呼延笼","1","1","2"
"都将呼延笼达","1","1","2"
"城子都将胡人","1","1","2"
"子都将胡人王","1","1","2"
"都将胡人王敕","1","1","2"
"阳郡开国公尉","1","1","2"
"郡开国公尉元","1","1","2"
"新泰伯游明根","1","1","2"
"镇东将军孔伯","1","1","2"
"东将军孔伯恭","1","1","2"
"将军孔伯恭率","1","1","2"
"平太守申纂屯","1","1","2"
"州刺史房崇吉","1","1","2"
"刺史房崇吉屯","1","1","2"
"升城戍将房崇","1","1","2"
"城戍将房崇吉","1","1","2"
"将军长孙观等","1","1","2"
"宁东将军尉眷","1","1","2"
"瑕丘进攻历城","1","1","2"
"豫州刺史常珍","1","1","2"
"刺史毕众敬等","1","1","2"
"房崇吉固守升","1","1","2"
"崇吉固守升城","1","1","2"
"梁邹守将刘休","1","1","2"
"邹守将刘休宾","1","1","2"
"吴蛮户三百余","1","1","2"
"督青齐东徐州","1","1","2"
"青齐东徐州诸","1","1","2"
"齐东徐州诸军","1","1","2"
"东徐州诸军事","1","1","2"
"故征南大将军","1","1","2"
"封懿雅相敬慕","1","1","2"
"高子黄中内润","1","1","2"
"世祖舅阳平王","2","0","2"
"祖舅阳平王杜","2","0","2"
"东宫少傅游雅","1","1","2"
"田三顷七十亩","1","1","2"
"田三万七千顷","1","1","2"
"二百二十二万","1","1","2"
"百二十二万斛","1","1","2"
"东宫博士管恬","1","1","2"
"辽东公翟黑子","1","1","2"
"中书侍郎崔览","1","1","2"
"著作令史闵湛","1","1","2"
"东宫侍郎吴延","1","1","2"
"宫侍郎吴延召","1","1","2"
"前著作郎邓渊","1","1","2"
"著作郎邓渊所","1","1","2"
"光禄大夫刘向","1","1","2"
"禄大夫刘向见","1","1","2"
"伏惟陛下神武","2","0","2"
"时中书博士索","1","1","2"
"中书博士索敞","1","1","2"
"太原张伟同业","1","1","2"
"称范阳卢玄等","1","1","2"
"范阳卢玄等四","1","1","2"
"阳卢玄等四十","1","1","2"
"卢玄等四十二","1","1","2"
"玄等四十二人","1","1","2"
"张仲业东临营","1","1","2"
"仲业东临营州","1","1","2"
"立京兆王子推","1","1","2"
"陛下上思宗庙","1","1","2"
"下上思宗庙托","1","1","2"
"上思宗庙托付","1","1","2"
"中书舍人河内","1","1","2"
"中黄门苏兴寿","1","1","2"
"议何郑膏肓事","1","1","2"
"幽州刺史李崇","1","1","2"
"州刺史李崇老","1","1","2"
"刺史李崇老翁","1","1","2"
"中书助教博士","1","1","2"
"平寿侯张谠见","1","1","2"
"时中书侍郎高","1","1","2"
"书侍郎高允参","1","1","2"
"都督五州诸军","1","1","2"
"督五州诸军事","1","1","2"
"京兆王杜元宝","1","1","2"
"兆王杜元宝谋","1","1","2"
"娶东徐州刺史","1","1","2"
"东徐州刺史博","1","1","2"
"徐州刺史博陵","1","1","2"
"州刺史博陵崔","1","1","2"
"刺史博陵崔鉴","1","1","2"
"中书教学博士","1","1","2"
"十二月阳气上","1","1","2"
"二月阳气上通","1","1","2"
"四方断狱报重","1","1","2"
"丞相周勃谋反","1","1","2"
"子弟素服肉袒","1","1","2"
"父兄露板引咎","1","1","2"
"鸿胪郑默丧亲","1","1","2"
"主客郎刘绘接","1","1","2"
"请问魏朝丧礼","1","1","2"
"时司空北海王","1","1","2"
"伏见前御史中","1","1","2"
"见前御史中尉","1","1","2"
"帛一百五十匹","1","1","2"
"赏加常募一等","1","1","2"
"功进号平南将","1","1","2"
"进号平南将军","1","1","2"
"东郢三州诸军","1","1","2"
"高祖遣舍人答","2","0","2"
"祖遣舍人答曰","2","0","2"
"破萧鸾将裴叔","1","1","2"
"东豫四州诸军","1","1","2"
"汝阳县开国子","1","1","2"
"诏加鼓吹一部","1","1","2"
"鸾辅国将军黄","1","1","2"
"辅国将军黄瑶","1","1","2"
"都督江西诸军","1","1","2"
"督江西诸军事","1","1","2"
"豫州刺史萧懿","1","1","2"
"州刺史萧懿率","1","1","2"
"刺史萧懿率众","1","1","2"
"史萧懿率众三","1","1","2"
"萧懿率众三万","1","1","2"
"交州刺史李叔","1","1","2"
"州刺史李叔献","1","1","2"
"刺史李叔献屯","1","1","2"
"帛四千七百五","1","1","2"
"四千七百五十","1","1","2"
"千七百五十匹","1","1","2"
"进位开府仪同","1","1","2"
"位开府仪同三","1","1","2"
"封昌国县开国","1","1","2"
"昌国县开国侯","1","1","2"
"中书侍郎贾思","1","1","2"
"书侍郎贾思伯","1","1","2"
"直散骑常侍抚","1","1","2"
"散骑常侍抚慰","1","1","2"
"侍御史一人监","1","1","2"
"御史一人监护","1","1","2"
"史一人监护丧","1","1","2"
"一人监护丧事","1","1","2"
"尚书殿中郎中","1","1","2"
"高祖称善者久","2","0","2"
"秘书丞王融等","1","1","2"
"大选内外群官","1","1","2"
"宗室长幼诸人","1","1","2"
"时大儒张吾贵","1","1","2"
"青州九郡民单","1","1","2"
"刘通等一千人","1","1","2"
"陛下移构中京","1","1","2"
"诏加峦使持节","2","0","2"
"都督征梁汉诸","1","1","2"
"督征梁汉诸军","1","1","2"
"征梁汉诸军事","1","1","2"
"宁远将军杨举","1","1","2"
"衍辅国将军任","1","1","2"
"辅国将军任僧","1","1","2"
"国将军任僧幼","1","1","2"
"将军任僧幼等","1","1","2"
"军任僧幼等三","1","1","2"
"任僧幼等三十","1","1","2"
"统军韩多宝等","1","1","2"
"破天赐前军赵","1","1","2"
"统军李义珍讨","1","1","2"
"衍巴西太守庞","1","1","2"
"巴州刺史严玄","1","1","2"
"州刺史严玄思","1","1","2"
"萧衍遣冠军将","2","0","2"
"冠军将军孔陵","1","1","2"
"军将军孔陵等","1","1","2"
"冠军将军任僧","1","1","2"
"军将军任僧褒","1","1","2"
"辅国将军李畎","1","1","2"
"国将军李畎戍","1","1","2"
"衍辅国将军乐","1","1","2"
"辅国将军乐保","1","1","2"
"国将军乐保明","1","1","2"
"宁朔将军李伯","1","1","2"
"朔将军李伯度","1","1","2"
"龙骧将军李思","1","1","2"
"骧将军李思贤","1","1","2"
"辅国将军范峻","1","1","2"
"辅国将军符伯","1","1","2"
"国将军符伯度","1","1","2"
"年四月十三日","1","1","2"
"统军傅竖眼讨","1","1","2"
"衍辅国将军萧","1","1","2"
"冠军将军鲁显","1","1","2"
"军将军鲁显文","1","1","2"
"骁骑将军相文","1","1","2"
"骑将军相文玉","1","1","2"
"将军相文玉等","1","1","2"
"军相文玉等率","1","1","2"
"统军毕祖朽讨","1","1","2"
"樊鲁大破文玉","1","1","2"
"鲁大破文玉等","1","1","2"
"统军刘思祖等","1","1","2"
"中山王英乘胜","1","1","2"
"山王英乘胜攻","1","1","2"
"御史中尉崔亮","1","1","2"
"豫州城民白早","1","1","2"
"州城民白早生","1","1","2"
"城民白早生杀","1","1","2"
"冠军将军齐苟","1","1","2"
"军将军齐苟仁","1","1","2"
"将军齐苟仁率","1","1","2"
"大将军胡孝智","1","1","2"
"将军胡孝智率","1","1","2"
"都督南讨诸军","1","1","2"
"督南讨诸军事","1","1","2"
"齐苟仁等二十","1","1","2"
"苟仁等二十一","1","1","2"
"仁等二十一人","1","1","2"
"等二十一人开","1","1","2"
"二十一人开门","1","1","2"
"优赠车骑将军","1","1","2"
"冀州仪同开府","1","1","2"
"州仪同开府长","1","1","2"
"本官行相州事","1","1","2"
"冀州城南十六","1","1","2"
"州城南十六里","1","1","2"
"统军叔孙头追","1","1","2"
"秘书丞元梵宣","1","1","2"
"侍御史王显所","1","1","2"
"御史王显所恨","1","1","2"
"平加散骑常侍","1","1","2"
"将军赵祖悦偷","1","1","2"
"尚书右仆射行","2","0","2"
"书右仆射行台","2","0","2"
"紫纳金装衫甲","1","1","2"
"纳金装衫甲一","1","1","2"
"奖缣布六十段","1","1","2"
"安南将军崔延","1","1","2"
"金装刀杖一口","1","1","2"
"东西戍防轻重","1","1","2"
"计量疆场险易","1","1","2"
"量疆场险易安","1","1","2"
"疆场险易安危","1","1","2"
"探测南人攻守","1","1","2"
"测南人攻守窥","1","1","2"
"南人攻守窥觎","1","1","2"
"筹算卒乘器械","1","1","2"
"算卒乘器械征","1","1","2"
"卒乘器械征讨","1","1","2"
"命偏师精兵数","1","1","2"
"偏师精兵数千","1","1","2"
"督宗正珍孙讨","1","1","2"
"何难尉等豪姓","1","1","2"
"西南道慰劳大","1","1","2"
"南道慰劳大使","1","1","2"
"中尉高道穆赞","1","1","2"
"尉高道穆赞成","1","1","2"
"苗身率士卒百","1","1","2"
"城阳蜂目先见","1","1","2"
"大纵兵士焚烧","1","1","2"
"高祖锐意典礼","1","1","2"
"崔光温良博物","1","1","2"
"羽林一万五千","1","1","2"
"林一万五千人","1","1","2"
"京东七州虎旅","1","1","2"
"东七州虎旅九","1","1","2"
"七州虎旅九万","1","1","2"
"华三州诸军事","1","1","2"
"事中郎景尚说","1","1","2"
"雍州人王叔保","1","1","2"
"州人王叔保等","1","1","2"
"人王叔保等三","1","1","2"
"王叔保等三百","1","1","2"
"叔保等三百人","1","1","2"
"安南将军元英","1","1","2"
"南将军元英征","1","1","2"
"督统军高聪等","1","1","2"
"统军高聪等四","1","1","2"
"崔道固城局参","1","1","2"
"道固城局参军","1","1","2"
"后父燕宣王庙","1","1","2"
"贝丘县开国男","1","1","2"
"乘胜直趋长围","1","1","2"
"付长史贾思祖","1","1","2"
"司徒胡国珍本","1","1","2"
"叔伟子丰生袭","1","1","2"
"母崔氏遇赦免","1","1","2"
"辅国府司马刘","1","1","2"
"薛公举兵淮北","1","1","2"
"梁州刺史邢峦","1","1","2"
"羽林虎贲三百","1","1","2"
"林虎贲三百人","1","1","2"
"宁朔将军成兴","1","1","2"
"朔将军成兴孙","1","1","2"
"辅国将军任硕","1","1","2"
"国将军任硕北","1","1","2"
"将军任硕北等","1","1","2"
"遣军主边昭等","1","1","2"
"军主边昭等率","1","1","2"
"衍冠军将军勾","1","1","2"
"冠军将军勾道","1","1","2"
"军将军勾道侍","1","1","2"
"梁州刺史王太","1","1","2"
"州刺史王太洪","1","1","2"
"刺史王太洪等","1","1","2"
"史王太洪等十","1","1","2"
"王太洪等十余","1","1","2"
"转战二百余里","1","1","2"
"统军席广度等","1","1","2"
"衍征虏将军杨","1","1","2"
"征虏将军杨伏","1","1","2"
"虏将军杨伏锡","1","1","2"
"将军杨伏锡等","1","1","2"
"都统白水诸军","1","1","2"
"统白水诸军事","1","1","2"
"白水诸军事杨","1","1","2"
"水诸军事杨兴","1","1","2"
"征虏将军李光","1","1","2"
"虏将军李光宗","1","1","2"
"虎威将军强虬","1","1","2"
"阴平王杨太赤","1","1","2"
"平王杨太赤率","1","1","2"
"统军傅昙表等","1","1","2"
"宁朔将军王光","1","1","2"
"朔将军王光昭","1","1","2"
"宁朔将军费忻","1","1","2"
"朔将军费忻督","1","1","2"
"统军胡小虎四","1","1","2"
"军胡小虎四面","1","1","2"
"胡小虎四面攻","1","1","2"
"衍雄信将军牟","1","1","2"
"雄信将军牟兴","1","1","2"
"信将军牟兴祖","1","1","2"
"巴三州诸军事","1","1","2"
"守姜平洛等十","1","1","2"
"御史中尉甄琛","1","1","2"
"祖太武皇帝亲","1","1","2"
"林皇后生废太","1","1","2"
"皇后生废太子","1","1","2"
"文昭皇后生宣","1","1","2"
"昭皇后生宣武","1","1","2"
"皇后生宣武皇","1","1","2"
"后生宣武皇帝","1","1","2"
"罗夫人生清河","1","1","2"
"夫人生清河文","1","1","2"
"人生清河文献","1","1","2"
"生清河文献王","1","1","2"
"郑充华生皇子","1","1","2"
"中庶子高道悦","1","1","2"
"太子太傅穆亮","1","1","2"
"中书侍郎邢峦","1","1","2"
"御史台令史龙","1","1","2"
"史台令史龙文","1","1","2"
"台令史龙文观","1","1","2"
"恂娶司徒冯诞","1","1","2"
"中军府长史卢","1","1","2"
"军府长史卢阳","1","1","2"
"府长史卢阳乌","1","1","2"
"托右中郎将赵","1","1","2"
"右中郎将赵郡","1","1","2"
"儒学宾客严怀","1","1","2"
"学宾客严怀真","1","1","2"
"宾客严怀真等","1","1","2"
"世宗诏尚书李","1","1","2"
"正光元年七月","1","1","2"
"四门博士董徵","1","1","2"
"乡亲姬澹等十","1","1","2"
"说桓穆二帝招","1","1","2"
"义阳亭侯卫谟","1","1","2"
"幽州刺史王永","1","1","2"
"大人刘库仁所","1","1","2"
"人刘库仁所盗","1","1","2"
"破慕容宝参合","2","0","2"
"长孙嵩等八人","1","1","2"
"吴兵将军公孙","1","1","2"
"兵将军公孙表","1","1","2"
"虎牢守将毛德","1","1","2"
"陈留太守严棱","1","1","2"
"兵将军封礼等","1","1","2"
"四万五千人袭","1","1","2"
"遣将军刘拔送","1","1","2"
"将军刘拔送马","1","1","2"
"军刘拔送马三","1","1","2"
"刘拔送马三千","1","1","2"
"拔送马三千匹","1","1","2"
"开府田曹参军","1","1","2"
"安成王万安国","1","1","2"
"安同等十三人","1","1","2"
"等十三人迭典","2","0","2"
"十三人迭典庶","2","0","2"
"三人迭典庶事","2","0","2"
"州刺史尉建率","1","1","2"
"州刺史徐琰奔","1","1","2"
"刘义隆兗州刺","2","0","2"
"义隆兗州刺史","2","0","2"
"隆兗州刺史竺","2","0","2"
"都督冀青徐济","1","1","2"
"督冀青徐济四","1","1","2"
"冀青徐济四州","1","1","2"
"青徐济四州诸","1","1","2"
"徐济四州诸军","1","1","2"
"济四州诸军事","1","1","2"
"磨浑等拾遗左","2","0","2"
"浑等拾遗左右","2","0","2"
"假司空督河西","1","1","2"
"司空督河西七","1","1","2"
"空督河西七镇","1","1","2"
"督河西七镇诸","1","1","2"
"河西七镇诸军","1","1","2"
"廷尉卿元洪超","1","1","2"
"宁朔将军公孙","1","1","2"
"朔将军公孙兰","1","1","2"
"河南太守王涓","1","1","2"
"弘农太守曹达","1","1","2"
"相二州诸军事","1","1","2"
"宁光宫宿卫事","1","1","2"
"秦州刺史尉洛","1","1","2"
"州刺史尉洛侯","1","1","2"
"长安镇将陈提","1","1","2"
"安镇将陈提等","1","1","2"
"太子翊军校尉","1","1","2"
"聊城县开国子","1","1","2"
"功加散骑常侍","2","0","2"
"虎贲三百人追","1","1","2"
"将作大匠王遇","1","1","2"
"寻迁散骑常侍","2","0","2"
"吏部尚书元晖","1","1","2"
"度支尚书元匡","1","1","2"
"遣右卫将军侯","1","1","2"
"右卫将军侯刚","1","1","2"
"事中孙伏连等","1","1","2"
"常山郡开国公","1","1","2"
"正月十三日世","1","1","2"
"月十三日世宗","1","1","2"
"八月一日皇太","1","1","2"
"月一日皇太后","1","1","2"
"一日皇太后未","1","1","2"
"日皇太后未亲","1","1","2"
"灵寿县开国公","1","1","2"
"神龟元年三月","1","1","2"
"子司徒掾永超","1","1","2"
"太常少卿元端","1","1","2"
"千牛备身杨保","1","1","2"
"牛备身杨保元","1","1","2"
"稍迁步兵校尉","2","0","2"
"仪同开府谘议","1","1","2"
"同开府谘议参","1","1","2"
"开府谘议参军","1","1","2"
"大人刘库仁勇","1","1","2"
"铁弗卫辰狡猾","1","1","2"
"弗卫辰狡猾多","1","1","2"
"卫辰狡猾多变","1","1","2"
"沧水二郡太守","1","1","2"
"都督幽州广阳","1","1","2"
"安乐二郡诸军","1","1","2"
"乐二郡诸军事","1","1","2"
"崎城镇都大将","1","1","2"
"赤城典作都将","1","1","2"
"怀荒镇金城戍","1","1","2"
"荒镇金城戍将","1","1","2"
"尚书仆射元目","1","1","2"
"书仆射元目辰","1","1","2"
"仆射元目辰进","1","1","2"
"伊祁苟初三十","1","1","2"
"诏赐帛一千匹","1","1","2"
"转大司农少卿","2","0","2"
"玄伯扶老母登","1","1","2"
"宜都公穆观等","1","1","2"
"遣将军公孙表","1","1","2"
"遣侍中宜都公","1","1","2"
"侍中宜都公穆","1","1","2"
"中宜都公穆观","1","1","2"
"著作佐郎王遵","1","1","2"
"作佐郎王遵业","1","1","2"
"左光禄大夫姚","1","1","2"
"光禄大夫姚元","1","1","2"
"禄大夫姚元标","1","1","2"
"督雍泾梁秦四","1","1","2"
"雍泾梁秦四州","1","1","2"
"泾梁秦四州诸","1","1","2"
"梁秦四州诸军","1","1","2"
"秦四州诸军事","1","1","2"
"黄木军主韩文","1","1","2"
"木军主韩文殊","1","1","2"
"军主韩文殊所","1","1","2"
"刺史陆龙成时","1","1","2"
"史陆龙成时谋","1","1","2"
"京城西南二百","1","1","2"
"尚书崔玄伯参","1","1","2"
"累迁中散大夫","2","0","2"
"赠员外散骑常","1","1","2"
"齐州武昌王征","1","1","2"
"州武昌王征虏","1","1","2"
"武昌王征虏长","1","1","2"
"昌王征虏长史","1","1","2"
"梁州开府长史","1","1","2"
"令著作郎韩显","1","1","2"
"著作郎韩显宗","1","1","2"
"侍御史李焕单","1","1","2"
"遣司空长孙道","1","1","2"
"空长孙道生等","1","1","2"
"高平镇诸军事","1","1","2"
"追赠镇北将军","1","1","2"
"济北郡开国公","1","1","2"
"新兴县开国子","1","1","2"
"敦煌镇都大将","1","1","2"
"都督秦梁益三","1","1","2"
"督秦梁益三州","1","1","2"
"秦梁益三州诸","1","1","2"
"梁益三州诸军","1","1","2"
"益三州诸军事","1","1","2"
"时宕昌王梁弥","1","1","2"
"昌王梁弥机死","1","1","2"
"副将杨灵珍率","1","1","2"
"将陈显达攻陷","1","1","2"
"明太皇太后圣","1","1","2"
"封顿丘郡开国","1","1","2"
"都督冀瀛二州","1","1","2"
"督冀瀛二州诸","1","1","2"
"冀瀛二州诸军","1","1","2"
"瀛二州诸军事","1","1","2"
"时河南尹李奖","1","1","2"
"光四州诸军事","1","1","2"
"赠都督冀沧二","1","1","2"
"开府骑兵参军","1","1","2"
"尚书屯田郎中","1","1","2"
"高唐县开国男","1","1","2"
"罗国主副罗越","1","1","2"
"国主副罗越居","1","1","2"
"赐奴婢数十口","2","0","2"
"慕容宝参合陂","2","0","2"
"建等攻城六十","1","1","2"
"冀州刺史慕容","1","1","2"
"州刺史慕容凤","1","1","2"
"刺史慕容凤夜","1","1","2"
"雍州刺史阳文","1","1","2"
"州刺史阳文祖","1","1","2"
"秦州刺史任延","1","1","2"
"州刺史任延明","1","1","2"
"妹没入苻氏宫","1","1","2"
"校尉唐小方等","1","1","2"
"东部高车巳尼","2","0","2"
"部高车巳尼陂","2","0","2"
"长安追击赫连","1","1","2"
"安追击赫连昌","1","1","2"
"遣太仆丘堆等","1","1","2"
"阿度支等二百","1","1","2"
"太子宫门大夫","1","1","2"
"开府水曹参军","1","1","2"
"追赠安东将军","1","1","2"
"都督凉河二州","1","1","2"
"鄯善镇诸军事","1","1","2"
"游击将军王洛","1","1","2"
"击将军王洛生","1","1","2"
"贰城守将坚守","1","1","2"
"宜城王奚斤表","1","1","2"
"斤追击赫连定","1","1","2"
"遣西平公安颉","1","1","2"
"殿中尚书源贺","1","1","2"
"部众二千余人","1","1","2"
"获男女二百人","1","1","2"
"相曹都典奉事","1","1","2"
"安康子长孙道","1","1","2"
"康子长孙道生","1","1","2"
"功赐爵关内侯","1","1","2"
"州刺史乞伏成","1","1","2"
"刺史乞伏成龙","1","1","2"
"定州刺史许崇","1","1","2"
"杀雍州刺史鱼","1","1","2"
"南郡王李惠等","1","1","2"
"京兆王愉徐州","2","0","2"
"牛二百五十头","1","1","2"
"龙牧曹奏事中","1","1","2"
"牧曹奏事中散","1","1","2"
"外都曹奏事中","1","1","2"
"都曹奏事中散","1","1","2"
"遣建兴公古弼","1","1","2"
"西平公安颉攻","1","1","2"
"雍城镇都大将","1","1","2"
"山胡部高车门","1","1","2"
"胡部高车门等","1","1","2"
"南安公元顺讨","1","1","2"
"永安侯魏勤率","1","1","2"
"劳将军元屈等","1","1","2"
"部将高苟子率","1","1","2"
"平西将军元齐","1","1","2"
"遣永安侯贺纯","1","1","2"
"永安侯贺纯攻","1","1","2"
"守将姜道祖退","1","1","2"
"将姜道祖退守","1","1","2"
"姜道祖退守狭","1","1","2"
"道祖退守狭亭","1","1","2"
"济南公崔徽镇","1","1","2"
"蠕蠕吴提乘虚","1","1","2"
"蠕吴提乘虚入","1","1","2"
"人立慕容普邻","1","1","2"
"时中山太守仇","1","1","2"
"平州仓曹参军","1","1","2"
"遣侯引乙突等","1","1","2"
"人张广达等二","1","1","2"
"张广达等二百","1","1","2"
"散骑常侍刘库","1","1","2"
"骑常侍刘库仁","1","1","2"
"常侍刘库仁等","1","1","2"
"侍刘库仁等八","1","1","2"
"刘库仁等八人","1","1","2"
"库仁等八人分","1","1","2"
"临淮公丘堆等","1","1","2"
"王秃发保周反","1","1","2"
"凉沙河三州诸","1","1","2"
"沙河三州诸军","1","1","2"
"河三州诸军事","1","1","2"
"尚书令李崇讨","1","1","2"
"安丰王延明讨","1","1","2"
"殿中右曹尚书","1","1","2"
"叉送白绫二千","1","1","2"
"送白绫二千匹","1","1","2"
"阴平公元烈哭","1","1","2"
"平公元烈哭泣","1","1","2"
"都督凉州诸军","1","1","2"
"督凉州诸军事","1","1","2"
"遣洛州刺史伊","1","1","2"
"鲁阳太守崔模","1","1","2"
"萧衍雍州刺史","1","1","2"
"定州平北府中","1","1","2"
"州平北府中兵","1","1","2"
"平北府中兵参","1","1","2"
"北府中兵参军","1","1","2"
"鄄城县开国伯","1","1","2"
"瀛州骑府司马","1","1","2"
"平原镇都大将","1","1","2"
"兗二州诸军事","2","0","2"
"梁郡太守程灵","1","1","2"
"郡太守程灵虬","1","1","2"
"太尉中兵参军","1","1","2"
"都督平州诸军","1","1","2"
"督平州诸军事","1","1","2"
"丞相高阳王相","1","1","2"
"秦岐河梁益九","1","1","2"
"岐河梁益九州","1","1","2"
"河梁益九州诸","1","1","2"
"梁益九州诸军","1","1","2"
"益九州诸军事","1","1","2"
"通直郎宋维告","1","1","2"
"司染都尉韩文","1","1","2"
"染都尉韩文殊","1","1","2"
"主食中黄门胡","1","1","2"
"食中黄门胡玄","1","1","2"
"中黄门胡玄度","1","1","2"
"直斋等三十人","1","1","2"
"千秋门外厂下","1","1","2"
"元叉本名夜叉","1","1","2"
"中书舍人韩子","1","1","2"
"书舍人韩子熙","1","1","2"
"都督青光南青","1","1","2"
"督青光南青三","1","1","2"
"青光南青三州","1","1","2"
"光南青三州诸","1","1","2"
"南青三州诸军","1","1","2"
"青三州诸军事","1","1","2"
"中书侍郎赵郡","1","1","2"
"著作佐郎博陵","1","1","2"
"秘书考课郎中","1","1","2"
"秘书奏事中散","1","1","2"
"中军四十余万","1","1","2"
"程天祚一介常","1","1","2"
"天祚一介常人","1","1","2"
"长兄荥阳太守","1","1","2"
"著作郎傅思益","1","1","2"
"作郎傅思益进","1","1","2"
"荥阳郡开国侯","1","1","2"
"改封阳平郡开","1","1","2"
"封阳平郡开国","1","1","2"
"阳平郡开国侯","1","1","2"
"诏安南大将军","1","1","2"
"安南大将军元","1","1","2"
"南大将军元英","1","1","2"
"南将军刘藻讨","1","1","2"
"改封清渊县开","1","1","2"
"封清渊县开国","1","1","2"
"高祖临经武殿","1","1","2"
"州刺史曹虎诈","1","1","2"
"刺史曹虎诈降","1","1","2"
"正欲伐罪吊民","2","0","2"
"临光极堂大选","1","1","2"
"二十一年四月","1","1","2"
"直后刘灵运等","1","1","2"
"景明三年闰四","1","1","2"
"明三年闰四月","1","1","2"
"衍江州刺史陈","1","1","2"
"门庭宾客若市","1","1","2"
"正始元年三月","1","1","2"
"封梁郡开国公","2","0","2"
"克萧衍朐山戍","1","1","2"
"诏宝夤使持节","2","0","2"
"必欲鞭尸吴墓","1","1","2"
"轻车将军刘智","1","1","2"
"车将军刘智文","1","1","2"
"虎威将军刘延","1","1","2"
"威将军刘延宗","1","1","2"
"将军刘延宗率","1","1","2"
"北攻统军吕叵","1","1","2"
"统军魏续年等","1","1","2"
"军主周恭叔率","1","1","2"
"徐州刺史张豹","1","1","2"
"州刺史张豹子","1","1","2"
"刺史张豹子等","1","1","2"
"史张豹子等十","1","1","2"
"张豹子等十一","1","1","2"
"东洛三州诸军","1","1","2"
"洛三州诸军事","1","1","2"
"齐建安王宝夤","1","1","2"
"亡兄长沙宣武","1","1","2"
"兄长沙宣武王","1","1","2"
"子晋屡动危机","1","1","2"
"子屏侍送卿国","1","1","2"
"屏侍送卿国庙","1","1","2"
"都督徐州东道","1","1","2"
"督徐州东道诸","1","1","2"
"徐州东道诸军","1","1","2"
"州东道诸军事","1","1","2"
"扬州刺史长孙","1","1","2"
"刺史长孙稚大","1","1","2"
"史长孙稚大破","1","1","2"
"秦州城人薛珍","1","1","2"
"第四子念生窃","1","1","2"
"率所部东行将","1","1","2"
"所部东行将统","1","1","2"
"高平贼帅万俟","1","1","2"
"平贼帅万俟丑","1","1","2"
"天水人吕伯度","1","1","2"
"水人吕伯度兄","1","1","2"
"人吕伯度兄弟","1","1","2"
"金城王莫折普","1","1","2"
"城王莫折普贤","1","1","2"
"孝昌二年四月","1","1","2"
"南豳四州诸军","1","1","2"
"豳四州诸军事","1","1","2"
"常山王杜粲所","1","1","2"
"山王杜粲所杀","1","1","2"
"将郭子恢等攻","1","1","2"
"行台张始荣围","1","1","2"
"华州刺史崔袭","1","1","2"
"尚书仆射行台","1","1","2"
"书仆射行台长","1","1","2"
"仆射行台长孙","1","1","2"
"射行台长孙稚","1","1","2"
"行台长孙稚讨","1","1","2"
"时北地人毛鸿","1","1","2"
"北地人毛鸿宾","1","1","2"
"大将军卢祖迁","1","1","2"
"将军卢祖迁等","1","1","2"
"阊阖门外都街","1","1","2"
"明根风度清干","1","1","2"
"内秘书侍御中","1","1","2"
"秘书侍御中散","1","1","2"
"雍镇北府长史","1","1","2"
"萧衍军主徐玄","1","1","2"
"衍军主徐玄明","1","1","2"
"军主徐玄明斩","1","1","2"
"正光元年八月","1","1","2"
"文安县开国侯","1","1","2"
"青徐二州刺史","1","1","2"
"刘子业青州刺","1","1","2"
"子业青州刺史","1","1","2"
"文秀建威府司","1","1","2"
"秀建威府司马","1","1","2"
"慕容白曜南讨","1","1","2"
"容白曜南讨青","1","1","2"
"南部尚书李敷","1","1","2"
"部尚书李敷妻","1","1","2"
"州刺史沈陵外","1","1","2"
"刺史沈陵外叛","1","1","2"
"建武二年正月","1","1","2"
"雒阳城南七里","1","1","2"
"雒阳城北四里","1","1","2"
"姬旦创成洛邑","1","1","2"
"请尚书仆射高","1","1","2"
"尚书仆射高肇","1","1","2"
"世祖灭赫连昌","1","1","2"
"冀青二州中正","1","1","2"
"圣朝创制上古","1","1","2"
"伏惟陛下先天","1","1","2"
"惟陛下先天开","1","1","2"
"陛下先天开物","1","1","2"
"太皇太后淳曜","1","1","2"
"时李彪专统著","1","1","2"
"李彪专统著作","1","1","2"
"尚书仆射李冲","1","1","2"
"书仆射李冲奏","1","1","2"
"宋王刘昶南镇","1","1","2"
"王刘昶南镇彭","1","1","2"
"刘昶南镇彭城","1","1","2"
"祖道武皇帝创","1","1","2"
"仰观祖宗巍巍","1","1","2"
"员外郎崔逸等","1","1","2"
"显宗斐然成章","1","1","2"
"平原太守崔敞","1","1","2"
"原太守崔敞所","1","1","2"
"太守崔敞所讼","1","1","2"
"都督西征诸军","1","1","2"
"督西征诸军事","1","1","2"
"督征讨诸军事","1","1","2"
"征讨诸军事讨","1","1","2"
"西将军元丽讨","1","1","2"
"太中大夫王通","1","1","2"
"高平镇将郎育","1","1","2"
"平镇将郎育等","1","1","2"
"徐州城人成景","1","1","2"
"怀朔三镇三道","1","1","2"
"朔三镇三道诸","1","1","2"
"三镇三道诸军","1","1","2"
"镇三道诸军事","1","1","2"
"盗种牧田三百","1","1","2"
"种牧田三百四","1","1","2"
"牧田三百四十","1","1","2"
"田三百四十顷","1","1","2"
"入除都官尚书","1","1","2"
"监修白沟堤堰","1","1","2"
"时南秦州反叛","1","1","2"
"兄子录事参军","1","1","2"
"节度关西诸将","1","1","2"
"宝夤邀害御史","1","1","2"
"夤邀害御史中","1","1","2"
"邀害御史中尉","1","1","2"
"害御史中尉郦","1","1","2"
"朱荣东讨葛荣","1","1","2"
"文明太后左右","1","1","2"
"高祖中间传言","1","1","2"
"一旦位登侍中","1","1","2"
"三十二州刺史","1","1","2"
"相四州诸军事","1","1","2"
"殿中尚书元石","1","1","2"
"汝阴太守张超","1","1","2"
"酸枣令郑伯孙","1","1","2"
"平文皇后王氏","1","1","2"
"文成文明皇后","1","1","2"
"成文明皇后冯","1","1","2"
"文明皇后冯氏","1","1","2"
"孝文贞皇后林","1","1","2"
"文贞皇后林氏","1","1","2"
"州左将军府长","1","1","2"
"左将军府长史","1","1","2"
"李神隽行荆州","1","1","2"
"神隽行荆州事","1","1","2"
"四时气王休杀","1","1","2"
"时气王休杀吉","1","1","2"
"气王休杀吉凶","1","1","2"
"金乡县开国伯","1","1","2"
"治中房灵宾督","1","1","2"
"中房灵宾督清","1","1","2"
"房灵宾督清河","1","1","2"
"成汤革命承天","1","1","2"
"良田十万余顷","1","1","2"
"伏愿陛下垂睿","1","1","2"
"愿陛下垂睿哲","1","1","2"
"盐戍主申纂诈","1","1","2"
"戍主申纂诈降","1","1","2"
"粟八十五万斛","1","1","2"
"箭十八万八千","1","1","2"
"刀二万二千四","1","1","2"
"二万二千四百","1","1","2"
"愿陛下扬日月","1","1","2"
"博通经史天文","1","1","2"
"通经史天文术","1","1","2"
"经史天文术数","1","1","2"
"慕容夫人生乐","1","1","2"
"容夫人生乐安","1","1","2"
"夫人生乐安宣","1","1","2"
"人生乐安宣王","1","1","2"
"尹夫人生永昌","1","1","2"
"夫人生永昌庄","1","1","2"
"人生永昌庄王","1","1","2"
"善歌者欲人继","1","1","2"
"萧赜尚书左仆","1","1","2"
"赜尚书左仆射","1","1","2"
"衍平西将军李","1","1","2"
"平西将军李天","1","1","2"
"西将军李天赐","1","1","2"
"晋寿太守王景","1","1","2"
"寿太守王景胤","1","1","2"
"太守王景胤等","1","1","2"
"守王景胤等拥","1","1","2"
"王景胤等拥众","1","1","2"
"景胤等拥众七","1","1","2"
"胤等拥众七千","1","1","2"
"终赠光禄大夫","1","1","2"
"尺牍文章见称","1","1","2"
"尚书考功郎中","1","1","2"
"获叔业伞扇鼓","1","1","2"
"叔业伞扇鼓幕","1","1","2"
"业伞扇鼓幕甲","1","1","2"
"伞扇鼓幕甲仗","1","1","2"
"扇鼓幕甲仗万","1","1","2"
"鼓幕甲仗万余","1","1","2"
"本州征北府长","1","1","2"
"州征北府长史","1","1","2"
"本州阳平王颐","1","1","2"
"州阳平王颐卫","1","1","2"
"阳平王颐卫军","1","1","2"
"平王颐卫军府","1","1","2"
"王颐卫军府长","1","1","2"
"颐卫军府长史","1","1","2"
"袁贵人生京兆","1","1","2"
"贵人生京兆王","1","1","2"
"十七年七月癸","1","1","2"
"七年七月癸丑","1","1","2"
"武京侯安原请","1","1","2"
"冯翊县开国侯","1","1","2"
"骁骑将军元超","1","1","2"
"射声校尉元乐","1","1","2"
"声校尉元乐平","1","1","2"
"代郡太守元珍","1","1","2"
"乐陵王思誉等","1","1","2"
"朔州刺史阳平","1","1","2"
"州刺史阳平王","1","1","2"
"青州征东司马","1","1","2"
"上谷河内二郡","1","1","2"
"谷河内二郡太","1","1","2"
"河内二郡太守","1","1","2"
"雍五州诸军事","1","1","2"
"怀朔三镇诸军","1","1","2"
"朔三镇诸军事","1","1","2"
"都督北部诸军","1","1","2"
"督北部诸军事","1","1","2"
"宣穆刘皇后生","1","1","2"
"穆刘皇后生明","1","1","2"
"刘皇后生明元","1","1","2"
"皇后生明元皇","1","1","2"
"后生明元皇帝","1","1","2"
"贺夫人生清河","1","1","2"
"夫人生清河王","1","1","2"
"大王夫人生阳","1","1","2"
"王夫人生阳平","1","1","2"
"夫人生阳平王","1","1","2"
"王夫人生河南","1","1","2"
"夫人生河南王","1","1","2"
"段夫人生广平","1","1","2"
"夫人生广平王","1","1","2"
"大丞相右长史","1","1","2"
"都督雍秦梁益","1","1","2"
"督雍秦梁益四","1","1","2"
"雍秦梁益四州","1","1","2"
"秦梁益四州诸","1","1","2"
"太尉府行参军","1","1","2"
"抚冥镇都大将","1","1","2"
"怀荒三镇诸军","1","1","2"
"荒三镇诸军事","1","1","2"
"见武兴王杨集","1","1","2"
"朝廷喜伯度立","1","1","2"
"廷喜伯度立义","1","1","2"
"平秦郡开国公","1","1","2"
"大都督元修义","1","1","2"
"冯跋假广平太","1","1","2"
"跋假广平太守","1","1","2"
"周礼·大司乐","1","1","2"
"芳撰郑玄所注","1","1","2"
"急就篇续注音","1","1","2"
"就篇续注音义","1","1","2"
"篇续注音义证","1","1","2"
"毛诗笺音义证","1","1","2"
"崔浩共参著作","1","1","2"
"典属国下大夫","1","1","2"
"清河二郡太守","1","1","2"
"治黑山道余功","1","1","2"
"伐木私造佛寺","1","1","2"
"除都督雍南豳","1","1","2"
"都督雍南豳二","1","1","2"
"督雍南豳二州","1","1","2"
"雍南豳二州诸","1","1","2"
"南豳二州诸军","1","1","2"
"豳二州诸军事","1","1","2"
"南豳三州诸军","1","1","2"
"豳三州诸军事","1","1","2"
"阳武人田智度","1","1","2"
"尚书奏谥曰宣","1","1","2"
"直士犹立荒公","1","1","2"
"治书侍御史臣","1","1","2"
"书侍御史臣郦","1","1","2"
"侍御史臣郦道","1","1","2"
"御史臣郦道元","1","1","2"
"忠臣烈士效节","1","1","2"
"永兴二年六月","1","1","2"
"兴二年六月二","1","1","2"
"二年六月二十","1","1","2"
"年六月二十四","1","1","2"
"六月二十四日","1","1","2"
"太傅清河王等","1","1","2"
"不要表面顺从","0","2","2"
"五种伦理道德","0","2","2"
"是如此地受到","0","2","2"
"玉珠放入他的","0","2","2"
"在这片土地上","0","2","2"
"犯了死罪的人","0","2","2"
"掌管吏部和御","0","2","2"
"管吏部和御史","0","2","2"
"吏部和御史台","0","2","2"
"亲尸体去接近","0","2","2"
"对侯刚处以死","0","2","2"
"侯刚处以死刑","0","2","2"
"了一段时间才","0","2","2"
"受了卫馞的贿","0","2","2"
"了卫馞的贿赂","0","2","2"
"都同意这种看","0","2","2"
"同意这种看法","0","2","2"
"的宠爱日益加","0","2","2"
"宠爱日益加深","0","2","2"
"成帝派使臣前","0","2","2"
"帝派使臣前往","0","2","2"
"治教化方面的","0","2","2"
"遗旨与本朝旧","0","2","2"
"巡视首都地区","0","2","2"
"这便形成为一","0","2","2"
"审定法律条款","0","2","2"
"无依无靠的人","0","2","2"
"赐给谷子五斛","0","2","2"
"三次考核之后","0","2","2"
"孝文帝抵达邺","0","2","2"
"文帝抵达邺城","0","2","2"
"将其姓名上报","0","2","2"
"其姓名上报朝","0","2","2"
"姓名上报朝廷","0","2","2"
"守满三年的孝","0","2","2"
"孝文帝在华林","0","2","2"
"文帝在华林园","0","2","2"
"退休的卿大夫","0","2","2"
"老年知识分子","0","2","2"
"孝文帝在方泽","0","2","2"
"文帝在方泽举","0","2","2"
"帝在方泽举行","0","2","2"
"在方泽举行祭","0","2","2"
"方泽举行祭祀","0","2","2"
"免征十五年的","0","2","2"
"征十五年的田","0","2","2"
"十五年的田租","0","2","2"
"五年的田租赋","0","2","2"
"把缴获的战利","0","2","2"
"缴获的战利品","0","2","2"
"人们都知道此","0","2","2"
"们都知道此事","0","2","2"
"也是很好的事","0","2","2"
"是很好的事吗","0","2","2"
"率领部众五千","0","2","2"
"领部众五千人","0","2","2"
"追赠安北将军","0","2","2"
"封为高唐县开","0","2","2"
"为高唐县开国","0","2","2"
"被任命为征西","0","2","2"
"任命为征西大","0","2","2"
"命为征西大将","0","2","2"
"他为外都大官","0","2","2"
"庄帝杀死尔朱","0","2","2"
"帝杀死尔朱荣","0","2","2"
"杀死尔朱荣后","0","2","2"
"显恭为使持节","0","2","2"
"永熙二年逝世","0","2","2"
"当时中书博士","0","2","2"
"除任龙骧将军","0","2","2"
"萧衍派其豫章","0","2","2"
"衍派其豫章王","0","2","2"
"派其豫章王萧","0","2","2"
"其豫章王萧综","0","2","2"
"号为平北将军","0","2","2"
"除授车骑将军","0","2","2"
"出任平东将军","0","2","2"
"广陵惠王元羽","0","2","2"
"加授卫大将军","0","2","2"
"任命元干为使","0","2","2"
"命元干为使持","0","2","2"
"元干为使持节","0","2","2"
"元劭为无上王","0","2","2"
"追赠他为使持","0","2","2"
"兼任尚书行台","0","2","2"
"年被追赠为使","0","2","2"
"任薄骨律镇将","0","2","2"
"特追赠为使持","0","2","2"
"任太子中舍人","0","2","2"
"年为中书学生","0","2","2"
"加授陈兵将军","0","2","2"
"改任治书侍御","0","2","2"
"加授威远将军","0","2","2"
"他为散骑侍郎","0","2","2"
"追赠为宁朔将","0","2","2"
"赠为宁朔将军","0","2","2"
"出任龙骧将军","0","2","2"
"司空从事中郎","0","2","2"
"追赠为左将军","0","2","2"
"任司马昌明的","0","2","2"
"赐给衣冠服物","0","2","2"
"给衣冠服物车","0","2","2"
"冠服物车旗之","0","2","2"
"服物车旗之饰","0","2","2"
"萧衍的梁州刺","0","2","2"
"衍的梁州刺史","0","2","2"
"的梁州刺史平","0","2","2"
"了其徐州刺史","0","2","2"
"其徐州刺史宋","0","2","2"
"改封为东平王","0","2","2"
"真君三年封为","0","2","2"
"任抚军大将军","0","2","2"
"除授安西将军","0","2","2"
"他为抚军将军","0","2","2"
"加授开府仪同","0","2","2"
"授开府仪同三","0","2","2"
"第一领民酋长","0","2","2"
"迁任骠骑大将","0","2","2"
"授他为通直散","0","2","2"
"加授前军将军","0","2","2"
"朝廷加授其为","0","2","2"
"转任镇东将军","0","2","2"
"不久加授骠骑","0","2","2"
"久加授骠骑大","0","2","2"
"除授抚军将军","0","2","2"
"除授骠骑大将","0","2","2"
"渊为骠骑大将","0","2","2"
"慕容俊派使朝","0","2","2"
"容俊派使朝贡","0","2","2"
"建国二十八年","0","2","2"
"太后为太皇太","0","2","2"
"后为太皇太后","0","2","2"
"改封为赵郡王","0","2","2"
"公孙阿六头出","0","2","2"
"孙阿六头出使","0","2","2"
"北海王元详为","0","2","2"
"王肃为尚书令","0","2","2"
"元嘉为尚书左","0","2","2"
"嘉为尚书左仆","0","2","2"
"任城王元澄等","0","2","2"
"司马德宗的齐","0","2","2"
"马德宗的齐郡","0","2","2"
"德宗的齐郡太","0","2","2"
"宗的齐郡太守","0","2","2"
"的齐郡太守王","0","2","2"
"高阳王元雍进","0","2","2"
"阳王元雍进位","0","2","2"
"王元雍进位太","0","2","2"
"河王元怿为司","0","2","2"
"广平王元怀为","0","2","2"
"城王元澄为司","0","2","2"
"萧宝夤为镇东","0","2","2"
"宝夤为镇东将","0","2","2"
"夤为镇东将军","0","2","2"
"匿伐前来投奔","0","2","2"
"伐前来投奔怀","0","2","2"
"前来投奔怀朔","0","2","2"
"来投奔怀朔镇","0","2","2"
"汗拔陵聚众造","0","2","2"
"拔陵聚众造反","0","2","2"
"恢复仪同三司","0","2","2"
"领军将军元叉","0","2","2"
"元叉为骠骑大","0","2","2"
"叉为骠骑大将","0","2","2"
"都督河间王元","0","2","2"
"督河间王元琛","0","2","2"
"虔出使慕容垂","0","2","2"
"命东平公元仪","0","2","2"
"姚兴的征虏将","0","2","2"
"兴的征虏将军","0","2","2"
"四品将军以上","0","2","2"
"诏令散骑常侍","0","2","2"
"加授征北大将","0","2","2"
"授征北大将军","0","2","2"
"军资器械不可","0","2","2"
"资器械不可胜","0","2","2"
"器械不可胜数","0","2","2"
"任命前太尉公","0","2","2"
"王元继为太师","0","2","2"
"加授大将军尔","0","2","2"
"授大将军尔朱","0","2","2"
"将军尔朱荣为","0","2","2"
"兖三州诸军事","0","2","2"
"天柱大将军尔","0","2","2"
"柱大将军尔朱","0","2","2"
"从晋阳前来朝","0","2","2"
"晋阳前来朝见","0","2","2"
"宗郡开国公尔","0","2","2"
"开国公尔朱天","0","2","2"
"国公尔朱天光","0","2","2"
"公尔朱天光为","0","2","2"
"任命中军将军","0","2","2"
"任命右卫将军","0","2","2"
"命右卫将军贺","0","2","2"
"乐平王尔朱世","0","2","2"
"平王尔朱世隆","0","2","2"
"常山王尔朱度","0","2","2"
"山王尔朱度律","0","2","2"
"元晔为束海王","0","2","2"
"尔朱世隆担任","0","2","2"
"悦为仪同三司","0","2","2"
"河北大使高干","0","2","2"
"北大使高干邕","0","2","2"
"高干邕为侍中","0","2","2"
"景为骠骑大将","0","2","2"
"任命卫大将军","0","2","2"
"兖州刺史樊子","0","2","2"
"食邑为三千户","0","2","2"
"和元年春正月","0","2","2"
"兼散骑常侍王","0","2","2"
"部落前来投降","0","2","2"
"降为骠骑大将","0","2","2"
"派遣中书舍人","0","2","2"
"齐文襄王为使","0","2","2"
"文襄王为使持","0","2","2"
"襄王为使持节","0","2","2"
"王元坦为太傅","0","2","2"
"州以及西域羌","0","2","2"
"以及西域羌戎","0","2","2"
"宁王拓跋崇率","0","2","2"
"王拓跋崇率二","0","2","2"
"拓跋崇率二万","0","2","2"
"跋崇率二万人","0","2","2"
"母亲的记载都","0","2","2"
"亲的记载都缺","0","2","2"
"的记载都缺略","0","2","2"
"穆泰等人受死","0","2","2"
"泰等人受死刑","0","2","2"
"州刺史时逝世","0","2","2"
"担任梁州刺史","0","2","2"
"上奏疏请求免","0","2","2"
"余留的尊严所","0","2","2"
"留的尊严所压","0","2","2"
"的尊严所压抑","0","2","2"
"等到尔朱兆进","0","2","2"
"丽的妻子崔氏","0","2","2"
"年轻时喜爱学","0","2","2"
"轻时喜爱学习","0","2","2"
"很早有好名声","0","2","2"
"一定是这个人","0","2","2"
"善于安抚接纳","0","2","2"
"显祖将要惮让","0","2","2"
"被任命为长安","0","2","2"
"任命为长安镇","0","2","2"
"命为长安镇都","0","2","2"
"为长安镇都大","0","2","2"
"恢复先前的爵","0","2","2"
"复先前的爵位","0","2","2"
"性格清廉节俭","0","2","2"
"家中没有多余","0","2","2"
"中没有多余的","0","2","2"
"没有多余的财","0","2","2"
"有多余的财产","0","2","2"
"调任秦州刺史","0","2","2"
"活下来的仅十","0","2","2"
"调任冀州刺史","0","2","2"
"用来充实军用","0","2","2"
"肃宗命令有关","0","2","2"
"宗命令有关官","0","2","2"
"杀害官吏民众","0","2","2"
"领步兵骑兵十","0","2","2"
"步兵骑兵十万","0","2","2"
"兵骑兵十万人","0","2","2"
"人去讨伐他们","0","2","2"
"派遣辅国将军","0","2","2"
"等人率领骑兵","0","2","2"
"率领骑兵追赶","0","2","2"
"上奏请求改名","0","2","2"
"担任开府仪同","0","2","2"
"担任太中大夫","0","2","2"
"因贪污被赐令","0","2","2"
"贪污被赐令自","0","2","2"
"污被赐令自杀","0","2","2"
"准许继承封爵","0","2","2"
"在州中贪婪暴","0","2","2"
"被御史中尉元","0","2","2"
"主簿吕苟儿为","0","2","2"
"十多万人驻守","0","2","2"
"的人相继归附","0","2","2"
"王公三十多人","0","2","2"
"令有关官员不","0","2","2"
"杀佛教徒二百","0","2","2"
"他为秦州刺史","0","2","2"
"统领各军讨伐","0","2","2"
"领各军讨伐他","0","2","2"
"各军讨伐他们","0","2","2"
"授任光禄大夫","0","2","2"
"在河阴被杀害","0","2","2"
"迁任吏部尚书","0","2","2"
"为兼尚书右仆","0","2","2"
"人都佩服他的","0","2","2"
"他的忠诚正直","0","2","2"
"谨慎整饬自己","0","2","2"
"因公孙崇造作","0","2","2"
"尚书令臣高肇","0","2","2"
"当时议论的人","0","2","2"
"要自己谋取名","0","2","2"
"自己谋取名声","0","2","2"
"关官员上奏元","0","2","2"
"宽恕他的死罪","0","2","2"
"他为安南将军","0","2","2"
"加授镇束将军","0","2","2"
"阳王元雍等人","0","2","2"
"超越前代帝王","0","2","2"
"令交付八座商","0","2","2"
"交付八座商议","0","2","2"
"改封为济南王","0","2","2"
"任命他为都督","0","2","2"
"圣明的德行早","0","2","2"
"希望深入思考","0","2","2"
"后来蠕蠕侵犯","0","2","2"
"来蠕蠕侵犯边","0","2","2"
"军讨伐平定他","0","2","2"
"都督徐兖二州","0","2","2"
"请求解除职务","0","2","2"
"赐给帛一千匹","0","2","2"
"出任冀州刺史","0","2","2"
"仍任本号将军","0","2","2"
"皇帝亲自前去","0","2","2"
"云中的金陵陪","0","2","2"
"中的金陵陪葬","0","2","2"
"丧以孝顺闻名","0","2","2"
"元澄为使持节","0","2","2"
"诸军事去讨伐","0","2","2"
"军事去讨伐他","0","2","2"
"事去讨伐他们","0","2","2"
"文明太后接见","0","2","2"
"来表彰他的才","0","2","2"
"表彰他的才能","0","2","2"
"在皇信堂接见","0","2","2"
"魏国的任城王","0","2","2"
"顺应上天民众","0","2","2"
"群臣没有人敢","0","2","2"
"各谈自己的心","0","2","2"
"谈自己的心意","0","2","2"
"可要努力啊!","0","2","2"
"高祖非常高兴","0","2","2"
"祖非常高兴地","0","2","2"
"非常高兴地说","0","2","2"
"任他为吏部尚","0","2","2"
"他为吏部尚书","0","2","2"
"梦见一个老头","0","2","2"
"分别调遣各将","0","2","2"
"别调遣各将领","0","2","2"
"赞同他的意见","0","2","2"
"任城王可以说","0","2","2"
"城王可以说是","0","2","2"
"点燃灯烛而告","0","2","2"
"燃灯烛而告辞","0","2","2"
"获罪免除官职","0","2","2"
"推举朔州刺史","0","2","2"
"阳平王元颐为","0","2","2"
"既是国家大事","0","2","2"
"没有远大的谋","0","2","2"
"有远大的谋略","0","2","2"
"任城王这次出","0","2","2"
"城王这次出兵","0","2","2"
"他的所作所为","0","2","2"
"派遣治书侍御","0","2","2"
"以说是国家的","0","2","2"
"回头对左右的","0","2","2"
"头对左右的人","0","2","2"
"使诉讼不发生","0","2","2"
"高祖前往邺城","0","2","2"
"选拔有才能的","0","2","2"
"拔有才能的人","0","2","2"
"为尚书右仆射","0","2","2"
"萧宝卷派遣他","0","2","2"
"宝卷派遣他的","0","2","2"
"卷派遣他的太","0","2","2"
"派遣他的太尉","0","2","2"
"遣他的太尉陈","0","2","2"
"他的太尉陈显","0","2","2"
"的太尉陈显达","0","2","2"
"太尉陈显达进","0","2","2"
"尉陈显达进犯","0","2","2"
"以母亲年老为","0","2","2"
"母亲年老为由","0","2","2"
"任他为安西将","0","2","2"
"授任他为都督","0","2","2"
"为都督淮南诸","0","2","2"
"压下来不回答","0","2","2"
"加授他为散骑","0","2","2"
"萧衍的将领张","0","2","2"
"衍的将领张嚣","0","2","2"
"的将领张嚣之","0","2","2"
"奇道显攻打萧","0","2","2"
"道显攻打萧衍","0","2","2"
"显攻打萧衍的","0","2","2"
"攻打萧衍的阴","0","2","2"
"打萧衍的阴山","0","2","2"
"萧衍的阴山戍","0","2","2"
"水以南的土地","0","2","2"
"于是派遣统军","0","2","2"
"元澄派遣统军","0","2","2"
"偷袭占据画画","0","2","2"
"出击赶走了他","0","2","2"
"于是攻打钟离","0","2","2"
"哀伤过度而消","0","2","2"
"伤过度而消瘦","0","2","2"
"元澄为尚书令","0","2","2"
"不久升任司空","0","2","2"
"州刺史召入任","0","2","2"
"入任太尉长史","0","2","2"
"召入任宗正卿","0","2","2"
"一年不超过三","0","2","2"
"年不超过三天","0","2","2"
"理民众的官吏","0","2","2"
"臣下愚蠢的见","0","2","2"
"下愚蠢的见解","0","2","2"
"多不是合适人","0","2","2"
"不是合适人选","0","2","2"
"自从远古以来","0","2","2"
"诏令听从他的","0","2","2"
"盗贼反倒越多","0","2","2"
"臣下的愚蠢见","0","2","2"
"下的愚蠢见解","0","2","2"
"然而近年以来","0","2","2"
"赏赐左右的人","0","2","2"
"有听从他的意","0","2","2"
"时年五十三岁","0","2","2"
"伤感动左右的","0","2","2"
"感动左右的人","0","2","2"
"没有见到什么","0","2","2"
"时年二十五岁","0","2","2"
"他为给事黄门","0","2","2"
"中山王元熙起","0","2","2"
"山王元熙起兵","0","2","2"
"不成功而被杀","0","2","2"
"灵太后重掌大","0","2","2"
"太后重掌大权","0","2","2"
"元顺在西游园","0","2","2"
"侍中穆绍和元","0","2","2"
"在灵太后面前","0","2","2"
"追赠他为都督","0","2","2"
"跟随出帝死在","0","2","2"
"随出帝死在关","0","2","2"
"免除他的官职","0","2","2"
"后来跟随平定","0","2","2"
"出任平南将军","0","2","2"
"的雍州刺史萧","0","2","2"
"萧衍的哥哥萧","0","2","2"
"衍的哥哥萧懿","0","2","2"
"萧衍的湘州刺","0","2","2"
"衍的湘州刺史","0","2","2"
"的湘州刺史杨","0","2","2"
"刺史杨公则率","0","2","2"
"率领部众二万","0","2","2"
"等人率领步兵","0","2","2"
"人率领步兵骑","0","2","2"
"斩杀擒获几千","0","2","2"
"杀擒获几千人","0","2","2"
"率领兵士三千","0","2","2"
"领兵士三千人","0","2","2"
"军李叔仁等人","0","2","2"
"接连交战打败","0","2","2"
"萧衍的征虏将","0","2","2"
"衍的征虏将军","0","2","2"
"淹死的有四千","0","2","2"
"死的有四千多","0","2","2"
"的有四千多人","0","2","2"
"人在夜晚袭击","0","2","2"
"率领兵士一万","0","2","2"
"世宗在束堂为","0","2","2"
"宗在束堂为元","0","2","2"
"授任他为员外","0","2","2"
"任他为员外散","0","2","2"
"于是得以保全","0","2","2"
"为武阳县开国","0","2","2"
"身份回到家中","0","2","2"
"赋诗表达心意","0","2","2"
"知道而不报告","0","2","2"
"祖准许了他的","0","2","2"
"他们不相互救","0","2","2"
"们不相互救助","0","2","2"
"杰出人才的礼","0","2","2"
"率领骑兵一千","0","2","2"
"全部俘获了他","0","2","2"
"部俘获了他们","0","2","2"
"步兵骑兵三万","0","2","2"
"兵骑兵三万人","0","2","2"
"到郡中精细考","0","2","2"
"郡中精细考核","0","2","2"
"听说元英将要","0","2","2"
"说元英将要到","0","2","2"
"元英将要到来","0","2","2"
"他的骁骑将军","0","2","2"
"衍派遣他的平","0","2","2"
"部众一万多人","0","2","2"
"平定长江以南","0","2","2"
"韶令元英为使","0","2","2"
"将领二十五人","0","2","2"
"接连打败贼军","0","2","2"
"萧衍的中军大","0","2","2"
"衍的中军大将","0","2","2"
"的中军大将军","0","2","2"
"产生不同议论","0","2","2"
"据城池向南叛","0","2","2"
"城池向南叛变","0","2","2"
"率领军队守卫","0","2","2"
"代理征南将军","0","2","2"
"邢峦接连打败","0","2","2"
"放弃城池向南","0","2","2"
"弃城池向南逃","0","2","2"
"亲自统领各军","0","2","2"
"统领各军攻打","0","2","2"
"派遣他的冠军","0","2","2"
"遣他的冠军将","0","2","2"
"谧号为献武王","0","2","2"
"不久以本号将","0","2","2"
"久以本号将军","0","2","2"
"以本号将军授","0","2","2"
"本号将军授任","0","2","2"
"授任相州刺史","0","2","2"
"遭遇多灾多难","0","2","2"
"傅清河王横遭","0","2","2"
"在本月十四日","0","2","2"
"的长史柳元章","0","2","2"
"又有什么可说","0","2","2"
"有什么可说的","0","2","2"
"什么可说的呢","0","2","2"
"难道不是因为","0","2","2"
"任城王元澄逝","0","2","2"
"城王元澄逝世","0","2","2"
"的封邑一千户","0","2","2"
"他为卫大将军","0","2","2"
"从员外郎逐渐","0","2","2"
"外郎逐渐升任","0","2","2"
"清河王元恽死","0","2","2"
"河王元恽死后","0","2","2"
"刺史元法僧占","0","2","2"
"史元法僧占据","0","2","2"
"王萧综镇守徐","0","2","2"
"被任命为车骑","0","2","2"
"齐国接受惮让","0","2","2"
"很有军事谋略","0","2","2"
"升任辅国将军","0","2","2"
"渐升任通直散","0","2","2"
"继承父亲爵位","0","2","2"
"到设立五等诸","0","2","2"
"设立五等诸侯","0","2","2"
"增加食邑二百","0","2","2"
"加食邑二百户","0","2","2"
"授任冠军将军","0","2","2"
"授任平东将军","0","2","2"
"成为民众的大","0","2","2"
"擅自打开粮仓","0","2","2"
"号为镇军将军","0","2","2"
"军队屡次失败","0","2","2"
"以本来官职兼","0","2","2"
"本来官职兼任","0","2","2"
"改任车骑将军","0","2","2"
"决推辞不受任","0","2","2"
"和广阳王元渊","0","2","2"
"授任他为侍中","0","2","2"
"是将领士兵的","0","2","2"
"人可和他相比","0","2","2"
"总领内外事务","0","2","2"
"授任中军将军","0","2","2"
"追赠他为征北","0","2","2"
"第二个儿子五","0","2","2"
"代理平西将军","0","2","2"
"率领并州肆州","0","2","2"
"领并州肆州的","0","2","2"
"州的军队前往","0","2","2"
"高祖大发脾气","0","2","2"
"祖大发脾气说","0","2","2"
"根据实际情况","0","2","2"
"率领州中军队","0","2","2"
"被任命为秘书","0","2","2"
"到世宗逝世时","0","2","2"
"号为抚军将军","0","2","2"
"加授征束将军","0","2","2"
"广阳王元渊等","0","2","2"
"阳王元渊等人","0","2","2"
"在东堂为他举","0","2","2"
"仍为本号将军","0","2","2"
"他为征东将军","0","2","2"
"追赠他为平束","0","2","2"
"赠他为平束将","0","2","2"
"他为平束将军","0","2","2"
"和平四年逝世","0","2","2"
"恢复他的王爵","0","2","2"
"担任钜鹿太守","0","2","2"
"驾的文武官员","0","2","2"
"水朱荣进入洛","0","2","2"
"任命为员外郎","0","2","2"
"授任平北将军","0","2","2"
"被幽州大都督","0","2","2"
"代行青州事务","0","2","2"
"命令将领士兵","0","2","2"
"授任车骑将军","0","2","2"
"升任车骑大将","0","2","2"
"太和年间受到","0","2","2"
"升任征东将军","0","2","2"
"很快又加授散","0","2","2"
"快又加授散骑","0","2","2"
"到州上任之后","0","2","2"
"征询他的意见","0","2","2"
"他为并州刺史","0","2","2"
"高祖听说此事","0","2","2"
"编了一首歌谣","0","2","2"
"了一首歌谣说","0","2","2"
"门侍郎李琰之","0","2","2"
"因他参加讨论","0","2","2"
"升任他为车骑","0","2","2"
"任他为车骑将","0","2","2"
"被封为文安县","0","2","2"
"他为尚书左仆","0","2","2"
"依从他的意见","0","2","2"
"派尚书左丞元","0","2","2"
"依从了他的意","0","2","2"
"古以来的风尚","0","2","2"
"是有见识的人","0","2","2"
"孙惠蔚与李彪","0","2","2"
"太师冯熙逝世","0","2","2"
"高祖曾经从容","0","2","2"
"祖曾经从容地","0","2","2"
"迁任中散大夫","0","2","2"
"朝廷赐给他帛","0","2","2"
"廷赐给他帛五","0","2","2"
"清河王元怿任","0","2","2"
"河王元怿任司","0","2","2"
"王元怿任司空","0","2","2"
"以本将军除任","0","2","2"
"无不融会贯通","0","2","2"
"魏世宗的舅舅","0","2","2"
"清河王元怿看","0","2","2"
"所应采取的应","0","2","2"
"学识渊博的人","0","2","2"
"太牢的礼仪祭","0","2","2"
"被推举为孝廉","0","2","2"
"任他为通直散","0","2","2"
"转任散骑侍郎","0","2","2"
"转任中军将军","0","2","2"
"像这样的情况","0","2","2"
"齐文襄王引荐","0","2","2"
"极有才能的人","0","2","2"
"时年三十二岁","0","2","2"
"文皇帝有七个","0","2","2"
"告诫元禧等人","0","2","2"
"诫元禧等人说","0","2","2"
"掌管各项事务","0","2","2"
"有周公的才能","0","2","2"
"派遣使者告诉","0","2","2"
"祖亲自为他饯","0","2","2"
"荣阳人郑懿的","0","2","2"
"阳人郑懿的女","0","2","2"
"人郑懿的女儿","0","2","2"
"预测传国世数","0","2","2"
"在三十岁以上","0","2","2"
"礼遇优厚隆重","0","2","2"
"坚决推辞不接","0","2","2"
"决推辞不接受","0","2","2"
"率领左右的人","0","2","2"
"世宗亲自处理","0","2","2"
"宗亲自处理政","0","2","2"
"元昌的弟弟元","0","2","2"
"元树于是请求","0","2","2"
"放弃城池回到","0","2","2"
"禁在永宁佛寺","0","2","2"
"如同面临深渊","0","2","2"
"国家有固定的","0","2","2"
"打了他一百棒","0","2","2"
"授任大司农卿","0","2","2"
"授任都官尚书","0","2","2"
"正光四年逝世","0","2","2"
"追赠卫大将军","0","2","2"
"元谧的弟弟元","0","2","2"
"元实改封为平","0","2","2"
"实改封为平昌","0","2","2"
"改封为平昌王","0","2","2"
"任他为平南将","0","2","2"
"命他为车骑将","0","2","2"
"追赠镇远将军","0","2","2"
"年轻时聪明有","0","2","2"
"有固定的刑罚","0","2","2"
"得到合适的人","0","2","2"
"依臣下愚蠢的","0","2","2"
"高祖又对元羽","0","2","2"
"祖又对元羽说","0","2","2"
"又对代理尚书","0","2","2"
"接连上奏疏推","0","2","2"
"连上奏疏推辞","0","2","2"
"大鸿胪料理丧","0","2","2"
"鸿胪料理丧事","0","2","2"
"皇帝亲自前往","0","2","2"
"外出任冠军将","0","2","2"
"改任征虏将军","0","2","2"
"改封为淮阳王","0","2","2"
"担任金紫光禄","0","2","2"
"即使发令也不","0","2","2"
"升军号为征北","0","2","2"
"固定职事的人","0","2","2"
"列在上中等的","0","2","2"
"是自古以来通","0","2","2"
"自古以来通行","0","2","2"
"古以来通行的","0","2","2"
"假托韶令杀死","0","2","2"
"的身份回到第","0","2","2"
"身份回到第宅","0","2","2"
"询问侍中崔光","0","2","2"
"担任雍州刺史","0","2","2"
"以本身官职兼","0","2","2"
"的丝织品而已","0","2","2"
"侍中敦促晓谕","0","2","2"
"等到清河王元","0","2","2"
"到清河王元恽","0","2","2"
"升迁到通直常","0","2","2"
"迁到通直常侍","0","2","2"
"年轻时聪明机","0","2","2"
"被任命为光禄","0","2","2"
"彭城王元勰都","0","2","2"
"收受贿赂很多","0","2","2"
"元详的母亲高","0","2","2"
"详的母亲高太","0","2","2"
"的母亲高太妃","0","2","2"
"派遣左右的人","0","2","2"
"为什么忽然间","0","2","2"
"改任都官尚书","0","2","2"
"元颢的弟弟元","0","2","2"
"颢的弟弟元顼","0","2","2"
"没有其他的才","0","2","2"
"大概是上天要","0","2","2"
"他为光禄大夫","0","2","2"
"到皇帝向南征","0","2","2"
"代理抚军将军","0","2","2"
"到元勰的诗句","0","2","2"
"以家人身份写","0","2","2"
"家人身份写信","0","2","2"
"人身份写信给","0","2","2"
"身份写信给元","0","2","2"
"份写信给元勰","0","2","2"
"写信给元勰说","0","2","2"
"在内侍奉医药","0","2","2"
"气力疲乏危险","0","2","2"
"高祖对元勰说","0","2","2"
"也是很好的吗","0","2","2"
"高祖在行宫逝","0","2","2"
"祖在行宫逝世","0","2","2"
"德行广为传扬","0","2","2"
"加食邑一千五","0","2","2"
"接连上奏疏执","0","2","2"
"连上奏疏执意","0","2","2"
"刺史裴叔业献","0","2","2"
"史裴叔业献出","0","2","2"
"裴叔业献出寿","0","2","2"
"现在率领军队","0","2","2"
"民众休养生息","0","2","2"
"服属尊贵地位","0","2","2"
"消灭平定他们","0","2","2"
"陛下登上皇位","0","2","2"
"外出任定州刺","0","2","2"
"元勰和高阳王","0","2","2"
"勰和高阳王元","0","2","2"
"和高阳王元雍","0","2","2"
"自古以来的帝","0","2","2"
"古以来的帝王","0","2","2"
"持认为不可以","0","2","2"
"广平王元怀和","0","2","2"
"十分忧虑畏惧","0","2","2"
"代理散骑常侍","0","2","2"
"元超的弟弟元","0","2","2"
"送别死者侍奉","0","2","2"
"别死者侍奉生","0","2","2"
"死者侍奉生者","0","2","2"
"个儿子为县公","0","2","2"
"加授前后部仪","0","2","2"
"授前后部仪仗","0","2","2"
"不久授任侍中","0","2","2"
"道自己的姓名","0","2","2"
"所以他的子孙","0","2","2"
"以他的子孙就","0","2","2"
"他的子孙就以","0","2","2"
"迁徙到大沙漠","0","2","2"
"材官将军和突","0","2","2"
"水草之地游牧","0","2","2"
"太祖征讨姚兴","0","2","2"
"一万骑兵追击","0","2","2"
"百人前来投降","0","2","2"
"的女儿作为陪","0","2","2"
"女儿作为陪嫁","0","2","2"
"王长孙翰等人","0","2","2"
"犯黄河以南地","0","2","2"
"使我们腹背受","0","2","2"
"我们腹背受敌","0","2","2"
"率领他的部族","0","2","2"
"派左仆射安原","0","2","2"
"射安原等人前","0","2","2"
"安原等人前往","0","2","2"
"原等人前往征","0","2","2"
"等人前往征伐","0","2","2"
"使者向朝廷进","0","2","2"
"祖赐给他们衣","0","2","2"
"赐给他们衣服","0","2","2"
"讨伐沮渠牧犍","0","2","2"
"领十五员大将","0","2","2"
"中山王拓跋辰","0","2","2"
"凉王拓跋那从","0","2","2"
"挖掘长长的围","0","2","2"
"掘长长的围子","0","2","2"
"他派来的使者","0","2","2"
"比拔等人前来","0","2","2"
"等人前来朝贡","0","2","2"
"次被阿伏至罗","0","2","2"
"被阿伏至罗打","0","2","2"
"阿伏至罗打败","0","2","2"
"派大臣尉比建","0","2","2"
"帝派中书舍人","0","2","2"
"准许他的请求","0","2","2"
"次向朝廷上书","0","2","2"
"向朝廷上书请","0","2","2"
"朝廷上书请求","0","2","2"
"为这样做不妥","0","2","2"
"漆的盾牌六副","0","2","2"
"的盾牌六副并","0","2","2"
"把他们送到京","0","2","2"
"阿那瑰前来投","0","2","2"
"那瑰前来投奔","0","2","2"
"给朝廷上表说","0","2","2"
"侍中安丰王元","0","2","2"
"中安丰王元延","0","2","2"
"肃宗准许了他","0","2","2"
"书左丞元孚兼","0","2","2"
"左丞元孚兼任","0","2","2"
"兼任行台尚书","0","2","2"
"令骠骑大将军","0","2","2"
"十万骑兵讨伐","0","2","2"
"阿那瑰派使者","0","2","2"
"请求把自己的","0","2","2"
"高车族的分支","0","2","2"
"中之人都认为","0","2","2"
"就是由于这个","0","2","2"
"骑着马环绕旋","0","2","2"
"着马环绕旋转","0","2","2"
"有水草的地方","0","2","2"
"北一百多里的","0","2","2"
"一百多里的地","0","2","2"
"百多里的地方","0","2","2"
"获人口及马牛","0","2","2"
"人口及马牛羊","0","2","2"
"自统率六军从","0","2","2"
"统率六军从中","0","2","2"
"率六军从中路","0","2","2"
"率领二万骑兵","0","2","2"
"方圆千里之地","0","2","2"
"向朝廷进献贡","0","2","2"
"阳王元继为都","0","2","2"
"王元继为都督","0","2","2"
"就像魏人所说","0","2","2"
"像魏人所说的","0","2","2"
"诏令员外散骑","0","2","2"
"再次派遣使者","0","2","2"
"在蒲类海北面","0","2","2"
"把他们打得大","0","2","2"
"伊匐为镇西将","0","2","2"
"匐为镇西将军","0","2","2"
"又被蠕蠕打败","0","2","2"
"有志气和节操","0","2","2"
"把自己的女儿","0","2","2"
"女儿许配给他","0","2","2"
"有很好的政绩","0","2","2"
"任太尉从事中","0","2","2"
"向朝廷上书说","0","2","2"
"任东益州刺史","0","2","2"
"元颢威逼朝廷","0","2","2"
"光禄大夫之职","0","2","2"
"任左光禄大夫","0","2","2"
"顺从我的心意","0","2","2"
"而任太学博士","0","2","2"
"兼任中书侍郎","0","2","2"
"时年二十六岁","0","2","2"
"令魏收起草诏","0","2","2"
"魏收起草诏书","0","2","2"
"亲手写下诏书","0","2","2"
"手写下诏书给","0","2","2"
"齐献武王坚决","0","2","2"
"献武王坚决推","0","2","2"
"表达自己的心","0","2","2"
"达自己的心意","0","2","2"
"掌管编修国史","0","2","2"
"上奏皇帝请求","0","2","2"
"奏皇帝请求让","0","2","2"
"等到太祖登上","0","2","2"
"有推举拥立的","0","2","2"
"爵位为襄城公","0","2","2"
"神元皇帝的后","0","2","2"
"元皇帝的后代","0","2","2"
"担任显要职位","0","2","2"
"是桓帝的后代","0","2","2"
"担任殿中尚书","0","2","2"
"太祖向南征伐","0","2","2"
"政事以行贿而","0","2","2"
"事以行贿而成","0","2","2"
"皇帝亲自统率","0","2","2"
"山大规模狩猎","0","2","2"
"于是突然逝世","0","2","2"
"趄的远房弟弟","0","2","2"
"是平文皇帝的","0","2","2"
"帝的第四个儿","0","2","2"
"后来继承祖父","0","2","2"
"来继承祖父的","0","2","2"
"依例降爵位为","0","2","2"
"派遣将领讨伐","0","2","2"
"遣将领讨伐平","0","2","2"
"将领讨伐平定","0","2","2"
"世祖赐给爵位","0","2","2"
"祖赐给爵位为","0","2","2"
"赐爵位为晋阳","0","2","2"
"皇帝听从了他","0","2","2"
"帝听从了他的","0","2","2"
"任命为外都大","0","2","2"
"命为外都大官","0","2","2"
"依条例降爵位","0","2","2"
"不久因母亲去","0","2","2"
"久因母亲去世","0","2","2"
"任南兖州刺史","0","2","2"
"交付有关官员","0","2","2"
"有能干的名声","0","2","2"
"朱荣擒获葛荣","0","2","2"
"世袭并州刺史","0","2","2"
"府主簿河间人","0","2","2"
"主簿河间人邢","0","2","2"
"郡守县令来安","0","2","2"
"守县令来安抚","0","2","2"
"天穆和齐献武","0","2","2"
"穆和齐献武王","0","2","2"
"追赠为司徒公","0","2","2"
"送膳食到家中","0","2","2"
"亲自前往他的","0","2","2"
"前往他的宅第","0","2","2"
"进入八议范围","0","2","2"
"当时文明太后","0","2","2"
"太后亲自前往","0","2","2"
"祖听从他的意","0","2","2"
"平白无故地要","0","2","2"
"白无故地要迁","0","2","2"
"臣下等人商议","0","2","2"
"在伊水洛水之","0","2","2"
"伊水洛水之间","0","2","2"
"司徒冯诞逝世","0","2","2"
"皇帝亲临丧事","0","2","2"
"以天子的尊贵","0","2","2"
"该如何对待大","0","2","2"
"时年八十二岁","0","2","2"
"跟随征伐赫连","0","2","2"
"随征伐赫连昌","0","2","2"
"被任命为内都","0","2","2"
"普天之下的人","0","2","2"
"聚敛没有极限","0","2","2"
"派遣他的弟弟","0","2","2"
"讨伐消灭了他","0","2","2"
"伐消灭了他们","0","2","2"
"因事获罪被处","0","2","2"
"事获罪被处死","0","2","2"
"是宗室疏远的","0","2","2"
"和南平公长孙","0","2","2"
"慕容垂派遣他","0","2","2"
"容垂派遣他的","0","2","2"
"垂派遣他的太","0","2","2"
"派遣他的太子","0","2","2"
"遣他的太子慕","0","2","2"
"他的太子慕容","0","2","2"
"太子慕容宝来","0","2","2"
"有见识的人都","0","2","2"
"时年五十五岁","0","2","2"
"后部羽葆仪仗","0","2","2"
"被追赠为龙骧","0","2","2"
"追赠为龙骧将","0","2","2"
"赠为龙骧将军","0","2","2"
"州别驾时去世","0","2","2"
"多次升任散骑","0","2","2"
"次升任散骑常","0","2","2"
"高徽一起出使","0","2","2"
"有气魄和才干","0","2","2"
"代理河州事务","0","2","2"
"上表请求援兵","0","2","2"
"起初任奉朝请","0","2","2"
"赠为安东将军","0","2","2"
"例降爵位为伯","0","2","2"
"是清河东武城","0","2","2"
"命他为秘书监","0","2","2"
"贼人没有平定","0","2","2"
"使者向常山王","0","2","2"
"者向常山王元","0","2","2"
"向常山王元遵","0","2","2"
"常山王元遵请","0","2","2"
"山王元遵请求","0","2","2"
"王元遵请求援","0","2","2"
"元遵请求援兵","0","2","2"
"贬抑他的君主","0","2","2"
"世祖听说刘义","0","2","2"
"祖听说刘义隆","0","2","2"
"年轻时为中书","0","2","2"
"轻时为中书学","0","2","2"
"时为中书学生","0","2","2"
"保全他的性命","0","2","2"
"改任七兵尚书","0","2","2"
"有称职的声誉","0","2","2"
"容白曜平定三","0","2","2"
"白曜平定三齐","0","2","2"
"率领二百人到","0","2","2"
"任开府中兵参","0","2","2"
"去世后追赠为","0","2","2"
"兼员外散骑常","0","2","2"
"作为永久的制","0","2","2"
"为永久的制度","0","2","2"
"升任廷尉少卿","0","2","2"
"追赠为右将军","0","2","2"
"二十岁左右任","0","2","2"
"在慕容垂手下","0","2","2"
"慕容垂手下做","0","2","2"
"容垂手下做官","0","2","2"
"卫王元仪镇守","0","2","2"
"王元仪镇守中","0","2","2"
"元仪镇守中山","0","2","2"
"慕容垂的尚书","0","2","2"
"在趟郡的高邑","0","2","2"
"赐给爵位为高","0","2","2"
"历任中书侍郎","0","2","2"
"年轻时由父亲","0","2","2"
"升任南部尚书","0","2","2"
"朝任内都大官","0","2","2"
"慕容垂任命他","0","2","2"
"容垂任命他为","0","2","2"
"追赠为青州刺","0","2","2"
"赠为青州刺史","0","2","2"
"打败平凉的功","0","2","2"
"败平凉的功劳","0","2","2"
"赐给爵位为济","0","2","2"
"恭宗做太子时","0","2","2"
"为镇束大将军","0","2","2"
"与襄城公卢鲁","0","2","2"
"世祖非常哀伤","0","2","2"
"祖非常哀伤惋","0","2","2"
"非常哀伤惋惜","0","2","2"
"显祖因他是功","0","2","2"
"命他为营州刺","0","2","2"
"他为营州刺史","0","2","2"
"他为尚书左丞","0","2","2"
"后来继承父亲","0","2","2"
"来继承父亲的","0","2","2"
"加授平远将军","0","2","2"
"回朝任尚书左","0","2","2"
"从征伐赫连昌","0","2","2"
"人因此称赞他","0","2","2"
"五岁以上的子","0","2","2"
"亲临他的丧礼","0","2","2"
"升任平南将军","0","2","2"
"有祖父的风范","0","2","2"
"他前前后后的","0","2","2"
"改任中散大夫","0","2","2"
"官为太学博士","0","2","2"
"灵太后重新执","0","2","2"
"太后重新执政","0","2","2"
"改任通直散骑","0","2","2"
"出使长江以南","0","2","2"
"慕容垂的儿子","0","2","2"
"赐给他爵位为","0","2","2"
"然后进军讨伐","0","2","2"
"兖州刺史尉建","0","2","2"
"奚斤等渡黄河","0","2","2"
"大败刘义隆的","0","2","2"
"败刘义隆的将","0","2","2"
"有地位的家族","0","2","2"
"第二个儿子公","0","2","2"
"二个儿子公孙","0","2","2"
"世祖对崔浩说","0","2","2"
"中书省和秘书","0","2","2"
"书省和秘书省","0","2","2"
"受到高祖赏识","0","2","2"
"的人都说敌人","0","2","2"
"越级升任尚书","0","2","2"
"流民编为当地","0","2","2"
"民编为当地民","0","2","2"
"编为当地民户","0","2","2"
"在任期间去世","0","2","2"
"忠实厚道廉洁","0","2","2"
"实厚道廉洁谨","0","2","2"
"厚道廉洁谨慎","0","2","2"
"司马昌明死后","0","2","2"
"这不是我所知","0","2","2"
"事情不能成功","0","2","2"
"犯高祖的名讳","0","2","2"
"慕容垂消灭慕","0","2","2"
"容垂消灭慕容","0","2","2"
"垂消灭慕容永","0","2","2"
"太祖问李先说","0","2","2"
"有杰出的才能","0","2","2"
"统军治国的大","0","2","2"
"享年九十五岁","0","2","2"
"有人比得上他","0","2","2"
"曾派遣使者向","0","2","2"
"爵的身份回到","0","2","2"
"擅自作威作福","0","2","2"
"求公主的称号","0","2","2"
"于是上表请求","0","2","2"
"出任黎阳太守","0","2","2"
"继承哥哥的爵","0","2","2"
"承哥哥的爵位","0","2","2"
"皇兴元年去世","0","2","2"
"又分出一部分","0","2","2"
"流行性传染病","0","2","2"
"到太行山以东","0","2","2"
"西方少数民族","0","2","2"
"将领刘裕征伐","0","2","2"
"领刘裕征伐姚","0","2","2"
"刘裕征伐姚泓","0","2","2"
"的公卿大臣都","0","2","2"
"司马休之等人","0","2","2"
"刘裕取得关中","0","2","2"
"是形势决定的","0","2","2"
"一尺土地的资","0","2","2"
"尺土地的资本","0","2","2"
"德行高尚的人","0","2","2"
"设置郡守县令","0","2","2"
"于是派遣奚斤","0","2","2"
"大量俘获而回","0","2","2"
"披头散发如牦","0","2","2"
"头散发如牦牛","0","2","2"
"散发如牦牛的","0","2","2"
"扬言调动人马","0","2","2"
"现在出其不意","0","2","2"
"大军突然出现","0","2","2"
"进入蠕蠕境内","0","2","2"
"南部各镇将领","0","2","2"
"给国家惹是生","0","2","2"
"国家惹是生非","0","2","2"
"邪王司马楚之","0","2","2"
"王司马楚之等","0","2","2"
"世祖听从了他","0","2","2"
"公卿大臣讨论","0","2","2"
"卿大臣讨论这","0","2","2"
"奚斤等三十多","0","2","2"
"斤等三十多人","0","2","2"
"等三十多人都","0","2","2"
"对方听说大军","0","2","2"
"世祖于是命令","0","2","2"
"群臣于是不敢","0","2","2"
"臣于是不敢再","0","2","2"
"占有中原地区","0","2","2"
"帝业才开始更","0","2","2"
"业才开始更新","0","2","2"
"薛永宗的营垒","0","2","2"
"自然界的变化","0","2","2"
"然界的变化规","0","2","2"
"界的变化规律","0","2","2"
"把女儿嫁给他","0","2","2"
"秃发亻辱檀之","0","2","2"
"发亻辱檀之子","0","2","2"
"檀被乞伏炽磐","0","2","2"
"世祖征讨凉州","0","2","2"
"进行招安抚慰","0","2","2"
"平定凉州之后","0","2","2"
"随从世祖征伐","0","2","2"
"从世祖征伐蠕","0","2","2"
"散骑常侍之职","0","2","2"
"被授任为殿中","0","2","2"
"授任为殿中尚","0","2","2"
"南安王拓跋余","0","2","2"
"同南部尚书陆","0","2","2"
"爵位为西平王","0","2","2"
"高宗即位之后","0","2","2"
"阴谋反叛朝廷","0","2","2"
"大逆不道的罪","0","2","2"
"源贺向皇帝上","0","2","2"
"就是这个意思","0","2","2"
"图谋反叛朝廷","0","2","2"
"显祖打算把皇","0","2","2"
"祖打算把皇位","0","2","2"
"打算把皇位传","0","2","2"
"算把皇位传给","0","2","2"
"把皇位传给京","0","2","2"
"皇位传给京兆","0","2","2"
"位传给京兆王","0","2","2"
"最重要的内容","0","2","2"
"请求辞去官职","0","2","2"
"屯驻在大沙漠","0","2","2"
"驻在大沙漠之","0","2","2"
"又赐给他衣服","0","2","2"
"太和元年二月","0","2","2"
"皇帝追授他为","0","2","2"
"规定其谥号为","0","2","2"
"督率诸军征讨","0","2","2"
"九品以上的官","0","2","2"
"萧衍举事成功","0","2","2"
"土崩瓦解之势","0","2","2"
"如果像这样做","0","2","2"
"委付他进行处","0","2","2"
"付他进行处置","0","2","2"
"令源怀任使持","0","2","2"
"源怀任使持节","0","2","2"
"巡行北部边境","0","2","2"
"皇后的父亲于","0","2","2"
"后的父亲于劲","0","2","2"
"百姓因此而困","0","2","2"
"百姓怨声载道","0","2","2"
"王杨绍先的叔","0","2","2"
"杨绍先的叔父","0","2","2"
"绍先的叔父杨","0","2","2"
"先的叔父杨集","0","2","2"
"的叔父杨集起","0","2","2"
"追赠他为司徒","0","2","2"
"经常对别人说","0","2","2"
"成全他的美德","0","2","2"
"皇帝令源子恭","0","2","2"
"帝令源子恭持","0","2","2"
"令源子恭持节","0","2","2"
"源子恭持节为","0","2","2"
"书表奏上朝廷","0","2","2"
"及至六镇反叛","0","2","2"
"朝廷以源子恭","0","2","2"
"以源子恭兼任","0","2","2"
"萧衍的豫州刺","0","2","2"
"衍的豫州刺史","0","2","2"
"率领部众三万","0","2","2"
"领部众三万人","0","2","2"
"朝廷授任他为","0","2","2"
"他为镇南将军","0","2","2"
"萧衍的直将军","0","2","2"
"后加授散骑常","0","2","2"
"不久迁任侍中","0","2","2"
"源子恭为都督","0","2","2"
"构筑堡垒用以","0","2","2"
"筑堡垒用以防","0","2","2"
"兖二州诸军事","0","2","2"
"年轻时擅长骑","0","2","2"
"轻时擅长骑马","0","2","2"
"时擅长骑马射","0","2","2"
"依照安城王叔","0","2","2"
"照安城王叔孙","0","2","2"
"他为中书侍郎","0","2","2"
"补正缺点过失","0","2","2"
"跟从征讨赫连","0","2","2"
"跟从征讨平凉","0","2","2"
"因功被任命为","0","2","2"
"经常跟从征伐","0","2","2"
"与他同睡同起","0","2","2"
"兴安二年去世","0","2","2"
"因善于骑马射","0","2","2"
"领几十名骑兵","0","2","2"
"被御史中尉王","0","2","2"
"跟从世祖征伐","0","2","2"
"赏赐数以万计","0","2","2"
"娶昭成帝的女","0","2","2"
"昭成帝的女儿","0","2","2"
"晋宣帝司马懿","0","2","2"
"司马德宗的平","0","2","2"
"马德宗的平西","0","2","2"
"德宗的平西将","0","2","2"
"宗的平西将军","0","2","2"
"司马休之的儿","0","2","2"
"马休之的儿子","0","2","2"
"休之的儿子司","0","2","2"
"之的儿子司马","0","2","2"
"的儿子司马文","0","2","2"
"表给司马德宗","0","2","2"
"以及司马德宗","0","2","2"
"及司马德宗的","0","2","2"
"州治中韩延之","0","2","2"
"陈郡人袁式等","0","2","2"
"他为征西大将","0","2","2"
"等人反叛朝廷","0","2","2"
"世祖任司马文","0","2","2"
"祖任司马文思","0","2","2"
"任司马文思为","0","2","2"
"河以北的百姓","0","2","2"
"命司马楚之为","0","2","2"
"这实在是陛下","0","2","2"
"司马楚之在长","0","2","2"
"马楚之在长社","0","2","2"
"楚之在长社打","0","2","2"
"之在长社打败","0","2","2"
"擒获刘义隆将","0","2","2"
"李元德以及东","0","2","2"
"元德以及东郡","0","2","2"
"德以及东郡太","0","2","2"
"以及东郡太守","0","2","2"
"及东郡太守申","0","2","2"
"臣思陛下圣德","0","2","2"
"司马楚之为假","0","2","2"
"马楚之为假节","0","2","2"
"军从散关西进","0","2","2"
"北将军封沓逃","0","2","2"
"将军封沓逃入","0","2","2"
"和平五年去世","0","2","2"
"父亲的爵位为","0","2","2"
"爵位为关内侯","0","2","2"
"授任为冀州刺","0","2","2"
"征召陆俟回到","0","2","2"
"召陆俟回到京","0","2","2"
"世祖听说此事","0","2","2"
"跟随皇帝出征","0","2","2"
"与高凉王拓跋","0","2","2"
"凉王拓跋那率","0","2","2"
"率军渡过黄河","0","2","2"
"把那里的民户","0","2","2"
"盖吴的两个叔","0","2","2"
"吴的两个叔父","0","2","2"
"任命他为太子","0","2","2"
"在行宫朝见皇","0","2","2"
"刁雍对叔孙建","0","2","2"
"雍对叔孙建说","0","2","2"
"皇帝又下诏让","0","2","2"
"太平真君二年","0","2","2"
"帝下诏让刁雍","0","2","2"
"与建兴公古弼","0","2","2"
"等十余名将领","0","2","2"
"而今臣请求在","0","2","2"
"太平真君十年","0","2","2"
"赐给奴婢十五","0","2","2"
"爵位为高平公","0","2","2"
"不跪拜的诏令","0","2","2"
"的少数民族就","0","2","2"
"有什么办法呢","0","2","2"
"继承先世的爵","0","2","2"
"承先世的爵位","0","2","2"
"李顺出使凉州","0","2","2"
"贻误国家大事","0","2","2"
"当时的人为他","0","2","2"
"守渡口的官吏","0","2","2"
"不久升任散骑","0","2","2"
"母亲年老请求","0","2","2"
"改任骁骑将军","0","2","2"
"临淮王元或等","0","2","2"
"遣他的豫章王","0","2","2"
"派遣兼黄门侍","0","2","2"
"遣兼黄门侍郎","0","2","2"
"灵太后认为元","0","2","2"
"任梁州骠骑府","0","2","2"
"任太尉参军事","0","2","2"
"的第二个女儿","0","2","2"
"加授通直散骑","0","2","2"
"授通直散骑常","0","2","2"
"所写作的诗赋","0","2","2"
"议论国事兴革","0","2","2"
"赐给钱二十万","0","2","2"
"跟从世祖征讨","0","2","2"
"汝南王元悦的","0","2","2"
"兼任散骑常侍","0","2","2"
"赠为征虏将军","0","2","2"
"终年五十七岁","0","2","2"
"在梁城打败萧","0","2","2"
"梁城打败萧衍","0","2","2"
"武定六年去世","0","2","2"
"冀州京兆王元","0","2","2"
"州京兆王元愉","0","2","2"
"李熙本家族的","0","2","2"
"熙本家族的孙","0","2","2"
"本家族的孙子","0","2","2"
"萧衍又派遣他","0","2","2"
"衍又派遣他的","0","2","2"
"多不奉行法度","0","2","2"
"授任定州刺史","0","2","2"
"服丧一年的亲","0","2","2"
"丧一年的亲属","0","2","2"
"的亲属为之前","0","2","2"
"亲属为之前去","0","2","2"
"儿子五茎继承","0","2","2"
"名籍成为平民","0","2","2"
"不久恢复王爵","0","2","2"
"不久升为侍中","0","2","2"
"学识广见闻多","0","2","2"
"人们都安居乐","0","2","2"
"们都安居乐业","0","2","2"
"高祖采纳了他","0","2","2"
"的人有一千多","0","2","2"
"不合礼制的祭","0","2","2"
"合礼制的祭祀","0","2","2"
"葬于京城之东","0","2","2"
"迁都洛阳之后","0","2","2"
"皇帝对他的宠","0","2","2"
"一定要让他们","0","2","2"
"父亲办理丧事","0","2","2"
"世宗即位以后","0","2","2"
"茹皓受到皇帝","0","2","2"
"到世宗的宠幸","0","2","2"
"北海王元详所","0","2","2"
"东宫迎接肃宗","0","2","2"
"宫迎接肃宗即","0","2","2"
"迎接肃宗即位","0","2","2"
"如此厚重的宠","0","2","2"
"任城王元澄替","0","2","2"
"城王元澄替他","0","2","2"
"在宣光殿召见","0","2","2"
"于是下达诏令","0","2","2"
"是下达诏令说","0","2","2"
"清河王元怿所","0","2","2"
"宗准许了他的","0","2","2"
"的女儿为夫人","0","2","2"
"志在安抚边远","0","2","2"
"多人在城南抗","0","2","2"
"人在城南抗拒","0","2","2"
"沮渠万年率领","0","2","2"
"渠万年率领部","0","2","2"
"万年率领部下","0","2","2"
"又有人告发沮","0","2","2"
"有人告发沮渠","0","2","2"
"人告发沮渠牧","0","2","2"
"告发沮渠牧犍","0","2","2"
"杀死一百多人","0","2","2"
"给他定谥号为","0","2","2"
"宗室之女嫁给","0","2","2"
"就授任刘渊为","0","2","2"
"率领一万骑兵","0","2","2"
"的第四个弟弟","0","2","2"
"被成都王司马","0","2","2"
"立为帝的时候","0","2","2"
"刘渊同族兄弟","0","2","2"
"渊同族兄弟之","0","2","2"
"同族兄弟之子","0","2","2"
"族兄弟之子刘","0","2","2"
"兄弟之子刘曜","0","2","2"
"石虎让他的太","0","2","2"
"虎让他的太子","0","2","2"
"让他的太子石","0","2","2"
"和他的妻子儿","0","2","2"
"突然刮起大风","0","2","2"
"了一个多月才","0","2","2"
"仪出使慕容垂","0","2","2"
"拥有数万之众","0","2","2"
"万骑兵在黄河","0","2","2"
"率十万骑兵在","0","2","2"
"慕容宝的军营","0","2","2"
"把皇位让给他","0","2","2"
"免去皇帝的称","0","2","2"
"去皇帝的称号","0","2","2"
"派遣使者牛恬","0","2","2"
"苻坚派遣他的","0","2","2"
"的儿子长乐公","0","2","2"
"儿子长乐公苻","0","2","2"
"子长乐公苻丕","0","2","2"
"杀死了苻坚部","0","2","2"
"死了苻坚部将","0","2","2"
"苻坚派遣使者","0","2","2"
"道投奔司马昌","0","2","2"
"投奔司马昌明","0","2","2"
"掌管膳食的官","0","2","2"
"管膳食的官员","0","2","2"
"他为梁州刺史","0","2","2"
"率领数千骑兵","0","2","2"
"义阳公姚平率","0","2","2"
"阳公姚平率领","0","2","2"
"率领四万人马","0","2","2"
"听说姚兴将要","0","2","2"
"又派使者前来","0","2","2"
"他的西平公主","0","2","2"
"世祖在长江边","0","2","2"
"朝廷内外都畏","0","2","2"
"廷内外都畏惧","0","2","2"
"内外都畏惧他","0","2","2"
"赐爵位为睢阳","0","2","2"
"做到人尽其才","0","2","2"
"加授侍中之职","0","2","2"
"京兆王元子推","0","2","2"
"陈述自己的看","0","2","2"
"述自己的看法","0","2","2"
"为东徐州刺史","0","2","2"
"出任徐州刺史","0","2","2"
"在官任上去世","0","2","2"
"赠他为司空公","0","2","2"
"的官职做到了","0","2","2"
"官职做到了乐","0","2","2"
"职做到了乐陵","0","2","2"
"太后临朝执政","0","2","2"
"生杀予夺之权","0","2","2"
"的兖州刺史王","0","2","2"
"兖州刺史王恭","0","2","2"
"司马德宗授任","0","2","2"
"司马尚之兄弟","0","2","2"
"等人大为惊惧","0","2","2"
"殷仲堪派龙骧","0","2","2"
"仲堪派龙骧将","0","2","2"
"堪派龙骧将军","0","2","2"
"城内大闹饥荒","0","2","2"
"刘牢之为前锋","0","2","2"
"挟持司马德宗","0","2","2"
"准带甲仗二百","0","2","2"
"带甲仗二百人","0","2","2"
"刺史司马尚之","0","2","2"
"豫州刺史等职","0","2","2"
"总领文武百官","0","2","2"
"司马德宗的彭","0","2","2"
"马德宗的彭城","0","2","2"
"德宗的彭城内","0","2","2"
"宗的彭城内史","0","2","2"
"的彭城内史刘","0","2","2"
"桓玄之子桓升","0","2","2"
"的益州刺史毛","0","2","2"
"冯文通的尚书","0","2","2"
"了他们的意见","0","2","2"
"兼鸿胪卿李继","0","2","2"
"朝廷充当人质","0","2","2"
"有一尺二寸长","0","2","2"
"领护东夷中郎","0","2","2"
"当与冯文通一","0","2","2"
"萧道成的使者","0","2","2"
"勿吉国派遣使","0","2","2"
"吉国派遣使者","0","2","2"
"骑逃走得以幸","0","2","2"
"被任命为辅国","0","2","2"
"任命为辅国将","0","2","2"
"命为辅国将军","0","2","2"
"衍又派他的部","0","2","2"
"又派他的部将","0","2","2"
"他的宁朔将军","0","2","2"
"中山王元英将","0","2","2"
"刘思祖在邵阳","0","2","2"
"元英在樊城打","0","2","2"
"英在樊城打败","0","2","2"
"在樊城打败萧","0","2","2"
"樊城打败萧衍","0","2","2"
"萧衍部将马仙","0","2","2"
"衍部将马仙鴘","0","2","2"
"蔡灵恩等十多","0","2","2"
"州刺史张宗之","0","2","2"
"刺史张宗之派","0","2","2"
"前来请求归附","0","2","2"
"来请求归附朝","0","2","2"
"请求归附朝廷","0","2","2"
"汉中归附朝廷","0","2","2"
"皇帝令尚书邢","0","2","2"
"帝令尚书邢峦","0","2","2"
"令尚书邢峦率","0","2","2"
"破萧衍的军队","0","2","2"
"于是进入剑阁","0","2","2"
"他的辅国将军","0","2","2"
"邢峦又派统军","0","2","2"
"王足打败萧衍","0","2","2"
"足打败萧衍的","0","2","2"
"大败萧衍部众","0","2","2"
"率军侵犯寿春","0","2","2"
"正始三年正月","0","2","2"
"南将军陈伯之","0","2","2"
"了其辅国将军","0","2","2"
"魏军追击到了","0","2","2"
"将军元恒攻克","0","2","2"
"军元恒攻克固","0","2","2"
"元恒攻克固城","0","2","2"
"其大将蓝怀恭","0","2","2"
"右仆射柳忄炎","0","2","2"
"刺史昌义之等","0","2","2"
"史昌义之等人","0","2","2"
"中山王元英率","0","2","2"
"山王元英率军","0","2","2"
"邢峦率领骑兵","0","2","2"
"率领部众侵犯","0","2","2"
"打败并擒获了","0","2","2"
"中山王元英攻","0","2","2"
"萧衍的长薄戍","0","2","2"
"萧衍的云骑将","0","2","2"
"衍的云骑将军","0","2","2"
"县开国子彭瓮","0","2","2"
"当阳县开国伯","0","2","2"
"李元履放弃黄","0","2","2"
"元履放弃黄岘","0","2","2"
"履放弃黄岘逃","0","2","2"
"放弃黄岘逃走","0","2","2"
"萧衍所属琅笽","0","2","2"
"衍所属琅笽郡","0","2","2"
"了萧衍的辅国","0","2","2"
"城归附于朝廷","0","2","2"
"州刺史卢昶派","0","2","2"
"兼郯城戍副将","0","2","2"
"郯城戍副将张","0","2","2"
"城戍副将张天","0","2","2"
"戍副将张天惠","0","2","2"
"副将张天惠率","0","2","2"
"张天惠与王万","0","2","2"
"天惠与王万寿","0","2","2"
"惠与王万寿等","0","2","2"
"斩杀敌军数百","0","2","2"
"派琅笽戍主傅","0","2","2"
"萧衍派兵侵犯","0","2","2"
"级传送到京师","0","2","2"
"法僧占据州城","0","2","2"
"萧综镇守彭城","0","2","2"
"以为是自己的","0","2","2"
"对他非常宠爱","0","2","2"
"他的北梁州长","0","2","2"
"的北梁州长史","0","2","2"
"刺史傅竖眼派","0","2","2"
"他的儿子傅敬","0","2","2"
"的儿子傅敬绍","0","2","2"
"儿子傅敬绍率","0","2","2"
"锡休儒等人逃","0","2","2"
"萧衍的益州刺","0","2","2"
"衍的益州刺史","0","2","2"
"的益州刺史萧","0","2","2"
"刺史萧渊猷派","0","2","2"
"州刺史邴虬派","0","2","2"
"又改年号为大","0","2","2"
"北海王元颢投","0","2","2"
"海王元颢投奔","0","2","2"
"刺史茹怀朗派","0","2","2"
"徐兖二州刺史","0","2","2"
"他的邺王元树","0","2","2"
"的邺王元树和","0","2","2"
"邺王元树和谯","0","2","2"
"王元树和谯州","0","2","2"
"元树和谯州刺","0","2","2"
"树和谯州刺史","0","2","2"
"和谯州刺史朱","0","2","2"
"的司州刺史陈","0","2","2"
"州刺史陈庆之","0","2","2"
"萧衍的雍州刺","0","2","2"
"衍的雍州刺史","0","2","2"
"刺史尧雄攻打","0","2","2"
"帝准许了他的","0","2","2"
"派他的散骑常","0","2","2"
"派遣使者回访","0","2","2"
"司徒侯景反叛","0","2","2"
"萧衍之子萧纲","0","2","2"
"派遣他哥哥的","0","2","2"
"遣他哥哥的儿","0","2","2"
"他哥哥的儿子","0","2","2"
"大破萧衍部众","0","2","2"
"俘虏斩杀敌人","0","2","2"
"的人不可胜数","0","2","2"
"侯景渡过长江","0","2","2"
"死者相互枕藉","0","2","2"
"司马德宗属下","0","2","2"
"司马元显为征","0","2","2"
"向朝廷上表请","0","2","2"
"抵抗王恭等人","0","2","2"
"宗派遣使者来","0","2","2"
"军队前去讨伐","0","2","2"
"听说刘牢之的","0","2","2"
"说刘牢之的军","0","2","2"
"刘牢之的军队","0","2","2"
"他的儿子司马","0","2","2"
"乘其不备进行","0","2","2"
"迎接司马德宗","0","2","2"
"他的亲信党羽","0","2","2"
"司马德宗去世","0","2","2"
"凉州各军讨伐","0","2","2"
"州各军讨伐吐","0","2","2"
"各军讨伐吐谷","0","2","2"
"军讨伐吐谷浑","0","2","2"
"改封为临淮王","0","2","2"
"取下帽子请求","0","2","2"
"下帽子请求解","0","2","2"
"又封为临淮王","0","2","2"
"衍派遣将领围","0","2","2"
"派遣将领围困","0","2","2"
"有见识的人所","0","2","2"
"担任北道行台","0","2","2"
"于是上奏疏请","0","2","2"
"是上奏疏请求","0","2","2"
"上奏疏请求治","0","2","2"
"奏疏请求治罪","0","2","2"
"出帝进入函谷","0","2","2"
"年轻时沉稳机","0","2","2"
"轻时沉稳机敏","0","2","2"
"喜怒不表现在","0","2","2"
"怒不表现在脸","0","2","2"
"出入有人侍卫","0","2","2"
"人认为他很荣","0","2","2"
"事以贿赂而成","0","2","2"
"请求回到京城","0","2","2"
"函谷关以西的","0","2","2"
"有什么关系?","0","2","2"
"当时齐献武王","0","2","2"
"任尚书祠部郎","0","2","2"
"恢复他的爵位","0","2","2"
"改年号为永平","0","2","2"
"内外的人畏惧","0","2","2"
"外的人畏惧他","0","2","2"
"其祖先是代人","0","2","2"
"高聪等四支军","0","2","2"
"观看的人都认","0","2","2"
"看的人都认为","0","2","2"
"人都认为这是","0","2","2"
"他为平西将军","0","2","2"
"拜授他为光禄","0","2","2"
"宗在西林园朝","0","2","2"
"在西林园朝见","0","2","2"
"肃宗在宣光殿","0","2","2"
"起身拉着肃宗","0","2","2"
"身拉着肃宗的","0","2","2"
"拉着肃宗的手","0","2","2"
"命令尚书李冲","0","2","2"
"出任征虏将军","0","2","2"
"隶属于都督李","0","2","2"
"属于都督李崇","0","2","2"
"率领数万人马","0","2","2"
"等人率领二万","0","2","2"
"人率领二万人","0","2","2"
"斩杀萧衍辅国","0","2","2"
"杀萧衍辅国将","0","2","2"
"中山王元英一","0","2","2"
"将领康绚在浮","0","2","2"
"领康绚在浮山","0","2","2"
"率领诸路军马","0","2","2"
"与萧宝夤一起","0","2","2"
"也不能超过他","0","2","2"
"所导致的结果","0","2","2"
"一起讨伐敌人","0","2","2"
"他为安北将军","0","2","2"
"正光五年秋天","0","2","2"
"又被打得大败","0","2","2"
"善于抚慰将士","0","2","2"
"萧赜派其散骑","0","2","2"
"赜派其散骑常","0","2","2"
"派其散骑常侍","0","2","2"
"失在什么地方","0","2","2"
"都送给他一些","0","2","2"
"加授中坚将军","0","2","2"
"拜授游击将军","0","2","2"
"加授平西将军","0","2","2"
"加授车骑将军","0","2","2"
"被宇文黑獭杀","0","2","2"
"当时天色已晚","0","2","2"
"这是有见识的","0","2","2"
"讨伐打败了敌","0","2","2"
"伐打败了敌人","0","2","2"
"又加授抚军将","0","2","2"
"部尚书元世隽","0","2","2"
"死于州任之上","0","2","2"
"赠他为骠骑大","0","2","2"
"授他为中军将","0","2","2"
"他为中军将军","0","2","2"
"除任他为散骑","0","2","2"
"不久又加授侍","0","2","2"
"久又加授侍中","0","2","2"
"又增食邑五百","0","2","2"
"增食邑五百户","0","2","2"
"到尔朱兆那里","0","2","2"
"尔朱兆那里去","0","2","2"
"便可一举擒获","0","2","2"
"到齐献武王那","0","2","2"
"齐献武王那里","0","2","2"
"的女儿为皇后","0","2","2"
"齐献武王从邺","0","2","2"
"献武王从邺城","0","2","2"
"都佩服他的勇","0","2","2"
"尔朱荣上表请","0","2","2"
"朱荣上表请求","0","2","2"
"上表请求入朝","0","2","2"
"等到皇帝车驾","0","2","2"
"与尔朱度律等","0","2","2"
"时年三十三岁","0","2","2"
"与吏部尚书元","0","2","2"
"帝诏尔朱天光","0","2","2"
"诏尔朱天光以","0","2","2"
"尔朱天光以本","0","2","2"
"朱天光以本官","0","2","2"
"尔朱天光于是","0","2","2"
"尔朱天光知道","0","2","2"
"尔朱天光派贺","0","2","2"
"朱天光派贺拔","0","2","2"
"尔朱天光与贺","0","2","2"
"朱天光与贺拔","0","2","2"
"道洛出城迎战","0","2","2"
"到他十分高兴","0","2","2"
"逃到天光那里","0","2","2"
"见尔朱世隆等","0","2","2"
"讨伐宿勤明达","0","2","2"
"俟受洛干等人","0","2","2"
"送到齐献武王","0","2","2"
"等到尔朱世隆","0","2","2"
"任为御史中尉","0","2","2"
"齐献武王召集","0","2","2"
"朱兆攻入洛阳","0","2","2"
"上党王元天穆","0","2","2"
"答应了他的请","0","2","2"
"应了他的请求","0","2","2"
"被朝廷追赠为","0","2","2"
"斛律洛阳在桑","0","2","2"
"律洛阳在桑乾","0","2","2"
"尔朱荣率领骑","0","2","2"
"朱荣率领骑兵","0","2","2"
"堂叔尔朱羽生","0","2","2"
"庆宾抓了起来","0","2","2"
"他为镇北将军","0","2","2"
"精锐骑兵三千","0","2","2"
"锐骑兵三千人","0","2","2"
"侄子尔朱天光","0","2","2"
"尔朱荣启奏皇","0","2","2"
"朱荣启奏皇帝","0","2","2"
"尔朱荣率领精","0","2","2"
"人们议论纷纷","0","2","2"
"皇帝又下诏说","0","2","2"
"在皇帝面前说","0","2","2"
"尔朱荣堂弟尔","0","2","2"
"朱荣堂弟尔朱","0","2","2"
"荣堂弟尔朱世","0","2","2"
"堂弟尔朱世隆","0","2","2"
"尔朱荣来到洛","0","2","2"
"朱荣来到洛阳","0","2","2"
"皇帝在明光殿","0","2","2"
"少年即有志操","0","2","2"
"世宗即位之初","0","2","2"
"被朝廷拜授为","0","2","2"
"为治书侍御史","0","2","2"
"没有超过他的","0","2","2"
"交付有关部门","0","2","2"
"等到庄帝还宫","0","2","2"
"其为镇东将军","0","2","2"
"达到预期目的","0","2","2"
"都督独孤如愿","0","2","2"
"他为宁远将军","0","2","2"
"生有三个儿子","0","2","2"
"升任镇远将军","0","2","2"
"让他跟随左右","0","2","2"
"深深记恨在心","0","2","2"
"授他为车骑将","0","2","2"
"尔朱荣引荐他","0","2","2"
"朱荣引荐他为","0","2","2"
"其余官职仍旧","0","2","2"
"督贾显智等人","0","2","2"
"步骑兵数千人","0","2","2"
"渡过黄河奔赴","0","2","2"
"荣引荐他为都","0","2","2"
"引荐他为都督","0","2","2"
"荐他为都督府","0","2","2"
"称赞他的行为","0","2","2"
"加授他为仪同","0","2","2"
"授他为仪同三","0","2","2"
"刺史广阳王元","0","2","2"
"谋杀贺拔岳的","0","2","2"
"尔朱荣令侯渊","0","2","2"
"等人打败了他","0","2","2"
"人打败了他们","0","2","2"
"跟随慕容德南","0","2","2"
"萧宝卷将领陈","0","2","2"
"己所了解的人","0","2","2"
"除授他为龙骧","0","2","2"
"圣武帝拓跋诘","0","2","2"
"武帝拓跋诘汾","0","2","2"
"祖神元皇帝拓","0","2","2"
"神元皇帝拓跋","0","2","2"
"元皇帝拓跋力","0","2","2"
"皇帝拓跋力微","0","2","2"
"于是拓跋力微","0","2","2"
"拓跋力微将他","0","2","2"
"各部落的酋长","0","2","2"
"举行祭天大典","0","2","2"
"各部酋长全都","0","2","2"
"将他召来杀掉","0","2","2"
"后来追谥他为","0","2","2"
"始祖拓跋力微","0","2","2"
"文帝拓跋沙漠","0","2","2"
"昭帝拓跋禄官","0","2","2"
"卫操在大邗城","0","2","2"
"晋怀帝司马炽","0","2","2"
"晋愍帝司马业","0","2","2"
"桓帝猗的后人","0","2","2"
"将女儿嫁给他","0","2","2"
"女儿嫁给他为","0","2","2"
"儿嫁给他为妻","0","2","2"
"帝拓跋贺亻辱","0","2","2"
"时人称之为女","0","2","2"
"人称之为女国","0","2","2"
"他是平文帝拓","0","2","2"
"是平文帝拓跋","0","2","2"
"帝拓跋郁律的","0","2","2"
"后赵太祖石虎","0","2","2"
"昭成帝拓跋什","0","2","2"
"成帝拓跋什翼","0","2","2"
"皇后慕容氏逝","0","2","2"
"后慕容氏逝世","0","2","2"
"晋成帝司马衍","0","2","2"
"派使臣前来朝","0","2","2"
"使臣前来朝贡","0","2","2"
"晋穆帝司马聃","0","2","2"
"我将亲率六军","0","2","2"
"昭成帝率军征","0","2","2"
"昭成帝派燕凤","0","2","2"
"成帝派燕凤出","0","2","2"
"帝派燕凤出使","0","2","2"
"派燕凤出使前","0","2","2"
"燕凤出使前秦","0","2","2"
"在石子岭迎战","0","2","2"
"祖献文皇帝拓","0","2","2"
"献文皇帝拓跋","0","2","2"
"文皇帝拓跋弘","0","2","2"
"八月二十九日","0","2","2"
"南安王拓跋桢","0","2","2"
"蠕蠕侵犯边塞","0","2","2"
"高祖来到阴山","0","2","2"
"了解民间疾苦","0","2","2"
"就负责治理三","0","2","2"
"负责治理三个","0","2","2"
"蠕蠕侵犯敦煌","0","2","2"
"十一月初五日","0","2","2"
"能养活自己的","0","2","2"
"经过的地方都","0","2","2"
"个州镇发生水","0","2","2"
"州镇发生水旱","0","2","2"
"四年春正月初","0","2","2"
"特国派使者朝","0","2","2"
"许赤虎出使到","0","2","2"
"赤虎出使到刘","0","2","2"
"虎出使到刘昱","0","2","2"
"个州镇发生大","0","2","2"
"州镇发生大饥","0","2","2"
"二月二十三日","0","2","2"
"十二月初六日","0","2","2"
"国同派来使者","0","2","2"
"安乐王长乐为","0","2","2"
"等国派使者来","0","2","2"
"京兆王子推为","0","2","2"
"送他们到京师","0","2","2"
"征召征西大将","0","2","2"
"召征西大将军","0","2","2"
"契丹国各派使","0","2","2"
"丹国各派使者","0","2","2"
"夏四月十三日","0","2","2"
"高祖来到白登","0","2","2"
"祖来到白登山","0","2","2"
"高祖到武州山","0","2","2"
"诸国各派来使","0","2","2"
"契丹国各派来","0","2","2"
"丹国各派来使","0","2","2"
"诏令征西将军","0","2","2"
"将其首级传送","0","2","2"
"其首级传送到","0","2","2"
"任命安定王拓","0","2","2"
"二年春正月初","0","2","2"
"熙的第二个儿","0","2","2"
"三月二十九日","0","2","2"
"夏四月初七日","0","2","2"
"七月二十三日","0","2","2"
"对京师部分地","0","2","2"
"京师部分地区","0","2","2"
"师部分地区实","0","2","2"
"部分地区实行","0","2","2"
"分地区实行赦","0","2","2"
"地区实行赦免","0","2","2"
"下诏派员外散","0","2","2"
"诏派员外散骑","0","2","2"
"三年春正月十","0","2","2"
"年春正月十一","0","2","2"
"春正月十一日","0","2","2"
"乾象六合殿建","0","2","2"
"象六合殿建成","0","2","2"
"王拓跋丕为太","0","2","2"
"高祖来到方山","0","2","2"
"萧道成的部将","0","2","2"
"昌黎王冯熙为","0","2","2"
"等人率军征讨","0","2","2"
"年春正月十八","0","2","2"
"春正月十八日","0","2","2"
"不同数量的粮","0","2","2"
"同数量的粮食","0","2","2"
"数量的粮食布","0","2","2"
"任城王拓跋云","0","2","2"
"率领部众归附","0","2","2"
"州镇百姓饥困","0","2","2"
"鳏寡孤独不能","0","2","2"
"寡孤独不能自","0","2","2"
"不能自养的人","0","2","2"
"三月二十五日","0","2","2"
"四月二十二日","0","2","2"
"一千七百多人","0","2","2"
"十一月二十七","0","2","2"
"一月二十七日","0","2","2"
"萧赜派来使者","0","2","2"
"赜派来使者朝","0","2","2"
"郎兰英出使于","0","2","2"
"兰英出使于萧","0","2","2"
"英出使于萧赜","0","2","2"
"出使于萧赜处","0","2","2"
"六月二十六日","0","2","2"
"七月二十四日","0","2","2"
"年春正月初十","0","2","2"
"弥机哥哥的儿","0","2","2"
"机哥哥的儿子","0","2","2"
"太和元年以来","0","2","2"
"孝文帝首次穿","0","2","2"
"遣使臣入朝进","0","2","2"
"勿吉国派使臣","0","2","2"
"吉国派使臣入","0","2","2"
"命令开仓放粮","0","2","2"
"南平王拓跋浑","0","2","2"
"州百姓闹饥荒","0","2","2"
"各地开仓放粮","0","2","2"
"进犯北魏边境","0","2","2"
"以下的各级官","0","2","2"
"下的各级官员","0","2","2"
"国各派使臣入","0","2","2"
"各派使臣入朝","0","2","2"
"安丰王拓跋猛","0","2","2"
"圆丘举行祭天","0","2","2"
"三月二十一日","0","2","2"
"汝阴王拓跋天","0","2","2"
"阴王拓跋天赐","0","2","2"
"十一月十九日","0","2","2"
"等国派使臣入","0","2","2"
"侵犯北魏边境","0","2","2"
"阳平王拓跋颐","0","2","2"
"孝文帝脱下丧","0","2","2"
"文帝脱下丧服","0","2","2"
"孝文帝再次祭","0","2","2"
"文帝再次祭拜","0","2","2"
"帝再次祭拜永","0","2","2"
"再次祭拜永固","0","2","2"
"次祭拜永固陵","0","2","2"
"旧有的典章制","0","2","2"
"有的典章制度","0","2","2"
"的典章制度及","0","2","2"
"依据太后的遗","0","2","2"
"据太后的遗旨","0","2","2"
"国派使者入朝","0","2","2"
"一片至诚之心","0","2","2"
"品将军的虚衔","0","2","2"
"齐郡王拓跋简","0","2","2"
"举行哀悼仪式","0","2","2"
"孝文帝在明堂","0","2","2"
"吐谷浑国国王","0","2","2"
"命兼职员外散","0","2","2"
"自古以来都是","0","2","2"
"还有不完善之","0","2","2"
"有不完善之处","0","2","2"
"兴王杨集始入","0","2","2"
"王杨集始入朝","0","2","2"
"杨集始入朝觐","0","2","2"
"集始入朝觐见","0","2","2"
"邓至国派使臣","0","2","2"
"至国派使臣入","0","2","2"
"孝文帝任命太","0","2","2"
"南齐武帝萧赜","0","2","2"
"太和十七年春","0","2","2"
"孝文帝立皇子","0","2","2"
"颁布中外戒严","0","2","2"
"布中外戒严令","0","2","2"
"举行祭天典礼","0","2","2"
"年纪在七十岁","0","2","2"
"纪在七十岁以","0","2","2"
"在七十岁以上","0","2","2"
"的百姓颁布诏","0","2","2"
"百姓颁布诏书","0","2","2"
"孝文帝驾临洛","0","2","2"
"文帝驾临洛阳","0","2","2"
"邓至国王像舒","0","2","2"
"至国王像舒彭","0","2","2"
"孝文帝驾临河","0","2","2"
"封河南王拓跋","0","2","2"
"南齐皇帝萧昭","0","2","2"
"三年考核一次","0","2","2"
"将其名单上报","0","2","2"
"其名单上报朝","0","2","2"
"孝文帝派代理","0","2","2"
"屡次击败南齐","0","2","2"
"南齐明帝萧鸾","0","2","2"
"孤老及身患疾","0","2","2"
"老及身患疾病","0","2","2"
"及身患疾病者","0","2","2"
"的隆重礼仪祭","0","2","2"
"隆重礼仪祭祀","0","2","2"
"专使用太牢的","0","2","2"
"生活上不能自","0","2","2"
"活上不能自立","0","2","2"
"上不能自立的","0","2","2"
"十步的距离内","0","2","2"
"予名誉郡守的","0","2","2"
"名誉郡守的官","0","2","2"
"誉郡守的官衔","0","2","2"
"孝文帝在光极","0","2","2"
"文帝在光极堂","0","2","2"
"帝在光极堂召","0","2","2"
"在光极堂召见","0","2","2"
"在都亭审理案","0","2","2"
"都亭审理案件","0","2","2"
"六十岁以上的","0","2","2"
"位皇帝的陵墓","0","2","2"
"汝阴王元天赐","0","2","2"
"孝文帝前往南","0","2","2"
"专使用太牢之","0","2","2"
"使用太牢之礼","0","2","2"
"用太牢之礼祭","0","2","2"
"派使者用太牢","0","2","2"
"孝文帝自长安","0","2","2"
"郡太守的名誉","0","2","2"
"太守的名誉职","0","2","2"
"守的名誉职位","0","2","2"
"县县令的名誉","0","2","2"
"县令的名誉职","0","2","2"
"令的名誉职位","0","2","2"
"南齐辅国将军","0","2","2"
"举行盛大的阅","0","2","2"
"行盛大的阅兵","0","2","2"
"盛大的阅兵式","0","2","2"
"元继为都督北","0","2","2"
"继为都督北讨","0","2","2"
"为都督北讨诸","0","2","2"
"咸阳王元禧为","0","2","2"
"韶令南平公长","0","2","2"
"令南平公长孙","0","2","2"
"二月癸未初一","0","2","2"
"领步兵骑兵一","0","2","2"
"步兵骑兵一万","0","2","2"
"兵骑兵一万人","0","2","2"
"从北伐前线返","0","2","2"
"北伐前线返回","0","2","2"
"武百姓刘牙聚","0","2","2"
"百姓刘牙聚集","0","2","2"
"奚斤讨伐平定","0","2","2"
"葬在盛乐的金","0","2","2"
"在盛乐的金陵","0","2","2"
"率领军队前往","0","2","2"
"能自己养活的","0","2","2"
"等人率领营部","0","2","2"
"黎王慕容伯儿","0","2","2"
"人布帛多少不","0","2","2"
"民众聚饮三天","0","2","2"
"赐王公以下直","0","2","2"
"毛织品多少不","0","2","2"
"织品多少不等","0","2","2"
"十户出战马一","0","2","2"
"户出战马一匹","0","2","2"
"阳平王元熙等","0","2","2"
"皇帝向西巡视","0","2","2"
"城侯元屈等人","0","2","2"
"人率领三千人","0","2","2"
"率领三千人马","0","2","2"
"领三千人马镇","0","2","2"
"三千人马镇守","0","2","2"
"安侯魏勤等人","0","2","2"
"等人讨伐平定","0","2","2"
"迁徙二万多家","0","2","2"
"按人口授受田","0","2","2"
"人口授受田地","0","2","2"
"魁首缯帛多少","0","2","2"
"首缯帛多少不","0","2","2"
"缯帛多少不等","0","2","2"
"攻打吐京叛变","0","2","2"
"打吐京叛变的","0","2","2"
"兴派遣使者入","0","2","2"
"王公以下直到","0","2","2"
"刺史郡守县令","0","2","2"
"黄河南的流民","0","2","2"
"观看九十九泉","0","2","2"
"他的部将王仲","0","2","2"
"的部将王仲德","0","2","2"
"仲德于是进入","0","2","2"
"考察郡守县令","0","2","2"
"韶令司徒长孙","0","2","2"
"令司徒长孙嵩","0","2","2"
"多家相继归附","0","2","2"
"投降的有二千","0","2","2"
"降的有二千多","0","2","2"
"宗派遣使者前","0","2","2"
"皇帝前往西宫","0","2","2"
"精锐的骑兵二","0","2","2"
"令骁骑将军延","0","2","2"
"遣使者请求投","0","2","2"
"使者请求投降","0","2","2"
"免除所经过地","0","2","2"
"除所经过地区","0","2","2"
"所经过地区一","0","2","2"
"派遣使者祭祀","0","2","2"
"赏赐随从者聚","0","2","2"
"赐随从者聚饮","0","2","2"
"率领三千多家","0","2","2"
"领三千多家归","0","2","2"
"他的主子司马","0","2","2"
"的主子司马德","0","2","2"
"沮渠蒙逊消灭","0","2","2"
"诏令司空奚斤","0","2","2"
"代理扬州刺史","0","2","2"
"派使者巡视州","0","2","2"
"使者巡视州郡","0","2","2"
"皇帝向南巡视","0","2","2"
"义符的束郡太","0","2","2"
"符的束郡太守","0","2","2"
"的束郡太守王","0","2","2"
"束郡太守王景","0","2","2"
"太守王景度放","0","2","2"
"守王景度放弃","0","2","2"
"率领部众从平","0","2","2"
"领部众从平原","0","2","2"
"的兖州刺史徐","0","2","2"
"兖州刺史徐琰","0","2","2"
"叔孙建渡过董","0","2","2"
"孙建渡过董回","0","2","2"
"于是向东进入","0","2","2"
"是向东进入青","0","2","2"
"向东进入青州","0","2","2"
"秀之原先聚集","0","2","2"
"之原先聚集党","0","2","2"
"领部众前来投","0","2","2"
"部众前来投降","0","2","2"
"的有十之二三","0","2","2"
"军用物资赏赐","0","2","2"
"延昌四年正月","0","2","2"
"高阳王元雍入","0","2","2"
"阳王元雍入居","0","2","2"
"佐越费实等国","0","2","2"
"下诏让平南将","0","2","2"
"诏让平南将军","0","2","2"
"军杨大眼讨伐","0","2","2"
"派使者前来进","0","2","2"
"萧衍将领赵祖","0","2","2"
"衍将领赵祖悦","0","2","2"
"至国派使者朝","0","2","2"
"谷浑派使者前","0","2","2"
"浑派使者前来","0","2","2"
"阳王元雍为太","0","2","2"
"尚书李平为镇","0","2","2"
"为镇军大将军","0","2","2"
"这都是朕的过","0","2","2"
"宗下诏让洛阳","0","2","2"
"吉国派使者朝","0","2","2"
"宕昌等国派使","0","2","2"
"昌等国派使者","0","2","2"
"百岁以上的赐","0","2","2"
"年的赋税劳役","0","2","2"
"至国派使者前","0","2","2"
"四州发生大饥","0","2","2"
"年春正月初八","0","2","2"
"以上的赐给小","0","2","2"
"上的赐给小郡","0","2","2"
"的赐给小郡板","0","2","2"
"十岁以上赐给","0","2","2"
"肃宗下诏让刺","0","2","2"
"宗下诏让刺史","0","2","2"
"尚书右仆射于","0","2","2"
"书右仆射于忠","0","2","2"
"持节抚慰他们","0","2","2"
"改封为京兆王","0","2","2"
"浑国派使者朝","0","2","2"
"兆王元继为司","0","2","2"
"光元年春季正","0","2","2"
"帝下诏让尚书","0","2","2"
"不便于百姓的","0","2","2"
"蠕蠕国主阿那","0","2","2"
"蠕国主阿那瑰","0","2","2"
"太师高阳王元","0","2","2"
"师高阳王元雍","0","2","2"
"以骠骑大将军","0","2","2"
"南王元悦为太","0","2","2"
"十一月二十九","0","2","2"
"一月二十九日","0","2","2"
"十二月十三日","0","2","2"
"肃宗下诏书曰","0","2","2"
"罗国派使者朝","0","2","2"
"夏季四月十九","0","2","2"
"季四月十九日","0","2","2"
"元愉为临洮王","0","2","2"
"身处王公之上","0","2","2"
"奚国派使者前","0","2","2"
"命吏部尚书元","0","2","2"
"史魏子建派将","0","2","2"
"别将尔朱荣讨","0","2","2"
"将尔朱荣讨伐","0","2","2"
"肃宗下诏命尚","0","2","2"
"下诏命尚书左","0","2","2"
"诏命尚书左仆","0","2","2"
"齐王萧宝夤为","0","2","2"
"肃宗下诏命太","0","2","2"
"库莫奚等国都","0","2","2"
"莫奚等国都派","0","2","2"
"奚等国都派使","0","2","2"
"春季正月十五","0","2","2"
"乐良王元长命","0","2","2"
"傅竖眼派儿子","0","2","2"
"十二月十二日","0","2","2"
"广平王元怀的","0","2","2"
"被杜洛周打败","0","2","2"
"叠伏罗国派使","0","2","2"
"讨伐打败了他","0","2","2"
"被封为义阳王","0","2","2"
"州反叛的胡人","0","2","2"
"等人率军侵犯","0","2","2"
"北海王元颢为","0","2","2"
"帝诏都督李叔","0","2","2"
"督李叔仁讨伐","0","2","2"
"征讨平定了叛","0","2","2"
"讨平定了叛乱","0","2","2"
"城南叛萧衍政","0","2","2"
"南叛萧衍政权","0","2","2"
"冬季十月十九","0","2","2"
"季十月十九日","0","2","2"
"有十分之六七","0","2","2"
"与百余名骑兵","0","2","2"
"三月二十六日","0","2","2"
"夏季四月十一","0","2","2"
"季四月十一日","0","2","2"
"人都认为他很","0","2","2"
"自称为大单于","0","2","2"
"库仁的儿子刘","0","2","2"
"仁的儿子刘显","0","2","2"
"又任命长孙嵩","0","2","2"
"任命长孙嵩为","0","2","2"
"命长孙嵩为南","0","2","2"
"长孙嵩为南部","0","2","2"
"孙嵩为南部大","0","2","2"
"嵩为南部大人","0","2","2"
"刘显从善无向","0","2","2"
"显从善无向南","0","2","2"
"从善无向南逃","0","2","2"
"善无向南逃到","0","2","2"
"无向南逃到马","0","2","2"
"向南逃到马邑","0","2","2"
"族人奴真率领","0","2","2"
"人奴真率领部","0","2","2"
"逼近南部疆域","0","2","2"
"向北越过阴山","0","2","2"
"这时北部大人","0","2","2"
"时北部大人叔","0","2","2"
"皇帝全部收集","0","2","2"
"向慕容垂征调","0","2","2"
"慕容垂征调军","0","2","2"
"容垂征调军队","0","2","2"
"子贺膦率领部","0","2","2"
"贺膦率领部众","0","2","2"
"全部收集他的","0","2","2"
"部收集他的部","0","2","2"
"王建出使慕容","0","2","2"
"建出使慕容垂","0","2","2"
"牲畜十多万头","0","2","2"
"颁赏将士多少","0","2","2"
"赏将士多少不","0","2","2"
"慕容垂派遣儿","0","2","2"
"容垂派遣儿子","0","2","2"
"垂派遣儿子贺","0","2","2"
"派遣儿子直力","0","2","2"
"遣儿子直力千","0","2","2"
"王元觚出使慕","0","2","2"
"元觚出使慕容","0","2","2"
"石碑记载功绩","0","2","2"
"随从的臣属多","0","2","2"
"从的臣属多少","0","2","2"
"的臣属多少不","0","2","2"
"羊二十多万头","0","2","2"
"马三十多万匹","0","2","2"
"前往沙漠南部","0","2","2"
"率领五万骑兵","0","2","2"
"迁徙他们的部","0","2","2"
"徙他们的部落","0","2","2"
"皇帝向南征讨","0","2","2"
"听说皇帝将要","0","2","2"
"迁徙他的部落","0","2","2"
"慕容宝的上谷","0","2","2"
"容宝的上谷太","0","2","2"
"宝的上谷太守","0","2","2"
"的上谷太守慕","0","2","2"
"皇帝亲自统领","0","2","2"
"帝亲自统领六","0","2","2"
"慕容宝的并州","0","2","2"
"放弃城池夜晚","0","2","2"
"令冠军将军王","0","2","2"
"五万骑兵充当","0","2","2"
"慕容实的冀州","0","2","2"
"容实的冀州刺","0","2","2"
"实的冀州刺史","0","2","2"
"爵位各有等级","0","2","2"
"贺兰部头领附","0","2","2"
"兰部头领附力","0","2","2"
"部头领附力眷","0","2","2"
"纥突邻部头领","0","2","2"
"突邻部头领匿","0","2","2"
"邻部头领匿物","0","2","2"
"部头领匿物尼","0","2","2"
"纥奚部头领叱","0","2","2"
"奚部头领叱奴","0","2","2"
"部头领叱奴根","0","2","2"
"死亡的有几千","0","2","2"
"亡的有几千人","0","2","2"
"韶令安远将军","0","2","2"
"统领一万骑兵","0","2","2"
"讨伐叱奴根等","0","2","2"
"伐叱奴根等人","0","2","2"
"派遣将军长孙","0","2","2"
"立慕容普邻为","0","2","2"
"率领五千多人","0","2","2"
"邻而自己登位","0","2","2"
"安抚他们而已","0","2","2"
"商纣王在甲子","0","2","2"
"纣王在甲子日","0","2","2"
"王在甲子日灭","0","2","2"
"在甲子日灭亡","0","2","2"
"将士各有等级","0","2","2"
"赏赐将士多少","0","2","2"
"赐将士多少不","0","2","2"
"皇帝到达邺城","0","2","2"
"民众一半的租","0","2","2"
"众一半的租赋","0","2","2"
"镇守勃海的合","0","2","2"
"盗贼同时起事","0","2","2"
"阳公元遵等人","0","2","2"
"皇帝在西郊祭","0","2","2"
"所出生的土地","0","2","2"
"天下分崩离析","0","2","2"
"遣使者巡视郡","0","2","2"
"使者巡视郡国","0","2","2"
"法度的郡守县","0","2","2"
"聚集党羽三千","0","2","2"
"集党羽三千多","0","2","2"
"将军庾岳讨伐","0","2","2"
"常山王元遵等","0","2","2"
"将士一千多人","0","2","2"
"率领他的部落","0","2","2"
"德宗的将领辛","0","2","2"
"宗的将领辛恭","0","2","2"
"的将领辛恭靖","0","2","2"
"将领辛恭靖请","0","2","2"
"领辛恭靖请求","0","2","2"
"辛恭靖请求救","0","2","2"
"恭靖请求救援","0","2","2"
"穆崇率领六千","0","2","2"
"崇率领六千骑","0","2","2"
"领六千骑兵赶","0","2","2"
"令有关官员在","0","2","2"
"高车别部首领","0","2","2"
"不是合适的人","0","2","2"
"罢除邺城行台","0","2","2"
"推举隐匿的贤","0","2","2"
"举隐匿的贤人","0","2","2"
"诏令征西大将","0","2","2"
"令征西大将军","0","2","2"
"素古延等各部","0","2","2"
"大量挑选车辆","0","2","2"
"量挑选车辆兵","0","2","2"
"挑选车辆兵士","0","2","2"
"姚平率领部众","0","2","2"
"皇帝向西征讨","0","2","2"
"皇帝的母亲为","0","2","2"
"各遣使者入朝","0","2","2"
"开仓赈济抚恤","0","2","2"
"一寸见方的玉","0","2","2"
"寸见方的玉印","0","2","2"
"观察风尚习俗","0","2","2"
"等十多个国家","0","2","2"
"十多个国家各","0","2","2"
"多个国家各派","0","2","2"
"个国家各派使","0","2","2"
"国家各派使者","0","2","2"
"所以周文王以","0","2","2"
"疏勒国派遣使","0","2","2"
"勒国派遣使者","0","2","2"
"以西地区狩猎","0","2","2"
"向北攻打伊吾","0","2","2"
"亲自接见老年","0","2","2"
"自接见老年人","0","2","2"
"殷孝祖在清水","0","2","2"
"孝祖在清水以","0","2","2"
"将领三万骑兵","0","2","2"
"明确订立条例","0","2","2"
"我继承宏大的","0","2","2"
"继承宏大的基","0","2","2"
"承宏大的基业","0","2","2"
"军皮豹子等人","0","2","2"
"领黄河以西各","0","2","2"
"黄河以西各军","0","2","2"
"黄河以西背叛","0","2","2"
"河以西背叛的","0","2","2"
"以西背叛的胡","0","2","2"
"西背叛的胡人","0","2","2"
"使大家都知道","0","2","2"
"黄河以西狩猎","0","2","2"
"加授征束大将","0","2","2"
"授征束大将军","0","2","2"
"军队讨伐平定","0","2","2"
"因天旱的缘故","0","2","2"
"梦见被太阳追","0","2","2"
"见被太阳追逐","0","2","2"
"遵照先帝遗诏","0","2","2"
"春季正月初二","0","2","2"
"皇帝车驾谒拜","0","2","2"
"帝车驾谒拜长","0","2","2"
"车驾谒拜长陵","0","2","2"
"彭城王元勰率","0","2","2"
"城王元勰率领","0","2","2"
"任彭城王元勰","0","2","2"
"率领一万人马","0","2","2"
"刺史田益宗在","0","2","2"
"打败萧宝卷将","0","2","2"
"分派使者开仓","0","2","2"
"其君主萧宝卷","0","2","2"
"世宗开始亲自","0","2","2"
"宗开始亲自处","0","2","2"
"开始亲自处理","0","2","2"
"夏季五月十九","0","2","2"
"季五月十九日","0","2","2"
"阳王元禧谋反","0","2","2"
"六月二十三日","0","2","2"
"北海王元详任","0","2","2"
"萧衍攻克建业","0","2","2"
"派使前来请求","0","2","2"
"前殿宴请群臣","0","2","2"
"正月二十二日","0","2","2"
"杀了他的龙骧","0","2","2"
"任命吏部尚书","0","2","2"
"季十一月初三","0","2","2"
"下诏命镇南将","0","2","2"
"诏命镇南将军","0","2","2"
"打败萧衍将领","0","2","2"
"萧衍将领姜庆","0","2","2"
"衍将领姜庆真","0","2","2"
"元英攻打义阳","0","2","2"
"季十月二十日","0","2","2"
"十一月十五日","0","2","2"
"可命有关部门","0","2","2"
"事夏侯道迁以","0","2","2"
"夏侯道迁以汉","0","2","2"
"侯道迁以汉中","0","2","2"
"让光禄大夫杨","0","2","2"
"俘获斩杀敌人","0","2","2"
"王足又派统军","0","2","2"
"足又派统军卢","0","2","2"
"又派统军卢祖","0","2","2"
"派统军卢祖迁","0","2","2"
"军卢祖迁等人","0","2","2"
"卢祖迁等人打","0","2","2"
"祖迁等人打败","0","2","2"
"季十一月初一","0","2","2"
"十二月二十四","0","2","2"
"二月二十四日","0","2","2"
"世宗大赦天下","0","2","2"
"军队击退了敌","0","2","2"
"队击退了敌人","0","2","2"
"败萧衍的徐州","0","2","2"
"下诏命尚书邢","0","2","2"
"诏命尚书邢峦","0","2","2"
"萧衍的龙骧将","0","2","2"
"衍的龙骧将军","0","2","2"
"诸路军马奔赴","0","2","2"
"世宗在式乾殿","0","2","2"
"宗在式乾殿给","0","2","2"
"年春季二月十","0","2","2"
"政权的龙骧将","0","2","2"
"权的龙骧将军","0","2","2"
"阳王元嘉为司","0","2","2"
"州百姓发生饥","0","2","2"
"冬季十月初七","0","2","2"
"于阗等国都派","0","2","2"
"阗等国都派使","0","2","2"
"平元年春季正","0","2","2"
"丽国派使者朝","0","2","2"
"世宗因为干旱","0","2","2"
"宗因为干旱的","0","2","2"
"车国派使者前","0","2","2"
"季七月十五日","0","2","2"
"把他送到京城","0","2","2"
"了刺史司马悦","0","2","2"
"十一月十六日","0","2","2"
"杨椿率领四万","0","2","2"
"十二月十一日","0","2","2"
"将领马仙王卑","0","2","2"
"平二年春季正","0","2","2"
"夏季四月初八","0","2","2"
"库莫奚等国派","0","2","2"
"莫奚等国派使","0","2","2"
"奚等国派使者","0","2","2"
"世宗下诏禁止","0","2","2"
"三年春季二月","0","2","2"
"年春季二月初","0","2","2"
"杀害镇守将领","0","2","2"
"已经十二年了","0","2","2"
"因谋反被诛杀","0","2","2"
"乾达等国派使","0","2","2"
"达等国派使者","0","2","2"
"契丹国都派使","0","2","2"
"丹国都派使者","0","2","2"
"勿吉国献眓矢","0","2","2"
"使者开仓赈济","0","2","2"
"下诏开仓济民","0","2","2"
"因干旱的原因","0","2","2"
"春季正月十三","0","2","2"
"季正月十三日","0","2","2"
"境内州郡十分","0","2","2"
"内州郡十分之","0","2","2"
"各国都派使者","0","2","2"
"亲自处理冤案","0","2","2"
"率领骑步兵十","0","2","2"
"领骑步兵十万","0","2","2"
"骑步兵十万人","0","2","2"
"祖对彭城王元","0","2","2"
"皇后为皇太后","0","2","2"
"显祖任命侍中","0","2","2"
"国家用度不足","0","2","2"
"阳平王拓跋新","0","2","2"
"平王拓跋新成","0","2","2"
"京兆王拓跋子","0","2","2"
"兆王拓跋子推","0","2","2"
"济阴王拓跋小","0","2","2"
"阴王拓跋小新","0","2","2"
"王拓跋小新成","0","2","2"
"的司州刺史常","0","2","2"
"刺史毕众敬派","0","2","2"
"春季正月十一","0","2","2"
"季正月十一日","0","2","2"
"平昌公和其奴","0","2","2"
"祖下诏命平东","0","2","2"
"下诏命平东将","0","2","2"
"诏命平东将军","0","2","2"
"慕容白曜督领","0","2","2"
"政权的东平太","0","2","2"
"权的东平太守","0","2","2"
"的东平太守申","0","2","2"
"的军队到了曼","0","2","2"
"军队到了曼头","0","2","2"
"十二月十五日","0","2","2"
"队国家事务繁","0","2","2"
"任命为中书侍","0","2","2"
"命为中书侍郎","0","2","2"
"长期在宫中值","0","2","2"
"哥哥彭城王元","0","2","2"
"哥彭城王元劭","0","2","2"
"献上玉玺丝带","0","2","2"
"如同越过深渊","0","2","2"
"同越过深渊大","0","2","2"
"恢复原来的王","0","2","2"
"复原来的王爵","0","2","2"
"据城池向南方","0","2","2"
"城池向南方叛","0","2","2"
"池向南方叛变","0","2","2"
"大将军令朱荣","0","2","2"
"不在这一条例","0","2","2"
"衍派遣他的将","0","2","2"
"他的将领曹义","0","2","2"
"的将领曹义宗","0","2","2"
"费穆为使持节","0","2","2"
"高干邕和弟弟","0","2","2"
"品以上官员从","0","2","2"
"以上官员从征","0","2","2"
"任命柱国大将","0","2","2"
"命柱国大将军","0","2","2"
"原王尔朱荣为","0","2","2"
"皇帝前往闾阖","0","2","2"
"帝前往闾阖门","0","2","2"
"擒获他的将领","0","2","2"
"上党王天穆为","0","2","2"
"皇帝的父亲为","0","2","2"
"上党王天穆和","0","2","2"
"赦免京城内囚","0","2","2"
"率领军队镇守","0","2","2"
"诏令车骑将军","0","2","2"
"等人杀死刺史","0","2","2"
"因事获罪被削","0","2","2"
"事获罪被削除","0","2","2"
"起正义的旗帜","0","2","2"
"给与夺取任凭","0","2","2"
"与夺取任凭心","0","2","2"
"开国公的官爵","0","2","2"
"皇帝为武怀皇","0","2","2"
"帝为武怀皇帝","0","2","2"
"长大后喜爱学","0","2","2"
"大后喜爱学习","0","2","2"
"任兼散骑常侍","0","2","2"
"广陵王不说话","0","2","2"
"皇帝在显阳殿","0","2","2"
"慰劳勉励他们","0","2","2"
"给予基本身份","0","2","2"
"率领军队停驻","0","2","2"
"领军队停驻在","0","2","2"
"骑兵三千人在","0","2","2"
"皇帝前往显阳","0","2","2"
"帝前往显阳殿","0","2","2"
"败尔朱天光等","0","2","2"
"文武百官普加","0","2","2"
"隆之担任使持","0","2","2"
"之担任使持节","0","2","2"
"萧衍派他的将","0","2","2"
"衍派他的将领","0","2","2"
"有关官员明确","0","2","2"
"齐献武王为大","0","2","2"
"献武王为大丞","0","2","2"
"武王为大丞相","0","2","2"
"为兼尚书仆射","0","2","2"
"广平武穆王元","0","2","2"
"担任镇束将军","0","2","2"
"百官集会商议","0","2","2"
"齐献武王上奏","0","2","2"
"加授齐文襄王","0","2","2"
"授齐文襄王为","0","2","2"
"齐献武王返回","0","2","2"
"齐献武王执意","0","2","2"
"献武王执意推","0","2","2"
"武王执意推让","0","2","2"
"因事获罪被降","0","2","2"
"王率领军队从","0","2","2"
"元嶷放弃城池","0","2","2"
"部下多少不等","0","2","2"
"皇帝在圆丘祭","0","2","2"
"帝在圆丘祭祀","0","2","2"
"蠕国派遣使者","0","2","2"
"事获罪被赐令","0","2","2"
"赵郡王元谌为","0","2","2"
"齐献武王在黄","0","2","2"
"献武王在黄河","0","2","2"
"将他们打得大","0","2","2"
"皇帝被斛斯椿","0","2","2"
"往西迎接皇帝","0","2","2"
"领军将军娄昭","0","2","2"
"军将军娄昭为","0","2","2"
"齐献武王迎接","0","2","2"
"齐献武王为相","0","2","2"
"献武王为相国","0","2","2"
"带剑穿鞋上殿","0","2","2"
"西河王元惊为","0","2","2"
"在邺城东狩猎","0","2","2"
"任命录尚书事","0","2","2"
"任命并州刺史","0","2","2"
"州刺史尉景为","0","2","2"
"内外百官普升","0","2","2"
"外百官普升一","0","2","2"
"炬又派遣他的","0","2","2"
"督贺拔仁攻打","0","2","2"
"生等二十多人","0","2","2"
"打败平定他们","0","2","2"
"齐献武王前来","0","2","2"
"献武王前来朝","0","2","2"
"武王前来朝见","0","2","2"
"第二个儿子元","0","2","2"
"仆射司马子如","0","2","2"
"岁以上的赐予","0","2","2"
"勿吉国都派遣","0","2","2"
"吉国都派遣使","0","2","2"
"阿至罗国主副","0","2","2"
"齐文襄王前往","0","2","2"
"据形势讨伐防","0","2","2"
"形势讨伐防守","0","2","2"
"实炬派遣他的","0","2","2"
"任命司徒高隆","0","2","2"
"命司徒高隆之","0","2","2"
"司徒高隆之为","0","2","2"
"文襄王前往置","0","2","2"
"齐献武王请求","0","2","2"
"侯景为河南大","0","2","2"
"秘密不公布丧","0","2","2"
"密不公布丧事","0","2","2"
"襄城王元旭为","0","2","2"
"督察料理丧事","0","2","2"
"齐王印玺丝带","0","2","2"
"车左边的装饰","0","2","2"
"左边的装饰物","0","2","2"
"轻便车的武士","0","2","2"
"派遣宫中使者","0","2","2"
"皇帝在漳水边","0","2","2"
"帝在漳水边祭","0","2","2"
"在漳水边祭祀","0","2","2"
"漳水边祭祀路","0","2","2"
"水边祭祀路神","0","2","2"
"率领军队侵犯","0","2","2"
"射慕容绍宗为","0","2","2"
"俘获斩首五万","0","2","2"
"弟弟的儿子北","0","2","2"
"率领六万骑兵","0","2","2"
"获马一万多匹","0","2","2"
"晋升爵位为王","0","2","2"
"奚斤率领义兵","0","2","2"
"斤率领义兵将","0","2","2"
"率领义兵将军","0","2","2"
"领义兵将军封","0","2","2"
"宋兵将军周几","0","2","2"
"率领洛州刺史","0","2","2"
"领洛州刺史于","0","2","2"
"洛州刺史于栗","0","2","2"
"分别赐给众将","0","2","2"
"别赐给众将士","0","2","2"
"连昌的弟弟助","0","2","2"
"昌的弟弟助兴","0","2","2"
"弟平原公赫连","0","2","2"
"平原公赫连定","0","2","2"
"世祖车驾回到","0","2","2"
"祖车驾回到宫","0","2","2"
"车驾回到宫中","0","2","2"
"世祖下诏命员","0","2","2"
"祖下诏命员外","0","2","2"
"擒获赫连昌的","0","2","2"
"娥清率领五千","0","2","2"
"清率领五千骑","0","2","2"
"千骑兵讨伐他","0","2","2"
"秋季七月初七","0","2","2"
"听说朝廷军队","0","2","2"
"拥立赫连昌的","0","2","2"
"立赫连昌的弟","0","2","2"
"弟弟赫连定为","0","2","2"
"黄河以西打猎","0","2","2"
"率领万余名骑","0","2","2"
"领万余名骑兵","0","2","2"
"丁零人鲜于台","0","2","2"
"零人鲜于台阳","0","2","2"
"十二月二十一","0","2","2"
"世祖下诏赦免","0","2","2"
"世祖下诏征召","0","2","2"
"杀敌一万多人","0","2","2"
"隆的将领二十","0","2","2"
"世祖到了平凉","0","2","2"
"世祖下诏命安","0","2","2"
"祖下诏命安西","0","2","2"
"下诏命安西将","0","2","2"
"诏命安西将军","0","2","2"
"叔孙建在湖陆","0","2","2"
"义隆的将领檀","0","2","2"
"隆的将领檀道","0","2","2"
"的将领檀道济","0","2","2"
"司马楚之平定","0","2","2"
"马楚之平定滑","0","2","2"
"楚之平定滑台","0","2","2"
"义隆的将领朱","0","2","2"
"世祖巡视南宫","0","2","2"
"到历城后返回","0","2","2"
"俘获刘义隆的","0","2","2"
"秋季七月初一","0","2","2"
"吐谷浑可汗慕","0","2","2"
"给他们相应的","0","2","2"
"征召卢玄等人","0","2","2"
"冬季十月初一","0","2","2"
"世祖巡视大漠","0","2","2"
"颖出使刘义隆","0","2","2"
"奚斤调发幽州","0","2","2"
"与河间公元齐","0","2","2"
"命乐安王拓跋","0","2","2"
"世祖巡视山北","0","2","2"
"献上驯好的象","0","2","2"
"上驯好的象一","0","2","2"
"驯好的象一头","0","2","2"
"祖下诏命兼散","0","2","2"
"夏季四月初三","0","2","2"
"命征西大将军","0","2","2"
"在西河讨伐山","0","2","2"
"西河讨伐山胡","0","2","2"
"河讨伐山胡白","0","2","2"
"讨伐山胡白龙","0","2","2"
"春季正月十四","0","2","2"
"季正月十四日","0","2","2"
"慰问年高的人","0","2","2"
"羊太牢之礼祭","0","2","2"
"世祖下诏命令","0","2","2"
"等人出使刘义","0","2","2"
"人出使刘义隆","0","2","2"
"批使者出使西","0","2","2"
"使者出使西域","0","2","2"
"改封为武昌王","0","2","2"
"春季正月初七","0","2","2"
"夏季五月二十","0","2","2"
"命抚军大将军","0","2","2"
"西王沮渠牧健","0","2","2"
"世祖亲自征讨","0","2","2"
"弟弟董来率领","0","2","2"
"弟董来率领一","0","2","2"
"董来率领一万","0","2","2"
"来率领一万多","0","2","2"
"领一万多人在","0","2","2"
"牧犍兄子沮渠","0","2","2"
"就率领各部落","0","2","2"
"世祖回到平城","0","2","2"
"六月二十一日","0","2","2"
"曜的儿子羯儿","0","2","2"
"改封为略阳王","0","2","2"
"秋季八月初一","0","2","2"
"太平真君三年","0","2","2"
"与琅笽王司马","0","2","2"
"太平真君四年","0","2","2"
"世祖巡视中山","0","2","2"
"下诏命有关部","0","2","2"
"主人满门抄斩","0","2","2"
"世祖下诏命征","0","2","2"
"祖巡视阴山以","0","2","2"
"巡视阴山以北","0","2","2"
"放弃城池逃走","0","2","2"
"凉王拓跋那等","0","2","2"
"世祖大为高兴","0","2","2"
"世祖下诏命殿","0","2","2"
"祖下诏命殿中","0","2","2"
"万骑兵讨伐盖","0","2","2"
"骑兵讨伐盖吴","0","2","2"
"义隆的将领王","0","2","2"
"百姓五千多家","0","2","2"
"姓五千多家迁","0","2","2"
"千多家迁到黄","0","2","2"
"多家迁到黄河","0","2","2"
"家迁到黄河以","0","2","2"
"迁到黄河以北","0","2","2"
"刘义隆的白水","0","2","2"
"义隆的白水太","0","2","2"
"隆的白水太守","0","2","2"
"皇太子在行宫","0","2","2"
"太子在行宫朝","0","2","2"
"太平真君十一","0","2","2"
"平真君十一年","0","2","2"
"调任太常少卿","0","2","2"
"改任安南将军","0","2","2"
"功勋赐爵位为","0","2","2"
"任右光禄大夫","0","2","2"
"慕容白曜就把","0","2","2"
"房恩安之弟房","0","2","2"
"恩安之弟房幼","0","2","2"
"安之弟房幼安","0","2","2"
"之弟房幼安为","0","2","2"
"弟房幼安为高","0","2","2"
"房幼安为高密","0","2","2"
"幼安为高密太","0","2","2"
"安为高密太守","0","2","2"
"以安抚他们初","0","2","2"
"安抚他们初来","0","2","2"
"抚他们初来归","0","2","2"
"他们初来归附","0","2","2"
"们初来归附之","0","2","2"
"初来归附之心","0","2","2"
"高宗看后对群","0","2","2"
"宗看后对群臣","0","2","2"
"看后对群臣说","0","2","2"
"这乃是远世的","0","2","2"
"乃是远世的镜","0","2","2"
"是远世的镜鉴","0","2","2"
"治安秩序大为","0","2","2"
"安秩序大为好","0","2","2"
"秩序大为好转","0","2","2"
"你们以为怎么","0","2","2"
"们以为怎么样","0","2","2"
"生下三个儿子","0","2","2"
"平文皇帝逝世","0","2","2"
"因事进入宫廷","0","2","2"
"得以避免祸难","0","2","2"
"专门处理宫内","0","2","2"
"门处理宫内事","0","2","2"
"处理宫内事务","0","2","2"
"行走一百多里","0","2","2"
"得以免除祸难","0","2","2"
"铸造金人不成","0","2","2"
"造金人不成功","0","2","2"
"泰常五年逝世","0","2","2"
"个女儿一起入","0","2","2"
"女儿一起入宫","0","2","2"
"尊崇她为保太","0","2","2"
"崇她为保太后","0","2","2"
"后来尊崇为皇","0","2","2"
"来尊崇为皇太","0","2","2"
"令天下哭吊三","0","2","2"
"尊崇皇后为皇","0","2","2"
"崇皇后为皇太","0","2","2"
"要报答她的恩","0","2","2"
"报答她的恩德","0","2","2"
"事情不分大小","0","2","2"
"有关官员奏请","0","2","2"
"皇后留在京城","0","2","2"
"两个女儿一起","0","2","2"
"打了一百多棒","0","2","2"
"在另外的宫室","0","2","2"
"以皇后礼仪安","0","2","2"
"皇后礼仪安葬","0","2","2"
"时常放在身边","0","2","2"
"公主以下随从","0","2","2"
"主以下随从的","0","2","2"
"以下随从的有","0","2","2"
"大赦天下改年","0","2","2"
"赦天下改年号","0","2","2"
"高祖最终革除","0","2","2"
"祖最终革除这","0","2","2"
"最终革除这个","0","2","2"
"终革除这个错","0","2","2"
"革除这个错误","0","2","2"
"实在是有道理","0","2","2"
"在是有道理的","0","2","2"
"看到这种情况","0","2","2"
"冯熙有子女数","0","2","2"
"熙有子女数十","0","2","2"
"有子女数十人","0","2","2"
"都有贪纵之名","0","2","2"
"节兼黄门侍郎","0","2","2"
"家中世代寒微","0","2","2"
"说明日月辰宿","0","2","2"
"宿交会相生为","0","2","2"
"交会相生为表","0","2","2"
"会相生为表里","0","2","2"
"的六世祖江琼","0","2","2"
"被授予中书博","0","2","2"
"授予中书博士","0","2","2"
"才能的人无不","0","2","2"
"没有人能超过","0","2","2"
"正光四年去世","0","2","2"
"容白曜平定东","0","2","2"
"白曜平定东阳","0","2","2"
"升任光禄大夫","0","2","2"
"御史中尉一职","0","2","2"
"这种赌博游戏","0","2","2"
"时人无不为他","0","2","2"
"人无不为他叹","0","2","2"
"无不为他叹惜","0","2","2"
"到祭祀拜献的","0","2","2"
"祭祀拜献的时","0","2","2"
"祀拜献的时候","0","2","2"
"总是不能不想","0","2","2"
"是不能不想归","0","2","2"
"不能不想归葬","0","2","2"
"能不想归葬双","0","2","2"
"不想归葬双亲","0","2","2"
"想归葬双亲的","0","2","2"
"归葬双亲的事","0","2","2"
"母亲丧期刚满","0","2","2"
"哀伤悲痛过于","0","2","2"
"伤悲痛过于礼","0","2","2"
"悲痛过于礼仪","0","2","2"
"痛过于礼仪规","0","2","2"
"过于礼仪规定","0","2","2"
"有美丽的胡须","0","2","2"
"传送首级到行","0","2","2"
"送首级到行宫","0","2","2"
"赐皇帝用的马","0","2","2"
"单人匹马逃跑","0","2","2"
"以平民礼仪安","0","2","2"
"平民礼仪安葬","0","2","2"
"年轻时聪明敏","0","2","2"
"轻时聪明敏捷","0","2","2"
"宽恕而不追究","0","2","2"
"太祖讨伐中山","0","2","2"
"封他的儿子元","0","2","2"
"等到中山平定","0","2","2"
"任命他为假节","0","2","2"
"力量超越常人","0","2","2"
"跟随平定凉州","0","2","2"
"祖认为他勇敢","0","2","2"
"后来授任尚书","0","2","2"
"担任瀛州刺史","0","2","2"
"所以当时人称","0","2","2"
"以当时人称为","0","2","2"
"皇帝采纳了他","0","2","2"
"帝采纳了他的","0","2","2"
"年轻时以强壮","0","2","2"
"轻时以强壮勇","0","2","2"
"时以强壮勇敢","0","2","2"
"以强壮勇敢闻","0","2","2"
"强壮勇敢闻名","0","2","2"
"做大逆不道的","0","2","2"
"大逆不道的事","0","2","2"
"性格沉稳忠厚","0","2","2"
"跟随世祖征伐","0","2","2"
"骑兵突然赶到","0","2","2"
"打败他们是必","0","2","2"
"败他们是必然","0","2","2"
"元顺讨伐他们","0","2","2"
"讨伐他们不能","0","2","2"
"太祖征伐中山","0","2","2"
"爵位为辽西公","0","2","2"
"光禄大夫时去","0","2","2"
"禄大夫时去世","0","2","2"
"各军驻守在沙","0","2","2"
"军驻守在沙漠","0","2","2"
"驻守在沙漠南","0","2","2"
"安抚将领士兵","0","2","2"
"年轻时善于射","0","2","2"
"轻时善于射箭","0","2","2"
"时善于射箭骑","0","2","2"
"次发射都射中","0","2","2"
"担任羽林中郎","0","2","2"
"任羽林中郎将","0","2","2"
"昭成帝逝世后","0","2","2"
"慕容永向东迁","0","2","2"
"容永向东迁徙","0","2","2"
"等人迎接窟咄","0","2","2"
"慕容白曜说道","0","2","2"
"及至慕容白曜","0","2","2"
"授予刘休宾为","0","2","2"
"的指甲和头发","0","2","2"
"慕容白曜对他","0","2","2"
"他与慕容白曜","0","2","2"
"崔道固之子崔","0","2","2"
"道固之子崔景","0","2","2"
"固之子崔景业","0","2","2"
"到南朝而连坐","0","2","2"
"南朝而连坐获","0","2","2"
"朝而连坐获罪","0","2","2"
"有什么话要说","0","2","2"
"任命为广宁太","0","2","2"
"命为广宁太守","0","2","2"
"水陆交通的要","0","2","2"
"刘文晔回答说","0","2","2"
"徐兖二州归降","0","2","2"
"善于治理国家","0","2","2"
"于治理国家的","0","2","2"
"廷追赠他为平","0","2","2"
"追赠他为平远","0","2","2"
"赠他为平远将","0","2","2"
"他为平远将军","0","2","2"
"他为平东将军","0","2","2"
"房伯玉回答道","0","2","2"
"房伯玉回答说","0","2","2"
"高祖在位之初","0","2","2"
"世祖平定凉州","0","2","2"
"迁任员外散骑","0","2","2"
"出任为征虏将","0","2","2"
"善于绥靖安抚","0","2","2"
"对他十分赞赏","0","2","2"
"世宗不予准许","0","2","2"
"将领裴方明等","0","2","2"
"领裴方明等人","0","2","2"
"州刺史胡崇之","0","2","2"
"推举杨文德为","0","2","2"
"皇帝下诏让高","0","2","2"
"世祖讨伐赫连","0","2","2"
"吕罗汉率领骑","0","2","2"
"罗汉率领骑步","0","2","2"
"汉率领骑步兵","0","2","2"
"率领骑步兵一","0","2","2"
"治安大为好转","0","2","2"
"转任殿中尚书","0","2","2"
"掌管宫廷守卫","0","2","2"
"世祖对他非常","0","2","2"
"随从皇帝去到","0","2","2"
"迁任征北大将","0","2","2"
"晋爵为河南公","0","2","2"
"司徒陆丽等人","0","2","2"
"受到特殊的尊","0","2","2"
"到特殊的尊崇","0","2","2"
"再次任命他为","0","2","2"
"袭承父亲的爵","0","2","2"
"向皇帝上表说","0","2","2"
"没有粮食就不","0","2","2"
"有粮食就不能","0","2","2"
"臣虽然见识不","0","2","2"
"也知道这些情","0","2","2"
"邳太守张攀都","0","2","2"
"授为冠军将军","0","2","2"
"万人前来救援","0","2","2"
"被授任为太仆","0","2","2"
"后来被授任为","0","2","2"
"岂不是很荒谬","0","2","2"
"皇帝下诏加授","0","2","2"
"卢渊为使持节","0","2","2"
"的雍州刺史曹","0","2","2"
"南老百姓的信","0","2","2"
"老百姓的信任","0","2","2"
"享年四十八岁","0","2","2"
"朝廷赠他为安","0","2","2"
"又诏令卢昶说","0","2","2"
"城投降了萧衍","0","2","2"
"迁任北部尚书","0","2","2"
"领兵二千人据","0","2","2"
"兵二千人据守","0","2","2"
"率领精锐部队","0","2","2"
"分兵设置戍所","0","2","2"
"吴忄喜公率领","0","2","2"
"请求增派军队","0","2","2"
"慕容白曜到达","0","2","2"
"刘彧的徐州刺","0","2","2"
"彧的徐州刺史","0","2","2"
"为东兖州刺史","0","2","2"
"安抚初来归附","0","2","2"
"煽动蛊惑百姓","0","2","2"
"征召尉元回京","0","2","2"
"太和十七年七","0","2","2"
"和十七年七月","0","2","2"
"前往接应他们","0","2","2"
"刘彧的东平太","0","2","2"
"彧的东平太守","0","2","2"
"崇吉的母亲和","0","2","2"
"吉的母亲和妻","0","2","2"
"无盐戍主申纂","0","2","2"
"怎么忍心看到","0","2","2"
"魏太祖平定中","0","2","2"
"世祖的舅舅阳","0","2","2"
"祖的舅舅阳平","0","2","2"
"的舅舅阳平王","0","2","2"
"舅舅阳平王杜","0","2","2"
"任征南大将军","0","2","2"
"帝下诏让高允","0","2","2"
"么可忧虑的呢","0","2","2"
"帝下诏让崔浩","0","2","2"
"立即赐给绵帛","0","2","2"
"即赐给绵帛五","0","2","2"
"赐给绵帛五百","0","2","2"
"给绵帛五百匹","0","2","2"
"拜高允长子高","0","2","2"
"高允长子高忱","0","2","2"
"允长子高忱为","0","2","2"
"长子高忱为绥","0","2","2"
"子高忱为绥远","0","2","2"
"高忱为绥远将","0","2","2"
"忱为绥远将军","0","2","2"
"几杖罗列在庭","0","2","2"
"杖罗列在庭中","0","2","2"
"朝中之官往往","0","2","2"
"中之官往往来","0","2","2"
"之官往往来来","0","2","2"
"官往往来来给","0","2","2"
"往往来来给予","0","2","2"
"往来来给予慰","0","2","2"
"来来给予慰问","0","2","2"
"高允喜形于色","0","2","2"
"天恩因我太老","0","2","2"
"给了这么多赐","0","2","2"
"了这么多赐品","0","2","2"
"可以用来待客","0","2","2"
"以用来待客了","0","2","2"
"赐给命服一袭","0","2","2"
"在慕容氏政权","0","2","2"
"慕容氏政权中","0","2","2"
"入宫为高宗讲","0","2","2"
"宫为高宗讲经","0","2","2"
"受到显祖恩宠","0","2","2"
"的母亲记载缺","0","2","2"
"母亲记载缺略","0","2","2"
"后来统领黄河","0","2","2"
"来统领黄河以","0","2","2"
"卜筮者董道秀","0","2","2"
"后来事情泄露","0","2","2"
"的人接连不断","0","2","2"
"参预军国大事","0","2","2"
"的不得越级至","0","2","2"
"等到文明太后","0","2","2"
"到文明太后逝","0","2","2"
"有什么可担心","0","2","2"
"后来皇帝车驾","0","2","2"
"来皇帝车驾南","0","2","2"
"皇帝下诏让李","0","2","2"
"帝下诏让李彪","0","2","2"
"等人共同处理","0","2","2"
"国家日常事务","0","2","2"
"引马骑卒传呼","0","2","2"
"马骑卒传呼开","0","2","2"
"骑卒传呼开道","0","2","2"
"是先皇的礼敬","0","2","2"
"的人的儿子擅","0","2","2"
"人的儿子擅长","0","2","2"
"知道为什么要","0","2","2"
"魏世宗不同意","0","2","2"
"接纳他的意见","0","2","2"
"高祖派舍人回","0","2","2"
"祖派舍人回答","0","2","2"
"派舍人回答说","0","2","2"
"亲自为他举哀","0","2","2"
"给他一些财物","0","2","2"
"的人都认为他","0","2","2"
"举官员的职务","0","2","2"
"二州怀念其德","0","2","2"
"州怀念其德泽","0","2","2"
"百姓追思其政","0","2","2"
"姓追思其政绩","0","2","2"
"朝廷赐帛五百","0","2","2"
"廷赐帛五百匹","0","2","2"
"他为冠军将军","0","2","2"
"朝廷拜他为中","0","2","2"
"廷拜他为中书","0","2","2"
"有关部门启奏","0","2","2"
"萧衍派他的冠","0","2","2"
"衍派他的冠军","0","2","2"
"派他的冠军将","0","2","2"
"个可以图谋的","0","2","2"
"可以图谋的理","0","2","2"
"以图谋的理由","0","2","2"
"担心会失去民","0","2","2"
"心会失去民心","0","2","2"
"武兴氐人杨集","0","2","2"
"让邢峦为使持","0","2","2"
"望陛下不要为","0","2","2"
"结成犄角之势","0","2","2"
"依为臣的愚见","0","2","2"
"屡屡上表请求","0","2","2"
"当时人都很佩","0","2","2"
"时人都很佩服","0","2","2"
"封他为平舒县","0","2","2"
"他为平舒县开","0","2","2"
"为平舒县开国","0","2","2"
"犒赏他宿豫城","0","2","2"
"赏他宿豫城立","0","2","2"
"他宿豫城立下","0","2","2"
"宿豫城立下的","0","2","2"
"豫城立下的战","0","2","2"
"城立下的战功","0","2","2"
"中山王元英南","0","2","2"
"帝下诏赐帛四","0","2","2"
"下诏赐帛四百","0","2","2"
"迁任散骑侍郎","0","2","2"
"迁任太子中庶","0","2","2"
"平定冀州的功","0","2","2"
"定冀州的功劳","0","2","2"
"尚书右仆射为","0","2","2"
"书右仆射为行","0","2","2"
"右仆射为行台","0","2","2"
"赐予东园秘器","0","2","2"
"年以上迁升半","0","2","2"
"以上迁升半阶","0","2","2"
"派使者前去吊","0","2","2"
"除授太中大夫","0","2","2"
"过了很长时间","0","2","2"
"他为安东将军","0","2","2"
"这是为什么呢","0","2","2"
"百姓纷纷归附","0","2","2"
"竖眼为征虏将","0","2","2"
"眼为征虏将军","0","2","2"
"竖眼各路大军","0","2","2"
"转任通直散骑","0","2","2"
"最重要的东西","0","2","2"
"中正官职照旧","0","2","2"
"黄门侍郎官职","0","2","2"
"另外的房屋中","0","2","2"
"任彭城王中军","0","2","2"
"于是叹息流泪","0","2","2"
"时年二十一岁","0","2","2"
"被任命为侍中","0","2","2"
"囚禁元惮在门","0","2","2"
"禁元惮在门下","0","2","2"
"元惮在门下省","0","2","2"
"向南投奔萧衍","0","2","2"
"治理国家统御","0","2","2"
"理国家统御民","0","2","2"
"国家统御民众","0","2","2"
"使灭亡国度复","0","2","2"
"灭亡国度复存","0","2","2"
"刘琨的质子刘","0","2","2"
"琨的质子刘遵","0","2","2"
"率领几百骑兵","0","2","2"
"时常参与军队","0","2","2"
"常参与军队国","0","2","2"
"担任南部大人","0","2","2"
"擒获他的妻子","0","2","2"
"获他的妻子儿","0","2","2"
"率领骑兵三千","0","2","2"
"领骑兵三千人","0","2","2"
"山攻打蠕蠕的","0","2","2"
"送马三千匹给","0","2","2"
"率领轻装骑兵","0","2","2"
"领轻装骑兵追","0","2","2"
"太祖在参合陂","0","2","2"
"祖在参合陂打","0","2","2"
"陂打败慕容宝","0","2","2"
"随从征伐高车","0","2","2"
"奚斤世代忠诚","0","2","2"
"斤世代忠诚孝","0","2","2"
"世代忠诚孝顺","0","2","2"
"太宗向西巡视","0","2","2"
"那山讨伐越勒","0","2","2"
"山讨伐越勒部","0","2","2"
"缴获马五万匹","0","2","2"
"坐在止车门右","0","2","2"
"在止车门右面","0","2","2"
"军公孙表等人","0","2","2"
"派遣使者前往","0","2","2"
"献出郡城投降","0","2","2"
"世祖亲自前往","0","2","2"
"授任广平太守","0","2","2"
"追评先朝功臣","0","2","2"
"追赠龙骧将军","0","2","2"
"出任冀青二州","0","2","2"
"任冀青二州刺","0","2","2"
"后来因有罪发","0","2","2"
"来因有罪发配","0","2","2"
"随从征伐蠕蠕","0","2","2"
"加授员外散骑","0","2","2"
"授员外散骑常","0","2","2"
"叔孙建年轻时","0","2","2"
"任命叔孙建为","0","2","2"
"等十三人轮流","0","2","2"
"任命为后将军","0","2","2"
"外出任并州刺","0","2","2"
"刘裕讨伐姚泓","0","2","2"
"叔孙建从河内","0","2","2"
"率领军队向北","0","2","2"
"因功劳获赐爵","0","2","2"
"叔孙建和汝阴","0","2","2"
"孙建和汝阴公","0","2","2"
"刘义隆的兖州","0","2","2"
"义隆的兖州刺","0","2","2"
"隆的兖州刺史","0","2","2"
"的兖州刺史竺","0","2","2"
"时年七十三岁","0","2","2"
"擅长射箭骑马","0","2","2"
"等人在左右纠","0","2","2"
"人在左右纠正","0","2","2"
"在左右纠正过","0","2","2"
"左右纠正过失","0","2","2"
"逐渐升迁到北","0","2","2"
"渐升迁到北部","0","2","2"
"父亲统领军队","0","2","2"
"授任冀州刺史","0","2","2"
"刘裕攻克长安","0","2","2"
"长孙嵩于是撤","0","2","2"
"孙嵩于是撤军","0","2","2"
"应该先征讨大","0","2","2"
"该先征讨大檀","0","2","2"
"赞同促成这件","0","2","2"
"同促成这件事","0","2","2"
"担任右卫将军","0","2","2"
"太祖喜爱他的","0","2","2"
"隆派遣将领到","0","2","2"
"为他们很荣耀","0","2","2"
"敏捷有才华技","0","2","2"
"捷有才华技艺","0","2","2"
"萧衍的将领裴","0","2","2"
"派遣河间王元","0","2","2"
"遣河间王元琛","0","2","2"
"没有回答的人","0","2","2"
"杀死她的丈夫","0","2","2"
"非正式的新安","0","2","2"
"情况上报朝廷","0","2","2"
"又任外都大官","0","2","2"
"显贵用的棺材","0","2","2"
"追赠为太尉公","0","2","2"
"跟从皇上南征","0","2","2"
"握着于烈的手","0","2","2"
"着于烈的手说","0","2","2"
"高祖嘉许他的","0","2","2"
"祖嘉许他的功","0","2","2"
"的儿子于登援","0","2","2"
"儿子于登援引","0","2","2"
"于烈为散骑常","0","2","2"
"烈为散骑常侍","0","2","2"
"依法被处死刑","0","2","2"
"功劳加授散骑","0","2","2"
"劳加授散骑常","0","2","2"
"元禧憎恨于烈","0","2","2"
"禧憎恨于烈刚","0","2","2"
"憎恨于烈刚强","0","2","2"
"恨于烈刚强正","0","2","2"
"于烈刚强正直","0","2","2"
"于是谋划把他","0","2","2"
"是谋划把他派","0","2","2"
"谋划把他派到","0","2","2"
"划把他派到外","0","2","2"
"把他派到外地","0","2","2"
"他派到外地去","0","2","2"
"派到外地去做","0","2","2"
"到外地去做官","0","2","2"
"便任命他为使","0","2","2"
"于忠驱马疾行","0","2","2"
"忠驱马疾行去","0","2","2"
"升任长水校尉","0","2","2"
"大王也不能杀","0","2","2"
"王也不能杀我","0","2","2"
"于忠任尚书令","0","2","2"
"依例降低爵位","0","2","2"
"被迫赠为征南","0","2","2"
"迫赠为征南将","0","2","2"
"赠为征南将军","0","2","2"
"任尚书考功郎","0","2","2"
"来任命他为代","0","2","2"
"任命他为代王","0","2","2"
"命他为代王左","0","2","2"
"他为代王左长","0","2","2"
"为代王左长史","0","2","2"
"年轻时有文学","0","2","2"
"轻时有文学才","0","2","2"
"时有文学才能","0","2","2"
"佛嵩于是日夜","0","2","2"
"嵩于是日夜赶","0","2","2"
"这年六十三岁","0","2","2"
"跟随征伐慕容","0","2","2"
"随征伐慕容实","0","2","2"
"担任中山太守","0","2","2"
"担任侍御中散","0","2","2"
"太祖征伐蠕蠕","0","2","2"
"太祖命令张衮","0","2","2"
"鼓励督促耕田","0","2","2"
"励督促耕田种","0","2","2"
"督促耕田种桑","0","2","2"
"才能策略受到","0","2","2"
"服丧时以孝道","0","2","2"
"丧时以孝道闻","0","2","2"
"群臣商议这件","0","2","2"
"臣商议这件事","0","2","2"
"娶他的女儿为","0","2","2"
"他的女儿为嫔","0","2","2"
"的女儿为嫔妃","0","2","2"
"雷霆般的威严","0","2","2"
"追赠镇南将军","0","2","2"
"改任大司农少","0","2","2"
"任大司农少卿","0","2","2"
"在慕容晾手下","0","2","2"
"慕容垂任命玄","0","2","2"
"容垂任命玄伯","0","2","2"
"垂任命玄伯为","0","2","2"
"任命玄伯为吏","0","2","2"
"命玄伯为吏部","0","2","2"
"玄伯为吏部郎","0","2","2"
"安抚慰问新归","0","2","2"
"抚慰问新归附","0","2","2"
"慰问新归附的","0","2","2"
"问新归附的人","0","2","2"
"宗听从了他的","0","2","2"
"崔浩的弟弟崔","0","2","2"
"浩的弟弟崔览","0","2","2"
"延兴二年去世","0","2","2"
"爵位为武陵公","0","2","2"
"弟弟崔肋作乱","0","2","2"
"刘义隆的儿子","0","2","2"
"后来任宁朔将","0","2","2"
"来任宁朔将军","0","2","2"
"率领部众几千","0","2","2"
"领部众几千人","0","2","2"
"任征束大将军","0","2","2"
"州发生大水灾","0","2","2"
"当时人没有谁","0","2","2"
"时人没有谁比","0","2","2"
"人没有谁比得","0","2","2"
"没有谁比得上","0","2","2"
"刘显谋划作乱","0","2","2"
"听说后相信了","0","2","2"
"随从平定中原","0","2","2"
"平民服装进入","0","2","2"
"高祖赐予的名","0","2","2"
"祖赐予的名字","0","2","2"
"追赠征西将军","0","2","2"
"世祖征伐凉州","0","2","2"
"崔浩等人辅佐","0","2","2"
"浩等人辅佐政","0","2","2"
"等人辅佐政事","0","2","2"
"和平二年去世","0","2","2"
"出仕为员外郎","0","2","2"
"率领骑兵三万","0","2","2"
"穆亮为使持节","0","2","2"
"不久授任使持","0","2","2"
"久授任使持节","0","2","2"
"担任司徒谘议","0","2","2"
"担任征西将军","0","2","2"
"赐爵位为任城","0","2","2"
"随从征伐和龙","0","2","2"
"世祖向西征伐","0","2","2"
"向北讨伐蠕蠕","0","2","2"
"外出任北镇都","0","2","2"
"出任北镇都将","0","2","2"
"担任通直常侍","0","2","2"
"左右抵御欺侮","0","2","2"
"担任辅国将军","0","2","2"
"免除官职爵位","0","2","2"
"将领们都认为","0","2","2"
"加授平北将军","0","2","2"
"柴壁征讨姚平","0","2","2"
"加授安远将军","0","2","2"
"侵犯黄河以西","0","2","2"
"安颉捉住赫连","0","2","2"
"颉捉住赫连昌","0","2","2"
"无不嗟叹惋惜","0","2","2"
"赐给爵位为安","0","2","2"
"追赠他为安束","0","2","2"
"赠他为安束将","0","2","2"
"积蓄力量等待","0","2","2"
"为中领军将军","0","2","2"
"以皇上的名义","0","2","2"
"皇上的名义招","0","2","2"
"上的名义招抚","0","2","2"
"跟从皇上讨伐","0","2","2"
"时因擅长骑马","0","2","2"
"因擅长骑马射","0","2","2"
"长骑马射箭任","0","2","2"
"爵位为金城公","0","2","2"
"追赠为冠军将","0","2","2"
"赠为冠军将军","0","2","2"
"陆真打败他们","0","2","2"
"爵位为河南公","0","2","2"
"与雍州刺史刘","0","2","2"
"刺史刘邈讨伐","0","2","2"
"军国大事的谋","0","2","2"
"国大事的谋划","0","2","2"
"太祖宠信优待","0","2","2"
"太祖征伐慕容","0","2","2"
"祖征伐慕容宝","0","2","2"
"智谋多有才干","0","2","2"
"前来偷袭军营","0","2","2"
"搜索山林全力","0","2","2"
"索山林全力讨","0","2","2"
"山林全力讨伐","0","2","2"
"侵犯南部边境","0","2","2"
"聚集党与反叛","0","2","2"
"随从征伐有功","0","2","2"
"从征伐有功劳","0","2","2"
"时人认为他很","0","2","2"
"被任命为左军","0","2","2"
"任命为左军将","0","2","2"
"命为左军将军","0","2","2"
"没有赶上而返","0","2","2"
"有赶上而返回","0","2","2"
"爵位为会稽公","0","2","2"
"处理机要事务","0","2","2"
"上奏百官情形","0","2","2"
"五原黄河北岸","0","2","2"
"对他略有嫌隙","0","2","2"
"军队出动没有","0","2","2"
"队出动没有功","0","2","2"
"被任命为安西","0","2","2"
"和永昌王元健","0","2","2"
"仇池的包围解","0","2","2"
"池的包围解除","0","2","2"
"有老练成熟的","0","2","2"
"老练成熟的辛","0","2","2"
"练成熟的辛勤","0","2","2"
"人认为他们很","0","2","2"
"郡公崔浩等人","0","2","2"
"千骑兵追赶他","0","2","2"
"征召他回京城","0","2","2"
"镇守北方边境","0","2","2"
"的别部头领阿","0","2","2"
"别部头领阿伏","0","2","2"
"部头领阿伏干","0","2","2"
"时因父亲的功","0","2","2"
"伤了一只眼睛","0","2","2"
"担任平南将军","0","2","2"
"斩首一千多级","0","2","2"
"兼护羌戎校尉","0","2","2"
"不久被任命为","0","2","2"
"别部将领隶属","0","2","2"
"侍奉皇帝的人","0","2","2"
"武艺超过常人","0","2","2"
"被任命为前军","0","2","2"
"任命为前军将","0","2","2"
"命为前军将军","0","2","2"
"河梁仗义起兵","0","2","2"
"最初担任司空","0","2","2"
"初担任司空参","0","2","2"
"担任司空参军","0","2","2"
"兵士一千多人","0","2","2"
"他的儿子元显","0","2","2"
"让爵位给元鉴","0","2","2"
"追赠征东将军","0","2","2"
"台鲎元年逝世","0","2","2"
"世祖连接断绝","0","2","2"
"祖连接断绝的","0","2","2"
"连接断绝的世","0","2","2"
"接断绝的世序","0","2","2"
"都流着眼泪追","0","2","2"
"外任为安北将","0","2","2"
"任为安北将军","0","2","2"
"大将军高肇征","0","2","2"
"将军高肇征伐","0","2","2"
"军高肇征伐蜀","0","2","2"
"高肇征伐蜀地","0","2","2"
"领军职位照旧","0","2","2"
"元继频繁上奏","0","2","2"
"元继在太和年","0","2","2"
"继在太和年间","0","2","2"
"灵太后和肃宗","0","2","2"
"兼领尝食典御","0","2","2"
"元叉和他的弟","0","2","2"
"叉和他的弟弟","0","2","2"
"和他的弟弟元","0","2","2"
"他的弟弟元爪","0","2","2"
"连禽兽都不如","0","2","2"
"称赞他的治绩","0","2","2"
"不能克敌制胜","0","2","2"
"皇帝下诏让刘","0","2","2"
"帝下诏让刘昶","0","2","2"
"正想讨伐罪恶","0","2","2"
"宣扬皇威布施","0","2","2"
"扬皇威布施帝","0","2","2"
"皇威布施帝德","0","2","2"
"也不失本来打","0","2","2"
"不失本来打算","0","2","2"
"朕也无所成就","0","2","2"
"岂只是爱卿你","0","2","2"
"只是爱卿你呢","0","2","2"
"喜好法典则国","0","2","2"
"好法典则国家","0","2","2"
"法典则国家定","0","2","2"
"典则国家定会","0","2","2"
"为梁郡开国公","0","2","2"
"赐给帛三百匹","0","2","2"
"行宫朝见皇帝","0","2","2"
"对于敌人来说","0","2","2"
"魏世宗又不接","0","2","2"
"跟随皇帝车驾","0","2","2"
"离都城八里的","0","2","2"
"在离城九里的","0","2","2"
"离城九里的郊","0","2","2"
"城九里的郊郭","0","2","2"
"在离城六里的","0","2","2"
"离城六里的郊","0","2","2"
"所宜种的树木","0","2","2"
"社稷所以有树","0","2","2"
"他为辅国将军","0","2","2"
"府的谘议参军","0","2","2"
"臣心里有想法","0","2","2"
"不敢尽言于圣","0","2","2"
"敢尽言于圣日","0","2","2"
"皇帝下诏让杨","0","2","2"
"帝下诏让杨播","0","2","2"
"转任左卫将军","0","2","2"
"郑羲对元石说","0","2","2"
"历任谏议大夫","0","2","2"
