"N-gram","原文","翻译","Total"
"开府仪同三司","86","87","173"
"金紫光禄大夫","36","37","73"
"通直散骑常侍","34","34","68"
"员外散骑常侍","25","25","50"
"国遣使献方物","47","0","47"
"中书通事舍人","22","25","47"
"给事黄门侍郎","0","40","40"
"吏部尚书姚察","20","18","38"
"派遣使者进献","0","35","35"
"派遣使者贡奉","0","35","35"
"贡奉地方特产","0","34","34"
"遣使者贡奉地","0","32","32"
"使者贡奉地方","0","32","32"
"者贡奉地方特","0","32","32"
"陈吏部尚书姚","20","10","30"
"中郎谘议参军","14","13","27"
"州刺史鄱阳王","13","13","26"
"员外散骑侍郎","13","13","26"
"任太子中庶子","0","26","26"
"州刺史临川王","13","11","24"
"部尚书姚察曰","19","3","22"
"通直散骑侍郎","11","11","22"
"督江州诸军事","12","9","21"
"国派遣使者贡","0","21","21"
"扬州刺史临川","11","9","20"
"任给事黄门侍","0","20","20"
"遣使者进献本","0","19","19"
"舆驾亲祠南郊","18","0","18"
"都督江州诸军","10","8","18"
"兼中书通事舍","0","18","18"
"督中外诸军事","9","8","17"
"使者进献本土","0","17","17"
"者进献本土物","0","17","17"
"进献本土物产","0","17","17"
"州刺史羊鸦仁","9","7","16"
"亲去世而离职","0","16","16"
"迁事黄门侍郎","15","0","15"
"都督中外诸军","8","7","15"
"为尚书左仆射","0","15","15"
"皇帝亲自祭祀","0","15","15"
"派遣使者献纳","0","15","15"
"尚书左仆射王","7","7","14"
"司州刺史羊鸦","8","6","14"
"徐二州诸军事","8","6","14"
"在任职期间去","0","14","14"
"任职期间去世","0","14","14"
"母亲去世离职","0","14","14"
"任通直散骑常","0","14","14"
"州刺史豫章王","7","6","13"
"彭城二郡太守","7","6","13"
"冀五州诸军事","8","5","13"
"邑一千五百户","6","7","13"
"高祖登上帝位","0","13","13"
"部尚书姚察说","0","13","13"
"进献当地特产","0","13","13"
"司州刺史柳仲","6","6","12"
"州刺史柳仲礼","6","6","12"
"王法曹行参军","6","6","12"
"南徐州诸军事","7","5","12"
"长大成人之后","0","12","12"
"国派遣使者进","0","12","12"
"刺史鄱阳王萧","0","12","12"
"为尚书右仆射","0","12","12"
"因母亲去世离","0","12","12"
"领石头戍军事","0","12","12"
"任员外散骑常","0","12","12"
"刺史临川王宏","10","1","11"
"州刺史安成王","6","5","11"
"西中郎谘议参","6","5","11"
"迁太子中舍人","9","2","11"
"北中郎谘议参","5","6","11"
"青冀二州刺史","2","9","11"
"各自派遣使者","0","11","11"
"帝亲自祭祀南","0","11","11"
"亲自祭祀南郊","0","11","11"
"任太子中舍人","0","11","11"
"尚书右仆射王","5","5","10"
"徐州刺史元法","5","5","10"
"州刺史元法僧","5","5","10"
"中郎外兵参军","5","5","10"
"巴西太守鲁休","5","5","10"
"西太守鲁休烈","5","5","10"
"督司州诸军事","5","5","10"
"迁员外散骑常","10","0","10"
"派遣使者前来","0","10","10"
"服丧期满之后","0","10","10"
"州刺史始兴王","5","4","9"
"开府同三司仪","9","0","9"
"州刺史庐陵王","5","4","9"
"州刺史湘东王","6","3","9"
"军将军王僧辩","5","4","9"
"军法曹行参军","4","5","9"
"南徐二州诸军","5","4","9"
"霍三州诸军事","6","3","9"
"为右光禄大夫","0","9","9"
"开府同三司之","0","9","9"
"府同三司之仪","0","9","9"
"因母亲去世而","0","9","9"
"任金紫光禄大","0","9","9"
"任太子右卫率","0","9","9"
"母亲去世而离","0","9","9"
"服丧期满除服","0","9","9"
"遣使者献纳贡","0","9","9"
"使者献纳贡品","0","9","9"
"刺史鄱阳王恢","8","0","8"
"军将军始兴王","4","4","8"
"号开府仪同三","5","3","8"
"荆州刺史鄱阳","4","4","8"
"孝悌力田赐爵","8","0","8"
"悌力田赐爵一","8","0","8"
"力田赐爵一级","8","0","8"
"南秦二州刺史","5","3","8"
"南康嗣王会理","5","3","8"
"贞阳侯萧渊明","3","5","8"
"大司马谘议参","4","4","8"
"司马谘议参军","4","4","8"
"梓潼二郡太守","4","4","8"
"迁尚书右仆射","8","0","8"
"西中郎中兵参","4","4","8"
"中郎中兵参军","4","4","8"
"州刺史曹景宗","4","4","8"
"加通直散骑常","5","3","8"
"太子步兵校尉","4","4","8"
"南徐州大中正","4","4","8"
"迁太子中庶子","7","1","8"
"始安王萧遥光","4","4","8"
"都督南徐州诸","5","3","8"
"督南徐州诸军","5","3","8"
"司徒竟陵王子","4","4","8"
"徒竟陵王子良","4","4","8"
"督百济诸军事","4","4","8"
"国各自派遣使","0","8","8"
"任命护军将军","0","8","8"
"鼓吹乐队一部","0","8","8"
"为给事黄门侍","0","8","8"
"调任散骑常侍","0","8","8"
"任司徒左长史","0","8","8"
"从家中征召出","0","8","8"
"家中征召出来","0","8","8"
"中征召出来任","0","8","8"
"多次派遣使者","0","8","8"
"江州刺史陈伯","4","3","7"
"荆州刺史始兴","4","3","7"
"本号开府仪同","5","2","7"
"舆驾亲祠明堂","7","0","7"
"州刺史晋安王","4","3","7"
"府仪同三司南","4","3","7"
"仪同三司南平","4","3","7"
"同三司南平王","4","3","7"
"州刺史武陵王","4","3","7"
"荆州刺史湘东","4","3","7"
"前司州刺史羊","4","3","7"
"北秦四州郢州","5","2","7"
"司州随郡诸军","6","1","7"
"州随郡诸军事","6","1","7"
"督湘州诸军事","5","2","7"
"湘东王谘议参","4","3","7"
"东王谘议参军","4","3","7"
"命尚书左仆射","1","6","7"
"史鄱阳王萧恢","0","7","7"
"为南徐州刺史","0","7","7"
"京城发生地震","0","7","7"
"遣使者前来通","0","7","7"
"前来通问修好","0","7","7"
"秉承皇帝旨意","0","7","7"
"从家中被征召","0","7","7"
"食邑一千五百","0","7","7"
"因父亲去世而","0","7","7"
"父亲去世而离","0","7","7"
"迁任御史中丞","0","7","7"
"在官任上去世","0","7","7"
"任通直散骑侍","0","7","7"
"梁朝台阁建立","0","7","7"
"入任散骑常侍","0","7","7"
"迁任员外散骑","0","7","7"
"迁任太子舍人","0","7","7"
"舍人之职不变","0","7","7"
"为员外散骑侍","0","7","7"
"派遣使者呈奉","0","7","7"
"遣使者呈奉表","0","7","7"
"使者呈奉表章","0","7","7"
"累迁太子舍人","6","0","6"
"尚书令徐孝嗣","3","3","6"
"益州刺史刘季","3","3","6"
"州刺史刘季连","3","3","6"
"督征讨诸军事","3","3","6"
"卫将军曹景宗","4","2","6"
"进号安西将军","6","0","6"
"林邑国遣使献","6","0","6"
"刺史安成王秀","6","0","6"
"尚书右仆射袁","3","3","6"
"书右仆射袁昂","3","3","6"
"刺史豫章王综","6","0","6"
"光禄大夫王份","3","3","6"
"府仪同三司袁","4","2","6"
"梁州刺史元罗","3","3","6"
"刺史湘东王绎","6","0","6"
"河凉二州刺史","3","3","6"
"北将军鄱阳王","3","3","6"
"衡州刺史韦粲","3","3","6"
"高州刺史李迁","3","3","6"
"州刺史李迁仕","3","3","6"
"东扬州刺史临","3","3","6"
"太宗简文皇帝","3","3","6"
"郢州竟陵司州","6","0","6"
"州竟陵司州随","6","0","6"
"竟陵司州随郡","6","0","6"
"陵司州随郡诸","6","0","6"
"州刺史南平王","3","3","6"
"左卫将军王僧","3","3","6"
"卫将军王僧辩","3","3","6"
"六年五月二十","3","3","6"
"都督司州诸军","3","3","6"
"进号辅国将军","3","3","6"
"骠骑记室参军","3","3","6"
"司徒谘议参军","3","3","6"
"督豫州诸军事","3","3","6"
"冀二州诸军事","3","3","6"
"庐陵王法曹行","3","3","6"
"陵王法曹行参","3","3","6"
"迁司徒左长史","6","0","6"
"司徒法曹行参","3","3","6"
"徒法曹行参军","3","3","6"
"羽葆鼓吹一部","3","3","6"
"前后部羽葆鼓","3","3","6"
"后部羽葆鼓吹","3","3","6"
"追赠散骑常侍","1","5","6"
"后军记室参军","3","3","6"
"入中书通事舍","6","0","6"
"十一年十一月","3","3","6"
"晋安王谘议参","3","3","6"
"安王谘议参军","3","3","6"
"骠骑谘议参军","3","3","6"
"魏徐州刺史元","4","2","6"
"尚书令何敬容","3","3","6"
"督城内诸军事","3","3","6"
"中书黄门侍郎","3","3","6"
"历阳太守庄铁","3","3","6"
"督缘海诸军事","3","3","6"
"都督百济诸军","3","3","6"
"太子詹事萧渊","3","3","6"
"进升官爵名号","0","6","6"
"升官爵名号为","0","6","6"
"为左光禄大夫","0","6","6"
"任命中军将军","0","6","6"
"将军始兴王萧","0","6","6"
"为南兖州刺史","0","6","6"
"豫章王萧综为","0","6","6"
"孝悌力田的农","0","6","6"
"悌力田的农官","0","6","6"
"力田的农官赐","0","6","6"
"田的农官赐爵","0","6","6"
"自派遣使者贡","0","6","6"
"皇帝亲自耕种","0","6","6"
"刺史豫章王萧","0","6","6"
"为骠骑大将军","0","6","6"
"魏国派遣使者","0","6","6"
"国派遣使者前","0","6","6"
"使者前来通问","0","6","6"
"者前来通问修","0","6","6"
"给鼓吹乐队一","0","6","6"
"任尚书右仆射","0","6","6"
"追赠他为侍中","0","6","6"
"任尚书殿中郎","0","6","6"
"迁任给事黄门","0","6","6"
"授任太子洗马","0","6","6"
"出任宁远将军","0","6","6"
"出任明威将军","0","6","6"
"调任给事黄门","0","6","6"
"授任散骑常侍","0","6","6"
"赐给鼓吹一部","0","6","6"
"兼任步兵校尉","0","6","6"
"家中被征召出","0","6","6"
"中被征召出来","0","6","6"
"被征召出来任","0","6","6"
"任尚书仪曹郎","0","6","6"
"死时五十九岁","0","6","6"
"登上帝位之后","0","6","6"
"使者进献当地","0","6","6"
"者进献当地特","0","6","6"
"宋建平王景素","4","1","5"
"高祖雍州刺史","5","0","5"
"州刺史始安王","2","3","5"
"车骑将军夏侯","2","3","5"
"骑将军夏侯详","2","3","5"
"大将军百济王","2","3","5"
"二年春正月甲","3","2","5"
"尚书左仆射沈","3","2","5"
"书左仆射沈约","3","2","5"
"西秦河二州刺","1","4","5"
"秦河二州刺史","1","4","5"
"将军始兴王憺","5","0","5"
"年春正月辛巳","3","2","5"
"年春正月辛丑","3","2","5"
"高丽国遣使献","5","0","5"
"丽国遣使献方","5","0","5"
"邑国遣使献方","5","0","5"
"年春正月辛卯","3","2","5"
"芮芮国遣使献","5","0","5"
"芮国遣使献方","5","0","5"
"刺史始兴王憺","5","0","5"
"南国遣使献方","5","0","5"
"仪同三司袁昂","4","1","5"
"魏北海王元颢","3","2","5"
"广州刺史元景","3","2","5"
"州刺史邵陵王","3","2","5"
"大司马南平王","3","2","5"
"行宕昌王梁弥","3","2","5"
"州刺史湛海珍","3","2","5"
"尚书仆射谢举","3","2","5"
"扬州刺史临成","3","2","5"
"州刺史临成公","3","2","5"
"秦四州郢州竟","5","0","5"
"四州郢州竟陵","5","0","5"
"州郢州竟陵司","5","0","5"
"刺史南平王恪","4","1","5"
"刺史寻阳王大","3","2","5"
"史寻阳王大心","3","2","5"
"将军王僧辩代","3","2","5"
"左卫将军徐文","3","2","5"
"卫将军徐文盛","3","2","5"
"州刺史王僧辩","2","3","5"
"长沙宣武王懿","5","0","5"
"迁通直散骑常","5","0","5"
"进号征虏将军","4","1","5"
"邑一千二百户","2","3","5"
"累迁太子中舍","3","2","5"
"右军谘议参军","3","2","5"
"迁太子右卫率","4","1","5"
"迁尚书殿中郎","5","0","5"
"陵王国左常侍","3","2","5"
"陵王记室参军","3","2","5"
"中书舍人硃异","4","1","5"
"除太子中庶子","5","0","5"
"除事黄门侍郎","5","0","5"
"太尉临川王长","3","2","5"
"尉临川王长史","3","2","5"
"进号平西将军","4","1","5"
"沙四州诸军事","3","2","5"
"庐陵王谘议参","3","2","5"
"陵王谘议参军","3","2","5"
"骠骑录事参军","3","2","5"
"吏部尚书徐勉","3","2","5"
"西中郎湘东王","3","2","5"
"西湘东王谘议","3","2","5"
"合州刺史鄱阳","2","3","5"
"刺史鄱阳王范","5","0","5"
"中军临川王行","3","2","5"
"军临川王行参","3","2","5"
"临川王行参军","3","2","5"
"封泰山禅云云","3","2","5"
"郢州刺史鄱阳","3","2","5"
"听到这个消息","0","5","5"
"自派遣使者进","0","5","5"
"任左光禄大夫","0","5","5"
"任命尚书左仆","0","5","5"
"年春季正月辛","0","5","5"
"刺史始兴王萧","0","5","5"
"皇上到南郊亲","0","5","5"
"上到南郊亲自","0","5","5"
"到南郊亲自祭","0","5","5"
"南郊亲自祭天","0","5","5"
"建安王萧伟为","0","5","5"
"芮芮国派遣使","0","5","5"
"芮国派遣使者","0","5","5"
"庐陵王萧续为","0","5","5"
"将军鄱阳王萧","0","5","5"
"对任孝悌力田","0","5","5"
"任孝悌力田的","0","5","5"
"王派遣使者贡","0","5","5"
"邵陵王萧纶为","0","5","5"
"帝亲自耕种藉","0","5","5"
"亲自耕种藉田","0","5","5"
"史豫章王萧综","0","5","5"
"南国派遣使者","0","5","5"
"的第七个儿子","0","5","5"
"任员外散骑侍","0","5","5"
"赐给鼓吹乐队","0","5","5"
"太尉从事中郎","0","5","5"
"高祖受禅登基","0","5","5"
"任尚书三公郎","0","5","5"
"岁就能写文章","0","5","5"
"迁为太子舍人","0","5","5"
"授通直散骑常","0","5","5"
"增加食邑二百","0","5","5"
"加食邑二百户","0","5","5"
"授任太子中庶","0","5","5"
"选拔官吏的部","0","5","5"
"拔官吏的部门","0","5","5"
"迁任中书侍郎","0","5","5"
"的第二个儿子","0","5","5"
"经升迁任太子","0","5","5"
"加授散骑常侍","0","5","5"
"外出任使持节","0","5","5"
"迁任太子中庶","0","5","5"
"州三州诸军事","0","5","5"
"出任仁威将军","0","5","5"
"有文集二十卷","0","5","5"
"迁任国子博士","0","5","5"
"出任贞威将军","0","5","5"
"历任太子舍人","0","5","5"
"迁任尚书左丞","0","5","5"
"任尚书金部郎","0","5","5"
"迁任吏部尚书","0","5","5"
"史鄱阳王萧范","0","5","5"
"任尚书祠部郎","0","5","5"
"被从家中征召","0","5","5"
"派遣手下将领","0","5","5"
"祖登上帝位之","0","5","5"
"竟陵王萧子良","0","5","5"
"有不同于树木","0","5","5"
"不同于树木的","0","5","5"
"同于树木的知","0","5","5"
"于树木的知觉","0","5","5"
"刺史安成王萧","0","5","5"
"史安成王萧秀","0","5","5"
"遣使者进献当","0","5","5"
"献纳当地特产","0","5","5"
"又派遣使者献","0","5","5"
"秣陵县同夏里","2","2","4"
"中郎法曹行参","2","2","4"
"郎法曹行参军","2","2","4"
"竟陵王子良开","3","1","4"
"南中郎谘议参","2","2","4"
"司州刺史王僧","2","2","4"
"州刺史王僧景","2","2","4"
"都督征讨诸军","2","2","4"
"州刺史王珍国","2","2","4"
"相国左长史王","2","2","4"
"国左长史王莹","2","2","4"
"号征东大将军","3","1","4"
"进号征南将军","3","1","4"
"左光禄大夫王","2","2","4"
"都督北讨诸军","2","2","4"
"督北讨诸军事","2","2","4"
"书左仆射王莹","2","2","4"
"豫州刺史韦睿","3","1","4"
"江州刺史王茂","2","2","4"
"军长沙王深业","3","1","4"
"州刺史建安王","3","1","4"
"护军将军始兴","2","2","4"
"太子詹事王茂","2","2","4"
"州刺史长沙王","2","2","4"
"军将军鄱阳王","2","2","4"
"丹阳尹晋安王","2","2","4"
"右将军豫章王","2","2","4"
"扶南国遣使献","4","0","4"
"通元年春正月","2","2","4"
"元年春正月乙","2","2","4"
"刺史晋安王纲","4","0","4"
"义州刺史文僧","2","2","4"
"州刺史文僧明","2","2","4"
"将军庐陵王续","4","0","4"
"刺史庐陵王续","4","0","4"
"七年春正月辛","2","2","4"
"年春正月乙丑","2","2","4"
"豫州刺史元庆","2","2","4"
"州刺史南康王","2","2","4"
"济阴王元晖业","2","2","4"
"二年春正月戊","2","2","4"
"三年春正月辛","2","2","4"
"州刺史元景隆","3","1","4"
"刺史武陵王纪","4","0","4"
"舆驾亲耕籍田","4","0","4"
"州刺史萧渊藻","2","2","4"
"州刺史武兴王","2","2","4"
"刺史武兴王杨","2","2","4"
"史武兴王杨绍","2","2","4"
"武兴王杨绍先","2","2","4"
"北益州刺史阴","2","2","4"
"益州刺史阴平","2","2","4"
"州刺史阴平王","2","2","4"
"刺史阴平王杨","2","2","4"
"史阴平王杨法","2","2","4"
"阴平王杨法深","2","2","4"
"尚书右丞江子","2","2","4"
"书右丞江子四","2","2","4"
"中书令邵陵王","2","2","4"
"扬州刺史武陵","2","2","4"
"南徐州刺史临","2","2","4"
"徐州刺史临川","2","2","4"
"刺史临川王正","2","2","4"
"史临川王正义","2","2","4"
"刺史湛海珍等","2","2","4"
"遣大将军慕容","2","2","4"
"大将军慕容绍","2","2","4"
"将军慕容绍宗","2","2","4"
"遣太子舍人元","2","2","4"
"太子舍人元贞","2","2","4"
"将军高丽王高","2","2","4"
"安北将军鄱阳","2","2","4"
"前衡州刺史韦","2","2","4"
"刺史临成公大","3","1","4"
"史临成公大连","3","1","4"
"冀二州刺史湘","2","2","4"
"二州刺史湘潭","2","2","4"
"州刺史湘潭侯","2","2","4"
"太清三年五月","2","2","4"
"西江督护陈霸","2","2","4"
"江督护陈霸先","2","2","4"
"定州刺史萧勃","2","2","4"
"前江都令祖皓","2","2","4"
"尚书仆射王克","2","2","4"
"郢州刺史南平","2","2","4"
"都督六合诸军","2","2","4"
"督六合诸军事","2","2","4"
"世祖孝元皇帝","2","2","4"
"北秦九州诸军","2","2","4"
"秦九州诸军事","2","2","4"
"州刺史岳阳王","2","2","4"
"年五月二十日","2","2","4"
"衡州刺史丁道","2","2","4"
"州刺史丁道贵","2","2","4"
"护军将军陆法","2","2","4"
"豫州刺史侯瑱","4","0","4"
"秦州刺史严超","2","2","4"
"遣上党王高涣","2","2","4"
"震州刺史杜龛","2","2","4"
"扬州刺史张彪","2","2","4"
"武进县东城里","2","2","4"
"进县东城里山","2","2","4"
"太尉中兵参军","2","2","4"
"大司马中兵参","2","2","4"
"司马中兵参军","2","2","4"
"西中郎外兵参","2","2","4"
"遣辅国将军刘","2","2","4"
"加秩中二千石","4","0","4"
"授尚书左仆射","2","2","4"
"郢州刺史曹景","2","2","4"
"豫州刺史殷琰","2","2","4"
"都督湘州诸军","3","1","4"
"鲁山城主孙乐","2","2","4"
"山城主孙乐祖","2","2","4"
"梁州长史夏侯","2","2","4"
"州长史夏侯道","2","2","4"
"长史夏侯道迁","2","2","4"
"时长沙宣武王","2","2","4"
"车骑谘议参军","2","2","4"
"宋丹阳尹刘秉","2","2","4"
"护军将军崔慧","2","2","4"
"军将军崔慧景","2","2","4"
"梁郡太守冯道","2","2","4"
"郡太守冯道根","2","2","4"
"司州刺史马仙","2","2","4"
"征员外散骑常","3","1","4"
"迁治书侍御史","4","0","4"
"兴太守颜僧都","2","2","4"
"举南徐州秀才","4","0","4"
"迁金紫光禄大","4","0","4"
"中书舍人黄睦","2","2","4"
"西中郎南康王","3","1","4"
"太仆卿鱼弘文","2","2","4"
"督北徐州诸军","3","1","4"
"北徐州诸军事","3","1","4"
"中郎录事参军","2","2","4"
"军庐陵王法曹","2","2","4"
"累迁中书侍郎","4","0","4"
"中郎豫章王长","2","2","4"
"郎豫章王长史","2","2","4"
"除通直散骑常","4","0","4"
"临川王外兵参","2","2","4"
"川王外兵参军","2","2","4"
"后军法曹行参","2","2","4"
"巴东太守萧慧","2","2","4"
"东太守萧慧训","2","2","4"
"尚书仆射夏侯","2","2","4"
"荆州刺史庐陵","2","2","4"
"北中郎外兵参","2","2","4"
"北秦八州诸军","2","2","4"
"秦八州诸军事","2","2","4"
"总督汉北征讨","2","2","4"
"督汉北征讨诸","2","2","4"
"汉北征讨诸军","2","2","4"
"北征讨诸军事","2","2","4"
"吏部尚书范云","2","2","4"
"后军谘议参军","2","2","4"
"国子祭酒张充","2","2","4"
"右军记室参军","2","2","4"
"中军田曹行参","2","2","4"
"军田曹行参军","2","2","4"
"中书侍郎周舍","2","2","4"
"天监六年五月","2","2","4"
"天监十一年十","2","2","4"
"监十一年十一","2","2","4"
"一年十一月十","2","2","4"
"二百二十四卷","2","2","4"
"吴兴太守袁昂","2","2","4"
"骠骑晋安王谘","2","2","4"
"骑晋安王谘议","2","2","4"
"云麾晋安王长","2","2","4"
"麾晋安王长史","2","2","4"
"淮南太守文成","3","1","4"
"南太守文成侯","3","1","4"
"世祖追赠侍中","4","0","4"
"谯州刺史湛僧","2","2","4"
"州刺史湛僧智","2","2","4"
"督南豫州诸军","2","2","4"
"南豫州诸军事","2","2","4"
"北徐州刺史封","2","2","4"
"徐州刺史封山","2","2","4"
"州刺史封山侯","2","2","4"
"仁威记室参军","2","2","4"
"尚书仆射徐勉","2","2","4"
"太子詹事周舍","2","2","4"
"累迁步兵校尉","3","1","4"
"平南将军王僧","2","2","4"
"南将军王僧辩","2","2","4"
"新城戍主戴僧","2","2","4"
"城戍主戴僧易","2","2","4"
"督缘淮诸军事","2","2","4"
"安西安成王参","2","2","4"
"西安成王参军","2","2","4"
"中郎湘东王谘","2","2","4"
"郎湘东王谘议","2","2","4"
"国子祭酒萧子","2","2","4"
"时尚书令何敬","2","2","4"
"迁尚书仪曹郎","4","0","4"
"都督城内诸军","2","2","4"
"镇南谘议参军","2","2","4"
"仁威临川王长","2","2","4"
"威临川王长史","2","2","4"
"豫州刺史贞阳","2","2","4"
"州刺史贞阳侯","2","2","4"
"御史中丞沈浚","2","2","4"
"遣中军侯子鉴","3","1","4"
"进号平南将军","3","1","4"
"州刺史徐嗣徽","2","2","4"
"宣惠晋安王府","2","2","4"
"江州刺史安成","2","2","4"
"临川王参军事","2","2","4"
"中书舍人贺琛","2","2","4"
"军临川王参军","2","2","4"
"西府记室参军","2","2","4"
"江州刺史曹景","2","2","4"
"大吉天子足下","2","2","4"
"制局监周石珍","2","2","4"
"州刺史南康嗣","2","2","4"
"刺史南康嗣王","2","2","4"
"江州刺史寻阳","2","2","4"
"州刺史寻阳王","2","2","4"
"光禄大夫夏侯","2","2","4"
"禄大夫夏侯详","2","2","4"
"南徐州刺史豫","2","2","4"
"徐州刺史豫章","2","2","4"
"府仪同三司王","2","2","4"
"子詹事萧渊藻","2","2","4"
"府仪同三司萧","2","2","4"
"司二州诸军事","2","2","4"
"豫章王行参军","2","2","4"
"晋安王府长史","2","2","4"
"推重就像这样","0","4","4"
"听从他的意见","0","4","4"
"当时没有人能","0","4","4"
"官爵名号为征","0","4","4"
"任命领军将军","0","4","4"
"鄱阳王萧恢为","0","4","4"
"太白星白天出","0","4","4"
"白星白天出现","0","4","4"
"始兴王萧怆为","0","4","4"
"长沙王渊业为","0","4","4"
"晋安王萧纲为","0","4","4"
"林邑国派遣使","0","4","4"
"邑国派遣使者","0","4","4"
"将军豫章王萧","0","4","4"
"军豫章王萧综","0","4","4"
"河南王派遣使","0","4","4"
"南王派遣使者","0","4","4"
"南康王萧绩为","0","4","4"
"帝亲自祭祀明","0","4","4"
"亲自祭祀明堂","0","4","4"
"军队向北征伐","0","4","4"
"刺史庐陵王萧","0","4","4"
"史庐陵王萧续","0","4","4"
"号为安西将军","0","4","4"
"的农官赐爵位","0","4","4"
"农官赐爵位一","0","4","4"
"官赐爵位一级","0","4","4"
"州刺史湘束王","0","4","4"
"刺史湘束王萧","0","4","4"
"史湘束王萧绎","0","4","4"
"任命太子詹事","0","4","4"
"对全国已判罪","0","4","4"
"全国已判罪犯","0","4","4"
"湘东王绎派遣","0","4","4"
"领军将军王僧","0","4","4"
"出京任使持节","0","4","4"
"任命尚书右仆","0","4","4"
"命尚书右仆射","0","4","4"
"为开府仪同三","0","4","4"
"因父亲去世离","0","4","4"
"父亲去世离职","0","4","4"
"任尚书都官郎","0","4","4"
"为通直散骑常","0","4","4"
"建康城被攻克","0","4","4"
"康城被攻克后","0","4","4"
"给亲信二十人","0","4","4"
"亲去世而辞官","0","4","4"
"因此而称赞他","0","4","4"
"陈朝吏部尚书","0","4","4"
"朝吏部尚书姚","0","4","4"
"他为散骑常侍","0","4","4"
"从小失去父亲","0","4","4"
"迁任太子詹事","0","4","4"
"为尚书吏部郎","0","4","4"
"任治书侍御史","0","4","4"
"征召他为主簿","0","4","4"
"司徒从事中郎","0","4","4"
"升迁为太子舍","0","4","4"
"任左骁骑将军","0","4","4"
"就是这种情况","0","4","4"
"被召入任太子","0","4","4"
"被有关官员奏","0","4","4"
"有关官员奏本","0","4","4"
"被任命为使持","0","4","4"
"任命为使持节","0","4","4"
"屡经升迁为太","0","4","4"
"经升迁为太子","0","4","4"
"任命为驸马都","0","4","4"
"命为驸马都尉","0","4","4"
"屡经升迁任太","0","4","4"
"起义军队到达","0","4","4"
"调任吏部尚书","0","4","4"
"品级为中二千","0","4","4"
"级为中二千石","0","4","4"
"自己陈述要求","0","4","4"
"长沙宣武王萧","0","4","4"
"沙宣武王萧懿","0","4","4"
"出任云麾将军","0","4","4"
"加任散骑常侍","0","4","4"
"侯景派他的仪","0","4","4"
"景派他的仪同","0","4","4"
"迁任步兵校尉","0","4","4"
"刺史临川王萧","0","4","4"
"史临川王萧宏","0","4","4"
"调任御史中丞","0","4","4"
"率领自己的部","0","4","4"
"迁任散骑常侍","0","4","4"
"时人认为这是","0","4","4"
"司空从事中郎","0","4","4"
"迁任尚书仪曹","0","4","4"
"的第七代子孙","0","4","4"
"大实二年秋天","0","4","4"
"东昏侯的义军","0","4","4"
"梁王台府建立","0","4","4"
"死时五十二岁","0","4","4"
"有像树木那样","0","4","4"
"像树木那样的","0","4","4"
"树木那样的物","0","4","4"
"木那样的物质","0","4","4"
"那样的物质实","0","4","4"
"样的物质实体","0","4","4"
"知觉的物质实","0","4","4"
"觉的物质实体","0","4","4"
"判断是非的思","0","4","4"
"断是非的思虑","0","4","4"
"人没有一个不","0","4","4"
"因为父亲去世","0","4","4"
"去世而离职守","0","4","4"
"世而离职守丧","0","4","4"
"遣使者进献贡","0","4","4"
"次派遣使者献","0","4","4"
"使者献纳当地","0","4","4"
"者献纳当地特","0","4","4"
"鄱阳王萧范为","0","4","4"
"尚书吏部郎中","2","1","3"
"陵王子良开西","3","0","3"
"王子良开西邸","3","0","3"
"扬州刺史始安","2","1","3"
"刺史始安王遥","2","1","3"
"史始安王遥光","2","1","3"
"高祖谓诸将曰","3","0","3"
"加玺绂远游冠","2","1","3"
"骠骑大将军故","3","0","3"
"镇东大将军百","2","1","3"
"东大将军百济","2","1","3"
"进号征东大将","3","0","3"
"进号镇西将军","3","0","3"
"利国遣使献方","3","0","3"
"尚书仆射沈约","2","1","3"
"益州刺史邓元","2","1","3"
"年春正月戊申","2","1","3"
"将军长沙王深","2","1","3"
"刺史建安王伟","3","0","3"
"进号中权将军","3","0","3"
"长沙王深业护","3","0","3"
"沙王深业护军","3","0","3"
"王深业护军将","3","0","3"
"深业护军将军","3","0","3"
"荆州刺史安成","2","1","3"
"将军鄱阳王恢","3","0","3"
"仆射袁昂尚书","3","0","3"
"江州刺史建安","2","1","3"
"将军豫章王综","3","0","3"
"河南王遣使献","3","0","3"
"王遣使献方物","3","0","3"
"年春正月丁巳","2","1","3"
"年春正月乙亥","2","1","3"
"滑国遣使献方","3","0","3"
"车骑将军韦睿","1","2","3"
"三司南平王伟","3","0","3"
"右光禄大夫王","2","1","3"
"南兗州刺史豫","3","0","3"
"兗州刺史豫章","3","0","3"
"进号镇北将军","3","0","3"
"雍州刺史晋安","2","1","3"
"散骑常侍元树","2","1","3"
"南徐州刺史庐","2","1","3"
"徐州刺史庐陵","2","1","3"
"南豫二州刺史","2","1","3"
"郢州刺史元树","2","1","3"
"郢州刺史元愿","2","1","3"
"州刺史元愿达","2","1","3"
"中护军萧渊藻","2","1","3"
"将军南康王绩","3","0","3"
"进号车骑将军","3","0","3"
"盘盘国遣使献","3","0","3"
"盘国遣使献方","3","0","3"
"年春正月戊寅","2","1","3"
"临川靖惠王宏","3","0","3"
"丹阳尹邵陵王","2","1","3"
"太尉元法僧北","2","1","3"
"刺史邵陵王纶","3","0","3"
"元年春正月戊","2","1","3"
"舆驾躬耕籍田","3","0","3"
"魏梁州刺史元","2","1","3"
"高祖幸同泰寺","3","0","3"
"仁州刺史湛海","2","1","3"
"将军鄱阳王范","3","0","3"
"刺史羊鸦仁等","2","1","3"
"临成公大连等","2","1","3"
"天门太守樊文","2","1","3"
"门太守樊文皎","2","1","3"
"南兗州刺史南","3","0","3"
"兗州刺史南康","3","0","3"
"刺史湘潭侯萧","1","2","3"
"史湘潭侯萧退","1","2","3"
"遣石城公大款","2","1","3"
"天监二年十月","1","2","3"
"沙七州诸军事","2","1","3"
"南北秦四州郢","2","1","3"
"南徐州刺史萧","1","2","3"
"遣军将军王僧","3","0","3"
"将军王僧辩率","1","2","3"
"遣游击将军胡","2","1","3"
"游击将军胡僧","2","1","3"
"信州刺史陆法","2","1","3"
"湘州刺史河东","1","2","3"
"州刺史河东王","1","2","3"
"世祖犹称太清","3","0","3"
"护军将军尹悦","2","1","3"
"巴州刺史王珣","3","0","3"
"号征南大将军","2","1","3"
"将军胡僧祐率","3","0","3"
"吴兴太守裴横","3","0","3"
"生长沙宣武王","2","1","3"
"天监元年五月","2","1","3"
"中军临川王记","2","1","3"
"军临川王记室","2","1","3"
"天监七年八月","2","1","3"
"高祖遣中书舍","2","1","3"
"祖遣中书舍人","2","1","3"
"愍怀太子方矩","2","1","3"
"东昏将李居士","3","0","3"
"进号平北将军","3","0","3"
"荆州刺史巴东","2","1","3"
"州刺史巴东王","2","1","3"
"刺史巴东王子","2","1","3"
"史巴东王子响","2","1","3"
"郢州刺史张冲","2","1","3"
"迁南中郎记室","2","1","3"
"太守鲁休烈举","2","1","3"
"守鲁休烈举兵","2","1","3"
"迁尚书左仆射","2","1","3"
"新除散骑常侍","3","0","3"
"军司马王果宣","2","1","3"
"豫州刺史裴邃","2","1","3"
"征太子右卫率","3","0","3"
"州缘淮诸军事","2","1","3"
"齐司徒竟陵王","2","1","3"
"军将军萧颖胄","2","1","3"
"入事黄门侍郎","3","0","3"
"宋左光禄大夫","3","0","3"
"除员外散骑侍","3","0","3"
"司徒东阁祭酒","3","0","3"
"加亲信四十人","2","1","3"
"对掌东宫管记","3","0","3"
"累迁太子洗马","3","0","3"
"魏兴太守裴师","1","2","3"
"兴太守裴师仁","1","2","3"
"书仆射夏侯详","1","2","3"
"镇军将军萧颖","1","2","3"
"安王中兵参军","3","0","3"
"晋安王国左常","2","1","3"
"安王国左常侍","2","1","3"
"累迁太子中庶","2","1","3"
"入通直散骑常","3","0","3"
"右军安成王长","2","1","3"
"军安成王长史","2","1","3"
"庐陵王记室参","2","1","3"
"中军宣城王司","2","1","3"
"军宣城王司马","2","1","3"
"西始兴王长史","2","1","3"
"武昌二郡太守","2","1","3"
"丁所生母忧职","3","0","3"
"永宁二郡太守","2","1","3"
"涡阳城主王纬","2","1","3"
"刺史封山侯正","2","1","3"
"史封山侯正表","2","1","3"
"太清三年三月","1","2","3"
"终身布衣蔬食","2","1","3"
"安豊王元延明","3","0","3"
"豫州刺史尧雄","2","1","3"
"北中郎南康王","2","1","3"
"除安西湘东王","3","0","3"
"安西湘东王谘","2","1","3"
"中郎武陵王长","2","1","3"
"郎武陵王长史","2","1","3"
"南康王会理共","2","1","3"
"除通直散骑侍","3","0","3"
"北中郎庐陵王","2","1","3"
"刺史柳仲礼西","2","1","3"
"湘州刺史杨公","2","1","3"
"刺史贞阳侯萧","1","2","3"
"史贞阳侯萧渊","1","2","3"
"建安侯萧贲知","1","2","3"
"平北将军胡僧","2","1","3"
"州刺史临城公","1","2","3"
"命豫州刺史侯","2","1","3"
"将军徐文盛东","2","1","3"
"安成王国左常","2","1","3"
"成王国左常侍","2","1","3"
"迁王府行参军","3","0","3"
"湘东王国侍郎","2","1","3"
"听者常数百人","3","0","3"
"书舍人贺琛奉","1","2","3"
"镇西谘议参军","1","2","3"
"遣仪同宋子仙","2","1","3"
"行太子少傅沈","2","1","3"
"太子少傅沈约","2","1","3"
"进号仁威将军","3","0","3"
"改授散骑常侍","1","2","3"
"加授金紫光禄","1","2","3"
"授金紫光禄大","1","2","3"
"顺时而至的天","0","3","3"
"时而至的天运","0","3","3"
"加恩特赐的任","0","3","3"
"恩特赐的任命","0","3","3"
"有美好的名声","0","3","3"
"任司徒右长史","0","3","3"
"出任轻车将军","0","3","3"
"代替父亲去死","0","3","3"
"是人们所说的","0","3","3"
"人的物质实体","0","3","3"
"树木的物质实","0","3","3"
"木的物质实体","0","3","3"
"很早就失去父","0","3","3"
"当时首屈一指","0","3","3"
"我的妻子儿女","0","3","3"
"性命危在旦夕","0","3","3"
"向皇帝上奏章","0","3","3"
"将军百济王余","0","3","3"
"号为镇西将军","0","3","3"
"州刺史陈伯之","0","3","3"
"刺史临川王芦","0","3","3"
"史临川王芦塞","0","3","3"
"先头部队攻克","0","3","3"
"任命骠骑将军","0","3","3"
"史始兴王萧儋","0","3","3"
"进升官号安西","0","3","3"
"升官号安西将","0","3","3"
"官号安西将军","0","3","3"
"年春季正月乙","0","3","3"
"赦免死刑以下","0","3","3"
"军始兴王萧儋","0","3","3"
"始兴王萧儋为","0","3","3"
"军始兴王萧怆","0","3","3"
"业为护军将军","0","3","3"
"任命轻车将军","0","3","3"
"仆射袁昂为尚","0","3","3"
"射袁昂为尚书","0","3","3"
"任命安右将军","0","3","3"
"高丽国派遣使","0","3","3"
"丽国派遣使者","0","3","3"
"玺派遣使者贡","0","3","3"
"刺史晋安王萧","0","3","3"
"史晋安王萧纲","0","3","3"
"南兖州刺史豫","0","3","3"
"兖州刺史豫章","0","3","3"
"号为镇北将军","0","3","3"
"为束扬州刺史","0","3","3"
"升军号为安西","0","3","3"
"军号为安西将","0","3","3"
"以本来官职兼","0","3","3"
"本来官职兼任","0","3","3"
"准许了他的请","0","3","3"
"许了他的请求","0","3","3"
"将军南康王萧","0","3","3"
"军南康王萧绩","0","3","3"
"盘盘国派遣使","0","3","3"
"盘国派遣使者","0","3","3"
"扶南国派遣使","0","3","3"
"为征北大将军","0","3","3"
"家的佛教弟子","0","3","3"
"刺史武陵王萧","0","3","3"
"史武陵王萧纪","0","3","3"
"升军号为骠骑","0","3","3"
"派遣中兵参军","0","3","3"
"河东王萧誉为","0","3","3"
"右卫将军朱异","0","3","3"
"军鄱阳王萧范","0","3","3"
"南兖州刺史南","0","3","3"
"兖州刺史南康","0","3","3"
"王的谘议参军","0","3","3"
"年轻时爱好学","0","3","3"
"轻时爱好学习","0","3","3"
"的第三个儿子","0","3","3"
"昭明太子去世","0","3","3"
"宣城王大器为","0","3","3"
"国已判罪犯减","0","3","3"
"已判罪犯减刑","0","3","3"
"判罪犯减刑或","0","3","3"
"罪犯减刑或免","0","3","3"
"犯减刑或免刑","0","3","3"
"侯景亲自率领","0","3","3"
"侯景派遣任约","0","3","3"
"王僧辩率领众","0","3","3"
"到了这种地步","0","3","3"
"刺史南平王萧","0","3","3"
"史南平王萧恪","0","3","3"
"豫州刺史侯填","0","3","3"
"任命都官尚书","0","3","3"
"的第九个儿子","0","3","3"
"请求外出任职","0","3","3"
"可以追赠他为","0","3","3"
"为金紫光禄大","0","3","3"
"陈的吏部尚书","0","3","3"
"的吏部尚书姚","0","3","3"
"建康城平定后","0","3","3"
"他为车骑将军","0","3","3"
"无缘无故自己","0","3","3"
"曹景宗的部队","0","3","3"
"城被攻陷之后","0","3","3"
"任太尉从事中","0","3","3"
"和巴西太守鲁","0","3","3"
"夏侯详被征为","0","3","3"
"赐给亲信二十","0","3","3"
"北魏军队围攻","0","3","3"
"母亲去世而辞","0","3","3"
"号为平西将军","0","3","3"
"北魏军队进犯","0","3","3"
"追赠他为散骑","0","3","3"
"赠他为散骑常","0","3","3"
"所得到的俸禄","0","3","3"
"可追赠散骑常","0","3","3"
"人能与之相比","0","3","3"
"率领各路大军","0","3","3"
"食邑一千二百","0","3","3"
"领太子中庶子","0","3","3"
"历任中书侍郎","0","3","3"
"出任新安太守","0","3","3"
"不久迁任侍中","0","3","3"
"有很大的名声","0","3","3"
"他的两个儿子","0","3","3"
"迁任治书侍御","0","3","3"
"高祖很器重他","0","3","3"
"以原来的官职","0","3","3"
"迁任辅国将军","0","3","3"
"迁任太子右卫","0","3","3"
"迁任左卫将军","0","3","3"
"听从他的建议","0","3","3"
"迁任游击将军","0","3","3"
"迁任云骑将军","0","3","3"
"入任太子右卫","0","3","3"
"中书舍人朱异","0","3","3"
"王的中兵参军","0","3","3"
"被任命为辅国","0","3","3"
"任命为辅国将","0","3","3"
"命为辅国将军","0","3","3"
"兼任安陆郡太","0","3","3"
"任安陆郡太守","0","3","3"
"为员外散骑常","0","3","3"
"建康城被平定","0","3","3"
"任司空临川王","0","3","3"
"给他鼓吹一部","0","3","3"
"世代居住在江","0","3","3"
"代居住在江陵","0","3","3"
"任西中郎谘议","0","3","3"
"将军之职照旧","0","3","3"
"号为征虏将军","0","3","3"
"迁任尚书右丞","0","3","3"
"州别驾从事史","0","3","3"
"外出任晋陵太","0","3","3"
"出任晋陵太守","0","3","3"
"藩王府邸设立","0","3","3"
"调任左民尚书","0","3","3"
"不久调任吏部","0","3","3"
"外出任宁朔将","0","3","3"
"出任宁朔将军","0","3","3"
"奉行无为而治","0","3","3"
"屡经升迁为中","0","3","3"
"外出任宁远将","0","3","3"
"授任中书侍郎","0","3","3"
"外出任宣城太","0","3","3"
"出任宣城太守","0","3","3"
"调任度支尚书","0","3","3"
"骠骑从事中郎","0","3","3"
"处于选拔官吏","0","3","3"
"于选拔官吏的","0","3","3"
"不久加授侍中","0","3","3"
"韶令追赠侍中","0","3","3"
"调任太子舍人","0","3","3"
"调任中书侍郎","0","3","3"
"外出任明威将","0","3","3"
"这年四十五岁","0","3","3"
"调任太子中舍","0","3","3"
"屡经升迁任中","0","3","3"
"经升迁任中书","0","3","3"
"升迁任中书侍","0","3","3"
"以本身职位兼","0","3","3"
"哀伤消瘦超过","0","3","3"
"伤消瘦超过礼","0","3","3"
"消瘦超过礼仪","0","3","3"
"任安西武陵王","0","3","3"
"调任太子中庶","0","3","3"
"征入任散骑常","0","3","3"
"病自己陈述要","0","3","3"
"升迁任太子洗","0","3","3"
"迁任太子洗马","0","3","3"
"朝左光禄大夫","0","3","3"
"授任通直散骑","0","3","3"
"屡经升迁任司","0","3","3"
"出任建安内史","0","3","3"
"任尚书吏部郎","0","3","3"
"因公事贬降为","0","3","3"
"以本身官职兼","0","3","3"
"其余职位照旧","0","3","3"
"当时人称他为","0","3","3"
"逭年五十二岁","0","3","3"
"被召入任散骑","0","3","3"
"召入任散骑常","0","3","3"
"被迫赠为侍中","0","3","3"
"当时人称赞他","0","3","3"
"调任员外散骑","0","3","3"
"任右骁骑将军","0","3","3"
"被任命为中书","0","3","3"
"迁任太子家令","0","3","3"
"兼扬州大中正","0","3","3"
"任云麾晋安王","0","3","3"
"任北中郎谘议","0","3","3"
"继承父亲的学","0","3","3"
"承父亲的学业","0","3","3"
"掌管文书记载","0","3","3"
"安王萧遥光任","0","3","3"
"被任命为后军","0","3","3"
"率领五万大军","0","3","3"
"寻阳王萧大心","0","3","3"
"被任命为散骑","0","3","3"
"又跟随王僧辩","0","3","3"
"不能控制自己","0","3","3"
"丧期满除服后","0","3","3"
"河东人裴子野","0","3","3"
"南阳人刘之遴","0","3","3"
"新妇拜见公婆","0","3","3"
"幼时父亲去世","0","3","3"
"七岁就能写文","0","3","3"
"起家任著作佐","0","3","3"
"家任著作佐郎","0","3","3"
"又任太子洗马","0","3","3"
"任安西湘束王","0","3","3"
"累经升迁任太","0","3","3"
"高祖在文德殿","0","3","3"
"征召出来任秘","0","3","3"
"召出来任秘书","0","3","3"
"出来任秘书郎","0","3","3"
"当时人认为这","0","3","3"
"兼任中书通事","0","3","3"
"任中书通事舍","0","3","3"
"任中军临川王","0","3","3"
"在奕奕山祭地","0","3","3"
"在亭亭山祭地","0","3","3"
"为中书黄门侍","0","3","3"
"晋安王被立为","0","3","3"
"安王被立为皇","0","3","3"
"王被立为皇太","0","3","3"
"被立为皇太子","0","3","3"
"当阳公萧大心","0","3","3"
"迁任长兼侍中","0","3","3"
"人都认为这是","0","3","3"
"出京任戎昭将","0","3","3"
"京任戎昭将军","0","3","3"
"担任这一职务","0","3","3"
"着有文集二十","0","3","3"
"出京任明威将","0","3","3"
"京任明威将军","0","3","3"
"居母亲丧而离","0","3","3"
"母亲丧而离职","0","3","3"
"侯景进犯京城","0","3","3"
"迁任通直散骑","0","3","3"
"死时四十八岁","0","3","3"
"因为家中贫穷","0","3","3"
"都在世上流传","0","3","3"
"鄱阳王世子萧","0","3","3"
"阳王世子萧嗣","0","3","3"
"死时二十五岁","0","3","3"
"琅邪彭城二郡","0","3","3"
"邪彭城二郡太","0","3","3"
"都督扬南徐二","0","3","3"
"督扬南徐二州","0","3","3"
"扬南徐二州诸","0","3","3"
"出京为使持节","0","3","3"
"侯景手下将领","0","3","3"
"率领精锐士卒","0","3","3"
"增加食邑五百","0","3","3"
"加食邑五百户","0","3","3"
"认为他是奇才","0","3","3"
"庾黔娄被授为","0","3","3"
"迁任散骑侍郎","0","3","3"
"继承了父亲的","0","3","3"
"承了父亲的学","0","3","3"
"在为父亲守丧","0","3","3"
"到了这样的程","0","3","3"
"了这样的程度","0","3","3"
"又有不同于树","0","3","3"
"手这一类东西","0","3","3"
"这一类东西也","0","3","3"
"有判断是非的","0","3","3"
"出仕任奉朝请","0","3","3"
"任师保的那种","0","3","3"
"师保的那种慈","0","3","3"
"保的那种慈母","0","3","3"
"学生讲授经学","0","3","3"
"授为员外散骑","0","3","3"
"为父亲去世而","0","3","3"
"领荆州大中正","0","3","3"
"远远近近的人","0","3","3"
"特别精通佛教","0","3","3"
"的人没有一个","0","3","3"
"他为太中大夫","0","3","3"
"朝廷征召他为","0","3","3"
"林邑国的军队","0","3","3"
"又进犯九德郡","0","3","3"
"范须达又进犯","0","3","3"
"使者进献贡品","0","3","3"
"王又派遣使者","0","3","3"
"又派遣使者进","0","3","3"
"跋摩派遣使者","0","3","3"
"遣使者献纳当","0","3","3"
"跋摩又派遣使","0","3","3"
"摩又派遣使者","0","3","3"
"又派遣使者呈","0","3","3"
"国王派遣使者","0","3","3"
"王派遣使者呈","0","3","3"
"者呈奉表章说","0","3","3"
"派遣使臣进献","0","3","3"
"高祖下诏命高","0","3","3"
"来进献当地特","0","3","3"
"是旁边的小国","0","3","3"
"任命国子祭酒","0","3","3"
"是济阳考城人","0","3","3"
"南兰陵中都里","1","1","2"
"兰陵中都里人","1","1","2"
"仰生太子太傅","1","1","2"
"生太子太傅望","1","1","2"
"育生御史中丞","1","1","2"
"阐生吴郡太守","1","1","2"
"休生广陵郡丞","1","1","2"
"豹生太中大夫","1","1","2"
"整生济阴太守","1","1","2"
"辖生州治中副","1","1","2"
"生州治中副子","1","1","2"
"副子生南台治","1","1","2"
"子生南台治书","1","1","2"
"生南台治书道","1","1","2"
"南台治书道赐","1","1","2"
"宋孝武大明八","1","1","2"
"孝武大明八年","1","1","2"
"陵县同夏里三","1","1","2"
"县同夏里三桥","1","1","2"
"巴陵王南中郎","1","1","2"
"陵王南中郎法","1","1","2"
"王南中郎法曹","1","1","2"
"南中郎法曹行","1","1","2"
"江州刺史王广","1","1","2"
"右军晋安王司","1","1","2"
"军晋安王司马","1","1","2"
"遣左民尚书崔","1","1","2"
"左民尚书崔慧","1","1","2"
"民尚书崔慧景","1","1","2"
"雍州刺史曹虎","1","1","2"
"州刺史曹虎等","1","1","2"
"高祖行雍州府","1","1","2"
"祖行雍州府事","1","1","2"
"功曹史吉士瞻","1","1","2"
"曹史吉士瞻等","1","1","2"
"史吉士瞻等谋","1","1","2"
"刘山阳巴西太","2","0","2"
"山阳巴西太守","2","0","2"
"遣参军王天虎","1","1","2"
"竟陵太守曹景","1","1","2"
"陵太守曹景宗","1","1","2"
"府司马庄丘黑","1","1","2"
"功曹史吉士询","1","1","2"
"白马戍主黄嗣","1","1","2"
"马戍主黄嗣祖","1","1","2"
"征虏将军夏侯","1","1","2"
"虏将军夏侯详","1","1","2"
"竟陵内史曹景","1","1","2"
"陵内史曹景宗","1","1","2"
"内史曹景宗等","1","1","2"
"史曹景宗等二","1","1","2"
"曹景宗等二十","1","1","2"
"襄阳太守王茂","1","1","2"
"阳太守王茂等","1","1","2"
"太守王茂等三","1","1","2"
"守王茂等三十","1","1","2"
"军主萧伟等三","1","1","2"
"主萧伟等三十","1","1","2"
"萧伟等三十九","1","1","2"
"上庸太守韦睿","2","0","2"
"新城太守崔僧","1","1","2"
"城太守崔僧季","1","1","2"
"中兵参军张法","1","1","2"
"兵参军张法安","1","1","2"
"冠军将军邓元","1","1","2"
"水军主张惠绍","1","1","2"
"冠军将军萧颖","1","1","2"
"军将军萧颖达","1","1","2"
"宁朔将军吴子","1","1","2"
"朔将军吴子阳","1","1","2"
"军主光子衿等","1","1","2"
"主光子衿等十","1","1","2"
"光子衿等十三","1","1","2"
"遣卫尉席阐文","2","0","2"
"吴子阳等进军","1","1","2"
"子阳等进军武","1","1","2"
"阳等进军武口","1","1","2"
"冠军将军陈伯","1","1","2"
"汝南人胡文超","1","1","2"
"收兵退保湖口","1","1","2"
"南豫州刺史申","1","1","2"
"豫州刺史申胄","1","1","2"
"州刺史申胄弃","1","1","2"
"东昏遣征虏将","2","0","2"
"昏遣征虏将军","2","0","2"
"征虏将军李居","1","1","2"
"虏将军李居士","1","1","2"
"将军李居士率","1","1","2"
"军李居士率步","1","1","2"
"新亭城主江道","1","1","2"
"亭城主江道林","1","1","2"
"城主江道林率","1","1","2"
"主江道林率兵","1","1","2"
"僧勇率水军二","1","1","2"
"勇率水军二千","1","1","2"
"率水军二千人","1","1","2"
"水军二千人归","1","1","2"
"征虏将军王珍","1","1","2"
"虏将军王珍国","1","1","2"
"将军王珍国率","1","1","2"
"军王珍国率军","1","1","2"
"王珍国率军主","1","1","2"
"珍国率军主胡","1","1","2"
"国率军主胡虎","1","1","2"
"率军主胡虎牙","1","1","2"
"军主胡虎牙等","1","1","2"
"军主左僧庆镇","1","1","2"
"北徐州刺史王","1","1","2"
"徐州刺史王珍","1","1","2"
"刺史王珍国斩","1","1","2"
"黄门侍郎乐法","1","1","2"
"门侍郎乐法才","1","1","2"
"侍郎乐法才慰","1","1","2"
"散骑常侍左光","1","1","2"
"骑常侍左光禄","1","1","2"
"常侍左光禄大","1","1","2"
"侍左光禄大夫","1","1","2"
"宣德皇后临朝","1","1","2"
"加相国绿綟绶","2","0","2"
"吴兴会稽新安","1","1","2"
"相国扬州牧印","1","1","2"
"国扬州牧印绶","1","1","2"
"中外都督大司","1","1","2"
"外都督大司马","1","1","2"
"都督大司马印","1","1","2"
"督大司马印绶","1","1","2"
"异服六十二种","1","1","2"
"州队主陈文兴","1","1","2"
"建康令羊瞻解","1","1","2"
"康令羊瞻解称","1","1","2"
"令羊瞻解称凤","1","1","2"
"左长史王莹等","1","1","2"
"长史王莹等率","1","1","2"
"史王莹等率百","1","1","2"
"延陵县华阳逻","1","1","2"
"陵县华阳逻主","1","1","2"
"县华阳逻主戴","1","1","2"
"华阳逻主戴车","1","1","2"
"东平郡寿张县","1","1","2"
"鳏寡孤独能存","2","0","2"
"寡孤独能存者","2","0","2"
"齐百官豫章王","1","1","2"
"百官豫章王元","1","1","2"
"官豫章王元琳","1","1","2"
"豫章王元琳等","1","1","2"
"章王元琳等八","1","1","2"
"王元琳等八百","1","1","2"
"元琳等八百一","1","1","2"
"琳等八百一十","1","1","2"
"等八百一十九","1","1","2"
"八百一十九人","1","1","2"
"云等一百一十","1","1","2"
"等一百一十七","1","1","2"
"一百一十七人","1","1","2"
"封文武功臣新","1","1","2"
"新除车骑将军","2","0","2"
"将军夏侯详等","1","1","2"
"军夏侯详等十","1","1","2"
"夏侯详等十五","1","1","2"
"侯详等十五人","1","1","2"
"车骑将军高句","1","1","2"
"骑将军高句骊","1","1","2"
"将军高句骊王","1","1","2"
"军高句骊王高","1","1","2"
"高句骊王高云","1","1","2"
"句骊王高云进","1","1","2"
"将军百济王馀","2","0","2"
"安西将军宕昌","1","1","2"
"西将军宕昌王","1","1","2"
"将军宕昌王梁","1","1","2"
"军宕昌王梁弥","1","1","2"
"镇东大将军倭","1","1","2"
"东大将军倭王","1","1","2"
"大将军倭王武","1","1","2"
"将军倭王武进","1","1","2"
"镇西将军河南","1","1","2"
"西将军河南王","1","1","2"
"将军河南王吐","1","1","2"
"军河南王吐谷","1","1","2"
"河南王吐谷浑","1","1","2"
"南王吐谷浑休","1","1","2"
"王吐谷浑休留","1","1","2"
"吐谷浑休留代","1","1","2"
"谷浑休留代进","1","1","2"
"进号征西将军","2","0","2"
"光禄大夫张瑰","2","0","2"
"复南兰陵武进","1","1","2"
"南兰陵武进县","1","1","2"
"害卫尉卿张弘","1","1","2"
"卫尉卿张弘策","1","1","2"
"州刺史陈伯举","2","0","2"
"刺史陈伯举兵","2","0","2"
"行北秦州刺史","1","1","2"
"北秦州刺史杨","1","1","2"
"秦州刺史杨绍","1","1","2"
"州刺史杨绍先","1","1","2"
"中书监王莹等","1","1","2"
"书监王莹等八","1","1","2"
"监王莹等八人","1","1","2"
"王莹等八人参","1","1","2"
"干利国遣使","2","0","2"
"利国遣使献","2","0","2"
"仆射沈约尚书","2","0","2"
"沈约尚书左仆","2","0","2"
"约尚书左仆射","2","0","2"
"新除左光禄大","2","0","2"
"除左光禄大夫","2","0","2"
"光禄大夫王亮","1","1","2"
"尚书右仆射范","1","1","2"
"书右仆射范云","1","1","2"
"天竺国遣使献","2","0","2"
"竺国遣使献方","2","0","2"
"史临川王宏进","2","0","2"
"进号中军将军","2","0","2"
"冬十一月甲子","2","0","2"
"南徐州刺史鄱","1","1","2"
"徐州刺史鄱阳","1","1","2"
"遣卫尉卿杨公","1","1","2"
"交州刺史李凯","1","1","2"
"建康县朔阴里","1","1","2"
"康县朔阴里生","1","1","2"
"右光禄大夫张","1","1","2"
"临川王宏都督","2","0","2"
"辅国将军刘思","1","1","2"
"国将军刘思效","1","1","2"
"魏青州刺史元","1","1","2"
"青州刺史元系","1","1","2"
"宏前军克梁城","2","0","2"
"庐江太守裴邃","2","0","2"
"右卫将军曹景","2","0","2"
"曹景宗率众赴","2","0","2"
"景宗率众赴援","2","0","2"
"六年春正月辛","2","0","2"
"中书令安成王","1","1","2"
"除左骁骑将军","2","0","2"
"左骁骑将军长","1","1","2"
"骁骑将军长沙","1","1","2"
"骑将军长沙王","1","1","2"
"书右仆射王茂","1","1","2"
"豫章内史萧昌","1","1","2"
"吏部尚书袁昂","1","1","2"
"魏淮阳镇都军","1","1","2"
"淮阳镇都军主","1","1","2"
"阳镇都军主常","1","1","2"
"镇都军主常邕","1","1","2"
"魏阳关主许敬","1","1","2"
"阳关主许敬珍","1","1","2"
"车骑将军王茂","1","1","2"
"骑将军王茂率","1","1","2"
"魏悬瓠镇军主","1","1","2"
"悬瓠镇军主白","1","1","2"
"豫州刺史胡逊","1","1","2"
"参军成景俊斩","1","1","2"
"宿预城主严仲","1","1","2"
"预城主严仲宝","1","1","2"
"军始兴王憺中","2","0","2"
"行太子太傅临","1","1","2"
"太子太傅临川","1","1","2"
"子太傅临川王","1","1","2"
"临川王宏司空","2","0","2"
"魏楚王城主李","1","1","2"
"楚王城主李国","1","1","2"
"王城主李国兴","1","1","2"
"中军将军始兴","1","1","2"
"轻车将军晋安","1","1","2"
"车将军晋安王","1","1","2"
"将军晋安王纲","2","0","2"
"阗国遣使献方","2","0","2"
"尚书五都令史","1","1","2"
"台阁省府州郡","1","1","2"
"阁省府州郡镇","1","1","2"
"省府州郡镇戍","1","1","2"
"府州郡镇戍应","1","1","2"
"琅邪二郡太守","1","1","2"
"邪二郡太守邓","1","1","2"
"遣振远将军马","1","1","2"
"振远将军马仙","1","1","2"
"魏徐州刺史卢","1","1","2"
"徐州刺史卢昶","1","1","2"
"宕昌国遣使献","2","0","2"
"昌国遣使献方","2","0","2"
"袁昂尚书右仆","2","0","2"
"昂尚书右仆射","2","0","2"
"护军将军鄱阳","1","1","2"
"右仆射袁昂尚","2","0","2"
"中军将军沈约","1","1","2"
"阳尹晋安王纲","2","0","2"
"新除中抚将军","2","0","2"
"府仪同三司建","1","1","2"
"仪同三司建安","1","1","2"
"同三司建安王","1","1","2"
"王伟左光禄大","2","0","2"
"伟左光禄大夫","2","0","2"
"南兗州刺史萧","2","0","2"
"镇西将军始兴","1","1","2"
"西将军始兴王","1","1","2"
"始兴王憺中抚","2","0","2"
"兴王憺中抚将","2","0","2"
"王憺中抚将军","2","0","2"
"中抚将军始兴","1","1","2"
"抚将军始兴王","1","1","2"
"安右将军豫章","1","1","2"
"临川王宏中书","2","0","2"
"川王宏中书监","2","0","2"
"河南遣使献方","2","0","2"
"南遣使献方物","2","0","2"
"丹阳尹长沙王","1","1","2"
"安前将军豫章","1","1","2"
"前将军豫章王","1","1","2"
"豫章王综南徐","2","0","2"
"章王综南徐州","2","0","2"
"王综南徐州刺","2","0","2"
"综南徐州刺史","2","0","2"
"南王遣使献方","2","0","2"
"王绩江州刺史","2","0","2"
"春正月丁巳朔","2","0","2"
"天监十七年正","1","1","2"
"监十七年正月","1","1","2"
"十七年正月一","1","1","2"
"七年正月一日","1","1","2"
"石头戍事南康","1","1","2"
"头戍事南康王","1","1","2"
"司徒临川王宏","2","0","2"
"普通元年春正","1","1","2"
"书左仆射王暕","2","0","2"
"紫光禄大夫王","1","1","2"
"信威将军邵陵","1","1","2"
"威将军邵陵王","1","1","2"
"将军邵陵王纶","2","0","2"
"邵陵王纶江州","2","0","2"
"陵王纶江州刺","2","0","2"
"王纶江州刺史","2","0","2"
"益州刺史晋安","1","1","2"
"刺史文僧明州","2","0","2"
"史文僧明州叛","2","0","2"
"文僧明州叛入","2","0","2"
"僧明州叛入魏","2","0","2"
"荆州刺史桓叔","1","1","2"
"州刺史桓叔兴","1","1","2"
"宣毅将军庐陵","1","1","2"
"毅将军庐陵王","1","1","2"
"四年春正月辛","1","1","2"
"镇右将军豫章","1","1","2"
"护军将军昌义","1","1","2"
"进号安北将军","2","0","2"
"会稽太守武陵","1","1","2"
"稽太守武陵王","1","1","2"
"外散骑常侍元","1","1","2"
"徐州刺史成景","1","1","2"
"州刺史成景隽","1","1","2"
"东海太守韦敬","1","1","2"
"海太守韦敬欣","1","1","2"
"六年春正月丙","1","1","2"
"年春正月丙午","1","1","2"
"安北将军晋安","1","1","2"
"北将军晋安王","1","1","2"
"刺史元法僧彭","2","0","2"
"史元法僧彭城","2","0","2"
"军将军西昌侯","1","1","2"
"将军西昌侯渊","1","1","2"
"军西昌侯渊藻","1","1","2"
"平东将军元景","1","1","2"
"东将军元景隆","1","1","2"
"征虏将军元景","1","1","2"
"虏将军元景仲","1","1","2"
"遣中护军夏侯","1","1","2"
"中护军夏侯亶","2","0","2"
"散骑常侍曹仲","1","1","2"
"骑常侍曹仲宗","1","1","2"
"太尉临川王宏","2","0","2"
"扬州刺史李宪","1","1","2"
"司州刺史夏侯","1","1","2"
"州刺史夏侯夔","1","1","2"
"刺史夏侯夔进","1","1","2"
"史夏侯夔进军","1","1","2"
"舆驾幸同泰寺","2","0","2"
"左卫将军萧渊","1","1","2"
"将军萧渊藻中","2","0","2"
"军萧渊藻中护","2","0","2"
"萧渊藻中护军","2","0","2"
"魏东豫州刺史","2","0","2"
"东豫州刺史元","2","0","2"
"二年春正月庚","1","1","2"
"年春正月庚申","1","1","2"
"同三司袁昂进","2","0","2"
"江州刺史南康","1","1","2"
"魏郢州刺史元","2","0","2"
"豫州刺史邓献","1","1","2"
"中大通元年正","1","1","2"
"大通元年正月","1","1","2"
"通元年正月辛","1","1","2"
"元年正月辛酉","1","1","2"
"河南王阿罗真","1","1","2"
"安右将军南康","1","1","2"
"右将军南康王","1","1","2"
"淮阴太守晋鸿","1","1","2"
"钱一亿万奉赎","2","0","2"
"同三司袁昂中","2","0","2"
"三司袁昂中书","2","0","2"
"司袁昂中书监","2","0","2"
"中权将军萧渊","1","1","2"
"权将军萧渊藻","1","1","2"
"太保汝南王元","1","1","2"
"保汝南王元悦","1","1","2"
"舆驾幸德阳堂","2","0","2"
"超武将军湛海","1","1","2"
"武将军湛海珍","1","1","2"
"刺史元景隆安","2","0","2"
"史元景隆安右","2","0","2"
"元景隆安右将","2","0","2"
"景隆安右将军","2","0","2"
"丹丹国遣使献","2","0","2"
"丹国遣使献方","2","0","2"
"立昭明太子子","2","0","2"
"立晋安王纲皇","2","0","2"
"晋安王纲皇太","2","0","2"
"安王纲皇太子","2","0","2"
"大般若涅盘经","1","1","2"
"前乐山县侯萧","1","1","2"
"乐山县侯萧正","1","1","2"
"摩诃般若波罗","1","1","2"
"诃般若波罗蜜","1","1","2"
"般若波罗蜜经","1","1","2"
"四年春正月丙","1","1","2"
"年春正月丙寅","1","1","2"
"立临川靖惠王","1","1","2"
"阳尹邵陵王纶","2","0","2"
"魏南兗州刺史","2","0","2"
"南兗州刺史刘","2","0","2"
"州刺史刘世明","1","1","2"
"江州刺史武陵","1","1","2"
"国子博士萧子","1","1","2"
"子博士萧子显","1","1","2"
"博士萧子显上","1","1","2"
"五年春正月辛","1","1","2"
"河南国遣使献","2","0","2"
"金字摩诃波若","1","1","2"
"字摩诃波若经","1","1","2"
"司马南平王伟","2","0","2"
"御史中丞臧盾","1","1","2"
"中护军萧渊猷","1","1","2"
"六年春二月癸","1","1","2"
"年春二月癸亥","1","1","2"
"百济国遣使献","2","0","2"
"济国遣使献方","2","0","2"
"信武将军元庆","1","1","2"
"闰十二月丙午","1","1","2"
"大同元年春正","2","0","2"
"同元年春正月","2","0","2"
"王安乐萨丹王","1","1","2"
"安北将军庐陵","1","1","2"
"北将军庐陵王","1","1","2"
"北梁州刺史兰","1","1","2"
"梁州刺史兰钦","1","1","2"
"州刺史兰钦攻","1","1","2"
"北徐州刺史羊","1","1","2"
"徐州刺史羊徽","1","1","2"
"州刺史羊徽逸","1","1","2"
"秦二州刺史武","1","1","2"
"二州刺史武兴","1","1","2"
"平王杨法深进","2","0","2"
"王杨法深进号","2","0","2"
"史湘东王绎进","2","0","2"
"湘东王绎进号","2","0","2"
"前梁州刺史元","1","1","2"
"书令邵陵王纶","2","0","2"
"前扬州刺史武","1","1","2"
"城二郡太守岳","1","1","2"
"二郡太守岳阳","1","1","2"
"郡太守岳阳王","1","1","2"
"丹阳尹何敬容","1","1","2"
"吏部尚书张缵","1","1","2"
"都官尚书刘孺","1","1","2"
"刘孺吏部尚书","2","0","2"
"参礼仪事贺琛","1","1","2"
"府仪同三司庐","1","1","2"
"仪同三司庐陵","1","1","2"
"同三司庐陵王","1","1","2"
"冬十一月乙亥","1","1","2"
"六年春正月庚","1","1","2"
"年春正月庚戌","1","1","2"
"史邵陵王纶平","2","0","2"
"云麾将军豫章","1","1","2"
"麾将军豫章王","1","1","2"
"王遣使献马方","2","0","2"
"遣使献马方物","2","0","2"
"冬十一月己卯","1","1","2"
"宕昌王梁弥泰","1","1","2"
"七年十一月九","1","1","2"
"年十一月九日","1","1","2"
"江州刺史湘东","2","0","2"
"史湘东王绎遣","2","0","2"
"九年春闰月丙","1","1","2"
"年春闰月丙申","1","1","2"
"轻车将军河东","1","1","2"
"车将军河东王","1","1","2"
"将军河东王誉","2","0","2"
"河东王誉军将","2","0","2"
"东王誉军将军","2","0","2"
"军主左右钱米","1","1","2"
"京口城北固楼","1","1","2"
"十一年春三月","1","1","2"
"一年春三月庚","1","1","2"
"年春三月庚辰","1","1","2"
"元年春正月丁","1","1","2"
"年春正月丁未","1","1","2"
"孝悌力田父后","2","0","2"
"悌力田父后者","2","0","2"
"力田父后者赐","2","0","2"
"田父后者赐爵","2","0","2"
"父后者赐爵一","2","0","2"
"后者赐爵一级","2","0","2"
"扬州刺史武昌","1","1","2"
"州刺史武昌王","1","1","2"
"录行台尚书事","1","1","2"
"军慕容绍宗等","1","1","2"
"州刺史胡贵孙","1","1","2"
"刺史胡贵孙等","1","1","2"
"年春正月戊戌","1","1","2"
"吏部尚书王克","1","1","2"
"豫州刺史羊鸦","1","1","2"
"殷州刺史羊思","1","1","2"
"州刺史羊思达","1","1","2"
"军高丽王高延","1","1","2"
"护军将军河东","1","1","2"
"军将军河东王","1","1","2"
"河东王誉湘州","2","0","2"
"右卫将军硃异","2","0","2"
"府仪同三司邵","1","1","2"
"仪同三司邵陵","1","1","2"
"同三司邵陵王","1","1","2"
"光禄大夫临贺","1","1","2"
"禄大夫临贺王","1","1","2"
"大夫临贺王正","1","1","2"
"夫临贺王正德","1","1","2"
"临贺王正德率","1","1","2"
"害南浦侯萧推","1","1","2"
"中军司马杨暾","1","1","2"
"武州刺史萧弄","1","1","2"
"州刺史萧弄璋","1","1","2"
"推仲礼大都督","2","0","2"
"三年春正月丁","1","1","2"
"刺史南康王会","1","1","2"
"史南康王会理","1","1","2"
"皇太子妃王氏","1","1","2"
"石城公大款解","1","1","2"
"冀二州刺史明","1","1","2"
"二州刺史明少","1","1","2"
"州刺史明少遐","1","1","2"
"东徐州刺史湛","1","1","2"
"徐州刺史湛海","1","1","2"
"北青州刺史王","1","1","2"
"青州刺史王奉","1","1","2"
"州刺史王奉伯","1","1","2"
"梓宫太极前殿","2","0","2"
"钟山造大爱敬","2","0","2"
"山造大爱敬寺","2","0","2"
"宁七州诸军事","1","1","2"
"改授云麾将军","1","1","2"
"立宣城王大器","1","1","2"
"州刺史元景仲","1","1","2"
"徐州刺史萧渊","1","1","2"
"大宝元年春正","1","1","2"
"宝元年春正月","1","1","2"
"州刺史董绍先","1","1","2"
"史南平王恪州","2","0","2"
"南平王恪州纶","2","0","2"
"侯景逼太宗幸","2","0","2"
"景逼太宗幸西","2","0","2"
"逼太宗幸西州","2","0","2"
"府仪同三司鄱","1","1","2"
"仪同三司鄱阳","1","1","2"
"同三司鄱阳嗣","1","1","2"
"三司鄱阳嗣王","1","1","2"
"司鄱阳嗣王范","1","1","2"
"南郡王大连行","1","1","2"
"郡王大连行扬","1","1","2"
"王大连行扬州","1","1","2"
"大连行扬州事","1","1","2"
"军王僧辩率众","2","0","2"
"加宇宙大将军","2","0","2"
"害南康嗣王会","1","1","2"
"宁州刺史徐文","1","1","2"
"州刺史徐文盛","1","1","2"
"徐文盛督众军","2","0","2"
"南郡王前中兵","1","1","2"
"郡王前中兵张","1","1","2"
"王前中兵张彪","1","1","2"
"执刺史萧方诸","2","0","2"
"将军王僧辩连","1","1","2"
"击将军胡僧祐","2","0","2"
"获魏司徒张化","1","1","2"
"魏司徒张化仁","1","1","2"
"获贼帅宋子仙","1","1","2"
"贼帅宋子仙等","1","1","2"
"贼行江州事范","1","1","2"
"行江州事范希","1","1","2"
"江州事范希荣","1","1","2"
"州事范希荣弃","1","1","2"
"事范希荣弃城","1","1","2"
"南梁六州诸军","1","1","2"
"梁六州诸军事","1","1","2"
"大都督中外诸","1","1","2"
"遣镇兵将军鲍","1","1","2"
"镇兵将军鲍泉","1","1","2"
"兵将军鲍泉代","1","1","2"
"雍州刺史岳阳","1","1","2"
"刺史岳阳王察","2","0","2"
"将军王僧辩获","1","1","2"
"衡阳内史周弘","1","1","2"
"阳内史周弘直","1","1","2"
"太子右卫率萧","1","1","2"
"子右卫率萧慧","1","1","2"
"右卫率萧慧正","1","1","2"
"侍中左卫将军","1","1","2"
"明公大王殿下","1","1","2"
"僧辩征东将军","2","0","2"
"进号征南大将","2","0","2"
"高祖武皇帝聪","1","1","2"
"祖武皇帝聪明","1","1","2"
"武皇帝聪明神","1","1","2"
"皇帝聪明神武","1","1","2"
"陛下扫地升中","1","1","2"
"司空南平王恪","2","0","2"
"东南道大行台","1","1","2"
"南道大行台刘","1","1","2"
"道大行台刘神","1","1","2"
"大行台刘神茂","1","1","2"
"行台刘神茂率","1","1","2"
"南平内史王褒","1","1","2"
"长宁县开国侯","1","1","2"
"宁县开国侯王","1","1","2"
"县开国侯王僧","1","1","2"
"开国侯王僧辩","1","1","2"
"国侯王僧辩率","1","1","2"
"王僧辩等奉表","2","0","2"
"僧辩等奉表曰","2","0","2"
"大都督王僧辩","1","1","2"
"都督王僧辩等","1","1","2"
"司空南平嗣王","1","1","2"
"太清六年五月","1","1","2"
"清六年五月二","1","1","2"
"扬州刺史南平","1","1","2"
"前梁州刺史萧","1","1","2"
"梁州刺史萧循","1","1","2"
"湘州刺史王琳","1","1","2"
"副将殷晏下狱","1","1","2"
"将潘乌累等举","1","1","2"
"潘乌累等举兵","1","1","2"
"承圣元年冬十","1","1","2"
"圣元年冬十一","1","1","2"
"元年冬十一月","1","1","2"
"年冬十一月丙","1","1","2"
"冬十一月丙子","1","1","2"
"朕皇祖太祖文","1","1","2"
"皇祖太祖文皇","1","1","2"
"祖太祖文皇帝","1","1","2"
"太祖文皇帝积","1","1","2"
"祖文皇帝积德","1","1","2"
"皇考高祖武皇","1","1","2"
"考高祖武皇帝","1","1","2"
"宗简文皇帝地","1","1","2"
"将潘乌累等攻","1","1","2"
"潘乌累等攻破","1","1","2"
"等攻破衡州刺","2","0","2"
"攻破衡州刺史","2","0","2"
"破衡州刺史丁","2","0","2"
"刺史丁道贵渌","2","0","2"
"史丁道贵渌口","2","0","2"
"营州刺史李洪","1","1","2"
"州刺史李洪雅","1","1","2"
"李洪雅零陵率","2","0","2"
"洪雅零陵率众","2","0","2"
"雅零陵率众空","2","0","2"
"二年春正月乙","1","1","2"
"吏部尚书王褒","1","1","2"
"遣大将尉迟迥","1","1","2"
"大将尉迟迥袭","1","1","2"
"尉迟迥进逼巴","1","1","2"
"迟迥进逼巴西","1","1","2"
"徐子初斩贼城","1","1","2"
"子初斩贼城主","1","1","2"
"初斩贼城主公","1","1","2"
"斩贼城主公孙","1","1","2"
"书右仆射王褒","1","1","2"
"宿预土民东方","1","1","2"
"预土民东方光","1","1","2"
"加南豫州刺史","1","1","2"
"南豫州刺史侯","1","1","2"
"州刺史严超达","1","1","2"
"僧祐都督城东","2","0","2"
"都督城东城北","1","1","2"
"督城东城北诸","1","1","2"
"城东城北诸军","1","1","2"
"东城北诸军事","1","1","2"
"皇太子巡行城","1","1","2"
"太子巡行城楼","1","1","2"
"广州刺史王琳","1","1","2"
"晋安王司马任","1","1","2"
"安王司马任约","1","1","2"
"王司马任约军","1","1","2"
"御史中丞江革","1","1","2"
"太尉扬州刺史","1","1","2"
"尉扬州刺史王","1","1","2"
"扬州刺史王僧","1","1","2"
"司空南徐州刺","1","1","2"
"空南徐州刺史","1","1","2"
"南徐州刺史陈","1","1","2"
"徐州刺史陈霸","1","1","2"
"州刺史陈霸先","1","1","2"
"加司空陈霸先","1","1","2"
"司空陈霸先班","1","1","2"
"空陈霸先班剑","1","1","2"
"陈霸先班剑三","1","1","2"
"霸先班剑三十","1","1","2"
"先班剑三十人","1","1","2"
"齐遣上党王高","2","0","2"
"送贞阳侯萧渊","1","1","2"
"太尉王僧辩率","1","1","2"
"遣江州刺史侯","1","1","2"
"纳贞阳侯萧渊","1","1","2"
"绍泰元年冬十","1","1","2"
"泰元年冬十月","1","1","2"
"南徐二州刺史","1","1","2"
"司徒建安公渊","1","1","2"
"徒建安公渊明","1","1","2"
"齐安州刺史翟","1","1","2"
"安州刺史翟子","1","1","2"
"州刺史翟子崇","1","1","2"
"楚州刺史刘仕","1","1","2"
"州刺史刘仕荣","1","1","2"
"淮州刺史柳达","1","1","2"
"州刺史柳达摩","1","1","2"
"刺史柳达摩率","1","1","2"
"遣猛烈将军侯","1","1","2"
"猛烈将军侯安","1","1","2"
"烈将军侯安都","1","1","2"
"将军侯安都水","1","1","2"
"军侯安都水军","1","1","2"
"太平元年春正","1","1","2"
"平元年春正月","1","1","2"
"侯萧循袭封鄱","1","1","2"
"萧循袭封鄱阳","1","1","2"
"循袭封鄱阳王","1","1","2"
"东扬州刺史张","1","1","2"
"围临海太守王","1","1","2"
"临海太守王怀","1","1","2"
"海太守王怀振","1","1","2"
"戍主明州刺史","1","1","2"
"主明州刺史张","1","1","2"
"明州刺史张怀","1","1","2"
"州刺史张怀钧","1","1","2"
"齐行台司马恭","1","1","2"
"太傅建安公渊","1","1","2"
"傅建安公渊明","1","1","2"
"州刺史杜方庆","1","1","2"
"司空陈霸先进","1","1","2"
"空陈霸先进位","1","1","2"
"陈霸先进位司","1","1","2"
"霸先进位司徒","1","1","2"
"府仪同三司侯","1","1","2"
"太保鄱阳王循","1","1","2"
"郢州刺史徐度","1","1","2"
"镇南将军萧勃","1","1","2"
"新除左卫将军","1","1","2"
"除左卫将军欧","1","1","2"
"左卫将军欧阳","1","1","2"
"平南将军刘法","1","1","2"
"南将军刘法瑜","1","1","2"
"前寿昌令刘睿","1","1","2"
"衣冠多寓淮海","1","1","2"
"益州刺史长沙","1","1","2"
"刺史长沙王韶","1","1","2"
"史长沙王韶进","1","1","2"
"长沙王韶进号","1","1","2"
"沙王韶进号征","1","1","2"
"王韶进号征南","1","1","2"
"韶进号征南将","1","1","2"
"军将军徐度入","1","1","2"
"将军徐度入东","1","1","2"
"军徐度入东关","1","1","2"
"广州刺史萧勃","1","1","2"
"南江州刺史余","1","1","2"
"江州刺史余孝","1","1","2"
"州刺史余孝顷","1","1","2"
"平西将军周文","1","1","2"
"西将军周文育","1","1","2"
"平南将军侯安","1","1","2"
"南将军侯安都","1","1","2"
"将军侯安都等","1","1","2"
"军侯安都等率","1","1","2"
"烧齐船三千艘","1","1","2"
"文育前军丁法","1","1","2"
"育前军丁法洪","1","1","2"
"新除司空王琳","1","1","2"
"德州刺史陈法","1","1","2"
"州刺史陈法武","1","1","2"
"前衡州刺史谭","1","1","2"
"衡州刺史谭世","1","1","2"
"州刺史谭世远","1","1","2"
"改四柱钱一准","1","1","2"
"四柱钱一准十","1","1","2"
"萧勃故主帅前","1","1","2"
"勃故主帅前直","1","1","2"
"夏侯明彻所杀","1","1","2"
"勃故记室李宝","1","1","2"
"故记室李宝藏","1","1","2"
"奉怀安侯萧任","1","1","2"
"镇军将军徐度","1","1","2"
"加丞相陈霸先","1","1","2"
"丞相陈霸先黄","1","1","2"
"相陈霸先黄钺","1","1","2"
"王后王子女爵","1","1","2"
"后王子女爵命","1","1","2"
"吏部尚书江湛","1","1","2"
"太子左率袁淑","1","1","2"
"舅齐镇西参军","1","1","2"
"永元元年八月","1","1","2"
"海武进县东城","1","1","2"
"赠金紫光禄大","2","0","2"
"加员外散骑常","1","1","2"
"普通三年十月","1","1","2"
"宋泰豫元年六","1","1","2"
"泰豫元年六月","1","1","2"
"议百官吏敬敬","2","0","2"
"百官吏敬敬帝","2","0","2"
"官吏敬敬帝所","2","0","2"
"吏敬敬帝所生","2","0","2"
"普通七年十一","1","1","2"
"通七年十一月","1","1","2"
"七年十一月庚","1","1","2"
"年十一月庚辰","1","1","2"
"齐始安王遥光","2","0","2"
"江宁县通望山","1","1","2"
"天监十六年十","1","1","2"
"监十六年十二","1","1","2"
"十六年十二月","1","1","2"
"益昌公主含贞","1","1","2"
"齐中兴元年九","1","1","2"
"中兴元年九月","1","1","2"
"天监元年十一","1","1","2"
"监元年十一月","1","1","2"
"普通元年四月","1","1","2"
"中书舍人顾协","1","1","2"
"书舍人顾协宣","1","1","2"
"前交州刺史王","1","1","2"
"交州刺史王弁","1","1","2"
"太清二年十月","1","1","2"
"承圣元年四月","1","1","2"
"承圣元年十一","1","1","2"
"圣元年十一月","1","1","2"
"宁朔将军长史","1","1","2"
"朔将军长史镇","1","1","2"
"前军将军江夏","1","1","2"
"军将军江夏王","1","1","2"
"将军江夏王司","1","1","2"
"军江夏王司马","1","1","2"
"邑二千三百户","1","1","2"
"加班剑二十人","1","1","2"
"结仁威府中兵","1","1","2"
"仁威府中兵参","1","1","2"
"威府中兵参军","1","1","2"
"府中兵参军杜","1","1","2"
"中兵参军杜景","1","1","2"
"冠军中兵参军","1","1","2"
"征虏中兵参军","1","1","2"
"督岘南诸军事","1","1","2"
"魏主托跋宏寇","2","0","2"
"冠军将军王茂","1","1","2"
"食邑一千六百","1","1","2"
"邑一千六百户","1","1","2"
"围刺史蔡道恭","1","1","2"
"御史中丞任昉","2","0","2"
"徐州刺史昌义","1","1","2"
"景宗督众军援","2","0","2"
"魏大将杨大眼","1","1","2"
"值魏宿预城请","1","1","2"
"云杜县开国侯","1","1","2"
"杜县开国侯柳","1","1","2"
"县开国侯柳庆","1","1","2"
"开国侯柳庆远","1","1","2"
"兄卫将军世隆","1","1","2"
"辅国将军刘山","1","1","2"
"国将军刘山阳","1","1","2"
"西中郎城局参","1","1","2"
"中郎城局参军","1","1","2"
"郎城局参军席","1","1","2"
"城局参军席阐","1","1","2"
"局参军席阐文","1","1","2"
"谘议参军柳忱","1","1","2"
"辅国将军任漾","1","1","2"
"大将军刘孝庆","1","1","2"
"征通直散骑常","2","0","2"
"辅国将军刘勔","2","0","2"
"国将军刘勔讨","2","0","2"
"齐南康王荆州","2","0","2"
"迁西中郎司马","1","1","2"
"荆府城局参军","1","1","2"
"府城局参军吉","1","1","2"
"城局参军吉士","1","1","2"
"局参军吉士瞻","1","1","2"
"太守鲁休烈等","1","1","2"
"督西讨诸军事","1","1","2"
"遣郢州刺史曹","1","1","2"
"刺史曹景宗率","1","1","2"
"寿县开国伯道","1","1","2"
"县开国伯道恭","1","1","2"
"梁州刺史王玄","1","1","2"
"州刺史王玄邈","1","1","2"
"齐高帝下诏褒","1","1","2"
"镇北长流参军","1","1","2"
"雍州刺史陈显","1","1","2"
"州刺史陈显达","1","1","2"
"时湘州行事张","1","1","2"
"湘州行事张宝","1","1","2"
"州行事张宝积","1","1","2"
"行事张宝积发","1","1","2"
"事张宝积发兵","1","1","2"
"豫州刺史薛恭","1","1","2"
"州刺史薛恭度","1","1","2"
"雍州刺史萧缅","1","1","2"
"时西阳马荣率","1","1","2"
"西阳马荣率众","1","1","2"
"所谓金城汤池","1","1","2"
"平南中兵参军","1","1","2"
"南中兵参军事","1","1","2"
"中兴元年七月","1","1","2"
"荆州刺史萧遥","1","1","2"
"州刺史萧遥欣","1","1","2"
"西昌侯萧渊藻","1","1","2"
"昌侯萧渊藻代","1","1","2"
"白马戍主尹天","1","1","2"
"马戍主尹天宝","1","1","2"
"何事匆匆便救","1","1","2"
"迁车骑谘议参","1","1","2"
"前军司马吕僧","1","1","2"
"军司马吕僧珍","1","1","2"
"南中郎记室参","1","1","2"
"中郎记室参军","1","1","2"
"史夏侯道迁举","1","1","2"
"夏侯道迁举州","1","1","2"
"司空徐孝嗣见","1","1","2"
"豫二州大中正","1","1","2"
"东兴县开国侯","1","1","2"
"兴县开国侯绍","1","1","2"
"县开国侯绍叔","1","1","2"
"身长七尺五寸","2","0","2"
"齐随王子隆荆","2","0","2"
"随王子隆荆州","2","0","2"
"雍州刺史王奂","1","1","2"
"州刺史王奂反","1","1","2"
"平北将军曹虎","1","1","2"
"带南彭城太守","1","1","2"
"本官太子中庶","2","0","2"
"官太子中庶子","2","0","2"
"寻加散骑常侍","2","0","2"
"平固县开国侯","1","1","2"
"固县开国侯僧","1","1","2"
"县开国侯僧珍","1","1","2"
"入尚书三公郎","2","0","2"
"论功封曲江县","1","1","2"
"功封曲江县侯","1","1","2"
"寻迁尚书右仆","2","0","2"
"高祖素服举哀","2","0","2"
"遣巴西太守刘","1","1","2"
"巴西太守刘山","1","1","2"
"西太守刘山阳","1","1","2"
"西中郎长史萧","1","1","2"
"中郎长史萧颖","1","1","2"
"郎长史萧颖胄","1","1","2"
"雍州刺史萧赤","1","1","2"
"州刺史萧赤斧","1","1","2"
"袁抃雍州刺史","2","0","2"
"晋平王左常侍","1","1","2"
"迁司空桂阳王","1","1","2"
"司空桂阳王行","1","1","2"
"空桂阳王行参","1","1","2"
"桂阳王行参军","1","1","2"
"随齐司空柳世","1","1","2"
"齐司空柳世隆","1","1","2"
"荆州刺史沈攸","1","1","2"
"迁前军中兵参","1","1","2"
"前军中兵参军","1","1","2"
"遣长史王超宗","1","1","2"
"魏守将杜元伦","1","1","2"
"魏甓城二十里","1","1","2"
"魏中山王元英","2","0","2"
"景宗营前二十","1","1","2"
"宗营前二十里","1","1","2"
"太守李文钊等","1","1","2"
"遣中书郎周舍","1","1","2"
"州刺史马仙琕","2","0","2"
"寻加通直散骑","2","0","2"
"中书舍人监护","1","1","2"
"家安成王府行","1","1","2"
"安成王府行参","1","1","2"
"成王府行参军","1","1","2"
"冠军南平王司","1","1","2"
"军南平王司马","1","1","2"
"魏兴太守颜僧","1","1","2"
"太守颜僧都等","1","1","2"
"鲁休烈举兵逼","2","0","2"
"休烈举兵逼荆","2","0","2"
"烈举兵逼荆州","2","0","2"
"北将军汪六世","2","0","2"
"将军汪六世孙","2","0","2"
"郢州西曹书佐","1","1","2"
"转补征北南郡","1","1","2"
"补征北南郡王","1","1","2"
"补记室参军事","1","1","2"
"授通直散骑侍","1","1","2"
"齐竟陵王子良","2","0","2"
"安西外兵参军","1","1","2"
"征西记室参军","1","1","2"
"安西晋安王法","1","1","2"
"西晋安王法曹","1","1","2"
"晋安王法曹参","1","1","2"
"安王法曹参军","1","1","2"
"改授冠军将军","1","1","2"
"建昌国太夫人","1","1","2"
"右仆射范云等","1","1","2"
"仆射范云等二","1","1","2"
"射范云等二十","1","1","2"
"范云等二十余","1","1","2"
"云等二十余人","1","1","2"
"转左光禄大夫","1","1","2"
"广陵令郭彦文","1","1","2"
"巴陵王国左常","1","1","2"
"临沮县开国伯","1","1","2"
"迁征北行参军","2","0","2"
"司徒刑狱参军","1","1","2"
"徒刑狱参军事","1","1","2"
"转司徒竟陵王","2","0","2"
"司徒竟陵王记","1","1","2"
"徒竟陵王记室","1","1","2"
"竟陵王记室参","1","1","2"
"昉遇竟陵王西","2","0","2"
"遇竟陵王西邸","2","0","2"
"二百四十七卷","1","1","2"
"二百五十二卷","1","1","2"
"抚军法曹行参","1","1","2"
"寻迁事黄门侍","2","0","2"
"骠骑将军辅政","1","1","2"
"时国子祭酒庐","1","1","2"
"国子祭酒庐江","1","1","2"
"遣军司马王果","2","0","2"
"司马王果宣旨","2","0","2"
"散骑常侍萧琛","1","1","2"
"迁司徒谘议参","2","0","2"
"寻迁吏部尚书","2","0","2"
"冠军长史胡辛","1","1","2"
"军长史胡辛生","1","1","2"
"宁朔将军张豹","1","1","2"
"朔将军张豹子","1","1","2"
"左卫将军曹景","1","1","2"
"裴邃等攻断魏","1","1","2"
"都督豫州诸军","1","1","2"
"普通元年正月","1","1","2"
"豫宁县开国伯","1","1","2"
"左军将军冯道","1","1","2"
"军将军冯道根","1","1","2"
"加左骁骑将军","1","1","2"
"二十户取五丁","1","1","2"
"都督淮上诸军","1","1","2"
"督淮上诸军事","1","1","2"
"遣尚书右仆射","1","1","2"
"遣尚书仆射李","1","1","2"
"尚书仆射李昙","1","1","2"
"书仆射李昙定","1","1","2"
"徐州刺史刘思","1","1","2"
"州刺史刘思祖","1","1","2"
"刺史刘思祖等","1","1","2"
"右卫将军昌义","1","1","2"
"深十九丈五尺","1","1","2"
"司空临川王司","1","1","2"
"空临川王司马","1","1","2"
"太子右卫率康","1","1","2"
"子右卫率康绚","1","1","2"
"都督北徐州缘","1","1","2"
"营道县开国侯","1","1","2"
"道县开国侯昌","1","1","2"
"县开国侯昌义","1","1","2"
"尚书殿中郎任","1","1","2"
"嫡孙南郡王居","1","1","2"
"南康王荆州刺","2","0","2"
"康王荆州刺史","2","0","2"
"迁西中郎谘议","2","0","2"
"北中郎录事参","1","1","2"
"郎录事参军事","1","1","2"
"南中郎录事参","1","1","2"
"时辅国将军杨","1","1","2"
"辅国将军杨公","1","1","2"
"征北刑狱参军","1","1","2"
"时齐豫章王嶷","1","1","2"
"太尉刑狱参军","1","1","2"
"车骑平西录事","1","1","2"
"骑平西录事参","1","1","2"
"平西录事参军","1","1","2"
"俄迁御史中丞","2","0","2"
"中丞健步避道","1","1","2"
"居宪台甚称职","2","0","2"
"长沙宣武王将","1","1","2"
"逐内史崔睦舒","1","1","2"
"季连尚书左丞","2","0","2"
"转太子中庶子","2","0","2"
"遣中兵参军宋","1","1","2"
"中兵参军宋买","1","1","2"
"兵参军宋买率","1","1","2"
"遣参军崔茂祖","1","1","2"
"参军崔茂祖率","1","1","2"
"人雍道晞率群","1","1","2"
"雍道晞率群贼","1","1","2"
"中兵参军李奉","1","1","2"
"兵参军李奉伯","1","1","2"
"参军李奉伯率","1","1","2"
"会稽人石文安","1","1","2"
"稽人石文安字","1","1","2"
"人石文安字守","1","1","2"
"石文安字守休","1","1","2"
"遣左右陈建孙","1","1","2"
"邓元益州刺史","2","0","2"
"天监元年六月","1","1","2"
"城局参军江希","1","1","2"
"遣主书赵景悦","1","1","2"
"乡人车骑将军","1","1","2"
"人车骑将军王","1","1","2"
"车骑将军王广","1","1","2"
"督前驱诸军事","1","1","2"
"永兴人戴永忠","1","1","2"
"豫章太守郑伯","1","1","2"
"章太守郑伯伦","1","1","2"
"太守郑伯伦坚","1","1","2"
"守郑伯伦坚守","1","1","2"
"都督西豫州诸","1","1","2"
"督西豫州诸军","1","1","2"
"西豫州诸军事","1","1","2"
"父尚书仆射僧","1","1","2"
"尚书仆射僧达","1","1","2"
"骠骑将军王晏","1","1","2"
"时大司马王敬","1","1","2"
"征事黄门侍郎","2","0","2"
"抚军建安王长","1","1","2"
"军建安王长史","1","1","2"
"大司马相国谘","1","1","2"
"司马相国谘议","1","1","2"
"马相国谘议参","1","1","2"
"相国谘议参军","1","1","2"
"骠骑大将军长","1","1","2"
"骑大将军长史","1","1","2"
"平西鄱阳郡王","1","1","2"
"西鄱阳郡王长","1","1","2"
"鄱阳郡王长史","1","1","2"
"游击将军徐希","1","1","2"
"击将军徐希秀","1","1","2"
"建康禁中里马","1","1","2"
"康禁中里马蕃","1","1","2"
"禁中里马蕃巷","1","1","2"
"中军庐陵王法","1","1","2"
"征虏安成王长","1","1","2"
"虏安成王长史","1","1","2"
"改授晋安王文","1","1","2"
"授晋安王文学","1","1","2"
"始安王遥光表","2","0","2"
"安王遥光表荐","2","0","2"
"除骠骑事中郎","2","0","2"
"北中郎豫章王","1","1","2"
"除金紫光禄大","2","0","2"
"普通五年三月","1","1","2"
"太子洗马王锡","1","1","2"
"中大通六年正","1","1","2"
"大通六年正月","1","1","2"
"安西武陵王长","1","1","2"
"西武陵王长史","1","1","2"
"时尚书令王俭","1","1","2"
"转事黄门侍郎","2","0","2"
"吴兴太守六年","1","1","2"
"齐左卫将军王","1","1","2"
"左卫将军王俭","1","1","2"
"过目便能讽诵","2","0","2"
"遣宁朔将军刘","1","1","2"
"后军临川王外","1","1","2"
"军临川王外兵","1","1","2"
"中权始兴王长","1","1","2"
"权始兴王长史","1","1","2"
"吴太妃生安成","1","1","2"
"太妃生安成康","1","1","2"
"妃生安成康王","1","1","2"
"卫军庐陵王法","1","1","2"
"北中郎桂阳王","1","1","2"
"中郎桂阳王功","1","1","2"
"郎桂阳王功曹","1","1","2"
"桂阳王功曹史","1","1","2"
"安王萧遥光所","1","1","2"
"王萧遥光所礼","1","1","2"
"霍八州北讨诸","1","1","2"
"八州北讨诸军","1","1","2"
"州北讨诸军事","1","1","2"
"迁骠骑大将军","2","0","2"
"所生母陈太妃","2","0","2"
"生母陈太妃寝","2","0","2"
"母陈太妃寝疾","2","0","2"
"所生母吴太妃","2","0","2"
"生母吴太妃亡","1","1","2"
"弟晋熙王宝嵩","1","1","2"
"兗二州诸军事","1","1","2"
"豫州刺史司马","1","1","2"
"州刺史司马悦","1","1","2"
"遣皇子南康王","1","1","2"
"东北楼主许郁","1","1","2"
"北楼主许郁华","1","1","2"
"南平元襄王伟","2","0","2"
"晋安镇北法曹","1","1","2"
"安镇北法曹行","1","1","2"
"镇北法曹行参","1","1","2"
"北法曹行参军","1","1","2"
"齐兴太守颜僧","1","1","2"
"太守萧慧训子","2","0","2"
"守萧慧训子璝","2","0","2"
"白直左右职局","1","1","2"
"直左右职局一","1","1","2"
"左右职局一百","1","1","2"
"右职局一百人","1","1","2"
"水浆入口累日","2","0","2"
"事中郎萧子范","1","1","2"
"刺史庐陵王所","1","1","2"
"史庐陵王所启","1","1","2"
"鄱阳忠烈王恢","2","0","2"
"骠骑法曹行参","1","1","2"
"骑法曹行参军","1","1","2"
"累迁北中郎外","2","0","2"
"迁北中郎外兵","2","0","2"
"进号骠骑大将","2","0","2"
"号骠骑大将军","2","0","2"
"遣中书舍人刘","1","1","2"
"中书舍人刘显","1","1","2"
"咸谓精诚所致","2","0","2"
"西中郎法曹行","1","1","2"
"时巴东太守萧","1","1","2"
"南安太守垣季","1","1","2"
"安太守垣季珪","1","1","2"
"普通三年十一","1","1","2"
"通三年十一月","1","1","2"
"骠骑将军始兴","1","1","2"
"骑将军始兴王","1","1","2"
"遣大鸿胪程爽","1","1","2"
"平西将军崔慧","1","1","2"
"西将军崔慧景","1","1","2"
"都督征讨水陆","1","1","2"
"督征讨水陆诸","1","1","2"
"征讨水陆诸军","1","1","2"
"讨水陆诸军事","1","1","2"
"邑二千五百户","1","1","2"
"宣德太后临朝","1","1","2"
"迁左骁骑将军","2","0","2"
"释褐著作佐郎","2","0","2"
"随二郡诸军事","1","1","2"
"督南徐州刺史","1","1","2"
"衡阳嗣王元简","1","1","2"
"元简三年袭封","1","1","2"
"赠事黄门侍郎","2","0","2"
"建安王中兵参","2","0","2"
"除晋安王国左","2","0","2"
"永嘉人胡仲宣","1","1","2"
"嘉人胡仲宣等","1","1","2"
"军管天下兵要","2","0","2"
"宁蛮长史曹义","1","1","2"
"蛮长史曹义宗","1","1","2"
"中兵参军孟惠","1","1","2"
"兵参军孟惠俊","1","1","2"
"遣中兵参军崔","1","1","2"
"晋左光禄大夫","2","0","2"
"家齐太学博士","2","0","2"
"尚书仆射江祏","2","0","2"
"获武陵太守白","1","1","2"
"武陵太守白涡","1","1","2"
"太尉文宪公王","1","1","2"
"尉文宪公王俭","1","1","2"
"西阳王国侍郎","1","1","2"
"子步兵校尉伏","1","1","2"
"步兵校尉伏曼","1","1","2"
"兵校尉伏曼容","1","1","2"
"新旧学士十人","1","1","2"
"卫将军丹阳尹","1","1","2"
"将军丹阳尹王","1","1","2"
"军丹阳尹王俭","1","1","2"
"国子祭酒何胤","1","1","2"
"尚书左丞蔡仲","1","1","2"
"骁骑将军何佟","1","1","2"
"国子学中门外","1","1","2"
"书仆射沈约等","1","1","2"
"学士右军记室","1","1","2"
"士右军记室参","1","1","2"
"军记室参军明","1","1","2"
"记室参军明山","1","1","2"
"室参军明山宾","1","1","2"
"参军明山宾掌","1","1","2"
"中军骑兵参军","1","1","2"
"军骑兵参军严","1","1","2"
"骑兵参军严植","1","1","2"
"征虏记室参军","1","1","2"
"虏记室参军陆","1","1","2"
"记室参军陆琏","1","1","2"
"室参军陆琏掌","1","1","2"
"右军参军司马","1","1","2"
"尚书左丞何佟","1","1","2"
"镇北谘议参军","1","1","2"
"北谘议参军伏","1","1","2"
"镇军将军丹阳","1","1","2"
"军将军丹阳尹","1","1","2"
"将军丹阳尹沈","1","1","2"
"军丹阳尹沈约","1","1","2"
"监六年五月七","1","1","2"
"六年五月七日","1","1","2"
"年五月七日上","1","1","2"
"一百一十六卷","1","1","2"
"五百三十六条","1","1","2"
"年十一月十日","1","1","2"
"十一月十日上","1","1","2"
"年十一月十七","1","1","2"
"十一月十七日","1","1","2"
"一月十七日上","1","1","2"
"五百一十四卷","1","1","2"
"五千六百九十","1","1","2"
"千六百九十三","1","1","2"
"六百九十三条","1","1","2"
"一千一百七十","1","1","2"
"千一百七十六","1","1","2"
"一百七十六卷","1","1","2"
"普通五年二月","1","1","2"
"二集四十五卷","1","1","2"
"佐史尚书左丞","1","1","2"
"史尚书左丞刘","1","1","2"
"尚书左丞刘览","1","1","2"
"书左丞刘览等","1","1","2"
"迁右军谘议参","2","0","2"
"冠军晋安王长","1","1","2"
"军晋安王长史","1","1","2"
"身长七尺八寸","2","0","2"
"司徒建安王休","1","1","2"
"徒建安王休仁","1","1","2"
"御史中丞刘休","1","1","2"
"寻除尚书左丞","2","0","2"
"平南安成王长","1","1","2"
"南安成王长史","1","1","2"
"梦者所见军马","1","1","2"
"者所见军马践","1","1","2"
"大通二年九月","1","1","2"
"王中权录事参","1","1","2"
"中权录事参军","1","1","2"
"太子翊军校尉","1","1","2"
"俄迁员外散骑","2","0","2"
"中军法曹行参","1","1","2"
"尚书殿中曹郎","1","1","2"
"司徒竟陵王外","1","1","2"
"徒竟陵王外兵","1","1","2"
"竟陵王外兵参","1","1","2"
"陵王外兵参军","1","1","2"
"征虏宜都王功","1","1","2"
"虏宜都王功曹","1","1","2"
"宜都王功曹史","1","1","2"
"中军临川王谘","1","1","2"
"军临川王谘议","1","1","2"
"临川王谘议参","1","1","2"
"川王谘议参军","1","1","2"
"司空临川王长","1","1","2"
"空临川王长史","1","1","2"
"迁通直散骑侍","2","0","2"
"刺史竟陵王子","1","1","2"
"史竟陵王子良","1","1","2"
"右军安成王外","1","1","2"
"军安成王外兵","1","1","2"
"安成王外兵参","1","1","2"
"成王外兵参军","1","1","2"
"骠骑临川王东","1","1","2"
"骑临川王东曹","1","1","2"
"临川王东曹掾","1","1","2"
"南徐州迎西曹","1","1","2"
"徐州迎西曹行","1","1","2"
"州迎西曹行事","1","1","2"
"晋安王纲令曰","2","0","2"
"近张新安致故","2","0","2"
"齐始安王萧遥","2","0","2"
"相府田曹参军","1","1","2"
"迁北中郎谘议","2","0","2"
"冀二州大中正","1","1","2"
"前司徒左长史","1","1","2"
"司徒左长史殷","1","1","2"
"徒左长史殷芸","1","1","2"
"校定秘阁四部","1","1","2"
"始安王遥光扬","1","1","2"
"安王遥光扬州","1","1","2"
"王遥光扬州治","1","1","2"
"遥光扬州治中","1","1","2"
"都官尚书范岫","1","1","2"
"司空临川王法","1","1","2"
"空临川王法曹","1","1","2"
"轻车庐陵王记","1","1","2"
"车庐陵王记室","1","1","2"
"等四百二十人","1","1","2"
"太守文成侯萧","1","1","2"
"守文成侯萧宁","1","1","2"
"终身蔬食布衣","2","0","2"
"刺史萧遥昌引","1","1","2"
"邃督征讨诸军","1","1","2"
"河间王元琛率","1","1","2"
"征太子左卫率","2","0","2"
"官事黄门侍郎","2","0","2"
"平北豫章长史","1","1","2"
"邑二百五十户","1","1","2"
"鄱阳嗣王范命","1","1","2"
"右援军诸军事","1","1","2"
"长史萧颖胄协","1","1","2"
"遣豫州刺史裴","1","1","2"
"遣北道军元树","1","1","2"
"贞威将军韦放","1","1","2"
"州民夏侯简等","1","1","2"
"民夏侯简等五","1","1","2"
"夏侯简等五百","1","1","2"
"侯简等五百人","1","1","2"
"历官太子舍人","2","0","2"
"时谯州刺史湛","1","1","2"
"刺史元愿达请","1","1","2"
"遣镇北将军元","1","1","2"
"镇北将军元树","1","1","2"
"刺史萧渊明引","1","1","2"
"迁平西湘东王","2","0","2"
"迁镇右始兴王","2","0","2"
"遣常山王元昭","1","1","2"
"丁贵嫔生昭明","1","1","2"
"贵嫔生昭明太","1","1","2"
"嫔生昭明太子","1","1","2"
"生昭明太子统","1","1","2"
"容生世祖孝元","1","1","2"
"生世祖孝元皇","1","1","2"
"吴淑媛生豫章","1","1","2"
"淑媛生豫章王","1","1","2"
"媛生豫章王综","1","1","2"
"董淑仪生南康","1","1","2"
"淑仪生南康简","1","1","2"
"仪生南康简王","1","1","2"
"生南康简王绩","1","1","2"
"丁充华生邵陵","1","1","2"
"充华生邵陵携","1","1","2"
"华生邵陵携王","1","1","2"
"生邵陵携王纶","1","1","2"
"葛修容生武陵","1","1","2"
"修容生武陵王","1","1","2"
"容生武陵王纪","1","1","2"
"曹嘉乐等三百","1","1","2"
"嘉乐等三百七","1","1","2"
"乐等三百七十","1","1","2"
"等三百七十人","1","1","2"
"进号北中郎将","2","0","2"
"封山侯正表将","1","1","2"
"旧兵三千余人","1","1","2"
"弟祁阳侯通理","1","1","2"
"随兄会理入援","1","1","2"
"侯景遣董绍先","1","1","2"
"新淦公大成等","1","1","2"
"扬州刺史大连","1","1","2"
"州刺史大连等","1","1","2"
"河东王誉长沙","2","0","2"
"纶将刘龙武等","1","1","2"
"魏军共攻南阳","1","1","2"
"州刺史田龙祖","1","1","2"
"刺史田龙祖迎","1","1","2"
"西魏安州刺史","1","1","2"
"魏安州刺史马","1","1","2"
"安州刺史马岫","1","1","2"
"时台使周石珍","1","1","2"
"南中郎外兵参","1","1","2"
"齐武陵王国左","1","1","2"
"武陵王国左常","1","1","2"
"右军江夏王参","1","1","2"
"军江夏王参军","1","1","2"
"尚书仆射范云","1","1","2"
"右军安成王参","1","1","2"
"军安成王参军","1","1","2"
"冠军府录事参","1","1","2"
"军府录事参军","1","1","2"
"府录事参军河","1","1","2"
"录事参军河东","1","1","2"
"受诏续修何承","1","1","2"
"诏续修何承天","1","1","2"
"阴侯斩胡白题","1","1","2"
"侯斩胡白题将","1","1","2"
"斩胡白题将一","1","1","2"
"胡白题将一人","1","1","2"
"召尚书仆射徐","1","1","2"
"俄迁中书侍郎","2","0","2"
"书通事舍人裴","1","1","2"
"通事舍人裴子","1","1","2"
"事舍人裴子野","1","1","2"
"内外孙侄游虎","1","1","2"
"外孙侄游虎丘","1","1","2"
"孙侄游虎丘山","1","1","2"
"扬州议曹事史","2","0","2"
"太尉临川王闻","1","1","2"
"北中郎行参军","1","1","2"
"记室参军吴郡","1","1","2"
"书通事舍人顾","1","1","2"
"通事舍人顾协","1","1","2"
"云麾府记室参","1","1","2"
"麾府记室参军","1","1","2"
"平西府中记室","1","1","2"
"安北中录事参","1","1","2"
"北中录事参军","1","1","2"
"公使大夫宗妇","1","1","2"
"除太子左卫率","2","0","2"
"侯景攻陷台城","1","1","2"
"进授左卫将军","1","1","2"
"王竟陵助经略","2","0","2"
"任约率精骑袭","1","1","2"
"右军邵陵王长","1","1","2"
"军邵陵王长史","1","1","2"
"时尚书令王晏","1","1","2"
"尚书令王晏弟","1","1","2"
"州牧郡守皆望","1","1","2"
"牧郡守皆望风","1","1","2"
"惟仆一人敢后","1","1","2"
"号中抚军大将","1","1","2"
"中抚军大将军","1","1","2"
"衣食粗知荣辱","1","1","2"
"戍主戴僧易劝","1","1","2"
"主戴僧易劝令","1","1","2"
"戴僧易劝令拒","1","1","2"
"僧易劝令拒守","1","1","2"
"袁千里命属崩","1","1","2"
"千里命属崩离","1","1","2"
"魏豫州刺史李","1","1","2"
"豫州刺史李宪","1","1","2"
"征南将军常山","1","1","2"
"南将军常山王","1","1","2"
"将军常山王元","1","1","2"
"军常山王元昭","1","1","2"
"常山王元昭等","1","1","2"
"阳城主王纬乞","1","1","2"
"城主王纬乞降","1","1","2"
"城中男女三万","1","1","2"
"中男女三万余","1","1","2"
"将军济阴王元","1","1","2"
"军济阴王元晖","1","1","2"
"阴王元晖业率","1","1","2"
"魏左仆射杨昱","1","1","2"
"抚军将军元显","1","1","2"
"军将军元显恭","1","1","2"
"将军元显恭率","1","1","2"
"骠骑将军硃吐","2","0","2"
"骑将军硃吐没","2","0","2"
"君等杀人父兄","1","1","2"
"虏众三十余万","1","1","2"
"魏大将军上党","1","1","2"
"大将军上党王","1","1","2"
"将军上党王元","1","1","2"
"军上党王元天","1","1","2"
"上党王元天穆","1","1","2"
"将军威震中原","1","1","2"
"洛阳六十五日","1","1","2"
"河守北中郎城","1","1","2"
"豫州人程道雍","1","1","2"
"州人程道雍等","1","1","2"
"都督缘淮诸军","1","1","2"
"豫四州诸军事","1","1","2"
"北司二州刺史","1","1","2"
"魏遣将侯景率","1","1","2"
"遣将侯景率众","1","1","2"
"将侯景率众七","1","1","2"
"侯景率众七万","1","1","2"
"州民李升等八","1","1","2"
"民李升等八百","1","1","2"
"李升等八百人","1","1","2"
"魏豫州刺史尧","1","1","2"
"魏彭城守将杨","1","1","2"
"彭城守将杨目","1","1","2"
"破谯州刺史刘","1","1","2"
"谯州刺史刘海","1","1","2"
"州刺史刘海游","1","1","2"
"破俚帅陈文彻","1","1","2"
"俚帅陈文彻兄","1","1","2"
"帅陈文彻兄弟","1","1","2"
"吏民诣阙请立","2","0","2"
"民诣阙请立碑","2","0","2"
"前刺史南安侯","1","1","2"
"刺史南安侯密","1","1","2"
"史南安侯密遣","1","1","2"
"南安侯密遣厨","1","1","2"
"安侯密遣厨人","1","1","2"
"家王国左常侍","2","0","2"
"尚书仆射王晏","1","1","2"
"官令东海王僧","1","1","2"
"令东海王僧孺","1","1","2"
"除尚书仪曹郎","2","0","2"
"除尚书吏部郎","2","0","2"
"左卫将军沈约","1","1","2"
"妇人事二十余","1","1","2"
"人事二十余条","1","1","2"
"中权建安王中","1","1","2"
"权建安王中记","1","1","2"
"建安王中记室","1","1","2"
"安王中记室参","1","1","2"
"王中记室参军","1","1","2"
"宣毅谘议参军","1","1","2"
"昭明太子遣使","1","1","2"
"家僮载米三千","1","1","2"
"僮载米三千石","1","1","2"
"齐中书郎王融","2","0","2"
"平南安成王记","1","1","2"
"南安成王记室","1","1","2"
"安西骠骑谘议","1","1","2"
"西骠骑谘议参","1","1","2"
"权知司徒右长","1","1","2"
"知司徒右长史","1","1","2"
"司徒右长史事","1","1","2"
"仆射徐勉宣旨","1","1","2"
"射徐勉宣旨慰","1","1","2"
"徐勉宣旨慰抚","1","1","2"
"信威临贺王长","1","1","2"
"威临贺王长史","1","1","2"
"子祭酒萧子云","1","1","2"
"刘孝绰见重世","2","0","2"
"建武二年乙亥","1","1","2"
"史臣陈吏部尚","1","1","2"
"臣陈吏部尚书","1","1","2"
"兄司徒竟陵王","1","1","2"
"子恪弟子范等","1","1","2"
"宣惠谘议参军","1","1","2"
"护军临贺王正","1","1","2"
"历官宣城王友","1","1","2"
"尚书令沈约见","1","1","2"
"时中庶子谢嘏","1","1","2"
"太学博士顾野","1","1","2"
"学博士顾野王","1","1","2"
"博士顾野王奉","1","1","2"
"士顾野王奉令","1","1","2"
"顾野王奉令撰","1","1","2"
"重云殿听制讲","1","1","2"
"宗人少府卿孔","1","1","2"
"人少府卿孔登","1","1","2"
"少府卿孔登宅","1","1","2"
"临川王府行参","1","1","2"
"川王府行参军","1","1","2"
"尚书仪曹郎中","1","1","2"
"王府记室参军","1","1","2"
"时太子詹事周","1","1","2"
"史临川王宏薨","1","1","2"
"夜召休源入宴","1","1","2"
"召休源入宴居","1","1","2"
"休源入宴居殿","1","1","2"
"司徒竟陵王闻","1","1","2"
"时吴兴太守袁","1","1","2"
"雍府妙选英才","1","1","2"
"仁威庐陵王长","1","1","2"
"威庐陵王长史","1","1","2"
"刺史元法僧降","1","1","2"
"史元法僧降附","1","1","2"
"徐州刺史元延","1","1","2"
"州刺史元延明","1","1","2"
"东中郎武陵王","2","0","2"
"西陵岸取石十","1","1","2"
"陵岸取石十余","1","1","2"
"岸取石十余片","1","1","2"
"书令何敬容掌","1","1","2"
"江革聪敏亮直","1","1","2"
"尚齐武帝女长","1","1","2"
"齐武帝女长城","1","1","2"
"武帝女长城公","1","1","2"
"帝女长城公主","1","1","2"
"时仆射徐勉参","1","1","2"
"仆射徐勉参掌","1","1","2"
"射徐勉参掌机","1","1","2"
"徐勉参掌机密","1","1","2"
"大同三年正月","1","1","2"
"御史中丞张绾","1","1","2"
"中大同元年三","1","1","2"
"大同元年三月","1","1","2"
"宋世王敬弘身","1","1","2"
"尚书令沈约面","1","1","2"
"书令沈约面试","1","1","2"
"上书言建康宜","1","1","2"
"刺史元法僧遣","1","1","2"
"史元法僧遣使","1","1","2"
"高祖深纳异言","2","0","2"
"遣建康令谢挺","1","1","2"
"乡里聚徒教授","1","1","2"
"谓仆射徐勉曰","2","0","2"
"尚书通事舍人","1","1","2"
"征西鄱阳王中","1","1","2"
"西鄱阳王中录","1","1","2"
"鄱阳王中录事","1","1","2"
"大功末冠子嫁","2","0","2"
"故称大功小功","1","1","2"
"降服大功小功","1","1","2"
"大小功降服皆","1","1","2"
"政生聚教训时","2","0","2"
"东境户口空虚","2","0","2"
"皆须息费休民","1","1","2"
"求见仆射王克","1","1","2"
"仪同西昌侯掾","1","1","2"
"都督徐州诸军","1","1","2"
"督徐州诸军事","1","1","2"
"天监八年归国","1","1","2"
"妖巫欺惑百姓","1","1","2"
"昼夜连臂蹋足","1","1","2"
"夜连臂蹋足歌","1","1","2"
"弟天生率众攻","1","1","2"
"天生率众攻陷","1","1","2"
"生率众攻陷岐","1","1","2"
"率众攻陷岐州","1","1","2"
"王弁率军应接","1","1","2"
"侃骠骑大将军","1","1","2"
"都督瑕丘征讨","1","1","2"
"督瑕丘征讨诸","1","1","2"
"瑕丘征讨诸军","1","1","2"
"丘征讨诸军事","1","1","2"
"都督瑕丘诸军","1","1","2"
"督瑕丘诸军事","1","1","2"
"尉元法僧北讨","1","1","2"
"令邵陵王袭取","1","1","2"
"邵陵王袭取寿","1","1","2"
"陵王袭取寿春","1","1","2"
"王都督城内诸","1","1","2"
"引弓射杀数人","1","1","2"
"尖顶木驴攻城","1","1","2"
"景遣仪同傅士","1","1","2"
"遣仪同傅士哲","1","1","2"
"仪同傅士哲呼","1","1","2"
"侯王事君尽节","1","1","2"
"侯王亲举白刃","1","1","2"
"鹿角爪长七寸","1","1","2"
"延烧七十余艘","1","1","2"
"史湛海珍等精","1","1","2"
"湛海珍等精兵","1","1","2"
"海珍等精兵三","1","1","2"
"珍等精兵三万","1","1","2"
"西豫等七州诸","1","1","2"
"豫等七州诸军","1","1","2"
"等七州诸军事","1","1","2"
"故北徐州刺史","1","1","2"
"北徐州刺史荀","1","1","2"
"徐州刺史荀伯","1","1","2"
"州刺史荀伯道","1","1","2"
"刺史荀伯道诸","1","1","2"
"史荀伯道诸子","1","1","2"
"尚书祠部郎中","1","1","2"
"世名儒明山宾","1","1","2"
"王命记室庾肩","1","1","2"
"命记室庾肩吾","1","1","2"
"一百一十二卷","1","1","2"
"洽常共居一斋","1","1","2"
"登北顾楼赋诗","1","1","2"
"尚书令沈约命","1","1","2"
"书令沈约命驾","1","1","2"
"五兵尚书傅昭","1","1","2"
"兵尚书傅昭掌","1","1","2"
"尚书傅昭掌著","1","1","2"
"书傅昭掌著作","1","1","2"
"司空临川王外","1","1","2"
"空临川王外兵","1","1","2"
"尚书仪曹侍郎","1","1","2"
"骠骑鄱阳王记","1","1","2"
"骑鄱阳王记室","1","1","2"
"平西谘议参军","1","1","2"
"吏部尚书王瞻","1","1","2"
"御史中丞乐蔼","1","1","2"
"征西鄱阳王长","1","1","2"
"西鄱阳王长史","1","1","2"
"秦容成侯适楚","1","1","2"
"永平十六年五","1","1","2"
"平十六年五月","1","1","2"
"十六年五月二","1","1","2"
"年五月二十一","1","1","2"
"五月二十一日","1","1","2"
"月二十一日己","1","1","2"
"二十一日己酉","1","1","2"
"上书年月日字","1","1","2"
"总成三十八卷","1","1","2"
"古本第三十七","1","1","2"
"本第三十七卷","1","1","2"
"部尚书范云举","1","1","2"
"征西鄱阳王谘","1","1","2"
"西鄱阳王谘议","1","1","2"
"七十二君封禅","1","1","2"
"伏羲前封泰山","1","1","2"
"羲前封泰山禅","1","1","2"
"前封泰山禅云","1","1","2"
"封泰山禅社首","1","1","2"
"云神农封泰山","1","1","2"
"神农封泰山禅","1","1","2"
"农封泰山禅云","1","1","2"
"秦始皇登泰山","1","1","2"
"汉武帝宗信方","1","1","2"
"武帝宗信方士","1","1","2"
"祭五帝必应燔","1","1","2"
"五帝必应燔柴","1","1","2"
"安右南康王主","1","1","2"
"右南康王主簿","1","1","2"
"云麾谘议参军","1","1","2"
"袭封南昌县侯","1","1","2"
"贞威将军骠骑","1","1","2"
"威将军骠骑晋","1","1","2"
"将军骠骑晋安","1","1","2"
"军骠骑晋安王","1","1","2"
"骠骑晋安王长","1","1","2"
"骑晋安王长史","1","1","2"
"江州刺史阳公","2","0","2"
"州刺史阳公大","2","0","2"
"刺史阳公大心","2","0","2"
"湘东王记室参","1","1","2"
"东王记室参军","1","1","2"
"累迁中书黄门","2","0","2"
"迁中书黄门侍","2","0","2"
"镇右豫章王长","1","1","2"
"右豫章王长史","1","1","2"
"宁远将军北中","1","1","2"
"远将军北中郎","1","1","2"
"将军北中郎庐","1","1","2"
"高欢坟土未干","1","1","2"
"前军鄱阳王主","1","1","2"
"军鄱阳王主簿","1","1","2"
"司徒临川王司","1","1","2"
"徒临川王司马","1","1","2"
"太宰外兵参军","1","1","2"
"右军曲江公主","1","1","2"
"军曲江公主簿","1","1","2"
"贞威将军轻车","1","1","2"
"威将军轻车河","1","1","2"
"将军轻车河东","1","1","2"
"军轻车河东王","1","1","2"
"轻车河东王长","1","1","2"
"车河东王长史","1","1","2"
"宣惠晋安王长","1","1","2"
"惠晋安王长史","1","1","2"
"夫御史中丞褚","1","1","2"
"御史中丞褚湮","1","1","2"
"云麾二府记室","1","1","2"
"安北谘议参军","1","1","2"
"镇右始兴王法","1","1","2"
"右始兴王法曹","1","1","2"
"始兴王法曹行","1","1","2"
"兴王法曹行参","1","1","2"
"安西谘议参军","1","1","2"
"行彭城琅邪二","1","1","2"
"彭城琅邪二郡","1","1","2"
"城琅邪二郡事","1","1","2"
"随前衡州刺史","1","1","2"
"前历阳太守庄","1","1","2"
"湘东王安西主","1","1","2"
"东王安西主簿","1","1","2"
"王安西主簿记","1","1","2"
"安西主簿记室","1","1","2"
"随司州刺史柳","1","1","2"
"宜都王行参军","1","1","2"
"昭明太子侍读","1","1","2"
"西中郎豫章王","1","1","2"
"齐曲江公遥欣","1","1","2"
"庐陵二王府记","1","1","2"
"陵二王府记室","1","1","2"
"骠骑刑狱参军","1","1","2"
"后军谘议中郎","1","1","2"
"征士琅邪诸葛","1","1","2"
"士琅邪诸葛璩","1","1","2"
"徒常数十百人","2","0","2"
"中大通五年二","1","1","2"
"大通五年二月","1","1","2"
"西中郎行参军","1","1","2"
"骠骑庐陵王谘","1","1","2"
"骑庐陵王谘议","1","1","2"
"宁远岳阳王记","1","1","2"
"远岳阳王记室","1","1","2"
"岳阳王记室参","1","1","2"
"阳王记室参军","1","1","2"
"阳侯萧渊明率","1","1","2"
"石城公大款送","2","0","2"
"云麾晋安王行","1","1","2"
"麾晋安王行参","1","1","2"
"晋安王行参军","1","1","2"
"中大同十一年","1","1","2"
"督衡州诸军事","1","1","2"
"弟司州刺史柳","1","1","2"
"西豫州刺史裴","1","1","2"
"军副王长茂劝","1","1","2"
"历尚书金部郎","2","0","2"
"子一身先士卒","1","1","2"
"行台刘神茂攻","1","1","2"
"太宗王皇后生","1","1","2"
"宗王皇后生哀","1","1","2"
"王皇后生哀太","1","1","2"
"皇后生哀太子","1","1","2"
"左夫人生南海","1","1","2"
"夫人生南海王","1","1","2"
"谢夫人生浏阳","1","1","2"
"夫人生浏阳公","1","1","2"
"张夫人生新兴","1","1","2"
"夫人生新兴王","1","1","2"
"包昭华生西阳","1","1","2"
"昭华生西阳王","1","1","2"
"范夫人生武宁","1","1","2"
"夫人生武宁王","1","1","2"
"陈夫人生义安","1","1","2"
"夫人生义安王","1","1","2"
"夫人生绥建王","1","1","2"
"大心招集士卒","1","1","2"
"上甲侯萧韶南","1","1","2"
"令中兵参军韦","1","1","2"
"中兵参军韦约","1","1","2"
"兵参军韦约等","1","1","2"
"都督城南诸军","1","1","2"
"督城南诸军事","1","1","2"
"大连命中兵参","1","1","2"
"连命中兵参军","1","1","2"
"命中兵参军张","1","1","2"
"中兵参军张彪","1","1","2"
"知石头戍军事","1","1","2"
"徐妃生忠壮世","1","1","2"
"妃生忠壮世子","1","1","2"
"忠壮世子方等","2","0","2"
"人生贞惠世子","1","1","2"
"贞惠世子方诸","2","0","2"
"夏贤妃生敬皇","1","1","2"
"贤妃生敬皇帝","1","1","2"
"宋子仙率轻骑","2","0","2"
"湘东王国左常","1","1","2"
"东王国左常侍","1","1","2"
"云骑将军司马","1","1","2"
"贞毅将军府谘","1","1","2"
"毅将军府谘议","1","1","2"
"将军府谘议参","1","1","2"
"军府谘议参军","1","1","2"
"府谘议参军事","1","1","2"
"定州刺史杜龛","1","1","2"
"宜州刺史王琳","1","1","2"
"命罗州刺史徐","1","1","2"
"罗州刺史徐嗣","1","1","2"
"武州刺史杜掞","1","1","2"
"北将军胡僧祐","2","0","2"
"军胡僧祐率兵","2","0","2"
"江州刺史临城","1","1","2"
"刺史临城公弃","1","1","2"
"史临城公弃城","1","1","2"
"南兗州刺史侯","2","0","2"
"州刺史侯瑱率","2","0","2"
"率步骑万余人","2","0","2"
"王伟等二十余","1","1","2"
"伟等二十余人","1","1","2"
"后湘州贼陆纳","1","1","2"
"湘州贼陆纳等","1","1","2"
"中书舍人罗重","1","1","2"
"书舍人罗重欢","1","1","2"
"舍人罗重欢征","1","1","2"
"都督西上诸军","1","1","2"
"督西上诸军事","1","1","2"
"先命豫州刺史","1","1","2"
"吴郡太守张彪","1","1","2"
"东扬三州诸军","1","1","2"
"扬三州诸军事","1","1","2"
"永宁郡开国公","1","1","2"
"侍中谒者监护","1","1","2"
"中谒者监护丧","1","1","2"
"谒者监护丧事","1","1","2"
"州刺史杜僧明","1","1","2"
"刺史杜僧明等","1","1","2"
"左民尚书周弘","1","1","2"
"民尚书周弘正","1","1","2"
"遣吏部尚书王","1","1","2"
"吏部尚书王通","1","1","2"
"银青光禄大夫","1","1","2"
"送魏北海王元","1","1","2"
"天门二郡太守","1","1","2"
"镇西录事参军","1","1","2"
"北巴六州诸军","1","1","2"
"巴六州诸军事","1","1","2"
"世祖命护军将","2","0","2"
"祖命护军将军","2","0","2"
"命护军将军尹","1","1","2"
"州刺史王珣等","2","0","2"
"庐江骠骑府中","1","1","2"
"江骠骑府中兵","1","1","2"
"骠骑府中兵参","1","1","2"
"骑府中兵参军","1","1","2"
"攻秦州刺史严","1","1","2"
"州刺史严超远","1","1","2"
"王僧辩讨河东","2","0","2"
"僧辩讨河东王","2","0","2"
"助左卫将军徐","1","1","2"
"军徐文盛东讨","2","0","2"
"徐文盛东讨侯","2","0","2"
"文盛东讨侯景","2","0","2"
"仪同叱罗子通","1","1","2"
"湘州刺史赵威","1","1","2"
"州刺史赵威方","1","1","2"
"刺史赵威方等","1","1","2"
"随宋高祖南迁","1","1","2"
"前军鄱阳王参","1","1","2"
"军鄱阳王参军","1","1","2"
"鄱阳王参军事","1","1","2"
"豫章王国左常","1","1","2"
"章王国左常侍","1","1","2"
"南阳高士刘虬","1","1","2"
"西台尚书仪曹","1","1","2"
"台尚书仪曹郎","1","1","2"
"中军表记室参","1","1","2"
"军表记室参军","1","1","2"
"太子中庶子殷","1","1","2"
"国子博士明山","1","1","2"
"子博士明山宾","1","1","2"
"博士明山宾等","1","1","2"
"廷尉卿蔡法度","1","1","2"
"丹阳尹丞臧盾","1","1","2"
"扬州中正张仄","1","1","2"
"仁威南康王限","1","1","2"
"威南康王限内","1","1","2"
"南康王限内记","1","1","2"
"康王限内记室","1","1","2"
"临川王国左常","1","1","2"
"川王国左常侍","1","1","2"
"族兄都官尚书","1","1","2"
"轻车邵陵王参","1","1","2"
"车邵陵王参军","1","1","2"
"邵陵王参军事","1","1","2"
"信威刑狱参军","1","1","2"
"宁远录事参军","1","1","2"
"草堂寺智者法","1","1","2"
"堂寺智者法师","1","1","2"
"同夏县界牛屯","1","1","2"
"夏县界牛屯里","1","1","2"
"惠晋安王府参","1","1","2"
"晋安王府参军","1","1","2"
"尚书主客侍郎","1","1","2"
"轻车湘东府行","1","1","2"
"车湘东府行参","1","1","2"
"湘东府行参军","1","1","2"
"吏部尚书萧子","1","1","2"
"王府法曹行参","1","1","2"
"府法曹行参军","1","1","2"
"外兵记室参军","1","1","2"
"北兗州刺史萧","2","0","2"
"州刺史萧楷德","1","1","2"
"刺史萧楷德政","1","1","2"
"史萧楷德政碑","1","1","2"
"宣城王奉述中","1","1","2"
"城王奉述中庸","1","1","2"
"王奉述中庸颂","1","1","2"
"司徒车骑参军","1","1","2"
"徒车骑参军事","1","1","2"
"镇北记室参军","1","1","2"
"时步兵校尉刘","1","1","2"
"前尚书令王亮","1","1","2"
"庐陵王国侍郎","1","1","2"
"广汉王国右常","1","1","2"
"汉王国右常侍","1","1","2"
"后军骑兵参军","1","1","2"
"军骑兵参军事","1","1","2"
"抚军记室参军","1","1","2"
"一百四十五卷","1","1","2"
"晋安王国侍郎","1","1","2"
"湘东王府行参","1","1","2"
"东王府行参军","1","1","2"
"晋骠骑将军谯","1","1","2"
"骠骑将军谯烈","1","1","2"
"骑将军谯烈王","1","1","2"
"师事沛国刘","2","0","2"
"事沛国刘献","2","0","2"
"安成太妃陈氏","1","1","2"
"贺彦先称慈母","1","1","2"
"晋骠骑将军忠","1","1","2"
"骠骑将军忠贞","1","1","2"
"骑将军忠贞公","1","1","2"
"齐豫章王国侍","1","1","2"
"豫章王国侍郎","1","1","2"
"安成王功曹参","1","1","2"
"成王功曹参军","1","1","2"
"擢员外散骑侍","2","0","2"
"公羊谷梁文句","1","1","2"
"羊谷梁文句义","1","1","2"
"历官国子助教","2","0","2"
"信武桂阳嗣王","1","1","2"
"武桂阳嗣王长","1","1","2"
"桂阳嗣王长史","1","1","2"
"时中书舍人贺","1","1","2"
"长沙嗣王侍郎","1","1","2"
"云麾庐江公记","1","1","2"
"麾庐江公记室","1","1","2"
"庐江公记室参","1","1","2"
"江公记室参军","1","1","2"
"青州刺史皇象","1","1","2"
"后军法曹参军","1","1","2"
"散骑省优策文","1","1","2"
"迁大司马行参","1","1","2"
"大司马行参军","1","1","2"
"车骑录事参军","1","1","2"
"中军将军临川","1","1","2"
"军将军临川王","1","1","2"
"尚书库部侍郎","1","1","2"
"尚书殿中侍郎","1","1","2"
"散骑常侍黔娄","1","1","2"
"宣毅晋安王长","1","1","2"
"毅晋安王长史","1","1","2"
"晋安王国常侍","1","1","2"
"王宣惠府行参","1","1","2"
"宣惠府行参军","1","1","2"
"东宫通事舍人","1","1","2"
"中录事谘议参","1","1","2"
"录事谘议参军","1","1","2"
"征虏晋安王记","1","1","2"
"虏晋安王记室","1","1","2"
"安西湘东王记","1","1","2"
"西湘东王记室","1","1","2"
"镇南湘东王中","1","1","2"
"南湘东王中录","1","1","2"
"湘东王中录事","1","1","2"
"中卫建安王水","1","1","2"
"卫建安王水曹","1","1","2"
"建安王水曹行","1","1","2"
"安王水曹行参","1","1","2"
"王水曹行参军","1","1","2"
"安成王参军事","1","1","2"
"仁威庐陵王记","1","1","2"
"威庐陵王记室","1","1","2"
"南平王大司马","1","1","2"
"平王大司马府","1","1","2"
"王大司马府记","1","1","2"
"大司马府记室","1","1","2"
"安成王国侍郎","1","1","2"
"左卫率周舍奉","1","1","2"
"建安王伟扬州","2","0","2"
"中军临川王参","1","1","2"
"吴中石佛寺建","1","1","2"
"若邪山云门寺","1","1","2"
"命记室参军钟","1","1","2"
"记室参军钟嵘","1","1","2"
"开善寺藏法师","1","1","2"
"寺内立明珠柱","1","1","2"
"鄱阳忠烈王妃","1","1","2"
"身长七尺四寸","1","1","2"
"南郡王左常侍","1","1","2"
"吴兴太守柳恽","1","1","2"
"佛经二千余卷","1","1","2"
"县令管慧辨上","1","1","2"
"本州刺史张稷","1","1","2"
"平西府记室参","1","1","2"
"镇西府记室参","1","1","2"
"山阴人吕文度","1","1","2"
"桂阳王国侍郎","1","1","2"
"北中郎镇西行","1","1","2"
"中郎镇西行参","1","1","2"
"郎镇西行参军","1","1","2"
"太尉记室参军","1","1","2"
"齐司徒法曹行","1","1","2"
"中尉骠骑记室","1","1","2"
"尉骠骑记室参","1","1","2"
"骠骑功曹参军","1","1","2"
"齐尚书右丞殷","1","1","2"
"湖熟县方山埭","1","1","2"
"熟县方山埭高","1","1","2"
"宋晋熙王国侍","1","1","2"
"晋熙王国侍郎","1","1","2"
"时太子左卫率","1","1","2"
"太子左卫率沈","1","1","2"
"子左卫率沈约","1","1","2"
"故旧钱二十余","1","1","2"
"旧钱二十余万","1","1","2"
"中散大夫范述","1","1","2"
"散大夫范述曾","1","1","2"
"会稽太守王敬","1","1","2"
"行郢州州府事","1","1","2"
"尚书具事杂仪","1","1","2"
"建平二郡太守","1","1","2"
"抚军中兵参军","1","1","2"
"卫军记室参军","1","1","2"
"等一百五十四","1","1","2"
"一百五十四人","1","1","2"
"时始兴内史何","1","1","2"
"始兴内史何远","1","1","2"
"兴内史何远累","1","1","2"
"年十二月二十","1","1","2"
"十二月二十一","1","1","2"
"二月二十一日","1","1","2"
"尚书右仆射徐","1","1","2"
"书右仆射徐勉","1","1","2"
"江夏王国侍郎","1","1","2"
"征西谘议参军","1","1","2"
"伏波将军路博","1","1","2"
"波将军路博德","1","1","2"
"将军路博德开","1","1","2"
"伏波将军马援","1","1","2"
"波将军马援开","1","1","2"
"晋成帝咸康三","1","1","2"
"成帝咸康三年","1","1","2"
"日南西卷县夷","1","1","2"
"南西卷县夷帅","1","1","2"
"西卷县夷帅范","1","1","2"
"卷县夷帅范稚","1","1","2"
"时交州刺史姜","1","1","2"
"交州刺史姜庄","1","1","2"
"征西将军桓温","1","1","2"
"九真太守灌邃","1","1","2"
"安帝隆安三年","1","1","2"
"须达复寇日南","2","0","2"
"交趾太守杜瑗","1","1","2"
"都护邓逸等击","1","1","2"
"行郡事杜慧期","1","1","2"
"大臣范诸农平","1","1","2"
"交州刺史杜弘","1","1","2"
"州刺史杜弘文","1","1","2"
"交州刺史阮弥","1","1","2"
"振武将军宗悫","1","1","2"
"遣司马萧景宪","1","1","2"
"黄金数十万斤","1","1","2"
"林邑王范神成","1","1","2"
"明帝泰豫元年","1","1","2"
"林邑王范天凯","1","1","2"
"累遣使献方物","2","0","2"
"子弼毳跋摩立","1","1","2"
"林邑王高式律","1","1","2"
"跋摩遣使贡献","2","0","2"
"西南三千余里","1","1","2"
"穆帝升平元年","1","1","2"
"后西河离石县","1","1","2"
"高祖问大僧正","1","1","2"
"祖问大僧正慧","1","1","2"
"问大僧正慧念","1","1","2"
"四年九月十五","1","1","2"
"年九月十五日","1","1","2"
"一年十一月二","1","1","2"
"年十一月二日","1","1","2"
"光宅寺释敬脱","1","1","2"
"宅寺释敬脱等","1","1","2"
"寺释敬脱等四","1","1","2"
"捕鱼人张系世","1","1","2"
"交州合浦人董","1","1","2"
"州合浦人董宗","1","1","2"
"寺侧数百家宅","1","1","2"
"侧数百家宅地","1","1","2"
"瑞像周回阁等","1","1","2"
"浮提震旦天子","1","1","2"
"常胜天子足下","1","1","2"
"中大通元年五","1","1","2"
"大通元年五月","1","1","2"
"送菩提国真舍","1","1","2"
"菩提国真舍利","1","1","2"
"四月八日梦见","1","1","2"
"月八日梦见一","1","1","2"
"常胜天子陛下","1","1","2"
"大梁扬都天子","1","1","2"
"南北二十日行","2","0","2"
"广州二万四千","1","1","2"
"州二万四千里","1","1","2"
"子婆伽达多立","1","1","2"
"大梁扬都圣王","1","1","2"
"大月支东南数","1","1","2"
"月支东南数千","1","1","2"
"支东南数千里","1","1","2"
"汉桓帝延熹九","1","1","2"
"桓帝延熹九年","1","1","2"
"孙权黄武五年","1","1","2"
"大秦贾人字秦","1","1","2"
"秦贾人字秦论","1","1","2"
"交趾太守吴邈","1","1","2"
"会稽刘咸送论","1","1","2"
"桓帝延熹二年","1","1","2"
"遣长史竺罗达","1","1","2"
"奉献琉璃唾壶","1","1","2"
"像高四尺二寸","1","1","2"
"王伽叶伽罗诃","1","1","2"
"伽叶伽罗诃梨","1","1","2"
"叶伽罗诃梨邪","1","1","2"
"玄菟太守蔡风","1","1","2"
"灵帝建宁二年","1","1","2"
"玄菟太守耿临","1","1","2"
"遣太傅司马宣","1","1","2"
"太傅司马宣王","1","1","2"
"傅司马宣王率","1","1","2"
"幽州刺史母丘","1","1","2"
"州刺史母丘俭","1","1","2"
"句骊王乙弗利","1","1","2"
"骊王乙弗利频","1","1","2"
"康帝建元元年","1","1","2"
"高骊王乐浪郡","1","1","2"
"骊王乐浪郡公","1","1","2"
"平二州诸军事","1","1","2"
"行都督百济诸","1","1","2"
"百济东南五千","1","1","2"
"济东南五千余","1","1","2"
"东南五千余里","1","1","2"
"河西王沮渠茂","1","1","2"
"西王沮渠茂虔","1","1","2"
"都督秦州诸军","1","1","2"
"督秦州诸军事","1","1","2"
"金城郡开国公","1","1","2"
"著长身小袖袍","2","0","2"
"王姓支名史稽","1","1","2"
"姓支名史稽毅","1","1","2"
"击虏莎车王贤","1","1","2"
"献波罗婆步鄣","1","1","2"
"牛马骆驼羊等","1","1","2"
"凉二州诸军事","1","1","2"
"督西凉州诸军","1","1","2"
"西凉州诸军事","1","1","2"
"仇池公杨灵珍","1","1","2"
"督陇右诸军事","1","1","2"
"山东南三千余","1","1","2"
"东南三千余里","1","1","2"
"海南东夷西北","1","1","2"
"南东夷西北戎","1","1","2"
"曲阿齐明帝陵","1","1","2"
"梁等十三州诸","1","1","2"
"等十三州诸军","1","1","2"
"十三州诸军事","1","1","2"
"绍宗梁位唯武","1","1","2"
"宗梁位唯武王","1","1","2"
"潼二郡太守永","1","1","2"
"直兵参军徐怦","1","1","2"
"桓玄年号大亨","1","1","2"
"太清五年夏四","1","1","2"
"清五年夏四月","1","1","2"
"南梁州刺史谯","1","1","2"
"梁州刺史谯淹","1","1","2"
"命护军将军陆","1","1","2"
"宣猛将军刘棻","1","1","2"
"光州刺史郑安","1","1","2"
"州刺史郑安忠","1","1","2"
"度支尚书乐奉","1","1","2"
"支尚书乐奉业","1","1","2"
"硖口城主公孙","1","1","2"
"口城主公孙晃","1","1","2"
"雍州刺史张纘","1","1","2"
"州刺史张纘密","1","1","2"
"刺史张纘密报","1","1","2"
"史张纘密报世","1","1","2"
"张纘密报世祖","1","1","2"
"令信州刺史鲍","1","1","2"
"信州刺史鲍泉","1","1","2"
"军王僧辩代鲍","1","1","2"
"王僧辩代鲍泉","1","1","2"
"柔玄镇兵吐斤","1","1","2"
"玄镇兵吐斤洛","1","1","2"
"镇兵吐斤洛周","1","1","2"
"怀朔镇将葛荣","1","1","2"
"攻杀吐斤洛周","1","1","2"
"天柱将军硃荣","2","0","2"
"豫州刺史高成","1","1","2"
"广州刺史郎椿","1","1","2"
"襄州刺史李密","1","1","2"
"兗州刺史邢子","1","1","2"
"州刺史邢子才","1","1","2"
"南兗州刺史石","1","1","2"
"兗州刺史石长","1","1","2"
"州刺史石长宣","1","1","2"
"齐州刺史许季","1","1","2"
"州刺史许季良","1","1","2"
"东豫州刺史丘","1","1","2"
"豫州刺史丘元","1","1","2"
"州刺史丘元征","1","1","2"
"洛州刺史硃浑","1","1","2"
"州刺史硃浑愿","1","1","2"
"扬州刺史乐恂","1","1","2"
"北荆州刺史梅","1","1","2"
"荆州刺史梅季","1","1","2"
"州刺史梅季昌","1","1","2"
"北扬州刺史元","1","1","2"
"扬州刺史元神","1","1","2"
"督河南南北诸","1","1","2"
"河南南北诸军","1","1","2"
"南南北诸军事","1","1","2"
"长史邓鸿率兵","1","1","2"
"行台左丞王伟","1","1","2"
"遣慕容绍宗追","1","1","2"
"直散骑常侍裴","1","1","2"
"令开府仪同三","1","1","2"
"助防董绍先开","1","1","2"
"防董绍先开城","1","1","2"
"遣太子家令王","1","1","2"
"太子家令王质","1","1","2"
"子家令王质率","1","1","2"
"家令王质率兵","1","1","2"
"令王质率兵三","1","1","2"
"王质率兵三千","1","1","2"
"太守文成侯宁","2","0","2"
"扬州刺史宣城","1","1","2"
"州刺史宣城王","1","1","2"
"都官尚书羊侃","1","1","2"
"建康令庾信率","1","1","2"
"康令庾信率兵","1","1","2"
"令庾信率兵千","1","1","2"
"庾信率兵千余","1","1","2"
"信率兵千余人","1","1","2"
"景遣仪同子悦","2","0","2"
"持火炬烧大司","1","1","2"
"火炬烧大司马","1","1","2"
"局监周石珍等","1","1","2"
"仪同卢晖略率","1","1","2"
"材官将军宋嶷","1","1","2"
"刺史羊鸦仁率","1","1","2"
"史羊鸦仁率兵","1","1","2"
"景遣仪同宋子","2","0","2"
"左丞王伟入城","1","1","2"
"侍中上甲乡侯","1","1","2"
"左卫将军柳津","1","1","2"
"史南康嗣王会","2","0","2"
"尚书外兵郎鲍","1","1","2"
"书外兵郎鲍正","1","1","2"
"董绍先率兵袭","1","1","2"
"州刺史定襄侯","1","1","2"
"前潼州刺史郭","1","1","2"
"潼州刺史郭凤","1","1","2"
"州刺史郭凤同","1","1","2"
"高祖问制局监","1","1","2"
"祖问制局监周","1","1","2"
"问制局监周石","1","1","2"
"宣城内史杨华","1","1","2"
"仪同宋子仙等","1","1","2"
"同宋子仙等率","1","1","2"
"景遣中军侯子","2","0","2"
"中军侯子鉴入","1","1","2"
"军侯子鉴入吴","1","1","2"
"侯子鉴入吴军","1","1","2"
"吴兴太守张嵊","1","1","2"
"总江北诸军事","1","1","2"
"前淮南太守文","1","1","2"
"监行台刘神茂","1","1","2"
"行台刘神茂等","1","1","2"
"太守张嵊父子","1","1","2"
"刘神茂进攻会","1","1","2"
"神茂进攻会稽","1","1","2"
"大宝元年正月","1","1","2"
"加班剑四十人","1","1","2"
"前太子舍人萧","1","1","2"
"太子舍人萧勔","1","1","2"
"遣卫军将军徐","1","1","2"
"卫军将军徐文","1","1","2"
"军将军徐文盛","1","1","2"
"将军徐文盛率","1","1","2"
"封泰山等二十","1","1","2"
"泰山等二十郡","1","1","2"
"景行台郭元建","1","1","2"
"行台郭元建率","1","1","2"
"台郭元建率兵","1","1","2"
"州司马成钦等","1","1","2"
"州刺史萧邕谋","1","1","2"
"遣巴州刺史王","1","1","2"
"徐文盛率水军","1","1","2"
"王僧辩率众东","2","0","2"
"僧辩率众东下","2","0","2"
"追尊昭明太子","1","1","2"
"豫章国太妃王","1","1","2"
"章国太妃王氏","1","1","2"
"景司空东道行","1","1","2"
"司空东道行台","1","1","2"
"空东道行台刘","1","1","2"
"东道行台刘神","1","1","2"
"道行台刘神茂","1","1","2"
"云麾将军桑乾","1","1","2"
"麾将军桑乾王","1","1","2"
"将军桑乾王元","1","1","2"
"军桑乾王元頵","1","1","2"
"桑乾王元頵等","1","1","2"
"新安太守元义","1","1","2"
"永嘉太守秦远","1","1","2"
"州刺史侯子鉴","1","1","2"
"刺史侯子鉴献","1","1","2"
"遣郭元建率步","1","1","2"
"步骑万余人渡","1","1","2"
"骑万余人渡洲","1","1","2"
"卢晖略守石头","1","1","2"
"纥奚斤守捍国","1","1","2"
"奚斤守捍国城","1","1","2"
"范希荣等百余","1","1","2"
"希荣等百余骑","1","1","2"
"遣侯瑱率军追","1","1","2"
"青丝白马寿阳","1","1","2"
"丹阳陶弘景隐","1","1","2"
"吴郡太守蔡夤","1","1","2"
"郡太守蔡夤弃","1","1","2"
"太守蔡夤弃郡","1","1","2"
"尚书令汝南县","1","1","2"
"书令汝南县开","1","1","2"
"令汝南县开国","1","1","2"
"汝南县开国侯","1","1","2"
"中书令新吴县","1","1","2"
"书令新吴县开","1","1","2"
"令新吴县开国","1","1","2"
"新吴县开国侯","1","1","2"
"吏部尚书沈约","1","1","2"
"宕昌王梁弥邕","1","1","2"
"夏侯详右光禄","2","0","2"
"侯详右光禄大","2","0","2"
"详右光禄大夫","2","0","2"
"前益州刺史刘","1","1","2"
"西凉州刺史象","1","1","2"
"凉州刺史象舒","1","1","2"
"州刺史象舒彭","1","1","2"
"刺史象舒彭进","1","1","2"
"国子祭酒张稷","1","1","2"
"护军将军张稷","1","1","2"
"前将军鄱阳王","1","1","2"
"尚书删定郎蔡","1","1","2"
"书删定郎蔡法","1","1","2"
"删定郎蔡法度","1","1","2"
"书右仆射王莹","1","1","2"
"前尚书左仆射","1","1","2"
"前郢州刺史曹","1","1","2"
"宕昌王梁弥博","1","1","2"
"都官尚书张稷","1","1","2"
"镇军将军沈约","1","1","2"
"太子左卫率张","1","1","2"
"子左卫率张惠","1","1","2"
"左卫率张惠绍","1","1","2"
"左右游击将军","1","1","2"
"右游击将军官","1","1","2"
"史临川王宏骠","2","0","2"
"临川王宏骠骑","2","0","2"
"川王宏骠骑将","2","0","2"
"王宏骠骑将军","2","0","2"
"抚军将军建安","1","1","2"
"军将军建安王","1","1","2"
"将军建安王伟","2","0","2"
"右光禄大夫沈","1","1","2"
"湘州刺史夏侯","1","1","2"
"州刺史夏侯详","1","1","2"
"紫光禄大夫柳","1","1","2"
"右光禄大夫夏","1","1","2"
"尚书左仆射夏","1","1","2"
"书左仆射夏侯","1","1","2"
"左仆射夏侯详","1","1","2"
"子詹事王茂进","1","1","2"
"军将军曹景宗","1","1","2"
"车骑大将军高","1","1","2"
"骑大将军高丽","1","1","2"
"大将军高丽王","1","1","2"
"军高丽王高云","1","1","2"
"州刺史吕僧珍","1","1","2"
"中护军长沙王","1","1","2"
"雍州刺史柳庆","1","1","2"
"州刺史柳庆远","1","1","2"
"中卫将军曹景","1","1","2"
"史鄱阳王恢进","2","0","2"
"鄱阳王恢进号","2","0","2"
"吴兴太守张稷","1","1","2"
"行中抚将军建","1","1","2"
"中抚将军建安","1","1","2"
"抚将军建安王","1","1","2"
"尚书左仆射张","1","1","2"
"书左仆射张稷","1","1","2"
"轻车将军南康","1","1","2"
"车将军南康王","1","1","2"
"太子詹事柳庆","1","1","2"
"子詹事柳庆远","1","1","2"
"加左光禄大夫","2","0","2"
"骠骑将军王茂","1","1","2"
"云麾将军王莹","1","1","2"
"麾将军王莹进","1","1","2"
"冀二州刺史张","1","1","2"
"二州刺史张稷","1","1","2"
"州刺史张稷进","1","1","2"
"济阳二郡野蚕","1","1","2"
"湘州刺史王珍","1","1","2"
"尚书令王莹进","1","1","2"
"荆州刺史晋安","1","1","2"
"仪同三司王莹","1","1","2"
"郢州刺史安成","1","1","2"
"雍州刺史安成","1","1","2"
"益州刺史鄱阳","1","1","2"
"国子祭酒蔡撙","1","1","2"
"尚书左仆射袁","1","1","2"
"书左仆射袁昂","1","1","2"
"王暕尚书左仆","2","0","2"
"暕尚书左仆射","2","0","2"
"太子詹事徐勉","1","1","2"
"宣惠将军长沙","1","1","2"
"惠将军长沙王","1","1","2"
"年春正月甲戌","1","1","2"
"始平郡中石鼓","1","1","2"
"平郡中石鼓村","1","1","2"
"三年春正月庚","1","1","2"
"年春正月庚子","1","1","2"
"书左仆射王份","1","1","2"
"中卫将军袁昂","1","1","2"
"云麾将军南康","1","1","2"
"麾将军南康王","1","1","2"
"武勇将军李国","1","1","2"
"勇将军李国兴","1","1","2"
"将军李国兴攻","1","1","2"
"信威长史杨法","1","1","2"
"安北将军羊侃","1","1","2"
"前太子詹事萧","1","1","2"
"子詹事萧渊猷","1","1","2"
"书仆射徐勉加","1","1","2"
"五兵尚书谢举","1","1","2"
"吏部尚书何敬","1","1","2"
"部尚书何敬容","1","1","2"
"安右将军元景","1","1","2"
"右将军元景隆","1","1","2"
"云麾将军羊侃","1","1","2"
"太子詹事南平","1","1","2"
"子詹事南平王","1","1","2"
"詹事南平王世","1","1","2"
"事南平王世子","1","1","2"
"雍州刺史庐陵","1","1","2"
"宣城王大器中","2","0","2"
"城王大器中军","2","0","2"
"尚书右仆射何","1","1","2"
"书右仆射何敬","1","1","2"
"右仆射何敬容","1","1","2"
"吏部尚书谢举","1","1","2"
"子祭酒萧子显","1","1","2"
"南梁州刺史武","1","1","2"
"梁州刺史武兴","1","1","2"
"右光禄大夫徐","1","1","2"
"光禄大夫徐勉","1","1","2"
"年春正月甲辰","1","1","2"
"尚书左仆射何","1","1","2"
"书左仆射何敬","1","1","2"
"左仆射何敬容","1","1","2"
"护军将军萧渊","1","1","2"
"军将军萧渊藻","1","1","2"
"尚书右仆射谢","1","1","2"
"书右仆射谢举","1","1","2"
"安南将军庐陵","1","1","2"
"南将军庐陵王","1","1","2"
"城二郡太守河","1","1","2"
"二郡太守河东","1","1","2"
"郡太守河东王","1","1","2"
"四年春正月庚","1","1","2"
"年春正月庚辰","1","1","2"
"中军将军宣城","1","1","2"
"军将军宣城王","1","1","2"
"将军宣城王大","1","1","2"
"军宣城王大器","1","1","2"
"冬十二月丁亥","1","1","2"
"国子助教皇侃","1","1","2"
"五年春正月乙","1","1","2"
"年春正月乙卯","1","1","2"
"护军将军庐陵","1","1","2"
"军将军庐陵王","1","1","2"
"尚书左仆射萧","1","1","2"
"书左仆射萧渊","1","1","2"
"左仆射萧渊藻","1","1","2"
"冀二州刺史元","1","1","2"
"二州刺史元罗","1","1","2"
"紫光禄大夫臧","1","1","2"
"光禄大夫臧盾","1","1","2"
"冬十一月辛丑","1","1","2"
"前东扬州刺史","1","1","2"
"东扬州刺史岳","1","1","2"
"扬州刺史岳阳","1","1","2"
"太清元年正月","1","1","2"
"清元年正月壬","1","1","2"
"元年正月壬寅","1","1","2"
"前雍州刺史鄱","1","1","2"
"雍州刺史鄱阳","1","1","2"
"前征北将军鄱","1","1","2"
"征北将军鄱阳","1","1","2"
"南豫州刺史鄱","1","1","2"
"豫州刺史鄱阳","1","1","2"
"南徐州刺史邵","1","1","2"
"徐州刺史邵陵","1","1","2"
"仪同三司萧渊","1","1","2"
"同三司萧渊藻","1","1","2"
"前湘州刺史张","1","1","2"
"湘州刺史张缵","1","1","2"
"左光禄大夫元","1","1","2"
"光禄大夫元罗","1","1","2"
"南梁三州诸军","1","1","2"
"梁三州诸军事","1","1","2"
"司空南康嗣王","1","1","2"
"空南康嗣王会","1","1","2"
"监七年八月丁","1","1","2"
"七年八月丁巳","1","1","2"
"前郢州刺史南","1","1","2"
"中抚军将军世","1","1","2"
"抚军将军世子","1","1","2"
"军将军世子方","1","1","2"
"将军世子方诸","1","1","2"
"尚书令王僧辩","1","1","2"
"江州刺史王僧","1","1","2"
"仪同三司萧循","1","1","2"
"湘州刺史萧循","1","1","2"
"州刺史萧循击","1","1","2"
"刺史萧循击破","1","1","2"
"晋陵太守杜僧","1","1","2"
"陵太守杜僧明","1","1","2"
"太守杜僧明率","1","1","2"
"守杜僧明率众","1","1","2"
"左仆射王褒都","1","1","2"
"仆射王褒都督","1","1","2"
"射王褒都督城","1","1","2"
"王褒都督城西","1","1","2"
"褒都督城西城","1","1","2"
"都督城西城南","1","1","2"
"督城西城南诸","1","1","2"
"城西城南诸军","1","1","2"
"西城南诸军事","1","1","2"
"直殿省元景亮","1","1","2"
"一百一十五卷","1","1","2"
"镇南将军王琳","1","1","2"
"秦二州刺史徐","1","1","2"
"二州刺史徐嗣","1","1","2"
"号征北大将军","1","1","2"
"南豫州刺史任","1","1","2"
"豫州刺史任约","1","1","2"
"遣晋陵太守周","1","1","2"
"晋陵太守周文","1","1","2"
"陵太守周文育","1","1","2"
"太守周文育率","1","1","2"
"守周文育率军","1","1","2"
"进新除司徒陈","1","1","2"
"新除司徒陈霸","1","1","2"
"除司徒陈霸先","1","1","2"
"仪同三司王琳","1","1","2"
"书右仆射王通","1","1","2"
"永兴公主玉姚","1","1","2"
"永世公主玉婉","1","1","2"
"齐昌二郡太守","1","1","2"
"北秦四州诸军","1","1","2"
"秦四州诸军事","1","1","2"
"都督行留诸军","1","1","2"
"督行留诸军事","1","1","2"
"梁州刺史范柏","1","1","2"
"州刺史范柏年","1","1","2"
"齐邵陵王国常","1","1","2"
"邵陵王国常侍","1","1","2"
"西中郎江夏王","1","1","2"
"中郎江夏王行","1","1","2"
"郎江夏王行参","1","1","2"
"江夏王行参军","1","1","2"
"家南康王行参","1","1","2"
"南康王行参军","1","1","2"
"改授尚书左仆","1","1","2"
"江阳人程延期","1","1","2"
"阳人程延期反","1","1","2"
"都督淮南诸军","1","1","2"
"督淮南诸军事","1","1","2"
"安西始兴王长","1","1","2"
"张皇后生长沙","1","1","2"
"皇后生长沙宣","1","1","2"
"后生长沙宣武","1","1","2"
"李太妃生桂阳","1","1","2"
"太妃生桂阳简","1","1","2"
"妃生桂阳简王","1","1","2"
"陈太妃生临川","1","1","2"
"太妃生临川靖","1","1","2"
"妃生临川靖惠","1","1","2"
"生临川靖惠王","1","1","2"
"费太妃生鄱阳","1","1","2"
"太妃生鄱阳忠","1","1","2"
"妃生鄱阳忠烈","1","1","2"
"生鄱阳忠烈王","1","1","2"
"北秦州九州诸","1","1","2"
"秦州九州诸军","1","1","2"
"州九州诸军事","1","1","2"
"督齐安等十一","1","1","2"
"齐安等十一郡","1","1","2"
"安等十一郡事","1","1","2"
"北秦五州诸军","1","1","2"
"秦五州诸军事","1","1","2"
"沙六州诸军事","1","1","2"
"北秦七州诸军","1","1","2"
"秦七州诸军事","1","1","2"
"清河二郡太守","1","1","2"
"宁二州诸军事","1","1","2"
"车骑临海王记","1","1","2"
"骑临海王记室","1","1","2"
"临海王记室参","1","1","2"
"海王记室参军","1","1","2"
"孝经丧礼服义","1","1","2"
"南彭城琅邪太","1","1","2"
"彭城琅邪太守","1","1","2"
"华九州诸军事","1","1","2"
"正德受诏北讨","1","1","2"
"冠军安成王行","1","1","2"
"军安成王行参","1","1","2"
"安成王行参军","1","1","2"
"王俭镇军府功","1","1","2"
"俭镇军府功曹","1","1","2"
"镇军府功曹史","1","1","2"
"安南鄱阳王长","1","1","2"
"南鄱阳王长史","1","1","2"
"卫军武陵王长","1","1","2"
"军武陵王长史","1","1","2"
"后军临川王参","1","1","2"
"率数百人随邵","1","1","2"
"数百人随邵陵","1","1","2"
"百人随邵陵王","1","1","2"
"人随邵陵王赴","1","1","2"
"随邵陵王赴援","1","1","2"
"成景俊率诸军","1","1","2"
"景俊率诸军应","1","1","2"
"俊率诸军应接","1","1","2"
"安西将军元树","1","1","2"
"右仆射硃世隆","2","0","2"
"西荆州刺史王","1","1","2"
"荆州刺史王罴","1","1","2"
"州刺史王罴骑","1","1","2"
"敕遣湘潭侯退","1","1","2"
"右卫夏侯夔等","1","1","2"
"襄城太守高宣","1","1","2"
"改封曲江县公","1","1","2"
"大司马豫章王","1","1","2"
"司马豫章王行","1","1","2"
"马豫章王行参","1","1","2"
"临川王后军记","1","1","2"
"川王后军记室","1","1","2"
"王后军记室参","1","1","2"
"仁威南康王长","1","1","2"
"威南康王长史","1","1","2"
"城王记室参军","1","1","2"
"辅国谘议参军","1","1","2"
"历官太子家令","1","1","2"
"中郎庐陵王谘","1","1","2"
"郎庐陵王谘议","1","1","2"
"安西武陵王谘","1","1","2"
"西武陵王谘议","1","1","2"
"宋尚书水部郎","1","1","2"
"惠晋安王府长","1","1","2"
"行荆州府州事","1","1","2"
"敕专行南徐州","1","1","2"
"专行南徐州事","1","1","2"
"岳阳王府谘议","1","1","2"
"征北记室参军","1","1","2"
"中郎南康王长","1","1","2"
"郎南康王长史","1","1","2"
"改授镇北豫章","1","1","2"
"授镇北豫章王","1","1","2"
"镇北豫章王长","1","1","2"
"北豫章王长史","1","1","2"
"中军宣城王长","1","1","2"
"军宣城王长史","1","1","2"
"侃劝元帅贞阳","1","1","2"
"劝元帅贞阳侯","1","1","2"
"元帅贞阳侯乘","1","1","2"
"帅贞阳侯乘水","1","1","2"
"贞阳侯乘水攻","1","1","2"
"阳侯乘水攻彭","1","1","2"
"侯乘水攻彭城","1","1","2"
"大司农高密敬","1","1","2"
"司农高密敬王","1","1","2"
"宣毅南康王长","1","1","2"
"毅南康王长史","1","1","2"
"宣远岳阳王长","1","1","2"
"远岳阳王长史","1","1","2"
"云麾邵陵王长","1","1","2"
"麾邵陵王长史","1","1","2"
"后军豫章王行","1","1","2"
"军豫章王行参","1","1","2"
"骠骑大将军仪","1","1","2"
"骑大将军仪同","1","1","2"
"大将军仪同中","1","1","2"
"将军仪同中记","1","1","2"
"军仪同中记室","1","1","2"
"皇太子召诸儒","1","1","2"
"督定州诸军事","1","1","2"
"都督南豫州诸","1","1","2"
"平西湘东王谘","1","1","2"
"都督瓜州诸军","1","1","2"
"督瓜州诸军事","1","1","2"
"河西郡开国公","1","1","2"
"匈奴立龟兹贵","1","1","2"
"奴立龟兹贵人","1","1","2"
"立龟兹贵人身","1","1","2"
"龟兹贵人身毒","1","1","2"
"雍二州诸军事","1","1","2"
"西阳太守羊思","1","1","2"
"阳太守羊思建","1","1","2"
"大春守石头城","1","1","2"
"轻车长史谢禧","1","1","2"
"车长史谢禧守","1","1","2"
"长史谢禧守白","1","1","2"
"史谢禧守白下","1","1","2"
"南陵太守陈文","1","1","2"
"陵太守陈文彻","1","1","2"
"宣猛将军李孝","1","1","2"
"猛将军李孝钦","1","1","2"
"将军李孝钦等","1","1","2"
"张大黑率兵入","1","1","2"
"大黑率兵入吴","1","1","2"
"吴郡太守袁君","1","1","2"
"郡太守袁君正","1","1","2"
"吕季略守台城","1","1","2"
"宋长贵守延祚","1","1","2"
"长贵守延祚寺","1","1","2"
"都督雍梁南北","1","1","2"
"督雍梁南北秦","1","1","2"
"雍梁南北秦四","1","1","2"
"梁南北秦四州","1","1","2"
"萧颖达等进军","1","1","2"
"颖达等进军逼","1","1","2"
"王妃王子王女","1","1","2"
"遣越州刺史陈","1","1","2"
"越州刺史陈侯","1","1","2"
"长宁县侯王僧","1","1","2"
"宁县侯王僧辩","1","1","2"
"县侯王僧辩等","1","1","2"
"义兴太守韦载","1","1","2"
"越四州诸军事","1","1","2"
"桂三州诸军事","1","1","2"
"监六年五月二","1","1","2"
"五月二十日上","1","1","2"
"一百三十三卷","1","1","2"
"五百四十五条","1","1","2"
"普通五年春二","1","1","2"
"通五年春二月","1","1","2"
"五年春二月丁","1","1","2"
"年春二月丁丑","1","1","2"
"紫光禄大夫孔","1","1","2"
"光禄大夫孔休","1","1","2"
"成州刺史王怀","1","1","2"
"州刺史王怀明","1","1","2"
"刺史王怀明等","1","1","2"
"楚四州诸军事","1","1","2"
"古制澡盘一枚","1","1","2"
"彭城安上里人","1","1","2"
"南津校尉江子","1","1","2"
"津校尉江子一","1","1","2"
"东宫直殿主帅","1","1","2"
"新五州诸军事","1","1","2"
"南徐州行事江","1","1","2"
"徐州行事江祀","1","1","2"
"豫章内史丘仲","1","1","2"
"章内史丘仲孚","1","1","2"
"东北七千余里","1","1","2"
"文身国东五千","1","1","2"
"身国东五千余","1","1","2"
"国东五千余里","1","1","2"
"宋长贵等率兵","1","1","2"
"长贵等率兵二","1","1","2"
"贵等率兵二千","1","1","2"
"前太子舍人羊","1","1","2"
"太子舍人羊鲲","1","1","2"
"不能与此相比","0","2","2"
"斟酌事宜不拘","0","2","2"
"酌事宜不拘陈","0","2","2"
"事宜不拘陈规","0","2","2"
"直到夜晚仍怀","0","2","2"
"到夜晚仍怀忧","0","2","2"
"夜晚仍怀忧惧","0","2","2"
"相沿而成的弊","0","2","2"
"不能忍受极度","0","2","2"
"能忍受极度的","0","2","2"
"心怀恐惧的老","0","2","2"
"怀恐惧的老百","0","2","2"
"恐惧的老百姓","0","2","2"
"刑具盖没了耳","0","2","2"
"具盖没了耳朵","0","2","2"
"所赞助的人是","0","2","2"
"从最初开创的","0","2","2"
"最初开创的时","0","2","2"
"初开创的时代","0","2","2"
"开创的时代起","0","2","2"
"应该增加礼仪","0","2","2"
"筹划治理国家","0","2","2"
"划治理国家大","0","2","2"
"治理国家大事","0","2","2"
"将其首级送给","0","2","2"
"他在墓旁搭盖","0","2","2"
"在墓旁搭盖小","0","2","2"
"墓旁搭盖小屋","0","2","2"
"旁搭盖小屋居","0","2","2"
"搭盖小屋居住","0","2","2"
"如果真的这样","0","2","2"
"统率各路军队","0","2","2"
"忽然丧命殒逝","0","2","2"
"使加恩特赐的","0","2","2"
"特赐的任命更","0","2","2"
"赐的任命更加","0","2","2"
"的任命更加隆","0","2","2"
"任命更加隆重","0","2","2"
"有这样的道理","0","2","2"
"人们都称颂他","0","2","2"
"们都称颂他的","0","2","2"
"纵横天地之间","0","2","2"
"五种势利之交","0","2","2"
"还有什么可说","0","2","2"
"有什么可说的","0","2","2"
"往昔与现在如","0","2","2"
"昔与现在如同","0","2","2"
"与现在如同一","0","2","2"
"现在如同一时","0","2","2"
"人推重就像这","0","2","2"
"城内文武官员","0","2","2"
"涉猎各种书籍","0","2","2"
"对战事的谋划","0","2","2"
"看到这种情景","0","2","2"
"请求代替父亲","0","2","2"
"求代替父亲去","0","2","2"
"守丧期满之后","0","2","2"
"就是人们所说","0","2","2"
"都在草创之中","0","2","2"
"能言善辩之才","0","2","2"
"突然生成的东","0","2","2"
"然生成的东西","0","2","2"
"范缜穿着黑色","0","2","2"
"缜穿着黑色丧","0","2","2"
"穿着黑色丧服","0","2","2"
"当时人们认为","0","2","2"
"时人们认为这","0","2","2"
"人们认为这是","0","2","2"
"诗当作一块心","0","2","2"
"当作一块心病","0","2","2"
"为什么一定要","0","2","2"
"没有人能知道","0","2","2"
"魂魄处处可去","0","2","2"
"精神依然存在","0","2","2"
"在我一人身上","0","2","2"
"没有一样不精","0","2","2"
"人都觉得这是","0","2","2"
"不要违背我的","0","2","2"
"坚决拒绝不肯","0","2","2"
"了解百姓的疾","0","2","2"
"解百姓的疾苦","0","2","2"
"于是派出使者","0","2","2"
"担任地方长官","0","2","2"
"在当时首屈一","0","2","2"
"不准担任官职","0","2","2"
"层灰圈就连及","0","2","2"
"灰圈就连及犯","0","2","2"
"圈就连及犯罪","0","2","2"
"就连及犯罪人","0","2","2"
"王居住的房屋","0","2","2"
"呢?这是你的","0","2","2"
"?这是你的第","0","2","2"
"侯景又假传萧","0","2","2"
"景又假传萧栋","0","2","2"
"又假传萧栋的","0","2","2"
"生济阴太守萧","0","2","2"
"竟陵王子良设","0","2","2"
"特别敬重高祖","0","2","2"
"后任太子中庶","0","2","2"
"刘山阳为巴西","0","2","2"
"山阳为巴西太","0","2","2"
"阳为巴西太守","0","2","2"
"挟天子以令诸","0","2","2"
"天子以令诸侯","0","2","2"
"奸恶邪僻之人","0","2","2"
"长江中游一带","0","2","2"
"剖挖孕妇胎儿","0","2","2"
"合部队包围郢","0","2","2"
"部队包围郢城","0","2","2"
"南康王在江陵","0","2","2"
"军主沈难当率","0","2","2"
"主沈难当率领","0","2","2"
"他的儿子虎牙","0","2","2"
"无不以一当百","0","2","2"
"高贵的丝织品","0","2","2"
"吃粗劣的食物","0","2","2"
"粗劣的食物穿","0","2","2"
"劣的食物穿简","0","2","2"
"的食物穿简陋","0","2","2"
"食物穿简陋的","0","2","2"
"为都督中外诸","0","2","2"
"设置左右长史","0","2","2"
"任骠骑大将军","0","2","2"
"骠骑大将军照","0","2","2"
"骑大将军照旧","0","2","2"
"继位的君主昏","0","2","2"
"设置丞相以下","0","2","2"
"高祖坚决推辞","0","2","2"
"讨伐有罪的君","0","2","2"
"伐有罪的君主","0","2","2"
"有罪的君主抚","0","2","2"
"罪的君主抚慰","0","2","2"
"的君主抚慰受","0","2","2"
"君主抚慰受难","0","2","2"
"主抚慰受难的","0","2","2"
"抚慰受难的百","0","2","2"
"慰受难的百姓","0","2","2"
"是多么的遥远","0","2","2"
"金木水火土五","0","2","2"
"乐意拥戴之心","0","2","2"
"取代旧皇朝的","0","2","2"
"让他们重新开","0","2","2"
"他们重新开始","0","2","2"
"新任车骑将军","0","2","2"
"为车骑大将军","0","2","2"
"镇束大将军百","0","2","2"
"束大将军百济","0","2","2"
"号为征束大将","0","2","2"
"为征束大将军","0","2","2"
"号为征西将军","0","2","2"
"任命光禄大夫","0","2","2"
"光禄大夫张瓖","0","2","2"
"号为征南将军","0","2","2"
"是圣明帝王的","0","2","2"
"帝王的美好典","0","2","2"
"据资格和功劳","0","2","2"
"领军将军王茂","0","2","2"
"军将军王茂为","0","2","2"
"利国各自派遣","0","2","2"
"使者进献本地","0","2","2"
"者进献本地物","0","2","2"
"进献本地物产","0","2","2"
"二年春季正月","0","2","2"
"年春季正月甲","0","2","2"
"其意义被强调","0","2","2"
"意义被强调于","0","2","2"
"任命尚书仆射","0","2","2"
"任命新任的左","0","2","2"
"因居母丧离职","0","2","2"
"三年春季正月","0","2","2"
"我亲自操持一","0","2","2"
"亲自操持一样","0","2","2"
"冬季十一月甲","0","2","2"
"季十一月甲子","0","2","2"
"四年春季正月","0","2","2"
"星在白天出现","0","2","2"
"五年春季正月","0","2","2"
"年春季正月丁","0","2","2"
"左仆射王莹为","0","2","2"
"丰县获得一只","0","2","2"
"县获得一只有","0","2","2"
"的先头部队攻","0","2","2"
"六年春季正月","0","2","2"
"任命右卫将军","0","2","2"
"显为吏部尚书","0","2","2"
"号为中权将军","0","2","2"
"州一部分置立","0","2","2"
"茁壮的禾稻一","0","2","2"
"任命左卫将军","0","2","2"
"七年春季正月","0","2","2"
"命护军将军始","0","2","2"
"八年春季正月","0","2","2"
"兴王萧怆为中","0","2","2"
"临川王萧宏为","0","2","2"
"领太子詹事王","0","2","2"
"兴王萧怆为镇","0","2","2"
"沙王渊业为护","0","2","2"
"王渊业为护军","0","2","2"
"渊业为护军将","0","2","2"
"将军晋安王萧","0","2","2"
"军晋安王萧纲","0","2","2"
"皇上到国子学","0","2","2"
"夏季四月丁巳","0","2","2"
"讨伐平定了他","0","2","2"
"冬季十二月癸","0","2","2"
"北魏徐州刺史","0","2","2"
"年春季正月壬","0","2","2"
"掩埋枯骨腐尸","0","2","2"
"兼尚书右仆射","0","2","2"
"鄱阳王芦拯为","0","2","2"
"右仆射袁昂为","0","2","2"
"任命镇南将军","0","2","2"
"地势低下潮湿","0","2","2"
"任命丹阳尹晋","0","2","2"
"命丹阳尹晋安","0","2","2"
"新任的中抚将","0","2","2"
"任的中抚将军","0","2","2"
"王萧伟为左光","0","2","2"
"萧伟为左光禄","0","2","2"
"伟为左光禄大","0","2","2"
"狼牙脩国派遣","0","2","2"
"牙脩国派遣使","0","2","2"
"脩国派遣使者","0","2","2"
"扬州刺史临王","0","2","2"
"州刺史临王萧","0","2","2"
"刺史临王萧宏","0","2","2"
"临王萧宏为中","0","2","2"
"王萧宏为中书","0","2","2"
"萧宏为中书监","0","2","2"
"章王萧综为南","0","2","2"
"王萧综为南徐","0","2","2"
"萧综为南徐州","0","2","2"
"综为南徐州刺","0","2","2"
"王派遣使者进","0","2","2"
"正月丁巳初一","0","2","2"
"康王萧绩为南","0","2","2"
"领军将军萧景","0","2","2"
"军将军萧景为","0","2","2"
"孝悌力田者赐","0","2","2"
"的农官赐爵一","0","2","2"
"农官赐爵一级","0","2","2"
"禄大夫王份担","0","2","2"
"大夫王份担任","0","2","2"
"将军邵陵王萧","0","2","2"
"军邵陵王萧纶","0","2","2"
"陵王萧纶为江","0","2","2"
"平地雪深三尺","0","2","2"
"南郊北郊祭坛","0","2","2"
"刺史文僧明献","0","2","2"
"将军庐陵王萧","0","2","2"
"军庐陵王萧续","0","2","2"
"布命令到四方","0","2","2"
"三司南平王萧","0","2","2"
"南平王萧伟为","0","2","2"
"为镇卫大将军","0","2","2"
"升军号为镇北","0","2","2"
"军号为镇北将","0","2","2"
"武陵王萧纪为","0","2","2"
"率领军队向北","0","2","2"
"领军队向北征","0","2","2"
"成景隽攻克魏","0","2","2"
"景隽攻克魏国","0","2","2"
"都放弃城池逃","0","2","2"
"魏国镇束将军","0","2","2"
"魏国的新蔡郡","0","2","2"
"星出现在南斗","0","2","2"
"将军元景隆为","0","2","2"
"兼任领军将军","0","2","2"
"湘东王萧绎为","0","2","2"
"准许恢复住宅","0","2","2"
"许恢复住宅田","0","2","2"
"恢复住宅田产","0","2","2"
"皇帝前往同泰","0","2","2"
"帝前往同泰寺","0","2","2"
"厘各自派遣使","0","2","2"
"魏国束豫州刺","0","2","2"
"国束豫州刺史","0","2","2"
"束豫州刺史元","0","2","2"
"州刺史元庆和","0","2","2"
"任命江州刺史","0","2","2"
"请求回到本国","0","2","2"
"国的豫州刺史","0","2","2"
"罗真为宁西将","0","2","2"
"真为宁西将军","0","2","2"
"用钱一亿万文","0","2","2"
"钱一亿万文赎","0","2","2"
"一亿万文赎回","0","2","2"
"升军号为车骑","0","2","2"
"军号为车骑将","0","2","2"
"号为车骑将军","0","2","2"
"献出城池投降","0","2","2"
"立昭明太子的","0","2","2"
"昭明太子的儿","0","2","2"
"明太子的儿子","0","2","2"
"自然依照旧日","0","2","2"
"然依照旧日典","0","2","2"
"依照旧日典章","0","2","2"
"高祖登上法座","0","2","2"
"为出家与在家","0","2","2"
"出家与在家的","0","2","2"
"家与在家的佛","0","2","2"
"与在家的佛教","0","2","2"
"在家的佛教弟","0","2","2"
"的佛教弟子讲","0","2","2"
"佛教弟子讲授","0","2","2"
"南兖州刺史刘","0","2","2"
"刺史邵陵王芦","0","2","2"
"史邵陵王芦钥","0","2","2"
"河南国派遣使","0","2","2"
"司马南平王萧","0","2","2"
"马南平王萧伟","0","2","2"
"百济国派遣使","0","2","2"
"济国派遣使者","0","2","2"
"回元年春正月","0","2","2"
"任命安北将军","0","2","2"
"将军庐陵王芦","0","2","2"
"军庐陵王芦续","0","2","2"
"庐陵王芦续为","0","2","2"
"平王杨法深升","0","2","2"
"王杨法深升军","0","2","2"
"杨法深升军号","0","2","2"
"法深升军号为","0","2","2"
"荆州刺史湘束","0","2","2"
"湘束王萧绎升","0","2","2"
"束王萧绎升军","0","2","2"
"王萧绎升军号","0","2","2"
"萧绎升军号为","0","2","2"
"政治在于养育","0","2","2"
"治在于养育民","0","2","2"
"在于养育民众","0","2","2"
"凡是在朝官员","0","2","2"
"不便于民众的","0","2","2"
"州刺史元罗为","0","2","2"
"书令邵陵王萧","0","2","2"
"令邵陵王萧纶","0","2","2"
"担任安西将军","0","2","2"
"岳阳王萧察为","0","2","2"
"担任吏部尚书","0","2","2"
"未经雕饰的车","0","2","2"
"作为永久的准","0","2","2"
"为永久的准则","0","2","2"
"贡奉白鹿一头","0","2","2"
"遣使者贡奉马","0","2","2"
"使者贡奉马匹","0","2","2"
"者贡奉马匹和","0","2","2"
"贡奉马匹和地","0","2","2"
"奉马匹和地方","0","2","2"
"马匹和地方特","0","2","2"
"匹和地方特产","0","2","2"
"免除五年的赋","0","2","2"
"除五年的赋税","0","2","2"
"江州刺史湘束","0","2","2"
"将军河东王萧","0","2","2"
"军河东王萧誉","0","2","2"
"赐予官位一级","0","2","2"
"准许恢复产业","0","2","2"
"十一年正月以","0","2","2"
"对孝悌力田和","0","2","2"
"孝悌力田和为","0","2","2"
"悌力田和为父","0","2","2"
"力田和为父亲","0","2","2"
"田和为父亲继","0","2","2"
"和为父亲继嗣","0","2","2"
"为父亲继嗣者","0","2","2"
"父亲继嗣者赐","0","2","2"
"亲继嗣者赐爵","0","2","2"
"继嗣者赐爵位","0","2","2"
"嗣者赐爵位一","0","2","2"
"者赐爵位一级","0","2","2"
"守卫的文武官","0","2","2"
"卫的文武官员","0","2","2"
"陁国派遣使者","0","2","2"
"颁布到远近各","0","2","2"
"布到远近各地","0","2","2"
"朝廷军队向北","0","2","2"
"廷军队向北征","0","2","2"
"魏国派遣大将","0","2","2"
"派遣大将军慕","0","2","2"
"派遣太子舍人","0","2","2"
"临贺王正德为","0","2","2"
"军队到达京城","0","2","2"
"萧范派遣世子","0","2","2"
"范派遣世子萧","0","2","2"
"派遣世子萧嗣","0","2","2"
"等人率领军队","0","2","2"
"率领军队进京","0","2","2"
"领军队进京救","0","2","2"
"军队进京救援","0","2","2"
"火星停留在心","0","2","2"
"星停留在心宿","0","2","2"
"前青冀二州刺","0","2","2"
"不再认得出他","0","2","2"
"不久又任宣惠","0","2","2"
"给鼓吹乐一部","0","2","2"
"百姓有什么罪","0","2","2"
"州刺史萧勃为","0","2","2"
"任安陆王大春","0","2","2"
"安陆王大春为","0","2","2"
"派遣使者贡献","0","2","2"
"元年春正月初","0","2","2"
"逼迫太宗巡幸","0","2","2"
"迫太宗巡幸西","0","2","2"
"太宗巡幸西州","0","2","2"
"任南郡王大连","0","2","2"
"二十郡为汉王","0","2","2"
"封宇宙大将军","0","2","2"
"派遣游击将军","0","2","2"
"州刺史陆法和","0","2","2"
"祖的第七个儿","0","2","2"
"刺史岳阳王萧","0","2","2"
"史岳阳王萧察","0","2","2"
"难道不是皇帝","0","2","2"
"我们谦恭地想","0","2","2"
"是天经地义的","0","2","2"
"的将领宋子仙","0","2","2"
"王僧辩为征东","0","2","2"
"僧辩为征东将","0","2","2"
"辩为征东将军","0","2","2"
"令王僧辩率领","0","2","2"
"僧辩率领众军","0","2","2"
"已经到了这种","0","2","2"
"经到了这种地","0","2","2"
"我诚恳地希望","0","2","2"
"诚恳地希望陛","0","2","2"
"恳地希望陛下","0","2","2"
"枕戈待旦卧薪","0","2","2"
"戈待旦卧薪尝","0","2","2"
"待旦卧薪尝胆","0","2","2"
"诸位公卿士人","0","2","2"
"司空南平王萧","0","2","2"
"空南平王萧恪","0","2","2"
"将军胡僧佑率","0","2","2"
"诚恳地想陛下","0","2","2"
"敲击灵鼍战鼓","0","2","2"
"焚烧妻子儿女","0","2","2"
"归帝位的命运","0","2","2"
"洁白明亮的太","0","2","2"
"白明亮的太阳","0","2","2"
"改年号为天正","0","2","2"
"拜谒先帝陵寝","0","2","2"
"部将潘乌累等","0","2","2"
"任命吏部尚书","0","2","2"
"王僧辩的军队","0","2","2"
"潼州刺史杨干","0","2","2"
"州刺史杨干运","0","2","2"
"班师回到江陵","0","2","2"
"军将军陆法和","0","2","2"
"和为郢州刺史","0","2","2"
"晋安王萧方智","0","2","2"
"率军驻扎在姑","0","2","2"
"祖的第九个儿","0","2","2"
"州刺史侯王真","0","2","2"
"齐派遣上党王","0","2","2"
"派遣上党王高","0","2","2"
"吴兴太守裴之","0","2","2"
"兴太守裴之横","0","2","2"
"赐给爵位一等","0","2","2"
"已判罪犯免刑","0","2","2"
"判罪犯免刑或","0","2","2"
"罪犯免刑或减","0","2","2"
"犯免刑或减刑","0","2","2"
"没有什么改动","0","2","2"
"衡阳宣王萧畅","0","2","2"
"高祖即皇帝位","0","2","2"
"封为南昌县公","0","2","2"
"出任义兴太守","0","2","2"
"因母亲逝世而","0","2","2"
"母亲逝世而离","0","2","2"
"亲逝世而离职","0","2","2"
"时年四十九岁","0","2","2"
"世代居住在襄","0","2","2"
"代居住在襄阳","0","2","2"
"母亲凭靠儿子","0","2","2"
"亲凭靠儿子而","0","2","2"
"主张百官用吏","0","2","2"
"张百官用吏的","0","2","2"
"百官用吏的身","0","2","2"
"官用吏的身份","0","2","2"
"用吏的身份来","0","2","2"
"尊敬敬帝的生","0","2","2"
"敬敬帝的生母","0","2","2"
"尊敬皇太子的","0","2","2"
"来同样地尊敬","0","2","2"
"都能得到他们","0","2","2"
"时年四十二岁","0","2","2"
"时年六十七岁","0","2","2"
"天下刚刚安定","0","2","2"
"知道这一情况","0","2","2"
"道这一情况后","0","2","2"
"身体过度衰弱","0","2","2"
"参与国家大事","0","2","2"
"梁朝军队北伐","0","2","2"
"涂二州诸军事","0","2","2"
"赐给他鼓吹乐","0","2","2"
"给他鼓吹乐一","0","2","2"
"他鼓吹乐一套","0","2","2"
"世祖秉承皇帝","0","2","2"
"立他为皇太子","0","2","2"
"孩子是我家的","0","2","2"
"子是我家的千","0","2","2"
"是我家的千里","0","2","2"
"任后军行参军","0","2","2"
"高祖兴起义师","0","2","2"
"要求解除职务","0","2","2"
"百匹布办丧事","0","2","2"
"表彰德行记载","0","2","2"
"彰德行记载功","0","2","2"
"可追封为侍中","0","2","2"
"没几天就去世","0","2","2"
"几天就去世了","0","2","2"
"善于骑马射箭","0","2","2"
"天下正处在动","0","2","2"
"下正处在动乱","0","2","2"
"正处在动乱之","0","2","2"
"处在动乱之中","0","2","2"
"兵驻扎在新亭","0","2","2"
"下诏命令曹景","0","2","2"
"诏命令曹景宗","0","2","2"
"先占据邵阳洲","0","2","2"
"对他亲近的人","0","2","2"
"他亲近的人说","0","2","2"
"又有什么可忧","0","2","2"
"有什么可忧虑","0","2","2"
"什么可忧虑的","0","2","2"
"为别驾从事史","0","2","2"
"时年五十七岁","0","2","2"
"司州之随郡诸","0","2","2"
"州之随郡诸军","0","2","2"
"之随郡诸军事","0","2","2"
"任西中郎外兵","0","2","2"
"派遣辅国将军","0","2","2"
"一起商议对策","0","2","2"
"任命萧颖达为","0","2","2"
"昏侯的将领李","0","2","2"
"侯的将领李居","0","2","2"
"的将领李居士","0","2","2"
"义兵刚起之时","0","2","2"
"萧颖达为散骑","0","2","2"
"颖达为散骑常","0","2","2"
"达为散骑常侍","0","2","2"
"赐给束园秘器","0","2","2"
"并赏赐鼓吹乐","0","2","2"
"赏赐鼓吹乐队","0","2","2"
"赐鼓吹乐队一","0","2","2"
"早年就去世了","0","2","2"
"召他补主簿之","0","2","2"
"他补主簿之职","0","2","2"
"占据豫州反叛","0","2","2"
"辅国将军刘劻","0","2","2"
"任治中从事史","0","2","2"
"南康王为荆州","0","2","2"
"康王为荆州刺","0","2","2"
"王为荆州刺史","0","2","2"
"为荆州刺史时","0","2","2"
"始兴王萧怆正","0","2","2"
"兴王萧怆正留","0","2","2"
"王萧怆正留守","0","2","2"
"侯详被征为侍","0","2","2"
"详被征为侍中","0","2","2"
"封为宁都县侯","0","2","2"
"担任侍中如故","0","2","2"
"请求辞去官职","0","2","2"
"善于处理政事","0","2","2"
"举行哀悼仪式","0","2","2"
"他为宁朔将军","0","2","2"
"任西中郎中兵","0","2","2"
"大军沿江东下","0","2","2"
"命令各路大军","0","2","2"
"公则所率领的","0","2","2"
"远远望见他的","0","2","2"
"束昏侯的军队","0","2","2"
"的财物一无所","0","2","2"
"财物一无所取","0","2","2"
"追赠他为车骑","0","2","2"
"赠他为车骑将","0","2","2"
"精锐部队攻打","0","2","2"
"锐部队攻打他","0","2","2"
"即使后悔也来","0","2","2"
"使后悔也来不","0","2","2"
"后悔也来不及","0","2","2"
"悔也来不及了","0","2","2"
"时年四十八岁","0","2","2"
"当时人们称之","0","2","2"
"时人们称之为","0","2","2"
"高祖为雍州刺","0","2","2"
"祖为雍州刺史","0","2","2"
"当时长沙宣武","0","2","2"
"任西中郎长史","0","2","2"
"高祖派遣弘策","0","2","2"
"第二天早上就","0","2","2"
"王在江陵称帝","0","2","2"
"在江陵称帝即","0","2","2"
"江陵称帝即位","0","2","2"
"陵称帝即位后","0","2","2"
"郢城被攻克后","0","2","2"
"军队驻扎在夏","0","2","2"
"随即分送给亲","0","2","2"
"即分送给亲友","0","2","2"
"任命郑绍叔为","0","2","2"
"为雍州刺史时","0","2","2"
"封为营道县侯","0","2","2"
"担任显要官职","0","2","2"
"州治所迁移到","0","2","2"
"百姓得以安居","0","2","2"
"没有人能与之","0","2","2"
"有人能与之相","0","2","2"
"身高七尺五寸","0","2","2"
"僧珍坚决请求","0","2","2"
"高祖对他十分","0","2","2"
"祖对他十分赞","0","2","2"
"对他十分赞赏","0","2","2"
"郢州被攻克后","0","2","2"
"军临时驻扎在","0","2","2"
"束昏侯的将领","0","2","2"
"与王茂一起进","0","2","2"
"珍为冠军将军","0","2","2"
"在秘书省当值","0","2","2"
"梁军大举北伐","0","2","2"
"高祖笑着对他","0","2","2"
"祖笑着对他说","0","2","2"
"当时五十八岁","0","2","2"
"高祖即日亲临","0","2","2"
"祖即日亲临吊","0","2","2"
"即日亲临吊唁","0","2","2"
"已故散骑常侍","0","2","2"
"丧事所需要的","0","2","2"
"高祖为他的去","0","2","2"
"祖为他的去世","0","2","2"
"不久迁任尚书","0","2","2"
"迁任尚书右仆","0","2","2"
"的第五个弟弟","0","2","2"
"担任雍州刺史","0","2","2"
"因此百姓得以","0","2","2"
"此百姓得以安","0","2","2"
"都有很大的名","0","2","2"
"率领二十万大","0","2","2"
"领二十万大军","0","2","2"
"二十万大军前","0","2","2"
"不久担任安西","0","2","2"
"州刺史马仙碑","0","2","2"
"担任通直散骑","0","2","2"
"没有多余的财","0","2","2"
"静得像没有人","0","2","2"
"得像没有人一","0","2","2"
"像没有人一样","0","2","2"
"三年服丧期满","0","2","2"
"始兴王萧儋前","0","2","2"
"的第六代子孙","0","2","2"
"时吴兴人沈约","0","2","2"
"升迁为尚书殿","0","2","2"
"迁为尚书殿中","0","2","2"
"为尚书殿中郎","0","2","2"
"领本州大中正","0","2","2"
"为大司马谘议","0","2","2"
"进入高祖卧室","0","2","2"
"当时的人们都","0","2","2"
"升任尚书右仆","0","2","2"
"请求解除职务","0","2","2"
"在竟陵王西邸","0","2","2"
"担任将军如故","0","2","2"
"而实际上也是","0","2","2"
"沈约为尚书仆","0","2","2"
"约为尚书仆射","0","2","2"
"死时七十三岁","0","2","2"
"都不能超过他","0","2","2"
"又因母亲去世","0","2","2"
"东昏侯即位后","0","2","2"
"很少舆人交游","0","2","2"
"样的细小利益","0","2","2"
"为南徐州秀才","0","2","2"
"王俭领丹阳尹","0","2","2"
"任司徒竟陵王","0","2","2"
"后因父亲去世","0","2","2"
"为骠骑记室参","0","2","2"
"我如果登上三","0","2","2"
"对待他们如同","0","2","2"
"待他们如同对","0","2","2"
"他们如同对待","0","2","2"
"有父亲的风度","0","2","2"
"出任临川内史","0","2","2"
"征召谢肶为侍","0","2","2"
"召谢肶为侍中","0","2","2"
"刚任命的侍中","0","2","2"
"何胤为散骑常","0","2","2"
"胤为散骑常侍","0","2","2"
"直祖平定京城","0","2","2"
"前朝刚任命的","0","2","2"
"刚任命的散骑","0","2","2"
"任命的散骑常","0","2","2"
"命的散骑常侍","0","2","2"
"派领军司马王","0","2","2"
"领军司马王果","0","2","2"
"迁为明威将军","0","2","2"
"出任吴兴太守","0","2","2"
"书舍人黄睦之","0","2","2"
"就有军事才干","0","2","2"
"高祖义师兴起","0","2","2"
"因功增加食邑","0","2","2"
"攻断魏军的连","0","2","2"
"断魏军的连桥","0","2","2"
"增加食邑三百","0","2","2"
"加食邑三百户","0","2","2"
"终年六十三岁","0","2","2"
"没有听从他的","0","2","2"
"起义大军驻在","0","2","2"
"俘获了很多敌","0","2","2"
"获了很多敌人","0","2","2"
"的就是这种情","0","2","2"
"率领三千骑兵","0","2","2"
"食邑户数同前","0","2","2"
"召入任太子右","0","2","2"
"不说自己的功","0","2","2"
"他的祖先出自","0","2","2"
"任华山郡太守","0","2","2"
"认为他说得对","0","2","2"
"还未正式拜官","0","2","2"
"送给鼓吹一部","0","2","2"
"喜怒不形于色","0","2","2"
"康城被平定后","0","2","2"
"统率各路大军","0","2","2"
"督青冀二州诸","0","2","2"
"青冀二州诸军","0","2","2"
"以原来的封号","0","2","2"
"原来的封号回","0","2","2"
"改任左卫将军","0","2","2"
"任都督北徐州","0","2","2"
"送给他鼓吹一","0","2","2"
"南康王当荆州","0","2","2"
"康王当荆州刺","0","2","2"
"王当荆州刺史","0","2","2"
"当荆州刺史时","0","2","2"
"迁任西中郎谘","0","2","2"
"迁任五兵尚书","0","2","2"
"以办事干练著","0","2","2"
"办事干练著称","0","2","2"
"时年六十二岁","0","2","2"
"嶷任荆州刺史","0","2","2"
"任荆州刺史时","0","2","2"
"的官员和百姓","0","2","2"
"进封号为征虏","0","2","2"
"封号为征虏将","0","2","2"
"又召他任主簿","0","2","2"
"召入任通直散","0","2","2"
"入任通直散骑","0","2","2"
"后又被召入任","0","2","2"
"至金紫光禄大","0","2","2"
"刘季连任尚书","0","2","2"
"季连任尚书左","0","2","2"
"连任尚书左丞","0","2","2"
"出任江夏郡内","0","2","2"
"任江夏郡内史","0","2","2"
"被召入任给事","0","2","2"
"召入任给事黄","0","2","2"
"入任给事黄门","0","2","2"
"转任太子中庶","0","2","2"
"采纳了他的意","0","2","2"
"纳了他的意见","0","2","2"
"率领五千士兵","0","2","2"
"关闭城门坚守","0","2","2"
"没有什么东西","0","2","2"
"封为丰城县公","0","2","2"
"人一起进入魏","0","2","2"
"被任命为通直","0","2","2"
"任命为通直散","0","2","2"
"命为通直散骑","0","2","2"
"出仕为著作佐","0","2","2"
"仕为著作佐郎","0","2","2"
"外出任鄱阳内","0","2","2"
"出任鄱阳内史","0","2","2"
"徐州别驾从事","0","2","2"
"调任骠骑将军","0","2","2"
"大司马王敬则","0","2","2"
"的藩王府邸设","0","2","2"
"改任吏部尚书","0","2","2"
"造年四十九岁","0","2","2"
"京任中书侍郎","0","2","2"
"任命为黄门侍","0","2","2"
"命为黄门侍郎","0","2","2"
"兼任前军将军","0","2","2"
"而奉行无为而","0","2","2"
"担任散骑常侍","0","2","2"
"擅长草书隶书","0","2","2"
"又担任太子中","0","2","2"
"担任太子中庶","0","2","2"
"担任智武将军","0","2","2"
"担任左民尚书","0","2","2"
"在选拔官吏的","0","2","2"
"官吏的职位上","0","2","2"
"上奏表请求解","0","2","2"
"奏表请求解除","0","2","2"
"请求解除职位","0","2","2"
"调任金紫光禄","0","2","2"
"处没有灰尘杂","0","2","2"
"没有灰尘杂物","0","2","2"
"祖的藩王府邸","0","2","2"
"升为司徒左长","0","2","2"
"为司徒左长史","0","2","2"
"调任五兵尚书","0","2","2"
"征入任吏部尚","0","2","2"
"入任吏部尚书","0","2","2"
"升尚书右仆射","0","2","2"
"幼年聪明机警","0","2","2"
"不久升为侍中","0","2","2"
"看不到他喜怒","0","2","2"
"不到他喜怒的","0","2","2"
"司徒束合祭酒","0","2","2"
"的藩王府邸建","0","2","2"
"藩王府邸建立","0","2","2"
"高祖听从他的","0","2","2"
"祖听从他的建","0","2","2"
"有能干的名声","0","2","2"
"掌管吏部郎事","0","2","2"
"管吏部郎事务","0","2","2"
"任北中郎长史","0","2","2"
"坚决推辞不就","0","2","2"
"决推辞不就任","0","2","2"
"本身职位兼任","0","2","2"
"诏令追赠本来","0","2","2"
"令追赠本来的","0","2","2"
"被任命为驸马","0","2","2"
"经升迁为中书","0","2","2"
"高祖嘉许他的","0","2","2"
"担任太子舍人","0","2","2"
"当时昭明太子","0","2","2"
"昭明太子还幼","0","2","2"
"明太子还幼小","0","2","2"
"派中书舍人朱","0","2","2"
"召补为国子生","0","2","2"
"考试列在上等","0","2","2"
"出任建安太守","0","2","2"
"为抚军行参军","0","2","2"
"当时尚书令王","0","2","2"
"任司徒谘议参","0","2","2"
"担任中书侍郎","0","2","2"
"因患病自己陈","0","2","2"
"患病自己陈述","0","2","2"
"任骠骑从事中","0","2","2"
"授任给事黄门","0","2","2"
"仆射沈约等人","0","2","2"
"琅邪人王元长","0","2","2"
"征入任秘书监","0","2","2"
"担任吴兴太守","0","2","2"
"人上奏表请求","0","2","2"
"这年五十三岁","0","2","2"
"宋朝左光禄大","0","2","2"
"在前代有大名","0","2","2"
"前代有大名声","0","2","2"
"选补为国子生","0","2","2"
"任司徒法曹行","0","2","2"
"在墓旁搭棚子","0","2","2"
"墓旁搭棚子居","0","2","2"
"旁搭棚子居住","0","2","2"
"为太子中庶子","0","2","2"
"这年五十七岁","0","2","2"
"出仕为秘书郎","0","2","2"
"经升迁任司徒","0","2","2"
"迁任司徒左西","0","2","2"
"任司徒左西属","0","2","2"
"为后军临川王","0","2","2"
"升迁为临川王","0","2","2"
"安成康王萧秀","0","2","2"
"始兴忠武王萧","0","2","2"
"兴忠武王萧怆","0","2","2"
"临川靖惠王萧","0","2","2"
"川靖惠王萧宏","0","2","2"
"生母陈太妃病","0","2","2"
"母陈太妃病重","0","2","2"
"等到太妃逝世","0","2","2"
"水米不进口有","0","2","2"
"高祖时常前往","0","2","2"
"着眼泪回答说","0","2","2"
"赐给羽葆鼓吹","0","2","2"
"给羽葆鼓吹一","0","2","2"
"高祖下诏任命","0","2","2"
"任后军法曹行","0","2","2"
"高祖起义军队","0","2","2"
"祖起义军队到","0","2","2"
"运载斋库财物","0","2","2"
"军队讨伐他们","0","2","2"
"为北司州刺史","0","2","2"
"从小路到镇所","0","2","2"
"的第二个弟弟","0","2","2"
"出任戎昭将军","0","2","2"
"南平元襄王萧","0","2","2"
"平元襄王萧伟","0","2","2"
"祖的第八个儿","0","2","2"
"的第八个儿子","0","2","2"
"萧伟和始兴王","0","2","2"
"起义军队发动","0","2","2"
"南康王秉承制","0","2","2"
"康王秉承制命","0","2","2"
"太守萧慧训的","0","2","2"
"守萧慧训的儿","0","2","2"
"萧慧训的儿子","0","2","2"
"慧训的儿子萧","0","2","2"
"训的儿子萧璝","0","2","2"
"太守鲁休烈起","0","2","2"
"守鲁休烈起兵","0","2","2"
"鲁休烈起兵逼","0","2","2"
"休烈起兵逼近","0","2","2"
"烈起兵逼近荆","0","2","2"
"起兵逼近荆州","0","2","2"
"仆射夏侯详建","0","2","2"
"射夏侯详建议","0","2","2"
"夏侯详建议向","0","2","2"
"秦四州郢州之","0","2","2"
"四州郢州之竟","0","2","2"
"州郢州之竟陵","0","2","2"
"郢州之竟陵司","0","2","2"
"州之竟陵司州","0","2","2"
"之竟陵司州之","0","2","2"
"鄱阳忠烈王萧","0","2","2"
"阳忠烈王萧恢","0","2","2"
"经升迁任北中","0","2","2"
"升迁任北中郎","0","2","2"
"迁任北中郎外","0","2","2"
"任北中郎外兵","0","2","2"
"军号为骠骑大","0","2","2"
"号为骠骑大将","0","2","2"
"赐给带剑仪仗","0","2","2"
"派遣中书舍人","0","2","2"
"入任领军将军","0","2","2"
"萧范为合州刺","0","2","2"
"范为合州刺史","0","2","2"
"南平王萧伟留","0","2","2"
"服丧超过礼仪","0","2","2"
"萧懿被授予持","0","2","2"
"懿被授予持节","0","2","2"
"秦州二州刺史","0","2","2"
"的性命危在旦","0","2","2"
"迁任左骁骑将","0","2","2"
"兼任石头戍军","0","2","2"
"任石头戍军事","0","2","2"
"兼任南琅邪郡","0","2","2"
"任南琅邪郡太","0","2","2"
"南琅邪郡太守","0","2","2"
"文集流行于世","0","2","2"
"被任命为秘书","0","2","2"
"终年二十三岁","0","2","2"
"仕任著作佐郎","0","2","2"
"召入任太子中","0","2","2"
"冀州五州诸军","0","2","2"
"州五州诸军事","0","2","2"
"迁任丹阳尹丞","0","2","2"
"因此而闻名远","0","2","2"
"此而闻名远近","0","2","2"
"不久就去世了","0","2","2"
"王的国左常侍","0","2","2"
"州四州诸军事","0","2","2"
"百姓务农种桑","0","2","2"
"萧景被召入任","0","2","2"
"入任右卫将军","0","2","2"
"在殿省内值班","0","2","2"
"霍州三州诸军","0","2","2"
"高祖非常赞赏","0","2","2"
"认为他很奇特","0","2","2"
"有特殊才能的","0","2","2"
"特殊才能的人","0","2","2"
"为尚书祠部郎","0","2","2"
"为中书通事舍","0","2","2"
"的职务屡次变","0","2","2"
"终年五十六岁","0","2","2"
"要官员的选拔","0","2","2"
"授任尚书仆射","0","2","2"
"记得很多前代","0","2","2"
"严植之掌管凶","0","2","2"
"植之掌管凶礼","0","2","2"
"在天监六年五","0","2","2"
"七日上交尚书","0","2","2"
"在天监十一年","0","2","2"
"十日上交尚书","0","2","2"
"把清白留给子","0","2","2"
"清白留给子孙","0","2","2"
"于是下韶追赠","0","2","2"
"都流行于世间","0","2","2"
"掌管文书记录","0","2","2"
"调任国子博士","0","2","2"
"任右军谘议参","0","2","2"
"外出任建威将","0","2","2"
"出任建威将军","0","2","2"
"改任通直散骑","0","2","2"
"身高七尺八寸","0","2","2"
"齐朝永明年间","0","2","2"
"竟陵王子良的","0","2","2"
"改任左民尚书","0","2","2"
"调任通直散骑","0","2","2"
"兼本州大中正","0","2","2"
"入京任通直散","0","2","2"
"京任通直散骑","0","2","2"
"为司徒右长史","0","2","2"
"担任御史中丞","0","2","2"
"不久调任员外","0","2","2"
"久调任员外散","0","2","2"
"调任尚书殿中","0","2","2"
"陆呆性格刚强","0","2","2"
"呆性格刚强正","0","2","2"
"性格刚强正直","0","2","2"
"入任左民尚书","0","2","2"
"年轻时勤奋学","0","2","2"
"轻时勤奋学习","0","2","2"
"举为本州秀才","0","2","2"
"任右军安成王","0","2","2"
"乐安人任防友","0","2","2"
"掌管束宫文书","0","2","2"
"管束宫文书记","0","2","2"
"束宫文书记录","0","2","2"
"出任云麾晋安","0","2","2"
"又担任中庶子","0","2","2"
"到洽的哥哥到","0","2","2"
"也是因为他们","0","2","2"
"促膝忠心规劝","0","2","2"
"任尚书驾部郎","0","2","2"
"又掌管文书记","0","2","2"
"坚决请求返回","0","2","2"
"王萧遥光任抚","0","2","2"
"萧遥光任抚军","0","2","2"
"任命为后军谘","0","2","2"
"命为后军谘议","0","2","2"
"领自己的部下","0","2","2"
"自己的部下进","0","2","2"
"率领他的部队","0","2","2"
"裴邃在军营中","0","2","2"
"邃在军营中去","0","2","2"
"在军营中去世","0","2","2"
"被征召为太子","0","2","2"
"驻扎在张公洲","0","2","2"
"任命他为侍中","0","2","2"
"领自己的部队","0","2","2"
"任命为散骑常","0","2","2"
"命为散骑常侍","0","2","2"
"兼任右骁骑将","0","2","2"
"号为平北将军","0","2","2"
"于是请求投降","0","2","2"
"迁任平西湘东","0","2","2"
"任平西湘东王","0","2","2"
"是车骑将军韦","0","2","2"
"安王的中兵参","0","2","2"
"任镇右始兴王","0","2","2"
"南秦州二州的","0","2","2"
"当时人们都称","0","2","2"
"时人们都称赞","0","2","2"
"侯景围攻京城","0","2","2"
"时年四十四岁","0","2","2"
"孝道治理天下","0","2","2"
"于是发生了战","0","2","2"
"是发生了战争","0","2","2"
"的军队之所以","0","2","2"
"军队之所以不","0","2","2"
"听众人的议论","0","2","2"
"侯景背叛盟约","0","2","2"
"太清年间的战","0","2","2"
"清年间的战乱","0","2","2"
"乐安人任防有","0","2","2"
"任南兖州刺史","0","2","2"
"沈约所撰写的","0","2","2"
"不久迁任中书","0","2","2"
"久迁任中书侍","0","2","2"
"都在世间流传","0","2","2"
"扬州议曹从事","0","2","2"
"州议曹从事史","0","2","2"
"任轻车湘束王","0","2","2"
"授给事黄门侍","0","2","2"
"安丰王元延明","0","2","2"
"个城垒相抗拒","0","2","2"
"亲笔写的韶书","0","2","2"
"有爵者的服役","0","2","2"
"爵者的服役人","0","2","2"
"元颢据守洛阳","0","2","2"
"时年三十三岁","0","2","2"
"请求为他立碑","0","2","2"
"任王国左常侍","0","2","2"
"有文学才能的","0","2","2"
"文学才能的人","0","2","2"
"文惠太子闻其","0","2","2"
"惠太子闻其名","0","2","2"
"不久兼职改为","0","2","2"
"久兼职改为实","0","2","2"
"兼职改为实任","0","2","2"
"任安西安成王","0","2","2"
"任右光禄大夫","0","2","2"
"迁任尚书殿中","0","2","2"
"居父亲丧离职","0","2","2"
"高祖爱惜他的","0","2","2"
"祖爱惜他的才","0","2","2"
"爱惜他的才能","0","2","2"
"王任荆州刺史","0","2","2"
"回到京师授任","0","2","2"
"迁任黄门侍郎","0","2","2"
"亲生母亲丧事","0","2","2"
"兼尚书水部郎","0","2","2"
"累经升迁任安","0","2","2"
"经升迁任安西","0","2","2"
"任西中郎湘东","0","2","2"
"恨得咬牙切齿","0","2","2"
"居母亲丧离职","0","2","2"
"因哀伤过度而","0","2","2"
"时年六十九岁","0","2","2"
"我年轻时喜好","0","2","2"
"降爵位为子爵","0","2","2"
"我舆你们兄弟","0","2","2"
"所亲近的人说","0","2","2"
"迁任司徒主簿","0","2","2"
"时年六十四岁","0","2","2"
"太宗在东宫时","0","2","2"
"太清年间历官","0","2","2"
"迁任太子中舍","0","2","2"
"迁任轻车将军","0","2","2"
"用没有去皮毛","0","2","2"
"祭祀天地宗庙","0","2","2"
"时年六十三岁","0","2","2"
"岁时父亲去世","0","2","2"
"二十岁被举为","0","2","2"
"魏朝徐州刺史","0","2","2"
"朝徐州刺史元","0","2","2"
"当时尚书令何","0","2","2"
"朝廷请求为他","0","2","2"
"岂不是上天开","0","2","2"
"不是上天开导","0","2","2"
"是上天开导他","0","2","2"
"上天开导他的","0","2","2"
"恐怕会使后来","0","2","2"
"请求追回使者","0","2","2"
"征召他任祭酒","0","2","2"
"召他任祭酒从","0","2","2"
"他任祭酒从事","0","2","2"
"累经升迁任通","0","2","2"
"经升迁任通直","0","2","2"
"任征西鄱阳王","0","2","2"
"在大功的末时","0","2","2"
"可以冠子嫁女","0","2","2"
"大功的末时可","0","2","2"
"功的末时可以","0","2","2"
"的末时可以冠","0","2","2"
"末时可以冠子","0","2","2"
"时可以冠子嫁","0","2","2"
"可得为子冠嫁","0","2","2"
"在小功的末时","0","2","2"
"可以冠子嫁子","0","2","2"
"吉凶礼之间无","0","2","2"
"凶礼之间无妨","0","2","2"
"礼之间无妨碍","0","2","2"
"是贺琛所疑惑","0","2","2"
"贺琛所疑惑的","0","2","2"
"特别表明不娶","0","2","2"
"又任尚书左丞","0","2","2"
"正该是让百姓","0","2","2"
"该是让百姓繁","0","2","2"
"是让百姓繁衍","0","2","2"
"让百姓繁衍后","0","2","2"
"百姓繁衍后代","0","2","2"
"姓繁衍后代积","0","2","2"
"繁衍后代积蓄","0","2","2"
"衍后代积蓄财","0","2","2"
"后代积蓄财物","0","2","2"
"教化训导他们","0","2","2"
"化训导他们的","0","2","2"
"训导他们的时","0","2","2"
"导他们的时候","0","2","2"
"而百姓失去安","0","2","2"
"百姓失去安居","0","2","2"
"束境户口空虚","0","2","2"
"才能低下疲惫","0","2","2"
"能低下疲惫的","0","2","2"
"低下疲惫的官","0","2","2"
"下疲惫的官吏","0","2","2"
"则拱手听从使","0","2","2"
"拱手听从使者","0","2","2"
"手听从使者的","0","2","2"
"听从使者的搜","0","2","2"
"从使者的搜刮","0","2","2"
"凶暴狡诈的官","0","2","2"
"暴狡诈的官吏","0","2","2"
"又依靠使者更","0","2","2"
"修建露台用的","0","2","2"
"建露台用的钱","0","2","2"
"露台用的钱财","0","2","2"
"所掠取的太少","0","2","2"
"就要加倍攫取","0","2","2"
"要加倍攫取财","0","2","2"
"加倍攫取财钱","0","2","2"
"这是多么荒谬","0","2","2"
"是多么荒谬呀","0","2","2"
"教导他们要节","0","2","2"
"导他们要节俭","0","2","2"
"以淳素为首要","0","2","2"
"没有不向上奏","0","2","2"
"有不向上奏事","0","2","2"
"不向上奏事的","0","2","2"
"不正当的手段","0","2","2"
"趁此时好好息","0","2","2"
"此时好好息养","0","2","2"
"时好好息养国","0","2","2"
"好好息养国民","0","2","2"
"事情发生了才","0","2","2"
"没有可羞愧的","0","2","2"
"此对天下有何","0","2","2"
"不食国家之食","0","2","2"
"太清年间的祸","0","2","2"
"清年间的祸乱","0","2","2"
"授任太子舍人","0","2","2"
"任太子左卫率","0","2","2"
"赏赐他唱歌人","0","2","2"
"学识渊博的儒","0","2","2"
"识渊博的儒者","0","2","2"
"渊博的儒者研","0","2","2"
"迁任明威将军","0","2","2"
"曾祖父到彦之","0","2","2"
"年幼时父亲去","0","2","2"
"遭逢母亲丧事","0","2","2"
"时年七十二岁","0","2","2"
"与河东人裴子","0","2","2"
"累经升迁任中","0","2","2"
"鄱阳嗣王萧范","0","2","2"
"排列次序彼此","0","2","2"
"有突出的政绩","0","2","2"
"年少时父亲去","0","2","2"
"少时父亲去世","0","2","2"
"是在泰山祭天","0","2","2"
"十七世而灭亡","0","2","2"
"五帝在亭亭山","0","2","2"
"帝在亭亭山祭","0","2","2"
"是特立独自起","0","2","2"
"特立独自起身","0","2","2"
"三王在梁甫祭","0","2","2"
"王在梁甫祭地","0","2","2"
"是为了连延不","0","2","2"
"为了连延不断","0","2","2"
"谷物丰熟的祭","0","2","2"
"物丰熟的祭祀","0","2","2"
"丰熟的祭祀一","0","2","2"
"熟的祭祀一次","0","2","2"
"祈报谷的祭祀","0","2","2"
"遭逢生母丧事","0","2","2"
"晋安王萧纲出","0","2","2"
"安王萧纲出京","0","2","2"
"出京任南徐州","0","2","2"
"出京任新安太","0","2","2"
"京任新安太守","0","2","2"
"出京任贞威将","0","2","2"
"京任贞威将军","0","2","2"
"死时四十五岁","0","2","2"
"出京任安成内","0","2","2"
"京任安成内史","0","2","2"
"侯景攻陷京城","0","2","2"
"江州刺史当阳","0","2","2"
"州刺史当阳公","0","2","2"
"刺史当阳公萧","0","2","2"
"史当阳公萧大","0","2","2"
"世祖任命他为","0","2","2"
"参与掌管铨选","0","2","2"
"与掌管铨选职","0","2","2"
"掌管铨选职官","0","2","2"
"管铨选职官之","0","2","2"
"铨选职官之事","0","2","2"
"参加射策应对","0","2","2"
"升迁为湘东王","0","2","2"
"当代人都认为","0","2","2"
"代人都认为这","0","2","2"
"任宣城王文学","0","2","2"
"征召出来任著","0","2","2"
"召出来任著作","0","2","2"
"出来任著作佐","0","2","2"
"来任著作佐郎","0","2","2"
"任前军鄱阳王","0","2","2"
"任南徐州治中","0","2","2"
"免不了挨饿受","0","2","2"
"不了挨饿受冻","0","2","2"
"任司空从事中","0","2","2"
"死时五十五岁","0","2","2"
"出京任建康令","0","2","2"
"丧期间夺情起","0","2","2"
"期间夺情起复","0","2","2"
"坚决推辞不肯","0","2","2"
"被授任云骑将","0","2","2"
"授任云骑将军","0","2","2"
"出京任仁威临","0","2","2"
"京任仁威临川","0","2","2"
"任仁威临川王","0","2","2"
"他在任上去世","0","2","2"
"任宣惠晋安王","0","2","2"
"迁任左民尚书","0","2","2"
"在墓地旁筑草","0","2","2"
"出京任始兴内","0","2","2"
"京任始兴内史","0","2","2"
"兄弟都擅长写","0","2","2"
"因为居母亲丧","0","2","2"
"为居母亲丧而","0","2","2"
"补任太子洗马","0","2","2"
"他累经升迁任","0","2","2"
"他出京任明威","0","2","2"
"他为黄门侍郎","0","2","2"
"又兼中书舍人","0","2","2"
"就失去了父亲","0","2","2"
"高祖平定京城","0","2","2"
"被任命为廷尉","0","2","2"
"任抚军行参军","0","2","2"
"入京兼中书通","0","2","2"
"京兼中书通事","0","2","2"
"高祖十分赞赏","0","2","2"
"又任领军将军","0","2","2"
"百姓无论老少","0","2","2"
"入朝兼中书通","0","2","2"
"朝兼中书通事","0","2","2"
"坚持自己的意","0","2","2"
"持自己的意见","0","2","2"
"石城公萧大款","0","2","2"
"订立盟约之后","0","2","2"
"率领步兵骑兵","0","2","2"
"步兵骑兵一万","0","2","2"
"从水陆两路一","0","2","2"
"水陆两路一起","0","2","2"
"陆两路一起进","0","2","2"
"有志向有节操","0","2","2"
"初出仕任王国","0","2","2"
"出仕任王国侍","0","2","2"
"仕任王国侍郎","0","2","2"
"的弟弟江子四","0","2","2"
"追赠江子四为","0","2","2"
"追赠江子五为","0","2","2"
"出京任永阳内","0","2","2"
"京任永阳内史","0","2","2"
"死时六十二岁","0","2","2"
"世祖追赠他为","0","2","2"
"祖追赠他为侍","0","2","2"
"答应了他的要","0","2","2"
"应了他的要求","0","2","2"
"南康王萧会理","0","2","2"
"安侯萧贲知道","0","2","2"
"是我想要得到","0","2","2"
"我想要得到的","0","2","2"
"绥建王萧大挚","0","2","2"
"从小聪明颖悟","0","2","2"
"兼石头戍军事","0","2","2"
"率城投降侯景","0","2","2"
"萧大心听到这","0","2","2"
"大心听到这个","0","2","2"
"心听到这个消","0","2","2"
"率领五千精兵","0","2","2"
"十一岁的时候","0","2","2"
"萧大连被封为","0","2","2"
"高祖十分高兴","0","2","2"
"萧大连弃城逃","0","2","2"
"萧大春被封为","0","2","2"
"京城被攻陷之","0","2","2"
"死时二十二岁","0","2","2"
"出京任宣惠将","0","2","2"
"京任宣惠将军","0","2","2"
"将军之号不变","0","2","2"
"有众生应当遭","0","2","2"
"众生应当遭受","0","2","2"
"生应当遭受的","0","2","2"
"高祖驾崩之后","0","2","2"
"见到这种情景","0","2","2"
"到这种情景的","0","2","2"
"忠壮世子萧方","0","2","2"
"壮世子萧方等","0","2","2"
"贞惠世子萧方","0","2","2"
"惠世子萧方诸","0","2","2"
"喜爱山林泉石","0","2","2"
"正值侯景叛乱","0","2","2"
"对自己亲近的","0","2","2"
"祖的第二个儿","0","2","2"
"手下将领宋子","0","2","2"
"下将领宋子仙","0","2","2"
"城于是被攻陷","0","2","2"
"湘东王命王僧","0","2","2"
"东王命王僧辩","0","2","2"
"王僧辩为领军","0","2","2"
"僧辩为领军将","0","2","2"
"辩为领军将军","0","2","2"
"岳阳王的军队","0","2","2"
"军队驻扎在巴","0","2","2"
"队驻扎在巴陵","0","2","2"
"士气十分旺盛","0","2","2"
"率领一万人马","0","2","2"
"杀伤很多叛军","0","2","2"
"王僧辩当即率","0","2","2"
"僧辩当即率领","0","2","2"
"率领一千名精","0","2","2"
"南兖州刺史侯","0","2","2"
"州刺史侯填率","0","2","2"
"军在石头城北","0","2","2"
"下韶命王僧辩","0","2","2"
"千名精锐士卒","0","2","2"
"不肯与她相见","0","2","2"
"灵柩将要运回","0","2","2"
"装运灵柩的船","0","2","2"
"梁国的继位君","0","2","2"
"国的继位君主","0","2","2"
"写信给王僧辩","0","2","2"
"散骑常侍裴之","0","2","2"
"一座门备办成","0","2","2"
"景的将领任约","0","2","2"
"东进征讨侯景","0","2","2"
"继续跟随王僧","0","2","2"
"续跟随王僧辩","0","2","2"
"跟随王僧辩追","0","2","2"
"随王僧辩追击","0","2","2"
"侯景叛乱平定","0","2","2"
"与王僧辩一起","0","2","2"
"陆纳等人投降","0","2","2"
"一同归附世祖","0","2","2"
"到高祖登上帝","0","2","2"
"即使是古代的","0","2","2"
"他五岁的时候","0","2","2"
"过去又苏醒过","0","2","2"
"去又苏醒过来","0","2","2"
"征召出来任奉","0","2","2"
"召出来任奉朝","0","2","2"
"出来任奉朝请","0","2","2"
"昼夜号呼痛哭","0","2","2"
"经过很长时间","0","2","2"
"哀痛超过常礼","0","2","2"
"的第九代子孙","0","2","2"
"他为员外散骑","0","2","2"
"情况向朝廷启","0","2","2"
"况向朝廷启奏","0","2","2"
"巴西梓潼二郡","0","2","2"
"西梓潼二郡太","0","2","2"
"他家世代居住","0","2","2"
"家世代居住在","0","2","2"
"惜自己的生命","0","2","2"
"父亲就去世了","0","2","2"
"认为这是孝心","0","2","2"
"史始兴王萧怆","0","2","2"
"每次吊哭都哭","0","2","2"
"次吊哭都哭到","0","2","2"
"吊哭都哭到呕","0","2","2"
"哭都哭到呕血","0","2","2"
"以处事和洽得","0","2","2"
"处事和洽得当","0","2","2"
"事和洽得当而","0","2","2"
"和洽得当而着","0","2","2"
"洽得当而着称","0","2","2"
"任仁威南康王","0","2","2"
"穿布衣吃蔬食","0","2","2"
"天水米不入口","0","2","2"
"孝心感动神明","0","2","2"
"心感动神明所","0","2","2"
"感动神明所致","0","2","2"
"十三岁的时候","0","2","2"
"宋时任冀州刺","0","2","2"
"时任冀州刺史","0","2","2"
"齐时为正员郎","0","2","2"
"没有接受任命","0","2","2"
"僧人对自己说","0","2","2"
"了父亲的学业","0","2","2"
"并兼国子助教","0","2","2"
"生性十分孝敬","0","2","2"
"北兖州刺史萧","0","2","2"
"竟到了这样的","0","2","2"
"这些人的事迹","0","2","2"
"早就失去父亲","0","2","2"
"从小专心好学","0","2","2"
"聚集学生教授","0","2","2"
"伏曼容入京被","0","2","2"
"曼容入京被授","0","2","2"
"容入京被授为","0","2","2"
"听讲的学生常","0","2","2"
"为他的去世伤","0","2","2"
"范缜在刘珊门","0","2","2"
"缜在刘珊门下","0","2","2"
"门下学习多年","0","2","2"
"被征召为尚书","0","2","2"
"坠落在秽土粪","0","2","2"
"落在秽土粪坑","0","2","2"
"在秽土粪坑旁","0","2","2"
"秽土粪坑旁边","0","2","2"
"形体就是精神","0","2","2"
"精神也就消灭","0","2","2"
"有知觉的东西","0","2","2"
"知觉的东西的","0","2","2"
"觉的东西的称","0","2","2"
"的东西的称呼","0","2","2"
"刀和锋利的关","0","2","2"
"和锋利的关系","0","2","2"
"像你刚才所说","0","2","2"
"你刚才所说的","0","2","2"
"刚才所说的那","0","2","2"
"才所说的那样","0","2","2"
"有知觉的物质","0","2","2"
"是没有知觉的","0","2","2"
"是活人的形骸","0","2","2"
"活人的形骸不","0","2","2"
"人的形骸不同","0","2","2"
"的形骸不同于","0","2","2"
"不是死人的骨","0","2","2"
"是死人的骨骼","0","2","2"
"活人的形骸变","0","2","2"
"人的形骸变来","0","2","2"
"之间有什么区","0","2","2"
"间有什么区别","0","2","2"
"生成的东西一","0","2","2"
"成的东西一定","0","2","2"
"的东西一定会","0","2","2"
"逐渐生成的东","0","2","2"
"渐生成的东西","0","2","2"
"都是精神的一","0","2","2"
"一类东西也应","0","2","2"
"类东西也应当","0","2","2"
"但毕竟同属一","0","2","2"
"毕竟同属一个","0","2","2"
"是指五脏中的","0","2","2"
"指五脏中的心","0","2","2"
"有它的基本作","0","2","2"
"它的基本作用","0","2","2"
"凡人圣人的区","0","2","2"
"人圣人的区别","0","2","2"
"有这样的情况","0","2","2"
"祭祀祖先的礼","0","2","2"
"学生常有数百","0","2","2"
"生常有数百人","0","2","2"
"被拜为步兵校","0","2","2"
"拜为步兵校尉","0","2","2"
"他是晋骠骑将","0","2","2"
"是晋骠骑将军","0","2","2"
"迁任王府行参","0","2","2"
"任王府行参军","0","2","2"
"清明廉洁的政","0","2","2"
"上表请求解职","0","2","2"
"为慈母的族亲","0","2","2"
"慈母的族亲服","0","2","2"
"母的族亲服丧","0","2","2"
"不随从父亲为","0","2","2"
"为慈祖母服丧","0","2","2"
"为慈母服丧的","0","2","2"
"如同为母亲服","0","2","2"
"同为母亲服丧","0","2","2"
"之子不为慈母","0","2","2"
"子不为慈母服","0","2","2"
"不为慈母服丧","0","2","2"
"养育自己的庶","0","2","2"
"育自己的庶母","0","2","2"
"之子生母死了","0","2","2"
"从诸母中选择","0","2","2"
"对任师保的那","0","2","2"
"收聚学生讲授","0","2","2"
"聚学生讲授经","0","2","2"
"的学生常常达","0","2","2"
"学生常常达到","0","2","2"
"生常常达到数","0","2","2"
"常常达到数百","0","2","2"
"常达到数百人","0","2","2"
"太守之职不变","0","2","2"
"被除授为员外","0","2","2"
"除授为员外散","0","2","2"
"舍人贺琛奉皇","0","2","2"
"人贺琛奉皇上","0","2","2"
"帮助自己撰写","0","2","2"
"一书完成之后","0","2","2"
"迁任郢州刺史","0","2","2"
"继承了他的学","0","2","2"
"承了他的学说","0","2","2"
"从小聪慧机敏","0","2","2"
"任职期间清正","0","2","2"
"因为公事而免","0","2","2"
"为公事而免职","0","2","2"
"的人络绎不绝","0","2","2"
"被除授为东阳","0","2","2"
"为父亲守丧时","0","2","2"
"建安王迁任江","0","2","2"
"安王迁任江州","0","2","2"
"而显示才能的","0","2","2"
"显示才能的是","0","2","2"
"在齐永明年间","0","2","2"
"卫军将军王俭","0","2","2"
"能舆他相提并","0","2","2"
"舆他相提并论","0","2","2"
"周兴嗣被除授","0","2","2"
"兴嗣被除授为","0","2","2"
"外建了座房子","0","2","2"
"上宫廷的台阶","0","2","2"
"的恩宠和礼遇","0","2","2"
"阮孝绪回答说","0","2","2"
"讨伐东昏侯的","0","2","2"
"伐东昏侯的义","0","2","2"
"用卜筮的方法","0","2","2"
"昏侯的义军平","0","2","2"
"侯的义军平定","0","2","2"
"因此也就更加","0","2","2"
"诸葛璩的学问","0","2","2"
"全按实情回答","0","2","2"
"居终老的想法","0","2","2"
"远近近的人都","0","2","2"
"别精通佛教的","0","2","2"
"精通佛教的经","0","2","2"
"通佛教的经典","0","2","2"
"死好比静止不","0","2","2"
"好比静止不动","0","2","2"
"夏后氏祭送死","0","2","2"
"后氏祭送死人","0","2","2"
"氏祭送死人用","0","2","2"
"祭送死人用明","0","2","2"
"送死人用明器","0","2","2"
"这是明白地告","0","2","2"
"是明白地告诉","0","2","2"
"明白地告诉百","0","2","2"
"白地告诉百姓","0","2","2"
"殷人祭送死人","0","2","2"
"人祭送死人用","0","2","2"
"祭送死人用祭","0","2","2"
"送死人用祭器","0","2","2"
"周人祭送死人","0","2","2"
"一百五十石米","0","2","2"
"的县令没有谁","0","2","2"
"县令没有谁能","0","2","2"
"王台府建立之","0","2","2"
"台府建立之后","0","2","2"
"请求返回家乡","0","2","2"
"朝廷派人就在","0","2","2"
"拜授他为太中","0","2","2"
"授他为太中大","0","2","2"
"不为世事牵累","0","2","2"
"为世事牵累的","0","2","2"
"一向交情很好","0","2","2"
"任命为散骑侍","0","2","2"
"命为散骑侍郎","0","2","2"
"出京任辅国长","0","2","2"
"京任辅国长史","0","2","2"
"有很好的政绩","0","2","2"
"称他明智如神","0","2","2"
"都在何远之上","0","2","2"
"回妹妹的灵柩","0","2","2"
"豫章内史伏佢","0","2","2"
"应当授任他为","0","2","2"
"呈奏他的政绩","0","2","2"
"军鄱阳王萧恢","0","2","2"
"受站测的刑法","0","2","2"
"后来何远又被","0","2","2"
"来何远又被起","0","2","2"
"何远又被起用","0","2","2"
"远又被起用为","0","2","2"
"是什么原因呢","0","2","2"
"什么原因呢?","0","2","2"
"出现这种情况","0","2","2"
"使者前来进献","0","2","2"
"者前来进献贡","0","2","2"
"前来进献贡品","0","2","2"
"宣化从事朱应","0","2","2"
"击败林邑国的","0","2","2"
"败林邑国的军","0","2","2"
"林邑王又派遣","0","2","2"
"邑王又派遣使","0","2","2"
"表章献纳贡品","0","2","2"
"高祖下诏命他","0","2","2"
"祖下诏命他为","0","2","2"
"下诏命他为持","0","2","2"
"诏命他为持节","0","2","2"
"风俗大体上和","0","2","2"
"呈奉表章献纳","0","2","2"
"以后的扶南王","0","2","2"
"扶南王懦陈如","0","2","2"
"邪跋摩又派遣","0","2","2"
"派遣使者呈送","0","2","2"
"个面孔的神像","0","2","2"
"跋摩多次派遣","0","2","2"
"摩多次派遣使","0","2","2"
"次派遣使者进","0","2","2"
"就是其中的一","0","2","2"
"中盛着三粒舍","0","2","2"
"盛着三粒舍利","0","2","2"
"高祖又到寺中","0","2","2"
"不知道是什么","0","2","2"
"我们怀着至诚","0","2","2"
"们怀着至诚之","0","2","2"
"怀着至诚之心","0","2","2"
"天子足下致敬","0","2","2"
"象牙雕的佛像","0","2","2"
"牙雕的佛像及","0","2","2"
"那么你的国家","0","2","2"
"么你的国家就","0","2","2"
"假如你不相信","0","2","2"
"如你不相信我","0","2","2"
"南到北有二十","0","2","2"
"到北有二十天","0","2","2"
"外来献纳贡品","0","2","2"
"我们将会全部","0","2","2"
"他们的百姓喜","0","2","2"
"们的百姓喜欢","0","2","2"
"屡次进犯辽东","0","2","2"
"祖下诏命高延","0","2","2"
"军百济王余隆","0","2","2"
"如同中国称郡","0","2","2"
"岁就送出狱去","0","2","2"
"就送出狱去做","0","2","2"
"送出狱去做奴","0","2","2"
"等显贵者称为","0","2","2"
"西北戎狄各国","0","2","2"
"儿子入朝陪侍","0","2","2"
"呈奉表章进献","0","2","2"
"奉表章进献贡","0","2","2"
"表章进献贡品","0","2","2"
"方圆一千余里","0","2","2"
"妻子并肩而坐","0","2","2"
"子并肩而坐接","0","2","2"
"并肩而坐接待","0","2","2"
"肩而坐接待宾","0","2","2"
"而坐接待宾客","0","2","2"
"也是旁边的小","0","2","2"
"穿长身小袖袍","0","2","2"
"宕昌国国王梁","0","2","2"
"的封爵和官职","0","2","2"
"后朝廷征召他","0","2","2"
"廷征召他为侍","0","2","2"
"征召他为侍中","0","2","2"
"有见识的人说","0","2","2"
"提拔在狱中的","0","2","2"
"去增援陆法和","0","2","2"
"临贺王萧正德","0","2","2"
"景到达朱雀航","0","2","2"
"改年号为正平","0","2","2"
"把萧正德降为","0","2","2"
"看守他的人说","0","2","2"
"他的儿子高澄","0","2","2"
"决定接纳侯景","0","2","2"
"不能东进占有","0","2","2"
"能东进占有函","0","2","2"
"东进占有函谷","0","2","2"
"天柱将军氽朱","0","2","2"
"向高祖上表启","0","2","2"
"高祖上表启奏","0","2","2"
"宣城王萧大器","0","2","2"
"西丰公萧大春","0","2","2"
"临城公萧大连","0","2","2"
"刺史湘东王萧","0","2","2"
"史湘东王萧绎","0","2","2"
"鄱阳世子萧嗣","0","2","2"
"史南康嗣王萧","0","2","2"
"南康嗣王萧会","0","2","2"
"康嗣王萧会理","0","2","2"
"侯景假传韶命","0","2","2"
"景任命郭元建","0","2","2"
"等率军向东讨","0","2","2"
"率军向东讨伐","0","2","2"
"我恭敬地听说","0","2","2"
"侯景于是假传","0","2","2"
"假传萧栋的韶","0","2","2"
"传萧栋的韶命","0","2","2"
"可以大赦天下","0","2","2"
"任命中书监王","0","2","2"
"任命行宕昌王","0","2","2"
"命行宕昌王梁","0","2","2"
"任命车骑将军","0","2","2"
"夏侯详为右光","0","2","2"
"侯详为右光禄","0","2","2"
"详为右光禄大","0","2","2"
"命国子祭酒张","0","2","2"
"沈约为镇军将","0","2","2"
"约为镇军将军","0","2","2"
"大夫夏侯详为","0","2","2"
"将军曹景宗为","0","2","2"
"安成王萧秀为","0","2","2"
"任命吴兴太守","0","2","2"
"任命南徐州刺","0","2","2"
"命南徐州刺史","0","2","2"
"加授左光禄大","0","2","2"
"授左光禄大夫","0","2","2"
"王莹进升官号","0","2","2"
"袁昂为尚书令","0","2","2"
"袁昂为中书监","0","2","2"
"命太子詹事萧","0","2","2"
"詹事萧渊藻为","0","2","2"
"何敬容为尚书","0","2","2"
"城王大器为中","0","2","2"
"王大器为中军","0","2","2"
"仆射何敬容为","0","2","2"
"南平王萧恪为","0","2","2"
"他为护军将军","0","2","2"
"任司徒行参军","0","2","2"
"有文集三十卷","0","2","2"
"出为宁朔将军","0","2","2"
"迁任右卫将军","0","2","2"
"有文集十五卷","0","2","2"
"外出担任使持","0","2","2"
"出担任使持节","0","2","2"
"历任宁远将军","0","2","2"
"出任信武将军","0","2","2"
"进升号仁威将","0","2","2"
"升号仁威将军","0","2","2"
"拜授轻车将军","0","2","2"
"迁任征虏主簿","0","2","2"
"迁任司徒左长","0","2","2"
"迁任都官尚书","0","2","2"
"领南徐州大中","0","2","2"
"是彭城武原人","0","2","2"
"是会稽山阴人","0","2","2"
