"N-gram","原文","翻译","Total"
"派遣使者贡奉地","0","32","32"
"遣使者贡奉地方","0","32","32"
"使者贡奉地方特","0","32","32"
"者贡奉地方特产","0","32","32"
"陈吏部尚书姚察","20","10","30"
"吏部尚书姚察曰","19","3","22"
"扬州刺史临川王","11","9","20"
"国派遣使者贡奉","0","20","20"
"任给事黄门侍郎","0","20","20"
"派遣使者进献本","0","19","19"
"都督江州诸军事","10","8","18"
"兼中书通事舍人","0","18","18"
"遣使者进献本土","0","17","17"
"使者进献本土物","0","17","17"
"者进献本土物产","0","17","17"
"都督中外诸军事","8","7","15"
"司州刺史羊鸦仁","8","6","14"
"在任职期间去世","0","14","14"
"任通直散骑常侍","0","14","14"
"吏部尚书姚察说","0","13","13"
"司州刺史柳仲礼","6","6","12"
"国派遣使者进献","0","12","12"
"州刺史鄱阳王萧","0","12","12"
"因母亲去世离职","0","12","12"
"任员外散骑常侍","0","12","12"
"州刺史临川王宏","10","1","11"
"西中郎谘议参军","6","5","11"
"北中郎谘议参军","5","6","11"
"皇帝亲自祭祀南","0","11","11"
"帝亲自祭祀南郊","0","11","11"
"徐州刺史元法僧","5","5","10"
"巴西太守鲁休烈","5","5","10"
"迁员外散骑常侍","10","0","10"
"南徐二州诸军事","5","4","9"
"开府同三司之仪","0","9","9"
"任金紫光禄大夫","0","9","9"
"母亲去世而离职","0","9","9"
"派遣使者献纳贡","0","9","9"
"遣使者献纳贡品","0","9","9"
"州刺史鄱阳王恢","8","0","8"
"号开府仪同三司","5","3","8"
"荆州刺史鄱阳王","4","4","8"
"孝悌力田赐爵一","8","0","8"
"悌力田赐爵一级","8","0","8"
"大司马谘议参军","4","4","8"
"西中郎中兵参军","4","4","8"
"加通直散骑常侍","5","3","8"
"都督南徐州诸军","5","3","8"
"督南徐州诸军事","5","3","8"
"司徒竟陵王子良","4","4","8"
"国各自派遣使者","0","8","8"
"为给事黄门侍郎","0","8","8"
"从家中征召出来","0","8","8"
"家中征召出来任","0","8","8"
"荆州刺史始兴王","4","3","7"
"本号开府仪同三","5","2","7"
"开府仪同三司南","4","3","7"
"府仪同三司南平","4","3","7"
"仪同三司南平王","4","3","7"
"荆州刺史湘东王","4","3","7"
"前司州刺史羊鸦","4","3","7"
"司州随郡诸军事","6","1","7"
"湘东王谘议参军","4","3","7"
"刺史鄱阳王萧恢","0","7","7"
"派遣使者前来通","0","7","7"
"食邑一千五百户","0","7","7"
"父亲去世而离职","0","7","7"
"任通直散骑侍郎","0","7","7"
"迁任员外散骑常","0","7","7"
"为员外散骑侍郎","0","7","7"
"派遣使者呈奉表","0","7","7"
"遣使者呈奉表章","0","7","7"
"益州刺史刘季连","3","3","6"
"州刺史安成王秀","6","0","6"
"尚书右仆射袁昂","3","3","6"
"州刺史豫章王综","6","0","6"
"开府仪同三司袁","4","2","6"
"州刺史湘东王绎","6","0","6"
"高州刺史李迁仕","3","3","6"
"郢州竟陵司州随","6","0","6"
"州竟陵司州随郡","6","0","6"
"竟陵司州随郡诸","6","0","6"
"陵司州随郡诸军","6","0","6"
"左卫将军王僧辩","3","3","6"
"都督司州诸军事","3","3","6"
"庐陵王法曹行参","3","3","6"
"陵王法曹行参军","3","3","6"
"司徒法曹行参军","3","3","6"
"前后部羽葆鼓吹","3","3","6"
"入中书通事舍人","6","0","6"
"晋安王谘议参军","3","3","6"
"都督百济诸军事","3","3","6"
"进升官爵名号为","0","6","6"
"孝悌力田的农官","0","6","6"
"悌力田的农官赐","0","6","6"
"力田的农官赐爵","0","6","6"
"各自派遣使者贡","0","6","6"
"自派遣使者贡奉","0","6","6"
"州刺史豫章王萧","0","6","6"
"魏国派遣使者前","0","6","6"
"国派遣使者前来","0","6","6"
"遣使者前来通问","0","6","6"
"使者前来通问修","0","6","6"
"者前来通问修好","0","6","6"
"给鼓吹乐队一部","0","6","6"
"因母亲去世而离","0","6","6"
"迁任给事黄门侍","0","6","6"
"调任给事黄门侍","0","6","6"
"从家中被征召出","0","6","6"
"家中被征召出来","0","6","6"
"中被征召出来任","0","6","6"
"使者进献当地特","0","6","6"
"者进献当地特产","0","6","6"
"车骑将军夏侯详","2","3","5"
"尚书左仆射沈约","3","2","5"
"西秦河二州刺史","1","4","5"
"高丽国遣使献方","5","0","5"
"丽国遣使献方物","5","0","5"
"林邑国遣使献方","5","0","5"
"邑国遣使献方物","5","0","5"
"芮芮国遣使献方","5","0","5"
"芮国遣使献方物","5","0","5"
"南国遣使献方物","5","0","5"
"府仪同三司袁昂","4","1","5"
"东扬州刺史临成","3","2","5"
"扬州刺史临成公","3","2","5"
"北秦四州郢州竟","5","0","5"
"秦四州郢州竟陵","5","0","5"
"四州郢州竟陵司","5","0","5"
"州郢州竟陵司州","5","0","5"
"刺史寻阳王大心","3","2","5"
"左卫将军徐文盛","3","2","5"
"迁通直散骑常侍","5","0","5"
"累迁太子中舍人","3","2","5"
"太尉临川王长史","3","2","5"
"庐陵王谘议参军","3","2","5"
"魏徐州刺史元法","3","2","5"
"合州刺史鄱阳王","2","3","5"
"州刺史鄱阳王范","5","0","5"
"中军临川王行参","3","2","5"
"军临川王行参军","3","2","5"
"郢州刺史鄱阳王","3","2","5"
"各自派遣使者进","0","5","5"
"自派遣使者进献","0","5","5"
"任命尚书左仆射","0","5","5"
"皇上到南郊亲自","0","5","5"
"上到南郊亲自祭","0","5","5"
"到南郊亲自祭天","0","5","5"
"芮芮国派遣使者","0","5","5"
"对任孝悌力田的","0","5","5"
"任孝悌力田的农","0","5","5"
"王派遣使者贡奉","0","5","5"
"皇帝亲自耕种藉","0","5","5"
"帝亲自耕种藉田","0","5","5"
"刺史豫章王萧综","0","5","5"
"南国派遣使者贡","0","5","5"
"任员外散骑侍郎","0","5","5"
"赐给鼓吹乐队一","0","5","5"
"授通直散骑常侍","0","5","5"
"增加食邑二百户","0","5","5"
"授任太子中庶子","0","5","5"
"选拔官吏的部门","0","5","5"
"迁任太子中庶子","0","5","5"
"刺史鄱阳王萧范","0","5","5"
"被从家中征召出","0","5","5"
"高祖登上帝位之","0","5","5"
"祖登上帝位之后","0","5","5"
"有不同于树木的","0","5","5"
"不同于树木的知","0","5","5"
"同于树木的知觉","0","5","5"
"州刺史安成王萧","0","5","5"
"刺史安成王萧秀","0","5","5"
"派遣使者进献当","0","5","5"
"遣使者进献当地","0","5","5"
"又派遣使者献纳","0","5","5"
"中郎法曹行参军","2","2","4"
"南中郎谘议参军","2","2","4"
"司州刺史王僧景","2","2","4"
"都督征讨诸军事","2","2","4"
"相国左长史王莹","2","2","4"
"都督北讨诸军事","2","2","4"
"尚书左仆射王莹","2","2","4"
"护军将军始兴王","2","2","4"
"州刺史始兴王憺","4","0","4"
"通元年春正月乙","2","2","4"
"州刺史晋安王纲","4","0","4"
"义州刺史文僧明","2","2","4"
"州刺史庐陵王续","4","0","4"
"州刺史武陵王纪","4","0","4"
"州刺史武兴王杨","2","2","4"
"刺史武兴王杨绍","2","2","4"
"史武兴王杨绍先","2","2","4"
"北益州刺史阴平","2","2","4"
"益州刺史阴平王","2","2","4"
"州刺史阴平王杨","2","2","4"
"刺史阴平王杨法","2","2","4"
"史阴平王杨法深","2","2","4"
"尚书右丞江子四","2","2","4"
"扬州刺史武陵王","2","2","4"
"南徐州刺史临川","2","2","4"
"徐州刺史临川王","2","2","4"
"州刺史临川王正","2","2","4"
"刺史临川王正义","2","2","4"
"遣大将军慕容绍","2","2","4"
"大将军慕容绍宗","2","2","4"
"遣太子舍人元贞","2","2","4"
"安北将军鄱阳王","2","2","4"
"前衡州刺史韦粲","2","2","4"
"州刺史临成公大","3","1","4"
"刺史临成公大连","3","1","4"
"冀二州刺史湘潭","2","2","4"
"二州刺史湘潭侯","2","2","4"
"西江督护陈霸先","2","2","4"
"郢州刺史南平王","2","2","4"
"州刺史南平王恪","3","1","4"
"都督六合诸军事","2","2","4"
"北秦九州诸军事","2","2","4"
"六年五月二十日","2","2","4"
"衡州刺史丁道贵","2","2","4"
"武进县东城里山","2","2","4"
"大司马中兵参军","2","2","4"
"西中郎外兵参军","2","2","4"
"郢州刺史曹景宗","2","2","4"
"都督湘州诸军事","3","1","4"
"鲁山城主孙乐祖","2","2","4"
"梁州长史夏侯道","2","2","4"
"州长史夏侯道迁","2","2","4"
"护军将军崔慧景","2","2","4"
"梁郡太守冯道根","2","2","4"
"征员外散骑常侍","3","1","4"
"迁金紫光禄大夫","4","0","4"
"督北徐州诸军事","3","1","4"
"军庐陵王法曹行","2","2","4"
"中郎豫章王长史","2","2","4"
"除通直散骑常侍","4","0","4"
"临川王外兵参军","2","2","4"
"后军法曹行参军","2","2","4"
"巴东太守萧慧训","2","2","4"
"荆州刺史庐陵王","2","2","4"
"北中郎外兵参军","2","2","4"
"北秦八州诸军事","2","2","4"
"总督汉北征讨诸","2","2","4"
"督汉北征讨诸军","2","2","4"
"汉北征讨诸军事","2","2","4"
"中军田曹行参军","2","2","4"
"天监十一年十一","2","2","4"
"监十一年十一月","2","2","4"
"十一年十一月十","2","2","4"
"骠骑晋安王谘议","2","2","4"
"骑晋安王谘议参","2","2","4"
"云麾晋安王长史","2","2","4"
"淮南太守文成侯","3","1","4"
"谯州刺史湛僧智","2","2","4"
"督南豫州诸军事","2","2","4"
"北徐州刺史封山","2","2","4"
"徐州刺史封山侯","2","2","4"
"平南将军王僧辩","2","2","4"
"新城戍主戴僧易","2","2","4"
"安西安成王参军","2","2","4"
"西中郎湘东王谘","2","2","4"
"中郎湘东王谘议","2","2","4"
"时尚书令何敬容","2","2","4"
"都督城内诸军事","2","2","4"
"仁威临川王长史","2","2","4"
"豫州刺史贞阳侯","2","2","4"
"江州刺史安成王","2","2","4"
"江州刺史曹景宗","2","2","4"
"州刺史南康嗣王","2","2","4"
"江州刺史寻阳王","2","2","4"
"光禄大夫夏侯详","2","2","4"
"南徐州刺史豫章","2","2","4"
"徐州刺史豫章王","2","2","4"
"开府仪同三司王","2","2","4"
"太子詹事萧渊藻","2","2","4"
"开府仪同三司萧","2","2","4"
"升官爵名号为征","0","4","4"
"太白星白天出现","0","4","4"
"州刺史始兴王萧","0","4","4"
"军将军始兴王萧","0","4","4"
"林邑国派遣使者","0","4","4"
"河南王派遣使者","0","4","4"
"皇帝亲自祭祀明","0","4","4"
"帝亲自祭祀明堂","0","4","4"
"刺史庐陵王萧续","0","4","4"
"芮国派遣使者贡","0","4","4"
"田的农官赐爵位","0","4","4"
"的农官赐爵位一","0","4","4"
"农官赐爵位一级","0","4","4"
"州刺史湘束王萧","0","4","4"
"刺史湘束王萧绎","0","4","4"
"对全国已判罪犯","0","4","4"
"领军将军王僧辩","0","4","4"
"任命尚书右仆射","0","4","4"
"为开府仪同三司","0","4","4"
"因父亲去世离职","0","4","4"
"为通直散骑常侍","0","4","4"
"建康城被攻克后","0","4","4"
"陈朝吏部尚书姚","0","4","4"
"朝吏部尚书姚察","0","4","4"
"升迁为太子舍人","0","4","4"
"因父亲去世而离","0","4","4"
"被有关官员奏本","0","4","4"
"被任命为使持节","0","4","4"
"任命为驸马都尉","0","4","4"
"品级为中二千石","0","4","4"
"长沙宣武王萧懿","0","4","4"
"侯景派他的仪同","0","4","4"
"州刺史临川王萧","0","4","4"
"刺史临川王萧宏","0","4","4"
"迁任尚书仪曹郎","0","4","4"
"有像树木那样的","0","4","4"
"像树木那样的物","0","4","4"
"树木那样的物质","0","4","4"
"木那样的物质实","0","4","4"
"那样的物质实体","0","4","4"
"知觉的物质实体","0","4","4"
"判断是非的思虑","0","4","4"
"亲去世而离职守","0","4","4"
"去世而离职守丧","0","4","4"
"派遣使者进献贡","0","4","4"
"次派遣使者献纳","0","4","4"
"使者献纳当地特","0","4","4"
"者献纳当地特产","0","4","4"
"竟陵王子良开西","3","0","3"
"陵王子良开西邸","3","0","3"
"扬州刺史始安王","2","1","3"
"州刺史始安王遥","2","1","3"
"刺史始安王遥光","2","1","3"
"镇东大将军百济","2","1","3"
"东大将军百济王","2","1","3"
"进号征东大将军","3","0","3"
"利国遣使献方物","3","0","3"
"将军长沙王深业","2","1","3"
"州刺史建安王伟","3","0","3"
"军将军始兴王憺","3","0","3"
"长沙王深业护军","3","0","3"
"沙王深业护军将","3","0","3"
"王深业护军将军","3","0","3"
"荆州刺史安成王","2","1","3"
"江州刺史建安王","2","1","3"
"扶南国遣使献方","3","0","3"
"滑国遣使献方物","3","0","3"
"同三司南平王伟","3","0","3"
"南兗州刺史豫章","3","0","3"
"兗州刺史豫章王","3","0","3"
"雍州刺史晋安王","2","1","3"
"南徐州刺史庐陵","2","1","3"
"徐州刺史庐陵王","2","1","3"
"郢州刺史元愿达","2","1","3"
"盘盘国遣使献方","3","0","3"
"盘国遣使献方物","3","0","3"
"广州刺史元景隆","2","1","3"
"州刺史邵陵王纶","3","0","3"
"魏梁州刺史元罗","2","1","3"
"仁州刺史湛海珍","2","1","3"
"州刺史湛海珍等","2","1","3"
"北将军鄱阳王范","3","0","3"
"州刺史羊鸦仁等","2","1","3"
"天门太守樊文皎","2","1","3"
"南兗州刺史南康","3","0","3"
"州刺史湘潭侯萧","1","2","3"
"刺史湘潭侯萧退","1","2","3"
"南北秦四州郢州","2","1","3"
"遣军将军王僧辩","3","0","3"
"军将军王僧辩率","1","2","3"
"遣游击将军胡僧","2","1","3"
"湘州刺史河东王","1","2","3"
"中军临川王记室","2","1","3"
"高祖遣中书舍人","2","1","3"
"荆州刺史巴东王","2","1","3"
"州刺史巴东王子","2","1","3"
"刺史巴东王子响","2","1","3"
"太守鲁休烈举兵","2","1","3"
"除员外散骑侍郎","3","0","3"
"魏兴太守裴师仁","1","2","3"
"尚书仆射夏侯详","1","2","3"
"晋安王国左常侍","2","1","3"
"累迁太子中庶子","2","1","3"
"入通直散骑常侍","3","0","3"
"右军安成王长史","2","1","3"
"庐陵王记室参军","2","1","3"
"中军宣城王司马","2","1","3"
"州刺史封山侯正","2","1","3"
"刺史封山侯正表","2","1","3"
"安西湘东王谘议","2","1","3"
"西湘东王谘议参","2","1","3"
"中郎武陵王长史","2","1","3"
"除通直散骑侍郎","3","0","3"
"州刺史柳仲礼西","2","1","3"
"州刺史贞阳侯萧","1","2","3"
"刺史贞阳侯萧渊","1","2","3"
"史贞阳侯萧渊明","1","2","3"
"命尚书左仆射王","1","2","3"
"卫将军徐文盛东","2","1","3"
"安成王国左常侍","2","1","3"
"中书舍人贺琛奉","1","2","3"
"州刺史寻阳王大","2","1","3"
"行太子少傅沈约","2","1","3"
"加授金紫光禄大","1","2","3"
"授金紫光禄大夫","1","2","3"
"顺时而至的天运","0","3","3"
"加恩特赐的任命","0","3","3"
"树木的物质实体","0","3","3"
"大将军百济王余","0","3","3"
"江州刺史陈伯之","0","3","3"
"刺史临川王芦塞","0","3","3"
"史鄱阳王萧恢为","0","3","3"
"刺史始兴王萧儋","0","3","3"
"进升官号安西将","0","3","3"
"升官号安西将军","0","3","3"
"将军始兴王萧儋","0","3","3"
"将军始兴王萧怆","0","3","3"
"军始兴王萧怆为","0","3","3"
"仆射袁昂为尚书","0","3","3"
"将军豫章王萧综","0","3","3"
"高丽国派遣使者","0","3","3"
"军豫章王萧综为","0","3","3"
"玺派遣使者贡奉","0","3","3"
"南王派遣使者贡","0","3","3"
"州刺史晋安王萧","0","3","3"
"刺史晋安王萧纲","0","3","3"
"南兖州刺史豫章","0","3","3"
"兖州刺史豫章王","0","3","3"
"州刺史庐陵王萧","0","3","3"
"升军号为安西将","0","3","3"
"军号为安西将军","0","3","3"
"以本来官职兼任","0","3","3"
"准许了他的请求","0","3","3"
"盘盘国派遣使者","0","3","3"
"盘国派遣使者贡","0","3","3"
"扶南国派遣使者","0","3","3"
"州刺史武陵王萧","0","3","3"
"刺史武陵王萧纪","0","3","3"
"北将军鄱阳王萧","0","3","3"
"将军鄱阳王萧范","0","3","3"
"南兖州刺史南康","0","3","3"
"年轻时爱好学习","0","3","3"
"全国已判罪犯减","0","3","3"
"国已判罪犯减刑","0","3","3"
"已判罪犯减刑或","0","3","3"
"判罪犯减刑或免","0","3","3"
"罪犯减刑或免刑","0","3","3"
"刺史南平王萧恪","0","3","3"
"为金紫光禄大夫","0","3","3"
"陈的吏部尚书姚","0","3","3"
"的吏部尚书姚察","0","3","3"
"任太尉从事中郎","0","3","3"
"和巴西太守鲁休","0","3","3"
"赐给亲信二十人","0","3","3"
"因母亲去世而辞","0","3","3"
"母亲去世而辞官","0","3","3"
"追赠他为散骑常","0","3","3"
"赠他为散骑常侍","0","3","3"
"可追赠散骑常侍","0","3","3"
"食邑一千二百户","0","3","3"
"迁任治书侍御史","0","3","3"
"迁任太子右卫率","0","3","3"
"入任太子右卫率","0","3","3"
"被任命为辅国将","0","3","3"
"任命为辅国将军","0","3","3"
"兼任安陆郡太守","0","3","3"
"为员外散骑常侍","0","3","3"
"世代居住在江陵","0","3","3"
"任西中郎谘议参","0","3","3"
"屡经升迁为太子","0","3","3"
"经升迁为太子舍","0","3","3"
"外出任晋陵太守","0","3","3"
"外出任宁朔将军","0","3","3"
"外出任宁远将军","0","3","3"
"外出任宣城太守","0","3","3"
"处于选拔官吏的","0","3","3"
"于选拔官吏的部","0","3","3"
"外出任明威将军","0","3","3"
"调任太子中舍人","0","3","3"
"经升迁任中书侍","0","3","3"
"升迁任中书侍郎","0","3","3"
"哀伤消瘦超过礼","0","3","3"
"伤消瘦超过礼仪","0","3","3"
"调任太子中庶子","0","3","3"
"征入任散骑常侍","0","3","3"
"病自己陈述要求","0","3","3"
"屡经升迁任太子","0","3","3"
"经升迁任太子洗","0","3","3"
"升迁任太子洗马","0","3","3"
"被召入任散骑常","0","3","3"
"召入任散骑常侍","0","3","3"
"调任员外散骑常","0","3","3"
"任北中郎谘议参","0","3","3"
"继承父亲的学业","0","3","3"
"始安王萧遥光任","0","3","3"
"服丧期满除服后","0","3","3"
"七岁就能写文章","0","3","3"
"起家任著作佐郎","0","3","3"
"征召出来任秘书","0","3","3"
"召出来任秘书郎","0","3","3"
"当时人认为这是","0","3","3"
"兼任中书通事舍","0","3","3"
"任中书通事舍人","0","3","3"
"为中书黄门侍郎","0","3","3"
"晋安王被立为皇","0","3","3"
"安王被立为皇太","0","3","3"
"王被立为皇太子","0","3","3"
"出京任戎昭将军","0","3","3"
"着有文集二十卷","0","3","3"
"出京任明威将军","0","3","3"
"居母亲丧而离职","0","3","3"
"鄱阳王世子萧嗣","0","3","3"
"琅邪彭城二郡太","0","3","3"
"邪彭城二郡太守","0","3","3"
"都督扬南徐二州","0","3","3"
"督扬南徐二州诸","0","3","3"
"扬南徐二州诸军","0","3","3"
"增加食邑五百户","0","3","3"
"继承了父亲的学","0","3","3"
"到了这样的程度","0","3","3"
"又有不同于树木","0","3","3"
"手这一类东西也","0","3","3"
"任师保的那种慈","0","3","3"
"师保的那种慈母","0","3","3"
"授为员外散骑侍","0","3","3"
"因为父亲去世而","0","3","3"
"为父亲去世而离","0","3","3"
"的人没有一个不","0","3","3"
"遣使者进献贡品","0","3","3"
"又派遣使者进献","0","3","3"
"多次派遣使者献","0","3","3"
"派遣使者献纳当","0","3","3"
"遣使者献纳当地","0","3","3"
"跋摩又派遣使者","0","3","3"
"国王派遣使者呈","0","3","3"
"王派遣使者呈奉","0","3","3"
"使者呈奉表章说","0","3","3"
"来进献当地特产","0","3","3"
"史鄱阳王萧范为","0","3","3"
"南兰陵中都里人","1","1","2"
"仰生太子太傅望","1","1","2"
"辖生州治中副子","1","1","2"
"副子生南台治书","1","1","2"
"子生南台治书道","1","1","2"
"生南台治书道赐","1","1","2"
"宋孝武大明八年","1","1","2"
"秣陵县同夏里三","1","1","2"
"陵县同夏里三桥","1","1","2"
"巴陵王南中郎法","1","1","2"
"陵王南中郎法曹","1","1","2"
"王南中郎法曹行","1","1","2"
"南中郎法曹行参","1","1","2"
"右军晋安王司马","1","1","2"
"遣左民尚书崔慧","1","1","2"
"左民尚书崔慧景","1","1","2"
"雍州刺史曹虎等","1","1","2"
"高祖行雍州府事","1","1","2"
"功曹史吉士瞻等","1","1","2"
"曹史吉士瞻等谋","1","1","2"
"刘山阳巴西太守","2","0","2"
"竟陵太守曹景宗","1","1","2"
"白马戍主黄嗣祖","1","1","2"
"征虏将军夏侯详","1","1","2"
"竟陵内史曹景宗","1","1","2"
"陵内史曹景宗等","1","1","2"
"内史曹景宗等二","1","1","2"
"史曹景宗等二十","1","1","2"
"襄阳太守王茂等","1","1","2"
"阳太守王茂等三","1","1","2"
"太守王茂等三十","1","1","2"
"军主萧伟等三十","1","1","2"
"主萧伟等三十九","1","1","2"
"新城太守崔僧季","1","1","2"
"中兵参军张法安","1","1","2"
"冠军将军萧颖达","1","1","2"
"宁朔将军吴子阳","1","1","2"
"军主光子衿等十","1","1","2"
"主光子衿等十三","1","1","2"
"吴子阳等进军武","1","1","2"
"子阳等进军武口","1","1","2"
"南豫州刺史申胄","1","1","2"
"豫州刺史申胄弃","1","1","2"
"东昏遣征虏将军","2","0","2"
"征虏将军李居士","1","1","2"
"虏将军李居士率","1","1","2"
"将军李居士率步","1","1","2"
"新亭城主江道林","1","1","2"
"亭城主江道林率","1","1","2"
"城主江道林率兵","1","1","2"
"僧勇率水军二千","1","1","2"
"勇率水军二千人","1","1","2"
"率水军二千人归","1","1","2"
"征虏将军王珍国","1","1","2"
"虏将军王珍国率","1","1","2"
"将军王珍国率军","1","1","2"
"军王珍国率军主","1","1","2"
"王珍国率军主胡","1","1","2"
"珍国率军主胡虎","1","1","2"
"国率军主胡虎牙","1","1","2"
"率军主胡虎牙等","1","1","2"
"北徐州刺史王珍","1","1","2"
"徐州刺史王珍国","1","1","2"
"州刺史王珍国斩","1","1","2"
"黄门侍郎乐法才","1","1","2"
"门侍郎乐法才慰","1","1","2"
"散骑常侍左光禄","1","1","2"
"骑常侍左光禄大","1","1","2"
"常侍左光禄大夫","1","1","2"
"相国扬州牧印绶","1","1","2"
"中外都督大司马","1","1","2"
"外都督大司马印","1","1","2"
"都督大司马印绶","1","1","2"
"建康令羊瞻解称","1","1","2"
"康令羊瞻解称凤","1","1","2"
"国左长史王莹等","1","1","2"
"左长史王莹等率","1","1","2"
"长史王莹等率百","1","1","2"
"延陵县华阳逻主","1","1","2"
"陵县华阳逻主戴","1","1","2"
"县华阳逻主戴车","1","1","2"
"鳏寡孤独能存者","2","0","2"
"齐百官豫章王元","1","1","2"
"百官豫章王元琳","1","1","2"
"官豫章王元琳等","1","1","2"
"豫章王元琳等八","1","1","2"
"章王元琳等八百","1","1","2"
"王元琳等八百一","1","1","2"
"元琳等八百一十","1","1","2"
"琳等八百一十九","1","1","2"
"等八百一十九人","1","1","2"
"云等一百一十七","1","1","2"
"等一百一十七人","1","1","2"
"骑将军夏侯详等","1","1","2"
"将军夏侯详等十","1","1","2"
"军夏侯详等十五","1","1","2"
"夏侯详等十五人","1","1","2"
"车骑将军高句骊","1","1","2"
"骑将军高句骊王","1","1","2"
"将军高句骊王高","1","1","2"
"军高句骊王高云","1","1","2"
"高句骊王高云进","1","1","2"
"大将军百济王馀","2","0","2"
"安西将军宕昌王","1","1","2"
"西将军宕昌王梁","1","1","2"
"将军宕昌王梁弥","1","1","2"
"镇东大将军倭王","1","1","2"
"东大将军倭王武","1","1","2"
"大将军倭王武进","1","1","2"
"镇西将军河南王","1","1","2"
"西将军河南王吐","1","1","2"
"将军河南王吐谷","1","1","2"
"军河南王吐谷浑","1","1","2"
"河南王吐谷浑休","1","1","2"
"南王吐谷浑休留","1","1","2"
"王吐谷浑休留代","1","1","2"
"吐谷浑休留代进","1","1","2"
"复南兰陵武进县","1","1","2"
"害卫尉卿张弘策","1","1","2"
"江州刺史陈伯举","2","0","2"
"州刺史陈伯举兵","2","0","2"
"行北秦州刺史杨","1","1","2"
"北秦州刺史杨绍","1","1","2"
"秦州刺史杨绍先","1","1","2"
"中书监王莹等八","1","1","2"
"书监王莹等八人","1","1","2"
"监王莹等八人参","1","1","2"
"干利国遣使献","2","0","2"
"利国遣使献方","2","0","2"
"沈约尚书左仆射","2","0","2"
"新除左光禄大夫","2","0","2"
"左光禄大夫王亮","1","1","2"
"尚书右仆射范云","1","1","2"
"天竺国遣使献方","2","0","2"
"竺国遣使献方物","2","0","2"
"刺史临川王宏进","2","0","2"
"南徐州刺史鄱阳","1","1","2"
"徐州刺史鄱阳王","1","1","2"
"建康县朔阴里生","1","1","2"
"辅国将军刘思效","1","1","2"
"魏青州刺史元系","1","1","2"
"右卫将军曹景宗","2","0","2"
"曹景宗率众赴援","2","0","2"
"左骁骑将军长沙","1","1","2"
"骁骑将军长沙王","1","1","2"
"尚书右仆射王茂","1","1","2"
"魏淮阳镇都军主","1","1","2"
"淮阳镇都军主常","1","1","2"
"阳镇都军主常邕","1","1","2"
"魏阳关主许敬珍","1","1","2"
"车骑将军王茂率","1","1","2"
"魏悬瓠镇军主白","1","1","2"
"宿预城主严仲宝","1","1","2"
"将军始兴王憺中","2","0","2"
"行太子太傅临川","1","1","2"
"太子太傅临川王","1","1","2"
"魏楚王城主李国","1","1","2"
"楚王城主李国兴","1","1","2"
"中军将军始兴王","1","1","2"
"轻车将军晋安王","1","1","2"
"阗国遣使献方物","2","0","2"
"台阁省府州郡镇","1","1","2"
"阁省府州郡镇戍","1","1","2"
"省府州郡镇戍应","1","1","2"
"琅邪二郡太守邓","1","1","2"
"遣振远将军马仙","1","1","2"
"魏徐州刺史卢昶","1","1","2"
"宕昌国遣使献方","2","0","2"
"昌国遣使献方物","2","0","2"
"袁昂尚书右仆射","2","0","2"
"护军将军鄱阳王","1","1","2"
"军将军鄱阳王恢","2","0","2"
"书右仆射袁昂尚","2","0","2"
"右仆射袁昂尚书","2","0","2"
"丹阳尹晋安王纲","2","0","2"
"开府仪同三司建","1","1","2"
"府仪同三司建安","1","1","2"
"仪同三司建安王","1","1","2"
"王伟左光禄大夫","2","0","2"
"镇西将军始兴王","1","1","2"
"始兴王憺中抚将","2","0","2"
"兴王憺中抚将军","2","0","2"
"中抚将军始兴王","1","1","2"
"安右将军豫章王","1","1","2"
"右将军豫章王综","2","0","2"
"临川王宏中书监","2","0","2"
"河南遣使献方物","2","0","2"
"安前将军豫章王","1","1","2"
"豫章王综南徐州","2","0","2"
"章王综南徐州刺","2","0","2"
"王综南徐州刺史","2","0","2"
"河南王遣使献方","2","0","2"
"南王遣使献方物","2","0","2"
"年春正月丁巳朔","2","0","2"
"天监十七年正月","1","1","2"
"监十七年正月一","1","1","2"
"十七年正月一日","1","1","2"
"石头戍事南康王","1","1","2"
"普通元年春正月","1","1","2"
"元年春正月乙亥","1","1","2"
"尚书左仆射王暕","2","0","2"
"金紫光禄大夫王","1","1","2"
"紫光禄大夫王份","1","1","2"
"信威将军邵陵王","1","1","2"
"邵陵王纶江州刺","2","0","2"
"陵王纶江州刺史","2","0","2"
"益州刺史晋安王","1","1","2"
"州刺史文僧明州","2","0","2"
"刺史文僧明州叛","2","0","2"
"史文僧明州叛入","2","0","2"
"文僧明州叛入魏","2","0","2"
"荆州刺史桓叔兴","1","1","2"
"宣毅将军庐陵王","1","1","2"
"四年春正月辛卯","1","1","2"
"镇右将军豫章王","1","1","2"
"右光禄大夫王份","1","1","2"
"会稽太守武陵王","1","1","2"
"员外散骑常侍元","1","1","2"
"外散骑常侍元树","1","1","2"
"徐州刺史成景隽","1","1","2"
"东海太守韦敬欣","1","1","2"
"六年春正月丙午","1","1","2"
"安北将军晋安王","1","1","2"
"州刺史元法僧彭","2","0","2"
"刺史元法僧彭城","2","0","2"
"军将军西昌侯渊","1","1","2"
"将军西昌侯渊藻","1","1","2"
"平东将军元景隆","1","1","2"
"征虏将军元景仲","1","1","2"
"散骑常侍曹仲宗","1","1","2"
"七年春正月辛丑","1","1","2"
"元年春正月乙丑","1","1","2"
"司州刺史夏侯夔","1","1","2"
"州刺史夏侯夔进","1","1","2"
"刺史夏侯夔进军","1","1","2"
"将军萧渊藻中护","2","0","2"
"军萧渊藻中护军","2","0","2"
"魏东豫州刺史元","2","0","2"
"东豫州刺史元庆","2","0","2"
"二年春正月庚申","1","1","2"
"仪同三司袁昂进","2","0","2"
"江州刺史南康王","1","1","2"
"魏郢州刺史元愿","2","0","2"
"中大通元年正月","1","1","2"
"大通元年正月辛","1","1","2"
"通元年正月辛酉","1","1","2"
"安右将军南康王","1","1","2"
"仪同三司袁昂中","2","0","2"
"同三司袁昂中书","2","0","2"
"三司袁昂中书监","2","0","2"
"中权将军萧渊藻","1","1","2"
"二年春正月戊寅","1","1","2"
"太保汝南王元悦","1","1","2"
"超武将军湛海珍","1","1","2"
"三年春正月辛巳","1","1","2"
"州刺史元景隆安","2","0","2"
"刺史元景隆安右","2","0","2"
"史元景隆安右将","2","0","2"
"元景隆安右将军","2","0","2"
"丹丹国遣使献方","2","0","2"
"丹国遣使献方物","2","0","2"
"立晋安王纲皇太","2","0","2"
"晋安王纲皇太子","2","0","2"
"前乐山县侯萧正","1","1","2"
"摩诃般若波罗蜜","1","1","2"
"诃般若波罗蜜经","1","1","2"
"四年春正月丙寅","1","1","2"
"丹阳尹邵陵王纶","2","0","2"
"魏南兗州刺史刘","2","0","2"
"江州刺史武陵王","1","1","2"
"国子博士萧子显","1","1","2"
"子博士萧子显上","1","1","2"
"五年春正月辛卯","1","1","2"
"河南国遣使献方","2","0","2"
"金字摩诃波若经","1","1","2"
"大司马南平王伟","2","0","2"
"六年春二月癸亥","1","1","2"
"百济国遣使献方","2","0","2"
"济国遣使献方物","2","0","2"
"大同元年春正月","2","0","2"
"元年春正月戊申","1","1","2"
"安北将军庐陵王","1","1","2"
"北梁州刺史兰钦","1","1","2"
"梁州刺史兰钦攻","1","1","2"
"北徐州刺史羊徽","1","1","2"
"徐州刺史羊徽逸","1","1","2"
"南秦二州刺史武","1","1","2"
"秦二州刺史武兴","1","1","2"
"二州刺史武兴王","1","1","2"
"阴平王杨法深进","2","0","2"
"平王杨法深进号","2","0","2"
"刺史湘东王绎进","2","0","2"
"史湘东王绎进号","2","0","2"
"前梁州刺史元罗","1","1","2"
"三年春正月辛丑","1","1","2"
"中书令邵陵王纶","2","0","2"
"前扬州刺史武陵","1","1","2"
"彭城二郡太守岳","1","1","2"
"城二郡太守岳阳","1","1","2"
"二郡太守岳阳王","1","1","2"
"开府仪同三司庐","1","1","2"
"府仪同三司庐陵","1","1","2"
"仪同三司庐陵王","1","1","2"
"六年春正月庚戌","1","1","2"
"刺史邵陵王纶平","2","0","2"
"云麾将军豫章王","1","1","2"
"王遣使献马方物","2","0","2"
"七年春正月辛巳","1","1","2"
"七年十一月九日","1","1","2"
"江州刺史湘东王","2","0","2"
"刺史湘东王绎遣","2","0","2"
"九年春闰月丙申","1","1","2"
"轻车将军河东王","1","1","2"
"河东王誉军将军","2","0","2"
"十一年春三月庚","1","1","2"
"一年春三月庚辰","1","1","2"
"元年春正月丁未","1","1","2"
"孝悌力田父后者","2","0","2"
"悌力田父后者赐","2","0","2"
"力田父后者赐爵","2","0","2"
"田父后者赐爵一","2","0","2"
"父后者赐爵一级","2","0","2"
"扬州刺史武昌王","1","1","2"
"将军慕容绍宗等","1","1","2"
"州刺史胡贵孙等","1","1","2"
"二年春正月戊戌","1","1","2"
"豫州刺史羊鸦仁","1","1","2"
"殷州刺史羊思达","1","1","2"
"将军高丽王高延","1","1","2"
"护军将军河东王","1","1","2"
"开府仪同三司邵","1","1","2"
"府仪同三司邵陵","1","1","2"
"仪同三司邵陵王","1","1","2"
"光禄大夫临贺王","1","1","2"
"禄大夫临贺王正","1","1","2"
"大夫临贺王正德","1","1","2"
"武州刺史萧弄璋","1","1","2"
"三年春正月丁巳","1","1","2"
"史临成公大连等","1","1","2"
"州刺史南康王会","1","1","2"
"刺史南康王会理","1","1","2"
"遣石城公大款解","1","1","2"
"冀二州刺史明少","1","1","2"
"二州刺史明少遐","1","1","2"
"东徐州刺史湛海","1","1","2"
"徐州刺史湛海珍","1","1","2"
"北青州刺史王奉","1","1","2"
"青州刺史王奉伯","1","1","2"
"钟山造大爱敬寺","2","0","2"
"广州刺史元景仲","1","1","2"
"南徐州刺史萧渊","1","1","2"
"徐州刺史萧渊藻","1","1","2"
"大宝元年春正月","1","1","2"
"刺史南平王恪州","2","0","2"
"史南平王恪州纶","2","0","2"
"侯景逼太宗幸西","2","0","2"
"景逼太宗幸西州","2","0","2"
"开府仪同三司鄱","1","1","2"
"府仪同三司鄱阳","1","1","2"
"仪同三司鄱阳嗣","1","1","2"
"同三司鄱阳嗣王","1","1","2"
"三司鄱阳嗣王范","1","1","2"
"南郡王大连行扬","1","1","2"
"郡王大连行扬州","1","1","2"
"王大连行扬州事","1","1","2"
"害南康嗣王会理","1","1","2"
"宁州刺史徐文盛","1","1","2"
"南郡王前中兵张","1","1","2"
"郡王前中兵张彪","1","1","2"
"军将军王僧辩连","1","1","2"
"游击将军胡僧祐","2","0","2"
"获魏司徒张化仁","1","1","2"
"获贼帅宋子仙等","1","1","2"
"贼行江州事范希","1","1","2"
"行江州事范希荣","1","1","2"
"江州事范希荣弃","1","1","2"
"州事范希荣弃城","1","1","2"
"南梁六州诸军事","1","1","2"
"大都督中外诸军","1","1","2"
"遣镇兵将军鲍泉","1","1","2"
"镇兵将军鲍泉代","1","1","2"
"雍州刺史岳阳王","1","1","2"
"州刺史岳阳王察","2","0","2"
"卫将军王僧辩代","1","1","2"
"卫将军王僧辩获","1","1","2"
"衡阳内史周弘直","1","1","2"
"太子右卫率萧慧","1","1","2"
"子右卫率萧慧正","1","1","2"
"进号征南大将军","2","0","2"
"高祖武皇帝聪明","1","1","2"
"祖武皇帝聪明神","1","1","2"
"武皇帝聪明神武","1","1","2"
"东南道大行台刘","1","1","2"
"南道大行台刘神","1","1","2"
"道大行台刘神茂","1","1","2"
"大行台刘神茂率","1","1","2"
"长宁县开国侯王","1","1","2"
"宁县开国侯王僧","1","1","2"
"县开国侯王僧辩","1","1","2"
"开国侯王僧辩率","1","1","2"
"王僧辩等奉表曰","2","0","2"
"大都督王僧辩等","1","1","2"
"太清六年五月二","1","1","2"
"清六年五月二十","1","1","2"
"扬州刺史南平王","1","1","2"
"前梁州刺史萧循","1","1","2"
"将潘乌累等举兵","1","1","2"
"承圣元年冬十一","1","1","2"
"圣元年冬十一月","1","1","2"
"元年冬十一月丙","1","1","2"
"年冬十一月丙子","1","1","2"
"朕皇祖太祖文皇","1","1","2"
"皇祖太祖文皇帝","1","1","2"
"祖太祖文皇帝积","1","1","2"
"太祖文皇帝积德","1","1","2"
"皇考高祖武皇帝","1","1","2"
"太宗简文皇帝地","1","1","2"
"将潘乌累等攻破","1","1","2"
"等攻破衡州刺史","2","0","2"
"攻破衡州刺史丁","2","0","2"
"破衡州刺史丁道","2","0","2"
"州刺史丁道贵渌","2","0","2"
"刺史丁道贵渌口","2","0","2"
"营州刺史李洪雅","1","1","2"
"李洪雅零陵率众","2","0","2"
"洪雅零陵率众空","2","0","2"
"二年春正月乙丑","1","1","2"
"遣大将尉迟迥袭","1","1","2"
"尉迟迥进逼巴西","1","1","2"
"徐子初斩贼城主","1","1","2"
"子初斩贼城主公","1","1","2"
"初斩贼城主公孙","1","1","2"
"尚书右仆射王褒","1","1","2"
"宿预土民东方光","1","1","2"
"加南豫州刺史侯","1","1","2"
"秦州刺史严超达","1","1","2"
"都督城东城北诸","1","1","2"
"督城东城北诸军","1","1","2"
"城东城北诸军事","1","1","2"
"皇太子巡行城楼","1","1","2"
"晋安王司马任约","1","1","2"
"安王司马任约军","1","1","2"
"太尉扬州刺史王","1","1","2"
"尉扬州刺史王僧","1","1","2"
"扬州刺史王僧辩","1","1","2"
"司空南徐州刺史","1","1","2"
"空南徐州刺史陈","1","1","2"
"南徐州刺史陈霸","1","1","2"
"徐州刺史陈霸先","1","1","2"
"加司空陈霸先班","1","1","2"
"司空陈霸先班剑","1","1","2"
"空陈霸先班剑三","1","1","2"
"陈霸先班剑三十","1","1","2"
"霸先班剑三十人","1","1","2"
"齐遣上党王高涣","2","0","2"
"送贞阳侯萧渊明","1","1","2"
"纳贞阳侯萧渊明","1","1","2"
"绍泰元年冬十月","1","1","2"
"司徒建安公渊明","1","1","2"
"齐安州刺史翟子","1","1","2"
"安州刺史翟子崇","1","1","2"
"楚州刺史刘仕荣","1","1","2"
"淮州刺史柳达摩","1","1","2"
"州刺史柳达摩率","1","1","2"
"遣猛烈将军侯安","1","1","2"
"猛烈将军侯安都","1","1","2"
"烈将军侯安都水","1","1","2"
"将军侯安都水军","1","1","2"
"太平元年春正月","1","1","2"
"侯萧循袭封鄱阳","1","1","2"
"萧循袭封鄱阳王","1","1","2"
"东扬州刺史张彪","1","1","2"
"围临海太守王怀","1","1","2"
"临海太守王怀振","1","1","2"
"戍主明州刺史张","1","1","2"
"主明州刺史张怀","1","1","2"
"明州刺史张怀钧","1","1","2"
"太傅建安公渊明","1","1","2"
"司空陈霸先进位","1","1","2"
"空陈霸先进位司","1","1","2"
"陈霸先进位司徒","1","1","2"
"开府仪同三司侯","1","1","2"
"新除左卫将军欧","1","1","2"
"除左卫将军欧阳","1","1","2"
"平南将军刘法瑜","1","1","2"
"益州刺史长沙王","1","1","2"
"州刺史长沙王韶","1","1","2"
"刺史长沙王韶进","1","1","2"
"史长沙王韶进号","1","1","2"
"长沙王韶进号征","1","1","2"
"沙王韶进号征南","1","1","2"
"王韶进号征南将","1","1","2"
"韶进号征南将军","1","1","2"
"军将军徐度入东","1","1","2"
"将军徐度入东关","1","1","2"
"南江州刺史余孝","1","1","2"
"江州刺史余孝顷","1","1","2"
"平西将军周文育","1","1","2"
"平南将军侯安都","1","1","2"
"南将军侯安都等","1","1","2"
"将军侯安都等率","1","1","2"
"文育前军丁法洪","1","1","2"
"德州刺史陈法武","1","1","2"
"前衡州刺史谭世","1","1","2"
"衡州刺史谭世远","1","1","2"
"改四柱钱一准十","1","1","2"
"萧勃故主帅前直","1","1","2"
"勃故记室李宝藏","1","1","2"
"加丞相陈霸先黄","1","1","2"
"丞相陈霸先黄钺","1","1","2"
"王后王子女爵命","1","1","2"
"生长沙宣武王懿","2","0","2"
"海武进县东城里","1","1","2"
"赠金紫光禄大夫","2","0","2"
"加员外散骑常侍","1","1","2"
"宋泰豫元年六月","1","1","2"
"议百官吏敬敬帝","2","0","2"
"百官吏敬敬帝所","2","0","2"
"官吏敬敬帝所生","2","0","2"
"普通七年十一月","1","1","2"
"通七年十一月庚","1","1","2"
"七年十一月庚辰","1","1","2"
"天监十六年十二","1","1","2"
"监十六年十二月","1","1","2"
"齐中兴元年九月","1","1","2"
"天监元年十一月","1","1","2"
"中书舍人顾协宣","1","1","2"
"前交州刺史王弁","1","1","2"
"承圣元年十一月","1","1","2"
"宁朔将军长史镇","1","1","2"
"前军将军江夏王","1","1","2"
"军将军江夏王司","1","1","2"
"将军江夏王司马","1","1","2"
"结仁威府中兵参","1","1","2"
"仁威府中兵参军","1","1","2"
"威府中兵参军杜","1","1","2"
"府中兵参军杜景","1","1","2"
"食邑一千六百户","1","1","2"
"云杜县开国侯柳","1","1","2"
"杜县开国侯柳庆","1","1","2"
"县开国侯柳庆远","1","1","2"
"遣辅国将军刘山","1","1","2"
"辅国将军刘山阳","1","1","2"
"西中郎城局参军","1","1","2"
"中郎城局参军席","1","1","2"
"郎城局参军席阐","1","1","2"
"城局参军席阐文","1","1","2"
"征通直散骑常侍","2","0","2"
"辅国将军刘勔讨","2","0","2"
"荆府城局参军吉","1","1","2"
"府城局参军吉士","1","1","2"
"城局参军吉士瞻","1","1","2"
"西太守鲁休烈等","1","1","2"
"遣郢州刺史曹景","1","1","2"
"州刺史曹景宗率","1","1","2"
"寿县开国伯道恭","1","1","2"
"梁州刺史王玄邈","1","1","2"
"雍州刺史陈显达","1","1","2"
"时湘州行事张宝","1","1","2"
"湘州行事张宝积","1","1","2"
"州行事张宝积发","1","1","2"
"行事张宝积发兵","1","1","2"
"豫州刺史薛恭度","1","1","2"
"时西阳马荣率众","1","1","2"
"平南中兵参军事","1","1","2"
"荆州刺史萧遥欣","1","1","2"
"西昌侯萧渊藻代","1","1","2"
"白马戍主尹天宝","1","1","2"
"迁车骑谘议参军","1","1","2"
"前军司马吕僧珍","1","1","2"
"迁南中郎记室参","1","1","2"
"南中郎记室参军","1","1","2"
"长史夏侯道迁举","1","1","2"
"史夏侯道迁举州","1","1","2"
"东兴县开国侯绍","1","1","2"
"兴县开国侯绍叔","1","1","2"
"齐随王子隆荆州","2","0","2"
"雍州刺史王奂反","1","1","2"
"本官太子中庶子","2","0","2"
"平固县开国侯僧","1","1","2"
"固县开国侯僧珍","1","1","2"
"论功封曲江县侯","1","1","2"
"寻迁尚书右仆射","2","0","2"
"遣巴西太守刘山","1","1","2"
"巴西太守刘山阳","1","1","2"
"西中郎长史萧颖","1","1","2"
"中郎长史萧颖胄","1","1","2"
"雍州刺史萧赤斧","1","1","2"
"迁司空桂阳王行","1","1","2"
"司空桂阳王行参","1","1","2"
"空桂阳王行参军","1","1","2"
"随齐司空柳世隆","1","1","2"
"迁前军中兵参军","1","1","2"
"景宗营前二十里","1","1","2"
"司州刺史马仙琕","2","0","2"
"寻加通直散骑常","2","0","2"
"家安成王府行参","1","1","2"
"安成王府行参军","1","1","2"
"冠军南平王司马","1","1","2"
"魏兴太守颜僧都","1","1","2"
"兴太守颜僧都等","1","1","2"
"守鲁休烈举兵逼","2","0","2"
"鲁休烈举兵逼荆","2","0","2"
"休烈举兵逼荆州","2","0","2"
"北将军汪六世孙","2","0","2"
"转补征北南郡王","1","1","2"
"授通直散骑侍郎","1","1","2"
"安西晋安王法曹","1","1","2"
"西晋安王法曹参","1","1","2"
"晋安王法曹参军","1","1","2"
"右仆射范云等二","1","1","2"
"仆射范云等二十","1","1","2"
"射范云等二十余","1","1","2"
"范云等二十余人","1","1","2"
"巴陵王国左常侍","1","1","2"
"司徒刑狱参军事","1","1","2"
"司徒竟陵王记室","1","1","2"
"徒竟陵王记室参","1","1","2"
"竟陵王记室参军","1","1","2"
"昉遇竟陵王西邸","2","0","2"
"抚军法曹行参军","1","1","2"
"寻迁事黄门侍郎","2","0","2"
"时国子祭酒庐江","1","1","2"
"遣军司马王果宣","2","0","2"
"军司马王果宣旨","2","0","2"
"迁司徒谘议参军","2","0","2"
"冠军长史胡辛生","1","1","2"
"宁朔将军张豹子","1","1","2"
"左卫将军曹景宗","1","1","2"
"都督豫州诸军事","1","1","2"
"左军将军冯道根","1","1","2"
"都督淮上诸军事","1","1","2"
"遣尚书右仆射袁","1","1","2"
"遣尚书仆射李昙","1","1","2"
"尚书仆射李昙定","1","1","2"
"徐州刺史刘思祖","1","1","2"
"州刺史刘思祖等","1","1","2"
"司空临川王司马","1","1","2"
"太子右卫率康绚","1","1","2"
"营道县开国侯昌","1","1","2"
"道县开国侯昌义","1","1","2"
"南康王荆州刺史","2","0","2"
"迁西中郎谘议参","2","0","2"
"北中郎录事参军","1","1","2"
"中郎录事参军事","1","1","2"
"南中郎录事参军","1","1","2"
"时辅国将军杨公","1","1","2"
"车骑平西录事参","1","1","2"
"骑平西录事参军","1","1","2"
"时长沙宣武王将","1","1","2"
"遣中兵参军宋买","1","1","2"
"中兵参军宋买率","1","1","2"
"遣参军崔茂祖率","1","1","2"
"人雍道晞率群贼","1","1","2"
"中兵参军李奉伯","1","1","2"
"兵参军李奉伯率","1","1","2"
"会稽人石文安字","1","1","2"
"稽人石文安字守","1","1","2"
"人石文安字守休","1","1","2"
"乡人车骑将军王","1","1","2"
"人车骑将军王广","1","1","2"
"豫章太守郑伯伦","1","1","2"
"太守郑伯伦坚守","1","1","2"
"都督西豫州诸军","1","1","2"
"督西豫州诸军事","1","1","2"
"父尚书仆射僧达","1","1","2"
"抚军建安王长史","1","1","2"
"大司马相国谘议","1","1","2"
"司马相国谘议参","1","1","2"
"马相国谘议参军","1","1","2"
"骠骑大将军长史","1","1","2"
"平西鄱阳郡王长","1","1","2"
"西鄱阳郡王长史","1","1","2"
"游击将军徐希秀","1","1","2"
"建康禁中里马蕃","1","1","2"
"康禁中里马蕃巷","1","1","2"
"中军庐陵王法曹","1","1","2"
"征虏安成王长史","1","1","2"
"改授晋安王文学","1","1","2"
"始安王遥光表荐","2","0","2"
"北中郎豫章王长","1","1","2"
"除金紫光禄大夫","2","0","2"
"中大通六年正月","1","1","2"
"安西武陵王长史","1","1","2"
"齐左卫将军王俭","1","1","2"
"后军临川王外兵","1","1","2"
"军临川王外兵参","1","1","2"
"中权始兴王长史","1","1","2"
"吴太妃生安成康","1","1","2"
"太妃生安成康王","1","1","2"
"卫军庐陵王法曹","1","1","2"
"北中郎桂阳王功","1","1","2"
"中郎桂阳王功曹","1","1","2"
"郎桂阳王功曹史","1","1","2"
"始安王萧遥光所","1","1","2"
"安王萧遥光所礼","1","1","2"
"霍八州北讨诸军","1","1","2"
"八州北讨诸军事","1","1","2"
"所生母陈太妃寝","2","0","2"
"生母陈太妃寝疾","2","0","2"
"豫州刺史司马悦","1","1","2"
"东北楼主许郁华","1","1","2"
"晋安镇北法曹行","1","1","2"
"安镇北法曹行参","1","1","2"
"镇北法曹行参军","1","1","2"
"齐兴太守颜僧都","1","1","2"
"东太守萧慧训子","2","0","2"
"太守萧慧训子璝","2","0","2"
"白直左右职局一","1","1","2"
"直左右职局一百","1","1","2"
"左右职局一百人","1","1","2"
"州刺史庐陵王所","1","1","2"
"刺史庐陵王所启","1","1","2"
"骠骑法曹行参军","1","1","2"
"累迁北中郎外兵","2","0","2"
"迁北中郎外兵参","2","0","2"
"进号骠骑大将军","2","0","2"
"遣中书舍人刘显","1","1","2"
"西中郎法曹行参","1","1","2"
"时巴东太守萧慧","1","1","2"
"西太守鲁休烈举","1","1","2"
"南安太守垣季珪","1","1","2"
"普通三年十一月","1","1","2"
"骠骑将军始兴王","1","1","2"
"平西将军崔慧景","1","1","2"
"都督征讨水陆诸","1","1","2"
"督征讨水陆诸军","1","1","2"
"征讨水陆诸军事","1","1","2"
"建安王中兵参军","2","0","2"
"除晋安王国左常","2","0","2"
"永嘉人胡仲宣等","1","1","2"
"宁蛮长史曹义宗","1","1","2"
"中兵参军孟惠俊","1","1","2"
"获武陵太守白涡","1","1","2"
"太尉文宪公王俭","1","1","2"
"太子步兵校尉伏","1","1","2"
"子步兵校尉伏曼","1","1","2"
"步兵校尉伏曼容","1","1","2"
"卫将军丹阳尹王","1","1","2"
"将军丹阳尹王俭","1","1","2"
"尚书仆射沈约等","1","1","2"
"学士右军记室参","1","1","2"
"士右军记室参军","1","1","2"
"右军记室参军明","1","1","2"
"军记室参军明山","1","1","2"
"记室参军明山宾","1","1","2"
"室参军明山宾掌","1","1","2"
"中军骑兵参军严","1","1","2"
"军骑兵参军严植","1","1","2"
"征虏记室参军陆","1","1","2"
"虏记室参军陆琏","1","1","2"
"记室参军陆琏掌","1","1","2"
"镇北谘议参军伏","1","1","2"
"镇军将军丹阳尹","1","1","2"
"军将军丹阳尹沈","1","1","2"
"将军丹阳尹沈约","1","1","2"
"天监六年五月七","1","1","2"
"监六年五月七日","1","1","2"
"六年五月七日上","1","1","2"
"一年十一月十日","1","1","2"
"年十一月十日上","1","1","2"
"一年十一月十七","1","1","2"
"年十一月十七日","1","1","2"
"十一月十七日上","1","1","2"
"五千六百九十三","1","1","2"
"千六百九十三条","1","1","2"
"一千一百七十六","1","1","2"
"千一百七十六卷","1","1","2"
"佐史尚书左丞刘","1","1","2"
"史尚书左丞刘览","1","1","2"
"尚书左丞刘览等","1","1","2"
"迁右军谘议参军","2","0","2"
"冠军晋安王长史","1","1","2"
"司徒建安王休仁","1","1","2"
"平南安成王长史","1","1","2"
"梦者所见军马践","1","1","2"
"王中权录事参军","1","1","2"
"俄迁员外散骑常","2","0","2"
"中军法曹行参军","1","1","2"
"司徒竟陵王外兵","1","1","2"
"徒竟陵王外兵参","1","1","2"
"竟陵王外兵参军","1","1","2"
"征虏宜都王功曹","1","1","2"
"虏宜都王功曹史","1","1","2"
"中军临川王谘议","1","1","2"
"军临川王谘议参","1","1","2"
"临川王谘议参军","1","1","2"
"司空临川王长史","1","1","2"
"迁通直散骑侍郎","2","0","2"
"刺史竟陵王子良","1","1","2"
"右军安成王外兵","1","1","2"
"军安成王外兵参","1","1","2"
"安成王外兵参军","1","1","2"
"骠骑临川王东曹","1","1","2"
"骑临川王东曹掾","1","1","2"
"南徐州迎西曹行","1","1","2"
"徐州迎西曹行事","1","1","2"
"齐始安王萧遥光","2","0","2"
"迁北中郎谘议参","2","0","2"
"前司徒左长史殷","1","1","2"
"司徒左长史殷芸","1","1","2"
"始安王遥光扬州","1","1","2"
"安王遥光扬州治","1","1","2"
"王遥光扬州治中","1","1","2"
"司空临川王法曹","1","1","2"
"轻车庐陵王记室","1","1","2"
"车庐陵王记室参","1","1","2"
"南太守文成侯萧","1","1","2"
"太守文成侯萧宁","1","1","2"
"邃督征讨诸军事","1","1","2"
"遣豫州刺史裴邃","1","1","2"
"州民夏侯简等五","1","1","2"
"民夏侯简等五百","1","1","2"
"夏侯简等五百人","1","1","2"
"时谯州刺史湛僧","1","1","2"
"州刺史元愿达请","1","1","2"
"遣镇北将军元树","1","1","2"
"丁贵嫔生昭明太","1","1","2"
"贵嫔生昭明太子","1","1","2"
"嫔生昭明太子统","1","1","2"
"容生世祖孝元皇","1","1","2"
"吴淑媛生豫章王","1","1","2"
"淑媛生豫章王综","1","1","2"
"董淑仪生南康简","1","1","2"
"淑仪生南康简王","1","1","2"
"仪生南康简王绩","1","1","2"
"丁充华生邵陵携","1","1","2"
"充华生邵陵携王","1","1","2"
"华生邵陵携王纶","1","1","2"
"葛修容生武陵王","1","1","2"
"修容生武陵王纪","1","1","2"
"曹嘉乐等三百七","1","1","2"
"嘉乐等三百七十","1","1","2"
"乐等三百七十人","1","1","2"
"史封山侯正表将","1","1","2"
"扬州刺史大连等","1","1","2"
"州刺史田龙祖迎","1","1","2"
"西魏安州刺史马","1","1","2"
"魏安州刺史马岫","1","1","2"
"南中郎外兵参军","1","1","2"
"齐武陵王国左常","1","1","2"
"武陵王国左常侍","1","1","2"
"右军江夏王参军","1","1","2"
"右军安成王参军","1","1","2"
"冠军府录事参军","1","1","2"
"军府录事参军河","1","1","2"
"府录事参军河东","1","1","2"
"受诏续修何承天","1","1","2"
"阴侯斩胡白题将","1","1","2"
"侯斩胡白题将一","1","1","2"
"斩胡白题将一人","1","1","2"
"召尚书仆射徐勉","1","1","2"
"中书通事舍人裴","1","1","2"
"书通事舍人裴子","1","1","2"
"通事舍人裴子野","1","1","2"
"内外孙侄游虎丘","1","1","2"
"外孙侄游虎丘山","1","1","2"
"中书通事舍人顾","1","1","2"
"书通事舍人顾协","1","1","2"
"云麾府记室参军","1","1","2"
"安北中录事参军","1","1","2"
"南将军王僧辩代","1","1","2"
"右军邵陵王长史","1","1","2"
"时尚书令王晏弟","1","1","2"
"州牧郡守皆望风","1","1","2"
"号中抚军大将军","1","1","2"
"城戍主戴僧易劝","1","1","2"
"戍主戴僧易劝令","1","1","2"
"主戴僧易劝令拒","1","1","2"
"戴僧易劝令拒守","1","1","2"
"袁千里命属崩离","1","1","2"
"魏豫州刺史李宪","1","1","2"
"征南将军常山王","1","1","2"
"南将军常山王元","1","1","2"
"将军常山王元昭","1","1","2"
"军常山王元昭等","1","1","2"
"涡阳城主王纬乞","1","1","2"
"阳城主王纬乞降","1","1","2"
"城中男女三万余","1","1","2"
"将军济阴王元晖","1","1","2"
"军济阴王元晖业","1","1","2"
"济阴王元晖业率","1","1","2"
"抚军将军元显恭","1","1","2"
"军将军元显恭率","1","1","2"
"骠骑将军硃吐没","2","0","2"
"魏大将军上党王","1","1","2"
"大将军上党王元","1","1","2"
"将军上党王元天","1","1","2"
"军上党王元天穆","1","1","2"
"豫州人程道雍等","1","1","2"
"都督缘淮诸军事","1","1","2"
"魏遣将侯景率众","1","1","2"
"遣将侯景率众七","1","1","2"
"将侯景率众七万","1","1","2"
"州民李升等八百","1","1","2"
"民李升等八百人","1","1","2"
"魏豫州刺史尧雄","1","1","2"
"魏彭城守将杨目","1","1","2"
"破谯州刺史刘海","1","1","2"
"谯州刺史刘海游","1","1","2"
"破俚帅陈文彻兄","1","1","2"
"俚帅陈文彻兄弟","1","1","2"
"吏民诣阙请立碑","2","0","2"
"前刺史南安侯密","1","1","2"
"刺史南安侯密遣","1","1","2"
"史南安侯密遣厨","1","1","2"
"南安侯密遣厨人","1","1","2"
"徒竟陵王子良开","1","1","2"
"官令东海王僧孺","1","1","2"
"妇人事二十余条","1","1","2"
"中权建安王中记","1","1","2"
"权建安王中记室","1","1","2"
"建安王中记室参","1","1","2"
"安王中记室参军","1","1","2"
"家僮载米三千石","1","1","2"
"平南安成王记室","1","1","2"
"安西骠骑谘议参","1","1","2"
"西骠骑谘议参军","1","1","2"
"权知司徒右长史","1","1","2"
"知司徒右长史事","1","1","2"
"仆射徐勉宣旨慰","1","1","2"
"射徐勉宣旨慰抚","1","1","2"
"除安西湘东王谘","2","0","2"
"信威临贺王长史","1","1","2"
"国子祭酒萧子云","1","1","2"
"史臣陈吏部尚书","1","1","2"
"太学博士顾野王","1","1","2"
"学博士顾野王奉","1","1","2"
"博士顾野王奉令","1","1","2"
"士顾野王奉令撰","1","1","2"
"宗人少府卿孔登","1","1","2"
"人少府卿孔登宅","1","1","2"
"临川王府行参军","1","1","2"
"时太子詹事周舍","1","1","2"
"刺史临川王宏薨","1","1","2"
"夜召休源入宴居","1","1","2"
"召休源入宴居殿","1","1","2"
"时吴兴太守袁昂","1","1","2"
"仁威庐陵王长史","1","1","2"
"州刺史元法僧降","1","1","2"
"刺史元法僧降附","1","1","2"
"徐州刺史元延明","1","1","2"
"东中郎武陵王长","2","0","2"
"西陵岸取石十余","1","1","2"
"陵岸取石十余片","1","1","2"
"尚书令何敬容掌","1","1","2"
"尚齐武帝女长城","1","1","2"
"齐武帝女长城公","1","1","2"
"武帝女长城公主","1","1","2"
"时仆射徐勉参掌","1","1","2"
"仆射徐勉参掌机","1","1","2"
"射徐勉参掌机密","1","1","2"
"中大同元年三月","1","1","2"
"尚书令沈约面试","1","1","2"
"州刺史元法僧遣","1","1","2"
"刺史元法僧遣使","1","1","2"
"征西鄱阳王中录","1","1","2"
"西鄱阳王中录事","1","1","2"
"都督徐州诸军事","1","1","2"
"昼夜连臂蹋足歌","1","1","2"
"弟天生率众攻陷","1","1","2"
"天生率众攻陷岐","1","1","2"
"生率众攻陷岐州","1","1","2"
"都督瑕丘征讨诸","1","1","2"
"督瑕丘征讨诸军","1","1","2"
"瑕丘征讨诸军事","1","1","2"
"都督瑕丘诸军事","1","1","2"
"太尉元法僧北讨","1","1","2"
"令邵陵王袭取寿","1","1","2"
"邵陵王袭取寿春","1","1","2"
"王都督城内诸军","1","1","2"
"景遣仪同傅士哲","1","1","2"
"遣仪同傅士哲呼","1","1","2"
"刺史湛海珍等精","1","1","2"
"史湛海珍等精兵","1","1","2"
"湛海珍等精兵三","1","1","2"
"海珍等精兵三万","1","1","2"
"西豫等七州诸军","1","1","2"
"豫等七州诸军事","1","1","2"
"故北徐州刺史荀","1","1","2"
"北徐州刺史荀伯","1","1","2"
"徐州刺史荀伯道","1","1","2"
"州刺史荀伯道诸","1","1","2"
"刺史荀伯道诸子","1","1","2"
"王命记室庾肩吾","1","1","2"
"尚书令沈约命驾","1","1","2"
"五兵尚书傅昭掌","1","1","2"
"兵尚书傅昭掌著","1","1","2"
"尚书傅昭掌著作","1","1","2"
"司空临川王外兵","1","1","2"
"空临川王外兵参","1","1","2"
"骠骑鄱阳王记室","1","1","2"
"征西鄱阳王长史","1","1","2"
"永平十六年五月","1","1","2"
"平十六年五月二","1","1","2"
"十六年五月二十","1","1","2"
"六年五月二十一","1","1","2"
"年五月二十一日","1","1","2"
"五月二十一日己","1","1","2"
"月二十一日己酉","1","1","2"
"古本第三十七卷","1","1","2"
"吏部尚书范云举","1","1","2"
"征西鄱阳王谘议","1","1","2"
"伏羲前封泰山禅","1","1","2"
"羲前封泰山禅云","1","1","2"
"前封泰山禅云云","1","1","2"
"云神农封泰山禅","1","1","2"
"神农封泰山禅云","1","1","2"
"农封泰山禅云云","1","1","2"
"汉武帝宗信方士","1","1","2"
"祭五帝必应燔柴","1","1","2"
"安右南康王主簿","1","1","2"
"贞威将军骠骑晋","1","1","2"
"威将军骠骑晋安","1","1","2"
"将军骠骑晋安王","1","1","2"
"军骠骑晋安王长","1","1","2"
"骠骑晋安王长史","1","1","2"
"江州刺史阳公大","2","0","2"
"州刺史阳公大心","2","0","2"
"湘东王记室参军","1","1","2"
"累迁中书黄门侍","2","0","2"
"迁中书黄门侍郎","2","0","2"
"镇右豫章王长史","1","1","2"
"宁远将军北中郎","1","1","2"
"远将军北中郎庐","1","1","2"
"前军鄱阳王主簿","1","1","2"
"司徒临川王司马","1","1","2"
"右军曲江公主簿","1","1","2"
"贞威将军轻车河","1","1","2"
"威将军轻车河东","1","1","2"
"将军轻车河东王","1","1","2"
"军轻车河东王长","1","1","2"
"轻车河东王长史","1","1","2"
"宣惠晋安王长史","1","1","2"
"夫御史中丞褚湮","1","1","2"
"镇右始兴王法曹","1","1","2"
"右始兴王法曹行","1","1","2"
"始兴王法曹行参","1","1","2"
"兴王法曹行参军","1","1","2"
"行彭城琅邪二郡","1","1","2"
"彭城琅邪二郡事","1","1","2"
"随前衡州刺史韦","1","1","2"
"前历阳太守庄铁","1","1","2"
"湘东王安西主簿","1","1","2"
"东王安西主簿记","1","1","2"
"王安西主簿记室","1","1","2"
"随司州刺史柳仲","1","1","2"
"西中郎豫章王长","1","1","2"
"庐陵二王府记室","1","1","2"
"征士琅邪诸葛璩","1","1","2"
"中大通五年二月","1","1","2"
"骠骑庐陵王谘议","1","1","2"
"骑庐陵王谘议参","1","1","2"
"宁远岳阳王记室","1","1","2"
"远岳阳王记室参","1","1","2"
"岳阳王记室参军","1","1","2"
"贞阳侯萧渊明率","1","1","2"
"云麾晋安王行参","1","1","2"
"麾晋安王行参军","1","1","2"
"弟司州刺史柳仲","1","1","2"
"太宗王皇后生哀","1","1","2"
"宗王皇后生哀太","1","1","2"
"王皇后生哀太子","1","1","2"
"左夫人生南海王","1","1","2"
"谢夫人生浏阳公","1","1","2"
"张夫人生新兴王","1","1","2"
"包昭华生西阳王","1","1","2"
"范夫人生武宁王","1","1","2"
"陈夫人生义安王","1","1","2"
"令中兵参军韦约","1","1","2"
"中兵参军韦约等","1","1","2"
"都督城南诸军事","1","1","2"
"大连命中兵参军","1","1","2"
"连命中兵参军张","1","1","2"
"命中兵参军张彪","1","1","2"
"徐妃生忠壮世子","1","1","2"
"夏贤妃生敬皇帝","1","1","2"
"湘东王国左常侍","1","1","2"
"贞毅将军府谘议","1","1","2"
"毅将军府谘议参","1","1","2"
"将军府谘议参军","1","1","2"
"军府谘议参军事","1","1","2"
"命罗州刺史徐嗣","1","1","2"
"罗州刺史徐嗣徽","1","1","2"
"平北将军胡僧祐","2","0","2"
"北将军胡僧祐率","2","0","2"
"将军胡僧祐率兵","2","0","2"
"江州刺史临城公","1","1","2"
"州刺史临城公弃","1","1","2"
"刺史临城公弃城","1","1","2"
"王伟等二十余人","1","1","2"
"后湘州贼陆纳等","1","1","2"
"中书舍人罗重欢","1","1","2"
"书舍人罗重欢征","1","1","2"
"都督西上诸军事","1","1","2"
"先命豫州刺史侯","1","1","2"
"命豫州刺史侯瑱","2","0","2"
"东扬三州诸军事","1","1","2"
"侍中谒者监护丧","1","1","2"
"中谒者监护丧事","1","1","2"
"州刺史杜僧明等","1","1","2"
"左民尚书周弘正","1","1","2"
"遣吏部尚书王通","1","1","2"
"送魏北海王元颢","1","1","2"
"北巴六州诸军事","1","1","2"
"世祖命护军将军","2","0","2"
"命护军将军尹悦","1","1","2"
"巴州刺史王珣等","2","0","2"
"庐江骠骑府中兵","1","1","2"
"江骠骑府中兵参","1","1","2"
"骠骑府中兵参军","1","1","2"
"攻秦州刺史严超","1","1","2"
"秦州刺史严超远","1","1","2"
"王僧辩讨河东王","2","0","2"
"助左卫将军徐文","1","1","2"
"将军徐文盛东讨","2","0","2"
"军徐文盛东讨侯","2","0","2"
"徐文盛东讨侯景","2","0","2"
"湘州刺史赵威方","1","1","2"
"州刺史赵威方等","1","1","2"
"前军鄱阳王参军","1","1","2"
"军鄱阳王参军事","1","1","2"
"豫章王国左常侍","1","1","2"
"西台尚书仪曹郎","1","1","2"
"中军表记室参军","1","1","2"
"国子博士明山宾","1","1","2"
"子博士明山宾等","1","1","2"
"仁威南康王限内","1","1","2"
"威南康王限内记","1","1","2"
"南康王限内记室","1","1","2"
"临川王国左常侍","1","1","2"
"轻车邵陵王参军","1","1","2"
"车邵陵王参军事","1","1","2"
"草堂寺智者法师","1","1","2"
"同夏县界牛屯里","1","1","2"
"宣惠晋安王府参","1","1","2"
"惠晋安王府参军","1","1","2"
"轻车湘东府行参","1","1","2"
"车湘东府行参军","1","1","2"
"王府法曹行参军","1","1","2"
"州刺史萧楷德政","1","1","2"
"刺史萧楷德政碑","1","1","2"
"宣城王奉述中庸","1","1","2"
"城王奉述中庸颂","1","1","2"
"司徒车骑参军事","1","1","2"
"广汉王国右常侍","1","1","2"
"后军骑兵参军事","1","1","2"
"湘东王府行参军","1","1","2"
"郎湘东王谘议参","1","1","2"
"晋骠骑将军谯烈","1","1","2"
"骠骑将军谯烈王","1","1","2"
"师事沛国刘献","2","0","2"
"晋骠骑将军忠贞","1","1","2"
"骠骑将军忠贞公","1","1","2"
"齐豫章王国侍郎","1","1","2"
"安成王功曹参军","1","1","2"
"擢员外散骑侍郎","2","0","2"
"公羊谷梁文句义","1","1","2"
"信武桂阳嗣王长","1","1","2"
"武桂阳嗣王长史","1","1","2"
"时中书舍人贺琛","1","1","2"
"云麾庐江公记室","1","1","2"
"麾庐江公记室参","1","1","2"
"庐江公记室参军","1","1","2"
"迁大司马行参军","1","1","2"
"中军将军临川王","1","1","2"
"宣毅晋安王长史","1","1","2"
"王宣惠府行参军","1","1","2"
"中录事谘议参军","1","1","2"
"征虏晋安王记室","1","1","2"
"安西湘东王记室","1","1","2"
"镇南湘东王中录","1","1","2"
"南湘东王中录事","1","1","2"
"中卫建安王水曹","1","1","2"
"卫建安王水曹行","1","1","2"
"建安王水曹行参","1","1","2"
"安王水曹行参军","1","1","2"
"西安成王参军事","1","1","2"
"仁威庐陵王记室","1","1","2"
"南平王大司马府","1","1","2"
"平王大司马府记","1","1","2"
"王大司马府记室","1","1","2"
"中军临川王参军","1","1","2"
"命记室参军钟嵘","1","1","2"
"平西府记室参军","1","1","2"
"镇西府记室参军","1","1","2"
"北中郎镇西行参","1","1","2"
"中郎镇西行参军","1","1","2"
"齐司徒法曹行参","1","1","2"
"中尉骠骑记室参","1","1","2"
"尉骠骑记室参军","1","1","2"
"湖熟县方山埭高","1","1","2"
"宋晋熙王国侍郎","1","1","2"
"时太子左卫率沈","1","1","2"
"太子左卫率沈约","1","1","2"
"故旧钱二十余万","1","1","2"
"中散大夫范述曾","1","1","2"
"等一百五十四人","1","1","2"
"时始兴内史何远","1","1","2"
"始兴内史何远累","1","1","2"
"年十二月二十一","1","1","2"
"十二月二十一日","1","1","2"
"尚书右仆射徐勉","1","1","2"
"伏波将军路博德","1","1","2"
"波将军路博德开","1","1","2"
"伏波将军马援开","1","1","2"
"晋成帝咸康三年","1","1","2"
"日南西卷县夷帅","1","1","2"
"南西卷县夷帅范","1","1","2"
"西卷县夷帅范稚","1","1","2"
"时交州刺史姜庄","1","1","2"
"交州刺史杜弘文","1","1","2"
"高祖问大僧正慧","1","1","2"
"祖问大僧正慧念","1","1","2"
"四年九月十五日","1","1","2"
"十一年十一月二","1","1","2"
"一年十一月二日","1","1","2"
"光宅寺释敬脱等","1","1","2"
"宅寺释敬脱等四","1","1","2"
"交州合浦人董宗","1","1","2"
"寺侧数百家宅地","1","1","2"
"中大通元年五月","1","1","2"
"送菩提国真舍利","1","1","2"
"四月八日梦见一","1","1","2"
"广州二万四千里","1","1","2"
"大月支东南数千","1","1","2"
"月支东南数千里","1","1","2"
"汉桓帝延熹九年","1","1","2"
"大秦贾人字秦论","1","1","2"
"王伽叶伽罗诃梨","1","1","2"
"伽叶伽罗诃梨邪","1","1","2"
"遣太傅司马宣王","1","1","2"
"太傅司马宣王率","1","1","2"
"幽州刺史母丘俭","1","1","2"
"句骊王乙弗利频","1","1","2"
"高骊王乐浪郡公","1","1","2"
"行都督百济诸军","1","1","2"
"百济东南五千余","1","1","2"
"济东南五千余里","1","1","2"
"河西王沮渠茂虔","1","1","2"
"都督秦州诸军事","1","1","2"
"王姓支名史稽毅","1","1","2"
"督西凉州诸军事","1","1","2"
"山东南三千余里","1","1","2"
"海南东夷西北戎","1","1","2"
"梁等十三州诸军","1","1","2"
"等十三州诸军事","1","1","2"
"绍宗梁位唯武王","1","1","2"
"梓潼二郡太守永","1","1","2"
"太清五年夏四月","1","1","2"
"南梁州刺史谯淹","1","1","2"
"命护军将军陆法","1","1","2"
"光州刺史郑安忠","1","1","2"
"度支尚书乐奉业","1","1","2"
"硖口城主公孙晃","1","1","2"
"雍州刺史张纘密","1","1","2"
"州刺史张纘密报","1","1","2"
"刺史张纘密报世","1","1","2"
"史张纘密报世祖","1","1","2"
"令信州刺史鲍泉","1","1","2"
"将军王僧辩代鲍","1","1","2"
"军王僧辩代鲍泉","1","1","2"
"柔玄镇兵吐斤洛","1","1","2"
"玄镇兵吐斤洛周","1","1","2"
"兗州刺史邢子才","1","1","2"
"南兗州刺史石长","1","1","2"
"兗州刺史石长宣","1","1","2"
"齐州刺史许季良","1","1","2"
"东豫州刺史丘元","1","1","2"
"豫州刺史丘元征","1","1","2"
"洛州刺史硃浑愿","1","1","2"
"北荆州刺史梅季","1","1","2"
"荆州刺史梅季昌","1","1","2"
"北扬州刺史元神","1","1","2"
"督河南南北诸军","1","1","2"
"河南南北诸军事","1","1","2"
"通直散骑常侍裴","1","1","2"
"令开府仪同三司","1","1","2"
"助防董绍先开城","1","1","2"
"遣太子家令王质","1","1","2"
"太子家令王质率","1","1","2"
"子家令王质率兵","1","1","2"
"家令王质率兵三","1","1","2"
"令王质率兵三千","1","1","2"
"南太守文成侯宁","2","0","2"
"扬州刺史宣城王","1","1","2"
"建康令庾信率兵","1","1","2"
"康令庾信率兵千","1","1","2"
"令庾信率兵千余","1","1","2"
"庾信率兵千余人","1","1","2"
"持火炬烧大司马","1","1","2"
"制局监周石珍等","1","1","2"
"州刺史羊鸦仁率","1","1","2"
"刺史羊鸦仁率兵","1","1","2"
"景遣仪同宋子仙","2","0","2"
"兗州刺史南康嗣","2","0","2"
"刺史南康嗣王会","2","0","2"
"史南康嗣王会理","2","0","2"
"尚书外兵郎鲍正","1","1","2"
"前潼州刺史郭凤","1","1","2"
"潼州刺史郭凤同","1","1","2"
"高祖问制局监周","1","1","2"
"祖问制局监周石","1","1","2"
"问制局监周石珍","1","1","2"
"遣仪同宋子仙等","1","1","2"
"仪同宋子仙等率","1","1","2"
"景遣中军侯子鉴","2","0","2"
"中军侯子鉴入吴","1","1","2"
"军侯子鉴入吴军","1","1","2"
"前淮南太守文成","1","1","2"
"监行台刘神茂等","1","1","2"
"刘神茂进攻会稽","1","1","2"
"前太子舍人萧勔","1","1","2"
"遣卫军将军徐文","1","1","2"
"卫军将军徐文盛","1","1","2"
"军将军徐文盛率","1","1","2"
"封泰山等二十郡","1","1","2"
"景行台郭元建率","1","1","2"
"行台郭元建率兵","1","1","2"
"王僧辩率众东下","2","0","2"
"豫章国太妃王氏","1","1","2"
"景司空东道行台","1","1","2"
"司空东道行台刘","1","1","2"
"空东道行台刘神","1","1","2"
"东道行台刘神茂","1","1","2"
"云麾将军桑乾王","1","1","2"
"麾将军桑乾王元","1","1","2"
"将军桑乾王元頵","1","1","2"
"军桑乾王元頵等","1","1","2"
"州刺史侯子鉴献","1","1","2"
"步骑万余人渡洲","1","1","2"
"纥奚斤守捍国城","1","1","2"
"范希荣等百余骑","1","1","2"
"吴郡太守蔡夤弃","1","1","2"
"郡太守蔡夤弃郡","1","1","2"
"尚书令汝南县开","1","1","2"
"书令汝南县开国","1","1","2"
"令汝南县开国侯","1","1","2"
"中书令新吴县开","1","1","2"
"书令新吴县开国","1","1","2"
"令新吴县开国侯","1","1","2"
"行宕昌王梁弥邕","1","1","2"
"夏侯详右光禄大","2","0","2"
"侯详右光禄大夫","2","0","2"
"前益州刺史刘季","1","1","2"
"西凉州刺史象舒","1","1","2"
"凉州刺史象舒彭","1","1","2"
"州刺史象舒彭进","1","1","2"
"尚书删定郎蔡法","1","1","2"
"书删定郎蔡法度","1","1","2"
"尚书右仆射王莹","1","1","2"
"前尚书左仆射沈","1","1","2"
"前郢州刺史曹景","1","1","2"
"行宕昌王梁弥博","1","1","2"
"太子左卫率张惠","1","1","2"
"子左卫率张惠绍","1","1","2"
"左右游击将军官","1","1","2"
"刺史临川王宏骠","2","0","2"
"史临川王宏骠骑","2","0","2"
"临川王宏骠骑将","2","0","2"
"川王宏骠骑将军","2","0","2"
"抚军将军建安王","1","1","2"
"湘州刺史夏侯详","1","1","2"
"金紫光禄大夫柳","1","1","2"
"右光禄大夫夏侯","1","1","2"
"尚书左仆射夏侯","1","1","2"
"书左仆射夏侯详","1","1","2"
"太子詹事王茂进","1","1","2"
"车骑大将军高丽","1","1","2"
"骑大将军高丽王","1","1","2"
"大将军高丽王高","1","1","2"
"将军高丽王高云","1","1","2"
"雍州刺史柳庆远","1","1","2"
"中卫将军曹景宗","1","1","2"
"刺史鄱阳王恢进","2","0","2"
"史鄱阳王恢进号","2","0","2"
"行中抚将军建安","1","1","2"
"中抚将军建安王","1","1","2"
"尚书左仆射张稷","1","1","2"
"轻车将军南康王","1","1","2"
"太子詹事柳庆远","1","1","2"
"云麾将军王莹进","1","1","2"
"青冀二州刺史张","1","1","2"
"冀二州刺史张稷","1","1","2"
"二州刺史张稷进","1","1","2"
"湘州刺史王珍国","1","1","2"
"荆州刺史晋安王","1","1","2"
"府仪同三司王莹","1","1","2"
"郢州刺史安成王","1","1","2"
"雍州刺史安成王","1","1","2"
"益州刺史鄱阳王","1","1","2"
"尚书左仆射袁昂","1","1","2"
"王暕尚书左仆射","2","0","2"
"宣惠将军长沙王","1","1","2"
"惠将军长沙王深","1","1","2"
"二年春正月甲戌","1","1","2"
"始平郡中石鼓村","1","1","2"
"三年春正月庚子","1","1","2"
"尚书左仆射王份","1","1","2"
"左光禄大夫王份","1","1","2"
"云麾将军南康王","1","1","2"
"武勇将军李国兴","1","1","2"
"勇将军李国兴攻","1","1","2"
"前太子詹事萧渊","1","1","2"
"太子詹事萧渊猷","1","1","2"
"尚书仆射徐勉加","1","1","2"
"吏部尚书何敬容","1","1","2"
"安右将军元景隆","1","1","2"
"太子詹事南平王","1","1","2"
"子詹事南平王世","1","1","2"
"詹事南平王世子","1","1","2"
"雍州刺史庐陵王","1","1","2"
"宣城王大器中军","2","0","2"
"尚书右仆射何敬","1","1","2"
"书右仆射何敬容","1","1","2"
"国子祭酒萧子显","1","1","2"
"南梁州刺史武兴","1","1","2"
"梁州刺史武兴王","1","1","2"
"右光禄大夫徐勉","1","1","2"
"二年春正月甲辰","1","1","2"
"尚书左仆射何敬","1","1","2"
"书左仆射何敬容","1","1","2"
"护军将军萧渊藻","1","1","2"
"尚书右仆射谢举","1","1","2"
"安南将军庐陵王","1","1","2"
"彭城二郡太守河","1","1","2"
"城二郡太守河东","1","1","2"
"二郡太守河东王","1","1","2"
"四年春正月庚辰","1","1","2"
"中军将军宣城王","1","1","2"
"军将军宣城王大","1","1","2"
"将军宣城王大器","1","1","2"
"五年春正月乙卯","1","1","2"
"护军将军庐陵王","1","1","2"
"尚书左仆射萧渊","1","1","2"
"书左仆射萧渊藻","1","1","2"
"冀二州刺史元罗","1","1","2"
"金紫光禄大夫臧","1","1","2"
"紫光禄大夫臧盾","1","1","2"
"前东扬州刺史岳","1","1","2"
"东扬州刺史岳阳","1","1","2"
"扬州刺史岳阳王","1","1","2"
"太清元年正月壬","1","1","2"
"清元年正月壬寅","1","1","2"
"前雍州刺史鄱阳","1","1","2"
"雍州刺史鄱阳王","1","1","2"
"前征北将军鄱阳","1","1","2"
"征北将军鄱阳王","1","1","2"
"南豫州刺史鄱阳","1","1","2"
"豫州刺史鄱阳王","1","1","2"
"南徐州刺史邵陵","1","1","2"
"徐州刺史邵陵王","1","1","2"
"府仪同三司萧渊","1","1","2"
"仪同三司萧渊藻","1","1","2"
"前湘州刺史张缵","1","1","2"
"左光禄大夫元罗","1","1","2"
"南梁三州诸军事","1","1","2"
"司空南康嗣王会","1","1","2"
"空南康嗣王会理","1","1","2"
"天监七年八月丁","1","1","2"
"监七年八月丁巳","1","1","2"
"前郢州刺史南平","1","1","2"
"中抚军将军世子","1","1","2"
"抚军将军世子方","1","1","2"
"军将军世子方诸","1","1","2"
"江州刺史王僧辩","1","1","2"
"府仪同三司萧循","1","1","2"
"湘州刺史萧循击","1","1","2"
"州刺史萧循击破","1","1","2"
"晋陵太守杜僧明","1","1","2"
"陵太守杜僧明率","1","1","2"
"太守杜僧明率众","1","1","2"
"左仆射王褒都督","1","1","2"
"仆射王褒都督城","1","1","2"
"射王褒都督城西","1","1","2"
"王褒都督城西城","1","1","2"
"褒都督城西城南","1","1","2"
"都督城西城南诸","1","1","2"
"督城西城南诸军","1","1","2"
"城西城南诸军事","1","1","2"
"秦二州刺史徐嗣","1","1","2"
"二州刺史徐嗣徽","1","1","2"
"南豫州刺史任约","1","1","2"
"遣晋陵太守周文","1","1","2"
"晋陵太守周文育","1","1","2"
"陵太守周文育率","1","1","2"
"太守周文育率军","1","1","2"
"进新除司徒陈霸","1","1","2"
"新除司徒陈霸先","1","1","2"
"府仪同三司王琳","1","1","2"
"尚书右仆射王通","1","1","2"
"北秦四州诸军事","1","1","2"
"都督行留诸军事","1","1","2"
"梁州刺史范柏年","1","1","2"
"齐邵陵王国常侍","1","1","2"
"西中郎江夏王行","1","1","2"
"中郎江夏王行参","1","1","2"
"郎江夏王行参军","1","1","2"
"家南康王行参军","1","1","2"
"改授尚书左仆射","1","1","2"
"江阳人程延期反","1","1","2"
"都督淮南诸军事","1","1","2"
"安西始兴王长史","1","1","2"
"张皇后生长沙宣","1","1","2"
"皇后生长沙宣武","1","1","2"
"后生长沙宣武王","1","1","2"
"李太妃生桂阳简","1","1","2"
"太妃生桂阳简王","1","1","2"
"陈太妃生临川靖","1","1","2"
"太妃生临川靖惠","1","1","2"
"妃生临川靖惠王","1","1","2"
"费太妃生鄱阳忠","1","1","2"
"太妃生鄱阳忠烈","1","1","2"
"妃生鄱阳忠烈王","1","1","2"
"北秦州九州诸军","1","1","2"
"秦州九州诸军事","1","1","2"
"督齐安等十一郡","1","1","2"
"齐安等十一郡事","1","1","2"
"北秦五州诸军事","1","1","2"
"北秦七州诸军事","1","1","2"
"车骑临海王记室","1","1","2"
"骑临海王记室参","1","1","2"
"临海王记室参军","1","1","2"
"南彭城琅邪太守","1","1","2"
"冠军安成王行参","1","1","2"
"军安成王行参军","1","1","2"
"王俭镇军府功曹","1","1","2"
"俭镇军府功曹史","1","1","2"
"安南鄱阳王长史","1","1","2"
"卫军武陵王长史","1","1","2"
"后军临川王参军","1","1","2"
"军临川王参军事","1","1","2"
"率数百人随邵陵","1","1","2"
"数百人随邵陵王","1","1","2"
"百人随邵陵王赴","1","1","2"
"人随邵陵王赴援","1","1","2"
"成景俊率诸军应","1","1","2"
"景俊率诸军应接","1","1","2"
"西荆州刺史王罴","1","1","2"
"荆州刺史王罴骑","1","1","2"
"大司马豫章王行","1","1","2"
"司马豫章王行参","1","1","2"
"马豫章王行参军","1","1","2"
"临川王后军记室","1","1","2"
"川王后军记室参","1","1","2"
"王后军记室参军","1","1","2"
"仁威南康王长史","1","1","2"
"北中郎庐陵王谘","1","1","2"
"中郎庐陵王谘议","1","1","2"
"郎庐陵王谘议参","1","1","2"
"安西武陵王谘议","1","1","2"
"宣惠晋安王府长","1","1","2"
"惠晋安王府长史","1","1","2"
"敕专行南徐州事","1","1","2"
"北中郎南康王长","1","1","2"
"中郎南康王长史","1","1","2"
"改授镇北豫章王","1","1","2"
"授镇北豫章王长","1","1","2"
"镇北豫章王长史","1","1","2"
"中军宣城王长史","1","1","2"
"侃劝元帅贞阳侯","1","1","2"
"劝元帅贞阳侯乘","1","1","2"
"元帅贞阳侯乘水","1","1","2"
"帅贞阳侯乘水攻","1","1","2"
"贞阳侯乘水攻彭","1","1","2"
"阳侯乘水攻彭城","1","1","2"
"大司农高密敬王","1","1","2"
"宣毅南康王长史","1","1","2"
"宣远岳阳王长史","1","1","2"
"云麾邵陵王长史","1","1","2"
"后军豫章王行参","1","1","2"
"军豫章王行参军","1","1","2"
"骠骑大将军仪同","1","1","2"
"骑大将军仪同中","1","1","2"
"大将军仪同中记","1","1","2"
"将军仪同中记室","1","1","2"
"都督南豫州诸军","1","1","2"
"平西湘东王谘议","1","1","2"
"都督瓜州诸军事","1","1","2"
"匈奴立龟兹贵人","1","1","2"
"奴立龟兹贵人身","1","1","2"
"立龟兹贵人身毒","1","1","2"
"西阳太守羊思建","1","1","2"
"轻车长史谢禧守","1","1","2"
"车长史谢禧守白","1","1","2"
"长史谢禧守白下","1","1","2"
"南陵太守陈文彻","1","1","2"
"宣猛将军李孝钦","1","1","2"
"猛将军李孝钦等","1","1","2"
"张大黑率兵入吴","1","1","2"
"吴郡太守袁君正","1","1","2"
"宋长贵守延祚寺","1","1","2"
"都督雍梁南北秦","1","1","2"
"督雍梁南北秦四","1","1","2"
"雍梁南北秦四州","1","1","2"
"梁南北秦四州郢","1","1","2"
"萧颖达等进军逼","1","1","2"
"遣越州刺史陈侯","1","1","2"
"长宁县侯王僧辩","1","1","2"
"宁县侯王僧辩等","1","1","2"
"天监六年五月二","1","1","2"
"监六年五月二十","1","1","2"
"年五月二十日上","1","1","2"
"普通五年春二月","1","1","2"
"通五年春二月丁","1","1","2"
"五年春二月丁丑","1","1","2"
"金紫光禄大夫孔","1","1","2"
"紫光禄大夫孔休","1","1","2"
"成州刺史王怀明","1","1","2"
"州刺史王怀明等","1","1","2"
"南津校尉江子一","1","1","2"
"南徐州行事江祀","1","1","2"
"豫章内史丘仲孚","1","1","2"
"文身国东五千余","1","1","2"
"身国东五千余里","1","1","2"
"宋长贵等率兵二","1","1","2"
"长贵等率兵二千","1","1","2"
"前太子舍人羊鲲","1","1","2"
"斟酌事宜不拘陈","0","2","2"
"酌事宜不拘陈规","0","2","2"
"直到夜晚仍怀忧","0","2","2"
"到夜晚仍怀忧惧","0","2","2"
"不能忍受极度的","0","2","2"
"心怀恐惧的老百","0","2","2"
"怀恐惧的老百姓","0","2","2"
"刑具盖没了耳朵","0","2","2"
"从最初开创的时","0","2","2"
"最初开创的时代","0","2","2"
"初开创的时代起","0","2","2"
"筹划治理国家大","0","2","2"
"划治理国家大事","0","2","2"
"他在墓旁搭盖小","0","2","2"
"在墓旁搭盖小屋","0","2","2"
"墓旁搭盖小屋居","0","2","2"
"旁搭盖小屋居住","0","2","2"
"使加恩特赐的任","0","2","2"
"恩特赐的任命更","0","2","2"
"特赐的任命更加","0","2","2"
"赐的任命更加隆","0","2","2"
"的任命更加隆重","0","2","2"
"人们都称颂他的","0","2","2"
"还有什么可说的","0","2","2"
"往昔与现在如同","0","2","2"
"昔与现在如同一","0","2","2"
"与现在如同一时","0","2","2"
"人推重就像这样","0","2","2"
"请求代替父亲去","0","2","2"
"求代替父亲去死","0","2","2"
"就是人们所说的","0","2","2"
"突然生成的东西","0","2","2"
"范缜穿着黑色丧","0","2","2"
"缜穿着黑色丧服","0","2","2"
"当时人们认为这","0","2","2"
"时人们认为这是","0","2","2"
"诗当作一块心病","0","2","2"
"了解百姓的疾苦","0","2","2"
"在当时首屈一指","0","2","2"
"层灰圈就连及犯","0","2","2"
"灰圈就连及犯罪","0","2","2"
"圈就连及犯罪人","0","2","2"
"呢?这是你的第","0","2","2"
"侯景又假传萧栋","0","2","2"
"景又假传萧栋的","0","2","2"
"后任太子中庶子","0","2","2"
"刘山阳为巴西太","0","2","2"
"山阳为巴西太守","0","2","2"
"挟天子以令诸侯","0","2","2"
"合部队包围郢城","0","2","2"
"军主沈难当率领","0","2","2"
"吃粗劣的食物穿","0","2","2"
"粗劣的食物穿简","0","2","2"
"劣的食物穿简陋","0","2","2"
"的食物穿简陋的","0","2","2"
"为都督中外诸军","0","2","2"
"骠骑大将军照旧","0","2","2"
"讨伐有罪的君主","0","2","2"
"伐有罪的君主抚","0","2","2"
"有罪的君主抚慰","0","2","2"
"罪的君主抚慰受","0","2","2"
"的君主抚慰受难","0","2","2"
"君主抚慰受难的","0","2","2"
"主抚慰受难的百","0","2","2"
"抚慰受难的百姓","0","2","2"
"让他们重新开始","0","2","2"
"镇束大将军百济","0","2","2"
"束大将军百济王","0","2","2"
"号为征束大将军","0","2","2"
"领军将军王茂为","0","2","2"
"利国各自派遣使","0","2","2"
"遣使者进献本地","0","2","2"
"使者进献本地物","0","2","2"
"者进献本地物产","0","2","2"
"其意义被强调于","0","2","2"
"州刺史临川王芦","0","2","2"
"我亲自操持一样","0","2","2"
"冬季十一月甲子","0","2","2"
"书左仆射王莹为","0","2","2"
"的先头部队攻克","0","2","2"
"六年春季正月辛","0","2","2"
"任命护军将军始","0","2","2"
"命护军将军始兴","0","2","2"
"军始兴王萧儋为","0","2","2"
"始兴王萧怆为中","0","2","2"
"领太子詹事王茂","0","2","2"
"始兴王萧怆为镇","0","2","2"
"长沙王渊业为护","0","2","2"
"沙王渊业为护军","0","2","2"
"王渊业为护军将","0","2","2"
"渊业为护军将军","0","2","2"
"将军晋安王萧纲","0","2","2"
"书右仆射袁昂为","0","2","2"
"右仆射袁昂为尚","0","2","2"
"任命丹阳尹晋安","0","2","2"
"命丹阳尹晋安王","0","2","2"
"新任的中抚将军","0","2","2"
"王萧伟为左光禄","0","2","2"
"萧伟为左光禄大","0","2","2"
"伟为左光禄大夫","0","2","2"
"狼牙脩国派遣使","0","2","2"
"牙脩国派遣使者","0","2","2"
"右将军豫章王萧","0","2","2"
"扬州刺史临王萧","0","2","2"
"州刺史临王萧宏","0","2","2"
"临王萧宏为中书","0","2","2"
"王萧宏为中书监","0","2","2"
"豫章王萧综为南","0","2","2"
"章王萧综为南徐","0","2","2"
"王萧综为南徐州","0","2","2"
"萧综为南徐州刺","0","2","2"
"综为南徐州刺史","0","2","2"
"王派遣使者进献","0","2","2"
"南康王萧绩为南","0","2","2"
"领军将军萧景为","0","2","2"
"田的农官赐爵一","0","2","2"
"的农官赐爵一级","0","2","2"
"光禄大夫王份担","0","2","2"
"禄大夫王份担任","0","2","2"
"将军邵陵王萧纶","0","2","2"
"邵陵王萧纶为江","0","2","2"
"州刺史文僧明献","0","2","2"
"将军庐陵王萧续","0","2","2"
"军庐陵王萧续为","0","2","2"
"同三司南平王萧","0","2","2"
"升军号为镇北将","0","2","2"
"军号为镇北将军","0","2","2"
"率领军队向北征","0","2","2"
"领军队向北征伐","0","2","2"
"成景隽攻克魏国","0","2","2"
"丽国派遣使者贡","0","2","2"
"邑国派遣使者贡","0","2","2"
"准许恢复住宅田","0","2","2"
"许恢复住宅田产","0","2","2"
"皇帝前往同泰寺","0","2","2"
"厘各自派遣使者","0","2","2"
"魏国束豫州刺史","0","2","2"
"国束豫州刺史元","0","2","2"
"束豫州刺史元庆","0","2","2"
"豫州刺史元庆和","0","2","2"
"罗真为宁西将军","0","2","2"
"用钱一亿万文赎","0","2","2"
"钱一亿万文赎回","0","2","2"
"升军号为车骑将","0","2","2"
"军号为车骑将军","0","2","2"
"史庐陵王萧续为","0","2","2"
"立昭明太子的儿","0","2","2"
"昭明太子的儿子","0","2","2"
"自然依照旧日典","0","2","2"
"然依照旧日典章","0","2","2"
"为出家与在家的","0","2","2"
"出家与在家的佛","0","2","2"
"家与在家的佛教","0","2","2"
"与在家的佛教弟","0","2","2"
"在家的佛教弟子","0","2","2"
"家的佛教弟子讲","0","2","2"
"的佛教弟子讲授","0","2","2"
"刺史邵陵王芦钥","0","2","2"
"河南国派遣使者","0","2","2"
"大司马南平王萧","0","2","2"
"司马南平王萧伟","0","2","2"
"百济国派遣使者","0","2","2"
"济国派遣使者贡","0","2","2"
"将军庐陵王芦续","0","2","2"
"军庐陵王芦续为","0","2","2"
"阴平王杨法深升","0","2","2"
"平王杨法深升军","0","2","2"
"王杨法深升军号","0","2","2"
"杨法深升军号为","0","2","2"
"荆州刺史湘束王","0","2","2"
"史湘束王萧绎升","0","2","2"
"湘束王萧绎升军","0","2","2"
"束王萧绎升军号","0","2","2"
"王萧绎升军号为","0","2","2"
"政治在于养育民","0","2","2"
"治在于养育民众","0","2","2"
"中书令邵陵王萧","0","2","2"
"书令邵陵王萧纶","0","2","2"
"令邵陵王萧纶为","0","2","2"
"作为永久的准则","0","2","2"
"派遣使者贡奉马","0","2","2"
"遣使者贡奉马匹","0","2","2"
"使者贡奉马匹和","0","2","2"
"者贡奉马匹和地","0","2","2"
"贡奉马匹和地方","0","2","2"
"奉马匹和地方特","0","2","2"
"马匹和地方特产","0","2","2"
"免除五年的赋税","0","2","2"
"江州刺史湘束王","0","2","2"
"将军河东王萧誉","0","2","2"
"军河东王萧誉为","0","2","2"
"对孝悌力田和为","0","2","2"
"孝悌力田和为父","0","2","2"
"悌力田和为父亲","0","2","2"
"力田和为父亲继","0","2","2"
"田和为父亲继嗣","0","2","2"
"和为父亲继嗣者","0","2","2"
"为父亲继嗣者赐","0","2","2"
"父亲继嗣者赐爵","0","2","2"
"亲继嗣者赐爵位","0","2","2"
"继嗣者赐爵位一","0","2","2"
"嗣者赐爵位一级","0","2","2"
"守卫的文武官员","0","2","2"
"颁布到远近各地","0","2","2"
"朝廷军队向北征","0","2","2"
"廷军队向北征伐","0","2","2"
"派遣大将军慕容","0","2","2"
"派遣太子舍人元","0","2","2"
"萧范派遣世子萧","0","2","2"
"范派遣世子萧嗣","0","2","2"
"率领军队进京救","0","2","2"
"领军队进京救援","0","2","2"
"火星停留在心宿","0","2","2"
"前青冀二州刺史","0","2","2"
"青冀二州刺史湘","0","2","2"
"定州刺史萧勃为","0","2","2"
"任安陆王大春为","0","2","2"
"逼迫太宗巡幸西","0","2","2"
"迫太宗巡幸西州","0","2","2"
"祖的第七个儿子","0","2","2"
"州刺史岳阳王萧","0","2","2"
"刺史岳阳王萧察","0","2","2"
"王僧辩为征东将","0","2","2"
"僧辩为征东将军","0","2","2"
"令王僧辩率领众","0","2","2"
"王僧辩率领众军","0","2","2"
"已经到了这种地","0","2","2"
"经到了这种地步","0","2","2"
"诚恳地希望陛下","0","2","2"
"枕戈待旦卧薪尝","0","2","2"
"戈待旦卧薪尝胆","0","2","2"
"司空南平王萧恪","0","2","2"
"洁白明亮的太阳","0","2","2"
"州刺史南平王萧","0","2","2"
"潼州刺史杨干运","0","2","2"
"护军将军陆法和","0","2","2"
"命尚书右仆射王","0","2","2"
"祖的第九个儿子","0","2","2"
"齐派遣上党王高","0","2","2"
"派遣上党王高涣","0","2","2"
"吴兴太守裴之横","0","2","2"
"已判罪犯免刑或","0","2","2"
"判罪犯免刑或减","0","2","2"
"罪犯免刑或减刑","0","2","2"
"因母亲逝世而离","0","2","2"
"母亲逝世而离职","0","2","2"
"世代居住在襄阳","0","2","2"
"母亲凭靠儿子而","0","2","2"
"主张百官用吏的","0","2","2"
"张百官用吏的身","0","2","2"
"百官用吏的身份","0","2","2"
"尊敬敬帝的生母","0","2","2"
"知道这一情况后","0","2","2"
"赐给他鼓吹乐一","0","2","2"
"给他鼓吹乐一套","0","2","2"
"孩子是我家的千","0","2","2"
"子是我家的千里","0","2","2"
"表彰德行记载功","0","2","2"
"没几天就去世了","0","2","2"
"天下正处在动乱","0","2","2"
"下正处在动乱之","0","2","2"
"正处在动乱之中","0","2","2"
"下诏命令曹景宗","0","2","2"
"对他亲近的人说","0","2","2"
"又有什么可忧虑","0","2","2"
"有什么可忧虑的","0","2","2"
"司州之随郡诸军","0","2","2"
"州之随郡诸军事","0","2","2"
"任西中郎外兵参","0","2","2"
"派遣辅国将军刘","0","2","2"
"昏侯的将领李居","0","2","2"
"侯的将领李居士","0","2","2"
"萧颖达为散骑常","0","2","2"
"颖达为散骑常侍","0","2","2"
"并赏赐鼓吹乐队","0","2","2"
"赏赐鼓吹乐队一","0","2","2"
"赐鼓吹乐队一部","0","2","2"
"召他补主簿之职","0","2","2"
"南康王为荆州刺","0","2","2"
"康王为荆州刺史","0","2","2"
"王为荆州刺史时","0","2","2"
"始兴王萧怆正留","0","2","2"
"兴王萧怆正留守","0","2","2"
"夏侯详被征为侍","0","2","2"
"侯详被征为侍中","0","2","2"
"任西中郎中兵参","0","2","2"
"的财物一无所取","0","2","2"
"追赠他为车骑将","0","2","2"
"赠他为车骑将军","0","2","2"
"精锐部队攻打他","0","2","2"
"即使后悔也来不","0","2","2"
"使后悔也来不及","0","2","2"
"后悔也来不及了","0","2","2"
"当时人们称之为","0","2","2"
"高祖为雍州刺史","0","2","2"
"当时长沙宣武王","0","2","2"
"王在江陵称帝即","0","2","2"
"在江陵称帝即位","0","2","2"
"江陵称帝即位后","0","2","2"
"随即分送给亲友","0","2","2"
"没有人能与之相","0","2","2"
"有人能与之相比","0","2","2"
"高祖对他十分赞","0","2","2"
"祖对他十分赞赏","0","2","2"
"高祖笑着对他说","0","2","2"
"高祖即日亲临吊","0","2","2"
"祖即日亲临吊唁","0","2","2"
"高祖为他的去世","0","2","2"
"迁任尚书右仆射","0","2","2"
"因此百姓得以安","0","2","2"
"都有很大的名声","0","2","2"
"率领二十万大军","0","2","2"
"领二十万大军前","0","2","2"
"司州刺史马仙碑","0","2","2"
"静得像没有人一","0","2","2"
"得像没有人一样","0","2","2"
"升迁为尚书殿中","0","2","2"
"迁为尚书殿中郎","0","2","2"
"为大司马谘议参","0","2","2"
"升任尚书右仆射","0","2","2"
"沈约为尚书仆射","0","2","2"
"又因母亲去世而","0","2","2"
"为骠骑记室参军","0","2","2"
"对待他们如同对","0","2","2"
"待他们如同对待","0","2","2"
"征召谢肶为侍中","0","2","2"
"何胤为散骑常侍","0","2","2"
"刚任命的散骑常","0","2","2"
"任命的散骑常侍","0","2","2"
"派领军司马王果","0","2","2"
"中书舍人黄睦之","0","2","2"
"攻断魏军的连桥","0","2","2"
"增加食邑三百户","0","2","2"
"俘获了很多敌人","0","2","2"
"的就是这种情况","0","2","2"
"被召入任太子右","0","2","2"
"召入任太子右卫","0","2","2"
"建康城被平定后","0","2","2"
"督青冀二州诸军","0","2","2"
"青冀二州诸军事","0","2","2"
"以原来的封号回","0","2","2"
"送给他鼓吹一部","0","2","2"
"南康王当荆州刺","0","2","2"
"康王当荆州刺史","0","2","2"
"王当荆州刺史时","0","2","2"
"迁任西中郎谘议","0","2","2"
"以办事干练著称","0","2","2"
"嶷任荆州刺史时","0","2","2"
"进封号为征虏将","0","2","2"
"封号为征虏将军","0","2","2"
"召入任通直散骑","0","2","2"
"至金紫光禄大夫","0","2","2"
"刘季连任尚书左","0","2","2"
"季连任尚书左丞","0","2","2"
"出任江夏郡内史","0","2","2"
"被召入任给事黄","0","2","2"
"召入任给事黄门","0","2","2"
"入任给事黄门侍","0","2","2"
"转任太子中庶子","0","2","2"
"采纳了他的意见","0","2","2"
"被任命为通直散","0","2","2"
"任命为通直散骑","0","2","2"
"出仕为著作佐郎","0","2","2"
"外出任鄱阳内史","0","2","2"
"徐州别驾从事史","0","2","2"
"的藩王府邸设立","0","2","2"
"任命为黄门侍郎","0","2","2"
"而奉行无为而治","0","2","2"
"又担任太子中庶","0","2","2"
"担任太子中庶子","0","2","2"
"上奏表请求解除","0","2","2"
"调任金紫光禄大","0","2","2"
"处没有灰尘杂物","0","2","2"
"升为司徒左长史","0","2","2"
"征入任吏部尚书","0","2","2"
"看不到他喜怒的","0","2","2"
"的藩王府邸建立","0","2","2"
"高祖听从他的建","0","2","2"
"祖听从他的建议","0","2","2"
"掌管吏部郎事务","0","2","2"
"屡经升迁任中书","0","2","2"
"坚决推辞不就任","0","2","2"
"以本身职位兼任","0","2","2"
"诏令追赠本来的","0","2","2"
"被任命为驸马都","0","2","2"
"屡经升迁为中书","0","2","2"
"昭明太子还幼小","0","2","2"
"派中书舍人朱异","0","2","2"
"任司徒谘议参军","0","2","2"
"因患病自己陈述","0","2","2"
"患病自己陈述要","0","2","2"
"任骠骑从事中郎","0","2","2"
"授任给事黄门侍","0","2","2"
"宋朝左光禄大夫","0","2","2"
"在前代有大名声","0","2","2"
"任司徒法曹行参","0","2","2"
"在墓旁搭棚子居","0","2","2"
"墓旁搭棚子居住","0","2","2"
"屡经升迁任司徒","0","2","2"
"迁任司徒左西属","0","2","2"
"始兴忠武王萧怆","0","2","2"
"临川靖惠王萧宏","0","2","2"
"生母陈太妃病重","0","2","2"
"赐给羽葆鼓吹一","0","2","2"
"给羽葆鼓吹一部","0","2","2"
"任后军法曹行参","0","2","2"
"高祖起义军队到","0","2","2"
"祖起义军队到达","0","2","2"
"南平元襄王萧伟","0","2","2"
"祖的第八个儿子","0","2","2"
"南康王秉承制命","0","2","2"
"东太守萧慧训的","0","2","2"
"太守萧慧训的儿","0","2","2"
"守萧慧训的儿子","0","2","2"
"萧慧训的儿子萧","0","2","2"
"慧训的儿子萧璝","0","2","2"
"西太守鲁休烈起","0","2","2"
"太守鲁休烈起兵","0","2","2"
"守鲁休烈起兵逼","0","2","2"
"鲁休烈起兵逼近","0","2","2"
"休烈起兵逼近荆","0","2","2"
"烈起兵逼近荆州","0","2","2"
"书仆射夏侯详建","0","2","2"
"仆射夏侯详建议","0","2","2"
"射夏侯详建议向","0","2","2"
"北秦四州郢州之","0","2","2"
"秦四州郢州之竟","0","2","2"
"四州郢州之竟陵","0","2","2"
"州郢州之竟陵司","0","2","2"
"郢州之竟陵司州","0","2","2"
"州之竟陵司州之","0","2","2"
"鄱阳忠烈王萧恢","0","2","2"
"经升迁任北中郎","0","2","2"
"升迁任北中郎外","0","2","2"
"迁任北中郎外兵","0","2","2"
"任北中郎外兵参","0","2","2"
"升军号为骠骑大","0","2","2"
"军号为骠骑大将","0","2","2"
"号为骠骑大将军","0","2","2"
"萧范为合州刺史","0","2","2"
"萧懿被授予持节","0","2","2"
"的性命危在旦夕","0","2","2"
"迁任左骁骑将军","0","2","2"
"兼任石头戍军事","0","2","2"
"兼任南琅邪郡太","0","2","2"
"任南琅邪郡太守","0","2","2"
"被召入任太子中","0","2","2"
"冀州五州诸军事","0","2","2"
"因此而闻名远近","0","2","2"
"霍州三州诸军事","0","2","2"
"有特殊才能的人","0","2","2"
"为中书通事舍人","0","2","2"
"严植之掌管凶礼","0","2","2"
"在天监六年五月","0","2","2"
"在天监十一年十","0","2","2"
"把清白留给子孙","0","2","2"
"任右军谘议参军","0","2","2"
"外出任建威将军","0","2","2"
"改任通直散骑常","0","2","2"
"徒竟陵王子良的","0","2","2"
"入京任通直散骑","0","2","2"
"京任通直散骑常","0","2","2"
"不久调任员外散","0","2","2"
"久调任员外散骑","0","2","2"
"陆呆性格刚强正","0","2","2"
"呆性格刚强正直","0","2","2"
"年轻时勤奋学习","0","2","2"
"掌管束宫文书记","0","2","2"
"管束宫文书记录","0","2","2"
"出任云麾晋安王","0","2","2"
"任云麾晋安王长","0","2","2"
"又掌管文书记载","0","2","2"
"安王萧遥光任抚","0","2","2"
"王萧遥光任抚军","0","2","2"
"被任命为后军谘","0","2","2"
"任命为后军谘议","0","2","2"
"率领自己的部下","0","2","2"
"领自己的部下进","0","2","2"
"裴邃在军营中去","0","2","2"
"邃在军营中去世","0","2","2"
"率领自己的部队","0","2","2"
"被任命为散骑常","0","2","2"
"任命为散骑常侍","0","2","2"
"兼任右骁骑将军","0","2","2"
"迁任平西湘东王","0","2","2"
"是车骑将军韦睿","0","2","2"
"安王的中兵参军","0","2","2"
"当时人们都称赞","0","2","2"
"于是发生了战争","0","2","2"
"的军队之所以不","0","2","2"
"太清年间的战乱","0","2","2"
"不久迁任中书侍","0","2","2"
"久迁任中书侍郎","0","2","2"
"扬州议曹从事史","0","2","2"
"授给事黄门侍郎","0","2","2"
"有爵者的服役人","0","2","2"
"有文学才能的人","0","2","2"
"文惠太子闻其名","0","2","2"
"不久兼职改为实","0","2","2"
"久兼职改为实任","0","2","2"
"任安西安成王参","0","2","2"
"迁任尚书殿中郎","0","2","2"
"高祖爱惜他的才","0","2","2"
"祖爱惜他的才能","0","2","2"
"累经升迁任安西","0","2","2"
"任西中郎湘东王","0","2","2"
"累经升迁任太子","0","2","2"
"迁任太子中舍人","0","2","2"
"魏朝徐州刺史元","0","2","2"
"当时尚书令何敬","0","2","2"
"岂不是上天开导","0","2","2"
"不是上天开导他","0","2","2"
"是上天开导他的","0","2","2"
"征召他任祭酒从","0","2","2"
"召他任祭酒从事","0","2","2"
"累经升迁任通直","0","2","2"
"大功的末时可以","0","2","2"
"功的末时可以冠","0","2","2"
"的末时可以冠子","0","2","2"
"末时可以冠子嫁","0","2","2"
"吉凶礼之间无妨","0","2","2"
"凶礼之间无妨碍","0","2","2"
"是贺琛所疑惑的","0","2","2"
"正该是让百姓繁","0","2","2"
"该是让百姓繁衍","0","2","2"
"是让百姓繁衍后","0","2","2"
"让百姓繁衍后代","0","2","2"
"百姓繁衍后代积","0","2","2"
"姓繁衍后代积蓄","0","2","2"
"繁衍后代积蓄财","0","2","2"
"衍后代积蓄财物","0","2","2"
"教化训导他们的","0","2","2"
"化训导他们的时","0","2","2"
"训导他们的时候","0","2","2"
"而百姓失去安居","0","2","2"
"才能低下疲惫的","0","2","2"
"能低下疲惫的官","0","2","2"
"低下疲惫的官吏","0","2","2"
"则拱手听从使者","0","2","2"
"拱手听从使者的","0","2","2"
"手听从使者的搜","0","2","2"
"听从使者的搜刮","0","2","2"
"凶暴狡诈的官吏","0","2","2"
"修建露台用的钱","0","2","2"
"建露台用的钱财","0","2","2"
"就要加倍攫取财","0","2","2"
"要加倍攫取财钱","0","2","2"
"这是多么荒谬呀","0","2","2"
"教导他们要节俭","0","2","2"
"没有不向上奏事","0","2","2"
"有不向上奏事的","0","2","2"
"趁此时好好息养","0","2","2"
"此时好好息养国","0","2","2"
"时好好息养国民","0","2","2"
"太清年间的祸乱","0","2","2"
"学识渊博的儒者","0","2","2"
"识渊博的儒者研","0","2","2"
"年幼时父亲去世","0","2","2"
"任中军临川王行","0","2","2"
"与河东人裴子野","0","2","2"
"授任通直散骑侍","0","2","2"
"年少时父亲去世","0","2","2"
"五帝在亭亭山祭","0","2","2"
"帝在亭亭山祭地","0","2","2"
"是特立独自起身","0","2","2"
"三王在梁甫祭地","0","2","2"
"是为了连延不断","0","2","2"
"谷物丰熟的祭祀","0","2","2"
"物丰熟的祭祀一","0","2","2"
"丰熟的祭祀一次","0","2","2"
"中征召出来任秘","0","2","2"
"晋安王萧纲出京","0","2","2"
"出京任新安太守","0","2","2"
"出京任贞威将军","0","2","2"
"出京任安成内史","0","2","2"
"江州刺史当阳公","0","2","2"
"州刺史当阳公萧","0","2","2"
"刺史当阳公萧大","0","2","2"
"史当阳公萧大心","0","2","2"
"参与掌管铨选职","0","2","2"
"与掌管铨选职官","0","2","2"
"掌管铨选职官之","0","2","2"
"管铨选职官之事","0","2","2"
"当代人都认为这","0","2","2"
"代人都认为这是","0","2","2"
"中征召出来任著","0","2","2"
"征召出来任著作","0","2","2"
"召出来任著作佐","0","2","2"
"出来任著作佐郎","0","2","2"
"免不了挨饿受冻","0","2","2"
"任司空从事中郎","0","2","2"
"丧期间夺情起复","0","2","2"
"被授任云骑将军","0","2","2"
"出京任仁威临川","0","2","2"
"京任仁威临川王","0","2","2"
"任仁威临川王长","0","2","2"
"出京任始兴内史","0","2","2"
"因为居母亲丧而","0","2","2"
"为居母亲丧而离","0","2","2"
"他出京任明威将","0","2","2"
"迁任通直散骑常","0","2","2"
"入京兼中书通事","0","2","2"
"京兼中书通事舍","0","2","2"
"入朝兼中书通事","0","2","2"
"朝兼中书通事舍","0","2","2"
"坚持自己的意见","0","2","2"
"从水陆两路一起","0","2","2"
"水陆两路一起进","0","2","2"
"初出仕任王国侍","0","2","2"
"出仕任王国侍郎","0","2","2"
"出京任永阳内史","0","2","2"
"世祖追赠他为侍","0","2","2"
"祖追赠他为侍中","0","2","2"
"答应了他的要求","0","2","2"
"建安侯萧贲知道","0","2","2"
"是我想要得到的","0","2","2"
"萧大心听到这个","0","2","2"
"大心听到这个消","0","2","2"
"心听到这个消息","0","2","2"
"京城被攻陷之后","0","2","2"
"出京任宣惠将军","0","2","2"
"有众生应当遭受","0","2","2"
"众生应当遭受的","0","2","2"
"见到这种情景的","0","2","2"
"忠壮世子萧方等","0","2","2"
"贞惠世子萧方诸","0","2","2"
"祖的第二个儿子","0","2","2"
"手下将领宋子仙","0","2","2"
"湘东王命王僧辩","0","2","2"
"王僧辩为领军将","0","2","2"
"僧辩为领军将军","0","2","2"
"军队驻扎在巴陵","0","2","2"
"王僧辩当即率领","0","2","2"
"梁国的继位君主","0","2","2"
"继续跟随王僧辩","0","2","2"
"续跟随王僧辩追","0","2","2"
"跟随王僧辩追击","0","2","2"
"到高祖登上帝位","0","2","2"
"过去又苏醒过来","0","2","2"
"被征召出来任奉","0","2","2"
"征召出来任奉朝","0","2","2"
"召出来任奉朝请","0","2","2"
"他为员外散骑侍","0","2","2"
"情况向朝廷启奏","0","2","2"
"巴西梓潼二郡太","0","2","2"
"西梓潼二郡太守","0","2","2"
"他家世代居住在","0","2","2"
"刺史始兴王萧怆","0","2","2"
"每次吊哭都哭到","0","2","2"
"次吊哭都哭到呕","0","2","2"
"吊哭都哭到呕血","0","2","2"
"以处事和洽得当","0","2","2"
"处事和洽得当而","0","2","2"
"事和洽得当而着","0","2","2"
"和洽得当而着称","0","2","2"
"孝心感动神明所","0","2","2"
"心感动神明所致","0","2","2"
"宋时任冀州刺史","0","2","2"
"承了父亲的学业","0","2","2"
"竟到了这样的程","0","2","2"
"很早就失去父亲","0","2","2"
"伏曼容入京被授","0","2","2"
"曼容入京被授为","0","2","2"
"范缜在刘珊门下","0","2","2"
"坠落在秽土粪坑","0","2","2"
"落在秽土粪坑旁","0","2","2"
"在秽土粪坑旁边","0","2","2"
"有知觉的东西的","0","2","2"
"知觉的东西的称","0","2","2"
"觉的东西的称呼","0","2","2"
"刀和锋利的关系","0","2","2"
"像你刚才所说的","0","2","2"
"你刚才所说的那","0","2","2"
"刚才所说的那样","0","2","2"
"有知觉的物质实","0","2","2"
"人的形骸不同于","0","2","2"
"不是死人的骨骼","0","2","2"
"活人的形骸变来","0","2","2"
"之间有什么区别","0","2","2"
"生成的东西一定","0","2","2"
"成的东西一定会","0","2","2"
"逐渐生成的东西","0","2","2"
"这一类东西也应","0","2","2"
"一类东西也应当","0","2","2"
"有判断是非的思","0","2","2"
"但毕竟同属一个","0","2","2"
"是指五脏中的心","0","2","2"
"有它的基本作用","0","2","2"
"凡人圣人的区别","0","2","2"
"学生常有数百人","0","2","2"
"被拜为步兵校尉","0","2","2"
"他是晋骠骑将军","0","2","2"
"迁任王府行参军","0","2","2"
"为慈母的族亲服","0","2","2"
"慈母的族亲服丧","0","2","2"
"如同为母亲服丧","0","2","2"
"之子不为慈母服","0","2","2"
"子不为慈母服丧","0","2","2"
"养育自己的庶母","0","2","2"
"对任师保的那种","0","2","2"
"收聚学生讲授经","0","2","2"
"聚学生讲授经学","0","2","2"
"的学生常常达到","0","2","2"
"学生常常达到数","0","2","2"
"生常常达到数百","0","2","2"
"常常达到数百人","0","2","2"
"被除授为员外散","0","2","2"
"除授为员外散骑","0","2","2"
"书舍人贺琛奉皇","0","2","2"
"舍人贺琛奉皇上","0","2","2"
"继承了他的学说","0","2","2"
"因为公事而免职","0","2","2"
"在为父亲守丧时","0","2","2"
"建安王迁任江州","0","2","2"
"而显示才能的是","0","2","2"
"能舆他相提并论","0","2","2"
"周兴嗣被除授为","0","2","2"
"讨伐东昏侯的义","0","2","2"
"伐东昏侯的义军","0","2","2"
"东昏侯的义军平","0","2","2"
"昏侯的义军平定","0","2","2"
"远远近近的人都","0","2","2"
"特别精通佛教的","0","2","2"
"别精通佛教的经","0","2","2"
"精通佛教的经典","0","2","2"
"死好比静止不动","0","2","2"
"夏后氏祭送死人","0","2","2"
"后氏祭送死人用","0","2","2"
"氏祭送死人用明","0","2","2"
"祭送死人用明器","0","2","2"
"这是明白地告诉","0","2","2"
"是明白地告诉百","0","2","2"
"明白地告诉百姓","0","2","2"
"殷人祭送死人用","0","2","2"
"人祭送死人用祭","0","2","2"
"祭送死人用祭器","0","2","2"
"的县令没有谁能","0","2","2"
"王台府建立之后","0","2","2"
"拜授他为太中大","0","2","2"
"授他为太中大夫","0","2","2"
"不为世事牵累的","0","2","2"
"任命为散骑侍郎","0","2","2"
"出京任辅国长史","0","2","2"
"后来何远又被起","0","2","2"
"来何远又被起用","0","2","2"
"何远又被起用为","0","2","2"
"是什么原因呢?","0","2","2"
"使者前来进献贡","0","2","2"
"者前来进献贡品","0","2","2"
"击败林邑国的军","0","2","2"
"败林邑国的军队","0","2","2"
"林邑王又派遣使","0","2","2"
"邑王又派遣使者","0","2","2"
"高祖下诏命他为","0","2","2"
"祖下诏命他为持","0","2","2"
"下诏命他为持节","0","2","2"
"王又派遣使者献","0","2","2"
"邪跋摩又派遣使","0","2","2"
"摩又派遣使者呈","0","2","2"
"又派遣使者呈送","0","2","2"
"跋摩多次派遣使","0","2","2"
"摩多次派遣使者","0","2","2"
"多次派遣使者进","0","2","2"
"次派遣使者进献","0","2","2"
"中盛着三粒舍利","0","2","2"
"我们怀着至诚之","0","2","2"
"们怀着至诚之心","0","2","2"
"象牙雕的佛像及","0","2","2"
"那么你的国家就","0","2","2"
"假如你不相信我","0","2","2"
"南到北有二十天","0","2","2"
"他们的百姓喜欢","0","2","2"
"高祖下诏命高延","0","2","2"
"将军百济王余隆","0","2","2"
"岁就送出狱去做","0","2","2"
"就送出狱去做奴","0","2","2"
"呈奉表章进献贡","0","2","2"
"奉表章进献贡品","0","2","2"
"妻子并肩而坐接","0","2","2"
"子并肩而坐接待","0","2","2"
"并肩而坐接待宾","0","2","2"
"肩而坐接待宾客","0","2","2"
"也是旁边的小国","0","2","2"
"后朝廷征召他为","0","2","2"
"朝廷征召他为侍","0","2","2"
"廷征召他为侍中","0","2","2"
"不能东进占有函","0","2","2"
"能东进占有函谷","0","2","2"
"向高祖上表启奏","0","2","2"
"州刺史湘东王萧","0","2","2"
"刺史湘东王萧绎","0","2","2"
"兖州刺史南康嗣","0","2","2"
"刺史南康嗣王萧","0","2","2"
"史南康嗣王萧会","0","2","2"
"南康嗣王萧会理","0","2","2"
"等率军向东讨伐","0","2","2"
"假传萧栋的韶命","0","2","2"
"任命行宕昌王梁","0","2","2"
"命行宕昌王梁弥","0","2","2"
"夏侯详为右光禄","0","2","2"
"侯详为右光禄大","0","2","2"
"详为右光禄大夫","0","2","2"
"任命国子祭酒张","0","2","2"
"沈约为镇军将军","0","2","2"
"禄大夫夏侯详为","0","2","2"
"史安成王萧秀为","0","2","2"
"任命南徐州刺史","0","2","2"
"命南徐州刺史豫","0","2","2"
"史豫章王萧综为","0","2","2"
"将军南康王萧绩","0","2","2"
"军南康王萧绩为","0","2","2"
"加授左光禄大夫","0","2","2"
"任命太子詹事萧","0","2","2"
"命太子詹事萧渊","0","2","2"
"子詹事萧渊藻为","0","2","2"
"宣城王大器为中","0","2","2"
"城王大器为中军","0","2","2"
"外出担任使持节","0","2","2"
"进升号仁威将军","0","2","2"
"迁任司徒左长史","0","2","2"
"领南徐州大中正","0","2","2"
