"N-gram","原文","翻译","Total"
"中书门下平","88","88","176"
"书门下平章","88","88","176"
"门下平章事","88","88","176"
"同中书门下","87","87","174"
"军都指挥使","50","50","100"
"武军节度使","35","37","72"
"国军节度使","36","35","71"
"步军都指挥","33","33","66"
"义军节度使","32","28","60"
"宁军节度使","23","22","45"
"行营招讨使","22","22","44"
"马步军都指","22","22","44"
"德军节度使","18","20","38"
"端明殿学士","19","19","38"
"为中书侍郎","0","36","36"
"平军节度使","17","18","35"
"面行营招讨","15","15","30"
"天平军节度","14","14","28"
"雄军节度使","13","14","27"
"河中节度使","13","14","27"
"义成军节度","14","13","27"
"成军节度使","14","13","27"
"北面行营招","13","13","26"
"唐明宗登位","0","26","26"
"河东节度使","12","13","25"
"行营都部署","13","12","25"
"匡国军节度","12","12","24"
"军节度使李","11","13","24"
"魏王李继岌","0","24","24"
"面行营都统","12","11","23"
"天雄军节度","11","12","23"
"晋高祖登位","0","23","23"
"保义军节度","12","10","22"
"海军节度使","11","11","22"
"跟随唐庄宗","0","22","22"
"武宁军节度","10","10","20"
"梁太祖登位","0","20","20"
"唐庄宗消灭","0","20","20"
"成德军节度","10","9","19"
"凤翔节度使","9","10","19"
"为北面行营","0","19","19"
"军节度使王","9","9","18"
"河阳节度使","9","9","18"
"左散骑常侍","9","9","18"
"高祖在太原","0","18","18"
"在太原起兵","0","18","18"
"泰宁军节度","9","8","17"
"州司户参军","9","8","17"
"在南郊祭天","0","17","17"
"周太祖登位","0","17","17"
"庄宗消灭梁","0","17","17"
"宣义军节度","8","8","16"
"翰林学士承","8","8","16"
"林学士承旨","8","8","16"
"横海军节度","8","8","16"
"昭义军节度","9","7","16"
"宣徽南院使","8","8","16"
"侍卫亲军都","8","8","16"
"忠武军节度","7","9","16"
"北面行营都","8","8","16"
"六军诸卫事","8","8","16"
"厢都指挥使","8","8","16"
"年轻时跟随","0","16","16"
"祖在太原起","0","16","16"
"唐明宗即位","0","16","16"
"宣武军节度","8","7","15"
"燕王刘守光","7","8","15"
"振武军节度","6","9","15"
"左卫大将军","8","7","15"
"判六军诸卫","8","7","15"
"四面行营都","7","7","14"
"平卢军节度","7","7","14"
"卢军节度使","7","7","14"
"左卫上将军","7","7","14"
"安国军节度","7","7","14"
"义武军节度","8","6","14"
"大同军节度","7","7","14"
"同军节度使","7","7","14"
"左谏议大夫","7","7","14"
"宣徽北院使","7","7","14"
"南面招讨使","7","7","14"
"步军都虞候","7","7","14"
"右厢都指挥","7","7","14"
"把女儿嫁给","0","14","14"
"派他的将领","0","14","14"
"金吾卫上将","7","6","13"
"吾卫上将军","7","6","13"
"卢龙军节度","6","7","13"
"龙军节度使","6","7","13"
"枢密使安重","7","6","13"
"密使安重诲","7","6","13"
"契丹耶律德","7","6","13"
"丹耶律德光","7","6","13"
"信军节度使","7","6","13"
"唐废帝登位","0","13","13"
"契丹阿保机","7","5","12"
"镇国军节度","6","6","12"
"亲军都指挥","6","6","12"
"侍卫步军都","6","6","12"
"马军都指挥","6","6","12"
"汉高祖太原","11","1","12"
"左骁卫上将","6","6","12"
"骁卫上将军","6","6","12"
"晋高祖入立","12","0","12"
"武胜军节度","6","6","12"
"胜军节度使","6","6","12"
"任翰林学士","0","12","12"
"任河东节度","0","12","12"
"史弘肇等人","0","12","12"
"唐庄宗进入","0","12","12"
"潞王李从珂","0","12","12"
"长骑马射箭","0","12","12"
"唐庄宗登位","0","12","12"
"的妻子儿女","0","12","12"
"西京副留守","6","5","11"
"武卫上将军","6","5","11"
"武信军节度","6","5","11"
"梁末帝登位","0","11","11"
"事情无论大","0","11","11"
"情无论大小","0","11","11"
"擅长骑马射","0","11","11"
"随唐庄宗在","0","11","11"
"派他的弟弟","0","11","11"
"派使臣前来","0","11","11"
"金吾卫大将","5","5","10"
"吾卫大将军","5","5","10"
"振武节度使","6","4","10"
"加检校太师","5","5","10"
"节度使李嗣","5","5","10"
"北面招讨使","5","5","10"
"卫亲军都指","5","5","10"
"卫步军都指","5","5","10"
"镇宁军节度","5","5","10"
"左骁卫大将","5","5","10"
"骁卫大将军","5","5","10"
"严卫指挥使","5","5","10"
"武卫大将军","5","5","10"
"右卫上将军","5","5","10"
"左龙武统军","5","5","10"
"监军张承业","5","5","10"
"步军指挥使","5","5","10"
"晋高祖太原","10","0","10"
"郑州防御使","5","5","10"
"东南面招讨","5","5","10"
"马步军都虞","5","5","10"
"唐庄宗灭梁","7","3","10"
"讨伐张文礼","0","10","10"
"的两个儿子","0","10","10"
"为人聪明机","0","10","10"
"人聪明机敏","0","10","10"
"他的儿子刘","0","10","10"
"军节度使刘","4","5","9"
"右金吾卫上","5","4","9"
"契丹犯京师","9","0","9"
"汝州防御使","5","4","9"
"赠太子太师","5","4","9"
"彰德军节度","4","5","9"
"刘氏为皇后","0","9","9"
"跟随梁太祖","0","9","9"
"晋高祖在太","0","9","9"
"不知道他的","0","9","9"
"派他的儿子","0","9","9"
"汉高祖登位","0","9","9"
"他的儿子王","0","9","9"
"他们的将领","0","9","9"
"淮南节度使","4","4","8"
"凤翔李茂贞","4","4","8"
"元年春正月","8","0","8"
"渤海国王大","4","4","8"
"军节度使杨","4","4","8"
"节度使杨师","4","4","8"
"度使杨师厚","4","4","8"
"宁国军节度","4","4","8"
"军节度使张","4","4","8"
"州兵马留后","4","4","8"
"节度使王彦","4","4","8"
"大同军防御","4","4","8"
"同军防御使","4","4","8"
"灵武节度使","4","4","8"
"难军节度使","4","4","8"
"雄武军节度","4","4","8"
"大行皇帝山","4","4","8"
"行皇帝山陵","4","4","8"
"州行营都部","4","4","8"
"行营副都统","4","4","8"
"保大军节度","4","4","8"
"大军节度使","4","4","8"
"大内都点检","4","4","8"
"宰相豆卢革","4","4","8"
"都知兵马使","4","4","8"
"左监门卫将","4","4","8"
"监门卫将军","4","4","8"
"千牛卫将军","4","4","8"
"右武卫大将","4","4","8"
"加同中书门","6","2","8"
"枢密使范延","4","4","8"
"密使范延光","4","4","8"
"枢密院直学","4","4","8"
"密院直学士","4","4","8"
"侍卫亲军马","4","4","8"
"卫亲军马步","4","4","8"
"军马步军都","4","4","8"
"殿中侍御史","4","4","8"
"黔南节度使","4","4","8"
"节度掌书记","4","4","8"
"水部员外郎","4","4","8"
"昌军节度使","4","4","8"
"节度使石敬","4","4","8"
"度使石敬瑭","4","4","8"
"潞州节度使","4","4","8"
"金吾大将军","4","4","8"
"右龙武统军","4","4","8"
"镇海军节度","4","4","8"
"都督中外诸","4","4","8"
"督中外诸军","4","4","8"
"中外诸军事","4","4","8"
"洪州节度使","4","4","8"
"西川节度使","4","4","8"
"他的儿子们","0","8","8"
"杜重威等人","0","8","8"
"关闭城门不","0","8","8"
"多次被打败","0","8","8"
"他的部下说","0","8","8"
"跟随唐明宗","0","8","8"
"我们的军队","0","8","8"
"二州的军队","0","8","8"
"和梁在黄河","0","8","8"
"唐明宗进入","0","8","8"
"屡经升迁为","0","8","8"
"李景的军队","0","8","8"
"为节度副使","0","8","8"
"收养作儿子","0","8","8"
"女儿嫁给他","0","8","8"
"契丹侵犯京","0","8","8"
"为翰林学士","0","8","8"
"宋太祖皇帝","0","8","8"
"襄州赵匡凝","4","3","7"
"节度使阎宝","4","3","7"
"面行营都部","4","3","7"
"归德军节度","3","4","7"
"右卫大将军","3","4","7"
"右神武统军","4","3","7"
"太祖镇宣武","6","1","7"
"蕃汉马步军","5","2","7"
"赐姓名曰李","7","0","7"
"加检校太尉","4","3","7"
"枢密直学士","4","3","7"
"高祖入京师","6","1","7"
"京马步军都","4","3","7"
"清军节度使","3","4","7"
"昭义节度使","2","5","7"
"高思继兄弟","1","6","7"
"州回到京城","0","7","7"
"晋派周德威","0","7","7"
"祖镇守太原","0","7","7"
"梁太祖于是","0","7","7"
"在凤翔反叛","0","7","7"
"梁太祖进攻","0","7","7"
"等人的军队","0","7","7"
"为兵部尚书","0","7","7"
"唐庄宗于是","0","7","7"
"他的两个儿","0","7","7"
"宗进入洛阳","0","7","7"
"姓名叫李绍","0","7","7"
"唐庄宗派李","0","7","7"
"抓获他们的","0","7","7"
"的所作所为","0","7","7"
"唐庄宗即位","0","7","7"
"为中书舍人","0","7","7"
"年轻时当兵","0","7","7"
"他的儿子李","0","7","7"
"于是派他的","0","7","7"
"让他的儿子","0","7","7"
"的军队攻打","0","7","7"
"率兵攻打他","0","7","7"
"任行军司马","0","7","7"
"丹侵犯京师","0","7","7"
"亲自率兵攻","0","7","7"
"到京师朝拜","0","7","7"
"拜为中书侍","0","7","7"
"境内实行大","0","7","7"
"内实行大赦","0","7","7"
"德元年正月","3","3","6"
"州四面行营","3","3","6"
"宦官韩全诲","2","4","6"
"岐王李茂贞","3","3","6"
"御史大夫薛","3","3","6"
"史大夫薛贻","3","3","6"
"大夫薛贻矩","3","3","6"
"行营都虞候","3","3","6"
"群臣上尊号","3","3","6"
"佑国军节度","3","3","6"
"左龙虎统军","3","3","6"
"镇南军节度","3","3","6"
"南军节度使","3","3","6"
"牛卫大将军","3","3","6"
"太原节度使","3","3","6"
"硃友谦河中","6","0","6"
"节度使李存","3","3","6"
"镇州兵马留","3","3","6"
"张文礼镇州","6","0","6"
"新罗国王金","3","3","6"
"罗国王金朴","3","3","6"
"国王金朴英","3","3","6"
"河南尹张全","3","3","6"
"南尹张全义","3","3","6"
"臣上尊号曰","3","3","6"
"静难军节度","4","2","6"
"河阳三城节","3","3","6"
"阳三城节度","3","3","6"
"三城节度使","3","3","6"
"行营都招讨","3","3","6"
"营都招讨使","3","3","6"
"留守刘遂雍","3","3","6"
"突骑指挥使","3","3","6"
"控鹤指挥使","3","3","6"
"军节度使赵","3","3","6"
"先锋指挥使","3","3","6"
"金紫光禄大","3","3","6"
"紫光禄大夫","3","3","6"
"军节度使高","3","3","6"
"节度使高行","3","3","6"
"度使高行周","3","3","6"
"北面行营副","3","3","6"
"卫亲军都虞","3","3","6"
"亲军都虞候","3","3","6"
"河中李守贞","3","3","6"
"枢密使王峻","3","3","6"
"先锋都指挥","3","3","6"
"锋都指挥使","3","3","6"
"彭城郡夫人","3","3","6"
"陕州节度使","3","3","6"
"先锋康延孝","3","3","6"
"吉柏江浮桥","3","3","6"
"捧圣指挥使","3","3","6"
"右赞善大夫","3","3","6"
"左屯卫大将","3","3","6"
"屯卫大将军","3","3","6"
"军卫大将军","3","3","6"
"潞王珂反凤","6","0","6"
"王珂反凤翔","6","0","6"
"右羽林统军","3","3","6"
"山南东道节","5","1","6"
"南东道节度","5","1","6"
"东道节度使","5","1","6"
"衙内指挥使","3","3","6"
"马军指挥使","3","3","6"
"左武卫上将","3","3","6"
"亲军马步军","3","3","6"
"兴元张虔钊","3","3","6"
"西川节度副","3","3","6"
"江军节度使","3","3","6"
"侍卫马步军","3","3","6"
"卫马步军都","3","3","6"
"高祖镇太原","6","0","6"
"金吾卫将军","3","3","6"
"卫指挥使尹","3","3","6"
"指挥使尹晖","3","3","6"
"州节度使王","2","4","6"
"梁太祖镇宣","5","1","6"
"迁户部尚书","5","1","6"
"宰相桑维翰","3","3","6"
"宋州下邑人","3","3","6"
"南节度使王","3","3","6"
"军行军司马","3","3","6"
"护圣指挥使","3","3","6"
"州节度使李","3","3","6"
"周太祖入立","6","0","6"
"州行军司马","3","3","6"
"晋昌军节度","3","3","6"
"右散骑常侍","3","3","6"
"侍御史知杂","3","3","6"
"御史知杂事","3","3","6"
"定州王处直","3","3","6"
"军节度使贺","3","3","6"
"周广顺三年","3","3","6"
"军节度判官","3","3","6"
"蔡州秦宗权","3","3","6"
"宣州观察使","3","3","6"
"郭崇韬伐蜀","2","4","6"
"南朝军国事","3","3","6"
"皇帝山陵使","3","3","6"
"人们都认为","0","6","6"
"为母亲服丧","0","6","6"
"任他的儿子","0","6","6"
"任吏部侍郎","0","6","6"
"为同中书门","0","6","6"
"为河中节度","0","6","6"
"契丹侵犯边","0","6","6"
"晋高祖即位","0","6","6"
"赵延寿等人","0","6","6"
"枢密使的职","0","6","6"
"任河中节度","0","6","6"
"刘郡的军队","0","6","6"
"唐庄宗在魏","0","6","6"
"王李从珂在","0","6","6"
"李从珂在凤","0","6","6"
"对他的部下","0","6","6"
"唐庄宗认为","0","6","6"
"和他的弟弟","0","6","6"
"唐明宗下诏","0","6","6"
"从马上摔下","0","6","6"
"唐庄宗在胡","0","6","6"
"庄宗在胡柳","0","6","6"
"唐明宗于是","0","6","6"
"年轻时好学","0","6","6"
"刘延朗等人","0","6","6"
"秦王李从荣","0","6","6"
"许王李从益","0","6","6"
"高祖进入京","0","6","6"
"祖进入京师","0","6","6"
"等人讨伐他","0","6","6"
"任侍卫亲军","0","6","6"
"唐庄宗被杀","0","6","6"
"年轻时考中","0","6","6"
"为人骁悍勇","0","6","6"
"人骁悍勇猛","0","6","6"
"高祖镇守太","0","6","6"
"他的妻子儿","0","6","6"
"率兵包围他","0","6","6"
"他的弟弟李","0","6","6"
"后来改名叫","0","6","6"
"跟随唐太祖","0","6","6"
"于是任命他","0","6","6"
"黄巢攻陷长","0","6","6"
"巢攻陷长安","0","6","6"
"在郊外祭天","0","6","6"
"任命他的弟","0","6","6"
"命他的弟弟","0","6","6"
"获他们的将","0","6","6"
"自率兵攻打","0","6","6"
"任中书舍人","0","6","6"
"的儿子王继","0","6","6"
"节度使王珙","2","3","5"
"护国军节度","2","3","5"
"官韩全诲等","2","3","5"
"二年春正月","5","0","5"
"三年春正月","5","0","5"
"四年夏四月","3","2","5"
"千牛卫大将","3","2","5"
"亳州团练使","3","2","5"
"威北面行营","5","0","5"
"立刘氏皇后","5","0","5"
"高丽遣使者","3","2","5"
"京副留守刘","3","2","5"
"副留守刘遂","3","2","5"
"知枢密院事","3","2","5"
"四镇节度使","1","4","5"
"南面行营都","3","2","5"
"天下兵马大","2","3","5"
"下兵马大元","2","3","5"
"兵马大元帅","2","3","5"
"祖兵入京师","5","0","5"
"宦官向延嗣","1","4","5"
"汉马步军都","4","1","5"
"入关破黄巢","5","0","5"
"姓名曰李绍","5","0","5"
"荆南高季兴","3","2","5"
"军节度副使","3","2","5"
"赠太子少师","2","3","5"
"迁中书舍人","5","0","5"
"学士徐台符","3","2","5"
"右武卫上将","3","2","5"
"兴元节度使","2","3","5"
"山南节度使","2","3","5"
"永平军节度","2","3","5"
"见耶律德光","1","4","5"
"沙陀三部落","2","3","5"
"蒋玄晖等人","0","5","5"
"十一月二十","0","5","5"
"月二十四日","0","5","5"
"月二十二日","0","5","5"
"月二十一日","0","5","5"
"十二月二十","0","5","5"
"威为北面行","0","5","5"
"筑夹城包围","0","5","5"
"任成德军节","0","5","5"
"十二月一日","0","5","5"
"契丹使者梅","0","5","5"
"任端明殿学","0","5","5"
"为枢密副使","0","5","5"
"驱逐节度使","0","5","5"
"自己的儿子","0","5","5"
"为户部尚书","0","5","5"
"叛北汉来归","0","5","5"
"北汉来归附","0","5","5"
"在皇帝面前","0","5","5"
"告诉他们说","0","5","5"
"庄宗派宦官","0","5","5"
"在魏州起兵","0","5","5"
"周世宗征伐","0","5","5"
"世宗征伐淮","0","5","5"
"梁太祖任命","0","5","5"
"梁太祖大怒","0","5","5"
"有什么不同","0","5","5"
"庄宗进入魏","0","5","5"
"率兵一万人","0","5","5"
"从珂在凤翔","0","5","5"
"珂在凤翔反","0","5","5"
"为匡国军节","0","5","5"
"朱友珪登位","0","5","5"
"宗进入汴州","0","5","5"
"梁太祖更加","0","5","5"
"为天雄军节","0","5","5"
"多次立下战","0","5","5"
"次立下战功","0","5","5"
"梁太祖十分","0","5","5"
"孟知祥于是","0","5","5"
"庄宗认为他","0","5","5"
"他的弟弟王","0","5","5"
"进见唐庄宗","0","5","5"
"州的军队在","0","5","5"
"西面的军队","0","5","5"
"梁在黄河边","0","5","5"
"在黄河边相","0","5","5"
"到京师朝见","0","5","5"
"梁太祖亲自","0","5","5"
"在胡柳打仗","0","5","5"
"赐姓名叫李","0","5","5"
"唐明宗从魏","0","5","5"
"知道他的家","0","5","5"
"道他的家世","0","5","5"
"唐庄宗攻破","0","5","5"
"年轻时事奉","0","5","5"
"兵进入京师","0","5","5"
"都认为不行","0","5","5"
"军队包围他","0","5","5"
"当这个时候","0","5","5"
"庄宗在魏州","0","5","5"
"他的祖先是","0","5","5"
"轻时考中进","0","5","5"
"时考中进士","0","5","5"
"高祖从太原","0","5","5"
"于是暗中派","0","5","5"
"汉高祖进入","0","5","5"
"漠高祖在太","0","5","5"
"有什么脸面","0","5","5"
"到京师请求","0","5","5"
"被他的儿子","0","5","5"
"的儿子刘守","0","5","5"
"不曾有战功","0","5","5"
"军解围离去","0","5","5"
"兵攻打他们","0","5","5"
"又有什么脸","0","5","5"
"赐给他姓名","0","5","5"
"是任命他为","0","5","5"
"祖十分高兴","0","5","5"
"梁太祖即位","0","5","5"
"和他的妻子","0","5","5"
"投奔杨行密","0","5","5"
"他的儿子徐","0","5","5"
"于是派使臣","0","5","5"
"留下他的儿","0","5","5"
"下他的儿子","0","5","5"
"他的弟弟刘","0","5","5"
"晋高祖镇守","0","5","5"
"皇甫遇等人","0","5","5"
"授任杜重威","0","5","5"
"任杜重威为","0","5","5"
"任监察御史","0","5","5"
"穿大功丧服","0","5","5"
"累经升迁为","0","5","5"
"杨行密于是","0","5","5"
"封他的儿子","0","5","5"
"他的弟弟马","0","5","5"
"王建派王宗","0","5","5"
"吉祥的征兆","0","5","5"
"派使臣到京","0","5","5"
"使臣到京师","0","5","5"
"是王审知的","0","5","5"
"他们的国土","0","5","5"
"前来请求任","0","5","5"
"来请求任命","0","5","5"
"张匡邺等人","0","5","5"
"东南面行营","2","2","4"
"左金吾卫大","2","2","4"
"面行营兵马","2","2","4"
"行营兵马都","2","2","4"
"营兵马都统","2","2","4"
"节度使安师","2","2","4"
"度使安师儒","2","2","4"
"行军司马李","2","2","4"
"潞州守将李","2","2","4"
"天复元年正","2","2","4"
"复元年正月","2","2","4"
"州节度使杨","2","2","4"
"诸道兵马元","2","2","4"
"道兵马元帅","2","2","4"
"青州王师范","2","2","4"
"祐元年正月","2","2","4"
"枢密使蒋玄","2","2","4"
"密使蒋玄晖","2","2","4"
"年春正月壬","4","0","4"
"追尊祖考皇","4","0","4"
"尊祖考皇帝","4","0","4"
"年春正月丁","4","0","4"
"礼部侍郎张","2","2","4"
"潞州行营都","2","2","4"
"友文留守东","2","2","4"
"年春正月甲","4","0","4"
"延州高万兴","2","2","4"
"州东面行营","2","2","4"
"东面行营招","2","2","4"
"西路行营招","2","2","4"
"路行营招讨","2","2","4"
"节度使王景","2","2","4"
"北平王王处","2","2","4"
"平王王处直","2","2","4"
"二年春二月","4","0","4"
"乾化二年六","2","2","4"
"化二年六月","2","2","4"
"驸马都尉赵","2","2","4"
"马都尉赵岩","2","2","4"
"军节度使阎","2","2","4"
"太子太保致","4","0","4"
"子太保致仕","4","0","4"
"军节度使戴","2","2","4"
"节度使戴思","2","2","4"
"度使戴思远","2","2","4"
"守将张源德","2","2","4"
"右千牛卫大","2","2","4"
"州安抚制置","2","2","4"
"安抚制置使","2","2","4"
"赵将张文礼","2","2","4"
"度使王彦章","2","2","4"
"河西节度使","2","2","4"
"北行营节度","2","2","4"
"行营节度使","2","2","4"
"二年十一月","1","3","4"
"天下兵马都","2","2","4"
"太原四面行","2","2","4"
"原四面行营","2","2","4"
"太师中书令","4","0","4"
"都虞候李存","2","2","4"
"虞候李存质","2","2","4"
"周德威攻晋","3","1","4"
"德威攻晋州","3","1","4"
"魏博节度使","2","2","4"
"度使李嗣本","2","2","4"
"度使李嗣源","2","2","4"
"莱州司户参","2","2","4"
"教坊使陈俊","2","2","4"
"园栽接使储","2","2","4"
"栽接使储德","2","2","4"
"接使储德源","2","2","4"
"节度使李继","2","2","4"
"皇帝位柩前","4","0","4"
"留守王思同","2","2","4"
"守刘遂雍叛","2","2","4"
"京城巡检使","2","2","4"
"城巡检使安","2","2","4"
"诸镇兵皆溃","4","0","4"
"叛降石敬瑭","3","1","4"
"逐节度使刘","2","2","4"
"节度使刘延","2","2","4"
"度使刘延皓","2","2","4"
"四面招讨使","2","2","4"
"右金吾卫大","2","2","4"
"契丹使通事","2","2","4"
"回鹘遣使者","2","2","4"
"使广评侍郎","4","0","4"
"州刺史郭彦","2","2","4"
"节度使李周","2","2","4"
"幽州道行营","2","2","4"
"州道行营招","2","2","4"
"道行营招讨","2","2","4"
"军节度使杜","2","2","4"
"面行营副都","2","2","4"
"尚书户部侍","2","2","4"
"书户部侍郎","2","2","4"
"吐浑白承福","2","2","4"
"行军司马张","2","2","4"
"军步军都指","2","2","4"
"都指挥使史","2","2","4"
"永兴赵思绾","2","2","4"
"凤翔王景崇","2","2","4"
"开封尹侯益","2","2","4"
"尚书左丞田","2","2","4"
"书左丞田敏","2","2","4"
"度使王彦超","2","2","4"
"建雄军节度","2","2","4"
"指挥使曹英","2","2","4"
"判内外兵马","2","2","4"
"监门卫大将","2","2","4"
"门卫大将军","2","2","4"
"侍卫马军都","2","2","4"
"卫马军都指","2","2","4"
"淮南道行营","2","2","4"
"南道行营都","2","2","4"
"内外马步军","2","2","4"
"外马步军都","2","2","4"
"王朴留守东","2","2","4"
"朴留守东京","2","2","4"
"城郡夫人刘","2","2","4"
"郡夫人刘氏","2","2","4"
"守将张彦卿","2","2","4"
"立皇后符氏","2","2","4"
"户部尚书李","2","2","4"
"南西道节度","2","2","4"
"西道节度使","2","2","4"
"同光三年秋","2","2","4"
"翰林学士李","2","2","4"
"断吉柏江浮","2","2","4"
"圣穆皇后柴","2","2","4"
"穆皇后柴氏","2","2","4"
"邢州尧山人","2","2","4"
"幽州符存审","2","2","4"
"太祖兵入京","4","0","4"
"太子右赞善","2","2","4"
"子右赞善大","2","2","4"
"德四年夏四","2","2","4"
"年夏四月癸","2","2","4"
"夏四月癸未","2","2","4"
"左千牛卫将","2","2","4"
"银青光禄大","2","2","4"
"青光禄大夫","2","2","4"
"追封彭城郡","2","2","4"
"同州刘知俊","2","2","4"
"棣州刺史张","2","2","4"
"州刺史张蟾","2","2","4"
"诸葛爽河阳","4","0","4"
"行营排阵使","2","2","4"
"长剑指挥使","2","2","4"
"州观察留后","2","2","4"
"马步都虞候","2","2","4"
"过御史台门","2","2","4"
"州录事参军","2","2","4"
"任圜判三司","2","2","4"
"太子太师致","4","0","4"
"子太师致仕","4","0","4"
"检校左仆射","2","2","4"
"庄宗灭梁入","3","1","4"
"行营招抚使","2","2","4"
"突阵指挥使","2","2","4"
"租庸使孔谦","2","2","4"
"东川节度使","4","0","4"
"陇州防御使","2","2","4"
"判官薛文遇","2","2","4"
"等军蕃汉马","3","1","4"
"军蕃汉马步","3","1","4"
"马步军都总","2","2","4"
"步军都总管","2","2","4"
"宿州团练使","2","2","4"
"愍帝奔卫州","4","0","4"
"指挥使一人","2","2","4"
"节度使潞王","2","2","4"
"行台左丞相","2","2","4"
"三司使孔谦","2","2","4"
"纵田客杀人","2","2","4"
"膳部员外郎","2","2","4"
"庄宗遣宦者","4","0","4"
"州节度判官","2","2","4"
"明宗幸汴州","4","0","4"
"宗北伐契丹","2","2","4"
"青州节度使","2","2","4"
"累迁中书舍","4","0","4"
"果州团练使","2","2","4"
"周太祖枢密","4","0","4"
"太祖枢密使","4","0","4"
"翰林学士陶","2","2","4"
"高祖河东节","3","1","4"
"祖河东节度","3","1","4"
"彦章招讨使","4","0","4"
"庄宗遣明宗","4","0","4"
"清淮军节度","2","2","4"
"淮军节度使","2","2","4"
"永德两军相","2","2","4"
"副使孙羽等","2","2","4"
"梁贞明三年","2","2","4"
"节度使贺德","2","2","4"
"度使贺德伦","2","2","4"
"邢州节度使","2","2","4"
"飞胜指挥使","2","2","4"
"行营马步军","2","2","4"
"营马步军都","2","2","4"
"马步军都部","2","2","4"
"步军都部署","2","2","4"
"羽林指挥使","2","2","4"
"林指挥使杨","2","2","4"
"指挥使杨思","2","2","4"
"挥使杨思权","2","2","4"
"河东马步军","2","2","4"
"威塞等军蕃","2","2","4"
"捷都指挥使","2","2","4"
"捷右厢都指","2","2","4"
"子祭酒田敏","2","2","4"
"兵部侍郎王","2","2","4"
"容管经略使","2","2","4"
"工部侍郎奉","2","2","4"
"部侍郎奉旨","2","2","4"
"中尉韩全诲","2","2","4"
"幽州李匡威","2","2","4"
"天祐十八年","3","1","4"
"马直指挥使","2","2","4"
"幽州刘仁恭","2","2","4"
"晋天福二年","2","2","4"
"节度使卢彦","2","2","4"
"度使卢彦威","2","2","4"
"太原少尹李","2","2","4"
"彦雄等七人","2","2","4"
"雄等七人送","2","2","4"
"节度行军司","2","2","4"
"度行军司马","2","2","4"
"州马步军都","2","2","4"
"润州徐知诰","2","2","4"
"平卢节度使","2","2","4"
"泽潞节度使","2","2","4"
"累迁户部尚","4","0","4"
"荆南节度使","2","2","4"
"左金吾大将","2","2","4"
"开道指挥使","2","2","4"
"亲军指挥使","2","2","4"
"泾州节度使","2","2","4"
"都指挥使张","2","2","4"
"颍州团练使","4","0","4"
"左金吾卫上","2","2","4"
"匡霸指挥使","2","2","4"
"蔡二州刺史","2","2","4"
"马步军指挥","2","2","4"
"护圣右厢都","2","2","4"
"圣右厢都指","2","2","4"
"加同平章事","2","2","4"
"润州节度使","2","2","4"
"羽林都指挥","2","2","4"
"林都指挥使","2","2","4"
"军节度使石","2","2","4"
"北面转运使","2","2","4"
"汉高祖入京","4","0","4"
"化军节度使","2","2","4"
"武清军节度","2","2","4"
"契丹高牟翰","2","2","4"
"谏议大夫郑","2","2","4"
"御史中丞王","2","2","4"
"史中丞王易","2","2","4"
"中丞王易简","2","2","4"
"侍卫步军指","2","2","4"
"卫步军指挥","2","2","4"
"河东节度掌","2","2","4"
"东节度掌书","2","2","4"
"充翰林学士","2","2","4"
"迁兵部侍郎","4","0","4"
"唐末举进士","4","0","4"
"崇政院直学","2","2","4"
"政院直学士","2","2","4"
"安重诲专权","1","3","4"
"三司使王玫","2","2","4"
"中书舍人李","2","2","4"
"部侍郎任赞","2","2","4"
"太常博士段","2","2","4"
"部侍郎吕琦","2","2","4"
"职方员外郎","2","2","4"
"镇州节度使","2","2","4"
"翰林学士徐","2","2","4"
"林学士徐台","2","2","4"
"右谏议大夫","2","2","4"
"部尚书卢文","2","2","4"
"尚书卢文纪","2","2","4"
"宣谕使李俨","2","2","4"
"道行营都统","2","2","4"
"太祖武皇帝","2","2","4"
"右衙指挥使","2","2","4"
"选壮士三十","2","2","4"
"壮士三十人","2","2","4"
"大丞相徐温","2","2","4"
"三年十一月","2","2","4"
"客将周廷望","2","2","4"
"浙西节度使","2","2","4"
"节度使李金","2","2","4"
"度使李金全","2","2","4"
"宰相冯延巳","2","2","4"
"建州节度使","2","2","4"
"舒州节度使","2","2","4"
"湖南节度使","2","2","4"
"光州刺史张","2","2","4"
"景割地称臣","2","2","4"
"勤政殿学士","2","2","4"
"谏议大夫李","2","2","4"
"议大夫李洵","2","2","4"
"牙内都指挥","2","2","4"
"内都指挥使","2","2","4"
"荆南高季昌","4","0","4"
"剑南西川节","2","2","4"
"南西川节度","2","2","4"
"川节度副大","2","2","4"
"节度副大使","2","2","4"
"命天雄军节","1","3","4"
"山南西道节","1","3","4"
"右仆射王翻","2","2","4"
"武安军节度","2","2","4"
"安军节度使","2","2","4"
"天册上将军","2","2","4"
"希声判内外","2","2","4"
"声判内外诸","2","2","4"
"判内外诸军","2","2","4"
"内外诸军事","2","2","4"
"等军节度使","2","2","4"
"周广顺元年","2","2","4"
"越州观察使","2","2","4"
"信州危仔倡","2","2","4"
"福建观察使","2","2","4"
"梁兵攻破襄","2","2","4"
"兵攻破襄州","2","2","4"
"顺元年正月","1","3","4"
"永康王兀欲","2","2","4"
"等州观察处","2","2","4"
"州观察处置","2","2","4"
"观察处置等","2","2","4"
"察处置等使","2","2","4"
"知南朝军国","3","1","4"
"归义军节度","2","2","4"
"左监门卫上","2","2","4"
"监门卫上将","2","2","4"
"门卫上将军","2","2","4"
"都督安千想","2","2","4"
"节度使杨光","2","2","4"
"度使杨光远","2","2","4"
"右千牛卫将","2","2","4"
"军节度使田","2","2","4"
"祖妣李氏谥","2","2","4"
"兵部尚书张","2","2","4"
"部尚书张昭","2","2","4"
"桥道顿递使","2","2","4"
"晋高祖追封","2","2","4"
"郑二州防御","2","2","4"
"二州防御使","2","2","4"
"管内观察处","2","2","4"
"内观察处置","2","2","4"
"翔节度使王","2","2","4"
"都指挥使李","2","2","4"
"冯道率百官","1","3","4"
"睿武孝文皇","2","2","4"
"武孝文皇帝","2","2","4"
"镇州真定人","2","2","4"
"庐州合淝人","2","2","4"
"陀三部落人","2","2","4"
"京兆长安人","2","2","4"
"河东闻喜人","2","2","4"
"他的士兵说","0","4","4"
"有别的打算","0","4","4"
"把他的军队","0","4","4"
"李罕之投奔","0","4","4"
"派葛从周攻","0","4","4"
"月二十七日","0","4","4"
"晋王李克用","0","4","4"
"阿保机派使","0","4","4"
"追尊祖考为","0","4","4"
"尊祖考为皇","0","4","4"
"祖考为皇帝","0","4","4"
"海国王大讠","0","4","4"
"国王大讠巽","0","4","4"
"王大讠巽派","0","4","4"
"大讠巽派使","0","4","4"
"讠巽派使者","0","4","4"
"视农民庄稼","0","4","4"
"年正月初一","0","4","4"
"兼门下侍郎","0","4","4"
"第二年正月","0","4","4"
"为太原四面","0","4","4"
"为昭义军节","0","4","4"
"太师兼中书","0","4","4"
"师兼中书令","0","4","4"
"派周德威率","0","4","4"
"周德威的军","0","4","4"
"德威的军队","0","4","4"
"立刘氏为皇","0","4","4"
"月二十三日","0","4","4"
"年正月五日","0","4","4"
"讨伐赵在礼","0","4","4"
"任西京留守","0","4","4"
"为左卫大将","0","4","4"
"丹侵犯边境","0","4","4"
"丹使者梅里","0","4","4"
"为大行皇帝","0","4","4"
"为都招讨使","0","4","4"
"任命高行周","0","4","4"
"命高行周为","0","4","4"
"过了几个月","0","4","4"
"明宗即帝位","0","4","4"
"派宦官向延","0","4","4"
"第二天早晨","0","4","4"
"密使的职务","0","4","4"
"弘昭等人说","0","4","4"
"张文礼杀死","0","4","4"
"在高平打败","0","4","4"
"周太祖率兵","0","4","4"
"太祖登位后","0","4","4"
"宗征伐淮南","0","4","4"
"为左骁卫上","0","4","4"
"周太祖在魏","0","4","4"
"太祖在魏州","0","4","4"
"祖在魏州起","0","4","4"
"于是逃奔到","0","4","4"
"任保义军节","0","4","4"
"康怀英等人","0","4","4"
"为右卫上将","0","4","4"
"刘知俊反叛","0","4","4"
"进攻王师范","0","4","4"
"脸色都变了","0","4","4"
"为义成军节","0","4","4"
"调任镇守天","0","4","4"
"镇守天平军","0","4","4"
"秦宗权进攻","0","4","4"
"庄宗进入汴","0","4","4"
"为镇国军节","0","4","4"
"梁太祖镇守","0","4","4"
"太祖镇守宣","0","4","4"
"祖镇守宣武","0","4","4"
"的弟弟趟匡","0","4","4"
"弟弟趟匡明","0","4","4"
"山南束道节","0","4","4"
"南束道节度","0","4","4"
"束道节度使","0","4","4"
"调任镇守宣","0","4","4"
"梁太祖发怒","0","4","4"
"梁末帝于是","0","4","4"
"无论大小都","0","4","4"
"对梁太祖说","0","4","4"
"在黄河两岸","0","4","4"
"郭崇韬素来","0","4","4"
"唐庄宗发怒","0","4","4"
"唐庄宗听说","0","4","4"
"唐庄宗大怒","0","4","4"
"明宗登位后","0","4","4"
"轻时跟随唐","0","4","4"
"推辞不接受","0","4","4"
"以太子太师","0","4","4"
"攻破王行瑜","0","4","4"
"唐庄宗和刘","0","4","4"
"随晋王进攻","0","4","4"
"任符存审为","0","4","4"
"晋和梁在黄","0","4","4"
"和他的儿子","0","4","4"
"任汾州刺史","0","4","4"
"明宗进入洛","0","4","4"
"任义成军节","0","4","4"
"范延光反叛","0","4","4"
"关攻破黄巢","0","4","4"
"返回时经过","0","4","4"
"太祖亲自率","0","4","4"
"祖亲自率兵","0","4","4"
"在镇州讨伐","0","4","4"
"宗在胡柳打","0","4","4"
"监督他的军","0","4","4"
"督他的军队","0","4","4"
"父亲刘仁恭","0","4","4"
"唐明宗讨伐","0","4","4"
"是唐明宗的","0","4","4"
"随唐庄宗攻","0","4","4"
"有什么好处","0","4","4"
"不值得担心","0","4","4"
"于是把他的","0","4","4"
"从容自如地","0","4","4"
"束川节度使","0","4","4"
"王李继岌攻","0","4","4"
"事奉唐明宗","0","4","4"
"孟知祥反叛","0","4","4"
"唐废帝在凤","0","4","4"
"废帝在凤翔","0","4","4"
"各镇军队包","0","4","4"
"镇军队包围","0","4","4"
"晋高祖迫不","0","4","4"
"高祖迫不得","0","4","4"
"祖迫不得已","0","4","4"
"在柏乡作战","0","4","4"
"向李从珂投","0","4","4"
"李从珂投降","0","4","4"
"朱弘昭等人","0","4","4"
"到唐明宗时","0","4","4"
"的军队攻破","0","4","4"
"朱守殷反叛","0","4","4"
"任萧希甫为","0","4","4"
"为左散骑常","0","4","4"
"任马步军都","0","4","4"
"耶律德光的","0","4","4"
"和契丹绝交","0","4","4"
"是暗中派人","0","4","4"
"皇帝的弟弟","0","4","4"
"耶律德光侵","0","4","4"
"律德光侵犯","0","4","4"
"德光侵犯京","0","4","4"
"光侵犯京师","0","4","4"
"晋出帝即位","0","4","4"
"在这个时候","0","4","4"
"高祖镇守河","0","4","4"
"任他为节度","0","4","4"
"把他们全部","0","4","4"
"任命他的儿","0","4","4"
"命他的儿子","0","4","4"
"汉高祖镇守","0","4","4"
"阻认为不行","0","4","4"
"汉高祖认为","0","4","4"
"在北郊被打","0","4","4"
"北郊被打败","0","4","4"
"隐帝在北郊","0","4","4"
"帝在北郊被","0","4","4"
"为户部侍郎","0","4","4"
"议事的人认","0","4","4"
"事的人认为","0","4","4"
"左右的人都","0","4","4"
"一年多不能","0","4","4"
"年多不能攻","0","4","4"
"粮食快要吃","0","4","4"
"食快要吃完","0","4","4"
"儿子刘守光","0","4","4"
"军远道而来","0","4","4"
"李继岌攻破","0","4","4"
"继岌攻破蜀","0","4","4"
"去京师朝拜","0","4","4"
"晋出帝登位","0","4","4"
"任吏部尚书","0","4","4"
"为吏部尚书","0","4","4"
"张廷范等人","0","4","4"
"用朋党的罪","0","4","4"
"朋党的罪名","0","4","4"
"别人的国家","0","4","4"
"可以叫做朋","0","4","4"
"以叫做朋党","0","4","4"
"和他的哥哥","0","4","4"
"暗中派人告","0","4","4"
"喜欢他的为","0","4","4"
"欢他的为人","0","4","4"
"太祖十分高","0","4","4"
"唐昭宗束迁","0","4","4"
"任宣义军节","0","4","4"
"为义武军节","0","4","4"
"梁太祖表奏","0","4","4"
"王晏球打败","0","4","4"
"向唐请求任","0","4","4"
"唐请求任命","0","4","4"
"封为南平王","0","4","4"
"的儿子徐知","0","4","4"
"的人都哀怜","0","4","4"
"和他的部下","0","4","4"
"他的将领刘","0","4","4"
"改年号为天","0","4","4"
"事奉梁太祖","0","4","4"
"对手下人说","0","4","4"
"军队攻打他","0","4","4"
"黄河边相拒","0","4","4"
"讨伐范延光","0","4","4"
"率兵进入京","0","4","4"
"多次升迁任","0","4","4"
"任兵部侍郎","0","4","4"
"唐末考中进","0","4","4"
"考进士不中","0","4","4"
"到郊外迎接","0","4","4"
"穿小功丧服","0","4","4"
"为太子太保","0","4","4"
"多次升迁为","0","4","4"
"攻打杨行密","0","4","4"
"逃奔到钱塘","0","4","4"
"在境内实行","0","4","4"
"加封尊号为","0","4","4"
"原来的大将","0","4","4"
"他们的君主","0","4","4"
"记载在本朝","0","4","4"
"载在本朝国","0","4","4"
"在本朝国史","0","4","4"
"向王建投降","0","4","4"
"剂南高季昌","0","4","4"
"率兵三万人","0","4","4"
"刘思潮等人","0","4","4"
"周世宗平定","0","4","4"
"龚澄枢等人","0","4","4"
"派使臣进贡","0","4","4"
"望着手下人","0","4","4"
"着手下人说","0","4","4"
"连重遇等人","0","4","4"
"封高季兴为","0","4","4"
"高季兴于是","0","4","4"
"的母亲述律","0","4","4"
"母亲述律氏","0","4","4"
"德光消灭后","0","4","4"
"光消灭后晋","0","4","4"
"为门下侍郎","0","4","4"
"见白马硃甲","3","0","3"
"白马硃甲者","3","0","3"
"泗州牙将王","2","1","3"
"州牙将王知","2","1","3"
"牙将王知朗","2","1","3"
"河中王重荣","2","1","3"
"击败巢将黄","2","1","3"
"败巢将黄鄴","3","0","3"
"唐诸大臣皆","3","0","3"
"请迁都洛阳","3","0","3"
"遣氏叔琮攻","3","0","3"
"遣杨师厚攻","3","0","3"
"契丹遣使者","3","0","3"
"渤海遣使者","3","0","3"
"阿保机遣使","3","0","3"
"保机遣使者","3","0","3"
"海国王大諲","3","0","3"
"四年春正月","3","0","3"
"张宗奭留守","3","0","3"
"宗奭留守西","3","0","3"
"奭留守西都","3","0","3"
"夏四月己巳","3","0","3"
"降死罪下囚","3","0","3"
"王舜贤洛阳","3","0","3"
"司空门下侍","3","0","3"
"空门下侍郎","3","0","3"
"遣谏议大夫","3","0","3"
"天祐五年正","1","2","3"
"祐五年正月","1","2","3"
"晋遣周德威","3","0","3"
"梁遣王景仁","3","0","3"
"王景仁攻赵","2","1","3"
"思远弃沧州","2","1","3"
"武节度使李","2","1","3"
"尚书左丞赵","2","1","3"
"书左丞赵光","2","1","3"
"十二月庚午","3","0","3"
"内园栽接使","2","1","3"
"河南县令罗","2","1","3"
"南县令罗贯","2","1","3"
"崇韬招讨使","3","0","3"
"东北面招讨","2","1","3"
"宦者孟汉琼","3","0","3"
"指挥使硃弘","3","0","3"
"挥使硃弘实","3","0","3"
"愍帝遣王思","3","0","3"
"帝遣王思同","3","0","3"
"十二月己亥","3","0","3"
"年春正月乙","3","0","3"
"契丹使梅里","3","0","3"
"杨光远杀张","2","1","3"
"光远杀张敬","2","1","3"
"远杀张敬达","2","1","3"
"军叛降契丹","2","1","3"
"董殷使契丹","3","0","3"
"度使李周留","2","1","3"
"威都招讨使","3","0","3"
"广评侍郎韩","2","1","3"
"节度使杜重","1","2","3"
"度使杜重威","1","2","3"
"乾祐元年正","1","2","3"
"客省使阎晋","2","1","3"
"省使阎晋卿","2","1","3"
"道迎赟徐州","3","0","3"
"回鹘使都督","2","1","3"
"参知枢密院","2","1","3"
"乾祐三年冬","2","1","3"
"郑仁诲留守","1","2","3"
"仁诲留守东","2","1","3"
"淮南十四州","2","1","3"
"十一月庚戌","2","1","3"
"封魏国夫人","1","2","3"
"郴王友裕攻","2","1","3"
"太祖初镇宣","3","0","3"
"祖初镇宣武","3","0","3"
"克宁妻孟氏","2","1","3"
"西南面行营","2","1","3"
"崇韬专任军","2","1","3"
"韬专任军事","2","1","3"
"遣宦者向延","3","0","3"
"宦者向延嗣","3","0","3"
"宦官马彦珪","2","1","3"
"高祖太原入","3","0","3"
"世宗显德四","2","1","3"
"宗显德四年","2","1","3"
"显德四年夏","2","1","3"
"赠左监门卫","2","1","3"
"封彭城郡夫","1","2","3"
"迁保义军节","3","0","3"
"遣硃友宁攻","3","0","3"
"东道招讨使","2","1","3"
"王思同率诸","3","0","3"
"思同率诸镇","3","0","3"
"同率诸镇兵","3","0","3"
"唐庄宗入汴","2","1","3"
"少事梁太祖","3","0","3"
"晋二州刺史","1","2","3"
"化元年正月","1","2","3"
"大小百余战","3","0","3"
"殿直马延误","2","1","3"
"药彦稠率兵","1","2","3"
"迁代州刺史","3","0","3"
"明宗下诏褒","2","1","3"
"讨张文礼镇","3","0","3"
"功迁突阵指","2","1","3"
"迁突阵指挥","2","1","3"
"迁左厢马军","2","1","3"
"庄宗东幸汴","3","0","3"
"宗东幸汴州","3","0","3"
"知祥中门使","3","0","3"
"魏王继岌伐","3","0","3"
"王继岌伐蜀","3","0","3"
"诸镇兵围凤","3","0","3"
"镇兵围凤翔","3","0","3"
"昭武军节度","2","1","3"
"知世家何人","3","0","3"
"庄宗攻破梁","1","2","3"
"继岌杀崇韬","2","1","3"
"系国家利害","1","2","3"
"四月二十八","1","2","3"
"月二十八日","1","2","3"
"耶律德光犯","3","0","3"
"德光犯京师","3","0","3"
"迁马步军都","2","1","3"
"遣供奉官张","3","0","3"
"永清军节度","1","2","3"
"高祖镇河东","3","0","3"
"十月十三日","1","2","3"
"京师大风拔","2","1","3"
"荆南高保融","2","1","3"
"林学士陶谷","1","2","3"
"朴留守京师","1","2","3"
"李守贞河中","3","0","3"
"张永德两军","1","2","3"
"仁恭子守光","3","0","3"
"恭子守光所","3","0","3"
"子守光所囚","3","0","3"
"先帝新弃天","3","0","3"
"帝新弃天下","3","0","3"
"东节度使石","2","1","3"
"塞等军蕃汉","2","1","3"
"魏王继岌破","3","0","3"
"王继岌破蜀","3","0","3"
"感德军节度","1","2","3"
"国子祭酒田","2","1","3"
"高一丈二尺","1","2","3"
"裴枢等七人","2","1","3"
"迁工部侍郎","3","0","3"
"太祖弑昭宗","3","0","3"
"必进朋党说","3","0","3"
"昭义军留后","2","1","3"
"天祐十三年","2","1","3"
"吐谷浑部人","2","1","3"
"武信节度使","1","2","3"
"绛霄殿廊下","1","2","3"
"太祖遣葛周","3","0","3"
"黄巢陷长安","3","0","3"
"精兵三十万","2","1","3"
"弟彦雄等七","2","1","3"
"镇州张文礼","2","1","3"
"张文礼杀王","1","2","3"
"文礼杀王镕","1","2","3"
"宦官刘季述","1","2","3"
"太子少保致","2","1","3"
"子少保致仕","2","1","3"
"高祖兵太原","3","0","3"
"晋高祖镇太","3","0","3"
"周太祖兵入","3","0","3"
"晋高祖下诏","1","2","3"
"高祖下诏书","1","2","3"
"丹高牟翰诈","2","1","3"
"遣翰林学士","3","0","3"
"道率百官迎","2","1","3"
"同州节度使","1","2","3"
"累迁兵部侍","3","0","3"
"太子宾客分","2","1","3"
"子宾客分司","2","1","3"
"兵部侍郎任","1","2","3"
"节度使贺瑰","2","1","3"
"唐魏王继岌","3","0","3"
"诸道行营都","2","1","3"
"世宗征淮南","3","0","3"
"继昌守福州","2","1","3"
"后事具国史","3","0","3"
"东川顾彦朗","2","1","3"
"宦者宋光嗣","3","0","3"
"同光四年正","1","2","3"
"光四年正月","1","2","3"
"毛重威率兵","1","2","3"
"明宗下诏削","1","2","3"
"宗下诏削夺","1","2","3"
"武信军留后","2","1","3"
"昭武军留后","2","1","3"
"廷隐率兵三","1","2","3"
"隐率兵三万","1","2","3"
"唐庄宗入洛","2","1","3"
"袭封吴越国","3","0","3"
"封吴越国王","3","0","3"
"遣使者朝贡","3","0","3"
"广顺元年正","1","2","3"
"杀契丹守将","2","1","3"
"使者莆诃散","1","2","3"
"妣李氏谥曰","2","1","3"
"慕容彦超反","1","2","3"
"迁中书侍郎","2","1","3"
"节度使时溥","1","2","3"
"州大都督府","2","1","3"
"晋王李存勖","1","2","3"
"邢州龙冈人","2","1","3"
"听见的人都","0","3","3"
"手下的士兵","0","3","3"
"看见骑白马","0","3","3"
"见骑白马穿","0","3","3"
"骑白马穿红","0","3","3"
"白马穿红镗","0","3","3"
"马穿红镗甲","0","3","3"
"穿红镗甲的","0","3","3"
"红镗甲的人","0","3","3"
"百姓深受其","0","3","3"
"姓深受其害","0","3","3"
"让他们回去","0","3","3"
"们都认为他","0","3","3"
"被契丹俘虏","0","3","3"
"州节度使时","0","3","3"
"为检校司徒","0","3","3"
"被打得大败","0","3","3"
"在内黄大败","0","3","3"
"请求迁都洛","0","3","3"
"求迁都洛阳","0","3","3"
"天子任命王","0","3","3"
"派氏叔琮攻","0","3","3"
"为保义军节","0","3","3"
"攻打刘仁恭","0","3","3"
"为工部尚书","0","3","3"
"朱友宁率兵","0","3","3"
"一月二十七","0","3","3"
"月二十五日","0","3","3"
"从陕州回到","0","3","3"
"陕州回到京","0","3","3"
"巽派使者来","0","3","3"
"巡视农民庄","0","3","3"
"康怀英讨伐","0","3","3"
"使杨师厚为","0","3","3"
"王景仁为北","0","3","3"
"景仁为北面","0","3","3"
"二月十七日","0","3","3"
"流放罪以下","0","3","3"
"任命天雄军","0","3","3"
"张宗留守西","0","3","3"
"宗留守西都","0","3","3"
"罪以下囚犯","0","3","3"
"我之所以不","0","3","3"
"即皇帝位于","0","3","3"
"第二年二月","0","3","3"
"司空兼门下","0","3","3"
"空兼门下侍","0","3","3"
"四月十三日","0","3","3"
"任命天平军","0","3","3"
"命天平军节","0","3","3"
"为代州刺史","0","3","3"
"派谏议大夫","0","3","3"
"梁派葛从周","0","3","3"
"检校太师兼","0","3","3"
"任李嗣昭为","0","3","3"
"以朱邪为姓","0","3","3"
"告诉周德威","0","3","3"
"攻破梁的夹","0","3","3"
"破梁的夹城","0","3","3"
"派周德威攻","0","3","3"
"在柏乡大败","0","3","3"
"贺德伦以魏","0","3","3"
"领天平军节","0","3","3"
"十一月五日","0","3","3"
"都派使者来","0","3","3"
"为景州刺史","0","3","3"
"二月二十日","0","3","3"
"任宣徽南院","0","3","3"
"任宣武军节","0","3","3"
"指挥使朱弘","0","3","3"
"挥使朱弘实","0","3","3"
"愍帝派王思","0","3","3"
"叛唐来归降","0","3","3"
"夫人刘氏为","0","3","3"
"人刘氏为皇","0","3","3"
"任忠武军节","0","3","3"
"使者梅里来","0","3","3"
"九月十八日","0","3","3"
"是唐庄宗的","0","3","3"
"把他的儿子","0","3","3"
"任命李守贞","0","3","3"
"命李守贞为","0","3","3"
"遣使者来朝","0","3","3"
"董殷出使契","0","3","3"
"殷出使契丹","0","3","3"
"在皇城门外","0","3","3"
"使高行周为","0","3","3"
"为东京留守","0","3","3"
"四月十二日","0","3","3"
"任命杜重威","0","3","3"
"命杜重威为","0","3","3"
"杜重威为北","0","3","3"
"重威为北面","0","3","3"
"被契丹打败","0","3","3"
"契丹侵犯镇","0","3","3"
"以其州来归","0","3","3"
"宣武节度使","0","3","3"
"耶律德光死","0","3","3"
"都回到洛阳","0","3","3"
"和史弘肇等","0","3","3"
"为右卫大将","0","3","3"
"年一月一日","0","3","3"
"史彦超战死","0","3","3"
"为大内都点","0","3","3"
"英明的君主","0","3","3"
"朱瑾的妻子","0","3","3"
"太祖即帝位","0","3","3"
"庄宗到汴州","0","3","3"
"表请求投降","0","3","3"
"郭崇韬镇守","0","3","3"
"继岌派任圜","0","3","3"
"听说后大怒","0","3","3"
"依照唐的旧","0","3","3"
"迎接汉高祖","0","3","3"
"的人都认为","0","3","3"
"人都认为他","0","3","3"
"对此很忧虑","0","3","3"
"率三百骑兵","0","3","3"
"周世宗在高","0","3","3"
"世宗在高平","0","3","3"
"高平打败刘","0","3","3"
"平打败刘曼","0","3","3"
"跟随赵王王","0","3","3"
"随赵王王镕","0","3","3"
"太祖率兵进","0","3","3"
"没有人知道","0","3","3"
"第三个儿子","0","3","3"
"为左领军卫","0","3","3"
"卫将军的郭","0","3","3"
"为右武卫大","0","3","3"
"兼御史大夫","0","3","3"
"这是天下的","0","3","3"
"于是决定反","0","3","3"
"是决定反叛","0","3","3"
"太祖听说后","0","3","3"
"周世宗不听","0","3","3"
"知道他们的","0","3","3"
"卫大将军柴","0","3","3"
"领军卫大将","0","3","3"
"梁太祖得到","0","3","3"
"兵一万多人","0","3","3"
"军队驻扎在","0","3","3"
"梁太祖派康","0","3","3"
"太祖派康怀","0","3","3"
"祖派康怀英","0","3","3"
"为宿州刺史","0","3","3"
"背叛梁向晋","0","3","3"
"叛梁向晋投","0","3","3"
"梁向晋投降","0","3","3"
"修筑夹城包","0","3","3"
"夹城包围潞","0","3","3"
"城包围潞州","0","3","3"
"梁太祖听说","0","3","3"
"朱友谦反叛","0","3","3"
"于是派刘郡","0","3","3"
"为行军司马","0","3","3"
"刘郡于是派","0","3","3"
"没有什么不","0","3","3"
"任左龙武统","0","3","3"
"梁太祖派刘","0","3","3"
"牛存节讨伐","0","3","3"
"派刘郡率兵","0","3","3"
"贺德伦向晋","0","3","3"
"德伦向晋投","0","3","3"
"伦向晋投降","0","3","3"
"将领们不知","0","3","3"
"将领们商议","0","3","3"
"从黎阳渡过","0","3","3"
"黎阳渡过黄","0","3","3"
"阳渡过黄河","0","3","3"
"军队多次被","0","3","3"
"队多次被打","0","3","3"
"年六十四岁","0","3","3"
"闭城门不让","0","3","3"
"城门不让他","0","3","3"
"牛存节等人","0","3","3"
"加授同中书","0","3","3"
"授同中书门","0","3","3"
"任镇守天平","0","3","3"
"对他的儿子","0","3","3"
"的儿子落落","0","3","3"
"梁太祖大喜","0","3","3"
"历次升迁至","0","3","3"
"轻时跟随梁","0","3","3"
"时跟随梁太","0","3","3"
"进攻杨行密","0","3","3"
"太祖任命他","0","3","3"
"祖任命他为","0","3","3"
"任命他为宣","0","3","3"
"命他为宣武","0","3","3"
"杨师厚进攻","0","3","3"
"很久不能攻","0","3","3"
"久不能攻克","0","3","3"
"王刘守光向","0","3","3"
"梁太祖被杀","0","3","3"
"和晋在河北","0","3","3"
"把军队留在","0","3","3"
"他的将领王","0","3","3"
"跟随杨行密","0","3","3"
"任命王景仁","0","3","3"
"命王景仁为","0","3","3"
"的军队讨伐","0","3","3"
"任都指挥使","0","3","3"
"的军饷供应","0","3","3"
"投降的士兵","0","3","3"
"贺瓖的军队","0","3","3"
"有一个儿子","0","3","3"
"太祖觉得他","0","3","3"
"随梁太祖攻","0","3","3"
"梁太祖攻破","0","3","3"
"年轻时在州","0","3","3"
"轻时在州中","0","3","3"
"的军队进攻","0","3","3"
"没有人能够","0","3","3"
"为河阳节度","0","3","3"
"梁太祖派王","0","3","3"
"太祖派王虔","0","3","3"
"祖派王虔裕","0","3","3"
"更加讨厌他","0","3","3"
"想速战速决","0","3","3"
"认为他说得","0","3","3"
"为他说得对","0","3","3"
"枢密使职务","0","3","3"
"郭崇韬于是","0","3","3"
"郭崇韬认为","0","3","3"
"宗在南郊祭","0","3","3"
"郭崇韬多次","0","3","3"
"和梁军在黄","0","3","3"
"梁军在黄河","0","3","3"
"还没来得及","0","3","3"
"的弟弟王宗","0","3","3"
"人十分恐惧","0","3","3"
"兵三十万人","0","3","3"
"豆卢革等人","0","3","3"
"认为是这样","0","3","3"
"坚决推辞不","0","3","3"
"任兵部尚书","0","3","3"
"唐明宗迫不","0","3","3"
"明宗迫不得","0","3","3"
"宗迫不得已","0","3","3"
"没有人敢说","0","3","3"
"任圜和朱守","0","3","3"
"圜和朱守殷","0","3","3"
"告诉安重诲","0","3","3"
"告诫手下人","0","3","3"
"有什么用呢","0","3","3"
"押送到京师","0","3","3"
"准备杀掉他","0","3","3"
"问他是什么","0","3","3"
"有不同意见","0","3","3"
"蕃漠马步军","0","3","3"
"漠马步军都","0","3","3"
"关闭城门抵","0","3","3"
"闭城门抵抗","0","3","3"
"对唐庄宗说","0","3","3"
"人都感到恐","0","3","3"
"都感到恐惧","0","3","3"
"为振武军节","0","3","3"
"不速战速决","0","3","3"
"滑二州的军","0","3","3"
"关闭城门拒","0","3","3"
"州没有攻克","0","3","3"
"妻子儿女都","0","3","3"
"兵骚扰他们","0","3","3"
"驻扎在黄河","0","3","3"
"他的儿子说","0","3","3"
"官做到刺史","0","3","3"
"法应当处死","0","3","3"
"罕之投奔晋","0","3","3"
"进攻王行瑜","0","3","3"
"于是任符存","0","3","3"
"是任符存审","0","3","3"
"只有符存审","0","3","3"
"州向晋投降","0","3","3"
"精锐的骑兵","0","3","3"
"晋军驻扎在","0","3","3"
"躲在营垒中","0","3","3"
"告诫他的儿","0","3","3"
"诫他的儿子","0","3","3"
"永王李存霸","0","3","3"
"反叛的罪名","0","3","3"
"在柏乡打仗","0","3","3"
"割草放牧的","0","3","3"
"镇州讨伐张","0","3","3"
"州讨伐张文","0","3","3"
"唐庄宗登上","0","3","3"
"在山的西面","0","3","3"
"镗甲的士兵","0","3","3"
"唐庄宗派宦","0","3","3"
"怕他有二心","0","3","3"
"元行钦率兵","0","3","3"
"唐明宗的儿","0","3","3"
"明宗的儿子","0","3","3"
"唐庄宗更加","0","3","3"
"大事就完了","0","3","3"
"多次跟随唐","0","3","3"
"迎接唐庄宗","0","3","3"
"率领五百骑","0","3","3"
"领五百骑兵","0","3","3"
"别的将领攻","0","3","3"
"为天平军节","0","3","3"
"趟在礼作乱","0","3","3"
"符习的家属","0","3","3"
"迎合安重诲","0","3","3"
"合安重诲的","0","3","3"
"功拜为刺史","0","3","3"
"别人的俸禄","0","3","3"
"善于事奉人","0","3","3"
"对郭崇韬说","0","3","3"
"过去的制度","0","3","3"
"宗消灭梁后","0","3","3"
"事奉刘守光","0","3","3"
"事奉唐庄宗","0","3","3"
"于是请求任","0","3","3"
"请求任西川","0","3","3"
"唐明宗在南","0","3","3"
"明宗在南郊","0","3","3"
"任横海军节","0","3","3"
"怀疑他有二","0","3","3"
"疑他有二心","0","3","3"
"唐的大臣们","0","3","3"
"的大臣们都","0","3","3"
"不能够担当","0","3","3"
"帝十分恐惧","0","3","3"
"汉高祖即位","0","3","3"
"韩昭胤等人","0","3","3"
"传达神的话","0","3","3"
"为左谏议大","0","3","3"
"延朗等人多","0","3","3"
"朗等人多次","0","3","3"
"屯驻在忻州","0","3","3"
"的弟弟石重","0","3","3"
"石敬瑭反叛","0","3","3"
"不知该去哪","0","3","3"
"知该去哪里","0","3","3"
"任河阳节度","0","3","3"
"人都不知道","0","3","3"
"成败的道理","0","3","3"
"宗攻破梁的","0","3","3"
"等人都认为","0","3","3"
"各镇的军队","0","3","3"
"镇的军队都","0","3","3"
"的军队都溃","0","3","3"
"有什么办法","0","3","3"
"以后作打算","0","3","3"
"全部杀掉他","0","3","3"
"部杀掉他们","0","3","3"
"杀掉他们的","0","3","3"
"公卿士大夫","0","3","3"
"的名门望族","0","3","3"
"任礼部侍郎","0","3","3"
"他们的妻子","0","3","3"
"和邻居争夺","0","3","3"
"邻居争夺水","0","3","3"
"居争夺水井","0","3","3"
"是人们所说","0","3","3"
"人们所说的","0","3","3"
"庄宗进入洛","0","3","3"
"唐庄宗慰劳","0","3","3"
"庄宗慰劳他","0","3","3"
"庄宗派李嗣","0","3","3"
"的儿子张处","0","3","3"
"的行军司马","0","3","3"
"李继岌和郭","0","3","3"
"继岌和郭崇","0","3","3"
"岌和郭崇韬","0","3","3"
"李琪做宰相","0","3","3"
"对安重诲说","0","3","3"
"唐明宗知道","0","3","3"
"年轻时以儒","0","3","3"
"轻时以儒学","0","3","3"
"拜张全义为","0","3","3"
"唐明宗是个","0","3","3"
"明宗是个武","0","3","3"
"为工部侍郎","0","3","3"
"任刑部侍郎","0","3","3"
"唐庄宗命令","0","3","3"
"节操的士人","0","3","3"
"的妻子女儿","0","3","3"
"为谏议大夫","0","3","3"
"常常让他跟","0","3","3"
"晋高祖从太","0","3","3"
"不接受任命","0","3","3"
"晋高祖认为","0","3","3"
"高祖认为他","0","3","3"
"耶律德光说","0","3","3"
"晋的大臣们","0","3","3"
"派供奉官张","0","3","3"
"为武宁军节","0","3","3"
"为节度判官","0","3","3"
"听到的人都","0","3","3"
"郭允明等人","0","3","3"
"赵思绾等人","0","3","3"
"群臣没有人","0","3","3"
"臣没有人敢","0","3","3"
"的枢密使职","0","3","3"
"皇帝和太后","0","3","3"
"同一天被杀","0","3","3"
"汉隐帝于是","0","3","3"
"隐帝于是派","0","3","3"
"太祖的军队","0","3","3"
"风拔起树木","0","3","3"
"周太祖任枢","0","3","3"
"太祖任枢密","0","3","3"
"祖任枢密使","0","3","3"
"亲近信任他","0","3","3"
"汉隐帝在北","0","3","3"
"他们的才能","0","3","3"
"的军队进入","0","3","3"
"年五十四岁","0","3","3"
"高祖任河东","0","3","3"
"祖任河东节","0","3","3"
"周世宗进攻","0","3","3"
"治理国家的","0","3","3"
"事情危急了","0","3","3"
"王彦章任招","0","3","3"
"彦章任招讨","0","3","3"
"章任招讨使","0","3","3"
"任命段凝为","0","3","3"
"段凝为招讨","0","3","3"
"凝为招讨使","0","3","3"
"唐庄宗见到","0","3","3"
"什么脸面见","0","3","3"
"的儿子李继","0","3","3"
"兵包围他们","0","3","3"
"李继韬反叛","0","3","3"
"他的副使孙","0","3","3"
"的副使孙羽","0","3","3"
"检校太尉兼","0","3","3"
"年五十八岁","0","3","3"
"赞赏他的忠","0","3","3"
"赏他的忠诚","0","3","3"
"刘守光的将","0","3","3"
"守光的将领","0","3","3"
"率领一百骑","0","3","3"
"领一百骑兵","0","3","3"
"城中粮食吃","0","3","3"
"率领一千人","0","3","3"
"刘仁恭被他","0","3","3"
"仁恭被他的","0","3","3"
"恭被他的儿","0","3","3"
"刘守光囚禁","0","3","3"
"于是杀了他","0","3","3"
"大军远道而","0","3","3"
"杨光速反叛","0","3","3"
"一年多没能","0","3","3"
"年多没能攻","0","3","3"
"刘曼的军队","0","3","3"
"唐庄宗任命","0","3","3"
"官做到司空","0","3","3"
"没有这样的","0","3","3"
"有这样的人","0","3","3"
"我找到一个","0","3","3"
"觉得他的话","0","3","3"
"张文蔚等人","0","3","3"
"唐昭宗迁到","0","3","3"
"昭宗迁到洛","0","3","3"
"宗迁到洛阳","0","3","3"
"灾祸快到了","0","3","3"
"梁太祖兼领","0","3","3"
"把他推荐给","0","3","3"
"任工部侍郎","0","3","3"
"以太子太保","0","3","3"
"太子太保辞","0","3","3"
"子太保辞官","0","3","3"
"韩全诲等人","0","3","3"
"兵侵犯京师","0","3","3"
"必定上奏说","0","3","3"
"定上奏说别","0","3","3"
"上奏说别人","0","3","3"
"奏说别人是","0","3","3"
"说别人是朋","0","3","3"
"别人是朋党","0","3","3"
"是因为这个","0","3","3"
"州向梁投降","0","3","3"
"用毒酒杀死","0","3","3"
"李嗣昭又攻","0","3","3"
"嗣昭又攻取","0","3","3"
"晋派李存信","0","3","3"
"的弟弟李继","0","3","3"
"中派人告诉","0","3","3"
"收养为儿子","0","3","3"
"因战功升任","0","3","3"
"进关攻破黄","0","3","3"
"李匡威求救","0","3","3"
"背叛梁归附","0","3","3"
"儿子李继岌","0","3","3"
"唐庄宗喜好","0","3","3"
"唐庄宗大笑","0","3","3"
"唐庄宗很高","0","3","3"
"庄宗很高兴","0","3","3"
"的弟弟李存","0","3","3"
"郭崇韬杀死","0","3","3"
"人都逃跑了","0","3","3"
"造成的灾祸","0","3","3"
"说不出一句","0","3","3"
"忠臣和博学","0","3","3"
"臣和博学之","0","3","3"
"和博学之士","0","3","3"
"明宗从魏州","0","3","3"
"进入洛阳后","0","3","3"
"在路上迎接","0","3","3"
"晋军解围离","0","3","3"
"弟弟李匡俦","0","3","3"
"梁太祖攻克","0","3","3"
"不久又杀掉","0","3","3"
"梁太祖派葛","0","3","3"
"太祖派葛从","0","3","3"
"祖派葛从周","0","3","3"
"梁太祖率兵","0","3","3"
"他们的家属","0","3","3"
"他的哥哥刘","0","3","3"
"的哥哥刘守","0","3","3"
"哥哥刘守文","0","3","3"
"令他的儿子","0","3","3"
"宗任命他为","0","3","3"
"罢为上将军","0","3","3"
"娶梁太祖的","0","3","3"
"拜为节度使","0","3","3"
"派人告诉梁","0","3","3"
"他为节度副","0","3","3"
"把他囚禁在","0","3","3"
"王晏球讨伐","0","3","3"
"被王晏球打","0","3","3"
"对晋高祖说","0","3","3"
"戍守的士兵","0","3","3"
"率兵讨伐他","0","3","3"
"唐昭宗最终","0","3","3"
"刘仁恭父子","0","3","3"
"城中粮食耗","0","3","3"
"中粮食耗尽","0","3","3"
"纔解围离去","0","3","3"
"向契丹求兵","0","3","3"
"的儿子刘延","0","3","3"
"儿子刘延祚","0","3","3"
"有过失的人","0","3","3"
"到别的地方","0","3","3"
"谏阻认为不","0","3","3"
"刘守光发怒","0","3","3"
"改年号叫应","0","3","3"
"是称霸的人","0","3","3"
"称霸的人的","0","3","3"
"是亲自率兵","0","3","3"
"将领们请求","0","3","3"
"他的弟弟趟","0","3","3"
"李克用派人","0","3","3"
"葛从周等人","0","3","3"
"儿子徐知训","0","3","3"
"杀掉徐知训","0","3","3"
"徐知训的头","0","3","3"
"此事的人都","0","3","3"
"其余的士兵","0","3","3"
"率领全部军","0","3","3"
"领全部军队","0","3","3"
"到梁太祖那","0","3","3"
"梁太祖那里","0","3","3"
"没有机会动","0","3","3"
"有机会动手","0","3","3"
"人都哀怜他","0","3","3"
"表奏李罕之","0","3","3"
"奏李罕之为","0","3","3"
"魏博向晋投","0","3","3"
"博向晋投降","0","3","3"
"拿这事询问","0","3","3"
"派他的侄子","0","3","3"
"都对他侧目","0","3","3"
"梁太祖笑着","0","3","3"
"梁太祖派韦","0","3","3"
"太祖派韦震","0","3","3"
"为汝州防御","0","3","3"
"孙承诲等人","0","3","3"
"刘知俊于是","0","3","3"
"于是向晋投","0","3","3"
"是向晋投降","0","3","3"
"张筠为节度","0","3","3"
"筠为节度使","0","3","3"
"兵大肆劫掠","0","3","3"
"儿子朱令德","0","3","3"
"张全义于是","0","3","3"
"太祖笑着说","0","3","3"
"是宋州下邑","0","3","3"
"安重诲死后","0","3","3"
"任武胜军节","0","3","3"
"晋在黄河边","0","3","3"
"过了一年多","0","3","3"
"颖州团练使","0","3","3"
"后来晋高祖","0","3","3"
"多不能攻克","0","3","3"
"他的部下都","0","3","3"
"任马全节为","0","3","3"
"李金全反叛","0","3","3"
"晋出帝和契","0","3","3"
"出帝和契丹","0","3","3"
"向契丹军投","0","3","3"
"契丹军投降","0","3","3"
"唐明宗得到","0","3","3"
"调任镇守威","0","3","3"
"任镇守威胜","0","3","3"
"相约为父子","0","3","3"
"那里的百姓","0","3","3"
"李守贞在河","0","3","3"
"守贞在河中","0","3","3"
"贞在河中反","0","3","3"
"在河中反叛","0","3","3"
"对石敬瑭说","0","3","3"
"趟德钧镇守","0","3","3"
"哥哥的儿子","0","3","3"
"汉高祖在太","0","3","3"
"祖率兵进入","0","3","3"
"有什么脸见","0","3","3"
"于是留下他","0","3","3"
"晋高祖虽然","0","3","3"
"向契丹请求","0","3","3"
"汉高祖去世","0","3","3"
"李守贞反叛","0","3","3"
"有两个天子","0","3","3"
"王景崇到达","0","3","3"
"和趟思绾一","0","3","3"
"遇了几个月","0","3","3"
"慕容彦超又","0","3","3"
"来犒劳军队","0","3","3"
"的金银绸缎","0","3","3"
"全部拿来赐","0","3","3"
"部拿来赐给","0","3","3"
"把他们减族","0","3","3"
"为端明殿学","0","3","3"
"封为鲁国公","0","3","3"
"任命冯道为","0","3","3"
"末考中进士","0","3","3"
"任御史中丞","0","3","3"
"唐明宗对此","0","3","3"
"为御史中丞","0","3","3"
"享年六十岁","0","3","3"
"几次升迁任","0","3","3"
"王李继岌伐","0","3","3"
"李继岌伐蜀","0","3","3"
"李愚任宰相","0","3","3"
"享年七十六","0","3","3"
"年七十六岁","0","3","3"
"听说的人都","0","3","3"
"觉得他不同","0","3","3"
"得他不同一","0","3","3"
"他不同一般","0","3","3"
"赐给任命状","0","3","3"
"依照汉的旧","0","3","3"
"照汉的旧例","0","3","3"
"唐明宗下韶","0","3","3"
"是从天而降","0","3","3"
"任太子宾客","0","3","3"
"襄州安从进","0","3","3"
"年轻时考进","0","3","3"
"轻时考进士","0","3","3"
"任命他为太","0","3","3"
"多次派使臣","0","3","3"
"升迁为户部","0","3","3"
"为兵部侍郎","0","3","3"
"趟德钧父子","0","3","3"
"唐魏王李继","0","3","3"
"和中原交往","0","3","3"
"拜杨行密为","0","3","3"
"任升州刺史","0","3","3"
"追尊杨行密","0","3","3"
"尊杨行密为","0","3","3"
"是杨行密的","0","3","3"
"率领将吏们","0","3","3"
"任徐知诰为","0","3","3"
"的弟弟王延","0","3","3"
"的弟弟马希","0","3","3"
"历来有矛盾","0","3","3"
"的事记载在","0","3","3"
"事记载在本","0","3","3"
"的同母弟弟","0","3","3"
"封尊号为英","0","3","3"
"尊号为英武","0","3","3"
"号为英武睿","0","3","3"
"为英武睿圣","0","3","3"
"州出现麒麟","0","3","3"
"潘峭和毛文","0","3","3"
"峭和毛文锡","0","3","3"
"宦官宋光嗣","0","3","3"
"改年号为干","0","3","3"
"王宗勋等人","0","3","3"
"是吉祥的征","0","3","3"
"是孟知祥的","0","3","3"
"荧惑星遮掩","0","3","3"
"中原多变故","0","3","3"
"的弟弟刘洪","0","3","3"
"到京师进贡","0","3","3"
"杨行密占据","0","3","3"
"马殷派秦彦","0","3","3"
"等人攻打他","0","3","3"
"向京师进贡","0","3","3"
"任命王进逵","0","3","3"
"儿子周保权","0","3","3"
"他的弟弟钱","0","3","3"
"顾全武等人","0","3","3"
"儿子钱元璀","0","3","3"
"他们的君长","0","3","3"
"他们的使臣","0","3","3"
"世宗平定淮","0","3","3"
"宗平定淮南","0","3","3"
"儿子王继鹏","0","3","3"
"美色受到宠","0","3","3"
"的子孙后代","0","3","3"
"是世代仇敌","0","3","3"
"派使臣出使","0","3","3"
"到周世宗时","0","3","3"
"儿子刘承钧","0","3","3"
"万人援助刘","0","3","3"
"人援助刘曼","0","3","3"
"刘承钧登位","0","3","3"
"刘曼的女儿","0","3","3"
"阿保机攻打","0","3","3"
"他的母亲述","0","3","3"
"安葬耶律德","0","3","3"
"葬耶律德光","0","3","3"
"被中原所知","0","3","3"
"已广为人知","0","3","3"
"都失去记载","0","3","3"
"周世宗征淮","1","1","2"
"遣泗州牙将","2","0","2"
"将王知朗徐","2","0","2"
"王知朗徐州","2","0","2"
"重威战阳城","2","0","2"
"唐僖宗乾符","1","1","2"
"僖宗乾符四","1","1","2"
"宗乾符四年","1","1","2"
"南面行营先","1","1","2"
"面行营先锋","1","1","2"
"行营先锋使","1","1","2"
"同州防御使","1","1","2"
"都统王鐸承","2","0","2"
"统王鐸承制","2","0","2"
"河中行营招","1","1","2"
"中行营招讨","1","1","2"
"行营招讨副","1","1","2"
"营招讨副使","1","1","2"
"节度使秦宗","1","1","2"
"度使秦宗权","1","1","2"
"时溥东南面","2","0","2"
"南面行营兵","1","1","2"
"陈州刺史赵","1","1","2"
"泰山狼虎谷","1","1","2"
"时溥追兵所","1","1","2"
"溥追兵所杀","1","1","2"
"光启二年三","1","1","2"
"启二年三月","1","1","2"
"推牙将张骁","1","1","2"
"硃珍募兵东","2","0","2"
"珍募兵东方","2","0","2"
"斩首二万余","1","1","2"
"首二万余级","1","1","2"
"封禅寺后冈","1","1","2"
"张全义取洛","1","1","2"
"全义取洛阳","1","1","2"
"南节度使高","1","1","2"
"节度使高骈","1","1","2"
"度使高骈死","1","1","2"
"王淮南节度","2","0","2"
"军司马李璠","2","0","2"
"文德元年正","1","1","2"
"蔡州四面行","1","1","2"
"子相州刺史","1","1","2"
"东南面都统","1","1","2"
"楚州刺史刘","1","1","2"
"遣庞师古攻","2","0","2"
"龙纪元年正","1","1","2"
"纪元年正月","1","1","2"
"淮西牙将申","1","1","2"
"西牙将申丛","1","1","2"
"申丛执秦宗","2","0","2"
"丛执秦宗权","2","0","2"
"珍杀李唐宾","1","1","2"
"秦宗权遣弟","2","0","2"
"宗权遣弟宗","2","0","2"
"权遣弟宗衡","2","0","2"
"遣弟宗衡掠","2","0","2"
"弟宗衡掠地","2","0","2"
"宗衡掠地淮","2","0","2"
"衡掠地淮南","2","0","2"
"将孙儒所杀","2","0","2"
"攻杨行密扬","2","0","2"
"杨行密扬州","2","0","2"
"大顺元年春","1","1","2"
"置酒上源驿","2","0","2"
"宰相张浚私","1","1","2"
"河东叛将冯","1","1","2"
"东叛将冯霸","1","1","2"
"叛将冯霸杀","1","1","2"
"将冯霸杀潞","1","1","2"
"冯霸杀潞州","1","1","2"
"霸杀潞州守","1","1","2"
"杀潞州守将","1","1","2"
"州守将李克","1","1","2"
"守将李克恭","1","1","2"
"遣葛周入潞","2","0","2"
"葛周入潞州","2","0","2"
"景福元年二","1","1","2"
"福元年二月","1","1","2"
"擒克子落落","2","0","2"
"光化元年三","1","1","2"
"化元年三月","1","1","2"
"氏叔琮攻晋","2","0","2"
"杀节度使王","1","1","2"
"刘季述作乱","1","1","2"
"邠宁王行瑜","2","0","2"
"宁王行瑜等","1","1","2"
"精兵宿卫天","1","1","2"
"兵宿卫天子","1","1","2"
"宿卫兵劫天","1","1","2"
"卫兵劫天子","1","1","2"
"邠州节度使","2","0","2"
"节度使杨崇","1","1","2"
"度使杨崇本","1","1","2"
"茂贞杀韩全","1","1","2"
"贞杀韩全诲","1","1","2"
"杀韩全诲等","1","1","2"
"韩全诲等二","1","1","2"
"全诲等二十","1","1","2"
"诲等二十人","1","1","2"
"天子赐王回","1","1","2"
"子赐王回天","1","1","2"
"造竭忠守正","1","1","2"
"竭忠守正功","1","1","2"
"忠守正功臣","1","1","2"
"护驾指挥使","1","1","2"
"师范青州降","2","0","2"
"张全义修洛","1","1","2"
"全义修洛阳","1","1","2"
"义修洛阳宫","1","1","2"
"牙将寇彦卿","1","1","2"
"六军诸卫兵","1","1","2"
"等二百余人","1","1","2"
"医官许昭远","1","1","2"
"楚王赵匡凝","1","1","2"
"吴王杨行密","1","1","2"
"杀德王裕等","1","1","2"
"德王裕等九","1","1","2"
"王裕等九王","1","1","2"
"赐王迎銮纪","1","1","2"
"王迎銮纪功","1","1","2"
"迎銮纪功碑","1","1","2"
"师厚破襄州","1","1","2"
"荆南留后赵","1","1","2"
"南留后赵匡","1","1","2"
"留后赵匡明","1","1","2"
"告枢密使蒋","1","1","2"
"何太后私通","1","1","2"
"弑太后积善","2","0","2"
"太后积善宫","2","0","2"
"仁恭求救晋","2","0","2"
"宰相张文蔚","1","1","2"
"相张文蔚率","1","1","2"
"张文蔚率百","1","1","2"
"文蔚率百官","1","1","2"
"太府卿敬翔","1","1","2"
"军节度使韩","1","1","2"
"节度使韩建","1","1","2"
"皇高祖黯谥","1","1","2"
"高祖黯谥曰","1","1","2"
"祖黯谥曰宣","1","1","2"
"黯谥曰宣元","1","1","2"
"祖妣范氏谥","1","1","2"
"妣范氏谥曰","1","1","2"
"范氏谥曰宣","1","1","2"
"氏谥曰宣僖","1","1","2"
"冬十月己未","2","0","2"
"十一月壬寅","2","0","2"
"丹阿保机遣","2","0","2"
"封鸿胪卿李","1","1","2"
"鸿胪卿李崧","1","1","2"
"节度使刘知","1","1","2"
"度使刘知俊","1","1","2"
"潞州行营招","1","1","2"
"州行营招讨","1","1","2"
"学士承旨礼","1","1","2"
"士承旨礼部","1","1","2"
"承旨礼部侍","1","1","2"
"旨礼部侍郎","1","1","2"
"部侍郎张策","1","1","2"
"州行营都虞","1","1","2"
"营都虞候康","1","1","2"
"都虞候康怀","1","1","2"
"虞候康怀英","1","1","2"
"杀右金吾卫","1","1","2"
"卫上将军王","1","1","2"
"上将军王师","1","1","2"
"将军王师范","1","1","2"
"博王友文留","1","1","2"
"王友文留守","1","1","2"
"文留守东都","1","1","2"
"左仆射杨涉","1","1","2"
"仆射杨涉同","1","1","2"
"射杨涉同中","1","1","2"
"杨涉同中书","1","1","2"
"涉同中书门","1","1","2"
"春正月甲戌","2","0","2"
"睿文圣武广","1","1","2"
"文圣武广孝","1","1","2"
"圣武广孝皇","1","1","2"
"武广孝皇帝","1","1","2"
"州高万兴叛","2","0","2"
"国王大諲譔","2","0","2"
"杀佑国军节","1","1","2"
"节度使王重","1","1","2"
"度使王重师","1","1","2"
"节度使刘捍","1","1","2"
"同州东面行","1","1","2"
"刺史宋知诲","1","1","2"
"首恶王行思","1","1","2"
"杀留后王班","1","1","2"
"房州刺史杨","1","1","2"
"州刺史杨虔","1","1","2"
"刺史杨虔叛","1","1","2"
"均州刺史张","1","1","2"
"州刺史张敬","1","1","2"
"刺史张敬方","1","1","2"
"营招讨使左","1","1","2"
"招讨使左卫","1","1","2"
"讨使左卫上","1","1","2"
"使左卫上将","1","1","2"
"卫上将军陈","1","1","2"
"上将军陈晖","1","1","2"
"节度使王檀","1","1","2"
"潞州东面行","1","1","2"
"军节度使康","1","1","2"
"节度使康怀","1","1","2"
"度使康怀英","1","1","2"
"营招讨使伐","2","0","2"
"度使王景仁","1","1","2"
"王景仁北面","2","0","2"
"景仁北面行","2","0","2"
"仁北面行营","2","0","2"
"王王处直叛","1","1","2"
"王处直叛附","2","0","2"
"赦流罪下囚","2","0","2"
"夏四月壬申","2","0","2"
"光禄卿卢玭","2","0","2"
"德音降死罪","2","0","2"
"天下恶梁久","2","0","2"
"下恶梁久矣","2","0","2"
"鲁桓公弑隐","1","1","2"
"桓公弑隐公","1","1","2"
"宣公弑子赤","1","1","2"
"太祖第三子","1","1","2"
"改元曰凤历","2","0","2"
"龙虎统军袁","1","1","2"
"虎统军袁象","1","1","2"
"统军袁象先","1","1","2"
"时怀州龙骧","1","1","2"
"怀州龙骧屯","1","1","2"
"州龙骧屯兵","1","1","2"
"伪友珪诏书","2","0","2"
"怀州屯兵叛","1","1","2"
"能趋洛阳擒","2","0","2"
"御史大夫姚","1","1","2"
"史大夫姚洎","1","1","2"
"州李保衡叛","1","1","2"
"李保衡叛岐","1","1","2"
"年春二月丙","2","0","2"
"捉生都将李","1","1","2"
"生都将李霸","1","1","2"
"都将李霸反","1","1","2"
"度使阎宝叛","1","1","2"
"太保致仕赵","2","0","2"
"冬十月丁酉","2","0","2"
"中书侍郎郑","1","1","2"
"书侍郎郑珏","1","1","2"
"卫大将军刘","1","1","2"
"大将军刘璩","1","1","2"
"节度使张守","1","1","2"
"度使张守进","1","1","2"
"使张守进叛","1","1","2"
"州团练使刘","1","1","2"
"兗州安抚制","2","0","2"
"五年春正月","2","0","2"
"开封尹王瓚","2","0","2"
"军节度使霍","1","1","2"
"节度使霍彦","1","1","2"
"度使霍彦威","1","1","2"
"彦威北面行","2","0","2"
"尚书左丞李","1","1","2"
"书左丞李琪","1","1","2"
"中节度使硃","2","0","2"
"节度使硃友","2","0","2"
"度使硃友谦","2","0","2"
"硃友谦袭同","2","0","2"
"友谦袭同州","2","0","2"
"节度使程全","1","1","2"
"度使程全晖","1","1","2"
"供奉官郎公","1","1","2"
"奉官郎公远","1","1","2"
"龙德元年春","1","1","2"
"将张文礼杀","1","1","2"
"滑州兵马留","1","1","2"
"兵马留后段","1","1","2"
"马留后段凝","1","1","2"
"留后段凝攻","1","1","2"
"后段凝攻卫","1","1","2"
"段凝攻卫州","1","1","2"
"刺史李存儒","1","1","2"
"潞州李继韬","1","1","2"
"州李继韬叛","1","1","2"
"李继韬叛晋","1","1","2"
"取德胜南城","2","0","2"
"先锋将康延","1","1","2"
"锋将康延孝","1","1","2"
"将康延孝叛","1","1","2"
"吐蕃赞普攻","1","1","2"
"尽忠子执宜","2","0","2"
"子执宜东走","1","1","2"
"西节度使范","1","1","2"
"节度使范希","1","1","2"
"度使范希朝","1","1","2"
"定襄神武川","1","1","2"
"骁勇善骑射","2","0","2"
"懿宗咸通十","1","1","2"
"宗咸通十年","1","1","2"
"神策大将军","1","1","2"
"策大将军康","1","1","2"
"大将军康承","1","1","2"
"将军康承训","1","1","2"
"军康承训统","1","1","2"
"康承训统十","1","1","2"
"承训统十八","1","1","2"
"训统十八将","1","1","2"
"太原行营招","1","1","2"
"原行营招讨","1","1","2"
"行营招讨沙","1","1","2"
"陀三部落军","1","1","2"
"三部落军使","1","1","2"
"云州守捉使","1","1","2"
"杀大同军防","1","1","2"
"军防御使段","1","1","2"
"防御使段文","1","1","2"
"御使段文楚","1","1","2"
"太仆卿卢简","1","1","2"
"仆卿卢简方","1","1","2"
"前太原节度","1","1","2"
"原节度使李","1","1","2"
"节度使李业","1","1","2"
"宣慰沙陀六","1","1","2"
"慰沙陀六州","1","1","2"
"沙陀六州三","1","1","2"
"陀六州三部","1","1","2"
"六州三部落","1","1","2"
"州三部落使","1","1","2"
"云州人闭关","1","1","2"
"代北招讨使","1","1","2"
"沙陀破遮虏","1","1","2"
"陀破遮虏军","1","1","2"
"招讨使李琢","1","1","2"
"讨使李琢会","1","1","2"
"军使陈景思","1","1","2"
"雁门北行营","2","0","2"
"门北行营节","2","0","2"
"率蕃汉万人","1","1","2"
"横尸三十里","1","1","2"
"光泰门先入","1","1","2"
"望春宫升阳","1","1","2"
"春宫升阳殿","1","1","2"
"攻昭义孟方","1","1","2"
"昭义孟方立","1","1","2"
"磁三州昭义","2","0","2"
"三州昭义军","2","0","2"
"兵五万救陈","1","1","2"
"五万救陈州","1","1","2"
"侍者郭景铢","1","1","2"
"将兵万人屯","2","0","2"
"定州王处存","1","1","2"
"凤翔李昌符","1","1","2"
"下兵马都监","1","1","2"
"兵马都监杨","1","1","2"
"马都监杨复","1","1","2"
"都监杨复恭","1","1","2"
"谏议大夫刘","1","1","2"
"议大夫刘崇","1","1","2"
"大夫刘崇望","1","1","2"
"攻赫连鐸云","2","0","2"
"赫连鐸云州","2","0","2"
"宰相张浚独","1","1","2"
"僖宗幸兴元","2","0","2"
"军容使杨复","1","1","2"
"容使杨复恭","1","1","2"
"浚太原四面","2","0","2"
"四面行营兵","1","1","2"
"京兆尹孙揆","1","1","2"
"检校太师中","2","0","2"
"校太师中书","2","0","2"
"平地水深数","1","1","2"
"地水深数尺","1","1","2"
"李匡威攻云","1","1","2"
"匡威攻云州","1","1","2"
"乾宁元年三","1","1","2"
"宁元年三月","1","1","2"
"李匡俦弃城","1","1","2"
"河中王重盈","1","1","2"
"华州韩建请","1","1","2"
"州韩建请立","1","1","2"
"韩建请立珙","1","1","2"
"同州王行约","1","1","2"
"忠正平难功","1","1","2"
"正平难功臣","1","1","2"
"都押衙盖寓","1","1","2"
"存信屯莘县","2","0","2"
"罗弘信伏兵","1","1","2"
"弘信伏兵攻","1","1","2"
"进攻观音门","1","1","2"
"刘仁恭叛晋","1","1","2"
"遣葛周攻下","2","0","2"
"葛周攻下邢","2","0","2"
"潞州守将薛","1","1","2"
"州守将薛志","1","1","2"
"守将薛志勤","1","1","2"
"李嗣昭复取","2","0","2"
"定皆绝晋附","2","0","2"
"将白奉国破","1","1","2"
"白奉国破承","1","1","2"
"奉国破承天","1","1","2"
"国破承天军","1","1","2"
"辽州守将张","1","1","2"
"州守将张鄂","1","1","2"
"汾州守将李","1","1","2"
"州守将李瑭","1","1","2"
"梁军乘胜破","1","1","2"
"军乘胜破汾","1","1","2"
"燕王刘仁恭","1","1","2"
"兵十万攻潞","2","0","2"
"周德威救潞","1","1","2"
"德威救潞州","1","1","2"
"称天祐四年","1","1","2"
"始祖拔野古","1","1","2"
"未尝沙陀府","2","0","2"
"龟林都督府","1","1","2"
"金微都督府","1","1","2"
"幽陵都督府","1","1","2"
"太宗二十二","1","1","2"
"宗二十二年","1","1","2"
"高宗永徽二","1","1","2"
"宗永徽二年","1","1","2"
"百五六十年","1","1","2"
"叔父克宁杀","1","1","2"
"父克宁杀都","1","1","2"
"克宁杀都虞","1","1","2"
"宁杀都虞候","1","1","2"
"杀都虞候李","1","1","2"
"告克宁谋叛","1","1","2"
"遣周德威攻","2","0","2"
"刘知俊叛梁","1","1","2"
"遣王景仁攻","2","0","2"
"斩首二万级","1","1","2"
"将校三百人","1","1","2"
"李存审击走","1","1","2"
"友谦河中叛","2","0","2"
"杀燕王刘守","1","1","2"
"博二州叛梁","1","1","2"
"二州叛梁附","1","1","2"
"号帐前银枪","1","1","2"
"帐前银枪军","1","1","2"
"刘鄩军洹水","2","0","2"
"十三年正月","1","1","2"
"王留李存审","1","1","2"
"张筠弃相州","1","1","2"
"戴思远弃沧","1","1","2"
"贝州人杀梁","1","1","2"
"州人杀梁守","1","1","2"
"人杀梁守将","1","1","2"
"杀梁守将张","1","1","2"
"梁守将张源","1","1","2"
"执振武节度","2","0","2"
"李嗣源击走","1","1","2"
"十五年正月","1","1","2"
"彦章决河水","1","1","2"
"十六年正月","1","1","2"
"攻德胜南城","1","1","2"
"十八年正月","1","1","2"
"传真献唐受","1","1","2"
"真献唐受命","1","1","2"
"献唐受命宝","1","1","2"
"唐受命宝一","1","1","2"
"将张文礼弑","1","1","2"
"度使李嗣昭","1","1","2"
"度使李存审","1","1","2"
"节度使王处","1","1","2"
"度使王处直","1","1","2"
"兵马留后张","1","1","2"
"马留后张文","1","1","2"
"留后张文礼","1","1","2"
"度使李存璋","1","1","2"
"度使李存进","1","1","2"
"镕故将符习","2","0","2"
"故将符习阎","2","0","2"
"将符习阎宝","2","0","2"
"攻张文礼镇","2","0","2"
"攻德胜北城","1","1","2"
"十九年正月","1","1","2"
"登州司户参","1","1","2"
"左丞赵光胤","1","1","2"
"胤中书侍郎","2","0","2"
"礼部侍郎韦","1","1","2"
"部侍郎韦说","1","1","2"
"王金朴英遣","2","0","2"
"金朴英遣使","2","0","2"
"朴英遣使者","2","0","2"
"节度使王逢","1","1","2"
"度使王逢规","1","1","2"
"上尊号曰昭","1","1","2"
"尊号曰昭文","1","1","2"
"号曰昭文睿","1","1","2"
"曰昭文睿武","1","1","2"
"昭文睿武光","1","1","2"
"文睿武光孝","1","1","2"
"睿武光孝皇","1","1","2"
"武光孝皇帝","1","1","2"
"南郊立仗军","1","1","2"
"郊立仗军士","1","1","2"
"立仗军士等","1","1","2"
"仗军士等功","1","1","2"
"军士等功臣","1","1","2"
"工部郎中李","1","1","2"
"部郎中李涂","1","1","2"
"检视诸陵使","1","1","2"
"俊景州刺史","2","0","2"
"德源宪州刺","2","0","2"
"源宪州刺史","2","0","2"
"封回纥王仁","1","1","2"
"回纥王仁美","1","1","2"
"仁美英义汗","2","0","2"
"幸张全义第","2","0","2"
"突厥浑解楼","1","1","2"
"国王大諲撰","2","0","2"
"宗正卿李纾","1","1","2"
"少帝改卜园","1","1","2"
"帝改卜园陵","1","1","2"
"改卜园陵使","1","1","2"
"杀河南县令","1","1","2"
"魏王继岌西","2","0","2"
"西川四面行","1","1","2"
"川四面行营","1","1","2"
"郭崇韬招讨","2","0","2"
"葬贞简太后","1","1","2"
"十二月己卯","2","0","2"
"魏王继岌杀","2","0","2"
"杀弟睦王存","1","1","2"
"度使李继麟","1","1","2"
"沙州曹义金","1","1","2"
"曹义金遣使","2","0","2"
"回鹘阿咄欲","1","1","2"
"徽南院使李","1","1","2"
"南院使李绍","1","1","2"
"院使李绍宏","1","1","2"
"节度使李绍","1","1","2"
"度使李绍荣","1","1","2"
"邢州军将赵","1","1","2"
"州军将赵太","1","1","2"
"面招讨使李","1","1","2"
"招讨使李绍","1","1","2"
"讨使李绍真","1","1","2"
"使李嗣源讨","1","1","2"
"明宗第五子","1","1","2"
"累加中书令","2","0","2"
"四年十一月","1","1","2"
"杀司衣王氏","1","1","2"
"杀司仪康氏","1","1","2"
"献钱助作山","1","1","2"
"钱助作山陵","1","1","2"
"西京留守王","1","1","2"
"京留守王思","1","1","2"
"思同西面行","2","0","2"
"同西面行营","2","0","2"
"西面行营都","1","1","2"
"军节度使药","1","1","2"
"节度使药彦","1","1","2"
"度使药彦稠","1","1","2"
"杀侍卫亲军","1","1","2"
"城节度使康","1","1","2"
"节度使康义","1","1","2"
"度使康义诚","1","1","2"
"凤翔行营都","1","1","2"
"翔行营都招","1","1","2"
"巡检使安进","2","0","2"
"珂常立战功","1","1","2"
"卫州刺史突","1","1","2"
"州刺史突骑","1","1","2"
"刺史突骑指","1","1","2"
"史突骑指挥","1","1","2"
"明宗讨赵礼","2","0","2"
"珂河中节度","2","0","2"
"明宗春秋高","2","0","2"
"河中裨将杨","1","1","2"
"中裨将杨彦","1","1","2"
"裨将杨彦温","1","1","2"
"会诸镇兵讨","2","0","2"
"清泰元年三","1","1","2"
"泰元年三月","1","1","2"
"刘遂雍叛唐","1","1","2"
"河中安彦威","1","1","2"
"陕州康思立","1","1","2"
"州康思立叛","1","1","2"
"康思立叛唐","1","1","2"
"谏议大夫韩","1","1","2"
"议大夫韩昭","1","1","2"
"大夫韩昭胤","1","1","2"
"赐劝进选人","1","1","2"
"太常卿卢文","1","1","2"
"常卿卢文纪","1","1","2"
"立沛国夫人","1","1","2"
"沛国夫人刘","1","1","2"
"国夫人刘氏","1","1","2"
"夫人刘氏皇","2","0","2"
"人刘氏皇后","2","0","2"
"尚书左丞姚","1","1","2"
"顗中书侍郎","2","0","2"
"节度使张延","1","1","2"
"追尊鲁国太","1","1","2"
"尊鲁国太夫","1","1","2"
"鲁国太夫人","1","1","2"
"国太夫人魏","1","1","2"
"太夫人魏氏","1","1","2"
"节度使赵延","1","1","2"
"度使赵延寿","1","1","2"
"徽南院使刘","1","1","2"
"南院使刘延","1","1","2"
"院使刘延皓","1","1","2"
"群臣献添都","1","1","2"
"臣献添都马","1","1","2"
"刑部尚书房","1","1","2"
"礼部侍郎马","1","1","2"
"部侍郎马胤","1","1","2"
"侍郎马胤孙","1","1","2"
"锋指挥使安","1","1","2"
"指挥使安审","1","1","2"
"挥使安审信","1","1","2"
"使安审信叛","1","1","2"
"振武戍将安","1","1","2"
"武戍将安重","1","1","2"
"戍将安重荣","1","1","2"
"将安重荣叛","1","1","2"
"安重荣叛降","1","1","2"
"重荣叛降石","1","1","2"
"荣叛降石敬","1","1","2"
"天雄军屯驻","1","1","2"
"雄军屯驻捧","1","1","2"
"军屯驻捧圣","1","1","2"
"屯驻捧圣都","1","1","2"
"驻捧圣都虞","1","1","2"
"捧圣都虞候","1","1","2"
"圣都虞候张","1","1","2"
"都虞候张令","1","1","2"
"虞候张令昭","1","1","2"
"张令昭逐节","2","0","2"
"令昭逐节度","2","0","2"
"昭逐节度使","2","0","2"
"军节度使范","1","1","2"
"节度使范延","1","1","2"
"度使范延光","1","1","2"
"天雄军四面","1","1","2"
"雄军四面招","1","1","2"
"军四面招讨","1","1","2"
"彰圣指挥使","1","1","2"
"圣指挥使张","1","1","2"
"指挥使张万","1","1","2"
"挥使张万迪","1","1","2"
"十一月戊子","2","0","2"
"节度使赵德","1","1","2"
"度使赵德钧","1","1","2"
"高祖使博士","1","1","2"
"祖使博士王","1","1","2"
"使博士王震","1","1","2"
"博士王震教","1","1","2"
"一子留守太","1","1","2"
"子留守太原","1","1","2"
"知河东节度","1","1","2"
"河东节度事","1","1","2"
"骁卫将军石","1","1","2"
"卫将军石德","1","1","2"
"将军石德超","1","1","2"
"卫大将军梁","1","1","2"
"大将军梁言","1","1","2"
"皇祖母刘氏","1","1","2"
"省使张九思","1","1","2"
"皇帝山陵都","1","1","2"
"帝山陵都部","1","1","2"
"山陵都部署","1","1","2"
"契丹使舍利","1","1","2"
"葬圣文章武","1","1","2"
"圣文章武孝","1","1","2"
"文章武孝皇","1","1","2"
"章武孝皇帝","1","1","2"
"牛羊使董殷","1","1","2"
"高祖灵车所","1","1","2"
"北京留守刘","1","1","2"
"京留守刘知","1","1","2"
"留守刘知远","1","1","2"
"守刘知远进","1","1","2"
"阗使都督刘","1","1","2"
"沙州曹元深","1","1","2"
"瓜州曹元忠","1","1","2"
"州曹元忠皆","1","1","2"
"曹元忠皆遣","1","1","2"
"元忠皆遣使","1","1","2"
"越使乌多奥","1","1","2"
"景延广御营","2","0","2"
"延广御营使","2","0","2"
"太府卿孟承","1","1","2"
"府卿孟承诲","1","1","2"
"追封皇伯敬","1","1","2"
"封皇伯敬儒","1","1","2"
"供奉官七人","1","1","2"
"奉官七人帅","1","1","2"
"官七人帅奉","1","1","2"
"七人帅奉国","1","1","2"
"人帅奉国军","1","1","2"
"帅奉国军捕","2","0","2"
"奉国军捕蝗","2","0","2"
"国军捕蝗京","2","0","2"
"军捕蝗京畿","2","0","2"
"供奉官李汉","1","1","2"
"奉官李汉超","1","1","2"
"尊秦国夫人","1","1","2"
"秦国夫人安","1","1","2"
"国夫人安氏","1","1","2"
"丹使通事刘","1","1","2"
"使通事刘胤","1","1","2"
"齐州刺史杨","1","1","2"
"州刺史杨承","1","1","2"
"刺史杨承祚","1","1","2"
"高丽使广评","2","0","2"
"丽使广评侍","2","0","2"
"广评侍郎金","1","1","2"
"评侍郎金仁","1","1","2"
"侍郎金仁逢","1","1","2"
"事中边光范","1","1","2"
"登州刺史郭","1","1","2"
"刺史郭彦威","1","1","2"
"高行周北面","2","0","2"
"行周北面行","2","0","2"
"周北面行营","2","0","2"
"契丹入雁门","2","0","2"
"周留守东京","2","0","2"
"契丹寇黎阳","2","0","2"
"沿河巡检使","1","1","2"
"河巡检使梁","1","1","2"
"巡检使梁进","1","1","2"
"贝州行营都","1","1","2"
"青州行营都","1","1","2"
"复置枢密使","1","1","2"
"侍中桑维翰","1","1","2"
"维翰中书令","2","0","2"
"太子太傅刘","1","1","2"
"守司空门下","2","0","2"
"远北面行营","2","0","2"
"顺德军节度","1","1","2"
"陈州项城民","1","1","2"
"州项城民史","1","1","2"
"项城民史仁","1","1","2"
"城民史仁诩","1","1","2"
"民史仁诩门","1","1","2"
"史仁诩门闾","1","1","2"
"都留守马全","1","1","2"
"留守马全节","1","1","2"
"马全节契丹","2","0","2"
"全节契丹战","2","0","2"
"恩留守东都","1","1","2"
"户部侍郎冯","1","1","2"
"部侍郎冯玉","1","1","2"
"刺史沈斌死","1","1","2"
"礼宾卿金廉","1","1","2"
"宾卿金廉等","1","1","2"
"兵部侍郎刘","1","1","2"
"部侍郎刘崇","1","1","2"
"内军卿朴艺","1","1","2"
"军卿朴艺言","1","1","2"
"行营马军排","1","1","2"
"营马军排阵","1","1","2"
"马军排阵使","1","1","2"
"军排阵使张","1","1","2"
"排阵使张彦","1","1","2"
"阵使张彦泽","1","1","2"
"面行营都招","1","1","2"
"李守贞兵马","2","0","2"
"守贞兵马都","2","0","2"
"贞兵马都监","2","0","2"
"军节度使梁","1","1","2"
"节度使梁汉","1","1","2"
"度使梁汉璋","1","1","2"
"杀开封尹桑","1","1","2"
"开封尹桑维","1","1","2"
"封尹桑维翰","1","1","2"
"高祖将举兵","2","0","2"
"耶律德光送","1","1","2"
"律德光送高","1","1","2"
"德光送高祖","1","1","2"
"杜重威代知","1","1","2"
"重威代知远","1","1","2"
"疑知远勋位","1","1","2"
"开运二年四","1","1","2"
"运二年四月","1","1","2"
"伟王攻雁门","1","1","2"
"杀吐浑白承","1","1","2"
"浑白承福等","1","1","2"
"白承福等族","1","1","2"
"河东行军司","1","1","2"
"东行军司马","1","1","2"
"军司马张彦","1","1","2"
"司马张彦威","1","1","2"
"马张彦威等","1","1","2"
"称天福十二","1","1","2"
"天福十二年","1","1","2"
"陕州留后赵","1","1","2"
"州留后赵晖","1","1","2"
"潞州留后王","1","1","2"
"州留后王守","1","1","2"
"留后王守恩","1","1","2"
"三月丙戌朔","2","0","2"
"逐节度使周","1","1","2"
"节度使周密","1","1","2"
"丹州指挥使","1","1","2"
"州指挥使高","1","1","2"
"指挥使高彦","1","1","2"
"挥使高彦询","1","1","2"
"萧翰宣武军","2","0","2"
"翰宣武军节","2","0","2"
"节度使守汴","1","1","2"
"度使守汴州","1","1","2"
"立魏国夫人","1","1","2"
"魏国夫人李","1","1","2"
"国夫人李氏","1","1","2"
"侍卫亲军步","1","1","2"
"卫亲军步军","1","1","2"
"亲军步军都","1","1","2"
"指挥使史弘","1","1","2"
"挥使史弘肇","1","1","2"
"奉国指挥使","1","1","2"
"国指挥使武","1","1","2"
"指挥使武行","1","1","2"
"挥使武行德","1","1","2"
"契丹入镇州","1","1","2"
"太原尹刘崇","1","1","2"
"使杜重威反","1","1","2"
"都行营都部","1","1","2"
"军节度使薛","1","1","2"
"节度使薛怀","1","1","2"
"刘仁恭攻破","1","1","2"
"仁恭攻破顺","1","1","2"
"恭攻破顺州","1","1","2"
"潞州人常氏","1","1","2"
"汉高祖侍卫","2","0","2"
"高祖侍卫亲","2","0","2"
"祖侍卫亲军","2","0","2"
"高祖疾大渐","2","0","2"
"威同中书门","1","1","2"
"城中兵食俱","2","0","2"
"中兵食俱尽","2","0","2"
"加贞固司空","1","1","2"
"枢密使北伐","1","1","2"
"威鄴都留守","2","0","2"
"宰相苏逢吉","1","1","2"
"逢吉谓枢密","2","0","2"
"河北诸州皆","2","0","2"
"召枢密使院","1","1","2"
"枢密使院吏","1","1","2"
"密使院吏魏","1","1","2"
"使院吏魏仁","1","1","2"
"院吏魏仁浦","1","1","2"
"节度使张彦","1","1","2"
"度使张彦超","1","1","2"
"使阎晋卿等","2","0","2"
"阎晋卿等率","2","0","2"
"晋卿等率兵","2","0","2"
"卿等率兵拒","2","0","2"
"等率兵拒威","2","0","2"
"军节度使慕","1","1","2"
"节度使慕容","1","1","2"
"度使慕容彦","1","1","2"
"使慕容彦超","1","1","2"
"慕容彦超战","1","1","2"
"请立武宁军","1","1","2"
"立武宁军节","1","1","2"
"冯道迎赟徐","2","0","2"
"请太后临朝","1","1","2"
"太后临朝听","1","1","2"
"后临朝听政","1","1","2"
"尚书兵部侍","1","1","2"
"书兵部侍郎","1","1","2"
"兵部侍郎范","1","1","2"
"部侍郎范质","1","1","2"
"汉宰相窦贞","1","1","2"
"宰相窦贞固","1","1","2"
"顺元年春正","2","0","2"
"上汉太后尊","1","1","2"
"汉太后尊号","1","1","2"
"太后尊号曰","1","1","2"
"后尊号曰昭","1","1","2"
"尊号曰昭圣","1","1","2"
"号曰昭圣皇","1","1","2"
"曰昭圣皇太","1","1","2"
"昭圣皇太后","1","1","2"
"西州回鹘使","1","1","2"
"州回鹘使都","1","1","2"
"左丞田敏使","2","0","2"
"丞田敏使契","2","0","2"
"田敏使契丹","2","0","2"
"户部侍郎判","1","1","2"
"部侍郎判三","1","1","2"
"侍郎判三司","1","1","2"
"郎判三司李","1","1","2"
"范质参知枢","1","1","2"
"质参知枢密","1","1","2"
"徽北院使翟","1","1","2"
"北院使翟光","1","1","2"
"翟光鄴枢密","2","0","2"
"都指挥使曹","1","1","2"
"高丽王昭使","1","1","2"
"广评侍郎徐","1","1","2"
"评侍郎徐逢","1","1","2"
"府州防御使","1","1","2"
"州防御使折","1","1","2"
"防御使折德","1","1","2"
"内客省使郑","1","1","2"
"客省使郑仁","1","1","2"
"省使郑仁诲","1","1","2"
"使郑仁诲枢","2","0","2"
"郑仁诲枢密","2","0","2"
"太仆少卿王","1","1","2"
"仆少卿王演","1","1","2"
"春正月乙卯","2","0","2"
"麟州刺史杨","1","1","2"
"州刺史杨重","1","1","2"
"刺史杨重训","1","1","2"
"史杨重训叛","1","1","2"
"棣州团练使","1","1","2"
"州团练使王","1","1","2"
"团练使王仁","1","1","2"
"练使王仁镐","1","1","2"
"奉迎神主使","1","1","2"
"杀天雄军节","1","1","2"
"节度使王殷","1","1","2"
"军节度使郑","1","1","2"
"节度使郑仁","1","1","2"
"度使郑仁诲","1","1","2"
"户部侍郎王","1","1","2"
"部侍郎王溥","1","1","2"
"皇帝崩滋德","2","0","2"
"帝崩滋德殿","2","0","2"
"后兄守礼子","2","0","2"
"广顺三年正","1","1","2"
"顺三年正月","1","1","2"
"年正月朔旦","2","0","2"
"显德元年正","1","1","2"
"内外兵马事","1","1","2"
"右监门卫大","1","1","2"
"卫大将军魏","1","1","2"
"大将军魏仁","1","1","2"
"将军魏仁浦","1","1","2"
"魏仁浦枢密","2","0","2"
"诲留守东京","1","1","2"
"都指挥使樊","1","1","2"
"指挥使樊爱","1","1","2"
"挥使樊爱能","1","1","2"
"都指挥使何","1","1","2"
"指挥使何徽","1","1","2"
"军节度使符","1","1","2"
"节度使符彦","1","1","2"
"度使符彦卿","1","1","2"
"河东行营都","1","1","2"
"东行营都部","1","1","2"
"汾州防御使","1","1","2"
"州防御使董","1","1","2"
"防御使董希","1","1","2"
"御使董希颜","1","1","2"
"使董希颜叛","1","1","2"
"辽州刺史张","1","1","2"
"州刺史张汉","1","1","2"
"立卫国夫人","1","1","2"
"卫国夫人符","1","1","2"
"国夫人符氏","1","1","2"
"忻州监军李","1","1","2"
"代州守将郑","1","1","2"
"州守将郑处","1","1","2"
"守将郑处谦","1","1","2"
"将郑处谦叛","1","1","2"
"指挥使史彦","1","1","2"
"挥使史彦超","1","1","2"
"王子太相融","1","1","2"
"道行营都部","1","1","2"
"十二月丙戌","2","0","2"
"向训留守东","1","1","2"
"训留守东京","1","1","2"
"道行营都招","1","1","2"
"马步军都军","1","1","2"
"步军都军头","1","1","2"
"军都军头袁","1","1","2"
"都军头袁彦","1","1","2"
"竹龙都部署","1","1","2"
"杀密州防御","1","1","2"
"密州防御使","1","1","2"
"州防御使侯","1","1","2"
"防御使侯希","1","1","2"
"御使侯希进","1","1","2"
"濮州刺史胡","1","1","2"
"州刺史胡立","1","1","2"
"三司使张美","1","1","2"
"泗州守将范","1","1","2"
"濠州团练使","1","1","2"
"州团练使郭","1","1","2"
"团练使郭廷","1","1","2"
"练使郭廷谓","1","1","2"
"春正月丁亥","2","0","2"
"克淮南十四","1","1","2"
"放降卒四千","1","1","2"
"降卒四千六","1","1","2"
"卒四千六百","1","1","2"
"高丽王昭遣","1","1","2"
"丽王昭遣使","1","1","2"
"王昭遣使者","1","1","2"
"徽南院使吴","1","1","2"
"南院使吴延","1","1","2"
"院使吴延祚","1","1","2"
"魏仁浦同中","1","1","2"
"仁浦同中书","1","1","2"
"浦同中书门","1","1","2"
"大臣请封皇","1","1","2"
"臣请封皇子","1","1","2"
"显德六年六","1","1","2"
"德六年六月","1","1","2"
"部尚书李涛","1","1","2"
"度支郎中卢","1","1","2"
"支郎中卢亿","1","1","2"
"卫大将军戴","1","1","2"
"大将军戴交","1","1","2"
"废天下佛寺","1","1","2"
"天下佛寺三","1","1","2"
"下佛寺三千","1","1","2"
"佛寺三千三","1","1","2"
"寺三千三百","1","1","2"
"三千三百三","1","1","2"
"千三百三十","1","1","2"
"三百三十六","1","1","2"
"太祖元贞皇","1","1","2"
"祖元贞皇后","1","1","2"
"元贞皇后张","1","1","2"
"贞皇后张氏","1","1","2"
"单州砀山县","1","1","2"
"州砀山县渠","1","1","2"
"砀山县渠亭","1","1","2"
"山县渠亭里","1","1","2"
"县渠亭里富","1","1","2"
"后贤明精悍","1","1","2"
"王友裕攻徐","1","1","2"
"友裕攻徐州","1","1","2"
"幸汴州失守","1","1","2"
"开封县润色","1","1","2"
"封县润色乡","1","1","2"
"追谥曰元贞","1","1","2"
"谥曰元贞皇","1","1","2"
"曰元贞皇太","1","1","2"
"元贞皇太后","1","1","2"
"唐家三百年","1","1","2"
"家三百年社","1","1","2"
"三百年社稷","1","1","2"
"瑞麦一茎三","1","1","2"
"麦一茎三穗","1","1","2"
"年宋州大水","1","1","2"
"滑二州留后","1","1","2"
"董乙聚众称","1","1","2"
"乙聚众称天","1","1","2"
"聚众称天子","1","1","2"
"乙等攻劫州","1","1","2"
"等攻劫州县","1","1","2"
"康王友孜谋","1","1","2"
"王友孜谋反","1","1","2"
"度支盐铁制","1","1","2"
"支盐铁制置","1","1","2"
"盐铁制置使","1","1","2"
"护国四镇征","1","1","2"
"国四镇征赋","1","1","2"
"置建昌宫总","1","1","2"
"博王友文多","1","1","2"
"友文妻王氏","1","1","2"
"东都召友文","1","1","2"
"牙兵五百随","1","1","2"
"兵五百随友","1","1","2"
"斩关入万春","1","1","2"
"关入万春门","1","1","2"
"亲吏冯廷谔","1","1","2"
"友珪妻张氏","2","0","2"
"裨将袁建丰","1","1","2"
"贞简太后教","1","1","2"
"刘氏生子继","1","1","2"
"氏生子继岌","1","1","2"
"河上十余年","2","0","2"
"善迎意承旨","1","1","2"
"庄宗召袁建","1","1","2"
"宗召袁建丰","1","1","2"
"枢密使郭崇","1","1","2"
"密使郭崇韬","1","1","2"
"庄宗率皇后","1","1","2"
"僧游五台山","1","1","2"
"一龙揭片石","1","1","2"
"太后称诰令","1","1","2"
"皇后称教命","1","1","2"
"许州节度使","1","1","2"
"州节度使温","1","1","2"
"节度使温韬","1","1","2"
"客星犯天库","1","1","2"
"蜀金银五十","1","1","2"
"金银五十万","1","1","2"
"内库使张容","1","1","2"
"库使张容哥","1","1","2"
"晋高祖反时","1","1","2"
"内外制置蕃","1","1","2"
"外制置蕃汉","1","1","2"
"制置蕃汉都","1","1","2"
"置蕃汉都知","1","1","2"
"蕃汉都知兵","1","1","2"
"汉都知兵马","1","1","2"
"召庄宗侍侧","1","1","2"
"庄宗召承业","1","1","2"
"继岌西南面","2","0","2"
"岌西南面行","2","0","2"
"工部尚书任","1","1","2"
"部尚书任圜","1","1","2"
"林学士李愚","1","1","2"
"凤翔入大散","1","1","2"
"翔入大散关","1","1","2"
"蜀将程奉琏","1","1","2"
"兵万人屯利","1","1","2"
"万人屯利州","1","1","2"
"见崇韬专任","2","0","2"
"庄宗遣宦官","2","0","2"
"遣宦官马彦","2","0","2"
"崇韬留任圜","1","1","2"
"韬留任圜守","1","1","2"
"留任圜守蜀","1","1","2"
"锋康延孝叛","1","1","2"
"继岌遣任圜","2","0","2"
"西都留守张","1","1","2"
"庄宗遇弑时","1","1","2"
"明宗夏夫人","1","1","2"
"益乳母司衣","1","1","2"
"乳母司衣王","1","1","2"
"母司衣王氏","1","1","2"
"察宫中动静","1","1","2"
"赐司衣王氏","1","1","2"
"司衣王氏死","1","1","2"
"天福四年九","1","1","2"
"福四年九月","1","1","2"
"郇国三千户","1","1","2"
"国三千户封","1","1","2"
"三千户封唐","1","1","2"
"千户封唐许","1","1","2"
"户封唐许王","1","1","2"
"彰信军节度","1","1","2"
"翰留契丹兵","1","1","2"
"人召高行周","1","1","2"
"将相大臣皆","2","0","2"
"荣天下兵马","1","1","2"
"下平章事者","1","1","2"
"荣大宴元帅","1","1","2"
"大宴元帅府","1","1","2"
"将相大臣见","1","1","2"
"押衙马处钧","1","1","2"
"衙马处钧告","1","1","2"
"宣徽使孟汉","1","1","2"
"徽使孟汉琼","1","1","2"
"使孟汉琼等","1","1","2"
"明宗问弘昭","1","1","2"
"宗问弘昭等","1","1","2"
"人召康义诚","1","1","2"
"弘实率骑兵","1","1","2"
"率骑兵三百","1","1","2"
"故夫人柴氏","1","1","2"
"太祖柴夫人","1","1","2"
"事汉高祖太","2","0","2"
"广顺元年九","1","1","2"
"顺元年九月","1","1","2"
"败刘旻高平","2","0","2"
"检校工部尚","1","1","2"
"校工部尚书","1","1","2"
"广顺三年卒","2","0","2"
"意哥赠司空","1","1","2"
"赠左军卫将","2","0","2"
"左军卫将军","2","0","2"
"定哥赠左千","1","1","2"
"赠左千牛卫","1","1","2"
"周太祖圣穆","1","1","2"
"太祖圣穆皇","1","1","2"
"祖圣穆皇后","1","1","2"
"检校吏部尚","1","1","2"
"校吏部尚书","1","1","2"
"未必能使天","1","1","2"
"必能使天下","1","1","2"
"贞惠皇后刘","1","1","2"
"惠皇后刘氏","1","1","2"
"宣懿皇后符","1","1","2"
"懿皇后符氏","1","1","2"
"遣周太祖讨","1","1","2"
"女子能使乱","1","1","2"
"子能使乱兵","1","1","2"
"后夫家灭亡","1","1","2"
"诏赐皇孙名","1","1","2"
"赠左骁卫大","1","1","2"
"子左骁卫大","1","1","2"
"左武卫大将","1","1","2"
"左军卫大将","2","0","2"
"德二年十月","1","1","2"
"怀英迎銮毅","1","1","2"
"英迎銮毅勇","1","1","2"
"迎銮毅勇功","1","1","2"
"銮毅勇功臣","1","1","2"
"太祖遣怀英","2","0","2"
"表宿州刺史","2","0","2"
"庄宗召周德","1","1","2"
"宗召周德威","1","1","2"
"大将三百人","1","1","2"
"西路副招讨","1","1","2"
"路副招讨使","1","1","2"
"硃友谦叛附","2","0","2"
"友谦叛附晋","2","0","2"
"少事青州王","2","0","2"
"青州王敬武","1","1","2"
"刺史张蟾叛","2","0","2"
"指挥使卢洪","1","1","2"
"挥使卢洪讨","1","1","2"
"梁太祖西攻","1","1","2"
"太祖西攻凤","2","0","2"
"祖西攻凤翔","2","0","2"
"兗州节度使","2","0","2"
"硃友宁攻师","2","0","2"
"友宁攻师范","2","0","2"
"副使王彦温","1","1","2"
"累迁左龙武","2","0","2"
"迁左龙武统","2","0","2"
"贺德伦降晋","2","0","2"
"潜军黄泽关","2","0","2"
"军黄泽关袭","2","0","2"
"黄泽关袭太","2","0","2"
"泽关袭太原","2","0","2"
"符存审守魏","1","1","2"
"州张万进反","1","1","2"
"河东道招讨","1","1","2"
"遂雍西京副","2","0","2"
"雍西京副留","2","0","2"
"守王思同率","1","1","2"
"棣等五州刺","1","1","2"
"等五州刺史","1","1","2"
"凤州防御使","1","1","2"
"安州防御使","1","1","2"
"事诸葛爽河","2","0","2"
"牛卫上将军","1","1","2"
"迁左龙虎统","2","0","2"
"六军都指挥","1","1","2"
"地凿井八十","1","1","2"
"太祖攻蔡州","2","0","2"
"太祖登高望","2","0","2"
"迁右神武统","2","0","2"
"绛三州刺史","1","1","2"
"滑州长剑指","1","1","2"
"州长剑指挥","1","1","2"
"重师脱身归","1","1","2"
"拔山军指挥","1","1","2"
"山军指挥使","1","1","2"
"崖州司户参","1","1","2"
"左长剑都虞","1","1","2"
"长剑都虞候","1","1","2"
"太祖赐名怀","1","1","2"
"祖赐名怀玉","1","1","2"
"齐州防御使","1","1","2"
"华州观察留","1","1","2"
"太祖宣武军","2","0","2"
"太祖攻赵匡","2","0","2"
"祖攻赵匡凝","2","0","2"
"攻赵匡凝襄","2","0","2"
"赵匡凝襄阳","2","0","2"
"谷城西童山","1","1","2"
"师厚进攻荆","2","0","2"
"厚进攻荆南","2","0","2"
"逐节度使罗","1","1","2"
"节度使罗周","1","1","2"
"度使罗周翰","1","1","2"
"一言谕禁军","2","0","2"
"友珪弑父君","2","0","2"
"将王舜贤洛","2","0","2"
"王师范青州","2","0","2"
"润州团练使","1","1","2"
"宣州节度使","1","1","2"
"乾化元年正","1","1","2"
"元年正月庚","1","1","2"
"年正月庚寅","1","1","2"
"崇政使敬翔","1","1","2"
"景仁晋人战","2","0","2"
"淮南招讨使","1","1","2"
"怀宝等数十","1","1","2"
"宝等数十人","1","1","2"
"踏白副指挥","1","1","2"
"白副指挥使","1","1","2"
"孙儒陷河阳","2","0","2"
"太祖新就镇","2","0","2"
"虔裕将骑兵","2","0","2"
"太祖遣虔裕","2","0","2"
"迁执虔裕降","2","0","2"
"执虔裕降晋","2","0","2"
"迁匡国军节","2","0","2"
"梁王彦章击","1","1","2"
"王彦章击破","1","1","2"
"彦章击破德","1","1","2"
"章击破德胜","1","1","2"
"居翰枢密使","2","0","2"
"请立刘氏皇","2","0","2"
"建天下利害","2","0","2"
"同光三年夏","1","1","2"
"见长安全盛","1","1","2"
"长安全盛时","1","1","2"
"兴庆宫楼阁","1","1","2"
"宫苑使王允","1","1","2"
"苑使王允平","1","1","2"
"唐时张全义","1","1","2"
"求西川兵马","2","0","2"
"西川兵马留","1","1","2"
"川兵马留后","1","1","2"
"马九千五百","1","1","2"
"九千五百匹","1","1","2"
"兵器七百万","1","1","2"
"二百五十三","1","1","2"
"百五十三万","1","1","2"
"五十三万石","1","1","2"
"钱一百九十","1","1","2"
"一百九十二","1","1","2"
"百九十二万","1","1","2"
"金银二十二","1","1","2"
"银二十二万","1","1","2"
"二十二万两","1","1","2"
"奏改弘文馆","1","1","2"
"直马延误冲","2","0","2"
"台门斩延后","2","0","2"
"门斩延后奏","2","0","2"
"子军士桑弘","1","1","2"
"军士桑弘迁","1","1","2"
"相州录事参","1","1","2"
"兵马使安虔","1","1","2"
"宰相任圜判","1","1","2"
"相任圜判三","1","1","2"
"硃守殷汴州","2","0","2"
"守殷汴州反","2","0","2"
"夏州李仁福","1","1","2"
"州李仁福进","1","1","2"
"明宗阴遣人","2","0","2"
"马牧军使田","1","1","2"
"牧军使田令","1","1","2"
"军使田令方","1","1","2"
"遣药彦稠率","2","0","2"
"劳朝廷兴师","1","1","2"
"李振崇政院","2","0","2"
"振崇政院使","2","0","2"
"迁衙内指挥","1","1","2"
"晋遣德威将","2","0","2"
"州守将李嗣","1","1","2"
"守将李嗣昭","1","1","2"
"谓监军张承","2","0","2"
"军张承业曰","2","0","2"
"刘守光僭号","2","0","2"
"德威将三万","2","0","2"
"燕兵三万人","1","1","2"
"麻家渡进军","1","1","2"
"家渡进军临","1","1","2"
"渡进军临濮","1","1","2"
"功迁检校左","1","1","2"
"迁检校左仆","1","1","2"
"迁左右厢步","1","1","2"
"左右厢步军","1","1","2"
"右厢步军指","1","1","2"
"厢步军指挥","1","1","2"
"邢州团练使","1","1","2"
"张文礼弑赵","2","0","2"
"文礼弑赵王","2","0","2"
"礼弑赵王王","2","0","2"
"弑赵王王镕","2","0","2"
"周德威齐名","1","1","2"
"宗灭梁入洛","2","0","2"
"明宗入洛阳","2","0","2"
"永王存霸奔","2","0","2"
"王存霸奔太","2","0","2"
"存霸奔太原","2","0","2"
"见留守张宪","1","1","2"
"建雄军留后","1","1","2"
"迁北京留守","1","1","2"
"鹤指挥使张","1","1","2"
"指挥使张谏","1","1","2"
"杀权知州高","1","1","2"
"权知州高逖","1","1","2"
"拱衙指挥使","1","1","2"
"衙指挥使庞","1","1","2"
"屯驻军将马","1","1","2"
"驻军将马万","1","1","2"
"军将马万等","1","1","2"
"雁门节度使","1","1","2"
"建瑭先锋兵","2","0","2"
"功加检校左","1","1","2"
"加检校左仆","1","1","2"
"相二州刺史","1","1","2"
"晋军讨张文","2","0","2"
"军讨张文礼","2","0","2"
"鲁国长公主","1","1","2"
"匡卫指挥使","1","1","2"
"高台望见镇","1","1","2"
"将银枪效节","2","0","2"
"银枪效节军","2","0","2"
"流纵火焚梁","2","0","2"
"宦官韦令图","1","1","2"
"官韦令图监","1","1","2"
"散员都部署","1","1","2"
"都行营招抚","1","1","2"
"蒙陛下抚养","1","1","2"
"明宗兵变魏","2","0","2"
"梁将王檀袭","1","1","2"
"铁林都虞候","1","1","2"
"左厢马军指","1","1","2"
"厢马军指挥","1","1","2"
"获将校七十","1","1","2"
"指挥使孟谦","1","1","2"
"孝义指挥使","1","1","2"
"汴州节度使","1","1","2"
"州节度使孔","1","1","2"
"节度使孔循","1","1","2"
"襄州节度使","1","1","2"
"州节度使刘","1","1","2"
"节度使刘训","1","1","2"
"度使刘训等","1","1","2"
"西南面招讨","1","1","2"
"判官谭善达","1","1","2"
"少事赵王王","2","0","2"
"事赵王王镕","2","0","2"
"赵王王镕军","2","0","2"
"破梁军柏乡","2","0","2"
"平卢监军杨","1","1","2"
"卢监军杨希","1","1","2"
"监军杨希望","1","1","2"
"指挥使王公","1","1","2"
"挥使王公俨","1","1","2"
"使王公俨素","1","1","2"
"素安重诲所","2","0","2"
"晋军攻破镇","1","1","2"
"军攻破镇州","1","1","2"
"迁冀州刺史","1","1","2"
"北面水陆转","1","1","2"
"面水陆转运","1","1","2"
"水陆转运使","1","1","2"
"河北道副招","1","1","2"
"北道副招讨","1","1","2"
"道副招讨使","1","1","2"
"晋梁相拒河","2","0","2"
"梁相拒河上","2","0","2"
"相拒河上十","2","0","2"
"成庄宗业者","2","0","2"
"魏博观察使","1","1","2"
"博观察使判","1","1","2"
"观察使判官","1","1","2"
"察使判官张","1","1","2"
"使判官张宪","1","1","2"
"租庸钱十万","1","1","2"
"兴唐尹王正","1","1","2"
"唐尹王正言","1","1","2"
"丰财赡国功","1","1","2"
"财赡国功臣","1","1","2"
"节度观察判","1","1","2"
"度观察判官","1","1","2"
"塞天下山谷","1","1","2"
"盐铁转运使","1","1","2"
"始置租庸使","2","0","2"
"道盐铁转运","1","1","2"
"盐铁转运等","1","1","2"
"铁转运等使","1","1","2"
"判户部度支","1","1","2"
"户部度支事","1","1","2"
"延朗充三司","1","1","2"
"朗充三司使","1","1","2"
"枢密使宋光","1","1","2"
"密使宋光嗣","1","1","2"
"州县皆迎降","2","0","2"
"泗州防御使","1","1","2"
"西川兵马都","1","1","2"
"川兵马都监","1","1","2"
"少事明宗客","2","0","2"
"事明宗客将","2","0","2"
"明宗祀天南","2","0","2"
"宗祀天南郊","2","0","2"
"川节度使董","1","1","2"
"节度使董璋","1","1","2"
"璋置酒召仁","2","0","2"
"置酒召仁矩","2","0","2"
"西川能斩李","1","1","2"
"川能斩李严","1","1","2"
"分东川阆州","2","0","2"
"东川阆州保","2","0","2"
"川阆州保宁","2","0","2"
"阆州保宁军","2","0","2"
"仁矩节度使","2","0","2"
"枢密承旨李","1","1","2"
"密承旨李虔","1","1","2"
"承旨李虔徽","1","1","2"
"华州节度使","1","1","2"
"金吾上将军","1","1","2"
"川董璋上书","1","1","2"
"中丞吕梦奇","1","1","2"
"西川孟知祥","1","1","2"
"川孟知祥杀","1","1","2"
"杀秦王立愍","2","0","2"
"秦王立愍帝","2","0","2"
"成德范延光","1","1","2"
"德范延光代","1","1","2"
"北京留守石","1","1","2"
"京留守石敬","1","1","2"
"留守石敬瑭","1","1","2"
"守石敬瑭代","1","1","2"
"节度判官韩","1","1","2"
"度判官韩昭","1","1","2"
"判官韩昭胤","1","1","2"
"掌书记李专","1","1","2"
"书记李专美","1","1","2"
"牙将宋审虔","1","1","2"
"州防御使相","1","1","2"
"防御使相里","1","1","2"
"御使相里金","1","1","2"
"遣判官薛文","2","0","2"
"率诸镇兵围","2","0","2"
"四月庚午朔","1","1","2"
"延朗等多言","2","0","2"
"拥高祖呼万","2","0","2"
"高祖呼万岁","2","0","2"
"宣宪皇太后","1","1","2"
"召学士马胤","1","1","2"
"学士马胤孙","1","1","2"
"帝惶惑知所","2","0","2"
"延朗等六人","1","1","2"
"祸福成败理","2","0","2"
"应岚二州刺","1","1","2"
"岚二州刺史","1","1","2"
"遣王思同等","2","0","2"
"王思同等讨","2","0","2"
"兵千五百人","2","0","2"
"北面行营马","1","1","2"
"面行营马军","1","1","2"
"行营马军都","1","1","2"
"营马军都指","1","1","2"
"兵团柏谷救","2","0","2"
"团柏谷救张","1","1","2"
"柏谷救张敬","1","1","2"
"谷救张敬达","1","1","2"
"迁捧圣指挥","2","0","2"
"迁侍卫亲军","2","0","2"
"大臣硃弘昭","2","0","2"
"三司使孙岳","1","1","2"
"人绢二十匹","1","1","2"
"弘实见军士","1","1","2"
"清泰元年四","1","1","2"
"泰元年四月","1","1","2"
"都指挥使一","1","1","2"
"宣武军建国","1","1","2"
"大臣宗室一","1","1","2"
"朝廷大将天","1","1","2"
"廷大将天子","1","1","2"
"大将天子国","1","1","2"
"将天子国兵","1","1","2"
"朝廷大事皆","2","0","2"
"镇名存实亡","1","1","2"
"殿前都指挥","1","1","2"
"前都指挥使","1","1","2"
"卫步军都虞","1","1","2"
"寿州节度使","1","1","2"
"中指挥使杨","1","1","2"
"指挥使杨彦","1","1","2"
"挥使杨彦温","1","1","2"
"度使潞王珂","2","0","2"
"屈悉保等族","1","1","2"
"灵武康福会","1","1","2"
"族入白鱼谷","1","1","2"
"唐舒州刺史","1","1","2"
"尚书郎萧希","1","1","2"
"书郎萧希甫","1","1","2"
"郎萧希甫驳","1","1","2"
"弘文馆学士","1","1","2"
"集贤院学士","1","1","2"
"革纵田客杀","2","0","2"
"费州司户参","1","1","2"
"夷州司户参","1","1","2"
"天成二年夏","1","1","2"
"尚书膳部员","1","1","2"
"书膳部员外","1","1","2"
"河东节度副","1","1","2"
"东节度副使","1","1","2"
"皆故唐时名","2","0","2"
"故唐时名族","2","0","2"
"河东节度推","1","1","2"
"东节度推官","1","1","2"
"次节度判官","1","1","2"
"节度判官卢","1","1","2"
"度判官卢质","1","1","2"
"程中书侍郎","2","0","2"
"赠礼部尚书","1","1","2"
"庄宗战胡柳","2","0","2"
"张文礼弑王","2","0","2"
"文礼弑王镕","2","0","2"
"庄宗遣嗣昭","2","0","2"
"文礼子处球","2","0","2"
"北京副留守","1","1","2"
"太常卿崔协","1","1","2"
"识易州刺史","1","1","2"
"圜声色俱厉","1","1","2"
"硃守殷反汴","2","0","2"
"守殷反汴州","2","0","2"
"少儒学知名","2","0","2"
"王刘守光时","1","1","2"
"郓州节度判","1","1","2"
"命皇后全义","2","0","2"
"皇后全义父","2","0","2"
"养子郝继孙","1","1","2"
"子郝继孙犯","1","1","2"
"郝继孙犯法","1","1","2"
"置端明殿学","1","1","2"
"明殿学士班","1","1","2"
"班翰林学士","2","0","2"
"内衙指挥使","1","1","2"
"彦温等三家","1","1","2"
"中节度使李","1","1","2"
"节度使李都","1","1","2"
"多知唐故事","2","0","2"
"军节度使掌","1","1","2"
"节度使掌书","1","1","2"
"度使掌书记","1","1","2"
"东都副留守","2","0","2"
"明宗北伐契","1","1","2"
"见北京巡检","1","1","2"
"北京巡检符","1","1","2"
"京巡检符彦","1","1","2"
"巡检符彦超","1","1","2"
"梁开封尹袁","1","1","2"
"开封尹袁象","1","1","2"
"封尹袁象先","1","1","2"
"青州掌书记","1","1","2"
"求天下隐逸","1","1","2"
"幽州李绍宏","1","1","2"
"枢密使张居","1","1","2"
"密使张居翰","1","1","2"
"相豆卢革等","1","1","2"
"天成元年四","1","1","2"
"成元年四月","1","1","2"
"元年四月二","1","1","2"
"年四月二十","1","1","2"
"河堰牙官李","1","1","2"
"堰牙官李筠","1","1","2"
"河南尹秦王","1","1","2"
"希甫召堂头","1","1","2"
"甫召堂头直","1","1","2"
"召堂头直省","1","1","2"
"堂头直省朝","1","1","2"
"头直省朝堂","1","1","2"
"直省朝堂驱","1","1","2"
"省朝堂驱使","1","1","2"
"朝堂驱使官","1","1","2"
"岚州司户参","1","1","2"
"租庸使赵岩","1","1","2"
"王府元帅官","1","1","2"
"元帅判官任","1","1","2"
"帅判官任赞","1","1","2"
"詹事王居敏","1","1","2"
"河南府判官","1","1","2"
"南府判官司","1","1","2"
"府判官司徒","1","1","2"
"议参军高辇","1","1","2"
"任赞等十七","1","1","2"
"赞等十七人","1","1","2"
"张承业守太","1","1","2"
"承业守太原","1","1","2"
"求留守北京","1","1","2"
"川节度副使","1","1","2"
"瓚行军司马","2","0","2"
"河阳节度掌","1","1","2"
"阳节度掌书","1","1","2"
"刘知远赞成","1","1","2"
"维翰见德光","2","0","2"
"相州节度使","1","1","2"
"附镇州安重","1","1","2"
"镇州安重荣","1","1","2"
"天福五年九","1","1","2"
"福五年九月","1","1","2"
"枢密院学士","1","1","2"
"内客省使李","1","1","2"
"客省使李彦","1","1","2"
"省使李彦韬","1","1","2"
"明殿学士冯","1","1","2"
"殿学士冯玉","1","1","2"
"契丹凡所书","2","0","2"
"丹凡所书檄","2","0","2"
"律德光犯京","2","0","2"
"晋高祖六军","2","0","2"
"高祖六军副","2","0","2"
"祖六军副使","2","0","2"
"宁江军节度","1","1","2"
"天福八年秋","1","1","2"
"一千四百两","1","1","2"
"先锋石公霸","1","1","2"
"号令征伐一","1","1","2"
"供奉官张晖","1","1","2"
"奉官张晖奉","1","1","2"
"官张晖奉表","1","1","2"
"宁军节度副","1","1","2"
"复州防御使","1","1","2"
"令温守贝州","1","1","2"
"开运元年正","1","1","2"
"运元年正月","1","1","2"
"南门引契丹","1","1","2"
"高祖定京师","2","0","2"
"凤翔李永吉","1","1","2"
"翔李永吉初","1","1","2"
"前客省使王","1","1","2"
"客省使王筠","1","1","2"
"家僮二十人","1","1","2"
"逢吉改二十","1","1","2"
"吉改二十人","1","1","2"
"州捕贼使者","1","1","2"
"捕贼使者张","1","1","2"
"贼使者张令","1","1","2"
"使者张令柔","1","1","2"
"平阴县十七","1","1","2"
"卫州刺史叶","1","1","2"
"州刺史叶仁","1","1","2"
"刺史叶仁鲁","1","1","2"
"周太祖镇鄴","2","0","2"
"逢吉权知枢","1","1","2"
"吉权知枢密","1","1","2"
"权知枢密院","1","1","2"
"司天夏官正","1","1","2"
"天夏官正王","1","1","2"
"夏官正王处","1","1","2"
"官正王处讷","1","1","2"
"调民七户一","2","0","2"
"汉高祖典禁","2","0","2"
"高祖典禁兵","2","0","2"
"武节左右指","1","1","2"
"节左右指挥","1","1","2"
"代州王晖拒","1","1","2"
"时契丹北归","1","1","2"
"河阳武行德","1","1","2"
"泽州翟令奇","1","1","2"
"州翟令奇等","1","1","2"
"兴赵思绾等","1","1","2"
"侍卫孔目官","1","1","2"
"卫孔目官解","1","1","2"
"孔目官解晖","1","1","2"
"目官解晖狡","1","1","2"
"燕人何福进","1","1","2"
"军将何拯争","1","1","2"
"三司使王章","1","1","2"
"三年冬十月","1","1","2"
"年冬十月十","1","1","2"
"冬十月十三","1","1","2"
"三州粮料院","1","1","2"
"州粮料院使","1","1","2"
"史弘肇等同","2","0","2"
"弘肇等同日","2","0","2"
"肇等同日见","2","0","2"
"等同日见杀","2","0","2"
"副招讨李周","1","1","2"
"河阳粮料使","1","1","2"
"权知开封府","1","1","2"
"太祖王峻等","2","0","2"
"师大风拔木","2","0","2"
"隐帝召司天","1","1","2"
"帝召司天赵","1","1","2"
"召司天赵延","1","1","2"
"供奉官孟业","1","1","2"
"左神武统军","1","1","2"
"神武统军袁","1","1","2"
"宰相苏禹珪","1","1","2"
"谋杀杨邠等","2","0","2"
"隐帝败北郊","2","0","2"
"害慕容彦超","1","1","2"
"慕容彦超败","1","1","2"
"翰林茶酒使","1","1","2"
"允明谋杀杨","1","1","2"
"婿张贻肃血","1","1","2"
"张贻肃血流","1","1","2"
"知开封府事","1","1","2"
"迁左散骑常","2","0","2"
"充端明殿学","1","1","2"
"士徐台符等","1","1","2"
"徐台符等二","1","1","2"
"台符等二十","1","1","2"
"符等二十人","1","1","2"
"御史中丞杨","1","1","2"
"史中丞杨昭","1","1","2"
"中丞杨昭俭","1","1","2"
"朴校定大历","1","1","2"
"朴考正雅乐","1","1","2"
"十二律管互","1","1","2"
"二律管互吹","1","1","2"
"管长短寸分","1","1","2"
"长短寸分设","1","1","2"
"短寸分设柱","1","1","2"
"左右皆奔走","2","0","2"
"汉高祖河东","2","0","2"
"仁诲大内都","2","0","2"
"诲大内都点","2","0","2"
"恩州团练使","1","1","2"
"枢密使王朴","1","1","2"
"密使王朴尤","1","1","2"
"延天下奇才","1","1","2"
"讲求礼乐遗","1","1","2"
"求礼乐遗文","1","1","2"
"世乱识忠臣","1","1","2"
"全节士三人","2","0","2"
"开封府押衙","1","1","2"
"行营先锋马","1","1","2"
"营先锋马军","1","1","2"
"先锋马军使","1","1","2"
"屯金波亭虞","2","0","2"
"金波亭虞变","2","0","2"
"晋军攻破澶","1","1","2"
"军攻破澶州","1","1","2"
"张汉杰等事","2","0","2"
"龙德三年夏","1","1","2"
"末帝召彦章","2","0","2"
"守殷守夹寨","1","1","2"
"唐将夏鲁奇","1","1","2"
"将夏鲁奇素","1","1","2"
"陛下血战十","1","1","2"
"何面目见天","2","0","2"
"嗣昭昭义军","2","0","2"
"昭昭义军节","2","0","2"
"滁二州刺史","1","1","2"
"黄袁二州刺","1","1","2"
"袁二州刺史","1","1","2"
"武昌军节度","1","1","2"
"仁赡清淮军","2","0","2"
"赡清淮军节","2","0","2"
"退守正阳浮","1","1","2"
"守正阳浮桥","1","1","2"
"遣元帅齐王","2","0","2"
"元帅齐王景","2","0","2"
"帅齐王景达","2","0","2"
"德两军相疑","2","0","2"
"守将广陵冯","1","1","2"
"将广陵冯延","1","1","2"
"广陵冯延鲁","1","1","2"
"监军使周廷","1","1","2"
"军使周廷构","1","1","2"
"检校太尉中","2","0","2"
"校太尉中书","2","0","2"
"太尉中书令","2","0","2"
"周世宗实录","1","1","2"
"源德见梁太","1","1","2"
"德见梁太祖","1","1","2"
"博节度使杨","1","1","2"
"迫节度使贺","1","1","2"
"磁州刺史靳","1","1","2"
"州刺史靳昭","1","1","2"
"沧州戴思远","1","1","2"
"事梁宣武军","2","0","2"
"卫护指挥使","1","1","2"
"诣京师乞留","2","0","2"
"唐师伐荆南","2","0","2"
"神武十军都","1","1","2"
"武十军都指","1","1","2"
"十军都指挥","1","1","2"
"明宗顾左右","2","0","2"
"应顺元年二","1","1","2"
"顺元年二月","1","1","2"
"西面行营马","1","1","2"
"面行营马步","1","1","2"
"破东西关城","1","1","2"
"珂登城呼外","2","0","2"
"登城呼外兵","2","0","2"
"先帝二十年","1","1","2"
"使杨思权呼","1","1","2"
"见先帝地下","2","0","2"
"东马步军都","1","1","2"
"北面副总管","1","1","2"
"敬达太原四","2","0","2"
"达太原四面","2","0","2"
"太原四面招","1","1","2"
"原四面招讨","1","1","2"
"副招讨使杨","1","1","2"
"招讨使杨光","1","1","2"
"拱辰都指挥","1","1","2"
"辰都指挥使","1","1","2"
"契丹深入晋","1","1","2"
"丹深入晋地","1","1","2"
"宁卫指挥使","1","1","2"
"奉国都虞候","1","1","2"
"开运二年冬","1","1","2"
"西山晋军后","2","0","2"
"汉龙捷都指","1","1","2"
"龙捷都指挥","1","1","2"
"虎捷都指挥","1","1","2"
"知州王万敢","1","1","2"
"太祖遣王峻","2","0","2"
"迁龙捷右厢","1","1","2"
"龙捷右厢都","1","1","2"
"庐山简寂宫","1","1","2"
"供奉官安弘","1","1","2"
"奉官安弘道","1","1","2"
"官安弘道押","1","1","2"
"卫军虞候韩","1","1","2"
"军虞候韩通","1","1","2"
"虞候韩通收","1","1","2"
"古忠臣义士","1","1","2"
"道士李道殷","1","1","2"
"节度使刘遂","1","1","2"
"度使刘遂凝","1","1","2"
"谏议大夫召","2","0","2"
"天福四年卒","2","0","2"
"五音十二律","1","1","2"
"节度使符习","1","1","2"
"监军杨彦朗","1","1","2"
"户部尚书王","1","1","2"
"部尚书王权","1","1","2"
"宗正卿石光","1","1","2"
"正卿石光赞","1","1","2"
"部侍郎王延","1","1","2"
"侍郎王延等","1","1","2"
"迁洺州团练","2","0","2"
"洺州团练使","2","0","2"
"天福四年正","1","1","2"
"福四年正月","1","1","2"
"深州司功参","1","1","2"
"州司功参军","1","1","2"
"司功参军李","1","1","2"
"唐宰相裴枢","1","1","2"
"左仆射裴枢","1","1","2"
"部侍郎王赞","1","1","2"
"工部尚书王","1","1","2"
"部尚书王溥","1","1","2"
"吏部尚书陆","1","1","2"
"赐死白马驿","2","0","2"
"遣中书侍郎","2","0","2"
"下平章事张","1","1","2"
"平章事张文","1","1","2"
"章事张文蔚","1","1","2"
"礼部尚书苏","1","1","2"
"部尚书苏循","1","1","2"
"官兵部侍郎","2","0","2"
"唐容管经略","1","1","2"
"洛阳敦化里","1","1","2"
"魏黄初元年","1","1","2"
"黄初元年春","1","1","2"
"初元年春二","1","1","2"
"元年春二月","1","1","2"
"建安二十五","1","1","2"
"安二十五年","1","1","2"
"长安慈恩寺","1","1","2"
"累中书舍人","2","0","2"
"宗时翰林学","2","0","2"
"时翰林学士","2","0","2"
"尉韩全诲等","1","1","2"
"迁御史大夫","1","1","2"
"太祖侧身避","1","1","2"
"贻矩中书侍","2","0","2"
"矩中书侍郎","2","0","2"
"恭灵庄闵皇","1","1","2"
"灵庄闵皇帝","1","1","2"
"尚书员外郎","1","1","2"
"李茂贞兵犯","1","1","2"
"茂贞兵犯京","1","1","2"
"崔远判户部","1","1","2"
"迁礼部尚书","2","0","2"
"集贤殿大学","1","1","2"
"贤殿大学士","1","1","2"
"欲空人国君","2","0","2"
"空人国君子","2","0","2"
"人国君子者","2","0","2"
"欲孤人主势","2","0","2"
"孤人主势蔽","2","0","2"
"人主势蔽耳","2","0","2"
"主势蔽耳目","2","0","2"
"势蔽耳目者","2","0","2"
"显德五十年","1","1","2"
"汾州太谷县","1","1","2"
"斩首三千级","2","0","2"
"梁太祖将攻","2","0","2"
"晋汾州刺史","1","1","2"
"汾州刺史李","1","1","2"
"州刺史李瑭","1","1","2"
"嗣昭复取汾","2","0","2"
"晋遣李存信","2","0","2"
"李存信率兵","1","1","2"
"存信率兵迎","1","1","2"
"梁遣李思安","2","0","2"
"周德威战死","1","1","2"
"继俦知潞州","1","1","2"
"俦知潞州事","1","1","2"
"节度副使李","1","1","2"
"度副使李继","1","1","2"
"副使李继珂","1","1","2"
"单三州刺史","1","1","2"
"嗣昭父子三","1","1","2"
"昭父子三人","1","1","2"
"迁义兒军使","2","0","2"
"破潞州夹城","1","1","2"
"云州防御使","1","1","2"
"左厢马军都","1","1","2"
"厢马军都指","1","1","2"
"天雄军马步","1","1","2"
"雄军马步都","1","1","2"
"军马步都指","1","1","2"
"马步都指挥","1","1","2"
"步都指挥使","1","1","2"
"北都知兵马","1","1","2"
"天祐十五年","1","1","2"
"代州飞狐人","1","1","2"
"河南张言袭","1","1","2"
"骑兵五千救","2","0","2"
"梁骁将邓季","1","1","2"
"骁将邓季筠","1","1","2"
"浚退保晋州","1","1","2"
"太祖攻破朔","1","1","2"
"祖攻破朔州","1","1","2"
"沁二州刺史","1","1","2"
"天雄军都部","1","1","2"
"雄军都部署","1","1","2"
"洋州节度使","1","1","2"
"潞王珂凤翔","2","0","2"
"东马步军使","1","1","2"
"军副兵马使","1","1","2"
"山北团练使","1","1","2"
"同光二年春","1","1","2"
"皇后刘氏素","1","1","2"
"郭崇韬谏曰","2","0","2"
"郭门高三人","1","1","2"
"友谦能辞焉","2","0","2"
"检校左散骑","1","1","2"
"校左散骑常","1","1","2"
"留守王正言","1","1","2"
"都巡检使孙","1","1","2"
"马直军士王","1","1","2"
"直军士王温","1","1","2"
"四月丁亥朔","2","0","2"
"内常侍张泰","1","1","2"
"河上十馀年","2","0","2"
"梁血战三十","1","1","2"
"血战三十年","1","1","2"
"然后退身田","1","1","2"
"仰天大哭曰","2","0","2"
"赠左武卫上","1","1","2"
"唐掖廷令张","1","1","2"
"范阳军监军","1","1","2"
"节度使刘仁","1","1","2"
"度使刘仁恭","1","1","2"
"郭崇韬专任","1","1","2"
"宣徽使马绍","1","1","2"
"徽使马绍宏","1","1","2"
"镇州王武俊","1","1","2"
"会王处存攻","2","0","2"
"王处存攻镕","2","0","2"
"追风都团练","1","1","2"
"风都团练使","1","1","2"
"都团练使段","1","1","2"
"团练使段亮","1","1","2"
"寇都团练使","1","1","2"
"都团练使马","1","1","2"
"团练使马珂","1","1","2"
"练使马珂等","1","1","2"
"晋将李嗣昭","1","1","2"
"魏博罗绍威","1","1","2"
"开平四年冬","1","1","2"
"供奉官杜廷","1","1","2"
"奉官杜廷隐","1","1","2"
"官杜廷隐监","1","1","2"
"道士王若讷","1","1","2"
"士王若讷留","1","1","2"
"大将张文礼","1","1","2"
"湖南人李震","1","1","2"
"成德军中军","1","1","2"
"德军中军使","1","1","2"
"兵五战五败","1","1","2"
"梁方东攻兗","2","0","2"
"故封长沙郡","1","1","2"
"封长沙郡王","1","1","2"
"绍威求救梁","2","0","2"
"梁太祖遣葛","2","0","2"
"魏兵攻沧州","2","0","2"
"魏州城中地","1","1","2"
"州城中地陷","1","1","2"
"客将马嗣勋","1","1","2"
"昭宗东迁洛","2","0","2"
"宗东迁洛阳","2","0","2"
"王刘守光囚","1","1","2"
"周翰监府事","2","0","2"
"化二年八月","1","1","2"
"徙宣义军节","2","0","2"
"廷规娶梁太","1","1","2"
"规娶梁太祖","1","1","2"
"唐神策军吏","1","1","2"
"制置内闲厩","1","1","2"
"置内闲厩宫","1","1","2"
"内闲厩宫苑","1","1","2"
"闲厩宫苑等","1","1","2"
"厩宫苑等使","1","1","2"
"加检校司空","1","1","2"
"后院中军都","1","1","2"
"院中军都知","1","1","2"
"中军都知兵","1","1","2"
"军都知兵马","1","1","2"
"幽州李匡俦","1","1","2"
"新州防御使","1","1","2"
"招契丹入塞","1","1","2"
"入塞牵晋兵","2","0","2"
"诱契丹阿保","1","1","2"
"阿保机举国","1","1","2"
"保机举国入","1","1","2"
"遣王晏球讨","2","0","2"
"王郁招契丹","1","1","2"
"契丹遣秃馁","2","0","2"
"指挥使郑季","1","1","2"
"挥使郑季璘","1","1","2"
"龙泉镇将杜","1","1","2"
"泉镇将杜弘","1","1","2"
"镇将杜弘寿","1","1","2"
"天成四年二","1","1","2"
"成四年二月","1","1","2"
"范延光反鄴","2","0","2"
"杨光远行营","1","1","2"
"光远行营中","1","1","2"
"远行营中军","1","1","2"
"行营中军使","1","1","2"
"谓晋高祖曰","2","0","2"
"瀛州景城县","1","1","2"
"州景城县令","1","1","2"
"匡威弟匡俦","2","0","2"
"威弟匡俦所","2","0","2"
"爱将盖寓尤","1","1","2"
"逐节度使卢","1","1","2"
"要长安本色","1","1","2"
"仁恭父子率","1","1","2"
"号称三十万","1","1","2"
"罗绍威求救","2","0","2"
"李思安救魏","1","1","2"
"道士炼丹药","1","1","2"
"梁开平元年","1","1","2"
"吐浑兵四万","1","1","2"
"浑兵四万人","1","1","2"
"守光将元行","2","0","2"
"光将元行钦","2","0","2"
"立守文子延","2","0","2"
"守文子延祚","2","0","2"
"振武周德威","1","1","2"
"昭义李嗣昭","1","1","2"
"义武王处直","1","1","2"
"成德王镕等","1","1","2"
"河北兵马都","1","1","2"
"北兵马都统","1","1","2"
"河北采访使","1","1","2"
"天下四分五","1","1","2"
"下四分五裂","1","1","2"
"梁乾化元年","2","0","2"
"化元年八月","1","1","2"
"原少尹李承","1","1","2"
"少尹李承勋","1","1","2"
"客将王遵化","1","1","2"
"守光登城呼","1","1","2"
"守光登城见","1","1","2"
"守光叩头请","1","1","2"
"王潮攻陷岭","1","1","2"
"潮攻陷岭南","1","1","2"
"五岭开通使","1","1","2"
"刘信攻破虔","1","1","2"
"信攻破虔州","1","1","2"
"杀刺史崔翥","1","1","2"
"等七人送梁","2","0","2"
"黄巢攻掠江","1","1","2"
"巢攻掠江淮","1","1","2"
"传养子延规","2","0","2"
"梁太祖初镇","2","0","2"
"义昌三节度","1","1","2"
"昌三节度行","1","1","2"
"三节度行军","1","1","2"
"雷彦恭袭取","1","1","2"
"匡凝遣弟匡","2","0","2"
"凝遣弟匡明","2","0","2"
"荆襄节度使","1","1","2"
"节度使王敬","1","1","2"
"度使王敬武","1","1","2"
"郓州节度使","1","1","2"
"州节度使薛","1","1","2"
"节度使薛崇","1","1","2"
"郓州马步军","1","1","2"
"数秦宗权所","2","0","2"
"诱宣武军卒","2","0","2"
"州节度使齐","1","1","2"
"节度使齐克","1","1","2"
"客将刘捍送","1","1","2"
"晋遣李承嗣","2","0","2"
"将康怀英等","2","0","2"
"沂州刺史尹","1","1","2"
"州刺史尹处","1","1","2"
"刺史尹处宾","1","1","2"
"东南诸道行","1","1","2"
"南诸道行营","1","1","2"
"诸道行营副","1","1","2"
"道行营副都","1","1","2"
"日吴除患矣","2","0","2"
"事非吾敢知","2","0","2"
"州徐知诰闻","2","0","2"
"徐知诰闻乱","2","0","2"
"平卢军牙将","1","1","2"
"唐广明元年","1","1","2"
"棣人洪霸郎","1","1","2"
"卢节度使安","1","1","2"
"敬武率兵击","1","1","2"
"武率兵击破","1","1","2"
"太子少师崔","1","1","2"
"子少师崔安","1","1","2"
"少师崔安潜","1","1","2"
"乞兵杨行密","2","0","2"
"秦宗权遣孙","2","0","2"
"宗权遣孙儒","2","0","2"
"潞州薛志勤","1","1","2"
"丁会守潞州","1","1","2"
"衍二州刺史","1","1","2"
"军卫上将军","1","1","2"
"州节度使高","1","1","2"
"节度使高浔","1","1","2"
"唐昭义军节","2","0","2"
"晋兵乘胜攻","1","1","2"
"晋将安金俊","1","1","2"
"子陕州节度","1","1","2"
"诸卫大将军","1","1","2"
"贺瑰北面行","2","0","2"
"瑰北面行营","2","0","2"
"末帝闻唐兵","2","0","2"
"迁宣武军节","1","1","2"
"忠武军马步","1","1","2"
"武军马步军","1","1","2"
"长安市人所","1","1","2"
"兵号二十万","2","0","2"
"太祖必成大","1","1","2"
"祖必成大事","1","1","2"
"人召杨师厚","1","1","2"
"占天下良田","1","1","2"
"天下良田大","1","1","2"
"下良田大宅","1","1","2"
"魏州牙兵骄","1","1","2"
"租庸判官邵","1","1","2"
"庸判官邵赞","1","1","2"
"州张文礼杀","1","1","2"
"袭均州刺史","2","0","2"
"继臻守金州","1","1","2"
"官郄文晏等","1","1","2"
"郄文晏等二","1","1","2"
"文晏等二十","1","1","2"
"行袭人严酷","2","0","2"
"封长乐郡王","1","1","2"
"梁骑兵伍长","1","1","2"
"阳翟镇遏使","1","1","2"
"太祖大喜曰","2","0","2"
"彦威等弑昭","2","0","2"
"威等弑昭宗","2","0","2"
"夫人裴正一","1","1","2"
"人裴正一开","1","1","2"
"裴正一开门","1","1","2"
"正一开门问","1","1","2"
"龙武牙官史","1","1","2"
"武牙官史太","1","1","2"
"牙官史太杀","1","1","2"
"唐潞州节度","1","1","2"
"京师见崔胤","1","1","2"
"司马氏杀魏","1","1","2"
"宗灭梁入汴","1","1","2"
"唐司空裴璩","1","1","2"
"司空裴璩判","1","1","2"
"空裴璩判度","1","1","2"
"裴璩判度支","1","1","2"
"郓等州供军","1","1","2"
"等州供军院","1","1","2"
"州供军院使","1","1","2"
"租庸招纳使","1","1","2"
"太祖兵四方","2","0","2"
"太祖西攻岐","1","1","2"
"左拾遗徐彦","1","1","2"
"拾遗徐彦枢","1","1","2"
"六军诸卫副","1","1","2"
"军诸卫副使","1","1","2"
"宰相柳璨相","1","1","2"
"循留守东都","1","1","2"
"神策军指挥","1","1","2"
"策军指挥使","1","1","2"
"静海军节度","1","1","2"
"扶倾济难忠","1","1","2"
"倾济难忠烈","1","1","2"
"济难忠烈功","1","1","2"
"难忠烈功臣","1","1","2"
"图形凌烟阁","2","0","2"
"宦者韩全诲","2","0","2"
"两街制置使","1","1","2"
"赐甲第一区","2","0","2"
"左威卫上将","1","1","2"
"威卫上将军","1","1","2"
"沿淮指挥使","1","1","2"
"武宁军留后","1","1","2"
"使蒋玄晖等","1","1","2"
"左开道指挥","1","1","2"
"宣徽使王殷","1","1","2"
"徽使王殷召","1","1","2"
"宣武都押衙","1","1","2"
"迁平卢军节","1","1","2"
"魏州杨师厚","1","1","2"
"张筠节度使","2","0","2"
"效节军将张","1","1","2"
"节军将张彦","1","1","2"
"供奉官扈异","1","1","2"
"奉官扈异驰","1","1","2"
"牙将曹廷隐","1","1","2"
"军张承业留","1","1","2"
"诸军都虞候","1","1","2"
"德伦魏博降","2","0","2"
"伦魏博降晋","2","0","2"
"捉生都指挥","1","1","2"
"生都指挥使","1","1","2"
"指挥使张温","1","1","2"
"段凝军河上","2","0","2"
"左右先锋指","1","1","2"
"右先锋指挥","1","1","2"
"延孝见梁末","1","1","2"
"孝见梁末帝","1","1","2"
"见梁末帝任","1","1","2"
"先锋排阵斩","1","1","2"
"锋排阵斩斫","1","1","2"
"排阵斩斫使","1","1","2"
"断绵江浮桥","1","1","2"
"招抚使李严","1","1","2"
"子令德遂州","2","0","2"
"三川制置等","1","1","2"
"川制置等使","1","1","2"
"孟知祥夹攻","1","1","2"
"梁朝脱身归","1","1","2"
"全义袭取河","1","1","2"
"义袭取河阳","1","1","2"
"丁会守河阳","1","1","2"
"唐昭宗赐名","1","1","2"
"会节园避暑","1","1","2"
"守河南三十","1","1","2"
"河南三十年","1","1","2"
"助陛下创业","1","1","2"
"忠武陕虢郑","1","1","2"
"武陕虢郑滑","1","1","2"
"陕虢郑滑河","1","1","2"
"虢郑滑河阳","1","1","2"
"郑滑河阳节","1","1","2"
"滑河阳节度","1","1","2"
"天下兵马副","1","1","2"
"下兵马副元","1","1","2"
"兵马副元帅","1","1","2"
"明年十一月","2","0","2"
"李德裕平泉","1","1","2"
"元行钦讨贼","1","1","2"
"梁兵西攻李","1","1","2"
"兵西攻李茂","1","1","2"
"西攻李茂贞","1","1","2"
"遂州节度使","1","1","2"
"史武等七人","1","1","2"
"万安大长公","1","1","2"
"安大长公主","1","1","2"
"宣武军内外","1","1","2"
"武军内外马","1","1","2"
"军内外马步","1","1","2"
"陈三州刺史","1","1","2"
"末帝留守东","1","1","2"
"帝留守东都","1","1","2"
"赐姓名李绍","2","0","2"
"财产数千万","1","1","2"
"曹五州刺史","1","1","2"
"安远军节度","1","1","2"
"远军节度使","1","1","2"
"赠太子少傅","1","1","2"
"梁太祖北征","1","1","2"
"相州刺史李","1","1","2"
"州刺史李思","1","1","2"
"刺史李思安","1","1","2"
"库钱数十万","1","1","2"
"汴州雍丘人","1","1","2"
"宣武军牙将","1","1","2"
"襄州都指挥","1","1","2"
"州都指挥使","1","1","2"
"节度使王班","1","1","2"
"晋州观察留","1","1","2"
"晋相拒河上","2","0","2"
"拱辰左厢都","1","1","2"
"辰左厢都指","1","1","2"
"左厢都指挥","1","1","2"
"龙武右厢都","1","1","2"
"武右厢都指","1","1","2"
"供奉官都知","1","1","2"
"棣二州刺史","1","1","2"
"庄宗攻晋州","1","1","2"
"温琪节度使","2","0","2"
"河中行营排","1","1","2"
"中行营排阵","1","1","2"
"蔡州防御使","1","1","2"
"晋高祖兵太","2","0","2"
"废帝将亲征","1","1","2"
"副使符彦琳","1","1","2"
"牙内指挥使","1","1","2"
"三白渠营田","1","1","2"
"白渠营田制","1","1","2"
"渠营田制置","1","1","2"
"营田制置使","1","1","2"
"断咸阳浮桥","1","1","2"
"筠代康怀英","1","1","2"
"偏将侯莫陈","1","1","2"
"将侯莫陈威","1","1","2"
"魏王继岌死","2","0","2"
"密二州刺史","1","1","2"
"太原节度副","1","1","2"
"原节度副使","1","1","2"
"耶律德光立","2","0","2"
"卒年七十四","2","0","2"
"邢州内丘人","1","1","2"
"内丘捕贼将","1","1","2"
"万胜黄头军","1","1","2"
"胜黄头军使","1","1","2"
"迁左骁卫大","1","1","2"
"范延光招讨","1","1","2"
"河北都转运","1","1","2"
"北都转运使","1","1","2"
"高祖命杨光","1","1","2"
"副招讨使张","1","1","2"
"山后八军巡","1","1","2"
"后八军巡检","1","1","2"
"八军巡检使","1","1","2"
"汾二州刺史","1","1","2"
"州节度使毛","1","1","2"
"节度使毛璋","1","1","2"
"泾州节度副","1","1","2"
"州节度副使","1","1","2"
"契丹攻陷平","1","1","2"
"丹攻陷平州","1","1","2"
"卢龙军行军","1","1","2"
"龙军行军司","1","1","2"
"平州节度使","1","1","2"
"希崇抚养士","1","1","2"
"五院军队长","1","1","2"
"迁黄甲指挥","1","1","2"
"黄甲指挥使","1","1","2"
"太原四面步","1","1","2"
"原四面步军","1","1","2"
"四面步军都","1","1","2"
"面步军都指","1","1","2"
"帐前黄甲二","1","1","2"
"前黄甲二十","1","1","2"
"黄甲二十指","1","1","2"
"甲二十指挥","1","1","2"
"二十指挥步","1","1","2"
"十指挥步军","1","1","2"
"指挥步军都","1","1","2"
"挥步军都虞","1","1","2"
"魏博三城巡","1","1","2"
"博三城巡检","1","1","2"
"三城巡检使","1","1","2"
"获判官赵凤","1","1","2"
"捉生指挥使","1","1","2"
"高祖发兵三","2","0","2"
"祖发兵三万","2","0","2"
"李承裕守安","1","1","2"
"承裕守安州","1","1","2"
"杜重威讨安","2","0","2"
"重威讨安重","2","0","2"
"威讨安重荣","2","0","2"
"降守将晋廷","1","1","2"
"守将晋廷谦","1","1","2"
"引兵分道北","1","1","2"
"重威招讨使","2","0","2"
"唐明宗征伐","1","1","2"
"遇马军右厢","2","0","2"
"马军右厢排","1","1","2"
"军右厢排阵","1","1","2"
"右厢排阵使","1","1","2"
"延寿分兵大","1","1","2"
"近臣饮酒过","1","1","2"
"臣饮酒过量","1","1","2"
"面行营都监","1","1","2"
"行营都监张","1","1","2"
"慕容彦超率","1","1","2"
"安审琦率兵","1","1","2"
"复何面目见","2","0","2"
"杜重威都招","2","0","2"
"重威都招讨","2","0","2"
"马军右厢都","1","1","2"
"军右厢都指","1","1","2"
"隶唐明宗麾","2","0","2"
"唐明宗麾下","2","0","2"
"刘李河追兵","1","1","2"
"高祖保义军","2","0","2"
"祖保义军节","2","0","2"
"牙队指挥使","1","1","2"
"护圣都虞候","1","1","2"
"延州节度使","1","1","2"
"节度使杨汉","1","1","2"
"度使杨汉章","1","1","2"
"使杨汉章发","1","1","2"
"杨汉章发乡","1","1","2"
"汉章发乡民","1","1","2"
"章发乡民赴","1","1","2"
"发乡民赴京","1","1","2"
"乡民赴京师","1","1","2"
"商州上津令","1","1","2"
"新州团练使","1","1","2"
"天福元年冬","1","1","2"
"行军司马冯","1","1","2"
"军司马冯知","1","1","2"
"司马冯知兆","1","1","2"
"副使杜重贵","1","1","2"
"宣润节度使","1","1","2"
"近代朝廷仪","1","1","2"
"代朝廷仪制","1","1","2"
"彰义军节度","1","1","2"
"左都押衙明","1","1","2"
"都押衙明汉","1","1","2"
"押衙明汉荣","1","1","2"
"吏贾仁沼代","1","1","2"
"客庞令图谏","1","1","2"
"天福五年夏","1","1","2"
"李守贞反河","2","0","2"
"守贞反河中","2","0","2"
"控鹤右第一","1","1","2"
"鹤右第一军","1","1","2"
"右第一军使","1","1","2"
"夹马都指挥","1","1","2"
"马都指挥使","1","1","2"
"北京步军都","1","1","2"
"京步军都指","1","1","2"
"右羽林都指","1","1","2"
"元张虔钊会","1","1","2"
"挥使尹晖攻","1","1","2"
"应州节度使","1","1","2"
"卫州刺史王","1","1","2"
"州刺史王弘","1","1","2"
"弓箭库使沙","1","1","2"
"箭库使沙守","1","1","2"
"库使沙守荣","1","1","2"
"凤翔行军司","1","1","2"
"翔行军司马","1","1","2"
"面转运使马","1","1","2"
"转运使马绍","1","1","2"
"运使马绍宏","1","1","2"
"杨光远讨范","2","0","2"
"光远讨范延","2","0","2"
"远讨范延光","2","0","2"
"讨范延光魏","2","0","2"
"范延光魏州","2","0","2"
"晋高祖分户","1","1","2"
"高祖分户部","1","1","2"
"审交三司使","2","0","2"
"陈州防御使","1","1","2"
"诏特赠太尉","1","1","2"
"泾州张彦泽","1","1","2"
"重威降契丹","2","0","2"
"思继兄弟皆","2","0","2"
"幽州节度使","1","1","2"
"节度使李匡","1","1","2"
"度使李匡威","1","1","2"
"刘仁恭守幽","1","1","2"
"仁恭守幽州","1","1","2"
"中军都指挥","1","1","2"
"后军都指挥","1","1","2"
"高氏兄弟分","1","1","2"
"朔忻岚三州","1","1","2"
"忻岚三州刺","1","1","2"
"岚三州刺史","1","1","2"
"副使范延策","1","1","2"
"襄州行营都","1","1","2"
"许王益入汴","2","0","2"
"天子问宰相","1","1","2"
"奉安指挥使","1","1","2"
"迎见耶律德","1","1","2"
"汉高祖入立","2","0","2"
"耀州团练使","1","1","2"
"青州防御使","1","1","2"
"唐庄宗入魏","1","1","2"
"兴二州刺史","1","1","2"
"度支钱六千","1","1","2"
"支钱六千万","1","1","2"
"党项拓拔彦","1","1","2"
"项拓拔彦超","1","1","2"
"李彦韬等事","2","0","2"
"时王令温镇","1","1","2"
"奉化军节度","1","1","2"
"北面行营应","1","1","2"
"面行营应援","1","1","2"
"行营应援使","1","1","2"
"左屯卫上将","1","1","2"
"屯卫上将军","1","1","2"
"契丹攻陷贝","1","1","2"
"丹攻陷贝州","1","1","2"
"邓州行军司","1","1","2"
"侍卫亲军指","1","1","2"
"卫亲军指挥","1","1","2"
"奉国军都指","1","1","2"
"国军都指挥","1","1","2"
"虎捷右厢都","1","1","2"
"显德元年秋","1","1","2"
"君子小人常","1","1","2"
"牢城指挥使","1","1","2"
"丝息十万两","1","1","2"
"方谏义武军","2","0","2"
"谏义武军节","2","0","2"
"偏将王重胤","1","1","2"
"高牟翰诈瀛","2","0","2"
"牟翰诈瀛州","2","0","2"
"翰诈瀛州降","2","0","2"
"重威北面行","2","0","2"
"偏将宋彦筠","1","1","2"
"晋高祖镇河","2","0","2"
"枢密使桑维","1","1","2"
"密使桑维翰","1","1","2"
"王景崇凤翔","2","0","2"
"景崇凤翔反","2","0","2"
"枢密使郭威","1","1","2"
"密使郭威率","1","1","2"
"节度使扈彦","1","1","2"
"度使扈彦珂","1","1","2"
"人骁悍残忍","1","1","2"
"掌书记张式","1","1","2"
"指挥使李兴","1","1","2"
"司马郑元昭","1","1","2"
"议大夫郑受","1","1","2"
"大夫郑受益","1","1","2"
"尚书刑部郎","1","1","2"
"书刑部郎中","1","1","2"
"刑部郎中李","1","1","2"
"部郎中李涛","1","1","2"
"丞王易简率","1","1","2"
"左龙武军大","1","1","2"
"龙武军大将","1","1","2"
"武军大将军","1","1","2"
"契丹战阳城","2","0","2"
"偏将药元福","1","1","2"
"将药元福独","1","1","2"
"十二月丙寅","1","1","2"
"内都点检康","1","1","2"
"都点检康福","1","1","2"
"点检康福全","1","1","2"
"鹤指挥使李","1","1","2"
"指挥使李筠","1","1","2"
"姑乌氏公主","1","1","2"
"乌氏公主私","1","1","2"
"岂两天子相","2","0","2"
"两天子相见","2","0","2"
"天子相见道","2","0","2"
"子相见道路","2","0","2"
"相见道路邪","2","0","2"
"楚国夫人丁","1","1","2"
"国夫人丁氏","1","1","2"
"耶律德光京","2","0","2"
"律德光京师","2","0","2"
"凤翔巡检使","1","1","2"
"永兴副使安","1","1","2"
"兴副使安友","1","1","2"
"副使安友规","1","1","2"
"教练使刘珪","1","1","2"
"镇国军留后","1","1","2"
"杀史弘肇等","2","0","2"
"翰林学士鲁","1","1","2"
"林学士鲁崇","1","1","2"
"学士鲁崇谅","1","1","2"
"军指挥使曹","1","1","2"
"客省使向训","1","1","2"
"省使向训讨","1","1","2"
"判官崔周度","1","1","2"
"官崔周度谏","1","1","2"
"镇阳杜令公","1","1","2"
"率军府将吏","1","1","2"
"西门三十里","1","1","2"
"旅舍主人见","1","1","2"
"刘守光参军","2","0","2"
"先帝时冯道","1","1","2"
"河东掌书记","1","1","2"
"东掌书记时","1","1","2"
"传国宝万岁","1","1","2"
"国宝万岁杯","1","1","2"
"太师奉朝请","1","1","2"
"见唐太宗平","1","1","2"
"唐太宗平定","1","1","2"
"太宗平定天","1","1","2"
"宗平定天下","1","1","2"
"太祖山陵使","1","1","2"
"末举进士第","2","0","2"
"考功员外郎","1","1","2"
"许州冯行袭","1","1","2"
"大校张彦珂","1","1","2"
"袁象先讨贼","1","1","2"
"皆文章知名","2","0","2"
"迁吏部尚书","2","0","2"
"所数见群臣","2","0","2"
"使安重诲专","1","1","2"
"托宰相任圜","1","1","2"
"宰相任圜先","1","1","2"
"尚书右仆射","1","1","2"
"明宗讨王都","2","0","2"
"败契丹凶党","1","1","2"
"破真定逆城","1","1","2"
"前乡贡进士","1","1","2"
"乡贡进士李","1","1","2"
"贡进士李琪","1","1","2"
"翰林学士奉","1","1","2"
"林学士奉旨","1","1","2"
"左右皆大笑","2","0","2"
"问枢密使孔","1","1","2"
"枢密使孔循","1","1","2"
"沧州节度使","1","1","2"
"州节度使卢","1","1","2"
"河南府参军","1","1","2"
"大臣李振等","1","1","2"
"邓州观察判","1","1","2"
"州观察判官","1","1","2"
"招讨使郭崇","1","1","2"
"讨使郭崇韬","1","1","2"
"招讨判官陈","1","1","2"
"兵部侍郎承","1","1","2"
"部侍郎承旨","1","1","2"
"借延宾馆居","1","1","2"
"处张榜招安","1","1","2"
"判官王正言","1","1","2"
"处直子都所","2","0","2"
"问三司使王","1","1","2"
"太常卿崔居","1","1","2"
"常卿崔居俭","1","1","2"
"居俭故事礼","2","0","2"
"俭故事礼仪","2","0","2"
"故事礼仪使","2","0","2"
"居俭秘书监","2","0","2"
"书舍人李详","1","1","2"
"唐太原节度","1","1","2"
"集贤殿学士","1","1","2"
"明宗问宰相","1","1","2"
"宗问宰相赵","1","1","2"
"问宰相赵凤","1","1","2"
"州县发递知","1","1","2"
"县发递知后","1","1","2"
"后废帝入立","2","0","2"
"容奏议天下","1","1","2"
"累迁太子太","2","0","2"
"河中观察支","1","1","2"
"中观察支使","1","1","2"
"将吏韩昭胤","1","1","2"
"吏韩昭胤等","1","1","2"
"宰相卢文纪","1","1","2"
"相卢文纪独","1","1","2"
"士司空图一","1","1","2"
"司空图一见","1","1","2"
"事梁翰林学","2","0","2"
"梁翰林学士","2","0","2"
"吏部三铨分","1","1","2"
"下诏书禁止","1","1","2"
"唐民部尚书","1","1","2"
"吏部文武官","1","1","2"
"宰相冯道世","1","1","2"
"常博士段颙","2","0","2"
"家人女子传","1","1","2"
"赠吏部尚书","1","1","2"
"权判太常卿","1","1","2"
"礼部尚书萧","1","1","2"
"部尚书萧顷","1","1","2"
"尚书萧顷等","1","1","2"
"宰相郑珏等","1","1","2"
"博士王丕议","1","1","2"
"右仆射李琪","1","1","2"
"仆射李琪等","1","1","2"
"妻父母婿外","1","1","2"
"父母婿外甥","1","1","2"
"司封郎中曹","1","1","2"
"封郎中曹琛","1","1","2"
"赠兵部尚书","1","1","2"
"晋天福四年","1","1","2"
"权知天福二","1","1","2"
"知天福二年","1","1","2"
"天福二年贡","1","1","2"
"福二年贡举","1","1","2"
"礼乐制度亡","1","1","2"
"乐制度亡失","1","1","2"
"刑部侍郎吕","1","1","2"
"部侍郎张允","1","1","2"
"侍郎张允等","1","1","2"
"加鼓吹十二","1","1","2"
"鼓吹十二按","1","1","2"
"老师良工教","1","1","2"
"改太子宾客","2","0","2"
"太常少卿陶","1","1","2"
"备法驾奉迎","1","1","2"
"秘书省校书","1","1","2"
"书省校书郎","1","1","2"
"尚书右丞承","1","1","2"
"书右丞承旨","1","1","2"
"迁刑部尚书","2","0","2"
"梁义成军节","1","1","2"
"襄州安进反","2","0","2"
"命骑将李建","1","1","2"
"骑将李建崇","1","1","2"
"梁将康延孝","1","1","2"
"桑维翰争权","1","1","2"
"少举进士中","2","0","2"
"入监察御史","2","0","2"
"迁礼部郎中","2","0","2"
"唐司勋郎中","1","1","2"
"行台礼部尚","1","1","2"
"台礼部尚书","1","1","2"
"论思匡佐功","1","1","2"
"思匡佐功臣","1","1","2"
"昭宣光烈孝","1","1","2"
"宣光烈孝皇","1","1","2"
"光烈孝皇帝","1","1","2"
"天成四年八","1","1","2"
"成四年八月","1","1","2"
"司使王玫请","1","1","2"
"海军节度判","1","1","2"
"节度使刘守","1","1","2"
"度使刘守文","1","1","2"
"代州军事推","1","1","2"
"州军事推官","1","1","2"
"河阳主藏吏","1","1","2"
"阳主藏吏盗","1","1","2"
"明宗时王都","1","1","2"
"王晏球所败","2","0","2"
"三司使张延","1","1","2"
"司使张延朗","1","1","2"
"问枢密直学","1","1","2"
"密直学士薛","1","1","2"
"直学士薛文","1","1","2"
"学士薛文遇","1","1","2"
"诵戎昱社稷","1","1","2"
"戎昱社稷依","1","1","2"
"昱社稷依明","1","1","2"
"社稷依明主","1","1","2"
"安危托妇人","1","1","2"
"家主办丧葬","1","1","2"
"迁御史中丞","2","0","2"
"改尚书右丞","2","0","2"
"判吏部铨事","1","1","2"
"司门员外郎","1","1","2"
"赵德钧父子","1","1","2"
"勇将郎万金","1","1","2"
"继岌郭崇韬","2","0","2"
"康义诚应选","1","1","2"
"侍卫都指挥","1","1","2"
"卫都指挥使","1","1","2"
"中李守贞反","1","1","2"
"称清海军掌","1","1","2"
"清海军掌书","1","1","2"
"海军掌书记","1","1","2"
"常山李弘规","1","1","2"
"赵州昭庆县","1","1","2"
"献祖宣皇帝","1","1","2"
"懿祖光皇帝","1","1","2"
"丹阳竟陵台","1","1","2"
"阳竟陵台令","1","1","2"
"河中节度副","1","1","2"
"中节度副使","1","1","2"
"副使马承翰","1","1","2"
"尚书崔居俭","1","1","2"
"太常卢文纪","1","1","2"
"赵州军事判","1","1","2"
"州军事判官","1","1","2"
"屯田员外郎","1","1","2"
"汉高祖实录","1","1","2"
"宰相王峻监","1","1","2"
"相王峻监修","1","1","2"
"王峻监修国","1","1","2"
"峻监修国史","1","1","2"
"平卢军行军","1","1","2"
"卢军行军司","1","1","2"
"晋高祖河东","1","1","2"
"赠太子少保","1","1","2"
"庄宗讨张文","2","0","2"
"宗讨张文礼","2","0","2"
"二镇掌书记","1","1","2"
"迁水部员外","2","0","2"
"二十四考中","1","1","2"
"十四考中书","1","1","2"
"四考中书令","1","1","2"
"陈朝廷阙失","1","1","2"
"赠太子太保","1","1","2"
"秦州节度判","1","1","2"
"思同留守西","1","1","2"
"同留守西京","1","1","2"
"都官郎中充","1","1","2"
"官郎中充翰","1","1","2"
"郎中充翰林","1","1","2"
"中充翰林学","1","1","2"
"司封左司郎","1","1","2"
"封左司郎中","1","1","2"
"晋高祖初定","1","1","2"
"高祖初定雅","1","1","2"
"祖初定雅乐","1","1","2"
"见江中沙石","1","1","2"
"河南寿安尉","1","1","2"
"散骑常侍陆","1","1","2"
"骑常侍陆崇","1","1","2"
"吴越王钱镠","2","0","2"
"赠户部尚书","1","1","2"
"吏部尚书卢","1","1","2"
"助晋击败唐","1","1","2"
"晋击败唐军","1","1","2"
"天正十一月","1","1","2"
"唐天宝十四","1","1","2"
"天宝十四载","1","1","2"
"宝十四载乙","1","1","2"
"十四载乙未","1","1","2"
"雨水正月中","1","1","2"
"水正月中气","1","1","2"
"司天监赵仁","1","1","2"
"天监赵仁锜","1","1","2"
"张文皓等考","1","1","2"
"明年庚子正","1","1","2"
"年庚子正月","1","1","2"
"中星考昼夜","1","1","2"
"述数术赞成","1","1","2"
"八营都知兵","1","1","2"
"营都知兵马","1","1","2"
"刺史郎幼复","1","1","2"
"史郎幼复弃","1","1","2"
"郎幼复弃城","1","1","2"
"召宣州秦彦","1","1","2"
"新五代史·","2","0","2"
"州秦宗权遣","2","0","2"
"召池州刺史","1","1","2"
"池州刺史赵","1","1","2"
"行密收儒余","2","0","2"
"密收儒余兵","2","0","2"
"安仁义守润","1","1","2"
"仁义守润州","1","1","2"
"升州刺史冯","1","1","2"
"州刺史冯弘","1","1","2"
"江淮宣谕使","1","1","2"
"淮宣谕使李","1","1","2"
"东面诸道行","1","1","2"
"面诸道行营","1","1","2"
"鄂岳招讨使","1","1","2"
"岳招讨使攻","1","1","2"
"常州刺史李","1","1","2"
"州刺史李遇","1","1","2"
"衙指挥使徐","1","1","2"
"指挥使徐温","1","1","2"
"挥使徐温私","1","1","2"
"判官周隐作","1","1","2"
"官周隐作符","1","1","2"
"周隐作符召","1","1","2"
"荐大将刘威","1","1","2"
"秦裴率兵攻","1","1","2"
"楚王马殷素","1","1","2"
"左衙都指挥","1","1","2"
"衙都指挥使","1","1","2"
"指挥使张颢","1","1","2"
"烈宗景皇帝","1","1","2"
"隆演字鸿源","1","1","2"
"杨氏创业艰","1","1","2"
"氏创业艰难","1","1","2"
"行军副使李","1","1","2"
"军副使李承","1","1","2"
"副使李承嗣","1","1","2"
"治舟师金陵","2","0","2"
"大事温遥决","2","0","2"
"唐宣谕使李","1","1","2"
"人高贵卿侍","1","1","2"
"高贵卿侍酒","1","1","2"
"天祐十六年","1","1","2"
"知诰守润州","1","1","2"
"高祖宣皇帝","1","1","2"
"司农卿卢苹","1","1","2"
"谏议大夫薛","1","1","2"
"议大夫薛昭","1","1","2"
"大夫薛昭文","1","1","2"
"丞相徐温率","1","1","2"
"溥未许温病","2","0","2"
"未许温病卒","2","0","2"
"辅国大将军","1","1","2"
"将吏三十四","1","1","2"
"吏三十四人","1","1","2"
"金陵尹徐知","1","1","2"
"陵尹徐知询","1","1","2"
"斩客将周廷","2","0","2"
"睿圣文明孝","1","1","2"
"圣文明孝皇","1","1","2"
"文明孝皇帝","1","1","2"
"子景通司徒","2","0","2"
"右仆射宋齐","1","1","2"
"仆射宋齐丘","1","1","2"
"六年闰正月","1","1","2"
"海军节度副","1","1","2"
"睿圣文明光","1","1","2"
"圣文明光孝","1","1","2"
"文明光孝应","1","1","2"
"明光孝应天","1","1","2"
"光孝应天弘","1","1","2"
"孝应天弘道","1","1","2"
"应天弘道广","1","1","2"
"天弘道广德","1","1","2"
"弘道广德皇","1","1","2"
"道广德皇帝","1","1","2"
"周先锋都部","1","1","2"
"先锋都部署","1","1","2"
"锋都部署刘","1","1","2"
"都部署刘重","1","1","2"
"部署刘重进","1","1","2"
"三十六英雄","1","1","2"
"功迁右衙指","1","1","2"
"迁右衙指挥","1","1","2"
"招讨使李涛","1","1","2"
"讨使李涛攻","1","1","2"
"知训硃瑾所","2","0","2"
"训硃瑾所杀","2","0","2"
"封东海郡王","2","0","2"
"行酒吏刁彦","1","1","2"
"酒吏刁彦能","1","1","2"
"抚州节度使","1","1","2"
"温行军司马","2","0","2"
"行军司马徐","1","1","2"
"知询入广陵","1","1","2"
"右仆射同平","2","0","2"
"仆射同平章","2","0","2"
"射同平章事","2","0","2"
"广陵见宋齐","1","1","2"
"陵见宋齐丘","1","1","2"
"奔庐州节度","1","1","2"
"庐州节度使","1","1","2"
"州节度使周","1","1","2"
"节度使周本","1","1","2"
"太尉杨璘传","1","1","2"
"尉杨璘传位","1","1","2"
"高尚思玄弘","1","1","2"
"尚思玄弘古","1","1","2"
"追尊四代祖","1","1","2"
"康化军节度","1","1","2"
"祀昊天上帝","1","1","2"
"宗族七百口","1","1","2"
"晋安州节度","1","1","2"
"安州节度使","1","1","2"
"鄂州屯营使","1","1","2"
"州屯营使李","1","1","2"
"屯营使李承","1","1","2"
"营使李承裕","1","1","2"
"使李承裕迎","1","1","2"
"晋将马全节","1","1","2"
"光文肃武孝","1","1","2"
"文肃武孝高","1","1","2"
"肃武孝高皇","1","1","2"
"武孝高皇帝","1","1","2"
"中天八国王","1","1","2"
"洪州营屯虞","1","1","2"
"州营屯虞候","1","1","2"
"营屯虞候严","1","1","2"
"屯虞候严思","1","1","2"
"通事舍人边","1","1","2"
"事舍人边镐","1","1","2"
"舍人边镐率","1","1","2"
"人边镐率兵","1","1","2"
"边镐率兵攻","1","1","2"
"事中萧俨上","1","1","2"
"中萧俨上疏","1","1","2"
"侍卫军都虞","1","1","2"
"卫军都虞候","1","1","2"
"军都虞候贾","1","1","2"
"都虞候贾崇","1","1","2"
"先朝三十年","1","1","2"
"闽人连重遇","1","1","2"
"延政立建州","2","0","2"
"延政遣子继","2","0","2"
"政遣子继昌","2","0","2"
"遣子继昌守","2","0","2"
"子继昌守福","2","0","2"
"延政族金陵","2","0","2"
"饶州节度使","1","1","2"
"福州节度使","1","1","2"
"清源军节度","1","1","2"
"源军节度使","1","1","2"
"时魏岑安抚","1","1","2"
"魏岑安抚漳","1","1","2"
"韩熙载上书","1","1","2"
"御史中丞江","1","1","2"
"史中丞江文","1","1","2"
"中丞江文蔚","1","1","2"
"谏议大夫魏","1","1","2"
"议大夫魏岑","1","1","2"
"江州司士参","1","1","2"
"州司士参军","1","1","2"
"兵部尚书贾","1","1","2"
"部尚书贾潭","1","1","2"
"面行营招抚","1","1","2"
"请建州节度","1","1","2"
"州节度使查","1","1","2"
"节度使查文","1","1","2"
"度使查文徽","1","1","2"
"剑州刺史陈","1","1","2"
"州刺史陈诲","1","1","2"
"闽人多诈难","1","1","2"
"楚王马希广","1","1","2"
"囚希萼衡山","2","0","2"
"信州刺史边","1","1","2"
"州刺史边镐","1","1","2"
"刺史边镐攻","1","1","2"
"尽迁马氏族","2","0","2"
"迁马氏族金","2","0","2"
"马氏族金陵","2","0","2"
"希崇舒州节","2","0","2"
"崇舒州节度","2","0","2"
"广州刘晟乘","1","1","2"
"州刘晟乘楚","1","1","2"
"十三年十一","1","1","2"
"断正阳浮桥","1","1","2"
"都副留守冯","1","1","2"
"副留守冯延","1","1","2"
"留守冯延鲁","1","1","2"
"州刺史张绍","1","1","2"
"舒州刺史周","1","1","2"
"州刺史周祚","1","1","2"
"泰州刺史方","1","1","2"
"州刺史方讷","1","1","2"
"刺史王承隽","1","1","2"
"文理院学士","1","1","2"
"理院学士李","1","1","2"
"院学士李德","1","1","2"
"学士李德明","1","1","2"
"士李德明奉","1","1","2"
"李德明奉表","1","1","2"
"蜡丸书走契","2","0","2"
"丸书走契丹","2","0","2"
"书走契丹求","2","0","2"
"州刺史张承","1","1","2"
"刺史张承翰","1","1","2"
"十四年三月","1","1","2"
"礼部尚书王","1","1","2"
"部尚书王崇","1","1","2"
"尚书王崇质","1","1","2"
"许文缜率兵","1","1","2"
"世宗复南征","2","0","2"
"大将杨守忠","1","1","2"
"刺史郭廷谓","1","1","2"
"交泰元年正","1","1","2"
"泰元年正月","1","1","2"
"楚州北神堰","1","1","2"
"开老鹳河通","1","1","2"
"礼部尚书常","1","1","2"
"部尚书常梦","1","1","2"
"尚书常梦锡","1","1","2"
"枢密使唐镐","1","1","2"
"密使唐镐赞","1","1","2"
"太祖皇帝许","2","0","2"
"明道崇德文","1","1","2"
"道崇德文宣","1","1","2"
"崇德文宣孝","1","1","2"
"德文宣孝皇","1","1","2"
"文宣孝皇帝","1","1","2"
"中书侍郎冯","1","1","2"
"书侍郎冯延","1","1","2"
"侍郎冯延鲁","1","1","2"
"立副使张汉","1","1","2"
"副使张汉思","1","1","2"
"州人陈洪进","1","1","2"
"赠开府仪同","1","1","2"
"开府仪同三","1","1","2"
"府仪同三司","1","1","2"
"内史舍人潘","1","1","2"
"史舍人潘佑","1","1","2"
"舍人潘佑上","1","1","2"
"人潘佑上书","1","1","2"
"潘佑上书极","1","1","2"
"太祖皇帝遣","2","0","2"
"八年十二月","1","1","2"
"属杨复光讨","1","1","2"
"节度使牛丛","1","1","2"
"属十军观军","1","1","2"
"十军观军容","1","1","2"
"军观军容使","1","1","2"
"观军容使田","1","1","2"
"军容使田令","1","1","2"
"容使田令孜","1","1","2"
"神策军宿卫","1","1","2"
"重荣召晋兵","1","1","2"
"川节度使陈","1","1","2"
"节度使陈敬","1","1","2"
"利州刺史王","1","1","2"
"州刺史王珙","1","1","2"
"刺史王珙弃","1","1","2"
"史王珙弃城","1","1","2"
"成都见陈公","1","1","2"
"眉州刺史山","1","1","2"
"州刺史山行","1","1","2"
"刺史山行章","1","1","2"
"横尸四十里","1","1","2"
"遣左谏议大","2","0","2"
"文德元年六","1","1","2"
"德元年六月","1","1","2"
"宰相韦昭度","1","1","2"
"招讨牙内都","1","1","2"
"讨牙内都指","1","1","2"
"田令孜登城","1","1","2"
"令孜登城呼","1","1","2"
"节度观察牌","1","1","2"
"度观察牌印","1","1","2"
"彦晖东川旌","1","1","2"
"晖东川旌节","1","1","2"
"绵州刺史常","1","1","2"
"州刺史常厚","1","1","2"
"节度使王肇","1","1","2"
"判官韦庄宣","1","1","2"
"官韦庄宣谕","1","1","2"
"韦庄宣谕两","1","1","2"
"庄宣谕两川","1","1","2"
"彦晖召集将","1","1","2"
"晖召集将吏","1","1","2"
"度使李继业","1","1","2"
"武定节度使","1","1","2"
"定节度使拓","1","1","2"
"节度使拓拔","1","1","2"
"度使拓拔思","1","1","2"
"使拓拔思敬","1","1","2"
"唐迁都洛阳","1","1","2"
"秋九月己亥","1","1","2"
"判中书门下","1","1","2"
"中书门下事","1","1","2"
"武成元年正","1","1","2"
"成元年正月","1","1","2"
"宗佶创业功","1","1","2"
"英武睿圣皇","1","1","2"
"武睿圣皇帝","1","1","2"
"三面招讨使","1","1","2"
"号曰英武睿","2","0","2"
"曰英武睿圣","2","0","2"
"英武睿圣光","1","1","2"
"武睿圣光孝","1","1","2"
"睿圣光孝皇","1","1","2"
"圣光孝皇帝","1","1","2"
"尚食使欧阳","1","1","2"
"食使欧阳柔","1","1","2"
"天武神机营","1","1","2"
"道士广成先","1","1","2"
"士广成先生","1","1","2"
"广成先生杜","1","1","2"
"成先生杜光","1","1","2"
"先生杜光庭","1","1","2"
"枢密使潘峭","1","1","2"
"翰林学士毛","1","1","2"
"林学士毛文","1","1","2"
"学士毛文锡","1","1","2"
"喻全殊率天","1","1","2"
"全殊率天武","1","1","2"
"殊率天武兵","1","1","2"
"召大将徐瑶","1","1","2"
"立幼子郑王","1","1","2"
"南高季昌侵","1","1","2"
"叛将刘知俊","1","1","2"
"率兵十二万","1","1","2"
"清资五品正","1","1","2"
"资五品正员","1","1","2"
"五品正员官","1","1","2"
"内枢密使毛","1","1","2"
"枢密使毛文","1","1","2"
"密使毛文锡","1","1","2"
"文思殿大学","1","1","2"
"思殿大学士","1","1","2"
"改明年元曰","2","0","2"
"光天元年六","1","1","2"
"天元年六月","1","1","2"
"宦者唐文扆","2","0","2"
"老将大臣多","1","1","2"
"宰相张格赞","1","1","2"
"相张格赞成","1","1","2"
"神武圣文孝","1","1","2"
"武圣文孝德","1","1","2"
"圣文孝德明","1","1","2"
"文孝德明惠","1","1","2"
"孝德明惠皇","1","1","2"
"德明惠皇帝","1","1","2"
"太妃游青城","1","1","2"
"妃游青城山","1","1","2"
"圣德明孝皇","1","1","2"
"德明孝皇帝","1","1","2"
"道玉宸皇帝","1","1","2"
"正殿塑玄元","1","1","2"
"殿塑玄元皇","1","1","2"
"塑玄元皇帝","1","1","2"
"承休妻严氏","2","0","2"
"归献策伐蜀","2","0","2"
"彭州阳平化","1","1","2"
"汉州三学山","1","1","2"
"成都尹韩昭","1","1","2"
"同光四年四","1","1","2"
"光四年四月","1","1","2"
"镇江军节度","1","1","2"
"保义军行军","1","1","2"
"义军行军司","1","1","2"
"长安南三赵","1","1","2"
"安南三赵村","1","1","2"
"公穷山竭泽","1","1","2"
"穷山竭泽尽","1","1","2"
"荐郭崇韬代","1","1","2"
"知祥迁马步","1","1","2"
"祥迁马步军","1","1","2"
"多内府珍奇","1","1","2"
"四年正月戊","1","1","2"
"年正月戊辰","1","1","2"
"锋康延孝反","1","1","2"
"大将李仁罕","1","1","2"
"将李仁罕会","1","1","2"
"飞棹等军七","1","1","2"
"棹等军七万","1","1","2"
"太仆卿赵季","1","1","2"
"仆卿赵季良","1","1","2"
"三川制置使","1","1","2"
"疑知祥异志","2","0","2"
"客省使李严","1","1","2"
"天成二年正","1","1","2"
"成二年正月","1","1","2"
"客将王彦铢","1","1","2"
"翔节度使李","1","1","2"
"客省使李仁","1","1","2"
"省使李仁矩","1","1","2"
"重威率兵三","1","1","2"
"威率兵三千","1","1","2"
"南高季兴死","1","1","2"
"长兴元年二","1","1","2"
"兴元年二月","1","1","2"
"明宗改封琼","1","1","2"
"宗改封琼华","1","1","2"
"改封琼华公","1","1","2"
"封琼华公主","1","1","2"
"福庆长公主","1","1","2"
"秘书监刘岳","1","1","2"
"兵三万人会","1","1","2"
"守兵三千人","1","1","2"
"副将袁彦超","1","1","2"
"将袁彦超代","1","1","2"
"仁罕武信军","2","0","2"
"罕武信军留","2","0","2"
"利州李彦珂","1","1","2"
"李仁罕进攻","1","1","2"
"仁罕进攻夔","1","1","2"
"罕进攻夔州","1","1","2"
"刺史安崇阮","1","1","2"
"史安崇阮弃","1","1","2"
"安崇阮弃城","1","1","2"
"西川进奏官","1","1","2"
"川进奏官苏","1","1","2"
"进奏官苏愿","1","1","2"
"进奉军将杜","1","1","2"
"奉军将杜绍","1","1","2"
"军将杜绍本","1","1","2"
"将杜绍本西","1","1","2"
"杜绍本西归","1","1","2"
"观察判官李","1","1","2"
"察判官李昊","1","1","2"
"知祥遣赵廷","2","0","2"
"祥遣赵廷隐","2","0","2"
"赵廷隐率兵","1","1","2"
"唐枢密使范","1","1","2"
"知祥诏书招","1","1","2"
"武泰军留后","1","1","2"
"赵季良等五","2","0","2"
"门使刘政恩","1","1","2"
"工部尚书卢","1","1","2"
"书卢文纪册","1","1","2"
"卢文纪册封","1","1","2"
"季良等五人","1","1","2"
"道节度使张","1","1","2"
"节度使张虔","1","1","2"
"度使张虔钊","1","1","2"
"武定军节度","1","1","2"
"定军节度使","1","1","2"
"军节度使孙","1","1","2"
"节度使孙汉","1","1","2"
"度使孙汉韶","1","1","2"
"文武圣德英","1","1","2"
"武圣德英烈","1","1","2"
"圣德英烈明","1","1","2"
"德英烈明孝","1","1","2"
"英烈明孝皇","1","1","2"
"烈明孝皇帝","1","1","2"
"两川节度使","1","1","2"
"明德三年三","1","1","2"
"德三年三月","1","1","2"
"司天少监胡","1","1","2"
"雍州刺史郭","1","1","2"
"州刺史郭权","1","1","2"
"枢密副使韩","1","1","2"
"密副使韩保","1","1","2"
"副使韩保贞","1","1","2"
"匡圣指挥使","1","1","2"
"圣指挥使安","1","1","2"
"指挥使安思","1","1","2"
"挥使安思谦","1","1","2"
"军节度使何","1","1","2"
"节度使何建","1","1","2"
"汉将赵思绾","1","1","2"
"翰林使王藻","1","1","2"
"置吏部三铨","1","1","2"
"周世宗伐蜀","1","1","2"
"秦州监军使","1","1","2"
"取淮南十四","1","1","2"
"扬州大都督","1","1","2"
"青州大都督","1","1","2"
"大程官孙遇","1","1","2"
"枢密使王处","1","1","2"
"密使王处回","1","1","2"
"知枢密使事","1","1","2"
"剑门南清强","1","1","2"
"门南清强店","1","1","2"
"将史延德分","1","1","2"
"史延德分兵","1","1","2"
"守将高彦俦","1","1","2"
"将高彦俦战","1","1","2"
"高彦俦战败","1","1","2"
"判官罗济劝","1","1","2"
"黄巢攻破广","1","1","2"
"巢攻破广州","1","1","2"
"谦封州刺史","2","0","2"
"贺江镇遏使","1","1","2"
"封州兵攻杀","1","1","2"
"隐行军司马","2","0","2"
"唐太学博士","1","1","2"
"清海节度使","1","1","2"
"桂州刘士政","1","1","2"
"邕州叶广略","1","1","2"
"容州庞巨昭","1","1","2"
"高州刺史刘","1","1","2"
"州刺史刘昌","1","1","2"
"刺史刘昌鲁","1","1","2"
"新州刺史刘","1","1","2"
"州刺史刘潜","1","1","2"
"称大汉国主","1","1","2"
"大汉国主致","1","1","2"
"云南骠信郑","1","1","2"
"鬃白马求婚","1","1","2"
"赐金锦袍虎","1","1","2"
"金锦袍虎绫","1","1","2"
"锦袍虎绫纹","1","1","2"
"袍虎绫纹攀","1","1","2"
"虎绫纹攀金","1","1","2"
"绫纹攀金装","1","1","2"
"纹攀金装刀","1","1","2"
"封归仁庆侯","1","1","2"
"食邑一千户","1","1","2"
"持节郑昭淳","1","1","2"
"神弩军三千","1","1","2"
"爱州杨廷艺","1","1","2"
"交州刺史李","1","1","2"
"州刺史李进","1","1","2"
"承旨程宝攻","1","1","2"
"将军孙德晟","1","1","2"
"军孙德晟攻","1","1","2"
"交州牙将皎","1","1","2"
"州牙将皎公","1","1","2"
"牙将皎公羡","1","1","2"
"将皎公羡杀","1","1","2"
"召右仆射王","1","1","2"
"崇文使萧益","1","1","2"
"海间盗贼竞","1","1","2"
"大圣文武大","1","1","2"
"圣文武大明","1","1","2"
"道大光孝皇","1","1","2"
"大光孝皇帝","1","1","2"
"洪泽居邕州","1","1","2"
"刘思潮等五","1","1","2"
"思潮等五人","1","1","2"
"巨象指挥使","1","1","2"
"内侍潘崇彻","1","1","2"
"侍潘崇彻攻","1","1","2"
"巨舰指挥使","1","1","2"
"舰指挥使暨","1","1","2"
"指挥使暨彦","1","1","2"
"湖南王进逵","1","1","2"
"兵五万率溪","1","1","2"
"五万率溪洞","1","1","2"
"万率溪洞蛮","1","1","2"
"文武光圣明","1","1","2"
"武光圣明孝","1","1","2"
"光圣明孝皇","1","1","2"
"圣明孝皇帝","1","1","2"
"女巫樊胡子","1","1","2"
"许彦真望见","1","1","2"
"礼部尚书薛","1","1","2"
"恶龚澄枢等","1","1","2"
"刺史陆光图","1","1","2"
"众退保韶州","1","1","2"
"开宝四年正","1","1","2"
"宝四年正月","1","1","2"
"保兴率文武","1","1","2"
"潭州刺史邓","1","1","2"
"州刺史邓处","1","1","2"
"刺史邓处讷","1","1","2"
"军司马张佶","1","1","2"
"桂管刘士政","1","1","2"
"兵二千余人","2","0","2"
"桂管观察使","1","1","2"
"殷遣秦彦晖","2","0","2"
"陈知新战死","1","1","2"
"袁州刺史吕","1","1","2"
"州刺史吕师","1","1","2"
"刺史吕师周","1","1","2"
"朗州雷彦恭","1","1","2"
"州雷彦恭召","1","1","2"
"州昌师益等","1","1","2"
"廖光图等十","1","1","2"
"光图等十八","1","1","2"
"图等十八人","1","1","2"
"书右丞李序","1","1","2"
"右丞李序持","1","1","2"
"静江军节度","1","1","2"
"武顺军节度","1","1","2"
"顺军节度使","1","1","2"
"希声字若讷","1","1","2"
"静江等军节","1","1","2"
"江等军节度","1","1","2"
"礼部侍郎潘","1","1","2"
"文士廖光图","1","1","2"
"拓拔常等十","1","1","2"
"拔常等十八","1","1","2"
"常等十八人","1","1","2"
"溪州刺史彭","1","1","2"
"州刺史彭士","1","1","2"
"刺史彭士愁","1","1","2"
"史彭士愁率","1","1","2"
"南宁州酋长","1","1","2"
"宁州酋长莫","1","1","2"
"州酋长莫彦","1","1","2"
"酋长莫彦殊","1","1","2"
"长莫彦殊率","1","1","2"
"都云酋长尹","1","1","2"
"云酋长尹怀","1","1","2"
"酋长尹怀昌","1","1","2"
"长尹怀昌率","1","1","2"
"昆明等十二","1","1","2"
"明等十二部","1","1","2"
"柯张万浚率","1","1","2"
"牙将丁思觐","1","1","2"
"养兵十万人","1","1","2"
"希广字德丕","1","1","2"
"朗州节度使","1","1","2"
"君王兄弟相","1","1","2"
"封希萼楚王","2","0","2"
"景遣边镐入","2","0","2"
"遣边镐入楚","2","0","2"
"兄弟十七人","1","1","2"
"留后马光惠","1","1","2"
"进逵行军司","2","0","2"
"逵行军司马","2","0","2"
"行军司马何","1","1","2"
"军司马何景","1","1","2"
"司马何景真","1","1","2"
"马何景真等","1","1","2"
"武平军节度","1","1","2"
"岳州刺史潘","1","1","2"
"州刺史潘叔","1","1","2"
"刺史潘叔嗣","1","1","2"
"进逵入鄂州","1","1","2"
"潭州军府事","1","1","2"
"客将李简率","1","1","2"
"将李简率武","1","1","2"
"李简率武陵","1","1","2"
"简率武陵人","1","1","2"
"夫人严氏谏","1","1","2"
"衡州刺史张","1","1","2"
"州刺史张文","1","1","2"
"刺史张文表","1","1","2"
"慕容延钊讨","1","1","2"
"将王郢作乱","1","1","2"
"石鉴镇将董","1","1","2"
"鉴镇将董昌","1","1","2"
"募乡兵讨贼","1","1","2"
"州观察使刘","1","1","2"
"观察使刘汉","1","1","2"
"察使刘汉宏","1","1","2"
"都虞候辛约","1","1","2"
"率八都兵渡","1","1","2"
"八都兵渡江","1","1","2"
"六合镇将徐","1","1","2"
"合镇将徐约","1","1","2"
"镇将徐约攻","1","1","2"
"将徐约攻取","1","1","2"
"徐约攻取苏","1","1","2"
"约攻取苏州","1","1","2"
"润州牙将刘","1","1","2"
"州牙将刘浩","1","1","2"
"度支催勘官","1","1","2"
"支催勘官薛","1","1","2"
"催勘官薛朗","1","1","2"
"杭州防御使","1","1","2"
"妖人应智王","1","1","2"
"人应智王温","1","1","2"
"牙将倪德儒","1","1","2"
"昭宗下诏削","1","1","2"
"宰相王溥镇","1","1","2"
"广义乡勋贵","1","1","2"
"义乡勋贵里","1","1","2"
"婺州刺史王","1","1","2"
"州刺史王坛","1","1","2"
"镠游衣锦城","1","1","2"
"武勇右都指","1","1","2"
"勇右都指挥","1","1","2"
"右都指挥使","1","1","2"
"都指挥使徐","1","1","2"
"指挥使徐绾","1","1","2"
"左都指挥使","1","1","2"
"都指挥使许","1","1","2"
"球御马十匹","1","1","2"
"御马十匹赐","1","1","2"
"江西危全讽","1","1","2"
"西危全讽等","1","1","2"
"末帝贞明三","1","1","2"
"帝贞明三年","1","1","2"
"下兵马都元","1","1","2"
"兵马都元帅","1","1","2"
"镇海等军节","1","1","2"
"海等军节度","1","1","2"
"黜大将章德","1","1","2"
"大将章德安","1","1","2"
"杀内都监杜","1","1","2"
"内都监杜昭","1","1","2"
"都监杜昭达","1","1","2"
"延政兄弟相","1","1","2"
"统军使张筠","1","1","2"
"钟馗击鬼图","1","1","2"
"谏议大夫尹","1","1","2"
"议大夫尹日","1","1","2"
"大夫尹日就","1","1","2"
"吏部郎中崔","1","1","2"
"部郎中崔颂","1","1","2"
"郎中崔颂等","1","1","2"
"世宗平淮南","2","0","2"
"太祖皇帝时","1","1","2"
"时四海分裂","1","1","2"
"寿州人王绪","1","1","2"
"州人王绪攻","1","1","2"
"人王绪攻陷","1","1","2"
"王绪攻陷固","1","1","2"
"绪攻陷固始","1","1","2"
"泉州刺史廖","1","1","2"
"州刺史廖彦","1","1","2"
"刺史廖彦若","1","1","2"
"延翰建国称","1","1","2"
"翰建国称王","1","1","2"
"养子建州刺","1","1","2"
"子建州刺史","1","1","2"
"道士陈守元","1","1","2"
"六十年天子","1","1","2"
"六十年后将","1","1","2"
"守元传宝皇","1","1","2"
"昭武孝皇帝","1","1","2"
"百工院使李","1","1","2"
"皇城使李仿","1","1","2"
"散骑常侍卢","1","1","2"
"骑常侍卢损","1","1","2"
"常侍卢损册","1","1","2"
"中书舍人刘","1","1","2"
"书舍人刘乙","1","1","2"
"兵部员外郎","1","1","2"
"部员外郎李","1","1","2"
"员外郎李知","1","1","2"
"外郎李知损","1","1","2"
"郎李知损上","1","1","2"
"李知损上书","1","1","2"
"知损上书请","1","1","2"
"道士谭紫霄","1","1","2"
"三清台三层","1","1","2"
"继严判六军","1","1","2"
"严判六军诸","1","1","2"
"控鹤都将连","1","1","2"
"鹤都将连重","1","1","2"
"都将连重遇","1","1","2"
"内学士陈郯","1","1","2"
"继业率兵袭","1","1","2"
"泉州刺史余","1","1","2"
"州刺史余廷","1","1","2"
"刺史余廷英","1","1","2"
"御史中丞刘","1","1","2"
"史中丞刘赞","1","1","2"
"议大夫郑元","1","1","2"
"大夫郑元弼","1","1","2"
"谏议大夫黄","1","1","2"
"议大夫黄峻","1","1","2"
"漳州司户参","1","1","2"
"校书郎陈光","1","1","2"
"书郎陈光逸","1","1","2"
"郎陈光逸上","1","1","2"
"陈光逸上书","1","1","2"
"国计使陈匡","1","1","2"
"计使陈匡范","1","1","2"
"祖武皇帝亲","1","1","2"
"重遇判六军","1","1","2"
"遇判六军诸","1","1","2"
"黄绍颇守泉","1","1","2"
"绍颇守泉州","1","1","2"
"许文缜守汀","1","1","2"
"文缜守汀州","1","1","2"
"泉州军将留","1","1","2"
"威武军节度","1","1","2"
"人召李仁达","1","1","2"
"召李仁达入","1","1","2"
"李仁达入朝","1","1","2"
"牙将蔡仲兴","1","1","2"
"避后唐献祖","1","1","2"
"汴州富人李","1","1","2"
"毅勇指挥使","1","1","2"
"南节度观察","1","1","2"
"节度观察留","1","1","2"
"度观察留后","1","1","2"
"季兴见梁日","1","1","2"
"蜀将王宗寿","1","1","2"
"四方诸侯相","1","1","2"
"方诸侯相继","1","1","2"
"遣子弟将吏","1","1","2"
"峡路东南面","1","1","2"
"路东南面招","1","1","2"
"天成三年冬","1","1","2"
"押衙刘知谦","1","1","2"
"衙刘知谦奉","1","1","2"
"刘知谦奉表","1","1","2"
"赎罪银三千","1","1","2"
"长兴元年正","1","1","2"
"兴元年正月","1","1","2"
"诲生辰国信","1","1","2"
"生辰国信使","1","1","2"
"指挥使魏璘","1","1","2"
"挥使魏璘率","1","1","2"
"使魏璘率兵","1","1","2"
"魏璘率兵三","1","1","2"
"璘率兵三千","1","1","2"
"保勖字省躬","1","1","2"
"继冲判内外","1","1","2"
"冲判内外兵","1","1","2"
"湖南周行逢","1","1","2"
"张文表作乱","1","1","2"
"慕容延钊等","1","1","2"
"大将李景威","1","1","2"
"判官孙光宪","1","1","2"
"见旌旗甲马","1","1","2"
"元年正月戊","1","1","2"
"年正月戊寅","1","1","2"
"都押衙陈光","1","1","2"
"押衙陈光裕","1","1","2"
"通事舍人李","1","1","2"
"契丹永康王","1","1","2"
"丹永康王兀","1","1","2"
"宰相郑珙致","1","1","2"
"政事令高勋","1","1","2"
"大汉神武皇","1","1","2"
"汉神武皇帝","1","1","2"
"九龙十二稻","1","1","2"
"龙十二稻玉","1","1","2"
"十二稻玉带","1","1","2"
"密直学士王","1","1","2"
"萧禹厥率兵","1","1","2"
"禹厥率兵五","1","1","2"
"厥率兵五万","1","1","2"
"兵五六万人","1","1","2"
"五六万人号","1","1","2"
"六万人号称","1","1","2"
"万人号称十","1","1","2"
"人号称十万","1","1","2"
"宰相冯道等","1","1","2"
"显德元年三","1","1","2"
"德元年三月","1","1","2"
"元年三月亲","1","1","2"
"斩败将樊爱","1","1","2"
"败将樊爱能","1","1","2"
"何徽等七十","1","1","2"
"中送杨衮归","1","1","2"
"防御使郑处","1","1","2"
"御使郑处谦","1","1","2"
"世宗北伐契","1","1","2"
"义节度使李","1","1","2"
"节度使李筠","1","1","2"
"宣徽使卢赞","1","1","2"
"徽使卢赞监","1","1","2"
"太祖皇帝问","1","1","2"
"抱腹山人郭","1","1","2"
"内枢密使段","1","1","2"
"枢密使段常","1","1","2"
"故燕王刘守","1","1","2"
"供奉官侯霸","1","1","2"
"奉官侯霸荣","1","1","2"
"官侯霸荣率","1","1","2"
"太祖皇帝命","1","1","2"
"太平兴国四","1","1","2"
"平兴国四年","1","1","2"
"枢密副使马","1","1","2"
"密副使马峰","1","1","2"
"城北高台受","1","1","2"
"北高台受降","1","1","2"
"库莫奚同类","1","1","2"
"莫奚同类异","1","1","2"
"奚同类异种","1","1","2"
"兵摘星岭攻","1","1","2"
"刘守光暴虐","1","1","2"
"汉人教阿保","1","1","2"
"人教阿保机","1","1","2"
"炭山东南滦","1","1","2"
"山东南滦河","1","1","2"
"东南滦河上","1","1","2"
"太府卿高顷","1","1","2"
"军将郎公远","1","1","2"
"将郎公远等","1","1","2"
"子弟三百骑","1","1","2"
"契丹攻破新","1","1","2"
"丹攻破新州","1","1","2"
"契丹人马饥","1","1","2"
"丹人马饥寒","1","1","2"
"供奉官姚坤","1","1","2"
"长子人皇王","1","1","2"
"子人皇王突","1","1","2"
"人皇王突欲","1","1","2"
"阿保机病死","1","1","2"
"立次子元帅","1","1","2"
"次子元帅太","1","1","2"
"子元帅太子","1","1","2"
"元帅太子耀","1","1","2"
"帅太子耀屈","1","1","2"
"阿保机刻铭","1","1","2"
"胜指挥使安","1","1","2"
"指挥使安念","1","1","2"
"挥使安念德","1","1","2"
"定州王都反","1","1","2"
"晏球攻破定","1","1","2"
"球攻破定州","1","1","2"
"明宗斩秃馁","1","1","2"
"宗斩秃馁等","1","1","2"
"斩秃馁等六","1","1","2"
"秃馁等六百","1","1","2"
"东丹王突欲","2","0","2"
"幼子安端少","1","1","2"
"子安端少君","1","1","2"
"怀化军节度","1","1","2"
"瑞慎等州观","1","1","2"
"慎等州观察","1","1","2"
"归德将军郎","1","1","2"
"德将军郎将","1","1","2"
"阿保机时侵","1","1","2"
"德钧镇幽州","2","0","2"
"北门见德光","1","1","2"
"退保晋安寨","1","1","2"
"刘守文攻破","1","1","2"
"太原南面招","1","1","2"
"原南面招讨","1","1","2"
"求镇州节度","1","1","2"
"德光母述律","2","0","2"
"四年正月丁","1","1","2"
"年正月丁亥","1","1","2"
"延寿貂蝉冠","1","1","2"
"冯道奉册北","1","1","2"
"道奉册北朝","1","1","2"
"宰相韩延徽","1","1","2"
"置明殿学士","1","1","2"
"明殿学士一","1","1","2"
"殿学士一人","1","1","2"
"兵人马粮草","1","1","2"
"州镇多杀契","1","1","2"
"镇多杀契丹","1","1","2"
"多杀契丹守","1","1","2"
"契丹守将归","1","1","2"
"宣徽使高勋","1","1","2"
"兀欲召延寿","2","0","2"
"萧翰闻德光","2","0","2"
"翰闻德光死","2","0","2"
"大将赵思温","1","1","2"
"镇州召冯道","1","1","2"
"汉乾祐元年","2","0","2"
"子齐王述律","1","1","2"
"瓦桥淤口关","1","1","2"
"下令进攻幽","1","1","2"
"令进攻幽州","1","1","2"
"世宗南平淮","1","1","2"
"宗南平淮甸","1","1","2"
"南望五台山","1","1","2"
"唐太宗北伐","1","1","2"
"契丹谓峤曰","2","0","2"
"谷长五十里","1","1","2"
"幽州二千里","1","1","2"
"夏秋冰厚二","1","1","2"
"秋冰厚二尺","1","1","2"
"汉人努力事","1","1","2"
"丹阿保机强","1","1","2"
"阿保机强盛","1","1","2"
"绍威娶契丹","1","1","2"
"威娶契丹女","1","1","2"
"娶契丹女舍","1","1","2"
"契丹女舍利","1","1","2"
"丹女舍利逐","1","1","2"
"雁门北入契","2","0","2"
"门北入契丹","2","0","2"
"阴山府都督","1","1","2"
"耶律德光大","1","1","2"
"律德光大怒","1","1","2"
"供奉官张澄","1","1","2"
"奉官张澄率","1","1","2"
"官张澄率兵","1","1","2"
"张澄率兵搜","1","1","2"
"澄率兵搜索","1","1","2"
"代等州山谷","1","1","2"
"等州山谷中","1","1","2"
"大姓赫连海","1","1","2"
"姓赫连海龙","1","1","2"
"尝通中国者","2","0","2"
"都督折文逋","1","1","2"
"宿州刺史薛","1","1","2"
"州刺史薛敬","1","1","2"
"刺史薛敬忠","1","1","2"
"云州生界达","1","1","2"
"州生界达靼","1","1","2"
"百五六十岁","1","1","2"
"嵬悉逋等族","1","1","2"
"外国宝玉等","1","1","2"
"庆州刺史郭","1","1","2"
"刺史郭彦钦","1","1","2"
"史郭彦钦贪","1","1","2"
"宁州刺史张","1","1","2"
"州刺史张建","1","1","2"
"刺史张建武","1","1","2"
"史张建武等","1","1","2"
"牧马三十万","1","1","2"
"马三十万匹","1","1","2"
"安西都护府","1","1","2"
"西域三十六","1","1","2"
"域三十六国","1","1","2"
"吐蕃乘虚攻","1","1","2"
"蕃乘虚攻陷","1","1","2"
"乘虚攻陷河","1","1","2"
"虚攻陷河西","1","1","2"
"沙等州城邑","1","1","2"
"唐长兴四年","1","1","2"
"州留后孙超","1","1","2"
"大将拓拔承","1","1","2"
"将拓拔承谦","1","1","2"
"耆老杨通信","1","1","2"
"老杨通信等","1","1","2"
"张掖人张义","1","1","2"
"掖人张义朝","1","1","2"
"州兵二千五","1","1","2"
"兵二千五百","1","1","2"
"二千五百人","1","1","2"
"千五百人戍","1","1","2"
"泾州押牙陈","1","1","2"
"州押牙陈延","1","1","2"
"押牙陈延晖","1","1","2"
"诏书安抚凉","1","1","2"
"书安抚凉州","1","1","2"
"凉州留后折","1","1","2"
"州留后折逋","1","1","2"
"留后折逋嘉","1","1","2"
"后折逋嘉施","1","1","2"
"周广顺二年","1","1","2"
"凉州深入夷","1","1","2"
"州深入夷狄","1","1","2"
"荐押衙副使","1","1","2"
"押衙副使崔","1","1","2"
"衙副使崔虎","1","1","2"
"副使崔虎心","1","1","2"
"子孙王廷翰","1","1","2"
"节度使张奉","1","1","2"
"金山白衣天","1","1","2"
"山白衣天子","1","1","2"
"沙州留后曹","1","1","2"
"州留后曹义","1","1","2"
"留后曹义金","1","1","2"
"瓜沙等州观","1","1","2"
"沙等州观察","1","1","2"
"晋天福五年","1","1","2"
"沙州曹元忠","1","1","2"
"瓜州曹元深","1","1","2"
"唐天成三年","1","1","2"
"泾州二千里","1","1","2"
"都督周易言","1","1","2"
"督周易言等","1","1","2"
"卫上将军杨","1","1","2"
"上将军杨沼","1","1","2"
"王仁美遣使","2","0","2"
"仁美遣使者","2","0","2"
"督安千想等","1","1","2"
"权知国事王","1","1","2"
"知国事王仁","1","1","2"
"国事王仁裕","1","1","2"
"五代常朝贡","2","0","2"
"阗国王李圣","1","1","2"
"国王李圣天","1","1","2"
"供奉官张匡","1","1","2"
"彰武军节度","1","1","2"
"武军节度判","1","1","2"
"节度判官高","1","1","2"
"度判官高居","1","1","2"
"判官高居诲","1","1","2"
"月支都督帐","1","1","2"
"凉州西行五","1","1","2"
"州西行五百","1","1","2"
"西行五百里","1","1","2"
"刺史曹元深","1","1","2"
"史曹元深等","1","1","2"
"汉明帝时征","1","1","2"
"都督三十七","1","1","2"
"督三十七人","1","1","2"
"京师九千五","1","1","2"
"师九千五百","1","1","2"
"九千五百里","1","1","2"
"同庆二十九","1","1","2"
"庆二十九年","1","1","2"
"灵州渡黄河","1","1","2"
"评侍郎韩申","1","1","2"
"侍郎韩申一","1","1","2"
"副使春部少","1","1","2"
"使春部少卿","1","1","2"
"春部少卿朴","1","1","2"
"部少卿朴岩","1","1","2"
"尚书水部员","1","1","2"
"书水部员外","1","1","2"
"部员外郎韩","1","1","2"
"员外郎韩彦","1","1","2"
"外郎韩彦卿","1","1","2"
"黄铜五万斤","1","1","2"
"大乞乞仲象","1","1","2"
"封渤海郡王","2","0","2"
"唐高祖时封","1","1","2"
"高祖时封金","1","1","2"
"祖时封金真","1","1","2"
"权知国事金","1","1","2"
"知国事金溥","1","1","2"
"南诏蛮数十","1","1","2"
"诏蛮数十人","1","1","2"
"州山后两林","1","1","2"
"山后两林百","1","1","2"
"后两林百蛮","1","1","2"
"两林百蛮都","1","1","2"
"林百蛮都鬼","1","1","2"
"百蛮都鬼主","1","1","2"
"卫大将军李","1","1","2"
"大将军李卑","1","1","2"
"将军李卑晚","1","1","2"
"大鬼主傅能","1","1","2"
"鬼主傅能何","1","1","2"
"主傅能何华","1","1","2"
"大渡河南山","1","1","2"
"渡河南山前","1","1","2"
"河南山前邛","1","1","2"
"南山前邛州","1","1","2"
"山前邛州六","1","1","2"
"前邛州六姓","1","1","2"
"邛州六姓都","1","1","2"
"州六姓都鬼","1","1","2"
"六姓都鬼主","1","1","2"
"姓都鬼主怀","1","1","2"
"都鬼主怀安","1","1","2"
"鬼主怀安郡","1","1","2"
"主怀安郡王","1","1","2"
"怀安郡王勿","1","1","2"
"安郡王勿定","1","1","2"
"左金吾卫将","1","1","2"
"入蛮国信使","1","1","2"
"清州八郡刺","1","1","2"
"州八郡刺史","1","1","2"
"八郡刺史宋","1","1","2"
"郡刺史宋朝","1","1","2"
"刺史宋朝化","1","1","2"
"昆明大鬼主","1","1","2"
"普露静王九","1","1","2"
"露静王九部","1","1","2"
"静王九部落","1","1","2"
"节度使乐彦","1","1","2"
"度使乐彦贞","1","1","2"
"将郭绍宾杀","1","1","2"
"州刘仁恭攻","1","1","2"
"刘仁恭攻魏","1","1","2"
"天下兵马元","1","1","2"
"下兵马元帅","1","1","2"
"唐相张文蔚","1","1","2"
"道节度使杨","1","1","2"
"潞州四面行","1","1","2"
"四面行营招","1","1","2"
"太常卿赵光","1","1","2"
"常卿赵光逢","1","1","2"
"学士承旨工","1","1","2"
"士承旨工部","1","1","2"
"承旨工部侍","1","1","2"
"旨工部侍郎","1","1","2"
"工部侍郎杜","1","1","2"
"部侍郎杜晓","1","1","2"
"河南尹张宗","1","1","2"
"杀左散骑常","1","1","2"
"散骑常侍孙","1","1","2"
"谏议大夫张","1","1","2"
"议大夫张衍","1","1","2"
"兵部郎中张","1","1","2"
"部郎中张俊","1","1","2"
"左天兴军使","1","1","2"
"东京马步军","1","1","2"
"部尚书李振","1","1","2"
"军节度使蒋","1","1","2"
"节度使蒋殷","1","1","2"
"度使蒋殷反","1","1","2"
"军节度使牛","1","1","2"
"节度使牛存","1","1","2"
"度使牛存节","1","1","2"
"使牛存节讨","1","1","2"
"陈州刺史惠","1","1","2"
"州刺史惠王","1","1","2"
"前军李存孝","1","1","2"
"斩刺史王瑶","1","1","2"
"王王处直奉","1","1","2"
"王处直奉册","1","1","2"
"处直奉册推","1","1","2"
"台左丞相豆","1","1","2"
"左丞相豆卢","1","1","2"
"丞相豆卢革","1","1","2"
"右丞相卢程","1","1","2"
"龙骧指挥军","1","1","2"
"骧指挥军使","1","1","2"
"指挥军使姚","1","1","2"
"挥军使姚彦","1","1","2"
"军使姚彦温","1","1","2"
"前锋军叛降","1","1","2"
"直指挥使郭","1","1","2"
"加检校太保","1","1","2"
"回鹘汗王仁","2","0","2"
"鹘汗王仁美","2","0","2"
"翔节度使潞","1","1","2"
"使石敬瑭反","1","1","2"
"节度使张敬","1","1","2"
"度使张敬达","1","1","2"
"太原四面都","1","1","2"
"原四面都招","1","1","2"
"四面都招讨","1","1","2"
"面都招讨使","1","1","2"
"权知天雄军","1","1","2"
"知天雄军事","1","1","2"
"冯道大行皇","2","0","2"
"道大行皇帝","2","0","2"
"门下侍郎窦","1","1","2"
"下侍郎窦贞","1","1","2"
"侍郎窦贞固","1","1","2"
"户部侍郎吕","1","1","2"
"军节度使景","1","1","2"
"节度使景延","1","1","2"
"度使景延广","1","1","2"
"节度使李守","1","1","2"
"度使李守贞","1","1","2"
"军节度使郭","1","1","2"
"节度使郭谨","1","1","2"
"进钱粟助作","1","1","2"
"钱粟助作山","1","1","2"
"粟助作山陵","1","1","2"
"契丹使大卿","1","1","2"
"越使令骨支","1","1","2"
"军节度使桑","1","1","2"
"节度使桑维","1","1","2"
"度使桑维翰","1","1","2"
"使杨光远反","1","1","2"
"淄州刺史翟","1","1","2"
"州刺史翟进","1","1","2"
"刺史翟进宗","1","1","2"
"史翟进宗死","1","1","2"
"节度使田武","1","1","2"
"东北面行营","1","1","2"
"开封尹赵莹","1","1","2"
"李崧守侍中","1","1","2"
"磁州贼首梁","1","1","2"
"州贼首梁晖","1","1","2"
"贼首梁晖取","1","1","2"
"首梁晖取相","1","1","2"
"梁晖取相州","1","1","2"
"谏议大夫赵","1","1","2"
"议大夫赵熙","1","1","2"
"河东节度判","1","1","2"
"东节度判官","1","1","2"
"节度判官苏","1","1","2"
"度判官苏逢","1","1","2"
"判官苏逢吉","1","1","2"
"观察推官苏","1","1","2"
"察推官苏禹","1","1","2"
"高祖湍谥曰","1","1","2"
"祖湍谥曰明","1","1","2"
"湍谥曰明元","1","1","2"
"圣指挥使白","1","1","2"
"吏部尚书窦","1","1","2"
"部尚书窦贞","1","1","2"
"尚书窦贞固","1","1","2"
"书窦贞固守","1","1","2"
"窦贞固守司","1","1","2"
"贞固守司空","1","1","2"
"书舍人李涛","1","1","2"
"节度使李弘","1","1","2"
"度使李弘义","1","1","2"
"使李弘义杀","1","1","2"
"李弘义杀侍","1","1","2"
"弘义杀侍卫","1","1","2"
"义杀侍卫步","1","1","2"
"杀侍卫步军","1","1","2"
"军指挥使王","1","1","2"
"指挥使王殷","1","1","2"
"侍卫马军指","1","1","2"
"卫马军指挥","1","1","2"
"军指挥使郭","1","1","2"
"指挥使郭崇","1","1","2"
"挥使郭崇杀","1","1","2"
"使郭崇杀威","1","1","2"
"宣徽使王峻","1","1","2"
"祖妣张氏谥","1","1","2"
"妣张氏谥曰","1","1","2"
"张氏谥曰睿","1","1","2"
"氏谥曰睿恭","1","1","2"
"左监门卫大","1","1","2"
"天雄军牙内","1","1","2"
"雄军牙内都","1","1","2"
"军牙内都指","1","1","2"
"太常卿田敏","1","1","2"
"尚书张昭卤","2","0","2"
"书张昭卤簿","2","0","2"
"张昭卤簿使","2","0","2"
"御史中丞张","1","1","2"
"史中丞张煦","1","1","2"
"开封少尹权","1","1","2"
"封少尹权判","1","1","2"
"少尹权判府","1","1","2"
"尹权判府事","1","1","2"
"权判府事王","1","1","2"
"判府事王敏","1","1","2"
"工部侍郎景","1","1","2"
"部侍郎景范","1","1","2"
"散骑常侍王","1","1","2"
"骑常侍王朴","1","1","2"
"占城国王释","1","1","2"
"城国王释利","1","1","2"
"翰林学士窦","1","1","2"
"林学士窦俨","1","1","2"
"御史中丞边","1","1","2"
"史中丞边归","1","1","2"
"中丞边归谠","1","1","2"
"判开封府事","1","1","2"
"开封府事昝","1","1","2"
"封府事昝居","1","1","2"
"府事昝居润","1","1","2"
"友文征赋聚","1","1","2"
"文征赋聚敛","1","1","2"
"文留守东京","1","1","2"
"怀州龙骧军","1","1","2"
"州龙骧军三","1","1","2"
"龙骧军三千","1","1","2"
"太祖外孙袁","1","1","2"
"祖外孙袁象","1","1","2"
"外孙袁象先","1","1","2"
"都尉赵岩等","1","1","2"
"复友文官爵","1","1","2"
"高品李廷安","1","1","2"
"翰率契丹诸","1","1","2"
"率契丹诸将","1","1","2"
"请翰林学士","1","1","2"
"翰林学士崔","1","1","2"
"刑部侍郎任","1","1","2"
"德军节度判","1","1","2"
"检校兵部尚","1","1","2"
"校兵部尚书","1","1","2"
"唐深州录事","1","1","2"
"深州录事参","1","1","2"
"奉超赠左监","1","1","2"
"超赠左监门","1","1","2"
"特进左卫上","1","1","2"
"进左卫上将","1","1","2"
"右龙虎统军","1","1","2"
"迁忻州刺史","1","1","2"
"汉马步军指","1","1","2"
"汴州马步军","1","1","2"
"累迁彰圣都","1","1","2"
"迁彰圣都指","1","1","2"
"彰圣都指挥","1","1","2"
"圣都指挥使","1","1","2"
"饶三州刺史","1","1","2"
"忠正军节度","1","1","2"
"正军节度使","1","1","2"
"天雄军步军","1","1","2"
"雄军步军都","1","1","2"
"彰圣马军都","1","1","2"
"圣马军都指","1","1","2"
"迁武宁军节","1","1","2"
"卫大将军内","1","1","2"
"大将军内客","1","1","2"
"将军内客省","1","1","2"
"军内客省使","1","1","2"
"忠武节度使","1","1","2"
"知真定府事","1","1","2"
"天成四年夏","1","1","2"
"永兴军节度","1","1","2"
"兴军节度使","1","1","2"
"军屯卫将军","1","1","2"
"枢密院承旨","1","1","2"
"面行营副招","1","1","2"
"行营副招讨","1","1","2"
"营副招讨使","1","1","2"
"仁赡字守惠","1","1","2"
"奉国右厢都","1","1","2"
"国右厢都指","1","1","2"
"下平章事杨","1","1","2"
"平章事杨涉","1","1","2"
"押传国宝使","1","1","2"
"中书舍人张","1","1","2"
"书舍人张策","1","1","2"
"广文馆博士","1","1","2"
"迁膳部郎中","1","1","2"
"事召监军张","1","1","2"
"召监军张居","1","1","2"
"监军张居翰","1","1","2"
"节度判官任","1","1","2"
"度判官任圜","1","1","2"
"南节度使刘","1","1","2"
"节度使刘巨","1","1","2"
"度使刘巨容","1","1","2"
"使刘巨容表","1","1","2"
"唐金吾卫将","1","1","2"
"东都张全义","1","1","2"
"都张全义袭","1","1","2"
"南面招讨指","1","1","2"
"面招讨指挥","1","1","2"
"招讨指挥使","1","1","2"
"淄二州刺史","1","1","2"
"迁宿州团练","1","1","2"
"赠太子太傅","1","1","2"
"金四州防御","1","1","2"
"四州防御使","1","1","2"
"剑南两川安","1","1","2"
"南两川安抚","1","1","2"
"两川安抚使","1","1","2"
"功迁羽林都","1","1","2"
"迁羽林都指","1","1","2"
"申怀沂三州","1","1","2"
"怀沂三州刺","1","1","2"
"沂三州刺史","1","1","2"
"陇绛四州防","1","1","2"
"绛四州防御","1","1","2"
"四州防御团","1","1","2"
"州防御团练","1","1","2"
"防御团练使","1","1","2"
"博单郢沂四","1","1","2"
"单郢沂四州","1","1","2"
"郢沂四州刺","1","1","2"
"沂四州刺史","1","1","2"
"金州防御使","1","1","2"
"合阶二州刺","1","1","2"
"阶二州刺史","1","1","2"
"转运供军使","1","1","2"
"棣沂二州刺","1","1","2"
"沂二州刺史","1","1","2"
"贝州行军司","1","1","2"
"亳州防御使","1","1","2"
"晋六军都虞","1","1","2"
"六军都虞候","1","1","2"
"开运三年秋","1","1","2"
"马军都排阵","1","1","2"
"军都排阵使","1","1","2"
"中节度使赵","1","1","2"
"节度使赵赞","1","1","2"
"横海赵德钧","1","1","2"
"驾部员外郎","1","1","2"
"棣三州刺史","1","1","2"
"抚州危全讽","1","1","2"
"袁州彭彦章","1","1","2"
"两浙都招讨","1","1","2"
"浙都招讨使","1","1","2"
"右雄武统军","1","1","2"
"征南大将军","1","1","2"
"镇西大将军","1","1","2"
"抚州李德诚","1","1","2"
"平南大将军","1","1","2"
"安西大将军","1","1","2"
"镇东大将军","1","1","2"
"改升州大都","1","1","2"
"升州大都督","1","1","2"
"左仆射徐知","1","1","2"
"仆射徐知诰","1","1","2"
"两浙招讨使","1","1","2"
"建大都督府","1","1","2"
"润州丹阳宫","1","1","2"
"门下侍郎张","1","1","2"
"下侍郎张居","1","1","2"
"侍郎张居咏","1","1","2"
"中书侍郎李","1","1","2"
"书侍郎李建","1","1","2"
"侍郎李建勋","1","1","2"
"右仆射张延","1","1","2"
"仆射张延翰","1","1","2"
"射张延翰同","1","1","2"
"张延翰同平","1","1","2"
"延翰同平章","1","1","2"
"翰同平章事","1","1","2"
"破虔州妖贼","1","1","2"
"虔州妖贼张","1","1","2"
"州妖贼张遇","1","1","2"
"妖贼张遇贤","1","1","2"
"大顺二年十","1","1","2"
"顺二年十月","1","1","2"
"度副大使知","1","1","2"
"副大使知节","1","1","2"
"大使知节度","1","1","2"
"使知节度事","1","1","2"
"云南八国招","1","1","2"
"南八国招抚","1","1","2"
"八国招抚等","1","1","2"
"国招抚等使","1","1","2"
"建攻破梓州","1","1","2"
"英武睿圣神","1","1","2"
"武睿圣神功","1","1","2"
"睿圣神功文","1","1","2"
"圣神功文德","1","1","2"
"神功文德光","1","1","2"
"功文德光孝","1","1","2"
"文德光孝皇","1","1","2"
"德光孝皇帝","1","1","2"
"太子少保唐","1","1","2"
"子少保唐袭","1","1","2"
"节度使王宗","1","1","2"
"度使王宗训","1","1","2"
"四年二月癸","1","1","2"
"年二月癸亥","1","1","2"
"统押近界诸","1","1","2"
"押近界诸蛮","1","1","2"
"西山八国云","1","1","2"
"山八国云南","1","1","2"
"八国云南安","1","1","2"
"国云南安抚","1","1","2"
"云南安抚制","1","1","2"
"南安抚制置","1","1","2"
"安抚制置等","1","1","2"
"抚制置等使","1","1","2"
"中门使王处","1","1","2"
"门使王处回","1","1","2"
"鄂四面行营","1","1","2"
"安州李金全","1","1","2"
"越州董昌反","1","1","2"
"镠守中书令","1","1","2"
"宣润等道四","1","1","2"
"润等道四面","1","1","2"
"等道四面行","1","1","2"
"道四面行营","1","1","2"
"建观察使陈","1","1","2"
"观察使陈岩","1","1","2"
"察使陈岩表","1","1","2"
"中军使薛文","1","1","2"
"军使薛文杰","1","1","2"
"保融字德长","1","1","2"
"翰林学士张","1","1","2"
"林学士张砺","1","1","2"
"相州梁晖杀","1","1","2"
"高祖追封突","1","1","2"
"祖追封突欲","1","1","2"
"节度使田景","1","1","2"
"度使田景咸","1","1","2"
"淤口关部署","1","1","2"
"神武统军李","1","1","2"
"武统军李洪","1","1","2"
"统军李洪信","1","1","2"
"合流口部署","1","1","2"
"前凤翔节度","1","1","2"
"节度使王晏","1","1","2"
"益津关部署","1","1","2"
"亲军马步都","1","1","2"
"军马步都虞","1","1","2"
"步都虞候韩","1","1","2"
"都虞候韩通","1","1","2"
"陆路都部署","1","1","2"
"幽州东北数","1","1","2"
"州东北数百","1","1","2"
"东北数百里","1","1","2"
"府州党项尼","1","1","2"
"六泥香王子","1","1","2"
"留后李文谦","1","1","2"
"瓜州团练使","1","1","2"
"黔州西南三","1","1","2"
"州西南三千","1","1","2"
"西南三千里","1","1","2"
"南三千里外","1","1","2"
"杀宰相柳璨","1","1","2"
"太常卿张延","1","1","2"
"常卿张延范","1","1","2"
"魏州罗绍威","1","1","2"
"州行营都指","1","1","2"
"行营都指挥","1","1","2"
"营都指挥使","1","1","2"
"指挥使李思","1","1","2"
"挥使李思安","1","1","2"
"耀州温昭图","1","1","2"
"州温昭图叛","1","1","2"
"温昭图叛岐","1","1","2"
"捉生都将张","1","1","2"
"生都将张温","1","1","2"
"都将张温叛","1","1","2"
"吏部侍郎萧","1","1","2"
"部侍郎萧顷","1","1","2"
"庄宗光圣神","1","1","2"
"宗光圣神闵","1","1","2"
"光圣神闵孝","1","1","2"
"圣神闵孝皇","1","1","2"
"神闵孝皇帝","1","1","2"
"州李匡威救","1","1","2"
"宁四面行营","1","1","2"
"拔野古等十","1","1","2"
"继韬弟继达","1","1","2"
"镇州平山人","1","1","2"
"魏氏子阿三","1","1","2"
"康义诚叛唐","1","1","2"
"慈州刺史宋","1","1","2"
"州刺史宋令","1","1","2"
"刺史宋令询","1","1","2"
"史宋令询死","1","1","2"
"都督陈福海","1","1","2"
"刘知远契丹","2","0","2"
"博州刺史周","1","1","2"
"州刺史周儒","1","1","2"
"刺史周儒叛","1","1","2"
"史周儒叛降","1","1","2"
"周儒叛降契","1","1","2"
"儒叛降契丹","1","1","2"
"前军都虞候","1","1","2"
"军都虞候李","1","1","2"
"都虞候李守","1","1","2"
"虞候李守贞","1","1","2"
"面行营都虞","1","1","2"
"营都虞候马","1","1","2"
"都虞候马全","1","1","2"
"虞候马全节","1","1","2"
"冀州刺史白","1","1","2"
"代州刺史白","1","1","2"
"州刺史白文","1","1","2"
"刺史白文珂","1","1","2"
"易州戍将孙","1","1","2"
"州戍将孙方","1","1","2"
"戍将孙方谏","1","1","2"
"奉国都指挥","1","1","2"
"国都指挥使","1","1","2"
"都指挥使王","1","1","2"
"指挥使王清","1","1","2"
"高祖睿文圣","1","1","2"
"祖睿文圣武","1","1","2"
"睿文圣武昭","1","1","2"
"文圣武昭肃","1","1","2"
"圣武昭肃孝","1","1","2"
"武昭肃孝皇","1","1","2"
"昭肃孝皇帝","1","1","2"
"右都押衙杨","1","1","2"
"蕃汉兵马都","1","1","2"
"汉兵马都孔","1","1","2"
"兵马都孔目","1","1","2"
"马都孔目官","1","1","2"
"都孔目官郭","1","1","2"
"孔目官郭威","1","1","2"
"目官郭威权","1","1","2"
"官郭威权枢","1","1","2"
"郭威权枢密","1","1","2"
"威权枢密副","1","1","2"
"权枢密副使","1","1","2"
"祖妣杨氏谥","1","1","2"
"妣杨氏谥曰","1","1","2"
"杨氏谥曰恭","1","1","2"
"氏谥曰恭惠","1","1","2"
"李氏谥曰昭","1","1","2"
"氏谥曰昭穆","1","1","2"
"妣安氏谥曰","1","1","2"
"安氏谥曰章","1","1","2"
"氏谥曰章懿","1","1","2"
"太祖圣神恭","1","1","2"
"祖圣神恭肃","1","1","2"
"圣神恭肃文","1","1","2"
"神恭肃文武","1","1","2"
"潞州留后李","1","1","2"
"州留后李继","1","1","2"
"留后李继韬","1","1","2"
"后李继韬募","1","1","2"
"李继韬募勇","1","1","2"
"滥赏遍天下","1","1","2"
"军节度使宋","1","1","2"
"节度使宋延","1","1","2"
"度使宋延渥","1","1","2"
"使宋延渥叛","1","1","2"
"宋延渥叛汉","1","1","2"
"威北伐契丹","1","1","2"
"立夫人董氏","1","1","2"
"契丹卢台军","1","1","2"
"丹卢台军使","1","1","2"
"卢台军使张","1","1","2"
"台军使张藏","1","1","2"
"军使张藏英","1","1","2"
"上尊号曰圣","1","1","2"
"尊号曰圣明","1","1","2"
"号曰圣明文","1","1","2"
"曰圣明文武","1","1","2"
"圣明文武仁","1","1","2"
"明文武仁德","1","1","2"
"文武仁德皇","1","1","2"
"武仁德皇帝","1","1","2"
"世宗睿武孝","1","1","2"
"宗睿武孝文","1","1","2"
"葬神圣文武","1","1","2"
"杀左羽林大","1","1","2"
"左羽林大将","1","1","2"
"羽林大将军","1","1","2"
"林大将军孟","1","1","2"
"大将军孟汉","1","1","2"
"将军孟汉卿","1","1","2"
"徽南院使向","1","1","2"
"南院使向训","1","1","2"
"度使王景伐","1","1","2"
"使王景伐蜀","1","1","2"
"指挥使李重","1","1","2"
"挥使李重进","1","1","2"
"葬宣懿皇后","1","1","2"
"世宗第四子","1","1","2"
"宗第四子宗","1","1","2"
"第四子宗训","1","1","2"
"葬睿武孝文","1","1","2"
"本姓康名勤","1","1","2"
"朕艰难创业","1","1","2"
"伊夫人位次","1","1","2"
"同光二年四","1","1","2"
"光二年四月","1","1","2"
"驾兵二万五","1","1","2"
"兵二万五千","1","1","2"
"阳节度使夏","1","1","2"
"节度使夏鲁","1","1","2"
"度使夏鲁奇","1","1","2"
"使夏鲁奇同","1","1","2"
"夏鲁奇同姓","1","1","2"
"后嫁契丹突","1","1","2"
"嫁契丹突欲","1","1","2"
"契丹突欲李","1","1","2"
"丹突欲李赞","1","1","2"
"突欲李赞华","1","1","2"
"袭劝继岌驰","1","1","2"
"益权知南朝","1","1","2"
"权知南朝军","1","1","2"
"诸军指挥使","1","1","2"
"召侍卫指挥","1","1","2"
"侍卫指挥使","1","1","2"
"卫指挥使康","1","1","2"
"指挥使康义","1","1","2"
"挥使康义诚","1","1","2"
"镇州灵寿人","1","1","2"
"密州安丘人","1","1","2"
"青州博昌人","1","1","2"
"许州长社人","1","1","2"
"琅琊临沂人","1","1","2"
"代州雁门人","1","1","2"
"河东教练使","1","1","2"
"朔州马邑人","1","1","2"
"陈州宛丘人","1","1","2"
"定州满城人","1","1","2"
"赵州昭庆人","1","1","2"
"冀州信都人","1","1","2"
"魏州孔目官","1","1","2"
"汴州开封人","1","1","2"
"宋州虞城人","1","1","2"
"代北三部落","1","1","2"
"北三部落人","1","1","2"
"京兆三原人","1","1","2"
"魏州冠氏人","1","1","2"
"魏州南乐人","1","1","2"
"太原晋阳人","1","1","2"
"郓州寿张人","1","1","2"
"徐州下邳人","1","1","2"
"滑州白马人","1","1","2"
"青州临淄人","1","1","2"
"河西敦煌人","2","0","2"
"大将康君立","1","1","2"
"天祐十九年","1","1","2"
"京兆万年人","1","1","2"
"深州乐寿人","1","1","2"
"洪州高安人","1","1","2"
"陈州项城人","1","1","2"
"邢州平乡人","1","1","2"
"开封尉氏人","1","1","2"
"雍州万年人","1","1","2"
"盐州五原人","1","1","2"
"寿州寿春人","1","1","2"
"左厢马步军","1","1","2"
"厢马步军都","1","1","2"
"都指挥使董","1","1","2"
"指挥使董璋","1","1","2"
"濮州临濮人","1","1","2"
"澶州临黄人","1","1","2"
"河中宝鼎人","1","1","2"
"开封襄邑人","1","1","2"
"大名元城人","1","1","2"
"常山真定人","1","1","2"
"代州崞县人","1","1","2"
"沧州饶安人","1","1","2"
"幽州文安人","1","1","2"
"濮州鄄城人","1","1","2"
"幽州良乡人","1","1","2"
"郑州清苑人","1","1","2"
"瀛州景城人","1","1","2"
"贝州清阳人","1","1","2"
"涿州归义人","1","1","2"
"棣州商河人","1","1","2"
"散骑常侍孔","1","1","2"
"骑常侍孔昭","1","1","2"
"常侍孔昭序","1","1","2"
"侍孔昭序建","1","1","2"
"深州安平人","1","1","2"
"郓州须昌人","1","1","2"
"主客员外郎","1","1","2"
"华州华阴人","1","1","2"
"判太常卿事","1","1","2"
"幽州安次人","1","1","2"
"常山石邑人","1","1","2"
"幽州永清人","1","1","2"
"深州饶阳人","1","1","2"
"镇州获鹿人","1","1","2"
"许州鄢陵人","1","1","2"
"吉州庐陵人","1","1","2"
"杭州临安人","1","1","2"
"光州固始人","1","1","2"
"赐突欲姓李","1","1","2"
"合适的机会","0","2","2"
"派人杀了他","0","2","2"
"束面的军队","0","2","2"
"在王章家中","0","2","2"
"你喝下这杯","0","2","2"
"喝下这杯酒","0","2","2"
"他的母亲是","0","2","2"
"比女色的灾","0","2","2"
"女色的灾祸","0","2","2"
"城中大肆劫","0","2","2"
"中大肆劫掠","0","2","2"
"的人赞赏他","0","2","2"
"常常周济他","0","2","2"
"活着做什么","0","2","2"
"寻找这个人","0","2","2"
"晋高祖不要","0","2","2"
"家人的礼节","0","2","2"
"军队分成两","0","2","2"
"队分成两部","0","2","2"
"分成两部分","0","2","2"
"遇上契丹军","0","2","2"
"上契丹军队","0","2","2"
"在榆林交战","0","2","2"
"说救兵到了","0","2","2"
"病稍有好转","0","2","2"
"出现在中原","0","2","2"
"刘崇家当佣","0","2","2"
"崇家当佣工","0","2","2"
"为东南面行","0","2","2"
"各藩镇唐兵","0","2","2"
"唐将王重荣","0","2","2"
"为左金吾卫","0","2","2"
"唐僖宗任命","0","2","2"
"僖宗任命朱","0","2","2"
"宗任命朱全","0","2","2"
"任命朱全忠","0","2","2"
"命朱全忠为","0","2","2"
"秦宗权投降","0","2","2"
"度使时溥为","0","2","2"
"虽然是都统","0","2","2"
"败巢将黄邺","0","2","2"
"李克用率兵","0","2","2"
"张日至攻汴","0","2","2"
"派使臣来赐","0","2","2"
"使臣来赐给","0","2","2"
"臣来赐给朱","0","2","2"
"来赐给朱全","0","2","2"
"赐给朱全忠","0","2","2"
"任命全忠为","0","2","2"
"乐从训攻魏","0","2","2"
"罗弘信为节","0","2","2"
"弘信为节度","0","2","2"
"信为节度使","0","2","2"
"为行营都统","0","2","2"
"申丛捉住秦","0","2","2"
"丛捉住秦宗","0","2","2"
"捉住秦宗权","0","2","2"
"臣都认为不","0","2","2"
"不得已而同","0","2","2"
"得已而同意","0","2","2"
"已而同意了","0","2","2"
"王派葛从周","0","2","2"
"派葛从周进","0","2","2"
"张浚的军队","0","2","2"
"顺二年正月","0","2","2"
"庞师古攻占","0","2","2"
"唐天子逃奔","0","2","2"
"天子逃奔华","0","2","2"
"子逃奔华州","0","2","2"
"唐天子下诏","0","2","2"
"第四年正月","0","2","2"
"葛从周为兖","0","2","2"
"从周为兖州","0","2","2"
"唐天子任命","0","2","2"
"子任命王兼","0","2","2"
"任命王兼任","0","2","2"
"葛从周攻打","0","2","2"
"攻打赵匡凝","0","2","2"
"在内黄打败","0","2","2"
"刘季述被杀","0","2","2"
"派朱友宁率","0","2","2"
"率百官迎接","0","2","2"
"杨师厚在临","0","2","2"
"师厚在临朐","0","2","2"
"杀死唐昭宗","0","2","2"
"赵匡凝逃奔","0","2","2"
"杨师厚攻取","0","2","2"
"到南郊祭天","0","2","2"
"刘仁恭向晋","0","2","2"
"仁恭向晋求","0","2","2"
"恭向晋求救","0","2","2"
"年正月二十","0","2","2"
"正月二十五","0","2","2"
"保机派使臣","0","2","2"
"契丹派使者","0","2","2"
"丹派使者来","0","2","2"
"任命平卢军","0","2","2"
"命平卢军节","0","2","2"
"月二十九日","0","2","2"
"渤海派使者","0","2","2"
"海派使者来","0","2","2"
"丹阿保机派","0","2","2"
"保机派使者","0","2","2"
"机派使者来","0","2","2"
"为刑部侍郎","0","2","2"
"城与晋军交","0","2","2"
"与晋军交战","0","2","2"
"年正月七日","0","2","2"
"月二十六日","0","2","2"
"州高万兴背","0","2","2"
"高万兴背叛","0","2","2"
"六月十六日","0","2","2"
"八月十八日","0","2","2"
"十一月二日","0","2","2"
"刘知俊在升","0","2","2"
"知俊在升平","0","2","2"
"为西路行营","0","2","2"
"十一月三日","0","2","2"
"仁为北面行","0","2","2"
"招讨使讨伐","0","2","2"
"十二月十七","0","2","2"
"赦流放罪以","0","2","2"
"八月十七日","0","2","2"
"进行大规模","0","2","2"
"行大规模阅","0","2","2"
"大规模阅兵","0","2","2"
"命张宗留守","0","2","2"
"从魏州回到","0","2","2"
"派光禄卿卢","0","2","2"
"在枣强进行","0","2","2"
"枣强进行大","0","2","2"
"强进行大屠","0","2","2"
"进行大屠杀","0","2","2"
"不称伪梁的","0","2","2"
"才能使后人","0","2","2"
"博王朱友文","0","2","2"
"不知怎么办","0","2","2"
"业三十多年","0","2","2"
"转祸为福了","0","2","2"
"袁象先等人","0","2","2"
"均王朱友贞","0","2","2"
"赵光逢罢相","0","2","2"
"天雄军内乱","0","2","2"
"叛梁归附于","0","2","2"
"梁归附于晋","0","2","2"
"十一月九日","0","2","2"
"节度使刘寻","0","2","2"
"度使刘寻阝","0","2","2"
"晋军攻取杨","0","2","2"
"军攻取杨刘","0","2","2"
"在胡柳交战","0","2","2"
"为兖州安抚","0","2","2"
"兖州安抚制","0","2","2"
"开封尹王瓒","0","2","2"
"彦威为北面","0","2","2"
"以下犯人减","0","2","2"
"下犯人减刑","0","2","2"
"中节度使朱","0","2","2"
"节度使朱友","0","2","2"
"度使朱友谦","0","2","2"
"朱友谦袭击","0","2","2"
"友谦袭击同","0","2","2"
"谦袭击同州","0","2","2"
"王来求援军","0","2","2"
"五月十七日","0","2","2"
"为灵武节度","0","2","2"
"不让他们进","0","2","2"
"让他们进城","0","2","2"
"此更加强盛","0","2","2"
"幽州李可举","0","2","2"
"在蔚州大败","0","2","2"
"李克用父子","0","2","2"
"人赴援京城","0","2","2"
"任命他为代","0","2","2"
"命他为代州","0","2","2"
"雁门以北行","0","2","2"
"门以北行营","0","2","2"
"以北行营节","0","2","2"
"在西华打败","0","2","2"
"西华打败黄","0","2","2"
"恰好天下大","0","2","2"
"好天下大雨","0","2","2"
"用绳子拴住","0","2","2"
"为陇西郡王","0","2","2"
"诏书给李克","0","2","2"
"书给李克用","0","2","2"
"是朱全忠的","0","2","2"
"杨复恭与克","0","2","2"
"复恭与克用","0","2","2"
"认为不可伐","0","2","2"
"张浚为太原","0","2","2"
"浚为太原四","0","2","2"
"克用派李存","0","2","2"
"为河东节度","0","2","2"
"校太师兼中","0","2","2"
"包围一百多","0","2","2"
"围一百多天","0","2","2"
"绸缎五十万","0","2","2"
"缎五十万匹","0","2","2"
"留一个多月","0","2","2"
"一个多月不","0","2","2"
"进攻李茂贞","0","2","2"
"我们为的是","0","2","2"
"于是上表说","0","2","2"
"归附朱全忠","0","2","2"
"李嗣昭夺回","0","2","2"
"在沙河打败","0","2","2"
"梁军打得大","0","2","2"
"军打得大败","0","2","2"
"晋请求援兵","0","2","2"
"这是不可失","0","2","2"
"为潞州留后","0","2","2"
"年五十三岁","0","2","2"
"沙漠的意思","0","2","2"
"打败西突厥","0","2","2"
"一百五六十","0","2","2"
"摸着他的背","0","2","2"
"周德威攻打","0","2","2"
"晋王亲自率","0","2","2"
"在蒙坑打败","0","2","2"
"梁派王景仁","0","2","2"
"柏乡大败梁","0","2","2"
"乡大败梁军","0","2","2"
"刘守光在燕","0","2","2"
"朱友谦以河","0","2","2"
"友谦以河中","0","2","2"
"谢彦章驻军","0","2","2"
"任卢龙军节","0","2","2"
"进攻朱友谦","0","2","2"
"为莱州司户","0","2","2"
"下诏为死罪","0","2","2"
"以太原为北","0","2","2"
"任尚书左丞","0","2","2"
"胤为中书侍","0","2","2"
"王金朴英派","0","2","2"
"金朴英派使","0","2","2"
"从河阳回到","0","2","2"
"河阳回到京","0","2","2"
"阳回到京城","0","2","2"
"陈俊为景州","0","2","2"
"俊为景州刺","0","2","2"
"储德源为宪","0","2","2"
"德源为宪州","0","2","2"
"源为宪州刺","0","2","2"
"为宪州刺史","0","2","2"
"仁美为英义","0","2","2"
"美为英义可","0","2","2"
"为英义可汗","0","2","2"
"驾临郭崇韬","0","2","2"
"十二月六日","0","2","2"
"与皇后驾临","0","2","2"
"毁掉即位坛","0","2","2"
"在北郊射雁","0","2","2"
"郭崇韬为招","0","2","2"
"崇韬为招讨","0","2","2"
"韬为招讨使","0","2","2"
"二十四日才","0","2","2"
"十四日才回","0","2","2"
"四日才回京","0","2","2"
"长得像自己","0","2","2"
"宦官孟汉琼","0","2","2"
"秘不发丧达","0","2","2"
"皇帝位于柩","0","2","2"
"帝位于柩前","0","2","2"
"册封皇太后","0","2","2"
"靖难军节度","0","2","2"
"任河阳三城","0","2","2"
"叛变投降从","0","2","2"
"变投降从珂","0","2","2"
"巡检使安从","0","2","2"
"检使安从进","0","2","2"
"明宗很喜欢","0","2","2"
"明宗讨伐赵","0","2","2"
"宗讨伐赵在","0","2","2"
"珂为河中节","0","2","2"
"任北京留守","0","2","2"
"帝派王思同","0","2","2"
"三月十七日","0","2","2"
"太后的命令","0","2","2"
"来赏赐军队","0","2","2"
"六月十一日","0","2","2"
"十月十一日","0","2","2"
"十二月九日","0","2","2"
"氏为皇太后","0","2","2"
"九月十七日","0","2","2"
"任刑部尚书","0","2","2"
"叛变投降石","0","2","2"
"变投降石敬","0","2","2"
"投降石敬瑭","0","2","2"
"张令昭驱逐","0","2","2"
"令昭驱逐节","0","2","2"
"昭驱逐节度","0","2","2"
"君臣之间的","0","2","2"
"臣之间的关","0","2","2"
"之间的关系","0","2","2"
"发生的事情","0","2","2"
"事情发生了","0","2","2"
"他为金紫光","0","2","2"
"为金紫光禄","0","2","2"
"马在相州的","0","2","2"
"在相州的西","0","2","2"
"相州的西山","0","2","2"
"州的西山祭","0","2","2"
"的西山祭亡","0","2","2"
"西山祭亡灵","0","2","2"
"者梅里来京","0","2","2"
"鹘遣使者来","0","2","2"
"都督刘再升","0","2","2"
"契丹于越使","0","2","2"
"景延广为御","0","2","2"
"延广为御营","0","2","2"
"广为御营使","0","2","2"
"派董殷出使","0","2","2"
"奉国军在京","0","2","2"
"国军在京城","0","2","2"
"军在京城附","0","2","2"
"在京城附近","0","2","2"
"京城附近捕","0","2","2"
"城附近捕蝗","0","2","2"
"七月十八日","0","2","2"
"高丽使者广","0","2","2"
"使者广评侍","0","2","2"
"者广评侍郎","0","2","2"
"高行周为北","0","2","2"
"行周为北面","0","2","2"
"周为北面行","0","2","2"
"契丹进入雁","0","2","2"
"丹进入雁门","0","2","2"
"契丹进犯黎","0","2","2"
"丹进犯黎阳","0","2","2"
"契丹在戚城","0","2","2"
"从澶州回到","0","2","2"
"澶州回到京","0","2","2"
"桑维翰为中","0","2","2"
"维翰为中书","0","2","2"
"翰为中书令","0","2","2"
"守司空兼门","0","2","2"
"远为北面行","0","2","2"
"杜重威为都","0","2","2"
"重威为都招","0","2","2"
"威为都招讨","0","2","2"
"马全节为副","0","2","2"
"皇城门外射","0","2","2"
"城门外射兔","0","2","2"
"二月十五日","0","2","2"
"为行营都部","0","2","2"
"十二月三日","0","2","2"
"潞王从珂反","0","2","2"
"王从珂反叛","0","2","2"
"为侍卫亲军","0","2","2"
"领归德军节","0","2","2"
"高祖起兵太","0","2","2"
"祖起兵太原","0","2","2"
"知远在秀容","0","2","2"
"打败契丹军","0","2","2"
"少数民族的","0","2","2"
"为宣武节度","0","2","2"
"史弘肇攻取","0","2","2"
"为北京留守","0","2","2"
"为邺都行营","0","2","2"
"杜重威投降","0","2","2"
"跟平常一样","0","2","2"
"枢密使出镇","0","2","2"
"苏逢吉认为","0","2","2"
"兼任枢密使","0","2","2"
"河北各州都","0","2","2"
"派人告诉郭","0","2","2"
"人告诉郭威","0","2","2"
"的家属全部","0","2","2"
"家属全部杀","0","2","2"
"冯道到徐州","0","2","2"
"元年正月五","0","2","2"
"派尚书左丞","0","2","2"
"左丞田敏出","0","2","2"
"丞田敏出使","0","2","2"
"田敏出使契","0","2","2"
"敏出使契丹","0","2","2"
"六月二十一","0","2","2"
"任宣徽北院","0","2","2"
"翟光邺为枢","0","2","2"
"光邺为枢密","0","2","2"
"尸体送回中","0","2","2"
"体送回中原","0","2","2"
"派侍卫步军","0","2","2"
"使郑仁诲为","0","2","2"
"郑仁诲为枢","0","2","2"
"仁诲为枢密","0","2","2"
"放罪以下囚","0","2","2"
"哥哥柴守礼","0","2","2"
"为澶州刺史","0","2","2"
"元年一月一","0","2","2"
"在柩前即帝","0","2","2"
"柩前即帝位","0","2","2"
"魏仁浦为枢","0","2","2"
"仁浦为枢密","0","2","2"
"契丹在忻口","0","2","2"
"十一月一日","0","2","2"
"为淮南道行","0","2","2"
"唐君主李景","0","2","2"
"州复归南唐","0","2","2"
"从淮南回到","0","2","2"
"派来的使臣","0","2","2"
"来的使臣孙","0","2","2"
"的使臣孙晟","0","2","2"
"其州来归降","0","2","2"
"遣使者来京","0","2","2"
"宗训为梁王","0","2","2"
"者莆诃散来","0","2","2"
"任户部尚书","0","2","2"
"丽遣使者来","0","2","2"
"叔父李克宁","0","2","2"
"冯氏为皇后","0","2","2"
"位的第二年","0","2","2"
"在宫中设宴","0","2","2"
"可以给他一","0","2","2"
"的妻子张氏","0","2","2"
"庄宗在宫中","0","2","2"
"庄宗不高兴","0","2","2"
"是由于天命","0","2","2"
"进贡的东西","0","2","2"
"到这个地步","0","2","2"
"郭从谦反叛","0","2","2"
"在绛霄殿廊","0","2","2"
"唐末天下大","0","2","2"
"末天下大乱","0","2","2"
"不论大小都","0","2","2"
"告诉克宁说","0","2","2"
"我还有什么","0","2","2"
"有什么要求","0","2","2"
"继岌为西南","0","2","2"
"上表请求投","0","2","2"
"请求留下郭","0","2","2"
"求留下郭崇","0","2","2"
"留下郭崇韬","0","2","2"
"下郭崇韬镇","0","2","2"
"崇韬镇守蜀","0","2","2"
"崇韬有异志","0","2","2"
"不出来迎接","0","2","2"
"派宦官马彦","0","2","2"
"到哪里去了","0","2","2"
"因此不高兴","0","2","2"
"迁到至德宫","0","2","2"
"契丹进攻京","0","2","2"
"丹进攻京城","0","2","2"
"兵一千人归","0","2","2"
"从益派人召","0","2","2"
"将相大臣都","0","2","2"
"站在宰相之","0","2","2"
"在宰相之下","0","2","2"
"表示自己要","0","2","2"
"平定天下的","0","2","2"
"认不得人了","0","2","2"
"宫中的人都","0","2","2"
"的人都痛哭","0","2","2"
"出不高兴的","0","2","2"
"的儿子在秦","0","2","2"
"儿子在秦王","0","2","2"
"子在秦王府","0","2","2"
"等人的意见","0","2","2"
"到哪里去呢","0","2","2"
"过了一会儿","0","2","2"
"门已经关闭","0","2","2"
"使朱弘实率","0","2","2"
"三百骑兵冲","0","2","2"
"王镕被张文","0","2","2"
"镕被张文礼","0","2","2"
"被张文礼杀","0","2","2"
"有美色而又","0","2","2"
"美色而又贤","0","2","2"
"色而又贤惠","0","2","2"
"在太原事奉","0","2","2"
"太原事奉汉","0","2","2"
"原事奉汉高","0","2","2"
"事奉汉高祖","0","2","2"
"于是安葬在","0","2","2"
"我正在考虑","0","2","2"
"宗在高平打","0","2","2"
"赵王王镕任","0","2","2"
"兵讨伐张文","0","2","2"
"个儿子郭青","0","2","2"
"儿子郭青哥","0","2","2"
"侄子郭守筠","0","2","2"
"不知他们的","0","2","2"
"他们的母亲","0","2","2"
"们的母亲是","0","2","2"
"的母亲是谁","0","2","2"
"的第二个儿","0","2","2"
"第二个儿子","0","2","2"
"左领军卫将","0","2","2"
"领军卫将军","0","2","2"
"为左监门卫","0","2","2"
"为左干牛卫","0","2","2"
"可以赠为右","0","2","2"
"因是皇后的","0","2","2"
"是皇后的亲","0","2","2"
"把他当国舅","0","2","2"
"如果不幸不","0","2","2"
"果不幸不能","0","2","2"
"懂得权宜变","0","2","2"
"得权宜变通","0","2","2"
"事情的轻重","0","2","2"
"情的轻重来","0","2","2"
"的轻重来处","0","2","2"
"轻重来处理","0","2","2"
"能两全其美","0","2","2"
"是很明白的","0","2","2"
"任左监门卫","0","2","2"
"周太祖起兵","0","2","2"
"是天下的母","0","2","2"
"天下的母亲","0","2","2"
"都是天下的","0","2","2"
"太祖不杀之","0","2","2"
"祖不杀之恩","0","2","2"
"周世宗登位","0","2","2"
"周世宗怒气","0","2","2"
"此更加看重","0","2","2"
"天后脱去丧","0","2","2"
"后脱去丧服","0","2","2"
"都不知道他","0","2","2"
"不知道他们","0","2","2"
"周世宗认为","0","2","2"
"柴诚可以赠","0","2","2"
"诚可以赠太","0","2","2"
"封为燕国公","0","2","2"
"左领军卫大","0","2","2"
"魏州起兵时","0","2","2"
"后来周太祖","0","2","2"
"的妻子和儿","0","2","2"
"妻子和儿女","0","2","2"
"城向梁投降","0","2","2"
"进攻趟匡凝","0","2","2"
"梁太祖高兴","0","2","2"
"太祖高兴地","0","2","2"
"祖高兴地说","0","2","2"
"康怀英驱走","0","2","2"
"怀英驱走他","0","2","2"
"英驱走他们","0","2","2"
"军队进攻他","0","2","2"
"队进攻他们","0","2","2"
"十多处受伤","0","2","2"
"杨行密进攻","0","2","2"
"表奏为宿州","0","2","2"
"奏为宿州刺","0","2","2"
"太祖任命康","0","2","2"
"祖任命康怀","0","2","2"
"任命康怀英","0","2","2"
"命康怀英为","0","2","2"
"罢免李思安","0","2","2"
"对周德威说","0","2","2"
"之所以能够","0","2","2"
"应当出其不","0","2","2"
"当出其不意","0","2","2"
"康怀英大败","0","2","2"
"任命他为右","0","2","2"
"命他为右卫","0","2","2"
"他为右卫上","0","2","2"
"康怀英进攻","0","2","2"
"宁来牵制他","0","2","2"
"后来朱友谦","0","2","2"
"友谦反叛依","0","2","2"
"谦反叛依附","0","2","2"
"反叛依附晋","0","2","2"
"刺史张蟾反","0","2","2"
"史张蟾反叛","0","2","2"
"王师范假装","0","2","2"
"在郊外迎接","0","2","2"
"派刘郡进攻","0","2","2"
"为登州刺史","0","2","2"
"任命为行军","0","2","2"
"梁太祖向西","0","2","2"
"太祖向西进","0","2","2"
"祖向西进攻","0","2","2"
"向西进攻凤","0","2","2"
"西进攻凤翔","0","2","2"
"的各个州县","0","2","2"
"郡于是派人","0","2","2"
"葛从周的母","0","2","2"
"从周的母亲","0","2","2"
"臣子各自为","0","2","2"
"刘郭回答说","0","2","2"
"色衣服骑着","0","2","2"
"衣服骑着驴","0","2","2"
"服骑着驴子","0","2","2"
"用酒招待他","0","2","2"
"太祖更觉得","0","2","2"
"祖更觉得他","0","2","2"
"屡经升迁任","0","2","2"
"太祖派刘郡","0","2","2"
"存节讨伐他","0","2","2"
"魏为两个镇","0","2","2"
"黄泽关袭击","0","2","2"
"泽关袭击太","0","2","2"
"关袭击太原","0","2","2"
"不能前进而","0","2","2"
"能前进而返","0","2","2"
"前进而返回","0","2","2"
"屯积的粮食","0","2","2"
"军锐不可挡","0","2","2"
"我没有什么","0","2","2"
"梁末帝大怒","0","2","2"
"将领们都想","0","2","2"
"唐庄宗和将","0","2","2"
"庄宗和将领","0","2","2"
"宗和将领们","0","2","2"
"领们商议说","0","2","2"
"梁末帝任命","0","2","2"
"末帝任命刘","0","2","2"
"帝任命刘郡","0","2","2"
"任命刘郡为","0","2","2"
"的军队多次","0","2","2"
"的儿子刘遂","0","2","2"
"唐明宗晚年","0","2","2"
"两个儿子都","0","2","2"
"刘遂雍任西","0","2","2"
"遂雍任西京","0","2","2"
"雍任西京副","0","2","2"
"任西京副留","0","2","2"
"刘遂雍关闭","0","2","2"
"遂雍关闭城","0","2","2"
"雍关闭城门","0","2","2"
"任淄州刺史","0","2","2"
"牛存节望着","0","2","2"
"望着他的随","0","2","2"
"着他的随从","0","2","2"
"将领们都不","0","2","2"
"领们都不想","0","2","2"
"们都不想去","0","2","2"
"任左龙虎统","0","2","2"
"来拖垮他们","0","2","2"
"最终不能攻","0","2","2"
"下平章事头","0","2","2"
"平章事头衔","0","2","2"
"是我的儿子","0","2","2"
"弟弟张归厚","0","2","2"
"都跟随黄巢","0","2","2"
"黄巢被打败","0","2","2"
"巢被打败后","0","2","2"
"赐给金银绸","0","2","2"
"给金银绸缎","0","2","2"
"派张归霸率","0","2","2"
"张归霸率领","0","2","2"
"率领几百骑","0","2","2"
"领几百骑兵","0","2","2"
"缴获战马几","0","2","2"
"战马几十匹","0","2","2"
"梁太祖的军","0","2","2"
"和朱瑾在金","0","2","2"
"朱瑾在金乡","0","2","2"
"跟随梁末帝","0","2","2"
"于是梁太祖","0","2","2"
"的战马中箭","0","2","2"
"梁太祖见到","0","2","2"
"人多次作战","0","2","2"
"拜为镇国军","0","2","2"
"随梁太祖平","0","2","2"
"梁太祖平定","0","2","2"
"于是攻占了","0","2","2"
"一个多月后","0","2","2"
"梁太祖开始","0","2","2"
"派遣他的将","0","2","2"
"遣他的将领","0","2","2"
"他的将领张","0","2","2"
"的军队小败","0","2","2"
"和梁太祖一","0","2","2"
"镇守宣武军","0","2","2"
"向东进攻充","0","2","2"
"梁太祖赐名","0","2","2"
"庞师古进攻","0","2","2"
"师古进攻杨","0","2","2"
"古进攻杨行","0","2","2"
"率本州岛军","0","2","2"
"唐昭宗迁都","0","2","2"
"昭宗迁都洛","0","2","2"
"宗迁都洛阳","0","2","2"
"向晋投降时","0","2","2"
"梁太祖在襄","0","2","2"
"太祖在襄阳","0","2","2"
"师厚进攻剂","0","2","2"
"厚进攻剂南","0","2","2"
"等人进攻他","0","2","2"
"周德威进攻","0","2","2"
"不久梁太祖","0","2","2"
"刘守光向梁","0","2","2"
"守光向梁请","0","2","2"
"光向梁请求","0","2","2"
"史建瑭率领","0","2","2"
"劝他不要去","0","2","2"
"于是派遣马","0","2","2"
"推心置腹地","0","2","2"
"父亲和君主","0","2","2"
"王舜贤到洛","0","2","2"
"舜贤到洛阳","0","2","2"
"终于和袁象","0","2","2"
"于和袁象先","0","2","2"
"随杨行密在","0","2","2"
"派遣王景仁","0","2","2"
"王景仁估计","0","2","2"
"的军队已经","0","2","2"
"如果我得到","0","2","2"
"不难平定了","0","2","2"
"李思安等人","0","2","2"
"人的军队讨","0","2","2"
"梁太祖急忙","0","2","2"
"太祖急忙命","0","2","2"
"祖急忙命令","0","2","2"
"于是罢免王","0","2","2"
"贺瓖和何怀","0","2","2"
"瓖和何怀宝","0","2","2"
"等人率兵一","0","2","2"
"人率兵一万","0","2","2"
"一万人救援","0","2","2"
"军饷供应线","0","2","2"
"于是挑选精","0","2","2"
"是挑选精兵","0","2","2"
"他们的士兵","0","2","2"
"士兵三千人","0","2","2"
"晋王进入魏","0","2","2"
"王进入魏州","0","2","2"
"刘郭在旧元","0","2","2"
"郭在旧元城","0","2","2"
"屯驻在行台","0","2","2"
"老弱病残的","0","2","2"
"黄河两岸修","0","2","2"
"河两岸修筑","0","2","2"
"年六十二岁","0","2","2"
"梁太祖觉得","0","2","2"
"祖觉得他很","0","2","2"
"太祖十分恐","0","2","2"
"祖十分恐惧","0","2","2"
"打算亲自率","0","2","2"
"算亲自率兵","0","2","2"
"请求让自己","0","2","2"
"唐庄宗攻取","0","2","2"
"能攻克而返","0","2","2"
"攻克而返回","0","2","2"
"派遣马嗣勋","0","2","2"
"太祖于是派","0","2","2"
"跟随诸葛爽","0","2","2"
"任汝州防御","0","2","2"
"军队被打败","0","2","2"
"孙儒攻陷河","0","2","2"
"儒攻陷河阳","0","2","2"
"派王虔裕率","0","2","2"
"虔裕向晋投","0","2","2"
"裕向晋投降","0","2","2"
"贺瓖任北面","0","2","2"
"任北面招讨","0","2","2"
"一旦面对敌","0","2","2"
"旦面对敌人","0","2","2"
"孟知祥害怕","0","2","2"
"推荐郭崇韬","0","2","2"
"而定州王都","0","2","2"
"晋人都感到","0","2","2"
"都感到害怕","0","2","2"
"拜郭崇韬为","0","2","2"
"位居自己之","0","2","2"
"居自己之上","0","2","2"
"老朋友的子","0","2","2"
"朋友的子弟","0","2","2"
"友的子弟说","0","2","2"
"请求立刘氏","0","2","2"
"天子因为你","0","2","2"
"受到天下人","0","2","2"
"于是上书请","0","2","2"
"是上书请求","0","2","2"
"赏赐的财物","0","2","2"
"过去的将领","0","2","2"
"请求依照唐","0","2","2"
"照唐的旧例","0","2","2"
"把枢密使的","0","2","2"
"给你一个镇","0","2","2"
"现在天下统","0","2","2"
"在天下统一","0","2","2"
"精疲力尽了","0","2","2"
"崇韬于是陈","0","2","2"
"陈说自己的","0","2","2"
"我怎么能够","0","2","2"
"很多老百姓","0","2","2"
"宗于是派人","0","2","2"
"军在黄河边","0","2","2"
"在黄河边对","0","2","2"
"即使是寒冬","0","2","2"
"以天下为己","0","2","2"
"天下为己任","0","2","2"
"希望陛下不","0","2","2"
"望陛下不要","0","2","2"
"挑拨离间的","0","2","2"
"为郭崇韬所","0","2","2"
"他请求的事","0","2","2"
"给郭崇韬看","0","2","2"
"多次为他说","0","2","2"
"次为他说话","0","2","2"
"恨得咬牙切","0","2","2"
"得咬牙切齿","0","2","2"
"从容不迫地","0","2","2"
"人日夜不停","0","2","2"
"日夜不停地","0","2","2"
"道路没有修","0","2","2"
"路没有修好","0","2","2"
"庄宗发怒说","0","2","2"
"因受到诬告","0","2","2"
"没有人能代","0","2","2"
"有人能代替","0","2","2"
"人能代替你","0","2","2"
"军政大事都","0","2","2"
"经过的地方","0","2","2"
"都投降迎接","0","2","2"
"投降迎接他","0","2","2"
"降迎接他们","0","2","2"
"王衍的弟弟","0","2","2"
"衍的弟弟王","0","2","2"
"弟弟王宗弼","0","2","2"
"任西川兵马","0","2","2"
"王宗弼把王","0","2","2"
"宗弼把王衍","0","2","2"
"弼把王衍迁","0","2","2"
"献给郭崇韬","0","2","2"
"没收他们的","0","2","2"
"收他们的家","0","2","2"
"他们的家产","0","2","2"
"蜀地的功劳","0","2","2"
"李从袭等人","0","2","2"
"来慰劳军队","0","2","2"
"去郊外迎接","0","2","2"
"蜀地得到的","0","2","2"
"令魏王杀掉","0","2","2"
"有雄才大略","0","2","2"
"朱宣被打败","0","2","2"
"时跟随唐明","0","2","2"
"唐明宗镇守","0","2","2"
"镇守安国军","0","2","2"
"在魏州发动","0","2","2"
"魏州发动兵","0","2","2"
"州发动兵变","0","2","2"
"决推辞不接","0","2","2"
"辅助帝王创","0","2","2"
"助帝王创业","0","2","2"
"帝王创业的","0","2","2"
"一孔之见的","0","2","2"
"孔之见的计","0","2","2"
"之见的计虑","0","2","2"
"是灾祸产生","0","2","2"
"灾祸产生的","0","2","2"
"祸产生的根","0","2","2"
"产生的根源","0","2","2"
"经过御史台","0","2","2"
"御史台门前","0","2","2"
"就在御史台","0","2","2"
"在御史台门","0","2","2"
"杀掉马延然","0","2","2"
"掉马延然后","0","2","2"
"然后纔上奏","0","2","2"
"中没有人敢","0","2","2"
"有人敢说什","0","2","2"
"人敢说什么","0","2","2"
"退居在磁州","0","2","2"
"朱守殷以汴","0","2","2"
"守殷以汴州","0","2","2"
"殷以汴州反","0","2","2"
"以汴州反叛","0","2","2"
"派人伪造诏","0","2","2"
"人伪造诏书","0","2","2"
"诬告任圜和","0","2","2"
"告任圜和朱","0","2","2"
"和朱守殷合","0","2","2"
"朱守殷合谋","0","2","2"
"先告诉安重","0","2","2"
"诉安重诲然","0","2","2"
"安重诲然后","0","2","2"
"对唐明宗说","0","2","2"
"唐明宗暗中","0","2","2"
"明宗暗中派","0","2","2"
"宗暗中派人","0","2","2"
"又有什么用","0","2","2"
"唐明宗大怒","0","2","2"
"安重诲竭尽","0","2","2"
"重诲竭尽忠","0","2","2"
"上的人争相","0","2","2"
"太子太师离","0","2","2"
"子太师离官","0","2","2"
"太师离官居","0","2","2"
"师离官居家","0","2","2"
"派药彦稠率","0","2","2"
"彦稠率兵到","0","2","2"
"不是他的本","0","2","2"
"是他的本意","0","2","2"
"什么呢于是","0","2","2"
"到安重诲那","0","2","2"
"是什么原因","0","2","2"
"导致孟知祥","0","2","2"
"安重诲获罪","0","2","2"
"任崇政院使","0","2","2"
"唐枢密使的","0","2","2"
"担任这个职","0","2","2"
"任这个职务","0","2","2"
"而足智多谋","0","2","2"
"逐渐升迁为","0","2","2"
"跟随晋王攻","0","2","2"
"随晋王攻破","0","2","2"
"勇猛的将领","0","2","2"
"常常骑着白","0","2","2"
"自己与众不","0","2","2"
"己与众不同","0","2","2"
"喜欢说大话","0","2","2"
"周德威率领","0","2","2"
"昭关闭城门","0","2","2"
"而周德威和","0","2","2"
"唐庄宗刚刚","0","2","2"
"唐庄宗派人","0","2","2"
"召他的军队","0","2","2"
"亲自率兵出","0","2","2"
"北面安营扎","0","2","2"
"面安营扎寨","0","2","2"
"的精锐部队","0","2","2"
"速战速决纔","0","2","2"
"战速决纔有","0","2","2"
"速决纔有利","0","2","2"
"优势的地方","0","2","2"
"将领们没有","0","2","2"
"领们没有人","0","2","2"
"们没有人敢","0","2","2"
"对监军张承","0","2","2"
"军张承业说","0","2","2"
"况且我们的","0","2","2"
"且我们的军","0","2","2"
"一水之隔罢","0","2","2"
"水之隔罢了","0","2","2"
"见唐庄宗说","0","2","2"
"唐庄宗笑着","0","2","2"
"庄宗笑着说","0","2","2"
"他的全部军","0","2","2"
"的全部军队","0","2","2"
"宋二州的军","0","2","2"
"于是派人告","0","2","2"
"是派人告诉","0","2","2"
"面的军队说","0","2","2"
"自从梁和晋","0","2","2"
"刘守光包围","0","2","2"
"闭城门拒守","0","2","2"
"为卢龙军节","0","2","2"
"庄宗和刘郡","0","2","2"
"宗和刘郡在","0","2","2"
"因此唐庄宗","0","2","2"
"唐庄宗最终","0","2","2"
"刘郭的军队","0","2","2"
"随唐庄宗到","0","2","2"
"很难和他们","0","2","2"
"难和他们硬","0","2","2"
"的军队先到","0","2","2"
"骑兵骚扰他","0","2","2"
"扎在黄河边","0","2","2"
"又做什么呢","0","2","2"
"唐庄宗在中","0","2","2"
"定二州的军","0","2","2"
"的军队在左","0","2","2"
"军队在左面","0","2","2"
"威的军队在","0","2","2"
"的军队在右","0","2","2"
"军队在右面","0","2","2"
"入梁军阵地","0","2","2"
"运送军需的","0","2","2"
"送军需的部","0","2","2"
"军需的部队","0","2","2"
"晋王任他为","0","2","2"
"为义儿军使","0","2","2"
"跟随晋王进","0","2","2"
"晋王进攻王","0","2","2"
"王进攻王行","0","2","2"
"跟随李嗣昭","0","2","2"
"符存审和史","0","2","2"
"存审和史建","0","2","2"
"审和史建瑭","0","2","2"
"魏博背叛梁","0","2","2"
"和刘郡在莘","0","2","2"
"刘郡在莘州","0","2","2"
"唐庄宗在旧","0","2","2"
"庄宗在旧元","0","2","2"
"宗在旧元城","0","2","2"
"在旧元城打","0","2","2"
"旧元城打败","0","2","2"
"元城打败刘","0","2","2"
"调任符存审","0","2","2"
"骑兵五千人","0","2","2"
"于是派符存","0","2","2"
"是派符存审","0","2","2"
"他的儿子符","0","2","2"
"修筑两个城","0","2","2"
"河中粮食少","0","2","2"
"在营垒中不","0","2","2"
"李嗣昭等人","0","2","2"
"大小一百多","0","2","2"
"小一百多次","0","2","2"
"一百多次战","0","2","2"
"百多次战斗","0","2","2"
"周德威死后","0","2","2"
"派人安慰晓","0","2","2"
"人安慰晓谕","0","2","2"
"安慰晓谕他","0","2","2"
"消灭梁进入","0","2","2"
"的妻子郭氏","0","2","2"
"对国家有功","0","2","2"
"四方少数民","0","2","2"
"方少数民族","0","2","2"
"有三个儿子","0","2","2"
"王李存霸逃","0","2","2"
"李存霸逃奔","0","2","2"
"存霸逃奔到","0","2","2"
"霸逃奔到太","0","2","2"
"逃奔到太原","0","2","2"
"唐明宗对他","0","2","2"
"调任镇守昭","0","2","2"
"任镇守昭义","0","2","2"
"镇守昭义军","0","2","2"
"任泰宁军节","0","2","2"
"戍守瓦桥关","0","2","2"
"假装答应他","0","2","2"
"于是暗中和","0","2","2"
"管理州中事","0","2","2"
"理州中事务","0","2","2"
"唐废帝到河","0","2","2"
"废帝到河阳","0","2","2"
"晋高祖任命","0","2","2"
"义成军的士","0","2","2"
"成军的士兵","0","2","2"
"于是全部杀","0","2","2"
"是全部杀掉","0","2","2"
"带着几个骑","0","2","2"
"着几个骑兵","0","2","2"
"叛的罪名上","0","2","2"
"兵作为先锋","0","2","2"
"史建瑭率先","0","2","2"
"建瑭率先锋","0","2","2"
"瑭率先锋兵","0","2","2"
"亲自率兵进","0","2","2"
"自率兵进攻","0","2","2"
"率兵进攻赵","0","2","2"
"的精兵都在","0","2","2"
"草放牧的人","0","2","2"
"出去割草放","0","2","2"
"人追击他们","0","2","2"
"随唐庄宗进","0","2","2"
"晋军在镇州","0","2","2"
"军在镇州讨","0","2","2"
"中飞箭而死","0","2","2"
"自己的名字","0","2","2"
"听说张彦泽","0","2","2"
"们都佩服他","0","2","2"
"庄宗登上高","0","2","2"
"跟睫唐庄宗","0","2","2"
"今天的战斗","0","2","2"
"山的西面布","0","2","2"
"的西面布阵","0","2","2"
"于是夺取了","0","2","2"
"将领们都说","0","2","2"
"的军需物资","0","2","2"
"唐庄宗在军","0","2","2"
"在军营门口","0","2","2"
"能够攻破梁","0","2","2"
"放火焚烧梁","0","2","2"
"穿镗甲的士","0","2","2"
"自从唐庄宗","0","2","2"
"唐庄宗取得","0","2","2"
"任刘守光的","0","2","2"
"进攻刘仁恭","0","2","2"
"常跟随唐明","0","2","2"
"唐庄宗返回","0","2","2"
"超过了其它","0","2","2"
"过了其它将","0","2","2"
"了其它将领","0","2","2"
"殿宴请群臣","0","2","2"
"赵在礼在魏","0","2","2"
"在礼在魏反","0","2","2"
"礼在魏反叛","0","2","2"
"于是任他为","0","2","2"
"元行钦进攻","0","2","2"
"行钦进攻邺","0","2","2"
"钦进攻邺都","0","2","2"
"酒犒劳军队","0","2","2"
"对元行钦说","0","2","2"
"召各镇军队","0","2","2"
"唐明宗到魏","0","2","2"
"唐明宗已经","0","2","2"
"元行钦于是","0","2","2"
"请求返回京","0","2","2"
"求返回京师","0","2","2"
"唐庄宗到汴","0","2","2"
"唐庄宗又派","0","2","2"
"明宗进入汴","0","2","2"
"唐庄宗到万","0","2","2"
"庄宗到万胜","0","2","2"
"更加不高兴","0","2","2"
"哭泣着回答","0","2","2"
"于是和将领","0","2","2"
"有什么对不","0","2","2"
"什么对不起","0","2","2"
"么对不起你","0","2","2"
"对不起你的","0","2","2"
"在洛阳街上","0","2","2"
"宗的儿子李","0","2","2"
"为人勇猛果","0","2","2"
"随唐庄宗打","0","2","2"
"攻下魏博后","0","2","2"
"在黄河对峙","0","2","2"
"唐庄宗在黄","0","2","2"
"庄宗在黄河","0","2","2"
"对张承业说","0","2","2"
"的军队惊慌","0","2","2"
"和唐明宗有","0","2","2"
"习骑马射箭","0","2","2"
"任衙内指挥","0","2","2"
"任汴州军校","0","2","2"
"唐庄宗任他","0","2","2"
"庄宗任他为","0","2","2"
"次跟随唐庄","0","2","2"
"随唐庄宗征","0","2","2"
"唐庄宗征伐","0","2","2"
"任曹州刺史","0","2","2"
"在北门迎接","0","2","2"
"北门迎接唐","0","2","2"
"门迎接唐明","0","2","2"
"迎接唐明宗","0","2","2"
"在西门迎接","0","2","2"
"西门迎接唐","0","2","2"
"门迎接唐庄","0","2","2"
"拜西方邺为","0","2","2"
"率兵出三峡","0","2","2"
"接受别人的","0","2","2"
"轻时跟随赵","0","2","2"
"时跟随赵王","0","2","2"
"在柏乡攻破","0","2","2"
"柏乡攻破梁","0","2","2"
"乡攻破梁军","0","2","2"
"我家世代住","0","2","2"
"家世代住在","0","2","2"
"我让我效力","0","2","2"
"没有什么好","0","2","2"
"符习讨伐张","0","2","2"
"习讨伐张文","0","2","2"
"的将领攻破","0","2","2"
"为成德军节","0","2","2"
"推辞不敢接","0","2","2"
"辞不敢接受","0","2","2"
"后来调任镇","0","2","2"
"来调任镇守","0","2","2"
"调任镇守安","0","2","2"
"唐明宗派人","0","2","2"
"的主意纔打","0","2","2"
"主意纔打定","0","2","2"
"是把他的军","0","2","2"
"明宗于是以","0","2","2"
"任镇守宣武","0","2","2"
"于是以太子","0","2","2"
"唐明宗任他","0","2","2"
"遇了一年多","0","2","2"
"有两个儿子","0","2","2"
"父亲的缘故","0","2","2"
"亲的缘故被","0","2","2"
"的缘故被任","0","2","2"
"的有几千人","0","2","2"
"后来在晋做","0","2","2"
"来在晋做官","0","2","2"
"符习的军队","0","2","2"
"的母亲妻子","0","2","2"
"因功拜为刺","0","2","2"
"关系国家利","0","2","2"
"手下的人都","0","2","2"
"都很喜欢他","0","2","2"
"唐庄宗的大","0","2","2"
"庄宗的大业","0","2","2"
"不久唐庄宗","0","2","2"
"于是请求罢","0","2","2"
"是请求罢官","0","2","2"
"为人聪明善","0","2","2"
"人聪明善辩","0","2","2"
"没有别的才","0","2","2"
"有别的才能","0","2","2"
"以聚敛财富","0","2","2"
"聚敛财富为","0","2","2"
"唐庄宗刚登","0","2","2"
"庄宗刚登位","0","2","2"
"征收的赋税","0","2","2"
"把赋税帖子","0","2","2"
"赋税帖子直","0","2","2"
"税帖子直接","0","2","2"
"帖子直接下","0","2","2"
"子直接下发","0","2","2"
"如今唐的天","0","2","2"
"百官的俸禄","0","2","2"
"人都怨恨他","0","2","2"
"登记没收他","0","2","2"
"记没收他的","0","2","2"
"没收他的家","0","2","2"
"后来用兵打","0","2","2"
"来用兵打仗","0","2","2"
"设置租庸使","0","2","2"
"天下钱财粮","0","2","2"
"下钱财粮食","0","2","2"
"晋高祖十分","0","2","2"
"和刘延朗等","0","2","2"
"奉刘守光任","0","2","2"
"州奔赴汴州","0","2","2"
"古代称王的","0","2","2"
"代称王的人","0","2","2"
"更把他看成","0","2","2"
"把他看成奇","0","2","2"
"庄宗派李严","0","2","2"
"奇异的物品","0","2","2"
"率领五千士","0","2","2"
"领五千士兵","0","2","2"
"逐渐压制他","0","2","2"
"他的母亲说","0","2","2"
"命令孟知祥","0","2","2"
"都很憎恶他","0","2","2"
"孟知祥摆酒","0","2","2"
"君主的命令","0","2","2"
"孟知祥发怒","0","2","2"
"唐明宗任客","0","2","2"
"明宗任客将","0","2","2"
"董璋摆酒宴","0","2","2"
"令手下人拉","0","2","2"
"手下人拉出","0","2","2"
"必定会反叛","0","2","2"
"受到安重诲","0","2","2"
"到安重诲的","0","2","2"
"的亲近信任","0","2","2"
"董璋有二心","0","2","2"
"他的儿子董","0","2","2"
"的儿子董光","0","2","2"
"董璋更加疑","0","2","2"
"璋更加疑心","0","2","2"
"挫败他们的","0","2","2"
"败他们的锐","0","2","2"
"他们的锐气","0","2","2"
"任贝州刺史","0","2","2"
"在黄河相对","0","2","2"
"黄河相对抗","0","2","2"
"唐明宗听说","0","2","2"
"明宗听说后","0","2","2"
"于是亲自到","0","2","2"
"有人报告说","0","2","2"
"轻时事奉唐","0","2","2"
"时事奉唐明","0","2","2"
"明宗即位后","0","2","2"
"和安重诲有","0","2","2"
"安重诲有矛","0","2","2"
"重诲有矛盾","0","2","2"
"川节度使时","0","2","2"
"重他的为人","0","2","2"
"酒酣耳热时","0","2","2"
"安重诲也因","0","2","2"
"重诲也因受","0","2","2"
"诲也因受到","0","2","2"
"门不让他进","0","2","2"
"为左武卫上","0","2","2"
"任山南束道","0","2","2"
"唐明宗已病","0","2","2"
"唐明宗发怒","0","2","2"
"朱弘昭和冯","0","2","2"
"朱弘昭进见","0","2","2"
"杀秦王而立","0","2","2"
"秦王而立唐","0","2","2"
"王而立唐愍","0","2","2"
"而立唐愍帝","0","2","2"
"帝进京即位","0","2","2"
"李从珂的军","0","2","2"
"从珂的军队","0","2","2"
"珂的军队已","0","2","2"
"儿女都被杀","0","2","2"
"帝在凤翔起","0","2","2"
"在凤翔起兵","0","2","2"
"唐愍帝即位","0","2","2"
"昭胤等人商","0","2","2"
"因此很害怕","0","2","2"
"唐明宗患病","0","2","2"
"来商议事情","0","2","2"
"王思同率各","0","2","2"
"思同率各镇","0","2","2"
"同率各镇军","0","2","2"
"率各镇军队","0","2","2"
"军队包围凤","0","2","2"
"队包围凤翔","0","2","2"
"唐废帝进入","0","2","2"
"在唐明宗的","0","2","2"
"张蒙传达神","0","2","2"
"蒙传达神的","0","2","2"
"受到亲近信","0","2","2"
"到亲近信任","0","2","2"
"唐废帝即位","0","2","2"
"任韩昭胤为","0","2","2"
"任侍卫步军","0","2","2"
"又难以开口","0","2","2"
"于是假装患","0","2","2"
"是假装患了","0","2","2"
"等人多次说","0","2","2"
"石敬瑭和趟","0","2","2"
"契丹多次侵","0","2","2"
"丹多次侵犯","0","2","2"
"屯驻的军队","0","2","2"
"斩杀三十多","0","2","2"
"杀三十多人","0","2","2"
"皇帝派使臣","0","2","2"
"多次说不能","0","2","2"
"说不能这样","0","2","2"
"皇帝在晚上","0","2","2"
"帝在晚上召","0","2","2"
"石敬瑭的事","0","2","2"
"都大惊失色","0","2","2"
"心里很忧虑","0","2","2"
"多次催促他","0","2","2"
"立石敬瑭为","0","2","2"
"石敬瑭为天","0","2","2"
"晋高祖进入","0","2","2"
"多的人得到","0","2","2"
"的人得到条","0","2","2"
"人得到条件","0","2","2"
"又任他为将","0","2","2"
"祸福成败的","0","2","2"
"福成败的道","0","2","2"
"能不引以为","0","2","2"
"不引以为戒","0","2","2"
"兴亡成败的","0","2","2"
"年轻时任骑","0","2","2"
"轻时任骑将","0","2","2"
"任突骑指挥","0","2","2"
"唐愍帝派王","0","2","2"
"一千五百人","0","2","2"
"的军队已到","0","2","2"
"康思立于是","0","2","2"
"都放下武器","0","2","2"
"打开城门迎","0","2","2"
"开城门迎接","0","2","2"
"唐庄宗时任","0","2","2"
"随唐明宗讨","0","2","2"
"康义诚上前","0","2","2"
"升任捧圣指","0","2","2"
"任捧圣指挥","0","2","2"
"随唐明宗攻","0","2","2"
"唐明宗攻破","0","2","2"
"升任侍卫亲","0","2","2"
"李从荣素来","0","2","2"
"从荣素来骄","0","2","2"
"荣素来骄横","0","2","2"
"大臣朱弘昭","0","2","2"
"人都认为不","0","2","2"
"因李从荣的","0","2","2"
"李从荣的缘","0","2","2"
"从荣的缘故","0","2","2"
"唐愍帝登位","0","2","2"
"张虔钊的军","0","2","2"
"虔钊的军队","0","2","2"
"惊惶恐惧不","0","2","2"
"现在京师的","0","2","2"
"京师的军队","0","2","2"
"全部率领他","0","2","2"
"部率领他们","0","2","2"
"为以后作打","0","2","2"
"皇帝面前争","0","2","2"
"愍帝逃到卫","0","2","2"
"帝逃到卫州","0","2","2"
"亲军的名称","0","2","2"
"是军队的长","0","2","2"
"军队的长官","0","2","2"
"在京马步军","0","2","2"
"事都取决于","0","2","2"
"以至于灭亡","0","2","2"
"能不警惕吗","0","2","2"
"自己的军队","0","2","2"
"都不能考知","0","2","2"
"跟随王晏球","0","2","2"
"杨彦温驱逐","0","2","2"
"安重诲的意","0","2","2"
"重诲的意旨","0","2","2"
"逃亡到山谷","0","2","2"
"亡到山谷中","0","2","2"
"唐明宗认为","0","2","2"
"药彦稠等人","0","2","2"
"他们的族人","0","2","2"
"他们的大首","0","2","2"
"们的大首领","0","2","2"
"的大首领连","0","2","2"
"大首领连香","0","2","2"
"任招讨副使","0","2","2"
"任王处直的","0","2","2"
"卿士大夫家","0","2","2"
"是唐的名门","0","2","2"
"唐的名门望","0","2","2"
"们的妻子儿","0","2","2"
"任宰相以来","0","2","2"
"求长生不老","0","2","2"
"韦说的儿子","0","2","2"
"豆卢革的儿","0","2","2"
"卢革的儿子","0","2","2"
"都没有得到","0","2","2"
"使安重诲在","0","2","2"
"豆卢革放纵","0","2","2"
"卢革放纵田","0","2","2"
"革放纵田客","0","2","2"
"放纵田客杀","0","2","2"
"候选的官吏","0","2","2"
"唐军讨伐蜀","0","2","2"
"高季兴请求","0","2","2"
"季兴请求率","0","2","2"
"唐庄宗同意","0","2","2"
"庄宗同意了","0","2","2"
"高季兴自己","0","2","2"
"派别的将领","0","2","2"
"高季兴多次","0","2","2"
"季兴多次请","0","2","2"
"兴多次请求","0","2","2"
"人都是过去","0","2","2"
"都是过去唐","0","2","2"
"推辞说不会","0","2","2"
"辞说不会写","0","2","2"
"卢程为中书","0","2","2"
"程为中书侍","0","2","2"
"这就是人们","0","2","2"
"就是人们所","0","2","2"
"是什么东西","0","2","2"
"路上从马上","0","2","2"
"上从马上摔","0","2","2"
"任观察支使","0","2","2"
"宗慰劳他说","0","2","2"
"宗派李嗣昭","0","2","2"
"张文礼的儿","0","2","2"
"文礼的儿子","0","2","2"
"礼的儿子张","0","2","2"
"儿子张处球","0","2","2"
"关闭城门坚","0","2","2"
"闭城门坚守","0","2","2"
"州人相信了","0","2","2"
"哪里比得上","0","2","2"
"人们都称赞","0","2","2"
"的官吏百姓","0","2","2"
"事情交托给","0","2","2"
"情交托给他","0","2","2"
"王李继岌和","0","2","2"
"为黔南节度","0","2","2"
"康延孝反叛","0","2","2"
"李继岌派任","0","2","2"
"岌派任圜率","0","2","2"
"孟知祥等人","0","2","2"
"唐明宗嘉奖","0","2","2"
"明宗嘉奖他","0","2","2"
"有才能的人","0","2","2"
"任圜和安重","0","2","2"
"圜和安重诲","0","2","2"
"唐明宗询问","0","2","2"
"天下人都知","0","2","2"
"下人都知道","0","2","2"
"是任圜说了","0","2","2"
"任圜说了算","0","2","2"
"唐明宗因此","0","2","2"
"罢为太子少","0","2","2"
"为太子少保","0","2","2"
"朱守殷在汴","0","2","2"
"守殷在汴州","0","2","2"
"殷在汴州反","0","2","2"
"在汴州反叛","0","2","2"
"于是剃去头","0","2","2"
"是剃去头发","0","2","2"
"剃去头发做","0","2","2"
"的弟弟刘守","0","2","2"
"为博州刺史","0","2","2"
"到他很高兴","0","2","2"
"命皇后拜张","0","2","2"
"皇后拜张全","0","2","2"
"后拜张全义","0","2","2"
"张全义为父","0","2","2"
"全义为父亲","0","2","2"
"张全义的养","0","2","2"
"全义的养子","0","2","2"
"出身的君主","0","2","2"
"皇帝的意旨","0","2","2"
"班位在翰林","0","2","2"
"位在翰林学","0","2","2"
"在翰林学士","0","2","2"
"翰林学士之","0","2","2"
"唐明宗也不","0","2","2"
"羞愧不能回","0","2","2"
"愧不能回答","0","2","2"
"召他到京师","0","2","2"
"唐明宗到汴","0","2","2"
"明宗到汴州","0","2","2"
"随行护驾的","0","2","2"
"率领百官到","0","2","2"
"后来安重诲","0","2","2"
"边彦温等人","0","2","2"
"知道很多唐","0","2","2"
"任节度副使","0","2","2"
"天佑三年死","0","2","2"
"为礼部尚书","0","2","2"
"他为天雄军","0","2","2"
"王都前来朝","0","2","2"
"都前来朝见","0","2","2"
"都建立国号","0","2","2"
"杀掉他的使","0","2","2"
"而永王李存","0","2","2"
"手下人告诉","0","2","2"
"哭泣着拒绝","0","2","2"
"庄宗即位后","0","2","2"
"纔知道他的","0","2","2"
"设置检举箱","0","2","2"
"唐明宗赐给","0","2","2"
"准备在南郊","0","2","2"
"备在南郊祭","0","2","2"
"在南郊祭祀","0","2","2"
"任罗绍威的","0","2","2"
"经升迁为中","0","2","2"
"升迁为中书","0","2","2"
"迁为中书舍","0","2","2"
"议事的人请","0","2","2"
"事的人请求","0","2","2"
"病住在家中","0","2","2"
"依法应当处","0","2","2"
"被长期流放","0","2","2"
"穿着白衣骑","0","2","2"
"着白衣骑着","0","2","2"
"为西川节度","0","2","2"
"请求留下趟","0","2","2"
"求留下趟季","0","2","2"
"留下趟季良","0","2","2"
"迫不得已而","0","2","2"
"赏赐十分丰","0","2","2"
"赐十分丰厚","0","2","2"
"从别的途径","0","2","2"
"别的途径谋","0","2","2"
"的途径谋求","0","2","2"
"途径谋求做","0","2","2"
"径谋求做官","0","2","2"
"考中了进士","0","2","2"
"晋高祖召他","0","2","2"
"高祖召他任","0","2","2"
"常让他跟着","0","2","2"
"让他跟着自","0","2","2"
"他跟着自己","0","2","2"
"桑维翰去见","0","2","2"
"维翰去见耶","0","2","2"
"翰去见耶律","0","2","2"
"去见耶律德","0","2","2"
"桑维翰的功","0","2","2"
"维翰的功劳","0","2","2"
"调任镇守泰","0","2","2"
"任镇守泰宁","0","2","2"
"安重荣于是","0","2","2"
"断绝友好关","0","2","2"
"绝友好关系","0","2","2"
"的主意已打","0","2","2"
"主意已打定","0","2","2"
"又任为枢密","0","2","2"
"任为枢密使","0","2","2"
"说他的坏话","0","2","2"
"罢免桑维翰","0","2","2"
"帝的弟弟石","0","2","2"
"弟弟石重睿","0","2","2"
"桑维翰于是","0","2","2"
"重威等人的","0","2","2"
"自从契丹和","0","2","2"
"从契丹和晋","0","2","2"
"的书檄文告","0","2","2"
"张彦泽率兵","0","2","2"
"不敢抬头看","0","2","2"
"退下对人说","0","2","2"
"是怎样一个","0","2","2"
"皇帝的命令","0","2","2"
"知道不能免","0","2","2"
"张彦泽派人","0","2","2"
"耶律德光到","0","2","2"
"王彦章在中","0","2","2"
"彦章在中都","0","2","2"
"在中都打仗","0","2","2"
"晋高祖任六","0","2","2"
"高祖任六军","0","2","2"
"祖任六军副","0","2","2"
"任六军副使","0","2","2"
"守殷反叛的","0","2","2"
"祖爱惜他的","0","2","2"
"爱惜他的才","0","2","2"
"惜他的才能","0","2","2"
"为侍卫步军","0","2","2"
"又召为侍卫","0","2","2"
"晋高祖去世","0","2","2"
"自己的功劳","0","2","2"
"自称为臣子","0","2","2"
"景延广一人","0","2","2"
"随行的官吏","0","2","2"
"和他的母亲","0","2","2"
"当时天下旱","0","2","2"
"时天下旱灾","0","2","2"
"随晋出帝北","0","2","2"
"晋出帝北征","0","2","2"
"为什么不速","0","2","2"
"什么不速战","0","2","2"
"么不速战速","0","2","2"
"契丹离去后","0","2","2"
"从景延广一","0","2","2"
"耶律德光回","0","2","2"
"律德光回答","0","2","2"
"德光回答说","0","2","2"
"有什么罪而","0","2","2"
"把他囚禁起","0","2","2"
"他囚禁起来","0","2","2"
"在老百姓家","0","2","2"
"老百姓家中","0","2","2"
"看守他的人","0","2","2"
"自己的脖子","0","2","2"
"举国兴师动","0","2","2"
"国兴师动众","0","2","2"
"的功劳最多","0","2","2"
"年轻的君主","0","2","2"
"坚守州城不","0","2","2"
"于是写信告","0","2","2"
"是写信告诉","0","2","2"
"于是在那里","0","2","2"
"善于安抚士","0","2","2"
"祖镇守河东","0","2","2"
"汉高祖召见","0","2","2"
"就任他为节","0","2","2"
"祖平定京师","0","2","2"
"没有人敢上","0","2","2"
"派人告诉李","0","2","2"
"答应给他一","0","2","2"
"应给他一个","0","2","2"
"给他一个州","0","2","2"
"苏逢吉于是","0","2","2"
"第赐给苏逢","0","2","2"
"赐给苏逢吉","0","2","2"
"断他们的脚","0","2","2"
"的人都为他","0","2","2"
"罢免李涛的","0","2","2"
"免李涛的宰","0","2","2"
"李涛的宰相","0","2","2"
"周太祖镇守","0","2","2"
"太祖镇守邺","0","2","2"
"祖镇守邺都","0","2","2"
"杀掉史弘肇","0","2","2"
"周太祖平定","0","2","2"
"漠高祖统率","0","2","2"
"高祖统率禁","0","2","2"
"为忠武军节","0","2","2"
"所到的地方","0","2","2"
"苏逢吉等人","0","2","2"
"百姓无辜获","0","2","2"
"姓无辜获罪","0","2","2"
"无辜获罪的","0","2","2"
"史弘肇和杨","0","2","2"
"这些人有什","0","2","2"
"些人有什么","0","2","2"
"有什么功劳","0","2","2"
"家中聚会饮","0","2","2"
"中聚会饮酒","0","2","2"
"杨合哭泣着","0","2","2"
"聂文进等人","0","2","2"
"很想除掉他","0","2","2"
"和李业等人","0","2","2"
"甲的士兵从","0","2","2"
"没有人敢回","0","2","2"
"跟随漠高祖","0","2","2"
"任右都押衙","0","2","2"
"拜为枢密使","0","2","2"
"中书侍郎兼","0","2","2"
"杨合又认为","0","2","2"
"合又认为不","0","2","2"
"又认为不行","0","2","2"
"的礼仪安葬","0","2","2"
"弘肇等人同","0","2","2"
"肇等人同一","0","2","2"
"等人同一天","0","2","2"
"人同一天被","0","2","2"
"汉隐帝登位","0","2","2"
"老百姓的租","0","2","2"
"周太祖的军","0","2","2"
"祖的军队进","0","2","2"
"周太祖和王","0","2","2"
"太祖和王峻","0","2","2"
"祖和王峻等","0","2","2"
"对他的妻子","0","2","2"
"群臣都认为","0","2","2"
"住宅各一处","0","2","2"
"求福消炎的","0","2","2"
"消炎的办法","0","2","2"
"弘肇等人都","0","2","2"
"谋杀掉杨郇","0","2","2"
"杀掉杨郇等","0","2","2"
"掉杨郇等人","0","2","2"
"等人率兵在","0","2","2"
"钱财赏赐军","0","2","2"
"财赏赐军队","0","2","2"
"的魏州士兵","0","2","2"
"他们的子弟","0","2","2"
"谋杀杨郇等","0","2","2"
"杀杨郇等人","0","2","2"
"聂文进晚上","0","2","2"
"杨邰等人死","0","2","2"
"汉隐帝被杀","0","2","2"
"高祖喜欢他","0","2","2"
"漠高祖即位","0","2","2"
"为汉高祖的","0","2","2"
"用重金贿赂","0","2","2"
"重金贿赂他","0","2","2"
"杨郇和王章","0","2","2"
"等人有矛盾","0","2","2"
"漠隐帝诛杀","0","2","2"
"失治国之道","0","2","2"
"治国之道而","0","2","2"
"国之道而失","0","2","2"
"之道而失去","0","2","2"
"皇帝的人在","0","2","2"
"事情不能控","0","2","2"
"情不能控制","0","2","2"
"不能控制就","0","2","2"
"能控制就导","0","2","2"
"控制就导致","0","2","2"
"的过失罢了","0","2","2"
"进用贤人斥","0","2","2"
"用贤人斥退","0","2","2"
"贤人斥退不","0","2","2"
"人斥退不贤","0","2","2"
"斥退不贤的","0","2","2"
"退不贤的人","0","2","2"
"以便让他们","0","2","2"
"让百姓休养","0","2","2"
"百姓休养生","0","2","2"
"姓休养生息","0","2","2"
"的人愿意做","0","2","2"
"人愿意做我","0","2","2"
"愿意做我们","0","2","2"
"意做我们的","0","2","2"
"要大举出兵","0","2","2"
"任左散骑常","0","2","2"
"周世宗刚登","0","2","2"
"世宗刚登位","0","2","2"
"统一天下的","0","2","2"
"于用兵打仗","0","2","2"
"可以首先攻","0","2","2"
"以首先攻取","0","2","2"
"拜为户部侍","0","2","2"
"升任枢密使","0","2","2"
"王朴留守京","0","2","2"
"对外从事征","0","2","2"
"外从事征伐","0","2","2"
"时年五十四","0","2","2"
"骁悍勇猛而","0","2","2"
"汉高祖任河","0","2","2"
"屡次升迁至","0","2","2"
"周太祖在河","0","2","2"
"太祖在河中","0","2","2"
"郑仁诲为大","0","2","2"
"仁诲为大内","0","2","2"
"诲为大内都","0","2","2"
"多次升任至","0","2","2"
"为水部员外","0","2","2"
"拜为知制诰","0","2","2"
"懂得棋子的","0","2","2"
"得棋子的作","0","2","2"
"棋子的作用","0","2","2"
"子的作用而","0","2","2"
"的作用而把","0","2","2"
"作用而把它","0","2","2"
"用而把它放","0","2","2"
"而把它放到","0","2","2"
"合适的位置","0","2","2"
"适的位置的","0","2","2"
"的位置的人","0","2","2"
"愚蠢不贤的","0","2","2"
"蠢不贤的人","0","2","2"
"把贤智之士","0","2","2"
"贤智之士安","0","2","2"
"智之士安置","0","2","2"
"之士安置在","0","2","2"
"淹没他们的","0","2","2"
"国家的君主","0","2","2"
"志节的义士","0","2","2"
"任澶州刺史","0","2","2"
"相等六州为","0","2","2"
"等六州为两","0","2","2"
"州为两个镇","0","2","2"
"不听从指挥","0","2","2"
"金波亭以防","0","2","2"
"魏州军队果","0","2","2"
"州军队果然","0","2","2"
"秘密派使臣","0","2","2"
"派使臣招降","0","2","2"
"使臣招降王","0","2","2"
"使臣自绝后","0","2","2"
"臣自绝后路","0","2","2"
"黄河两岸驻","0","2","2"
"河两岸驻军","0","2","2"
"晋已完全占","0","2","2"
"已完全占据","0","2","2"
"梁末帝昏庸","0","2","2"
"张汉杰等专","0","2","2"
"汉杰等专权","0","2","2"
"还没有消灭","0","2","2"
"末帝于是召","0","2","2"
"段凝为副使","0","2","2"
"王彦章回答","0","2","2"
"彦章回答说","0","2","2"
"王彦章率兵","0","2","2"
"城已被攻破","0","2","2"
"王彦章到达","0","2","2"
"隐瞒王彦章","0","2","2"
"瞒王彦章的","0","2","2"
"士兵们都大","0","2","2"
"赵岩等人从","0","2","2"
"岩等人从中","0","2","2"
"骑兵五百人","0","2","2"
"张漠杰监督","0","2","2"
"漠杰监督他","0","2","2"
"兵一百多人","0","2","2"
"庄宗见到他","0","2","2"
"你常常把我","0","2","2"
"唐庄宗喜爱","0","2","2"
"庄宗喜爱他","0","2","2"
"宗喜爱他的","0","2","2"
"又等什么呢","0","2","2"
"活着有什么","0","2","2"
"么脸面见天","0","2","2"
"李嗣昭为昭","0","2","2"
"唐庄宗求救","0","2","2"
"周军出征淮","0","2","2"
"刘仁赡独自","0","2","2"
"在正阳战败","0","2","2"
"十多天不停","0","2","2"
"元帅齐王李","0","2","2"
"帅齐王李景","0","2","2"
"齐王李景达","0","2","2"
"李重进和张","0","2","2"
"重进和张永","0","2","2"
"进和张永德","0","2","2"
"和张永德两","0","2","2"
"德两军相互","0","2","2"
"两军相互猜","0","2","2"
"军相互猜疑","0","2","2"
"因此怨愤叹","0","2","2"
"此怨愤叹息","0","2","2"
"怨愤叹息而","0","2","2"
"愤叹息而生","0","2","2"
"叹息而生病","0","2","2"
"都不能坚守","0","2","2"
"的儿子刘崇","0","2","2"
"为检校太尉","0","2","2"
"校太尉兼中","0","2","2"
"太尉兼中书","0","2","2"
"尉兼中书令","0","2","2"
"丧事由官府","0","2","2"
"事由官府出","0","2","2"
"由官府出资","0","2","2"
"为彭城郡王","0","2","2"
"为怀州刺史","0","2","2"
"也追封他为","0","2","2"
"已经很久了","0","2","2"
"杀死他的儿","0","2","2"
"死他的儿子","0","2","2"
"使孙羽等人","0","2","2"
"在这个时代","0","2","2"
"国家的存亡","0","2","2"
"心安理得地","0","2","2"
"以苟且偷生","0","2","2"
"为国事而死","0","2","2"
"国事而死的","0","2","2"
"事而死的臣","0","2","2"
"而死的臣子","0","2","2"
"认为有可取","0","2","2"
"君子对于人","0","2","2"
"保全节操的","0","2","2"
"全节操的士","0","2","2"
"这是有用意","0","2","2"
"是有用意的","0","2","2"
"值得称道的","0","2","2"
"李罕之以潞","0","2","2"
"罕之以潞州","0","2","2"
"先袭击攻破","0","2","2"
"城中粮食快","0","2","2"
"中粮食快要","0","2","2"
"都不能幸免","0","2","2"
"他们全部杀","0","2","2"
"们全部杀死","0","2","2"
"赐给姓名叫","0","2","2"
"给姓名叫李","0","2","2"
"后来唐庄宗","0","2","2"
"更加觉得他","0","2","2"
"拜为郑州防","0","2","2"
"为郑州防御","0","2","2"
"京师请求留","0","2","2"
"师请求留下","0","2","2"
"请求留下他","0","2","2"
"纔得以离去","0","2","2"
"唐军攻伐剂","0","2","2"
"军攻伐剂南","0","2","2"
"为招讨副使","0","2","2"
"中粮食吃完","0","2","2"
"年四十九岁","0","2","2"
"得到董璋的","0","2","2"
"扔到厕所中","0","2","2"
"能为国家而","0","2","2"
"为国家而死","0","2","2"
"士割他的肉","0","2","2"
"抚恤他的家","0","2","2"
"恤他的家人","0","2","2"
"子刘守光囚","0","2","2"
"任郑州防御","0","2","2"
"任匡国军节","0","2","2"
"任雄武节度","0","2","2"
"雄武节度使","0","2","2"
"左右的人说","0","2","2"
"拥立年幼的","0","2","2"
"年幼的继承","0","2","2"
"幼的继承人","0","2","2"
"城外的士兵","0","2","2"
"士兵死伤很","0","2","2"
"兵死伤很多","0","2","2"
"李从珂登上","0","2","2"
"从珂登上城","0","2","2"
"的军队呼叫","0","2","2"
"镗甲不离身","0","2","2"
"如今先帝刚","0","2","2"
"军队都溃散","0","2","2"
"队都溃散了","0","2","2"
"他的话感到","0","2","2"
"多次侵犯边","0","2","2"
"唐废帝怀疑","0","2","2"
"于是任张敬","0","2","2"
"是任张敬达","0","2","2"
"任张敬达为","0","2","2"
"修筑长城连","0","2","2"
"石敬瑭回答","0","2","2"
"敬瑭回答说","0","2","2"
"关键是要成","0","2","2"
"键是要成功","0","2","2"
"而两军已经","0","2","2"
"两军已经交","0","2","2"
"队包围他们","0","2","2"
"延寿等人都","0","2","2"
"杀掉我向晋","0","2","2"
"掉我向晋投","0","2","2"
"我向晋投降","0","2","2"
"不知道是什","0","2","2"
"知道是什么","0","2","2"
"道是什么地","0","2","2"
"是什么地方","0","2","2"
"什么地方的","0","2","2"
"么地方的人","0","2","2"
"兵拦击他们","0","2","2"
"派精锐骑兵","0","2","2"
"的士兵大多","0","2","2"
"他的家属都","0","2","2"
"随杜重威在","0","2","2"
"杜重威在阳","0","2","2"
"重威在阳城","0","2","2"
"在阳城作战","0","2","2"
"因奋力作战","0","2","2"
"驻扎在中渡","0","2","2"
"供应军饷的","0","2","2"
"应军饷的道","0","2","2"
"军饷的道路","0","2","2"
"契丹军作战","0","2","2"
"杜重威已有","0","2","2"
"重威已有二","0","2","2"
"威已有二心","0","2","2"
"漠高祖登位","0","2","2"
"刘曼进攻晋","0","2","2"
"周太祖派王","0","2","2"
"太祖派王峻","0","2","2"
"拜为感德军","0","2","2"
"为感德军节","0","2","2"
"召他为判官","0","2","2"
"特别喜欢他","0","2","2"
"周世宗同意","0","2","2"
"世宗同意了","0","2","2"
"李德明等人","0","2","2"
"德明等人返","0","2","2"
"明等人返回","0","2","2"
"等人返回后","0","2","2"
"德等人分别","0","2","2"
"待他们很好","0","2","2"
"孙晟不回答","0","2","2"
"的过失罪恶","0","2","2"
"子杀死他的","0","2","2"
"这样的人吗","0","2","2"
"这样的人我","0","2","2"
"样的人我找","0","2","2"
"的人我找到","0","2","2"
"人我找到一","0","2","2"
"替自己辩白","0","2","2"
"年七十四岁","0","2","2"
"祖觉得他的","0","2","2"
"一生不喜欢","0","2","2"
"功累官升迁","0","2","2"
"沼州团练使","0","2","2"
"为自己辩白","0","2","2"
"六代人同住","0","2","2"
"这是从前的","0","2","2"
"是梁的客将","0","2","2"
"受牵连被贬","0","2","2"
"第二年三月","0","2","2"
"唐哀帝让位","0","2","2"
"文章德行出","0","2","2"
"章德行出名","0","2","2"
"天子微弱无","0","2","2"
"子微弱无力","0","2","2"
"追赠右仆射","0","2","2"
"唐昭宗时任","0","2","2"
"任命为宰相","0","2","2"
"人相对而哭","0","2","2"
"儿子杨凝式","0","2","2"
"任门下侍郎","0","2","2"
"官做到太子","0","2","2"
"做到太子太","0","2","2"
"从小聪明颖","0","2","2"
"着他的母亲","0","2","2"
"他为掌书记","0","2","2"
"拜为中书舍","0","2","2"
"升任工部侍","0","2","2"
"为刑部尚书","0","2","2"
"任中书侍郎","0","2","2"
"保辞官居家","0","2","2"
"唐昭宗从岐","0","2","2"
"梁太祖从长","0","2","2"
"太祖从长芦","0","2","2"
"的礼节进见","0","2","2"
"薛贻矩为中","0","2","2"
"贻矩为中书","0","2","2"
"矩为中书侍","0","2","2"
"任礼部尚书","0","2","2"
"杀掉唐昭宗","0","2","2"
"到唐昭宗被","0","2","2"
"唐昭宗被杀","0","2","2"
"帝的谧号叫","0","2","2"
"苏循父子都","0","2","2"
"希望受到重","0","2","2"
"望受到重用","0","2","2"
"灭亡的时候","0","2","2"
"率兵侵犯京","0","2","2"
"为自己开脱","0","2","2"
"被乱兵杀死","0","2","2"
"国家送给别","0","2","2"
"家送给别人","0","2","2"
"先用朋党的","0","2","2"
"党的罪名来","0","2","2"
"接着就灭亡","0","2","2"
"着就灭亡了","0","2","2"
"想使别人的","0","2","2"
"使别人的国","0","2","2"
"人的国家空","0","2","2"
"的国家空虚","0","2","2"
"国家空虚无","0","2","2"
"家空虚无人","0","2","2"
"空虚无人而","0","2","2"
"虚无人而除","0","2","2"
"无人而除去","0","2","2"
"人而除去它","0","2","2"
"而除去它的","0","2","2"
"除去它的君","0","2","2"
"去它的君子","0","2","2"
"孤立君主的","0","2","2"
"立君主的势","0","2","2"
"君主的势力","0","2","2"
"主的势力而","0","2","2"
"的势力而蒙","0","2","2"
"势力而蒙蔽","0","2","2"
"力而蒙蔽君","0","2","2"
"而蒙蔽君主","0","2","2"
"蒙蔽君主耳","0","2","2"
"蔽君主耳目","0","2","2"
"君主耳目的","0","2","2"
"主耳目的人","0","2","2"
"可以诬告者","0","2","2"
"和他们交往","0","2","2"
"这是自然而","0","2","2"
"是自然而然","0","2","2"
"自然而然的","0","2","2"
"然而然的道","0","2","2"
"而然的道理","0","2","2"
"就叫做朋党","0","2","2"
"好人却不敢","0","2","2"
"整个国家空","0","2","2"
"个国家空虚","0","2","2"
"国家空虚而","0","2","2"
"家空虚而没","0","2","2"
"空虚而没有","0","2","2"
"虚而没有君","0","2","2"
"而没有君子","0","2","2"
"太祖的养子","0","2","2"
"百姓家的儿","0","2","2"
"姓家的儿子","0","2","2"
"唐太祖外出","0","2","2"
"给他金银绸","0","2","2"
"他金银绸帛","0","2","2"
"他的哥哥王","0","2","2"
"王珂在河中","0","2","2"
"潞州向梁投","0","2","2"
"杀敌三千人","0","2","2"
"进攻梁的潞","0","2","2"
"攻梁的潞州","0","2","2"
"率兵进攻他","0","2","2"
"听说梁太祖","0","2","2"
"大举出兵攻","0","2","2"
"举出兵攻打","0","2","2"
"出兵攻打晋","0","2","2"
"梁军解围离","0","2","2"
"昭又攻取汾","0","2","2"
"从阴地出兵","0","2","2"
"李嗣昭奋力","0","2","2"
"曾派人招降","0","2","2"
"在德胜筑城","0","2","2"
"被契丹包围","0","2","2"
"李嗣昭代替","0","2","2"
"的各个儿子","0","2","2"
"任命他为昭","0","2","2"
"命他为昭义","0","2","2"
"是派他的弟","0","2","2"
"时跟随唐太","0","2","2"
"攻打罗弘信","0","2","2"
"升任代州刺","0","2","2"
"任代州刺史","0","2","2"
"天佑十三年","0","2","2"
"随唐太祖在","0","2","2"
"援救朱友谦","0","2","2"
"任辽州刺史","0","2","2"
"升任天雄军","0","2","2"
"为马步军都","0","2","2"
"唐太祖大怒","0","2","2"
"袭击攻破河","0","2","2"
"击攻破河阳","0","2","2"
"士兵协助李","0","2","2"
"兵协助李罕","0","2","2"
"率五千骑兵","0","2","2"
"五千骑兵救","0","2","2"
"千骑兵救援","0","2","2"
"素来和李存","0","2","2"
"来和李存信","0","2","2"
"太祖哀怜他","0","2","2"
"是李存信害","0","2","2"
"李存信害的","0","2","2"
"将领们不能","0","2","2"
"为昭义节度","0","2","2"
"随唐太祖进","0","2","2"
"唐太祖进关","0","2","2"
"黄河边打仗","0","2","2"
"唐庄宗十分","0","2","2"
"宗十分高兴","0","2","2"
"李存进代替","0","2","2"
"存进代替李","0","2","2"
"进代替李嗣","0","2","2"
"代替李嗣昭","0","2","2"
"差不多杀光","0","2","2"
"不多杀光了","0","2","2"
"李汉韶和张","0","2","2"
"汉韶和张虔","0","2","2"
"韶和张虔钊","0","2","2"
"和张承业等","0","2","2"
"张承业等人","0","2","2"
"立唐庄宗为","0","2","2"
"唐庄宗为晋","0","2","2"
"庄宗为晋王","0","2","2"
"晋王任命李","0","2","2"
"唐庄宗进攻","0","2","2"
"任慈州刺史","0","2","2"
"天佑十八年","0","2","2"
"叛梁归附晋","0","2","2"
"因而望着李","0","2","2"
"而望着李存","0","2","2"
"望着李存贤","0","2","2"
"着李存贤说","0","2","2"
"就可以明白","0","2","2"
"可以明白了","0","2","2"
"是我的仇敌","0","2","2"
"唐庄宗接受","0","2","2"
"天下已经平","0","2","2"
"下已经平定","0","2","2"
"打湿了衣襟","0","2","2"
"使自身灭亡","0","2","2"
"和艺人们在","0","2","2"
"艺人们在庭","0","2","2"
"后来消灭梁","0","2","2"
"慰劳他的辛","0","2","2"
"劳他的辛苦","0","2","2"
"郭崇韬谏阻","0","2","2"
"崇韬谏阻说","0","2","2"
"不可以这样","0","2","2"
"唐庄宗对郭","0","2","2"
"庄宗喜好打","0","2","2"
"宗喜好打猎","0","2","2"
"于是上前请","0","2","2"
"是上前请求","0","2","2"
"不要杀死我","0","2","2"
"派景进等人","0","2","2"
"唐庄宗询问","0","2","2"
"邺都的美女","0","2","2"
"都的美女一","0","2","2"
"的美女一千","0","2","2"
"美女一千人","0","2","2"
"刘皇后听信","0","2","2"
"听信宦官的","0","2","2"
"帝的弟弟李","0","2","2"
"向朱友谦索","0","2","2"
"郭崇韬被杀","0","2","2"
"和他的将领","0","2","2"
"散骑常侍兼","0","2","2"
"半夜驰马出","0","2","2"
"夜驰马出城","0","2","2"
"下他的军队","0","2","2"
"任命他为从","0","2","2"
"从马直指挥","0","2","2"
"月丁亥初一","0","2","2"
"不久杀了他","0","2","2"
"任命他为河","0","2","2"
"在京师外的","0","2","2"
"京师外的宦","0","2","2"
"师外的宦官","0","2","2"
"当做哥哥对","0","2","2"
"做哥哥对待","0","2","2"
"在黄河边作","0","2","2"
"黄河边作战","0","2","2"
"不过是为了","0","2","2"
"为家为国报","0","2","2"
"家为国报仇","0","2","2"
"的大恩大德","0","2","2"
"向张承业谢","0","2","2"
"张承业谢罪","0","2","2"
"承业谢罪说","0","2","2"
"卢质嗜好饮","0","2","2"
"质嗜好饮酒","0","2","2"
"潞州以牵制","0","2","2"
"州以牵制梁","0","2","2"
"魏王攻破蜀","0","2","2"
"唐明宗在魏","0","2","2"
"明宗在魏州","0","2","2"
"兵一千多人","0","2","2"
"至于英雄豪","0","2","2"
"于英雄豪杰","0","2","2"
"能言善辩的","0","2","2"
"前后左右的","0","2","2"
"后左右的人","0","2","2"
"疏远的臣子","0","2","2"
"宦官造成的","0","2","2"
"幽禁在束宫","0","2","2"
"诏令天下全","0","2","2"
"令天下全部","0","2","2"
"天下全部捕","0","2","2"
"唐明宗从镇","0","2","2"
"明宗从镇州","0","2","2"
"宗从镇州前","0","2","2"
"从镇州前来","0","2","2"
"镇州前来朝","0","2","2"
"州前来朝见","0","2","2"
"把情况告诉","0","2","2"
"到唐明宗即","0","2","2"
"削发做了和","0","2","2"
"发做了和尚","0","2","2"
"讨厌他把他","0","2","2"
"他们的子孙","0","2","2"
"有可取之处","0","2","2"
"他作为养子","0","2","2"
"向李匡威求","0","2","2"
"王处存进攻","0","2","2"
"处存进攻王","0","2","2"
"都亲自率兵","0","2","2"
"把军队交给","0","2","2"
"的弟弟李匡","0","2","2"
"的军队作乱","0","2","2"
"父亲一样事","0","2","2"
"亲一样事奉","0","2","2"
"一样事奉他","0","2","2"
"狂风拔起树","0","2","2"
"王镕给李嗣","0","2","2"
"镕给李嗣昭","0","2","2"
"给李嗣昭的","0","2","2"
"被飞箭射中","0","2","2"
"儿子王昭祚","0","2","2"
"因此更加强","0","2","2"
"的儿子王昭","0","2","2"
"儿子王昭诲","0","2","2"
"的军队救援","0","2","2"
"把政事交托","0","2","2"
"政事交托给","0","2","2"
"事交托给宦","0","2","2"
"交托给宦官","0","2","2"
"人关闭城门","0","2","2"
"请求杀掉他","0","2","2"
"们都很恐惧","0","2","2"
"他的儿子张","0","2","2"
"儿子张处瑾","0","2","2"
"你们的主帅","0","2","2"
"觉得他很奇","0","2","2"
"共同拥立他","0","2","2"
"军进攻魏州","0","2","2"
"梁太祖获知","0","2","2"
"太祖获知后","0","2","2"
"派使臣告诉","0","2","2"
"军队返回时","0","2","2"
"梁太祖往来","0","2","2"
"继承父亲的","0","2","2"
"罗绍威向梁","0","2","2"
"绍威向梁求","0","2","2"
"威向梁求救","0","2","2"
"罗绍威因此","0","2","2"
"是由牙军拥","0","2","2"
"由牙军拥立","0","2","2"
"牙军拥立的","0","2","2"
"派使臣向梁","0","2","2"
"罗廷规娶梁","0","2","2"
"的士兵攻打","0","2","2"
"梁太祖攻打","0","2","2"
"罗绍威全部","0","2","2"
"的势力更加","0","2","2"
"势力更加孤","0","2","2"
"力更加孤立","0","2","2"
"昭宗束迁到","0","2","2"
"宗束迁到洛","0","2","2"
"束迁到洛阳","0","2","2"
"他的父亲刘","0","2","2"
"的父亲刘仁","0","2","2"
"人向梁投降","0","2","2"
"禀报梁太祖","0","2","2"
"在路上相遇","0","2","2"
"命令他的儿","0","2","2"
"罗周翰监理","0","2","2"
"周翰监理府","0","2","2"
"翰监理府事","0","2","2"
"唐明宗任命","0","2","2"
"明宗任命他","0","2","2"
"任命他为匡","0","2","2"
"娶梁末帝的","0","2","2"
"梁末帝的女","0","2","2"
"末帝的女儿","0","2","2"
"又拜为节度","0","2","2"
"被梁兵打败","0","2","2"
"太祖表奏王","0","2","2"
"封为太原王","0","2","2"
"道士的衣服","0","2","2"
"都取决于他","0","2","2"
"王处直的将","0","2","2"
"知道他必定","0","2","2"
"而没有人能","0","2","2"
"他把他杀了","0","2","2"
"命他为节度","0","2","2"
"唐庄宗拿出","0","2","2"
"侍妾所生的","0","2","2"
"妾所生的儿","0","2","2"
"所生的儿子","0","2","2"
"的儿子王郁","0","2","2"
"而定州人都","0","2","2"
"王处直不听","0","2","2"
"不能容忍他","0","2","2"
"都起兵反叛","0","2","2"
"王处直认为","0","2","2"
"处直认为是","0","2","2"
"派王晏球讨","0","2","2"
"晏球讨伐他","0","2","2"
"契丹派秃馁","0","2","2"
"骑兵救援王","0","2","2"
"兵救援王都","0","2","2"
"不敢有二心","0","2","2"
"王都和秃馁","0","2","2"
"闭城门不再","0","2","2"
"城门不再出","0","2","2"
"门不再出来","0","2","2"
"都住在城中","0","2","2"
"和他的家属","0","2","2"
"能和士兵同","0","2","2"
"和士兵同甘","0","2","2"
"士兵同甘共","0","2","2"
"兵同甘共苦","0","2","2"
"也是王氏的","0","2","2"
"是王氏的后","0","2","2"
"王氏的后代","0","2","2"
"为幽州留后","0","2","2"
"为他向唐请","0","2","2"
"亲自率兵讨","0","2","2"
"自率兵讨伐","0","2","2"
"刘仁恭发怒","0","2","2"
"为什么多次","0","2","2"
"昭宗最终任","0","2","2"
"为横海军节","0","2","2"
"为他攻打潞","0","2","2"
"他攻打潞州","0","2","2"
"被刘守光打","0","2","2"
"刘守光打败","0","2","2"
"于是向契丹","0","2","2"
"弟弟刘守光","0","2","2"
"光的将领元","0","2","2"
"的将领元行","0","2","2"
"将领元行钦","0","2","2"
"囚禁在另一","0","2","2"
"拥立刘守文","0","2","2"
"立刘守文的","0","2","2"
"刘守文的儿","0","2","2"
"守文的儿子","0","2","2"
"文的儿子刘","0","2","2"
"急切谏阻认","0","2","2"
"切谏阻认为","0","2","2"
"又派人告诉","0","2","2"
"请求任命自","0","2","2"
"求任命自己","0","2","2"
"任命自己为","0","2","2"
"这是天子的","0","2","2"
"在一方称帝","0","2","2"
"州被打败时","0","2","2"
"梁干化元年","0","2","2"
"都迎接投降","0","2","2"
"还没有在郊","0","2","2"
"没有在郊外","0","2","2"
"有在郊外祭","0","2","2"
"霸的人的事","0","2","2"
"刘守光登城","0","2","2"
"别人的危急","0","2","2"
"自己骑的马","0","2","2"
"刘守光和他","0","2","2"
"守光和他的","0","2","2"
"的妻子李氏","0","2","2"
"到了这地步","0","2","2"
"想建立功业","0","2","2"
"是你们的主","0","2","2"
"的弟弟卢光","0","2","2"
"弟弟卢光睦","0","2","2"
"埋伏在山谷","0","2","2"
"伏在山谷中","0","2","2"
"京师请求任","0","2","2"
"拥立他的儿","0","2","2"
"立他的儿子","0","2","2"
"儿子卢延昌","0","2","2"
"向梁请求任","0","2","2"
"梁请求任命","0","2","2"
"雷彦恭投奔","0","2","2"
"获他的弟弟","0","2","2"
"等七人送到","0","2","2"
"七人送到梁","0","2","2"
"杨行密多次","0","2","2"
"杜洪战败而","0","2","2"
"洪战败而死","0","2","2"
"于是亲自率","0","2","2"
"请求把女儿","0","2","2"
"求把女儿嫁","0","2","2"
"的儿子锺匡","0","2","2"
"儿子锺匡时","0","2","2"
"锺传的养子","0","2","2"
"传的养子锺","0","2","2"
"的养子锺延","0","2","2"
"养子锺延规","0","2","2"
"杨渥派秦裴","0","2","2"
"危全讽等人","0","2","2"
"的将领周本","0","2","2"
"秦宗权多次","0","2","2"
"梁太祖最初","0","2","2"
"赵匡凝派他","0","2","2"
"匡凝派他的","0","2","2"
"凝派他的弟","0","2","2"
"赵匡凝兄弟","0","2","2"
"藏书几千卷","0","2","2"
"史俨等人率","0","2","2"
"逃奔到淮南","0","2","2"
"王李克用派","0","2","2"
"派杨师厚攻","0","2","2"
"杨师厚攻打","0","2","2"
"赵匡明逃奔","0","2","2"
"匡明逃奔到","0","2","2"
"明逃奔到蜀","0","2","2"
"贩盐做盗贼","0","2","2"
"让他隶属于","0","2","2"
"梁太祖已经","0","2","2"
"逃亡的士兵","0","2","2"
"强壮的士兵","0","2","2"
"自称为留后","0","2","2"
"为泰宁军节","0","2","2"
"于是派牙将","0","2","2"
"和葛从周等","0","2","2"
"杨行密听说","0","2","2"
"杨行密任用","0","2","2"
"徐知训专权","0","2","2"
"不久徐知训","0","2","2"
"这事不是我","0","2","2"
"事不是我敢","0","2","2"
"不是我敢知","0","2","2"
"是我敢知道","0","2","2"
"我敢知道的","0","2","2"
"忙起身入内","0","2","2"
"用徐知训的","0","2","2"
"州徐知诰听","0","2","2"
"徐知诰听说","0","2","2"
"在上面修建","0","2","2"
"认为王师范","0","2","2"
"不接受替代","0","2","2"
"有什么作为","0","2","2"
"天子危急受","0","2","2"
"向杨行密求","0","2","2"
"杨行密求兵","0","2","2"
"王师范于是","0","2","2"
"杀掉梁太祖","0","2","2"
"派朱友宁攻","0","2","2"
"朱友宁攻打","0","2","2"
"为右金吾卫","0","2","2"
"听说此事的","0","2","2"
"说此事的人","0","2","2"
"事的人都哀","0","2","2"
"逃跑到淮南","0","2","2"
"为光州刺史","0","2","2"
"为东南面招","0","2","2"
"李罕之为副","0","2","2"
"秦宗权派孙","0","2","2"
"宗权派孙儒","0","2","2"
"的儿子诸葛","0","2","2"
"儿子诸葛仲","0","2","2"
"子诸葛仲方","0","2","2"
"全部军队攻","0","2","2"
"部军队攻打","0","2","2"
"李罕之留下","0","2","2"
"罕之留下他","0","2","2"
"之留下他的","0","2","2"
"没有作为了","0","2","2"
"之所以这样","0","2","2"
"李罕之背叛","0","2","2"
"罕之背叛晋","0","2","2"
"背叛晋归附","0","2","2"
"叛晋归附梁","0","2","2"
"为右羽林统","0","2","2"
"被乱军杀死","0","2","2"
"任泽潞节度","0","2","2"
"是派他的将","0","2","2"
"骑兵三百人","0","2","2"
"王重盈的儿","0","2","2"
"重盈的儿子","0","2","2"
"王行瑜等人","0","2","2"
"兵进犯京师","0","2","2"
"梁太祖因王","0","2","2"
"太祖因王珂","0","2","2"
"梁太祖到河","0","2","2"
"太祖到河中","0","2","2"
"进见梁太祖","0","2","2"
"梁太祖对他","0","2","2"
"到达华州时","0","2","2"
"唐庄宗从郫","0","2","2"
"庄宗从郫州","0","2","2"
"宗从郫州进","0","2","2"
"从郫州进入","0","2","2"
"梁末帝听说","0","2","2"
"末帝听说唐","0","2","2"
"帝听说唐兵","0","2","2"
"听说唐兵快","0","2","2"
"伏在地上请","0","2","2"
"在地上请求","0","2","2"
"地上请求处","0","2","2"
"上请求处死","0","2","2"
"张汉杰等人","0","2","2"
"以保护自己","0","2","2"
"对将吏们说","0","2","2"
"唐昭宗就以","0","2","2"
"在朝中专权","0","2","2"
"梁太祖自立","0","2","2"
"牙兵两干人","0","2","2"
"以魏博向晋","0","2","2"
"和唐庄宗在","0","2","2"
"了有人传言","0","2","2"
"也不能坚守","0","2","2"
"他左右的人","0","2","2"
"上奏请求杀","0","2","2"
"奏请求杀掉","0","2","2"
"军队留在江","0","2","2"
"队留在江北","0","2","2"
"唐僖宗在蜀","0","2","2"
"唐昭宗在岐","0","2","2"
"冯行袭为人","0","2","2"
"行袭为人严","0","2","2"
"梁太祖认为","0","2","2"
"派氏叔琮和","0","2","2"
"十分高兴地","0","2","2"
"分高兴地说","0","2","2"
"任保大军节","0","2","2"
"为右龙武统","0","2","2"
"李彦威等人","0","2","2"
"彦威等人杀","0","2","2"
"威等人杀唐","0","2","2"
"等人杀唐昭","0","2","2"
"人杀唐昭宗","0","2","2"
"年号为天佑","0","2","2"
"天佑这个年","0","2","2"
"佑这个年号","0","2","2"
"废黜唐昭宗","0","2","2"
"立功的时机","0","2","2"
"派李振到京","0","2","2"
"李振到京师","0","2","2"
"救出唐昭宗","0","2","2"
"想成就大事","0","2","2"
"朱友恭等人","0","2","2"
"拜为右仆射","0","2","2"
"送到梁太祖","0","2","2"
"祖派韦震到","0","2","2"
"报告梁太祖","0","2","2"
"为他出谋划","0","2","2"
"他出谋划策","0","2","2"
"太保辞官退","0","2","2"
"保辞官退休","0","2","2"
"为太子太傅","0","2","2"
"于是冒姓朱","0","2","2"
"孔循和蒋玄","0","2","2"
"循和蒋玄晖","0","2","2"
"唐哀帝登位","0","2","2"
"向梁太祖进","0","2","2"
"梁太祖进谗","0","2","2"
"太祖进谗言","0","2","2"
"天子在郊外","0","2","2"
"子在郊外祭","0","2","2"
"帝王的兴起","0","2","2"
"安重诲相信","0","2","2"
"宋王李从厚","0","2","2"
"拦路挽留他","0","2","2"
"为荆南节度","0","2","2"
"父亲恩荫被","0","2","2"
"亲恩荫被任","0","2","2"
"恩荫被任为","0","2","2"
"元年正月初","0","2","2"
"承诲等人都","0","2","2"
"劫持唐昭宗","0","2","2"
"在路旁谒见","0","2","2"
"梁兵包围凤","0","2","2"
"兵包围凤翔","0","2","2"
"把他的士兵","0","2","2"
"祖非常高兴","0","2","2"
"表奏王敬莞","0","2","2"
"奏王敬莞为","0","2","2"
"士兵饥寒交","0","2","2"
"兵饥寒交迫","0","2","2"
"任左卫上将","0","2","2"
"是王氏的儿","0","2","2"
"王氏的儿子","0","2","2"
"梁末帝下诏","0","2","2"
"恢复他的原","0","2","2"
"率兵六万人","0","2","2"
"太尉兼侍中","0","2","2"
"刘知俊的战","0","2","2"
"知俊的战功","0","2","2"
"梁太祖性格","0","2","2"
"梁太祖又派","0","2","2"
"因为这个原","0","2","2"
"为这个原因","0","2","2"
"知俊于是逃","0","2","2"
"俊于是逃奔","0","2","2"
"大败康怀英","0","2","2"
"为泾州节度","0","2","2"
"夺取了他的","0","2","2"
"为武信军节","0","2","2"
"不是你们所","0","2","2"
"年轻时擅长","0","2","2"
"丁会和葛从","0","2","2"
"会和葛从周","0","2","2"
"任命丁会为","0","2","2"
"任昭义军节","0","2","2"
"任命张筠为","0","2","2"
"命张筠为节","0","2","2"
"士兵大肆劫","0","2","2"
"就向晋投降","0","2","2"
"任命康延孝","0","2","2"
"命康延孝为","0","2","2"
"梁必定灭亡","0","2","2"
"听说他们的","0","2","2"
"唐庄宗最初","0","2","2"
"全部归属段","0","2","2"
"部归属段凝","0","2","2"
"康延孝大怒","0","2","2"
"为束川节度","0","2","2"
"李继岌回师","0","2","2"
"派使臣诏李","0","2","2"
"的部下都是","0","2","2"
"朱友谦被灭","0","2","2"
"友谦被灭族","0","2","2"
"骑兵追赶他","0","2","2"
"倒一大杯酒","0","2","2"
"黄巢贼军中","0","2","2"
"出兵进攻晋","0","2","2"
"张全义事奉","0","2","2"
"张全义的妻","0","2","2"
"全义的妻子","0","2","2"
"暗中派人到","0","2","2"
"派人到太原","0","2","2"
"唐庄宗安慰","0","2","2"
"把他当哥哥","0","2","2"
"他当哥哥对","0","2","2"
"当哥哥对待","0","2","2"
"于是重金贿","0","2","2"
"是重金贿赂","0","2","2"
"贿赂刘皇后","0","2","2"
"第二年十一","0","2","2"
"到他的府第","0","2","2"
"李德裕的孙","0","2","2"
"德裕的孙子","0","2","2"
"天下的人都","0","2","2"
"下的人都认","0","2","2"
"唐庄宗怀疑","0","2","2"
"庄宗怀疑他","0","2","2"
"年七十五岁","0","2","2"
"因他的父亲","0","2","2"
"为人严刻残","0","2","2"
"人严刻残酷","0","2","2"
"于是请求说","0","2","2"
"朱友珪即位","0","2","2"
"他的儿子朱","0","2","2"
"的儿子朱令","0","2","2"
"州杀死朱令","0","2","2"
"率领他的宗","0","2","2"
"领他的宗族","0","2","2"
"都认为他们","0","2","2"
"认为他们冤","0","2","2"
"为他们冤枉","0","2","2"
"因为是梁王","0","2","2"
"屡经升迁至","0","2","2"
"派人到魏州","0","2","2"
"率领他的军","0","2","2"
"领他的军队","0","2","2"
"们欢呼踊跃","0","2","2"
"的人都传为","0","2","2"
"人都传为笑","0","2","2"
"在他们脸上","0","2","2"
"他们脸上刻","0","2","2"
"的妻子有美","0","2","2"
"妻子有美色","0","2","2"
"对此怀恨在","0","2","2"
"此怀恨在心","0","2","2"
"以太子少保","0","2","2"
"段凝驻扎在","0","2","2"
"趟在礼反叛","0","2","2"
"中埋伏甲兵","0","2","2"
"于是任命为","0","2","2"
"为武胜军节","0","2","2"
"为刘仁恭的","0","2","2"
"的儿子刘继","0","2","2"
"任命周知裕","0","2","2"
"命周知裕为","0","2","2"
"安置在别的","0","2","2"
"置在别的房","0","2","2"
"在别的房屋","0","2","2"
"别的房屋中","0","2","2"
"宣武军当兵","0","2","2"
"任命华温琪","0","2","2"
"命华温琪为","0","2","2"
"前去依附他","0","2","2"
"华温琪为节","0","2","2"
"温琪为节度","0","2","2"
"琪为节度使","0","2","2"
"拜华温琪为","0","2","2"
"任命为左骁","0","2","2"
"命为左骁卫","0","2","2"
"只有枢密使","0","2","2"
"不久任命为","0","2","2"
"率领几个骑","0","2","2"
"领几个骑兵","0","2","2"
"宗认为他很","0","2","2"
"认为他很勇","0","2","2"
"为他很勇敢","0","2","2"
"在凤翔举兵","0","2","2"
"卫三州为昭","0","2","2"
"三州为昭德","0","2","2"
"州为昭德军","0","2","2"
"为永平军节","0","2","2"
"灭亡后事奉","0","2","2"
"任兴元节度","0","2","2"
"王李继岌死","0","2","2"
"李继岌死在","0","2","2"
"留下事奉晋","0","2","2"
"任德州刺史","0","2","2"
"碰上大饥荒","0","2","2"
"上大饥荒年","0","2","2"
"用兵打仗的","0","2","2"
"为匡霸指挥","0","2","2"
"一面走一面","0","2","2"
"面走一面打","0","2","2"
"拜为开封尹","0","2","2"
"以刘处让为","0","2","2"
"刘处让于是","0","2","2"
"用祸福利害","0","2","2"
"祸福利害开","0","2","2"
"福利害开导","0","2","2"
"利害开导他","0","2","2"
"晋王任命他","0","2","2"
"王任命他为","0","2","2"
"人到京师请","0","2","2"
"张希崇于是","0","2","2"
"卢文进从平","0","2","2"
"文进从平州","0","2","2"
"希崇率领他","0","2","2"
"崇率领他的","0","2","2"
"各国都派使","0","2","2"
"国都派使臣","0","2","2"
"派使臣入朝","0","2","2"
"郇宁节度使","0","2","2"
"难道不是天","0","2","2"
"奉母亲很孝","0","2","2"
"站在一旁侍","0","2","2"
"在一旁侍候","0","2","2"
"毕宿上端的","0","2","2"
"宿上端的大","0","2","2"
"上端的大星","0","2","2"
"应在我身上","0","2","2"
"人勇猛强悍","0","2","2"
"唐庄宗派唐","0","2","2"
"庄宗派唐明","0","2","2"
"宗派唐明宗","0","2","2"
"在邺都反叛","0","2","2"
"晋高祖出兵","0","2","2"
"高祖出兵三","0","2","2"
"祖出兵三万","0","2","2"
"出兵三万人","0","2","2"
"将领李承裕","0","2","2"
"和他的士兵","0","2","2"
"讨伐安重荣","0","2","2"
"马全节在定","0","2","2"
"全节在定丰","0","2","2"
"年五十五岁","0","2","2"
"随唐明宗征","0","2","2"
"皇甫遇任马","0","2","2"
"甫遇任马军","0","2","2"
"遇任马军右","0","2","2"
"任马军右厢","0","2","2"
"派皇甫遇和","0","2","2"
"和慕容彦超","0","2","2"
"慕容彦超说","0","2","2"
"或许还能活","0","2","2"
"许还能活命","0","2","2"
"将领们惊愕","0","2","2"
"领们惊愕不","0","2","2"
"杜重威拿出","0","2","2"
"重威拿出降","0","2","2"
"威拿出降表","0","2","2"
"不能列为为","0","2","2"
"他们放下武","0","2","2"
"们放下武器","0","2","2"
"杀掉杜重威","0","2","2"
"任护圣指挥","0","2","2"
"拜安彦威为","0","2","2"
"安彦威为北","0","2","2"
"安彦威拿出","0","2","2"
"哀痛超过礼","0","2","2"
"痛超过礼制","0","2","2"
"超过礼制要","0","2","2"
"过礼制要求","0","2","2"
"纔得以逃脱","0","2","2"
"晋高祖任保","0","2","2"
"高祖任保义","0","2","2"
"祖任保义军","0","2","2"
"任护圣右厢","0","2","2"
"太子太师辞","0","2","2"
"子太师辞官","0","2","2"
"高允权的妻","0","2","2"
"允权的妻子","0","2","2"
"契丹多次派","0","2","2"
"所作所为多","0","2","2"
"擅长射箭的","0","2","2"
"长射箭的人","0","2","2"
"人出谋划策","0","2","2"
"庄宗消灭后","0","2","2"
"宗消灭后梁","0","2","2"
"天下人都认","0","2","2"
"下人都认为","0","2","2"
"从怀中拿出","0","2","2"
"晋高祖发怒","0","2","2"
"告诉唐废帝","0","2","2"
"不知他的祖","0","2","2"
"知他的祖先","0","2","2"
"的祖先是谁","0","2","2"
"将相大臣跟","0","2","2"
"就由此可知","0","2","2"
"由此可知了","0","2","2"
"晋高祖准备","0","2","2"
"很久纔苏醒","0","2","2"
"刘守光失败","0","2","2"
"杨光速在魏","0","2","2"
"光速在魏州","0","2","2"
"速在魏州讨","0","2","2"
"在魏州讨伐","0","2","2"
"魏州讨伐范","0","2","2"
"州讨伐范延","0","2","2"
"灵柩前哭泣","0","2","2"
"晋天福年间","0","2","2"
"杜重威在镇","0","2","2"
"重威在镇州","0","2","2"
"张彦泽为政","0","2","2"
"向契丹投降","0","2","2"
"思继兄弟都","0","2","2"
"被他的弟弟","0","2","2"
"高思继等人","0","2","2"
"的儿子高行","0","2","2"
"就率兵包围","0","2","2"
"可以杀掉我","0","2","2"
"转移到别的","0","2","2"
"移到别的地","0","2","2"
"高行周于是","0","2","2"
"任颖州团练","0","2","2"
"调任镇守归","0","2","2"
"任镇守归德","0","2","2"
"王李从益进","0","2","2"
"李从益进入","0","2","2"
"从益进入汴","0","2","2"
"益进入汴京","0","2","2"
"夺取他们的","0","2","2"
"他们的财物","0","2","2"
"罢任回到京","0","2","2"
"任回到京师","0","2","2"
"提着他的头","0","2","2"
"个吃饭的地","0","2","2"
"吃饭的地方","0","2","2"
"人攻打他们","0","2","2"
"把尸体送回","0","2","2"
"宗进入魏州","0","2","2"
"跟随晋高祖","0","2","2"
"在魏州反叛","0","2","2"
"自从唐明宗","0","2","2"
"百姓的赋税","0","2","2"
"李彦韬等人","0","2","2"
"彦韬等人专","0","2","2"
"韬等人专权","0","2","2"
"任命皇甫晖","0","2","2"
"焉马步军都","0","2","2"
"唐景思有个","0","2","2"
"去见史弘肇","0","2","2"
"而宽免了他","0","2","2"
"跟随到京师","0","2","2"
"在高平作战","0","2","2"
"为武清军节","0","2","2"
"孙方谏为义","0","2","2"
"他的妻子石","0","2","2"
"的妻子石氏","0","2","2"
"晋高祖登上","0","2","2"
"高祖登上帝","0","2","2"
"祖登上帝位","0","2","2"
"攻打对方的","0","2","2"
"帝和契丹绝","0","2","2"
"张彦泽等人","0","2","2"
"诈称以瀛州","0","2","2"
"称以瀛州投","0","2","2"
"以瀛州投降","0","2","2"
"杜重威向西","0","2","2"
"因此被打败","0","2","2"
"召集将领们","0","2","2"
"赐给杜重威","0","2","2"
"杜重威为太","0","2","2"
"低头不敢仰","0","2","2"
"杜重威和他","0","2","2"
"重威和他的","0","2","2"
"漠高祖于是","0","2","2"
"祖从太原进","0","2","2"
"从太原进入","0","2","2"
"穿着白衣服","0","2","2"
"收录他们的","0","2","2"
"后来曾追随","0","2","2"
"和桑维翰产","0","2","2"
"桑维翰产生","0","2","2"
"维翰产生矛","0","2","2"
"翰产生矛盾","0","2","2"
"是李守贞的","0","2","2"
"任同平章事","0","2","2"
"李守贞和杜","0","2","2"
"守贞和杜重","0","2","2"
"贞和杜重威","0","2","2"
"和杜重威等","0","2","2"
"诈称想回来","0","2","2"
"待他很优厚","0","2","2"
"和杜重威一","0","2","2"
"漠隐帝刚登","0","2","2"
"隐帝刚登位","0","2","2"
"白文珂等人","0","2","2"
"将领们都请","0","2","2"
"领们都请求","0","2","2"
"各将的军队","0","2","2"
"的士兵常常","0","2","2"
"十分之三四","0","2","2"
"张式的父亲","0","2","2"
"式的父亲张","0","2","2"
"的父亲张铎","0","2","2"
"张彦泽杀死","0","2","2"
"和御史中丞","0","2","2"
"拜为彰德军","0","2","2"
"为彰德军节","0","2","2"
"难道有两个","0","2","2"
"道有两个天","0","2","2"
"两个天子在","0","2","2"
"个天子在路","0","2","2"
"天子在路上","0","2","2"
"子在路上相","0","2","2"
"在路上相见","0","2","2"
"路上相见的","0","2","2"
"见到张彦泽","0","2","2"
"把他关起来","0","2","2"
"百官都请求","0","2","2"
"不出一句话","0","2","2"
"就可以知道","0","2","2"
"这是自古以","0","2","2"
"是自古以来","0","2","2"
"他的将领高","0","2","2"
"任命王景崇","0","2","2"
"拜任王景崇","0","2","2"
"任王景崇为","0","2","2"
"漠高祖派王","0","2","2"
"高祖派王景","0","2","2"
"祖派王景崇","0","2","2"
"祖于是下诏","0","2","2"
"君主不知道","0","2","2"
"趟思绾的士","0","2","2"
"思绾的士兵","0","2","2"
"趟思绾一道","0","2","2"
"思绾一道西","0","2","2"
"绾一道西去","0","2","2"
"们的家属都","0","2","2"
"暗中派人招","0","2","2"
"契丹消灭晋","0","2","2"
"而慕容彦超","0","2","2"
"高祖认为不","0","2","2"
"祖认为不错","0","2","2"
"亲自督促士","0","2","2"
"自督促士兵","0","2","2"
"怕不能成事","0","2","2"
"将领们前来","0","2","2"
"的家属都在","0","2","2"
"慕容彦超心","0","2","2"
"容彦超心中","0","2","2"
"慕容彦超为","0","2","2"
"派翰林学士","0","2","2"
"容彦超又派","0","2","2"
"出兵攻打沭","0","2","2"
"兵攻打沭阳","0","2","2"
"容彦超反叛","0","2","2"
"慕容彦超大","0","2","2"
"容彦超大怒","0","2","2"
"慕容彦超就","0","2","2"
"库中的金银","0","2","2"
"中的金银绸","0","2","2"
"于是把他们","0","2","2"
"是把他们减","0","2","2"
"人们就无所","0","2","2"
"们就无所不","0","2","2"
"使他们出来","0","2","2"
"李氏的事情","0","2","2"
"从魏州率兵","0","2","2"
"做唐明宗的","0","2","2"
"唐明宗的宰","0","2","2"
"明宗的宰相","0","2","2"
"潞王在凤翔","0","2","2"
"唐愍帝出逃","0","2","2"
"愍帝出逃到","0","2","2"
"帝出逃到卫","0","2","2"
"出逃到卫州","0","2","2"
"废帝登位时","0","2","2"
"祖拜冯道为","0","2","2"
"为汉的继承","0","2","2"
"汉的继承人","0","2","2"
"徐州迎接刘","0","2","2"
"州迎接刘赞","0","2","2"
"议事的人说","0","2","2"
"必定不能出","0","2","2"
"定不能出兵","0","2","2"
"应当亲自率","0","2","2"
"当亲自率兵","0","2","2"
"周世宗发怒","0","2","2"
"周世宗攻取","0","2","2"
"享年七十三","0","2","2"
"年七十三岁","0","2","2"
"他的哥哥李","0","2","2"
"的哥哥李埏","0","2","2"
"遭逢母亲的","0","2","2"
"逢母亲的丧","0","2","2"
"母亲的丧事","0","2","2"
"征召他为掌","0","2","2"
"坚守营垒不","0","2","2"
"拜为同中书","0","2","2"
"升任吏部尚","0","2","2"
"偏偏看重他","0","2","2"
"任命他为宰","0","2","2"
"命他为宰相","0","2","2"
"请求废除五","0","2","2"
"到便殿进见","0","2","2"
"御史台门口","0","2","2"
"升任尚书右","0","2","2"
"下达给太常","0","2","2"
"以文章出名","0","2","2"
"以太子少傅","0","2","2"
"拜为左补阙","0","2","2"
"次升迁任中","0","2","2"
"升迁任中书","0","2","2"
"迁任中书舍","0","2","2"
"的计策怎样","0","2","2"
"人都大笑起","0","2","2"
"都大笑起来","0","2","2"
"拜为左仆射","0","2","2"
"仆射辞官居","0","2","2"
"射辞官居家","0","2","2"
"都对他下拜","0","2","2"
"次升迁任兵","0","2","2"
"升迁任兵部","0","2","2"
"迁任兵部侍","0","2","2"
"看不起他的","0","2","2"
"古代的制度","0","2","2"
"卢导起草笺","0","2","2"
"导起草笺表","0","2","2"
"起草笺表劝","0","2","2"
"草笺表劝潞","0","2","2"
"笺表劝潞王","0","2","2"
"表劝潞王登","0","2","2"
"劝潞王登位","0","2","2"
"的哥哥刘喧","0","2","2"
"唐废帝大怒","0","2","2"
"任命刘昫为","0","2","2"
"例当任礼仪","0","2","2"
"当任礼仪使","0","2","2"
"崔居俭任秘","0","2","2"
"居俭任秘书","0","2","2"
"俭任秘书监","0","2","2"
"御史台官吏","0","2","2"
"而议事的人","0","2","2"
"张从宾反叛","0","2","2"
"不知道惯例","0","2","2"
"知道惯例怎","0","2","2"
"道惯例怎样","0","2","2"
"到合门求见","0","2","2"
"任工部尚书","0","2","2"
"宰相崔协有","0","2","2"
"相崔协有矛","0","2","2"
"崔协有矛盾","0","2","2"
"出来处理事","0","2","2"
"来处理事务","0","2","2"
"因此被贬为","0","2","2"
"后来唐废帝","0","2","2"
"来唐废帝登","0","2","2"
"想挑选宰相","0","2","2"
"向手下人询","0","2","2"
"手下人询问","0","2","2"
"卢文纪和姚","0","2","2"
"文纪和姚颤","0","2","2"
"清廉有声望","0","2","2"
"廉有声望的","0","2","2"
"五天一次进","0","2","2"
"天一次进见","0","2","2"
"一次进见问","0","2","2"
"次进见问安","0","2","2"
"惶恐不安地","0","2","2"
"韩愈做文章","0","2","2"
"人讥诮他说","0","2","2"
"有学他说话","0","2","2"
"学他说话的","0","2","2"
"他说话的人","0","2","2"
"卢文纪任宰","0","2","2"
"文纪任宰相","0","2","2"
"发给任命状","0","2","2"
"记载他们的","0","2","2"
"家人的礼仪","0","2","2"
"为父母守丧","0","2","2"
"父母守丧没","0","2","2"
"母守丧没有","0","2","2"
"守丧没有满","0","2","2"
"丧没有满期","0","2","2"
"于是下诏书","0","2","2"
"常博士段颐","0","2","2"
"都是当时的","0","2","2"
"这样的例子","0","2","2"
"年五十六岁","0","2","2"
"帝尊奉他的","0","2","2"
"尊奉他的祖","0","2","2"
"奉他的祖父","0","2","2"
"四代祖父都","0","2","2"
"在京师建庙","0","2","2"
"子穿小功丧","0","2","2"
"大功丧服九","0","2","2"
"功丧服九个","0","2","2"
"丧服九个月","0","2","2"
"这是不对的","0","2","2"
"下发他的意","0","2","2"
"发他的意见","0","2","2"
"都穿小功丧","0","2","2"
"令文中都穿","0","2","2"
"令文的不同","0","2","2"
"哥哥的儿媳","0","2","2"
"任刑部郎中","0","2","2"
"为监察御史","0","2","2"
"任学士承旨","0","2","2"
"改任太子宾","0","2","2"
"任尚书右丞","0","2","2"
"征召他为从","0","2","2"
"召他为从事","0","2","2"
"拜为端明殿","0","2","2"
"晋高祖将要","0","2","2"
"州安从进反","0","2","2"
"安从进反叛","0","2","2"
"反叛的迹象","0","2","2"
"考中进士时","0","2","2"
"高祖虽然没","0","2","2"
"祖虽然没有","0","2","2"
"晋出帝愚昧","0","2","2"
"出帝愚昧无","0","2","2"
"帝愚昧无知","0","2","2"
"晋出帝北迁","0","2","2"
"时考进士不","0","2","2"
"经升迁为礼","0","2","2"
"升迁为礼部","0","2","2"
"唐庄宗平定","0","2","2"
"出兵讨伐他","0","2","2"
"拜为太子太","0","2","2"
"为主要谋臣","0","2","2"
"一并把他的","0","2","2"
"从唐明宗时","0","2","2"
"嫁女给他们","0","2","2"
"这样就可以","0","2","2"
"等人惶恐不","0","2","2"
"人惶恐不安","0","2","2"
"唐明宗时任","0","2","2"
"没有责备他","0","2","2"
"为吏部郎中","0","2","2"
"兼侍御史知","0","2","2"
"上疏急切谏","0","2","2"
"疏急切谏阻","0","2","2"
"老百姓苦于","0","2","2"
"他为太常少","0","2","2"
"为太常少卿","0","2","2"
"经升迁为户","0","2","2"
"迁为户部尚","0","2","2"
"次升迁为兵","0","2","2"
"升迁为兵部","0","2","2"
"迁为兵部侍","0","2","2"
"契丹请求援","0","2","2"
"丹请求援兵","0","2","2"
"形势十分危","0","2","2"
"势十分危急","0","2","2"
"失去契丹的","0","2","2"
"出使到昊越","0","2","2"
"出使昊越的","0","2","2"
"使昊越的人","0","2","2"
"任命李崧为","0","2","2"
"岌攻破蜀后","0","2","2"
"晋高祖非常","0","2","2"
"后来张文礼","0","2","2"
"张文礼被打","0","2","2"
"文礼被打败","0","2","2"
"唐庄宗下诏","0","2","2"
"等人讨厌他","0","2","2"
"东节度使时","0","2","2"
"的军队屯驻","0","2","2"
"年七十九岁","0","2","2"
"唐庄宗讨伐","0","2","2"
"庄宗讨伐张","0","2","2"
"宗讨伐张文","0","2","2"
"唐庄宗把他","0","2","2"
"时间长了就","0","2","2"
"实行赦免当","0","2","2"
"行赦免当成","0","2","2"
"人都很恐惧","0","2","2"
"终年六十五","0","2","2"
"年六十五岁","0","2","2"
"高祖进入洛","0","2","2"
"祖进入洛阳","0","2","2"
"拜为兵部尚","0","2","2"
"人剖开他的","0","2","2"
"五代的时候","0","2","2"
"命令马重绩","0","2","2"
"令马重绩占","0","2","2"
"与我相同的","0","2","2"
"四刻十分为","0","2","2"
"周太祖从魏","0","2","2"
"太祖从魏州","0","2","2"
"国地势险要","0","2","2"
"杨行密不能","0","2","2"
"军队攻打杨","0","2","2"
"队攻打杨行","0","2","2"
"杨行密假装","0","2","2"
"的士兵饥饿","0","2","2"
"队攻打他们","0","2","2"
"秦彦和毕师","0","2","2"
"彦和毕师铎","0","2","2"
"行密于是进","0","2","2"
"密于是进入","0","2","2"
"州秦宗权派","0","2","2"
"他的弟弟秦","0","2","2"
"的弟弟秦宗","0","2","2"
"弟弟秦宗衡","0","2","2"
"将领们很多","0","2","2"
"孙儒的士兵","0","2","2"
"杨行密想逃","0","2","2"
"像你这样的","0","2","2"
"孙儒的残兵","0","2","2"
"唐朝拜杨行","0","2","2"
"朝拜杨行密","0","2","2"
"强劲的骑兵","0","2","2"
"在临安作战","0","2","2"
"率兵攻打王","0","2","2"
"田颓和安仁","0","2","2"
"颓和安仁义","0","2","2"
"朱延寿等人","0","2","2"
"他的军队说","0","2","2"
"在广陵杀掉","0","2","2"
"的儿子们都","0","2","2"
"杨溥越分自","0","2","2"
"溥越分自立","0","2","2"
"越分自立为","0","2","2"
"分自立为帝","0","2","2"
"自立为帝后","0","2","2"
"杨行密患病","0","2","2"
"那里商计事","0","2","2"
"里商计事情","0","2","2"
"于是杀掉他","0","2","2"
"刘存和陈知","0","2","2"
"存和陈知新","0","2","2"
"兵三千人在","0","2","2"
"有拥立杨渥","0","2","2"
"拥立杨渥的","0","2","2"
"立杨渥的功","0","2","2"
"杨渥的功劳","0","2","2"
"杨隆演登位","0","2","2"
"追尊杨渥为","0","2","2"
"杨行密的第","0","2","2"
"徐温对此担","0","2","2"
"温对此担忧","0","2","2"
"他的门客严","0","2","2"
"的门客严可","0","2","2"
"门客严可求","0","2","2"
"严可求因而","0","2","2"
"杨渥的母亲","0","2","2"
"渥的母亲史","0","2","2"
"的母亲史氏","0","2","2"
"依次应当继","0","2","2"
"次应当继位","0","2","2"
"挑选壮士三","0","2","2"
"把杀杨渥的","0","2","2"
"杀杨渥的事","0","2","2"
"严可求询问","0","2","2"
"在金陵整治","0","2","2"
"金陵整治水","0","2","2"
"陵整治水军","0","2","2"
"并把他家灭","0","2","2"
"把他家灭族","0","2","2"
"徐温率领将","0","2","2"
"温率领将吏","0","2","2"
"人进攻常州","0","2","2"
"桥摆开战阵","0","2","2"
"徐知训和他","0","2","2"
"很久没能攻","0","2","2"
"久没能攻克","0","2","2"
"朱瑾杀掉徐","0","2","2"
"瑾杀掉徐知","0","2","2"
"而徐知训尤","0","2","2"
"徐知训尤其","0","2","2"
"请求杨隆演","0","2","2"
"求杨隆演登","0","2","2"
"的养子徐知","0","2","2"
"养子徐知诰","0","2","2"
"执掌政权时","0","2","2"
"常常怏怏不","0","2","2"
"常怏怏不乐","0","2","2"
"年二十四岁","0","2","2"
"越位称帝后","0","2","2"
"的第四个儿","0","2","2"
"第四个儿子","0","2","2"
"杨溥登皇帝","0","2","2"
"溥登皇帝位","0","2","2"
"杨溥没有准","0","2","2"
"溥没有准许","0","2","2"
"没有准许而","0","2","2"
"有准许而徐","0","2","2"
"准许而徐温","0","2","2"
"许而徐温病","0","2","2"
"而徐温病死","0","2","2"
"儿子徐知询","0","2","2"
"杨溥的儿子","0","2","2"
"扣留他不让","0","2","2"
"他的客将周","0","2","2"
"的客将周廷","0","2","2"
"杨溥加封尊","0","2","2"
"溥加封尊号","0","2","2"
"的儿子徐景","0","2","2"
"杨蒙为历阳","0","2","2"
"蒙为历阳公","0","2","2"
"王令谋等人","0","2","2"
"杨溥死在丹","0","2","2"
"溥死在丹阳","0","2","2"
"时年三十八","0","2","2"
"年三十八岁","0","2","2"
"氏家族全部","0","2","2"
"把他安置在","0","2","2"
"他安置在手","0","2","2"
"安置在手下","0","2","2"
"徐知训被朱","0","2","2"
"知训被朱瑾","0","2","2"
"训被朱瑾杀","0","2","2"
"被朱瑾杀掉","0","2","2"
"后唐军攻伐","0","2","2"
"昊人称他们","0","2","2"
"随杨行密攻","0","2","2"
"拜徐温焉大","0","2","2"
"徐温焉大丞","0","2","2"
"温焉大丞相","0","2","2"
"封为东海郡","0","2","2"
"为东海郡王","0","2","2"
"拥立他的弟","0","2","2"
"立他的弟弟","0","2","2"
"微不足道的","0","2","2"
"收养他作儿","0","2","2"
"养他作儿子","0","2","2"
"氏的儿子们","0","2","2"
"率水军屯驻","0","2","2"
"用罪名诬陷","0","2","2"
"他的儿子周","0","2","2"
"率步兵骑兵","0","2","2"
"遣送他们回","0","2","2"
"改年号为永","0","2","2"
"冯延巳等人","0","2","2"
"先帝之所以","0","2","2"
"任洪州节度","0","2","2"
"弟弟王延政","0","2","2"
"杀掉朱文进","0","2","2"
"王延政派他","0","2","2"
"延政派他的","0","2","2"
"政派他的侄","0","2","2"
"他的侄子王","0","2","2"
"的侄子王继","0","2","2"
"侄子王继昌","0","2","2"
"把王延政的","0","2","2"
"陈觉等人都","0","2","2"
"李仁达等人","0","2","2"
"李仁达不从","0","2","2"
"仁达不从命","0","2","2"
"各军都溃散","0","2","2"
"流放陈觉到","0","2","2"
"上书急切谏","0","2","2"
"书急切谏阻","0","2","2"
"派他的客将","0","2","2"
"弟弟马希崇","0","2","2"
"全部迁到金","0","2","2"
"部迁到金陵","0","2","2"
"焉洪州节度","0","2","2"
"焉湖南节度","0","2","2"
"州开始进攻","0","2","2"
"为神武统军","0","2","2"
"没有水战的","0","2","2"
"有水战的工","0","2","2"
"水战的工具","0","2","2"
"周世宗亲自","0","2","2"
"刘彦贞等人","0","2","2"
"于是被打败","0","2","2"
"打败了他们","0","2","2"
"周世宗不答","0","2","2"
"世宗不答复","0","2","2"
"的翰林学士","0","2","2"
"周世宗的英","0","2","2"
"世宗的英雄","0","2","2"
"宗的英雄勇","0","2","2"
"的英雄勇武","0","2","2"
"周世宗又南","0","2","2"
"世宗又南征","0","2","2"
"周世宗回师","0","2","2"
"骑兵几万人","0","2","2"
"被扣留没有","0","2","2"
"扣留没有送","0","2","2"
"留没有送回","0","2","2"
"冯延鲁等人","0","2","2"
"李景割地称","0","2","2"
"严续的阴谋","0","2","2"
"迁都到洪州","0","2","2"
"李景迁到南","0","2","2"
"景迁到南都","0","2","2"
"的五个儿子","0","2","2"
"任用他做宰","0","2","2"
"用他做宰相","0","2","2"
"如果用我做","0","2","2"
"果用我做宰","0","2","2"
"用我做宰相","0","2","2"
"李煜派他的","0","2","2"
"太祖皇帝派","0","2","2"
"本朝国史上","0","2","2"
"那里的老人","0","2","2"
"为什么受到","0","2","2"
"在忠武军当","0","2","2"
"忠武军当兵","0","2","2"
"到达兴元府","0","2","2"
"王建和晋晖","0","2","2"
"率兵五万人","0","2","2"
"派左谏议大","0","2","2"
"等人讨伐常","0","2","2"
"人讨伐常厚","0","2","2"
"出来犒劳军","0","2","2"
"等人攻打常","0","2","2"
"诏令王建罢","0","2","2"
"令王建罢兵","0","2","2"
"王建罢兵休","0","2","2"
"建罢兵休战","0","2","2"
"王建亲自率","0","2","2"
"建亲自率兵","0","2","2"
"不接受诏命","0","2","2"
"任西川节度","0","2","2"
"任王宗涤为","0","2","2"
"于是全部占","0","2","2"
"是全部占据","0","2","2"
"后梁兵包围","0","2","2"
"凤凰出现在","0","2","2"
"黄龙出现在","0","2","2"
"任王宗佶为","0","2","2"
"为人足智多","0","2","2"
"人足智多谋","0","2","2"
"王建就此事","0","2","2"
"他的印章刻","0","2","2"
"郑王王宗衍","0","2","2"
"嘉王王宗寿","0","2","2"
"河打败他们","0","2","2"
"改第二年年","0","2","2"
"第二年年号","0","2","2"
"二年年号叫","0","2","2"
"的妹妹淑妃","0","2","2"
"宦官唐文康","0","2","2"
"王建年老昏","0","2","2"
"建年老昏乱","0","2","2"
"豳王王宗辖","0","2","2"
"信王王宗杰","0","2","2"
"得以立为太","0","2","2"
"以立为太子","0","2","2"
"的母亲徐氏","0","2","2"
"妃为皇太妃","0","2","2"
"认为不吉祥","0","2","2"
"连绵一百多","0","2","2"
"绵一百多里","0","2","2"
"回去后就献","0","2","2"
"去后就献计","0","2","2"
"后就献计伐","0","2","2"
"就献计伐蜀","0","2","2"
"的吉祥征兆","0","2","2"
"他们的国家","0","2","2"
"类中远离人","0","2","2"
"中远离人世","0","2","2"
"远离人世的","0","2","2"
"有的出现在","0","2","2"
"去西面打猎","0","2","2"
"任孟知祥为","0","2","2"
"孟知祥为中","0","2","2"
"知祥为中门","0","2","2"
"祥为中门使","0","2","2"
"任孟知祥焉","0","2","2"
"设宴犒劳他","0","2","2"
"任赵季良为","0","2","2"
"孟知祥镇守","0","2","2"
"知祥镇守蜀","0","2","2"
"祥镇守蜀时","0","2","2"
"听说孟知祥","0","2","2"
"他的儿子孟","0","2","2"
"的儿子孟昶","0","2","2"
"焉节度副使","0","2","2"
"孟知祥得到","0","2","2"
"焉行军司马","0","2","2"
"率兵三千人","0","2","2"
"戍守的军队","0","2","2"
"就这事征询","0","2","2"
"孟知祥设宴","0","2","2"
"听说后唐军","0","2","2"
"道容易对付","0","2","2"
"李仁罕为武","0","2","2"
"仁罕为武信","0","2","2"
"明宗对此忧","0","2","2"
"宗对此忧虑","0","2","2"
"军队刚交战","0","2","2"
"自古以来哪","0","2","2"
"古以来哪有","0","2","2"
"是委屈心意","0","2","2"
"我的老朋友","0","2","2"
"趟季良等人","0","2","2"
"他的将领朱","0","2","2"
"张虔钊等人","0","2","2"
"谧号为文武","0","2","2"
"惑星遮掩积","0","2","2"
"星遮掩积尸","0","2","2"
"遮掩积尸星","0","2","2"
"星纪的位次","0","2","2"
"挑选很多良","0","2","2"
"选很多良家","0","2","2"
"很多良家女","0","2","2"
"多良家女子","0","2","2"
"孟昶叹息说","0","2","2"
"李仁罕被杀","0","2","2"
"仁罕被杀时","0","2","2"
"儿子孟玄喆","0","2","2"
"把抓获的后","0","2","2"
"致信周世宗","0","2","2"
"带着蜡丸书","0","2","2"
"本朝国史中","0","2","2"
"刘隐为节度","0","2","2"
"僭越称帝时","0","2","2"
"刘隐为南海","0","2","2"
"不是一般的","0","2","2"
"俘虏刘士政","0","2","2"
"又改名叫刘","0","2","2"
"儿子刘耀枢","0","2","2"
"刘洪邈为高","0","2","2"
"洪邈为高王","0","2","2"
"刘洪简焉同","0","2","2"
"洪简焉同王","0","2","2"
"杀掉刘思潮","0","2","2"
"掉刘思潮等","0","2","2"
"大败李景的","0","2","2"
"败李景的军","0","2","2"
"杀掉他的弟","0","2","2"
"掉他的弟弟","0","2","2"
"平定长江以","0","2","2"
"定长江以北","0","2","2"
"臣到京师进","0","2","2"
"年三十九岁","0","2","2"
"刘银派使臣","0","2","2"
"他就是如此","0","2","2"
"刘银派他的","0","2","2"
"马殷派他的","0","2","2"
"他的将领陈","0","2","2"
"马殷的弟弟","0","2","2"
"的弟弟马责","0","2","2"
"听说马殷的","0","2","2"
"殷派秦彦晖","0","2","2"
"埋伏在浏阳","0","2","2"
"伏在浏阳口","0","2","2"
"梁太祖封马","0","2","2"
"太祖封马殷","0","2","2"
"高季昌求和","0","2","2"
"为天册上将","0","2","2"
"下诏书慰劳","0","2","2"
"的将领高郁","0","2","2"
"纔向京师进","0","2","2"
"次子马希声","0","2","2"
"马希声判内","0","2","2"
"高季昌听说","0","2","2"
"廖光图等人","0","2","2"
"率水军奔赴","0","2","2"
"于是卡住喉","0","2","2"
"是卡住喉咙","0","2","2"
"马希广不听","0","2","2"
"送降书给李","0","2","2"
"降书给李景","0","2","2"
"许可琼等人","0","2","2"
"告诉马希广","0","2","2"
"马希萼进攻","0","2","2"
"向李景称臣","0","2","2"
"给他的弟弟","0","2","2"
"等人谋划作","0","2","2"
"人谋划作乱","0","2","2"
"李景派边镐","0","2","2"
"景派边镐入","0","2","2"
"派边镐入楚","0","2","2"
"在静江军当","0","2","2"
"静江军当兵","0","2","2"
"事奉马希萼","0","2","2"
"奉马希萼任","0","2","2"
"命王进逵为","0","2","2"
"王进逵于是","0","2","2"
"何景真等人","0","2","2"
"兵袭击武陵","0","2","2"
"王进逵攻打","0","2","2"
"封周行逢为","0","2","2"
"杀掉王进逵","0","2","2"
"周行逢发怒","0","2","2"
"行逢发怒说","0","2","2"
"归附于朝廷","0","2","2"
"周行逢死后","0","2","2"
"子周保权继","0","2","2"
"周保权继位","0","2","2"
"讨伐张文表","0","2","2"
"慕容延钊军","0","2","2"
"容延钊军队","0","2","2"
"为都指挥使","0","2","2"
"施坚实等人","0","2","2"
"的弟弟钱銶","0","2","2"
"唐昭宗下诏","0","2","2"
"钱铿的儿子","0","2","2"
"铿的儿子钱","0","2","2"
"必定不能成","0","2","2"
"定不能成事","0","2","2"
"的儿子钱元","0","2","2"
"派使臣册封","0","2","2"
"派人从小路","0","2","2"
"钱元璀登位","0","2","2"
"景的军队攻","0","2","2"
"袭封昊越国","0","2","2"
"封昊越国王","0","2","2"
"平定淮南后","0","2","2"
"派使臣赐给","0","2","2"
"拖欠的赋税","0","2","2"
"到周世宗平","0","2","2"
"他们安置在","0","2","2"
"任命王潮为","0","2","2"
"出兵攻打王","0","2","2"
"前锋将领说","0","2","2"
"于是推举王","0","2","2"
"王延翰继位","0","2","2"
"抓获王延翰","0","2","2"
"获王延翰杀","0","2","2"
"王延翰杀掉","0","2","2"
"继承先父遗","0","2","2"
"承先父遗愿","0","2","2"
"老兄再来王","0","2","2"
"于是断绝进","0","2","2"
"是断绝进贡","0","2","2"
"趟高指鹿为","0","2","2"
"高指鹿为马","0","2","2"
"愚弄秦二世","0","2","2"
"因美色受到","0","2","2"
"色受到宠爱","0","2","2"
"王审知的儿","0","2","2"
"审知的儿子","0","2","2"
"派使臣带着","0","2","2"
"王曦登位后","0","2","2"
"是向百姓借","0","2","2"
"向百姓借债","0","2","2"
"无论老少都","0","2","2"
"论老少都被","0","2","2"
"老少都被杀","0","2","2"
"少都被杀掉","0","2","2"
"太祖对他的","0","2","2"
"在唐代末年","0","2","2"
"请求率本道","0","2","2"
"求率本道军","0","2","2"
"率本道军队","0","2","2"
"是派使臣出","0","2","2"
"赐给他一百","0","2","2"
"给他一百匹","0","2","2"
"请求把郢州","0","2","2"
"漠高祖进入","0","2","2"
"借路于剂南","0","2","2"
"贪图他们的","0","2","2"
"他的弟弟高","0","2","2"
"的弟弟高保","0","2","2"
"弟弟高保勖","0","2","2"
"的儿子高继","0","2","2"
"儿子高继冲","0","2","2"
"任命高继冲","0","2","2"
"高继冲焉节","0","2","2"
"继冲焉节度","0","2","2"
"冲焉节度使","0","2","2"
"宋太祖命令","0","2","2"
"派人到京师","0","2","2"
"兀欲强迫他","0","2","2"
"用诏书答复","0","2","2"
"承钧登位后","0","2","2"
"一无所得而","0","2","2"
"无所得而回","0","2","2"
"周世宗北伐","0","2","2"
"不要用契丹","0","2","2"
"自从刘曼时","0","2","2"
"派使臣责备","0","2","2"
"是刘曼的女","0","2","2"
"对郭无为说","0","2","2"
"中原的利害","0","2","2"
"自古以来夷","0","2","2"
"古以来夷狄","0","2","2"
"当治世时他","0","2","2"
"治世时他们","0","2","2"
"世时他们未","0","2","2"
"时他们未必","0","2","2"
"自从后魏以","0","2","2"
"从后魏以来","0","2","2"
"他们的住处","0","2","2"
"没有被替代","0","2","2"
"妻子述律氏","0","2","2"
"月初一早晨","0","2","2"
"使臣出使后","0","2","2"
"兵讨伐他们","0","2","2"
"在木叶山安","0","2","2"
"木叶山安葬","0","2","2"
"改年号叫天","0","2","2"
"束丹王突欲","0","2","2"
"亲述律氏派","0","2","2"
"投奔到后唐","0","2","2"
"都赐给姓名","0","2","2"
"德钧镇守幽","0","2","2"
"钧镇守幽州","0","2","2"
"吗他的母亲","0","2","2"
"对赵延寿说","0","2","2"
"赭红袍赐给","0","2","2"
"晋出帝和太","0","2","2"
"出帝和太后","0","2","2"
"消灭后晋后","0","2","2"
"延寿和张砺","0","2","2"
"他为节度使","0","2","2"
"受不了他的","0","2","2"
"不了他的残","0","2","2"
"了他的残害","0","2","2"
"耶律德光消","0","2","2"
"律德光消灭","0","2","2"
"管南朝军国","0","2","2"
"他的祖母述","0","2","2"
"的祖母述律","0","2","2"
"祖母述律氏","0","2","2"
"于是把述律","0","2","2"
"着他的尸体","0","2","2"
"二州的人都","0","2","2"
"周世宗患病","0","2","2"
"十四个州的","0","2","2"
"向西北走五","0","2","2"
"和契丹大略","0","2","2"
"契丹大略相","0","2","2"
"丹大略相同","0","2","2"
"他们的语言","0","2","2"
"深受契丹苛","0","2","2"
"受契丹苛刻","0","2","2"
"契丹苛刻暴","0","2","2"
"丹苛刻暴虐","0","2","2"
"苛刻暴虐之","0","2","2"
"刻暴虐之苦","0","2","2"
"割让给契丹","0","2","2"
"名称被中原","0","2","2"
"到中原朝贡","0","2","2"
"德年间为止","0","2","2"
"止他们来朝","0","2","2"
"张建武等人","0","2","2"
"张建武的军","0","2","2"
"建武的军队","0","2","2"
"到漠隐帝时","0","2","2"
"请求任命主","0","2","2"
"求任命主帅","0","2","2"
"直到五代结","0","2","2"
"到五代结束","0","2","2"
"到唐庄宗时","0","2","2"
"为归义军节","0","2","2"
"他们的牙帐","0","2","2"
"们的牙帐在","0","2","2"
"史书上也失","0","2","2"
"书上也失去","0","2","2"
"们的君主世","0","2","2"
"的君主世次","0","2","2"
"周易言等人","0","2","2"
"王仁美派使","0","2","2"
"曾和中原交","0","2","2"
"五百里到达","0","2","2"
"向西走一百","0","2","2"
"西走一百里","0","2","2"
"走一百里出","0","2","2"
"这里没有水","0","2","2"
"衣帽服饰同","0","2","2"
"帽服饰同中","0","2","2"
"服饰同中原","0","2","2"
"饰同中原一","0","2","2"
"同中原一样","0","2","2"
"向中原请求","0","2","2"
"中原请求任","0","2","2"
"原请求任命","0","2","2"
"封为渤海郡","0","2","2"
"为渤海郡王","0","2","2"
"史书都失去","0","2","2"
"书都失去记","0","2","2"
"各派使臣前","0","2","2"
"驱逐李罕之","0","2","2"
"以检校司徒","0","2","2"
"回鹘可汗王","0","2","2"
"鹘可汗王仁","0","2","2"
"可汗王仁美","0","2","2"
"汗王仁美派","0","2","2"
"命冯道为大","0","2","2"
"冯道为大行","0","2","2"
"道为大行皇","0","2","2"
"尚书张昭为","0","2","2"
"书张昭为卤","0","2","2"
"张昭为卤簿","0","2","2"
"昭为卤簿使","0","2","2"
"为桥道顿递","0","2","2"
"州为宣武军","0","2","2"
"为殿中侍御","0","2","2"
"为宣州观察","0","2","2"
"开始镇守润","0","2","2"
"始镇守润州","0","2","2"
"打败王彦章","0","2","2"
"元年正月一","0","2","2"
"年正月一日","0","2","2"
"河西墩煌人","0","2","2"
