"N-gram","原文","翻译","Total"
"中书门下平章","88","88","176"
"书门下平章事","88","88","176"
"同中书门下平","87","87","174"
"步军都指挥使","33","33","66"
"马步军都指挥","22","22","44"
"面行营招讨使","15","15","30"
"天平军节度使","14","14","28"
"义成军节度使","14","13","27"
"匡国军节度使","12","12","24"
"北面行营招讨","12","12","24"
"天雄军节度使","11","12","23"
"保义军节度使","12","10","22"
"武宁军节度使","9","9","18"
"泰宁军节度使","9","8","17"
"唐庄宗消灭梁","0","17","17"
"宣义军节度使","8","8","16"
"翰林学士承旨","8","8","16"
"昭义军节度使","9","7","16"
"成德军节度使","8","8","16"
"忠武军节度使","7","9","16"
"高祖在太原起","0","16","16"
"宣武军节度使","8","7","15"
"振武军节度使","6","9","15"
"判六军诸卫事","8","7","15"
"祖在太原起兵","0","15","15"
"四面行营都统","7","7","14"
"平卢军节度使","7","7","14"
"安国军节度使","7","7","14"
"横海军节度使","7","7","14"
"义武军节度使","8","6","14"
"大同军节度使","7","7","14"
"右厢都指挥使","7","7","14"
"金吾卫上将军","7","6","13"
"卢龙军节度使","6","7","13"
"枢密使安重诲","7","6","13"
"契丹耶律德光","7","6","13"
"镇国军节度使","6","6","12"
"亲军都指挥使","6","6","12"
"马军都指挥使","6","6","12"
"左骁卫上将军","6","6","12"
"武胜军节度使","6","6","12"
"武信军节度使","6","5","11"
"为北面行营招","0","11","11"
"事情无论大小","0","11","11"
"擅长骑马射箭","0","11","11"
"金吾卫大将军","5","5","10"
"侍卫亲军都指","5","5","10"
"卫亲军都指挥","5","5","10"
"侍卫步军都指","5","5","10"
"卫步军都指挥","5","5","10"
"镇宁军节度使","5","5","10"
"左骁卫大将军","5","5","10"
"东南面招讨使","5","5","10"
"马步军都虞候","5","5","10"
"为人聪明机敏","0","10","10"
"右金吾卫上将","5","4","9"
"彰德军节度使","4","5","9"
"晋高祖在太原","0","9","9"
"节度使杨师厚","4","4","8"
"宁国军节度使","4","4","8"
"军节度使王彦","4","4","8"
"大同军防御使","4","4","8"
"大行皇帝山陵","4","4","8"
"州行营都部署","4","4","8"
"保大军节度使","4","4","8"
"左监门卫将军","4","4","8"
"右武卫大将军","4","4","8"
"加同中书门下","6","2","8"
"枢密使范延光","4","4","8"
"枢密院直学士","4","4","8"
"侍卫亲军马步","4","4","8"
"节度使石敬瑭","4","4","8"
"都督中外诸军","4","4","8"
"督中外诸军事","4","4","8"
"任河东节度使","0","8","8"
"军节度使李嗣","3","4","7"
"面行营都部署","4","3","7"
"雄武军节度使","3","4","7"
"归德军节度使","3","4","7"
"他的两个儿子","0","7","7"
"把女儿嫁给他","0","7","7"
"契丹侵犯京师","0","7","7"
"拜为中书侍郎","0","7","7"
"境内实行大赦","0","7","7"
"御史大夫薛贻","3","3","6"
"史大夫薛贻矩","3","3","6"
"佑国军节度使","3","3","6"
"义军节度使王","3","3","6"
"镇南军节度使","3","3","6"
"军节度使李存","3","3","6"
"镇州兵马留后","3","3","6"
"新罗国王金朴","3","3","6"
"罗国王金朴英","3","3","6"
"河南尹张全义","3","3","6"
"静难军节度使","4","2","6"
"河阳三城节度","3","3","6"
"阳三城节度使","3","3","6"
"行营都招讨使","3","3","6"
"金紫光禄大夫","3","3","6"
"军节度使高行","3","3","6"
"节度使高行周","3","3","6"
"北面行营都部","3","3","6"
"侍卫亲军都虞","3","3","6"
"卫亲军都虞候","3","3","6"
"先锋都指挥使","3","3","6"
"左屯卫大将军","3","3","6"
"潞王珂反凤翔","6","0","6"
"山南东道节度","5","1","6"
"南东道节度使","5","1","6"
"左武卫上将军","3","3","6"
"卫亲军马步军","3","3","6"
"亲军马步军都","3","3","6"
"军马步军都指","3","3","6"
"京马步军都指","3","3","6"
"侍卫马步军都","3","3","6"
"严卫指挥使尹","3","3","6"
"卫指挥使尹晖","3","3","6"
"梁太祖镇宣武","5","1","6"
"晋昌军节度使","3","3","6"
"侍御史知杂事","3","3","6"
"镇海军节度使","3","3","6"
"行皇帝山陵使","3","3","6"
"为同中书门下","0","6","6"
"为河中节度使","0","6","6"
"潞王李从珂在","0","6","6"
"王李从珂在凤","0","6","6"
"对他的部下说","0","6","6"
"唐庄宗在胡柳","0","6","6"
"跟随唐庄宗在","0","6","6"
"高祖进入京师","0","6","6"
"为人骁悍勇猛","0","6","6"
"高祖镇守太原","0","6","6"
"他的妻子儿女","0","6","6"
"黄巢攻陷长安","0","6","6"
"任命他的弟弟","0","6","6"
"亲自率兵攻打","0","6","6"
"他的儿子王继","0","6","6"
"护国军节度使","2","3","5"
"宦官韩全诲等","2","3","5"
"千牛卫大将军","3","2","5"
"西京副留守刘","3","2","5"
"京副留守刘遂","3","2","5"
"副留守刘遂雍","3","2","5"
"南面行营都统","3","2","5"
"天下兵马大元","2","3","5"
"下兵马大元帅","2","3","5"
"蕃汉马步军都","4","1","5"
"赐姓名曰李绍","5","0","5"
"右武卫上将军","3","2","5"
"永平军节度使","2","3","5"
"群臣上尊号曰","2","3","5"
"威为北面行营","0","5","5"
"任端明殿学士","0","5","5"
"叛北汉来归附","0","5","5"
"任河中节度使","0","5","5"
"周世宗征伐淮","0","5","5"
"唐庄宗进入魏","0","5","5"
"李从珂在凤翔","0","5","5"
"从珂在凤翔反","0","5","5"
"珂在凤翔反叛","0","5","5"
"为匡国军节度","0","5","5"
"为天雄军节度","0","5","5"
"多次立下战功","0","5","5"
"唐庄宗认为他","0","5","5"
"二州的军队在","0","5","5"
"和梁在黄河边","0","5","5"
"不知道他的家","0","5","5"
"知道他的家世","0","5","5"
"唐庄宗在魏州","0","5","5"
"年轻时考中进","0","5","5"
"轻时考中进士","0","5","5"
"漠高祖在太原","0","5","5"
"他的儿子刘守","0","5","5"
"于是任命他为","0","5","5"
"留下他的儿子","0","5","5"
"抓获他们的将","0","5","5"
"获他们的将领","0","5","5"
"授任杜重威为","0","5","5"
"派使臣到京师","0","5","5"
"前来请求任命","0","5","5"
"左金吾卫大将","2","2","4"
"面行营兵马都","2","2","4"
"行营兵马都统","2","2","4"
"节度使安师儒","2","2","4"
"州四面行营都","2","2","4"
"天复元年正月","2","2","4"
"诸道兵马元帅","2","2","4"
"枢密使蒋玄晖","2","2","4"
"追尊祖考皇帝","4","0","4"
"国军节度使刘","2","2","4"
"国军节度使王","2","2","4"
"州东面行营招","2","2","4"
"东面行营招讨","2","2","4"
"军节度使杨师","2","2","4"
"西路行营招讨","2","2","4"
"路行营招讨使","2","2","4"
"北平王王处直","2","2","4"
"乾化二年六月","2","2","4"
"驸马都尉赵岩","2","2","4"
"军节度使阎宝","2","2","4"
"太子太保致仕","4","0","4"
"军节度使戴思","2","2","4"
"节度使戴思远","2","2","4"
"右千牛卫大将","2","2","4"
"州安抚制置使","2","2","4"
"节度使王彦章","2","2","4"
"北行营节度使","2","2","4"
"太原四面行营","2","2","4"
"都虞候李存质","2","2","4"
"周德威攻晋州","3","1","4"
"节度使李嗣本","2","2","4"
"国军节度使李","2","2","4"
"节度使李嗣源","2","2","4"
"莱州司户参军","2","2","4"
"园栽接使储德","2","2","4"
"栽接使储德源","2","2","4"
"宁军节度使李","2","2","4"
"留守刘遂雍叛","2","2","4"
"京城巡检使安","2","2","4"
"逐节度使刘延","2","2","4"
"节度使刘延皓","2","2","4"
"右金吾卫大将","2","2","4"
"幽州道行营招","2","2","4"
"州道行营招讨","2","2","4"
"道行营招讨使","2","2","4"
"北面行营都统","2","2","4"
"北面行营副都","2","2","4"
"面行营副都统","2","2","4"
"尚书户部侍郎","2","2","4"
"军步军都指挥","2","2","4"
"平军节度使高","2","2","4"
"尚书左丞田敏","2","2","4"
"节度使王彦超","2","2","4"
"建雄军节度使","2","2","4"
"雄军节度使王","2","2","4"
"监门卫大将军","2","2","4"
"侍卫马军都指","2","2","4"
"卫马军都指挥","2","2","4"
"淮南道行营都","2","2","4"
"内外马步军都","2","2","4"
"王朴留守东京","2","2","4"
"彭城郡夫人刘","2","2","4"
"城郡夫人刘氏","2","2","4"
"南西道节度使","2","2","4"
"断吉柏江浮桥","2","2","4"
"圣穆皇后柴氏","2","2","4"
"太祖兵入京师","4","0","4"
"太子右赞善大","2","2","4"
"子右赞善大夫","2","2","4"
"德四年夏四月","2","2","4"
"年夏四月癸未","2","2","4"
"左千牛卫将军","2","2","4"
"银青光禄大夫","2","2","4"
"棣州刺史张蟾","2","2","4"
"太子太师致仕","4","0","4"
"等军蕃汉马步","3","1","4"
"军蕃汉马步军","3","1","4"
"马步军都总管","2","2","4"
"累迁中书舍人","4","0","4"
"周太祖枢密使","4","0","4"
"高祖河东节度","3","1","4"
"祖河东节度使","3","1","4"
"清淮军节度使","2","2","4"
"节度使贺德伦","2","2","4"
"行营马步军都","2","2","4"
"马步军都部署","2","2","4"
"羽林指挥使杨","2","2","4"
"林指挥使杨思","2","2","4"
"指挥使杨思权","2","2","4"
"捷右厢都指挥","2","2","4"
"工部侍郎奉旨","2","2","4"
"节度使卢彦威","2","2","4"
"彦雄等七人送","2","2","4"
"节度行军司马","2","2","4"
"州马步军都指","2","2","4"
"累迁户部尚书","4","0","4"
"左金吾大将军","2","2","4"
"左金吾卫上将","2","2","4"
"马步军指挥使","2","2","4"
"护圣右厢都指","2","2","4"
"圣右厢都指挥","2","2","4"
"羽林都指挥使","2","2","4"
"军节度使石敬","2","2","4"
"汉高祖入京师","4","0","4"
"武清军节度使","2","2","4"
"御史中丞王易","2","2","4"
"史中丞王易简","2","2","4"
"侍卫步军指挥","2","2","4"
"卫步军指挥使","2","2","4"
"河东节度掌书","2","2","4"
"东节度掌书记","2","2","4"
"崇政院直学士","2","2","4"
"翰林学士徐台","2","2","4"
"林学士徐台符","2","2","4"
"部尚书卢文纪","2","2","4"
"选壮士三十人","2","2","4"
"州节度使李金","2","2","4"
"节度使李金全","2","2","4"
"谏议大夫李洵","2","2","4"
"牙内都指挥使","2","2","4"
"黔南节度使王","2","2","4"
"剑南西川节度","2","2","4"
"南西川节度副","2","2","4"
"西川节度副大","2","2","4"
"川节度副大使","2","2","4"
"命天雄军节度","1","3","4"
"武安军节度使","2","2","4"
"希声判内外诸","2","2","4"
"声判内外诸军","2","2","4"
"判内外诸军事","2","2","4"
"梁兵攻破襄州","2","2","4"
"等州观察处置","2","2","4"
"州观察处置等","2","2","4"
"观察处置等使","2","2","4"
"知南朝军国事","3","1","4"
"归义军节度使","2","2","4"
"左监门卫上将","2","2","4"
"监门卫上将军","2","2","4"
"军节度使杨光","2","2","4"
"节度使杨光远","2","2","4"
"右千牛卫将军","2","2","4"
"卫马步军都指","2","2","4"
"兵部尚书张昭","2","2","4"
"郑二州防御使","2","2","4"
"管内观察处置","2","2","4"
"凤翔节度使王","2","2","4"
"睿武孝文皇帝","2","2","4"
"沙陀三部落人","2","2","4"
"追尊祖考为皇","0","4","4"
"尊祖考为皇帝","0","4","4"
"渤海国王大讠","0","4","4"
"海国王大讠巽","0","4","4"
"国王大讠巽派","0","4","4"
"王大讠巽派使","0","4","4"
"大讠巽派使者","0","4","4"
"为昭义军节度","0","4","4"
"太师兼中书令","0","4","4"
"周德威的军队","0","4","4"
"任成德军节度","0","4","4"
"立刘氏为皇后","0","4","4"
"为左卫大将军","0","4","4"
"契丹侵犯边境","0","4","4"
"契丹使者梅里","0","4","4"
"为大行皇帝山","0","4","4"
"为北面行营都","0","4","4"
"任命高行周为","0","4","4"
"派宦官向延嗣","0","4","4"
"枢密使的职务","0","4","4"
"世宗征伐淮南","0","4","4"
"为左骁卫上将","0","4","4"
"周太祖在魏州","0","4","4"
"太祖在魏州起","0","4","4"
"祖在魏州起兵","0","4","4"
"任保义军节度","0","4","4"
"为右卫上将军","0","4","4"
"为义成军节度","0","4","4"
"唐庄宗进入汴","0","4","4"
"为镇国军节度","0","4","4"
"梁太祖镇守宣","0","4","4"
"太祖镇守宣武","0","4","4"
"的弟弟趟匡明","0","4","4"
"山南束道节度","0","4","4"
"南束道节度使","0","4","4"
"和他的弟弟王","0","4","4"
"唐明宗登位后","0","4","4"
"年轻时跟随唐","0","4","4"
"晋和梁在黄河","0","4","4"
"随唐庄宗在胡","0","4","4"
"唐明宗进入洛","0","4","4"
"明宗进入洛阳","0","4","4"
"任义成军节度","0","4","4"
"太祖亲自率兵","0","4","4"
"庄宗在胡柳打","0","4","4"
"宗在胡柳打仗","0","4","4"
"监督他的军队","0","4","4"
"赐姓名叫李绍","0","4","4"
"跟随唐庄宗攻","0","4","4"
"魏王李继岌攻","0","4","4"
"唐废帝在凤翔","0","4","4"
"各镇军队包围","0","4","4"
"晋高祖迫不得","0","4","4"
"高祖迫不得已","0","4","4"
"向李从珂投降","0","4","4"
"为左散骑常侍","0","4","4"
"于是暗中派人","0","4","4"
"耶律德光侵犯","0","4","4"
"律德光侵犯京","0","4","4"
"德光侵犯京师","0","4","4"
"汉高祖进入京","0","4","4"
"任命他的儿子","0","4","4"
"在北郊被打败","0","4","4"
"隐帝在北郊被","0","4","4"
"议事的人认为","0","4","4"
"一年多不能攻","0","4","4"
"粮食快要吃完","0","4","4"
"的儿子刘守光","0","4","4"
"李继岌攻破蜀","0","4","4"
"任翰林学士承","0","4","4"
"用朋党的罪名","0","4","4"
"可以叫做朋党","0","4","4"
"喜欢他的为人","0","4","4"
"太祖十分高兴","0","4","4"
"任宣义军节度","0","4","4"
"为义武军节度","0","4","4"
"向唐请求任命","0","4","4"
"在黄河边相拒","0","4","4"
"率兵进入京师","0","4","4"
"在境内实行大","0","4","4"
"记载在本朝国","0","4","4"
"载在本朝国史","0","4","4"
"望着手下人说","0","4","4"
"的母亲述律氏","0","4","4"
"德光消灭后晋","0","4","4"
"见白马硃甲者","3","0","3"
"泗州牙将王知","2","1","3"
"州牙将王知朗","2","1","3"
"阿保机遣使者","3","0","3"
"渤海国王大諲","3","0","3"
"张宗奭留守西","3","0","3"
"宗奭留守西都","3","0","3"
"司空门下侍郎","3","0","3"
"威北面行营招","3","0","3"
"宁军节度使刘","1","2","3"
"天祐五年正月","1","2","3"
"振武节度使李","2","1","3"
"武节度使李嗣","2","1","3"
"义军节度使李","1","2","3"
"武军节度使李","1","2","3"
"尚书左丞赵光","2","1","3"
"内园栽接使储","2","1","3"
"河南县令罗贯","2","1","3"
"东北面招讨使","2","1","3"
"指挥使硃弘实","3","0","3"
"愍帝遣王思同","3","0","3"
"杨光远杀张敬","2","1","3"
"光远杀张敬达","2","1","3"
"节度使李周留","2","1","3"
"军节度使杜重","1","2","3"
"节度使杜重威","1","2","3"
"乾祐元年正月","1","2","3"
"客省使阎晋卿","2","1","3"
"参知枢密院事","2","1","3"
"太祖初镇宣武","3","0","3"
"西南面行营都","2","1","3"
"崇韬专任军事","2","1","3"
"遣宦者向延嗣","3","0","3"
"世宗显德四年","2","1","3"
"宗显德四年夏","2","1","3"
"显德四年夏四","2","1","3"
"赠左监门卫将","2","1","3"
"追封彭城郡夫","1","2","3"
"封彭城郡夫人","1","2","3"
"迁保义军节度","3","0","3"
"王思同率诸镇","3","0","3"
"思同率诸镇兵","3","0","3"
"讨张文礼镇州","3","0","3"
"功迁突阵指挥","2","1","3"
"迁突阵指挥使","2","1","3"
"庄宗东幸汴州","3","0","3"
"魏王继岌伐蜀","3","0","3"
"诸镇兵围凤翔","3","0","3"
"昭武军节度使","2","1","3"
"四月二十八日","1","2","3"
"永清军节度使","1","2","3"
"翰林学士陶谷","1","2","3"
"张永德两军相","1","2","3"
"仁恭子守光所","3","0","3"
"恭子守光所囚","3","0","3"
"先帝新弃天下","3","0","3"
"河东节度使石","2","1","3"
"东节度使石敬","2","1","3"
"威塞等军蕃汉","2","1","3"
"塞等军蕃汉马","2","1","3"
"魏王继岌破蜀","3","0","3"
"感德军节度使","1","2","3"
"国子祭酒田敏","2","1","3"
"弟彦雄等七人","2","1","3"
"张文礼杀王镕","1","2","3"
"陕州节度使王","1","2","3"
"州节度使王珙","1","2","3"
"太子少保致仕","2","1","3"
"晋高祖镇太原","3","0","3"
"周太祖兵入京","3","0","3"
"晋高祖下诏书","1","2","3"
"契丹高牟翰诈","2","1","3"
"累迁兵部侍郎","3","0","3"
"太子宾客分司","2","1","3"
"军节度使贺瑰","2","1","3"
"诸道行营都统","2","1","3"
"同光四年正月","1","2","3"
"廷隐率兵三万","1","2","3"
"山南西道节度","1","2","3"
"袭封吴越国王","3","0","3"
"广顺元年正月","1","2","3"
"祖妣李氏谥曰","2","1","3"
"看见骑白马穿","0","3","3"
"见骑白马穿红","0","3","3"
"骑白马穿红镗","0","3","3"
"白马穿红镗甲","0","3","3"
"马穿红镗甲的","0","3","3"
"穿红镗甲的人","0","3","3"
"百姓深受其害","0","3","3"
"人们都认为他","0","3","3"
"请求迁都洛阳","0","3","3"
"为保义军节度","0","3","3"
"一月二十七日","0","3","3"
"从陕州回到京","0","3","3"
"陕州回到京城","0","3","3"
"讠巽派使者来","0","3","3"
"巡视农民庄稼","0","3","3"
"度使杨师厚为","0","3","3"
"王景仁为北面","0","3","3"
"任命天雄军节","0","3","3"
"张宗留守西都","0","3","3"
"司空兼门下侍","0","3","3"
"空兼门下侍郎","0","3","3"
"任命天平军节","0","3","3"
"命天平军节度","0","3","3"
"攻破梁的夹城","0","3","3"
"领天平军节度","0","3","3"
"任宣徽南院使","0","3","3"
"任宣武军节度","0","3","3"
"指挥使朱弘实","0","3","3"
"夫人刘氏为皇","0","3","3"
"人刘氏为皇后","0","3","3"
"任忠武军节度","0","3","3"
"丹使者梅里来","0","3","3"
"任命李守贞为","0","3","3"
"董殷出使契丹","0","3","3"
"度使高行周为","0","3","3"
"任命杜重威为","0","3","3"
"杜重威为北面","0","3","3"
"重威为北面行","0","3","3"
"和史弘肇等人","0","3","3"
"为右卫大将军","0","3","3"
"为大内都点检","0","3","3"
"周世宗在高平","0","3","3"
"在高平打败刘","0","3","3"
"高平打败刘曼","0","3","3"
"跟随赵王王镕","0","3","3"
"周太祖率兵进","0","3","3"
"周太祖登位后","0","3","3"
"为右武卫大将","0","3","3"
"于是决定反叛","0","3","3"
"领军卫大将军","0","3","3"
"梁太祖派康怀","0","3","3"
"太祖派康怀英","0","3","3"
"背叛梁向晋投","0","3","3"
"叛梁向晋投降","0","3","3"
"修筑夹城包围","0","3","3"
"筑夹城包围潞","0","3","3"
"夹城包围潞州","0","3","3"
"没有什么不同","0","3","3"
"任左龙武统军","0","3","3"
"贺德伦向晋投","0","3","3"
"德伦向晋投降","0","3","3"
"从黎阳渡过黄","0","3","3"
"黎阳渡过黄河","0","3","3"
"军队多次被打","0","3","3"
"队多次被打败","0","3","3"
"关闭城门不让","0","3","3"
"闭城门不让他","0","3","3"
"加授同中书门","0","3","3"
"授同中书门下","0","3","3"
"调任镇守天平","0","3","3"
"任镇守天平军","0","3","3"
"庄宗进入汴州","0","3","3"
"年轻时跟随梁","0","3","3"
"轻时跟随梁太","0","3","3"
"时跟随梁太祖","0","3","3"
"梁太祖任命他","0","3","3"
"太祖任命他为","0","3","3"
"任命他为宣武","0","3","3"
"很久不能攻克","0","3","3"
"燕王刘守光向","0","3","3"
"任命王景仁为","0","3","3"
"跟随梁太祖攻","0","3","3"
"年轻时在州中","0","3","3"
"为河阳节度使","0","3","3"
"梁太祖派王虔","0","3","3"
"太祖派王虔裕","0","3","3"
"认为他说得对","0","3","3"
"宗在南郊祭天","0","3","3"
"和梁军在黄河","0","3","3"
"唐明宗迫不得","0","3","3"
"明宗迫不得已","0","3","3"
"任圜和朱守殷","0","3","3"
"晋派周德威率","0","3","3"
"蕃漠马步军都","0","3","3"
"关闭城门抵抗","0","3","3"
"人都感到恐惧","0","3","3"
"为振武军节度","0","3","3"
"滑二州的军队","0","3","3"
"李罕之投奔晋","0","3","3"
"于是任符存审","0","3","3"
"是任符存审为","0","3","3"
"告诫他的儿子","0","3","3"
"梁太祖亲自率","0","3","3"
"在镇州讨伐张","0","3","3"
"镇州讨伐张文","0","3","3"
"州讨伐张文礼","0","3","3"
"唐庄宗派宦官","0","3","3"
"唐明宗的儿子","0","3","3"
"随唐庄宗攻破","0","3","3"
"率领五百骑兵","0","3","3"
"为天平军节度","0","3","3"
"迎合安重诲的","0","3","3"
"庄宗消灭梁后","0","3","3"
"唐明宗在南郊","0","3","3"
"任横海军节度","0","3","3"
"怀疑他有二心","0","3","3"
"为左谏议大夫","0","3","3"
"刘延朗等人多","0","3","3"
"延朗等人多次","0","3","3"
"不知该去哪里","0","3","3"
"镇的军队都溃","0","3","3"
"全部杀掉他们","0","3","3"
"和邻居争夺水","0","3","3"
"邻居争夺水井","0","3","3"
"是人们所说的","0","3","3"
"唐庄宗进入洛","0","3","3"
"庄宗进入洛阳","0","3","3"
"唐庄宗慰劳他","0","3","3"
"唐庄宗派李嗣","0","3","3"
"李继岌和郭崇","0","3","3"
"继岌和郭崇韬","0","3","3"
"年轻时以儒学","0","3","3"
"唐明宗是个武","0","3","3"
"晋高祖从太原","0","3","3"
"任马步军都指","0","3","3"
"为武宁军节度","0","3","3"
"汉高祖镇守太","0","3","3"
"群臣没有人敢","0","3","3"
"汉隐帝于是派","0","3","3"
"周太祖任枢密","0","3","3"
"太祖任枢密使","0","3","3"
"汉隐帝在北郊","0","3","3"
"帝在北郊被打","0","3","3"
"高祖任河东节","0","3","3"
"祖任河东节度","0","3","3"
"王彦章任招讨","0","3","3"
"彦章任招讨使","0","3","3"
"段凝为招讨使","0","3","3"
"有什么脸面见","0","3","3"
"他的儿子李继","0","3","3"
"率兵包围他们","0","3","3"
"他的副使孙羽","0","3","3"
"赞赏他的忠诚","0","3","3"
"刘守光的将领","0","3","3"
"率领一百骑兵","0","3","3"
"刘仁恭被他的","0","3","3"
"仁恭被他的儿","0","3","3"
"恭被他的儿子","0","3","3"
"被他的儿子刘","0","3","3"
"大军远道而来","0","3","3"
"王李继岌攻破","0","3","3"
"一年多没能攻","0","3","3"
"唐昭宗迁到洛","0","3","3"
"昭宗迁到洛阳","0","3","3"
"以太子太保辞","0","3","3"
"太子太保辞官","0","3","3"
"必定上奏说别","0","3","3"
"定上奏说别人","0","3","3"
"上奏说别人是","0","3","3"
"奏说别人是朋","0","3","3"
"说别人是朋党","0","3","3"
"李嗣昭又攻取","0","3","3"
"他的弟弟李继","0","3","3"
"又有什么脸面","0","3","3"
"暗中派人告诉","0","3","3"
"进关攻破黄巢","0","3","3"
"唐庄宗很高兴","0","3","3"
"忠臣和博学之","0","3","3"
"臣和博学之士","0","3","3"
"唐明宗从魏州","0","3","3"
"晋军解围离去","0","3","3"
"梁太祖十分高","0","3","3"
"派他的儿子王","0","3","3"
"梁太祖派葛从","0","3","3"
"太祖派葛从周","0","3","3"
"的哥哥刘守文","0","3","3"
"他为节度副使","0","3","3"
"被王晏球打败","0","3","3"
"城中粮食耗尽","0","3","3"
"的儿子刘延祚","0","3","3"
"谏阻认为不行","0","3","3"
"率兵攻打他们","0","3","3"
"他的弟弟趟匡","0","3","3"
"他的儿子徐知","0","3","3"
"的儿子徐知训","0","3","3"
"率领全部军队","0","3","3"
"到梁太祖那里","0","3","3"
"没有机会动手","0","3","3"
"的人都哀怜他","0","3","3"
"表奏李罕之为","0","3","3"
"下他的儿子李","0","3","3"
"魏博向晋投降","0","3","3"
"梁太祖派韦震","0","3","3"
"于是向晋投降","0","3","3"
"张筠为节度使","0","3","3"
"是宋州下邑人","0","3","3"
"任武胜军节度","0","3","3"
"晋在黄河边相","0","3","3"
"晋高祖镇守太","0","3","3"
"年多不能攻克","0","3","3"
"晋出帝和契丹","0","3","3"
"向契丹军投降","0","3","3"
"调任镇守威胜","0","3","3"
"李守贞在河中","0","3","3"
"守贞在河中反","0","3","3"
"贞在河中反叛","0","3","3"
"任侍卫亲军都","0","3","3"
"汉高祖在太原","0","3","3"
"祖率兵进入京","0","3","3"
"自率兵攻打他","0","3","3"
"全部拿来赐给","0","3","3"
"为端明殿学士","0","3","3"
"唐末考中进士","0","3","3"
"魏王李继岌伐","0","3","3"
"王李继岌伐蜀","0","3","3"
"享年七十六岁","0","3","3"
"觉得他不同一","0","3","3"
"得他不同一般","0","3","3"
"依照汉的旧例","0","3","3"
"年轻时考进士","0","3","3"
"唐魏王李继岌","0","3","3"
"追尊杨行密为","0","3","3"
"任他的儿子徐","0","3","3"
"他的弟弟马希","0","3","3"
"的事记载在本","0","3","3"
"事记载在本朝","0","3","3"
"加封尊号为英","0","3","3"
"封尊号为英武","0","3","3"
"尊号为英武睿","0","3","3"
"号为英武睿圣","0","3","3"
"潘峭和毛文锡","0","3","3"
"是吉祥的征兆","0","3","3"
"派他的弟弟钱","0","3","3"
"周世宗平定淮","0","3","3"
"世宗平定淮南","0","3","3"
"的儿子王继鹏","0","3","3"
"万人援助刘曼","0","3","3"
"他的母亲述律","0","3","3"
"安葬耶律德光","0","3","3"
"遣泗州牙将王","2","0","2"
"牙将王知朗徐","2","0","2"
"将王知朗徐州","2","0","2"
"唐僖宗乾符四","1","1","2"
"僖宗乾符四年","1","1","2"
"东南面行营先","1","1","2"
"南面行营先锋","1","1","2"
"面行营先锋使","1","1","2"
"都统王鐸承制","2","0","2"
"河中行营招讨","1","1","2"
"中行营招讨副","1","1","2"
"行营招讨副使","1","1","2"
"节度使秦宗权","1","1","2"
"东南面行营兵","1","1","2"
"南面行营兵马","1","1","2"
"击败巢将黄鄴","2","0","2"
"时溥追兵所杀","1","1","2"
"光启二年三月","1","1","2"
"硃珍募兵东方","2","0","2"
"斩首二万余级","1","1","2"
"张全义取洛阳","1","1","2"
"淮南节度使高","1","1","2"
"南节度使高骈","1","1","2"
"节度使高骈死","1","1","2"
"王淮南节度使","2","0","2"
"行军司马李璠","2","0","2"
"文德元年正月","1","1","2"
"蔡州四面行营","1","1","2"
"龙纪元年正月","1","1","2"
"淮西牙将申丛","1","1","2"
"申丛执秦宗权","2","0","2"
"秦宗权遣弟宗","2","0","2"
"宗权遣弟宗衡","2","0","2"
"权遣弟宗衡掠","2","0","2"
"遣弟宗衡掠地","2","0","2"
"弟宗衡掠地淮","2","0","2"
"宗衡掠地淮南","2","0","2"
"攻杨行密扬州","2","0","2"
"河东叛将冯霸","1","1","2"
"东叛将冯霸杀","1","1","2"
"叛将冯霸杀潞","1","1","2"
"将冯霸杀潞州","1","1","2"
"冯霸杀潞州守","1","1","2"
"霸杀潞州守将","1","1","2"
"杀潞州守将李","1","1","2"
"潞州守将李克","1","1","2"
"州守将李克恭","1","1","2"
"遣葛周入潞州","2","0","2"
"景福元年二月","1","1","2"
"光化元年三月","1","1","2"
"遣氏叔琮攻晋","2","0","2"
"杀节度使王珙","1","1","2"
"精兵宿卫天子","1","1","2"
"宿卫兵劫天子","1","1","2"
"州节度使杨崇","1","1","2"
"节度使杨崇本","1","1","2"
"茂贞杀韩全诲","1","1","2"
"贞杀韩全诲等","1","1","2"
"杀韩全诲等二","1","1","2"
"韩全诲等二十","1","1","2"
"全诲等二十人","1","1","2"
"天子赐王回天","1","1","2"
"造竭忠守正功","1","1","2"
"竭忠守正功臣","1","1","2"
"张全义修洛阳","1","1","2"
"全义修洛阳宫","1","1","2"
"杀德王裕等九","1","1","2"
"德王裕等九王","1","1","2"
"赐王迎銮纪功","1","1","2"
"王迎銮纪功碑","1","1","2"
"荆南留后赵匡","1","1","2"
"南留后赵匡明","1","1","2"
"告枢密使蒋玄","1","1","2"
"弑太后积善宫","2","0","2"
"元年春正月壬","2","0","2"
"宰相张文蔚率","1","1","2"
"相张文蔚率百","1","1","2"
"张文蔚率百官","1","1","2"
"卢军节度使韩","1","1","2"
"军节度使韩建","1","1","2"
"皇高祖黯谥曰","1","1","2"
"高祖黯谥曰宣","1","1","2"
"祖黯谥曰宣元","1","1","2"
"祖妣范氏谥曰","1","1","2"
"妣范氏谥曰宣","1","1","2"
"范氏谥曰宣僖","1","1","2"
"契丹阿保机遣","2","0","2"
"丹阿保机遣使","2","0","2"
"封鸿胪卿李崧","1","1","2"
"军节度使刘知","1","1","2"
"节度使刘知俊","1","1","2"
"潞州行营招讨","1","1","2"
"州行营招讨使","1","1","2"
"林学士承旨礼","1","1","2"
"学士承旨礼部","1","1","2"
"士承旨礼部侍","1","1","2"
"承旨礼部侍郎","1","1","2"
"旨礼部侍郎张","1","1","2"
"礼部侍郎张策","1","1","2"
"潞州行营都虞","1","1","2"
"州行营都虞候","1","1","2"
"行营都虞候康","1","1","2"
"营都虞候康怀","1","1","2"
"都虞候康怀英","1","1","2"
"杀右金吾卫上","1","1","2"
"吾卫上将军王","1","1","2"
"卫上将军王师","1","1","2"
"上将军王师范","1","1","2"
"博王友文留守","1","1","2"
"王友文留守东","1","1","2"
"友文留守东都","1","1","2"
"左仆射杨涉同","1","1","2"
"仆射杨涉同中","1","1","2"
"射杨涉同中书","1","1","2"
"杨涉同中书门","1","1","2"
"涉同中书门下","1","1","2"
"年春正月甲戌","2","0","2"
"睿文圣武广孝","1","1","2"
"文圣武广孝皇","1","1","2"
"圣武广孝皇帝","1","1","2"
"延州高万兴叛","2","0","2"
"海国王大諲譔","2","0","2"
"杀佑国军节度","1","1","2"
"军节度使王重","1","1","2"
"节度使王重师","1","1","2"
"军节度使刘捍","1","1","2"
"同州东面行营","1","1","2"
"房州刺史杨虔","1","1","2"
"州刺史杨虔叛","1","1","2"
"均州刺史张敬","1","1","2"
"州刺史张敬方","1","1","2"
"行营招讨使左","1","1","2"
"营招讨使左卫","1","1","2"
"招讨使左卫上","1","1","2"
"讨使左卫上将","1","1","2"
"使左卫上将军","1","1","2"
"左卫上将军陈","1","1","2"
"卫上将军陈晖","1","1","2"
"军节度使王檀","1","1","2"
"潞州东面行营","1","1","2"
"国军节度使康","1","1","2"
"军节度使康怀","1","1","2"
"节度使康怀英","1","1","2"
"四年春正月壬","2","0","2"
"国军节度使杨","1","1","2"
"行营招讨使伐","2","0","2"
"军节度使王景","1","1","2"
"节度使王景仁","1","1","2"
"王景仁北面行","2","0","2"
"景仁北面行营","2","0","2"
"仁北面行营招","2","0","2"
"平王王处直叛","1","1","2"
"雄军节度使杨","1","1","2"
"天下恶梁久矣","2","0","2"
"鲁桓公弑隐公","1","1","2"
"左龙虎统军袁","1","1","2"
"龙虎统军袁象","1","1","2"
"虎统军袁象先","1","1","2"
"时怀州龙骧屯","1","1","2"
"怀州龙骧屯兵","1","1","2"
"御史大夫姚洎","1","1","2"
"州李保衡叛岐","1","1","2"
"南军节度使刘","1","1","2"
"捉生都将李霸","1","1","2"
"生都将李霸反","1","1","2"
"国军节度使阎","1","1","2"
"节度使阎宝叛","1","1","2"
"海军节度使戴","1","1","2"
"中书侍郎郑珏","1","1","2"
"牛卫大将军刘","1","1","2"
"卫大将军刘璩","1","1","2"
"宁军节度使张","1","1","2"
"军节度使张守","1","1","2"
"节度使张守进","1","1","2"
"度使张守进叛","1","1","2"
"亳州团练使刘","1","1","2"
"兗州安抚制置","2","0","2"
"平军节度使霍","1","1","2"
"军节度使霍彦","1","1","2"
"节度使霍彦威","1","1","2"
"彦威北面行营","2","0","2"
"尚书左丞李琪","1","1","2"
"河中节度使硃","2","0","2"
"中节度使硃友","2","0","2"
"节度使硃友谦","2","0","2"
"硃友谦袭同州","2","0","2"
"节度使程全晖","1","1","2"
"供奉官郎公远","1","1","2"
"赵将张文礼杀","1","1","2"
"滑州兵马留后","1","1","2"
"州兵马留后段","1","1","2"
"兵马留后段凝","1","1","2"
"马留后段凝攻","1","1","2"
"留后段凝攻卫","1","1","2"
"后段凝攻卫州","1","1","2"
"潞州李继韬叛","1","1","2"
"州李继韬叛晋","1","1","2"
"先锋将康延孝","1","1","2"
"锋将康延孝叛","1","1","2"
"河西节度使范","1","1","2"
"西节度使范希","1","1","2"
"节度使范希朝","1","1","2"
"懿宗咸通十年","1","1","2"
"神策大将军康","1","1","2"
"策大将军康承","1","1","2"
"大将军康承训","1","1","2"
"将军康承训统","1","1","2"
"军康承训统十","1","1","2"
"康承训统十八","1","1","2"
"承训统十八将","1","1","2"
"太原行营招讨","1","1","2"
"原行营招讨沙","1","1","2"
"陀三部落军使","1","1","2"
"杀大同军防御","1","1","2"
"同军防御使段","1","1","2"
"军防御使段文","1","1","2"
"防御使段文楚","1","1","2"
"太仆卿卢简方","1","1","2"
"前太原节度使","1","1","2"
"太原节度使李","1","1","2"
"原节度使李业","1","1","2"
"宣慰沙陀六州","1","1","2"
"慰沙陀六州三","1","1","2"
"沙陀六州三部","1","1","2"
"陀六州三部落","1","1","2"
"六州三部落使","1","1","2"
"沙陀破遮虏军","1","1","2"
"招讨使李琢会","1","1","2"
"雁门北行营节","2","0","2"
"门北行营节度","2","0","2"
"望春宫升阳殿","1","1","2"
"攻昭义孟方立","1","1","2"
"磁三州昭义军","2","0","2"
"兵五万救陈州","1","1","2"
"天下兵马都监","1","1","2"
"下兵马都监杨","1","1","2"
"兵马都监杨复","1","1","2"
"马都监杨复恭","1","1","2"
"谏议大夫刘崇","1","1","2"
"议大夫刘崇望","1","1","2"
"攻赫连鐸云州","2","0","2"
"军容使杨复恭","1","1","2"
"浚太原四面行","2","0","2"
"原四面行营兵","1","1","2"
"四面行营兵马","1","1","2"
"检校太师中书","2","0","2"
"校太师中书令","2","0","2"
"平地水深数尺","1","1","2"
"李匡威攻云州","1","1","2"
"乾宁元年三月","1","1","2"
"华州韩建请立","1","1","2"
"州韩建请立珙","1","1","2"
"忠正平难功臣","1","1","2"
"罗弘信伏兵攻","1","1","2"
"遣葛周攻下邢","2","0","2"
"潞州守将薛志","1","1","2"
"州守将薛志勤","1","1","2"
"将白奉国破承","1","1","2"
"白奉国破承天","1","1","2"
"奉国破承天军","1","1","2"
"辽州守将张鄂","1","1","2"
"汾州守将李瑭","1","1","2"
"梁军乘胜破汾","1","1","2"
"周德威救潞州","1","1","2"
"太宗二十二年","1","1","2"
"高宗永徽二年","1","1","2"
"叔父克宁杀都","1","1","2"
"父克宁杀都虞","1","1","2"
"克宁杀都虞候","1","1","2"
"宁杀都虞候李","1","1","2"
"杀都虞候李存","1","1","2"
"遣周德威攻晋","2","0","2"
"梁遣王景仁攻","2","0","2"
"遣王景仁攻赵","2","0","2"
"硃友谦河中叛","2","0","2"
"杀燕王刘守光","1","1","2"
"博二州叛梁附","1","1","2"
"号帐前银枪军","1","1","2"
"戴思远弃沧州","1","1","2"
"贝州人杀梁守","1","1","2"
"州人杀梁守将","1","1","2"
"人杀梁守将张","1","1","2"
"杀梁守将张源","1","1","2"
"梁守将张源德","1","1","2"
"执振武节度使","2","0","2"
"传真献唐受命","1","1","2"
"真献唐受命宝","1","1","2"
"献唐受命宝一","1","1","2"
"赵将张文礼弑","1","1","2"
"节度使李嗣昭","1","1","2"
"海军节度使李","1","1","2"
"节度使李存审","1","1","2"
"武军节度使王","1","1","2"
"军节度使王处","1","1","2"
"节度使王处直","1","1","2"
"州兵马留后张","1","1","2"
"兵马留后张文","1","1","2"
"马留后张文礼","1","1","2"
"平军节度使阎","1","1","2"
"同军节度使李","1","1","2"
"节度使李存璋","1","1","2"
"节度使李存进","1","1","2"
"故将符习阎宝","2","0","2"
"攻张文礼镇州","2","0","2"
"登州司户参军","1","1","2"
"书左丞赵光胤","1","1","2"
"礼部侍郎韦说","1","1","2"
"国王金朴英遣","2","0","2"
"王金朴英遣使","2","0","2"
"金朴英遣使者","2","0","2"
"节度使王逢规","1","1","2"
"臣上尊号曰昭","1","1","2"
"上尊号曰昭文","1","1","2"
"尊号曰昭文睿","1","1","2"
"号曰昭文睿武","1","1","2"
"曰昭文睿武光","1","1","2"
"昭文睿武光孝","1","1","2"
"文睿武光孝皇","1","1","2"
"睿武光孝皇帝","1","1","2"
"南郊立仗军士","1","1","2"
"郊立仗军士等","1","1","2"
"立仗军士等功","1","1","2"
"仗军士等功臣","1","1","2"
"工部郎中李涂","1","1","2"
"德源宪州刺史","2","0","2"
"封回纥王仁美","1","1","2"
"少帝改卜园陵","1","1","2"
"帝改卜园陵使","1","1","2"
"杀河南县令罗","1","1","2"
"西川四面行营","1","1","2"
"川四面行营都","1","1","2"
"郭崇韬招讨使","2","0","2"
"军节度使李继","1","1","2"
"节度使李继麟","1","1","2"
"宣徽南院使李","1","1","2"
"徽南院使李绍","1","1","2"
"南院使李绍宏","1","1","2"
"军节度使李绍","1","1","2"
"节度使李绍荣","1","1","2"
"邢州军将赵太","1","1","2"
"北面招讨使李","1","1","2"
"面招讨使李绍","1","1","2"
"招讨使李绍真","1","1","2"
"德军节度使李","1","1","2"
"度使李嗣源讨","1","1","2"
"献钱助作山陵","1","1","2"
"西京留守王思","1","1","2"
"京留守王思同","1","1","2"
"思同西面行营","2","0","2"
"难军节度使药","1","1","2"
"军节度使药彦","1","1","2"
"节度使药彦稠","1","1","2"
"杀侍卫亲军都","1","1","2"
"三城节度使康","1","1","2"
"城节度使康义","1","1","2"
"节度使康义诚","1","1","2"
"凤翔行营都招","1","1","2"
"翔行营都招讨","1","1","2"
"城巡检使安进","2","0","2"
"卫州刺史突骑","1","1","2"
"州刺史突骑指","1","1","2"
"刺史突骑指挥","1","1","2"
"史突骑指挥使","1","1","2"
"珂河中节度使","2","0","2"
"河中裨将杨彦","1","1","2"
"中裨将杨彦温","1","1","2"
"清泰元年三月","1","1","2"
"守刘遂雍叛唐","1","1","2"
"陕州康思立叛","1","1","2"
"州康思立叛唐","1","1","2"
"左谏议大夫韩","1","1","2"
"谏议大夫韩昭","1","1","2"
"议大夫韩昭胤","1","1","2"
"太常卿卢文纪","1","1","2"
"立沛国夫人刘","1","1","2"
"沛国夫人刘氏","1","1","2"
"夫人刘氏皇后","2","0","2"
"武军节度使张","1","1","2"
"军节度使张延","1","1","2"
"追尊鲁国太夫","1","1","2"
"尊鲁国太夫人","1","1","2"
"鲁国太夫人魏","1","1","2"
"国太夫人魏氏","1","1","2"
"武军节度使赵","1","1","2"
"军节度使赵延","1","1","2"
"节度使赵延寿","1","1","2"
"宣徽南院使刘","1","1","2"
"徽南院使刘延","1","1","2"
"南院使刘延皓","1","1","2"
"群臣献添都马","1","1","2"
"三年春正月乙","2","0","2"
"礼部侍郎马胤","1","1","2"
"部侍郎马胤孙","1","1","2"
"先锋指挥使安","1","1","2"
"锋指挥使安审","1","1","2"
"指挥使安审信","1","1","2"
"挥使安审信叛","1","1","2"
"振武戍将安重","1","1","2"
"武戍将安重荣","1","1","2"
"戍将安重荣叛","1","1","2"
"将安重荣叛降","1","1","2"
"安重荣叛降石","1","1","2"
"重荣叛降石敬","1","1","2"
"荣叛降石敬瑭","1","1","2"
"天雄军屯驻捧","1","1","2"
"雄军屯驻捧圣","1","1","2"
"军屯驻捧圣都","1","1","2"
"屯驻捧圣都虞","1","1","2"
"驻捧圣都虞候","1","1","2"
"捧圣都虞候张","1","1","2"
"圣都虞候张令","1","1","2"
"都虞候张令昭","1","1","2"
"张令昭逐节度","2","0","2"
"令昭逐节度使","2","0","2"
"昭逐节度使刘","2","0","2"
"武军节度使范","1","1","2"
"军节度使范延","1","1","2"
"节度使范延光","1","1","2"
"天雄军四面招","1","1","2"
"雄军四面招讨","1","1","2"
"军四面招讨使","1","1","2"
"彰圣指挥使张","1","1","2"
"圣指挥使张万","1","1","2"
"指挥使张万迪","1","1","2"
"龙军节度使赵","1","1","2"
"军节度使赵德","1","1","2"
"节度使赵德钧","1","1","2"
"高祖使博士王","1","1","2"
"祖使博士王震","1","1","2"
"使博士王震教","1","1","2"
"一子留守太原","1","1","2"
"知河东节度事","1","1","2"
"骁卫将军石德","1","1","2"
"卫将军石德超","1","1","2"
"吾卫大将军梁","1","1","2"
"卫大将军梁言","1","1","2"
"行皇帝山陵都","1","1","2"
"皇帝山陵都部","1","1","2"
"帝山陵都部署","1","1","2"
"葬圣文章武孝","1","1","2"
"圣文章武孝皇","1","1","2"
"文章武孝皇帝","1","1","2"
"北京留守刘知","1","1","2"
"京留守刘知远","1","1","2"
"留守刘知远进","1","1","2"
"瓜州曹元忠皆","1","1","2"
"州曹元忠皆遣","1","1","2"
"曹元忠皆遣使","1","1","2"
"景延广御营使","2","0","2"
"太府卿孟承诲","1","1","2"
"追封皇伯敬儒","1","1","2"
"供奉官七人帅","1","1","2"
"奉官七人帅奉","1","1","2"
"官七人帅奉国","1","1","2"
"七人帅奉国军","1","1","2"
"帅奉国军捕蝗","2","0","2"
"奉国军捕蝗京","2","0","2"
"国军捕蝗京畿","2","0","2"
"供奉官李汉超","1","1","2"
"尊秦国夫人安","1","1","2"
"秦国夫人安氏","1","1","2"
"契丹使通事刘","1","1","2"
"丹使通事刘胤","1","1","2"
"齐州刺史杨承","1","1","2"
"州刺史杨承祚","1","1","2"
"高丽使广评侍","2","0","2"
"丽使广评侍郎","2","0","2"
"广评侍郎金仁","1","1","2"
"评侍郎金仁逢","1","1","2"
"登州刺史郭彦","1","1","2"
"州刺史郭彦威","1","1","2"
"德军节度使高","1","1","2"
"高行周北面行","2","0","2"
"行周北面行营","2","0","2"
"周北面行营都","2","0","2"
"难军节度使李","1","1","2"
"军节度使李周","1","1","2"
"沿河巡检使梁","1","1","2"
"河巡检使梁进","1","1","2"
"贝州行营都部","1","1","2"
"青州行营都部","1","1","2"
"守司空门下侍","2","0","2"
"顺德军节度使","1","1","2"
"德军节度使杜","1","1","2"
"陈州项城民史","1","1","2"
"州项城民史仁","1","1","2"
"项城民史仁诩","1","1","2"
"城民史仁诩门","1","1","2"
"民史仁诩门闾","1","1","2"
"宁军节度使赵","1","1","2"
"都留守马全节","1","1","2"
"马全节契丹战","2","0","2"
"书户部侍郎冯","1","1","2"
"户部侍郎冯玉","1","1","2"
"使广评侍郎韩","2","0","2"
"礼宾卿金廉等","1","1","2"
"兵部侍郎刘崇","1","1","2"
"内军卿朴艺言","1","1","2"
"行营马军排阵","1","1","2"
"营马军排阵使","1","1","2"
"马军排阵使张","1","1","2"
"军排阵使张彦","1","1","2"
"排阵使张彦泽","1","1","2"
"北面行营都招","1","1","2"
"面行营都招讨","1","1","2"
"李守贞兵马都","2","0","2"
"守贞兵马都监","2","0","2"
"军节度使梁汉","1","1","2"
"节度使梁汉璋","1","1","2"
"杀开封尹桑维","1","1","2"
"开封尹桑维翰","1","1","2"
"丹耶律德光送","1","1","2"
"耶律德光送高","1","1","2"
"律德光送高祖","1","1","2"
"杜重威代知远","1","1","2"
"开运二年四月","1","1","2"
"杀吐浑白承福","1","1","2"
"吐浑白承福等","1","1","2"
"浑白承福等族","1","1","2"
"河东行军司马","1","1","2"
"东行军司马张","1","1","2"
"行军司马张彦","1","1","2"
"军司马张彦威","1","1","2"
"司马张彦威等","1","1","2"
"称天福十二年","1","1","2"
"陕州留后赵晖","1","1","2"
"潞州留后王守","1","1","2"
"州留后王守恩","1","1","2"
"逐节度使周密","1","1","2"
"丹州指挥使高","1","1","2"
"州指挥使高彦","1","1","2"
"指挥使高彦询","1","1","2"
"萧翰宣武军节","2","0","2"
"翰宣武军节度","2","0","2"
"节度使守汴州","1","1","2"
"立魏国夫人李","1","1","2"
"魏国夫人李氏","1","1","2"
"侍卫亲军步军","1","1","2"
"卫亲军步军都","1","1","2"
"亲军步军都指","1","1","2"
"军都指挥使史","1","1","2"
"都指挥使史弘","1","1","2"
"指挥使史弘肇","1","1","2"
"奉国指挥使武","1","1","2"
"国指挥使武行","1","1","2"
"指挥使武行德","1","1","2"
"雄军节度使杜","1","1","2"
"度使杜重威反","1","1","2"
"都行营都部署","1","1","2"
"国军节度使薛","1","1","2"
"军节度使薛怀","1","1","2"
"刘仁恭攻破顺","1","1","2"
"仁恭攻破顺州","1","1","2"
"汉高祖侍卫亲","2","0","2"
"高祖侍卫亲军","2","0","2"
"威同中书门下","1","1","2"
"城中兵食俱尽","2","0","2"
"召枢密使院吏","1","1","2"
"枢密使院吏魏","1","1","2"
"密使院吏魏仁","1","1","2"
"使院吏魏仁浦","1","1","2"
"大军节度使张","1","1","2"
"军节度使张彦","1","1","2"
"节度使张彦超","1","1","2"
"使阎晋卿等率","2","0","2"
"阎晋卿等率兵","2","0","2"
"晋卿等率兵拒","2","0","2"
"卿等率兵拒威","2","0","2"
"宁军节度使慕","1","1","2"
"军节度使慕容","1","1","2"
"节度使慕容彦","1","1","2"
"度使慕容彦超","1","1","2"
"请立武宁军节","1","1","2"
"立武宁军节度","1","1","2"
"冯道迎赟徐州","2","0","2"
"请太后临朝听","1","1","2"
"太后临朝听政","1","1","2"
"尚书兵部侍郎","1","1","2"
"书兵部侍郎范","1","1","2"
"兵部侍郎范质","1","1","2"
"汉宰相窦贞固","1","1","2"
"顺元年春正月","2","0","2"
"元年春正月丁","2","0","2"
"上汉太后尊号","1","1","2"
"汉太后尊号曰","1","1","2"
"太后尊号曰昭","1","1","2"
"后尊号曰昭圣","1","1","2"
"尊号曰昭圣皇","1","1","2"
"号曰昭圣皇太","1","1","2"
"曰昭圣皇太后","1","1","2"
"西州回鹘使都","1","1","2"
"州回鹘使都督","1","1","2"
"书左丞田敏使","2","0","2"
"左丞田敏使契","2","0","2"
"丞田敏使契丹","2","0","2"
"宁军节度使王","1","1","2"
"户部侍郎判三","1","1","2"
"部侍郎判三司","1","1","2"
"侍郎判三司李","1","1","2"
"范质参知枢密","1","1","2"
"质参知枢密院","1","1","2"
"宣徽北院使翟","1","1","2"
"徽北院使翟光","1","1","2"
"军都指挥使曹","1","1","2"
"都指挥使曹英","1","1","2"
"广评侍郎徐逢","1","1","2"
"府州防御使折","1","1","2"
"州防御使折德","1","1","2"
"内客省使郑仁","1","1","2"
"客省使郑仁诲","1","1","2"
"使郑仁诲枢密","2","0","2"
"太仆少卿王演","1","1","2"
"年春正月乙卯","2","0","2"
"麟州刺史杨重","1","1","2"
"州刺史杨重训","1","1","2"
"刺史杨重训叛","1","1","2"
"棣州团练使王","1","1","2"
"州团练使王仁","1","1","2"
"团练使王仁镐","1","1","2"
"杀天雄军节度","1","1","2"
"军节度使王殷","1","1","2"
"宁军节度使郑","1","1","2"
"军节度使郑仁","1","1","2"
"节度使郑仁诲","1","1","2"
"户部侍郎王溥","1","1","2"
"皇帝崩滋德殿","2","0","2"
"广顺三年正月","1","1","2"
"显德元年正月","1","1","2"
"判内外兵马事","1","1","2"
"右监门卫大将","1","1","2"
"门卫大将军魏","1","1","2"
"卫大将军魏仁","1","1","2"
"大将军魏仁浦","1","1","2"
"郑仁诲留守东","1","1","2"
"仁诲留守东京","1","1","2"
"军都指挥使樊","1","1","2"
"都指挥使樊爱","1","1","2"
"指挥使樊爱能","1","1","2"
"军都指挥使何","1","1","2"
"都指挥使何徽","1","1","2"
"雄军节度使符","1","1","2"
"军节度使符彦","1","1","2"
"节度使符彦卿","1","1","2"
"河东行营都部","1","1","2"
"东行营都部署","1","1","2"
"汾州防御使董","1","1","2"
"州防御使董希","1","1","2"
"防御使董希颜","1","1","2"
"御使董希颜叛","1","1","2"
"辽州刺史张汉","1","1","2"
"立卫国夫人符","1","1","2"
"卫国夫人符氏","1","1","2"
"代州守将郑处","1","1","2"
"州守将郑处谦","1","1","2"
"守将郑处谦叛","1","1","2"
"锋都指挥使史","1","1","2"
"都指挥使史彦","1","1","2"
"指挥使史彦超","1","1","2"
"南道行营都部","1","1","2"
"道行营都部署","1","1","2"
"向训留守东京","1","1","2"
"南道行营都招","1","1","2"
"道行营都招讨","1","1","2"
"外马步军都军","1","1","2"
"马步军都军头","1","1","2"
"步军都军头袁","1","1","2"
"军都军头袁彦","1","1","2"
"杀密州防御使","1","1","2"
"密州防御使侯","1","1","2"
"州防御使侯希","1","1","2"
"防御使侯希进","1","1","2"
"濮州刺史胡立","1","1","2"
"濠州团练使郭","1","1","2"
"州团练使郭廷","1","1","2"
"团练使郭廷谓","1","1","2"
"年春正月丁亥","2","0","2"
"克淮南十四州","1","1","2"
"放降卒四千六","1","1","2"
"降卒四千六百","1","1","2"
"高丽王昭遣使","1","1","2"
"丽王昭遣使者","1","1","2"
"宣徽南院使吴","1","1","2"
"徽南院使吴延","1","1","2"
"南院使吴延祚","1","1","2"
"魏仁浦同中书","1","1","2"
"仁浦同中书门","1","1","2"
"浦同中书门下","1","1","2"
"大臣请封皇子","1","1","2"
"显德六年六月","1","1","2"
"户部尚书李涛","1","1","2"
"度支郎中卢亿","1","1","2"
"骁卫大将军戴","1","1","2"
"卫大将军戴交","1","1","2"
"废天下佛寺三","1","1","2"
"天下佛寺三千","1","1","2"
"下佛寺三千三","1","1","2"
"佛寺三千三百","1","1","2"
"寺三千三百三","1","1","2"
"三千三百三十","1","1","2"
"千三百三十六","1","1","2"
"太祖元贞皇后","1","1","2"
"祖元贞皇后张","1","1","2"
"元贞皇后张氏","1","1","2"
"单州砀山县渠","1","1","2"
"州砀山县渠亭","1","1","2"
"砀山县渠亭里","1","1","2"
"山县渠亭里富","1","1","2"
"郴王友裕攻徐","1","1","2"
"王友裕攻徐州","1","1","2"
"开封县润色乡","1","1","2"
"追谥曰元贞皇","1","1","2"
"谥曰元贞皇太","1","1","2"
"曰元贞皇太后","1","1","2"
"唐家三百年社","1","1","2"
"家三百年社稷","1","1","2"
"瑞麦一茎三穗","1","1","2"
"董乙聚众称天","1","1","2"
"乙聚众称天子","1","1","2"
"乙等攻劫州县","1","1","2"
"康王友孜谋反","1","1","2"
"度支盐铁制置","1","1","2"
"支盐铁制置使","1","1","2"
"护国四镇征赋","1","1","2"
"牙兵五百随友","1","1","2"
"斩关入万春门","1","1","2"
"刘氏生子继岌","1","1","2"
"庄宗召袁建丰","1","1","2"
"枢密使郭崇韬","1","1","2"
"许州节度使温","1","1","2"
"州节度使温韬","1","1","2"
"蜀金银五十万","1","1","2"
"内库使张容哥","1","1","2"
"内外制置蕃汉","1","1","2"
"外制置蕃汉都","1","1","2"
"制置蕃汉都知","1","1","2"
"置蕃汉都知兵","1","1","2"
"蕃汉都知兵马","1","1","2"
"汉都知兵马使","1","1","2"
"继岌西南面行","2","0","2"
"岌西南面行营","2","0","2"
"工部尚书任圜","1","1","2"
"翰林学士李愚","1","1","2"
"凤翔入大散关","1","1","2"
"兵万人屯利州","1","1","2"
"见崇韬专任军","2","0","2"
"遣宦官马彦珪","2","0","2"
"崇韬留任圜守","1","1","2"
"韬留任圜守蜀","1","1","2"
"先锋康延孝叛","1","1","2"
"益乳母司衣王","1","1","2"
"乳母司衣王氏","1","1","2"
"赐司衣王氏死","1","1","2"
"天福四年九月","1","1","2"
"郇国三千户封","1","1","2"
"国三千户封唐","1","1","2"
"三千户封唐许","1","1","2"
"千户封唐许王","1","1","2"
"彰信军节度使","1","1","2"
"荣天下兵马大","1","1","2"
"门下平章事者","1","1","2"
"荣大宴元帅府","1","1","2"
"押衙马处钧告","1","1","2"
"宣徽使孟汉琼","1","1","2"
"徽使孟汉琼等","1","1","2"
"明宗问弘昭等","1","1","2"
"事汉高祖太原","2","0","2"
"广顺元年九月","1","1","2"
"检校工部尚书","1","1","2"
"赠左军卫将军","2","0","2"
"四年夏四月癸","1","1","2"
"赠左千牛卫将","1","1","2"
"周太祖圣穆皇","1","1","2"
"太祖圣穆皇后","1","1","2"
"祖圣穆皇后柴","1","1","2"
"检校吏部尚书","1","1","2"
"未必能使天下","1","1","2"
"贞惠皇后刘氏","1","1","2"
"宣懿皇后符氏","1","1","2"
"女子能使乱兵","1","1","2"
"赠左骁卫大将","1","1","2"
"子左骁卫大将","1","1","2"
"左武卫大将军","1","1","2"
"左军卫大将军","2","0","2"
"怀英迎銮毅勇","1","1","2"
"英迎銮毅勇功","1","1","2"
"迎銮毅勇功臣","1","1","2"
"庄宗召周德威","1","1","2"
"西路副招讨使","1","1","2"
"硃友谦叛附晋","2","0","2"
"州刺史张蟾叛","2","0","2"
"指挥使卢洪讨","1","1","2"
"太祖西攻凤翔","2","0","2"
"遣硃友宁攻师","2","0","2"
"硃友宁攻师范","2","0","2"
"累迁左龙武统","2","0","2"
"迁左龙武统军","2","0","2"
"潜军黄泽关袭","2","0","2"
"军黄泽关袭太","2","0","2"
"黄泽关袭太原","2","0","2"
"河东道招讨使","1","1","2"
"遂雍西京副留","2","0","2"
"雍西京副留守","2","0","2"
"留守王思同率","1","1","2"
"棣等五州刺史","1","1","2"
"事诸葛爽河阳","2","0","2"
"迁左龙虎统军","2","0","2"
"六军都指挥使","1","1","2"
"迁右神武统军","2","0","2"
"滑州长剑指挥","1","1","2"
"州长剑指挥使","1","1","2"
"拔山军指挥使","1","1","2"
"崖州司户参军","1","1","2"
"左长剑都虞候","1","1","2"
"太祖赐名怀玉","1","1","2"
"华州观察留后","1","1","2"
"太祖攻赵匡凝","2","0","2"
"祖攻赵匡凝襄","2","0","2"
"攻赵匡凝襄阳","2","0","2"
"师厚进攻荆南","2","0","2"
"逐节度使罗周","1","1","2"
"节度使罗周翰","1","1","2"
"将王舜贤洛阳","2","0","2"
"乾化元年正月","1","1","2"
"化元年正月庚","1","1","2"
"元年正月庚寅","1","1","2"
"怀宝等数十人","1","1","2"
"踏白副指挥使","1","1","2"
"迁执虔裕降晋","2","0","2"
"迁匡国军节度","2","0","2"
"梁王彦章击破","1","1","2"
"王彦章击破德","1","1","2"
"彦章击破德胜","1","1","2"
"请立刘氏皇后","2","0","2"
"见长安全盛时","1","1","2"
"宫苑使王允平","1","1","2"
"西川兵马留后","1","1","2"
"马九千五百匹","1","1","2"
"二百五十三万","1","1","2"
"百五十三万石","1","1","2"
"钱一百九十二","1","1","2"
"一百九十二万","1","1","2"
"金银二十二万","1","1","2"
"银二十二万两","1","1","2"
"殿直马延误冲","2","0","2"
"台门斩延后奏","2","0","2"
"子军士桑弘迁","1","1","2"
"相州录事参军","1","1","2"
"宰相任圜判三","1","1","2"
"相任圜判三司","1","1","2"
"硃守殷汴州反","2","0","2"
"夏州李仁福进","1","1","2"
"马牧军使田令","1","1","2"
"牧军使田令方","1","1","2"
"李振崇政院使","2","0","2"
"迁衙内指挥使","1","1","2"
"潞州守将李嗣","1","1","2"
"州守将李嗣昭","1","1","2"
"谓监军张承业","2","0","2"
"监军张承业曰","2","0","2"
"麻家渡进军临","1","1","2"
"家渡进军临濮","1","1","2"
"功迁检校左仆","1","1","2"
"迁检校左仆射","1","1","2"
"迁左右厢步军","1","1","2"
"左右厢步军指","1","1","2"
"右厢步军指挥","1","1","2"
"厢步军指挥使","1","1","2"
"张文礼弑赵王","2","0","2"
"文礼弑赵王王","2","0","2"
"礼弑赵王王镕","2","0","2"
"庄宗灭梁入洛","2","0","2"
"永王存霸奔太","2","0","2"
"王存霸奔太原","2","0","2"
"控鹤指挥使张","1","1","2"
"鹤指挥使张谏","1","1","2"
"杀权知州高逖","1","1","2"
"拱衙指挥使庞","1","1","2"
"屯驻军将马万","1","1","2"
"驻军将马万等","1","1","2"
"功加检校左仆","1","1","2"
"加检校左仆射","1","1","2"
"晋军讨张文礼","2","0","2"
"军讨张文礼镇","2","0","2"
"将银枪效节军","2","0","2"
"宦官韦令图监","1","1","2"
"都行营招抚使","1","1","2"
"迁左厢马军指","1","1","2"
"左厢马军指挥","1","1","2"
"厢马军指挥使","1","1","2"
"汴州节度使孔","1","1","2"
"州节度使孔循","1","1","2"
"襄州节度使刘","1","1","2"
"州节度使刘训","1","1","2"
"节度使刘训等","1","1","2"
"西南面招讨使","1","1","2"
"少事赵王王镕","2","0","2"
"事赵王王镕军","2","0","2"
"平卢监军杨希","1","1","2"
"卢监军杨希望","1","1","2"
"指挥使王公俨","1","1","2"
"挥使王公俨素","1","1","2"
"晋军攻破镇州","1","1","2"
"北面水陆转运","1","1","2"
"面水陆转运使","1","1","2"
"河北道副招讨","1","1","2"
"北道副招讨使","1","1","2"
"晋梁相拒河上","2","0","2"
"魏博观察使判","1","1","2"
"博观察使判官","1","1","2"
"观察使判官张","1","1","2"
"察使判官张宪","1","1","2"
"兴唐尹王正言","1","1","2"
"丰财赡国功臣","1","1","2"
"节度观察判官","1","1","2"
"道盐铁转运等","1","1","2"
"盐铁转运等使","1","1","2"
"判户部度支事","1","1","2"
"延朗充三司使","1","1","2"
"枢密使宋光嗣","1","1","2"
"西川兵马都监","1","1","2"
"少事明宗客将","2","0","2"
"明宗祀天南郊","2","0","2"
"川节度使董璋","1","1","2"
"璋置酒召仁矩","2","0","2"
"西川能斩李严","1","1","2"
"分东川阆州保","2","0","2"
"东川阆州保宁","2","0","2"
"川阆州保宁军","2","0","2"
"枢密承旨李虔","1","1","2"
"密承旨李虔徽","1","1","2"
"西川孟知祥杀","1","1","2"
"杀秦王立愍帝","2","0","2"
"成德范延光代","1","1","2"
"北京留守石敬","1","1","2"
"京留守石敬瑭","1","1","2"
"留守石敬瑭代","1","1","2"
"节度判官韩昭","1","1","2"
"度判官韩昭胤","1","1","2"
"掌书记李专美","1","1","2"
"陇州防御使相","1","1","2"
"州防御使相里","1","1","2"
"防御使相里金","1","1","2"
"遣判官薛文遇","2","0","2"
"同率诸镇兵围","2","0","2"
"汉马步军都总","2","0","2"
"拥高祖呼万岁","2","0","2"
"召学士马胤孙","1","1","2"
"应岚二州刺史","1","1","2"
"帝遣王思同等","2","0","2"
"遣王思同等讨","2","0","2"
"北面行营马军","1","1","2"
"面行营马军都","1","1","2"
"行营马军都指","1","1","2"
"营马军都指挥","1","1","2"
"团柏谷救张敬","1","1","2"
"柏谷救张敬达","1","1","2"
"迁捧圣指挥使","2","0","2"
"迁侍卫亲军马","2","0","2"
"清泰元年四月","1","1","2"
"军都指挥使一","1","1","2"
"都指挥使一人","1","1","2"
"朝廷大将天子","1","1","2"
"廷大将天子国","1","1","2"
"大将天子国兵","1","1","2"
"殿前都指挥使","1","1","2"
"侍卫步军都虞","1","1","2"
"卫步军都虞候","1","1","2"
"中指挥使杨彦","1","1","2"
"指挥使杨彦温","1","1","2"
"节度使潞王珂","2","0","2"
"尚书郎萧希甫","1","1","2"
"书郎萧希甫驳","1","1","2"
"革纵田客杀人","2","0","2"
"费州司户参军","1","1","2"
"夷州司户参军","1","1","2"
"尚书膳部员外","1","1","2"
"书膳部员外郎","1","1","2"
"河东节度副使","1","1","2"
"皆故唐时名族","2","0","2"
"河东节度推官","1","1","2"
"次节度判官卢","1","1","2"
"节度判官卢质","1","1","2"
"张文礼弑王镕","2","0","2"
"硃守殷反汴州","2","0","2"
"燕王刘守光时","1","1","2"
"郓州节度判官","1","1","2"
"命皇后全义父","2","0","2"
"养子郝继孙犯","1","1","2"
"子郝继孙犯法","1","1","2"
"置端明殿学士","1","1","2"
"端明殿学士班","1","1","2"
"河中节度使李","1","1","2"
"中节度使李都","1","1","2"
"雄军节度使掌","1","1","2"
"军节度使掌书","1","1","2"
"节度使掌书记","1","1","2"
"明宗北伐契丹","1","1","2"
"见北京巡检符","1","1","2"
"北京巡检符彦","1","1","2"
"京巡检符彦超","1","1","2"
"梁开封尹袁象","1","1","2"
"开封尹袁象先","1","1","2"
"枢密使张居翰","1","1","2"
"宰相豆卢革等","1","1","2"
"天成元年四月","1","1","2"
"成元年四月二","1","1","2"
"元年四月二十","1","1","2"
"年四月二十八","1","1","2"
"河堰牙官李筠","1","1","2"
"希甫召堂头直","1","1","2"
"甫召堂头直省","1","1","2"
"召堂头直省朝","1","1","2"
"堂头直省朝堂","1","1","2"
"头直省朝堂驱","1","1","2"
"直省朝堂驱使","1","1","2"
"省朝堂驱使官","1","1","2"
"岚州司户参军","1","1","2"
"元帅判官任赞","1","1","2"
"河南府判官司","1","1","2"
"南府判官司徒","1","1","2"
"任赞等十七人","1","1","2"
"张承业守太原","1","1","2"
"西川节度副使","1","1","2"
"河阳节度掌书","1","1","2"
"阳节度掌书记","1","1","2"
"附镇州安重荣","1","1","2"
"天福五年九月","1","1","2"
"内客省使李彦","1","1","2"
"客省使李彦韬","1","1","2"
"端明殿学士冯","1","1","2"
"明殿学士冯玉","1","1","2"
"契丹凡所书檄","2","0","2"
"耶律德光犯京","2","0","2"
"律德光犯京师","2","0","2"
"晋高祖六军副","2","0","2"
"高祖六军副使","2","0","2"
"宁江军节度使","1","1","2"
"卫马步军都虞","1","1","2"
"供奉官张晖奉","1","1","2"
"奉官张晖奉表","1","1","2"
"武宁军节度副","1","1","2"
"宁军节度副使","1","1","2"
"开运元年正月","1","1","2"
"凤翔李永吉初","1","1","2"
"前客省使王筠","1","1","2"
"逢吉改二十人","1","1","2"
"州捕贼使者张","1","1","2"
"捕贼使者张令","1","1","2"
"贼使者张令柔","1","1","2"
"卫州刺史叶仁","1","1","2"
"州刺史叶仁鲁","1","1","2"
"逢吉权知枢密","1","1","2"
"吉权知枢密院","1","1","2"
"司天夏官正王","1","1","2"
"天夏官正王处","1","1","2"
"夏官正王处讷","1","1","2"
"汉高祖典禁兵","2","0","2"
"武节左右指挥","1","1","2"
"泽州翟令奇等","1","1","2"
"永兴赵思绾等","1","1","2"
"侍卫孔目官解","1","1","2"
"卫孔目官解晖","1","1","2"
"孔目官解晖狡","1","1","2"
"三年冬十月十","1","1","2"
"年冬十月十三","1","1","2"
"冬十月十三日","1","1","2"
"三州粮料院使","1","1","2"
"史弘肇等同日","2","0","2"
"弘肇等同日见","2","0","2"
"肇等同日见杀","2","0","2"
"京师大风拔木","2","0","2"
"隐帝召司天赵","1","1","2"
"帝召司天赵延","1","1","2"
"左神武统军袁","1","1","2"
"害慕容彦超败","1","1","2"
"婿张贻肃血流","1","1","2"
"迁左散骑常侍","2","0","2"
"充端明殿学士","1","1","2"
"士徐台符等二","1","1","2"
"徐台符等二十","1","1","2"
"台符等二十人","1","1","2"
"御史中丞杨昭","1","1","2"
"史中丞杨昭俭","1","1","2"
"十二律管互吹","1","1","2"
"管长短寸分设","1","1","2"
"长短寸分设柱","1","1","2"
"汉高祖河东节","2","0","2"
"仁诲大内都点","2","0","2"
"诲大内都点检","2","0","2"
"枢密使王朴尤","1","1","2"
"讲求礼乐遗文","1","1","2"
"行营先锋马军","1","1","2"
"营先锋马军使","1","1","2"
"屯金波亭虞变","2","0","2"
"晋军攻破澶州","1","1","2"
"唐将夏鲁奇素","1","1","2"
"嗣昭昭义军节","2","0","2"
"昭昭义军节度","2","0","2"
"黄袁二州刺史","1","1","2"
"武昌军节度使","1","1","2"
"仁赡清淮军节","2","0","2"
"赡清淮军节度","2","0","2"
"退守正阳浮桥","1","1","2"
"遣元帅齐王景","2","0","2"
"元帅齐王景达","2","0","2"
"永德两军相疑","2","0","2"
"守将广陵冯延","1","1","2"
"将广陵冯延鲁","1","1","2"
"监军使周廷构","1","1","2"
"检校太尉中书","2","0","2"
"校太尉中书令","2","0","2"
"源德见梁太祖","1","1","2"
"魏博节度使杨","1","1","2"
"博节度使杨师","1","1","2"
"迫节度使贺德","1","1","2"
"磁州刺史靳昭","1","1","2"
"神武十军都指","1","1","2"
"武十军都指挥","1","1","2"
"十军都指挥使","1","1","2"
"应顺元年二月","1","1","2"
"西面行营马步","1","1","2"
"面行营马步军","1","1","2"
"营马步军都部","1","1","2"
"珂登城呼外兵","2","0","2"
"挥使杨思权呼","1","1","2"
"河东马步军都","1","1","2"
"东马步军都指","1","1","2"
"汉马步军都部","1","1","2"
"敬达太原四面","2","0","2"
"太原四面招讨","1","1","2"
"原四面招讨使","1","1","2"
"副招讨使杨光","1","1","2"
"拱辰都指挥使","1","1","2"
"契丹深入晋地","1","1","2"
"汉龙捷都指挥","1","1","2"
"龙捷都指挥使","1","1","2"
"虎捷都指挥使","1","1","2"
"迁龙捷右厢都","1","1","2"
"龙捷右厢都指","1","1","2"
"供奉官安弘道","1","1","2"
"奉官安弘道押","1","1","2"
"卫军虞候韩通","1","1","2"
"军虞候韩通收","1","1","2"
"节度使刘遂凝","1","1","2"
"户部尚书王权","1","1","2"
"宗正卿石光赞","1","1","2"
"兵部侍郎王延","1","1","2"
"部侍郎王延等","1","1","2"
"迁洺州团练使","2","0","2"
"天福四年正月","1","1","2"
"深州司功参军","1","1","2"
"州司功参军李","1","1","2"
"兵部侍郎王赞","1","1","2"
"工部尚书王溥","1","1","2"
"门下平章事张","1","1","2"
"下平章事张文","1","1","2"
"平章事张文蔚","1","1","2"
"礼部尚书苏循","1","1","2"
"唐容管经略使","1","1","2"
"魏黄初元年春","1","1","2"
"黄初元年春二","1","1","2"
"初元年春二月","1","1","2"
"建安二十五年","1","1","2"
"迁工部侍郎奉","2","0","2"
"宗时翰林学士","2","0","2"
"中尉韩全诲等","1","1","2"
"贻矩中书侍郎","2","0","2"
"恭灵庄闵皇帝","1","1","2"
"李茂贞兵犯京","1","1","2"
"集贤殿大学士","1","1","2"
"欲空人国君子","2","0","2"
"空人国君子者","2","0","2"
"欲孤人主势蔽","2","0","2"
"孤人主势蔽耳","2","0","2"
"人主势蔽耳目","2","0","2"
"主势蔽耳目者","2","0","2"
"晋汾州刺史李","1","1","2"
"汾州刺史李瑭","1","1","2"
"李存信率兵迎","1","1","2"
"继俦知潞州事","1","1","2"
"节度副使李继","1","1","2"
"度副使李继珂","1","1","2"
"嗣昭父子三人","1","1","2"
"左厢马军都指","1","1","2"
"厢马军都指挥","1","1","2"
"天雄军马步都","1","1","2"
"雄军马步都指","1","1","2"
"军马步都指挥","1","1","2"
"马步都指挥使","1","1","2"
"北都知兵马使","1","1","2"
"梁骁将邓季筠","1","1","2"
"太祖攻破朔州","1","1","2"
"营马步军都虞","1","1","2"
"天雄军都部署","1","1","2"
"河东马步军使","1","1","2"
"检校左散骑常","1","1","2"
"校左散骑常侍","1","1","2"
"马直军士王温","1","1","2"
"梁血战三十年","1","1","2"
"赠左武卫上将","1","1","2"
"节度使刘仁恭","1","1","2"
"宣徽使马绍宏","1","1","2"
"会王处存攻镕","2","0","2"
"追风都团练使","1","1","2"
"风都团练使段","1","1","2"
"都团练使段亮","1","1","2"
"寇都团练使马","1","1","2"
"都团练使马珂","1","1","2"
"团练使马珂等","1","1","2"
"供奉官杜廷隐","1","1","2"
"奉官杜廷隐监","1","1","2"
"道士王若讷留","1","1","2"
"成德军中军使","1","1","2"
"故封长沙郡王","1","1","2"
"梁太祖遣葛周","2","0","2"
"魏州城中地陷","1","1","2"
"昭宗东迁洛阳","2","0","2"
"燕王刘守光囚","1","1","2"
"徙宣义军节度","2","0","2"
"廷规娶梁太祖","1","1","2"
"制置内闲厩宫","1","1","2"
"置内闲厩宫苑","1","1","2"
"内闲厩宫苑等","1","1","2"
"闲厩宫苑等使","1","1","2"
"后院中军都知","1","1","2"
"院中军都知兵","1","1","2"
"中军都知兵马","1","1","2"
"军都知兵马使","1","1","2"
"诱契丹阿保机","1","1","2"
"阿保机举国入","1","1","2"
"指挥使郑季璘","1","1","2"
"龙泉镇将杜弘","1","1","2"
"泉镇将杜弘寿","1","1","2"
"天成四年二月","1","1","2"
"杨光远行营中","1","1","2"
"光远行营中军","1","1","2"
"远行营中军使","1","1","2"
"瀛州景城县令","1","1","2"
"匡威弟匡俦所","2","0","2"
"逐节度使卢彦","1","1","2"
"吐浑兵四万人","1","1","2"
"守光将元行钦","2","0","2"
"立守文子延祚","2","0","2"
"河北兵马都统","1","1","2"
"天下四分五裂","1","1","2"
"太原少尹李承","1","1","2"
"原少尹李承勋","1","1","2"
"王潮攻陷岭南","1","1","2"
"刘信攻破虔州","1","1","2"
"雄等七人送梁","2","0","2"
"黄巢攻掠江淮","1","1","2"
"梁太祖初镇宣","2","0","2"
"义昌三节度行","1","1","2"
"昌三节度行军","1","1","2"
"三节度行军司","1","1","2"
"匡凝遣弟匡明","2","0","2"
"青州节度使王","1","1","2"
"州节度使王敬","1","1","2"
"节度使王敬武","1","1","2"
"郓州节度使薛","1","1","2"
"州节度使薛崇","1","1","2"
"郓州马步军都","1","1","2"
"州节度使齐克","1","1","2"
"沂州刺史尹处","1","1","2"
"州刺史尹处宾","1","1","2"
"东南诸道行营","1","1","2"
"南诸道行营副","1","1","2"
"诸道行营副都","1","1","2"
"道行营副都统","1","1","2"
"润州徐知诰闻","2","0","2"
"州徐知诰闻乱","2","0","2"
"平卢节度使安","1","1","2"
"卢节度使安师","1","1","2"
"敬武率兵击破","1","1","2"
"太子少师崔安","1","1","2"
"子少师崔安潜","1","1","2"
"秦宗权遣孙儒","2","0","2"
"潞州节度使高","1","1","2"
"州节度使高浔","1","1","2"
"唐昭义军节度","2","0","2"
"子陕州节度使","1","1","2"
"贺瑰北面行营","2","0","2"
"瑰北面行营招","2","0","2"
"迁宣武军节度","1","1","2"
"忠武军马步军","1","1","2"
"武军马步军都","1","1","2"
"军马步军都虞","1","1","2"
"太祖必成大事","1","1","2"
"占天下良田大","1","1","2"
"天下良田大宅","1","1","2"
"租庸判官邵赞","1","1","2"
"镇州张文礼杀","1","1","2"
"州张文礼杀王","1","1","2"
"官郄文晏等二","1","1","2"
"郄文晏等二十","1","1","2"
"彦威等弑昭宗","2","0","2"
"夫人裴正一开","1","1","2"
"人裴正一开门","1","1","2"
"裴正一开门问","1","1","2"
"龙武牙官史太","1","1","2"
"武牙官史太杀","1","1","2"
"唐潞州节度使","1","1","2"
"庄宗灭梁入汴","1","1","2"
"唐司空裴璩判","1","1","2"
"司空裴璩判度","1","1","2"
"空裴璩判度支","1","1","2"
"郓等州供军院","1","1","2"
"等州供军院使","1","1","2"
"左拾遗徐彦枢","1","1","2"
"六军诸卫副使","1","1","2"
"神策军指挥使","1","1","2"
"静海军节度使","1","1","2"
"扶倾济难忠烈","1","1","2"
"倾济难忠烈功","1","1","2"
"济难忠烈功臣","1","1","2"
"左威卫上将军","1","1","2"
"密使蒋玄晖等","1","1","2"
"左开道指挥使","1","1","2"
"宣徽使王殷召","1","1","2"
"迁平卢军节度","1","1","2"
"效节军将张彦","1","1","2"
"供奉官扈异驰","1","1","2"
"监军张承业留","1","1","2"
"德伦魏博降晋","2","0","2"
"捉生都指挥使","1","1","2"
"生都指挥使张","1","1","2"
"都指挥使张温","1","1","2"
"左右先锋指挥","1","1","2"
"右先锋指挥使","1","1","2"
"延孝见梁末帝","1","1","2"
"孝见梁末帝任","1","1","2"
"先锋排阵斩斫","1","1","2"
"锋排阵斩斫使","1","1","2"
"三川制置等使","1","1","2"
"全义袭取河阳","1","1","2"
"守河南三十年","1","1","2"
"忠武陕虢郑滑","1","1","2"
"武陕虢郑滑河","1","1","2"
"陕虢郑滑河阳","1","1","2"
"虢郑滑河阳节","1","1","2"
"郑滑河阳节度","1","1","2"
"滑河阳节度使","1","1","2"
"天下兵马副元","1","1","2"
"下兵马副元帅","1","1","2"
"梁兵西攻李茂","1","1","2"
"兵西攻李茂贞","1","1","2"
"万安大长公主","1","1","2"
"宣武军内外马","1","1","2"
"武军内外马步","1","1","2"
"军内外马步军","1","1","2"
"外马步军都指","1","1","2"
"末帝留守东都","1","1","2"
"安远军节度使","1","1","2"
"相州刺史李思","1","1","2"
"州刺史李思安","1","1","2"
"襄州都指挥使","1","1","2"
"山南节度使王","1","1","2"
"南节度使王班","1","1","2"
"晋州观察留后","1","1","2"
"拱辰左厢都指","1","1","2"
"辰左厢都指挥","1","1","2"
"左厢都指挥使","1","1","2"
"龙武右厢都指","1","1","2"
"武右厢都指挥","1","1","2"
"河中行营排阵","1","1","2"
"中行营排阵使","1","1","2"
"晋高祖兵太原","2","0","2"
"三白渠营田制","1","1","2"
"白渠营田制置","1","1","2"
"渠营田制置使","1","1","2"
"偏将侯莫陈威","1","1","2"
"太原节度副使","1","1","2"
"万胜黄头军使","1","1","2"
"迁左骁卫大将","1","1","2"
"河北都转运使","1","1","2"
"山后八军巡检","1","1","2"
"后八军巡检使","1","1","2"
"州节度使毛璋","1","1","2"
"泾州节度副使","1","1","2"
"契丹攻陷平州","1","1","2"
"卢龙军行军司","1","1","2"
"龙军行军司马","1","1","2"
"迁黄甲指挥使","1","1","2"
"太原四面步军","1","1","2"
"原四面步军都","1","1","2"
"四面步军都指","1","1","2"
"面步军都指挥","1","1","2"
"帐前黄甲二十","1","1","2"
"前黄甲二十指","1","1","2"
"黄甲二十指挥","1","1","2"
"甲二十指挥步","1","1","2"
"二十指挥步军","1","1","2"
"十指挥步军都","1","1","2"
"指挥步军都虞","1","1","2"
"挥步军都虞候","1","1","2"
"魏博三城巡检","1","1","2"
"博三城巡检使","1","1","2"
"高祖发兵三万","2","0","2"
"李承裕守安州","1","1","2"
"杜重威讨安重","2","0","2"
"重威讨安重荣","2","0","2"
"降守将晋廷谦","1","1","2"
"马军右厢排阵","1","1","2"
"军右厢排阵使","1","1","2"
"近臣饮酒过量","1","1","2"
"北面行营都监","1","1","2"
"面行营都监张","1","1","2"
"杜重威都招讨","2","0","2"
"重威都招讨使","2","0","2"
"马军右厢都指","1","1","2"
"军右厢都指挥","1","1","2"
"隶唐明宗麾下","2","0","2"
"高祖保义军节","2","0","2"
"祖保义军节度","2","0","2"
"延州节度使杨","1","1","2"
"州节度使杨汉","1","1","2"
"节度使杨汉章","1","1","2"
"度使杨汉章发","1","1","2"
"使杨汉章发乡","1","1","2"
"杨汉章发乡民","1","1","2"
"汉章发乡民赴","1","1","2"
"章发乡民赴京","1","1","2"
"发乡民赴京师","1","1","2"
"行军司马冯知","1","1","2"
"军司马冯知兆","1","1","2"
"近代朝廷仪制","1","1","2"
"彰义军节度使","1","1","2"
"左都押衙明汉","1","1","2"
"都押衙明汉荣","1","1","2"
"李守贞反河中","2","0","2"
"控鹤右第一军","1","1","2"
"鹤右第一军使","1","1","2"
"夹马都指挥使","1","1","2"
"北京步军都指","1","1","2"
"京步军都指挥","1","1","2"
"右羽林都指挥","1","1","2"
"兴元张虔钊会","1","1","2"
"指挥使尹晖攻","1","1","2"
"德军节度使石","1","1","2"
"卫州刺史王弘","1","1","2"
"弓箭库使沙守","1","1","2"
"箭库使沙守荣","1","1","2"
"凤翔行军司马","1","1","2"
"北面转运使马","1","1","2"
"面转运使马绍","1","1","2"
"转运使马绍宏","1","1","2"
"杨光远讨范延","2","0","2"
"光远讨范延光","2","0","2"
"远讨范延光魏","2","0","2"
"讨范延光魏州","2","0","2"
"晋高祖分户部","1","1","2"
"幽州节度使李","1","1","2"
"州节度使李匡","1","1","2"
"节度使李匡威","1","1","2"
"刘仁恭守幽州","1","1","2"
"中军都指挥使","1","1","2"
"后军都指挥使","1","1","2"
"朔忻岚三州刺","1","1","2"
"忻岚三州刺史","1","1","2"
"襄州行营都部","1","1","2"
"迎见耶律德光","1","1","2"
"度支钱六千万","1","1","2"
"党项拓拔彦超","1","1","2"
"奉化军节度使","1","1","2"
"北面行营应援","1","1","2"
"面行营应援使","1","1","2"
"左屯卫上将军","1","1","2"
"契丹攻陷贝州","1","1","2"
"邓州行军司马","1","1","2"
"侍卫亲军指挥","1","1","2"
"卫亲军指挥使","1","1","2"
"奉国军都指挥","1","1","2"
"国军都指挥使","1","1","2"
"虎捷右厢都指","1","1","2"
"方谏义武军节","2","0","2"
"谏义武军节度","2","0","2"
"丹高牟翰诈瀛","2","0","2"
"高牟翰诈瀛州","2","0","2"
"牟翰诈瀛州降","2","0","2"
"重威北面行营","2","0","2"
"枢密使桑维翰","1","1","2"
"王景崇凤翔反","2","0","2"
"枢密使郭威率","1","1","2"
"节度使扈彦珂","1","1","2"
"谏议大夫郑受","1","1","2"
"议大夫郑受益","1","1","2"
"尚书刑部郎中","1","1","2"
"书刑部郎中李","1","1","2"
"刑部郎中李涛","1","1","2"
"中丞王易简率","1","1","2"
"左龙武军大将","1","1","2"
"龙武军大将军","1","1","2"
"偏将药元福独","1","1","2"
"大内都点检康","1","1","2"
"内都点检康福","1","1","2"
"都点检康福全","1","1","2"
"控鹤指挥使李","1","1","2"
"鹤指挥使李筠","1","1","2"
"姑乌氏公主私","1","1","2"
"岂两天子相见","2","0","2"
"两天子相见道","2","0","2"
"天子相见道路","2","0","2"
"子相见道路邪","2","0","2"
"楚国夫人丁氏","1","1","2"
"耶律德光京师","2","0","2"
"永兴副使安友","1","1","2"
"兴副使安友规","1","1","2"
"翰林学士鲁崇","1","1","2"
"林学士鲁崇谅","1","1","2"
"步军指挥使曹","1","1","2"
"军指挥使曹英","1","1","2"
"客省使向训讨","1","1","2"
"判官崔周度谏","1","1","2"
"河东掌书记时","1","1","2"
"传国宝万岁杯","1","1","2"
"见唐太宗平定","1","1","2"
"唐太宗平定天","1","1","2"
"太宗平定天下","1","1","2"
"唐末举进士第","2","0","2"
"密使安重诲专","1","1","2"
"使安重诲专权","1","1","2"
"托宰相任圜先","1","1","2"
"前乡贡进士李","1","1","2"
"乡贡进士李琪","1","1","2"
"翰林学士奉旨","1","1","2"
"问枢密使孔循","1","1","2"
"沧州节度使卢","1","1","2"
"州节度使卢彦","1","1","2"
"邓州观察判官","1","1","2"
"招讨使郭崇韬","1","1","2"
"兵部侍郎承旨","1","1","2"
"问三司使王玫","1","1","2"
"太常卿崔居俭","1","1","2"
"居俭故事礼仪","2","0","2"
"俭故事礼仪使","2","0","2"
"中书舍人李详","1","1","2"
"唐太原节度使","1","1","2"
"明宗问宰相赵","1","1","2"
"宗问宰相赵凤","1","1","2"
"州县发递知后","1","1","2"
"河中观察支使","1","1","2"
"将吏韩昭胤等","1","1","2"
"宰相卢文纪独","1","1","2"
"士司空图一见","1","1","2"
"事梁翰林学士","2","0","2"
"兵部侍郎任赞","1","1","2"
"太常博士段颙","2","0","2"
"礼部尚书萧顷","1","1","2"
"部尚书萧顷等","1","1","2"
"右仆射李琪等","1","1","2"
"妻父母婿外甥","1","1","2"
"司封郎中曹琛","1","1","2"
"权知天福二年","1","1","2"
"知天福二年贡","1","1","2"
"天福二年贡举","1","1","2"
"礼乐制度亡失","1","1","2"
"刑部侍郎吕琦","1","1","2"
"礼部侍郎张允","1","1","2"
"部侍郎张允等","1","1","2"
"加鼓吹十二按","1","1","2"
"秘书省校书郎","1","1","2"
"尚书右丞承旨","1","1","2"
"梁义成军节度","1","1","2"
"成军节度使贺","1","1","2"
"命骑将李建崇","1","1","2"
"行台礼部尚书","1","1","2"
"论思匡佐功臣","1","1","2"
"昭宣光烈孝皇","1","1","2"
"宣光烈孝皇帝","1","1","2"
"天成四年八月","1","1","2"
"三司使王玫请","1","1","2"
"横海军节度判","1","1","2"
"海军节度判官","1","1","2"
"节度使刘守文","1","1","2"
"代州军事推官","1","1","2"
"河阳主藏吏盗","1","1","2"
"三司使张延朗","1","1","2"
"问枢密直学士","1","1","2"
"枢密直学士薛","1","1","2"
"密直学士薛文","1","1","2"
"直学士薛文遇","1","1","2"
"诵戎昱社稷依","1","1","2"
"戎昱社稷依明","1","1","2"
"昱社稷依明主","1","1","2"
"侍卫都指挥使","1","1","2"
"河中李守贞反","1","1","2"
"称清海军掌书","1","1","2"
"清海军掌书记","1","1","2"
"丹阳竟陵台令","1","1","2"
"河中节度副使","1","1","2"
"赵州军事判官","1","1","2"
"宰相王峻监修","1","1","2"
"相王峻监修国","1","1","2"
"王峻监修国史","1","1","2"
"平卢军行军司","1","1","2"
"卢军行军司马","1","1","2"
"晋高祖河东节","1","1","2"
"庄宗讨张文礼","2","0","2"
"迁水部员外郎","2","0","2"
"二十四考中书","1","1","2"
"十四考中书令","1","1","2"
"秦州节度判官","1","1","2"
"思同留守西京","1","1","2"
"都官郎中充翰","1","1","2"
"官郎中充翰林","1","1","2"
"郎中充翰林学","1","1","2"
"中充翰林学士","1","1","2"
"司封左司郎中","1","1","2"
"晋高祖初定雅","1","1","2"
"高祖初定雅乐","1","1","2"
"右散骑常侍陆","1","1","2"
"散骑常侍陆崇","1","1","2"
"吏部尚书卢文","1","1","2"
"助晋击败唐军","1","1","2"
"唐天宝十四载","1","1","2"
"天宝十四载乙","1","1","2"
"宝十四载乙未","1","1","2"
"雨水正月中气","1","1","2"
"司天监赵仁锜","1","1","2"
"明年庚子正月","1","1","2"
"八营都知兵马","1","1","2"
"营都知兵马使","1","1","2"
"刺史郎幼复弃","1","1","2"
"史郎幼复弃城","1","1","2"
"蔡州秦宗权遣","2","0","2"
"召池州刺史赵","1","1","2"
"行密收儒余兵","2","0","2"
"安仁义守润州","1","1","2"
"升州刺史冯弘","1","1","2"
"江淮宣谕使李","1","1","2"
"淮宣谕使李俨","1","1","2"
"东面诸道行营","1","1","2"
"面诸道行营都","1","1","2"
"鄂岳招讨使攻","1","1","2"
"常州刺史李遇","1","1","2"
"右衙指挥使徐","1","1","2"
"衙指挥使徐温","1","1","2"
"指挥使徐温私","1","1","2"
"判官周隐作符","1","1","2"
"官周隐作符召","1","1","2"
"左衙都指挥使","1","1","2"
"衙都指挥使张","1","1","2"
"都指挥使张颢","1","1","2"
"杨氏创业艰难","1","1","2"
"行军副使李承","1","1","2"
"军副使李承嗣","1","1","2"
"唐宣谕使李俨","1","1","2"
"人高贵卿侍酒","1","1","2"
"谏议大夫薛昭","1","1","2"
"议大夫薛昭文","1","1","2"
"大丞相徐温率","1","1","2"
"溥未许温病卒","2","0","2"
"将吏三十四人","1","1","2"
"金陵尹徐知询","1","1","2"
"斩客将周廷望","2","0","2"
"睿圣文明孝皇","1","1","2"
"圣文明孝皇帝","1","1","2"
"右仆射宋齐丘","1","1","2"
"镇海军节度副","1","1","2"
"海军节度副使","1","1","2"
"睿圣文明光孝","1","1","2"
"圣文明光孝应","1","1","2"
"文明光孝应天","1","1","2"
"明光孝应天弘","1","1","2"
"光孝应天弘道","1","1","2"
"孝应天弘道广","1","1","2"
"应天弘道广德","1","1","2"
"天弘道广德皇","1","1","2"
"弘道广德皇帝","1","1","2"
"周先锋都部署","1","1","2"
"先锋都部署刘","1","1","2"
"锋都部署刘重","1","1","2"
"都部署刘重进","1","1","2"
"功迁右衙指挥","1","1","2"
"迁右衙指挥使","1","1","2"
"招讨使李涛攻","1","1","2"
"知训硃瑾所杀","2","0","2"
"行酒吏刁彦能","1","1","2"
"右仆射同平章","2","0","2"
"仆射同平章事","2","0","2"
"广陵见宋齐丘","1","1","2"
"奔庐州节度使","1","1","2"
"庐州节度使周","1","1","2"
"州节度使周本","1","1","2"
"太尉杨璘传位","1","1","2"
"高尚思玄弘古","1","1","2"
"康化军节度使","1","1","2"
"晋安州节度使","1","1","2"
"安州节度使李","1","1","2"
"鄂州屯营使李","1","1","2"
"州屯营使李承","1","1","2"
"屯营使李承裕","1","1","2"
"营使李承裕迎","1","1","2"
"光文肃武孝高","1","1","2"
"文肃武孝高皇","1","1","2"
"肃武孝高皇帝","1","1","2"
"洪州营屯虞候","1","1","2"
"州营屯虞候严","1","1","2"
"营屯虞候严思","1","1","2"
"通事舍人边镐","1","1","2"
"事舍人边镐率","1","1","2"
"舍人边镐率兵","1","1","2"
"人边镐率兵攻","1","1","2"
"事中萧俨上疏","1","1","2"
"侍卫军都虞候","1","1","2"
"卫军都虞候贾","1","1","2"
"军都虞候贾崇","1","1","2"
"延政遣子继昌","2","0","2"
"政遣子继昌守","2","0","2"
"遣子继昌守福","2","0","2"
"子继昌守福州","2","0","2"
"清源军节度使","1","1","2"
"时魏岑安抚漳","1","1","2"
"御史中丞江文","1","1","2"
"史中丞江文蔚","1","1","2"
"谏议大夫魏岑","1","1","2"
"江州司士参军","1","1","2"
"兵部尚书贾潭","1","1","2"
"润州节度使李","1","1","2"
"北面行营招抚","1","1","2"
"面行营招抚使","1","1","2"
"请建州节度使","1","1","2"
"建州节度使查","1","1","2"
"州节度使查文","1","1","2"
"节度使查文徽","1","1","2"
"剑州刺史陈诲","1","1","2"
"信州刺史边镐","1","1","2"
"州刺史边镐攻","1","1","2"
"尽迁马氏族金","2","0","2"
"迁马氏族金陵","2","0","2"
"希崇舒州节度","2","0","2"
"崇舒州节度使","2","0","2"
"广州刘晟乘楚","1","1","2"
"十三年十一月","1","1","2"
"都副留守冯延","1","1","2"
"副留守冯延鲁","1","1","2"
"光州刺史张绍","1","1","2"
"舒州刺史周祚","1","1","2"
"泰州刺史方讷","1","1","2"
"文理院学士李","1","1","2"
"理院学士李德","1","1","2"
"院学士李德明","1","1","2"
"学士李德明奉","1","1","2"
"士李德明奉表","1","1","2"
"蜡丸书走契丹","2","0","2"
"丸书走契丹求","2","0","2"
"光州刺史张承","1","1","2"
"州刺史张承翰","1","1","2"
"礼部尚书王崇","1","1","2"
"部尚书王崇质","1","1","2"
"交泰元年正月","1","1","2"
"礼部尚书常梦","1","1","2"
"部尚书常梦锡","1","1","2"
"枢密使唐镐赞","1","1","2"
"明道崇德文宣","1","1","2"
"道崇德文宣孝","1","1","2"
"崇德文宣孝皇","1","1","2"
"德文宣孝皇帝","1","1","2"
"中书侍郎冯延","1","1","2"
"书侍郎冯延鲁","1","1","2"
"立副使张汉思","1","1","2"
"赠开府仪同三","1","1","2"
"开府仪同三司","1","1","2"
"内史舍人潘佑","1","1","2"
"史舍人潘佑上","1","1","2"
"舍人潘佑上书","1","1","2"
"人潘佑上书极","1","1","2"
"属十军观军容","1","1","2"
"十军观军容使","1","1","2"
"军观军容使田","1","1","2"
"观军容使田令","1","1","2"
"军容使田令孜","1","1","2"
"西川节度使陈","1","1","2"
"川节度使陈敬","1","1","2"
"利州刺史王珙","1","1","2"
"州刺史王珙弃","1","1","2"
"刺史王珙弃城","1","1","2"
"眉州刺史山行","1","1","2"
"州刺史山行章","1","1","2"
"遣左谏议大夫","2","0","2"
"左谏议大夫李","1","1","2"
"文德元年六月","1","1","2"
"招讨牙内都指","1","1","2"
"讨牙内都指挥","1","1","2"
"田令孜登城呼","1","1","2"
"节度观察牌印","1","1","2"
"彦晖东川旌节","1","1","2"
"绵州刺史常厚","1","1","2"
"南节度使王肇","1","1","2"
"判官韦庄宣谕","1","1","2"
"官韦庄宣谕两","1","1","2"
"韦庄宣谕两川","1","1","2"
"彦晖召集将吏","1","1","2"
"节度使李继业","1","1","2"
"武定节度使拓","1","1","2"
"定节度使拓拔","1","1","2"
"节度使拓拔思","1","1","2"
"度使拓拔思敬","1","1","2"
"判中书门下事","1","1","2"
"武成元年正月","1","1","2"
"英武睿圣皇帝","1","1","2"
"号曰英武睿圣","2","0","2"
"英武睿圣光孝","1","1","2"
"武睿圣光孝皇","1","1","2"
"睿圣光孝皇帝","1","1","2"
"尚食使欧阳柔","1","1","2"
"道士广成先生","1","1","2"
"士广成先生杜","1","1","2"
"广成先生杜光","1","1","2"
"成先生杜光庭","1","1","2"
"翰林学士毛文","1","1","2"
"林学士毛文锡","1","1","2"
"喻全殊率天武","1","1","2"
"全殊率天武兵","1","1","2"
"清资五品正员","1","1","2"
"资五品正员官","1","1","2"
"内枢密使毛文","1","1","2"
"枢密使毛文锡","1","1","2"
"文思殿大学士","1","1","2"
"光天元年六月","1","1","2"
"宰相张格赞成","1","1","2"
"神武圣文孝德","1","1","2"
"武圣文孝德明","1","1","2"
"圣文孝德明惠","1","1","2"
"文孝德明惠皇","1","1","2"
"孝德明惠皇帝","1","1","2"
"太妃游青城山","1","1","2"
"圣德明孝皇帝","1","1","2"
"正殿塑玄元皇","1","1","2"
"殿塑玄元皇帝","1","1","2"
"同光四年四月","1","1","2"
"镇江军节度使","1","1","2"
"保义军行军司","1","1","2"
"义军行军司马","1","1","2"
"长安南三赵村","1","1","2"
"公穷山竭泽尽","1","1","2"
"知祥迁马步军","1","1","2"
"祥迁马步军都","1","1","2"
"迁马步军都虞","1","1","2"
"光四年正月戊","1","1","2"
"四年正月戊辰","1","1","2"
"先锋康延孝反","1","1","2"
"大将李仁罕会","1","1","2"
"飞棹等军七万","1","1","2"
"太仆卿赵季良","1","1","2"
"天成二年正月","1","1","2"
"凤翔节度使李","1","1","2"
"客省使李仁矩","1","1","2"
"毛重威率兵三","1","1","2"
"重威率兵三千","1","1","2"
"荆南高季兴死","1","1","2"
"长兴元年二月","1","1","2"
"明宗改封琼华","1","1","2"
"宗改封琼华公","1","1","2"
"改封琼华公主","1","1","2"
"明宗下诏削夺","1","1","2"
"雄军节度使石","1","1","2"
"副将袁彦超代","1","1","2"
"仁罕武信军留","2","0","2"
"罕武信军留后","2","0","2"
"李仁罕进攻夔","1","1","2"
"仁罕进攻夔州","1","1","2"
"刺史安崇阮弃","1","1","2"
"史安崇阮弃城","1","1","2"
"西川进奏官苏","1","1","2"
"川进奏官苏愿","1","1","2"
"进奉军将杜绍","1","1","2"
"奉军将杜绍本","1","1","2"
"军将杜绍本西","1","1","2"
"将杜绍本西归","1","1","2"
"观察判官李昊","1","1","2"
"知祥遣赵廷隐","2","0","2"
"赵廷隐率兵三","1","1","2"
"唐枢密使范延","1","1","2"
"工部尚书卢文","1","1","2"
"尚书卢文纪册","1","1","2"
"书卢文纪册封","1","1","2"
"西道节度使张","1","1","2"
"道节度使张虔","1","1","2"
"节度使张虔钊","1","1","2"
"武定军节度使","1","1","2"
"定军节度使孙","1","1","2"
"军节度使孙汉","1","1","2"
"节度使孙汉韶","1","1","2"
"文武圣德英烈","1","1","2"
"武圣德英烈明","1","1","2"
"圣德英烈明孝","1","1","2"
"德英烈明孝皇","1","1","2"
"英烈明孝皇帝","1","1","2"
"明德三年三月","1","1","2"
"雍州刺史郭权","1","1","2"
"枢密副使韩保","1","1","2"
"密副使韩保贞","1","1","2"
"匡圣指挥使安","1","1","2"
"圣指挥使安思","1","1","2"
"指挥使安思谦","1","1","2"
"武军节度使何","1","1","2"
"军节度使何建","1","1","2"
"枢密使王处回","1","1","2"
"剑门南清强店","1","1","2"
"将史延德分兵","1","1","2"
"守将高彦俦战","1","1","2"
"将高彦俦战败","1","1","2"
"黄巢攻破广州","1","1","2"
"高州刺史刘昌","1","1","2"
"州刺史刘昌鲁","1","1","2"
"新州刺史刘潜","1","1","2"
"称大汉国主致","1","1","2"
"赐金锦袍虎绫","1","1","2"
"金锦袍虎绫纹","1","1","2"
"锦袍虎绫纹攀","1","1","2"
"袍虎绫纹攀金","1","1","2"
"虎绫纹攀金装","1","1","2"
"绫纹攀金装刀","1","1","2"
"交州刺史李进","1","1","2"
"将军孙德晟攻","1","1","2"
"交州牙将皎公","1","1","2"
"州牙将皎公羡","1","1","2"
"牙将皎公羡杀","1","1","2"
"召右仆射王翻","1","1","2"
"大圣文武大明","1","1","2"
"道大光孝皇帝","1","1","2"
"刘思潮等五人","1","1","2"
"内侍潘崇彻攻","1","1","2"
"巨舰指挥使暨","1","1","2"
"舰指挥使暨彦","1","1","2"
"兵五万率溪洞","1","1","2"
"五万率溪洞蛮","1","1","2"
"文武光圣明孝","1","1","2"
"武光圣明孝皇","1","1","2"
"光圣明孝皇帝","1","1","2"
"开宝四年正月","1","1","2"
"潭州刺史邓处","1","1","2"
"州刺史邓处讷","1","1","2"
"行军司马张佶","1","1","2"
"袁州刺史吕师","1","1","2"
"州刺史吕师周","1","1","2"
"朗州雷彦恭召","1","1","2"
"廖光图等十八","1","1","2"
"光图等十八人","1","1","2"
"书右丞李序持","1","1","2"
"静江军节度使","1","1","2"
"武顺军节度使","1","1","2"
"静江等军节度","1","1","2"
"江等军节度使","1","1","2"
"拓拔常等十八","1","1","2"
"拔常等十八人","1","1","2"
"溪州刺史彭士","1","1","2"
"州刺史彭士愁","1","1","2"
"刺史彭士愁率","1","1","2"
"南宁州酋长莫","1","1","2"
"宁州酋长莫彦","1","1","2"
"州酋长莫彦殊","1","1","2"
"酋长莫彦殊率","1","1","2"
"都云酋长尹怀","1","1","2"
"云酋长尹怀昌","1","1","2"
"酋长尹怀昌率","1","1","2"
"昆明等十二部","1","1","2"
"景遣边镐入楚","2","0","2"
"进逵行军司马","2","0","2"
"行军司马何景","1","1","2"
"军司马何景真","1","1","2"
"司马何景真等","1","1","2"
"武平军节度使","1","1","2"
"岳州刺史潘叔","1","1","2"
"州刺史潘叔嗣","1","1","2"
"客将李简率武","1","1","2"
"将李简率武陵","1","1","2"
"李简率武陵人","1","1","2"
"衡州刺史张文","1","1","2"
"州刺史张文表","1","1","2"
"石鉴镇将董昌","1","1","2"
"越州观察使刘","1","1","2"
"州观察使刘汉","1","1","2"
"观察使刘汉宏","1","1","2"
"率八都兵渡江","1","1","2"
"六合镇将徐约","1","1","2"
"合镇将徐约攻","1","1","2"
"镇将徐约攻取","1","1","2"
"将徐约攻取苏","1","1","2"
"徐约攻取苏州","1","1","2"
"润州牙将刘浩","1","1","2"
"度支催勘官薛","1","1","2"
"支催勘官薛朗","1","1","2"
"妖人应智王温","1","1","2"
"广义乡勋贵里","1","1","2"
"婺州刺史王坛","1","1","2"
"武勇右都指挥","1","1","2"
"勇右都指挥使","1","1","2"
"右都指挥使徐","1","1","2"
"都指挥使徐绾","1","1","2"
"左都指挥使许","1","1","2"
"球御马十匹赐","1","1","2"
"江西危全讽等","1","1","2"
"末帝贞明三年","1","1","2"
"天下兵马都元","1","1","2"
"下兵马都元帅","1","1","2"
"镇海等军节度","1","1","2"
"黜大将章德安","1","1","2"
"杀内都监杜昭","1","1","2"
"内都监杜昭达","1","1","2"
"左谏议大夫尹","1","1","2"
"谏议大夫尹日","1","1","2"
"议大夫尹日就","1","1","2"
"吏部郎中崔颂","1","1","2"
"部郎中崔颂等","1","1","2"
"寿州人王绪攻","1","1","2"
"州人王绪攻陷","1","1","2"
"人王绪攻陷固","1","1","2"
"王绪攻陷固始","1","1","2"
"泉州刺史廖彦","1","1","2"
"州刺史廖彦若","1","1","2"
"延翰建国称王","1","1","2"
"养子建州刺史","1","1","2"
"散骑常侍卢损","1","1","2"
"骑常侍卢损册","1","1","2"
"中书舍人刘乙","1","1","2"
"兵部员外郎李","1","1","2"
"部员外郎李知","1","1","2"
"员外郎李知损","1","1","2"
"外郎李知损上","1","1","2"
"郎李知损上书","1","1","2"
"李知损上书请","1","1","2"
"继严判六军诸","1","1","2"
"严判六军诸卫","1","1","2"
"控鹤都将连重","1","1","2"
"鹤都将连重遇","1","1","2"
"泉州刺史余廷","1","1","2"
"州刺史余廷英","1","1","2"
"御史中丞刘赞","1","1","2"
"谏议大夫郑元","1","1","2"
"议大夫郑元弼","1","1","2"
"谏议大夫黄峻","1","1","2"
"漳州司户参军","1","1","2"
"校书郎陈光逸","1","1","2"
"书郎陈光逸上","1","1","2"
"郎陈光逸上书","1","1","2"
"国计使陈匡范","1","1","2"
"太祖武皇帝亲","1","1","2"
"重遇判六军诸","1","1","2"
"遇判六军诸卫","1","1","2"
"黄绍颇守泉州","1","1","2"
"许文缜守汀州","1","1","2"
"威武军节度使","1","1","2"
"人召李仁达入","1","1","2"
"召李仁达入朝","1","1","2"
"南节度观察留","1","1","2"
"节度观察留后","1","1","2"
"四方诸侯相继","1","1","2"
"峡路东南面招","1","1","2"
"路东南面招讨","1","1","2"
"押衙刘知谦奉","1","1","2"
"衙刘知谦奉表","1","1","2"
"长兴元年正月","1","1","2"
"诲生辰国信使","1","1","2"
"指挥使魏璘率","1","1","2"
"挥使魏璘率兵","1","1","2"
"使魏璘率兵三","1","1","2"
"魏璘率兵三千","1","1","2"
"继冲判内外兵","1","1","2"
"冲判内外兵马","1","1","2"
"周广顺元年正","1","1","2"
"顺元年正月戊","1","1","2"
"元年正月戊寅","1","1","2"
"都押衙陈光裕","1","1","2"
"契丹永康王兀","1","1","2"
"丹永康王兀欲","1","1","2"
"大汉神武皇帝","1","1","2"
"九龙十二稻玉","1","1","2"
"龙十二稻玉带","1","1","2"
"枢密直学士王","1","1","2"
"萧禹厥率兵五","1","1","2"
"禹厥率兵五万","1","1","2"
"兵五六万人号","1","1","2"
"五六万人号称","1","1","2"
"六万人号称十","1","1","2"
"万人号称十万","1","1","2"
"显德元年三月","1","1","2"
"德元年三月亲","1","1","2"
"斩败将樊爱能","1","1","2"
"防御使郑处谦","1","1","2"
"世宗北伐契丹","1","1","2"
"昭义节度使李","1","1","2"
"义节度使李筠","1","1","2"
"宣徽使卢赞监","1","1","2"
"内枢密使段常","1","1","2"
"故燕王刘守光","1","1","2"
"供奉官侯霸荣","1","1","2"
"奉官侯霸荣率","1","1","2"
"太平兴国四年","1","1","2"
"枢密副使马峰","1","1","2"
"城北高台受降","1","1","2"
"库莫奚同类异","1","1","2"
"莫奚同类异种","1","1","2"
"汉人教阿保机","1","1","2"
"炭山东南滦河","1","1","2"
"山东南滦河上","1","1","2"
"军将郎公远等","1","1","2"
"契丹攻破新州","1","1","2"
"契丹人马饥寒","1","1","2"
"长子人皇王突","1","1","2"
"子人皇王突欲","1","1","2"
"立次子元帅太","1","1","2"
"次子元帅太子","1","1","2"
"子元帅太子耀","1","1","2"
"元帅太子耀屈","1","1","2"
"飞胜指挥使安","1","1","2"
"胜指挥使安念","1","1","2"
"指挥使安念德","1","1","2"
"晏球攻破定州","1","1","2"
"明宗斩秃馁等","1","1","2"
"宗斩秃馁等六","1","1","2"
"斩秃馁等六百","1","1","2"
"幼子安端少君","1","1","2"
"瑞慎等州观察","1","1","2"
"慎等州观察处","1","1","2"
"归德将军郎将","1","1","2"
"太原南面招讨","1","1","2"
"原南面招讨使","1","1","2"
"求镇州节度使","1","1","2"
"四年正月丁亥","1","1","2"
"冯道奉册北朝","1","1","2"
"置明殿学士一","1","1","2"
"明殿学士一人","1","1","2"
"州镇多杀契丹","1","1","2"
"镇多杀契丹守","1","1","2"
"多杀契丹守将","1","1","2"
"杀契丹守将归","1","1","2"
"萧翰闻德光死","2","0","2"
"下令进攻幽州","1","1","2"
"世宗南平淮甸","1","1","2"
"夏秋冰厚二尺","1","1","2"
"契丹阿保机强","1","1","2"
"丹阿保机强盛","1","1","2"
"绍威娶契丹女","1","1","2"
"威娶契丹女舍","1","1","2"
"娶契丹女舍利","1","1","2"
"契丹女舍利逐","1","1","2"
"雁门北入契丹","2","0","2"
"丹耶律德光大","1","1","2"
"耶律德光大怒","1","1","2"
"供奉官张澄率","1","1","2"
"奉官张澄率兵","1","1","2"
"官张澄率兵搜","1","1","2"
"张澄率兵搜索","1","1","2"
"代等州山谷中","1","1","2"
"大姓赫连海龙","1","1","2"
"宿州刺史薛敬","1","1","2"
"州刺史薛敬忠","1","1","2"
"云州生界达靼","1","1","2"
"庆州刺史郭彦","1","1","2"
"州刺史郭彦钦","1","1","2"
"刺史郭彦钦贪","1","1","2"
"宁州刺史张建","1","1","2"
"州刺史张建武","1","1","2"
"刺史张建武等","1","1","2"
"牧马三十万匹","1","1","2"
"西域三十六国","1","1","2"
"吐蕃乘虚攻陷","1","1","2"
"蕃乘虚攻陷河","1","1","2"
"乘虚攻陷河西","1","1","2"
"大将拓拔承谦","1","1","2"
"耆老杨通信等","1","1","2"
"张掖人张义朝","1","1","2"
"州兵二千五百","1","1","2"
"兵二千五百人","1","1","2"
"二千五百人戍","1","1","2"
"泾州押牙陈延","1","1","2"
"州押牙陈延晖","1","1","2"
"诏书安抚凉州","1","1","2"
"凉州留后折逋","1","1","2"
"州留后折逋嘉","1","1","2"
"留后折逋嘉施","1","1","2"
"凉州深入夷狄","1","1","2"
"荐押衙副使崔","1","1","2"
"押衙副使崔虎","1","1","2"
"衙副使崔虎心","1","1","2"
"金山白衣天子","1","1","2"
"沙州留后曹义","1","1","2"
"州留后曹义金","1","1","2"
"瓜沙等州观察","1","1","2"
"沙等州观察处","1","1","2"
"都督周易言等","1","1","2"
"门卫上将军杨","1","1","2"
"卫上将军杨沼","1","1","2"
"王仁美遣使者","2","0","2"
"都督安千想等","1","1","2"
"权知国事王仁","1","1","2"
"知国事王仁裕","1","1","2"
"阗国王李圣天","1","1","2"
"彰武军节度判","1","1","2"
"武军节度判官","1","1","2"
"军节度判官高","1","1","2"
"节度判官高居","1","1","2"
"度判官高居诲","1","1","2"
"凉州西行五百","1","1","2"
"州西行五百里","1","1","2"
"刺史曹元深等","1","1","2"
"都督三十七人","1","1","2"
"京师九千五百","1","1","2"
"师九千五百里","1","1","2"
"同庆二十九年","1","1","2"
"广评侍郎韩申","1","1","2"
"评侍郎韩申一","1","1","2"
"副使春部少卿","1","1","2"
"使春部少卿朴","1","1","2"
"春部少卿朴岩","1","1","2"
"尚书水部员外","1","1","2"
"书水部员外郎","1","1","2"
"水部员外郎韩","1","1","2"
"部员外郎韩彦","1","1","2"
"员外郎韩彦卿","1","1","2"
"唐高祖时封金","1","1","2"
"高祖时封金真","1","1","2"
"权知国事金溥","1","1","2"
"南诏蛮数十人","1","1","2"
"州山后两林百","1","1","2"
"山后两林百蛮","1","1","2"
"后两林百蛮都","1","1","2"
"两林百蛮都鬼","1","1","2"
"林百蛮都鬼主","1","1","2"
"武卫大将军李","1","1","2"
"卫大将军李卑","1","1","2"
"大将军李卑晚","1","1","2"
"大鬼主傅能何","1","1","2"
"鬼主傅能何华","1","1","2"
"大渡河南山前","1","1","2"
"渡河南山前邛","1","1","2"
"河南山前邛州","1","1","2"
"南山前邛州六","1","1","2"
"山前邛州六姓","1","1","2"
"前邛州六姓都","1","1","2"
"邛州六姓都鬼","1","1","2"
"州六姓都鬼主","1","1","2"
"六姓都鬼主怀","1","1","2"
"姓都鬼主怀安","1","1","2"
"都鬼主怀安郡","1","1","2"
"鬼主怀安郡王","1","1","2"
"主怀安郡王勿","1","1","2"
"怀安郡王勿定","1","1","2"
"左金吾卫将军","1","1","2"
"清州八郡刺史","1","1","2"
"州八郡刺史宋","1","1","2"
"八郡刺史宋朝","1","1","2"
"郡刺史宋朝化","1","1","2"
"普露静王九部","1","1","2"
"露静王九部落","1","1","2"
"节度使乐彦贞","1","1","2"
"原四面行营都","1","1","2"
"幽州刘仁恭攻","1","1","2"
"州刘仁恭攻魏","1","1","2"
"天下兵马元帅","1","1","2"
"东道节度使杨","1","1","2"
"道节度使杨师","1","1","2"
"潞州四面行营","1","1","2"
"州四面行营招","1","1","2"
"四面行营招讨","1","1","2"
"太常卿赵光逢","1","1","2"
"林学士承旨工","1","1","2"
"学士承旨工部","1","1","2"
"士承旨工部侍","1","1","2"
"承旨工部侍郎","1","1","2"
"旨工部侍郎杜","1","1","2"
"工部侍郎杜晓","1","1","2"
"杀左散骑常侍","1","1","2"
"左散骑常侍孙","1","1","2"
"右谏议大夫张","1","1","2"
"谏议大夫张衍","1","1","2"
"兵部郎中张俊","1","1","2"
"东京马步军都","1","1","2"
"户部尚书李振","1","1","2"
"宁军节度使蒋","1","1","2"
"军节度使蒋殷","1","1","2"
"节度使蒋殷反","1","1","2"
"平军节度使牛","1","1","2"
"军节度使牛存","1","1","2"
"节度使牛存节","1","1","2"
"度使牛存节讨","1","1","2"
"卢军节度使贺","1","1","2"
"军节度使贺德","1","1","2"
"义军节度使贺","1","1","2"
"陈州刺史惠王","1","1","2"
"平军节度使戴","1","1","2"
"平王王处直奉","1","1","2"
"王王处直奉册","1","1","2"
"王处直奉册推","1","1","2"
"行台左丞相豆","1","1","2"
"台左丞相豆卢","1","1","2"
"左丞相豆卢革","1","1","2"
"龙骧指挥军使","1","1","2"
"骧指挥军使姚","1","1","2"
"指挥军使姚彦","1","1","2"
"挥军使姚彦温","1","1","2"
"马直指挥使郭","1","1","2"
"回鹘汗王仁美","2","0","2"
"凤翔节度使潞","1","1","2"
"翔节度使潞王","1","1","2"
"度使石敬瑭反","1","1","2"
"雄军节度使张","1","1","2"
"军节度使张敬","1","1","2"
"节度使张敬达","1","1","2"
"太原四面都招","1","1","2"
"原四面都招讨","1","1","2"
"四面都招讨使","1","1","2"
"武军节度使杨","1","1","2"
"权知天雄军事","1","1","2"
"冯道大行皇帝","2","0","2"
"道大行皇帝山","2","0","2"
"门下侍郎窦贞","1","1","2"
"下侍郎窦贞固","1","1","2"
"户部侍郎吕琦","1","1","2"
"平军节度使景","1","1","2"
"军节度使景延","1","1","2"
"节度使景延广","1","1","2"
"成军节度使李","1","1","2"
"军节度使李守","1","1","2"
"节度使李守贞","1","1","2"
"德军节度使郭","1","1","2"
"军节度使郭谨","1","1","2"
"进钱粟助作山","1","1","2"
"钱粟助作山陵","1","1","2"
"昌军节度使桑","1","1","2"
"军节度使桑维","1","1","2"
"节度使桑维翰","1","1","2"
"卢军节度使杨","1","1","2"
"度使杨光远反","1","1","2"
"淄州刺史翟进","1","1","2"
"州刺史翟进宗","1","1","2"
"刺史翟进宗死","1","1","2"
"海军节度使田","1","1","2"
"军节度使田武","1","1","2"
"东北面行营都","1","1","2"
"磁州贼首梁晖","1","1","2"
"州贼首梁晖取","1","1","2"
"贼首梁晖取相","1","1","2"
"首梁晖取相州","1","1","2"
"谏议大夫赵熙","1","1","2"
"河东节度判官","1","1","2"
"东节度判官苏","1","1","2"
"节度判官苏逢","1","1","2"
"度判官苏逢吉","1","1","2"
"观察推官苏禹","1","1","2"
"高祖湍谥曰明","1","1","2"
"祖湍谥曰明元","1","1","2"
"护圣指挥使白","1","1","2"
"吏部尚书窦贞","1","1","2"
"部尚书窦贞固","1","1","2"
"尚书窦贞固守","1","1","2"
"书窦贞固守司","1","1","2"
"窦贞固守司空","1","1","2"
"中书舍人李涛","1","1","2"
"军节度使李弘","1","1","2"
"节度使李弘义","1","1","2"
"度使李弘义杀","1","1","2"
"使李弘义杀侍","1","1","2"
"李弘义杀侍卫","1","1","2"
"弘义杀侍卫步","1","1","2"
"义杀侍卫步军","1","1","2"
"杀侍卫步军指","1","1","2"
"步军指挥使王","1","1","2"
"军指挥使王殷","1","1","2"
"侍卫马军指挥","1","1","2"
"卫马军指挥使","1","1","2"
"马军指挥使郭","1","1","2"
"军指挥使郭崇","1","1","2"
"指挥使郭崇杀","1","1","2"
"挥使郭崇杀威","1","1","2"
"祖妣张氏谥曰","1","1","2"
"妣张氏谥曰睿","1","1","2"
"张氏谥曰睿恭","1","1","2"
"左监门卫大将","1","1","2"
"天雄军牙内都","1","1","2"
"雄军牙内都指","1","1","2"
"军牙内都指挥","1","1","2"
"部尚书张昭卤","2","0","2"
"尚书张昭卤簿","2","0","2"
"书张昭卤簿使","2","0","2"
"御史中丞张煦","1","1","2"
"开封少尹权判","1","1","2"
"封少尹权判府","1","1","2"
"少尹权判府事","1","1","2"
"尹权判府事王","1","1","2"
"权判府事王敏","1","1","2"
"工部侍郎景范","1","1","2"
"左散骑常侍王","1","1","2"
"散骑常侍王朴","1","1","2"
"占城国王释利","1","1","2"
"翰林学士窦俨","1","1","2"
"御史中丞边归","1","1","2"
"史中丞边归谠","1","1","2"
"判开封府事昝","1","1","2"
"开封府事昝居","1","1","2"
"封府事昝居润","1","1","2"
"友文征赋聚敛","1","1","2"
"友文留守东京","1","1","2"
"怀州龙骧军三","1","1","2"
"州龙骧军三千","1","1","2"
"太祖外孙袁象","1","1","2"
"祖外孙袁象先","1","1","2"
"马都尉赵岩等","1","1","2"
"翰率契丹诸将","1","1","2"
"请翰林学士崔","1","1","2"
"刑部侍郎任赞","1","1","2"
"成德军节度判","1","1","2"
"德军节度判官","1","1","2"
"检校兵部尚书","1","1","2"
"唐深州录事参","1","1","2"
"深州录事参军","1","1","2"
"奉超赠左监门","1","1","2"
"超赠左监门卫","1","1","2"
"特进左卫上将","1","1","2"
"进左卫上将军","1","1","2"
"蕃汉马步军指","1","1","2"
"汉马步军指挥","1","1","2"
"汴州马步军都","1","1","2"
"累迁彰圣都指","1","1","2"
"迁彰圣都指挥","1","1","2"
"彰圣都指挥使","1","1","2"
"忠正军节度使","1","1","2"
"天雄军步军都","1","1","2"
"雄军步军都指","1","1","2"
"彰圣马军都指","1","1","2"
"圣马军都指挥","1","1","2"
"迁武宁军节度","1","1","2"
"左卫大将军内","1","1","2"
"卫大将军内客","1","1","2"
"大将军内客省","1","1","2"
"将军内客省使","1","1","2"
"永兴军节度使","1","1","2"
"北面行营副招","1","1","2"
"面行营副招讨","1","1","2"
"行营副招讨使","1","1","2"
"奉国右厢都指","1","1","2"
"国右厢都指挥","1","1","2"
"门下平章事杨","1","1","2"
"下平章事杨涉","1","1","2"
"中书舍人张策","1","1","2"
"事召监军张居","1","1","2"
"召监军张居翰","1","1","2"
"节度判官任圜","1","1","2"
"山南节度使刘","1","1","2"
"南节度使刘巨","1","1","2"
"节度使刘巨容","1","1","2"
"度使刘巨容表","1","1","2"
"唐金吾卫将军","1","1","2"
"东都张全义袭","1","1","2"
"南面招讨指挥","1","1","2"
"面招讨指挥使","1","1","2"
"迁宿州团练使","1","1","2"
"金四州防御使","1","1","2"
"剑南两川安抚","1","1","2"
"南两川安抚使","1","1","2"
"功迁羽林都指","1","1","2"
"迁羽林都指挥","1","1","2"
"申怀沂三州刺","1","1","2"
"怀沂三州刺史","1","1","2"
"陇绛四州防御","1","1","2"
"绛四州防御团","1","1","2"
"四州防御团练","1","1","2"
"州防御团练使","1","1","2"
"博单郢沂四州","1","1","2"
"单郢沂四州刺","1","1","2"
"郢沂四州刺史","1","1","2"
"合阶二州刺史","1","1","2"
"棣沂二州刺史","1","1","2"
"贝州行军司马","1","1","2"
"晋六军都虞候","1","1","2"
"马军都排阵使","1","1","2"
"河中节度使赵","1","1","2"
"中节度使赵赞","1","1","2"
"两浙都招讨使","1","1","2"
"改升州大都督","1","1","2"
"升州大都督府","1","1","2"
"左仆射徐知诰","1","1","2"
"门下侍郎张居","1","1","2"
"下侍郎张居咏","1","1","2"
"中书侍郎李建","1","1","2"
"书侍郎李建勋","1","1","2"
"右仆射张延翰","1","1","2"
"仆射张延翰同","1","1","2"
"射张延翰同平","1","1","2"
"张延翰同平章","1","1","2"
"延翰同平章事","1","1","2"
"破虔州妖贼张","1","1","2"
"虔州妖贼张遇","1","1","2"
"州妖贼张遇贤","1","1","2"
"大顺二年十月","1","1","2"
"节度副大使知","1","1","2"
"度副大使知节","1","1","2"
"副大使知节度","1","1","2"
"大使知节度事","1","1","2"
"云南八国招抚","1","1","2"
"南八国招抚等","1","1","2"
"八国招抚等使","1","1","2"
"英武睿圣神功","1","1","2"
"武睿圣神功文","1","1","2"
"睿圣神功文德","1","1","2"
"圣神功文德光","1","1","2"
"神功文德光孝","1","1","2"
"功文德光孝皇","1","1","2"
"文德光孝皇帝","1","1","2"
"太子少保唐袭","1","1","2"
"南节度使王宗","1","1","2"
"节度使王宗训","1","1","2"
"四年二月癸亥","1","1","2"
"统押近界诸蛮","1","1","2"
"西山八国云南","1","1","2"
"山八国云南安","1","1","2"
"八国云南安抚","1","1","2"
"国云南安抚制","1","1","2"
"云南安抚制置","1","1","2"
"南安抚制置等","1","1","2"
"安抚制置等使","1","1","2"
"中门使王处回","1","1","2"
"鄂四面行营都","1","1","2"
"宣润等道四面","1","1","2"
"润等道四面行","1","1","2"
"等道四面行营","1","1","2"
"道四面行营都","1","1","2"
"福建观察使陈","1","1","2"
"建观察使陈岩","1","1","2"
"观察使陈岩表","1","1","2"
"中军使薛文杰","1","1","2"
"翰林学士张砺","1","1","2"
"晋高祖追封突","1","1","2"
"高祖追封突欲","1","1","2"
"大军节度使田","1","1","2"
"军节度使田景","1","1","2"
"节度使田景咸","1","1","2"
"右神武统军李","1","1","2"
"神武统军李洪","1","1","2"
"武统军李洪信","1","1","2"
"前凤翔节度使","1","1","2"
"翔节度使王晏","1","1","2"
"卫亲军马步都","1","1","2"
"亲军马步都虞","1","1","2"
"军马步都虞候","1","1","2"
"马步都虞候韩","1","1","2"
"步都虞候韩通","1","1","2"
"幽州东北数百","1","1","2"
"州东北数百里","1","1","2"
"黔州西南三千","1","1","2"
"州西南三千里","1","1","2"
"西南三千里外","1","1","2"
"太常卿张延范","1","1","2"
"潞州行营都指","1","1","2"
"州行营都指挥","1","1","2"
"行营都指挥使","1","1","2"
"营都指挥使李","1","1","2"
"都指挥使李思","1","1","2"
"指挥使李思安","1","1","2"
"耀州温昭图叛","1","1","2"
"州温昭图叛岐","1","1","2"
"捉生都将张温","1","1","2"
"生都将张温叛","1","1","2"
"吏部侍郎萧顷","1","1","2"
"庄宗光圣神闵","1","1","2"
"宗光圣神闵孝","1","1","2"
"光圣神闵孝皇","1","1","2"
"圣神闵孝皇帝","1","1","2"
"幽州李匡威救","1","1","2"
"宁四面行营都","1","1","2"
"冯道率百官迎","1","1","2"
"慈州刺史宋令","1","1","2"
"州刺史宋令询","1","1","2"
"刺史宋令询死","1","1","2"
"博州刺史周儒","1","1","2"
"州刺史周儒叛","1","1","2"
"刺史周儒叛降","1","1","2"
"史周儒叛降契","1","1","2"
"周儒叛降契丹","1","1","2"
"前军都虞候李","1","1","2"
"军都虞候李守","1","1","2"
"都虞候李守贞","1","1","2"
"北面行营都虞","1","1","2"
"面行营都虞候","1","1","2"
"行营都虞候马","1","1","2"
"营都虞候马全","1","1","2"
"都虞候马全节","1","1","2"
"代州刺史白文","1","1","2"
"州刺史白文珂","1","1","2"
"易州戍将孙方","1","1","2"
"州戍将孙方谏","1","1","2"
"奉国都指挥使","1","1","2"
"国都指挥使王","1","1","2"
"都指挥使王清","1","1","2"
"高祖睿文圣武","1","1","2"
"祖睿文圣武昭","1","1","2"
"睿文圣武昭肃","1","1","2"
"文圣武昭肃孝","1","1","2"
"圣武昭肃孝皇","1","1","2"
"武昭肃孝皇帝","1","1","2"
"蕃汉兵马都孔","1","1","2"
"汉兵马都孔目","1","1","2"
"兵马都孔目官","1","1","2"
"马都孔目官郭","1","1","2"
"都孔目官郭威","1","1","2"
"孔目官郭威权","1","1","2"
"目官郭威权枢","1","1","2"
"官郭威权枢密","1","1","2"
"郭威权枢密副","1","1","2"
"威权枢密副使","1","1","2"
"祖妣杨氏谥曰","1","1","2"
"妣杨氏谥曰恭","1","1","2"
"杨氏谥曰恭惠","1","1","2"
"妣李氏谥曰昭","1","1","2"
"李氏谥曰昭穆","1","1","2"
"妣安氏谥曰章","1","1","2"
"安氏谥曰章懿","1","1","2"
"太祖圣神恭肃","1","1","2"
"祖圣神恭肃文","1","1","2"
"圣神恭肃文武","1","1","2"
"潞州留后李继","1","1","2"
"州留后李继韬","1","1","2"
"留后李继韬募","1","1","2"
"后李继韬募勇","1","1","2"
"成军节度使宋","1","1","2"
"军节度使宋延","1","1","2"
"节度使宋延渥","1","1","2"
"度使宋延渥叛","1","1","2"
"使宋延渥叛汉","1","1","2"
"契丹卢台军使","1","1","2"
"丹卢台军使张","1","1","2"
"卢台军使张藏","1","1","2"
"台军使张藏英","1","1","2"
"臣上尊号曰圣","1","1","2"
"上尊号曰圣明","1","1","2"
"尊号曰圣明文","1","1","2"
"号曰圣明文武","1","1","2"
"曰圣明文武仁","1","1","2"
"圣明文武仁德","1","1","2"
"明文武仁德皇","1","1","2"
"文武仁德皇帝","1","1","2"
"世宗睿武孝文","1","1","2"
"宗睿武孝文皇","1","1","2"
"杀左羽林大将","1","1","2"
"左羽林大将军","1","1","2"
"羽林大将军孟","1","1","2"
"林大将军孟汉","1","1","2"
"大将军孟汉卿","1","1","2"
"宣徽南院使向","1","1","2"
"徽南院使向训","1","1","2"
"翔节度使王景","1","1","2"
"节度使王景伐","1","1","2"
"度使王景伐蜀","1","1","2"
"军都指挥使李","1","1","2"
"都指挥使李重","1","1","2"
"指挥使李重进","1","1","2"
"世宗第四子宗","1","1","2"
"宗第四子宗训","1","1","2"
"葬睿武孝文皇","1","1","2"
"同光二年四月","1","1","2"
"驾兵二万五千","1","1","2"
"河阳节度使夏","1","1","2"
"阳节度使夏鲁","1","1","2"
"节度使夏鲁奇","1","1","2"
"度使夏鲁奇同","1","1","2"
"使夏鲁奇同姓","1","1","2"
"后嫁契丹突欲","1","1","2"
"嫁契丹突欲李","1","1","2"
"契丹突欲李赞","1","1","2"
"丹突欲李赞华","1","1","2"
"益权知南朝军","1","1","2"
"权知南朝军国","1","1","2"
"召侍卫指挥使","1","1","2"
"侍卫指挥使康","1","1","2"
"卫指挥使康义","1","1","2"
"指挥使康义诚","1","1","2"
"代北三部落人","1","1","2"
"左厢马步军都","1","1","2"
"厢马步军都指","1","1","2"
"军都指挥使董","1","1","2"
"都指挥使董璋","1","1","2"
"右散骑常侍孔","1","1","2"
"散骑常侍孔昭","1","1","2"
"骑常侍孔昭序","1","1","2"
"常侍孔昭序建","1","1","2"
"你喝下这杯酒","0","2","2"
"比女色的灾祸","0","2","2"
"城中大肆劫掠","0","2","2"
"军队分成两部","0","2","2"
"队分成两部分","0","2","2"
"遇上契丹军队","0","2","2"
"刘崇家当佣工","0","2","2"
"为东南面行营","0","2","2"
"唐僖宗任命朱","0","2","2"
"僖宗任命朱全","0","2","2"
"宗任命朱全忠","0","2","2"
"任命朱全忠为","0","2","2"
"节度使时溥为","0","2","2"
"派使臣来赐给","0","2","2"
"使臣来赐给朱","0","2","2"
"臣来赐给朱全","0","2","2"
"来赐给朱全忠","0","2","2"
"罗弘信为节度","0","2","2"
"弘信为节度使","0","2","2"
"申丛捉住秦宗","0","2","2"
"丛捉住秦宗权","0","2","2"
"不得已而同意","0","2","2"
"得已而同意了","0","2","2"
"唐天子逃奔华","0","2","2"
"天子逃奔华州","0","2","2"
"葛从周为兖州","0","2","2"
"唐天子任命王","0","2","2"
"天子任命王兼","0","2","2"
"子任命王兼任","0","2","2"
"派葛从周攻打","0","2","2"
"派朱友宁率兵","0","2","2"
"杨师厚在临朐","0","2","2"
"十一月二十七","0","2","2"
"刘仁恭向晋求","0","2","2"
"仁恭向晋求救","0","2","2"
"年正月二十五","0","2","2"
"正月二十五日","0","2","2"
"阿保机派使臣","0","2","2"
"契丹派使者来","0","2","2"
"任命平卢军节","0","2","2"
"命平卢军节度","0","2","2"
"渤海派使者来","0","2","2"
"契丹阿保机派","0","2","2"
"丹阿保机派使","0","2","2"
"阿保机派使者","0","2","2"
"保机派使者来","0","2","2"
"城与晋军交战","0","2","2"
"延州高万兴背","0","2","2"
"州高万兴背叛","0","2","2"
"刘知俊在升平","0","2","2"
"为西路行营招","0","2","2"
"景仁为北面行","0","2","2"
"仁为北面行营","0","2","2"
"十二月十七日","0","2","2"
"赦流放罪以下","0","2","2"
"进行大规模阅","0","2","2"
"行大规模阅兵","0","2","2"
"命张宗留守西","0","2","2"
"在枣强进行大","0","2","2"
"枣强进行大屠","0","2","2"
"强进行大屠杀","0","2","2"
"叛梁归附于晋","0","2","2"
"军节度使刘寻","0","2","2"
"节度使刘寻阝","0","2","2"
"晋军攻取杨刘","0","2","2"
"为兖州安抚制","0","2","2"
"兖州安抚制置","0","2","2"
"彦威为北面行","0","2","2"
"以下犯人减刑","0","2","2"
"河中节度使朱","0","2","2"
"中节度使朱友","0","2","2"
"节度使朱友谦","0","2","2"
"朱友谦袭击同","0","2","2"
"友谦袭击同州","0","2","2"
"为灵武节度使","0","2","2"
"不让他们进城","0","2","2"
"任命他为代州","0","2","2"
"雁门以北行营","0","2","2"
"门以北行营节","0","2","2"
"以北行营节度","0","2","2"
"在西华打败黄","0","2","2"
"恰好天下大雨","0","2","2"
"诏书给李克用","0","2","2"
"杨复恭与克用","0","2","2"
"张浚为太原四","0","2","2"
"浚为太原四面","0","2","2"
"为太原四面行","0","2","2"
"加检校太师兼","0","2","2"
"检校太师兼中","0","2","2"
"校太师兼中书","0","2","2"
"包围一百多天","0","2","2"
"绸缎五十万匹","0","2","2"
"梁军打得大败","0","2","2"
"派周德威攻打","0","2","2"
"在柏乡大败梁","0","2","2"
"柏乡大败梁军","0","2","2"
"朱友谦以河中","0","2","2"
"任卢龙军节度","0","2","2"
"为莱州司户参","0","2","2"
"胤为中书侍郎","0","2","2"
"国王金朴英派","0","2","2"
"王金朴英派使","0","2","2"
"从河阳回到京","0","2","2"
"河阳回到京城","0","2","2"
"陈俊为景州刺","0","2","2"
"俊为景州刺史","0","2","2"
"储德源为宪州","0","2","2"
"德源为宪州刺","0","2","2"
"源为宪州刺史","0","2","2"
"仁美为英义可","0","2","2"
"美为英义可汗","0","2","2"
"郭崇韬为招讨","0","2","2"
"崇韬为招讨使","0","2","2"
"二十四日才回","0","2","2"
"十四日才回京","0","2","2"
"即皇帝位于柩","0","2","2"
"皇帝位于柩前","0","2","2"
"靖难军节度使","0","2","2"
"任河阳三城节","0","2","2"
"叛变投降从珂","0","2","2"
"城巡检使安从","0","2","2"
"巡检使安从进","0","2","2"
"明宗讨伐赵在","0","2","2"
"宗讨伐赵在礼","0","2","2"
"珂为河中节度","0","2","2"
"愍帝派王思同","0","2","2"
"叛变投降石敬","0","2","2"
"变投降石敬瑭","0","2","2"
"张令昭驱逐节","0","2","2"
"令昭驱逐节度","0","2","2"
"昭驱逐节度使","0","2","2"
"驱逐节度使刘","0","2","2"
"君臣之间的关","0","2","2"
"臣之间的关系","0","2","2"
"他为金紫光禄","0","2","2"
"为金紫光禄大","0","2","2"
"马在相州的西","0","2","2"
"在相州的西山","0","2","2"
"相州的西山祭","0","2","2"
"州的西山祭亡","0","2","2"
"的西山祭亡灵","0","2","2"
"使者梅里来京","0","2","2"
"回鹘遣使者来","0","2","2"
"景延广为御营","0","2","2"
"延广为御营使","0","2","2"
"派董殷出使契","0","2","2"
"奉国军在京城","0","2","2"
"国军在京城附","0","2","2"
"军在京城附近","0","2","2"
"在京城附近捕","0","2","2"
"京城附近捕蝗","0","2","2"
"使者广评侍郎","0","2","2"
"高行周为北面","0","2","2"
"行周为北面行","0","2","2"
"周为北面行营","0","2","2"
"契丹进入雁门","0","2","2"
"契丹进犯黎阳","0","2","2"
"从澶州回到京","0","2","2"
"澶州回到京城","0","2","2"
"桑维翰为中书","0","2","2"
"维翰为中书令","0","2","2"
"守司空兼门下","0","2","2"
"远为北面行营","0","2","2"
"杜重威为都招","0","2","2"
"重威为都招讨","0","2","2"
"威为都招讨使","0","2","2"
"为北面行营副","0","2","2"
"在皇城门外射","0","2","2"
"皇城门外射兔","0","2","2"
"为行营都部署","0","2","2"
"命杜重威为北","0","2","2"
"潞王从珂反叛","0","2","2"
"为侍卫亲军都","0","2","2"
"领归德军节度","0","2","2"
"高祖起兵太原","0","2","2"
"为宣武节度使","0","2","2"
"派人告诉郭威","0","2","2"
"的家属全部杀","0","2","2"
"元年正月五日","0","2","2"
"派尚书左丞田","0","2","2"
"书左丞田敏出","0","2","2"
"左丞田敏出使","0","2","2"
"丞田敏出使契","0","2","2"
"田敏出使契丹","0","2","2"
"六月二十一日","0","2","2"
"任宣徽北院使","0","2","2"
"翟光邺为枢密","0","2","2"
"尸体送回中原","0","2","2"
"使郑仁诲为枢","0","2","2"
"郑仁诲为枢密","0","2","2"
"流放罪以下囚","0","2","2"
"放罪以下囚犯","0","2","2"
"元年一月一日","0","2","2"
"在柩前即帝位","0","2","2"
"魏仁浦为枢密","0","2","2"
"为淮南道行营","0","2","2"
"派来的使臣孙","0","2","2"
"来的使臣孙晟","0","2","2"
"郡夫人刘氏为","0","2","2"
"以其州来归降","0","2","2"
"使者莆诃散来","0","2","2"
"高丽遣使者来","0","2","2"
"在绛霄殿廊下","0","2","2"
"唐末天下大乱","0","2","2"
"上表请求投降","0","2","2"
"请求留下郭崇","0","2","2"
"求留下郭崇韬","0","2","2"
"留下郭崇韬镇","0","2","2"
"下郭崇韬镇守","0","2","2"
"郭崇韬镇守蜀","0","2","2"
"契丹进攻京城","0","2","2"
"的人都认为他","0","2","2"
"站在宰相之下","0","2","2"
"的儿子在秦王","0","2","2"
"儿子在秦王府","0","2","2"
"挥使朱弘实率","0","2","2"
"率三百骑兵冲","0","2","2"
"王镕被张文礼","0","2","2"
"镕被张文礼杀","0","2","2"
"被张文礼杀死","0","2","2"
"有美色而又贤","0","2","2"
"美色而又贤惠","0","2","2"
"在太原事奉汉","0","2","2"
"太原事奉汉高","0","2","2"
"原事奉汉高祖","0","2","2"
"世宗在高平打","0","2","2"
"宗在高平打败","0","2","2"
"随赵王王镕任","0","2","2"
"兵讨伐张文礼","0","2","2"
"个儿子郭青哥","0","2","2"
"他们的母亲是","0","2","2"
"们的母亲是谁","0","2","2"
"的第二个儿子","0","2","2"
"左领军卫将军","0","2","2"
"因是皇后的亲","0","2","2"
"如果不幸不能","0","2","2"
"懂得权宜变通","0","2","2"
"事情的轻重来","0","2","2"
"情的轻重来处","0","2","2"
"的轻重来处理","0","2","2"
"任左监门卫将","0","2","2"
"是天下的母亲","0","2","2"
"太祖不杀之恩","0","2","2"
"天后脱去丧服","0","2","2"
"都不知道他们","0","2","2"
"不知道他们的","0","2","2"
"柴诚可以赠太","0","2","2"
"为左领军卫大","0","2","2"
"左领军卫大将","0","2","2"
"在魏州起兵时","0","2","2"
"梁太祖高兴地","0","2","2"
"太祖高兴地说","0","2","2"
"康怀英驱走他","0","2","2"
"怀英驱走他们","0","2","2"
"军队进攻他们","0","2","2"
"表奏为宿州刺","0","2","2"
"奏为宿州刺史","0","2","2"
"梁太祖任命康","0","2","2"
"太祖任命康怀","0","2","2"
"祖任命康怀英","0","2","2"
"任命康怀英为","0","2","2"
"应当出其不意","0","2","2"
"任命他为右卫","0","2","2"
"命他为右卫上","0","2","2"
"他为右卫上将","0","2","2"
"朱友谦反叛依","0","2","2"
"友谦反叛依附","0","2","2"
"谦反叛依附晋","0","2","2"
"州刺史张蟾反","0","2","2"
"刺史张蟾反叛","0","2","2"
"梁太祖向西进","0","2","2"
"太祖向西进攻","0","2","2"
"祖向西进攻凤","0","2","2"
"向西进攻凤翔","0","2","2"
"刘郡于是派人","0","2","2"
"葛从周的母亲","0","2","2"
"色衣服骑着驴","0","2","2"
"衣服骑着驴子","0","2","2"
"太祖更觉得他","0","2","2"
"梁太祖派刘郡","0","2","2"
"牛存节讨伐他","0","2","2"
"黄泽关袭击太","0","2","2"
"泽关袭击太原","0","2","2"
"不能前进而返","0","2","2"
"能前进而返回","0","2","2"
"唐庄宗和将领","0","2","2"
"庄宗和将领们","0","2","2"
"将领们商议说","0","2","2"
"梁末帝任命刘","0","2","2"
"末帝任命刘郡","0","2","2"
"帝任命刘郡为","0","2","2"
"的军队多次被","0","2","2"
"的两个儿子都","0","2","2"
"刘遂雍任西京","0","2","2"
"遂雍任西京副","0","2","2"
"雍任西京副留","0","2","2"
"任西京副留守","0","2","2"
"刘遂雍关闭城","0","2","2"
"遂雍关闭城门","0","2","2"
"雍关闭城门不","0","2","2"
"望着他的随从","0","2","2"
"将领们都不想","0","2","2"
"领们都不想去","0","2","2"
"任左龙虎统军","0","2","2"
"门下平章事头","0","2","2"
"下平章事头衔","0","2","2"
"黄巢被打败后","0","2","2"
"赐给金银绸缎","0","2","2"
"派张归霸率领","0","2","2"
"率领几百骑兵","0","2","2"
"和朱瑾在金乡","0","2","2"
"拜为镇国军节","0","2","2"
"随梁太祖平定","0","2","2"
"梁太祖听说后","0","2","2"
"派遣他的将领","0","2","2"
"庞师古进攻杨","0","2","2"
"师古进攻杨行","0","2","2"
"古进攻杨行密","0","2","2"
"唐昭宗迁都洛","0","2","2"
"昭宗迁都洛阳","0","2","2"
"祖任命他为宣","0","2","2"
"梁太祖在襄阳","0","2","2"
"杨师厚进攻剂","0","2","2"
"师厚进攻剂南","0","2","2"
"王刘守光向梁","0","2","2"
"刘守光向梁请","0","2","2"
"守光向梁请求","0","2","2"
"王舜贤到洛阳","0","2","2"
"终于和袁象先","0","2","2"
"情无论大小都","0","2","2"
"命王景仁为北","0","2","2"
"等人的军队讨","0","2","2"
"人的军队讨伐","0","2","2"
"梁太祖急忙命","0","2","2"
"太祖急忙命令","0","2","2"
"贺瓖和何怀宝","0","2","2"
"等人率兵一万","0","2","2"
"人率兵一万人","0","2","2"
"的军饷供应线","0","2","2"
"于是挑选精兵","0","2","2"
"晋王进入魏州","0","2","2"
"刘郭在旧元城","0","2","2"
"在黄河两岸修","0","2","2"
"黄河两岸修筑","0","2","2"
"梁太祖觉得他","0","2","2"
"太祖觉得他很","0","2","2"
"随梁太祖攻破","0","2","2"
"太祖十分恐惧","0","2","2"
"打算亲自率兵","0","2","2"
"能攻克而返回","0","2","2"
"任汝州防御使","0","2","2"
"孙儒攻陷河阳","0","2","2"
"祖派王虔裕率","0","2","2"
"虔裕向晋投降","0","2","2"
"任北面招讨使","0","2","2"
"一旦面对敌人","0","2","2"
"位居自己之上","0","2","2"
"老朋友的子弟","0","2","2"
"朋友的子弟说","0","2","2"
"于是上书请求","0","2","2"
"依照唐的旧例","0","2","2"
"现在天下统一","0","2","2"
"郭崇韬于是陈","0","2","2"
"以天下为己任","0","2","2"
"希望陛下不要","0","2","2"
"多次为他说话","0","2","2"
"恨得咬牙切齿","0","2","2"
"人日夜不停地","0","2","2"
"道路没有修好","0","2","2"
"唐庄宗发怒说","0","2","2"
"没有人能代替","0","2","2"
"有人能代替你","0","2","2"
"都投降迎接他","0","2","2"
"投降迎接他们","0","2","2"
"王衍的弟弟王","0","2","2"
"衍的弟弟王宗","0","2","2"
"的弟弟王宗弼","0","2","2"
"王宗弼把王衍","0","2","2"
"宗弼把王衍迁","0","2","2"
"没收他们的家","0","2","2"
"收他们的家产","0","2","2"
"轻时跟随唐明","0","2","2"
"时跟随唐明宗","0","2","2"
"在魏州发动兵","0","2","2"
"魏州发动兵变","0","2","2"
"坚决推辞不接","0","2","2"
"决推辞不接受","0","2","2"
"辅助帝王创业","0","2","2"
"助帝王创业的","0","2","2"
"一孔之见的计","0","2","2"
"孔之见的计虑","0","2","2"
"是灾祸产生的","0","2","2"
"灾祸产生的根","0","2","2"
"祸产生的根源","0","2","2"
"经过御史台门","0","2","2"
"就在御史台门","0","2","2"
"杀掉马延然后","0","2","2"
"中没有人敢说","0","2","2"
"没有人敢说什","0","2","2"
"有人敢说什么","0","2","2"
"朱守殷以汴州","0","2","2"
"守殷以汴州反","0","2","2"
"殷以汴州反叛","0","2","2"
"派人伪造诏书","0","2","2"
"诬告任圜和朱","0","2","2"
"告任圜和朱守","0","2","2"
"圜和朱守殷合","0","2","2"
"和朱守殷合谋","0","2","2"
"先告诉安重诲","0","2","2"
"告诉安重诲然","0","2","2"
"诉安重诲然后","0","2","2"
"唐明宗暗中派","0","2","2"
"明宗暗中派人","0","2","2"
"又有什么用呢","0","2","2"
"安重诲竭尽忠","0","2","2"
"以太子太师离","0","2","2"
"太子太师离官","0","2","2"
"子太师离官居","0","2","2"
"太师离官居家","0","2","2"
"派药彦稠率兵","0","2","2"
"药彦稠率兵到","0","2","2"
"不是他的本意","0","2","2"
"担任这个职务","0","2","2"
"跟随晋王攻破","0","2","2"
"自己与众不同","0","2","2"
"派周德威率领","0","2","2"
"北面安营扎寨","0","2","2"
"速战速决纔有","0","2","2"
"战速决纔有利","0","2","2"
"将领们没有人","0","2","2"
"领们没有人敢","0","2","2"
"对监军张承业","0","2","2"
"监军张承业说","0","2","2"
"况且我们的军","0","2","2"
"且我们的军队","0","2","2"
"一水之隔罢了","0","2","2"
"进见唐庄宗说","0","2","2"
"唐庄宗笑着说","0","2","2"
"他的全部军队","0","2","2"
"宋二州的军队","0","2","2"
"于是派人告诉","0","2","2"
"关闭城门拒守","0","2","2"
"为卢龙军节度","0","2","2"
"唐庄宗和刘郡","0","2","2"
"庄宗和刘郡在","0","2","2"
"跟随唐庄宗到","0","2","2"
"很难和他们硬","0","2","2"
"骑兵骚扰他们","0","2","2"
"驻扎在黄河边","0","2","2"
"定二州的军队","0","2","2"
"州的军队在左","0","2","2"
"的军队在左面","0","2","2"
"的军队在右面","0","2","2"
"运送军需的部","0","2","2"
"送军需的部队","0","2","2"
"跟随晋王进攻","0","2","2"
"随晋王进攻王","0","2","2"
"晋王进攻王行","0","2","2"
"王进攻王行瑜","0","2","2"
"符存审和史建","0","2","2"
"存审和史建瑭","0","2","2"
"和刘郡在莘州","0","2","2"
"随唐庄宗在旧","0","2","2"
"唐庄宗在旧元","0","2","2"
"庄宗在旧元城","0","2","2"
"在旧元城打败","0","2","2"
"旧元城打败刘","0","2","2"
"梁在黄河边相","0","2","2"
"于是派符存审","0","2","2"
"躲在营垒中不","0","2","2"
"大小一百多次","0","2","2"
"小一百多次战","0","2","2"
"一百多次战斗","0","2","2"
"派人安慰晓谕","0","2","2"
"四方少数民族","0","2","2"
"诫他的儿子说","0","2","2"
"永王李存霸逃","0","2","2"
"王李存霸逃奔","0","2","2"
"李存霸逃奔到","0","2","2"
"存霸逃奔到太","0","2","2"
"霸逃奔到太原","0","2","2"
"调任镇守昭义","0","2","2"
"任泰宁军节度","0","2","2"
"管理州中事务","0","2","2"
"唐废帝到河阳","0","2","2"
"义成军的士兵","0","2","2"
"于是全部杀掉","0","2","2"
"带着几个骑兵","0","2","2"
"反叛的罪名上","0","2","2"
"史建瑭率先锋","0","2","2"
"建瑭率先锋兵","0","2","2"
"祖亲自率兵进","0","2","2"
"亲自率兵进攻","0","2","2"
"割草放牧的人","0","2","2"
"晋军在镇州讨","0","2","2"
"军在镇州讨伐","0","2","2"
"唐庄宗登上高","0","2","2"
"在山的西面布","0","2","2"
"山的西面布阵","0","2","2"
"穿镗甲的士兵","0","2","2"
"常跟随唐明宗","0","2","2"
"超过了其它将","0","2","2"
"过了其它将领","0","2","2"
"赵在礼在魏反","0","2","2"
"在礼在魏反叛","0","2","2"
"元行钦进攻邺","0","2","2"
"行钦进攻邺都","0","2","2"
"是唐明宗的儿","0","2","2"
"请求返回京师","0","2","2"
"唐庄宗到汴州","0","2","2"
"唐明宗进入汴","0","2","2"
"明宗进入汴州","0","2","2"
"唐庄宗到万胜","0","2","2"
"有什么对不起","0","2","2"
"什么对不起你","0","2","2"
"么对不起你的","0","2","2"
"随唐庄宗在黄","0","2","2"
"唐庄宗在黄河","0","2","2"
"任衙内指挥使","0","2","2"
"唐庄宗任他为","0","2","2"
"多次跟随唐庄","0","2","2"
"次跟随唐庄宗","0","2","2"
"随唐庄宗征伐","0","2","2"
"在北门迎接唐","0","2","2"
"北门迎接唐明","0","2","2"
"门迎接唐明宗","0","2","2"
"在西门迎接唐","0","2","2"
"西门迎接唐庄","0","2","2"
"门迎接唐庄宗","0","2","2"
"年轻时跟随赵","0","2","2"
"轻时跟随赵王","0","2","2"
"时跟随赵王王","0","2","2"
"在柏乡攻破梁","0","2","2"
"柏乡攻破梁军","0","2","2"
"我家世代住在","0","2","2"
"没有什么好处","0","2","2"
"符习讨伐张文","0","2","2"
"习讨伐张文礼","0","2","2"
"别的将领攻破","0","2","2"
"为成德军节度","0","2","2"
"推辞不敢接受","0","2","2"
"后来调任镇守","0","2","2"
"的主意纔打定","0","2","2"
"于是把他的军","0","2","2"
"是把他的军队","0","2","2"
"唐明宗于是以","0","2","2"
"调任镇守宣武","0","2","2"
"父亲的缘故被","0","2","2"
"亲的缘故被任","0","2","2"
"后来在晋做官","0","2","2"
"因功拜为刺史","0","2","2"
"关系国家利害","0","2","2"
"唐庄宗的大业","0","2","2"
"于是请求罢官","0","2","2"
"为人聪明善辩","0","2","2"
"没有别的才能","0","2","2"
"以聚敛财富为","0","2","2"
"唐庄宗刚登位","0","2","2"
"赋税帖子直接","0","2","2"
"税帖子直接下","0","2","2"
"帖子直接下发","0","2","2"
"登记没收他的","0","2","2"
"记没收他的家","0","2","2"
"后来用兵打仗","0","2","2"
"天下钱财粮食","0","2","2"
"和刘延朗等人","0","2","2"
"事奉刘守光任","0","2","2"
"古代称王的人","0","2","2"
"更把他看成奇","0","2","2"
"唐庄宗派李严","0","2","2"
"率领五千士兵","0","2","2"
"唐明宗任客将","0","2","2"
"明宗在南郊祭","0","2","2"
"令手下人拉出","0","2","2"
"受到安重诲的","0","2","2"
"他的儿子董光","0","2","2"
"董璋更加疑心","0","2","2"
"挫败他们的锐","0","2","2"
"败他们的锐气","0","2","2"
"在黄河相对抗","0","2","2"
"唐明宗听说后","0","2","2"
"年轻时事奉唐","0","2","2"
"轻时事奉唐明","0","2","2"
"时事奉唐明宗","0","2","2"
"唐明宗即位后","0","2","2"
"和安重诲有矛","0","2","2"
"安重诲有矛盾","0","2","2"
"安重诲也因受","0","2","2"
"重诲也因受到","0","2","2"
"城门不让他进","0","2","2"
"为左武卫上将","0","2","2"
"任山南束道节","0","2","2"
"唐的大臣们都","0","2","2"
"杀秦王而立唐","0","2","2"
"秦王而立唐愍","0","2","2"
"王而立唐愍帝","0","2","2"
"李从珂的军队","0","2","2"
"从珂的军队已","0","2","2"
"废帝在凤翔起","0","2","2"
"帝在凤翔起兵","0","2","2"
"韩昭胤等人商","0","2","2"
"王思同率各镇","0","2","2"
"思同率各镇军","0","2","2"
"同率各镇军队","0","2","2"
"率各镇军队包","0","2","2"
"镇军队包围凤","0","2","2"
"军队包围凤翔","0","2","2"
"张蒙传达神的","0","2","2"
"蒙传达神的话","0","2","2"
"受到亲近信任","0","2","2"
"任侍卫步军都","0","2","2"
"于是假装患了","0","2","2"
"朗等人多次说","0","2","2"
"契丹多次侵犯","0","2","2"
"漠马步军都总","0","2","2"
"斩杀三十多人","0","2","2"
"皇帝在晚上召","0","2","2"
"的人得到条件","0","2","2"
"任河阳节度使","0","2","2"
"祸福成败的道","0","2","2"
"福成败的道理","0","2","2"
"能不引以为戒","0","2","2"
"年轻时任骑将","0","2","2"
"唐庄宗攻破梁","0","2","2"
"庄宗攻破梁的","0","2","2"
"宗攻破梁的夹","0","2","2"
"任突骑指挥使","0","2","2"
"唐愍帝派王思","0","2","2"
"打开城门迎接","0","2","2"
"跟随唐明宗讨","0","2","2"
"随唐明宗讨伐","0","2","2"
"升任捧圣指挥","0","2","2"
"任捧圣指挥使","0","2","2"
"随唐明宗攻破","0","2","2"
"升任侍卫亲军","0","2","2"
"任侍卫亲军马","0","2","2"
"李从荣素来骄","0","2","2"
"从荣素来骄横","0","2","2"
"等人都认为不","0","2","2"
"人都认为不行","0","2","2"
"因李从荣的缘","0","2","2"
"李从荣的缘故","0","2","2"
"镇军队包围他","0","2","2"
"张虔钊的军队","0","2","2"
"各镇的军队都","0","2","2"
"全部率领他们","0","2","2"
"为以后作打算","0","2","2"
"在皇帝面前争","0","2","2"
"愍帝逃到卫州","0","2","2"
"是军队的长官","0","2","2"
"在京马步军都","0","2","2"
"合安重诲的意","0","2","2"
"安重诲的意旨","0","2","2"
"逃亡到山谷中","0","2","2"
"他们的大首领","0","2","2"
"们的大首领连","0","2","2"
"的大首领连香","0","2","2"
"公卿士大夫家","0","2","2"
"唐的名门望族","0","2","2"
"他们的妻子儿","0","2","2"
"们的妻子儿女","0","2","2"
"豆卢革的儿子","0","2","2"
"密使安重诲在","0","2","2"
"豆卢革放纵田","0","2","2"
"卢革放纵田客","0","2","2"
"革放纵田客杀","0","2","2"
"放纵田客杀人","0","2","2"
"高季兴请求率","0","2","2"
"唐庄宗同意了","0","2","2"
"高季兴多次请","0","2","2"
"季兴多次请求","0","2","2"
"推辞说不会写","0","2","2"
"卢程为中书侍","0","2","2"
"程为中书侍郎","0","2","2"
"这就是人们所","0","2","2"
"就是人们所说","0","2","2"
"路上从马上摔","0","2","2"
"上从马上摔下","0","2","2"
"庄宗慰劳他说","0","2","2"
"庄宗派李嗣昭","0","2","2"
"张文礼的儿子","0","2","2"
"文礼的儿子张","0","2","2"
"礼的儿子张处","0","2","2"
"的儿子张处球","0","2","2"
"关闭城门坚守","0","2","2"
"事情交托给他","0","2","2"
"魏王李继岌和","0","2","2"
"王李继岌和郭","0","2","2"
"为黔南节度使","0","2","2"
"李继岌派任圜","0","2","2"
"继岌派任圜率","0","2","2"
"唐明宗嘉奖他","0","2","2"
"任圜和安重诲","0","2","2"
"天下人都知道","0","2","2"
"是任圜说了算","0","2","2"
"罢为太子少保","0","2","2"
"朱守殷在汴州","0","2","2"
"守殷在汴州反","0","2","2"
"殷在汴州反叛","0","2","2"
"于是剃去头发","0","2","2"
"是剃去头发做","0","2","2"
"命皇后拜张全","0","2","2"
"皇后拜张全义","0","2","2"
"后拜张全义为","0","2","2"
"拜张全义为父","0","2","2"
"张全义为父亲","0","2","2"
"张全义的养子","0","2","2"
"班位在翰林学","0","2","2"
"位在翰林学士","0","2","2"
"在翰林学士之","0","2","2"
"羞愧不能回答","0","2","2"
"唐明宗到汴州","0","2","2"
"唐明宗下诏削","0","2","2"
"王都前来朝见","0","2","2"
"而永王李存霸","0","2","2"
"唐庄宗即位后","0","2","2"
"准备在南郊祭","0","2","2"
"经升迁为中书","0","2","2"
"升迁为中书舍","0","2","2"
"迁为中书舍人","0","2","2"
"议事的人请求","0","2","2"
"依法应当处死","0","2","2"
"穿着白衣骑着","0","2","2"
"请求留下趟季","0","2","2"
"求留下趟季良","0","2","2"
"赏赐十分丰厚","0","2","2"
"从别的途径谋","0","2","2"
"别的途径谋求","0","2","2"
"的途径谋求做","0","2","2"
"途径谋求做官","0","2","2"
"晋高祖召他任","0","2","2"
"常常让他跟着","0","2","2"
"常让他跟着自","0","2","2"
"让他跟着自己","0","2","2"
"桑维翰去见耶","0","2","2"
"维翰去见耶律","0","2","2"
"翰去见耶律德","0","2","2"
"去见耶律德光","0","2","2"
"桑维翰的功劳","0","2","2"
"调任镇守泰宁","0","2","2"
"断绝友好关系","0","2","2"
"的主意已打定","0","2","2"
"又任为枢密使","0","2","2"
"皇帝的弟弟石","0","2","2"
"帝的弟弟石重","0","2","2"
"的弟弟石重睿","0","2","2"
"杜重威等人的","0","2","2"
"自从契丹和晋","0","2","2"
"王彦章在中都","0","2","2"
"晋高祖任六军","0","2","2"
"高祖任六军副","0","2","2"
"祖任六军副使","0","2","2"
"朱守殷反叛的","0","2","2"
"祖爱惜他的才","0","2","2"
"爱惜他的才能","0","2","2"
"为侍卫步军都","0","2","2"
"当时天下旱灾","0","2","2"
"为什么不速战","0","2","2"
"什么不速战速","0","2","2"
"么不速战速决","0","2","2"
"耶律德光回答","0","2","2"
"律德光回答说","0","2","2"
"把他囚禁起来","0","2","2"
"在老百姓家中","0","2","2"
"举国兴师动众","0","2","2"
"于是写信告诉","0","2","2"
"高祖镇守河东","0","2","2"
"就任他为节度","0","2","2"
"答应给他一个","0","2","2"
"应给他一个州","0","2","2"
"第赐给苏逢吉","0","2","2"
"罢免李涛的宰","0","2","2"
"免李涛的宰相","0","2","2"
"周太祖镇守邺","0","2","2"
"太祖镇守邺都","0","2","2"
"漠高祖统率禁","0","2","2"
"为忠武军节度","0","2","2"
"百姓无辜获罪","0","2","2"
"姓无辜获罪的","0","2","2"
"这些人有什么","0","2","2"
"家中聚会饮酒","0","2","2"
"的枢密使职务","0","2","2"
"杨合又认为不","0","2","2"
"合又认为不行","0","2","2"
"史弘肇等人同","0","2","2"
"弘肇等人同一","0","2","2"
"肇等人同一天","0","2","2"
"等人同一天被","0","2","2"
"人同一天被杀","0","2","2"
"汉高祖认为他","0","2","2"
"周太祖的军队","0","2","2"
"太祖的军队进","0","2","2"
"周太祖和王峻","0","2","2"
"太祖和王峻等","0","2","2"
"史弘肇等人都","0","2","2"
"谋杀掉杨郇等","0","2","2"
"杀掉杨郇等人","0","2","2"
"钱财赏赐军队","0","2","2"
"谋杀杨郇等人","0","2","2"
"失治国之道而","0","2","2"
"治国之道而失","0","2","2"
"国之道而失去","0","2","2"
"事情不能控制","0","2","2"
"情不能控制就","0","2","2"
"不能控制就导","0","2","2"
"能控制就导致","0","2","2"
"进用贤人斥退","0","2","2"
"用贤人斥退不","0","2","2"
"贤人斥退不贤","0","2","2"
"人斥退不贤的","0","2","2"
"斥退不贤的人","0","2","2"
"让百姓休养生","0","2","2"
"百姓休养生息","0","2","2"
"的人愿意做我","0","2","2"
"人愿意做我们","0","2","2"
"愿意做我们的","0","2","2"
"任左散骑常侍","0","2","2"
"周世宗刚登位","0","2","2"
"可以首先攻取","0","2","2"
"拜为户部侍郎","0","2","2"
"王朴留守京师","0","2","2"
"对外从事征伐","0","2","2"
"时年五十四岁","0","2","2"
"人骁悍勇猛而","0","2","2"
"汉高祖任河东","0","2","2"
"周太祖在河中","0","2","2"
"郑仁诲为大内","0","2","2"
"仁诲为大内都","0","2","2"
"诲为大内都点","0","2","2"
"为水部员外郎","0","2","2"
"懂得棋子的作","0","2","2"
"得棋子的作用","0","2","2"
"棋子的作用而","0","2","2"
"子的作用而把","0","2","2"
"的作用而把它","0","2","2"
"作用而把它放","0","2","2"
"用而把它放到","0","2","2"
"合适的位置的","0","2","2"
"适的位置的人","0","2","2"
"愚蠢不贤的人","0","2","2"
"把贤智之士安","0","2","2"
"贤智之士安置","0","2","2"
"智之士安置在","0","2","2"
"相等六州为两","0","2","2"
"魏州军队果然","0","2","2"
"派使臣招降王","0","2","2"
"使臣自绝后路","0","2","2"
"黄河两岸驻军","0","2","2"
"晋已完全占据","0","2","2"
"张汉杰等专权","0","2","2"
"梁末帝于是召","0","2","2"
"王彦章回答说","0","2","2"
"隐瞒王彦章的","0","2","2"
"赵岩等人从中","0","2","2"
"张漠杰监督他","0","2","2"
"唐庄宗见到他","0","2","2"
"唐庄宗喜爱他","0","2","2"
"庄宗喜爱他的","0","2","2"
"什么脸面见天","0","2","2"
"任李嗣昭为昭","0","2","2"
"元帅齐王李景","0","2","2"
"帅齐王李景达","0","2","2"
"李重进和张永","0","2","2"
"重进和张永德","0","2","2"
"进和张永德两","0","2","2"
"和张永德两军","0","2","2"
"永德两军相互","0","2","2"
"德两军相互猜","0","2","2"
"两军相互猜疑","0","2","2"
"因此怨愤叹息","0","2","2"
"此怨愤叹息而","0","2","2"
"怨愤叹息而生","0","2","2"
"愤叹息而生病","0","2","2"
"检校太尉兼中","0","2","2"
"校太尉兼中书","0","2","2"
"太尉兼中书令","0","2","2"
"丧事由官府出","0","2","2"
"事由官府出资","0","2","2"
"杀死他的儿子","0","2","2"
"的副使孙羽等","0","2","2"
"副使孙羽等人","0","2","2"
"为国事而死的","0","2","2"
"国事而死的臣","0","2","2"
"事而死的臣子","0","2","2"
"保全节操的士","0","2","2"
"全节操的士人","0","2","2"
"这是有用意的","0","2","2"
"李罕之以潞州","0","2","2"
"城中粮食快要","0","2","2"
"中粮食快要吃","0","2","2"
"把他们全部杀","0","2","2"
"他们全部杀死","0","2","2"
"赐给姓名叫李","0","2","2"
"给姓名叫李绍","0","2","2"
"拜为郑州防御","0","2","2"
"为郑州防御使","0","2","2"
"到京师请求留","0","2","2"
"京师请求留下","0","2","2"
"师请求留下他","0","2","2"
"唐军攻伐剂南","0","2","2"
"城中粮食吃完","0","2","2"
"能为国家而死","0","2","2"
"抚恤他的家人","0","2","2"
"儿子刘守光囚","0","2","2"
"子刘守光囚禁","0","2","2"
"任郑州防御使","0","2","2"
"任匡国军节度","0","2","2"
"任雄武节度使","0","2","2"
"年幼的继承人","0","2","2"
"士兵死伤很多","0","2","2"
"李从珂登上城","0","2","2"
"的军队都溃散","0","2","2"
"军队都溃散了","0","2","2"
"于是任张敬达","0","2","2"
"是任张敬达为","0","2","2"
"石敬瑭回答说","0","2","2"
"关键是要成功","0","2","2"
"而两军已经交","0","2","2"
"军队包围他们","0","2","2"
"杀掉我向晋投","0","2","2"
"掉我向晋投降","0","2","2"
"不知道是什么","0","2","2"
"知道是什么地","0","2","2"
"道是什么地方","0","2","2"
"是什么地方的","0","2","2"
"什么地方的人","0","2","2"
"杜重威在阳城","0","2","2"
"供应军饷的道","0","2","2"
"应军饷的道路","0","2","2"
"杜重威已有二","0","2","2"
"重威已有二心","0","2","2"
"周太祖派王峻","0","2","2"
"拜为感德军节","0","2","2"
"为感德军节度","0","2","2"
"周世宗同意了","0","2","2"
"李德明等人返","0","2","2"
"德明等人返回","0","2","2"
"明等人返回后","0","2","2"
"没有这样的人","0","2","2"
"有这样的人吗","0","2","2"
"这样的人我找","0","2","2"
"样的人我找到","0","2","2"
"的人我找到一","0","2","2"
"人我找到一个","0","2","2"
"祖觉得他的话","0","2","2"
"文章德行出名","0","2","2"
"天子微弱无力","0","2","2"
"官做到太子太","0","2","2"
"拜为中书舍人","0","2","2"
"升任工部侍郎","0","2","2"
"任工部侍郎奉","0","2","2"
"梁太祖从长芦","0","2","2"
"薛贻矩为中书","0","2","2"
"贻矩为中书侍","0","2","2"
"矩为中书侍郎","0","2","2"
"希望受到重用","0","2","2"
"率兵侵犯京师","0","2","2"
"国家送给别人","0","2","2"
"先用朋党的罪","0","2","2"
"朋党的罪名来","0","2","2"
"接着就灭亡了","0","2","2"
"想使别人的国","0","2","2"
"使别人的国家","0","2","2"
"别人的国家空","0","2","2"
"人的国家空虚","0","2","2"
"的国家空虚无","0","2","2"
"国家空虚无人","0","2","2"
"家空虚无人而","0","2","2"
"空虚无人而除","0","2","2"
"虚无人而除去","0","2","2"
"无人而除去它","0","2","2"
"人而除去它的","0","2","2"
"而除去它的君","0","2","2"
"除去它的君子","0","2","2"
"孤立君主的势","0","2","2"
"立君主的势力","0","2","2"
"君主的势力而","0","2","2"
"主的势力而蒙","0","2","2"
"的势力而蒙蔽","0","2","2"
"势力而蒙蔽君","0","2","2"
"力而蒙蔽君主","0","2","2"
"而蒙蔽君主耳","0","2","2"
"蒙蔽君主耳目","0","2","2"
"蔽君主耳目的","0","2","2"
"君主耳目的人","0","2","2"
"这是自然而然","0","2","2"
"是自然而然的","0","2","2"
"自然而然的道","0","2","2"
"然而然的道理","0","2","2"
"整个国家空虚","0","2","2"
"个国家空虚而","0","2","2"
"国家空虚而没","0","2","2"
"家空虚而没有","0","2","2"
"空虚而没有君","0","2","2"
"虚而没有君子","0","2","2"
"百姓家的儿子","0","2","2"
"给他金银绸帛","0","2","2"
"潞州向梁投降","0","2","2"
"进攻梁的潞州","0","2","2"
"大举出兵攻打","0","2","2"
"梁军解围离去","0","2","2"
"嗣昭又攻取汾","0","2","2"
"任命他为昭义","0","2","2"
"于是派他的弟","0","2","2"
"是派他的弟弟","0","2","2"
"轻时跟随唐太","0","2","2"
"时跟随唐太祖","0","2","2"
"升任代州刺史","0","2","2"
"为马步军都指","0","2","2"
"袭击攻破河阳","0","2","2"
"士兵协助李罕","0","2","2"
"率五千骑兵救","0","2","2"
"五千骑兵救援","0","2","2"
"素来和李存信","0","2","2"
"是李存信害的","0","2","2"
"为昭义节度使","0","2","2"
"随唐太祖进关","0","2","2"
"李存进代替李","0","2","2"
"存进代替李嗣","0","2","2"
"进代替李嗣昭","0","2","2"
"差不多杀光了","0","2","2"
"李汉韶和张虔","0","2","2"
"汉韶和张虔钊","0","2","2"
"和张承业等人","0","2","2"
"唐庄宗为晋王","0","2","2"
"背叛梁归附晋","0","2","2"
"因而望着李存","0","2","2"
"而望着李存贤","0","2","2"
"望着李存贤说","0","2","2"
"就可以明白了","0","2","2"
"天下已经平定","0","2","2"
"和艺人们在庭","0","2","2"
"让他的儿子李","0","2","2"
"的儿子李继岌","0","2","2"
"慰劳他的辛苦","0","2","2"
"郭崇韬谏阻说","0","2","2"
"唐庄宗喜好打","0","2","2"
"庄宗喜好打猎","0","2","2"
"于是上前请求","0","2","2"
"邺都的美女一","0","2","2"
"都的美女一千","0","2","2"
"的美女一千人","0","2","2"
"皇帝的弟弟李","0","2","2"
"帝的弟弟李存","0","2","2"
"左散骑常侍兼","0","2","2"
"半夜驰马出城","0","2","2"
"从马直指挥使","0","2","2"
"在京师外的宦","0","2","2"
"京师外的宦官","0","2","2"
"当做哥哥对待","0","2","2"
"梁在黄河边作","0","2","2"
"在黄河边作战","0","2","2"
"为家为国报仇","0","2","2"
"向张承业谢罪","0","2","2"
"张承业谢罪说","0","2","2"
"卢质嗜好饮酒","0","2","2"
"潞州以牵制梁","0","2","2"
"唐明宗在魏州","0","2","2"
"至于英雄豪杰","0","2","2"
"前后左右的人","0","2","2"
"诏令天下全部","0","2","2"
"令天下全部捕","0","2","2"
"唐明宗从镇州","0","2","2"
"明宗从镇州前","0","2","2"
"宗从镇州前来","0","2","2"
"从镇州前来朝","0","2","2"
"镇州前来朝见","0","2","2"
"到唐明宗即位","0","2","2"
"削发做了和尚","0","2","2"
"向李匡威求救","0","2","2"
"王处存进攻王","0","2","2"
"他的弟弟李匡","0","2","2"
"的弟弟李匡俦","0","2","2"
"父亲一样事奉","0","2","2"
"亲一样事奉他","0","2","2"
"狂风拔起树木","0","2","2"
"王镕给李嗣昭","0","2","2"
"镕给李嗣昭的","0","2","2"
"把政事交托给","0","2","2"
"政事交托给宦","0","2","2"
"事交托给宦官","0","2","2"
"梁太祖获知后","0","2","2"
"罗绍威向梁求","0","2","2"
"绍威向梁求救","0","2","2"
"是由牙军拥立","0","2","2"
"由牙军拥立的","0","2","2"
"的势力更加孤","0","2","2"
"势力更加孤立","0","2","2"
"唐昭宗束迁到","0","2","2"
"昭宗束迁到洛","0","2","2"
"宗束迁到洛阳","0","2","2"
"他的父亲刘仁","0","2","2"
"的父亲刘仁恭","0","2","2"
"和他的哥哥刘","0","2","2"
"他的哥哥刘守","0","2","2"
"命令他的儿子","0","2","2"
"罗周翰监理府","0","2","2"
"周翰监理府事","0","2","2"
"唐明宗任命他","0","2","2"
"明宗任命他为","0","2","2"
"娶梁末帝的女","0","2","2"
"梁末帝的女儿","0","2","2"
"又拜为节度使","0","2","2"
"梁太祖表奏王","0","2","2"
"命他为节度副","0","2","2"
"侍妾所生的儿","0","2","2"
"妾所生的儿子","0","2","2"
"王处直认为是","0","2","2"
"派王晏球讨伐","0","2","2"
"王晏球讨伐他","0","2","2"
"骑兵救援王都","0","2","2"
"关闭城门不再","0","2","2"
"闭城门不再出","0","2","2"
"城门不再出来","0","2","2"
"能和士兵同甘","0","2","2"
"和士兵同甘共","0","2","2"
"士兵同甘共苦","0","2","2"
"是王氏的后代","0","2","2"
"亲自率兵讨伐","0","2","2"
"唐昭宗最终任","0","2","2"
"为横海军节度","0","2","2"
"为他攻打潞州","0","2","2"
"被刘守光打败","0","2","2"
"守光的将领元","0","2","2"
"光的将领元行","0","2","2"
"的将领元行钦","0","2","2"
"拥立刘守文的","0","2","2"
"立刘守文的儿","0","2","2"
"刘守文的儿子","0","2","2"
"守文的儿子刘","0","2","2"
"文的儿子刘延","0","2","2"
"急切谏阻认为","0","2","2"
"切谏阻认为不","0","2","2"
"请求任命自己","0","2","2"
"求任命自己为","0","2","2"
"还没有在郊外","0","2","2"
"没有在郊外祭","0","2","2"
"有在郊外祭天","0","2","2"
"是称霸的人的","0","2","2"
"称霸的人的事","0","2","2"
"刘守光和他的","0","2","2"
"的弟弟卢光睦","0","2","2"
"埋伏在山谷中","0","2","2"
"拥立他的儿子","0","2","2"
"向梁请求任命","0","2","2"
"雄等七人送到","0","2","2"
"等七人送到梁","0","2","2"
"杜洪战败而死","0","2","2"
"于是亲自率兵","0","2","2"
"请求把女儿嫁","0","2","2"
"求把女儿嫁给","0","2","2"
"的儿子锺匡时","0","2","2"
"锺传的养子锺","0","2","2"
"传的养子锺延","0","2","2"
"的养子锺延规","0","2","2"
"赵匡凝派他的","0","2","2"
"匡凝派他的弟","0","2","2"
"凝派他的弟弟","0","2","2"
"派他的弟弟趟","0","2","2"
"王李克用派人","0","2","2"
"派杨师厚攻打","0","2","2"
"赵匡明逃奔到","0","2","2"
"匡明逃奔到蜀","0","2","2"
"为泰宁军节度","0","2","2"
"和葛从周等人","0","2","2"
"这事不是我敢","0","2","2"
"事不是我敢知","0","2","2"
"不是我敢知道","0","2","2"
"是我敢知道的","0","2","2"
"用徐知训的头","0","2","2"
"润州徐知诰听","0","2","2"
"州徐知诰听说","0","2","2"
"官韩全诲等人","0","2","2"
"向杨行密求兵","0","2","2"
"派朱友宁攻打","0","2","2"
"听说此事的人","0","2","2"
"说此事的人都","0","2","2"
"此事的人都哀","0","2","2"
"事的人都哀怜","0","2","2"
"为东南面招讨","0","2","2"
"奏李罕之为副","0","2","2"
"秦宗权派孙儒","0","2","2"
"的儿子诸葛仲","0","2","2"
"儿子诸葛仲方","0","2","2"
"全部军队攻打","0","2","2"
"李罕之留下他","0","2","2"
"罕之留下他的","0","2","2"
"之留下他的儿","0","2","2"
"李罕之背叛晋","0","2","2"
"背叛晋归附梁","0","2","2"
"为右羽林统军","0","2","2"
"任泽潞节度使","0","2","2"
"于是派他的将","0","2","2"
"是派他的将领","0","2","2"
"王重盈的儿子","0","2","2"
"梁太祖因王珂","0","2","2"
"梁太祖到河中","0","2","2"
"唐庄宗从郫州","0","2","2"
"庄宗从郫州进","0","2","2"
"宗从郫州进入","0","2","2"
"梁末帝听说唐","0","2","2"
"末帝听说唐兵","0","2","2"
"帝听说唐兵快","0","2","2"
"伏在地上请求","0","2","2"
"在地上请求处","0","2","2"
"地上请求处死","0","2","2"
"以魏博向晋投","0","2","2"
"上奏请求杀掉","0","2","2"
"军队留在江北","0","2","2"
"冯行袭为人严","0","2","2"
"祖十分高兴地","0","2","2"
"十分高兴地说","0","2","2"
"任保大军节度","0","2","2"
"为右龙武统军","0","2","2"
"李彦威等人杀","0","2","2"
"彦威等人杀唐","0","2","2"
"威等人杀唐昭","0","2","2"
"等人杀唐昭宗","0","2","2"
"改年号为天佑","0","2","2"
"天佑这个年号","0","2","2"
"派李振到京师","0","2","2"
"送到梁太祖那","0","2","2"
"太祖派韦震到","0","2","2"
"为他出谋划策","0","2","2"
"子太保辞官退","0","2","2"
"太保辞官退休","0","2","2"
"孔循和蒋玄晖","0","2","2"
"向梁太祖进谗","0","2","2"
"梁太祖进谗言","0","2","2"
"天子在郊外祭","0","2","2"
"子在郊外祭天","0","2","2"
"为汝州防御使","0","2","2"
"为荆南节度使","0","2","2"
"父亲恩荫被任","0","2","2"
"亲恩荫被任为","0","2","2"
"孙承诲等人都","0","2","2"
"梁兵包围凤翔","0","2","2"
"表奏王敬莞为","0","2","2"
"士兵饥寒交迫","0","2","2"
"任左卫上将军","0","2","2"
"是王氏的儿子","0","2","2"
"刘知俊的战功","0","2","2"
"是因为这个原","0","2","2"
"因为这个原因","0","2","2"
"刘知俊于是逃","0","2","2"
"知俊于是逃奔","0","2","2"
"俊于是逃奔到","0","2","2"
"为武信军节度","0","2","2"
"丁会和葛从周","0","2","2"
"任昭义军节度","0","2","2"
"任命张筠为节","0","2","2"
"命张筠为节度","0","2","2"
"士兵大肆劫掠","0","2","2"
"的军队攻打他","0","2","2"
"任命康延孝为","0","2","2"
"全部归属段凝","0","2","2"
"为束川节度使","0","2","2"
"朱友谦被灭族","0","2","2"
"张全义的妻子","0","2","2"
"梁太祖笑着说","0","2","2"
"把他当哥哥对","0","2","2"
"他当哥哥对待","0","2","2"
"于是重金贿赂","0","2","2"
"第二年十一月","0","2","2"
"李德裕的孙子","0","2","2"
"天下的人都认","0","2","2"
"下的人都认为","0","2","2"
"唐庄宗怀疑他","0","2","2"
"为人严刻残酷","0","2","2"
"他的儿子朱令","0","2","2"
"的儿子朱令德","0","2","2"
"率领他的宗族","0","2","2"
"人都认为他们","0","2","2"
"都认为他们冤","0","2","2"
"认为他们冤枉","0","2","2"
"率领他的军队","0","2","2"
"的人都传为笑","0","2","2"
"在他们脸上刻","0","2","2"
"的妻子有美色","0","2","2"
"对此怀恨在心","0","2","2"
"为武胜军节度","0","2","2"
"他的儿子刘继","0","2","2"
"任命周知裕为","0","2","2"
"安置在别的房","0","2","2"
"置在别的房屋","0","2","2"
"在别的房屋中","0","2","2"
"任命华温琪为","0","2","2"
"华温琪为节度","0","2","2"
"温琪为节度使","0","2","2"
"任命为左骁卫","0","2","2"
"命为左骁卫上","0","2","2"
"率领几个骑兵","0","2","2"
"庄宗认为他很","0","2","2"
"宗认为他很勇","0","2","2"
"认为他很勇敢","0","2","2"
"卫三州为昭德","0","2","2"
"三州为昭德军","0","2","2"
"为永平军节度","0","2","2"
"任兴元节度使","0","2","2"
"魏王李继岌死","0","2","2"
"碰上大饥荒年","0","2","2"
"为匡霸指挥使","0","2","2"
"一面走一面打","0","2","2"
"用祸福利害开","0","2","2"
"祸福利害开导","0","2","2"
"福利害开导他","0","2","2"
"晋王任命他为","0","2","2"
"人到京师请求","0","2","2"
"卢文进从平州","0","2","2"
"希崇率领他的","0","2","2"
"各国都派使臣","0","2","2"
"站在一旁侍候","0","2","2"
"毕宿上端的大","0","2","2"
"宿上端的大星","0","2","2"
"唐庄宗派唐明","0","2","2"
"庄宗派唐明宗","0","2","2"
"晋高祖出兵三","0","2","2"
"高祖出兵三万","0","2","2"
"马全节在定丰","0","2","2"
"皇甫遇任马军","0","2","2"
"甫遇任马军右","0","2","2"
"遇任马军右厢","0","2","2"
"或许还能活命","0","2","2"
"将领们惊愕不","0","2","2"
"杜重威拿出降","0","2","2"
"重威拿出降表","0","2","2"
"他们放下武器","0","2","2"
"任护圣指挥使","0","2","2"
"拜安彦威为北","0","2","2"
"哀痛超过礼制","0","2","2"
"痛超过礼制要","0","2","2"
"超过礼制要求","0","2","2"
"晋高祖任保义","0","2","2"
"高祖任保义军","0","2","2"
"祖任保义军节","0","2","2"
"任护圣右厢都","0","2","2"
"以太子太师辞","0","2","2"
"太子太师辞官","0","2","2"
"高允权的妻子","0","2","2"
"擅长射箭的人","0","2","2"
"唐庄宗消灭后","0","2","2"
"庄宗消灭后梁","0","2","2"
"天下人都认为","0","2","2"
"不知他的祖先","0","2","2"
"知他的祖先是","0","2","2"
"他的祖先是谁","0","2","2"
"就由此可知了","0","2","2"
"杨光速在魏州","0","2","2"
"光速在魏州讨","0","2","2"
"速在魏州讨伐","0","2","2"
"在魏州讨伐范","0","2","2"
"魏州讨伐范延","0","2","2"
"州讨伐范延光","0","2","2"
"杜重威在镇州","0","2","2"
"高思继兄弟都","0","2","2"
"转移到别的地","0","2","2"
"移到别的地方","0","2","2"
"任颖州团练使","0","2","2"
"调任镇守归德","0","2","2"
"许王李从益进","0","2","2"
"王李从益进入","0","2","2"
"李从益进入汴","0","2","2"
"从益进入汴京","0","2","2"
"罢任回到京师","0","2","2"
"太祖率兵进入","0","2","2"
"又有什么脸见","0","2","2"
"个吃饭的地方","0","2","2"
"李彦韬等人专","0","2","2"
"彦韬等人专权","0","2","2"
"焉马步军都指","0","2","2"
"为武清军节度","0","2","2"
"他的妻子石氏","0","2","2"
"晋高祖登上帝","0","2","2"
"高祖登上帝位","0","2","2"
"出帝和契丹绝","0","2","2"
"帝和契丹绝交","0","2","2"
"诈称以瀛州投","0","2","2"
"称以瀛州投降","0","2","2"
"任杜重威为太","0","2","2"
"杜重威和他的","0","2","2"
"是亲自率兵攻","0","2","2"
"高祖从太原进","0","2","2"
"祖从太原进入","0","2","2"
"晋高祖镇守河","0","2","2"
"和桑维翰产生","0","2","2"
"桑维翰产生矛","0","2","2"
"维翰产生矛盾","0","2","2"
"李守贞和杜重","0","2","2"
"守贞和杜重威","0","2","2"
"和杜重威等人","0","2","2"
"漠隐帝刚登位","0","2","2"
"将领们都请求","0","2","2"
"张式的父亲张","0","2","2"
"式的父亲张铎","0","2","2"
"拜为彰德军节","0","2","2"
"为彰德军节度","0","2","2"
"难道有两个天","0","2","2"
"道有两个天子","0","2","2"
"有两个天子在","0","2","2"
"两个天子在路","0","2","2"
"个天子在路上","0","2","2"
"天子在路上相","0","2","2"
"子在路上相见","0","2","2"
"在路上相见的","0","2","2"
"说不出一句话","0","2","2"
"这是自古以来","0","2","2"
"拜任王景崇为","0","2","2"
"漠高祖派王景","0","2","2"
"高祖派王景崇","0","2","2"
"趟思绾的士兵","0","2","2"
"和趟思绾一道","0","2","2"
"趟思绾一道西","0","2","2"
"思绾一道西去","0","2","2"
"高祖认为不错","0","2","2"
"亲自督促士兵","0","2","2"
"慕容彦超心中","0","2","2"
"慕容彦超又派","0","2","2"
"出兵攻打沭阳","0","2","2"
"慕容彦超反叛","0","2","2"
"慕容彦超大怒","0","2","2"
"库中的金银绸","0","2","2"
"中的金银绸缎","0","2","2"
"于是把他们减","0","2","2"
"是把他们减族","0","2","2"
"人们就无所不","0","2","2"
"做唐明宗的宰","0","2","2"
"唐明宗的宰相","0","2","2"
"唐愍帝出逃到","0","2","2"
"愍帝出逃到卫","0","2","2"
"帝出逃到卫州","0","2","2"
"唐废帝登位时","0","2","2"
"为汉的继承人","0","2","2"
"徐州迎接刘赞","0","2","2"
"必定不能出兵","0","2","2"
"应当亲自率兵","0","2","2"
"享年七十三岁","0","2","2"
"他的哥哥李埏","0","2","2"
"遭逢母亲的丧","0","2","2"
"逢母亲的丧事","0","2","2"
"拜为同中书门","0","2","2"
"升任吏部尚书","0","2","2"
"任命他为宰相","0","2","2"
"次升迁任中书","0","2","2"
"升迁任中书舍","0","2","2"
"迁任中书舍人","0","2","2"
"人都大笑起来","0","2","2"
"仆射辞官居家","0","2","2"
"次升迁任兵部","0","2","2"
"升迁任兵部侍","0","2","2"
"迁任兵部侍郎","0","2","2"
"卢导起草笺表","0","2","2"
"导起草笺表劝","0","2","2"
"起草笺表劝潞","0","2","2"
"草笺表劝潞王","0","2","2"
"笺表劝潞王登","0","2","2"
"表劝潞王登位","0","2","2"
"例当任礼仪使","0","2","2"
"崔居俭任秘书","0","2","2"
"居俭任秘书监","0","2","2"
"不知道惯例怎","0","2","2"
"知道惯例怎样","0","2","2"
"宰相崔协有矛","0","2","2"
"相崔协有矛盾","0","2","2"
"出来处理事务","0","2","2"
"后来唐废帝登","0","2","2"
"来唐废帝登位","0","2","2"
"向手下人询问","0","2","2"
"卢文纪和姚颤","0","2","2"
"清廉有声望的","0","2","2"
"五天一次进见","0","2","2"
"天一次进见问","0","2","2"
"一次进见问安","0","2","2"
"有学他说话的","0","2","2"
"学他说话的人","0","2","2"
"卢文纪任宰相","0","2","2"
"为父母守丧没","0","2","2"
"父母守丧没有","0","2","2"
"母守丧没有满","0","2","2"
"守丧没有满期","0","2","2"
"太常博士段颐","0","2","2"
"帝尊奉他的祖","0","2","2"
"尊奉他的祖父","0","2","2"
"子穿小功丧服","0","2","2"
"穿大功丧服九","0","2","2"
"大功丧服九个","0","2","2"
"功丧服九个月","0","2","2"
"下发他的意见","0","2","2"
"都穿小功丧服","0","2","2"
"改任太子宾客","0","2","2"
"征召他为从事","0","2","2"
"拜为端明殿学","0","2","2"
"襄州安从进反","0","2","2"
"州安从进反叛","0","2","2"
"晋高祖虽然没","0","2","2"
"高祖虽然没有","0","2","2"
"晋出帝愚昧无","0","2","2"
"出帝愚昧无知","0","2","2"
"轻时考进士不","0","2","2"
"时考进士不中","0","2","2"
"经升迁为礼部","0","2","2"
"等人惶恐不安","0","2","2"
"兼侍御史知杂","0","2","2"
"上疏急切谏阻","0","2","2"
"他为太常少卿","0","2","2"
"经升迁为户部","0","2","2"
"升迁为户部尚","0","2","2"
"迁为户部尚书","0","2","2"
"多次升迁为兵","0","2","2"
"次升迁为兵部","0","2","2"
"升迁为兵部侍","0","2","2"
"迁为兵部侍郎","0","2","2"
"向契丹请求援","0","2","2"
"契丹请求援兵","0","2","2"
"形势十分危急","0","2","2"
"出使昊越的人","0","2","2"
"继岌攻破蜀后","0","2","2"
"张文礼被打败","0","2","2"
"河东节度使时","0","2","2"
"唐庄宗讨伐张","0","2","2"
"庄宗讨伐张文","0","2","2"
"宗讨伐张文礼","0","2","2"
"实行赦免当成","0","2","2"
"终年六十五岁","0","2","2"
"高祖进入洛阳","0","2","2"
"拜为兵部尚书","0","2","2"
"命令马重绩占","0","2","2"
"周太祖从魏州","0","2","2"
"军队攻打杨行","0","2","2"
"队攻打杨行密","0","2","2"
"军队攻打他们","0","2","2"
"秦彦和毕师铎","0","2","2"
"杨行密于是进","0","2","2"
"行密于是进入","0","2","2"
"蔡州秦宗权派","0","2","2"
"他的弟弟秦宗","0","2","2"
"的弟弟秦宗衡","0","2","2"
"唐朝拜杨行密","0","2","2"
"朝拜杨行密为","0","2","2"
"派他的将领王","0","2","2"
"田颓和安仁义","0","2","2"
"杨溥越分自立","0","2","2"
"溥越分自立为","0","2","2"
"越分自立为帝","0","2","2"
"分自立为帝后","0","2","2"
"那里商计事情","0","2","2"
"刘存和陈知新","0","2","2"
"有拥立杨渥的","0","2","2"
"拥立杨渥的功","0","2","2"
"立杨渥的功劳","0","2","2"
"是杨行密的第","0","2","2"
"徐温对此担忧","0","2","2"
"他的门客严可","0","2","2"
"的门客严可求","0","2","2"
"杨渥的母亲史","0","2","2"
"渥的母亲史氏","0","2","2"
"依次应当继位","0","2","2"
"挑选壮士三十","0","2","2"
"把杀杨渥的事","0","2","2"
"在金陵整治水","0","2","2"
"金陵整治水军","0","2","2"
"并把他家灭族","0","2","2"
"徐温率领将吏","0","2","2"
"温率领将吏们","0","2","2"
"很久没能攻克","0","2","2"
"朱瑾杀掉徐知","0","2","2"
"瑾杀掉徐知训","0","2","2"
"而徐知训尤其","0","2","2"
"请求杨隆演登","0","2","2"
"的养子徐知诰","0","2","2"
"常常怏怏不乐","0","2","2"
"的第四个儿子","0","2","2"
"杨溥登皇帝位","0","2","2"
"杨溥没有准许","0","2","2"
"溥没有准许而","0","2","2"
"没有准许而徐","0","2","2"
"有准许而徐温","0","2","2"
"准许而徐温病","0","2","2"
"许而徐温病死","0","2","2"
"他的客将周廷","0","2","2"
"的客将周廷望","0","2","2"
"杨溥加封尊号","0","2","2"
"他的儿子徐景","0","2","2"
"杨蒙为历阳公","0","2","2"
"杨溥死在丹阳","0","2","2"
"时年三十八岁","0","2","2"
"把他安置在手","0","2","2"
"他安置在手下","0","2","2"
"徐知训被朱瑾","0","2","2"
"知训被朱瑾杀","0","2","2"
"训被朱瑾杀掉","0","2","2"
"拜徐温焉大丞","0","2","2"
"徐温焉大丞相","0","2","2"
"封为东海郡王","0","2","2"
"拥立他的弟弟","0","2","2"
"收养他作儿子","0","2","2"
"任洪州节度使","0","2","2"
"的弟弟王延政","0","2","2"
"王延政派他的","0","2","2"
"延政派他的侄","0","2","2"
"政派他的侄子","0","2","2"
"派他的侄子王","0","2","2"
"他的侄子王继","0","2","2"
"的侄子王继昌","0","2","2"
"李仁达不从命","0","2","2"
"上书急切谏阻","0","2","2"
"的弟弟马希崇","0","2","2"
"全部迁到金陵","0","2","2"
"焉洪州节度使","0","2","2"
"焉湖南节度使","0","2","2"
"没有水战的工","0","2","2"
"有水战的工具","0","2","2"
"周世宗不答复","0","2","2"
"周世宗的英雄","0","2","2"
"世宗的英雄勇","0","2","2"
"宗的英雄勇武","0","2","2"
"周世宗又南征","0","2","2"
"被扣留没有送","0","2","2"
"扣留没有送回","0","2","2"
"李景割地称臣","0","2","2"
"李景迁到南都","0","2","2"
"任用他做宰相","0","2","2"
"如果用我做宰","0","2","2"
"果用我做宰相","0","2","2"
"宋太祖皇帝派","0","2","2"
"在本朝国史上","0","2","2"
"在忠武军当兵","0","2","2"
"派左谏议大夫","0","2","2"
"等人讨伐常厚","0","2","2"
"出来犒劳军队","0","2","2"
"诏令王建罢兵","0","2","2"
"令王建罢兵休","0","2","2"
"王建罢兵休战","0","2","2"
"王建亲自率兵","0","2","2"
"建亲自率兵攻","0","2","2"
"任西川节度使","0","2","2"
"于是全部占据","0","2","2"
"为人足智多谋","0","2","2"
"改第二年年号","0","2","2"
"第二年年号叫","0","2","2"
"王建年老昏乱","0","2","2"
"得以立为太子","0","2","2"
"连绵一百多里","0","2","2"
"回去后就献计","0","2","2"
"去后就献计伐","0","2","2"
"后就献计伐蜀","0","2","2"
"类中远离人世","0","2","2"
"中远离人世的","0","2","2"
"孟知祥为中门","0","2","2"
"知祥为中门使","0","2","2"
"孟知祥镇守蜀","0","2","2"
"知祥镇守蜀时","0","2","2"
"他的儿子孟昶","0","2","2"
"隐率兵三万人","0","2","2"
"李仁罕为武信","0","2","2"
"唐明宗对此忧","0","2","2"
"明宗对此忧虑","0","2","2"
"自古以来哪有","0","2","2"
"派他的将领朱","0","2","2"
"荧惑星遮掩积","0","2","2"
"惑星遮掩积尸","0","2","2"
"星遮掩积尸星","0","2","2"
"挑选很多良家","0","2","2"
"选很多良家女","0","2","2"
"很多良家女子","0","2","2"
"李仁罕被杀时","0","2","2"
"在本朝国史中","0","2","2"
"刘洪邈为高王","0","2","2"
"刘洪简焉同王","0","2","2"
"杀掉刘思潮等","0","2","2"
"他的弟弟刘洪","0","2","2"
"大败李景的军","0","2","2"
"败李景的军队","0","2","2"
"杀掉他的弟弟","0","2","2"
"平定长江以北","0","2","2"
"使臣到京师进","0","2","2"
"臣到京师进贡","0","2","2"
"派他的将领陈","0","2","2"
"马殷派秦彦晖","0","2","2"
"埋伏在浏阳口","0","2","2"
"梁太祖封马殷","0","2","2"
"为天册上将军","0","2","2"
"命他的弟弟马","0","2","2"
"纔向京师进贡","0","2","2"
"马希声判内外","0","2","2"
"于是卡住喉咙","0","2","2"
"送降书给李景","0","2","2"
"等人谋划作乱","0","2","2"
"李景派边镐入","0","2","2"
"景派边镐入楚","0","2","2"
"在静江军当兵","0","2","2"
"事奉马希萼任","0","2","2"
"任命王进逵为","0","2","2"
"周行逢发怒说","0","2","2"
"儿子周保权继","0","2","2"
"子周保权继位","0","2","2"
"慕容延钊军队","0","2","2"
"他的弟弟钱銶","0","2","2"
"钱铿的儿子钱","0","2","2"
"必定不能成事","0","2","2"
"的儿子钱元璀","0","2","2"
"李景的军队攻","0","2","2"
"袭封昊越国王","0","2","2"
"宗平定淮南后","0","2","2"
"到周世宗平定","0","2","2"
"抓获王延翰杀","0","2","2"
"获王延翰杀掉","0","2","2"
"继承先父遗愿","0","2","2"
"于是断绝进贡","0","2","2"
"趟高指鹿为马","0","2","2"
"因美色受到宠","0","2","2"
"美色受到宠爱","0","2","2"
"王审知的儿子","0","2","2"
"是向百姓借债","0","2","2"
"无论老少都被","0","2","2"
"论老少都被杀","0","2","2"
"老少都被杀掉","0","2","2"
"请求率本道军","0","2","2"
"求率本道军队","0","2","2"
"于是派使臣出","0","2","2"
"是派使臣出使","0","2","2"
"赐给他一百匹","0","2","2"
"他的弟弟高保","0","2","2"
"的儿子高继冲","0","2","2"
"高继冲焉节度","0","2","2"
"继冲焉节度使","0","2","2"
"刘承钧登位后","0","2","2"
"一无所得而回","0","2","2"
"自古以来夷狄","0","2","2"
"当治世时他们","0","2","2"
"治世时他们未","0","2","2"
"世时他们未必","0","2","2"
"自从后魏以来","0","2","2"
"派使臣出使后","0","2","2"
"在木叶山安葬","0","2","2"
"母亲述律氏派","0","2","2"
"趟德钧镇守幽","0","2","2"
"德钧镇守幽州","0","2","2"
"晋出帝和太后","0","2","2"
"任他为节度使","0","2","2"
"受不了他的残","0","2","2"
"不了他的残害","0","2","2"
"耶律德光消灭","0","2","2"
"律德光消灭后","0","2","2"
"管南朝军国事","0","2","2"
"他的祖母述律","0","2","2"
"的祖母述律氏","0","2","2"
"和契丹大略相","0","2","2"
"契丹大略相同","0","2","2"
"深受契丹苛刻","0","2","2"
"受契丹苛刻暴","0","2","2"
"契丹苛刻暴虐","0","2","2"
"丹苛刻暴虐之","0","2","2"
"苛刻暴虐之苦","0","2","2"
"张建武的军队","0","2","2"
"来请求任命主","0","2","2"
"请求任命主帅","0","2","2"
"直到五代结束","0","2","2"
"为归义军节度","0","2","2"
"他们的牙帐在","0","2","2"
"史书上也失去","0","2","2"
"他们的君主世","0","2","2"
"们的君主世次","0","2","2"
"曾和中原交往","0","2","2"
"向西走一百里","0","2","2"
"西走一百里出","0","2","2"
"衣帽服饰同中","0","2","2"
"帽服饰同中原","0","2","2"
"服饰同中原一","0","2","2"
"饰同中原一样","0","2","2"
"向中原请求任","0","2","2"
"中原请求任命","0","2","2"
"封为渤海郡王","0","2","2"
"史书都失去记","0","2","2"
"书都失去记载","0","2","2"
"各派使臣前来","0","2","2"
"回鹘可汗王仁","0","2","2"
"鹘可汗王仁美","0","2","2"
"可汗王仁美派","0","2","2"
"任命冯道为大","0","2","2"
"命冯道为大行","0","2","2"
"冯道为大行皇","0","2","2"
"道为大行皇帝","0","2","2"
"部尚书张昭为","0","2","2"
"尚书张昭为卤","0","2","2"
"书张昭为卤簿","0","2","2"
"张昭为卤簿使","0","2","2"
"为桥道顿递使","0","2","2"
"为殿中侍御史","0","2","2"
"为宣州观察使","0","2","2"
"开始镇守润州","0","2","2"
"元年正月一日","0","2","2"
