"N-gram","原文","翻译","Total"
"中书门下平章事","88","88","176"
"同中书门下平章","87","87","174"
"马步军都指挥使","22","22","44"
"北面行营招讨使","12","12","24"
"高祖在太原起兵","0","15","15"
"为北面行营招讨","0","11","11"
"侍卫亲军都指挥","5","5","10"
"卫亲军都指挥使","5","5","10"
"侍卫步军都指挥","5","5","10"
"卫步军都指挥使","5","5","10"
"右金吾卫上将军","5","4","9"
"晋高祖在太原起","0","9","9"
"加同中书门下平","6","2","8"
"都督中外诸军事","4","4","8"
"御史大夫薛贻矩","3","3","6"
"新罗国王金朴英","3","3","6"
"河阳三城节度使","3","3","6"
"军节度使高行周","3","3","6"
"北面行营都部署","3","3","6"
"侍卫亲军都虞候","3","3","6"
"山南东道节度使","5","1","6"
"侍卫亲军马步军","3","3","6"
"卫亲军马步军都","3","3","6"
"亲军马步军都指","3","3","6"
"军马步军都指挥","3","3","6"
"京马步军都指挥","3","3","6"
"严卫指挥使尹晖","3","3","6"
"大行皇帝山陵使","3","3","6"
"为同中书门下平","0","6","6"
"潞王李从珂在凤","0","6","6"
"西京副留守刘遂","3","2","5"
"京副留守刘遂雍","3","2","5"
"天下兵马大元帅","2","3","5"
"王李从珂在凤翔","0","5","5"
"李从珂在凤翔反","0","5","5"
"从珂在凤翔反叛","0","5","5"
"为匡国军节度使","0","5","5"
"为天雄军节度使","0","5","5"
"不知道他的家世","0","5","5"
"年轻时考中进士","0","5","5"
"左金吾卫大将军","2","2","4"
"面行营兵马都统","2","2","4"
"州四面行营都统","2","2","4"
"州东面行营招讨","2","2","4"
"东面行营招讨使","2","2","4"
"军节度使杨师厚","2","2","4"
"西路行营招讨使","2","2","4"
"军节度使戴思远","2","2","4"
"右千牛卫大将军","2","2","4"
"宣义军节度使王","2","2","4"
"义军节度使王彦","2","2","4"
"军节度使王彦章","2","2","4"
"军节度使李嗣源","2","2","4"
"园栽接使储德源","2","2","4"
"逐节度使刘延皓","2","2","4"
"右金吾卫大将军","2","2","4"
"幽州道行营招讨","2","2","4"
"州道行营招讨使","2","2","4"
"北面行营副都统","2","2","4"
"军步军都指挥使","2","2","4"
"天平军节度使高","2","2","4"
"平军节度使高行","2","2","4"
"军节度使王彦超","2","2","4"
"侍卫马军都指挥","2","2","4"
"卫马军都指挥使","2","2","4"
"彭城郡夫人刘氏","2","2","4"
"太子右赞善大夫","2","2","4"
"等军蕃汉马步军","3","1","4"
"军蕃汉马步军都","3","1","4"
"高祖河东节度使","3","1","4"
"羽林指挥使杨思","2","2","4"
"林指挥使杨思权","2","2","4"
"捷右厢都指挥使","2","2","4"
"州马步军都指挥","2","2","4"
"左金吾卫上将军","2","2","4"
"护圣右厢都指挥","2","2","4"
"圣右厢都指挥使","2","2","4"
"军节度使石敬瑭","2","2","4"
"御史中丞王易简","2","2","4"
"侍卫步军指挥使","2","2","4"
"河东节度掌书记","2","2","4"
"翰林学士徐台符","2","2","4"
"州节度使李金全","2","2","4"
"剑南西川节度副","2","2","4"
"南西川节度副大","2","2","4"
"西川节度副大使","2","2","4"
"命天雄军节度使","1","3","4"
"希声判内外诸军","2","2","4"
"声判内外诸军事","2","2","4"
"等州观察处置等","2","2","4"
"州观察处置等使","2","2","4"
"左监门卫上将军","2","2","4"
"军节度使杨光远","2","2","4"
"侍卫马步军都指","2","2","4"
"卫马步军都指挥","2","2","4"
"追尊祖考为皇帝","0","4","4"
"渤海国王大讠巽","0","4","4"
"海国王大讠巽派","0","4","4"
"国王大讠巽派使","0","4","4"
"王大讠巽派使者","0","4","4"
"为昭义军节度使","0","4","4"
"为大行皇帝山陵","0","4","4"
"周世宗征伐淮南","0","4","4"
"为左骁卫上将军","0","4","4"
"周太祖在魏州起","0","4","4"
"太祖在魏州起兵","0","4","4"
"任保义军节度使","0","4","4"
"为义成军节度使","0","4","4"
"为镇国军节度使","0","4","4"
"梁太祖镇守宣武","0","4","4"
"山南束道节度使","0","4","4"
"随唐庄宗在胡柳","0","4","4"
"唐明宗进入洛阳","0","4","4"
"任义成军节度使","0","4","4"
"唐庄宗在胡柳打","0","4","4"
"庄宗在胡柳打仗","0","4","4"
"晋高祖迫不得已","0","4","4"
"耶律德光侵犯京","0","4","4"
"律德光侵犯京师","0","4","4"
"汉高祖进入京师","0","4","4"
"他的儿子刘守光","0","4","4"
"任翰林学士承旨","0","4","4"
"任宣义军节度使","0","4","4"
"为义武军节度使","0","4","4"
"抓获他们的将领","0","4","4"
"漠高祖在太原起","0","4","4"
"在境内实行大赦","0","4","4"
"记载在本朝国史","0","4","4"
"泗州牙将王知朗","2","1","3"
"张宗奭留守西都","3","0","3"
"威北面行营招讨","3","0","3"
"振武节度使李嗣","2","1","3"
"武节度使李嗣本","2","1","3"
"振武军节度使李","1","2","3"
"内园栽接使储德","2","1","3"
"副留守刘遂雍叛","2","1","3"
"杨光远杀张敬达","2","1","3"
"军节度使杜重威","1","2","3"
"西南面行营都统","2","1","3"
"世宗显德四年夏","2","1","3"
"宗显德四年夏四","2","1","3"
"显德四年夏四月","2","1","3"
"赠左监门卫将军","2","1","3"
"追封彭城郡夫人","1","2","3"
"迁保义军节度使","3","0","3"
"王思同率诸镇兵","3","0","3"
"功迁突阵指挥使","2","1","3"
"仁恭子守光所囚","3","0","3"
"河东节度使石敬","2","1","3"
"东节度使石敬瑭","2","1","3"
"威塞等军蕃汉马","2","1","3"
"塞等军蕃汉马步","2","1","3"
"弟彦雄等七人送","2","1","3"
"陕州节度使王珙","1","2","3"
"周太祖兵入京师","3","0","3"
"山南西道节度使","1","2","3"
"看见骑白马穿红","0","3","3"
"见骑白马穿红镗","0","3","3"
"骑白马穿红镗甲","0","3","3"
"白马穿红镗甲的","0","3","3"
"马穿红镗甲的人","0","3","3"
"为保义军节度使","0","3","3"
"从陕州回到京城","0","3","3"
"大讠巽派使者来","0","3","3"
"节度使杨师厚为","0","3","3"
"任命天雄军节度","0","3","3"
"司空兼门下侍郎","0","3","3"
"任命天平军节度","0","3","3"
"命天平军节度使","0","3","3"
"威为北面行营招","0","3","3"
"领天平军节度使","0","3","3"
"任成德军节度使","0","3","3"
"任宣武军节度使","0","3","3"
"夫人刘氏为皇后","0","3","3"
"任忠武军节度使","0","3","3"
"契丹使者梅里来","0","3","3"
"节度使高行周为","0","3","3"
"杜重威为北面行","0","3","3"
"重威为北面行营","0","3","3"
"在高平打败刘曼","0","3","3"
"为右武卫大将军","0","3","3"
"梁太祖派康怀英","0","3","3"
"背叛梁向晋投降","0","3","3"
"修筑夹城包围潞","0","3","3"
"筑夹城包围潞州","0","3","3"
"贺德伦向晋投降","0","3","3"
"从黎阳渡过黄河","0","3","3"
"军队多次被打败","0","3","3"
"关闭城门不让他","0","3","3"
"加授同中书门下","0","3","3"
"授同中书门下平","0","3","3"
"调任镇守天平军","0","3","3"
"唐庄宗进入汴州","0","3","3"
"年轻时跟随梁太","0","3","3"
"轻时跟随梁太祖","0","3","3"
"梁太祖任命他为","0","3","3"
"梁太祖派王虔裕","0","3","3"
"唐明宗迫不得已","0","3","3"
"为振武军节度使","0","3","3"
"于是任符存审为","0","3","3"
"梁太祖亲自率兵","0","3","3"
"在镇州讨伐张文","0","3","3"
"镇州讨伐张文礼","0","3","3"
"跟随唐庄宗攻破","0","3","3"
"为天平军节度使","0","3","3"
"唐庄宗消灭梁后","0","3","3"
"刘延朗等人多次","0","3","3"
"和邻居争夺水井","0","3","3"
"唐庄宗进入洛阳","0","3","3"
"李继岌和郭崇韬","0","3","3"
"任马步军都指挥","0","3","3"
"汉高祖镇守太原","0","3","3"
"周太祖任枢密使","0","3","3"
"汉隐帝在北郊被","0","3","3"
"隐帝在北郊被打","0","3","3"
"帝在北郊被打败","0","3","3"
"高祖任河东节度","0","3","3"
"祖任河东节度使","0","3","3"
"王彦章任招讨使","0","3","3"
"刘仁恭被他的儿","0","3","3"
"仁恭被他的儿子","0","3","3"
"恭被他的儿子刘","0","3","3"
"被他的儿子刘守","0","3","3"
"魏王李继岌攻破","0","3","3"
"王李继岌攻破蜀","0","3","3"
"唐昭宗迁到洛阳","0","3","3"
"以太子太保辞官","0","3","3"
"必定上奏说别人","0","3","3"
"定上奏说别人是","0","3","3"
"上奏说别人是朋","0","3","3"
"奏说别人是朋党","0","3","3"
"忠臣和博学之士","0","3","3"
"梁太祖十分高兴","0","3","3"
"梁太祖派葛从周","0","3","3"
"他的弟弟趟匡明","0","3","3"
"他的儿子徐知训","0","3","3"
"留下他的儿子李","0","3","3"
"任武胜军节度使","0","3","3"
"晋在黄河边相拒","0","3","3"
"晋高祖镇守太原","0","3","3"
"一年多不能攻克","0","3","3"
"李守贞在河中反","0","3","3"
"守贞在河中反叛","0","3","3"
"汉高祖在太原起","0","3","3"
"祖率兵进入京师","0","3","3"
"亲自率兵攻打他","0","3","3"
"魏王李继岌伐蜀","0","3","3"
"觉得他不同一般","0","3","3"
"的事记载在本朝","0","3","3"
"事记载在本朝国","0","3","3"
"加封尊号为英武","0","3","3"
"封尊号为英武睿","0","3","3"
"尊号为英武睿圣","0","3","3"
"周世宗平定淮南","0","3","3"
"他的儿子王继鹏","0","3","3"
"他的母亲述律氏","0","3","3"
"遣泗州牙将王知","2","0","2"
"州牙将王知朗徐","2","0","2"
"牙将王知朗徐州","2","0","2"
"唐僖宗乾符四年","1","1","2"
"东南面行营先锋","1","1","2"
"南面行营先锋使","1","1","2"
"河中行营招讨副","1","1","2"
"中行营招讨副使","1","1","2"
"东南面行营兵马","1","1","2"
"南面行营兵马都","1","1","2"
"淮南节度使高骈","1","1","2"
"南节度使高骈死","1","1","2"
"蔡州四面行营都","1","1","2"
"秦宗权遣弟宗衡","2","0","2"
"宗权遣弟宗衡掠","2","0","2"
"权遣弟宗衡掠地","2","0","2"
"遣弟宗衡掠地淮","2","0","2"
"弟宗衡掠地淮南","2","0","2"
"河东叛将冯霸杀","1","1","2"
"东叛将冯霸杀潞","1","1","2"
"叛将冯霸杀潞州","1","1","2"
"将冯霸杀潞州守","1","1","2"
"冯霸杀潞州守将","1","1","2"
"霸杀潞州守将李","1","1","2"
"杀潞州守将李克","1","1","2"
"潞州守将李克恭","1","1","2"
"州节度使杨崇本","1","1","2"
"茂贞杀韩全诲等","1","1","2"
"贞杀韩全诲等二","1","1","2"
"杀韩全诲等二十","1","1","2"
"韩全诲等二十人","1","1","2"
"造竭忠守正功臣","1","1","2"
"张全义修洛阳宫","1","1","2"
"杀德王裕等九王","1","1","2"
"赐王迎銮纪功碑","1","1","2"
"荆南留后赵匡明","1","1","2"
"告枢密使蒋玄晖","1","1","2"
"宰相张文蔚率百","1","1","2"
"相张文蔚率百官","1","1","2"
"平卢军节度使韩","1","1","2"
"卢军节度使韩建","1","1","2"
"皇高祖黯谥曰宣","1","1","2"
"高祖黯谥曰宣元","1","1","2"
"祖妣范氏谥曰宣","1","1","2"
"妣范氏谥曰宣僖","1","1","2"
"契丹阿保机遣使","2","0","2"
"丹阿保机遣使者","2","0","2"
"匡国军节度使刘","1","1","2"
"国军节度使刘知","1","1","2"
"军节度使刘知俊","1","1","2"
"潞州行营招讨使","1","1","2"
"翰林学士承旨礼","1","1","2"
"林学士承旨礼部","1","1","2"
"学士承旨礼部侍","1","1","2"
"士承旨礼部侍郎","1","1","2"
"承旨礼部侍郎张","1","1","2"
"旨礼部侍郎张策","1","1","2"
"潞州行营都虞候","1","1","2"
"州行营都虞候康","1","1","2"
"行营都虞候康怀","1","1","2"
"营都虞候康怀英","1","1","2"
"杀右金吾卫上将","1","1","2"
"金吾卫上将军王","1","1","2"
"吾卫上将军王师","1","1","2"
"卫上将军王师范","1","1","2"
"博王友文留守东","1","1","2"
"王友文留守东都","1","1","2"
"左仆射杨涉同中","1","1","2"
"仆射杨涉同中书","1","1","2"
"射杨涉同中书门","1","1","2"
"杨涉同中书门下","1","1","2"
"涉同中书门下平","1","1","2"
"睿文圣武广孝皇","1","1","2"
"文圣武广孝皇帝","1","1","2"
"渤海国王大諲譔","2","0","2"
"杀佑国军节度使","1","1","2"
"佑国军节度使王","1","1","2"
"国军节度使王重","1","1","2"
"军节度使王重师","1","1","2"
"佑国军节度使刘","1","1","2"
"国军节度使刘捍","1","1","2"
"同州东面行营招","1","1","2"
"房州刺史杨虔叛","1","1","2"
"均州刺史张敬方","1","1","2"
"行营招讨使左卫","1","1","2"
"营招讨使左卫上","1","1","2"
"招讨使左卫上将","1","1","2"
"讨使左卫上将军","1","1","2"
"使左卫上将军陈","1","1","2"
"左卫上将军陈晖","1","1","2"
"保义军节度使王","1","1","2"
"义军节度使王檀","1","1","2"
"潞州东面行营招","1","1","2"
"镇国军节度使康","1","1","2"
"国军节度使康怀","1","1","2"
"军节度使康怀英","1","1","2"
"护国军节度使杨","1","1","2"
"国军节度使杨师","1","1","2"
"宁国军节度使王","1","1","2"
"国军节度使王景","1","1","2"
"军节度使王景仁","1","1","2"
"王景仁北面行营","2","0","2"
"景仁北面行营招","2","0","2"
"仁北面行营招讨","2","0","2"
"北平王王处直叛","1","1","2"
"天雄军节度使杨","1","1","2"
"雄军节度使杨师","1","1","2"
"左龙虎统军袁象","1","1","2"
"龙虎统军袁象先","1","1","2"
"时怀州龙骧屯兵","1","1","2"
"镇南军节度使刘","1","1","2"
"捉生都将李霸反","1","1","2"
"安国军节度使阎","1","1","2"
"国军节度使阎宝","1","1","2"
"军节度使阎宝叛","1","1","2"
"横海军节度使戴","1","1","2"
"海军节度使戴思","1","1","2"
"千牛卫大将军刘","1","1","2"
"牛卫大将军刘璩","1","1","2"
"泰宁军节度使张","1","1","2"
"宁军节度使张守","1","1","2"
"军节度使张守进","1","1","2"
"节度使张守进叛","1","1","2"
"兗州安抚制置使","2","0","2"
"天平军节度使霍","1","1","2"
"平军节度使霍彦","1","1","2"
"军节度使霍彦威","1","1","2"
"河中节度使硃友","2","0","2"
"中节度使硃友谦","2","0","2"
"泰宁军节度使刘","1","1","2"
"滑州兵马留后段","1","1","2"
"州兵马留后段凝","1","1","2"
"兵马留后段凝攻","1","1","2"
"马留后段凝攻卫","1","1","2"
"留后段凝攻卫州","1","1","2"
"潞州李继韬叛晋","1","1","2"
"先锋将康延孝叛","1","1","2"
"河西节度使范希","1","1","2"
"西节度使范希朝","1","1","2"
"神策大将军康承","1","1","2"
"策大将军康承训","1","1","2"
"大将军康承训统","1","1","2"
"将军康承训统十","1","1","2"
"军康承训统十八","1","1","2"
"康承训统十八将","1","1","2"
"太原行营招讨沙","1","1","2"
"杀大同军防御使","1","1","2"
"大同军防御使段","1","1","2"
"同军防御使段文","1","1","2"
"军防御使段文楚","1","1","2"
"前太原节度使李","1","1","2"
"太原节度使李业","1","1","2"
"宣慰沙陀六州三","1","1","2"
"慰沙陀六州三部","1","1","2"
"沙陀六州三部落","1","1","2"
"陀六州三部落使","1","1","2"
"雁门北行营节度","2","0","2"
"门北行营节度使","2","0","2"
"天下兵马都监杨","1","1","2"
"下兵马都监杨复","1","1","2"
"兵马都监杨复恭","1","1","2"
"谏议大夫刘崇望","1","1","2"
"浚太原四面行营","2","0","2"
"太原四面行营兵","1","1","2"
"原四面行营兵马","1","1","2"
"四面行营兵马都","1","1","2"
"检校太师中书令","2","0","2"
"华州韩建请立珙","1","1","2"
"潞州守将薛志勤","1","1","2"
"将白奉国破承天","1","1","2"
"白奉国破承天军","1","1","2"
"叔父克宁杀都虞","1","1","2"
"父克宁杀都虞候","1","1","2"
"克宁杀都虞候李","1","1","2"
"宁杀都虞候李存","1","1","2"
"杀都虞候李存质","1","1","2"
"遣周德威攻晋州","2","0","2"
"梁遣王景仁攻赵","2","0","2"
"贝州人杀梁守将","1","1","2"
"州人杀梁守将张","1","1","2"
"人杀梁守将张源","1","1","2"
"杀梁守将张源德","1","1","2"
"执振武节度使李","2","0","2"
"传真献唐受命宝","1","1","2"
"真献唐受命宝一","1","1","2"
"昭义军节度使李","1","1","2"
"义军节度使李嗣","1","1","2"
"军节度使李嗣昭","1","1","2"
"横海军节度使李","1","1","2"
"海军节度使李存","1","1","2"
"军节度使李存审","1","1","2"
"义武军节度使王","1","1","2"
"武军节度使王处","1","1","2"
"军节度使王处直","1","1","2"
"安国军节度使李","1","1","2"
"国军节度使李嗣","1","1","2"
"镇州兵马留后张","1","1","2"
"州兵马留后张文","1","1","2"
"兵马留后张文礼","1","1","2"
"天平军节度使阎","1","1","2"
"平军节度使阎宝","1","1","2"
"大同军节度使李","1","1","2"
"同军节度使李存","1","1","2"
"军节度使李存璋","1","1","2"
"武军节度使李存","1","1","2"
"军节度使李存进","1","1","2"
"尚书左丞赵光胤","1","1","2"
"罗国王金朴英遣","2","0","2"
"国王金朴英遣使","2","0","2"
"王金朴英遣使者","2","0","2"
"臣上尊号曰昭文","1","1","2"
"上尊号曰昭文睿","1","1","2"
"尊号曰昭文睿武","1","1","2"
"号曰昭文睿武光","1","1","2"
"曰昭文睿武光孝","1","1","2"
"昭文睿武光孝皇","1","1","2"
"文睿武光孝皇帝","1","1","2"
"南郊立仗军士等","1","1","2"
"郊立仗军士等功","1","1","2"
"立仗军士等功臣","1","1","2"
"少帝改卜园陵使","1","1","2"
"杀河南县令罗贯","1","1","2"
"西川四面行营都","1","1","2"
"川四面行营都统","1","1","2"
"国军节度使李继","1","1","2"
"军节度使李继麟","1","1","2"
"宣徽南院使李绍","1","1","2"
"徽南院使李绍宏","1","1","2"
"武宁军节度使李","1","1","2"
"宁军节度使李绍","1","1","2"
"军节度使李绍荣","1","1","2"
"东北面招讨使李","1","1","2"
"北面招讨使李绍","1","1","2"
"面招讨使李绍真","1","1","2"
"成德军节度使李","1","1","2"
"德军节度使李嗣","1","1","2"
"节度使李嗣源讨","1","1","2"
"西京留守王思同","1","1","2"
"难军节度使药彦","1","1","2"
"军节度使药彦稠","1","1","2"
"杀侍卫亲军都指","1","1","2"
"阳三城节度使康","1","1","2"
"三城节度使康义","1","1","2"
"城节度使康义诚","1","1","2"
"凤翔行营都招讨","1","1","2"
"翔行营都招讨使","1","1","2"
"京城巡检使安进","2","0","2"
"卫州刺史突骑指","1","1","2"
"州刺史突骑指挥","1","1","2"
"刺史突骑指挥使","1","1","2"
"河中裨将杨彦温","1","1","2"
"留守刘遂雍叛唐","1","1","2"
"陕州康思立叛唐","1","1","2"
"左谏议大夫韩昭","1","1","2"
"谏议大夫韩昭胤","1","1","2"
"立沛国夫人刘氏","1","1","2"
"雄武军节度使张","1","1","2"
"武军节度使张延","1","1","2"
"追尊鲁国太夫人","1","1","2"
"尊鲁国太夫人魏","1","1","2"
"鲁国太夫人魏氏","1","1","2"
"忠武军节度使赵","1","1","2"
"武军节度使赵延","1","1","2"
"军节度使赵延寿","1","1","2"
"宣徽南院使刘延","1","1","2"
"徽南院使刘延皓","1","1","2"
"礼部侍郎马胤孙","1","1","2"
"先锋指挥使安审","1","1","2"
"锋指挥使安审信","1","1","2"
"指挥使安审信叛","1","1","2"
"振武戍将安重荣","1","1","2"
"武戍将安重荣叛","1","1","2"
"戍将安重荣叛降","1","1","2"
"将安重荣叛降石","1","1","2"
"安重荣叛降石敬","1","1","2"
"重荣叛降石敬瑭","1","1","2"
"天雄军屯驻捧圣","1","1","2"
"雄军屯驻捧圣都","1","1","2"
"军屯驻捧圣都虞","1","1","2"
"屯驻捧圣都虞候","1","1","2"
"驻捧圣都虞候张","1","1","2"
"捧圣都虞候张令","1","1","2"
"圣都虞候张令昭","1","1","2"
"张令昭逐节度使","2","0","2"
"令昭逐节度使刘","2","0","2"
"昭逐节度使刘延","2","0","2"
"宣武军节度使范","1","1","2"
"武军节度使范延","1","1","2"
"军节度使范延光","1","1","2"
"天雄军四面招讨","1","1","2"
"雄军四面招讨使","1","1","2"
"彰圣指挥使张万","1","1","2"
"圣指挥使张万迪","1","1","2"
"卢龙军节度使赵","1","1","2"
"龙军节度使赵德","1","1","2"
"军节度使赵德钧","1","1","2"
"高祖使博士王震","1","1","2"
"祖使博士王震教","1","1","2"
"骁卫将军石德超","1","1","2"
"金吾卫大将军梁","1","1","2"
"吾卫大将军梁言","1","1","2"
"大行皇帝山陵都","1","1","2"
"行皇帝山陵都部","1","1","2"
"皇帝山陵都部署","1","1","2"
"葬圣文章武孝皇","1","1","2"
"圣文章武孝皇帝","1","1","2"
"北京留守刘知远","1","1","2"
"京留守刘知远进","1","1","2"
"瓜州曹元忠皆遣","1","1","2"
"州曹元忠皆遣使","1","1","2"
"供奉官七人帅奉","1","1","2"
"奉官七人帅奉国","1","1","2"
"官七人帅奉国军","1","1","2"
"帅奉国军捕蝗京","2","0","2"
"奉国军捕蝗京畿","2","0","2"
"尊秦国夫人安氏","1","1","2"
"契丹使通事刘胤","1","1","2"
"齐州刺史杨承祚","1","1","2"
"高丽使广评侍郎","2","0","2"
"广评侍郎金仁逢","1","1","2"
"登州刺史郭彦威","1","1","2"
"归德军节度使高","1","1","2"
"德军节度使高行","1","1","2"
"高行周北面行营","2","0","2"
"行周北面行营都","2","0","2"
"周北面行营都部","2","0","2"
"难军节度使李周","1","1","2"
"沿河巡检使梁进","1","1","2"
"贝州行营都部署","1","1","2"
"青州行营都部署","1","1","2"
"守司空门下侍郎","2","0","2"
"顺德军节度使杜","1","1","2"
"陈州项城民史仁","1","1","2"
"州项城民史仁诩","1","1","2"
"项城民史仁诩门","1","1","2"
"城民史仁诩门闾","1","1","2"
"武宁军节度使赵","1","1","2"
"尚书户部侍郎冯","1","1","2"
"书户部侍郎冯玉","1","1","2"
"行营马军排阵使","1","1","2"
"营马军排阵使张","1","1","2"
"马军排阵使张彦","1","1","2"
"军排阵使张彦泽","1","1","2"
"北面行营都招讨","1","1","2"
"面行营都招讨使","1","1","2"
"李守贞兵马都监","2","0","2"
"军节度使梁汉璋","1","1","2"
"杀开封尹桑维翰","1","1","2"
"契丹耶律德光送","1","1","2"
"丹耶律德光送高","1","1","2"
"耶律德光送高祖","1","1","2"
"杀吐浑白承福等","1","1","2"
"吐浑白承福等族","1","1","2"
"河东行军司马张","1","1","2"
"东行军司马张彦","1","1","2"
"行军司马张彦威","1","1","2"
"军司马张彦威等","1","1","2"
"潞州留后王守恩","1","1","2"
"丹州指挥使高彦","1","1","2"
"州指挥使高彦询","1","1","2"
"萧翰宣武军节度","2","0","2"
"翰宣武军节度使","2","0","2"
"立魏国夫人李氏","1","1","2"
"侍卫亲军步军都","1","1","2"
"卫亲军步军都指","1","1","2"
"亲军步军都指挥","1","1","2"
"步军都指挥使史","1","1","2"
"军都指挥使史弘","1","1","2"
"都指挥使史弘肇","1","1","2"
"奉国指挥使武行","1","1","2"
"国指挥使武行德","1","1","2"
"天雄军节度使杜","1","1","2"
"雄军节度使杜重","1","1","2"
"节度使杜重威反","1","1","2"
"安国军节度使薛","1","1","2"
"国军节度使薛怀","1","1","2"
"刘仁恭攻破顺州","1","1","2"
"汉高祖侍卫亲军","2","0","2"
"威同中书门下平","1","1","2"
"召枢密使院吏魏","1","1","2"
"枢密使院吏魏仁","1","1","2"
"密使院吏魏仁浦","1","1","2"
"保大军节度使张","1","1","2"
"大军节度使张彦","1","1","2"
"军节度使张彦超","1","1","2"
"使阎晋卿等率兵","2","0","2"
"阎晋卿等率兵拒","2","0","2"
"晋卿等率兵拒威","2","0","2"
"泰宁军节度使慕","1","1","2"
"宁军节度使慕容","1","1","2"
"军节度使慕容彦","1","1","2"
"节度使慕容彦超","1","1","2"
"请立武宁军节度","1","1","2"
"立武宁军节度使","1","1","2"
"请太后临朝听政","1","1","2"
"尚书兵部侍郎范","1","1","2"
"书兵部侍郎范质","1","1","2"
"上汉太后尊号曰","1","1","2"
"汉太后尊号曰昭","1","1","2"
"太后尊号曰昭圣","1","1","2"
"后尊号曰昭圣皇","1","1","2"
"尊号曰昭圣皇太","1","1","2"
"号曰昭圣皇太后","1","1","2"
"西州回鹘使都督","1","1","2"
"尚书左丞田敏使","2","0","2"
"书左丞田敏使契","2","0","2"
"左丞田敏使契丹","2","0","2"
"武宁军节度使王","1","1","2"
"宁军节度使王彦","1","1","2"
"户部侍郎判三司","1","1","2"
"部侍郎判三司李","1","1","2"
"范质参知枢密院","1","1","2"
"质参知枢密院事","1","1","2"
"宣徽北院使翟光","1","1","2"
"建雄军节度使王","1","1","2"
"雄军节度使王彦","1","1","2"
"步军都指挥使曹","1","1","2"
"军都指挥使曹英","1","1","2"
"府州防御使折德","1","1","2"
"内客省使郑仁诲","1","1","2"
"麟州刺史杨重训","1","1","2"
"州刺史杨重训叛","1","1","2"
"棣州团练使王仁","1","1","2"
"州团练使王仁镐","1","1","2"
"杀天雄军节度使","1","1","2"
"天雄军节度使王","1","1","2"
"雄军节度使王殷","1","1","2"
"镇宁军节度使郑","1","1","2"
"宁军节度使郑仁","1","1","2"
"军节度使郑仁诲","1","1","2"
"右监门卫大将军","1","1","2"
"监门卫大将军魏","1","1","2"
"门卫大将军魏仁","1","1","2"
"卫大将军魏仁浦","1","1","2"
"郑仁诲留守东京","1","1","2"
"马军都指挥使樊","1","1","2"
"军都指挥使樊爱","1","1","2"
"都指挥使樊爱能","1","1","2"
"步军都指挥使何","1","1","2"
"军都指挥使何徽","1","1","2"
"天雄军节度使符","1","1","2"
"雄军节度使符彦","1","1","2"
"军节度使符彦卿","1","1","2"
"河东行营都部署","1","1","2"
"汾州防御使董希","1","1","2"
"州防御使董希颜","1","1","2"
"防御使董希颜叛","1","1","2"
"立卫国夫人符氏","1","1","2"
"代州守将郑处谦","1","1","2"
"州守将郑处谦叛","1","1","2"
"先锋都指挥使史","1","1","2"
"锋都指挥使史彦","1","1","2"
"都指挥使史彦超","1","1","2"
"淮南道行营都部","1","1","2"
"南道行营都部署","1","1","2"
"淮南道行营都招","1","1","2"
"南道行营都招讨","1","1","2"
"道行营都招讨使","1","1","2"
"内外马步军都军","1","1","2"
"外马步军都军头","1","1","2"
"马步军都军头袁","1","1","2"
"步军都军头袁彦","1","1","2"
"杀密州防御使侯","1","1","2"
"密州防御使侯希","1","1","2"
"州防御使侯希进","1","1","2"
"濠州团练使郭廷","1","1","2"
"州团练使郭廷谓","1","1","2"
"放降卒四千六百","1","1","2"
"高丽王昭遣使者","1","1","2"
"宣徽南院使吴延","1","1","2"
"徽南院使吴延祚","1","1","2"
"魏仁浦同中书门","1","1","2"
"仁浦同中书门下","1","1","2"
"浦同中书门下平","1","1","2"
"左骁卫大将军戴","1","1","2"
"骁卫大将军戴交","1","1","2"
"废天下佛寺三千","1","1","2"
"天下佛寺三千三","1","1","2"
"下佛寺三千三百","1","1","2"
"佛寺三千三百三","1","1","2"
"寺三千三百三十","1","1","2"
"三千三百三十六","1","1","2"
"太祖元贞皇后张","1","1","2"
"祖元贞皇后张氏","1","1","2"
"单州砀山县渠亭","1","1","2"
"州砀山县渠亭里","1","1","2"
"砀山县渠亭里富","1","1","2"
"郴王友裕攻徐州","1","1","2"
"追谥曰元贞皇太","1","1","2"
"谥曰元贞皇太后","1","1","2"
"唐家三百年社稷","1","1","2"
"董乙聚众称天子","1","1","2"
"度支盐铁制置使","1","1","2"
"许州节度使温韬","1","1","2"
"内外制置蕃汉都","1","1","2"
"外制置蕃汉都知","1","1","2"
"制置蕃汉都知兵","1","1","2"
"置蕃汉都知兵马","1","1","2"
"蕃汉都知兵马使","1","1","2"
"继岌西南面行营","2","0","2"
"岌西南面行营都","2","0","2"
"见崇韬专任军事","2","0","2"
"崇韬留任圜守蜀","1","1","2"
"益乳母司衣王氏","1","1","2"
"郇国三千户封唐","1","1","2"
"国三千户封唐许","1","1","2"
"三千户封唐许王","1","1","2"
"荣天下兵马大元","1","1","2"
"书门下平章事者","1","1","2"
"宣徽使孟汉琼等","1","1","2"
"德四年夏四月癸","1","1","2"
"四年夏四月癸未","1","1","2"
"赠左千牛卫将军","1","1","2"
"周太祖圣穆皇后","1","1","2"
"太祖圣穆皇后柴","1","1","2"
"祖圣穆皇后柴氏","1","1","2"
"赠左骁卫大将军","1","1","2"
"子左骁卫大将军","1","1","2"
"怀英迎銮毅勇功","1","1","2"
"英迎銮毅勇功臣","1","1","2"
"棣州刺史张蟾叛","2","0","2"
"遣硃友宁攻师范","2","0","2"
"累迁左龙武统军","2","0","2"
"潜军黄泽关袭太","2","0","2"
"军黄泽关袭太原","2","0","2"
"遂雍西京副留守","2","0","2"
"滑州长剑指挥使","1","1","2"
"太祖攻赵匡凝襄","2","0","2"
"祖攻赵匡凝襄阳","2","0","2"
"逐节度使罗周翰","1","1","2"
"化元年正月庚寅","1","1","2"
"迁匡国军节度使","2","0","2"
"梁王彦章击破德","1","1","2"
"王彦章击破德胜","1","1","2"
"二百五十三万石","1","1","2"
"钱一百九十二万","1","1","2"
"金银二十二万两","1","1","2"
"宰相任圜判三司","1","1","2"
"马牧军使田令方","1","1","2"
"潞州守将李嗣昭","1","1","2"
"谓监军张承业曰","2","0","2"
"麻家渡进军临濮","1","1","2"
"功迁检校左仆射","1","1","2"
"迁左右厢步军指","1","1","2"
"左右厢步军指挥","1","1","2"
"右厢步军指挥使","1","1","2"
"张文礼弑赵王王","2","0","2"
"文礼弑赵王王镕","2","0","2"
"永王存霸奔太原","2","0","2"
"控鹤指挥使张谏","1","1","2"
"屯驻军将马万等","1","1","2"
"功加检校左仆射","1","1","2"
"晋军讨张文礼镇","2","0","2"
"军讨张文礼镇州","2","0","2"
"迁左厢马军指挥","1","1","2"
"左厢马军指挥使","1","1","2"
"汴州节度使孔循","1","1","2"
"襄州节度使刘训","1","1","2"
"州节度使刘训等","1","1","2"
"少事赵王王镕军","2","0","2"
"平卢监军杨希望","1","1","2"
"指挥使王公俨素","1","1","2"
"北面水陆转运使","1","1","2"
"河北道副招讨使","1","1","2"
"魏博观察使判官","1","1","2"
"博观察使判官张","1","1","2"
"观察使判官张宪","1","1","2"
"道盐铁转运等使","1","1","2"
"分东川阆州保宁","2","0","2"
"东川阆州保宁军","2","0","2"
"枢密承旨李虔徽","1","1","2"
"北京留守石敬瑭","1","1","2"
"京留守石敬瑭代","1","1","2"
"节度判官韩昭胤","1","1","2"
"陇州防御使相里","1","1","2"
"州防御使相里金","1","1","2"
"思同率诸镇兵围","2","0","2"
"蕃汉马步军都总","2","0","2"
"汉马步军都总管","2","0","2"
"愍帝遣王思同等","2","0","2"
"帝遣王思同等讨","2","0","2"
"北面行营马军都","1","1","2"
"面行营马军都指","1","1","2"
"行营马军都指挥","1","1","2"
"营马军都指挥使","1","1","2"
"团柏谷救张敬达","1","1","2"
"迁侍卫亲军马步","2","0","2"
"步军都指挥使一","1","1","2"
"军都指挥使一人","1","1","2"
"朝廷大将天子国","1","1","2"
"廷大将天子国兵","1","1","2"
"侍卫步军都虞候","1","1","2"
"中指挥使杨彦温","1","1","2"
"尚书郎萧希甫驳","1","1","2"
"尚书膳部员外郎","1","1","2"
"次节度判官卢质","1","1","2"
"养子郝继孙犯法","1","1","2"
"河中节度使李都","1","1","2"
"天雄军节度使掌","1","1","2"
"雄军节度使掌书","1","1","2"
"军节度使掌书记","1","1","2"
"见北京巡检符彦","1","1","2"
"北京巡检符彦超","1","1","2"
"梁开封尹袁象先","1","1","2"
"天成元年四月二","1","1","2"
"成元年四月二十","1","1","2"
"元年四月二十八","1","1","2"
"年四月二十八日","1","1","2"
"希甫召堂头直省","1","1","2"
"甫召堂头直省朝","1","1","2"
"召堂头直省朝堂","1","1","2"
"堂头直省朝堂驱","1","1","2"
"头直省朝堂驱使","1","1","2"
"直省朝堂驱使官","1","1","2"
"河南府判官司徒","1","1","2"
"河阳节度掌书记","1","1","2"
"内客省使李彦韬","1","1","2"
"端明殿学士冯玉","1","1","2"
"耶律德光犯京师","2","0","2"
"晋高祖六军副使","2","0","2"
"侍卫马步军都虞","1","1","2"
"卫马步军都虞候","1","1","2"
"供奉官张晖奉表","1","1","2"
"武宁军节度副使","1","1","2"
"州捕贼使者张令","1","1","2"
"捕贼使者张令柔","1","1","2"
"卫州刺史叶仁鲁","1","1","2"
"逢吉权知枢密院","1","1","2"
"司天夏官正王处","1","1","2"
"天夏官正王处讷","1","1","2"
"侍卫孔目官解晖","1","1","2"
"卫孔目官解晖狡","1","1","2"
"三年冬十月十三","1","1","2"
"年冬十月十三日","1","1","2"
"史弘肇等同日见","2","0","2"
"弘肇等同日见杀","2","0","2"
"隐帝召司天赵延","1","1","2"
"士徐台符等二十","1","1","2"
"徐台符等二十人","1","1","2"
"御史中丞杨昭俭","1","1","2"
"管长短寸分设柱","1","1","2"
"汉高祖河东节度","2","0","2"
"仁诲大内都点检","2","0","2"
"行营先锋马军使","1","1","2"
"嗣昭昭义军节度","2","0","2"
"昭昭义军节度使","2","0","2"
"仁赡清淮军节度","2","0","2"
"赡清淮军节度使","2","0","2"
"遣元帅齐王景达","2","0","2"
"守将广陵冯延鲁","1","1","2"
"检校太尉中书令","2","0","2"
"魏博节度使杨师","1","1","2"
"博节度使杨师厚","1","1","2"
"迫节度使贺德伦","1","1","2"
"神武十军都指挥","1","1","2"
"武十军都指挥使","1","1","2"
"西面行营马步军","1","1","2"
"面行营马步军都","1","1","2"
"行营马步军都部","1","1","2"
"营马步军都部署","1","1","2"
"指挥使杨思权呼","1","1","2"
"河东马步军都指","1","1","2"
"东马步军都指挥","1","1","2"
"蕃汉马步军都部","1","1","2"
"汉马步军都部署","1","1","2"
"太原四面招讨使","1","1","2"
"汉龙捷都指挥使","1","1","2"
"迁龙捷右厢都指","1","1","2"
"龙捷右厢都指挥","1","1","2"
"供奉官安弘道押","1","1","2"
"卫军虞候韩通收","1","1","2"
"兵部侍郎王延等","1","1","2"
"深州司功参军李","1","1","2"
"书门下平章事张","1","1","2"
"门下平章事张文","1","1","2"
"下平章事张文蔚","1","1","2"
"魏黄初元年春二","1","1","2"
"黄初元年春二月","1","1","2"
"迁工部侍郎奉旨","2","0","2"
"欲空人国君子者","2","0","2"
"欲孤人主势蔽耳","2","0","2"
"孤人主势蔽耳目","2","0","2"
"人主势蔽耳目者","2","0","2"
"晋汾州刺史李瑭","1","1","2"
"节度副使李继珂","1","1","2"
"左厢马军都指挥","1","1","2"
"厢马军都指挥使","1","1","2"
"天雄军马步都指","1","1","2"
"雄军马步都指挥","1","1","2"
"军马步都指挥使","1","1","2"
"行营马步军都虞","1","1","2"
"营马步军都虞候","1","1","2"
"检校左散骑常侍","1","1","2"
"赠左武卫上将军","1","1","2"
"追风都团练使段","1","1","2"
"风都团练使段亮","1","1","2"
"寇都团练使马珂","1","1","2"
"都团练使马珂等","1","1","2"
"供奉官杜廷隐监","1","1","2"
"徙宣义军节度使","2","0","2"
"制置内闲厩宫苑","1","1","2"
"置内闲厩宫苑等","1","1","2"
"内闲厩宫苑等使","1","1","2"
"后院中军都知兵","1","1","2"
"院中军都知兵马","1","1","2"
"中军都知兵马使","1","1","2"
"龙泉镇将杜弘寿","1","1","2"
"杨光远行营中军","1","1","2"
"光远行营中军使","1","1","2"
"逐节度使卢彦威","1","1","2"
"太原少尹李承勋","1","1","2"
"彦雄等七人送梁","2","0","2"
"梁太祖初镇宣武","2","0","2"
"义昌三节度行军","1","1","2"
"昌三节度行军司","1","1","2"
"三节度行军司马","1","1","2"
"青州节度使王敬","1","1","2"
"州节度使王敬武","1","1","2"
"郓州节度使薛崇","1","1","2"
"郓州马步军都指","1","1","2"
"沂州刺史尹处宾","1","1","2"
"东南诸道行营副","1","1","2"
"南诸道行营副都","1","1","2"
"诸道行营副都统","1","1","2"
"润州徐知诰闻乱","2","0","2"
"平卢节度使安师","1","1","2"
"卢节度使安师儒","1","1","2"
"太子少师崔安潜","1","1","2"
"潞州节度使高浔","1","1","2"
"唐昭义军节度使","2","0","2"
"贺瑰北面行营招","2","0","2"
"瑰北面行营招讨","2","0","2"
"迁宣武军节度使","1","1","2"
"忠武军马步军都","1","1","2"
"武军马步军都虞","1","1","2"
"军马步军都虞候","1","1","2"
"占天下良田大宅","1","1","2"
"镇州张文礼杀王","1","1","2"
"州张文礼杀王镕","1","1","2"
"官郄文晏等二十","1","1","2"
"夫人裴正一开门","1","1","2"
"人裴正一开门问","1","1","2"
"龙武牙官史太杀","1","1","2"
"唐司空裴璩判度","1","1","2"
"司空裴璩判度支","1","1","2"
"郓等州供军院使","1","1","2"
"扶倾济难忠烈功","1","1","2"
"倾济难忠烈功臣","1","1","2"
"枢密使蒋玄晖等","1","1","2"
"迁平卢军节度使","1","1","2"
"捉生都指挥使张","1","1","2"
"生都指挥使张温","1","1","2"
"左右先锋指挥使","1","1","2"
"延孝见梁末帝任","1","1","2"
"先锋排阵斩斫使","1","1","2"
"忠武陕虢郑滑河","1","1","2"
"武陕虢郑滑河阳","1","1","2"
"陕虢郑滑河阳节","1","1","2"
"虢郑滑河阳节度","1","1","2"
"郑滑河阳节度使","1","1","2"
"天下兵马副元帅","1","1","2"
"梁兵西攻李茂贞","1","1","2"
"宣武军内外马步","1","1","2"
"武军内外马步军","1","1","2"
"军内外马步军都","1","1","2"
"内外马步军都指","1","1","2"
"外马步军都指挥","1","1","2"
"相州刺史李思安","1","1","2"
"山南节度使王班","1","1","2"
"拱辰左厢都指挥","1","1","2"
"辰左厢都指挥使","1","1","2"
"龙武右厢都指挥","1","1","2"
"武右厢都指挥使","1","1","2"
"河中行营排阵使","1","1","2"
"三白渠营田制置","1","1","2"
"白渠营田制置使","1","1","2"
"迁左骁卫大将军","1","1","2"
"山后八军巡检使","1","1","2"
"卢龙军行军司马","1","1","2"
"太原四面步军都","1","1","2"
"原四面步军都指","1","1","2"
"四面步军都指挥","1","1","2"
"面步军都指挥使","1","1","2"
"帐前黄甲二十指","1","1","2"
"前黄甲二十指挥","1","1","2"
"黄甲二十指挥步","1","1","2"
"甲二十指挥步军","1","1","2"
"二十指挥步军都","1","1","2"
"十指挥步军都虞","1","1","2"
"指挥步军都虞候","1","1","2"
"魏博三城巡检使","1","1","2"
"杜重威讨安重荣","2","0","2"
"马军右厢排阵使","1","1","2"
"北面行营都监张","1","1","2"
"杜重威都招讨使","2","0","2"
"马军右厢都指挥","1","1","2"
"军右厢都指挥使","1","1","2"
"高祖保义军节度","2","0","2"
"祖保义军节度使","2","0","2"
"延州节度使杨汉","1","1","2"
"州节度使杨汉章","1","1","2"
"节度使杨汉章发","1","1","2"
"度使杨汉章发乡","1","1","2"
"使杨汉章发乡民","1","1","2"
"杨汉章发乡民赴","1","1","2"
"汉章发乡民赴京","1","1","2"
"章发乡民赴京师","1","1","2"
"行军司马冯知兆","1","1","2"
"左都押衙明汉荣","1","1","2"
"控鹤右第一军使","1","1","2"
"北京步军都指挥","1","1","2"
"京步军都指挥使","1","1","2"
"右羽林都指挥使","1","1","2"
"卫指挥使尹晖攻","1","1","2"
"成德军节度使石","1","1","2"
"德军节度使石敬","1","1","2"
"弓箭库使沙守荣","1","1","2"
"北面转运使马绍","1","1","2"
"面转运使马绍宏","1","1","2"
"杨光远讨范延光","2","0","2"
"光远讨范延光魏","2","0","2"
"远讨范延光魏州","2","0","2"
"幽州节度使李匡","1","1","2"
"州节度使李匡威","1","1","2"
"朔忻岚三州刺史","1","1","2"
"襄州行营都部署","1","1","2"
"北面行营应援使","1","1","2"
"侍卫亲军指挥使","1","1","2"
"奉国军都指挥使","1","1","2"
"虎捷右厢都指挥","1","1","2"
"方谏义武军节度","2","0","2"
"谏义武军节度使","2","0","2"
"契丹高牟翰诈瀛","2","0","2"
"丹高牟翰诈瀛州","2","0","2"
"高牟翰诈瀛州降","2","0","2"
"重威北面行营招","2","0","2"
"谏议大夫郑受益","1","1","2"
"尚书刑部郎中李","1","1","2"
"书刑部郎中李涛","1","1","2"
"史中丞王易简率","1","1","2"
"左龙武军大将军","1","1","2"
"大内都点检康福","1","1","2"
"内都点检康福全","1","1","2"
"控鹤指挥使李筠","1","1","2"
"岂两天子相见道","2","0","2"
"两天子相见道路","2","0","2"
"天子相见道路邪","2","0","2"
"永兴副使安友规","1","1","2"
"翰林学士鲁崇谅","1","1","2"
"卫步军指挥使曹","1","1","2"
"步军指挥使曹英","1","1","2"
"见唐太宗平定天","1","1","2"
"唐太宗平定天下","1","1","2"
"枢密使安重诲专","1","1","2"
"密使安重诲专权","1","1","2"
"前乡贡进士李琪","1","1","2"
"沧州节度使卢彦","1","1","2"
"州节度使卢彦威","1","1","2"
"居俭故事礼仪使","2","0","2"
"明宗问宰相赵凤","1","1","2"
"礼部尚书萧顷等","1","1","2"
"权知天福二年贡","1","1","2"
"知天福二年贡举","1","1","2"
"礼部侍郎张允等","1","1","2"
"梁义成军节度使","1","1","2"
"义成军节度使贺","1","1","2"
"昭宣光烈孝皇帝","1","1","2"
"横海军节度判官","1","1","2"
"问枢密直学士薛","1","1","2"
"枢密直学士薛文","1","1","2"
"密直学士薛文遇","1","1","2"
"诵戎昱社稷依明","1","1","2"
"戎昱社稷依明主","1","1","2"
"称清海军掌书记","1","1","2"
"宰相王峻监修国","1","1","2"
"相王峻监修国史","1","1","2"
"平卢军行军司马","1","1","2"
"晋高祖河东节度","1","1","2"
"二十四考中书令","1","1","2"
"都官郎中充翰林","1","1","2"
"官郎中充翰林学","1","1","2"
"郎中充翰林学士","1","1","2"
"晋高祖初定雅乐","1","1","2"
"右散骑常侍陆崇","1","1","2"
"吏部尚书卢文纪","1","1","2"
"唐天宝十四载乙","1","1","2"
"天宝十四载乙未","1","1","2"
"八营都知兵马使","1","1","2"
"刺史郎幼复弃城","1","1","2"
"江淮宣谕使李俨","1","1","2"
"东面诸道行营都","1","1","2"
"面诸道行营都统","1","1","2"
"右衙指挥使徐温","1","1","2"
"衙指挥使徐温私","1","1","2"
"判官周隐作符召","1","1","2"
"左衙都指挥使张","1","1","2"
"衙都指挥使张颢","1","1","2"
"行军副使李承嗣","1","1","2"
"谏议大夫薛昭文","1","1","2"
"睿圣文明孝皇帝","1","1","2"
"镇海军节度副使","1","1","2"
"睿圣文明光孝应","1","1","2"
"圣文明光孝应天","1","1","2"
"文明光孝应天弘","1","1","2"
"明光孝应天弘道","1","1","2"
"光孝应天弘道广","1","1","2"
"孝应天弘道广德","1","1","2"
"应天弘道广德皇","1","1","2"
"天弘道广德皇帝","1","1","2"
"周先锋都部署刘","1","1","2"
"先锋都部署刘重","1","1","2"
"锋都部署刘重进","1","1","2"
"功迁右衙指挥使","1","1","2"
"右仆射同平章事","2","0","2"
"奔庐州节度使周","1","1","2"
"庐州节度使周本","1","1","2"
"晋安州节度使李","1","1","2"
"安州节度使李金","1","1","2"
"鄂州屯营使李承","1","1","2"
"州屯营使李承裕","1","1","2"
"屯营使李承裕迎","1","1","2"
"光文肃武孝高皇","1","1","2"
"文肃武孝高皇帝","1","1","2"
"洪州营屯虞候严","1","1","2"
"州营屯虞候严思","1","1","2"
"通事舍人边镐率","1","1","2"
"事舍人边镐率兵","1","1","2"
"舍人边镐率兵攻","1","1","2"
"侍卫军都虞候贾","1","1","2"
"卫军都虞候贾崇","1","1","2"
"延政遣子继昌守","2","0","2"
"政遣子继昌守福","2","0","2"
"遣子继昌守福州","2","0","2"
"御史中丞江文蔚","1","1","2"
"润州节度使李金","1","1","2"
"北面行营招抚使","1","1","2"
"请建州节度使查","1","1","2"
"建州节度使查文","1","1","2"
"州节度使查文徽","1","1","2"
"信州刺史边镐攻","1","1","2"
"尽迁马氏族金陵","2","0","2"
"希崇舒州节度使","2","0","2"
"都副留守冯延鲁","1","1","2"
"文理院学士李德","1","1","2"
"理院学士李德明","1","1","2"
"院学士李德明奉","1","1","2"
"学士李德明奉表","1","1","2"
"蜡丸书走契丹求","2","0","2"
"光州刺史张承翰","1","1","2"
"礼部尚书王崇质","1","1","2"
"礼部尚书常梦锡","1","1","2"
"明道崇德文宣孝","1","1","2"
"道崇德文宣孝皇","1","1","2"
"崇德文宣孝皇帝","1","1","2"
"中书侍郎冯延鲁","1","1","2"
"赠开府仪同三司","1","1","2"
"内史舍人潘佑上","1","1","2"
"史舍人潘佑上书","1","1","2"
"舍人潘佑上书极","1","1","2"
"属十军观军容使","1","1","2"
"十军观军容使田","1","1","2"
"军观军容使田令","1","1","2"
"观军容使田令孜","1","1","2"
"西川节度使陈敬","1","1","2"
"利州刺史王珙弃","1","1","2"
"州刺史王珙弃城","1","1","2"
"眉州刺史山行章","1","1","2"
"左谏议大夫李洵","1","1","2"
"招讨牙内都指挥","1","1","2"
"讨牙内都指挥使","1","1","2"
"黔南节度使王肇","1","1","2"
"判官韦庄宣谕两","1","1","2"
"官韦庄宣谕两川","1","1","2"
"武定节度使拓拔","1","1","2"
"定节度使拓拔思","1","1","2"
"节度使拓拔思敬","1","1","2"
"英武睿圣光孝皇","1","1","2"
"武睿圣光孝皇帝","1","1","2"
"道士广成先生杜","1","1","2"
"士广成先生杜光","1","1","2"
"广成先生杜光庭","1","1","2"
"翰林学士毛文锡","1","1","2"
"喻全殊率天武兵","1","1","2"
"清资五品正员官","1","1","2"
"内枢密使毛文锡","1","1","2"
"神武圣文孝德明","1","1","2"
"武圣文孝德明惠","1","1","2"
"圣文孝德明惠皇","1","1","2"
"文孝德明惠皇帝","1","1","2"
"正殿塑玄元皇帝","1","1","2"
"保义军行军司马","1","1","2"
"知祥迁马步军都","1","1","2"
"祥迁马步军都虞","1","1","2"
"迁马步军都虞候","1","1","2"
"同光四年正月戊","1","1","2"
"光四年正月戊辰","1","1","2"
"毛重威率兵三千","1","1","2"
"明宗改封琼华公","1","1","2"
"宗改封琼华公主","1","1","2"
"天雄军节度使石","1","1","2"
"雄军节度使石敬","1","1","2"
"仁罕武信军留后","2","0","2"
"李仁罕进攻夔州","1","1","2"
"刺史安崇阮弃城","1","1","2"
"西川进奏官苏愿","1","1","2"
"进奉军将杜绍本","1","1","2"
"奉军将杜绍本西","1","1","2"
"军将杜绍本西归","1","1","2"
"赵廷隐率兵三万","1","1","2"
"唐枢密使范延光","1","1","2"
"工部尚书卢文纪","1","1","2"
"部尚书卢文纪册","1","1","2"
"尚书卢文纪册封","1","1","2"
"南西道节度使张","1","1","2"
"西道节度使张虔","1","1","2"
"道节度使张虔钊","1","1","2"
"武定军节度使孙","1","1","2"
"定军节度使孙汉","1","1","2"
"军节度使孙汉韶","1","1","2"
"文武圣德英烈明","1","1","2"
"武圣德英烈明孝","1","1","2"
"圣德英烈明孝皇","1","1","2"
"德英烈明孝皇帝","1","1","2"
"枢密副使韩保贞","1","1","2"
"匡圣指挥使安思","1","1","2"
"圣指挥使安思谦","1","1","2"
"雄武军节度使何","1","1","2"
"武军节度使何建","1","1","2"
"守将高彦俦战败","1","1","2"
"高州刺史刘昌鲁","1","1","2"
"赐金锦袍虎绫纹","1","1","2"
"金锦袍虎绫纹攀","1","1","2"
"锦袍虎绫纹攀金","1","1","2"
"袍虎绫纹攀金装","1","1","2"
"虎绫纹攀金装刀","1","1","2"
"交州牙将皎公羡","1","1","2"
"州牙将皎公羡杀","1","1","2"
"巨舰指挥使暨彦","1","1","2"
"兵五万率溪洞蛮","1","1","2"
"文武光圣明孝皇","1","1","2"
"武光圣明孝皇帝","1","1","2"
"潭州刺史邓处讷","1","1","2"
"袁州刺史吕师周","1","1","2"
"廖光图等十八人","1","1","2"
"静江等军节度使","1","1","2"
"拓拔常等十八人","1","1","2"
"溪州刺史彭士愁","1","1","2"
"州刺史彭士愁率","1","1","2"
"南宁州酋长莫彦","1","1","2"
"宁州酋长莫彦殊","1","1","2"
"州酋长莫彦殊率","1","1","2"
"都云酋长尹怀昌","1","1","2"
"云酋长尹怀昌率","1","1","2"
"行军司马何景真","1","1","2"
"军司马何景真等","1","1","2"
"岳州刺史潘叔嗣","1","1","2"
"客将李简率武陵","1","1","2"
"将李简率武陵人","1","1","2"
"衡州刺史张文表","1","1","2"
"越州观察使刘汉","1","1","2"
"州观察使刘汉宏","1","1","2"
"六合镇将徐约攻","1","1","2"
"合镇将徐约攻取","1","1","2"
"镇将徐约攻取苏","1","1","2"
"将徐约攻取苏州","1","1","2"
"度支催勘官薛朗","1","1","2"
"武勇右都指挥使","1","1","2"
"勇右都指挥使徐","1","1","2"
"右都指挥使徐绾","1","1","2"
"天下兵马都元帅","1","1","2"
"杀内都监杜昭达","1","1","2"
"左谏议大夫尹日","1","1","2"
"谏议大夫尹日就","1","1","2"
"吏部郎中崔颂等","1","1","2"
"寿州人王绪攻陷","1","1","2"
"州人王绪攻陷固","1","1","2"
"人王绪攻陷固始","1","1","2"
"泉州刺史廖彦若","1","1","2"
"散骑常侍卢损册","1","1","2"
"兵部员外郎李知","1","1","2"
"部员外郎李知损","1","1","2"
"员外郎李知损上","1","1","2"
"外郎李知损上书","1","1","2"
"郎李知损上书请","1","1","2"
"继严判六军诸卫","1","1","2"
"严判六军诸卫事","1","1","2"
"控鹤都将连重遇","1","1","2"
"泉州刺史余廷英","1","1","2"
"谏议大夫郑元弼","1","1","2"
"校书郎陈光逸上","1","1","2"
"书郎陈光逸上书","1","1","2"
"重遇判六军诸卫","1","1","2"
"遇判六军诸卫事","1","1","2"
"人召李仁达入朝","1","1","2"
"南节度观察留后","1","1","2"
"峡路东南面招讨","1","1","2"
"路东南面招讨使","1","1","2"
"押衙刘知谦奉表","1","1","2"
"指挥使魏璘率兵","1","1","2"
"挥使魏璘率兵三","1","1","2"
"使魏璘率兵三千","1","1","2"
"继冲判内外兵马","1","1","2"
"周广顺元年正月","1","1","2"
"广顺元年正月戊","1","1","2"
"顺元年正月戊寅","1","1","2"
"契丹永康王兀欲","1","1","2"
"九龙十二稻玉带","1","1","2"
"萧禹厥率兵五万","1","1","2"
"兵五六万人号称","1","1","2"
"五六万人号称十","1","1","2"
"六万人号称十万","1","1","2"
"显德元年三月亲","1","1","2"
"昭义节度使李筠","1","1","2"
"供奉官侯霸荣率","1","1","2"
"库莫奚同类异种","1","1","2"
"炭山东南滦河上","1","1","2"
"长子人皇王突欲","1","1","2"
"立次子元帅太子","1","1","2"
"次子元帅太子耀","1","1","2"
"子元帅太子耀屈","1","1","2"
"飞胜指挥使安念","1","1","2"
"胜指挥使安念德","1","1","2"
"明宗斩秃馁等六","1","1","2"
"宗斩秃馁等六百","1","1","2"
"瑞慎等州观察处","1","1","2"
"慎等州观察处置","1","1","2"
"太原南面招讨使","1","1","2"
"置明殿学士一人","1","1","2"
"州镇多杀契丹守","1","1","2"
"镇多杀契丹守将","1","1","2"
"多杀契丹守将归","1","1","2"
"契丹阿保机强盛","1","1","2"
"绍威娶契丹女舍","1","1","2"
"威娶契丹女舍利","1","1","2"
"娶契丹女舍利逐","1","1","2"
"契丹耶律德光大","1","1","2"
"丹耶律德光大怒","1","1","2"
"供奉官张澄率兵","1","1","2"
"奉官张澄率兵搜","1","1","2"
"官张澄率兵搜索","1","1","2"
"宿州刺史薛敬忠","1","1","2"
"庆州刺史郭彦钦","1","1","2"
"州刺史郭彦钦贪","1","1","2"
"宁州刺史张建武","1","1","2"
"州刺史张建武等","1","1","2"
"吐蕃乘虚攻陷河","1","1","2"
"蕃乘虚攻陷河西","1","1","2"
"州兵二千五百人","1","1","2"
"兵二千五百人戍","1","1","2"
"泾州押牙陈延晖","1","1","2"
"凉州留后折逋嘉","1","1","2"
"州留后折逋嘉施","1","1","2"
"荐押衙副使崔虎","1","1","2"
"押衙副使崔虎心","1","1","2"
"沙州留后曹义金","1","1","2"
"瓜沙等州观察处","1","1","2"
"沙等州观察处置","1","1","2"
"监门卫上将军杨","1","1","2"
"门卫上将军杨沼","1","1","2"
"权知国事王仁裕","1","1","2"
"彰武军节度判官","1","1","2"
"武军节度判官高","1","1","2"
"军节度判官高居","1","1","2"
"节度判官高居诲","1","1","2"
"凉州西行五百里","1","1","2"
"京师九千五百里","1","1","2"
"广评侍郎韩申一","1","1","2"
"副使春部少卿朴","1","1","2"
"使春部少卿朴岩","1","1","2"
"尚书水部员外郎","1","1","2"
"书水部员外郎韩","1","1","2"
"水部员外郎韩彦","1","1","2"
"部员外郎韩彦卿","1","1","2"
"唐高祖时封金真","1","1","2"
"州山后两林百蛮","1","1","2"
"山后两林百蛮都","1","1","2"
"后两林百蛮都鬼","1","1","2"
"两林百蛮都鬼主","1","1","2"
"右武卫大将军李","1","1","2"
"武卫大将军李卑","1","1","2"
"卫大将军李卑晚","1","1","2"
"大鬼主傅能何华","1","1","2"
"大渡河南山前邛","1","1","2"
"渡河南山前邛州","1","1","2"
"河南山前邛州六","1","1","2"
"南山前邛州六姓","1","1","2"
"山前邛州六姓都","1","1","2"
"前邛州六姓都鬼","1","1","2"
"邛州六姓都鬼主","1","1","2"
"州六姓都鬼主怀","1","1","2"
"六姓都鬼主怀安","1","1","2"
"姓都鬼主怀安郡","1","1","2"
"都鬼主怀安郡王","1","1","2"
"鬼主怀安郡王勿","1","1","2"
"主怀安郡王勿定","1","1","2"
"清州八郡刺史宋","1","1","2"
"州八郡刺史宋朝","1","1","2"
"八郡刺史宋朝化","1","1","2"
"普露静王九部落","1","1","2"
"太原四面行营都","1","1","2"
"原四面行营都统","1","1","2"
"幽州刘仁恭攻魏","1","1","2"
"南东道节度使杨","1","1","2"
"东道节度使杨师","1","1","2"
"道节度使杨师厚","1","1","2"
"潞州四面行营招","1","1","2"
"州四面行营招讨","1","1","2"
"四面行营招讨使","1","1","2"
"翰林学士承旨工","1","1","2"
"林学士承旨工部","1","1","2"
"学士承旨工部侍","1","1","2"
"士承旨工部侍郎","1","1","2"
"承旨工部侍郎杜","1","1","2"
"旨工部侍郎杜晓","1","1","2"
"杀左散骑常侍孙","1","1","2"
"右谏议大夫张衍","1","1","2"
"东京马步军都指","1","1","2"
"武宁军节度使蒋","1","1","2"
"宁军节度使蒋殷","1","1","2"
"军节度使蒋殷反","1","1","2"
"天平军节度使牛","1","1","2"
"平军节度使牛存","1","1","2"
"军节度使牛存节","1","1","2"
"节度使牛存节讨","1","1","2"
"平卢军节度使贺","1","1","2"
"卢军节度使贺德","1","1","2"
"军节度使贺德伦","1","1","2"
"宣义军节度使贺","1","1","2"
"义军节度使贺瑰","1","1","2"
"天平军节度使戴","1","1","2"
"平军节度使戴思","1","1","2"
"北平王王处直奉","1","1","2"
"平王王处直奉册","1","1","2"
"王王处直奉册推","1","1","2"
"行台左丞相豆卢","1","1","2"
"台左丞相豆卢革","1","1","2"
"龙骧指挥军使姚","1","1","2"
"骧指挥军使姚彦","1","1","2"
"指挥军使姚彦温","1","1","2"
"凤翔节度使潞王","1","1","2"
"节度使石敬瑭反","1","1","2"
"建雄军节度使张","1","1","2"
"雄军节度使张敬","1","1","2"
"军节度使张敬达","1","1","2"
"太原四面都招讨","1","1","2"
"原四面都招讨使","1","1","2"
"义武军节度使杨","1","1","2"
"武军节度使杨光","1","1","2"
"冯道大行皇帝山","2","0","2"
"道大行皇帝山陵","2","0","2"
"门下侍郎窦贞固","1","1","2"
"天平军节度使景","1","1","2"
"平军节度使景延","1","1","2"
"军节度使景延广","1","1","2"
"义成军节度使李","1","1","2"
"成军节度使李守","1","1","2"
"军节度使李守贞","1","1","2"
"彰德军节度使郭","1","1","2"
"德军节度使郭谨","1","1","2"
"进钱粟助作山陵","1","1","2"
"晋昌军节度使桑","1","1","2"
"昌军节度使桑维","1","1","2"
"军节度使桑维翰","1","1","2"
"平卢军节度使杨","1","1","2"
"卢军节度使杨光","1","1","2"
"节度使杨光远反","1","1","2"
"淄州刺史翟进宗","1","1","2"
"州刺史翟进宗死","1","1","2"
"横海军节度使田","1","1","2"
"海军节度使田武","1","1","2"
"东北面行营都部","1","1","2"
"磁州贼首梁晖取","1","1","2"
"州贼首梁晖取相","1","1","2"
"贼首梁晖取相州","1","1","2"
"河东节度判官苏","1","1","2"
"东节度判官苏逢","1","1","2"
"节度判官苏逢吉","1","1","2"
"高祖湍谥曰明元","1","1","2"
"吏部尚书窦贞固","1","1","2"
"部尚书窦贞固守","1","1","2"
"尚书窦贞固守司","1","1","2"
"书窦贞固守司空","1","1","2"
"镇宁军节度使李","1","1","2"
"宁军节度使李弘","1","1","2"
"军节度使李弘义","1","1","2"
"节度使李弘义杀","1","1","2"
"度使李弘义杀侍","1","1","2"
"使李弘义杀侍卫","1","1","2"
"李弘义杀侍卫步","1","1","2"
"弘义杀侍卫步军","1","1","2"
"义杀侍卫步军指","1","1","2"
"杀侍卫步军指挥","1","1","2"
"卫步军指挥使王","1","1","2"
"步军指挥使王殷","1","1","2"
"侍卫马军指挥使","1","1","2"
"卫马军指挥使郭","1","1","2"
"马军指挥使郭崇","1","1","2"
"军指挥使郭崇杀","1","1","2"
"指挥使郭崇杀威","1","1","2"
"祖妣张氏谥曰睿","1","1","2"
"妣张氏谥曰睿恭","1","1","2"
"左监门卫大将军","1","1","2"
"天雄军牙内都指","1","1","2"
"雄军牙内都指挥","1","1","2"
"军牙内都指挥使","1","1","2"
"兵部尚书张昭卤","2","0","2"
"部尚书张昭卤簿","2","0","2"
"尚书张昭卤簿使","2","0","2"
"开封少尹权判府","1","1","2"
"封少尹权判府事","1","1","2"
"少尹权判府事王","1","1","2"
"尹权判府事王敏","1","1","2"
"左散骑常侍王朴","1","1","2"
"御史中丞边归谠","1","1","2"
"判开封府事昝居","1","1","2"
"开封府事昝居润","1","1","2"
"怀州龙骧军三千","1","1","2"
"太祖外孙袁象先","1","1","2"
"驸马都尉赵岩等","1","1","2"
"成德军节度判官","1","1","2"
"唐深州录事参军","1","1","2"
"奉超赠左监门卫","1","1","2"
"超赠左监门卫将","1","1","2"
"特进左卫上将军","1","1","2"
"蕃汉马步军指挥","1","1","2"
"汉马步军指挥使","1","1","2"
"汴州马步军都指","1","1","2"
"累迁彰圣都指挥","1","1","2"
"迁彰圣都指挥使","1","1","2"
"天雄军步军都指","1","1","2"
"雄军步军都指挥","1","1","2"
"彰圣马军都指挥","1","1","2"
"圣马军都指挥使","1","1","2"
"迁武宁军节度使","1","1","2"
"左卫大将军内客","1","1","2"
"卫大将军内客省","1","1","2"
"大将军内客省使","1","1","2"
"北面行营副招讨","1","1","2"
"面行营副招讨使","1","1","2"
"奉国右厢都指挥","1","1","2"
"国右厢都指挥使","1","1","2"
"书门下平章事杨","1","1","2"
"门下平章事杨涉","1","1","2"
"事召监军张居翰","1","1","2"
"山南节度使刘巨","1","1","2"
"南节度使刘巨容","1","1","2"
"节度使刘巨容表","1","1","2"
"南面招讨指挥使","1","1","2"
"剑南两川安抚使","1","1","2"
"功迁羽林都指挥","1","1","2"
"迁羽林都指挥使","1","1","2"
"申怀沂三州刺史","1","1","2"
"陇绛四州防御团","1","1","2"
"绛四州防御团练","1","1","2"
"四州防御团练使","1","1","2"
"博单郢沂四州刺","1","1","2"
"单郢沂四州刺史","1","1","2"
"河中节度使赵赞","1","1","2"
"改升州大都督府","1","1","2"
"门下侍郎张居咏","1","1","2"
"中书侍郎李建勋","1","1","2"
"右仆射张延翰同","1","1","2"
"仆射张延翰同平","1","1","2"
"射张延翰同平章","1","1","2"
"张延翰同平章事","1","1","2"
"破虔州妖贼张遇","1","1","2"
"虔州妖贼张遇贤","1","1","2"
"川节度副大使知","1","1","2"
"节度副大使知节","1","1","2"
"度副大使知节度","1","1","2"
"副大使知节度事","1","1","2"
"云南八国招抚等","1","1","2"
"南八国招抚等使","1","1","2"
"英武睿圣神功文","1","1","2"
"武睿圣神功文德","1","1","2"
"睿圣神功文德光","1","1","2"
"圣神功文德光孝","1","1","2"
"神功文德光孝皇","1","1","2"
"功文德光孝皇帝","1","1","2"
"黔南节度使王宗","1","1","2"
"南节度使王宗训","1","1","2"
"西山八国云南安","1","1","2"
"山八国云南安抚","1","1","2"
"八国云南安抚制","1","1","2"
"国云南安抚制置","1","1","2"
"云南安抚制置等","1","1","2"
"南安抚制置等使","1","1","2"
"鄂四面行营都统","1","1","2"
"宣润等道四面行","1","1","2"
"润等道四面行营","1","1","2"
"等道四面行营都","1","1","2"
"道四面行营都统","1","1","2"
"福建观察使陈岩","1","1","2"
"建观察使陈岩表","1","1","2"
"晋高祖追封突欲","1","1","2"
"保大军节度使田","1","1","2"
"大军节度使田景","1","1","2"
"军节度使田景咸","1","1","2"
"右神武统军李洪","1","1","2"
"神武统军李洪信","1","1","2"
"前凤翔节度使王","1","1","2"
"凤翔节度使王晏","1","1","2"
"侍卫亲军马步都","1","1","2"
"卫亲军马步都虞","1","1","2"
"亲军马步都虞候","1","1","2"
"军马步都虞候韩","1","1","2"
"马步都虞候韩通","1","1","2"
"幽州东北数百里","1","1","2"
"黔州西南三千里","1","1","2"
"州西南三千里外","1","1","2"
"潞州行营都指挥","1","1","2"
"州行营都指挥使","1","1","2"
"行营都指挥使李","1","1","2"
"营都指挥使李思","1","1","2"
"都指挥使李思安","1","1","2"
"耀州温昭图叛岐","1","1","2"
"捉生都将张温叛","1","1","2"
"庄宗光圣神闵孝","1","1","2"
"宗光圣神闵孝皇","1","1","2"
"光圣神闵孝皇帝","1","1","2"
"宁四面行营都统","1","1","2"
"慈州刺史宋令询","1","1","2"
"州刺史宋令询死","1","1","2"
"博州刺史周儒叛","1","1","2"
"州刺史周儒叛降","1","1","2"
"刺史周儒叛降契","1","1","2"
"史周儒叛降契丹","1","1","2"
"前军都虞候李守","1","1","2"
"军都虞候李守贞","1","1","2"
"北面行营都虞候","1","1","2"
"面行营都虞候马","1","1","2"
"行营都虞候马全","1","1","2"
"营都虞候马全节","1","1","2"
"代州刺史白文珂","1","1","2"
"易州戍将孙方谏","1","1","2"
"奉国都指挥使王","1","1","2"
"国都指挥使王清","1","1","2"
"高祖睿文圣武昭","1","1","2"
"祖睿文圣武昭肃","1","1","2"
"睿文圣武昭肃孝","1","1","2"
"文圣武昭肃孝皇","1","1","2"
"圣武昭肃孝皇帝","1","1","2"
"蕃汉兵马都孔目","1","1","2"
"汉兵马都孔目官","1","1","2"
"兵马都孔目官郭","1","1","2"
"马都孔目官郭威","1","1","2"
"都孔目官郭威权","1","1","2"
"孔目官郭威权枢","1","1","2"
"目官郭威权枢密","1","1","2"
"官郭威权枢密副","1","1","2"
"郭威权枢密副使","1","1","2"
"祖妣杨氏谥曰恭","1","1","2"
"妣杨氏谥曰恭惠","1","1","2"
"祖妣李氏谥曰昭","1","1","2"
"妣李氏谥曰昭穆","1","1","2"
"妣安氏谥曰章懿","1","1","2"
"太祖圣神恭肃文","1","1","2"
"祖圣神恭肃文武","1","1","2"
"潞州留后李继韬","1","1","2"
"州留后李继韬募","1","1","2"
"留后李继韬募勇","1","1","2"
"义成军节度使宋","1","1","2"
"成军节度使宋延","1","1","2"
"军节度使宋延渥","1","1","2"
"节度使宋延渥叛","1","1","2"
"度使宋延渥叛汉","1","1","2"
"契丹卢台军使张","1","1","2"
"丹卢台军使张藏","1","1","2"
"卢台军使张藏英","1","1","2"
"群臣上尊号曰圣","1","1","2"
"臣上尊号曰圣明","1","1","2"
"上尊号曰圣明文","1","1","2"
"尊号曰圣明文武","1","1","2"
"号曰圣明文武仁","1","1","2"
"曰圣明文武仁德","1","1","2"
"圣明文武仁德皇","1","1","2"
"明文武仁德皇帝","1","1","2"
"世宗睿武孝文皇","1","1","2"
"宗睿武孝文皇帝","1","1","2"
"杀左羽林大将军","1","1","2"
"左羽林大将军孟","1","1","2"
"羽林大将军孟汉","1","1","2"
"林大将军孟汉卿","1","1","2"
"宣徽南院使向训","1","1","2"
"凤翔节度使王景","1","1","2"
"翔节度使王景伐","1","1","2"
"节度使王景伐蜀","1","1","2"
"亲军都指挥使李","1","1","2"
"军都指挥使李重","1","1","2"
"都指挥使李重进","1","1","2"
"世宗第四子宗训","1","1","2"
"葬睿武孝文皇帝","1","1","2"
"河阳节度使夏鲁","1","1","2"
"阳节度使夏鲁奇","1","1","2"
"节度使夏鲁奇同","1","1","2"
"度使夏鲁奇同姓","1","1","2"
"后嫁契丹突欲李","1","1","2"
"嫁契丹突欲李赞","1","1","2"
"契丹突欲李赞华","1","1","2"
"益权知南朝军国","1","1","2"
"权知南朝军国事","1","1","2"
"召侍卫指挥使康","1","1","2"
"侍卫指挥使康义","1","1","2"
"卫指挥使康义诚","1","1","2"
"左厢马步军都指","1","1","2"
"厢马步军都指挥","1","1","2"
"步军都指挥使董","1","1","2"
"军都指挥使董璋","1","1","2"
"右散骑常侍孔昭","1","1","2"
"散骑常侍孔昭序","1","1","2"
"骑常侍孔昭序建","1","1","2"
"军队分成两部分","0","2","2"
"唐僖宗任命朱全","0","2","2"
"僖宗任命朱全忠","0","2","2"
"宗任命朱全忠为","0","2","2"
"派使臣来赐给朱","0","2","2"
"使臣来赐给朱全","0","2","2"
"臣来赐给朱全忠","0","2","2"
"罗弘信为节度使","0","2","2"
"申丛捉住秦宗权","0","2","2"
"不得已而同意了","0","2","2"
"唐天子逃奔华州","0","2","2"
"唐天子任命王兼","0","2","2"
"天子任命王兼任","0","2","2"
"十一月二十七日","0","2","2"
"刘仁恭向晋求救","0","2","2"
"年正月二十五日","0","2","2"
"任命平卢军节度","0","2","2"
"命平卢军节度使","0","2","2"
"契丹阿保机派使","0","2","2"
"丹阿保机派使者","0","2","2"
"阿保机派使者来","0","2","2"
"延州高万兴背叛","0","2","2"
"为西路行营招讨","0","2","2"
"王景仁为北面行","0","2","2"
"景仁为北面行营","0","2","2"
"仁为北面行营招","0","2","2"
"进行大规模阅兵","0","2","2"
"命张宗留守西都","0","2","2"
"在枣强进行大屠","0","2","2"
"枣强进行大屠杀","0","2","2"
"军节度使刘寻阝","0","2","2"
"为兖州安抚制置","0","2","2"
"兖州安抚制置使","0","2","2"
"彦威为北面行营","0","2","2"
"河中节度使朱友","0","2","2"
"中节度使朱友谦","0","2","2"
"朱友谦袭击同州","0","2","2"
"雁门以北行营节","0","2","2"
"门以北行营节度","0","2","2"
"以北行营节度使","0","2","2"
"张浚为太原四面","0","2","2"
"浚为太原四面行","0","2","2"
"为太原四面行营","0","2","2"
"检校太师兼中书","0","2","2"
"校太师兼中书令","0","2","2"
"在柏乡大败梁军","0","2","2"
"任卢龙军节度使","0","2","2"
"为莱州司户参军","0","2","2"
"罗国王金朴英派","0","2","2"
"国王金朴英派使","0","2","2"
"从河阳回到京城","0","2","2"
"陈俊为景州刺史","0","2","2"
"储德源为宪州刺","0","2","2"
"德源为宪州刺史","0","2","2"
"仁美为英义可汗","0","2","2"
"郭崇韬为招讨使","0","2","2"
"二十四日才回京","0","2","2"
"即皇帝位于柩前","0","2","2"
"任河阳三城节度","0","2","2"
"京城巡检使安从","0","2","2"
"城巡检使安从进","0","2","2"
"明宗讨伐赵在礼","0","2","2"
"珂为河中节度使","0","2","2"
"叛变投降石敬瑭","0","2","2"
"张令昭驱逐节度","0","2","2"
"令昭驱逐节度使","0","2","2"
"昭驱逐节度使刘","0","2","2"
"驱逐节度使刘延","0","2","2"
"君臣之间的关系","0","2","2"
"他为金紫光禄大","0","2","2"
"为金紫光禄大夫","0","2","2"
"马在相州的西山","0","2","2"
"在相州的西山祭","0","2","2"
"相州的西山祭亡","0","2","2"
"州的西山祭亡灵","0","2","2"
"丹使者梅里来京","0","2","2"
"景延广为御营使","0","2","2"
"派董殷出使契丹","0","2","2"
"奉国军在京城附","0","2","2"
"国军在京城附近","0","2","2"
"军在京城附近捕","0","2","2"
"在京城附近捕蝗","0","2","2"
"高行周为北面行","0","2","2"
"行周为北面行营","0","2","2"
"周为北面行营都","0","2","2"
"为北面行营都部","0","2","2"
"从澶州回到京城","0","2","2"
"桑维翰为中书令","0","2","2"
"守司空兼门下侍","0","2","2"
"杜重威为都招讨","0","2","2"
"重威为都招讨使","0","2","2"
"为北面行营副都","0","2","2"
"在皇城门外射兔","0","2","2"
"任命杜重威为北","0","2","2"
"命杜重威为北面","0","2","2"
"领归德军节度使","0","2","2"
"派尚书左丞田敏","0","2","2"
"尚书左丞田敏出","0","2","2"
"书左丞田敏出使","0","2","2"
"左丞田敏出使契","0","2","2"
"丞田敏出使契丹","0","2","2"
"使郑仁诲为枢密","0","2","2"
"流放罪以下囚犯","0","2","2"
"为淮南道行营都","0","2","2"
"派来的使臣孙晟","0","2","2"
"封彭城郡夫人刘","0","2","2"
"城郡夫人刘氏为","0","2","2"
"郡夫人刘氏为皇","0","2","2"
"请求留下郭崇韬","0","2","2"
"求留下郭崇韬镇","0","2","2"
"留下郭崇韬镇守","0","2","2"
"下郭崇韬镇守蜀","0","2","2"
"的儿子在秦王府","0","2","2"
"指挥使朱弘实率","0","2","2"
"王镕被张文礼杀","0","2","2"
"镕被张文礼杀死","0","2","2"
"有美色而又贤惠","0","2","2"
"在太原事奉汉高","0","2","2"
"太原事奉汉高祖","0","2","2"
"周世宗在高平打","0","2","2"
"世宗在高平打败","0","2","2"
"跟随赵王王镕任","0","2","2"
"他们的母亲是谁","0","2","2"
"事情的轻重来处","0","2","2"
"情的轻重来处理","0","2","2"
"任左监门卫将军","0","2","2"
"都不知道他们的","0","2","2"
"为左领军卫大将","0","2","2"
"左领军卫大将军","0","2","2"
"祖在魏州起兵时","0","2","2"
"梁太祖高兴地说","0","2","2"
"康怀英驱走他们","0","2","2"
"表奏为宿州刺史","0","2","2"
"梁太祖任命康怀","0","2","2"
"太祖任命康怀英","0","2","2"
"祖任命康怀英为","0","2","2"
"任命他为右卫上","0","2","2"
"命他为右卫上将","0","2","2"
"他为右卫上将军","0","2","2"
"朱友谦反叛依附","0","2","2"
"友谦反叛依附晋","0","2","2"
"棣州刺史张蟾反","0","2","2"
"州刺史张蟾反叛","0","2","2"
"梁太祖向西进攻","0","2","2"
"太祖向西进攻凤","0","2","2"
"祖向西进攻凤翔","0","2","2"
"色衣服骑着驴子","0","2","2"
"黄泽关袭击太原","0","2","2"
"不能前进而返回","0","2","2"
"唐庄宗和将领们","0","2","2"
"梁末帝任命刘郡","0","2","2"
"末帝任命刘郡为","0","2","2"
"的军队多次被打","0","2","2"
"刘遂雍任西京副","0","2","2"
"遂雍任西京副留","0","2","2"
"雍任西京副留守","0","2","2"
"刘遂雍关闭城门","0","2","2"
"遂雍关闭城门不","0","2","2"
"雍关闭城门不让","0","2","2"
"将领们都不想去","0","2","2"
"书门下平章事头","0","2","2"
"门下平章事头衔","0","2","2"
"拜为镇国军节度","0","2","2"
"庞师古进攻杨行","0","2","2"
"师古进攻杨行密","0","2","2"
"唐昭宗迁都洛阳","0","2","2"
"太祖任命他为宣","0","2","2"
"祖任命他为宣武","0","2","2"
"杨师厚进攻剂南","0","2","2"
"燕王刘守光向梁","0","2","2"
"王刘守光向梁请","0","2","2"
"刘守光向梁请求","0","2","2"
"事情无论大小都","0","2","2"
"任命王景仁为北","0","2","2"
"命王景仁为北面","0","2","2"
"等人的军队讨伐","0","2","2"
"梁太祖急忙命令","0","2","2"
"等人率兵一万人","0","2","2"
"在黄河两岸修筑","0","2","2"
"跟随梁太祖攻破","0","2","2"
"太祖派王虔裕率","0","2","2"
"老朋友的子弟说","0","2","2"
"没有人能代替你","0","2","2"
"都投降迎接他们","0","2","2"
"王衍的弟弟王宗","0","2","2"
"衍的弟弟王宗弼","0","2","2"
"王宗弼把王衍迁","0","2","2"
"没收他们的家产","0","2","2"
"年轻时跟随唐明","0","2","2"
"轻时跟随唐明宗","0","2","2"
"在魏州发动兵变","0","2","2"
"坚决推辞不接受","0","2","2"
"辅助帝王创业的","0","2","2"
"一孔之见的计虑","0","2","2"
"是灾祸产生的根","0","2","2"
"灾祸产生的根源","0","2","2"
"没有人敢说什么","0","2","2"
"朱守殷以汴州反","0","2","2"
"守殷以汴州反叛","0","2","2"
"诬告任圜和朱守","0","2","2"
"告任圜和朱守殷","0","2","2"
"任圜和朱守殷合","0","2","2"
"圜和朱守殷合谋","0","2","2"
"先告诉安重诲然","0","2","2"
"告诉安重诲然后","0","2","2"
"唐明宗暗中派人","0","2","2"
"以太子太师离官","0","2","2"
"太子太师离官居","0","2","2"
"子太师离官居家","0","2","2"
"派药彦稠率兵到","0","2","2"
"晋派周德威率领","0","2","2"
"速战速决纔有利","0","2","2"
"将领们没有人敢","0","2","2"
"对监军张承业说","0","2","2"
"况且我们的军队","0","2","2"
"宋二州的军队在","0","2","2"
"滑二州的军队在","0","2","2"
"为卢龙军节度使","0","2","2"
"唐庄宗和刘郡在","0","2","2"
"二州的军队在左","0","2","2"
"州的军队在左面","0","2","2"
"运送军需的部队","0","2","2"
"随晋王进攻王行","0","2","2"
"晋王进攻王行瑜","0","2","2"
"符存审和史建瑭","0","2","2"
"随唐庄宗在旧元","0","2","2"
"唐庄宗在旧元城","0","2","2"
"在旧元城打败刘","0","2","2"
"晋和梁在黄河边","0","2","2"
"和梁在黄河边相","0","2","2"
"大小一百多次战","0","2","2"
"小一百多次战斗","0","2","2"
"告诫他的儿子说","0","2","2"
"永王李存霸逃奔","0","2","2"
"王李存霸逃奔到","0","2","2"
"李存霸逃奔到太","0","2","2"
"存霸逃奔到太原","0","2","2"
"任泰宁军节度使","0","2","2"
"史建瑭率先锋兵","0","2","2"
"太祖亲自率兵进","0","2","2"
"祖亲自率兵进攻","0","2","2"
"晋军在镇州讨伐","0","2","2"
"军在镇州讨伐张","0","2","2"
"在山的西面布阵","0","2","2"
"超过了其它将领","0","2","2"
"赵在礼在魏反叛","0","2","2"
"元行钦进攻邺都","0","2","2"
"是唐明宗的儿子","0","2","2"
"唐明宗进入汴州","0","2","2"
"有什么对不起你","0","2","2"
"什么对不起你的","0","2","2"
"跟随唐庄宗在黄","0","2","2"
"随唐庄宗在黄河","0","2","2"
"跟随唐庄宗在胡","0","2","2"
"多次跟随唐庄宗","0","2","2"
"在北门迎接唐明","0","2","2"
"北门迎接唐明宗","0","2","2"
"在西门迎接唐庄","0","2","2"
"西门迎接唐庄宗","0","2","2"
"年轻时跟随赵王","0","2","2"
"轻时跟随赵王王","0","2","2"
"时跟随赵王王镕","0","2","2"
"在柏乡攻破梁军","0","2","2"
"符习讨伐张文礼","0","2","2"
"为成德军节度使","0","2","2"
"于是把他的军队","0","2","2"
"父亲的缘故被任","0","2","2"
"赋税帖子直接下","0","2","2"
"税帖子直接下发","0","2","2"
"登记没收他的家","0","2","2"
"唐明宗在南郊祭","0","2","2"
"明宗在南郊祭天","0","2","2"
"挫败他们的锐气","0","2","2"
"任横海军节度使","0","2","2"
"年轻时事奉唐明","0","2","2"
"轻时事奉唐明宗","0","2","2"
"和安重诲有矛盾","0","2","2"
"安重诲也因受到","0","2","2"
"闭城门不让他进","0","2","2"
"为左武卫上将军","0","2","2"
"任山南束道节度","0","2","2"
"杀秦王而立唐愍","0","2","2"
"秦王而立唐愍帝","0","2","2"
"李从珂的军队已","0","2","2"
"唐废帝在凤翔起","0","2","2"
"废帝在凤翔起兵","0","2","2"
"王思同率各镇军","0","2","2"
"思同率各镇军队","0","2","2"
"同率各镇军队包","0","2","2"
"率各镇军队包围","0","2","2"
"各镇军队包围凤","0","2","2"
"镇军队包围凤翔","0","2","2"
"张蒙传达神的话","0","2","2"
"延朗等人多次说","0","2","2"
"蕃漠马步军都总","0","2","2"
"漠马步军都总管","0","2","2"
"祸福成败的道理","0","2","2"
"唐庄宗攻破梁的","0","2","2"
"庄宗攻破梁的夹","0","2","2"
"宗攻破梁的夹城","0","2","2"
"跟随唐明宗讨伐","0","2","2"
"升任捧圣指挥使","0","2","2"
"升任侍卫亲军马","0","2","2"
"任侍卫亲军马步","0","2","2"
"李从荣素来骄横","0","2","2"
"等人都认为不行","0","2","2"
"因李从荣的缘故","0","2","2"
"各镇军队包围他","0","2","2"
"各镇的军队都溃","0","2","2"
"在京马步军都指","0","2","2"
"迎合安重诲的意","0","2","2"
"合安重诲的意旨","0","2","2"
"他们的大首领连","0","2","2"
"们的大首领连香","0","2","2"
"他们的妻子儿女","0","2","2"
"枢密使安重诲在","0","2","2"
"豆卢革放纵田客","0","2","2"
"卢革放纵田客杀","0","2","2"
"革放纵田客杀人","0","2","2"
"高季兴多次请求","0","2","2"
"卢程为中书侍郎","0","2","2"
"这就是人们所说","0","2","2"
"就是人们所说的","0","2","2"
"路上从马上摔下","0","2","2"
"唐庄宗慰劳他说","0","2","2"
"唐庄宗派李嗣昭","0","2","2"
"张文礼的儿子张","0","2","2"
"文礼的儿子张处","0","2","2"
"礼的儿子张处球","0","2","2"
"魏王李继岌和郭","0","2","2"
"王李继岌和郭崇","0","2","2"
"李继岌派任圜率","0","2","2"
"朱守殷在汴州反","0","2","2"
"守殷在汴州反叛","0","2","2"
"于是剃去头发做","0","2","2"
"命皇后拜张全义","0","2","2"
"皇后拜张全义为","0","2","2"
"后拜张全义为父","0","2","2"
"拜张全义为父亲","0","2","2"
"班位在翰林学士","0","2","2"
"位在翰林学士之","0","2","2"
"经升迁为中书舍","0","2","2"
"升迁为中书舍人","0","2","2"
"请求留下趟季良","0","2","2"
"从别的途径谋求","0","2","2"
"别的途径谋求做","0","2","2"
"的途径谋求做官","0","2","2"
"常常让他跟着自","0","2","2"
"常让他跟着自己","0","2","2"
"桑维翰去见耶律","0","2","2"
"维翰去见耶律德","0","2","2"
"翰去见耶律德光","0","2","2"
"皇帝的弟弟石重","0","2","2"
"帝的弟弟石重睿","0","2","2"
"晋高祖任六军副","0","2","2"
"高祖任六军副使","0","2","2"
"祖爱惜他的才能","0","2","2"
"为侍卫步军都指","0","2","2"
"为什么不速战速","0","2","2"
"什么不速战速决","0","2","2"
"耶律德光回答说","0","2","2"
"答应给他一个州","0","2","2"
"罢免李涛的宰相","0","2","2"
"周太祖镇守邺都","0","2","2"
"为忠武军节度使","0","2","2"
"百姓无辜获罪的","0","2","2"
"杨合又认为不行","0","2","2"
"和史弘肇等人同","0","2","2"
"史弘肇等人同一","0","2","2"
"弘肇等人同一天","0","2","2"
"肇等人同一天被","0","2","2"
"等人同一天被杀","0","2","2"
"周太祖的军队进","0","2","2"
"周太祖和王峻等","0","2","2"
"谋杀掉杨郇等人","0","2","2"
"失治国之道而失","0","2","2"
"治国之道而失去","0","2","2"
"事情不能控制就","0","2","2"
"情不能控制就导","0","2","2"
"不能控制就导致","0","2","2"
"进用贤人斥退不","0","2","2"
"用贤人斥退不贤","0","2","2"
"贤人斥退不贤的","0","2","2"
"人斥退不贤的人","0","2","2"
"让百姓休养生息","0","2","2"
"的人愿意做我们","0","2","2"
"人愿意做我们的","0","2","2"
"为人骁悍勇猛而","0","2","2"
"汉高祖任河东节","0","2","2"
"郑仁诲为大内都","0","2","2"
"仁诲为大内都点","0","2","2"
"诲为大内都点检","0","2","2"
"懂得棋子的作用","0","2","2"
"得棋子的作用而","0","2","2"
"棋子的作用而把","0","2","2"
"子的作用而把它","0","2","2"
"的作用而把它放","0","2","2"
"作用而把它放到","0","2","2"
"合适的位置的人","0","2","2"
"把贤智之士安置","0","2","2"
"贤智之士安置在","0","2","2"
"唐庄宗喜爱他的","0","2","2"
"有什么脸面见天","0","2","2"
"元帅齐王李景达","0","2","2"
"李重进和张永德","0","2","2"
"重进和张永德两","0","2","2"
"进和张永德两军","0","2","2"
"和张永德两军相","0","2","2"
"张永德两军相互","0","2","2"
"永德两军相互猜","0","2","2"
"德两军相互猜疑","0","2","2"
"因此怨愤叹息而","0","2","2"
"此怨愤叹息而生","0","2","2"
"怨愤叹息而生病","0","2","2"
"检校太尉兼中书","0","2","2"
"校太尉兼中书令","0","2","2"
"丧事由官府出资","0","2","2"
"他的副使孙羽等","0","2","2"
"的副使孙羽等人","0","2","2"
"为国事而死的臣","0","2","2"
"国事而死的臣子","0","2","2"
"保全节操的士人","0","2","2"
"城中粮食快要吃","0","2","2"
"中粮食快要吃完","0","2","2"
"把他们全部杀死","0","2","2"
"赐给姓名叫李绍","0","2","2"
"拜为郑州防御使","0","2","2"
"到京师请求留下","0","2","2"
"京师请求留下他","0","2","2"
"的儿子刘守光囚","0","2","2"
"儿子刘守光囚禁","0","2","2"
"任匡国军节度使","0","2","2"
"镇的军队都溃散","0","2","2"
"的军队都溃散了","0","2","2"
"于是任张敬达为","0","2","2"
"杀掉我向晋投降","0","2","2"
"不知道是什么地","0","2","2"
"知道是什么地方","0","2","2"
"道是什么地方的","0","2","2"
"是什么地方的人","0","2","2"
"供应军饷的道路","0","2","2"
"杜重威已有二心","0","2","2"
"拜为感德军节度","0","2","2"
"为感德军节度使","0","2","2"
"李德明等人返回","0","2","2"
"德明等人返回后","0","2","2"
"没有这样的人吗","0","2","2"
"这样的人我找到","0","2","2"
"样的人我找到一","0","2","2"
"的人我找到一个","0","2","2"
"任工部侍郎奉旨","0","2","2"
"薛贻矩为中书侍","0","2","2"
"贻矩为中书侍郎","0","2","2"
"先用朋党的罪名","0","2","2"
"用朋党的罪名来","0","2","2"
"想使别人的国家","0","2","2"
"使别人的国家空","0","2","2"
"别人的国家空虚","0","2","2"
"人的国家空虚无","0","2","2"
"的国家空虚无人","0","2","2"
"国家空虚无人而","0","2","2"
"家空虚无人而除","0","2","2"
"空虚无人而除去","0","2","2"
"虚无人而除去它","0","2","2"
"无人而除去它的","0","2","2"
"人而除去它的君","0","2","2"
"而除去它的君子","0","2","2"
"孤立君主的势力","0","2","2"
"立君主的势力而","0","2","2"
"君主的势力而蒙","0","2","2"
"主的势力而蒙蔽","0","2","2"
"的势力而蒙蔽君","0","2","2"
"势力而蒙蔽君主","0","2","2"
"力而蒙蔽君主耳","0","2","2"
"而蒙蔽君主耳目","0","2","2"
"蒙蔽君主耳目的","0","2","2"
"蔽君主耳目的人","0","2","2"
"这是自然而然的","0","2","2"
"是自然而然的道","0","2","2"
"自然而然的道理","0","2","2"
"整个国家空虚而","0","2","2"
"个国家空虚而没","0","2","2"
"国家空虚而没有","0","2","2"
"家空虚而没有君","0","2","2"
"空虚而没有君子","0","2","2"
"李嗣昭又攻取汾","0","2","2"
"于是派他的弟弟","0","2","2"
"年轻时跟随唐太","0","2","2"
"轻时跟随唐太祖","0","2","2"
"为马步军都指挥","0","2","2"
"率五千骑兵救援","0","2","2"
"李存进代替李嗣","0","2","2"
"存进代替李嗣昭","0","2","2"
"李汉韶和张虔钊","0","2","2"
"因而望着李存贤","0","2","2"
"而望着李存贤说","0","2","2"
"让他的儿子李继","0","2","2"
"他的儿子李继岌","0","2","2"
"唐庄宗喜好打猎","0","2","2"
"邺都的美女一千","0","2","2"
"都的美女一千人","0","2","2"
"皇帝的弟弟李存","0","2","2"
"在京师外的宦官","0","2","2"
"和梁在黄河边作","0","2","2"
"梁在黄河边作战","0","2","2"
"向张承业谢罪说","0","2","2"
"诏令天下全部捕","0","2","2"
"唐明宗从镇州前","0","2","2"
"明宗从镇州前来","0","2","2"
"宗从镇州前来朝","0","2","2"
"从镇州前来朝见","0","2","2"
"他的弟弟李匡俦","0","2","2"
"父亲一样事奉他","0","2","2"
"王镕给李嗣昭的","0","2","2"
"把政事交托给宦","0","2","2"
"政事交托给宦官","0","2","2"
"罗绍威向梁求救","0","2","2"
"是由牙军拥立的","0","2","2"
"的势力更加孤立","0","2","2"
"唐昭宗束迁到洛","0","2","2"
"昭宗束迁到洛阳","0","2","2"
"他的父亲刘仁恭","0","2","2"
"他的哥哥刘守文","0","2","2"
"罗周翰监理府事","0","2","2"
"唐明宗任命他为","0","2","2"
"娶梁末帝的女儿","0","2","2"
"命他为节度副使","0","2","2"
"侍妾所生的儿子","0","2","2"
"派王晏球讨伐他","0","2","2"
"关闭城门不再出","0","2","2"
"闭城门不再出来","0","2","2"
"能和士兵同甘共","0","2","2"
"和士兵同甘共苦","0","2","2"
"为横海军节度使","0","2","2"
"刘守光的将领元","0","2","2"
"守光的将领元行","0","2","2"
"光的将领元行钦","0","2","2"
"拥立刘守文的儿","0","2","2"
"立刘守文的儿子","0","2","2"
"刘守文的儿子刘","0","2","2"
"守文的儿子刘延","0","2","2"
"文的儿子刘延祚","0","2","2"
"急切谏阻认为不","0","2","2"
"切谏阻认为不行","0","2","2"
"请求任命自己为","0","2","2"
"还没有在郊外祭","0","2","2"
"没有在郊外祭天","0","2","2"
"是称霸的人的事","0","2","2"
"彦雄等七人送到","0","2","2"
"雄等七人送到梁","0","2","2"
"请求把女儿嫁给","0","2","2"
"锺传的养子锺延","0","2","2"
"传的养子锺延规","0","2","2"
"赵匡凝派他的弟","0","2","2"
"匡凝派他的弟弟","0","2","2"
"凝派他的弟弟趟","0","2","2"
"派他的弟弟趟匡","0","2","2"
"赵匡明逃奔到蜀","0","2","2"
"为泰宁军节度使","0","2","2"
"这事不是我敢知","0","2","2"
"事不是我敢知道","0","2","2"
"不是我敢知道的","0","2","2"
"润州徐知诰听说","0","2","2"
"宦官韩全诲等人","0","2","2"
"听说此事的人都","0","2","2"
"说此事的人都哀","0","2","2"
"此事的人都哀怜","0","2","2"
"事的人都哀怜他","0","2","2"
"为东南面招讨使","0","2","2"
"表奏李罕之为副","0","2","2"
"的儿子诸葛仲方","0","2","2"
"李罕之留下他的","0","2","2"
"罕之留下他的儿","0","2","2"
"之留下他的儿子","0","2","2"
"于是派他的将领","0","2","2"
"唐庄宗从郫州进","0","2","2"
"庄宗从郫州进入","0","2","2"
"梁末帝听说唐兵","0","2","2"
"末帝听说唐兵快","0","2","2"
"伏在地上请求处","0","2","2"
"在地上请求处死","0","2","2"
"以魏博向晋投降","0","2","2"
"太祖十分高兴地","0","2","2"
"祖十分高兴地说","0","2","2"
"任保大军节度使","0","2","2"
"李彦威等人杀唐","0","2","2"
"彦威等人杀唐昭","0","2","2"
"威等人杀唐昭宗","0","2","2"
"送到梁太祖那里","0","2","2"
"梁太祖派韦震到","0","2","2"
"太子太保辞官退","0","2","2"
"子太保辞官退休","0","2","2"
"向梁太祖进谗言","0","2","2"
"天子在郊外祭天","0","2","2"
"父亲恩荫被任为","0","2","2"
"为武宁军节度使","0","2","2"
"是因为这个原因","0","2","2"
"刘知俊于是逃奔","0","2","2"
"知俊于是逃奔到","0","2","2"
"为武信军节度使","0","2","2"
"任昭义军节度使","0","2","2"
"任命张筠为节度","0","2","2"
"命张筠为节度使","0","2","2"
"把他当哥哥对待","0","2","2"
"天下的人都认为","0","2","2"
"他的儿子朱令德","0","2","2"
"人都认为他们冤","0","2","2"
"都认为他们冤枉","0","2","2"
"为武胜军节度使","0","2","2"
"安置在别的房屋","0","2","2"
"置在别的房屋中","0","2","2"
"华温琪为节度使","0","2","2"
"任命为左骁卫上","0","2","2"
"命为左骁卫上将","0","2","2"
"唐庄宗认为他很","0","2","2"
"庄宗认为他很勇","0","2","2"
"宗认为他很勇敢","0","2","2"
"卫三州为昭德军","0","2","2"
"为永平军节度使","0","2","2"
"用祸福利害开导","0","2","2"
"祸福利害开导他","0","2","2"
"毕宿上端的大星","0","2","2"
"唐庄宗派唐明宗","0","2","2"
"晋高祖出兵三万","0","2","2"
"皇甫遇任马军右","0","2","2"
"甫遇任马军右厢","0","2","2"
"又有什么脸面见","0","2","2"
"杜重威拿出降表","0","2","2"
"哀痛超过礼制要","0","2","2"
"痛超过礼制要求","0","2","2"
"晋高祖任保义军","0","2","2"
"高祖任保义军节","0","2","2"
"祖任保义军节度","0","2","2"
"任护圣右厢都指","0","2","2"
"以太子太师辞官","0","2","2"
"唐庄宗消灭后梁","0","2","2"
"不知他的祖先是","0","2","2"
"知他的祖先是谁","0","2","2"
"杨光速在魏州讨","0","2","2"
"光速在魏州讨伐","0","2","2"
"速在魏州讨伐范","0","2","2"
"在魏州讨伐范延","0","2","2"
"魏州讨伐范延光","0","2","2"
"转移到别的地方","0","2","2"
"任侍卫亲军都指","0","2","2"
"许王李从益进入","0","2","2"
"王李从益进入汴","0","2","2"
"李从益进入汴京","0","2","2"
"周太祖率兵进入","0","2","2"
"太祖率兵进入京","0","2","2"
"李彦韬等人专权","0","2","2"
"焉马步军都指挥","0","2","2"
"为武清军节度使","0","2","2"
"晋高祖登上帝位","0","2","2"
"晋出帝和契丹绝","0","2","2"
"出帝和契丹绝交","0","2","2"
"诈称以瀛州投降","0","2","2"
"授任杜重威为太","0","2","2"
"是亲自率兵攻打","0","2","2"
"高祖从太原进入","0","2","2"
"和桑维翰产生矛","0","2","2"
"桑维翰产生矛盾","0","2","2"
"李守贞和杜重威","0","2","2"
"张式的父亲张铎","0","2","2"
"拜为彰德军节度","0","2","2"
"为彰德军节度使","0","2","2"
"难道有两个天子","0","2","2"
"道有两个天子在","0","2","2"
"有两个天子在路","0","2","2"
"两个天子在路上","0","2","2"
"个天子在路上相","0","2","2"
"天子在路上相见","0","2","2"
"子在路上相见的","0","2","2"
"漠高祖派王景崇","0","2","2"
"和趟思绾一道西","0","2","2"
"趟思绾一道西去","0","2","2"
"库中的金银绸缎","0","2","2"
"于是把他们减族","0","2","2"
"做唐明宗的宰相","0","2","2"
"唐愍帝出逃到卫","0","2","2"
"愍帝出逃到卫州","0","2","2"
"遭逢母亲的丧事","0","2","2"
"拜为同中书门下","0","2","2"
"次升迁任中书舍","0","2","2"
"升迁任中书舍人","0","2","2"
"次升迁任兵部侍","0","2","2"
"升迁任兵部侍郎","0","2","2"
"卢导起草笺表劝","0","2","2"
"导起草笺表劝潞","0","2","2"
"起草笺表劝潞王","0","2","2"
"草笺表劝潞王登","0","2","2"
"笺表劝潞王登位","0","2","2"
"崔居俭任秘书监","0","2","2"
"不知道惯例怎样","0","2","2"
"宰相崔协有矛盾","0","2","2"
"后来唐废帝登位","0","2","2"
"五天一次进见问","0","2","2"
"天一次进见问安","0","2","2"
"有学他说话的人","0","2","2"
"为父母守丧没有","0","2","2"
"父母守丧没有满","0","2","2"
"母守丧没有满期","0","2","2"
"帝尊奉他的祖父","0","2","2"
"穿大功丧服九个","0","2","2"
"大功丧服九个月","0","2","2"
"拜为端明殿学士","0","2","2"
"襄州安从进反叛","0","2","2"
"晋高祖虽然没有","0","2","2"
"晋出帝愚昧无知","0","2","2"
"年轻时考进士不","0","2","2"
"轻时考进士不中","0","2","2"
"兼侍御史知杂事","0","2","2"
"升迁为户部尚书","0","2","2"
"多次升迁为兵部","0","2","2"
"次升迁为兵部侍","0","2","2"
"升迁为兵部侍郎","0","2","2"
"向契丹请求援兵","0","2","2"
"李继岌攻破蜀后","0","2","2"
"任河东节度使时","0","2","2"
"唐庄宗讨伐张文","0","2","2"
"庄宗讨伐张文礼","0","2","2"
"军队攻打杨行密","0","2","2"
"杨行密于是进入","0","2","2"
"他的弟弟秦宗衡","0","2","2"
"唐朝拜杨行密为","0","2","2"
"杨溥越分自立为","0","2","2"
"溥越分自立为帝","0","2","2"
"越分自立为帝后","0","2","2"
"有拥立杨渥的功","0","2","2"
"拥立杨渥的功劳","0","2","2"
"他的门客严可求","0","2","2"
"杨渥的母亲史氏","0","2","2"
"挑选壮士三十人","0","2","2"
"在金陵整治水军","0","2","2"
"徐温率领将吏们","0","2","2"
"朱瑾杀掉徐知训","0","2","2"
"杨溥没有准许而","0","2","2"
"溥没有准许而徐","0","2","2"
"没有准许而徐温","0","2","2"
"有准许而徐温病","0","2","2"
"准许而徐温病死","0","2","2"
"他的客将周廷望","0","2","2"
"任他的儿子徐景","0","2","2"
"把他安置在手下","0","2","2"
"徐知训被朱瑾杀","0","2","2"
"知训被朱瑾杀掉","0","2","2"
"拜徐温焉大丞相","0","2","2"
"王延政派他的侄","0","2","2"
"延政派他的侄子","0","2","2"
"政派他的侄子王","0","2","2"
"派他的侄子王继","0","2","2"
"他的侄子王继昌","0","2","2"
"他的弟弟马希崇","0","2","2"
"没有水战的工具","0","2","2"
"周世宗的英雄勇","0","2","2"
"世宗的英雄勇武","0","2","2"
"被扣留没有送回","0","2","2"
"如果用我做宰相","0","2","2"
"载在本朝国史上","0","2","2"
"诏令王建罢兵休","0","2","2"
"令王建罢兵休战","0","2","2"
"王建亲自率兵攻","0","2","2"
"建亲自率兵攻打","0","2","2"
"改第二年年号叫","0","2","2"
"回去后就献计伐","0","2","2"
"去后就献计伐蜀","0","2","2"
"类中远离人世的","0","2","2"
"孟知祥为中门使","0","2","2"
"孟知祥镇守蜀时","0","2","2"
"廷隐率兵三万人","0","2","2"
"唐明宗对此忧虑","0","2","2"
"荧惑星遮掩积尸","0","2","2"
"惑星遮掩积尸星","0","2","2"
"挑选很多良家女","0","2","2"
"选很多良家女子","0","2","2"
"载在本朝国史中","0","2","2"
"大败李景的军队","0","2","2"
"派使臣到京师进","0","2","2"
"使臣到京师进贡","0","2","2"
"任命他的弟弟马","0","2","2"
"马希声判内外诸","0","2","2"
"李景派边镐入楚","0","2","2"
"儿子周保权继位","0","2","2"
"派他的弟弟钱銶","0","2","2"
"世宗平定淮南后","0","2","2"
"到周世宗平定淮","0","2","2"
"抓获王延翰杀掉","0","2","2"
"无论老少都被杀","0","2","2"
"论老少都被杀掉","0","2","2"
"请求率本道军队","0","2","2"
"于是派使臣出使","0","2","2"
"高继冲焉节度使","0","2","2"
"当治世时他们未","0","2","2"
"治世时他们未必","0","2","2"
"的母亲述律氏派","0","2","2"
"趟德钧镇守幽州","0","2","2"
"受不了他的残害","0","2","2"
"耶律德光消灭后","0","2","2"
"律德光消灭后晋","0","2","2"
"他的祖母述律氏","0","2","2"
"和契丹大略相同","0","2","2"
"深受契丹苛刻暴","0","2","2"
"受契丹苛刻暴虐","0","2","2"
"契丹苛刻暴虐之","0","2","2"
"丹苛刻暴虐之苦","0","2","2"
"前来请求任命主","0","2","2"
"来请求任命主帅","0","2","2"
"为归义军节度使","0","2","2"
"他们的君主世次","0","2","2"
"向西走一百里出","0","2","2"
"衣帽服饰同中原","0","2","2"
"帽服饰同中原一","0","2","2"
"服饰同中原一样","0","2","2"
"向中原请求任命","0","2","2"
"史书都失去记载","0","2","2"
"回鹘可汗王仁美","0","2","2"
"鹘可汗王仁美派","0","2","2"
"任命冯道为大行","0","2","2"
"命冯道为大行皇","0","2","2"
"冯道为大行皇帝","0","2","2"
"道为大行皇帝山","0","2","2"
"兵部尚书张昭为","0","2","2"
"部尚书张昭为卤","0","2","2"
"尚书张昭为卤簿","0","2","2"
"书张昭为卤簿使","0","2","2"
