"N-gram","原文","翻译","Total"
"开府仪同三","188","188","376"
"府仪同三司","188","188","376"
"骠骑大将军","155","156","311"
"车骑大将军","144","144","288"
"通直散骑常","54","54","108"
"直散骑常侍","54","54","108"
"仪同大将军","48","48","96"
"柱国大将军","46","45","91"
"金紫光禄大","38","38","76"
"紫光禄大夫","38","38","76"
"晋公宇文护","0","72","72"
"孝闵帝践阼","71","0","71"
"银青光禄大","27","27","54"
"青光禄大夫","27","27","54"
"食邑五百户","0","52","52"
"魏恭帝元年","26","25","51"
"员外散骑侍","25","25","50"
"外散骑侍郎","25","25","50"
"魏孝武西迁","48","0","48"
"孝武帝西迁","0","48","48"
"开府仪同大","23","23","46"
"府仪同大将","23","23","46"
"食邑一千户","0","46","46"
"魏孝武帝西","0","43","43"
"左光禄大夫","20","20","40"
"魏废帝元年","20","20","40"
"三州诸军事","19","19","38"
"赐姓宇文氏","20","18","38"
"十州诸军事","18","19","37"
"魏恭帝二年","19","17","36"
"事黄门侍郎","18","18","36"
"食邑三百户","0","36","36"
"进位大将军","32","3","35"
"加骠骑大将","25","10","35"
"总管府长史","17","18","35"
"孝闵帝登基","0","35","35"
"授车骑大将","16","18","34"
"魏废帝二年","17","16","33"
"御正中大夫","16","16","32"
"任骠骑大将","0","32","32"
"为骠骑大将","0","31","31"
"五州诸军事","15","15","30"
"加散骑常侍","19","11","30"
"任车骑大将","0","29","29"
"孝闵帝即位","0","29","29"
"六州诸军事","14","14","28"
"遣使献方物","28","0","28"
"齐王宇文宪","0","28","28"
"七州诸军事","13","13","26"
"的儿子宇文","0","26","26"
"派使者前来","0","26","26"
"二州诸军事","13","12","25"
"位骠骑大将","20","5","25"
"加车骑大将","16","8","24"
"进位骠骑大","19","5","24"
"上开府仪同","12","12","24"
"授骠骑大将","11","13","24"
"府记室参军","12","12","24"
"右光禄大夫","12","12","24"
"任命大将军","0","24","24"
"增邑五百户","23","0","23"
"朝廷追赠他","0","23","23"
"司会中大夫","11","11","22"
"加通直散骑","19","3","22"
"尚书右仆射","11","11","22"
"州总管府长","11","11","22"
"大统十六年","7","15","22"
"大行台郎中","10","11","21"
"增邑一千户","21","0","21"
"食邑二百户","0","21","21"
"年春季正月","0","21","21"
"食邑一万户","0","21","21"
"四州诸军事","10","10","20"
"进骠骑大将","20","0","20"
"员外散骑常","10","10","20"
"外散骑常侍","10","10","20"
"任开府仪同","0","20","20"
"为车骑大将","0","20","20"
"侯莫陈悦杀","0","20","20"
"莫陈悦杀害","0","20","20"
"增邑通前一","19","0","19"
"增邑三百户","19","0","19"
"增加食邑一","0","19","19"
"提升爵位为","0","19","19"
"邑通前一千","18","0","18"
"等十州诸军","9","9","18"
"一千五百户","10","8","18"
"授通直散骑","1","17","18"
"给事黄门侍","0","18","18"
"加食邑一千","0","18","18"
"武帝下诏说","0","18","18"
"于骑马射箭","0","18","18"
"郑国公达奚","10","7","17"
"北雍州刺史","9","8","17"
"进车骑大将","17","0","17"
"破六汗拔陵","7","10","17"
"升任骠骑大","0","17","17"
"善于骑马射","0","17","17"
"派遣使者来","0","17","17"
"魏恭帝三年","9","7","16"
"河南洛阳人","10","6","16"
"北豫州刺史","8","8","16"
"工部中大夫","8","8","16"
"民部中大夫","8","8","16"
"司宪中大夫","8","8","16"
"尚书左仆射","8","8","16"
"廷追赠他为","0","16","16"
"进封爵位为","0","16","16"
"为柱国大将","0","16","16"
"位开府仪同","14","1","15"
"梁国公侯莫","7","8","15"
"国公侯莫陈","7","8","15"
"武陵王萧纪","5","10","15"
"追赠大将军","6","9","15"
"邑通前二千","14","1","15"
"食邑八百户","0","15","15"
"武帝西迁时","0","15","15"
"任员外散骑","0","15","15"
"食邑二千户","0","15","15"
"食邑四百户","0","15","15"
"许国公宇文","8","6","14"
"随国公杨坚","6","8","14"
"邑通前三千","11","3","14"
"内史中大夫","7","7","14"
"本州大中正","7","7","14"
"加开府仪同","9","5","14"
"宜丰侯萧循","8","6","14"
"大统十四年","4","10","14"
"进位上柱国","14","0","14"
"大行台尚书","7","7","14"
"侯莫陈悦所","13","1","14"
"莫陈悦所害","13","1","14"
"孝武帝初年","0","14","14"
"升任车骑大","0","14","14"
"加授通直散","0","14","14"
"屡经升迁为","0","14","14"
"任通直散骑","0","14","14"
"使者前来通","0","14","14"
"者前来通问","0","14","14"
"前来通问修","0","14","14"
"来通问修好","0","14","14"
"食邑增至一","0","14","14"
"州刺史独孤","7","6","13"
"十二州诸军","7","6","13"
"莫多娄贷文","5","8","13"
"御伯中大夫","6","7","13"
"大将军杨忠","7","6","13"
"岳侯莫陈悦","13","0","13"
"封国被撤销","0","13","13"
"升为骠骑大","0","13","13"
"增加食邑三","0","13","13"
"加食邑三百","0","13","13"
"卫公宇文直","0","13","13"
"被侯莫陈悦","0","13","13"
"邑增至一千","0","13","13"
"刺史宇文仲","6","6","12"
"食邑三千户","1","11","12"
"绥德公陆通","6","6","12"
"刺史独孤永","6","6","12"
"史独孤永业","6","6","12"
"中山公宇文","1","11","12"
"等六州诸军","6","6","12"
"司宗中大夫","6","6","12"
"邑一千五百","6","6","12"
"授抚军将军","5","7","12"
"三年春正月","8","4","12"
"大将军达奚","7","5","12"
"将军达奚武","7","5","12"
"将斛律明月","8","4","12"
"隋开皇元年","8","4","12"
"内史下大夫","6","6","12"
"增邑八百户","12","0","12"
"平定侯莫陈","0","12","12"
"使者来贡献","0","12","12"
"岳被侯莫陈","0","12","12"
"孝闵帝登位","0","12","12"
"大统十七年","3","8","11"
"大将军王雄","6","5","11"
"州刺史宇文","5","6","11"
"蜀国公尉迟","5","6","11"
"国公尉迟迥","5","6","11"
"洛州刺史独","6","5","11"
"申国公李穆","6","5","11"
"授仪同三司","5","6","11"
"迁骠骑大将","11","0","11"
"增邑通前三","11","0","11"
"授征虏将军","5","6","11"
"大将军宇文","6","5","11"
"位柱国大将","11","0","11"
"增邑通前二","11","0","11"
"平侯莫陈悦","8","3","11"
"加授大都督","3","8","11"
"大统十五年","3","8","11"
"他的儿子宇","0","11","11"
"任给事黄门","0","11","11"
"魏孝武帝初","0","11","11"
"齐公宇文宪","0","11","11"
"的身份跟随","0","11","11"
"定侯莫陈悦","0","11","11"
"陈国派使者","0","11","11"
"国派使者前","0","11","11"
"讨伐平定了","0","11","11"
"陈王宇文纯","0","11","11"
"增加食邑五","0","11","11"
"食邑增至二","0","11","11"
"邑增至二千","0","11","11"
"采纳了他的","0","11","11"
"贺拔岳被侯","0","11","11"
"拔岳被侯莫","0","11","11"
"领步兵骑兵","0","11","11"
"封地一千户","0","11","11"
"为行台郎中","0","11","11"
"东雍州刺史","7","3","10"
"凉州刺史宇","5","5","10"
"神武公窦毅","5","5","10"
"公侯莫陈芮","5","5","10"
"天中大皇后","5","5","10"
"十三州诸军","5","5","10"
"追赠使持节","5","5","10"
"合内大都督","6","4","10"
"上仪同大将","5","5","10"
"加仪同三司","7","3","10"
"州列曹参军","5","5","10"
"刺史高仲密","5","5","10"
"迁车骑大将","10","0","10"
"加车骑将军","6","4","10"
"八州诸军事","5","5","10"
"大行台右丞","5","5","10"
"南荆州刺史","5","5","10"
"大将军豆卢","5","5","10"
"将军豆卢宁","5","5","10"
"国公宇文贵","6","4","10"
"陈湘州刺史","6","4","10"
"湘州刺史华","6","4","10"
"州刺史华皎","6","4","10"
"宗师中大夫","5","5","10"
"隋文帝践极","10","0","10"
"通直散骑侍","5","5","10"
"直散骑侍郎","5","5","10"
"中外府记室","5","5","10"
"杞国公宇文","0","10","10"
"加授骠骑大","0","10","10"
"多次升迁任","0","10","10"
"升车骑大将","0","10","10"
"任御正中大","0","10","10"
"讨伐侯莫陈","0","10","10"
"伐侯莫陈悦","0","10","10"
"派使者进献","0","10","10"
"讨伐吐谷浑","0","10","10"
"加食邑五百","0","10","10"
"升为大将军","0","10","10"
"贺拔岳被害","0","10","10"
"率领步兵骑","0","10","10"
"官位提升为","0","10","10"
"遣使者来贡","0","10","10"
"国公达奚震","6","3","9"
"增邑二百户","9","0","9"
"齐将段孝先","6","3","9"
"东魏将侯景","9","0","9"
"累迁大都督","9","0","9"
"十五州诸军","5","4","9"
"加镇远将军","5","4","9"
"尉迟迥伐蜀","8","1","9"
"关西大行台","4","5","9"
"齐将斛律明","7","2","9"
"讨侯莫陈悦","5","4","9"
"授开府仪同","4","5","9"
"侯伏侯元进","3","6","9"
"增邑四百户","9","0","9"
"进位柱国大","9","0","9"
"授散骑常侍","1","8","9"
"大统十二年","3","6","9"
"至开府仪同","0","9","9"
"任雍州刺史","0","9","9"
"任仪同三司","0","9","9"
"散骑常侍衔","0","9","9"
"任华州刺史","0","9","9"
"任散骑常侍","0","9","9"
"仪同三司衔","0","9","9"
"从魏孝武帝","0","9","9"
"跟随贺拔岳","0","9","9"
"侯莫陈悦的","0","9","9"
"没有听说过","0","9","9"
"越王宇文盛","0","9","9"
"增加五百户","0","9","9"
"跟随尔朱天","0","9","9"
"随尔朱天光","0","9","9"
"太祖收复弘","0","9","9"
"祖收复弘农","0","9","9"
"打败了他们","0","9","9"
"国公达奚武","4","4","8"
"公侯莫陈琼","4","4","8"
"公司马消难","4","4","8"
"北华州刺史","4","4","8"
"魏北豫州刺","4","4","8"
"豫州刺史高","4","4","8"
"州刺史高仲","4","4","8"
"位车骑大将","7","1","8"
"一千四百户","4","4","8"
"一千二百户","4","4","8"
"吏部下大夫","4","4","8"
"南汾州刺史","4","4","8"
"北徐州刺史","4","4","8"
"位仪同三司","6","2","8"
"魏孝武入关","8","0","8"
"益州总管府","4","4","8"
"陇右总管府","4","4","8"
"右总管府长","4","4","8"
"丞相府记室","4","4","8"
"一千三百户","4","4","8"
"蛮帅文子荣","4","4","8"
"州五防诸军","4","4","8"
"五防诸军事","4","4","8"
"右金紫光禄","4","4","8"
"南秦州刺史","4","4","8"
"都督韦孝宽","4","4","8"
"刺史王士良","4","4","8"
"柱国宇文盛","4","4","8"
"大将军尉迟","4","4","8"
"陈将吴明彻","6","2","8"
"隋文帝辅政","8","0","8"
"魏文帝东征","4","4","8"
"晋公护执政","8","0","8"
"广阳王元深","3","5","8"
"贺拔岳西征","4","4","8"
"家员外散骑","8","0","8"
"等五州刺史","4","4","8"
"东南道行台","4","4","8"
"岳阳王萧察","6","2","8"
"御正下大夫","4","4","8"
"贺拔岳征讨","3","5","8"
"三千七百户","4","4","8"
"加冠军将军","5","3","8"
"东魏洛州刺","4","4","8"
"魏洛州刺史","4","4","8"
"继承他的爵","0","8","8"
"承他的爵位","0","8","8"
"魏将领侯景","0","8","8"
"任命上柱国","0","8","8"
"国公宇文亮","0","8","8"
"任益州总管","0","8","8"
"任岐州刺史","0","8","8"
"授任大都督","0","8","8"
"任宜州刺史","0","8","8"
"任大行台郎","0","8","8"
"升骠骑大将","0","8","8"
"州前来归附","0","8","8"
"举行大规模","0","8","8"
"卫国公宇文","0","8","8"
"国公宇文直","0","8","8"
"伐平定了他","0","8","8"
"平定了他们","0","8","8"
"赵王宇文招","0","8","8"
"升任大将军","0","8","8"
"隋文帝辅佐","0","8","8"
"以孝顺闻名","0","8","8"
"擅长骑马射","0","8","8"
"长骑马射箭","0","8","8"
"跟随太祖在","0","8","8"
"又跟随太祖","0","8","8"
"食邑增加一","0","8","8"
"邑增加一千","0","8","8"
"朝廷授任他","0","8","8"
"廷授任他为","0","8","8"
"从家中被征","0","8","8"
"家中被征召","0","8","8"
"中被征召出","0","8","8"
"被征召出来","0","8","8"
"隋文帝所害","7","0","7"
"弘农华阴人","4","3","7"
"河东汾阴人","4","3","7"
"元年春正月","6","1","7"
"公侯莫陈崇","3","4","7"
"吴国公尉迟","3","4","7"
"国公尉迟纲","3","4","7"
"阳公司马消","4","3","7"
"丞相府司马","3","4","7"
"东魏北豫州","4","3","7"
"进位车骑大","6","1","7"
"纥豆陵伊利","3","4","7"
"加授大将军","3","4","7"
"孝闵帝践祚","7","0","7"
"增邑二千户","7","0","7"
"太祖擒窦泰","7","0","7"
"二十州诸军","3","4","7"
"加龙骧将军","5","2","7"
"贺兰祥讨吐","7","0","7"
"兰祥讨吐谷","7","0","7"
"祥讨吐谷浑","7","0","7"
"通前二千户","6","1","7"
"吏部中大夫","4","3","7"
"在任上去世","0","7","7"
"增加食邑累","0","7","7"
"加食邑累计","0","7","7"
"增加食邑二","0","7","7"
"为开府仪同","0","7","7"
"任抚军将军","0","7","7"
"升任使持节","0","7","7"
"至仪同三司","0","7","7"
"魏孝武帝入","0","7","7"
"魏废帝初年","0","7","7"
"陈公宇文纯","0","7","7"
"跟随尔朱荣","0","7","7"
"为征西将军","0","7","7"
"帝前往同州","0","7","7"
"达奚武率领","0","7","7"
"前往云阳宫","0","7","7"
"率轻装骑兵","0","7","7"
"文帝辅佐朝","0","7","7"
"帝辅佐朝政","0","7","7"
"宇文护被诛","0","7","7"
"文护被诛杀","0","7","7"
"升任上柱国","0","7","7"
"任行军总管","0","7","7"
"六官建立后","0","7","7"
"增加一千户","0","7","7"
"杀害贺拔岳","0","7","7"
"武帝向西迁","0","7","7"
"增加食邑四","0","7","7"
"加食邑四百","0","7","7"
"到贺拔岳被","0","7","7"
"一个儿子为","0","7","7"
"隋文帝登基","0","7","7"
"被任命为大","0","7","7"
"封地三百户","0","7","7"
"继承了爵位","0","7","7"
"从家中征召","0","7","7"
"家中征召出","0","7","7"
"中征召出来","0","7","7"
"迎接魏孝武","0","7","7"
"接魏孝武帝","0","7","7"
"征召出来任","0","7","7"
"皇帝这样说","0","7","7"
"太祖嘉奖他","0","7","7"
"晋升为骠骑","0","7","7"
"都立有战功","0","7","7"
"增加食邑八","0","7","7"
"加食邑八百","0","7","7"
"食邑六百户","0","7","7"
"秉承皇帝旨","0","7","7"
"承皇帝旨意","0","7","7"
"事情记载在","0","7","7"
"其王派遣使","0","7","7"
"王派遣使者","0","7","7"
"上庸公陆腾","4","2","6"
"三防诸军事","3","3","6"
"一千八百户","3","3","6"
"高仲密北豫","6","0","6"
"等七州诸军","3","3","6"
"太祖文皇帝","3","3","6"
"督中外诸军","3","3","6"
"中外诸军事","3","3","6"
"配享太祖庙","5","1","6"
"享太祖庙庭","5","1","6"
"高阳公达奚","3","3","6"
"阳公达奚武","3","3","6"
"安武公李穆","3","3","6"
"侯伏侯龙恩","3","3","6"
"周昌公侯莫","3","3","6"
"昌公侯莫陈","3","3","6"
"郧国公韦孝","3","3","6"
"国公韦孝宽","3","3","6"
"天元圣皇太","3","3","6"
"元圣皇太后","3","3","6"
"天元上皇太","3","3","6"
"元上皇太后","3","3","6"
"象元年二月","3","3","6"
"迁平东将军","6","0","6"
"礼部中大夫","3","3","6"
"等十二州诸","3","3","6"
"兵部中大夫","3","3","6"
"南郢州刺史","3","3","6"
"二千一百户","3","3","6"
"邑一千二百","4","2","6"
"职方中大夫","3","3","6"
"五镇诸军事","3","3","6"
"加中军将军","4","2","6"
"襄州总管府","3","3","6"
"丞相府墨曹","3","3","6"
"相府墨曹参","3","3","6"
"府墨曹参军","3","3","6"
"授柱国大将","3","3","6"
"南雍州刺史","3","3","6"
"太府中大夫","3","3","6"
"冯翊王元季","3","3","6"
"翊王元季海","3","3","6"
"相府记室参","3","3","6"
"殿中侍御史","3","3","6"
"匠师中大夫","3","3","6"
"六防诸军事","3","3","6"
"二镇诸军事","3","3","6"
"开府贺若敦","3","3","6"
"隋文帝执政","3","3","6"
"夏州刺史刘","3","3","6"
"州刺史刘平","3","3","6"
"关西大都督","4","2","6"
"原州刺史史","3","3","6"
"州刺史史归","3","3","6"
"冯翊长公主","3","3","6"
"开府独孤信","3","3","6"
"公尉迟迥率","3","3","6"
"突厥遣使献","6","0","6"
"大将军权景","3","3","6"
"将军权景宣","3","3","6"
"庸国公王雄","3","3","6"
"南安公杨荐","3","3","6"
"安公杨荐等","3","3","6"
"行幸云阳宫","6","0","6"
"公宇文神举","3","3","6"
"范阳王高绍","3","3","6"
"阳王高绍义","3","3","6"
"宇文神举等","3","3","6"
"增邑前二千","6","0","6"
"斛律明月率","3","3","6"
"将军尉迟迥","3","3","6"
"大象元年五","3","3","6"
"象元年五月","3","3","6"
"二防诸军事","3","3","6"
"良家子镇武","6","0","6"
"家子镇武川","6","0","6"
"府长流参军","3","3","6"
"侯莫陈悦害","5","1","6"
"魏永安元年","3","3","6"
"讨万俟丑奴","4","2","6"
"武贲中郎将","3","3","6"
"二千二百户","3","3","6"
"迁开府仪同","6","0","6"
"仆射周惠达","3","3","6"
"河南诸军事","3","3","6"
"朱天光入关","4","2","6"
"贺兰愿德等","3","3","6"
"外府记室参","3","3","6"
"十三环金带","3","3","6"
"司徒右长史","3","3","6"
"宇文孝伯等","3","3","6"
"通前一千户","6","0","6"
"通前三千七","4","2","6"
"前三千七百","4","2","6"
"征西大将军","3","3","6"
"豫州刺史王","2","4","6"
"州刺史王士","2","4","6"
"等六州刺史","3","3","6"
"加授帅都督","1","5","6"
"一千六百户","3","3","6"
"中直兵参军","3","3","6"
"了他的爵位","0","6","6"
"任命赵贵为","0","6","6"
"治理百姓的","0","6","6"
"东魏将领侯","0","6","6"
"史宇文仲和","0","6","6"
"为秦州总管","0","6","6"
"进献三足乌","0","6","6"
"燕国公于谨","0","6","6"
"齐国公宇文","0","6","6"
"国公宇文宪","0","6","6"
"出家为尼姑","0","6","6"
"赠为使持节","0","6","6"
"食邑五千户","0","6","6"
"任骠骑将军","0","6","6"
"加授散骑常","0","6","6"
"他为使持节","0","6","6"
"封地一万户","0","6","6"
"任大丞相府","0","6","6"
"加授车骑大","0","6","6"
"是河南洛阳","0","6","6"
"升任大都督","0","6","6"
"任尚书右仆","0","6","6"
"魏恭帝初年","0","6","6"
"任郢州刺史","0","6","6"
"食邑一千五","0","6","6"
"孝武帝入关","0","6","6"
"府从事中郎","0","6","6"
"到侯莫陈悦","0","6","6"
"被乱箭射中","0","6","6"
"山公宇文护","0","6","6"
"突厥派使者","0","6","6"
"善于写文章","0","6","6"
"太祖认为他","0","6","6"
"以上的官员","0","6","6"
"太阳有亏蚀","0","6","6"
"为他的后嗣","0","6","6"
"武帝下诏命","0","6","6"
"晋国公宇文","0","6","6"
"国公宇文护","0","6","6"
"陈国公宇文","0","6","6"
"国公宇文纯","0","6","6"
"以下的官员","0","6","6"
"率领他的部","0","6","6"
"亲自率领六","0","6","6"
"自率领六军","0","6","6"
"武帝前往同","0","6","6"
"趟王宇文招","0","6","6"
"谯王宇文俭","0","6","6"
"为行军元帅","0","6","6"
"开始被封为","0","6","6"
"当时晋公宇","0","6","6"
"时晋公宇文","0","6","6"
"晋公字文护","0","6","6"
"公宇文护执","0","6","6"
"魏正光末年","0","6","6"
"从少年时就","0","6","6"
"没有来得及","0","6","6"
"职位上去世","0","6","6"
"食邑增加五","0","6","6"
"邑增加五百","0","6","6"
"食邑增至三","0","6","6"
"邑增至三千","0","6","6"
"陈悦杀害贺","0","6","6"
"悦杀害贺拔","0","6","6"
"他跟随太祖","0","6","6"
"在河桥作战","0","6","6"
"随太祖收复","0","6","6"
"纳了他的意","0","6","6"
"了他的意见","0","6","6"
"升爵位为公","0","6","6"
"太行山以东","0","6","6"
"跟从独孤信","0","6","6"
"任司会中大","0","6","6"
"任右卫将军","0","6","6"
"太祖平定侯","0","6","6"
"祖平定侯莫","0","6","6"
"任直合将军","0","6","6"
"到魏孝武帝","0","6","6"
"晋升为公爵","0","6","6"
"孝武帝向西","0","6","6"
"封地五百户","0","6","6"
"了他的建议","0","6","6"
"年轻时就有","0","6","6"
"魏永安年间","0","6","6"
"帝登上皇位","0","6","6"
"出京城担任","0","6","6"
"派遣使者贡","0","6","6"
"遣使者贡献","0","6","6"
"者来贡献特","0","6","6"
"来贡献特产","0","6","6"
"仲密北豫州","5","0","5"
"大行台左丞","3","2","5"
"授征西将军","2","3","5"
"丞相府长史","3","2","5"
"京兆杜陵人","3","2","5"
"东扬州刺史","3","2","5"
"河东猗氏人","3","2","5"
"昌宁公长孙","3","2","5"
"宁公长孙俭","3","2","5"
"荥阳公司马","4","1","5"
"枹罕公辛威","5","0","5"
"大象元年二","3","2","5"
"命州列曹参","5","0","5"
"加上开府仪","3","2","5"
"进授骠骑大","4","1","5"
"河东闻喜人","3","2","5"
"除大丞相府","5","0","5"
"加抚军将军","4","1","5"
"加授上大将","2","3","5"
"授上大将军","2","3","5"
"加授抚军将","1","4","5"
"魏安公尉迟","2","3","5"
"征侯莫陈悦","3","2","5"
"司州刺史柳","3","2","5"
"州刺史柳仲","3","2","5"
"刺史柳仲礼","3","2","5"
"梁雍州刺史","5","0","5"
"邵陵王萧纶","1","4","5"
"梁武陵王萧","3","2","5"
"二年春正月","5","0","5"
"蜀公尉迟迥","2","3","5"
"楚国公豆卢","2","3","5"
"大将军田弘","3","2","5"
"鴈门公田弘","5","0","5"
"五行大布钱","2","3","5"
"尉迟迥举兵","4","1","5"
"齐神武所害","5","0","5"
"进位仪同三","3","2","5"
"邑前二千户","5","0","5"
"晋公护东伐","5","0","5"
"刺史华皎举","3","2","5"
"史华皎举州","3","2","5"
"加伏波将军","3","2","5"
"时万俟丑奴","2","3","5"
"进位开府仪","4","1","5"
"奴婢一百口","5","0","5"
"齐神武举兵","5","0","5"
"太祖复弘农","5","0","5"
"十二大将军","3","2","5"
"授宣威将军","3","2","5"
"追赠柱国大","4","1","5"
"赠柱国大将","4","1","5"
"寻进车骑大","5","0","5"
"稽胡郝阿保","3","2","5"
"萧宝夤西征","2","3","5"
"万俟丑奴等","3","2","5"
"梁宜丰侯萧","4","1","5"
"广陵王元欣","1","4","5"
"除宜州刺史","5","0","5"
"应侯莫陈崇","2","3","5"
"获郡守一人","2","3","5"
"独孤信入洛","5","0","5"
"州刺史史宁","3","2","5"
"授辅国将军","3","2","5"
"将军宇文贵","3","2","5"
"加授仪同三","1","4","5"
"加授开府仪","1","4","5"
"梁元帝承制","4","1","5"
"城二郡太守","2","3","5"
"离京前往封","0","5","5"
"京前往封国","0","5","5"
"贺拔胜认为","0","5","5"
"合我的心意","0","5","5"
"任命周惠达","0","5","5"
"命周惠达为","0","5","5"
"为秦州刺史","0","5","5"
"东魏将领高","0","5","5"
"公尉迟迥为","0","5","5"
"夏季四月乙","0","5","5"
"宇文宪为大","0","5","5"
"元年春季正","0","5","5"
"为益州总管","0","5","5"
"宣帝即位后","0","5","5"
"他被追赠为","0","5","5"
"官至开府仪","0","5","5"
"多次升迁为","0","5","5"
"为镇远将军","0","5","5"
"加授使持节","0","5","5"
"后来多次升","0","5","5"
"来多次升迁","0","5","5"
"品州列曹参","0","5","5"
"出任宜州刺","0","5","5"
"任中书舍人","0","5","5"
"在河桥之战","0","5","5"
"河桥之战中","0","5","5"
"增加食邑通","0","5","5"
"加食邑通前","0","5","5"
"任武卫将军","0","5","5"
"兼任尚书右","0","5","5"
"任仪同大将","0","5","5"
"晋升车骑大","0","5","5"
"任威烈将军","0","5","5"
"食邑七百户","0","5","5"
"隋朝开皇初","0","5","5"
"朝开皇初年","0","5","5"
"晋为骠骑大","0","5","5"
"任辅国将军","0","5","5"
"为抚军将军","0","5","5"
"授大丞相府","0","5","5"
"任镇远将军","0","5","5"
"侯莫陈悦被","0","5","5"
"尔朱天光征","0","5","5"
"侯莫陈悦一","0","5","5"
"为武卫将军","0","5","5"
"为侯莫陈悦","0","5","5"
"了侯莫陈悦","0","5","5"
"吐谷浑侵犯","0","5","5"
"太祖派开府","0","5","5"
"派使者贡献","0","5","5"
"韦孝宽等人","0","5","5"
"二年春季正","0","5","5"
"百姓的父母","0","5","5"
"作为他的后","0","5","5"
"国公宇文广","0","5","5"
"使者前来贡","0","5","5"
"者前来贡献","0","5","5"
"行军事演习","0","5","5"
"雁门公田弘","0","5","5"
"武帝前往云","0","5","5"
"帝前往云阳","0","5","5"
"从云阳宫返","0","5","5"
"云阳宫返回","0","5","5"
"原来的官职","0","5","5"
"将领吴明彻","0","5","5"
"孝闵帝继位","0","5","5"
"宇文纯等人","0","5","5"
"能不谨慎吗","0","5","5"
"皇后的父亲","0","5","5"
"公宇文护的","0","5","5"
"提升为柱国","0","5","5"
"太祖讨伐侯","0","5","5"
"祖讨伐侯莫","0","5","5"
"任领军将军","0","5","5"
"为仪同三司","0","5","5"
"任秦州总管","0","5","5"
"高祖命宇文","0","5","5"
"公宇文护被","0","5","5"
"随高祖平定","0","5","5"
"被隋文帝杀","0","5","5"
"隋文帝杀害","0","5","5"
"被齐神武杀","0","5","5"
"齐神武杀害","0","5","5"
"下诏命宇文","0","5","5"
"险要的地方","0","5","5"
"任雍州州牧","0","5","5"
"升爵位为王","0","5","5"
"爵位为王爵","0","5","5"
"第三个儿子","0","5","5"
"母亲以孝顺","0","5","5"
"亲以孝顺闻","0","5","5"
"治理国家的","0","5","5"
"还没有来得","0","5","5"
"即被任命为","0","5","5"
"任尚书左仆","0","5","5"
"涉猎经书史","0","5","5"
"猎经书史籍","0","5","5"
"在那裹安家","0","5","5"
"跟从贺拔岳","0","5","5"
"亲近的人说","0","5","5"
"跟随太祖征","0","5","5"
"任上大将军","0","5","5"
"跟随太祖收","0","5","5"
"齐神武的军","0","5","5"
"神武的军队","0","5","5"
"升为柱国大","0","5","5"
"的一个儿子","0","5","5"
"奴婢一百人","0","5","5"
"任柱国大将","0","5","5"
"跟随贺拔胜","0","5","5"
"他的祖先是","0","5","5"
"太祖擒获窦","0","5","5"
"祖擒获窦泰","0","5","5"
"任龙骧将军","0","5","5"
"步兵骑兵一","0","5","5"
"兵骑兵一万","0","5","5"
"有将帅的才","0","5","5"
"为员外散骑","0","5","5"
"公宇文护束","0","5","5"
"着他的手说","0","5","5"
"听说这件事","0","5","5"
"追赠他为太","0","5","5"
"任宁朔将军","0","5","5"
"跟从魏孝武","0","5","5"
"封地八百户","0","5","5"
"当时人们都","0","5","5"
"为洛州刺史","0","5","5"
"任黄门侍郎","0","5","5"
"原来的一共","0","5","5"
"官至仪同三","0","5","5"
"女儿嫁给他","0","5","5"
"在家中去世","0","5","5"
"魏孝武帝与","0","5","5"
"隋开皇初年","0","5","5"
"孝武帝与齐","0","5","5"
"武帝与齐神","0","5","5"
"帝与齐神武","0","5","5"
"任吏部尚书","0","5","5"
"任雍州别驾","0","5","5"
"认为他说得","0","5","5"
"优秀的人才","0","5","5"
"他为大将军","0","5","5"
"又任命他为","0","5","5"
"跟随魏孝武","0","5","5"
"随魏孝武帝","0","5","5"
"增至一千户","0","5","5"
"跟从大军战","0","5","5"
"从大军战于","0","5","5"
"他的前后功","0","5","5"
"贺兰祥征讨","0","5","5"
"征讨吐谷浑","0","5","5"
"晋升为侯爵","0","5","5"
"就任命他为","0","5","5"
"太祖嘉许他","0","5","5"
"就派遣使者","0","5","5"
"都立下功劳","0","5","5"
"开始担任官","0","5","5"
"始担任官职","0","5","5"
"不久委任为","0","5","5"
"建立六官时","0","5","5"
"基本上与华","0","5","5"
"本上与华夏","0","5","5"
"上与华夏相","0","5","5"
"与华夏相同","0","5","5"
"往东距长安","0","5","5"
"兵部尹公正","2","2","4"
"国公宇文善","2","2","4"
"申州刺史李","2","2","4"
"杨国公王谊","2","2","4"
"上谷昌平人","2","2","4"
"雍州诸军事","2","2","4"
"延绥丹三州","3","1","4"
"宫伯中大夫","2","2","4"
"博陵安平人","2","2","4"
"陇西狄道人","2","2","4"
"东梁州刺史","3","1","4"
"江陵副总管","2","2","4"
"副总管高琳","2","2","4"
"南岐州刺史","2","2","4"
"魏大统元年","2","2","4"
"年春正月己","4","0","4"
"改封安定郡","2","2","4"
"陕州刺史李","2","2","4"
"州刺史李徽","2","2","4"
"刺史李徽伯","2","2","4"
"史宇文仲州","4","0","4"
"随国公杨忠","2","2","4"
"州献三足乌","4","0","4"
"平高公侯伏","2","2","4"
"高公侯伏侯","2","2","4"
"公侯伏侯龙","2","2","4"
"张掖公王杰","2","2","4"
"魏国公李晖","2","2","4"
"广化公丘崇","2","2","4"
"柱国杞国公","2","2","4"
"年春正月癸","4","0","4"
"天元大皇后","2","2","4"
"天右大皇后","2","2","4"
"蒋国公梁睿","2","2","4"
"武乡公崔弘","2","2","4"
"乡公崔弘度","2","2","4"
"长宁公杨勇","2","2","4"
"太宰元天穆","2","2","4"
"八防诸军事","2","2","4"
"代郡武川人","2","2","4"
"加征西将军","3","1","4"
"太子武卫率","2","2","4"
"十一防诸军","2","2","4"
"一防诸军事","2","2","4"
"大丞相府司","2","2","4"
"九州诸军事","2","2","4"
"虞部下大夫","2","2","4"
"记室参军事","2","2","4"
"御伯下大夫","2","2","4"
"右银青光禄","2","2","4"
"国大将军府","2","2","4"
"四平前后左","2","2","4"
"平前后左右","2","2","4"
"府列曹参军","2","2","4"
"尉迟迥围洛","4","0","4"
"迟迥围洛阳","4","0","4"
"凉甘瓜三州","2","2","4"
"甘瓜三州诸","2","2","4"
"瓜三州诸军","2","2","4"
"稍伯中大夫","2","2","4"
"尚书驾部郎","2","2","4"
"书驾部郎中","2","2","4"
"三千九百户","2","2","4"
"邑一千四百","2","2","4"
"上仪同三司","2","2","4"
"一千七百户","2","2","4"
"豳三州刺史","2","2","4"
"迁事黄门侍","4","0","4"
"礼部下大夫","2","2","4"
"十一州诸军","2","2","4"
"一州诸军事","2","2","4"
"司水中大夫","2","2","4"
"计部中大夫","2","2","4"
"加宁朔将军","3","1","4"
"齐洛州刺史","3","1","4"
"丞相府士曹","2","2","4"
"官府都上士","2","2","4"
"赠辅国将军","2","2","4"
"大丞相府墨","2","2","4"
"小载师下大","2","2","4"
"载师下大夫","2","2","4"
"司徒左长史","2","2","4"
"赠仪同三司","2","2","4"
"州总管府司","2","2","4"
"加卫大将军","2","2","4"
"二千石郎中","2","2","4"
"转御正中大","4","0","4"
"迁通直散骑","4","0","4"
"潼关等六防","2","2","4"
"关等六防诸","2","2","4"
"等六防诸军","2","2","4"
"司武上大夫","2","2","4"
"除车骑大将","4","0","4"
"邑一千三百","2","2","4"
"等十三州诸","2","2","4"
"四州五防诸","2","2","4"
"三千五百户","2","2","4"
"魏大统十六","2","2","4"
"吴兴武康人","2","2","4"
"迁辅国将军","4","0","4"
"逊教授诸子","2","2","4"
"遂伯中大夫","2","2","4"
"授骠骑将军","3","1","4"
"安公尉迟迥","2","2","4"
"府田曹参军","2","2","4"
"中记室参军","2","2","4"
"太子门大夫","2","2","4"
"府法曹参军","2","2","4"
"县伯下大夫","2","2","4"
"帅夏州刺史","2","2","4"
"刺史刘平伏","2","2","4"
"刘平伏上郡","4","0","4"
"沃野镇人破","2","2","4"
"野镇人破六","2","2","4"
"镇人破六汗","2","2","4"
"人破六汗拔","2","2","4"
"六汗拔陵作","2","2","4"
"汗拔陵作乱","2","2","4"
"侯莫陈悦本","1","3","4"
"斛拔弥俄突","2","2","4"
"灵州刺史曹","2","2","4"
"州刺史曹泥","2","2","4"
"豆陵伊利等","2","2","4"
"都督侯莫陈","2","2","4"
"侯莫陈崇率","1","3","4"
"麾下数十骑","3","1","4"
"引吐谷浑寇","3","1","4"
"增邑前五千","4","0","4"
"邑前五千户","4","0","4"
"长史贺若统","2","2","4"
"刺史鹿永吉","2","2","4"
"太祖遣开府","4","0","4"
"七年春三月","2","2","4"
"都督令狐延","2","2","4"
"大都督韦孝","2","2","4"
"河南大行台","2","2","4"
"太祖遣大将","4","0","4"
"祖遣大将军","4","0","4"
"遣大将军赵","3","1","4"
"大都督符贵","2","2","4"
"开府杨忠率","2","2","4"
"仆射长孙俭","2","2","4"
"六年春正月","3","1","4"
"魏帝封太祖","2","2","4"
"都督中外诸","2","2","4"
"斩首数千级","3","1","4"
"州刺史王琳","2","2","4"
"豫州刺史司","2","2","4"
"州刺史司马","2","2","4"
"刺史司马消","2","2","4"
"史司马消难","2","2","4"
"宁蜀公尉迟","2","2","4"
"厥遣使献方","4","0","4"
"博陵公贺兰","2","2","4"
"陵公贺兰祥","2","2","4"
"荧惑犯太微","4","0","4"
"惑犯太微上","4","0","4"
"十二月壬午","2","2","4"
"年春正月辛","4","0","4"
"遣使献名马","4","0","4"
"将军宇文盛","2","2","4"
"吐谷浑遣使","4","0","4"
"谷浑遣使献","4","0","4"
"浑遣使献方","4","0","4"
"上亲率六军","4","0","4"
"十二月癸巳","2","2","4"
"大将军郑恪","2","2","4"
"莒庄公洛生","4","0","4"
"小司寇淮南","2","2","4"
"司寇淮南公","2","2","4"
"寇淮南公元","2","2","4"
"淮南公元伟","2","2","4"
"前一军总管","2","2","4"
"前三军总管","2","2","4"
"后一军总管","2","2","4"
"后二军总管","2","2","4"
"后三军总管","2","2","4"
"右一军总管","2","2","4"
"右二军总管","2","2","4"
"左一军总管","2","2","4"
"左二军总管","2","2","4"
"刺史崔景嵩","2","2","4"
"海昌王尉相","2","2","4"
"昌王尉相贵","2","2","4"
"齐昌王莫多","2","2","4"
"昌王莫多娄","2","2","4"
"王莫多娄敬","2","2","4"
"莫多娄敬显","2","2","4"
"齐定州刺史","2","2","4"
"徐州总管梁","2","2","4"
"州总管梁士","2","2","4"
"总管梁士彦","2","2","4"
"郯国公王轨","2","2","4"
"平公宇文神","2","2","4"
"州总管尉迟","2","2","4"
"清河公杨素","2","2","4"
"天元皇帝臣","2","2","4"
"寻进位柱国","4","0","4"
"陇右大都督","2","2","4"
"等十五州诸","2","2","4"
"元年十二月","2","2","4"
"达奚武率众","3","1","4"
"时晋公护执","4","0","4"
"大将军韩欢","2","2","4"
"柱国侯莫陈","2","2","4"
"率步骑一万","4","0","4"
"宣政元年二","2","2","4"
"政元年二月","2","2","4"
"州刺史蔡泽","2","2","4"
"前军大都督","2","2","4"
"增邑六百户","4","0","4"
"迁武卫将军","4","0","4"
"州刺史长孙","2","2","4"
"荆州刺史李","2","2","4"
"州刺史李魔","2","2","4"
"刺史李魔怜","2","2","4"
"中军大都督","2","2","4"
"关中大行台","2","2","4"
"第一民酋长","4","0","4"
"擒万俟丑奴","3","1","4"
"宾部中大夫","2","2","4"
"贺拔岳讨万","4","0","4"
"拔岳讨万俟","4","0","4"
"岳讨万俟丑","4","0","4"
"悦害贺拔岳","4","0","4"
"爵义城郡公","2","2","4"
"行台樊子鹄","2","2","4"
"太祖帐内都","2","2","4"
"祖帐内都督","2","2","4"
"太子中庶子","2","2","4"
"除镇远将军","4","0","4"
"防城大都督","2","2","4"
"魏陕州刺史","2","2","4"
"齐神武沙苑","4","0","4"
"等二十州诸","2","2","4"
"太子右卫率","2","2","4"
"太祖战邙山","4","0","4"
"赐奴婢一百","3","1","4"
"通前一千五","4","0","4"
"前一千五百","4","0","4"
"授岐州刺史","3","1","4"
"司门下大夫","2","2","4"
"大驭中大夫","2","2","4"
"赐爵安平县","3","1","4"
"司土中大夫","2","2","4"
"二千七百户","2","2","4"
"褐员外散骑","4","0","4"
"行台慕容绍","2","2","4"
"台慕容绍宗","2","2","4"
"府中兵参军","2","2","4"
"司徒高敖曹","2","2","4"
"丰侯萧循固","3","1","4"
"侯萧循固守","3","1","4"
"迎魏孝武功","4","0","4"
"增邑前四千","4","0","4"
"渭州民郑五","3","1","4"
"州民郑五丑","3","1","4"
"留后大都督","2","2","4"
"大统十一年","2","2","4"
"增邑前一千","4","0","4"
"追赠上柱国","2","2","4"
"昌乐大长公","2","2","4"
"乐大长公主","2","2","4"
"晋公护东讨","4","0","4"
"魏正光五年","2","2","4"
"梁州刺史杨","2","2","4"
"十八州诸军","2","2","4"
"齐王萧宝夤","2","2","4"
"华州大中正","2","2","4"
"孝武齐神武","4","0","4"
"南豳州刺史","2","2","4"
"迁员外散骑","4","0","4"
"丹三州刺史","2","2","4"
"时年四十九","3","1","4"
"赐姓贺兰氏","2","2","4"
"七防诸军事","2","2","4"
"授太子少傅","2","2","4"
"梁岳阳王萧","2","2","4"
"典祀中大夫","2","2","4"
"加平东将军","4","0","4"
"讨平侯莫陈","1","3","4"
"时年六十四","3","1","4"
"孤信入洛阳","4","0","4"
"伏龙等五城","2","2","4"
"授车骑将军","1","3","4"
"驾部中大夫","2","2","4"
"司织下大夫","2","2","4"
"帐内大都督","2","2","4"
"河内公独孤","2","2","4"
"内公独孤信","2","2","4"
"巴西人谯淹","2","2","4"
"时年四十五","2","2","4"
"太子左庶子","2","2","4"
"柱国豆卢宁","2","2","4"
"丞相府参军","2","2","4"
"相府参军事","2","2","4"
"功授辅国将","3","1","4"
"中外府司马","2","2","4"
"相斛律明月","2","2","4"
"司仓下大夫","2","2","4"
"司卫上大夫","2","2","4"
"邑通前五千","2","2","4"
"通前五千户","2","2","4"
"尚书长孙绍","2","2","4"
"书长孙绍远","2","2","4"
"州十五镇诸","2","2","4"
"十五镇诸军","2","2","4"
"尚书周弘正","2","2","4"
"氐帅盖闹等","2","2","4"
"凤州人仇周","2","2","4"
"州人仇周贡","2","2","4"
"司邑下大夫","2","2","4"
"城阳王元徽","2","2","4"
"行台薛循义","2","2","4"
"魏孝明帝挽","2","2","4"
"孝明帝挽郎","2","2","4"
"丞相府右长","2","2","4"
"相府右长史","2","2","4"
"州白马傥城","2","2","4"
"白马傥城二","2","2","4"
"马傥城二防","2","2","4"
"傥城二防诸","2","2","4"
"城二防诸军","2","2","4"
"尚书吏部郎","2","2","4"
"司徒府参军","2","2","4"
"徒府参军事","2","2","4"
"中外府乐曹","2","2","4"
"外府乐曹参","2","2","4"
"府乐曹参军","2","2","4"
"府功曹参军","2","2","4"
"小宗伯卢辩","2","2","4"
"南青州刺史","2","2","4"
"加轻车将军","2","2","4"
"总管府司录","2","2","4"
"行台贺拔岳","2","2","4"
"临淄公唐瑾","2","2","4"
"黄门侍郎徐","2","2","4"
"州都督府长","2","2","4"
"都督府长史","2","2","4"
"师氏下大夫","2","2","4"
"加授上开府","1","3","4"
"春秋左氏传","2","2","4"
"彭城二郡太","2","2","4"
"前后十余战","2","2","4"
"向五子王等","2","2","4"
"江陵总管陆","2","2","4"
"陵总管陆腾","2","2","4"
"大司马贺兰","2","2","4"
"司马贺兰祥","2","2","4"
"而获罪被诛","0","4","4"
"获罪被诛杀","0","4","4"
"不再说什么","0","4","4"
"继承了他的","0","4","4"
"承了他的爵","0","4","4"
"他就是这样","0","4","4"
"治理天下的","0","4","4"
"的地方长官","0","4","4"
"曾经对他说","0","4","4"
"兼任大行台","0","4","4"
"加食邑二百","0","4","4"
"任为大将军","0","4","4"
"公达奚武为","0","4","4"
"公尉迟纲为","0","4","4"
"州进献三足","0","4","4"
"太白星侵犯","0","4","4"
"袍罕公辛威","0","4","4"
"罕公辛威为","0","4","4"
"公宇文亮为","0","4","4"
"春季正月癸","0","4","4"
"被追赠为使","0","4","4"
"追赠为使持","0","4","4"
"为征虏将军","0","4","4"
"授任车骑大","0","4","4"
"任金州总管","0","4","4"
"任河州刺史","0","4","4"
"授任帅都督","0","4","4"
"当时齐神武","0","4","4"
"尉迟迥包围","0","4","4"
"任鄘州刺史","0","4","4"
"任征西将军","0","4","4"
"官至大将军","0","4","4"
"任延州总管","0","4","4"
"为给事黄门","0","4","4"
"任民部中大","0","4","4"
"随从魏孝武","0","4","4"
"为平东将军","0","4","4"
"任尚书左丞","0","4","4"
"独孤信镇守","0","4","4"
"转任御正中","0","4","4"
"从太祖战于","0","4","4"
"随从大将军","0","4","4"
"晋为车骑大","0","4","4"
"尉迟迥征伐","0","4","4"
"迟迥征伐蜀","0","4","4"
"迥征伐蜀地","0","4","4"
"北海王元颢","0","4","4"
"别将的身份","0","4","4"
"将的身份跟","0","4","4"
"打败万俟丑","0","4","4"
"败万俟丑奴","0","4","4"
"北魏孝武帝","0","4","4"
"三年春季正","0","4","4"
"哥哥的儿子","0","4","4"
"率步兵骑兵","0","4","4"
"魏孝武帝就","0","4","4"
"东魏派将领","0","4","4"
"轻装骑兵追","0","4","4"
"食邑增至五","0","4","4"
"邑增至五千","0","4","4"
"增至五千户","0","4","4"
"独孤信率领","0","4","4"
"坐骑被乱箭","0","4","4"
"骑被乱箭射","0","4","4"
"行大规模阅","0","4","4"
"大规模阅兵","0","4","4"
"在任职期间","0","4","4"
"活捉柳仲礼","0","4","4"
"国雍州刺史","0","4","4"
"冬季十月癸","0","4","4"
"明帝下诏说","0","4","4"
"夏季四月己","0","4","4"
"冬季十月辛","0","4","4"
"厥派使者进","0","4","4"
"公宇文直为","0","4","4"
"有什么值得","0","4","4"
"贡献当地土","0","4","4"
"献当地土特","0","4","4"
"当地土特产","0","4","4"
"在正武殿举","0","4","4"
"秋季七月戊","0","4","4"
"火星侵犯太","0","4","4"
"星侵犯太微","0","4","4"
"夏季四月甲","0","4","4"
"春季正月辛","0","4","4"
"武帝从同州","0","4","4"
"帝从同州返","0","4","4"
"从同州返回","0","4","4"
"诏令大将军","0","4","4"
"前来贡献土","0","4","4"
"秋季七月辛","0","4","4"
"山公宇文训","0","4","4"
"北齐派使者","0","4","4"
"齐派使者前","0","4","4"
"将领斛律明","0","4","4"
"领斛律明月","0","4","4"
"司马消难为","0","4","4"
"武帝从云阳","0","4","4"
"帝从云阳宫","0","4","4"
"王宇文纯为","0","4","4"
"代王宇文达","0","4","4"
"率精锐骑兵","0","4","4"
"的礼节对待","0","4","4"
"礼节对待他","0","4","4"
"陈国将领吴","0","4","4"
"国将领吴明","0","4","4"
"滕王宇文迪","0","4","4"
"豆卢宁征讨","0","4","4"
"魏孝武帝的","0","4","4"
"宣帝去世后","0","4","4"
"皇后出家为","0","4","4"
"后出家为尼","0","4","4"
"美好的声誉","0","4","4"
"晋升大将军","0","4","4"
"任陕州总管","0","4","4"
"跟随高祖平","0","4","4"
"任泾州刺史","0","4","4"
"可以称得上","0","4","4"
"以称得上是","0","4","4"
"太祖高兴地","0","4","4"
"祖高兴地说","0","4","4"
"宇文护执掌","0","4","4"
"率领一千骑","0","4","4"
"领一千骑兵","0","4","4"
"的实际情况","0","4","4"
"的妻子儿女","0","4","4"
"奉母亲以孝","0","4","4"
"的女儿为妻","0","4","4"
"的弟弟宇文","0","4","4"
"和齐王宇文","0","4","4"
"出任秦州总","0","4","4"
"郡一万户人","0","4","4"
"一万户人家","0","4","4"
"万户人家作","0","4","4"
"户人家作为","0","4","4"
"在朝廷内外","0","4","4"
"食邑增加二","0","4","4"
"邑增加二千","0","4","4"
"增加二千户","0","4","4"
"任命为大将","0","4","4"
"命为大将军","0","4","4"
"尔朱天光入","0","4","4"
"升任开府仪","0","4","4"
"尔朱天光西","0","4","4"
"害贺拔岳后","0","4","4"
"第一领民酋","0","4","4"
"一领民酋长","0","4","4"
"议迎接太祖","0","4","4"
"跟随太祖讨","0","4","4"
"击败了他们","0","4","4"
"跟随太祖平","0","4","4"
"随太祖平定","0","4","4"
"大统十三年","0","4","4"
"他的儿子李","0","4","4"
"高祖平定齐","0","4","4"
"帝向西迁徙","0","4","4"
"提升为大将","0","4","4"
"辅佐帝王的","0","4","4"
"他的一个儿","0","4","4"
"贺兰祥讨伐","0","4","4"
"兰祥讨伐吐","0","4","4"
"祥讨伐吐谷","0","4","4"
"升为大都督","0","4","4"
"西入函谷关","0","4","4"
"闵帝登基后","0","4","4"
"命令独孤信","0","4","4"
"梁武帝认为","0","4","4"
"武帝认为他","0","4","4"
"追赠独孤信","0","4","4"
"文帝登基后","0","4","4"
"增至二千户","0","4","4"
"举止安详文","0","4","4"
"止安详文雅","0","4","4"
"随太祖征讨","0","4","4"
"征讨侯莫陈","0","4","4"
"束雍州刺史","0","4","4"
"的身份镇守","0","4","4"
"都督的身份","0","4","4"
"将帅的才能","0","4","4"
"魏孝武帝向","0","4","4"
"率领军队讨","0","4","4"
"领军队讨伐","0","4","4"
"任同州刺史","0","4","4"
"宇文护束征","0","4","4"
"当时的舆论","0","4","4"
"任车骑将军","0","4","4"
"增加封地一","0","4","4"
"加封地一千","0","4","4"
"增加封地八","0","4","4"
"加封地八百","0","4","4"
"授任使持节","0","4","4"
"纳了他的建","0","4","4"
"元颢进入洛","0","4","4"
"宇文贵等人","0","4","4"
"到齐神武帝","0","4","4"
"先冲入敌阵","0","4","4"
"于谨讨伐江","0","4","4"
"谨讨伐江陵","0","4","4"
"魏正光年间","0","4","4"
"去世的时候","0","4","4"
"增加封地连","0","4","4"
"加封地连原","0","4","4"
"封地连原来","0","4","4"
"地连原来的","0","4","4"
"连原来的一","0","4","4"
"在京师去世","0","4","4"
"对亲近的人","0","4","4"
"梁元帝十分","0","4","4"
"把女儿嫁给","0","4","4"
"任行台左丞","0","4","4"
"推举为秀才","0","4","4"
"没有多余的","0","4","4"
"都流行于世","0","4","4"
"有志向节操","0","4","4"
"追赠原任官","0","4","4"
"赠原任官职","0","4","4"
"兰祥征讨吐","0","4","4"
"祥征讨吐谷","0","4","4"
"与齐神武帝","0","4","4"
"到如此地步","0","4","4"
"大军战于河","0","4","4"
"军战于河桥","0","4","4"
"为车骑将军","0","4","4"
"讨平了他们","0","4","4"
"为散骑常侍","0","4","4"
"置公宇文护","0","4","4"
"为司宪中大","0","4","4"
"王思政镇守","0","4","4"
"晋升为大将","0","4","4"
"于谨平定江","0","4","4"
"孝闵帝登上","0","4","4"
"听到这个消","0","4","4"
"到这个消息","0","4","4"
"建德年间以","0","4","4"
"德年间以后","0","4","4"
"函谷关以东","0","4","4"
"为记室参军","0","4","4"
"朝廷嘉奖他","0","4","4"
"上表请求退","0","4","4"
"表请求退休","0","4","4"
"又派遣杨荐","0","4","4"
"小喜好学习","0","4","4"
"率领所部军","0","4","4"
"领所部军队","0","4","4"
"嫁给他为妻","0","4","4"
"担任官职为","0","4","4"
"对令狐整说","0","4","4"
"食邑增加至","0","4","4"
"为黄门侍郎","0","4","4"
"任中书侍郎","0","4","4"
"没有固定的","0","4","4"
"任命刘璠为","0","4","4"
"函谷关以南","0","4","4"
"为乡里所称","0","4","4"
"乡里所称赞","0","4","4"
"辩所述六官","2","1","3"
"北平公寇绍","2","1","3"
"天水南安人","2","1","3"
"元天穆讨邢","3","0","3"
"天穆讨邢杲","3","0","3"
"除骠骑大将","3","0","3"
"东雍州诸军","2","1","3"
"密北豫州附","3","0","3"
"赐爵千乘县","2","1","3"
"齐将东方老","2","1","3"
"春正月己酉","3","0","3"
"侯莫陈崇大","3","0","3"
"王后独孤氏","2","1","3"
"武阳公豆卢","2","1","3"
"阳公豆卢宁","2","1","3"
"益州献三足","3","0","3"
"四年春正月","3","0","3"
"年春正月戊","3","0","3"
"天左大皇后","2","1","3"
"定冀等十州","2","1","3"
"冀等十州诸","2","1","3"
"除益州总管","3","0","3"
"随太宰元天","1","2","3"
"宰元天穆讨","2","1","3"
"授仪同大将","2","1","3"
"迁镇远将军","3","0","3"
"赐姓乌丸氏","2","1","3"
"迁抚军将军","3","0","3"
"太祖大将军","2","1","3"
"授兵部中大","2","1","3"
"位上大将军","3","0","3"
"假骠骑大将","2","1","3"
"东义州刺史","2","1","3"
"加安西将军","2","1","3"
"累迁使持节","3","0","3"
"谨南伐江陵","2","1","3"
"都督益潼等","2","1","3"
"补帐内都督","2","1","3"
"加上大将军","2","1","3"
"进爵蓝田县","3","0","3"
"卫公直镇襄","3","0","3"
"公直镇襄州","3","0","3"
"荥阳开封人","2","1","3"
"魏将作大匠","2","1","3"
"元天穆讨平","2","1","3"
"转华州刺史","3","0","3"
"除征虏将军","3","0","3"
"加骠骑将军","2","1","3"
"授建威将军","1","2","3"
"转工部中大","2","1","3"
"转民部中大","3","0","3"
"魏废帝三年","2","1","3"
"加宣威将军","2","1","3"
"寻加骠骑大","3","0","3"
"赐姓乙弗氏","2","1","3"
"进号中军将","2","1","3"
"号中军将军","2","1","3"
"增邑七百户","3","0","3"
"赠散骑常侍","2","1","3"
"赠车骑大将","2","1","3"
"独孤信镇洛","3","0","3"
"孤信镇洛阳","3","0","3"
"琅邪临沂人","2","1","3"
"梁大同元年","2","1","3"
"封安化县公","2","1","3"
"太祖战河桥","3","0","3"
"功授征虏将","1","2","3"
"信江随二郢","2","1","3"
"江随二郢淅","2","1","3"
"行荆州刺史","3","0","3"
"称巴州刺史","2","1","3"
"陈将程文季","2","1","3"
"进仪同三司","3","0","3"
"宋员外散骑","2","1","3"
"元帝平侯景","3","0","3"
"爵北绛郡公","2","1","3"
"授平东将军","2","1","3"
"诏开府陆腾","3","0","3"
"南岐州氐苻","2","1","3"
"岐州氐苻安","2","1","3"
"州氐苻安寿","2","1","3"
"俟斤遣使献","3","0","3"
"万俟丑奴作","2","1","3"
"俟丑奴作乱","2","1","3"
"行台尉迟菩","2","1","3"
"台尉迟菩萨","2","1","3"
"迁征西将军","3","0","3"
"天光东拒齐","3","0","3"
"光东拒齐神","3","0","3"
"东拒齐神武","3","0","3"
"通使齐神武","3","0","3"
"魏永熙三年","1","2","3"
"大都督赵贵","2","1","3"
"太祖谓诸将","3","0","3"
"祖谓诸将曰","3","0","3"
"故关西大都","2","1","3"
"太祖率轻骑","2","1","3"
"定引吐谷浑","3","0","3"
"雍州刺史贾","2","1","3"
"州刺史贾显","2","1","3"
"清水公贺拔","1","2","3"
"水公贺拔岳","1","2","3"
"封安定郡公","2","1","3"
"率步骑二万","3","0","3"
"太祖率诸将","3","0","3"
"史高仲密举","3","0","3"
"府独孤信讨","2","1","3"
"王思政颍川","3","0","3"
"梁司州刺史","3","0","3"
"竟陵郡守孙","2","1","3"
"遣开府杨忠","2","1","3"
"州刺史杨干","3","0","3"
"刺史杨干运","3","0","3"
"立萧察梁主","3","0","3"
"太祖临夏州","3","0","3"
"昌平公尉迟","2","1","3"
"平公尉迟纲","2","1","3"
"司马消难举","3","0","3"
"晋公护雍州","3","0","3"
"降死罪一等","2","1","3"
"昌遣使献方","3","0","3"
"犯太微上将","3","0","3"
"魏大统九年","1","2","3"
"帝御正武殿","3","0","3"
"柱国杨忠率","2","1","3"
"江陵等总管","2","1","3"
"龙涸王莫昌","2","1","3"
"涸王莫昌率","2","1","3"
"开府陆腾讨","2","1","3"
"皇后阿史氏","3","0","3"
"后阿史氏突","3","0","3"
"阿史氏突厥","3","0","3"
"行幸醴泉宫","3","0","3"
"亲率六军讲","3","0","3"
"率六军讲武","3","0","3"
"六军讲武城","3","0","3"
"军讲武城南","3","0","3"
"大将军赵誾","3","0","3"
"齐宜阳等九","2","1","3"
"宜阳等九城","3","0","3"
"月犯心中星","3","0","3"
"诸军都督上","3","0","3"
"司武尉迟运","2","1","3"
"宪率众二万","3","0","3"
"齐陆浑等五","2","1","3"
"陆浑等五城","2","1","3"
"步骑一万守","3","0","3"
"步骑五千守","3","0","3"
"安德王高延","1","2","3"
"德王高延宗","1","2","3"
"东平公宇文","2","1","3"
"皇太后尊号","3","0","3"
"邵国公宇文","1","2","3"
"睿行军元帅","3","0","3"
"帝元皇后名","2","1","3"
"高祖行亲迎","2","1","3"
"除岐州刺史","3","0","3"
"律明月率众","3","0","3"
"使突厥迎皇","2","1","3"
"突厥迎皇后","2","1","3"
"攻梁下溠戍","3","0","3"
"大都督独孤","2","1","3"
"都督独孤信","2","1","3"
"胜引兵赴洛","3","0","3"
"能左右驰射","3","0","3"
"万俟道洛率","1","2","3"
"朱天光西讨","3","0","3"
"陇右诸军事","2","1","3"
"莫陈悦害岳","3","0","3"
"寻进位骠骑","3","0","3"
"独孤信复洛","3","0","3"
"孤信复洛阳","3","0","3"
"时年五十三","2","1","3"
"贺拔胜攻克","1","2","3"
"魏怀荒镇将","2","1","3"
"破万俟丑奴","3","0","3"
"神武逼洛阳","3","0","3"
"东魏陕州刺","2","1","3"
"授华州刺史","2","1","3"
"除雍州刺史","3","0","3"
"封新野郡公","1","2","3"
"侯莫陈崇等","1","2","3"
"民所措手足","3","0","3"
"除通直散骑","3","0","3"
"军豆卢宁讨","2","1","3"
"授伏波将军","2","1","3"
"慕容绍宗等","2","1","3"
"爵浮阳郡公","2","1","3"
"魏将侯景等","3","0","3"
"封魏宁县公","2","1","3"
"时年五十五","3","0","3"
"功授上开府","2","1","3"
"除泾州刺史","3","0","3"
"封彭城郡公","2","1","3"
"入司会中大","3","0","3"
"姓纥豆陵氏","2","1","3"
"同谋翊戴太","3","0","3"
"谋翊戴太祖","3","0","3"
"魏广阳王深","3","0","3"
"爵魏昌县伯","3","0","3"
"爵长乐郡公","3","0","3"
"通前二千二","3","0","3"
"前二千二百","3","0","3"
"侯莫陈悦守","1","2","3"
"侯莫陈崇讨","2","1","3"
"东魏遣行台","3","0","3"
"行台任祥率","2","1","3"
"爵安平县侯","2","1","3"
"议翊戴太祖","3","0","3"
"破齐神武沙","3","0","3"
"士卒八千人","1","2","3"
"东秦州刺史","2","1","3"
"萧循固守南","2","1","3"
"循固守南郑","2","1","3"
"陵王萧纪遣","3","0","3"
"除华州刺史","3","0","3"
"东魏战邙山","3","0","3"
"傍乞铁匆郑","3","0","3"
"乞铁匆郑五","3","0","3"
"铁匆郑五丑","3","0","3"
"匆郑五丑等","3","0","3"
"讨稽胡郝阿","2","1","3"
"等五州诸军","1","2","3"
"迁右卫将军","3","0","3"
"羌酋傍乞铁","3","0","3"
"酋傍乞铁匆","3","0","3"
"东魏荆州刺","2","1","3"
"魏荆州刺史","2","1","3"
"荆州刺史辛","2","1","3"
"州刺史辛纂","2","1","3"
"显蔚四州诸","2","1","3"
"蔚四州诸军","2","1","3"
"突厥木汗汗","3","0","3"
"死者十四五","3","0","3"
"晋公护东征","3","0","3"
"太祖尝谓曰","3","0","3"
"加威烈将军","2","1","3"
"赠上大将军","2","1","3"
"位上仪同大","3","0","3"
"神武举兵入","3","0","3"
"武举兵入洛","3","0","3"
"废帝二年春","1","2","3"
"襄州总管王","2","1","3"
"州总管王谊","2","1","3"
"魏齐王萧宝","2","1","3"
"太祖平侯莫","3","0","3"
"祖平侯莫陈","3","0","3"
"武齐神武隙","3","0","3"
"爵华山郡公","2","1","3"
"封宜阳县公","1","2","3"
"除车骑将军","3","0","3"
"府谘议参军","2","1","3"
"相府东合祭","3","0","3"
"府东合祭酒","3","0","3"
"赠晋州刺史","2","1","3"
"授上开府仪","1","2","3"
"朱天光率兵","1","2","3"
"贺拔岳侯莫","3","0","3"
"拔岳侯莫陈","3","0","3"
"开府潘招讨","2","1","3"
"将段孝先率","3","0","3"
"西夏州刺史","1","2","3"
"太祖讨平侯","1","2","3"
"祖讨平侯莫","1","2","3"
"除河东郡守","3","0","3"
"尝谓诸将曰","3","0","3"
"授威烈将军","2","1","3"
"公杨忠东伐","3","0","3"
"东夏州刺史","2","1","3"
"贺拔胜荆州","3","0","3"
"豆卢宁等讨","2","1","3"
"父勋赐爵武","3","0","3"
"赐爵清河县","2","1","3"
"爵清河县伯","2","1","3"
"攻围东梁州","2","1","3"
"赠秦州刺史","2","1","3"
"授镇远将军","1","2","3"
"除正平郡守","3","0","3"
"爵许昌县公","2","1","3"
"刺史叱罗协","2","1","3"
"授御正中大","1","2","3"
"宣政元年四","2","1","3"
"政元年四月","2","1","3"
"加授上柱国","1","2","3"
"吐谷浑入寇","3","0","3"
"时隋文帝执","1","2","3"
"任淅州刺史","1","2","3"
"进爵安乐郡","2","1","3"
"爵安乐郡公","2","1","3"
"麟趾殿学士","1","2","3"
"丞相斛律明","1","2","3"
"东徐州刺史","2","1","3"
"时军国草创","3","0","3"
"爵中都县伯","2","1","3"
"隋文帝丞相","3","0","3"
"魏孝武齐神","3","0","3"
"迁黄门侍郎","3","0","3"
"孝武西迁后","3","0","3"
"开府李延孙","2","1","3"
"行南秦州事","3","0","3"
"授河北郡守","2","1","3"
"华皎举州归","1","2","3"
"朱荣杀害朝","1","2","3"
"遣行台薛循","2","1","3"
"时年五十九","3","0","3"
"行武功郡事","3","0","3"
"太祖解洛阳","2","1","3"
"前一千六百","3","0","3"
"迁行台左丞","2","1","3"
"时年六十一","2","1","3"
"授员外散骑","2","1","3"
"封平阳县子","2","1","3"
"布帛二百匹","1","2","3"
"随例迁长安","3","0","3"
"授冠军将军","1","2","3"
"齐神武专政","2","1","3"
"爵清河郡公","2","1","3"
"等三百余人","2","1","3"
"布帛三百匹","1","2","3"
"授平南将军","1","2","3"
"授洛州刺史","1","2","3"
"汝南王萧大","1","2","3"
"南王萧大封","1","2","3"
"文集二十卷","1","2","3"
"王府记室参","1","2","3"
"任隆州总管","1","2","3"
"斩首万余级","2","1","3"
"凉州刺史史","2","1","3"
"王遣使献方","3","0","3"
"东长安一万","3","0","3"
"十二月一日","1","2","3"
"所说的那样","0","3","3"
"宇文孝伯回","0","3","3"
"参与河桥之","0","3","3"
"与河桥之战","0","3","3"
"又跟从太祖","0","3","3"
"德才兼备的","0","3","3"
"才兼备的人","0","3","3"
"共同治理天","0","3","3"
"同治理天下","0","3","3"
"我们这些人","0","3","3"
"广泛阅读经","0","3","3"
"泛阅读经史","0","3","3"
"官吏百姓都","0","3","3"
"他与众不同","0","3","3"
"跟随独孤信","0","3","3"
"位至开府仪","0","3","3"
"善于鉴别人","0","3","3"
"于鉴别人才","0","3","3"
"于是赐名为","0","3","3"
"败齐国将领","0","3","3"
"将领段孝先","0","3","3"
"任命太祖为","0","3","3"
"侯莫陈崇为","0","3","3"
"莫陈崇为大","0","3","3"
"辅城公宇文","0","3","3"
"城公宇文邕","0","3","3"
"公宇文邕为","0","3","3"
"为陕州总管","0","3","3"
"为蒲州总管","0","3","3"
"秋季七月己","0","3","3"
"益州进献三","0","3","3"
"武公李穆为","0","3","3"
"公宇文宪为","0","3","3"
"为泾州总管","0","3","3"
"为梁州总管","0","3","3"
"侯莫陈琼为","0","3","3"
"四年春季正","0","3","3"
"春季正月戊","0","3","3"
"为襄州总管","0","3","3"
"冬季十月戊","0","3","3"
"为仪同大将","0","3","3"
"王宇文宪的","0","3","3"
"国公杨坚为","0","3","3"
"国公李穆为","0","3","3"
"氏为皇太后","0","3","3"
"汉王宇文赞","0","3","3"
"秦王宇文贽","0","3","3"
"王宇文贽为","0","3","3"
"封杨皇后为","0","3","3"
"拜任大将军","0","3","3"
"州等十州诸","0","3","3"
"任左光禄大","0","3","3"
"出任岐州刺","0","3","3"
"任荆州总管","0","3","3"
"为荆州总管","0","3","3"
"追赠他为使","0","3","3"
"赠他为使持","0","3","3"
"响应尉迟迥","0","3","3"
"为行台尚书","0","3","3"
"至上仪同大","0","3","3"
"兼任给事黄","0","3","3"
"跟从尉迟迥","0","3","3"
"迟迥包围洛","0","3","3"
"迥包围洛阳","0","3","3"
"官至上大将","0","3","3"
"至上大将军","0","3","3"
"他为车骑大","0","3","3"
"廷追赠他使","0","3","3"
"追赠他使持","0","3","3"
"赠他使持节","0","3","3"
"官拜车骑大","0","3","3"
"拜车骑大将","0","3","3"
"连升大都督","0","3","3"
"食邑九百户","0","3","3"
"加食邑二千","0","3","3"
"食邑一百户","0","3","3"
"任从事中郎","0","3","3"
"兼中书舍人","0","3","3"
"为河州刺史","0","3","3"
"食邑通前三","0","3","3"
"为宜州刺史","0","3","3"
"升任武卫将","0","3","3"
"为荆州刺史","0","3","3"
"任内史中大","0","3","3"
"封为高邑县","0","3","3"
"升骠骑将军","0","3","3"
"为帐内都督","0","3","3"
"晋爵为蓝田","0","3","3"
"爵为蓝田县","0","3","3"
"升迁为都督","0","3","3"
"转任华州刺","0","3","3"
"任陕州刺史","0","3","3"
"任工部中大","0","3","3"
"任恒州刺史","0","3","3"
"迁任使持节","0","3","3"
"任陵州刺史","0","3","3"
"转任中外府","0","3","3"
"为安束将军","0","3","3"
"任陇右总管","0","3","3"
"增加食邑七","0","3","3"
"加食邑七百","0","3","3"
"任都官尚书","0","3","3"
"为伏波将军","0","3","3"
"任司宗中大","0","3","3"
"州诸军事和","0","3","3"
"任江陵总管","0","3","3"
"任命为使持","0","3","3"
"命为使持节","0","3","3"
"城县子爵位","0","3","3"
"梁元帝平定","0","3","3"
"俟斤又遣使","0","3","3"
"斤又遣使来","0","3","3"
"遣使来贡献","0","3","3"
"年少时就有","0","3","3"
"身份跟随尔","0","3","3"
"份跟随尔朱","0","3","3"
"尔朱荣征讨","0","3","3"
"贺拔岳讨伐","0","3","3"
"身份跟随贺","0","3","3"
"份跟随贺拔","0","3","3"
"弟尔朱显寿","0","3","3"
"莫陈悦一起","0","3","3"
"没有不成功","0","3","3"
"有不成功的","0","3","3"
"贺拔岳任关","0","3","3"
"贺拔岳的军","0","3","3"
"是一般的人","0","3","3"
"贺拔岳于是","0","3","3"
"不值得忧虑","0","3","3"
"对将领们说","0","3","3"
"这是国家的","0","3","3"
"侯莫陈悦在","0","3","3"
"的知遇之恩","0","3","3"
"知道侯莫陈","0","3","3"
"太祖就命令","0","3","3"
"兵一万据守","0","3","3"
"圣明的君主","0","3","3"
"命令各位将","0","3","3"
"率领精锐骑","0","3","3"
"领精锐骑兵","0","3","3"
"装骑兵追赶","0","3","3"
"骑兵六千人","0","3","3"
"太祖平定弘","0","3","3"
"祖平定弘农","0","3","3"
"认为敌众我","0","3","3"
"交战数十次","0","3","3"
"独孤信等人","0","3","3"
"辅佐魏太子","0","3","3"
"史高仲密以","0","3","3"
"全州前来归","0","3","3"
"太祖率军迎","0","3","3"
"祖率军迎接","0","3","3"
"包围在颍川","0","3","3"
"太祖奉护魏","0","3","3"
"太祖派大将","0","3","3"
"祖派大将军","0","3","3"
"梁国雍州刺","0","3","3"
"岳阳王萧鮞","0","3","3"
"忠活捉柳仲","0","3","3"
"章武公宇文","0","3","3"
"武公宇文导","0","3","3"
"入齐国境内","0","3","3"
"太祖又派遣","0","3","3"
"任命他为都","0","3","3"
"命他为都督","0","3","3"
"尉迟迥率军","0","3","3"
"精锐骑兵三","0","3","3"
"州刺史杨乾","0","3","3"
"刺史杨乾运","0","3","3"
"被处死以后","0","3","3"
"闵帝即位后","0","3","3"
"帝亲自耕种","0","3","3"
"亲自耕种籍","0","3","3"
"自耕种籍田","0","3","3"
"明帝下韶说","0","3","3"
"司马消难率","0","3","3"
"进献当地土","0","3","3"
"献当地土产","0","3","3"
"尉迟迥率领","0","3","3"
"春季正月己","0","3","3"
"公宇文直镇","0","3","3"
"宇文直镇守","0","3","3"
"使者进献土","0","3","3"
"者进献土产","0","3","3"
"为百姓的父","0","3","3"
"公宇文广为","0","3","3"
"没有什么可","0","3","3"
"性节俭朴素","0","3","3"
"朝廷内外都","0","3","3"
"等到孝闵帝","0","3","3"
"孝闵帝被废","0","3","3"
"一同派使者","0","3","3"
"同派使者贡","0","3","3"
"使者贡献当","0","3","3"
"者贡献当地","0","3","3"
"十岁以上的","0","3","3"
"正武殿举行","0","3","3"
"武殿举行大","0","3","3"
"殿举行大规","0","3","3"
"殷不害等人","0","3","3"
"侵犯太微星","0","3","3"
"犯太微星垣","0","3","3"
"都督以上的","0","3","3"
"督以上的官","0","3","3"
"蔡国公宇文","0","3","3"
"星侵犯舆鬼","0","3","3"
"公宇文护率","0","3","3"
"太阳周围出","0","3","3"
"阳周围出现","0","3","3"
"周围出现光","0","3","3"
"围出现光环","0","3","3"
"公杨荐等人","0","3","3"
"公以下的官","0","3","3"
"公宇文纯为","0","3","3"
"使者前来进","0","3","3"
"者前来进献","0","3","3"
"公宇文直率","0","3","3"
"将领淳于量","0","3","3"
"皇后阿史那","0","3","3"
"后阿史那氏","0","3","3"
"阿史那氏从","0","3","3"
"史那氏从突","0","3","3"
"那氏从突厥","0","3","3"
"前往醴泉宫","0","3","3"
"武帝从醴泉","0","3","3"
"皇上亲自率","0","3","3"
"上亲自率领","0","3","3"
"率领六军在","0","3","3"
"领六军在城","0","3","3"
"六军在城南","0","3","3"
"公宇文宪率","0","3","3"
"宇文盛为大","0","3","3"
"在汾水北岸","0","3","3"
"宇文宪率军","0","3","3"
"率兵讨伐平","0","3","3"
"兵讨伐平定","0","3","3"
"荣阳公司马","0","3","3"
"进行军事演","0","3","3"
"文宪为大冢","0","3","3"
"宪为大冢宰","0","3","3"
"赵国公宇文","0","3","3"
"国公宇文招","0","3","3"
"政治上的得","0","3","3"
"治上的得失","0","3","3"
"庄公宇文洛","0","3","3"
"公宇文洛生","0","3","3"
"月亮侵犯心","0","3","3"
"亮侵犯心宿","0","3","3"
"侵犯心宿的","0","3","3"
"犯心宿的中","0","3","3"
"心宿的中星","0","3","3"
"各军都督以","0","3","3"
"军都督以上","0","3","3"
"诏命皇太子","0","3","3"
"武帝下诏答","0","3","3"
"帝下诏答覆","0","3","3"
"在大德殿召","0","3","3"
"大德殿召集","0","3","3"
"有关官员应","0","3","3"
"宇文纯为前","0","3","3"
"王宇文盛为","0","3","3"
"王宇文宪率","0","3","3"
"武帝亲自率","0","3","3"
"帝亲自率领","0","3","3"
"皇太子讨伐","0","3","3"
"太子讨伐吐","0","3","3"
"子讨伐吐谷","0","3","3"
"派齐王宇文","0","3","3"
"宇文宪率精","0","3","3"
"文宪率精锐","0","3","3"
"宪率精锐骑","0","3","3"
"率步骑兵一","0","3","3"
"步骑兵一万","0","3","3"
"宇文宪攻打","0","3","3"
"为晋州刺史","0","3","3"
"帝任命他为","0","3","3"
"王公以下的","0","3","3"
"武帝率各军","0","3","3"
"设置总管府","0","3","3"
"来贡献土特","0","3","3"
"贡献土特产","0","3","3"
"平定江陵之","0","3","3"
"文神举等人","0","3","3"
"天下分崩离","0","3","3"
"下分崩离析","0","3","3"
"诛杀了宇文","0","3","3"
"为太皇太后","0","3","3"
"滕王宇文荄","0","3","3"
"任命韦孝宽","0","3","3"
"命韦孝宽为","0","3","3"
"梁睿为行军","0","3","3"
"睿为行军元","0","3","3"
"美好的封号","0","3","3"
"静帝尊她为","0","3","3"
"年五十三岁","0","3","3"
"地对待天命","0","3","3"
"皇后父亲的","0","3","3"
"太祖平定了","0","3","3"
"赠为大将军","0","3","3"
"宇文护的儿","0","3","3"
"文护的儿子","0","3","3"
"任宗师中大","0","3","3"
"为原州刺史","0","3","3"
"率领骑兵追","0","3","3"
"领骑兵追击","0","3","3"
"战功被封为","0","3","3"
"任为使持节","0","3","3"
"军队讨伐他","0","3","3"
"因此看重他","0","3","3"
"终年四十四","0","3","3"
"年四十四岁","0","3","3"
"玩赏的物品","0","3","3"
"晋升为柱国","0","3","3"
"任命宇文亮","0","3","3"
"命宇文亮为","0","3","3"
"护被诛杀后","0","3","3"
"并州平定后","0","3","3"
"为行军总管","0","3","3"
"韦孝宽于是","0","3","3"
"又改任大司","0","3","3"
"的两个儿子","0","3","3"
"州等六州诸","0","3","3"
"就听说他的","0","3","3"
"卫王宇文直","0","3","3"
"高祖下诏命","0","3","3"
"祖下诏命宇","0","3","3"
"自己的儿子","0","3","3"
"宇文宪亲自","0","3","3"
"祖命宇文宪","0","3","3"
"公宇文护对","0","3","3"
"对宇文宪说","0","3","3"
"因为宇文宪","0","3","3"
"宇文宪的军","0","3","3"
"文宪的军队","0","3","3"
"进攻齐国的","0","3","3"
"到晋公宇文","0","3","3"
"向东讨伐齐","0","3","3"
"东讨伐齐国","0","3","3"
"宇文宪率兵","0","3","3"
"等人率轻装","0","3","3"
"人率轻装骑","0","3","3"
"难道不知道","0","3","3"
"到这种地步","0","3","3"
"的人没有不","0","3","3"
"所到之处都","0","3","3"
"齐王字文宪","0","3","3"
"的第三个儿","0","3","3"
"不久升任柱","0","3","3"
"久升任柱国","0","3","3"
"文护执掌朝","0","3","3"
"护执掌朝政","0","3","3"
"到宇文护被","0","3","3"
"出任益州总","0","3","3"
"向东讨伐北","0","3","3"
"东讨伐北齐","0","3","3"
"等九座城池","0","3","3"
"任并州总管","0","3","3"
"当时隋文帝","0","3","3"
"领他的部众","0","3","3"
"任相州总管","0","3","3"
"他所管辖的","0","3","3"
"任命他为右","0","3","3"
"出任华州刺","0","3","3"
"的长远策略","0","3","3"
"以良家子弟","0","3","3"
"丰厚的待遇","0","3","3"
"率领招募的","0","3","3"
"投奔尔朱荣","0","3","3"
"尔朱荣进入","0","3","3"
"朱荣进入洛","0","3","3"
"食邑增加六","0","3","3"
"邑增加六百","0","3","3"
"增加六百户","0","3","3"
"尔朱荣被杀","0","3","3"
"一千名骑兵","0","3","3"
"随即被任命","0","3","3"
"贺拔胜领兵","0","3","3"
"兵赶赴洛阳","0","3","3"
"帝已经西迁","0","3","3"
"数百名骑兵","0","3","3"
"后来跟随太","0","3","3"
"有识见的人","0","3","3"
"命贺拔岳为","0","3","3"
"随即又升任","0","3","3"
"帝突然驾崩","0","3","3"
"身边的人都","0","3","3"
"当时万俟丑","0","3","3"
"尔朱天光的","0","3","3"
"缴获其军用","0","3","3"
"获其军用物","0","3","3"
"其军用物资","0","3","3"
"被任命为都","0","3","3"
"任命为都督","0","3","3"
"尔朱天光打","0","3","3"
"娶太祖女儿","0","3","3"
"朱天光西征","0","3","3"
"任秦州刺史","0","3","3"
"最终能保全","0","3","3"
"跟从尔朱荣","0","3","3"
"为中坚将军","0","3","3"
"加授龙骧将","0","3","3"
"授龙骧将军","0","3","3"
"并他的部众","0","3","3"
"随太祖讨伐","0","3","3"
"独孤信收复","0","3","3"
"配祭在太祖","0","3","3"
"的黄门侍郎","0","3","3"
"因功被拜为","0","3","3"
"对他的亲信","0","3","3"
"不久又升任","0","3","3"
"又升任骠骑","0","3","3"
"在沙苑作战","0","3","3"
"年六十四岁","0","3","3"
"娶太祖的女","0","3","3"
"太祖的女儿","0","3","3"
"长公主为妻","0","3","3"
"出任员外散","0","3","3"
"任荆州刺史","0","3","3"
"在大象末年","0","3","3"
"祖平定齐国","0","3","3"
"又跟随尔朱","0","3","3"
"授任抚军将","0","3","3"
"乜列河等人","0","3","3"
"完全采纳了","0","3","3"
"全采纳了他","0","3","3"
"孝庄帝即位","0","3","3"
"任命于谨为","0","3","3"
"帝采纳了他","0","3","3"
"不久齐神武","0","3","3"
"任大行台尚","0","3","3"
"追击的骑兵","0","3","3"
"还没有平定","0","3","3"
"百姓得以安","0","3","3"
"宇文护因为","0","3","3"
"当时没有人","0","3","3"
"时没有人能","0","3","3"
"前后的功劳","0","3","3"
"食邑二百产","0","3","3"
"赐给他奴婢","0","3","3"
"为民部中大","0","3","3"
"就把家安在","0","3","3"
"魏孝昌年间","0","3","3"
"陈悦杀害以","0","3","3"
"悦杀害以后","0","3","3"
"莫陈悦被平","0","3","3"
"陈悦被平定","0","3","3"
"任御史中尉","0","3","3"
"加大将军衔","0","3","3"
"任命独孤信","0","3","3"
"命独孤信为","0","3","3"
"将领侯景等","0","3","3"
"领侯景等人","0","3","3"
"赠独孤信之","0","3","3"
"随从高祖东","0","3","3"
"从高祖东征","0","3","3"
"了岐州之围","0","3","3"
"参与活捉窦","0","3","3"
"与活捉窦泰","0","3","3"
"任司宪中大","0","3","3"
"拔岳被害时","0","3","3"
"商议拥戴太","0","3","3"
"议拥戴太祖","0","3","3"
"朝廷又下诏","0","3","3"
"廷又下诏命","0","3","3"
"魏广阳王元","0","3","3"
"孝武帝往西","0","3","3"
"武帝往西迁","0","3","3"
"率先冲锋陷","0","3","3"
"先冲锋陷阵","0","3","3"
"身边的人说","0","3","3"
"束魏将领侯","0","3","3"
"以本官的身","0","3","3"
"本官的身份","0","3","3"
"侍奉母亲以","0","3","3"
"有见识气度","0","3","3"
"任洛州刺史","0","3","3"
"随贺拔岳征","0","3","3"
"任征虏将军","0","3","3"
"兵一万多人","0","3","3"
"跟随太祖解","0","3","3"
"解除玉壁之","0","3","3"
"除玉壁之围","0","3","3"
"为华州刺史","0","3","3"
"帝向西迁移","0","3","3"
"授任直合将","0","3","3"
"就聪明机敏","0","3","3"
"出仕为员外","0","3","3"
"仕为员外散","0","3","3"
"等到齐神武","0","3","3"
"他的儿子名","0","3","3"
"达奚武升任","0","3","3"
"在邙山作战","0","3","3"
"命令达奚武","0","3","3"
"派遣他的将","0","3","3"
"遣他的将领","0","3","3"
"坚决推辞不","0","3","3"
"决推辞不肯","0","3","3"
"出任同州刺","0","3","3"
"当时尉迟迥","0","3","3"
"听从了他的","0","3","3"
"握着他的手","0","3","3"
"终年六十七","0","3","3"
"年六十七岁","0","3","3"
"在渭水北岸","0","3","3"
"珍贵的玩赏","0","3","3"
"任轻车将军","0","3","3"
"侯莫陈顺为","0","3","3"
"设下反问计","0","3","3"
"丰厚的财物","0","3","3"
"增加封地三","0","3","3"
"加封地三百","0","3","3"
"授任镇束将","0","3","3"
"任镇束将军","0","3","3"
"授任他为武","0","3","3"
"封地四百户","0","3","3"
"派遣他的部","0","3","3"
"平息了叛乱","0","3","3"
"收取那裹的","0","3","3"
"赠他为太保","0","3","3"
"兄弟的儿子","0","3","3"
"孝武帝的功","0","3","3"
"武帝的功劳","0","3","3"
"位提升为骠","0","3","3"
"提升为骠骑","0","3","3"
"颢进入洛阳","0","3","3"
"升任右卫将","0","3","3"
"步兵骑兵二","0","3","3"
"军功被朝廷","0","3","3"
"由于父亲的","0","3","3"
"被朝廷授任","0","3","3"
"杨忠的功勋","0","3","3"
"又跟从独孤","0","3","3"
"任命杨忠为","0","3","3"
"现在朝廷大","0","3","3"
"在朝廷大军","0","3","3"
"又升任车骑","0","3","3"
"他的部下说","0","3","3"
"皇上下诏书","0","3","3"
"和晋公宇文","0","3","3"
"进升爵位为","0","3","3"
"增加封地二","0","3","3"
"不久又授任","0","3","3"
"位提升为柱","0","3","3"
"朝廷授任王","0","3","3"
"太祖曾经对","0","3","3"
"来的一共一","0","3","3"
"的一共一千","0","3","3"
"命令贺兰祥","0","3","3"
"时就历任显","0","3","3"
"就历任显要","0","3","3"
"任平远将军","0","3","3"
"公宇文纯等","0","3","3"
"加任大都督","0","3","3"
"是豪门大族","0","3","3"
"的女儿嫁给","0","3","3"
"齐神武起兵","0","3","3"
"升爵位为伯","0","3","3"
"出任河州刺","0","3","3"
"授任大将军","0","3","3"
"都立下战功","0","3","3"
"侯景渡过长","0","3","3"
"景渡过长江","0","3","3"
"尉迟迥认为","0","3","3"
"升任柱国大","0","3","3"
"跟随尉迟迥","0","3","3"
"跟随晋公宇","0","3","3"
"随晋公宇文","0","3","3"
"命令周惠达","0","3","3"
"萧宝夤反叛","0","3","3"
"对周惠达说","0","3","3"
"赵青雀等人","0","3","3"
"帝西迁的时","0","3","3"
"西迁的时候","0","3","3"
"被推举为秀","0","3","3"
"以都督身份","0","3","3"
"为中军将军","0","3","3"
"待他十分优","0","3","3"
"他十分优厚","0","3","3"
"他为骠骑大","0","3","3"
"败齐神武帝","0","3","3"
"封为夏阳县","0","3","3"
"魏景明年间","0","3","3"
"朝廷任命他","0","3","3"
"廷任命他为","0","3","3"
"任中外府记","0","3","3"
"我来的时候","0","3","3"
"任职期间去","0","3","3"
"职期间去世","0","3","3"
"出使符合皇","0","3","3"
"为他说得对","0","3","3"
"王宇文宪府","0","3","3"
"任上开府仪","0","3","3"
"自己的志向","0","3","3"
"家中没有多","0","3","3"
"中没有多余","0","3","3"
"有多余的财","0","3","3"
"又派遣使者","0","3","3"
"孝武帝西入","0","3","3"
"岁时父亲去","0","3","3"
"时父亲去世","0","3","3"
"贺若敦率领","0","3","3"
"年六十八岁","0","3","3"
"声感动左右","0","3","3"
"任命他为大","0","3","3"
"尚书省长官","0","3","3"
"宇文护被处","0","3","3"
"文护被处死","0","3","3"
"左右的人说","0","3","3"
"任司徒右长","0","3","3"
"父亲的功勋","0","3","3"
"朝廷下诏让","0","3","3"
"任赫连达为","0","3","3"
"的少数民族","0","3","3"
"的前后功劳","0","3","3"
"跟从贺兰祥","0","3","3"
"从贺兰祥征","0","3","3"
"等到魏孝武","0","3","3"
"为平束将军","0","3","3"
"前后所立功","0","3","3"
"所得的俸禄","0","3","3"
"他不同寻常","0","3","3"
"大军收复弘","0","3","3"
"军收复弘农","0","3","3"
"任河北郡守","0","3","3"
"孝武帝有功","0","3","3"
"皎前来归附","0","3","3"
"随卫公宇文","0","3","3"
"与陈人交战","0","3","3"
"增加食邑与","0","3","3"
"加食邑与以","0","3","3"
"食邑与以前","0","3","3"
"邑与以前的","0","3","3"
"与以前的相","0","3","3"
"以前的相加","0","3","3"
"前的相加共","0","3","3"
"能得到部下","0","3","3"
"为通直散骑","0","3","3"
"升为车骑大","0","3","3"
"率领步军骑","0","3","3"
"领步军骑兵","0","3","3"
"功勋受赐爵","0","3","3"
"勋受赐爵号","0","3","3"
"受赐爵号武","0","3","3"
"为中书博士","0","3","3"
"命令贺若敦","0","3","3"
"公宇文护因","0","3","3"
"记录前后功","0","3","3"
"录前后功劳","0","3","3"
"朝廷议论认","0","3","3"
"廷议论认为","0","3","3"
"尉迟迥讨伐","0","3","3"
"迟迥讨伐蜀","0","3","3"
"迥讨伐蜀地","0","3","3"
"朝廷因为他","0","3","3"
"授任宁朔将","0","3","3"
"建德元年去","0","3","3"
"德元年去世","0","3","3"
"帝非常高兴","0","3","3"
"次立有战功","0","3","3"
"的哥哥窦善","0","3","3"
"魏孝武帝即","0","3","3"
"孝武帝即位","0","3","3"
"闵帝登上皇","0","3","3"
"谨平定江陵","0","3","3"
"丰厚的赏赐","0","3","3"
"封一个儿子","0","3","3"
"升位大将军","0","3","3"
"李贤的儿子","0","3","3"
"被任命为右","0","3","3"
"即任命他为","0","3","3"
"自己的女儿","0","3","3"
"命令韦孝宽","0","3","3"
"代理宜阳郡","0","3","3"
"对韦孝宽说","0","3","3"
"善于安抚驾","0","3","3"
"担忧这件事","0","3","3"
"成犄角之势","0","3","3"
"太行山以南","0","3","3"
"帝十分高兴","0","3","3"
"为行台左丞","0","3","3"
"很早就有名","0","3","3"
"都以此为荣","0","3","3"
"当时的议论","0","3","3"
"上表请求回","0","3","3"
"涉猎经籍史","0","3","3"
"猎经籍史书","0","3","3"
"受到感动而","0","3","3"
"到感动而醒","0","3","3"
"感动而醒悟","0","3","3"
"文帝又派遣","0","3","3"
"帝又派遣杨","0","3","3"
"任宁远将军","0","3","3"
"已经很长时","0","3","3"
"经很长时间","0","3","3"
"尉迟迥等人","0","3","3"
"征召为主簿","0","3","3"
"当时人所称","0","3","3"
"晋为开府仪","0","3","3"
"自幼聪明机","0","3","3"
"幼聪明机敏","0","3","3"
"同大将军衔","0","3","3"
"举荐为秀才","0","3","3"
"担任丞相府","0","3","3"
"增至一千六","0","3","3"
"至一千六百","0","3","3"
"参加河桥战","0","3","3"
"加河桥战役","0","3","3"
"当时人都认","0","3","3"
"时人都认为","0","3","3"
"司马裔率领","0","3","3"
"随从尉迟迥","0","3","3"
"任为行台郎","0","3","3"
"开始担任的","0","3","3"
"始担任的官","0","3","3"
"担任的官职","0","3","3"
"任的官职为","0","3","3"
"官职为奉朝","0","3","3"
"职为奉朝请","0","3","3"
"调入朝廷为","0","3","3"
"对他十分器","0","3","3"
"他十分器重","0","3","3"
"加五百户食","0","3","3"
"五百户食邑","0","3","3"
"高祖亲自率","0","3","3"
"军队回来后","0","3","3"
"宇文孝伯说","0","3","3"
"刘日方等人","0","3","3"
"就除去丧服","0","3","3"
"国担任侍中","0","3","3"
"梁元帝秉承","0","3","3"
"侯景作乱时","0","3","3"
"任太子洗马","0","3","3"
"独孤信入据","0","3","3"
"孤信入据洛","0","3","3"
"信入据洛阳","0","3","3"
"遣使者来献","0","3","3"
"如同古代的","0","3","3"
"次派遣使者","0","3","3"
"遂间行入关","2","0","2"
"军斛斯椿镇","1","1","2"
"谨攻柏谷坞","2","0","2"
"军司马陆逞","1","1","2"
"安义公宇文","2","0","2"
"义公宇文丘","2","0","2"
"州刺史李慧","1","1","2"
"滕五王入朝","1","1","2"
"荆州刺史独","1","1","2"
"惠达字怀文","1","1","2"
"章武文安人","1","1","2"
"杨宽字景仁","1","1","2"
"都督东雍州","1","1","2"
"督东雍州诸","1","1","2"
"太子诸王等","2","0","2"
"建忠等将军","1","1","2"
"诚议等大夫","1","1","2"
"张掖等五郡","1","1","2"
"总管襄郢昌","1","1","2"
"管襄郢昌丰","1","1","2"
"襄郢昌丰唐","1","1","2"
"郢昌丰唐蔡","1","1","2"
"昌丰唐蔡六","1","1","2"
"丰唐蔡六州","1","1","2"
"唐蔡六州诸","1","1","2"
"蔡六州诸军","1","1","2"
"进授车骑大","2","0","2"
"通前一千八","2","0","2"
"前一千八百","2","0","2"
"六千五百人","1","1","2"
"攻邵州等城","1","1","2"
"左宫伯中大","1","1","2"
"通洛慈涧防","1","1","2"
"洛慈涧防主","1","1","2"
"崔谦字士逊","1","1","2"
"爵千乘县男","1","1","2"
"薛端字仁直","1","1","2"
"王士良字君","1","1","2"
"士良字君明","1","1","2"
"西宁州刺史","1","1","2"
"虢亡垂棘反","1","1","2"
"齐平宝鼎归","1","1","2"
"杜杲字子晖","1","1","2"
"庾信字子山","1","1","2"
"南阳新野人","1","1","2"
"平北府司马","1","1","2"
"韦佑字法保","1","1","2"
"京兆山北人","1","1","2"
"韩雄字木兰","1","1","2"
"河南东垣人","1","1","2"
"陈忻字永怡","1","1","2"
"开府斛斯琏","1","1","2"
"府斛斯琏等","1","1","2"
"授宜阳邑大","1","1","2"
"宜阳邑大中","1","1","2"
"阳邑大中正","1","1","2"
"魏玄字僧智","1","1","2"
"梁洵兴等七","1","1","2"
"洵兴等七州","1","1","2"
"兴等七州诸","1","1","2"
"魏大统十七","1","1","2"
"任果字静鸾","1","1","2"
"李棠字长卿","1","1","2"
"冀隽字僧隽","1","1","2"
"太原阳邑人","1","1","2"
"高祖行幸云","1","1","2"
"祖行幸云阳","1","1","2"
"陵副总管高","1","1","2"
"尚书仆射王","1","1","2"
"书仆射王操","1","1","2"
"祖文皇帝姓","1","1","2"
"文皇帝姓宇","1","1","2"
"皇帝姓宇文","1","1","2"
"帝姓宇文氏","1","1","2"
"前略阳郡守","1","1","2"
"略阳郡守张","1","1","2"
"阳郡守张献","1","1","2"
"大统元年春","1","1","2"
"统元年春正","1","1","2"
"封安定郡王","1","1","2"
"东魏将高干","2","0","2"
"魏将侯景攻","2","0","2"
"侯景攻陷广","1","1","2"
"景攻陷广州","1","1","2"
"东魏将王元","2","0","2"
"魏将王元轨","2","0","2"
"王元轨弃城","1","1","2"
"魏帝诏封太","1","1","2"
"帝诏封太祖","1","1","2"
"诏封太祖长","1","1","2"
"封太祖长子","1","1","2"
"恭帝元年夏","1","1","2"
"帝元年夏四","1","1","2"
"元年夏四月","1","1","2"
"丹阳立梁元","1","1","2"
"阳立梁元帝","1","1","2"
"立梁元帝第","1","1","2"
"梁元帝第九","1","1","2"
"元帝第九子","1","1","2"
"大司徒赵贵","1","1","2"
"莫陈崇大司","2","0","2"
"宜州诸军事","1","1","2"
"阳平公李远","1","1","2"
"改雍州刺史","1","1","2"
"玉烛调秋气","1","1","2"
"金舆历旧宫","1","1","2"
"举杯延故老","1","1","2"
"功臣琅邪贞","1","1","2"
"臣琅邪贞献","1","1","2"
"琅邪贞献公","1","1","2"
"邪贞献公贺","1","1","2"
"贞献公贺拔","1","1","2"
"献公贺拔胜","1","1","2"
"公贺拔胜等","1","1","2"
"贺拔胜等十","1","1","2"
"拔胜等十三","1","1","2"
"胜等十三人","1","1","2"
"等十三人配","1","1","2"
"十三人配享","1","1","2"
"三人配享太","1","1","2"
"人配享太祖","1","1","2"
"公达奚武大","2","0","2"
"授蒲州诸军","1","1","2"
"蒲州诸军事","1","1","2"
"阳献三足乌","2","0","2"
"柱国随国公","1","1","2"
"国随国公杨","1","1","2"
"柱国蜀国公","1","1","2"
"国蜀国公尉","1","1","2"
"秋七月己巳","2","0","2"
"封开府贺拔","1","1","2"
"开府贺拔纬","1","1","2"
"公达奚武太","2","0","2"
"大将军韩果","1","1","2"
"改礼部司宗","2","0","2"
"柱国安武公","1","1","2"
"国安武公李","1","1","2"
"德公陆通大","2","0","2"
"公陆通大司","2","0","2"
"齐国公宪大","2","0","2"
"进封柱国韦","1","1","2"
"封柱国韦孝","1","1","2"
"柱国韦孝宽","1","1","2"
"大将军武安","1","1","2"
"将军武安公","1","1","2"
"军武安公侯","1","1","2"
"武安公侯莫","1","1","2"
"安公侯莫陈","1","1","2"
"太安公阎庆","1","1","2"
"南阳公叱罗","1","1","2"
"阳公叱罗协","1","1","2"
"掖庭四夷乐","1","1","2"
"后宫罗绮工","1","1","2"
"宫罗绮工人","1","1","2"
"罗绮工人五","1","1","2"
"绮工人五百","1","1","2"
"工人五百余","1","1","2"
"人五百余人","1","1","2"
"李晖梁州总","2","0","2"
"晖梁州总管","2","0","2"
"追尊略阳公","1","1","2"
"柱国周昌公","1","1","2"
"国周昌公侯","1","1","2"
"十一月戊午","1","1","2"
"建德四年春","1","1","2"
"柱国枹罕公","2","0","2"
"国枹罕公辛","2","0","2"
"太原公王康","1","1","2"
"初置上柱国","2","0","2"
"上大将军官","1","1","2"
"仪同三司仪","2","0","2"
"同三司仪同","2","0","2"
"三司仪同大","2","0","2"
"司仪同大将","2","0","2"
"齐行台左丞","1","1","2"
"行台左丞侯","1","1","2"
"台左丞侯子","1","1","2"
"左丞侯子钦","1","1","2"
"子安城郡公","1","1","2"
"公质河间王","2","0","2"
"大将军广化","1","1","2"
"将军广化公","1","1","2"
"军广化公丘","1","1","2"
"神水公姬愿","1","1","2"
"广业公尉迟","1","1","2"
"业公尉迟运","1","1","2"
"上柱国杞国","1","1","2"
"柱国应国公","1","1","2"
"国应国公独","1","1","2"
"应国公独孤","1","1","2"
"国公独孤永","1","1","2"
"公独孤永业","1","1","2"
"南兖州总管","1","1","2"
"宣政元年春","1","1","2"
"春正月癸酉","2","0","2"
"吐谷浑伪赵","1","1","2"
"谷浑伪赵王","1","1","2"
"赵王娄屯降","2","0","2"
"圣皇太后李","1","1","2"
"皇太后李氏","1","1","2"
"元大皇后杨","1","1","2"
"大皇后杨氏","1","1","2"
"天大皇后朱","1","1","2"
"大皇后朱氏","1","1","2"
"中大皇后陈","1","1","2"
"大皇后陈氏","1","1","2"
"右大皇后元","1","1","2"
"大皇后元氏","1","1","2"
"左大皇后尉","1","1","2"
"大皇后尉迟","1","1","2"
"皇后尉迟氏","1","1","2"
"开府杨永安","1","1","2"
"府杨永安聚","1","1","2"
"杨永安聚众","1","1","2"
"乐宁公达奚","1","1","2"
"宁公达奚儒","1","1","2"
"公达奚儒讨","1","1","2"
"梁六州总管","1","1","2"
"竟陵公杨慧","1","1","2"
"国公杨坚加","1","1","2"
"公杨坚加大","1","1","2"
"杨坚加大冢","1","1","2"
"坚加大冢宰","1","1","2"
"五府总天官","2","0","2"
"柱国邗国公","1","1","2"
"国邗国公杨","1","1","2"
"邗国公杨雄","1","1","2"
"普安公贺兰","1","1","2"
"国公梁士彦","1","1","2"
"上大将军新","1","1","2"
"大将军新宁","1","1","2"
"将军新宁公","1","1","2"
"军新宁公叱","1","1","2"
"新宁公叱列","1","1","2"
"宁公叱列长","1","1","2"
"大将军中山","1","1","2"
"将军中山公","1","1","2"
"军中山公宇","1","1","2"
"山公宇文恩","1","1","2"
"濮阳公宇文","1","1","2"
"阳公宇文述","1","1","2"
"任城公王景","1","1","2"
"渔阳公杨锐","1","1","2"
"上开府广宗","1","1","2"
"开府广宗公","1","1","2"
"府广宗公李","1","1","2"
"广宗公李崇","1","1","2"
"陇西公李询","1","1","2"
"尊天元上皇","1","1","2"
"天元帝太后","1","1","2"
"尊天元圣皇","1","1","2"
"宣政元年闰","1","1","2"
"政元年闰六","1","1","2"
"元年闰六月","1","1","2"
"恒朔等十州","1","1","2"
"朔等十州诸","1","1","2"
"三雍二华等","1","1","2"
"雍二华等二","1","1","2"
"二华等二十","1","1","2"
"华等二十三","1","1","2"
"等二十三州","1","1","2"
"二十三州诸","1","1","2"
"益宁巴泸等","1","1","2"
"宁巴泸等二","1","1","2"
"巴泸等二十","1","1","2"
"泸等二十四","1","1","2"
"等二十四州","1","1","2"
"二十四州诸","1","1","2"
"十四州诸军","1","1","2"
"青徐等十州","1","1","2"
"徐等十州诸","1","1","2"
"贺拔胜字破","1","1","2"
"拔胜字破胡","1","1","2"
"神武尖山人","1","1","2"
"太宰元穆北","1","1","2"
"宰元穆北征","1","1","2"
"元穆北征葛","1","1","2"
"穆北征葛荣","1","1","2"
"前锋大都督","1","1","2"
"孝庄帝居河","2","0","2"
"庄帝居河内","2","0","2"
"加都督三雍","1","1","2"
"都督三雍三","1","1","2"
"督三雍三秦","1","1","2"
"三雍三秦二","1","1","2"
"雍三秦二岐","1","1","2"
"三秦二岐二","1","1","2"
"秦二岐二华","1","1","2"
"二岐二华诸","1","1","2"
"岐二华诸军","1","1","2"
"二华诸军事","1","1","2"
"都督关中三","1","1","2"
"督关中三十","1","1","2"
"关中三十州","1","1","2"
"中三十州诸","1","1","2"
"三十州诸军","1","1","2"
"瀛州诸军事","1","1","2"
"官开府仪同","2","0","2"
"都督雍华豳","1","1","2"
"督雍华豳泾","1","1","2"
"雍华豳泾原","1","1","2"
"华豳泾原三","1","1","2"
"豳泾原三秦","1","1","2"
"泾原三秦二","1","1","2"
"原三秦二岐","1","1","2"
"三秦二岐十","1","1","2"
"秦二岐十州","1","1","2"
"二岐十州诸","1","1","2"
"岐十州诸军","1","1","2"
"辽东襄平人","1","1","2"
"授清水郡守","1","1","2"
"恒州大中正","1","1","2"
"征北大将军","1","1","2"
"燕肆云五州","1","1","2"
"肆云五州诸","1","1","2"
"云五州诸军","1","1","2"
"赐爵爰德县","1","1","2"
"爵爰德县侯","1","1","2"
"定赵恒沧瀛","1","1","2"
"赵恒沧瀛五","1","1","2"
"恒沧瀛五州","1","1","2"
"沧瀛五州诸","1","1","2"
"瀛五州诸军","1","1","2"
"除安北将军","2","0","2"
"封临泾县侯","1","1","2"
"军功封灵丘","1","1","2"
"功封灵丘县","1","1","2"
"封灵丘县男","1","1","2"
"转荆州总管","2","0","2"
"十四州八防","1","1","2"
"四州八防诸","1","1","2"
"州八防诸军","1","1","2"
"若干惠字惠","1","1","2"
"干惠字惠保","1","1","2"
"怡峰字景阜","1","1","2"
"东西北三夏","1","1","2"
"西北三夏州","1","1","2"
"北三夏州诸","1","1","2"
"三夏州诸军","1","1","2"
"夏州诸军事","1","1","2"
"王德字天恩","1","1","2"
"转骠骑将军","2","0","2"
"累迁抚军将","2","0","2"
"司右中大夫","1","1","2"
"改封普宁县","1","1","2"
"封普宁县公","1","1","2"
"十一州九防","1","1","2"
"一州九防诸","1","1","2"
"州九防诸军","1","1","2"
"九防诸军事","1","1","2"
"山南道五十","1","1","2"
"南道五十二","1","1","2"
"道五十二州","1","1","2"
"五十二州诸","1","1","2"
"卢宁字永安","1","1","2"
"昌黎徒何人","1","1","2"
"都督利沙文","1","1","2"
"督利沙文三","1","1","2"
"利沙文三州","1","1","2"
"沙文三州诸","1","1","2"
"文三州诸军","1","1","2"
"兴西盖等六","1","1","2"
"西盖等六州","1","1","2"
"盖等六州诸","1","1","2"
"历位开府仪","2","0","2"
"王雄字胡布","1","1","2"
"雄字胡布头","1","1","2"
"魏安乐公主","1","1","2"
"同岐等十二","1","1","2"
"岐等十二州","1","1","2"
"除泾州总管","2","0","2"
"五州十一防","1","1","2"
"州十一防诸","1","1","2"
"阎庆字仁庆","1","1","2"
"河南河阴人","1","1","2"
"炖煌镇都大","1","1","2"
"煌镇都大将","1","1","2"
"尉迟迥字薄","1","1","2"
"迟迥字薄居","1","1","2"
"迥字薄居罗","1","1","2"
"荥州刺史邵","1","1","2"
"州刺史邵公","1","1","2"
"刺史邵公宇","1","1","2"
"史邵公宇文","1","1","2"
"州刺史李惠","1","1","2"
"东楚州刺史","1","1","2"
"楚州刺史费","1","1","2"
"东潼州刺史","1","1","2"
"潼州刺史曹","1","1","2"
"州刺史曹孝","1","1","2"
"刺史曹孝达","1","1","2"
"司马消难字","1","1","2"
"马消难字道","1","1","2"
"消难字道融","1","1","2"
"大将军府司","1","1","2"
"将军府司马","1","1","2"
"封文安县子","1","1","2"
"总管梁兴等","1","1","2"
"管梁兴等十","1","1","2"
"梁兴等十九","1","1","2"
"兴等十九州","1","1","2"
"等十九州诸","1","1","2"
"十九州诸军","1","1","2"
"魏临淮王记","1","1","2"
"临淮王记室","1","1","2"
"淮王记室参","1","1","2"
"王记室参军","1","1","2"
"治御伯下大","1","1","2"
"武藏下大夫","1","1","2"
"卢辩字景宣","1","1","2"
"大将军府长","1","1","2"
"将军府长史","1","1","2"
"四征中镇抚","1","1","2"
"征中镇抚军","1","1","2"
"中镇抚军府","1","1","2"
"七命州列曹","2","0","2"
"前后左右府","1","1","2"
"员外二司马","1","1","2"
"山林二都尉","1","1","2"
"镇远建忠中","2","0","2"
"远建忠中坚","2","0","2"
"建忠中坚宁","2","0","2"
"忠中坚宁朔","2","0","2"
"宁远扬烈伏","2","0","2"
"远扬烈伏波","2","0","2"
"扬烈伏波轻","2","0","2"
"烈伏波轻车","2","0","2"
"伏波轻车府","2","0","2"
"上柱国大将","1","1","2"
"改仪同三司","1","1","2"
"州民豆卢狼","1","1","2"
"害都督大野","1","1","2"
"都督大野树","1","1","2"
"子侄男女中","1","1","2"
"侄男女中外","1","1","2"
"男女中外诸","1","1","2"
"女中外诸孙","1","1","2"
"泾原秦等十","1","1","2"
"原秦等十州","1","1","2"
"秦等十州诸","1","1","2"
"封安定县伯","1","1","2"
"史高仲密请","1","1","2"
"时齐神武屯","1","1","2"
"齐神武屯兵","1","1","2"
"神武屯兵河","1","1","2"
"武屯兵河阳","1","1","2"
"长孙绍远字","1","1","2"
"孙绍远字师","1","1","2"
"曾祖库多汗","1","1","2"
"避难改姓杜","1","1","2"
"难改姓杜氏","1","1","2"
"赠原州刺史","1","1","2"
"赐姓大利稽","1","1","2"
"姓大利稽氏","1","1","2"
"西安州刺史","1","1","2"
"延夏盐恒燕","1","1","2"
"夏盐恒燕五","1","1","2"
"盐恒燕五州","1","1","2"
"恒燕五州诸","1","1","2"
"燕五州诸军","1","1","2"
"赐姓普屯氏","1","1","2"
"梁台字洛都","1","1","2"
"建康表氏人","1","1","2"
"凉西凉二州","1","1","2"
"西凉二州诸","1","1","2"
"凉二州诸军","1","1","2"
"蛮帅向五子","1","1","2"
"帅向五子等","1","1","2"
"向五子等聚","1","1","2"
"五子等聚众","1","1","2"
"仪同李延孙","1","1","2"
"同李延孙相","1","1","2"
"李延孙相会","1","1","2"
"取梁将柳仲","1","1","2"
"梁将柳仲礼","1","1","2"
"转安州刺史","2","0","2"
"魏伏波将军","1","1","2"
"赠河鄯邓延","1","1","2"
"河鄯邓延洮","1","1","2"
"鄯邓延洮宕","1","1","2"
"邓延洮宕翼","1","1","2"
"延洮宕翼七","1","1","2"
"洮宕翼七州","1","1","2"
"宕翼七州诸","1","1","2"
"翼七州诸军","1","1","2"
"追封鄂国公","1","1","2"
"加柱国大将","2","0","2"
"改封永丰县","1","1","2"
"封永丰县公","1","1","2"
"赐爵卢奴县","1","1","2"
"爵卢奴县公","1","1","2"
"累迁帅都督","2","0","2"
"赐封安阳县","1","1","2"
"封安阳县伯","1","1","2"
"除金州总管","2","0","2"
"邑二千一百","1","1","2"
"杨绍字子安","1","1","2"
"迁车骑将军","2","0","2"
"魏征西将军","1","1","2"
"刘雄字猛雀","1","1","2"
"临洮子城人","1","1","2"
"窦炽字光成","1","1","2"
"扶风平陵人","1","1","2"
"通前三千九","1","1","2"
"前三千九百","1","1","2"
"冀沧瀛赵卫","1","1","2"
"沧瀛赵卫贝","1","1","2"
"瀛赵卫贝魏","1","1","2"
"赵卫贝魏洛","1","1","2"
"卫贝魏洛八","1","1","2"
"贝魏洛八州","1","1","2"
"魏洛八州诸","1","1","2"
"洛八州诸军","1","1","2"
"汾北华瀛三","1","1","2"
"北华瀛三州","1","1","2"
"华瀛三州刺","1","1","2"
"瀛三州刺史","1","1","2"
"神武国世子","1","1","2"
"唐太穆皇后","1","1","2"
"总管荆郢硖","1","1","2"
"管荆郢硖夔","1","1","2"
"荆郢硖夔复","1","1","2"
"郢硖夔复沔","1","1","2"
"硖夔复沔岳","1","1","2"
"夔复沔岳沅","1","1","2"
"复沔岳沅澧","1","1","2"
"沔岳沅澧鄂","1","1","2"
"岳沅澧鄂十","1","1","2"
"沅澧鄂十州","1","1","2"
"澧鄂十州诸","1","1","2"
"鄂十州诸军","1","1","2"
"金迁房直均","1","1","2"
"迁房直均五","1","1","2"
"房直均五州","1","1","2"
"直均五州诸","1","1","2"
"均五州诸军","1","1","2"
"寻授车骑大","2","0","2"
"增邑一千二","2","0","2"
"改封常山郡","1","1","2"
"封常山郡公","1","1","2"
"邑二千九百","1","1","2"
"二千九百户","1","1","2"
"幽定七州六","1","1","2"
"定七州六镇","1","1","2"
"七州六镇诸","1","1","2"
"州六镇诸军","1","1","2"
"六镇诸军事","1","1","2"
"授武卫将军","2","0","2"
"进爵安武郡","1","1","2"
"爵安武郡公","1","1","2"
"邑一千七百","1","1","2"
"原灵豳三州","1","1","2"
"灵豳三州刺","1","1","2"
"加辅国将军","1","1","2"
"雍州大中正","1","1","2"
"香动秋兰佩","1","1","2"
"风飘莲叶衣","1","1","2"
"坐石窥仙洞","1","1","2"
"乘槎下钓矶","1","1","2"
"梁士彦字相","1","1","2"
"安定乌氏人","1","1","2"
"赠光禄大夫","1","1","2"
"申徽字世仪","1","1","2"
"谨讨刘平伏","2","0","2"
"赠五州诸军","1","1","2"
"赐爵文城郡","1","1","2"
"爵文城郡公","1","1","2"
"封容城县男","1","1","2"
"元帅府长史","1","1","2"
"督益潼等三","1","1","2"
"益潼等三十","1","1","2"
"潼等三十一","1","1","2"
"等三十一州","1","1","2"
"三十一州诸","1","1","2"
"赠同州刺史","1","1","2"
"杨荐字承略","1","1","2"
"秦郡宁夷人","1","1","2"
"文帝临夏州","2","0","2"
"赵刚字僧庆","1","1","2"
"追赠右将军","1","1","2"
"利沙方渠四","1","1","2"
"沙方渠四州","1","1","2"
"方渠四州诸","1","1","2"
"渠四州诸军","1","1","2"
"赠中淅涿三","1","1","2"
"中淅涿三州","1","1","2"
"淅涿三州刺","1","1","2"
"涿三州刺史","1","1","2"
"王庆字兴庆","1","1","2"
"魏灵州刺史","1","1","2"
"石二州五镇","1","1","2"
"二州五镇诸","1","1","2"
"州五镇诸军","1","1","2"
"王悦字众喜","1","1","2"
"京兆蓝田人","1","1","2"
"东巴州刺史","1","1","2"
"左金紫光禄","1","1","2"
"畿伯下大夫","1","1","2"
"梁州总管府","1","1","2"
"魏龙骧将军","1","1","2"
"岐宜宁豳四","1","1","2"
"宜宁豳四州","1","1","2"
"宁豳四州诸","1","1","2"
"豳四州诸军","1","1","2"
"元定字愿安","1","1","2"
"魏安西将军","1","1","2"
"杨摽字显进","1","1","2"
"正平高凉人","1","1","2"
"裴宽字长宽","1","1","2"
"广陵王府直","1","1","2"
"陵王府直兵","1","1","2"
"王府直兵参","1","1","2"
"府直兵参军","1","1","2"
"同轨防长史","1","1","2"
"加征虏将军","2","0","2"
"孔城十三年","1","1","2"
"独孤永业相","1","1","2"
"孤永业相对","1","1","2"
"赠襄郢二州","1","1","2"
"襄郢二州刺","1","1","2"
"郢二州刺史","1","1","2"
"大丞相府士","1","1","2"
"相府士曹行","1","1","2"
"府士曹行参","1","1","2"
"士曹行参军","1","1","2"
"补墨曹参军","1","1","2"
"春官府都上","1","1","2"
"赐爵高邑县","1","1","2"
"爵高邑县侯","1","1","2"
"尚书右中兵","1","1","2"
"书右中兵郎","1","1","2"
"右中兵郎中","1","1","2"
"赠殿中尚书","1","1","2"
"华夏二州诸","1","1","2"
"夏二州诸军","1","1","2"
"尚书左士郎","1","1","2"
"书左士郎中","1","1","2"
"使北豫州迎","1","1","2"
"蒙州诸军事","1","1","2"
"汾州诸军事","1","1","2"
"增邑一千五","2","0","2"
"郑孝穆字道","1","1","2"
"将作大匠浑","2","0","2"
"作大匠浑十","2","0","2"
"大匠浑十一","2","0","2"
"匠浑十一世","2","0","2"
"浑十一世孙","2","0","2"
"赠安东将军","1","1","2"
"天穆讨平邢","1","1","2"
"穆讨平邢杲","1","1","2"
"进骠骑将军","2","0","2"
"太师咸阳王","1","1","2"
"师咸阳王长","1","1","2"
"咸阳王长史","1","1","2"
"转陕州刺史","2","0","2"
"后开府仪同","2","0","2"
"相三州诸军","1","1","2"
"随应等十一","1","1","2"
"应等十一州","1","1","2"
"等十一州甑","1","1","2"
"十一州甑山","1","1","2"
"一州甑山上","1","1","2"
"州甑山上明","1","1","2"
"甑山上明鲁","1","1","2"
"山上明鲁山","1","1","2"
"上明鲁山三","1","1","2"
"明鲁山三镇","1","1","2"
"鲁山三镇诸","1","1","2"
"山三镇诸军","1","1","2"
"三镇诸军事","1","1","2"
"迁荆州总管","2","0","2"
"荆淅等十四","1","1","2"
"淅等十四州","1","1","2"
"等十四州南","1","1","2"
"十四州南阳","1","1","2"
"四州南阳平","1","1","2"
"州南阳平阳","1","1","2"
"南阳平阳等","1","1","2"
"阳平阳等八","1","1","2"
"平阳等八防","1","1","2"
"阳等八防诸","1","1","2"
"等八防诸军","1","1","2"
"封平原县伯","1","1","2"
"除司徒左长","2","0","2"
"司玉下大夫","1","1","2"
"汾州刺史薛","1","1","2"
"州刺史薛琰","1","1","2"
"刺史薛琰达","1","1","2"
"加本州大中","1","1","2"
"改封文城县","1","1","2"
"封文城县伯","1","1","2"
"青齐兖豫四","1","1","2"
"齐兖豫四州","1","1","2"
"兖豫四州刺","1","1","2"
"豫四州刺史","1","1","2"
"都督十五州","1","1","2"
"督十五州诸","1","1","2"
"加郢鄯陕三","1","1","2"
"郢鄯陕三州","1","1","2"
"鄯陕三州诸","1","1","2"
"陕三州诸军","1","1","2"
"授征南将军","1","1","2"
"进授柱国大","1","1","2"
"封昌平县子","1","1","2"
"入事黄门侍","2","0","2"
"封新丰县子","1","1","2"
"丞相府宾曹","1","1","2"
"相府宾曹参","1","1","2"
"府宾曹参军","1","1","2"
"赠龙骧将军","1","1","2"
"镇西大将军","1","1","2"
"带华阳郡守","1","1","2"
"获贼帅冉西","1","1","2"
"贼帅冉西梨","1","1","2"
"授龙州刺史","2","0","2"
"东中郎府司","1","1","2"
"中郎府司马","1","1","2"
"成州诸军事","1","1","2"
"卫州蔚州长","1","1","2"
"州蔚州长史","1","1","2"
"幽州总管府","1","1","2"
"总管府司马","1","1","2"
"朔州总管府","1","1","2"
"寇俊字祖俊","1","1","2"
"魏南雍州刺","1","1","2"
"加镇东将军","1","1","2"
"封西安县男","1","1","2"
"典祀下大夫","1","1","2"
"赠泾岐燕三","1","1","2"
"泾岐燕三州","1","1","2"
"岐燕三州刺","1","1","2"
"燕三州刺史","1","1","2"
"赵肃字庆雍","1","1","2"
"加镇南将军","1","1","2"
"李彦字彦士","1","1","2"
"梁郡下邑人","1","1","2"
"进号冠军将","1","1","2"
"号冠军将军","1","1","2"
"太保转太傅","1","1","2"
"保转太傅长","1","1","2"
"转太傅长史","1","1","2"
"转陇右总管","2","0","2"
"裴文举字道","1","1","2"
"文举字道裕","1","1","2"
"迁威烈将军","2","0","2"
"中外府参军","1","1","2"
"外府参军事","1","1","2"
"苏亮字景顺","1","1","2"
"魏中书侍郎","1","1","2"
"迁都官尚书","2","0","2"
"封临泾县子","1","1","2"
"加员外散骑","1","1","2"
"军独孤信镇","1","1","2"
"赠兖州刺史","1","1","2"
"仆射司马子","1","1","2"
"尚书二千石","1","1","2"
"书二千石郎","1","1","2"
"驾部下大夫","1","1","2"
"顿丘临黄人","1","1","2"
"除中外府司","2","0","2"
"中外府司录","1","1","2"
"赠相瀛二州","1","1","2"
"相瀛二州刺","1","1","2"
"瀛二州刺史","1","1","2"
"西兖州录事","1","1","2"
"兖州录事参","1","1","2"
"州录事参军","1","1","2"
"司空田曹参","1","1","2"
"空田曹参军","1","1","2"
"加镇军将军","1","1","2"
"迁太子庶子","2","0","2"
"义阳王元子","1","1","2"
"阳王元子孝","1","1","2"
"迁平北将军","2","0","2"
"授天官府上","1","1","2"
"天官府上士","1","1","2"
"授小职方下","1","1","2"
"小职方下大","1","1","2"
"职方下大夫","1","1","2"
"西南道行台","1","1","2"
"南道行台兵","1","1","2"
"道行台兵部","1","1","2"
"行台兵部尚","1","1","2"
"台兵部尚书","1","1","2"
"授前侍下士","1","1","2"
"袭爵长广县","1","1","2"
"爵长广县公","1","1","2"
"邑二千三百","1","1","2"
"二千三百户","1","1","2"
"转司武上大","2","0","2"
"四州十二镇","1","1","2"
"州十二镇诸","1","1","2"
"十二镇诸军","1","1","2"
"毛州高唐令","1","1","2"
"王褒字子渊","1","1","2"
"爵义城县侯","1","1","2"
"益州刺史军","1","1","2"
"州刺史军防","1","1","2"
"刺史军防事","1","1","2"
"封归善县公","1","1","2"
"弟鄱阳王恢","2","0","2"
"封丰城县侯","1","1","2"
"封义兴郡公","1","1","2"
"畿伯中大夫","1","1","2"
"授贝州刺史","1","1","2"
"封晋陵县公","1","1","2"
"封始宁县公","1","1","2"
"刘璠字宝义","1","1","2"
"柳霞字子升","1","1","2"
"霍州诸军事","1","1","2"
"安二州刺史","1","1","2"
"定等十二州","1","1","2"
"泉企字思道","1","1","2"
"上洛丰阳人","1","1","2"
"仲遵力战先","1","1","2"
"遵力战先登","1","1","2"
"三荆二广南","1","1","2"
"荆二广南雍","1","1","2"
"二广南雍平","2","0","2"
"广南雍平信","2","0","2"
"南雍平信江","2","0","2"
"雍平信江随","2","0","2"
"平信江随二","2","0","2"
"随二郢淅等","1","1","2"
"二郢淅等十","1","1","2"
"郢淅等十三","1","1","2"
"淅等十三州","1","1","2"
"华洛等三州","1","1","2"
"洛等三州刺","1","1","2"
"等三州刺史","1","1","2"
"除安康郡守","2","0","2"
"上庸等八郡","1","1","2"
"庸等八郡诸","1","1","2"
"等八郡诸军","1","1","2"
"八郡诸军事","1","1","2"
"袭爵沌阳侯","1","1","2"
"授都督信临","1","1","2"
"都督信临等","1","1","2"
"督信临等七","1","1","2"
"信临等七州","1","1","2"
"临等七州诸","1","1","2"
"上等诸州兵","1","1","2"
"等诸州兵镇","1","1","2"
"章昭达攻逼","1","1","2"
"昭达攻逼江","1","1","2"
"达攻逼江陵","1","1","2"
"迁哲率所部","2","0","2"
"守江陵外城","1","1","2"
"将程文季交","1","1","2"
"程文季交战","1","1","2"
"赠金州总管","1","1","2"
"杨干运字玄","1","1","2"
"干运字玄邈","1","1","2"
"傥城兴势人","1","1","2"
"府贺若敦南","1","1","2"
"贺若敦南讨","1","1","2"
"若敦南讨信","1","1","2"
"敦南讨信州","1","1","2"
"破蛮帅文子","1","1","2"
"授征东将军","2","0","2"
"扬三州刺史","1","1","2"
"将军宇文虬","1","1","2"
"军宇文虬攻","1","1","2"
"宇文虬攻克","1","1","2"
"文虬攻克上","1","1","2"
"虬攻克上津","1","1","2"
"帅文子荣窃","1","1","2"
"荆州汶阳郡","2","0","2"
"临沮等数县","1","1","2"
"迁江陵总管","2","0","2"
"追封鲁阳郡","1","1","2"
"封鲁阳郡公","1","1","2"
"邑三千五百","1","1","2"
"赠陈曹莒汴","1","1","2"
"陈曹莒汴四","1","1","2"
"曹莒汴四州","1","1","2"
"莒汴四州刺","1","1","2"
"汴四州刺史","1","1","2"
"封新丰县公","1","1","2"
"昌归宪三州","1","1","2"
"归宪三州诸","1","1","2"
"宪三州诸军","1","1","2"
"世雅弟世英","1","1","2"
"功授仪同三","1","1","2"
"营丘成周二","1","1","2"
"丘成周二郡","1","1","2"
"成周二郡守","1","1","2"
"授镇东将军","2","0","2"
"封固安县伯","1","1","2"
"遥授大都督","1","1","2"
"改封安息县","1","1","2"
"封安息县伯","1","1","2"
"沉重字德厚","1","1","2"
"都官尚书沉","1","1","2"
"官尚书沉重","1","1","2"
"隋文帝遣舍","1","1","2"
"文帝遣舍人","1","1","2"
"帝遣舍人萧","1","1","2"
"遣舍人萧子","1","1","2"
"舍人萧子宝","1","1","2"
"人萧子宝祭","1","1","2"
"樊深字文深","1","1","2"
"赠保周南郢","1","1","2"
"保周南郢州","1","1","2"
"周南郢州刺","1","1","2"
"欢周仪同三","1","1","2"
"周仪同三司","1","1","2"
"除抚军将军","2","0","2"
"县伯中大夫","1","1","2"
"熊安生字植","1","1","2"
"长乐阜城人","1","1","2"
"乐逊字遵贤","1","1","2"
"加授建忠将","1","1","2"
"授建忠将军","1","1","2"
"弼府西合祭","1","1","2"
"府西合祭酒","1","1","2"
"功曹谘议参","1","1","2"
"曹谘议参军","1","1","2"
"迁遂伯中大","2","0","2"
"陕二州刺史","1","1","2"
"叔毗朝夕号","1","1","2"
"毗朝夕号泣","1","1","2"
"皇甫遐字永","1","1","2"
"甫遐字永览","1","1","2"
"除黄门侍郎","2","0","2"
"魏南平王府","1","1","2"
"骠骑庐陵王","1","1","2"
"骑庐陵王府","1","1","2"
"庐陵王府田","1","1","2"
"陵王府田曹","1","1","2"
"王府田曹参","1","1","2"
"王府中记室","1","1","2"
"府中记室参","1","1","2"
"梁元帝平侯","2","0","2"
"召僧垣赴荆","1","1","2"
"僧垣赴荆州","1","1","2"
"晋安王府谘","1","1","2"
"安王府谘议","1","1","2"
"公建国开家","1","1","2"
"太医下大夫","1","1","2"
"袭爵北绛郡","1","1","2"
"汉惠帝二年","1","1","2"
"惠帝二年夏","1","1","2"
"赵文深字德","1","1","2"
"文深字德本","1","1","2"
"大丞相府法","1","1","2"
"丞相府法曹","1","1","2"
"相府法曹参","1","1","2"
"追论立义功","1","1","2"
"河南阳翟人","1","1","2"
"左银青光禄","1","1","2"
"迁县伯下大","2","0","2"
"中大通三年","1","1","2"
"封岳阳郡王","1","1","2"
"司马消难等","1","1","2"
"武督十三品","1","1","2"
"佐军十四品","1","1","2"
"振武十五品","1","1","2"
"克虞十六品","1","1","2"
"一千二百人","1","1","2"
"宜民王田兴","1","1","2"
"民王田兴彦","1","1","2"
"北荆州刺史","1","1","2"
"荆州刺史梅","1","1","2"
"州刺史梅季","1","1","2"
"刺史梅季昌","1","1","2"
"史梅季昌等","1","1","2"
"田都唐等抄","2","0","2"
"开府陆腾督","1","1","2"
"南北八百里","1","1","2"
"乞伏干归所","1","1","2"
"伏干归所杀","1","1","2"
"氐苻安寿反","1","1","2"
"兴州人段咤","2","0","2"
"柏树二县民","1","1","2"
"树二县民反","1","1","2"
"史刘平伏上","2","0","2"
"慕容晃所破","1","1","2"
"兵部等长史","1","1","2"
"伏波等将军","1","1","2"
"南一百七十","1","1","2"
"一百七十里","1","1","2"
"长安六千七","1","1","2"
"安六千七百","1","1","2"
"六千七百里","1","1","2"
"城方十余里","2","0","2"
"圆排剑弩弓","1","1","2"
"排剑弩弓箭","1","1","2"
"炎帝神农氏","1","1","2"
"赐爵安定侯","1","1","2"
"伪署王卫孤","2","0","2"
"署王卫孤徒","2","0","2"
"王卫孤徒党","2","0","2"
"丑奴作乱关","2","0","2"
"奴作乱关右","2","0","2"
"朱天光东拒","2","0","2"
"秦州刺史侯","1","1","2"
"州刺史侯莫","1","1","2"
"刺史侯莫陈","1","1","2"
"史侯莫陈悦","1","1","2"
"夏州刺史斛","1","1","2"
"州刺史斛拔","1","1","2"
"刺史斛拔弥","1","1","2"
"史斛拔弥俄","1","1","2"
"河西流民纥","1","1","2"
"西流民纥豆","1","1","2"
"流民纥豆陵","1","1","2"
"民纥豆陵伊","1","1","2"
"永熙三年春","1","1","2"
"都督赵贵率","1","1","2"
"都督寇洛年","1","1","2"
"都督弥姐元","1","1","2"
"督弥姐元进","1","1","2"
"魏孝武帝将","1","1","2"
"孝武帝将图","2","0","2"
"武帝将图齐","2","0","2"
"帝将图齐神","2","0","2"
"将图齐神武","2","0","2"
"武卫将军元","1","1","2"
"卫将军元毗","1","1","2"
"侯莫陈悦枉","1","1","2"
"莫陈悦枉害","1","1","2"
"陈悦枉害忠","1","1","2"
"悦枉害忠良","1","1","2"
"西大都督臣","1","1","2"
"大都督臣岳","2","0","2"
"侯莫陈悦犹","1","1","2"
"魏帝诏太祖","2","0","2"
"侯莫陈悦违","1","1","2"
"故将军贺拔","1","1","2"
"将军贺拔公","1","1","2"
"秦州刺史万","1","1","2"
"州刺史万俟","1","1","2"
"刺史万俟普","1","1","2"
"史万俟普拨","1","1","2"
"督侯莫陈崇","1","1","2"
"率轻骑一千","2","0","2"
"崇行原州事","2","0","2"
"将叱干保洛","1","1","2"
"太祖军令严","1","1","2"
"时南秦州刺","1","1","2"
"秦州刺史李","1","1","2"
"州刺史李弼","1","1","2"
"令原州都督","1","1","2"
"都督贺拔颍","1","1","2"
"督贺拔颍等","1","1","2"
"时凉州刺史","1","1","2"
"凉州刺史李","1","1","2"
"州刺史李叔","1","1","2"
"刺史李叔仁","1","1","2"
"仚定引吐谷","2","0","2"
"吐谷浑寇金","2","0","2"
"谷浑寇金城","2","0","2"
"夏州刺史拔","1","1","2"
"大都督梁御","1","1","2"
"都督梁御率","1","1","2"
"督梁御率步","1","1","2"
"率步骑五千","1","1","2"
"步骑五千镇","2","0","2"
"骑五千镇河","2","0","2"
"使都督韩轨","2","0","2"
"著作郎姚幼","1","1","2"
"作郎姚幼瑜","1","1","2"
"郎姚幼瑜持","1","1","2"
"姚幼瑜持节","1","1","2"
"前秦州刺史","1","1","2"
"秦州刺史骆","1","1","2"
"州刺史骆超","1","1","2"
"骑一千赴洛","2","0","2"
"太祖尚书仆","1","1","2"
"祖尚书仆射","1","1","2"
"故武卫将军","1","1","2"
"武卫将军伊","1","1","2"
"卫将军伊琳","1","1","2"
"疋娄昭等屯","1","1","2"
"太祖谓左右","2","0","2"
"祖谓左右曰","2","0","2"
"大都督李贤","1","1","2"
"进封略阳郡","1","1","2"
"封略阳郡公","1","1","2"
"齐神武袭陷","2","0","2"
"太祖率诸军","2","0","2"
"魏南阳王宝","1","1","2"
"南阳王宝炬","1","1","2"
"刺史王罴击","1","1","2"
"二十四条新","1","1","2"
"十四条新制","1","1","2"
"二年春三月","1","1","2"
"建中王万俟","1","1","2"
"中王万俟普","1","1","2"
"王万俟普拨","1","1","2"
"万俟普拨率","1","1","2"
"造三道浮桥","1","1","2"
"遣将窦泰趣","2","0","2"
"将窦泰趣潼","2","0","2"
"窦泰趣潼关","2","0","2"
"高敖曹围洛","2","0","2"
"敖曹围洛州","2","0","2"
"斩东魏刺史","1","1","2"
"东魏刺史杜","1","1","2"
"魏刺史杜密","1","1","2"
"受录尚书事","1","1","2"
"达奚武等十","1","1","2"
"奚武等十二","1","1","2"
"东魏将高叔","2","0","2"
"魏将高叔礼","2","0","2"
"将高叔礼守","2","0","2"
"令贺拔胜追","1","1","2"
"遣将高敖曹","2","0","2"
"太祖平弘农","2","0","2"
"刺史王罴严","1","1","2"
"冬十月壬辰","2","0","2"
"告齐神武军","1","1","2"
"降者二万余","1","1","2"
"者二万余人","1","1","2"
"李弼等十二","1","1","2"
"府独孤信率","1","1","2"
"洛州刺史李","1","1","2"
"州刺史李显","1","1","2"
"牙门将高子","1","1","2"
"门将高子信","1","1","2"
"薛崇礼弃城","1","1","2"
"太祖进军蒲","1","1","2"
"东魏颍川长","1","1","2"
"魏颍川长史","1","1","2"
"颍川长史贺","1","1","2"
"川长史贺若","1","1","2"
"密县人张俭","1","1","2"
"执刺史田迅","2","0","2"
"清河人崔彦","1","1","2"
"河人崔彦穆","1","1","2"
"东魏将尧雄","2","0","2"
"仪同宇文贵","1","1","2"
"四年春三月","1","1","2"
"东魏遣将侯","2","0","2"
"魏遣将侯景","2","0","2"
"多娄贷文等","1","1","2"
"独孤信洛阳","2","0","2"
"太祖马中流","2","0","2"
"祖马中流矢","2","0","2"
"都督李穆下","1","1","2"
"督李穆下马","1","1","2"
"西兖州刺史","1","1","2"
"兖州刺史宋","1","1","2"
"州刺史宋显","1","1","2"
"刺史宋显等","1","1","2"
"士一万五千","1","1","2"
"关中留守兵","1","1","2"
"魏太子次渭","2","0","2"
"太子次渭北","2","0","2"
"太守慕容思","1","1","2"
"守慕容思庆","1","1","2"
"长安父老见","1","1","2"
"安父老见太","1","1","2"
"父老见太祖","1","1","2"
"太傅梁景睿","1","1","2"
"都督赵刚袭","1","1","2"
"祖遣开府李","2","0","2"
"遣开府李弼","2","0","2"
"行十二条制","1","1","2"
"八年夏四月","1","1","2"
"高仲密举州","2","0","2"
"仲密举州附","2","0","2"
"太祖帅师迎","2","0","2"
"令开府李远","1","1","2"
"留辎重瀍曲","2","0","2"
"太祖率右军","1","1","2"
"祖率右军若","1","1","2"
"率右军若干","1","1","2"
"右军若干惠","1","1","2"
"军若干惠等","1","1","2"
"大破齐神武","2","0","2"
"破齐神武军","2","0","2"
"开府达奚武","1","1","2"
"府达奚武等","1","1","2"
"十二条新制","1","1","2"
"害刺史成庆","1","1","2"
"将侯景侵襄","2","0","2"
"侯景侵襄州","2","0","2"
"开府若干惠","1","1","2"
"府若干惠率","1","1","2"
"瓜州都督令","1","1","2"
"州都督令狐","1","1","2"
"齐神武围玉","2","0","2"
"神武围玉壁","2","0","2"
"十三年春正","1","1","2"
"南大行台侯","1","1","2"
"大行台侯景","1","1","2"
"河南六州附","2","0","2"
"开府李弼率","1","1","2"
"开府王思政","1","1","2"
"封宁都县子","1","1","2"
"太祖奉魏太","2","0","2"
"祖奉魏太子","2","0","2"
"东魏遣将高","2","0","2"
"围王思政颍","2","0","2"
"大将军赵贵","1","1","2"
"督东南诸州","1","1","2"
"东南诸州兵","2","0","2"
"侯景豫州附","2","0","2"
"梁竟陵郡守","2","0","2"
"陵郡守孙暠","2","0","2"
"都督符贵镇","2","0","2"
"府杨忠率兵","2","0","2"
"行台仆射长","1","1","2"
"台仆射长孙","1","1","2"
"十六年春正","1","1","2"
"柳仲礼率众","2","0","2"
"叔父荆州刺","1","1","2"
"父荆州刺史","1","1","2"
"杨忠擒仲礼","2","0","2"
"总督留守诸","1","1","2"
"督留守诸军","1","1","2"
"留守诸军事","1","1","2"
"十七年春三","1","1","2"
"陵王萧纶侵","1","1","2"
"遣大将军王","2","0","2"
"废帝元年春","1","1","2"
"达奚武围南","2","0","2"
"奚武围南郑","2","0","2"
"复遣王雄讨","2","0","2"
"遣舍人魏彦","1","1","2"
"丞相大行台","1","1","2"
"尉迟迥率众","2","0","2"
"伐梁武陵王","1","1","2"
"潼州刺史杨","1","1","2"
"迥军向成都","1","1","2"
"令太常卢辩","1","1","2"
"柱国赵贵追","1","1","2"
"国赵贵追击","1","1","2"
"梁元帝遣使","2","0","2"
"梁广州刺史","1","1","2"
"广州刺史王","1","1","2"
"遣大将军豆","2","0","2"
"中山公护受","2","0","2"
"世宗明皇帝","1","1","2"
"小名统万突","1","1","2"
"赵国公李弼","1","1","2"
"相陈霸先废","1","1","2"
"十一月庚子","1","1","2"
"十二月庚午","1","1","2"
"年春正月乙","2","0","2"
"邵郡置邵州","2","0","2"
"遂使疆埸间","2","0","2"
"齐北豫州刺","2","0","2"
"马消难举州","2","0","2"
"消难举州附","2","0","2"
"将军杨忠率","1","1","2"
"军杨忠率众","1","1","2"
"杨忠率众迎","1","1","2"
"夏四月己巳","2","0","2"
"公护雍州牧","2","0","2"
"恤鳏寡孤独","1","1","2"
"封少师元罗","1","1","2"
"柱国尉迟迥","1","1","2"
"国尉迟迥镇","1","1","2"
"十二月辛酉","1","1","2"
"武成元年春","1","1","2"
"都督诸州军","1","1","2"
"督诸州军事","1","1","2"
"章武孝公导","2","0","2"
"公直镇蒲州","2","0","2"
"公贺兰祥率","1","1","2"
"二百七十六","1","1","2"
"百七十六万","1","1","2"
"听讼正武殿","2","0","2"
"公家财畜钱","1","1","2"
"家财畜钱粟","1","1","2"
"高昌遣使献","2","0","2"
"公卿大夫士","1","1","2"
"进封辅城公","1","1","2"
"进封天水公","1","1","2"
"化政公宇文","1","1","2"
"政公宇文贵","1","1","2"
"群公列将卿","1","1","2"
"公列将卿大","1","1","2"
"列将卿大夫","1","1","2"
"人生天地间","2","0","2"
"军中大小督","1","1","2"
"中大小督将","1","1","2"
"公卿大臣等","1","1","2"
"能力行菲薄","1","1","2"
"四方州镇使","1","1","2"
"高祖武皇帝","1","1","2"
"武成二年夏","1","1","2"
"常山王高演","1","1","2"
"山王高演废","1","1","2"
"保定元年春","1","1","2"
"朕祗承宝图","2","0","2"
"祖文皇帝禀","1","1","2"
"遣大使巡察","2","0","2"
"大使巡察天","2","0","2"
"使巡察天下","2","0","2"
"宕昌遣使献","2","0","2"
"吴公尉迟纲","1","1","2"
"遣使献犀甲","2","0","2"
"封孝闵皇帝","1","1","2"
"追封皇伯父","1","1","2"
"追封武邑公","1","1","2"
"荧惑入舆鬼","2","0","2"
"十一月乙巳","1","1","2"
"追封皇族祖","1","1","2"
"年春正月壬","2","0","2"
"凉国公贺兰","1","1","2"
"国公贺兰祥","1","1","2"
"京城三十里","1","1","2"
"荧惑犯左执","2","0","2"
"惑犯左执法","2","0","2"
"江陵四州总","1","1","2"
"陵四州总管","1","1","2"
"十一月丁卯","1","1","2"
"遣使献生猛","2","0","2"
"使献生猛兽","2","0","2"
"御正武殿录","2","0","2"
"正武殿录囚","2","0","2"
"武殿录囚徒","2","0","2"
"诏柱国杨忠","2","0","2"
"十二月辛卯","1","1","2"
"公达奚武率","1","1","2"
"荧惑犯房右","2","0","2"
"惑犯房右骖","2","0","2"
"卫国公直大","2","0","2"
"国公直大司","2","0","2"
"皇世母阎氏","1","1","2"
"大将军韦孝","1","1","2"
"将军韦孝宽","1","1","2"
"大将军长孙","1","1","2"
"将军长孙俭","1","1","2"
"冬十月癸亥","2","0","2"
"大将军陆通","1","1","2"
"军权景宣率","1","1","2"
"权景宣率山","1","1","2"
"景宣率山南","1","1","2"
"十一月甲午","1","1","2"
"五年春正月","2","0","2"
"诏陈国公纯","2","0","2"
"柱国许国公","1","1","2"
"国公豆卢宁","1","1","2"
"称太上皇帝","1","1","2"
"置中大夫一","1","1","2"
"中大夫一人","1","1","2"
"长二尺五寸","1","1","2"
"十一月庚辰","1","1","2"
"中山公训蒲","2","0","2"
"山公训蒲州","2","0","2"
"公训蒲州总","2","0","2"
"训蒲州总管","2","0","2"
"吐谷浑龙涸","1","1","2"
"谷浑龙涸王","1","1","2"
"信州蛮冉令","1","1","2"
"州蛮冉令贤","1","1","2"
"十一月丙戌","1","1","2"
"武功等新城","1","1","2"
"十二月庚申","1","1","2"
"夏四月乙巳","2","0","2"
"刺史华皎率","1","1","2"
"史华皎率众","1","1","2"
"襄州总管卫","1","1","2"
"州总管卫国","1","1","2"
"总管卫国公","1","1","2"
"直率柱国绥","1","1","2"
"率柱国绥德","1","1","2"
"柱国绥德公","1","1","2"
"国绥德公陆","1","1","2"
"秋七月辛丑","2","0","2"
"生七十二人","1","1","2"
"十一月戊戌","1","1","2"
"春正月辛丑","2","0","2"
"柱国陈国公","1","1","2"
"韩国公元罗","1","1","2"
"十一月壬辰","1","1","2"
"开府崔彦穆","1","1","2"
"小宾部元晖","1","1","2"
"十二月丁丑","1","1","2"
"河阳公李纶","1","1","2"
"阳公李纶等","1","1","2"
"封魏广平公","1","1","2"
"厥遣使献马","2","0","2"
"盗杀孔城防","2","0","2"
"杀孔城防主","2","0","2"
"齐国公宪率","2","0","2"
"筑崇德等城","1","1","2"
"十一月辛亥","1","1","2"
"俭益州总管","2","0","2"
"十一月乙丑","1","1","2"
"追封章武孝","1","1","2"
"封章武孝公","1","1","2"
"将军郑恪率","1","1","2"
"斛律明月寇","2","0","2"
"大将军张掖","1","1","2"
"将军张掖公","1","1","2"
"军张掖公王","1","1","2"
"国公李晖等","1","1","2"
"二月己丑夜","1","1","2"
"斛律明月退","1","1","2"
"荧惑犯舆鬼","2","0","2"
"蛮渠冉祖喜","2","0","2"
"亮秦州总管","2","0","2"
"门公田弘率","1","1","2"
"太原公王柬","1","1","2"
"段孝先攻陷","1","1","2"
"右武伯谷会","1","1","2"
"武伯谷会琨","1","1","2"
"十一月壬子","1","1","2"
"大将军梁国","1","1","2"
"将军梁国公","1","1","2"
"军梁国公侯","1","1","2"
"大将军李意","1","1","2"
"十二月己丑","1","1","2"
"建德元年春","1","1","2"
"小宾部贺遂","1","1","2"
"宾部贺遂礼","1","1","2"
"大冢宰晋国","1","1","2"
"冢宰晋国公","1","1","2"
"弟大将军莒","1","1","2"
"大将军莒国","1","1","2"
"将军莒国公","1","1","2"
"龙恩弟大将","2","0","2"
"恩弟大将军","2","0","2"
"大将军刘勇","1","1","2"
"将军刘勇等","1","1","2"
"邓国公窦炽","2","0","2"
"国公李穆太","2","0","2"
"赵国公招大","2","0","2"
"国公招大司","2","0","2"
"小礼部辛彦","1","1","2"
"百官军民上","1","1","2"
"绍莒庄公洛","2","0","2"
"庄公洛生后","2","0","2"
"改置宿卫官","2","0","2"
"置宿卫官员","2","0","2"
"小匠师杨勰","1","1","2"
"十一月丙午","1","1","2"
"十二月壬申","1","1","2"
"置帅都督官","1","1","2"
"诏皇太子赟","2","0","2"
"司会侯莫陈","1","1","2"
"会侯莫陈凯","1","1","2"
"省六府诸司","1","1","2"
"六府诸司中","1","1","2"
"府诸司中大","1","1","2"
"诸司中大夫","1","1","2"
"六府员外诸","1","1","2"
"府员外诸官","1","1","2"
"十一月辛巳","1","1","2"
"二十四军督","1","1","2"
"十四军督将","1","1","2"
"举贤良清正","1","1","2"
"皇太后叱奴","1","1","2"
"太后叱奴氏","1","1","2"
"朝夕共一溢","2","0","2"
"夕共一溢米","2","0","2"
"夏四月乙卯","2","0","2"
"东北紫宫垣","1","1","2"
"置太子谏议","1","1","2"
"太子谏议员","1","1","2"
"子谏议员四","1","1","2"
"谏议员四人","1","1","2"
"卫王直京师","2","0","2"
"王直京师举","2","0","2"
"直京师举兵","2","0","2"
"京师举兵反","2","0","2"
"武尉迟运等","1","1","2"
"建德元年八","1","1","2"
"德元年八月","1","1","2"
"御正杨尚希","1","1","2"
"将军郑恪讨","1","1","2"
"十二月戊子","1","1","2"
"夏五州总管","1","1","2"
"五州总管内","1","1","2"
"置营军器监","1","1","2"
"广德公李意","1","1","2"
"遣小司寇淮","2","0","2"
"东南道四总","1","1","2"
"南道四总管","1","1","2"
"纯前一军总","2","0","2"
"司马消难前","1","1","2"
"前二军总管","1","1","2"
"盛后一军总","2","0","2"
"招后三军总","2","0","2"
"柱国梁国公","1","1","2"
"国梁国公侯","1","1","2"
"侯莫陈芮率","1","1","2"
"攻河阴大城","1","1","2"
"仪同三司韩","1","1","2"
"同三司韩正","1","1","2"
"十一月己亥","1","1","2"
"十二月辛亥","1","1","2"
"文宣皇后服","1","1","2"
"清河公宇文","1","1","2"
"河公宇文神","1","1","2"
"宇文神举攻","1","1","2"
"攻拔齐陆浑","2","0","2"
"拔齐陆浑等","2","0","2"
"大醮正武殿","2","0","2"
"然后乘破竹","1","1","2"
"右三军总管","1","1","2"
"恭左二军总","2","0","2"
"左三军总管","1","1","2"
"遣齐王宪率","2","0","2"
"宪率精骑二","2","0","2"
"率精骑二万","2","0","2"
"二万守千里","2","0","2"
"万守千里径","2","0","2"
"骑一万守统","2","0","2"
"一万守统军","2","0","2"
"万守统军川","2","0","2"
"大将军韩明","1","1","2"
"乌氏公尹升","1","1","2"
"凉城公辛韶","1","1","2"
"步骑一万华","2","0","2"
"骑一万华谷","2","0","2"
"内史王谊监","1","1","2"
"齐晋州刺史","1","1","2"
"晋州刺史崔","1","1","2"
"州刺史崔景","1","1","2"
"史崔景嵩守","2","0","2"
"崔景嵩守城","2","0","2"
"景嵩守城北","2","0","2"
"嵩守城北面","2","0","2"
"上开府王轨","1","1","2"
"开府王轨率","1","1","2"
"擒城主特进","2","0","2"
"俘甲士八千","2","0","2"
"甲士八千人","2","0","2"
"上开府梁士","1","1","2"
"开府梁士彦","1","1","2"
"十一月己卯","1","1","2"
"十二月戊申","1","1","2"
"丞相高阿肱","2","0","2"
"留兄安德王","2","0","2"
"兄安德王延","2","0","2"
"安德王延宗","2","0","2"
"定南王韩建","1","1","2"
"南王韩建业","1","1","2"
"开府贺拔伏","1","1","2"
"府贺拔伏恩","1","1","2"
"伪齐昌王莫","1","1","2"
"多娄敬显等","1","1","2"
"庸国公王谦","1","1","2"
"遣大将军尉","2","0","2"
"将军尉迟勤","1","1","2"
"军尉迟勤率","1","1","2"
"尉迟勤率二","1","1","2"
"迟勤率二千","1","1","2"
"率二千骑追","2","0","2"
"齐任城王湝","2","0","2"
"侍中斛律孝","1","1","2"
"中斛律孝卿","1","1","2"
"斛律孝卿送","1","1","2"
"崔季舒等七","1","1","2"
"季舒等七人","1","1","2"
"宾主礼相见","2","0","2"
"随公杨坚率","1","1","2"
"公杨坚率军","1","1","2"
"杨坚率军讨","1","1","2"
"王高绍义叛","1","1","2"
"一百六十二","1","1","2"
"三百八十五","1","1","2"
"三百三十万","1","1","2"
"百三十万二","1","1","2"
"三十万二千","1","1","2"
"十万二千五","1","1","2"
"万二千五百","1","1","2"
"二千五百二","1","1","2"
"千五百二十","1","1","2"
"五百二十八","1","1","2"
"二千万六千","1","1","2"
"诏山东诸州","2","0","2"
"宁四州总管","1","1","2"
"柱国邓国公","1","1","2"
"封上大将军","1","1","2"
"温国公高纬","1","1","2"
"十一月庚午","1","1","2"
"国公王轨率","1","1","2"
"永熙三年七","1","1","2"
"熙三年七月","1","1","2"
"持杖群强盗","2","0","2"
"十二月戊午","1","1","2"
"刺史东平公","1","1","2"
"史东平公宇","1","1","2"
"北营州刺史","1","1","2"
"营州刺史高","1","1","2"
"州刺史高宝","1","1","2"
"刺史高宝宁","1","1","2"
"大冢宰谯王","1","1","2"
"上柱国越王","1","1","2"
"柱国越王盛","2","0","2"
"将吴明彻等","2","0","2"
"柱国故豆卢","1","1","2"
"国故豆卢宁","1","1","2"
"故豆卢宁征","1","1","2"
"柱国原公姬","1","1","2"
"国原公姬愿","1","1","2"
"能使百姓安","1","1","2"
"使百姓安乐","1","1","2"
"建德二年六","1","1","2"
"德二年六月","1","1","2"
"大象元年正","1","1","2"
"象元年正月","1","1","2"
"二年夏五月","1","1","2"
"帝入宿露门","1","1","2"
"入宿露门学","1","1","2"
"帝入居天台","1","1","2"
"停洛阳宫作","2","0","2"
"郜国公贺拔","1","1","2"
"国公贺拔伏","1","1","2"
"公贺拔伏恩","1","1","2"
"相州总管尉","1","1","2"
"总管尉迟迥","1","1","2"
"诏发关中兵","2","0","2"
"河公杨素讨","1","1","2"
"都督内外诸","1","1","2"
"督内外诸军","1","1","2"
"内外诸军事","1","1","2"
"州总管司马","1","1","2"
"总管司马消","1","1","2"
"管司马消难","1","1","2"
"襄州三总管","1","1","2"
"益州总管王","1","1","2"
"州总管王谦","1","1","2"
"相州阳平郡","1","1","2"
"宋安公元景","1","1","2"
"安公元景山","1","1","2"
"公元景山率","1","1","2"
"俘斩五百余","2","0","2"
"斩五百余人","2","0","2"
"皇后司马氏","1","1","2"
"信州总管府","1","1","2"
"始平公元孝","1","1","2"
"平公元孝矩","1","1","2"
"随王杨坚称","1","1","2"
"开皇元年五","1","1","2"
"皇元年五月","1","1","2"
"文帝元皇后","1","1","2"
"恭帝三年十","1","1","2"
"帝三年十二","1","1","2"
"三年十二月","1","1","2"
"文宣叱奴皇","1","1","2"
"宣叱奴皇后","1","1","2"
"年三月癸酉","1","1","2"
"孝闵帝元皇","1","1","2"
"闵帝元皇后","1","1","2"
"大业十二年","1","1","2"
"明帝独孤皇","1","1","2"
"帝独孤皇后","1","1","2"
"保定五年二","1","1","2"
"定五年二月","1","1","2"
"祖行亲迎礼","2","0","2"
"元皇帝臣赟","2","0","2"
"天元皇太后","1","1","2"
"太后尊号曰","2","0","2"
"后尊号曰天","2","0","2"
"尊号曰天元","2","0","2"
"隋开皇二年","1","1","2"
"武帝李皇后","1","1","2"
"帝李皇后名","1","1","2"
"开皇元年三","1","1","2"
"皇元年三月","1","1","2"
"尼礼葬京城","2","0","2"
"宣帝杨皇后","1","1","2"
"帝杨皇后名","1","1","2"
"称天元皇帝","1","1","2"
"立天中大皇","1","1","2"
"宣帝朱皇后","1","1","2"
"帝朱皇后名","1","1","2"
"象元年六月","1","1","2"
"中大皇后一","1","1","2"
"大皇后一人","1","1","2"
"东兖州刺史","1","1","2"
"大象元年七","2","0","2"
"象元年七月","2","0","2"
"尉迟皇后名","1","1","2"
"杞国公亮子","2","0","2"
"隋开皇十五","1","1","2"
"开皇十五年","1","1","2"
"静帝司马皇","1","1","2"
"帝司马皇后","1","1","2"
"司马皇后名","1","1","2"
"隋司隶刺史","1","1","2"
"司隶刺史李","1","1","2"
"隶刺史李丹","1","1","2"
"等州诸军事","1","1","2"
"寻除宗师中","2","0","2"
"除宗师中大","2","0","2"
"随贺拔岳入","1","1","2"
"贺拔岳入关","2","0","2"
"太祖讨侯莫","2","0","2"
"祖讨侯莫陈","2","0","2"
"魏皇太子东","1","1","2"
"皇太子东征","1","1","2"
"侯景举河南","2","0","2"
"景举河南附","2","0","2"
"秦南等十五","1","1","2"
"南等十五州","1","1","2"
"恭帝元年十","1","1","2"
"帝元年十二","1","1","2"
"封永昌郡公","2","0","2"
"封天水郡公","2","0","2"
"除开府仪同","2","0","2"
"右第二军总","1","1","2"
"第二军总管","1","1","2"
"公韦孝宽等","1","1","2"
"长史杜士峻","1","1","2"
"数百骑袭孝","2","0","2"
"百骑袭孝宽","2","0","2"
"骑袭孝宽营","2","0","2"
"宪攻拔武济","2","0","2"
"封大宁郡公","1","1","2"
"国公李穆监","1","1","2"
"宪字毗贺突","1","1","2"
"筑崇德等五","1","1","2"
"新蔡王王康","1","1","2"
"蔡王王康德","1","1","2"
"国宇文盛运","1","1","2"
"平原王段孝","1","1","2"
"原王段孝先","1","1","2"
"兰陵王高长","1","1","2"
"陵王高长恭","1","1","2"
"开府裴文举","1","1","2"
"友刘休征献","1","1","2"
"内史王谊谋","1","1","2"
"置上柱国官","1","1","2"
"国侯莫陈芮","1","1","2"
"虞候大都督","1","1","2"
"梁公侯莫陈","1","1","2"
"内史王谊等","1","1","2"
"开府宇文忻","1","1","2"
"将贺兰豹子","1","1","2"
"宪率兵六万","1","1","2"
"开府宇文神","1","1","2"
"府宇文神举","1","1","2"
"功进封第二","1","1","2"
"兄弟十五人","1","1","2"
"司卫长孙览","1","1","2"
"小冢宰宇文","1","1","2"
"冢宰宇文孝","1","1","2"
"宰宇文孝伯","1","1","2"
"上大将军安","1","1","2"
"大将军安邑","1","1","2"
"将军安邑公","1","1","2"
"军安邑公王","1","1","2"
"安邑公王兴","1","1","2"
"开府独孤熊","1","1","2"
"开府豆卢绍","1","1","2"
"府豆卢绍等","1","1","2"
"生母达步干","1","1","2"
"母达步干氏","1","1","2"
"文元皇后生","1","1","2"
"文宣皇后叱","1","1","2"
"宣皇后叱奴","1","1","2"
"皇后叱奴氏","1","1","2"
"后叱奴氏生","1","1","2"
"达步干妃生","1","1","2"
"尚魏文帝女","2","0","2"
"吴明彻等战","2","0","2"
"明彻等战沌","2","0","2"
"彻等战沌口","2","0","2"
"帝幸云阳宫","2","0","2"
"进封赵国公","2","0","2"
"大军复东讨","2","0","2"
"汾州稽胡帅","2","0","2"
"州稽胡帅刘","2","0","2"
"稽胡帅刘受","2","0","2"
"刘受逻干反","1","1","2"
"淮等十四州","1","1","2"
"等十四州十","1","1","2"
"十四州十防","1","1","2"
"四州十防诸","1","1","2"
"州十防诸军","1","1","2"
"十防诸军事","1","1","2"
"渠帅穆友等","1","1","2"
"除河阳总管","1","1","2"
"节度诸军事","1","1","2"
"荆州新野郡","1","1","2"
"总管利始等","1","1","2"
"管利始等五","1","1","2"
"利始等五州","1","1","2"
"六汗拔陵反","1","1","2"
"怀朔镇将杨","1","1","2"
"朔镇将杨钧","1","1","2"
"募勇敢少年","1","1","2"
"勇敢少年十","1","1","2"
"敢少年十余","1","1","2"
"尉迟真檀等","1","1","2"
"退军数十里","1","1","2"
"肆州刺史尉","1","1","2"
"州刺史尉庆","1","1","2"
"刺史尉庆宾","1","1","2"
"时杜洛周阻","1","1","2"
"封易阳县伯","1","1","2"
"胜前军大都","2","0","2"
"爵真定县公","1","1","2"
"本官假骠骑","2","0","2"
"南雍七州诸","1","1","2"
"雍七州诸军","1","1","2"
"加授南道大","1","1","2"
"授南道大行","1","1","2"
"南道大行台","1","1","2"
"道大行台尚","1","1","2"
"行台尚书左","1","1","2"
"台尚书左仆","1","1","2"
"胜攻梁下溠","2","0","2"
"戍主尹道珍","1","1","2"
"主尹道珍等","1","1","2"
"蛮王文道期","1","1","2"
"雍州刺史萧","1","1","2"
"州刺史萧续","1","1","2"
"雍州刺史长","1","1","2"
"刺史长孙亮","1","1","2"
"大都督王元","1","1","2"
"都督王元轨","1","1","2"
"都督拔略昶","1","1","2"
"诏胜引兵赴","2","0","2"
"令府长史元","1","1","2"
"府长史元颍","1","1","2"
"率麾下数百","2","0","2"
"麾下数百骑","2","0","2"
"加授中军大","1","1","2"
"授中军大都","1","1","2"
"齐神武相遇","1","1","2"
"齐神武数里","1","1","2"
"望魂飞贼庭","1","1","2"
"守庙下大夫","1","1","2"
"胜兄弟三人","1","1","2"
"岳字阿斗泥","1","1","2"
"荣杀害朝士","2","0","2"
"将军首举义","1","1","2"
"军首举义兵","1","1","2"
"赐爵樊城乡","1","1","2"
"爵樊城乡男","1","1","2"
"荣前军都督","1","1","2"
"破葛荣滏口","2","0","2"
"恐谗愬生焉","2","0","2"
"督二雍二岐","1","1","2"
"二雍二岐诸","1","1","2"
"雍二岐诸军","1","1","2"
"二岐诸军事","1","1","2"
"征西将军代","1","1","2"
"西将军代郡","1","1","2"
"大行台尉迟","1","1","2"
"仆射万俟仵","1","1","2"
"岳称扬国威","1","1","2"
"岳便驰马东","1","1","2"
"虏获三千人","2","0","2"
"行台万俟道","1","1","2"
"台万俟道洛","1","1","2"
"略阳贼帅王","1","1","2"
"阳贼帅王庆","1","1","2"
"贼帅王庆云","1","1","2"
"夏州人宿勤","1","1","2"
"州人宿勤明","1","1","2"
"人宿勤明达","1","1","2"
"都督泾北豳","1","1","2"
"督泾北豳二","1","1","2"
"泾北豳二夏","1","1","2"
"北豳二夏四","1","1","2"
"豳二夏四州","1","1","2"
"二夏四州诸","1","1","2"
"夏四州诸军","1","1","2"
"都督二岐东","1","1","2"
"督二岐东秦","1","1","2"
"二岐东秦三","1","1","2"
"岐东秦三州","1","1","2"
"东秦三州诸","1","1","2"
"秦三州诸军","1","1","2"
"封清水郡公","1","1","2"
"通前三千户","2","0","2"
"愿同心戮力","2","0","2"
"擒天光弟显","2","0","2"
"天光弟显寿","2","0","2"
"加关中大行","1","1","2"
"泾二十州诸","1","1","2"
"语太祖本纪","2","0","2"
"万俟受洛干","1","1","2"
"铁勒斛律沙","1","1","2"
"勒斛律沙门","1","1","2"
"渭四州刺史","1","1","2"
"召侯莫陈悦","1","1","2"
"魏孝庄帝初","1","1","2"
"除征西将军","2","0","2"
"封柏人县侯","1","1","2"
"爵白水郡公","1","1","2"
"都督陇右诸","1","1","2"
"督陇右诸军","1","1","2"
"加秦州刺史","2","0","2"
"中兵参军豆","1","1","2"
"兵参军豆卢","1","1","2"
"参军豆卢光","1","1","2"
"行南兖州事","1","1","2"
"中军北面大","1","1","2"
"军北面大都","1","1","2"
"北面大都督","1","1","2"
"都督河凉瓜","1","1","2"
"督河凉瓜鄯","1","1","2"
"河凉瓜鄯渭","1","1","2"
"凉瓜鄯渭洮","1","1","2"
"瓜鄯渭洮沙","1","1","2"
"鄯渭洮沙七","1","1","2"
"渭洮沙七州","1","1","2"
"洮沙七州诸","1","1","2"
"沙七州诸军","1","1","2"
"功中坚将军","2","0","2"
"迁征北将军","2","0","2"
"魏文帝诏曰","2","0","2"
"侯莫陈悦远","1","1","2"
"临邑县开国","1","1","2"
"邑县开国公","1","1","2"
"县开国公寇","1","1","2"
"开国公寇洛","1","1","2"
"太祖东魏战","2","0","2"
"东魏战河桥","2","0","2"
"属魏室丧乱","2","0","2"
"功征虏将军","2","0","2"
"隶侯莫陈悦","2","0","2"
"宇文夏州收","1","1","2"
"寻秦州刺史","2","0","2"
"太祖率兵东","1","1","2"
"祖率兵东下","1","1","2"
"潼关回洛城","2","0","2"
"多娄贷文率","1","1","2"
"齐神武战河","2","0","2"
"神武战河桥","2","0","2"
"侯景率河南","1","1","2"
"景率河南六","1","1","2"
"率河南六州","1","1","2"
"前后部羽葆","1","1","2"
"后部羽葆鼓","1","1","2"
"部羽葆鼓吹","1","1","2"
"故能功名终","2","0","2"
"配食太祖庙","2","0","2"
"食太祖庙庭","2","0","2"
"义安长公主","1","1","2"
"赐爵义城郡","1","1","2"
"历抚军将军","2","0","2"
"率公卿子弟","1","1","2"
"总管梁洋等","1","1","2"
"管梁洋等十","1","1","2"
"梁洋等十州","1","1","2"
"洋等十州诸","1","1","2"
"上大将军蒲","1","1","2"
"大将军蒲山","1","1","2"
"将军蒲山郡","1","1","2"
"军蒲山郡公","1","1","2"
"台樊子鹄击","1","1","2"
"大都督元斌","1","1","2"
"东魏将任祥","2","0","2"
"赵贵征茹茹","2","0","2"
"前二千一百","2","0","2"
"恒朔等五州","1","1","2"
"朔等五州刺","1","1","2"
"大行台仆射","1","1","2"
"行台仆射元","1","1","2"
"台仆射元纂","1","1","2"
"仆射元纂率","1","1","2"
"谨率二千骑","1","1","2"
"行台广阳王","1","1","2"
"台广阳王元","1","1","2"
"斛律野谷禄","1","1","2"
"律野谷禄等","1","1","2"
"酋长乜列河","1","1","2"
"长乜列河等","1","1","2"
"折敷岭迎接","1","1","2"
"除积射将军","2","0","2"
"随广阳王征","1","1","2"
"灵太后引见","1","1","2"
"梁将曹义宗","2","0","2"
"行台尚书辛","1","1","2"
"台尚书辛纂","1","1","2"
"尚书辛纂率","1","1","2"
"书辛纂率兵","1","1","2"
"朱天光破万","2","0","2"
"天光破万俟","2","0","2"
"光破万俟丑","2","0","2"
"太祖赴平凉","2","0","2"
"齐神武逼洛","2","0","2"
"爵蓝田县公","2","0","2"
"夏阳人王游","1","1","2"
"阳人王游浪","1","1","2"
"人王游浪聚","1","1","2"
"大丞相府长","1","1","2"
"稽胡帅夏州","1","1","2"
"胡帅夏州刺","1","1","2"
"刺史刘平叛","1","1","2"
"太祖命李弼","1","1","2"
"加授华州刺","1","1","2"
"后军大都督","1","1","2"
"时雍州刺史","2","0","2"
"将军杨忠等","1","1","2"
"谨奴婢一千","1","1","2"
"金石丝竹乐","1","1","2"
"石丝竹乐一","1","1","2"
"丝竹乐一部","1","1","2"
"立三老五更","1","1","2"
"俭监护丧事","1","1","2"
"粟麦五千斛","1","1","2"
"雍恒等二十","1","1","2"
"恒等二十州","1","1","2"
"入太祖幕府","1","1","2"
"封万年县子","2","0","2"
"迁仪同三司","2","0","2"
"魏太子西巡","2","0","2"
"太祖手书劳","2","0","2"
"除延州刺史","2","0","2"
"赠恒州刺史","1","1","2"
"赐爵燕乐县","1","1","2"
"爵燕乐县子","1","1","2"
"赐爵魏平县","1","1","2"
"爵魏平县伯","1","1","2"
"茹茹寇广武","2","0","2"
"改封南阳郡","1","1","2"
"封南阳郡公","1","1","2"
"进封楚国公","2","0","2"
"开府宇文盛","1","1","2"
"渔阳王袁肆","1","1","2"
"阳王袁肆周","1","1","2"
"荆州新野镇","1","1","2"
"州新野镇将","1","1","2"
"荆州防城大","1","1","2"
"州防城大都","1","1","2"
"贺拔胜镇荆","2","0","2"
"拔胜镇荆州","2","0","2"
"进爵浮阳郡","2","0","2"
"都督三荆州","1","1","2"
"督三荆州诸","1","1","2"
"三荆州诸军","1","1","2"
"荆州诸军事","1","1","2"
"弘农郡守田","1","1","2"
"农郡守田八","1","1","2"
"郡守田八能","1","1","2"
"都督张齐民","1","1","2"
"东魏刺史辛","1","1","2"
"魏刺史辛纂","1","1","2"
"都督杨忠等","1","1","2"
"侯景等率众","2","0","2"
"大统三年秋","1","1","2"
"能改过立功","1","1","2"
"改封河内郡","1","1","2"
"封河内郡公","1","1","2"
"陇右十州大","1","1","2"
"右十州大都","1","1","2"
"十州大都督","1","1","2"
"赤水蕃王梁","1","1","2"
"齐神武追骑","2","0","2"
"善封魏宁县","1","1","2"
"追赠信父库","2","0","2"
"赠信父库者","2","0","2"
"信母费连氏","2","0","2"
"爵长安郡公","1","1","2"
"除河州刺史","2","0","2"
"贝十州诸军","1","1","2"
"燕六州诸军","1","1","2"
"太尉恭公夫","1","1","2"
"尉恭公夫人","1","1","2"
"万俟丑奴围","1","1","2"
"破贼帅侯伏","1","1","2"
"贼帅侯伏侯","1","1","2"
"帅侯伏侯元","1","1","2"
"刺史史归犹","2","0","2"
"转征西将军","2","0","2"
"封广武县伯","1","1","2"
"改封彭城郡","1","1","2"
"北秦州刺史","1","1","2"
"爵武安县公","1","1","2"
"改封武威郡","1","1","2"
"封武威郡公","1","1","2"
"功宁远将军","2","0","2"
"赐爵灵武县","1","1","2"
"爵灵武县侯","1","1","2"
"东宫武卫率","1","1","2"
"授司门下大","1","1","2"
"除工部中大","2","0","2"
"统十六年前","2","0","2"
"梁御字善通","1","1","2"
"魏太祖征讨","1","1","2"
"除镇西将军","2","0","2"
"太祖平秦陇","2","0","2"
"宇文夏州英","1","1","2"
"文夏州英姿","1","1","2"
"转右卫将军","2","0","2"
"进爵广平郡","2","0","2"
"爵广平郡公","2","0","2"
"广阳王深征","2","0","2"
"阳王深征葛","2","0","2"
"王深征葛荣","2","0","2"
"赵贵等同谋","2","0","2"
"贵等同谋翊","2","0","2"
"等同谋翊戴","2","0","2"
"进爵魏昌县","2","0","2"
"进爵长乐郡","2","0","2"
"高仲密举北","1","1","2"
"仲密举北豫","1","1","2"
"密举北豫州","1","1","2"
"时原州刺史","1","1","2"
"都督赵贵等","1","1","2"
"台任祥率步","1","1","2"
"东魏围颍川","2","0","2"
"魏蔚州刺史","1","1","2"
"都督贺拔岳","1","1","2"
"常先锋陷阵","2","0","2"
"豳州刺史孙","1","1","2"
"州刺史孙定","1","1","2"
"秦灵二州总","1","1","2"
"灵二州总管","1","1","2"
"魏永安二年","1","1","2"
"通前二千七","2","0","2"
"前二千七百","2","0","2"
"原灵显三州","1","1","2"
"王罴字熊罴","1","1","2"
"京兆霸城人","1","1","2"
"河南尹王遵","1","1","2"
"号抚军将军","1","1","2"
"孝文皇帝所","1","1","2"
"左仆射周惠","1","1","2"
"射周惠达召","1","1","2"
"太祖令中使","1","1","2"
"迁上大将军","2","0","2"
"解褐员外散","2","0","2"
"宿勤明达等","1","1","2"
"勤明达等扰","1","1","2"
"明达等扰乱","1","1","2"
"中军大将军","1","1","2"
"解所服金带","2","0","2"
"愿尽心效命","1","1","2"
"思政镇弘农","2","0","2"
"都督蔺小欢","1","1","2"
"督蔺小欢督","1","1","2"
"黄金三十斤","1","1","2"
"鲁关向阳翟","1","1","2"
"七州十二镇","1","1","2"
"受河南诸军","1","1","2"
"东魏太尉高","1","1","2"
"魏太尉高岳","1","1","2"
"仪同刘丰生","1","1","2"
"同刘丰生等","1","1","2"
"达奚武字成","1","1","2"
"奚武字成兴","1","1","2"
"转大丞相府","2","0","2"
"大丞相府中","1","1","2"
"丞相府中兵","1","1","2"
"相府中兵参","1","1","2"
"王萧纪遣将","2","0","2"
"萧纪遣将杨","2","0","2"
"纪遣将杨干","2","0","2"
"遣将杨干运","2","0","2"
"兵万余人救","2","0","2"
"万余人救循","2","0","2"
"齐将高苟子","1","1","2"
"杨忠迎消难","2","0","2"
"齐将斛律敦","1","1","2"
"杨忠引突厥","2","0","2"
"三州二镇诸","1","1","2"
"州二镇诸军","1","1","2"
"太祖见甚欢","2","0","2"
"定围逼河州","1","1","2"
"太祖破沙苑","2","0","2"
"射周惠达等","1","1","2"
"金镂玉梁带","1","1","2"
"镂玉梁带赐","1","1","2"
"部落一千家","1","1","2"
"随朱天光入","2","0","2"
"武卫大将军","1","1","2"
"迁尚书右仆","2","0","2"
"潘纯陀寇江","2","0","2"
"纯陀寇江陵","2","0","2"
"累迁开府仪","2","0","2"
"右亲信都督","1","1","2"
"安政公史宁","1","1","2"
"封武阳郡三","1","1","2"
"武阳郡三千","1","1","2"
"阳郡三千户","1","1","2"
"四千五百户","1","1","2"
"宇文贵字永","1","1","2"
"文贵字永贵","1","1","2"
"昌黎大棘人","1","1","2"
"刺史源子雍","1","1","2"
"帅叱干麒麟","1","1","2"
"爵化政郡公","2","0","2"
"东魏颍州长","2","0","2"
"魏颍州长史","2","0","2"
"州长史贺若","1","1","2"
"率步骑二千","2","0","2"
"魏行台任祥","1","1","2"
"岐二州刺史","1","1","2"
"中外府左长","1","1","2"
"外府左长史","1","1","2"
"宕昌王梁弥","1","1","2"
"昌王梁弥定","1","1","2"
"弥定宗人獠","2","0","2"
"定宗人獠甘","2","0","2"
"民郑五丑扇","2","0","2"
"时隆州人开","1","1","2"
"隆州人开府","1","1","2"
"州人开府李","1","1","2"
"人开府李光","1","1","2"
"开府李光赐","1","1","2"
"开府叱奴兴","1","1","2"
"令开府成亚","1","1","2"
"等八州诸军","1","1","2"
"游军二十四","1","1","2"
"军二十四部","1","1","2"
"父军功赐爵","2","0","2"
"迁御正中大","2","0","2"
"封小黄县伯","1","1","2"
"除安西将军","2","0","2"
"除左光禄大","2","0","2"
"都督三荆二","1","1","2"
"阳王萧察称","2","0","2"
"王萧察称藩","2","0","2"
"萧察称藩附","2","0","2"
"爵陈留郡公","1","1","2"
"司马消难请","1","1","2"
"柱国达奚武","1","1","2"
"大将斛律明","1","1","2"
"大将军杨纂","1","1","2"
"慕容延等十","1","1","2"
"七百人步战","1","1","2"
"令突厥使者","1","1","2"
"同朔等十三","1","1","2"
"朔等十三州","1","1","2"
"赐爵兴城郡","1","1","2"
"爵兴城郡公","1","1","2"
"寻仪同三司","2","0","2"
"率军子午谷","2","0","2"
"寻泾州总管","2","0","2"
"泾州总管诸","1","1","2"
"州总管诸军","1","1","2"
"总管诸军事","1","1","2"
"时年五十八","2","0","2"
"王盟字子仵","1","1","2"
"魏黄门侍郎","2","0","2"
"六汗拔陵攻","1","1","2"
"汗拔陵攻陷","1","1","2"
"随贺拔岳前","1","1","2"
"除原州刺史","2","0","2"
"开府李虎辅","1","1","2"
"左军大都督","1","1","2"
"赐爵梁甫县","1","1","2"
"爵梁甫县公","1","1","2"
"千牛备身直","1","1","2"
"牛备身直长","1","1","2"
"授扬烈将军","2","0","2"
"改封济南郡","1","1","2"
"封济南郡公","1","1","2"
"初太祖帐内","2","0","2"
"燕朔显蔚四","1","1","2"
"朔显蔚四州","1","1","2"
"建安长公主","1","1","2"
"解褐奉朝请","2","0","2"
"前一千三百","2","0","2"
"都督三荆南","1","1","2"
"督三荆南襄","1","1","2"
"爵博陵郡公","1","1","2"
"吐浑广定王","1","1","2"
"追封清都郡","1","1","2"
"封清都郡公","1","1","2"
"尉迟纲字婆","1","1","2"
"迟纲字婆罗","1","1","2"
"大长公主留","1","1","2"
"俄迁骠骑大","2","0","2"
"七州十三防","1","1","2"
"州十三防诸","1","1","2"
"十三防诸军","1","1","2"
"大将军王杰","1","1","2"
"将军王杰率","1","1","2"
"封一子县公","2","0","2"
"叱列伏龟字","1","1","2"
"列伏龟字摩","1","1","2"
"伏龟字摩头","1","1","2"
"代郡西部人","1","1","2"
"长孙稚西征","1","1","2"
"寻进位车骑","2","0","2"
"通前一千四","2","0","2"
"前一千四百","2","0","2"
"改封永世县","1","1","2"
"封永世县公","1","1","2"
"孤侵逼盛乐","1","1","2"
"云州大中正","1","1","2"
"除云州刺史","2","0","2"
"时年七十七","2","0","2"
"广蒙七州诸","1","1","2"
"蒙七州诸军","1","1","2"
"大丞相帐内","1","1","2"
"丞相帐内都","1","1","2"
"相帐内都督","1","1","2"
"女金明公主","1","1","2"
"太祖深委仗","2","0","2"
"祖深委仗焉","2","0","2"
"梁元帝时镇","2","0","2"
"元帝时镇江","2","0","2"
"帝时镇江陵","2","0","2"
"宇文升等六","1","1","2"
"文升等六军","1","1","2"
"安州刺史乐","1","1","2"
"州刺史乐广","1","1","2"
"益州刺史萧","1","1","2"
"益潼等十八","1","1","2"
"潼等十八州","1","1","2"
"等十八州诸","1","1","2"
"大长公主年","1","1","2"
"长公主年高","1","1","2"
"公主年高多","1","1","2"
"主年高多病","1","1","2"
"郧公韦孝宽","1","1","2"
"公韦孝宽代","1","1","2"
"正破六汗裒","1","1","2"
"管府长史晋","1","1","2"
"府长史晋昶","1","1","2"
"长史晋昶等","1","1","2"
"孝宽乘胜进","1","1","2"
"小御正崔达","1","1","2"
"库部员外郎","1","1","2"
"王谦字敕万","1","1","2"
"累迁骠骑大","2","0","2"
"皇太子讨吐","2","0","2"
"太子讨吐谷","2","0","2"
"子讨吐谷浑","2","0","2"
"时高祖东征","1","1","2"
"令司录贺若","1","1","2"
"司录贺若昂","1","1","2"
"录贺若昂奉","1","1","2"
"贺若昂奉表","1","1","2"
"总管长史乙","1","1","2"
"管长史乙弗","1","1","2"
"长史乙弗虔","1","1","2"
"益州刺史达","1","1","2"
"州刺史达奚","1","1","2"
"隆州刺史高","1","1","2"
"州刺史高阿","1","1","2"
"开府田广等","1","1","2"
"长史侯莫陈","1","1","2"
"史侯莫陈杲","1","1","2"
"刺史蔡泽等","1","1","2"
"史蔡泽等四","1","1","2"
"蔡泽等四十","1","1","2"
"泽等四十余","1","1","2"
"等四十余人","1","1","2"
"都督安随九","1","1","2"
"督安随九州","1","1","2"
"安随九州八","1","1","2"
"随九州八镇","1","1","2"
"赴洛阳奉迎","1","1","2"
"增邑通前九","2","0","2"
"邑通前九百","2","0","2"
"通前九百户","2","0","2"
"长安子城反","1","1","2"
"冯景字长明","1","1","2"
"尚书都令史","1","1","2"
"大行台都令","1","1","2"
"行台都令史","1","1","2"
"汝阳王元叔","1","1","2"
"阳王元叔昭","1","1","2"
"陇右大行台","1","1","2"
"迁散骑常侍","2","0","2"
"魏镇远将军","2","0","2"
"北道大行台","1","1","2"
"上党王元天","1","1","2"
"党王元天穆","1","1","2"
"封澄城县伯","1","1","2"
"大行台吏部","1","1","2"
"行台吏部尚","1","1","2"
"台吏部尚书","1","1","2"
"改授散骑常","1","1","2"
"迎魏文悼后","1","1","2"
"都督泾州诸","1","1","2"
"督泾州诸军","1","1","2"
"泾州诸军事","1","1","2"
"潞五州刺史","1","1","2"
"加征南将军","2","0","2"
"大丞相府谘","1","1","2"
"丞相府谘议","1","1","2"
"相府谘议参","1","1","2"
"雍华二州诸","1","1","2"
"华二州诸军","1","1","2"
"柳庆字更兴","1","1","2"
"豫州刺史裴","1","1","2"
"州刺史裴叔","1","1","2"
"刺史裴叔业","1","1","2"
"扬州大中正","1","1","2"
"杂赋集中取","1","1","2"
"宇文泰忠诚","1","1","2"
"文泰忠诚奋","1","1","2"
"泰忠诚奋发","1","1","2"
"转户曹参军","2","0","2"
"迁大行台郎","2","0","2"
"北华州长史","1","1","2"
"三十六曹十","2","0","2"
"十六曹十二","2","0","2"
"六曹十二部","2","0","2"
"绥丹三州刺","1","1","2"
"御正上大夫","1","1","2"
"内史都上士","1","1","2"
"遣大将军达","1","1","2"
"军达奚武经","2","0","2"
"达奚武经略","2","0","2"
"奚武经略汉","2","0","2"
"治行台左丞","1","1","2"
"时梁宜丰侯","2","0","2"
"武藏中大夫","1","1","2"
"前军总管齐","1","1","2"
"军总管齐王","1","1","2"
"苏绰字令绰","1","1","2"
"召行台郎中","2","0","2"
"大行台度支","1","1","2"
"行台度支尚","1","1","2"
"台度支尚书","1","1","2"
"中兴十一年","1","1","2"
"尚书令史麻","1","1","2"
"书令史麻瑶","1","1","2"
"绰归葬武功","1","1","2"
"故度支尚书","1","1","2"
"美阳伯苏绰","1","1","2"
"赐爵美阳子","1","1","2"
"西夏州长史","1","1","2"
"行弘农郡事","2","0","2"
"魏太子居渭","1","1","2"
"累迁尚书右","2","0","2"
"明威等将军","1","1","2"
"仪同府中郎","1","1","2"
"同府中郎掾","1","1","2"
"府中郎掾属","1","1","2"
"大将军府列","1","1","2"
"将军府列曹","1","1","2"
"军府列曹参","1","1","2"
"前后左右将","1","1","2"
"后左右将军","1","1","2"
"左右将军府","1","1","2"
"右员外侍郎","1","1","2"
"八命州列曹","2","0","2"
"柱国府参军","1","1","2"
"开府府参军","1","1","2"
"封郡县五等","1","1","2"
"郡县五等爵","1","1","2"
"县五等爵者","1","1","2"
"陇西成纪人","1","1","2"
"赠宁西将军","1","1","2"
"泾原东秦三","1","1","2"
"原东秦三州","1","1","2"
"东秦三州刺","1","1","2"
"秦三州刺史","1","1","2"
"贼党万俟阿","1","1","2"
"党万俟阿宝","1","1","2"
"万俟阿宝战","1","1","2"
"俟阿宝战败","1","1","2"
"阿宝战败逃","1","1","2"
"城东五十里","1","1","2"
"令都督长孙","1","1","2"
"都督长孙邪","1","1","2"
"督长孙邪利","1","1","2"
"贼党千余人","1","1","2"
"贼帅达符显","1","1","2"
"帅达符显围","1","1","2"
"达符显围逼","1","1","2"
"符显围逼州","1","1","2"
"显围逼州城","1","1","2"
"转战四百余","1","1","2"
"战四百余里","1","1","2"
"贤率骑兵迎","1","1","2"
"率敢死士三","2","0","2"
"敢死士三百","2","0","2"
"死士三百人","2","0","2"
"大都督王德","1","1","2"
"都督王德犹","1","1","2"
"督王德犹豫","1","1","2"
"获驼马牛羊","1","1","2"
"驼马牛羊二","1","1","2"
"马牛羊二万","1","1","2"
"牛羊二万头","1","1","2"
"行乡饮酒礼","1","1","2"
"俄授使持节","2","0","2"
"筑汶阳城镇","1","1","2"
"授瓜州刺史","1","1","2"
"瓜州诸军事","1","1","2"
"令中侍上士","1","1","2"
"中侍上士尉","1","1","2"
"侍上士尉迟","1","1","2"
"上士尉迟恺","1","1","2"
"三环金带一","1","1","2"
"二人授大都","1","1","2"
"人授大都督","1","1","2"
"四人授帅都","1","1","2"
"人授帅都督","1","1","2"
"三州七防诸","1","1","2"
"州七防诸军","1","1","2"
"州置总管府","2","0","2"
"吐谷浑数千","1","1","2"
"谷浑数千骑","1","1","2"
"时年六十八","2","0","2"
"追封襄阳公","1","1","2"
"勒贼胡琮侵","1","1","2"
"贼胡琮侵逼","1","1","2"
"胡琮侵逼原","1","1","2"
"琮侵逼原州","1","1","2"
"弓刀衣马等","1","1","2"
"原州大中正","1","1","2"
"征东大将军","1","1","2"
"太祖谓远曰","2","0","2"
"贤代行州事","1","1","2"
"太祖率大军","1","1","2"
"弘农等二十","1","1","2"
"农等二十一","1","1","2"
"等二十一防","1","1","2"
"二十一防诸","1","1","2"
"相府司录参","1","1","2"
"府司录参军","1","1","2"
"阳平郡开国","1","1","2"
"平郡开国公","1","1","2"
"加陕熊等十","1","1","2"
"陕熊等十五","1","1","2"
"熊等十五州","1","1","2"
"南道行台仆","1","1","2"
"道行台仆射","1","1","2"
"太祖俭书曰","2","0","2"
"授大行台尚","2","0","2"
"时梁岳阳王","1","1","2"
"梁元帝嗣位","2","0","2"
"元帝嗣位江","2","0","2"
"帝嗣位江陵","2","0","2"
"总管五十二","1","1","2"
"管五十二州","1","1","2"
"仪同赵超等","1","1","2"
"同赵超等七","1","1","2"
"赵超等七百","1","1","2"
"超等七百人","1","1","2"
"俭立庙树碑","1","1","2"
"累迁司徒右","2","0","2"
"迁司徒右长","2","0","2"
"韩使君佛寺","1","1","2"
"使君佛寺前","1","1","2"
"黄门侍郎裴","1","1","2"
"门侍郎裴正","1","1","2"
"侍郎裴正上","1","1","2"
"郎裴正上书","1","1","2"
"祀中大夫宇","1","1","2"
"中大夫宇文","1","1","2"
"大夫宇文容","1","1","2"
"迁绛州刺史","2","0","2"
"司乐中大夫","1","1","2"
"教授皇太子","1","1","2"
"内史宇文孝","1","1","2"
"史宇文孝伯","1","1","2"
"赫连达字朔","1","1","2"
"连达字朔周","1","1","2"
"拔岳征讨功","2","0","2"
"清水公遇祸","1","1","2"
"复姓赫连氏","1","1","2"
"军达奚武攻","1","1","2"
"丰侯萧循拒","1","1","2"
"侯萧循拒守","1","1","2"
"开府贺兰愿","1","1","2"
"府贺兰愿德","1","1","2"
"开府杨宽等","1","1","2"
"三州五防诸","1","1","2"
"韩果字阿六","1","1","2"
"果字阿六拔","1","1","2"
"击万俟丑奴","1","1","2"
"真珠金带一","1","1","2"
"增邑九百户","2","0","2"
"尉迟迥同谋","1","1","2"
"蔡佑字承先","1","1","2"
"夏二州刺史","1","1","2"
"莫陈悦害贺","2","0","2"
"陈悦害贺拔","2","0","2"
"诸将遣使迎","2","0","2"
"将遣使迎太","2","0","2"
"遣使迎太祖","2","0","2"
"夏州首望弥","1","1","2"
"州首望弥姐","1","1","2"
"首望弥姐元","1","1","2"
"望弥姐元进","1","1","2"
"弥姐元进等","1","1","2"
"邑一千一百","1","1","2"
"一千一百户","1","1","2"
"左右十余人","1","1","2"
"授京兆郡守","1","1","2"
"太祖率军援","1","1","2"
"豆卢宁讨平","1","1","2"
"封一子县伯","2","0","2"
"帝信任司会","1","1","2"
"信任司会李","1","1","2"
"任司会李植","1","1","2"
"司会李植等","1","1","2"
"谋害晋公护","2","0","2"
"时年五十四","2","0","2"
"魏广平王参","1","1","2"
"广平王参军","1","1","2"
"尉迟迥平蜀","2","0","2"
"司辂下大夫","1","1","2"
"镇将慕容胜","1","1","2"
"时破六汗拔","1","1","2"
"魏渭州刺史","1","1","2"
"河州四面大","1","1","2"
"州四面大都","1","1","2"
"四面大都督","1","1","2"
"凉甘等五州","1","1","2"
"甘等五州刺","1","1","2"
"狄昌字恃德","1","1","2"
"诸将议翊戴","2","0","2"
"将议翊戴太","2","0","2"
"赐爵阴盘县","1","1","2"
"爵阴盘县子","1","1","2"
"皆先登陷阵","2","0","2"
"爵方城郡公","1","1","2"
"四千一百户","1","1","2"
"赐姓纥干氏","1","1","2"
"梁信州刺史","1","1","2"
"信州刺史萧","1","1","2"
"州刺史萧韶","1","1","2"
"刺史萧韶等","1","1","2"
"将吴明彻寇","2","0","2"
"弘梁主萧岿","2","0","2"
"令副总管高","1","1","2"
"总管高琳拒","1","1","2"
"管高琳拒守","1","1","2"
"斛律明月军","1","1","2"
"功增邑五百","2","0","2"
"后贺拔岳讨","2","0","2"
"贺拔岳讨平","1","1","2"
"拔岳讨平万","1","1","2"
"岳讨平万俟","1","1","2"
"讨平万俟丑","1","1","2"
"平万俟丑奴","1","1","2"
"城主卜贵洛","1","1","2"
"主卜贵洛率","1","1","2"
"延丹宁五州","1","1","2"
"丹宁五州诸","1","1","2"
"宁五州诸军","1","1","2"
"四千三百户","1","1","2"
"朱天光讨平","1","1","2"
"天光讨平关","1","1","2"
"大小二十余","2","0","2"
"增邑一百户","2","0","2"
"时莫折后炽","1","1","2"
"刺史史宁讨","1","1","2"
"南夏州刺史","1","1","2"
"封绥安县侯","1","1","2"
"大军围洛阳","2","0","2"
"宇文测字澄","1","1","2"
"文测字澄镜","1","1","2"
"位上开府仪","2","0","2"
"车骑府主簿","1","1","2"
"丞相府主簿","1","1","2"
"尚书直事郎","1","1","2"
"书直事郎中","1","1","2"
"讨白额稽胡","2","0","2"
"历通直散骑","2","0","2"
"小吏部下大","1","1","2"
"迁吏部中大","2","0","2"
"恒云蔚三州","1","1","2"
"云蔚三州刺","1","1","2"
"蔚三州刺史","1","1","2"
"拔胜荆州刺","2","0","2"
"胜荆州刺史","2","0","2"
"率步骑一千","2","0","2"
"一千五百匹","1","1","2"
"东魏遣侯景","2","0","2"
"梁主所信任","1","1","2"
"时贼帅莫折","1","1","2"
"贼帅莫折后","1","1","2"
"帅莫折后炽","1","1","2"
"洛安郡守冯","1","1","2"
"安郡守冯善","1","1","2"
"郡守冯善道","1","1","2"
"宁留心抚慰","1","1","2"
"前刺史宇文","1","1","2"
"宇文仲州作","2","0","2"
"独孤信率兵","1","1","2"
"生羌巩廉玉","1","1","2"
"时突厥木汗","1","1","2"
"浑娑周国王","1","1","2"
"娑周国王率","1","1","2"
"周国王率众","1","1","2"
"数千人固守","1","1","2"
"浑贺罗拔王","1","1","2"
"贺罗拔王依","1","1","2"
"周回五十余","2","0","2"
"杂畜数万头","2","0","2"
"宁奴婢一百","1","1","2"
"郢等五十二","1","1","2"
"等五十二州","1","1","2"
"镇防诸军事","1","1","2"
"山奉迎太祖","1","1","2"
"迁驾部中大","2","0","2"
"罕公辛威镇","1","1","2"
"魏征西大将","1","1","2"
"肆四州刺史","1","1","2"
"司徒府中兵","1","1","2"
"徒府中兵参","1","1","2"
"迁朱衣直合","2","0","2"
"东莱王贵平","1","1","2"
"长史麻休劝","1","1","2"
"州民李广嗣","1","1","2"
"令多造飞梯","1","1","2"
"陵州木笼獠","2","0","2"
"城下多设声","1","1","2"
"下多设声乐","1","1","2"
"斩首一万级","1","1","2"
"俘获五千人","1","1","2"
"俘获三千人","1","1","2"
"令齐公扫荡","1","1","2"
"齐公扫荡河","1","1","2"
"连结二千余","2","0","2"
"结二千余里","2","0","2"
"涪陵郡守蔺","1","1","2"
"陵郡守蔺休","1","1","2"
"郡守蔺休祖","1","1","2"
"破铜盘等七","1","1","2"
"船舰二千围","1","1","2"
"李迁哲等率","1","1","2"
"汾等五州刺","1","1","2"
"地官府都上","1","1","2"
"隋文相府内","1","1","2"
"文相府内兵","1","1","2"
"相府内兵参","1","1","2"
"府内兵参军","1","1","2"
"燕朔恒三州","1","1","2"
"朔恒三州刺","1","1","2"
"恒三州刺史","1","1","2"
"梁西江州刺","1","1","2"
"西江州刺史","1","1","2"
"江州刺史王","1","1","2"
"州刺史王开","1","1","2"
"刺史王开业","1","1","2"
"史王开业共","1","1","2"
"遣仪同扶猛","1","1","2"
"南引蛮帅向","1","1","2"
"引蛮帅向白","1","1","2"
"蛮帅向白彪","1","1","2"
"荆州蛮帅文","1","1","2"
"州蛮帅文子","1","1","2"
"侯安都等围","1","1","2"
"安都等围逼","1","1","2"
"都等围逼湘","1","1","2"
"等围逼湘州","1","1","2"
"率步骑六千","2","0","2"
"敦孤军深入","1","1","2"
"柱国杨忠引","1","1","2"
"魏行台萧宝","1","1","2"
"行台萧宝夤","1","1","2"
"台萧宝夤见","1","1","2"
"秦州大中正","1","1","2"
"司州牧元季","1","1","2"
"州牧元季海","1","1","2"
"牧元季海等","1","1","2"
"东魏将段琛","2","0","2"
"度东南义军","1","1","2"
"功授大行台","2","0","2"
"获郡守王洪","1","1","2"
"郡守王洪显","1","1","2"
"迁广州刺史","2","0","2"
"仆射王思政","1","1","2"
"襄州刺史杞","1","1","2"
"州刺史杞秀","1","1","2"
"景宣号令严","1","1","2"
"宣号令严明","1","1","2"
"叛将杜岸乘","1","1","2"
"随州城民吴","1","1","2"
"州城民吴士","1","1","2"
"城民吴士英","1","1","2"
"民吴士英等","1","1","2"
"吴士英等杀","1","1","2"
"刺史黄道玉","1","1","2"
"获夏侯珍洽","1","1","2"
"安肆郢新应","1","1","2"
"肆郢新应六","1","1","2"
"郢新应六州","1","1","2"
"新应六州诸","1","1","2"
"应六州诸军","1","1","2"
"寻进骠骑大","2","0","2"
"江北司二州","1","1","2"
"北司二州诸","1","1","2"
"司二州诸军","1","1","2"
"唐州蛮田鲁","2","0","2"
"州蛮田鲁嘉","2","0","2"
"刺史李洪远","1","1","2"
"燕公谨征江","2","0","2"
"公谨征江陵","2","0","2"
"将王琳湘州","2","0","2"
"硖平四州五","1","1","2"
"平四州五防","1","1","2"
"齐豫州刺史","1","1","2"
"永州刺史萧","1","1","2"
"州刺史萧世","1","1","2"
"刺史萧世怡","1","1","2"
"开府谢彻守","1","1","2"
"开府郭彦守","1","1","2"
"十七州诸军","1","1","2"
"鄯三州刺史","1","1","2"
"荆州刺史郭","1","1","2"
"州刺史郭贤","1","1","2"
"贼帅宿勤明","1","1","2"
"帅宿勤明达","1","1","2"
"刺史毕晖补","1","1","2"
"东魏将彭乐","2","0","2"
"安应等十二","1","1","2"
"应等十二州","1","1","2"
"宁蔚朔三州","1","1","2"
"蔚朔三州刺","1","1","2"
"朔三州刺史","1","1","2"
"贤衣服饮食","1","1","2"
"金城直城人","1","1","2"
"太祖尝谓诸","2","0","2"
"祖尝谓诸将","2","0","2"
"三千六百户","1","1","2"
"时年六十五","1","1","2"
"授宁朔将军","1","1","2"
"帐内直荡都","1","1","2"
"内直荡都督","1","1","2"
"封包信县子","1","1","2"
"耿令贵三人","1","1","2"
"令贵三人力","1","1","2"
"贵三人力战","1","1","2"
"柱国赵贵征","1","1","2"
"获杂畜数千","1","1","2"
"杂畜数千头","1","1","2"
"赐姓库汗氏","1","1","2"
"封永固县伯","1","1","2"
"寻进位大将","2","0","2"
"国侯莫陈崇","1","1","2"
"宇文虬字乐","1","1","2"
"文虬字乐仁","1","1","2"
"除汉阳郡守","2","0","2"
"将军王雄征","1","1","2"
"封渔阳县子","1","1","2"
"西安州大中","1","1","2"
"安州大中正","1","1","2"
"进爵忠城郡","1","1","2"
"爵忠城郡公","1","1","2"
"奴婢二百口","2","0","2"
"四千六百户","1","1","2"
"赐爵临邑县","1","1","2"
"爵临邑县子","1","1","2"
"进爵安义县","1","1","2"
"爵安义县侯","1","1","2"
"除咸阳郡守","2","0","2"
"封平原县子","1","1","2"
"除宁朔将军","2","0","2"
"高琳字季珉","1","1","2"
"赐姓羽真氏","1","1","2"
"夜梦见一人","1","1","2"
"封钜野县子","1","1","2"
"转安西将军","2","0","2"
"除鄜州刺史","2","0","2"
"琳率兵讨平","1","1","2"
"命赋诗言志","1","1","2"
"时陈将吴明","1","1","2"
"时年七十六","1","1","2"
"赐爵许昌县","1","1","2"
"赐爵思阳公","1","1","2"
"进爵义城郡","1","1","2"
"改封德广郡","1","1","2"
"封德广郡公","1","1","2"
"绥丹三州武","1","1","2"
"丹三州武安","1","1","2"
"三州武安伏","1","1","2"
"州武安伏夷","1","1","2"
"武安伏夷安","1","1","2"
"安伏夷安民","1","1","2"
"伏夷安民三","1","1","2"
"夷安民三防","1","1","2"
"安民三防诸","1","1","2"
"民三防诸军","1","1","2"
"进柱国大将","2","0","2"
"奴干作仪同","1","1","2"
"干作仪同面","1","1","2"
"作仪同面见","1","1","2"
"大丞相府掾","1","1","2"
"伍城郡人赵","1","1","2"
"城郡人赵雄","1","1","2"
"郡人赵雄杰","1","1","2"
"梓潼郡人王","1","1","2"
"潼郡人王令","1","1","2"
"郡人王令公","1","1","2"
"史叱罗协率","1","1","2"
"叱罗协率兵","1","1","2"
"大将军高琳","1","1","2"
"将军高琳率","1","1","2"
"柱国李穆平","1","1","2"
"赏布帛三百","1","1","2"
"爵冠军县伯","1","1","2"
"朔州大中正","1","1","2"
"听回授一子","2","0","2"
"赏奴婢一百","1","1","2"
"赐姓叱利氏","1","1","2"
"赠成文等八","1","1","2"
"成文等八州","1","1","2"
"文等八州刺","1","1","2"
"等八州刺史","1","1","2"
"王雅字度容","1","1","2"
"赐爵居庸县","1","1","2"
"爵居庸县子","1","1","2"
"东魏将窦泰","2","0","2"
"魏将窦泰入","2","0","2"
"将窦泰入寇","2","0","2"
"诸将皆引退","1","1","2"
"雅独回骑拒","1","1","2"
"雅左右奋击","1","1","2"
"封临汾县伯","1","1","2"
"行台郎神镇","1","1","2"
"大都督阳山","1","1","2"
"都督阳山武","1","1","2"
"蕃部中大夫","1","1","2"
"家太祖亲信","2","0","2"
"司市下大夫","1","1","2"
"齐右下大夫","1","1","2"
"筑安义等城","1","1","2"
"封周昌县伯","1","1","2"
"姚襄筑伏龙","1","1","2"
"襄筑伏龙等","1","1","2"
"筑伏龙等五","1","1","2"
"将段孝先等","1","1","2"
"转内史中大","2","0","2"
"高祖尝容谓","2","0","2"
"皇太子西征","1","1","2"
"太子西征吐","1","1","2"
"子西征吐谷","1","1","2"
"西征吐谷浑","1","1","2"
"伏侯城二百","1","1","2"
"侯城二百余","1","1","2"
"城二百余里","1","1","2"
"浑洮王率七","1","1","2"
"洮王率七百","1","1","2"
"王率七百余","1","1","2"
"率七百余骑","1","1","2"
"所部数百人","1","1","2"
"部数百人先","1","1","2"
"者二十许人","2","0","2"
"斩首七十余","1","1","2"
"首七十余级","1","1","2"
"加左光禄大","1","1","2"
"封肥城县公","1","1","2"
"愿公推诚王","1","1","2"
"公推诚王室","1","1","2"
"蒙太祖厚恩","1","1","2"
"平扬光三州","1","1","2"
"扬光三州诸","1","1","2"
"光三州诸军","1","1","2"
"赐姓纥豆陵","1","1","2"
"身长八尺二","2","0","2"
"长八尺二寸","2","0","2"
"骠骑将军侯","1","1","2"
"骑将军侯深","1","1","2"
"茹茹等诸番","1","1","2"
"随东南道行","1","1","2"
"南道行台樊","1","1","2"
"道行台樊子","1","1","2"
"台樊子鹄追","1","1","2"
"齐神武构隙","2","0","2"
"武卫将军高","1","1","2"
"卫将军高金","1","1","2"
"将军高金龙","1","1","2"
"太保李弼讨","1","1","2"
"资阳县一千","1","1","2"
"阳县一千户","1","1","2"
"观相州宫殿","1","1","2"
"赐奴婢三十","2","0","2"
"奴婢三十人","1","1","2"
"京洛营作大","1","1","2"
"洛营作大监","1","1","2"
"改食乐陵县","1","1","2"
"移入金墉城","1","1","2"
"平凉公元亨","1","1","2"
"凉公元亨同","1","1","2"
"公元亨同心","1","1","2"
"元亨同心固","1","1","2"
"亨同心固守","1","1","2"
"开皇四年八","1","1","2"
"皇四年八月","1","1","2"
"魏文帝千牛","1","1","2"
"文帝千牛备","1","1","2"
"帝千牛备身","1","1","2"
"稍迁平东将","2","0","2"
"右司卫上大","1","1","2"
"增邑通前五","2","0","2"
"封成都县公","1","1","2"
"郢等六州刺","1","1","2"
"太祖第五女","1","1","2"
"祖第五女襄","1","1","2"
"第五女襄阳","1","1","2"
"五女襄阳公","1","1","2"
"女襄阳公主","1","1","2"
"袭爵神武公","1","1","2"
"封安平县公","1","1","2"
"赐奴婢二百","1","1","2"
"凉鄯河三州","1","1","2"
"迁司会中大","2","0","2"
"等六州五防","1","1","2"
"六州五防诸","1","1","2"
"遣纳言卢韫","1","1","2"
"纳言卢韫等","1","1","2"
"等七州十六","1","1","2"
"七州十六防","1","1","2"
"州十六防诸","1","1","2"
"十六防诸军","1","1","2"
"河南九州三","1","1","2"
"南九州三十","1","1","2"
"九州三十镇","1","1","2"
"洛怀等九州","1","1","2"
"怀等九州诸","1","1","2"
"等九州诸军","1","1","2"
"仪同等二十","1","1","2"
"同等二十人","1","1","2"
"一千五百段","1","1","2"
"粟麦一千五","1","1","2"
"麦一千五百","1","1","2"
"一千五百石","1","1","2"
"任城县一千","1","1","2"
"城县一千户","1","1","2"
"加蒲晋怀绛","1","1","2"
"蒲晋怀绛邵","1","1","2"
"晋怀绛邵汾","1","1","2"
"怀绛邵汾六","1","1","2"
"绛邵汾六州","1","1","2"
"邵汾六州诸","1","1","2"
"汾六州诸军","1","1","2"
"河西公李贤","1","1","2"
"李穆字显庆","1","1","2"
"遂处腹心任","2","0","2"
"令侯莫陈崇","1","1","2"
"封永平县子","1","1","2"
"安定国中尉","1","1","2"
"赐姓拓拔氏","1","1","2"
"叔侄一家三","1","1","2"
"侄一家三人","1","1","2"
"基任淅州刺","1","1","2"
"随公杨忠东","2","0","2"
"进封申国公","1","1","2"
"上十三环金","1","1","2"
"行台韩长业","1","1","2"
"台韩长业攻","1","1","2"
"同破邺城第","1","1","2"
"破邺城第一","1","1","2"
"邺城第一勋","1","1","2"
"进开府仪同","2","0","2"
"令功臣世子","1","1","2"
"韦叔裕字孝","1","1","2"
"叔裕字孝宽","1","1","2"
"扶风二郡守","1","1","2"
"随冯翊公长","1","1","2"
"冯翊公长孙","1","1","2"
"翊公长孙承","1","1","2"
"公长孙承业","1","1","2"
"长孙承业西","1","1","2"
"孙承业西征","1","1","2"
"行华山郡事","2","0","2"
"荆州刺史源","1","1","2"
"州刺史源子","1","1","2"
"刺史源子恭","1","1","2"
"史源子恭镇","1","1","2"
"节度宜阳兵","1","1","2"
"度宜阳兵马","1","1","2"
"宜阳兵马事","1","1","2"
"行宜阳郡事","2","0","2"
"南兖州刺史","1","1","2"
"阳州刺史牛","1","1","2"
"州刺史牛道","1","1","2"
"刺史牛道恒","1","1","2"
"进授大都督","2","0","2"
"仓曹参军祖","1","1","2"
"曹参军祖孝","1","1","2"
"参军祖孝征","1","1","2"
"封开国郡公","1","1","2"
"孝宽慷慨激","1","1","2"
"神武苦战六","1","1","2"
"令殿中尚书","1","1","2"
"殿中尚书长","1","1","2"
"中尚书长孙","1","1","2"
"授勋州刺史","1","1","2"
"令司门下大","1","1","2"
"门下大夫尹","1","1","2"
"下大夫尹公","1","1","2"
"大夫尹公正","1","1","2"
"开府姚岳监","1","1","2"
"长史辛道宪","1","1","2"
"令长史叱罗","1","1","2"
"长史叱罗协","1","1","2"
"百升飞上天","1","1","2"
"明月照长安","1","1","2"
"孝宽上疏陈","1","1","2"
"开府伊娄谦","1","1","2"
"府伊娄谦等","1","1","2"
"兖等十一州","1","1","2"
"等十一州十","1","1","2"
"十一州十五","1","1","2"
"一州十五镇","1","1","2"
"杞公宇文亮","1","1","2"
"刺史吴文育","1","1","2"
"史吴文育果","1","1","2"
"宇文亮举兵","1","1","2"
"文亮举兵反","1","1","2"
"小司徒叱列","1","1","2"
"司徒叱列长","1","1","2"
"大都督贺兰","1","1","2"
"都督贺兰贵","1","1","2"
"仪同梁子康","1","1","2"
"密造东京官","1","1","2"
"署仪同薛公","1","1","2"
"仪同薛公礼","1","1","2"
"同薛公礼等","1","1","2"
"怀县永桥城","1","1","2"
"县永桥城东","1","1","2"
"永桥城东南","1","1","2"
"时年七十二","2","0","2"
"河东酒一斗","1","1","2"
"遣尚书周弘","1","1","2"
"德星犹未动","1","1","2"
"令侍臣数人","1","1","2"
"时宣帝东宫","2","0","2"
"人相对悲恸","1","1","2"
"抄录数十万","1","1","2"
"进位上开府","2","0","2"
"封建威县公","1","1","2"
"隋文帝作相","2","0","2"
"令家僮梁默","1","1","2"
"家僮梁默等","1","1","2"
"作猛兽须成","1","1","2"
"猛兽须成班","1","1","2"
"帝征吐谷浑","2","0","2"
"太尉府行参","1","1","2"
"尉府行参军","1","1","2"
"东阳王元荣","2","0","2"
"瓜州刺史成","1","1","2"
"州刺史成庆","1","1","2"
"督令狐延等","1","1","2"
"御正任总丝","1","1","2"
"正任总丝纶","1","1","2"
"陆通字仲明","1","1","2"
"朱天光讨伐","1","1","2"
"赐爵中都县","1","1","2"
"封都昌县伯","1","1","2"
"赐姓步六孤","1","1","2"
"姓步六孤氏","1","1","2"
"大丞相府军","1","1","2"
"丞相府军事","1","1","2"
"授司宗中大","1","1","2"
"遣侍中斛斯","1","1","2"
"侍中斛斯文","1","1","2"
"中斛斯文略","1","1","2"
"中书侍郎刘","1","1","2"
"书侍郎刘逖","1","1","2"
"魏车骑大将","1","1","2"
"封武城县子","1","1","2"
"进位上大将","2","0","2"
"除中书舍人","2","0","2"
"所作诗颂碑","1","1","2"
"作诗颂碑铭","1","1","2"
"诗颂碑铭檄","1","1","2"
"颂碑铭檄表","1","1","2"
"碑铭檄表启","1","1","2"
"尚书员外郎","1","1","2"
"荆州总管府","1","1","2"
"纳言中大夫","1","1","2"
"齐驭下大夫","1","1","2"
"乐部下大夫","1","1","2"
"天光入关讨","1","1","2"
"封高邑县男","2","0","2"
"荐入洛阳请","2","0","2"
"魏孝武帝授","1","1","2"
"时冯翊长公","1","1","2"
"长史宇文测","1","1","2"
"魏文帝郁久","1","1","2"
"文帝郁久闾","1","1","2"
"帝郁久闾后","1","1","2"
"赐黄金十斤","1","1","2"
"进爵南安郡","2","0","2"
"除宁远将军","2","0","2"
"历大行台郎","2","0","2"
"东荆州刺史","2","0","2"
"荆州刺史冯","1","1","2"
"州刺史冯景","1","1","2"
"刺史冯景昭","1","1","2"
"梁州刺史杜","2","0","2"
"大丞相府帐","1","1","2"
"丞相府帐内","1","1","2"
"相府帐内都","1","1","2"
"府帐内都督","1","1","2"
"太守王智纳","1","1","2"
"东魏行台吉","1","1","2"
"魏行台吉宁","1","1","2"
"大行台元海","1","1","2"
"魏广州刺史","1","1","2"
"广州刺史李","1","1","2"
"州刺史李仲","1","1","2"
"襄城等五郡","1","1","2"
"长史杨伯简","1","1","2"
"尚书金部郎","1","1","2"
"书金部郎中","1","1","2"
"膳部中大夫","1","1","2"
"利沙等十四","1","1","2"
"沙等十四州","1","1","2"
"宇文贵使突","2","0","2"
"文贵使突厥","2","0","2"
"清水氐酋李","2","0","2"
"水氐酋李鼠","2","0","2"
"氐酋李鼠仁","2","0","2"
"秦州刺史魏","1","1","2"
"州刺史魏光","1","1","2"
"收首逆者二","2","0","2"
"首逆者二十","2","0","2"
"逆者二十余","2","0","2"
"者二十余人","2","0","2"
"二十余人斩","2","0","2"
"时氐帅盖闹","1","1","2"
"氐酋姜多复","2","0","2"
"相府刑狱参","1","1","2"
"府刑狱参军","1","1","2"
"督韦孝宽拒","1","1","2"
"遣尚书长孙","1","1","2"
"遣行台郎中","1","1","2"
"米六百石分","1","1","2"
"赐粟六百石","1","1","2"
"绛二州刺史","1","1","2"
"公宇文贵镇","1","1","2"
"许国公府司","1","1","2"
"国公府司马","1","1","2"
"许国公府长","1","1","2"
"国公府长史","1","1","2"
"讨关陇群贼","1","1","2"
"封建城郡王","1","1","2"
"封长湖郡公","1","1","2"
"定长史长孙","1","1","2"
"长史长孙隆","1","1","2"
"阳王元徽逃","1","1","2"
"王元徽逃难","1","1","2"
"元徽逃难投","1","1","2"
"齐神武败沙","2","0","2"
"神武败沙苑","2","0","2"
"雍州刺史马","1","1","2"
"魏刺史车折","1","1","2"
"行台斛律俱","1","1","2"
"台斛律俱步","1","1","2"
"遣太保侯景","1","1","2"
"太保侯景攻","1","1","2"
"保侯景攻陷","1","1","2"
"侯景攻陷正","1","1","2"
"景攻陷正平","1","1","2"
"斛律俱相会","1","1","2"
"授建州刺史","2","0","2"
"时东魏正平","2","0","2"
"东魏正平东","2","0","2"
"魏正平东雍","2","0","2"
"正平东雍州","2","0","2"
"遣薛荣祖镇","1","1","2"
"郡守郭武安","1","1","2"
"守郭武安脱","1","1","2"
"郭武安脱身","1","1","2"
"封合阳县伯","2","0","2"
"建二州诸军","1","1","2"
"建州邵郡河","1","1","2"
"州邵郡河内","1","1","2"
"邵郡河内汲","1","1","2"
"郡河内汲郡","1","1","2"
"河内汲郡黎","1","1","2"
"内汲郡黎阳","1","1","2"
"汲郡黎阳等","1","1","2"
"郡黎阳等诸","1","1","2"
"黎阳等诸军","1","1","2"
"阳等诸军事","1","1","2"
"摽深入敌境","1","1","2"
"南阳堵阳人","1","1","2"
"赠直州刺史","1","1","2"
"开府行参军","1","1","2"
"赠淅洛义三","1","1","2"
"淅洛义三州","1","1","2"
"洛义三州刺","1","1","2"
"义三州刺史","1","1","2"
"赠汾州刺史","1","1","2"
"裴长宽兄弟","1","1","2"
"释褐员外散","2","0","2"
"时汾州刺史","1","1","2"
"汾州刺史韦","1","1","2"
"州刺史韦子","1","1","2"
"刺史韦子粲","1","1","2"
"防主韦法保","1","1","2"
"宽谓法保曰","2","0","2"
"封夏阳县男","2","0","2"
"陈将程灵洗","1","1","2"
"时年六十七","2","0","2"
"司金二命士","1","1","2"
"人作百字诗","1","1","2"
"加安东将军","2","0","2"
"司车路下大","1","1","2"
"车路下大夫","1","1","2"
"太府高宾等","1","1","2"
"会记室参军","1","1","2"
"梁元帝素琴","1","1","2"
"元帝素琴一","1","1","2"
"帝素琴一张","1","1","2"
"招府记室参","1","1","2"
"辅城公司马","1","1","2"
"护雍州治中","1","1","2"
"赠丰资遂三","1","1","2"
"丰资遂三州","1","1","2"
"资遂三州刺","1","1","2"
"遂三州刺史","1","1","2"
"杨敷字文衍","1","1","2"
"爵临贞县伯","1","1","2"
"员外羽林监","1","1","2"
"荆州总管长","1","1","2"
"州总管长孙","1","1","2"
"总管长孙俭","1","1","2"
"司木中大夫","1","1","2"
"齐军数十人","1","1","2"
"淮广复三州","1","1","2"
"广复三州诸","1","1","2"
"复三州诸军","1","1","2"
"太尉行参军","1","1","2"
"赐爵永宁县","1","1","2"
"爵永宁县侯","1","1","2"
"大丞相府右","1","1","2"
"封金乡县男","1","1","2"
"左长史长孙","1","1","2"
"长史长孙俭","1","1","2"
"谘议刘孟良","1","1","2"
"议刘孟良等","1","1","2"
"刘孟良等分","1","1","2"
"军达奚武率","1","1","2"
"征御伯中大","2","0","2"
"北豫三州刺","1","1","2"
"豫三州刺史","1","1","2"
"徐兖等六州","1","1","2"
"兖等六州刺","1","1","2"
"魏平远将军","2","0","2"
"尚书殿中郎","1","1","2"
"祖解洛阳围","2","0","2"
"加定州大中","1","1","2"
"定州大中正","1","1","2"
"蜀人贾晃迁","1","1","2"
"谦随贺拔胜","1","1","2"
"崔猷字宣猷","1","1","2"
"吏部尚书李","1","1","2"
"部尚书李神","1","1","2"
"行台王思政","1","1","2"
"崔宣猷智略","1","1","2"
"宣猷智略明","1","1","2"
"能百战百胜","1","1","2"
"仪同刘道通","1","1","2"
"陆腾等五人","1","1","2"
"谷五百余里","1","1","2"
"都督梁利等","1","1","2"
"督梁利等十","1","1","2"
"梁利等十二","1","1","2"
"利等十二州","1","1","2"
"等十二州白","1","1","2"
"十二州白马","1","1","2"
"二州白马傥","1","1","2"
"利州刺史崔","1","1","2"
"州刺史崔谦","1","1","2"
"刺史崔谦请","1","1","2"
"封富平公主","1","1","2"
"征御正中大","2","0","2"
"遗诏立高祖","1","1","2"
"开等十四州","1","1","2"
"等十四州白","1","1","2"
"十四州白马","1","1","2"
"四州白马傥","1","1","2"
"裨将元定等","1","1","2"
"昌乐王府司","1","1","2"
"乐王府司马","1","1","2"
"授轻车将军","1","1","2"
"相府士曹参","1","1","2"
"府士曹参军","1","1","2"
"九世伯祖贞","1","1","2"
"世伯祖贞侯","1","1","2"
"伯祖贞侯潜","1","1","2"
"通前一千六","2","0","2"
"大司空许国","1","1","2"
"司空许国公","1","1","2"
"空许国公宇","1","1","2"
"小司空北海","1","1","2"
"司空北海公","1","1","2"
"空北海公申","1","1","2"
"北海公申徽","1","1","2"
"赐良田十顷","1","1","2"
"赠太子少师","1","1","2"
"赐爵胡原县","1","1","2"
"爵胡原县子","1","1","2"
"内都坐大官","1","1","2"
"女西河公主","1","1","2"
"赠河东太守","1","1","2"
"赐爵汾阴县","1","1","2"
"爵汾阴县男","1","1","2"
"令大都督薛","1","1","2"
"大都督薛崇","1","1","2"
"都督薛崇礼","1","1","2"
"都督乙干贵","1","1","2"
"督乙干贵率","1","1","2"
"汾州刺史苏","1","1","2"
"州刺史苏景","1","1","2"
"刺史苏景恕","1","1","2"
"大丞相府户","1","1","2"
"丞相府户曹","1","1","2"
"相府户曹参","1","1","2"
"府户曹参军","1","1","2"
"授吏部尚书","1","1","2"
"司马梁荣催","1","1","2"
"追封文城郡","1","1","2"
"封文城郡公","1","1","2"
"司金中大夫","1","1","2"
"徐州总管府","1","1","2"
"郑伟字子直","1","1","2"
"赠济州刺史","1","1","2"
"都督二豫郢","1","1","2"
"督二豫郢雍","1","1","2"
"二豫郢雍四","1","1","2"
"豫郢雍四州","1","1","2"
"郢雍四州诸","1","1","2"
"雍四州诸军","1","1","2"
"朱仲远拥兵","1","1","2"
"都督贺拔胜","1","1","2"
"东魏刺史鹿","1","1","2"
"魏刺史鹿永","1","1","2"
"镇城令狐德","1","1","2"
"陈留郡守赵","1","1","2"
"留郡守赵季","1","1","2"
"封武阳县伯","1","1","2"
"进爵襄城郡","1","1","2"
"爵襄城郡公","1","1","2"
"副防主杞宾","1","1","2"
"防主杞宾王","1","1","2"
"时年五十七","2","0","2"
"阳城陈留二","1","1","2"
"城陈留二郡","1","1","2"
"陈留二郡守","1","1","2"
"司皮下大夫","1","1","2"
"信东徐南兖","1","1","2"
"东徐南兖三","1","1","2"
"徐南兖三州","1","1","2"
"南兖三州刺","1","1","2"
"兖三州刺史","1","1","2"
"魏北道都督","1","1","2"
"段永字永宾","1","1","2"
"晋幽州刺史","1","1","2"
"封沃阳县伯","1","1","2"
"青州人崔社","1","1","2"
"州人崔社客","1","1","2"
"人崔社客举","1","1","2"
"崔社客举兵","1","1","2"
"社客举兵反","1","1","2"
"遣京畿大都","1","1","2"
"京畿大都督","1","1","2"
"畿大都督匹","1","1","2"
"大都督匹娄","1","1","2"
"都督匹娄昭","1","1","2"
"督匹娄昭讨","1","1","2"
"都督赵业等","1","1","2"
"督赵业等袭","1","1","2"
"西中郎将慕","1","1","2"
"中郎将慕容","1","1","2"
"郎将慕容显","1","1","2"
"永力战先登","1","1","2"
"入工部中大","2","0","2"
"永历任内外","1","1","2"
"同华等五州","1","1","2"
"华等五州刺","1","1","2"
"官仪同三司","2","0","2"
"平城镇司马","1","1","2"
"封石门县男","1","1","2"
"纥豆陵步藩","1","1","2"
"豆陵步藩交","1","1","2"
"陵步藩交战","1","1","2"
"伪行台纥豆","1","1","2"
"行台纥豆陵","1","1","2"
"台纥豆陵伊","1","1","2"
"豆陵伊利钦","1","1","2"
"进爵琅邪县","2","0","2"
"殷州车骑府","1","1","2"
"州车骑府司","1","1","2"
"车骑府司马","1","1","2"
"封符垒县侯","1","1","2"
"行台左中兵","1","1","2"
"台左中兵郎","1","1","2"
"左中兵郎中","1","1","2"
"大将军府属","1","1","2"
"王思政镇颍","2","0","2"
"思政镇颍川","2","0","2"
"士良大行台","1","1","2"
"良大行台右","1","1","2"
"加镇西将军","1","1","2"
"除骠骑将军","2","0","2"
"书吏部郎中","1","1","2"
"晋阳赴邺宫","1","1","2"
"五兵二曹尚","1","1","2"
"兵二曹尚书","1","1","2"
"尚书令赵郡","1","1","2"
"书令赵郡王","1","1","2"
"令赵郡王高","1","1","2"
"太常卿崔昂","1","1","2"
"常卿崔昂分","1","1","2"
"寻加开府仪","2","0","2"
"豫州道行台","1","1","2"
"魏平东府谘","1","1","2"
"平东府谘议","1","1","2"
"义阳二郡守","1","1","2"
"追赠上开府","1","1","2"
"赠上开府仪","1","1","2"
"河间邢子才","1","1","2"
"京兆韦孝宽","1","1","2"
"魏吏部尚书","1","1","2"
"吏部尚书陇","1","1","2"
"部尚书陇西","1","1","2"
"尚书陇西李","1","1","2"
"书陇西李神","1","1","2"
"东魏郡守苏","1","1","2"
"魏郡守苏淑","1","1","2"
"乡郡王元洪","1","1","2"
"郡王元洪威","1","1","2"
"王元洪威攻","1","1","2"
"彦穆入幕府","1","1","2"
"讨司马消难","1","1","2"
"疑荆州总管","1","1","2"
"荆州总管独","1","1","2"
"州总管独孤","1","1","2"
"总管独孤永","1","1","2"
"管独孤永业","1","1","2"
"令狐整字延","1","1","2"
"狐整字延保","1","1","2"
"加荡寇将军","1","1","2"
"开府张穆等","1","1","2"
"应使者申徽","1","1","2"
"杀刺史成庆","1","1","2"
"晋昌人吕兴","1","1","2"
"昌人吕兴等","1","1","2"
"然后保境息","1","1","2"
"波斯使主张","1","1","2"
"斯使主张道","1","1","2"
"使主张道义","1","1","2"
"太祖谓整曰","2","0","2"
"乡亲二千余","1","1","2"
"亲二千余人","1","1","2"
"二千余人入","1","1","2"
"千余人入朝","1","1","2"
"卿远祖立忠","1","1","2"
"兴州刺史席","1","1","2"
"州刺史席固","1","1","2"
"整广布威恩","1","1","2"
"宜豳盐四州","1","1","2"
"豳盐四州诸","1","1","2"
"盐四州诸军","1","1","2"
"司马裔字遵","1","1","2"
"马裔字遵胤","1","1","2"
"襄城郡公主","1","1","2"
"破叛兵赵雄","1","1","2"
"叛兵赵雄杰","1","1","2"
"道慰劳大使","1","1","2"
"遣使宣示祸","2","0","2"
"使宣示祸福","2","0","2"
"三公等三十","1","1","2"
"公等三十余","1","1","2"
"等三十余城","1","1","2"
"前挺身陷阵","1","1","2"
"魏都督贺娄","1","1","2"
"都督贺娄乌","1","1","2"
"督贺娄乌兰","1","1","2"
"开府杨忠平","1","1","2"
"加绛晋建三","1","1","2"
"绛晋建三州","1","1","2"
"晋建三州刺","1","1","2"
"建三州刺史","1","1","2"
"赠徐州刺史","1","1","2"
"除行台郎中","2","0","2"
"刑部中大夫","1","1","2"
"魏孝文帝挽","1","1","2"
"孝文帝挽郎","1","1","2"
"功授员外散","1","1","2"
"迁尚书左民","1","1","2"
"尚书左民郎","1","1","2"
"书左民郎中","1","1","2"
"司空府功曹","1","1","2"
"空府功曹参","1","1","2"
"造永宁佛寺","1","1","2"
"置盐池都将","1","1","2"
"遣长史杜休","1","1","2"
"长史杜休道","1","1","2"
"史杜休道率","1","1","2"
"杜休道率兵","1","1","2"
"休道率兵攻","1","1","2"
"道率兵攻克","1","1","2"
"加冀定瀛三","1","1","2"
"冀定瀛三州","1","1","2"
"定瀛三州诸","1","1","2"
"瀛三州诸军","1","1","2"
"韩褒字弘业","1","1","2"
"魏镇西将军","1","1","2"
"乘胜进取平","1","1","2"
"胜进取平凉","1","1","2"
"赐姓侯吕陵","1","1","2"
"姓侯吕陵氏","1","1","2"
"丞相府事中","2","0","2"
"相府事中郎","2","0","2"
"西凉州刺史","1","1","2"
"调富人财物","1","1","2"
"封三州诸军","1","1","2"
"后军府主簿","1","1","2"
"左仆射长孙","1","1","2"
"济北临邑人","1","1","2"
"乐安孙树仁","1","1","2"
"封寿张县子","1","1","2"
"济州大中正","1","1","2"
"陇右府长史","1","1","2"
"魏淮南郡守","1","1","2"
"改授民部郎","1","1","2"
"授民部郎中","1","1","2"
"改授军司马","1","1","2"
"时年四十六","2","0","2"
"太原阳曲人","1","1","2"
"开府仪同主","1","1","2"
"府仪同主簿","1","1","2"
"齐南安城主","1","1","2"
"南安城主冯","1","1","2"
"安城主冯显","1","1","2"
"柱国宇文贵","1","1","2"
"国宇文贵令","1","1","2"
"显外兵参军","1","1","2"
"外兵参军邹","1","1","2"
"兵参军邹绍","1","1","2"
"蒲州总管府","1","1","2"
"史王士良妻","1","1","2"
"王士良妻弟","1","1","2"
"士良妻弟董","1","1","2"
"良妻弟董远","1","1","2"
"妻弟董远秀","1","1","2"
"纯州刺史樊","1","1","2"
"州刺史樊舍","1","1","2"
"魏中散大夫","1","1","2"
"赠平州刺史","1","1","2"
"遣都督韩僧","1","1","2"
"都督韩僧明","1","1","2"
"封澄城县子","1","1","2"
"太尉府司马","1","1","2"
"州总管府中","1","1","2"
"总管府中郎","1","1","2"
"总管韦孝宽","1","1","2"
"孝宽柱国府","1","1","2"
"宽柱国府司","1","1","2"
"柱国府司马","1","1","2"
"治襄州总管","1","1","2"
"宾礼部尚书","1","1","2"
"岐州大中正","1","1","2"
"黄门侍郎岂","1","1","2"
"萧宝夤西讨","1","1","2"
"卿答萧宝夤","1","1","2"
"加授散骑侍","1","1","2"
"授散骑侍郎","1","1","2"
"迁中书侍郎","2","0","2"
"扬州刺史李","1","1","2"
"州刺史李宪","1","1","2"
"兖州刺史冯","1","1","2"
"独孤信开府","1","1","2"
"恭帝元年冬","1","1","2"
"文章数十篇","1","1","2"
"相州功曹参","1","1","2"
"州功曹参军","1","1","2"
"台贺拔岳所","1","1","2"
"殿中二曹事","1","1","2"
"左中郎将京","1","1","2"
"中郎将京兆","1","1","2"
"郎将京兆韦","1","1","2"
"将京兆韦潜","1","1","2"
"京兆韦潜度","1","1","2"
"英俊沉下僚","1","1","2"
"二仙人共持","1","1","2"
"仙人共持一","1","1","2"
"人共持一钵","1","1","2"
"宗伯卢辩斟","1","1","2"
"伯卢辩斟酌","1","1","2"
"卢辩斟酌古","1","1","2"
"授内史下大","1","1","2"
"时前中书监","1","1","2"
"前中书监卢","1","1","2"
"中书监卢柔","1","1","2"
"赠虞州刺史","1","1","2"
"相州大中正","1","1","2"
"丞相府东合","2","0","2"
"中都公陆逞","1","1","2"
"淄公唐瑾等","1","1","2"
"门侍郎徐招","1","1","2"
"南道行台右","1","1","2"
"道行台右丞","1","1","2"
"幽州都督府","1","1","2"
"师氏中大夫","1","1","2"
"麟趾殿刊正","1","1","2"
"趾殿刊正经","1","1","2"
"殿刊正经籍","1","1","2"
"高祖亲戎东","2","0","2"
"祖亲戎东讨","2","0","2"
"赠雍州刺史","1","1","2"
"令司空杨津","1","1","2"
"行台吏部郎","1","1","2"
"台吏部郎中","1","1","2"
"行河东郡事","2","0","2"
"丞相府行参","1","1","2"
"相府行参军","1","1","2"
"丞相府田曹","1","1","2"
"相府田曹参","1","1","2"
"袭爵繁昌县","1","1","2"
"爵繁昌县公","1","1","2"
"赏布帛二百","1","1","2"
"巴州万荣郡","1","1","2"
"赠豫州刺史","1","1","2"
"妹新丰公主","1","1","2"
"累迁辅国将","2","0","2"
"人仇周贡等","1","1","2"
"帝弟安成王","2","0","2"
"上遵太祖遗","1","1","2"
"遵太祖遗旨","1","1","2"
"门侍郎徐陵","1","1","2"
"武帝建德初","1","1","2"
"司城中大夫","1","1","2"
"司仓中大夫","1","1","2"
"赐爵义兴县","1","1","2"
"爵义兴县伯","1","1","2"
"左武伯中大","1","1","2"
"武伯中大夫","1","1","2"
"寻秦州总管","2","0","2"
"秦渭等六州","1","1","2"
"渭等六州诸","1","1","2"
"文等七州诸","1","1","2"
"封上黄县公","1","1","2"
"将士三万余","1","1","2"
"士三万余人","1","1","2"
"七州十五镇","1","1","2"
"时宫尹郑译","1","1","2"
"小内史贺若","1","1","2"
"内史贺若弼","1","1","2"
"令内史杜虔","1","1","2"
"内史杜虔信","1","1","2"
"正中大夫颜","1","1","2"
"封城阳县公","1","1","2"
"改封长广县","1","1","2"
"封长广县公","1","1","2"
"右宫伯中大","1","1","2"
"高祖将诛晋","2","0","2"
"祖将诛晋公","2","0","2"
"将诛晋公护","2","0","2"
"神举威名素","1","1","2"
"改封武德郡","1","1","2"
"封武德郡公","1","1","2"
"改封东平郡","1","1","2"
"封东平郡公","1","1","2"
"六千九百户","1","1","2"
"原国公姬愿","1","1","2"
"国公姬愿等","1","1","2"
"幽州人卢昌","1","1","2"
"州人卢昌期","1","1","2"
"黄门侍郎卢","1","1","2"
"门侍郎卢思","1","1","2"
"侍郎卢思道","1","1","2"
"越王盛讨平","2","0","2"
"宇文孝伯字","1","1","2"
"文孝伯字胡","1","1","2"
"孝伯字胡三","1","1","2"
"吏部安化公","1","1","2"
"左右小宫伯","1","1","2"
"东宫左宫正","1","1","2"
"诏皇太子征","2","0","2"
"授司卫上大","1","1","2"
"梁武帝执政","1","1","2"
"高祖初建储","1","1","2"
"祖初建储宫","1","1","2"
"隋文帝大怒","1","1","2"
"时京兆郡丞","1","1","2"
"京兆郡丞乐","1","1","2"
"兆郡丞乐运","1","1","2"
"夏州总管府","1","1","2"
"州总管府仓","1","1","2"
"总管府仓曹","1","1","2"
"管府仓曹参","1","1","2"
"府仓曹参军","1","1","2"
"柱国府记室","1","1","2"
"国府记室参","1","1","2"
"六百三十九","1","1","2"
"百三十九条","1","1","2"
"仪风烈懔然","1","1","2"
"南昌文宪公","1","1","2"
"国子祭酒萧","1","1","2"
"子祭酒萧子","1","1","2"
"祭酒萧子云","1","1","2"
"袭爵南昌县","1","1","2"
"爵南昌县侯","1","1","2"
"军将军胡僧","1","1","2"
"吏部尚书宗","1","1","2"
"部尚书宗懔","1","1","2"
"太府卿黄罗","1","1","2"
"府卿黄罗汉","1","1","2"
"御史中丞刘","1","1","2"
"都督城西诸","1","1","2"
"督城西诸军","1","1","2"
"城西诸军事","1","1","2"
"害等数十人","1","1","2"
"授太子少保","1","1","2"
"湘东国常侍","1","1","2"
"安南府参军","1","1","2"
"尚书度支郎","1","1","2"
"书度支郎中","1","1","2"
"通直正员郎","1","1","2"
"梁简文帝命","1","1","2"
"封武康县侯","1","1","2"
"司水下大夫","1","1","2"
"淮二州刺史","1","1","2"
"寻迁黄门侍","2","0","2"
"宋兴二郡守","1","1","2"
"梓潼二郡守","1","1","2"
"义十八州诸","1","1","2"
"令梁州刺史","1","1","2"
"麟趾殿校定","1","1","2"
"趾殿校定经","1","1","2"
"殿校定经史","1","1","2"
"李漆等三百","1","1","2"
"漆等三百余","1","1","2"
"三百余人上","1","1","2"
"百余人上表","1","1","2"
"王褒等四人","1","1","2"
"后改封蔡阳","1","1","2"
"改封蔡阳郡","1","1","2"
"封蔡阳郡公","1","1","2"
"三千四百户","1","1","2"
"赐谷麦三百","1","1","2"
"谷麦三百石","1","1","2"
"益新始信四","1","1","2"
"新始信四州","1","1","2"
"始信四州诸","1","1","2"
"信四州诸军","1","1","2"
"诗赋杂文数","1","1","2"
"赋杂文数万","1","1","2"
"太子中舍人","1","1","2"
"中卫长史乐","1","1","2"
"卫长史乐子","1","1","2"
"长史乐子云","1","1","2"
"改授平南将","1","1","2"
"湘州刺史王","1","1","2"
"刺史王琳率","1","1","2"
"时陈武帝执","1","1","2"
"陈武帝执政","1","1","2"
"永三州刺史","1","1","2"
"丞相府典签","1","1","2"
"萧圆肃字明","1","1","2"
"圆肃字明恭","1","1","2"
"封棘城郡公","1","1","2"
"授丰州刺史","1","1","2"
"淮海乱离志","1","1","2"
"萧大圜字仁","1","1","2"
"大圜字仁显","1","1","2"
"改封晋熙郡","1","1","2"
"封晋熙郡王","1","1","2"
"要事数十条","1","1","2"
"晋熙王萧大","1","1","2"
"熙王萧大圜","1","1","2"
"王萧大圜等","1","1","2"
"大圜车骑大","1","1","2"
"圜车骑大将","1","1","2"
"大圜入麟趾","1","1","2"
"上黄侯萧晔","1","1","2"
"黄侯萧晔所","1","1","2"
"轻车府主簿","1","1","2"
"信武府记室","1","1","2"
"武府记室参","1","1","2"
"随会平王室","1","1","2"
"夷吾匡霸功","1","1","2"
"令长史刘孝","1","1","2"
"长史刘孝胜","1","1","2"
"陈平度河归","1","1","2"
"平度河归汉","1","1","2"
"度河归汉图","1","1","2"
"中记室韦登","1","1","2"
"记室韦登私","1","1","2"
"加蜀郡太守","1","1","2"
"授内史中大","1","1","2"
"伯父太尉公","1","1","2"
"西昌侯深藻","1","1","2"
"昌侯深藻镇","1","1","2"
"纶府法曹参","1","1","2"
"尚书工部郎","1","1","2"
"赐爵闻喜县","1","1","2"
"爵闻喜县公","1","1","2"
"长寿招集叛","1","1","2"
"赐爵清河郡","1","1","2"
"行台侯景率","1","1","2"
"台侯景率兵","1","1","2"
"录尚书长孙","1","1","2"
"尚书长孙稚","1","1","2"
"扬州刺史薛","1","1","2"
"州刺史薛喜","1","1","2"
"节度河南诸","1","1","2"
"度河南诸军","1","1","2"
"赐爵华山郡","1","1","2"
"长史杨伯兰","1","1","2"
"定等六州刺","1","1","2"
"追赠秦州刺","1","1","2"
"东洛州刺史","1","1","2"
"弘农郡守韦","1","1","2"
"农郡守韦孝","1","1","2"
"郡守韦孝宽","1","1","2"
"陕州刺史刘","1","1","2"
"州刺史刘贵","1","1","2"
"转战数十里","1","1","2"
"属六十余人","1","1","2"
"河南行台杨","1","1","2"
"南行台杨琚","1","1","2"
"洛州刺史韩","1","1","2"
"州刺史韩贤","1","1","2"
"军司慕容绍","1","1","2"
"司慕容绍宗","1","1","2"
"慕容绍宗率","1","1","2"
"容绍宗率兵","1","1","2"
"洛州刺史元","1","1","2"
"州刺史元湛","1","1","2"
"长史孟彦举","1","1","2"
"史孟彦举城","1","1","2"
"东魏东雍州","1","1","2"
"魏东雍州刺","1","1","2"
"雍州刺史郭","1","1","2"
"州刺史郭叔","1","1","2"
"刺史郭叔略","1","1","2"
"河南邑中正","1","1","2"
"三千八百户","1","1","2"
"洛四州诸军","1","1","2"
"辟恶山招集","1","1","2"
"恶山招集勇","1","1","2"
"山招集勇敢","1","1","2"
"招集勇敢少","1","1","2"
"集勇敢少年","1","1","2"
"勇敢少年数","1","1","2"
"敢少年数十","1","1","2"
"少年数十人","1","1","2"
"东魏扬州刺","1","1","2"
"魏扬州刺史","1","1","2"
"扬州刺史段","1","1","2"
"州刺史段琛","1","1","2"
"太祖嘉忠款","2","0","2"
"行新安县事","2","0","2"
"金门郡守方","1","1","2"
"门郡守方台","1","1","2"
"郡守方台洛","1","1","2"
"宜阳郡守赵","1","1","2"
"阳郡守赵嵩","1","1","2"
"金门郡守乐","1","1","2"
"门郡守乐敬","1","1","2"
"郡守乐敬宾","1","1","2"
"独孤永业号","1","1","2"
"二千六百户","1","1","2"
"开府敕勒庆","1","1","2"
"东魏司徒高","1","1","2"
"魏司徒高敖","1","1","2"
"封广宗县子","1","1","2"
"开府李义孙","1","1","2"
"府李义孙攻","1","1","2"
"陕州总管尉","1","1","2"
"总管尉迟纲","1","1","2"
"仪同宇文能","1","1","2"
"击东魏洛州","1","1","2"
"杀伤数十人","1","1","2"
"陈合等三百","1","1","2"
"吏部尚书郭","1","1","2"
"部尚书郭祚","1","1","2"
"加讨寇将军","1","1","2"
"乡兵三千人","1","1","2"
"兵三千人拒","1","1","2"
"刺史董绍宗","1","1","2"
"封泾阳县伯","1","1","2"
"梁将王玄真","1","1","2"
"部民杨羊皮","1","1","2"
"大行台贺拔","1","1","2"
"蜀民张国隽","1","1","2"
"民张国隽聚","1","1","2"
"齐神武率众","1","1","2"
"上洛人都督","1","1","2"
"洛人都督泉","1","1","2"
"人都督泉岳","1","1","2"
"爵上洛郡公","2","0","2"
"累迁员外散","2","0","2"
"洛州大中正","1","1","2"
"遵率五百人","1","1","2"
"功封丰阳县","1","1","2"
"封丰阳县伯","1","1","2"
"荆州刺史事","1","1","2"
"太祖令仲遵","1","1","2"
"祖令仲遵率","1","1","2"
"若先取仲礼","1","1","2"
"将军王雄南","1","1","2"
"军王雄南征","1","1","2"
"王雄南征上","1","1","2"
"雄南征上津","1","1","2"
"上津置南洛","1","1","2"
"津置南洛州","1","1","2"
"结安康酋帅","1","1","2"
"安康酋帅黄","1","1","2"
"康酋帅黄众","1","1","2"
"遣王雄讨平","1","1","2"
"梁州刺史刘","1","1","2"
"州刺史刘孟","1","1","2"
"刺史刘孟良","1","1","2"
"父临危抗节","1","1","2"
"都督金兴等","1","1","2"
"督金兴等六","1","1","2"
"金兴等六州","1","1","2"
"兴等六州诸","1","1","2"
"封沌阳县伯","1","1","2"
"直州人乐炽","1","1","2"
"洋州人田越","1","1","2"
"金州人黄国","1","1","2"
"州人黄国等","1","1","2"
"巴州刺史牟","1","1","2"
"州刺史牟安","1","1","2"
"刺史牟安民","1","1","2"
"安民子宗彻","1","1","2"
"民子宗彻等","1","1","2"
"城主遣使请","1","1","2"
"主遣使请降","1","1","2"
"恭帝三年正","1","1","2"
"帝三年正月","1","1","2"
"获刺史冉助","1","1","2"
"刺史冉助国","1","1","2"
"史冉助国等","1","1","2"
"迁哲率骁勇","2","0","2"
"拓地三千余","1","1","2"
"地三千余里","1","1","2"
"蛮酋向五子","1","1","2"
"酋向五子王","1","1","2"
"追击五子王","1","1","2"
"击五子王等","1","1","2"
"黔阳蛮田乌","1","1","2"
"阳蛮田乌度","1","1","2"
"白帝城外筑","1","1","2"
"帝城外筑城","1","1","2"
"遂率兵七千","1","1","2"
"坏龙川宁朔","1","1","2"
"龙川宁朔堤","1","1","2"
"女六十九人","1","1","2"
"梁州民皇甫","1","1","2"
"州民皇甫圆","1","1","2"
"西益潼刺史","1","1","2"
"潼南梁二州","1","1","2"
"南梁二州刺","1","1","2"
"梁二州刺史","1","1","2"
"太祖令干运","1","1","2"
"干运令使人","1","1","2"
"运令使人李","1","1","2"
"令使人李若","1","1","2"
"使人李若等","1","1","2"
"人李若等入","1","1","2"
"李若等入关","1","1","2"
"尉迟迥令开","1","1","2"
"迟迥令开府","1","1","2"
"迥令开府侯","1","1","2"
"令开府侯吕","1","1","2"
"开府侯吕陵","1","1","2"
"府侯吕陵始","1","1","2"
"军将任电等","1","1","2"
"司二州刺史","1","1","2"
"猛奖励士卒","1","1","2"
"刺史向镇侯","1","1","2"
"援陈将华皎","1","1","2"
"猛所部独全","1","1","2"
"上洛邑阳人","1","1","2"
"魏弘农郡守","1","1","2"
"弘农郡守淳","1","1","2"
"载师中大夫","1","1","2"
"西宁州总管","1","1","2"
"中外府长史","1","1","2"
"席固字子坚","1","1","2"
"诸人然后同","1","1","2"
"欲南取江陵","1","1","2"
"三千三百户","1","1","2"
"襄唐丰郢复","1","1","2"
"唐丰郢复五","1","1","2"
"丰郢复五州","1","1","2"
"郢复五州刺","1","1","2"
"复五州刺史","1","1","2"
"顺直二州刺","1","1","2"
"直二州刺史","1","1","2"
"遣赵拔扈等","1","1","2"
"时年五十六","1","1","2"
"古人称仁义","1","1","2"
"观迁哲对太","1","1","2"
"迁哲对太祖","1","1","2"
"长孙绍远才","1","1","2"
"高祖保定三","1","1","2"
"祖保定三年","1","1","2"
"授威远将军","1","1","2"
"豫州都督府","1","1","2"
"时刺史高仲","1","1","2"
"朝廷遣大将","1","1","2"
"廷遣大将军","1","1","2"
"遣大将军李","1","1","2"
"大将军李远","1","1","2"
"将军李远率","1","1","2"
"军李远率军","1","1","2"
"李远率军赴","1","1","2"
"远率军赴援","1","1","2"
"加散骑侍郎","1","1","2"
"卢光字景仁","1","1","2"
"司空府参军","1","1","2"
"空府参军事","1","1","2"
"赐爵范阳县","1","1","2"
"爵范阳县伯","1","1","2"
"授小匠师下","1","1","2"
"小匠师下大","1","1","2"
"匠师下大夫","1","1","2"
"马贺兰祥讨","2","0","2"
"光监营宗庙","1","1","2"
"陕州总管府","1","1","2"
"一千九百户","1","1","2"
"时年六十二","1","1","2"
"太祖遥指山","1","1","2"
"祖遥指山上","1","1","2"
"道德经章句","1","1","2"
"中大通四年","1","1","2"
"重补国子助","1","1","2"
"补国子助教","1","1","2"
"遣主书何武","1","1","2"
"主书何武迎","1","1","2"
"事梁主萧察","1","1","2"
"遣宣纳上士","1","1","2"
"宣纳上士柳","1","1","2"
"纳上士柳裘","1","1","2"
"遣小司门上","1","1","2"
"小司门上士","1","1","2"
"司门上士杨","1","1","2"
"门上士杨汪","1","1","2"
"上士杨汪送","1","1","2"
"王二姓举义","1","1","2"
"将韩轨长史","1","1","2"
"韩轨长史张","1","1","2"
"轨长史张曜","1","1","2"
"七经异同说","1","1","2"
"安生语所未","1","1","2"
"周帝重道尊","1","1","2"
"帝重道尊儒","1","1","2"
"三台杂物散","1","1","2"
"赐帛三百匹","1","1","2"
"大乘佛寺参","1","1","2"
"乘佛寺参议","1","1","2"
"佛寺参议五","1","1","2"
"寺参议五礼","1","1","2"
"露门学博士","1","1","2"
"安西府长流","1","1","2"
"西府长流参","1","1","2"
"太尉李弼请","1","1","2"
"相府户曹柳","1","1","2"
"府户曹柳敏","1","1","2"
"行台郎中卢","1","1","2"
"台郎中卢光","1","1","2"
"河东郡丞辛","1","1","2"
"东郡丞辛粲","1","1","2"
"郡丞辛粲相","1","1","2"
"丞辛粲相继","1","1","2"
"秋官府上士","1","1","2"
"小师氏下大","1","1","2"
"武成元年六","1","1","2"
"成元年六月","1","1","2"
"授湖州刺史","1","1","2"
"封安邑县子","1","1","2"
"皇太子谏议","1","1","2"
"露门教授皇","1","1","2"
"门教授皇子","1","1","2"
"左氏春秋序","1","1","2"
"氏春秋序论","1","1","2"
"仁人君子所","1","1","2"
"司空高干兄","1","1","2"
"空高干兄弟","1","1","2"
"卫军府功曹","1","1","2"
"军府功曹参","1","1","2"
"吏部郎中崔","1","1","2"
"部郎中崔暹","1","1","2"
"镇城奚寿兴","1","1","2"
"城奚寿兴典","1","1","2"
"封广宗县公","1","1","2"
"柳桧字季华","1","1","2"
"数十人先击","1","1","2"
"华阳二郡守","1","1","2"
"安康人黄众","1","1","2"
"桧兄子止戈","1","1","2"
"兄子止戈方","1","1","2"
"府中直兵参","1","1","2"
"令大将军达","1","1","2"
"赐田二百顷","1","1","2"
"水浆入口三","2","0","2"
"浆入口三日","2","0","2"
"邑人王元达","1","1","2"
"人王元达等","1","1","2"
"王元达等七","1","1","2"
"元达等七十","1","1","2"
"达等七十余","1","1","2"
"等七十余人","1","1","2"
"赠沧州刺史","1","1","2"
"禅窟重台两","1","1","2"
"窟重台两匝","1","1","2"
"灯光普施法","1","1","2"
"光普施法界","1","1","2"
"县博士杨轨","1","1","2"
"博士杨轨等","1","1","2"
"士杨轨等二","1","1","2"
"杨轨等二百","1","1","2"
"桧恩隆加等","1","1","2"
"时侯莫陈悦","1","1","2"
"丞相府城局","1","1","2"
"相府城局参","1","1","2"
"府城局参军","1","1","2"
"封长安县男","1","1","2"
"太师贺拔胜","1","1","2"
"太史中大夫","1","1","2"
"姚僧垣字法","1","1","2"
"僧垣字法卫","1","1","2"
"菩提讨论方","1","1","2"
"提讨论方术","1","1","2"
"梁武帝召入","1","1","2"
"武帝召入禁","1","1","2"
"帝召入禁中","1","1","2"
"嗣王国左常","1","1","2"
"王国左常侍","1","1","2"
"授戎昭将军","1","1","2"
"湘东王府记","1","1","2"
"东王府记室","1","1","2"
"谨勋德隆重","1","1","2"
"金州刺史伊","1","1","2"
"州刺史伊娄","1","1","2"
"刺史伊娄穆","1","1","2"
"襄乐公贺兰","1","1","2"
"乐公贺兰隆","1","1","2"
"乐平公窦集","1","1","2"
"永世公叱伏","1","1","2"
"世公叱伏列","1","1","2"
"公叱伏列椿","1","1","2"
"内史柳昂私","1","1","2"
"尊贬膳日久","1","1","2"
"天子上应天","1","1","2"
"子上应天心","1","1","2"
"帝诊候危殆","1","1","2"
"时年八十五","1","1","2"
"湖二州刺史","1","1","2"
"垣医术高妙","1","1","2"
"宪府水曹参","1","1","2"
"府水曹参军","1","1","2"
"庾名重两国","1","1","2"
"黎景熙字季","1","1","2"
"景熙字季明","1","1","2"
"吏部尚书清","1","1","2"
"部尚书清河","1","1","2"
"尚书清河崔","1","1","2"
"书清河崔玄","1","1","2"
"清河崔玄伯","1","1","2"
"司徒崔浩学","1","1","2"
"授银青光禄","1","1","2"
"时王思政镇","1","1","2"
"时大司马贺","1","1","2"
"外史下大夫","1","1","2"
"庄公三十一","1","1","2"
"公三十一年","1","1","2"
"三十一年冬","1","1","2"
"僖公二十一","1","1","2"
"公二十一年","1","1","2"
"二十一年夏","1","1","2"
"十四万六千","1","1","2"
"四万六千人","1","1","2"
"发天下故吏","1","1","2"
"年十一月中","1","1","2"
"魏尚药典御","1","1","2"
"成一万余言","1","1","2"
"梁主萧察观","1","1","2"
"竟陵王录事","1","1","2"
"陵王录事参","1","1","2"
"王录事参军","1","1","2"
"鄱阳王中记","1","1","2"
"阳王中记室","1","1","2"
"武陵王府参","1","1","2"
"陵王府参军","1","1","2"
"手持一大瓠","1","1","2"
"伏侯龙恩早","1","1","2"
"大哭释迦牟","1","1","2"
"哭释迦牟尼","1","1","2"
"释迦牟尼佛","1","1","2"
"蜀郡卫元嵩","1","1","2"
"姚僧垣诊候","1","1","2"
"僧垣诊候精","1","1","2"
"垣诊候精审","1","1","2"
"萧察字理孙","1","1","2"
"知石头戍事","1","1","2"
"梁武帝衰老","1","1","2"
"中大同元年","1","1","2"
"随郡诸军事","1","1","2"
"兄河东王誉","2","0","2"
"湘州刺史张","1","1","2"
"州刺史张缵","1","1","2"
"江陵游军主","1","1","2"
"陵游军主朱","1","1","2"
"游军主朱荣","1","1","2"
"府司马刘方","1","1","2"
"司马刘方贵","1","1","2"
"雍州人席引","1","1","2"
"州人席引等","1","1","2"
"亲信十余人","1","1","2"
"令中兵参军","1","1","2"
"中兵参军尹","1","1","2"
"兵参军尹正","1","1","2"
"议参军蔡大","1","1","2"
"参军蔡大宝","1","1","2"
"母保林龚氏","1","1","2"
"令丞相府东","1","1","2"
"令柳仲礼率","1","1","2"
"散骑常侍郑","1","1","2"
"察留蔡大宝","1","1","2"
"追赠叔父邵","1","1","2"
"赠叔父邵陵","1","1","2"
"叔父邵陵王","1","1","2"
"置江陵防主","1","1","2"
"大将军王操","1","1","2"
"将军王操率","1","1","2"
"保定二年二","1","1","2"
"定二年二月","1","1","2"
"文集十五卷","1","1","2"
"祖母龚太后","1","1","2"
"嫡母王皇后","1","1","2"
"巴州刺史戴","1","1","2"
"州刺史戴僧","1","1","2"
"刺史戴僧朔","1","1","2"
"荆州总管权","1","1","2"
"州总管权景","1","1","2"
"总管权景宣","1","1","2"
"大将军元定","1","1","2"
"将军元定等","1","1","2"
"柱国王操率","1","1","2"
"大将军李广","1","1","2"
"将军李广等","1","1","2"
"吴明彻乘胜","1","1","2"
"明彻乘胜攻","1","1","2"
"守将许孝敬","1","1","2"
"马军主马武","1","1","2"
"司空章昭达","1","1","2"
"令大将军许","1","1","2"
"大将军许世","1","1","2"
"将军许世武","1","1","2"
"下数百人归","1","1","2"
"封江夏郡公","1","1","2"
"封吴兴县侯","1","1","2"
"失江南诸郡","1","1","2"
"良马数十匹","1","1","2"
"隋文帝征琮","2","0","2"
"置江陵总管","1","1","2"
"臣下二百余","1","1","2"
"下二百余人","1","1","2"
"皇鞭笞天下","1","1","2"
"始通使后魏","2","0","2"
"西渡辽水二","1","1","2"
"渡辽水二千","1","1","2"
"辽水二千里","1","1","2"
"玄菟等数十","1","1","2"
"菟等数十城","1","1","2"
"甲弩弓箭戟","1","1","2"
"始祖夫余神","1","1","2"
"四百五十里","1","1","2"
"对德十一品","1","1","2"
"统兵五百人","1","1","2"
"医药卜筮占","1","1","2"
"药卜筮占相","1","1","2"
"五谷杂果菜","1","1","2"
"谷杂果菜蔬","1","1","2"
"酒醴肴馔药","1","1","2"
"醴肴馔药品","1","1","2"
"驼驴骡羊鹅","1","1","2"
"驴骡羊鹅鸭","1","1","2"
"骡羊鹅鸭等","1","1","2"
"蔡阳蛮王鲁","1","1","2"
"阳蛮王鲁超","1","1","2"
"蛮王鲁超明","1","1","2"
"等前后讨平","2","0","2"
"淮北三州诸","1","1","2"
"北三州诸军","1","1","2"
"后巴西人谯","1","1","2"
"开府杨长华","1","1","2"
"江南险要地","1","1","2"
"固守水逻城","1","1","2"
"遣开府王亮","1","1","2"
"开府王亮率","1","1","2"
"府王亮率众","1","1","2"
"王亮率众渡","1","1","2"
"亮率众渡江","1","1","2"
"获贼帅冉承","1","1","2"
"贼帅冉承公","1","1","2"
"部众一千户","1","1","2"
"先任隆州总","1","1","2"
"招诱伯犁等","1","1","2"
"时向五子王","1","1","2"
"五子王石默","2","0","2"
"刘备故宫城","1","1","2"
"备故宫城南","1","1","2"
"尚淫祀巫祝","1","1","2"
"总管长史赵","1","1","2"
"管长史赵文","1","1","2"
"长史赵文表","1","1","2"
"父子伯叔兄","1","1","2"
"子伯叔兄弟","1","1","2"
"见两魏分隔","1","1","2"
"行台赵贵督","1","1","2"
"仪同侯莫陈","1","1","2"
"同侯莫陈顺","1","1","2"
"侯莫陈顺等","1","1","2"
"南洮州刺史","1","1","2"
"秦州浊水羌","1","1","2"
"宗人獠甘袭","1","1","2"
"刺史史宁等","1","1","2"
"风俗物产宕","2","0","2"
"俗物产宕昌","2","0","2"
"物产宕昌略","2","0","2"
"产宕昌略同","2","0","2"
"魏将傅竖眼","1","1","2"
"大都督侯莫","1","1","2"
"督侯莫陈顺","1","1","2"
"渭州刺史长","1","1","2"
"刺史长孙澄","1","1","2"
"氐帅梁道显","1","1","2"
"遣典签赵昶","1","1","2"
"督成武沙三","1","1","2"
"成武沙三州","1","1","2"
"武沙三州诸","1","1","2"
"沙三州诸军","1","1","2"
"军豆卢宁等","1","1","2"
"蜀攻陷落丛","1","1","2"
"攻陷落丛郡","1","1","2"
"遣仪同刘崇","1","1","2"
"仪同刘崇义","1","1","2"
"刘元海五部","1","1","2"
"大统元年三","1","1","2"
"统元年三月","1","1","2"
"第三子南海","1","1","2"
"三子南海王","1","1","2"
"皇后夫人王","1","1","2"
"后夫人王公","1","1","2"
"下四百余人","1","1","2"
"遣黄门郎杨","1","1","2"
"延州稽胡郝","1","1","2"
"州稽胡郝阿","1","1","2"
"国豆卢宁督","1","1","2"
"州刺史韦孝","1","1","2"
"刺史韦孝宽","1","1","2"
"帅郝三郎等","1","1","2"
"延州总管宇","1","1","2"
"州总管宇文","1","1","2"
"总管宇文盛","1","1","2"
"管宇文盛率","1","1","2"
"宇文盛率众","1","1","2"
"稽胡白郁久","1","1","2"
"胡白郁久同","1","1","2"
"帅刘受罗千","1","1","2"
"伊质泥师都","1","1","2"
"践斯处折施","1","1","2"
"斯处折施山","1","1","2"
"十七年六月","1","1","2"
"魏长乐公主","1","1","2"
"废帝元年正","1","1","2"
"帝元年正月","1","1","2"
"叔父邓叔子","1","1","2"
"服塞外诸国","1","1","2"
"北海五六千","1","1","2"
"海五六千里","1","1","2"
"弓矢鸣镝甲","1","1","2"
"诸亲属男女","1","1","2"
"取亡者所乘","1","1","2"
"父兄伯叔死","1","1","2"
"俟斤袭击吐","1","1","2"
"斤袭击吐谷","1","1","2"
"袭击吐谷浑","1","1","2"
"遣使贡方物","2","0","2"
"凉州刺史杨","1","1","2"
"州刺史杨荐","1","1","2"
"武伯王庆等","1","1","2"
"随公杨忠率","1","1","2"
"将士望风畏","1","1","2"
"大司徒宇文","1","1","2"
"司徒宇文贵","1","1","2"
"柱国刘雄率","1","1","2"
"国刘雄率兵","1","1","2"
"千金公主嫁","1","1","2"
"始遣使奉献","1","1","2"
"仆射乞伏触","1","1","2"
"二百四十人","1","1","2"
"驼骡六百头","1","1","2"
"宇文贵率兵","1","1","2"
"长安四千九","1","1","2"
"安四千九百","1","1","2"
"四千九百里","1","1","2"
"金城榆中人","1","1","2"
"地东西三百","1","1","2"
"东西三百里","1","1","2"
"南北五百里","1","1","2"
"牙门评议众","1","1","2"
"门评议众事","1","1","2"
"东长安五千","2","0","2"
"长安五千里","1","1","2"
"长安五千八","1","1","2"
"安五千八百","1","1","2"
"五千八百里","1","1","2"
"前凉张轨所","1","1","2"
"王遣使献名","2","0","2"
"后凉吕光所","1","1","2"
"贰师将军李","1","1","2"
"师将军李广","1","1","2"
"将军李广利","1","1","2"
"北二百余里","1","1","2"
"长安七千七","1","1","2"
"安七千七百","1","1","2"
"七千七百里","1","1","2"
"外风俗物产","1","1","2"
"城南五十里","1","1","2"
"多深目高鼻","1","1","2"
"城西十五里","1","1","2"
"兄弟共娶一","1","1","2"
"安息等大小","1","1","2"
"息等大小二","1","1","2"
"等大小二十","1","1","2"
"七百五十里","1","1","2"
"长安一万五","1","1","2"
"安一万五千","1","1","2"
"一万五千三","1","1","2"
"万五千三百","1","1","2"
"五千三百里","1","1","2"
"掌四方兵马","1","1","2"
"年正月二十","1","1","2"
"是命中注定","0","2","2"
"命中注定的","0","2","2"
"又有什么可","0","2","2"
"有什么可说","0","2","2"
"什么可说的","0","2","2"
"弘扬美好的","0","2","2"
"于安宁百姓","0","2","2"
"一个人骑着","0","2","2"
"伪齐的君主","0","2","2"
"将女儿嫁给","0","2","2"
"美好的事业","0","2","2"
"美好的品德","0","2","2"
"母亲去世的","0","2","2"
"美好的名声","0","2","2"
"毛色不纯的","0","2","2"
"色不纯的马","0","2","2"
"才不再说什","0","2","2"
"州已经失陷","0","2","2"
"像你所说的","0","2","2"
"你所说的那","0","2","2"
"我就没有忧","0","2","2"
"就没有忧虑","0","2","2"
"没有忧虑了","0","2","2"
"于是放了他","0","2","2"
"处死齐神武","0","2","2"
"怎么能碌碌","0","2","2"
"么能碌碌无","0","2","2"
"能碌碌无为","0","2","2"
"跪拜了两次","0","2","2"
"是因为他们","0","2","2"
"怡峰为左军","0","2","2"
"太祖听到这","0","2","2"
"同意他的话","0","2","2"
"于是流着眼","0","2","2"
"是流着眼泪","0","2","2"
"接着他又跟","0","2","2"
"各色绸缎一","0","2","2"
"色绸缎一百","0","2","2"
"打开城门让","0","2","2"
"开城门让他","0","2","2"
"又因为他的","0","2","2"
"呈上奏章请","0","2","2"
"上奏章请求","0","2","2"
"请求辞去官","0","2","2"
"求辞去官职","0","2","2"
"由于周惠达","0","2","2"
"受不住刑讯","0","2","2"
"不住刑讯的","0","2","2"
"住刑讯的痛","0","2","2"
"宇文护的心","0","2","2"
"文护的心意","0","2","2"
"最公正无私","0","2","2"
"公正无私的","0","2","2"
"正无私的道","0","2","2"
"无私的道理","0","2","2"
"理百姓的根","0","2","2"
"百姓的根本","0","2","2"
"这三个季节","0","2","2"
"如果在门第","0","2","2"
"果在门第资","0","2","2"
"在门第资格","0","2","2"
"门第资格高","0","2","2"
"第资格高贵","0","2","2"
"资格高贵的","0","2","2"
"格高贵的人","0","2","2"
"兼备的人才","0","2","2"
"有才干技艺","0","2","2"
"作为做人的","0","2","2"
"为做人的根","0","2","2"
"做人的根本","0","2","2"
"自己的官位","0","2","2"
"又怎么能够","0","2","2"
"观察一个人","0","2","2"
"察一个人的","0","2","2"
"一个人的道","0","2","2"
"那些道德品","0","2","2"
"品行不好的","0","2","2"
"是从来没有","0","2","2"
"官员减少了","0","2","2"
"当今的地方","0","2","2"
"今的地方长","0","2","2"
"公正的原则","0","2","2"
"来治理百姓","0","2","2"
"的官员应当","0","2","2"
"这样的事情","0","2","2"
"确实没有什","0","2","2"
"实没有什么","0","2","2"
"有什么需要","0","2","2"
"是这种情况","0","2","2"
"韦孝宽仔细","0","2","2"
"更加看重他","0","2","2"
"在朝廷上接","0","2","2"
"朝廷上接受","0","2","2"
"不到二十岁","0","2","2"
"到二十岁时","0","2","2"
"阅读经史典","0","2","2"
"读经史典籍","0","2","2"
"对他又敬又","0","2","2"
"百姓都很感","0","2","2"
"还有什么话","0","2","2"
"有什么话说","0","2","2"
"对他加以嘉","0","2","2"
"他加以嘉奖","0","2","2"
"时人为此而","0","2","2"
"此而加以称","0","2","2"
"而加以称赞","0","2","2"
"因此而去世","0","2","2"
"宇文显和答","0","2","2"
"文显和答道","0","2","2"
"于是认真选","0","2","2"
"梁元帝在江","0","2","2"
"元帝在江陵","0","2","2"
"帝在江陵继","0","2","2"
"在江陵继位","0","2","2"
"认为不能这","0","2","2"
"为不能这样","0","2","2"
"来教导百姓","0","2","2"
"就是所说的","0","2","2"
"给他丰厚的","0","2","2"
"丰厚的礼物","0","2","2"
"认为他与众","0","2","2"
"为他与众不","0","2","2"
"亲自统率六","0","2","2"
"自统率六军","0","2","2"
"领军斛斯椿","0","2","2"
"派开府于谨","0","2","2"
"使者前来聘","0","2","2"
"者前来聘问","0","2","2"
"佩剑著履上","0","2","2"
"剑著履上殿","0","2","2"
"国公王谊为","0","2","2"
"是上谷昌平","0","2","2"
"太祖不准许","0","2","2"
"元天穆平定","0","2","2"
"是弘农华阴","0","2","2"
"周惠达为府","0","2","2"
"以上州刺史","0","2","2"
"独孤信平定","0","2","2"
"孤信平定凉","0","2","2"
"信平定凉州","0","2","2"
"任梁州刺史","0","2","2"
"任延绥丹三","0","2","2"
"食邑累计一","0","2","2"
"邑累计一千","0","2","2"
"随柱国李穆","0","2","2"
"高仲密以北","0","2","2"
"仲密以北豫","0","2","2"
"密以北豫州","0","2","2"
"以北豫州来","0","2","2"
"北豫州来归","0","2","2"
"豫州来归附","0","2","2"
"任大行台左","0","2","2"
"任北道行台","0","2","2"
"因此有人说","0","2","2"
"有文集十卷","0","2","2"
"担任雍州刺","0","2","2"
"击败齐国将","0","2","2"
"束梁州刺史","0","2","2"
"晋为大将军","0","2","2"
"不久拜使持","0","2","2"
"久拜使持节","0","2","2"
"是匈奴的分","0","2","2"
"匈奴的分支","0","2","2"
"为泾州刺史","0","2","2"
"为南岐州刺","0","2","2"
"魏将领高干","0","2","2"
"魏将领王元","0","2","2"
"将领王元轨","0","2","2"
"宇文仲和据","0","2","2"
"文仲和据州","0","2","2"
"为宁都郡公","0","2","2"
"太祖为太师","0","2","2"
"赵贵为太保","0","2","2"
"独孤信为大","0","2","2"
"陈崇为大司","0","2","2"
"长安进献白","0","2","2"
"阳进献三足","0","2","2"
"尉迟迥为大","0","2","2"
"国公宇文会","0","2","2"
"季七月己巳","0","2","2"
"七月己巳曰","0","2","2"
"达奚武为太","0","2","2"
"改礼部为司","0","2","2"
"礼部为司宗","0","2","2"
"德公陆通为","0","2","2"
"公陆通为大","0","2","2"
"陆通为大司","0","2","2"
"文宪为大司","0","2","2"
"宪为大司马","0","2","2"
"为夏州总管","0","2","2"
"一同为柱国","0","2","2"
"庸公陆腾为","0","2","2"
"星侵犯右执","0","2","2"
"侵犯右执法","0","2","2"
"可以大赦天","0","2","2"
"以大赦天下","0","2","2"
"柱国袍罕公","0","2","2"
"国袍罕公辛","0","2","2"
"开始设置上","0","2","2"
"始设置上柱","0","2","2"
"设置上柱国","0","2","2"
"仪同三司改","0","2","2"
"同三司改为","0","2","2"
"封齐王宇文","0","2","2"
"宇文宪的儿","0","2","2"
"文宪的儿子","0","2","2"
"公宇文质为","0","2","2"
"宇文质为河","0","2","2"
"文质为河间","0","2","2"
"质为河间王","0","2","2"
"化公丘崇为","0","2","2"
"独孤永业为","0","2","2"
"国杞国公宇","0","2","2"
"公韦孝宽为","0","2","2"
"为并州总管","0","2","2"
"季正月癸酉","0","2","2"
"为太帝太后","0","2","2"
"王宇文赞为","0","2","2"
"国公梁睿为","0","2","2"
"宁公杨勇为","0","2","2"
"被尊为皇太","0","2","2"
"尊为皇太后","0","2","2"
"又被尊为天","0","2","2"
"被尊为天元","0","2","2"
"为天皇太后","0","2","2"
"为天元圣皇","0","2","2"
"被追赠为太","0","2","2"
"追赠为太师","0","2","2"
"被迫赠为使","0","2","2"
"迫赠为使持","0","2","2"
"封为齐国公","0","2","2"
"宋献公宇文","0","2","2"
"献公宇文震","0","2","2"
"陈惑王宇文","0","2","2"
"惑王宇文纯","0","2","2"
"元颢入据洛","0","2","2"
"颢入据洛阳","0","2","2"
"孝庄帝出居","0","2","2"
"庄帝出居河","0","2","2"
"帝出居河内","0","2","2"
"仪同三司等","0","2","2"
"同三司等衔","0","2","2"
"跟随太宰元","0","2","2"
"拜为征虏将","0","2","2"
"州刺史等衔","0","2","2"
"是代郡武川","0","2","2"
"任北华州刺","0","2","2"
"加授征西将","0","2","2"
"转任骠骑将","0","2","2"
"出任金州总","0","2","2"
"拜授大将军","0","2","2"
"历任开府仪","0","2","2"
"次升迁任大","0","2","2"
"任襄州总管","0","2","2"
"转任帅都督","0","2","2"
"任泾州总管","0","2","2"
"兼任大丞相","0","2","2"
"官至上仪同","0","2","2"
"七品州列曹","0","2","2"
"又加授骠骑","0","2","2"
"占据州城反","0","2","2"
"据州城反叛","0","2","2"
"请求举州归","0","2","2"
"求举州归附","0","2","2"
"经升迁为大","0","2","2"
"升迁为大都","0","2","2"
"迁为大都督","0","2","2"
"任他为车骑","0","2","2"
"出任鄘州刺","0","2","2"
"升通直散骑","0","2","2"
"任潼州刺史","0","2","2"
"官位达到开","0","2","2"
"位达到开府","0","2","2"
"到开府仪同","0","2","2"
"任安州刺史","0","2","2"
"代州武川人","0","2","2"
"升任为大都","0","2","2"
"任为大都督","0","2","2"
"加授柱国大","0","2","2"
"任镇北将军","0","2","2"
"加授车骑将","0","2","2"
"升任帅都督","0","2","2"
"授任大行台","0","2","2"
"转任从事中","0","2","2"
"至车骑大将","0","2","2"
"任为宜州刺","0","2","2"
"食邑一千四","0","2","2"
"不久任车骑","0","2","2"
"久任车骑大","0","2","2"
"功增加食邑","0","2","2"
"食邑一千二","0","2","2"
"任大行台右","0","2","2"
"州大中正衔","0","2","2"
"于谨讨伐刘","0","2","2"
"谨讨伐刘平","0","2","2"
"讨伐刘平伏","0","2","2"
"任礼部中大","0","2","2"
"任蔡州刺史","0","2","2"
"帝驾临夏州","0","2","2"
"蠕蠕族请求","0","2","2"
"任殿中将军","0","2","2"
"加授中军将","0","2","2"
"授中军将军","0","2","2"
"任梁州总管","0","2","2"
"经升迁为都","0","2","2"
"是河东闻喜","0","2","2"
"追赠辅国将","0","2","2"
"任中州刺史","0","2","2"
"公宇文直出","0","2","2"
"宇文直出镇","0","2","2"
"任奉车都尉","0","2","2"
"迎接司马消","0","2","2"
"接司马消难","0","2","2"
"将作大匠郑","0","2","2"
"作大匠郑浑","0","2","2"
"大匠郑浑的","0","2","2"
"的十一世孙","0","2","2"
"转任陕州刺","0","2","2"
"任利州刺史","0","2","2"
"任安州总管","0","2","2"
"授司徒左长","0","2","2"
"任同州司会","0","2","2"
"河东解地人","0","2","2"
"获赠仪同三","0","2","2"
"授任恒州刺","0","2","2"
"授任小司寇","0","2","2"
"领中书舍人","0","2","2"
"转任民部中","0","2","2"
"擒获贼帅冉","0","2","2"
"增封食邑一","0","2","2"
"封食邑一千","0","2","2"
"任右侍上士","0","2","2"
"为北雍州刺","0","2","2"
"不久加骠骑","0","2","2"
"久加骠骑大","0","2","2"
"率领所部义","0","2","2"
"封为清河县","0","2","2"
"兼著作佐郎","0","2","2"
"撰修起居注","0","2","2"
"任为安束将","0","2","2"
"兼任尚书左","0","2","2"
"转任陇右总","0","2","2"
"又增加食邑","0","2","2"
"公宇文宪府","0","2","2"
"宇文宪府长","0","2","2"
"文宪府长史","0","2","2"
"任为奉朝请","0","2","2"
"领军独孤信","0","2","2"
"孤信镇守洛","0","2","2"
"信镇守洛阳","0","2","2"
"于是任李昶","0","2","2"
"是任李昶为","0","2","2"
"为丞相府记","0","2","2"
"任中外府司","0","2","2"
"任成州刺史","0","2","2"
"为匠师中大","0","2","2"
"升平北将军","0","2","2"
"加大都督衔","0","2","2"
"高祖即位后","0","2","2"
"转任司武上","0","2","2"
"任司武上大","0","2","2"
"梁武帝之弟","0","2","2"
"弟鄱阳王萧","0","2","2"
"鄱阳王萧恢","0","2","2"
"食邑一千三","0","2","2"
"食邑各一千","0","2","2"
"邑各一千户","0","2","2"
"又随从太祖","0","2","2"
"随从太祖战","0","2","2"
"太祖战于河","0","2","2"
"祖战于河桥","0","2","2"
"代理荆州刺","0","2","2"
"理荆州刺史","0","2","2"
"信州刺史．","0","2","2"
"将领章昭达","0","2","2"
"授征束将军","0","2","2"
"从大将军宇","0","2","2"
"派遣使者任","0","2","2"
"遣使者任命","0","2","2"
"以席固之功","0","2","2"
"当魏孝武帝","0","2","2"
"是吴兴武康","0","2","2"
"是河东猗氏","0","2","2"
"迁任辅国将","0","2","2"
"乐逊教授诸","0","2","2"
"迁任遂伯中","0","2","2"
"任遂伯中大","0","2","2"
"迁任给事黄","0","2","2"
"是河东汾阴","0","2","2"
"授黄门侍郎","0","2","2"
"元帝平定侯","0","2","2"
"帝平定侯景","0","2","2"
"等人相继归","0","2","2"
"人相继归附","0","2","2"
"田都唐等人","0","2","2"
"诏令开府陆","0","2","2"
"令开府陆腾","0","2","2"
"自称太白王","0","2","2"
"兴州人段吒","0","2","2"
"州人段吒及","0","2","2"
"又遣使来贡","0","2","2"
"方圆十余里","0","2","2"
"认为是上天","0","2","2"
"授驸马都尉","0","2","2"
"按规定迁到","0","2","2"
"于是失陷在","0","2","2"
"在鲜于修礼","0","2","2"
"鲜于修礼军","0","2","2"
"于修礼军中","0","2","2"
"是德皇帝的","0","2","2"
"太祖年少时","0","2","2"
"时就有远大","0","2","2"
"年少时跟随","0","2","2"
"跟随德皇帝","0","2","2"
"以统军的身","0","2","2"
"统军的身份","0","2","2"
"军的身份跟","0","2","2"
"随尔朱荣征","0","2","2"
"以别将的身","0","2","2"
"被封为宁都","0","2","2"
"孝庄帝派尔","0","2","2"
"庄帝派尔朱","0","2","2"
"帝派尔朱天","0","2","2"
"派尔朱天光","0","2","2"
"于是跟随贺","0","2","2"
"任为征西将","0","2","2"
"以恩德信义","0","2","2"
"尔朱天光束","0","2","2"
"抵抗齐神武","0","2","2"
"被尔朱天光","0","2","2"
"朱天光征召","0","2","2"
"事情告诉他","0","2","2"
"了尔朱天光","0","2","2"
"说侯莫陈悦","0","2","2"
"事情没有不","0","2","2"
"情没有不成","0","2","2"
"贺拔岳非常","0","2","2"
"侯莫陈悦军","0","2","2"
"莫陈悦军中","0","2","2"
"侯莫陈悦就","0","2","2"
"任关西大行","0","2","2"
"任贺拔岳府","0","2","2"
"不是一般的","0","2","2"
"陈述自己的","0","2","2"
"才得以返回","0","2","2"
"齐神武果然","0","2","2"
"有灵州刺史","0","2","2"
"合适的人选","0","2","2"
"太祖到了夏","0","2","2"
"祖到了夏州","0","2","2"
"北魏永熙三","0","2","2"
"打算讨伐曹","0","2","2"
"算讨伐曹泥","0","2","2"
"贺拔岳的兵","0","2","2"
"贺拔岳的尸","0","2","2"
"拔岳的尸体","0","2","2"
"岳的尸体回","0","2","2"
"业尚未成就","0","2","2"
"能达到目的","0","2","2"
"都愿为他效","0","2","2"
"时局的变化","0","2","2"
"侯莫陈悦既","0","2","2"
"莫陈悦既已","0","2","2"
"我知道他没","0","2","2"
"知道他没有","0","2","2"
"贺墨遥的部","0","2","2"
"又悲又喜地","0","2","2"
"悲又喜地说","0","2","2"
"太祖对将领","0","2","2"
"祖对将领们","0","2","2"
"命令各路兵","0","2","2"
"令各路兵马","0","2","2"
"拔岳的军队","0","2","2"
"皇上的命令","0","2","2"
"在后面追击","0","2","2"
"在讨伐侯莫","0","2","2"
"朝廷的旨意","0","2","2"
"最终无所成","0","2","2"
"终无所成就","0","2","2"
"所亲近的人","0","2","2"
"抑制自己的","0","2","2"
"侯莫陈悦及","0","2","2"
"可朱浑元等","0","2","2"
"朱浑元等人","0","2","2"
"而侯莫陈悦","0","2","2"
"有远大的器","0","2","2"
"远大的器量","0","2","2"
"与侯莫陈悦","0","2","2"
"侯莫陈悦效","0","2","2"
"莫陈悦效力","0","2","2"
"派他的党羽","0","2","2"
"将他们送到","0","2","2"
"侯莫陈崇代","0","2","2"
"莫陈崇代理","0","2","2"
"陈崇代理原","0","2","2"
"崇代理原州","0","2","2"
"代理原州事","0","2","2"
"理原州事务","0","2","2"
"督将以下的","0","2","2"
"且侯莫陈悦","0","2","2"
"文导为都督","0","2","2"
"的人都知道","0","2","2"
"道侯莫陈悦","0","2","2"
"就兼程而行","0","2","2"
"侯莫陈悦出","0","2","2"
"侯莫陈悦听","0","2","2"
"派遣使者去","0","2","2"
"败侯莫陈悦","0","2","2"
"莫陈悦本来","0","2","2"
"追上了侯莫","0","2","2"
"上了侯莫陈","0","2","2"
"赏赐给士卒","0","2","2"
"引导吐谷浑","0","2","2"
"来供给军队","0","2","2"
"齐神武听说","0","2","2"
"神武听说太","0","2","2"
"武听说太祖","0","2","2"
"派使者到太","0","2","2"
"使者到太祖","0","2","2"
"者到太祖那","0","2","2"
"到太祖那裹","0","2","2"
"时齐神武已","0","2","2"
"向太祖征调","0","2","2"
"步兵骑兵五","0","2","2"
"骑兵五千镇","0","2","2"
"兵五千镇守","0","2","2"
"魏孝武帝派","0","2","2"
"替代他的职","0","2","2"
"代他的职务","0","2","2"
"当时魏孝武","0","2","2"
"时魏孝武帝","0","2","2"
"魏孝武帝进","0","2","2"
"以号令天下","0","2","2"
"讨伐尔朱氏","0","2","2"
"认为是他的","0","2","2"
"自己的心腹","0","2","2"
"向皇上陈述","0","2","2"
"从进入洛阳","0","2","2"
"受命负责征","0","2","2"
"命负责征伐","0","2","2"
"拒绝朝廷派","0","2","2"
"绝朝廷派人","0","2","2"
"当亲自统率","0","2","2"
"就命令各位","0","2","2"
"令各位将帅","0","2","2"
"已逐渐逼近","0","2","2"
"太祖对左右","0","2","2"
"从洛阳率领","0","2","2"
"为驸马都尉","0","2","2"
"各军屯驻在","0","2","2"
"于是进军讨","0","2","2"
"是进军讨伐","0","2","2"
"太祖派仪同","0","2","2"
"太祖和公卿","0","2","2"
"高敖曹包围","0","2","2"
"把他的首级","0","2","2"
"他的首级传","0","2","2"
"等十二名将","0","2","2"
"十二名将领","0","2","2"
"魏将领高叔","0","2","2"
"将领高叔礼","0","2","2"
"贺拔胜追上","0","2","2"
"将领高敖曹","0","2","2"
"不到一万人","0","2","2"
"齐神武渡过","0","2","2"
"神武渡过黄","0","2","2"
"武渡过黄河","0","2","2"
"都认为敌众","0","2","2"
"为敌众我少","0","2","2"
"巡逻骑兵报","0","2","2"
"逻骑兵报告","0","2","2"
"李弼等人率","0","2","2"
"率领铁甲骑","0","2","2"
"领铁甲骑兵","0","2","2"
"到黄河岸边","0","2","2"
"带甲士兵二","0","2","2"
"骑兵共二万","0","2","2"
"兵共二万人","0","2","2"
"贺拔胜等人","0","2","2"
"都前来归附","0","2","2"
"黄河以南之","0","2","2"
"韦孝宽攻占","0","2","2"
"魏派将领侯","0","2","2"
"派将领侯景","0","2","2"
"氵廛水东岸","0","2","2"
"率领轻装骑","0","2","2"
"领轻装骑兵","0","2","2"
"太祖的坐骑","0","2","2"
"的坐骑被乱","0","2","2"
"一万五千人","0","2","2"
"佐魏太子出","0","2","2"
"魏太子出居","0","2","2"
"太子出居渭","0","2","2"
"子出居渭水","0","2","2"
"仍驻军华州","0","2","2"
"举行大阅兵","0","2","2"
"从三亚鸟出","0","2","2"
"祖派开府李","0","2","2"
"派开府李弼","0","2","2"
"领骑兵五千","0","2","2"
"渡过黄河到","0","2","2"
"齐神武侵犯","0","2","2"
"渡过汾水追","0","2","2"
"过汾水追击","0","2","2"
"齐神武抵达","0","2","2"
"被贺拔胜追","0","2","2"
"阳举行大规","0","2","2"
"在白水举行","0","2","2"
"白水举行大","0","2","2"
"水举行大规","0","2","2"
"么可以推辞","0","2","2"
"依照这个原","0","2","2"
"照这个原则","0","2","2"
"将领侯景侵","0","2","2"
"领侯景侵犯","0","2","2"
"侯景侵犯襄","0","2","2"
"景侵犯襄州","0","2","2"
"活捉宇文仲","0","2","2"
"捉宇文仲和","0","2","2"
"齐神武围攻","0","2","2"
"以黄河以南","0","2","2"
"南六州前来","0","2","2"
"六州前来归","0","2","2"
"派将领韩轨","0","2","2"
"祖奉护魏帝","0","2","2"
"奉护魏帝西","0","2","2"
"用来表彰他","0","2","2"
"奉护魏太子","0","2","2"
"刘丰生等人","0","2","2"
"率军十余万","0","2","2"
"军十余万人","0","2","2"
"把王思政包","0","2","2"
"王思政包围","0","2","2"
"思政包围在","0","2","2"
"政包围在颍","0","2","2"
"都督符贵前","0","2","2"
"侯景攻克建","0","2","2"
"景攻克建业","0","2","2"
"攻克建业后","0","2","2"
"府杨忠率军","0","2","2"
"的长史马岫","0","2","2"
"柳仲礼率军","0","2","2"
"率军前来支","0","2","2"
"军前来支援","0","2","2"
"杨忠活捉柳","0","2","2"
"太祖率领各","0","2","2"
"公宇文导为","0","2","2"
"宇文导为大","0","2","2"
"从长安出发","0","2","2"
"派大将军王","0","2","2"
"达奚武包围","0","2","2"
"一个多月后","0","2","2"
"又派遣王雄","0","2","2"
"派遣王雄讨","0","2","2"
"为都督中外","0","2","2"
"使者贡献土","0","2","2"
"者贡献土产","0","2","2"
"于是太祖与","0","2","2"
"帝的嫡长子","0","2","2"
"太祖于是命","0","2","2"
"祖于是命令","0","2","2"
"还是婴儿时","0","2","2"
"孝宽等人率","0","2","2"
"精锐骑兵先","0","2","2"
"派大将军豆","0","2","2"
"祖在云阳宫","0","2","2"
"在云阳宫驾","0","2","2"
"云阳宫驾崩","0","2","2"
"孝闵帝接受","0","2","2"
"闵帝接受禅","0","2","2"
"帝接受禅让","0","2","2"
"都愿意为他","0","2","2"
"得到他们的","0","2","2"
"是太祖的长","0","2","2"
"而自立为帝","0","2","2"
"犯罪而牵连","0","2","2"
"应当予以释","0","2","2"
"当予以释放","0","2","2"
"春季正月乙","0","2","2"
"公宇文护为","0","2","2"
"在邵郡设置","0","2","2"
"邵郡设置邵","0","2","2"
"郡设置邵州","0","2","2"
"以来没有下","0","2","2"
"来没有下雨","0","2","2"
"马消难率全","0","2","2"
"消难率全州","0","2","2"
"季四月己巳","0","2","2"
"五年徒刑以","0","2","2"
"年徒刑以下","0","2","2"
"徒刑以下的","0","2","2"
"任命大司空","0","2","2"
"使者进献当","0","2","2"
"者进献当地","0","2","2"
"不同的等级","0","2","2"
"鳏寡孤独的","0","2","2"
"寡孤独的人","0","2","2"
"尉迟迥镇守","0","2","2"
"二月辛酉曰","0","2","2"
"季正月己酉","0","2","2"
"开始亲自处","0","2","2"
"始亲自处理","0","2","2"
"章武孝公宇","0","2","2"
"武孝公宇文","0","2","2"
"孝公宇文导","0","2","2"
"公宇文导的","0","2","2"
"宇文导的儿","0","2","2"
"文导的儿子","0","2","2"
"导的儿子宇","0","2","2"
"儿子宇文亮","0","2","2"
"秦郡公宇文","0","2","2"
"郡公宇文直","0","2","2"
"文直镇守蒲","0","2","2"
"直镇守蒲州","0","2","2"
"帝在正武殿","0","2","2"
"是天下人所","0","2","2"
"天下人所共","0","2","2"
"昌派使者进","0","2","2"
"作为百姓的","0","2","2"
"卿大夫士人","0","2","2"
"答上天的谴","0","2","2"
"上天的谴责","0","2","2"
"有关官员要","0","2","2"
"开创了帝王","0","2","2"
"了帝王大业","0","2","2"
"大赦天下更","0","2","2"
"赦天下更改","0","2","2"
"天下更改年","0","2","2"
"下更改年号","0","2","2"
"安城公字文","0","2","2"
"城公字文宪","0","2","2"
"公字文宪为","0","2","2"
"天水公宇文","0","2","2"
"水公宇文广","0","2","2"
"封皇弟宇文","0","2","2"
"冬季十月甲","0","2","2"
"大规模会见","0","2","2"
"钱帛多少不","0","2","2"
"帛多少不等","0","2","2"
"我周朝王室","0","2","2"
"在九泉之下","0","2","2"
"鲁国公宇文","0","2","2"
"可以说是有","0","2","2"
"到死的时候","0","2","2"
"穿素服服丧","0","2","2"
"像平常一样","0","2","2"
"殿召集公卿","0","2","2"
"是太祖的第","0","2","2"
"的第四个儿","0","2","2"
"第四个儿子","0","2","2"
"祖认为他很","0","2","2"
"入朝担任大","0","2","2"
"经常赞叹说","0","2","2"
"将帝位传给","0","2","2"
"国家的法令","0","2","2"
"恭敬地继承","0","2","2"
"武帝下韶说","0","2","2"
"难道仅仅是","0","2","2"
"昌一同派使","0","2","2"
"七十岁以上","0","2","2"
"武帝亲自耕","0","2","2"
"使者贡献犀","0","2","2"
"者贡献犀甲","0","2","2"
"钱一起流通","0","2","2"
"以晋公的儿","0","2","2"
"晋公的儿子","0","2","2"
"宇文亮作为","0","2","2"
"文亮作为他","0","2","2"
"亮作为他的","0","2","2"
"宇文洛生为","0","2","2"
"宇文至作为","0","2","2"
"文至作为他","0","2","2"
"至作为他的","0","2","2"
"火星侵入舆","0","2","2"
"星侵入舆鬼","0","2","2"
"侵犯积尸星","0","2","2"
"太微星垣上","0","2","2"
"微星垣上将","0","2","2"
"星垣上将星","0","2","2"
"春季正月壬","0","2","2"
"陈顼为柱国","0","2","2"
"帝下诏命柱","0","2","2"
"下诏命柱国","0","2","2"
"太白星侵入","0","2","2"
"太微星垣的","0","2","2"
"微星垣的上","0","2","2"
"火星侵犯左","0","2","2"
"星侵犯左执","0","2","2"
"侵犯左执法","0","2","2"
"犯左执法星","0","2","2"
"天旱的缘故","0","2","2"
"都督以上官","0","2","2"
"督以上官员","0","2","2"
"天地人三才","0","2","2"
"恭敬地遵循","0","2","2"
"太阳出现亏","0","2","2"
"阳出现亏蚀","0","2","2"
"国公于谨为","0","2","2"
"请教治国之","0","2","2"
"教治国之道","0","2","2"
"政事的得失","0","2","2"
"赏赐给他们","0","2","2"
"官职大小不","0","2","2"
"职大小不等","0","2","2"
"率领一万骑","0","2","2"
"领一万骑兵","0","2","2"
"冬季十月壬","0","2","2"
"奚武率领三","0","2","2"
"武率领三万","0","2","2"
"率领三万骑","0","2","2"
"领三万骑兵","0","2","2"
"侵犯房宿右","0","2","2"
"的长子宇文","0","2","2"
"厥派使者前","0","2","2"
"武帝下韶命","0","2","2"
"帝下韶命令","0","2","2"
"杨忠率领军","0","2","2"
"忠率领军队","0","2","2"
"率领军队与","0","2","2"
"任命柱国齐","0","2","2"
"宇文直为大","0","2","2"
"文直为大司","0","2","2"
"若干凤为徐","0","2","2"
"干凤为徐国","0","2","2"
"凤为徐国公","0","2","2"
"季十月癸亥","0","2","2"
"宇文护率军","0","2","2"
"军包围洛阳","0","2","2"
"权景宣进攻","0","2","2"
"五年春季正","0","2","2"
"隶属于襄州","0","2","2"
"吐谷浑派使","0","2","2"
"谷浑派使者","0","2","2"
"浑派使者前","0","2","2"
"来贡献土产","0","2","2"
"王谦为柱国","0","2","2"
"许国公字文","0","2","2"
"国公字文贵","0","2","2"
"武帝前往岐","0","2","2"
"豆卢宁去世","0","2","2"
"承袭虞国公","0","2","2"
"袭虞国公的","0","2","2"
"月辛巳初一","0","2","2"
"州上书称有","0","2","2"
"颁发的赏赐","0","2","2"
"发的赏赐多","0","2","2"
"的赏赐多少","0","2","2"
"赏赐多少不","0","2","2"
"赐多少不等","0","2","2"
"下的官员各","0","2","2"
"的官员各自","0","2","2"
"举自己了解","0","2","2"
"自己了解的","0","2","2"
"己了解的人","0","2","2"
"武帝前往正","0","2","2"
"帝前往正武","0","2","2"
"前往正武殿","0","2","2"
"领他的部落","0","2","2"
"怎么能够忘","0","2","2"
"使大家知道","0","2","2"
"置爵祭奠先","0","2","2"
"爵祭奠先师","0","2","2"
"土堆成坟丘","0","2","2"
"武帝前往武","0","2","2"
"帝前往武功","0","2","2"
"季四月乙巳","0","2","2"
"谯国公宇文","0","2","2"
"国公宇文俭","0","2","2"
"公宇文俭为","0","2","2"
"州上奏称有","0","2","2"
"季七月辛丑","0","2","2"
"陈国将领淳","0","2","2"
"国将领淳于","0","2","2"
"季正月辛丑","0","2","2"
"正月辛丑日","0","2","2"
"任命柱国陈","0","2","2"
"武帝前往醴","0","2","2"
"帝前往醴泉","0","2","2"
"帝从醴泉宫","0","2","2"
"从醴泉宫返","0","2","2"
"醴泉宫返回","0","2","2"
"举行军事演","0","2","2"
"国的使者也","0","2","2"
"月壬辰初一","0","2","2"
"安成王陈顼","0","2","2"
"使者进献马","0","2","2"
"者进献马匹","0","2","2"
"杀死了孔城","0","2","2"
"死了孔城防","0","2","2"
"了孔城防主","0","2","2"
"修筑崇德等","0","2","2"
"邵惠公宇文","0","2","2"
"惠公宇文颢","0","2","2"
"命陈国公宇","0","2","2"
"达奚武去世","0","2","2"
"豳国公宇文","0","2","2"
"斛律明月侵","0","2","2"
"律明月侵犯","0","2","2"
"汾水北岸筑","0","2","2"
"水北岸筑城","0","2","2"
"六年春季正","0","2","2"
"火星侵犯舆","0","2","2"
"武帝派大将","0","2","2"
"帝派大将军","0","2","2"
"宇文亮为秦","0","2","2"
"文亮为秦州","0","2","2"
"亮为秦州总","0","2","2"
"秋季七月乙","0","2","2"
"越国公宇文","0","2","2"
"国公宇文盛","0","2","2"
"太白星相聚","0","2","2"
"白星相聚在","0","2","2"
"军在城南进","0","2","2"
"在城南进行","0","2","2"
"城南进行军","0","2","2"
"南进行军事","0","2","2"
"的弟弟大将","0","2","2"
"弟弟大将军","0","2","2"
"公李穆为太","0","2","2"
"直为大司徒","0","2","2"
"公宇文招为","0","2","2"
"宇文招为大","0","2","2"
"文招为大司","0","2","2"
"符合我的心","0","2","2"
"代国公宇文","0","2","2"
"国公宇文达","0","2","2"
"莒庄公宇文","0","2","2"
"宇文洛生的","0","2","2"
"洛生的后嗣","0","2","2"
"改设宿卫官","0","2","2"
"设宿卫官员","0","2","2"
"没入官府为","0","2","2"
"入官府为奴","0","2","2"
"释放为平民","0","2","2"
"招集京城以","0","2","2"
"赏赐各有不","0","2","2"
"赐各有不等","0","2","2"
"下诏命皇太","0","2","2"
"下诏答覆说","0","2","2"
"召集各军将","0","2","2"
"集各军将领","0","2","2"
"帝在大德殿","0","2","2"
"关官员应当","0","2","2"
"我继承大业","0","2","2"
"一同晋爵为","0","2","2"
"同晋爵为王","0","2","2"
"一定要节俭","0","2","2"
"多缺乏粮食","0","2","2"
"各自荐举贤","0","2","2"
"自荐举贤良","0","2","2"
"皇太子宇文","0","2","2"
"季四月乙卯","0","2","2"
"四月乙卯曰","0","2","2"
"到文宣皇后","0","2","2"
"没有这样做","0","2","2"
"从前的典制","0","2","2"
"照先人的遣","0","2","2"
"的各位儿子","0","2","2"
"不合礼制的","0","2","2"
"合礼制的祭","0","2","2"
"礼制的祭祀","0","2","2"
"没有记载的","0","2","2"
"六月丁末日","0","2","2"
"由来已久了","0","2","2"
"也是可以的","0","2","2"
"文直在京师","0","2","2"
"直在京师起","0","2","2"
"在京师起兵","0","2","2"
"率领一百多","0","2","2"
"免除赋税三","0","2","2"
"除赋税三年","0","2","2"
"刺史郡守县","0","2","2"
"史郡守县令","0","2","2"
"有罪被免除","0","2","2"
"派小司寇淮","0","2","2"
"王宇文招为","0","2","2"
"太子以下的","0","2","2"
"一道檄文就","0","2","2"
"檄文就可以","0","2","2"
"文就可以平","0","2","2"
"就可以平定","0","2","2"
"认为怎样?","0","2","2"
"如果不经过","0","2","2"
"文纯为前一","0","2","2"
"纯为前一军","0","2","2"
"亲自率领各","0","2","2"
"自率领各军","0","2","2"
"王宇文宪以","0","2","2"
"毕王宇文贤","0","2","2"
"他根据情况","0","2","2"
"行大规模祭","0","2","2"
"大规模祭祀","0","2","2"
"他们的军事","0","2","2"
"将来会后悔","0","2","2"
"他们的巢穴","0","2","2"
"事情成败的","0","2","2"
"为右一军总","0","2","2"
"宇文亮为右","0","2","2"
"王宇文俭为","0","2","2"
"恭为左二军","0","2","2"
"为左二军总","0","2","2"
"万步兵骑兵","0","2","2"
"据守千里径","0","2","2"
"骑兵一万据","0","2","2"
"率步骑兵五","0","2","2"
"步骑兵五千","0","2","2"
"骑兵五千据","0","2","2"
"兵五千据守","0","2","2"
"王宇文宪攻","0","2","2"
"都攻下来了","0","2","2"
"到晋州城下","0","2","2"
"王轨率军接","0","2","2"
"轨率军接应","0","2","2"
"都相继投降","0","2","2"
"没有不被摧","0","2","2"
"军攻打晋州","0","2","2"
"了二十多里","0","2","2"
"几十名骑兵","0","2","2"
"十名骑兵逃","0","2","2"
"丞相高阿那","0","2","2"
"相高阿那肱","0","2","2"
"北周军停驻","0","2","2"
"他为上柱国","0","2","2"
"军停驻并州","0","2","2"
"留下他的堂","0","2","2"
"下他的堂兄","0","2","2"
"他的堂兄安","0","2","2"
"的堂兄安德","0","2","2"
"堂兄安德王","0","2","2"
"兄安德王高","0","2","2"
"王高延宗据","0","2","2"
"高延宗据守","0","2","2"
"延宗据守并","0","2","2"
"宗据守并州","0","2","2"
"大概是为了","0","2","2"
"一次战斗就","0","2","2"
"百姓的心愿","0","2","2"
"贺拔伏恩为","0","2","2"
"苛刻的政令","0","2","2"
"可以称道的","0","2","2"
"同为上柱国","0","2","2"
"派大将军尉","0","2","2"
"为相州总管","0","2","2"
"有的是因为","0","2","2"
"因为功高而","0","2","2"
"表彰他们的","0","2","2"
"军讨伐平定","0","2","2"
"下令山东各","0","2","2"
"令山东各州","0","2","2"
"的嗜好欲望","0","2","2"
"还没有见到","0","2","2"
"在农闲的时","0","2","2"
"农闲的时候","0","2","2"
"虽然说是不","0","2","2"
"然说是不同","0","2","2"
"他们的后代","0","2","2"
"武帝前往邺","0","2","2"
"帝前往邺宫","0","2","2"
"领吴明彻侵","0","2","2"
"吴明彻侵犯","0","2","2"
"明彻侵犯吕","0","2","2"
"彻侵犯吕梁","0","2","2"
"定江陵之后","0","2","2"
"武器结伙抢","0","2","2"
"器结伙抢劫","0","2","2"
"十匹布以上","0","2","2"
"柱国越王宇","0","2","2"
"国越王宇文","0","2","2"
"领吴明彻等","0","2","2"
"吴明彻等人","0","2","2"
"俘虏斩杀三","0","2","2"
"虏斩杀三万","0","2","2"
"神举等人率","0","2","2"
"人生长在天","0","2","2"
"生长在天地","0","2","2"
"长在天地之","0","2","2"
"在天地之间","0","2","2"
"就好像自己","0","2","2"
"天下的事情","0","2","2"
"通行的典制","0","2","2"
"约束自己勉","0","2","2"
"束自己勉励","0","2","2"
"自己勉励心","0","2","2"
"己勉励心志","0","2","2"
"能决断大事","0","2","2"
"朝廷的政治","0","2","2"
"立为皇太子","0","2","2"
"太后为太皇","0","2","2"
"后为太皇太","0","2","2"
"国公宇文椿","0","2","2"
"燕国公于萛","0","2","2"
"尉迟迥起兵","0","2","2"
"宇文贽为大","0","2","2"
"宇文胄起兵","0","2","2"
"国公杨坚任","0","2","2"
"云阝州总管","0","2","2"
"因图谋执政","0","2","2"
"图谋执政被","0","2","2"
"谋执政被处","0","2","2"
"执政被处死","0","2","2"
"州辖区内的","0","2","2"
"首级传示京","0","2","2"
"级传示京师","0","2","2"
"成败的事迹","0","2","2"
"闵帝继位后","0","2","2"
"元皇后名叫","0","2","2"
"被立为王后","0","2","2"
"元皇后出家","0","2","2"
"元皇帝臣宇","0","2","2"
"皇帝臣宇文","0","2","2"
"帝臣宇文赞","0","2","2"
"捧玉玺绶册","0","2","2"
"恭敬地为天","0","2","2"
"皇太后献上","0","2","2"
"太后献上尊","0","2","2"
"后献上尊号","0","2","2"
"仍没有表达","0","2","2"
"没有表达出","0","2","2"
"帝尊她为太","0","2","2"
"恭敬地献上","0","2","2"
"终年五十三","0","2","2"
"尼姑的礼仪","0","2","2"
"宣帝作太子","0","2","2"
"帝作太子时","0","2","2"
"盛美的事业","0","2","2"
"皇后为皇太","0","2","2"
"后为皇太后","0","2","2"
"杨皇后的父","0","2","2"
"令有关官员","0","2","2"
"被宣帝疏远","0","2","2"
"被选入宫中","0","2","2"
"隆重的典章","0","2","2"
"美好的称号","0","2","2"
"敬地对待天","0","2","2"
"接受崇高的","0","2","2"
"受崇高的册","0","2","2"
"崇高的册封","0","2","2"
"以皇后父亲","0","2","2"
"后父亲的身","0","2","2"
"父亲的身份","0","2","2"
"叁元年七月","0","2","2"
"如此隆重的","0","2","2"
"升为上柱国","0","2","2"
"儿子西阳公","0","2","2"
"子西阳公宇","0","2","2"
"西阳公宇文","0","2","2"
"司马消难的","0","2","2"
"理各种政务","0","2","2"
"杞简公宇文","0","2","2"
"简公宇文连","0","2","2"
"追赶的骑兵","0","2","2"
"祖平定了秦","0","2","2"
"被追赠为大","0","2","2"
"追赠为大将","0","2","2"
"国公的爵位","0","2","2"
"有才能谋略","0","2","2"
"以晋公宇文","0","2","2"
"护的儿子宇","0","2","2"
"不久又任宗","0","2","2"
"久又任宗师","0","2","2"
"又任宗师中","0","2","2"
"被追上捉住","0","2","2"
"时喜欢学习","0","2","2"
"因为宇文护","0","2","2"
"平定江陵的","0","2","2"
"定江陵的功","0","2","2"
"江陵的功劳","0","2","2"
"被赐爵号为","0","2","2"
"拜任骠骑大","0","2","2"
"葛荣失败后","0","2","2"
"贺拔岳进入","0","2","2"
"封为饶阳县","0","2","2"
"为冠军将军","0","2","2"
"文帝即位后","0","2","2"
"谋立皇帝之","0","2","2"
"立皇帝之功","0","2","2"
"升为仪同三","0","2","2"
"率领所属军","0","2","2"
"领所属军队","0","2","2"
"军队攻击他","0","2","2"
"到大军失利","0","2","2"
"朝廷商议准","0","2","2"
"廷商议准备","0","2","2"
"监理他的丧","0","2","2"
"理他的丧事","0","2","2"
"朝廷商议认","0","2","2"
"廷商议认为","0","2","2"
"被封为永昌","0","2","2"
"封为永昌郡","0","2","2"
"为永昌郡公","0","2","2"
"封为天水郡","0","2","2"
"为天水郡公","0","2","2"
"出任塞业刺","0","2","2"
"任塞业刺史","0","2","2"
"召入任小司","0","2","2"
"以原来的官","0","2","2"
"来的官职镇","0","2","2"
"的官职镇守","0","2","2"
"百姓对他既","0","2","2"
"姓对他既敬","0","2","2"
"对他既敬畏","0","2","2"
"朝廷内外因","0","2","2"
"廷内外因此","0","2","2"
"因此都称赞","0","2","2"
"此都称赞他","0","2","2"
"因为晋公宇","0","2","2"
"为晋公宇文","0","2","2"
"宇文护没有","0","2","2"
"因为宇文广","0","2","2"
"他的母亲是","0","2","2"
"从前河间王","0","2","2"
"高祖平定邺","0","2","2"
"祖平定邺城","0","2","2"
"谁敢不听从","0","2","2"
"百名骑兵偷","0","2","2"
"名骑兵偷袭","0","2","2"
"韦孝宽追上","0","2","2"
"他没有儿子","0","2","2"
"诏书慰劳他","0","2","2"
"宇文宪攻陷","0","2","2"
"文宪攻陷武","0","2","2"
"宪攻陷武济","0","2","2"
"的还有他的","0","2","2"
"隋文帝即位","0","2","2"
"他的两个儿","0","2","2"
"个儿子宇文","0","2","2"
"年少时为人","0","2","2"
"就任命宇文","0","2","2"
"平定山东后","0","2","2"
"平时就听说","0","2","2"
"时就听说他","0","2","2"
"儿子宇文兴","0","2","2"
"承袭了他的","0","2","2"
"袭了他的爵","0","2","2"
"家族的名册","0","2","2"
"厚的礼节对","0","2","2"
"天和二年去","0","2","2"
"和二年去世","0","2","2"
"承袭他的爵","0","2","2"
"袭他的爵位","0","2","2"
"估量自己的","0","2","2"
"给各位儿子","0","2","2"
"这个孩子的","0","2","2"
"平定蜀地之","0","2","2"
"定蜀地之后","0","2","2"
"文护出兵束","0","2","2"
"护出兵束伐","0","2","2"
"达奚武率军","0","2","2"
"文宪亲自督","0","2","2"
"宪亲自督战","0","2","2"
"任命宇文宪","0","2","2"
"命宇文宪为","0","2","2"
"宇文宪渡过","0","2","2"
"为宇文宪的","0","2","2"
"的军用物资","0","2","2"
"的道路断绝","0","2","2"
"宇文宪派柱","0","2","2"
"文宪派柱国","0","2","2"
"攻下了齐国","0","2","2"
"下了齐国的","0","2","2"
"谭公宇文会","0","2","2"
"宇文宪命令","0","2","2"
"正好遇上太","0","2","2"
"冢宰目无君","0","2","2"
"是为了安定","0","2","2"
"于是命宇文","0","2","2"
"是命宇文宪","0","2","2"
"为宇文护所","0","2","2"
"的礼节相待","0","2","2"
"有十个儿子","0","2","2"
"各位皇弟的","0","2","2"
"宇文宪经常","0","2","2"
"宇文宪对他","0","2","2"
"是高祖的同","0","2","2"
"高祖的同母","0","2","2"
"祖的同母弟","0","2","2"
"的同母弟弟","0","2","2"
"杀掉宇文宪","0","2","2"
"献出自己的","0","2","2"
"时机的到来","0","2","2"
"将宇文宪的","0","2","2"
"命宇文宪率","0","2","2"
"高祖亲自围","0","2","2"
"祖亲自围攻","0","2","2"
"亲自围攻晋","0","2","2"
"军队无法前","0","2","2"
"队无法前进","0","2","2"
"一万人前往","0","2","2"
"自率领一千","0","2","2"
"他们的姓名","0","2","2"
"名精锐骑兵","0","2","2"
"高祖又命宇","0","2","2"
"祖又命宇文","0","2","2"
"又命宇文宪","0","2","2"
"你怎么可以","0","2","2"
"在草泽之中","0","2","2"
"是最好的计","0","2","2"
"最好的计策","0","2","2"
"在城南列阵","0","2","2"
"他的妻子儿","0","2","2"
"抚慰统御部","0","2","2"
"长驱直入齐","0","2","2"
"宇文招等人","0","2","2"
"人讨伐平定","0","2","2"
"认为自己的","0","2","2"
"宇文孝伯对","0","2","2"
"三公的职位","0","2","2"
"有六个儿子","0","2","2"
"为安定郡公","0","2","2"
"他跟随宇文","0","2","2"
"跟随宇文宪","0","2","2"
"宇文宪的功","0","2","2"
"国家的命运","0","2","2"
"又怎么能超","0","2","2"
"怎么能超过","0","2","2"
"代樊王宇文","0","2","2"
"樊王宇文达","0","2","2"
"滕闻王宇文","0","2","2"
"闻王宇文迪","0","2","2"
"作为他的继","0","2","2"
"为他的继嗣","0","2","2"
"率全州前来","0","2","2"
"与陈国将领","0","2","2"
"在沌口交战","0","2","2"
"被免除官职","0","2","2"
"诛杀宇文护","0","2","2"
"高祖就任命","0","2","2"
"关闭城门拒","0","2","2"
"闭城门拒守","0","2","2"
"改任大司马","0","2","2"
"北周大军向","0","2","2"
"周大军向东","0","2","2"
"大军向东讨","0","2","2"
"军向东讨伐","0","2","2"
"升任为上柱","0","2","2"
"任为上柱国","0","2","2"
"又任行军总","0","2","2"
"朝廷下诏指","0","2","2"
"廷下诏指定","0","2","2"
"辅佐朝政时","0","2","2"
"隋文帝将要","0","2","2"
"宇文迪等人","0","2","2"
"和他的儿子","0","2","2"
"王宇文宪一","0","2","2"
"宇文宪一起","0","2","2"
"文宪一起征","0","2","2"
"宪一起征讨","0","2","2"
"到突厥迎接","0","2","2"
"宜阳等九座","0","2","2"
"阳等九座城","0","2","2"
"到京师朝拜","0","2","2"
"帝独揽朝政","0","2","2"
"大军又向东","0","2","2"
"宇文盛率领","0","2","2"
"朝廷下诏命","0","2","2"
"廷下诏命宇","0","2","2"
"朝廷下韶指","0","2","2"
"廷下韶指定","0","2","2"
"他处理事情","0","2","2"
"等人一同被","0","2","2"
"人一同被害","0","2","2"
"年少时喜爱","0","2","2"
"在世上流传","0","2","2"
"有三个儿子","0","2","2"
"毕剌王宇文","0","2","2"
"剌王宇文贤","0","2","2"
"邺王宇文衍","0","2","2"
"治理好天下","0","2","2"
"不同的地方","0","2","2"
"根据不同的","0","2","2"
"处理政务的","0","2","2"
"魏献文帝时","0","2","2"
"为北部边境","0","2","2"
"边境的祸患","0","2","2"
"少年时就有","0","2","2"
"就有志向操","0","2","2"
"在北部边境","0","2","2"
"由于贺拔胜","0","2","2"
"人打开城门","0","2","2"
"贺拔胜驰马","0","2","2"
"杀死卫可孤","0","2","2"
"命令贺拔胜","0","2","2"
"的才能谋略","0","2","2"
"六汗拔陵包","0","2","2"
"汗拔陵包围","0","2","2"
"贺拔胜于是","0","2","2"
"贺拔胜常常","0","2","2"
"兄长贺拔允","0","2","2"
"贺拔胜答道","0","2","2"
"五千人镇守","0","2","2"
"任直阁将军","0","2","2"
"任命贺拔胜","0","2","2"
"命贺拔胜为","0","2","2"
"梁国将领陈","0","2","2"
"随尔朱世隆","0","2","2"
"以原有官职","0","2","2"
"率领一千名","0","2","2"
"领一千名骑","0","2","2"
"讨伐尔朱仲","0","2","2"
"伐尔朱仲远","0","2","2"
"向尔朱仲远","0","2","2"
"尔朱仲远投","0","2","2"
"朱仲远投降","0","2","2"
"被任命为镇","0","2","2"
"历数他的罪","0","2","2"
"数他的罪过","0","2","2"
"尔朱世隆等","0","2","2"
"尔朱度律的","0","2","2"
"朱度律的军","0","2","2"
"度律的军队","0","2","2"
"等人率军十","0","2","2"
"尔朱兆率领","0","2","2"
"率领部下投","0","2","2"
"领部下投降","0","2","2"
"孝武帝打算","0","2","2"
"贺拔胜之弟","0","2","2"
"拔胜之弟贺","0","2","2"
"胜之弟贺拔","0","2","2"
"之弟贺拔岳","0","2","2"
"在函谷关以","0","2","2"
"俘虏带甲士","0","2","2"
"虏带甲士兵","0","2","2"
"诏命贺拔胜","0","2","2"
"命贺拔胜领","0","2","2"
"拔胜领兵赶","0","2","2"
"胜领兵赶赴","0","2","2"
"领兵赶赴洛","0","2","2"
"皇帝已经西","0","2","2"
"齐神武已经","0","2","2"
"州中百姓邓","0","2","2"
"中百姓邓诞","0","2","2"
"部下数百名","0","2","2"
"下数百名骑","0","2","2"
"帝待他十分","0","2","2"
"待他十分丰","0","2","2"
"他十分丰厚","0","2","2"
"讨伐齐神武","0","2","2"
"朝廷嘉许他","0","2","2"
"来跟随太祖","0","2","2"
"随太祖在小","0","2","2"
"太祖在小关","0","2","2"
"太祖命令贺","0","2","2"
"后来齐神武","0","2","2"
"都督身份跟","0","2","2"
"督身份跟随","0","2","2"
"身份跟随太","0","2","2"
"在汾水以北","0","2","2"
"又参与邙山","0","2","2"
"参与邙山之","0","2","2"
"与邙山之战","0","2","2"
"箭射中而死","0","2","2"
"在职位上去","0","2","2"
"一箭就射中","0","2","2"
"配祭太祖庙","0","2","2"
"祭太祖庙庭","0","2","2"
"魏孝武帝时","0","2","2"
"有远大志向","0","2","2"
"驰马左右射","0","2","2"
"马左右射箭","0","2","2"
"杀掉卫可孤","0","2","2"
"任命贺拔岳","0","2","2"
"兄长贺拔胜","0","2","2"
"贺拔胜一起","0","2","2"
"何往而不胜","0","2","2"
"尔朱荣杀害","0","2","2"
"部下的都督","0","2","2"
"边的人都说","0","2","2"
"用什么计策","0","2","2"
"为右大都督","0","2","2"
"与贺拔岳都","0","2","2"
"担任尔朱天","0","2","2"
"任尔朱天光","0","2","2"
"军队驻扎在","0","2","2"
"驻扎在潼关","0","2","2"
"强大的敌人","0","2","2"
"向武功推进","0","2","2"
"尔朱天光派","0","2","2"
"尉迟菩萨率","0","2","2"
"贺拔岳率轻","0","2","2"
"拔岳率轻装","0","2","2"
"岳率轻装骑","0","2","2"
"与尉迟菩萨","0","2","2"
"当时天色已","0","2","2"
"时天色已晚","0","2","2"
"地形埋伏下","0","2","2"
"冲在士兵前","0","2","2"
"在士兵前面","0","2","2"
"俘虏三千人","0","2","2"
"兵一万余人","0","2","2"
"在险要之处","0","2","2"
"伏侯元进的","0","2","2"
"贺拔岳没有","0","2","2"
"万俟道洛出","0","2","2"
"俟道洛出城","0","2","2"
"车骑将军衔","0","2","2"
"增至三千户","0","2","2"
"活捉尔朱天","0","2","2"
"捉尔朱天光","0","2","2"
"尔朱天光之","0","2","2"
"朱天光之弟","0","2","2"
"天光之弟尔","0","2","2"
"光之弟尔朱","0","2","2"
"之弟尔朱显","0","2","2"
"贺拔岳兄弟","0","2","2"
"连绵数十里","0","2","2"
"命令侯莫陈","0","2","2"
"侯莫陈悦担","0","2","2"
"莫陈悦担任","0","2","2"
"是侯莫陈悦","0","2","2"
"侯莫陈悦于","0","2","2"
"莫陈悦于是","0","2","2"
"年时跟随父","0","2","2"
"时跟随父亲","0","2","2"
"引荐他担任","0","2","2"
"天光西征时","0","2","2"
"贺拔岳的部","0","2","2"
"没有不服从","0","2","2"
"有不服从的","0","2","2"
"广泛涉猎经","0","2","2"
"泛涉猎经书","0","2","2"
"为殿中尚书","0","2","2"
"打算讨伐齐","0","2","2"
"他们这样做","0","2","2"
"们这样做的","0","2","2"
"也是一时的","0","2","2"
"在和平年间","0","2","2"
"身份镇守武","0","2","2"
"因此在那裹","0","2","2"
"此在那裹安","0","2","2"
"拔岳西征时","0","2","2"
"攻破赤水蜀","0","2","2"
"拜为中坚将","0","2","2"
"又跟从贺拔","0","2","2"
"领尉迟菩萨","0","2","2"
"擒获万俟丑","0","2","2"
"获万俟丑奴","0","2","2"
"都立有功劳","0","2","2"
"在各位将领","0","2","2"
"各位将领中","0","2","2"
"保全了军队","0","2","2"
"自认为没有","0","2","2"
"就坚决推辞","0","2","2"
"和赵贵等人","0","2","2"
"赵贵等人商","0","2","2"
"贵等人商议","0","2","2"
"商议迎接太","0","2","2"
"兼并他的部","0","2","2"
"早就建立了","0","2","2"
"他出任华州","0","2","2"
"孤信收复洛","0","2","2"
"信收复洛阳","0","2","2"
"跟随太祖与","0","2","2"
"太祖与束魏","0","2","2"
"祖与束魏在","0","2","2"
"魏在河桥作","0","2","2"
"军队返回后","0","2","2"
"死在镇守任","0","2","2"
"在镇守任上","0","2","2"
"官至上柱国","0","2","2"
"任太中大夫","0","2","2"
"远大的志向","0","2","2"
"拔岳讨伐万","0","2","2"
"岳讨伐万俟","0","2","2"
"讨伐万俟丑","0","2","2"
"伐万俟丑奴","0","2","2"
"都击败了他","0","2","2"
"任南秦州刺","0","2","2"
"军队停驻在","0","2","2"
"被拜为秦州","0","2","2"
"拜为秦州刺","0","2","2"
"升任仪同三","0","2","2"
"久又升任骠","0","2","2"
"和齐神武在","0","2","2"
"以为是大军","0","2","2"
"俘虏了他的","0","2","2"
"了莫多娄贷","0","2","2"
"将他的首级","0","2","2"
"齐神武在河","0","2","2"
"神武在河桥","0","2","2"
"武在河桥作","0","2","2"
"六官制度建","0","2","2"
"官制度建立","0","2","2"
"制度建立时","0","2","2"
"终年六十四","0","2","2"
"将他配祭在","0","2","2"
"他配祭在太","0","2","2"
"安长公主为","0","2","2"
"为李弼的继","0","2","2"
"李弼的继嗣","0","2","2"
"供给他医药","0","2","2"
"有文武才能","0","2","2"
"尔朱荣打败","0","2","2"
"侍奉尔朱荣","0","2","2"
"从梁国入据","0","2","2"
"同齐神武在","0","2","2"
"为晋阳县子","0","2","2"
"任太祖帐内","0","2","2"
"食邑四百产","0","2","2"
"跟随宇文贵","0","2","2"
"魏将领任祥","0","2","2"
"拜为车骑大","0","2","2"
"仪同三司．","0","2","2"
"功劳为最大","0","2","2"
"至二千一百","0","2","2"
"是北魏怀荒","0","2","2"
"北魏怀荒镇","0","2","2"
"读过一点经","0","2","2"
"过一点经史","0","2","2"
"是辅佐帝王","0","2","2"
"佐帝王的人","0","2","2"
"帝王的人才","0","2","2"
"所有的谋议","0","2","2"
"对广阳王说","0","2","2"
"乜列河的部","0","2","2"
"列河的部众","0","2","2"
"为积射将军","0","2","2"
"我知道这个","0","2","2"
"知道这个人","0","2","2"
"将领曹义宗","0","2","2"
"朱天光打败","0","2","2"
"天光打败万","0","2","2"
"光打败万俟","0","2","2"
"为石城县伯","0","2","2"
"他跟随尔朱","0","2","2"
"尔朱天光战","0","2","2"
"朱天光战败","0","2","2"
"天光战败后","0","2","2"
"晋文公那样","0","2","2"
"文公那样的","0","2","2"
"跟随太祖出","0","2","2"
"随太祖出征","0","2","2"
"太祖出征潼","0","2","2"
"祖出征潼关","0","2","2"
"攻下回洛城","0","2","2"
"为蓝田县公","0","2","2"
"占据杨氏壁","0","2","2"
"讨伐擒获了","0","2","2"
"伐擒获了他","0","2","2"
"束魏将领高","0","2","2"
"又随太祖在","0","2","2"
"武的军队就","0","2","2"
"封他的一个","0","2","2"
"又认为我们","0","2","2"
"立萧察为梁","0","2","2"
"萧察为梁主","0","2","2"
"亲自到他的","0","2","2"
"到太祖去世","0","2","2"
"接受了太祖","0","2","2"
"名望地位向","0","2","2"
"望地位向来","0","2","2"
"王公大臣们","0","2","2"
"今天的事情","0","2","2"
"们这些人就","0","2","2"
"伐吐谷浑时","0","2","2"
"于谨因年老","0","2","2"
"选择好日子","0","2","2"
"没有什么才","0","2","2"
"有什么才能","0","2","2"
"论事情大小","0","2","2"
"希望陛下慎","0","2","2"
"望陛下慎重","0","2","2"
"公宇文护出","0","2","2"
"年七十六岁","0","2","2"
"亲自前往吊","0","2","2"
"自前往吊唁","0","2","2"
"但他更加谦","0","2","2"
"受到的礼遇","0","2","2"
"因为前后的","0","2","2"
"为前后的功","0","2","2"
"封为万年县","0","2","2"
"为万年县子","0","2","2"
"食邑五百产","0","2","2"
"改任太子右","0","2","2"
"任太子右卫","0","2","2"
"在坐山作战","0","2","2"
"任渭州刺史","0","2","2"
"给他奴婢一","0","2","2"
"他奴婢一百","0","2","2"
"又升任大将","0","2","2"
"入朝为小司","0","2","2"
"郝三郎等人","0","2","2"
"任延州刺史","0","2","2"
"因罪被罢免","0","2","2"
"不久又恢复","0","2","2"
"祖的女儿为","0","2","2"
"不久任柱国","0","2","2"
"天下的谋略","0","2","2"
"以家世清白","0","2","2"
"又跟随贺拔","0","2","2"
"认为他很有","0","2","2"
"了他的请求","0","2","2"
"收殓贺拔岳","0","2","2"
"命赵贵为大","0","2","2"
"赵贵为大都","0","2","2"
"贵为大都督","0","2","2"
"悦被平定以","0","2","2"
"被平定以后","0","2","2"
"等人率军征","0","2","2"
"人率军征讨","0","2","2"
"魏孝武帝已","0","2","2"
"孝武帝已经","0","2","2"
"武帝已经西","0","2","2"
"食邑增至千","0","2","2"
"不久恢复官","0","2","2"
"是部落首领","0","2","2"
"把家安在那","0","2","2"
"家安在那里","0","2","2"
"任领民酋长","0","2","2"
"任新野郡守","0","2","2"
"有名声政绩","0","2","2"
"为卫大将军","0","2","2"
"步兵骑兵三","0","2","2"
"打败田八能","0","2","2"
"独孤信乘胜","0","2","2"
"独孤信乘机","0","2","2"
"来得及关上","0","2","2"
"住在太行山","0","2","2"
"在太行山以","0","2","2"
"帝认为他很","0","2","2"
"自己的行为","0","2","2"
"魏文帝下诏","0","2","2"
"从太祖收复","0","2","2"
"独孤信与李","0","2","2"
"太祖命令独","0","2","2"
"祖命令独孤","0","2","2"
"诏令独孤信","0","2","2"
"邙山之战时","0","2","2"
"齐神武追击","0","2","2"
"神武追击的","0","2","2"
"武追击的骑","0","2","2"
"宇文仲和占","0","2","2"
"文仲和占据","0","2","2"
"仲和占据州","0","2","2"
"和占据州城","0","2","2"
"占据州城不","0","2","2"
"令独孤信率","0","2","2"
"独孤信命令","0","2","2"
"升柱国大将","0","2","2"
"次子独孤善","0","2","2"
"太祖不答应","0","2","2"
"亲服满三年","0","2","2"
"独孤信之父","0","2","2"
"孤信之父库","0","2","2"
"信之父库者","0","2","2"
"之父库者为","0","2","2"
"独孤信之母","0","2","2"
"孤信之母费","0","2","2"
"信之母费连","0","2","2"
"之母费连氏","0","2","2"
"母费连氏为","0","2","2"
"当时独孤信","0","2","2"
"被任命为龙","0","2","2"
"任命为龙州","0","2","2"
"命为龙州刺","0","2","2"
"为龙州刺史","0","2","2"
"政简切仁惠","0","2","2"
"上柱国以及","0","2","2"
"追封赵国公","0","2","2"
"侯莫陈崇与","0","2","2"
"没有人敢于","0","2","2"
"陈悦杀害后","0","2","2"
"派侯莫陈崇","0","2","2"
"活捉了史归","0","2","2"
"代理原州政","0","2","2"
"任宁州刺史","0","2","2"
"任命为大司","0","2","2"
"宇文护派人","0","2","2"
"侯莫陈崇的","0","2","2"
"平定并州后","0","2","2"
"之弟侯莫陈","0","2","2"
"出任郢州刺","0","2","2"
"兄长侯莫陈","0","2","2"
"长侯莫陈崇","0","2","2"
"太祖活捉窦","0","2","2"
"祖活捉窦泰","0","2","2"
"建立六官后","0","2","2"
"授工部中大","0","2","2"
"升开府仪同","0","2","2"
"任丹州刺史","0","2","2"
"入朝任司会","0","2","2"
"自大统十六","0","2","2"
"统十六年以","0","2","2"
"十六年以前","0","2","2"
"二名大将军","0","2","2"
"祖先是安定","0","2","2"
"先是安定人","0","2","2"
"他的高祖叫","0","2","2"
"和各位将领","0","2","2"
"一起商议拥","0","2","2"
"起商议拥戴","0","2","2"
"太祖征讨侯","0","2","2"
"祖征讨侯莫","0","2","2"
"太祖平定秦","0","2","2"
"暗中了解到","0","2","2"
"为广平郡公","0","2","2"
"出任束雍州","0","2","2"
"任束雍州刺","0","2","2"
"命梁睿为行","0","2","2"
"深征讨葛荣","0","2","2"
"为冀州刺史","0","2","2"
"随贺拔岳西","0","2","2"
"解除了岐州","0","2","2"
"除了岐州之","0","2","2"
"魏孝武帝往","0","2","2"
"晋爵为魏昌","0","2","2"
"爵为魏昌县","0","2","2"
"为魏昌县伯","0","2","2"
"跟随太祖擒","0","2","2"
"随太祖擒获","0","2","2"
"常常率先冲","0","2","2"
"常率先冲锋","0","2","2"
"为长乐郡公","0","2","2"
"增至二千二","0","2","2"
"至二千二百","0","2","2"
"打败了齐神","0","2","2"
"败了齐神武","0","2","2"
"豫州前来归","0","2","2"
"前来归附时","0","2","2"
"大败齐神武","0","2","2"
"军作战失利","0","2","2"
"对身边的人","0","2","2"
"认为他很勇","0","2","2"
"为他很勇敢","0","2","2"
"什么时候能","0","2","2"
"出任洛州刺","0","2","2"
"拔岳征讨万","0","2","2"
"岳征讨万俟","0","2","2"
"征讨万俟丑","0","2","2"
"怡峰和赵贵","0","2","2"
"晋升为伯爵","0","2","2"
"替侯莫陈悦","0","2","2"
"跟从太祖攻","0","2","2"
"改任大都督","0","2","2"
"为乐陵郡公","0","2","2"
"骑兵一万多","0","2","2"
"和于谨讨伐","0","2","2"
"随太祖解除","0","2","2"
"时就有名声","0","2","2"
"魏大统年间","0","2","2"
"因为刘亮的","0","2","2"
"为刘亮的功","0","2","2"
"以都督的身","0","2","2"
"二十名骑兵","0","2","2"
"不知如何是","0","2","2"
"知如何是好","0","2","2"
"力作战立下","0","2","2"
"因哀伤过度","0","2","2"
"哀伤过度而","0","2","2"
"伤过度而消","0","2","2"
"过度而消瘦","0","2","2"
"年少时善于","0","2","2"
"少时善于骑","0","2","2"
"时善于骑马","0","2","2"
"授讨夷将军","0","2","2"
"常跟随太祖","0","2","2"
"次立下战功","0","2","2"
"太祖在沙苑","0","2","2"
"在沙苑打败","0","2","2"
"为河间郡公","0","2","2"
"增至二千七","0","2","2"
"至二千七百","0","2","2"
"任命他为河","0","2","2"
"命他为河州","0","2","2"
"他为河州刺","0","2","2"
"的儿子王庆","0","2","2"
"王罢的性格","0","2","2"
"有人对他说","0","2","2"
"曹义宗率军","0","2","2"
"齐神武帝派","0","2","2"
"神武帝派遣","0","2","2"
"齐神武帝的","0","2","2"
"为什么不早","0","2","2"
"大声呼叫说","0","2","2"
"将他们击败","0","2","2"
"被授任直合","0","2","2"
"小就聪明机","0","2","2"
"任太子舍人","0","2","2"
"队讨伐他们","0","2","2"
"魏孝武帝还","0","2","2"
"帝还是藩王","0","2","2"
"认为王思政","0","2","2"
"授任他为中","0","2","2"
"总领宿卫兵","0","2","2"
"有什么顾虑","0","2","2"
"自己认为不","0","2","2"
"己认为不是","0","2","2"
"太祖曾经在","0","2","2"
"人归附朝廷","0","2","2"
"从独孤信攻","0","2","2"
"和独孤信一","0","2","2"
"独孤信一起","0","2","2"
"也受了重伤","0","2","2"
"为并州刺史","0","2","2"
"思政镇守弘","0","2","2"
"政镇守弘农","0","2","2"
"防守抵御的","0","2","2"
"步兵骑兵十","0","2","2"
"于是率领步","0","2","2"
"是率领步兵","0","2","2"
"有这样的话","0","2","2"
"气慷慨激昂","0","2","2"
"不经营私人","0","2","2"
"建功立业之","0","2","2"
"时意气风发","0","2","2"
"垣环水抱的","0","2","2"
"环水抱的险","0","2","2"
"年轻的时候","0","2","2"
"任命达奚武","0","2","2"
"命达奚武为","0","2","2"
"辅佐拥戴太","0","2","2"
"佐拥戴太祖","0","2","2"
"改任大丞相","0","2","2"
"派遣达奚武","0","2","2"
"有不遵守法","0","2","2"
"了解敌军的","0","2","2"
"解敌军的情","0","2","2"
"奚武率领一","0","2","2"
"出任北雍州","0","2","2"
"任北雍州刺","0","2","2"
"奚武率领军","0","2","2"
"武率领军队","0","2","2"
"令达奚武率","0","2","2"
"陵王萧纪派","0","2","2"
"据守城池不","0","2","2"
"军队班师回","0","2","2"
"达奚武为柱","0","2","2"
"奚武为柱国","0","2","2"
"推辞不肯接","0","2","2"
"辞不肯接受","0","2","2"
"将军的身份","0","2","2"
"跟从晋公宇","0","2","2"
"从晋公宇文","0","2","2"
"天下没有平","0","2","2"
"下没有平定","0","2","2"
"因为达奚武","0","2","2"
"赠他为太傅","0","2","2"
"授任员外散","0","2","2"
"渭水北岸打","0","2","2"
"水北岸打猎","0","2","2"
"跟随高祖东","0","2","2"
"随高祖东征","0","2","2"
"骑兵一万人","0","2","2"
"朝廷赐给他","0","2","2"
"贵的玩赏物","0","2","2"
"授任大宗伯","0","2","2"
"出任原州总","0","2","2"
"任原州总管","0","2","2"
"任益州刺史","0","2","2"
"贺拔胜镇守","0","2","2"
"的弟弟侯莫","0","2","2"
"弟弟侯莫陈","0","2","2"
"弟侯莫陈崇","0","2","2"
"见他很高兴","0","2","2"
"为彭城郡公","0","2","2"
"莫陈顺为大","0","2","2"
"陈顺为大都","0","2","2"
"顺为大都督","0","2","2"
"讨伐并打败","0","2","2"
"跟随太祖攻","0","2","2"
"侯莫陈顺的","0","2","2"
"就解下所佩","0","2","2"
"当时侯莫陈","0","2","2"
"加任骠骑大","0","2","2"
"年轻时勇猛","0","2","2"
"万俟丑奴的","0","2","2"
"升爵位为侯","0","2","2"
"增加封地五","0","2","2"
"加封地五百","0","2","2"
"兼任大都督","0","2","2"
"不久升任车","0","2","2"
"久升任车骑","0","2","2"
"加任散骑常","0","2","2"
"谨在上郡打","0","2","2"
"在上郡打败","0","2","2"
"增加封地四","0","2","2"
"加封地四百","0","2","2"
"郑五丑等人","0","2","2"
"为武阳郡公","0","2","2"
"遣他的部将","0","2","2"
"指挥各路军","0","2","2"
"取那裹的租","0","2","2"
"那裹的租税","0","2","2"
"承袭了爵位","0","2","2"
"年轻时历任","0","2","2"
"轻时历任显","0","2","2"
"次升迁任开","0","2","2"
"升迁任开府","0","2","2"
"迁任开府仪","0","2","2"
"升爵位为武","0","2","2"
"授任龙骧将","0","2","2"
"加任通直散","0","2","2"
"率领骑兵五","0","2","2"
"改封爵位为","0","2","2"
"召入任司会","0","2","2"
"应他的请求","0","2","2"
"增加封地合","0","2","2"
"加封地合并","0","2","2"
"终年四十八","0","2","2"
"年四十八岁","0","2","2"
"赠他为少保","0","2","2"
"的显著功勋","0","2","2"
"军中将士都","0","2","2"
"都佩服他的","0","2","2"
"宇文贵每次","0","2","2"
"文贵每次都","0","2","2"
"为武骑常侍","0","2","2"
"宇文贵率领","0","2","2"
"朝廷加任他","0","2","2"
"廷加任他为","0","2","2"
"任他为征虏","0","2","2"
"他为征虏将","0","2","2"
"授任郢州刺","0","2","2"
"太祖又因为","0","2","2"
"束魏颖州长","0","2","2"
"魏颖州长史","0","2","2"
"兵骑兵二千","0","2","2"
"不是他们的","0","2","2"
"宇文贵的战","0","2","2"
"拿着短兵器","0","2","2"
"第二天早上","0","2","2"
"俘获和杀死","0","2","2"
"提升官位为","0","2","2"
"位为大将军","0","2","2"
"羌族首领傍","0","2","2"
"族首领傍乞","0","2","2"
"首领傍乞铁","0","2","2"
"领傍乞铁忽","0","2","2"
"渭州人郑五","0","2","2"
"州人郑五丑","0","2","2"
"傍乞铁忽及","0","2","2"
"乞铁忽及郑","0","2","2"
"铁忽及郑五","0","2","2"
"忽及郑五丑","0","2","2"
"皇上下韶令","0","2","2"
"代替尉迟迥","0","2","2"
"的官位为柱","0","2","2"
"官位为柱国","0","2","2"
"大军回师以","0","2","2"
"军回师以后","0","2","2"
"后来又升任","0","2","2"
"又升任大司","0","2","2"
"升任大司空","0","2","2"
"出使突厥迎","0","2","2"
"位为上柱国","0","2","2"
"父亲的军功","0","2","2"
"亲的军功被","0","2","2"
"的军功被朝","0","2","2"
"朝廷赐予爵","0","2","2"
"廷赐予爵位","0","2","2"
"逐渐升任御","0","2","2"
"迁任大将军","0","2","2"
"因为杨忠的","0","2","2"
"为杨忠的功","0","2","2"
"被朝廷追赠","0","2","2"
"独孤信在洛","0","2","2"
"孤信在洛阳","0","2","2"
"帝往西迁移","0","2","2"
"朝廷任命杨","0","2","2"
"廷任命杨忠","0","2","2"
"为安西将军","0","2","2"
"任他为征西","0","2","2"
"他为征西将","0","2","2"
"于是授任扰","0","2","2"
"是授任扰盅","0","2","2"
"太祖命令大","0","2","2"
"祖命令大都","0","2","2"
"命令大都督","0","2","2"
"柳仲礼来到","0","2","2"
"把它攻下来","0","2","2"
"不能一下子","0","2","2"
"被进封爵位","0","2","2"
"太祖就派遣","0","2","2"
"兼摄同州的","0","2","2"
"摄同州的官","0","2","2"
"同州的官职","0","2","2"
"被召入任小","0","2","2"
"达奚武前去","0","2","2"
"率领三千骑","0","2","2"
"领三千骑兵","0","2","2"
"不在于人多","0","2","2"
"突厥木汗可","0","2","2"
"厥木汗可汗","0","2","2"
"率领十万骑","0","2","2"
"领十万骑兵","0","2","2"
"公宇文护认","0","2","2"
"宇文护认为","0","2","2"
"军粮已经很","0","2","2"
"粮已经很少","0","2","2"
"政绩值得称","0","2","2"
"因为生病回","0","2","2"
"年六十二岁","0","2","2"
"令他的儿子","0","2","2"
"授任王雄为","0","2","2"
"加封地二百","0","2","2"
"加任骠骑将","0","2","2"
"授任仪同三","0","2","2"
"位提升为大","0","2","2"
"率领军队出","0","2","2"
"朝廷又命令","0","2","2"
"封地二千户","0","2","2"
"到斛律明月","0","2","2"
"父亲的爵位","0","2","2"
"任伏波将军","0","2","2"
"清白人家子","0","2","2"
"白人家子弟","0","2","2"
"人家子弟的","0","2","2"
"家子弟的身","0","2","2"
"子弟的身份","0","2","2"
"弟的身份镇","0","2","2"
"廷授任王盟","0","2","2"
"授任王盟为","0","2","2"
"跟从萧宝夤","0","2","2"
"从萧宝夤西","0","2","2"
"后来萧宝夤","0","2","2"
"进关的时候","0","2","2"
"授任他为征","0","2","2"
"孝武帝到了","0","2","2"
"武帝到了长","0","2","2"
"帝到了长安","0","2","2"
"大都督的身","0","2","2"
"来的一共两","0","2","2"
"的一共两千","0","2","2"
"魏文帝对他","0","2","2"
"文帝对他十","0","2","2"
"帝对他十分","0","2","2"
"廷追赠他原","0","2","2"
"追赠他原任","0","2","2"
"赠他原任官","0","2","2"
"他原任官职","0","2","2"
"祖曾经对他","0","2","2"
"为扬烈将军","0","2","2"
"的身份兼任","0","2","2"
"根据前后功","0","2","2"
"据前后功劳","0","2","2"
"宫中值宿警","0","2","2"
"中值宿警卫","0","2","2"
"高祖对他十","0","2","2"
"祖对他十分","0","2","2"
"对他十分亲","0","2","2"
"历任显要的","0","2","2"
"任显要的官","0","2","2"
"显要的官职","0","2","2"
"部落的首领","0","2","2"
"特别被太祖","0","2","2"
"贺兰祥虽然","0","2","2"
"担任奉朝请","0","2","2"
"封地五百产","0","2","2"
"书命令贺兰","0","2","2"
"不久授任他","0","2","2"
"加任使持节","0","2","2"
"珍贵奇异的","0","2","2"
"于是命令贺","0","2","2"
"公字文护执","0","2","2"
"字文护执政","0","2","2"
"统军治国的","0","2","2"
"废黜孝闵帝","0","2","2"
"出谋划策的","0","2","2"
"能转祸为福","0","2","2"
"年轻时就历","0","2","2"
"轻时就历任","0","2","2"
"历任显要职","0","2","2"
"任显要职位","0","2","2"
"追赠他为上","0","2","2"
"为上大将军","0","2","2"
"哥哥尉迟迥","0","2","2"
"后来因为迎","0","2","2"
"为殿中将军","0","2","2"
"尉迟纲跟从","0","2","2"
"迟纲跟从太","0","2","2"
"纲跟从太祖","0","2","2"
"尉迟纲受任","0","2","2"
"兼任领军将","0","2","2"
"任命尉迟纲","0","2","2"
"命尉迟纲为","0","2","2"
"不久皇帝被","0","2","2"
"久皇帝被废","0","2","2"
"的哥哥尉迟","0","2","2"
"赏赐给尉迟","0","2","2"
"曾经跟随太","0","2","2"
"经跟随太祖","0","2","2"
"大军回师后","0","2","2"
"个儿子为县","0","2","2"
"的弟弟尉迟","0","2","2"
"任青州总管","0","2","2"
"叱列伏龟任","0","2","2"
"务委任给他","0","2","2"
"太祖因为他","0","2","2"
"庄重的样子","0","2","2"
"神武起兵进","0","2","2"
"太祖当即授","0","2","2"
"祖当即授任","0","2","2"
"又被召入任","0","2","2"
"作为自己的","0","2","2"
"人们都因此","0","2","2"
"时聪明机敏","0","2","2"
"有远大抱负","0","2","2"
"对他十分信","0","2","2"
"他十分信任","0","2","2"
"元帝十分害","0","2","2"
"帝十分害怕","0","2","2"
"祖认为他的","0","2","2"
"于是命令尉","0","2","2"
"是命令尉迟","0","2","2"
"命令尉迟迥","0","2","2"
"听说尉迟迥","0","2","2"
"兵将其击败","0","2","2"
"以安慰其母","0","2","2"
"碑歌颂他的","0","2","2"
"尉迟迥之子","0","2","2"
"韦孝宽代替","0","2","2"
"隋文帝又派","0","2","2"
"以平庸之才","0","2","2"
"的儿子尉迟","0","2","2"
"韦孝宽为元","0","2","2"
"孝宽为元帅","0","2","2"
"于父亲的功","0","2","2"
"官至骠骑大","0","2","2"
"至骠骑大将","0","2","2"
"公宇文护东","0","2","2"
"宇文护东征","0","2","2"
"随皇太子讨","0","2","2"
"悄悄派使者","0","2","2"
"知道这件事","0","2","2"
"本来就没有","0","2","2"
"所任用的人","0","2","2"
"是齐神武的","0","2","2"
"最初担任著","0","2","2"
"初担任著作","0","2","2"
"任北豫州刺","0","2","2"
"更加昏庸暴","0","2","2"
"加昏庸暴虐","0","2","2"
"司马消难害","0","2","2"
"马消难害怕","0","2","2"
"从小路入函","0","2","2"
"小路入函谷","0","2","2"
"路入函谷关","0","2","2"
"公宇文护派","0","2","2"
"司马消难听","0","2","2"
"马消难听说","0","2","2"
"令襄州总管","0","2","2"
"隋文帝待他","0","2","2"
"自幼就有志","0","2","2"
"幼就有志向","0","2","2"
"有志向操守","0","2","2"
"任瀛州刺史","0","2","2"
"周惠达答道","0","2","2"
"萧宝夤失败","0","2","2"
"宝夤失败后","0","2","2"
"留下周惠达","0","2","2"
"拔岳任关中","0","2","2"
"为从事中郎","0","2","2"
"以有病推辞","0","2","2"
"太祖对周惠","0","2","2"
"祖对周惠达","0","2","2"
"才能不如古","0","2","2"
"能不如古人","0","2","2"
"食邑增至九","0","2","2"
"邑增至九百","0","2","2"
"增至九百户","0","2","2"
"是你的功劳","0","2","2"
"任命冯景为","0","2","2"
"武帝西迁的","0","2","2"
"为高阳县伯","0","2","2"
"升任散骑常","0","2","2"
"杨宽从小就","0","2","2"
"授行台郎中","0","2","2"
"在自己家里","0","2","2"
"孝庄帝登基","0","2","2"
"有什么怀疑","0","2","2"
"又担任都督","0","2","2"
"臣子的道理","0","2","2"
"为什么如此","0","2","2"
"等人率领部","0","2","2"
"之间的交情","0","2","2"
"与齐神武不","0","2","2"
"齐神武不和","0","2","2"
"阁内大都督","0","2","2"
"跟随孝武帝","0","2","2"
"孝武帝入函","0","2","2"
"武帝入函谷","0","2","2"
"帝入函谷关","0","2","2"
"兼任吏部尚","0","2","2"
"跟随大将军","0","2","2"
"达奚武命令","0","2","2"
"兰愿德等人","0","2","2"
"有器量见识","0","2","2"
"有两个哥哥","0","2","2"
"北魏永安年","0","2","2"
"升任员外散","0","2","2"
"授任散骑常","0","2","2"
"他的五世祖","0","2","2"
"父亲柳僧习","0","2","2"
"的几个儿子","0","2","2"
"召出来任奉","0","2","2"
"出来任奉朝","0","2","2"
"来任奉朝请","0","2","2"
"任命柳庆为","0","2","2"
"柳庆回答说","0","2","2"
"帝完全采纳","0","2","2"
"因为母亲年","0","2","2"
"为母亲年老","0","2","2"
"相府束合祭","0","2","2"
"府束合祭酒","0","2","2"
"任户曹参军","0","2","2"
"升任大行台","0","2","2"
"柳庆任尚书","0","2","2"
"改变自己的","0","2","2"
"三十六曹改","0","2","2"
"十六曹改为","0","2","2"
"六曹改为十","0","2","2"
"曹改为十二","0","2","2"
"改为十二部","0","2","2"
"没有谁知道","0","2","2"
"是乌合之众","0","2","2"
"任尚书右丞","0","2","2"
"但始终没有","0","2","2"
"终年五十岁","0","2","2"
"年轻时很聪","0","2","2"
"轻时很聪明","0","2","2"
"任内史上士","0","2","2"
"任御正下大","0","2","2"
"他为晋州刺","0","2","2"
"来安抚他们","0","2","2"
"奉命出使符","0","2","2"
"命出使符合","0","2","2"
"派遣大将军","0","2","2"
"我私下认为","0","2","2"
"任职方中大","0","2","2"
"任命柳带韦","0","2","2"
"命柳带韦为","0","2","2"
"封爵位为公","0","2","2"
"终年五十五","0","2","2"
"年五十五岁","0","2","2"
"的第九代孙","0","2","2"
"任汾州刺史","0","2","2"
"任命他为行","0","2","2"
"命他为行台","0","2","2"
"都称赞他的","0","2","2"
"授任苏绰为","0","2","2"
"为著作佐郎","0","2","2"
"祖十分高兴","0","2","2"
"齐神武帝兵","0","2","2"
"当时太祖正","0","2","2"
"因此前代的","0","2","2"
"就没有什么","0","2","2"
"最为重要的","0","2","2"
"测得笔直的","0","2","2"
"君王如果不","0","2","2"
"王如果不能","0","2","2"
"人是宝贵的","0","2","2"
"平和的思想","0","2","2"
"的教化就会","0","2","2"
"道德的行为","0","2","2"
"使百姓和睦","0","2","2"
"英明的君主","0","2","2"
"懂得这个道","0","2","2"
"得这个道理","0","2","2"
"利用土地有","0","2","2"
"用土地有利","0","2","2"
"根据情况加","0","2","2"
"据情况加以","0","2","2"
"因此前代君","0","2","2"
"此前代君王","0","2","2"
"天下必定有","0","2","2"
"下必定有人","0","2","2"
"必定有人因","0","2","2"
"定有人因此","0","2","2"
"善于处理政","0","2","2"
"于处理政务","0","2","2"
"这样就好像","0","2","2"
"中的优秀人","0","2","2"
"中最优秀的","0","2","2"
"他们的能力","0","2","2"
"从五个方面","0","2","2"
"五个方面听","0","2","2"
"个方面听取","0","2","2"
"可宽恕罪人","0","2","2"
"从三皇五帝","0","2","2"
"柱国宇文泰","0","2","2"
"自那时以后","0","2","2"
"无穷无尽的","0","2","2"
"百姓不能忍","0","2","2"
"姓不能忍受","0","2","2"
"前代君王重","0","2","2"
"代君王重视","0","2","2"
"正因为它可","0","2","2"
"因为它可以","0","2","2"
"多余的财物","0","2","2"
"百姓就像一","0","2","2"
"姓就像一位","0","2","2"
"年四十九岁","0","2","2"
"下葬的时候","0","2","2"
"推荐给朝廷","0","2","2"
"承袭爵位为","0","2","2"
"任荡寇将军","0","2","2"
"封爵位为侯","0","2","2"
"作为臣子的","0","2","2"
"时爱好学习","0","2","2"
"武帝西入函","0","2","2"
"帝西入函谷","0","2","2"
"同家人告别","0","2","2"
"八品州列曹","0","2","2"
"祖先是陇西","0","2","2"
"就有志向节","0","2","2"
"抚养教育弟","0","2","2"
"养教育弟弟","0","2","2"
"教育弟弟们","0","2","2"
"尔朱天光率","0","2","2"
"万俟丑奴已","0","2","2"
"俟丑奴已经","0","2","2"
"丑奴已经失","0","2","2"
"奴已经失败","0","2","2"
"万俟道洛等","0","2","2"
"李贤又率领","0","2","2"
"贤又率领乡","0","2","2"
"又率领乡人","0","2","2"
"任命李贤为","0","2","2"
"及各种牲畜","0","2","2"
"命令李贤率","0","2","2"
"驾幸李贤宅","0","2","2"
"幸李贤宅第","0","2","2"
"凡是李贤的","0","2","2"
"授为使持节","0","2","2"
"赏赐李贤之","0","2","2"
"的诏书慰劳","0","2","2"
"取得平民身","0","2","2"
"得平民身份","0","2","2"
"平民身份者","0","2","2"
"州设置总管","0","2","2"
"哭声感动左","0","2","2"
"李贤的弟弟","0","2","2"
"接应侯莫陈","0","2","2"
"太祖对李远","0","2","2"
"祖对李远说","0","2","2"
"侯景等人包","0","2","2"
"景等人包围","0","2","2"
"为河东郡守","0","2","2"
"任命他为太","0","2","2"
"他为太子少","0","2","2"
"为太子少傅","0","2","2"
"当时大军失","0","2","2"
"时大军失利","0","2","2"
"防守的准备","0","2","2"
"太祖听说后","0","2","2"
"东魏将领段","0","2","2"
"段孝先率领","0","2","2"
"骑兵二万人","0","2","2"
"向宜阳推进","0","2","2"
"太祖就把自","0","2","2"
"祖就把自己","0","2","2"
"命他为大将","0","2","2"
"有什么可以","0","2","2"
"表现出成人","0","2","2"
"不得不这样","0","2","2"
"又能言善辩","0","2","2"
"当初并没有","0","2","2"
"用长孙俭做","0","2","2"
"跟从太祖讨","0","2","2"
"做西夏州刺","0","2","2"
"信给长孙俭","0","2","2"
"给长孙俭说","0","2","2"
"请求为长孙","0","2","2"
"求为长孙俭","0","2","2"
"授任他为大","0","2","2"
"为大行台尚","0","2","2"
"对长孙俭说","0","2","2"
"容貌魁梧高","0","2","2"
"貌魁梧高大","0","2","2"
"有其他打算","0","2","2"
"祖认为他说","0","2","2"
"就命令长孙","0","2","2"
"命令长孙俭","0","2","2"
"太祖命令柱","0","2","2"
"祖命令柱国","0","2","2"
"太祖写信给","0","2","2"
"把他的宅第","0","2","2"
"的儿子名叫","0","2","2"
"父亲长孙稚","0","2","2"
"多次提升担","0","2","2"
"次提升担任","0","2","2"
"提升担任司","0","2","2"
"升担任司徒","0","2","2"
"担任司徒右","0","2","2"
"绍远被封为","0","2","2"
"被封为大司","0","2","2"
"八音作为基","0","2","2"
"音作为基数","0","2","2"
"下至周武王","0","2","2"
"等到长大后","0","2","2"
"魏文帝曾经","0","2","2"
"太祖战于邙","0","2","2"
"祖战于邙山","0","2","2"
"风味独特的","0","2","2"
"武帝西迁长","0","2","2"
"帝西迁长安","0","2","2"
"有识之士认","0","2","2"
"识之士认为","0","2","2"
"斛斯征广泛","0","2","2"
"斯征广泛地","0","2","2"
"广泛地涉猎","0","2","2"
"凭藉父亲的","0","2","2"
"藉父亲的功","0","2","2"
"武帝西迁以","0","2","2"
"帝西迁以后","0","2","2"
"升任上大将","0","2","2"
"为内史中大","0","2","2"
"宣帝的过失","0","2","2"
"隋文帝登上","0","2","2"
"文帝登上皇","0","2","2"
"封他为太子","0","2","2"
"拔岳征讨有","0","2","2"
"岳征讨有功","0","2","2"
"命令赫连达","0","2","2"
"远近的百姓","0","2","2"
"为镇南将军","0","2","2"
"改任帅都督","0","2","2"
"廷下诏让他","0","2","2"
"跟从大将军","0","2","2"
"从大将军达","0","2","2"
"升任赫连达","0","2","2"
"凭藉战功被","0","2","2"
"为宣威将军","0","2","2"
"所经过的地","0","2","2"
"经过的地方","0","2","2"
"俘获郡守一","0","2","2"
"任朔州刺史","0","2","2"
"他被任命为","0","2","2"
"又跟从大军","0","2","2"
"朝廷记录他","0","2","2"
"廷记录他的","0","2","2"
"记录他的前","0","2","2"
"录他的前后","0","2","2"
"另封一子为","0","2","2"
"封一子为县","0","2","2"
"名声在西州","0","2","2"
"派使者迎接","0","2","2"
"使者迎接太","0","2","2"
"者迎接太祖","0","2","2"
"凭藉前后功","0","2","2"
"藉前后功劳","0","2","2"
"从太祖擒获","0","2","2"
"跟从太祖战","0","2","2"
"被晋为公爵","0","2","2"
"授任京兆郡","0","2","2"
"任京兆郡守","0","2","2"
"战于亡口山","0","2","2"
"任原州刺史","0","2","2"
"官拜大将军","0","2","2"
"后所立功劳","0","2","2"
"食邑增至四","0","2","2"
"邑增至四千","0","2","2"
"与晋公宇文","0","2","2"
"授任蔡佑为","0","2","2"
"害晋公宇文","0","2","2"
"不久以本官","0","2","2"
"久以本官的","0","2","2"
"家中没有剩","0","2","2"
"中没有剩余","0","2","2"
"没有剩余的","0","2","2"
"有剩余的财","0","2","2"
"有才干能力","0","2","2"
"增添食邑二","0","2","2"
"添食邑二百","0","2","2"
"与随公杨忠","0","2","2"
"随公杨忠束","0","2","2"
"公杨忠束伐","0","2","2"
"有志向谋略","0","2","2"
"为宁远将军","0","2","2"
"跟随大军擒","0","2","2"
"随大军擒获","0","2","2"
"当先冲入敌","0","2","2"
"任为抚军将","0","2","2"
"辛威被任命","0","2","2"
"威被任命为","0","2","2"
"为扬州刺史","0","2","2"
"盛为大将军","0","2","2"
"辛威与达奚","0","2","2"
"威与达奚武","0","2","2"
"随齐王宇文","0","2","2"
"官拜仪同大","0","2","2"
"拜仪同大将","0","2","2"
"功被任命为","0","2","2"
"库狄昌又跟","0","2","2"
"跟从太祖平","0","2","2"
"从太祖平定","0","2","2"
"加授卫将军","0","2","2"
"朝廷改封他","0","2","2"
"廷改封他为","0","2","2"
"被任命为车","0","2","2"
"任命为车骑","0","2","2"
"跟从大军收","0","2","2"
"从大军收复","0","2","2"
"勇敢而有谋","0","2","2"
"敢而有谋略","0","2","2"
"与贺若敦等","0","2","2"
"任岷州刺史","0","2","2"
"吐谷浑入侵","0","2","2"
"跟随卫公宇","0","2","2"
"让田弘担任","0","2","2"
"田弘与梁主","0","2","2"
"弘与梁主萧","0","2","2"
"才回到江陵","0","2","2"
"独孤信讨伐","0","2","2"
"得到部下的","0","2","2"
"因此称赞他","0","2","2"
"他的儿子梁","0","2","2"
"跟从尔朱天","0","2","2"
"从尔朱天光","0","2","2"
"尔朱天光讨","0","2","2"
"大小二十多","0","2","2"
"授任子都督","0","2","2"
"到尔朱天光","0","2","2"
"尔朱天光在","0","2","2"
"又被任命为","0","2","2"
"为颖州刺史","0","2","2"
"任命他为南","0","2","2"
"委任为鄘州","0","2","2"
"任为鄘州刺","0","2","2"
"为鄘州刺史","0","2","2"
"父亲宇文永","0","2","2"
"宇文测性情","0","2","2"
"太祖做丞相","0","2","2"
"在宫中值宿","0","2","2"
"值宿警卫的","0","2","2"
"宇文深回答","0","2","2"
"文深回答道","0","2","2"
"太祖非常高","0","2","2"
"祖非常高兴","0","2","2"
"军渡过黄河","0","2","2"
"策划的那样","0","2","2"
"讨伐白额稽","0","2","2"
"伐白额稽胡","0","2","2"
"任吏部中大","0","2","2"
"改任军司马","0","2","2"
"规模的征伐","0","2","2"
"模的征伐则","0","2","2"
"于是率领乡","0","2","2"
"年少时凭藉","0","2","2"
"荆州刺史时","0","2","2"
"步军骑兵一","0","2","2"
"骑兵一千人","0","2","2"
"随贺拔胜到","0","2","2"
"等到贺拔胜","0","2","2"
"我当为你们","0","2","2"
"叛逆的羌人","0","2","2"
"朝廷下诏令","0","2","2"
"史宁进兵攻","0","2","2"
"宁进兵攻打","0","2","2"
"依傍山岭建","0","2","2"
"没有不做的","0","2","2"
"阿那瓖的子","0","2","2"
"那瓖的子孙","0","2","2"
"从了他的建","0","2","2"
"获取大量珍","0","2","2"
"自己所乘的","0","2","2"
"也凭藉父亲","0","2","2"
"凭藉父亲功","0","2","2"
"藉父亲功勋","0","2","2"
"父亲功勋受","0","2","2"
"亲功勋受赐","0","2","2"
"担任通直散","0","2","2"
"升任朱衣直","0","2","2"
"城池失陷被","0","2","2"
"太祖笑着说","0","2","2"
"他为帐内大","0","2","2"
"为帐内大都","0","2","2"
"为太子庶子","0","2","2"
"令陆腾率军","0","2","2"
"与贼人交战","0","2","2"
"于是对陆腾","0","2","2"
"是对陆腾说","0","2","2"
"广嗣及李武","0","2","2"
"陵州木笼僚","0","2","2"
"令陆腾讨伐","0","2","2"
"不知怎么办","0","2","2"
"赵公宇文招","0","2","2"
"据险要之地","0","2","2"
"陆腾率军讨","0","2","2"
"腾率军讨伐","0","2","2"
"宇文宪东讨","0","2","2"
"又下诏命令","0","2","2"
"下诏命令陆","0","2","2"
"诏命令陆腾","0","2","2"
"获一千多人","0","2","2"
"用来充当军","0","2","2"
"命他为右卫","0","2","2"
"他为右卫将","0","2","2"
"为右卫将军","0","2","2"
"他为北雍州","0","2","2"
"进献策略说","0","2","2"
"令贺若敦率","0","2","2"
"贺若敦设下","0","2","2"
"步兵骑兵六","0","2","2"
"兵骑兵六千","0","2","2"
"因为贺若敦","0","2","2"
"贺若敦于是","0","2","2"
"贺若敦的军","0","2","2"
"若敦的军队","0","2","2"
"为工部中大","0","2","2"
"魏将领段琛","0","2","2"
"从事农业生","0","2","2"
"事农业生产","0","2","2"
"妻子王氏及","0","2","2"
"唐州蛮人田","0","2","2"
"州蛮人田鲁","0","2","2"
"蛮人田鲁嘉","0","2","2"
"很大的祸患","0","2","2"
"士兵一千人","0","2","2"
"皎举州归附","0","2","2"
"这是他没有","0","2","2"
"升任辅国将","0","2","2"
"侯景来归附","0","2","2"
"不久晋升车","0","2","2"
"久晋升车骑","0","2","2"
"魏将领彭乐","0","2","2"
"为龙骧将军","0","2","2"
"太祖曾对诸","0","2","2"
"祖曾对诸将","0","2","2"
"曾对诸将说","0","2","2"
"他勇敢果断","0","2","2"
"授任岐州刺","0","2","2"
"食邑累计达","0","2","2"
"官拜上柱国","0","2","2"
"任卫大将军","0","2","2"
"食邑累计二","0","2","2"
"邑累计二千","0","2","2"
"不久晋升为","0","2","2"
"别人的短处","0","2","2"
"评定他的前","0","2","2"
"定他的前后","0","2","2"
"晋升为车骑","0","2","2"
"必定身先士","0","2","2"
"定身先士卒","0","2","2"
"从征擒获宝","0","2","2"
"征擒获宝泰","0","2","2"
"任冯翊郡守","0","2","2"
"奴婢二百人","0","2","2"
"征召出来担","0","2","2"
"召出来担任","0","2","2"
"任襄威将军","0","2","2"
"入朝任左宫","0","2","2"
"朝任左宫伯","0","2","2"
"从征侯莫陈","0","2","2"
"加授前将军","0","2","2"
"他面前的敌","0","2","2"
"面前的敌人","0","2","2"
"年四十五岁","0","2","2"
"跟从太祖在","0","2","2"
"在沙苑战败","0","2","2"
"任安西将军","0","2","2"
"升任卫将军","0","2","2"
"任太子左庶","0","2","2"
"荐他为帐内","0","2","2"
"他的美好的","0","2","2"
"升从事中郎","0","2","2"
"以伊娄穆为","0","2","2"
"总计前后功","0","2","2"
"孤军深入敌","0","2","2"
"军深入敌境","0","2","2"
"听说他的名","0","2","2"
"多次立有战","0","2","2"
"魏将领窦泰","0","2","2"
"将领窦泰入","0","2","2"
"领窦泰入侵","0","2","2"
"他治理政事","0","2","2"
"加授冠军将","0","2","2"
"授任御正中","0","2","2"
"任晋公宇文","0","2","2"
"时机敏善辩","0","2","2"
"律明月率军","0","2","2"
"随齐公宇文","0","2","2"
"转任内史中","0","2","2"
"高祖曾从容","0","2","2"
"祖曾从容对","0","2","2"
"授任骠骑将","0","2","2"
"怕大祸临头","0","2","2"
"身高八尺二","0","2","2"
"高八尺二寸","0","2","2"
"他的哥哥窦","0","2","2"
"派遣使者前","0","2","2"
"遣使者前来","0","2","2"
"为直合将军","0","2","2"
"他们的首领","0","2","2"
"以天下尚未","0","2","2"
"天下尚未平","0","2","2"
"下尚未平定","0","2","2"
"而加以推辞","0","2","2"
"收取他们的","0","2","2"
"取他们的租","0","2","2"
"比不上窦炽","0","2","2"
"到他的府第","0","2","2"
"他的府第慰","0","2","2"
"的府第慰问","0","2","2"
"他的志向气","0","2","2"
"的志向气节","0","2","2"
"都由他决定","0","2","2"
"身份跟随魏","0","2","2"
"逐渐升为平","0","2","2"
"到孝武帝西","0","2","2"
"食邑通前五","0","2","2"
"当时周与齐","0","2","2"
"太祖身边的","0","2","2"
"祖身边的人","0","2","2"
"以诚意相待","0","2","2"
"当时吐谷浑","0","2","2"
"皇帝采纳了","0","2","2"
"调任军司马","0","2","2"
"升司会中大","0","2","2"
"虽然表面上","0","2","2"
"皇帝认为他","0","2","2"
"宇文护专权","0","2","2"
"制胜的计策","0","2","2"
"蛮族首领田","0","2","2"
"到这个时候","0","2","2"
"升位上柱国","0","2","2"
"隋文帝答应","0","2","2"
"尉迟迥的儿","0","2","2"
"迟迥的儿子","0","2","2"
"有风度器量","0","2","2"
"没有人能与","0","2","2"
"有人能与他","0","2","2"
"人能与他相","0","2","2"
"能与他相比","0","2","2"
"以功任都督","0","2","2"
"为安乐郡公","0","2","2"
"李远的儿子","0","2","2"
"另封一个儿","0","2","2"
"贤的儿子李","0","2","2"
"的儿子李孝","0","2","2"
"儿子李孝轨","0","2","2"
"受牵连坐罪","0","2","2"
"这是天子的","0","2","2"
"文武的重任","0","2","2"
"从少年时起","0","2","2"
"任命为右将","0","2","2"
"命为右将军","0","2","2"
"次抢劫偷盗","0","2","2"
"当即任命他","0","2","2"
"任国子博士","0","2","2"
"把自己的女","0","2","2"
"令韦孝宽随","0","2","2"
"以大将军身","0","2","2"
"大将军身份","0","2","2"
"韦孝宽很担","0","2","2"
"很担心这件","0","2","2"
"担心这件事","0","2","2"
"任晋州刺史","0","2","2"
"对城中人说","0","2","2"
"韦孝宽回答","0","2","2"
"孝宽回答道","0","2","2"
"令韦孝宽回","0","2","2"
"韦孝宽回去","0","2","2"
"孝宽回去镇","0","2","2"
"宽回去镇守","0","2","2"
"回去镇守玉","0","2","2"
"去镇守玉壁","0","2","2"
"周孝闵帝登","0","2","2"
"于安抚驾御","0","2","2"
"安抚驾御部","0","2","2"
"抚驾御部下","0","2","2"
"他镇守边境","0","2","2"
"宇文护不听","0","2","2"
"与韦孝宽相","0","2","2"
"韦孝宽相见","0","2","2"
"交通紧要之","0","2","2"
"通紧要之处","0","2","2"
"韦孝宽担任","0","2","2"
"诏令韦孝宽","0","2","2"
"是险要之处","0","2","2"
"平定淮南之","0","2","2"
"任相州刺史","0","2","2"
"就借口有病","0","2","2"
"率领数百骑","0","2","2"
"领数百骑兵","0","2","2"
"谷关以东的","0","2","2"
"当时七十二","0","2","2"
"时七十二岁","0","2","2"
"很早就失去","0","2","2"
"早就失去父","0","2","2"
"嫂十分恭谨","0","2","2"
"当时人称他","0","2","2"
"时人称他为","0","2","2"
"认为此话很","0","2","2"
"后表示称赞","0","2","2"
"名誉和道义","0","2","2"
"告诫儿子们","0","2","2"
"死的那一天","0","2","2"
"儿子们都遵","0","2","2"
"升任上开府","0","2","2"
"史的身份跟","0","2","2"
"拉着他的手","0","2","2"
"知道这个消","0","2","2"
"道这个消息","0","2","2"
"又跟随平定","0","2","2"
"力作战而死","0","2","2"
"上母亲去世","0","2","2"
"帝与他交谈","0","2","2"
"因为迎立孝","0","2","2"
"为迎立孝武","0","2","2"
"迎立孝武帝","0","2","2"
"立孝武帝有","0","2","2"
"修撰起居注","0","2","2"
"任瓜州刺史","0","2","2"
"的头等望族","0","2","2"
"下诏答应他","0","2","2"
"郡太守．申","0","2","2"
"有志气节操","0","2","2"
"跟随活捉窦","0","2","2"
"随活捉窦泰","0","2","2"
"将要讨伐他","0","2","2"
"所得到的俸","0","2","2"
"得到的俸禄","0","2","2"
"到的俸禄赏","0","2","2"
"的俸禄赏赐","0","2","2"
"起家出任官","0","2","2"
"家出任官职","0","2","2"
"所在之处都","0","2","2"
"在之处都有","0","2","2"
"管辖的地区","0","2","2"
"们都以此为","0","2","2"
"非常看重他","0","2","2"
"因为有病不","0","2","2"
"繁重的事务","0","2","2"
"授任宜州刺","0","2","2"
"民都称赞他","0","2","2"
"未到二十岁","0","2","2"
"当时人称誉","0","2","2"
"为吏部郎中","0","2","2"
"从建德年间","0","2","2"
"他的儿子等","0","2","2"
"的儿子等人","0","2","2"
"儿子等人都","0","2","2"
"齐神武帝感","0","2","2"
"神武帝感情","0","2","2"
"武帝感情上","0","2","2"
"帝感情上有","0","2","2"
"与贺拔胜一","0","2","2"
"掌管机密事","0","2","2"
"管机密事务","0","2","2"
"记室起家做","0","2","2"
"室起家做官","0","2","2"
"性格温和恭","0","2","2"
"为尚书右丞","0","2","2"
"姓万纽于氏","0","2","2"
"都是一时的","0","2","2"
"百姓官吏都","0","2","2"
"升任黄门侍","0","2","2"
"蠕蠕族乘虚","0","2","2"
"太祖又命令","0","2","2"
"为高邑县男","0","2","2"
"派遣杨荐进","0","2","2"
"遣杨荐进入","0","2","2"
"杨荐进入洛","0","2","2"
"荐进入洛阳","0","2","2"
"进入洛阳请","0","2","2"
"为关西大行","0","2","2"
"派遣杨荐与","0","2","2"
"派遣杨荐前","0","2","2"
"遣杨荐前往","0","2","2"
"派遣使者跟","0","2","2"
"遣使者跟随","0","2","2"
"使符合皇帝","0","2","2"
"文纯等人到","0","2","2"
"突厥迎接公","0","2","2"
"厥迎接公主","0","2","2"
"也没有遗憾","0","2","2"
"历任大行台","0","2","2"
"束荆州刺史","0","2","2"
"恢复他们的","0","2","2"
"复他们的官","0","2","2"
"他们的官职","0","2","2"
"符合皇帝的","0","2","2"
"合皇帝的意","0","2","2"
"皇帝的意旨","0","2","2"
"终于没有成","0","2","2"
"于没有成果","0","2","2"
"没有成果而","0","2","2"
"进攻收复了","0","2","2"
"当时侯景的","0","2","2"
"骑兵五百人","0","2","2"
"就上表请求","0","2","2"
"在路上去世","0","2","2"
"终年五十七","0","2","2"
"年五十七岁","0","2","2"
"特殊的奖赏","0","2","2"
"宇文贵出使","0","2","2"
"文贵出使突","0","2","2"
"贵出使突厥","0","2","2"
"年少时聪明","0","2","2"
"有志向气节","0","2","2"
"非常敬重他","0","2","2"
"认为他的话","0","2","2"
"又派遣赵昶","0","2","2"
"派遣赵昶慰","0","2","2"
"遣赵昶慰问","0","2","2"
"太祖立即任","0","2","2"
"祖立即任命","0","2","2"
"有一千多人","0","2","2"
"代理南秦州","0","2","2"
"帅盖闹等人","0","2","2"
"君臣之间的","0","2","2"
"留下他镇守","0","2","2"
"任许国公府","0","2","2"
"很长时间了","0","2","2"
"方圆数百里","0","2","2"
"僚居住的地","0","2","2"
"居住的地方","0","2","2"
"尔朱天光任","0","2","2"
"朱天光征讨","0","2","2"
"自己的过错","0","2","2"
"派遣使者请","0","2","2"
"遣使者请求","0","2","2"
"从水陆两方","0","2","2"
"水陆两方面","0","2","2"
"陆两方面来","0","2","2"
"被陈人打败","0","2","2"
"就带领部下","0","2","2"
"齐神武帝在","0","2","2"
"当时束魏以","0","2","2"
"时束魏以正","0","2","2"
"束魏以正平","0","2","2"
"任建州刺史","0","2","2"
"为魏孝明帝","0","2","2"
"我甘心情愿","0","2","2"
"因为他的事","0","2","2"
"如果不这样","0","2","2"
"与束魏将领","0","2","2"
"为夏阳县男","0","2","2"
"独孤永业有","0","2","2"
"任温州刺史","0","2","2"
"水突然上涨","0","2","2"
"的弟弟叫裴","0","2","2"
"终年五十九","0","2","2"
"年五十九岁","0","2","2"
"以本官身份","0","2","2"
"为御正中大","0","2","2"
"杨敷年少时","0","2","2"
"境获得安宁","0","2","2"
"难以做到的","0","2","2"
"每年考核政","0","2","2"
"年考核政绩","0","2","2"
"祖率军东征","0","2","2"
"命令郑孝穆","0","2","2"
"分别掌管各","0","2","2"
"别掌管各种","0","2","2"
"掌管各种事","0","2","2"
"管各种事务","0","2","2"
"有辅佐之功","0","2","2"
"不拘泥于章","0","2","2"
"后来魏孝武","0","2","2"
"来魏孝武帝","0","2","2"
"领部下数百","0","2","2"
"太祖早就听","0","2","2"
"祖早就听说","0","2","2"
"待他十分有","0","2","2"
"他十分有礼","0","2","2"
"人们都认为","0","2","2"
"州任上去世","0","2","2"
"自小喜好学","0","2","2"
"任命他为黄","0","2","2"
"命他为黄门","0","2","2"
"如果有什么","0","2","2"
"的险要之地","0","2","2"
"当时人都称","0","2","2"
"时人都称赞","0","2","2"
"人都称赞他","0","2","2"
"华皎前来归","0","2","2"
"被举荐为秀","0","2","2"
"入据洛阳时","0","2","2"
"率领部属赶","0","2","2"
"领部属赶赴","0","2","2"
"祖嘉许他的","0","2","2"
"能成就美名","0","2","2"
"把情况告诉","0","2","2"
"东魏派行台","0","2","2"
"薛端与族人","0","2","2"
"因此赐名为","0","2","2"
"升任吏部尚","0","2","2"
"了一万多人","0","2","2"
"因此获罪被","0","2","2"
"此获罪被免","0","2","2"
"为当时人称","0","2","2"
"当时人称赞","0","2","2"
"终年六十八","0","2","2"
"不随便结交","0","2","2"
"钦佩他的才","0","2","2"
"佩他的才能","0","2","2"
"不久进爵为","0","2","2"
"进爵为琅邪","0","2","2"
"爵为琅邪县","0","2","2"
"思政镇守颖","0","2","2"
"不久任为骠","0","2","2"
"久任为骠骑","0","2","2"
"为骠骑将军","0","2","2"
"为吏部尚书","0","2","2"
"一段时间后","0","2","2"
"隋朝开皇元","0","2","2"
"朝开皇元年","0","2","2"
"终年八十二","0","2","2"
"年八十二岁","0","2","2"
"专心致志于","0","2","2"
"为当时人所","0","2","2"
"时人所称赞","0","2","2"
"为司徒府参","0","2","2"
"于谨征伐江","0","2","2"
"谨征伐江陵","0","2","2"
"任命崔彦穆","0","2","2"
"命崔彦穆为","0","2","2"
"隋文帝征召","0","2","2"
"征召令狐整","0","2","2"
"于是令令狐","0","2","2"
"是令令狐整","0","2","2"
"随从军队征","0","2","2"
"从军队征讨","0","2","2"
"令狐整善于","0","2","2"
"赐姓字文氏","0","2","2"
"委任席固为","0","2","2"
"为丰州刺史","0","2","2"
"任始州刺史","0","2","2"
"宇文护因此","0","2","2"
"年六十一岁","0","2","2"
"次迁升为大","0","2","2"
"迁升为大都","0","2","2"
"任本州刺史","0","2","2"
"受到特殊的","0","2","2"
"授予帅都督","0","2","2"
"所部军队随","0","2","2"
"部军队随从","0","2","2"
"从尉迟迥征","0","2","2"
"为巴州刺史","0","2","2"
"邑增加至一","0","2","2"
"增加至一千","0","2","2"
"蛮族酋长生","0","2","2"
"先派遣使者","0","2","2"
"派遣使者宣","0","2","2"
"遣使者宣示","0","2","2"
"使者宣示祸","0","2","2"
"者宣示祸福","0","2","2"
"所居住的房","0","2","2"
"魏太昌初年","0","2","2"
"解救玉壁之","0","2","2"
"救玉壁之围","0","2","2"
"参加邙山战","0","2","2"
"加邙山战役","0","2","2"
"任为正平郡","0","2","2"
"为正平郡守","0","2","2"
"从小喜好学","0","2","2"
"委任为行台","0","2","2"
"授予员外散","0","2","2"
"予员外散骑","0","2","2"
"不置办产业","0","2","2"
"食邑合前所","0","2","2"
"邑合前所封","0","2","2"
"觉得奇怪而","0","2","2"
"得奇怪而问","0","2","2"
"奇怪而问他","0","2","2"
"学习经史典","0","2","2"
"习经史典籍","0","2","2"
"的官职为奉","0","2","2"
"转任丞相府","0","2","2"
"丞相府从事","0","2","2"
"相府从事中","0","2","2"
"任为丞相府","0","2","2"
"在当时很有","0","2","2"
"了一段时间","0","2","2"
"太祖于是召","0","2","2"
"不经营产业","0","2","2"
"此而称赞他","0","2","2"
"年轻时喜好","0","2","2"
"任命张轨为","0","2","2"
"怎么可以不","0","2","2"
"拔岳被害之","0","2","2"
"岳被害之后","0","2","2"
"兼摄武功郡","0","2","2"
"在其职位上","0","2","2"
"其职位上去","0","2","2"
"任宣纳上士","0","2","2"
"为南青州刺","0","2","2"
"少年时便有","0","2","2"
"年时便有志","0","2","2"
"终年四十六","0","2","2"
"年四十六岁","0","2","2"
"任为民部中","0","2","2"
"为他做向导","0","2","2"
"委任裴文举","0","2","2"
"任裴文举为","0","2","2"
"韦孝宽对他","0","2","2"
"年时便通达","0","2","2"
"时便通达聪","0","2","2"
"任记室参军","0","2","2"
"所以当时人","0","2","2"
"迁任中书侍","0","2","2"
"以母亲老迈","0","2","2"
"为行台右丞","0","2","2"
"魏文帝登基","0","2","2"
"都认为很对","0","2","2"
"在一个盘内","0","2","2"
"封为郃阳县","0","2","2"
"宇文护执政","0","2","2"
"祖亲自率军","0","2","2"
"尔朱氏作乱","0","2","2"
"引荐辛庆之","0","2","2"
"荐辛庆之担","0","2","2"
"辛庆之担任","0","2","2"
"庆之担任行","0","2","2"
"之担任行台","0","2","2"
"以原任官职","0","2","2"
"原任官职兼","0","2","2"
"任官职兼任","0","2","2"
"代理河东郡","0","2","2"
"理河东郡守","0","2","2"
"十分推崇他","0","2","2"
"同族兄弟之","0","2","2"
"到了这种地","0","2","2"
"了这种地步","0","2","2"
"国的黄门侍","0","2","2"
"帝之弟安成","0","2","2"
"之弟安成王","0","2","2"
"平定江陵后","0","2","2"
"派使者来访","0","2","2"
"帝对杜杲说","0","2","2"
"都认为不可","0","2","2"
"又出使陈国","0","2","2"
"诏令卫公宇","0","2","2"
"令卫公宇文","0","2","2"
"朝接纳华皎","0","2","2"
"合力对付齐","0","2","2"
"力对付齐国","0","2","2"
"命令尉迟运","0","2","2"
"齐国将领斛","0","2","2"
"国将领斛律","0","2","2"
"于是任命尉","0","2","2"
"是任命尉迟","0","2","2"
"任命尉迟运","0","2","2"
"命尉迟运为","0","2","2"
"尉迟运为右","0","2","2"
"迟运为右宫","0","2","2"
"运为右宫正","0","2","2"
"宇文直无法","0","2","2"
"尉迟运率领","0","2","2"
"高祖嘉奖他","0","2","2"
"文孝伯等人","0","2","2"
"尉迟运害怕","0","2","2"
"官至仪同大","0","2","2"
"至仪同大将","0","2","2"
"世代都是州","0","2","2"
"代都是州郡","0","2","2"
"都在魏国当","0","2","2"
"在魏国当官","0","2","2"
"与宇文孝伯","0","2","2"
"有什么过错","0","2","2"
"宇文神举早","0","2","2"
"安化公宇文","0","2","2"
"化公宇文深","0","2","2"
"识见的人对","0","2","2"
"高祖准备处","0","2","2"
"祖准备处死","0","2","2"
"准备处死晋","0","2","2"
"备处死晋公","0","2","2"
"处死晋公宇","0","2","2"
"死晋公宇文","0","2","2"
"公宇文护时","0","2","2"
"宇文神举率","0","2","2"
"令宇文神举","0","2","2"
"于是赏赐他","0","2","2"
"是赏赐他十","0","2","2"
"由宇文孝伯","0","2","2"
"对宇文孝伯","0","2","2"
"的官职爵位","0","2","2"
"文孝伯回答","0","2","2"
"颜之仪依照","0","2","2"
"之仪依照惯","0","2","2"
"仪依照惯例","0","2","2"
"惯例迁往长","0","2","2"
"例迁往长安","0","2","2"
"难以量刑的","0","2","2"
"会成为百姓","0","2","2"
"成为百姓的","0","2","2"
"自己的心意","0","2","2"
"请一律停止","0","2","2"
"在梁国担任","0","2","2"
"梁国担任侍","0","2","2"
"是梁简文帝","0","2","2"
"梁简文帝的","0","2","2"
"元帝秉承皇","0","2","2"
"帝秉承皇帝","0","2","2"
"原来的部属","0","2","2"
"都命令王褒","0","2","2"
"以抒发自己","0","2","2"
"抒发自己的","0","2","2"
"很爱写文章","0","2","2"
"萧纪秉承皇","0","2","2"
"纪秉承皇帝","0","2","2"
"任命萧撝为","0","2","2"
"萧纪率军东","0","2","2"
"纪率军东下","0","2","2"
"诸军事和益","0","2","2"
"军事和益州","0","2","2"
"事和益州刺","0","2","2"
"和益州刺史","0","2","2"
"尉迟迥围攻","0","2","2"
"是梁武帝的","0","2","2"
"梁武帝的孙","0","2","2"
"武帝的孙子","0","2","2"
"著有文集十","0","2","2"
"任宣惠将军","0","2","2"
"得以保全性","0","2","2"
"以保全性命","0","2","2"
"当时梁元帝","0","2","2"
"江陵平定后","0","2","2"
"为他们隐瞒","0","2","2"
"被任命为内","0","2","2"
"任命为内史","0","2","2"
"另有文集二","0","2","2"
"有文集二十","0","2","2"
"只有刘璠一","0","2","2"
"命刘璠为中","0","2","2"
"的军队已经","0","2","2"
"晋文公也不","0","2","2"
"文公也不如","0","2","2"
"承袭其封爵","0","2","2"
"任命柳霞为","0","2","2"
"魏太和末年","0","2","2"
"势力越来越","0","2","2"
"力越来越大","0","2","2"
"推荐李延孙","0","2","2"
"荐李延孙担","0","2","2"
"李延孙担任","0","2","2"
"李长寿被害","0","2","2"
"长寿被害后","0","2","2"
"携带妻子儿","0","2","2"
"带妻子儿女","0","2","2"
"武帝西迁后","0","2","2"
"代理新安县","0","2","2"
"理新安县令","0","2","2"
"迎接高仲密","0","2","2"
"理宜阳郡守","0","2","2"
"太祖由于陈","0","2","2"
"祖由于陈忻","0","2","2"
"陈忻与韩雄","0","2","2"
"独孤永业十","0","2","2"
"孤永业十分","0","2","2"
"为建节将军","0","2","2"
"任本县县令","0","2","2"
"泉企为县令","0","2","2"
"出仕任奉朝","0","2","2"
"仕任奉朝请","0","2","2"
"阳县伯爵位","0","2","2"
"随从于谨攻","0","2","2"
"从于谨攻打","0","2","2"
"经常侵犯边","0","2","2"
"所占据的地","0","2","2"
"占据的地方","0","2","2"
"太祖对他说","0","2","2"
"五子王等人","0","2","2"
"州征召为主","0","2","2"
"又随从贺若","0","2","2"
"随从贺若敦","0","2","2"
"任湖州刺史","0","2","2"
"是地方上的","0","2","2"
"马贺兰祥征","0","2","2"
"所到的地方","0","2","2"
"太祖称赞他","0","2","2"
"而形销骨立","0","2","2"
"其母又去世","0","2","2"
"将他的行状","0","2","2"
"令表彰其门","0","2","2"
"张元回答说","0","2","2"
"蒋升回答说","0","2","2"
"州刺史荣衔","0","2","2"
"没有什么知","0","2","2"
"这么长时间","0","2","2"
"张缵害怕被","0","2","2"
"梁元帝到达","0","2","2"
"梁元帝于是","0","2","2"
"其太子萧岿","0","2","2"
"皇太后驾崩","0","2","2"
"萧岿在位的","0","2","2"
"岿在位的第","0","2","2"
"开始与后魏","0","2","2"
"始与后魏通","0","2","2"
"与后魏通使","0","2","2"
"父母及丈夫","0","2","2"
"华夏语言中","0","2","2"
"兵器有弓箭","0","2","2"
"器有弓箭刀","0","2","2"
"世代都成为","0","2","2"
"等人征讨平","0","2","2"
"人征讨平定","0","2","2"
"蛮族酋长冉","0","2","2"
"接待礼仪很","0","2","2"
"待礼仪很隆","0","2","2"
"礼仪很隆重","0","2","2"
"在各少数民","0","2","2"
"各少数民族","0","2","2"
"少数民族之","0","2","2"
"数民族之中","0","2","2"
"有一定的地","0","2","2"
"一定的地域","0","2","2"
"屯聚在一起","0","2","2"
"遣使臣贡献","0","2","2"
"种族部落很","0","2","2"
"使者贡献特","0","2","2"
"者贡献特产","0","2","2"
"公主嫁给他","0","2","2"
"大肆劫掠而","0","2","2"
"使者来献马","0","2","2"
"兵器有弓刀","0","2","2"
"器有弓刀甲","0","2","2"
"有弓刀甲捎","0","2","2"
"两次派遣使","0","2","2"
"率领部下兵","0","2","2"
"领部下兵众","0","2","2"
"部下兵众归","0","2","2"
"东距长安五","0","2","2"
"距长安五千","0","2","2"
"治所之城方","0","2","2"
"所之城方圆","0","2","2"
"者来贡献名","0","2","2"
"来贡献名马","0","2","2"
"治所之城郭","0","2","2"
"所之城郭方","0","2","2"
"之城郭方圆","0","2","2"
"杀人者处死","0","2","2"
"里有大河往","0","2","2"
"是大月氏的","0","2","2"
"大月氏的分","0","2","2"
"月氏的分支","0","2","2"
"国在茎岭之","0","2","2"
"在茎岭之西","0","2","2"
"边疆的少数","0","2","2"
"疆的少数民","0","2","2"
