"N-gram","原文","翻译","Total"
"开府仪同三司","188","188","376"
"通直散骑常侍","54","54","108"
"金紫光禄大夫","38","38","76"
"银青光禄大夫","27","27","54"
"员外散骑侍郎","25","25","50"
"开府仪同大将","23","23","46"
"府仪同大将军","23","23","46"
"魏孝武帝西迁","0","41","41"
"加骠骑大将军","25","10","35"
"授车骑大将军","16","18","34"
"任骠骑大将军","0","32","32"
"为骠骑大将军","0","31","31"
"任车骑大将军","0","29","29"
"位骠骑大将军","20","5","25"
"加车骑大将军","16","8","24"
"进位骠骑大将","19","5","24"
"授骠骑大将军","11","13","24"
"加通直散骑常","19","3","22"
"州总管府长史","11","11","22"
"进骠骑大将军","20","0","20"
"员外散骑常侍","10","10","20"
"为车骑大将军","0","20","20"
"侯莫陈悦杀害","0","20","20"
"增邑通前一千","18","0","18"
"等十州诸军事","9","9","18"
"给事黄门侍郎","0","18","18"
"增加食邑一千","0","18","18"
"进车骑大将军","17","0","17"
"升任骠骑大将","0","17","17"
"善于骑马射箭","0","17","17"
"上开府仪同大","8","8","16"
"授通直散骑常","1","15","16"
"任开府仪同三","0","16","16"
"朝廷追赠他为","0","16","16"
"为柱国大将军","0","16","16"
"梁国公侯莫陈","7","8","15"
"孝武帝西迁时","0","15","15"
"侯莫陈悦所害","13","1","14"
"升任车骑大将","0","14","14"
"加授通直散骑","0","14","14"
"派使者前来通","0","14","14"
"使者前来通问","0","14","14"
"者前来通问修","0","14","14"
"前来通问修好","0","14","14"
"十二州诸军事","7","6","13"
"岳侯莫陈悦所","13","0","13"
"升为骠骑大将","0","13","13"
"增加食邑三百","0","13","13"
"加食邑三百户","0","13","13"
"被侯莫陈悦杀","0","13","13"
"食邑增至一千","0","13","13"
"刺史独孤永业","6","6","12"
"等六州诸军事","6","6","12"
"加开府仪同三","8","4","12"
"大将军达奚武","7","5","12"
"任员外散骑侍","0","12","12"
"任通直散骑常","0","12","12"
"加食邑一千户","0","12","12"
"岳被侯莫陈悦","0","12","12"
"蜀国公尉迟迥","5","6","11"
"洛州刺史独孤","6","5","11"
"州刺史独孤永","6","5","11"
"迁骠骑大将军","11","0","11"
"增邑通前三千","11","0","11"
"邑一千五百户","6","5","11"
"位柱国大将军","11","0","11"
"增邑通前二千","11","0","11"
"他的儿子宇文","0","11","11"
"任给事黄门侍","0","11","11"
"魏孝武帝初年","0","11","11"
"平定侯莫陈悦","0","11","11"
"陈国派使者前","0","11","11"
"国派使者前来","0","11","11"
"食邑增至二千","0","11","11"
"贺拔岳被侯莫","0","11","11"
"拔岳被侯莫陈","0","11","11"
"凉州刺史宇文","5","5","10"
"州刺史宇文仲","5","5","10"
"十三州诸军事","5","5","10"
"上仪同大将军","5","5","10"
"迁车骑大将军","10","0","10"
"大将军豆卢宁","5","5","10"
"许国公宇文贵","6","4","10"
"湘州刺史华皎","6","4","10"
"通直散骑侍郎","5","5","10"
"加授骠骑大将","0","10","10"
"升车骑大将军","0","10","10"
"任御正中大夫","0","10","10"
"讨伐侯莫陈悦","0","10","10"
"增加食邑五百","0","10","10"
"加食邑五百户","0","10","10"
"率领步兵骑兵","0","10","10"
"派遣使者来贡","0","10","10"
"遣使者来贡献","0","10","10"
"郑国公达奚震","6","3","9"
"十五州诸军事","5","4","9"
"齐将斛律明月","7","2","9"
"授开府仪同三","4","5","9"
"进位柱国大将","9","0","9"
"跟随尔朱天光","0","9","9"
"太祖收复弘农","0","9","9"
"位开府仪同大","8","0","8"
"郑国公达奚武","4","4","8"
"国公侯莫陈芮","4","4","8"
"魏北豫州刺史","4","4","8"
"北豫州刺史高","4","4","8"
"豫州刺史高仲","4","4","8"
"州刺史高仲密","4","4","8"
"上开府仪同三","4","4","8"
"位车骑大将军","7","1","8"
"陇右总管府长","4","4","8"
"右总管府长史","4","4","8"
"州五防诸军事","4","4","8"
"右金紫光禄大","4","4","8"
"陈湘州刺史华","6","2","8"
"东魏洛州刺史","4","4","8"
"继承他的爵位","0","8","8"
"杞国公宇文亮","0","8","8"
"任大行台郎中","0","8","8"
"升骠骑大将军","0","8","8"
"卫国公宇文直","0","8","8"
"讨伐平定了他","0","8","8"
"擅长骑马射箭","0","8","8"
"食邑增加一千","0","8","8"
"朝廷授任他为","0","8","8"
"从家中被征召","0","8","8"
"家中被征召出","0","8","8"
"中被征召出来","0","8","8"
"国公侯莫陈崇","3","4","7"
"吴国公尉迟纲","3","4","7"
"阳公司马消难","4","3","7"
"位开府仪同三","6","1","7"
"东魏北豫州刺","4","3","7"
"进位车骑大将","6","1","7"
"二十州诸军事","3","4","7"
"贺兰祥讨吐谷","7","0","7"
"兰祥讨吐谷浑","7","0","7"
"邑通前二千户","6","1","7"
"增加食邑累计","0","7","7"
"隋文帝辅佐朝","0","7","7"
"文帝辅佐朝政","0","7","7"
"宇文护被诛杀","0","7","7"
"邑增加一千户","0","7","7"
"增加食邑四百","0","7","7"
"从家中征召出","0","7","7"
"家中征召出来","0","7","7"
"迎接魏孝武帝","0","7","7"
"晋升为骠骑大","0","7","7"
"增加食邑八百","0","7","7"
"秉承皇帝旨意","0","7","7"
"其王派遣使者","0","7","7"
"王派遣使者来","0","7","7"
"等七州诸军事","3","3","6"
"督中外诸军事","3","3","6"
"配享太祖庙庭","5","1","6"
"高阳公达奚武","3","3","6"
"周昌公侯莫陈","3","3","6"
"昌公侯莫陈琼","3","3","6"
"郧国公韦孝宽","3","3","6"
"天元圣皇太后","3","3","6"
"天元上皇太后","3","3","6"
"等十二州诸军","3","3","6"
"邑一千二百户","4","2","6"
"丞相府墨曹参","3","3","6"
"相府墨曹参军","3","3","6"
"授柱国大将军","3","3","6"
"益州总管府长","3","3","6"
"冯翊王元季海","3","3","6"
"相府记室参军","3","3","6"
"夏州刺史刘平","3","3","6"
"原州刺史史归","3","3","6"
"大将军权景宣","3","3","6"
"南安公杨荐等","3","3","6"
"范阳王高绍义","3","3","6"
"大将军尉迟迥","3","3","6"
"大象元年五月","3","3","6"
"良家子镇武川","6","0","6"
"家员外散骑侍","6","0","6"
"中外府记室参","3","3","6"
"外府记室参军","3","3","6"
"邑通前一千户","6","0","6"
"邑通前三千七","4","2","6"
"通前三千七百","4","2","6"
"前三千七百户","4","2","6"
"豫州刺史王士","2","4","6"
"州刺史王士良","2","4","6"
"至开府仪同大","0","6","6"
"东魏将领侯景","0","6","6"
"刺史宇文仲和","0","6","6"
"齐国公宇文宪","0","6","6"
"加授散骑常侍","0","6","6"
"加授车骑大将","0","6","6"
"是河南洛阳人","0","6","6"
"任尚书右仆射","0","6","6"
"食邑一千五百","0","6","6"
"魏孝武帝入关","0","6","6"
"中山公宇文护","0","6","6"
"晋国公宇文护","0","6","6"
"陈国公宇文纯","0","6","6"
"亲自率领六军","0","6","6"
"武帝前往同州","0","6","6"
"当时晋公宇文","0","6","6"
"时晋公宇文护","0","6","6"
"晋公宇文护执","0","6","6"
"食邑增加五百","0","6","6"
"邑增加五百户","0","6","6"
"食邑增至三千","0","6","6"
"莫陈悦杀害贺","0","6","6"
"陈悦杀害贺拔","0","6","6"
"悦杀害贺拔岳","0","6","6"
"随太祖收复弘","0","6","6"
"采纳了他的意","0","6","6"
"纳了他的意见","0","6","6"
"加食邑四百户","0","6","6"
"任司会中大夫","0","6","6"
"太祖平定侯莫","0","6","6"
"祖平定侯莫陈","0","6","6"
"孝武帝向西迁","0","6","6"
"加食邑八百户","0","6","6"
"派遣使者贡献","0","6","6"
"使者来贡献特","0","6","6"
"者来贡献特产","0","6","6"
"高仲密北豫州","5","0","5"
"昌宁公长孙俭","3","2","5"
"大象元年二月","3","2","5"
"命州列曹参军","5","0","5"
"加上开府仪同","3","2","5"
"进授骠骑大将","4","1","5"
"加授上大将军","2","3","5"
"加授抚军将军","1","4","5"
"司州刺史柳仲","3","2","5"
"州刺史柳仲礼","3","2","5"
"梁武陵王萧纪","3","2","5"
"进位仪同三司","3","2","5"
"增邑前二千户","5","0","5"
"州刺史华皎举","3","2","5"
"刺史华皎举州","3","2","5"
"进位开府仪同","4","1","5"
"迁开府仪同三","5","0","5"
"追赠柱国大将","4","1","5"
"赠柱国大将军","4","1","5"
"寻进车骑大将","5","0","5"
"梁宜丰侯萧循","4","1","5"
"大将军宇文贵","3","2","5"
"加授仪同三司","1","4","5"
"加授开府仪同","1","4","5"
"离京前往封国","0","5","5"
"任命周惠达为","0","5","5"
"元年春季正月","0","5","5"
"官至开府仪同","0","5","5"
"后来多次升迁","0","5","5"
"来多次升迁任","0","5","5"
"品州列曹参军","0","5","5"
"出任宜州刺史","0","5","5"
"在河桥之战中","0","5","5"
"增加食邑通前","0","5","5"
"任仪同大将军","0","5","5"
"晋升车骑大将","0","5","5"
"隋朝开皇初年","0","5","5"
"晋为骠骑大将","0","5","5"
"二年春季正月","0","5","5"
"作为他的后嗣","0","5","5"
"派使者前来贡","0","5","5"
"使者前来贡献","0","5","5"
"武帝前往云阳","0","5","5"
"帝前往云阳宫","0","5","5"
"从云阳宫返回","0","5","5"
"晋公宇文护的","0","5","5"
"太祖讨伐侯莫","0","5","5"
"祖讨伐侯莫陈","0","5","5"
"被隋文帝杀害","0","5","5"
"被齐神武杀害","0","5","5"
"升爵位为王爵","0","5","5"
"母亲以孝顺闻","0","5","5"
"亲以孝顺闻名","0","5","5"
"还没有来得及","0","5","5"
"加散骑常侍衔","0","5","5"
"任尚书左仆射","0","5","5"
"涉猎经书史籍","0","5","5"
"跟随太祖收复","0","5","5"
"齐神武的军队","0","5","5"
"升为柱国大将","0","5","5"
"为开府仪同三","0","5","5"
"任柱国大将军","0","5","5"
"太祖擒获窦泰","0","5","5"
"步兵骑兵一万","0","5","5"
"为员外散骑侍","0","5","5"
"廷追赠他为太","0","5","5"
"跟从魏孝武帝","0","5","5"
"从魏孝武帝西","0","5","5"
"官至仪同三司","0","5","5"
"孝武帝与齐神","0","5","5"
"武帝与齐神武","0","5","5"
"跟随魏孝武帝","0","5","5"
"邑增至一千户","0","5","5"
"跟从大军战于","0","5","5"
"开始担任官职","0","5","5"
"基本上与华夏","0","5","5"
"本上与华夏相","0","5","5"
"上与华夏相同","0","5","5"
"许国公宇文善","2","2","4"
"陕州刺史李徽","2","2","4"
"州刺史李徽伯","2","2","4"
"刺史宇文仲州","4","0","4"
"平高公侯伏侯","2","2","4"
"高公侯伏侯龙","2","2","4"
"公侯伏侯龙恩","2","2","4"
"荥阳公司马消","4","0","4"
"武乡公崔弘度","2","2","4"
"十一防诸军事","2","2","4"
"大丞相府司马","2","2","4"
"右银青光禄大","2","2","4"
"柱国大将军府","2","2","4"
"四平前后左右","2","2","4"
"尉迟迥围洛阳","4","0","4"
"凉甘瓜三州诸","2","2","4"
"甘瓜三州诸军","2","2","4"
"瓜三州诸军事","2","2","4"
"尚书驾部郎中","2","2","4"
"邑一千四百户","2","2","4"
"迁事黄门侍郎","4","0","4"
"十一州诸军事","2","2","4"
"齐洛州刺史独","3","1","4"
"大丞相府墨曹","2","2","4"
"小载师下大夫","2","2","4"
"丞相府记室参","2","2","4"
"转御正中大夫","4","0","4"
"迁通直散骑常","4","0","4"
"潼关等六防诸","2","2","4"
"关等六防诸军","2","2","4"
"等六防诸军事","2","2","4"
"除车骑大将军","4","0","4"
"邑一千三百户","2","2","4"
"等十三州诸军","2","2","4"
"四州五防诸军","2","2","4"
"魏大统十六年","2","2","4"
"魏安公尉迟迥","2","2","4"
"帅夏州刺史刘","2","2","4"
"州刺史刘平伏","2","2","4"
"沃野镇人破六","2","2","4"
"野镇人破六汗","2","2","4"
"镇人破六汗拔","2","2","4"
"人破六汗拔陵","2","2","4"
"破六汗拔陵作","2","2","4"
"六汗拔陵作乱","2","2","4"
"灵州刺史曹泥","2","2","4"
"纥豆陵伊利等","2","2","4"
"增邑前五千户","4","0","4"
"大都督韦孝宽","2","2","4"
"太祖遣大将军","4","0","4"
"都督中外诸军","2","2","4"
"北豫州刺史司","2","2","4"
"豫州刺史司马","2","2","4"
"州刺史司马消","2","2","4"
"刺史司马消难","2","2","4"
"宁蜀公尉迟迥","2","2","4"
"突厥遣使献方","4","0","4"
"厥遣使献方物","4","0","4"
"博陵公贺兰祥","2","2","4"
"荧惑犯太微上","4","0","4"
"大将军宇文盛","2","2","4"
"吐谷浑遣使献","4","0","4"
"谷浑遣使献方","4","0","4"
"浑遣使献方物","4","0","4"
"小司寇淮南公","2","2","4"
"司寇淮南公元","2","2","4"
"寇淮南公元伟","2","2","4"
"海昌王尉相贵","2","2","4"
"齐昌王莫多娄","2","2","4"
"昌王莫多娄敬","2","2","4"
"王莫多娄敬显","2","2","4"
"徐州总管梁士","2","2","4"
"州总管梁士彦","2","2","4"
"平公宇文神举","2","2","4"
"等十五州诸军","2","2","4"
"时晋公护执政","4","0","4"
"宣政元年二月","2","2","4"
"荆州刺史李魔","2","2","4"
"州刺史李魔怜","2","2","4"
"贺拔岳讨万俟","4","0","4"
"拔岳讨万俟丑","4","0","4"
"岳讨万俟丑奴","4","0","4"
"太祖帐内都督","2","2","4"
"等二十州诸军","2","2","4"
"邑通前一千五","4","0","4"
"通前一千五百","4","0","4"
"前一千五百户","4","0","4"
"褐员外散骑侍","4","0","4"
"行台慕容绍宗","2","2","4"
"宜丰侯萧循固","3","1","4"
"丰侯萧循固守","3","1","4"
"渭州民郑五丑","3","1","4"
"昌乐大长公主","2","2","4"
"十八州诸军事","2","2","4"
"迁员外散骑侍","4","0","4"
"讨平侯莫陈悦","1","3","4"
"独孤信入洛阳","4","0","4"
"河内公独孤信","2","2","4"
"丞相府参军事","2","2","4"
"功授辅国将军","3","1","4"
"邑通前五千户","2","2","4"
"尚书长孙绍远","2","2","4"
"州十五镇诸军","2","2","4"
"十五镇诸军事","2","2","4"
"凤州人仇周贡","2","2","4"
"魏孝明帝挽郎","2","2","4"
"丞相府右长史","2","2","4"
"州白马傥城二","2","2","4"
"白马傥城二防","2","2","4"
"马傥城二防诸","2","2","4"
"傥城二防诸军","2","2","4"
"城二防诸军事","2","2","4"
"司徒府参军事","2","2","4"
"中外府乐曹参","2","2","4"
"外府乐曹参军","2","2","4"
"州都督府长史","2","2","4"
"彭城二郡太守","2","2","4"
"魏洛州刺史独","2","2","4"
"江陵总管陆腾","2","2","4"
"大司马贺兰祥","2","2","4"
"而获罪被诛杀","0","4","4"
"继承了他的爵","0","4","4"
"增加食邑二百","0","4","4"
"国公尉迟迥为","0","4","4"
"州进献三足乌","0","4","4"
"国公宇文亮为","0","4","4"
"年春季正月癸","0","4","4"
"被追赠为使持","0","4","4"
"追赠为使持节","0","4","4"
"授任车骑大将","0","4","4"
"任开府仪同大","0","4","4"
"兼任尚书右仆","0","4","4"
"为给事黄门侍","0","4","4"
"任民部中大夫","0","4","4"
"转任御正中大","0","4","4"
"晋为车骑大将","0","4","4"
"尉迟迥征伐蜀","0","4","4"
"迟迥征伐蜀地","0","4","4"
"别将的身份跟","0","4","4"
"将的身份跟随","0","4","4"
"打败万俟丑奴","0","4","4"
"三年春季正月","0","4","4"
"食邑增至五千","0","4","4"
"邑增至五千户","0","4","4"
"坐骑被乱箭射","0","4","4"
"骑被乱箭射中","0","4","4"
"举行大规模阅","0","4","4"
"行大规模阅兵","0","4","4"
"突厥派使者进","0","4","4"
"厥派使者进献","0","4","4"
"贡献当地土特","0","4","4"
"献当地土特产","0","4","4"
"火星侵犯太微","0","4","4"
"年春季正月辛","0","4","4"
"武帝从同州返","0","4","4"
"帝从同州返回","0","4","4"
"者前来贡献土","0","4","4"
"中山公宇文训","0","4","4"
"伐平定了他们","0","4","4"
"北齐派使者前","0","4","4"
"齐派使者前来","0","4","4"
"将领斛律明月","0","4","4"
"武帝从云阳宫","0","4","4"
"帝从云阳宫返","0","4","4"
"陈王宇文纯为","0","4","4"
"的礼节对待他","0","4","4"
"陈国将领吴明","0","4","4"
"国将领吴明彻","0","4","4"
"皇后出家为尼","0","4","4"
"后出家为尼姑","0","4","4"
"晋公宇文护被","0","4","4"
"公宇文护被诛","0","4","4"
"跟随高祖平定","0","4","4"
"可以称得上是","0","4","4"
"太祖高兴地说","0","4","4"
"公宇文护执掌","0","4","4"
"率领一千骑兵","0","4","4"
"奉母亲以孝顺","0","4","4"
"和齐王宇文宪","0","4","4"
"出任秦州总管","0","4","4"
"郡一万户人家","0","4","4"
"一万户人家作","0","4","4"
"万户人家作为","0","4","4"
"食邑增加二千","0","4","4"
"邑增加二千户","0","4","4"
"任命为大将军","0","4","4"
"升任开府仪同","0","4","4"
"杀害贺拔岳后","0","4","4"
"第一领民酋长","0","4","4"
"跟随太祖平定","0","4","4"
"武帝向西迁徙","0","4","4"
"提升为大将军","0","4","4"
"到贺拔岳被害","0","4","4"
"他的一个儿子","0","4","4"
"的一个儿子为","0","4","4"
"贺兰祥讨伐吐","0","4","4"
"兰祥讨伐吐谷","0","4","4"
"祥讨伐吐谷浑","0","4","4"
"孝闵帝登基后","0","4","4"
"隋文帝登基后","0","4","4"
"邑增至二千户","0","4","4"
"举止安详文雅","0","4","4"
"跟随太祖征讨","0","4","4"
"征讨侯莫陈悦","0","4","4"
"魏孝武帝向西","0","4","4"
"率领军队讨伐","0","4","4"
"提升爵位为公","0","4","4"
"晋公宇文护束","0","4","4"
"公宇文护束征","0","4","4"
"增加封地一千","0","4","4"
"加封地一千户","0","4","4"
"增加封地八百","0","4","4"
"加封地八百户","0","4","4"
"采纳了他的建","0","4","4"
"纳了他的建议","0","4","4"
"于谨讨伐江陵","0","4","4"
"增加封地连原","0","4","4"
"加封地连原来","0","4","4"
"封地连原来的","0","4","4"
"地连原来的一","0","4","4"
"连原来的一共","0","4","4"
"对亲近的人说","0","4","4"
"被征召出来任","0","4","4"
"追赠原任官职","0","4","4"
"贺兰祥征讨吐","0","4","4"
"兰祥征讨吐谷","0","4","4"
"祥征讨吐谷浑","0","4","4"
"从大军战于河","0","4","4"
"大军战于河桥","0","4","4"
"为司宪中大夫","0","4","4"
"晋升为大将军","0","4","4"
"魏孝武帝与齐","0","4","4"
"听到这个消息","0","4","4"
"建德年间以后","0","4","4"
"上表请求退休","0","4","4"
"府仪同三司衔","0","4","4"
"率领所部军队","0","4","4"
"始担任官职为","0","4","4"
"为乡里所称赞","0","4","4"
"元天穆讨邢杲","3","0","3"
"除骠骑大将军","3","0","3"
"东雍州诸军事","2","1","3"
"仲密北豫州附","3","0","3"
"元年春正月己","3","0","3"
"年春正月己酉","3","0","3"
"武阳公豆卢宁","2","1","3"
"益州献三足乌","3","0","3"
"定冀等十州诸","2","1","3"
"冀等十州诸军","2","1","3"
"随太宰元天穆","1","2","3"
"太宰元天穆讨","2","1","3"
"授仪同大将军","2","1","3"
"授兵部中大夫","2","1","3"
"假骠骑大将军","2","1","3"
"卫公直镇襄州","3","0","3"
"转工部中大夫","2","1","3"
"转民部中大夫","3","0","3"
"寻加骠骑大将","3","0","3"
"进号中军将军","2","1","3"
"赠车骑大将军","2","1","3"
"独孤信镇洛阳","3","0","3"
"功授征虏将军","1","2","3"
"信江随二郢淅","2","1","3"
"宋员外散骑常","2","1","3"
"南岐州氐苻安","2","1","3"
"岐州氐苻安寿","2","1","3"
"万俟丑奴作乱","2","1","3"
"行台尉迟菩萨","2","1","3"
"天光东拒齐神","3","0","3"
"光东拒齐神武","3","0","3"
"太祖谓诸将曰","3","0","3"
"故关西大都督","2","1","3"
"定引吐谷浑寇","3","0","3"
"雍州刺史贾显","2","1","3"
"清水公贺拔岳","1","2","3"
"刺史高仲密举","3","0","3"
"开府独孤信讨","2","1","3"
"梁司州刺史柳","3","0","3"
"遣开府杨忠率","2","1","3"
"州刺史杨干运","3","0","3"
"昌平公尉迟纲","2","1","3"
"昌遣使献方物","3","0","3"
"惑犯太微上将","3","0","3"
"龙涸王莫昌率","2","1","3"
"皇后阿史氏突","3","0","3"
"后阿史氏突厥","3","0","3"
"上亲率六军讲","3","0","3"
"亲率六军讲武","3","0","3"
"率六军讲武城","3","0","3"
"六军讲武城南","3","0","3"
"安德王高延宗","1","2","3"
"东平公宇文神","2","1","3"
"斛律明月率众","3","0","3"
"使突厥迎皇后","2","1","3"
"大都督独孤信","2","1","3"
"侯莫陈悦害岳","3","0","3"
"寻进位骠骑大","3","0","3"
"独孤信复洛阳","3","0","3"
"东魏陕州刺史","2","1","3"
"将军豆卢宁讨","2","1","3"
"赐奴婢一百口","3","0","3"
"东魏将侯景等","3","0","3"
"入司会中大夫","3","0","3"
"同谋翊戴太祖","3","0","3"
"邑通前二千二","3","0","3"
"通前二千二百","3","0","3"
"前二千二百户","3","0","3"
"赐爵安平县侯","2","1","3"
"破齐神武沙苑","3","0","3"
"侯萧循固守南","2","1","3"
"萧循固守南郑","2","1","3"
"武陵王萧纪遣","3","0","3"
"傍乞铁匆郑五","3","0","3"
"乞铁匆郑五丑","3","0","3"
"铁匆郑五丑等","3","0","3"
"讨稽胡郝阿保","2","1","3"
"等五州诸军事","1","2","3"
"羌酋傍乞铁匆","3","0","3"
"东魏荆州刺史","2","1","3"
"魏荆州刺史辛","2","1","3"
"荆州刺史辛纂","2","1","3"
"显蔚四州诸军","2","1","3"
"蔚四州诸军事","2","1","3"
"位上仪同大将","3","0","3"
"齐神武举兵入","3","0","3"
"神武举兵入洛","3","0","3"
"襄州总管王谊","2","1","3"
"魏齐王萧宝夤","2","1","3"
"太祖平侯莫陈","3","0","3"
"祖平侯莫陈悦","3","0","3"
"孝武齐神武隙","3","0","3"
"相府东合祭酒","3","0","3"
"授上开府仪同","1","2","3"
"贺拔岳侯莫陈","3","0","3"
"拔岳侯莫陈悦","3","0","3"
"梁岳阳王萧察","2","1","3"
"太祖讨平侯莫","1","2","3"
"祖讨平侯莫陈","1","2","3"
"赐爵清河县伯","2","1","3"
"授御正中大夫","1","2","3"
"宣政元年四月","2","1","3"
"时隋文帝执政","1","2","3"
"进爵安乐郡公","2","1","3"
"丞相斛律明月","1","2","3"
"魏孝武齐神武","3","0","3"
"史华皎举州归","1","2","3"
"遣行台薛循义","2","1","3"
"前一千六百户","3","0","3"
"授员外散骑侍","2","1","3"
"汝南王萧大封","1","2","3"
"王府记室参军","1","2","3"
"凉州刺史史宁","2","1","3"
"王遣使献方物","3","0","3"
"承了他的爵位","0","3","3"
"参与河桥之战","0","3","3"
"德才兼备的人","0","3","3"
"共同治理天下","0","3","3"
"广泛阅读经史","0","3","3"
"位至开府仪同","0","3","3"
"加食邑二百户","0","3","3"
"善于鉴别人才","0","3","3"
"侯莫陈崇为大","0","3","3"
"辅城公宇文邕","0","3","3"
"城公宇文邕为","0","3","3"
"益州进献三足","0","3","3"
"安武公李穆为","0","3","3"
"公侯莫陈琼为","0","3","3"
"四年春季正月","0","3","3"
"年春季正月戊","0","3","3"
"袍罕公辛威为","0","3","3"
"为仪同大将军","0","3","3"
"齐王宇文宪的","0","3","3"
"随国公杨坚为","0","3","3"
"秦王宇文贽为","0","3","3"
"州等十州诸军","0","3","3"
"任左光禄大夫","0","3","3"
"至开府仪同三","0","3","3"
"出任岐州刺史","0","3","3"
"追赠他为使持","0","3","3"
"赠他为使持节","0","3","3"
"至上仪同大将","0","3","3"
"兼任给事黄门","0","3","3"
"尉迟迥包围洛","0","3","3"
"迟迥包围洛阳","0","3","3"
"官至上大将军","0","3","3"
"他为车骑大将","0","3","3"
"朝廷追赠他使","0","3","3"
"廷追赠他使持","0","3","3"
"追赠他使持节","0","3","3"
"官拜车骑大将","0","3","3"
"拜车骑大将军","0","3","3"
"增加食邑二千","0","3","3"
"加食邑通前三","0","3","3"
"食邑通前三千","0","3","3"
"升任武卫将军","0","3","3"
"任内史中大夫","0","3","3"
"晋爵为蓝田县","0","3","3"
"转任华州刺史","0","3","3"
"任工部中大夫","0","3","3"
"随从魏孝武帝","0","3","3"
"任陇右总管府","0","3","3"
"增加食邑七百","0","3","3"
"加食邑七百户","0","3","3"
"任司宗中大夫","0","3","3"
"任命为使持节","0","3","3"
"俟斤又遣使来","0","3","3"
"的身份跟随尔","0","3","3"
"身份跟随尔朱","0","3","3"
"的身份跟随贺","0","3","3"
"身份跟随贺拔","0","3","3"
"份跟随贺拔岳","0","3","3"
"侯莫陈悦一起","0","3","3"
"没有不成功的","0","3","3"
"率领精锐骑兵","0","3","3"
"轻装骑兵追赶","0","3","3"
"太祖平定弘农","0","3","3"
"刺史高仲密以","0","3","3"
"全州前来归附","0","3","3"
"太祖率军迎接","0","3","3"
"太祖派大将军","0","3","3"
"梁国雍州刺史","0","3","3"
"忠活捉柳仲礼","0","3","3"
"章武公宇文导","0","3","3"
"任命他为都督","0","3","3"
"州刺史杨乾运","0","3","3"
"孝闵帝即位后","0","3","3"
"帝亲自耕种籍","0","3","3"
"亲自耕种籍田","0","3","3"
"进献当地土产","0","3","3"
"年春季正月己","0","3","3"
"公宇文直镇守","0","3","3"
"派使者进献土","0","3","3"
"使者进献土产","0","3","3"
"为百姓的父母","0","3","3"
"一同派使者贡","0","3","3"
"同派使者贡献","0","3","3"
"派使者贡献当","0","3","3"
"使者贡献当地","0","3","3"
"者贡献当地土","0","3","3"
"在正武殿举行","0","3","3"
"正武殿举行大","0","3","3"
"武殿举行大规","0","3","3"
"殿举行大规模","0","3","3"
"星侵犯太微星","0","3","3"
"侵犯太微星垣","0","3","3"
"国公宇文直为","0","3","3"
"都督以上的官","0","3","3"
"督以上的官员","0","3","3"
"蔡国公宇文广","0","3","3"
"太阳周围出现","0","3","3"
"阳周围出现光","0","3","3"
"周围出现光环","0","3","3"
"安公杨荐等人","0","3","3"
"公以下的官员","0","3","3"
"国公宇文纯为","0","3","3"
"派使者前来进","0","3","3"
"使者前来进献","0","3","3"
"皇后阿史那氏","0","3","3"
"后阿史那氏从","0","3","3"
"阿史那氏从突","0","3","3"
"史那氏从突厥","0","3","3"
"皇上亲自率领","0","3","3"
"上亲自率领六","0","3","3"
"自率领六军在","0","3","3"
"率领六军在城","0","3","3"
"领六军在城南","0","3","3"
"率兵讨伐平定","0","3","3"
"兵讨伐平定了","0","3","3"
"荣阳公司马消","0","3","3"
"公司马消难为","0","3","3"
"进行军事演习","0","3","3"
"宇文宪为大冢","0","3","3"
"文宪为大冢宰","0","3","3"
"赵国公宇文招","0","3","3"
"政治上的得失","0","3","3"
"庄公宇文洛生","0","3","3"
"月亮侵犯心宿","0","3","3"
"亮侵犯心宿的","0","3","3"
"侵犯心宿的中","0","3","3"
"犯心宿的中星","0","3","3"
"各军都督以上","0","3","3"
"武帝下诏答覆","0","3","3"
"在大德殿召集","0","3","3"
"越王宇文盛为","0","3","3"
"齐王宇文宪率","0","3","3"
"武帝亲自率领","0","3","3"
"皇太子讨伐吐","0","3","3"
"太子讨伐吐谷","0","3","3"
"子讨伐吐谷浑","0","3","3"
"派齐王宇文宪","0","3","3"
"宇文宪率精锐","0","3","3"
"文宪率精锐骑","0","3","3"
"宪率精锐骑兵","0","3","3"
"率步骑兵一万","0","3","3"
"前来贡献土特","0","3","3"
"来贡献土特产","0","3","3"
"宇文神举等人","0","3","3"
"天下分崩离析","0","3","3"
"任命韦孝宽为","0","3","3"
"梁睿为行军元","0","3","3"
"睿为行军元帅","0","3","3"
"宇文护的儿子","0","3","3"
"任宗师中大夫","0","3","3"
"率领骑兵追击","0","3","3"
"终年四十四岁","0","3","3"
"任命宇文亮为","0","3","3"
"文护被诛杀后","0","3","3"
"州等六州诸军","0","3","3"
"高祖下诏命宇","0","3","3"
"祖下诏命宇文","0","3","3"
"高祖命宇文宪","0","3","3"
"晋公宇文护对","0","3","3"
"宇文宪的军队","0","3","3"
"到晋公宇文护","0","3","3"
"向东讨伐齐国","0","3","3"
"等人率轻装骑","0","3","3"
"人率轻装骑兵","0","3","3"
"的第三个儿子","0","3","3"
"不久升任柱国","0","3","3"
"宇文护执掌朝","0","3","3"
"文护执掌朝政","0","3","3"
"出任益州总管","0","3","3"
"向东讨伐北齐","0","3","3"
"率领他的部众","0","3","3"
"出任华州刺史","0","3","3"
"尔朱荣进入洛","0","3","3"
"食邑增加六百","0","3","3"
"邑增加六百户","0","3","3"
"随即被任命为","0","3","3"
"当时万俟丑奴","0","3","3"
"缴获其军用物","0","3","3"
"获其军用物资","0","3","3"
"被任命为都督","0","3","3"
"尔朱天光西征","0","3","3"
"加授龙骧将军","0","3","3"
"跟随太祖讨伐","0","3","3"
"随太祖讨伐侯","0","3","3"
"到侯莫陈悦杀","0","3","3"
"又升任骠骑大","0","3","3"
"娶太祖的女儿","0","3","3"
"出任员外散骑","0","3","3"
"高祖平定齐国","0","3","3"
"授任抚军将军","0","3","3"
"完全采纳了他","0","3","3"
"全采纳了他的","0","3","3"
"帝采纳了他的","0","3","3"
"任大行台尚书","0","3","3"
"当时没有人能","0","3","3"
"为民部中大夫","0","3","3"
"莫陈悦杀害以","0","3","3"
"陈悦杀害以后","0","3","3"
"侯莫陈悦被平","0","3","3"
"莫陈悦被平定","0","3","3"
"任命独孤信为","0","3","3"
"梁武帝认为他","0","3","3"
"魏将领侯景等","0","3","3"
"将领侯景等人","0","3","3"
"追赠独孤信之","0","3","3"
"随从高祖东征","0","3","3"
"参与活捉窦泰","0","3","3"
"任司宪中大夫","0","3","3"
"贺拔岳被害时","0","3","3"
"商议拥戴太祖","0","3","3"
"朝廷又下诏命","0","3","3"
"到贺拔岳被侯","0","3","3"
"孝武帝往西迁","0","3","3"
"率先冲锋陷阵","0","3","3"
"以本官的身份","0","3","3"
"侍奉母亲以孝","0","3","3"
"随贺拔岳征讨","0","3","3"
"解除玉壁之围","0","3","3"
"任员外散骑常","0","3","3"
"有将帅的才能","0","3","3"
"武帝向西迁移","0","3","3"
"授任直合将军","0","3","3"
"出仕为员外散","0","3","3"
"仕为员外散骑","0","3","3"
"派遣他的将领","0","3","3"
"坚决推辞不肯","0","3","3"
"出任同州刺史","0","3","3"
"握着他的手说","0","3","3"
"终年六十七岁","0","3","3"
"增加封地三百","0","3","3"
"加封地三百户","0","3","3"
"授任镇束将军","0","3","3"
"追赠他为太保","0","3","3"
"魏孝武帝的功","0","3","3"
"孝武帝的功劳","0","3","3"
"官位提升为骠","0","3","3"
"位提升为骠骑","0","3","3"
"提升为骠骑大","0","3","3"
"元颢进入洛阳","0","3","3"
"升任右卫将军","0","3","3"
"现在朝廷大军","0","3","3"
"又升任车骑大","0","3","3"
"和晋公宇文护","0","3","3"
"官位提升为柱","0","3","3"
"位提升为柱国","0","3","3"
"原来的一共一","0","3","3"
"来的一共一千","0","3","3"
"时就历任显要","0","3","3"
"陈公宇文纯等","0","3","3"
"公宇文纯等人","0","3","3"
"的女儿嫁给他","0","3","3"
"出任河州刺史","0","3","3"
"侯景渡过长江","0","3","3"
"升任柱国大将","0","3","3"
"跟随晋公宇文","0","3","3"
"随晋公宇文护","0","3","3"
"帝西迁的时候","0","3","3"
"被推举为秀才","0","3","3"
"待他十分优厚","0","3","3"
"他为骠骑大将","0","3","3"
"朝廷任命他为","0","3","3"
"任中外府记室","0","3","3"
"在任职期间去","0","3","3"
"任职期间去世","0","3","3"
"认为他说得对","0","3","3"
"任上开府仪同","0","3","3"
"家中没有多余","0","3","3"
"中没有多余的","0","3","3"
"没有多余的财","0","3","3"
"岁时父亲去世","0","3","3"
"宇文护被处死","0","3","3"
"任司徒右长史","0","3","3"
"随魏孝武帝西","0","3","3"
"他的前后功劳","0","3","3"
"被任命为大将","0","3","3"
"跟从贺兰祥征","0","3","3"
"从贺兰祥征讨","0","3","3"
"等到魏孝武帝","0","3","3"
"中征召出来任","0","3","3"
"大军收复弘农","0","3","3"
"随卫公宇文直","0","3","3"
"增加食邑与以","0","3","3"
"加食邑与以前","0","3","3"
"食邑与以前的","0","3","3"
"邑与以前的相","0","3","3"
"与以前的相加","0","3","3"
"以前的相加共","0","3","3"
"升为车骑大将","0","3","3"
"率领步军骑兵","0","3","3"
"功勋受赐爵号","0","3","3"
"勋受赐爵号武","0","3","3"
"晋公宇文护因","0","3","3"
"记录前后功劳","0","3","3"
"朝廷议论认为","0","3","3"
"尉迟迥讨伐蜀","0","3","3"
"迟迥讨伐蜀地","0","3","3"
"授任宁朔将军","0","3","3"
"建德元年去世","0","3","3"
"魏孝武帝即位","0","3","3"
"帝与齐神武帝","0","3","3"
"孝闵帝登上皇","0","3","3"
"闵帝登上皇位","0","3","3"
"于谨平定江陵","0","3","3"
"封一个儿子为","0","3","3"
"涉猎经籍史书","0","3","3"
"受到感动而醒","0","3","3"
"到感动而醒悟","0","3","3"
"文帝又派遣杨","0","3","3"
"帝又派遣杨荐","0","3","3"
"已经很长时间","0","3","3"
"晋为开府仪同","0","3","3"
"自幼聪明机敏","0","3","3"
"仪同大将军衔","0","3","3"
"邑增至一千六","0","3","3"
"增至一千六百","0","3","3"
"至一千六百户","0","3","3"
"参加河桥战役","0","3","3"
"当时人都认为","0","3","3"
"任为行台郎中","0","3","3"
"开始担任的官","0","3","3"
"始担任的官职","0","3","3"
"担任的官职为","0","3","3"
"官职为奉朝请","0","3","3"
"对他十分器重","0","3","3"
"增加五百户食","0","3","3"
"加五百户食邑","0","3","3"
"独孤信入据洛","0","3","3"
"孤信入据洛阳","0","3","3"
"派遣使者来献","0","3","3"
"次派遣使者来","0","3","3"
"安义公宇文丘","2","0","2"
"申州刺史李慧","1","1","2"
"荆州刺史独孤","1","1","2"
"都督东雍州诸","1","1","2"
"督东雍州诸军","1","1","2"
"总管襄郢昌丰","1","1","2"
"管襄郢昌丰唐","1","1","2"
"襄郢昌丰唐蔡","1","1","2"
"郢昌丰唐蔡六","1","1","2"
"昌丰唐蔡六州","1","1","2"
"丰唐蔡六州诸","1","1","2"
"唐蔡六州诸军","1","1","2"
"蔡六州诸军事","1","1","2"
"进授车骑大将","2","0","2"
"邑通前一千八","2","0","2"
"通前一千八百","2","0","2"
"前一千八百户","2","0","2"
"左宫伯中大夫","1","1","2"
"通洛慈涧防主","1","1","2"
"赐爵千乘县男","1","1","2"
"王士良字君明","1","1","2"
"开府斛斯琏等","1","1","2"
"授宜阳邑大中","1","1","2"
"宜阳邑大中正","1","1","2"
"梁洵兴等七州","1","1","2"
"洵兴等七州诸","1","1","2"
"兴等七州诸军","1","1","2"
"魏大统十七年","1","1","2"
"高祖行幸云阳","1","1","2"
"江陵副总管高","1","1","2"
"陵副总管高琳","1","1","2"
"尚书仆射王操","1","1","2"
"太祖文皇帝姓","1","1","2"
"祖文皇帝姓宇","1","1","2"
"文皇帝姓宇文","1","1","2"
"皇帝姓宇文氏","1","1","2"
"前略阳郡守张","1","1","2"
"略阳郡守张献","1","1","2"
"魏大统元年春","1","1","2"
"大统元年春正","1","1","2"
"统元年春正月","1","1","2"
"改封安定郡王","1","1","2"
"东魏将侯景攻","2","0","2"
"侯景攻陷广州","1","1","2"
"东魏将王元轨","2","0","2"
"魏帝诏封太祖","1","1","2"
"帝诏封太祖长","1","1","2"
"诏封太祖长子","1","1","2"
"魏恭帝元年夏","1","1","2"
"恭帝元年夏四","1","1","2"
"帝元年夏四月","1","1","2"
"丹阳立梁元帝","1","1","2"
"阳立梁元帝第","1","1","2"
"立梁元帝第九","1","1","2"
"梁元帝第九子","1","1","2"
"侯莫陈崇大司","2","0","2"
"功臣琅邪贞献","1","1","2"
"臣琅邪贞献公","1","1","2"
"琅邪贞献公贺","1","1","2"
"邪贞献公贺拔","1","1","2"
"贞献公贺拔胜","1","1","2"
"献公贺拔胜等","1","1","2"
"公贺拔胜等十","1","1","2"
"贺拔胜等十三","1","1","2"
"拔胜等十三人","1","1","2"
"胜等十三人配","1","1","2"
"等十三人配享","1","1","2"
"十三人配享太","1","1","2"
"三人配享太祖","1","1","2"
"人配享太祖庙","1","1","2"
"公侯莫陈崇大","2","0","2"
"阳公达奚武大","2","0","2"
"授蒲州诸军事","1","1","2"
"柱国随国公杨","1","1","2"
"国随国公杨忠","1","1","2"
"柱国蜀国公尉","1","1","2"
"国蜀国公尉迟","1","1","2"
"封开府贺拔纬","1","1","2"
"国公达奚武太","2","0","2"
"柱国安武公李","1","1","2"
"国安武公李穆","1","1","2"
"绥德公陆通大","2","0","2"
"德公陆通大司","2","0","2"
"进封柱国韦孝","1","1","2"
"封柱国韦孝宽","1","1","2"
"大将军武安公","1","1","2"
"将军武安公侯","1","1","2"
"军武安公侯莫","1","1","2"
"武安公侯莫陈","1","1","2"
"安公侯莫陈琼","1","1","2"
"南阳公叱罗协","1","1","2"
"后宫罗绮工人","1","1","2"
"宫罗绮工人五","1","1","2"
"罗绮工人五百","1","1","2"
"绮工人五百余","1","1","2"
"工人五百余人","1","1","2"
"李晖梁州总管","2","0","2"
"柱国周昌公侯","1","1","2"
"国周昌公侯莫","1","1","2"
"柱国枹罕公辛","2","0","2"
"国枹罕公辛威","2","0","2"
"仪同三司仪同","2","0","2"
"同三司仪同大","2","0","2"
"三司仪同大将","2","0","2"
"司仪同大将军","2","0","2"
"齐行台左丞侯","1","1","2"
"行台左丞侯子","1","1","2"
"台左丞侯子钦","1","1","2"
"大将军广化公","1","1","2"
"将军广化公丘","1","1","2"
"军广化公丘崇","1","1","2"
"广业公尉迟运","1","1","2"
"上柱国杞国公","1","1","2"
"柱国应国公独","1","1","2"
"国应国公独孤","1","1","2"
"应国公独孤永","1","1","2"
"国公独孤永业","1","1","2"
"年春正月癸酉","2","0","2"
"吐谷浑伪赵王","1","1","2"
"元圣皇太后李","1","1","2"
"圣皇太后李氏","1","1","2"
"天元大皇后杨","1","1","2"
"元大皇后杨氏","1","1","2"
"天大皇后朱氏","1","1","2"
"天中大皇后陈","1","1","2"
"中大皇后陈氏","1","1","2"
"天右大皇后元","1","1","2"
"右大皇后元氏","1","1","2"
"天左大皇后尉","1","1","2"
"左大皇后尉迟","1","1","2"
"大皇后尉迟氏","1","1","2"
"开府杨永安聚","1","1","2"
"府杨永安聚众","1","1","2"
"乐宁公达奚儒","1","1","2"
"宁公达奚儒讨","1","1","2"
"随国公杨坚加","1","1","2"
"国公杨坚加大","1","1","2"
"公杨坚加大冢","1","1","2"
"杨坚加大冢宰","1","1","2"
"柱国邗国公杨","1","1","2"
"国邗国公杨雄","1","1","2"
"上大将军新宁","1","1","2"
"大将军新宁公","1","1","2"
"将军新宁公叱","1","1","2"
"军新宁公叱列","1","1","2"
"新宁公叱列长","1","1","2"
"大将军中山公","1","1","2"
"将军中山公宇","1","1","2"
"军中山公宇文","1","1","2"
"中山公宇文恩","1","1","2"
"濮阳公宇文述","1","1","2"
"上开府广宗公","1","1","2"
"开府广宗公李","1","1","2"
"府广宗公李崇","1","1","2"
"尊天元上皇太","1","1","2"
"尊天元圣皇太","1","1","2"
"宣政元年闰六","1","1","2"
"政元年闰六月","1","1","2"
"恒朔等十州诸","1","1","2"
"朔等十州诸军","1","1","2"
"三雍二华等二","1","1","2"
"雍二华等二十","1","1","2"
"二华等二十三","1","1","2"
"华等二十三州","1","1","2"
"等二十三州诸","1","1","2"
"二十三州诸军","1","1","2"
"益宁巴泸等二","1","1","2"
"宁巴泸等二十","1","1","2"
"巴泸等二十四","1","1","2"
"泸等二十四州","1","1","2"
"等二十四州诸","1","1","2"
"二十四州诸军","1","1","2"
"十四州诸军事","1","1","2"
"青徐等十州诸","1","1","2"
"徐等十州诸军","1","1","2"
"贺拔胜字破胡","1","1","2"
"太宰元穆北征","1","1","2"
"宰元穆北征葛","1","1","2"
"元穆北征葛荣","1","1","2"
"孝庄帝居河内","2","0","2"
"加都督三雍三","1","1","2"
"都督三雍三秦","1","1","2"
"督三雍三秦二","1","1","2"
"三雍三秦二岐","1","1","2"
"雍三秦二岐二","1","1","2"
"三秦二岐二华","1","1","2"
"秦二岐二华诸","1","1","2"
"二岐二华诸军","1","1","2"
"岐二华诸军事","1","1","2"
"都督关中三十","1","1","2"
"督关中三十州","1","1","2"
"关中三十州诸","1","1","2"
"中三十州诸军","1","1","2"
"三十州诸军事","1","1","2"
"官开府仪同三","2","0","2"
"都督雍华豳泾","1","1","2"
"督雍华豳泾原","1","1","2"
"雍华豳泾原三","1","1","2"
"华豳泾原三秦","1","1","2"
"豳泾原三秦二","1","1","2"
"泾原三秦二岐","1","1","2"
"原三秦二岐十","1","1","2"
"三秦二岐十州","1","1","2"
"秦二岐十州诸","1","1","2"
"二岐十州诸军","1","1","2"
"岐十州诸军事","1","1","2"
"燕肆云五州诸","1","1","2"
"肆云五州诸军","1","1","2"
"云五州诸军事","1","1","2"
"赐爵爰德县侯","1","1","2"
"定赵恒沧瀛五","1","1","2"
"赵恒沧瀛五州","1","1","2"
"恒沧瀛五州诸","1","1","2"
"沧瀛五州诸军","1","1","2"
"瀛五州诸军事","1","1","2"
"军功封灵丘县","1","1","2"
"功封灵丘县男","1","1","2"
"十四州八防诸","1","1","2"
"四州八防诸军","1","1","2"
"州八防诸军事","1","1","2"
"若干惠字惠保","1","1","2"
"东西北三夏州","1","1","2"
"西北三夏州诸","1","1","2"
"北三夏州诸军","1","1","2"
"三夏州诸军事","1","1","2"
"累迁抚军将军","2","0","2"
"改封普宁县公","1","1","2"
"十一州九防诸","1","1","2"
"一州九防诸军","1","1","2"
"州九防诸军事","1","1","2"
"山南道五十二","1","1","2"
"南道五十二州","1","1","2"
"道五十二州诸","1","1","2"
"五十二州诸军","1","1","2"
"都督利沙文三","1","1","2"
"督利沙文三州","1","1","2"
"利沙文三州诸","1","1","2"
"沙文三州诸军","1","1","2"
"文三州诸军事","1","1","2"
"兴西盖等六州","1","1","2"
"西盖等六州诸","1","1","2"
"盖等六州诸军","1","1","2"
"历位开府仪同","2","0","2"
"王雄字胡布头","1","1","2"
"同岐等十二州","1","1","2"
"岐等十二州诸","1","1","2"
"五州十一防诸","1","1","2"
"州十一防诸军","1","1","2"
"炖煌镇都大将","1","1","2"
"尉迟迥字薄居","1","1","2"
"迟迥字薄居罗","1","1","2"
"荥州刺史邵公","1","1","2"
"州刺史邵公宇","1","1","2"
"刺史邵公宇文","1","1","2"
"申州刺史李惠","1","1","2"
"东楚州刺史费","1","1","2"
"东潼州刺史曹","1","1","2"
"潼州刺史曹孝","1","1","2"
"州刺史曹孝达","1","1","2"
"司马消难字道","1","1","2"
"马消难字道融","1","1","2"
"大将军府司马","1","1","2"
"总管梁兴等十","1","1","2"
"管梁兴等十九","1","1","2"
"梁兴等十九州","1","1","2"
"兴等十九州诸","1","1","2"
"等十九州诸军","1","1","2"
"十九州诸军事","1","1","2"
"魏临淮王记室","1","1","2"
"临淮王记室参","1","1","2"
"淮王记室参军","1","1","2"
"王记室参军事","1","1","2"
"治御伯下大夫","1","1","2"
"国大将军府长","1","1","2"
"大将军府长史","1","1","2"
"四征中镇抚军","1","1","2"
"征中镇抚军府","1","1","2"
"七命州列曹参","2","0","2"
"平前后左右府","1","1","2"
"镇远建忠中坚","2","0","2"
"远建忠中坚宁","2","0","2"
"建忠中坚宁朔","2","0","2"
"宁远扬烈伏波","2","0","2"
"远扬烈伏波轻","2","0","2"
"扬烈伏波轻车","2","0","2"
"烈伏波轻车府","2","0","2"
"上柱国大将军","1","1","2"
"害都督大野树","1","1","2"
"子侄男女中外","1","1","2"
"侄男女中外诸","1","1","2"
"男女中外诸孙","1","1","2"
"泾原秦等十州","1","1","2"
"原秦等十州诸","1","1","2"
"秦等十州诸军","1","1","2"
"刺史高仲密请","1","1","2"
"时齐神武屯兵","1","1","2"
"齐神武屯兵河","1","1","2"
"神武屯兵河阳","1","1","2"
"长孙绍远字师","1","1","2"
"避难改姓杜氏","1","1","2"
"赐姓大利稽氏","1","1","2"
"延夏盐恒燕五","1","1","2"
"夏盐恒燕五州","1","1","2"
"盐恒燕五州诸","1","1","2"
"恒燕五州诸军","1","1","2"
"燕五州诸军事","1","1","2"
"凉西凉二州诸","1","1","2"
"西凉二州诸军","1","1","2"
"凉二州诸军事","1","1","2"
"蛮帅向五子等","1","1","2"
"帅向五子等聚","1","1","2"
"向五子等聚众","1","1","2"
"仪同李延孙相","1","1","2"
"同李延孙相会","1","1","2"
"取梁将柳仲礼","1","1","2"
"赠河鄯邓延洮","1","1","2"
"河鄯邓延洮宕","1","1","2"
"鄯邓延洮宕翼","1","1","2"
"邓延洮宕翼七","1","1","2"
"延洮宕翼七州","1","1","2"
"洮宕翼七州诸","1","1","2"
"宕翼七州诸军","1","1","2"
"翼七州诸军事","1","1","2"
"加柱国大将军","2","0","2"
"改封永丰县公","1","1","2"
"赐爵卢奴县公","1","1","2"
"赐封安阳县伯","1","1","2"
"邑二千一百户","1","1","2"
"邑通前三千九","1","1","2"
"通前三千九百","1","1","2"
"前三千九百户","1","1","2"
"冀沧瀛赵卫贝","1","1","2"
"沧瀛赵卫贝魏","1","1","2"
"瀛赵卫贝魏洛","1","1","2"
"赵卫贝魏洛八","1","1","2"
"卫贝魏洛八州","1","1","2"
"贝魏洛八州诸","1","1","2"
"魏洛八州诸军","1","1","2"
"洛八州诸军事","1","1","2"
"汾北华瀛三州","1","1","2"
"北华瀛三州刺","1","1","2"
"华瀛三州刺史","1","1","2"
"总管荆郢硖夔","1","1","2"
"管荆郢硖夔复","1","1","2"
"荆郢硖夔复沔","1","1","2"
"郢硖夔复沔岳","1","1","2"
"硖夔复沔岳沅","1","1","2"
"夔复沔岳沅澧","1","1","2"
"复沔岳沅澧鄂","1","1","2"
"沔岳沅澧鄂十","1","1","2"
"岳沅澧鄂十州","1","1","2"
"沅澧鄂十州诸","1","1","2"
"澧鄂十州诸军","1","1","2"
"鄂十州诸军事","1","1","2"
"金迁房直均五","1","1","2"
"迁房直均五州","1","1","2"
"房直均五州诸","1","1","2"
"直均五州诸军","1","1","2"
"均五州诸军事","1","1","2"
"寻授车骑大将","2","0","2"
"增邑一千二百","2","0","2"
"改封常山郡公","1","1","2"
"邑二千九百户","1","1","2"
"幽定七州六镇","1","1","2"
"定七州六镇诸","1","1","2"
"七州六镇诸军","1","1","2"
"州六镇诸军事","1","1","2"
"进爵安武郡公","1","1","2"
"邑一千七百户","1","1","2"
"原灵豳三州刺","1","1","2"
"灵豳三州刺史","1","1","2"
"赠五州诸军事","1","1","2"
"赐爵文城郡公","1","1","2"
"都督益潼等三","1","1","2"
"督益潼等三十","1","1","2"
"益潼等三十一","1","1","2"
"潼等三十一州","1","1","2"
"等三十一州诸","1","1","2"
"三十一州诸军","1","1","2"
"利沙方渠四州","1","1","2"
"沙方渠四州诸","1","1","2"
"方渠四州诸军","1","1","2"
"渠四州诸军事","1","1","2"
"赠中淅涿三州","1","1","2"
"中淅涿三州刺","1","1","2"
"淅涿三州刺史","1","1","2"
"石二州五镇诸","1","1","2"
"二州五镇诸军","1","1","2"
"州五镇诸军事","1","1","2"
"左金紫光禄大","1","1","2"
"梁州总管府长","1","1","2"
"岐宜宁豳四州","1","1","2"
"宜宁豳四州诸","1","1","2"
"宁豳四州诸军","1","1","2"
"豳四州诸军事","1","1","2"
"广陵王府直兵","1","1","2"
"陵王府直兵参","1","1","2"
"王府直兵参军","1","1","2"
"史独孤永业相","1","1","2"
"独孤永业相对","1","1","2"
"赠襄郢二州刺","1","1","2"
"襄郢二州刺史","1","1","2"
"大丞相府士曹","1","1","2"
"丞相府士曹行","1","1","2"
"相府士曹行参","1","1","2"
"府士曹行参军","1","1","2"
"春官府都上士","1","1","2"
"襄州总管府长","1","1","2"
"赐爵高邑县侯","1","1","2"
"尚书右中兵郎","1","1","2"
"书右中兵郎中","1","1","2"
"华夏二州诸军","1","1","2"
"夏二州诸军事","1","1","2"
"尚书左士郎中","1","1","2"
"增邑一千五百","2","0","2"
"魏将作大匠浑","2","0","2"
"将作大匠浑十","2","0","2"
"作大匠浑十一","2","0","2"
"大匠浑十一世","2","0","2"
"匠浑十一世孙","2","0","2"
"元天穆讨平邢","1","1","2"
"天穆讨平邢杲","1","1","2"
"太师咸阳王长","1","1","2"
"师咸阳王长史","1","1","2"
"后开府仪同三","2","0","2"
"相三州诸军事","1","1","2"
"随应等十一州","1","1","2"
"应等十一州甑","1","1","2"
"等十一州甑山","1","1","2"
"十一州甑山上","1","1","2"
"一州甑山上明","1","1","2"
"州甑山上明鲁","1","1","2"
"甑山上明鲁山","1","1","2"
"山上明鲁山三","1","1","2"
"上明鲁山三镇","1","1","2"
"明鲁山三镇诸","1","1","2"
"鲁山三镇诸军","1","1","2"
"山三镇诸军事","1","1","2"
"荆淅等十四州","1","1","2"
"淅等十四州南","1","1","2"
"等十四州南阳","1","1","2"
"十四州南阳平","1","1","2"
"四州南阳平阳","1","1","2"
"州南阳平阳等","1","1","2"
"南阳平阳等八","1","1","2"
"阳平阳等八防","1","1","2"
"平阳等八防诸","1","1","2"
"阳等八防诸军","1","1","2"
"等八防诸军事","1","1","2"
"除司徒左长史","2","0","2"
"南汾州刺史薛","1","1","2"
"汾州刺史薛琰","1","1","2"
"州刺史薛琰达","1","1","2"
"加本州大中正","1","1","2"
"改封文城县伯","1","1","2"
"青齐兖豫四州","1","1","2"
"齐兖豫四州刺","1","1","2"
"兖豫四州刺史","1","1","2"
"都督十五州诸","1","1","2"
"督十五州诸军","1","1","2"
"加郢鄯陕三州","1","1","2"
"郢鄯陕三州诸","1","1","2"
"鄯陕三州诸军","1","1","2"
"陕三州诸军事","1","1","2"
"进授柱国大将","1","1","2"
"入事黄门侍郎","2","0","2"
"丞相府宾曹参","1","1","2"
"相府宾曹参军","1","1","2"
"获贼帅冉西梨","1","1","2"
"东中郎府司马","1","1","2"
"卫州蔚州长史","1","1","2"
"幽州总管府司","1","1","2"
"州总管府司马","1","1","2"
"朔州总管府长","1","1","2"
"魏南雍州刺史","1","1","2"
"赠泾岐燕三州","1","1","2"
"泾岐燕三州刺","1","1","2"
"岐燕三州刺史","1","1","2"
"进号冠军将军","1","1","2"
"太保转太傅长","1","1","2"
"保转太傅长史","1","1","2"
"转陇右总管府","2","0","2"
"裴文举字道裕","1","1","2"
"中外府参军事","1","1","2"
"加员外散骑侍","1","1","2"
"尚书二千石郎","1","1","2"
"书二千石郎中","1","1","2"
"赠相瀛二州刺","1","1","2"
"相瀛二州刺史","1","1","2"
"西兖州录事参","1","1","2"
"兖州录事参军","1","1","2"
"司空田曹参军","1","1","2"
"义阳王元子孝","1","1","2"
"授天官府上士","1","1","2"
"授小职方下大","1","1","2"
"小职方下大夫","1","1","2"
"西南道行台兵","1","1","2"
"南道行台兵部","1","1","2"
"道行台兵部尚","1","1","2"
"行台兵部尚书","1","1","2"
"袭爵长广县公","1","1","2"
"邑二千三百户","1","1","2"
"转司武上大夫","2","0","2"
"四州十二镇诸","1","1","2"
"州十二镇诸军","1","1","2"
"十二镇诸军事","1","1","2"
"益州刺史军防","1","1","2"
"州刺史军防事","1","1","2"
"定等十二州诸","1","1","2"
"仲遵力战先登","1","1","2"
"三荆二广南雍","1","1","2"
"二广南雍平信","2","0","2"
"南雍平信江随","2","0","2"
"雍平信江随二","2","0","2"
"平信江随二郢","2","0","2"
"江随二郢淅等","1","1","2"
"随二郢淅等十","1","1","2"
"二郢淅等十三","1","1","2"
"郢淅等十三州","1","1","2"
"淅等十三州诸","1","1","2"
"华洛等三州刺","1","1","2"
"洛等三州刺史","1","1","2"
"上庸等八郡诸","1","1","2"
"庸等八郡诸军","1","1","2"
"等八郡诸军事","1","1","2"
"授都督信临等","1","1","2"
"都督信临等七","1","1","2"
"督信临等七州","1","1","2"
"信临等七州诸","1","1","2"
"临等七州诸军","1","1","2"
"上等诸州兵镇","1","1","2"
"章昭达攻逼江","1","1","2"
"昭达攻逼江陵","1","1","2"
"陈将程文季交","1","1","2"
"将程文季交战","1","1","2"
"杨干运字玄邈","1","1","2"
"开府贺若敦南","1","1","2"
"府贺若敦南讨","1","1","2"
"贺若敦南讨信","1","1","2"
"若敦南讨信州","1","1","2"
"破蛮帅文子荣","1","1","2"
"大将军宇文虬","1","1","2"
"将军宇文虬攻","1","1","2"
"军宇文虬攻克","1","1","2"
"宇文虬攻克上","1","1","2"
"文虬攻克上津","1","1","2"
"蛮帅文子荣窃","1","1","2"
"追封鲁阳郡公","1","1","2"
"邑三千五百户","1","1","2"
"赠陈曹莒汴四","1","1","2"
"陈曹莒汴四州","1","1","2"
"曹莒汴四州刺","1","1","2"
"莒汴四州刺史","1","1","2"
"昌归宪三州诸","1","1","2"
"归宪三州诸军","1","1","2"
"宪三州诸军事","1","1","2"
"功授仪同三司","1","1","2"
"营丘成周二郡","1","1","2"
"丘成周二郡守","1","1","2"
"改封安息县伯","1","1","2"
"都官尚书沉重","1","1","2"
"隋文帝遣舍人","1","1","2"
"文帝遣舍人萧","1","1","2"
"帝遣舍人萧子","1","1","2"
"遣舍人萧子宝","1","1","2"
"舍人萧子宝祭","1","1","2"
"赠保周南郢州","1","1","2"
"保周南郢州刺","1","1","2"
"周南郢州刺史","1","1","2"
"欢周仪同三司","1","1","2"
"加授建忠将军","1","1","2"
"弼府西合祭酒","1","1","2"
"功曹谘议参军","1","1","2"
"迁遂伯中大夫","2","0","2"
"叔毗朝夕号泣","1","1","2"
"皇甫遐字永览","1","1","2"
"骠骑庐陵王府","1","1","2"
"骑庐陵王府田","1","1","2"
"庐陵王府田曹","1","1","2"
"陵王府田曹参","1","1","2"
"王府田曹参军","1","1","2"
"王府中记室参","1","1","2"
"府中记室参军","1","1","2"
"梁元帝平侯景","2","0","2"
"召僧垣赴荆州","1","1","2"
"晋安王府谘议","1","1","2"
"袭爵北绛郡公","1","1","2"
"汉惠帝二年夏","1","1","2"
"赵文深字德本","1","1","2"
"大丞相府法曹","1","1","2"
"丞相府法曹参","1","1","2"
"相府法曹参军","1","1","2"
"左银青光禄大","1","1","2"
"迁县伯下大夫","2","0","2"
"宜民王田兴彦","1","1","2"
"北荆州刺史梅","1","1","2"
"荆州刺史梅季","1","1","2"
"州刺史梅季昌","1","1","2"
"刺史梅季昌等","1","1","2"
"乞伏干归所杀","1","1","2"
"州氐苻安寿反","1","1","2"
"柏树二县民反","1","1","2"
"刺史刘平伏上","2","0","2"
"史刘平伏上郡","2","0","2"
"南一百七十里","1","1","2"
"长安六千七百","1","1","2"
"安六千七百里","1","1","2"
"圆排剑弩弓箭","1","1","2"
"伪署王卫孤徒","2","0","2"
"署王卫孤徒党","2","0","2"
"俟丑奴作乱关","2","0","2"
"丑奴作乱关右","2","0","2"
"朱天光东拒齐","2","0","2"
"秦州刺史侯莫","1","1","2"
"州刺史侯莫陈","1","1","2"
"刺史侯莫陈悦","1","1","2"
"夏州刺史斛拔","1","1","2"
"州刺史斛拔弥","1","1","2"
"刺史斛拔弥俄","1","1","2"
"史斛拔弥俄突","1","1","2"
"河西流民纥豆","1","1","2"
"西流民纥豆陵","1","1","2"
"流民纥豆陵伊","1","1","2"
"民纥豆陵伊利","1","1","2"
"魏永熙三年春","1","1","2"
"大都督赵贵率","1","1","2"
"都督弥姐元进","1","1","2"
"孝武帝将图齐","2","0","2"
"武帝将图齐神","2","0","2"
"帝将图齐神武","2","0","2"
"武卫将军元毗","1","1","2"
"侯莫陈悦枉害","1","1","2"
"莫陈悦枉害忠","1","1","2"
"陈悦枉害忠良","1","1","2"
"故将军贺拔公","1","1","2"
"秦州刺史万俟","1","1","2"
"州刺史万俟普","1","1","2"
"刺史万俟普拨","1","1","2"
"都督侯莫陈崇","1","1","2"
"督侯莫陈崇率","1","1","2"
"时南秦州刺史","1","1","2"
"南秦州刺史李","1","1","2"
"秦州刺史李弼","1","1","2"
"都督贺拔颍等","1","1","2"
"时凉州刺史李","1","1","2"
"凉州刺史李叔","1","1","2"
"州刺史李叔仁","1","1","2"
"仚定引吐谷浑","2","0","2"
"引吐谷浑寇金","2","0","2"
"吐谷浑寇金城","2","0","2"
"大都督梁御率","1","1","2"
"都督梁御率步","1","1","2"
"著作郎姚幼瑜","1","1","2"
"作郎姚幼瑜持","1","1","2"
"郎姚幼瑜持节","1","1","2"
"前秦州刺史骆","1","1","2"
"秦州刺史骆超","1","1","2"
"太祖尚书仆射","1","1","2"
"故武卫将军伊","1","1","2"
"武卫将军伊琳","1","1","2"
"太祖谓左右曰","2","0","2"
"进封略阳郡公","1","1","2"
"魏南阳王宝炬","1","1","2"
"改封安定郡公","1","1","2"
"二十四条新制","1","1","2"
"建中王万俟普","1","1","2"
"中王万俟普拨","1","1","2"
"王万俟普拨率","1","1","2"
"遣将窦泰趣潼","2","0","2"
"将窦泰趣潼关","2","0","2"
"高敖曹围洛州","2","0","2"
"斩东魏刺史杜","1","1","2"
"东魏刺史杜密","1","1","2"
"达奚武等十二","1","1","2"
"东魏将高叔礼","2","0","2"
"魏将高叔礼守","2","0","2"
"降者二万余人","1","1","2"
"开府独孤信率","1","1","2"
"洛州刺史李显","1","1","2"
"牙门将高子信","1","1","2"
"东魏颍川长史","1","1","2"
"魏颍川长史贺","1","1","2"
"颍川长史贺若","1","1","2"
"川长史贺若统","1","1","2"
"清河人崔彦穆","1","1","2"
"东魏遣将侯景","2","0","2"
"莫多娄贷文等","1","1","2"
"太祖马中流矢","2","0","2"
"都督李穆下马","1","1","2"
"西兖州刺史宋","1","1","2"
"兖州刺史宋显","1","1","2"
"州刺史宋显等","1","1","2"
"魏太子次渭北","2","0","2"
"太守慕容思庆","1","1","2"
"长安父老见太","1","1","2"
"安父老见太祖","1","1","2"
"太祖遣开府李","2","0","2"
"祖遣开府李弼","2","0","2"
"史高仲密举州","2","0","2"
"高仲密举州附","2","0","2"
"太祖率右军若","1","1","2"
"祖率右军若干","1","1","2"
"率右军若干惠","1","1","2"
"右军若干惠等","1","1","2"
"大破齐神武军","2","0","2"
"开府达奚武等","1","1","2"
"将侯景侵襄州","2","0","2"
"开府若干惠率","1","1","2"
"瓜州都督令狐","1","1","2"
"州都督令狐延","1","1","2"
"齐神武围玉壁","2","0","2"
"十三年春正月","1","1","2"
"河南大行台侯","1","1","2"
"南大行台侯景","1","1","2"
"太祖奉魏太子","2","0","2"
"围王思政颍川","2","0","2"
"梁竟陵郡守孙","2","0","2"
"竟陵郡守孙暠","2","0","2"
"大都督符贵镇","2","0","2"
"开府杨忠率兵","2","0","2"
"行台仆射长孙","1","1","2"
"台仆射长孙俭","1","1","2"
"十六年春正月","1","1","2"
"叔父荆州刺史","1","1","2"
"总督留守诸军","1","1","2"
"督留守诸军事","1","1","2"
"十七年春三月","1","1","2"
"邵陵王萧纶侵","1","1","2"
"魏废帝元年春","1","1","2"
"达奚武围南郑","2","0","2"
"安公尉迟迥率","1","1","2"
"公尉迟迥率众","2","0","2"
"伐梁武陵王萧","1","1","2"
"柱国赵贵追击","1","1","2"
"梁广州刺史王","1","1","2"
"广州刺史王琳","1","1","2"
"遣大将军豆卢","2","0","2"
"齐北豫州刺史","2","0","2"
"史司马消难举","2","0","2"
"司马消难举州","2","0","2"
"马消难举州附","2","0","2"
"大将军杨忠率","1","1","2"
"将军杨忠率众","1","1","2"
"军杨忠率众迎","1","1","2"
"晋公护雍州牧","2","0","2"
"蜀公尉迟迥率","1","1","2"
"柱国尉迟迥镇","1","1","2"
"都督诸州军事","1","1","2"
"陵公贺兰祥率","1","1","2"
"二百七十六万","1","1","2"
"公家财畜钱粟","1","1","2"
"高昌遣使献方","2","0","2"
"化政公宇文贵","1","1","2"
"二年春正月癸","2","0","2"
"群公列将卿大","1","1","2"
"公列将卿大夫","1","1","2"
"军中大小督将","1","1","2"
"常山王高演废","1","1","2"
"元年春正月戊","2","0","2"
"太祖文皇帝禀","1","1","2"
"遣大使巡察天","2","0","2"
"大使巡察天下","2","0","2"
"凉国公贺兰祥","1","1","2"
"荧惑犯左执法","2","0","2"
"江陵四州总管","1","1","2"
"三年春正月辛","2","0","2"
"遣使献生猛兽","2","0","2"
"御正武殿录囚","2","0","2"
"正武殿录囚徒","2","0","2"
"诏柱国杨忠率","2","0","2"
"国公达奚武率","1","1","2"
"荧惑犯房右骖","2","0","2"
"卫国公直大司","2","0","2"
"大将军韦孝宽","1","1","2"
"大将军长孙俭","1","1","2"
"将军权景宣率","1","1","2"
"军权景宣率山","1","1","2"
"权景宣率山南","1","1","2"
"国公尉迟迥率","1","1","2"
"楚国公豆卢宁","1","1","2"
"置中大夫一人","1","1","2"
"中山公训蒲州","2","0","2"
"山公训蒲州总","2","0","2"
"公训蒲州总管","2","0","2"
"吐谷浑龙涸王","1","1","2"
"信州蛮冉令贤","1","1","2"
"诏开府陆腾讨","2","0","2"
"州刺史华皎率","1","1","2"
"刺史华皎率众","1","1","2"
"襄州总管卫国","1","1","2"
"州总管卫国公","1","1","2"
"直率柱国绥德","1","1","2"
"率柱国绥德公","1","1","2"
"柱国绥德公陆","1","1","2"
"国绥德公陆通","1","1","2"
"年春正月辛丑","2","0","2"
"河阳公李纶等","1","1","2"
"突厥遣使献马","2","0","2"
"盗杀孔城防主","2","0","2"
"追封章武孝公","1","1","2"
"大将军郑恪率","1","1","2"
"将斛律明月寇","2","0","2"
"大将军张掖公","1","1","2"
"将军张掖公王","1","1","2"
"军张掖公王杰","1","1","2"
"魏国公李晖等","1","1","2"
"遣大将军赵誾","2","0","2"
"齐宜阳等九城","2","0","2"
"右武伯谷会琨","1","1","2"
"大将军梁国公","1","1","2"
"将军梁国公侯","1","1","2"
"军梁国公侯莫","1","1","2"
"小宾部贺遂礼","1","1","2"
"大冢宰晋国公","1","1","2"
"弟大将军莒国","1","1","2"
"大将军莒国公","1","1","2"
"龙恩弟大将军","2","0","2"
"大将军刘勇等","1","1","2"
"申国公李穆太","2","0","2"
"赵国公招大司","2","0","2"
"绍莒庄公洛生","2","0","2"
"莒庄公洛生后","2","0","2"
"改置宿卫官员","2","0","2"
"司会侯莫陈凯","1","1","2"
"省六府诸司中","1","1","2"
"六府诸司中大","1","1","2"
"府诸司中大夫","1","1","2"
"六府员外诸官","1","1","2"
"二十四军督将","1","1","2"
"皇太后叱奴氏","1","1","2"
"朝夕共一溢米","2","0","2"
"置太子谏议员","1","1","2"
"太子谏议员四","1","1","2"
"子谏议员四人","1","1","2"
"卫王直京师举","2","0","2"
"王直京师举兵","2","0","2"
"直京师举兵反","2","0","2"
"司武尉迟运等","1","1","2"
"建德元年八月","1","1","2"
"大将军郑恪讨","1","1","2"
"夏五州总管内","1","1","2"
"遣小司寇淮南","2","0","2"
"东南道四总管","1","1","2"
"纯前一军总管","2","0","2"
"盛后一军总管","2","0","2"
"招后三军总管","2","0","2"
"柱国梁国公侯","1","1","2"
"国梁国公侯莫","1","1","2"
"公侯莫陈芮率","1","1","2"
"仪同三司韩正","1","1","2"
"清河公宇文神","1","1","2"
"河公宇文神举","1","1","2"
"公宇文神举攻","1","1","2"
"攻拔齐陆浑等","2","0","2"
"拔齐陆浑等五","2","0","2"
"齐陆浑等五城","2","0","2"
"恭左二军总管","2","0","2"
"宪率精骑二万","2","0","2"
"二万守千里径","2","0","2"
"步骑一万守统","2","0","2"
"骑一万守统军","2","0","2"
"一万守统军川","2","0","2"
"步骑一万华谷","2","0","2"
"齐晋州刺史崔","1","1","2"
"晋州刺史崔景","1","1","2"
"州刺史崔景嵩","1","1","2"
"刺史崔景嵩守","2","0","2"
"史崔景嵩守城","2","0","2"
"崔景嵩守城北","2","0","2"
"景嵩守城北面","2","0","2"
"上开府王轨率","1","1","2"
"俘甲士八千人","2","0","2"
"上开府梁士彦","1","1","2"
"留兄安德王延","2","0","2"
"兄安德王延宗","2","0","2"
"定南王韩建业","1","1","2"
"开府贺拔伏恩","1","1","2"
"伪齐昌王莫多","1","1","2"
"莫多娄敬显等","1","1","2"
"遣大将军尉迟","2","0","2"
"大将军尉迟勤","1","1","2"
"将军尉迟勤率","1","1","2"
"军尉迟勤率二","1","1","2"
"尉迟勤率二千","1","1","2"
"侍中斛律孝卿","1","1","2"
"中斛律孝卿送","1","1","2"
"崔季舒等七人","1","1","2"
"随公杨坚率军","1","1","2"
"公杨坚率军讨","1","1","2"
"阳王高绍义叛","1","1","2"
"三百三十万二","1","1","2"
"百三十万二千","1","1","2"
"三十万二千五","1","1","2"
"十万二千五百","1","1","2"
"万二千五百二","1","1","2"
"二千五百二十","1","1","2"
"千五百二十八","1","1","2"
"郯国公王轨率","1","1","2"
"永熙三年七月","1","1","2"
"刺史东平公宇","1","1","2"
"史东平公宇文","1","1","2"
"北营州刺史高","1","1","2"
"营州刺史高宝","1","1","2"
"州刺史高宝宁","1","1","2"
"柱国故豆卢宁","1","1","2"
"国故豆卢宁征","1","1","2"
"柱国原公姬愿","1","1","2"
"公宇文神举等","1","1","2"
"能使百姓安乐","1","1","2"
"建德二年六月","1","1","2"
"大象元年正月","1","1","2"
"帝入宿露门学","1","1","2"
"郜国公贺拔伏","1","1","2"
"国公贺拔伏恩","1","1","2"
"相州总管尉迟","1","1","2"
"州总管尉迟迥","1","1","2"
"清河公杨素讨","1","1","2"
"都督内外诸军","1","1","2"
"督内外诸军事","1","1","2"
"州总管司马消","1","1","2"
"总管司马消难","1","1","2"
"益州总管王谦","1","1","2"
"宋安公元景山","1","1","2"
"安公元景山率","1","1","2"
"俘斩五百余人","2","0","2"
"始平公元孝矩","1","1","2"
"开皇元年五月","1","1","2"
"魏恭帝三年十","1","1","2"
"恭帝三年十二","1","1","2"
"帝三年十二月","1","1","2"
"文宣叱奴皇后","1","1","2"
"孝闵帝元皇后","1","1","2"
"闵帝元皇后名","1","1","2"
"明帝独孤皇后","1","1","2"
"保定五年二月","1","1","2"
"高祖行亲迎礼","2","0","2"
"天元皇帝臣赟","2","0","2"
"皇太后尊号曰","2","0","2"
"太后尊号曰天","2","0","2"
"后尊号曰天元","2","0","2"
"武帝李皇后名","1","1","2"
"隋开皇元年三","1","1","2"
"开皇元年三月","1","1","2"
"宣帝杨皇后名","1","1","2"
"立天中大皇后","1","1","2"
"宣帝朱皇后名","1","1","2"
"天中大皇后一","1","1","2"
"中大皇后一人","1","1","2"
"大象元年七月","2","0","2"
"隋开皇十五年","1","1","2"
"静帝司马皇后","1","1","2"
"帝司马皇后名","1","1","2"
"隋司隶刺史李","1","1","2"
"司隶刺史李丹","1","1","2"
"寻除宗师中大","2","0","2"
"除宗师中大夫","2","0","2"
"太祖讨侯莫陈","2","0","2"
"祖讨侯莫陈悦","2","0","2"
"魏皇太子东征","1","1","2"
"侯景举河南附","2","0","2"
"秦南等十五州","1","1","2"
"南等十五州诸","1","1","2"
"魏恭帝元年十","1","1","2"
"恭帝元年十二","1","1","2"
"帝元年十二月","1","1","2"
"右第二军总管","1","1","2"
"国公韦孝宽等","1","1","2"
"数百骑袭孝宽","2","0","2"
"百骑袭孝宽营","2","0","2"
"申国公李穆监","1","1","2"
"将斛律明月率","2","0","2"
"新蔡王王康德","1","1","2"
"柱国宇文盛运","1","1","2"
"平原王段孝先","1","1","2"
"兰陵王高长恭","1","1","2"
"柱国侯莫陈芮","1","1","2"
"梁公侯莫陈芮","1","1","2"
"开府宇文神举","1","1","2"
"府宇文神举等","1","1","2"
"小冢宰宇文孝","1","1","2"
"冢宰宇文孝伯","1","1","2"
"上大将军安邑","1","1","2"
"大将军安邑公","1","1","2"
"将军安邑公王","1","1","2"
"军安邑公王兴","1","1","2"
"开府豆卢绍等","1","1","2"
"生母达步干氏","1","1","2"
"文宣皇后叱奴","1","1","2"
"宣皇后叱奴氏","1","1","2"
"皇后叱奴氏生","1","1","2"
"吴明彻等战沌","2","0","2"
"明彻等战沌口","2","0","2"
"汾州稽胡帅刘","2","0","2"
"州稽胡帅刘受","2","0","2"
"淮等十四州十","1","1","2"
"等十四州十防","1","1","2"
"十四州十防诸","1","1","2"
"四州十防诸军","1","1","2"
"州十防诸军事","1","1","2"
"总管利始等五","1","1","2"
"管利始等五州","1","1","2"
"破六汗拔陵反","1","1","2"
"怀朔镇将杨钧","1","1","2"
"募勇敢少年十","1","1","2"
"勇敢少年十余","1","1","2"
"肆州刺史尉庆","1","1","2"
"州刺史尉庆宾","1","1","2"
"胜前军大都督","2","0","2"
"南雍七州诸军","1","1","2"
"雍七州诸军事","1","1","2"
"加授南道大行","1","1","2"
"授南道大行台","1","1","2"
"南道大行台尚","1","1","2"
"道大行台尚书","1","1","2"
"大行台尚书左","1","1","2"
"行台尚书左仆","1","1","2"
"台尚书左仆射","1","1","2"
"胜攻梁下溠戍","2","0","2"
"戍主尹道珍等","1","1","2"
"雍州刺史萧续","1","1","2"
"南雍州刺史长","1","1","2"
"雍州刺史长孙","1","1","2"
"州刺史长孙亮","1","1","2"
"南荆州刺史李","1","1","2"
"大都督王元轨","1","1","2"
"诏胜引兵赴洛","2","0","2"
"令府长史元颍","1","1","2"
"加授中军大都","1","1","2"
"授中军大都督","1","1","2"
"将军首举义兵","1","1","2"
"赐爵樊城乡男","1","1","2"
"督二雍二岐诸","1","1","2"
"二雍二岐诸军","1","1","2"
"雍二岐诸军事","1","1","2"
"征西将军代郡","1","1","2"
"大行台尉迟菩","1","1","2"
"行台万俟道洛","1","1","2"
"台万俟道洛率","1","1","2"
"略阳贼帅王庆","1","1","2"
"阳贼帅王庆云","1","1","2"
"夏州人宿勤明","1","1","2"
"州人宿勤明达","1","1","2"
"都督泾北豳二","1","1","2"
"督泾北豳二夏","1","1","2"
"泾北豳二夏四","1","1","2"
"北豳二夏四州","1","1","2"
"豳二夏四州诸","1","1","2"
"二夏四州诸军","1","1","2"
"夏四州诸军事","1","1","2"
"都督二岐东秦","1","1","2"
"督二岐东秦三","1","1","2"
"二岐东秦三州","1","1","2"
"岐东秦三州诸","1","1","2"
"东秦三州诸军","1","1","2"
"秦三州诸军事","1","1","2"
"邑通前三千户","2","0","2"
"擒天光弟显寿","2","0","2"
"加关中大行台","1","1","2"
"泾二十州诸军","1","1","2"
"铁勒斛律沙门","1","1","2"
"都督陇右诸军","1","1","2"
"督陇右诸军事","1","1","2"
"中兵参军豆卢","1","1","2"
"兵参军豆卢光","1","1","2"
"中军北面大都","1","1","2"
"军北面大都督","1","1","2"
"都督河凉瓜鄯","1","1","2"
"督河凉瓜鄯渭","1","1","2"
"河凉瓜鄯渭洮","1","1","2"
"凉瓜鄯渭洮沙","1","1","2"
"瓜鄯渭洮沙七","1","1","2"
"鄯渭洮沙七州","1","1","2"
"渭洮沙七州诸","1","1","2"
"洮沙七州诸军","1","1","2"
"沙七州诸军事","1","1","2"
"临邑县开国公","1","1","2"
"邑县开国公寇","1","1","2"
"县开国公寇洛","1","1","2"
"太祖率兵东下","1","1","2"
"莫多娄贷文率","1","1","2"
"齐神武战河桥","2","0","2"
"侯景率河南六","1","1","2"
"景率河南六州","1","1","2"
"前后部羽葆鼓","1","1","2"
"后部羽葆鼓吹","1","1","2"
"配食太祖庙庭","2","0","2"
"赐爵义城郡公","1","1","2"
"总管梁洋等十","1","1","2"
"管梁洋等十州","1","1","2"
"梁洋等十州诸","1","1","2"
"洋等十州诸军","1","1","2"
"上大将军蒲山","1","1","2"
"大将军蒲山郡","1","1","2"
"将军蒲山郡公","1","1","2"
"行台樊子鹄击","1","1","2"
"前二千一百户","2","0","2"
"恒朔等五州刺","1","1","2"
"朔等五州刺史","1","1","2"
"大行台仆射元","1","1","2"
"行台仆射元纂","1","1","2"
"台仆射元纂率","1","1","2"
"行台广阳王元","1","1","2"
"台广阳王元深","1","1","2"
"斛律野谷禄等","1","1","2"
"酋长乜列河等","1","1","2"
"行台尚书辛纂","1","1","2"
"台尚书辛纂率","1","1","2"
"尚书辛纂率兵","1","1","2"
"朱天光破万俟","2","0","2"
"天光破万俟丑","2","0","2"
"光破万俟丑奴","2","0","2"
"齐神武逼洛阳","2","0","2"
"进爵蓝田县公","2","0","2"
"夏阳人王游浪","1","1","2"
"阳人王游浪聚","1","1","2"
"魏陕州刺史李","1","1","2"
"大丞相府长史","1","1","2"
"稽胡帅夏州刺","1","1","2"
"胡帅夏州刺史","1","1","2"
"州刺史刘平叛","1","1","2"
"加授华州刺史","1","1","2"
"大将军杨忠等","1","1","2"
"金石丝竹乐一","1","1","2"
"石丝竹乐一部","1","1","2"
"雍恒等二十州","1","1","2"
"恒等二十州诸","1","1","2"
"除通直散骑常","2","0","2"
"赐爵燕乐县子","1","1","2"
"赐爵魏平县伯","1","1","2"
"改封南阳郡公","1","1","2"
"渔阳王袁肆周","1","1","2"
"荆州新野镇将","1","1","2"
"荆州防城大都","1","1","2"
"州防城大都督","1","1","2"
"贺拔胜镇荆州","2","0","2"
"进爵浮阳郡公","2","0","2"
"都督三荆州诸","1","1","2"
"督三荆州诸军","1","1","2"
"三荆州诸军事","1","1","2"
"弘农郡守田八","1","1","2"
"农郡守田八能","1","1","2"
"东魏刺史辛纂","1","1","2"
"改封河内郡公","1","1","2"
"陇右十州大都","1","1","2"
"右十州大都督","1","1","2"
"善封魏宁县公","1","1","2"
"追赠信父库者","2","0","2"
"贝十州诸军事","1","1","2"
"燕六州诸军事","1","1","2"
"太尉恭公夫人","1","1","2"
"时万俟丑奴围","1","1","2"
"破贼帅侯伏侯","1","1","2"
"贼帅侯伏侯元","1","1","2"
"帅侯伏侯元进","1","1","2"
"州刺史史归犹","2","0","2"
"改封彭城郡公","1","1","2"
"改封武威郡公","1","1","2"
"赐爵灵武县侯","1","1","2"
"授司门下大夫","1","1","2"
"除工部中大夫","2","0","2"
"大统十六年前","2","0","2"
"宇文夏州英姿","1","1","2"
"进爵广平郡公","2","0","2"
"魏广阳王深征","2","0","2"
"广阳王深征葛","2","0","2"
"阳王深征葛荣","2","0","2"
"赵贵等同谋翊","2","0","2"
"贵等同谋翊戴","2","0","2"
"等同谋翊戴太","2","0","2"
"进爵魏昌县伯","2","0","2"
"进爵长乐郡公","2","0","2"
"高仲密举北豫","1","1","2"
"仲密举北豫州","1","1","2"
"时原州刺史史","1","1","2"
"行台任祥率步","1","1","2"
"家员外散骑常","2","0","2"
"豳州刺史孙定","1","1","2"
"秦灵二州总管","1","1","2"
"邑通前二千七","2","0","2"
"通前二千七百","2","0","2"
"前二千七百户","2","0","2"
"左仆射周惠达","1","1","2"
"仆射周惠达召","1","1","2"
"解褐员外散骑","2","0","2"
"宿勤明达等扰","1","1","2"
"勤明达等扰乱","1","1","2"
"都督蔺小欢督","1","1","2"
"受河南诸军事","1","1","2"
"东魏太尉高岳","1","1","2"
"仪同刘丰生等","1","1","2"
"达奚武字成兴","1","1","2"
"大丞相府中兵","1","1","2"
"丞相府中兵参","1","1","2"
"相府中兵参军","1","1","2"
"陵王萧纪遣将","2","0","2"
"王萧纪遣将杨","2","0","2"
"萧纪遣将杨干","2","0","2"
"纪遣将杨干运","2","0","2"
"兵万余人救循","2","0","2"
"三州二镇诸军","1","1","2"
"州二镇诸军事","1","1","2"
"仆射周惠达等","1","1","2"
"金镂玉梁带赐","1","1","2"
"随朱天光入关","2","0","2"
"迁尚书右仆射","2","0","2"
"潘纯陀寇江陵","2","0","2"
"累迁开府仪同","2","0","2"
"封武阳郡三千","1","1","2"
"武阳郡三千户","1","1","2"
"宇文贵字永贵","1","1","2"
"东魏颍州长史","2","0","2"
"州长史贺若统","1","1","2"
"中外府左长史","1","1","2"
"宕昌王梁弥定","1","1","2"
"弥定宗人獠甘","2","0","2"
"州民郑五丑扇","2","0","2"
"时隆州人开府","1","1","2"
"隆州人开府李","1","1","2"
"州人开府李光","1","1","2"
"人开府李光赐","1","1","2"
"等八州诸军事","1","1","2"
"游军二十四部","1","1","2"
"迁御正中大夫","2","0","2"
"除左光禄大夫","2","0","2"
"岳阳王萧察称","2","0","2"
"阳王萧察称藩","2","0","2"
"王萧察称藩附","2","0","2"
"大将斛律明月","1","1","2"
"同朔等十三州","1","1","2"
"朔等十三州诸","1","1","2"
"赐爵兴城郡公","1","1","2"
"泾州总管诸军","1","1","2"
"州总管诸军事","1","1","2"
"破六汗拔陵攻","1","1","2"
"六汗拔陵攻陷","1","1","2"
"赐爵梁甫县公","1","1","2"
"千牛备身直长","1","1","2"
"改封济南郡公","1","1","2"
"燕朔显蔚四州","1","1","2"
"朔显蔚四州诸","1","1","2"
"前一千三百户","2","0","2"
"都督三荆南襄","1","1","2"
"追封清都郡公","1","1","2"
"尉迟纲字婆罗","1","1","2"
"乐大长公主留","1","1","2"
"俄迁骠骑大将","2","0","2"
"七州十三防诸","1","1","2"
"州十三防诸军","1","1","2"
"十三防诸军事","1","1","2"
"大将军王杰率","1","1","2"
"叱列伏龟字摩","1","1","2"
"列伏龟字摩头","1","1","2"
"寻进位车骑大","2","0","2"
"邑通前一千四","2","0","2"
"通前一千四百","2","0","2"
"前一千四百户","2","0","2"
"改封永世县公","1","1","2"
"广蒙七州诸军","1","1","2"
"蒙七州诸军事","1","1","2"
"大丞相帐内都","1","1","2"
"丞相帐内都督","1","1","2"
"太祖深委仗焉","2","0","2"
"梁元帝时镇江","2","0","2"
"元帝时镇江陵","2","0","2"
"宇文升等六军","1","1","2"
"魏废帝二年春","1","1","2"
"安州刺史乐广","1","1","2"
"梁州刺史杨干","2","0","2"
"益潼等十八州","1","1","2"
"潼等十八州诸","1","1","2"
"等十八州诸军","1","1","2"
"大长公主年高","1","1","2"
"长公主年高多","1","1","2"
"公主年高多病","1","1","2"
"郧公韦孝宽代","1","1","2"
"总管府长史晋","1","1","2"
"管府长史晋昶","1","1","2"
"府长史晋昶等","1","1","2"
"累迁骠骑大将","2","0","2"
"皇太子讨吐谷","2","0","2"
"太子讨吐谷浑","2","0","2"
"令司录贺若昂","1","1","2"
"司录贺若昂奉","1","1","2"
"录贺若昂奉表","1","1","2"
"总管长史乙弗","1","1","2"
"管长史乙弗虔","1","1","2"
"益州刺史达奚","1","1","2"
"隆州刺史高阿","1","1","2"
"长史侯莫陈杲","1","1","2"
"州刺史蔡泽等","1","1","2"
"刺史蔡泽等四","1","1","2"
"史蔡泽等四十","1","1","2"
"蔡泽等四十余","1","1","2"
"泽等四十余人","1","1","2"
"都督安随九州","1","1","2"
"督安随九州八","1","1","2"
"安随九州八镇","1","1","2"
"增邑通前九百","2","0","2"
"邑通前九百户","2","0","2"
"大行台都令史","1","1","2"
"汝阳王元叔昭","1","1","2"
"上党王元天穆","1","1","2"
"大行台吏部尚","1","1","2"
"行台吏部尚书","1","1","2"
"改授散骑常侍","1","1","2"
"都督泾州诸军","1","1","2"
"督泾州诸军事","1","1","2"
"大丞相府谘议","1","1","2"
"丞相府谘议参","1","1","2"
"相府谘议参军","1","1","2"
"雍华二州诸军","1","1","2"
"华二州诸军事","1","1","2"
"豫州刺史裴叔","1","1","2"
"州刺史裴叔业","1","1","2"
"宇文泰忠诚奋","1","1","2"
"文泰忠诚奋发","1","1","2"
"迁大行台郎中","2","0","2"
"三十六曹十二","2","0","2"
"十六曹十二部","2","0","2"
"绥丹三州刺史","1","1","2"
"遣大将军达奚","1","1","2"
"将军达奚武经","2","0","2"
"军达奚武经略","2","0","2"
"达奚武经略汉","2","0","2"
"时梁宜丰侯萧","2","0","2"
"前军总管齐王","1","1","2"
"大行台度支尚","1","1","2"
"行台度支尚书","1","1","2"
"尚书令史麻瑶","1","1","2"
"仪同府中郎掾","1","1","2"
"同府中郎掾属","1","1","2"
"国大将军府列","1","1","2"
"大将军府列曹","1","1","2"
"将军府列曹参","1","1","2"
"军府列曹参军","1","1","2"
"平前后左右将","1","1","2"
"前后左右将军","1","1","2"
"后左右将军府","1","1","2"
"八命州列曹参","2","0","2"
"封郡县五等爵","1","1","2"
"郡县五等爵者","1","1","2"
"泾原东秦三州","1","1","2"
"原东秦三州刺","1","1","2"
"东秦三州刺史","1","1","2"
"贼党万俟阿宝","1","1","2"
"党万俟阿宝战","1","1","2"
"万俟阿宝战败","1","1","2"
"俟阿宝战败逃","1","1","2"
"令都督长孙邪","1","1","2"
"都督长孙邪利","1","1","2"
"贼帅达符显围","1","1","2"
"帅达符显围逼","1","1","2"
"达符显围逼州","1","1","2"
"符显围逼州城","1","1","2"
"转战四百余里","1","1","2"
"率敢死士三百","2","0","2"
"敢死士三百人","2","0","2"
"大都督王德犹","1","1","2"
"都督王德犹豫","1","1","2"
"获驼马牛羊二","1","1","2"
"驼马牛羊二万","1","1","2"
"马牛羊二万头","1","1","2"
"令中侍上士尉","1","1","2"
"中侍上士尉迟","1","1","2"
"侍上士尉迟恺","1","1","2"
"十三环金带一","1","1","2"
"二人授大都督","1","1","2"
"四人授帅都督","1","1","2"
"三州七防诸军","1","1","2"
"州七防诸军事","1","1","2"
"吐谷浑数千骑","1","1","2"
"勒贼胡琮侵逼","1","1","2"
"贼胡琮侵逼原","1","1","2"
"胡琮侵逼原州","1","1","2"
"弘农等二十一","1","1","2"
"农等二十一防","1","1","2"
"等二十一防诸","1","1","2"
"二十一防诸军","1","1","2"
"相府司录参军","1","1","2"
"阳平郡开国公","1","1","2"
"加陕熊等十五","1","1","2"
"陕熊等十五州","1","1","2"
"熊等十五州诸","1","1","2"
"东南道行台仆","1","1","2"
"南道行台仆射","1","1","2"
"授大行台尚书","2","0","2"
"时梁岳阳王萧","1","1","2"
"梁元帝嗣位江","2","0","2"
"元帝嗣位江陵","2","0","2"
"总管五十二州","1","1","2"
"仪同赵超等七","1","1","2"
"同赵超等七百","1","1","2"
"赵超等七百人","1","1","2"
"累迁司徒右长","2","0","2"
"迁司徒右长史","2","0","2"
"韩使君佛寺前","1","1","2"
"黄门侍郎裴正","1","1","2"
"门侍郎裴正上","1","1","2"
"侍郎裴正上书","1","1","2"
"典祀中大夫宇","1","1","2"
"祀中大夫宇文","1","1","2"
"中大夫宇文容","1","1","2"
"内史宇文孝伯","1","1","2"
"史宇文孝伯等","1","1","2"
"赫连达字朔周","1","1","2"
"贺拔岳征讨功","2","0","2"
"将军达奚武攻","1","1","2"
"宜丰侯萧循拒","1","1","2"
"丰侯萧循拒守","1","1","2"
"开府贺兰愿德","1","1","2"
"府贺兰愿德等","1","1","2"
"三州五防诸军","1","1","2"
"韩果字阿六拔","1","1","2"
"侯莫陈悦害贺","2","0","2"
"莫陈悦害贺拔","2","0","2"
"陈悦害贺拔岳","2","0","2"
"诸将遣使迎太","2","0","2"
"将遣使迎太祖","2","0","2"
"夏州首望弥姐","1","1","2"
"州首望弥姐元","1","1","2"
"首望弥姐元进","1","1","2"
"望弥姐元进等","1","1","2"
"邑一千一百户","1","1","2"
"军豆卢宁讨平","1","1","2"
"帝信任司会李","1","1","2"
"信任司会李植","1","1","2"
"任司会李植等","1","1","2"
"魏广平王参军","1","1","2"
"时破六汗拔陵","1","1","2"
"河州四面大都","1","1","2"
"州四面大都督","1","1","2"
"凉甘等五州刺","1","1","2"
"甘等五州刺史","1","1","2"
"诸将议翊戴太","2","0","2"
"将议翊戴太祖","2","0","2"
"赐爵阴盘县子","1","1","2"
"梁信州刺史萧","1","1","2"
"信州刺史萧韶","1","1","2"
"州刺史萧韶等","1","1","2"
"陈将吴明彻寇","2","0","2"
"令副总管高琳","1","1","2"
"副总管高琳拒","1","1","2"
"总管高琳拒守","1","1","2"
"功增邑五百户","2","0","2"
"贺拔岳讨平万","1","1","2"
"拔岳讨平万俟","1","1","2"
"岳讨平万俟丑","1","1","2"
"讨平万俟丑奴","1","1","2"
"城主卜贵洛率","1","1","2"
"延丹宁五州诸","1","1","2"
"丹宁五州诸军","1","1","2"
"宁五州诸军事","1","1","2"
"朱天光讨平关","1","1","2"
"州刺史史宁讨","1","1","2"
"宇文测字澄镜","1","1","2"
"位上开府仪同","2","0","2"
"尚书直事郎中","1","1","2"
"历通直散骑常","2","0","2"
"小吏部下大夫","1","1","2"
"迁吏部中大夫","2","0","2"
"恒云蔚三州刺","1","1","2"
"云蔚三州刺史","1","1","2"
"贺拔胜荆州刺","2","0","2"
"拔胜荆州刺史","2","0","2"
"时贼帅莫折后","1","1","2"
"贼帅莫折后炽","1","1","2"
"洛安郡守冯善","1","1","2"
"安郡守冯善道","1","1","2"
"前刺史宇文仲","1","1","2"
"史宇文仲州作","2","0","2"
"浑娑周国王率","1","1","2"
"娑周国王率众","1","1","2"
"浑贺罗拔王依","1","1","2"
"郢等五十二州","1","1","2"
"迁驾部中大夫","2","0","2"
"魏征西大将军","1","1","2"
"司徒府中兵参","1","1","2"
"徒府中兵参军","1","1","2"
"城下多设声乐","1","1","2"
"令齐公扫荡河","1","1","2"
"连结二千余里","2","0","2"
"涪陵郡守蔺休","1","1","2"
"陵郡守蔺休祖","1","1","2"
"汾等五州刺史","1","1","2"
"地官府都上士","1","1","2"
"隋文相府内兵","1","1","2"
"文相府内兵参","1","1","2"
"相府内兵参军","1","1","2"
"燕朔恒三州刺","1","1","2"
"朔恒三州刺史","1","1","2"
"梁西江州刺史","1","1","2"
"西江州刺史王","1","1","2"
"江州刺史王开","1","1","2"
"州刺史王开业","1","1","2"
"刺史王开业共","1","1","2"
"南引蛮帅向白","1","1","2"
"引蛮帅向白彪","1","1","2"
"荆州蛮帅文子","1","1","2"
"州蛮帅文子荣","1","1","2"
"侯安都等围逼","1","1","2"
"安都等围逼湘","1","1","2"
"都等围逼湘州","1","1","2"
"魏行台萧宝夤","1","1","2"
"行台萧宝夤见","1","1","2"
"司州牧元季海","1","1","2"
"州牧元季海等","1","1","2"
"获郡守王洪显","1","1","2"
"襄州刺史杞秀","1","1","2"
"景宣号令严明","1","1","2"
"随州城民吴士","1","1","2"
"州城民吴士英","1","1","2"
"城民吴士英等","1","1","2"
"民吴士英等杀","1","1","2"
"安肆郢新应六","1","1","2"
"肆郢新应六州","1","1","2"
"郢新应六州诸","1","1","2"
"新应六州诸军","1","1","2"
"应六州诸军事","1","1","2"
"寻进骠骑大将","2","0","2"
"江北司二州诸","1","1","2"
"北司二州诸军","1","1","2"
"司二州诸军事","1","1","2"
"唐州蛮田鲁嘉","2","0","2"
"燕公谨征江陵","2","0","2"
"硖平四州五防","1","1","2"
"平四州五防诸","1","1","2"
"齐豫州刺史王","1","1","2"
"永州刺史萧世","1","1","2"
"州刺史萧世怡","1","1","2"
"十七州诸军事","1","1","2"
"南荆州刺史郭","1","1","2"
"荆州刺史郭贤","1","1","2"
"贼帅宿勤明达","1","1","2"
"安应等十二州","1","1","2"
"应等十二州诸","1","1","2"
"宁蔚朔三州刺","1","1","2"
"蔚朔三州刺史","1","1","2"
"太祖尝谓诸将","2","0","2"
"祖尝谓诸将曰","2","0","2"
"帐内直荡都督","1","1","2"
"耿令贵三人力","1","1","2"
"令贵三人力战","1","1","2"
"获杂畜数千头","1","1","2"
"寻进位大将军","2","0","2"
"柱国侯莫陈崇","1","1","2"
"宇文虬字乐仁","1","1","2"
"大将军王雄征","1","1","2"
"西安州大中正","1","1","2"
"进爵忠城郡公","1","1","2"
"齐将段孝先率","2","0","2"
"赐爵临邑县子","1","1","2"
"进爵安义县侯","1","1","2"
"时陈将吴明彻","1","1","2"
"赐爵许昌县公","1","1","2"
"进爵义城郡公","1","1","2"
"改封德广郡公","1","1","2"
"延绥丹三州武","1","1","2"
"绥丹三州武安","1","1","2"
"丹三州武安伏","1","1","2"
"三州武安伏夷","1","1","2"
"州武安伏夷安","1","1","2"
"武安伏夷安民","1","1","2"
"安伏夷安民三","1","1","2"
"伏夷安民三防","1","1","2"
"夷安民三防诸","1","1","2"
"安民三防诸军","1","1","2"
"民三防诸军事","1","1","2"
"进柱国大将军","2","0","2"
"奴干作仪同面","1","1","2"
"干作仪同面见","1","1","2"
"伍城郡人赵雄","1","1","2"
"城郡人赵雄杰","1","1","2"
"梓潼郡人王令","1","1","2"
"潼郡人王令公","1","1","2"
"刺史叱罗协率","1","1","2"
"史叱罗协率兵","1","1","2"
"大将军高琳率","1","1","2"
"赠成文等八州","1","1","2"
"成文等八州刺","1","1","2"
"文等八州刺史","1","1","2"
"赐爵居庸县子","1","1","2"
"东魏将窦泰入","2","0","2"
"魏将窦泰入寇","2","0","2"
"大都督阳山武","1","1","2"
"相斛律明月率","1","1","2"
"姚襄筑伏龙等","1","1","2"
"襄筑伏龙等五","1","1","2"
"筑伏龙等五城","1","1","2"
"齐将段孝先等","1","1","2"
"转内史中大夫","2","0","2"
"皇太子西征吐","1","1","2"
"太子西征吐谷","1","1","2"
"子西征吐谷浑","1","1","2"
"伏侯城二百余","1","1","2"
"侯城二百余里","1","1","2"
"浑洮王率七百","1","1","2"
"洮王率七百余","1","1","2"
"王率七百余骑","1","1","2"
"所部数百人先","1","1","2"
"斩首七十余级","1","1","2"
"讨万俟丑奴等","1","1","2"
"加左光禄大夫","1","1","2"
"愿公推诚王室","1","1","2"
"平扬光三州诸","1","1","2"
"扬光三州诸军","1","1","2"
"光三州诸军事","1","1","2"
"赐姓纥豆陵氏","1","1","2"
"身长八尺二寸","2","0","2"
"骠骑将军侯深","1","1","2"
"随东南道行台","1","1","2"
"东南道行台樊","1","1","2"
"南道行台樊子","1","1","2"
"道行台樊子鹄","1","1","2"
"行台樊子鹄追","1","1","2"
"武卫将军高金","1","1","2"
"卫将军高金龙","1","1","2"
"资阳县一千户","1","1","2"
"京洛营作大监","1","1","2"
"平凉公元亨同","1","1","2"
"凉公元亨同心","1","1","2"
"公元亨同心固","1","1","2"
"元亨同心固守","1","1","2"
"开皇四年八月","1","1","2"
"魏文帝千牛备","1","1","2"
"文帝千牛备身","1","1","2"
"稍迁平东将军","2","0","2"
"右司卫上大夫","1","1","2"
"增邑通前五千","2","0","2"
"郢等六州刺史","1","1","2"
"太祖第五女襄","1","1","2"
"祖第五女襄阳","1","1","2"
"第五女襄阳公","1","1","2"
"五女襄阳公主","1","1","2"
"迁司会中大夫","2","0","2"
"等六州五防诸","1","1","2"
"六州五防诸军","1","1","2"
"遣纳言卢韫等","1","1","2"
"等七州十六防","1","1","2"
"七州十六防诸","1","1","2"
"州十六防诸军","1","1","2"
"十六防诸军事","1","1","2"
"河南九州三十","1","1","2"
"南九州三十镇","1","1","2"
"洛怀等九州诸","1","1","2"
"怀等九州诸军","1","1","2"
"等九州诸军事","1","1","2"
"仪同等二十人","1","1","2"
"粟麦一千五百","1","1","2"
"麦一千五百石","1","1","2"
"任城县一千户","1","1","2"
"加蒲晋怀绛邵","1","1","2"
"蒲晋怀绛邵汾","1","1","2"
"晋怀绛邵汾六","1","1","2"
"怀绛邵汾六州","1","1","2"
"绛邵汾六州诸","1","1","2"
"邵汾六州诸军","1","1","2"
"汾六州诸军事","1","1","2"
"叔侄一家三人","1","1","2"
"基任淅州刺史","1","1","2"
"随公杨忠东伐","2","0","2"
"上十三环金带","1","1","2"
"行台韩长业攻","1","1","2"
"同破邺城第一","1","1","2"
"破邺城第一勋","1","1","2"
"韦叔裕字孝宽","1","1","2"
"随冯翊公长孙","1","1","2"
"冯翊公长孙承","1","1","2"
"翊公长孙承业","1","1","2"
"公长孙承业西","1","1","2"
"长孙承业西征","1","1","2"
"荆州刺史源子","1","1","2"
"州刺史源子恭","1","1","2"
"刺史源子恭镇","1","1","2"
"节度宜阳兵马","1","1","2"
"度宜阳兵马事","1","1","2"
"阳州刺史牛道","1","1","2"
"州刺史牛道恒","1","1","2"
"仓曹参军祖孝","1","1","2"
"曹参军祖孝征","1","1","2"
"令殿中尚书长","1","1","2"
"殿中尚书长孙","1","1","2"
"中尚书长孙绍","1","1","2"
"令司门下大夫","1","1","2"
"司门下大夫尹","1","1","2"
"门下大夫尹公","1","1","2"
"下大夫尹公正","1","1","2"
"令长史叱罗协","1","1","2"
"开府伊娄谦等","1","1","2"
"兖等十一州十","1","1","2"
"等十一州十五","1","1","2"
"十一州十五镇","1","1","2"
"一州十五镇诸","1","1","2"
"刺史吴文育果","1","1","2"
"宇文亮举兵反","1","1","2"
"小司徒叱列长","1","1","2"
"大都督贺兰贵","1","1","2"
"署仪同薛公礼","1","1","2"
"仪同薛公礼等","1","1","2"
"怀县永桥城东","1","1","2"
"县永桥城东南","1","1","2"
"遣尚书周弘正","1","1","2"
"令家僮梁默等","1","1","2"
"作猛兽须成班","1","1","2"
"太尉府行参军","1","1","2"
"瓜州刺史成庆","1","1","2"
"都督令狐延等","1","1","2"
"御正任总丝纶","1","1","2"
"赐爵中都县伯","1","1","2"
"赐姓步六孤氏","1","1","2"
"大丞相府军事","1","1","2"
"授司宗中大夫","1","1","2"
"遣侍中斛斯文","1","1","2"
"侍中斛斯文略","1","1","2"
"中书侍郎刘逖","1","1","2"
"魏车骑大将军","1","1","2"
"进位上大将军","2","0","2"
"所作诗颂碑铭","1","1","2"
"作诗颂碑铭檄","1","1","2"
"诗颂碑铭檄表","1","1","2"
"颂碑铭檄表启","1","1","2"
"府记室参军事","1","1","2"
"荆州总管府长","1","1","2"
"朱天光入关讨","1","1","2"
"时冯翊长公主","1","1","2"
"魏文帝郁久闾","1","1","2"
"文帝郁久闾后","1","1","2"
"历大行台郎中","2","0","2"
"荆州刺史冯景","1","1","2"
"州刺史冯景昭","1","1","2"
"大丞相府帐内","1","1","2"
"丞相府帐内都","1","1","2"
"相府帐内都督","1","1","2"
"东魏行台吉宁","1","1","2"
"魏广州刺史李","1","1","2"
"广州刺史李仲","1","1","2"
"尚书金部郎中","1","1","2"
"利沙等十四州","1","1","2"
"宇文贵使突厥","2","0","2"
"清水氐酋李鼠","2","0","2"
"水氐酋李鼠仁","2","0","2"
"东秦州刺史魏","1","1","2"
"秦州刺史魏光","1","1","2"
"收首逆者二十","2","0","2"
"首逆者二十余","2","0","2"
"逆者二十余人","2","0","2"
"者二十余人斩","2","0","2"
"时氐帅盖闹等","1","1","2"
"相府刑狱参军","1","1","2"
"都督韦孝宽拒","1","1","2"
"遣尚书长孙绍","1","1","2"
"国公宇文贵镇","1","1","2"
"许国公府司马","1","1","2"
"许国公府长史","1","1","2"
"定长史长孙隆","1","1","2"
"城阳王元徽逃","1","1","2"
"阳王元徽逃难","1","1","2"
"王元徽逃难投","1","1","2"
"齐神武败沙苑","2","0","2"
"行台斛律俱步","1","1","2"
"遣太保侯景攻","1","1","2"
"太保侯景攻陷","1","1","2"
"保侯景攻陷正","1","1","2"
"侯景攻陷正平","1","1","2"
"时东魏正平东","2","0","2"
"东魏正平东雍","2","0","2"
"魏正平东雍州","2","0","2"
"郡守郭武安脱","1","1","2"
"守郭武安脱身","1","1","2"
"建二州诸军事","1","1","2"
"建州邵郡河内","1","1","2"
"州邵郡河内汲","1","1","2"
"邵郡河内汲郡","1","1","2"
"郡河内汲郡黎","1","1","2"
"河内汲郡黎阳","1","1","2"
"内汲郡黎阳等","1","1","2"
"汲郡黎阳等诸","1","1","2"
"郡黎阳等诸军","1","1","2"
"黎阳等诸军事","1","1","2"
"赠淅洛义三州","1","1","2"
"淅洛义三州刺","1","1","2"
"洛义三州刺史","1","1","2"
"释褐员外散骑","2","0","2"
"时汾州刺史韦","1","1","2"
"汾州刺史韦子","1","1","2"
"州刺史韦子粲","1","1","2"
"司车路下大夫","1","1","2"
"梁元帝素琴一","1","1","2"
"元帝素琴一张","1","1","2"
"招府记室参军","1","1","2"
"赠丰资遂三州","1","1","2"
"丰资遂三州刺","1","1","2"
"资遂三州刺史","1","1","2"
"荆州总管长孙","1","1","2"
"州总管长孙俭","1","1","2"
"淮广复三州诸","1","1","2"
"广复三州诸军","1","1","2"
"复三州诸军事","1","1","2"
"赐爵永宁县侯","1","1","2"
"大丞相府右长","1","1","2"
"左长史长孙俭","1","1","2"
"谘议刘孟良等","1","1","2"
"议刘孟良等分","1","1","2"
"将军达奚武率","1","1","2"
"征御伯中大夫","2","0","2"
"北豫三州刺史","1","1","2"
"徐兖等六州刺","1","1","2"
"兖等六州刺史","1","1","2"
"太祖解洛阳围","2","0","2"
"加定州大中正","1","1","2"
"吏部尚书李神","1","1","2"
"崔宣猷智略明","1","1","2"
"都督梁利等十","1","1","2"
"督梁利等十二","1","1","2"
"梁利等十二州","1","1","2"
"利等十二州白","1","1","2"
"等十二州白马","1","1","2"
"十二州白马傥","1","1","2"
"二州白马傥城","1","1","2"
"利州刺史崔谦","1","1","2"
"州刺史崔谦请","1","1","2"
"征御正中大夫","2","0","2"
"开等十四州白","1","1","2"
"等十四州白马","1","1","2"
"十四州白马傥","1","1","2"
"四州白马傥城","1","1","2"
"昌乐王府司马","1","1","2"
"丞相府士曹参","1","1","2"
"相府士曹参军","1","1","2"
"九世伯祖贞侯","1","1","2"
"世伯祖贞侯潜","1","1","2"
"邑通前一千六","2","0","2"
"通前一千六百","2","0","2"
"大司空许国公","1","1","2"
"司空许国公宇","1","1","2"
"空许国公宇文","1","1","2"
"小司空北海公","1","1","2"
"司空北海公申","1","1","2"
"空北海公申徽","1","1","2"
"赐爵胡原县子","1","1","2"
"赐爵汾阴县男","1","1","2"
"令大都督薛崇","1","1","2"
"大都督薛崇礼","1","1","2"
"都督乙干贵率","1","1","2"
"南汾州刺史苏","1","1","2"
"汾州刺史苏景","1","1","2"
"州刺史苏景恕","1","1","2"
"大丞相府户曹","1","1","2"
"丞相府户曹参","1","1","2"
"相府户曹参军","1","1","2"
"追封文城郡公","1","1","2"
"徐州总管府长","1","1","2"
"都督二豫郢雍","1","1","2"
"督二豫郢雍四","1","1","2"
"二豫郢雍四州","1","1","2"
"豫郢雍四州诸","1","1","2"
"郢雍四州诸军","1","1","2"
"东魏刺史鹿永","1","1","2"
"魏刺史鹿永吉","1","1","2"
"陈留郡守赵季","1","1","2"
"进爵襄城郡公","1","1","2"
"副防主杞宾王","1","1","2"
"阳城陈留二郡","1","1","2"
"城陈留二郡守","1","1","2"
"信东徐南兖三","1","1","2"
"东徐南兖三州","1","1","2"
"徐南兖三州刺","1","1","2"
"南兖三州刺史","1","1","2"
"青州人崔社客","1","1","2"
"州人崔社客举","1","1","2"
"人崔社客举兵","1","1","2"
"崔社客举兵反","1","1","2"
"遣京畿大都督","1","1","2"
"京畿大都督匹","1","1","2"
"畿大都督匹娄","1","1","2"
"大都督匹娄昭","1","1","2"
"都督匹娄昭讨","1","1","2"
"都督赵业等袭","1","1","2"
"西中郎将慕容","1","1","2"
"中郎将慕容显","1","1","2"
"入工部中大夫","2","0","2"
"同华等五州刺","1","1","2"
"华等五州刺史","1","1","2"
"纥豆陵步藩交","1","1","2"
"豆陵步藩交战","1","1","2"
"伪行台纥豆陵","1","1","2"
"行台纥豆陵伊","1","1","2"
"台纥豆陵伊利","1","1","2"
"纥豆陵伊利钦","1","1","2"
"殷州车骑府司","1","1","2"
"州车骑府司马","1","1","2"
"行台左中兵郎","1","1","2"
"台左中兵郎中","1","1","2"
"王思政镇颍川","2","0","2"
"士良大行台右","1","1","2"
"良大行台右丞","1","1","2"
"尚书吏部郎中","1","1","2"
"五兵二曹尚书","1","1","2"
"尚书令赵郡王","1","1","2"
"书令赵郡王高","1","1","2"
"太常卿崔昂分","1","1","2"
"寻加开府仪同","2","0","2"
"魏平东府谘议","1","1","2"
"追赠上开府仪","1","1","2"
"赠上开府仪同","1","1","2"
"魏吏部尚书陇","1","1","2"
"吏部尚书陇西","1","1","2"
"部尚书陇西李","1","1","2"
"尚书陇西李神","1","1","2"
"东魏郡守苏淑","1","1","2"
"乡郡王元洪威","1","1","2"
"郡王元洪威攻","1","1","2"
"疑荆州总管独","1","1","2"
"荆州总管独孤","1","1","2"
"州总管独孤永","1","1","2"
"总管独孤永业","1","1","2"
"令狐整字延保","1","1","2"
"晋昌人吕兴等","1","1","2"
"波斯使主张道","1","1","2"
"斯使主张道义","1","1","2"
"乡亲二千余人","1","1","2"
"亲二千余人入","1","1","2"
"二千余人入朝","1","1","2"
"兴州刺史席固","1","1","2"
"宜豳盐四州诸","1","1","2"
"豳盐四州诸军","1","1","2"
"盐四州诸军事","1","1","2"
"司马裔字遵胤","1","1","2"
"破叛兵赵雄杰","1","1","2"
"遣使宣示祸福","2","0","2"
"三公等三十余","1","1","2"
"公等三十余城","1","1","2"
"魏都督贺娄乌","1","1","2"
"都督贺娄乌兰","1","1","2"
"加绛晋建三州","1","1","2"
"绛晋建三州刺","1","1","2"
"晋建三州刺史","1","1","2"
"魏孝文帝挽郎","1","1","2"
"功授员外散骑","1","1","2"
"迁尚书左民郎","1","1","2"
"尚书左民郎中","1","1","2"
"司空府功曹参","1","1","2"
"空府功曹参军","1","1","2"
"遣长史杜休道","1","1","2"
"长史杜休道率","1","1","2"
"史杜休道率兵","1","1","2"
"杜休道率兵攻","1","1","2"
"休道率兵攻克","1","1","2"
"加冀定瀛三州","1","1","2"
"冀定瀛三州诸","1","1","2"
"定瀛三州诸军","1","1","2"
"瀛三州诸军事","1","1","2"
"乘胜进取平凉","1","1","2"
"赐姓侯吕陵氏","1","1","2"
"丞相府事中郎","2","0","2"
"封三州诸军事","1","1","2"
"左仆射长孙俭","1","1","2"
"改授民部郎中","1","1","2"
"开府仪同主簿","1","1","2"
"齐南安城主冯","1","1","2"
"南安城主冯显","1","1","2"
"柱国宇文贵令","1","1","2"
"显外兵参军邹","1","1","2"
"外兵参军邹绍","1","1","2"
"蒲州总管府长","1","1","2"
"刺史王士良妻","1","1","2"
"史王士良妻弟","1","1","2"
"王士良妻弟董","1","1","2"
"士良妻弟董远","1","1","2"
"良妻弟董远秀","1","1","2"
"纯州刺史樊舍","1","1","2"
"遣都督韩僧明","1","1","2"
"益州总管府中","1","1","2"
"州总管府中郎","1","1","2"
"孝宽柱国府司","1","1","2"
"宽柱国府司马","1","1","2"
"治襄州总管府","1","1","2"
"襄州总管府司","1","1","2"
"州总管府司录","1","1","2"
"加授散骑侍郎","1","1","2"
"扬州刺史李宪","1","1","2"
"魏恭帝元年冬","1","1","2"
"相州功曹参军","1","1","2"
"行台贺拔岳所","1","1","2"
"左中郎将京兆","1","1","2"
"中郎将京兆韦","1","1","2"
"郎将京兆韦潜","1","1","2"
"将京兆韦潜度","1","1","2"
"二仙人共持一","1","1","2"
"仙人共持一钵","1","1","2"
"小宗伯卢辩斟","1","1","2"
"宗伯卢辩斟酌","1","1","2"
"伯卢辩斟酌古","1","1","2"
"授内史下大夫","1","1","2"
"时前中书监卢","1","1","2"
"前中书监卢柔","1","1","2"
"丞相府东合祭","2","0","2"
"临淄公唐瑾等","1","1","2"
"黄门侍郎徐招","1","1","2"
"东南道行台右","1","1","2"
"南道行台右丞","1","1","2"
"幽州都督府长","1","1","2"
"麟趾殿刊正经","1","1","2"
"趾殿刊正经籍","1","1","2"
"高祖亲戎东讨","2","0","2"
"行台吏部郎中","1","1","2"
"丞相府行参军","1","1","2"
"丞相府田曹参","1","1","2"
"相府田曹参军","1","1","2"
"袭爵繁昌县公","1","1","2"
"赏布帛二百匹","1","1","2"
"累迁辅国将军","2","0","2"
"州人仇周贡等","1","1","2"
"上遵太祖遗旨","1","1","2"
"黄门侍郎徐陵","1","1","2"
"赐爵义兴县伯","1","1","2"
"加开府仪同大","1","1","2"
"左武伯中大夫","1","1","2"
"秦渭等六州诸","1","1","2"
"渭等六州诸军","1","1","2"
"文等七州诸军","1","1","2"
"将士三万余人","1","1","2"
"七州十五镇诸","1","1","2"
"小内史贺若弼","1","1","2"
"令内史杜虔信","1","1","2"
"御正中大夫颜","1","1","2"
"改封长广县公","1","1","2"
"右宫伯中大夫","1","1","2"
"高祖将诛晋公","2","0","2"
"祖将诛晋公护","2","0","2"
"改封武德郡公","1","1","2"
"改封东平郡公","1","1","2"
"原国公姬愿等","1","1","2"
"幽州人卢昌期","1","1","2"
"黄门侍郎卢思","1","1","2"
"门侍郎卢思道","1","1","2"
"宇文孝伯字胡","1","1","2"
"文孝伯字胡三","1","1","2"
"授司卫上大夫","1","1","2"
"高祖初建储宫","1","1","2"
"时京兆郡丞乐","1","1","2"
"京兆郡丞乐运","1","1","2"
"夏州总管府仓","1","1","2"
"州总管府仓曹","1","1","2"
"总管府仓曹参","1","1","2"
"管府仓曹参军","1","1","2"
"柱国府记室参","1","1","2"
"国府记室参军","1","1","2"
"六百三十九条","1","1","2"
"国子祭酒萧子","1","1","2"
"子祭酒萧子云","1","1","2"
"袭爵南昌县侯","1","1","2"
"吏部尚书宗懔","1","1","2"
"太府卿黄罗汉","1","1","2"
"都督城西诸军","1","1","2"
"督城西诸军事","1","1","2"
"尚书度支郎中","1","1","2"
"寻迁黄门侍郎","2","0","2"
"义十八州诸军","1","1","2"
"令梁州刺史杨","1","1","2"
"麟趾殿校定经","1","1","2"
"趾殿校定经史","1","1","2"
"李漆等三百余","1","1","2"
"漆等三百余人","1","1","2"
"等三百余人上","1","1","2"
"三百余人上表","1","1","2"
"后改封蔡阳郡","1","1","2"
"改封蔡阳郡公","1","1","2"
"赐谷麦三百石","1","1","2"
"益新始信四州","1","1","2"
"新始信四州诸","1","1","2"
"始信四州诸军","1","1","2"
"信四州诸军事","1","1","2"
"诗赋杂文数万","1","1","2"
"中卫长史乐子","1","1","2"
"卫长史乐子云","1","1","2"
"改授平南将军","1","1","2"
"湘州刺史王琳","1","1","2"
"州刺史王琳率","1","1","2"
"时陈武帝执政","1","1","2"
"萧圆肃字明恭","1","1","2"
"萧大圜字仁显","1","1","2"
"改封晋熙郡王","1","1","2"
"晋熙王萧大圜","1","1","2"
"熙王萧大圜等","1","1","2"
"大圜车骑大将","1","1","2"
"圜车骑大将军","1","1","2"
"上黄侯萧晔所","1","1","2"
"信武府记室参","1","1","2"
"武府记室参军","1","1","2"
"令长史刘孝胜","1","1","2"
"陈平度河归汉","1","1","2"
"平度河归汉图","1","1","2"
"中记室韦登私","1","1","2"
"授内史中大夫","1","1","2"
"西昌侯深藻镇","1","1","2"
"纶府法曹参军","1","1","2"
"赐爵闻喜县公","1","1","2"
"赐爵清河郡公","1","1","2"
"行台侯景率兵","1","1","2"
"魏孝武西迁后","2","0","2"
"录尚书长孙稚","1","1","2"
"台慕容绍宗等","1","1","2"
"扬州刺史薛喜","1","1","2"
"节度河南诸军","1","1","2"
"度河南诸军事","1","1","2"
"赐爵华山郡公","1","1","2"
"定等六州刺史","1","1","2"
"追赠秦州刺史","1","1","2"
"弘农郡守韦孝","1","1","2"
"农郡守韦孝宽","1","1","2"
"魏陕州刺史刘","1","1","2"
"陕州刺史刘贵","1","1","2"
"河南行台杨琚","1","1","2"
"魏洛州刺史韩","1","1","2"
"洛州刺史韩贤","1","1","2"
"军司慕容绍宗","1","1","2"
"司慕容绍宗率","1","1","2"
"慕容绍宗率兵","1","1","2"
"魏洛州刺史元","1","1","2"
"洛州刺史元湛","1","1","2"
"长史孟彦举城","1","1","2"
"东魏东雍州刺","1","1","2"
"魏东雍州刺史","1","1","2"
"东雍州刺史郭","1","1","2"
"雍州刺史郭叔","1","1","2"
"州刺史郭叔略","1","1","2"
"洛四州诸军事","1","1","2"
"辟恶山招集勇","1","1","2"
"恶山招集勇敢","1","1","2"
"山招集勇敢少","1","1","2"
"招集勇敢少年","1","1","2"
"集勇敢少年数","1","1","2"
"勇敢少年数十","1","1","2"
"敢少年数十人","1","1","2"
"东魏扬州刺史","1","1","2"
"魏扬州刺史段","1","1","2"
"扬州刺史段琛","1","1","2"
"金门郡守方台","1","1","2"
"门郡守方台洛","1","1","2"
"宜阳郡守赵嵩","1","1","2"
"金门郡守乐敬","1","1","2"
"门郡守乐敬宾","1","1","2"
"史独孤永业号","1","1","2"
"东魏司徒高敖","1","1","2"
"魏司徒高敖曹","1","1","2"
"开府李义孙攻","1","1","2"
"陕州总管尉迟","1","1","2"
"州总管尉迟纲","1","1","2"
"击东魏洛州刺","1","1","2"
"吏部尚书郭祚","1","1","2"
"乡兵三千人拒","1","1","2"
"大行台贺拔岳","1","1","2"
"蜀民张国隽聚","1","1","2"
"上洛人都督泉","1","1","2"
"洛人都督泉岳","1","1","2"
"累迁员外散骑","2","0","2"
"功封丰阳县伯","1","1","2"
"太祖令仲遵率","1","1","2"
"大将军王雄南","1","1","2"
"将军王雄南征","1","1","2"
"军王雄南征上","1","1","2"
"王雄南征上津","1","1","2"
"上津置南洛州","1","1","2"
"结安康酋帅黄","1","1","2"
"安康酋帅黄众","1","1","2"
"东梁州刺史刘","1","1","2"
"梁州刺史刘孟","1","1","2"
"州刺史刘孟良","1","1","2"
"都督金兴等六","1","1","2"
"督金兴等六州","1","1","2"
"金兴等六州诸","1","1","2"
"兴等六州诸军","1","1","2"
"金州人黄国等","1","1","2"
"巴州刺史牟安","1","1","2"
"州刺史牟安民","1","1","2"
"安民子宗彻等","1","1","2"
"城主遣使请降","1","1","2"
"魏恭帝三年正","1","1","2"
"恭帝三年正月","1","1","2"
"获刺史冉助国","1","1","2"
"刺史冉助国等","1","1","2"
"拓地三千余里","1","1","2"
"蛮酋向五子王","1","1","2"
"酋向五子王等","1","1","2"
"追击五子王等","1","1","2"
"黔阳蛮田乌度","1","1","2"
"白帝城外筑城","1","1","2"
"坏龙川宁朔堤","1","1","2"
"梁州民皇甫圆","1","1","2"
"潼南梁二州刺","1","1","2"
"南梁二州刺史","1","1","2"
"干运令使人李","1","1","2"
"运令使人李若","1","1","2"
"令使人李若等","1","1","2"
"使人李若等入","1","1","2"
"人李若等入关","1","1","2"
"尉迟迥令开府","1","1","2"
"迟迥令开府侯","1","1","2"
"迥令开府侯吕","1","1","2"
"令开府侯吕陵","1","1","2"
"开府侯吕陵始","1","1","2"
"魏弘农郡守淳","1","1","2"
"襄唐丰郢复五","1","1","2"
"唐丰郢复五州","1","1","2"
"丰郢复五州刺","1","1","2"
"郢复五州刺史","1","1","2"
"顺直二州刺史","1","1","2"
"观迁哲对太祖","1","1","2"
"高祖保定三年","1","1","2"
"豫州都督府长","1","1","2"
"时刺史高仲密","1","1","2"
"朝廷遣大将军","1","1","2"
"廷遣大将军李","1","1","2"
"遣大将军李远","1","1","2"
"大将军李远率","1","1","2"
"将军李远率军","1","1","2"
"军李远率军赴","1","1","2"
"李远率军赴援","1","1","2"
"司空府参军事","1","1","2"
"赐爵范阳县伯","1","1","2"
"授小匠师下大","1","1","2"
"小匠师下大夫","1","1","2"
"司马贺兰祥讨","2","0","2"
"马贺兰祥讨吐","2","0","2"
"陕州总管府长","1","1","2"
"太祖遥指山上","1","1","2"
"重补国子助教","1","1","2"
"遣主书何武迎","1","1","2"
"遣宣纳上士柳","1","1","2"
"宣纳上士柳裘","1","1","2"
"遣小司门上士","1","1","2"
"小司门上士杨","1","1","2"
"司门上士杨汪","1","1","2"
"门上士杨汪送","1","1","2"
"将韩轨长史张","1","1","2"
"韩轨长史张曜","1","1","2"
"周帝重道尊儒","1","1","2"
"大乘佛寺参议","1","1","2"
"乘佛寺参议五","1","1","2"
"佛寺参议五礼","1","1","2"
"安西府长流参","1","1","2"
"西府长流参军","1","1","2"
"相府户曹柳敏","1","1","2"
"行台郎中卢光","1","1","2"
"河东郡丞辛粲","1","1","2"
"东郡丞辛粲相","1","1","2"
"郡丞辛粲相继","1","1","2"
"小师氏下大夫","1","1","2"
"武成元年六月","1","1","2"
"露门教授皇子","1","1","2"
"左氏春秋序论","1","1","2"
"司空高干兄弟","1","1","2"
"卫军府功曹参","1","1","2"
"军府功曹参军","1","1","2"
"吏部郎中崔暹","1","1","2"
"镇城奚寿兴典","1","1","2"
"桧兄子止戈方","1","1","2"
"府中直兵参军","1","1","2"
"水浆入口三日","2","0","2"
"邑人王元达等","1","1","2"
"人王元达等七","1","1","2"
"王元达等七十","1","1","2"
"元达等七十余","1","1","2"
"达等七十余人","1","1","2"
"禅窟重台两匝","1","1","2"
"灯光普施法界","1","1","2"
"县博士杨轨等","1","1","2"
"博士杨轨等二","1","1","2"
"士杨轨等二百","1","1","2"
"丞相府城局参","1","1","2"
"相府城局参军","1","1","2"
"姚僧垣字法卫","1","1","2"
"菩提讨论方术","1","1","2"
"梁武帝召入禁","1","1","2"
"武帝召入禁中","1","1","2"
"嗣王国左常侍","1","1","2"
"湘东王府记室","1","1","2"
"东王府记室参","1","1","2"
"金州刺史伊娄","1","1","2"
"州刺史伊娄穆","1","1","2"
"襄乐公贺兰隆","1","1","2"
"永世公叱伏列","1","1","2"
"世公叱伏列椿","1","1","2"
"天子上应天心","1","1","2"
"宪府水曹参军","1","1","2"
"黎景熙字季明","1","1","2"
"吏部尚书清河","1","1","2"
"部尚书清河崔","1","1","2"
"尚书清河崔玄","1","1","2"
"书清河崔玄伯","1","1","2"
"授银青光禄大","1","1","2"
"时大司马贺兰","1","1","2"
"庄公三十一年","1","1","2"
"公三十一年冬","1","1","2"
"僖公二十一年","1","1","2"
"公二十一年夏","1","1","2"
"十四万六千人","1","1","2"
"竟陵王录事参","1","1","2"
"陵王录事参军","1","1","2"
"鄱阳王中记室","1","1","2"
"武陵王府参军","1","1","2"
"侯伏侯龙恩早","1","1","2"
"大哭释迦牟尼","1","1","2"
"哭释迦牟尼佛","1","1","2"
"姚僧垣诊候精","1","1","2"
"僧垣诊候精审","1","1","2"
"湘州刺史张缵","1","1","2"
"江陵游军主朱","1","1","2"
"陵游军主朱荣","1","1","2"
"府司马刘方贵","1","1","2"
"雍州人席引等","1","1","2"
"令中兵参军尹","1","1","2"
"中兵参军尹正","1","1","2"
"议参军蔡大宝","1","1","2"
"追赠叔父邵陵","1","1","2"
"赠叔父邵陵王","1","1","2"
"大将军王操率","1","1","2"
"保定二年二月","1","1","2"
"巴州刺史戴僧","1","1","2"
"州刺史戴僧朔","1","1","2"
"荆州总管权景","1","1","2"
"州总管权景宣","1","1","2"
"大将军元定等","1","1","2"
"大将军李广等","1","1","2"
"吴明彻乘胜攻","1","1","2"
"令大将军许世","1","1","2"
"大将军许世武","1","1","2"
"臣下二百余人","1","1","2"
"西渡辽水二千","1","1","2"
"渡辽水二千里","1","1","2"
"玄菟等数十城","1","1","2"
"医药卜筮占相","1","1","2"
"五谷杂果菜蔬","1","1","2"
"酒醴肴馔药品","1","1","2"
"驼驴骡羊鹅鸭","1","1","2"
"驴骡羊鹅鸭等","1","1","2"
"蔡阳蛮王鲁超","1","1","2"
"阳蛮王鲁超明","1","1","2"
"淮北三州诸军","1","1","2"
"北三州诸军事","1","1","2"
"后巴西人谯淹","1","1","2"
"遣开府王亮率","1","1","2"
"开府王亮率众","1","1","2"
"府王亮率众渡","1","1","2"
"王亮率众渡江","1","1","2"
"获贼帅冉承公","1","1","2"
"先任隆州总管","1","1","2"
"刘备故宫城南","1","1","2"
"总管长史赵文","1","1","2"
"管长史赵文表","1","1","2"
"父子伯叔兄弟","1","1","2"
"仪同侯莫陈顺","1","1","2"
"同侯莫陈顺等","1","1","2"
"州刺史史宁等","1","1","2"
"风俗物产宕昌","2","0","2"
"俗物产宕昌略","2","0","2"
"物产宕昌略同","2","0","2"
"大都督侯莫陈","1","1","2"
"都督侯莫陈顺","1","1","2"
"渭州刺史长孙","1","1","2"
"州刺史长孙澄","1","1","2"
"督成武沙三州","1","1","2"
"成武沙三州诸","1","1","2"
"武沙三州诸军","1","1","2"
"沙三州诸军事","1","1","2"
"将军豆卢宁等","1","1","2"
"蜀攻陷落丛郡","1","1","2"
"遣仪同刘崇义","1","1","2"
"大统元年三月","1","1","2"
"第三子南海王","1","1","2"
"皇后夫人王公","1","1","2"
"延州稽胡郝阿","1","1","2"
"州稽胡郝阿保","1","1","2"
"柱国豆卢宁督","1","1","2"
"州刺史韦孝宽","1","1","2"
"延州总管宇文","1","1","2"
"州总管宇文盛","1","1","2"
"总管宇文盛率","1","1","2"
"管宇文盛率众","1","1","2"
"稽胡白郁久同","1","1","2"
"践斯处折施山","1","1","2"
"魏废帝元年正","1","1","2"
"废帝元年正月","1","1","2"
"北海五六千里","1","1","2"
"俟斤袭击吐谷","1","1","2"
"斤袭击吐谷浑","1","1","2"
"凉州刺史杨荐","1","1","2"
"大司徒宇文贵","1","1","2"
"柱国刘雄率兵","1","1","2"
"长安四千九百","1","1","2"
"安四千九百里","1","1","2"
"地东西三百里","1","1","2"
"牙门评议众事","1","1","2"
"长安五千八百","1","1","2"
"安五千八百里","1","1","2"
"王遣使献名马","2","0","2"
"贰师将军李广","1","1","2"
"师将军李广利","1","1","2"
"长安七千七百","1","1","2"
"安七千七百里","1","1","2"
"安息等大小二","1","1","2"
"息等大小二十","1","1","2"
"长安一万五千","1","1","2"
"安一万五千三","1","1","2"
"一万五千三百","1","1","2"
"万五千三百里","1","1","2"
"是命中注定的","0","2","2"
"有什么可说的","0","2","2"
"毛色不纯的马","0","2","2"
"才不再说什么","0","2","2"
"像你所说的那","0","2","2"
"你所说的那样","0","2","2"
"我就没有忧虑","0","2","2"
"就没有忧虑了","0","2","2"
"怎么能碌碌无","0","2","2"
"么能碌碌无为","0","2","2"
"于是流着眼泪","0","2","2"
"各色绸缎一百","0","2","2"
"打开城门让他","0","2","2"
"呈上奏章请求","0","2","2"
"请求辞去官职","0","2","2"
"受不住刑讯的","0","2","2"
"不住刑讯的痛","0","2","2"
"宇文护的心意","0","2","2"
"最公正无私的","0","2","2"
"公正无私的道","0","2","2"
"正无私的道理","0","2","2"
"治理百姓的根","0","2","2"
"理百姓的根本","0","2","2"
"如果在门第资","0","2","2"
"果在门第资格","0","2","2"
"在门第资格高","0","2","2"
"门第资格高贵","0","2","2"
"第资格高贵的","0","2","2"
"资格高贵的人","0","2","2"
"才兼备的人才","0","2","2"
"作为做人的根","0","2","2"
"为做人的根本","0","2","2"
"观察一个人的","0","2","2"
"察一个人的道","0","2","2"
"当今的地方长","0","2","2"
"今的地方长官","0","2","2"
"确实没有什么","0","2","2"
"在朝廷上接受","0","2","2"
"不到二十岁时","0","2","2"
"泛阅读经史典","0","2","2"
"阅读经史典籍","0","2","2"
"还有什么话说","0","2","2"
"对他加以嘉奖","0","2","2"
"此而加以称赞","0","2","2"
"宇文显和答道","0","2","2"
"梁元帝在江陵","0","2","2"
"元帝在江陵继","0","2","2"
"认为不能这样","0","2","2"
"认为他与众不","0","2","2"
"为他与众不同","0","2","2"
"亲自统率六军","0","2","2"
"派使者前来聘","0","2","2"
"使者前来聘问","0","2","2"
"佩剑著履上殿","0","2","2"
"杨国公王谊为","0","2","2"
"是上谷昌平人","0","2","2"
"是弘农华阴人","0","2","2"
"命周惠达为府","0","2","2"
"独孤信平定凉","0","2","2"
"孤信平定凉州","0","2","2"
"加食邑累计一","0","2","2"
"食邑累计一千","0","2","2"
"高仲密以北豫","0","2","2"
"仲密以北豫州","0","2","2"
"密以北豫州来","0","2","2"
"以北豫州来归","0","2","2"
"北豫州来归附","0","2","2"
"担任雍州刺史","0","2","2"
"击败齐国将领","0","2","2"
"不久拜使持节","0","2","2"
"是匈奴的分支","0","2","2"
"为南岐州刺史","0","2","2"
"东魏将领高干","0","2","2"
"魏将领王元轨","0","2","2"
"史宇文仲和据","0","2","2"
"宇文仲和据州","0","2","2"
"莫陈崇为大司","0","2","2"
"公侯莫陈崇为","0","2","2"
"阳公达奚武为","0","2","2"
"阳进献三足乌","0","2","2"
"国公尉迟纲为","0","2","2"
"秋季七月己巳","0","2","2"
"季七月己巳曰","0","2","2"
"国公达奚武为","0","2","2"
"公达奚武为太","0","2","2"
"改礼部为司宗","0","2","2"
"绥德公陆通为","0","2","2"
"德公陆通为大","0","2","2"
"公陆通为大司","0","2","2"
"国公宇文宪为","0","2","2"
"公宇文宪为大","0","2","2"
"宇文宪为大司","0","2","2"
"文宪为大司马","0","2","2"
"上庸公陆腾为","0","2","2"
"星侵犯右执法","0","2","2"
"可以大赦天下","0","2","2"
"柱国袍罕公辛","0","2","2"
"国袍罕公辛威","0","2","2"
"开始设置上柱","0","2","2"
"始设置上柱国","0","2","2"
"仪同三司改为","0","2","2"
"为开府仪同大","0","2","2"
"封齐王宇文宪","0","2","2"
"王宇文宪的儿","0","2","2"
"宇文宪的儿子","0","2","2"
"公宇文质为河","0","2","2"
"宇文质为河间","0","2","2"
"文质为河间王","0","2","2"
"广化公丘崇为","0","2","2"
"柱国杞国公宇","0","2","2"
"国杞国公宇文","0","2","2"
"国公韦孝宽为","0","2","2"
"申国公李穆为","0","2","2"
"春季正月癸酉","0","2","2"
"汉王宇文赞为","0","2","2"
"蒋国公梁睿为","0","2","2"
"长宁公杨勇为","0","2","2"
"被尊为皇太后","0","2","2"
"为天元圣皇太","0","2","2"
"被迫赠为使持","0","2","2"
"迫赠为使持节","0","2","2"
"他被追赠为使","0","2","2"
"宋献公宇文震","0","2","2"
"陈惑王宇文纯","0","2","2"
"元颢入据洛阳","0","2","2"
"孝庄帝出居河","0","2","2"
"庄帝出居河内","0","2","2"
"府仪同三司等","0","2","2"
"仪同三司等衔","0","2","2"
"跟随太宰元天","0","2","2"
"拜为征虏将军","0","2","2"
"是代郡武川人","0","2","2"
"任北华州刺史","0","2","2"
"加授征西将军","0","2","2"
"转任骠骑将军","0","2","2"
"出任金州总管","0","2","2"
"历任开府仪同","0","2","2"
"多次升迁任大","0","2","2"
"廷追赠他为使","0","2","2"
"兼任大丞相府","0","2","2"
"官至上仪同大","0","2","2"
"七品州列曹参","0","2","2"
"又加授骠骑大","0","2","2"
"占据州城反叛","0","2","2"
"请求举州归附","0","2","2"
"屡经升迁为大","0","2","2"
"升迁为大都督","0","2","2"
"任他为车骑大","0","2","2"
"出任鄘州刺史","0","2","2"
"升通直散骑常","0","2","2"
"官位达到开府","0","2","2"
"升任为大都督","0","2","2"
"加授柱国大将","0","2","2"
"加授车骑将军","0","2","2"
"转任从事中郎","0","2","2"
"至车骑大将军","0","2","2"
"任为宜州刺史","0","2","2"
"食邑一千四百","0","2","2"
"不久任车骑大","0","2","2"
"久任车骑大将","0","2","2"
"食邑一千二百","0","2","2"
"任大行台右丞","0","2","2"
"于谨讨伐刘平","0","2","2"
"谨讨伐刘平伏","0","2","2"
"任礼部中大夫","0","2","2"
"加授中军将军","0","2","2"
"屡经升迁为都","0","2","2"
"经升迁为都督","0","2","2"
"是河东闻喜人","0","2","2"
"追赠辅国将军","0","2","2"
"公宇文直出镇","0","2","2"
"迎接司马消难","0","2","2"
"加食邑一千五","0","2","2"
"将作大匠郑浑","0","2","2"
"作大匠郑浑的","0","2","2"
"转任陕州刺史","0","2","2"
"授司徒左长史","0","2","2"
"获赠仪同三司","0","2","2"
"授任恒州刺史","0","2","2"
"转任民部中大","0","2","2"
"增封食邑一千","0","2","2"
"封食邑一千户","0","2","2"
"为北雍州刺史","0","2","2"
"不久加骠骑大","0","2","2"
"久加骠骑大将","0","2","2"
"从魏孝武帝入","0","2","2"
"任为安束将军","0","2","2"
"任益州总管府","0","2","2"
"转任陇右总管","0","2","2"
"齐公宇文宪府","0","2","2"
"宇文宪府长史","0","2","2"
"独孤信镇守洛","0","2","2"
"孤信镇守洛阳","0","2","2"
"于是任李昶为","0","2","2"
"为丞相府记室","0","2","2"
"为匠师中大夫","0","2","2"
"加仪同三司衔","0","2","2"
"转任司武上大","0","2","2"
"任司武上大夫","0","2","2"
"弟鄱阳王萧恢","0","2","2"
"食邑一千三百","0","2","2"
"食邑各一千户","0","2","2"
"又随从太祖战","0","2","2"
"随从太祖战于","0","2","2"
"从太祖战于河","0","2","2"
"太祖战于河桥","0","2","2"
"代理荆州刺史","0","2","2"
"随从大将军宇","0","2","2"
"从大将军宇文","0","2","2"
"派遣使者任命","0","2","2"
"是吴兴武康人","0","2","2"
"是河东猗氏人","0","2","2"
"迁任辅国将军","0","2","2"
"乐逊教授诸子","0","2","2"
"迁任遂伯中大","0","2","2"
"任遂伯中大夫","0","2","2"
"迁任给事黄门","0","2","2"
"是河东汾阴人","0","2","2"
"梁元帝平定侯","0","2","2"
"元帝平定侯景","0","2","2"
"等人相继归附","0","2","2"
"诏令开府陆腾","0","2","2"
"兴州人段吒及","0","2","2"
"斤又遣使来贡","0","2","2"
"又遣使来贡献","0","2","2"
"在鲜于修礼军","0","2","2"
"鲜于修礼军中","0","2","2"
"以统军的身份","0","2","2"
"统军的身份跟","0","2","2"
"份跟随尔朱荣","0","2","2"
"跟随尔朱荣征","0","2","2"
"以别将的身份","0","2","2"
"孝庄帝派尔朱","0","2","2"
"庄帝派尔朱天","0","2","2"
"帝派尔朱天光","0","2","2"
"任为征西将军","0","2","2"
"尔朱天光征召","0","2","2"
"事情没有不成","0","2","2"
"情没有不成功","0","2","2"
"侯莫陈悦军中","0","2","2"
"任关西大行台","0","2","2"
"不是一般的人","0","2","2"
"有灵州刺史曹","0","2","2"
"太祖到了夏州","0","2","2"
"北魏永熙三年","0","2","2"
"打算讨伐曹泥","0","2","2"
"贺拔岳的尸体","0","2","2"
"拔岳的尸体回","0","2","2"
"侯莫陈悦既已","0","2","2"
"我知道他没有","0","2","2"
"又悲又喜地说","0","2","2"
"太祖对将领们","0","2","2"
"祖对将领们说","0","2","2"
"命令各路兵马","0","2","2"
"贺拔岳的军队","0","2","2"
"在讨伐侯莫陈","0","2","2"
"最终无所成就","0","2","2"
"可朱浑元等人","0","2","2"
"有远大的器量","0","2","2"
"为侯莫陈悦效","0","2","2"
"侯莫陈悦效力","0","2","2"
"侯莫陈崇代理","0","2","2"
"莫陈崇代理原","0","2","2"
"陈崇代理原州","0","2","2"
"代理原州事务","0","2","2"
"伐侯莫陈悦的","0","2","2"
"知道侯莫陈悦","0","2","2"
"侯莫陈悦本来","0","2","2"
"追上了侯莫陈","0","2","2"
"上了侯莫陈悦","0","2","2"
"齐神武听说太","0","2","2"
"神武听说太祖","0","2","2"
"派使者到太祖","0","2","2"
"使者到太祖那","0","2","2"
"者到太祖那裹","0","2","2"
"骑兵五千镇守","0","2","2"
"替代他的职务","0","2","2"
"当时魏孝武帝","0","2","2"
"受命负责征伐","0","2","2"
"拒绝朝廷派人","0","2","2"
"就命令各位将","0","2","2"
"命令各位将帅","0","2","2"
"于是进军讨伐","0","2","2"
"把他的首级传","0","2","2"
"等十二名将领","0","2","2"
"魏将领高叔礼","0","2","2"
"齐神武渡过黄","0","2","2"
"神武渡过黄河","0","2","2"
"都认为敌众我","0","2","2"
"认为敌众我少","0","2","2"
"巡逻骑兵报告","0","2","2"
"率领铁甲骑兵","0","2","2"
"骑兵共二万人","0","2","2"
"东魏派将领侯","0","2","2"
"魏派将领侯景","0","2","2"
"率领轻装骑兵","0","2","2"
"的坐骑被乱箭","0","2","2"
"辅佐魏太子出","0","2","2"
"魏太子出居渭","0","2","2"
"太子出居渭水","0","2","2"
"太祖派开府李","0","2","2"
"祖派开府李弼","0","2","2"
"渡过汾水追击","0","2","2"
"阳举行大规模","0","2","2"
"在白水举行大","0","2","2"
"白水举行大规","0","2","2"
"水举行大规模","0","2","2"
"依照这个原则","0","2","2"
"将领侯景侵犯","0","2","2"
"领侯景侵犯襄","0","2","2"
"侯景侵犯襄州","0","2","2"
"活捉宇文仲和","0","2","2"
"南六州前来归","0","2","2"
"六州前来归附","0","2","2"
"太祖奉护魏帝","0","2","2"
"祖奉护魏帝西","0","2","2"
"率军十余万人","0","2","2"
"把王思政包围","0","2","2"
"王思政包围在","0","2","2"
"思政包围在颍","0","2","2"
"政包围在颍川","0","2","2"
"大都督符贵前","0","2","2"
"侯景攻克建业","0","2","2"
"景攻克建业后","0","2","2"
"开府杨忠率军","0","2","2"
"率军前来支援","0","2","2"
"杨忠活捉柳仲","0","2","2"
"又派遣王雄讨","0","2","2"
"为都督中外诸","0","2","2"
"公尉迟迥率军","0","2","2"
"使者贡献土产","0","2","2"
"太祖于是命令","0","2","2"
"韦孝宽等人率","0","2","2"
"领精锐骑兵先","0","2","2"
"派大将军豆卢","0","2","2"
"祖在云阳宫驾","0","2","2"
"在云阳宫驾崩","0","2","2"
"孝闵帝接受禅","0","2","2"
"闵帝接受禅让","0","2","2"
"应当予以释放","0","2","2"
"年春季正月乙","0","2","2"
"晋公宇文护为","0","2","2"
"在邵郡设置邵","0","2","2"
"邵郡设置邵州","0","2","2"
"以来没有下雨","0","2","2"
"史司马消难率","0","2","2"
"司马消难率全","0","2","2"
"马消难率全州","0","2","2"
"夏季四月己巳","0","2","2"
"五年徒刑以下","0","2","2"
"年徒刑以下的","0","2","2"
"派使者进献当","0","2","2"
"使者进献当地","0","2","2"
"者进献当地土","0","2","2"
"鳏寡孤独的人","0","2","2"
"春季正月己酉","0","2","2"
"开始亲自处理","0","2","2"
"章武孝公宇文","0","2","2"
"武孝公宇文导","0","2","2"
"公宇文导的儿","0","2","2"
"宇文导的儿子","0","2","2"
"文导的儿子宇","0","2","2"
"导的儿子宇文","0","2","2"
"的儿子宇文亮","0","2","2"
"秦郡公宇文直","0","2","2"
"宇文直镇守蒲","0","2","2"
"文直镇守蒲州","0","2","2"
"是天下人所共","0","2","2"
"昌派使者进献","0","2","2"
"作为百姓的父","0","2","2"
"答上天的谴责","0","2","2"
"大赦天下更改","0","2","2"
"赦天下更改年","0","2","2"
"天下更改年号","0","2","2"
"安城公字文宪","0","2","2"
"城公字文宪为","0","2","2"
"天水公宇文广","0","2","2"
"水公宇文广为","0","2","2"
"钱帛多少不等","0","2","2"
"的第四个儿子","0","2","2"
"太祖认为他很","0","2","2"
"昌一同派使者","0","2","2"
"七十岁以上的","0","2","2"
"武帝亲自耕种","0","2","2"
"使者贡献犀甲","0","2","2"
"以晋公的儿子","0","2","2"
"宇文亮作为他","0","2","2"
"文亮作为他的","0","2","2"
"亮作为他的后","0","2","2"
"宇文至作为他","0","2","2"
"文至作为他的","0","2","2"
"至作为他的后","0","2","2"
"火星侵入舆鬼","0","2","2"
"犯太微星垣上","0","2","2"
"太微星垣上将","0","2","2"
"微星垣上将星","0","2","2"
"年春季正月壬","0","2","2"
"武帝下诏命柱","0","2","2"
"帝下诏命柱国","0","2","2"
"太微星垣的上","0","2","2"
"火星侵犯左执","0","2","2"
"星侵犯左执法","0","2","2"
"侵犯左执法星","0","2","2"
"都督以上官员","0","2","2"
"太阳出现亏蚀","0","2","2"
"燕国公于谨为","0","2","2"
"请教治国之道","0","2","2"
"官职大小不等","0","2","2"
"率领一万骑兵","0","2","2"
"达奚武率领三","0","2","2"
"奚武率领三万","0","2","2"
"武率领三万骑","0","2","2"
"率领三万骑兵","0","2","2"
"突厥派使者前","0","2","2"
"厥派使者前来","0","2","2"
"武帝下韶命令","0","2","2"
"杨忠率领军队","0","2","2"
"宇文直为大司","0","2","2"
"若干凤为徐国","0","2","2"
"干凤为徐国公","0","2","2"
"冬季十月癸亥","0","2","2"
"公宇文护率军","0","2","2"
"五年春季正月","0","2","2"
"吐谷浑派使者","0","2","2"
"浑派使者前来","0","2","2"
"许国公字文贵","0","2","2"
"承袭虞国公的","0","2","2"
"颁发的赏赐多","0","2","2"
"发的赏赐多少","0","2","2"
"的赏赐多少不","0","2","2"
"赏赐多少不等","0","2","2"
"以下的官员各","0","2","2"
"下的官员各自","0","2","2"
"举自己了解的","0","2","2"
"自己了解的人","0","2","2"
"武帝前往正武","0","2","2"
"帝前往正武殿","0","2","2"
"率领他的部落","0","2","2"
"置爵祭奠先师","0","2","2"
"武帝前往武功","0","2","2"
"夏季四月乙巳","0","2","2"
"谯国公宇文俭","0","2","2"
"国公宇文俭为","0","2","2"
"秋季七月辛丑","0","2","2"
"陈国将领淳于","0","2","2"
"国将领淳于量","0","2","2"
"春季正月辛丑","0","2","2"
"季正月辛丑日","0","2","2"
"武帝前往醴泉","0","2","2"
"帝前往醴泉宫","0","2","2"
"武帝从醴泉宫","0","2","2"
"帝从醴泉宫返","0","2","2"
"从醴泉宫返回","0","2","2"
"举行军事演习","0","2","2"
"派使者进献马","0","2","2"
"使者进献马匹","0","2","2"
"杀死了孔城防","0","2","2"
"死了孔城防主","0","2","2"
"国公宇文宪率","0","2","2"
"邵惠公宇文颢","0","2","2"
"命陈国公宇文","0","2","2"
"豳国公宇文广","0","2","2"
"领斛律明月侵","0","2","2"
"斛律明月侵犯","0","2","2"
"在汾水北岸筑","0","2","2"
"汾水北岸筑城","0","2","2"
"六年春季正月","0","2","2"
"火星侵犯舆鬼","0","2","2"
"武帝派大将军","0","2","2"
"宇文亮为秦州","0","2","2"
"文亮为秦州总","0","2","2"
"亮为秦州总管","0","2","2"
"越国公宇文盛","0","2","2"
"太白星相聚在","0","2","2"
"六军在城南进","0","2","2"
"军在城南进行","0","2","2"
"在城南进行军","0","2","2"
"城南进行军事","0","2","2"
"南进行军事演","0","2","2"
"的弟弟大将军","0","2","2"
"国公李穆为太","0","2","2"
"国公宇文招为","0","2","2"
"公宇文招为大","0","2","2"
"宇文招为大司","0","2","2"
"代国公宇文达","0","2","2"
"莒庄公宇文洛","0","2","2"
"改设宿卫官员","0","2","2"
"没入官府为奴","0","2","2"
"军都督以上的","0","2","2"
"赏赐各有不等","0","2","2"
"下诏命皇太子","0","2","2"
"帝下诏答覆说","0","2","2"
"召集各军将领","0","2","2"
"有关官员应当","0","2","2"
"一同晋爵为王","0","2","2"
"各自荐举贤良","0","2","2"
"夏季四月乙卯","0","2","2"
"季四月乙卯曰","0","2","2"
"不合礼制的祭","0","2","2"
"合礼制的祭祀","0","2","2"
"文直在京师起","0","2","2"
"直在京师起兵","0","2","2"
"免除赋税三年","0","2","2"
"刺史郡守县令","0","2","2"
"派小司寇淮南","0","2","2"
"趟王宇文招为","0","2","2"
"檄文就可以平","0","2","2"
"文就可以平定","0","2","2"
"王宇文纯为前","0","2","2"
"宇文纯为前一","0","2","2"
"文纯为前一军","0","2","2"
"帝亲自率领各","0","2","2"
"亲自率领各军","0","2","2"
"齐王宇文宪以","0","2","2"
"举行大规模祭","0","2","2"
"行大规模祭祀","0","2","2"
"为右一军总管","0","2","2"
"谯王宇文俭为","0","2","2"
"恭为左二军总","0","2","2"
"为左二军总管","0","2","2"
"步骑兵一万据","0","2","2"
"骑兵一万据守","0","2","2"
"率步骑兵五千","0","2","2"
"步骑兵五千据","0","2","2"
"骑兵五千据守","0","2","2"
"齐王宇文宪攻","0","2","2"
"王轨率军接应","0","2","2"
"几十名骑兵逃","0","2","2"
"丞相高阿那肱","0","2","2"
"留下他的堂兄","0","2","2"
"下他的堂兄安","0","2","2"
"他的堂兄安德","0","2","2"
"的堂兄安德王","0","2","2"
"堂兄安德王高","0","2","2"
"兄安德王高延","0","2","2"
"德王高延宗据","0","2","2"
"王高延宗据守","0","2","2"
"高延宗据守并","0","2","2"
"延宗据守并州","0","2","2"
"王公以下的官","0","2","2"
"派大将军尉迟","0","2","2"
"军讨伐平定了","0","2","2"
"下令山东各州","0","2","2"
"在农闲的时候","0","2","2"
"虽然说是不同","0","2","2"
"武帝前往邺宫","0","2","2"
"将领吴明彻侵","0","2","2"
"领吴明彻侵犯","0","2","2"
"吴明彻侵犯吕","0","2","2"
"明彻侵犯吕梁","0","2","2"
"平定江陵之后","0","2","2"
"武器结伙抢劫","0","2","2"
"柱国越王宇文","0","2","2"
"国越王宇文盛","0","2","2"
"将领吴明彻等","0","2","2"
"俘虏斩杀三万","0","2","2"
"文神举等人率","0","2","2"
"人生长在天地","0","2","2"
"生长在天地之","0","2","2"
"长在天地之间","0","2","2"
"约束自己勉励","0","2","2"
"束自己勉励心","0","2","2"
"自己勉励心志","0","2","2"
"太后为太皇太","0","2","2"
"后为太皇太后","0","2","2"
"杞国公宇文椿","0","2","2"
"王宇文贽为大","0","2","2"
"随国公杨坚任","0","2","2"
"因图谋执政被","0","2","2"
"图谋执政被处","0","2","2"
"谋执政被处死","0","2","2"
"首级传示京师","0","2","2"
"孝闵帝继位后","0","2","2"
"天元皇帝臣宇","0","2","2"
"元皇帝臣宇文","0","2","2"
"皇帝臣宇文赞","0","2","2"
"皇太后献上尊","0","2","2"
"太后献上尊号","0","2","2"
"仍没有表达出","0","2","2"
"静帝尊她为太","0","2","2"
"终年五十三岁","0","2","2"
"宣帝作太子时","0","2","2"
"皇后为皇太后","0","2","2"
"杨皇后的父亲","0","2","2"
"敬地对待天命","0","2","2"
"接受崇高的册","0","2","2"
"受崇高的册封","0","2","2"
"以皇后父亲的","0","2","2"
"皇后父亲的身","0","2","2"
"后父亲的身份","0","2","2"
"儿子西阳公宇","0","2","2"
"子西阳公宇文","0","2","2"
"杞简公宇文连","0","2","2"
"太祖平定了秦","0","2","2"
"被追赠为大将","0","2","2"
"追赠为大将军","0","2","2"
"以晋公宇文护","0","2","2"
"公宇文护的儿","0","2","2"
"文护的儿子宇","0","2","2"
"护的儿子宇文","0","2","2"
"不久又任宗师","0","2","2"
"久又任宗师中","0","2","2"
"又任宗师中大","0","2","2"
"平定江陵的功","0","2","2"
"定江陵的功劳","0","2","2"
"拜任骠骑大将","0","2","2"
"谋立皇帝之功","0","2","2"
"升为仪同三司","0","2","2"
"率领所属军队","0","2","2"
"朝廷商议准备","0","2","2"
"监理他的丧事","0","2","2"
"朝廷商议认为","0","2","2"
"被封为永昌郡","0","2","2"
"封为永昌郡公","0","2","2"
"封为天水郡公","0","2","2"
"出任塞业刺史","0","2","2"
"以原来的官职","0","2","2"
"原来的官职镇","0","2","2"
"来的官职镇守","0","2","2"
"百姓对他既敬","0","2","2"
"姓对他既敬畏","0","2","2"
"朝廷内外因此","0","2","2"
"因此都称赞他","0","2","2"
"因为晋公宇文","0","2","2"
"为晋公宇文护","0","2","2"
"随高祖平定邺","0","2","2"
"高祖平定邺城","0","2","2"
"百名骑兵偷袭","0","2","2"
"宇文宪攻陷武","0","2","2"
"文宪攻陷武济","0","2","2"
"他的两个儿子","0","2","2"
"平时就听说他","0","2","2"
"时就听说他的","0","2","2"
"的儿子宇文兴","0","2","2"
"承袭了他的爵","0","2","2"
"袭了他的爵位","0","2","2"
"厚的礼节对待","0","2","2"
"天和二年去世","0","2","2"
"承袭他的爵位","0","2","2"
"平定蜀地之后","0","2","2"
"文护出兵束伐","0","2","2"
"宇文宪亲自督","0","2","2"
"文宪亲自督战","0","2","2"
"任命宇文宪为","0","2","2"
"命宇文宪为大","0","2","2"
"领斛律明月率","0","2","2"
"因为宇文宪的","0","2","2"
"宇文宪派柱国","0","2","2"
"攻下了齐国的","0","2","2"
"于是命宇文宪","0","2","2"
"是高祖的同母","0","2","2"
"高祖的同母弟","0","2","2"
"祖的同母弟弟","0","2","2"
"高祖亲自围攻","0","2","2"
"军队无法前进","0","2","2"
"自率领一千骑","0","2","2"
"高祖又命宇文","0","2","2"
"祖又命宇文宪","0","2","2"
"是最好的计策","0","2","2"
"他的妻子儿女","0","2","2"
"又怎么能超过","0","2","2"
"代樊王宇文达","0","2","2"
"滕闻王宇文迪","0","2","2"
"作为他的继嗣","0","2","2"
"率全州前来归","0","2","2"
"到宇文护被诛","0","2","2"
"关闭城门拒守","0","2","2"
"北周大军向东","0","2","2"
"周大军向东讨","0","2","2"
"大军向东讨伐","0","2","2"
"军向东讨伐北","0","2","2"
"升任为上柱国","0","2","2"
"又任行军总管","0","2","2"
"朝廷下诏指定","0","2","2"
"齐王宇文宪一","0","2","2"
"王宇文宪一起","0","2","2"
"宇文宪一起征","0","2","2"
"文宪一起征讨","0","2","2"
"宜阳等九座城","0","2","2"
"阳等九座城池","0","2","2"
"朝廷下诏命宇","0","2","2"
"廷下诏命宇文","0","2","2"
"朝廷下韶指定","0","2","2"
"等人一同被害","0","2","2"
"毕剌王宇文贤","0","2","2"
"从少年时就有","0","2","2"
"破六汗拔陵包","0","2","2"
"六汗拔陵包围","0","2","2"
"任命贺拔胜为","0","2","2"
"率领一千名骑","0","2","2"
"领一千名骑兵","0","2","2"
"讨伐尔朱仲远","0","2","2"
"向尔朱仲远投","0","2","2"
"尔朱仲远投降","0","2","2"
"历数他的罪过","0","2","2"
"尔朱度律的军","0","2","2"
"朱度律的军队","0","2","2"
"率领部下投降","0","2","2"
"贺拔胜之弟贺","0","2","2"
"拔胜之弟贺拔","0","2","2"
"胜之弟贺拔岳","0","2","2"
"俘虏带甲士兵","0","2","2"
"诏命贺拔胜领","0","2","2"
"命贺拔胜领兵","0","2","2"
"贺拔胜领兵赶","0","2","2"
"拔胜领兵赶赴","0","2","2"
"胜领兵赶赴洛","0","2","2"
"领兵赶赴洛阳","0","2","2"
"皇帝已经西迁","0","2","2"
"州中百姓邓诞","0","2","2"
"部下数百名骑","0","2","2"
"下数百名骑兵","0","2","2"
"待他十分丰厚","0","2","2"
"后来跟随太祖","0","2","2"
"跟随太祖在小","0","2","2"
"随太祖在小关","0","2","2"
"都督身份跟随","0","2","2"
"督身份跟随太","0","2","2"
"又参与邙山之","0","2","2"
"参与邙山之战","0","2","2"
"在职位上去世","0","2","2"
"配祭太祖庙庭","0","2","2"
"驰马左右射箭","0","2","2"
"任命贺拔岳为","0","2","2"
"尔朱荣杀害朝","0","2","2"
"身边的人都说","0","2","2"
"担任尔朱天光","0","2","2"
"任尔朱天光的","0","2","2"
"贺拔岳率轻装","0","2","2"
"拔岳率轻装骑","0","2","2"
"岳率轻装骑兵","0","2","2"
"当时天色已晚","0","2","2"
"冲在士兵前面","0","2","2"
"侯伏侯元进的","0","2","2"
"万俟道洛出城","0","2","2"
"加车骑将军衔","0","2","2"
"即被任命为都","0","2","2"
"邑增至三千户","0","2","2"
"活捉尔朱天光","0","2","2"
"捉尔朱天光之","0","2","2"
"尔朱天光之弟","0","2","2"
"朱天光之弟尔","0","2","2"
"天光之弟尔朱","0","2","2"
"光之弟尔朱显","0","2","2"
"之弟尔朱显寿","0","2","2"
"侯莫陈悦担任","0","2","2"
"侯莫陈悦于是","0","2","2"
"年时跟随父亲","0","2","2"
"朱天光西征时","0","2","2"
"没有不服从的","0","2","2"
"广泛涉猎经书","0","2","2"
"泛涉猎经书史","0","2","2"
"他们这样做的","0","2","2"
"因此在那裹安","0","2","2"
"此在那裹安家","0","2","2"
"贺拔岳西征时","0","2","2"
"拜为中坚将军","0","2","2"
"又跟从贺拔岳","0","2","2"
"擒获万俟丑奴","0","2","2"
"在各位将领中","0","2","2"
"赵贵等人商议","0","2","2"
"商议迎接太祖","0","2","2"
"兼并他的部众","0","2","2"
"他出任华州刺","0","2","2"
"独孤信收复洛","0","2","2"
"孤信收复洛阳","0","2","2"
"太祖与束魏在","0","2","2"
"魏在河桥作战","0","2","2"
"死在镇守任上","0","2","2"
"贺拔岳讨伐万","0","2","2"
"拔岳讨伐万俟","0","2","2"
"岳讨伐万俟丑","0","2","2"
"讨伐万俟丑奴","0","2","2"
"都击败了他们","0","2","2"
"任南秦州刺史","0","2","2"
"被拜为秦州刺","0","2","2"
"拜为秦州刺史","0","2","2"
"升任仪同三司","0","2","2"
"不久又升任骠","0","2","2"
"久又升任骠骑","0","2","2"
"了莫多娄贷文","0","2","2"
"齐神武在河桥","0","2","2"
"神武在河桥作","0","2","2"
"武在河桥作战","0","2","2"
"六官制度建立","0","2","2"
"官制度建立时","0","2","2"
"终年六十四岁","0","2","2"
"将他配祭在太","0","2","2"
"他配祭在太祖","0","2","2"
"安长公主为妻","0","2","2"
"为李弼的继嗣","0","2","2"
"随高祖平定齐","0","2","2"
"任太祖帐内都","0","2","2"
"拜为车骑大将","0","2","2"
"至二千一百户","0","2","2"
"是北魏怀荒镇","0","2","2"
"读过一点经史","0","2","2"
"是辅佐帝王的","0","2","2"
"辅佐帝王的人","0","2","2"
"佐帝王的人才","0","2","2"
"乜列河的部众","0","2","2"
"我知道这个人","0","2","2"
"尔朱天光打败","0","2","2"
"朱天光打败万","0","2","2"
"天光打败万俟","0","2","2"
"光打败万俟丑","0","2","2"
"尔朱天光战败","0","2","2"
"朱天光战败后","0","2","2"
"晋文公那样的","0","2","2"
"跟随太祖出征","0","2","2"
"随太祖出征潼","0","2","2"
"太祖出征潼关","0","2","2"
"爵为蓝田县公","0","2","2"
"讨伐擒获了他","0","2","2"
"兼任大行台尚","0","2","2"
"神武的军队就","0","2","2"
"封他的一个儿","0","2","2"
"立萧察为梁主","0","2","2"
"名望地位向来","0","2","2"
"我们这些人就","0","2","2"
"讨伐吐谷浑时","0","2","2"
"希望陛下慎重","0","2","2"
"晋公宇文护出","0","2","2"
"亲自前往吊唁","0","2","2"
"因为前后的功","0","2","2"
"为前后的功劳","0","2","2"
"封为万年县子","0","2","2"
"任太子右卫率","0","2","2"
"又跟随太祖在","0","2","2"
"赐给他奴婢一","0","2","2"
"给他奴婢一百","0","2","2"
"他奴婢一百人","0","2","2"
"又升任大将军","0","2","2"
"祖的女儿为妻","0","2","2"
"又跟随贺拔岳","0","2","2"
"任命赵贵为大","0","2","2"
"命赵贵为大都","0","2","2"
"赵贵为大都督","0","2","2"
"陈悦被平定以","0","2","2"
"悦被平定以后","0","2","2"
"等人率军征讨","0","2","2"
"魏孝武帝已经","0","2","2"
"孝武帝已经西","0","2","2"
"就把家安在那","0","2","2"
"把家安在那里","0","2","2"
"住在太行山以","0","2","2"
"在太行山以东","0","2","2"
"武帝认为他很","0","2","2"
"从太祖收复弘","0","2","2"
"太祖命令独孤","0","2","2"
"祖命令独孤信","0","2","2"
"齐神武追击的","0","2","2"
"神武追击的骑","0","2","2"
"武追击的骑兵","0","2","2"
"史宇文仲和占","0","2","2"
"宇文仲和占据","0","2","2"
"文仲和占据州","0","2","2"
"仲和占据州城","0","2","2"
"升柱国大将军","0","2","2"
"赠独孤信之父","0","2","2"
"独孤信之父库","0","2","2"
"孤信之父库者","0","2","2"
"信之父库者为","0","2","2"
"独孤信之母费","0","2","2"
"孤信之母费连","0","2","2"
"信之母费连氏","0","2","2"
"之母费连氏为","0","2","2"
"被任命为龙州","0","2","2"
"任命为龙州刺","0","2","2"
"命为龙州刺史","0","2","2"
"莫陈悦杀害后","0","2","2"
"被任命为大司","0","2","2"
"出任郢州刺史","0","2","2"
"兄长侯莫陈崇","0","2","2"
"太祖活捉窦泰","0","2","2"
"授工部中大夫","0","2","2"
"自大统十六年","0","2","2"
"大统十六年以","0","2","2"
"统十六年以前","0","2","2"
"祖先是安定人","0","2","2"
"一起商议拥戴","0","2","2"
"起商议拥戴太","0","2","2"
"太祖征讨侯莫","0","2","2"
"祖征讨侯莫陈","0","2","2"
"出任束雍州刺","0","2","2"
"任束雍州刺史","0","2","2"
"命梁睿为行军","0","2","2"
"魏广阳王元深","0","2","2"
"跟随贺拔岳西","0","2","2"
"随贺拔岳西征","0","2","2"
"解除了岐州之","0","2","2"
"除了岐州之围","0","2","2"
"随太祖平定侯","0","2","2"
"魏孝武帝往西","0","2","2"
"晋爵为魏昌县","0","2","2"
"爵为魏昌县伯","0","2","2"
"跟随太祖擒获","0","2","2"
"随太祖擒获窦","0","2","2"
"常常率先冲锋","0","2","2"
"常率先冲锋陷","0","2","2"
"邑增至二千二","0","2","2"
"增至二千二百","0","2","2"
"至二千二百户","0","2","2"
"打败了齐神武","0","2","2"
"豫州前来归附","0","2","2"
"对身边的人说","0","2","2"
"认为他很勇敢","0","2","2"
"束魏将领侯景","0","2","2"
"出任洛州刺史","0","2","2"
"跟随贺拔岳征","0","2","2"
"贺拔岳征讨万","0","2","2"
"拔岳征讨万俟","0","2","2"
"岳征讨万俟丑","0","2","2"
"征讨万俟丑奴","0","2","2"
"又跟随太祖收","0","2","2"
"率步兵骑兵一","0","2","2"
"兵骑兵一万多","0","2","2"
"骑兵一万多人","0","2","2"
"跟随太祖解除","0","2","2"
"因为刘亮的功","0","2","2"
"以都督的身份","0","2","2"
"不知如何是好","0","2","2"
"因哀伤过度而","0","2","2"
"哀伤过度而消","0","2","2"
"伤过度而消瘦","0","2","2"
"年少时善于骑","0","2","2"
"少时善于骑马","0","2","2"
"时善于骑马射","0","2","2"
"到魏孝武帝西","0","2","2"
"常跟随太祖征","0","2","2"
"邑增至二千七","0","2","2"
"增至二千七百","0","2","2"
"至二千七百户","0","2","2"
"任命他为河州","0","2","2"
"命他为河州刺","0","2","2"
"他为河州刺史","0","2","2"
"齐神武帝派遣","0","2","2"
"被授任直合将","0","2","2"
"小就聪明机敏","0","2","2"
"领军队讨伐他","0","2","2"
"军队讨伐他们","0","2","2"
"自己认为不是","0","2","2"
"跟从独孤信攻","0","2","2"
"和独孤信一起","0","2","2"
"思政镇守弘农","0","2","2"
"领步兵骑兵十","0","2","2"
"于是率领步兵","0","2","2"
"是率领步兵骑","0","2","2"
"垣环水抱的险","0","2","2"
"任命达奚武为","0","2","2"
"辅佐拥戴太祖","0","2","2"
"改任大丞相府","0","2","2"
"了解敌军的情","0","2","2"
"达奚武率领一","0","2","2"
"出任北雍州刺","0","2","2"
"任北雍州刺史","0","2","2"
"达奚武率领军","0","2","2"
"奚武率领军队","0","2","2"
"命令达奚武率","0","2","2"
"令达奚武率领","0","2","2"
"武陵王萧纪派","0","2","2"
"达奚武为柱国","0","2","2"
"决推辞不肯接","0","2","2"
"推辞不肯接受","0","2","2"
"跟从晋公宇文","0","2","2"
"从晋公宇文护","0","2","2"
"天下没有平定","0","2","2"
"追赠他为太傅","0","2","2"
"授任员外散骑","0","2","2"
"在渭水北岸打","0","2","2"
"渭水北岸打猎","0","2","2"
"跟随高祖东征","0","2","2"
"领步兵骑兵一","0","2","2"
"兵骑兵一万人","0","2","2"
"珍贵的玩赏物","0","2","2"
"出任原州总管","0","2","2"
"的弟弟侯莫陈","0","2","2"
"弟弟侯莫陈崇","0","2","2"
"侯莫陈顺为大","0","2","2"
"莫陈顺为大都","0","2","2"
"陈顺为大都督","0","2","2"
"加任骠骑大将","0","2","2"
"随尔朱天光入","0","2","2"
"尔朱天光入关","0","2","2"
"提升爵位为侯","0","2","2"
"增加封地五百","0","2","2"
"不久升任车骑","0","2","2"
"久升任车骑大","0","2","2"
"加任散骑常侍","0","2","2"
"谨在上郡打败","0","2","2"
"增加封地四百","0","2","2"
"加封地四百户","0","2","2"
"派遣他的部将","0","2","2"
"收取那裹的租","0","2","2"
"取那裹的租税","0","2","2"
"年轻时历任显","0","2","2"
"次升迁任开府","0","2","2"
"升迁任开府仪","0","2","2"
"迁任开府仪同","0","2","2"
"授任龙骧将军","0","2","2"
"加任通直散骑","0","2","2"
"增加封地合并","0","2","2"
"终年四十八岁","0","2","2"
"宇文贵每次都","0","2","2"
"朝廷加任他为","0","2","2"
"任他为征虏将","0","2","2"
"他为征虏将军","0","2","2"
"授任郢州刺史","0","2","2"
"束魏颖州长史","0","2","2"
"领步兵骑兵二","0","2","2"
"步兵骑兵二千","0","2","2"
"羌族首领傍乞","0","2","2"
"族首领傍乞铁","0","2","2"
"首领傍乞铁忽","0","2","2"
"渭州人郑五丑","0","2","2"
"傍乞铁忽及郑","0","2","2"
"乞铁忽及郑五","0","2","2"
"铁忽及郑五丑","0","2","2"
"的官位为柱国","0","2","2"
"大军回师以后","0","2","2"
"父亲的军功被","0","2","2"
"亲的军功被朝","0","2","2"
"的军功被朝廷","0","2","2"
"朝廷赐予爵位","0","2","2"
"因为杨忠的功","0","2","2"
"为杨忠的功勋","0","2","2"
"又跟从独孤信","0","2","2"
"独孤信在洛阳","0","2","2"
"武帝往西迁移","0","2","2"
"朝廷任命杨忠","0","2","2"
"廷任命杨忠为","0","2","2"
"任他为征西将","0","2","2"
"他为征西将军","0","2","2"
"于是授任扰盅","0","2","2"
"太祖命令大都","0","2","2"
"祖命令大都督","0","2","2"
"被进封爵位为","0","2","2"
"兼摄同州的官","0","2","2"
"摄同州的官职","0","2","2"
"率领三千骑兵","0","2","2"
"突厥木汗可汗","0","2","2"
"率领十万骑兵","0","2","2"
"晋公宇文护认","0","2","2"
"公宇文护认为","0","2","2"
"军粮已经很少","0","2","2"
"增加封地二百","0","2","2"
"加任骠骑将军","0","2","2"
"授任仪同三司","0","2","2"
"官位提升为大","0","2","2"
"位提升为大将","0","2","2"
"提升为柱国大","0","2","2"
"清白人家子弟","0","2","2"
"白人家子弟的","0","2","2"
"人家子弟的身","0","2","2"
"家子弟的身份","0","2","2"
"子弟的身份镇","0","2","2"
"弟的身份镇守","0","2","2"
"朝廷授任王盟","0","2","2"
"廷授任王盟为","0","2","2"
"从萧宝夤西征","0","2","2"
"孝武帝到了长","0","2","2"
"武帝到了长安","0","2","2"
"大都督的身份","0","2","2"
"原来的一共两","0","2","2"
"来的一共两千","0","2","2"
"魏文帝对他十","0","2","2"
"文帝对他十分","0","2","2"
"朝廷追赠他原","0","2","2"
"廷追赠他原任","0","2","2"
"追赠他原任官","0","2","2"
"赠他原任官职","0","2","2"
"太祖曾经对他","0","2","2"
"祖曾经对他说","0","2","2"
"根据前后功劳","0","2","2"
"宫中值宿警卫","0","2","2"
"高祖对他十分","0","2","2"
"历任显要的官","0","2","2"
"任显要的官职","0","2","2"
"书命令贺兰祥","0","2","2"
"晋公字文护执","0","2","2"
"公字文护执政","0","2","2"
"年轻时就历任","0","2","2"
"轻时就历任显","0","2","2"
"就历任显要职","0","2","2"
"历任显要职位","0","2","2"
"接魏孝武帝的","0","2","2"
"尉迟纲跟从太","0","2","2"
"迟纲跟从太祖","0","2","2"
"兼任领军将军","0","2","2"
"任命尉迟纲为","0","2","2"
"不久皇帝被废","0","2","2"
"曾经跟随太祖","0","2","2"
"一个儿子为县","0","2","2"
"齐神武起兵进","0","2","2"
"太祖当即授任","0","2","2"
"提升爵位为伯","0","2","2"
"对他十分信任","0","2","2"
"梁元帝十分害","0","2","2"
"元帝十分害怕","0","2","2"
"太祖认为他的","0","2","2"
"于是命令尉迟","0","2","2"
"梁州刺史杨乾","0","2","2"
"命韦孝宽为元","0","2","2"
"韦孝宽为元帅","0","2","2"
"由于父亲的功","0","2","2"
"官至骠骑大将","0","2","2"
"至骠骑大将军","0","2","2"
"晋公宇文护东","0","2","2"
"公宇文护东征","0","2","2"
"随皇太子讨伐","0","2","2"
"当时隋文帝执","0","2","2"
"最初担任著作","0","2","2"
"任北豫州刺史","0","2","2"
"更加昏庸暴虐","0","2","2"
"司马消难害怕","0","2","2"
"从小路入函谷","0","2","2"
"小路入函谷关","0","2","2"
"司马消难听说","0","2","2"
"自幼就有志向","0","2","2"
"萧宝夤失败后","0","2","2"
"贺拔岳任关中","0","2","2"
"太祖对周惠达","0","2","2"
"祖对周惠达说","0","2","2"
"才能不如古人","0","2","2"
"食邑增至九百","0","2","2"
"邑增至九百户","0","2","2"
"孝武帝西迁的","0","2","2"
"武帝西迁的时","0","2","2"
"升任散骑常侍","0","2","2"
"授通直散骑侍","0","2","2"
"帝与齐神武不","0","2","2"
"与齐神武不和","0","2","2"
"孝武帝入函谷","0","2","2"
"武帝入函谷关","0","2","2"
"兼任吏部尚书","0","2","2"
"贺兰愿德等人","0","2","2"
"北魏永安年间","0","2","2"
"升任员外散骑","0","2","2"
"授任散骑常侍","0","2","2"
"征召出来任奉","0","2","2"
"召出来任奉朝","0","2","2"
"出来任奉朝请","0","2","2"
"帝完全采纳了","0","2","2"
"因为母亲年老","0","2","2"
"相府束合祭酒","0","2","2"
"升任大行台郎","0","2","2"
"三十六曹改为","0","2","2"
"十六曹改为十","0","2","2"
"六曹改为十二","0","2","2"
"曹改为十二部","0","2","2"
"年轻时很聪明","0","2","2"
"任御正下大夫","0","2","2"
"他为晋州刺史","0","2","2"
"奉命出使符合","0","2","2"
"命出使符合皇","0","2","2"
"任职方中大夫","0","2","2"
"任命柳带韦为","0","2","2"
"为益州总管府","0","2","2"
"齐王宇文宪府","0","2","2"
"进封爵位为公","0","2","2"
"终年五十五岁","0","2","2"
"任命他为行台","0","2","2"
"君王如果不能","0","2","2"
"懂得这个道理","0","2","2"
"利用土地有利","0","2","2"
"根据情况加以","0","2","2"
"因此前代君王","0","2","2"
"天下必定有人","0","2","2"
"下必定有人因","0","2","2"
"必定有人因此","0","2","2"
"善于处理政务","0","2","2"
"从五个方面听","0","2","2"
"五个方面听取","0","2","2"
"百姓不能忍受","0","2","2"
"前代君王重视","0","2","2"
"正因为它可以","0","2","2"
"有多余的财物","0","2","2"
"百姓就像一位","0","2","2"
"进封爵位为侯","0","2","2"
"魏孝武帝西入","0","2","2"
"孝武帝西入函","0","2","2"
"武帝西入函谷","0","2","2"
"帝西入函谷关","0","2","2"
"八品州列曹参","0","2","2"
"就有志向节操","0","2","2"
"抚养教育弟弟","0","2","2"
"养教育弟弟们","0","2","2"
"尔朱天光率兵","0","2","2"
"万俟丑奴已经","0","2","2"
"俟丑奴已经失","0","2","2"
"丑奴已经失败","0","2","2"
"李贤又率领乡","0","2","2"
"贤又率领乡人","0","2","2"
"驾幸李贤宅第","0","2","2"
"取得平民身份","0","2","2"
"得平民身份者","0","2","2"
"州设置总管府","0","2","2"
"哭声感动左右","0","2","2"
"接应侯莫陈崇","0","2","2"
"太祖对李远说","0","2","2"
"领侯景等人包","0","2","2"
"侯景等人包围","0","2","2"
"当时大军失利","0","2","2"
"太祖就把自己","0","2","2"
"任命他为大将","0","2","2"
"命他为大将军","0","2","2"
"做西夏州刺史","0","2","2"
"信给长孙俭说","0","2","2"
"请求为长孙俭","0","2","2"
"为大行台尚书","0","2","2"
"容貌魁梧高大","0","2","2"
"太祖认为他说","0","2","2"
"祖认为他说得","0","2","2"
"就命令长孙俭","0","2","2"
"太祖命令柱国","0","2","2"
"他的儿子名叫","0","2","2"
"多次提升担任","0","2","2"
"次提升担任司","0","2","2"
"提升担任司徒","0","2","2"
"升担任司徒右","0","2","2"
"担任司徒右长","0","2","2"
"等到齐神武帝","0","2","2"
"八音作为基数","0","2","2"
"从太祖战于邙","0","2","2"
"太祖战于邙山","0","2","2"
"孝武帝西迁长","0","2","2"
"武帝西迁长安","0","2","2"
"有识之士认为","0","2","2"
"斛斯征广泛地","0","2","2"
"凭藉父亲的功","0","2","2"
"藉父亲的功勋","0","2","2"
"孝武帝西迁以","0","2","2"
"武帝西迁以后","0","2","2"
"升任上大将军","0","2","2"
"为内史中大夫","0","2","2"
"隋文帝登上皇","0","2","2"
"文帝登上皇位","0","2","2"
"贺拔岳征讨有","0","2","2"
"拔岳征讨有功","0","2","2"
"朝廷下诏让他","0","2","2"
"跟从大将军达","0","2","2"
"升任赫连达为","0","2","2"
"所经过的地方","0","2","2"
"俘获郡守一人","0","2","2"
"朝廷记录他的","0","2","2"
"廷记录他的前","0","2","2"
"记录他的前后","0","2","2"
"录他的前后功","0","2","2"
"派使者迎接太","0","2","2"
"使者迎接太祖","0","2","2"
"凭藉前后功劳","0","2","2"
"从太祖擒获窦","0","2","2"
"又跟从太祖战","0","2","2"
"跟从太祖战于","0","2","2"
"前后所立功劳","0","2","2"
"食邑增至四千","0","2","2"
"与晋公宇文护","0","2","2"
"害晋公宇文护","0","2","2"
"不久以本官的","0","2","2"
"久以本官的身","0","2","2"
"家中没有剩余","0","2","2"
"中没有剩余的","0","2","2"
"没有剩余的财","0","2","2"
"增添食邑二百","0","2","2"
"添食邑二百户","0","2","2"
"加食邑二千户","0","2","2"
"随公杨忠束伐","0","2","2"
"跟随大军擒获","0","2","2"
"当先冲入敌阵","0","2","2"
"任为抚军将军","0","2","2"
"辛威被任命为","0","2","2"
"辛威与达奚武","0","2","2"
"随齐王宇文宪","0","2","2"
"官拜仪同大将","0","2","2"
"拜仪同大将军","0","2","2"
"跟从太祖平定","0","2","2"
"从太祖平定侯","0","2","2"
"朝廷改封他为","0","2","2"
"被任命为车骑","0","2","2"
"跟从大军收复","0","2","2"
"从大军收复弘","0","2","2"
"勇敢而有谋略","0","2","2"
"跟随卫公宇文","0","2","2"
"田弘与梁主萧","0","2","2"
"能得到部下的","0","2","2"
"跟从尔朱天光","0","2","2"
"委任为鄘州刺","0","2","2"
"任为鄘州刺史","0","2","2"
"为通直散骑常","0","2","2"
"宇文深回答道","0","2","2"
"太祖非常高兴","0","2","2"
"讨伐白额稽胡","0","2","2"
"任吏部中大夫","0","2","2"
"规模的征伐则","0","2","2"
"领步军骑兵一","0","2","2"
"跟随贺拔胜到","0","2","2"
"史宁进兵攻打","0","2","2"
"阿那瓖的子孙","0","2","2"
"听从了他的建","0","2","2"
"从了他的建议","0","2","2"
"也凭藉父亲功","0","2","2"
"凭藉父亲功勋","0","2","2"
"藉父亲功勋受","0","2","2"
"父亲功勋受赐","0","2","2"
"亲功勋受赐爵","0","2","2"
"担任通直散骑","0","2","2"
"任通直散骑侍","0","2","2"
"他为帐内大都","0","2","2"
"为帐内大都督","0","2","2"
"于是对陆腾说","0","2","2"
"陆腾率军讨伐","0","2","2"
"廷又下诏命令","0","2","2"
"又下诏命令陆","0","2","2"
"下诏命令陆腾","0","2","2"
"任命他为右卫","0","2","2"
"命他为右卫将","0","2","2"
"他为右卫将军","0","2","2"
"命令贺若敦率","0","2","2"
"令贺若敦率领","0","2","2"
"领步兵骑兵六","0","2","2"
"步兵骑兵六千","0","2","2"
"兵骑兵六千人","0","2","2"
"贺若敦的军队","0","2","2"
"公宇文护因为","0","2","2"
"为工部中大夫","0","2","2"
"从事农业生产","0","2","2"
"唐州蛮人田鲁","0","2","2"
"州蛮人田鲁嘉","0","2","2"
"华皎举州归附","0","2","2"
"升任辅国将军","0","2","2"
"不久晋升车骑","0","2","2"
"久晋升车骑大","0","2","2"
"太祖曾对诸将","0","2","2"
"祖曾对诸将说","0","2","2"
"授任岐州刺史","0","2","2"
"加食邑累计达","0","2","2"
"加食邑累计二","0","2","2"
"食邑累计二千","0","2","2"
"评定他的前后","0","2","2"
"定他的前后功","0","2","2"
"必定身先士卒","0","2","2"
"从征擒获宝泰","0","2","2"
"征召出来担任","0","2","2"
"入朝任左宫伯","0","2","2"
"从征侯莫陈悦","0","2","2"
"他面前的敌人","0","2","2"
"时年四十五岁","0","2","2"
"任太子左庶子","0","2","2"
"孤军深入敌境","0","2","2"
"多次立有战功","0","2","2"
"魏将领窦泰入","0","2","2"
"将领窦泰入侵","0","2","2"
"加授冠军将军","0","2","2"
"授任御正中大","0","2","2"
"任晋公宇文护","0","2","2"
"斛律明月率军","0","2","2"
"随齐公宇文宪","0","2","2"
"转任内史中大","0","2","2"
"高祖曾从容对","0","2","2"
"授任骠骑将军","0","2","2"
"身高八尺二寸","0","2","2"
"他的哥哥窦善","0","2","2"
"派遣使者前来","0","2","2"
"以天下尚未平","0","2","2"
"天下尚未平定","0","2","2"
"收取他们的租","0","2","2"
"到他的府第慰","0","2","2"
"他的府第慰问","0","2","2"
"他的志向气节","0","2","2"
"到孝武帝西迁","0","2","2"
"加食邑通前五","0","2","2"
"食邑通前五千","0","2","2"
"太祖身边的人","0","2","2"
"皇帝采纳了他","0","2","2"
"升司会中大夫","0","2","2"
"尉迟迥的儿子","0","2","2"
"时没有人能与","0","2","2"
"没有人能与他","0","2","2"
"有人能与他相","0","2","2"
"人能与他相比","0","2","2"
"另封一个儿子","0","2","2"
"李贤的儿子李","0","2","2"
"贤的儿子李孝","0","2","2"
"的儿子李孝轨","0","2","2"
"被任命为右将","0","2","2"
"任命为右将军","0","2","2"
"当即任命他为","0","2","2"
"把自己的女儿","0","2","2"
"以大将军身份","0","2","2"
"很担心这件事","0","2","2"
"韦孝宽回答道","0","2","2"
"命令韦孝宽回","0","2","2"
"令韦孝宽回去","0","2","2"
"韦孝宽回去镇","0","2","2"
"孝宽回去镇守","0","2","2"
"宽回去镇守玉","0","2","2"
"回去镇守玉壁","0","2","2"
"善于安抚驾御","0","2","2"
"于安抚驾御部","0","2","2"
"安抚驾御部下","0","2","2"
"与韦孝宽相见","0","2","2"
"交通紧要之处","0","2","2"
"率领数百骑兵","0","2","2"
"函谷关以东的","0","2","2"
"当时七十二岁","0","2","2"
"很早就失去父","0","2","2"
"把女儿嫁给他","0","2","2"
"当时人称他为","0","2","2"
"史的身份跟随","0","2","2"
"拉着他的手说","0","2","2"
"知道这个消息","0","2","2"
"因为迎立孝武","0","2","2"
"为迎立孝武帝","0","2","2"
"迎立孝武帝有","0","2","2"
"立孝武帝有功","0","2","2"
"跟随活捉窦泰","0","2","2"
"所得到的俸禄","0","2","2"
"得到的俸禄赏","0","2","2"
"到的俸禄赏赐","0","2","2"
"起家出任官职","0","2","2"
"所在之处都有","0","2","2"
"们都以此为荣","0","2","2"
"授任宜州刺史","0","2","2"
"从建德年间以","0","2","2"
"他的儿子等人","0","2","2"
"到魏孝武帝与","0","2","2"
"与齐神武帝感","0","2","2"
"齐神武帝感情","0","2","2"
"神武帝感情上","0","2","2"
"武帝感情上有","0","2","2"
"掌管机密事务","0","2","2"
"记室起家做官","0","2","2"
"升任黄门侍郎","0","2","2"
"封为高邑县男","0","2","2"
"派遣杨荐进入","0","2","2"
"遣杨荐进入洛","0","2","2"
"杨荐进入洛阳","0","2","2"
"荐进入洛阳请","0","2","2"
"为关西大行台","0","2","2"
"派遣杨荐前往","0","2","2"
"派遣使者跟随","0","2","2"
"出使符合皇帝","0","2","2"
"宇文纯等人到","0","2","2"
"突厥迎接公主","0","2","2"
"历任大行台郎","0","2","2"
"恢复他们的官","0","2","2"
"复他们的官职","0","2","2"
"符合皇帝的意","0","2","2"
"合皇帝的意旨","0","2","2"
"终于没有成果","0","2","2"
"于没有成果而","0","2","2"
"终年五十七岁","0","2","2"
"宇文贵出使突","0","2","2"
"文贵出使突厥","0","2","2"
"又派遣赵昶慰","0","2","2"
"派遣赵昶慰问","0","2","2"
"太祖立即任命","0","2","2"
"氐帅盖闹等人","0","2","2"
"经很长时间了","0","2","2"
"僚居住的地方","0","2","2"
"尔朱天光征讨","0","2","2"
"就派遣使者请","0","2","2"
"派遣使者请求","0","2","2"
"卫公宇文直率","0","2","2"
"从水陆两方面","0","2","2"
"水陆两方面来","0","2","2"
"随魏孝武帝入","0","2","2"
"当时束魏以正","0","2","2"
"时束魏以正平","0","2","2"
"为魏孝明帝挽","0","2","2"
"封为夏阳县男","0","2","2"
"终年五十九岁","0","2","2"
"为御正中大夫","0","2","2"
"直散骑常侍衔","0","2","2"
"每年考核政绩","0","2","2"
"分别掌管各种","0","2","2"
"别掌管各种事","0","2","2"
"掌管各种事务","0","2","2"
"后来魏孝武帝","0","2","2"
"太祖早就听说","0","2","2"
"待他十分有礼","0","2","2"
"自小喜好学习","0","2","2"
"任命他为黄门","0","2","2"
"当时人都称赞","0","2","2"
"时人都称赞他","0","2","2"
"华皎前来归附","0","2","2"
"被举荐为秀才","0","2","2"
"率领部属赶赴","0","2","2"
"太祖嘉许他的","0","2","2"
"升任吏部尚书","0","2","2"
"因此获罪被免","0","2","2"
"终年六十八岁","0","2","2"
"钦佩他的才能","0","2","2"
"进爵为琅邪县","0","2","2"
"王思政镇守颖","0","2","2"
"不久任为骠骑","0","2","2"
"晋公宇文护率","0","2","2"
"隋朝开皇元年","0","2","2"
"终年八十二岁","0","2","2"
"为当时人所称","0","2","2"
"当时人所称赞","0","2","2"
"为司徒府参军","0","2","2"
"于谨征伐江陵","0","2","2"
"任命崔彦穆为","0","2","2"
"于是令令狐整","0","2","2"
"随从军队征讨","0","2","2"
"次迁升为大都","0","2","2"
"迁升为大都督","0","2","2"
"所部军队随从","0","2","2"
"随从尉迟迥征","0","2","2"
"食邑增加至一","0","2","2"
"邑增加至一千","0","2","2"
"派遣使者宣示","0","2","2"
"遣使者宣示祸","0","2","2"
"使者宣示祸福","0","2","2"
"解救玉壁之围","0","2","2"
"参加邙山战役","0","2","2"
"任为正平郡守","0","2","2"
"从小喜好学习","0","2","2"
"委任为行台郎","0","2","2"
"授予员外散骑","0","2","2"
"予员外散骑侍","0","2","2"
"食邑合前所封","0","2","2"
"觉得奇怪而问","0","2","2"
"得奇怪而问他","0","2","2"
"学习经史典籍","0","2","2"
"任的官职为奉","0","2","2"
"的官职为奉朝","0","2","2"
"丞相府从事中","0","2","2"
"相府从事中郎","0","2","2"
"贺拔岳被害之","0","2","2"
"拔岳被害之后","0","2","2"
"在其职位上去","0","2","2"
"其职位上去世","0","2","2"
"为南青州刺史","0","2","2"
"少年时便有志","0","2","2"
"终年四十六岁","0","2","2"
"任为民部中大","0","2","2"
"委任裴文举为","0","2","2"
"年时便通达聪","0","2","2"
"迁任中书侍郎","0","2","2"
"公宇文护执政","0","2","2"
"高祖亲自率军","0","2","2"
"引荐辛庆之担","0","2","2"
"荐辛庆之担任","0","2","2"
"辛庆之担任行","0","2","2"
"庆之担任行台","0","2","2"
"以原任官职兼","0","2","2"
"原任官职兼任","0","2","2"
"代理河东郡守","0","2","2"
"到了这种地步","0","2","2"
"国的黄门侍郎","0","2","2"
"帝之弟安成王","0","2","2"
"诏令卫公宇文","0","2","2"
"令卫公宇文直","0","2","2"
"合力对付齐国","0","2","2"
"齐国将领斛律","0","2","2"
"国将领斛律明","0","2","2"
"于是任命尉迟","0","2","2"
"是任命尉迟运","0","2","2"
"任命尉迟运为","0","2","2"
"命尉迟运为右","0","2","2"
"尉迟运为右宫","0","2","2"
"迟运为右宫正","0","2","2"
"宇文孝伯等人","0","2","2"
"官至仪同大将","0","2","2"
"至仪同大将军","0","2","2"
"世代都是州郡","0","2","2"
"都在魏国当官","0","2","2"
"安化公宇文深","0","2","2"
"有识见的人对","0","2","2"
"高祖准备处死","0","2","2"
"祖准备处死晋","0","2","2"
"准备处死晋公","0","2","2"
"备处死晋公宇","0","2","2"
"处死晋公宇文","0","2","2"
"死晋公宇文护","0","2","2"
"晋公宇文护时","0","2","2"
"于是赏赐他十","0","2","2"
"对宇文孝伯说","0","2","2"
"宇文孝伯回答","0","2","2"
"颜之仪依照惯","0","2","2"
"之仪依照惯例","0","2","2"
"惯例迁往长安","0","2","2"
"会成为百姓的","0","2","2"
"在梁国担任侍","0","2","2"
"梁国担任侍中","0","2","2"
"是梁简文帝的","0","2","2"
"梁元帝秉承皇","0","2","2"
"元帝秉承皇帝","0","2","2"
"帝秉承皇帝旨","0","2","2"
"以抒发自己的","0","2","2"
"萧纪秉承皇帝","0","2","2"
"纪秉承皇帝旨","0","2","2"
"萧纪率军东下","0","2","2"
"州诸军事和益","0","2","2"
"诸军事和益州","0","2","2"
"军事和益州刺","0","2","2"
"事和益州刺史","0","2","2"
"是梁武帝的孙","0","2","2"
"梁武帝的孙子","0","2","2"
"得以保全性命","0","2","2"
"被任命为内史","0","2","2"
"另有文集二十","0","2","2"
"有文集二十卷","0","2","2"
"任命刘璠为中","0","2","2"
"晋文公也不如","0","2","2"
"势力越来越大","0","2","2"
"推荐李延孙担","0","2","2"
"荐李延孙担任","0","2","2"
"李长寿被害后","0","2","2"
"携带妻子儿女","0","2","2"
"孝武帝西迁后","0","2","2"
"代理新安县令","0","2","2"
"代理宜阳郡守","0","2","2"
"太祖由于陈忻","0","2","2"
"独孤永业十分","0","2","2"
"出仕任奉朝请","0","2","2"
"随从于谨攻打","0","2","2"
"所占据的地方","0","2","2"
"州征召为主簿","0","2","2"
"又随从贺若敦","0","2","2"
"司马贺兰祥征","0","2","2"
"马贺兰祥征讨","0","2","2"
"萧岿在位的第","0","2","2"
"开始与后魏通","0","2","2"
"始与后魏通使","0","2","2"
"又派遣使者来","0","2","2"
"兵器有弓箭刀","0","2","2"
"等人征讨平定","0","2","2"
"接待礼仪很隆","0","2","2"
"待礼仪很隆重","0","2","2"
"在各少数民族","0","2","2"
"各少数民族之","0","2","2"
"少数民族之中","0","2","2"
"有一定的地域","0","2","2"
"遣使者贡献特","0","2","2"
"使者贡献特产","0","2","2"
"遣使者来献马","0","2","2"
"兵器有弓刀甲","0","2","2"
"器有弓刀甲捎","0","2","2"
"两次派遣使者","0","2","2"
"率领部下兵众","0","2","2"
"领部下兵众归","0","2","2"
"往东距长安五","0","2","2"
"东距长安五千","0","2","2"
"治所之城方圆","0","2","2"
"使者来贡献名","0","2","2"
"者来贡献名马","0","2","2"
"治所之城郭方","0","2","2"
"所之城郭方圆","0","2","2"
"是大月氏的分","0","2","2"
"大月氏的分支","0","2","2"
"国在茎岭之西","0","2","2"
"边疆的少数民","0","2","2"
"疆的少数民族","0","2","2"
