"N-gram","原文","翻译","Total"
"开府仪同大将军","23","23","46"
"进位骠骑大将军","19","5","24"
"加通直散骑常侍","19","3","22"
"升任骠骑大将军","0","17","17"
"上开府仪同大将","8","8","16"
"授通直散骑常侍","1","15","16"
"任开府仪同三司","0","16","16"
"升任车骑大将军","0","14","14"
"加授通直散骑常","0","14","14"
"派使者前来通问","0","14","14"
"使者前来通问修","0","14","14"
"者前来通问修好","0","14","14"
"岳侯莫陈悦所害","13","0","13"
"升为骠骑大将军","0","13","13"
"魏孝武帝西迁时","0","13","13"
"增加食邑三百户","0","13","13"
"被侯莫陈悦杀害","0","13","13"
"加开府仪同三司","8","4","12"
"任员外散骑侍郎","0","12","12"
"任通直散骑常侍","0","12","12"
"增加食邑一千户","0","12","12"
"岳被侯莫陈悦杀","0","12","12"
"洛州刺史独孤永","6","5","11"
"州刺史独孤永业","6","5","11"
"任给事黄门侍郎","0","11","11"
"陈国派使者前来","0","11","11"
"国派使者前来通","0","11","11"
"贺拔岳被侯莫陈","0","11","11"
"拔岳被侯莫陈悦","0","11","11"
"凉州刺史宇文仲","5","5","10"
"加授骠骑大将军","0","10","10"
"增加食邑五百户","0","10","10"
"派遣使者来贡献","0","10","10"
"授开府仪同三司","4","5","9"
"进位柱国大将军","9","0","9"
"位开府仪同大将","8","0","8"
"梁国公侯莫陈芮","4","4","8"
"魏北豫州刺史高","4","4","8"
"北豫州刺史高仲","4","4","8"
"豫州刺史高仲密","4","4","8"
"上开府仪同三司","4","4","8"
"陇右总管府长史","4","4","8"
"右金紫光禄大夫","4","4","8"
"陈湘州刺史华皎","6","2","8"
"从家中被征召出","0","8","8"
"家中被征召出来","0","8","8"
"梁国公侯莫陈崇","3","4","7"
"位开府仪同三司","6","1","7"
"东魏北豫州刺史","4","3","7"
"进位车骑大将军","6","1","7"
"贺兰祥讨吐谷浑","7","0","7"
"隋文帝辅佐朝政","0","7","7"
"食邑增加一千户","0","7","7"
"从家中征召出来","0","7","7"
"晋升为骠骑大将","0","7","7"
"其王派遣使者来","0","7","7"
"王派遣使者来贡","0","7","7"
"周昌公侯莫陈琼","3","3","6"
"等十二州诸军事","3","3","6"
"丞相府墨曹参军","3","3","6"
"益州总管府长史","3","3","6"
"家员外散骑侍郎","6","0","6"
"中外府记室参军","3","3","6"
"增邑通前一千户","6","0","6"
"邑通前三千七百","4","2","6"
"通前三千七百户","4","2","6"
"豫州刺史王士良","2","4","6"
"至开府仪同大将","0","6","6"
"加授车骑大将军","0","6","6"
"当时晋公宇文护","0","6","6"
"食邑增加五百户","0","6","6"
"侯莫陈悦杀害贺","0","6","6"
"莫陈悦杀害贺拔","0","6","6"
"陈悦杀害贺拔岳","0","6","6"
"随太祖收复弘农","0","6","6"
"采纳了他的意见","0","6","6"
"增加食邑四百户","0","6","6"
"太祖平定侯莫陈","0","6","6"
"增加食邑八百户","0","6","6"
"使者来贡献特产","0","6","6"
"进授骠骑大将军","4","1","5"
"司州刺史柳仲礼","3","2","5"
"湘州刺史华皎举","3","2","5"
"州刺史华皎举州","3","2","5"
"迁开府仪同三司","5","0","5"
"追赠柱国大将军","4","1","5"
"寻进车骑大将军","5","0","5"
"加授开府仪同三","1","4","5"
"州刺史宇文仲和","0","5","5"
"后来多次升迁任","0","5","5"
"食邑一千五百户","0","5","5"
"晋升车骑大将军","0","5","5"
"晋为骠骑大将军","0","5","5"
"派使者前来贡献","0","5","5"
"武帝前往云阳宫","0","5","5"
"太祖讨伐侯莫陈","0","5","5"
"祖讨伐侯莫陈悦","0","5","5"
"母亲以孝顺闻名","0","5","5"
"跟随太祖收复弘","0","5","5"
"升为柱国大将军","0","5","5"
"为开府仪同三司","0","5","5"
"祖平定侯莫陈悦","0","5","5"
"为员外散骑侍郎","0","5","5"
"朝廷追赠他为太","0","5","5"
"从魏孝武帝西迁","0","5","5"
"孝武帝与齐神武","0","5","5"
"食邑增至一千户","0","5","5"
"遣使者来贡献特","0","5","5"
"基本上与华夏相","0","5","5"
"本上与华夏相同","0","5","5"
"陕州刺史李徽伯","2","2","4"
"平高公侯伏侯龙","2","2","4"
"高公侯伏侯龙恩","2","2","4"
"荥阳公司马消难","4","0","4"
"右银青光禄大夫","2","2","4"
"凉甘瓜三州诸军","2","2","4"
"甘瓜三州诸军事","2","2","4"
"齐洛州刺史独孤","3","1","4"
"大丞相府墨曹参","2","2","4"
"丞相府记室参军","2","2","4"
"迁通直散骑常侍","4","0","4"
"潼关等六防诸军","2","2","4"
"关等六防诸军事","2","2","4"
"等十三州诸军事","2","2","4"
"四州五防诸军事","2","2","4"
"帅夏州刺史刘平","2","2","4"
"夏州刺史刘平伏","2","2","4"
"沃野镇人破六汗","2","2","4"
"野镇人破六汗拔","2","2","4"
"镇人破六汗拔陵","2","2","4"
"破六汗拔陵作乱","2","2","4"
"都督中外诸军事","2","2","4"
"北豫州刺史司马","2","2","4"
"豫州刺史司马消","2","2","4"
"州刺史司马消难","2","2","4"
"突厥遣使献方物","4","0","4"
"吐谷浑遣使献方","4","0","4"
"谷浑遣使献方物","4","0","4"
"小司寇淮南公元","2","2","4"
"司寇淮南公元伟","2","2","4"
"齐昌王莫多娄敬","2","2","4"
"昌王莫多娄敬显","2","2","4"
"徐州总管梁士彦","2","2","4"
"等十五州诸军事","2","2","4"
"荆州刺史李魔怜","2","2","4"
"进位开府仪同三","3","1","4"
"贺拔岳讨万俟丑","4","0","4"
"拔岳讨万俟丑奴","4","0","4"
"等二十州诸军事","2","2","4"
"增邑通前一千五","4","0","4"
"邑通前一千五百","4","0","4"
"通前一千五百户","4","0","4"
"褐员外散骑侍郎","4","0","4"
"宜丰侯萧循固守","3","1","4"
"迁员外散骑侍郎","4","0","4"
"增邑通前二千户","4","0","4"
"增邑通前三千七","4","0","4"
"州十五镇诸军事","2","2","4"
"州白马傥城二防","2","2","4"
"白马傥城二防诸","2","2","4"
"马傥城二防诸军","2","2","4"
"傥城二防诸军事","2","2","4"
"加上开府仪同大","2","2","4"
"中外府乐曹参军","2","2","4"
"东魏洛州刺史独","2","2","4"
"魏洛州刺史独孤","2","2","4"
"蜀国公尉迟迥为","0","4","4"
"杞国公宇文亮为","0","4","4"
"被追赠为使持节","0","4","4"
"授任车骑大将军","0","4","4"
"任开府仪同大将","0","4","4"
"兼任尚书右仆射","0","4","4"
"为给事黄门侍郎","0","4","4"
"转任御正中大夫","0","4","4"
"晋为车骑大将军","0","4","4"
"尉迟迥征伐蜀地","0","4","4"
"别将的身份跟随","0","4","4"
"食邑增至五千户","0","4","4"
"坐骑被乱箭射中","0","4","4"
"举行大规模阅兵","0","4","4"
"突厥派使者进献","0","4","4"
"贡献当地土特产","0","4","4"
"武帝从同州返回","0","4","4"
"使者前来贡献土","0","4","4"
"讨伐平定了他们","0","4","4"
"北齐派使者前来","0","4","4"
"武帝从云阳宫返","0","4","4"
"帝从云阳宫返回","0","4","4"
"陈国将领吴明彻","0","4","4"
"皇后出家为尼姑","0","4","4"
"公宇文护被诛杀","0","4","4"
"晋公宇文护执掌","0","4","4"
"奉母亲以孝顺闻","0","4","4"
"郡一万户人家作","0","4","4"
"一万户人家作为","0","4","4"
"食邑增加二千户","0","4","4"
"升任开府仪同三","0","4","4"
"贺兰祥讨伐吐谷","0","4","4"
"兰祥讨伐吐谷浑","0","4","4"
"食邑增至二千户","0","4","4"
"魏孝武帝向西迁","0","4","4"
"晋公宇文护束征","0","4","4"
"增加封地一千户","0","4","4"
"增加封地八百户","0","4","4"
"采纳了他的建议","0","4","4"
"增加封地连原来","0","4","4"
"加封地连原来的","0","4","4"
"封地连原来的一","0","4","4"
"地连原来的一共","0","4","4"
"中被征召出来任","0","4","4"
"贺兰祥征讨吐谷","0","4","4"
"兰祥征讨吐谷浑","0","4","4"
"跟从大军战于河","0","4","4"
"从大军战于河桥","0","4","4"
"魏孝武帝与齐神","0","4","4"
"开府仪同三司衔","0","4","4"
"开始担任官职为","0","4","4"
"高仲密北豫州附","3","0","3"
"州刺史宇文仲州","3","0","3"
"定冀等十州诸军","2","1","3"
"冀等十州诸军事","2","1","3"
"寻加骠骑大将军","3","0","3"
"宋员外散骑常侍","2","1","3"
"南岐州氐苻安寿","2","1","3"
"天光东拒齐神武","3","0","3"
"州刺史高仲密举","3","0","3"
"梁司州刺史柳仲","3","0","3"
"荧惑犯太微上将","3","0","3"
"皇后阿史氏突厥","3","0","3"
"上亲率六军讲武","3","0","3"
"亲率六军讲武城","3","0","3"
"率六军讲武城南","3","0","3"
"东平公宇文神举","2","1","3"
"寻进位骠骑大将","3","0","3"
"大将军豆卢宁讨","2","1","3"
"增邑通前二千二","3","0","3"
"邑通前二千二百","3","0","3"
"通前二千二百户","3","0","3"
"丰侯萧循固守南","2","1","3"
"侯萧循固守南郑","2","1","3"
"傍乞铁匆郑五丑","3","0","3"
"乞铁匆郑五丑等","3","0","3"
"东魏荆州刺史辛","2","1","3"
"魏荆州刺史辛纂","2","1","3"
"显蔚四州诸军事","2","1","3"
"位上仪同大将军","3","0","3"
"齐神武举兵入洛","3","0","3"
"太祖平侯莫陈悦","3","0","3"
"贺拔岳侯莫陈悦","3","0","3"
"拔岳侯莫陈悦所","3","0","3"
"太祖讨平侯莫陈","1","2","3"
"祖讨平侯莫陈悦","1","2","3"
"刺史华皎举州归","1","2","3"
"授员外散骑侍郎","2","1","3"
"继承了他的爵位","0","3","3"
"位至开府仪同大","0","3","3"
"增加食邑二百户","0","3","3"
"辅城公宇文邕为","0","3","3"
"益州进献三足乌","0","3","3"
"昌公侯莫陈琼为","0","3","3"
"州等十州诸军事","0","3","3"
"官至开府仪同三","0","3","3"
"至开府仪同三司","0","3","3"
"追赠他为使持节","0","3","3"
"至上仪同大将军","0","3","3"
"兼任给事黄门侍","0","3","3"
"尉迟迥包围洛阳","0","3","3"
"他为车骑大将军","0","3","3"
"朝廷追赠他使持","0","3","3"
"廷追赠他使持节","0","3","3"
"官拜车骑大将军","0","3","3"
"增加食邑通前三","0","3","3"
"加食邑通前三千","0","3","3"
"任陇右总管府长","0","3","3"
"增加食邑七百户","0","3","3"
"的身份跟随尔朱","0","3","3"
"的身份跟随贺拔","0","3","3"
"身份跟随贺拔岳","0","3","3"
"帝亲自耕种籍田","0","3","3"
"派使者进献土产","0","3","3"
"一同派使者贡献","0","3","3"
"同派使者贡献当","0","3","3"
"派使者贡献当地","0","3","3"
"使者贡献当地土","0","3","3"
"者贡献当地土特","0","3","3"
"在正武殿举行大","0","3","3"
"正武殿举行大规","0","3","3"
"武殿举行大规模","0","3","3"
"火星侵犯太微星","0","3","3"
"星侵犯太微星垣","0","3","3"
"卫国公宇文直为","0","3","3"
"都督以上的官员","0","3","3"
"太阳周围出现光","0","3","3"
"阳周围出现光环","0","3","3"
"南安公杨荐等人","0","3","3"
"陈国公宇文纯为","0","3","3"
"派使者前来进献","0","3","3"
"皇后阿史那氏从","0","3","3"
"后阿史那氏从突","0","3","3"
"阿史那氏从突厥","0","3","3"
"皇上亲自率领六","0","3","3"
"上亲自率领六军","0","3","3"
"亲自率领六军在","0","3","3"
"自率领六军在城","0","3","3"
"率领六军在城南","0","3","3"
"率兵讨伐平定了","0","3","3"
"兵讨伐平定了他","0","3","3"
"荣阳公司马消难","0","3","3"
"宇文宪为大冢宰","0","3","3"
"月亮侵犯心宿的","0","3","3"
"亮侵犯心宿的中","0","3","3"
"侵犯心宿的中星","0","3","3"
"皇太子讨伐吐谷","0","3","3"
"太子讨伐吐谷浑","0","3","3"
"宇文宪率精锐骑","0","3","3"
"文宪率精锐骑兵","0","3","3"
"者前来贡献土特","0","3","3"
"前来贡献土特产","0","3","3"
"梁睿为行军元帅","0","3","3"
"晋公宇文护被诛","0","3","3"
"宇文护被诛杀后","0","3","3"
"州等六州诸军事","0","3","3"
"高祖下诏命宇文","0","3","3"
"等人率轻装骑兵","0","3","3"
"公宇文护执掌朝","0","3","3"
"宇文护执掌朝政","0","3","3"
"食邑增加六百户","0","3","3"
"缴获其军用物资","0","3","3"
"悦杀害贺拔岳后","0","3","3"
"跟随太祖讨伐侯","0","3","3"
"随太祖讨伐侯莫","0","3","3"
"到侯莫陈悦杀害","0","3","3"
"又升任骠骑大将","0","3","3"
"完全采纳了他的","0","3","3"
"他的一个儿子为","0","3","3"
"侯莫陈悦杀害以","0","3","3"
"莫陈悦杀害以后","0","3","3"
"侯莫陈悦被平定","0","3","3"
"东魏将领侯景等","0","3","3"
"魏将领侯景等人","0","3","3"
"到贺拔岳被害时","0","3","3"
"到贺拔岳被侯莫","0","3","3"
"侍奉母亲以孝顺","0","3","3"
"任员外散骑常侍","0","3","3"
"孝武帝向西迁移","0","3","3"
"出仕为员外散骑","0","3","3"
"仕为员外散骑侍","0","3","3"
"增加封地三百户","0","3","3"
"廷追赠他为太保","0","3","3"
"魏孝武帝的功劳","0","3","3"
"官位提升为骠骑","0","3","3"
"位提升为骠骑大","0","3","3"
"提升为骠骑大将","0","3","3"
"跟从魏孝武帝西","0","3","3"
"又升任车骑大将","0","3","3"
"官位提升为柱国","0","3","3"
"连原来的一共一","0","3","3"
"原来的一共一千","0","3","3"
"陈公宇文纯等人","0","3","3"
"升任柱国大将军","0","3","3"
"跟随晋公宇文护","0","3","3"
"他为骠骑大将军","0","3","3"
"在任职期间去世","0","3","3"
"任上开府仪同大","0","3","3"
"家中没有多余的","0","3","3"
"跟随魏孝武帝西","0","3","3"
"被任命为大将军","0","3","3"
"跟从贺兰祥征讨","0","3","3"
"家中征召出来任","0","3","3"
"增加食邑与以前","0","3","3"
"加食邑与以前的","0","3","3"
"食邑与以前的相","0","3","3"
"邑与以前的相加","0","3","3"
"与以前的相加共","0","3","3"
"升为车骑大将军","0","3","3"
"功勋受赐爵号武","0","3","3"
"尉迟迥讨伐蜀地","0","3","3"
"武帝与齐神武帝","0","3","3"
"孝闵帝登上皇位","0","3","3"
"孝武帝向西迁徙","0","3","3"
"受到感动而醒悟","0","3","3"
"文帝又派遣杨荐","0","3","3"
"府仪同大将军衔","0","3","3"
"食邑增至一千六","0","3","3"
"邑增至一千六百","0","3","3"
"增至一千六百户","0","3","3"
"开始担任的官职","0","3","3"
"始担任的官职为","0","3","3"
"增加五百户食邑","0","3","3"
"独孤信入据洛阳","0","3","3"
"都督东雍州诸军","1","1","2"
"督东雍州诸军事","1","1","2"
"总管襄郢昌丰唐","1","1","2"
"管襄郢昌丰唐蔡","1","1","2"
"襄郢昌丰唐蔡六","1","1","2"
"郢昌丰唐蔡六州","1","1","2"
"昌丰唐蔡六州诸","1","1","2"
"丰唐蔡六州诸军","1","1","2"
"唐蔡六州诸军事","1","1","2"
"进授车骑大将军","2","0","2"
"增邑通前一千八","2","0","2"
"邑通前一千八百","2","0","2"
"通前一千八百户","2","0","2"
"授宜阳邑大中正","1","1","2"
"梁洵兴等七州诸","1","1","2"
"洵兴等七州诸军","1","1","2"
"兴等七州诸军事","1","1","2"
"江陵副总管高琳","1","1","2"
"太祖文皇帝姓宇","1","1","2"
"祖文皇帝姓宇文","1","1","2"
"文皇帝姓宇文氏","1","1","2"
"前略阳郡守张献","1","1","2"
"魏大统元年春正","1","1","2"
"大统元年春正月","1","1","2"
"元年春正月己酉","2","0","2"
"魏帝诏封太祖长","1","1","2"
"帝诏封太祖长子","1","1","2"
"魏恭帝元年夏四","1","1","2"
"恭帝元年夏四月","1","1","2"
"丹阳立梁元帝第","1","1","2"
"阳立梁元帝第九","1","1","2"
"立梁元帝第九子","1","1","2"
"功臣琅邪贞献公","1","1","2"
"臣琅邪贞献公贺","1","1","2"
"琅邪贞献公贺拔","1","1","2"
"邪贞献公贺拔胜","1","1","2"
"贞献公贺拔胜等","1","1","2"
"献公贺拔胜等十","1","1","2"
"公贺拔胜等十三","1","1","2"
"贺拔胜等十三人","1","1","2"
"拔胜等十三人配","1","1","2"
"胜等十三人配享","1","1","2"
"等十三人配享太","1","1","2"
"十三人配享太祖","1","1","2"
"三人配享太祖庙","1","1","2"
"人配享太祖庙庭","1","1","2"
"国公侯莫陈崇大","2","0","2"
"高阳公达奚武大","2","0","2"
"柱国随国公杨忠","1","1","2"
"柱国蜀国公尉迟","1","1","2"
"国蜀国公尉迟迥","1","1","2"
"郑国公达奚武太","2","0","2"
"柱国安武公李穆","1","1","2"
"绥德公陆通大司","2","0","2"
"进封柱国韦孝宽","1","1","2"
"大将军武安公侯","1","1","2"
"将军武安公侯莫","1","1","2"
"军武安公侯莫陈","1","1","2"
"武安公侯莫陈琼","1","1","2"
"后宫罗绮工人五","1","1","2"
"宫罗绮工人五百","1","1","2"
"罗绮工人五百余","1","1","2"
"绮工人五百余人","1","1","2"
"柱国周昌公侯莫","1","1","2"
"国周昌公侯莫陈","1","1","2"
"柱国枹罕公辛威","2","0","2"
"仪同三司仪同大","2","0","2"
"同三司仪同大将","2","0","2"
"三司仪同大将军","2","0","2"
"齐行台左丞侯子","1","1","2"
"行台左丞侯子钦","1","1","2"
"大将军广化公丘","1","1","2"
"将军广化公丘崇","1","1","2"
"柱国应国公独孤","1","1","2"
"国应国公独孤永","1","1","2"
"应国公独孤永业","1","1","2"
"天元圣皇太后李","1","1","2"
"元圣皇太后李氏","1","1","2"
"天元大皇后杨氏","1","1","2"
"天中大皇后陈氏","1","1","2"
"天右大皇后元氏","1","1","2"
"天左大皇后尉迟","1","1","2"
"左大皇后尉迟氏","1","1","2"
"开府杨永安聚众","1","1","2"
"乐宁公达奚儒讨","1","1","2"
"随国公杨坚加大","1","1","2"
"国公杨坚加大冢","1","1","2"
"公杨坚加大冢宰","1","1","2"
"柱国邗国公杨雄","1","1","2"
"上大将军新宁公","1","1","2"
"大将军新宁公叱","1","1","2"
"将军新宁公叱列","1","1","2"
"军新宁公叱列长","1","1","2"
"大将军中山公宇","1","1","2"
"将军中山公宇文","1","1","2"
"军中山公宇文恩","1","1","2"
"上开府广宗公李","1","1","2"
"开府广宗公李崇","1","1","2"
"尊天元上皇太后","1","1","2"
"尊天元圣皇太后","1","1","2"
"宣政元年闰六月","1","1","2"
"恒朔等十州诸军","1","1","2"
"朔等十州诸军事","1","1","2"
"三雍二华等二十","1","1","2"
"雍二华等二十三","1","1","2"
"二华等二十三州","1","1","2"
"华等二十三州诸","1","1","2"
"等二十三州诸军","1","1","2"
"二十三州诸军事","1","1","2"
"益宁巴泸等二十","1","1","2"
"宁巴泸等二十四","1","1","2"
"巴泸等二十四州","1","1","2"
"泸等二十四州诸","1","1","2"
"等二十四州诸军","1","1","2"
"二十四州诸军事","1","1","2"
"青徐等十州诸军","1","1","2"
"徐等十州诸军事","1","1","2"
"太宰元穆北征葛","1","1","2"
"宰元穆北征葛荣","1","1","2"
"加都督三雍三秦","1","1","2"
"都督三雍三秦二","1","1","2"
"督三雍三秦二岐","1","1","2"
"三雍三秦二岐二","1","1","2"
"雍三秦二岐二华","1","1","2"
"三秦二岐二华诸","1","1","2"
"秦二岐二华诸军","1","1","2"
"二岐二华诸军事","1","1","2"
"都督关中三十州","1","1","2"
"督关中三十州诸","1","1","2"
"关中三十州诸军","1","1","2"
"中三十州诸军事","1","1","2"
"官开府仪同三司","2","0","2"
"都督雍华豳泾原","1","1","2"
"督雍华豳泾原三","1","1","2"
"雍华豳泾原三秦","1","1","2"
"华豳泾原三秦二","1","1","2"
"豳泾原三秦二岐","1","1","2"
"泾原三秦二岐十","1","1","2"
"原三秦二岐十州","1","1","2"
"三秦二岐十州诸","1","1","2"
"秦二岐十州诸军","1","1","2"
"二岐十州诸军事","1","1","2"
"随太宰元天穆讨","1","1","2"
"燕肆云五州诸军","1","1","2"
"肆云五州诸军事","1","1","2"
"定赵恒沧瀛五州","1","1","2"
"赵恒沧瀛五州诸","1","1","2"
"恒沧瀛五州诸军","1","1","2"
"沧瀛五州诸军事","1","1","2"
"军功封灵丘县男","1","1","2"
"十四州八防诸军","1","1","2"
"四州八防诸军事","1","1","2"
"东西北三夏州诸","1","1","2"
"西北三夏州诸军","1","1","2"
"北三夏州诸军事","1","1","2"
"十一州九防诸军","1","1","2"
"一州九防诸军事","1","1","2"
"山南道五十二州","1","1","2"
"南道五十二州诸","1","1","2"
"道五十二州诸军","1","1","2"
"五十二州诸军事","1","1","2"
"都督利沙文三州","1","1","2"
"督利沙文三州诸","1","1","2"
"利沙文三州诸军","1","1","2"
"沙文三州诸军事","1","1","2"
"兴西盖等六州诸","1","1","2"
"西盖等六州诸军","1","1","2"
"盖等六州诸军事","1","1","2"
"历位开府仪同三","2","0","2"
"同岐等十二州诸","1","1","2"
"岐等十二州诸军","1","1","2"
"五州十一防诸军","1","1","2"
"州十一防诸军事","1","1","2"
"尉迟迥字薄居罗","1","1","2"
"荥州刺史邵公宇","1","1","2"
"州刺史邵公宇文","1","1","2"
"东潼州刺史曹孝","1","1","2"
"潼州刺史曹孝达","1","1","2"
"司马消难字道融","1","1","2"
"总管梁兴等十九","1","1","2"
"管梁兴等十九州","1","1","2"
"梁兴等十九州诸","1","1","2"
"兴等十九州诸军","1","1","2"
"等十九州诸军事","1","1","2"
"魏临淮王记室参","1","1","2"
"临淮王记室参军","1","1","2"
"淮王记室参军事","1","1","2"
"柱国大将军府长","1","1","2"
"国大将军府长史","1","1","2"
"四征中镇抚军府","1","1","2"
"七命州列曹参军","2","0","2"
"四平前后左右府","1","1","2"
"镇远建忠中坚宁","2","0","2"
"远建忠中坚宁朔","2","0","2"
"宁远扬烈伏波轻","2","0","2"
"远扬烈伏波轻车","2","0","2"
"扬烈伏波轻车府","2","0","2"
"子侄男女中外诸","1","1","2"
"侄男女中外诸孙","1","1","2"
"泾原秦等十州诸","1","1","2"
"原秦等十州诸军","1","1","2"
"秦等十州诸军事","1","1","2"
"州刺史高仲密请","1","1","2"
"时齐神武屯兵河","1","1","2"
"齐神武屯兵河阳","1","1","2"
"延夏盐恒燕五州","1","1","2"
"夏盐恒燕五州诸","1","1","2"
"盐恒燕五州诸军","1","1","2"
"恒燕五州诸军事","1","1","2"
"凉西凉二州诸军","1","1","2"
"西凉二州诸军事","1","1","2"
"蛮帅向五子等聚","1","1","2"
"帅向五子等聚众","1","1","2"
"仪同李延孙相会","1","1","2"
"赠河鄯邓延洮宕","1","1","2"
"河鄯邓延洮宕翼","1","1","2"
"鄯邓延洮宕翼七","1","1","2"
"邓延洮宕翼七州","1","1","2"
"延洮宕翼七州诸","1","1","2"
"洮宕翼七州诸军","1","1","2"
"宕翼七州诸军事","1","1","2"
"邑通前三千九百","1","1","2"
"通前三千九百户","1","1","2"
"冀沧瀛赵卫贝魏","1","1","2"
"沧瀛赵卫贝魏洛","1","1","2"
"瀛赵卫贝魏洛八","1","1","2"
"赵卫贝魏洛八州","1","1","2"
"卫贝魏洛八州诸","1","1","2"
"贝魏洛八州诸军","1","1","2"
"魏洛八州诸军事","1","1","2"
"汾北华瀛三州刺","1","1","2"
"北华瀛三州刺史","1","1","2"
"总管荆郢硖夔复","1","1","2"
"管荆郢硖夔复沔","1","1","2"
"荆郢硖夔复沔岳","1","1","2"
"郢硖夔复沔岳沅","1","1","2"
"硖夔复沔岳沅澧","1","1","2"
"夔复沔岳沅澧鄂","1","1","2"
"复沔岳沅澧鄂十","1","1","2"
"沔岳沅澧鄂十州","1","1","2"
"岳沅澧鄂十州诸","1","1","2"
"沅澧鄂十州诸军","1","1","2"
"澧鄂十州诸军事","1","1","2"
"金迁房直均五州","1","1","2"
"迁房直均五州诸","1","1","2"
"房直均五州诸军","1","1","2"
"直均五州诸军事","1","1","2"
"寻授车骑大将军","2","0","2"
"增邑一千二百户","2","0","2"
"幽定七州六镇诸","1","1","2"
"定七州六镇诸军","1","1","2"
"七州六镇诸军事","1","1","2"
"原灵豳三州刺史","1","1","2"
"都督益潼等三十","1","1","2"
"督益潼等三十一","1","1","2"
"益潼等三十一州","1","1","2"
"潼等三十一州诸","1","1","2"
"等三十一州诸军","1","1","2"
"三十一州诸军事","1","1","2"
"利沙方渠四州诸","1","1","2"
"沙方渠四州诸军","1","1","2"
"方渠四州诸军事","1","1","2"
"赠中淅涿三州刺","1","1","2"
"中淅涿三州刺史","1","1","2"
"石二州五镇诸军","1","1","2"
"二州五镇诸军事","1","1","2"
"左金紫光禄大夫","1","1","2"
"梁州总管府长史","1","1","2"
"岐宜宁豳四州诸","1","1","2"
"宜宁豳四州诸军","1","1","2"
"宁豳四州诸军事","1","1","2"
"广陵王府直兵参","1","1","2"
"陵王府直兵参军","1","1","2"
"刺史独孤永业相","1","1","2"
"史独孤永业相对","1","1","2"
"赠襄郢二州刺史","1","1","2"
"大丞相府士曹行","1","1","2"
"丞相府士曹行参","1","1","2"
"相府士曹行参军","1","1","2"
"襄州总管府长史","1","1","2"
"尚书右中兵郎中","1","1","2"
"华夏二州诸军事","1","1","2"
"增邑一千五百户","2","0","2"
"魏将作大匠浑十","2","0","2"
"将作大匠浑十一","2","0","2"
"作大匠浑十一世","2","0","2"
"大匠浑十一世孙","2","0","2"
"元天穆讨平邢杲","1","1","2"
"太师咸阳王长史","1","1","2"
"后开府仪同三司","2","0","2"
"随应等十一州甑","1","1","2"
"应等十一州甑山","1","1","2"
"等十一州甑山上","1","1","2"
"十一州甑山上明","1","1","2"
"一州甑山上明鲁","1","1","2"
"州甑山上明鲁山","1","1","2"
"甑山上明鲁山三","1","1","2"
"山上明鲁山三镇","1","1","2"
"上明鲁山三镇诸","1","1","2"
"明鲁山三镇诸军","1","1","2"
"鲁山三镇诸军事","1","1","2"
"荆淅等十四州南","1","1","2"
"淅等十四州南阳","1","1","2"
"等十四州南阳平","1","1","2"
"十四州南阳平阳","1","1","2"
"四州南阳平阳等","1","1","2"
"州南阳平阳等八","1","1","2"
"南阳平阳等八防","1","1","2"
"阳平阳等八防诸","1","1","2"
"平阳等八防诸军","1","1","2"
"阳等八防诸军事","1","1","2"
"南汾州刺史薛琰","1","1","2"
"汾州刺史薛琰达","1","1","2"
"青齐兖豫四州刺","1","1","2"
"齐兖豫四州刺史","1","1","2"
"都督十五州诸军","1","1","2"
"督十五州诸军事","1","1","2"
"加郢鄯陕三州诸","1","1","2"
"郢鄯陕三州诸军","1","1","2"
"鄯陕三州诸军事","1","1","2"
"进授柱国大将军","1","1","2"
"丞相府宾曹参军","1","1","2"
"幽州总管府司马","1","1","2"
"朔州总管府长史","1","1","2"
"赠泾岐燕三州刺","1","1","2"
"泾岐燕三州刺史","1","1","2"
"太保转太傅长史","1","1","2"
"转陇右总管府长","2","0","2"
"加员外散骑侍郎","1","1","2"
"尚书二千石郎中","1","1","2"
"赠相瀛二州刺史","1","1","2"
"西兖州录事参军","1","1","2"
"授小职方下大夫","1","1","2"
"西南道行台兵部","1","1","2"
"南道行台兵部尚","1","1","2"
"道行台兵部尚书","1","1","2"
"四州十二镇诸军","1","1","2"
"州十二镇诸军事","1","1","2"
"益州刺史军防事","1","1","2"
"定等十二州诸军","1","1","2"
"南雍平信江随二","2","0","2"
"雍平信江随二郢","2","0","2"
"平信江随二郢淅","2","0","2"
"信江随二郢淅等","1","1","2"
"江随二郢淅等十","1","1","2"
"随二郢淅等十三","1","1","2"
"二郢淅等十三州","1","1","2"
"郢淅等十三州诸","1","1","2"
"淅等十三州诸军","1","1","2"
"华洛等三州刺史","1","1","2"
"上庸等八郡诸军","1","1","2"
"庸等八郡诸军事","1","1","2"
"授都督信临等七","1","1","2"
"都督信临等七州","1","1","2"
"督信临等七州诸","1","1","2"
"信临等七州诸军","1","1","2"
"临等七州诸军事","1","1","2"
"章昭达攻逼江陵","1","1","2"
"陈将程文季交战","1","1","2"
"开府贺若敦南讨","1","1","2"
"府贺若敦南讨信","1","1","2"
"贺若敦南讨信州","1","1","2"
"大将军宇文虬攻","1","1","2"
"将军宇文虬攻克","1","1","2"
"军宇文虬攻克上","1","1","2"
"宇文虬攻克上津","1","1","2"
"赠陈曹莒汴四州","1","1","2"
"陈曹莒汴四州刺","1","1","2"
"曹莒汴四州刺史","1","1","2"
"昌归宪三州诸军","1","1","2"
"归宪三州诸军事","1","1","2"
"营丘成周二郡守","1","1","2"
"隋文帝遣舍人萧","1","1","2"
"文帝遣舍人萧子","1","1","2"
"帝遣舍人萧子宝","1","1","2"
"遣舍人萧子宝祭","1","1","2"
"赠保周南郢州刺","1","1","2"
"保周南郢州刺史","1","1","2"
"骠骑庐陵王府田","1","1","2"
"骑庐陵王府田曹","1","1","2"
"庐陵王府田曹参","1","1","2"
"陵王府田曹参军","1","1","2"
"王府中记室参军","1","1","2"
"大丞相府法曹参","1","1","2"
"丞相府法曹参军","1","1","2"
"左银青光禄大夫","1","1","2"
"北荆州刺史梅季","1","1","2"
"荆州刺史梅季昌","1","1","2"
"州刺史梅季昌等","1","1","2"
"岐州氐苻安寿反","1","1","2"
"州刺史刘平伏上","2","0","2"
"刺史刘平伏上郡","2","0","2"
"长安六千七百里","1","1","2"
"人破六汗拔陵作","1","1","2"
"伪署王卫孤徒党","2","0","2"
"万俟丑奴作乱关","2","0","2"
"俟丑奴作乱关右","2","0","2"
"朱天光东拒齐神","2","0","2"
"秦州刺史侯莫陈","1","1","2"
"州刺史侯莫陈悦","1","1","2"
"夏州刺史斛拔弥","1","1","2"
"州刺史斛拔弥俄","1","1","2"
"刺史斛拔弥俄突","1","1","2"
"河西流民纥豆陵","1","1","2"
"西流民纥豆陵伊","1","1","2"
"流民纥豆陵伊利","1","1","2"
"民纥豆陵伊利等","1","1","2"
"孝武帝将图齐神","2","0","2"
"武帝将图齐神武","2","0","2"
"侯莫陈悦枉害忠","1","1","2"
"莫陈悦枉害忠良","1","1","2"
"秦州刺史万俟普","1","1","2"
"州刺史万俟普拨","1","1","2"
"都督侯莫陈崇率","1","1","2"
"时南秦州刺史李","1","1","2"
"南秦州刺史李弼","1","1","2"
"时凉州刺史李叔","1","1","2"
"凉州刺史李叔仁","1","1","2"
"仚定引吐谷浑寇","2","0","2"
"定引吐谷浑寇金","2","0","2"
"引吐谷浑寇金城","2","0","2"
"大都督梁御率步","1","1","2"
"著作郎姚幼瑜持","1","1","2"
"作郎姚幼瑜持节","1","1","2"
"前秦州刺史骆超","1","1","2"
"故武卫将军伊琳","1","1","2"
"建中王万俟普拨","1","1","2"
"中王万俟普拨率","1","1","2"
"遣将窦泰趣潼关","2","0","2"
"斩东魏刺史杜密","1","1","2"
"东魏将高叔礼守","2","0","2"
"东魏颍川长史贺","1","1","2"
"魏颍川长史贺若","1","1","2"
"颍川长史贺若统","1","1","2"
"西兖州刺史宋显","1","1","2"
"兖州刺史宋显等","1","1","2"
"长安父老见太祖","1","1","2"
"太祖遣开府李弼","2","0","2"
"刺史高仲密举州","2","0","2"
"史高仲密举州附","2","0","2"
"太祖率右军若干","1","1","2"
"祖率右军若干惠","1","1","2"
"率右军若干惠等","1","1","2"
"瓜州都督令狐延","1","1","2"
"河南大行台侯景","1","1","2"
"梁竟陵郡守孙暠","2","0","2"
"遣开府杨忠率兵","2","0","2"
"行台仆射长孙俭","1","1","2"
"总督留守诸军事","1","1","2"
"魏安公尉迟迥率","1","1","2"
"伐梁武陵王萧纪","1","1","2"
"梁广州刺史王琳","1","1","2"
"遣大将军豆卢宁","2","0","2"
"齐北豫州刺史司","2","0","2"
"刺史司马消难举","2","0","2"
"史司马消难举州","2","0","2"
"司马消难举州附","2","0","2"
"大将军杨忠率众","1","1","2"
"将军杨忠率众迎","1","1","2"
"宁蜀公尉迟迥率","1","1","2"
"博陵公贺兰祥率","1","1","2"
"高昌遣使献方物","2","0","2"
"群公列将卿大夫","1","1","2"
"遣大使巡察天下","2","0","2"
"御正武殿录囚徒","2","0","2"
"郑国公达奚武率","1","1","2"
"大将军权景宣率","1","1","2"
"将军权景宣率山","1","1","2"
"军权景宣率山南","1","1","2"
"蜀国公尉迟迥率","1","1","2"
"中山公训蒲州总","2","0","2"
"山公训蒲州总管","2","0","2"
"湘州刺史华皎率","1","1","2"
"州刺史华皎率众","1","1","2"
"襄州总管卫国公","1","1","2"
"直率柱国绥德公","1","1","2"
"率柱国绥德公陆","1","1","2"
"柱国绥德公陆通","1","1","2"
"齐将斛律明月寇","2","0","2"
"大将军张掖公王","1","1","2"
"将军张掖公王杰","1","1","2"
"大将军梁国公侯","1","1","2"
"将军梁国公侯莫","1","1","2"
"军梁国公侯莫陈","1","1","2"
"弟大将军莒国公","1","1","2"
"绍莒庄公洛生后","2","0","2"
"省六府诸司中大","1","1","2"
"六府诸司中大夫","1","1","2"
"置太子谏议员四","1","1","2"
"太子谏议员四人","1","1","2"
"卫王直京师举兵","2","0","2"
"王直京师举兵反","2","0","2"
"遣小司寇淮南公","2","0","2"
"柱国梁国公侯莫","1","1","2"
"国梁国公侯莫陈","1","1","2"
"国公侯莫陈芮率","1","1","2"
"清河公宇文神举","1","1","2"
"河公宇文神举攻","1","1","2"
"攻拔齐陆浑等五","2","0","2"
"拔齐陆浑等五城","2","0","2"
"步骑一万守统军","2","0","2"
"骑一万守统军川","2","0","2"
"齐晋州刺史崔景","1","1","2"
"晋州刺史崔景嵩","1","1","2"
"刺史崔景嵩守城","2","0","2"
"史崔景嵩守城北","2","0","2"
"崔景嵩守城北面","2","0","2"
"留兄安德王延宗","2","0","2"
"伪齐昌王莫多娄","1","1","2"
"王莫多娄敬显等","1","1","2"
"大将军尉迟勤率","1","1","2"
"将军尉迟勤率二","1","1","2"
"军尉迟勤率二千","1","1","2"
"侍中斛律孝卿送","1","1","2"
"随公杨坚率军讨","1","1","2"
"范阳王高绍义叛","1","1","2"
"三百三十万二千","1","1","2"
"百三十万二千五","1","1","2"
"三十万二千五百","1","1","2"
"十万二千五百二","1","1","2"
"万二千五百二十","1","1","2"
"二千五百二十八","1","1","2"
"刺史东平公宇文","1","1","2"
"史东平公宇文神","1","1","2"
"北营州刺史高宝","1","1","2"
"营州刺史高宝宁","1","1","2"
"柱国故豆卢宁征","1","1","2"
"平公宇文神举等","1","1","2"
"郜国公贺拔伏恩","1","1","2"
"相州总管尉迟迥","1","1","2"
"都督内外诸军事","1","1","2"
"州总管司马消难","1","1","2"
"宋安公元景山率","1","1","2"
"魏恭帝三年十二","1","1","2"
"恭帝三年十二月","1","1","2"
"孝闵帝元皇后名","1","1","2"
"皇太后尊号曰天","2","0","2"
"太后尊号曰天元","2","0","2"
"隋开皇元年三月","1","1","2"
"天中大皇后一人","1","1","2"
"静帝司马皇后名","1","1","2"
"隋司隶刺史李丹","1","1","2"
"寻除宗师中大夫","2","0","2"
"太祖讨侯莫陈悦","2","0","2"
"秦南等十五州诸","1","1","2"
"南等十五州诸军","1","1","2"
"魏恭帝元年十二","1","1","2"
"恭帝元年十二月","1","1","2"
"郧国公韦孝宽等","1","1","2"
"数百骑袭孝宽营","2","0","2"
"齐将斛律明月率","2","0","2"
"将斛律明月率众","2","0","2"
"开府宇文神举等","1","1","2"
"小冢宰宇文孝伯","1","1","2"
"上大将军安邑公","1","1","2"
"大将军安邑公王","1","1","2"
"将军安邑公王兴","1","1","2"
"文宣皇后叱奴氏","1","1","2"
"宣皇后叱奴氏生","1","1","2"
"吴明彻等战沌口","2","0","2"
"汾州稽胡帅刘受","2","0","2"
"淮等十四州十防","1","1","2"
"等十四州十防诸","1","1","2"
"十四州十防诸军","1","1","2"
"四州十防诸军事","1","1","2"
"总管利始等五州","1","1","2"
"人破六汗拔陵反","1","1","2"
"募勇敢少年十余","1","1","2"
"肆州刺史尉庆宾","1","1","2"
"南雍七州诸军事","1","1","2"
"加授南道大行台","1","1","2"
"授南道大行台尚","1","1","2"
"南道大行台尚书","1","1","2"
"道大行台尚书左","1","1","2"
"大行台尚书左仆","1","1","2"
"行台尚书左仆射","1","1","2"
"南雍州刺史长孙","1","1","2"
"雍州刺史长孙亮","1","1","2"
"南荆州刺史李魔","1","1","2"
"加授中军大都督","1","1","2"
"督二雍二岐诸军","1","1","2"
"二雍二岐诸军事","1","1","2"
"大行台尉迟菩萨","1","1","2"
"行台万俟道洛率","1","1","2"
"略阳贼帅王庆云","1","1","2"
"夏州人宿勤明达","1","1","2"
"都督泾北豳二夏","1","1","2"
"督泾北豳二夏四","1","1","2"
"泾北豳二夏四州","1","1","2"
"北豳二夏四州诸","1","1","2"
"豳二夏四州诸军","1","1","2"
"二夏四州诸军事","1","1","2"
"都督二岐东秦三","1","1","2"
"督二岐东秦三州","1","1","2"
"二岐东秦三州诸","1","1","2"
"岐东秦三州诸军","1","1","2"
"东秦三州诸军事","1","1","2"
"增邑通前三千户","2","0","2"
"泾二十州诸军事","1","1","2"
"都督陇右诸军事","1","1","2"
"中兵参军豆卢光","1","1","2"
"中军北面大都督","1","1","2"
"都督河凉瓜鄯渭","1","1","2"
"督河凉瓜鄯渭洮","1","1","2"
"河凉瓜鄯渭洮沙","1","1","2"
"凉瓜鄯渭洮沙七","1","1","2"
"瓜鄯渭洮沙七州","1","1","2"
"鄯渭洮沙七州诸","1","1","2"
"渭洮沙七州诸军","1","1","2"
"洮沙七州诸军事","1","1","2"
"临邑县开国公寇","1","1","2"
"邑县开国公寇洛","1","1","2"
"侯景率河南六州","1","1","2"
"前后部羽葆鼓吹","1","1","2"
"总管梁洋等十州","1","1","2"
"管梁洋等十州诸","1","1","2"
"梁洋等十州诸军","1","1","2"
"洋等十州诸军事","1","1","2"
"上大将军蒲山郡","1","1","2"
"大将军蒲山郡公","1","1","2"
"恒朔等五州刺史","1","1","2"
"大行台仆射元纂","1","1","2"
"行台仆射元纂率","1","1","2"
"行台广阳王元深","1","1","2"
"行台尚书辛纂率","1","1","2"
"台尚书辛纂率兵","1","1","2"
"朱天光破万俟丑","2","0","2"
"天光破万俟丑奴","2","0","2"
"夏阳人王游浪聚","1","1","2"
"魏陕州刺史李徽","1","1","2"
"稽胡帅夏州刺史","1","1","2"
"胡帅夏州刺史刘","1","1","2"
"夏州刺史刘平叛","1","1","2"
"金石丝竹乐一部","1","1","2"
"雍恒等二十州诸","1","1","2"
"恒等二十州诸军","1","1","2"
"除通直散骑常侍","2","0","2"
"荆州防城大都督","1","1","2"
"都督三荆州诸军","1","1","2"
"督三荆州诸军事","1","1","2"
"弘农郡守田八能","1","1","2"
"陇右十州大都督","1","1","2"
"破贼帅侯伏侯元","1","1","2"
"贼帅侯伏侯元进","1","1","2"
"原州刺史史归犹","2","0","2"
"魏广阳王深征葛","2","0","2"
"广阳王深征葛荣","2","0","2"
"赵贵等同谋翊戴","2","0","2"
"贵等同谋翊戴太","2","0","2"
"等同谋翊戴太祖","2","0","2"
"高仲密举北豫州","1","1","2"
"时原州刺史史归","1","1","2"
"家员外散骑常侍","2","0","2"
"邑通前二千七百","2","0","2"
"通前二千七百户","2","0","2"
"左仆射周惠达召","1","1","2"
"解褐员外散骑侍","2","0","2"
"宿勤明达等扰乱","1","1","2"
"大丞相府中兵参","1","1","2"
"丞相府中兵参军","1","1","2"
"梁武陵王萧纪遣","2","0","2"
"武陵王萧纪遣将","2","0","2"
"陵王萧纪遣将杨","2","0","2"
"王萧纪遣将杨干","2","0","2"
"萧纪遣将杨干运","2","0","2"
"三州二镇诸军事","1","1","2"
"封武阳郡三千户","1","1","2"
"渭州民郑五丑扇","2","0","2"
"时隆州人开府李","1","1","2"
"隆州人开府李光","1","1","2"
"州人开府李光赐","1","1","2"
"岳阳王萧察称藩","2","0","2"
"阳王萧察称藩附","2","0","2"
"同朔等十三州诸","1","1","2"
"朔等十三州诸军","1","1","2"
"泾州总管诸军事","1","1","2"
"破六汗拔陵攻陷","1","1","2"
"燕朔显蔚四州诸","1","1","2"
"朔显蔚四州诸军","1","1","2"
"昌乐大长公主留","1","1","2"
"俄迁骠骑大将军","2","0","2"
"七州十三防诸军","1","1","2"
"州十三防诸军事","1","1","2"
"叱列伏龟字摩头","1","1","2"
"寻进位车骑大将","2","0","2"
"增邑通前一千四","2","0","2"
"邑通前一千四百","2","0","2"
"通前一千四百户","2","0","2"
"广蒙七州诸军事","1","1","2"
"大丞相帐内都督","1","1","2"
"梁元帝时镇江陵","2","0","2"
"梁州刺史杨干运","2","0","2"
"益潼等十八州诸","1","1","2"
"潼等十八州诸军","1","1","2"
"等十八州诸军事","1","1","2"
"大长公主年高多","1","1","2"
"长公主年高多病","1","1","2"
"总管府长史晋昶","1","1","2"
"管府长史晋昶等","1","1","2"
"累迁骠骑大将军","2","0","2"
"皇太子讨吐谷浑","2","0","2"
"令司录贺若昂奉","1","1","2"
"司录贺若昂奉表","1","1","2"
"总管长史乙弗虔","1","1","2"
"州刺史蔡泽等四","1","1","2"
"刺史蔡泽等四十","1","1","2"
"史蔡泽等四十余","1","1","2"
"蔡泽等四十余人","1","1","2"
"都督安随九州八","1","1","2"
"督安随九州八镇","1","1","2"
"增邑通前九百户","2","0","2"
"大行台吏部尚书","1","1","2"
"都督泾州诸军事","1","1","2"
"梁宜丰侯萧循固","2","0","2"
"大丞相府谘议参","1","1","2"
"丞相府谘议参军","1","1","2"
"雍华二州诸军事","1","1","2"
"豫州刺史裴叔业","1","1","2"
"宇文泰忠诚奋发","1","1","2"
"三十六曹十二部","2","0","2"
"遣大将军达奚武","1","1","2"
"大将军达奚武经","2","0","2"
"将军达奚武经略","2","0","2"
"军达奚武经略汉","2","0","2"
"时梁宜丰侯萧循","2","0","2"
"授上开府仪同大","1","1","2"
"大行台度支尚书","1","1","2"
"仪同府中郎掾属","1","1","2"
"柱国大将军府列","1","1","2"
"国大将军府列曹","1","1","2"
"大将军府列曹参","1","1","2"
"将军府列曹参军","1","1","2"
"四平前后左右将","1","1","2"
"平前后左右将军","1","1","2"
"前后左右将军府","1","1","2"
"八命州列曹参军","2","0","2"
"封郡县五等爵者","1","1","2"
"泾原东秦三州刺","1","1","2"
"原东秦三州刺史","1","1","2"
"贼党万俟阿宝战","1","1","2"
"党万俟阿宝战败","1","1","2"
"万俟阿宝战败逃","1","1","2"
"令都督长孙邪利","1","1","2"
"贼帅达符显围逼","1","1","2"
"帅达符显围逼州","1","1","2"
"达符显围逼州城","1","1","2"
"率敢死士三百人","2","0","2"
"大都督王德犹豫","1","1","2"
"获驼马牛羊二万","1","1","2"
"驼马牛羊二万头","1","1","2"
"令中侍上士尉迟","1","1","2"
"中侍上士尉迟恺","1","1","2"
"三州七防诸军事","1","1","2"
"勒贼胡琮侵逼原","1","1","2"
"贼胡琮侵逼原州","1","1","2"
"弘农等二十一防","1","1","2"
"农等二十一防诸","1","1","2"
"等二十一防诸军","1","1","2"
"二十一防诸军事","1","1","2"
"加陕熊等十五州","1","1","2"
"陕熊等十五州诸","1","1","2"
"熊等十五州诸军","1","1","2"
"东南道行台仆射","1","1","2"
"梁元帝嗣位江陵","2","0","2"
"仪同赵超等七百","1","1","2"
"同赵超等七百人","1","1","2"
"累迁司徒右长史","2","0","2"
"黄门侍郎裴正上","1","1","2"
"门侍郎裴正上书","1","1","2"
"典祀中大夫宇文","1","1","2"
"祀中大夫宇文容","1","1","2"
"内史宇文孝伯等","1","1","2"
"大将军达奚武攻","1","1","2"
"梁宜丰侯萧循拒","1","1","2"
"宜丰侯萧循拒守","1","1","2"
"开府贺兰愿德等","1","1","2"
"三州五防诸军事","1","1","2"
"侯莫陈悦害贺拔","2","0","2"
"莫陈悦害贺拔岳","2","0","2"
"诸将遣使迎太祖","2","0","2"
"夏州首望弥姐元","1","1","2"
"州首望弥姐元进","1","1","2"
"首望弥姐元进等","1","1","2"
"将军豆卢宁讨平","1","1","2"
"帝信任司会李植","1","1","2"
"信任司会李植等","1","1","2"
"时破六汗拔陵作","1","1","2"
"河州四面大都督","1","1","2"
"凉甘等五州刺史","1","1","2"
"诸将议翊戴太祖","2","0","2"
"梁信州刺史萧韶","1","1","2"
"信州刺史萧韶等","1","1","2"
"令副总管高琳拒","1","1","2"
"副总管高琳拒守","1","1","2"
"贺拔岳讨平万俟","1","1","2"
"拔岳讨平万俟丑","1","1","2"
"岳讨平万俟丑奴","1","1","2"
"延丹宁五州诸军","1","1","2"
"丹宁五州诸军事","1","1","2"
"历通直散骑常侍","2","0","2"
"恒云蔚三州刺史","1","1","2"
"贺拔胜荆州刺史","2","0","2"
"时贼帅莫折后炽","1","1","2"
"洛安郡守冯善道","1","1","2"
"刺史宇文仲州作","2","0","2"
"浑娑周国王率众","1","1","2"
"司徒府中兵参军","1","1","2"
"涪陵郡守蔺休祖","1","1","2"
"隋文相府内兵参","1","1","2"
"文相府内兵参军","1","1","2"
"燕朔恒三州刺史","1","1","2"
"梁西江州刺史王","1","1","2"
"西江州刺史王开","1","1","2"
"江州刺史王开业","1","1","2"
"州刺史王开业共","1","1","2"
"南引蛮帅向白彪","1","1","2"
"荆州蛮帅文子荣","1","1","2"
"侯安都等围逼湘","1","1","2"
"安都等围逼湘州","1","1","2"
"魏行台萧宝夤见","1","1","2"
"司州牧元季海等","1","1","2"
"随州城民吴士英","1","1","2"
"州城民吴士英等","1","1","2"
"城民吴士英等杀","1","1","2"
"安肆郢新应六州","1","1","2"
"肆郢新应六州诸","1","1","2"
"郢新应六州诸军","1","1","2"
"新应六州诸军事","1","1","2"
"寻进骠骑大将军","2","0","2"
"江北司二州诸军","1","1","2"
"北司二州诸军事","1","1","2"
"硖平四州五防诸","1","1","2"
"平四州五防诸军","1","1","2"
"齐豫州刺史王士","1","1","2"
"永州刺史萧世怡","1","1","2"
"南荆州刺史郭贤","1","1","2"
"安应等十二州诸","1","1","2"
"应等十二州诸军","1","1","2"
"宁蔚朔三州刺史","1","1","2"
"太祖尝谓诸将曰","2","0","2"
"耿令贵三人力战","1","1","2"
"延绥丹三州武安","1","1","2"
"绥丹三州武安伏","1","1","2"
"丹三州武安伏夷","1","1","2"
"三州武安伏夷安","1","1","2"
"州武安伏夷安民","1","1","2"
"武安伏夷安民三","1","1","2"
"安伏夷安民三防","1","1","2"
"伏夷安民三防诸","1","1","2"
"夷安民三防诸军","1","1","2"
"安民三防诸军事","1","1","2"
"奴干作仪同面见","1","1","2"
"伍城郡人赵雄杰","1","1","2"
"梓潼郡人王令公","1","1","2"
"刺史叱罗协率兵","1","1","2"
"赠成文等八州刺","1","1","2"
"成文等八州刺史","1","1","2"
"东魏将窦泰入寇","2","0","2"
"姚襄筑伏龙等五","1","1","2"
"襄筑伏龙等五城","1","1","2"
"皇太子西征吐谷","1","1","2"
"太子西征吐谷浑","1","1","2"
"伏侯城二百余里","1","1","2"
"浑洮王率七百余","1","1","2"
"洮王率七百余骑","1","1","2"
"平扬光三州诸军","1","1","2"
"扬光三州诸军事","1","1","2"
"随东南道行台樊","1","1","2"
"东南道行台樊子","1","1","2"
"南道行台樊子鹄","1","1","2"
"道行台樊子鹄追","1","1","2"
"武卫将军高金龙","1","1","2"
"平凉公元亨同心","1","1","2"
"凉公元亨同心固","1","1","2"
"公元亨同心固守","1","1","2"
"魏文帝千牛备身","1","1","2"
"增邑通前五千户","2","0","2"
"太祖第五女襄阳","1","1","2"
"祖第五女襄阳公","1","1","2"
"第五女襄阳公主","1","1","2"
"等六州五防诸军","1","1","2"
"六州五防诸军事","1","1","2"
"等七州十六防诸","1","1","2"
"七州十六防诸军","1","1","2"
"州十六防诸军事","1","1","2"
"河南九州三十镇","1","1","2"
"洛怀等九州诸军","1","1","2"
"怀等九州诸军事","1","1","2"
"粟麦一千五百石","1","1","2"
"加蒲晋怀绛邵汾","1","1","2"
"蒲晋怀绛邵汾六","1","1","2"
"晋怀绛邵汾六州","1","1","2"
"怀绛邵汾六州诸","1","1","2"
"绛邵汾六州诸军","1","1","2"
"邵汾六州诸军事","1","1","2"
"同破邺城第一勋","1","1","2"
"随冯翊公长孙承","1","1","2"
"冯翊公长孙承业","1","1","2"
"翊公长孙承业西","1","1","2"
"公长孙承业西征","1","1","2"
"荆州刺史源子恭","1","1","2"
"州刺史源子恭镇","1","1","2"
"节度宜阳兵马事","1","1","2"
"阳州刺史牛道恒","1","1","2"
"仓曹参军祖孝征","1","1","2"
"令殿中尚书长孙","1","1","2"
"殿中尚书长孙绍","1","1","2"
"中尚书长孙绍远","1","1","2"
"令司门下大夫尹","1","1","2"
"司门下大夫尹公","1","1","2"
"门下大夫尹公正","1","1","2"
"兖等十一州十五","1","1","2"
"等十一州十五镇","1","1","2"
"十一州十五镇诸","1","1","2"
"一州十五镇诸军","1","1","2"
"署仪同薛公礼等","1","1","2"
"怀县永桥城东南","1","1","2"
"遣侍中斛斯文略","1","1","2"
"魏孝武齐神武隙","2","0","2"
"所作诗颂碑铭檄","1","1","2"
"作诗颂碑铭檄表","1","1","2"
"诗颂碑铭檄表启","1","1","2"
"相府记室参军事","1","1","2"
"荆州总管府长史","1","1","2"
"魏文帝郁久闾后","1","1","2"
"荆州刺史冯景昭","1","1","2"
"大丞相府帐内都","1","1","2"
"丞相府帐内都督","1","1","2"
"魏广州刺史李仲","1","1","2"
"清水氐酋李鼠仁","2","0","2"
"东秦州刺史魏光","1","1","2"
"收首逆者二十余","2","0","2"
"首逆者二十余人","2","0","2"
"逆者二十余人斩","2","0","2"
"大都督韦孝宽拒","1","1","2"
"遣尚书长孙绍远","1","1","2"
"许国公宇文贵镇","1","1","2"
"城阳王元徽逃难","1","1","2"
"阳王元徽逃难投","1","1","2"
"遣太保侯景攻陷","1","1","2"
"太保侯景攻陷正","1","1","2"
"保侯景攻陷正平","1","1","2"
"时东魏正平东雍","2","0","2"
"东魏正平东雍州","2","0","2"
"郡守郭武安脱身","1","1","2"
"建州邵郡河内汲","1","1","2"
"州邵郡河内汲郡","1","1","2"
"邵郡河内汲郡黎","1","1","2"
"郡河内汲郡黎阳","1","1","2"
"河内汲郡黎阳等","1","1","2"
"内汲郡黎阳等诸","1","1","2"
"汲郡黎阳等诸军","1","1","2"
"郡黎阳等诸军事","1","1","2"
"赠淅洛义三州刺","1","1","2"
"淅洛义三州刺史","1","1","2"
"释褐员外散骑侍","2","0","2"
"时汾州刺史韦子","1","1","2"
"汾州刺史韦子粲","1","1","2"
"梁元帝素琴一张","1","1","2"
"赠丰资遂三州刺","1","1","2"
"丰资遂三州刺史","1","1","2"
"荆州总管长孙俭","1","1","2"
"淮广复三州诸军","1","1","2"
"广复三州诸军事","1","1","2"
"大丞相府右长史","1","1","2"
"谘议刘孟良等分","1","1","2"
"大将军达奚武率","1","1","2"
"徐兖等六州刺史","1","1","2"
"都督梁利等十二","1","1","2"
"督梁利等十二州","1","1","2"
"梁利等十二州白","1","1","2"
"利等十二州白马","1","1","2"
"等十二州白马傥","1","1","2"
"十二州白马傥城","1","1","2"
"二州白马傥城二","1","1","2"
"利州刺史崔谦请","1","1","2"
"开等十四州白马","1","1","2"
"等十四州白马傥","1","1","2"
"十四州白马傥城","1","1","2"
"四州白马傥城二","1","1","2"
"丞相府士曹参军","1","1","2"
"九世伯祖贞侯潜","1","1","2"
"增邑通前一千六","2","0","2"
"邑通前一千六百","2","0","2"
"通前一千六百户","2","0","2"
"大司空许国公宇","1","1","2"
"司空许国公宇文","1","1","2"
"空许国公宇文贵","1","1","2"
"小司空北海公申","1","1","2"
"司空北海公申徽","1","1","2"
"令大都督薛崇礼","1","1","2"
"南汾州刺史苏景","1","1","2"
"汾州刺史苏景恕","1","1","2"
"大丞相府户曹参","1","1","2"
"丞相府户曹参军","1","1","2"
"徐州总管府长史","1","1","2"
"都督二豫郢雍四","1","1","2"
"督二豫郢雍四州","1","1","2"
"二豫郢雍四州诸","1","1","2"
"豫郢雍四州诸军","1","1","2"
"东魏刺史鹿永吉","1","1","2"
"阳城陈留二郡守","1","1","2"
"信东徐南兖三州","1","1","2"
"东徐南兖三州刺","1","1","2"
"徐南兖三州刺史","1","1","2"
"青州人崔社客举","1","1","2"
"州人崔社客举兵","1","1","2"
"人崔社客举兵反","1","1","2"
"遣京畿大都督匹","1","1","2"
"京畿大都督匹娄","1","1","2"
"畿大都督匹娄昭","1","1","2"
"大都督匹娄昭讨","1","1","2"
"西中郎将慕容显","1","1","2"
"同华等五州刺史","1","1","2"
"纥豆陵步藩交战","1","1","2"
"伪行台纥豆陵伊","1","1","2"
"行台纥豆陵伊利","1","1","2"
"台纥豆陵伊利钦","1","1","2"
"殷州车骑府司马","1","1","2"
"行台左中兵郎中","1","1","2"
"士良大行台右丞","1","1","2"
"尚书令赵郡王高","1","1","2"
"寻加开府仪同三","2","0","2"
"追赠上开府仪同","1","1","2"
"赠上开府仪同三","1","1","2"
"魏吏部尚书陇西","1","1","2"
"吏部尚书陇西李","1","1","2"
"部尚书陇西李神","1","1","2"
"乡郡王元洪威攻","1","1","2"
"疑荆州总管独孤","1","1","2"
"荆州总管独孤永","1","1","2"
"州总管独孤永业","1","1","2"
"波斯使主张道义","1","1","2"
"乡亲二千余人入","1","1","2"
"亲二千余人入朝","1","1","2"
"宜豳盐四州诸军","1","1","2"
"豳盐四州诸军事","1","1","2"
"三公等三十余城","1","1","2"
"魏都督贺娄乌兰","1","1","2"
"加绛晋建三州刺","1","1","2"
"绛晋建三州刺史","1","1","2"
"功授员外散骑侍","1","1","2"
"迁尚书左民郎中","1","1","2"
"司空府功曹参军","1","1","2"
"遣长史杜休道率","1","1","2"
"长史杜休道率兵","1","1","2"
"史杜休道率兵攻","1","1","2"
"杜休道率兵攻克","1","1","2"
"加冀定瀛三州诸","1","1","2"
"冀定瀛三州诸军","1","1","2"
"定瀛三州诸军事","1","1","2"
"齐南安城主冯显","1","1","2"
"显外兵参军邹绍","1","1","2"
"蒲州总管府长史","1","1","2"
"刺史王士良妻弟","1","1","2"
"史王士良妻弟董","1","1","2"
"王士良妻弟董远","1","1","2"
"士良妻弟董远秀","1","1","2"
"益州总管府中郎","1","1","2"
"孝宽柱国府司马","1","1","2"
"治襄州总管府司","1","1","2"
"襄州总管府司录","1","1","2"
"左中郎将京兆韦","1","1","2"
"中郎将京兆韦潜","1","1","2"
"郎将京兆韦潜度","1","1","2"
"二仙人共持一钵","1","1","2"
"小宗伯卢辩斟酌","1","1","2"
"宗伯卢辩斟酌古","1","1","2"
"时前中书监卢柔","1","1","2"
"丞相府东合祭酒","2","0","2"
"东南道行台右丞","1","1","2"
"幽州都督府长史","1","1","2"
"麟趾殿刊正经籍","1","1","2"
"丞相府田曹参军","1","1","2"
"凤州人仇周贡等","1","1","2"
"加开府仪同大将","1","1","2"
"秦渭等六州诸军","1","1","2"
"渭等六州诸军事","1","1","2"
"文等七州诸军事","1","1","2"
"七州十五镇诸军","1","1","2"
"高祖将诛晋公护","2","0","2"
"黄门侍郎卢思道","1","1","2"
"宇文孝伯字胡三","1","1","2"
"时京兆郡丞乐运","1","1","2"
"夏州总管府仓曹","1","1","2"
"州总管府仓曹参","1","1","2"
"总管府仓曹参军","1","1","2"
"柱国府记室参军","1","1","2"
"国子祭酒萧子云","1","1","2"
"都督城西诸军事","1","1","2"
"义十八州诸军事","1","1","2"
"麟趾殿校定经史","1","1","2"
"李漆等三百余人","1","1","2"
"漆等三百余人上","1","1","2"
"等三百余人上表","1","1","2"
"后改封蔡阳郡公","1","1","2"
"益新始信四州诸","1","1","2"
"新始信四州诸军","1","1","2"
"始信四州诸军事","1","1","2"
"中卫长史乐子云","1","1","2"
"湘州刺史王琳率","1","1","2"
"晋熙王萧大圜等","1","1","2"
"大圜车骑大将军","1","1","2"
"信武府记室参军","1","1","2"
"陈平度河归汉图","1","1","2"
"行台慕容绍宗等","1","1","2"
"节度河南诸军事","1","1","2"
"弘农郡守韦孝宽","1","1","2"
"东魏陕州刺史刘","1","1","2"
"魏陕州刺史刘贵","1","1","2"
"东魏洛州刺史韩","1","1","2"
"魏洛州刺史韩贤","1","1","2"
"军司慕容绍宗率","1","1","2"
"司慕容绍宗率兵","1","1","2"
"东魏洛州刺史元","1","1","2"
"魏洛州刺史元湛","1","1","2"
"东魏东雍州刺史","1","1","2"
"魏东雍州刺史郭","1","1","2"
"东雍州刺史郭叔","1","1","2"
"雍州刺史郭叔略","1","1","2"
"辟恶山招集勇敢","1","1","2"
"恶山招集勇敢少","1","1","2"
"山招集勇敢少年","1","1","2"
"招集勇敢少年数","1","1","2"
"集勇敢少年数十","1","1","2"
"勇敢少年数十人","1","1","2"
"东魏扬州刺史段","1","1","2"
"魏扬州刺史段琛","1","1","2"
"金门郡守方台洛","1","1","2"
"金门郡守乐敬宾","1","1","2"
"刺史独孤永业号","1","1","2"
"东魏司徒高敖曹","1","1","2"
"陕州总管尉迟纲","1","1","2"
"击东魏洛州刺史","1","1","2"
"上洛人都督泉岳","1","1","2"
"累迁员外散骑侍","2","0","2"
"大将军王雄南征","1","1","2"
"将军王雄南征上","1","1","2"
"军王雄南征上津","1","1","2"
"结安康酋帅黄众","1","1","2"
"东梁州刺史刘孟","1","1","2"
"梁州刺史刘孟良","1","1","2"
"都督金兴等六州","1","1","2"
"督金兴等六州诸","1","1","2"
"金兴等六州诸军","1","1","2"
"兴等六州诸军事","1","1","2"
"巴州刺史牟安民","1","1","2"
"魏恭帝三年正月","1","1","2"
"获刺史冉助国等","1","1","2"
"蛮酋向五子王等","1","1","2"
"潼南梁二州刺史","1","1","2"
"干运令使人李若","1","1","2"
"运令使人李若等","1","1","2"
"令使人李若等入","1","1","2"
"使人李若等入关","1","1","2"
"尉迟迥令开府侯","1","1","2"
"迟迥令开府侯吕","1","1","2"
"迥令开府侯吕陵","1","1","2"
"令开府侯吕陵始","1","1","2"
"襄唐丰郢复五州","1","1","2"
"唐丰郢复五州刺","1","1","2"
"丰郢复五州刺史","1","1","2"
"豫州都督府长史","1","1","2"
"朝廷遣大将军李","1","1","2"
"廷遣大将军李远","1","1","2"
"遣大将军李远率","1","1","2"
"大将军李远率军","1","1","2"
"将军李远率军赴","1","1","2"
"军李远率军赴援","1","1","2"
"授小匠师下大夫","1","1","2"
"大司马贺兰祥讨","2","0","2"
"司马贺兰祥讨吐","2","0","2"
"马贺兰祥讨吐谷","2","0","2"
"陕州总管府长史","1","1","2"
"遣宣纳上士柳裘","1","1","2"
"遣小司门上士杨","1","1","2"
"小司门上士杨汪","1","1","2"
"司门上士杨汪送","1","1","2"
"将韩轨长史张曜","1","1","2"
"大乘佛寺参议五","1","1","2"
"乘佛寺参议五礼","1","1","2"
"安西府长流参军","1","1","2"
"河东郡丞辛粲相","1","1","2"
"东郡丞辛粲相继","1","1","2"
"卫军府功曹参军","1","1","2"
"邑人王元达等七","1","1","2"
"人王元达等七十","1","1","2"
"王元达等七十余","1","1","2"
"元达等七十余人","1","1","2"
"县博士杨轨等二","1","1","2"
"博士杨轨等二百","1","1","2"
"丞相府城局参军","1","1","2"
"梁武帝召入禁中","1","1","2"
"湘东王府记室参","1","1","2"
"东王府记室参军","1","1","2"
"金州刺史伊娄穆","1","1","2"
"永世公叱伏列椿","1","1","2"
"吏部尚书清河崔","1","1","2"
"部尚书清河崔玄","1","1","2"
"尚书清河崔玄伯","1","1","2"
"授银青光禄大夫","1","1","2"
"时大司马贺兰祥","1","1","2"
"庄公三十一年冬","1","1","2"
"僖公二十一年夏","1","1","2"
"竟陵王录事参军","1","1","2"
"公侯伏侯龙恩早","1","1","2"
"大哭释迦牟尼佛","1","1","2"
"姚僧垣诊候精审","1","1","2"
"江陵游军主朱荣","1","1","2"
"令中兵参军尹正","1","1","2"
"追赠叔父邵陵王","1","1","2"
"巴州刺史戴僧朔","1","1","2"
"荆州总管权景宣","1","1","2"
"令大将军许世武","1","1","2"
"西渡辽水二千里","1","1","2"
"驼驴骡羊鹅鸭等","1","1","2"
"蔡阳蛮王鲁超明","1","1","2"
"淮北三州诸军事","1","1","2"
"遣开府王亮率众","1","1","2"
"开府王亮率众渡","1","1","2"
"府王亮率众渡江","1","1","2"
"总管长史赵文表","1","1","2"
"仪同侯莫陈顺等","1","1","2"
"凉州刺史史宁等","1","1","2"
"风俗物产宕昌略","2","0","2"
"俗物产宕昌略同","2","0","2"
"大都督侯莫陈顺","1","1","2"
"渭州刺史长孙澄","1","1","2"
"督成武沙三州诸","1","1","2"
"成武沙三州诸军","1","1","2"
"武沙三州诸军事","1","1","2"
"大将军豆卢宁等","1","1","2"
"延州稽胡郝阿保","1","1","2"
"延州总管宇文盛","1","1","2"
"州总管宇文盛率","1","1","2"
"总管宇文盛率众","1","1","2"
"魏废帝元年正月","1","1","2"
"俟斤袭击吐谷浑","1","1","2"
"长安四千九百里","1","1","2"
"长安五千八百里","1","1","2"
"贰师将军李广利","1","1","2"
"长安七千七百里","1","1","2"
"安息等大小二十","1","1","2"
"长安一万五千三","1","1","2"
"安一万五千三百","1","1","2"
"一万五千三百里","1","1","2"
"像你所说的那样","0","2","2"
"我就没有忧虑了","0","2","2"
"怎么能碌碌无为","0","2","2"
"受不住刑讯的痛","0","2","2"
"最公正无私的道","0","2","2"
"公正无私的道理","0","2","2"
"治理百姓的根本","0","2","2"
"如果在门第资格","0","2","2"
"果在门第资格高","0","2","2"
"在门第资格高贵","0","2","2"
"门第资格高贵的","0","2","2"
"第资格高贵的人","0","2","2"
"德才兼备的人才","0","2","2"
"作为做人的根本","0","2","2"
"观察一个人的道","0","2","2"
"当今的地方长官","0","2","2"
"广泛阅读经史典","0","2","2"
"泛阅读经史典籍","0","2","2"
"梁元帝在江陵继","0","2","2"
"认为他与众不同","0","2","2"
"派使者前来聘问","0","2","2"
"任命周惠达为府","0","2","2"
"独孤信平定凉州","0","2","2"
"增加食邑累计一","0","2","2"
"加食邑累计一千","0","2","2"
"高仲密以北豫州","0","2","2"
"仲密以北豫州来","0","2","2"
"密以北豫州来归","0","2","2"
"以北豫州来归附","0","2","2"
"刺史宇文仲和据","0","2","2"
"史宇文仲和据州","0","2","2"
"侯莫陈崇为大司","0","2","2"
"国公侯莫陈崇为","0","2","2"
"公侯莫陈崇为大","0","2","2"
"高阳公达奚武为","0","2","2"
"吴国公尉迟纲为","0","2","2"
"秋季七月己巳曰","0","2","2"
"郑国公达奚武为","0","2","2"
"国公达奚武为太","0","2","2"
"绥德公陆通为大","0","2","2"
"德公陆通为大司","0","2","2"
"齐国公宇文宪为","0","2","2"
"国公宇文宪为大","0","2","2"
"宇文宪为大司马","0","2","2"
"柱国袍罕公辛威","0","2","2"
"国袍罕公辛威为","0","2","2"
"开始设置上柱国","0","2","2"
"为开府仪同大将","0","2","2"
"封齐王宇文宪的","0","2","2"
"齐王宇文宪的儿","0","2","2"
"王宇文宪的儿子","0","2","2"
"公宇文质为河间","0","2","2"
"宇文质为河间王","0","2","2"
"柱国杞国公宇文","0","2","2"
"郧国公韦孝宽为","0","2","2"
"年春季正月癸酉","0","2","2"
"为天元圣皇太后","0","2","2"
"被迫赠为使持节","0","2","2"
"他被追赠为使持","0","2","2"
"孝庄帝出居河内","0","2","2"
"开府仪同三司等","0","2","2"
"府仪同三司等衔","0","2","2"
"跟随太宰元天穆","0","2","2"
"历任开府仪同三","0","2","2"
"朝廷追赠他为使","0","2","2"
"廷追赠他为使持","0","2","2"
"官至上仪同大将","0","2","2"
"七品州列曹参军","0","2","2"
"又加授骠骑大将","0","2","2"
"任他为车骑大将","0","2","2"
"升通直散骑常侍","0","2","2"
"加授柱国大将军","0","2","2"
"食邑一千四百户","0","2","2"
"不久任车骑大将","0","2","2"
"久任车骑大将军","0","2","2"
"食邑一千二百户","0","2","2"
"于谨讨伐刘平伏","0","2","2"
"屡经升迁为都督","0","2","2"
"增加食邑一千五","0","2","2"
"加食邑一千五百","0","2","2"
"将作大匠郑浑的","0","2","2"
"转任民部中大夫","0","2","2"
"增封食邑一千户","0","2","2"
"不久加骠骑大将","0","2","2"
"久加骠骑大将军","0","2","2"
"随从魏孝武帝入","0","2","2"
"从魏孝武帝入关","0","2","2"
"任益州总管府长","0","2","2"
"转任陇右总管府","0","2","2"
"独孤信镇守洛阳","0","2","2"
"转任司武上大夫","0","2","2"
"食邑一千三百户","0","2","2"
"官至开府仪同大","0","2","2"
"又随从太祖战于","0","2","2"
"从太祖战于河桥","0","2","2"
"随从大将军宇文","0","2","2"
"迁任遂伯中大夫","0","2","2"
"迁任给事黄门侍","0","2","2"
"梁元帝平定侯景","0","2","2"
"俟斤又遣使来贡","0","2","2"
"斤又遣使来贡献","0","2","2"
"在鲜于修礼军中","0","2","2"
"以统军的身份跟","0","2","2"
"身份跟随尔朱荣","0","2","2"
"以别将的身份跟","0","2","2"
"将的身份跟随贺","0","2","2"
"孝庄帝派尔朱天","0","2","2"
"庄帝派尔朱天光","0","2","2"
"事情没有不成功","0","2","2"
"情没有不成功的","0","2","2"
"有灵州刺史曹泥","0","2","2"
"贺拔岳的尸体回","0","2","2"
"太祖对将领们说","0","2","2"
"在讨伐侯莫陈悦","0","2","2"
"为侯莫陈悦效力","0","2","2"
"侯莫陈崇代理原","0","2","2"
"莫陈崇代理原州","0","2","2"
"讨伐侯莫陈悦的","0","2","2"
"追上了侯莫陈悦","0","2","2"
"齐神武听说太祖","0","2","2"
"派使者到太祖那","0","2","2"
"使者到太祖那裹","0","2","2"
"齐神武渡过黄河","0","2","2"
"东魏派将领侯景","0","2","2"
"的坐骑被乱箭射","0","2","2"
"魏太子出居渭水","0","2","2"
"太祖派开府李弼","0","2","2"
"州刺史高仲密以","0","2","2"
"阳举行大规模阅","0","2","2"
"在白水举行大规","0","2","2"
"白水举行大规模","0","2","2"
"水举行大规模阅","0","2","2"
"将领侯景侵犯襄","0","2","2"
"领侯景侵犯襄州","0","2","2"
"南六州前来归附","0","2","2"
"太祖奉护魏帝西","0","2","2"
"把王思政包围在","0","2","2"
"王思政包围在颍","0","2","2"
"思政包围在颍川","0","2","2"
"侯景攻克建业后","0","2","2"
"杨忠活捉柳仲礼","0","2","2"
"为都督中外诸军","0","2","2"
"率领精锐骑兵先","0","2","2"
"派大将军豆卢宁","0","2","2"
"祖在云阳宫驾崩","0","2","2"
"孝闵帝接受禅让","0","2","2"
"在邵郡设置邵州","0","2","2"
"刺史司马消难率","0","2","2"
"史司马消难率全","0","2","2"
"司马消难率全州","0","2","2"
"五年徒刑以下的","0","2","2"
"派使者进献当地","0","2","2"
"使者进献当地土","0","2","2"
"者进献当地土产","0","2","2"
"元年春季正月己","0","2","2"
"年春季正月己酉","0","2","2"
"章武孝公宇文导","0","2","2"
"公宇文导的儿子","0","2","2"
"宇文导的儿子宇","0","2","2"
"文导的儿子宇文","0","2","2"
"导的儿子宇文亮","0","2","2"
"公宇文直镇守蒲","0","2","2"
"宇文直镇守蒲州","0","2","2"
"作为百姓的父母","0","2","2"
"大赦天下更改年","0","2","2"
"赦天下更改年号","0","2","2"
"安城公字文宪为","0","2","2"
"天水公宇文广为","0","2","2"
"二年春季正月癸","0","2","2"
"元年春季正月戊","0","2","2"
"昌一同派使者贡","0","2","2"
"武帝亲自耕种籍","0","2","2"
"宇文亮作为他的","0","2","2"
"文亮作为他的后","0","2","2"
"亮作为他的后嗣","0","2","2"
"宇文至作为他的","0","2","2"
"文至作为他的后","0","2","2"
"至作为他的后嗣","0","2","2"
"侵犯太微星垣上","0","2","2"
"犯太微星垣上将","0","2","2"
"太微星垣上将星","0","2","2"
"武帝下诏命柱国","0","2","2"
"火星侵犯左执法","0","2","2"
"星侵犯左执法星","0","2","2"
"三年春季正月辛","0","2","2"
"达奚武率领三万","0","2","2"
"奚武率领三万骑","0","2","2"
"武率领三万骑兵","0","2","2"
"突厥派使者前来","0","2","2"
"若干凤为徐国公","0","2","2"
"浑派使者前来贡","0","2","2"
"颁发的赏赐多少","0","2","2"
"发的赏赐多少不","0","2","2"
"的赏赐多少不等","0","2","2"
"以下的官员各自","0","2","2"
"举自己了解的人","0","2","2"
"武帝前往正武殿","0","2","2"
"谯国公宇文俭为","0","2","2"
"陈国将领淳于量","0","2","2"
"年春季正月辛丑","0","2","2"
"春季正月辛丑日","0","2","2"
"武帝前往醴泉宫","0","2","2"
"武帝从醴泉宫返","0","2","2"
"帝从醴泉宫返回","0","2","2"
"厥派使者进献马","0","2","2"
"派使者进献马匹","0","2","2"
"杀死了孔城防主","0","2","2"
"齐国公宇文宪率","0","2","2"
"命陈国公宇文纯","0","2","2"
"将领斛律明月侵","0","2","2"
"领斛律明月侵犯","0","2","2"
"在汾水北岸筑城","0","2","2"
"宇文亮为秦州总","0","2","2"
"文亮为秦州总管","0","2","2"
"阳公司马消难为","0","2","2"
"领六军在城南进","0","2","2"
"六军在城南进行","0","2","2"
"军在城南进行军","0","2","2"
"在城南进行军事","0","2","2"
"城南进行军事演","0","2","2"
"南进行军事演习","0","2","2"
"齐派使者前来通","0","2","2"
"赵国公宇文招为","0","2","2"
"国公宇文招为大","0","2","2"
"公宇文招为大司","0","2","2"
"莒庄公宇文洛生","0","2","2"
"各军都督以上的","0","2","2"
"军都督以上的官","0","2","2"
"武帝下诏答覆说","0","2","2"
"夏季四月乙卯曰","0","2","2"
"不合礼制的祭祀","0","2","2"
"文直在京师起兵","0","2","2"
"派小司寇淮南公","0","2","2"
"檄文就可以平定","0","2","2"
"陈王宇文纯为前","0","2","2"
"宇文纯为前一军","0","2","2"
"武帝亲自率领各","0","2","2"
"帝亲自率领各军","0","2","2"
"殿举行大规模祭","0","2","2"
"举行大规模祭祀","0","2","2"
"恭为左二军总管","0","2","2"
"率步骑兵一万据","0","2","2"
"步骑兵一万据守","0","2","2"
"率步骑兵五千据","0","2","2"
"步骑兵五千据守","0","2","2"
"留下他的堂兄安","0","2","2"
"下他的堂兄安德","0","2","2"
"他的堂兄安德王","0","2","2"
"的堂兄安德王高","0","2","2"
"堂兄安德王高延","0","2","2"
"兄安德王高延宗","0","2","2"
"安德王高延宗据","0","2","2"
"德王高延宗据守","0","2","2"
"王高延宗据守并","0","2","2"
"高延宗据守并州","0","2","2"
"王公以下的官员","0","2","2"
"军讨伐平定了他","0","2","2"
"国将领吴明彻侵","0","2","2"
"将领吴明彻侵犯","0","2","2"
"领吴明彻侵犯吕","0","2","2"
"吴明彻侵犯吕梁","0","2","2"
"柱国越王宇文盛","0","2","2"
"国将领吴明彻等","0","2","2"
"宇文神举等人率","0","2","2"
"人生长在天地之","0","2","2"
"生长在天地之间","0","2","2"
"约束自己勉励心","0","2","2"
"束自己勉励心志","0","2","2"
"太后为太皇太后","0","2","2"
"秦王宇文贽为大","0","2","2"
"因图谋执政被处","0","2","2"
"图谋执政被处死","0","2","2"
"天元皇帝臣宇文","0","2","2"
"元皇帝臣宇文赞","0","2","2"
"皇太后献上尊号","0","2","2"
"接受崇高的册封","0","2","2"
"以皇后父亲的身","0","2","2"
"皇后父亲的身份","0","2","2"
"儿子西阳公宇文","0","2","2"
"被追赠为大将军","0","2","2"
"以晋公宇文护的","0","2","2"
"晋公宇文护的儿","0","2","2"
"公宇文护的儿子","0","2","2"
"宇文护的儿子宇","0","2","2"
"文护的儿子宇文","0","2","2"
"不久又任宗师中","0","2","2"
"久又任宗师中大","0","2","2"
"又任宗师中大夫","0","2","2"
"平定江陵的功劳","0","2","2"
"拜任骠骑大将军","0","2","2"
"被封为永昌郡公","0","2","2"
"以原来的官职镇","0","2","2"
"原来的官职镇守","0","2","2"
"百姓对他既敬畏","0","2","2"
"因为晋公宇文护","0","2","2"
"跟随高祖平定邺","0","2","2"
"随高祖平定邺城","0","2","2"
"宇文宪攻陷武济","0","2","2"
"平时就听说他的","0","2","2"
"承袭了他的爵位","0","2","2"
"厚的礼节对待他","0","2","2"
"宇文宪亲自督战","0","2","2"
"时晋公宇文护执","0","2","2"
"任命宇文宪为大","0","2","2"
"将领斛律明月率","0","2","2"
"是高祖的同母弟","0","2","2"
"高祖的同母弟弟","0","2","2"
"自率领一千骑兵","0","2","2"
"高祖又命宇文宪","0","2","2"
"率全州前来归附","0","2","2"
"到宇文护被诛杀","0","2","2"
"北周大军向东讨","0","2","2"
"周大军向东讨伐","0","2","2"
"大军向东讨伐北","0","2","2"
"军向东讨伐北齐","0","2","2"
"和齐王宇文宪一","0","2","2"
"齐王宇文宪一起","0","2","2"
"王宇文宪一起征","0","2","2"
"宇文宪一起征讨","0","2","2"
"宜阳等九座城池","0","2","2"
"朝廷下诏命宇文","0","2","2"
"破六汗拔陵包围","0","2","2"
"率领一千名骑兵","0","2","2"
"向尔朱仲远投降","0","2","2"
"尔朱度律的军队","0","2","2"
"贺拔胜之弟贺拔","0","2","2"
"拔胜之弟贺拔岳","0","2","2"
"诏命贺拔胜领兵","0","2","2"
"命贺拔胜领兵赶","0","2","2"
"贺拔胜领兵赶赴","0","2","2"
"拔胜领兵赶赴洛","0","2","2"
"胜领兵赶赴洛阳","0","2","2"
"部下数百名骑兵","0","2","2"
"跟随太祖在小关","0","2","2"
"都督身份跟随太","0","2","2"
"又参与邙山之战","0","2","2"
"担任尔朱天光的","0","2","2"
"贺拔岳率轻装骑","0","2","2"
"拔岳率轻装骑兵","0","2","2"
"随即被任命为都","0","2","2"
"即被任命为都督","0","2","2"
"食邑增至三千户","0","2","2"
"活捉尔朱天光之","0","2","2"
"捉尔朱天光之弟","0","2","2"
"尔朱天光之弟尔","0","2","2"
"朱天光之弟尔朱","0","2","2"
"天光之弟尔朱显","0","2","2"
"光之弟尔朱显寿","0","2","2"
"尔朱天光西征时","0","2","2"
"广泛涉猎经书史","0","2","2"
"泛涉猎经书史籍","0","2","2"
"因此在那裹安家","0","2","2"
"他出任华州刺史","0","2","2"
"独孤信收复洛阳","0","2","2"
"贺拔岳讨伐万俟","0","2","2"
"拔岳讨伐万俟丑","0","2","2"
"岳讨伐万俟丑奴","0","2","2"
"被拜为秦州刺史","0","2","2"
"不久又升任骠骑","0","2","2"
"久又升任骠骑大","0","2","2"
"齐神武在河桥作","0","2","2"
"神武在河桥作战","0","2","2"
"六官制度建立时","0","2","2"
"将他配祭在太祖","0","2","2"
"出任员外散骑侍","0","2","2"
"随高祖平定齐国","0","2","2"
"将的身份跟随尔","0","2","2"
"任太祖帐内都督","0","2","2"
"拜为车骑大将军","0","2","2"
"是辅佐帝王的人","0","2","2"
"辅佐帝王的人才","0","2","2"
"尔朱天光打败万","0","2","2"
"朱天光打败万俟","0","2","2"
"天光打败万俟丑","0","2","2"
"光打败万俟丑奴","0","2","2"
"尔朱天光战败后","0","2","2"
"帝采纳了他的意","0","2","2"
"跟随太祖出征潼","0","2","2"
"随太祖出征潼关","0","2","2"
"晋爵为蓝田县公","0","2","2"
"兼任大行台尚书","0","2","2"
"齐神武的军队就","0","2","2"
"封他的一个儿子","0","2","2"
"因为前后的功劳","0","2","2"
"赐给他奴婢一百","0","2","2"
"给他奴婢一百人","0","2","2"
"任命赵贵为大都","0","2","2"
"命赵贵为大都督","0","2","2"
"莫陈悦被平定以","0","2","2"
"陈悦被平定以后","0","2","2"
"魏孝武帝已经西","0","2","2"
"就把家安在那里","0","2","2"
"住在太行山以东","0","2","2"
"梁武帝认为他很","0","2","2"
"从太祖收复弘农","0","2","2"
"太祖命令独孤信","0","2","2"
"齐神武追击的骑","0","2","2"
"神武追击的骑兵","0","2","2"
"刺史宇文仲和占","0","2","2"
"史宇文仲和占据","0","2","2"
"宇文仲和占据州","0","2","2"
"文仲和占据州城","0","2","2"
"追赠独孤信之父","0","2","2"
"赠独孤信之父库","0","2","2"
"独孤信之父库者","0","2","2"
"孤信之父库者为","0","2","2"
"独孤信之母费连","0","2","2"
"孤信之母费连氏","0","2","2"
"信之母费连氏为","0","2","2"
"被任命为龙州刺","0","2","2"
"任命为龙州刺史","0","2","2"
"侯莫陈悦杀害后","0","2","2"
"自大统十六年以","0","2","2"
"大统十六年以前","0","2","2"
"一起商议拥戴太","0","2","2"
"起商议拥戴太祖","0","2","2"
"太祖征讨侯莫陈","0","2","2"
"祖征讨侯莫陈悦","0","2","2"
"出任束雍州刺史","0","2","2"
"命梁睿为行军元","0","2","2"
"份跟随贺拔岳西","0","2","2"
"跟随贺拔岳西征","0","2","2"
"解除了岐州之围","0","2","2"
"跟随太祖平定侯","0","2","2"
"随太祖平定侯莫","0","2","2"
"魏孝武帝往西迁","0","2","2"
"晋爵为魏昌县伯","0","2","2"
"跟随太祖擒获窦","0","2","2"
"随太祖擒获窦泰","0","2","2"
"常常率先冲锋陷","0","2","2"
"常率先冲锋陷阵","0","2","2"
"食邑增至二千二","0","2","2"
"邑增至二千二百","0","2","2"
"增至二千二百户","0","2","2"
"跟随贺拔岳征讨","0","2","2"
"随贺拔岳征讨万","0","2","2"
"贺拔岳征讨万俟","0","2","2"
"拔岳征讨万俟丑","0","2","2"
"岳征讨万俟丑奴","0","2","2"
"又跟随太祖收复","0","2","2"
"率步兵骑兵一万","0","2","2"
"步兵骑兵一万多","0","2","2"
"兵骑兵一万多人","0","2","2"
"因哀伤过度而消","0","2","2"
"哀伤过度而消瘦","0","2","2"
"年少时善于骑马","0","2","2"
"少时善于骑马射","0","2","2"
"时善于骑马射箭","0","2","2"
"到魏孝武帝西迁","0","2","2"
"常跟随太祖征讨","0","2","2"
"食邑增至二千七","0","2","2"
"邑增至二千七百","0","2","2"
"增至二千七百户","0","2","2"
"任命他为河州刺","0","2","2"
"命他为河州刺史","0","2","2"
"被授任直合将军","0","2","2"
"率领军队讨伐他","0","2","2"
"领军队讨伐他们","0","2","2"
"率领步兵骑兵十","0","2","2"
"于是率领步兵骑","0","2","2"
"是率领步兵骑兵","0","2","2"
"出任北雍州刺史","0","2","2"
"达奚武率领军队","0","2","2"
"命令达奚武率领","0","2","2"
"坚决推辞不肯接","0","2","2"
"决推辞不肯接受","0","2","2"
"跟从晋公宇文护","0","2","2"
"从晋公宇文护束","0","2","2"
"廷追赠他为太傅","0","2","2"
"在渭水北岸打猎","0","2","2"
"率领步兵骑兵一","0","2","2"
"领步兵骑兵一万","0","2","2"
"步兵骑兵一万人","0","2","2"
"的弟弟侯莫陈崇","0","2","2"
"侯莫陈顺为大都","0","2","2"
"莫陈顺为大都督","0","2","2"
"加任骠骑大将军","0","2","2"
"跟随尔朱天光入","0","2","2"
"随尔朱天光入关","0","2","2"
"不久升任车骑大","0","2","2"
"久升任车骑大将","0","2","2"
"增加封地四百户","0","2","2"
"收取那裹的租税","0","2","2"
"次升迁任开府仪","0","2","2"
"升迁任开府仪同","0","2","2"
"加任通直散骑常","0","2","2"
"任他为征虏将军","0","2","2"
"率领步兵骑兵二","0","2","2"
"领步兵骑兵二千","0","2","2"
"羌族首领傍乞铁","0","2","2"
"族首领傍乞铁忽","0","2","2"
"傍乞铁忽及郑五","0","2","2"
"乞铁忽及郑五丑","0","2","2"
"父亲的军功被朝","0","2","2"
"亲的军功被朝廷","0","2","2"
"因为杨忠的功勋","0","2","2"
"孝武帝往西迁移","0","2","2"
"朝廷任命杨忠为","0","2","2"
"任他为征西将军","0","2","2"
"太祖命令大都督","0","2","2"
"兼摄同州的官职","0","2","2"
"晋公宇文护认为","0","2","2"
"官位提升为大将","0","2","2"
"位提升为大将军","0","2","2"
"位提升为柱国大","0","2","2"
"提升为柱国大将","0","2","2"
"清白人家子弟的","0","2","2"
"白人家子弟的身","0","2","2"
"人家子弟的身份","0","2","2"
"家子弟的身份镇","0","2","2"
"子弟的身份镇守","0","2","2"
"朝廷授任王盟为","0","2","2"
"孝武帝到了长安","0","2","2"
"原来的一共两千","0","2","2"
"魏文帝对他十分","0","2","2"
"朝廷追赠他原任","0","2","2"
"廷追赠他原任官","0","2","2"
"追赠他原任官职","0","2","2"
"太祖曾经对他说","0","2","2"
"历任显要的官职","0","2","2"
"晋公字文护执政","0","2","2"
"年轻时就历任显","0","2","2"
"轻时就历任显要","0","2","2"
"时就历任显要职","0","2","2"
"就历任显要职位","0","2","2"
"迎接魏孝武帝的","0","2","2"
"接魏孝武帝的功","0","2","2"
"尉迟纲跟从太祖","0","2","2"
"梁元帝十分害怕","0","2","2"
"梁州刺史杨乾运","0","2","2"
"任命韦孝宽为元","0","2","2"
"命韦孝宽为元帅","0","2","2"
"官至骠骑大将军","0","2","2"
"晋公宇文护东征","0","2","2"
"随皇太子讨伐吐","0","2","2"
"当时隋文帝执政","0","2","2"
"从小路入函谷关","0","2","2"
"太祖对周惠达说","0","2","2"
"食邑增至九百户","0","2","2"
"孝武帝西迁的时","0","2","2"
"武帝西迁的时候","0","2","2"
"授通直散骑侍郎","0","2","2"
"武帝与齐神武不","0","2","2"
"帝与齐神武不和","0","2","2"
"孝武帝入函谷关","0","2","2"
"升任员外散骑侍","0","2","2"
"被征召出来任奉","0","2","2"
"征召出来任奉朝","0","2","2"
"召出来任奉朝请","0","2","2"
"帝完全采纳了他","0","2","2"
"升任大行台郎中","0","2","2"
"三十六曹改为十","0","2","2"
"十六曹改为十二","0","2","2"
"六曹改为十二部","0","2","2"
"任中外府记室参","0","2","2"
"奉命出使符合皇","0","2","2"
"天下必定有人因","0","2","2"
"下必定有人因此","0","2","2"
"从五个方面听取","0","2","2"
"中没有多余的财","0","2","2"
"没有多余的财物","0","2","2"
"魏孝武帝西入函","0","2","2"
"孝武帝西入函谷","0","2","2"
"武帝西入函谷关","0","2","2"
"八品州列曹参军","0","2","2"
"抚养教育弟弟们","0","2","2"
"万俟丑奴已经失","0","2","2"
"俟丑奴已经失败","0","2","2"
"李贤又率领乡人","0","2","2"
"取得平民身份者","0","2","2"
"将领侯景等人包","0","2","2"
"领侯景等人包围","0","2","2"
"任命他为大将军","0","2","2"
"太祖认为他说得","0","2","2"
"多次提升担任司","0","2","2"
"次提升担任司徒","0","2","2"
"提升担任司徒右","0","2","2"
"升担任司徒右长","0","2","2"
"担任司徒右长史","0","2","2"
"从太祖战于邙山","0","2","2"
"随魏孝武帝西迁","0","2","2"
"孝武帝西迁长安","0","2","2"
"凭藉父亲的功勋","0","2","2"
"魏孝武帝西迁以","0","2","2"
"孝武帝西迁以后","0","2","2"
"隋文帝登上皇位","0","2","2"
"贺拔岳征讨有功","0","2","2"
"朝廷记录他的前","0","2","2"
"廷记录他的前后","0","2","2"
"记录他的前后功","0","2","2"
"录他的前后功劳","0","2","2"
"从贺兰祥征讨吐","0","2","2"
"派使者迎接太祖","0","2","2"
"从太祖擒获窦泰","0","2","2"
"又跟从太祖战于","0","2","2"
"不久以本官的身","0","2","2"
"久以本官的身份","0","2","2"
"家中没有剩余的","0","2","2"
"中没有剩余的财","0","2","2"
"增添食邑二百户","0","2","2"
"增加食邑二千户","0","2","2"
"官拜仪同大将军","0","2","2"
"跟从太祖平定侯","0","2","2"
"从太祖平定侯莫","0","2","2"
"跟从大军收复弘","0","2","2"
"从大军收复弘农","0","2","2"
"跟随卫公宇文直","0","2","2"
"委任为鄘州刺史","0","2","2"
"为通直散骑常侍","0","2","2"
"率领步军骑兵一","0","2","2"
"听从了他的建议","0","2","2"
"也凭藉父亲功勋","0","2","2"
"凭藉父亲功勋受","0","2","2"
"藉父亲功勋受赐","0","2","2"
"父亲功勋受赐爵","0","2","2"
"亲功勋受赐爵号","0","2","2"
"任通直散骑侍郎","0","2","2"
"他为帐内大都督","0","2","2"
"朝廷又下诏命令","0","2","2"
"廷又下诏命令陆","0","2","2"
"又下诏命令陆腾","0","2","2"
"任命他为右卫将","0","2","2"
"命他为右卫将军","0","2","2"
"命令贺若敦率领","0","2","2"
"率领步兵骑兵六","0","2","2"
"领步兵骑兵六千","0","2","2"
"步兵骑兵六千人","0","2","2"
"晋公宇文护因为","0","2","2"
"唐州蛮人田鲁嘉","0","2","2"
"史华皎举州归附","0","2","2"
"不久晋升车骑大","0","2","2"
"久晋升车骑大将","0","2","2"
"太祖曾对诸将说","0","2","2"
"增加食邑累计达","0","2","2"
"增加食邑累计二","0","2","2"
"加食邑累计二千","0","2","2"
"评定他的前后功","0","2","2"
"魏将领窦泰入侵","0","2","2"
"授任御正中大夫","0","2","2"
"转任内史中大夫","0","2","2"
"以天下尚未平定","0","2","2"
"到他的府第慰问","0","2","2"
"增加食邑通前五","0","2","2"
"加食邑通前五千","0","2","2"
"食邑通前五千户","0","2","2"
"皇帝采纳了他的","0","2","2"
"食邑通前三千七","0","2","2"
"当时没有人能与","0","2","2"
"时没有人能与他","0","2","2"
"没有人能与他相","0","2","2"
"有人能与他相比","0","2","2"
"另封一个儿子为","0","2","2"
"李贤的儿子李孝","0","2","2"
"贤的儿子李孝轨","0","2","2"
"被任命为右将军","0","2","2"
"命令韦孝宽回去","0","2","2"
"令韦孝宽回去镇","0","2","2"
"韦孝宽回去镇守","0","2","2"
"孝宽回去镇守玉","0","2","2"
"宽回去镇守玉壁","0","2","2"
"善于安抚驾御部","0","2","2"
"于安抚驾御部下","0","2","2"
"因为迎立孝武帝","0","2","2"
"为迎立孝武帝有","0","2","2"
"迎立孝武帝有功","0","2","2"
"所得到的俸禄赏","0","2","2"
"得到的俸禄赏赐","0","2","2"
"从建德年间以后","0","2","2"
"到魏孝武帝与齐","0","2","2"
"帝与齐神武帝感","0","2","2"
"与齐神武帝感情","0","2","2"
"齐神武帝感情上","0","2","2"
"神武帝感情上有","0","2","2"
"派遣杨荐进入洛","0","2","2"
"遣杨荐进入洛阳","0","2","2"
"杨荐进入洛阳请","0","2","2"
"公宇文纯等人到","0","2","2"
"历任大行台郎中","0","2","2"
"恢复他们的官职","0","2","2"
"符合皇帝的意旨","0","2","2"
"终于没有成果而","0","2","2"
"宇文贵出使突厥","0","2","2"
"又派遣赵昶慰问","0","2","2"
"已经很长时间了","0","2","2"
"就派遣使者请求","0","2","2"
"从水陆两方面来","0","2","2"
"跟随魏孝武帝入","0","2","2"
"当时束魏以正平","0","2","2"
"为魏孝明帝挽郎","0","2","2"
"晋为开府仪同三","0","2","2"
"通直散骑常侍衔","0","2","2"
"分别掌管各种事","0","2","2"
"别掌管各种事务","0","2","2"
"当时人都称赞他","0","2","2"
"为当时人所称赞","0","2","2"
"为司徒府参军事","0","2","2"
"次迁升为大都督","0","2","2"
"食邑增加至一千","0","2","2"
"派遣使者宣示祸","0","2","2"
"遣使者宣示祸福","0","2","2"
"委任为行台郎中","0","2","2"
"授予员外散骑侍","0","2","2"
"予员外散骑侍郎","0","2","2"
"觉得奇怪而问他","0","2","2"
"担任的官职为奉","0","2","2"
"任的官职为奉朝","0","2","2"
"的官职为奉朝请","0","2","2"
"丞相府从事中郎","0","2","2"
"贺拔岳被害之后","0","2","2"
"在其职位上去世","0","2","2"
"任为民部中大夫","0","2","2"
"晋公宇文护执政","0","2","2"
"引荐辛庆之担任","0","2","2"
"荐辛庆之担任行","0","2","2"
"辛庆之担任行台","0","2","2"
"以原任官职兼任","0","2","2"
"诏令卫公宇文直","0","2","2"
"齐国将领斛律明","0","2","2"
"国将领斛律明月","0","2","2"
"于是任命尉迟运","0","2","2"
"是任命尉迟运为","0","2","2"
"任命尉迟运为右","0","2","2"
"命尉迟运为右宫","0","2","2"
"尉迟运为右宫正","0","2","2"
"官至仪同大将军","0","2","2"
"高祖准备处死晋","0","2","2"
"祖准备处死晋公","0","2","2"
"准备处死晋公宇","0","2","2"
"备处死晋公宇文","0","2","2"
"处死晋公宇文护","0","2","2"
"死晋公宇文护时","0","2","2"
"颜之仪依照惯例","0","2","2"
"在梁国担任侍中","0","2","2"
"梁元帝秉承皇帝","0","2","2"
"元帝秉承皇帝旨","0","2","2"
"帝秉承皇帝旨意","0","2","2"
"萧纪秉承皇帝旨","0","2","2"
"纪秉承皇帝旨意","0","2","2"
"州诸军事和益州","0","2","2"
"诸军事和益州刺","0","2","2"
"军事和益州刺史","0","2","2"
"是梁武帝的孙子","0","2","2"
"另有文集二十卷","0","2","2"
"推荐李延孙担任","0","2","2"
"魏孝武帝西迁后","0","2","2"
"大司马贺兰祥征","0","2","2"
"司马贺兰祥征讨","0","2","2"
"马贺兰祥征讨吐","0","2","2"
"开始与后魏通使","0","2","2"
"接待礼仪很隆重","0","2","2"
"在各少数民族之","0","2","2"
"各少数民族之中","0","2","2"
"派遣使者贡献特","0","2","2"
"遣使者贡献特产","0","2","2"
"派遣使者来献马","0","2","2"
"兵器有弓刀甲捎","0","2","2"
"两次派遣使者来","0","2","2"
"率领部下兵众归","0","2","2"
"往东距长安五千","0","2","2"
"遣使者来贡献名","0","2","2"
"使者来贡献名马","0","2","2"
"治所之城郭方圆","0","2","2"
"是大月氏的分支","0","2","2"
"边疆的少数民族","0","2","2"
