"N-gram","原文","翻译","Total"
"军都指挥使","122","124","246"
"步军都指挥","63","67","130"
"河阳节度使","32","35","67"
"马军都指挥","35","29","64"
"州节度使王","31","31","62"
"州节度使李","27","33","60"
"武军节度使","26","33","59"
"河中节度使","27","30","57"
"马步军都指","29","25","54"
"滑州节度使","23","26","49"
"潞州节度使","22","22","44"
"北面招讨使","20","22","42"
"开府仪同三","21","21","42"
"徐州节度使","21","21","42"
"加封检校太","0","42","42"
"许州节度使","21","20","41"
"义军节度使","19","22","41"
"府仪同三司","20","21","41"
"邢州节度使","20","20","40"
"侍卫马军都","22","17","39"
"卫马军都指","22","17","39"
"河东节度使","20","18","38"
"州节度使安","19","19","38"
"平军节度使","18","20","38"
"行营都部署","19","19","38"
"行营招讨使","18","19","37"
"同州节度使","17","19","36"
"天平军节度","17","19","36"
"马步都虞候","20","14","34"
"卫步军都指","18","16","34"
"侍卫步军都","17","16","33"
"州节度使刘","14","17","31"
"天雄军节度","16","15","31"
"都指挥使李","16","15","31"
"面行营招讨","15","15","30"
"左散骑常侍","15","15","30"
"雄军节度使","15","15","30"
"端明殿学士","15","15","30"
"侍卫亲军都","15","15","30"
"加检校太傅","26","3","29"
"宋州节度使","14","15","29"
"左谏议大夫","15","14","29"
"镇州节度使","14","15","29"
"州节度使张","14","14","28"
"宣徽南院使","14","14","28"
"卫亲军都指","14","14","28"
"亲军都指挥","14","14","28"
"澶州节度使","14","14","28"
"枢密使郭威","14","14","28"
"青州节度使","13","14","27"
"定州节度使","13","14","27"
"月二十七日","10","17","27"
"国军节度使","12","14","26"
"军节度使李","12","14","26"
"州节度使杨","13","13","26"
"德军节度使","13","13","26"
"陕州节度使","12","13","25"
"昭义节度使","14","11","25"
"节度使李存","10","15","25"
"厢都指挥使","13","12","25"
"宣武军节度","12","12","24"
"北面行营招","12","12","24"
"加同平章事","20","4","24"
"节度使李嗣","12","12","24"
"汴州节度使","12","12","24"
"今上赵匡胤","0","24","24"
"昭义军节度","10","13","23"
"军节度副使","12","11","23"
"华州节度使","11","12","23"
"左卫上将军","12","11","23"
"侍卫亲军马","12","11","23"
"军马步军都","12","11","23"
"加封为检校","0","23","23"
"齐州防御使","11","11","22"
"相州节度使","11","11","22"
"卫亲军马步","12","10","22"
"振武节度使","14","8","22"
"郓州节度使","11","11","22"
"郑州防御使","11","11","22"
"沧州节度使","11","10","21"
"行营都招讨","11","10","21"
"加检校太尉","20","1","21"
"亲军马步军","11","10","21"
"天下兵马都","11","10","21"
"枢密使郭崇","10","11","21"
"密使郭崇韬","10","11","21"
"兵马都元帅","11","10","21"
"魏王李继岌","0","21","21"
"河南尹张全","10","10","20"
"南尹张全义","10","10","20"
"海军节度使","8","12","20"
"魏博节度使","9","11","20"
"金紫光禄大","10","10","20"
"紫光禄大夫","10","10","20"
"加食邑实封","10","10","20"
"卫都指挥使","10","10","20"
"宣徽北院使","10","10","20"
"银青光禄大","10","10","20"
"青光禄大夫","10","10","20"
"右神武统军","10","10","20"
"帝御崇元殿","20","0","20"
"加检校太保","18","1","19"
"宰相豆卢革","8","11","19"
"节度使马希","9","10","19"
"下兵马都元","10","9","19"
"枢密使王峻","9","10","19"
"十二月一日","1","18","19"
"派使者进贡","0","19","19"
"崇元殿接受","0","19","19"
"月二十一日","6","12","18"
"二年春正月","12","6","18"
"右谏议大夫","9","9","18"
"检校左仆射","9","9","18"
"检校工部尚","9","9","18"
"校工部尚书","9","9","18"
"右卫上将军","9","9","18"
"内都指挥使","9","9","18"
"监军张承业","9","9","18"
"凤翔节度使","9","9","18"
"文馆大学士","9","9","18"
"步军都虞候","6","12","18"
"中书门下平","9","9","18"
"书门下平章","9","9","18"
"门下平章事","9","9","18"
"湖南节度使","9","9","18"
"金吾上将军","9","8","17"
"营都招讨使","9","8","17"
"检校右仆射","9","8","17"
"云州节度使","8","9","17"
"月二十四日","8","9","17"
"遣使贡方物","17","0","17"
"御崇元殿受","17","0","17"
"殿接受朝贺","0","17","17"
"襄州节度使","8","8","16"
"泾州节度使","7","9","16"
"兗州节度使","16","0","16"
"右散骑常侍","8","8","16"
"邓州节度使","8","8","16"
"北面行营都","8","8","16"
"翰林学士承","8","8","16"
"林学士承旨","8","8","16"
"荆南节度使","8","8","16"
"晋州节度使","8","8","16"
"都指挥使张","8","8","16"
"卫上将军李","8","8","16"
"马步军都虞","6","10","16"
"同中书门下","8","8","16"
"崇元殿受朝","16","0","16"
"州节度使马","8","8","16"
"州行营都部","8","8","16"
"吴越国王钱","8","8","16"
"为检校太尉","0","16","16"
"十一月一日","0","16","16"
"兖州节度使","0","16","16"
"马军步军都","0","16","16"
"元殿接受朝","0","16","16"
"中节度使王","7","8","15"
"食邑三千户","9","6","15"
"镇海军节度","7","8","15"
"节度副大使","8","7","15"
"平卢军节度","7","8","15"
"月二十九日","6","9","15"
"凤翔李茂贞","6","9","15"
"马步都指挥","12","3","15"
"步都指挥使","12","3","15"
"行营马步军","8","7","15"
"月二十五日","5","10","15"
"中书门下上","4","11","15"
"六军诸卫事","9","6","15"
"客省使李严","8","7","15"
"蕃汉马步军","3","12","15"
"军总指挥使","0","15","15"
"停止上朝三","0","15","15"
"止上朝三天","0","15","15"
"封为检校太","0","15","15"
"行营副招讨","7","7","14"
"州节度使高","7","7","14"
"幽州节度使","7","7","14"
"等军节度使","6","8","14"
"忠武军节度","7","7","14"
"节度使王彦","7","7","14"
"加检校司徒","14","0","14"
"军节度使王","7","7","14"
"幽州刘仁恭","7","7","14"
"左骁卫上将","7","7","14"
"加检校太师","12","2","14"
"节度使杨光","7","7","14"
"度使杨光远","7","7","14"
"节度使安审","7","7","14"
"北面行营马","7","7","14"
"集贤殿大学","7","7","14"
"贤殿大学士","7","7","14"
"都部署高行","7","7","14"
"部署高行周","7","7","14"
"贝州节度使","7","7","14"
"天福十二年","5","9","14"
"部尚书张昭","7","7","14"
"封检校太傅","0","14","14"
"驾临崇元殿","0","14","14"
"淮南节度使","6","7","13"
"卢军节度使","5","8","13"
"军节度留后","6","7","13"
"斩首五千级","7","6","13"
"骁卫上将军","7","6","13"
"先锋都指挥","6","7","13"
"锋都指挥使","6","7","13"
"面行营马步","7","6","13"
"尚书左仆射","7","6","13"
"月二十三日","6","7","13"
"判六军诸卫","7","6","13"
"三年春正月","9","4","13"
"尚书右仆射","6","7","13"
"右厢都指挥","7","6","13"
"追赠为太师","0","13","13"
"营副招讨使","6","6","12"
"面行营都统","6","6","12"
"节度使杨师","6","6","12"
"度使杨师厚","6","6","12"
"中书门下奏","10","2","12"
"都指挥使王","6","6","12"
"邠州节度使","12","0","12"
"大同军节度","6","6","12"
"南面行营都","6","6","12"
"义节度使李","6","6","12"
"度使李嗣昭","6","6","12"
"蕃汉马步总","9","3","12"
"汉马步总管","9","3","12"
"除十恶五逆","9","3","12"
"宰臣豆卢革","7","5","12"
"振武军节度","3","9","12"
"军步军都指","1","11","12"
"翰林学士李","6","6","12"
"秦州节度使","6","6","12"
"东川节度使","6","6","12"
"月二十八日","5","7","12"
"节度使符彦","6","6","12"
"面行营都部","6","6","12"
"侍卫马步军","5","7","12"
"节度使张彦","6","6","12"
"州节度使何","6","6","12"
"左厢都指挥","6","6","12"
"朗州节度使","6","6","12"
"侍卫都指挥","6","6","12"
"州节度使郭","4","8","12"
"武平军节度","6","6","12"
"兵部尚书张","6","6","12"
"弘文馆大学","3","9","12"
"为检校太傅","0","12","12"
"为潞州节度","0","12","12"
"令有关部门","0","12","12"
"为北面行营","0","12","12"
"任河阳节度","0","12","12"
"封检校太尉","0","12","12"
"节度使李绍","6","5","11"
"节度使李克","5","6","11"
"斩首万余级","7","4","11"
"租庸使赵岩","5","6","11"
"军马步都虞","7","4","11"
"加检校司空","10","1","11"
"灵武节度使","5","6","11"
"南面招讨使","6","5","11"
"梁将王彦章","5","6","11"
"元殿受朝贺","11","0","11"
"都指挥使郭","6","5","11"
"观察处置等","7","4","11"
"察处置等使","7","4","11"
"三司使王章","6","5","11"
"为检校司徒","0","11","11"
"葛从周率领","0","11","11"
"为检校太师","0","11","11"
"秋七月一日","0","11","11"
"追赠为太尉","0","11","11"
"年一月一日","0","11","11"
"杨溥派使者","0","11","11"
"为中书侍郎","0","11","11"
"高祖进入洛","0","11","11"
"高祖驾临崇","0","11","11"
"祖驾临崇元","0","11","11"
"临崇元殿接","0","11","11"
"祖登上帝位","0","11","11"
"金吾卫大将","5","5","10"
"吾卫大将军","5","5","10"
"州兵马留后","5","5","10"
"节度使李继","5","5","10"
"节度使刘知","5","5","10"
"国夫人刘氏","5","5","10"
"州都指挥使","5","5","10"
"福建节度使","5","5","10"
"建节度使王","5","5","10"
"节度使贺德","5","5","10"
"度使贺德伦","5","5","10"
"同军节度使","5","5","10"
"汝州防御使","5","5","10"
"节度使阎宝","5","5","10"
"天下兵马元","5","5","10"
"下兵马元帅","5","5","10"
"检校右散骑","5","5","10"
"校右散骑常","5","5","10"
"州两使留后","5","5","10"
"右龙虎统军","5","5","10"
"金吾卫上将","5","5","10"
"吾卫上将军","5","5","10"
"节度副使王","5","5","10"
"幽州李匡威","5","5","10"
"幽州刘守光","5","5","10"
"总管李存审","5","5","10"
"淮南杨溥遣","10","0","10"
"南杨溥遣使","10","0","10"
"军兵马留后","5","5","10"
"赐功臣名号","6","4","10"
"先锋指挥使","5","5","10"
"度使李嗣源","5","5","10"
"南节度使高","5","5","10"
"面副招讨使","5","5","10"
"节度使安彦","5","5","10"
"度使安彦威","5","5","10"
"枢密院直学","5","5","10"
"密院直学士","5","5","10"
"左神武统军","5","5","10"
"节度使范延","5","5","10"
"度使范延光","5","5","10"
"节度使高行","5","5","10"
"度使高行周","5","5","10"
"节度使王承","5","5","10"
"成德军节度","5","5","10"
"襄州行营都","5","5","10"
"营都部署高","5","5","10"
"卫马步军都","4","6","10"
"晋昌军节度","5","5","10"
"昌军节度使","5","5","10"
"度使符彦卿","5","5","10"
"指挥使郭崇","5","5","10"
"度使王彦超","5","5","10"
"中书令冯道","5","5","10"
"指挥使李重","5","5","10"
"挥使李重进","5","5","10"
"辞官退隐的","0","10","10"
"黄河以北各","0","10","10"
"停止上朝一","0","10","10"
"加封检校司","0","10","10"
"追赠为太傅","0","10","10"
"书门下上奏","0","10","10"
"祖进入洛阳","0","10","10"
"年春正月一","0","10","10"
"春正月一日","0","10","10"
"高祖在太原","0","10","10"
"元年十二月","4","5","9"
"实封一百户","5","4","9"
"州节度使赵","4","5","9"
"都指挥使何","5","4","9"
"厢马军都指","5","4","9"
"诸军都指挥","8","1","9"
"州马步军都","6","3","9"
"信军节度使","4","5","9"
"授检校太保","4","5","9"
"加开府仪同","7","2","9"
"步军指挥使","4","5","9"
"衙内都指挥","5","4","9"
"营马步军都","5","4","9"
"监门上将军","4","5","9"
"定州王处直","5","4","9"
"天祐十八年","2","7","9"
"十二月二十","2","7","9"
"大行皇太后","3","6","9"
"年正月一日","3","6","9"
"右赞善大夫","5","4","9"
"威塞等军蕃","5","4","9"
"塞等军蕃汉","5","4","9"
"兵马都部署","5","4","9"
"兵马副元帅","4","5","9"
"十一月二十","2","7","9"
"节度使杜重","4","5","9"
"度使杜重威","4","5","9"
"检校尚书右","4","5","9"
"校尚书右仆","4","5","9"
"契丹永康王","4","5","9"
"领部下士兵","0","9","9"
"为检校太保","0","9","9"
"为检校司空","0","9","9"
"为同平章事","0","9","9"
"诏令追赠为","0","9","9"
"为北面招讨","0","9","9"
"淮南杨溥派","0","9","9"
"南杨溥派使","0","9","9"
"使者进贡土","0","9","9"
"任西京留守","0","9","9"
"自己的儿子","0","9","9"
"晋高祖进入","0","9","9"
"止上朝一天","0","9","9"
"夏州节度使","4","4","8"
"东南面行营","4","4","8"
"节度使王重","4","4","8"
"四面行营都","4","4","8"
"行军司马李","4","4","8"
"同州刘知俊","4","4","8"
"两浙节度使","4","4","8"
"先锋步军都","4","4","8"
"节度使谢彦","4","4","8"
"度使谢彦章","4","4","8"
"匡国军节度","4","4","8"
"迎銮毅勇功","4","4","8"
"銮毅勇功臣","4","4","8"
"右武卫将军","4","4","8"
"元年十一月","4","4","8"
"检校刑部尚","4","4","8"
"校刑部尚书","4","4","8"
"面行营都招","4","4","8"
"右金吾卫上","4","4","8"
"左龙武统军","4","4","8"
"镇南军节度","4","4","8"
"厢步军都指","4","4","8"
"东北面行营","4","4","8"
"节度使王处","4","4","8"
"州节度使康","4","4","8"
"元年春正月","5","3","8"
"蕃汉马步都","6","2","8"
"梁将戴思远","4","4","8"
"蕃汉副总管","4","4","8"
"秦王李茂贞","4","4","8"
"宣徽使李绍","4","4","8"
"徽使李绍宏","4","4","8"
"度使李存审","4","4","8"
"进封开国公","5","3","8"
"部尚书李琪","4","4","8"
"行营右厢马","4","4","8"
"贞简皇太后","4","4","8"
"金吾大将军","4","4","8"
"左卫大将军","4","4","8"
"宰臣冯道等","6","2","8"
"西川孟知祥","4","4","8"
"平章事冯道","4","4","8"
"武卫上将军","4","4","8"
"太子少保致","7","1","8"
"子少保致仕","7","1","8"
"安州节度使","4","4","8"
"节度使石敬","4","4","8"
"度使石敬瑭","4","4","8"
"州刺史冯晖","4","4","8"
"度使安审琦","4","4","8"
"州行军司马","4","4","8"
"节度使杨汉","4","4","8"
"节度使安重","4","4","8"
"都指挥使安","4","4","8"
"幽州赵德钧","4","4","8"
"曹州节度使","4","4","8"
"天下兵马副","4","4","8"
"下兵马副元","4","4","8"
"指挥使杜重","4","4","8"
"挥使杜重威","4","4","8"
"侍郎平章事","3","5","8"
"节度使王继","4","4","8"
"威武军节度","4","4","8"
"度使张彦泽","4","4","8"
"唐同光三年","4","4","8"
"颍州团练使","4","4","8"
"年冬十一月","4","4","8"
"护圣左厢都","4","4","8"
"圣左厢都指","4","4","8"
"节度使李洪","4","4","8"
"都指挥使曹","4","4","8"
"指挥使曹英","4","4","8"
"侍卫都虞候","4","4","8"
"行军司马何","4","4","8"
"军司马何敬","4","4","8"
"殿前都指挥","4","4","8"
"前都指挥使","4","4","8"
"归德军节度","4","4","8"
"军左右厢都","4","4","8"
"派使者来求","0","8","8"
"领精锐骑兵","0","8","8"
"军一万多人","0","8","8"
"太祖答应了","0","8","8"
"殿接受朝拜","0","8","8"
"河以北各州","0","8","8"
"领步兵骑兵","0","8","8"
"加封同平章","0","8","8"
"封同平章事","0","8","8"
"封检校太保","0","8","8"
"晋高祖石敬","0","8","8"
"高祖石敬瑭","0","8","8"
"封检校太师","0","8","8"
"汴将葛从周","0","8","8"
"武皇派李嗣","0","8","8"
"皇派李嗣昭","0","8","8"
"有关官员上","0","8","8"
"关官员上奏","0","8","8"
"者进贡土产","0","8","8"
"从京师出发","0","8","8"
"节度使李从","0","8","8"
"任天下兵马","0","8","8"
"庄宗进入汴","0","8","8"
"任许州节度","0","8","8"
"赠为尚书令","0","8","8"
"再追赠为太","0","8","8"
"晋少帝即位","0","8","8"
"高祖登上帝","0","8","8"
"左金吾上将","4","3","7"
"斩首千余级","5","2","7"
"部尚书致仕","7","0","7"
"军节度副大","4","3","7"
"食邑一千户","3","4","7"
"辍视朝三日","7","0","7"
"二十九日夜","3","4","7"
"行营马步都","4","3","7"
"营马步都虞","4","3","7"
"副都指挥使","4","3","7"
"五年春正月","6","1","7"
"累官检校太","7","0","7"
"亳州团练使","3","4","7"
"兴元节度使","3","4","7"
"监门卫上将","4","3","7"
"门卫上将军","4","3","7"
"面行营副招","4","3","7"
"宁军节度使","3","4","7"
"月二十二日","3","4","7"
"武皇遣李嗣","7","0","7"
"西南面招讨","4","3","7"
"汾州刺史李","3","4","7"
"天祐十六年","2","5","7"
"书上大唐皇","5","2","7"
"上大唐皇帝","5","2","7"
"赠太子太师","4","3","7"
"齐王张全义","3","4","7"
"九月十八日","3","4","7"
"枢密使安重","3","4","7"
"密使安重诲","3","4","7"
"五月十二日","2","5","7"
"州团练使李","3","4","7"
"等军蕃汉马","4","3","7"
"二月二十日","2","5","7"
"户部员外郎","4","3","7"
"六军诸卫副","3","4","7"
"军诸卫副使","3","4","7"
"汉马步军总","1","6","7"
"马步军总管","1","6","7"
"唐庄宗平定","1","6","7"
"都指挥使杜","4","3","7"
"州节度使符","3","4","7"
"南节度使马","3","4","7"
"皇子开封尹","5","2","7"
"柩前皇帝位","7","0","7"
"改赐功臣名","4","3","7"
"开运三年冬","3","4","7"
"十二月十日","3","4","7"
"牙内都指挥","3","4","7"
"朗州大都督","4","3","7"
"充翰林学士","4","3","7"
"冬十月三日","1","6","7"
"祖为检校太","0","7","7"
"派遣使者向","0","7","7"
"自称为留后","0","7","7"
"祖答应了他","0","7","7"
"兵一万多人","0","7","7"
"封为检校司","0","7","7"
"步军总指挥","0","7","7"
"阳渡过黄河","0","7","7"
"庄宗李存勖","0","7","7"
"为河阳节度","0","7","7"
"梁末帝即位","0","7","7"
"第二年春天","0","7","7"
"打败了他们","0","7","7"
"任中书侍郎","0","7","7"
"事情不能成","0","7","7"
"情不能成功","0","7","7"
"令有关官员","0","7","7"
"任侍卫亲军","0","7","7"
"契丹侵犯边","0","7","7"
"日黎明以前","0","7","7"
"皇子李继岌","0","7","7"
"增加食邑实","0","7","7"
"去世而停止","0","7","7"
"为太原四面","0","7","7"
"对郭崇韬说","0","7","7"
"明宗即位后","0","7","7"
"任郓州节度","0","7","7"
"契丹国主率","0","7","7"
"到后唐庄宗","0","7","7"
"节度使兼侍","0","7","7"
"度使兼侍卫","0","7","7"
"太子太师致","6","0","6"
"子太师致仕","6","0","6"
"左金吾卫大","3","3","6"
"军容使田令","3","3","6"
"容使田令孜","3","3","6"
"节度使安师","3","3","6"
"度使安师儒","3","3","6"
"德元年正月","3","3","6"
"遣行军司马","4","2","6"
"宣义军节度","3","3","6"
"节度使刘仁","3","3","6"
"护国军节度","3","3","6"
"加食邑三千","3","3","6"
"度使刘知俊","3","3","6"
"节度使罗绍","3","3","6"
"度使罗绍威","3","3","6"
"节度使王审","3","3","6"
"度使王审知","3","3","6"
"右厢马军都","3","3","6"
"博节度使杨","2","4","6"
"平军节度副","3","3","6"
"锋步军都指","3","3","6"
"节度使张筠","3","3","6"
"节度使戴思","3","3","6"
"度使戴思远","3","3","6"
"四年春正月","4","2","6"
"招讨使贺瑰","3","3","6"
"州节度使谢","3","3","6"
"濮州刺史孟","3","3","6"
"州刺史孟审","3","3","6"
"刺史孟审澄","3","3","6"
"将侯温裕等","3","3","6"
"等州观察处","4","2","6"
"州观察处置","4","2","6"
"军马步军副","3","3","6"
"州节度使贺","3","3","6"
"部员外郎李","3","3","6"
"监门卫将军","3","3","6"
"武信军节度","3","3","6"
"德元年四月","3","3","6"
"年正月五日","2","4","6"
"东南面招讨","3","3","6"
"乾宁元年三","3","3","6"
"宁元年三月","3","3","6"
"军行军司马","3","3","6"
"三年十一月","3","3","6"
"二年夏四月","3","3","6"
"步军都排阵","3","3","6"
"北面行营副","3","3","6"
"右金吾上将","3","3","6"
"威卫上将军","4","2","6"
"节度使张万","3","3","6"
"度使张万进","3","3","6"
"青州王师范","3","3","6"
"左龙虎统军","3","3","6"
"太祖武皇帝","3","3","6"
"皇遣李嗣昭","6","0","6"
"梁将杨师厚","3","3","6"
"天祐十二年","3","3","6"
"天祐十四年","2","4","6"
"幽州军府事","3","3","6"
"天祐十七年","2","4","6"
"代州刺史王","3","3","6"
"天平节度使","3","3","6"
"五日昧爽前","6","0","6"
"横海军节度","3","3","6"
"许州匡国军","3","3","6"
"节度副使李","3","3","6"
"太宗文皇帝","3","3","6"
"租庸使孔谦","3","3","6"
"豆卢革率百","3","3","6"
"卢革率百官","3","3","6"
"魏国夫人刘","3","3","6"
"左龙武大将","3","3","6"
"龙武大将军","3","3","6"
"州防御使张","3","3","6"
"宏文馆大学","6","0","6"
"国夫人韩氏","3","3","6"
"北京副留守","3","3","6"
"车驾发京师","6","0","6"
"内外蕃汉马","3","3","6"
"外蕃汉马步","3","3","6"
"枢密承旨段","3","3","6"
"山陵礼仪使","3","3","6"
"命兴圣宫使","3","3","6"
"翔节度使李","3","3","6"
"汉马步军都","2","4","6"
"州节度使董","3","3","6"
"节度使董璋","3","3","6"
"前翰林学士","3","3","6"
"右金吾大将","3","3","6"
"六军使王宗","3","3","6"
"军使王宗弼","3","3","6"
"西川节度使","2","4","6"
"武德使史彦","3","3","6"
"德使史彦琼","3","3","6"
"兴唐尹王正","3","3","6"
"唐尹王正言","3","3","6"
"北面副招讨","3","3","6"
"副招讨使任","3","3","6"
"招讨使任圜","3","3","6"
"严卫都指挥","3","3","6"
"指挥使尹晖","3","3","6"
"中节度使安","3","3","6"
"谏议大夫卢","3","3","6"
"议大夫卢损","3","3","6"
"化军节度使","3","3","6"
"威卫大将军","3","3","6"
"枢密副使刘","3","3","6"
"密副使刘延","3","3","6"
"副使刘延朗","3","3","6"
"史官张昭远","3","3","6"
"东节度使石","3","3","6"
"易州刺史安","3","3","6"
"宣宪皇太后","3","3","6"
"右龙武统军","3","3","6"
"卫上将军王","3","3","6"
"忠正军节度","3","3","6"
"正军节度使","3","3","6"
"都指挥使宋","3","3","6"
"指挥使宋审","3","3","6"
"挥使宋审虔","3","3","6"
"上将军李顷","3","3","6"
"彰武军节度","3","3","6"
"圣都指挥使","5","1","6"
"州节度使范","3","3","6"
"指挥使安审","3","3","6"
"宣州节度使","3","3","6"
"都虞候张令","3","3","6"
"虞候张令昭","3","3","6"
"节度使刘延","3","3","6"
"度使刘延皓","3","3","6"
"军节度使高","3","3","6"
"部侍郎张昭","3","3","6"
"侍郎张昭远","3","3","6"
"枢密使赵延","3","3","6"
"密使赵延寿","3","3","6"
"州节度使萧","3","3","6"
"汴将李思安","4","2","6"
"节度判官任","3","3","6"
"等州观察使","2","4","6"
"度使王承捷","3","3","6"
"屯驻指挥使","3","3","6"
"川节度副大","3","3","6"
"遂州节度使","3","3","6"
"四月十九日","2","4","6"
"行营马军都","3","3","6"
"营马军都指","3","3","6"
"面水陆转运","3","3","6"
"水陆转运使","3","3","6"
"都指挥使梁","3","3","6"
"指挥使梁汉","3","3","6"
"行营招抚使","3","3","6"
"州司户参军","3","3","6"
"十一月二日","1","5","6"
"观察判官张","3","3","6"
"察判官张宪","3","3","6"
"保义军节度","3","3","6"
"事后唐武皇","4","2","6"
"耀忠匡定保","3","3","6"
"忠匡定保节","3","3","6"
"匡定保节功","3","3","6"
"定保节功臣","3","3","6"
"十一月九日","1","5","6"
"御史中丞张","3","3","6"
"朝文武臣僚","4","2","6"
"客省使李守","3","3","6"
"都指挥使白","4","2","6"
"监修国史赵","3","3","6"
"修国史赵莹","3","3","6"
"吴越王钱元","3","3","6"
"澶州刺史冯","3","3","6"
"郓州范延光","3","3","6"
"留守高行周","3","3","6"
"礼部员外郎","3","3","6"
"骁卫大将军","3","3","6"
"度使马希范","3","3","6"
"天策上将军","3","3","6"
"镇东等军节","3","3","6"
"东等军节度","3","3","6"
"节度使桑维","3","3","6"
"度使桑维翰","3","3","6"
"归义军节度","3","3","6"
"节度使马全","3","3","6"
"度使马全节","3","3","6"
"度使安重荣","3","3","6"
"节度使王周","3","3","6"
"越国王钱元","3","3","6"
"节度使侍卫","6","0","6"
"节度使康福","3","3","6"
"后唐同光三","2","4","6"
"军节度使杜","3","3","6"
"指挥使李守","3","3","6"
"挥使李守贞","3","3","6"
"节度使王令","3","3","6"
"度使王令温","3","3","6"
"开运元年春","3","3","6"
"青州杨光远","3","3","6"
"节度使何建","3","3","6"
"州节度使田","3","3","6"
"三年冬十一","3","3","6"
"授银青光禄","4","2","6"
"夔州节度使","3","3","6"
"实封五百户","3","3","6"
"西川节度副","3","3","6"
"彰德军节度","3","3","6"
"左右厢都指","3","3","6"
"蕃将高牟翰","3","3","6"
"皇帝室酌献","6","0","6"
"枢密使杨邠","6","0","6"
"宣徽使王峻","3","3","6"
"州慕容彦超","3","3","6"
"度使马希萼","3","3","6"
"度使李洪义","3","3","6"
"指挥使王殷","3","3","6"
"内客省使阎","3","3","6"
"客省使阎晋","3","3","6"
"省使阎晋卿","3","3","6"
"州节度使白","3","3","6"
"侍卫马军指","3","3","6"
"卫马军指挥","3","3","6"
"故贵妃张氏","3","3","6"
"子澶州节度","4","2","6"
"破河东贼军","5","1","6"
"广顺元年冬","3","3","6"
"州防御使史","3","3","6"
"斩首二千级","3","3","6"
"节度使郭崇","3","3","6"
"节度使边镐","3","3","6"
"广顺三年春","3","3","6"
"宁州刺史张","3","3","6"
"州刺史张建","3","3","6"
"刺史张建武","3","3","6"
"太常卿田敏","3","3","6"
"指挥使张永","3","3","6"
"挥使张永德","3","3","6"
"西南面行营","3","3","6"
"节度使王进","3","3","6"
"度使王进逵","3","3","6"
"检校国子祭","3","3","6"
"校国子祭酒","3","3","6"
"海军节度副","3","3","6"
"度使王处直","3","3","6"
"管内观察处","3","3","6"
"内观察处置","3","3","6"
"新州节度使","3","3","6"
"步军左右厢","3","3","6"
"在黄河岸边","0","6","6"
"以太子太师","0","6","6"
"部队驻扎在","0","6","6"
"任命太祖为","0","6","6"
"太祖为检校","0","6","6"
"太祖亲自率","0","6","6"
"祖亲自率领","0","6","6"
"一个多月后","0","6","6"
"派遣使者到","0","6","6"
"太祖派朱友","0","6","6"
"的妻子儿女","0","6","6"
"朝廷军队在","0","6","6"
"从东京出发","0","6","6"
"文明殿接受","0","6","6"
"任官职爵位","0","6","6"
"按等级赏赐","0","6","6"
"黎阳渡过黄","0","6","6"
"儿子朱令德","0","6","6"
"太祖镇守汴","0","6","6"
"祖镇守汴州","0","6","6"
"镇守汴州时","0","6","6"
"历官至检校","0","6","6"
"居住的地方","0","6","6"
"官至检校太","0","6","6"
"派使者告诉","0","6","6"
"军队驻扎在","0","6","6"
"封检校司徒","0","6","6"
"任天平军节","0","6","6"
"使者来求援","0","6","6"
"为邢州节度","0","6","6"
"率步兵骑兵","0","6","6"
"一百多骑兵","0","6","6"
"梁将刘寻阝","0","6","6"
"州军府事务","0","6","6"
"被流矢射中","0","6","6"
"五日黎明以","0","6","6"
"任河中节度","0","6","6"
"追赠为太子","0","6","6"
"共上了三次","0","6","6"
"百官上表章","0","6","6"
"所以有这次","0","6","6"
"兼门下侍郎","0","6","6"
"世而停止上","0","6","6"
"而停止上朝","0","6","6"
"任翰林学士","0","6","6"
"契丹国主到","0","6","6"
"宗即皇帝位","0","6","6"
"宗进入汴州","0","6","6"
"加封高祖为","0","6","6"
"契丹国主说","0","6","6"
"夏四月一日","0","6","6"
"冬十月一日","0","6","6"
"佛寺道观祈","0","6","6"
"追赠为尚书","0","6","6"
"镇守太原时","0","6","6"
"契丹国主的","0","6","6"
"后汉高祖登","0","6","6"
"皇帝神位时","0","6","6"
"颁布诏令说","0","6","6"
"兼侍卫亲军","0","6","6"
"节度使刘斌","0","6","6"
"度使刘斌贝","0","6","6"
"周太祖郭威","0","6","6"
"打败淮南贼","0","6","6"
"败淮南贼军","0","6","6"
"上赵匡胤领","0","6","6"
"唐僖宗乾符","1","4","5"
"加帝检校太","5","0","5"
"刘仁恭大举","3","2","5"
"命翰林学士","2","3","5"
"宰臣张文蔚","3","2","5"
"御文明殿受","5","0","5"
"文明殿受朝","5","0","5"
"明殿受朝贺","5","0","5"
"帝御文明殿","5","0","5"
"军节度使杨","3","2","5"
"京马步军都","3","2","5"
"天祐十三年","3","2","5"
"州防御使王","2","3","5"
"滑州宣义军","2","3","5"
"诸军马步都","5","0","5"
"节度观察留","3","2","5"
"度观察留后","3","2","5"
"马步军副都","3","2","5"
"步军副都指","3","2","5"
"军副都指挥","3","2","5"
"辍视朝一日","5","0","5"
"国军节度留","2","3","5"
"蔡贼秦宗权","4","1","5"
"功授检校太","3","2","5"
"洋州节度使","3","2","5"
"牛存节率兵","3","2","5"
"授检校太傅","2","3","5"
"寻加同平章","5","0","5"
"庶人友珪篡","5","0","5"
"诸军都虞候","4","1","5"
"节度使王珂","2","3","5"
"授滑州节度","4","1","5"
"银枪效节军","2","3","5"
"军马步都指","4","1","5"
"州管内观察","3","2","5"
"南军节度使","2","3","5"
"检校尚书左","3","2","5"
"校尚书左仆","3","2","5"
"燕帅李匡威","3","2","5"
"武皇令李存","3","2","5"
"皇令李存审","3","2","5"
"泽州刺史李","2","3","5"
"汴将氏叔琮","3","2","5"
"辽州刺史张","2","3","5"
"周德威将兵","5","0","5"
"契丹安巴坚","5","0","5"
"宁国军节度","2","3","5"
"年春正月戊","5","0","5"
"武节度使李","3","2","5"
"契丹三十万","4","1","5"
"存审检校太","3","2","5"
"张文礼镇州","4","1","5"
"年春正月丙","5","0","5"
"四月二十五","1","4","5"
"权知军州事","4","1","5"
"革率百官上","3","2","5"
"二年夏五月","3","2","5"
"回鹘汗仁美","5","0","5"
"清海军节度","3","2","5"
"致书上大唐","4","1","5"
"密承旨段徊","3","2","5"
"告天地宗庙","3","2","5"
"行皇太后谥","2","3","5"
"厢马步都虞","3","2","5"
"营右厢马步","3","2","5"
"州节度使存","5","0","5"
"中官向延嗣","3","2","5"
"司空门下侍","5","0","5"
"空门下侍郎","5","0","5"
"军节度使安","2","3","5"
"前邢州节度","3","2","5"
"军蕃汉马步","4","1","5"
"右监门上将","2","3","5"
"授鄴都留守","5","0","5"
"度判官任圜","2","3","5"
"功加检校太","5","0","5"
"十三年二月","2","3","5"
"梁末帝嗣位","5","0","5"
"开封府押衙","2","3","5"
"面行营马军","2","3","5"
"州观察判官","2","3","5"
"赠太子少傅","3","2","5"
"顺元年正月","3","2","5"
"天福元年十","2","3","5"
"州防御使秘","3","2","5"
"防御使秘琼","3","2","5"
"年四月五日","2","3","5"
"省使李守贞","3","2","5"
"封吴越国王","4","1","5"
"中书侍郎平","2","3","5"
"书侍郎平章","2","3","5"
"相州彰德军","3","2","5"
"镇州安重荣","3","2","5"
"一月二十七","1","4","5"
"州节度使杜","2","3","5"
"天地宗庙社","3","2","5"
"地宗庙社稷","3","2","5"
"节度使李彝","2","3","5"
"度使李彝殷","2","3","5"
"前邓州节度","3","2","5"
"神武统军张","3","2","5"
"武统军张彦","3","2","5"
"统军张彦泽","3","2","5"
"行营步军都","3","2","5"
"营步军都指","3","2","5"
"二十五日夜","2","3","5"
"宰相桑维翰","1","4","5"
"侍卫马步都","3","2","5"
"都指挥使史","3","2","5"
"静江军节度","2","3","5"
"州节度使赟","5","0","5"
"年三月二十","2","3","5"
"皇子澶州节","4","1","5"
"斩首五百级","3","2","5"
"元年冬十月","3","2","5"
"武安军节度","3","2","5"
"州大都督府","3","2","5"
"二年十一月","3","2","5"
"江南国主李","5","0","5"
"南国主李景","5","0","5"
"尚书张昭上","2","3","5"
"代州刺史张","2","3","5"
"神武统军潘","2","3","5"
"一千五百户","2","3","5"
"加封太祖为","0","5","5"
"封太祖为检","0","5","5"
"派遣葛从周","0","5","5"
"率领大军攻","0","5","5"
"太祖派葛从","0","5","5"
"祖派葛从周","0","5","5"
"太祖的军队","0","5","5"
"派朝中使者","0","5","5"
"由官府供给","0","5","5"
"文武百官在","0","5","5"
"各军都指挥","0","5","5"
"庶人朱友王","0","5","5"
"人朱友王圭","0","5","5"
"刘寻阝军队","0","5","5"
"从黎阳渡过","0","5","5"
"为泽州刺史","0","5","5"
"王彦章率领","0","5","5"
"率领步兵骑","0","5","5"
"上奏章请求","0","5","5"
"为河中节度","0","5","5"
"任同州节度","0","5","5"
"加封为同平","0","5","5"
"封为同平章","0","5","5"
"贼寇平定后","0","5","5"
"朱友王圭篡","0","5","5"
"善于骑马射","0","5","5"
"于骑马射箭","0","5","5"
"朝廷内外都","0","5","5"
"州军政事务","0","5","5"
"为滑州节度","0","5","5"
"为刑部尚书","0","5","5"
"任北面行营","0","5","5"
"武皇李克用","0","5","5"
"为昭义军节","0","5","5"
"梁太祖朱温","0","5","5"
"向武皇求援","0","5","5"
"武皇派李存","0","5","5"
"州节度使朱","0","5","5"
"为陕州节度","0","5","5"
"步兵骑兵三","0","5","5"
"兵骑兵三万","0","5","5"
"到这个地步","0","5","5"
"李嗣昭带兵","0","5","5"
"率五千骑兵","0","5","5"
"契丹阿保机","0","5","5"
"率三千骑兵","0","5","5"
"梁太祖亲自","0","5","5"
"庄宗率亲军","0","5","5"
"庄宗的军队","0","5","5"
"庄宗派周德","0","5","5"
"宗派周德威","0","5","5"
"讨伐刘守光","0","5","5"
"这个月二十","0","5","5"
"十几个骑兵","0","5","5"
"在黄河边上","0","5","5"
"向庄宗告急","0","5","5"
"讨伐张文礼","0","5","5"
"任蕃汉马步","0","5","5"
"赠为太子太","0","5","5"
"溥派使者进","0","5","5"
"中书侍郎兼","0","5","5"
"郭崇韬上奏","0","5","5"
"庄宗不高兴","0","5","5"
"司空兼门下","0","5","5"
"空兼门下侍","0","5","5"
"为户部侍郎","0","5","5"
"兼侍卫马军","0","5","5"
"一千多骑兵","0","5","5"
"任北京留守","0","5","5"
"晋高祖即位","0","5","5"
"高祖即位后","0","5","5"
"把女儿嫁给","0","5","5"
"任检校太尉","0","5","5"
"为翰林学士","0","5","5"
"对张承业说","0","5","5"
"告契丹国主","0","5","5"
"给契丹国主","0","5","5"
"服丧期满后","0","5","5"
"仆射刘日句","0","5","5"
"贡地方土产","0","5","5"
"契丹派使臣","0","5","5"
"升格为防御","0","5","5"
"仪仗侍卫按","0","5","5"
"仗侍卫按礼","0","5","5"
"侍卫按礼行","0","5","5"
"卫按礼行事","0","5","5"
"使者进贡地","0","5","5"
"者进贡地方","0","5","5"
"国子祭酒兼","0","5","5"
"任邺都留守","0","5","5"
"的儿子杨承","0","5","5"
"高祖登上皇","0","5","5"
"祖登上皇位","0","5","5"
"桑维翰担任","0","5","5"
"进入洛阳后","0","5","5"
"汉高祖登上","0","5","5"
"契丹所任命","0","5","5"
"丹所任命的","0","5","5"
"永康王兀欲","0","5","5"
"在灵柩前即","0","5","5"
"灵柩前即皇","0","5","5"
"柩前即皇帝","0","5","5"
"前即皇帝位","0","5","5"
"汉高祖刘知","0","5","5"
"高祖刘知远","0","5","5"
"太祖同意了","0","5","5"
"前许州节度","3","1","4"
"二十一日夜","2","2","4"
"节度使诸葛","2","2","4"
"度使诸葛爽","2","2","4"
"时河中节度","2","2","4"
"度使王重荣","2","2","4"
"河中行营副","2","2","4"
"中行营副招","2","2","4"
"北面都招讨","2","2","4"
"面都招讨使","2","2","4"
"就加帝检校","4","0","4"
"观军容使田","2","2","4"
"扬州节度使","2","2","4"
"节度使高骈","2","2","4"
"文德元年正","2","2","4"
"蔡州四面行","2","2","4"
"州四面行营","2","2","4"
"食实封一百","3","1","4"
"度使李克恭","2","2","4"
"十一月丁未","3","1","4"
"杀二万余众","4","0","4"
"化元年正月","2","2","4"
"州节度使卢","2","2","4"
"军节度使留","2","2","4"
"节度使留后","2","2","4"
"度使刘仁恭","2","2","4"
"将佐马慎交","2","2","4"
"中尉刘季述","2","2","4"
"京兆尹郑元","2","2","4"
"兆尹郑元规","2","2","4"
"祐元年正月","3","1","4"
"大将史仁遇","2","2","4"
"户部尚书致","4","0","4"
"泽州刺史刘","2","2","4"
"臣文武百官","2","2","4"
"祀昊天上帝","3","1","4"
"宰臣百官上","2","2","4"
"臣百官上表","2","2","4"
"百官上表称","2","2","4"
"官上表称贺","2","2","4"
"节度使李仁","2","2","4"
"招讨使杨师","2","2","4"
"讨使杨师厚","2","2","4"
"怀州刺史段","2","2","4"
"州刺史段明","2","2","4"
"刺史段明远","2","2","4"
"东京马步军","2","2","4"
"节度使牛存","2","2","4"
"度使牛存节","2","2","4"
"贞明元年春","2","2","4"
"淮南西北面","2","2","4"
"南西北面行","2","2","4"
"西北面行营","2","2","4"
"行营先锋步","2","2","4"
"营先锋步军","2","2","4"
"州留后李保","2","2","4"
"留后李保衡","2","2","4"
"留后霍彦威","2","2","4"
"王彦章弃城","2","2","4"
"州宣义军节","2","2","4"
"捉生都将李","2","2","4"
"生都将李霸","2","2","4"
"捉生都将张","2","2","4"
"生都将张温","2","2","4"
"度使张筠弃","2","2","4"
"使张筠弃城","2","2","4"
"州节度使阎","2","2","4"
"州节度使戴","2","2","4"
"使戴思远弃","2","2","4"
"戴思远弃城","2","2","4"
"时租庸使赵","2","2","4"
"面招讨使贺","2","2","4"
"行营诸军马","4","0","4"
"营诸军马步","4","0","4"
"军节度观察","3","1","4"
"节度使贺瑰","2","2","4"
"开封尹王瓚","4","0","4"
"河中硃友谦","4","0","4"
"华州罗文寨","2","2","4"
"德元年二月","2","2","4"
"大将王德明","2","2","4"
"道行营都招","2","2","4"
"攻德胜北城","2","2","4"
"刺史李存儒","2","2","4"
"三年春三月","2","2","4"
"州节度留后","2","2","4"
"留后李继韬","2","2","4"
"天祐二十年","1","3","4"
"先锋将康延","2","2","4"
"锋将康延孝","2","2","4"
"度使王彦章","2","2","4"
"武宁军节度","2","2","4"
"乾宁二年春","2","2","4"
"棣州刺史张","2","2","4"
"州刺史张蟾","2","2","4"
"开道指挥使","2","2","4"
"雍州节度使","2","2","4"
"伪武信军节","2","2","4"
"文德元年四","2","2","4"
"大将李存信","2","2","4"
"官检校太尉","4","0","4"
"唐僖宗光启","1","3","4"
"部将常行儒","2","2","4"
"乾宁二年五","2","2","4"
"宁二年五月","2","2","4"
"天复元年春","2","2","4"
"监军杨复光","2","2","4"
"天复元年十","2","2","4"
"宦官韩全诲","1","3","4"
"道盐铁转运","2","2","4"
"盐铁转运使","2","2","4"
"泽州刺史安","2","2","4"
"州刺史安金","2","2","4"
"刺史安金俊","2","2","4"
"化元年十二","2","2","4"
"检校左散骑","2","2","4"
"校左散骑常","2","2","4"
"开平二年春","2","2","4"
"检校礼部尚","2","2","4"
"校礼部尚书","2","2","4"
"三年夏四月","2","2","4"
"人友珪篡位","4","0","4"
"授检校司空","3","1","4"
"检校兵部尚","2","2","4"
"校兵部尚书","2","2","4"
"行营都指挥","2","2","4"
"营都指挥使","2","2","4"
"晋州刺史张","2","2","4"
"授检校司徒","1","3","4"
"马步军都排","3","1","4"
"军都排阵使","2","2","4"
"左卫中郎将","2","2","4"
"左羽林统军","2","2","4"
"赠左散骑常","4","0","4"
"开平二年十","2","2","4"
"平二年十月","2","2","4"
"左龙骧军使","2","2","4"
"左监门卫上","2","2","4"
"授北面行营","3","1","4"
"充侍卫亲军","4","0","4"
"泰宁军节度","2","2","4"
"左监门上将","2","2","4"
"授检校左仆","3","1","4"
"左厢步军都","2","2","4"
"邢州团练使","2","2","4"
"依前检校太","3","1","4"
"监军陈景思","2","2","4"
"雁门节度使","2","2","4"
"镇州王景崇","2","2","4"
"大将康君立","2","2","4"
"河中王重荣","2","2","4"
"度使李克修","2","2","4"
"骑将安休休","2","2","4"
"汴将王虔裕","2","2","4"
"云州赫连铎","2","2","4"
"汴将邓季筠","2","2","4"
"李存孝邢州","4","0","4"
"邢州李存孝","2","2","4"
"景福二年春","2","2","4"
"州节度使硃","4","0","4"
"燕留德等十","2","2","4"
"指挥使李继","2","2","4"
"军指挥使王","2","2","4"
"天子赐武皇","2","2","4"
"实封二百户","2","2","4"
"令都指挥使","2","2","4"
"遣李嗣昭率","4","0","4"
"武皇遣周德","4","0","4"
"皇遣周德威","4","0","4"
"李嗣昭率兵","2","2","4"
"嗣昭率兵三","2","2","4"
"将氏叔琮率","2","2","4"
"武皇令李嗣","2","2","4"
"皇令李嗣昭","2","2","4"
"州刺史李瑭","2","2","4"
"武皇讨王行","4","0","4"
"皇讨王行瑜","4","0","4"
"召监军张承","3","1","4"
"监军使张承","2","2","4"
"军使张承业","2","2","4"
"刺史李思安","2","2","4"
"刺史刘知温","2","2","4"
"年春正月丁","4","0","4"
"锋将史建瑭","2","2","4"
"亲将李小喜","2","2","4"
"天祐十一年","2","2","4"
"副总管李存","2","2","4"
"李存审率兵","2","2","4"
"命周德威率","2","2","4"
"周德威率兵","3","1","4"
"审检校太傅","2","2","4"
"天祐十五年","2","2","4"
"梁将谢彦章","2","2","4"
"州节度使尹","2","2","4"
"节度使尹皓","2","2","4"
"蕃汉总管李","2","2","4"
"州刺史王建","2","2","4"
"镇州大将张","2","2","4"
"州大将张文","2","2","4"
"大将张文礼","2","2","4"
"副使卢汝弼","2","2","4"
"平节度使阎","2","2","4"
"成德军兵马","2","2","4"
"德军兵马留","2","2","4"
"天祐十九年","1","3","4"
"年春正月甲","4","0","4"
"度使李存璋","2","2","4"
"马步总管李","2","2","4"
"步总管李存","2","2","4"
"河东节度判","2","2","4"
"东节度判官","2","2","4"
"契丹寇幽州","4","0","4"
"右先锋指挥","2","2","4"
"教坊使陈俊","2","2","4"
"内外文武臣","3","1","4"
"外文武臣僚","3","1","4"
"州匡国军节","2","2","4"
"书门下上言","4","0","4"
"新罗王金朴","2","2","4"
"罗王金朴英","2","2","4"
"安义军节度","2","2","4"
"度使李继韬","2","2","4"
"称大吴国主","2","2","4"
"副使李继珂","2","2","4"
"高祖神尧皇","2","2","4"
"祖神尧皇帝","2","2","4"
"御明堂殿受","4","0","4"
"明堂殿受朝","4","0","4"
"太常卿李燕","2","2","4"
"故宣武军节","2","2","4"
"武军节度副","2","2","4"
"检校太傅王","2","2","4"
"年二月一日","2","2","4"
"常赦所原者","4","0","4"
"臣豆卢革率","3","1","4"
"解县两池榷","2","2","4"
"县两池榷盐","2","2","4"
"幸左龙武军","2","2","4"
"率百官上表","2","2","4"
"令所司择日","4","0","4"
"楚州防御使","2","2","4"
"防御使张继","2","2","4"
"御使张继孙","2","2","4"
"谏议大夫窦","2","2","4"
"议大夫窦专","2","2","4"
"杨溥遣使贡","4","0","4"
"东北面招讨","2","2","4"
"潞州叛将杨","2","2","4"
"州叛将杨立","2","2","4"
"令枢密副使","2","2","4"
"汴州雍丘县","2","2","4"
"封魏国夫人","2","2","4"
"安义节度使","2","2","4"
"道观察等使","3","1","4"
"州刺史钱元","2","2","4"
"判吏部尚书","2","2","4"
"吏部尚书铨","2","2","4"
"龙门佛寺祈","2","2","4"
"工部尚书崔","2","2","4"
"东京副留守","2","2","4"
"一千二百人","2","2","4"
"租庸副使孔","2","2","4"
"皇太妃刘氏","2","2","4"
"刑部尚书李","2","2","4"
"尚书李琪充","2","2","4"
"上表请听政","4","0","4"
"河南县令罗","2","2","4"
"南县令罗贯","2","2","4"
"节度使高季","2","2","4"
"度使高季兴","2","2","4"
"节度使李","4","0","4"
"度使李严","4","0","4"
"节度使李令","2","2","4"
"度使李令德","2","2","4"
"陕府节度使","2","2","4"
"西京留守张","2","2","4"
"京留守张筠","2","2","4"
"州节度使毛","2","2","4"
"节度使毛璋","2","2","4"
"行营左厢马","2","2","4"
"营左厢马步","2","2","4"
"道行营都统","2","2","4"
"军左厢马军","2","2","4"
"左厢马军都","2","2","4"
"右厢步军都","2","2","4"
"侍中郭崇韬","2","2","4"
"吏部尚书李","2","2","4"
"户部侍郎冯","2","2","4"
"州刺史王承","2","2","4"
"文武百官上","1","3","4"
"武百官上表","1","3","4"
"节度使王宗","2","2","4"
"伪枢密使宋","2","2","4"
"枢密使宋光","2","2","4"
"密使宋光嗣","2","2","4"
"琼华长公主","2","2","4"
"相豆卢革等","2","2","4"
"节度使高万","2","2","4"
"度使高万兴","2","2","4"
"鄜州节度使","4","0","4"
"西平王李继","2","2","4"
"平王李继麟","2","2","4"
"军士皇甫晖","2","2","4"
"士皇甫晖等","2","2","4"
"使元行钦率","2","2","4"
"副使王延翰","2","2","4"
"东北面副招","2","2","4"
"总管李嗣源","2","2","4"
"枢密使李绍","2","2","4"
"密使李绍宏","2","2","4"
"荆南高季兴","1","3","4"
"判官马裔孙","2","2","4"
"指挥使杨思","2","2","4"
"挥使杨思权","2","2","4"
"都指挥使尹","2","2","4"
"徽南院使孟","2","2","4"
"南院使孟汉","2","2","4"
"院使孟汉琼","2","2","4"
"皇长子潞王","2","2","4"
"驴马没人驱","2","2","4"
"应顺元年岁","2","2","4"
"明殿学士韩","2","2","4"
"殿学士韩昭","2","2","4"
"枢密直学士","2","2","4"
"顺化军节度","2","2","4"
"太常卿卢文","2","2","4"
"常卿卢文纪","2","2","4"
"左威卫大将","2","2","4"
"左武卫上将","2","2","4"
"伪蜀孟知祥","2","2","4"
"称大蜀皇帝","2","2","4"
"四月十二日","1","3","4"
"宰臣卢文纪","2","2","4"
"使副摄司徒","2","2","4"
"中书政事堂","2","2","4"
"节度使张延","2","2","4"
"面马军都指","2","2","4"
"彰国军节度","2","2","4"
"节度使张温","2","2","4"
"鲁国太夫人","2","2","4"
"御史中丞卢","2","2","4"
"史中丞卢损","2","2","4"
"节度使沙彦","2","2","4"
"李晖等三十","2","2","4"
"上将军王景","2","2","4"
"将军王景戡","2","2","4"
"洺州团练使","4","0","4"
"度使杨汉章","2","2","4"
"节度使康思","2","2","4"
"度使康思立","2","2","4"
"年春正月辛","4","0","4"
"皇子河南尹","2","2","4"
"节度使王延","2","2","4"
"大同彰国振","3","1","4"
"同彰国振武","3","1","4"
"彰国振武威","3","1","4"
"国振武威塞","3","1","4"
"振武威塞等","3","1","4"
"武威塞等军","3","1","4"
"驸马都尉石","2","2","4"
"马都尉石敬","2","2","4"
"都尉石敬瑭","2","2","4"
"进封赵国公","2","2","4"
"前晋州节度","2","2","4"
"太原四面兵","2","2","4"
"原四面兵马","2","2","4"
"面兵马都部","2","2","4"
"四面副招讨","2","2","4"
"西北面先锋","2","2","4"
"挥使安审信","2","2","4"
"州刺史张朗","2","2","4"
"节度使安叔","2","2","4"
"度使安叔千","2","2","4"
"捧圣都虞候","2","2","4"
"圣都虞候张","2","2","4"
"副使边仁嗣","2","2","4"
"圣第二军都","2","2","4"
"右千牛将军","2","2","4"
"部尚书崔居","2","2","4"
"尚书崔居俭","2","2","4"
"天雄军四面","2","2","4"
"西京留守李","2","2","4"
"京留守李周","2","2","4"
"指挥使石敬","1","3","4"
"前彰武军节","2","2","4"
"太原四面招","2","2","4"
"原四面招抚","2","2","4"
"礼部侍郎张","2","2","4"
"张令昭部下","2","2","4"
"彰圣指挥使","2","2","4"
"指挥使张万","2","2","4"
"南面行营招","2","2","4"
"副招讨使杨","2","2","4"
"招讨使杨光","2","2","4"
"讨使杨光远","2","2","4"
"招讨使张敬","2","2","4"
"讨使张敬达","2","2","4"
"晋高祖南行","3","1","4"
"川节度使宋","2","2","4"
"节度使萧翰","2","2","4"
"三月十一日","1","3","4"
"云州都将王","2","2","4"
"州都将王敬","2","2","4"
"都将王敬晖","2","2","4"
"京兆尹孙揆","2","2","4"
"刺史张行恭","2","2","4"
"史张行恭弃","2","2","4"
"张行恭弃城","2","2","4"
"节度使安知","2","2","4"
"度使安知建","2","2","4"
"使安知建叛","2","2","4"
"庄宗命周德","2","2","4"
"宗命周德威","2","2","4"
"道士王若讷","2","2","4"
"斩首三千级","3","1","4"
"安国军节度","2","2","4"
"守兵部尚书","2","2","4"
"租庸使张宪","2","2","4"
"监军张居翰","2","2","4"
"十月十九日","1","3","4"
"凤州节度使","2","2","4"
"驻指挥使唐","2","2","4"
"指挥使唐景","2","2","4"
"挥使唐景思","2","2","4"
"阆州团练使","2","2","4"
"遣客省使李","4","0","4"
"青州王公俨","2","2","4"
"千牛卫将军","2","2","4"
"贞明二年四","2","2","4"
"明二年四月","2","2","4"
"授宋州节度","3","1","4"
"凤翔行营都","2","2","4"
"翔行营都部","2","2","4"
"行台左丞相","2","2","4"
"所驰驿发遣","4","0","4"
"河南府参军","2","2","4"
"北面水陆转","2","2","4"
"守工部尚书","2","2","4"
"西京副留守","2","2","4"
"正言守礼部","2","2","4"
"言守礼部尚","2","2","4"
"守礼部尚书","2","2","4"
"散指挥都头","2","2","4"
"都行营招抚","2","2","4"
"泗州防御使","2","2","4"
"左监门卫将","2","2","4"
"杜黄裳司空","2","2","4"
"兴圣宫使李","1","3","4"
"圣宫使李继","1","3","4"
"宫使李继岌","1","3","4"
"授开府仪同","2","2","4"
"书记马郁等","2","2","4"
"滑州兵马留","2","2","4"
"年二月二十","2","2","4"
"二月二十八","2","2","4"
"太原汾阳里","2","2","4"
"十八年十月","2","2","4"
"食邑五百户","2","2","4"
"赐耀忠匡定","2","2","4"
"度使杨汉宾","2","2","4"
"检校太子宾","2","2","4"
"校太子宾客","2","2","4"
"节度使卢文","2","2","4"
"度使卢文进","2","2","4"
"魏府范延光","2","2","4"
"月二十六日","1","3","4"
"左仆射刘昫","4","0","4"
"史中丞张昭","2","2","4"
"中丞张昭远","2","2","4"
"月五日昧爽","4","0","4"
"庄宗平定河","1","3","4"
"永寿长公主","2","2","4"
"指挥使白奉","2","2","4"
"挥使白奉进","2","2","4"
"楚王马希范","2","2","4"
"谏议大夫薛","2","2","4"
"议大夫薛融","2","2","4"
"驾部员外郎","2","2","4"
"契丹册礼使","2","2","4"
"散骑常侍韦","2","2","4"
"骑常侍韦勋","2","2","4"
"燕国长公主","2","2","4"
"度使王继恭","2","2","4"
"英武明义皇","2","2","4"
"武明义皇帝","2","2","4"
"置节度观察","2","2","4"
"节度观察使","2","2","4"
"西京留守高","2","2","4"
"京留守高行","2","2","4"
"龙武统军李","2","2","4"
"军节度使张","2","2","4"
"右拾遗郑云","2","2","4"
"拾遗郑云叟","2","2","4"
"玉笥山道士","2","2","4"
"笥山道士罗","2","2","4"
"山道士罗隐","2","2","4"
"国夫人李氏","2","2","4"
"亳州防御使","2","2","4"
"州防御使额","4","0","4"
"州节度使桑","2","2","4"
"太常卿程逊","2","2","4"
"兵部员外郎","2","2","4"
"州刺史彭士","2","2","4"
"刺史彭士愁","2","2","4"
"节度使王建","2","2","4"
"度使王建立","2","2","4"
"部侍郎张允","2","2","4"
"度使安审晖","2","2","4"
"内客省使李","2","2","4"
"威胜军节度","2","2","4"
"州防御使杨","2","2","4"
"防御使杨承","2","2","4"
"节度使宋彦","2","2","4"
"度使宋彦筠","2","2","4"
"户部侍郎张","2","2","4"
"部侍郎吕琦","2","2","4"
"食邑一万户","2","2","4"
"留后李文谦","2","2","4"
"州节度使宋","1","3","4"
"徽南院使张","2","2","4"
"武德使焦继","2","2","4"
"德使焦继勋","2","2","4"
"左金吾卫将","2","2","4"
"金吾卫将军","2","2","4"
"使桑维翰加","2","2","4"
"都虞候景延","2","2","4"
"虞候景延广","2","2","4"
"候景延广加","2","2","4"
"阳节度使王","2","2","4"
"谏议大夫郑","2","2","4"
"议大夫郑受","2","2","4"
"大夫郑受益","2","2","4"
"掌书记张式","2","2","4"
"圣文章武明","2","2","4"
"文章武明德","2","2","4"
"章武明德孝","2","2","4"
"武明德孝皇","2","2","4"
"明德孝皇帝","2","2","4"
"年十一月十","2","2","4"
"十一月十日","2","2","4"
"六月二十七","2","2","4"
"高祖镇太原","4","0","4"
"三年十二月","2","2","4"
"皇帝山陵使","2","2","4"
"御史中丞王","2","2","4"
"百官素服临","4","0","4"
"官素服临天","4","0","4"
"素服临天清","4","0","4"
"服临天清殿","4","0","4"
"户部侍郎田","2","2","4"
"部侍郎田敏","2","2","4"
"中书舍人杨","2","2","4"
"书舍人杨昭","2","2","4"
"舍人杨昭俭","2","2","4"
"州顺国军节","2","2","4"
"顺国军节度","2","2","4"
"东节度使刘","2","2","4"
"度使刘知远","2","2","4"
"洪州节度使","2","2","4"
"度使马希振","2","2","4"
"绥州刺史李","2","2","4"
"州刺史李彝","2","2","4"
"刺史李彝敏","2","2","4"
"州防御使吴","2","2","4"
"指挥使郭谨","2","2","4"
"卫将军蔡行","2","2","4"
"将军蔡行遇","2","2","4"
"州刺史郭彦","2","2","4"
"太子宾客聂","2","2","4"
"子宾客聂延","2","2","4"
"宾客聂延祚","2","2","4"
"节度使李周","2","2","4"
"右武卫上将","2","2","4"
"上将军张彦","2","2","4"
"军张彦泽等","2","2","4"
"左武卫将军","2","2","4"
"州刺史安审","2","2","4"
"刺史安审约","2","2","4"
"杨光远率兵","1","3","4"
"军都虞候李","2","2","4"
"开运元年秋","2","2","4"
"死者数百人","4","0","4"
"墨县令王德","2","2","4"
"县令王德柔","2","2","4"
"开运二年春","2","2","4"
"留守景延广","2","2","4"
"慕容彦超率","2","2","4"
"行营都监李","2","2","4"
"府州防御使","1","3","4"
"州防御使折","1","3","4"
"谏议大夫李","2","2","4"
"吏部侍郎张","2","2","4"
"州节度使梁","2","2","4"
"节度使梁汉","2","2","4"
"度使梁汉璋","2","2","4"
"梁汉璋战死","1","3","4"
"忠顺保义功","2","2","4"
"顺保义功臣","2","2","4"
"祖建义太原","4","0","4"
"昭信军节度","2","2","4"
"左骁卫大将","2","2","4"
"元帅府判官","2","2","4"
"诏赠尚书令","4","0","4"
"秘书省正字","2","2","4"
"尚书左丞田","2","2","4"
"书左丞田敏","2","2","4"
"汉马步都虞","2","2","4"
"实封三百户","2","2","4"
"州兵马都监","2","2","4"
"天福七年秋","2","2","4"
"梁贞明三年","2","2","4"
"授许州节度","4","0","4"
"屯将张令昭","2","2","4"
"杨光远讨伐","1","3","4"
"右监门卫大","2","2","4"
"监门卫大将","2","2","4"
"天福二年夏","2","2","4"
"节度使周德","2","2","4"
"度使周德威","2","2","4"
"睿文圣武昭","2","2","4"
"文圣武昭肃","2","2","4"
"圣武昭肃孝","2","2","4"
"武昭肃孝皇","2","2","4"
"昭肃孝皇帝","2","2","4"
"吴国太夫人","2","2","4"
"白承福等五","2","2","4"
"行军司马张","2","2","4"
"兵马留后张","2","2","4"
"节度使高唐","2","2","4"
"度使高唐英","2","2","4"
"右卫大将军","2","2","4"
"节度使赵赞","2","2","4"
"下见禁罪人","4","0","4"
"太祖高皇帝","2","2","4"
"世祖光武皇","2","2","4"
"祖光武皇帝","2","2","4"
"太常卿张昭","2","2","4"
"年正月二十","1","3","4"
"三月二十七","2","2","4"
"三月二十四","2","2","4"
"州节度使孙","2","2","4"
"夏州李彝殷","2","2","4"
"太子太傅李","2","2","4"
"赴西京行礼","2","2","4"
"右监门将军","2","2","4"
"节度副使周","2","2","4"
"湖南马希广","2","2","4"
"沂州刺史郭","2","2","4"
"州刺史郭琼","2","2","4"
"永兴军节度","2","2","4"
"副使安友规","2","2","4"
"州副使陈光","2","2","4"
"副使陈光穗","2","2","4"
"节度使宋延","2","2","4"
"度使宋延渥","2","2","4"
"马军指挥使","2","2","4"
"军指挥使郭","2","2","4"
"立徐州节度","2","2","4"
"显德元年春","2","2","4"
"义成军节度","2","2","4"
"成军节度使","2","2","4"
"部员外郎张","2","2","4"
"员外郎张贻","2","2","4"
"外郎张贻肃","2","2","4"
"马步军副指","2","2","4"
"步军副指挥","2","2","4"
"军副指挥使","2","2","4"
"杜重威父子","1","3","4"
"招讨使杜重","2","2","4"
"讨使杜重威","2","2","4"
"供奉官王益","2","2","4"
"巡检使乔守","2","2","4"
"检使乔守温","2","2","4"
"七月二十八","2","2","4"
"河中李守贞","2","2","4"
"一月十四日","1","3","4"
"请太后临朝","2","2","4"
"广顺元年春","2","2","4"
"荆南高保融","2","2","4"
"营都部署王","2","2","4"
"州节度使荣","4","0","4"
"太常卿边蔚","2","2","4"
"顺元年冬十","2","2","4"
"河东刘崇入","3","1","4"
"鄂州节度使","2","2","4"
"广顺二年春","2","2","4"
"南节度使边","2","2","4"
"内外文武官","1","3","4"
"武平军留后","2","2","4"
"牙将张崇嗣","2","2","4"
"度副使王进","2","2","4"
"副使王进逵","2","2","4"
"司马何敬贞","3","1","4"
"指挥使周行","2","2","4"
"挥使周行逢","2","2","4"
"使周行逢等","2","2","4"
"充武平军节","4","0","4"
"京兆府庄宅","2","2","4"
"兆府庄宅务","2","2","4"
"指挥使高绍","2","2","4"
"挥使高绍基","2","2","4"
"前河阳节度","2","2","4"
"右司御副率","2","2","4"
"节度使何福","2","2","4"
"度使何福进","2","2","4"
"内外兵马事","2","2","4"
"圣神恭肃文","2","2","4"
"神恭肃文武","2","2","4"
"恭肃文武孝","2","2","4"
"肃文武孝皇","2","2","4"
"文武孝皇帝","2","2","4"
"睿武孝文皇","2","2","4"
"武孝文皇帝","2","2","4"
"广顺元年正","2","2","4"
"军节度使符","2","2","4"
"节度使韩通","2","2","4"
"节度使白重","2","2","4"
"度使白重赞","2","2","4"
"都指挥使樊","2","2","4"
"指挥使樊爱","2","2","4"
"挥使樊爱能","2","2","4"
"指挥使何徽","2","2","4"
"宣徽使向训","2","2","4"
"防御使史彦","2","2","4"
"御使史彦超","2","2","4"
"州节度使韩","2","2","4"
"都指挥使韩","2","2","4"
"指挥使韩令","2","2","4"
"挥使韩令坤","2","2","4"
"前军都部署","2","2","4"
"显德三年春","2","2","4"
"锦绮绫罗二","2","2","4"
"部将潘叔嗣","2","2","4"
"一百五十人","2","2","4"
"大将陆孟俊","2","2","4"
"招讨使李重","2","2","4"
"讨使李重进","2","2","4"
"南节度使向","2","2","4"
"节度使向训","2","2","4"
"淮南道行营","2","2","4"
"南道行营都","2","2","4"
"濠州团练使","2","2","4"
"州团练使郭","2","2","4"
"团练使郭廷","2","2","4"
"练使郭廷谓","2","2","4"
"南节度使杨","2","2","4"
"节度使杨行","2","2","4"
"度使杨行密","2","2","4"
"江南进奉使","3","1","4"
"太府卿冯延","2","2","4"
"府卿冯延鲁","2","2","4"
"卫尉少卿钟","2","2","4"
"尉少卿钟谟","2","2","4"
"李德明奉表","2","2","4"
"刺史张丕旦","2","2","4"
"进封开国侯","3","1","4"
"年七月二十","2","2","4"
"广顺二年秋","2","2","4"
"衙内指挥使","2","2","4"
"世宗亲征淮","2","2","4"
"清军节度使","2","2","4"
"晋高祖皇帝","2","2","4"
"郎改授银青","2","2","4"
"改授银青光","2","2","4"
"定国军节度","2","2","4"
"前申州刺史","2","2","4"
"申州刺史马","2","2","4"
"州刺史马铎","2","2","4"
"兴军节度使","2","2","4"
"时慕容彦超","2","2","4"
"宰相徐彦若","2","2","4"
"颍州防御使","2","2","4"
"南行军司马","2","2","4"
"周广顺二年","2","2","4"
"司马何敬真","1","3","4"
"镇东军节度","2","2","4"
"令翰林学士","1","3","4"
"唐长兴四年","2","2","4"
"晋天福二年","1","3","4"
"大都督府长","2","2","4"
"都督府长史","2","2","4"
"时年四十六","2","2","4"
"福建观察使","2","2","4"
"圣明孝皇帝","2","2","4"
"度副大使知","2","2","4"
"副大使知节","2","2","4"
"大使知节度","2","2","4"
"使知节度事","2","2","4"
"新州团练使","2","2","4"
"押牙陈延晖","2","2","4"
"存信进攻魏","1","3","4"
"信进攻魏州","1","3","4"
"度使李存进","2","2","4"
"军诸卫事李","1","3","4"
"州刺史李存","1","3","4"
"捧日都指挥","2","2","4"
"日都指挥使","2","2","4"
"上将军李存","2","2","4"
"南西道观察","2","2","4"
"指挥使张彦","2","2","4"
"挥使张彦琪","2","2","4"
"太原四面马","2","2","4"
"州节度使皇","2","2","4"
"节度使皇甫","2","2","4"
"庄宗同光初","1","3","4"
"军节度使赵","2","2","4"
"延州节度使","2","2","4"
"广晋府行营","2","2","4"
"州彰德军节","2","2","4"
"军节度使侍","4","0","4"
"武统军潘环","2","2","4"
"马步军左厢","2","2","4"
"马步军右厢","2","2","4"
"马军左右厢","2","2","4"
"左右厢都排","2","2","4"
"右厢都排阵","2","2","4"
"厢都排阵使","2","2","4"
"右厢排阵使","2","2","4"
"营马步军左","2","2","4"
"部吏部尚书","2","2","4"
"南郊大礼使","2","2","4"
"内营田观察","2","2","4"
"唐天成二年","2","2","4"
"尹张全义上","2","2","4"
"武军节度押","2","2","4"
"军节度押牙","2","2","4"
"节度押牙李","2","2","4"
"武卫将军石","2","2","4"
"大家都认为","0","4","4"
"与后唐末帝","0","4","4"
"到黄河岸边","0","4","4"
"认为说得对","0","4","4"
"僖宗乾符年","0","4","4"
"黄巢攻陷长","0","4","4"
"巢攻陷长安","0","4","4"
"都立有战功","0","4","4"
"唐僖宗在蜀","0","4","4"
"率领部下士","0","4","4"
"被蔡州贼寇","0","4","4"
"被部下杀害","0","4","4"
"为行军司马","0","4","4"
"杀死一千多","0","4","4"
"率领精锐骑","0","4","4"
"军渡过黄河","0","4","4"
"太祖派丁会","0","4","4"
"领步卒骑兵","0","4","4"
"派使者前来","0","4","4"
"率领大军到","0","4","4"
"以下一百多","0","4","4"
"下一百多人","0","4","4"
"了他的请求","0","4","4"
"粮草供应不","0","4","4"
"韩全诲等人","0","4","4"
"昭宗回到长","0","4","4"
"宗回到长安","0","4","4"
"不到几个月","0","4","4"
"的文武官员","0","4","4"
"以户部尚书","0","4","4"
"部尚书辞官","0","4","4"
"尚书辞官退","0","4","4"
"明殿接受朝","0","4","4"
"据同州反叛","0","4","4"
"刘知俊的弟","0","4","4"
"知俊的弟弟","0","4","4"
"诏令有关部","0","4","4"
"仪仗卫队按","0","4","4"
"马步军总指","0","4","4"
"朱友王圭杀","0","4","4"
"为东京留守","0","4","4"
"为天雄军节","0","4","4"
"刘寻阝率领","0","4","4"
"逼迫贺德伦","0","4","4"
"为华州节度","0","4","4"
"为州节度使","0","4","4"
"为大同军节","0","4","4"
"行营各军马","0","4","4"
"营各军马步","0","4","4"
"任平卢军节","0","4","4"
"周德威战死","0","4","4"
"帝停止上朝","0","4","4"
"开封尹王瓒","0","4","4"
"河中朱友谦","0","4","4"
"被处死在大","0","4","4"
"处死在大街","0","4","4"
"死在大街上","0","4","4"
"唐庄宗李存","0","4","4"
"上奏朝廷任","0","4","4"
"一万多骑兵","0","4","4"
"加封他为检","0","4","4"
"封他为检校","0","4","4"
"任华州节度","0","4","4"
"吴国杨行密","0","4","4"
"第二年正月","0","4","4"
"节功臣名号","0","4","4"
"任陕州节度","0","4","4"
"僖宗在蜀地","0","4","4"
"太祖接受禅","0","4","4"
"祖接受禅让","0","4","4"
"刘仁恭率领","0","4","4"
"末帝即位后","0","4","4"
"为开府仪同","0","4","4"
"马军总指挥","0","4","4"
"朝廷授与检","0","4","4"
"廷授与检校","0","4","4"
"令追赠为太","0","4","4"
"州马军步军","0","4","4"
"派杨师厚领","0","4","4"
"杨师厚领兵","0","4","4"
"任礼部侍郎","0","4","4"
"追赠为右仆","0","4","4"
"赠为右仆射","0","4","4"
"追赠为太保","0","4","4"
"战马五百匹","0","4","4"
"任徐州节度","0","4","4"
"封检校司空","0","4","4"
"为左散骑常","0","4","4"
"太祖派杨师","0","4","4"
"祖派杨师厚","0","4","4"
"为工部尚书","0","4","4"
"上表推荐刘","0","4","4"
"兼任侍卫亲","0","4","4"
"粮食的地方","0","4","4"
"太祖听到后","0","4","4"
"派使者上奏","0","4","4"
"带三千骑兵","0","4","4"
"李存审带兵","0","4","4"
"为天下兵马","0","4","4"
"领二千骑兵","0","4","4"
"次上表请求","0","4","4"
"派李嗣昭率","0","4","4"
"武皇派周德","0","4","4"
"皇派周德威","0","4","4"
"派周德威率","0","4","4"
"天祐五年一","0","4","4"
"祐五年一月","0","4","4"
"武皇讨伐王","0","4","4"
"皇讨伐王行","0","4","4"
"讨伐王行瑜","0","4","4"
"梁太祖听说","0","4","4"
"听说庄宗军","0","4","4"
"庄宗答应了","0","4","4"
"听说刘寻阝","0","4","4"
"刘寻阝在莘","0","4","4"
"寻阝在莘县","0","4","4"
"身边的人说","0","4","4"
"任河东节度","0","4","4"
"任李嗣源为","0","4","4"
"契丹侵犯幽","0","4","4"
"丹侵犯幽州","0","4","4"
"这时郭崇韬","0","4","4"
"到明堂殿接","0","4","4"
"明堂殿接受","0","4","4"
"堂殿接受朝","0","4","4"
"有一千多人","0","4","4"
"有议论认为","0","4","4"
"赦免仍不能","0","4","4"
"上了三次表","0","4","4"
"回鹘派使者","0","4","4"
"庄宗平定梁","0","4","4"
"上表章请求","0","4","4"
"任宣武军节","0","4","4"
"兼吏部尚书","0","4","4"
"进封为开国","0","4","4"
"任租庸副使","0","4","4"
"诏令河南府","0","4","4"
"任凤翔节度","0","4","4"
"被乱军逼迫","0","4","4"
"任宣徽北院","0","4","4"
"任端明殿学","0","4","4"
"退休的太子","0","4","4"
"休的太子少","0","4","4"
"的太子少保","0","4","4"
"为太子太保","0","4","4"
"氵名州团练","0","4","4"
"名州团练使","0","4","4"
"为太子宾客","0","4","4"
"许王李从益","0","4","4"
"张敬达报告","0","4","4"
"任汴州节度","0","4","4"
"范延光报告","0","4","4"
"为御史中丞","0","4","4"
"庄宗即位后","0","4","4"
"秦王李从荣","0","4","4"
"为邺都留守","0","4","4"
"武皇命令李","0","4","4"
"李嗣昭出兵","0","4","4"
"即皇帝位后","0","4","4"
"在庄宗跟前","0","4","4"
"周德威率领","0","4","4"
"任谏议大夫","0","4","4"
"唐庄宗进入","0","4","4"
"派客省使李","0","4","4"
"安重诲上奏","0","4","4"
"赵在礼占据","0","4","4"
"唐昭宗光化","0","4","4"
"进入汴京后","0","4","4"
"追封谥号为","0","4","4"
"封谥号为孝","0","4","4"
"封高祖为检","0","4","4"
"高祖为检校","0","4","4"
"知道事情不","0","4","4"
"道事情不能","0","4","4"
"契丹国主亲","0","4","4"
"亲自率领各","0","4","4"
"杨光远等人","0","4","4"
"月五日黎明","0","4","4"
"后唐庄宗平","0","4","4"
"在太原建立","0","4","4"
"杜重威率领","0","4","4"
"为吴越国王","0","4","4"
"进贡地方土","0","4","4"
"年春一月一","0","4","4"
"春一月一日","0","4","4"
"出使契丹回","0","4","4"
"母亲的丧事","0","4","4"
"停止上朝二","0","4","4"
"止上朝二天","0","4","4"
"格为防御使","0","4","4"
"襄州安从进","0","4","4"
"为银青光禄","0","4","4"
"使兼侍卫马","0","4","4"
"高祖镇守太","0","4","4"
"祖镇守太原","0","4","4"
"高祖幸临邺","0","4","4"
"祖幸临邺都","0","4","4"
"宰相冯道等","0","4","4"
"枢密使一职","0","4","4"
"加封守太尉","0","4","4"
"儿子杨承勋","0","4","4"
"时契丹国主","0","4","4"
"契丹国主派","0","4","4"
"下诏追赠太","0","4","4"
"向契丹请求","0","4","4"
"派他的儿子","0","4","4"
"后唐同光末","0","4","4"
"唐同光末年","0","4","4"
"晋高祖登上","0","4","4"
"庄宗平定后","0","4","4"
"宗平定后梁","0","4","4"
"兼任枢密使","0","4","4"
"张彦泽的罪","0","4","4"
"皇后的谥号","0","4","4"
"像以前一样","0","4","4"
"一个接一个","0","4","4"
"被关押的罪","0","4","4"
"赵思绾等人","0","4","4"
"史弘肇等人","0","4","4"
"使刘斌贝为","0","4","4"
"史宏肇等人","0","4","4"
"赐给苏逢吉","0","4","4"
"为侍卫亲军","0","4","4"
"契丹人进犯","0","4","4"
"追封谥号叫","0","4","4"
"后汉高祖刘","0","4","4"
"步兵骑兵一","0","4","4"
"兵骑兵一万","0","4","4"
"节度使郭荣","0","4","4"
"进贡地方物","0","4","4"
"贡地方物产","0","4","4"
"有诏赐名号","0","4","4"
"诏赐名号的","0","4","4"
"上赵匡胤上","0","4","4"
"赵匡胤上奏","0","4","4"
"韩令坤上奏","0","4","4"
"李重进上奏","0","4","4"
"到世宗所在","0","4","4"
"世宗所在地","0","4","4"
"全部占有了","0","4","4"
"到周朝军队","0","4","4"
"也派遣使者","0","4","4"
"军节度使兼","0","4","4"
"深州刺史史","2","1","3"
"唐广明元年","2","1","3"
"黄巢陷长安","3","0","3"
"东北面都招","1","2","3"
"赴水死者甚","3","0","3"
"水死者甚众","3","0","3"
"斩首二万余","2","1","3"
"首二万余级","2","1","3"
"庞师古攻下","1","2","3"
"蕃将何怀宝","2","1","3"
"燕帅刘仁恭","2","1","3"
"乾宁军老鸦","2","1","3"
"宁军老鸦堤","2","1","3"
"天复元年正","2","1","3"
"复元年正月","2","1","3"
"节度使王师","1","2","3"
"度使王师范","1","2","3"
"等五百余人","2","1","3"
"国等军节度","2","1","3"
"邠州杨崇本","3","0","3"
"夫人杨氏追","2","1","3"
"判建昌院事","2","1","3"
"制大赦天下","3","0","3"
"活捉刘知俊","2","1","3"
"授忠武军节","2","1","3"
"军节度使钱","1","2","3"
"化二年正月","1","2","3"
"工部尚书李","1","2","3"
"车驾发东京","3","0","3"
"潞州行营都","2","1","3"
"州行营都招","2","1","3"
"加食邑一千","1","2","3"
"刺史王彦章","2","1","3"
"史王彦章弃","2","1","3"
"年春正月庚","3","0","3"
"都将杜晏球","2","1","3"
"都将张温率","2","1","3"
"晋王仅身免","3","0","3"
"侯温裕等军","3","0","3"
"国军节度观","2","1","3"
"戴思远攻德","2","1","3"
"思远攻德胜","2","1","3"
"夏四月己巳","3","0","3"
"秋七月丁未","3","0","3"
"加检校右散","3","0","3"
"官检校司空","2","1","3"
"斩首数千级","2","1","3"
"宣武军牙校","2","1","3"
"大将康怀英","1","2","3"
"王铎承制授","3","0","3"
"封大彭郡王","2","1","3"
"知俊弟知浣","3","0","3"
"年冬十二月","3","0","3"
"册赠尚书令","3","0","3"
"累加检校太","3","0","3"
"天子幸凤翔","3","0","3"
"充诸道盐铁","2","1","3"
"诸道盐铁转","2","1","3"
"时年五十八","1","2","3"
"金州防御使","2","1","3"
"授检校工部","3","0","3"
"加检校刑部","3","0","3"
"掩杀千余人","2","1","3"
"晋将李嗣昭","2","1","3"
"州刘仁恭率","1","2","3"
"卫上将军致","3","0","3"
"上将军致仕","3","0","3"
"授潞州节度","2","1","3"
"食邑七千户","2","1","3"
"马步军指挥","1","2","3"
"诸军排阵使","2","1","3"
"授河阳节度","2","1","3"
"时年五十七","2","1","3"
"乾宁四年正","2","1","3"
"宁四年正月","2","1","3"
"转右龙虎统","3","0","3"
"时年六十一","2","1","3"
"授曹州刺史","3","0","3"
"遣都指挥使","2","1","3"
"武军都指挥","1","2","3"
"右威卫上将","2","1","3"
"晋将周阳五","2","1","3"
"时年六十四","1","2","3"
"前检校太傅","2","1","3"
"濮州行台村","2","1","3"
"吐浑赫连铎","3","0","3"
"陈州刺史赵","1","2","3"
"武皇率蕃汉","2","1","3"
"杀节度使李","2","1","3"
"武皇遣李存","3","0","3"
"顺二年春正","2","1","3"
"加守中书令","3","0","3"
"李存审将兵","3","0","3"
"匡俦夺兄位","3","0","3"
"左军指挥使","1","2","3"
"天子遣延王","3","0","3"
"刘仁恭遣使","3","0","3"
"李嗣昭将兵","3","0","3"
"率步骑三万","3","0","3"
"汴将硃友宁","3","0","3"
"氏叔琮率军","1","2","3"
"嗣昭合燕军","3","0","3"
"都知兵马使","2","1","3"
"六年秋七月","2","1","3"
"李嗣源率亲","2","1","3"
"嗣源率亲军","2","1","3"
"梁将王景仁","1","2","3"
"斩首二万级","2","1","3"
"获马三千匹","2","1","3"
"刘守光僭称","1","2","3"
"守光僭称大","1","2","3"
"光僭称大燕","1","2","3"
"僭称大燕皇","1","2","3"
"称大燕皇帝","1","2","3"
"十一月辛丑","3","0","3"
"将张万进杀","1","2","3"
"命李存审率","1","2","3"
"十二月庚午","3","0","3"
"三年春二月","2","1","3"
"命李嗣源率","1","2","3"
"李嗣源率师","2","1","3"
"下令军中老","2","1","3"
"六年春正月","2","1","3"
"节度使硃友","3","0","3"
"度使硃友谦","3","0","3"
"八年春正月","2","1","3"
"魏州开元寺","2","1","3"
"将张文礼杀","1","2","3"
"遥天平军节","3","0","3"
"断德胜浮桥","1","2","3"
"段凝率大军","1","2","3"
"二月二十三","1","2","3"
"豆卢革判租","2","1","3"
"卢革判租庸","2","1","3"
"帝御明堂殿","3","0","3"
"堂殿受朝贺","3","0","3"
"封功臣名号","1","2","3"
"德光孝皇帝","1","2","3"
"夫人刘氏皇","3","0","3"
"人刘氏皇后","3","0","3"
"所司择日备","3","0","3"
"司择日备礼","3","0","3"
"择日备礼册","3","0","3"
"日备礼册命","3","0","3"
"使郭崇韬上","2","1","3"
"郭崇韬上表","2","1","3"
"回鹘遣使贡","3","0","3"
"鹘遣使贡方","3","0","3"
"同光二年夏","2","1","3"
"幸郭崇韬第","3","0","3"
"帝令枢密副","2","1","3"
"幸龙门佛寺","3","0","3"
"称大汉国王","2","1","3"
"大汉国王致","2","1","3"
"汉国王致书","2","1","3"
"国王致书上","2","1","3"
"王致书上大","2","1","3"
"排阵斩斫使","1","2","3"
"右厢马步都","2","1","3"
"诸道行营都","2","1","3"
"工部尚书任","1","2","3"
"部尚书任圜","1","2","3"
"枢密使侍中","2","1","3"
"密使侍中郭","2","1","3"
"春正月戊午","3","0","3"
"遣使贡良马","3","0","3"
"继麟滑州节","2","1","3"
"麟滑州节度","2","1","3"
"副招讨使李","1","2","3"
"年秋夏租税","2","1","3"
"居民家财犒","1","2","3"
"臣冯道等率","3","0","3"
"冯道等率百","2","1","3"
"维应顺元年","2","1","3"
"顺元年岁次","2","1","3"
"元年岁次甲","2","1","3"
"年岁次甲午","2","1","3"
"四月庚午朔","2","1","3"
"充端明殿学","2","1","3"
"前邠州节度","3","0","3"
"孟知祥僭称","1","2","3"
"诏端明殿学","3","0","3"
"节度使安进","3","0","3"
"故皇子亳州","1","2","3"
"上将军李肃","1","2","3"
"死者百余人","3","0","3"
"书大唐皇帝","2","1","3"
"使刘延朗宣","2","1","3"
"冬十月辛未","3","0","3"
"充枢密院直","2","1","3"
"度使张延朗","1","2","3"
"清泰二年春","2","1","3"
"十月十四日","1","2","3"
"北面蕃汉马","2","1","3"
"使安审信率","1","2","3"
"充侍卫马军","3","0","3"
"屯驻捧圣都","2","1","3"
"驻捧圣都虞","2","1","3"
"逐节度使刘","2","1","3"
"挥使石敬德","1","2","3"
"四面招抚排","2","1","3"
"面招抚排阵","2","1","3"
"招抚排阵使","2","1","3"
"介国公宇文","2","1","3"
"国公宇文颉","2","1","3"
"斩首三百级","2","1","3"
"遣侍卫步军","3","0","3"
"赵德钧父子","1","2","3"
"晋高祖入洛","3","0","3"
"部侍郎任赞","2","1","3"
"七月二十四","1","2","3"
"配飨庄宗庙","2","1","3"
"大同军防御","2","1","3"
"授忻州刺史","2","1","3"
"时年六十三","1","2","3"
"军城都虞候","2","1","3"
"崇韬招讨使","3","0","3"
"璋行营右厢","3","0","3"
"授天下兵马","2","1","3"
"二年四月十","1","2","3"
"年四月十九","1","2","3"
"御衣金带赐","2","1","3"
"延光枢密使","3","0","3"
"授河南府参","2","1","3"
"使李廷安召","2","1","3"
"充西京副留","2","1","3"
"授太子少保","1","2","3"
"魏州节度使","1","2","3"
"州节度使罗","1","2","3"
"庄宗平定魏","1","2","3"
"宗平定魏博","1","2","3"
"德威攻幽州","2","1","3"
"授郑州防御","2","1","3"
"明宗令中使","2","1","3"
"曾见杜黄裳","2","1","3"
"见杜黄裳司","2","1","3"
"天成三年四","1","2","3"
"成三年四月","1","2","3"
"营右厢马军","1","2","3"
"景福元年二","1","2","3"
"福元年二月","1","2","3"
"同光四年二","1","2","3"
"光四年二月","1","2","3"
"增食邑五百","1","2","3"
"太原节度使","1","2","3"
"指挥使安重","2","1","3"
"结正未结正","3","0","3"
"发觉未发觉","3","0","3"
"前单州刺史","2","1","3"
"赠太子少师","2","1","3"
"右金吾卫大","1","2","3"
"前昭义军节","2","1","3"
"食邑三百户","2","1","3"
"一月二十五","1","2","3"
"宗平定河南","1","2","3"
"奉国都指挥","3","0","3"
"国都指挥使","3","0","3"
"宰臣监修国","2","1","3"
"臣监修国史","2","1","3"
"越王钱元瓘","3","0","3"
"王钱元瓘加","3","0","3"
"加天下兵马","3","0","3"
"节度使高诲","3","0","3"
"右监门卫上","2","1","3"
"侍御史知杂","2","1","3"
"御史知杂事","2","1","3"
"仁美遣使贡","3","0","3"
"州范延光上","1","2","3"
"贝州永清军","2","1","3"
"部员外郎杨","1","2","3"
"镇海镇东等","2","1","3"
"海镇东等军","2","1","3"
"宴群臣永福","3","0","3"
"群臣永福殿","3","0","3"
"国公杨延寿","2","1","3"
"赠太子太保","3","0","3"
"前鄜州节度","3","0","3"
"安州防御使","2","1","3"
"胜军节度使","1","2","3"
"福州王延羲","1","2","3"
"宰臣李崧加","2","1","3"
"莱州防御使","2","1","3"
"刑部员外郎","2","1","3"
"溪州刺史彭","1","2","3"
"请刑部侍郎","1","2","3"
"陈州防御使","2","1","3"
"年二月四日","1","2","3"
"十二月丙戌","3","0","3"
"国王钱元瓘","3","0","3"
"署高行周奏","3","0","3"
"七年春正月","2","1","3"
"契丹遣使聘","3","0","3"
"度使侍卫马","3","0","3"
"节度掌书记","2","1","3"
"前庆州刺史","2","1","3"
"左威卫上将","2","1","3"
"赠太子少保","2","1","3"
"太常卿崔棁","3","0","3"
"臣冯道等上","2","1","3"
"契丹遣使致","3","0","3"
"诣寺观祷雨","3","0","3"
"葬高祖皇帝","2","1","3"
"节度使李温","3","0","3"
"州节度使石","1","2","3"
"张彦泽等率","1","2","3"
"溺死者数千","3","0","3"
"步军都部署","1","2","3"
"贼将赵延寿","1","2","3"
"太常丞王绪","2","1","3"
"诸军将士等","2","1","3"
"校七十余人","3","0","3"
"京留守景延","2","1","3"
"兵士二千人","2","1","3"
"封丘门斩关","2","1","3"
"高祖建义太","3","0","3"
"八年十二月","1","2","3"
"平州节度使","1","2","3"
"知枢密院事","3","0","3"
"食邑五千户","2","1","3"
"累赠太子少","3","0","3"
"同光元年冬","2","1","3"
"杨光远入朝","1","2","3"
"武都指挥使","2","1","3"
"龙武指挥使","2","1","3"
"门卫大将军","2","1","3"
"武节度使周","2","1","3"
"开运元年正","2","1","3"
"运元年正月","2","1","3"
"都指挥使高","2","1","3"
"节度使崔廷","1","2","3"
"度使崔廷勋","1","2","3"
"前澶州节度","2","1","3"
"五月十三日","2","1","3"
"郇国公李益","3","0","3"
"丹永康王乌","3","0","3"
"永康王乌裕","3","0","3"
"唐明宗淑妃","2","1","3"
"明宗淑妃王","2","1","3"
"宗淑妃王氏","2","1","3"
"福十二年六","1","2","3"
"十二年六月","1","2","3"
"天下见禁罪","3","0","3"
"十恶五逆外","2","1","3"
"乾祐元年正","2","1","3"
"正月二十七","1","2","3"
"中书门下进","1","2","3"
"郢州刺史尹","1","2","3"
"州刺史尹实","1","2","3"
"都部署赵晖","2","1","3"
"密使郭威奏","3","0","3"
"度使侍卫亲","3","0","3"
"使侍卫亲军","3","0","3"
"指挥使史宏","3","0","3"
"挥使史宏肇","3","0","3"
"江军节度使","1","2","3"
"前沂州刺史","2","1","3"
"诏河北诸州","3","0","3"
"使宋延渥开","2","1","3"
"宋延渥开门","2","1","3"
"延渥开门迎","2","1","3"
"李筠等大合","2","1","3"
"筠等大合骑","2","1","3"
"奉国指挥使","2","1","3"
"节度使判官","1","2","3"
"遣侍卫马军","3","0","3"
"挥使郭崇率","2","1","3"
"议立徐州节","2","1","3"
"等同受顾命","3","0","3"
"乾祐三年冬","3","0","3"
"一月十三日","1","2","3"
"迁检校太保","3","0","3"
"杜重威鄴下","3","0","3"
"节度判官王","2","1","3"
"少帝幸澶州","3","0","3"
"思绾等数百","2","1","3"
"绾等数百人","2","1","3"
"卫马步都虞","2","1","3"
"二年正月五","1","2","3"
"七月十三日","1","2","3"
"三月十七日","1","2","3"
"十一月十四","1","2","3"
"汉高祖皇帝","1","2","3"
"押牙巩廷美","1","2","3"
"二月十八日","1","2","3"
"汉隐帝梓宫","3","0","3"
"东刘崇入寇","3","0","3"
"河东贼军寇","2","1","3"
"河西军节度","2","1","3"
"西军节度使","2","1","3"
"安军节度使","2","1","3"
"五月二十七","1","2","3"
"捷都指挥使","3","0","3"
"都指挥使刘","2","1","3"
"顺三年春正","2","1","3"
"潭州王进逵","2","1","3"
"开封尹功德","3","0","3"
"封尹功德使","3","0","3"
"都监杜延熙","2","1","3"
"授朝散大夫","3","0","3"
"令侍卫马步","1","2","3"
"命侍卫马军","1","2","3"
"显德二年十","2","1","3"
"德二年十一","2","1","3"
"国主李景遣","3","0","3"
"使王进逵上","1","2","3"
"王崇质等奉","2","1","3"
"崇质等奉表","2","1","3"
"使李重进奏","3","0","3"
"显德四年春","1","2","3"
"建州节度使","1","2","3"
"时兵部尚书","1","2","3"
"伪濠州团练","1","2","3"
"欲传位世子","3","0","3"
"州刺史张丕","1","2","3"
"殿前都点检","2","1","3"
"七月二十一","1","2","3"
"加守尚书令","3","0","3"
"宗亲征淮甸","2","1","3"
"国子祭酒御","3","0","3"
"子祭酒御史","3","0","3"
"祭酒御史中","3","0","3"
"酒御史中丞","3","0","3"
"广顺三年秋","1","2","3"
"门下侍郎平","1","2","3"
"下侍郎平章","1","2","3"
"一行都部署","2","1","3"
"原节度使张","1","2","3"
"潭州军府事","1","2","3"
"三月二十八","1","2","3"
"后唐同光初","1","2","3"
"师铎攻陷广","1","2","3"
"铎攻陷广陵","1","2","3"
"西道观察等","2","1","3"
"宣歙池等州","2","1","3"
"内外马步军","1","2","3"
"外马步军都","1","2","3"
"事节度使李","1","2","3"
"龙军节度使","1","2","3"
"乘胜进攻沧","1","2","3"
"胜进攻沧州","1","2","3"
"八月十三日","1","2","3"
"同光三年冬","2","1","3"
"子徐州节度","1","2","3"
"周广顺元年","1","2","3"
"周世宗亲征","1","2","3"
"六年十二月","1","2","3"
"后唐庄宗同","1","2","3"
"唐庄宗同光","1","2","3"
"两川节度使","2","1","3"
"年四月一日","1","2","3"
"契丹回图使","1","2","3"
"丹回图使乔","1","2","3"
"回图使乔荣","1","2","3"
"河西节度使","1","2","3"
"贞明六年六","1","2","3"
"明六年六月","1","2","3"
"州节度使蒋","1","2","3"
"节度使蒋殷","1","2","3"
"州刺史张行","1","2","3"
"节度判官卢","1","2","3"
"度判官卢质","1","2","3"
"诸卫事李继","1","2","3"
"卫事李继岌","1","2","3"
"同光元年四","1","2","3"
"光元年四月","1","2","3"
"节度使赵礼","3","0","3"
"原四面马军","1","2","3"
"李嗣昭节制","1","2","3"
"指挥使刘知","1","2","3"
"军右厢都指","1","2","3"
"充北京留守","2","1","3"
"福元年十二","1","2","3"
"一行兵马都","2","1","3"
"食实封五百","1","2","3"
"寿州行府事","1","2","3"
"管内营田观","2","1","3"
"九月十二日","1","2","3"
"十月二十五","1","2","3"
"郭崇韬父子","1","2","3"
"州刺史王晖","1","2","3"
"们都感到惊","0","3","3"
"驻扎在黄河","0","3","3"
"末帝同意了","0","3","3"
"了契丹国主","0","3","3"
"占卜的人说","0","3","3"
"听到的人都","0","3","3"
"登上帝位后","0","3","3"
"第二天一早","0","3","3"
"改近地安置","0","3","3"
"太子太师辞","0","3","3"
"子太师辞官","0","3","3"
"太师辞官退","0","3","3"
"师辞官退隐","0","3","3"
"二月二十一","0","3","3"
"十二月五日","0","3","3"
"所到的地方","0","3","3"
"一天比一天","0","3","3"
"在王满渡大","0","3","3"
"攻击蔡州贼","0","3","3"
"太祖派遣葛","0","3","3"
"祖派遣葛从","0","3","3"
"被打得大败","0","3","3"
"死一千多人","0","3","3"
"有一万多人","0","3","3"
"对诸位将领","0","3","3"
"领一万多人","0","3","3"
"一万多人在","0","3","3"
"太祖的军士","0","3","3"
"骑兵几千人","0","3","3"
"唐昭宗即位","0","3","3"
"率领一万多","0","3","3"
"太祖派朱珍","0","3","3"
"祖派朱珍率","0","3","3"
"派朱珍率领","0","3","3"
"魏博镇军队","0","3","3"
"增加食邑到","0","3","3"
"又派遣使者","0","3","3"
"率领军队在","0","3","3"
"宿州刺史张","0","3","3"
"命令庞师古","0","3","3"
"封为东平王","0","3","3"
"太祖率领亲","0","3","3"
"祖率领亲信","0","3","3"
"率领亲信部","0","3","3"
"领亲信部队","0","3","3"
"军三千多人","0","3","3"
"使者与太祖","0","3","3"
"所任命的节","0","3","3"
"任命的节度","0","3","3"
"命的节度使","0","3","3"
"步兵骑兵几","0","3","3"
"兵骑兵几万","0","3","3"
"骑兵几万人","0","3","3"
"葛从周放弃","0","3","3"
"从周放弃潞","0","3","3"
"周放弃潞州","0","3","3"
"渡过黄河攻","0","3","3"
"太祖率领大","0","3","3"
"祖率领大军","0","3","3"
"魏军一万多","0","3","3"
"率领大军从","0","3","3"
"率领步卒骑","0","3","3"
"为齐州防御","0","3","3"
"在兖州城下","0","3","3"
"十九日夜晚","0","3","3"
"庞师古率领","0","3","3"
"从周率领兖","0","3","3"
"氵名州刺史","0","3","3"
"杀死二万多","0","3","3"
"死二万多人","0","3","3"
"太祖上表推","0","3","3"
"祖上表推荐","0","3","3"
"马慎交以下","0","3","3"
"慎交以下一","0","3","3"
"交以下一百","0","3","3"
"渡过滹沱河","0","3","3"
"答应了他的","0","3","3"
"应了他的请","0","3","3"
"元年正月一","0","3","3"
"太祖从河中","0","3","3"
"草供应不上","0","3","3"
"昭宗不得已","0","3","3"
"十一月三日","0","3","3"
"派朱友宁领","0","3","3"
"对身边人说","0","3","3"
"率领大军屯","0","3","3"
"领骁勇骑兵","0","3","3"
"出动全部兵","0","3","3"
"动全部兵力","0","3","3"
"大将刘寻阝","0","3","3"
"以下三十多","0","3","3"
"下三十多人","0","3","3"
"将领刘寻阝","0","3","3"
"是为了国家","0","3","3"
"优厚的财物","0","3","3"
"九月二十七","0","3","3"
"他们的子孙","0","3","3"
"户部尚书辞","0","3","3"
"秋七月五日","0","3","3"
"所在的地方","0","3","3"
"命有关部门","0","3","3"
"太祖所在地","0","3","3"
"丘祭祀苍天","0","3","3"
"祭祀苍天上","0","3","3"
"祀苍天上帝","0","3","3"
"诏令大赦天","0","3","3"
"令大赦天下","0","3","3"
"活捉得刘知","0","3","3"
"庄园住宅各","0","3","3"
"园住宅各一","0","3","3"
"住宅各一所","0","3","3"
"文武百官到","0","3","3"
"囚禁的犯人","0","3","3"
"的文武百官","0","3","3"
"文武百官排","0","3","3"
"十二月四日","0","3","3"
"杨师厚率领","0","3","3"
"友王圭杀害","0","3","3"
"朱友王圭的","0","3","3"
"进封为邺王","0","3","3"
"领一支军队","0","3","3"
"上表朝廷请","0","3","3"
"为青州节度","0","3","3"
"为沧州节度","0","3","3"
"福王朱友璋","0","3","3"
"不接受替代","0","3","3"
"开封尹刘寻","0","3","3"
"封尹刘寻阝","0","3","3"
"向淮南吴国","0","3","3"
"全家自焚而","0","3","3"
"家自焚而死","0","3","3"
"为相州节度","0","3","3"
"使王彦章领","0","3","3"
"向皇上禀告","0","3","3"
"刘寻阝领兵","0","3","3"
"刘寻阝从莘","0","3","3"
"寻阝从莘县","0","3","3"
"别将侯温裕","0","3","3"
"都虞候朱王","0","3","3"
"虞候朱王圭","0","3","3"
"各军马步都","0","3","3"
"各军马步军","0","3","3"
"在德胜筑城","0","3","3"
"末帝停止上","0","3","3"
"袭击占领了","0","3","3"
"以他的儿子","0","3","3"
"的儿子朱令","0","3","3"
"军前来救援","0","3","3"
"淮南吴国贼","0","3","3"
"南吴国贼寇","0","3","3"
"大师的称号","0","3","3"
"令他领兵攻","0","3","3"
"后唐庄宗李","0","3","3"
"在王村扎营","0","3","3"
"到这一地步","0","3","3"
"毅勇功臣名","0","3","3"
"勇功臣名号","0","3","3"
"领大军攻打","0","3","3"
"平定了他们","0","3","3"
"太祖平定兖","0","3","3"
"祖平定兖州","0","3","3"
"跟从太祖平","0","3","3"
"从太祖平定","0","3","3"
"刘知俊反叛","0","3","3"
"没有对不起","0","3","3"
"俊的弟弟刘","0","3","3"
"的弟弟刘知","0","3","3"
"弟弟刘知浣","0","3","3"
"罢免了他的","0","3","3"
"妻子儿女都","0","3","3"
"服事节度使","0","3","3"
"李存信带兵","0","3","3"
"与晋军交战","0","3","3"
"在任上去世","0","3","3"
"向太祖求援","0","3","3"
"通为官之道","0","3","3"
"宗答应了他","0","3","3"
"李罕之于是","0","3","3"
"蔡州贼寇秦","0","3","3"
"州贼寇秦宗","0","3","3"
"贼寇秦宗权","0","3","3"
"任李罕之为","0","3","3"
"李罕之为副","0","3","3"
"第二年冬天","0","3","3"
"于是自称为","0","3","3"
"皇帝出行所","0","3","3"
"帝出行所在","0","3","3"
"城中粮食吃","0","3","3"
"李嗣昭讨伐","0","3","3"
"嗣昭讨伐他","0","3","3"
"他的养子李","0","3","3"
"的养子李继","0","3","3"
"并州统帅李","0","3","3"
"州统帅李克","0","3","3"
"统帅李克用","0","3","3"
"领全郡投降","0","3","3"
"率领军队到","0","3","3"
"任兖州节度","0","3","3"
"任葛从周为","0","3","3"
"任北面招讨","0","3","3"
"奏朝廷授与","0","3","3"
"任左骁卫上","0","3","3"
"上表推荐他","0","3","3"
"任监察御史","0","3","3"
"任户部侍郎","0","3","3"
"辅佐皇上的","0","3","3"
"着弓矢炮石","0","3","3"
"任检校司空","0","3","3"
"为都指挥使","0","3","3"
"与太原晋人","0","3","3"
"转任右龙虎","0","3","3"
"任右龙虎统","0","3","3"
"被加封为检","0","3","3"
"朱友王圭派","0","3","3"
"亲从指挥使","0","3","3"
"晋王李存勖","0","3","3"
"保全他的性","0","3","3"
"全他的性命","0","3","3"
"有什么脸面","0","3","3"
"对李嗣源说","0","3","3"
"这时王彦章","0","3","3"
"后晋高祖石","0","3","3"
"跟随梁太祖","0","3","3"
"行营马军步","0","3","3"
"营马军步军","0","3","3"
"任滑州节度","0","3","3"
"为魏博节度","0","3","3"
"牛存节领军","0","3","3"
"兵一千多人","0","3","3"
"牛存节于是","0","3","3"
"都佩服他的","0","3","3"
"赠他为太师","0","3","3"
"任行军司马","0","3","3"
"派行军司马","0","3","3"
"迁升为检校","0","3","3"
"友王圭篡位","0","3","3"
"任镇南军节","0","3","3"
"将要出发时","0","3","3"
"子朱令德为","0","3","3"
"任左卫上将","0","3","3"
"行台村扎营","0","3","3"
"年春天正月","0","3","3"
"年八十多岁","0","3","3"
"梁太祖开平","0","3","3"
"康君立等人","0","3","3"
"吐谷浑赫连","0","3","3"
"谷浑赫连铎","0","3","3"
"任昭义节度","0","3","3"
"幽州李可举","0","3","3"
"黄巢军大败","0","3","3"
"者来求援军","0","3","3"
"使者上奏章","0","3","3"
"皇派李存孝","0","3","3"
"向汴州求援","0","3","3"
"千骑兵援救","0","3","3"
"李存孝追击","0","3","3"
"任李存孝为","0","3","3"
"上奏章申述","0","3","3"
"武皇同意了","0","3","3"
"讨伐李存孝","0","3","3"
"在近郊打猎","0","3","3"
"被汴军打败","0","3","3"
"率军队讨伐","0","3","3"
"李匡俦夺取","0","3","3"
"为同州节度","0","3","3"
"三千骑兵到","0","3","3"
"李存信与李","0","3","3"
"十一月五日","0","3","3"
"李存信进攻","0","3","3"
"刘仁恭派使","0","3","3"
"仁恭派使者","0","3","3"
"向武皇告急","0","3","3"
"开城门迎接","0","3","3"
"攻陷承天军","0","3","3"
"十一月四日","0","3","3"
"汴将朱友宁","0","3","3"
"为云州节度","0","3","3"
"史建瑭率三","0","3","3"
"建瑭率三千","0","3","3"
"瑭率三千骑","0","3","3"
"派三百骑兵","0","3","3"
"说庄宗军队","0","3","3"
"二月十四日","0","3","3"
"周德威从涿","0","3","3"
"德威从涿州","0","3","3"
"李存审率军","0","3","3"
"存审率军队","0","3","3"
"率五百骑兵","0","3","3"
"率一千骑兵","0","3","3"
"周德威进攻","0","3","3"
"十二月三日","0","3","3"
"儿子王昭祚","0","3","3"
"庄宗的骑兵","0","3","3"
"庄宗回到晋","0","3","3"
"宗回到晋阳","0","3","3"
"丹侵犯边塞","0","3","3"
"李嗣源为检","0","3","3"
"嗣源为检校","0","3","3"
"庄宗从魏州","0","3","3"
"庄宗在黄河","0","3","3"
"在郊外祭天","0","3","3"
"中节度使朱","0","3","3"
"节度使朱友","0","3","3"
"度使朱友谦","0","3","3"
"向庄宗请求","0","3","3"
"庄宗不答应","0","3","3"
"张文礼杀害","0","3","3"
"派使者向庄","0","3","3"
"使者向庄宗","0","3","3"
"到镇州城下","0","3","3"
"管李存审为","0","3","3"
"他们的母亲","0","3","3"
"遥领天平军","0","3","3"
"领天平军节","0","3","3"
"除去十恶五","0","3","3"
"去十恶五逆","0","3","3"
"十岁以上的","0","3","3"
"外文武官员","0","3","3"
"段凝率五万","0","3","3"
"用精锐骑兵","0","3","3"
"精锐骑兵出","0","3","3"
"凡朝廷内外","0","3","3"
"体会我的心","0","3","3"
"任御史中丞","0","3","3"
"前锋的功劳","0","3","3"
"任宋州节度","0","3","3"
"派使者来朝","0","3","3"
"庄宗到明堂","0","3","3"
"宗到明堂殿","0","3","3"
"祖庙室的叫","0","3","3"
"国派使者进","0","3","3"
"任皇子李继","0","3","3"
"按通常赦免","0","3","3"
"通常赦免仍","0","3","3"
"常赦免仍不","0","3","3"
"夫人刘氏为","0","3","3"
"人刘氏为皇","0","3","3"
"刘氏为皇后","0","3","3"
"选择日期准","0","3","3"
"择日期准备","0","3","3"
"日期准备礼","0","3","3"
"期准备礼仪","0","3","3"
"庄宗到文明","0","3","3"
"宗到文明殿","0","3","3"
"鹘派使者进","0","3","3"
"宗平定梁朝","0","3","3"
"驾临郭崇韬","0","3","3"
"为副招讨使","0","3","3"
"加授检校太","0","3","3"
"的身份证明","0","3","3"
"为兴州刺史","0","3","3"
"太阳旁边有","0","3","3"
"三年一月一","0","3","3"
"驾从京师出","0","3","3"
"派使者上朝","0","3","3"
"使者上朝进","0","3","3"
"者上朝进贡","0","3","3"
"新及第的进","0","3","3"
"及第的进士","0","3","3"
"下诏令河南","0","3","3"
"当时枢密使","0","3","3"
"庄宗大怒说","0","3","3"
"毛璋为行营","0","3","3"
"任州节度使","0","3","3"
"璋为行营右","0","3","3"
"为行营右厢","0","3","3"
"不是不知道","0","3","3"
"任命的官员","0","3","3"
"除了十恶五","0","3","3"
"了十恶五逆","0","3","3"
"郭崇韬被杀","0","3","3"
"管军府事务","0","3","3"
"是为什么呢","0","3","3"
"宗驾临汴州","0","3","3"
"才免于一死","0","3","3"
"明宗不高兴","0","3","3"
"文武百官穿","0","3","3"
"为宣徽北院","0","3","3"
"诏令端明殿","0","3","3"
"令端明殿学","0","3","3"
"到文明殿接","0","3","3"
"任侍卫马军","0","3","3"
"节度使安从","0","3","3"
"度使安从进","0","3","3"
"各道节度使","0","3","3"
"任枢密副使","0","3","3"
"使刘延朗为","0","3","3"
"度使李从日","0","3","3"
"使李从日严","0","3","3"
"自己的意见","0","3","3"
"三次上表章","0","3","3"
"分别命令朝","0","3","3"
"丹侵犯边境","0","3","3"
"卢文纪等人","0","3","3"
"五日一起居","0","3","3"
"任右卫上将","0","3","3"
"兼通事舍人","0","3","3"
"的有几百人","0","3","3"
"使宋审虔为","0","3","3"
"为工部侍郎","0","3","3"
"蕃汉马军步","0","3","3"
"汉马军步军","0","3","3"
"任定州节度","0","3","3"
"文武两班官","0","3","3"
"武两班官员","0","3","3"
"使范延光为","0","3","3"
"诏令范延光","0","3","3"
"任镇州节度","0","3","3"
"为大晋皇帝","0","3","3"
"庄宗在魏州","0","3","3"
"任李继岌为","0","3","3"
"第二个儿子","0","3","3"
"对安重诲说","0","3","3"
"女儿嫁给他","0","3","3"
"将葛从周攻","0","3","3"
"兵四面出击","0","3","3"
"讨伐平定了","0","3","3"
"李嗣昭代替","0","3","3"
"征讨张文礼","0","3","3"
"任泽州刺史","0","3","3"
"庄宗诏令李","0","3","3"
"到汴州做人","0","3","3"
"汴州做人质","0","3","3"
"领几百骑兵","0","3","3"
"全部消灭了","0","3","3"
"皇命令李存","0","3","3"
"邢氵名节度","0","3","3"
"氵名节度使","0","3","3"
"的儿子王昭","0","3","3"
"明宗即皇帝","0","3","3"
"因战功升任","0","3","3"
"功升任检校","0","3","3"
"升任检校太","0","3","3"
"任检校太保","0","3","3"
"庄宗派符存","0","3","3"
"宗派符存审","0","3","3"
"刘寻阝占据","0","3","3"
"告诉郭崇韬","0","3","3"
"李继岌为都","0","3","3"
"继岌为都统","0","3","3"
"同光四年正","0","3","3"
"光四年正月","0","3","3"
"管留守事务","0","3","3"
"人把他看作","0","3","3"
"任云州节度","0","3","3"
"交给自己的","0","3","3"
"这时孟知祥","0","3","3"
"任张全义为","0","3","3"
"在礼占据魏","0","3","3"
"汉高祖即位","0","3","3"
"所写的文章","0","3","3"
"任门下侍郎","0","3","3"
"国家的根本","0","3","3"
"宗不得已而","0","3","3"
"的儿子李继","0","3","3"
"他的祖先是","0","3","3"
"他的弟弟李","0","3","3"
"任萧希甫为","0","3","3"
"宗同光初年","0","3","3"
"有关官员议","0","3","3"
"关官员议定","0","3","3"
"推辞不接受","0","3","3"
"章请求退职","0","3","3"
"这时康延孝","0","3","3"
"后晋天福二","0","3","3"
"追封为太傅","0","3","3"
"出生在太原","0","3","3"
"与后梁军队","0","3","3"
"是我的意思","0","3","3"
"明宗继承皇","0","3","3"
"宗继承皇位","0","3","3"
"为光禄大夫","0","3","3"
"保节功臣名","0","3","3"
"范延光上奏","0","3","3"
"丹国主率领","0","3","3"
"禀告契丹国","0","3","3"
"与契丹国主","0","3","3"
"范延光率领","0","3","3"
"延光率领所","0","3","3"
"人们都感到","0","3","3"
"契丹请求援","0","3","3"
"丹国主亲自","0","3","3"
"自率领各部","0","3","3"
"不能原宥的","0","3","3"
"住过的旧宅","0","3","3"
"仪仗侍卫依","0","3","3"
"朝廷内外文","0","3","3"
"廷内外文武","0","3","3"
"高祖下令说","0","3","3"
"在服丧期满","0","3","3"
"任昭义军节","0","3","3"
"备礼仪册封","0","3","3"
"按等级次第","0","3","3"
"的礼仪安葬","0","3","3"
"左仆射刘日","0","3","3"
"高祖进入汴","0","3","3"
"夏五月一日","0","3","3"
"庙过去封为","0","3","3"
"所任官职爵","0","3","3"
"侍卫马军总","0","3","3"
"卫马军总指","0","3","3"
"率领所属军","0","3","3"
"领所属军队","0","3","3"
"越王钱元馞","0","3","3"
"担任天下兵","0","3","3"
"封为吴越国","0","3","3"
"节度使高从","0","3","3"
"度使高从诲","0","3","3"
"高祖准允了","0","3","3"
"派遣使臣进","0","3","3"
"遣使臣进贡","0","3","3"
"回鹘可汗杨","0","3","3"
"鹘可汗杨仁","0","3","3"
"可汗杨仁美","0","3","3"
"书辞官退隐","0","3","3"
"在永福殿宴","0","3","3"
"永福殿宴请","0","3","3"
"契丹派遣使","0","3","3"
"丹派遣使臣","0","3","3"
"郑王石重贵","0","3","3"
"州升格为防","0","3","3"
"阝州节度使","0","3","3"
"为防御使级","0","3","3"
"防御使级别","0","3","3"
"为太子太傅","0","3","3"
"年秋七月一","0","3","3"
"举行册封礼","0","3","3"
"行册封礼仪","0","3","3"
"派使臣前来","0","3","3"
"十五日夜晚","0","3","3"
"使杜重威为","0","3","3"
"国王钱元馞","0","3","3"
"署高行周上","0","3","3"
"高行周上奏","0","3","3"
"赠太傅石敬","0","3","3"
"赠太保石重","0","3","3"
"齐王石重贵","0","3","3"
"兼侍卫马步","0","3","3"
"寺道观祈求","0","3","3"
"道观祈求下","0","3","3"
"观祈求下雨","0","3","3"
"张彦泽在任","0","3","3"
"州发生蝗灾","0","3","3"
"张式的父亲","0","3","3"
"削夺现任官","0","3","3"
"为北京留守","0","3","3"
"高祖驾临邺","0","3","3"
"祖驾临邺都","0","3","3"
"一共上了三","0","3","3"
"是高祖的堂","0","3","3"
"设置枢密使","0","3","3"
"废除枢密使","0","3","3"
"到佛寺道观","0","3","3"
"寺道观祈祷","0","3","3"
"追赠太子太","0","3","3"
"度使李从温","0","3","3"
"任颍州团练","0","3","3"
"契丹国主回","0","3","3"
"全部杀掉了","0","3","3"
"少帝驾临崇","0","3","3"
"帝驾临崇元","0","3","3"
"优厚的礼物","0","3","3"
"杨光远的儿","0","3","3"
"光远的儿子","0","3","3"
"契丹国主坐","0","3","3"
"丹国主坐在","0","3","3"
"于是渡过黄","0","3","3"
"是渡过黄河","0","3","3"
"因为他犯了","0","3","3"
"说契丹国主","0","3","3"
"张彦泽率领","0","3","3"
"张彦泽接受","0","3","3"
"见契丹国主","0","3","3"
"派使者奉表","0","3","3"
"任兵部尚书","0","3","3"
"是高祖的第","0","3","3"
"任金紫光禄","0","3","3"
"诏追赠太傅","0","3","3"
"后唐天成年","0","3","3"
"唐天成年间","0","3","3"
"祖当时担任","0","3","3"
"自己的功劳","0","3","3"
"郁郁不得志","0","3","3"
"张希崇于是","0","3","3"
"耶律阿保机","0","3","3"
"祖建立国号","0","3","3"
"枢密院事务","0","3","3"
"他们的财产","0","3","3"
"任晋昌军节","0","3","3"
"令追赠为尚","0","3","3"
"送回安葬在","0","3","3"
"晋少帝开运","0","3","3"
"儿子石延煦","0","3","3"
"为兖州节度","0","3","3"
"晋高祖称帝","0","3","3"
"任户部尚书","0","3","3"
"追赠太子少","0","3","3"
"升为检校太","0","3","3"
"以户部侍郎","0","3","3"
"晋高祖在太","0","3","3"
"跟随杜重威","0","3","3"
"担任枢密使","0","3","3"
"他的儿子杨","0","3","3"
"追封为齐王","0","3","3"
"到后汉追尊","0","3","3"
"后汉追尊为","0","3","3"
"后唐武皇李","0","3","3"
"唐武皇李克","0","3","3"
"到自己帐下","0","3","3"
"契丹国主进","0","3","3"
"上崇元殿接","0","3","3"
"契丹国主从","0","3","3"
"契丹人攻入","0","3","3"
"郇国公李从","0","3","3"
"国公李从益","0","3","3"
"丹永康王兀","0","3","3"
"免仍不能原","0","3","3"
"可在灵柩前","0","3","3"
"东边廊庑下","0","3","3"
"苏逢吉等人","0","3","3"
"夏四月二日","0","3","3"
"郭从义上奏","0","3","3"
"密使郭威上","0","3","3"
"使郭威上奏","0","3","3"
"使兼侍卫亲","0","3","3"
"打败南唐贼","0","3","3"
"所以有此任","0","3","3"
"以有此任命","0","3","3"
"诏令黄河以","0","3","3"
"令黄河以北","0","3","3"
"所以有这一","0","3","3"
"九月十七日","0","3","3"
"王殷与李洪","0","3","3"
"殷与李洪义","0","3","3"
"派宫中使者","0","3","3"
"派侍卫马军","0","3","3"
"隐帝即位后","0","3","3"
"任侍卫步军","0","3","3"
"属于官府的","0","3","3"
"乾佑三年冬","0","3","3"
"唐明宗即位","0","3","3"
"太祖平定京","0","3","3"
"命令杜重威","0","3","3"
"投降的晋军","0","3","3"
"为宋州节度","0","3","3"
"的儿子杜弘","0","3","3"
"任李守贞为","0","3","3"
"李守贞领兵","0","3","3"
"李守贞于是","0","3","3"
"告诉他们说","0","3","3"
"朝廷内外的","0","3","3"
"有关部门选","0","3","3"
"关部门选择","0","3","3"
"部门选择日","0","3","3"
"门选择日期","0","3","3"
"太祖到太平","0","3","3"
"祖到太平宫","0","3","3"
"沿淮河一带","0","3","3"
"匹马的马料","0","3","3"
"的衣服粮食","0","3","3"
"已故贵妃张","0","3","3"
"因为汉隐帝","0","3","3"
"一起设置一","0","3","3"
"起设置一斋","0","3","3"
"捷军都指挥","0","3","3"
"太祖登崇元","0","3","3"
"祖登崇元殿","0","3","3"
"登崇元殿接","0","3","3"
"仗卫队按礼","0","3","3"
"太祖驾临西","0","3","3"
"祖驾临西庄","0","3","3"
"开封尹兼功","0","3","3"
"封尹兼功德","0","3","3"
"尹兼功德使","0","3","3"
"发配到沙门","0","3","3"
"配到沙门岛","0","3","3"
"晋王郭荣可","0","3","3"
"管内外兵马","0","3","3"
"太祖登上帝","0","3","3"
"刘崇与契丹","0","3","3"
"与贼军相遇","0","3","3"
"于是亲自率","0","3","3"
"是亲自率领","0","3","3"
"交还三分之","0","3","3"
"赐名号的寺","0","3","3"
"名号的寺院","0","3","3"
"没有诏赐名","0","3","3"
"废除的寺院","0","3","3"
"州行府事务","0","3","3"
"王进逵上奏","0","3","3"
"南唐国主李","0","3","3"
"唐国主李景","0","3","3"
"两浙钱亻叔","0","3","3"
"命今上赵匡","0","3","3"
"使李重进上","0","3","3"
"上赵匡胤率","0","3","3"
"为徐州节度","0","3","3"
"皇帝征举制","0","3","3"
"大败淮南贼","0","3","3"
"败淮南贼寇","0","3","3"
"赵匡胤领兵","0","3","3"
"以今上赵匡","0","3","3"
"上赵匡胤为","0","3","3"
"太子李弘冀","0","3","3"
"州丁壮民夫","0","3","3"
"进封为秦国","0","3","3"
"封为秦国公","0","3","3"
"刘守光大怒","0","3","3"
"子祭酒兼御","0","3","3"
"祭酒兼御史","0","3","3"
"酒兼御史中","0","3","3"
"兼御史中丞","0","3","3"
"这件事记载","0","3","3"
"件事记载在","0","3","3"
"自称为节度","0","3","3"
"称为节度使","0","3","3"
"骑兵一万人","0","3","3"
"听到周朝军","0","3","3"
"派他的大臣","0","3","3"
"李德明等人","0","3","3"
"他的儿子刘","0","3","3"
"这时刘守光","0","3","3"
"儿子刘承钧","0","3","3"
"向契丹投降","0","3","3"
"陷于吐蕃的","0","3","3"
"为门下侍郎","0","3","3"
"使安审琦为","0","3","3"
"节度使赵在","0","3","3"
"度使赵在礼","0","3","3"
"并增加食邑","0","3","3"
"庄宗蹶然兴","2","0","2"
"宗蹶然兴曰","2","0","2"
"行台左骁卫","1","1","2"
"台左骁卫将","1","1","2"
"左骁卫将军","1","1","2"
"未量移者量","2","0","2"
"量移者量移","2","0","2"
"应诸道州府","2","0","2"
"太祖神武元","1","1","2"
"祖神武元圣","1","1","2"
"神武元圣孝","1","1","2"
"武元圣孝皇","1","1","2"
"元圣孝皇帝","1","1","2"
"宋州砀山人","1","1","2"
"文惠王皇后","1","1","2"
"砀山县午沟","1","1","2"
"萧县人刘崇","1","1","2"
"广明元年十","1","1","2"
"明元年十二","1","1","2"
"州节度使诸","1","1","2"
"使诸葛爽率","1","1","2"
"中元年二月","2","0","2"
"南面行营先","1","1","2"
"面行营先锋","1","1","2"
"行营先锋使","1","1","2"
"同州防御使","1","1","2"
"使王重荣屯","1","1","2"
"左军使孟楷","1","1","2"
"监军使严实","1","1","2"
"充河中行营","2","0","2"
"帝宣武军节","2","0","2"
"时蔡州刺史","1","1","2"
"蔡州刺史秦","1","1","2"
"州刺史秦宗","1","1","2"
"刺史秦宗权","1","1","2"
"斩首二千余","2","0","2"
"首二千余级","2","0","2"
"东节度使李","1","1","2"
"部下数百人","2","0","2"
"蔡州秦宗权","1","1","2"
"州秦宗权继","1","1","2"
"光启元年春","1","1","2"
"时唐室微弱","2","0","2"
"僖宗降制就","2","0","2"
"遣使赍伪诏","2","0","2"
"节度使鹿宴","1","1","2"
"杨行密互相","1","1","2"
"行密互相攻","1","1","2"
"密互相攻伐","1","1","2"
"帝检校太尉","2","0","2"
"刺史丘礼献","1","1","2"
"水部郎中王","1","1","2"
"部郎中王赞","1","1","2"
"郎中王赞撰","1","1","2"
"命翰林承旨","1","1","2"
"翰林承旨刘","1","1","2"
"林承旨刘崇","1","1","2"
"承旨刘崇望","1","1","2"
"旨刘崇望撰","1","1","2"
"袭李罕河阳","2","0","2"
"增食邑三千","2","0","2"
"举汉南地归","2","0","2"
"遣使送款帝","2","0","2"
"蔡州四面副","1","1","2"
"州四面副都","1","1","2"
"四面副都统","1","1","2"
"孙儒攻陷扬","1","1","2"
"儒攻陷扬州","1","1","2"
"龙纪元年正","1","1","2"
"纪元年正月","1","1","2"
"师古攻下宿","1","1","2"
"古攻下宿迁","1","1","2"
"攻下宿迁县","1","1","2"
"军司马李璠","2","0","2"
"昭宗御延喜","2","0","2"
"宗御延喜楼","2","0","2"
"大顺元年四","1","1","2"
"顺元年四月","1","1","2"
"逐刺史张绍","1","1","2"
"刺史张绍光","1","1","2"
"帝遣硃友裕","2","0","2"
"军三千余众","2","0","2"
"沙陀援军石","1","1","2"
"陀援军石君","1","1","2"
"河东东面行","1","1","2"
"东东面行营","1","1","2"
"东面行营招","1","1","2"
"时朝廷宰臣","1","1","2"
"朝廷宰臣张","1","1","2"
"廷宰臣张浚","1","1","2"
"都将冯霸杀","1","1","2"
"请河阳节度","1","1","2"
"衔枚犯围入","2","0","2"
"遣使持厚币","2","0","2"
"遣丁会急攻","1","1","2"
"丁会急攻宿","1","1","2"
"会急攻宿州","1","1","2"
"刺史张筠坚","1","1","2"
"史张筠坚守","1","1","2"
"将郭绍宾杀","1","1","2"
"将刘知俊率","2","0","2"
"乾宁元年二","1","1","2"
"宁元年二月","1","1","2"
"蕃将安福顺","1","1","2"
"蕃将史完府","1","1","2"
"将何怀宝等","1","1","2"
"郓州兵马留","1","1","2"
"光化元年正","1","1","2"
"节度使卢廷","1","1","2"
"度使卢廷彦","1","1","2"
"刺史邢善益","1","1","2"
"邢州刺史马","1","1","2"
"州刺史马师","1","1","2"
"刺史马师素","1","1","2"
"史马师素弃","1","1","2"
"马师素弃城","1","1","2"
"磁州刺史袁","1","1","2"
"州刺史袁奉","1","1","2"
"刺史袁奉滔","1","1","2"
"邢州昭义军","1","1","2"
"州昭义军节","1","1","2"
"节度使赵匡","1","1","2"
"度使赵匡凝","1","1","2"
"遣氏叔琮率","2","0","2"
"氏叔琮率师","2","0","2"
"叔琮率师伐","2","0","2"
"淮南杨行密","1","1","2"
"时幽州节度","1","1","2"
"使刘仁恭大","1","1","2"
"李思安等先","1","1","2"
"思安等先屯","1","1","2"
"夺马二千余","2","0","2"
"马二千余匹","2","0","2"
"溺死者甚众","2","0","2"
"丁会潞州节","2","0","2"
"会潞州节度","2","0","2"
"海州陈汉宾","1","1","2"
"帅刘仁恭大","1","1","2"
"仁恭大举援","2","0","2"
"逆战乾宁军","2","0","2"
"战乾宁军老","2","0","2"
"佐马慎交下","2","0","2"
"马慎交下百","2","0","2"
"慎交下百余","2","0","2"
"交下百余人","2","0","2"
"左军中尉刘","1","1","2"
"军中尉刘季","1","1","2"
"立皇子德王","1","1","2"
"左右中尉刘","1","1","2"
"右中尉刘季","1","1","2"
"河东屯将李","1","1","2"
"东屯将李审","1","1","2"
"屯将李审建","1","1","2"
"同州留后司","1","1","2"
"州留后司马","1","1","2"
"太子太师卢","1","1","2"
"子太师卢知","1","1","2"
"太师卢知猷","1","1","2"
"师卢知猷等","1","1","2"
"卢知猷等二","1","1","2"
"知猷等二百","1","1","2"
"猷等二百六","1","1","2"
"等二百六十","1","1","2"
"二百六十三","1","1","2"
"百六十三人","1","1","2"
"大将符道昭","1","1","2"
"度使李继徽","1","1","2"
"唐丞相崔允","2","0","2"
"晋军大举南","1","1","2"
"军大举南下","1","1","2"
"晋州刺史氏","1","1","2"
"州刺史氏叔","1","1","2"
"刺史氏叔琮","1","1","2"
"翰林学士韩","1","1","2"
"林学士韩渥","1","1","2"
"赵国夫人宠","1","1","2"
"国夫人宠颜","1","1","2"
"华州留后李","1","1","2"
"州留后李存","1","1","2"
"留后李存审","1","1","2"
"押送军容使","1","1","2"
"送军容使韩","1","1","2"
"军容使韩全","1","1","2"
"容使韩全诲","1","1","2"
"昭宗命学士","1","1","2"
"宗命学士传","1","1","2"
"护国等军节","1","1","2"
"诸道兵马副","1","1","2"
"道兵马副元","1","1","2"
"造竭忠守正","1","1","2"
"竭忠守正功","1","1","2"
"忠守正功臣","1","1","2"
"偏将刘重霸","1","1","2"
"将刘重霸擒","1","1","2"
"棣州刺史邵","1","1","2"
"州刺史邵播","1","1","2"
"刺史邵播献","1","1","2"
"都指挥使硃","2","0","2"
"尹郑元规等","1","1","2"
"请陛下东迁","1","1","2"
"上章请车驾","2","0","2"
"密令医官许","1","1","2"
"令医官许昭","1","1","2"
"医官许昭远","1","1","2"
"驻军汉江北","1","1","2"
"阴谷江口造","1","1","2"
"荆南等二十","1","1","2"
"南等二十一","1","1","2"
"等二十一道","1","1","2"
"十二月乙酉","2","0","2"
"二月乙酉朔","2","0","2"
"吏臧延范密","1","1","2"
"臧延范密告","1","1","2"
"客将马嗣勋","1","1","2"
"拥大将史仁","2","0","2"
"将史仁遇保","2","0","2"
"史仁遇保高","2","0","2"
"仁遇保高唐","2","0","2"
"都将康怀英","1","1","2"
"开平元年正","1","1","2"
"平元年正月","1","1","2"
"年正月丁亥","2","0","2"
"臣张文蔚等","1","1","2"
"高祖妫州府","1","1","2"
"祖妫州府君","1","1","2"
"太庙第一室","1","1","2"
"高平县君范","1","1","2"
"平县君范氏","1","1","2"
"县君范氏追","1","1","2"
"君范氏追谥","1","1","2"
"曾祖宣惠王","1","1","2"
"秦国夫人杨","1","1","2"
"国夫人杨氏","1","1","2"
"人杨氏追谥","1","1","2"
"吴国夫人刘","1","1","2"
"夫人刘氏追","1","1","2"
"人刘氏追谥","1","1","2"
"晋国太夫人","1","1","2"
"国太夫人王","1","1","2"
"太夫人王氏","1","1","2"
"夫人王氏追","1","1","2"
"人王氏追谥","1","1","2"
"宣武节度副","1","1","2"
"武节度副使","1","1","2"
"节度副使皇","1","1","2"
"度副使皇子","1","1","2"
"宰臣搜访贤","1","1","2"
"臣搜访贤良","1","1","2"
"改判建昌院","1","1","2"
"四镇兵马仓","1","1","2"
"镇兵马仓库","1","1","2"
"年未经昭雪","1","1","2"
"姓犯文穆皇","1","1","2"
"犯文穆皇帝","1","1","2"
"招讨使刘知","1","1","2"
"讨使刘知俊","1","1","2"
"水军都将黄","1","1","2"
"太原李存勖","1","1","2"
"装饰戈甲剑","1","1","2"
"饰戈甲剑戟","1","1","2"
"右天武军河","1","1","2"
"天武军河亭","1","1","2"
"阅禁卫六军","1","1","2"
"西汉梁孝王","1","1","2"
"汉梁孝王时","1","1","2"
"余文武百官","1","1","2"
"州刺史刘重","1","1","2"
"刺史刘重霸","1","1","2"
"史刘重霸面","1","1","2"
"刘重霸面陈","1","1","2"
"重霸面陈破","1","1","2"
"霸面陈破敌","1","1","2"
"延州贼军寇","1","1","2"
"六军统军牛","1","1","2"
"军统军牛存","1","1","2"
"统军牛存节","1","1","2"
"常州东州镇","1","1","2"
"州东州镇杀","1","1","2"
"获战船一百","1","1","2"
"战船一百二","1","1","2"
"宰臣文武百","1","1","2"
"太庙四室神","1","1","2"
"庙四室神主","1","1","2"
"太常仪仗鼓","1","1","2"
"常仪仗鼓吹","1","1","2"
"宣制大赦天","2","0","2"
"太康县等九","1","1","2"
"康县等九县","1","1","2"
"削夺刘知俊","1","1","2"
"赏钱一万贯","1","1","2"
"钱一万贯文","1","1","2"
"赏钱一千贯","1","1","2"
"钱一千贯文","1","1","2"
"新安县奉迎","1","1","2"
"直右保胜指","1","1","2"
"右保胜指挥","1","1","2"
"保胜指挥使","1","1","2"
"右龙虎军十","1","1","2"
"龙虎军十将","1","1","2"
"虎军十将张","1","1","2"
"军十将张温","1","1","2"
"上二十二人","1","1","2"
"命宰臣杨涉","1","1","2"
"宰臣杨涉赴","1","1","2"
"臣杨涉赴西","1","1","2"
"杨涉赴西都","1","1","2"
"开平三年九","1","1","2"
"平三年九月","1","1","2"
"群臣文武百","1","1","2"
"杨师厚白绫","1","1","2"
"殿直王唐福","1","1","2"
"逆将李洪归","1","1","2"
"将李洪归降","1","1","2"
"开封府虞候","1","1","2"
"封府虞候李","1","1","2"
"府虞候李继","1","1","2"
"虞候李继业","1","1","2"
"襄州都指挥","1","1","2"
"都指挥使程","1","1","2"
"指挥使程晖","1","1","2"
"都指挥使傅","1","1","2"
"指挥使傅霸","1","1","2"
"左右内直控","1","1","2"
"右内直控鹤","1","1","2"
"内直控鹤等","1","1","2"
"直控鹤等引","1","1","2"
"天下现任官","1","1","2"
"开平四年正","1","1","2"
"平四年正月","1","1","2"
"受百官称贺","1","1","2"
"榆林东北坡","1","1","2"
"叶县镇遏使","1","1","2"
"县镇遏使冯","1","1","2"
"镇遏使冯德","1","1","2"
"遏使冯德武","1","1","2"
"蔡州西平县","1","1","2"
"州西平县界","1","1","2"
"西平县界杀","1","1","2"
"节度使钱镠","2","0","2"
"沙陀振武贼","1","1","2"
"陀振武贼帅","1","1","2"
"振武贼帅周","1","1","2"
"武贼帅周德","1","1","2"
"贼帅周德威","1","1","2"
"泾原贼帅李","1","1","2"
"原贼帅李继","1","1","2"
"贼帅李继鸾","1","1","2"
"度使李仁福","1","1","2"
"使李仁福兵","1","1","2"
"李仁福兵力","1","1","2"
"供奉官张汉","1","1","2"
"奉官张汉玫","1","1","2"
"国礼使杜廷","1","1","2"
"礼使杜廷隐","1","1","2"
"指挥使张初","1","1","2"
"开平四年十","1","1","2"
"平四年十月","1","1","2"
"乾化元年正","1","1","2"
"诏征陕州镇","1","1","2"
"征陕州镇国","1","1","2"
"陕州镇国军","1","1","2"
"州镇国军节","1","1","2"
"镇国军节度","1","1","2"
"刺史张慎思","1","1","2"
"右厢指挥使","1","1","2"
"厢指挥使刘","1","1","2"
"指挥使刘行","1","1","2"
"挥使刘行琮","1","1","2"
"使刘行琮乘","1","1","2"
"刘行琮乘虚","1","1","2"
"行琮乘虚作","1","1","2"
"琮乘虚作乱","1","1","2"
"朝元殿视朝","1","1","2"
"改开平五年","1","1","2"
"十月辛亥朔","2","0","2"
"左龙骧都教","1","1","2"
"龙骧都教练","1","1","2"
"骧都教练使","1","1","2"
"都教练使邓","1","1","2"
"教练使邓季","1","1","2"
"练使邓季筠","1","1","2"
"魏博马军都","1","1","2"
"博马军都指","1","1","2"
"指挥使何令","1","1","2"
"挥使何令稠","1","1","2"
"太尉杨师厚","1","1","2"
"铁马步甲十","1","1","2"
"马步甲十万","1","1","2"
"乾化二年正","1","1","2"
"判六军事张","1","1","2"
"六军事张宗","1","1","2"
"诏工部尚书","2","0","2"
"部尚书李皎","1","1","2"
"散骑常侍孙","1","1","2"
"骑常侍孙骘","1","1","2"
"谏议大夫张","1","1","2"
"议大夫张衍","1","1","2"
"兵部侍郎刘","1","1","2"
"部侍郎刘邈","1","1","2"
"兵部郎中张","1","1","2"
"光禄少卿卢","1","1","2"
"禄少卿卢秉","1","1","2"
"少卿卢秉彝","1","1","2"
"知制诰窦赏","1","1","2"
"制诰窦赏等","1","1","2"
"诰窦赏等十","1","1","2"
"窦赏等十五","1","1","2"
"赏等十五人","1","1","2"
"左常侍韦戬","1","1","2"
"常侍韦戬等","1","1","2"
"侍韦戬等二","1","1","2"
"韦戬等二十","1","1","2"
"戬等二十三","1","1","2"
"等二十三人","1","1","2"
"军招讨使杨","1","1","2"
"河南尹魏王","1","1","2"
"河阳留后邵","1","1","2"
"阳留后邵赞","1","1","2"
"史段明远等","1","1","2"
"宰臣薛贻矩","1","1","2"
"臣薛贻矩抱","1","1","2"
"元贞皇后张","1","1","2"
"贞皇后张氏","1","1","2"
"左天兴军使","1","1","2"
"二年六月二","1","1","2"
"年六月二日","1","1","2"
"供奉官丁昭","1","1","2"
"招讨杨令公","1","1","2"
"侍卫亲军袁","1","1","2"
"卫亲军袁象","1","1","2"
"亲军袁象先","1","1","2"
"钱五十万缗","1","1","2"
"令小校王舜","1","1","2"
"小校王舜贤","1","1","2"
"刘重遇部下","1","1","2"
"重遇部下龙","1","1","2"
"遇部下龙骧","1","1","2"
"二月十五日","1","1","2"
"弘农郡王杨","1","1","2"
"农郡王杨师","1","1","2"
"郡王杨师厚","1","1","2"
"师厚检校太","2","0","2"
"将史建瑭赵","2","0","2"
"史建瑭赵州","2","0","2"
"万进青州节","2","0","2"
"进青州节度","2","0","2"
"黄泽岭东下","1","1","2"
"杨师厚军漳","2","0","2"
"将曹进金奔","2","0","2"
"时朝廷福王","2","0","2"
"朝廷福王友","2","0","2"
"廷福王友璋","2","0","2"
"福王友璋镇","2","0","2"
"王友璋镇徐","2","0","2"
"友璋镇徐方","2","0","2"
"军节度使牛","1","1","2"
"开封尹刘鄩","2","0","2"
"杨溥遣大将","2","0","2"
"溥遣大将硃","2","0","2"
"遣大将硃瑾","2","0","2"
"同平章事牛","1","1","2"
"平章事牛存","1","1","2"
"章事牛存节","1","1","2"
"租庸判官邵","1","1","2"
"庸判官邵赞","1","1","2"
"罗绍威前恭","1","1","2"
"绍威前恭后","1","1","2"
"威前恭后倨","1","1","2"
"军节度使贺","1","1","2"
"率兵六万屯","1","1","2"
"张筠相州节","2","0","2"
"筠相州节度","2","0","2"
"囚节度使贺","2","0","2"
"大军屯南乐","2","0","2"
"指挥使王彦","1","1","2"
"挥使王彦章","1","1","2"
"三月二十九","1","1","2"
"德伦亲军五","1","1","2"
"伦亲军五百","1","1","2"
"军五百余人","2","0","2"
"牙将曹廷隐","1","1","2"
"邠州留后李","2","0","2"
"河阳留后霍","1","1","2"
"阳留后霍彦","1","1","2"
"彦威邠州节","2","0","2"
"威邠州节度","2","0","2"
"署泾州节度","2","0","2"
"李保衡归顺","1","1","2"
"节度使霍彦","1","1","2"
"度使霍彦威","1","1","2"
"都指挥使黄","1","1","2"
"指挥使黄贵","1","1","2"
"挥使黄贵坚","1","1","2"
"使黄贵坚守","1","1","2"
"晋王入魏州","2","0","2"
"德伦大同军","2","0","2"
"伦大同军节","2","0","2"
"改乾化五年","1","1","2"
"贞明二年春","1","1","2"
"命许州节度","1","1","2"
"节度使王檀","1","1","2"
"阳节度使谢","1","1","2"
"防御使王彦","1","1","2"
"御使王彦章","1","1","2"
"使王彦章率","2","0","2"
"问鄩决胜策","2","0","2"
"召诸将会议","2","0","2"
"偏将杨延直","1","1","2"
"召杨延直会","1","1","2"
"义军节度副","1","1","2"
"都将李霸作","1","1","2"
"将李霸作乱","1","1","2"
"龙骧都将杜","2","0","2"
"骧都将杜晏","2","0","2"
"乱者惟李霸","2","0","2"
"者惟李霸一","2","0","2"
"遣捉生都将","2","0","2"
"将张温率步","2","0","2"
"张温率步骑","2","0","2"
"温率步骑五","2","0","2"
"率步骑五百","2","0","2"
"弃城奔京师","2","0","2"
"庸使赵岩劝","1","1","2"
"驾急归东京","1","1","2"
"贞明四年春","1","1","2"
"明四年春正","1","1","2"
"将谢彦章帅","2","0","2"
"谢彦章帅众","2","0","2"
"彦章帅众数","2","0","2"
"章帅众数万","2","0","2"
"帅众数万迫","2","0","2"
"众数万迫杨","2","0","2"
"数万迫杨刘","2","0","2"
"率师次杨刘","2","0","2"
"彦章发伏兵","2","0","2"
"讨使贺瑰杀","1","1","2"
"步都虞候硃","2","0","2"
"依前行营诸","2","0","2"
"前行营诸军","2","0","2"
"莱等州观察","1","1","2"
"押新罗渤海","1","1","2"
"新罗渤海两","1","1","2"
"诸军马步军","2","0","2"
"沛国郡开国","1","1","2"
"国郡开国侯","1","1","2"
"王彦章一军","1","1","2"
"大将周德威","1","1","2"
"贞明五年春","1","1","2"
"明五年春正","1","1","2"
"晋人城德胜","2","0","2"
"贺瑰攻德胜","2","0","2"
"瑰攻德胜南","2","0","2"
"攻德胜南城","2","0","2"
"晋人断艨艟","2","0","2"
"晋王魏州太","2","0","2"
"王魏州太原","2","0","2"
"命开封尹王","1","1","2"
"许州留后王","1","1","2"
"州留后王彦","1","1","2"
"留后王彦章","1","1","2"
"后王彦章等","1","1","2"
"削夺广州节","1","1","2"
"夺广州节度","1","1","2"
"广州节度使","1","1","2"
"南平王刘岩","1","1","2"
"平王刘岩身","1","1","2"
"兵马元帅钱","1","1","2"
"十二月戊戌","2","0","2"
"退保杨村寨","2","0","2"
"中硃友谦袭","2","0","2"
"节度使程全","1","1","2"
"度使程全晖","1","1","2"
"使程全晖单","1","1","2"
"程全晖单骑","1","1","2"
"单骑奔京师","2","0","2"
"遣使求援晋","2","0","2"
"供奉官郎公","1","1","2"
"奉官郎公远","1","1","2"
"都将李嗣昭","1","1","2"
"余众退保华","2","0","2"
"众退保华州","2","0","2"
"退保华州罗","2","0","2"
"保华州罗文","2","0","2"
"时刺史惠王","1","1","2"
"刺史惠王友","2","0","2"
"史惠王友能","2","0","2"
"龙德元年二","1","1","2"
"镇州大将王","1","1","2"
"州大将王德","1","1","2"
"将王德明杀","1","1","2"
"宰臣敬翔请","1","1","2"
"庸使赵岩等","1","1","2"
"祠部员外郎","1","1","2"
"员外郎李枢","1","1","2"
"两都左右街","1","1","2"
"都左右街赐","1","1","2"
"赐紫衣师号","2","0","2"
"陈州刺史惠","1","1","2"
"州刺史惠王","1","1","2"
"河东道行营","1","1","2"
"东道行营都","1","1","2"
"都招讨使刘","1","1","2"
"面招讨使戴","1","1","2"
"招讨使戴思","1","1","2"
"讨使戴思远","1","1","2"
"龙德二年春","1","1","2"
"德二年春正","1","1","2"
"急攻德胜北","1","1","2"
"晋将李存审","1","1","2"
"将李存审极","1","1","2"
"李存审极力","1","1","2"
"存审极力拒","1","1","2"
"审极力拒守","1","1","2"
"史李存儒献","1","1","2"
"龙德三年春","1","1","2"
"德三年春三","1","1","2"
"晋潞州节度","1","1","2"
"潞州节度留","1","1","2"
"节度留后李","1","1","2"
"度留后李继","1","1","2"
"嗣昭潞州节","2","0","2"
"昭潞州节度","2","0","2"
"泽州刺史裴","1","1","2"
"州刺史裴约","1","1","2"
"改天祐二十","1","1","2"
"二十年同光","2","0","2"
"十年同光元","2","0","2"
"年同光元年","2","0","2"
"陈州刺史刘","1","1","2"
"州刺史刘遂","1","1","2"
"刺史刘遂严","1","1","2"
"都指挥使燕","1","1","2"
"率舟师杨村","2","0","2"
"杨村寨浮河","2","0","2"
"村寨浮河下","2","0","2"
"弃德胜北城","1","1","2"
"兵急攻博州","1","1","2"
"急攻博州新","1","1","2"
"将康延孝率","1","1","2"
"命滑州节度","1","1","2"
"王彦章率兵","1","1","2"
"监军张汉杰","1","1","2"
"帝西奔洛阳","1","1","2"
"诏河南尹张","2","0","2"
"尹张全义收","1","1","2"
"张全义收葬","1","1","2"
"太祖令友宁","1","1","2"
"右监门卫将","1","1","2"
"累官检校司","2","0","2"
"太祖驻军岐","1","1","2"
"祖驻军岐下","1","1","2"
"率兵万余人","2","0","2"
"昭宗归长安","2","0","2"
"岭南西道节","1","1","2"
"南西道节度","1","1","2"
"西道节度使","1","1","2"
"赐号迎銮毅","2","0","2"
"号迎銮毅勇","2","0","2"
"友伦前锋夜","1","1","2"
"伦前锋夜渡","1","1","2"
"守藤州刺史","1","1","2"
"晋人乘虚侵","1","1","2"
"兵西赴凤翔","1","1","2"
"宁远军节度","1","1","2"
"远军节度使","1","1","2"
"加检校左仆","2","0","2"
"将庞师古代","1","1","2"
"元贞皇后闻","1","1","2"
"宁军节度留","1","1","2"
"天平军留后","1","1","2"
"奉国军节度","1","1","2"
"天祐元年七","1","1","2"
"祐元年七月","1","1","2"
"州节度使齐","1","1","2"
"节度使齐克","1","1","2"
"授兗州节度","2","0","2"
"厚利招诱太","1","1","2"
"利招诱太祖","1","1","2"
"兄齐州刺史","1","1","2"
"骑士董怀进","1","1","2"
"庞师古乘胜","1","1","2"
"刺史尹处宾","1","1","2"
"时徐温父子","1","1","2"
"徐温父子恃","1","1","2"
"温父子恃宠","1","1","2"
"父子恃宠专","1","1","2"
"棣人洪霸郎","1","1","2"
"天复元年冬","1","1","2"
"车驾幸凤翔","2","0","2"
"韩全诲矫诏","2","0","2"
"天复三年七","1","1","2"
"复三年七月","1","1","2"
"令杨师厚进","1","1","2"
"杨师厚进攻","1","1","2"
"令副使李嗣","1","1","2"
"副使李嗣业","1","1","2"
"读书必须精","1","1","2"
"征金吾上将","2","0","2"
"亡夫横尸疆","1","1","2"
"夫横尸疆场","1","1","2"
"受陛下恩泽","1","1","2"
"唐大顺二年","2","0","2"
"大顺二年冬","1","1","2"
"左开道指挥","1","1","2"
"徐州马步军","1","1","2"
"西路招讨使","1","1","2"
"佑国军节度","1","1","2"
"度使王重师","1","1","2"
"节度使刘捍","1","1","2"
"华州蔡敬思","1","1","2"
"亲卫指挥使","1","1","2"
"武节度使韩","1","1","2"
"节度使韩逊","1","1","2"
"康怀英率师","2","0","2"
"州都校李保","1","1","2"
"都校李保衡","1","1","2"
"遣霍彦威率","1","1","2"
"天汉元年冬","1","1","2"
"元年冬十二","2","0","2"
"事节度使乐","1","1","2"
"节度使乐彦","1","1","2"
"度使乐彦贞","1","1","2"
"小校赵文建","1","1","2"
"唐文德元年","2","0","2"
"遣大将李存","2","0","2"
"稍侵魏刍牧","2","0","2"
"营观音门外","2","0","2"
"太祖遣葛周","2","0","2"
"光化元年八","1","1","2"
"化元年八月","1","1","2"
"募军中子弟","1","1","2"
"州刘仁恭拥","1","1","2"
"刘仁恭拥兵","1","1","2"
"仁恭拥兵十","1","1","2"
"恭拥兵十万","1","1","2"
"斩首三万余","1","1","2"
"首三万余级","1","1","2"
"遣使告太祖","2","0","2"
"遣长直军校","1","1","2"
"长直军校马","1","1","2"
"直军校马嗣","1","1","2"
"军校马嗣勋","1","1","2"
"天祐三年正","2","0","2"
"祐三年正月","2","0","2"
"三年正月五","1","1","2"
"时魏军二万","1","1","2"
"长芦五百里","1","1","2"
"扶天启运竭","1","1","2"
"天启运竭节","1","1","2"
"启运竭节功","1","1","2"
"运竭节功臣","1","1","2"
"重修五凤楼","1","1","2"
"封琅邪郡王","2","0","2"
"僖宗光启三","1","1","2"
"宗光启三年","1","1","2"
"重荣部将常","2","0","2"
"荣部将常行","2","0","2"
"将常行儒所","2","0","2"
"珙陕州节度","2","0","2"
"瑶绛州刺史","2","0","2"
"遣使求援太","2","0","2"
"珙厚结王行","1","1","2"
"厚结王行瑜","1","1","2"
"秦宗权蔡州","2","0","2"
"忠武监军杨","1","1","2"
"武监军杨复","1","1","2"
"潼关防御使","1","1","2"
"邠州王行瑜","2","0","2"
"河中王珂召","1","1","2"
"昭宗幸石门","2","0","2"
"建奉表迎驾","1","1","2"
"七月十五日","1","1","2"
"京畿安抚制","1","1","2"
"畿安抚制置","1","1","2"
"安抚制置等","1","1","2"
"抚制置等使","1","1","2"
"修创京城使","1","1","2"
"散随驾殿后","1","1","2"
"随驾殿后军","1","1","2"
"驾殿后军二","1","1","2"
"殿后军二万","1","1","2"
"后军二万人","1","1","2"
"捧日都头李","1","1","2"
"日都头李筠","1","1","2"
"害太子詹事","1","1","2"
"太子詹事马","1","1","2"
"子詹事马道","1","1","2"
"詹事马道殷","1","1","2"
"将作监许岩","1","1","2"
"作监许岩士","1","1","2"
"复元年十一","1","1","2"
"河阳诸葛爽","1","1","2"
"苑中飞龙厩","1","1","2"
"遣泽州刺史","2","0","2"
"史安金俊率","1","1","2"
"绛州刺史王","1","1","2"
"州刺史王友","1","1","2"
"刺史王友遇","1","1","2"
"河中王重盈","1","1","2"
"时张言治军","1","1","2"
"文德元年春","1","1","2"
"表泽州刺史","2","0","2"
"将李存孝率","1","1","2"
"州行营四面","1","1","2"
"行营四面都","1","1","2"
"营四面都统","1","1","2"
"授检校太尉","2","0","2"
"光化元年十","1","1","2"
"沁州刺史傅","1","1","2"
"州刺史傅瑶","1","1","2"
"刺史傅瑶等","1","1","2"
"太祖令丁会","1","1","2"
"山南节度使","1","1","2"
"南节度使刘","1","1","2"
"节度使刘巨","1","1","2"
"度使刘巨容","1","1","2"
"升金州节镇","2","0","2"
"铁林三千人","2","0","2"
"九寨都虞候","1","1","2"
"寨都虞候王","1","1","2"
"都虞候王涓","1","1","2"
"步骑万余人","2","0","2"
"列三寨金岭","2","0","2"
"都将邹务卿","1","1","2"
"尹万荣等三","1","1","2"
"万荣等三人","1","1","2"
"周儒等十人","1","1","2"
"张全义河阳","2","0","2"
"表授检校工","2","0","2"
"大顺元年八","1","1","2"
"顺元年八月","1","1","2"
"景福二年二","1","1","2"
"福二年二月","1","1","2"
"令都将张约","1","1","2"
"李胡椒等都","1","1","2"
"胡椒等都将","1","1","2"
"将李嗣昭急","1","1","2"
"李嗣昭急攻","1","1","2"
"嗣昭急攻邢","1","1","2"
"昭急攻邢州","1","1","2"
"蕃将贲金铁","1","1","2"
"都将薛突厥","1","1","2"
"宣义军行军","1","1","2"
"义军行军司","1","1","2"
"令贺德伦守","1","1","2"
"贺德伦守潞","1","1","2"
"德伦守潞州","1","1","2"
"获将佐马慎","1","1","2"
"追袭青山口","2","0","2"
"徐州两使留","1","1","2"
"天复元年三","1","1","2"
"复元年三月","1","1","2"
"偃师县亳邑","1","1","2"
"师县亳邑乡","1","1","2"
"授太子太师","2","0","2"
"贞明四年冬","1","1","2"
"都虞候硃珪","2","0","2"
"虞候硃珪所","2","0","2"
"杀彦章濮州","2","0","2"
"彦章濮州刺","2","0","2"
"章濮州刺史","2","0","2"
"弟三人弃家","1","1","2"
"三人弃家投","1","1","2"
"奏授检校左","2","0","2"
"贼将宗江等","1","1","2"
"将宗江等七","1","1","2"
"宗江等七十","1","1","2"
"功奏加检校","2","0","2"
"除河阳节度","2","0","2"
"二年秋七月","2","0","2"
"宗权强暴时","1","1","2"
"光启四年夏","1","1","2"
"启四年夏六","1","1","2"
"四年夏六月","1","1","2"
"行营都统使","1","1","2"
"泌州刺史赵","1","1","2"
"州刺史赵匡","1","1","2"
"杨师厚率师","2","0","2"
"时丞相裴坦","1","1","2"
"司勋吏部员","1","1","2"
"勋吏部员外","1","1","2"
"吏部员外郎","1","1","2"
"宰相裴枢等","1","1","2"
"相裴枢等五","1","1","2"
"裴枢等五家","1","1","2"
"下三十余人","2","0","2"
"度支盐铁使","1","1","2"
"太夫人膝下","1","1","2"
"检校水部郎","1","1","2"
"校水部郎中","1","1","2"
"扬府左司马","1","1","2"
"授检校右仆","2","0","2"
"开平三年夏","1","1","2"
"平三年夏四","1","1","2"
"翔剖析山川","1","1","2"
"金銮殿大学","1","1","2"
"銮殿大学士","1","1","2"
"崇政李太保","1","1","2"
"左右长剑军","1","1","2"
"重师然后率","1","1","2"
"裨将张君练","1","1","2"
"王武等八十","1","1","2"
"齐奉国等击","1","1","2"
"奉国等击退","1","1","2"
"东面都统齐","1","1","2"
"面都统齐克","1","1","2"
"都虞候张仁","1","1","2"
"虞候张仁遇","1","1","2"
"败贼将萧皓","1","1","2"
"珍率将校迎","1","1","2"
"都将霍存等","1","1","2"
"锋步军都头","1","1","2"
"滑州夹马指","1","1","2"
"州夹马指挥","1","1","2"
"夹马指挥使","1","1","2"
"步兵攻下三","1","1","2"
"右厢马步军","1","1","2"
"厢马步军指","1","1","2"
"大顺元年秋","1","1","2"
"军围张宗奭","2","0","2"
"加检校兵部","2","0","2"
"太祖东征徐","1","1","2"
"武宁军留后","1","1","2"
"光化二年夏","1","1","2"
"化二年夏四","1","1","2"
"时幽州刘仁","1","1","2"
"斩首五万级","1","1","2"
"刺史陶建钊","1","1","2"
"州刺史张汉","1","1","2"
"刺史张汉瑜","1","1","2"
"护国军留后","1","1","2"
"元帅府押牙","1","1","2"
"四镇通赞官","1","1","2"
"镇通赞官行","1","1","2"
"通赞官行首","1","1","2"
"右长直都指","1","1","2"
"长直都指挥","1","1","2"
"直都指挥使","1","1","2"
"彦卿身长八","1","1","2"
"卿身长八尺","1","1","2"
"太祖迎昭宗","2","0","2"
"相州防御使","1","1","2"
"彦卿追感旧","1","1","2"
"卿追感旧恩","1","1","2"
"授邓州节度","2","0","2"
"曹州南华人","1","1","2"
"平军节度留","1","1","2"
"授徐州节度","2","0","2"
"官检校司徒","1","1","2"
"左长剑都虞","1","1","2"
"长剑都虞候","1","1","2"
"太祖赐名怀","1","1","2"
"祖赐名怀玉","1","1","2"
"授金紫光禄","2","0","2"
"滑州右都押","1","1","2"
"州右都押牙","1","1","2"
"右步军指挥","1","1","2"
"王师范青州","2","0","2"
"师范青州叛","2","0","2"
"华州观察留","1","1","2"
"州观察留后","1","1","2"
"州马步都指","2","0","2"
"怀玉率亲兵","1","1","2"
"选亲兵五十","1","1","2"
"转左监门卫","2","0","2"
"许州两使留","1","1","2"
"彦章代戴思","2","0","2"
"章代戴思远","2","0","2"
"戴思远北面","2","0","2"
"思远北面招","2","0","2"
"远北面招讨","2","0","2"
"彦章舟师沿","2","0","2"
"章舟师沿流","2","0","2"
"舟师沿流下","2","0","2"
"遇转滩水汇","2","0","2"
"彦章急攻杨","1","1","2"
"章急攻杨刘","1","1","2"
"博州东岸筑","1","1","2"
"时段凝贿赂","1","1","2"
"谓李嗣源曰","2","0","2"
"晋王闻彦章","2","0","2"
"忠武军牙将","1","1","2"
"太祖遣师厚","2","0","2"
"都将八十人","1","1","2"
"莱州刺史王","1","1","2"
"州刺史王师","1","1","2"
"刺史王师诲","1","1","2"
"天复四年三","1","1","2"
"复四年三月","1","1","2"
"山南东道节","1","1","2"
"南东道节度","1","1","2"
"东道节度留","1","1","2"
"道节度留后","1","1","2"
"留后赵匡明","1","1","2"
"刘知俊同州","2","0","2"
"知俊同州叛","2","0","2"
"擒知俊弟知","2","0","2"
"俊弟知浣献","2","0","2"
"攻晋州甚急","2","0","2"
"太祖屡加督","1","1","2"
"祖屡加督责","1","1","2"
"魏州衙内都","1","1","2"
"州衙内都指","1","1","2"
"都指挥使潘","1","1","2"
"指挥使潘晏","1","1","2"
"大将臧延范","1","1","2"
"将三十余人","2","0","2"
"侍卫军使袁","1","1","2"
"卫军使袁象","1","1","2"
"军使袁象先","1","1","2"
"大军直抵镇","1","1","2"
"军直抵镇州","1","1","2"
"直抵镇州城","1","1","2"
"抵镇州城下","1","1","2"
"乾化五年三","1","1","2"
"化五年三月","1","1","2"
"置银枪效节","1","1","2"
"致使河朔沦","1","1","2"
"使河朔沦陷","1","1","2"
"诸葛爽河阳","2","0","2"
"宣义军小将","1","1","2"
"前后斩首二","1","1","2"
"后斩首二十","1","1","2"
"斩首二十余","2","0","2"
"首二十余级","2","0","2"
"濮州南刘桥","1","1","2"
"范县大破郓","1","1","2"
"文德元年夏","1","1","2"
"太祖东讨郓","1","1","2"
"祖东讨郓州","1","1","2"
"都指挥使庞","1","1","2"
"指挥使庞师","1","1","2"
"挥使庞师古","1","1","2"
"加检校右仆","2","0","2"
"败兵共八千","1","1","2"
"宣武军都指","1","1","2"
"滑州左衙步","1","1","2"
"州左衙步军","1","1","2"
"左衙步军指","1","1","2"
"衙步军指挥","1","1","2"
"发长直兵二","1","1","2"
"长直兵二千","1","1","2"
"直兵二千人","1","1","2"
"元帅府左都","1","1","2"
"帅府左都押","1","1","2"
"府左都押衙","1","1","2"
"右千牛卫上","1","1","2"
"千牛卫上将","1","1","2"
"牛卫上将军","1","1","2"
"河南留守张","1","1","2"
"南留守张全","1","1","2"
"留守张全义","1","1","2"
"守张全义召","1","1","2"
"节度使王敬","1","1","2"
"度使王敬武","1","1","2"
"都指挥使卢","1","1","2"
"昭宗幸凤翔","2","0","2"
"全诲矫诏征","2","0","2"
"心腹乘虚袭","1","1","2"
"腹乘虚袭取","1","1","2"
"将士同甘苦","2","0","2"
"度副使王彦","1","1","2"
"副使王彦温","1","1","2"
"王师范兵力","1","1","2"
"天复三年十","1","1","2"
"复三年十一","1","1","2"
"行军司马刘","1","1","2"
"军司马刘鄩","1","1","2"
"迁检校司徒","2","0","2"
"州刘知俊反","1","1","2"
"兵收复长安","1","1","2"
"同州军两使","1","1","2"
"州军两使留","1","1","2"
"军两使留后","1","1","2"
"管内观察使","2","0","2"
"乾化三年正","1","1","2"
"化三年正月","1","1","2"
"精兵万人洹","2","0","2"
"兵万人洹水","2","0","2"
"洹水移军魏","1","1","2"
"水移军魏县","1","1","2"
"鄩潜师黄泽","2","0","2"
"潜师黄泽西","2","0","2"
"师黄泽西趋","2","0","2"
"主上深居宫","1","1","2"
"上深居宫禁","1","1","2"
"鄩脱身南奔","1","1","2"
"使张万进反","1","1","2"
"州安抚制置","1","1","2"
"安抚制置使","1","1","2"
"小将邢师遇","1","1","2"
"河东道招讨","1","1","2"
"东道招讨使","1","1","2"
"友谦袭取同","2","0","2"
"谦袭取同州","2","0","2"
"河南尹张宗","1","1","2"
"诏赠中书令","2","0","2"
"郓州三军推","1","1","2"
"乾宁二年十","1","1","2"
"宁二年十月","1","1","2"
"郓州都将贺","1","1","2"
"州都将贺瑰","1","1","2"
"荆南两使留","1","1","2"
"南两使留后","1","1","2"
"行营左厢步","1","1","2"
"营左厢步军","1","1","2"
"充六军马步","2","0","2"
"六军马步都","2","0","2"
"乾化二年七","1","1","2"
"化二年七月","1","1","2"
"西面行营马","1","1","2"
"大战胡柳陂","2","0","2"
"时年六十二","1","1","2"
"博节度使罗","1","1","2"
"陛下积忧勤","1","1","2"
"陇右金城人","1","1","2"
"金方道副都","1","1","2"
"方道副都护","1","1","2"
"沙陀府都督","1","1","2"
"率部众三万","1","1","2"
"阴山府都督","1","1","2"
"九月二十二","1","1","2"
"神武川新城","2","0","2"
"毗沙天王祠","1","1","2"
"云中守捉使","1","1","2"
"事防御使支","1","1","2"
"防御使支谟","1","1","2"
"文楚稍削军","2","0","2"
"云中防边督","1","1","2"
"中防边督将","1","1","2"
"边校程怀素","1","1","2"
"城中械文楚","2","0","2"
"请授武皇旄","1","1","2"
"授武皇旄钺","1","1","2"
"武皇大同军","2","0","2"
"浑赫连铎乘","1","1","2"
"赫连铎乘虚","1","1","2"
"云州守将拒","1","1","2"
"弟三人四面","1","1","2"
"三人四面应","1","1","2"
"乾符六年春","1","1","2"
"节度使李钧","1","1","2"
"充北面招讨","2","0","2"
"李钧中流矢","1","1","2"
"广明元年春","1","1","2"
"命元帅李涿","1","1","2"
"元帅李涿率","1","1","2"
"帅李涿率兵","1","1","2"
"李涿率兵数","1","1","2"
"涿率兵数万","1","1","2"
"武皇令军使","1","1","2"
"皇令军使傅","1","1","2"
"令军使傅文","1","1","2"
"军使傅文达","1","1","2"
"朔州刺史高","1","1","2"
"州刺史高文","1","1","2"
"刺史高文集","1","1","2"
"安庆等部将","1","1","2"
"大军攻蔚州","1","1","2"
"浑赫连铎密","1","1","2"
"令河东监军","1","1","2"
"河东监军陈","1","1","2"
"东监军陈景","1","1","2"
"兄李司徒父","1","1","2"
"李司徒父子","1","1","2"
"武皇雁门节","2","0","2"
"皇雁门节度","2","0","2"
"三万五千骑","1","1","2"
"晋国公王铎","1","1","2"
"铎承制授武","2","0","2"
"承制授武皇","2","0","2"
"武皇东北面","1","1","2"
"皇东北面行","1","1","2"
"前锋五百骑","1","1","2"
"伪诏赐武皇","2","0","2"
"黄巢大将尚","1","1","2"
"赵璋等引军","1","1","2"
"璋等引军十","1","1","2"
"等引军十五","1","1","2"
"引军十五万","1","1","2"
"武皇进军渭","1","1","2"
"皇进军渭桥","1","1","2"
"时年二十八","1","1","2"
"帅孟方立退","1","1","2"
"皇率蕃汉师","2","0","2"
"阳节度使诸","1","1","2"
"陈州北故阳","1","1","2"
"州北故阳里","1","1","2"
"平地水深数","1","1","2"
"地水深数尺","1","1","2"
"监军使陈景","1","1","2"
"军使陈景思","1","1","2"
"侍人郭景铢","1","1","2"
"光登尉氏门","1","1","2"
"朝廷遣天使","1","1","2"
"牙将杨彦洪","1","1","2"
"光启元年三","1","1","2"
"启元年三月","1","1","2"
"度使王处存","1","1","2"
"王处存求援","2","0","2"
"处存求援武","2","0","2"
"存求援武皇","2","0","2"
"武皇遣大将","2","0","2"
"皇遣大将康","2","0","2"
"遣大将康君","2","0","2"
"郭啜率兵赴","1","1","2"
"人退保新城","1","1","2"
"请削夺汴帅","1","1","2"
"削夺汴帅官","1","1","2"
"夺汴帅官爵","1","1","2"
"内臣杨复恭","1","1","2"
"臣杨复恭宣","1","1","2"
"杨复恭宣旨","1","1","2"
"时观军容使","1","1","2"
"中遣使上章","2","0","2"
"时田令孜请","1","1","2"
"田令孜请僖","1","1","2"
"令孜请僖宗","1","1","2"
"武皇遂班师","2","0","2"
"凤翔立嗣襄","1","1","2"
"翔立嗣襄王","1","1","2"
"大将安金俊","1","1","2"
"光启三年六","1","1","2"
"启三年六月","1","1","2"
"文德元年二","1","1","2"
"李存孝率精","1","1","2"
"邢州孟方立","1","1","2"
"大将奚忠信","1","1","2"
"龙纪元年五","1","1","2"
"纪元年五月","1","1","2"
"李存孝攻邢","2","0","2"
"存孝攻邢州","2","0","2"
"将王虔裕率","1","1","2"
"王虔裕率精","1","1","2"
"将王虔裕三","1","1","2"
"王虔裕三百","1","1","2"
"虔裕三百人","1","1","2"
"裕三百人献","1","1","2"
"威将兵三万","2","0","2"
"时徐州时溥","1","1","2"
"武皇命石君","1","1","2"
"牙将安居受","1","1","2"
"汴将硃崇节","2","0","2"
"大将李谠等","1","1","2"
"获马千余匹","1","1","2"
"李谠收军退","1","1","2"
"授昭义节度","2","0","2"
"义节度使孙","1","1","2"
"节度使孙揆","1","1","2"
"将校五百人","1","1","2"
"李存孝将兵","2","0","2"
"孝将兵五千","2","0","2"
"压晋州西门","2","0","2"
"骑将薛阿檀","1","1","2"
"将薛阿檀率","1","1","2"
"薛阿檀率前","1","1","2"
"阿檀率前军","1","1","2"
"檀率前军进","1","1","2"
"率前军进攻","1","1","2"
"武皇进军柳","1","1","2"
"皇进军柳会","1","1","2"
"度使李存孝","1","1","2"
"河阳赵克裕","1","1","2"
"阳赵克裕望","1","1","2"
"赵克裕望风","1","1","2"
"临城西北龙","1","1","2"
"城西北龙尾","1","1","2"
"西北龙尾岗","1","1","2"
"武皇分兵大","1","1","2"
"皇分兵大掠","1","1","2"
"皇遣李存信","2","0","2"
"武皇进军渡","1","1","2"
"诱幽州李匡","1","1","2"
"州李存孝叛","1","1","2"
"兵夜入镇州","1","1","2"
"李匡威率兵","1","1","2"
"匡威率兵赴","1","1","2"
"讨李存孝邢","2","0","2"
"骑将安福顺","1","1","2"
"节度使康君","1","1","2"
"度使康君立","1","1","2"
"李匡俦夺兄","2","0","2"
"安塞军戍将","1","1","2"
"塞军戍将刘","1","1","2"
"军戍将刘仁","1","1","2"
"戍将刘仁恭","1","1","2"
"武皇遇甚厚","2","0","2"
"仁恭数进画","2","0","2"
"恭数进画盖","2","0","2"
"数进画盖寓","2","0","2"
"李匡俦命大","1","1","2"
"匡俦命大将","1","1","2"
"俦命大将率","1","1","2"
"命大将率步","1","1","2"
"守城大将请","1","1","2"
"仁恭入城抚","2","0","2"
"恭入城抚劳","2","0","2"
"留腹心燕留","2","0","2"
"腹心燕留德","2","0","2"
"心燕留德等","2","0","2"
"留德等十余","2","0","2"
"德等十余人","2","0","2"
"等十余人分","2","0","2"
"十余人分典","2","0","2"
"余人分典军","2","0","2"
"人分典军政","2","0","2"
"度使王重盈","1","1","2"
"武皇遂举兵","1","1","2"
"刺史王瑶登","1","1","2"
"节度使王行","1","1","2"
"度使王行约","1","1","2"
"使王行约弃","1","1","2"
"王行约弃城","1","1","2"
"枢密使骆全","1","1","2"
"军指挥使李","1","1","2"
"挥使李继鹏","1","1","2"
"指挥使王行","1","1","2"
"挥使王行实","1","1","2"
"李茂贞声言","1","1","2"
"判官王瑰奉","1","1","2"
"官王瑰奉表","1","1","2"
"子遣延王戒","2","0","2"
"遣延王戒丕","2","0","2"
"供奉官张承","1","1","2"
"奉官张承业","1","1","2"
"下兵马都招","1","1","2"
"兵马都招讨","1","1","2"
"马都招讨使","1","1","2"
"延王传天子","1","1","2"
"王传天子密","1","1","2"
"传天子密旨","1","1","2"
"加武皇守太","1","1","2"
"武皇守太师","1","1","2"
"宁四面行营","1","1","2"
"时王行瑜弟","1","1","2"
"王行瑜弟兄","1","1","2"
"行瑜弟兄固","1","1","2"
"瑜弟兄固守","1","1","2"
"弟兄固守梨","1","1","2"
"兄固守梨园","1","1","2"
"固守梨园寨","1","1","2"
"武皇请赐河","1","1","2"
"皇请赐河中","1","1","2"
"请赐河中王","1","1","2"
"赐河中王珂","1","1","2"
"河中王珂旌","1","1","2"
"子赐武皇内","1","1","2"
"赐武皇内弟","1","1","2"
"武皇内弟子","1","1","2"
"皇内弟子四","1","1","2"
"内弟子四人","1","1","2"
"赐魏国夫人","1","1","2"
"魏国夫人陈","1","1","2"
"国夫人陈氏","1","1","2"
"武皇令李罕","1","1","2"
"梨园等三寨","1","1","2"
"大将李元福","1","1","2"
"将李元福等","1","1","2"
"李元福等二","1","1","2"
"元福等二百","1","1","2"
"福等二百人","1","1","2"
"宁州守将徐","1","1","2"
"州守将徐景","1","1","2"
"守将徐景乞","1","1","2"
"遂弃龙泉寨","1","1","2"
"杀南北司大","1","1","2"
"南北司大臣","1","1","2"
"家属五百人","1","1","2"
"忠贞平难功","1","1","2"
"贞平难功臣","1","1","2"
"加实封二百","1","1","2"
"指挥使李存","1","1","2"
"挥使李存信","1","1","2"
"氏叔琮引兵","1","1","2"
"指挥使落落","1","1","2"
"李存信攻魏","2","0","2"
"仁恭托契丹","2","0","2"
"恭托契丹入","2","0","2"
"托契丹入寇","2","0","2"
"俟敌退听命","2","0","2"
"骑将李承嗣","1","1","2"
"李嗣昭率二","1","1","2"
"嗣昭率二千","1","1","2"
"昭率二千骑","1","1","2"
"仁恭辞旨逊","2","0","2"
"击武皇军寨","1","1","2"
"匠修缮秦宫","1","1","2"
"将李存信收","1","1","2"
"昭率兵三万","1","1","2"
"王珙引汴军","1","1","2"
"遣李嗣昭将","2","0","2"
"州节度使薛","1","1","2"
"节度使薛志","1","1","2"
"度使薛志勤","1","1","2"
"州刺史李罕","1","1","2"
"武皇令周德","1","1","2"
"皇令周德威","1","1","2"
"武皇令都指","1","1","2"
"皇令都指挥","1","1","2"
"指挥使李君","1","1","2"
"挥使李君庆","1","1","2"
"李嗣昭攻尧","1","1","2"
"嗣昭攻尧山","1","1","2"
"葛周设伏青","2","0","2"
"周设伏青山","2","0","2"
"设伏青山口","2","0","2"
"燕军刘守光","1","1","2"
"定州王郜奔","1","1","2"
"天子加武皇","1","1","2"
"子加武皇实","1","1","2"
"加武皇实封","1","1","2"
"武皇实封一","1","1","2"
"皇实封一百","1","1","2"
"李嗣昭率步","1","1","2"
"汴将张存敬","1","1","2"
"将张存敬攻","1","1","2"
"张存敬攻陷","1","1","2"
"存敬攻陷晋","1","1","2"
"氏叔琮率兵","1","1","2"
"叔琮率兵五","1","1","2"
"琮率兵五万","1","1","2"
"魏博大将张","1","1","2"
"博大将张文","1","1","2"
"大将张文恭","1","1","2"
"州王处直众","1","1","2"
"沁州刺史蔡","1","1","2"
"州刺史蔡训","1","1","2"
"偏将李审建","1","1","2"
"将李审建先","1","1","2"
"镇州大将石","1","1","2"
"州大将石公","1","1","2"
"大将石公立","1","1","2"
"州刺史张鄂","1","1","2"
"时霖雨积旬","2","0","2"
"时大将李嗣","1","1","2"
"大将李嗣昭","1","1","2"
"隰州刺史唐","1","1","2"
"州刺史唐礼","1","1","2"
"慈州刺史张","1","1","2"
"州刺史张瑰","1","1","2"
"牙将张特持","1","1","2"
"天复二年二","1","1","2"
"复二年二月","1","1","2"
"氏叔琮将兵","2","0","2"
"叔琮将兵十","2","0","2"
"琮将兵十万","2","0","2"
"硃友宁烧营","2","0","2"
"嗣昭李存审","2","0","2"
"天祐元年闰","1","1","2"
"祐元年闰四","1","1","2"
"元年闰四月","1","1","2"
"迫天子迁都","1","1","2"
"天祐二年春","1","1","2"
"魏将史仁遇","1","1","2"
"李嗣昭率三","1","1","2"
"嗣昭率三千","1","1","2"
"昭率三千骑","1","1","2"
"汴将牛存节","1","1","2"
"仁恭遣使乞","2","0","2"
"恭遣使乞师","2","0","2"
"掌书记马郁","1","1","2"
"指挥使李溥","1","1","2"
"挥使李溥等","1","1","2"
"李嗣昭合燕","2","0","2"
"昭合燕军攻","2","0","2"
"四年正月甲","2","0","2"
"年正月甲申","2","0","2"
"将康怀英率","1","1","2"
"康怀英率兵","1","1","2"
"怀英率兵十","1","1","2"
"英率兵十万","1","1","2"
"城中音信断","1","1","2"
"中音信断绝","1","1","2"
"德威军余吾","2","0","2"
"祖调发山东","1","1","2"
"东南山口筑","2","0","2"
"发丧后二十","1","1","2"
"丧后二十七","1","1","2"
"后二十七日","1","1","2"
"二十七日除","1","1","2"
"庄宗光圣神","1","1","2"
"宗光圣神闵","1","1","2"
"光圣神闵孝","1","1","2"
"圣神闵孝皇","1","1","2"
"神闵孝皇帝","1","1","2"
"沧州刘守文","1","1","2"
"子志气远大","1","1","2"
"时年二十四","1","1","2"
"管内蕃汉马","1","1","2"
"内蕃汉马步","1","1","2"
"恐未能弹压","2","0","2"
"季父勋德俱","2","0","2"
"父勋德俱高","2","0","2"
"请制置军府","2","0","2"
"听季父处分","2","0","2"
"衣服礼秩嫡","2","0","2"
"服礼秩嫡者","2","0","2"
"礼秩嫡者六","2","0","2"
"秩嫡者六七","2","0","2"
"嫡者六七辈","2","0","2"
"阴计干克宁","2","0","2"
"计干克宁曰","2","0","2"
"谋害张承业","1","1","2"
"汾九州归附","1","1","2"
"送贞简太后","1","1","2"
"杀大将李存","1","1","2"
"大将李存质","1","1","2"
"存颢辈欲太","2","0","2"
"颢辈欲太原","2","0","2"
"辈欲太原降","2","0","2"
"欲太原降贼","2","0","2"
"梁将李思安","1","1","2"
"将李思安屡","1","1","2"
"伏三垂岗下","2","0","2"
"进军直抵夹","1","1","2"
"军直抵夹城","1","1","2"
"帐下亲军攻","1","1","2"
"下亲军攻东","1","1","2"
"亲军攻东北","1","1","2"
"王霸率丁夫","1","1","2"
"副招讨使符","1","1","2"
"招讨使符道","1","1","2"
"讨使符道昭","1","1","2"
"大将三百人","1","1","2"
"招讨使康怀","1","1","2"
"讨使康怀英","1","1","2"
"唐龙纪元年","1","1","2"
"周德威乘胜","1","1","2"
"刺史王班登","1","1","2"
"史王班登城","1","1","2"
"梁将刘知俊","1","1","2"
"叛将刘知俊","1","1","2"
"先遣周德威","1","1","2"
"城中血战拒","1","1","2"
"中血战拒守","1","1","2"
"梁祖遣大将","2","0","2"
"大将李思安","1","1","2"
"供奉官杜廷","1","1","2"
"奉官杜廷隐","1","1","2"
"魏军三千人","1","1","2"
"周德威率军","1","1","2"
"都招讨使丁","1","1","2"
"招讨使丁会","1","1","2"
"二月丁巳朔","2","0","2"
"节度使王景","1","1","2"
"度使王景仁","1","1","2"
"相州刺史李","1","1","2"
"州刺史李思","1","1","2"
"王彦章率二","1","1","2"
"彦章率二千","1","1","2"
"章率二千骑","1","1","2"
"赞皇县东下","1","1","2"
"史建瑭率蕃","1","1","2"
"李思安率步","1","1","2"
"设伏村坞间","2","0","2"
"张承业登高","1","1","2"
"承业登高观","1","1","2"
"业登高观望","1","1","2"
"柏乡数十里","1","1","2"
"声言分兵就","1","1","2"
"言分兵就食","1","1","2"
"廷隐闭城杀","1","1","2"
"三镇步兵攻","1","1","2"
"镇步兵攻邢","1","1","2"
"步兵攻邢州","1","1","2"
"周翰闭壁固","1","1","2"
"黎阳都将张","1","1","2"
"部下兵三千","1","1","2"
"下兵三千人","1","1","2"
"左右匡霸使","1","1","2"
"周德威临清","2","0","2"
"时澶州刺史","1","1","2"
"澶州刺史张","1","1","2"
"帝下令班师","2","0","2"
"州刘守光凶","1","1","2"
"牙将戴汉超","1","1","2"
"都招讨使杨","1","1","2"
"州刘守光僭","1","1","2"
"州刘守光杀","1","1","2"
"刘守光幽州","2","0","2"
"燕将王行方","1","1","2"
"将王行方等","1","1","2"
"部下四百人","1","1","2"
"存审史建瑭","2","0","2"
"李都督分道","1","1","2"
"贺德伦营门","1","1","2"
"沧州都将张","1","1","2"
"州都将张万","1","1","2"
"都将张万进","1","1","2"
"张万进杀留","1","1","2"
"万进杀留后","1","1","2"
"进杀留后刘","1","1","2"
"杀留后刘继","1","1","2"
"留后刘继威","1","1","2"
"周德威遣李","2","0","2"
"李存晖攻瓦","1","1","2"
"存晖攻瓦桥","1","1","2"
"晖攻瓦桥关","1","1","2"
"李嗣源攻瀛","1","1","2"
"嗣源攻瀛州","1","1","2"
"德威涿州进","2","0","2"
"威涿州进军","2","0","2"
"帝命李存审","2","0","2"
"李存审率师","2","0","2"
"梁将康怀英","1","1","2"
"燕将赵行实","1","1","2"
"周德威攻下","1","1","2"
"德威攻下顺","1","1","2"
"威攻下顺州","1","1","2"
"檀州刺史陈","1","1","2"
"州刺史陈确","1","1","2"
"时居庸关使","1","1","2"
"居庸关使胡","1","1","2"
"庸关使胡令","1","1","2"
"武州刺史高","1","1","2"
"州刺史高行","1","1","2"
"爱将元行钦","1","1","2"
"安金全率兵","1","1","2"
"金全率兵救","1","1","2"
"全率兵救武","1","1","2"
"率兵救武州","1","1","2"
"燕将李晖等","1","1","2"
"将李晖等二","1","1","2"
"李晖等二十","1","1","2"
"刘光浚攻下","1","1","2"
"光浚攻下平","1","1","2"
"浚攻下平州","1","1","2"
"五月壬寅朔","2","0","2"
"将杨师厚会","1","1","2"
"刘守奇率大","1","1","2"
"守奇率大军","1","1","2"
"奇率大军侵","1","1","2"
"先锋将史建","1","1","2"
"赵州率五百","1","1","2"
"州率五百骑","1","1","2"
"德威分兵赴","1","1","2"
"威分兵赴援","1","1","2"
"燕将司全爽","1","1","2"
"将司全爽等","1","1","2"
"司全爽等十","1","1","2"
"全爽等十一","1","1","2"
"爽等十一人","1","1","2"
"贼将杨师贵","1","1","2"
"将杨师贵等","1","1","2"
"杨师贵等五","1","1","2"
"师贵等五十","1","1","2"
"贵等五十人","1","1","2"
"五院军使李","1","1","2"
"院军使李信","1","1","2"
"军使李信攻","1","1","2"
"使李信攻下","1","1","2"
"李信攻下莫","1","1","2"
"信攻下莫州","1","1","2"
"节度使刘守","1","1","2"
"度使刘守奇","1","1","2"
"守光率七百","1","1","2"
"光率七百骑","1","1","2"
"获大将李刘","1","1","2"
"将吏八百五","1","1","2"
"吏八百五十","1","1","2"
"八百五十人","1","1","2"
"马一百五十","1","1","2"
"一百五十匹","1","1","2"
"将李小喜等","1","1","2"
"李小喜等七","1","1","2"
"牙将刘化修","1","1","2"
"乘马玉鞍勒","1","1","2"
"刘光浚擒送","1","1","2"
"守光伪殿直","1","1","2"
"光伪殿直二","1","1","2"
"伪殿直二十","1","1","2"
"殿直二十五","1","1","2"
"直二十五人","1","1","2"
"十一月己亥","2","0","2"
"将李小喜所","1","1","2"
"周德威幽州","2","0","2"
"檀州燕乐县","1","1","2"
"妻李氏祝氏","1","1","2"
"州王处直遣","2","0","2"
"王处直遣使","2","0","2"
"春正月戊戌","2","0","2"
"正月戊戌朔","2","0","2"
"大将李存霸","1","1","2"
"将李存霸拘","1","1","2"
"李存霸拘送","2","0","2"
"存霸拘送仁","2","0","2"
"霸拘送仁恭","2","0","2"
"拘送仁恭代","2","0","2"
"送仁恭代州","2","0","2"
"心血奠告武","1","1","2"
"血奠告武皇","1","1","2"
"奠告武皇陵","1","1","2"
"裨将曹进金","1","1","2"
"祐十二年三","1","1","2"
"十二年三月","1","1","2"
"命马步副总","1","1","2"
"马步副总管","1","1","2"
"步副总管李","1","1","2"
"遂进军永济","1","1","2"
"令张彦部下","1","1","2"
"贝州张源德","1","1","2"
"沧州首尾相","1","1","2"
"州首尾相应","1","1","2"
"命辽州牙将","1","1","2"
"辽州牙将马","1","1","2"
"州牙将马通","1","1","2"
"梁澶州刺史","1","1","2"
"澶州刺史王","1","1","2"
"州刺史王彦","1","1","2"
"邢州陈宋口","1","1","2"
"州陈宋口渡","1","1","2"
"陈宋口渡漳","1","1","2"
"宋口渡漳水","1","1","2"
"临清率五百","1","1","2"
"清率五百骑","1","1","2"
"梁将贺瑰袭","1","1","2"
"将贺瑰袭取","1","1","2"
"贺瑰袭取澶","1","1","2"
"瑰袭取澶州","1","1","2"
"帝遣李存审","2","0","2"
"存审率兵五","1","1","2"
"审率兵五千","1","1","2"
"率兵五千攻","1","1","2"
"兵五千攻贝","1","1","2"
"五千攻贝州","1","1","2"
"令李存审守","1","1","2"
"李存审守营","1","1","2"
"李存审大军","1","1","2"
"昭义李嗣昭","1","1","2"
"分兵攻卫州","1","1","2"
"度使李嗣本","1","1","2"
"梁沧州节度","1","1","2"
"祐十四年二","1","1","2"
"十四年二月","1","1","2"
"残兵保守黎","1","1","2"
"兵保守黎阳","1","1","2"
"卢文进杀节","1","1","2"
"文进杀节度","1","1","2"
"进杀节度使","1","1","2"
"度使李存矩","1","1","2"
"契丹攻新州","1","1","2"
"刺史安金全","1","1","2"
"史安金全弃","1","1","2"
"安金全弃城","1","1","2"
"文进部将刘","1","1","2"
"进部将刘殷","1","1","2"
"德威率兵三","2","0","2"
"威率兵三万","2","0","2"
"文进引契丹","1","1","2"
"进引契丹大","1","1","2"
"城中随机应","1","1","2"
"时李存审请","1","1","2"
"阎宝率师夜","1","1","2"
"宝率师夜过","1","1","2"
"率师夜过祁","1","1","2"
"师夜过祁沟","1","1","2"
"秋七月辛未","2","0","2"
"李嗣源率三","1","1","2"
"嗣源率三千","1","1","2"
"源率三千骑","1","1","2"
"幽州六十里","1","1","2"
"授存审检校","2","0","2"
"嗣源检校太","2","0","2"
"阎宝加同平","1","1","2"
"宝加同平章","1","1","2"
"进攻杨刘城","1","1","2"
"十二月庚子","2","0","2"
"二月庚子朔","2","0","2"
"时梁将贺瑰","1","1","2"
"骑将谢彦章","1","1","2"
"令军中老幼","1","1","2"
"突入梁军阵","1","1","2"
"入梁军阵中","1","1","2"
"见梁军旗帜","1","1","2"
"周德威战殁","2","0","2"
"银枪都将王","1","1","2"
"枪都将王建","1","1","2"
"时元城令吴","1","1","2"
"元城令吴琼","1","1","2"
"贵乡令胡装","1","1","2"
"祐十六年春","1","1","2"
"命昭义军节","1","1","2"
"权知幽州军","2","0","2"
"知幽州军府","2","0","2"
"近臣李绍宏","1","1","2"
"围德胜南城","1","1","2"
"南城守将氏","1","1","2"
"城守将氏延","1","1","2"
"守将氏延赏","1","1","2"
"将氏延赏告","1","1","2"
"氏延赏告急","1","1","2"
"能吐火焚舟","1","1","2"
"勇士三百人","1","1","2"
"潘张村梁军","1","1","2"
"祐十七年春","1","1","2"
"中节度使硃","2","0","2"
"友谦取同州","1","1","2"
"汉总管李存","1","1","2"
"追斩二千余","2","0","2"
"斩二千余级","2","0","2"
"时淮南杨溥","1","1","2"
"文礼镇州兵","1","1","2"
"礼镇州兵马","1","1","2"
"镇州兵马留","1","1","2"
"河东节度副","1","1","2"
"东节度副使","1","1","2"
"节度副使卢","1","1","2"
"度副使卢汝","1","1","2"
"令天平节度","1","1","2"
"成德兵马留","1","1","2"
"德兵马留后","1","1","2"
"兵马留后符","1","1","2"
"马留后符习","1","1","2"
"留后符习率","1","1","2"
"后符习率兵","1","1","2"
"讨张文礼镇","2","0","2"
"令偏将符习","1","1","2"
"刺史王铤送","1","1","2"
"军镇州城下","2","0","2"
"前锋将史建","1","1","2"
"将戴思远攻","1","1","2"
"远攻德胜北","1","1","2"
"幕客齐俭等","1","1","2"
"张处瑾令韩","1","1","2"
"处瑾令韩正","1","1","2"
"瑾令韩正时","1","1","2"
"王都遣使告","2","0","2"
"都遣使告急","2","0","2"
"镇州率五千","1","1","2"
"州率五千骑","1","1","2"
"九年春正月","2","0","2"
"春正月甲午","2","0","2"
"契丹前锋三","1","1","2"
"丹前锋三千","1","1","2"
"前锋三千骑","1","1","2"
"将戴思远乘","1","1","2"
"戴思远乘虚","1","1","2"
"兵驰入魏州","1","1","2"
"契丹渡沙河","2","0","2"
"契丹万余骑","2","0","2"
"李嗣昭跃马","1","1","2"
"嗣昭跃马奋","1","1","2"
"昭跃马奋击","1","1","2"
"阎宝退保赵","1","1","2"
"宝退保赵州","1","1","2"
"嗣昭流矢所","2","0","2"
"昭流矢所中","2","0","2"
"存审北面招","2","0","2"
"审北面招讨","2","0","2"
"赵将李丰子","2","0","2"
"将李丰子冲","2","0","2"
"李丰子冲投","2","0","2"
"丰子冲投缒","2","0","2"
"子冲投缒接","2","0","2"
"冲投缒接王","2","0","2"
"投缒接王师","2","0","2"
"皆折足送行","2","0","2"
"折足送行台","2","0","2"
"镇人请醢食","2","0","2"
"春正月丙子","2","0","2"
"潞州留后李","1","1","2"
"州留后李继","1","1","2"
"后李继韬叛","1","1","2"
"魏州牙城南","1","1","2"
"文武臣僚称","1","1","2"
"武臣僚称贺","1","1","2"
"十五日昧爽","2","0","2"
"蕃汉马步将","1","1","2"
"汉马步将校","1","1","2"
"一子六品正","1","1","2"
"子六品正员","1","1","2"
"六品正员官","1","1","2"
"诏令镇州王","1","1","2"
"令镇州王景","1","1","2"
"中门使郭崇","1","1","2"
"门使郭崇韬","1","1","2"
"昭义监军使","1","1","2"
"义监军使张","1","1","2"
"监军使张居","1","1","2"
"军使张居翰","1","1","2"
"州军府事李","1","1","2"
"军府事李绍","1","1","2"
"府事李绍宏","1","1","2"
"绍宏宣徽使","2","0","2"
"李嗣源检校","2","0","2"
"依前横海军","1","1","2"
"前横海军节","1","1","2"
"内外蕃汉副","1","1","2"
"外蕃汉副总","1","1","2"
"召李嗣源谋","1","1","2"
"梁将董璋攻","1","1","2"
"守殷守德胜","1","1","2"
"殷守德胜南","1","1","2"
"守德胜南城","1","1","2"
"中书焦彦宾","1","1","2"
"德胜北城屋","1","1","2"
"胜北城屋木","1","1","2"
"凝率大军攻","1","1","2"
"率大军攻杨","1","1","2"
"大军攻杨刘","1","1","2"
"军攻杨刘南","1","1","2"
"攻杨刘南城","1","1","2"
"梁军昼夜攻","1","1","2"
"军昼夜攻击","1","1","2"
"登城望见梁","1","1","2"
"城望见梁军","1","1","2"
"梁军遂解围","1","1","2"
"退保邹家口","1","1","2"
"弃邹家口夜","1","1","2"
"骑将李绍贻","1","1","2"
"将李绍贻直","1","1","2"
"李绍贻直抵","1","1","2"
"绍贻直抵梁","1","1","2"
"贻直抵梁军","1","1","2"
"郓州引大军","1","1","2"
"巡视梁军故","1","1","2"
"视梁军故垒","1","1","2"
"段凝代王彦","2","0","2"
"凝代王彦章","2","0","2"
"前锋军士二","1","1","2"
"锋军士二百","1","1","2"
"军士二百人","1","1","2"
"梁左右先锋","1","1","2"
"左右先锋指","1","1","2"
"锋指挥使康","1","1","2"
"指挥使康延","1","1","2"
"挥使康延孝","1","1","2"
"张汉杰居中","1","1","2"
"汉杰居中专","1","1","2"
"杰居中专政","1","1","2"
"禁军攻郓州","1","1","2"
"十月内大举","1","1","2"
"召契丹南侵","1","1","2"
"契丹南侵瀛","1","1","2"
"时郭崇韬劝","1","1","2"
"将王彦章率","1","1","2"
"生擒梁将任","1","1","2"
"擒梁将任钊","1","1","2"
"田章等三百","1","1","2"
"章等三百人","1","1","2"
"俘斩二百级","1","1","2"
"下令军中将","1","1","2"
"令军中将士","1","1","2"
"军中将士家","1","1","2"
"中将士家属","1","1","2"
"大军杨刘济","2","0","2"
"军杨刘济河","2","0","2"
"时王彦章守","1","1","2"
"都监张汉杰","1","1","2"
"王山兴等将","1","1","2"
"嗣源率前军","1","1","2"
"源率前军先","1","1","2"
"嗣源令左右","1","1","2"
"源令左右捉","1","1","2"
"令左右捉生","1","1","2"
"梁开封尹王","1","1","2"
"梁朝文武官","1","1","2"
"梁教坊使陈","1","1","2"
"坊使陈俊保","1","1","2"
"使陈俊保庇","1","1","2"
"凝等率大将","1","1","2"
"等率大将先","1","1","2"
"伪宰相郑珏","1","1","2"
"宰相郑珏等","1","1","2"
"郑珏等一十","2","0","2"
"珏等一十一","2","0","2"
"等一十一人","2","0","2"
"梁将段凝上","1","1","2"
"梁朝权臣赵","1","1","2"
"王彦章同时","1","1","2"
"契丹实喇鄂","2","0","2"
"丹实喇鄂博","2","0","2"
"余文武职员","1","1","2"
"文武职员将","1","1","2"
"武职员将校","1","1","2"
"氏宗庙神主","1","1","2"
"天下官名府","1","1","2"
"下官名府号","1","1","2"
"行营将校等","1","1","2"
"壬午年十二","1","1","2"
"午年十二月","1","1","2"
"年十二月前","2","0","2"
"御史中丞李","1","1","2"
"史中丞李德","1","1","2"
"中丞李德休","1","1","2"
"检校太保段","1","1","2"
"校太保段凝","1","1","2"
"太保段凝依","1","1","2"
"前滑州留后","1","1","2"
"随驾兵马都","1","1","2"
"驾兵马都监","1","1","2"
"兵马都监夏","1","1","2"
"马都监夏彦","1","1","2"
"都监夏彦朗","1","1","2"
"梁将霍彦威","1","1","2"
"齐州刺史孟","1","1","2"
"贺收复天下","1","1","2"
"西平王硃友","2","0","2"
"平王硃友谦","2","0","2"
"平章事袁象","1","1","2"
"章事袁象先","1","1","2"
"同平章事温","1","1","2"
"平章事温韬","1","1","2"
"太常寺事关","1","1","2"
"常寺事关大","1","1","2"
"寺事关大礼","1","1","2"
"大理寺事关","1","1","2"
"理寺事关刑","1","1","2"
"寺事关刑法","1","1","2"
"除太常博士","1","1","2"
"太常博士外","1","1","2"
"司天五官正","1","1","2"
"任官满二十","1","1","2"
"官满二十五","1","1","2"
"西班上将军","1","1","2"
"枢密院斟酌","1","1","2"
"密院斟酌施","1","1","2"
"院斟酌施行","1","1","2"
"平章事豆卢","1","1","2"
"章事豆卢革","1","1","2"
"事豆卢革判","1","1","2"
"革判租庸使","1","1","2"
"王金朴英遣","2","0","2"
"金朴英遣使","2","0","2"
"人收掩战士","1","1","2"
"杨溥遣使贺","2","0","2"
"大吴国主书","1","1","2"
"吴国主书上","1","1","2"
"国主书上大","1","1","2"
"主书上大唐","1","1","2"
"御史台上言","1","1","2"
"本朝律令格","1","1","2"
"朝律令格式","1","1","2"
"州写副本进","1","1","2"
"诏贬安义军","1","1","2"
"贬安义军节","1","1","2"
"泽州刺史董","1","1","2"
"州刺史董璋","1","1","2"
"度副使李继","1","1","2"
"请奉高祖神","1","1","2"
"奉高祖神尧","1","1","2"
"神尧皇帝配","1","1","2"
"请奉太宗文","1","1","2"
"奉太宗文皇","1","1","2"
"宗文皇帝配","1","1","2"
"请奉太祖武","1","1","2"
"奉太祖武皇","1","1","2"
"祖武皇帝配","1","1","2"
"请奉懿祖昭","1","1","2"
"奉懿祖昭圣","1","1","2"
"懿祖昭圣皇","1","1","2"
"祖昭圣皇帝","1","1","2"
"昭圣皇帝配","1","1","2"
"亳州太清宫","1","1","2"
"州太清宫道","1","1","2"
"太清宫道士","1","1","2"
"南郊礼仪使","1","1","2"
"常卿李燕进","1","1","2"
"太庙登歌酌","1","1","2"
"庙登歌酌献","1","1","2"
"登歌酌献乐","1","1","2"
"歌酌献乐舞","1","1","2"
"诏改朝元殿","1","1","2"
"祖神主太庙","2","0","2"
"幽州北面军","1","1","2"
"州北面军前","1","1","2"
"北面军前奏","2","0","2"
"王李茂贞上","1","1","2"
"李茂贞上表","1","1","2"
"二十三日后","1","1","2"
"国遣使贡方","2","0","2"
"州山后十三","1","1","2"
"山后十三寨","1","1","2"
"后十三寨百","1","1","2"
"十三寨百姓","1","1","2"
"同光二年二","1","1","2"
"光二年二月","1","1","2"
"二年二月一","1","1","2"
"月一日昧爽","2","0","2"
"一日昧爽前","2","0","2"
"文武常参官","1","1","2"
"加阶爵一级","1","1","2"
"本朝内外臣","1","1","2"
"朝内外臣僚","1","1","2"
"天下户口正","1","1","2"
"关防严加捉","1","1","2"
"率百官上尊","2","0","2"
"百官上尊号","2","0","2"
"割许州鄢陵","1","1","2"
"曹州考城等","1","1","2"
"州考城等县","1","1","2"
"冀王李继麟","1","1","2"
"两池榷盐使","1","1","2"
"前右龙武军","1","1","2"
"右龙武军都","1","1","2"
"龙武军都虞","1","1","2"
"武军都虞候","1","1","2"
"守左龙武大","1","1","2"
"武大将军李","1","1","2"
"大将军李绍","1","1","2"
"将军李绍奇","1","1","2"
"使郭崇韬奏","1","1","2"
"奚王李绍威","2","0","2"
"皇帝四月一","1","1","2"
"帝四月一日","1","1","2"
"时伶人景进","1","1","2"
"大夫窦专上","1","1","2"
"军诸卫事故","2","0","2"
"册魏国夫人","2","0","2"
"赐霍彦威姓","1","1","2"
"潞州小校杨","1","1","2"
"州小校杨立","1","1","2"
"陕州留后李","1","1","2"
"州留后李绍","1","1","2"
"留后李绍真","1","1","2"
"召崇韬谓曰","2","0","2"
"度使李绍斌","1","1","2"
"使李绍斌充","1","1","2"
"李绍斌充东","1","1","2"
"绍斌充东北","1","1","2"
"斌充东北面","1","1","2"
"充东北面招","1","1","2"
"州节度李绍","1","1","2"
"节度李绍钦","1","1","2"
"枢密副使宋","1","1","2"
"密副使宋唐","1","1","2"
"副使宋唐玉","1","1","2"
"渤海国王大","1","1","2"
"中书侍郎吏","2","0","2"
"书侍郎吏部","2","0","2"
"侍郎吏部尚","2","0","2"
"郎吏部尚书","2","0","2"
"馆大学士豆","1","1","2"
"大学士豆卢","1","1","2"
"学士豆卢革","1","1","2"
"士豆卢革加","1","1","2"
"度使李绍安","1","1","2"
"送潞州叛将","1","1","2"
"叛将杨立等","1","1","2"
"卫国夫人韩","1","1","2"
"燕国夫人伊","1","1","2"
"国夫人伊氏","1","1","2"
"牙兵八千七","1","1","2"
"兵八千七百","1","1","2"
"八千七百人","1","1","2"
"宰臣摄太尉","2","0","2"
"臣摄太尉行","2","0","2"
"摄太尉行事","2","0","2"
"威塞军节度","1","1","2"
"塞军节度使","1","1","2"
"太原尹孟知","1","1","2"
"原尹孟知祥","1","1","2"
"尹孟知祥加","1","1","2"
"安巴坚渤海","2","0","2"
"司天台请禁","1","1","2"
"八月二十二","1","1","2"
"京城四门悬","1","1","2"
"故安义节度","1","1","2"
"陇西郡王李","1","1","2"
"西郡王李嗣","1","1","2"
"郡王李嗣昭","1","1","2"
"度使李绍钦","1","1","2"
"使李绍钦汤","1","1","2"
"李绍钦汤药","1","1","2"
"时皇太后行","1","1","2"
"皇后刘氏行","1","1","2"
"小马坊阅马","1","1","2"
"两浙兵马留","1","1","2"
"浙兵马留后","1","1","2"
"岭南东道观","1","1","2"
"南东道观察","1","1","2"
"广州刺史钱","1","1","2"
"刺史钱元璙","2","0","2"
"史钱元璙检","2","0","2"
"钱元璙检校","2","0","2"
"元璙检校太","2","0","2"
"充两浙节度","1","1","2"
"两浙节度观","1","1","2"
"浙节度观察","1","1","2"
"部尚书铨事","1","1","2"
"尚书铨事崔","1","1","2"
"书铨事崔沂","1","1","2"
"吏部侍郎崔","1","1","2"
"部侍郎崔贻","1","1","2"
"侍郎崔贻孙","1","1","2"
"事中郑韬光","1","1","2"
"吏部员外卢","1","1","2"
"部员外卢损","1","1","2"
"选人吴延皓","1","1","2"
"人吴延皓取","1","1","2"
"付河南府处","1","1","2"
"河南府处死","1","1","2"
"时骑士围山","1","1","2"
"十一人功臣","1","1","2"
"十二月戊辰","2","0","2"
"教坊使王承","1","1","2"
"坊使王承颜","1","1","2"
"门佛寺祈雪","2","0","2"
"全义洛京留","2","0","2"
"义洛京留守","2","0","2"
"选园陵改葬","1","1","2"
"侍卫诸军将","2","0","2"
"卫诸军将校","2","0","2"
"斗减五十文","1","1","2"
"节度使王都","1","1","2"
"扶沟等县请","1","1","2"
"命李绍斌镇","1","1","2"
"幸近郊射雁","2","0","2"
"侍中王都进","1","1","2"
"中王都进封","1","1","2"
"洛京内外蕃","1","1","2"
"京内外蕃汉","1","1","2"
"皇帝行宝四","1","1","2"
"帝行宝四字","1","1","2"
"古文钱四百","1","1","2"
"文钱四百六","1","1","2"
"钱四百六十","1","1","2"
"四百六十六","1","1","2"
"杨溥遣使朝","2","0","2"
"溥遣使朝贡","2","0","2"
"京副留守张","1","1","2"
"副留守张宪","1","1","2"
"营家口一千","1","1","2"
"家口一千二","1","1","2"
"口一千二百","1","1","2"
"千二百人逃","1","1","2"
"二百人逃亡","1","1","2"
"时宫苑使王","1","1","2"
"宫苑使王允","1","1","2"
"苑使王允平","1","1","2"
"庸副使孔循","1","1","2"
"权知汴州军","2","0","2"
"知汴州军州","1","1","2"
"汴州军州事","1","1","2"
"溥遣使贡方","2","0","2"
"诏翰林学士","2","0","2"
"学士承旨卢","1","1","2"
"士承旨卢质","1","1","2"
"礼部侍郎裴","1","1","2"
"委中书门下","2","0","2"
"平章事赵光","1","1","2"
"五月壬辰朔","2","0","2"
"百官上表请","1","1","2"
"部族羊马三","1","1","2"
"族羊马三万","1","1","2"
"依旧例荐飨","1","1","2"
"百姓二十户","1","1","2"
"姓二十户充","1","1","2"
"书李琪充昭","1","1","2"
"李琪充昭宗","1","1","2"
"少帝改卜园","1","1","2"
"帝改卜园陵","1","1","2"
"改卜园陵礼","1","1","2"
"卜园陵礼仪","1","1","2"
"园陵礼仪使","1","1","2"
"工部郎中李","1","1","2"
"部郎中李途","1","1","2"
"充修奉诸陵","1","1","2"
"修奉诸陵使","1","1","2"
"年秋七月丁","2","0","2"
"河南府依法","1","1","2"
"臣上表请听","2","0","2"
"时枢密使郭","1","1","2"
"省使李严使","2","0","2"
"大行太后谥","2","0","2"
"太常卿署定","2","0","2"
"读太庙太祖","2","0","2"
"丞郎一人撰","1","1","2"
"涨一丈五尺","1","1","2"
"皇太后谥议","1","1","2"
"太庙太祖室","1","1","2"
"两省御史台","1","1","2"
"省御史台五","1","1","2"
"御史台五品","1","1","2"
"尚书省四品","1","1","2"
"温东离汴水","1","1","2"
"省使李严奉","1","1","2"
"先问契丹强","1","1","2"
"问契丹强弱","1","1","2"
"西川四面行","1","1","2"
"川四面行营","1","1","2"
"西川东北面","1","1","2"
"川东北面行","1","1","2"
"营都招讨制","1","1","2"
"都招讨制置","1","1","2"
"招讨制置等","1","1","2"
"讨制置等使","1","1","2"
"西川东南面","1","1","2"
"川东南面行","1","1","2"
"供军转运应","1","1","2"
"军转运应接","1","1","2"
"转运应接等","1","1","2"
"运应接等使","1","1","2"
"行营招讨副","1","1","2"
"营招讨副使","1","1","2"
"府节度使李","1","1","2"
"度使李绍琛","1","1","2"
"行营蕃汉马","1","1","2"
"营蕃汉马步","1","1","2"
"军都排阵斩","1","1","2"
"都排阵斩斫","1","1","2"
"充西川管内","2","0","2"
"西川管内安","1","1","2"
"川管内安抚","1","1","2"
"管内安抚应","1","1","2"
"内安抚应接","1","1","2"
"安抚应接使","1","1","2"
"左厢马步都","1","1","2"
"西川管内招","1","1","2"
"川管内招抚","1","1","2"
"管内招抚使","1","1","2"
"月十八日进","1","1","2"
"十八日进发","1","1","2"
"充中军马步","2","0","2"
"中军马步都","1","1","2"
"中军步军都","1","1","2"
"充中军左厢","2","0","2"
"中军左厢马","1","1","2"
"充中军右厢","2","0","2"
"中军右厢马","1","1","2"
"军右厢马军","1","1","2"
"中军左厢步","1","1","2"
"军左厢步军","1","1","2"
"中军右厢步","1","1","2"
"军右厢步军","1","1","2"
"中军马步军","1","1","2"
"马步军都监","1","1","2"
"高品李廷安","1","1","2"
"魏王衙通谒","1","1","2"
"林学士李愚","1","1","2"
"使侍中郭崇","1","1","2"
"月十八日后","1","1","2"
"上大行皇太","1","1","2"
"谥曰贞简皇","2","0","2"
"曰贞简皇太","2","0","2"
"皇太后尊谥","1","1","2"
"太后尊谥宝","1","1","2"
"后尊谥宝册","1","1","2"
"长寿宫门外","1","1","2"
"寿宫门外奉","1","1","2"
"贞简太后陵","1","1","2"
"简太后陵请","1","1","2"
"代州武皇陵","1","1","2"
"部侍郎冯道","1","1","2"
"侍郎冯道依","1","1","2"
"前本官充职","1","1","2"
"军储三十余","2","0","2"
"储三十余万","2","0","2"
"伪兴州刺史","1","1","2"
"兴州刺史王","1","1","2"
"刺史王承鉴","1","1","2"
"成州刺史王","1","1","2"
"刺史王承朴","1","1","2"
"史王承朴弃","1","1","2"
"王承朴弃城","1","1","2"
"三万逆战三","2","0","2"
"万逆战三泉","2","0","2"
"李严劲骑三","2","0","2"
"严劲骑三千","2","0","2"
"利州奔归成","2","0","2"
"州奔归成都","2","0","2"
"十一月庚寅","2","0","2"
"吉柏津浮梁","2","0","2"
"度使王宗寿","1","1","2"
"高丽国遣使","2","0","2"
"王衍遣使上","2","0","2"
"衍遣使上笺","2","0","2"
"皇弟郓州节","1","1","2"
"弟郓州节度","1","1","2"
"左金吾大将","1","1","2"
"吾大将军晋","1","1","2"
"大将军晋州","1","1","2"
"将军晋州节","1","1","2"
"军晋州节度","1","1","2"
"节度使存乂","2","0","2"
"复云麾将军","2","0","2"
"吾大将军同","1","1","2"
"大将军同正","1","1","2"
"伪六军使王","1","1","2"
"使王宗弼报","1","1","2"
"称西川兵马","1","1","2"
"西川兵马留","1","1","2"
"川兵马留后","1","1","2"
"宣徽使李周","1","1","2"
"徽使李周辂","1","1","2"
"令宰臣商量","1","1","2"
"义宁大长公","1","1","2"
"宁大长公主","1","1","2"
"十一妹张氏","1","1","2"
"瑶英长公主","1","1","2"
"时宰相豆卢","1","1","2"
"中官李绍宏","1","1","2"
"尚书李琪引","1","1","2"
"班行正四品","1","1","2"
"府县中量材","1","1","2"
"宜放归田里","2","0","2"
"称统军上将","1","1","2"
"统军上将军","1","1","2"
"本朝功臣子","1","1","2"
"朝功臣子孙","1","1","2"
"诸卫小将军","1","1","2"
"川节度使衙","1","1","2"
"节度使衙前","1","1","2"
"度使衙前补","1","1","2"
"使衙前补押","1","1","2"
"衙前补押衙","1","1","2"
"保大等节度","1","1","2"
"大等节度使","1","1","2"
"等节度使高","1","1","2"
"魏王继岌奏","2","0","2"
"秦州副史徐","1","1","2"
"州副史徐蔼","1","1","2"
"九千五百三","1","1","2"
"千五百三十","1","1","2"
"五百三十匹","1","1","2"
"正月戊午朔","2","0","2"
"西川王衍父","1","1","2"
"川王衍父子","1","1","2"
"中节度使李","1","1","2"
"度使李继麟","1","1","2"
"杀枢密使郭","1","1","2"
"安巴坚遣使","2","0","2"
"李继麟滑州","1","1","2"
"令硃守殷兵","2","0","2"
"硃守殷兵围","2","0","2"
"守殷兵围第","2","0","2"
"七千二百六","1","1","2"
"千二百六十","1","1","2"
"二百六十人","1","1","2"
"史武等七人","1","1","2"
"臣豆卢革上","1","1","2"
"令魏博指挥","1","1","2"
"魏博指挥使","1","1","2"
"博指挥使杨","1","1","2"
"指挥使杨仁","1","1","2"
"密诏令史彦","1","1","2"
"诏令史彦琼","1","1","2"
"令史彦琼杀","1","1","2"
"子澶州刺史","1","1","2"
"都巡检使孙","1","1","2"
"巡检使孙铎","1","1","2"
"检使孙铎等","1","1","2"
"使孙铎等急","1","1","2"
"彦琼单骑奔","1","1","2"
"命宋州节度","1","1","2"
"州节度使元","1","1","2"
"节度使元行","1","1","2"
"度使元行钦","1","1","2"
"福建节度副","1","1","2"
"建节度副使","1","1","2"
"度副使王延","1","1","2"
"使王审知委","1","1","2"
"权知军府事","2","0","2"
"邢州左右步","1","1","2"
"州左右步直","1","1","2"
"左右步直军","1","1","2"
"右步直军四","1","1","2"
"步直军四百","1","1","2"
"直军四百人","1","1","2"
"招讨使李绍","1","1","2"
"讨使李绍真","1","1","2"
"使李绍真率","1","1","2"
"李绍真率兵","1","1","2"
"绍真率兵讨","1","1","2"
"皇甫晖聚众","1","1","2"
"甫晖聚众大","1","1","2"
"马直宿卫军","1","1","2"
"直宿卫军士","1","1","2"
"宿卫军士王","1","1","2"
"卫军士王温","1","1","2"
"军士王温等","1","1","2"
"士王温等五","1","1","2"
"王温等五人","1","1","2"
"飞龙使颜思","1","1","2"
"龙使颜思威","1","1","2"
"省使李严押","1","1","2"
"汉总管李嗣","1","1","2"
"管李嗣源统","1","1","2"
"河朔郡邑多","1","1","2"
"使李绍宏等","1","1","2"
"谋臣猛将取","1","1","2"
"伶官交相谗","1","1","2"
"官交相谗谄","1","1","2"
"令总管进兵","1","1","2"
"延州知州白","1","1","2"
"州知州白彦","1","1","2"
"知州白彦琛","1","1","2"
"贼首赵太等","1","1","2"
"首赵太等二","1","1","2"
"赵太等二十","1","1","2"
"太等二十一","1","1","2"
"等二十一人","1","1","2"
"元行钦部下","1","1","2"
"逆贼康延孝","1","1","2"
"南高季兴上","1","1","2"
"宰臣枢密使","1","1","2"
"河南府预借","1","1","2"
"州节度使孔","1","1","2"
"节度使孔勍","2","0","2"
"龙虎统军安","1","1","2"
"虎统军安崇","1","1","2"
"统军安崇阮","1","1","2"
"客星犯天库","1","1","2"
"宫中妆奁银","1","1","2"
"中妆奁银盆","1","1","2"
"卫州率部下","1","1","2"
"金银四十万","1","1","2"
"遣中官向延","2","0","2"
"官向延嗣驰","2","0","2"
"龙骧马军八","1","1","2"
"骧马军八百","1","1","2"
"马军八百骑","1","1","2"
"兵二万五千","1","1","2"
"秦州都指挥","1","1","2"
"指挥使张塘","1","1","2"
"内库使张容","1","1","2"
"库使张容哥","1","1","2"
"蒙陛下抚养","1","1","2"
"义节度使孔","1","1","2"
"诏运粮万石","1","1","2"
"中兴殿廊下","1","1","2"
"马直指挥使","1","1","2"
"直指挥使郭","1","1","2"
"宫中率诸王","1","1","2"
"中率诸王近","1","1","2"
"率诸王近卫","1","1","2"
"入赵襄子庙","1","1","2"
"留守符存审","1","1","2"
"败梁将王彦","1","1","2"
"北京内衙指","1","1","2"
"京内衙指挥","1","1","2"
"内衙指挥使","1","1","2"
"突骑都指挥","1","1","2"
"骑都指挥使","1","1","2"
"率部下军士","1","1","2"
"牙将杨彦温","1","1","2"
"授左卫大将","2","0","2"
"复检校太傅","1","1","2"
"应顺元年二","1","1","2"
"顺元年二月","1","1","2"
"宾佐将吏谋","1","1","2"
"帝令李专美","1","1","2"
"令李专美草","1","1","2"
"朝廷命王思","1","1","2"
"廷命王思同","1","1","2"
"命王思同率","1","1","2"
"三月十五日","1","1","2"
"都指挥使杨","1","1","2"
"副留守刘遂","1","1","2"
"留守刘遂雍","1","1","2"
"京兆居民家","1","1","2"
"兆居民家财","1","1","2"
"王仲皋父子","1","1","2"
"仲皋父子迎","1","1","2"
"康义诚军前","1","1","2"
"卫州刺史王","1","1","2"
"刺史王宏贽","2","0","2"
"皇太后下令","1","1","2"
"长子潞王珂","2","0","2"
"书诏印施行","1","1","2"
"道等率百官","1","1","2"
"先皇帝栉风","1","1","2"
"皇帝栉风沐","1","1","2"
"帝栉风沐雨","1","1","2"
"承太后慈旨","1","1","2"
"抚四海九州","1","1","2"
"受群臣称贺","1","1","2"
"元魏时崔浩","1","1","2"
"岁月甲庚午","1","1","2"
"中兴戊己土","1","1","2"
"长兴四年五","1","1","2"
"兴四年五月","1","1","2"
"摄馆驿巡官","1","1","2"
"将作少监同","1","1","2"
"作少监同正","1","1","2"
"帝亲校刘延","1","1","2"
"亲校刘延朗","1","1","2"
"校刘延朗告","1","1","2"
"石壕人胡杲","1","1","2"
"壕人胡杲通","1","1","2"
"宜建功立事","1","1","2"
"诏预借居民","1","1","2"
"预借居民五","1","1","2"
"月九日鄂王","1","1","2"
"磁州刺史宋","1","1","2"
"州刺史宋令","1","1","2"
"刺史宋令询","1","1","2"
"宫中衣服器","1","1","2"
"改应顺元年","1","1","2"
"徽北院使郝","1","1","2"
"北院使郝琼","1","1","2"
"前三司使王","1","1","2"
"三司使王玫","1","1","2"
"凤翔节度判","1","1","2"
"翔节度判官","1","1","2"
"节度判官韩","1","1","2"
"度判官韩昭","1","1","2"
"都指挥使康","1","1","2"
"指挥使康义","1","1","2"
"挥使康义诚","1","1","2"
"西京留守王","1","1","2"
"京留守王思","1","1","2"
"留守王思同","1","1","2"
"州节度使药","1","1","2"
"节度使药彦","1","1","2"
"度使药彦稠","1","1","2"
"川孟知祥僭","1","1","2"
"知祥僭称大","1","1","2"
"祥僭称大蜀","1","1","2"
"学士韩昭允","2","0","2"
"密直学士李","1","1","2"
"直学士李专","1","1","2"
"学士李专美","1","1","2"
"军凤翔城下","2","0","2"
"凤翔城下归","1","1","2"
"章事冯道上","1","1","2"
"事冯道上表","1","1","2"
"皇子银青光","1","1","2"
"子银青光禄","1","1","2"
"守左卫上将","1","1","2"
"诸道节度使","2","0","2"
"相继加检校","1","1","2"
"继加检校官","1","1","2"
"州防御使相","1","1","2"
"防御使相里","1","1","2"
"御使相里金","1","1","2"
"判官薛文遇","1","1","2"
"工部尚书房","1","1","2"
"谏议大夫韩","1","1","2"
"议大夫韩昭","1","1","2"
"封吴岳成德","1","1","2"
"吴岳成德公","1","1","2"
"定秋夏田税","1","1","2"
"皇子亳州刺","1","1","2"
"子亳州刺史","1","1","2"
"惠明大师幼","1","1","2"
"明大师幼澄","1","1","2"
"大师幼澄举","1","1","2"
"师幼澄举哀","1","1","2"
"户部侍郎韩","1","1","2"
"部侍郎韩彦","1","1","2"
"侍郎韩彦恽","1","1","2"
"秋七月庚子","2","0","2"
"蜀孟知祥书","1","1","2"
"大蜀皇帝献","1","1","2"
"蜀皇帝献书","1","1","2"
"年四月十二","1","1","2"
"月十二日皇","1","1","2"
"中书门下三","1","1","2"
"立沛国夫人","1","1","2"
"沛国夫人刘","1","1","2"
"太子少傅陈","1","1","2"
"子少傅陈皋","1","1","2"
"庄宗朝列传","1","1","2"
"宗朝列传三","1","1","2"
"朝列传三十","1","1","2"
"列传三十卷","1","1","2"
"长兴四年十","1","1","2"
"兴四年十二","1","1","2"
"四年十二月","1","1","2"
"前天下所欠","1","1","2"
"天下所欠残","1","1","2"
"前尚书左丞","1","1","2"
"尚书左丞姚","1","1","2"
"受御署官逐","1","1","2"
"同一任正官","1","1","2"
"节度使赵凤","1","1","2"
"长兴三年正","1","1","2"
"兴三年正月","1","1","2"
"曹州刺史药","1","1","2"
"州刺史药纵","1","1","2"
"判官令录亲","1","1","2"
"行长兴三年","1","1","2"
"长兴三年敕","1","1","2"
"前潞州节度","1","1","2"
"同平章事卢","1","1","2"
"平章事卢文","1","1","2"
"章事卢文进","1","1","2"
"正月二十三","2","0","2"
"二十三日皇","1","1","2"
"十三日皇帝","1","1","2"
"三日皇帝诞","1","1","2"
"使石敬瑭率","1","1","2"
"石敬瑭率兵","1","1","2"
"上将军李宏","1","1","2"
"将军李宏元","1","1","2"
"知制诰吕琦","1","1","2"
"刑部侍郎郑","1","1","2"
"部侍郎郑韬","1","1","2"
"侍郎郑韬光","1","1","2"
"光禄少卿乌","1","1","2"
"禄少卿乌昭","1","1","2"
"少卿乌昭远","1","1","2"
"前任节度使","2","0","2"
"前兴州刺史","1","1","2"
"兴州刺史冯","1","1","2"
"配同州衙前","1","1","2"
"同州衙前安","1","1","2"
"州衙前安置","1","1","2"
"河东西北边","1","1","2"
"经契丹蹂践","2","0","2"
"契丹蹂践处","2","0","2"
"免三年两税","1","1","2"
"三年两税差","1","1","2"
"年两税差配","1","1","2"
"前华州节度","1","1","2"
"节度使王万","1","1","2"
"度使王万荣","1","1","2"
"北面马军都","1","1","2"
"州刺史安叔","1","1","2"
"刺史安叔千","1","1","2"
"州防御使尹","1","1","2"
"防御使尹晖","1","1","2"
"本州府长官","1","1","2"
"州府长官朝","1","1","2"
"光禄卿致仕","2","0","2"
"添征蚕盐钱","1","1","2"
"一百五十文","1","1","2"
"西京留守安","1","1","2"
"京留守安重","1","1","2"
"留守安重霸","1","1","2"
"臣卢文纪等","1","1","2"
"上皇妣鲁国","1","1","2"
"皇妣鲁国太","1","1","2"
"妣鲁国太夫","1","1","2"
"故太子太保","1","1","2"
"太子太保赵","1","1","2"
"子太保赵凤","1","1","2"
"内外所管军","1","1","2"
"外所管军人","1","1","2"
"本部大将一","1","1","2"
"中书令宰臣","1","1","2"
"书令宰臣面","1","1","2"
"令宰臣面试","1","1","2"
"学士马裔孙","1","1","2"
"览贞观故事","1","1","2"
"县丞皇甫德","1","1","2"
"丞皇甫德参","1","1","2"
"中丞卢损等","1","1","2"
"三百九十四","1","1","2"
"百九十四道","1","1","2"
"付御史台颁","1","1","2"
"天下见禁囚","2","0","2"
"下见禁囚徒","2","0","2"
"节度使杨檀","1","1","2"
"宪皇太后陵","1","1","2"
"史官修撰明","1","1","2"
"官修撰明宗","1","1","2"
"修撰明宗实","1","1","2"
"撰明宗实录","1","1","2"
"面招讨使赵","1","1","2"
"招讨使赵德","1","1","2"
"讨使赵德钧","1","1","2"
"行营排阵使","1","1","2"
"进军追袭契","1","1","2"
"军追袭契丹","1","1","2"
"北面转运副","1","1","2"
"面转运副使","1","1","2"
"转运副使刘","1","1","2"
"运副使刘福","1","1","2"
"副使刘福配","1","1","2"
"镇州百姓车","1","1","2"
"州百姓车子","1","1","2"
"百姓车子一","1","1","2"
"姓车子一千","1","1","2"
"车子一千五","1","1","2"
"子一千五百","1","1","2"
"前彰国军节","1","1","2"
"军节度使沙","1","1","2"
"度使沙彦珣","2","0","2"
"挟马都指挥","1","1","2"
"马都指挥使","1","1","2"
"指挥使李晖","1","1","2"
"挥使李晖等","1","1","2"
"使李晖等三","1","1","2"
"晖等三十六","1","1","2"
"等三十六人","1","1","2"
"内置延英殿","1","1","2"
"节度使高允","1","1","2"
"度使高允韬","1","1","2"
"军王景戡左","2","0","2"
"神武统军娄","1","1","2"
"武统军娄继","1","1","2"
"统军娄继英","1","1","2"
"西上阁门使","1","1","2"
"行少府少监","1","1","2"
"监通事舍人","2","0","2"
"通事舍人苏","1","1","2"
"事舍人苏继","1","1","2"
"舍人苏继颜","1","1","2"
"神武统军沙","1","1","2"
"武统军沙彦","1","1","2"
"延嗣父子相","1","1","2"
"嗣父子相承","1","1","2"
"前潞州行军","1","1","2"
"潞州行军司","1","1","2"
"行军司马陈","1","1","2"
"军司马陈元","1","1","2"
"团练使李彦","1","1","2"
"练使李彦舜","1","1","2"
"义武军节度","1","1","2"
"前云州节度","1","1","2"
"度使安重霸","1","1","2"
"使宋审虔河","2","0","2"
"置明算道举","1","1","2"
"徽南院使房","1","1","2"
"充枢密副使","2","0","2"
"左仆射李愚","1","1","2"
"北面行营总","1","1","2"
"面行营总管","1","1","2"
"行营总管石","1","1","2"
"营总管石敬","1","1","2"
"总管石敬瑭","1","1","2"
"兵部侍郎李","1","1","2"
"部侍郎李专","1","1","2"
"侍郎李专美","1","1","2"
"充宣徽北院","1","1","2"
"光禄卿王玟","1","1","2"
"充枢密使韩","1","1","2"
"枢密使韩昭","1","1","2"
"宗正少卿李","1","1","2"
"正少卿李延","1","1","2"
"少卿李延祚","1","1","2"
"故武安军州","1","1","2"
"武安军州节","1","1","2"
"安军州节度","1","1","2"
"军州节度使","1","1","2"
"累赠太傅刘","1","1","2"
"赠太傅刘建","1","1","2"
"太傅刘建峰","1","1","2"
"月一日上辛","1","1","2"
"户部侍郎程","1","1","2"
"部侍郎程遂","1","1","2"
"工部侍郎崔","1","1","2"
"院直学士吕","1","1","2"
"直学士吕琦","1","1","2"
"六军诸卫判","1","1","2"
"军诸卫判官","1","1","2"
"尚书工部郎","1","1","2"
"书工部郎中","1","1","2"
"工部郎中薛","1","1","2"
"部郎中薛文","1","1","2"
"郎中薛文遇","1","1","2"
"前司农卿王","1","1","2"
"司农卿王彦","1","1","2"
"两府留后李","1","1","2"
"监修国史姚","1","1","2"
"节度使王昶","1","1","2"
"度使王延钧","1","1","2"
"年十月十四","1","1","2"
"神武统军杨","1","1","2"
"武统军杨汉","1","1","2"
"统军杨汉章","1","1","2"
"礼部侍郎马","1","1","2"
"部侍郎马裔","1","1","2"
"侍郎马裔孙","1","1","2"
"责授右赞善","2","0","2"
"授右赞善大","2","0","2"
"知杂侍御史","1","1","2"
"杂侍御史韦","1","1","2"
"侍御史韦税","1","1","2"
"侍御史魏逊","1","1","2"
"太府寺主簿","1","1","2"
"侍御史王岳","1","1","2"
"司农寺主簿","1","1","2"
"延州保安镇","1","1","2"
"州保安镇将","1","1","2"
"保安镇将白","1","1","2"
"安镇将白文","1","1","2"
"镇将白文审","1","1","2"
"杀郡人赵思","1","1","2"
"郡人赵思谦","1","1","2"
"人赵思谦等","1","1","2"
"赵思谦等十","1","1","2"
"年五月十二","1","1","2"
"放火杀人外","1","1","2"
"太子詹事卢","1","1","2"
"子詹事卢演","1","1","2"
"工部尚书致","2","0","2"
"石敬瑭郓州","2","0","2"
"等军蕃汉副","1","1","2"
"军蕃汉副总","1","1","2"
"汉副总管张","1","1","2"
"副总管张敬","1","1","2"
"总管张敬达","1","1","2"
"西北面蕃汉","1","1","2"
"面蕃汉马步","2","0","2"
"汉马步都部","2","0","2"
"马步都部署","2","0","2"
"彰圣都指挥","2","0","2"
"饶州刺史符","1","1","2"
"州刺史符彦","1","1","2"
"刺史符彦饶","1","1","2"
"充侍卫步军","2","0","2"
"使范延光结","1","1","2"
"范延光结婚","1","1","2"
"国子祭酒马","1","1","2"
"子祭酒马缟","1","1","2"
"使石敬瑭叛","1","1","2"
"削夺石敬瑭","1","1","2"
"令张敬达进","1","1","2"
"张敬达进军","1","1","2"
"敬达进军攻","1","1","2"
"达进军攻讨","1","1","2"
"节度使张敬","1","1","2"
"度使张敬达","1","1","2"
"四面兵马都","1","1","2"
"四面兵马副","1","1","2"
"面兵马副部","1","1","2"
"兵马副部署","1","1","2"
"太原四面副","1","1","2"
"原四面副招","1","1","2"
"司天监赵延","1","1","2"
"臣闻作舍道","2","0","2"
"召马裔孙草","1","1","2"
"北面先锋都","1","1","2"
"面先锋都指","1","1","2"
"安审信率雄","1","1","2"
"审信率雄义","1","1","2"
"左第二指挥","1","1","2"
"第二指挥二","1","1","2"
"二指挥二百","1","1","2"
"指挥二百二","1","1","2"
"挥二百二十","1","1","2"
"二百二十七","1","1","2"
"部下共五百","1","1","2"
"指挥使安元","1","1","2"
"挥使安元信","1","1","2"
"使安元信谋","1","1","2"
"安元信谋杀","1","1","2"
"宣宪太后寝","1","1","2"
"宪太后寝宫","1","1","2"
"西北界巡检","1","1","2"
"北界巡检使","1","1","2"
"界巡检使安","1","1","2"
"巡检使安重","1","1","2"
"检使安重荣","1","1","2"
"使安重荣驱","1","1","2"
"五百骑叛入","2","0","2"
"百骑叛入太","2","0","2"
"骑叛入太原","2","0","2"
"新授河东节","1","1","2"
"授河东节度","1","1","2"
"东节度使宋","1","1","2"
"节度使宋审","1","1","2"
"度使宋审虔","1","1","2"
"都屯驻捧圣","1","1","2"
"令昭召副使","1","1","2"
"昭召副使边","1","1","2"
"召副使边仁","1","1","2"
"使边仁嗣下","2","0","2"
"军节度使刘","1","1","2"
"天雄军守御","1","1","2"
"右捧圣第二","1","1","2"
"捧圣第二军","1","1","2"
"第二军都虞","1","1","2"
"二军都虞候","1","1","2"
"军都虞候张","1","1","2"
"天雄军府事","1","1","2"
"书崔居俭奉","1","1","2"
"宪皇太后宝","1","1","2"
"皇太后宝册","1","1","2"
"西上阁门副","1","1","2"
"上阁门副使","1","1","2"
"通事舍人刘","1","1","2"
"事舍人刘颀","1","1","2"
"千牛将军张","1","1","2"
"牛将军张令","1","1","2"
"将军张令昭","1","1","2"
"右第三指挥","1","1","2"
"第三指挥使","1","1","2"
"三指挥使邢","1","1","2"
"指挥使邢立","1","1","2"
"第五指挥使","1","1","2"
"五指挥使康","1","1","2"
"指挥使康福","1","1","2"
"挥使康福进","1","1","2"
"使范延光天","2","0","2"
"范延光天雄","2","0","2"
"延光天雄军","2","0","2"
"雄军四面招","1","1","2"
"军四面招讨","1","1","2"
"四面招讨使","1","1","2"
"雄军四面副","1","1","2"
"军四面副招","1","1","2"
"河东将佐节","1","1","2"
"东将佐节度","1","1","2"
"将佐节度判","1","1","2"
"佐节度判官","1","1","2"
"节度判官赵","1","1","2"
"度判官赵莹","1","1","2"
"卫上将军石","1","1","2"
"上将军石重","1","1","2"
"将军石重英","1","1","2"
"皇城副使石","1","1","2"
"城副使石重","1","1","2"
"副使石重裔","1","1","2"
"奚王李素姑","1","1","2"
"都指挥使石","1","1","2"
"州节度使沙","1","1","2"
"军指挥使桑","1","1","2"
"指挥使桑迁","1","1","2"
"汝州襄城令","1","1","2"
"卫尉卿聂延","1","1","2"
"尉卿聂延祚","1","1","2"
"二十一日收","1","1","2"
"十一日收复","1","1","2"
"军司马李延","1","1","2"
"司马李延筠","1","1","2"
"令昭部下五","1","1","2"
"令昭部下败","1","1","2"
"昭部下败兵","1","1","2"
"获张令昭同","1","1","2"
"捧圣指挥使","1","1","2"
"圣指挥使米","1","1","2"
"指挥使米全","1","1","2"
"指挥使都头","1","1","2"
"圣指挥使张","1","1","2"
"挥使张万迪","1","1","2"
"部下五百骑","1","1","2"
"契丹三千骑","1","1","2"
"明殿学士吕","1","1","2"
"殿学士吕琦","1","1","2"
"武大将军袁","1","1","2"
"代北兵马都","1","1","2"
"北兵马都部","1","1","2"
"都指挥使党","1","1","2"
"指挥使党行","1","1","2"
"挥使党行进","1","1","2"
"造五龙桥攻","1","1","2"
"节度使董温","1","1","2"
"度使董温琪","1","1","2"
"甲马一百八","1","1","2"
"马一百八十","1","1","2"
"一百八十匹","1","1","2"
"都指挥使符","1","1","2"
"指挥使符彦","1","1","2"
"挥使符彦饶","1","1","2"
"使符彦饶率","1","1","2"
"符彦饶率兵","1","1","2"
"范延光率兵","1","1","2"
"州防御使潘","1","1","2"
"防御使潘环","1","1","2"
"使赵延寿先","1","1","2"
"吏部侍郎龙","1","1","2"
"部侍郎龙敏","1","1","2"
"帝立东丹王","1","1","2"
"立东丹王赞","1","1","2"
"东丹王赞华","1","1","2"
"镇州董温琪","1","1","2"
"十一月戊子","2","0","2"
"河东道南面","1","1","2"
"东道南面行","1","1","2"
"道南面行营","1","1","2"
"河东道东南","1","1","2"
"东道东南面","1","1","2"
"道东南面行","1","1","2"
"前坊州刺史","1","1","2"
"坊州刺史刘","1","1","2"
"州刺史刘景","1","1","2"
"军退入河东","1","1","2"
"退入河东川","1","1","2"
"入河东川界","1","1","2"
"延寿镇州节","1","1","2"
"寿镇州节制","1","1","2"
"德钧父子坚","1","1","2"
"丹州刺史康","1","1","2"
"州刺史康承","1","1","2"
"刺史康承询","1","1","2"
"史康承询停","1","1","2"
"承询奉诏率","1","1","2"
"询奉诏率义","1","1","2"
"奉诏率义军","1","1","2"
"太原行营副","1","1","2"
"原行营副招","1","1","2"
"使杨光远杀","1","1","2"
"送晋高祖南","1","1","2"
"帝固守河阳","1","1","2"
"使宋审虔率","1","1","2"
"武皇帝贞简","1","1","2"
"皇帝贞简皇","1","1","2"
"帝贞简皇后","1","1","2"
"贞简皇后曹","1","1","2"
"简皇后曹氏","1","1","2"
"庄宗平定赵","1","1","2"
"年平定河南","1","1","2"
"能弹压大事","1","1","2"
"孰敢异议者","2","0","2"
"都虞候李存","1","1","2"
"虞候李存质","1","1","2"
"管内太保阴","1","1","2"
"弃先人遗命","1","1","2"
"庄宗位魏州","2","0","2"
"时伪蜀主王","1","1","2"
"伪蜀主王衍","1","1","2"
"蜀主王衍率","1","1","2"
"令步骑亲军","1","1","2"
"步骑亲军三","1","1","2"
"骑亲军三万","1","1","2"
"伪蜀东川节","1","1","2"
"蜀东川节度","1","1","2"
"节度使宋光","1","1","2"
"度使宋光葆","1","1","2"
"阶州王承岳","1","1","2"
"度使王承休","1","1","2"
"使王承休弃","1","1","2"
"王承休弃城","1","1","2"
"充河东节度","2","0","2"
"充天下兵马","2","0","2"
"天下兵马大","1","1","2"
"下兵马大元","1","1","2"
"兵马大元帅","1","1","2"
"捧圣步骑两","1","1","2"
"圣步骑两指","1","1","2"
"步骑两指挥","1","1","2"
"奏刑部侍郎","2","0","2"
"刑部侍郎任","1","1","2"
"改封郇国公","1","1","2"
"诈称契丹主","1","1","2"
"知南朝军国","2","0","2"
"南朝军国事","2","0","2"
"汉高祖将离","1","1","2"
"武皇母弟代","1","1","2"
"皇母弟代州","1","1","2"
"母弟代州刺","1","1","2"
"弟代州刺史","1","1","2"
"河中留后事","1","1","2"
"汴将泽州刺","1","1","2"
"将泽州刺史","1","1","2"
"州刺史刘屺","1","1","2"
"刺史刘屺弃","1","1","2"
"史刘屺弃城","1","1","2"
"贺德伦闭壁","1","1","2"
"张归厚弃城","1","1","2"
"汴人攻沧州","2","0","2"
"刘仁恭求救","1","1","2"
"汴将侯信守","1","1","2"
"汴将阎宝救","1","1","2"
"刺史李瑭谋","1","1","2"
"遇汴将王友","1","1","2"
"汴将王友通","1","1","2"
"嗣昭进兵蒲","1","1","2"
"昭进兵蒲县","1","1","2"
"嗣昭血战解","1","1","2"
"李存信率牙","1","1","2"
"存信率牙兵","1","1","2"
"武皇昼夜登","1","1","2"
"皇昼夜登城","1","1","2"
"嗣昭昼夜分","1","1","2"
"昭昼夜分兵","1","1","2"
"昼夜分兵四","1","1","2"
"仁恭遣使求","2","0","2"
"恭遣使求援","2","0","2"
"家四面空缺","1","1","2"
"事军校王建","1","1","2"
"十七年六月","1","1","2"
"大王持重谨","1","1","2"
"汴将刘鄩攻","2","0","2"
"将刘鄩攻同","2","0","2"
"刘鄩攻同州","2","0","2"
"征张文礼镇","2","0","2"
"嗣昭节制泽","1","1","2"
"杨氏治家善","1","1","2"
"氏治家善积","1","1","2"
"治家善积聚","1","1","2"
"致家财百万","1","1","2"
"庄宗令李存","1","1","2"
"宗令李存渥","1","1","2"
"诈令三军劫","1","1","2"
"租庸计度请","1","1","2"
"内官张居翰","1","1","2"
"潞州节度判","1","1","2"
"州节度判官","1","1","2"
"继韬同平章","1","1","2"
"韬同平章事","1","1","2"
"庄宗平河南","2","0","2"
"继忠一人仅","1","1","2"
"潞州小校冯","1","1","2"
"州小校冯霸","1","1","2"
"小校冯霸杀","1","1","2"
"命京兆尹孙","1","1","2"
"令供奉官韩","1","1","2"
"供奉官韩归","1","1","2"
"奉官韩归范","1","1","2"
"官韩归范送","1","1","2"
"大顺二年三","1","1","2"
"顺二年三月","1","1","2"
"时幽州李匡","1","1","2"
"定州王处存","1","1","2"
"李存信存孝","2","0","2"
"汴将安康八","1","1","2"
"缚马关东下","1","1","2"
"击镇州四关","1","1","2"
"镇州四关城","1","1","2"
"奉诚军使孙","1","1","2"
"诚军使孙考","1","1","2"
"军使孙考老","1","1","2"
"武皇进攻邢","1","1","2"
"皇进攻邢州","1","1","2"
"深沟高垒环","1","1","2"
"军校袁奉韬","1","1","2"
"远祖没诺干","1","1","2"
"节度使王武","1","1","2"
"度使王武俊","1","1","2"
"女寿安公主","1","1","2"
"光化三年秋","1","1","2"
"欲穷兵黩武","2","0","2"
"送牛酒货币","1","1","2"
"牛酒货币犒","1","1","2"
"大将梁公儒","1","1","2"
"大将王景仁","1","1","2"
"奉唐朝正朔","1","1","2"
"将王德明率","1","1","2"
"王德明率三","1","1","2"
"德明率三十","1","1","2"
"明率三十七","1","1","2"
"率三十七都","1","1","2"
"镕登山临水","1","1","2"
"王母观石路","1","1","2"
"亲事偏将苏","1","1","2"
"事偏将苏汉","1","1","2"
"偏将苏汉衡","1","1","2"
"将苏汉衡率","1","1","2"
"苏汉衡率兵","1","1","2"
"军司马李蔼","1","1","2"
"部下偏将下","1","1","2"
"下偏将下狱","1","1","2"
"镕姬妾数百","1","1","2"
"军校张友顺","1","1","2"
"庄宗攻下镇","1","1","2"
"宗攻下镇州","1","1","2"
"庄宗命幕客","1","1","2"
"镕故将符习","1","1","2"
"故赵王王镕","1","1","2"
"赵王王镕小","1","1","2"
"前成德军中","1","1","2"
"成德军中军","1","1","2"
"德军中军使","1","1","2"
"特授朝议大","1","1","2"
"授朝议大夫","1","1","2"
"检校考功郎","1","1","2"
"校考功郎中","1","1","2"
"防御使段文","1","1","2"
"御使段文楚","1","1","2"
"李振武父子","1","1","2"
"振武父子勇","1","1","2"
"朝廷命招讨","1","1","2"
"廷命招讨使","1","1","2"
"命招讨使李","1","1","2"
"招讨使李钧","1","1","2"
"将安休休叛","1","1","2"
"潞州小校安","1","1","2"
"州小校安居","1","1","2"
"小校安居受","1","1","2"
"校安居受反","1","1","2"
"光化二年三","1","1","2"
"化二年三月","1","1","2"
"德威李嗣昭","2","0","2"
"合燕军攻潞","1","1","2"
"燕军攻潞州","1","1","2"
"骁将黄角鹰","1","1","2"
"授蕃汉马步","2","0","2"
"七年十一月","1","1","2"
"节度使王镕","2","0","2"
"军张承业曰","2","0","2"
"景仁下令造","1","1","2"
"仁下令造浮","1","1","2"
"下令造浮桥","1","1","2"
"年正月二日","1","1","2"
"德威侧身避","1","1","2"
"大将李山海","1","1","2"
"将李山海等","1","1","2"
"李山海等五","1","1","2"
"山海等五十","1","1","2"
"海等五十二","1","1","2"
"等五十二人","1","1","2"
"十年十一月","1","1","2"
"将刘鄩洹水","2","0","2"
"十四年三月","1","1","2"
"汴将王彦章","2","0","2"
"镇星犯上将","1","1","2"
"飨庄宗庙廷","1","1","2"
"左右厢步军","1","1","2"
"蕃汉马步副","1","1","2"
"汉马步副指","1","1","2"
"马步副指挥","1","1","2"
"步副指挥使","1","1","2"
"存审率前锋","1","1","2"
"存审安国军","1","1","2"
"审安国军节","1","1","2"
"磁等州观察","1","1","2"
"十四年八月","1","1","2"
"时梁将谢彦","1","1","2"
"存审率师进","1","1","2"
"审率师进攻","1","1","2"
"率师进攻叛","1","1","2"
"郭崇韬奏曰","2","0","2"
"存审伏枕叹","1","1","2"
"射钩斩祛人","2","0","2"
"诸道蕃汉马","1","1","2"
"道蕃汉马步","1","1","2"
"五月十五日","1","1","2"
"周德威相匹","1","1","2"
"中门使吴珙","1","1","2"
"庄宗犹豫未","1","1","2"
"宗犹豫未决","1","1","2"
"陷德胜南城","1","1","2"
"急攻杨刘城","1","1","2"
"庄宗登城四","1","1","2"
"宗登城四望","1","1","2"
"博州东岸立","1","1","2"
"州东岸立栅","1","1","2"
"陛下十五年","1","1","2"
"庄宗送刘皇","1","1","2"
"宗送刘皇后","1","1","2"
"兴圣宫使继","2","0","2"
"圣宫使继岌","2","0","2"
"朝城西野亭","1","1","2"
"庸使张宪守","1","1","2"
"冀州节度使","1","1","2"
"进封赵郡公","1","1","2"
"崇韬位极人","1","1","2"
"韬位极人臣","1","1","2"
"时近臣劝庄","1","1","2"
"近臣劝庄宗","1","1","2"
"宫室大半空","1","1","2"
"室大半空闲","1","1","2"
"令宫苑使经","1","1","2"
"泽潞监军张","1","1","2"
"潞监军张居","1","1","2"
"绍宏大失所","1","1","2"
"宏大失所望","1","1","2"
"密奏请立魏","1","1","2"
"奏请立魏国","1","1","2"
"请立魏国夫","1","1","2"
"立魏国夫人","1","1","2"
"奏时务利害","1","1","2"
"时务利害二","1","1","2"
"务利害二十","1","1","2"
"利害二十五","1","1","2"
"害二十五条","1","1","2"
"率亲军六万","1","1","2"
"月十九日入","1","1","2"
"十九日入大","1","1","2"
"九日入大散","1","1","2"
"日入大散关","1","1","2"
"伪凤州节度","1","1","2"
"军储四十万","2","0","2"
"伪命屯驻指","1","1","2"
"命屯驻指挥","1","1","2"
"庄宗令内官","1","1","2"
"宗令内官李","1","1","2"
"令内官李廷","1","1","2"
"内官李廷安","1","1","2"
"都统府纪纲","1","1","2"
"使王宗弼归","1","1","2"
"宗弼选王衍","1","1","2"
"庄宗令中官","1","1","2"
"宗令中官向","1","1","2"
"令中官向延","1","1","2"
"向延嗣赍诏","2","0","2"
"昨令蜀人请","1","1","2"
"昼夜妓乐欢","1","1","2"
"夜妓乐欢宴","1","1","2"
"蜀中珠玉金","1","1","2"
"中珠玉金银","1","1","2"
"王衍爱妓六","1","1","2"
"衍爱妓六十","1","1","2"
"金银十万两","1","1","2"
"犀玉带五十","1","1","2"
"令中官马彦","1","1","2"
"能数千里外","1","1","2"
"崇韬令任圜","1","1","2"
"四年正月六","1","1","2"
"年正月六日","1","1","2"
"崇韬妻周氏","1","1","2"
"岭南节度使","1","1","2"
"兴元府推官","1","1","2"
"文学德行知","1","1","2"
"学德行知名","1","1","2"
"道士许岩士","1","1","2"
"垦地约九百","1","1","2"
"地约九百二","1","1","2"
"约九百二十","1","1","2"
"九百二十万","1","1","2"
"百二十万顷","1","1","2"
"种公田一亩","1","1","2"
"唐太宗文皇","1","1","2"
"劝文皇力行","1","1","2"
"文皇力行王","1","1","2"
"皇力行王道","1","1","2"
"后汉安帝时","1","1","2"
"能力运官物","1","1","2"
"杀殿直马延","1","1","2"
"授尚书左仆","1","1","2"
"东都留司官","1","1","2"
"都留司官班","1","1","2"
"留司官班首","1","1","2"
"霍彦威神道","1","1","2"
"彦威神道碑","1","1","2"
"郑四州刺史","1","1","2"
"邢洺节度使","2","0","2"
"庄宗定魏博","2","0","2"
"南面招讨等","1","1","2"
"面招讨等使","1","1","2"
"击契丹幽州","2","0","2"
"贼党张友顺","1","1","2"
"大悲寺漕渠","1","1","2"
"十九年正月","1","1","2"
"节度使李都","1","1","2"
"悉国朝近事","1","1","2"
"刘仁恭负恩","1","1","2"
"文靖求始毕","1","1","2"
"广明大乱后","1","1","2"
"袭吉武皇幕","2","0","2"
"吉武皇幕府","2","0","2"
"蜀后主王衍","1","1","2"
"宦官王承休","1","1","2"
"成都尹韩昭","1","1","2"
"都尹韩昭内","1","1","2"
"尹韩昭内外","1","1","2"
"同光二年十","1","1","2"
"光二年十月","1","1","2"
"师厚先率步","1","1","2"
"部下五百人","1","1","2"
"赵将符习等","1","1","2"
"史建瑭攻下","1","1","2"
"建瑭攻下赵","1","1","2"
"瑭攻下赵州","1","1","2"
"十九年三月","1","1","2"
"命李存进继","1","1","2"
"义军节度判","1","1","2"
"军节度判官","1","1","2"
"豪士李七郎","1","1","2"
"潞州李继韬","1","1","2"
"璋攻陷泽州","1","1","2"
"同光三年夏","1","1","2"
"郭崇韬招讨","2","0","2"
"剑南东川节","1","1","2"
"南东川节度","1","1","2"
"东川节度副","1","1","2"
"客省使李仁","1","1","2"
"省使李仁矩","1","1","2"
"长兴元年夏","1","1","2"
"时两川刺史","1","1","2"
"仁矩镇阆州","2","0","2"
"枢密承旨李","1","1","2"
"密承旨李虔","1","1","2"
"承旨李虔徽","1","1","2"
"绵州刺史武","1","1","2"
"州刺史武虔","1","1","2"
"刺史武虔裕","1","1","2"
"度使李仁矩","1","1","2"
"军校姚洪等","1","1","2"
"命天雄军节","1","1","2"
"军节度使石","1","1","2"
"东川行营招","1","1","2"
"川行营招讨","1","1","2"
"石敬瑭率师","1","1","2"
"敬瑭率师进","1","1","2"
"瑭率师进讨","1","1","2"
"放西川进奏","1","1","2"
"西川进奏官","1","1","2"
"川进奏官苏","1","1","2"
"进奏官苏愿","1","1","2"
"全义河南尹","2","0","2"
"兵袭取河阳","1","1","2"
"全义河阳节","2","0","2"
"义河阳节度","2","0","2"
"丁会守河阳","1","1","2"
"全义守太尉","2","0","2"
"宋亳节度使","1","1","2"
"老臣受先朝","1","1","2"
"臣受先朝重","1","1","2"
"后孔谦侵削","1","1","2"
"时年七十五","1","1","2"
"渑池镇将柏","1","1","2"
"池镇将柏夔","1","1","2"
"节度使王珙","1","1","2"
"弟河中节度","1","1","2"
"昭宗迁都洛","1","1","2"
"宗迁都洛阳","1","1","2"
"大将牛存节","1","1","2"
"令幕客王正","1","1","2"
"幕客王正言","1","1","2"
"转河阳留后","1","1","2"
"后李保衡背","1","1","2"
"刘知俊率大","1","1","2"
"知俊率大军","1","1","2"
"俊率大军攻","1","1","2"
"安重诲恳请","1","1","2"
"子都指挥使","1","1","2"
"梁开平三年","1","1","2"
"左耀武指挥","1","1","2"
"耀武指挥使","1","1","2"
"授右千牛卫","1","1","2"
"右千牛卫将","1","1","2"
"怀州龙骧守","1","1","2"
"州龙骧守御","1","1","2"
"龙骧守御军","1","1","2"
"骧守御军作","1","1","2"
"守御军作乱","1","1","2"
"获军使刘重","1","1","2"
"军使刘重遇","1","1","2"
"左龙骧第一","1","1","2"
"龙骧第一指","1","1","2"
"骧第一指挥","1","1","2"
"第一指挥使","1","1","2"
"龙骧四军都","1","1","2"
"骧四军都指","1","1","2"
"四军都指挥","1","1","2"
"月十九日夜","1","1","2"
"汴州捉生都","1","1","2"
"州捉生都将","1","1","2"
"都将李霸等","1","1","2"
"梁末帝登楼","1","1","2"
"授齐州防御","1","1","2"
"功授宋州节","1","1","2"
"龙武左军攻","1","1","2"
"龙武右军攻","1","1","2"
"俘获二千骑","1","1","2"
"赵德钧令牙","1","1","2"
"德钧令牙将","1","1","2"
"钧令牙将武","1","1","2"
"功授天平军","1","1","2"
"授天平军节","1","1","2"
"选精兵先夺","1","1","2"
"授天雄军教","1","1","2"
"天雄军教练","1","1","2"
"雄军教练使","1","1","2"
"功授检校司","1","1","2"
"魏博内外衙","1","1","2"
"博内外衙都","1","1","2"
"内外衙都将","1","1","2"
"解御衣金带","2","0","2"
"都总内外衙","1","1","2"
"总内外衙银","1","1","2"
"内外衙银枪","1","1","2"
"外衙银枪效","1","1","2"
"衙银枪效节","1","1","2"
"银枪效节帐","1","1","2"
"枪效节帐前","1","1","2"
"效节帐前亲","1","1","2"
"节帐前亲军","1","1","2"
"时宦官韦令","1","1","2"
"宦官韦令图","1","1","2"
"官韦令图监","1","1","2"
"李存审赴河","1","1","2"
"存审赴河中","1","1","2"
"仁恭大安山","2","0","2"
"飞腾指挥使","1","1","2"
"庄宗平定山","1","1","2"
"宗平定山东","1","1","2"
"称蓟门战客","1","1","2"
"料伊直拟冲","1","1","2"
"伊直拟冲霄","1","1","2"
"直拟冲霄汉","1","1","2"
"明宗问秦州","1","1","2"
"宗问秦州边","1","1","2"
"问秦州边事","1","1","2"
"手指画秦州","1","1","2"
"指画秦州山","1","1","2"
"画秦州山川","1","1","2"
"秦州山川要","1","1","2"
"州山川要害","1","1","2"
"山川要害控","1","1","2"
"授右武卫将","1","1","2"
"石敬瑭入大","1","1","2"
"敬瑭入大散","1","1","2"
"瑭入大散关","1","1","2"
"思同恃勇先","1","1","2"
"同恃勇先入","1","1","2"
"恃勇先入剑","1","1","2"
"勇先入剑门","1","1","2"
"移镇山南西","1","1","2"
"镇山南西道","1","1","2"
"致残害骨肉","1","1","2"
"令军校宋审","1","1","2"
"军校宋审温","1","1","2"
"令推官郝昭","1","1","2"
"副部署药彦","1","1","2"
"部署药彦稠","1","1","2"
"三月十四日","1","1","2"
"虔钊跃马避","1","1","2"
"时羽林指挥","1","1","2"
"羽林指挥使","1","1","2"
"林指挥使杨","1","1","2"
"严卫指挥使","1","1","2"
"卫指挥使尹","1","1","2"
"河中安彦威","1","1","2"
"刘遂雍闭关","1","1","2"
"军卫大将军","1","1","2"
"县令刘知章","1","1","2"
"吏人李虔徽","1","1","2"
"召侍卫指挥","1","1","2"
"侍卫指挥使","1","1","2"
"卫指挥使安","1","1","2"
"指挥使安进","2","0","2"
"人告安重诲","1","1","2"
"告安重诲私","1","1","2"
"陛下三十年","1","1","2"
"令武德使孟","1","1","2"
"武德使孟汉","1","1","2"
"德使孟汉琼","1","1","2"
"范延光枢密","2","0","2"
"宣徽使孟汉","1","1","2"
"徽使孟汉琼","1","1","2"
"转节度判官","2","0","2"
"革引荐韦说","1","1","2"
"改授员外郎","1","1","2"
"父子二人偏","1","1","2"
"天成二年夏","1","1","2"
"赵郡平棘西","1","1","2"
"郡平棘西祖","1","1","2"
"沧州卢彦威","1","1","2"
"常痛心切齿","1","1","2"
"时卫公李德","1","1","2"
"卫公李德裕","1","1","2"
"故少师薛廷","1","1","2"
"崇政院直学","1","1","2"
"政院直学士","1","1","2"
"崇政使李振","1","1","2"
"政使李振等","1","1","2"
"州节度使华","1","1","2"
"节度使华温","1","1","2"
"度使华温琪","1","1","2"
"通事舍人李","1","1","2"
"事舍人李霄","1","1","2"
"膳部员外郎","1","1","2"
"改司勋员外","1","1","2"
"司勋员外郎","1","1","2"
"补授太原府","1","1","2"
"授太原府掾","1","1","2"
"夷齐非饿人","1","1","2"
"郭崇韬问计","1","1","2"
"招讨判官陈","1","1","2"
"时西征副招","1","1","2"
"西征副招讨","1","1","2"
"征副招讨使","1","1","2"
"改兵部侍郎","1","1","2"
"赵凤镇邢台","2","0","2"
"转集贤殿大","1","1","2"
"创业功臣传","1","1","2"
"借延宾馆居","1","1","2"
"清泰二年秋","1","1","2"
"潞州观察判","1","1","2"
"城中万人突","1","1","2"
"大将孙文进","1","1","2"
"庄宗改镇州","1","1","2"
"工部尚书真","2","0","2"
"部尚书真定","2","0","2"
"尚书真定尹","2","0","2"
"黔南节度使","1","1","2"
"挥使梁汉颙","2","0","2"
"金吾街使寇","1","1","2"
"吾街使寇彦","1","1","2"
"街使寇彦卿","1","1","2"
"使寇彦卿入","1","1","2"
"寇彦卿入朝","1","1","2"
"通事舍人赵","1","1","2"
"加伤罪一等","1","1","2"
"沂刚正守法","1","1","2"
"知副留守见","1","1","2"
"部尚书铨选","1","1","2"
"尚书铨选司","1","1","2"
"庸副使孔谦","1","1","2"
"称颂秦王功","1","1","2"
"颂秦王功德","1","1","2"
"秦王常接见","1","1","2"
"王常接见宾","1","1","2"
"常接见宾僚","1","1","2"
"密州刺史贺","1","1","2"
"州刺史贺德","1","1","2"
"刺史贺德伦","1","1","2"
"史贺德伦令","1","1","2"
"请宰相豆卢","1","1","2"
"魏博六州户","1","1","2"
"博六州户口","1","1","2"
"王正言操守","1","1","2"
"宪留守魏州","1","1","2"
"时武德使史","1","1","2"
"书吏写奏章","1","1","2"
"平卢军行军","1","1","2"
"卢军行军司","1","1","2"
"守光夺父位","2","0","2"
"周德威攻围","2","0","2"
"官检校太傅","2","0","2"
"授武宁军节","1","1","2"
"促绍荣指挥","1","1","2"
"鄴都行营招","2","0","2"
"三月八日夜","1","1","2"
"明宗密令张","1","1","2"
"宗密令张虔","1","1","2"
"密令张虔钊","1","1","2"
"县令裴进折","1","1","2"
"宣武军军校","1","1","2"
"护卫指挥使","1","1","2"
"周德威攻幽","1","1","2"
"时年四十九","2","0","2"
"三川招抚使","1","1","2"
"先锋使康延","1","1","2"
"锋使康延孝","1","1","2"
"请李司空先","1","1","2"
"西川兵马都","1","1","2"
"川兵马都监","1","1","2"
"府刀笔小吏","1","1","2"
"美丽善歌舞","1","1","2"
"开封尹袁象","1","1","2"
"封尹袁象先","1","1","2"
"青州掌书记","1","1","2"
"希甫枢密使","1","1","2"
"枢密使张居","1","1","2"
"密使张居翰","1","1","2"
"历事三朝天","1","1","2"
"事三朝天子","1","1","2"
"纵田客杀人","2","0","2"
"集贤殿学士","1","1","2"
"贤殿学士判","1","1","2"
"殿学士判院","1","1","2"
"学士判院事","1","1","2"
"士判院事萧","1","1","2"
"判院事萧希","1","1","2"
"院事萧希甫","1","1","2"
"岚州司户参","1","1","2"
"时宦官伶人","1","1","2"
"内常侍张泰","1","1","2"
"时河中阻绝","1","1","2"
"府掾冯道归","1","1","2"
"承业辟本院","2","0","2"
"业辟本院巡","2","0","2"
"辟本院巡官","2","0","2"
"承业重文章","2","0","2"
"业重文章履","2","0","2"
"重文章履行","2","0","2"
"时周元豹者","2","0","2"
"黄裳司空写","2","0","2"
"裳司空写真","2","0","2"
"司空写真图","2","0","2"
"道状貌酷类","2","0","2"
"状貌酷类焉","2","0","2"
"德威讨刘守","2","0","2"
"威讨刘守光","2","0","2"
"太原军国政","1","1","2"
"原军国政事","1","1","2"
"时贞简太后","1","1","2"
"过财尽兵散","1","1","2"
"日请死阎宝","1","1","2"
"庄宗连饮四","1","1","2"
"承制授开府","1","1","2"
"制授开府仪","1","1","2"
"王父子血战","1","1","2"
"父子血战三","1","1","2"
"子血战三十","1","1","2"
"见国家册命","1","1","2"
"国家册命大","1","1","2"
"家册命大礼","1","1","2"
"十九年十一","1","1","2"
"九年十一月","1","1","2"
"年十一月二","1","1","2"
"赠左武卫上","1","1","2"
"容管监军判","1","1","2"
"管监军判官","1","1","2"
"监军判官入","1","1","2"
"学士院判官","1","1","2"
"将李思安筑","1","1","2"
"嗣昭登城保","1","1","2"
"骠骑大将军","1","1","2"
"依前充枢密","1","1","2"
"前充枢密使","1","1","2"
"时年七十一","1","1","2"
"授沧州节度","2","0","2"
"川节度使董","1","1","2"
"度使董璋上","1","1","2"
"同行人赵延","1","1","2"
"行人赵延祚","1","1","2"
"中丞吕梦奇","1","1","2"
"邓州指挥使","1","1","2"
"张宾作乱河","2","0","2"
"宾作乱河阳","2","0","2"
"乾化元年十","1","1","2"
"凝迎奉进贡","1","1","2"
"史李思安迎","1","1","2"
"取德胜南城","1","1","2"
"将康延孝叛","1","1","2"
"前锋杜晏球","1","1","2"
"凝天性奸佞","1","1","2"
"命宣徽使李","1","1","2"
"使李绍宏监","1","1","2"
"李绍宏监护","1","1","2"
"帝平定魏博","1","1","2"
"举魏博观察","1","1","2"
"魏博观察判","1","1","2"
"博观察判官","1","1","2"
"命宰臣豆卢","1","1","2"
"臣豆卢革专","1","1","2"
"豆卢革专判","1","1","2"
"卢革专判租","1","1","2"
"革专判租庸","1","1","2"
"同光元年八","1","1","2"
"光元年八月","1","1","2"
"南面招讨指","1","1","2"
"面招讨指挥","1","1","2"
"招讨指挥使","1","1","2"
"守博州刺史","1","1","2"
"西南行营马","1","1","2"
"南行营马步","1","1","2"
"营马步军先","1","1","2"
"马步军先锋","1","1","2"
"断吉柏津浮","1","1","2"
"招抚使李严","1","1","2"
"乘王衍破胆","1","1","2"
"若王衍坚闭","1","1","2"
"李严乘马浮","1","1","2"
"伪蜀六军使","1","1","2"
"蜀六军使王","1","1","2"
"使王宗弼令","1","1","2"
"王宗弼令人","1","1","2"
"牛酒币马归","1","1","2"
"右厢马步使","1","1","2"
"左厢马步使","1","1","2"
"一万二千人","1","1","2"
"子遂州节度","1","1","2"
"称西川节度","1","1","2"
"守吉柏津使","1","1","2"
"令监军使李","1","1","2"
"监军使李廷","1","1","2"
"军使李廷安","1","1","2"
"监军李廷安","1","1","2"
"军李廷安讨","1","1","2"
"先令都将何","1","1","2"
"令都将何建","1","1","2"
"都将何建崇","1","1","2"
"延孝击退东","1","1","2"
"孝击退东川","1","1","2"
"汉州四面树","1","1","2"
"梁朝脱身归","1","1","2"
"沙陀军都督","1","1","2"
"河东阴山府","1","1","2"
"孝安元皇后","1","1","2"
"孝简恭皇后","1","1","2"
"孝平献皇后","1","1","2"
"孝元懿皇后","1","1","2"
"元年二月二","1","1","2"
"总管周德威","1","1","2"
"左射军三百","1","1","2"
"射军三百人","1","1","2"
"二十年十月","1","1","2"
"总管府都校","1","1","2"
"府兵马留后","1","1","2"
"帝光禄大夫","2","0","2"
"陕州保义军","1","1","2"
"州保义军节","1","1","2"
"食邑八百户","1","1","2"
"制加检校太","2","0","2"
"长兴元年二","1","1","2"
"兴元年二月","1","1","2"
"东川董璋叛","1","1","2"
"东川行营都","1","1","2"
"川行营都招","1","1","2"
"东川行府事","1","1","2"
"契丹族移帐","1","1","2"
"康义诚二人","1","1","2"
"枢密使范延","1","1","2"
"密使范延光","1","1","2"
"改赐竭忠匡","1","1","2"
"赐竭忠匡运","1","1","2"
"竭忠匡运宁","1","1","2"
"忠匡运宁国","1","1","2"
"匡运宁国功","1","1","2"
"运宁国功臣","1","1","2"
"论民间利害","1","1","2"
"贽安置闵帝","1","1","2"
"清泰元年五","1","1","2"
"泰元年五月","1","1","2"
"挟马将李晖","1","1","2"
"授郓州节度","2","0","2"
"扶天启运中","1","1","2"
"天启运中正","1","1","2"
"启运中正功","1","1","2"
"运中正功臣","1","1","2"
"都押衙刘知","1","1","2"
"押衙刘知远","1","1","2"
"衙刘知远赞","1","1","2"
"刘知远赞成","1","1","2"
"知远赞成密","1","1","2"
"远赞成密计","1","1","2"
"副招讨使张","1","1","2"
"招收指挥使","1","1","2"
"收指挥使安","1","1","2"
"挥使安重荣","1","1","2"
"代州屯将安","1","1","2"
"州屯将安元","1","1","2"
"屯将安元信","1","1","2"
"将安元信率","1","1","2"
"北面先锋指","1","1","2"
"面先锋指挥","1","1","2"
"锋指挥使安","1","1","2"
"南军骑将高","1","1","2"
"军骑将高行","1","1","2"
"骑将高行周","1","1","2"
"使赵延寿分","1","1","2"
"博节度使范","1","1","2"
"节度使赵德","1","1","2"
"度使赵德钧","1","1","2"
"潞州行营使","1","1","2"
"州行营使李","1","1","2"
"行营使李思","1","1","2"
"营使李思安","1","1","2"
"壶关县庶穰","1","1","2"
"关县庶穰乡","1","1","2"
"天十四载石","1","1","2"
"十四载石进","1","1","2"
"四字中两画","2","0","2"
"后唐末帝果","1","1","2"
"真定常山人","1","1","2"
"伪将张敬达","1","1","2"
"毗沙门天王","1","1","2"
"输帛三十万","2","0","2"
"福元年十一","1","1","2"
"北京崇元殿","1","1","2"
"改长兴七年","1","1","2"
"十一月甲子","2","0","2"
"晋安寨副招","1","1","2"
"安寨副招讨","1","1","2"
"寨副招讨使","1","1","2"
"使杨光远等","1","1","2"
"杨光远等杀","2","0","2"
"上将张敬达","1","1","2"
"战马一千二","1","1","2"
"马一千二百","1","1","2"
"一千二百匹","1","1","2"
"宋审虔等登","1","1","2"
"依唐明宗朝","2","0","2"
"唐明宗朝事","2","0","2"
"明宗朝事例","2","0","2"
"镇州衙内都","1","1","2"
"州衙内都虞","1","1","2"
"衙内都虞候","1","1","2"
"逐副使李彦","1","1","2"
"副使李彦琦","1","1","2"
"指挥使胡章","1","1","2"
"同州小校门","1","1","2"
"州小校门铎","1","1","2"
"小校门铎杀","1","1","2"
"明宗皇后曹","1","1","2"
"宗皇后曹氏","1","1","2"
"举哀长春殿","2","0","2"
"东丹王李赞","1","1","2"
"丹王李赞华","1","1","2"
"单州刺史李","1","1","2"
"州刺史李肃","1","1","2"
"沂州指挥使","1","1","2"
"节度使房知","1","1","2"
"度使房知温","1","1","2"
"郓州王建立","1","1","2"
"天福二年春","1","1","2"
"神武统军康","1","1","2"
"武统军康思","1","1","2"
"统军康思立","1","1","2"
"契丹改幽州","1","1","2"
"使卢文进杀","1","1","2"
"同平章事高","1","1","2"
"平章事高行","1","1","2"
"章事高行周","1","1","2"
"中印土摩竭","1","1","2"
"印土摩竭陀","1","1","2"
"土摩竭陀舍","1","1","2"
"摩竭陀舍卫","1","1","2"
"竭陀舍卫国","1","1","2"
"陀舍卫国大","1","1","2"
"舍卫国大菩","1","1","2"
"卫国大菩提","1","1","2"
"国大菩提寺","1","1","2"
"大菩提寺三","1","1","2"
"菩提寺三藏","1","1","2"
"提寺三藏阿","1","1","2"
"梨沙门室利","1","1","2"
"沙门室利缚","1","1","2"
"门室利缚罗","1","1","2"
"故契丹人皇","1","1","2"
"契丹人皇王","1","1","2"
"改汴州雍丘","1","1","2"
"北京西北面","1","1","2"
"京西北面计","1","1","2"
"西北面计度","1","1","2"
"北面计度司","1","1","2"
"面计度司事","1","1","2"
"皇子左骁卫","1","1","2"
"子左骁卫上","1","1","2"
"河阳三城节","1","1","2"
"阳三城节度","1","1","2"
"三城节度使","1","1","2"
"后入阁赐食","1","1","2"
"度副使王谦","1","1","2"
"仆射刘昫等","2","0","2"
"天福二年四","1","1","2"
"福二年四月","1","1","2"
"二年四月五","1","1","2"
"诸道州府见","2","0","2"
"道州府见禁","2","0","2"
"天福元年前","2","0","2"
"伪清泰元年","1","1","2"
"郑州荥阳县","1","1","2"
"欠天福元年","1","1","2"
"天福元年闰","1","1","2"
"福元年闰十","1","1","2"
"元年闰十一","1","1","2"
"年闰十一月","1","1","2"
"闰十一月二","1","1","2"
"子孙量才叙","2","0","2"
"孙量才叙录","2","0","2"
"免三公宰相","1","1","2"
"明宗行幸时","2","0","2"
"湖南青草庙","1","1","2"
"黄陵二妃庙","1","1","2"
"诏朝文武臣","2","0","2"
"六宅使王继","1","1","2"
"州团练使高","1","1","2"
"团练使高信","1","1","2"
"崇礼门内喧","1","1","2"
"封皇第十一","2","0","2"
"皇第十一妹","2","0","2"
"寿安长公主","1","1","2"
"皇第十二妹","2","0","2"
"乐平长公主","1","1","2"
"太常卿梁文","1","1","2"
"常卿梁文矩","1","1","2"
"太常少卿裴","1","1","2"
"四庙皇后追","1","1","2"
"庙皇后追尊","1","1","2"
"宗正卿石光","1","1","2"
"正卿石光赞","1","1","2"
"万石君石奋","1","1","2"
"宰臣李崧上","1","1","2"
"臣李崧上表","1","1","2"
"六宅使张言","1","1","2"
"范延光叛命","2","0","2"
"滑州符彦饶","1","1","2"
"护圣都指挥","2","0","2"
"士一千五百","1","1","2"
"赴白马渡巡","1","1","2"
"江水涨一丈","2","0","2"
"涨一丈二尺","1","1","2"
"内班史进能","1","1","2"
"班史进能押","1","1","2"
"牙将王知新","1","1","2"
"指挥使侯益","1","1","2"
"客马步诸军","1","1","2"
"静海军节度","1","1","2"
"指挥使马万","1","1","2"
"度使符彦饶","1","1","2"
"立功都虞候","1","1","2"
"功都虞候方","1","1","2"
"都虞候方太","1","1","2"
"虞候方太押","1","1","2"
"候方太押送","1","1","2"
"方太押送赴","1","1","2"
"工部尚书裴","1","1","2"
"指挥使王晖","1","1","2"
"害节度使周","1","1","2"
"上将军李金","1","1","2"
"将军李金全","1","1","2"
"国史赵莹奏","2","0","2"
"枢密院学士","1","1","2"
"密院学士侍","1","1","2"
"院学士侍立","1","1","2"
"北京沿边管","1","1","2"
"镇海镇东节","1","1","2"
"海镇东节度","1","1","2"
"镇东节度使","1","1","2"
"安州李金全","1","1","2"
"州李金全上","1","1","2"
"押衙胡汉筠","1","1","2"
"王马希范加","2","0","2"
"马希范加食","2","0","2"
"希范加食邑","2","0","2"
"范加食邑实","2","0","2"
"改赐扶天佐","1","1","2"
"赐扶天佐运","1","1","2"
"扶天佐运同","1","1","2"
"天佐运同德","1","1","2"
"佐运同德致","1","1","2"
"运同德致理","1","1","2"
"同德致理功","1","1","2"
"德致理功臣","1","1","2"
"幸相国寺祈","2","0","2"
"大宁宫门楼","1","1","2"
"宁宫门楼观","1","1","2"
"元节度使张","1","1","2"
"散骑常侍张","1","1","2"
"骑常侍张允","1","1","2"
"常侍张允进","1","1","2"
"鸿胪卿刘颀","1","1","2"
"赠太子宾客","1","1","2"
"中书舍人李","1","1","2"
"书舍人李详","1","1","2"
"舍人李详上","1","1","2"
"上将军王彦","1","1","2"
"大夫薛融上","1","1","2"
"夫薛融上疏","1","1","2"
"贡举宜权停","2","0","2"
"举宜权停一","2","0","2"
"宜权停一年","2","0","2"
"秘书监吕琦","1","1","2"
"史知杂事刘","1","1","2"
"刑部郎中司","1","1","2"
"部郎中司徒","1","1","2"
"郎中司徒诩","1","1","2"
"大理正张仁","1","1","2"
"定唐明宗朝","1","1","2"
"唐明宗朝编","1","1","2"
"事中卢重契","2","0","2"
"中卢重契丹","2","0","2"
"涨一丈一尺","1","1","2"
"中书舍人窦","1","1","2"
"书舍人窦贞","1","1","2"
"舍人窦贞固","1","1","2"
"人窦贞固上","1","1","2"
"令文武百官","1","1","2"
"青州王建立","1","1","2"
"高丽国宿卫","1","1","2"
"丽国宿卫质","1","1","2"
"国宿卫质子","1","1","2"
"宿卫质子王","1","1","2"
"卫质子王仁","1","1","2"
"质子王仁翟","1","1","2"
"太仆卿邢德","1","1","2"
"仆卿邢德昭","1","1","2"
"宫苑使焦继","1","1","2"
"苑使焦继勋","1","1","2"
"章事冯道官","1","1","2"
"门戟十六枝","1","1","2"
"郎平章事桑","1","1","2"
"平章事桑维","1","1","2"
"章事桑维翰","1","1","2"
"门戟十二枝","1","1","2"
"静鞭官刘守","1","1","2"
"鞭官刘守威","1","1","2"
"左金吾仗勘","1","1","2"
"金吾仗勘契","1","1","2"
"吾仗勘契官","1","1","2"
"仗勘契官王","1","1","2"
"勘契官王英","1","1","2"
"司天台鸡叫","1","1","2"
"天台鸡叫学","1","1","2"
"台鸡叫学生","1","1","2"
"鸡叫学生商","1","1","2"
"叫学生商晖","1","1","2"
"学生商晖等","1","1","2"
"阗国王杨仁","1","1","2"
"国王杨仁美","1","1","2"
"美遣使贡方","2","0","2"
"放燕国长公","1","1","2"
"度副使李式","1","1","2"
"徽南院使刘","1","1","2"
"南院使刘处","1","1","2"
"魏府军府事","1","1","2"
"复范延光官","1","1","2"
"使王继恭遣","2","0","2"
"太常鼓吹等","1","1","2"
"改大宁宫门","1","1","2"
"杭州嘉兴县","1","1","2"
"加食邑一万","1","1","2"
"食邑一万五","1","1","2"
"邑一万五千","1","1","2"
"一万五千户","1","1","2"
"范延光上表","1","1","2"
"濮州濮阳县","1","1","2"
"许天下私铸","1","1","2"
"天下私铸钱","1","1","2"
"武统军李昶","2","0","2"
"天福四年春","1","1","2"
"年春正月癸","2","0","2"
"太师致仕范","2","0","2"
"师致仕范延","2","0","2"
"致仕范延光","2","0","2"
"朔方军节度","1","1","2"
"方军节度使","1","1","2"
"节度使张希","1","1","2"
"度使张希崇","1","1","2"
"谏议大夫曹","1","1","2"
"议大夫曹国","1","1","2"
"大夫曹国珍","1","1","2"
"夫曹国珍上","1","1","2"
"改东京玉华","1","1","2"
"东京玉华殿","1","1","2"
"员外郎杨昭","1","1","2"
"外郎杨昭俭","1","1","2"
"鹘汗仁美遣","2","0","2"
"汗仁美遣使","2","0","2"
"遣内臣赵处","1","1","2"
"前右拾遗郑","2","0","2"
"供奉官齐延","1","1","2"
"奉官齐延祚","1","1","2"
"官齐延祚乘","1","1","2"
"齐延祚乘驿","1","1","2"
"枢密副使张","1","1","2"
"右骁卫大将","1","1","2"
"昭顺军节度","1","1","2"
"顺军节度使","1","1","2"
"军节度使姚","1","1","2"
"节度使姚彦","1","1","2"
"度使姚彦章","1","1","2"
"灵州方渠镇","1","1","2"
"使马希范加","1","1","2"
"加天策上将","2","0","2"
"户部尚书崔","1","1","2"
"御史中丞薛","1","1","2"
"史中丞薛融","1","1","2"
"中丞薛融等","1","1","2"
"丞薛融等上","1","1","2"
"三百六十八","1","1","2"
"百六十八道","1","1","2"
"濮州刺史武","1","1","2"
"故皇子河南","1","1","2"
"虢国夫人李","1","1","2"
"守司空门下","2","0","2"
"馆大学士冯","1","1","2"
"大学士冯道","1","1","2"
"司天监马重","1","1","2"
"天监马重绩","1","1","2"
"监马重绩等","1","1","2"
"马重绩等进","1","1","2"
"使桑维翰上","1","1","2"
"准格律定罪","2","0","2"
"郑元弼等押","1","1","2"
"员外郎李知","1","1","2"
"外郎李知损","1","1","2"
"郎李知损上","1","1","2"
"李知损上疏","1","1","2"
"逍遥先生郑","1","1","2"
"遥先生郑云","1","1","2"
"先生郑云叟","1","1","2"
"二月丁酉朔","2","0","2"
"天福五年春","1","1","2"
"春正月丁卯","2","0","2"
"宣徽使杨彦","1","1","2"
"徽使杨彦询","1","1","2"
"使杨彦询使","2","0","2"
"杨彦询使契","2","0","2"
"彦询使契丹","2","0","2"
"贡良马白玉","1","1","2"
"袭酅国公杨","2","0","2"
"酅国公杨延","2","0","2"
"太子左谕德","1","1","2"
"三恪汝州襄","1","1","2"
"恪汝州襄城","1","1","2"
"汝州襄城县","1","1","2"
"度使安审信","1","1","2"
"沙州归义军","1","1","2"
"州归义军节","1","1","2"
"军节度使曹","1","1","2"
"节度使曹义","1","1","2"
"度使曹义金","1","1","2"
"北京留守安","1","1","2"
"京留守安彦","1","1","2"
"留守安彦威","1","1","2"
"东平王王建","1","1","2"
"平王王建立","1","1","2"
"中书门下侍","1","1","2"
"书门下侍郎","1","1","2"
"清望正三品","1","1","2"
"清望正四品","1","1","2"
"例颁赐茶药","1","1","2"
"容州节度使","1","1","2"
"节度使马存","1","1","2"
"驸马都尉杨","1","1","2"
"马都尉杨承","1","1","2"
"都尉杨承祚","1","1","2"
"曹州防御使","1","1","2"
"州防御使石","1","1","2"
"防御使石晖","1","1","2"
"供奉官刘彦","1","1","2"
"奉官刘彦瑶","1","1","2"
"官刘彦瑶奉","1","1","2"
"云梦人齐岘","1","1","2"
"梦人齐岘斩","1","1","2"
"义节度使韩","1","1","2"
"节度使韩王","1","1","2"
"度使韩王王","1","1","2"
"使韩王王建","1","1","2"
"韩王王建立","1","1","2"
"供奉官安友","1","1","2"
"奉官安友谦","1","1","2"
"马全节入城","1","1","2"
"遣安审晖率","1","1","2"
"道士崇真大","1","1","2"
"士崇真大师","1","1","2"
"崇真大师张","1","1","2"
"真大师张荐","1","1","2"
"大师张荐明","1","1","2"
"使马全节加","1","1","2"
"使安审晖加","1","1","2"
"遣天策府步","1","1","2"
"天策府步骑","1","1","2"
"冬正朝会礼","1","1","2"
"正朝会礼节","1","1","2"
"二舞行列等","1","1","2"
"舞行列等事","1","1","2"
"行列等事上","1","1","2"
"龙武统军相","1","1","2"
"武统军相里","1","1","2"
"统军相里金","1","1","2"
"翰林学士院","1","1","2"
"冬十月丁酉","2","0","2"
"东西等道节","1","1","2"
"西等道节度","1","1","2"
"等道节度使","1","1","2"
"户部尚书姚","1","1","2"
"御使杨承贵","1","1","2"
"莱州刺史段","1","1","2"
"州刺史段希","1","1","2"
"刺史段希尧","1","1","2"
"遂州武信军","1","1","2"
"州武信军节","1","1","2"
"镇海军衙内","1","1","2"
"海军衙内统","1","1","2"
"军衙内统军","1","1","2"
"同平章事陆","1","1","2"
"平章事陆仁","1","1","2"
"章事陆仁璋","1","1","2"
"吴越国进奉","1","1","2"
"越国进奉使","1","1","2"
"国进奉使陈","1","1","2"
"进奉使陈元","1","1","2"
"奉使陈元亮","1","1","2"
"使陈元亮进","1","1","2"
"冬日观仗诗","1","1","2"
"移德州长河","1","1","2"
"德州长河县","1","1","2"
"福州威武军","1","1","2"
"州威武军节","1","1","2"
"卫州黎阳县","1","1","2"
"天福六年春","1","1","2"
"福六年春正","1","1","2"
"员外郎李象","1","1","2"
"外郎李象上","1","1","2"
"同州指挥使","1","1","2"
"州指挥使成","1","1","2"
"指挥使成殷","1","1","2"
"遣供奉官张","1","1","2"
"供奉官张澄","1","1","2"
"奉官张澄等","1","1","2"
"代四州山谷","1","1","2"
"受镇州安重","1","1","2"
"秘书少监赵","1","1","2"
"书少监赵熙","1","1","2"
"吏部郎中郑","1","1","2"
"部郎中郑受","1","1","2"
"郎中郑受益","1","1","2"
"左司员外郎","1","1","2"
"司员外郎李","1","1","2"
"宰臣赵莹监","1","1","2"
"臣赵莹监修","1","1","2"
"六十五卷上","1","1","2"
"驸马杨承祚","1","1","2"
"辍视朝二日","2","0","2"
"上将军李承","1","1","2"
"将军李承约","1","1","2"
"五溪酋长等","1","1","2"
"指挥使刘康","1","1","2"
"张昭远等五","1","1","2"
"昭远等五人","1","1","2"
"刑部侍郎吕","1","1","2"
"侍御史尹拙","1","1","2"
"迦叶弥陀国","1","1","2"
"叶弥陀国僧","1","1","2"
"天福六年秋","1","1","2"
"福六年秋七","1","1","2"
"西凉府留后","1","1","2"
"凉府留后李","1","1","2"
"府留后李文","1","1","2"
"八月五日暂","1","1","2"
"左右金吾六","1","1","2"
"右金吾六军","1","1","2"
"金吾六军仪","1","1","2"
"吾六军仪仗","1","1","2"
"六军仪仗排","1","1","2"
"军仪仗排列","1","1","2"
"都皇城南门","1","1","2"
"皇城南门应","1","1","2"
"城南门应天","1","1","2"
"南门应天门","1","1","2"
"光禄卿张澄","1","1","2"
"国子博士谢","1","1","2"
"子博士谢攀","1","1","2"
"节度使杨彦","1","1","2"
"度使杨彦询","1","1","2"
"鸿胪少卿魏","1","1","2"
"梁国公狄仁","1","1","2"
"国公狄仁杰","1","1","2"
"郑王夫人张","1","1","2"
"王夫人张氏","1","1","2"
"考功郎中张","1","1","2"
"功郎中张铸","1","1","2"
"郎中张铸持","1","1","2"
"中张铸持节","1","1","2"
"张铸持节册","1","1","2"
"闽国王王延","1","1","2"
"太子少傅致","2","0","2"
"子少傅致仕","2","0","2"
"少傅致仕王","2","0","2"
"南院使张恩","2","0","2"
"指挥使郭金","1","1","2"
"挥使郭金海","1","1","2"
"使郭金海等","1","1","2"
"指挥使安宏","1","1","2"
"挥使安宏义","1","1","2"
"安重荣称兵","2","0","2"
"重荣称兵向","2","0","2"
"荣称兵向阙","2","0","2"
"使杜重威北","2","0","2"
"杜重威北面","2","0","2"
"重威北面行","2","0","2"
"威北面行营","2","0","2"
"前贝州节度","2","0","2"
"王周马步军","2","0","2"
"均州刺史蔡","1","1","2"
"州刺史蔡行","1","1","2"
"刺史蔡行遇","1","1","2"
"宗城县西南","1","1","2"
"城县西南大","1","1","2"
"一万五千人","1","1","2"
"州刺史史虔","1","1","2"
"刺史史虔武","1","1","2"
"安重荣脱身","1","1","2"
"吾上将军苌","1","1","2"
"使上悉预焉","2","0","2"
"贼军二千人","1","1","2"
"镇军大将军","1","1","2"
"越州大都督","1","1","2"
"天福七年春","1","1","2"
"故沂州马步","1","1","2"
"沂州马步军","1","1","2"
"故检校太子","1","1","2"
"追赠皇子五","1","1","2"
"赠皇子五人","1","1","2"
"故右卫将军","1","1","2"
"权东京留守","2","0","2"
"故皇城副使","1","1","2"
"故河阳节度","1","1","2"
"故左金吾卫","1","1","2"
"桑维翰加检","2","0","2"
"维翰加检校","2","0","2"
"翰加检校太","2","0","2"
"使侍卫马步","2","0","2"
"军都虞候景","1","1","2"
"皇妹清平公","1","1","2"
"妹清平公主","1","1","2"
"清平公主进","1","1","2"
"平公主进封","1","1","2"
"卫国长公主","1","1","2"
"军副兵马使","1","1","2"
"延州蕃寇作","1","1","2"
"州蕃寇作乱","1","1","2"
"兵部尚书韩","1","1","2"
"部尚书韩恽","1","1","2"
"州防御使宋","1","1","2"
"防御使宋光","1","1","2"
"翰林茶酒使","1","1","2"
"林茶酒使张","1","1","2"
"茶酒使张言","1","1","2"
"分命朝臣诸","2","0","2"
"契丹枢密使","1","1","2"
"丹枢密使赵","1","1","2"
"驸马都尉史","1","1","2"
"马都尉史匡","1","1","2"
"都尉史匡翰","1","1","2"
"唐州湖阳县","1","1","2"
"州湖阳县蓼","1","1","2"
"湖阳县蓼山","1","1","2"
"阳县蓼山神","1","1","2"
"使安彦威封","1","1","2"
"夏四月甲寅","2","0","2"
"夫郑受益两","1","1","2"
"解掌书记张","1","1","2"
"部曲杨洪等","1","1","2"
"刑部郎中李","1","1","2"
"部郎中李涛","1","1","2"
"员外郎麻麟","1","1","2"
"故泾州节度","1","1","2"
"尚书虞部郎","1","1","2"
"书虞部郎中","1","1","2"
"贝州清河县","1","1","2"
"州清河县主","1","1","2"
"清河县主簿","1","1","2"
"兴元府文学","1","1","2"
"府节度使康","1","1","2"
"庆州刺史米","1","1","2"
"州刺史米廷","1","1","2"
"刺史米廷训","1","1","2"
"追夺身官爵","2","0","2"
"卫上将军卫","1","1","2"
"上将军卫审","1","1","2"
"襄州都部署","1","1","2"
"州都部署高","1","1","2"
"观察判官李","1","1","2"
"察判官李光","1","1","2"
"判官李光图","1","1","2"
"年六月二十","1","1","2"
"日生帝太原","2","0","2"
"指帝谓高祖","2","0","2"
"帝谓高祖曰","2","0","2"
"内节度观察","1","1","2"
"节度观察事","1","1","2"
"天福二年九","1","1","2"
"福二年九月","1","1","2"
"六月十三日","1","1","2"
"崇德殿门偏","1","1","2"
"德殿门偏廊","1","1","2"
"右骁卫将军","1","1","2"
"骁卫将军石","1","1","2"
"卫将军石德","1","1","2"
"将军石德超","1","1","2"
"军石德超等","1","1","2"
"石德超等押","1","1","2"
"门下侍郎窦","1","1","2"
"下侍郎窦贞","1","1","2"
"侍郎窦贞固","1","1","2"
"户部侍郎吕","1","1","2"
"史中丞王易","1","1","2"
"中丞王易简","1","1","2"
"改西京明堂","1","1","2"
"西京明堂殿","1","1","2"
"堂后官房头","1","1","2"
"太皇太后刘","1","1","2"
"皇太后刘氏","1","1","2"
"废军国机务","1","1","2"
"国子祭酒户","2","0","2"
"子祭酒户部","2","0","2"
"祭酒户部侍","2","0","2"
"酒户部侍郎","2","0","2"
"外臣僚将校","1","1","2"
"恆州顺国军","2","0","2"
"冯道等上表","2","0","2"
"请依旧置枢","2","0","2"
"依旧置枢密","2","0","2"
"旧置枢密使","2","0","2"
"枢密使刘处","1","1","2"
"事后唐明宗","1","1","2"
"赐宰臣冯道","1","1","2"
"宰臣冯道生","1","1","2"
"臣冯道生辰","1","1","2"
"冯道生辰器","1","1","2"
"散骑常侍罗","1","1","2"
"骑常侍罗周","1","1","2"
"常侍罗周岳","1","1","2"
"军节度使桑","1","1","2"
"礼马二十匹","1","1","2"
"东节度使康","1","1","2"
"书左仆射刘","1","1","2"
"赐襄州城内","1","1","2"
"襄州城内百","1","1","2"
"州城内百姓","1","1","2"
"城内百姓粟","1","1","2"
"丹遣使致祭","2","0","2"
"遣使致祭高","2","0","2"
"使致祭高祖","2","0","2"
"礼御马二匹","1","1","2"
"臣诣寺观祷","2","0","2"
"越国王钱宏","2","0","2"
"国王钱宏佐","2","0","2"
"度使王延羲","1","1","2"
"受等四十四","1","1","2"
"等四十四人","1","1","2"
"襄州利市庙","1","1","2"
"州利市庙封","1","1","2"
"宰臣等分诣","2","0","2"
"臣等分诣寺","2","0","2"
"州府除蚕盐","1","1","2"
"府除蚕盐外","1","1","2"
"三司预支一","1","1","2"
"司预支一年","1","1","2"
"指挥使王亚","1","1","2"
"挥使王亚澄","1","1","2"
"威武军副大","1","1","2"
"武军副大使","1","1","2"
"回鹘进奉使","1","1","2"
"鹘进奉使密","1","1","2"
"进奉使密里","1","1","2"
"奉使密里等","1","1","2"
"怀化归德大","1","1","2"
"化归德大将","1","1","2"
"归德大将军","1","1","2"
"故洪州节度","1","1","2"
"使马希振追","1","1","2"
"马希振追封","1","1","2"
"希振追封齐","1","1","2"
"振追封齐国","1","1","2"
"追封齐国公","1","1","2"
"故中吴建武","1","1","2"
"中吴建武等","1","1","2"
"吴建武等军","1","1","2"
"建武等军节","1","1","2"
"武等军节度","1","1","2"
"彭城郡王钱","1","1","2"
"城郡王钱元","1","1","2"
"天福八年春","1","1","2"
"福八年春正","1","1","2"
"逃户凡五千","2","0","2"
"五千三百八","1","1","2"
"千三百八十","1","1","2"
"三百八十七","1","1","2"
"后唐庄宗德","1","1","2"
"唐庄宗德妃","1","1","2"
"庄宗德妃伊","1","1","2"
"宗德妃伊氏","1","1","2"
"回鹘入朝使","1","1","2"
"鹘入朝使刘","1","1","2"
"怀化大将军","1","1","2"
"取月十一日","2","0","2"
"侍卫亲军使","1","1","2"
"卫亲军使景","1","1","2"
"亲军使景延","1","1","2"
"军使景延广","1","1","2"
"广晋尹李德","1","1","2"
"车驾发鄴都","2","0","2"
"太仆卿薛仁","1","1","2"
"七千七百五","1","1","2"
"千七百五十","1","1","2"
"七百五十九","1","1","2"
"卫上将军刘","1","1","2"
"上将军刘处","1","1","2"
"作坊使周务","1","1","2"
"太府卿孟承","1","1","2"
"府卿孟承诲","1","1","2"
"分命使臣捕","1","1","2"
"太子宾客李","1","1","2"
"相国寺祈雨","1","1","2"
"超等七人分","1","1","2"
"开封府界捕","1","1","2"
"羽林统军安","1","1","2"
"林统军安审","1","1","2"
"统军安审晖","1","1","2"
"供奉官卫延","1","1","2"
"奉官卫延韬","1","1","2"
"嵩山投龙祈","1","1","2"
"山投龙祈雨","1","1","2"
"礼部侍郎吴","1","1","2"
"部侍郎吴承","1","1","2"
"侍郎吴承范","1","1","2"
"遣尚书左丞","2","0","2"
"尚书左丞王","1","1","2"
"书左丞王易","1","1","2"
"左丞王易简","1","1","2"
"天福八年秋","1","1","2"
"福八年秋七","1","1","2"
"八年秋七月","1","1","2"
"进封楚国公","2","0","2"
"卫上将军杨","1","1","2"
"上将军杨思","1","1","2"
"将军杨思权","1","1","2"
"五千八百九","1","1","2"
"千八百九十","1","1","2"
"秦国夫人安","1","1","2"
"国夫人安氏","1","1","2"
"魏国夫人张","1","1","2"
"国夫人张氏","1","1","2"
"知制诰冯玉","1","1","2"
"州团练使田","1","1","2"
"团练使田令","1","1","2"
"练使田令方","1","1","2"
"史李彝敏抛","1","1","2"
"李彝敏抛弃","1","1","2"
"彝俊等五人","1","1","2"
"宥州刺史李","1","1","2"
"州刺史李仁","1","1","2"
"刺史李仁立","1","1","2"
"史李彝敏擅","1","1","2"
"侍卫使景延","1","1","2"
"卫使景延广","1","1","2"
"延广玉带名","1","1","2"
"广玉带名马","1","1","2"
"饿死者数十","2","0","2"
"死者数十万","2","0","2"
"百姓马知饶","1","1","2"
"前复州防御","1","1","2"
"复州防御使","1","1","2"
"防御使吴峦","1","1","2"
"使王令温赴","1","1","2"
"单州军事判","1","1","2"
"州军事判官","1","1","2"
"军事判官赵","1","1","2"
"事判官赵岳","1","1","2"
"祚初夜开门","1","1","2"
"孔目官齐琪","1","1","2"
"军卫将军蔡","1","1","2"
"军蔡行遇押","1","1","2"
"供奉官殿直","1","1","2"
"奉官殿直二","1","1","2"
"官殿直二十","1","1","2"
"殿直二十六","1","1","2"
"直二十六人","1","1","2"
"使杨光远谋","1","1","2"
"阳节度使符","1","1","2"
"节度使李承","1","1","2"
"度使李承福","1","1","2"
"陈州梁汉璋","1","1","2"
"事中边光范","1","1","2"
"登州刺史郭","1","1","2"
"刺史郭彦威","1","1","2"
"一万二千三","1","1","2"
"万二千三百","1","1","2"
"运元年春正","1","1","2"
"契丹前锋赵","1","1","2"
"丹前锋赵延","1","1","2"
"前锋赵延寿","1","1","2"
"契丹陷贝州","2","0","2"
"月十三日车","2","0","2"
"十三日车驾","2","0","2"
"前军都虞候","1","1","2"
"鄴都留守张","2","0","2"
"都留守张恩","2","0","2"
"铁骑三四万","1","1","2"
"卫上将军张","1","1","2"
"将军张彦泽","1","1","2"
"博州刺史周","1","1","2"
"州刺史周儒","1","1","2"
"武卫将军蔡","1","1","2"
"军蔡行遇率","1","1","2"
"遣李守贞等","1","1","2"
"锋指挥使石","1","1","2"
"指挥使石公","1","1","2"
"挥使石公霸","1","1","2"
"目奋击贼众","1","1","2"
"马家渡东岸","1","1","2"
"贼将七十八","1","1","2"
"将七十八人","1","1","2"
"契丹西南面","1","1","2"
"丹西南面招","1","1","2"
"史安审约奏","2","0","2"
"贼众三千人","1","1","2"
"送所掠人口","1","1","2"
"所掠人口宝","1","1","2"
"等上表请听","2","0","2"
"上表请听乐","2","0","2"
"奏三弦胡琴","1","1","2"
"光远率兵围","1","1","2"
"上将金头王","1","1","2"
"东南面马步","1","1","2"
"南面马步军","1","1","2"
"面马步军都","2","0","2"
"告契丹主曰","2","0","2"
"军东面人少","1","1","2"
"军士千余人","2","0","2"
"护圣第二军","1","1","2"
"第二军都指","1","1","2"
"二军都指挥","1","1","2"
"指挥使乌韩","1","1","2"
"挥使乌韩七","1","1","2"
"监军何彦超","1","1","2"
"军何彦超等","1","1","2"
"何彦超等临","1","1","2"
"彦超等临阵","1","1","2"
"超等临阵畏","1","1","2"
"等临阵畏怯","1","1","2"
"太原刘知远","1","1","2"
"原刘知远奏","1","1","2"
"卫亲军都虞","1","1","2"
"亲军都虞候","1","1","2"
"都虞候李守","1","1","2"
"虞候李守贞","1","1","2"
"候李守贞率","1","1","2"
"贝州贼将赵","1","1","2"
"州贼将赵延","1","1","2"
"贼将赵延昭","1","1","2"
"将赵延昭纵","1","1","2"
"赵延昭纵火","1","1","2"
"开封府尹李","1","1","2"
"封府尹李周","1","1","2"
"置翰林学士","1","1","2"
"运元年秋七","1","1","2"
"元年秋七月","1","1","2"
"改天福九年","1","1","2"
"明德门内震","1","1","2"
"德门内震落","1","1","2"
"代州刺史白","1","1","2"
"州刺史白文","1","1","2"
"刺史白文珂","1","1","2"
"将校七十余","2","0","2"
"福州节度使","1","1","2"
"光远子承勋","2","0","2"
"远子承勋等","2","0","2"
"观察判官邱","1","1","2"
"察判官邱涛","1","1","2"
"牙将白延祚","1","1","2"
"招讨使李守","1","1","2"
"讨使李守贞","1","1","2"
"遣墨县令王","2","0","2"
"令王德柔贡","2","0","2"
"王德柔贡表","2","0","2"
"德柔贡表待","2","0","2"
"柔贡表待罪","2","0","2"
"遣节度判官","2","0","2"
"节度判官杨","1","1","2"
"度判官杨麟","1","1","2"
"右羽林将军","1","1","2"
"右骁骑卫将","1","1","2"
"骁骑卫将军","1","1","2"
"运二年春正","1","1","2"
"西京留守景","1","1","2"
"相州路烽火","1","1","2"
"守安阳河桥","1","1","2"
"知州符彦伦","1","1","2"
"节度使田武","1","1","2"
"随驾马步军","1","1","2"
"驾马步军都","1","1","2"
"马步军都钤","1","1","2"
"步军都钤辖","1","1","2"
"副招讨使马","1","1","2"
"招讨使马全","1","1","2"
"讨使马全节","1","1","2"
"营都监李守","1","1","2"
"都监李守贞","1","1","2"
"尚书户部侍","1","1","2"
"书户部侍郎","1","1","2"
"部侍郎冯玉","1","1","2"
"左补阙袁范","1","1","2"
"补阙袁范先","1","1","2"
"二月三日夜","1","1","2"
"刺史晋庭谦","1","1","2"
"蕃汉兵士二","1","1","2"
"汉兵士二千","1","1","2"
"军中人马饥","1","1","2"
"白团卫村下","1","1","2"
"团卫村下营","1","1","2"
"契丹主坐车","2","0","2"
"丹主坐车中","2","0","2"
"杜威等大军","1","1","2"
"开运二年夏","1","1","2"
"运二年夏五","1","1","2"
"监修国史刘","1","1","2"
"官张昭远等","1","1","2"
"议大夫李元","1","1","2"
"大夫李元龟","1","1","2"
"请禁止天下","1","1","2"
"中书舍人陶","1","1","2"
"太常寺二舞","1","1","2"
"常寺二舞郎","1","1","2"
"小事请假离","1","1","2"
"事请假离京","1","1","2"
"郎张昭远加","1","1","2"
"贝州梁汉璋","1","1","2"
"二王后守太","1","1","2"
"王后守太仆","1","1","2"
"后守太仆少","1","1","2"
"守太仆少卿","1","1","2"
"公杨延寿除","1","1","2"
"金耳环二副","1","1","2"
"耳环二副进","1","1","2"
"环二副进呈","1","1","2"
"瀛州守将刘","1","1","2"
"州守将刘延","1","1","2"
"守将刘延祚","1","1","2"
"将刘延祚受","1","1","2"
"刘延祚受契","1","1","2"
"延祚受契丹","1","1","2"
"运三年冬十","1","1","2"
"尚书兵部郎","1","1","2"
"书兵部郎中","1","1","2"
"知杂事陈观","1","1","2"
"营招讨使杜","1","1","2"
"招讨使杜威","1","1","2"
"讨使杜威率","1","1","2"
"使梁汉璋战","1","1","2"
"十二月己未","2","0","2"
"驻军中渡桥","2","0","2"
"指挥使王清","1","1","2"
"挥使王清战","1","1","2"
"使王清战死","1","1","2"
"使张彦泽受","2","0","2"
"张彦泽受契","2","0","2"
"彦泽受契丹","2","0","2"
"泽受契丹命","2","0","2"
"先锋二千人","1","1","2"
"丘门斩关入","2","0","2"
"侦知张彦泽","1","1","2"
"河东刘知远","1","1","2"
"令扑灭烟火","1","1","2"
"控鹤指挥使","1","1","2"
"鹤指挥使李","1","1","2"
"指挥使李荣","1","1","2"
"宣徽使孟承","1","1","2"
"徽使孟承诲","1","1","2"
"晋朝臣僚一","1","1","2"
"朝臣僚一切","1","1","2"
"御使杨承勋","1","1","2"
"黄龙府安置","2","0","2"
"枢密使冯玉","1","1","2"
"指挥使李彦","1","1","2"
"挥使李彦韬","1","1","2"
"契丹国母召","1","1","2"
"黄龙府西北","1","1","2"
"汉乾祐元年","2","0","2"
"取内官十五","1","1","2"
"内官十五人","1","1","2"
"节度使赵延","1","1","2"
"度使赵延晖","1","1","2"
"使赵延晖尽","1","1","2"
"事后唐庄宗","2","0","2"
"奉圣指挥使","1","1","2"
"赐忠顺保义","2","0","2"
"高祖第二子","2","0","2"
"守相州长史","1","1","2"
"守左金吾卫","1","1","2"
"重信历事唐","1","1","2"
"信历事唐明","1","1","2"
"历事唐明宗","1","1","2"
"前灵武节度","2","0","2"
"武节度使张","1","1","2"
"河南万安山","1","1","2"
"北京皇城使","1","1","2"
"遣杨光远讨","2","0","2"
"洛都巡检使","1","1","2"
"都巡检使张","1","1","2"
"娄继英等先","1","1","2"
"庄宅使张颖","1","1","2"
"宅使张颖监","1","1","2"
"使张颖监护","1","1","2"
"张颖监护丧","1","1","2"
"颖监护丧事","1","1","2"
"河南府万安","1","1","2"
"南府万安山","1","1","2"
"友诲节制陕","1","1","2"
"华州连帅尹","1","1","2"
"州连帅尹皓","1","1","2"
"明宗幸夷门","2","0","2"
"硃守殷拒命","2","0","2"
"张敬达围晋","2","0","2"
"敬达围晋阳","2","0","2"
"果州团练使","1","1","2"
"天福八年十","1","1","2"
"福八年十二","1","1","2"
"时太常丞王","1","1","2"
"王师降契丹","2","0","2"
"荣将入蕃时","1","1","2"
"时年五十六","1","1","2"
"卢龙军行军","1","1","2"
"龙军行军司","1","1","2"
"蕃汉都提举","1","1","2"
"汉都提举使","1","1","2"
"使卢文进南","1","1","2"
"卢文进南归","1","1","2"
"灵州两使留","1","1","2"
"二十年抚养","1","1","2"
"三千条悖逆","1","1","2"
"天福四年七","1","1","2"
"福四年七月","1","1","2"
"浑都督白承","1","1","2"
"都督白承福","1","1","2"
"飞扬跋扈志","2","0","2"
"授晋昌军节","2","0","2"
"景延广所否","1","1","2"
"客省使李彦","1","1","2"
"省使李彦韬","1","1","2"
"明殿学士冯","1","1","2"
"殿学士冯玉","1","1","2"
"重睿择师傅","2","0","2"
"开运三年十","1","1","2"
"运三年十二","1","1","2"
"年十二月十","1","1","2"
"汉高祖登极","2","0","2"
"上将杨光远","1","1","2"
"弊二十余事","2","0","2"
"屯田员外郎","1","1","2"
"莹监修金天","1","1","2"
"监修金天神","1","1","2"
"修金天神祠","1","1","2"
"陕府两使留","1","1","2"
"府两使留后","1","1","2"
"修正史二百","1","1","2"
"正史二百卷","1","1","2"
"检校太尉本","1","1","2"
"校太尉本官","1","1","2"
"时枢密副使","1","1","2"
"时年六十七","1","1","2"
"赐子绢五百","2","0","2"
"子绢五百匹","2","0","2"
"归葬华阴故","2","0","2"
"葬华阴故里","2","0","2"
"逐浮阳节度","1","1","2"
"浮阳节度使","1","1","2"
"阳节度使卢","1","1","2"
"节度使卢彦","1","1","2"
"度使卢彦威","1","1","2"
"沧州留后毛","1","1","2"
"州留后毛璋","1","1","2"
"留后毛璋归","1","1","2"
"四年二月六","1","1","2"
"年二月六日","1","1","2"
"天雄军兵马","1","1","2"
"雄军兵马留","1","1","2"
"西川行营步","1","1","2"
"川行营步军","1","1","2"
"行营副都统","1","1","2"
"礼望尘致敬","1","1","2"
"同州刘继勋","1","1","2"
"赤甲都官健","1","1","2"
"时部将牛存","1","1","2"
"部将牛存节","1","1","2"
"魏州杨师厚","1","1","2"
"亲随指挥使","1","1","2"
"天雄军马步","1","1","2"
"雄军马步都","1","1","2"
"行台右千牛","1","1","2"
"台右千牛卫","1","1","2"
"右千牛卫大","1","1","2"
"千牛卫大将","1","1","2"
"牛卫大将军","1","1","2"
"滑州两使留","1","1","2"
"荆南招讨使","1","1","2"
"官开府仪同","1","1","2"
"十二月辛巳","1","1","2"
"累赠太子太","2","0","2"
"承天军都监","1","1","2"
"尝谓左右曰","2","0","2"
"襄州兵马都","1","1","2"
"荆南道行营","1","1","2"
"南道行营兵","1","1","2"
"道行营兵马","1","1","2"
"行营兵马都","1","1","2"
"营兵马都监","1","1","2"
"灵武兵马留","1","1","2"
"武兵马留后","1","1","2"
"兵马留后韩","1","1","2"
"河西等军节","1","1","2"
"西等军节度","1","1","2"
"肃等州观察","1","1","2"
"池榷税等使","1","1","2"
"令将军牛知","1","1","2"
"将军牛知柔","1","1","2"
"福耀忠匡定","1","1","2"
"安重诲奏曰","2","0","2"
"彰义军节度","1","1","2"
"西面都部署","1","1","2"
"改赐输忠守","1","1","2"
"赐输忠守正","1","1","2"
"输忠守正翊","1","1","2"
"忠守正翊亮","1","1","2"
"守正翊亮功","1","1","2"
"正翊亮功臣","1","1","2"
"邢州内丘人","1","1","2"
"唐潞州节度","1","1","2"
"内丘捕贼将","1","1","2"
"时河朔群盗","1","1","2"
"河朔群盗充","1","1","2"
"朔群盗充斥","1","1","2"
"行经西山中","1","1","2"
"河东李氏将","1","1","2"
"万胜黄头军","1","1","2"
"胜黄头军使","1","1","2"
"蔡二州刺史","1","1","2"
"授西川节度","2","0","2"
"川节度副使","1","1","2"
"天成二年春","1","1","2"
"遂州两使留","1","1","2"
"寻正授节旄","2","0","2"
"庆州刺史窦","1","1","2"
"州刺史窦廷","1","1","2"
"刺史窦廷琬","1","1","2"
"官检校太师","2","0","2"
"少帝幸澶渊","2","0","2"
"时年七十四","1","1","2"
"湖州司功参","1","1","2"
"州司功参军","1","1","2"
"兵部侍郎司","1","1","2"
"部侍郎司空","1","1","2"
"侍郎司空图","1","1","2"
"迁中书舍人","2","0","2"
"唐庄宗平梁","2","0","2"
"天福五年冬","1","1","2"
"宰臣冯道奏","2","0","2"
"时年六十八","1","1","2"
"唐太原府祁","1","1","2"
"太原府祁县","1","1","2"
"唐尚书司勋","1","1","2"
"尚书司勋郎","1","1","2"
"书司勋郎中","1","1","2"
"帅王重盈奏","1","1","2"
"检校兵部郎","1","1","2"
"校兵部郎中","1","1","2"
"河东节度掌","1","1","2"
"东节度掌书","1","1","2"
"张承业等密","1","1","2"
"承业等密谋","1","1","2"
"行台礼部尚","1","1","2"
"台礼部尚书","1","1","2"
"汴州军府事","1","1","2"
"论思匡佐功","1","1","2"
"思匡佐功臣","1","1","2"
"时宰相冯道","1","1","2"
"改赐耀忠匡","1","1","2"
"濮二州刺史","1","1","2"
"竭诚匡国功","1","1","2"
"诚匡国功臣","1","1","2"
"金四州刺史","1","1","2"
"左金吾卫上","1","1","2"
"西北面都计","1","1","2"
"北面都计度","1","1","2"
"面都计度使","1","1","2"
"魏博屯将张","1","1","2"
"博屯将张令","1","1","2"
"将张令昭逐","2","0","2"
"张令昭逐帅","2","0","2"
"河北都转运","1","1","2"
"北都转运使","1","1","2"
"高祖举义太","2","0","2"
"祖举义太原","2","0","2"
"高祖命宣武","1","1","2"
"祖命宣武军","1","1","2"
"命宣武军节","1","1","2"
"黎阳分兵讨","1","1","2"
"卫等州观察","1","1","2"
"行营左军都","1","1","2"
"营左军都指","1","1","2"
"左军都指挥","1","1","2"
"团练防御使","1","1","2"
"死者数千人","2","0","2"
"慕容彦超等","1","1","2"
"周广顺三年","1","1","2"
"广顺三年正","1","1","2"
"顺三年正月","1","1","2"
"宋国夫人霍","1","1","2"
"国夫人霍氏","1","1","2"
"夫人霍氏上","1","1","2"
"号贞范大师","1","1","2"
"后唐武皇镇","1","1","2"
"亲军指挥使","1","1","2"
"圣右厢都指","1","1","2"
"护圣左右厢","1","1","2"
"圣左右厢都","1","1","2"
"奉进左右劝","1","1","2"
"将滑州兵士","1","1","2"
"滑州兵士一","1","1","2"
"步军都校马","1","1","2"
"军都校马万","1","1","2"
"次校卢顺密","1","1","2"
"青州北海人","1","1","2"
"检校尚书仆","1","1","2"
"校尚书仆射","1","1","2"
"军卫上将军","1","1","2"
"竭诚翊戴保","1","1","2"
"诚翊戴保节","1","1","2"
"翊戴保节功","1","1","2"
"戴保节功臣","1","1","2"
"天福五年夏","1","1","2"
"太子右赞善","1","1","2"
"子右赞善大","1","1","2"
"唐天宝十四","1","1","2"
"司天监赵仁","1","1","2"
"天监赵仁琦","1","1","2"
"张文皓等考","1","1","2"
"时四刻十分","1","1","2"
"太原府衙门","1","1","2"
"攻马家口所","1","1","2"
"驰二百余里","2","0","2"
"权知镇州军","2","0","2"
"镇州军府事","1","1","2"
"魏府屯将张","1","1","2"
"府屯将张令","1","1","2"
"刺史冯晖等","1","1","2"
"福二年夏六","1","1","2"
"二年夏六月","1","1","2"
"主上敦信明","1","1","2"
"上敦信明义","1","1","2"
"水运军使曹","1","1","2"
"运军使曹千","1","1","2"
"明宗改御名","1","1","2"
"幽州马步军","1","1","2"
"将兵戍蔚州","2","0","2"
"张敬达屯兵","1","1","2"
"范延光鄴城","2","0","2"
"魏博行府节","1","1","2"
"博行府节度","1","1","2"
"行府节度使","1","1","2"
"桑维翰枢密","2","0","2"
"维翰枢密使","2","0","2"
"维翰镇相州","2","0","2"
"光远暴敛重","1","1","2"
"青州移镇上","1","1","2"
"州移镇上党","1","1","2"
"承祚见城中","1","1","2"
"祚见城中人","1","1","2"
"见城中人民","1","1","2"
"城中人民相","1","1","2"
"纸钱驼马祭","1","1","2"
"杀节度判官","2","0","2"
"亲校杜延寿","1","1","2"
"振武蕃汉马","1","1","2"
"武蕃汉马步","1","1","2"
"振武道巡边","1","1","2"
"武道巡边指","1","1","2"
"道巡边指挥","1","1","2"
"巡边指挥使","1","1","2"
"天福六年冬","1","1","2"
"指挥使李兴","1","1","2"
"行军司马郑","1","1","2"
"军司马郑元","1","1","2"
"司马郑元昭","1","1","2"
"法官李涛等","1","1","2"
"官李涛等上","1","1","2"
"十二月十六","1","1","2"
"二月十六日","1","1","2"
"阁门使高勋","1","1","2"
"高祖睿文圣","1","1","2"
"祖睿文圣武","1","1","2"
"祖母鲁国太","1","1","2"
"母鲁国太夫","1","1","2"
"国太夫人李","1","1","2"
"太夫人李氏","1","1","2"
"国太夫人安","1","1","2"
"太夫人安氏","1","1","2"
"北京马步军","1","1","2"
"大破张敬达","1","1","2"
"充侍卫马步","2","0","2"
"卫马步都指","1","1","2"
"改许州节度","2","0","2"
"大军直抵澶","1","1","2"
"军直抵澶州","1","1","2"
"幽州道行营","1","1","2"
"州道行营招","1","1","2"
"道行营招讨","1","1","2"
"浑白承福等","1","1","2"
"承福等五族","2","0","2"
"福十二年春","1","1","2"
"十二年春正","1","1","2"
"改晋国大辽","2","0","2"
"晋国大辽国","2","0","2"
"河东行军司","1","1","2"
"东行军司马","1","1","2"
"军司马张彦","1","1","2"
"司马张彦威","1","1","2"
"文武将吏等","1","1","2"
"贼帅梁晖相","2","0","2"
"帅梁晖相州","2","0","2"
"晋州兵马留","1","1","2"
"马留后张晏","1","1","2"
"留后张晏洪","1","1","2"
"知州副使骆","1","1","2"
"谏议大夫赵","1","1","2"
"议大夫赵熙","1","1","2"
"时晋州留后","1","1","2"
"晋州留后刘","1","1","2"
"陕州留后赵","1","1","2"
"州留后赵晖","1","1","2"
"潞州留后王","1","1","2"
"州留后王守","1","1","2"
"留后王守恩","1","1","2"
"延州留后高","1","1","2"
"遣判官李彬","1","1","2"
"本道节度使","1","1","2"
"道节度使周","1","1","2"
"节度使周密","1","1","2"
"指挥使高彦","1","1","2"
"契丹黎阳济","2","0","2"
"丹黎阳济河","2","0","2"
"夏四月己未","2","0","2"
"磁州滏阳人","1","1","2"
"三月二十一","1","1","2"
"魏国夫人李","1","1","2"
"勋右卫大将","2","0","2"
"封永宁公主","2","0","2"
"河阳留后武","1","1","2"
"阳留后武行","1","1","2"
"留后武行德","1","1","2"
"遣奉国都虞","1","1","2"
"奉国都虞候","1","1","2"
"国都虞候武","1","1","2"
"都虞候武行","1","1","2"
"虞候武行德","1","1","2"
"伪命节度使","2","0","2"
"命西京留守","1","1","2"
"西京留守刘","1","1","2"
"京留守刘晞","2","0","2"
"巡检使方太","1","1","2"
"州节度使潘","1","1","2"
"节度使潘环","1","1","2"
"主耶律德光","1","1","2"
"赵延寿镇州","1","1","2"
"福十二年夏","1","1","2"
"十二年夏五","1","1","2"
"燕王赵延寿","1","1","2"
"崇北京留守","2","0","2"
"武德使李晖","1","1","2"
"泽州刺史翟","1","1","2"
"州刺史翟令","1","1","2"
"刺史翟令奇","1","1","2"
"度使萧翰迎","1","1","2"
"定州节度副","1","1","2"
"州节度副使","1","1","2"
"节度副使耶","1","1","2"
"度副使耶律","1","1","2"
"副使耶律忠","1","1","2"
"方简云州节","2","0","2"
"简云州节度","2","0","2"
"遣偏校成霸","1","1","2"
"偏校成霸卿","1","1","2"
"契丹河中节","1","1","2"
"丹河中节度","1","1","2"
"中节度使赵","1","1","2"
"契丹右仆射","1","1","2"
"平章事张砺","1","1","2"
"二年六月十","1","1","2"
"年六月十五","1","1","2"
"六月十五日","1","1","2"
"驻指挥使王","1","1","2"
"指挥使王继","1","1","2"
"卫上将军皇","1","1","2"
"上将军皇甫","1","1","2"
"将军皇甫立","1","1","2"
"常卿张昭上","2","0","2"
"文祖明元皇","1","1","2"
"祖明元皇帝","1","1","2"
"德祖恭僖皇","1","1","2"
"祖恭僖皇帝","1","1","2"
"翼祖昭献皇","1","1","2"
"祖昭献皇帝","1","1","2"
"显祖章圣皇","1","1","2"
"祖章圣皇帝","1","1","2"
"镇州驻屯护","1","1","2"
"州驻屯护圣","1","1","2"
"驻屯护圣左","1","1","2"
"屯护圣左厢","1","1","2"
"逐契丹所命","2","0","2"
"洛京留守刘","1","1","2"
"州团练使薛","1","1","2"
"团练使薛怀","1","1","2"
"镇州逐满达","2","0","2"
"州逐满达勒","2","0","2"
"邢州都指挥","1","1","2"
"署高行周督","1","1","2"
"副部署慕容","1","1","2"
"部署慕容彦","1","1","2"
"署慕容彦超","1","1","2"
"慕容彦超坚","1","1","2"
"王师伤夷者","2","0","2"
"师伤夷者万","2","0","2"
"伤夷者万余","2","0","2"
"夷者万余人","2","0","2"
"威检校太师","2","0","2"
"八百六十七","1","1","2"
"百六十七人","1","1","2"
"改天福十三","1","1","2"
"天福十三年","1","1","2"
"正月五日昧","2","0","2"
"燕国公冯道","1","1","2"
"太傅杜重威","1","1","2"
"宰臣苏禹珪","2","0","2"
"元年正月二","1","1","2"
"群臣上表请","1","1","2"
"万岁殿门东","2","0","2"
"岁殿门东庑","2","0","2"
"殿门东庑下","2","0","2"
"平章事李涛","1","1","2"
"时苏逢吉等","1","1","2"
"副枢密使郭","1","1","2"
"密使郭威等","1","1","2"
"陕州兵马监","1","1","2"
"州兵马监押","1","1","2"
"兵马监押王","1","1","2"
"马监押王玉","1","1","2"
"定州孙方简","1","1","2"
"契丹弃定州","2","0","2"
"时供奉官时","1","1","2"
"供奉官时知","1","1","2"
"奉官时知化","1","1","2"
"前永兴节度","1","1","2"
"永兴节度使","1","1","2"
"兴节度使赵","1","1","2"
"度使赵赞部","1","1","2"
"使赵赞部下","1","1","2"
"赵赞部下牙","1","1","2"
"赞部下牙兵","1","1","2"
"部下牙兵赵","1","1","2"
"下牙兵赵思","1","1","2"
"牙兵赵思绾","1","1","2"
"兵赵思绾等","1","1","2"
"赵思绾等三","1","1","2"
"思绾等三百","1","1","2"
"节度使孙方","1","1","2"
"度使孙方简","1","1","2"
"蕃将耶律忠","1","1","2"
"河决原武县","2","0","2"
"九百三十七","1","1","2"
"翰林学士徐","1","1","2"
"林学士徐台","1","1","2"
"学士徐台符","1","1","2"
"都部署郭义","2","0","2"
"部署郭义奏","2","0","2"
"度使王继宏","2","0","2"
"节度判官张","1","1","2"
"度判官张易","1","1","2"
"命枢密使郭","1","1","2"
"河中府军前","1","1","2"
"朝廷命白文","2","0","2"
"廷命白文珂","2","0","2"
"常思攻讨河","1","1","2"
"思攻讨河中","1","1","2"
"部署赵晖奏","2","0","2"
"王景崇贼军","1","1","2"
"中书舍人张","1","1","2"
"书舍人张谊","1","1","2"
"兵部郎中马","1","1","2"
"部郎中马承","1","1","2"
"郎中马承翰","1","1","2"
"州李彝殷先","1","1","2"
"子太傅李崧","1","1","2"
"弟司封员外","1","1","2"
"司封员外郎","1","1","2"
"授六庙宝册","1","1","2"
"正使宰臣苏","1","1","2"
"使宰臣苏禹","1","1","2"
"奉高祖神主","1","1","2"
"淮南伪主李","2","0","2"
"河府李守贞","1","1","2"
"府李守贞求","1","1","2"
"李守贞求援","1","1","2"
"乾祐二年春","1","1","2"
"祐二年春正","1","1","2"
"年春正月壬","2","0","2"
"春正月壬子","2","0","2"
"赐前昭义军","1","1","2"
"河府军前奏","2","0","2"
"正月四日夜","1","1","2"
"贼将王三铁","1","1","2"
"将王三铁等","1","1","2"
"前右监门将","1","1","2"
"监门将军乔","1","1","2"
"门将军乔达","1","1","2"
"徐州巡检使","1","1","2"
"州巡检使成","1","1","2"
"巡检使成德","1","1","2"
"检使成德钦","1","1","2"
"一百二十人","1","1","2"
"河中节度副","1","1","2"
"中节度副使","1","1","2"
"度副使周光","1","1","2"
"副使周光逊","1","1","2"
"将士一千一","1","1","2"
"士一千一百","1","1","2"
"一千一百三","1","1","2"
"千一百三十","1","1","2"
"一百三十人","1","1","2"
"右监门大将","1","1","2"
"监门大将军","1","1","2"
"门大将军许","1","1","2"
"大将军许迁","1","1","2"
"将军许迁上","1","1","2"
"军许迁上言","1","1","2"
"博州博平县","1","1","2"
"州博平县界","1","1","2"
"遣牙将刘成","2","0","2"
"华州节度留","1","1","2"
"永兴城内都","1","1","2"
"兴城内都指","1","1","2"
"城内都指挥","1","1","2"
"都指挥使常","1","1","2"
"指挥使常彦","1","1","2"
"挥使常彦卿","1","1","2"
"常彦卿虢州","2","0","2"
"彦卿虢州刺","2","0","2"
"卿虢州刺史","2","0","2"
"大将军徐进","1","1","2"
"捕蝗二万斛","2","0","2"
"华州留后赵","1","1","2"
"州留后赵思","1","1","2"
"留后赵思绾","1","1","2"
"授华州留后","1","1","2"
"同恶五百人","1","1","2"
"赵思绾部下","1","1","2"
"收复河中府","1","1","2"
"逆贼李守贞","1","1","2"
"守温受高祖","1","1","2"
"温受高祖命","1","1","2"
"受高祖命巡","1","1","2"
"高祖命巡检","1","1","2"
"祖命巡检京","1","1","2"
"命巡检京兆","1","1","2"
"凤翔押送赵","1","1","2"
"翔押送赵思","1","1","2"
"押送赵思绾","1","1","2"
"送赵思绾等","1","1","2"
"思绾等赴阙","2","0","2"
"右拾遗高守","1","1","2"
"拾遗高守琼","1","1","2"
"遗高守琼上","1","1","2"
"高守琼上言","1","1","2"
"中大臣镇抚","1","1","2"
"大臣镇抚谋","1","1","2"
"臣镇抚谋画","1","1","2"
"青州刘铢等","1","1","2"
"八月十八日","1","1","2"
"月十八日大","1","1","2"
"十八日大破","1","1","2"
"八日大破朗","1","1","2"
"日大破朗州","1","1","2"
"大破朗州马","1","1","2"
"破朗州马希","1","1","2"
"朗州马希萼","1","1","2"
"陷贝州高老","1","1","2"
"贝州高老镇","1","1","2"
"遣枢密使郭","2","0","2"
"令宣徽使王","1","1","2"
"徽使王峻参","1","1","2"
"使王峻参预","1","1","2"
"王峻参预军","1","1","2"
"峻参预军事","1","1","2"
"二月庚午朔","2","0","2"
"军节度使马","1","1","2"
"度使马希赡","1","1","2"
"年十月十八","1","1","2"
"十月十八日","1","1","2"
"平章事窦贞","1","1","2"
"章事窦贞固","1","1","2"
"破淮贼正阳","2","0","2"
"乾祐三年春","1","1","2"
"祐三年春正","1","1","2"
"年春正月己","2","0","2"
"营都部署赵","1","1","2"
"逆贼王景崇","1","1","2"
"前永兴军节","1","1","2"
"兴军节度副","1","1","2"
"节度副使安","1","1","2"
"度副使安友","1","1","2"
"登州沙门岛","1","1","2"
"权知永兴军","2","0","2"
"知永兴军府","2","0","2"
"永兴军府事","2","0","2"
"友规失守城","1","1","2"
"规失守城池","1","1","2"
"深入海州贼","1","1","2"
"郭琼部署兵","1","1","2"
"琼部署兵士","1","1","2"
"密使郭威巡","1","1","2"
"使郭威巡边","1","1","2"
"郭威巡边回","1","1","2"
"州部送所获","2","0","2"
"淮南都将李","1","1","2"
"南都将李晖","1","1","2"
"都将李晖等","1","1","2"
"将李晖等三","1","1","2"
"晖等三十三","1","1","2"
"等三十三人","1","1","2"
"都留守高行","1","1","2"
"郓州慕容彦","1","1","2"
"西京留守白","1","1","2"
"京留守白文","1","1","2"
"留守白文珂","1","1","2"
"镇州武行德","1","1","2"
"依前枢密使","2","0","2"
"涨三丈五尺","1","1","2"
"约一丈二尺","1","1","2"
"蒙州城隍神","1","1","2"
"使马希萼奏","1","1","2"
"马希萼奏请","1","1","2"
"弟湖南节度","1","1","2"
"甲士数十人","2","0","2"
"枢密承旨聂","1","1","2"
"密承旨聂文","1","1","2"
"承旨聂文进","1","1","2"
"旨聂文进急","1","1","2"
"聂文进急召","1","1","2"
"文进急召宰","1","1","2"
"进急召宰臣","1","1","2"
"急召宰臣百","1","1","2"
"召前任节度","1","1","2"
"统军等上殿","1","1","2"
"遣腹心赍密","2","0","2"
"腹心赍密诏","2","0","2"
"心赍密诏澶","2","0","2"
"赍密诏澶州","2","0","2"
"令澶州节度","1","1","2"
"使李洪义诛","1","1","2"
"都屯驻护圣","1","1","2"
"屯驻护圣左","1","1","2"
"驻护圣左厢","1","1","2"
"奉国左厢都","1","1","2"
"国左厢都指","1","1","2"
"急诏郓州高","1","1","2"
"诏郓州高行","1","1","2"
"郓州高行周","1","1","2"
"青州符彦卿","1","1","2"
"兗州慕容彦","2","0","2"
"宰臣苏逢吉","1","1","2"
"权知枢密院","2","0","2"
"前青州刘铢","1","1","2"
"指挥使李洪","1","1","2"
"挥使李洪建","1","1","2"
"权侍卫马军","2","0","2"
"洪义受密诏","2","0","2"
"本州副使陈","1","1","2"
"断予首报天","2","0","2"
"予首报天子","2","0","2"
"崇等诸将校","2","0","2"
"事必非圣意","2","0","2"
"前开封尹侯","2","0","2"
"开封尹侯益","2","0","2"
"度使张彦超","1","1","2"
"指挥使阎晋","1","1","2"
"挥使阎晋卿","1","1","2"
"防御使吴虔","1","1","2"
"御使吴虔裕","1","1","2"
"使吴虔裕等","1","1","2"
"嵒脱侦鄴军","2","0","2"
"脱侦鄴军所","2","0","2"
"密奏置嵒脱","2","0","2"
"奏置嵒脱衣","2","0","2"
"置嵒脱衣中","2","0","2"
"宰臣窦贞固","1","1","2"
"臣窦贞固等","1","1","2"
"宰相苏禹珪","2","0","2"
"下令侍卫军","1","1","2"
"慕容彦超扬","1","1","2"
"容彦超扬言","1","1","2"
"七里店军营","1","1","2"
"郭威命何福","1","1","2"
"威命何福进","1","1","2"
"等大合骑乘","2","0","2"
"稍稍奔北军","2","0","2"
"张彦超等相","1","1","2"
"彦超等相继","1","1","2"
"前滑州节度","1","1","2"
"周太祖入京","2","0","2"
"依魏高贵乡","1","1","2"
"魏高贵乡公","1","1","2"
"前太师冯道","1","1","2"
"太师冯道等","1","1","2"
"飞龙使后赞","1","1","2"
"郭允明等同","1","1","2"
"允明等同谋","1","1","2"
"令散员都虞","1","1","2"
"散员都虞候","1","1","2"
"员都虞候奔","1","1","2"
"都虞候奔德","1","1","2"
"虞候奔德等","1","1","2"
"候奔德等下","1","1","2"
"奔德等下手","1","1","2"
"德等下手杀","1","1","2"
"等下手杀害","1","1","2"
"害史宏肇等","2","0","2"
"聂文进首级","1","1","2"
"陕州李洪信","1","1","2"
"都指挥使聂","1","1","2"
"指挥使聂召","1","1","2"
"国指挥使杨","1","1","2"
"指挥使杨德","1","1","2"
"护圣指挥使","1","1","2"
"圣指挥使康","1","1","2"
"指挥使康审","1","1","2"
"挥使康审澄","1","1","2"
"使康审澄等","1","1","2"
"度使判官路","1","1","2"
"使判官路涛","1","1","2"
"掌书记张洞","1","1","2"
"都押衙杨绍","1","1","2"
"康审澄夜中","1","1","2"
"审澄夜中放","1","1","2"
"澄夜中放火","1","1","2"
"夜中放火斩","1","1","2"
"中放火斩关","1","1","2"
"都押衙孔目","1","1","2"
"押衙孔目官","1","1","2"
"三司军将内","1","1","2"
"司军将内选","1","1","2"
"湘阴公宋州","2","0","2"
"使郭崇率七","2","0","2"
"郭崇率七百","2","0","2"
"崇率七百骑","2","0","2"
"尊号曰昭圣","2","0","2"
"年八月二日","1","1","2"
"前宗正卿刘","1","1","2"
"许州阳翟县","1","1","2"
"凡军国大事","1","1","2"
"德圣皇太后","1","1","2"
"周显德元年","1","1","2"
"兴捷军都将","1","1","2"
"元年八月中","1","1","2"
"范延光叛魏","2","0","2"
"日行二百里","1","1","2"
"本州开道都","1","1","2"
"置武节左右","1","1","2"
"武节左右指","1","1","2"
"节左右指挥","1","1","2"
"主命大将耿","1","1","2"
"命大将耿崇","1","1","2"
"大将耿崇美","1","1","2"
"河阳武行德","1","1","2"
"苏逢吉等同","2","0","2"
"逢吉等同受","2","0","2"
"吉等同受顾","2","0","2"
"商人李进卖","1","1","2"
"教坊使玉带","1","1","2"
"须长枪大剑","1","1","2"
"使阎晋卿等","1","1","2"
"祐三年冬十","2","0","2"
"冬十一月十","1","1","2"
"十一月十三","1","1","2"
"后唐租庸使","1","1","2"
"唐租庸使孔","1","1","2"
"郓三州粮料","1","1","2"
"三州粮料使","1","1","2"
"宰臣李涛上","1","1","2"
"弟武德使李","1","1","2"
"武德使李业","1","1","2"
"后唐清泰末","1","1","2"
"候张令昭作","1","1","2"
"张令昭作乱","1","1","2"
"征杜重威鄴","2","0","2"
"苏逢吉乘醉","1","1","2"
"本州录事参","1","1","2"
"州录事参军","1","1","2"
"时推官李荛","1","1","2"
"推官李荛掌","1","1","2"
"兴圣宫巡官","1","1","2"
"太常寺协律","1","1","2"
"常寺协律郎","1","1","2"
"帅范延光奏","1","1","2"
"长兴三年冬","1","1","2"
"徐台符同学","1","1","2"
"官同平章事","1","1","2"
"林学士李涛","1","1","2"
"使臣张令柔","1","1","2"
"平阴县十七","1","1","2"
"天官正王处","1","1","2"
"官正王处讷","1","1","2"
"宋国大长公","1","1","2"
"国大长公主","1","1","2"
"遣殿中监王","1","1","2"
"殿中监王钦","1","1","2"
"中监王钦祚","1","1","2"
"重威李守贞","2","0","2"
"李守贞等率","2","0","2"
"中门使高勋","1","1","2"
"断澶州浮梁","2","0","2"
"重威遣子宏","2","0","2"
"威遣子宏遂","2","0","2"
"事中陈观等","1","1","2"
"亲率诸军攻","2","0","2"
"制授检校太","2","0","2"
"契丹遣幽州","2","0","2"
"幽州指挥使","1","1","2"
"州指挥使张","1","1","2"
"指挥使张琏","1","1","2"
"军二千余人","2","0","2"
"一千五百人","1","1","2"
"枢密副使郭","1","1","2"
"密副使郭威","1","1","2"
"重威部下将","1","1","2"
"晋高祖命马","1","1","2"
"高祖命马全","1","1","2"
"祖命马全节","1","1","2"
"命马全节讨","1","1","2"
"守贞监护军","1","1","2"
"郓州马家口","1","1","2"
"青州行营都","1","1","2"
"枢密使桑维","1","1","2"
"密使桑维翰","1","1","2"
"相州汤阴县","1","1","2"
"守贞北面行","2","0","2"
"贞北面行营","2","0","2"
"面行营都监","1","1","2"
"侍卫副都指","1","1","2"
"卫副都指挥","1","1","2"
"州刺史赵思","1","1","2"
"刺史赵思英","1","1","2"
"枢密使直学","1","1","2"
"密使直学士","1","1","2"
"使直学士殷","1","1","2"
"直学士殷鹏","1","1","2"
"守贞面上管","1","1","2"
"贞面上管幽","1","1","2"
"面上管幽州","1","1","2"
"杜重威厚加","1","1","2"
"重威厚加赠","1","1","2"
"乾祐元年三","2","0","2"
"祐元年三月","2","0","2"
"密使郭威西","1","1","2"
"使郭威西征","1","1","2"
"令判官李恕","1","1","2"
"判官李恕入","1","1","2"
"官李恕入朝","1","1","2"
"李恕入朝请","1","1","2"
"思绾粗暴难","1","1","2"
"绾粗暴难制","1","1","2"
"郊外离亭置","1","1","2"
"外离亭置酒","1","1","2"
"守门军士十","1","1","2"
"元年三月二","1","1","2"
"牙将刘成琦","1","1","2"
"郑国夫人申","1","1","2"
"国夫人申氏","1","1","2"
"燕国夫人王","1","1","2"
"国夫人王氏","1","1","2"
"姨母楚国夫","1","1","2"
"母楚国夫人","1","1","2"
"楚国夫人韩","1","1","2"
"夫人韩氏提","1","1","2"
"人韩氏提携","1","1","2"
"时河阳节度","1","1","2"
"阳节度使张","1","1","2"
"度使张彦琪","1","1","2"
"帝发离京师","2","0","2"
"正月五日夜","1","1","2"
"二年八月五","1","1","2"
"年八月五日","1","1","2"
"徽南院使王","1","1","2"
"南院使王峻","1","1","2"
"宰相苏逢吉","1","1","2"
"相苏逢吉等","1","1","2"
"澶州副使陈","1","1","2"
"令李洪义杀","1","1","2"
"令护圣左厢","1","1","2"
"挥使郭崇等","1","1","2"
"徽使王峻坐","1","1","2"
"集三军将校","1","1","2"
"遣左神武统","1","1","2"
"神武统军袁","1","1","2"
"节度使刘重","1","1","2"
"度使刘重进","1","1","2"
"使刘重进率","1","1","2"
"尹侯益等屯","1","1","2"
"取监国处分","2","0","2"
"时文武百官","1","1","2"
"顺元年春正","1","1","2"
"故枢密使杨","1","1","2"
"司使王章等","1","1","2"
"马步诸军将","1","1","2"
"步诸军将士","1","1","2"
"任文武官僚","1","1","2"
"道行军副使","1","1","2"
"令节度使专","1","1","2"
"晋天福元年","1","1","2"
"高祖皇帝陵","1","1","2"
"上汉太后尊","1","1","2"
"汉太后尊号","1","1","2"
"昭圣皇太后","1","1","2"
"遣押牙巩廷","1","1","2"
"遣千牛卫将","1","1","2"
"年契丹永康","1","1","2"
"汉隐帝发丧","1","1","2"
"教练使杨温","1","1","2"
"练使杨温等","1","1","2"
"南高保融奏","2","0","2"
"十二月十八","1","1","2"
"宁远等军节","1","1","2"
"远等军节度","1","1","2"
"御田红粳米","1","1","2"
"正月十六日","1","1","2"
"月十六日僭","1","1","2"
"顺元年春二","1","1","2"
"元年春二月","1","1","2"
"伪招讨使刘","1","1","2"
"招讨使刘钧","1","1","2"
"副招讨使白","1","1","2"
"招讨使白截","1","1","2"
"讨使白截海","1","1","2"
"左千牛将军","1","1","2"
"契丹主乌裕","2","0","2"
"丹主乌裕遣","2","0","2"
"差散亲事官","2","0","2"
"散亲事官等","2","0","2"
"徐州行营都","1","1","2"
"都部署王彦","1","1","2"
"部署王彦超","1","1","2"
"职掌吏民等","1","1","2"
"湘阴公夫人","1","1","2"
"人安抚守护","1","1","2"
"诏沿淮州县","2","0","2"
"逢吉骨肉洛","1","1","2"
"刘铢骨肉陕","1","1","2"
"铢骨肉陕州","1","1","2"
"骨肉陕州庄","1","1","2"
"故郇国公李","1","1","2"
"淑妃王氏追","1","1","2"
"妃王氏追赠","1","1","2"
"道节度副使","1","1","2"
"团练军事判","1","1","2"
"练军事判官","1","1","2"
"晋高祖三处","1","1","2"
"高祖三处陵","1","1","2"
"元随三十人","2","0","2"
"一百五十贯","1","1","2"
"碧玉金涂银","1","1","2"
"玉金涂银裹","1","1","2"
"贵妃张氏举","1","1","2"
"隐帝梓宫殡","2","0","2"
"帝梓宫殡故","2","0","2"
"吾卫将军姚","1","1","2"
"卫将军姚汉","1","1","2"
"前右神武将","1","1","2"
"右神武将军","1","1","2"
"神武将军华","1","1","2"
"武将军华光","1","1","2"
"将军华光裔","1","1","2"
"常卿边蔚上","2","0","2"
"考城县巡检","1","1","2"
"供奉官马彦","1","1","2"
"四庙册礼使","1","1","2"
"太常少卿刘","1","1","2"
"常少卿刘悦","1","1","2"
"太庙四室宝","1","1","2"
"庙四室宝册","1","1","2"
"书令冯道等","1","1","2"
"史官贾纬等","1","1","2"
"晋高祖实录","1","1","2"
"帝诣太平宫","2","0","2"
"西京修行寺","1","1","2"
"幽州牙将曹","1","1","2"
"州牙将曹继","1","1","2"
"牙将曹继筠","1","1","2"
"中书令赵莹","1","1","2"
"故夫人柴氏","1","1","2"
"令所司定谥","2","0","2"
"太平宫居汉","2","0","2"
"平宫居汉太","2","0","2"
"宫居汉太后","2","0","2"
"故夫人杨氏","1","1","2"
"中书舍人刘","1","1","2"
"书舍人刘涛","1","1","2"
"监察御史刘","1","1","2"
"察御史刘顼","1","1","2"
"宰臣王峻献","1","1","2"
"惟皇诫德赋","1","1","2"
"巡检使陈思","1","1","2"
"大将军陆孟","1","1","2"
"将军陆孟俊","1","1","2"
"伪节度使马","1","1","2"
"晋州巡检王","1","1","2"
"州巡检王万","1","1","2"
"巡检王万敢","1","1","2"
"东贼军寇境","2","0","2"
"度使刘仁赡","1","1","2"
"诏枢密使王","2","0","2"
"左卫将军申","1","1","2"
"卫将军申师","1","1","2"
"将军申师厚","1","1","2"
"大将边镐率","1","1","2"
"监门将军李","1","1","2"
"门将军李重","1","1","2"
"将军李重玉","1","1","2"
"军李重玉主","1","1","2"
"迁葬故淑妃","1","1","2"
"葬故淑妃王","1","1","2"
"故淑妃王氏","1","1","2"
"诏刘崇入寇","2","0","2"
"时王峻驻军","1","1","2"
"夫五万五千","1","1","2"
"防御使史延","1","1","2"
"御使史延韬","1","1","2"
"皇城使向训","1","1","2"
"州防御使药","1","1","2"
"防御使药元","1","1","2"
"御使药元福","1","1","2"
"讨慕容彦超","1","1","2"
"镇州何福进","1","1","2"
"燕敬权等四","1","1","2"
"敬权等四人","1","1","2"
"三司军将路","1","1","2"
"司军将路昌","1","1","2"
"军将路昌祚","1","1","2"
"宰相宋齐丘","1","1","2"
"府州防卸使","2","0","2"
"州防卸使折","2","0","2"
"防卸使折德","2","0","2"
"卸使折德扆","2","0","2"
"使折德扆奏","2","0","2"
"河东乡军一","1","1","2"
"东乡军一百","1","1","2"
"慕容彦超身","1","1","2"
"明殿学士颜","1","1","2"
"州管内罪人","2","0","2"
"四十三代孙","1","1","2"
"州修葺孔子","1","1","2"
"修葺孔子祠","1","1","2"
"武节度使冯","1","1","2"
"节度使冯晖","1","1","2"
"伪幽州节度","1","1","2"
"节度使萧海","1","1","2"
"度使萧海贞","1","1","2"
"后中书门下","1","1","2"
"使下共设一","2","0","2"
"下共设一斋","2","0","2"
"余前任职员","1","1","2"
"陈州节度使","1","1","2"
"密使王峻上","1","1","2"
"龙捷都指挥","2","0","2"
"指挥使刘诲","1","1","2"
"指挥使何继","1","1","2"
"挥使何继筠","1","1","2"
"使何继筠等","1","1","2"
"姨母韩氏追","1","1","2"
"母韩氏追封","1","1","2"
"追封福庆长","1","1","2"
"封福庆长公","1","1","2"
"福庆长公主","1","1","2"
"契丹武州刺","1","1","2"
"丹武州刺史","1","1","2"
"武州刺史石","1","1","2"
"州刺史石越","1","1","2"
"知军府事翟","1","1","2"
"军府事翟光","1","1","2"
"万九千八百","1","1","2"
"九千八百户","1","1","2"
"朗州大将刘","1","1","2"
"州大将刘言","1","1","2"
"年十月三日","1","1","2"
"岳州刺史宋","1","1","2"
"州刺史宋德","1","1","2"
"刺史宋德权","1","1","2"
"巡检牛皮节","1","1","2"
"检牛皮节级","1","1","2"
"应内外文武","2","0","2"
"平军留后刘","1","1","2"
"军留后刘言","1","1","2"
"言遣牙将张","2","0","2"
"遣牙将张崇","2","0","2"
"十月十三日","1","1","2"
"伪节度使边","1","1","2"
"后诸侯入朝","1","1","2"
"检校太尉刘","1","1","2"
"校太尉刘言","1","1","2"
"言检校太师","2","0","2"
"行朗州大都","1","1","2"
"三司水陆转","1","1","2"
"司水陆转运","1","1","2"
"水陆转运等","1","1","2"
"陆转运等使","1","1","2"
"静江等军事","2","0","2"
"进封彭城郡","1","1","2"
"封彭城郡公","1","1","2"
"权知潭州军","2","0","2"
"校太傅王进","1","1","2"
"太傅王进逵","1","1","2"
"蕃部野鸡族","1","1","2"
"史张建武等","1","1","2"
"赐朗州刘言","2","0","2"
"除京兆府庄","1","1","2"
"属营田户部","1","1","2"
"营田户部院","1","1","2"
"系县人户所","1","1","2"
"天下系官庄","2","0","2"
"下系官庄田","2","0","2"
"知贡举赵上","2","0","2"
"贡举赵上交","2","0","2"
"两浙吊祭使","1","1","2"
"议大夫李知","1","1","2"
"大夫李知损","1","1","2"
"授登州司马","1","1","2"
"青州知州张","1","1","2"
"州知州张凝","1","1","2"
"密使王峻巡","1","1","2"
"使王峻巡视","1","1","2"
"州王进逵奏","2","0","2"
"朗州行军司","1","1","2"
"梁租庸使赵","1","1","2"
"僧尼寺院五","1","1","2"
"尼寺院五十","1","1","2"
"寺院五十八","1","1","2"
"院五十八所","1","1","2"
"唐州方城县","1","1","2"
"州方城县令","1","1","2"
"方城县令陈","1","1","2"
"城县令陈守","1","1","2"
"县令陈守愚","1","1","2"
"蚕盐一千五","1","1","2"
"盐一千五百","1","1","2"
"一千五百斤","1","1","2"
"诏中书令冯","2","0","2"
"书令冯道书","1","1","2"
"皇帝承天受","1","1","2"
"帝承天受命","1","1","2"
"少帝遣子延","2","0","2"
"帝遣子延煦","2","0","2"
"遣将作监李","2","0","2"
"监修国史王","1","1","2"
"修国史王峻","1","1","2"
"门上将军李","1","1","2"
"上将军李建","1","1","2"
"将军李建崇","1","1","2"
"延州牙内都","1","1","2"
"州牙内都指","1","1","2"
"使高绍基奏","2","0","2"
"道先遣行军","1","1","2"
"先遣行军司","1","1","2"
"湖南王进逵","1","1","2"
"顺三年春三","1","1","2"
"朗州刘言绢","1","1","2"
"庆州刺史郭","1","1","2"
"刺史郭彦钦","1","1","2"
"十五里寡妇","1","1","2"
"五里寡妇山","1","1","2"
"野鸡族掠夺","1","1","2"
"州节度使折","1","1","2"
"史张建武进","1","1","2"
"张建武进兵","1","1","2"
"建武进兵攻","1","1","2"
"州节度使常","1","1","2"
"节度使常思","1","1","2"
"四万一千四","1","1","2"
"万一千四百","1","1","2"
"一千四百两","1","1","2"
"契丹幽州榷","1","1","2"
"丹幽州榷盐","1","1","2"
"幽州榷盐制","1","1","2"
"州榷盐制置","1","1","2"
"榷盐制置使","1","1","2"
"子太傅李怀","1","1","2"
"太傅李怀忠","1","1","2"
"丰县村民井","1","1","2"
"县村民井中","1","1","2"
"太子宾客马","1","1","2"
"子宾客马裔","1","1","2"
"宾客马裔孙","1","1","2"
"刘言淮贼通","2","0","2"
"言淮贼通连","2","0","2"
"差指挥使郑","2","0","2"
"指挥使郑珓","2","0","2"
"挥使郑珓部","2","0","2"
"使郑珓部兵","2","0","2"
"郑珓部兵士","2","0","2"
"郑珓军众所","2","0","2"
"珓军众所执","2","0","2"
"刘言寻诸军","2","0","2"
"言寻诸军所","2","0","2"
"寻诸军所废","2","0","2"
"臣朗州安抚","2","0","2"
"朗州安抚讫","2","0","2"
"委王进逵取","2","0","2"
"王进逵取便","2","0","2"
"进逵取便安","2","0","2"
"逵取便安置","2","0","2"
"太子少保卢","1","1","2"
"子少保卢损","1","1","2"
"乐寿县兵马","1","1","2"
"齐州保宁郡","1","1","2"
"州保宁郡兵","1","1","2"
"保宁郡兵士","1","1","2"
"都头刘彦章","1","1","2"
"头刘彦章等","1","1","2"
"时郑州开道","1","1","2"
"郑州开道指","1","1","2"
"州开道指挥","1","1","2"
"道指挥使张","1","1","2"
"挥使张万友","1","1","2"
"供奉官马谔","1","1","2"
"彦章等十三","1","1","2"
"章等十三人","1","1","2"
"冬十月戊申","2","0","2"
"吾上将军张","1","1","2"
"将军张彦成","1","1","2"
"前宁州刺史","1","1","2"
"责授右司御","2","0","2"
"授右司御副","2","0","2"
"野鸡族失利","1","1","2"
"书令冯道率","1","1","2"
"圣明文武仁","1","1","2"
"明文武仁德","1","1","2"
"文武仁德皇","1","1","2"
"武仁德皇帝","1","1","2"
"共城稻田务","1","1","2"
"使何福进奏","1","1","2"
"单州刺史赵","1","1","2"
"州刺史赵凤","1","1","2"
"坐民所讼故","2","0","2"
"都留守王殷","1","1","2"
"留守王殷朝","1","1","2"
"正月一日亲","1","1","2"
"德元年春正","1","1","2"
"改广顺四年","1","1","2"
"升朝官两任","1","1","2"
"氐宿主帝王","1","1","2"
"判内外兵马","2","0","2"
"圣寿五十一","1","1","2"
"召文武百官","1","1","2"
"晋王荣柩前","2","0","2"
"服纪月日一","2","0","2"
"前揭开瓦棺","1","1","2"
"要守陵宫人","1","1","2"
"大周天子临","1","1","2"
"澶州葬通天","1","1","2"
"州葬通天冠","1","1","2"
"葬一副平天","1","1","2"
"一副平天冠","1","1","2"
"世宗睿武孝","1","1","2"
"宗睿武孝文","1","1","2"
"天雄军牙内","1","1","2"
"雄军牙内都","1","1","2"
"军牙内都指","1","1","2"
"显德元年正","1","1","2"
"宰臣冯道率","1","1","2"
"契丹大将军","1","1","2"
"丹大将军杨","1","1","2"
"大将军杨衮","1","1","2"
"唐太宗创业","1","1","2"
"兵马监押穆","1","1","2"
"马监押穆令","1","1","2"
"监押穆令均","1","1","2"
"押穆令均部","1","1","2"
"穆令均部下","1","1","2"
"令均部下兵","1","1","2"
"均部下兵士","1","1","2"
"诏天雄军节","2","0","2"
"诏河中节度","2","0","2"
"府节度使韩","1","1","2"
"月十一日亲","1","1","2"
"十一日亲征","1","1","2"
"枢密使郑仁","1","1","2"
"密使郑仁诲","1","1","2"
"都虞候李重","1","1","2"
"虞候李重进","1","1","2"
"临阵斩贼大","2","0","2"
"阵斩贼大将","2","0","2"
"伪枢密使王","1","1","2"
"枢密使王延","1","1","2"
"密使王延嗣","1","1","2"
"伪汾州防御","1","1","2"
"汾州防御使","1","1","2"
"州防御使董","1","1","2"
"防御使董希","1","1","2"
"御使董希颜","1","1","2"
"九月二十四","1","1","2"
"前泽州刺史","1","1","2"
"州刺史李彦","1","1","2"
"刺史李彦崇","1","1","2"
"右屯卫将军","1","1","2"
"屯卫将军薛","1","1","2"
"卫将军薛训","1","1","2"
"宋州巡检供","1","1","2"
"州巡检供奉","1","1","2"
"巡检供奉官","1","1","2"
"副都知竹奉","1","1","2"
"左羽林大将","1","1","2"
"羽林大将军","1","1","2"
"林大将军孟","1","1","2"
"大将军孟汉","1","1","2"
"将军孟汉卿","1","1","2"
"军孟汉卿赐","1","1","2"
"孟汉卿赐死","1","1","2"
"三分交一分","2","0","2"
"深州三十里","1","1","2"
"度使韩通等","1","1","2"
"尚书礼部贡","1","1","2"
"书礼部贡院","1","1","2"
"进士李覃等","1","1","2"
"礼部侍郎刘","1","1","2"
"部侍郎刘温","1","1","2"
"侍郎刘温叟","1","1","2"
"徽南院使向","1","1","2"
"南院使向训","1","1","2"
"停废寺院内","2","0","2"
"大名府等三","1","1","2"
"名府等三处","1","1","2"
"判官录事参","1","1","2"
"官录事参军","1","1","2"
"录事参军引","1","1","2"
"事参军引试","1","1","2"
"二千六百九","1","1","2"
"千六百九十","1","1","2"
"六百九十四","1","1","2"
"百九十四所","1","1","2"
"三万三百三","1","1","2"
"万三百三十","1","1","2"
"三百三十六","1","1","2"
"六万一千二","1","1","2"
"万一千二百","1","1","2"
"常卿田敏等","1","1","2"
"招讨使王景","1","1","2"
"孙韬等一千","1","1","2"
"韬等一千五","1","1","2"
"等一千五百","1","1","2"
"观察判官赵","1","1","2"
"淮南道前军","1","1","2"
"南道前军行","1","1","2"
"道前军行营","1","1","2"
"前军行营都","1","1","2"
"军行营都部","1","1","2"
"使韩令坤等","1","1","2"
"谕淮南州县","1","1","2"
"守贞叛河中","2","0","2"
"发兵应接叛","1","1","2"
"兵应接叛臣","1","1","2"
"淮南将士军","1","1","2"
"都部署王景","1","1","2"
"节度使王环","1","1","2"
"淮南前军都","1","1","2"
"南前军都部","1","1","2"
"军都部署李","1","1","2"
"指挥使白延","1","1","2"
"挥使白延遇","1","1","2"
"德三年春正","1","1","2"
"诏取月八日","2","0","2"
"淮南援军大","1","1","2"
"退守正阳浮","1","1","2"
"守正阳浮桥","1","1","2"
"使李重进率","2","0","2"
"兵马都监何","1","1","2"
"马都监何延","1","1","2"
"都监何延锡","1","1","2"
"监何延锡等","1","1","2"
"战船五十艘","1","1","2"
"庐寿巡检使","1","1","2"
"寿巡检使司","1","1","2"
"巡检使司超","1","1","2"
"破淮贼三千","2","0","2"
"获都监伪吉","1","1","2"
"都监伪吉州","1","1","2"
"监伪吉州刺","1","1","2"
"伪吉州刺史","1","1","2"
"吉州刺史高","1","1","2"
"州刺史高弼","1","1","2"
"刺史高弼献","1","1","2"
"江州节度使","1","1","2"
"行营应援使","1","1","2"
"营应援使皇","1","1","2"
"应援使皇甫","1","1","2"
"援使皇甫晖","1","1","2"
"常州团练使","1","1","2"
"应援都监姚","1","1","2"
"援都监姚凤","1","1","2"
"都监姚凤献","1","1","2"
"南二将皇甫","1","1","2"
"二将皇甫晖","1","1","2"
"主李景遣臣","2","0","2"
"李景遣臣伪","2","0","2"
"伪翰林学士","1","1","2"
"翰林学士户","1","1","2"
"林学士户部","1","1","2"
"学士户部侍","1","1","2"
"士户部侍郎","1","1","2"
"户部侍郎钟","1","1","2"
"部侍郎钟谟","1","1","2"
"伪工部侍郎","1","1","2"
"工部侍郎文","1","1","2"
"部侍郎文理","1","1","2"
"侍郎文理院","1","1","2"
"郎文理院学","1","1","2"
"文理院学士","1","1","2"
"理院学士李","1","1","2"
"院学士李德","1","1","2"
"学士李德明","1","1","2"
"士李德明等","1","1","2"
"李德明等奉","2","0","2"
"德明等奉表","2","0","2"
"绮绫罗二千","1","1","2"
"绫罗二千匹","1","1","2"
"绮绫罗二百","1","1","2"
"绫罗二百匹","1","1","2"
"银器一百两","1","1","2"
"马军指挥韩","1","1","2"
"军指挥韩令","1","1","2"
"指挥韩令坤","1","1","2"
"伪命天长军","2","0","2"
"天长军制置","1","1","2"
"长军制置使","1","1","2"
"军制置使耿","1","1","2"
"制置使耿谦","1","1","2"
"潘叔嗣所杀","1","1","2"
"光州刺史何","1","1","2"
"州刺史何超","1","1","2"
"都监张承翰","1","1","2"
"舒州刺史郭","1","1","2"
"州刺史郭令","1","1","2"
"刺史郭令图","1","1","2"
"兵士一百五","1","1","2"
"士一百五十","1","1","2"
"伪司空孙晟","1","1","2"
"伪礼部尚书","1","1","2"
"礼部尚书王","1","1","2"
"部尚书王崇","1","1","2"
"尚书王崇质","1","1","2"
"书王崇质等","1","1","2"
"罗绮二千匹","1","1","2"
"将率兵攻常","2","0","2"
"率兵攻常州","2","0","2"
"延州留后李","1","1","2"
"州留后李彦","1","1","2"
"兵司都监阎","1","1","2"
"司都监阎绾","1","1","2"
"赐江南李景","2","0","2"
"扬州韩令坤","1","1","2"
"获大将陆孟","1","1","2"
"败楚州贼将","1","1","2"
"楚州贼将马","1","1","2"
"获涟州刺史","1","1","2"
"涟州刺史秦","1","1","2"
"州刺史秦进","1","1","2"
"刺史秦进崇","1","1","2"
"淮南道招讨","1","1","2"
"南道招讨使","1","1","2"
"道招讨使李","1","1","2"
"寿州贼军攻","1","1","2"
"挥使李继勋","1","1","2"
"淮南招讨使","1","1","2"
"南招讨使李","1","1","2"
"德四年春正","1","1","2"
"诏天下见禁","2","0","2"
"大将建州节","1","1","2"
"将建州节度","1","1","2"
"州节度使许","1","1","2"
"节度使许文","1","1","2"
"度使许文缜","1","1","2"
"前湖南节度","1","1","2"
"粮船数百艘","1","1","2"
"发近县丁夫","2","0","2"
"庐州都部署","1","1","2"
"州都部署刘","1","1","2"
"都部署刘重","1","1","2"
"部署刘重进","1","1","2"
"寿州东山口","1","1","2"
"授宣徽南院","1","1","2"
"道行营都监","1","1","2"
"城五十里内","1","1","2"
"内供奉官孙","1","1","2"
"供奉官孙延","1","1","2"
"奉官孙延希","1","1","2"
"御厨使董延","1","1","2"
"厨使董延勋","1","1","2"
"武德副使卢","1","1","2"
"德副使卢继","1","1","2"
"副使卢继升","1","1","2"
"重修永福殿","1","1","2"
"伊阳山谷中","1","1","2"
"行德分兵屯","1","1","2"
"阳节度使李","1","1","2"
"度使李继勋","1","1","2"
"书张昭上疏","1","1","2"
"降军数千人","2","0","2"
"左藏库使符","1","1","2"
"藏库使符令","1","1","2"
"库使符令光","1","1","2"
"贤良方正能","1","1","2"
"良方正能直","1","1","2"
"方正能直言","1","1","2"
"正能直言极","1","1","2"
"能直言极谏","1","1","2"
"直言极谏科","1","1","2"
"详闲吏理达","1","1","2"
"尚书张昭条","1","1","2"
"麟州刺史杨","1","1","2"
"州刺史杨重","1","1","2"
"刺史杨重训","1","1","2"
"破十八里滩","1","1","2"
"濠州东北淮","1","1","2"
"舰七十余艘","1","1","2"
"使郭廷谓上","1","1","2"
"郭廷谓上表","1","1","2"
"廷谓上表陈","1","1","2"
"濠州率大军","1","1","2"
"州率大军水","1","1","2"
"率大军水陆","1","1","2"
"战船三百艘","1","1","2"
"泗州守将范","1","1","2"
"宿州团练使","1","1","2"
"大将伪保义","1","1","2"
"将伪保义军","1","1","2"
"伪保义军节","1","1","2"
"江北都应援","1","1","2"
"北都应援使","1","1","2"
"都应援使陈","1","1","2"
"应援使陈承","1","1","2"
"援使陈承昭","1","1","2"
"使陈承昭献","1","1","2"
"雄武军使崔","1","1","2"
"武军使崔万","1","1","2"
"军使崔万迪","1","1","2"
"江南李景遣","2","0","2"
"右龙武将军","1","1","2"
"龙武将军王","1","1","2"
"武将军王汉","1","1","2"
"将军王汉璋","1","1","2"
"伪守将张彦","1","1","2"
"守将张彦卿","1","1","2"
"将张彦卿等","1","1","2"
"城内军民死","1","1","2"
"天长军使易","1","1","2"
"故淮南节度","1","1","2"
"故升府节度","1","1","2"
"升府节度使","1","1","2"
"府节度使徐","1","1","2"
"节度使徐温","1","1","2"
"度使徐温等","1","1","2"
"黄州刺史司","1","1","2"
"州刺史司超","1","1","2"
"伪舒州刺史","1","1","2"
"舒州刺史施","1","1","2"
"州刺史施仁","1","1","2"
"刺史施仁望","1","1","2"
"河东贼军逃","1","1","2"
"东贼军逃遁","1","1","2"
"巡检使李谦","1","1","2"
"检使李谦溥","1","1","2"
"右武卫大将","1","1","2"
"武卫大将军","1","1","2"
"卫大将军李","1","1","2"
"大将军李继","1","1","2"
"将军李继勋","1","1","2"
"军李继勋率","1","1","2"
"刘承遇奉表","1","1","2"
"黄等四州献","1","1","2"
"二十二万六","1","1","2"
"十二万六千","1","1","2"
"二万六千五","1","1","2"
"万六千五百","1","1","2"
"六千五百七","1","1","2"
"千五百七十","1","1","2"
"五百七十四","1","1","2"
"谋欲传位世","2","0","2"
"陈觉上表陈","1","1","2"
"谏议大夫刘","1","1","2"
"议大夫刘涛","1","1","2"
"大夫刘涛选","1","1","2"
"监使申屠谔","1","1","2"
"散马四十匹","1","1","2"
"李景遣所署","2","0","2"
"宰相冯延巳","1","1","2"
"相冯延巳献","1","1","2"
"米麦二十万","1","1","2"
"麦二十万石","1","1","2"
"代李景捧寿","2","0","2"
"李景捧寿觞","2","0","2"
"景捧寿觞献","2","0","2"
"月十九日杭","1","1","2"
"十九日杭州","1","1","2"
"皇帝恭问江","1","1","2"
"帝恭问江南","1","1","2"
"恭问江南国","1","1","2"
"问江南国主","1","1","2"
"食盐三十万","1","1","2"
"盐三十万石","1","1","2"
"尚书张昭等","1","1","2"
"同州刺史元","1","1","2"
"州刺史元稹","1","1","2"
"奏均户民租","1","1","2"
"均户民租赋","1","1","2"
"进奉使商崇","1","1","2"
"醴陵县玉仙","1","1","2"
"陵县玉仙观","1","1","2"
"县玉仙观山","1","1","2"
"玉仙观山门","1","1","2"
"仙观山门中","1","1","2"
"年七月十七","1","1","2"
"七月十七日","1","1","2"
"月十七日夜","1","1","2"
"楚州兵马都","1","1","2"
"兵马都监武","1","1","2"
"马都监武怀","1","1","2"
"都监武怀恩","1","1","2"
"伪太傅中书","1","1","2"
"太傅中书令","1","1","2"
"傅中书令宋","1","1","2"
"中书令宋齐","1","1","2"
"书令宋齐丘","1","1","2"
"伪兵部侍郎","1","1","2"
"兵部侍郎陈","1","1","2"
"部侍郎陈觉","1","1","2"
"伪镇南军节","1","1","2"
"南军节度副","1","1","2"
"德明奉表行","2","0","2"
"陈王安审琦","1","1","2"
"钟离县饥民","1","1","2"
"五百九十四","1","1","2"
"伪宁州刺史","1","1","2"
"宁州刺史王","1","1","2"
"州刺史王洪","1","1","2"
"伪守将姚内","1","1","2"
"守将姚内斌","1","1","2"
"瀛州刺史高","1","1","2"
"州刺史高彦","1","1","2"
"刺史高彦晖","1","1","2"
"一万八千三","1","1","2"
"万八千三百","1","1","2"
"八千三百六","1","1","2"
"千三百六十","1","1","2"
"节度使孙行","1","1","2"
"度使孙行友","1","1","2"
"指挥使张藏","1","1","2"
"挥使张藏英","1","1","2"
"契丹数百骑","1","1","2"
"攻下固安县","1","1","2"
"泉州节度使","1","1","2"
"徽南院使吴","1","1","2"
"南院使吴延","1","1","2"
"院使吴延祚","1","1","2"
"南进奉使李","1","1","2"
"善钱二万贯","1","1","2"
"两浙进奉使","1","1","2"
"浙进奉使吴","1","1","2"
"进奉使吴延","1","1","2"
"奉使吴延福","1","1","2"
"使吴延福钱","1","1","2"
"吴延福钱三","1","1","2"
"延福钱三千","1","1","2"
"福钱三千贯","1","1","2"
"史张丕旦等","1","1","2"
"张丕旦等二","1","1","2"
"丕旦等二百","1","1","2"
"旦等二百四","1","1","2"
"等二百四十","1","1","2"
"二百四十五","1","1","2"
"百四十五人","1","1","2"
"四十五人献","1","1","2"
"帝崩万岁殿","2","0","2"
"圣寿三十九","1","1","2"
"判太常寺事","1","1","2"
"太常寺事窦","1","1","2"
"北面兵马都","1","1","2"
"马都部署韩","1","1","2"
"都部署韩令","1","1","2"
"部署韩令坤","1","1","2"
"败契丹五百","1","1","2"
"契丹五百骑","1","1","2"
"宰臣范质等","1","1","2"
"臣范质等上","1","1","2"
"范质等上表","1","1","2"
"质等上表请","1","1","2"
"文武臣僚上","1","1","2"
"武臣僚上表","1","1","2"
"越王孝经新","1","1","2"
"王孝经新义","1","1","2"
"御厨使张延","1","1","2"
"厨使张延范","1","1","2"
"使张延范充","1","1","2"
"显德七年春","1","1","2"
"德七年春正","1","1","2"
"百僚进名奉","2","0","2"
"开宝六年春","1","1","2"
"太祖圣穆皇","1","1","2"
"祖圣穆皇后","1","1","2"
"圣穆皇后柴","1","1","2"
"穆皇后柴氏","1","1","2"
"邢州龙岗人","1","1","2"
"宣懿皇后符","1","1","2"
"懿皇后符氏","1","1","2"
"显德二年七","1","1","2"
"德二年七月","1","1","2"
"二年七月二","1","1","2"
"时年二十六","1","1","2"
"妫州怀戎军","1","1","2"
"高先锋兄弟","1","1","2"
"乡人赵德钧","1","1","2"
"明宗帐下夺","1","1","2"
"左右排阵使","1","1","2"
"晋少帝嗣位","2","0","2"
"李守贞代掌","1","1","2"
"守贞代掌兵","1","1","2"
"一万七千户","1","1","2"
"享年六十八","1","1","2"
"沧州教练使","1","1","2"
"华州马步军","1","1","2"
"州马步军副","1","1","2"
"太祖赴内难","2","0","2"
"授侍卫亲军","2","0","2"
"永寿节上表","1","1","2"
"寿节上表请","1","1","2"
"知州王万敢","1","1","2"
"遣枢密使王","2","0","2"
"授华州节度","1","1","2"
"使符彦卿率","1","1","2"
"庄宗命魏王","1","1","2"
"贝州行军司","1","1","2"
"邓州行军司","1","1","2"
"武清军节度","1","1","2"
"禁军指挥使","1","1","2"
"就加中书令","2","0","2"
"进封秦国公","2","0","2"
"时河东记室","1","1","2"
"河东记室卢","1","1","2"
"东记室卢质","1","1","2"
"除翰林学士","1","1","2"
"梁朝宰臣李","1","1","2"
"朝宰臣李琪","1","1","2"
"贺平中山王","1","1","2"
"平中山王都","1","1","2"
"中山王都表","1","1","2"
"二月卖新丝","1","1","2"
"学官田敏等","1","1","2"
"陛下受北朝","1","1","2"
"事晋高祖皇","1","1","2"
"曾祖母崔氏","1","1","2"
"梁国太夫人","1","1","2"
"魏国太夫人","1","1","2"
"故景州弓高","1","1","2"
"景州弓高县","1","1","2"
"州弓高县孙","1","1","2"
"弓高县孙明","1","1","2"
"高县孙明府","1","1","2"
"县孙明府讳","1","1","2"
"工部度支员","1","1","2"
"部度支员外","1","1","2"
"度支员外郎","1","1","2"
"秘书省校书","1","1","2"
"书省校书郎","1","1","2"
"膳部金部职","1","1","2"
"部金部职方","1","1","2"
"金部职方员","1","1","2"
"部职方员外","1","1","2"
"职方员外郎","1","1","2"
"工部户部员","1","1","2"
"部户部员外","1","1","2"
"秘书郎改授","1","1","2"
"书郎改授银","1","1","2"
"定国军衙内","1","1","2"
"国军衙内都","1","1","2"
"军衙内都指","1","1","2"
"职改授朝散","2","0","2"
"改授朝散大","2","0","2"
"左春坊太子","1","1","2"
"春坊太子司","1","1","2"
"坊太子司议","1","1","2"
"太子司议郎","1","1","2"
"协律郎改授","1","1","2"
"律郎改授银","1","1","2"
"故兵部崔侍","1","1","2"
"兵部崔侍郎","1","1","2"
"部崔侍郎讳","1","1","2"
"子太仆少卿","1","1","2"
"太仆少卿名","1","1","2"
"仆少卿名绚","1","1","2"
"秘书监赵上","1","1","2"
"书监赵上交","1","1","2"
"密直学士王","1","1","2"
"直学士王度","1","1","2"
"学士王度等","1","1","2"
"终闻海岳归","1","1","2"
"闻海岳归明","1","1","2"
"海岳归明主","1","1","2"
"未省乾坤陷","1","1","2"
"省乾坤陷吉","1","1","2"
"乾坤陷吉人","1","1","2"
"天下草寇蜂","1","1","2"
"显德元年四","1","1","2"
"元年四月十","1","1","2"
"年四月十七","1","1","2"
"四月十七日","1","1","2"
"享年七十三","1","1","2"
"朝廷士大夫","1","1","2"
"文纪惶恐致","1","1","2"
"文纪令检辖","2","0","2"
"侍御史赵砺","1","1","2"
"右司员外郎","1","1","2"
"损参议时政","1","1","2"
"称具茨山人","1","1","2"
"冒称检校官","1","1","2"
"庄宗入魏州","1","1","2"
"事三司使张","1","1","2"
"三司使张延","1","1","2"
"司使张延朗","1","1","2"
"时朝廷初建","1","1","2"
"时永兴军节","1","1","2"
"度使李洪信","1","1","2"
"客省使向训","1","1","2"
"随驾一行都","1","1","2"
"驾一行都部","1","1","2"
"户部侍郎赵","1","1","2"
"部侍郎赵上","1","1","2"
"侍郎赵上交","1","1","2"
"晋丞相谯国","1","1","2"
"丞相谯国公","1","1","2"
"非郢州刺史","2","0","2"
"明宗朝学士","1","1","2"
"水部员外郎","1","1","2"
"宰臣赵凤镇","1","1","2"
"郓州高令公","1","1","2"
"帅齐王高行","1","1","2"
"齐王高行周","1","1","2"
"秘书省著作","1","1","2"
"书省著作郎","1","1","2"
"右常侍刘悦","1","1","2"
"急召侍卫都","1","1","2"
"召侍卫都虞","1","1","2"
"卫都虞候韩","1","1","2"
"都虞候韩通","1","1","2"
"神策军指挥","1","1","2"
"策军指挥使","1","1","2"
"僖宗幸兴元","2","0","2"
"观军容使杨","1","1","2"
"军容使杨复","1","1","2"
"容使杨复恭","1","1","2"
"茂贞王行瑜","2","0","2"
"相徐彦若镇","1","1","2"
"泾原节度使","1","1","2"
"节度使张球","1","1","2"
"节度使杨守","1","1","2"
"度使杨守忠","1","1","2"
"凤州刺史满","1","1","2"
"州刺史满存","1","1","2"
"茂贞乘胜进","1","1","2"
"时后唐武皇","1","1","2"
"后唐武皇上","1","1","2"
"唐武皇上表","1","1","2"
"承天门楼避","1","1","2"
"天门楼避乱","1","1","2"
"捧日都将李","1","1","2"
"日都将李云","1","1","2"
"都将李云守","1","1","2"
"扈跸都将李","1","1","2"
"跸都将李君","1","1","2"
"都将李君庆","1","1","2"
"副使王瑰奉","1","1","2"
"使王瑰奉表","1","1","2"
"复元年十月","1","1","2"
"十一月六日","1","1","2"
"中尉韩全诲","1","1","2"
"茂贞山南诸","2","0","2"
"贞山南诸州","2","0","2"
"韩全诲等二","1","1","2"
"全诲等二十","1","1","2"
"诲等二十人","1","1","2"
"光二年夏四","1","1","2"
"后唐庄宗位","2","0","2"
"检校大司空","1","1","2"
"荆南兵马留","1","1","2"
"南兵马留后","1","1","2"
"节度使刘训","1","1","2"
"殿前控鹤都","1","1","2"
"前控鹤都头","1","1","2"
"鞍辔库副使","1","1","2"
"左千牛大将","1","1","2"
"千牛大将军","1","1","2"
"天成三年冬","1","1","2"
"托襄州安审","1","1","2"
"襄州安审琦","1","1","2"
"元年冬十一","1","1","2"
"建隆元年秋","1","1","2"
"刺史姜行敢","1","1","2"
"史姜行敢登","1","1","2"
"河东小刘郎","1","1","2"
"河阳行军司","1","1","2"
"阳行军司马","1","1","2"
"武泰军节度","1","1","2"
"泰军节度留","1","1","2"
"荆南行军司","1","1","2"
"许州鄢陵人","1","1","2"
"秦宗权作乱","1","1","2"
"军司马张佶","1","1","2"
"杨行密急攻","1","1","2"
"行密急攻江","1","1","2"
"密急攻江夏","1","1","2"
"时澧朗节度","1","1","2"
"澧朗节度使","1","1","2"
"朗节度使雷","1","1","2"
"节度使雷彦","1","1","2"
"度使雷彦恭","1","1","2"
"使雷彦恭乘","1","1","2"
"长兴二年十","1","1","2"
"兴二年十一","1","1","2"
"时年七十八","1","1","2"
"列校马光惠","1","1","2"
"奉表周太祖","2","0","2"
"年冬十月三","1","1","2"
"王进逵所杀","1","1","2"
"显德元年秋","1","1","2"
"安军节度副","1","1","2"
"度副使周行","1","1","2"
"副使周行逢","1","1","2"
"潭州请周行","1","1","2"
"州请周行逢","1","1","2"
"王师平定荆","1","1","2"
"润州牙将薛","1","1","2"
"州牙将薛朗","1","1","2"
"节度使周宝","1","1","2"
"士进攻越州","1","1","2"
"浙东节度使","1","1","2"
"浙江西道镇","1","1","2"
"江西道镇海","1","1","2"
"西道镇海军","1","1","2"
"道镇海军节","1","1","2"
"妖人王百艺","1","1","2"
"人王百艺所","1","1","2"
"率浙西将士","1","1","2"
"节度使田頵","2","0","2"
"道兵马元帅","1","1","2"
"东军节度使","1","1","2"
"供奉官乌昭","1","1","2"
"奉官乌昭遇","1","1","2"
"元瓘等上表","1","1","2"
"瓘等上表陈","1","1","2"
"天下兵马","2","0","2"
"长兴三年三","1","1","2"
"兴三年三月","1","1","2"
"三年三月二","1","1","2"
"故天下兵马","1","1","2"
"一条江水槛","1","1","2"
"条江水槛前","1","1","2"
"江水槛前流","1","1","2"
"林学士李琪","1","1","2"
"学士李琪撰","1","1","2"
"士李琪撰生","1","1","2"
"李琪撰生祠","1","1","2"
"琪撰生祠堂","1","1","2"
"撰生祠堂碑","1","1","2"
"生祠堂碑赐","1","1","2"
"盐铁发运巡","1","1","2"
"铁发运巡官","1","1","2"
"梁贞明四年","1","1","2"
"贞明四年夏","1","1","2"
"军使彭彦章","1","1","2"
"将作监李纮","1","1","2"
"命户部侍郎","1","1","2"
"部侍郎张文","1","1","2"
"侍郎张文宝","1","1","2"
"郎张文宝授","1","1","2"
"八月二十四","1","1","2"
"年五十五岁","1","1","2"
"牙将毕师铎","1","1","2"
"入扬州军府","1","1","2"
"行密辎重牛","1","1","2"
"密辎重牛羊","1","1","2"
"辎重牛羊军","1","1","2"
"牙将张廷范","1","1","2"
"令都将郭言","1","1","2"
"大将庞师古","1","1","2"
"师古引兵深","1","1","2"
"古引兵深入","1","1","2"
"引兵深入淮","1","1","2"
"兵深入淮甸","1","1","2"
"行密乘虚袭","1","1","2"
"选五千人豢","1","1","2"
"五千人豢养","1","1","2"
"行密纵兵侵","1","1","2"
"密纵兵侵掠","1","1","2"
"纵兵侵掠邻","1","1","2"
"行密先令都","1","1","2"
"密先令都将","1","1","2"
"固守武昌寨","1","1","2"
"将王景仁率","1","1","2"
"王景仁率师","1","1","2"
"天祐元年十","1","1","2"
"祐元年十一","1","1","2"
"行密攻陷鄂","1","1","2"
"密攻陷鄂州","1","1","2"
"节度使杜洪","1","1","2"
"唐同光元年","1","1","2"
"贞简太后珍","1","1","2"
"庄宗命左藏","1","1","2"
"宗命左藏库","1","1","2"
"命左藏库使","1","1","2"
"左藏库使王","1","1","2"
"藏库使王居","1","1","2"
"库使王居敏","1","1","2"
"通事舍人张","1","1","2"
"事舍人张朗","1","1","2"
"舍人张朗等","1","1","2"
"养子李棨代","1","1","2"
"大丞相徐温","1","1","2"
"杨行密发兵","1","1","2"
"左卫都指挥","1","1","2"
"指挥使张颢","1","1","2"
"挥使张颢杀","1","1","2"
"温常州刺史","1","1","2"
"充本州团练","2","0","2"
"州团练观察","1","1","2"
"团练观察使","1","1","2"
"同中书平章","1","1","2"
"中书平章事","1","1","2"
"淮南行军司","1","1","2"
"浙江西道观","1","1","2"
"江西道观察","1","1","2"
"十二年八月","1","1","2"
"升州大都督","1","1","2"
"淮南行军副","1","1","2"
"南行军副使","1","1","2"
"遗命诸葛亮","1","1","2"
"年六月十八","1","1","2"
"六月十八日","1","1","2"
"年十月二十","1","1","2"
"十月二十三","1","1","2"
"辅政兴邦功","1","1","2"
"政兴邦功臣","1","1","2"
"知内外左右","1","1","2"
"内外左右事","1","1","2"
"齐国右丞相","1","1","2"
"江南四道节","1","1","2"
"南四道节度","1","1","2"
"四道节度采","1","1","2"
"道节度采访","1","1","2"
"节度采访等","1","1","2"
"度采访等使","1","1","2"
"广袤数千里","1","1","2"
"周显德二年","1","1","2"
"显德二年冬","1","1","2"
"时李德明等","1","1","2"
"大败江南援","1","1","2"
"败江南援军","1","1","2"
"明年春正月","2","0","2"
"臣陈觉奉表","1","1","2"
"建隆二年夏","1","1","2"
"时泉州刺史","1","1","2"
"泉州刺史廖","1","1","2"
"州刺史廖彦","1","1","2"
"刺史廖彦若","1","1","2"
"建观察使陈","1","1","2"
"观察使陈岩","1","1","2"
"十二月丁未","1","1","2"
"乾宁元年十","1","1","2"
"宁元年十一","1","1","2"
"光化元年三","1","1","2"
"化元年三月","1","1","2"
"长河数百里","1","1","2"
"天祐三年七","1","1","2"
"祐三年七月","1","1","2"
"仁恭啸傲蓟","1","1","2"
"恭啸傲蓟门","1","1","2"
"沧州宾佐孙","1","1","2"
"州宾佐孙鹤","1","1","2"
"海内四分五","1","1","2"
"内四分五裂","1","1","2"
"易定节度使","1","1","2"
"定节度使王","1","1","2"
"天德军节度","1","1","2"
"军节度使宋","1","1","2"
"节度使宋瑶","1","1","2"
"河北道都统","1","1","2"
"命阁门使王","1","1","2"
"供奉官史彦","1","1","2"
"奉官史彦璋","1","1","2"
"官史彦璋等","1","1","2"
"河北道采访","1","1","2"
"北道采访使","1","1","2"
"定尚父采访","1","1","2"
"尚父采访使","1","1","2"
"庄宗令太原","1","1","2"
"宗令太原少","1","1","2"
"令太原少尹","1","1","2"
"太原少尹李","1","1","2"
"原少尹李承","1","1","2"
"少尹李承勋","1","1","2"
"燕太子墓观","1","1","2"
"檀州游奕将","1","1","2"
"十一年正月","1","1","2"
"命判官司马","1","1","2"
"判官司马揆","1","1","2"
"仁恭乾宁二","1","1","2"
"恭乾宁二年","1","1","2"
"连帅刘崇龟","1","1","2"
"嗣薛王知柔","1","1","2"
"唐昭宗命宰","1","1","2"
"昭宗命宰相","1","1","2"
"宗命宰相徐","1","1","2"
"命宰相徐彦","1","1","2"
"相徐彦若代","1","1","2"
"命宰相崔远","1","1","2"
"静海两军节","1","1","2"
"海两军节度","1","1","2"
"两军节度使","1","1","2"
"进封南海王","1","1","2"
"开平四年三","1","1","2"
"平四年三月","1","1","2"
"邕州叶广略","1","1","2"
"容州庞巨源","1","1","2"
"交州土豪曲","1","1","2"
"州土豪曲承","1","1","2"
"土豪曲承美","1","1","2"
"贞明三年八","1","1","2"
"明三年八月","1","1","2"
"伪宫苑使何","1","1","2"
"宫苑使何词","1","1","2"
"改伪乾亨元","1","1","2"
"伪乾亨元年","1","1","2"
"晋天福七年","1","1","2"
"天福七年夏","1","1","2"
"福七年夏四","1","1","2"
"七年夏四月","1","1","2"
"号二十六年","1","1","2"
"多诛灭旧臣","1","1","2"
"周显德五年","1","1","2"
"文武光圣明","1","1","2"
"武光圣明孝","1","1","2"
"光圣明孝皇","1","1","2"
"河东步军都","1","1","2"
"东步军都指","1","1","2"
"授麟州刺史","1","1","2"
"河东马步军","1","1","2"
"三城巡检使","1","1","2"
"州刺史张晖","1","1","2"
"密使王峻等","1","1","2"
"使王峻等率","1","1","2"
"崇驻军六十","1","1","2"
"显德元年三","1","1","2"
"德元年三月","1","1","2"
"刺史李廷诲","1","1","2"
"忠武军八千","1","1","2"
"武军八千人","1","1","2"
"节度使牛丛","1","1","2"
"度使牛丛弃","1","1","2"
"使牛丛弃城","1","1","2"
"刺史王珙弃","1","1","2"
"史王珙弃城","1","1","2"
"川节度使顾","1","1","2"
"节度使顾彦","1","1","2"
"度使顾彦朗","1","1","2"
"川节度使陈","1","1","2"
"节度使陈敬","1","1","2"
"监军田令孜","1","1","2"
"宰臣韦昭度","1","1","2"
"云南八国招","1","1","2"
"南八国招抚","1","1","2"
"八国招抚等","1","1","2"
"国招抚等使","1","1","2"
"徐妃同游青","1","1","2"
"妃同游青城","1","1","2"
"同游青城山","1","1","2"
"伪嘉王宗寿","1","1","2"
"称大蜀国主","1","1","2"
"大蜀国主致","1","1","2"
"国主致书上","2","0","2"
"主致书上大","2","0","2"
"伪东川节度","1","1","2"
"节度使宋承","1","1","2"
"度使宋承葆","1","1","2"
"泽潞节度使","1","1","2"
"庄宗同光三","1","1","2"
"宗同光三年","1","1","2"
"大将军李仁","1","1","2"
"将军李仁罕","1","1","2"
"赵廷隐率军","1","1","2"
"长兴元年冬","1","1","2"
"西两川节度","1","1","2"
"妻琼华长公","1","1","2"
"明德四年冬","1","1","2"
"晋天福三年","1","1","2"
"乾德三年春","1","1","2"
"榆关一千一","1","1","2"
"关一千一百","1","1","2"
"一千一百里","1","1","2"
"幽州七百里","1","1","2"
"时刘守光戍","1","1","2"
"十三年八月","1","1","2"
"部号称百万","1","1","2"
"新州大将卢","1","1","2"
"州大将卢文","1","1","2"
"大将卢文进","1","1","2"
"团练使李存","1","1","2"
"练使李存矩","1","1","2"
"庄宗遣明宗","2","0","2"
"时定州王处","1","1","2"
"刺史李嗣弼","1","1","2"
"遇契丹前锋","1","1","2"
"幽州三千里","1","1","2"
"供奉官姚坤","1","1","2"
"河北总管令","1","1","2"
"北总管令公","1","1","2"
"精兵三十万","1","1","2"
"十一月十六","1","1","2"
"一月十六日","1","1","2"
"兵马二十万","1","1","2"
"精兵四十万","1","1","2"
"良马十万骑","1","1","2"
"天成元年七","1","1","2"
"成元年七月","1","1","2"
"元年七月二","1","1","2"
"招讨使王晏","1","1","2"
"讨使王晏球","1","1","2"
"指挥使何福","1","1","2"
"时幽州赵德","1","1","2"
"州赵德钧屯","1","1","2"
"赵德钧屯兵","1","1","2"
"石氏世袭太","1","1","2"
"氏世袭太原","1","1","2"
"一万匹战马","1","1","2"
"契丹改天显","1","1","2"
"丹改天显十","1","1","2"
"改天显十一","1","1","2"
"天显十一年","1","1","2"
"德光请晋高","1","1","2"
"光请晋高祖","1","1","2"
"都指挥使景","1","1","2"
"指挥使景延","1","1","2"
"挥使景延广","1","1","2"
"十万口横磨","1","1","2"
"万口横磨剑","1","1","2"
"州杨光远叛","1","1","2"
"相桑维翰劝","1","1","2"
"桑维翰劝少","1","1","2"
"维翰劝少帝","1","1","2"
"谓蕃汉臣僚","2","0","2"
"蕃汉臣僚曰","2","0","2"
"乐寿监军王","1","1","2"
"寿监军王峦","1","1","2"
"率诸军降契","2","0","2"
"诸军降契丹","2","0","2"
"战马数万匹","1","1","2"
"宣徽使高勋","1","1","2"
"杀上国兵士","1","1","2"
"南凉秃发利","1","1","2"
"凉秃发利鹿","1","1","2"
"秃发利鹿孤","1","1","2"
"牧马三十万","1","1","2"
"沙等州城邑","1","1","2"
"凉州留后孙","1","1","2"
"州留后孙超","1","1","2"
"遣大将拓拔","1","1","2"
"大将拓拔承","1","1","2"
"将拓拔承谦","1","1","2"
"僧道士耆老","1","1","2"
"道士耆老杨","1","1","2"
"士耆老杨通","1","1","2"
"耆老杨通信","1","1","2"
"老杨通信等","1","1","2"
"孙超节度使","1","1","2"
"牙将吴继兴","1","1","2"
"泾州押牙陈","1","1","2"
"州押牙陈延","1","1","2"
"牙陈延晖赍","2","0","2"
"凉州留后折","1","1","2"
"州留后折逋","1","1","2"
"留后折逋嘉","1","1","2"
"后折逋嘉施","1","1","2"
"时枢密使王","1","1","2"
"凉州深入夷","1","1","2"
"州深入夷狄","1","1","2"
"副使崔虎心","1","1","2"
"金山白衣天","1","1","2"
"山白衣天子","1","1","2"
"沙州留后曹","1","1","2"
"州留后曹义","1","1","2"
"留后曹义金","1","1","2"
"沙等州观察","1","1","2"
"晋天福五年","1","1","2"
"瓜州曹元深","1","1","2"
"唐天成三年","1","1","2"
"泾州二千里","1","1","2"
"唐朝宰臣张","1","1","2"
"朝宰臣张文","1","1","2"
"御史大夫薛","1","1","2"
"史大夫薛贻","1","1","2"
"大夫薛贻矩","1","1","2"
"赠牢墙使王","1","1","2"
"牢墙使王仁","1","1","2"
"墙使王仁嗣","1","1","2"
"同州押衙史","1","1","2"
"州押衙史肇","1","1","2"
"押衙王彦洪","1","1","2"
"宣化军留后","1","1","2"
"化军留后李","1","1","2"
"军留后李思","1","1","2"
"留后李思安","1","1","2"
"面行营都指","1","1","2"
"西路行营招","1","1","2"
"路行营招讨","1","1","2"
"赴历亭军前","1","1","2"
"任沧州顺化","1","1","2"
"沧州顺化军","1","1","2"
"州顺化军节","1","1","2"
"定四州副招","1","1","2"
"四州副招讨","1","1","2"
"州副招讨使","1","1","2"
"同平章事张","1","1","2"
"平章事张万","1","1","2"
"章事张万进","1","1","2"
"崇州节度使","1","1","2"
"州节度使温","1","1","2"
"节度使温昭","1","1","2"
"度使温昭图","1","1","2"
"庄宅使段凝","1","1","2"
"陈州妖贼毋","1","1","2"
"州妖贼毋乙","1","1","2"
"新乡等三县","1","1","2"
"同光三年三","1","1","2"
"光三年三月","1","1","2"
"平二年春三","1","1","2"
"二年春三月","1","1","2"
"潞州行营招","1","1","2"
"州行营招讨","1","1","2"
"亳州焦夷县","1","1","2"
"州焦夷县人","1","1","2"
"本州马步军","1","1","2"
"左先锋马军","1","1","2"
"先锋马军使","1","1","2"
"进封开国伯","2","0","2"
"指挥都头都","1","1","2"
"挥都头都军","1","1","2"
"都头都军使","1","1","2"
"滑州左右厢","1","1","2"
"州左右厢牢","1","1","2"
"左右厢牢城","1","1","2"
"右厢牢城使","1","1","2"
"景福元年秋","1","1","2"
"遏后都指挥","1","1","2"
"后都指挥使","1","1","2"
"开平二年二","1","1","2"
"平二年二月","1","1","2"
"左龙虎军马","1","1","2"
"义军节度留","1","1","2"
"代北行营招","1","1","2"
"北行营招抚","1","1","2"
"代北水陆发","1","1","2"
"北水陆发运","1","1","2"
"云州防御使","1","1","2"
"授武皇金紫","1","1","2"
"武皇金紫光","1","1","2"
"皇金紫光禄","1","1","2"
"大将史敬思","1","1","2"
"食实封二百","1","1","2"
"削夺武皇官","1","1","2"
"夺武皇官爵","1","1","2"
"行营都虞候","1","1","2"
"河东南面招","1","1","2"
"河东北面招","1","1","2"
"同军防御使","1","1","2"
"汴将贺德伦","1","1","2"
"汾州刺史孟","1","1","2"
"州刺史孟迁","1","1","2"
"汴将阎宝率","1","1","2"
"将阎宝率军","1","1","2"
"阎宝率军援","1","1","2"
"嗣昭退保怀","1","1","2"
"昭退保怀州","1","1","2"
"将王敬晖杀","1","1","2"
"王敬晖杀刺","1","1","2"
"敬晖杀刺史","1","1","2"
"晖杀刺史刘","1","1","2"
"梁将陈思权","1","1","2"
"下二百八十","1","1","2"
"二百八十五","1","1","2"
"百八十五人","1","1","2"
"威攻幽州南","1","1","2"
"攻幽州南门","1","1","2"
"度使阎宝请","1","1","2"
"汉副总管李","1","1","2"
"马留后张文","1","1","2"
"留后张文礼","1","1","2"
"军节度使阎","1","1","2"
"节度使王郁","1","1","2"
"河东监军张","1","1","2"
"东监军张承","1","1","2"
"台左丞相豆","1","1","2"
"左丞相豆卢","1","1","2"
"丞相豆卢革","1","1","2"
"行台右丞相","1","1","2"
"台右丞相卢","1","1","2"
"右丞相卢澄","1","1","2"
"前定州掌书","1","1","2"
"定州掌书记","1","1","2"
"州掌书记李","1","1","2"
"掌书记李德","1","1","2"
"书记李德休","1","1","2"
"河东掌书记","1","1","2"
"东掌书记冯","1","1","2"
"掌书记冯道","1","1","2"
"镇冀观察判","1","1","2"
"冀观察判官","1","1","2"
"魏博节度判","1","1","2"
"博节度判官","1","1","2"
"度判官王正","1","1","2"
"判官王正言","1","1","2"
"河东军城都","1","1","2"
"东军城都虞","1","1","2"
"城都虞候孟","1","1","2"
"都虞候孟知","1","1","2"
"虞候孟知祥","1","1","2"
"泽潞节度判","1","1","2"
"潞节度判官","1","1","2"
"充北京副留","1","1","2"
"东京兴唐府","1","1","2"
"李存审检校","1","1","2"
"依前蕃汉马","1","1","2"
"前蕃汉马步","1","1","2"
"追尊皇祖代","1","1","2"
"尊皇祖代州","1","1","2"
"皇祖代州太","1","1","2"
"祖代州太保","1","1","2"
"晋阳立宗庙","1","1","2"
"懿宗昭圣皇","1","1","2"
"宗昭圣皇帝","1","1","2"
"昭宗圣穆皇","1","1","2"
"宗圣穆皇帝","1","1","2"
"贬梁宰相郑","1","1","2"
"梁宰相郑珏","1","1","2"
"翰林学士刘","1","1","2"
"林学士刘岳","1","1","2"
"崇政院学士","1","1","2"
"政院学士刘","1","1","2"
"院学士刘光","1","1","2"
"学士刘光素","1","1","2"
"史中丞王权","1","1","2"
"员外置同正","2","0","2"
"外置同正员","2","0","2"
"太原县男郭","1","1","2"
"原县男郭崇","1","1","2"
"县男郭崇韬","1","1","2"
"守辉州刺史","1","1","2"
"辉州刺史杜","1","1","2"
"州刺史杜晏","1","1","2"
"刺史杜晏球","1","1","2"
"竭忠启运匡","1","1","2"
"忠启运匡国","1","1","2"
"启运匡国功","1","1","2"
"运匡国功臣","1","1","2"
"陇西郡侯李","1","1","2"
"西郡侯李嗣","1","1","2"
"郡侯李嗣源","1","1","2"
"充东京留守","1","1","2"
"左龙武军事","1","1","2"
"刺史李存渥","1","1","2"
"杂指挥散员","1","1","2"
"指挥散员都","1","1","2"
"挥散员都部","1","1","2"
"散员都部署","1","1","2"
"忻州刺史李","1","1","2"
"州刺史李绍","1","1","2"
"刺史李绍荣","1","1","2"
"检校太保李","1","1","2"
"校太保李绍","1","1","2"
"太保李绍钦","1","1","2"
"博州刺史康","1","1","2"
"州刺史康延","1","1","2"
"刺史康延孝","1","1","2"
"御史中丞条","1","1","2"
"史中丞条理","1","1","2"
"诏改伪梁永","1","1","2"
"改伪梁永平","1","1","2"
"伪梁永平军","1","1","2"
"梁永平军大","1","1","2"
"永平军大安","1","1","2"
"平军大安府","1","1","2"
"西京京兆府","1","1","2"
"改宋州宣武","1","1","2"
"宋州宣武军","1","1","2"
"汴州开封府","1","1","2"
"华州感化军","1","1","2"
"陕府镇国军","1","1","2"
"耀州静胜军","1","1","2"
"潞州匡义军","1","1","2"
"朗州武顺军","1","1","2"
"请奉献祖文","1","1","2"
"奉献祖文皇","1","1","2"
"献祖文皇帝","1","1","2"
"祖文皇帝配","1","1","2"
"蕃汉总管副","1","1","2"
"汉总管副使","1","1","2"
"中书令李嗣","1","1","2"
"书令李嗣源","1","1","2"
"加实封百户","1","1","2"
"前安国军节","1","1","2"
"国军节度副","1","1","2"
"权安义留后","1","1","2"
"平章事李存","1","1","2"
"章事李存霸","1","1","2"
"州防御使李","1","1","2"
"防御使李绍","1","1","2"
"御使李绍琛","1","1","2"
"成德军马步","1","1","2"
"德军马步军","1","1","2"
"度使郭崇韬","1","1","2"
"使郭崇韬进","1","1","2"
"郭崇韬进爵","1","1","2"
"崇韬进爵邑","1","1","2"
"殿大学士赵","1","1","2"
"大学士赵光","1","1","2"
"东军节度副","1","1","2"
"江南管内都","1","1","2"
"南管内都招","1","1","2"
"管内都招讨","1","1","2"
"内都招讨使","1","1","2"
"建武军节度","1","1","2"
"岭南西道观","1","1","2"
"知苏州中吴","1","1","2"
"苏州中吴军","1","1","2"
"州中吴军军","1","1","2"
"中吴军军州","1","1","2"
"吴军军州事","1","1","2"
"行邕州刺史","1","1","2"
"邕州刺史钱","1","1","2"
"王李继麟依","1","1","2"
"李继麟依前","1","1","2"
"河中护国军","1","1","2"
"中护国军节","1","1","2"
"礼部贡院新","1","1","2"
"书李琪充大","1","1","2"
"李琪充大行","1","1","2"
"琪充大行皇","1","1","2"
"充大行皇太","1","1","2"
"行皇太后山","1","1","2"
"皇太后山陵","1","1","2"
"太后山陵礼","1","1","2"
"后山陵礼仪","1","1","2"
"尹张全义充","1","1","2"
"张全义充山","1","1","2"
"全义充山陵","1","1","2"
"义充山陵桥","1","1","2"
"充山陵桥道","1","1","2"
"山陵桥道排","1","1","2"
"陵桥道排顿","1","1","2"
"桥道排顿使","1","1","2"
"孔谦充监护","1","1","2"
"谦充监护使","1","1","2"
"伪昭武军节","1","1","2"
"昭武军节度","1","1","2"
"军节度使林","1","1","2"
"节度使林思","1","1","2"
"度使林思谔","1","1","2"
"西川行营都","1","1","2"
"川行营都监","1","1","2"
"营都监李廷","1","1","2"
"都监李廷安","1","1","2"
"监李廷安进","1","1","2"
"西川乐官二","1","1","2"
"川乐官二百","1","1","2"
"乐官二百九","1","1","2"
"官二百九十","1","1","2"
"二百九十八","1","1","2"
"百九十八人","1","1","2"
"户部尚书王","1","1","2"
"部尚书王正","1","1","2"
"尚书王正言","1","1","2"
"充太微宫使","1","1","2"
"食邑二千五","1","1","2"
"邑二千五百","1","1","2"
"二千五百户","1","1","2"
"千五百户臣","1","1","2"
"五百户臣冯","1","1","2"
"百户臣冯道","1","1","2"
"户臣冯道等","1","1","2"
"臣冯道等九","1","1","2"
"冯道等九千","1","1","2"
"道等九千五","1","1","2"
"等九千五百","1","1","2"
"九千五百九","1","1","2"
"千五百九十","1","1","2"
"五百九十三","1","1","2"
"百九十三人","1","1","2"
"九十三人上","1","1","2"
"十三人上言","1","1","2"
"随驾牙将宋","1","1","2"
"驾牙将宋审","1","1","2"
"牙将宋审虔","1","1","2"
"观察判官马","1","1","2"
"察判官马裔","1","1","2"
"掌书记李专","1","1","2"
"书记李专美","1","1","2"
"左龙武指挥","1","1","2"
"武指挥使安","1","1","2"
"挥使安审琦","1","1","2"
"左右捧圣都","1","1","2"
"右捧圣都指","1","1","2"
"捧圣都指挥","1","1","2"
"右千牛上将","1","1","2"
"千牛上将军","1","1","2"
"牛上将军符","1","1","2"
"上将军符彦","1","1","2"
"将军符彦饶","1","1","2"
"左右严卫都","1","1","2"
"右严卫都指","1","1","2"
"庄宅使刘延","1","1","2"
"宅使刘延朗","1","1","2"
"驸马都尉赵","1","1","2"
"马都尉赵延","1","1","2"
"都尉赵延寿","1","1","2"
"尉赵延寿进","1","1","2"
"赵延寿进封","1","1","2"
"军节度使范","1","1","2"
"前武州刺史","1","1","2"
"武州刺史郑","1","1","2"
"州刺史郑琮","1","1","2"
"武节度使杨","1","1","2"
"使杨光远充","1","1","2"
"杨光远充大","1","1","2"
"光远充大同","1","1","2"
"威塞等军兵","1","1","2"
"塞等军兵马","1","1","2"
"等军兵马都","1","1","2"
"军兵马都虞","1","1","2"
"兵马都虞候","1","1","2"
"前右金吾大","1","1","2"
"吾大将军穆","1","1","2"
"大将军穆延","1","1","2"
"将军穆延晖","1","1","2"
"宰相卢文纪","1","1","2"
"馆大学士姚","1","1","2"
"加门下侍郎","1","1","2"
"监修国史张","1","1","2"
"修国史张延","1","1","2"
"国史张延朗","1","1","2"
"州节度使翟","1","1","2"
"节度使翟璋","1","1","2"
"判四方馆王","1","1","2"
"四方馆王景","1","1","2"
"方馆王景崇","1","1","2"
"四面马军都","1","1","2"
"州节度使相","1","1","2"
"节度使相里","1","1","2"
"度使相里金","1","1","2"
"太原四面步","1","1","2"
"原四面步军","1","1","2"
"四面步军都","1","1","2"
"面步军都指","1","1","2"
"门上将军武","1","1","2"
"上将军武廷","1","1","2"
"将军武廷翰","1","1","2"
"度使皇甫立","1","1","2"
"御史中丞吕","1","1","2"
"史中丞吕琦","1","1","2"
"前绛州刺史","1","1","2"
"绛州刺史韩","1","1","2"
"州刺史韩彦","1","1","2"
"刺史韩彦恽","1","1","2"
"宰臣卢损奉","1","1","2"
"臣卢损奉册","1","1","2"
"卢损奉册书","1","1","2"
"损奉册书上","1","1","2"
"奉册书上皇","1","1","2"
"册书上皇太","1","1","2"
"书上皇太后","1","1","2"
"上皇太后尊","1","1","2"
"皇太后尊号","1","1","2"
"武定军节度","1","1","2"
"定军节度使","1","1","2"
"度使王承肇","1","1","2"
"壁三州符印","1","1","2"
"元节度使王","1","1","2"
"度使王宗威","1","1","2"
"麟等五州符","1","1","2"
"等五州符印","1","1","2"
"五州符印送","1","1","2"
"刑部侍郎刘","1","1","2"
"部侍郎刘赞","1","1","2"
"翰林学士崔","1","1","2"
"安义军兵马","1","1","2"
"义军兵马留","1","1","2"
"敦睦保定久","1","1","2"
"睦保定久大","1","1","2"
"保定久大功","1","1","2"
"定久大功臣","1","1","2"
"梁祖加尚书","1","1","2"
"祖加尚书令","1","1","2"
"蔚州兴唐人","1","1","2"
"德威检校侍","1","1","2"
"威检校侍中","1","1","2"
"幽州卢龙等","1","1","2"
"州卢龙等军","1","1","2"
"卢龙等军节","1","1","2"
"龙等军节度","1","1","2"
"魏博马步军","1","1","2"
"博马步军都","1","1","2"
"赐号忠烈扶","1","1","2"
"号忠烈扶天","1","1","2"
"忠烈扶天启","1","1","2"
"烈扶天启运","1","1","2"
"扶天启运功","1","1","2"
"天启运功臣","1","1","2"
"追封太原郡","1","1","2"
"封太原郡王","1","1","2"
"陕虢节度使","1","1","2"
"检校司空授","1","1","2"
"右龙骧军使","1","1","2"
"匡卫军都校","1","1","2"
"十七年三月","1","1","2"
"授代州刺史","1","1","2"
"营五州刺史","1","1","2"
"授西南面行","1","1","2"
"南面行营马","1","1","2"
"守户部尚书","1","1","2"
"嗣昭节制昭","1","1","2"
"昭节制昭义","1","1","2"
"李绍宏同守","1","1","2"
"绍宏同守魏","1","1","2"
"宏同守魏州","1","1","2"
"开平三年十","1","1","2"
"平三年十月","1","1","2"
"东头供奉官","1","1","2"
"头供奉官授","1","1","2"
"右威卫大将","1","1","2"
"充左军巡使","1","1","2"
"水北巡检使","1","1","2"
"增食邑四百","1","1","2"
"食邑四百户","1","1","2"
"南节度使南","1","1","2"
"节度使南平","1","1","2"
"度使南平王","1","1","2"
"使南平王高","1","1","2"
"改功臣名号","1","1","2"
"节度使李德","1","1","2"
"节度使刘景","1","1","2"
"洞庭庙进封","1","1","2"
"汴州浚仪县","1","1","2"
"州浚仪县王","1","1","2"
"浚仪县王畿","1","1","2"
"仪县王畿乡","1","1","2"
"县王畿乡表","1","1","2"
"王畿乡表节","1","1","2"
"畿乡表节东","1","1","2"
"乡表节东坊","1","1","2"
"拥旌乡浴凤","1","1","2"
"旌乡浴凤里","1","1","2"
"阗国王李圣","1","1","2"
"国王李圣天","1","1","2"
"晋府行营中","1","1","2"
"府行营中军","1","1","2"
"行营中军使","1","1","2"
"贝州防御使","1","1","2"
"防御使王庭","1","1","2"
"晋府行营步","1","1","2"
"府行营步军","1","1","2"
"神武统军王","1","1","2"
"武统军王周","1","1","2"
"州永清军节","1","1","2"
"永清军节度","1","1","2"
"子开封尹郑","1","1","2"
"开封尹郑王","1","1","2"
"挥使刘知远","1","1","2"
"东京内外兵","1","1","2"
"京内外兵马","1","1","2"
"内外兵马都","1","1","2"
"外兵马都监","1","1","2"
"吏部郎中卢","1","1","2"
"部郎中卢撰","1","1","2"
"郎中卢撰持","1","1","2"
"中卢撰持节","1","1","2"
"卢撰持节册","1","1","2"
"军都虞候王","1","1","2"
"都虞候王周","1","1","2"
"郓州天平军","1","1","2"
"州天平军节","1","1","2"
"步都虞候景","1","1","2"
"滑州义成军","1","1","2"
"州义成军节","1","1","2"
"充襄州行营","1","1","2"
"署高行周加","1","1","2"
"严加守太保","1","1","2"
"飞蝗抱草干","1","1","2"
"蝗抱草干死","1","1","2"
"昭化军节度","1","1","2"
"瑞慎等州观","1","1","2"
"慎等州观察","1","1","2"
"使杜建徽进","1","1","2"
"杜建徽进封","1","1","2"
"符彦卿北面","2","0","2"
"彦卿北面行","2","0","2"
"卿北面行营","2","0","2"
"北面行营步","1","1","2"
"面行营步军","1","1","2"
"马全节等会","1","1","2"
"全节等会合","1","1","2"
"节等会合进","1","1","2"
"等会合进军","1","1","2"
"步军左厢都","1","1","2"
"军左厢都指","1","1","2"
"度使皇甫遇","1","1","2"
"步军右厢都","1","1","2"
"挥使梁汉璋","1","1","2"
"充马军左右","2","0","2"
"指挥使李殷","1","1","2"
"充步军左右","2","0","2"
"军左右厢排","1","1","2"
"左右厢排阵","1","1","2"
"马步军左右","1","1","2"
"步军左厢排","1","1","2"
"军左厢排阵","1","1","2"
"左厢排阵使","1","1","2"
"步军右厢排","1","1","2"
"军右厢排阵","1","1","2"
"天成元年五","1","1","2"
"成元年五月","1","1","2"
"天福六年七","1","1","2"
"福六年七月","1","1","2"
"一万三千户","1","1","2"
"实封一千五","1","1","2"
"封一千五百","1","1","2"
"北京留守事","1","1","2"
"改赐推忠佐","1","1","2"
"赐推忠佐运","1","1","2"
"推忠佐运保","1","1","2"
"忠佐运保国","1","1","2"
"佐运保国功","1","1","2"
"运保国功臣","1","1","2"
"冀四州刺史","1","1","2"
"福二年夏四","1","1","2"
"鄴都留守侍","2","0","2"
"都留守侍卫","2","0","2"
"留守侍卫亲","2","0","2"
"守侍卫亲军","2","0","2"
"通事耿崇美","1","1","2"
"使高行周加","1","1","2"
"大内都点检","1","1","2"
"永兴军一行","1","1","2"
"兴军一行兵","1","1","2"
"军一行兵马","1","1","2"
"行兵马都部","1","1","2"
"州城内水深","1","1","2"
"城内水深七","1","1","2"
"内水深七尺","1","1","2"
"弟小底军都","1","1","2"
"小底军都虞","1","1","2"
"底军都虞候","1","1","2"
"京使甄彦奇","1","1","2"
"婿户部员外","1","1","2"
"枢密院副承","1","1","2"
"密院副承宣","1","1","2"
"院副承宣郭","1","1","2"
"控鹤都虞候","1","1","2"
"鹤都虞候高","1","1","2"
"都虞候高进","1","1","2"
"侍卫都承局","1","1","2"
"卫都承局荆","1","1","2"
"都承局荆南","1","1","2"
"承局荆南金","1","1","2"
"三司都勾官","1","1","2"
"司都勾官柴","1","1","2"
"都勾官柴训","1","1","2"
"勾官柴训等","1","1","2"
"幽州行府事","1","1","2"
"防御团练副","1","1","2"
"御团练副使","1","1","2"
"前耀州团练","1","1","2"
"耀州团练使","1","1","2"
"州团练使符","1","1","2"
"团练使符彦","1","1","2"
"练使符彦能","1","1","2"
"使符彦能等","1","1","2"
"兵先赴泽州","1","1","2"
"使韩令坤上","1","1","2"
"奉诏编修太","1","1","2"
"诏编修太祖","1","1","2"
"编修太祖实","1","1","2"
"修太祖实录","1","1","2"
"户部吏部尚","1","1","2"
"集贤殿弘文","1","1","2"
"贤殿弘文馆","1","1","2"
"殿弘文馆大","1","1","2"
"封始平郡公","1","1","2"
"化作光明烛","1","1","2"
"幽州节度巡","1","1","2"
"州节度巡官","1","1","2"
"河东节度巡","1","1","2"
"东节度巡官","1","1","2"
"高祖皇帝山","1","1","2"
"祖皇帝山陵","1","1","2"
"同州管内观","1","1","2"
"授武胜军节","1","1","2"
"武胜军节度","1","1","2"
"房等州管内","1","1","2"
"等州管内观","1","1","2"
"行台中书舍","1","1","2"
"台中书舍人","1","1","2"
"刑部吏部尚","1","1","2"
"私门十六戟","1","1","2"
"一万一千户","1","1","2"
"一千八百户","1","1","2"
"史馆修撰转","1","1","2"
"深州博野人","1","1","2"
"淮南节度副","1","1","2"
"南节度副大","1","1","2"
"营田观察处","1","1","2"
"田观察处置","1","1","2"
"扬州大都督","1","1","2"
"天成二年十","1","1","2"
"成二年十月","1","1","2"
"竭忠定难建","1","1","2"
"忠定难建国","1","1","2"
"定难建国功","1","1","2"
"难建国功臣","1","1","2"
"都督中外诸","1","1","2"
"督中外诸军","1","1","2"
"中外诸军事","1","1","2"
"歙池等州管","1","1","2"
"伪顺义七年","1","1","2"
"顺义七年改","1","1","2"
"后唐天成二","1","1","2"
"白龙四年春","1","1","2"
"同光三年九","1","1","2"
"光三年九月","1","1","2"
"三年九月十","1","1","2"
"年九月十日","1","1","2"
"兴圣宫使魏","1","1","2"
"圣宫使魏王","1","1","2"
"明宗命晋高","1","1","2"
"宗命晋高祖","1","1","2"
"北面蕃汉总","1","1","2"
"面蕃汉总管","1","1","2"
"学士承旨张","1","1","2"
"士承旨张砺","1","1","2"
"瓜州团练使","1","1","2"
"燕人刘守光","1","1","2"
"人刘守光赴","1","1","2"
"刘守光赴援","1","1","2"
"守光赴援中","1","1","2"
"光赴援中山","1","1","2"
"大将张存敬","1","1","2"
"将张存敬率","1","1","2"
"张存敬率将","1","1","2"
"大将贺德伦","1","1","2"
"节度使孟迁","1","1","2"
"官韩全诲等","1","1","2"
"指挥使高季","1","1","2"
"挥使高季昌","1","1","2"
"使高季昌独","1","1","2"
"乘胜攻下密","1","1","2"
"胜攻下密州","1","1","2"
"师厚率大军","1","1","2"
"兵士侵逼京","1","1","2"
"司仪仗法物","1","1","2"
"节度使韩建","1","1","2"
"艘扬帆西上","1","1","2"
"三湘水陆会","1","1","2"
"湘水陆会合","1","1","2"
"令荆湘湖南","1","1","2"
"将康君绍等","1","1","2"
"康君绍等十","1","1","2"
"君绍等十人","1","1","2"
"人检察收捕","1","1","2"
"颍五州境内","1","1","2"
"蔡州顺化军","1","1","2"
"州顺化军指","1","1","2"
"顺化军指挥","1","1","2"
"化军指挥使","1","1","2"
"指挥使王存","1","1","2"
"挥使王存俨","1","1","2"
"先锋将黄文","1","1","2"
"锋将黄文靖","1","1","2"
"将黄文靖伏","1","1","2"
"黄文靖伏诛","1","1","2"
"白龙潭观鱼","1","1","2"
"蒿子谷韦家","1","1","2"
"子谷韦家寨","1","1","2"
"庆两州贼军","1","1","2"
"两州贼军约","1","1","2"
"州贼军约二","1","1","2"
"贼军约二千","1","1","2"
"都头指挥使","1","1","2"
"月十二日生","1","1","2"
"开国侯袁象","1","1","2"
"国侯袁象先","1","1","2"
"江南西道观","1","1","2"
"十月辛未朔","2","0","2"
"控鹤都将皇","1","1","2"
"鹤都将皇甫","1","1","2"
"都将皇甫麟","1","1","2"
"徐州沛县人","1","1","2"
"濮州鄄城人","1","1","2"
"光化元年四","1","1","2"
"化元年四月","1","1","2"
"宣武军掌书","1","1","2"
"武军掌书记","1","1","2"
"颍州长社人","1","1","2"
"徐州丰县雍","1","1","2"
"州丰县雍凤","1","1","2"
"丰县雍凤里","1","1","2"
"县雍凤里人","1","1","2"
"豹子军二千","1","1","2"
"子军二千人","1","1","2"
"郓州寿张县","1","1","2"
"州寿张县人","1","1","2"
"行营诸军左","1","1","2"
"营诸军左厢","1","1","2"
"诸军左厢马","1","1","2"
"颍州斤沟人","1","1","2"
"指挥使赵宾","1","1","2"
"挥使赵宾夜","1","1","2"
"青州博昌人","1","1","2"
"密州安丘县","1","1","2"
"州安丘县人","1","1","2"
"太祖命大将","1","1","2"
"昭率兵三千","1","1","2"
"叶盟同力功","1","1","2"
"盟同力功臣","1","1","2"
"骨肉相鱼肉","2","0","2"
"攻下安远军","1","1","2"
"银枪效节五","1","1","2"
"枪效节五百","1","1","2"
"卢文进招诱","1","1","2"
"文进招诱幽","1","1","2"
"进招诱幽州","1","1","2"
"秘藏四十年","1","1","2"
"魏州观察判","1","1","2"
"团练使李嗣","1","1","2"
"使李嗣源北","2","0","2"
"李嗣源北面","2","0","2"
"陕州留后霍","1","1","2"
"州留后霍彦","1","1","2"
"北京皇城留","1","1","2"
"京皇城留守","1","1","2"
"将军李存纪","1","1","2"
"后节度使管","1","1","2"
"节度使管三","1","1","2"
"度使管三州","1","1","2"
"户部侍郎欧","1","1","2"
"部侍郎欧阳","1","1","2"
"侍郎欧阳彬","1","1","2"
"大蜀皇帝上","1","1","2"
"蜀皇帝上书","1","1","2"
"皇帝上书大","1","1","2"
"帝上书大唐","1","1","2"
"上书大唐皇","1","1","2"
"守卫尉卿孔","1","1","2"
"卫尉卿孔谦","1","1","2"
"嵩山开琉璃","1","1","2"
"山开琉璃戒","1","1","2"
"开琉璃戒坛","1","1","2"
"王李绍威进","1","1","2"
"全义惶恐致","1","1","2"
"义惶恐致谢","1","1","2"
"宣武军北征","1","1","2"
"王莽河射雁","1","1","2"
"度使李绍真","1","1","2"
"龙门广化寺","1","1","2"
"涨二丈二尺","1","1","2"
"故镇屯驻指","1","1","2"
"镇屯驻指挥","1","1","2"
"兵一万二千","1","1","2"
"两省谏官上","1","1","2"
"省谏官上疏","1","1","2"
"人同时遇害","1","1","2"
"宫城西古龙","1","1","2"
"城西古龙兴","1","1","2"
"西古龙兴寺","1","1","2"
"古龙兴寺北","1","1","2"
"平棘等四县","1","1","2"
"二千五十人","1","1","2"
"守御史大夫","1","1","2"
"讨使任圜率","1","1","2"
"使任圜率兵","1","1","2"
"任圜率兵追","1","1","2"
"圜率兵追讨","1","1","2"
"营招抚使元","1","1","2"
"招抚使元行","1","1","2"
"抚使元行钦","1","1","2"
"二月上旬后","1","1","2"
"宣宪皇后魏","1","1","2"
"宪皇后魏氏","1","1","2"
"李愚十八日","1","1","2"
"奏判三司免","1","1","2"
"改侍卫捧圣","1","1","2"
"侍卫捧圣军","1","1","2"
"礼部侍郎杨","1","1","2"
"部侍郎杨凝","1","1","2"
"侍郎杨凝式","1","1","2"
"君臣奏议时","1","1","2"
"请机要臣僚","1","1","2"
"机要臣僚侍","1","1","2"
"要臣僚侍立","1","1","2"
"臣僚侍立左","1","1","2"
"僚侍立左右","1","1","2"
"军上将军李","1","1","2"
"节度使杨思","1","1","2"
"度使杨思权","1","1","2"
"武兴军节度","1","1","2"
"汴将李谠收","1","1","2"
"将李谠收军","1","1","2"
"代州雁门人","1","1","2"
"殿中侍御史","1","1","2"
"内兵车万乘","1","1","2"
"一千九百万","1","1","2"
"千九百万户","1","1","2"
"五千三百万","1","1","2"
"一千四百万","1","1","2"
"千四百万顷","1","1","2"
"洺州曲周人","1","1","2"
"功授单州刺","1","1","2"
"授单州刺史","1","1","2"
"下酋长七百","1","1","2"
"费州司户参","1","1","2"
"夷州司户参","1","1","2"
"高祖圣文章","1","1","2"
"祖圣文章武","1","1","2"
"遣侍卫使杨","1","1","2"
"侍卫使杨光","1","1","2"
"卫使杨光远","1","1","2"
"害皇子河阳","1","1","2"
"皇子河阳节","1","1","2"
"子河阳节度","1","1","2"
"皇子东都留","1","1","2"
"子东都留守","1","1","2"
"故东京留守","1","1","2"
"东京留守判","1","1","2"
"京留守判官","1","1","2"
"留守判官李","1","1","2"
"守判官李遐","1","1","2"
"判官李遐追","1","1","2"
"官李遐追赠","1","1","2"
"京兆郡太君","1","1","2"
"命太常卿程","1","1","2"
"部员外郎韦","1","1","2"
"吴越国王加","1","1","2"
"越国王加恩","1","1","2"
"国王加恩使","1","1","2"
"湖南马希范","1","1","2"
"贡宝装龙凤","1","1","2"
"宝装龙凤器","1","1","2"
"结银花果子","1","1","2"
"银花果子等","1","1","2"
"花果子等物","1","1","2"
"汗王仁美进","1","1","2"
"太子詹事王","1","1","2"
"子詹事王居","1","1","2"
"两池榷盐事","1","1","2"
"改前代礼乐","1","1","2"
"前代礼乐刑","1","1","2"
"代礼乐刑宪","1","1","2"
"妹安定郡主","1","1","2"
"延庆长公主","1","1","2"
"妹广平郡主","1","1","2"
"清平长公主","1","1","2"
"高丽王王建","1","1","2"
"劫清水德铁","1","1","2"
"清水德铁城","1","1","2"
"节度使李金","1","1","2"
"度使李金全","1","1","2"
"使李金全叛","1","1","2"
"户部郎中张","1","1","2"
"部郎中张守","1","1","2"
"郎中张守素","1","1","2"
"百姓官吏等","1","1","2"
"广晋尹刘知","1","1","2"
"晋尹刘知远","1","1","2"
"面招讨使杜","1","1","2"
"指挥使等请","1","1","2"
"吾大将军梁","1","1","2"
"大将军梁言","1","1","2"
"将军梁言持","1","1","2"
"军梁言持国","1","1","2"
"葬太皇太后","1","1","2"
"魏县秦固村","1","1","2"
"二十八人分","1","1","2"
"陕州甘棠驿","1","1","2"
"都指挥使拓","1","1","2"
"指挥使拓拔","1","1","2"
"挥使拓拔崇","1","1","2"
"使拓拔崇斌","1","1","2"
"拓拔崇斌等","1","1","2"
"拔崇斌等五","1","1","2"
"崇斌等五人","1","1","2"
"吴国夫人冯","1","1","2"
"国夫人冯氏","1","1","2"
"使杨光远反","1","1","2"
"刺史翟进宗","1","1","2"
"冯道等奏请","1","1","2"
"道等奏请举","1","1","2"
"等奏请举乐","1","1","2"
"礼部尚书卢","1","1","2"
"部尚书卢詹","1","1","2"
"定州马全节","1","1","2"
"州马全节攻","1","1","2"
"开运三年春","1","1","2"
"诏改铸天下","1","1","2"
"改铸天下合","1","1","2"
"铸天下合同","1","1","2"
"天下合同印","1","1","2"
"州军将赵行","1","1","2"
"军将赵行实","1","1","2"
"徐州符彦卿","1","1","2"
"州符彦卿屯","1","1","2"
"中渡寨隔绝","1","1","2"
"皇太后李氏","1","1","2"
"皇太妃安氏","1","1","2"
"幽州蓟县人","1","1","2"
"云州清塞军","1","1","2"
"州清塞军人","1","1","2"
"楚国夫人丁","1","1","2"
"国夫人丁氏","1","1","2"
"弟曹州节度","1","1","2"
"高祖母陇西","1","1","2"
"祖母陇西李","1","1","2"
"母陇西李氏","1","1","2"
"曾祖母虢国","1","1","2"
"祖母虢国太","1","1","2"
"母虢国太夫","1","1","2"
"虢国太夫人","1","1","2"
"国太夫人杨","1","1","2"
"太夫人杨氏","1","1","2"
"汉州就粮归","1","1","2"
"州就粮归捷","1","1","2"
"就粮归捷指","1","1","2"
"粮归捷指挥","1","1","2"
"归捷指挥使","1","1","2"
"捷指挥使张","1","1","2"
"指挥使张建","1","1","2"
"挥使张建雄","1","1","2"
"金州守御指","1","1","2"
"州守御指挥","1","1","2"
"守御指挥使","1","1","2"
"御指挥使康","1","1","2"
"指挥使康彦","1","1","2"
"挥使康彦环","1","1","2"
"五千一百四","1","1","2"
"千一百四十","1","1","2"
"一百四十七","1","1","2"
"凤翔王景崇","1","1","2"
"谏议大夫贾","1","1","2"
"议大夫贾纬","1","1","2"
"大夫贾纬等","1","1","2"
"夫贾纬等修","1","1","2"
"贾纬等修撰","1","1","2"
"纬等修撰高","1","1","2"
"等修撰高祖","1","1","2"
"修撰高祖实","1","1","2"
"撰高祖实录","1","1","2"
"处斩前巡检","1","1","2"
"斩前巡检使","1","1","2"
"前巡检使乔","1","1","2"
"卫将军石懿","1","1","2"
"卫将军石训","1","1","2"
"永宁公主进","1","1","2"
"宁公主进封","1","1","2"
"秦国长公主","1","1","2"
"密州刺史王","1","1","2"
"州刺史王万","1","1","2"
"刺史王万敢","1","1","2"
"时枢密使杨","1","1","2"
"率群臣请太","1","1","2"
"群臣请太后","1","1","2"
"臣请太后临","1","1","2"
"侍中郭威监","1","1","2"
"中郭威监国","1","1","2"
"高祖皇后李","1","1","2"
"祖皇后李氏","1","1","2"
"侍中功烈崇","1","1","2"
"中功烈崇高","1","1","2"
"郑州荥泽人","1","1","2"
"魏州冠氏人","1","1","2"
"大名南乐人","1","1","2"
"部下叛党新","1","1","2"
"虢州刺史常","1","1","2"
"州刺史常彦","1","1","2"
"刺史常彦卿","1","1","2"
"史常彦卿等","1","1","2"
"常彦卿等五","1","1","2"
"彦卿等五百","1","1","2"
"卿等五百余","1","1","2"
"太祖圣神恭","1","1","2"
"祖圣神恭肃","1","1","2"
"邢州尧山人","1","1","2"
"陈国夫人韩","1","1","2"
"近代帝王陵","1","1","2"
"户部尚书张","1","1","2"
"道兵马都元","1","1","2"
"绛州防御使","1","1","2"
"州防御使孙","1","1","2"
"防御使孙汉","1","1","2"
"御使孙汉英","1","1","2"
"李景发兵援","1","1","2"
"乐寿都监杜","1","1","2"
"寿都监杜延","1","1","2"
"马四十七匹","1","1","2"
"徽南院使袁","1","1","2"
"改左右威卫","1","1","2"
"武平军兵马","1","1","2"
"平军兵马留","1","1","2"
"兵马留后刘","1","1","2"
"马留后刘言","1","1","2"
"前莱州刺史","1","1","2"
"莱州刺史叶","1","1","2"
"州刺史叶仁","1","1","2"
"刺史叶仁鲁","1","1","2"
"延州衙内指","1","1","2"
"州衙内指挥","1","1","2"
"内指挥使高","1","1","2"
"凤翔少尹桑","1","1","2"
"翔少尹桑能","1","1","2"
"庙社稷坛位","1","1","2"
"兵部尚书王","1","1","2"
"部尚书王易","1","1","2"
"史中丞张煦","1","1","2"
"前颍州防御","1","1","2"
"州防御使郭","1","1","2"
"防御使郭琼","1","1","2"
"迎奉太庙神","1","1","2"
"奉太庙神主","1","1","2"
"使何福进朝","1","1","2"
"州节度使樊","1","1","2"
"节度使樊爱","1","1","2"
"度使樊爱能","1","1","2"
"寿州节度使","1","1","2"
"节度使何徽","1","1","2"
"度使何徽等","1","1","2"
"兵太原城下","1","1","2"
"节度使申师","1","1","2"
"度使申师厚","1","1","2"
"右监门卫率","1","1","2"
"监门卫率府","1","1","2"
"门卫率府副","1","1","2"
"卫率府副率","1","1","2"
"河东刘崇死","1","1","2"
"伏尸三十里","1","1","2"
"大将刘彦贞","1","1","2"
"偏将咸师朗","1","1","2"
"泗州牙将王","1","1","2"
"州牙将王知","1","1","2"
"牙将王知朗","1","1","2"
"唐皇帝奉书","1","1","2"
"寿州城内左","1","1","2"
"州城内左神","1","1","2"
"城内左神卫","1","1","2"
"内左神卫军","1","1","2"
"左神卫军使","1","1","2"
"神卫军使徐","1","1","2"
"卫军使徐象","1","1","2"
"军使徐象等","1","1","2"
"右拾遗赵守","1","1","2"
"拾遗赵守微","1","1","2"
"寿州刘仁赡","1","1","2"
"州刘仁赡上","1","1","2"
"刘仁赡上表","1","1","2"
"阁门使张保","1","1","2"
"遣左谏议大","1","1","2"
"谏议大夫尹","1","1","2"
"议大夫尹日","1","1","2"
"大夫尹日就","1","1","2"
"前徐州节度","1","1","2"
"中书令武行","1","1","2"
"书令武行德","1","1","2"
"殿前都虞候","1","1","2"
"前都虞候慕","1","1","2"
"都虞候慕容","1","1","2"
"虞候慕容延","1","1","2"
"候慕容延钊","1","1","2"
"临汝郡公徐","1","1","2"
"汝郡公徐辽","1","1","2"
"郡公徐辽进","1","1","2"
"买宴钱二百","1","1","2"
"宴钱二百万","1","1","2"
"伶官五十人","1","1","2"
"节度使张永","1","1","2"
"度使张永德","1","1","2"
"四千七百人","1","1","2"
"邢州留后陈","1","1","2"
"州留后陈思","1","1","2"
"户部侍郎高","1","1","2"
"部侍郎高防","1","1","2"
"西南面水陆","1","1","2"
"南面水陆转","1","1","2"
"翰林学士窦","1","1","2"
"破辽州长清","1","1","2"
"辽州长清寨","1","1","2"
"磁州刺史李","1","1","2"
"防御使张顺","1","1","2"
"榷税钱五十","1","1","2"
"税钱五十万","1","1","2"
"官丝绵二千","1","1","2"
"丝绵二千两","1","1","2"
"州刺史刘楚","1","1","2"
"刺史刘楚信","1","1","2"
"节度使杨廷","1","1","2"
"度使杨廷璋","1","1","2"
"灵武都指挥","1","1","2"
"闰七月二十","1","1","2"
"七月二十九","1","1","2"
"经邦致理翊","1","1","2"
"邦致理翊赞","1","1","2"
"致理翊赞功","1","1","2"
"理翊赞功臣","1","1","2"
"守正崇德保","1","1","2"
"正崇德保邦","1","1","2"
"崇德保邦致","1","1","2"
"德保邦致理","1","1","2"
"保邦致理功","1","1","2"
"邦致理功臣","1","1","2"
"安时处顺守","1","1","2"
"时处顺守义","1","1","2"
"处顺守义崇","1","1","2"
"顺守义崇静","1","1","2"
"守义崇静功","1","1","2"
"义崇静功臣","1","1","2"
"崇仁保德宁","1","1","2"
"仁保德宁邦","1","1","2"
"保德宁邦翊","1","1","2"
"德宁邦翊圣","1","1","2"
"宁邦翊圣功","1","1","2"
"邦翊圣功臣","1","1","2"
"广顺元年夏","1","1","2"
"相州安阳人","1","1","2"
"陕州硖石人","1","1","2"
"大吴国主致","1","1","2"
"深州乐寿人","1","1","2"
"邢州龙冈人","1","1","2"
"伪广政十三","1","1","2"
"广政十三年","1","1","2"
"睿文英武仁","1","1","2"
"文英武仁圣","1","1","2"
"英武仁圣明","1","1","2"
"武仁圣明孝","1","1","2"
"仁圣明孝皇","1","1","2"
"时年四十七","1","1","2"
"都感到惊异","0","2","2"
"扎在黄河岸","0","2","2"
"岐人坚壁不","0","2","2"
"同意了他的","0","2","2"
"蜀地的计划","0","2","2"
"地的计划是","0","2","2"
"认为怎么样","0","2","2"
"城墙的士兵","0","2","2"
"他的话应验","0","2","2"
"的话应验了","0","2","2"
"迁回安置的","0","2","2"
"回安置的给","0","2","2"
"安置的给予","0","2","2"
"契丹任命的","0","2","2"
"千骑兵迫近","0","2","2"
"隐帝身边人","0","2","2"
"平民百姓都","0","2","2"
"郭威登上帝","0","2","2"
"威登上帝位","0","2","2"
"身边的人都","0","2","2"
"被燕军攻击","0","2","2"
"到下午四时","0","2","2"
"二天一早就","0","2","2"
"近地安置的","0","2","2"
"世宗从雄州","0","2","2"
"州回到京城","0","2","2"
"受了淮南贼","0","2","2"
"的第三个儿","0","2","2"
"第三个儿子","0","2","2"
"十一日夜晚","0","2","2"
"宗乾符年间","0","2","2"
"成群的盗贼","0","2","2"
"数万人之多","0","2","2"
"中和元年二","0","2","2"
"和元年二月","0","2","2"
"命太祖为东","0","2","2"
"太祖于是从","0","2","2"
"于是占据了","0","2","2"
"全郡军民投","0","2","2"
"郡军民投降","0","2","2"
"当时唐僖宗","0","2","2"
"时唐僖宗在","0","2","2"
"担任河中行","0","2","2"
"任河中行营","0","2","2"
"到的地方没","0","2","2"
"的地方没有","0","2","2"
"为东北面都","0","2","2"
"强大的敌人","0","2","2"
"这年十二月","0","2","2"
"兵攻击他们","0","2","2"
"州刺史赵韜","0","2","2"
"骑兵数千人","0","2","2"
"与太祖会合","0","2","2"
"王满渡大败","0","2","2"
"他们的罪行","0","2","2"
"祖为检校司","0","2","2"
"太祖率领军","0","2","2"
"祖率领军队","0","2","2"
"率领军队前","0","2","2"
"领军队前去","0","2","2"
"军队前去救","0","2","2"
"又加封太祖","0","2","2"
"到一千五百","0","2","2"
"与他们交战","0","2","2"
"僖宗颁布诏","0","2","2"
"宗颁布诏令","0","2","2"
"嗣襄王李誰","0","2","2"
"派使者带着","0","2","2"
"祖听到消息","0","2","2"
"袭击并占领","0","2","2"
"击并占领了","0","2","2"
"蔡州贼寇攻","0","2","2"
"州贼寇攻陷","0","2","2"
"机攻击他们","0","2","2"
"一直追击到","0","2","2"
"与蔡州贼寇","0","2","2"
"败感到羞耻","0","2","2"
"的有一万多","0","2","2"
"得战马千匹","0","2","2"
"有几十万人","0","2","2"
"势力非常强","0","2","2"
"太祖对诸位","0","2","2"
"祖对诸位将","0","2","2"
"诸位将领们","0","2","2"
"位将领们说","0","2","2"
"亲自领兵进","0","2","2"
"自领兵进攻","0","2","2"
"投水而死的","0","2","2"
"更加放纵他","0","2","2"
"加放纵他的","0","2","2"
"放纵他的暴","0","2","2"
"纵他的暴虐","0","2","2"
"杀敌两万多","0","2","2"
"敌两万多人","0","2","2"
"曹州刺史丘","0","2","2"
"军队包围了","0","2","2"
"碑赐给太祖","0","2","2"
"亲自率领骑","0","2","2"
"自率领骑兵","0","2","2"
"败朱王宣的","0","2","2"
"一人骑马逃","0","2","2"
"徐州军队扼","0","2","2"
"诏令任太祖","0","2","2"
"令任太祖为","0","2","2"
"为蔡州四面","0","2","2"
"儿子乐从训","0","2","2"
"大军渡过黄","0","2","2"
"遣使者到汴","0","2","2"
"使者到汴州","0","2","2"
"张全义十分","0","2","2"
"从周率领军","0","2","2"
"周率领军队","0","2","2"
"解除了河桥","0","2","2"
"为检校侍中","0","2","2"
"已经拥有了","0","2","2"
"使者向太祖","0","2","2"
"者向太祖求","0","2","2"
"讨伐秦宗权","0","2","2"
"上表奏明这","0","2","2"
"表奏明这件","0","2","2"
"奏明这件事","0","2","2"
"朝廷于是任","0","2","2"
"于是任赵德","0","2","2"
"是任赵德为","0","2","2"
"的军队会合","0","2","2"
"射中了他的","0","2","2"
"运输供应不","0","2","2"
"输供应不上","0","2","2"
"知道秦宗权","0","2","2"
"萧两座城邑","0","2","2"
"蔡州贼寇孙","0","2","2"
"州贼寇孙儒","0","2","2"
"为淮南节度","0","2","2"
"率领两万军","0","2","2"
"领两万军队","0","2","2"
"楼接受俘虏","0","2","2"
"庄园和住宅","0","2","2"
"兼任中书令","0","2","2"
"派遣朱友裕","0","2","2"
"朱友裕领兵","0","2","2"
"叛军三千多","0","2","2"
"派遣使者与","0","2","2"
"率领蕃族汉","0","2","2"
"领蕃族汉族","0","2","2"
"包围了潞州","0","2","2"
"遣葛从周率","0","2","2"
"骁勇善战的","0","2","2"
"太祖又派遣","0","2","2"
"在办公厅堂","0","2","2"
"办公厅堂上","0","2","2"
"罗弘信害怕","0","2","2"
"太祖派遣丁","0","2","2"
"祖派遣丁会","0","2","2"
"从周率领部","0","2","2"
"周率领部队","0","2","2"
"率领部队渡","0","2","2"
"领部队渡过","0","2","2"
"在他们后面","0","2","2"
"杀死魏军一","0","2","2"
"死魏军一万","0","2","2"
"派遣使者带","0","2","2"
"下令停止对","0","2","2"
"八月十二日","0","2","2"
"州刺史张筠","0","2","2"
"于是带领众","0","2","2"
"刘知俊率领","0","2","2"
"两千人投降","0","2","2"
"率领三万士","0","2","2"
"领三万士兵","0","2","2"
"于是将部队","0","2","2"
"被郓军杀害","0","2","2"
"转移军队攻","0","2","2"
"下时溥首级","0","2","2"
"时溥首级献","0","2","2"
"溥首级献上","0","2","2"
"亲自率领大","0","2","2"
"自率领大军","0","2","2"
"想速战速决","0","2","2"
"祖派朱友恭","0","2","2"
"派朱友恭率","0","2","2"
"朱友恭率领","0","2","2"
"军队再次攻","0","2","2"
"想进入兖州","0","2","2"
"杨行密攻陷","0","2","2"
"将领史俨儿","0","2","2"
"战马数百匹","0","2","2"
"齐州刺史朱","0","2","2"
"州刺史朱琼","0","2","2"
"使者前来请","0","2","2"
"朱瑾的堂兄","0","2","2"
"被抓住杀害","0","2","2"
"抓住杀害了","0","2","2"
"一万多人袭","0","2","2"
"万多人袭击","0","2","2"
"兖州城下示","0","2","2"
"州城下示众","0","2","2"
"他的妻子儿","0","2","2"
"沛一带搜括","0","2","2"
"朱瑾领兵抵","0","2","2"
"于是被淮南","0","2","2"
"庞师古战死","0","2","2"
"庞师古失败","0","2","2"
"领大军到达","0","2","2"
"晋军一万多","0","2","2"
"进攻氵名州","0","2","2"
"于是以葛从","0","2","2"
"是以葛从周","0","2","2"
"以葛从周兼","0","2","2"
"祖的军队在","0","2","2"
"太祖派氏叔","0","2","2"
"祖派氏叔琮","0","2","2"
"派氏叔琮领","0","2","2"
"氏叔琮领军","0","2","2"
"杨行密出动","0","2","2"
"于是收军而","0","2","2"
"又攻陷贝州","0","2","2"
"魏人来求救","0","2","2"
"人来求救兵","0","2","2"
"祖派朱友伦","0","2","2"
"夺得战马二","0","2","2"
"得战马二千","0","2","2"
"战马二千多","0","2","2"
"马二千多匹","0","2","2"
"丁会为潞州","0","2","2"
"会为潞州节","0","2","2"
"派葛从周从","0","2","2"
"三千人投奔","0","2","2"
"投奔淮南吴","0","2","2"
"奔淮南吴国","0","2","2"
"人攻陷泽州","0","2","2"
"召回葛从周","0","2","2"
"派葛从周率","0","2","2"
"老鸦堤迎战","0","2","2"
"佐马慎交以","0","2","2"
"太祖因为刘","0","2","2"
"接连攻下瀛","0","2","2"
"自己的养子","0","2","2"
"拨乱反正之","0","2","2"
"进封太祖为","0","2","2"
"在昭宗面前","0","2","2"
"不得已罢免","0","2","2"
"得已罢免了","0","2","2"
"驻军于渭水","0","2","2"
"华州主帅韩","0","2","2"
"州主帅韩建","0","2","2"
"岐山城内重","0","2","2"
"山城内重门","0","2","2"
"驻扎在武功","0","2","2"
"承认自己的","0","2","2"
"自己的过失","0","2","2"
"派使者携带","0","2","2"
"十二月十一","0","2","2"
"二月十一日","0","2","2"
"朱友宁领兵","0","2","2"
"在晋州北面","0","2","2"
"李克用的儿","0","2","2"
"克用的儿子","0","2","2"
"太祖很高兴","0","2","2"
"逼近敌军营","0","2","2"
"以避开太祖","0","2","2"
"领兵一万多","0","2","2"
"一万多人驻","0","2","2"
"万多人驻扎","0","2","2"
"又派他的大","0","2","2"
"宗派朝中使","0","2","2"
"增加食邑三","0","2","2"
"正功臣名号","0","2","2"
"青州将领刘","0","2","2"
"州将领刘寻","0","2","2"
"元年正月十","0","2","2"
"流着眼泪说","0","2","2"
"闰四月三日","0","2","2"
"他们的衣服","0","2","2"
"用的九锡之","0","2","2"
"的九锡之礼","0","2","2"
"派亲信官吏","0","2","2"
"十六日夜晚","0","2","2"
"拥着大将史","0","2","2"
"着大将史仁","0","2","2"
"将史仁遇固","0","2","2"
"史仁遇固守","0","2","2"
"仁遇固守高","0","2","2"
"遇固守高唐","0","2","2"
"无论老幼全","0","2","2"
"康怀英领兵","0","2","2"
"夺得战马三","0","2","2"
"得战马三千","0","2","2"
"仅只身逃脱","0","2","2"
"太祖从长芦","0","2","2"
"祖从长芦回","0","2","2"
"禅让帝位的","0","2","2"
"皇子朱友文","0","2","2"
"子朱友文为","0","2","2"
"姓人家的儿","0","2","2"
"人家的儿子","0","2","2"
"太祖将亲自","0","2","2"
"有关部门上","0","2","2"
"关部门上奏","0","2","2"
"赐给优厚的","0","2","2"
"给优厚的财","0","2","2"
"他们的姓名","0","2","2"
"出使到两浙","0","2","2"
"者准许停留","0","2","2"
"亲自率领六","0","2","2"
"自率领六军","0","2","2"
"登录他们的","0","2","2"
"他们的妻子","0","2","2"
"们的妻子儿","0","2","2"
"呈上奏章请","0","2","2"
"主持军政事","0","2","2"
"持军政事务","0","2","2"
"在今年秋天","0","2","2"
"祖颁发诏令","0","2","2"
"颁发诏令说","0","2","2"
"得到一位贤","0","2","2"
"有明显的功","0","2","2"
"文武百官都","0","2","2"
"到太祖所在","0","2","2"
"赐随从官员","0","2","2"
"太祖在陕州","0","2","2"
"太祖亲自祭","0","2","2"
"在圜丘祭祀","0","2","2"
"圜丘祭祀苍","0","2","2"
"布诏令大赦","0","2","2"
"凭据同州反","0","2","2"
"捉得刘知俊","0","2","2"
"如活捉得刘","0","2","2"
"活捉了刘知","0","2","2"
"禁止屠宰牲","0","2","2"
"止屠宰牲畜","0","2","2"
"以禳除灾祸","0","2","2"
"在本月五日","0","2","2"
"在文明殿接","0","2","2"
"武百官排列","0","2","2"
"任魏博节度","0","2","2"
"国子监上奏","0","2","2"
"官员的俸钱","0","2","2"
"兄长刘守文","0","2","2"
"有人回答说","0","2","2"
"诏令下达后","0","2","2"
"博王朱友文","0","2","2"
"任杨师厚为","0","2","2"
"九月二十日","0","2","2"
"亲自统帅六","0","2","2"
"自统帅六军","0","2","2"
"二月十三日","0","2","2"
"诏令河南尹","0","2","2"
"晚上到达河","0","2","2"
"上到达河阳","0","2","2"
"驾从东京出","0","2","2"
"这时太祖刚","0","2","2"
"朱友王圭以","0","2","2"
"拜见杨师厚","0","2","2"
"管两处藩镇","0","2","2"
"别人将怎样","0","2","2"
"人将怎样说","0","2","2"
"将怎样说我","0","2","2"
"于是诛杀了","0","2","2"
"末帝在东京","0","2","2"
"帝在东京即","0","2","2"
"杨师厚为检","0","2","2"
"师厚为检校","0","2","2"
"厚为检校太","0","2","2"
"晋军将领史","0","2","2"
"史建瑭从赵","0","2","2"
"建瑭从赵州","0","2","2"
"瑭从赵州率","0","2","2"
"骑兵五百人","0","2","2"
"张万进害怕","0","2","2"
"张万进为青","0","2","2"
"万进为青州","0","2","2"
"进为青州节","0","2","2"
"以刘守奇为","0","2","2"
"刘守奇为沧","0","2","2"
"守奇为沧州","0","2","2"
"王朱友璋镇","0","2","2"
"朱友璋镇守","0","2","2"
"友璋镇守徐","0","2","2"
"璋镇守徐州","0","2","2"
"蒋殷不接受","0","2","2"
"殷不接受替","0","2","2"
"朝廷下诏削","0","2","2"
"廷下诏削夺","0","2","2"
"蒋殷向淮南","0","2","2"
"殷向淮南吴","0","2","2"
"淮南吴国求","0","2","2"
"杨溥派大将","0","2","2"
"溥派大将朱","0","2","2"
"派大将朱瑾","0","2","2"
"明元年春天","0","2","2"
"蒋殷全家自","0","2","2"
"殷全家自焚","0","2","2"
"从火中找到","0","2","2"
"割下脑袋献","0","2","2"
"增加食邑一","0","2","2"
"杨师厚手握","0","2","2"
"要求朝廷姑","0","2","2"
"求朝廷姑息","0","2","2"
"有后顾之忧","0","2","2"
"刘寻阝率兵","0","2","2"
"发布诏书说","0","2","2"
"张筠为相州","0","2","2"
"筠为相州节","0","2","2"
"领大军屯驻","0","2","2"
"以征讨王为","0","2","2"
"征讨王为名","0","2","2"
"派澶州刺史","0","2","2"
"军五百骑兵","0","2","2"
"贺德伦囚禁","0","2","2"
"德伦囚禁在","0","2","2"
"伦囚禁在牙","0","2","2"
"书扔到地下","0","2","2"
"又逼迫贺德","0","2","2"
"末帝又派使","0","2","2"
"帝又派使者","0","2","2"
"于是上奏说","0","2","2"
"迫贺德伦上","0","2","2"
"兼任招讨使","0","2","2"
"没有办不成","0","2","2"
"有办不成的","0","2","2"
"于是派牙将","0","2","2"
"有书信往来","0","2","2"
"献城归顺梁","0","2","2"
"城归顺梁朝","0","2","2"
"是李茂贞的","0","2","2"
"李茂贞的养","0","2","2"
"茂贞的养子","0","2","2"
"后霍彦威为","0","2","2"
"霍彦威为州","0","2","2"
"彦威为州节","0","2","2"
"威为州节度","0","2","2"
"晋王进入魏","0","2","2"
"王进入魏州","0","2","2"
"贺德伦为大","0","2","2"
"德伦为大同","0","2","2"
"伦为大同军","0","2","2"
"二年春二月","0","2","2"
"王彦章领兵","0","2","2"
"急攻晋阳城","0","2","2"
"与晋王在故","0","2","2"
"晋王在故元","0","2","2"
"王在故元城","0","2","2"
"刘寻阝驻军","0","2","2"
"粮饷供应不","0","2","2"
"不可轻举妄","0","2","2"
"可轻举妄动","0","2","2"
"决胜的策略","0","2","2"
"只要每人供","0","2","2"
"要每人供给","0","2","2"
"每人供给十","0","2","2"
"人供给十斛","0","2","2"
"供给十斛粮","0","2","2"
"给十斛粮食","0","2","2"
"寻阝领兵进","0","2","2"
"阝领兵进攻","0","2","2"
"到故元城西","0","2","2"
"故元城西边","0","2","2"
"刘寻阝从黎","0","2","2"
"寻阝从黎阳","0","2","2"
"阝从黎阳渡","0","2","2"
"主管节度使","0","2","2"
"管节度使事","0","2","2"
"节度使事务","0","2","2"
"龙骧军都将","0","2","2"
"骧军都将杜","0","2","2"
"焚烧建国门","0","2","2"
"登上建国门","0","2","2"
"派捉生都将","0","2","2"
"五百步兵骑","0","2","2"
"百步兵骑兵","0","2","2"
"晋王从太原","0","2","2"
"在洛阳郊外","0","2","2"
"洛阳郊外祭","0","2","2"
"阳郊外祭天","0","2","2"
"敬翔上奏说","0","2","2"
"御驾不可轻","0","2","2"
"末帝不听从","0","2","2"
"听到后感到","0","2","2"
"与晋军对阵","0","2","2"
"谢彦章出动","0","2","2"
"彦章出动伏","0","2","2"
"章出动伏兵","0","2","2"
"晋王只身逃","0","2","2"
"王只身逃脱","0","2","2"
"侯温裕等人","0","2","2"
"被行营马步","0","2","2"
"步都虞候朱","0","2","2"
"晋王闻讯后","0","2","2"
"任行营各军","0","2","2"
"在朝夕之间","0","2","2"
"观察使处置","0","2","2"
"察使处置使","0","2","2"
"的辎重在阵","0","2","2"
"晋军在德胜","0","2","2"
"军在德胜筑","0","2","2"
"贺瑰攻打德","0","2","2"
"瑰攻打德胜","0","2","2"
"攻打德胜南","0","2","2"
"打德胜南城","0","2","2"
"晋王从魏州","0","2","2"
"王从魏州回","0","2","2"
"从魏州回到","0","2","2"
"身任官职爵","0","2","2"
"刘寻阝攻下","0","2","2"
"寻阝攻下兖","0","2","2"
"阝攻下兖州","0","2","2"
"了他的全家","0","2","2"
"晋王领军迫","0","2","2"
"王领军迫近","0","2","2"
"退守杨村寨","0","2","2"
"中朱友谦袭","0","2","2"
"朱友谦袭击","0","2","2"
"友谦袭击占","0","2","2"
"谦袭击占领","0","2","2"
"击占领了同","0","2","2"
"占领了同州","0","2","2"
"他的儿子朱","0","2","2"
"任同州留后","0","2","2"
"表朝廷请求","0","2","2"
"向晋人求援","0","2","2"
"末帝任命将","0","2","2"
"帝任命将领","0","2","2"
"领军前来救","0","2","2"
"在同州城下","0","2","2"
"同州城下交","0","2","2"
"州城下交战","0","2","2"
"退守华州罗","0","2","2"
"守华州罗文","0","2","2"
"刺史惠王朱","0","2","2"
"史惠王朱友","0","2","2"
"惠王朱友能","0","2","2"
"他的主帅王","0","2","2"
"私自度脱僧","0","2","2"
"自度脱僧人","0","2","2"
"度脱僧人尼","0","2","2"
"脱僧人尼姑","0","2","2"
"兵杀向京城","0","2","2"
"派使者向梁","0","2","2"
"请求献城投","0","2","2"
"求献城投降","0","2","2"
"李嗣昭为潞","0","2","2"
"嗣昭为潞州","0","2","2"
"昭为潞州节","0","2","2"
"在镇州城下","0","2","2"
"派遣使者前","0","2","2"
"遣使者前来","0","2","2"
"在魏州建立","0","2","2"
"二十年为同","0","2","2"
"十年为同光","0","2","2"
"年为同光元","0","2","2"
"为同光元年","0","2","2"
"都被处死在","0","2","2"
"后唐庄宗领","0","2","2"
"援救杨刘城","0","2","2"
"沿黄河向南","0","2","2"
"唐庄宗驻军","0","2","2"
"领一百骑兵","0","2","2"
"百骑兵投奔","0","2","2"
"彦章率领部","0","2","2"
"王彦章军队","0","2","2"
"一会儿有报","0","2","2"
"会儿有报告","0","2","2"
"儿有报告说","0","2","2"
"被身边的人","0","2","2"
"任军中职务","0","2","2"
"为检校右散","0","2","2"
"官至检校司","0","2","2"
"逢上青州人","0","2","2"
"将事情上报","0","2","2"
"不等下令就","0","2","2"
"赐与迎銮毅","0","2","2"
"与迎銮毅勇","0","2","2"
"一个多月不","0","2","2"
"月不能攻下","0","2","2"
"几十里外都","0","2","2"
"十里外都能","0","2","2"
"里外都能听","0","2","2"
"密王朱友伦","0","2","2"
"朱友伦率领","0","2","2"
"郴王朱友裕","0","2","2"
"跟随太祖征","0","2","2"
"随太祖征战","0","2","2"
"唐朝中和年","0","2","2"
"朝中和年间","0","2","2"
"李克用于是","0","2","2"
"到蔡州贼寇","0","2","2"
"蔡州贼寇被","0","2","2"
"为检校左仆","0","2","2"
"令他临时主","0","2","2"
"他临时主管","0","2","2"
"与兖州节度","0","2","2"
"装饰华丽的","0","2","2"
"当蔡州贼寇","0","2","2"
"被授与兖州","0","2","2"
"宁二年春天","0","2","2"
"朱友恭进攻","0","2","2"
"将领何怀宝","0","2","2"
"何怀宝以及","0","2","2"
"在城下示众","0","2","2"
"乘胜进攻兖","0","2","2"
"胜进攻兖州","0","2","2"
"朱瑾与李承","0","2","2"
"瑾与李承嗣","0","2","2"
"庞师古渡过","0","2","2"
"杨行密去世","0","2","2"
"的儿子徐知","0","2","2"
"儿子徐知训","0","2","2"
"到地方上任","0","2","2"
"唐朝广明年","0","2","2"
"朝广明年间","0","2","2"
"加封为太尉","0","2","2"
"王敬武去世","0","2","2"
"王师范年幼","0","2","2"
"背叛王师范","0","2","2"
"照他说的去","0","2","2"
"他说的去做","0","2","2"
"在酒席上杀","0","2","2"
"酒席上杀死","0","2","2"
"席上杀死卢","0","2","2"
"上杀死卢弘","0","2","2"
"进攻王师范","0","2","2"
"与他互通友","0","2","2"
"他互通友好","0","2","2"
"韩全诲假托","0","2","2"
"是谁的罪过","0","2","2"
"于是派使者","0","2","2"
"王师范全家","0","2","2"
"太祖在郊外","0","2","2"
"为金吾上将","0","2","2"
"王师范反叛","0","2","2"
"立即派人到","0","2","2"
"派人到洛阳","0","2","2"
"宣读诏令完","0","2","2"
"读诏令完毕","0","2","2"
"的人呢然而","0","2","2"
"开始时事奉","0","2","2"
"唐朝大顺二","0","2","2"
"朝大顺二年","0","2","2"
"投降梁太祖","0","2","2"
"奏请皇上授","0","2","2"
"太祖平定青","0","2","2"
"祖平定青州","0","2","2"
"率领五千士","0","2","2"
"领五千士兵","0","2","2"
"还没有到达","0","2","2"
"不久就改任","0","2","2"
"时刘知俊的","0","2","2"
"的威望日益","0","2","2"
"得免于一死","0","2","2"
"听到刘知俊","0","2","2"
"到刘知俊反","0","2","2"
"是因为刘捍","0","2","2"
"当时刘知俊","0","2","2"
"刘知俊于是","0","2","2"
"给他优厚的","0","2","2"
"接着命令他","0","2","2"
"着命令他领","0","2","2"
"命令他领兵","0","2","2"
"命令康怀英","0","2","2"
"任泾州节度","0","2","2"
"都不能攻下","0","2","2"
"领兵攻伐岐","0","2","2"
"兵攻伐岐下","0","2","2"
"唐朝文德元","0","2","2"
"朝文德元年","0","2","2"
"向太原求援","0","2","2"
"派大将李存","0","2","2"
"存信带兵没","0","2","2"
"信带兵没有","0","2","2"
"太祖乘机派","0","2","2"
"与太祖结好","0","2","2"
"攻打李存信","0","2","2"
"活捉了李克","0","2","2"
"捉了李克用","0","2","2"
"了李克用的","0","2","2"
"这时太祖正","0","2","2"
"送给他财物","0","2","2"
"至检校太尉","0","2","2"
"封为临清王","0","2","2"
"唐昭宗东迁","0","2","2"
"加封他为守","0","2","2"
"丰厚的赏赐","0","2","2"
"但内心不满","0","2","2"
"与太祖的军","0","2","2"
"在内黄交战","0","2","2"
"派使者与太","0","2","2"
"从此罗绍威","0","2","2"
"太祖援助之","0","2","2"
"祖援助之恩","0","2","2"
"军发生变乱","0","2","2"
"使者告诉太","0","2","2"
"者告诉太祖","0","2","2"
"太祖亲自领","0","2","2"
"与朝廷军队","0","2","2"
"太祖深深感","0","2","2"
"太祖登帝位","0","2","2"
"加封为守太","0","2","2"
"奏章请求退","0","2","2"
"王重荣被部","0","2","2"
"重荣被部将","0","2","2"
"荣被部将常","0","2","2"
"被部将常行","0","2","2"
"将常行儒杀","0","2","2"
"常行儒杀害","0","2","2"
"王重盈去世","0","2","2"
"任绛州刺史","0","2","2"
"派使者向太","0","2","2"
"昭宗答应了","0","2","2"
"上表推荐王","0","2","2"
"王珂的妻子","0","2","2"
"登上城墙对","0","2","2"
"对张存敬说","0","2","2"
"秦宗权盘踞","0","2","2"
"宗权盘踞蔡","0","2","2"
"权盘踞蔡州","0","2","2"
"于是率领部","0","2","2"
"是率领部下","0","2","2"
"与凤翔李茂","0","2","2"
"王行瑜领兵","0","2","2"
"渡过黄河后","0","2","2"
"讨伐李茂贞","0","2","2"
"昭宗到华州","0","2","2"
"即被加封为","0","2","2"
"被加封为兼","0","2","2"
"加封为兼中","0","2","2"
"封为兼中书","0","2","2"
"为兼中书令","0","2","2"
"子势力更加","0","2","2"
"这些人都是","0","2","2"
"天子到凤翔","0","2","2"
"了他的阴谋","0","2","2"
"接受禅让登","0","2","2"
"受禅让登上","0","2","2"
"禅让登上帝","0","2","2"
"让登上帝位","0","2","2"
"为光州刺史","0","2","2"
"李罕之被蔡","0","2","2"
"罕之被蔡州","0","2","2"
"为怀州刺史","0","2","2"
"罕之为副手","0","2","2"
"李罕之有部","0","2","2"
"秦宗权派将","0","2","2"
"宗权派将领","0","2","2"
"城一个多月","0","2","2"
"领着他的部","0","2","2"
"诸葛爽去世","0","2","2"
"子诸葛仲方","0","2","2"
"诸葛仲方为","0","2","2"
"被李罕之打","0","2","2"
"李罕之打败","0","2","2"
"他们的阴谋","0","2","2"
"被刘经打败","0","2","2"
"李罕之与张","0","2","2"
"罕之与张言","0","2","2"
"派泽州刺史","0","2","2"
"骑兵帮助他","0","2","2"
"遇献城投降","0","2","2"
"出行所在地","0","2","2"
"遥任河阳节","0","2","2"
"率领三万军","0","2","2"
"领三万军队","0","2","2"
"中粮食吃尽","0","2","2"
"遇上晋军将","0","2","2"
"上晋军将领","0","2","2"
"将领安休休","0","2","2"
"领一百多人","0","2","2"
"授予检校太","0","2","2"
"予检校太尉","0","2","2"
"薛志勤去世","0","2","2"
"将情况报告","0","2","2"
"派李嗣昭讨","0","2","2"
"派他儿子李","0","2","2"
"年五十八岁","0","2","2"
"把军队驻扎","0","2","2"
"埋伏的甲士","0","2","2"
"金州升格为","0","2","2"
"为兵部尚书","0","2","2"
"张归霸兄弟","0","2","2"
"败蔡州贼寇","0","2","2"
"铁林军三千","0","2","2"
"林军三千人","0","2","2"
"葛从周击败","0","2","2"
"朱珍和葛从","0","2","2"
"珍和葛从周","0","2","2"
"青州人率领","0","2","2"
"州人率领步","0","2","2"
"人率领步卒","0","2","2"
"骑兵一万多","0","2","2"
"歼灭了他们","0","2","2"
"击蔡州贼寇","0","2","2"
"跟随太祖到","0","2","2"
"葛从周跟随","0","2","2"
"从周跟随太","0","2","2"
"周跟随太祖","0","2","2"
"李罕之率领","0","2","2"
"罕之率领并","0","2","2"
"之率领并州","0","2","2"
"率领并州军","0","2","2"
"领并州军队","0","2","2"
"大破并州军","0","2","2"
"授予检校工","0","2","2"
"予检校工部","0","2","2"
"部尚书的官","0","2","2"
"因功加封为","0","2","2"
"功加封为检","0","2","2"
"封为检校刑","0","2","2"
"为检校刑部","0","2","2"
"运送粮饷的","0","2","2"
"领军队到达","0","2","2"
"率领三千人","0","2","2"
"活捉了都将","0","2","2"
"千骑兵屯驻","0","2","2"
"于是葛从周","0","2","2"
"他的大将康","0","2","2"
"等一百多人","0","2","2"
"命令葛从周","0","2","2"
"葛从周奔赴","0","2","2"
"率领大军前","0","2","2"
"领大军前来","0","2","2"
"战马三千匹","0","2","2"
"在晋阳城下","0","2","2"
"授予太子太","0","2","2"
"颁布诏令任","0","2","2"
"周为潞州节","0","2","2"
"加封为开府","0","2","2"
"封为开府仪","0","2","2"
"在家中去世","0","2","2"
"为骑兵将领","0","2","2"
"多次与晋军","0","2","2"
"次与晋军交","0","2","2"
"当时人认为","0","2","2"
"与晋军对垒","0","2","2"
"善于带领骑","0","2","2"
"外设置埋伏","0","2","2"
"想按兵不动","0","2","2"
"按兵不动以","0","2","2"
"谢彦章以及","0","2","2"
"彦章以及濮","0","2","2"
"章以及濮州","0","2","2"
"以及濮州刺","0","2","2"
"及濮州刺史","0","2","2"
"所以当时的","0","2","2"
"当时太祖在","0","2","2"
"上奏朝廷授","0","2","2"
"授与检校左","0","2","2"
"带领大军来","0","2","2"
"领大军来到","0","2","2"
"太祖在滑州","0","2","2"
"上奏加封为","0","2","2"
"奏加封为检","0","2","2"
"任曹州刺史","0","2","2"
"第二年夏天","0","2","2"
"接着加封为","0","2","2"
"着加封为同","0","2","2"
"年秋天七月","0","2","2"
"任襄州节度","0","2","2"
"领兵攻伐他","0","2","2"
"他弟弟赵匡","0","2","2"
"弟弟赵匡明","0","2","2"
"赵匡凝兄弟","0","2","2"
"接受禅让的","0","2","2"
"受禅让的帝","0","2","2"
"禅让的帝位","0","2","2"
"自己的意思","0","2","2"
"领兵征讨他","0","2","2"
"都上奏朝廷","0","2","2"
"任中书舍人","0","2","2"
"太祖接受帝","0","2","2"
"祖接受帝位","0","2","2"
"特别擅长于","0","2","2"
"蔡州贼寇平","0","2","2"
"州贼寇平定","0","2","2"
"太祖上奏朝","0","2","2"
"祖上奏朝廷","0","2","2"
"任光禄少卿","0","2","2"
"为检校右仆","0","2","2"
"封光禄大夫","0","2","2"
"友王圭篡夺","0","2","2"
"王圭篡夺帝","0","2","2"
"圭篡夺帝位","0","2","2"
"篡夺帝位时","0","2","2"
"这是我不能","0","2","2"
"是我不能理","0","2","2"
"我不能理解","0","2","2"
"不能理解的","0","2","2"
"能理解的第","0","2","2"
"到现在已有","0","2","2"
"冒着弓矢炮","0","2","2"
"以致有今天","0","2","2"
"如果请陛下","0","2","2"
"果请陛下出","0","2","2"
"上吊自杀而","0","2","2"
"吊自杀而死","0","2","2"
"人全被诛杀","0","2","2"
"能克敌致胜","0","2","2"
"朱珍与庞师","0","2","2"
"珍与庞师古","0","2","2"
"到太祖镇守","0","2","2"
"骑兵以攻打","0","2","2"
"兵以攻打他","0","2","2"
"于是登上城","0","2","2"
"步卒骑兵二","0","2","2"
"李谠等人率","0","2","2"
"等人率领部","0","2","2"
"人率领部队","0","2","2"
"任先锋步军","0","2","2"
"率领骑兵到","0","2","2"
"李重胤带领","0","2","2"
"唐中和年间","0","2","2"
"因而解除了","0","2","2"
"各军都虞候","0","2","2"
"因功上奏朝","0","2","2"
"功上奏朝廷","0","2","2"
"上奏朝廷加","0","2","2"
"奏朝廷加封","0","2","2"
"为检校兵部","0","2","2"
"任他为行营","0","2","2"
"他为行营都","0","2","2"
"同年秋七月","0","2","2"
"任宋州刺史","0","2","2"
"太祖任元帅","0","2","2"
"军步军都排","0","2","2"
"为迎銮毅勇","0","2","2"
"任亳州团练","0","2","2"
"经过天津桥","0","2","2"
"太祖不得已","0","2","2"
"贬任寇彦卿","0","2","2"
"任寇彦卿为","0","2","2"
"任右金吾卫","0","2","2"
"任邓州节度","0","2","2"
"年五十七岁","0","2","2"
"得战马五百","0","2","2"
"所到之处都","0","2","2"
"太祖在板桥","0","2","2"
"在清口失利","0","2","2"
"据青州反叛","0","2","2"
"任齐州防御","0","2","2"
"任左龙骧军","0","2","2"
"任左监门卫","0","2","2"
"子朱友王圭","0","2","2"
"骑兵驻扎在","0","2","2"
"驻扎在邺城","0","2","2"
"州军队叛乱","0","2","2"
"王彦章代替","0","2","2"
"戴思远为北","0","2","2"
"思远为北面","0","2","2"
"远为北面招","0","2","2"
"在接受任命","0","2","2"
"像雨点一样","0","2","2"
"在博州东岸","0","2","2"
"罢免了王彦","0","2","2"
"免了王彦章","0","2","2"
"王彦章的兵","0","2","2"
"彦章的兵权","0","2","2"
"面招讨使时","0","2","2"
"王彦章一向","0","2","2"
"听出了他的","0","2","2"
"一向没有城","0","2","2"
"我有什么脸","0","2","2"
"什么脸面见","0","2","2"
"李嗣源亲自","0","2","2"
"是李嗣源的","0","2","2"
"用轿子抬着","0","2","2"
"王彦章性格","0","2","2"
"子只不过是","0","2","2"
"只不过是一","0","2","2"
"不过是一个","0","2","2"
"兵逼近梁军","0","2","2"
"擅长骑马射","0","2","2"
"长骑马射箭","0","2","2"
"被杨师厚打","0","2","2"
"王景仁率领","0","2","2"
"任命杨师厚","0","2","2"
"命杨师厚为","0","2","2"
"为襄州节度","0","2","2"
"弟刘知浣献","0","2","2"
"封杨师厚为","0","2","2"
"大军攻打晋","0","2","2"
"于是解除对","0","2","2"
"王景仁在柏","0","2","2"
"景仁在柏乡","0","2","2"
"晋军攻打魏","0","2","2"
"军攻打魏州","0","2","2"
"于是率领精","0","2","2"
"与杨师厚商","0","2","2"
"朱友王圭被","0","2","2"
"战失利之后","0","2","2"
"领大军直抵","0","2","2"
"诸葛爽死后","0","2","2"
"与他们战斗","0","2","2"
"领着部众向","0","2","2"
"着部众向北","0","2","2"
"与诸将征讨","0","2","2"
"先登上城墙","0","2","2"
"军大举进攻","0","2","2"
"各位将领都","0","2","2"
"淮南吴军大","0","2","2"
"改任滑州左","0","2","2"
"召来牛存节","0","2","2"
"慰劳他很久","0","2","2"
"是奉行皇上","0","2","2"
"以响应城外","0","2","2"
"追赠为左散","0","2","2"
"赠为左散骑","0","2","2"
"州三军推举","0","2","2"
"三军推举他","0","2","2"
"人都被诛杀","0","2","2"
"为马军步军","0","2","2"
"为平卢军节","0","2","2"
"表推荐刘鄩","0","2","2"
"占据了兖州","0","2","2"
"州城被刘鄩","0","2","2"
"抚他的家属","0","2","2"
"葛从周的母","0","2","2"
"从周的母亲","0","2","2"
"葛从周进攻","0","2","2"
"告诉他儿子","0","2","2"
"拒城外军队","0","2","2"
"赦免他的罪","0","2","2"
"将情况告诉","0","2","2"
"梁太祖嘉奖","0","2","2"
"骤然居于众","0","2","2"
"然居于众人","0","2","2"
"居于众人之","0","2","2"
"于众人之上","0","2","2"
"任马步都虞","0","2","2"
"军马军步军","0","2","2"
"管区内观察","0","2","2"
"区内观察使","0","2","2"
"朱友王圭命","0","2","2"
"诏令刘鄩回","0","2","2"
"遥任镇南军","0","2","2"
"当时朝廷任","0","2","2"
"时朝廷任命","0","2","2"
"末帝派刘鄩","0","2","2"
"领兵攻打他","0","2","2"
"使杨师厚去","0","2","2"
"杨师厚去世","0","2","2"
"兵一万人从","0","2","2"
"等晋王一到","0","2","2"
"遇上数十天","0","2","2"
"上数十天大","0","2","2"
"数十天大雨","0","2","2"
"整顿部队而","0","2","2"
"顿部队而回","0","2","2"
"魏州的临清","0","2","2"
"刘鄩于是占","0","2","2"
"鄩于是占领","0","2","2"
"在莘县驻军","0","2","2"
"掌朝廷大政","0","2","2"
"十天半月之","0","2","2"
"召集各位将","0","2","2"
"在故元城交","0","2","2"
"故元城交战","0","2","2"
"渡过黄河到","0","2","2"
"刘鄩击退了","0","2","2"
"接应朝廷军","0","2","2"
"应朝廷军队","0","2","2"
"于是占领了","0","2","2"
"年六十四岁","0","2","2"
"任濮州刺史","0","2","2"
"贺瑰与晋军","0","2","2"
"平定青州王","0","2","2"
"任六军马步","0","2","2"
"接着加封检","0","2","2"
"着加封检校","0","2","2"
"任左龙虎统","0","2","2"
"以原官的身","0","2","2"
"原官的身份","0","2","2"
"攻占了杨刘","0","2","2"
"率领大军在","0","2","2"
"贺瑰与谢彦","0","2","2"
"瑰与谢彦章","0","2","2"
"在军中杀害","0","2","2"
"军在胡柳陂","0","2","2"
"在胡柳陂大","0","2","2"
"胡柳陂大战","0","2","2"
"以诗歌闻名","0","2","2"
"郑畋的女儿","0","2","2"
"为右谏议大","0","2","2"
"太祖开平年","0","2","2"
"祖开平年间","0","2","2"
"这是什么征","0","2","2"
"是什么征兆","0","2","2"
"不利于深入","0","2","2"
"在官府去世","0","2","2"
"当时梁太祖","0","2","2"
"赏赐财物非","0","2","2"
"赐财物非常","0","2","2"
"认为他说得","0","2","2"
"为他说得对","0","2","2"
"设置都护以","0","2","2"
"年九月二十","0","2","2"
"在神武川的","0","2","2"
"神武川的新","0","2","2"
"武川的新城","0","2","2"
"善骑马射箭","0","2","2"
"人都佩服他","0","2","2"
"各位将军都","0","2","2"
"黄巢渡过长","0","2","2"
"巢渡过长江","0","2","2"
"武皇为大同","0","2","2"
"设酒宴招待","0","2","2"
"成为中原的","0","2","2"
"为中原的祸","0","2","2"
"中原的祸患","0","2","2"
"五千骑兵往","0","2","2"
"对陈景思说","0","2","2"
"势力正旺盛","0","2","2"
"武皇为雁门","0","2","2"
"皇为雁门节","0","2","2"
"为雁门节度","0","2","2"
"王铎受皇帝","0","2","2"
"其弟李克修","0","2","2"
"武皇军队将","0","2","2"
"武皇进军包","0","2","2"
"皇进军包围","0","2","2"
"率一万多人","0","2","2"
"令授武皇为","0","2","2"
"武皇进军收","0","2","2"
"皇进军收复","0","2","2"
"埋伏的士兵","0","2","2"
"烟火从四面","0","2","2"
"王处存向武","0","2","2"
"处存向武皇","0","2","2"
"存向武皇求","0","2","2"
"武皇派大将","0","2","2"
"皇派大将康","0","2","2"
"派大将康君","0","2","2"
"武皇遂回师","0","2","2"
"安金俊为邢","0","2","2"
"投降的士兵","0","2","2"
"张全义于是","0","2","2"
"率七千骑兵","0","2","2"
"千骑兵护送","0","2","2"
"率精锐骑兵","0","2","2"
"精锐骑兵在","0","2","2"
"三军拥立他","0","2","2"
"军拥立他的","0","2","2"
"武皇又派李","0","2","2"
"任安金俊为","0","2","2"
"在城下交战","0","2","2"
"杀死节度使","0","2","2"
"把他的头送","0","2","2"
"自任为留后","0","2","2"
"汴将朱崇节","0","2","2"
"兵进入潞州","0","2","2"
"军进攻潞州","0","2","2"
"三百骑兵埋","0","2","2"
"百骑兵埋伏","0","2","2"
"骑兵埋伏在","0","2","2"
"兵埋伏在长","0","2","2"
"埋伏在长子","0","2","2"
"任康君立为","0","2","2"
"康君立为潞","0","2","2"
"君立为潞州","0","2","2"
"兵出阴地关","0","2","2"
"李存孝带兵","0","2","2"
"在赵城扎营","0","2","2"
"从此闭门不","0","2","2"
"此闭门不出","0","2","2"
"奏章申述道","0","2","2"
"章申述道理","0","2","2"
"为守中书令","0","2","2"
"郓州朱王宣","0","2","2"
"讨伐赫连铎","0","2","2"
"领步兵进攻","0","2","2"
"步兵骑兵五","0","2","2"
"皇派李存信","0","2","2"
"存审带兵救","0","2","2"
"审带兵救援","0","2","2"
"焚烧军营逃","0","2","2"
"烧军营逃走","0","2","2"
"是李存信构","0","2","2"
"李存信构陷","0","2","2"
"在邢州讨伐","0","2","2"
"邢州讨伐李","0","2","2"
"州讨伐李存","0","2","2"
"请修复旧好","0","2","2"
"带精锐骑兵","0","2","2"
"精锐骑兵五","0","2","2"
"优厚地对待","0","2","2"
"厚地对待他","0","2","2"
"陈述幽州可","0","2","2"
"述幽州可以","0","2","2"
"率军讨伐他","0","2","2"
"选精锐甲士","0","2","2"
"人弃城逃走","0","2","2"
"刘仁恭进城","0","2","2"
"以刘仁恭为","0","2","2"
"留下心腹燕","0","2","2"
"下心腹燕留","0","2","2"
"心腹燕留德","0","2","2"
"腹燕留德等","0","2","2"
"人分别掌管","0","2","2"
"时掌管军政","0","2","2"
"为绛州刺史","0","2","2"
"到路上迎接","0","2","2"
"是王行瑜的","0","2","2"
"王行瑜的弟","0","2","2"
"行瑜的弟弟","0","2","2"
"劫持天子到","0","2","2"
"天子派延王","0","2","2"
"子派延王李","0","2","2"
"派延王李戒","0","2","2"
"延王李戒丕","0","2","2"
"到京城西北","0","2","2"
"李存审会合","0","2","2"
"军队攻打王","0","2","2"
"队攻打王行","0","2","2"
"攻打王行瑜","0","2","2"
"为西南面招","0","2","2"
"当兄长看待","0","2","2"
"此时王行瑜","0","2","2"
"李茂贞亲自","0","2","2"
"亲自率三万","0","2","2"
"武皇上表任","0","2","2"
"他的首级送","0","2","2"
"的首级送往","0","2","2"
"首级送往朝","0","2","2"
"级送往朝廷","0","2","2"
"上表请求讨","0","2","2"
"表请求讨伐","0","2","2"
"皇上的意思","0","2","2"
"带步兵骑兵","0","2","2"
"李存信军队","0","2","2"
"李茂贞发兵","0","2","2"
"皇帝到华州","0","2","2"
"陕州主帅王","0","2","2"
"率二千骑兵","0","2","2"
"千骑兵救援","0","2","2"
"武皇写信责","0","2","2"
"皇写信责备","0","2","2"
"大举发兵讨","0","2","2"
"举发兵讨伐","0","2","2"
"讨伐刘仁恭","0","2","2"
"十来天之内","0","2","2"
"镇州王钅容","0","2","2"
"也予以回报","0","2","2"
"派李嗣昭带","0","2","2"
"便自作主张","0","2","2"
"任李嗣昭为","0","2","2"
"向武皇请求","0","2","2"
"武皇请求援","0","2","2"
"皇请求援军","0","2","2"
"汴帅朱温亲","0","2","2"
"帅朱温亲自","0","2","2"
"葛从周在青","0","2","2"
"从周在青山","0","2","2"
"周在青山口","0","2","2"
"王珂向武皇","0","2","2"
"令李嗣昭带","0","2","2"
"向汴军投降","0","2","2"
"周德威带兵","0","2","2"
"虹贯穿周德","0","2","2"
"贯穿周德威","0","2","2"
"穿周德威营","0","2","2"
"周德威营地","0","2","2"
"德威营地上","0","2","2"
"威营地上空","0","2","2"
"李嗣昭和李","0","2","2"
"朱友宁烧掉","0","2","2"
"百姓深受其","0","2","2"
"姓深受其苦","0","2","2"
"迁都到洛阳","0","2","2"
"千骑兵攻击","0","2","2"
"兵进攻沧州","0","2","2"
"向刘仁恭征","0","2","2"
"李嗣昭联合","0","2","2"
"嗣昭联合燕","0","2","2"
"昭联合燕军","0","2","2"
"联合燕军攻","0","2","2"
"命李嗣昭为","0","2","2"
"年一月七日","0","2","2"
"帝位禅让给","0","2","2"
"周德威在余","0","2","2"
"德威在余吾","0","2","2"
"威在余吾驻","0","2","2"
"在余吾驻军","0","2","2"
"领五千骑兵","0","2","2"
"从东南山口","0","2","2"
"东南山口修","0","2","2"
"南山口修筑","0","2","2"
"在晋阳去世","0","2","2"
"武皇犹豫不","0","2","2"
"皇犹豫不决","0","2","2"
"不到极点不","0","2","2"
"到极点不会","0","2","2"
"哪用得着这","0","2","2"
"父亲刘仁恭","0","2","2"
"果然献城投","0","2","2"
"然献城投降","0","2","2"
"我们有丧事","0","2","2"
"衣服礼节待","0","2","2"
"服礼节待遇","0","2","2"
"李存璋等人","0","2","2"
"军埋伏在三","0","2","2"
"埋伏在三垂","0","2","2"
"伏在三垂岗","0","2","2"
"在三垂岗下","0","2","2"
"的五万军队","0","2","2"
"周德威与梁","0","2","2"
"周德威回师","0","2","2"
"梁太祖派大","0","2","2"
"太祖派大将","0","2","2"
"想兼并镇州","0","2","2"
"在柏乡扎营","0","2","2"
"进军到离柏","0","2","2"
"军到离柏乡","0","2","2"
"精锐骑兵挑","0","2","2"
"锐骑兵挑战","0","2","2"
"军闭城不出","0","2","2"
"离柏乡五里","0","2","2"
"梁将韩京力","0","2","2"
"庄宗的游击","0","2","2"
"天祐八年一","0","2","2"
"祐八年一月","0","2","2"
"八年一月二","0","2","2"
"年一月二日","0","2","2"
"骑兵到柏乡","0","2","2"
"兵到柏乡挑","0","2","2"
"到柏乡挑战","0","2","2"
"之间设下埋","0","2","2"
"间设下埋伏","0","2","2"
"时庄宗军队","0","2","2"
"定州的部队","0","2","2"
"庄宗军队一","0","2","2"
"丢弃兵甲的","0","2","2"
"弃兵甲的声","0","2","2"
"兵甲的声音","0","2","2"
"庄宗下令在","0","2","2"
"听说庄宗到","0","2","2"
"说庄宗到了","0","2","2"
"周德威从临","0","2","2"
"德威从临清","0","2","2"
"庄宗下令回","0","2","2"
"宗下令回师","0","2","2"
"刘守光为尚","0","2","2"
"庄宗与王在","0","2","2"
"从晋阳出发","0","2","2"
"到幽州讨伐","0","2","2"
"幽州讨伐刘","0","2","2"
"州讨伐刘守","0","2","2"
"州的部队进","0","2","2"
"此时李存审","0","2","2"
"存审与史建","0","2","2"
"审与史建瑭","0","2","2"
"百骑兵奔赴","0","2","2"
"砍断他们的","0","2","2"
"周德威派李","0","2","2"
"将单廷王圭","0","2","2"
"威从涿州进","0","2","2"
"从涿州进军","0","2","2"
"涿州进军到","0","2","2"
"庄宗命李存","0","2","2"
"宗命李存审","0","2","2"
"朱友谦在猗","0","2","2"
"友谦在猗氏","0","2","2"
"派使者求和","0","2","2"
"被他的将军","0","2","2"
"在汴州即位","0","2","2"
"高行王圭派","0","2","2"
"此时刘守光","0","2","2"
"全族来投奔","0","2","2"
"向周德威哀","0","2","2"
"周德威哀求","0","2","2"
"此时庄宗的","0","2","2"
"五百骑兵进","0","2","2"
"向梁朝投降","0","2","2"
"一千骑兵到","0","2","2"
"庄宗军队的","0","2","2"
"李小喜来投","0","2","2"
"下令各军天","0","2","2"
"令各军天亮","0","2","2"
"各军天亮攻","0","2","2"
"军天亮攻城","0","2","2"
"庄宗登上燕","0","2","2"
"州王处直派","0","2","2"
"刘仁恭父子","0","2","2"
"庄宗从镇州","0","2","2"
"诛杀刘守光","0","2","2"
"刘仁恭到代","0","2","2"
"仁恭到代州","0","2","2"
"刘仁恭心血","0","2","2"
"派使者推举","0","2","2"
"将杨师厚在","0","2","2"
"杨师厚在魏","0","2","2"
"师厚在魏州","0","2","2"
"个月二十九","0","2","2"
"庄宗从晋阳","0","2","2"
"抢夺他们的","0","2","2"
"一同作恶的","0","2","2"
"请庄宗兼管","0","2","2"
"为德州刺史","0","2","2"
"把庄宗围了","0","2","2"
"刘寻阝在洹","0","2","2"
"寻阝在洹水","0","2","2"
"军中来的人","0","2","2"
"中来的人说","0","2","2"
"说刘寻阝军","0","2","2"
"刘寻阝军在","0","2","2"
"在莘县西边","0","2","2"
"莘县西边三","0","2","2"
"县西边三十","0","2","2"
"西边三十里","0","2","2"
"边三十里处","0","2","2"
"三十里处扎","0","2","2"
"十里处扎营","0","2","2"
"庄宗派李存","0","2","2"
"宗派李存审","0","2","2"
"派李存审率","0","2","2"
"挖战壕包围","0","2","2"
"刘寻阝的军","0","2","2"
"阝从莘县带","0","2","2"
"突然见到庄","0","2","2"
"然见到庄宗","0","2","2"
"一千骑兵突","0","2","2"
"毛璋献城投","0","2","2"
"璋献城投降","0","2","2"
"这个月十五","0","2","2"
"个月十五日","0","2","2"
"契丹王阿保","0","2","2"
"丹王阿保机","0","2","2"
"周德威派人","0","2","2"
"千精锐骑兵","0","2","2"
"羊马不可计","0","2","2"
"马不可计数","0","2","2"
"源为检校太","0","2","2"
"庄宗率军队","0","2","2"
"六月二十一","0","2","2"
"溥派使者来","0","2","2"
"准备讨伐梁","0","2","2"
"精兵埋伏在","0","2","2"
"宗与李存审","0","2","2"
"庄宗率中军","0","2","2"
"都将王建及","0","2","2"
"庄宗的士兵","0","2","2"
"存审在德胜","0","2","2"
"管幽州军府","0","2","2"
"从黎阳渡黄","0","2","2"
"黎阳渡黄河","0","2","2"
"庄宗请求符","0","2","2"
"宗请求符节","0","2","2"
"刺史王建及","0","2","2"
"追杀二千多","0","2","2"
"杀二千多人","0","2","2"
"派使者送信","0","2","2"
"庄宗继承唐","0","2","2"
"宗继承唐朝","0","2","2"
"继承唐朝帝","0","2","2"
"承唐朝帝位","0","2","2"
"主帅王钅容","0","2","2"
"庄宗不得已","0","2","2"
"到镇州讨伐","0","2","2"
"镇州讨伐张","0","2","2"
"州讨伐张文","0","2","2"
"因而派使者","0","2","2"
"而派使者告","0","2","2"
"符习等人率","0","2","2"
"军到镇州城","0","2","2"
"儿子张处瑾","0","2","2"
"梁军更加惊","0","2","2"
"军更加惊恐","0","2","2"
"庄宗到镇州","0","2","2"
"此时庄宗军","0","2","2"
"王都派使者","0","2","2"
"李嗣源带兵","0","2","2"
"契丹一万多","0","2","2"
"丹一万多骑","0","2","2"
"阿保机的儿","0","2","2"
"保机的儿子","0","2","2"
"李嗣昭被流","0","2","2"
"嗣昭被流矢","0","2","2"
"昭被流矢射","0","2","2"
"为卫州刺史","0","2","2"
"被梁军袭击","0","2","2"
"戴思远又攻","0","2","2"
"李存审为北","0","2","2"
"存审为北面","0","2","2"
"审为北面招","0","2","2"
"赵将李再丰","0","2","2"
"将李再丰的","0","2","2"
"李再丰的儿","0","2","2"
"再丰的儿子","0","2","2"
"丰的儿子李","0","2","2"
"的儿子李冲","0","2","2"
"天亮时全部","0","2","2"
"亮时全部进","0","2","2"
"挖出张文礼","0","2","2"
"出张文礼的","0","2","2"
"张文礼的尸","0","2","2"
"文礼的尸体","0","2","2"
"判官卢质为","0","2","2"
"李继韬叛变","0","2","2"
"与梁朝结交","0","2","2"
"十五日黎明","0","2","2"
"无论罪行轻","0","2","2"
"论罪行轻重","0","2","2"
"在八十岁以","0","2","2"
"八十岁以上","0","2","2"
"应令有关官","0","2","2"
"庄宗在柏乡","0","2","2"
"李绍宏为宣","0","2","2"
"绍宏为宣徽","0","2","2"
"宏为宣徽使","0","2","2"
"从早上到中","0","2","2"
"早上到中午","0","2","2"
"庄宗从杨刘","0","2","2"
"兵在王村扎","0","2","2"
"使康延孝带","0","2","2"
"都是有名的","0","2","2"
"领五千铁骑","0","2","2"
"天下大事就","0","2","2"
"庄宗深为忧","0","2","2"
"宗深为忧虑","0","2","2"
"正合我的心","0","2","2"
"合我的心意","0","2","2"
"李嗣源派骑","0","2","2"
"嗣源派骑兵","0","2","2"
"锐骑兵出击","0","2","2"
"大军从杨刘","0","2","2"
"军从杨刘渡","0","2","2"
"从杨刘渡黄","0","2","2"
"杨刘渡黄河","0","2","2"
"大军驻在黄","0","2","2"
"军驻在黄河","0","2","2"
"驻在黄河边","0","2","2"
"文武官员在","0","2","2"
"庄宗下诏各","0","2","2"
"郑珏等十一","0","2","2"
"珏等十一人","0","2","2"
"虽然博学多","0","2","2"
"应体会我的","0","2","2"
"会我的心意","0","2","2"
"不知他们所","0","2","2"
"契丹撒剌阿","0","2","2"
"丹撒剌阿拨","0","2","2"
"却有愧于薄","0","2","2"
"有愧于薄德","0","2","2"
"像毒蛇一样","0","2","2"
"一般流放的","0","2","2"
"被囚禁的犯","0","2","2"
"年十二月以","0","2","2"
"十二月以前","0","2","2"
"郭崇韬报告","0","2","2"
"在崇元殿宴","0","2","2"
"崇元殿宴请","0","2","2"
"都是我以前","0","2","2"
"是我以前的","0","2","2"
"我以前的劲","0","2","2"
"以前的劲敌","0","2","2"
"当前锋的功","0","2","2"
"庄宗的骑将","0","2","2"
"带七百骑兵","0","2","2"
"七百骑兵投","0","2","2"
"任贝州刺史","0","2","2"
"西平王朱友","0","2","2"
"平王朱友谦","0","2","2"
"令皇子李继","0","2","2"
"李继岌把他","0","2","2"
"继岌把他当","0","2","2"
"州节度使职","0","2","2"
"庄宗不接受","0","2","2"
"宗不接受朝","0","2","2"
"不接受朝贺","0","2","2"
"为均州司马","0","2","2"
"诏令在本月","0","2","2"
"在本月二十","0","2","2"
"王金朴英派","0","2","2"
"金朴英派使","0","2","2"
"朴英派使者","0","2","2"
"下诏释放他","0","2","2"
"溥派使者庆","0","2","2"
"派使者庆贺","0","2","2"
"一起派使者","0","2","2"
"有关官员进","0","2","2"
"文皇帝配享","0","2","2"
"二年一月一","0","2","2"
"已故宣武军","0","2","2"
"朝内各部门","0","2","2"
"诏令李嗣源","0","2","2"
"亲自到怀州","0","2","2"
"皇弟李存纪","0","2","2"
"弟李存纪为","0","2","2"
"令所在官府","0","2","2"
"官干预朝政","0","2","2"
"从这里开始","0","2","2"
"相豆卢革率","0","2","2"
"昭文睿武至","0","2","2"
"文睿武至德","0","2","2"
"睿武至德光","0","2","2"
"武至德光孝","0","2","2"
"至德光孝皇","0","2","2"
"了三次表章","0","2","2"
"巡幸左龙武","0","2","2"
"为郑州防御","0","2","2"
"郭崇韬再次","0","2","2"
"崇韬再次上","0","2","2"
"李嗣源率领","0","2","2"
"幽州报告说","0","2","2"
"州报告说契","0","2","2"
"报告说契丹","0","2","2"
"契丹侵犯新","0","2","2"
"禁止使用铅","0","2","2"
"祖陵请称作","0","2","2"
"册封魏国夫","0","2","2"
"李绍真为副","0","2","2"
"召见郭崇韬","0","2","2"
"郭崇韬对他","0","2","2"
"崇韬对他说","0","2","2"
"临郭崇韬府","0","2","2"
"郭崇韬府第","0","2","2"
"任沧州节度","0","2","2"
"书侍郎兼吏","0","2","2"
"侍郎兼吏部","0","2","2"
"郎兼吏部尚","0","2","2"
"王张全义的","0","2","2"
"封回鹘可汗","0","2","2"
"回鹘可汗仁","0","2","2"
"鹘可汗仁美","0","2","2"
"宰臣代理太","0","2","2"
"臣代理太尉","0","2","2"
"代理太尉行","0","2","2"
"理太尉行事","0","2","2"
"州为其属郡","0","2","2"
"为魏国夫人","0","2","2"
"在西北郊打","0","2","2"
"西北郊打猎","0","2","2"
"从契丹回来","0","2","2"
"此时皇太后","0","2","2"
"刺史钱元馞","0","2","2"
"史钱元馞为","0","2","2"
"钱元馞为检","0","2","2"
"元馞为检校","0","2","2"
"馞为检校太","0","2","2"
"时主管国事","0","2","2"
"下诏释放了","0","2","2"
"诏释放了他","0","2","2"
"数以万计的","0","2","2"
"李绍荣的府","0","2","2"
"绍荣的府第","0","2","2"
"命学士起草","0","2","2"
"到龙门佛寺","0","2","2"
"寺祈求降雪","0","2","2"
"任河南尹张","0","2","2"
"张全义为洛","0","2","2"
"全义为洛京","0","2","2"
"义为洛京留","0","2","2"
"为洛京留守","0","2","2"
"阳旁边有背","0","2","2"
"旁边有背气","0","2","2"
"御驾从京师","0","2","2"
"李嗣源为镇","0","2","2"
"使李嗣源为","0","2","2"
"为镇州节度","0","2","2"
"到近郊射雁","0","2","2"
"使郭崇韬为","0","2","2"
"枚上的文字","0","2","2"
"上的文字是","0","2","2"
"魏州为东京","0","2","2"
"诏令翰林学","0","2","2"
"庄宗与皇后","0","2","2"
"官上表章请","0","2","2"
"有关部门修","0","2","2"
"此时郭崇韬","0","2","2"
"认为不可以","0","2","2"
"任刑部尚书","0","2","2"
"在长寿宫去","0","2","2"
"长寿宫去世","0","2","2"
"百官在长寿","0","2","2"
"官在长寿宫","0","2","2"
"上表章请庄","0","2","2"
"表章请庄宗","0","2","2"
"章请庄宗听","0","2","2"
"请庄宗听政","0","2","2"
"停止上朝七","0","2","2"
"止上朝七天","0","2","2"
"冲坏天津桥","0","2","2"
"恢复正常饮","0","2","2"
"复正常饮食","0","2","2"
"诏令有关官","0","2","2"
"是吴越国王","0","2","2"
"省使李严出","0","2","2"
"使李严出使","0","2","2"
"礼仪使上奏","0","2","2"
"皇太后谥号","0","2","2"
"太常卿签署","0","2","2"
"常卿签署定","0","2","2"
"卿签署定下","0","2","2"
"签署定下后","0","2","2"
"事李继岌为","0","2","2"
"王李继岌任","0","2","2"
"任荆南节度","0","2","2"
"为行营招讨","0","2","2"
"使李绍琛为","0","2","2"
"为西川管内","0","2","2"
"度使毛璋为","0","2","2"
"使毛璋为行","0","2","2"
"璋为行营左","0","2","2"
"为行营左厢","0","2","2"
"董璋为行营","0","2","2"
"王李继岌为","0","2","2"
"为中军马步","0","2","2"
"步都虞候兼","0","2","2"
"兼马步军都","0","2","2"
"为中军左厢","0","2","2"
"为中军右厢","0","2","2"
"又攻下三泉","0","2","2"
"万步兵骑兵","0","2","2"
"在三泉迎战","0","2","2"
"断绝吉柏津","0","2","2"
"简皇太后的","0","2","2"
"请庄宗不要","0","2","2"
"庄宗到寿安","0","2","2"
"吉柏津浮桥","0","2","2"
"高丽国派使","0","2","2"
"丽国派使者","0","2","2"
"神主放进太","0","2","2"
"主放进太庙","0","2","2"
"王衍派使者","0","2","2"
"度使李存繧","0","2","2"
"有才能的人","0","2","2"
"在上东门外","0","2","2"
"可以使用的","0","2","2"
"任西川节度","0","2","2"
"其余的一并","0","2","2"
"从本月三日","0","2","2"
"遭受水灾的","0","2","2"
"上了三次奏","0","2","2"
"庄宗才答应","0","2","2"
"使者进贡良","0","2","2"
"者进贡良马","0","2","2"
"令朱守殷用","0","2","2"
"朱守殷用兵","0","2","2"
"守殷用兵包","0","2","2"
"殷用兵包围","0","2","2"
"不知道这些","0","2","2"
"各军大肆抢","0","2","2"
"军大肆抢掠","0","2","2"
"元行钦率领","0","2","2"
"李继岌报告","0","2","2"
"临时掌管军","0","2","2"
"李继岌的军","0","2","2"
"继岌的军队","0","2","2"
"一定能平定","0","2","2"
"庄宗于是命","0","2","2"
"到邺都城下","0","2","2"
"皇甫晖等人","0","2","2"
"庄宗派李嗣","0","2","2"
"被元行钦抓","0","2","2"
"贿赂刘皇后","0","2","2"
"才答应他的","0","2","2"
"节度使孔京","0","2","2"
"度使孔京力","0","2","2"
"豆卢革等人","0","2","2"
"等人惶恐而","0","2","2"
"人惶恐而退","0","2","2"
"将从京师出","0","2","2"
"官向延嗣骑","0","2","2"
"向延嗣骑马","0","2","2"
"率领骑兵沿","0","2","2"
"储积的粮食","0","2","2"
"各位将军说","0","2","2"
"永王李存霸","0","2","2"
"为北都留守","0","2","2"
"听说有变乱","0","2","2"
"收养为自己","0","2","2"
"养为自己的","0","2","2"
"为自己的儿","0","2","2"
"随从作战有","0","2","2"
"从作战有功","0","2","2"
"十几名骑兵","0","2","2"
"精锐骑兵跟","0","2","2"
"复兴唐朝社","0","2","2"
"兴唐朝社稷","0","2","2"
"时有一个叫","0","2","2"
"末帝镇守河","0","2","2"
"帝镇守河中","0","2","2"
"关闭城门拒","0","2","2"
"闭城门拒绝","0","2","2"
"安重诲获罪","0","2","2"
"授予左卫大","0","2","2"
"予左卫大将","0","2","2"
"处理各类事","0","2","2"
"全都委托给","0","2","2"
"集合在一起","0","2","2"
"我有什么罪","0","2","2"
"民家财犒赏","0","2","2"
"家财犒赏军","0","2","2"
"下令杀掉他","0","2","2"
"刺史王弘贽","0","2","2"
"长子潞王李","0","2","2"
"子潞王李从","0","2","2"
"潞王李从珂","0","2","2"
"在宫门等待","0","2","2"
"太后下令说","0","2","2"
"末帝在凤翔","0","2","2"
"帝即位以后","0","2","2"
"敢违抗我的","0","2","2"
"末帝召见他","0","2","2"
"武百官穿上","0","2","2"
"为宣徽南院","0","2","2"
"为左谏议大","0","2","2"
"前州节度使","0","2","2"
"没什么妨碍","0","2","2"
"后交付史馆","0","2","2"
"学士韩昭裔","0","2","2"
"为右散骑常","0","2","2"
"在太庙供奉","0","2","2"
"附祭于太庙","0","2","2"
"使安从进为","0","2","2"
"使相里金为","0","2","2"
"孟知祥出兵","0","2","2"
"已故皇子亳","0","2","2"
"于大唐皇帝","0","2","2"
"卢文纪为中","0","2","2"
"文纪为中书","0","2","2"
"纪为中书侍","0","2","2"
"次上表章请","0","2","2"
"三十卷献上","0","2","2"
"孟知祥去世","0","2","2"
"任前邢州节","0","2","2"
"文武百官的","0","2","2"
"奉命出使的","0","2","2"
"官员上奏说","0","2","2"
"一月二十三","0","2","2"
"下诏令河东","0","2","2"
"在代州驻扎","0","2","2"
"为尚书右丞","0","2","2"
"兵讨伐蜀国","0","2","2"
"书门下奏道","0","2","2"
"御史台上奏","0","2","2"
"以有这次处","0","2","2"
"有这次处分","0","2","2"
"算命的人说","0","2","2"
"到登皇帝位","0","2","2"
"兖王李从温","0","2","2"
"每想到这里","0","2","2"
"不能承担重","0","2","2"
"能承担重任","0","2","2"
"正直的建议","0","2","2"
"一个史在德","0","2","2"
"个史在德不","0","2","2"
"史在德不算","0","2","2"
"被监禁的囚","0","2","2"
"去世停止上","0","2","2"
"世停止上朝","0","2","2"
"以北各州被","0","2","2"
"为右龙武统","0","2","2"
"度使沙彦王","0","2","2"
"使沙彦王旬","0","2","2"
"沙彦王旬为","0","2","2"
"为右神武统","0","2","2"
"石敬瑭报告","0","2","2"
"当时石敬瑭","0","2","2"
"末帝下诏说","0","2","2"
"军王景戡为","0","2","2"
"王景戡为左","0","2","2"
"为左卫上将","0","2","2"
"任右神武统","0","2","2"
"为右卫上将","0","2","2"
"任西上阁门","0","2","2"
"监兼通事舍","0","2","2"
"任氵名州团","0","2","2"
"为左神武统","0","2","2"
"任忠正军节","0","2","2"
"宋审虔为河","0","2","2"
"和以前一样","0","2","2"
"任宣徽南院","0","2","2"
"兼枢密副使","0","2","2"
"将军李顷为","0","2","2"
"领军上将军","0","2","2"
"为晋州节度","0","2","2"
"这是听从湖","0","2","2"
"是听从湖南","0","2","2"
"听从湖南的","0","2","2"
"从湖南的请","0","2","2"
"湖南的请求","0","2","2"
"为端明殿学","0","2","2"
"任六军诸卫","0","2","2"
"为枢密院直","0","2","2"
"加授检校司","0","2","2"
"三月十二日","0","2","2"
"十四日去世","0","2","2"
"任太子詹事","0","2","2"
"军蕃汉马军","0","2","2"
"尉石敬瑭为","0","2","2"
"任前晋州节","0","2","2"
"军步军都部","0","2","2"
"都虞候一职","0","2","2"
"这件事于是","0","2","2"
"王李从益是","0","2","2"
"张令昭驱逐","0","2","2"
"使边仁嗣以","0","2","2"
"边仁嗣以下","0","2","2"
"仁嗣以下官","0","2","2"
"嗣以下官员","0","2","2"
"被削夺官爵","0","2","2"
"范延光为天","0","2","2"
"延光为天雄","0","2","2"
"光为天雄军","0","2","2"
"为天雄军四","0","2","2"
"留守李周为","0","2","2"
"是石敬瑭的","0","2","2"
"任前彰武军","0","2","2"
"使高行周为","0","2","2"
"沙彦王旬报","0","2","2"
"彦王旬报告","0","2","2"
"契丹派使者","0","2","2"
"任振武军节","0","2","2"
"主亲自率领","0","2","2"
"亲自率领部","0","2","2"
"符彦卿率领","0","2","2"
"收集余下众","0","2","2"
"集余下众兵","0","2","2"
"派侍卫步军","0","2","2"
"令范延光率","0","2","2"
"彗星出现在","0","2","2"
"出一人当兵","0","2","2"
"赵德钧报告","0","2","2"
"这时赵德钧","0","2","2"
"当时契丹人","0","2","2"
"契丹人包围","0","2","2"
"丹人包围晋","0","2","2"
"为父子之国","0","2","2"
"和各位将军","0","2","2"
"唐军被契丹","0","2","2"
"率一千多骑","0","2","2"
"此时各位将","0","2","2"
"时各位将军","0","2","2"
"第二年三月","0","2","2"
"庄宗的母亲","0","2","2"
"的人都称赞","0","2","2"
"李存颢阴谋","0","2","2"
"庄宗对他说","0","2","2"
"庄宗亲自到","0","2","2"
"有什么要求","0","2","2"
"对监军张承","0","2","2"
"灭亡的日子","0","2","2"
"亡的日子就","0","2","2"
"是进谗言的","0","2","2"
"还有什么话","0","2","2"
"宗在魏州即","0","2","2"
"以镇州为北","0","2","2"
"镇州为北都","0","2","2"
"回师到渭南","0","2","2"
"兼河东节度","0","2","2"
"说这话的人","0","2","2"
"准备杀掉他","0","2","2"
"对身边的人","0","2","2"
"奏请刑部侍","0","2","2"
"任曹州节度","0","2","2"
"任命的汴州","0","2","2"
"命的汴州节","0","2","2"
"的汴州节度","0","2","2"
"都被赐死在","0","2","2"
"命令李嗣昭","0","2","2"
"暂时掌管河","0","2","2"
"时掌管河中","0","2","2"
"听说李嗣昭","0","2","2"
"汴人进攻沧","0","2","2"
"人进攻沧州","0","2","2"
"派李嗣昭出","0","2","2"
"李嗣昭军队","0","2","2"
"想不出计策","0","2","2"
"天子在凤翔","0","2","2"
"军队大为恐","0","2","2"
"队大为恐慌","0","2","2"
"造攻城器具","0","2","2"
"伐平定了他","0","2","2"
"一两年之内","0","2","2"
"登上无石山","0","2","2"
"的生灵百姓","0","2","2"
"将刘寻阝进","0","2","2"
"刘寻阝进攻","0","2","2"
"寻阝进攻同","0","2","2"
"阝进攻同州","0","2","2"
"到镇州征讨","0","2","2"
"镇州征讨张","0","2","2"
"州征讨张文","0","2","2"
"被敌人骑兵","0","2","2"
"带三百骑兵","0","2","2"
"庄宗即皇帝","0","2","2"
"追赠他为太","0","2","2"
"在服丧期间","0","2","2"
"对李继韬说","0","2","2"
"带一百多骑","0","2","2"
"送到汴州做","0","2","2"
"到庄宗平定","0","2","2"
"对国家有大","0","2","2"
"国家有大功","0","2","2"
"厚礼贿赂宦","0","2","2"
"礼贿赂宦官","0","2","2"
"常在庄宗跟","0","2","2"
"带领几百骑","0","2","2"
"驱逐黄巢军","0","2","2"
"逐黄巢军队","0","2","2"
"杀死自己的","0","2","2"
"李罕之向武","0","2","2"
"罕之向武皇","0","2","2"
"带着军队前","0","2","2"
"兆尹孙揆为","0","2","2"
"李存孝收复","0","2","2"
"部消灭了他","0","2","2"
"消灭了他们","0","2","2"
"行恭弃城逃","0","2","2"
"安知建叛变","0","2","2"
"命令李存孝","0","2","2"
"李存孝平定","0","2","2"
"存孝平定邢","0","2","2"
"孝平定邢州","0","2","2"
"存信与李存","0","2","2"
"信与李存孝","0","2","2"
"与李存孝不","0","2","2"
"李存孝不和","0","2","2"
"以前俘获的","0","2","2"
"秘密派人对","0","2","2"
"过了十几天","0","2","2"
"没有大的过","0","2","2"
"有大的过错","0","2","2"
"李存孝死后","0","2","2"
"对各位将军","0","2","2"
"有窥视图谋","0","2","2"
"匡俦夺取了","0","2","2"
"俦夺取了他","0","2","2"
"王镕派使者","0","2","2"
"有辩论口才","0","2","2"
"王镕的儿子","0","2","2"
"镕的儿子王","0","2","2"
"女儿嫁给王","0","2","2"
"者向庄宗告","0","2","2"
"儿子王昭诲","0","2","2"
"求长生之术","0","2","2"
"到王镕跟前","0","2","2"
"以前的部下","0","2","2"
"周显德年间","0","2","2"
"在黄河以南","0","2","2"
"唐僖宗文德","0","2","2"
"兼南面招讨","0","2","2"
"康君立讨伐","0","2","2"
"讨伐平定他","0","2","2"
"下诏追赠为","0","2","2"
"在武皇手下","0","2","2"
"木过把他打","0","2","2"
"过把他打下","0","2","2"
"把他打下马","0","2","2"
"因此而知名","0","2","2"
"各军还没集","0","2","2"
"军还没集合","0","2","2"
"周德威和李","0","2","2"
"德威和李嗣","0","2","2"
"威和李嗣昭","0","2","2"
"以军功升任","0","2","2"
"军功升任检","0","2","2"
"梁军占据深","0","2","2"
"害怕得变了","0","2","2"
"怕得变了脸","0","2","2"
"得变了脸色","0","2","2"
"定州的士兵","0","2","2"
"周德威担心","0","2","2"
"军张承业说","0","2","2"
"带全部人马","0","2","2"
"周德威的军","0","2","2"
"德威的军队","0","2","2"
"刘寻阝从洹","0","2","2"
"寻阝从洹水","0","2","2"
"前往依附他","0","2","2"
"梁太祖进攻","0","2","2"
"派符存审率","0","2","2"
"阝在莘县扎","0","2","2"
"在莘县扎营","0","2","2"
"定州的军队","0","2","2"
"授予符存审","0","2","2"
"加封平章事","0","2","2"
"诏令符存审","0","2","2"
"以本官兼任","0","2","2"
"幽州卢龙军","0","2","2"
"州卢龙军节","0","2","2"
"卢龙军节度","0","2","2"
"坚决要求进","0","2","2"
"在自己上面","0","2","2"
"为宣武军节","0","2","2"
"年六十三岁","0","2","2"
"符存审少年","0","2","2"
"存审少年时","0","2","2"
"几个儿子说","0","2","2"
"孟知祥为太","0","2","2"
"知祥为太原","0","2","2"
"郭崇韬专管","0","2","2"
"随从庄宗到","0","2","2"
"想不出主意","0","2","2"
"怎么能保住","0","2","2"
"这是为什么","0","2","2"
"洛平定之后","0","2","2"
"为各道兵马","0","2","2"
"郭崇韬认为","0","2","2"
"任郭崇韬为","0","2","2"
"郭崇韬为招","0","2","2"
"崇韬为招讨","0","2","2"
"韬为招讨使","0","2","2"
"李继岌没有","0","2","2"
"向延嗣带诏","0","2","2"
"延嗣带诏书","0","2","2"
"到郊外迎接","0","2","2"
"令给李继岌","0","2","2"
"从成都出发","0","2","2"
"时掌管留守","0","2","2"
"掌管留守事","0","2","2"
"李从袭等人","0","2","2"
"郭崇韬进来","0","2","2"
"豆卢革对郭","0","2","2"
"卢革对郭崇","0","2","2"
"革对郭崇韬","0","2","2"
"对李继岌说","0","2","2"
"历任台省官","0","2","2"
"在朝廷内外","0","2","2"
"任尚书左丞","0","2","2"
"任吏部侍郎","0","2","2"
"他就是这样","0","2","2"
"任礼部尚书","0","2","2"
"在广明年间","0","2","2"
"宗进入汴京","0","2","2"
"以前的事不","0","2","2"
"也是什一税","0","2","2"
"忠诚正直的","0","2","2"
"任命李琪为","0","2","2"
"任他为宰相","0","2","2"
"因为这件事","0","2","2"
"跟随明宗在","0","2","2"
"被敌人乘势","0","2","2"
"而自己溃散","0","2","2"
"任右谏议大","0","2","2"
"建立国家的","0","2","2"
"可以图取的","0","2","2"
"地对敬翔说","0","2","2"
"以文章出名","0","2","2"
"切齿痛恨他","0","2","2"
"任左卫大将","0","2","2"
"特别喜爱他","0","2","2"
"是我的故人","0","2","2"
"任团练防御","0","2","2"
"一千多人带","0","2","2"
"这一年八月","0","2","2"
"便以李存审","0","2","2"
"以李存审为","0","2","2"
"待他很优厚","0","2","2"
"军步军都虞","0","2","2"
"有军机大事","0","2","2"
"董璋的儿子","0","2","2"
"儿子董光业","0","2","2"
"祭天典礼结","0","2","2"
"天典礼结束","0","2","2"
"典礼结束后","0","2","2"
"李仁矩镇守","0","2","2"
"仁矩镇守阆","0","2","2"
"矩镇守阆州","0","2","2"
"为东川行营","0","2","2"
"运输跟不上","0","2","2"
"张全义为河","0","2","2"
"全义为河南","0","2","2"
"义为河南尹","0","2","2"
"这时李罕之","0","2","2"
"张全义为守","0","2","2"
"全义为守太","0","2","2"
"义为守太尉","0","2","2"
"张全义知道","0","2","2"
"庄宗安慰他","0","2","2"
"第二年二月","0","2","2"
"时赵在礼占","0","2","2"
"礼占据魏州","0","2","2"
"被众多小人","0","2","2"
"年七十五岁","0","2","2"
"庄宗到洛阳","0","2","2"
"张全义上奏","0","2","2"
"拜张全义为","0","2","2"
"渐升到军校","0","2","2"
"昭宗光化元","0","2","2"
"宗光化元年","0","2","2"
"任陕州留后","0","2","2"
"梁太祖建国","0","2","2"
"朱友谦为守","0","2","2"
"友谦为守太","0","2","2"
"唐庄宗消灭","0","2","2"
"庄宗消灭梁","0","2","2"
"宗消灭梁朝","0","2","2"
"加食邑到一","0","2","2"
"食邑到一万","0","2","2"
"势力更加强","0","2","2"
"州杀死朱令","0","2","2"
"的妻子张氏","0","2","2"
"庄宗下诏释","0","2","2"
"宗下诏释放","0","2","2"
"霍彦威为副","0","2","2"
"彦威为副使","0","2","2"
"明宗被乱军","0","2","2"
"宗被乱军逼","0","2","2"
"接待很优厚","0","2","2"
"明宗到汴州","0","2","2"
"千多骑兵来","0","2","2"
"王晏球包围","0","2","2"
"晏球包围定","0","2","2"
"球包围定州","0","2","2"
"得到的俸禄","0","2","2"
"舆论认为他","0","2","2"
"加兼中书令","0","2","2"
"带银枪效节","0","2","2"
"十分危急了","0","2","2"
"得到的赏赐","0","2","2"
"能做到这样","0","2","2"
"接受朝廷旨","0","2","2"
"受朝廷旨令","0","2","2"
"不听从命令","0","2","2"
"派儿子到朝","0","2","2"
"儿子到朝廷","0","2","2"
"朝廷嘉奖他","0","2","2"
"没有显著的","0","2","2"
"的人报告说","0","2","2"
"安重诲在明","0","2","2"
"重诲在明宗","0","2","2"
"宗未登帝位","0","2","2"
"是奸人造谣","0","2","2"
"指挥使安从","0","2","2"
"挥使安从进","0","2","2"
"章请求解除","0","2","2"
"范延光为枢","0","2","2"
"延光为枢密","0","2","2"
"光为枢密使","0","2","2"
"能保全性命","0","2","2"
"安重诲害怕","0","2","2"
"任节度判官","0","2","2"
"韦说的儿子","0","2","2"
"李愚开始时","0","2","2"
"李振等人都","0","2","2"
"拜李愚为中","0","2","2"
"李愚为中书","0","2","2"
"为中书舍人","0","2","2"
"宰相刘日句","0","2","2"
"人在庄宗跟","0","2","2"
"上母亲去世","0","2","2"
"任圜为工部","0","2","2"
"圜为工部尚","0","2","2"
"工部尚书兼","0","2","2"
"部尚书兼真","0","2","2"
"尚书兼真定","0","2","2"
"书兼真定尹","0","2","2"
"兼北面水陆","0","2","2"
"李廷安召来","0","2","2"
"廷安召来任","0","2","2"
"安召来任圜","0","2","2"
"为招讨副使","0","2","2"
"和都指挥使","0","2","2"
"受安重诲的","0","2","2"
"在皇帝跟前","0","2","2"
"来不及回避","0","2","2"
"庄宗复兴唐","0","2","2"
"宗复兴唐朝","0","2","2"
"刘赞为巡官","0","2","2"
"改任秘书监","0","2","2"
"被贬的地方","0","2","2"
"任观察判官","0","2","2"
"事司空廷页","0","2","2"
"王正言代替","0","2","2"
"为节度判官","0","2","2"
"任租庸正使","0","2","2"
"了好长时间","0","2","2"
"是国家的根","0","2","2"
"论认为他不","0","2","2"
"王正言守礼","0","2","2"
"命令元行钦","0","2","2"
"明宗不得已","0","2","2"
"势非常危急","0","2","2"
"元行钦认出","0","2","2"
"至检校太傅","0","2","2"
"平定梁朝后","0","2","2"
"节度使丞相","0","2","2"
"邺都行营招","0","2","2"
"七百名骑兵","0","2","2"
"乌德儿等人","0","2","2"
"任磁州刺史","0","2","2"
"精通为官之","0","2","2"
"奉命出使到","0","2","2"
"蜀地平定后","0","2","2"
"写成一篇赋","0","2","2"
"武皇和庄宗","0","2","2"
"在庄宗幕下","0","2","2"
"请求回归故","0","2","2"
"州节度使时","0","2","2"
"过了一年多","0","2","2"
"明宗天成初","0","2","2"
"宗天成初年","0","2","2"
"给郭崇韬看","0","2","2"
"都出自他的","0","2","2"
"按朝廷法典","0","2","2"
"深深感激他","0","2","2"
"为本院巡官","0","2","2"
"张承业看重","0","2","2"
"善于给人看","0","2","2"
"于给人看相","0","2","2"
"冯生没有前","0","2","2"
"掌管文书的","0","2","2"
"黄裳司空的","0","2","2"
"周玄豹的话","0","2","2"
"张承业道歉","0","2","2"
"承业道歉说","0","2","2"
"坚决推辞不","0","2","2"
"点不可以的","0","2","2"
"明宗进入洛","0","2","2"
"宗进入洛阳","0","2","2"
"又以他儿子","0","2","2"
"占据州城归","0","2","2"
"据州城归顺","0","2","2"
"不接受诏命","0","2","2"
"后晋天福初","0","2","2"
"晋天福初年","0","2","2"
"张从宾在河","0","2","2"
"从宾在河阳","0","2","2"
"梁太祖渐渐","0","2","2"
"康延孝详细","0","2","2"
"延孝详细陈","0","2","2"
"孝详细陈述","0","2","2"
"都委托给他","0","2","2"
"判官张宪为","0","2","2"
"孔谦为租庸","0","2","2"
"谦为租庸使","0","2","2"
"平定蜀地之","0","2","2"
"为东川节度","0","2","2"
"有什么功劳","0","2","2"
"节度使朱令","0","2","2"
"度使朱令德","0","2","2"
"高祖的第四","0","2","2"
"祖的第四代","0","2","2"
"的第四代祖","0","2","2"
"服侍后唐武","0","2","2"
"侍后唐武皇","0","2","2"
"的第二个儿","0","2","2"
"日出生在太","0","2","2"
"生在太原汾","0","2","2"
"在太原汾阳","0","2","2"
"到长大成人","0","2","2"
"明宗跟随庄","0","2","2"
"宗跟随庄宗","0","2","2"
"把他当作心","0","2","2"
"他当作心腹","0","2","2"
"庄宗与后梁","0","2","2"
"宗与后梁军","0","2","2"
"将要逃跑了","0","2","2"
"祐十八年十","0","2","2"
"的中心地带","0","2","2"
"大家议论纷","0","2","2"
"家议论纷纷","0","2","2"
"如果一定要","0","2","2"
"明宗驾临汴","0","2","2"
"军马步军总","0","2","2"
"兼六军诸卫","0","2","2"
"的人非常多","0","2","2"
"国功臣名号","0","2","2"
"召集幕僚宾","0","2","2"
"集幕僚宾客","0","2","2"
"末帝清泰元","0","2","2"
"帝清泰元年","0","2","2"
"驻扎在忻州","0","2","2"
"派遣使者送","0","2","2"
"遣使者送来","0","2","2"
"朝廷以高祖","0","2","2"
"率领他的部","0","2","2"
"率领一支军","0","2","2"
"率领一千多","0","2","2"
"领一千多骑","0","2","2"
"抵挡飞箭流","0","2","2"
"挡飞箭流石","0","2","2"
"九月十五日","0","2","2"
"国主率领大","0","2","2"
"主率领大军","0","2","2"
"高祖与契丹","0","2","2"
"张敬达营寨","0","2","2"
"派心腹何福","0","2","2"
"契丹国主不","0","2","2"
"赵德钧率领","0","2","2"
"赵延寿军队","0","2","2"
"自己的衣冠","0","2","2"
"丹请求援救","0","2","2"
"不是我的意","0","2","2"
"达率领大军","0","2","2"
"敌人攻击的","0","2","2"
"过了很久才","0","2","2"
"献给契丹国","0","2","2"
"契丹国主答","0","2","2"
"京城及各州","0","2","2"
"结案判决的","0","2","2"
"的或还没有","0","2","2"
"罪行无论轻","0","2","2"
"行无论轻重","0","2","2"
"光远等人杀","0","2","2"
"率领各路军","0","2","2"
"领各路军队","0","2","2"
"祖歇息在以","0","2","2"
"歇息在以前","0","2","2"
"为平民百姓","0","2","2"
"后唐明宗朝","0","2","2"
"高祖在长春","0","2","2"
"祖在长春殿","0","2","2"
"在长春殿为","0","2","2"
"举行哀悼仪","0","2","2"
"行哀悼仪式","0","2","2"
"年春二月一","0","2","2"
"春二月一日","0","2","2"
"臣僚的朝贺","0","2","2"
"均被追封为","0","2","2"
"被追封为太","0","2","2"
"追封为太保","0","2","2"
"幽州为南京","0","2","2"
"丧期满后起","0","2","2"
"派精锐骑兵","0","2","2"
"凡在朝文武","0","2","2"
"朝文武百官","0","2","2"
"日是天和节","0","2","2"
"入阁行礼完","0","2","2"
"阁行礼完毕","0","2","2"
"照唐明宗朝","0","2","2"
"唐明宗朝代","0","2","2"
"王的礼仪安","0","2","2"
"皇上经过的","0","2","2"
"管辖的地界","0","2","2"
"帝王的陵墓","0","2","2"
"射刘日句等","0","2","2"
"刘日句等人","0","2","2"
"各道州府被","0","2","2"
"天福元年以","0","2","2"
"福元年以前","0","2","2"
"给予免除租","0","2","2"
"予免除租税","0","2","2"
"的子孙后代","0","2","2"
"仗侍卫依照","0","2","2"
"侍卫依照礼","0","2","2"
"卫依照礼制","0","2","2"
"依照礼制行","0","2","2"
"照礼制行事","0","2","2"
"有京都的称","0","2","2"
"京都的称号","0","2","2"
"太原建立了","0","2","2"
"在岐州建立","0","2","2"
"岐州建立了","0","2","2"
"现在进封为","0","2","2"
"高祖下令在","0","2","2"
"将制定的四","0","2","2"
"制定的四庙","0","2","2"
"号报告给皇","0","2","2"
"报告给皇上","0","2","2"
"范延光反叛","0","2","2"
"使李守贞到","0","2","2"
"护圣总指挥","0","2","2"
"圣总指挥使","0","2","2"
"总指挥使白","0","2","2"
"江水位上涨","0","2","2"
"奉国总指挥","0","2","2"
"国总指挥使","0","2","2"
"在治所杀害","0","2","2"
"千多骑兵奔","0","2","2"
"多骑兵奔赴","0","2","2"
"国史赵莹上","0","2","2"
"史赵莹上奏","0","2","2"
"派端明殿学","0","2","2"
"碰上张从宾","0","2","2"
"拘禁的囚犯","0","2","2"
"一并予以释","0","2","2"
"并予以释放","0","2","2"
"一切不予追","0","2","2"
"切不予追究","0","2","2"
"高祖又颁令","0","2","2"
"十一月七日","0","2","2"
"的潜龙宅改","0","2","2"
"王马希范增","0","2","2"
"马希范增加","0","2","2"
"希范增加食","0","2","2"
"范增加食邑","0","2","2"
"接受百官朝","0","2","2"
"受百官朝贺","0","2","2"
"二名不偏讳","0","2","2"
"高祖下诏褒","0","2","2"
"祖下诏褒奖","0","2","2"
"应暂停一年","0","2","2"
"承受天命继","0","2","2"
"受天命继承","0","2","2"
"天命继承帝","0","2","2"
"继承帝位的","0","2","2"
"右仆射刘日","0","2","2"
"射刘日句为","0","2","2"
"给事中卢重","0","2","2"
"叛逆的城池","0","2","2"
"在广政殿宴","0","2","2"
"广政殿宴请","0","2","2"
"光率领所部","0","2","2"
"赏给门戟十","0","2","2"
"杨仁美派遣","0","2","2"
"仁美派遣使","0","2","2"
"美派遣使臣","0","2","2"
"使臣进贡地","0","2","2"
"臣进贡地方","0","2","2"
"使王继恭派","0","2","2"
"是因为刚刚","0","2","2"
"高祖在休息","0","2","2"
"祖在休息宴","0","2","2"
"在休息宴游","0","2","2"
"休息宴游的","0","2","2"
"息宴游的别","0","2","2"
"宴游的别殿","0","2","2"
"物非常丰厚","0","2","2"
"是准允钱元","0","2","2"
"准允钱元馞","0","2","2"
"允钱元馞的","0","2","2"
"钱元馞的奏","0","2","2"
"元馞的奏请","0","2","2"
"设置节度观","0","2","2"
"二州作为附","0","2","2"
"州作为附属","0","2","2"
"作为附属郡","0","2","2"
"格为防御州","0","2","2"
"治所迁移到","0","2","2"
"守高行周为","0","2","2"
"未登基时住","0","2","2"
"登基时住过","0","2","2"
"基时住过的","0","2","2"
"时住过的旧","0","2","2"
"过的旧宅改","0","2","2"
"的旧宅改为","0","2","2"
"武统军李从","0","2","2"
"统军李从昶","0","2","2"
"官退隐的范","0","2","2"
"退隐的范延","0","2","2"
"隐的范延光","0","2","2"
"朝廷内外官","0","2","2"
"廷内外官员","0","2","2"
"使契丹回朝","0","2","2"
"殿宴请百官","0","2","2"
"汗杨仁美派","0","2","2"
"原右拾遗郑","0","2","2"
"道士罗隐之","0","2","2"
"废除枢密院","0","2","2"
"为天策上将","0","2","2"
"高祖在永福","0","2","2"
"祖在永福殿","0","2","2"
"福殿宴请文","0","2","2"
"殿宴请文武","0","2","2"
"管辖范围内","0","2","2"
"按照法律条","0","2","2"
"照法律条款","0","2","2"
"法律条款定","0","2","2"
"律条款定罪","0","2","2"
"不得没收缴","0","2","2"
"得没收缴纳","0","2","2"
"文武百官不","0","2","2"
"武百官不入","0","2","2"
"百官不入阁","0","2","2"
"官不入阁朝","0","2","2"
"不入阁朝拜","0","2","2"
"发做了尼姑","0","2","2"
"使杨彦询出","0","2","2"
"杨彦询出使","0","2","2"
"彦询出使契","0","2","2"
"询出使契丹","0","2","2"
"王石重贵加","0","2","2"
"国公爵位的","0","2","2"
"平定了叛乱","0","2","2"
"曹义金去世","0","2","2"
"儿子曹元德","0","2","2"
"把中书门下","0","2","2"
"定为清望正","0","2","2"
"后唐明宗天","0","2","2"
"唐明宗天成","0","2","2"
"原鹿阝州节","0","2","2"
"鹿阝州节度","0","2","2"
"使李守贞为","0","2","2"
"又派供奉官","0","2","2"
"册赠为尚书","0","2","2"
"监辞官退隐","0","2","2"
"的官职爵位","0","2","2"
"并斩杀了他","0","2","2"
"州王延羲派","0","2","2"
"封为闽国王","0","2","2"
"他们回到原","0","2","2"
"送他们回去","0","2","2"
"她是高祖的","0","2","2"
"的夏秋两季","0","2","2"
"夏秋两季的","0","2","2"
"两季的租税","0","2","2"
"上呈给高祖","0","2","2"
"使臣前来朝","0","2","2"
"臣前来朝拜","0","2","2"
"前来朝拜进","0","2","2"
"来朝拜进贡","0","2","2"
"以太子少傅","0","2","2"
"太子少傅辞","0","2","2"
"子少傅辞官","0","2","2"
"少傅辞官退","0","2","2"
"傅辞官退隐","0","2","2"
"官退隐的王","0","2","2"
"南院使张从","0","2","2"
"院使张从恩","0","2","2"
"面军前方上","0","2","2"
"军前方上奏","0","2","2"
"任命侍卫亲","0","2","2"
"命侍卫亲军","0","2","2"
"杜重威为北","0","2","2"
"重威为北面","0","2","2"
"威为北面行","0","2","2"
"任命原贝州","0","2","2"
"命原贝州节","0","2","2"
"原贝州节度","0","2","2"
"度使王周为","0","2","2"
"王周为马步","0","2","2"
"周为马步军","0","2","2"
"谥号为文穆","0","2","2"
"都指挥使以","0","2","2"
"本月十三日","0","2","2"
"以临时掌管","0","2","2"
"丧期满后担","0","2","2"
"期满后担任","0","2","2"
"高祖驾临乾","0","2","2"
"祖驾临乾明","0","2","2"
"追封为广王","0","2","2"
"追封为寿王","0","2","2"
"追封为沂王","0","2","2"
"桑维翰加封","0","2","2"
"维翰加封检","0","2","2"
"翰加封检校","0","2","2"
"加官兼任侍","0","2","2"
"官兼任侍中","0","2","2"
"驾临乾明门","0","2","2"
"景延广加封","0","2","2"
"调任郓州节","0","2","2"
"公主进封为","0","2","2"
"到各佛寺道","0","2","2"
"各佛寺道观","0","2","2"
"在幽州去世","0","2","2"
"宫举行哀悼","0","2","2"
"丧期满后复","0","2","2"
"观音门改为","0","2","2"
"州发生旱灾","0","2","2"
"陈述张彦泽","0","2","2"
"语非常恳切","0","2","2"
"式的父亲张","0","2","2"
"的父亲张铎","0","2","2"
"弟弟张守贞","0","2","2"
"儿子张希范","0","2","2"
"派人把张式","0","2","2"
"被削夺现任","0","2","2"
"夺现任官职","0","2","2"
"处州郡发生","0","2","2"
"五月十六日","0","2","2"
"在灵柩前继","0","2","2"
"灵柩前继承","0","2","2"
"在这一年的","0","2","2"
"这一年的十","0","2","2"
"一年的十二","0","2","2"
"年的十二月","0","2","2"
"后唐庄宗的","0","2","2"
"在高祖身边","0","2","2"
"代理太原尹","0","2","2"
"河东管区内","0","2","2"
"帝在灵柩前","0","2","2"
"随高祖幸临","0","2","2"
"分别命令在","0","2","2"
"别命令在朝","0","2","2"
"命令在朝臣","0","2","2"
"太常卿崔为","0","2","2"
"子祭酒兼户","0","2","2"
"祭酒兼户部","0","2","2"
"酒兼户部侍","0","2","2"
"兼户部侍郎","0","2","2"
"朝廷内外臣","0","2","2"
"恒州顺国军","0","2","2"
"一并加封检","0","2","2"
"并加封检校","0","2","2"
"除枢密使一","0","2","2"
"在后唐明宗","0","2","2"
"朝中使者到","0","2","2"
"十七处州郡","0","2","2"
"百官丧服恭","0","2","2"
"官丧服恭临","0","2","2"
"丧服恭临天","0","2","2"
"服恭临天清","0","2","2"
"恭临天清殿","0","2","2"
"加封中书令","0","2","2"
"的儿子安弘","0","2","2"
"臣到佛寺道","0","2","2"
"人游街示众","0","2","2"
"高祖灵车出","0","2","2"
"祖灵车出发","0","2","2"
"道观祈祷下","0","2","2"
"福建管区内","0","2","2"
"河南府上奏","0","2","2"
"州郡发生蝗","0","2","2"
"郡发生蝗灾","0","2","2"
"本月十一日","0","2","2"
"逃亡民户总","0","2","2"
"亡民户总计","0","2","2"
"被囚禁的罪","0","2","2"
"人分别前往","0","2","2"
"派尚书左丞","0","2","2"
"发生大蝗灾","0","2","2"
"别命令朝中","0","2","2"
"她是少帝的","0","2","2"
"为检校尚书","0","2","2"
"与他的弟弟","0","2","2"
"景延广的宅","0","2","2"
"延广的宅第","0","2","2"
"饿死的人达","0","2","2"
"兵士驻扎在","0","2","2"
"万六千多人","0","2","2"
"领五万骑兵","0","2","2"
"诏令于本月","0","2","2"
"邺都留守张","0","2","2"
"都留守张从","0","2","2"
"留守张从恩","0","2","2"
"在夜晚用绳","0","2","2"
"夜晚用绳子","0","2","2"
"彦泽等率领","0","2","2"
"契丹国主去","0","2","2"
"又与杨光远","0","2","2"
"与杨光远暗","0","2","2"
"领契丹军队","0","2","2"
"亲自率领亲","0","2","2"
"擒获一千多","0","2","2"
"州城下打败","0","2","2"
"打败了贼兵","0","2","2"
"丹国主率兵","0","2","2"
"扎营在黄河","0","2","2"
"骑兵出击晋","0","2","2"
"兵出击晋军","0","2","2"
"出击晋军的","0","2","2"
"到下午四五","0","2","2"
"下午四五点","0","2","2"
"午四五点钟","0","2","2"
"契丹国主于","0","2","2"
"丹国主于是","0","2","2"
"举行册封典","0","2","2"
"率领二万步","0","2","2"
"领二万步骑","0","2","2"
"临时开封府","0","2","2"
"时开封府尹","0","2","2"
"滑州黄河溃","0","2","2"
"少帝下诏予","0","2","2"
"帝下诏予以","0","2","2"
"贯以上的人","0","2","2"
"被雷震死的","0","2","2"
"雷震死的有","0","2","2"
"有识之士认","0","2","2"
"识之士认为","0","2","2"
"远的儿子杨","0","2","2"
"子杨承勋等","0","2","2"
"放火大声呐","0","2","2"
"火大声呐喊","0","2","2"
"的父亲杨光","0","2","2"
"父亲杨光远","0","2","2"
"派即墨县令","0","2","2"
"即墨县令王","0","2","2"
"令王德柔进","0","2","2"
"十二月二日","0","2","2"
"朝廷军队与","0","2","2"
"容彦超率领","0","2","2"
"为东北面行","0","2","2"
"贼军一千多","0","2","2"
"军一千多人","0","2","2"
"敌人骑兵包","0","2","2"
"人骑兵包围","0","2","2"
"就没有活着","0","2","2"
"没有活着回","0","2","2"
"有活着回去","0","2","2"
"活着回去的","0","2","2"
"军于是渡过","0","2","2"
"这时契丹国","0","2","2"
"夏四月十一","0","2","2"
"四月十一日","0","2","2"
"年夏五月一","0","2","2"
"是因为他犯","0","2","2"
"之罪的缘故","0","2","2"
"吐谷浑白可","0","2","2"
"谷浑白可久","0","2","2"
"有背叛朝廷","0","2","2"
"发大军接应","0","2","2"
"廷军队在中","0","2","2"
"军队在中渡","0","2","2"
"使张彦泽接","0","2","2"
"彦泽接受契","0","2","2"
"泽接受契丹","0","2","2"
"接受契丹命","0","2","2"
"受契丹命令","0","2","2"
"少帝才作罢","0","2","2"
"少帝与太后","0","2","2"
"在郊外迎接","0","2","2"
"拜见契丹国","0","2","2"
"契丹国主下","0","2","2"
"丹国主下令","0","2","2"
"汉乾佑元年","0","2","2"
"永康王离开","0","2","2"
"皇子石延煦","0","2","2"
"他们跟随自","0","2","2"
"们跟随自己","0","2","2"
"把她赐给了","0","2","2"
"少帝从辽阳","0","2","2"
"高祖的堂弟","0","2","2"
"事奉后唐庄","0","2","2"
"奉后唐庄宗","0","2","2"
"累官至检校","0","2","2"
"赐封忠顺保","0","2","2"
"封忠顺保义","0","2","2"
"在太原称帝","0","2","2"
"安葬在河南","0","2","2"
"高祖的第二","0","2","2"
"后唐明宗的","0","2","2"
"被当时人所","0","2","2"
"登上皇位后","0","2","2"
"范延光在邺","0","2","2"
"高祖下诏派","0","2","2"
"原灵武节度","0","2","2"
"节度使张从","0","2","2"
"与范延光合","0","2","2"
"杀害了石重","0","2","2"
"加官检校司","0","2","2"
"派杨光远讨","0","2","2"
"年轻时学习","0","2","2"
"后梁开平年","0","2","2"
"梁开平年间","0","2","2"
"高祖当时担","0","2","2"
"任六军副使","0","2","2"
"张敬达围困","0","2","2"
"敬达围困晋","0","2","2"
"达围困晋阳","0","2","2"
"围困晋阳时","0","2","2"
"朝廷派使臣","0","2","2"
"先帝是契丹","0","2","2"
"帝是契丹所","0","2","2"
"是契丹所立","0","2","2"
"景延广担任","0","2","2"
"不能控制他","0","2","2"
"与契丹断绝","0","2","2"
"当时景延广","0","2","2"
"便罢免了他","0","2","2"
"免了他的兵","0","2","2"
"了他的兵权","0","2","2"
"军投降契丹","0","2","2"
"当时契丹国","0","2","2"
"丹国主到达","0","2","2"
"大家都非常","0","2","2"
"为元帅府判","0","2","2"
"契丹国主让","0","2","2"
"看到的人没","0","2","2"
"到的人没有","0","2","2"
"的人没有不","0","2","2"
"因此正式授","0","2","2"
"镇守一方的","0","2","2"
"下诏准允了","0","2","2"
"诏准允了他","0","2","2"
"毕宿口上的","0","2","2"
"宿口上的大","0","2","2"
"口上的大星","0","2","2"
"镇他都跟随","0","2","2"
"他都跟随着","0","2","2"
"石敬瑭在太","0","2","2"
"敬瑭在太原","0","2","2"
"高祖建立国","0","2","2"
"主持枢密院","0","2","2"
"持枢密院事","0","2","2"
"高祖驾临夷","0","2","2"
"祖驾临夷门","0","2","2"
"范延光占据","0","2","2"
"延光占据邺","0","2","2"
"杨光远镇守","0","2","2"
"光远镇守洛","0","2","2"
"远镇守洛阳","0","2","2"
"事情不得了","0","2","2"
"情不得了结","0","2","2"
"没收他们的","0","2","2"
"收他们的财","0","2","2"
"到桑维翰担","0","2","2"
"国家的大事","0","2","2"
"秘密与吐谷","0","2","2"
"密与吐谷浑","0","2","2"
"桑维翰知道","0","2","2"
"请求与契丹","0","2","2"
"皇弟石重睿","0","2","2"
"石重睿选择","0","2","2"
"重睿选择老","0","2","2"
"睿选择老师","0","2","2"
"都在中书省","0","2","2"
"派桑维翰出","0","2","2"
"任开封府尹","0","2","2"
"到契丹国主","0","2","2"
"契丹国主打","0","2","2"
"军队发生骚","0","2","2"
"队发生骚乱","0","2","2"
"用衣带系在","0","2","2"
"到后汉高祖","0","2","2"
"朝廷任命他","0","2","2"
"桑埙为秘书","0","2","2"
"后唐同光年","0","2","2"
"唐同光年间","0","2","2"
"进宫朝见皇","0","2","2"
"宫朝见皇上","0","2","2"
"镇守并州时","0","2","2"
"上母亲的丧","0","2","2"
"天下飞蝗为","0","2","2"
"下飞蝗为害","0","2","2"
"一年多后又","0","2","2"
"永康王即位","0","2","2"
"年六十七岁","0","2","2"
"染上疾病时","0","2","2"
"并答应了他","0","2","2"
"就派他的儿","0","2","2"
"儿子五百匹","0","2","2"
"都不曾入仕","0","2","2"
"不曾入仕做","0","2","2"
"曾入仕做官","0","2","2"
"他儿子刘守","0","2","2"
"儿子刘守文","0","2","2"
"被乱兵杀害","0","2","2"
"入朝担任左","0","2","2"
"朝担任左骁","0","2","2"
"担任左骁卫","0","2","2"
"的女儿为妻","0","2","2"
"年一月二十","0","2","2"
"追赠中书令","0","2","2"
"地接纳了他","0","2","2"
"改任天雄军","0","2","2"
"戍守瓦桥关","0","2","2"
"先奔赴那里","0","2","2"
"朝廷兴兵讨","0","2","2"
"廷兴兵讨伐","0","2","2"
"讨伐高季兴","0","2","2"
"的部下将领","0","2","2"
"时事奉后唐","0","2","2"
"因朝廷军队","0","2","2"
"他的祖先与","0","2","2"
"带着妻子儿","0","2","2"
"着妻子儿女","0","2","2"
"口构筑营垒","0","2","2"
"与士兵同甘","0","2","2"
"士兵同甘共","0","2","2"
"兵同甘共苦","0","2","2"
"不久正式授","0","2","2"
"久正式授任","0","2","2"
"至检校太师","0","2","2"
"后梁贞明年","0","2","2"
"梁贞明年间","0","2","2"
"为复州司马","0","2","2"
"唐末帝即位","0","2","2"
"明宗准允了","0","2","2"
"为刑部侍郎","0","2","2"
"任河南少尹","0","2","2"
"年六十八岁","0","2","2"
"有辅佐皇上","0","2","2"
"佐皇上的功","0","2","2"
"皇上的功劳","0","2","2"
"年七十六岁","0","2","2"
"生性特别孝","0","2","2"
"性特别孝顺","0","2","2"
"依照唐朝旧","0","2","2"
"舆论都认为","0","2","2"
"任太子宾客","0","2","2"
"庄宗认为他","0","2","2"
"宗认为他勇","0","2","2"
"小心翼翼地","0","2","2"
"后梁贞明初","0","2","2"
"梁贞明初年","0","2","2"
"转任检校司","0","2","2"
"任检校司徒","0","2","2"
"命令范延光","0","2","2"
"任命刘处让","0","2","2"
"命刘处让为","0","2","2"
"祖在太原立","0","2","2"
"在太原立国","0","2","2"
"使杨光远率","0","2","2"
"光远率兵讨","0","2","2"
"远率兵讨伐","0","2","2"
"当时刘处让","0","2","2"
"桑维翰等的","0","2","2"
"镇守河阳时","0","2","2"
"少帝即位后","0","2","2"
"皇甫遇跟随","0","2","2"
"与慕容彦超","0","2","2"
"世代居住在","0","2","2"
"加封检校右","0","2","2"
"范延光凭借","0","2","2"
"延光凭借邺","0","2","2"
"任内客省使","0","2","2"
"年夏天去世","0","2","2"
"为一年的开","0","2","2"
"的第一个甲","0","2","2"
"第一个甲子","0","2","2"
"一个甲子为","0","2","2"
"个甲子为上","0","2","2"
"甲子为上元","0","2","2"
"上表请求退","0","2","2"
"上奏庄宗说","0","2","2"
"到黄河边上","0","2","2"
"唐末帝命令","0","2","2"
"范延光讨伐","0","2","2"
"唐末帝派范","0","2","2"
"末帝派范延","0","2","2"
"帝派范延光","0","2","2"
"当时范延光","0","2","2"
"用车子装着","0","2","2"
"子杨承勋率","0","2","2"
"范延光的宅","0","2","2"
"延光的宅第","0","2","2"
"范延光自己","0","2","2"
"延光自己投","0","2","2"
"光自己投河","0","2","2"
"高祖听说后","0","2","2"
"被契丹人打","0","2","2"
"契丹人打败","0","2","2"
"跟随晋高祖","0","2","2"
"命令杨光远","0","2","2"
"包围范延光","0","2","2"
"儿子杨承祚","0","2","2"
"因为杨光远","0","2","2"
"担任西京留","0","2","2"
"上奏说范延","0","2","2"
"奏说范延光","0","2","2"
"杨光远便派","0","2","2"
"派自己的儿","0","2","2"
"率军队包围","0","2","2"
"到一千多骑","0","2","2"
"为淄州刺史","0","2","2"
"命令李守贞","0","2","2"
"后唐长兴年","0","2","2"
"高行周担任","0","2","2"
"诏令释放了","0","2","2"
"令释放了他","0","2","2"
"得到一千多","0","2","2"
"任成德军节","0","2","2"
"他们的儿子","0","2","2"
"部杀掉了他","0","2","2"
"杀掉了他们","0","2","2"
"祖奉表称臣","0","2","2"
"向契丹称臣","0","2","2"
"派遣杜重威","0","2","2"
"安重荣的头","0","2","2"
"重荣的头颅","0","2","2"
"免除他的罪","0","2","2"
"除他的罪过","0","2","2"
"传送文书的","0","2","2"
"当时人们认","0","2","2"
"时人们认为","0","2","2"
"运三年冬天","0","2","2"
"放纵士兵大","0","2","2"
"纵士兵大肆","0","2","2"
"士兵大肆抢","0","2","2"
"到如此地步","0","2","2"
"向契丹国主","0","2","2"
"彦泽的罪过","0","2","2"
"人剖开他的","0","2","2"
"陵墓叫懿陵","0","2","2"
"曾祖父讳名","0","2","2"
"在晋代即追","0","2","2"
"晋代即追封","0","2","2"
"代即追封为","0","2","2"
"即追封为太","0","2","2"
"长大成人时","0","2","2"
"登上帝位时","0","2","2"
"人全部杀死","0","2","2"
"唐末帝清泰","0","2","2"
"改朝换代的","0","2","2"
"契丹出动全","0","2","2"
"丹出动全部","0","2","2"
"任侍卫马步","0","2","2"
"改任许州节","0","2","2"
"杜重威一同","0","2","2"
"晋高祖驾临","0","2","2"
"进入雁门关","0","2","2"
"高祖亲自率","0","2","2"
"以抵御契丹","0","2","2"
"杜重威等人","0","2","2"
"丹国主进入","0","2","2"
"登上崇元殿","0","2","2"
"改晋国为大","0","2","2"
"晋国为大辽","0","2","2"
"国为大辽国","0","2","2"
"一鼓作气攻","0","2","2"
"鼓作气攻下","0","2","2"
"作气攻下了","0","2","2"
"断澶州浮桥","0","2","2"
"百姓都深受","0","2","2"
"姓都深受其","0","2","2"
"坐在崇元殿","0","2","2"
"在崇元殿上","0","2","2"
"出行居住的","0","2","2"
"行居住的地","0","2","2"
"州总指挥使","0","2","2"
"城归顺高祖","0","2","2"
"契丹从黎阳","0","2","2"
"丹从黎阳渡","0","2","2"
"丹人攻入汴","0","2","2"
"封为永宁公","0","2","2"
"为永宁公主","0","2","2"
"率领全郡投","0","2","2"
"担任定州节","0","2","2"
"孙方简不接","0","2","2"
"方简不接受","0","2","2"
"担任河中节","0","2","2"
"关押的罪犯","0","2","2"
"全部赦免释","0","2","2"
"部赦免释放","0","2","2"
"年夏季的税","0","2","2"
"夏季的税收","0","2","2"
"称国号叫大","0","2","2"
"太子太师身","0","2","2"
"子太师身份","0","2","2"
"太师身份退","0","2","2"
"常卿张昭进","0","2","2"
"卿张昭进上","0","2","2"
"请依旧例演","0","2","2"
"依旧例演奏","0","2","2"
"的节度使麻","0","2","2"
"节度使麻答","0","2","2"
"薛怀让担任","0","2","2"
"任邢州节度","0","2","2"
"关押的罪人","0","2","2"
"开封府尹刘","0","2","2"
"被饿死的有","0","2","2"
"祖没接受朝","0","2","2"
"正月五日黎","0","2","2"
"杜重威被诛","0","2","2"
"庙号叫高祖","0","2","2"
"朝廷内外举","0","2","2"
"廷内外举哀","0","2","2"
"书门下进上","0","2","2"
"帝临朝听政","0","2","2"
"军从大散关","0","2","2"
"兼户部尚书","0","2","2"
"枢密使的职","0","2","2"
"密使的职务","0","2","2"
"孙方简上奏","0","2","2"
"郭从义领兵","0","2","2"
"背叛晋朝归","0","2","2"
"黄河冲决了","0","2","2"
"总部署郭从","0","2","2"
"部署郭从义","0","2","2"
"署郭从义上","0","2","2"
"度使王继弘","0","2","2"
"密使郭威到","0","2","2"
"李守贞的对","0","2","2"
"守贞的对手","0","2","2"
"部署赵晖上","0","2","2"
"署赵晖上奏","0","2","2"
"夷灭了他们","0","2","2"
"苏禹王圭及","0","2","2"
"受李守贞的","0","2","2"
"杀死五百人","0","2","2"
"人前来投奔","0","2","2"
"派牙将刘成","0","2","2"
"诏令授赵思","0","2","2"
"令授赵思绾","0","2","2"
"授赵思绾为","0","2","2"
"赵思绾为华","0","2","2"
"思绾为华州","0","2","2"
"常彦卿为虢","0","2","2"
"彦卿为虢州","0","2","2"
"卿为虢州刺","0","2","2"
"为虢州刺史","0","2","2"
"蝗虫拥抱着","0","2","2"
"虫拥抱着枯","0","2","2"
"拥抱着枯草","0","2","2"
"抱着枯草而","0","2","2"
"着枯草而死","0","2","2"
"州节度使兼","0","2","2"
"加封兼中书","0","2","2"
"封兼中书令","0","2","2"
"郭威平定河","0","2","2"
"威平定河中","0","2","2"
"平定河中回","0","2","2"
"杀掠官吏百","0","2","2"
"掠官吏百姓","0","2","2"
"派枢密使郭","0","2","2"
"十八日去世","0","2","2"
"停止上朝两","0","2","2"
"止上朝两天","0","2","2"
"败南唐贼寇","0","2","2"
"永兴军政事","0","2","2"
"兴军政事务","0","2","2"
"黄河冲决原","0","2","2"
"河冲决原武","0","2","2"
"冲决原武县","0","2","2"
"决原武县堤","0","2","2"
"原武县堤防","0","2","2"
"以有这一请","0","2","2"
"有这一请求","0","2","2"
"诛杀枢密使","0","2","2"
"指挥使史弘","0","2","2"
"挥使史弘肇","0","2","2"
"甲士几十人","0","2","2"
"士几十人从","0","2","2"
"将事变告诉","0","2","2"
"在南北街市","0","2","2"
"兖州慕容彦","0","2","2"
"砍下我的头","0","2","2"
"郭崇等人与","0","2","2"
"共同安定天","0","2","2"
"同安定天下","0","2","2"
"门迎接投降","0","2","2"
"前开封府尹","0","2","2"
"开封府尹侯","0","2","2"
"封府尹侯益","0","2","2"
"龙鸟脱侦察","0","2","2"
"鸟脱侦察邺","0","2","2"
"藏在龙鸟脱","0","2","2"
"在龙鸟脱的","0","2","2"
"龙鸟脱的衣","0","2","2"
"鸟脱的衣领","0","2","2"
"脱的衣领中","0","2","2"
"宰相苏禹王","0","2","2"
"相苏禹王圭","0","2","2"
"慕容彦超败","0","2","2"
"容彦超败退","0","2","2"
"战死一百多","0","2","2"
"死一百多人","0","2","2"
"慕容彦超领","0","2","2"
"从迎春门进","0","2","2"
"迎春门进城","0","2","2"
"高祖的侄子","0","2","2"
"前往徐州奉","0","2","2"
"往徐州奉迎","0","2","2"
"杀害了史弘","0","2","2"
"害了史弘肇","0","2","2"
"了史弘肇等","0","2","2"
"太后诰令说","0","2","2"
"湘阴公刘斌","0","2","2"
"阴公刘斌贝","0","2","2"
"听到澶州兵","0","2","2"
"到澶州兵变","0","2","2"
"兵前往保卫","0","2","2"
"镇守藩镇的","0","2","2"
"国宝给监国","0","2","2"
"尊号叫昭圣","0","2","2"
"相信他们的","0","2","2"
"太后颁发诰","0","2","2"
"高祖镇守并","0","2","2"
"祖镇守并州","0","2","2"
"检校太傅兼","0","2","2"
"高祖病危时","0","2","2"
"割下他的肉","0","2","2"
"紧接着听到","0","2","2"
"逐渐迁升为","0","2","2"
"渐迁升为裨","0","2","2"
"迁升为裨校","0","2","2"
"范延光在魏","0","2","2"
"延光在魏州","0","2","2"
"光在魏州反","0","2","2"
"在魏州反叛","0","2","2"
"逃亡的人民","0","2","2"
"汉高祖平定","0","2","2"
"高祖称帝后","0","2","2"
"汉高祖镇守","0","2","2"
"与枢密使杨","0","2","2"
"等一同接受","0","2","2"
"一同接受遗","0","2","2"
"三镇联合叛","0","2","2"
"镇联合叛乱","0","2","2"
"史宏肇统辖","0","2","2"
"遭受他的荼","0","2","2"
"受他的荼毒","0","2","2"
"自己编造罪","0","2","2"
"己编造罪行","0","2","2"
"京城中的人","0","2","2"
"用棍子打他","0","2","2"
"被处死在街","0","2","2"
"大肆干预朝","0","2","2"
"肆干预朝政","0","2","2"
"苏逢吉不与","0","2","2"
"逢吉不与他","0","2","2"
"佑三年冬十","0","2","2"
"汉隐帝即位","0","2","2"
"的妻子就是","0","2","2"
"杜重威到邺","0","2","2"
"罢免不急需","0","2","2"
"免不急需的","0","2","2"
"不急需的事","0","2","2"
"急需的事务","0","2","2"
"以八十缗为","0","2","2"
"八十缗为一","0","2","2"
"十缗为一陌","0","2","2"
"小时就聪明","0","2","2"
"在长兴三年","0","2","2"
"加封为尚书","0","2","2"
"人赶走了契","0","2","2"
"赶走了契丹","0","2","2"
"苏逢吉知悉","0","2","2"
"祖在太原建","0","2","2"
"转任左仆射","0","2","2"
"登上帝位之","0","2","2"
"上帝位之后","0","2","2"
"高祖到汴京","0","2","2"
"因为以前的","0","2","2"
"的宅第赐给","0","2","2"
"宅第赐给苏","0","2","2"
"李崧的弟弟","0","2","2"
"崧的弟弟李","0","2","2"
"的弟弟李屿","0","2","2"
"因为苏逢吉","0","2","2"
"占据了他们","0","2","2"
"诛灭他的家","0","2","2"
"灭他的家族","0","2","2"
"所希望的是","0","2","2"
"到李业等人","0","2","2"
"周太祖平定","0","2","2"
"祖平定京城","0","2","2"
"服事后唐武","0","2","2"
"唐明宗李嗣","0","2","2"
"明宗李嗣源","0","2","2"
"祖石敬瑭的","0","2","2"
"高祖命令杜","0","2","2"
"祖命令杜重","0","2","2"
"诏令杜重威","0","2","2"
"与契丹人交","0","2","2"
"契丹人交战","0","2","2"
"于是向西奔","0","2","2"
"到中渡桥时","0","2","2"
"投降敌人的","0","2","2"
"高行周领兵","0","2","2"
"他的儿子杜","0","2","2"
"儿子杜弘遂","0","2","2"
"祖御驾亲征","0","2","2"
"人带着诏书","0","2","2"
"的士兵百姓","0","2","2"
"有十分之六","0","2","2"
"十分之六七","0","2","2"
"契丹派幽州","0","2","2"
"将发生变乱","0","2","2"
"车驾回到京","0","2","2"
"驾回到京师","0","2","2"
"都跟随着他","0","2","2"
"任侍卫都虞","0","2","2"
"以符彦卿为","0","2","2"
"藏在李守贞","0","2","2"
"李守贞为北","0","2","2"
"守贞为北面","0","2","2"
"贞为北面行","0","2","2"
"以李守贞为","0","2","2"
"契丹人侵犯","0","2","2"
"丹人侵犯边","0","2","2"
"人侵犯边境","0","2","2"
"接着领兵到","0","2","2"
"祖进入汴京","0","2","2"
"乾佑元年三","0","2","2"
"佑元年三月","0","2","2"
"王景崇占据","0","2","2"
"景崇占据岐","0","2","2"
"派人用蜡丸","0","2","2"
"李守贞全家","0","2","2"
"赵在礼的部","0","2","2"
"在礼的部下","0","2","2"
"长长的战壕","0","2","2"
"接受任命后","0","2","2"
"处死在街上","0","2","2"
"了他的家族","0","2","2"
"后汉时追赠","0","2","2"
"汉时追赠为","0","2","2"
"时追赠为太","0","2","2"
"后周追尊为","0","2","2"
"他的儿子李","0","2","2"
"当作自己的","0","2","2"
"的事没有不","0","2","2"
"事没有不做","0","2","2"
"没有不做的","0","2","2"
"数以百万计","0","2","2"
"契丹进犯京","0","2","2"
"丹进犯京城","0","2","2"
"太祖与苏逢","0","2","2"
"祖与苏逢吉","0","2","2"
"祖建立年号","0","2","2"
"检校司徒的","0","2","2"
"为枢密副使","0","2","2"
"有什么作为","0","2","2"
"命令白文珂","0","2","2"
"听从太祖的","0","2","2"
"从太祖的节","0","2","2"
"太祖的节制","0","2","2"
"祖的节制调","0","2","2"
"的节制调度","0","2","2"
"一样的形状","0","2","2"
"以宣徽南院","0","2","2"
"授与邺都留","0","2","2"
"与邺都留守","0","2","2"
"当时汉隐帝","0","2","2"
"兼任朝廷内","0","2","2"
"任朝廷内职","0","2","2"
"将校们上前","0","2","2"
"暗中诽谤臣","0","2","2"
"中诽谤臣下","0","2","2"
"骑兵进攻他","0","2","2"
"就派侍卫马","0","2","2"
"奸邪小人制","0","2","2"
"邪小人制造","0","2","2"
"小人制造祸","0","2","2"
"人制造祸乱","0","2","2"
"兵要扶立郭","0","2","2"
"要扶立郭公","0","2","2"
"扶立郭公称","0","2","2"
"立郭公称帝","0","2","2"
"仍不能原宥","0","2","2"
"在朝文武臣","0","2","2"
"各部门主管","0","2","2"
"凡天下各州","0","2","2"
"乾佑三年夏","0","2","2"
"国家的费用","0","2","2"
"华丽的东西","0","2","2"
"守陵的民户","0","2","2"
"兀欲派使者","0","2","2"
"使王彦超领","0","2","2"
"王彦超领兵","0","2","2"
"南高保融上","0","2","2"
"高保融上奏","0","2","2"
"进贡的美味","0","2","2"
"取之于民间","0","2","2"
"次诏令有关","0","2","2"
"使契丹回来","0","2","2"
"契丹国主兀","0","2","2"
"丹国主兀欲","0","2","2"
"国主兀欲派","0","2","2"
"差散从亲事","0","2","2"
"散从亲事官","0","2","2"
"从亲事官等","0","2","2"
"的军都将校","0","2","2"
"诏令淮河两","0","2","2"
"令淮河两岸","0","2","2"
"俘获的河东","0","2","2"
"不得超过十","0","2","2"
"准备礼仪册","0","2","2"
"十匹马的马","0","2","2"
"三十个侍仆","0","2","2"
"十个侍仆的","0","2","2"
"个侍仆的衣","0","2","2"
"侍仆的衣服","0","2","2"
"仆的衣服粮","0","2","2"
"当地出产的","0","2","2"
"为已故贵妃","0","2","2"
"是因为汉隐","0","2","2"
"为汉隐帝的","0","2","2"
"汉隐帝的灵","0","2","2"
"隐帝的灵柩","0","2","2"
"帝的灵柩尚","0","2","2"
"的灵柩尚未","0","2","2"
"灵柩尚未下","0","2","2"
"柩尚未下葬","0","2","2"
"度使郭荣服","0","2","2"
"使郭荣服丧","0","2","2"
"常卿边蔚奉","0","2","2"
"卿边蔚奉上","0","2","2"
"诞生日定为","0","2","2"
"并令有关部","0","2","2"
"有关部门议","0","2","2"
"关部门议定","0","2","2"
"部门议定谥","0","2","2"
"门议定谥号","0","2","2"
"太平宫问候","0","2","2"
"平宫问候汉","0","2","2"
"宫问候汉太","0","2","2"
"问候汉太后","0","2","2"
"抓获伪节度","0","2","2"
"获伪节度使","0","2","2"
"几乎没有了","0","2","2"
"诏令枢密使","0","2","2"
"令枢密使王","0","2","2"
"密使王峻领","0","2","2"
"使王峻领兵","0","2","2"
"王峻领兵支","0","2","2"
"峻领兵支援","0","2","2"
"为左卫将军","0","2","2"
"使者飞马报","0","2","2"
"者飞马报告","0","2","2"
"的丁壮民夫","0","2","2"
"丁壮民夫二","0","2","2"
"壮民夫二万","0","2","2"
"民夫二万人","0","2","2"
"以侍卫步军","0","2","2"
"国事的王昭","0","2","2"
"防御使折德","0","2","2"
"御使折德报","0","2","2"
"使折德报告","0","2","2"
"按礼仪排列","0","2","2"
"里以内的地","0","2","2"
"以内的地方","0","2","2"
"对身边臣子","0","2","2"
"使以下一起","0","2","2"
"以下一起设","0","2","2"
"下一起设置","0","2","2"
"王峻上奏章","0","2","2"
"诏令不应允","0","2","2"
"斤以上者处","0","2","2"
"以上者处死","0","2","2"
"上者处死刑","0","2","2"
"龙捷军都指","0","2","2"
"冬十月七日","0","2","2"
"宰臣李谷因","0","2","2"
"卫队按礼仪","0","2","2"
"派牙将张崇","0","2","2"
"为大都督府","0","2","2"
"刘言为检校","0","2","2"
"言为检校太","0","2","2"
"兼任武平军","0","2","2"
"任武平军节","0","2","2"
"兼任静江军","0","2","2"
"任静江军节","0","2","2"
"征收的租税","0","2","2"
"收的租税赢","0","2","2"
"的租税赢利","0","2","2"
"天下属于官","0","2","2"
"下属于官府","0","2","2"
"的庄园田地","0","2","2"
"作为自己的","0","2","2"
"渡过淮河攻","0","2","2"
"作为不在官","0","2","2"
"为不在官额","0","2","2"
"不在官额之","0","2","2"
"在官额之内","0","2","2"
"官额之内的","0","2","2"
"额之内的员","0","2","2"
"之内的员外","0","2","2"
"内的员外官","0","2","2"
"侄子赵崇勋","0","2","2"
"契丹人进攻","0","2","2"
"诏令中书令","0","2","2"
"令中书令冯","0","2","2"
"一座写上皇","0","2","2"
"座写上皇帝","0","2","2"
"使高绍基报","0","2","2"
"高绍基报告","0","2","2"
"任开封尹兼","0","2","2"
"被勒令罢官","0","2","2"
"勒令罢官回","0","2","2"
"令罢官回家","0","2","2"
"上三次奏章","0","2","2"
"刘言与南唐","0","2","2"
"派指挥使郑","0","2","2"
"指挥使郑王","0","2","2"
"挥使郑王交","0","2","2"
"使郑王交带","0","2","2"
"郑王交带领","0","2","2"
"王交带领兵","0","2","2"
"交带领兵士","0","2","2"
"郑王交被军","0","2","2"
"王交被军士","0","2","2"
"到朗州安抚","0","2","2"
"朗州安抚完","0","2","2"
"州安抚完毕","0","2","2"
"诏令刘言罢","0","2","2"
"令刘言罢职","0","2","2"
"刘言罢职回","0","2","2"
"言罢职回家","0","2","2"
"驻扎在乐寿","0","2","2"
"明年正月一","0","2","2"
"贬任右司御","0","2","2"
"任右司御副","0","2","2"
"冯道率领百","0","2","2"
"道率领百官","0","2","2"
"率领百官上","0","2","2"
"到郊外行宫","0","2","2"
"从正月一日","0","2","2"
"以平民身份","0","2","2"
"衣十五周年","0","2","2"
"十五周年的","0","2","2"
"五周年的赐","0","2","2"
"周年的赐穿","0","2","2"
"到崇元殿接","0","2","2"
"祭祀的礼仪","0","2","2"
"任开府仪同","0","2","2"
"掌管内外兵","0","2","2"
"外兵马事务","0","2","2"
"不发布讣告","0","2","2"
"王郭荣可在","0","2","2"
"郭荣可在灵","0","2","2"
"荣可在灵柩","0","2","2"
"用瓦棺纸衣","0","2","2"
"的官爵退休","0","2","2"
"周太祖镇守","0","2","2"
"太祖镇守邺","0","2","2"
"祖镇守邺都","0","2","2"
"后周广顺元","0","2","2"
"请入京朝见","0","2","2"
"世宗镇守澶","0","2","2"
"世宗在万岁","0","2","2"
"宗在万岁殿","0","2","2"
"令天雄军节","0","2","2"
"以澶州节度","0","2","2"
"宗于是亲自","0","2","2"
"贼军一万多","0","2","2"
"的士兵二千","0","2","2"
"丁壮民夫数","0","2","2"
"壮民夫数万","0","2","2"
"留下自己的","0","2","2"
"下自己的儿","0","2","2"
"在高平战役","0","2","2"
"高平战役中","0","2","2"
"五周年内回","0","2","2"
"回归旧业的","0","2","2"
"还三分之一","0","2","2"
"五周年以外","0","2","2"
"周年以外回","0","2","2"
"周年内回来","0","2","2"
"年内回来的","0","2","2"
"扼守要害之","0","2","2"
"保留的寺院","0","2","2"
"就在应当关","0","2","2"
"在应当关闭","0","2","2"
"应当关闭废","0","2","2"
"当关闭废除","0","2","2"
"关闭废除的","0","2","2"
"闭废除的寺","0","2","2"
"除的寺院中","0","2","2"
"十五岁以上","0","2","2"
"的寺院共有","0","2","2"
"自继承帝位","0","2","2"
"李守贞在河","0","2","2"
"守贞在河中","0","2","2"
"打败河东贼","0","2","2"
"败河东贼军","0","2","2"
"等州管区内","0","2","2"
"于本月八日","0","2","2"
"众将都认为","0","2","2"
"使李重进领","0","2","2"
"李重进领兵","0","2","2"
"军列成战阵","0","2","2"
"就打败了他","0","2","2"
"到达寿州城","0","2","2"
"扎营在寿州","0","2","2"
"在涡口打败","0","2","2"
"在盛唐打败","0","2","2"
"诏令释放他","0","2","2"
"书张昭上奏","0","2","2"
"押送俘获的","0","2","2"
"令释放他们","0","2","2"
"南唐李景派","0","2","2"
"犒劳军队的","0","2","2"
"劳军队的牛","0","2","2"
"杀死贼军三","0","2","2"
"死贼军三千","0","2","2"
"将潘叔嗣杀","0","2","2"
"派人到潭州","0","2","2"
"周行逢到朗","0","2","2"
"行逢到朗州","0","2","2"
"杀死在街上","0","2","2"
"凤州战役中","0","2","2"
"将领兵攻打","0","2","2"
"领兵攻打常","0","2","2"
"兵攻打常州","0","2","2"
"军队急攻寿","0","2","2"
"从淮南回到","0","2","2"
"淮南回到京","0","2","2"
"南回到京城","0","2","2"
"淮一带盗贼","0","2","2"
"诏令天下被","0","2","2"
"令天下被关","0","2","2"
"天下被关押","0","2","2"
"下被关押的","0","2","2"
"者首先记叙","0","2","2"
"世宗率领各","0","2","2"
"宗率领各军","0","2","2"
"赵匡胤率领","0","2","2"
"营寨前来投","0","2","2"
"寨前来投降","0","2","2"
"征发附近县","0","2","2"
"发附近县邑","0","2","2"
"附近县邑的","0","2","2"
"贼军三千人","0","2","2"
"寿州管区内","0","2","2"
"在大街上处","0","2","2"
"大街上处死","0","2","2"
"被淮南贼寇","0","2","2"
"请求依照唐","0","2","2"
"州管区内丁","0","2","2"
"令今上赵匡","0","2","2"
"战船四百艘","0","2","2"
"李景派他的","0","2","2"
"南唐进奉使","0","2","2"
"世宗敬酒祝","0","2","2"
"宗敬酒祝寿","0","2","2"
"以太府卿冯","0","2","2"
"以卫尉少卿","0","2","2"
"少卿钟谟为","0","2","2"
"南唐太子李","0","2","2"
"唐太子李弘","0","2","2"
"为世宗祝寿","0","2","2"
"李征古等人","0","2","2"
"二州丁壮民","0","2","2"
"御驾离开京","0","2","2"
"以北打败契","0","2","2"
"北打败契丹","0","2","2"
"进入河东地","0","2","2"
"入河东地界","0","2","2"
"别驾从事使","0","2","2"
"宗所在地奉","0","2","2"
"所在地奉上","0","2","2"
"在地奉上贡","0","2","2"
"地奉上贡物","0","2","2"
"在万岁殿驾","0","2","2"
"万岁殿驾崩","0","2","2"
"秋七月七日","0","2","2"
"封为开国侯","0","2","2"
"五种颜色的","0","2","2"
"种颜色的小","0","2","2"
"颜色的小蛇","0","2","2"
"追封为秦王","0","2","2"
"世宗非常哀","0","2","2"
"表推荐刘仁","0","2","2"
"推荐刘仁恭","0","2","2"
"责备刘仁恭","0","2","2"
"庄宗平定黄","0","2","2"
"宗平定黄河","0","2","2"
"接连迁升到","0","2","2"
"连迁升到检","0","2","2"
"迁升到检校","0","2","2"
"升到检校太","0","2","2"
"到检校太保","0","2","2"
"任潞州节度","0","2","2"
"高行周和符","0","2","2"
"行周和符彦","0","2","2"
"周和符彦卿","0","2","2"
"高行周回到","0","2","2"
"行周回到藩","0","2","2"
"周回到藩镇","0","2","2"
"任归德军节","0","2","2"
"周太祖登上","0","2","2"
"封为尚书令","0","2","2"
"只称呼他的","0","2","2"
"因病在任上","0","2","2"
"病在任上去","0","2","2"
"后晋天福年","0","2","2"
"晋天福年间","0","2","2"
"高祖嘉奖他","0","2","2"
"令澶州主帅","0","2","2"
"京平定内乱","0","2","2"
"下来摔倒在","0","2","2"
"来摔倒在地","0","2","2"
"后周开国之","0","2","2"
"周开国之初","0","2","2"
"州没有主帅","0","2","2"
"派枢密使王","0","2","2"
"任郑州防御","0","2","2"
"拜见史弘肇","0","2","2"
"后汉高祖在","0","2","2"
"世宗显德元","0","2","2"
"宗显德元年","0","2","2"
"庄宗在邺宫","0","2","2"
"冯道的名声","0","2","2"
"才得以避免","0","2","2"
"以冯道担任","0","2","2"
"合的别人就","0","2","2"
"赵延寿暗中","0","2","2"
"兼任定国军","0","2","2"
"后罢职改任","0","2","2"
"罢职改任朝","0","2","2"
"职改任朝散","0","2","2"
"改任朝散大","0","2","2"
"任朝散大夫","0","2","2"
"后梁开平初","0","2","2"
"梁开平初年","0","2","2"
"世宗即位后","0","2","2"
"召齐藏珍回","0","2","2"
"派前申州刺","0","2","2"
"厉害的贼寇","0","2","2"
"不久上表请","0","2","2"
"久上表请求","0","2","2"
"上表请求免","0","2","2"
"表请求免除","0","2","2"
"枢密使之职","0","2","2"
"刘去非任郢","0","2","2"
"去非任郢州","0","2","2"
"非任郢州刺","0","2","2"
"任郢州刺史","0","2","2"
"令公做齐王","0","2","2"
"年六十一岁","0","2","2"
"杨溥为让皇","0","2","2"
"宗再次驾临","0","2","2"
"诏令李茂贞","0","2","2"
"李茂贞与王","0","2","2"
"茂贞与王行","0","2","2"
"贞与王行瑜","0","2","2"
"李茂贞违抗","0","2","2"
"茂贞违抗诏","0","2","2"
"贞违抗诏令","0","2","2"
"朝廷不能制","0","2","2"
"李茂贞害怕","0","2","2"
"他儿子李继","0","2","2"
"昭宗劫持到","0","2","2"
"宗劫持到凤","0","2","2"
"劫持到凤翔","0","2","2"
"李茂贞的山","0","2","2"
"茂贞的山南","0","2","2"
"贞的山南各","0","2","2"
"的山南各州","0","2","2"
"送给梁太祖","0","2","2"
"梁太祖平定","0","2","2"
"从手指头上","0","2","2"
"封为南平王","0","2","2"
"州划为自己","0","2","2"
"划为自己的","0","2","2"
"为自己的属","0","2","2"
"自己的属郡","0","2","2"
"加封守尚书","0","2","2"
"封守尚书令","0","2","2"
"使者劝说他","0","2","2"
"到高祖进入","0","2","2"
"的儿子刘守","0","2","2"
"了父亲的位","0","2","2"
"父亲的位置","0","2","2"
"打开城门迎","0","2","2"
"接连升官到","0","2","2"
"求依照唐代","0","2","2"
"唐同光初年","0","2","2"
"后周广顺二","0","2","2"
"向周太祖奉","0","2","2"
"他为节度使","0","2","2"
"周太祖诏令","0","2","2"
"兼武平军节","0","2","2"
"朝廷以钱繬","0","2","2"
"两镇节度使","0","2","2"
"节度使田君","0","2","2"
"度使田君页","0","2","2"
"的儿子钱元","0","2","2"
"儿子钱元瓘","0","2","2"
"都派遣使者","0","2","2"
"派遣使者进","0","2","2"
"越国王钱繬","0","2","2"
"表推荐他任","0","2","2"
"年仅十六岁","0","2","2"
"校七十多人","0","2","2"
"为镇海军节","0","2","2"
"后唐长兴四","0","2","2"
"授杨行密为","0","2","2"
"毕师铎攻陷","0","2","2"
"杨行密军营","0","2","2"
"杨行密开始","0","2","2"
"杨行密收集","0","2","2"
"杨行密兼并","0","2","2"
"江西的钟传","0","2","2"
"都派使者向","0","2","2"
"人渡过长江","0","2","2"
"杨行密派将","0","2","2"
"行密派将领","0","2","2"
"士兵三千多","0","2","2"
"兵三千多人","0","2","2"
"将领王景仁","0","2","2"
"徐温的养子","0","2","2"
"西道观察使","0","2","2"
"吴国改元为","0","2","2"
"是后晋天福","0","2","2"
"在正阳大败","0","2","2"
"正阳大败淮","0","2","2"
"阳大败淮南","0","2","2"
"周世宗再次","0","2","2"
"二年春天正","0","2","2"
"那么我也不","0","2","2"
"年四十六岁","0","2","2"
"承袭伪帝位","0","2","2"
"上表陈述这","0","2","2"
"掌管军政事","0","2","2"
"管军政事务","0","2","2"
"为幽州节度","0","2","2"
"用厚利引诱","0","2","2"
"上天在帮助","0","2","2"
"天在帮助他","0","2","2"
"汴军将领李","0","2","2"
"军将领李思","0","2","2"
"将领李思安","0","2","2"
"埋伏士兵于","0","2","2"
"伏士兵于内","0","2","2"
"士兵于内黄","0","2","2"
"兵于内黄境","0","2","2"
"于内黄境内","0","2","2"
"内黄境内清","0","2","2"
"黄境内清水","0","2","2"
"境内清水的","0","2","2"
"率领部队前","0","2","2"
"领部队前往","0","2","2"
"用谦卑的言","0","2","2"
"谦卑的言辞","0","2","2"
"上刻字涂墨","0","2","2"
"任幽州节度","0","2","2"
"刘仁恭身边","0","2","2"
"诛杀了他们","0","2","2"
"时刘守光的","0","2","2"
"活着不如去","0","2","2"
"着不如去死","0","2","2"
"州的军队讨","0","2","2"
"的军队讨伐","0","2","2"
"刘守光于是","0","2","2"
"囚禁在别室","0","2","2"
"派遣使者奉","0","2","2"
"刘守光命令","0","2","2"
"又能把我怎","0","2","2"
"能把我怎样","0","2","2"
"德威进攻包","0","2","2"
"威进攻包围","0","2","2"
"他的两位妻","0","2","2"
"的两位妻子","0","2","2"
"从此全部拥","0","2","2"
"此全部拥有","0","2","2"
"与中原断绝","0","2","2"
"又向契丹请","0","2","2"
"向契丹求援","0","2","2"
"周朝军队来","0","2","2"
"朝军队来了","0","2","2"
"的儿子刘承","0","2","2"
"陈敬蠧害怕","0","2","2"
"又改年号叫","0","2","2"
"国主致信给","0","2","2"
"主致信给大","0","2","2"
"致信给大唐","0","2","2"
"信给大唐皇","0","2","2"
"给大唐皇帝","0","2","2"
"册封孟昶为","0","2","2"
"回舍利王子","0","2","2"
"梁太祖建立","0","2","2"
"进攻包围幽","0","2","2"
"攻包围幽州","0","2","2"
"得到燕地人","0","2","2"
"庄宗派明宗","0","2","2"
"亲自率领五","0","2","2"
"大星陨落在","0","2","2"
"旋即派遣使","0","2","2"
"即派遣使者","0","2","2"
"五千骑兵到","0","2","2"
"立晋高祖为","0","2","2"
"结为父子之","0","2","2"
"遣使者到契","0","2","2"
"使者到契丹","0","2","2"
"以赵延寿为","0","2","2"
"对蕃汉臣僚","0","2","2"
"蕃汉臣僚说","0","2","2"
"为汴州节度","0","2","2"
"于吐蕃的汉","0","2","2"
"吐蕃的汉人","0","2","2"
"不能安抚拥","0","2","2"
"能安抚拥有","0","2","2"
"到汉隐帝时","0","2","2"
"派遣使者跟","0","2","2"
"遣使者跟随","0","2","2"
"为归义军节","0","2","2"
"又追赠为太","0","2","2"
"封为开国伯","0","2","2"
"加封开府仪","0","2","2"
"封开府仪同","0","2","2"
"任振武节度","0","2","2"
"任捧日都指","0","2","2"
"使张彦琪为","0","2","2"
"一并增加食","0","2","2"
"符彦卿为北","0","2","2"
"彦卿为北面","0","2","2"
"卿为北面行","0","2","2"
"兼马军左右","0","2","2"
"兼步军左右","0","2","2"
"邺都留守兼","0","2","2"
"都留守兼侍","0","2","2"
"留守兼侍卫","0","2","2"
"守兼侍卫亲","0","2","2"
"百户增至一","0","2","2"
"徐知训来到","0","2","2"
"领大军驻扎","0","2","2"
"大军驻扎在","0","2","2"
"将他家人迁","0","2","2"
"度押牙李从","0","2","2"
"不喜欢文士","0","2","2"
"奉太后诰令","0","2","2"
