"N-gram","原文","翻译","Total"
"步军都指挥使","63","67","130"
"马军都指挥使","33","27","60"
"马步军都指挥","29","25","54"
"开府仪同三司","20","21","41"
"侍卫马军都指","22","17","39"
"卫马军都指挥","22","17","39"
"卫步军都指挥","18","16","34"
"侍卫步军都指","17","16","33"
"天平军节度使","15","17","32"
"天雄军节度使","15","15","30"
"侍卫亲军都指","14","14","28"
"卫亲军都指挥","14","14","28"
"面行营招讨使","13","14","27"
"亲军都指挥使","14","13","27"
"北面行营招讨","12","12","24"
"侍卫亲军马步","12","10","22"
"卫亲军马步军","11","10","21"
"枢密使郭崇韬","10","11","21"
"河南尹张全义","10","10","20"
"金紫光禄大夫","10","10","20"
"银青光禄大夫","10","10","20"
"昭义军节度使","8","11","19"
"军马步军都指","11","8","19"
"天下兵马都元","10","9","19"
"下兵马都元帅","10","9","19"
"宣武军节度使","9","9","18"
"检校工部尚书","9","9","18"
"中书门下平章","9","9","18"
"书门下平章事","9","9","18"
"行营都招讨使","9","8","17"
"亲军马步军都","9","7","16"
"翰林学士承旨","8","8","16"
"马步军都虞候","6","10","16"
"同中书门下平","8","8","16"
"帝御崇元殿受","16","0","16"
"御崇元殿受朝","16","0","16"
"州行营都部署","8","8","16"
"崇元殿接受朝","0","16","16"
"河中节度使王","7","8","15"
"马步都指挥使","12","3","15"
"军都指挥使李","8","7","15"
"停止上朝三天","0","15","15"
"忠武军节度使","7","7","14"
"节度使杨光远","7","7","14"
"集贤殿大学士","7","7","14"
"都部署高行周","7","7","14"
"加封检校太傅","0","14","14"
"平卢军节度使","5","8","13"
"左骁卫上将军","7","6","13"
"先锋都指挥使","6","7","13"
"判六军诸卫事","7","6","13"
"右厢都指挥使","7","6","13"
"加封为检校太","0","13","13"
"行营副招讨使","6","6","12"
"节度使杨师厚","6","6","12"
"昭义节度使李","6","6","12"
"节度使李嗣昭","6","6","12"
"蕃汉马步总管","9","3","12"
"振武军节度使","3","9","12"
"军步军都指挥","1","11","12"
"面行营都部署","6","6","12"
"左厢都指挥使","6","6","12"
"侍卫都指挥使","6","6","12"
"兵部尚书张昭","6","6","12"
"弘文馆大学士","3","9","12"
"为潞州节度使","0","12","12"
"任河阳节度使","0","12","12"
"加封检校太尉","0","12","12"
"军都指挥使王","5","6","11"
"军马步都虞候","7","4","11"
"州节度使李存","3","8","11"
"崇元殿受朝贺","11","0","11"
"观察处置等使","7","4","11"
"高祖驾临崇元","0","11","11"
"祖驾临崇元殿","0","11","11"
"驾临崇元殿接","0","11","11"
"临崇元殿接受","0","11","11"
"金吾卫大将军","5","5","10"
"福建节度使王","5","5","10"
"节度使贺德伦","5","5","10"
"大同军节度使","5","5","10"
"天下兵马元帅","5","5","10"
"检校右散骑常","5","5","10"
"校右散骑常侍","5","5","10"
"金吾卫上将军","5","5","10"
"面行营马步军","5","5","10"
"淮南杨溥遣使","10","0","10"
"节度使李嗣源","5","5","10"
"荆南节度使高","5","5","10"
"节度使安彦威","5","5","10"
"枢密院直学士","5","5","10"
"州节度使杨光","5","5","10"
"州节度使安审","5","5","10"
"节度使范延光","5","5","10"
"节度使高行周","5","5","10"
"成德军节度使","5","5","10"
"襄州行营都部","5","5","10"
"行营都部署高","5","5","10"
"营都部署高行","5","5","10"
"侍卫马步军都","4","6","10"
"晋昌军节度使","5","5","10"
"节度使符彦卿","5","5","10"
"节度使王彦超","5","5","10"
"都指挥使李重","5","5","10"
"指挥使李重进","5","5","10"
"马军步军都指","0","10","10"
"中书门下上奏","0","10","10"
"高祖进入洛阳","0","10","10"
"年春正月一日","0","10","10"
"厢马军都指挥","5","4","9"
"加开府仪同三","7","2","9"
"衙内都指挥使","5","4","9"
"行营马步军都","5","4","9"
"威塞等军蕃汉","5","4","9"
"节度使杜重威","4","5","9"
"检校尚书右仆","4","5","9"
"校尚书右仆射","4","5","9"
"北面行营马步","5","4","9"
"为北面招讨使","0","9","9"
"淮南杨溥派使","0","9","9"
"南杨溥派使者","0","9","9"
"派使者进贡土","0","9","9"
"停止上朝一天","0","9","9"
"元殿接受朝贺","0","9","9"
"四面行营都统","4","4","8"
"诸军都指挥使","7","1","8"
"节度使谢彦章","4","4","8"
"州节度使王彦","4","4","8"
"迎銮毅勇功臣","4","4","8"
"州马步军都指","5","3","8"
"检校刑部尚书","4","4","8"
"面行营都招讨","4","4","8"
"右金吾卫上将","4","4","8"
"厢步军都指挥","4","4","8"
"东北面行营都","4","4","8"
"义军节度使李","4","4","8"
"义节度使李嗣","4","4","8"
"军节度使李存","4","4","8"
"宣徽使李绍宏","4","4","8"
"武军节度使李","3","5","8"
"节度使李存审","4","4","8"
"州节度使李嗣","4","4","8"
"定州节度使王","4","4","8"
"太子少保致仕","7","1","8"
"节度使石敬瑭","4","4","8"
"邢州节度使安","4","4","8"
"节度使安审琦","4","4","8"
"州节度使安重","4","4","8"
"天下兵马副元","4","4","8"
"下兵马副元帅","4","4","8"
"指挥使杜重威","4","4","8"
"南面行营都部","4","4","8"
"州节度使安彦","4","4","8"
"节度使张彦泽","4","4","8"
"州节度使张彦","4","4","8"
"州节度使马希","4","4","8"
"护圣左厢都指","4","4","8"
"圣左厢都指挥","4","4","8"
"都指挥使曹英","4","4","8"
"行军司马何敬","4","4","8"
"澶州节度使郭","2","6","8"
"殿前都指挥使","4","4","8"
"卫都指挥使李","4","4","8"
"归德军节度使","4","4","8"
"黄河以北各州","0","8","8"
"加封同平章事","0","8","8"
"加封检校太保","0","8","8"
"晋高祖石敬瑭","0","8","8"
"加封检校太师","0","8","8"
"武皇派李嗣昭","0","8","8"
"有关官员上奏","0","8","8"
"使者进贡土产","0","8","8"
"晋高祖进入洛","0","8","8"
"任许州节度使","0","8","8"
"高祖登上帝位","0","8","8"
"州节度使李绍","4","3","7"
"左金吾上将军","4","3","7"
"青州节度使王","3","4","7"
"镇海军节度使","2","5","7"
"军节度副大使","4","3","7"
"行营马步都虞","4","3","7"
"营马步都虞候","4","3","7"
"监门卫上将军","4","3","7"
"面行营副招讨","4","3","7"
"西南面招讨使","4","3","7"
"军节度使李嗣","3","4","7"
"书上大唐皇帝","5","2","7"
"枢密使安重诲","3","4","7"
"塞等军蕃汉马","4","3","7"
"六军诸卫副使","3","4","7"
"蕃汉马步军总","1","6","7"
"汉马步军总管","1","6","7"
"都指挥使杜重","4","3","7"
"湖南节度使马","3","4","7"
"南节度使马希","3","4","7"
"改赐功臣名号","4","3","7"
"牙内都指挥使","3","4","7"
"徐州节度使刘","1","6","7"
"步军总指挥使","0","7","7"
"为河阳节度使","0","7","7"
"事情不能成功","0","7","7"
"增加食邑实封","0","7","7"
"任郓州节度使","0","7","7"
"元殿接受朝拜","0","7","7"
"节度使兼侍卫","0","7","7"
"太子太师致仕","6","0","6"
"中节度使王重","3","3","6"
"左金吾卫大将","3","3","6"
"军容使田令孜","3","3","6"
"节度使安师儒","3","3","6"
"加食邑三千户","3","3","6"
"州节度使刘知","3","3","6"
"节度使刘知俊","3","3","6"
"节度使罗绍威","3","3","6"
"节度使王审知","3","3","6"
"军都指挥使何","3","3","6"
"魏博节度使杨","2","4","6"
"博节度使杨师","2","4","6"
"先锋步军都指","3","3","6"
"锋步军都指挥","3","3","6"
"月二十九日夜","3","3","6"
"节度使戴思远","3","3","6"
"许州节度使谢","3","3","6"
"州节度使谢彦","3","3","6"
"濮州刺史孟审","3","3","6"
"州刺史孟审澄","3","3","6"
"等州观察处置","4","2","6"
"武信军节度使","3","3","6"
"乾宁元年三月","3","3","6"
"北面行营副招","3","3","6"
"右金吾上将军","3","3","6"
"州节度使张万","3","3","6"
"节度使张万进","3","3","6"
"武皇遣李嗣昭","6","0","6"
"相州节度使张","3","3","6"
"横海军节度使","3","3","6"
"豆卢革率百官","3","3","6"
"魏国夫人刘氏","3","3","6"
"左龙武大将军","3","3","6"
"宏文馆大学士","6","0","6"
"内外蕃汉马步","3","3","6"
"凤翔节度使李","3","3","6"
"蕃汉马步军都","2","4","6"
"右金吾大将军","3","3","6"
"六军使王宗弼","3","3","6"
"武德使史彦琼","3","3","6"
"兴唐尹王正言","3","3","6"
"北面副招讨使","3","3","6"
"副招讨使任圜","3","3","6"
"严卫都指挥使","3","3","6"
"河中节度使安","3","3","6"
"谏议大夫卢损","3","3","6"
"枢密副使刘延","3","3","6"
"密副使刘延朗","3","3","6"
"河东节度使石","3","3","6"
"东节度使石敬","3","3","6"
"定州节度使杨","3","3","6"
"营马步军都虞","3","3","6"
"忠正军节度使","3","3","6"
"军都指挥使宋","3","3","6"
"都指挥使宋审","3","3","6"
"指挥使宋审虔","3","3","6"
"彰武军节度使","3","3","6"
"汴州节度使范","3","3","6"
"州节度使范延","3","3","6"
"都虞候张令昭","3","3","6"
"节度使刘延皓","3","3","6"
"军节度使高行","3","3","6"
"部侍郎张昭远","3","3","6"
"枢密使赵延寿","3","3","6"
"州节度使王承","3","3","6"
"镇州节度使王","3","3","6"
"节度使王承捷","3","3","6"
"川节度副大使","3","3","6"
"行营马军都指","3","3","6"
"营马军都指挥","3","3","6"
"面水陆转运使","3","3","6"
"都指挥使梁汉","3","3","6"
"观察判官张宪","3","3","6"
"保义军节度使","3","3","6"
"耀忠匡定保节","3","3","6"
"忠匡定保节功","3","3","6"
"匡定保节功臣","3","3","6"
"州节度使符彦","3","3","6"
"监修国史赵莹","3","3","6"
"澶州刺史冯晖","3","3","6"
"节度使马希范","3","3","6"
"镇东等军节度","3","3","6"
"节度使桑维翰","3","3","6"
"归义军节度使","3","3","6"
"州节度使马全","3","3","6"
"节度使马全节","3","3","6"
"镇州节度使安","3","3","6"
"节度使安重荣","3","3","6"
"贝州节度使王","3","3","6"
"吴越国王钱元","3","3","6"
"宋州节度使安","3","3","6"
"后唐同光三年","2","4","6"
"都指挥使李守","3","3","6"
"指挥使李守贞","3","3","6"
"节度使王令温","3","3","6"
"青州节度使杨","3","3","6"
"州节度使何建","3","3","6"
"三年冬十一月","3","3","6"
"授银青光禄大","4","2","6"
"彰德军节度使","3","3","6"
"左右厢都指挥","3","3","6"
"节度使马希萼","3","3","6"
"澶州节度使李","3","3","6"
"州节度使李洪","3","3","6"
"节度使李洪义","3","3","6"
"都指挥使王殷","3","3","6"
"都指挥使郭崇","3","3","6"
"内客省使阎晋","3","3","6"
"客省使阎晋卿","3","3","6"
"滑州节度使白","3","3","6"
"侍卫马军指挥","3","3","6"
"子澶州节度使","4","2","6"
"军都指挥使曹","3","3","6"
"州节度使郭崇","3","3","6"
"武平军节度使","3","3","6"
"宁州刺史张建","3","3","6"
"州刺史张建武","3","3","6"
"前都指挥使张","3","3","6"
"都指挥使张永","3","3","6"
"指挥使张永德","3","3","6"
"朗州节度使王","3","3","6"
"州节度使王进","3","3","6"
"节度使王进逵","3","3","6"
"检校国子祭酒","3","3","6"
"镇海军节度副","3","3","6"
"节度使王处直","3","3","6"
"管内观察处置","3","3","6"
"太祖答应了他","0","6","6"
"黎阳渡过黄河","0","6","6"
"封为检校太傅","0","6","6"
"太祖镇守汴州","0","6","6"
"祖镇守汴州时","0","6","6"
"加封为检校司","0","6","6"
"加封检校司徒","0","6","6"
"任天平军节度","0","6","6"
"派使者来求援","0","6","6"
"为邢州节度使","0","6","6"
"五日黎明以前","0","6","6"
"任河中节度使","0","6","6"
"去世而停止上","0","6","6"
"世而停止上朝","0","6","6"
"庄宗进入汴州","0","6","6"
"州节度使刘斌","0","6","6"
"节度使刘斌贝","0","6","6"
"今上赵匡胤领","0","6","6"
"许州节度使李","3","2","5"
"御文明殿受朝","5","0","5"
"文明殿受朝贺","5","0","5"
"右厢马军都指","3","2","5"
"京马步军都指","3","2","5"
"节度观察留后","3","2","5"
"马步军副都指","3","2","5"
"步军副都指挥","3","2","5"
"军副都指挥使","3","2","5"
"国军节度留后","2","3","5"
"寻加同平章事","5","0","5"
"中节度使王珂","2","3","5"
"军马步都指挥","4","1","5"
"镇南军节度使","2","3","5"
"检校尚书左仆","3","2","5"
"校尚书左仆射","3","2","5"
"邢州节度使李","2","3","5"
"武皇令李存审","3","2","5"
"振武节度使李","3","2","5"
"四月二十五日","1","4","5"
"卢革率百官上","3","2","5"
"致书上大唐皇","4","1","5"
"枢密承旨段徊","3","2","5"
"大行皇太后谥","2","3","5"
"厢马步都虞候","3","2","5"
"行营右厢马步","3","2","5"
"司空门下侍郎","5","0","5"
"前邢州节度使","3","2","5"
"左卫上将军李","3","2","5"
"等军蕃汉马步","4","1","5"
"右监门上将军","2","3","5"
"节度判官任圜","2","3","5"
"北面行营马军","2","3","5"
"齐州防御使秘","3","2","5"
"州防御使秘琼","3","2","5"
"客省使李守贞","3","2","5"
"中书侍郎平章","2","3","5"
"书侍郎平章事","2","3","5"
"东等军节度使","2","3","5"
"威武军节度使","2","3","5"
"十一月二十七","1","4","5"
"一月二十七日","1","4","5"
"卫马步军都虞","2","3","5"
"天地宗庙社稷","3","2","5"
"卫马步军都指","2","3","5"
"军都指挥使郭","3","2","5"
"夏州节度使李","2","3","5"
"州节度使李彝","2","3","5"
"节度使李彝殷","2","3","5"
"前邓州节度使","3","2","5"
"神武统军张彦","3","2","5"
"武统军张彦泽","3","2","5"
"行营步军都指","3","2","5"
"营步军都指挥","3","2","5"
"军节度使杜重","2","3","5"
"徐州节度使赟","5","0","5"
"十二月二十日","1","4","5"
"皇子澶州节度","4","1","5"
"江南国主李景","5","0","5"
"部尚书张昭上","2","3","5"
"海军节度副使","2","3","5"
"州节度使王处","2","3","5"
"加封太祖为检","0","5","5"
"封太祖为检校","0","5","5"
"太祖派葛从周","0","5","5"
"庶人朱友王圭","0","5","5"
"从黎阳渡过黄","0","5","5"
"率领步兵骑兵","0","5","5"
"为河中节度使","0","5","5"
"任同州节度使","0","5","5"
"加封为同平章","0","5","5"
"封为同平章事","0","5","5"
"善于骑马射箭","0","5","5"
"为滑州节度使","0","5","5"
"为昭义军节度","0","5","5"
"为陕州节度使","0","5","5"
"步兵骑兵三万","0","5","5"
"庄宗派周德威","0","5","5"
"追赠为太子太","0","5","5"
"杨溥派使者进","0","5","5"
"司空兼门下侍","0","5","5"
"空兼门下侍郎","0","5","5"
"州节度使李从","0","5","5"
"仪仗侍卫按礼","0","5","5"
"仗侍卫按礼行","0","5","5"
"侍卫按礼行事","0","5","5"
"使者进贡地方","0","5","5"
"高祖登上皇位","0","5","5"
"追赠为尚书令","0","5","5"
"后汉高祖登上","0","5","5"
"契丹所任命的","0","5","5"
"在灵柩前即皇","0","5","5"
"灵柩前即皇帝","0","5","5"
"柩前即皇帝位","0","5","5"
"汉高祖刘知远","0","5","5"
"打败淮南贼军","0","5","5"
"任天下兵马都","0","5","5"
"前许州节度使","3","1","4"
"月二十一日夜","2","2","4"
"节度使诸葛爽","2","2","4"
"时河中节度使","2","2","4"
"节度使王重荣","2","2","4"
"河中行营副招","2","2","4"
"中行营副招讨","2","2","4"
"北面都招讨使","2","2","4"
"观军容使田令","2","2","4"
"滑州节度使安","2","2","4"
"州节度使安师","2","2","4"
"扬州节度使高","2","2","4"
"州节度使高骈","2","2","4"
"文德元年正月","2","2","4"
"蔡州四面行营","2","2","4"
"州四面行营都","2","2","4"
"食实封一百户","3","1","4"
"宣义军节度使","2","2","4"
"节度使李克恭","2","2","4"
"军节度使留后","2","2","4"
"襄州节度使赵","2","2","4"
"州节度使刘仁","2","2","4"
"节度使刘仁恭","2","2","4"
"护国军节度使","2","2","4"
"京兆尹郑元规","2","2","4"
"同州节度使刘","2","2","4"
"户部尚书致仕","4","0","4"
"宰臣百官上表","2","2","4"
"百官上表称贺","2","2","4"
"建节度使王审","2","2","4"
"招讨使杨师厚","2","2","4"
"怀州刺史段明","2","2","4"
"州刺史段明远","2","2","4"
"节度使牛存节","2","2","4"
"淮南西北面行","2","2","4"
"南西北面行营","2","2","4"
"西北面行营招","2","2","4"
"行营先锋步军","2","2","4"
"营先锋步军都","2","2","4"
"州留后李保衡","2","2","4"
"许州节度使王","2","2","4"
"滑州宣义军节","2","2","4"
"州宣义军节度","2","2","4"
"捉生都将李霸","2","2","4"
"捉生都将张温","2","2","4"
"节度使张筠弃","2","2","4"
"度使张筠弃城","2","2","4"
"邢州节度使阎","2","2","4"
"州节度使阎宝","2","2","4"
"沧州节度使戴","2","2","4"
"州节度使戴思","2","2","4"
"度使戴思远弃","2","2","4"
"使戴思远弃城","2","2","4"
"时租庸使赵岩","2","2","4"
"北面招讨使贺","2","2","4"
"面招讨使贺瑰","2","2","4"
"行营诸军马步","4","0","4"
"诸军马步都虞","4","0","4"
"军马步军副都","2","2","4"
"滑州节度使贺","2","2","4"
"州节度使贺瑰","2","2","4"
"道行营都招讨","2","2","4"
"先锋将康延孝","2","2","4"
"滑州节度使王","2","2","4"
"节度使王彦章","2","2","4"
"棣州刺史张蟾","2","2","4"
"国军节度使王","2","2","4"
"伪武信军节度","2","2","4"
"文德元年四月","2","2","4"
"累官检校太尉","4","0","4"
"乾宁二年五月","2","2","4"
"道盐铁转运使","2","2","4"
"泽州刺史安金","2","2","4"
"州刺史安金俊","2","2","4"
"化元年十二月","2","2","4"
"检校左散骑常","2","2","4"
"校左散骑常侍","2","2","4"
"检校礼部尚书","2","2","4"
"庶人友珪篡位","4","0","4"
"检校兵部尚书","2","2","4"
"行营都指挥使","2","2","4"
"马步军都排阵","3","1","4"
"步军都排阵使","2","2","4"
"东南面行营都","2","2","4"
"南面行营都招","2","2","4"
"赠左散骑常侍","4","0","4"
"开平二年十月","2","2","4"
"左监门卫上将","2","2","4"
"授滑州节度使","3","1","4"
"泰宁军节度使","2","2","4"
"左监门上将军","2","2","4"
"授检校左仆射","3","1","4"
"左厢步军都指","2","2","4"
"北面行营都统","2","2","4"
"节度使李克修","2","2","4"
"令都指挥使李","2","2","4"
"武皇遣周德威","4","0","4"
"李嗣昭率兵三","2","2","4"
"汴将氏叔琮率","2","2","4"
"武皇令李嗣昭","2","2","4"
"汾州刺史李瑭","2","2","4"
"武皇讨王行瑜","4","0","4"
"召监军张承业","3","1","4"
"监军使张承业","2","2","4"
"宁国军节度使","1","3","4"
"副总管李存审","2","2","4"
"存审检校太傅","2","2","4"
"华州节度使尹","2","2","4"
"州节度使尹皓","2","2","4"
"代州刺史王建","2","2","4"
"镇州大将张文","2","2","4"
"州大将张文礼","2","2","4"
"天平节度使阎","2","2","4"
"平节度使阎宝","2","2","4"
"成德军兵马留","2","2","4"
"德军兵马留后","2","2","4"
"同军节度使李","2","2","4"
"节度使李存璋","2","2","4"
"汉马步总管李","2","2","4"
"马步总管李存","2","2","4"
"步总管李存审","2","2","4"
"河东节度判官","2","2","4"
"右先锋指挥使","2","2","4"
"内外文武臣僚","3","1","4"
"许州匡国军节","2","2","4"
"州匡国军节度","2","2","4"
"匡国军节度使","2","2","4"
"中书门下上言","4","0","4"
"新罗王金朴英","2","2","4"
"安义军节度使","2","2","4"
"军节度使李继","2","2","4"
"节度使李继韬","2","2","4"
"高祖神尧皇帝","2","2","4"
"御明堂殿受朝","4","0","4"
"故宣武军节度","2","2","4"
"武军节度副使","2","2","4"
"宰臣豆卢革率","3","1","4"
"臣豆卢革率百","3","1","4"
"解县两池榷盐","2","2","4"
"革率百官上表","2","2","4"
"楚州防御使张","2","2","4"
"州防御使张继","2","2","4"
"防御使张继孙","2","2","4"
"左谏议大夫窦","2","2","4"
"谏议大夫窦专","2","2","4"
"南杨溥遣使贡","4","0","4"
"沧州节度使李","2","2","4"
"东北面招讨使","2","2","4"
"潞州叛将杨立","2","2","4"
"判吏部尚书铨","2","2","4"
"刑部尚书李琪","2","2","4"
"部尚书李琪充","2","2","4"
"河南县令罗贯","2","2","4"
"北面行营都招","2","2","4"
"南节度使高季","2","2","4"
"节度使高季兴","2","2","4"
"节度使李严","4","0","4"
"同州节度使李","2","2","4"
"州节度使李令","2","2","4"
"节度使李令德","2","2","4"
"西京留守张筠","2","2","4"
"华州节度使毛","2","2","4"
"州节度使毛璋","2","2","4"
"行营左厢马步","2","2","4"
"州节度使董璋","2","2","4"
"军左厢马军都","2","2","4"
"左厢马军都指","2","2","4"
"右厢步军都指","2","2","4"
"吏部尚书李琪","2","2","4"
"文武百官上表","1","3","4"
"伪枢密使宋光","2","2","4"
"枢密使宋光嗣","2","2","4"
"宰相豆卢革等","2","2","4"
"节度使高万兴","2","2","4"
"西平王李继麟","2","2","4"
"军士皇甫晖等","2","2","4"
"东北面副招讨","2","2","4"
"枢密使李绍宏","2","2","4"
"指挥使杨思权","2","2","4"
"卫都指挥使尹","2","2","4"
"都指挥使尹晖","2","2","4"
"宣徽南院使孟","2","2","4"
"徽南院使孟汉","2","2","4"
"南院使孟汉琼","2","2","4"
"端明殿学士韩","2","2","4"
"明殿学士韩昭","2","2","4"
"顺化军节度使","2","2","4"
"太常卿卢文纪","2","2","4"
"左威卫大将军","2","2","4"
"左武卫上将军","2","2","4"
"秦州节度使张","2","2","4"
"州节度使张延","2","2","4"
"面马军都指挥","2","2","4"
"彰国军节度使","2","2","4"
"州节度使张温","2","2","4"
"御史中丞卢损","2","2","4"
"卫上将军王景","2","2","4"
"上将军王景戡","2","2","4"
"州节度使杨汉","2","2","4"
"节度使杨汉章","2","2","4"
"州节度使康思","2","2","4"
"节度使康思立","2","2","4"
"卫上将军李顷","2","2","4"
"晋州节度使张","2","2","4"
"大同彰国振武","3","1","4"
"同彰国振武威","3","1","4"
"彰国振武威塞","3","1","4"
"国振武威塞等","3","1","4"
"振武威塞等军","3","1","4"
"武威塞等军蕃","3","1","4"
"驸马都尉石敬","2","2","4"
"马都尉石敬瑭","2","2","4"
"前晋州节度使","2","2","4"
"太原四面兵马","2","2","4"
"面兵马都部署","2","2","4"
"四面副招讨使","2","2","4"
"指挥使安审信","2","2","4"
"节度使安叔千","2","2","4"
"捧圣都虞候张","2","2","4"
"圣都虞候张令","2","2","4"
"部尚书崔居俭","2","2","4"
"西京留守李周","2","2","4"
"前彰武军节度","2","2","4"
"武军节度使高","2","2","4"
"太原四面招抚","2","2","4"
"南面行营招讨","2","2","4"
"副招讨使杨光","2","2","4"
"招讨使杨光远","2","2","4"
"招讨使张敬达","2","2","4"
"东川节度使宋","2","2","4"
"汴州节度使萧","2","2","4"
"州节度使萧翰","2","2","4"
"云州都将王敬","2","2","4"
"州都将王敬晖","2","2","4"
"刺史张行恭弃","2","2","4"
"史张行恭弃城","2","2","4"
"州节度使安知","2","2","4"
"节度使安知建","2","2","4"
"度使安知建叛","2","2","4"
"庄宗命周德威","2","2","4"
"凤州节度使王","2","2","4"
"屯驻指挥使唐","2","2","4"
"驻指挥使唐景","2","2","4"
"指挥使唐景思","2","2","4"
"贞明二年四月","2","2","4"
"面行营马军都","2","2","4"
"授宋州节度使","3","1","4"
"凤翔行营都部","2","2","4"
"翔行营都部署","2","2","4"
"北面水陆转运","2","2","4"
"正言守礼部尚","2","2","4"
"言守礼部尚书","2","2","4"
"都行营招抚使","2","2","4"
"左监门卫将军","2","2","4"
"兴圣宫使李继","1","3","4"
"圣宫使李继岌","1","3","4"
"授开府仪同三","2","2","4"
"滑州兵马留后","2","2","4"
"年二月二十八","2","2","4"
"二月二十八日","2","2","4"
"赐耀忠匡定保","2","2","4"
"节度使杨汉宾","2","2","4"
"检校太子宾客","2","2","4"
"节度使卢文进","2","2","4"
"御史中丞张昭","2","2","4"
"史中丞张昭远","2","2","4"
"月五日昧爽前","4","0","4"
"指挥使白奉进","2","2","4"
"右卫上将军李","2","2","4"
"左谏议大夫薛","2","2","4"
"谏议大夫薛融","2","2","4"
"左散骑常侍韦","2","2","4"
"散骑常侍韦勋","2","2","4"
"节度使王继恭","2","2","4"
"英武明义皇帝","2","2","4"
"置节度观察使","2","2","4"
"西京留守高行","2","2","4"
"京留守高行周","2","2","4"
"泾州节度使张","2","2","4"
"右拾遗郑云叟","2","2","4"
"玉笥山道士罗","2","2","4"
"笥山道士罗隐","2","2","4"
"州节度使桑维","2","2","4"
"州刺史彭士愁","2","2","4"
"中节度使安审","2","2","4"
"节度使王建立","2","2","4"
"节度使安审晖","2","2","4"
"安州节度使马","2","2","4"
"州防御使杨承","2","2","4"
"节度使宋彦筠","2","2","4"
"襄州节度使安","2","2","4"
"宣徽南院使张","2","2","4"
"武德使焦继勋","2","2","4"
"军都指挥使杜","2","2","4"
"州节度使王周","2","2","4"
"左金吾卫将军","2","2","4"
"度使桑维翰加","2","2","4"
"都虞候景延广","2","2","4"
"虞候景延广加","2","2","4"
"河阳节度使王","2","2","4"
"州节度使杜重","2","2","4"
"右谏议大夫郑","2","2","4"
"谏议大夫郑受","2","2","4"
"议大夫郑受益","2","2","4"
"圣文章武明德","2","2","4"
"文章武明德孝","2","2","4"
"章武明德孝皇","2","2","4"
"武明德孝皇帝","2","2","4"
"六月二十七日","2","2","4"
"百官素服临天","4","0","4"
"官素服临天清","4","0","4"
"素服临天清殿","4","0","4"
"户部侍郎田敏","2","2","4"
"中书舍人杨昭","2","2","4"
"书舍人杨昭俭","2","2","4"
"州顺国军节度","2","2","4"
"顺国军节度使","2","2","4"
"河东节度使刘","2","2","4"
"东节度使刘知","2","2","4"
"节度使刘知远","2","2","4"
"洪州节度使马","2","2","4"
"节度使马希振","2","2","4"
"绥州刺史李彝","2","2","4"
"州刺史李彝敏","2","2","4"
"卫将军蔡行遇","2","2","4"
"州节度使王令","2","2","4"
"太子宾客聂延","2","2","4"
"子宾客聂延祚","2","2","4"
"右武卫上将军","2","2","4"
"易州刺史安审","2","2","4"
"州刺史安审约","2","2","4"
"军都指挥使安","2","2","4"
"墨县令王德柔","2","2","4"
"右神武统军张","2","2","4"
"北面行营都部","2","2","4"
"府州防御使折","1","3","4"
"左谏议大夫李","2","2","4"
"贝州节度使梁","2","2","4"
"州节度使梁汉","2","2","4"
"节度使梁汉璋","2","2","4"
"忠顺保义功臣","2","2","4"
"左骁卫大将军","2","2","4"
"尚书左丞田敏","2","2","4"
"蕃汉马步都虞","2","2","4"
"汉马步都虞候","2","2","4"
"授许州节度使","4","0","4"
"右监门卫大将","2","2","4"
"节度使周德威","2","2","4"
"睿文圣武昭肃","2","2","4"
"文圣武昭肃孝","2","2","4"
"圣武昭肃孝皇","2","2","4"
"武昭肃孝皇帝","2","2","4"
"秦州节度使何","2","2","4"
"相州节度使高","2","2","4"
"州节度使高唐","2","2","4"
"节度使高唐英","2","2","4"
"世祖光武皇帝","2","2","4"
"三月二十七日","2","2","4"
"三月二十四日","2","2","4"
"定州节度使孙","2","2","4"
"沂州刺史郭琼","2","2","4"
"朗州节度使马","2","2","4"
"卫都指挥使史","2","2","4"
"厢都指挥使郭","2","2","4"
"州副使陈光穗","2","2","4"
"节度使宋延渥","2","2","4"
"卫马军指挥使","2","2","4"
"马军指挥使郭","2","2","4"
"军指挥使郭崇","2","2","4"
"立徐州节度使","2","2","4"
"义成军节度使","2","2","4"
"户部员外郎张","2","2","4"
"部员外郎张贻","2","2","4"
"员外郎张贻肃","2","2","4"
"亲军马步军副","2","2","4"
"马步军副指挥","2","2","4"
"步军副指挥使","2","2","4"
"招讨使杜重威","2","2","4"
"巡检使乔守温","2","2","4"
"七月二十八日","2","2","4"
"行营都部署王","2","2","4"
"澶州节度使荣","4","0","4"
"广顺元年冬十","2","2","4"
"顺元年冬十月","2","2","4"
"湖南节度使边","2","2","4"
"南节度使边镐","2","2","4"
"节度副使王进","2","2","4"
"度副使王进逵","2","2","4"
"军司马何敬贞","3","1","4"
"指挥使周行逢","2","2","4"
"挥使周行逢等","2","2","4"
"充武平军节度","4","0","4"
"武平军节度副","2","2","4"
"平军节度副使","2","2","4"
"京兆府庄宅务","2","2","4"
"指挥使高绍基","2","2","4"
"前河阳节度使","2","2","4"
"镇州节度使何","2","2","4"
"州节度使何福","2","2","4"
"节度使何福进","2","2","4"
"圣神恭肃文武","2","2","4"
"神恭肃文武孝","2","2","4"
"恭肃文武孝皇","2","2","4"
"肃文武孝皇帝","2","2","4"
"睿武孝文皇帝","2","2","4"
"广顺元年正月","2","2","4"
"雄军节度使符","2","2","4"
"军节度使符彦","2","2","4"
"中节度使王彦","2","2","4"
"州节度使白重","2","2","4"
"节度使白重赞","2","2","4"
"军都指挥使樊","2","2","4"
"都指挥使樊爱","2","2","4"
"指挥使樊爱能","2","2","4"
"都指挥使何徽","2","2","4"
"郑州防御使史","2","2","4"
"州防御使史彦","2","2","4"
"防御使史彦超","2","2","4"
"军都指挥使韩","2","2","4"
"都指挥使韩令","2","2","4"
"指挥使韩令坤","2","2","4"
"西南面行营都","2","2","4"
"招讨使李重进","2","2","4"
"淮南节度使向","2","2","4"
"南节度使向训","2","2","4"
"淮南道行营都","2","2","4"
"濠州团练使郭","2","2","4"
"州团练使郭廷","2","2","4"
"团练使郭廷谓","2","2","4"
"淮南节度使杨","2","2","4"
"南节度使杨行","2","2","4"
"节度使杨行密","2","2","4"
"太府卿冯延鲁","2","2","4"
"卫尉少卿钟谟","2","2","4"
"郎改授银青光","2","2","4"
"改授银青光禄","2","2","4"
"前申州刺史马","2","2","4"
"申州刺史马铎","2","2","4"
"军司马何敬真","1","3","4"
"宣州节度使田","2","2","4"
"州大都督府长","2","2","4"
"大都督府长史","2","2","4"
"清海军节度使","2","2","4"
"西川节度副大","2","2","4"
"节度副大使知","2","2","4"
"度副大使知节","2","2","4"
"副大使知节度","2","2","4"
"大使知节度事","2","2","4"
"新州团练使李","2","2","4"
"存信进攻魏州","1","3","4"
"武节度使李存","2","2","4"
"节度使李存进","2","2","4"
"充翰林学士承","2","2","4"
"六军诸卫事李","1","3","4"
"捧日都指挥使","2","2","4"
"军都指挥使张","2","2","4"
"都指挥使张彦","2","2","4"
"指挥使张彦琪","2","2","4"
"州节度使皇甫","2","2","4"
"军节度使王承","2","2","4"
"相州彰德军节","2","2","4"
"州彰德军节度","2","2","4"
"军节度使侍卫","4","0","4"
"徐州节度使李","2","2","4"
"许州节度使符","2","2","4"
"神武统军潘环","2","2","4"
"马军左右厢都","2","2","4"
"军左右厢都指","2","2","4"
"步军左右厢都","2","2","4"
"军左右厢都排","2","2","4"
"左右厢都排阵","2","2","4"
"右厢都排阵使","2","2","4"
"行营马步军左","2","2","4"
"州管内观察处","2","2","4"
"内观察处置等","2","2","4"
"南尹张全义上","2","2","4"
"宣武军节度押","2","2","4"
"武军节度押牙","2","2","4"
"军节度押牙李","2","2","4"
"唐僖宗乾符年","0","4","4"
"黄巢攻陷长安","0","4","4"
"太祖为检校太","0","4","4"
"太祖亲自率领","0","4","4"
"率领精锐骑兵","0","4","4"
"以下一百多人","0","4","4"
"昭宗回到长安","0","4","4"
"部尚书辞官退","0","4","4"
"文明殿接受朝","0","4","4"
"明殿接受朝贺","0","4","4"
"刘知俊的弟弟","0","4","4"
"诏令有关部门","0","4","4"
"马步军总指挥","0","4","4"
"为天雄军节度","0","4","4"
"为大同军节度","0","4","4"
"行营各军马步","0","4","4"
"任平卢军节度","0","4","4"
"为北面行营招","0","4","4"
"被处死在大街","0","4","4"
"处死在大街上","0","4","4"
"唐庄宗李存勖","0","4","4"
"加封他为检校","0","4","4"
"封为检校司徒","0","4","4"
"任华州节度使","0","4","4"
"封为检校太保","0","4","4"
"封为检校太尉","0","4","4"
"历官至检校太","0","4","4"
"任陕州节度使","0","4","4"
"太祖接受禅让","0","4","4"
"为开府仪同三","0","4","4"
"马军总指挥使","0","4","4"
"朝廷授与检校","0","4","4"
"各军都指挥使","0","4","4"
"诏令追赠为太","0","4","4"
"派杨师厚领兵","0","4","4"
"追赠为右仆射","0","4","4"
"任徐州节度使","0","4","4"
"加封检校司空","0","4","4"
"为左散骑常侍","0","4","4"
"太祖派杨师厚","0","4","4"
"兼任侍卫亲军","0","4","4"
"任侍卫亲军马","0","4","4"
"皇派李嗣昭率","0","4","4"
"武皇派周德威","0","4","4"
"天祐五年一月","0","4","4"
"武皇讨伐王行","0","4","4"
"皇讨伐王行瑜","0","4","4"
"刘寻阝在莘县","0","4","4"
"契丹侵犯幽州","0","4","4"
"到明堂殿接受","0","4","4"
"明堂殿接受朝","0","4","4"
"堂殿接受朝贺","0","4","4"
"共上了三次表","0","4","4"
"溥派使者进贡","0","4","4"
"任宣武军节度","0","4","4"
"任宣徽北院使","0","4","4"
"任端明殿学士","0","4","4"
"退休的太子少","0","4","4"
"休的太子少保","0","4","4"
"氵名州团练使","0","4","4"
"兼侍卫马军都","0","4","4"
"任汴州节度使","0","4","4"
"晋高祖即位后","0","4","4"
"唐庄宗进入汴","0","4","4"
"追封谥号为孝","0","4","4"
"加封高祖为检","0","4","4"
"封高祖为检校","0","4","4"
"知道事情不能","0","4","4"
"道事情不能成","0","4","4"
"月五日黎明以","0","4","4"
"进贡地方土产","0","4","4"
"年春一月一日","0","4","4"
"派使者进贡地","0","4","4"
"停止上朝二天","0","4","4"
"为银青光禄大","0","4","4"
"再追赠为太尉","0","4","4"
"度使兼侍卫马","0","4","4"
"高祖镇守太原","0","4","4"
"祖镇守太原时","0","4","4"
"高祖幸临邺都","0","4","4"
"的儿子杨承勋","0","4","4"
"祖进入洛阳后","0","4","4"
"后唐同光末年","0","4","4"
"庄宗平定后梁","0","4","4"
"汉高祖登上帝","0","4","4"
"度使刘斌贝为","0","4","4"
"后汉高祖刘知","0","4","4"
"步兵骑兵一万","0","4","4"
"州节度使郭荣","0","4","4"
"进贡地方物产","0","4","4"
"有诏赐名号的","0","4","4"
"今上赵匡胤上","0","4","4"
"上赵匡胤上奏","0","4","4"
"到世宗所在地","0","4","4"
"军节度使兼侍","0","4","4"
"为北面行营马","0","4","4"
"东北面都招讨","1","2","3"
"就加帝检校太","3","0","3"
"赴水死者甚众","3","0","3"
"斩首二万余级","2","1","3"
"遣行军司马李","2","1","3"
"乾宁军老鸦堤","2","1","3"
"天复元年正月","2","1","3"
"州节度使王师","1","2","3"
"节度使王师范","1","2","3"
"授忠武军节度","2","1","3"
"海军节度使钱","1","2","3"
"军节度使杨师","2","1","3"
"东京马步军都","2","1","3"
"潞州行营都招","2","1","3"
"州行营都招讨","2","1","3"
"徐州节度使王","2","1","3"
"加食邑一千户","1","2","3"
"刺史王彦章弃","2","1","3"
"史王彦章弃城","2","1","3"
"生都将张温率","2","1","3"
"将侯温裕等军","3","0","3"
"营诸军马步都","3","0","3"
"匡国军节度观","2","1","3"
"国军节度观察","2","1","3"
"军节度观察留","2","1","3"
"戴思远攻德胜","2","1","3"
"加检校右散骑","3","0","3"
"充诸道盐铁转","2","1","3"
"诸道盐铁转运","2","1","3"
"授检校工部尚","3","0","3"
"加检校刑部尚","3","0","3"
"幽州刘仁恭率","1","2","3"
"卫上将军致仕","3","0","3"
"授潞州节度使","2","1","3"
"马步军指挥使","1","2","3"
"授河阳节度使","2","1","3"
"乾宁四年正月","2","1","3"
"转右龙虎统军","3","0","3"
"授北面行营副","2","1","3"
"武军都指挥使","1","2","3"
"右威卫上将军","2","1","3"
"依前检校太傅","2","1","3"
"顺二年春正月","2","1","3"
"皇遣李嗣昭率","3","0","3"
"李嗣源率亲军","2","1","3"
"刘守光僭称大","1","2","3"
"守光僭称大燕","1","2","3"
"光僭称大燕皇","1","2","3"
"僭称大燕皇帝","1","2","3"
"命周德威率兵","2","1","3"
"节度使硃友谦","3","0","3"
"大将张文礼杀","1","2","3"
"遥天平军节度","3","0","3"
"十二月二十三","1","2","3"
"二月二十三日","1","2","3"
"豆卢革判租庸","2","1","3"
"帝御明堂殿受","3","0","3"
"明堂殿受朝贺","3","0","3"
"国夫人刘氏皇","3","0","3"
"夫人刘氏皇后","3","0","3"
"令所司择日备","3","0","3"
"所司择日备礼","3","0","3"
"司择日备礼册","3","0","3"
"择日备礼册命","3","0","3"
"密使郭崇韬上","2","1","3"
"使郭崇韬上表","2","1","3"
"回鹘遣使贡方","3","0","3"
"鹘遣使贡方物","3","0","3"
"帝令枢密副使","2","1","3"
"称大汉国王致","2","1","3"
"大汉国王致书","2","1","3"
"汉国王致书上","2","1","3"
"国王致书上大","2","1","3"
"王致书上大唐","2","1","3"
"翔节度使李","3","0","3"
"营右厢马步都","2","1","3"
"右厢马步都虞","2","1","3"
"诸道行营都统","2","1","3"
"工部尚书任圜","1","2","3"
"枢密使侍中郭","2","1","3"
"年春正月戊午","3","0","3"
"继麟滑州节度","2","1","3"
"麟滑州节度使","2","1","3"
"宰臣冯道等率","3","0","3"
"维应顺元年岁","2","1","3"
"应顺元年岁次","2","1","3"
"顺元年岁次甲","2","1","3"
"元年岁次甲午","2","1","3"
"充端明殿学士","2","1","3"
"前邠州节度使","3","0","3"
"诏端明殿学士","3","0","3"
"卫上将军李肃","1","2","3"
"副使刘延朗宣","2","1","3"
"充枢密院直学","2","1","3"
"节度使张延朗","1","2","3"
"军蕃汉马步总","2","1","3"
"挥使安审信率","1","2","3"
"充侍卫马军都","3","0","3"
"屯驻捧圣都虞","2","1","3"
"驻捧圣都虞候","2","1","3"
"逐节度使刘延","2","1","3"
"指挥使石敬德","1","2","3"
"原四面招抚排","2","1","3"
"四面招抚排阵","2","1","3"
"面招抚排阵使","2","1","3"
"介国公宇文颉","2","1","3"
"武军节度使安","1","2","3"
"军节度使安叔","1","2","3"
"遣侍卫步军都","3","0","3"
"七月二十四日","1","2","3"
"宗命周德威率","1","2","3"
"功加检校太保","3","0","3"
"外蕃汉马步总","2","1","3"
"璋行营右厢马","3","0","3"
"二年四月十九","1","2","3"
"年四月十九日","1","2","3"
"授河南府参军","2","1","3"
"充西京副留守","2","1","3"
"魏州节度使罗","1","2","3"
"州节度使罗绍","1","2","3"
"庄宗平定魏博","1","2","3"
"授郑州防御使","2","1","3"
"曾见杜黄裳司","2","1","3"
"见杜黄裳司空","2","1","3"
"天成三年四月","1","2","3"
"行营右厢马军","1","2","3"
"功授检校太保","1","2","3"
"景福元年二月","1","2","3"
"同光四年二月","1","2","3"
"增食邑五百户","1","2","3"
"右金吾卫大将","1","2","3"
"前昭义军节度","2","1","3"
"一月二十五日","1","2","3"
"庄宗平定河南","1","2","3"
"奉国都指挥使","3","0","3"
"宰臣监修国史","2","1","3"
"臣监修国史赵","2","1","3"
"吴越王钱元瓘","3","0","3"
"南节度使高诲","3","0","3"
"右监门卫上将","2","1","3"
"侍御史知杂事","2","1","3"
"郓州范延光上","1","2","3"
"镇海镇东等军","2","1","3"
"海镇东等军节","2","1","3"
"宴群臣永福殿","3","0","3"
"前鄜州节度使","3","0","3"
"威胜军节度使","1","2","3"
"骁卫上将军李","1","2","3"
"溪州刺史彭士","1","2","3"
"越国王钱元瓘","3","0","3"
"部署高行周奏","3","0","3"
"节度使侍卫马","3","0","3"
"左威卫上将军","2","1","3"
"年十一月十日","2","1","3"
"告天地宗庙社","2","1","3"
"宰臣冯道等上","2","1","3"
"都指挥使郭谨","2","1","3"
"军张彦泽等率","1","2","3"
"京留守景延广","2","1","3"
"高祖建义太原","3","0","3"
"昭信军节度使","1","2","3"
"面行营马步都","2","1","3"
"月二十五日夜","2","1","3"
"州观察处置等","2","1","3"
"监门卫大将军","2","1","3"
"振武节度使周","2","1","3"
"武节度使周德","2","1","3"
"开运元年正月","2","1","3"
"汉马步军都指","1","2","3"
"节度使崔廷勋","1","2","3"
"前澶州节度使","2","1","3"
"契丹永康王乌","3","0","3"
"丹永康王乌裕","3","0","3"
"唐明宗淑妃王","2","1","3"
"明宗淑妃王氏","2","1","3"
"天福十二年六","1","2","3"
"福十二年六月","1","2","3"
"天下见禁罪人","3","0","3"
"乾祐元年正月","2","1","3"
"年正月二十七","1","2","3"
"正月二十七日","1","2","3"
"郢州刺史尹实","1","2","3"
"枢密使郭威奏","3","0","3"
"节度使侍卫亲","3","0","3"
"度使侍卫亲军","3","0","3"
"都指挥使史宏","3","0","3"
"指挥使史宏肇","3","0","3"
"静江军节度使","1","2","3"
"前沂州刺史郭","2","1","3"
"度使宋延渥开","2","1","3"
"使宋延渥开门","2","1","3"
"宋延渥开门迎","2","1","3"
"李筠等大合骑","2","1","3"
"指挥使郭崇率","2","1","3"
"议立徐州节度","2","1","3"
"思绾等数百人","2","1","3"
"潞州节度使李","1","2","3"
"侍卫马步都虞","2","1","3"
"卫马步都虞候","2","1","3"
"二年正月五日","1","2","3"
"十一月十四日","1","2","3"
"河东刘崇入寇","3","0","3"
"河西军节度使","2","1","3"
"武安军节度使","2","1","3"
"五月二十七日","1","2","3"
"广顺三年春正","2","1","3"
"顺三年春正月","2","1","3"
"开封尹功德使","3","0","3"
"令侍卫马步军","1","2","3"
"命侍卫马军都","1","2","3"
"显德二年十一","2","1","3"
"德二年十一月","2","1","3"
"南国主李景遣","3","0","3"
"度使王进逵上","1","2","3"
"王崇质等奉表","2","1","3"
"伪濠州团练使","1","2","3"
"辽州刺史张丕","1","2","3"
"州刺史张丕旦","1","2","3"
"七月二十一日","1","2","3"
"世宗亲征淮甸","2","1","3"
"校国子祭酒御","3","0","3"
"国子祭酒御史","3","0","3"
"子祭酒御史中","3","0","3"
"祭酒御史中丞","3","0","3"
"门下侍郎平章","1","2","3"
"下侍郎平章事","1","2","3"
"三月二十八日","1","2","3"
"师铎攻陷广陵","1","2","3"
"西道观察等使","2","1","3"
"内外马步军都","1","2","3"
"外马步军都指","1","2","3"
"乘胜进攻沧州","1","2","3"
"子徐州节度使","1","2","3"
"周广顺元年正","1","2","3"
"后唐庄宗同光","1","2","3"
"契丹回图使乔","1","2","3"
"丹回图使乔荣","1","2","3"
"贞明六年六月","1","2","3"
"徐州节度使蒋","1","2","3"
"州节度使蒋殷","1","2","3"
"军节度使李克","1","2","3"
"州刺史张行恭","1","2","3"
"东节度判官卢","1","2","3"
"节度判官卢质","1","2","3"
"军诸卫事李继","1","2","3"
"诸卫事李继岌","1","2","3"
"卫上将军李存","2","1","3"
"同光元年四月","1","2","3"
"郓州节度使李","1","2","3"
"太原四面马军","1","2","3"
"左神武统军潘","1","2","3"
"军右厢都指挥","1","2","3"
"天福元年十二","1","2","3"
"福元年十二月","1","2","3"
"食实封五百户","1","2","3"
"管内营田观察","2","1","3"
"十月二十五日","1","2","3"
"代州刺史张朗","1","2","3"
"以太子太师辞","0","3","3"
"太子太师辞官","0","3","3"
"子太师辞官退","0","3","3"
"太师辞官退隐","0","3","3"
"师辞官退隐的","0","3","3"
"二月二十一日","0","3","3"
"率领部下士兵","0","3","3"
"太祖派遣葛从","0","3","3"
"祖派遣葛从周","0","3","3"
"杀死一千多人","0","3","3"
"祖为检校太尉","0","3","3"
"太祖派朱珍率","0","3","3"
"祖派朱珍率领","0","3","3"
"太祖率领亲信","0","3","3"
"祖率领亲信部","0","3","3"
"率领亲信部队","0","3","3"
"所任命的节度","0","3","3"
"任命的节度使","0","3","3"
"步兵骑兵几万","0","3","3"
"兵骑兵几万人","0","3","3"
"葛从周放弃潞","0","3","3"
"从周放弃潞州","0","3","3"
"太祖率领大军","0","3","3"
"魏军一万多人","0","3","3"
"率领步卒骑兵","0","3","3"
"为齐州防御使","0","3","3"
"葛从周率领兖","0","3","3"
"杀死二万多人","0","3","3"
"太祖上表推荐","0","3","3"
"马慎交以下一","0","3","3"
"慎交以下一百","0","3","3"
"交以下一百多","0","3","3"
"答应了他的请","0","3","3"
"应了他的请求","0","3","3"
"元年正月一日","0","3","3"
"粮草供应不上","0","3","3"
"出动全部兵力","0","3","3"
"以下三十多人","0","3","3"
"九月二十七日","0","3","3"
"以户部尚书辞","0","3","3"
"户部尚书辞官","0","3","3"
"丘祭祀苍天上","0","3","3"
"祭祀苍天上帝","0","3","3"
"诏令大赦天下","0","3","3"
"庄园住宅各一","0","3","3"
"园住宅各一所","0","3","3"
"封为检校司空","0","3","3"
"朱友王圭杀害","0","3","3"
"为青州节度使","0","3","3"
"为沧州节度使","0","3","3"
"开封尹刘寻阝","0","3","3"
"全家自焚而死","0","3","3"
"为相州节度使","0","3","3"
"为华州节度使","0","3","3"
"刘寻阝从莘县","0","3","3"
"别将侯温裕等","0","3","3"
"都虞候朱王圭","0","3","3"
"营各军马步都","0","3","3"
"各军马步都虞","0","3","3"
"末帝停止上朝","0","3","3"
"帝停止上朝三","0","3","3"
"淮南吴国贼寇","0","3","3"
"后唐庄宗李存","0","3","3"
"銮毅勇功臣名","0","3","3"
"毅勇功臣名号","0","3","3"
"太祖平定兖州","0","3","3"
"跟从太祖平定","0","3","3"
"知俊的弟弟刘","0","3","3"
"俊的弟弟刘知","0","3","3"
"的弟弟刘知浣","0","3","3"
"唐僖宗在蜀地","0","3","3"
"蔡州贼寇秦宗","0","3","3"
"州贼寇秦宗权","0","3","3"
"皇帝出行所在","0","3","3"
"李嗣昭讨伐他","0","3","3"
"他的养子李继","0","3","3"
"并州统帅李克","0","3","3"
"州统帅李克用","0","3","3"
"梁末帝即位后","0","3","3"
"任北面招讨使","0","3","3"
"奏朝廷授与检","0","3","3"
"任左骁卫上将","0","3","3"
"人朱友王圭篡","0","3","3"
"州马军步军都","0","3","3"
"转任右龙虎统","0","3","3"
"任右龙虎统军","0","3","3"
"被加封为检校","0","3","3"
"保全他的性命","0","3","3"
"后晋高祖石敬","0","3","3"
"祖派杨师厚领","0","3","3"
"行营马军步军","0","3","3"
"营马军步军都","0","3","3"
"任滑州节度使","0","3","3"
"为魏博节度使","0","3","3"
"朱友王圭篡位","0","3","3"
"任镇南军节度","0","3","3"
"儿子朱令德为","0","3","3"
"任左卫上将军","0","3","3"
"任北面行营招","0","3","3"
"吐谷浑赫连铎","0","3","3"
"任昭义节度使","0","3","3"
"使者来求援军","0","3","3"
"派使者上奏章","0","3","3"
"武皇派李存孝","0","3","3"
"为同州节度使","0","3","3"
"李存信进攻魏","0","3","3"
"刘仁恭派使者","0","3","3"
"率步兵骑兵三","0","3","3"
"为云州节度使","0","3","3"
"史建瑭率三千","0","3","3"
"建瑭率三千骑","0","3","3"
"瑭率三千骑兵","0","3","3"
"听说庄宗军队","0","3","3"
"周德威从涿州","0","3","3"
"李存审率军队","0","3","3"
"庄宗回到晋阳","0","3","3"
"契丹侵犯边塞","0","3","3"
"李嗣源为检校","0","3","3"
"河中节度使朱","0","3","3"
"中节度使朱友","0","3","3"
"节度使朱友谦","0","3","3"
"派使者向庄宗","0","3","3"
"总管李存审为","0","3","3"
"遥领天平军节","0","3","3"
"领天平军节度","0","3","3"
"除去十恶五逆","0","3","3"
"内外文武官员","0","3","3"
"任宋州节度使","0","3","3"
"庄宗到明堂殿","0","3","3"
"国派使者进贡","0","3","3"
"按通常赦免仍","0","3","3"
"通常赦免仍不","0","3","3"
"常赦免仍不能","0","3","3"
"国夫人刘氏为","0","3","3"
"夫人刘氏为皇","0","3","3"
"人刘氏为皇后","0","3","3"
"选择日期准备","0","3","3"
"择日期准备礼","0","3","3"
"日期准备礼仪","0","3","3"
"庄宗到文明殿","0","3","3"
"回鹘派使者进","0","3","3"
"鹘派使者进贡","0","3","3"
"庄宗平定梁朝","0","3","3"
"三年一月一日","0","3","3"
"驾从京师出发","0","3","3"
"派使者上朝进","0","3","3"
"使者上朝进贡","0","3","3"
"新及第的进士","0","3","3"
"下诏令河南府","0","3","3"
"任凤翔节度使","0","3","3"
"璋为行营右厢","0","3","3"
"为行营右厢马","0","3","3"
"除了十恶五逆","0","3","3"
"为宣徽北院使","0","3","3"
"诏令端明殿学","0","3","3"
"令端明殿学士","0","3","3"
"到文明殿接受","0","3","3"
"任侍卫马军都","0","3","3"
"节度使安从进","0","3","3"
"节度使李从日","0","3","3"
"度使李从日严","0","3","3"
"契丹侵犯边境","0","3","3"
"任右卫上将军","0","3","3"
"蕃汉马军步军","0","3","3"
"任定州节度使","0","3","3"
"文武两班官员","0","3","3"
"度使范延光为","0","3","3"
"任镇州节度使","0","3","3"
"任蕃汉马步军","0","3","3"
"宗即皇帝位后","0","3","3"
"到汴州做人质","0","3","3"
"武皇命令李存","0","3","3"
"邢氵名节度使","0","3","3"
"明宗即皇帝位","0","3","3"
"庄宗派符存审","0","3","3"
"李继岌为都统","0","3","3"
"同光四年正月","0","3","3"
"任云州节度使","0","3","3"
"赵在礼占据魏","0","3","3"
"庄宗同光初年","0","3","3"
"有关官员议定","0","3","3"
"后晋天福二年","0","3","3"
"明宗继承皇位","0","3","3"
"保节功臣名号","0","3","3"
"高祖为检校太","0","3","3"
"契丹国主率领","0","3","3"
"禀告契丹国主","0","3","3"
"范延光率领所","0","3","3"
"契丹国主亲自","0","3","3"
"亲自率领各部","0","3","3"
"朝廷内外文武","0","3","3"
"在服丧期满后","0","3","3"
"任昭义军节度","0","3","3"
"左仆射刘日句","0","3","3"
"所任官职爵位","0","3","3"
"侍卫马军总指","0","3","3"
"卫马军总指挥","0","3","3"
"率领所属军队","0","3","3"
"吴越王钱元馞","0","3","3"
"担任天下兵马","0","3","3"
"封为吴越国王","0","3","3"
"南节度使高从","0","3","3"
"节度使高从诲","0","3","3"
"派遣使臣进贡","0","3","3"
"回鹘可汗杨仁","0","3","3"
"鹘可汗杨仁美","0","3","3"
"尚书辞官退隐","0","3","3"
"在永福殿宴请","0","3","3"
"契丹派遣使臣","0","3","3"
"州升格为防御","0","3","3"
"格为防御使级","0","3","3"
"为防御使级别","0","3","3"
"升格为防御使","0","3","3"
"年秋七月一日","0","3","3"
"举行册封礼仪","0","3","3"
"挥使杜重威为","0","3","3"
"越国王钱元馞","0","3","3"
"部署高行周上","0","3","3"
"署高行周上奏","0","3","3"
"再追赠为太傅","0","3","3"
"使兼侍卫马步","0","3","3"
"佛寺道观祈求","0","3","3"
"寺道观祈求下","0","3","3"
"道观祈求下雨","0","3","3"
"高祖驾临邺都","0","3","3"
"一共上了三次","0","3","3"
"到佛寺道观祈","0","3","3"
"佛寺道观祈祷","0","3","3"
"追赠太子太师","0","3","3"
"节度使李从温","0","3","3"
"任颍州团练使","0","3","3"
"少帝驾临崇元","0","3","3"
"帝驾临崇元殿","0","3","3"
"杨光远的儿子","0","3","3"
"二年春正月一","0","3","3"
"契丹国主坐在","0","3","3"
"于是渡过黄河","0","3","3"
"任金紫光禄大","0","3","3"
"下诏追赠太傅","0","3","3"
"后唐天成年间","0","3","3"
"任晋昌军节度","0","3","3"
"令追赠为尚书","0","3","3"
"为兖州节度使","0","3","3"
"后唐庄宗平定","0","3","3"
"唐庄宗平定后","0","3","3"
"晋高祖在太原","0","3","3"
"到后汉追尊为","0","3","3"
"后唐武皇李克","0","3","3"
"唐武皇李克用","0","3","3"
"上崇元殿接受","0","3","3"
"郇国公李从益","0","3","3"
"契丹永康王兀","0","3","3"
"丹永康王兀欲","0","3","3"
"赦免仍不能原","0","3","3"
"可在灵柩前即","0","3","3"
"枢密使郭威上","0","3","3"
"密使郭威上奏","0","3","3"
"度使兼侍卫亲","0","3","3"
"使兼侍卫亲军","0","3","3"
"所以有此任命","0","3","3"
"诏令黄河以北","0","3","3"
"令黄河以北各","0","3","3"
"王殷与李洪义","0","3","3"
"任侍卫步军都","0","3","3"
"任侍卫亲军都","0","3","3"
"为宋州节度使","0","3","3"
"为北面行营都","0","3","3"
"令有关部门选","0","3","3"
"有关部门选择","0","3","3"
"关部门选择日","0","3","3"
"部门选择日期","0","3","3"
"太祖到太平宫","0","3","3"
"领步兵骑兵一","0","3","3"
"已故贵妃张氏","0","3","3"
"者进贡地方物","0","3","3"
"一起设置一斋","0","3","3"
"太祖登崇元殿","0","3","3"
"祖登崇元殿接","0","3","3"
"登崇元殿接受","0","3","3"
"仪仗卫队按礼","0","3","3"
"太祖驾临西庄","0","3","3"
"开封尹兼功德","0","3","3"
"封尹兼功德使","0","3","3"
"发配到沙门岛","0","3","3"
"太祖登上帝位","0","3","3"
"于是亲自率领","0","3","3"
"诏赐名号的寺","0","3","3"
"赐名号的寺院","0","3","3"
"没有诏赐名号","0","3","3"
"南唐国主李景","0","3","3"
"命今上赵匡胤","0","3","3"
"使李重进上奏","0","3","3"
"今上赵匡胤率","0","3","3"
"为徐州节度使","0","3","3"
"以今上赵匡胤","0","3","3"
"今上赵匡胤为","0","3","3"
"校国子祭酒兼","0","3","3"
"国子祭酒兼御","0","3","3"
"子祭酒兼御史","0","3","3"
"祭酒兼御史中","0","3","3"
"酒兼御史中丞","0","3","3"
"这件事记载在","0","3","3"
"自称为节度使","0","3","3"
"兵骑兵一万人","0","3","3"
"听到周朝军队","0","3","3"
"节度使赵在礼","0","3","3"
"兼侍卫亲军马","0","3","3"
"庄宗蹶然兴曰","2","0","2"
"行台左骁卫将","1","1","2"
"台左骁卫将军","1","1","2"
"未量移者量移","2","0","2"
"太祖神武元圣","1","1","2"
"祖神武元圣孝","1","1","2"
"神武元圣孝皇","1","1","2"
"武元圣孝皇帝","1","1","2"
"唐广明元年十","1","1","2"
"广明元年十二","1","1","2"
"明元年十二月","1","1","2"
"夏州节度使诸","1","1","2"
"州节度使诸葛","1","1","2"
"度使诸葛爽率","1","1","2"
"东南面行营先","1","1","2"
"南面行营先锋","1","1","2"
"面行营先锋使","1","1","2"
"度使王重荣屯","1","1","2"
"充河中行营副","2","0","2"
"帝宣武军节度","2","0","2"
"时蔡州刺史秦","1","1","2"
"蔡州刺史秦宗","1","1","2"
"州刺史秦宗权","1","1","2"
"斩首二千余级","2","0","2"
"河东节度使李","1","1","2"
"东节度使李克","1","1","2"
"蔡州秦宗权继","1","1","2"
"杨行密互相攻","1","1","2"
"行密互相攻伐","1","1","2"
"加帝检校太尉","2","0","2"
"水部郎中王赞","1","1","2"
"部郎中王赞撰","1","1","2"
"命翰林承旨刘","1","1","2"
"翰林承旨刘崇","1","1","2"
"林承旨刘崇望","1","1","2"
"承旨刘崇望撰","1","1","2"
"增食邑三千户","2","0","2"
"蔡州四面副都","1","1","2"
"州四面副都统","1","1","2"
"孙儒攻陷扬州","1","1","2"
"龙纪元年正月","1","1","2"
"庞师古攻下宿","1","1","2"
"师古攻下宿迁","1","1","2"
"古攻下宿迁县","1","1","2"
"行军司马李璠","2","0","2"
"昭宗御延喜楼","2","0","2"
"大顺元年四月","1","1","2"
"逐刺史张绍光","1","1","2"
"沙陀援军石君","1","1","2"
"河东东面行营","1","1","2"
"东东面行营招","1","1","2"
"东面行营招讨","1","1","2"
"时朝廷宰臣张","1","1","2"
"朝廷宰臣张浚","1","1","2"
"请河阳节度使","1","1","2"
"遣丁会急攻宿","1","1","2"
"丁会急攻宿州","1","1","2"
"刺史张筠坚守","1","1","2"
"乾宁元年二月","1","1","2"
"蕃将何怀宝等","1","1","2"
"郓州兵马留后","1","1","2"
"光化元年正月","1","1","2"
"沧州节度使卢","1","1","2"
"州节度使卢廷","1","1","2"
"节度使卢廷彦","1","1","2"
"邢州刺史马师","1","1","2"
"州刺史马师素","1","1","2"
"刺史马师素弃","1","1","2"
"史马师素弃城","1","1","2"
"磁州刺史袁奉","1","1","2"
"州刺史袁奉滔","1","1","2"
"邢州昭义军节","1","1","2"
"州昭义军节度","1","1","2"
"义军节度使留","1","1","2"
"州节度使赵匡","1","1","2"
"节度使赵匡凝","1","1","2"
"遣氏叔琮率师","2","0","2"
"氏叔琮率师伐","2","0","2"
"时幽州节度使","1","1","2"
"幽州节度使刘","1","1","2"
"度使刘仁恭大","1","1","2"
"使刘仁恭大举","1","1","2"
"李思安等先屯","1","1","2"
"夺马二千余匹","2","0","2"
"丁会潞州节度","2","0","2"
"会潞州节度使","2","0","2"
"帅刘仁恭大举","1","1","2"
"刘仁恭大举援","2","0","2"
"逆战乾宁军老","2","0","2"
"战乾宁军老鸦","2","0","2"
"将佐马慎交下","2","0","2"
"佐马慎交下百","2","0","2"
"马慎交下百余","2","0","2"
"慎交下百余人","2","0","2"
"左军中尉刘季","1","1","2"
"军中尉刘季述","1","1","2"
"左右中尉刘季","1","1","2"
"右中尉刘季述","1","1","2"
"河东屯将李审","1","1","2"
"东屯将李审建","1","1","2"
"同州留后司马","1","1","2"
"太子太师卢知","1","1","2"
"子太师卢知猷","1","1","2"
"太师卢知猷等","1","1","2"
"师卢知猷等二","1","1","2"
"卢知猷等二百","1","1","2"
"知猷等二百六","1","1","2"
"猷等二百六十","1","1","2"
"等二百六十三","1","1","2"
"二百六十三人","1","1","2"
"节度使李继徽","1","1","2"
"晋军大举南下","1","1","2"
"晋州刺史氏叔","1","1","2"
"州刺史氏叔琮","1","1","2"
"命翰林学士韩","1","1","2"
"翰林学士韩渥","1","1","2"
"赵国夫人宠颜","1","1","2"
"华州留后李存","1","1","2"
"州留后李存审","1","1","2"
"押送军容使韩","1","1","2"
"送军容使韩全","1","1","2"
"军容使韩全诲","1","1","2"
"昭宗命学士传","1","1","2"
"护国等军节度","1","1","2"
"国等军节度使","1","1","2"
"诸道兵马副元","1","1","2"
"造竭忠守正功","1","1","2"
"竭忠守正功臣","1","1","2"
"偏将刘重霸擒","1","1","2"
"棣州刺史邵播","1","1","2"
"州刺史邵播献","1","1","2"
"兆尹郑元规等","1","1","2"
"密令医官许昭","1","1","2"
"令医官许昭远","1","1","2"
"荆南等二十一","1","1","2"
"南等二十一道","1","1","2"
"十二月乙酉朔","2","0","2"
"吏臧延范密告","1","1","2"
"拥大将史仁遇","2","0","2"
"大将史仁遇保","2","0","2"
"将史仁遇保高","2","0","2"
"史仁遇保高唐","2","0","2"
"开平元年正月","1","1","2"
"宰臣张文蔚等","1","1","2"
"高祖妫州府君","1","1","2"
"高平县君范氏","1","1","2"
"平县君范氏追","1","1","2"
"县君范氏追谥","1","1","2"
"秦国夫人杨氏","1","1","2"
"国夫人杨氏追","1","1","2"
"夫人杨氏追谥","1","1","2"
"吴国夫人刘氏","1","1","2"
"国夫人刘氏追","1","1","2"
"夫人刘氏追谥","1","1","2"
"晋国太夫人王","1","1","2"
"国太夫人王氏","1","1","2"
"太夫人王氏追","1","1","2"
"夫人王氏追谥","1","1","2"
"宣武节度副使","1","1","2"
"武节度副使皇","1","1","2"
"节度副使皇子","1","1","2"
"宰臣搜访贤良","1","1","2"
"改判建昌院事","1","1","2"
"四镇兵马仓库","1","1","2"
"姓犯文穆皇帝","1","1","2"
"招讨使刘知俊","1","1","2"
"装饰戈甲剑戟","1","1","2"
"右天武军河亭","1","1","2"
"西汉梁孝王时","1","1","2"
"泽州刺史刘重","1","1","2"
"州刺史刘重霸","1","1","2"
"刺史刘重霸面","1","1","2"
"史刘重霸面陈","1","1","2"
"刘重霸面陈破","1","1","2"
"重霸面陈破敌","1","1","2"
"六军统军牛存","1","1","2"
"军统军牛存节","1","1","2"
"常州东州镇杀","1","1","2"
"获战船一百二","1","1","2"
"宰臣文武百官","1","1","2"
"太庙四室神主","1","1","2"
"太常仪仗鼓吹","1","1","2"
"宣制大赦天下","2","0","2"
"太康县等九县","1","1","2"
"赏钱一万贯文","1","1","2"
"赏钱一千贯文","1","1","2"
"直右保胜指挥","1","1","2"
"右保胜指挥使","1","1","2"
"右龙虎军十将","1","1","2"
"龙虎军十将张","1","1","2"
"虎军十将张温","1","1","2"
"命宰臣杨涉赴","1","1","2"
"宰臣杨涉赴西","1","1","2"
"臣杨涉赴西都","1","1","2"
"开平三年九月","1","1","2"
"群臣文武百官","1","1","2"
"逆将李洪归降","1","1","2"
"臣百官上表称","1","1","2"
"开封府虞候李","1","1","2"
"封府虞候李继","1","1","2"
"府虞候李继业","1","1","2"
"襄州都指挥使","1","1","2"
"州都指挥使程","1","1","2"
"都指挥使程晖","1","1","2"
"都指挥使傅霸","1","1","2"
"左右内直控鹤","1","1","2"
"右内直控鹤等","1","1","2"
"内直控鹤等引","1","1","2"
"开平四年正月","1","1","2"
"叶县镇遏使冯","1","1","2"
"县镇遏使冯德","1","1","2"
"镇遏使冯德武","1","1","2"
"蔡州西平县界","1","1","2"
"州西平县界杀","1","1","2"
"沙陀振武贼帅","1","1","2"
"陀振武贼帅周","1","1","2"
"振武贼帅周德","1","1","2"
"武贼帅周德威","1","1","2"
"泾原贼帅李继","1","1","2"
"原贼帅李继鸾","1","1","2"
"节度使李仁福","1","1","2"
"度使李仁福兵","1","1","2"
"使李仁福兵力","1","1","2"
"供奉官张汉玫","1","1","2"
"国礼使杜廷隐","1","1","2"
"开平四年十月","1","1","2"
"乾化元年正月","1","1","2"
"诏征陕州镇国","1","1","2"
"征陕州镇国军","1","1","2"
"陕州镇国军节","1","1","2"
"州镇国军节度","1","1","2"
"右厢指挥使刘","1","1","2"
"厢指挥使刘行","1","1","2"
"指挥使刘行琮","1","1","2"
"挥使刘行琮乘","1","1","2"
"使刘行琮乘虚","1","1","2"
"刘行琮乘虚作","1","1","2"
"行琮乘虚作乱","1","1","2"
"左龙骧都教练","1","1","2"
"龙骧都教练使","1","1","2"
"骧都教练使邓","1","1","2"
"都教练使邓季","1","1","2"
"教练使邓季筠","1","1","2"
"魏博马军都指","1","1","2"
"博马军都指挥","1","1","2"
"都指挥使何令","1","1","2"
"指挥使何令稠","1","1","2"
"铁马步甲十万","1","1","2"
"乾化二年正月","1","1","2"
"判六军事张宗","1","1","2"
"工部尚书李皎","1","1","2"
"左散骑常侍孙","1","1","2"
"散骑常侍孙骘","1","1","2"
"右谏议大夫张","1","1","2"
"谏议大夫张衍","1","1","2"
"兵部侍郎刘邈","1","1","2"
"光禄少卿卢秉","1","1","2"
"禄少卿卢秉彝","1","1","2"
"知制诰窦赏等","1","1","2"
"制诰窦赏等十","1","1","2"
"诰窦赏等十五","1","1","2"
"窦赏等十五人","1","1","2"
"左常侍韦戬等","1","1","2"
"常侍韦戬等二","1","1","2"
"侍韦戬等二十","1","1","2"
"韦戬等二十三","1","1","2"
"戬等二十三人","1","1","2"
"军招讨使杨师","1","1","2"
"河阳留后邵赞","1","1","2"
"刺史段明远等","1","1","2"
"宰臣薛贻矩抱","1","1","2"
"元贞皇后张氏","1","1","2"
"二年六月二日","1","1","2"
"侍卫亲军袁象","1","1","2"
"卫亲军袁象先","1","1","2"
"令小校王舜贤","1","1","2"
"刘重遇部下龙","1","1","2"
"重遇部下龙骧","1","1","2"
"弘农郡王杨师","1","1","2"
"农郡王杨师厚","1","1","2"
"雄军节度使杨","1","1","2"
"将史建瑭赵州","2","0","2"
"万进青州节度","2","0","2"
"进青州节度使","2","0","2"
"时朝廷福王友","2","0","2"
"朝廷福王友璋","2","0","2"
"廷福王友璋镇","2","0","2"
"福王友璋镇徐","2","0","2"
"王友璋镇徐方","2","0","2"
"平军节度使牛","1","1","2"
"军节度使牛存","1","1","2"
"杨溥遣大将硃","2","0","2"
"溥遣大将硃瑾","2","0","2"
"天平军节度副","1","1","2"
"平军节度副大","1","1","2"
"同平章事牛存","1","1","2"
"平章事牛存节","1","1","2"
"租庸判官邵赞","1","1","2"
"罗绍威前恭后","1","1","2"
"绍威前恭后倨","1","1","2"
"卢军节度使贺","1","1","2"
"军节度使贺德","1","1","2"
"张筠相州节度","2","0","2"
"筠相州节度使","2","0","2"
"囚节度使贺德","2","0","2"
"都指挥使王彦","1","1","2"
"指挥使王彦章","1","1","2"
"三月二十九日","1","1","2"
"德伦亲军五百","1","1","2"
"邠州留后李保","2","0","2"
"河阳留后霍彦","1","1","2"
"阳留后霍彦威","1","1","2"
"彦威邠州节度","2","0","2"
"威邠州节度使","2","0","2"
"署泾州节度使","2","0","2"
"泾州节度使刘","1","1","2"
"节度使霍彦威","1","1","2"
"军都指挥使黄","1","1","2"
"都指挥使黄贵","1","1","2"
"指挥使黄贵坚","1","1","2"
"挥使黄贵坚守","1","1","2"
"德伦大同军节","2","0","2"
"伦大同军节度","2","0","2"
"二年春正月庚","2","0","2"
"命许州节度使","1","1","2"
"州节度使王檀","1","1","2"
"河阳节度使谢","1","1","2"
"阳节度使谢彦","1","1","2"
"汝州防御使王","1","1","2"
"州防御使王彦","1","1","2"
"防御使王彦章","1","1","2"
"宣义军节度副","1","1","2"
"义军节度副大","1","1","2"
"生都将李霸作","1","1","2"
"都将李霸作乱","1","1","2"
"龙骧都将杜晏","2","0","2"
"骧都将杜晏球","2","0","2"
"乱者惟李霸一","2","0","2"
"遣捉生都将张","2","0","2"
"都将张温率步","2","0","2"
"将张温率步骑","2","0","2"
"张温率步骑五","2","0","2"
"温率步骑五百","2","0","2"
"租庸使赵岩劝","1","1","2"
"贞明四年春正","1","1","2"
"明四年春正月","1","1","2"
"将谢彦章帅众","2","0","2"
"谢彦章帅众数","2","0","2"
"彦章帅众数万","2","0","2"
"章帅众数万迫","2","0","2"
"帅众数万迫杨","2","0","2"
"众数万迫杨刘","2","0","2"
"招讨使贺瑰杀","1","1","2"
"马步都虞候硃","2","0","2"
"依前行营诸军","2","0","2"
"押新罗渤海两","1","1","2"
"沛国郡开国侯","1","1","2"
"贞明五年春正","1","1","2"
"明五年春正月","1","1","2"
"贺瑰攻德胜南","2","0","2"
"瑰攻德胜南城","2","0","2"
"晋王魏州太原","2","0","2"
"许州留后王彦","1","1","2"
"州留后王彦章","1","1","2"
"留后王彦章等","1","1","2"
"削夺广州节度","1","1","2"
"夺广州节度使","1","1","2"
"南平王刘岩身","1","1","2"
"下兵马元帅钱","1","1","2"
"河中硃友谦袭","2","0","2"
"节度使程全晖","1","1","2"
"度使程全晖单","1","1","2"
"使程全晖单骑","1","1","2"
"供奉官郎公远","1","1","2"
"余众退保华州","2","0","2"
"众退保华州罗","2","0","2"
"退保华州罗文","2","0","2"
"保华州罗文寨","2","0","2"
"刺史惠王友能","2","0","2"
"龙德元年二月","1","1","2"
"镇州大将王德","1","1","2"
"州大将王德明","1","1","2"
"大将王德明杀","1","1","2"
"租庸使赵岩等","1","1","2"
"祠部员外郎李","1","1","2"
"部员外郎李枢","1","1","2"
"两都左右街赐","1","1","2"
"陈州刺史惠王","1","1","2"
"河东道行营都","1","1","2"
"东道行营都招","1","1","2"
"营都招讨使刘","1","1","2"
"北面招讨使戴","1","1","2"
"面招讨使戴思","1","1","2"
"招讨使戴思远","1","1","2"
"龙德二年春正","1","1","2"
"德二年春正月","1","1","2"
"急攻德胜北城","1","1","2"
"晋将李存审极","1","1","2"
"将李存审极力","1","1","2"
"李存审极力拒","1","1","2"
"存审极力拒守","1","1","2"
"刺史李存儒献","1","1","2"
"龙德三年春三","1","1","2"
"德三年春三月","1","1","2"
"晋潞州节度留","1","1","2"
"潞州节度留后","1","1","2"
"州节度留后李","1","1","2"
"节度留后李继","1","1","2"
"度留后李继韬","1","1","2"
"嗣昭潞州节度","2","0","2"
"昭潞州节度使","2","0","2"
"泽州刺史裴约","1","1","2"
"改天祐二十年","1","1","2"
"二十年同光元","2","0","2"
"十年同光元年","2","0","2"
"陈州刺史刘遂","1","1","2"
"州刺史刘遂严","1","1","2"
"州都指挥使燕","1","1","2"
"杨村寨浮河下","2","0","2"
"兵急攻博州新","1","1","2"
"锋将康延孝率","1","1","2"
"命滑州节度使","1","1","2"
"诏河南尹张全","2","0","2"
"南尹张全义收","1","1","2"
"尹张全义收葬","1","1","2"
"右监门卫将军","1","1","2"
"累官检校司空","2","0","2"
"太祖驻军岐下","1","1","2"
"岭南西道节度","1","1","2"
"南西道节度使","1","1","2"
"赐号迎銮毅勇","2","0","2"
"号迎銮毅勇功","2","0","2"
"友伦前锋夜渡","1","1","2"
"宁远军节度使","1","1","2"
"加检校左仆射","2","0","2"
"武宁军节度留","1","1","2"
"宁军节度留后","1","1","2"
"奉国军节度留","1","1","2"
"护国军节度留","1","1","2"
"天祐元年七月","1","1","2"
"州节度使齐克","1","1","2"
"授兗州节度使","2","0","2"
"厚利招诱太祖","1","1","2"
"时徐温父子恃","1","1","2"
"徐温父子恃宠","1","1","2"
"温父子恃宠专","1","1","2"
"天复三年七月","1","1","2"
"令杨师厚进攻","1","1","2"
"令副使李嗣业","1","1","2"
"征金吾上将军","2","0","2"
"亡夫横尸疆场","1","1","2"
"左开道指挥使","1","1","2"
"徐州马步军都","1","1","2"
"佑国军节度使","1","1","2"
"军节度使王重","1","1","2"
"节度使王重师","1","1","2"
"雍州节度使刘","1","1","2"
"州节度使刘捍","1","1","2"
"灵武节度使韩","1","1","2"
"武节度使韩逊","1","1","2"
"州都校李保衡","1","1","2"
"元年冬十二月","2","0","2"
"事节度使乐彦","1","1","2"
"节度使乐彦贞","1","1","2"
"光化元年八月","1","1","2"
"幽州刘仁恭拥","1","1","2"
"州刘仁恭拥兵","1","1","2"
"刘仁恭拥兵十","1","1","2"
"仁恭拥兵十万","1","1","2"
"斩首三万余级","1","1","2"
"遣长直军校马","1","1","2"
"长直军校马嗣","1","1","2"
"直军校马嗣勋","1","1","2"
"天祐三年正月","2","0","2"
"三年正月五日","1","1","2"
"扶天启运竭节","1","1","2"
"天启运竭节功","1","1","2"
"启运竭节功臣","1","1","2"
"唐僖宗光启三","1","1","2"
"僖宗光启三年","1","1","2"
"重荣部将常行","2","0","2"
"荣部将常行儒","2","0","2"
"部将常行儒所","2","0","2"
"珙陕州节度使","2","0","2"
"珙厚结王行瑜","1","1","2"
"忠武监军杨复","1","1","2"
"武监军杨复光","1","1","2"
"京畿安抚制置","1","1","2"
"畿安抚制置等","1","1","2"
"安抚制置等使","1","1","2"
"散随驾殿后军","1","1","2"
"随驾殿后军二","1","1","2"
"驾殿后军二万","1","1","2"
"殿后军二万人","1","1","2"
"捧日都头李筠","1","1","2"
"害太子詹事马","1","1","2"
"太子詹事马道","1","1","2"
"子詹事马道殷","1","1","2"
"将作监许岩士","1","1","2"
"天复元年十一","1","1","2"
"复元年十一月","1","1","2"
"遣泽州刺史安","2","0","2"
"刺史安金俊率","1","1","2"
"绛州刺史王友","1","1","2"
"州刺史王友遇","1","1","2"
"州行营四面都","1","1","2"
"行营四面都统","1","1","2"
"光化元年十二","1","1","2"
"沁州刺史傅瑶","1","1","2"
"州刺史傅瑶等","1","1","2"
"山南节度使刘","1","1","2"
"南节度使刘巨","1","1","2"
"节度使刘巨容","1","1","2"
"九寨都虞候王","1","1","2"
"寨都虞候王涓","1","1","2"
"尹万荣等三人","1","1","2"
"表授检校工部","2","0","2"
"大顺元年八月","1","1","2"
"景福二年二月","1","1","2"
"李胡椒等都将","1","1","2"
"晋将李嗣昭急","1","1","2"
"将李嗣昭急攻","1","1","2"
"李嗣昭急攻邢","1","1","2"
"嗣昭急攻邢州","1","1","2"
"宣义军行军司","1","1","2"
"义军行军司马","1","1","2"
"贺德伦守潞州","1","1","2"
"获将佐马慎交","1","1","2"
"徐州两使留后","1","1","2"
"天复元年三月","1","1","2"
"偃师县亳邑乡","1","1","2"
"都虞候硃珪所","2","0","2"
"杀彦章濮州刺","2","0","2"
"彦章濮州刺史","2","0","2"
"章濮州刺史孟","2","0","2"
"弟三人弃家投","1","1","2"
"贼将宗江等七","1","1","2"
"将宗江等七十","1","1","2"
"除河阳节度使","2","0","2"
"光启四年夏六","1","1","2"
"启四年夏六月","1","1","2"
"面行营都统使","1","1","2"
"司勋吏部员外","1","1","2"
"勋吏部员外郎","1","1","2"
"宰相裴枢等五","1","1","2"
"相裴枢等五家","1","1","2"
"检校水部郎中","1","1","2"
"授检校右仆射","2","0","2"
"开平三年夏四","1","1","2"
"平三年夏四月","1","1","2"
"金銮殿大学士","1","1","2"
"齐奉国等击退","1","1","2"
"东面都统齐克","1","1","2"
"都虞候张仁遇","1","1","2"
"先锋步军都头","1","1","2"
"滑州夹马指挥","1","1","2"
"州夹马指挥使","1","1","2"
"右厢马步军指","1","1","2"
"厢马步军指挥","1","1","2"
"加检校兵部尚","2","0","2"
"光化二年夏四","1","1","2"
"化二年夏四月","1","1","2"
"时幽州刘仁恭","1","1","2"
"晋州刺史张汉","1","1","2"
"州刺史张汉瑜","1","1","2"
"四镇通赞官行","1","1","2"
"镇通赞官行首","1","1","2"
"右长直都指挥","1","1","2"
"长直都指挥使","1","1","2"
"彦卿身长八尺","1","1","2"
"彦卿追感旧恩","1","1","2"
"授邓州节度使","2","0","2"
"天平军节度留","1","1","2"
"平军节度留后","1","1","2"
"授徐州节度使","2","0","2"
"左长剑都虞候","1","1","2"
"太祖赐名怀玉","1","1","2"
"授金紫光禄大","2","0","2"
"滑州右都押牙","1","1","2"
"右步军指挥使","1","1","2"
"王师范青州叛","2","0","2"
"华州观察留后","1","1","2"
"州马步都指挥","2","0","2"
"转左监门卫上","2","0","2"
"许州两使留后","1","1","2"
"彦章代戴思远","2","0","2"
"戴思远北面招","2","0","2"
"思远北面招讨","2","0","2"
"远北面招讨使","2","0","2"
"彦章舟师沿流","2","0","2"
"章舟师沿流下","2","0","2"
"彦章急攻杨刘","1","1","2"
"莱州刺史王师","1","1","2"
"州刺史王师诲","1","1","2"
"天复四年三月","1","1","2"
"山南东道节度","1","1","2"
"南东道节度留","1","1","2"
"东道节度留后","1","1","2"
"刘知俊同州叛","2","0","2"
"擒知俊弟知浣","2","0","2"
"知俊弟知浣献","2","0","2"
"太祖屡加督责","1","1","2"
"魏州衙内都指","1","1","2"
"州衙内都指挥","1","1","2"
"内都指挥使潘","1","1","2"
"都指挥使潘晏","1","1","2"
"侍卫军使袁象","1","1","2"
"卫军使袁象先","1","1","2"
"大军直抵镇州","1","1","2"
"军直抵镇州城","1","1","2"
"直抵镇州城下","1","1","2"
"乾化五年三月","1","1","2"
"置银枪效节军","1","1","2"
"致使河朔沦陷","1","1","2"
"前后斩首二十","1","1","2"
"斩首二十余级","2","0","2"
"太祖东讨郓州","1","1","2"
"都指挥使庞师","1","1","2"
"指挥使庞师古","1","1","2"
"加检校右仆射","2","0","2"
"宣武军都指挥","1","1","2"
"滑州左衙步军","1","1","2"
"州左衙步军指","1","1","2"
"左衙步军指挥","1","1","2"
"衙步军指挥使","1","1","2"
"发长直兵二千","1","1","2"
"长直兵二千人","1","1","2"
"元帅府左都押","1","1","2"
"帅府左都押衙","1","1","2"
"右千牛卫上将","1","1","2"
"千牛卫上将军","1","1","2"
"河南留守张全","1","1","2"
"南留守张全义","1","1","2"
"留守张全义召","1","1","2"
"州节度使王敬","1","1","2"
"节度使王敬武","1","1","2"
"心腹乘虚袭取","1","1","2"
"节度副使王彦","1","1","2"
"度副使王彦温","1","1","2"
"天复三年十一","1","1","2"
"复三年十一月","1","1","2"
"行军司马刘鄩","1","1","2"
"充侍卫亲军马","2","0","2"
"同州刘知俊反","1","1","2"
"同州军两使留","1","1","2"
"州军两使留后","1","1","2"
"乾化三年正月","1","1","2"
"精兵万人洹水","2","0","2"
"洹水移军魏县","1","1","2"
"鄩潜师黄泽西","2","0","2"
"潜师黄泽西趋","2","0","2"
"主上深居宫禁","1","1","2"
"兗州节度使张","2","0","2"
"度使张万进反","1","1","2"
"州安抚制置使","1","1","2"
"河东道招讨使","1","1","2"
"友谦袭取同州","2","0","2"
"乾宁二年十月","1","1","2"
"郓州都将贺瑰","1","1","2"
"荆南两使留后","1","1","2"
"行营左厢步军","1","1","2"
"营左厢步军都","1","1","2"
"充六军马步都","2","0","2"
"乾化二年七月","1","1","2"
"西面行营马步","1","1","2"
"营马步军都指","1","1","2"
"魏博节度使罗","1","1","2"
"博节度使罗绍","1","1","2"
"金方道副都护","1","1","2"
"九月二十二日","1","1","2"
"事防御使支谟","1","1","2"
"云中防边督将","1","1","2"
"请授武皇旄钺","1","1","2"
"浑赫连铎乘虚","1","1","2"
"弟三人四面应","1","1","2"
"义节度使李钧","1","1","2"
"命元帅李涿率","1","1","2"
"元帅李涿率兵","1","1","2"
"帅李涿率兵数","1","1","2"
"李涿率兵数万","1","1","2"
"武皇令军使傅","1","1","2"
"皇令军使傅文","1","1","2"
"令军使傅文达","1","1","2"
"朔州刺史高文","1","1","2"
"州刺史高文集","1","1","2"
"令河东监军陈","1","1","2"
"河东监军陈景","1","1","2"
"东监军陈景思","1","1","2"
"兄李司徒父子","1","1","2"
"武皇雁门节度","2","0","2"
"皇雁门节度使","2","0","2"
"王铎承制授武","2","0","2"
"铎承制授武皇","2","0","2"
"武皇东北面行","1","1","2"
"皇东北面行营","1","1","2"
"赵璋等引军十","1","1","2"
"璋等引军十五","1","1","2"
"等引军十五万","1","1","2"
"武皇进军渭桥","1","1","2"
"武皇率蕃汉师","2","0","2"
"河阳节度使诸","1","1","2"
"阳节度使诸葛","1","1","2"
"陈州北故阳里","1","1","2"
"平地水深数尺","1","1","2"
"监军使陈景思","1","1","2"
"光启元年三月","1","1","2"
"节度使王处存","1","1","2"
"王处存求援武","2","0","2"
"处存求援武皇","2","0","2"
"武皇遣大将康","2","0","2"
"皇遣大将康君","2","0","2"
"遣大将康君立","2","0","2"
"请削夺汴帅官","1","1","2"
"削夺汴帅官爵","1","1","2"
"内臣杨复恭宣","1","1","2"
"臣杨复恭宣旨","1","1","2"
"时观军容使田","1","1","2"
"时田令孜请僖","1","1","2"
"田令孜请僖宗","1","1","2"
"凤翔立嗣襄王","1","1","2"
"义节度使李克","1","1","2"
"光启三年六月","1","1","2"
"文德元年二月","1","1","2"
"龙纪元年五月","1","1","2"
"李存孝攻邢州","2","0","2"
"汴将王虔裕率","1","1","2"
"将王虔裕率精","1","1","2"
"汴将王虔裕三","1","1","2"
"将王虔裕三百","1","1","2"
"王虔裕三百人","1","1","2"
"虔裕三百人献","1","1","2"
"授昭义节度使","2","0","2"
"昭义节度使孙","1","1","2"
"义节度使孙揆","1","1","2"
"骑将薛阿檀率","1","1","2"
"将薛阿檀率前","1","1","2"
"薛阿檀率前军","1","1","2"
"阿檀率前军进","1","1","2"
"檀率前军进攻","1","1","2"
"武皇进军柳会","1","1","2"
"节度使李存孝","1","1","2"
"河阳赵克裕望","1","1","2"
"阳赵克裕望风","1","1","2"
"临城西北龙尾","1","1","2"
"城西北龙尾岗","1","1","2"
"武皇分兵大掠","1","1","2"
"武皇遣李存信","2","0","2"
"诱幽州李匡威","1","1","2"
"邢州李存孝叛","1","1","2"
"李匡威率兵赴","1","1","2"
"讨李存孝邢州","2","0","2"
"潞州节度使康","1","1","2"
"州节度使康君","1","1","2"
"节度使康君立","1","1","2"
"李匡俦夺兄位","2","0","2"
"安塞军戍将刘","1","1","2"
"塞军戍将刘仁","1","1","2"
"军戍将刘仁恭","1","1","2"
"仁恭数进画盖","2","0","2"
"恭数进画盖寓","2","0","2"
"李匡俦命大将","1","1","2"
"匡俦命大将率","1","1","2"
"俦命大将率步","1","1","2"
"仁恭入城抚劳","2","0","2"
"留腹心燕留德","2","0","2"
"腹心燕留德等","2","0","2"
"心燕留德等十","2","0","2"
"燕留德等十余","2","0","2"
"留德等十余人","2","0","2"
"德等十余人分","2","0","2"
"等十余人分典","2","0","2"
"十余人分典军","2","0","2"
"余人分典军政","2","0","2"
"节度使王重盈","1","1","2"
"同州节度使王","1","1","2"
"州节度使王行","1","1","2"
"节度使王行约","1","1","2"
"度使王行约弃","1","1","2"
"使王行约弃城","1","1","2"
"军指挥使李继","1","1","2"
"指挥使李继鹏","1","1","2"
"左军指挥使王","1","1","2"
"军指挥使王行","1","1","2"
"指挥使王行实","1","1","2"
"判官王瑰奉表","1","1","2"
"天子遣延王戒","2","0","2"
"子遣延王戒丕","2","0","2"
"供奉官张承业","1","1","2"
"天下兵马都招","1","1","2"
"下兵马都招讨","1","1","2"
"兵马都招讨使","1","1","2"
"延王传天子密","1","1","2"
"王传天子密旨","1","1","2"
"加武皇守太师","1","1","2"
"宁四面行营都","1","1","2"
"时王行瑜弟兄","1","1","2"
"王行瑜弟兄固","1","1","2"
"行瑜弟兄固守","1","1","2"
"瑜弟兄固守梨","1","1","2"
"弟兄固守梨园","1","1","2"
"兄固守梨园寨","1","1","2"
"武皇请赐河中","1","1","2"
"皇请赐河中王","1","1","2"
"请赐河中王珂","1","1","2"
"赐河中王珂旌","1","1","2"
"天子赐武皇内","1","1","2"
"子赐武皇内弟","1","1","2"
"赐武皇内弟子","1","1","2"
"武皇内弟子四","1","1","2"
"皇内弟子四人","1","1","2"
"赐魏国夫人陈","1","1","2"
"魏国夫人陈氏","1","1","2"
"大将李元福等","1","1","2"
"将李元福等二","1","1","2"
"李元福等二百","1","1","2"
"元福等二百人","1","1","2"
"宁州守将徐景","1","1","2"
"州守将徐景乞","1","1","2"
"杀南北司大臣","1","1","2"
"忠贞平难功臣","1","1","2"
"加实封二百户","1","1","2"
"都指挥使李存","1","1","2"
"指挥使李存信","1","1","2"
"仁恭托契丹入","2","0","2"
"恭托契丹入寇","2","0","2"
"李嗣昭率二千","1","1","2"
"嗣昭率二千骑","1","1","2"
"大将李存信收","1","1","2"
"嗣昭率兵三万","1","1","2"
"皇遣李嗣昭将","2","0","2"
"遣李嗣昭将兵","2","0","2"
"潞州节度使薛","1","1","2"
"州节度使薛志","1","1","2"
"节度使薛志勤","1","1","2"
"泽州刺史李罕","1","1","2"
"武皇令周德威","1","1","2"
"武皇令都指挥","1","1","2"
"皇令都指挥使","1","1","2"
"都指挥使李君","1","1","2"
"指挥使李君庆","1","1","2"
"李嗣昭攻尧山","1","1","2"
"葛周设伏青山","2","0","2"
"周设伏青山口","2","0","2"
"天子加武皇实","1","1","2"
"子加武皇实封","1","1","2"
"加武皇实封一","1","1","2"
"武皇实封一百","1","1","2"
"皇实封一百户","1","1","2"
"汴将张存敬攻","1","1","2"
"将张存敬攻陷","1","1","2"
"张存敬攻陷晋","1","1","2"
"将氏叔琮率兵","1","1","2"
"氏叔琮率兵五","1","1","2"
"叔琮率兵五万","1","1","2"
"魏博大将张文","1","1","2"
"博大将张文恭","1","1","2"
"定州王处直众","1","1","2"
"沁州刺史蔡训","1","1","2"
"偏将李审建先","1","1","2"
"镇州大将石公","1","1","2"
"州大将石公立","1","1","2"
"辽州刺史张鄂","1","1","2"
"时大将李嗣昭","1","1","2"
"隰州刺史唐礼","1","1","2"
"慈州刺史张瑰","1","1","2"
"天复二年二月","1","1","2"
"氏叔琮将兵十","2","0","2"
"叔琮将兵十万","2","0","2"
"天祐元年闰四","1","1","2"
"祐元年闰四月","1","1","2"
"李嗣昭率三千","1","1","2"
"嗣昭率三千骑","1","1","2"
"仁恭遣使乞师","2","0","2"
"都指挥使李溥","1","1","2"
"指挥使李溥等","1","1","2"
"李嗣昭合燕军","2","0","2"
"嗣昭合燕军攻","2","0","2"
"四年正月甲申","2","0","2"
"康怀英率兵十","1","1","2"
"怀英率兵十万","1","1","2"
"城中音信断绝","1","1","2"
"发丧后二十七","1","1","2"
"丧后二十七日","1","1","2"
"后二十七日除","1","1","2"
"庄宗光圣神闵","1","1","2"
"宗光圣神闵孝","1","1","2"
"光圣神闵孝皇","1","1","2"
"圣神闵孝皇帝","1","1","2"
"管内蕃汉马步","1","1","2"
"季父勋德俱高","2","0","2"
"衣服礼秩嫡者","2","0","2"
"服礼秩嫡者六","2","0","2"
"礼秩嫡者六七","2","0","2"
"秩嫡者六七辈","2","0","2"
"阴计干克宁曰","2","0","2"
"杀大将李存质","1","1","2"
"存颢辈欲太原","2","0","2"
"颢辈欲太原降","2","0","2"
"辈欲太原降贼","2","0","2"
"梁将李思安屡","1","1","2"
"进军直抵夹城","1","1","2"
"帐下亲军攻东","1","1","2"
"下亲军攻东北","1","1","2"
"副招讨使符道","1","1","2"
"招讨使符道昭","1","1","2"
"招讨使康怀英","1","1","2"
"刺史王班登城","1","1","2"
"城中血战拒守","1","1","2"
"供奉官杜廷隐","1","1","2"
"营都招讨使丁","1","1","2"
"都招讨使丁会","1","1","2"
"军节度使王景","1","1","2"
"节度使王景仁","1","1","2"
"相州刺史李思","1","1","2"
"州刺史李思安","1","1","2"
"王彦章率二千","1","1","2"
"彦章率二千骑","1","1","2"
"张承业登高观","1","1","2"
"承业登高观望","1","1","2"
"声言分兵就食","1","1","2"
"三镇步兵攻邢","1","1","2"
"镇步兵攻邢州","1","1","2"
"部下兵三千人","1","1","2"
"时澶州刺史张","1","1","2"
"幽州刘守光凶","1","1","2"
"都招讨使杨师","1","1","2"
"幽州刘守光僭","1","1","2"
"州刘守光僭称","1","1","2"
"幽州刘守光杀","1","1","2"
"燕将王行方等","1","1","2"
"沧州都将张万","1","1","2"
"州都将张万进","1","1","2"
"都将张万进杀","1","1","2"
"将张万进杀留","1","1","2"
"张万进杀留后","1","1","2"
"万进杀留后刘","1","1","2"
"进杀留后刘继","1","1","2"
"杀留后刘继威","1","1","2"
"李存晖攻瓦桥","1","1","2"
"存晖攻瓦桥关","1","1","2"
"李嗣源攻瀛州","1","1","2"
"德威涿州进军","2","0","2"
"周德威攻下顺","1","1","2"
"德威攻下顺州","1","1","2"
"檀州刺史陈确","1","1","2"
"时居庸关使胡","1","1","2"
"居庸关使胡令","1","1","2"
"武州刺史高行","1","1","2"
"安金全率兵救","1","1","2"
"金全率兵救武","1","1","2"
"全率兵救武州","1","1","2"
"燕将李晖等二","1","1","2"
"将李晖等二十","1","1","2"
"刘光浚攻下平","1","1","2"
"光浚攻下平州","1","1","2"
"梁将杨师厚会","1","1","2"
"刘守奇率大军","1","1","2"
"守奇率大军侵","1","1","2"
"先锋将史建瑭","1","1","2"
"赵州率五百骑","1","1","2"
"德威分兵赴援","1","1","2"
"燕将司全爽等","1","1","2"
"将司全爽等十","1","1","2"
"司全爽等十一","1","1","2"
"全爽等十一人","1","1","2"
"贼将杨师贵等","1","1","2"
"将杨师贵等五","1","1","2"
"杨师贵等五十","1","1","2"
"师贵等五十人","1","1","2"
"五院军使李信","1","1","2"
"院军使李信攻","1","1","2"
"军使李信攻下","1","1","2"
"使李信攻下莫","1","1","2"
"李信攻下莫州","1","1","2"
"沧州节度使刘","1","1","2"
"州节度使刘守","1","1","2"
"节度使刘守奇","1","1","2"
"守光率七百骑","1","1","2"
"将吏八百五十","1","1","2"
"吏八百五十人","1","1","2"
"马一百五十匹","1","1","2"
"亲将李小喜等","1","1","2"
"将李小喜等七","1","1","2"
"守光伪殿直二","1","1","2"
"光伪殿直二十","1","1","2"
"伪殿直二十五","1","1","2"
"殿直二十五人","1","1","2"
"亲将李小喜所","1","1","2"
"定州王处直遣","2","0","2"
"州王处直遣使","2","0","2"
"年春正月戊戌","2","0","2"
"春正月戊戌朔","2","0","2"
"大将李存霸拘","1","1","2"
"李存霸拘送仁","2","0","2"
"存霸拘送仁恭","2","0","2"
"霸拘送仁恭代","2","0","2"
"拘送仁恭代州","2","0","2"
"心血奠告武皇","1","1","2"
"血奠告武皇陵","1","1","2"
"天祐十二年三","1","1","2"
"祐十二年三月","1","1","2"
"命马步副总管","1","1","2"
"马步副总管李","1","1","2"
"步副总管李存","1","1","2"
"沧州首尾相应","1","1","2"
"命辽州牙将马","1","1","2"
"辽州牙将马通","1","1","2"
"梁澶州刺史王","1","1","2"
"澶州刺史王彦","1","1","2"
"州刺史王彦章","1","1","2"
"邢州陈宋口渡","1","1","2"
"州陈宋口渡漳","1","1","2"
"陈宋口渡漳水","1","1","2"
"临清率五百骑","1","1","2"
"梁将贺瑰袭取","1","1","2"
"将贺瑰袭取澶","1","1","2"
"贺瑰袭取澶州","1","1","2"
"李存审率兵五","1","1","2"
"存审率兵五千","1","1","2"
"审率兵五千攻","1","1","2"
"率兵五千攻贝","1","1","2"
"兵五千攻贝州","1","1","2"
"令李存审守营","1","1","2"
"州节度使张筠","1","1","2"
"节度使李嗣本","1","1","2"
"梁沧州节度使","1","1","2"
"天祐十四年二","1","1","2"
"祐十四年二月","1","1","2"
"残兵保守黎阳","1","1","2"
"卢文进杀节度","1","1","2"
"文进杀节度使","1","1","2"
"进杀节度使李","1","1","2"
"杀节度使李存","1","1","2"
"节度使李存矩","1","1","2"
"刺史安金全弃","1","1","2"
"史安金全弃城","1","1","2"
"文进部将刘殷","1","1","2"
"周德威率兵三","2","0","2"
"德威率兵三万","2","0","2"
"文进引契丹大","1","1","2"
"命李嗣源率师","1","1","2"
"阎宝率师夜过","1","1","2"
"宝率师夜过祁","1","1","2"
"率师夜过祁沟","1","1","2"
"李嗣源率三千","1","1","2"
"嗣源率三千骑","1","1","2"
"授存审检校太","2","0","2"
"阎宝加同平章","1","1","2"
"宝加同平章事","1","1","2"
"十二月庚子朔","2","0","2"
"下令军中老幼","1","1","2"
"突入梁军阵中","1","1","2"
"银枪都将王建","1","1","2"
"时元城令吴琼","1","1","2"
"天祐十六年春","1","1","2"
"命昭义军节度","1","1","2"
"权知幽州军府","2","0","2"
"知幽州军府事","2","0","2"
"南城守将氏延","1","1","2"
"城守将氏延赏","1","1","2"
"守将氏延赏告","1","1","2"
"将氏延赏告急","1","1","2"
"天祐十七年春","1","1","2"
"河中节度使硃","2","0","2"
"中节度使硃友","2","0","2"
"蕃汉总管李存","1","1","2"
"汉总管李存审","1","1","2"
"追斩二千余级","2","0","2"
"文礼镇州兵马","1","1","2"
"礼镇州兵马留","1","1","2"
"镇州兵马留后","1","1","2"
"河东节度副使","1","1","2"
"东节度副使卢","1","1","2"
"节度副使卢汝","1","1","2"
"度副使卢汝弼","1","1","2"
"令天平节度使","1","1","2"
"成德兵马留后","1","1","2"
"德兵马留后符","1","1","2"
"兵马留后符习","1","1","2"
"马留后符习率","1","1","2"
"留后符习率兵","1","1","2"
"讨张文礼镇州","2","0","2"
"前锋将史建瑭","1","1","2"
"梁将戴思远攻","1","1","2"
"将戴思远攻德","1","1","2"
"思远攻德胜北","1","1","2"
"远攻德胜北城","1","1","2"
"张处瑾令韩正","1","1","2"
"处瑾令韩正时","1","1","2"
"王都遣使告急","2","0","2"
"镇州率五千骑","1","1","2"
"年春正月甲午","2","0","2"
"契丹前锋三千","1","1","2"
"丹前锋三千骑","1","1","2"
"梁将戴思远乘","1","1","2"
"将戴思远乘虚","1","1","2"
"李嗣昭跃马奋","1","1","2"
"嗣昭跃马奋击","1","1","2"
"阎宝退保赵州","1","1","2"
"嗣昭流矢所中","2","0","2"
"存审北面招讨","2","0","2"
"审北面招讨使","2","0","2"
"赵将李丰子冲","2","0","2"
"将李丰子冲投","2","0","2"
"李丰子冲投缒","2","0","2"
"丰子冲投缒接","2","0","2"
"子冲投缒接王","2","0","2"
"冲投缒接王师","2","0","2"
"皆折足送行台","2","0","2"
"元年春正月丙","2","0","2"
"年春正月丙子","2","0","2"
"潞州留后李继","1","1","2"
"州留后李继韬","1","1","2"
"留后李继韬叛","1","1","2"
"文武臣僚称贺","1","1","2"
"十五日昧爽前","2","0","2"
"蕃汉马步将校","1","1","2"
"一子六品正员","1","1","2"
"子六品正员官","1","1","2"
"诏令镇州王景","1","1","2"
"令镇州王景崇","1","1","2"
"中门使郭崇韬","1","1","2"
"昭义监军使张","1","1","2"
"义监军使张居","1","1","2"
"监军使张居翰","1","1","2"
"幽州军府事李","1","1","2"
"州军府事李绍","1","1","2"
"军府事李绍宏","1","1","2"
"依前横海军节","1","1","2"
"前横海军节度","1","1","2"
"内外蕃汉副总","1","1","2"
"外蕃汉副总管","1","1","2"
"守殷守德胜南","1","1","2"
"殷守德胜南城","1","1","2"
"德胜北城屋木","1","1","2"
"段凝率大军攻","1","1","2"
"凝率大军攻杨","1","1","2"
"率大军攻杨刘","1","1","2"
"大军攻杨刘南","1","1","2"
"军攻杨刘南城","1","1","2"
"梁军昼夜攻击","1","1","2"
"登城望见梁军","1","1","2"
"骑将李绍贻直","1","1","2"
"将李绍贻直抵","1","1","2"
"李绍贻直抵梁","1","1","2"
"绍贻直抵梁军","1","1","2"
"巡视梁军故垒","1","1","2"
"段凝代王彦章","2","0","2"
"前锋军士二百","1","1","2"
"锋军士二百人","1","1","2"
"梁左右先锋指","1","1","2"
"左右先锋指挥","1","1","2"
"先锋指挥使康","1","1","2"
"锋指挥使康延","1","1","2"
"指挥使康延孝","1","1","2"
"张汉杰居中专","1","1","2"
"汉杰居中专政","1","1","2"
"召契丹南侵瀛","1","1","2"
"梁将王彦章率","1","1","2"
"生擒梁将任钊","1","1","2"
"田章等三百人","1","1","2"
"下令军中将士","1","1","2"
"令军中将士家","1","1","2"
"军中将士家属","1","1","2"
"大军杨刘济河","2","0","2"
"嗣源率前军先","1","1","2"
"嗣源令左右捉","1","1","2"
"源令左右捉生","1","1","2"
"梁教坊使陈俊","1","1","2"
"教坊使陈俊保","1","1","2"
"坊使陈俊保庇","1","1","2"
"凝等率大将先","1","1","2"
"伪宰相郑珏等","1","1","2"
"郑珏等一十一","2","0","2"
"珏等一十一人","2","0","2"
"契丹实喇鄂博","2","0","2"
"余文武职员将","1","1","2"
"文武职员将校","1","1","2"
"天下官名府号","1","1","2"
"壬午年十二月","1","1","2"
"御史中丞李德","1","1","2"
"史中丞李德休","1","1","2"
"检校太保段凝","1","1","2"
"校太保段凝依","1","1","2"
"随驾兵马都监","1","1","2"
"驾兵马都监夏","1","1","2"
"兵马都监夏彦","1","1","2"
"马都监夏彦朗","1","1","2"
"西平王硃友谦","2","0","2"
"平章事袁象先","1","1","2"
"同平章事温韬","1","1","2"
"太常寺事关大","1","1","2"
"常寺事关大礼","1","1","2"
"大理寺事关刑","1","1","2"
"理寺事关刑法","1","1","2"
"除太常博士外","1","1","2"
"任官满二十五","1","1","2"
"枢密院斟酌施","1","1","2"
"密院斟酌施行","1","1","2"
"平章事豆卢革","1","1","2"
"章事豆卢革判","1","1","2"
"事豆卢革判租","1","1","2"
"卢革判租庸使","1","1","2"
"罗王金朴英遣","2","0","2"
"王金朴英遣使","2","0","2"
"南杨溥遣使贺","2","0","2"
"称大吴国主书","1","1","2"
"大吴国主书上","1","1","2"
"吴国主书上大","1","1","2"
"国主书上大唐","1","1","2"
"主书上大唐皇","1","1","2"
"本朝律令格式","1","1","2"
"诏贬安义军节","1","1","2"
"贬安义军节度","1","1","2"
"泽州刺史董璋","1","1","2"
"节度副使李继","1","1","2"
"度副使李继珂","1","1","2"
"请奉高祖神尧","1","1","2"
"奉高祖神尧皇","1","1","2"
"祖神尧皇帝配","1","1","2"
"请奉太宗文皇","1","1","2"
"奉太宗文皇帝","1","1","2"
"太宗文皇帝配","1","1","2"
"请奉太祖武皇","1","1","2"
"奉太祖武皇帝","1","1","2"
"太祖武皇帝配","1","1","2"
"请奉懿祖昭圣","1","1","2"
"奉懿祖昭圣皇","1","1","2"
"懿祖昭圣皇帝","1","1","2"
"祖昭圣皇帝配","1","1","2"
"亳州太清宫道","1","1","2"
"州太清宫道士","1","1","2"
"太常卿李燕进","1","1","2"
"太庙登歌酌献","1","1","2"
"庙登歌酌献乐","1","1","2"
"登歌酌献乐舞","1","1","2"
"宣武军节度副","1","1","2"
"幽州北面军前","1","1","2"
"秦王李茂贞上","1","1","2"
"国遣使贡方物","2","0","2"
"州山后十三寨","1","1","2"
"山后十三寨百","1","1","2"
"后十三寨百姓","1","1","2"
"同光二年二月","1","1","2"
"光二年二月一","1","1","2"
"二年二月一日","1","1","2"
"月一日昧爽前","2","0","2"
"本朝内外臣僚","1","1","2"
"率百官上尊号","2","0","2"
"曹州考城等县","1","1","2"
"县两池榷盐使","1","1","2"
"前右龙武军都","1","1","2"
"右龙武军都虞","1","1","2"
"龙武军都虞候","1","1","2"
"守左龙武大将","1","1","2"
"龙武大将军李","1","1","2"
"武大将军李绍","1","1","2"
"大将军李绍奇","1","1","2"
"密使郭崇韬奏","1","1","2"
"皇帝四月一日","1","1","2"
"议大夫窦专上","1","1","2"
"六军诸卫事故","2","0","2"
"潞州小校杨立","1","1","2"
"陕州留后李绍","1","1","2"
"州留后李绍真","1","1","2"
"节度使李绍斌","1","1","2"
"度使李绍斌充","1","1","2"
"使李绍斌充东","1","1","2"
"李绍斌充东北","1","1","2"
"绍斌充东北面","1","1","2"
"斌充东北面招","1","1","2"
"充东北面招讨","1","1","2"
"州节度李绍钦","1","1","2"
"令枢密副使宋","1","1","2"
"枢密副使宋唐","1","1","2"
"密副使宋唐玉","1","1","2"
"中书侍郎吏部","2","0","2"
"书侍郎吏部尚","2","0","2"
"侍郎吏部尚书","2","0","2"
"文馆大学士豆","1","1","2"
"馆大学士豆卢","1","1","2"
"大学士豆卢革","1","1","2"
"学士豆卢革加","1","1","2"
"节度使李绍安","1","1","2"
"送潞州叛将杨","1","1","2"
"州叛将杨立等","1","1","2"
"卫国夫人韩氏","1","1","2"
"燕国夫人伊氏","1","1","2"
"汝州防御使张","1","1","2"
"牙兵八千七百","1","1","2"
"兵八千七百人","1","1","2"
"宰臣摄太尉行","2","0","2"
"臣摄太尉行事","2","0","2"
"威塞军节度使","1","1","2"
"太原尹孟知祥","1","1","2"
"原尹孟知祥加","1","1","2"
"八月二十二日","1","1","2"
"故安义节度使","1","1","2"
"陇西郡王李嗣","1","1","2"
"西郡王李嗣昭","1","1","2"
"节度使李绍钦","1","1","2"
"度使李绍钦汤","1","1","2"
"使李绍钦汤药","1","1","2"
"两浙兵马留后","1","1","2"
"岭南东道观察","1","1","2"
"广州刺史钱元","1","1","2"
"州刺史钱元璙","2","0","2"
"刺史钱元璙检","2","0","2"
"史钱元璙检校","2","0","2"
"钱元璙检校太","2","0","2"
"充两浙节度观","1","1","2"
"两浙节度观察","1","1","2"
"浙节度观察留","1","1","2"
"吏部尚书铨事","1","1","2"
"部尚书铨事崔","1","1","2"
"尚书铨事崔沂","1","1","2"
"吏部侍郎崔贻","1","1","2"
"部侍郎崔贻孙","1","1","2"
"吏部员外卢损","1","1","2"
"选人吴延皓取","1","1","2"
"付河南府处死","1","1","2"
"汴州节度使李","1","1","2"
"教坊使王承颜","1","1","2"
"幸龙门佛寺祈","2","0","2"
"龙门佛寺祈雪","2","0","2"
"全义洛京留守","2","0","2"
"侍卫诸军将校","2","0","2"
"州节度使王都","1","1","2"
"侍中王都进封","1","1","2"
"洛京内外蕃汉","1","1","2"
"京内外蕃汉马","1","1","2"
"皇帝行宝四字","1","1","2"
"古文钱四百六","1","1","2"
"文钱四百六十","1","1","2"
"钱四百六十六","1","1","2"
"南杨溥遣使朝","2","0","2"
"杨溥遣使朝贡","2","0","2"
"东京副留守张","1","1","2"
"京副留守张宪","1","1","2"
"营家口一千二","1","1","2"
"家口一千二百","1","1","2"
"口一千二百人","1","1","2"
"一千二百人逃","1","1","2"
"千二百人逃亡","1","1","2"
"时宫苑使王允","1","1","2"
"宫苑使王允平","1","1","2"
"租庸副使孔循","1","1","2"
"知汴州军州事","1","1","2"
"杨溥遣使贡方","2","0","2"
"溥遣使贡方物","2","0","2"
"林学士承旨卢","1","1","2"
"学士承旨卢质","1","1","2"
"部族羊马三万","1","1","2"
"百姓二十户充","1","1","2"
"尚书李琪充昭","1","1","2"
"书李琪充昭宗","1","1","2"
"少帝改卜园陵","1","1","2"
"帝改卜园陵礼","1","1","2"
"改卜园陵礼仪","1","1","2"
"卜园陵礼仪使","1","1","2"
"工部郎中李途","1","1","2"
"充修奉诸陵使","1","1","2"
"臣上表请听政","2","0","2"
"时枢密使郭崇","1","1","2"
"客省使李严使","2","0","2"
"行皇太后谥议","1","1","2"
"两省御史台五","1","1","2"
"省御史台五品","1","1","2"
"客省使李严奉","1","1","2"
"先问契丹强弱","1","1","2"
"西川四面行营","1","1","2"
"川四面行营都","1","1","2"
"西川东北面行","1","1","2"
"川东北面行营","1","1","2"
"行营都招讨制","1","1","2"
"营都招讨制置","1","1","2"
"都招讨制置等","1","1","2"
"招讨制置等使","1","1","2"
"西川东南面行","1","1","2"
"川东南面行营","1","1","2"
"供军转运应接","1","1","2"
"军转运应接等","1","1","2"
"转运应接等使","1","1","2"
"行营招讨副使","1","1","2"
"陕府节度使李","1","1","2"
"府节度使李绍","1","1","2"
"节度使李绍琛","1","1","2"
"行营蕃汉马步","1","1","2"
"营蕃汉马步军","1","1","2"
"汉马步军都排","1","1","2"
"步军都排阵斩","1","1","2"
"军都排阵斩斫","1","1","2"
"都排阵斩斫使","1","1","2"
"西川管内安抚","1","1","2"
"川管内安抚应","1","1","2"
"管内安抚应接","1","1","2"
"内安抚应接使","1","1","2"
"营左厢马步都","1","1","2"
"左厢马步都虞","1","1","2"
"邠州节度使董","2","0","2"
"西川管内招抚","1","1","2"
"川管内招抚使","1","1","2"
"九月十八日进","1","1","2"
"月十八日进发","1","1","2"
"中军马步都虞","1","1","2"
"中军步军都指","1","1","2"
"中军左厢马军","1","1","2"
"中军右厢马军","1","1","2"
"军右厢马军都","1","1","2"
"中军左厢步军","1","1","2"
"军左厢步军都","1","1","2"
"中军右厢步军","1","1","2"
"军右厢步军都","1","1","2"
"中军马步军都","1","1","2"
"军马步军都监","1","1","2"
"翰林学士李愚","1","1","2"
"密使侍中郭崇","1","1","2"
"使侍中郭崇韬","1","1","2"
"九月十八日后","1","1","2"
"上大行皇太后","1","1","2"
"谥曰贞简皇太","2","0","2"
"曰贞简皇太后","2","0","2"
"皇太后尊谥宝","1","1","2"
"太后尊谥宝册","1","1","2"
"长寿宫门外奉","1","1","2"
"贞简太后陵请","1","1","2"
"户部侍郎冯道","1","1","2"
"部侍郎冯道依","1","1","2"
"军储三十余万","2","0","2"
"伪兴州刺史王","1","1","2"
"兴州刺史王承","1","1","2"
"州刺史王承鉴","1","1","2"
"成州刺史王承","1","1","2"
"州刺史王承朴","1","1","2"
"刺史王承朴弃","1","1","2"
"史王承朴弃城","1","1","2"
"三万逆战三泉","2","0","2"
"李严劲骑三千","2","0","2"
"利州奔归成都","2","0","2"
"信军节度使王","1","1","2"
"军节度使王宗","1","1","2"
"节度使王宗寿","1","1","2"
"王衍遣使上笺","2","0","2"
"皇弟郓州节度","1","1","2"
"弟郓州节度使","1","1","2"
"左金吾大将军","1","1","2"
"金吾大将军晋","1","1","2"
"吾大将军晋州","1","1","2"
"大将军晋州节","1","1","2"
"将军晋州节度","1","1","2"
"军晋州节度使","1","1","2"
"州节度使存乂","2","0","2"
"金吾大将军同","1","1","2"
"吾大将军同正","1","1","2"
"伪六军使王宗","1","1","2"
"军使王宗弼报","1","1","2"
"称西川兵马留","1","1","2"
"西川兵马留后","1","1","2"
"宣徽使李周辂","1","1","2"
"义宁大长公主","1","1","2"
"时宰相豆卢革","1","1","2"
"部尚书李琪引","1","1","2"
"称统军上将军","1","1","2"
"本朝功臣子孙","1","1","2"
"西川节度使衙","1","1","2"
"川节度使衙前","1","1","2"
"节度使衙前补","1","1","2"
"度使衙前补押","1","1","2"
"使衙前补押衙","1","1","2"
"保大等节度使","1","1","2"
"大等节度使高","1","1","2"
"等节度使高万","1","1","2"
"秦州副史徐蔼","1","1","2"
"九千五百三十","1","1","2"
"千五百三十匹","1","1","2"
"春正月戊午朔","2","0","2"
"西川王衍父子","1","1","2"
"河中节度使李","1","1","2"
"中节度使李继","1","1","2"
"节度使李继麟","1","1","2"
"李继麟滑州节","1","1","2"
"令硃守殷兵围","2","0","2"
"硃守殷兵围第","2","0","2"
"七千二百六十","1","1","2"
"千二百六十人","1","1","2"
"宰臣豆卢革上","1","1","2"
"令魏博指挥使","1","1","2"
"魏博指挥使杨","1","1","2"
"博指挥使杨仁","1","1","2"
"密诏令史彦琼","1","1","2"
"诏令史彦琼杀","1","1","2"
"都巡检使孙铎","1","1","2"
"巡检使孙铎等","1","1","2"
"检使孙铎等急","1","1","2"
"命宋州节度使","1","1","2"
"宋州节度使元","1","1","2"
"州节度使元行","1","1","2"
"节度使元行钦","1","1","2"
"度使元行钦率","1","1","2"
"福建节度副使","1","1","2"
"建节度副使王","1","1","2"
"节度副使王延","1","1","2"
"度副使王延翰","1","1","2"
"度使王审知委","1","1","2"
"邢州左右步直","1","1","2"
"州左右步直军","1","1","2"
"左右步直军四","1","1","2"
"右步直军四百","1","1","2"
"步直军四百人","1","1","2"
"面副招讨使李","1","1","2"
"副招讨使李绍","1","1","2"
"招讨使李绍真","1","1","2"
"讨使李绍真率","1","1","2"
"使李绍真率兵","1","1","2"
"李绍真率兵讨","1","1","2"
"皇甫晖聚众大","1","1","2"
"马直宿卫军士","1","1","2"
"直宿卫军士王","1","1","2"
"宿卫军士王温","1","1","2"
"卫军士王温等","1","1","2"
"军士王温等五","1","1","2"
"士王温等五人","1","1","2"
"飞龙使颜思威","1","1","2"
"客省使李严押","1","1","2"
"蕃汉总管李嗣","1","1","2"
"汉总管李嗣源","1","1","2"
"总管李嗣源统","1","1","2"
"密使李绍宏等","1","1","2"
"伶官交相谗谄","1","1","2"
"延州知州白彦","1","1","2"
"州知州白彦琛","1","1","2"
"贼首赵太等二","1","1","2"
"首赵太等二十","1","1","2"
"赵太等二十一","1","1","2"
"太等二十一人","1","1","2"
"营副招讨使任","1","1","2"
"荆南高季兴上","1","1","2"
"潞州节度使孔","1","1","2"
"右龙虎统军安","1","1","2"
"龙虎统军安崇","1","1","2"
"虎统军安崇阮","1","1","2"
"宫中妆奁银盆","1","1","2"
"遣中官向延嗣","2","0","2"
"中官向延嗣驰","2","0","2"
"龙骧马军八百","1","1","2"
"骧马军八百骑","1","1","2"
"秦州都指挥使","1","1","2"
"州都指挥使张","1","1","2"
"都指挥使张塘","1","1","2"
"内库使张容哥","1","1","2"
"安义节度使孔","1","1","2"
"马直指挥使郭","1","1","2"
"宫中率诸王近","1","1","2"
"中率诸王近卫","1","1","2"
"败梁将王彦章","1","1","2"
"北京内衙指挥","1","1","2"
"京内衙指挥使","1","1","2"
"突骑都指挥使","1","1","2"
"授左卫大将军","2","0","2"
"应顺元年二月","1","1","2"
"帝令李专美草","1","1","2"
"朝廷命王思同","1","1","2"
"廷命王思同率","1","1","2"
"都指挥使杨思","1","1","2"
"副留守刘遂雍","1","1","2"
"京兆居民家财","1","1","2"
"兆居民家财犒","1","1","2"
"王仲皋父子迎","1","1","2"
"中节度使安彦","1","1","2"
"皇长子潞王珂","2","0","2"
"臣冯道等率百","2","0","2"
"冯道等率百官","1","1","2"
"先皇帝栉风沐","1","1","2"
"皇帝栉风沐雨","1","1","2"
"长兴四年五月","1","1","2"
"将作少监同正","1","1","2"
"帝亲校刘延朗","1","1","2"
"亲校刘延朗告","1","1","2"
"石壕人胡杲通","1","1","2"
"诏预借居民五","1","1","2"
"磁州刺史宋令","1","1","2"
"州刺史宋令询","1","1","2"
"宣徽北院使郝","1","1","2"
"徽北院使郝琼","1","1","2"
"前三司使王玫","1","1","2"
"凤翔节度判官","1","1","2"
"翔节度判官韩","1","1","2"
"节度判官韩昭","1","1","2"
"军都指挥使康","1","1","2"
"都指挥使康义","1","1","2"
"指挥使康义诚","1","1","2"
"西京留守王思","1","1","2"
"京留守王思同","1","1","2"
"州节度使药彦","1","1","2"
"节度使药彦稠","1","1","2"
"西川孟知祥僭","1","1","2"
"川孟知祥僭称","1","1","2"
"孟知祥僭称大","1","1","2"
"知祥僭称大蜀","1","1","2"
"殿学士韩昭允","2","0","2"
"枢密直学士李","1","1","2"
"密直学士李专","1","1","2"
"直学士李专美","1","1","2"
"左谏议大夫卢","1","1","2"
"平章事冯道上","1","1","2"
"章事冯道上表","1","1","2"
"化军节度使安","1","1","2"
"皇子银青光禄","1","1","2"
"子银青光禄大","1","1","2"
"守左卫上将军","1","1","2"
"相继加检校官","1","1","2"
"州防御使相里","1","1","2"
"防御使相里金","1","1","2"
"校工部尚书房","1","1","2"
"左谏议大夫韩","1","1","2"
"谏议大夫韩昭","1","1","2"
"封吴岳成德公","1","1","2"
"故皇子亳州刺","1","1","2"
"皇子亳州刺史","1","1","2"
"惠明大师幼澄","1","1","2"
"明大师幼澄举","1","1","2"
"大师幼澄举哀","1","1","2"
"户部侍郎韩彦","1","1","2"
"部侍郎韩彦恽","1","1","2"
"武卫上将军李","1","1","2"
"伪蜀孟知祥书","1","1","2"
"称大蜀皇帝献","1","1","2"
"大蜀皇帝献书","1","1","2"
"年四月十二日","1","1","2"
"令枢密副使刘","1","1","2"
"立沛国夫人刘","1","1","2"
"沛国夫人刘氏","1","1","2"
"太子少傅陈皋","1","1","2"
"庄宗朝列传三","1","1","2"
"宗朝列传三十","1","1","2"
"朝列传三十卷","1","1","2"
"长兴四年十二","1","1","2"
"兴四年十二月","1","1","2"
"前天下所欠残","1","1","2"
"前尚书左丞姚","1","1","2"
"邢州节度使赵","1","1","2"
"州节度使赵凤","1","1","2"
"长兴三年正月","1","1","2"
"右谏议大夫卢","1","1","2"
"曹州刺史药纵","1","1","2"
"行长兴三年敕","1","1","2"
"前潞州节度使","1","1","2"
"同平章事卢文","1","1","2"
"平章事卢文进","1","1","2"
"正月二十三日","2","0","2"
"月二十三日皇","1","1","2"
"二十三日皇帝","1","1","2"
"十三日皇帝诞","1","1","2"
"度使石敬瑭率","1","1","2"
"使石敬瑭率兵","1","1","2"
"卫上将军李宏","1","1","2"
"上将军李宏元","1","1","2"
"刑部侍郎郑韬","1","1","2"
"部侍郎郑韬光","1","1","2"
"光禄少卿乌昭","1","1","2"
"禄少卿乌昭远","1","1","2"
"前兴州刺史冯","1","1","2"
"兴州刺史冯晖","1","1","2"
"配同州衙前安","1","1","2"
"同州衙前安置","1","1","2"
"经契丹蹂践处","2","0","2"
"免三年两税差","1","1","2"
"三年两税差配","1","1","2"
"前华州节度使","1","1","2"
"华州节度使王","1","1","2"
"州节度使王万","1","1","2"
"节度使王万荣","1","1","2"
"骁卫上将军致","2","0","2"
"北面马军都指","1","1","2"
"易州刺史安叔","1","1","2"
"州刺史安叔千","1","1","2"
"齐州防御使尹","1","1","2"
"州防御使尹晖","1","1","2"
"本州府长官朝","1","1","2"
"云州节度使张","1","1","2"
"西京留守安重","1","1","2"
"京留守安重霸","1","1","2"
"宰臣卢文纪等","1","1","2"
"上皇妣鲁国太","1","1","2"
"皇妣鲁国太夫","1","1","2"
"妣鲁国太夫人","1","1","2"
"故太子太保赵","1","1","2"
"太子太保赵凤","1","1","2"
"内外所管军人","1","1","2"
"中书令宰臣面","1","1","2"
"书令宰臣面试","1","1","2"
"县丞皇甫德参","1","1","2"
"史中丞卢损等","1","1","2"
"三百九十四道","1","1","2"
"天下见禁囚徒","2","0","2"
"州节度使杨檀","1","1","2"
"宣宪皇太后陵","1","1","2"
"史官修撰明宗","1","1","2"
"官修撰明宗实","1","1","2"
"修撰明宗实录","1","1","2"
"北面招讨使赵","1","1","2"
"面招讨使赵德","1","1","2"
"招讨使赵德钧","1","1","2"
"进军追袭契丹","1","1","2"
"北面转运副使","1","1","2"
"面转运副使刘","1","1","2"
"转运副使刘福","1","1","2"
"运副使刘福配","1","1","2"
"镇州百姓车子","1","1","2"
"州百姓车子一","1","1","2"
"百姓车子一千","1","1","2"
"姓车子一千五","1","1","2"
"车子一千五百","1","1","2"
"前彰国军节度","1","1","2"
"国军节度使沙","1","1","2"
"军节度使沙彦","1","1","2"
"节度使沙彦珣","2","0","2"
"挟马都指挥使","1","1","2"
"马都指挥使李","1","1","2"
"都指挥使李晖","1","1","2"
"指挥使李晖等","1","1","2"
"挥使李晖等三","1","1","2"
"使李晖等三十","1","1","2"
"李晖等三十六","1","1","2"
"晖等三十六人","1","1","2"
"滑州节度使高","1","1","2"
"州节度使高允","1","1","2"
"节度使高允韬","1","1","2"
"右卫上将军王","1","1","2"
"将军王景戡左","2","0","2"
"右神武统军娄","1","1","2"
"神武统军娄继","1","1","2"
"武统军娄继英","1","1","2"
"通事舍人苏继","1","1","2"
"事舍人苏继颜","1","1","2"
"右神武统军沙","1","1","2"
"神武统军沙彦","1","1","2"
"延嗣父子相承","1","1","2"
"前潞州行军司","1","1","2"
"潞州行军司马","1","1","2"
"州行军司马陈","1","1","2"
"行军司马陈元","1","1","2"
"州团练使李彦","1","1","2"
"团练使李彦舜","1","1","2"
"义武军节度使","1","1","2"
"邢州节度使康","1","1","2"
"前云州节度使","1","1","2"
"云州节度使安","1","1","2"
"节度使安重霸","1","1","2"
"挥使宋审虔河","2","0","2"
"宣徽南院使房","1","1","2"
"北面行营总管","1","1","2"
"面行营总管石","1","1","2"
"行营总管石敬","1","1","2"
"营总管石敬瑭","1","1","2"
"兵部侍郎李专","1","1","2"
"部侍郎李专美","1","1","2"
"充宣徽北院使","1","1","2"
"充枢密使韩昭","1","1","2"
"宗正少卿李延","1","1","2"
"正少卿李延祚","1","1","2"
"故武安军州节","1","1","2"
"武安军州节度","1","1","2"
"安军州节度使","1","1","2"
"累赠太傅刘建","1","1","2"
"赠太傅刘建峰","1","1","2"
"户部侍郎程遂","1","1","2"
"帝御文明殿受","2","0","2"
"密院直学士吕","1","1","2"
"院直学士吕琦","1","1","2"
"六军诸卫判官","1","1","2"
"尚书工部郎中","1","1","2"
"书工部郎中薛","1","1","2"
"工部郎中薛文","1","1","2"
"部郎中薛文遇","1","1","2"
"前司农卿王彦","1","1","2"
"建节度使王昶","1","1","2"
"节度使王延钧","1","1","2"
"年十月十四日","1","1","2"
"右神武统军杨","1","1","2"
"神武统军杨汉","1","1","2"
"武统军杨汉章","1","1","2"
"礼部侍郎马裔","1","1","2"
"部侍郎马裔孙","1","1","2"
"责授右赞善大","2","0","2"
"授右赞善大夫","2","0","2"
"知杂侍御史韦","1","1","2"
"杂侍御史韦税","1","1","2"
"延州保安镇将","1","1","2"
"州保安镇将白","1","1","2"
"保安镇将白文","1","1","2"
"安镇将白文审","1","1","2"
"杀郡人赵思谦","1","1","2"
"郡人赵思谦等","1","1","2"
"人赵思谦等十","1","1","2"
"年五月十二日","1","1","2"
"太子詹事卢演","1","1","2"
"工部尚书致仕","2","0","2"
"塞等军蕃汉副","1","1","2"
"等军蕃汉副总","1","1","2"
"军蕃汉副总管","1","1","2"
"蕃汉副总管张","1","1","2"
"汉副总管张敬","1","1","2"
"副总管张敬达","1","1","2"
"西北面蕃汉马","1","1","2"
"北面蕃汉马步","2","0","2"
"面蕃汉马步都","2","0","2"
"蕃汉马步都部","2","0","2"
"汉马步都部署","2","0","2"
"彰圣都指挥使","2","0","2"
"饶州刺史符彦","1","1","2"
"州刺史符彦饶","1","1","2"
"充侍卫步军都","2","0","2"
"度使范延光结","1","1","2"
"使范延光结婚","1","1","2"
"国子祭酒马缟","1","1","2"
"度使石敬瑭叛","1","1","2"
"令张敬达进军","1","1","2"
"张敬达进军攻","1","1","2"
"敬达进军攻讨","1","1","2"
"州节度使张敬","1","1","2"
"节度使张敬达","1","1","2"
"原四面兵马都","1","1","2"
"四面兵马都部","1","1","2"
"原四面兵马副","1","1","2"
"四面兵马副部","1","1","2"
"面兵马副部署","1","1","2"
"太原四面副招","1","1","2"
"原四面副招讨","1","1","2"
"西北面先锋都","1","1","2"
"北面先锋都指","1","1","2"
"面先锋都指挥","1","1","2"
"锋都指挥使安","1","1","2"
"都指挥使安审","1","1","2"
"使安审信率雄","1","1","2"
"安审信率雄义","1","1","2"
"左第二指挥二","1","1","2"
"第二指挥二百","1","1","2"
"二指挥二百二","1","1","2"
"指挥二百二十","1","1","2"
"挥二百二十七","1","1","2"
"指挥使安元信","1","1","2"
"挥使安元信谋","1","1","2"
"使安元信谋杀","1","1","2"
"宣宪太后寝宫","1","1","2"
"西北界巡检使","1","1","2"
"北界巡检使安","1","1","2"
"界巡检使安重","1","1","2"
"巡检使安重荣","1","1","2"
"检使安重荣驱","1","1","2"
"五百骑叛入太","2","0","2"
"百骑叛入太原","2","0","2"
"新授河东节度","1","1","2"
"授河东节度使","1","1","2"
"河东节度使宋","1","1","2"
"东节度使宋审","1","1","2"
"节度使宋审虔","1","1","2"
"都屯驻捧圣都","1","1","2"
"令昭召副使边","1","1","2"
"昭召副使边仁","1","1","2"
"召副使边仁嗣","1","1","2"
"副使边仁嗣下","2","0","2"
"雄军节度使刘","1","1","2"
"军节度使刘延","1","1","2"
"右捧圣第二军","1","1","2"
"捧圣第二军都","1","1","2"
"圣第二军都虞","1","1","2"
"第二军都虞候","1","1","2"
"二军都虞候张","1","1","2"
"军都虞候张令","1","1","2"
"工部尚书崔居","1","1","2"
"尚书崔居俭奉","1","1","2"
"宣宪皇太后宝","1","1","2"
"宪皇太后宝册","1","1","2"
"西上阁门副使","1","1","2"
"通事舍人刘颀","1","1","2"
"右千牛将军张","1","1","2"
"千牛将军张令","1","1","2"
"牛将军张令昭","1","1","2"
"右第三指挥使","1","1","2"
"第三指挥使邢","1","1","2"
"三指挥使邢立","1","1","2"
"第五指挥使康","1","1","2"
"五指挥使康福","1","1","2"
"指挥使康福进","1","1","2"
"度使范延光天","2","0","2"
"使范延光天雄","2","0","2"
"范延光天雄军","2","0","2"
"天雄军四面招","1","1","2"
"雄军四面招讨","1","1","2"
"军四面招讨使","1","1","2"
"天雄军四面副","1","1","2"
"雄军四面副招","1","1","2"
"军四面副招讨","1","1","2"
"河东将佐节度","1","1","2"
"东将佐节度判","1","1","2"
"将佐节度判官","1","1","2"
"佐节度判官赵","1","1","2"
"节度判官赵莹","1","1","2"
"右卫上将军石","1","1","2"
"卫上将军石重","1","1","2"
"上将军石重英","1","1","2"
"皇城副使石重","1","1","2"
"城副使石重裔","1","1","2"
"都指挥使石敬","1","1","2"
"云州节度使沙","1","1","2"
"州节度使沙彦","1","1","2"
"步军指挥使桑","1","1","2"
"军指挥使桑迁","1","1","2"
"卫尉卿聂延祚","1","1","2"
"月二十一日收","1","1","2"
"二十一日收复","1","1","2"
"礼部侍郎张昭","1","1","2"
"行军司马李延","1","1","2"
"军司马李延筠","1","1","2"
"张令昭部下五","1","1","2"
"张令昭部下败","1","1","2"
"令昭部下败兵","1","1","2"
"捧圣指挥使米","1","1","2"
"圣指挥使米全","1","1","2"
"彰圣指挥使张","1","1","2"
"圣指挥使张万","1","1","2"
"指挥使张万迪","1","1","2"
"端明殿学士吕","1","1","2"
"明殿学士吕琦","1","1","2"
"龙武大将军袁","1","1","2"
"代北兵马都部","1","1","2"
"北兵马都部署","1","1","2"
"都指挥使党行","1","1","2"
"指挥使党行进","1","1","2"
"镇州节度使董","1","1","2"
"州节度使董温","1","1","2"
"节度使董温琪","1","1","2"
"甲马一百八十","1","1","2"
"马一百八十匹","1","1","2"
"军都指挥使符","1","1","2"
"都指挥使符彦","1","1","2"
"指挥使符彦饶","1","1","2"
"挥使符彦饶率","1","1","2"
"使符彦饶率兵","1","1","2"
"州防御使潘环","1","1","2"
"密使赵延寿先","1","1","2"
"吏部侍郎龙敏","1","1","2"
"帝立东丹王赞","1","1","2"
"立东丹王赞华","1","1","2"
"河东道南面行","1","1","2"
"东道南面行营","1","1","2"
"道南面行营招","1","1","2"
"河东道东南面","1","1","2"
"东道东南面行","1","1","2"
"道东南面行营","1","1","2"
"东南面行营招","1","1","2"
"前坊州刺史刘","1","1","2"
"坊州刺史刘景","1","1","2"
"军退入河东川","1","1","2"
"退入河东川界","1","1","2"
"延寿镇州节制","1","1","2"
"丹州刺史康承","1","1","2"
"州刺史康承询","1","1","2"
"刺史康承询停","1","1","2"
"承询奉诏率义","1","1","2"
"询奉诏率义军","1","1","2"
"太原行营副招","1","1","2"
"原行营副招讨","1","1","2"
"营副招讨使杨","1","1","2"
"讨使杨光远杀","1","1","2"
"送晋高祖南行","1","1","2"
"挥使宋审虔率","1","1","2"
"武皇帝贞简皇","1","1","2"
"皇帝贞简皇后","1","1","2"
"帝贞简皇后曹","1","1","2"
"贞简皇后曹氏","1","1","2"
"都虞候李存质","1","1","2"
"时伪蜀主王衍","1","1","2"
"伪蜀主王衍率","1","1","2"
"令步骑亲军三","1","1","2"
"步骑亲军三万","1","1","2"
"伪蜀东川节度","1","1","2"
"蜀东川节度使","1","1","2"
"川节度使宋光","1","1","2"
"节度使宋光葆","1","1","2"
"秦州节度使王","1","1","2"
"节度使王承休","1","1","2"
"度使王承休弃","1","1","2"
"使王承休弃城","1","1","2"
"天下兵马大元","1","1","2"
"下兵马大元帅","1","1","2"
"捧圣步骑两指","1","1","2"
"圣步骑两指挥","1","1","2"
"刑部侍郎任赞","1","1","2"
"知南朝军国事","2","0","2"
"武皇母弟代州","1","1","2"
"皇母弟代州刺","1","1","2"
"母弟代州刺史","1","1","2"
"汴将泽州刺史","1","1","2"
"将泽州刺史刘","1","1","2"
"泽州刺史刘屺","1","1","2"
"州刺史刘屺弃","1","1","2"
"刺史刘屺弃城","1","1","2"
"州刺史李瑭谋","1","1","2"
"遇汴将王友通","1","1","2"
"嗣昭进兵蒲县","1","1","2"
"李存信率牙兵","1","1","2"
"武皇昼夜登城","1","1","2"
"嗣昭昼夜分兵","1","1","2"
"昭昼夜分兵四","1","1","2"
"仁恭遣使求援","2","0","2"
"汴将刘鄩攻同","2","0","2"
"将刘鄩攻同州","2","0","2"
"征张文礼镇州","2","0","2"
"杨氏治家善积","1","1","2"
"氏治家善积聚","1","1","2"
"庄宗令李存渥","1","1","2"
"潞州节度判官","1","1","2"
"州节度判官任","1","1","2"
"继韬同平章事","1","1","2"
"潞州小校冯霸","1","1","2"
"州小校冯霸杀","1","1","2"
"命京兆尹孙揆","1","1","2"
"令供奉官韩归","1","1","2"
"供奉官韩归范","1","1","2"
"奉官韩归范送","1","1","2"
"大顺二年三月","1","1","2"
"时幽州李匡威","1","1","2"
"击镇州四关城","1","1","2"
"奉诚军使孙考","1","1","2"
"诚军使孙考老","1","1","2"
"武皇进攻邢州","1","1","2"
"州节度使王武","1","1","2"
"节度使王武俊","1","1","2"
"送牛酒货币犒","1","1","2"
"大将王德明率","1","1","2"
"将王德明率三","1","1","2"
"王德明率三十","1","1","2"
"德明率三十七","1","1","2"
"明率三十七都","1","1","2"
"亲事偏将苏汉","1","1","2"
"事偏将苏汉衡","1","1","2"
"偏将苏汉衡率","1","1","2"
"将苏汉衡率兵","1","1","2"
"行军司马李蔼","1","1","2"
"部下偏将下狱","1","1","2"
"庄宗攻下镇州","1","1","2"
"故赵王王镕小","1","1","2"
"前成德军中军","1","1","2"
"成德军中军使","1","1","2"
"特授朝议大夫","1","1","2"
"检校考功郎中","1","1","2"
"防御使段文楚","1","1","2"
"李振武父子勇","1","1","2"
"朝廷命招讨使","1","1","2"
"廷命招讨使李","1","1","2"
"命招讨使李钧","1","1","2"
"骑将安休休叛","1","1","2"
"潞州小校安居","1","1","2"
"州小校安居受","1","1","2"
"小校安居受反","1","1","2"
"光化二年三月","1","1","2"
"合燕军攻潞州","1","1","2"
"州节度使王镕","2","0","2"
"监军张承业曰","2","0","2"
"景仁下令造浮","1","1","2"
"仁下令造浮桥","1","1","2"
"大将李山海等","1","1","2"
"将李山海等五","1","1","2"
"李山海等五十","1","1","2"
"山海等五十二","1","1","2"
"海等五十二人","1","1","2"
"配飨庄宗庙廷","1","1","2"
"左右厢步军都","1","1","2"
"蕃汉马步副指","1","1","2"
"汉马步副指挥","1","1","2"
"马步副指挥使","1","1","2"
"存审安国军节","1","1","2"
"审安国军节度","1","1","2"
"磁等州观察使","1","1","2"
"时梁将谢彦章","1","1","2"
"存审率师进攻","1","1","2"
"审率师进攻叛","1","1","2"
"功加检校太傅","2","0","2"
"诸道蕃汉马步","1","1","2"
"庄宗犹豫未决","1","1","2"
"庄宗登城四望","1","1","2"
"博州东岸立栅","1","1","2"
"庄宗送刘皇后","1","1","2"
"兴圣宫使继岌","2","0","2"
"租庸使张宪守","1","1","2"
"崇韬位极人臣","1","1","2"
"时近臣劝庄宗","1","1","2"
"宫室大半空闲","1","1","2"
"泽潞监军张居","1","1","2"
"潞监军张居翰","1","1","2"
"绍宏大失所望","1","1","2"
"密奏请立魏国","1","1","2"
"奏请立魏国夫","1","1","2"
"请立魏国夫人","1","1","2"
"奏时务利害二","1","1","2"
"时务利害二十","1","1","2"
"务利害二十五","1","1","2"
"利害二十五条","1","1","2"
"十月十九日入","1","1","2"
"月十九日入大","1","1","2"
"十九日入大散","1","1","2"
"九日入大散关","1","1","2"
"伪凤州节度使","1","1","2"
"伪命屯驻指挥","1","1","2"
"命屯驻指挥使","1","1","2"
"庄宗令内官李","1","1","2"
"宗令内官李廷","1","1","2"
"令内官李廷安","1","1","2"
"军使王宗弼归","1","1","2"
"庄宗令中官向","1","1","2"
"宗令中官向延","1","1","2"
"令中官向延嗣","1","1","2"
"昼夜妓乐欢宴","1","1","2"
"蜀中珠玉金银","1","1","2"
"王衍爱妓六十","1","1","2"
"四年正月六日","1","1","2"
"文学德行知名","1","1","2"
"垦地约九百二","1","1","2"
"地约九百二十","1","1","2"
"约九百二十万","1","1","2"
"九百二十万顷","1","1","2"
"唐太宗文皇帝","1","1","2"
"劝文皇力行王","1","1","2"
"文皇力行王道","1","1","2"
"授尚书左仆射","1","1","2"
"东都留司官班","1","1","2"
"都留司官班首","1","1","2"
"霍彦威神道碑","1","1","2"
"东南面招讨等","1","1","2"
"南面招讨等使","1","1","2"
"袭吉武皇幕府","2","0","2"
"成都尹韩昭内","1","1","2"
"都尹韩昭内外","1","1","2"
"同光二年十月","1","1","2"
"史建瑭攻下赵","1","1","2"
"建瑭攻下赵州","1","1","2"
"昭义军节度判","1","1","2"
"义军节度判官","1","1","2"
"军节度判官任","1","1","2"
"郭崇韬招讨使","2","0","2"
"剑南东川节度","1","1","2"
"南东川节度副","1","1","2"
"东川节度副大","1","1","2"
"客省使李仁矩","1","1","2"
"枢密承旨李虔","1","1","2"
"密承旨李虔徽","1","1","2"
"绵州刺史武虔","1","1","2"
"州刺史武虔裕","1","1","2"
"节度使李仁矩","1","1","2"
"命天雄军节度","1","1","2"
"雄军节度使石","1","1","2"
"军节度使石敬","1","1","2"
"东川行营招讨","1","1","2"
"川行营招讨使","1","1","2"
"石敬瑭率师进","1","1","2"
"敬瑭率师进讨","1","1","2"
"放西川进奏官","1","1","2"
"西川进奏官苏","1","1","2"
"川进奏官苏愿","1","1","2"
"全义河阳节度","2","0","2"
"授天下兵马副","1","1","2"
"老臣受先朝重","1","1","2"
"渑池镇将柏夔","1","1","2"
"陕州节度使王","1","1","2"
"州节度使王珙","1","1","2"
"弟河中节度使","1","1","2"
"昭宗迁都洛阳","1","1","2"
"令幕客王正言","1","1","2"
"留后李保衡背","1","1","2"
"刘知俊率大军","1","1","2"
"知俊率大军攻","1","1","2"
"左耀武指挥使","1","1","2"
"授右千牛卫将","1","1","2"
"右千牛卫将军","1","1","2"
"怀州龙骧守御","1","1","2"
"州龙骧守御军","1","1","2"
"龙骧守御军作","1","1","2"
"骧守御军作乱","1","1","2"
"获军使刘重遇","1","1","2"
"左龙骧第一指","1","1","2"
"龙骧第一指挥","1","1","2"
"骧第一指挥使","1","1","2"
"龙骧四军都指","1","1","2"
"骧四军都指挥","1","1","2"
"四军都指挥使","1","1","2"
"明二年四月十","1","1","2"
"四月十九日夜","1","1","2"
"汴州捉生都将","1","1","2"
"州捉生都将李","1","1","2"
"生都将李霸等","1","1","2"
"授齐州防御使","1","1","2"
"功授宋州节度","1","1","2"
"赵德钧令牙将","1","1","2"
"德钧令牙将武","1","1","2"
"功授天平军节","1","1","2"
"授天平军节度","1","1","2"
"授天雄军教练","1","1","2"
"天雄军教练使","1","1","2"
"功授检校司空","1","1","2"
"魏博内外衙都","1","1","2"
"博内外衙都将","1","1","2"
"解御衣金带赐","2","0","2"
"都总内外衙银","1","1","2"
"总内外衙银枪","1","1","2"
"内外衙银枪效","1","1","2"
"外衙银枪效节","1","1","2"
"衙银枪效节帐","1","1","2"
"银枪效节帐前","1","1","2"
"枪效节帐前亲","1","1","2"
"效节帐前亲军","1","1","2"
"时宦官韦令图","1","1","2"
"宦官韦令图监","1","1","2"
"李存审赴河中","1","1","2"
"庄宗平定山东","1","1","2"
"料伊直拟冲霄","1","1","2"
"伊直拟冲霄汉","1","1","2"
"明宗问秦州边","1","1","2"
"宗问秦州边事","1","1","2"
"手指画秦州山","1","1","2"
"指画秦州山川","1","1","2"
"画秦州山川要","1","1","2"
"秦州山川要害","1","1","2"
"州山川要害控","1","1","2"
"授右武卫将军","1","1","2"
"石敬瑭入大散","1","1","2"
"敬瑭入大散关","1","1","2"
"思同恃勇先入","1","1","2"
"同恃勇先入剑","1","1","2"
"恃勇先入剑门","1","1","2"
"移镇山南西道","1","1","2"
"令军校宋审温","1","1","2"
"副部署药彦稠","1","1","2"
"时羽林指挥使","1","1","2"
"羽林指挥使杨","1","1","2"
"林指挥使杨思","1","1","2"
"严卫指挥使尹","1","1","2"
"卫指挥使尹晖","1","1","2"
"召侍卫指挥使","1","1","2"
"侍卫指挥使安","1","1","2"
"人告安重诲私","1","1","2"
"令武德使孟汉","1","1","2"
"武德使孟汉琼","1","1","2"
"范延光枢密使","2","0","2"
"宣徽使孟汉琼","1","1","2"
"赵郡平棘西祖","1","1","2"
"时卫公李德裕","1","1","2"
"崇政院直学士","1","1","2"
"崇政使李振等","1","1","2"
"晋州节度使华","1","1","2"
"州节度使华温","1","1","2"
"节度使华温琪","1","1","2"
"通事舍人李霄","1","1","2"
"改司勋员外郎","1","1","2"
"补授太原府掾","1","1","2"
"时西征副招讨","1","1","2"
"西征副招讨使","1","1","2"
"征副招讨使任","1","1","2"
"转集贤殿大学","1","1","2"
"潞州观察判官","1","1","2"
"工部尚书真定","2","0","2"
"部尚书真定尹","2","0","2"
"指挥使梁汉颙","2","0","2"
"金吾街使寇彦","1","1","2"
"吾街使寇彦卿","1","1","2"
"街使寇彦卿入","1","1","2"
"使寇彦卿入朝","1","1","2"
"吏部尚书铨选","1","1","2"
"部尚书铨选司","1","1","2"
"授太子少保致","1","1","2"
"租庸副使孔谦","1","1","2"
"称颂秦王功德","1","1","2"
"秦王常接见宾","1","1","2"
"王常接见宾僚","1","1","2"
"密州刺史贺德","1","1","2"
"州刺史贺德伦","1","1","2"
"刺史贺德伦令","1","1","2"
"请宰相豆卢革","1","1","2"
"魏博六州户口","1","1","2"
"时武德使史彦","1","1","2"
"平卢军行军司","1","1","2"
"卢军行军司马","1","1","2"
"授武宁军节度","1","1","2"
"武宁军节度使","1","1","2"
"鄴都行营招抚","2","0","2"
"明宗密令张虔","1","1","2"
"宗密令张虔钊","1","1","2"
"周德威攻幽州","1","1","2"
"先锋使康延孝","1","1","2"
"西川兵马都监","1","1","2"
"开封尹袁象先","1","1","2"
"枢密使张居翰","1","1","2"
"历事三朝天子","1","1","2"
"集贤殿学士判","1","1","2"
"贤殿学士判院","1","1","2"
"殿学士判院事","1","1","2"
"学士判院事萧","1","1","2"
"士判院事萧希","1","1","2"
"判院事萧希甫","1","1","2"
"岚州司户参军","1","1","2"
"承业辟本院巡","2","0","2"
"业辟本院巡官","2","0","2"
"承业重文章履","2","0","2"
"业重文章履行","2","0","2"
"杜黄裳司空写","2","0","2"
"黄裳司空写真","2","0","2"
"裳司空写真图","2","0","2"
"道状貌酷类焉","2","0","2"
"德威讨刘守光","2","0","2"
"太原军国政事","1","1","2"
"命兴圣宫使李","1","1","2"
"承制授开府仪","1","1","2"
"制授开府仪同","1","1","2"
"王父子血战三","1","1","2"
"父子血战三十","1","1","2"
"见国家册命大","1","1","2"
"国家册命大礼","1","1","2"
"十九年十一月","1","1","2"
"九年十一月二","1","1","2"
"年十一月二日","1","1","2"
"赠左武卫上将","1","1","2"
"容管监军判官","1","1","2"
"管监军判官入","1","1","2"
"汴将李思安筑","1","1","2"
"依前充枢密使","1","1","2"
"授沧州节度使","2","0","2"
"营右厢马军都","1","1","2"
"东川节度使董","1","1","2"
"川节度使董璋","1","1","2"
"节度使董璋上","1","1","2"
"同行人赵延祚","1","1","2"
"张宾作乱河阳","2","0","2"
"乾化元年十二","1","1","2"
"刺史李思安迎","1","1","2"
"命宣徽使李绍","1","1","2"
"徽使李绍宏监","1","1","2"
"使李绍宏监护","1","1","2"
"举魏博观察判","1","1","2"
"魏博观察判官","1","1","2"
"博观察判官张","1","1","2"
"命宰臣豆卢革","1","1","2"
"宰臣豆卢革专","1","1","2"
"臣豆卢革专判","1","1","2"
"豆卢革专判租","1","1","2"
"卢革专判租庸","1","1","2"
"同光元年八月","1","1","2"
"南面招讨指挥","1","1","2"
"面招讨指挥使","1","1","2"
"西南行营马步","1","1","2"
"南行营马步军","1","1","2"
"行营马步军先","1","1","2"
"营马步军先锋","1","1","2"
"伪蜀六军使王","1","1","2"
"蜀六军使王宗","1","1","2"
"军使王宗弼令","1","1","2"
"使王宗弼令人","1","1","2"
"营右厢马步使","1","1","2"
"营左厢马步使","1","1","2"
"子遂州节度使","1","1","2"
"令监军使李廷","1","1","2"
"监军使李廷安","1","1","2"
"军使李廷安召","1","1","2"
"监军李廷安讨","1","1","2"
"先令都将何建","1","1","2"
"令都将何建崇","1","1","2"
"延孝击退东川","1","1","2"
"福元年二月二","1","1","2"
"元年二月二十","1","1","2"
"左射军三百人","1","1","2"
"陕州保义军节","1","1","2"
"州保义军节度","1","1","2"
"长兴元年二月","1","1","2"
"东川行营都招","1","1","2"
"川行营都招讨","1","1","2"
"枢密使范延光","1","1","2"
"改赐竭忠匡运","1","1","2"
"赐竭忠匡运宁","1","1","2"
"竭忠匡运宁国","1","1","2"
"忠匡运宁国功","1","1","2"
"匡运宁国功臣","1","1","2"
"清泰元年五月","1","1","2"
"授郓州节度使","2","0","2"
"扶天启运中正","1","1","2"
"天启运中正功","1","1","2"
"启运中正功臣","1","1","2"
"都押衙刘知远","1","1","2"
"押衙刘知远赞","1","1","2"
"衙刘知远赞成","1","1","2"
"刘知远赞成密","1","1","2"
"知远赞成密计","1","1","2"
"面副招讨使张","1","1","2"
"副招讨使张敬","1","1","2"
"招收指挥使安","1","1","2"
"收指挥使安重","1","1","2"
"指挥使安重荣","1","1","2"
"代州屯将安元","1","1","2"
"州屯将安元信","1","1","2"
"屯将安元信率","1","1","2"
"西北面先锋指","1","1","2"
"北面先锋指挥","1","1","2"
"面先锋指挥使","1","1","2"
"先锋指挥使安","1","1","2"
"锋指挥使安审","1","1","2"
"南军骑将高行","1","1","2"
"军骑将高行周","1","1","2"
"密使赵延寿分","1","1","2"
"魏博节度使范","1","1","2"
"博节度使范延","1","1","2"
"幽州节度使赵","1","1","2"
"州节度使赵德","1","1","2"
"节度使赵德钧","1","1","2"
"潞州行营使李","1","1","2"
"州行营使李思","1","1","2"
"行营使李思安","1","1","2"
"壶关县庶穰乡","1","1","2"
"天十四载石进","1","1","2"
"天福元年十一","1","1","2"
"福元年十一月","1","1","2"
"晋安寨副招讨","1","1","2"
"安寨副招讨使","1","1","2"
"寨副招讨使杨","1","1","2"
"讨使杨光远等","1","1","2"
"战马一千二百","1","1","2"
"马一千二百匹","1","1","2"
"唐明宗朝事例","2","0","2"
"镇州衙内都虞","1","1","2"
"州衙内都虞候","1","1","2"
"逐副使李彦琦","1","1","2"
"同州小校门铎","1","1","2"
"州小校门铎杀","1","1","2"
"明宗皇后曹氏","1","1","2"
"东丹王李赞华","1","1","2"
"单州刺史李肃","1","1","2"
"节度使房知温","1","1","2"
"右神武统军康","1","1","2"
"神武统军康思","1","1","2"
"武统军康思立","1","1","2"
"度使卢文进杀","1","1","2"
"同平章事高行","1","1","2"
"平章事高行周","1","1","2"
"中印土摩竭陀","1","1","2"
"印土摩竭陀舍","1","1","2"
"土摩竭陀舍卫","1","1","2"
"摩竭陀舍卫国","1","1","2"
"竭陀舍卫国大","1","1","2"
"陀舍卫国大菩","1","1","2"
"舍卫国大菩提","1","1","2"
"卫国大菩提寺","1","1","2"
"国大菩提寺三","1","1","2"
"大菩提寺三藏","1","1","2"
"菩提寺三藏阿","1","1","2"
"梨沙门室利缚","1","1","2"
"沙门室利缚罗","1","1","2"
"故契丹人皇王","1","1","2"
"改汴州雍丘县","1","1","2"
"北京西北面计","1","1","2"
"京西北面计度","1","1","2"
"西北面计度司","1","1","2"
"北面计度司事","1","1","2"
"皇子左骁卫上","1","1","2"
"子左骁卫上将","1","1","2"
"河阳三城节度","1","1","2"
"阳三城节度使","1","1","2"
"节度副使王谦","1","1","2"
"左仆射刘昫等","2","0","2"
"天福二年四月","1","1","2"
"福二年四月五","1","1","2"
"二年四月五日","1","1","2"
"诸道州府见禁","2","0","2"
"欠天福元年闰","1","1","2"
"天福元年闰十","1","1","2"
"福元年闰十一","1","1","2"
"元年闰十一月","1","1","2"
"年闰十一月二","1","1","2"
"闰十一月二十","1","1","2"
"十一月二十五","1","1","2"
"子孙量才叙录","2","0","2"
"诏朝文武臣僚","2","0","2"
"州团练使高信","1","1","2"
"封皇第十一妹","2","0","2"
"太常卿梁文矩","1","1","2"
"四庙皇后追尊","1","1","2"
"宗正卿石光赞","1","1","2"
"宰臣李崧上表","1","1","2"
"遣客省使李守","2","0","2"
"护圣都指挥使","2","0","2"
"都指挥使白奉","2","0","2"
"内班史进能押","1","1","2"
"静海军节度使","1","1","2"
"滑州节度使符","1","1","2"
"节度使符彦饶","1","1","2"
"立功都虞候方","1","1","2"
"功都虞候方太","1","1","2"
"都虞候方太押","1","1","2"
"虞候方太押送","1","1","2"
"候方太押送赴","1","1","2"
"守工部尚书裴","1","1","2"
"卫上将军李金","1","1","2"
"上将军李金全","1","1","2"
"修国史赵莹奏","2","0","2"
"枢密院学士侍","1","1","2"
"密院学士侍立","1","1","2"
"邓州节度使李","1","1","2"
"镇海镇东节度","1","1","2"
"海镇东节度使","1","1","2"
"越王钱元瓘加","2","0","2"
"安州李金全上","1","1","2"
"楚王马希范加","2","0","2"
"王马希范加食","2","0","2"
"马希范加食邑","2","0","2"
"希范加食邑实","2","0","2"
"范加食邑实封","2","0","2"
"改赐扶天佐运","1","1","2"
"赐扶天佐运同","1","1","2"
"扶天佐运同德","1","1","2"
"天佐运同德致","1","1","2"
"佐运同德致理","1","1","2"
"运同德致理功","1","1","2"
"同德致理功臣","1","1","2"
"大宁宫门楼观","1","1","2"
"兴元节度使张","1","1","2"
"元节度使张筠","1","1","2"
"左散骑常侍张","1","1","2"
"散骑常侍张允","1","1","2"
"骑常侍张允进","1","1","2"
"中书舍人李详","1","1","2"
"书舍人李详上","1","1","2"
"门卫上将军王","1","1","2"
"卫上将军王彦","1","1","2"
"议大夫薛融上","1","1","2"
"大夫薛融上疏","1","1","2"
"贡举宜权停一","2","0","2"
"举宜权停一年","2","0","2"
"御史知杂事刘","1","1","2"
"刑部郎中司徒","1","1","2"
"部郎中司徒诩","1","1","2"
"定唐明宗朝编","1","1","2"
"事中卢重契丹","2","0","2"
"中书舍人窦贞","1","1","2"
"书舍人窦贞固","1","1","2"
"舍人窦贞固上","1","1","2"
"高丽国宿卫质","1","1","2"
"丽国宿卫质子","1","1","2"
"国宿卫质子王","1","1","2"
"宿卫质子王仁","1","1","2"
"卫质子王仁翟","1","1","2"
"太仆卿邢德昭","1","1","2"
"宫苑使焦继勋","1","1","2"
"平章事冯道官","1","1","2"
"侍郎平章事桑","1","1","2"
"郎平章事桑维","1","1","2"
"平章事桑维翰","1","1","2"
"静鞭官刘守威","1","1","2"
"左金吾仗勘契","1","1","2"
"金吾仗勘契官","1","1","2"
"吾仗勘契官王","1","1","2"
"仗勘契官王英","1","1","2"
"司天台鸡叫学","1","1","2"
"天台鸡叫学生","1","1","2"
"台鸡叫学生商","1","1","2"
"鸡叫学生商晖","1","1","2"
"叫学生商晖等","1","1","2"
"阗国王杨仁美","1","1","2"
"仁美遣使贡方","2","0","2"
"美遣使贡方物","2","0","2"
"放燕国长公主","1","1","2"
"节度副使李式","1","1","2"
"宣徽南院使刘","1","1","2"
"徽南院使刘处","1","1","2"
"建节度使王继","1","1","2"
"度使王继恭遣","2","0","2"
"加食邑一万五","1","1","2"
"食邑一万五千","1","1","2"
"邑一万五千户","1","1","2"
"州范延光上表","1","1","2"
"许天下私铸钱","1","1","2"
"龙武统军李昶","2","0","2"
"子太师致仕范","2","0","2"
"太师致仕范延","2","0","2"
"师致仕范延光","2","0","2"
"朔方军节度使","1","1","2"
"方军节度使张","1","1","2"
"军节度使张希","1","1","2"
"节度使张希崇","1","1","2"
"左谏议大夫曹","1","1","2"
"谏议大夫曹国","1","1","2"
"议大夫曹国珍","1","1","2"
"大夫曹国珍上","1","1","2"
"改东京玉华殿","1","1","2"
"礼部员外郎杨","1","1","2"
"部员外郎杨昭","1","1","2"
"员外郎杨昭俭","1","1","2"
"回鹘汗仁美遣","2","0","2"
"鹘汗仁美遣使","2","0","2"
"汗仁美遣使贡","2","0","2"
"前右拾遗郑云","2","0","2"
"供奉官齐延祚","1","1","2"
"奉官齐延祚乘","1","1","2"
"官齐延祚乘驿","1","1","2"
"右骁卫大将军","1","1","2"
"昭顺军节度使","1","1","2"
"顺军节度使姚","1","1","2"
"军节度使姚彦","1","1","2"
"节度使姚彦章","1","1","2"
"度使马希范加","1","1","2"
"加天策上将军","2","0","2"
"户部尚书崔居","1","1","2"
"御史中丞薛融","1","1","2"
"史中丞薛融等","1","1","2"
"中丞薛融等上","1","1","2"
"三百六十八道","1","1","2"
"故皇子河南尹","1","1","2"
"虢国夫人李氏","1","1","2"
"守司空门下侍","2","0","2"
"文馆大学士冯","1","1","2"
"馆大学士冯道","1","1","2"
"司天监马重绩","1","1","2"
"天监马重绩等","1","1","2"
"监马重绩等进","1","1","2"
"相州节度使桑","1","1","2"
"度使桑维翰上","1","1","2"
"武军节度使王","1","1","2"
"军节度使王继","1","1","2"
"兵部员外郎李","1","1","2"
"部员外郎李知","1","1","2"
"员外郎李知损","1","1","2"
"外郎李知损上","1","1","2"
"郎李知损上疏","1","1","2"
"逍遥先生郑云","1","1","2"
"遥先生郑云叟","1","1","2"
"年春正月丁卯","2","0","2"
"宣徽使杨彦询","1","1","2"
"使杨彦询使契","2","0","2"
"杨彦询使契丹","2","0","2"
"袭酅国公杨延","2","0","2"
"酅国公杨延寿","2","0","2"
"三恪汝州襄城","1","1","2"
"恪汝州襄城县","1","1","2"
"节度使安审信","1","1","2"
"沙州归义军节","1","1","2"
"州归义军节度","1","1","2"
"义军节度使曹","1","1","2"
"军节度使曹义","1","1","2"
"节度使曹义金","1","1","2"
"北京留守安彦","1","1","2"
"京留守安彦威","1","1","2"
"东平王王建立","1","1","2"
"中书门下侍郎","1","1","2"
"州节度使王建","1","1","2"
"容州节度使马","1","1","2"
"州节度使马存","1","1","2"
"驸马都尉杨承","1","1","2"
"马都尉杨承祚","1","1","2"
"义军节度使王","1","1","2"
"军节度使王建","1","1","2"
"曹州防御使石","1","1","2"
"州防御使石晖","1","1","2"
"礼部侍郎张允","1","1","2"
"鄜州节度使安","2","0","2"
"内客省使李守","1","1","2"
"供奉官刘彦瑶","1","1","2"
"奉官刘彦瑶奉","1","1","2"
"云梦人齐岘斩","1","1","2"
"昭义节度使韩","1","1","2"
"义节度使韩王","1","1","2"
"节度使韩王王","1","1","2"
"度使韩王王建","1","1","2"
"使韩王王建立","1","1","2"
"供奉官安友谦","1","1","2"
"道士崇真大师","1","1","2"
"士崇真大师张","1","1","2"
"崇真大师张荐","1","1","2"
"真大师张荐明","1","1","2"
"度使马全节加","1","1","2"
"度使安审晖加","1","1","2"
"遣天策府步骑","1","1","2"
"冬正朝会礼节","1","1","2"
"二舞行列等事","1","1","2"
"舞行列等事上","1","1","2"
"左龙武统军相","1","1","2"
"龙武统军相里","1","1","2"
"武统军相里金","1","1","2"
"东西等道节度","1","1","2"
"西等道节度使","1","1","2"
"汝州防御使杨","1","1","2"
"防御使杨承贵","1","1","2"
"莱州刺史段希","1","1","2"
"州刺史段希尧","1","1","2"
"遂州武信军节","1","1","2"
"州武信军节度","1","1","2"
"镇海军衙内统","1","1","2"
"海军衙内统军","1","1","2"
"同平章事陆仁","1","1","2"
"平章事陆仁璋","1","1","2"
"吴越国进奉使","1","1","2"
"越国进奉使陈","1","1","2"
"国进奉使陈元","1","1","2"
"进奉使陈元亮","1","1","2"
"奉使陈元亮进","1","1","2"
"移德州长河县","1","1","2"
"福州威武军节","1","1","2"
"州威武军节度","1","1","2"
"天福六年春正","1","1","2"
"福六年春正月","1","1","2"
"刑部员外郎李","1","1","2"
"部员外郎李象","1","1","2"
"员外郎李象上","1","1","2"
"同州指挥使成","1","1","2"
"州指挥使成殷","1","1","2"
"遣供奉官张澄","1","1","2"
"供奉官张澄等","1","1","2"
"受镇州安重荣","1","1","2"
"户部侍郎张昭","1","1","2"
"秘书少监赵熙","1","1","2"
"吏部郎中郑受","1","1","2"
"部郎中郑受益","1","1","2"
"左司员外郎李","1","1","2"
"宰臣赵莹监修","1","1","2"
"卫上将军李承","1","1","2"
"上将军李承约","1","1","2"
"张昭远等五人","1","1","2"
"刑部侍郎吕琦","1","1","2"
"迦叶弥陀国僧","1","1","2"
"州节度使安进","2","0","2"
"天福六年秋七","1","1","2"
"福六年秋七月","1","1","2"
"西凉府留后李","1","1","2"
"凉府留后李文","1","1","2"
"府留后李文谦","1","1","2"
"左右金吾六军","1","1","2"
"右金吾六军仪","1","1","2"
"金吾六军仪仗","1","1","2"
"吾六军仪仗排","1","1","2"
"六军仪仗排列","1","1","2"
"都皇城南门应","1","1","2"
"皇城南门应天","1","1","2"
"城南门应天门","1","1","2"
"国子博士谢攀","1","1","2"
"邢州节度使杨","1","1","2"
"州节度使杨彦","1","1","2"
"节度使杨彦询","1","1","2"
"梁国公狄仁杰","1","1","2"
"郑王夫人张氏","1","1","2"
"考功郎中张铸","1","1","2"
"功郎中张铸持","1","1","2"
"郎中张铸持节","1","1","2"
"中张铸持节册","1","1","2"
"太子少傅致仕","2","0","2"
"子少傅致仕王","2","0","2"
"同州节度使宋","1","1","2"
"州节度使宋彦","1","1","2"
"徽南院使张恩","2","0","2"
"锋都指挥使郭","1","1","2"
"都指挥使郭金","1","1","2"
"指挥使郭金海","1","1","2"
"挥使郭金海等","1","1","2"
"内都指挥使安","1","1","2"
"都指挥使安宏","1","1","2"
"指挥使安宏义","1","1","2"
"安重荣称兵向","2","0","2"
"重荣称兵向阙","2","0","2"
"杜重威北面行","2","0","2"
"重威北面行营","2","0","2"
"威北面行营招","2","0","2"
"邢州节度使马","1","1","2"
"前贝州节度使","2","0","2"
"均州刺史蔡行","1","1","2"
"州刺史蔡行遇","1","1","2"
"宗城县西南大","1","1","2"
"深州刺史史虔","1","1","2"
"州刺史史虔武","1","1","2"
"金吾上将军苌","1","1","2"
"故沂州马步军","1","1","2"
"故检校太子宾","1","1","2"
"追赠皇子五人","1","1","2"
"故河阳节度使","1","1","2"
"故左金吾卫将","1","1","2"
"使桑维翰加检","2","0","2"
"桑维翰加检校","2","0","2"
"维翰加检校太","2","0","2"
"度使侍卫马步","2","0","2"
"步军都虞候景","1","1","2"
"军都虞候景延","1","1","2"
"阳节度使王周","1","1","2"
"皇妹清平公主","1","1","2"
"妹清平公主进","1","1","2"
"清平公主进封","1","1","2"
"延州蕃寇作乱","1","1","2"
"兵部尚书韩恽","1","1","2"
"齐州防御使宋","1","1","2"
"州防御使宋光","1","1","2"
"翰林茶酒使张","1","1","2"
"林茶酒使张言","1","1","2"
"契丹枢密使赵","1","1","2"
"丹枢密使赵延","1","1","2"
"驸马都尉史匡","1","1","2"
"马都尉史匡翰","1","1","2"
"唐州湖阳县蓼","1","1","2"
"州湖阳县蓼山","1","1","2"
"湖阳县蓼山神","1","1","2"
"度使安彦威封","1","1","2"
"泾州节度使王","1","1","2"
"大夫郑受益两","1","1","2"
"解掌书记张式","1","1","2"
"刑部郎中李涛","1","1","2"
"尚书虞部郎中","1","1","2"
"贝州清河县主","1","1","2"
"州清河县主簿","1","1","2"
"府节度使康福","1","1","2"
"庆州刺史米廷","1","1","2"
"州刺史米廷训","1","1","2"
"威卫上将军卫","1","1","2"
"卫上将军卫审","1","1","2"
"襄州都部署高","1","1","2"
"州都部署高行","1","1","2"
"观察判官李光","1","1","2"
"察判官李光图","1","1","2"
"年六月二十七","1","1","2"
"指帝谓高祖曰","2","0","2"
"内节度观察事","1","1","2"
"天福二年九月","1","1","2"
"崇德殿门偏廊","1","1","2"
"右骁卫将军石","1","1","2"
"骁卫将军石德","1","1","2"
"卫将军石德超","1","1","2"
"将军石德超等","1","1","2"
"军石德超等押","1","1","2"
"门下侍郎窦贞","1","1","2"
"下侍郎窦贞固","1","1","2"
"户部侍郎吕琦","1","1","2"
"御史中丞王易","1","1","2"
"史中丞王易简","1","1","2"
"改西京明堂殿","1","1","2"
"太皇太后刘氏","1","1","2"
"国子祭酒户部","2","0","2"
"子祭酒户部侍","2","0","2"
"祭酒户部侍郎","2","0","2"
"酒户部侍郎田","2","0","2"
"恆州顺国军节","2","0","2"
"国军节度使杜","1","1","2"
"臣冯道等上表","2","0","2"
"请依旧置枢密","2","0","2"
"依旧置枢密使","2","0","2"
"赐宰臣冯道生","1","1","2"
"宰臣冯道生辰","1","1","2"
"臣冯道生辰器","1","1","2"
"左散骑常侍罗","1","1","2"
"散骑常侍罗周","1","1","2"
"骑常侍罗周岳","1","1","2"
"昌军节度使桑","1","1","2"
"军节度使桑维","1","1","2"
"河东节度使康","1","1","2"
"东节度使康福","1","1","2"
"尚书左仆射刘","1","1","2"
"赐襄州城内百","1","1","2"
"襄州城内百姓","1","1","2"
"州城内百姓粟","1","1","2"
"契丹遣使致祭","2","0","2"
"丹遣使致祭高","2","0","2"
"遣使致祭高祖","2","0","2"
"臣诣寺观祷雨","2","0","2"
"吴越国王钱宏","2","0","2"
"越国王钱宏佐","2","0","2"
"建节度使王延","1","1","2"
"节度使王延羲","1","1","2"
"受等四十四人","1","1","2"
"襄州利市庙封","1","1","2"
"宰臣等分诣寺","2","0","2"
"州府除蚕盐外","1","1","2"
"三司预支一年","1","1","2"
"威武军节度副","1","1","2"
"都指挥使王亚","1","1","2"
"指挥使王亚澄","1","1","2"
"威武军副大使","1","1","2"
"回鹘进奉使密","1","1","2"
"鹘进奉使密里","1","1","2"
"进奉使密里等","1","1","2"
"怀化归德大将","1","1","2"
"化归德大将军","1","1","2"
"故洪州节度使","1","1","2"
"度使马希振追","1","1","2"
"使马希振追封","1","1","2"
"马希振追封齐","1","1","2"
"希振追封齐国","1","1","2"
"振追封齐国公","1","1","2"
"故中吴建武等","1","1","2"
"中吴建武等军","1","1","2"
"吴建武等军节","1","1","2"
"建武等军节度","1","1","2"
"武等军节度使","1","1","2"
"彭城郡王钱元","1","1","2"
"天福八年春正","1","1","2"
"福八年春正月","1","1","2"
"五千三百八十","1","1","2"
"千三百八十七","1","1","2"
"后唐庄宗德妃","1","1","2"
"唐庄宗德妃伊","1","1","2"
"庄宗德妃伊氏","1","1","2"
"回鹘入朝使刘","1","1","2"
"侍卫亲军使景","1","1","2"
"卫亲军使景延","1","1","2"
"亲军使景延广","1","1","2"
"七千七百五十","1","1","2"
"千七百五十九","1","1","2"
"吾卫上将军刘","1","1","2"
"卫上将军刘处","1","1","2"
"太府卿孟承诲","1","1","2"
"左羽林统军安","1","1","2"
"羽林统军安审","1","1","2"
"林统军安审晖","1","1","2"
"供奉官卫延韬","1","1","2"
"嵩山投龙祈雨","1","1","2"
"礼部侍郎吴承","1","1","2"
"部侍郎吴承范","1","1","2"
"尚书左丞王易","1","1","2"
"书左丞王易简","1","1","2"
"天福八年秋七","1","1","2"
"福八年秋七月","1","1","2"
"州节度使李温","2","0","2"
"右卫上将军杨","1","1","2"
"卫上将军杨思","1","1","2"
"上将军杨思权","1","1","2"
"五千八百九十","1","1","2"
"秦国夫人安氏","1","1","2"
"魏国夫人张氏","1","1","2"
"颍州团练使田","1","1","2"
"州团练使田令","1","1","2"
"团练使田令方","1","1","2"
"刺史李彝敏抛","1","1","2"
"史李彝敏抛弃","1","1","2"
"宥州刺史李仁","1","1","2"
"州刺史李仁立","1","1","2"
"刺史李彝敏擅","1","1","2"
"侍卫使景延广","1","1","2"
"延广玉带名马","1","1","2"
"饿死者数十万","2","0","2"
"前复州防御使","1","1","2"
"复州防御使吴","1","1","2"
"州防御使吴峦","1","1","2"
"度使王令温赴","1","1","2"
"单州军事判官","1","1","2"
"州军事判官赵","1","1","2"
"军事判官赵岳","1","1","2"
"军卫将军蔡行","1","1","2"
"将军蔡行遇押","1","1","2"
"供奉官殿直二","1","1","2"
"奉官殿直二十","1","1","2"
"官殿直二十六","1","1","2"
"殿直二十六人","1","1","2"
"度使杨光远谋","1","1","2"
"河阳节度使符","1","1","2"
"阳节度使符彦","1","1","2"
"宋州节度使高","1","1","2"
"州节度使高行","1","1","2"
"州节度使李承","1","1","2"
"节度使李承福","1","1","2"
"登州刺史郭彦","1","1","2"
"州刺史郭彦威","1","1","2"
"一万二千三百","1","1","2"
"陕州节度使石","1","1","2"
"开运元年春正","1","1","2"
"运元年春正月","1","1","2"
"契丹前锋赵延","1","1","2"
"丹前锋赵延寿","1","1","2"
"月十三日车驾","2","0","2"
"州节度使李周","1","1","2"
"鄴都留守张恩","2","0","2"
"武卫上将军张","1","1","2"
"卫上将军张彦","1","1","2"
"上将军张彦泽","1","1","2"
"将军张彦泽等","1","1","2"
"博州刺史周儒","1","1","2"
"左武卫将军蔡","1","1","2"
"武卫将军蔡行","1","1","2"
"将军蔡行遇率","1","1","2"
"先锋指挥使石","1","1","2"
"锋指挥使石公","1","1","2"
"指挥使石公霸","1","1","2"
"贼将七十八人","1","1","2"
"契丹西南面招","1","1","2"
"丹西南面招讨","1","1","2"
"刺史安审约奏","2","0","2"
"送所掠人口宝","1","1","2"
"杨光远率兵围","1","1","2"
"邓州节度使何","1","1","2"
"东南面马步军","1","1","2"
"护圣第二军都","1","1","2"
"圣第二军都指","1","1","2"
"第二军都指挥","1","1","2"
"二军都指挥使","1","1","2"
"指挥使乌韩七","1","1","2"
"监军何彦超等","1","1","2"
"军何彦超等临","1","1","2"
"何彦超等临阵","1","1","2"
"彦超等临阵畏","1","1","2"
"超等临阵畏怯","1","1","2"
"太原刘知远奏","1","1","2"
"侍卫亲军都虞","1","1","2"
"卫亲军都虞候","1","1","2"
"亲军都虞候李","1","1","2"
"军都虞候李守","1","1","2"
"都虞候李守贞","1","1","2"
"虞候李守贞率","1","1","2"
"贝州贼将赵延","1","1","2"
"州贼将赵延昭","1","1","2"
"贼将赵延昭纵","1","1","2"
"将赵延昭纵火","1","1","2"
"开封府尹李周","1","1","2"
"开运元年秋七","1","1","2"
"运元年秋七月","1","1","2"
"明德门内震落","1","1","2"
"代州刺史白文","1","1","2"
"州刺史白文珂","1","1","2"
"将校七十余人","2","0","2"
"光远子承勋等","2","0","2"
"观察判官邱涛","1","1","2"
"招讨使李守贞","1","1","2"
"遣墨县令王德","2","0","2"
"县令王德柔贡","2","0","2"
"令王德柔贡表","2","0","2"
"王德柔贡表待","2","0","2"
"德柔贡表待罪","2","0","2"
"节度判官杨麟","1","1","2"
"右骁骑卫将军","1","1","2"
"开运二年春正","1","1","2"
"运二年春正月","1","1","2"
"二年春正月戊","2","0","2"
"西京留守景延","1","1","2"
"沧州节度使田","1","1","2"
"州节度使田武","1","1","2"
"随驾马步军都","1","1","2"
"驾马步军都钤","1","1","2"
"马步军都钤辖","1","1","2"
"营副招讨使马","1","1","2"
"副招讨使马全","1","1","2"
"招讨使马全节","1","1","2"
"行营都监李守","1","1","2"
"营都监李守贞","1","1","2"
"统军张彦泽等","1","1","2"
"尚书户部侍郎","1","1","2"
"书户部侍郎冯","1","1","2"
"户部侍郎冯玉","1","1","2"
"左补阙袁范先","1","1","2"
"蕃汉兵士二千","1","1","2"
"汉兵士二千人","1","1","2"
"白团卫村下营","1","1","2"
"契丹主坐车中","2","0","2"
"开运二年夏五","1","1","2"
"运二年夏五月","1","1","2"
"史官张昭远等","1","1","2"
"谏议大夫李元","1","1","2"
"议大夫李元龟","1","1","2"
"太常寺二舞郎","1","1","2"
"小事请假离京","1","1","2"
"吏部侍郎张昭","1","1","2"
"侍郎张昭远加","1","1","2"
"二王后守太仆","1","1","2"
"王后守太仆少","1","1","2"
"后守太仆少卿","1","1","2"
"国公杨延寿除","1","1","2"
"金耳环二副进","1","1","2"
"耳环二副进呈","1","1","2"
"瀛州守将刘延","1","1","2"
"州守将刘延祚","1","1","2"
"守将刘延祚受","1","1","2"
"将刘延祚受契","1","1","2"
"刘延祚受契丹","1","1","2"
"开运三年冬十","1","1","2"
"运三年冬十一","1","1","2"
"尚书兵部郎中","1","1","2"
"行营招讨使杜","1","1","2"
"营招讨使杜威","1","1","2"
"招讨使杜威率","1","1","2"
"度使梁汉璋战","1","1","2"
"使梁汉璋战死","1","1","2"
"都指挥使王清","1","1","2"
"指挥使王清战","1","1","2"
"挥使王清战死","1","1","2"
"度使张彦泽受","2","0","2"
"使张彦泽受契","2","0","2"
"张彦泽受契丹","2","0","2"
"彦泽受契丹命","2","0","2"
"封丘门斩关入","2","0","2"
"控鹤指挥使李","1","1","2"
"鹤指挥使李荣","1","1","2"
"宣徽使孟承诲","1","1","2"
"晋朝臣僚一切","1","1","2"
"郑州防御使杨","1","1","2"
"防御使杨承勋","1","1","2"
"指挥使李彦韬","1","1","2"
"取内官十五人","1","1","2"
"节度使赵延晖","1","1","2"
"度使赵延晖尽","1","1","2"
"赐忠顺保义功","2","0","2"
"守左金吾卫大","1","1","2"
"重信历事唐明","1","1","2"
"信历事唐明宗","1","1","2"
"前灵武节度使","2","0","2"
"灵武节度使张","1","1","2"
"洛都巡检使张","1","1","2"
"庄宅使张颖监","1","1","2"
"宅使张颖监护","1","1","2"
"使张颖监护丧","1","1","2"
"张颖监护丧事","1","1","2"
"河南府万安山","1","1","2"
"华州连帅尹皓","1","1","2"
"张敬达围晋阳","2","0","2"
"天福八年十二","1","1","2"
"福八年十二月","1","1","2"
"时太常丞王绪","1","1","2"
"卢龙军行军司","1","1","2"
"龙军行军司马","1","1","2"
"蕃汉都提举使","1","1","2"
"平州节度使卢","1","1","2"
"州节度使卢文","1","1","2"
"度使卢文进南","1","1","2"
"使卢文进南归","1","1","2"
"灵州两使留后","1","1","2"
"天福四年七月","1","1","2"
"浑都督白承福","1","1","2"
"授晋昌军节度","2","0","2"
"内客省使李彦","1","1","2"
"客省使李彦韬","1","1","2"
"端明殿学士冯","1","1","2"
"明殿学士冯玉","1","1","2"
"开运三年十二","1","1","2"
"运三年十二月","1","1","2"
"三年十二月十","1","1","2"
"年十二月十日","1","1","2"
"莹监修金天神","1","1","2"
"监修金天神祠","1","1","2"
"陕府两使留后","1","1","2"
"修正史二百卷","1","1","2"
"检校太尉本官","1","1","2"
"赐子绢五百匹","2","0","2"
"归葬华阴故里","2","0","2"
"逐浮阳节度使","1","1","2"
"浮阳节度使卢","1","1","2"
"阳节度使卢彦","1","1","2"
"节度使卢彦威","1","1","2"
"沧州留后毛璋","1","1","2"
"州留后毛璋归","1","1","2"
"四年二月六日","1","1","2"
"天雄军兵马留","1","1","2"
"雄军兵马留后","1","1","2"
"西川行营步军","1","1","2"
"川行营步军都","1","1","2"
"时部将牛存节","1","1","2"
"天雄军马步都","1","1","2"
"雄军马步都指","1","1","2"
"行台右千牛卫","1","1","2"
"台右千牛卫大","1","1","2"
"右千牛卫大将","1","1","2"
"千牛卫大将军","1","1","2"
"滑州两使留后","1","1","2"
"官开府仪同三","1","1","2"
"累赠太子太师","2","0","2"
"襄州兵马都监","1","1","2"
"荆南道行营兵","1","1","2"
"南道行营兵马","1","1","2"
"道行营兵马都","1","1","2"
"行营兵马都监","1","1","2"
"灵武兵马留后","1","1","2"
"武兵马留后韩","1","1","2"
"河西等军节度","1","1","2"
"肃等州观察处","1","1","2"
"令将军牛知柔","1","1","2"
"福耀忠匡定保","1","1","2"
"彰义军节度使","1","1","2"
"改赐输忠守正","1","1","2"
"赐输忠守正翊","1","1","2"
"输忠守正翊亮","1","1","2"
"忠守正翊亮功","1","1","2"
"守正翊亮功臣","1","1","2"
"唐潞州节度使","1","1","2"
"时河朔群盗充","1","1","2"
"河朔群盗充斥","1","1","2"
"万胜黄头军使","1","1","2"
"授西川节度副","2","0","2"
"西川节度副使","1","1","2"
"遂州两使留后","1","1","2"
"庆州刺史窦廷","1","1","2"
"州刺史窦廷琬","1","1","2"
"累官检校太师","2","0","2"
"湖州司功参军","1","1","2"
"兵部侍郎司空","1","1","2"
"部侍郎司空图","1","1","2"
"唐太原府祁县","1","1","2"
"唐尚书司勋郎","1","1","2"
"尚书司勋郎中","1","1","2"
"检校兵部郎中","1","1","2"
"河东节度掌书","1","1","2"
"东节度掌书记","1","1","2"
"张承业等密谋","1","1","2"
"行台礼部尚书","1","1","2"
"论思匡佐功臣","1","1","2"
"改赐耀忠匡定","1","1","2"
"竭诚匡国功臣","1","1","2"
"左金吾卫上将","1","1","2"
"西北面都计度","1","1","2"
"北面都计度使","1","1","2"
"魏博屯将张令","1","1","2"
"博屯将张令昭","1","1","2"
"屯将张令昭逐","2","0","2"
"将张令昭逐帅","2","0","2"
"河北都转运使","1","1","2"
"高祖举义太原","2","0","2"
"高祖命宣武军","1","1","2"
"祖命宣武军节","1","1","2"
"命宣武军节度","1","1","2"
"武军节度使杨","1","1","2"
"军节度使杨光","1","1","2"
"卫等州观察处","1","1","2"
"行营左军都指","1","1","2"
"营左军都指挥","1","1","2"
"左军都指挥使","1","1","2"
"溺死者数千人","2","0","2"
"广顺三年正月","1","1","2"
"宋国夫人霍氏","1","1","2"
"国夫人霍氏上","1","1","2"
"圣右厢都指挥","1","1","2"
"护圣左右厢都","1","1","2"
"圣左右厢都指","1","1","2"
"将滑州兵士一","1","1","2"
"步军都校马万","1","1","2"
"检校尚书仆射","1","1","2"
"竭诚翊戴保节","1","1","2"
"诚翊戴保节功","1","1","2"
"翊戴保节功臣","1","1","2"
"太子右赞善大","1","1","2"
"子右赞善大夫","1","1","2"
"司天监赵仁琦","1","1","2"
"魏府屯将张令","1","1","2"
"府屯将张令昭","1","1","2"
"州刺史冯晖等","1","1","2"
"天福二年夏六","1","1","2"
"福二年夏六月","1","1","2"
"主上敦信明义","1","1","2"
"水运军使曹千","1","1","2"
"幽州马步军都","1","1","2"
"魏博行府节度","1","1","2"
"博行府节度使","1","1","2"
"桑维翰枢密使","2","0","2"
"青州移镇上党","1","1","2"
"承祚见城中人","1","1","2"
"祚见城中人民","1","1","2"
"见城中人民相","1","1","2"
"振武蕃汉马步","1","1","2"
"武蕃汉马步军","1","1","2"
"振武道巡边指","1","1","2"
"武道巡边指挥","1","1","2"
"道巡边指挥使","1","1","2"
"行军司马郑元","1","1","2"
"军司马郑元昭","1","1","2"
"法官李涛等上","1","1","2"
"十二月十六日","1","1","2"
"高祖睿文圣武","1","1","2"
"祖睿文圣武昭","1","1","2"
"祖母鲁国太夫","1","1","2"
"母鲁国太夫人","1","1","2"
"鲁国太夫人李","1","1","2"
"国太夫人李氏","1","1","2"
"吴国太夫人安","1","1","2"
"国太夫人安氏","1","1","2"
"北京马步军都","1","1","2"
"侍卫马步都指","1","1","2"
"卫马步都指挥","1","1","2"
"改许州节度使","2","0","2"
"大军直抵澶州","1","1","2"
"幽州道行营招","1","1","2"
"州道行营招讨","1","1","2"
"道行营招讨使","1","1","2"
"浑白承福等五","1","1","2"
"白承福等五族","2","0","2"
"天福十二年春","1","1","2"
"福十二年春正","1","1","2"
"十二年春正月","1","1","2"
"改晋国大辽国","2","0","2"
"河东行军司马","1","1","2"
"东行军司马张","1","1","2"
"行军司马张彦","1","1","2"
"军司马张彦威","1","1","2"
"贼帅梁晖相州","2","0","2"
"晋州兵马留后","1","1","2"
"州兵马留后张","1","1","2"
"兵马留后张晏","1","1","2"
"马留后张晏洪","1","1","2"
"谏议大夫赵熙","1","1","2"
"时晋州留后刘","1","1","2"
"陕州留后赵晖","1","1","2"
"潞州留后王守","1","1","2"
"州留后王守恩","1","1","2"
"雄军节度使杜","1","1","2"
"本道节度使周","1","1","2"
"道节度使周密","1","1","2"
"契丹黎阳济河","2","0","2"
"三月二十一日","1","1","2"
"魏国夫人李氏","1","1","2"
"勋右卫大将军","2","0","2"
"河阳留后武行","1","1","2"
"阳留后武行德","1","1","2"
"遣奉国都虞候","1","1","2"
"奉国都虞候武","1","1","2"
"国都虞候武行","1","1","2"
"都虞候武行德","1","1","2"
"澶州节度使潘","1","1","2"
"州节度使潘环","1","1","2"
"天福十二年夏","1","1","2"
"福十二年夏五","1","1","2"
"十二年夏五月","1","1","2"
"泽州刺史翟令","1","1","2"
"州刺史翟令奇","1","1","2"
"节度使萧翰迎","1","1","2"
"定州节度副使","1","1","2"
"州节度副使耶","1","1","2"
"节度副使耶律","1","1","2"
"度副使耶律忠","1","1","2"
"方简云州节度","2","0","2"
"简云州节度使","2","0","2"
"遣偏校成霸卿","1","1","2"
"契丹河中节度","1","1","2"
"丹河中节度使","1","1","2"
"河中节度使赵","1","1","2"
"中节度使赵赞","1","1","2"
"十二年六月十","1","1","2"
"二年六月十五","1","1","2"
"年六月十五日","1","1","2"
"除十恶五逆外","2","0","2"
"屯驻指挥使王","1","1","2"
"驻指挥使王继","1","1","2"
"左卫上将军皇","1","1","2"
"卫上将军皇甫","1","1","2"
"上将军皇甫立","1","1","2"
"宋州节度使杜","1","1","2"
"太常卿张昭上","2","0","2"
"文祖明元皇帝","1","1","2"
"德祖恭僖皇帝","1","1","2"
"翼祖昭献皇帝","1","1","2"
"显祖章圣皇帝","1","1","2"
"镇州驻屯护圣","1","1","2"
"州驻屯护圣左","1","1","2"
"驻屯护圣左厢","1","1","2"
"屯护圣左厢都","1","1","2"
"厢都指挥使白","1","1","2"
"州团练使薛怀","1","1","2"
"镇州逐满达勒","2","0","2"
"邢州都指挥使","1","1","2"
"部署高行周督","1","1","2"
"副部署慕容彦","1","1","2"
"部署慕容彦超","1","1","2"
"署慕容彦超坚","1","1","2"
"王师伤夷者万","2","0","2"
"师伤夷者万余","2","0","2"
"伤夷者万余人","2","0","2"
"八百六十七人","1","1","2"
"改天福十三年","1","1","2"
"正月五日昧爽","2","0","2"
"元年正月二十","1","1","2"
"万岁殿门东庑","2","0","2"
"岁殿门东庑下","2","0","2"
"副枢密使郭威","1","1","2"
"枢密使郭威等","1","1","2"
"陕州兵马监押","1","1","2"
"州兵马监押王","1","1","2"
"兵马监押王玉","1","1","2"
"时供奉官时知","1","1","2"
"供奉官时知化","1","1","2"
"前永兴节度使","1","1","2"
"永兴节度使赵","1","1","2"
"兴节度使赵赞","1","1","2"
"节度使赵赞部","1","1","2"
"度使赵赞部下","1","1","2"
"使赵赞部下牙","1","1","2"
"赵赞部下牙兵","1","1","2"
"赞部下牙兵赵","1","1","2"
"部下牙兵赵思","1","1","2"
"下牙兵赵思绾","1","1","2"
"牙兵赵思绾等","1","1","2"
"兵赵思绾等三","1","1","2"
"赵思绾等三百","1","1","2"
"州节度使孙方","1","1","2"
"节度使孙方简","1","1","2"
"前翰林学士徐","1","1","2"
"翰林学士徐台","1","1","2"
"林学士徐台符","1","1","2"
"都部署郭义奏","2","0","2"
"相州节度使王","1","1","2"
"州节度使王继","1","1","2"
"节度使王继宏","2","0","2"
"节度判官张易","1","1","2"
"命枢密使郭威","1","1","2"
"朝廷命白文珂","2","0","2"
"常思攻讨河中","1","1","2"
"都部署赵晖奏","2","0","2"
"中书舍人张谊","1","1","2"
"兵部郎中马承","1","1","2"
"部郎中马承翰","1","1","2"
"夏州李彝殷先","1","1","2"
"太子太傅李崧","1","1","2"
"弟司封员外郎","1","1","2"
"正使宰臣苏禹","1","1","2"
"河府李守贞求","1","1","2"
"府李守贞求援","1","1","2"
"乾祐二年春正","1","1","2"
"祐二年春正月","1","1","2"
"年春正月壬子","2","0","2"
"赐前昭义军节","1","1","2"
"义军节度使张","1","1","2"
"贼将王三铁等","1","1","2"
"前右监门将军","1","1","2"
"右监门将军乔","1","1","2"
"监门将军乔达","1","1","2"
"徐州巡检使成","1","1","2"
"州巡检使成德","1","1","2"
"巡检使成德钦","1","1","2"
"河中节度副使","1","1","2"
"中节度副使周","1","1","2"
"节度副使周光","1","1","2"
"度副使周光逊","1","1","2"
"将士一千一百","1","1","2"
"士一千一百三","1","1","2"
"一千一百三十","1","1","2"
"千一百三十人","1","1","2"
"右监门大将军","1","1","2"
"监门大将军许","1","1","2"
"门大将军许迁","1","1","2"
"大将军许迁上","1","1","2"
"将军许迁上言","1","1","2"
"博州博平县界","1","1","2"
"华州节度留后","1","1","2"
"永兴城内都指","1","1","2"
"兴城内都指挥","1","1","2"
"城内都指挥使","1","1","2"
"内都指挥使常","1","1","2"
"都指挥使常彦","1","1","2"
"指挥使常彦卿","1","1","2"
"常彦卿虢州刺","2","0","2"
"彦卿虢州刺史","2","0","2"
"华州留后赵思","1","1","2"
"州留后赵思绾","1","1","2"
"守温受高祖命","1","1","2"
"温受高祖命巡","1","1","2"
"受高祖命巡检","1","1","2"
"高祖命巡检京","1","1","2"
"祖命巡检京兆","1","1","2"
"凤翔押送赵思","1","1","2"
"翔押送赵思绾","1","1","2"
"押送赵思绾等","1","1","2"
"右拾遗高守琼","1","1","2"
"拾遗高守琼上","1","1","2"
"遗高守琼上言","1","1","2"
"中大臣镇抚谋","1","1","2"
"大臣镇抚谋画","1","1","2"
"八月十八日大","1","1","2"
"月十八日大破","1","1","2"
"十八日大破朗","1","1","2"
"八日大破朗州","1","1","2"
"日大破朗州马","1","1","2"
"大破朗州马希","1","1","2"
"破朗州马希萼","1","1","2"
"陷贝州高老镇","1","1","2"
"遣枢密使郭威","2","0","2"
"令宣徽使王峻","1","1","2"
"宣徽使王峻参","1","1","2"
"徽使王峻参预","1","1","2"
"使王峻参预军","1","1","2"
"王峻参预军事","1","1","2"
"十二月庚午朔","2","0","2"
"江军节度使马","1","1","2"
"军节度使马希","1","1","2"
"节度使马希赡","1","1","2"
"年十月十八日","1","1","2"
"平章事窦贞固","1","1","2"
"乾祐三年春正","1","1","2"
"祐三年春正月","1","1","2"
"行营都部署赵","1","1","2"
"营都部署赵晖","1","1","2"
"前永兴军节度","1","1","2"
"永兴军节度副","1","1","2"
"兴军节度副使","1","1","2"
"军节度副使安","1","1","2"
"节度副使安友","1","1","2"
"度副使安友规","1","1","2"
"权知永兴军府","2","0","2"
"知永兴军府事","2","0","2"
"友规失守城池","1","1","2"
"郭琼部署兵士","1","1","2"
"枢密使郭威巡","1","1","2"
"密使郭威巡边","1","1","2"
"使郭威巡边回","1","1","2"
"淮南都将李晖","1","1","2"
"南都将李晖等","1","1","2"
"都将李晖等三","1","1","2"
"将李晖等三十","1","1","2"
"李晖等三十三","1","1","2"
"晖等三十三人","1","1","2"
"都留守高行周","1","1","2"
"郓州慕容彦超","1","1","2"
"西京留守白文","1","1","2"
"京留守白文珂","1","1","2"
"度使马希萼奏","1","1","2"
"使马希萼奏请","1","1","2"
"弟湖南节度使","1","1","2"
"枢密承旨聂文","1","1","2"
"密承旨聂文进","1","1","2"
"承旨聂文进急","1","1","2"
"旨聂文进急召","1","1","2"
"聂文进急召宰","1","1","2"
"文进急召宰臣","1","1","2"
"进急召宰臣百","1","1","2"
"遣腹心赍密诏","2","0","2"
"腹心赍密诏澶","2","0","2"
"心赍密诏澶州","2","0","2"
"令澶州节度使","1","1","2"
"度使李洪义诛","1","1","2"
"都屯驻护圣左","1","1","2"
"屯驻护圣左厢","1","1","2"
"驻护圣左厢都","1","1","2"
"奉国左厢都指","1","1","2"
"国左厢都指挥","1","1","2"
"厢都指挥使曹","1","1","2"
"急诏郓州高行","1","1","2"
"诏郓州高行周","1","1","2"
"兗州慕容彦超","2","0","2"
"权知枢密院事","2","0","2"
"都指挥使李洪","1","1","2"
"指挥使李洪建","1","1","2"
"权侍卫马军都","2","0","2"
"本州副使陈光","1","1","2"
"断予首报天子","2","0","2"
"前开封尹侯益","2","0","2"
"节度使张彦超","1","1","2"
"指挥使阎晋卿","1","1","2"
"郑州防御使吴","1","1","2"
"州防御使吴虔","1","1","2"
"防御使吴虔裕","1","1","2"
"御使吴虔裕等","1","1","2"
"嵒脱侦鄴军所","2","0","2"
"密奏置嵒脱衣","2","0","2"
"奏置嵒脱衣中","2","0","2"
"宰臣窦贞固等","1","1","2"
"慕容彦超扬言","1","1","2"
"郭威命何福进","1","1","2"
"筠等大合骑乘","2","0","2"
"张彦超等相继","1","1","2"
"前滑州节度使","1","1","2"
"吏部侍郎张允","1","1","2"
"依魏高贵乡公","1","1","2"
"前太师冯道等","1","1","2"
"郭允明等同谋","1","1","2"
"令散员都虞候","1","1","2"
"散员都虞候奔","1","1","2"
"员都虞候奔德","1","1","2"
"都虞候奔德等","1","1","2"
"虞候奔德等下","1","1","2"
"候奔德等下手","1","1","2"
"奔德等下手杀","1","1","2"
"德等下手杀害","1","1","2"
"都指挥使聂召","1","1","2"
"奉国指挥使杨","1","1","2"
"国指挥使杨德","1","1","2"
"护圣指挥使康","1","1","2"
"圣指挥使康审","1","1","2"
"指挥使康审澄","1","1","2"
"挥使康审澄等","1","1","2"
"节度使判官路","1","1","2"
"度使判官路涛","1","1","2"
"康审澄夜中放","1","1","2"
"审澄夜中放火","1","1","2"
"澄夜中放火斩","1","1","2"
"夜中放火斩关","1","1","2"
"都押衙孔目官","1","1","2"
"三司军将内选","1","1","2"
"遣侍卫马军指","2","0","2"
"挥使郭崇率七","2","0","2"
"使郭崇率七百","2","0","2"
"郭崇率七百骑","2","0","2"
"周显德元年春","1","1","2"
"置武节左右指","1","1","2"
"武节左右指挥","1","1","2"
"主命大将耿崇","1","1","2"
"命大将耿崇美","1","1","2"
"充侍卫亲军都","2","0","2"
"苏逢吉等同受","2","0","2"
"逢吉等同受顾","2","0","2"
"吉等同受顾命","2","0","2"
"省使阎晋卿等","1","1","2"
"乾祐三年冬十","2","0","2"
"祐三年冬十一","2","0","2"
"年冬十一月十","1","1","2"
"冬十一月十三","1","1","2"
"十一月十三日","1","1","2"
"后唐租庸使孔","1","1","2"
"唐租庸使孔谦","1","1","2"
"郓三州粮料使","1","1","2"
"弟武德使李业","1","1","2"
"虞候张令昭作","1","1","2"
"候张令昭作乱","1","1","2"
"征杜重威鄴下","2","0","2"
"本州录事参军","1","1","2"
"时推官李荛掌","1","1","2"
"太常寺协律郎","1","1","2"
"翰林学士李涛","1","1","2"
"天官正王处讷","1","1","2"
"宋国大长公主","1","1","2"
"军马步军副指","1","1","2"
"遣殿中监王钦","1","1","2"
"殿中监王钦祚","1","1","2"
"重威遣子宏遂","2","0","2"
"幽州指挥使张","1","1","2"
"州指挥使张琏","1","1","2"
"枢密副使郭威","1","1","2"
"晋高祖命马全","1","1","2"
"高祖命马全节","1","1","2"
"祖命马全节讨","1","1","2"
"青州行营都部","1","1","2"
"枢密使桑维翰","1","1","2"
"守贞北面行营","2","0","2"
"贞北面行营都","2","0","2"
"北面行营都监","1","1","2"
"侍卫副都指挥","1","1","2"
"卫副都指挥使","1","1","2"
"州刺史赵思英","1","1","2"
"枢密使直学士","1","1","2"
"密使直学士殷","1","1","2"
"使直学士殷鹏","1","1","2"
"守贞面上管幽","1","1","2"
"贞面上管幽州","1","1","2"
"杜重威厚加赠","1","1","2"
"乾祐元年三月","2","0","2"
"枢密使郭威西","1","1","2"
"密使郭威西征","1","1","2"
"令判官李恕入","1","1","2"
"判官李恕入朝","1","1","2"
"官李恕入朝请","1","1","2"
"思绾粗暴难制","1","1","2"
"郊外离亭置酒","1","1","2"
"元年三月二十","1","1","2"
"年三月二十四","1","1","2"
"郑国夫人申氏","1","1","2"
"燕国夫人王氏","1","1","2"
"姨母楚国夫人","1","1","2"
"母楚国夫人韩","1","1","2"
"楚国夫人韩氏","1","1","2"
"国夫人韩氏提","1","1","2"
"夫人韩氏提携","1","1","2"
"时河阳节度使","1","1","2"
"河阳节度使张","1","1","2"
"阳节度使张彦","1","1","2"
"节度使张彦琪","1","1","2"
"年正月五日夜","1","1","2"
"二年八月五日","1","1","2"
"宣徽南院使王","1","1","2"
"徽南院使王峻","1","1","2"
"宰相苏逢吉等","1","1","2"
"澶州副使陈光","1","1","2"
"令护圣左厢都","1","1","2"
"指挥使郭崇等","1","1","2"
"宣徽使王峻坐","1","1","2"
"遣左神武统军","1","1","2"
"左神武统军袁","1","1","2"
"邓州节度使刘","1","1","2"
"州节度使刘重","1","1","2"
"节度使刘重进","1","1","2"
"度使刘重进率","1","1","2"
"广顺元年春正","1","1","2"
"顺元年春正月","1","1","2"
"三司使王章等","1","1","2"
"马步诸军将士","1","1","2"
"步诸军将士等","1","1","2"
"汉高祖皇帝陵","1","1","2"
"上汉太后尊号","1","1","2"
"遣押牙巩廷美","1","1","2"
"遣千牛卫将军","1","1","2"
"年契丹永康王","1","1","2"
"教练使杨温等","1","1","2"
"荆南高保融奏","2","0","2"
"十二月十八日","1","1","2"
"宁远等军节度","1","1","2"
"远等军节度使","1","1","2"
"正月十六日僭","1","1","2"
"广顺元年春二","1","1","2"
"顺元年春二月","1","1","2"
"伪招讨使刘钧","1","1","2"
"副招讨使白截","1","1","2"
"招讨使白截海","1","1","2"
"契丹主乌裕遣","2","0","2"
"差散亲事官等","2","0","2"
"徐州行营都部","1","1","2"
"营都部署王彦","1","1","2"
"都部署王彦超","1","1","2"
"刘铢骨肉陕州","1","1","2"
"铢骨肉陕州庄","1","1","2"
"淑妃王氏追赠","1","1","2"
"团练军事判官","1","1","2"
"晋高祖三处陵","1","1","2"
"碧玉金涂银裹","1","1","2"
"故贵妃张氏举","1","1","2"
"汉隐帝梓宫殡","2","0","2"
"隐帝梓宫殡故","2","0","2"
"金吾卫将军姚","1","1","2"
"吾卫将军姚汉","1","1","2"
"前右神武将军","1","1","2"
"右神武将军华","1","1","2"
"神武将军华光","1","1","2"
"武将军华光裔","1","1","2"
"太常卿边蔚上","2","0","2"
"太常少卿刘悦","1","1","2"
"太庙四室宝册","1","1","2"
"中书令冯道等","1","1","2"
"幽州牙将曹继","1","1","2"
"州牙将曹继筠","1","1","2"
"太平宫居汉太","2","0","2"
"平宫居汉太后","2","0","2"
"中书舍人刘涛","1","1","2"
"监察御史刘顼","1","1","2"
"大将军陆孟俊","1","1","2"
"伪节度使马希","1","1","2"
"晋州巡检王万","1","1","2"
"州巡检王万敢","1","1","2"
"河东贼军寇境","2","0","2"
"鄂州节度使刘","1","1","2"
"节度使刘仁赡","1","1","2"
"诏枢密使王峻","2","0","2"
"左卫将军申师","1","1","2"
"卫将军申师厚","1","1","2"
"右监门将军李","1","1","2"
"监门将军李重","1","1","2"
"门将军李重玉","1","1","2"
"将军李重玉主","1","1","2"
"迁葬故淑妃王","1","1","2"
"葬故淑妃王氏","1","1","2"
"广顺二年春正","1","1","2"
"齐州防御使史","1","1","2"
"州防御使史延","1","1","2"
"防御使史延韬","1","1","2"
"陈州防御使药","1","1","2"
"州防御使药元","1","1","2"
"防御使药元福","1","1","2"
"燕敬权等四人","1","1","2"
"三司军将路昌","1","1","2"
"司军将路昌祚","1","1","2"
"府州防卸使折","2","0","2"
"州防卸使折德","2","0","2"
"防卸使折德扆","2","0","2"
"卸使折德扆奏","2","0","2"
"河东乡军一百","1","1","2"
"端明殿学士颜","1","1","2"
"州修葺孔子祠","1","1","2"
"灵武节度使冯","1","1","2"
"武节度使冯晖","1","1","2"
"前翰林学士李","1","1","2"
"伪幽州节度使","1","1","2"
"幽州节度使萧","1","1","2"
"州节度使萧海","1","1","2"
"节度使萧海贞","1","1","2"
"使下共设一斋","2","0","2"
"洋州节度使郭","1","1","2"
"枢密使王峻上","1","1","2"
"龙捷都指挥使","2","0","2"
"都指挥使刘诲","1","1","2"
"内都指挥使何","1","1","2"
"都指挥使何继","1","1","2"
"指挥使何继筠","1","1","2"
"挥使何继筠等","1","1","2"
"姨母韩氏追封","1","1","2"
"追封福庆长公","1","1","2"
"封福庆长公主","1","1","2"
"契丹武州刺史","1","1","2"
"丹武州刺史石","1","1","2"
"武州刺史石越","1","1","2"
"知军府事翟光","1","1","2"
"万九千八百户","1","1","2"
"朗州大将刘言","1","1","2"
"岳州刺史宋德","1","1","2"
"州刺史宋德权","1","1","2"
"巡检牛皮节级","1","1","2"
"武平军留后刘","1","1","2"
"平军留后刘言","1","1","2"
"言遣牙将张崇","2","0","2"
"遣牙将张崇嗣","2","0","2"
"伪节度使边镐","1","1","2"
"平军节度使留","1","1","2"
"检校太尉刘言","1","1","2"
"行朗州大都督","1","1","2"
"三司水陆转运","1","1","2"
"司水陆转运等","1","1","2"
"水陆转运等使","1","1","2"
"进封彭城郡公","1","1","2"
"检校太傅王进","1","1","2"
"校太傅王进逵","1","1","2"
"刺史张建武等","1","1","2"
"除京兆府庄宅","1","1","2"
"属营田户部院","1","1","2"
"天下系官庄田","2","0","2"
"知贡举赵上交","2","0","2"
"谏议大夫李知","1","1","2"
"议大夫李知损","1","1","2"
"青州知州张凝","1","1","2"
"枢密使王峻巡","1","1","2"
"密使王峻巡视","1","1","2"
"潭州王进逵奏","2","0","2"
"朗州行军司马","1","1","2"
"州行军司马何","1","1","2"
"僧尼寺院五十","1","1","2"
"尼寺院五十八","1","1","2"
"寺院五十八所","1","1","2"
"唐州方城县令","1","1","2"
"州方城县令陈","1","1","2"
"方城县令陈守","1","1","2"
"城县令陈守愚","1","1","2"
"蚕盐一千五百","1","1","2"
"盐一千五百斤","1","1","2"
"诏中书令冯道","2","0","2"
"中书令冯道书","1","1","2"
"皇帝承天受命","1","1","2"
"少帝遣子延煦","2","0","2"
"监修国史王峻","1","1","2"
"监门上将军李","1","1","2"
"门上将军李建","1","1","2"
"上将军李建崇","1","1","2"
"延州牙内都指","1","1","2"
"州牙内都指挥","1","1","2"
"内都指挥使高","1","1","2"
"都指挥使高绍","1","1","2"
"挥使高绍基奏","2","0","2"
"道先遣行军司","1","1","2"
"先遣行军司马","1","1","2"
"遣行军司马何","1","1","2"
"广顺三年春三","1","1","2"
"顺三年春三月","1","1","2"
"前庆州刺史郭","1","1","2"
"庆州刺史郭彦","1","1","2"
"州刺史郭彦钦","1","1","2"
"十五里寡妇山","1","1","2"
"刺史张建武进","1","1","2"
"史张建武进兵","1","1","2"
"张建武进兵攻","1","1","2"
"青州节度使常","1","1","2"
"州节度使常思","1","1","2"
"四万一千四百","1","1","2"
"万一千四百两","1","1","2"
"契丹幽州榷盐","1","1","2"
"丹幽州榷盐制","1","1","2"
"幽州榷盐制置","1","1","2"
"州榷盐制置使","1","1","2"
"阳节度使王继","1","1","2"
"太子太傅李怀","1","1","2"
"子太傅李怀忠","1","1","2"
"丰县村民井中","1","1","2"
"太子宾客马裔","1","1","2"
"子宾客马裔孙","1","1","2"
"刘言淮贼通连","2","0","2"
"差指挥使郑珓","2","0","2"
"指挥使郑珓部","2","0","2"
"挥使郑珓部兵","2","0","2"
"使郑珓部兵士","2","0","2"
"郑珓军众所执","2","0","2"
"刘言寻诸军所","2","0","2"
"言寻诸军所废","2","0","2"
"臣朗州安抚讫","2","0","2"
"委王进逵取便","2","0","2"
"王进逵取便安","2","0","2"
"进逵取便安置","2","0","2"
"太子少保卢损","1","1","2"
"齐州保宁郡兵","1","1","2"
"州保宁郡兵士","1","1","2"
"都头刘彦章等","1","1","2"
"时郑州开道指","1","1","2"
"郑州开道指挥","1","1","2"
"州开道指挥使","1","1","2"
"开道指挥使张","1","1","2"
"道指挥使张万","1","1","2"
"指挥使张万友","1","1","2"
"彦章等十三人","1","1","2"
"金吾上将军张","1","1","2"
"吾上将军张彦","1","1","2"
"上将军张彦成","1","1","2"
"前宁州刺史张","1","1","2"
"责授右司御副","2","0","2"
"授右司御副率","2","0","2"
"中书令冯道率","1","1","2"
"圣明文武仁德","1","1","2"
"明文武仁德皇","1","1","2"
"文武仁德皇帝","1","1","2"
"度使何福进奏","1","1","2"
"前单州刺史赵","1","1","2"
"单州刺史赵凤","1","1","2"
"都留守王殷朝","1","1","2"
"年正月一日亲","1","1","2"
"显德元年春正","1","1","2"
"德元年春正月","1","1","2"
"判内外兵马事","2","0","2"
"澶州葬通天冠","1","1","2"
"葬一副平天冠","1","1","2"
"世宗睿武孝文","1","1","2"
"宗睿武孝文皇","1","1","2"
"天雄军牙内都","1","1","2"
"雄军牙内都指","1","1","2"
"军牙内都指挥","1","1","2"
"显德元年正月","1","1","2"
"契丹大将军杨","1","1","2"
"丹大将军杨衮","1","1","2"
"兵马监押穆令","1","1","2"
"马监押穆令均","1","1","2"
"监押穆令均部","1","1","2"
"押穆令均部下","1","1","2"
"穆令均部下兵","1","1","2"
"令均部下兵士","1","1","2"
"诏天雄军节度","2","0","2"
"诏河中节度使","2","0","2"
"陕府节度使韩","1","1","2"
"府节度使韩通","1","1","2"
"月十一日亲征","1","1","2"
"枢密使郑仁诲","1","1","2"
"步军都虞候李","1","1","2"
"军都虞候李重","1","1","2"
"都虞候李重进","1","1","2"
"临阵斩贼大将","2","0","2"
"伪枢密使王延","1","1","2"
"枢密使王延嗣","1","1","2"
"伪汾州防御使","1","1","2"
"汾州防御使董","1","1","2"
"州防御使董希","1","1","2"
"防御使董希颜","1","1","2"
"前泽州刺史李","1","1","2"
"泽州刺史李彦","1","1","2"
"州刺史李彦崇","1","1","2"
"右屯卫将军薛","1","1","2"
"屯卫将军薛训","1","1","2"
"宋州巡检供奉","1","1","2"
"州巡检供奉官","1","1","2"
"左羽林大将军","1","1","2"
"羽林大将军孟","1","1","2"
"林大将军孟汉","1","1","2"
"大将军孟汉卿","1","1","2"
"将军孟汉卿赐","1","1","2"
"军孟汉卿赐死","1","1","2"
"曹州节度使韩","1","1","2"
"州节度使韩通","1","1","2"
"节度使韩通等","1","1","2"
"尚书礼部贡院","1","1","2"
"礼部侍郎刘温","1","1","2"
"部侍郎刘温叟","1","1","2"
"宣徽南院使向","1","1","2"
"徽南院使向训","1","1","2"
"大名府等三处","1","1","2"
"判官录事参军","1","1","2"
"官录事参军引","1","1","2"
"录事参军引试","1","1","2"
"二千六百九十","1","1","2"
"千六百九十四","1","1","2"
"六百九十四所","1","1","2"
"三万三百三十","1","1","2"
"万三百三十六","1","1","2"
"六万一千二百","1","1","2"
"万一千二百人","1","1","2"
"太常卿田敏等","1","1","2"
"孙韬等一千五","1","1","2"
"韬等一千五百","1","1","2"
"淮南道前军行","1","1","2"
"南道前军行营","1","1","2"
"道前军行营都","1","1","2"
"前军行营都部","1","1","2"
"军行营都部署","1","1","2"
"挥使韩令坤等","1","1","2"
"发兵应接叛臣","1","1","2"
"营都部署王景","1","1","2"
"淮南前军都部","1","1","2"
"南前军都部署","1","1","2"
"前军都部署李","1","1","2"
"锋都指挥使白","1","1","2"
"都指挥使白延","1","1","2"
"指挥使白延遇","1","1","2"
"显德三年春正","1","1","2"
"德三年春正月","1","1","2"
"退守正阳浮桥","1","1","2"
"挥使李重进率","2","0","2"
"兵马都监何延","1","1","2"
"马都监何延锡","1","1","2"
"都监何延锡等","1","1","2"
"庐寿巡检使司","1","1","2"
"寿巡检使司超","1","1","2"
"获都监伪吉州","1","1","2"
"都监伪吉州刺","1","1","2"
"监伪吉州刺史","1","1","2"
"伪吉州刺史高","1","1","2"
"吉州刺史高弼","1","1","2"
"州刺史高弼献","1","1","2"
"行营应援使皇","1","1","2"
"营应援使皇甫","1","1","2"
"应援使皇甫晖","1","1","2"
"应援都监姚凤","1","1","2"
"援都监姚凤献","1","1","2"
"南二将皇甫晖","1","1","2"
"国主李景遣臣","2","0","2"
"主李景遣臣伪","2","0","2"
"伪翰林学士户","1","1","2"
"翰林学士户部","1","1","2"
"林学士户部侍","1","1","2"
"学士户部侍郎","1","1","2"
"士户部侍郎钟","1","1","2"
"户部侍郎钟谟","1","1","2"
"伪工部侍郎文","1","1","2"
"工部侍郎文理","1","1","2"
"部侍郎文理院","1","1","2"
"侍郎文理院学","1","1","2"
"郎文理院学士","1","1","2"
"文理院学士李","1","1","2"
"理院学士李德","1","1","2"
"院学士李德明","1","1","2"
"学士李德明等","1","1","2"
"李德明等奉表","2","0","2"
"锦绮绫罗二千","1","1","2"
"绮绫罗二千匹","1","1","2"
"锦绮绫罗二百","1","1","2"
"绮绫罗二百匹","1","1","2"
"卫马军指挥韩","1","1","2"
"马军指挥韩令","1","1","2"
"军指挥韩令坤","1","1","2"
"天长军制置使","1","1","2"
"长军制置使耿","1","1","2"
"军制置使耿谦","1","1","2"
"光州刺史何超","1","1","2"
"舒州刺史郭令","1","1","2"
"州刺史郭令图","1","1","2"
"兵士一百五十","1","1","2"
"士一百五十人","1","1","2"
"伪礼部尚书王","1","1","2"
"礼部尚书王崇","1","1","2"
"部尚书王崇质","1","1","2"
"尚书王崇质等","1","1","2"
"书王崇质等奉","1","1","2"
"将率兵攻常州","2","0","2"
"延州留后李彦","1","1","2"
"兵司都监阎绾","1","1","2"
"获大将陆孟俊","1","1","2"
"败楚州贼将马","1","1","2"
"获涟州刺史秦","1","1","2"
"涟州刺史秦进","1","1","2"
"州刺史秦进崇","1","1","2"
"淮南道招讨使","1","1","2"
"南道招讨使李","1","1","2"
"道招讨使李重","1","1","2"
"讨使李重进奏","2","0","2"
"都指挥使李继","1","1","2"
"指挥使李继勋","1","1","2"
"淮南招讨使李","1","1","2"
"南招讨使李重","1","1","2"
"显德四年春正","1","1","2"
"德四年春正月","1","1","2"
"诏天下见禁罪","2","0","2"
"大将建州节度","1","1","2"
"将建州节度使","1","1","2"
"建州节度使许","1","1","2"
"州节度使许文","1","1","2"
"节度使许文缜","1","1","2"
"前湖南节度使","1","1","2"
"庐州都部署刘","1","1","2"
"州都部署刘重","1","1","2"
"都部署刘重进","1","1","2"
"授宣徽南院使","1","1","2"
"南道行营都监","1","1","2"
"内供奉官孙延","1","1","2"
"供奉官孙延希","1","1","2"
"御厨使董延勋","1","1","2"
"武德副使卢继","1","1","2"
"德副使卢继升","1","1","2"
"河阳节度使李","1","1","2"
"阳节度使李继","1","1","2"
"节度使李继勋","1","1","2"
"尚书张昭上疏","1","1","2"
"左藏库使符令","1","1","2"
"藏库使符令光","1","1","2"
"贤良方正能直","1","1","2"
"良方正能直言","1","1","2"
"方正能直言极","1","1","2"
"正能直言极谏","1","1","2"
"能直言极谏科","1","1","2"
"时兵部尚书张","1","1","2"
"部尚书张昭条","1","1","2"
"麟州刺史杨重","1","1","2"
"州刺史杨重训","1","1","2"
"练使郭廷谓上","1","1","2"
"使郭廷谓上表","1","1","2"
"郭廷谓上表陈","1","1","2"
"濠州率大军水","1","1","2"
"州率大军水陆","1","1","2"
"大将伪保义军","1","1","2"
"将伪保义军节","1","1","2"
"伪保义军节度","1","1","2"
"江北都应援使","1","1","2"
"北都应援使陈","1","1","2"
"都应援使陈承","1","1","2"
"应援使陈承昭","1","1","2"
"援使陈承昭献","1","1","2"
"雄武军使崔万","1","1","2"
"武军使崔万迪","1","1","2"
"右龙武将军王","1","1","2"
"龙武将军王汉","1","1","2"
"武将军王汉璋","1","1","2"
"伪守将张彦卿","1","1","2"
"守将张彦卿等","1","1","2"
"故淮南节度使","1","1","2"
"故升府节度使","1","1","2"
"升府节度使徐","1","1","2"
"府节度使徐温","1","1","2"
"节度使徐温等","1","1","2"
"黄州刺史司超","1","1","2"
"伪舒州刺史施","1","1","2"
"舒州刺史施仁","1","1","2"
"州刺史施仁望","1","1","2"
"河东贼军逃遁","1","1","2"
"巡检使李谦溥","1","1","2"
"右武卫大将军","1","1","2"
"武卫大将军李","1","1","2"
"卫大将军李继","1","1","2"
"大将军李继勋","1","1","2"
"将军李继勋率","1","1","2"
"二十二万六千","1","1","2"
"十二万六千五","1","1","2"
"二万六千五百","1","1","2"
"万六千五百七","1","1","2"
"六千五百七十","1","1","2"
"千五百七十四","1","1","2"
"谋欲传位世子","2","0","2"
"右谏议大夫刘","1","1","2"
"谏议大夫刘涛","1","1","2"
"议大夫刘涛选","1","1","2"
"命翰林学士李","1","1","2"
"宰相冯延巳献","1","1","2"
"米麦二十万石","1","1","2"
"代李景捧寿觞","2","0","2"
"李景捧寿觞献","2","0","2"
"四月十九日杭","1","1","2"
"月十九日杭州","1","1","2"
"皇帝恭问江南","1","1","2"
"帝恭问江南国","1","1","2"
"恭问江南国主","1","1","2"
"食盐三十万石","1","1","2"
"部尚书张昭等","1","1","2"
"同州刺史元稹","1","1","2"
"奏均户民租赋","1","1","2"
"醴陵县玉仙观","1","1","2"
"陵县玉仙观山","1","1","2"
"县玉仙观山门","1","1","2"
"玉仙观山门中","1","1","2"
"年七月十七日","1","1","2"
"七月十七日夜","1","1","2"
"楚州兵马都监","1","1","2"
"州兵马都监武","1","1","2"
"兵马都监武怀","1","1","2"
"马都监武怀恩","1","1","2"
"伪太傅中书令","1","1","2"
"太傅中书令宋","1","1","2"
"傅中书令宋齐","1","1","2"
"中书令宋齐丘","1","1","2"
"伪兵部侍郎陈","1","1","2"
"兵部侍郎陈觉","1","1","2"
"伪镇南军节度","1","1","2"
"镇南军节度副","1","1","2"
"南军节度副使","1","1","2"
"军节度副使李","1","1","2"
"李德明奉表行","2","0","2"
"伪宁州刺史王","1","1","2"
"宁州刺史王洪","1","1","2"
"伪守将姚内斌","1","1","2"
"瀛州刺史高彦","1","1","2"
"州刺史高彦晖","1","1","2"
"一万八千三百","1","1","2"
"万八千三百六","1","1","2"
"八千三百六十","1","1","2"
"州节度使孙行","1","1","2"
"节度使孙行友","1","1","2"
"锋都指挥使张","1","1","2"
"都指挥使张藏","1","1","2"
"指挥使张藏英","1","1","2"
"宣徽南院使吴","1","1","2"
"徽南院使吴延","1","1","2"
"南院使吴延祚","1","1","2"
"江南进奉使李","1","1","2"
"两浙进奉使吴","1","1","2"
"浙进奉使吴延","1","1","2"
"进奉使吴延福","1","1","2"
"奉使吴延福钱","1","1","2"
"使吴延福钱三","1","1","2"
"吴延福钱三千","1","1","2"
"延福钱三千贯","1","1","2"
"刺史张丕旦等","1","1","2"
"史张丕旦等二","1","1","2"
"张丕旦等二百","1","1","2"
"丕旦等二百四","1","1","2"
"旦等二百四十","1","1","2"
"等二百四十五","1","1","2"
"二百四十五人","1","1","2"
"百四十五人献","1","1","2"
"判太常寺事窦","1","1","2"
"北面兵马都部","1","1","2"
"兵马都部署韩","1","1","2"
"马都部署韩令","1","1","2"
"都部署韩令坤","1","1","2"
"败契丹五百骑","1","1","2"
"宰臣范质等上","1","1","2"
"臣范质等上表","1","1","2"
"范质等上表请","1","1","2"
"文武臣僚上表","1","1","2"
"越王孝经新义","1","1","2"
"御厨使张延范","1","1","2"
"厨使张延范充","1","1","2"
"显德七年春正","1","1","2"
"德七年春正月","1","1","2"
"太祖圣穆皇后","1","1","2"
"祖圣穆皇后柴","1","1","2"
"圣穆皇后柴氏","1","1","2"
"宣懿皇后符氏","1","1","2"
"显德二年七月","1","1","2"
"德二年七月二","1","1","2"
"二年七月二十","1","1","2"
"年七月二十一","1","1","2"
"李守贞代掌兵","1","1","2"
"华州马步军副","1","1","2"
"州马步军副指","1","1","2"
"永寿节上表请","1","1","2"
"遣枢密使王峻","2","0","2"
"授华州节度使","1","1","2"
"度使符彦卿率","1","1","2"
"贝州行军司马","1","1","2"
"邓州行军司马","1","1","2"
"武清军节度使","1","1","2"
"时河东记室卢","1","1","2"
"河东记室卢质","1","1","2"
"梁朝宰臣李琪","1","1","2"
"贺平中山王都","1","1","2"
"平中山王都表","1","1","2"
"事晋高祖皇帝","1","1","2"
"故景州弓高县","1","1","2"
"景州弓高县孙","1","1","2"
"州弓高县孙明","1","1","2"
"弓高县孙明府","1","1","2"
"高县孙明府讳","1","1","2"
"工部度支员外","1","1","2"
"部度支员外郎","1","1","2"
"秘书省校书郎","1","1","2"
"膳部金部职方","1","1","2"
"部金部职方员","1","1","2"
"金部职方员外","1","1","2"
"部职方员外郎","1","1","2"
"工部户部员外","1","1","2"
"部户部员外郎","1","1","2"
"秘书郎改授银","1","1","2"
"书郎改授银青","1","1","2"
"定国军衙内都","1","1","2"
"国军衙内都指","1","1","2"
"军衙内都指挥","1","1","2"
"职改授朝散大","2","0","2"
"改授朝散大夫","2","0","2"
"左春坊太子司","1","1","2"
"春坊太子司议","1","1","2"
"坊太子司议郎","1","1","2"
"协律郎改授银","1","1","2"
"律郎改授银青","1","1","2"
"定国军节度使","1","1","2"
"故兵部崔侍郎","1","1","2"
"兵部崔侍郎讳","1","1","2"
"子太仆少卿名","1","1","2"
"太仆少卿名绚","1","1","2"
"秘书监赵上交","1","1","2"
"枢密直学士王","1","1","2"
"密直学士王度","1","1","2"
"直学士王度等","1","1","2"
"终闻海岳归明","1","1","2"
"闻海岳归明主","1","1","2"
"未省乾坤陷吉","1","1","2"
"省乾坤陷吉人","1","1","2"
"显德元年四月","1","1","2"
"德元年四月十","1","1","2"
"元年四月十七","1","1","2"
"年四月十七日","1","1","2"
"事三司使张延","1","1","2"
"三司使张延朗","1","1","2"
"时永兴军节度","1","1","2"
"永兴军节度使","1","1","2"
"兴军节度使李","1","1","2"
"军节度使李洪","1","1","2"
"节度使李洪信","1","1","2"
"随驾一行都部","1","1","2"
"驾一行都部署","1","1","2"
"户部侍郎赵上","1","1","2"
"部侍郎赵上交","1","1","2"
"晋丞相谯国公","1","1","2"
"帅齐王高行周","1","1","2"
"秘书省著作郎","1","1","2"
"急召侍卫都虞","1","1","2"
"召侍卫都虞候","1","1","2"
"侍卫都虞候韩","1","1","2"
"卫都虞候韩通","1","1","2"
"神策军指挥使","1","1","2"
"观军容使杨复","1","1","2"
"军容使杨复恭","1","1","2"
"宰相徐彦若镇","1","1","2"
"泾原节度使张","1","1","2"
"原节度使张球","1","1","2"
"洋州节度使杨","1","1","2"
"州节度使杨守","1","1","2"
"节度使杨守忠","1","1","2"
"凤州刺史满存","1","1","2"
"时后唐武皇上","1","1","2"
"后唐武皇上表","1","1","2"
"承天门楼避乱","1","1","2"
"捧日都将李云","1","1","2"
"日都将李云守","1","1","2"
"扈跸都将李君","1","1","2"
"跸都将李君庆","1","1","2"
"副使王瑰奉表","1","1","2"
"天复元年十月","1","1","2"
"茂贞山南诸州","2","0","2"
"韩全诲等二十","1","1","2"
"全诲等二十人","1","1","2"
"同光二年夏四","1","1","2"
"光二年夏四月","1","1","2"
"荆南兵马留后","1","1","2"
"襄州节度使刘","1","1","2"
"州节度使刘训","1","1","2"
"殿前控鹤都头","1","1","2"
"左千牛大将军","1","1","2"
"托襄州安审琦","1","1","2"
"元年冬十一月","1","1","2"
"刺史姜行敢登","1","1","2"
"河阳行军司马","1","1","2"
"武泰军节度留","1","1","2"
"泰军节度留后","1","1","2"
"荆南行军司马","1","1","2"
"行军司马张佶","1","1","2"
"杨行密急攻江","1","1","2"
"行密急攻江夏","1","1","2"
"时澧朗节度使","1","1","2"
"澧朗节度使雷","1","1","2"
"朗节度使雷彦","1","1","2"
"节度使雷彦恭","1","1","2"
"度使雷彦恭乘","1","1","2"
"长兴二年十一","1","1","2"
"兴二年十一月","1","1","2"
"二年十一月十","1","1","2"
"周广顺二年秋","1","1","2"
"年冬十月三日","1","1","2"
"武安军节度副","1","1","2"
"安军节度副使","1","1","2"
"军节度副使周","1","1","2"
"节度副使周行","1","1","2"
"度副使周行逢","1","1","2"
"潭州请周行逢","1","1","2"
"润州牙将薛朗","1","1","2"
"浙江西道镇海","1","1","2"
"江西道镇海军","1","1","2"
"西道镇海军节","1","1","2"
"道镇海军节度","1","1","2"
"妖人王百艺所","1","1","2"
"州节度使田頵","2","0","2"
"镇东军节度使","1","1","2"
"供奉官乌昭遇","1","1","2"
"元瓘等上表陈","1","1","2"
"天下兵马都","2","0","2"
"长兴三年三月","1","1","2"
"兴三年三月二","1","1","2"
"三年三月二十","1","1","2"
"年三月二十八","1","1","2"
"故天下兵马都","1","1","2"
"一条江水槛前","1","1","2"
"条江水槛前流","1","1","2"
"令翰林学士李","1","1","2"
"翰林学士李琪","1","1","2"
"林学士李琪撰","1","1","2"
"学士李琪撰生","1","1","2"
"士李琪撰生祠","1","1","2"
"李琪撰生祠堂","1","1","2"
"琪撰生祠堂碑","1","1","2"
"撰生祠堂碑赐","1","1","2"
"盐铁发运巡官","1","1","2"
"梁贞明四年夏","1","1","2"
"命户部侍郎张","1","1","2"
"户部侍郎张文","1","1","2"
"部侍郎张文宝","1","1","2"
"侍郎张文宝授","1","1","2"
"八月二十四日","1","1","2"
"行密辎重牛羊","1","1","2"
"密辎重牛羊军","1","1","2"
"师古引兵深入","1","1","2"
"古引兵深入淮","1","1","2"
"引兵深入淮甸","1","1","2"
"选五千人豢养","1","1","2"
"行密纵兵侵掠","1","1","2"
"密纵兵侵掠邻","1","1","2"
"行密先令都将","1","1","2"
"天祐元年十一","1","1","2"
"祐元年十一月","1","1","2"
"行密攻陷鄂州","1","1","2"
"庄宗命左藏库","1","1","2"
"宗命左藏库使","1","1","2"
"命左藏库使王","1","1","2"
"左藏库使王居","1","1","2"
"藏库使王居敏","1","1","2"
"通事舍人张朗","1","1","2"
"事舍人张朗等","1","1","2"
"左卫都指挥使","1","1","2"
"卫都指挥使张","1","1","2"
"都指挥使张颢","1","1","2"
"指挥使张颢杀","1","1","2"
"州团练观察使","1","1","2"
"同中书平章事","1","1","2"
"淮南行军司马","1","1","2"
"浙江西道观察","1","1","2"
"升州大都督府","1","1","2"
"淮南行军副使","1","1","2"
"年六月十八日","1","1","2"
"年十月二十三","1","1","2"
"十月二十三日","1","1","2"
"辅政兴邦功臣","1","1","2"
"知内外左右事","1","1","2"
"江南四道节度","1","1","2"
"南四道节度采","1","1","2"
"四道节度采访","1","1","2"
"道节度采访等","1","1","2"
"节度采访等使","1","1","2"
"周显德二年冬","1","1","2"
"大败江南援军","1","1","2"
"时泉州刺史廖","1","1","2"
"泉州刺史廖彦","1","1","2"
"州刺史廖彦若","1","1","2"
"福建观察使陈","1","1","2"
"建观察使陈岩","1","1","2"
"乾宁元年十一","1","1","2"
"宁元年十一月","1","1","2"
"光化元年三月","1","1","2"
"天祐三年七月","1","1","2"
"仁恭啸傲蓟门","1","1","2"
"沧州宾佐孙鹤","1","1","2"
"海内四分五裂","1","1","2"
"易定节度使王","1","1","2"
"定节度使王处","1","1","2"
"天德军节度使","1","1","2"
"德军节度使宋","1","1","2"
"军节度使宋瑶","1","1","2"
"供奉官史彦璋","1","1","2"
"奉官史彦璋等","1","1","2"
"河北道采访使","1","1","2"
"定尚父采访使","1","1","2"
"庄宗令太原少","1","1","2"
"宗令太原少尹","1","1","2"
"令太原少尹李","1","1","2"
"太原少尹李承","1","1","2"
"原少尹李承勋","1","1","2"
"命判官司马揆","1","1","2"
"仁恭乾宁二年","1","1","2"
"恭乾宁二年春","1","1","2"
"唐昭宗命宰相","1","1","2"
"昭宗命宰相徐","1","1","2"
"宗命宰相徐彦","1","1","2"
"命宰相徐彦若","1","1","2"
"宰相徐彦若代","1","1","2"
"静海两军节度","1","1","2"
"海两军节度使","1","1","2"
"开平四年三月","1","1","2"
"交州土豪曲承","1","1","2"
"州土豪曲承美","1","1","2"
"梁贞明三年八","1","1","2"
"贞明三年八月","1","1","2"
"伪宫苑使何词","1","1","2"
"改伪乾亨元年","1","1","2"
"晋天福七年夏","1","1","2"
"天福七年夏四","1","1","2"
"福七年夏四月","1","1","2"
"文武光圣明孝","1","1","2"
"武光圣明孝皇","1","1","2"
"光圣明孝皇帝","1","1","2"
"河东步军都指","1","1","2"
"东步军都指挥","1","1","2"
"代州刺史张晖","1","1","2"
"枢密使王峻等","1","1","2"
"密使王峻等率","1","1","2"
"显德元年三月","1","1","2"
"忠武军八千人","1","1","2"
"节度使牛丛弃","1","1","2"
"度使牛丛弃城","1","1","2"
"刺史王珙弃城","1","1","2"
"东川节度使顾","1","1","2"
"川节度使顾彦","1","1","2"
"节度使顾彦朗","1","1","2"
"西川节度使陈","1","1","2"
"川节度使陈敬","1","1","2"
"云南八国招抚","1","1","2"
"南八国招抚等","1","1","2"
"八国招抚等使","1","1","2"
"徐妃同游青城","1","1","2"
"妃同游青城山","1","1","2"
"称大蜀国主致","1","1","2"
"国主致书上大","2","0","2"
"主致书上大唐","2","0","2"
"伪东川节度使","1","1","2"
"川节度使宋承","1","1","2"
"节度使宋承葆","1","1","2"
"唐庄宗同光三","1","1","2"
"庄宗同光三年","1","1","2"
"大将军李仁罕","1","1","2"
"西两川节度使","1","1","2"
"妻琼华长公主","1","1","2"
"榆关一千一百","1","1","2"
"关一千一百里","1","1","2"
"新州大将卢文","1","1","2"
"州大将卢文进","1","1","2"
"州团练使李存","1","1","2"
"团练使李存矩","1","1","2"
"时定州王处直","1","1","2"
"河北总管令公","1","1","2"
"十一月十六日","1","1","2"
"天成元年七月","1","1","2"
"元年七月二十","1","1","2"
"招讨使王晏球","1","1","2"
"时幽州赵德钧","1","1","2"
"幽州赵德钧屯","1","1","2"
"州赵德钧屯兵","1","1","2"
"石氏世袭太原","1","1","2"
"契丹改天显十","1","1","2"
"丹改天显十一","1","1","2"
"改天显十一年","1","1","2"
"德光请晋高祖","1","1","2"
"军都指挥使景","1","1","2"
"都指挥使景延","1","1","2"
"指挥使景延广","1","1","2"
"十万口横磨剑","1","1","2"
"青州杨光远叛","1","1","2"
"相桑维翰劝少","1","1","2"
"桑维翰劝少帝","1","1","2"
"谓蕃汉臣僚曰","2","0","2"
"乐寿监军王峦","1","1","2"
"率诸军降契丹","2","0","2"
"南凉秃发利鹿","1","1","2"
"凉秃发利鹿孤","1","1","2"
"凉州留后孙超","1","1","2"
"遣大将拓拔承","1","1","2"
"大将拓拔承谦","1","1","2"
"僧道士耆老杨","1","1","2"
"道士耆老杨通","1","1","2"
"士耆老杨通信","1","1","2"
"耆老杨通信等","1","1","2"
"泾州押牙陈延","1","1","2"
"州押牙陈延晖","1","1","2"
"押牙陈延晖赍","2","0","2"
"凉州留后折逋","1","1","2"
"州留后折逋嘉","1","1","2"
"留后折逋嘉施","1","1","2"
"时枢密使王峻","1","1","2"
"凉州深入夷狄","1","1","2"
"金山白衣天子","1","1","2"
"沙州留后曹义","1","1","2"
"州留后曹义金","1","1","2"
"唐朝宰臣张文","1","1","2"
"朝宰臣张文蔚","1","1","2"
"御史大夫薛贻","1","1","2"
"史大夫薛贻矩","1","1","2"
"赠牢墙使王仁","1","1","2"
"牢墙使王仁嗣","1","1","2"
"同州押衙史肇","1","1","2"
"宣化军留后李","1","1","2"
"化军留后李思","1","1","2"
"军留后李思安","1","1","2"
"北面行营都指","1","1","2"
"面行营都指挥","1","1","2"
"陕州节度使杨","1","1","2"
"州节度使杨师","1","1","2"
"西路行营招讨","1","1","2"
"路行营招讨使","1","1","2"
"青州节度使贺","1","1","2"
"州节度使贺德","1","1","2"
"任沧州顺化军","1","1","2"
"沧州顺化军节","1","1","2"
"州顺化军节度","1","1","2"
"定四州副招讨","1","1","2"
"四州副招讨使","1","1","2"
"同平章事张万","1","1","2"
"平章事张万进","1","1","2"
"崇州节度使温","1","1","2"
"州节度使温昭","1","1","2"
"节度使温昭图","1","1","2"
"陈州妖贼毋乙","1","1","2"
"唐同光三年三","1","1","2"
"同光三年三月","1","1","2"
"开平二年春三","1","1","2"
"平二年春三月","1","1","2"
"潞州行营招讨","1","1","2"
"州行营招讨使","1","1","2"
"亳州焦夷县人","1","1","2"
"本州马步军都","1","1","2"
"左先锋马军使","1","1","2"
"散指挥都头都","1","1","2"
"指挥都头都军","1","1","2"
"挥都头都军使","1","1","2"
"滑州左右厢牢","1","1","2"
"州左右厢牢城","1","1","2"
"左右厢牢城使","1","1","2"
"遏后都指挥使","1","1","2"
"开平二年二月","1","1","2"
"昭义军节度留","1","1","2"
"义军节度留后","1","1","2"
"代北行营招抚","1","1","2"
"北行营招抚使","1","1","2"
"代北水陆发运","1","1","2"
"授武皇金紫光","1","1","2"
"武皇金紫光禄","1","1","2"
"皇金紫光禄大","1","1","2"
"食实封二百户","1","1","2"
"削夺武皇官爵","1","1","2"
"河东南面招讨","1","1","2"
"东南面招讨使","1","1","2"
"河东北面招讨","1","1","2"
"晋州刺史张行","1","1","2"
"大同军防御使","1","1","2"
"汾州刺史孟迁","1","1","2"
"汴将阎宝率军","1","1","2"
"将阎宝率军援","1","1","2"
"嗣昭退保怀州","1","1","2"
"都将王敬晖杀","1","1","2"
"将王敬晖杀刺","1","1","2"
"王敬晖杀刺史","1","1","2"
"敬晖杀刺史刘","1","1","2"
"下二百八十五","1","1","2"
"二百八十五人","1","1","2"
"德威攻幽州南","1","1","2"
"威攻幽州南门","1","1","2"
"节度使阎宝请","1","1","2"
"蕃汉副总管李","1","1","2"
"汉副总管李存","1","1","2"
"军兵马留后张","1","1","2"
"兵马留后张文","1","1","2"
"马留后张文礼","1","1","2"
"平军节度使阎","1","1","2"
"军节度使阎宝","1","1","2"
"新州节度使王","1","1","2"
"州节度使王郁","1","1","2"
"河东监军张承","1","1","2"
"东监军张承业","1","1","2"
"行台左丞相豆","1","1","2"
"台左丞相豆卢","1","1","2"
"左丞相豆卢革","1","1","2"
"行台右丞相卢","1","1","2"
"台右丞相卢澄","1","1","2"
"前定州掌书记","1","1","2"
"定州掌书记李","1","1","2"
"州掌书记李德","1","1","2"
"掌书记李德休","1","1","2"
"河东掌书记冯","1","1","2"
"东掌书记冯道","1","1","2"
"镇冀观察判官","1","1","2"
"冀观察判官张","1","1","2"
"魏博节度判官","1","1","2"
"博节度判官王","1","1","2"
"节度判官王正","1","1","2"
"度判官王正言","1","1","2"
"河东军城都虞","1","1","2"
"东军城都虞候","1","1","2"
"军城都虞候孟","1","1","2"
"城都虞候孟知","1","1","2"
"都虞候孟知祥","1","1","2"
"泽潞节度判官","1","1","2"
"潞节度判官任","1","1","2"
"充北京副留守","1","1","2"
"幽州节度使李","1","1","2"
"李存审检校太","1","1","2"
"依前蕃汉马步","1","1","2"
"追尊皇祖代州","1","1","2"
"尊皇祖代州太","1","1","2"
"皇祖代州太保","1","1","2"
"懿宗昭圣皇帝","1","1","2"
"昭宗圣穆皇帝","1","1","2"
"贬梁宰相郑珏","1","1","2"
"翰林学士刘岳","1","1","2"
"崇政院学士刘","1","1","2"
"政院学士刘光","1","1","2"
"院学士刘光素","1","1","2"
"御史中丞王权","1","1","2"
"员外置同正员","2","0","2"
"太原县男郭崇","1","1","2"
"原县男郭崇韬","1","1","2"
"守辉州刺史杜","1","1","2"
"辉州刺史杜晏","1","1","2"
"州刺史杜晏球","1","1","2"
"竭忠启运匡国","1","1","2"
"忠启运匡国功","1","1","2"
"启运匡国功臣","1","1","2"
"陇西郡侯李嗣","1","1","2"
"西郡侯李嗣源","1","1","2"
"汾州刺史李存","1","1","2"
"州刺史李存渥","1","1","2"
"杂指挥散员都","1","1","2"
"指挥散员都部","1","1","2"
"挥散员都部署","1","1","2"
"忻州刺史李绍","1","1","2"
"州刺史李绍荣","1","1","2"
"检校太保李绍","1","1","2"
"校太保李绍钦","1","1","2"
"博州刺史康延","1","1","2"
"州刺史康延孝","1","1","2"
"御史中丞条理","1","1","2"
"诏改伪梁永平","1","1","2"
"改伪梁永平军","1","1","2"
"伪梁永平军大","1","1","2"
"梁永平军大安","1","1","2"
"永平军大安府","1","1","2"
"改宋州宣武军","1","1","2"
"请奉献祖文皇","1","1","2"
"奉献祖文皇帝","1","1","2"
"献祖文皇帝配","1","1","2"
"蕃汉总管副使","1","1","2"
"中书令李嗣源","1","1","2"
"前安国军节度","1","1","2"
"安国军节度副","1","1","2"
"国军节度副使","1","1","2"
"平章事李存霸","1","1","2"
"郑州防御使李","1","1","2"
"州防御使李绍","1","1","2"
"防御使李绍琛","1","1","2"
"成德军马步军","1","1","2"
"德军马步军都","1","1","2"
"镇州节度使郭","1","1","2"
"节度使郭崇韬","1","1","2"
"度使郭崇韬进","1","1","2"
"使郭崇韬进爵","1","1","2"
"郭崇韬进爵邑","1","1","2"
"贤殿大学士赵","1","1","2"
"殿大学士赵光","1","1","2"
"镇东军节度副","1","1","2"
"东军节度副大","1","1","2"
"江南管内都招","1","1","2"
"南管内都招讨","1","1","2"
"管内都招讨使","1","1","2"
"岭南西道观察","1","1","2"
"南西道观察等","1","1","2"
"知苏州中吴军","1","1","2"
"苏州中吴军军","1","1","2"
"州中吴军军州","1","1","2"
"中吴军军州事","1","1","2"
"行邕州刺史钱","1","1","2"
"邕州刺史钱元","1","1","2"
"平王李继麟依","1","1","2"
"王李继麟依前","1","1","2"
"河中护国军节","1","1","2"
"中护国军节度","1","1","2"
"尚书李琪充大","1","1","2"
"书李琪充大行","1","1","2"
"李琪充大行皇","1","1","2"
"琪充大行皇太","1","1","2"
"充大行皇太后","1","1","2"
"大行皇太后山","1","1","2"
"行皇太后山陵","1","1","2"
"皇太后山陵礼","1","1","2"
"太后山陵礼仪","1","1","2"
"后山陵礼仪使","1","1","2"
"南尹张全义充","1","1","2"
"尹张全义充山","1","1","2"
"张全义充山陵","1","1","2"
"全义充山陵桥","1","1","2"
"义充山陵桥道","1","1","2"
"充山陵桥道排","1","1","2"
"山陵桥道排顿","1","1","2"
"陵桥道排顿使","1","1","2"
"孔谦充监护使","1","1","2"
"伪昭武军节度","1","1","2"
"昭武军节度使","1","1","2"
"武军节度使林","1","1","2"
"军节度使林思","1","1","2"
"节度使林思谔","1","1","2"
"西川行营都监","1","1","2"
"川行营都监李","1","1","2"
"行营都监李廷","1","1","2"
"营都监李廷安","1","1","2"
"都监李廷安进","1","1","2"
"西川乐官二百","1","1","2"
"川乐官二百九","1","1","2"
"乐官二百九十","1","1","2"
"官二百九十八","1","1","2"
"二百九十八人","1","1","2"
"户部尚书王正","1","1","2"
"部尚书王正言","1","1","2"
"陕州节度使康","1","1","2"
"食邑二千五百","1","1","2"
"邑二千五百户","1","1","2"
"二千五百户臣","1","1","2"
"千五百户臣冯","1","1","2"
"五百户臣冯道","1","1","2"
"百户臣冯道等","1","1","2"
"户臣冯道等九","1","1","2"
"臣冯道等九千","1","1","2"
"冯道等九千五","1","1","2"
"道等九千五百","1","1","2"
"等九千五百九","1","1","2"
"九千五百九十","1","1","2"
"千五百九十三","1","1","2"
"五百九十三人","1","1","2"
"百九十三人上","1","1","2"
"九十三人上言","1","1","2"
"随驾牙将宋审","1","1","2"
"驾牙将宋审虔","1","1","2"
"观察判官马裔","1","1","2"
"察判官马裔孙","1","1","2"
"掌书记李专美","1","1","2"
"左龙武指挥使","1","1","2"
"龙武指挥使安","1","1","2"
"武指挥使安审","1","1","2"
"指挥使安审琦","1","1","2"
"左右捧圣都指","1","1","2"
"右捧圣都指挥","1","1","2"
"捧圣都指挥使","1","1","2"
"右千牛上将军","1","1","2"
"千牛上将军符","1","1","2"
"牛上将军符彦","1","1","2"
"上将军符彦饶","1","1","2"
"左右严卫都指","1","1","2"
"右严卫都指挥","1","1","2"
"庄宅使刘延朗","1","1","2"
"驸马都尉赵延","1","1","2"
"马都尉赵延寿","1","1","2"
"都尉赵延寿进","1","1","2"
"尉赵延寿进封","1","1","2"
"雄军节度使范","1","1","2"
"军节度使范延","1","1","2"
"前武州刺史郑","1","1","2"
"武州刺史郑琮","1","1","2"
"振武节度使杨","1","1","2"
"武节度使杨光","1","1","2"
"度使杨光远充","1","1","2"
"使杨光远充大","1","1","2"
"杨光远充大同","1","1","2"
"威塞等军兵马","1","1","2"
"塞等军兵马都","1","1","2"
"等军兵马都虞","1","1","2"
"军兵马都虞候","1","1","2"
"前右金吾大将","1","1","2"
"金吾大将军穆","1","1","2"
"吾大将军穆延","1","1","2"
"大将军穆延晖","1","1","2"
"文馆大学士姚","1","1","2"
"监修国史张延","1","1","2"
"修国史张延朗","1","1","2"
"新州节度使杨","1","1","2"
"晋州节度使翟","1","1","2"
"州节度使翟璋","1","1","2"
"判四方馆王景","1","1","2"
"四方馆王景崇","1","1","2"
"原四面马军都","1","1","2"
"四面马军都指","1","1","2"
"陕州节度使相","1","1","2"
"州节度使相里","1","1","2"
"节度使相里金","1","1","2"
"太原四面步军","1","1","2"
"原四面步军都","1","1","2"
"四面步军都指","1","1","2"
"面步军都指挥","1","1","2"
"监门上将军武","1","1","2"
"门上将军武廷","1","1","2"
"上将军武廷翰","1","1","2"
"潞州节度使皇","1","1","2"
"节度使皇甫立","1","1","2"
"御史中丞吕琦","1","1","2"
"前绛州刺史韩","1","1","2"
"绛州刺史韩彦","1","1","2"
"州刺史韩彦恽","1","1","2"
"宰臣卢损奉册","1","1","2"
"臣卢损奉册书","1","1","2"
"卢损奉册书上","1","1","2"
"损奉册书上皇","1","1","2"
"奉册书上皇太","1","1","2"
"册书上皇太后","1","1","2"
"书上皇太后尊","1","1","2"
"上皇太后尊号","1","1","2"
"武定军节度使","1","1","2"
"定军节度使王","1","1","2"
"节度使王承肇","1","1","2"
"兴元节度使王","1","1","2"
"元节度使王宗","1","1","2"
"节度使王宗威","1","1","2"
"麟等五州符印","1","1","2"
"等五州符印送","1","1","2"
"刑部侍郎刘赞","1","1","2"
"安义军兵马留","1","1","2"
"义军兵马留后","1","1","2"
"敦睦保定久大","1","1","2"
"睦保定久大功","1","1","2"
"保定久大功臣","1","1","2"
"梁祖加尚书令","1","1","2"
"德威检校侍中","1","1","2"
"幽州卢龙等军","1","1","2"
"州卢龙等军节","1","1","2"
"卢龙等军节度","1","1","2"
"龙等军节度使","1","1","2"
"魏博马步军都","1","1","2"
"博马步军都指","1","1","2"
"赐号忠烈扶天","1","1","2"
"号忠烈扶天启","1","1","2"
"忠烈扶天启运","1","1","2"
"烈扶天启运功","1","1","2"
"扶天启运功臣","1","1","2"
"追封太原郡王","1","1","2"
"授西南面行营","1","1","2"
"西南面行营马","1","1","2"
"南面行营马步","1","1","2"
"李嗣昭节制昭","1","1","2"
"嗣昭节制昭义","1","1","2"
"李绍宏同守魏","1","1","2"
"绍宏同守魏州","1","1","2"
"开平三年十月","1","1","2"
"东头供奉官授","1","1","2"
"右威卫大将军","1","1","2"
"增食邑四百户","1","1","2"
"宁军节度使李","1","1","2"
"荆南节度使南","1","1","2"
"南节度使南平","1","1","2"
"节度使南平王","1","1","2"
"度使南平王高","1","1","2"
"德军节度使赵","1","1","2"
"军节度使赵礼","2","0","2"
"泾州节度使李","1","1","2"
"州节度使李德","1","1","2"
"徐州节度使安","1","1","2"
"秦州节度使康","1","1","2"
"州节度使康福","1","1","2"
"延州节度使刘","1","1","2"
"州节度使刘景","1","1","2"
"汴州浚仪县王","1","1","2"
"州浚仪县王畿","1","1","2"
"浚仪县王畿乡","1","1","2"
"仪县王畿乡表","1","1","2"
"县王畿乡表节","1","1","2"
"王畿乡表节东","1","1","2"
"畿乡表节东坊","1","1","2"
"拥旌乡浴凤里","1","1","2"
"阗国王李圣天","1","1","2"
"广晋府行营中","1","1","2"
"晋府行营中军","1","1","2"
"府行营中军使","1","1","2"
"贝州防御使王","1","1","2"
"州防御使王庭","1","1","2"
"广晋府行营步","1","1","2"
"晋府行营步军","1","1","2"
"右神武统军王","1","1","2"
"神武统军王周","1","1","2"
"贝州永清军节","1","1","2"
"州永清军节度","1","1","2"
"永清军节度使","1","1","2"
"皇子开封尹郑","1","1","2"
"子开封尹郑王","1","1","2"
"使侍卫亲军马","2","0","2"
"军都指挥使刘","1","1","2"
"指挥使刘知远","1","1","2"
"武军节度使杜","1","1","2"
"平军节度使赵","1","1","2"
"平军节度使侍","2","0","2"
"副都指挥使杜","1","1","2"
"东京内外兵马","1","1","2"
"京内外兵马都","1","1","2"
"内外兵马都监","1","1","2"
"吏部郎中卢撰","1","1","2"
"部郎中卢撰持","1","1","2"
"郎中卢撰持节","1","1","2"
"中卢撰持节册","1","1","2"
"步军都虞候王","1","1","2"
"军都虞候王周","1","1","2"
"郓州天平军节","1","1","2"
"州天平军节度","1","1","2"
"马步都虞候景","1","1","2"
"步都虞候景延","1","1","2"
"滑州义成军节","1","1","2"
"州义成军节度","1","1","2"
"充襄州行营都","1","1","2"
"部署高行周加","1","1","2"
"飞蝗抱草干死","1","1","2"
"昭化军节度使","1","1","2"
"瑞慎等州观察","1","1","2"
"使杜建徽进封","1","1","2"
"符彦卿北面行","2","0","2"
"彦卿北面行营","2","0","2"
"卿北面行营马","2","0","2"
"北面行营步军","1","1","2"
"面行营步军都","1","1","2"
"马全节等会合","1","1","2"
"全节等会合进","1","1","2"
"节等会合进军","1","1","2"
"马步军左厢都","1","1","2"
"步军左厢都指","1","1","2"
"军左厢都指挥","1","1","2"
"滑州节度使皇","1","1","2"
"节度使皇甫遇","1","1","2"
"马步军右厢都","1","1","2"
"步军右厢都指","1","1","2"
"军都指挥使梁","1","1","2"
"指挥使梁汉璋","1","1","2"
"充马军左右厢","2","0","2"
"都指挥使李殷","1","1","2"
"充步军左右厢","2","0","2"
"右神武统军潘","1","1","2"
"步军左右厢排","1","1","2"
"军左右厢排阵","1","1","2"
"左右厢排阵使","1","1","2"
"营马步军左右","1","1","2"
"马步军左右厢","1","1","2"
"营马步军左厢","1","1","2"
"马步军左厢排","1","1","2"
"步军左厢排阵","1","1","2"
"军左厢排阵使","1","1","2"
"马步军右厢排","1","1","2"
"步军右厢排阵","1","1","2"
"军右厢排阵使","1","1","2"
"天成元年五月","1","1","2"
"天福六年七月","1","1","2"
"实封一千五百","1","1","2"
"封一千五百户","1","1","2"
"充北京留守事","1","1","2"
"改赐推忠佐运","1","1","2"
"赐推忠佐运保","1","1","2"
"推忠佐运保国","1","1","2"
"忠佐运保国功","1","1","2"
"佐运保国功臣","1","1","2"
"天福二年夏四","1","1","2"
"福二年夏四月","1","1","2"
"鄴都留守侍卫","2","0","2"
"都留守侍卫亲","2","0","2"
"留守侍卫亲军","2","0","2"
"守侍卫亲军马","2","0","2"
"雄军节度使高","1","1","2"
"度使高行周加","1","1","2"
"永兴军一行兵","1","1","2"
"兴军一行兵马","1","1","2"
"军一行兵马都","1","1","2"
"一行兵马都部","1","1","2"
"行兵马都部署","1","1","2"
"州城内水深七","1","1","2"
"城内水深七尺","1","1","2"
"弟小底军都虞","1","1","2"
"小底军都虞候","1","1","2"
"婿户部员外郎","1","1","2"
"枢密院副承宣","1","1","2"
"密院副承宣郭","1","1","2"
"控鹤都虞候高","1","1","2"
"鹤都虞候高进","1","1","2"
"侍卫都承局荆","1","1","2"
"卫都承局荆南","1","1","2"
"都承局荆南金","1","1","2"
"三司都勾官柴","1","1","2"
"司都勾官柴训","1","1","2"
"都勾官柴训等","1","1","2"
"防御团练副使","1","1","2"
"前耀州团练使","1","1","2"
"耀州团练使符","1","1","2"
"州团练使符彦","1","1","2"
"团练使符彦能","1","1","2"
"练使符彦能等","1","1","2"
"南道行营都招","1","1","2"
"挥使韩令坤上","1","1","2"
"奉诏编修太祖","1","1","2"
"诏编修太祖实","1","1","2"
"编修太祖实录","1","1","2"
"户部吏部尚书","1","1","2"
"集贤殿弘文馆","1","1","2"
"贤殿弘文馆大","1","1","2"
"殿弘文馆大学","1","1","2"
"幽州节度巡官","1","1","2"
"河东节度巡官","1","1","2"
"晋高祖皇帝山","1","1","2"
"高祖皇帝山陵","1","1","2"
"祖皇帝山陵使","1","1","2"
"同州管内观察","1","1","2"
"授武胜军节度","1","1","2"
"房等州管内观","1","1","2"
"等州管内观察","1","1","2"
"行台中书舍人","1","1","2"
"刑部吏部尚书","1","1","2"
"淮南节度副大","1","1","2"
"南节度副大使","1","1","2"
"内营田观察处","1","1","2"
"营田观察处置","1","1","2"
"田观察处置等","1","1","2"
"扬州大都督府","1","1","2"
"唐天成二年十","1","1","2"
"天成二年十月","1","1","2"
"竭忠定难建国","1","1","2"
"忠定难建国功","1","1","2"
"定难建国功臣","1","1","2"
"都督中外诸军","1","1","2"
"督中外诸军事","1","1","2"
"宣歙池等州管","1","1","2"
"伪顺义七年改","1","1","2"
"后唐天成二年","1","1","2"
"唐同光三年九","1","1","2"
"同光三年九月","1","1","2"
"光三年九月十","1","1","2"
"三年九月十日","1","1","2"
"命兴圣宫使魏","1","1","2"
"兴圣宫使魏王","1","1","2"
"明宗命晋高祖","1","1","2"
"北面蕃汉总管","1","1","2"
"林学士承旨张","1","1","2"
"学士承旨张砺","1","1","2"
"燕人刘守光赴","1","1","2"
"人刘守光赴援","1","1","2"
"刘守光赴援中","1","1","2"
"守光赴援中山","1","1","2"
"大将张存敬率","1","1","2"
"将张存敬率将","1","1","2"
"指挥使高季昌","1","1","2"
"挥使高季昌独","1","1","2"
"乘胜攻下密州","1","1","2"
"青州节度使韩","1","1","2"
"州节度使韩建","1","1","2"
"三湘水陆会合","1","1","2"
"将康君绍等十","1","1","2"
"康君绍等十人","1","1","2"
"蔡州顺化军指","1","1","2"
"州顺化军指挥","1","1","2"
"顺化军指挥使","1","1","2"
"化军指挥使王","1","1","2"
"军指挥使王存","1","1","2"
"指挥使王存俨","1","1","2"
"先锋将黄文靖","1","1","2"
"锋将黄文靖伏","1","1","2"
"将黄文靖伏诛","1","1","2"
"延州节度使高","1","1","2"
"州节度使高万","1","1","2"
"蒿子谷韦家寨","1","1","2"
"庆两州贼军约","1","1","2"
"两州贼军约二","1","1","2"
"州贼军约二千","1","1","2"
"九月十二日生","1","1","2"
"开国侯袁象先","1","1","2"
"江南西道观察","1","1","2"
"冬十月辛未朔","2","0","2"
"控鹤都将皇甫","1","1","2"
"鹤都将皇甫麟","1","1","2"
"光化元年四月","1","1","2"
"宣武军掌书记","1","1","2"
"徐州丰县雍凤","1","1","2"
"州丰县雍凤里","1","1","2"
"丰县雍凤里人","1","1","2"
"豹子军二千人","1","1","2"
"郓州寿张县人","1","1","2"
"行营诸军左厢","1","1","2"
"营诸军左厢马","1","1","2"
"诸军左厢马军","1","1","2"
"指挥使赵宾夜","1","1","2"
"密州安丘县人","1","1","2"
"嗣昭率兵三千","1","1","2"
"叶盟同力功臣","1","1","2"
"银枪效节五百","1","1","2"
"卢文进招诱幽","1","1","2"
"文进招诱幽州","1","1","2"
"魏州观察判官","1","1","2"
"州观察判官张","1","1","2"
"州团练使李嗣","1","1","2"
"平军节度使李","1","1","2"
"度使李嗣源北","2","0","2"
"使李嗣源北面","2","0","2"
"陕州留后霍彦","1","1","2"
"州留后霍彦威","1","1","2"
"北京皇城留守","1","1","2"
"上将军李存纪","1","1","2"
"后节度使管三","1","1","2"
"节度使管三州","1","1","2"
"户部侍郎欧阳","1","1","2"
"部侍郎欧阳彬","1","1","2"
"称大蜀皇帝上","1","1","2"
"大蜀皇帝上书","1","1","2"
"蜀皇帝上书大","1","1","2"
"皇帝上书大唐","1","1","2"
"帝上书大唐皇","1","1","2"
"上书大唐皇帝","1","1","2"
"守卫尉卿孔谦","1","1","2"
"嵩山开琉璃戒","1","1","2"
"山开琉璃戒坛","1","1","2"
"全义惶恐致谢","1","1","2"
"镇州节度使李","1","1","2"
"节度使李绍真","1","1","2"
"故镇屯驻指挥","1","1","2"
"镇屯驻指挥使","1","1","2"
"两省谏官上疏","1","1","2"
"宫城西古龙兴","1","1","2"
"城西古龙兴寺","1","1","2"
"西古龙兴寺北","1","1","2"
"招讨使任圜率","1","1","2"
"讨使任圜率兵","1","1","2"
"使任圜率兵追","1","1","2"
"任圜率兵追讨","1","1","2"
"行营招抚使元","1","1","2"
"营招抚使元行","1","1","2"
"招抚使元行钦","1","1","2"
"抚使元行钦率","1","1","2"
"遂州节度使李","1","1","2"
"宣宪皇后魏氏","1","1","2"
"改侍卫捧圣军","1","1","2"
"礼部侍郎杨凝","1","1","2"
"部侍郎杨凝式","1","1","2"
"请机要臣僚侍","1","1","2"
"机要臣僚侍立","1","1","2"
"要臣僚侍立左","1","1","2"
"臣僚侍立左右","1","1","2"
"左卫上将军王","1","1","2"
"军上将军李顷","1","1","2"
"右龙武统军李","1","1","2"
"州节度使杨思","1","1","2"
"节度使杨思权","1","1","2"
"武兴军节度使","1","1","2"
"兴军节度使王","1","1","2"
"汴将李谠收军","1","1","2"
"一千九百万户","1","1","2"
"一千四百万顷","1","1","2"
"功授单州刺史","1","1","2"
"费州司户参军","1","1","2"
"夷州司户参军","1","1","2"
"高祖圣文章武","1","1","2"
"祖圣文章武明","1","1","2"
"遣侍卫使杨光","1","1","2"
"侍卫使杨光远","1","1","2"
"害皇子河阳节","1","1","2"
"皇子河阳节度","1","1","2"
"子河阳节度使","1","1","2"
"皇子东都留守","1","1","2"
"故东京留守判","1","1","2"
"东京留守判官","1","1","2"
"京留守判官李","1","1","2"
"留守判官李遐","1","1","2"
"守判官李遐追","1","1","2"
"判官李遐追赠","1","1","2"
"命太常卿程逊","1","1","2"
"兵部员外郎韦","1","1","2"
"吴越国王加恩","1","1","2"
"越国王加恩使","1","1","2"
"贡宝装龙凤器","1","1","2"
"结银花果子等","1","1","2"
"银花果子等物","1","1","2"
"太子詹事王居","1","1","2"
"县两池榷盐事","1","1","2"
"改前代礼乐刑","1","1","2"
"前代礼乐刑宪","1","1","2"
"劫清水德铁城","1","1","2"
"安州节度使李","1","1","2"
"州节度使李金","1","1","2"
"节度使李金全","1","1","2"
"度使李金全叛","1","1","2"
"户部郎中张守","1","1","2"
"部郎中张守素","1","1","2"
"广晋尹刘知远","1","1","2"
"北面招讨使杜","1","1","2"
"面招讨使杜重","1","1","2"
"金吾大将军梁","1","1","2"
"吾大将军梁言","1","1","2"
"大将军梁言持","1","1","2"
"将军梁言持国","1","1","2"
"内都指挥使拓","1","1","2"
"都指挥使拓拔","1","1","2"
"指挥使拓拔崇","1","1","2"
"挥使拓拔崇斌","1","1","2"
"使拓拔崇斌等","1","1","2"
"拓拔崇斌等五","1","1","2"
"拔崇斌等五人","1","1","2"
"吴国夫人冯氏","1","1","2"
"度使杨光远反","1","1","2"
"冯道等奏请举","1","1","2"
"道等奏请举乐","1","1","2"
"礼部尚书卢詹","1","1","2"
"定州马全节攻","1","1","2"
"诏改铸天下合","1","1","2"
"改铸天下合同","1","1","2"
"铸天下合同印","1","1","2"
"州军将赵行实","1","1","2"
"徐州符彦卿屯","1","1","2"
"云州清塞军人","1","1","2"
"楚国夫人丁氏","1","1","2"
"弟曹州节度使","1","1","2"
"高祖母陇西李","1","1","2"
"祖母陇西李氏","1","1","2"
"曾祖母虢国太","1","1","2"
"祖母虢国太夫","1","1","2"
"母虢国太夫人","1","1","2"
"虢国太夫人杨","1","1","2"
"国太夫人杨氏","1","1","2"
"代州刺史王晖","1","1","2"
"汉州就粮归捷","1","1","2"
"州就粮归捷指","1","1","2"
"就粮归捷指挥","1","1","2"
"粮归捷指挥使","1","1","2"
"归捷指挥使张","1","1","2"
"捷指挥使张建","1","1","2"
"指挥使张建雄","1","1","2"
"金州守御指挥","1","1","2"
"州守御指挥使","1","1","2"
"守御指挥使康","1","1","2"
"御指挥使康彦","1","1","2"
"指挥使康彦环","1","1","2"
"五千一百四十","1","1","2"
"千一百四十七","1","1","2"
"左谏议大夫贾","1","1","2"
"谏议大夫贾纬","1","1","2"
"议大夫贾纬等","1","1","2"
"大夫贾纬等修","1","1","2"
"夫贾纬等修撰","1","1","2"
"贾纬等修撰高","1","1","2"
"纬等修撰高祖","1","1","2"
"等修撰高祖实","1","1","2"
"修撰高祖实录","1","1","2"
"处斩前巡检使","1","1","2"
"斩前巡检使乔","1","1","2"
"前巡检使乔守","1","1","2"
"右武卫将军石","1","1","2"
"武卫将军石懿","1","1","2"
"左武卫将军石","1","1","2"
"武卫将军石训","1","1","2"
"永宁公主进封","1","1","2"
"密州刺史王万","1","1","2"
"州刺史王万敢","1","1","2"
"率群臣请太后","1","1","2"
"群臣请太后临","1","1","2"
"臣请太后临朝","1","1","2"
"侍中郭威监国","1","1","2"
"高祖皇后李氏","1","1","2"
"侍中功烈崇高","1","1","2"
"虢州刺史常彦","1","1","2"
"州刺史常彦卿","1","1","2"
"刺史常彦卿等","1","1","2"
"史常彦卿等五","1","1","2"
"常彦卿等五百","1","1","2"
"彦卿等五百余","1","1","2"
"卿等五百余人","1","1","2"
"太祖圣神恭肃","1","1","2"
"祖圣神恭肃文","1","1","2"
"陈国夫人韩氏","1","1","2"
"户部尚书张昭","1","1","2"
"道兵马都元帅","1","1","2"
"绛州防御使孙","1","1","2"
"州防御使孙汉","1","1","2"
"防御使孙汉英","1","1","2"
"乐寿都监杜延","1","1","2"
"寿都监杜延熙","1","1","2"
"宣徽南院使袁","1","1","2"
"武平军兵马留","1","1","2"
"平军兵马留后","1","1","2"
"军兵马留后刘","1","1","2"
"兵马留后刘言","1","1","2"
"前莱州刺史叶","1","1","2"
"莱州刺史叶仁","1","1","2"
"州刺史叶仁鲁","1","1","2"
"延州衙内指挥","1","1","2"
"州衙内指挥使","1","1","2"
"衙内指挥使高","1","1","2"
"内指挥使高绍","1","1","2"
"凤翔少尹桑能","1","1","2"
"兵部尚书王易","1","1","2"
"御史中丞张煦","1","1","2"
"前颍州防御使","1","1","2"
"颍州防御使郭","1","1","2"
"州防御使郭琼","1","1","2"
"迎奉太庙神主","1","1","2"
"度使何福进朝","1","1","2"
"夔州节度使樊","1","1","2"
"州节度使樊爱","1","1","2"
"节度使樊爱能","1","1","2"
"寿州节度使何","1","1","2"
"州节度使何徽","1","1","2"
"节度使何徽等","1","1","2"
"节度使申师厚","1","1","2"
"右监门卫率府","1","1","2"
"监门卫率府副","1","1","2"
"门卫率府副率","1","1","2"
"泗州牙将王知","1","1","2"
"州牙将王知朗","1","1","2"
"寿州城内左神","1","1","2"
"州城内左神卫","1","1","2"
"城内左神卫军","1","1","2"
"内左神卫军使","1","1","2"
"左神卫军使徐","1","1","2"
"神卫军使徐象","1","1","2"
"卫军使徐象等","1","1","2"
"右拾遗赵守微","1","1","2"
"寿州刘仁赡上","1","1","2"
"州刘仁赡上表","1","1","2"
"遣左谏议大夫","1","1","2"
"左谏议大夫尹","1","1","2"
"谏议大夫尹日","1","1","2"
"议大夫尹日就","1","1","2"
"前徐州节度使","1","1","2"
"中书令武行德","1","1","2"
"殿前都虞候慕","1","1","2"
"前都虞候慕容","1","1","2"
"都虞候慕容延","1","1","2"
"虞候慕容延钊","1","1","2"
"临汝郡公徐辽","1","1","2"
"汝郡公徐辽进","1","1","2"
"买宴钱二百万","1","1","2"
"澶州节度使张","1","1","2"
"州节度使张永","1","1","2"
"节度使张永德","1","1","2"
"邢州留后陈思","1","1","2"
"户部侍郎高防","1","1","2"
"西南面水陆转","1","1","2"
"南面水陆转运","1","1","2"
"破辽州长清寨","1","1","2"
"州防御使张顺","1","1","2"
"榷税钱五十万","1","1","2"
"官丝绵二千两","1","1","2"
"州刺史刘楚信","1","1","2"
"晋州节度使杨","1","1","2"
"州节度使杨廷","1","1","2"
"节度使杨廷璋","1","1","2"
"灵武都指挥使","1","1","2"
"闰七月二十九","1","1","2"
"七月二十九日","1","1","2"
"经邦致理翊赞","1","1","2"
"邦致理翊赞功","1","1","2"
"致理翊赞功臣","1","1","2"
"守正崇德保邦","1","1","2"
"正崇德保邦致","1","1","2"
"崇德保邦致理","1","1","2"
"德保邦致理功","1","1","2"
"保邦致理功臣","1","1","2"
"安时处顺守义","1","1","2"
"时处顺守义崇","1","1","2"
"处顺守义崇静","1","1","2"
"顺守义崇静功","1","1","2"
"守义崇静功臣","1","1","2"
"崇仁保德宁邦","1","1","2"
"仁保德宁邦翊","1","1","2"
"保德宁邦翊圣","1","1","2"
"德宁邦翊圣功","1","1","2"
"宁邦翊圣功臣","1","1","2"
"称大吴国主致","1","1","2"
"伪广政十三年","1","1","2"
"睿文英武仁圣","1","1","2"
"文英武仁圣明","1","1","2"
"英武仁圣明孝","1","1","2"
"武仁圣明孝皇","1","1","2"
"仁圣明孝皇帝","1","1","2"
"们都感到惊异","0","2","2"
"驻扎在黄河岸","0","2","2"
"扎在黄河岸边","0","2","2"
"蜀地的计划是","0","2","2"
"他的话应验了","0","2","2"
"迁回安置的给","0","2","2"
"回安置的给予","0","2","2"
"郭威登上帝位","0","2","2"
"第二天一早就","0","2","2"
"改近地安置的","0","2","2"
"的第三个儿子","0","2","2"
"二十一日夜晚","0","2","2"
"僖宗乾符年间","0","2","2"
"中和元年二月","0","2","2"
"任命太祖为东","0","2","2"
"全郡军民投降","0","2","2"
"当时唐僖宗在","0","2","2"
"时唐僖宗在蜀","0","2","2"
"担任河中行营","0","2","2"
"任河中行营副","0","2","2"
"所到的地方没","0","2","2"
"到的地方没有","0","2","2"
"为东北面都招","0","2","2"
"陈州刺史赵韜","0","2","2"
"在王满渡大败","0","2","2"
"太祖率领军队","0","2","2"
"率领军队前去","0","2","2"
"又加封太祖为","0","2","2"
"到一千五百户","0","2","2"
"僖宗颁布诏令","0","2","2"
"袭击并占领了","0","2","2"
"祖为检校太傅","0","2","2"
"蔡州贼寇攻陷","0","2","2"
"的有一万多人","0","2","2"
"太祖对诸位将","0","2","2"
"祖对诸位将领","0","2","2"
"对诸位将领们","0","2","2"
"诸位将领们说","0","2","2"
"亲自领兵进攻","0","2","2"
"更加放纵他的","0","2","2"
"加放纵他的暴","0","2","2"
"放纵他的暴虐","0","2","2"
"杀敌两万多人","0","2","2"
"亲自率领骑兵","0","2","2"
"诏令任太祖为","0","2","2"
"率领一万多人","0","2","2"
"大军渡过黄河","0","2","2"
"派遣使者到汴","0","2","2"
"遣使者到汴州","0","2","2"
"葛从周率领军","0","2","2"
"从周率领军队","0","2","2"
"使者向太祖求","0","2","2"
"上表奏明这件","0","2","2"
"表奏明这件事","0","2","2"
"于是任赵德为","0","2","2"
"运输供应不上","0","2","2"
"蔡州贼寇孙儒","0","2","2"
"率领两万军队","0","2","2"
"叛军三千多人","0","2","2"
"率领蕃族汉族","0","2","2"
"派遣葛从周率","0","2","2"
"遣葛从周率领","0","2","2"
"在办公厅堂上","0","2","2"
"太祖派遣丁会","0","2","2"
"葛从周率领部","0","2","2"
"从周率领部队","0","2","2"
"率领部队渡过","0","2","2"
"杀死魏军一万","0","2","2"
"死魏军一万多","0","2","2"
"宿州刺史张筠","0","2","2"
"率领三万士兵","0","2","2"
"下时溥首级献","0","2","2"
"时溥首级献上","0","2","2"
"祖亲自率领大","0","2","2"
"亲自率领大军","0","2","2"
"太祖派朱友恭","0","2","2"
"祖派朱友恭率","0","2","2"
"派朱友恭率领","0","2","2"
"齐州刺史朱琼","0","2","2"
"被抓住杀害了","0","2","2"
"一万多人袭击","0","2","2"
"在兖州城下示","0","2","2"
"兖州城下示众","0","2","2"
"他的妻子儿女","0","2","2"
"率领大军到达","0","2","2"
"于是以葛从周","0","2","2"
"太祖的军队在","0","2","2"
"太祖派氏叔琮","0","2","2"
"祖派氏叔琮领","0","2","2"
"魏人来求救兵","0","2","2"
"太祖派朱友伦","0","2","2"
"夺得战马二千","0","2","2"
"得战马二千多","0","2","2"
"战马二千多匹","0","2","2"
"丁会为潞州节","0","2","2"
"会为潞州节度","0","2","2"
"投奔淮南吴国","0","2","2"
"派葛从周率领","0","2","2"
"将佐马慎交以","0","2","2"
"佐马慎交以下","0","2","2"
"不得已罢免了","0","2","2"
"华州主帅韩建","0","2","2"
"岐山城内重门","0","2","2"
"十二月十一日","0","2","2"
"李克用的儿子","0","2","2"
"领兵一万多人","0","2","2"
"兵一万多人驻","0","2","2"
"一万多人驻扎","0","2","2"
"宗派朝中使者","0","2","2"
"增加食邑三千","0","2","2"
"青州将领刘寻","0","2","2"
"州将领刘寻阝","0","2","2"
"用的九锡之礼","0","2","2"
"拥着大将史仁","0","2","2"
"着大将史仁遇","0","2","2"
"大将史仁遇固","0","2","2"
"将史仁遇固守","0","2","2"
"史仁遇固守高","0","2","2"
"仁遇固守高唐","0","2","2"
"夺得战马三千","0","2","2"
"太祖从长芦回","0","2","2"
"皇子朱友文为","0","2","2"
"姓人家的儿子","0","2","2"
"有关部门上奏","0","2","2"
"赐给优厚的财","0","2","2"
"给优厚的财物","0","2","2"
"亲自率领六军","0","2","2"
"他们的妻子儿","0","2","2"
"们的妻子儿女","0","2","2"
"主持军政事务","0","2","2"
"到太祖所在地","0","2","2"
"在圜丘祭祀苍","0","2","2"
"圜丘祭祀苍天","0","2","2"
"布诏令大赦天","0","2","2"
"凭据同州反叛","0","2","2"
"活捉得刘知俊","0","2","2"
"如活捉得刘知","0","2","2"
"禁止屠宰牲畜","0","2","2"
"在文明殿接受","0","2","2"
"文武百官排列","0","2","2"
"亲自统帅六军","0","2","2"
"晚上到达河阳","0","2","2"
"驾从东京出发","0","2","2"
"别人将怎样说","0","2","2"
"人将怎样说我","0","2","2"
"末帝在东京即","0","2","2"
"杨师厚为检校","0","2","2"
"师厚为检校太","0","2","2"
"史建瑭从赵州","0","2","2"
"建瑭从赵州率","0","2","2"
"张万进为青州","0","2","2"
"万进为青州节","0","2","2"
"进为青州节度","0","2","2"
"以刘守奇为沧","0","2","2"
"刘守奇为沧州","0","2","2"
"福王朱友璋镇","0","2","2"
"王朱友璋镇守","0","2","2"
"朱友璋镇守徐","0","2","2"
"友璋镇守徐州","0","2","2"
"蒋殷不接受替","0","2","2"
"殷不接受替代","0","2","2"
"朝廷下诏削夺","0","2","2"
"蒋殷向淮南吴","0","2","2"
"殷向淮南吴国","0","2","2"
"向淮南吴国求","0","2","2"
"杨溥派大将朱","0","2","2"
"溥派大将朱瑾","0","2","2"
"贞明元年春天","0","2","2"
"蒋殷全家自焚","0","2","2"
"增加食邑一千","0","2","2"
"要求朝廷姑息","0","2","2"
"张筠为相州节","0","2","2"
"筠为相州节度","0","2","2"
"率领大军屯驻","0","2","2"
"以征讨王为名","0","2","2"
"贺德伦囚禁在","0","2","2"
"德伦囚禁在牙","0","2","2"
"又逼迫贺德伦","0","2","2"
"末帝又派使者","0","2","2"
"逼迫贺德伦上","0","2","2"
"没有办不成的","0","2","2"
"献城归顺梁朝","0","2","2"
"是李茂贞的养","0","2","2"
"李茂贞的养子","0","2","2"
"留后霍彦威为","0","2","2"
"霍彦威为州节","0","2","2"
"彦威为州节度","0","2","2"
"威为州节度使","0","2","2"
"晋王进入魏州","0","2","2"
"贺德伦为大同","0","2","2"
"德伦为大同军","0","2","2"
"伦为大同军节","0","2","2"
"使王彦章领兵","0","2","2"
"与晋王在故元","0","2","2"
"晋王在故元城","0","2","2"
"不可轻举妄动","0","2","2"
"只要每人供给","0","2","2"
"要每人供给十","0","2","2"
"每人供给十斛","0","2","2"
"人供给十斛粮","0","2","2"
"供给十斛粮食","0","2","2"
"刘寻阝领兵进","0","2","2"
"寻阝领兵进攻","0","2","2"
"到故元城西边","0","2","2"
"刘寻阝从黎阳","0","2","2"
"寻阝从黎阳渡","0","2","2"
"主管节度使事","0","2","2"
"管节度使事务","0","2","2"
"龙骧军都将杜","0","2","2"
"派捉生都将张","0","2","2"
"五百步兵骑兵","0","2","2"
"在洛阳郊外祭","0","2","2"
"洛阳郊外祭天","0","2","2"
"谢彦章出动伏","0","2","2"
"彦章出动伏兵","0","2","2"
"晋王只身逃脱","0","2","2"
"将侯温裕等人","0","2","2"
"被行营马步都","0","2","2"
"马步都虞候朱","0","2","2"
"步都虞候朱王","0","2","2"
"观察使处置使","0","2","2"
"晋军在德胜筑","0","2","2"
"军在德胜筑城","0","2","2"
"贺瑰攻打德胜","0","2","2"
"瑰攻打德胜南","0","2","2"
"攻打德胜南城","0","2","2"
"晋王从魏州回","0","2","2"
"身任官职爵位","0","2","2"
"刘寻阝攻下兖","0","2","2"
"寻阝攻下兖州","0","2","2"
"晋王领军迫近","0","2","2"
"河中朱友谦袭","0","2","2"
"中朱友谦袭击","0","2","2"
"朱友谦袭击占","0","2","2"
"友谦袭击占领","0","2","2"
"谦袭击占领了","0","2","2"
"袭击占领了同","0","2","2"
"击占领了同州","0","2","2"
"他的儿子朱令","0","2","2"
"的儿子朱令德","0","2","2"
"上表朝廷请求","0","2","2"
"末帝任命将领","0","2","2"
"领军前来救援","0","2","2"
"在同州城下交","0","2","2"
"同州城下交战","0","2","2"
"退守华州罗文","0","2","2"
"守华州罗文寨","0","2","2"
"刺史惠王朱友","0","2","2"
"史惠王朱友能","0","2","2"
"私自度脱僧人","0","2","2"
"自度脱僧人尼","0","2","2"
"度脱僧人尼姑","0","2","2"
"请求献城投降","0","2","2"
"李嗣昭为潞州","0","2","2"
"嗣昭为潞州节","0","2","2"
"昭为潞州节度","0","2","2"
"派遣使者前来","0","2","2"
"二十年为同光","0","2","2"
"十年为同光元","0","2","2"
"年为同光元年","0","2","2"
"都被处死在大","0","2","2"
"王彦章率领部","0","2","2"
"一会儿有报告","0","2","2"
"会儿有报告说","0","2","2"
"为检校右散骑","0","2","2"
"赐与迎銮毅勇","0","2","2"
"与迎銮毅勇功","0","2","2"
"十里外都能听","0","2","2"
"领步兵骑兵几","0","2","2"
"跟随太祖征战","0","2","2"
"唐朝中和年间","0","2","2"
"为检校左仆射","0","2","2"
"令他临时主管","0","2","2"
"与兖州节度使","0","2","2"
"乾宁二年春天","0","2","2"
"乘胜进攻兖州","0","2","2"
"朱瑾与李承嗣","0","2","2"
"的儿子徐知训","0","2","2"
"唐朝广明年间","0","2","2"
"照他说的去做","0","2","2"
"在酒席上杀死","0","2","2"
"酒席上杀死卢","0","2","2"
"席上杀死卢弘","0","2","2"
"与他互通友好","0","2","2"
"为金吾上将军","0","2","2"
"宣读诏令完毕","0","2","2"
"唐朝大顺二年","0","2","2"
"太祖平定青州","0","2","2"
"率领五千士兵","0","2","2"
"听到刘知俊反","0","2","2"
"到刘知俊反叛","0","2","2"
"接着命令他领","0","2","2"
"着命令他领兵","0","2","2"
"命令他领兵攻","0","2","2"
"任泾州节度使","0","2","2"
"的妻子儿女都","0","2","2"
"领兵攻伐岐下","0","2","2"
"唐朝文德元年","0","2","2"
"李存信带兵没","0","2","2"
"存信带兵没有","0","2","2"
"活捉了李克用","0","2","2"
"捉了李克用的","0","2","2"
"官至检校太尉","0","2","2"
"与太祖的军队","0","2","2"
"派使者与太祖","0","2","2"
"太祖援助之恩","0","2","2"
"派使者告诉太","0","2","2"
"使者告诉太祖","0","2","2"
"上奏章请求退","0","2","2"
"王重荣被部将","0","2","2"
"重荣被部将常","0","2","2"
"荣被部将常行","0","2","2"
"被部将常行儒","0","2","2"
"部将常行儒杀","0","2","2"
"将常行儒杀害","0","2","2"
"秦宗权盘踞蔡","0","2","2"
"宗权盘踞蔡州","0","2","2"
"于是率领部下","0","2","2"
"与凤翔李茂贞","0","2","2"
"被加封为兼中","0","2","2"
"加封为兼中书","0","2","2"
"封为兼中书令","0","2","2"
"祖接受禅让登","0","2","2"
"接受禅让登上","0","2","2"
"受禅让登上帝","0","2","2"
"禅让登上帝位","0","2","2"
"李罕之被蔡州","0","2","2"
"李罕之为副手","0","2","2"
"秦宗权派将领","0","2","2"
"子诸葛仲方为","0","2","2"
"被李罕之打败","0","2","2"
"李罕之与张言","0","2","2"
"派泽州刺史安","0","2","2"
"帝出行所在地","0","2","2"
"遥任河阳节度","0","2","2"
"率领三万军队","0","2","2"
"城中粮食吃尽","0","2","2"
"遇上晋军将领","0","2","2"
"授予检校太尉","0","2","2"
"派李嗣昭讨伐","0","2","2"
"时年五十八岁","0","2","2"
"把军队驻扎在","0","2","2"
"铁林军三千人","0","2","2"
"朱珍和葛从周","0","2","2"
"青州人率领步","0","2","2"
"州人率领步卒","0","2","2"
"攻击蔡州贼寇","0","2","2"
"葛从周跟随太","0","2","2"
"从周跟随太祖","0","2","2"
"李罕之率领并","0","2","2"
"罕之率领并州","0","2","2"
"之率领并州军","0","2","2"
"率领并州军队","0","2","2"
"授予检校工部","0","2","2"
"予检校工部尚","0","2","2"
"因功加封为检","0","2","2"
"功加封为检校","0","2","2"
"加封为检校刑","0","2","2"
"封为检校刑部","0","2","2"
"为检校刑部尚","0","2","2"
"率领军队到达","0","2","2"
"州刘仁恭率领","0","2","2"
"率领大军前来","0","2","2"
"任兖州节度使","0","2","2"
"周为潞州节度","0","2","2"
"加封为开府仪","0","2","2"
"封为开府仪同","0","2","2"
"多次与晋军交","0","2","2"
"次与晋军交战","0","2","2"
"谢彦章以及濮","0","2","2"
"彦章以及濮州","0","2","2"
"章以及濮州刺","0","2","2"
"以及濮州刺史","0","2","2"
"及濮州刺史孟","0","2","2"
"上奏朝廷授与","0","2","2"
"廷授与检校左","0","2","2"
"上奏加封为检","0","2","2"
"奏加封为检校","0","2","2"
"接着加封为同","0","2","2"
"着加封为同平","0","2","2"
"令追赠为太傅","0","2","2"
"任襄州节度使","0","2","2"
"他弟弟赵匡明","0","2","2"
"接受禅让的帝","0","2","2"
"受禅让的帝位","0","2","2"
"太祖接受帝位","0","2","2"
"蔡州贼寇平定","0","2","2"
"太祖上奏朝廷","0","2","2"
"为检校右仆射","0","2","2"
"朱友王圭篡夺","0","2","2"
"友王圭篡夺帝","0","2","2"
"王圭篡夺帝位","0","2","2"
"圭篡夺帝位时","0","2","2"
"这是我不能理","0","2","2"
"是我不能理解","0","2","2"
"我不能理解的","0","2","2"
"不能理解的第","0","2","2"
"冒着弓矢炮石","0","2","2"
"如果请陛下出","0","2","2"
"上吊自杀而死","0","2","2"
"朱珍与庞师古","0","2","2"
"到太祖镇守汴","0","2","2"
"骑兵以攻打他","0","2","2"
"领步卒骑兵二","0","2","2"
"等人率领部队","0","2","2"
"任先锋步军都","0","2","2"
"因功上奏朝廷","0","2","2"
"上奏朝廷加封","0","2","2"
"任他为行营都","0","2","2"
"马军步军都排","0","2","2"
"军步军都排阵","0","2","2"
"为迎銮毅勇功","0","2","2"
"任亳州团练使","0","2","2"
"贬任寇彦卿为","0","2","2"
"任右金吾卫上","0","2","2"
"任邓州节度使","0","2","2"
"得战马五百匹","0","2","2"
"任齐州防御使","0","2","2"
"任左龙骧军使","0","2","2"
"任左监门卫上","0","2","2"
"戴思远为北面","0","2","2"
"思远为北面招","0","2","2"
"远为北面招讨","0","2","2"
"罢免了王彦章","0","2","2"
"王彦章的兵权","0","2","2"
"北面招讨使时","0","2","2"
"我有什么脸面","0","2","2"
"有什么脸面见","0","2","2"
"只不过是一个","0","2","2"
"擅长骑马射箭","0","2","2"
"任命杨师厚为","0","2","2"
"为襄州节度使","0","2","2"
"弟弟刘知浣献","0","2","2"
"率领大军攻打","0","2","2"
"领大军攻打晋","0","2","2"
"王景仁在柏乡","0","2","2"
"晋军攻打魏州","0","2","2"
"领着部众向北","0","2","2"
"追赠为左散骑","0","2","2"
"赠为左散骑常","0","2","2"
"为平卢军节度","0","2","2"
"上表推荐刘鄩","0","2","2"
"葛从周的母亲","0","2","2"
"骤然居于众人","0","2","2"
"然居于众人之","0","2","2"
"居于众人之上","0","2","2"
"任马步都虞候","0","2","2"
"军马军步军都","0","2","2"
"管区内观察使","0","2","2"
"遥任镇南军节","0","2","2"
"当时朝廷任命","0","2","2"
"度使杨师厚去","0","2","2"
"使杨师厚去世","0","2","2"
"遇上数十天大","0","2","2"
"上数十天大雨","0","2","2"
"整顿部队而回","0","2","2"
"刘鄩于是占领","0","2","2"
"在故元城交战","0","2","2"
"兖州节度使张","0","2","2"
"接应朝廷军队","0","2","2"
"时年六十四岁","0","2","2"
"军马步军都虞","0","2","2"
"接着加封检校","0","2","2"
"任左龙虎统军","0","2","2"
"以原官的身份","0","2","2"
"贺瑰与谢彦章","0","2","2"
"在胡柳陂大战","0","2","2"
"为右谏议大夫","0","2","2"
"梁太祖开平年","0","2","2"
"太祖开平年间","0","2","2"
"这是什么征兆","0","2","2"
"赏赐财物非常","0","2","2"
"认为他说得对","0","2","2"
"在神武川的新","0","2","2"
"神武川的新城","0","2","2"
"黄巢渡过长江","0","2","2"
"成为中原的祸","0","2","2"
"为中原的祸患","0","2","2"
"武皇为雁门节","0","2","2"
"皇为雁门节度","0","2","2"
"为雁门节度使","0","2","2"
"武皇进军包围","0","2","2"
"武皇进军收复","0","2","2"
"王处存向武皇","0","2","2"
"处存向武皇求","0","2","2"
"存向武皇求援","0","2","2"
"武皇派大将康","0","2","2"
"皇派大将康君","0","2","2"
"派大将康君立","0","2","2"
"三军拥立他的","0","2","2"
"三百骑兵埋伏","0","2","2"
"百骑兵埋伏在","0","2","2"
"骑兵埋伏在长","0","2","2"
"兵埋伏在长子","0","2","2"
"康君立为潞州","0","2","2"
"从此闭门不出","0","2","2"
"上奏章申述道","0","2","2"
"奏章申述道理","0","2","2"
"武皇派李存信","0","2","2"
"李存审带兵救","0","2","2"
"存审带兵救援","0","2","2"
"焚烧军营逃走","0","2","2"
"是李存信构陷","0","2","2"
"在邢州讨伐李","0","2","2"
"邢州讨伐李存","0","2","2"
"州讨伐李存孝","0","2","2"
"优厚地对待他","0","2","2"
"陈述幽州可以","0","2","2"
"留下心腹燕留","0","2","2"
"下心腹燕留德","0","2","2"
"心腹燕留德等","0","2","2"
"腹燕留德等十","0","2","2"
"是王行瑜的弟","0","2","2"
"王行瑜的弟弟","0","2","2"
"天子派延王李","0","2","2"
"子派延王李戒","0","2","2"
"派延王李戒丕","0","2","2"
"军队攻打王行","0","2","2"
"队攻打王行瑜","0","2","2"
"为天下兵马都","0","2","2"
"为西南面招讨","0","2","2"
"他的首级送往","0","2","2"
"的首级送往朝","0","2","2"
"首级送往朝廷","0","2","2"
"上表请求讨伐","0","2","2"
"武皇写信责备","0","2","2"
"大举发兵讨伐","0","2","2"
"皇派李嗣昭带","0","2","2"
"派李嗣昭带兵","0","2","2"
"向武皇请求援","0","2","2"
"武皇请求援军","0","2","2"
"汴帅朱温亲自","0","2","2"
"葛从周在青山","0","2","2"
"从周在青山口","0","2","2"
"虹贯穿周德威","0","2","2"
"贯穿周德威营","0","2","2"
"穿周德威营地","0","2","2"
"周德威营地上","0","2","2"
"德威营地上空","0","2","2"
"百姓深受其苦","0","2","2"
"李嗣昭联合燕","0","2","2"
"嗣昭联合燕军","0","2","2"
"昭联合燕军攻","0","2","2"
"周德威在余吾","0","2","2"
"德威在余吾驻","0","2","2"
"威在余吾驻军","0","2","2"
"从东南山口修","0","2","2"
"东南山口修筑","0","2","2"
"武皇犹豫不决","0","2","2"
"不到极点不会","0","2","2"
"果然献城投降","0","2","2"
"衣服礼节待遇","0","2","2"
"军埋伏在三垂","0","2","2"
"埋伏在三垂岗","0","2","2"
"伏在三垂岗下","0","2","2"
"梁太祖派大将","0","2","2"
"进军到离柏乡","0","2","2"
"精锐骑兵挑战","0","2","2"
"天祐八年一月","0","2","2"
"祐八年一月二","0","2","2"
"八年一月二日","0","2","2"
"骑兵到柏乡挑","0","2","2"
"兵到柏乡挑战","0","2","2"
"之间设下埋伏","0","2","2"
"丢弃兵甲的声","0","2","2"
"弃兵甲的声音","0","2","2"
"听说庄宗到了","0","2","2"
"周德威从临清","0","2","2"
"庄宗下令回师","0","2","2"
"到幽州讨伐刘","0","2","2"
"幽州讨伐刘守","0","2","2"
"州讨伐刘守光","0","2","2"
"存审与史建瑭","0","2","2"
"德威从涿州进","0","2","2"
"威从涿州进军","0","2","2"
"从涿州进军到","0","2","2"
"庄宗命李存审","0","2","2"
"宗命李存审率","0","2","2"
"命李存审率军","0","2","2"
"朱友谦在猗氏","0","2","2"
"向周德威哀求","0","2","2"
"率五百骑兵进","0","2","2"
"率一千骑兵到","0","2","2"
"下令各军天亮","0","2","2"
"令各军天亮攻","0","2","2"
"各军天亮攻城","0","2","2"
"定州王处直派","0","2","2"
"刘仁恭到代州","0","2","2"
"梁将杨师厚在","0","2","2"
"杨师厚在魏州","0","2","2"
"个月二十九日","0","2","2"
"刘寻阝在洹水","0","2","2"
"军中来的人说","0","2","2"
"听说刘寻阝军","0","2","2"
"说刘寻阝军队","0","2","2"
"在莘县西边三","0","2","2"
"莘县西边三十","0","2","2"
"县西边三十里","0","2","2"
"西边三十里处","0","2","2"
"边三十里处扎","0","2","2"
"三十里处扎营","0","2","2"
"庄宗派李存审","0","2","2"
"宗派李存审率","0","2","2"
"寻阝从莘县带","0","2","2"
"突然见到庄宗","0","2","2"
"毛璋献城投降","0","2","2"
"这个月十五日","0","2","2"
"契丹王阿保机","0","2","2"
"羊马不可计数","0","2","2"
"嗣源为检校太","0","2","2"
"六月二十一日","0","2","2"
"杨溥派使者来","0","2","2"
"管幽州军府事","0","2","2"
"幽州军府事务","0","2","2"
"从黎阳渡黄河","0","2","2"
"向庄宗请求符","0","2","2"
"庄宗请求符节","0","2","2"
"州刺史王建及","0","2","2"
"追杀二千多人","0","2","2"
"庄宗继承唐朝","0","2","2"
"宗继承唐朝帝","0","2","2"
"继承唐朝帝位","0","2","2"
"将张文礼杀害","0","2","2"
"到镇州讨伐张","0","2","2"
"镇州讨伐张文","0","2","2"
"州讨伐张文礼","0","2","2"
"因而派使者告","0","2","2"
"而派使者告诉","0","2","2"
"军到镇州城下","0","2","2"
"梁军更加惊恐","0","2","2"
"契丹一万多骑","0","2","2"
"丹一万多骑兵","0","2","2"
"阿保机的儿子","0","2","2"
"李嗣昭被流矢","0","2","2"
"嗣昭被流矢射","0","2","2"
"昭被流矢射中","0","2","2"
"李存审为北面","0","2","2"
"存审为北面招","0","2","2"
"审为北面招讨","0","2","2"
"赵将李再丰的","0","2","2"
"将李再丰的儿","0","2","2"
"李再丰的儿子","0","2","2"
"再丰的儿子李","0","2","2"
"丰的儿子李冲","0","2","2"
"天亮时全部进","0","2","2"
"挖出张文礼的","0","2","2"
"出张文礼的尸","0","2","2"
"张文礼的尸体","0","2","2"
"任河东节度判","0","2","2"
"度判官卢质为","0","2","2"
"十五日黎明以","0","2","2"
"无论罪行轻重","0","2","2"
"在八十岁以上","0","2","2"
"八十岁以上的","0","2","2"
"应令有关官员","0","2","2"
"李绍宏为宣徽","0","2","2"
"绍宏为宣徽使","0","2","2"
"从早上到中午","0","2","2"
"兵在王村扎营","0","2","2"
"庄宗深为忧虑","0","2","2"
"正合我的心意","0","2","2"
"李嗣源派骑兵","0","2","2"
"精锐骑兵出击","0","2","2"
"大军从杨刘渡","0","2","2"
"军从杨刘渡黄","0","2","2"
"从杨刘渡黄河","0","2","2"
"大军驻在黄河","0","2","2"
"军驻在黄河边","0","2","2"
"郑珏等十一人","0","2","2"
"应体会我的心","0","2","2"
"体会我的心意","0","2","2"
"契丹撒剌阿拨","0","2","2"
"却有愧于薄德","0","2","2"
"被囚禁的犯人","0","2","2"
"年十二月以前","0","2","2"
"在崇元殿宴请","0","2","2"
"都是我以前的","0","2","2"
"是我以前的劲","0","2","2"
"我以前的劲敌","0","2","2"
"当前锋的功劳","0","2","2"
"带七百骑兵投","0","2","2"
"西平王朱友谦","0","2","2"
"令皇子李继岌","0","2","2"
"李继岌把他当","0","2","2"
"庄宗不接受朝","0","2","2"
"宗不接受朝贺","0","2","2"
"罗王金朴英派","0","2","2"
"王金朴英派使","0","2","2"
"金朴英派使者","0","2","2"
"杨溥派使者庆","0","2","2"
"溥派使者庆贺","0","2","2"
"二年一月一日","0","2","2"
"宗到明堂殿接","0","2","2"
"已故宣武军节","0","2","2"
"任皇子李继岌","0","2","2"
"宰相豆卢革率","0","2","2"
"相豆卢革率百","0","2","2"
"昭文睿武至德","0","2","2"
"文睿武至德光","0","2","2"
"睿武至德光孝","0","2","2"
"武至德光孝皇","0","2","2"
"至德光孝皇帝","0","2","2"
"上了三次表章","0","2","2"
"巡幸左龙武军","0","2","2"
"率百官上表章","0","2","2"
"为郑州防御使","0","2","2"
"郭崇韬再次上","0","2","2"
"幽州报告说契","0","2","2"
"州报告说契丹","0","2","2"
"册封魏国夫人","0","2","2"
"郭崇韬对他说","0","2","2"
"驾临郭崇韬府","0","2","2"
"临郭崇韬府第","0","2","2"
"任沧州节度使","0","2","2"
"中书侍郎兼吏","0","2","2"
"书侍郎兼吏部","0","2","2"
"侍郎兼吏部尚","0","2","2"
"郎兼吏部尚书","0","2","2"
"齐王张全义的","0","2","2"
"回鹘可汗仁美","0","2","2"
"宰臣代理太尉","0","2","2"
"臣代理太尉行","0","2","2"
"代理太尉行事","0","2","2"
"加授检校太傅","0","2","2"
"在西北郊打猎","0","2","2"
"州刺史钱元馞","0","2","2"
"刺史钱元馞为","0","2","2"
"史钱元馞为检","0","2","2"
"钱元馞为检校","0","2","2"
"元馞为检校太","0","2","2"
"下诏释放了他","0","2","2"
"李绍荣的府第","0","2","2"
"到龙门佛寺祈","0","2","2"
"任河南尹张全","0","2","2"
"张全义为洛京","0","2","2"
"全义为洛京留","0","2","2"
"义为洛京留守","0","2","2"
"太阳旁边有背","0","2","2"
"阳旁边有背气","0","2","2"
"御驾从京师出","0","2","2"
"度使李嗣源为","0","2","2"
"为镇州节度使","0","2","2"
"密使郭崇韬为","0","2","2"
"外蕃汉马步军","0","2","2"
"枚上的文字是","0","2","2"
"诏令翰林学士","0","2","2"
"百官上表章请","0","2","2"
"任刑部尚书李","0","2","2"
"在长寿宫去世","0","2","2"
"百官在长寿宫","0","2","2"
"上表章请庄宗","0","2","2"
"表章请庄宗听","0","2","2"
"章请庄宗听政","0","2","2"
"停止上朝七天","0","2","2"
"恢复正常饮食","0","2","2"
"诏令有关官员","0","2","2"
"客省使李严出","0","2","2"
"省使李严出使","0","2","2"
"行皇太后谥号","0","2","2"
"太常卿签署定","0","2","2"
"常卿签署定下","0","2","2"
"卿签署定下后","0","2","2"
"卫事李继岌为","0","2","2"
"魏王李继岌任","0","2","2"
"任荆南节度使","0","2","2"
"节度使毛璋为","0","2","2"
"度使毛璋为行","0","2","2"
"使毛璋为行营","0","2","2"
"毛璋为行营左","0","2","2"
"璋为行营左厢","0","2","2"
"为行营左厢马","0","2","2"
"董璋为行营右","0","2","2"
"魏王李继岌为","0","2","2"
"马步都虞候兼","0","2","2"
"贞简皇太后的","0","2","2"
"高丽国派使者","0","2","2"
"神主放进太庙","0","2","2"
"节度使李存繧","0","2","2"
"共上了三次奏","0","2","2"
"派使者进贡良","0","2","2"
"使者进贡良马","0","2","2"
"令朱守殷用兵","0","2","2"
"朱守殷用兵包","0","2","2"
"守殷用兵包围","0","2","2"
"各军大肆抢掠","0","2","2"
"李继岌的军队","0","2","2"
"节度使孔京力","0","2","2"
"等人惶恐而退","0","2","2"
"将从京师出发","0","2","2"
"官向延嗣骑马","0","2","2"
"收养为自己的","0","2","2"
"养为自己的儿","0","2","2"
"为自己的儿子","0","2","2"
"随从作战有功","0","2","2"
"领精锐骑兵跟","0","2","2"
"复兴唐朝社稷","0","2","2"
"末帝镇守河中","0","2","2"
"关闭城门拒绝","0","2","2"
"授予左卫大将","0","2","2"
"予左卫大将军","0","2","2"
"居民家财犒赏","0","2","2"
"民家财犒赏军","0","2","2"
"皇长子潞王李","0","2","2"
"长子潞王李从","0","2","2"
"子潞王李从珂","0","2","2"
"文武百官穿上","0","2","2"
"为宣徽南院使","0","2","2"
"为左谏议大夫","0","2","2"
"殿学士韩昭裔","0","2","2"
"为右散骑常侍","0","2","2"
"副使刘延朗为","0","2","2"
"已故皇子亳州","0","2","2"
"翔节度使李从","0","2","2"
"卢文纪为中书","0","2","2"
"文纪为中书侍","0","2","2"
"纪为中书侍郎","0","2","2"
"三次上表章请","0","2","2"
"任前邢州节度","0","2","2"
"关官员上奏说","0","2","2"
"一月二十三日","0","2","2"
"中书门下奏道","0","2","2"
"所以有这次处","0","2","2"
"以有这次处分","0","2","2"
"不能承担重任","0","2","2"
"一个史在德不","0","2","2"
"个史在德不算","0","2","2"
"去世停止上朝","0","2","2"
"河以北各州被","0","2","2"
"为右龙武统军","0","2","2"
"节度使沙彦王","0","2","2"
"度使沙彦王旬","0","2","2"
"为右神武统军","0","2","2"
"将军王景戡为","0","2","2"
"军王景戡为左","0","2","2"
"为左卫上将军","0","2","2"
"任右神武统军","0","2","2"
"为右卫上将军","0","2","2"
"监兼通事舍人","0","2","2"
"任氵名州团练","0","2","2"
"为左神武统军","0","2","2"
"任忠正军节度","0","2","2"
"挥使宋审虔为","0","2","2"
"使宋审虔为河","0","2","2"
"任宣徽南院使","0","2","2"
"上将军李顷为","0","2","2"
"为晋州节度使","0","2","2"
"这是听从湖南","0","2","2"
"是听从湖南的","0","2","2"
"听从湖南的请","0","2","2"
"从湖南的请求","0","2","2"
"为端明殿学士","0","2","2"
"为枢密院直学","0","2","2"
"加授检校司徒","0","2","2"
"任河东节度使","0","2","2"
"等军蕃汉马军","0","2","2"
"军蕃汉马军步","0","2","2"
"都尉石敬瑭为","0","2","2"
"任前晋州节度","0","2","2"
"汉马军步军都","0","2","2"
"马军步军都部","0","2","2"
"军步军都部署","0","2","2"
"为太原四面兵","0","2","2"
"许王李从益是","0","2","2"
"副使边仁嗣以","0","2","2"
"使边仁嗣以下","0","2","2"
"边仁嗣以下官","0","2","2"
"仁嗣以下官员","0","2","2"
"使范延光为天","0","2","2"
"范延光为天雄","0","2","2"
"延光为天雄军","0","2","2"
"为天雄军四面","0","2","2"
"任西京留守李","0","2","2"
"京留守李周为","0","2","2"
"任前彰武军节","0","2","2"
"度使高行周为","0","2","2"
"沙彦王旬报告","0","2","2"
"任振武军节度","0","2","2"
"收集余下众兵","0","2","2"
"契丹人包围晋","0","2","2"
"率一千多骑兵","0","2","2"
"此时各位将军","0","2","2"
"对监军张承业","0","2","2"
"灭亡的日子就","0","2","2"
"庄宗在魏州即","0","2","2"
"以镇州为北都","0","2","2"
"对身边的人说","0","2","2"
"奏请刑部侍郎","0","2","2"
"任曹州节度使","0","2","2"
"任命的汴州节","0","2","2"
"命的汴州节度","0","2","2"
"的汴州节度使","0","2","2"
"把女儿嫁给他","0","2","2"
"暂时掌管河中","0","2","2"
"汴人进攻沧州","0","2","2"
"派李嗣昭出兵","0","2","2"
"梁太祖亲自率","0","2","2"
"军队大为恐慌","0","2","2"
"讨伐平定了他","0","2","2"
"伐平定了他们","0","2","2"
"将刘寻阝进攻","0","2","2"
"刘寻阝进攻同","0","2","2"
"寻阝进攻同州","0","2","2"
"到镇州征讨张","0","2","2"
"镇州征讨张文","0","2","2"
"州征讨张文礼","0","2","2"
"庄宗即皇帝位","0","2","2"
"追赠他为太师","0","2","2"
"带一百多骑兵","0","2","2"
"送到汴州做人","0","2","2"
"到庄宗平定河","0","2","2"
"对国家有大功","0","2","2"
"厚礼贿赂宦官","0","2","2"
"常在庄宗跟前","0","2","2"
"带领几百骑兵","0","2","2"
"驱逐黄巢军队","0","2","2"
"李罕之向武皇","0","2","2"
"京兆尹孙揆为","0","2","2"
"全部消灭了他","0","2","2"
"部消灭了他们","0","2","2"
"张行恭弃城逃","0","2","2"
"使安知建叛变","0","2","2"
"皇命令李存孝","0","2","2"
"李存孝平定邢","0","2","2"
"存孝平定邢州","0","2","2"
"李存信与李存","0","2","2"
"存信与李存孝","0","2","2"
"信与李存孝不","0","2","2"
"与李存孝不和","0","2","2"
"没有大的过错","0","2","2"
"李匡俦夺取了","0","2","2"
"匡俦夺取了他","0","2","2"
"王镕的儿子王","0","2","2"
"镕的儿子王昭","0","2","2"
"的儿子王昭祚","0","2","2"
"把女儿嫁给王","0","2","2"
"使者向庄宗告","0","2","2"
"者向庄宗告急","0","2","2"
"木过把他打下","0","2","2"
"过把他打下马","0","2","2"
"各军还没集合","0","2","2"
"周德威和李嗣","0","2","2"
"德威和李嗣昭","0","2","2"
"以军功升任检","0","2","2"
"军功升任检校","0","2","2"
"功升任检校太","0","2","2"
"升任检校太保","0","2","2"
"宗派周德威率","0","2","2"
"害怕得变了脸","0","2","2"
"怕得变了脸色","0","2","2"
"监军张承业说","0","2","2"
"周德威的军队","0","2","2"
"刘寻阝从洹水","0","2","2"
"宗派符存审率","0","2","2"
"寻阝在莘县扎","0","2","2"
"阝在莘县扎营","0","2","2"
"幽州卢龙军节","0","2","2"
"州卢龙军节度","0","2","2"
"卢龙军节度使","0","2","2"
"为宣武军节度","0","2","2"
"时年六十三岁","0","2","2"
"符存审少年时","0","2","2"
"孟知祥为太原","0","2","2"
"任李继岌为都","0","2","2"
"任郭崇韬为招","0","2","2"
"郭崇韬为招讨","0","2","2"
"崇韬为招讨使","0","2","2"
"向延嗣带诏书","0","2","2"
"时掌管留守事","0","2","2"
"掌管留守事务","0","2","2"
"豆卢革对郭崇","0","2","2"
"卢革对郭崇韬","0","2","2"
"革对郭崇韬说","0","2","2"
"庄宗进入汴京","0","2","2"
"服事节度使李","0","2","2"
"任右谏议大夫","0","2","2"
"任左卫大将军","0","2","2"
"便以李存审为","0","2","2"
"马军步军都虞","0","2","2"
"军步军都虞候","0","2","2"
"祭天典礼结束","0","2","2"
"天典礼结束后","0","2","2"
"李仁矩镇守阆","0","2","2"
"仁矩镇守阆州","0","2","2"
"张全义为河南","0","2","2"
"全义为河南尹","0","2","2"
"任张全义为守","0","2","2"
"张全义为守太","0","2","2"
"全义为守太尉","0","2","2"
"时赵在礼占据","0","2","2"
"在礼占据魏州","0","2","2"
"唐昭宗光化元","0","2","2"
"昭宗光化元年","0","2","2"
"朱友谦为守太","0","2","2"
"庄宗消灭梁朝","0","2","2"
"增加食邑到一","0","2","2"
"加食邑到一万","0","2","2"
"庄宗下诏释放","0","2","2"
"霍彦威为副使","0","2","2"
"明宗被乱军逼","0","2","2"
"宗被乱军逼迫","0","2","2"
"一千多骑兵来","0","2","2"
"王晏球包围定","0","2","2"
"晏球包围定州","0","2","2"
"接受朝廷旨令","0","2","2"
"派儿子到朝廷","0","2","2"
"安重诲在明宗","0","2","2"
"指挥使安从进","0","2","2"
"范延光为枢密","0","2","2"
"延光为枢密使","0","2","2"
"拜李愚为中书","0","2","2"
"人在庄宗跟前","0","2","2"
"任圜为工部尚","0","2","2"
"圜为工部尚书","0","2","2"
"为工部尚书兼","0","2","2"
"工部尚书兼真","0","2","2"
"部尚书兼真定","0","2","2"
"尚书兼真定尹","0","2","2"
"兼北面水陆转","0","2","2"
"李廷安召来任","0","2","2"
"廷安召来任圜","0","2","2"
"和都指挥使梁","0","2","2"
"庄宗复兴唐朝","0","2","2"
"是国家的根本","0","2","2"
"王正言守礼部","0","2","2"
"官至检校太傅","0","2","2"
"邺都行营招抚","0","2","2"
"精通为官之道","0","2","2"
"明宗天成初年","0","2","2"
"善于给人看相","0","2","2"
"杜黄裳司空的","0","2","2"
"张承业道歉说","0","2","2"
"明宗进入洛阳","0","2","2"
"占据州城归顺","0","2","2"
"后晋天福初年","0","2","2"
"张从宾在河阳","0","2","2"
"康延孝详细陈","0","2","2"
"延孝详细陈述","0","2","2"
"察判官张宪为","0","2","2"
"孔谦为租庸使","0","2","2"
"为东川节度使","0","2","2"
"州节度使朱令","0","2","2"
"节度使朱令德","0","2","2"
"高祖的第四代","0","2","2"
"祖的第四代祖","0","2","2"
"服侍后唐武皇","0","2","2"
"的第二个儿子","0","2","2"
"日出生在太原","0","2","2"
"出生在太原汾","0","2","2"
"生在太原汾阳","0","2","2"
"在太原汾阳里","0","2","2"
"明宗跟随庄宗","0","2","2"
"把他当作心腹","0","2","2"
"庄宗与后梁军","0","2","2"
"宗与后梁军队","0","2","2"
"天祐十八年十","0","2","2"
"祐十八年十月","0","2","2"
"大家议论纷纷","0","2","2"
"明宗驾临汴州","0","2","2"
"军马步军总指","0","2","2"
"兼六军诸卫副","0","2","2"
"定保节功臣名","0","2","2"
"召集幕僚宾客","0","2","2"
"末帝清泰元年","0","2","2"
"派遣使者送来","0","2","2"
"率领一支军队","0","2","2"
"率领一千多骑","0","2","2"
"领一千多骑兵","0","2","2"
"抵挡飞箭流石","0","2","2"
"丹国主率领大","0","2","2"
"国主率领大军","0","2","2"
"契丹请求援救","0","2","2"
"不是我的意思","0","2","2"
"献给契丹国主","0","2","2"
"罪行无论轻重","0","2","2"
"杨光远等人杀","0","2","2"
"率领各路军队","0","2","2"
"祖歇息在以前","0","2","2"
"高祖在长春殿","0","2","2"
"祖在长春殿为","0","2","2"
"举行哀悼仪式","0","2","2"
"年春二月一日","0","2","2"
"均被追封为太","0","2","2"
"入阁行礼完毕","0","2","2"
"照唐明宗朝代","0","2","2"
"王的礼仪安葬","0","2","2"
"仆射刘日句等","0","2","2"
"射刘日句等人","0","2","2"
"天福元年以前","0","2","2"
"给予免除租税","0","2","2"
"仪仗侍卫依照","0","2","2"
"仗侍卫依照礼","0","2","2"
"侍卫依照礼制","0","2","2"
"卫依照礼制行","0","2","2"
"依照礼制行事","0","2","2"
"有京都的称号","0","2","2"
"到后唐庄宗平","0","2","2"
"在太原建立了","0","2","2"
"在岐州建立了","0","2","2"
"将制定的四庙","0","2","2"
"号报告给皇上","0","2","2"
"派客省使李守","0","2","2"
"护圣总指挥使","0","2","2"
"总指挥使白奉","0","2","2"
"奉国总指挥使","0","2","2"
"一千多骑兵奔","0","2","2"
"千多骑兵奔赴","0","2","2"
"修国史赵莹上","0","2","2"
"国史赵莹上奏","0","2","2"
"派端明殿学士","0","2","2"
"一并予以释放","0","2","2"
"一切不予追究","0","2","2"
"楚王马希范增","0","2","2"
"王马希范增加","0","2","2"
"马希范增加食","0","2","2"
"希范增加食邑","0","2","2"
"范增加食邑实","0","2","2"
"接受百官朝贺","0","2","2"
"高祖下诏褒奖","0","2","2"
"承受天命继承","0","2","2"
"受天命继承帝","0","2","2"
"右仆射刘日句","0","2","2"
"仆射刘日句为","0","2","2"
"在广政殿宴请","0","2","2"
"延光率领所部","0","2","2"
"杨仁美派遣使","0","2","2"
"仁美派遣使臣","0","2","2"
"美派遣使臣进","0","2","2"
"使臣进贡地方","0","2","2"
"臣进贡地方土","0","2","2"
"度使王继恭派","0","2","2"
"高祖在休息宴","0","2","2"
"祖在休息宴游","0","2","2"
"在休息宴游的","0","2","2"
"休息宴游的别","0","2","2"
"息宴游的别殿","0","2","2"
"是准允钱元馞","0","2","2"
"准允钱元馞的","0","2","2"
"允钱元馞的奏","0","2","2"
"钱元馞的奏请","0","2","2"
"设置节度观察","0","2","2"
"二州作为附属","0","2","2"
"州作为附属郡","0","2","2"
"升格为防御州","0","2","2"
"留守高行周为","0","2","2"
"未登基时住过","0","2","2"
"登基时住过的","0","2","2"
"基时住过的旧","0","2","2"
"时住过的旧宅","0","2","2"
"住过的旧宅改","0","2","2"
"过的旧宅改为","0","2","2"
"龙武统军李从","0","2","2"
"武统军李从昶","0","2","2"
"辞官退隐的范","0","2","2"
"官退隐的范延","0","2","2"
"退隐的范延光","0","2","2"
"朝廷内外官员","0","2","2"
"出使契丹回朝","0","2","2"
"可汗杨仁美派","0","2","2"
"者进贡地方土","0","2","2"
"原右拾遗郑云","0","2","2"
"山道士罗隐之","0","2","2"
"为天策上将军","0","2","2"
"为天下兵马元","0","2","2"
"高祖在永福殿","0","2","2"
"祖在永福殿宴","0","2","2"
"永福殿宴请文","0","2","2"
"福殿宴请文武","0","2","2"
"按照法律条款","0","2","2"
"照法律条款定","0","2","2"
"法律条款定罪","0","2","2"
"不得没收缴纳","0","2","2"
"文武百官不入","0","2","2"
"武百官不入阁","0","2","2"
"百官不入阁朝","0","2","2"
"官不入阁朝拜","0","2","2"
"使杨彦询出使","0","2","2"
"杨彦询出使契","0","2","2"
"彦询出使契丹","0","2","2"
"后唐明宗天成","0","2","2"
"赠为太子太保","0","2","2"
"原鹿阝州节度","0","2","2"
"鹿阝州节度使","0","2","2"
"阝州节度使安","0","2","2"
"册赠为尚书令","0","2","2"
"福州王延羲派","0","2","2"
"为中书侍郎平","0","2","2"
"赠为太子太傅","0","2","2"
"的夏秋两季的","0","2","2"
"州节度使安从","0","2","2"
"派使臣前来朝","0","2","2"
"使臣前来朝拜","0","2","2"
"臣前来朝拜进","0","2","2"
"前来朝拜进贡","0","2","2"
"二十五日夜晚","0","2","2"
"以太子少傅辞","0","2","2"
"太子少傅辞官","0","2","2"
"子少傅辞官退","0","2","2"
"少傅辞官退隐","0","2","2"
"傅辞官退隐的","0","2","2"
"辞官退隐的王","0","2","2"
"徽南院使张从","0","2","2"
"南院使张从恩","0","2","2"
"面军前方上奏","0","2","2"
"任命侍卫亲军","0","2","2"
"杜重威为北面","0","2","2"
"重威为北面行","0","2","2"
"威为北面行营","0","2","2"
"任命原贝州节","0","2","2"
"命原贝州节度","0","2","2"
"原贝州节度使","0","2","2"
"节度使王周为","0","2","2"
"王周为马步军","0","2","2"
"军都指挥使以","0","2","2"
"服丧期满后担","0","2","2"
"丧期满后担任","0","2","2"
"高祖驾临乾明","0","2","2"
"使桑维翰加封","0","2","2"
"桑维翰加封检","0","2","2"
"维翰加封检校","0","2","2"
"翰加封检校太","0","2","2"
"加官兼任侍中","0","2","2"
"兼侍卫马步军","0","2","2"
"候景延广加封","0","2","2"
"调任郓州节度","0","2","2"
"到各佛寺道观","0","2","2"
"各佛寺道观祈","0","2","2"
"张式的父亲张","0","2","2"
"式的父亲张铎","0","2","2"
"被削夺现任官","0","2","2"
"削夺现任官职","0","2","2"
"在灵柩前继承","0","2","2"
"在这一年的十","0","2","2"
"这一年的十二","0","2","2"
"一年的十二月","0","2","2"
"随高祖幸临邺","0","2","2"
"分别命令在朝","0","2","2"
"别命令在朝臣","0","2","2"
"国子祭酒兼户","0","2","2"
"子祭酒兼户部","0","2","2"
"祭酒兼户部侍","0","2","2"
"酒兼户部侍郎","0","2","2"
"兼户部侍郎田","0","2","2"
"恒州顺国军节","0","2","2"
"一并加封检校","0","2","2"
"并加封检校太","0","2","2"
"废除枢密使一","0","2","2"
"除枢密使一职","0","2","2"
"百官丧服恭临","0","2","2"
"官丧服恭临天","0","2","2"
"丧服恭临天清","0","2","2"
"服恭临天清殿","0","2","2"
"臣到佛寺道观","0","2","2"
"高祖灵车出发","0","2","2"
"寺道观祈祷下","0","2","2"
"州郡发生蝗灾","0","2","2"
"逃亡民户总计","0","2","2"
"分别命令朝中","0","2","2"
"景延广的宅第","0","2","2"
"元年春正月一","0","2","2"
"邺都留守张从","0","2","2"
"都留守张从恩","0","2","2"
"在夜晚用绳子","0","2","2"
"张彦泽等率领","0","2","2"
"契丹国主率兵","0","2","2"
"骑兵出击晋军","0","2","2"
"兵出击晋军的","0","2","2"
"到下午四五点","0","2","2"
"下午四五点钟","0","2","2"
"契丹国主于是","0","2","2"
"率领二万步骑","0","2","2"
"临时开封府尹","0","2","2"
"少帝下诏予以","0","2","2"
"被雷震死的有","0","2","2"
"有识之士认为","0","2","2"
"光远的儿子杨","0","2","2"
"远的儿子杨承","0","2","2"
"儿子杨承勋等","0","2","2"
"放火大声呐喊","0","2","2"
"的父亲杨光远","0","2","2"
"派即墨县令王","0","2","2"
"即墨县令王德","0","2","2"
"县令王德柔进","0","2","2"
"慕容彦超率领","0","2","2"
"为东北面行营","0","2","2"
"贼军一千多人","0","2","2"
"敌人骑兵包围","0","2","2"
"没有活着回去","0","2","2"
"有活着回去的","0","2","2"
"军于是渡过黄","0","2","2"
"这时契丹国主","0","2","2"
"夏四月十一日","0","2","2"
"二年夏五月一","0","2","2"
"年夏五月一日","0","2","2"
"是因为他犯了","0","2","2"
"吐谷浑白可久","0","2","2"
"朝廷军队在中","0","2","2"
"廷军队在中渡","0","2","2"
"度使张彦泽接","0","2","2"
"使张彦泽接受","0","2","2"
"张彦泽接受契","0","2","2"
"彦泽接受契丹","0","2","2"
"泽接受契丹命","0","2","2"
"接受契丹命令","0","2","2"
"拜见契丹国主","0","2","2"
"契丹国主下令","0","2","2"
"他们跟随自己","0","2","2"
"是高祖的堂弟","0","2","2"
"事奉后唐庄宗","0","2","2"
"赐封忠顺保义","0","2","2"
"封忠顺保义功","0","2","2"
"是高祖的第二","0","2","2"
"祖登上皇位后","0","2","2"
"原灵武节度使","0","2","2"
"派杨光远讨伐","0","2","2"
"后梁开平年间","0","2","2"
"高祖当时担任","0","2","2"
"张敬达围困晋","0","2","2"
"敬达围困晋阳","0","2","2"
"达围困晋阳时","0","2","2"
"告契丹国主说","0","2","2"
"先帝是契丹所","0","2","2"
"帝是契丹所立","0","2","2"
"便罢免了他的","0","2","2"
"罢免了他的兵","0","2","2"
"免了他的兵权","0","2","2"
"当时契丹国主","0","2","2"
"契丹国主到达","0","2","2"
"为元帅府判官","0","2","2"
"看到的人没有","0","2","2"
"到的人没有不","0","2","2"
"下诏准允了他","0","2","2"
"毕宿口上的大","0","2","2"
"宿口上的大星","0","2","2"
"镇他都跟随着","0","2","2"
"石敬瑭在太原","0","2","2"
"向契丹请求援","0","2","2"
"高祖建立国号","0","2","2"
"主持枢密院事","0","2","2"
"持枢密院事务","0","2","2"
"高祖驾临夷门","0","2","2"
"范延光占据邺","0","2","2"
"杨光远镇守洛","0","2","2"
"光远镇守洛阳","0","2","2"
"事情不得了结","0","2","2"
"没收他们的财","0","2","2"
"收他们的财产","0","2","2"
"到桑维翰担任","0","2","2"
"秘密与吐谷浑","0","2","2"
"石重睿选择老","0","2","2"
"重睿选择老师","0","2","2"
"军队发生骚乱","0","2","2"
"后唐同光年间","0","2","2"
"进宫朝见皇上","0","2","2"
"上母亲的丧事","0","2","2"
"天下飞蝗为害","0","2","2"
"就派他的儿子","0","2","2"
"都不曾入仕做","0","2","2"
"不曾入仕做官","0","2","2"
"他儿子刘守文","0","2","2"
"入朝担任左骁","0","2","2"
"朝担任左骁卫","0","2","2"
"晋高祖登上皇","0","2","2"
"朝廷兴兵讨伐","0","2","2"
"晋高祖登上帝","0","2","2"
"带着妻子儿女","0","2","2"
"与士兵同甘共","0","2","2"
"士兵同甘共苦","0","2","2"
"不久正式授任","0","2","2"
"官至检校太师","0","2","2"
"后梁贞明年间","0","2","2"
"辅佐皇上的功","0","2","2"
"佐皇上的功劳","0","2","2"
"生性特别孝顺","0","2","2"
"庄宗认为他勇","0","2","2"
"后梁贞明初年","0","2","2"
"任命刘处让为","0","2","2"
"高祖在太原立","0","2","2"
"祖在太原立国","0","2","2"
"杨光远率兵讨","0","2","2"
"光远率兵讨伐","0","2","2"
"范延光凭借邺","0","2","2"
"的第一个甲子","0","2","2"
"第一个甲子为","0","2","2"
"一个甲子为上","0","2","2"
"个甲子为上元","0","2","2"
"唐末帝派范延","0","2","2"
"末帝派范延光","0","2","2"
"他的儿子杨承","0","2","2"
"儿子杨承勋率","0","2","2"
"范延光的宅第","0","2","2"
"范延光自己投","0","2","2"
"延光自己投河","0","2","2"
"被契丹人打败","0","2","2"
"担任西京留守","0","2","2"
"上奏说范延光","0","2","2"
"派自己的儿子","0","2","2"
"诏令释放了他","0","2","2"
"任成德军节度","0","2","2"
"全部杀掉了他","0","2","2"
"部杀掉了他们","0","2","2"
"安重荣的头颅","0","2","2"
"免除他的罪过","0","2","2"
"当时人们认为","0","2","2"
"开运三年冬天","0","2","2"
"放纵士兵大肆","0","2","2"
"纵士兵大肆抢","0","2","2"
"张彦泽的罪过","0","2","2"
"在晋代即追封","0","2","2"
"晋代即追封为","0","2","2"
"代即追封为太","0","2","2"
"契丹出动全部","0","2","2"
"丹出动全部兵","0","2","2"
"改任许州节度","0","2","2"
"高祖亲自率领","0","2","2"
"契丹国主进入","0","2","2"
"改晋国为大辽","0","2","2"
"晋国为大辽国","0","2","2"
"一鼓作气攻下","0","2","2"
"鼓作气攻下了","0","2","2"
"百姓都深受其","0","2","2"
"坐在崇元殿上","0","2","2"
"出行居住的地","0","2","2"
"行居住的地方","0","2","2"
"契丹从黎阳渡","0","2","2"
"丹从黎阳渡过","0","2","2"
"契丹人攻入汴","0","2","2"
"封为永宁公主","0","2","2"
"率领全郡投降","0","2","2"
"担任定州节度","0","2","2"
"孙方简不接受","0","2","2"
"担任河中节度","0","2","2"
"被关押的罪犯","0","2","2"
"全部赦免释放","0","2","2"
"年夏季的税收","0","2","2"
"以太子太师身","0","2","2"
"太子太师身份","0","2","2"
"子太师身份退","0","2","2"
"太常卿张昭进","0","2","2"
"常卿张昭进上","0","2","2"
"请依旧例演奏","0","2","2"
"丹所任命的节","0","2","2"
"命的节度使麻","0","2","2"
"的节度使麻答","0","2","2"
"任邢州节度使","0","2","2"
"被关押的罪人","0","2","2"
"正月五日黎明","0","2","2"
"朝廷内外举哀","0","2","2"
"中书门下进上","0","2","2"
"枢密使的职务","0","2","2"
"总部署郭从义","0","2","2"
"部署郭从义上","0","2","2"
"署郭从义上奏","0","2","2"
"节度使王继弘","0","2","2"
"枢密使郭威到","0","2","2"
"李守贞的对手","0","2","2"
"部署赵晖上奏","0","2","2"
"诏令授赵思绾","0","2","2"
"令授赵思绾为","0","2","2"
"授赵思绾为华","0","2","2"
"赵思绾为华州","0","2","2"
"常彦卿为虢州","0","2","2"
"彦卿为虢州刺","0","2","2"
"卿为虢州刺史","0","2","2"
"蝗虫拥抱着枯","0","2","2"
"虫拥抱着枯草","0","2","2"
"拥抱着枯草而","0","2","2"
"抱着枯草而死","0","2","2"
"州节度使兼侍","0","2","2"
"兼侍卫亲军都","0","2","2"
"加封兼中书令","0","2","2"
"郭威平定河中","0","2","2"
"威平定河中回","0","2","2"
"杀掠官吏百姓","0","2","2"
"派枢密使郭威","0","2","2"
"停止上朝两天","0","2","2"
"打败南唐贼寇","0","2","2"
"三年春正月一","0","2","2"
"永兴军政事务","0","2","2"
"黄河冲决原武","0","2","2"
"河冲决原武县","0","2","2"
"冲决原武县堤","0","2","2"
"决原武县堤防","0","2","2"
"所以有这一请","0","2","2"
"以有这一请求","0","2","2"
"都指挥使史弘","0","2","2"
"指挥使史弘肇","0","2","2"
"甲士几十人从","0","2","2"
"兖州慕容彦超","0","2","2"
"共同安定天下","0","2","2"
"滑州节度使宋","0","2","2"
"州节度使宋延","0","2","2"
"前开封府尹侯","0","2","2"
"开封府尹侯益","0","2","2"
"龙鸟脱侦察邺","0","2","2"
"藏在龙鸟脱的","0","2","2"
"在龙鸟脱的衣","0","2","2"
"龙鸟脱的衣领","0","2","2"
"鸟脱的衣领中","0","2","2"
"宰相苏禹王圭","0","2","2"
"慕容彦超败退","0","2","2"
"战死一百多人","0","2","2"
"从迎春门进城","0","2","2"
"前往徐州奉迎","0","2","2"
"杀害了史弘肇","0","2","2"
"害了史弘肇等","0","2","2"
"了史弘肇等人","0","2","2"
"湘阴公刘斌贝","0","2","2"
"听到澶州兵变","0","2","2"
"派侍卫马军指","0","2","2"
"高祖镇守并州","0","2","2"
"逐渐迁升为裨","0","2","2"
"渐迁升为裨校","0","2","2"
"范延光在魏州","0","2","2"
"延光在魏州反","0","2","2"
"光在魏州反叛","0","2","2"
"晋高祖称帝后","0","2","2"
"三镇联合叛乱","0","2","2"
"遭受他的荼毒","0","2","2"
"自己编造罪行","0","2","2"
"大肆干预朝政","0","2","2"
"苏逢吉不与他","0","2","2"
"乾佑三年冬十","0","2","2"
"佑三年冬十一","0","2","2"
"迁升为检校太","0","2","2"
"升为检校太保","0","2","2"
"罢免不急需的","0","2","2"
"免不急需的事","0","2","2"
"不急需的事务","0","2","2"
"以八十缗为一","0","2","2"
"八十缗为一陌","0","2","2"
"人赶走了契丹","0","2","2"
"高祖在太原建","0","2","2"
"祖在太原建立","0","2","2"
"登上帝位之后","0","2","2"
"的宅第赐给苏","0","2","2"
"李崧的弟弟李","0","2","2"
"崧的弟弟李屿","0","2","2"
"诛灭他的家族","0","2","2"
"太祖平定京城","0","2","2"
"服事后唐武皇","0","2","2"
"唐明宗李嗣源","0","2","2"
"高祖石敬瑭的","0","2","2"
"高祖命令杜重","0","2","2"
"祖命令杜重威","0","2","2"
"为侍卫亲军马","0","2","2"
"与契丹人交战","0","2","2"
"派他的儿子杜","0","2","2"
"他的儿子杜弘","0","2","2"
"的儿子杜弘遂","0","2","2"
"有十分之六七","0","2","2"
"任侍卫都虞候","0","2","2"
"李守贞为北面","0","2","2"
"守贞为北面行","0","2","2"
"贞为北面行营","0","2","2"
"为侍卫亲军都","0","2","2"
"契丹人侵犯边","0","2","2"
"丹人侵犯边境","0","2","2"
"高祖进入汴京","0","2","2"
"祖进入汴京后","0","2","2"
"乾佑元年三月","0","2","2"
"王景崇占据岐","0","2","2"
"赵在礼的部下","0","2","2"
"后汉时追赠为","0","2","2"
"汉时追赠为太","0","2","2"
"的事没有不做","0","2","2"
"事没有不做的","0","2","2"
"契丹进犯京城","0","2","2"
"太祖与苏逢吉","0","2","2"
"听从太祖的节","0","2","2"
"从太祖的节制","0","2","2"
"太祖的节制调","0","2","2"
"祖的节制调度","0","2","2"
"以宣徽南院使","0","2","2"
"授与邺都留守","0","2","2"
"暗中诽谤臣下","0","2","2"
"就派侍卫马军","0","2","2"
"奸邪小人制造","0","2","2"
"邪小人制造祸","0","2","2"
"小人制造祸乱","0","2","2"
"兵要扶立郭公","0","2","2"
"要扶立郭公称","0","2","2"
"扶立郭公称帝","0","2","2"
"免仍不能原宥","0","2","2"
"仍不能原宥的","0","2","2"
"在朝文武臣僚","0","2","2"
"度使王彦超领","0","2","2"
"使王彦超领兵","0","2","2"
"荆南高保融上","0","2","2"
"南高保融上奏","0","2","2"
"次诏令有关部","0","2","2"
"出使契丹回来","0","2","2"
"契丹国主兀欲","0","2","2"
"丹国主兀欲派","0","2","2"
"差散从亲事官","0","2","2"
"散从亲事官等","0","2","2"
"诏令淮河两岸","0","2","2"
"十匹马的马料","0","2","2"
"三十个侍仆的","0","2","2"
"十个侍仆的衣","0","2","2"
"个侍仆的衣服","0","2","2"
"侍仆的衣服粮","0","2","2"
"仆的衣服粮食","0","2","2"
"为已故贵妃张","0","2","2"
"是因为汉隐帝","0","2","2"
"因为汉隐帝的","0","2","2"
"为汉隐帝的灵","0","2","2"
"汉隐帝的灵柩","0","2","2"
"隐帝的灵柩尚","0","2","2"
"帝的灵柩尚未","0","2","2"
"的灵柩尚未下","0","2","2"
"灵柩尚未下葬","0","2","2"
"节度使郭荣服","0","2","2"
"度使郭荣服丧","0","2","2"
"太常卿边蔚奉","0","2","2"
"常卿边蔚奉上","0","2","2"
"并令有关部门","0","2","2"
"令有关部门议","0","2","2"
"有关部门议定","0","2","2"
"关部门议定谥","0","2","2"
"部门议定谥号","0","2","2"
"太平宫问候汉","0","2","2"
"平宫问候汉太","0","2","2"
"宫问候汉太后","0","2","2"
"门选择日期准","0","2","2"
"抓获伪节度使","0","2","2"
"诏令枢密使王","0","2","2"
"令枢密使王峻","0","2","2"
"枢密使王峻领","0","2","2"
"密使王峻领兵","0","2","2"
"使王峻领兵支","0","2","2"
"王峻领兵支援","0","2","2"
"使者飞马报告","0","2","2"
"的丁壮民夫二","0","2","2"
"丁壮民夫二万","0","2","2"
"壮民夫二万人","0","2","2"
"以侍卫步军都","0","2","2"
"州防御使折德","0","2","2"
"防御使折德报","0","2","2"
"御使折德报告","0","2","2"
"里以内的地方","0","2","2"
"使以下一起设","0","2","2"
"以下一起设置","0","2","2"
"下一起设置一","0","2","2"
"斤以上者处死","0","2","2"
"以上者处死刑","0","2","2"
"龙捷军都指挥","0","2","2"
"捷军都指挥使","0","2","2"
"凡朝廷内外文","0","2","2"
"仗卫队按礼仪","0","2","2"
"派牙将张崇嗣","0","2","2"
"刘言为检校太","0","2","2"
"言为检校太师","0","2","2"
"兼任武平军节","0","2","2"
"任武平军节度","0","2","2"
"兼任静江军节","0","2","2"
"任静江军节度","0","2","2"
"征收的租税赢","0","2","2"
"收的租税赢利","0","2","2"
"天下属于官府","0","2","2"
"下属于官府的","0","2","2"
"作为不在官额","0","2","2"
"为不在官额之","0","2","2"
"不在官额之内","0","2","2"
"在官额之内的","0","2","2"
"官额之内的员","0","2","2"
"额之内的员外","0","2","2"
"之内的员外官","0","2","2"
"诏令中书令冯","0","2","2"
"令中书令冯道","0","2","2"
"一座写上皇帝","0","2","2"
"挥使高绍基报","0","2","2"
"使高绍基报告","0","2","2"
"任开封尹兼功","0","2","2"
"被勒令罢官回","0","2","2"
"勒令罢官回家","0","2","2"
"派指挥使郑王","0","2","2"
"指挥使郑王交","0","2","2"
"挥使郑王交带","0","2","2"
"使郑王交带领","0","2","2"
"郑王交带领兵","0","2","2"
"王交带领兵士","0","2","2"
"郑王交被军士","0","2","2"
"到朗州安抚完","0","2","2"
"朗州安抚完毕","0","2","2"
"诏令刘言罢职","0","2","2"
"令刘言罢职回","0","2","2"
"刘言罢职回家","0","2","2"
"明年正月一日","0","2","2"
"贬任右司御副","0","2","2"
"任右司御副率","0","2","2"
"冯道率领百官","0","2","2"
"道率领百官上","0","2","2"
"衣十五周年的","0","2","2"
"十五周年的赐","0","2","2"
"五周年的赐穿","0","2","2"
"到崇元殿接受","0","2","2"
"任开府仪同三","0","2","2"
"掌管内外兵马","0","2","2"
"管内外兵马事","0","2","2"
"内外兵马事务","0","2","2"
"晋王郭荣可在","0","2","2"
"王郭荣可在灵","0","2","2"
"郭荣可在灵柩","0","2","2"
"荣可在灵柩前","0","2","2"
"周太祖镇守邺","0","2","2"
"太祖镇守邺都","0","2","2"
"后周广顺元年","0","2","2"
"世宗在万岁殿","0","2","2"
"令天雄军节度","0","2","2"
"以澶州节度使","0","2","2"
"宗于是亲自率","0","2","2"
"贼军一万多人","0","2","2"
"丁壮民夫数万","0","2","2"
"留下自己的儿","0","2","2"
"下自己的儿子","0","2","2"
"在高平战役中","0","2","2"
"交还三分之一","0","2","2"
"五周年以外回","0","2","2"
"周年内回来的","0","2","2"
"就在应当关闭","0","2","2"
"在应当关闭废","0","2","2"
"应当关闭废除","0","2","2"
"当关闭废除的","0","2","2"
"关闭废除的寺","0","2","2"
"闭废除的寺院","0","2","2"
"废除的寺院中","0","2","2"
"寿州行府事务","0","2","2"
"李守贞在河中","0","2","2"
"打败河东贼军","0","2","2"
"挥使李重进领","0","2","2"
"使李重进领兵","0","2","2"
"尚书张昭上奏","0","2","2"
"犒劳军队的牛","0","2","2"
"使王进逵上奏","0","2","2"
"杀死贼军三千","0","2","2"
"周行逢到朗州","0","2","2"
"将领兵攻打常","0","2","2"
"领兵攻打常州","0","2","2"
"从淮南回到京","0","2","2"
"淮南回到京城","0","2","2"
"讨使李重进上","0","2","2"
"诏令天下被关","0","2","2"
"令天下被关押","0","2","2"
"天下被关押的","0","2","2"
"下被关押的罪","0","2","2"
"世宗率领各军","0","2","2"
"上赵匡胤率领","0","2","2"
"营寨前来投降","0","2","2"
"征发附近县邑","0","2","2"
"发附近县邑的","0","2","2"
"在大街上处死","0","2","2"
"大败淮南贼寇","0","2","2"
"令今上赵匡胤","0","2","2"
"世宗敬酒祝寿","0","2","2"
"以太府卿冯延","0","2","2"
"以卫尉少卿钟","0","2","2"
"尉少卿钟谟为","0","2","2"
"南唐太子李弘","0","2","2"
"唐太子李弘冀","0","2","2"
"二州丁壮民夫","0","2","2"
"以北打败契丹","0","2","2"
"进入河东地界","0","2","2"
"世宗所在地奉","0","2","2"
"宗所在地奉上","0","2","2"
"所在地奉上贡","0","2","2"
"在地奉上贡物","0","2","2"
"在万岁殿驾崩","0","2","2"
"进封为开国侯","0","2","2"
"上赵匡胤领兵","0","2","2"
"令有关官员议","0","2","2"
"五种颜色的小","0","2","2"
"种颜色的小蛇","0","2","2"
"上表推荐刘仁","0","2","2"
"表推荐刘仁恭","0","2","2"
"庄宗平定黄河","0","2","2"
"接连迁升到检","0","2","2"
"连迁升到检校","0","2","2"
"迁升到检校太","0","2","2"
"升到检校太保","0","2","2"
"任潞州节度使","0","2","2"
"高行周和符彦","0","2","2"
"行周和符彦卿","0","2","2"
"高行周回到藩","0","2","2"
"行周回到藩镇","0","2","2"
"任归德军节度","0","2","2"
"周太祖登上帝","0","2","2"
"因病在任上去","0","2","2"
"病在任上去世","0","2","2"
"后晋天福年间","0","2","2"
"下来摔倒在地","0","2","2"
"后周开国之初","0","2","2"
"派枢密使王峻","0","2","2"
"任郑州防御使","0","2","2"
"唐明宗即位后","0","2","2"
"世宗显德元年","0","2","2"
"进封为秦国公","0","2","2"
"诏令追赠为尚","0","2","2"
"后罢职改任朝","0","2","2"
"罢职改任朝散","0","2","2"
"职改任朝散大","0","2","2"
"改任朝散大夫","0","2","2"
"后梁开平初年","0","2","2"
"派前申州刺史","0","2","2"
"祖登上帝位后","0","2","2"
"不久上表请求","0","2","2"
"久上表请求免","0","2","2"
"上表请求免除","0","2","2"
"刘去非任郢州","0","2","2"
"去非任郢州刺","0","2","2"
"非任郢州刺史","0","2","2"
"李茂贞与王行","0","2","2"
"茂贞与王行瑜","0","2","2"
"李茂贞违抗诏","0","2","2"
"茂贞违抗诏令","0","2","2"
"昭宗不得已而","0","2","2"
"昭宗劫持到凤","0","2","2"
"宗劫持到凤翔","0","2","2"
"李茂贞的山南","0","2","2"
"茂贞的山南各","0","2","2"
"贞的山南各州","0","2","2"
"州划为自己的","0","2","2"
"划为自己的属","0","2","2"
"为自己的属郡","0","2","2"
"加封守尚书令","0","2","2"
"了父亲的位置","0","2","2"
"打开城门迎接","0","2","2"
"潭州军府事务","0","2","2"
"后唐同光初年","0","2","2"
"后周广顺二年","0","2","2"
"兼武平军节度","0","2","2"
"州节度使田君","0","2","2"
"节度使田君页","0","2","2"
"的儿子钱元瓘","0","2","2"
"吴越国王钱繬","0","2","2"
"上表推荐他任","0","2","2"
"为镇海军节度","0","2","2"
"后唐长兴四年","0","2","2"
"毕师铎攻陷广","0","2","2"
"杨行密派将领","0","2","2"
"士兵三千多人","0","2","2"
"在正阳大败淮","0","2","2"
"正阳大败淮南","0","2","2"
"阳大败淮南贼","0","2","2"
"第二年春天正","0","2","2"
"二年春天正月","0","2","2"
"时年四十六岁","0","2","2"
"掌管军政事务","0","2","2"
"为幽州节度使","0","2","2"
"上天在帮助他","0","2","2"
"汴军将领李思","0","2","2"
"军将领李思安","0","2","2"
"埋伏士兵于内","0","2","2"
"伏士兵于内黄","0","2","2"
"士兵于内黄境","0","2","2"
"兵于内黄境内","0","2","2"
"于内黄境内清","0","2","2"
"内黄境内清水","0","2","2"
"黄境内清水的","0","2","2"
"率领部队前往","0","2","2"
"用谦卑的言辞","0","2","2"
"任幽州节度使","0","2","2"
"这时刘守光的","0","2","2"
"活着不如去死","0","2","2"
"州的军队讨伐","0","2","2"
"又能把我怎样","0","2","2"
"周德威进攻包","0","2","2"
"德威进攻包围","0","2","2"
"他的两位妻子","0","2","2"
"从此全部拥有","0","2","2"
"又向契丹请求","0","2","2"
"到周朝军队来","0","2","2"
"周朝军队来了","0","2","2"
"他的儿子刘承","0","2","2"
"的儿子刘承钧","0","2","2"
"国主致信给大","0","2","2"
"主致信给大唐","0","2","2"
"致信给大唐皇","0","2","2"
"信给大唐皇帝","0","2","2"
"进攻包围幽州","0","2","2"
"是亲自率领五","0","2","2"
"旋即派遣使者","0","2","2"
"派遣使者到契","0","2","2"
"遣使者到契丹","0","2","2"
"对蕃汉臣僚说","0","2","2"
"为汴州节度使","0","2","2"
"陷于吐蕃的汉","0","2","2"
"于吐蕃的汉人","0","2","2"
"不能安抚拥有","0","2","2"
"也派遣使者跟","0","2","2"
"派遣使者跟随","0","2","2"
"为归义军节度","0","2","2"
"加封开府仪同","0","2","2"
"封开府仪同三","0","2","2"
"任振武节度使","0","2","2"
"任捧日都指挥","0","2","2"
"挥使张彦琪为","0","2","2"
"为太原四面马","0","2","2"
"度使安审琦为","0","2","2"
"军节度使赵在","0","2","2"
"一并增加食邑","0","2","2"
"并增加食邑实","0","2","2"
"平军节度使兼","0","2","2"
"符彦卿为北面","0","2","2"
"彦卿为北面行","0","2","2"
"卿为北面行营","0","2","2"
"兼马军左右厢","0","2","2"
"兼步军左右厢","0","2","2"
"任邺都留守兼","0","2","2"
"邺都留守兼侍","0","2","2"
"都留守兼侍卫","0","2","2"
"留守兼侍卫亲","0","2","2"
"守兼侍卫亲军","0","2","2"
"领大军驻扎在","0","2","2"
"节度押牙李从","0","2","2"
"书辞官退隐的","0","2","2"
