"N-gram","原文","翻译","Total"
"马步军都指挥使","29","25","54"
"侍卫马军都指挥","22","17","39"
"卫马军都指挥使","21","16","37"
"卫步军都指挥使","18","16","34"
"侍卫步军都指挥","17","16","33"
"侍卫亲军都指挥","14","14","28"
"卫亲军都指挥使","14","13","27"
"北面行营招讨使","10","11","21"
"侍卫亲军马步军","11","10","21"
"军马步军都指挥","11","8","19"
"天下兵马都元帅","10","9","19"
"中书门下平章事","9","9","18"
"卫亲军马步军都","9","7","16"
"同中书门下平章","8","8","16"
"亲军马步军都指","9","6","15"
"帝御崇元殿受朝","15","0","15"
"军步军都指挥使","1","11","12"
"御崇元殿受朝贺","11","0","11"
"高祖驾临崇元殿","0","11","11"
"驾临崇元殿接受","0","11","11"
"检校右散骑常侍","5","5","10"
"州节度使杨光远","5","5","10"
"襄州行营都部署","5","5","10"
"行营都部署高行","5","5","10"
"营都部署高行周","5","5","10"
"都指挥使李重进","5","5","10"
"马军步军都指挥","0","10","10"
"祖驾临崇元殿接","0","10","10"
"临崇元殿接受朝","0","10","10"
"厢马军都指挥使","5","4","9"
"加开府仪同三司","7","2","9"
"检校尚书右仆射","4","5","9"
"淮南杨溥派使者","0","9","9"
"崇元殿接受朝贺","0","9","9"
"州马步军都指挥","5","3","8"
"右金吾卫上将军","4","4","8"
"厢步军都指挥使","4","4","8"
"昭义节度使李嗣","4","4","8"
"义节度使李嗣昭","4","4","8"
"天下兵马副元帅","4","4","8"
"南面行营都部署","4","4","8"
"州行营都部署高","4","4","8"
"州节度使安彦威","4","4","8"
"护圣左厢都指挥","4","4","8"
"圣左厢都指挥使","4","4","8"
"侍卫都指挥使李","4","4","8"
"卫都指挥使李重","4","4","8"
"派使者进贡土产","0","8","8"
"晋高祖进入洛阳","0","8","8"
"行营马步都虞候","4","3","7"
"威塞等军蕃汉马","4","3","7"
"蕃汉马步军总管","1","6","7"
"都指挥使杜重威","4","3","7"
"湖南节度使马希","3","4","7"
"步军都指挥使李","3","4","7"
"北面行营马步军","4","3","7"
"崇元殿接受朝拜","0","7","7"
"河中节度使王重","3","3","6"
"左金吾卫大将军","3","3","6"
"州节度使刘知俊","3","3","6"
"魏博节度使杨师","2","4","6"
"博节度使杨师厚","2","4","6"
"先锋步军都指挥","3","3","6"
"锋步军都指挥使","3","3","6"
"步军都指挥使王","3","3","6"
"许州节度使谢彦","3","3","6"
"州节度使谢彦章","3","3","6"
"濮州刺史孟审澄","3","3","6"
"面行营都招讨使","3","3","6"
"北面行营副招讨","3","3","6"
"州节度使张万进","3","3","6"
"面行营马步军都","3","3","6"
"宣武军节度使李","3","3","6"
"州节度使李嗣源","3","3","6"
"枢密副使刘延朗","3","3","6"
"河东节度使石敬","3","3","6"
"东节度使石敬瑭","3","3","6"
"行营马步军都虞","3","3","6"
"营马步军都虞候","3","3","6"
"州节度使安审琦","3","3","6"
"军都指挥使宋审","3","3","6"
"都指挥使宋审虔","3","3","6"
"汴州节度使范延","3","3","6"
"州节度使范延光","3","3","6"
"军节度使高行周","3","3","6"
"行营马军都指挥","3","3","6"
"耀忠匡定保节功","3","3","6"
"忠匡定保节功臣","3","3","6"
"南节度使马希范","3","3","6"
"州节度使马全节","3","3","6"
"镇州节度使安重","3","3","6"
"州节度使安重荣","3","3","6"
"宋州节度使安彦","3","3","6"
"州节度使张彦泽","3","3","6"
"军都指挥使李守","3","3","6"
"都指挥使李守贞","3","3","6"
"青州节度使杨光","3","3","6"
"马军都指挥使李","4","2","6"
"授银青光禄大夫","4","2","6"
"左右厢都指挥使","3","3","6"
"澶州节度使李洪","3","3","6"
"州节度使李洪义","3","3","6"
"军都指挥使王殷","3","3","6"
"内客省使阎晋卿","3","3","6"
"步军都指挥使曹","3","3","6"
"军都指挥使曹英","3","3","6"
"宁州刺史张建武","3","3","6"
"殿前都指挥使张","3","3","6"
"前都指挥使张永","3","3","6"
"都指挥使张永德","3","3","6"
"朗州节度使王进","3","3","6"
"州节度使王进逵","3","3","6"
"太祖镇守汴州时","0","6","6"
"去世而停止上朝","0","6","6"
"徐州节度使刘斌","0","6","6"
"州节度使刘斌贝","0","6","6"
"御文明殿受朝贺","5","0","5"
"右厢马军都指挥","3","2","5"
"京马步军都指挥","3","2","5"
"马步军副都指挥","3","2","5"
"步军副都指挥使","3","2","5"
"河中节度使王珂","2","3","5"
"面行营副招讨使","3","2","5"
"军马步都指挥使","4","1","5"
"检校尚书左仆射","3","2","5"
"豆卢革率百官上","3","2","5"
"致书上大唐皇帝","4","1","5"
"塞等军蕃汉马步","4","1","5"
"齐州防御使秘琼","3","2","5"
"中书侍郎平章事","2","3","5"
"镇东等军节度使","2","3","5"
"十一月二十七日","1","4","5"
"侍卫马步军都虞","2","3","5"
"卫马步军都虞候","2","3","5"
"侍卫马步军都指","2","3","5"
"卫马步军都指挥","2","3","5"
"夏州节度使李彝","2","3","5"
"州节度使李彝殷","2","3","5"
"神武统军张彦泽","3","2","5"
"行营步军都指挥","3","2","5"
"营步军都指挥使","3","2","5"
"军节度使杜重威","2","3","5"
"皇子澶州节度使","4","1","5"
"兵部尚书张昭上","2","3","5"
"镇海军节度副使","2","3","5"
"定州节度使王处","2","3","5"
"加封太祖为检校","0","5","5"
"从黎阳渡过黄河","0","5","5"
"加封为同平章事","0","5","5"
"为昭义军节度使","0","5","5"
"司空兼门下侍郎","0","5","5"
"任天平军节度使","0","5","5"
"仪仗侍卫按礼行","0","5","5"
"仗侍卫按礼行事","0","5","5"
"在灵柩前即皇帝","0","5","5"
"灵柩前即皇帝位","0","5","5"
"任天下兵马都元","0","5","5"
"时河中节度使王","2","2","4"
"中节度使王重荣","2","2","4"
"河中行营副招讨","2","2","4"
"中行营副招讨使","2","2","4"
"观军容使田令孜","2","2","4"
"滑州节度使安师","2","2","4"
"州节度使安师儒","2","2","4"
"扬州节度使高骈","2","2","4"
"蔡州四面行营都","2","2","4"
"州四面行营都统","2","2","4"
"同州节度使刘知","2","2","4"
"福建节度使王审","2","2","4"
"建节度使王审知","2","2","4"
"怀州刺史段明远","2","2","4"
"淮南西北面行营","2","2","4"
"南西北面行营招","2","2","4"
"西北面行营招讨","2","2","4"
"行营先锋步军都","2","2","4"
"营先锋步军都指","2","2","4"
"滑州宣义军节度","2","2","4"
"节度使张筠弃城","2","2","4"
"邢州节度使阎宝","2","2","4"
"沧州节度使戴思","2","2","4"
"州节度使戴思远","2","2","4"
"节度使戴思远弃","2","2","4"
"度使戴思远弃城","2","2","4"
"北面招讨使贺瑰","2","2","4"
"诸军马步都虞候","4","0","4"
"军马步军副都指","2","2","4"
"滑州节度使贺瑰","2","2","4"
"道行营都招讨使","2","2","4"
"滑州节度使王彦","2","2","4"
"州节度使王彦章","2","2","4"
"伪武信军节度使","2","2","4"
"泽州刺史安金俊","2","2","4"
"检校左散骑常侍","2","2","4"
"东南面行营都招","2","2","4"
"南面行营都招讨","2","2","4"
"左监门卫上将军","2","2","4"
"左厢步军都指挥","2","2","4"
"昭义军节度使李","2","2","4"
"华州节度使尹皓","2","2","4"
"镇州大将张文礼","2","2","4"
"天平节度使阎宝","2","2","4"
"成德军兵马留后","2","2","4"
"大同军节度使李","2","2","4"
"同军节度使李存","2","2","4"
"军节度使李存璋","2","2","4"
"蕃汉马步总管李","2","2","4"
"汉马步总管李存","2","2","4"
"马步总管李存审","2","2","4"
"许州匡国军节度","2","2","4"
"州匡国军节度使","2","2","4"
"安义军节度使李","2","2","4"
"义军节度使李继","2","2","4"
"军节度使李继韬","2","2","4"
"宰臣豆卢革率百","3","1","4"
"臣豆卢革率百官","3","1","4"
"卢革率百官上表","2","2","4"
"州防御使张继孙","2","2","4"
"左谏议大夫窦专","2","2","4"
"淮南杨溥遣使贡","4","0","4"
"武军节度使李存","2","2","4"
"军节度使李存审","2","2","4"
"军节度使李嗣源","2","2","4"
"刑部尚书李琪充","2","2","4"
"北面行营都招讨","2","2","4"
"荆南节度使高季","2","2","4"
"南节度使高季兴","2","2","4"
"州节度使李令德","2","2","4"
"华州节度使毛璋","2","2","4"
"军左厢马军都指","2","2","4"
"左厢马军都指挥","2","2","4"
"右厢步军都指挥","2","2","4"
"伪枢密使宋光嗣","2","2","4"
"东北面副招讨使","2","2","4"
"严卫都指挥使尹","2","2","4"
"卫都指挥使尹晖","2","2","4"
"宣徽南院使孟汉","2","2","4"
"徽南院使孟汉琼","2","2","4"
"端明殿学士韩昭","2","2","4"
"秦州节度使张延","2","2","4"
"面马军都指挥使","2","2","4"
"定州节度使杨光","2","2","4"
"邢州节度使安审","2","2","4"
"卫上将军王景戡","2","2","4"
"州节度使康思立","2","2","4"
"步军都指挥使宋","2","2","4"
"大同彰国振武威","3","1","4"
"同彰国振武威塞","3","1","4"
"彰国振武威塞等","3","1","4"
"国振武威塞等军","3","1","4"
"振武威塞等军蕃","3","1","4"
"武威塞等军蕃汉","3","1","4"
"驸马都尉石敬瑭","2","2","4"
"捧圣都虞候张令","2","2","4"
"圣都虞候张令昭","2","2","4"
"前彰武军节度使","2","2","4"
"彰武军节度使高","2","2","4"
"武军节度使高行","2","2","4"
"南面行营招讨使","2","2","4"
"副招讨使杨光远","2","2","4"
"汴州节度使萧翰","2","2","4"
"云州都将王敬晖","2","2","4"
"刺史张行恭弃城","2","2","4"
"邢州节度使安知","2","2","4"
"州节度使安知建","2","2","4"
"节度使安知建叛","2","2","4"
"凤州节度使王承","2","2","4"
"州节度使王承捷","2","2","4"
"屯驻指挥使唐景","2","2","4"
"驻指挥使唐景思","2","2","4"
"北面行营马军都","2","2","4"
"面行营马军都指","2","2","4"
"营马军都指挥使","2","2","4"
"凤翔行营都部署","2","2","4"
"北面水陆转运使","2","2","4"
"正言守礼部尚书","2","2","4"
"兴圣宫使李继岌","1","3","4"
"授开府仪同三司","2","2","4"
"年二月二十八日","2","2","4"
"赐耀忠匡定保节","2","2","4"
"御史中丞张昭远","2","2","4"
"左谏议大夫薛融","2","2","4"
"左散骑常侍韦勋","2","2","4"
"西京留守高行周","2","2","4"
"玉笥山道士罗隐","2","2","4"
"州节度使桑维翰","2","2","4"
"河中节度使安审","2","2","4"
"州节度使安审晖","2","2","4"
"安州节度使马全","2","2","4"
"军都指挥使杜重","2","2","4"
"节度使桑维翰加","2","2","4"
"都虞候景延广加","2","2","4"
"州节度使杜重威","2","2","4"
"右谏议大夫郑受","2","2","4"
"谏议大夫郑受益","2","2","4"
"圣文章武明德孝","2","2","4"
"文章武明德孝皇","2","2","4"
"章武明德孝皇帝","2","2","4"
"百官素服临天清","4","0","4"
"官素服临天清殿","4","0","4"
"中书舍人杨昭俭","2","2","4"
"州顺国军节度使","2","2","4"
"河东节度使刘知","2","2","4"
"东节度使刘知远","2","2","4"
"洪州节度使马希","2","2","4"
"州节度使马希振","2","2","4"
"绥州刺史李彝敏","2","2","4"
"贝州节度使王令","2","2","4"
"州节度使王令温","2","2","4"
"太子宾客聂延祚","2","2","4"
"易州刺史安审约","2","2","4"
"右神武统军张彦","2","2","4"
"北面行营都部署","2","2","4"
"贝州节度使梁汉","2","2","4"
"州节度使梁汉璋","2","2","4"
"相州节度使张彦","2","2","4"
"蕃汉马步都虞候","2","2","4"
"睿文圣武昭肃孝","2","2","4"
"文圣武昭肃孝皇","2","2","4"
"圣武昭肃孝皇帝","2","2","4"
"秦州节度使何建","2","2","4"
"相州节度使高唐","2","2","4"
"州节度使高唐英","2","2","4"
"朗州节度使马希","2","2","4"
"州节度使马希萼","2","2","4"
"侍卫都指挥使史","2","2","4"
"左厢都指挥使郭","2","2","4"
"厢都指挥使郭崇","2","2","4"
"侍卫马军指挥使","2","2","4"
"卫马军指挥使郭","2","2","4"
"马军指挥使郭崇","2","2","4"
"户部员外郎张贻","2","2","4"
"部员外郎张贻肃","2","2","4"
"卫亲军马步军副","2","2","4"
"马步军副指挥使","2","2","4"
"子澶州节度使荣","4","0","4"
"广顺元年冬十月","2","2","4"
"湖南节度使边镐","2","2","4"
"节度副使王进逵","2","2","4"
"行军司马何敬贞","3","1","4"
"指挥使周行逢等","2","2","4"
"武平军节度副使","2","2","4"
"镇州节度使何福","2","2","4"
"州节度使何福进","2","2","4"
"圣神恭肃文武孝","2","2","4"
"神恭肃文武孝皇","2","2","4"
"恭肃文武孝皇帝","2","2","4"
"天雄军节度使符","2","2","4"
"雄军节度使符彦","2","2","4"
"军节度使符彦卿","2","2","4"
"河中节度使王彦","2","2","4"
"中节度使王彦超","2","2","4"
"滑州节度使白重","2","2","4"
"州节度使白重赞","2","2","4"
"马军都指挥使樊","2","2","4"
"军都指挥使樊爱","2","2","4"
"都指挥使樊爱能","2","2","4"
"步军都指挥使何","2","2","4"
"军都指挥使何徽","2","2","4"
"郑州防御使史彦","2","2","4"
"州防御使史彦超","2","2","4"
"州节度使王彦超","2","2","4"
"马军都指挥使韩","2","2","4"
"军都指挥使韩令","2","2","4"
"都指挥使韩令坤","2","2","4"
"西南面行营都部","2","2","4"
"淮南节度使向训","2","2","4"
"濠州团练使郭廷","2","2","4"
"州团练使郭廷谓","2","2","4"
"淮南节度使杨行","2","2","4"
"南节度使杨行密","2","2","4"
"郎改授银青光禄","2","2","4"
"改授银青光禄大","2","2","4"
"前申州刺史马铎","2","2","4"
"行军司马何敬真","1","3","4"
"州大都督府长史","2","2","4"
"西川节度副大使","2","2","4"
"节度副大使知节","2","2","4"
"度副大使知节度","2","2","4"
"副大使知节度事","2","2","4"
"州节度使李存审","2","2","4"
"州节度使王处直","2","2","4"
"振武节度使李存","2","2","4"
"武节度使李存进","2","2","4"
"充翰林学士承旨","2","2","4"
"判六军诸卫事李","1","3","4"
"军都指挥使张彦","2","2","4"
"都指挥使张彦琪","2","2","4"
"相州彰德军节度","2","2","4"
"州彰德军节度使","2","2","4"
"许州节度使符彦","2","2","4"
"州节度使符彦卿","2","2","4"
"军左右厢都指挥","2","2","4"
"军左右厢都排阵","2","2","4"
"左右厢都排阵使","2","2","4"
"面行营马步军左","2","2","4"
"州管内观察处置","2","2","4"
"管内观察处置等","2","2","4"
"内观察处置等使","2","2","4"
"河南尹张全义上","2","2","4"
"宣武军节度押牙","2","2","4"
"武军节度押牙李","2","2","4"
"封太祖为检校太","0","4","4"
"文明殿接受朝贺","0","4","4"
"马步军总指挥使","0","4","4"
"为天雄军节度使","0","4","4"
"任平卢军节度使","0","4","4"
"为北面行营招讨","0","4","4"
"被处死在大街上","0","4","4"
"加封为检校司徒","0","4","4"
"加封为检校太保","0","4","4"
"加封为检校太傅","0","4","4"
"加封为检校太尉","0","4","4"
"为开府仪同三司","0","4","4"
"武皇派李嗣昭率","0","4","4"
"武皇讨伐王行瑜","0","4","4"
"到明堂殿接受朝","0","4","4"
"明堂殿接受朝贺","0","4","4"
"杨溥派使者进贡","0","4","4"
"南杨溥派使者进","0","4","4"
"退休的太子少保","0","4","4"
"兼侍卫马军都指","0","4","4"
"加封高祖为检校","0","4","4"
"知道事情不能成","0","4","4"
"道事情不能成功","0","4","4"
"月五日黎明以前","0","4","4"
"派使者进贡地方","0","4","4"
"为银青光禄大夫","0","4","4"
"节度使兼侍卫马","0","4","4"
"高祖镇守太原时","0","4","4"
"高祖进入洛阳后","0","4","4"
"后汉高祖登上帝","0","4","4"
"汉高祖登上帝位","0","4","4"
"节度使刘斌贝为","0","4","4"
"后汉高祖刘知远","0","4","4"
"澶州节度使郭荣","0","4","4"
"今上赵匡胤上奏","0","4","4"
"军节度使兼侍卫","0","4","4"
"前许州节度使李","2","1","3"
"东北面都招讨使","1","2","3"
"青州节度使王师","1","2","3"
"州节度使王师范","1","2","3"
"授忠武军节度使","2","1","3"
"军节度使杨师厚","2","1","3"
"东京马步军都指","2","1","3"
"潞州行营都招讨","2","1","3"
"州行营都招讨使","2","1","3"
"刺史王彦章弃城","2","1","3"
"捉生都将张温率","2","1","3"
"行营诸军马步都","3","0","3"
"营诸军马步都虞","3","0","3"
"匡国军节度观察","2","1","3"
"国军节度观察留","2","1","3"
"军节度观察留后","2","1","3"
"加检校右散骑常","3","0","3"
"充诸道盐铁转运","2","1","3"
"诸道盐铁转运使","2","1","3"
"授检校工部尚书","3","0","3"
"加检校刑部尚书","3","0","3"
"授北面行营副招","2","1","3"
"邢州节度使李存","1","2","3"
"武皇遣李嗣昭率","3","0","3"
"刘守光僭称大燕","1","2","3"
"守光僭称大燕皇","1","2","3"
"光僭称大燕皇帝","1","2","3"
"州大将张文礼杀","1","2","3"
"遥天平军节度使","3","0","3"
"十二月二十三日","1","2","3"
"帝御明堂殿受朝","3","0","3"
"御明堂殿受朝贺","3","0","3"
"国夫人刘氏皇后","3","0","3"
"令所司择日备礼","3","0","3"
"所司择日备礼册","3","0","3"
"司择日备礼册命","3","0","3"
"枢密使郭崇韬上","2","1","3"
"密使郭崇韬上表","2","1","3"
"回鹘遣使贡方物","3","0","3"
"武军节度使李嗣","1","2","3"
"称大汉国王致书","2","1","3"
"大汉国王致书上","2","1","3"
"汉国王致书上大","2","1","3"
"国王致书上大唐","2","1","3"
"王致书上大唐皇","2","1","3"
"凤翔节度使李","3","0","3"
"翔节度使李严","3","0","3"
"行营右厢马步都","2","1","3"
"营右厢马步都虞","2","1","3"
"右厢马步都虞候","2","1","3"
"继麟滑州节度使","2","1","3"
"维应顺元年岁次","2","1","3"
"应顺元年岁次甲","2","1","3"
"顺元年岁次甲午","2","1","3"
"密副使刘延朗宣","2","1","3"
"充枢密院直学士","2","1","3"
"州节度使张延朗","1","2","3"
"等军蕃汉马步总","2","1","3"
"军蕃汉马步总管","2","1","3"
"指挥使安审信率","1","2","3"
"充侍卫马军都指","3","0","3"
"屯驻捧圣都虞候","2","1","3"
"驻捧圣都虞候张","2","1","3"
"逐节度使刘延皓","2","1","3"
"太原四面招抚排","2","1","3"
"原四面招抚排阵","2","1","3"
"四面招抚排阵使","2","1","3"
"振武军节度使安","1","2","3"
"武军节度使安叔","1","2","3"
"军节度使安叔千","1","2","3"
"遣侍卫步军都指","3","0","3"
"庄宗命周德威率","1","2","3"
"内外蕃汉马步总","2","1","3"
"外蕃汉马步总管","2","1","3"
"二年四月十九日","1","2","3"
"魏州节度使罗绍","1","2","3"
"州节度使罗绍威","1","2","3"
"曾见杜黄裳司空","2","1","3"
"右金吾卫大将军","1","2","3"
"前昭义军节度使","2","1","3"
"宰臣监修国史赵","2","1","3"
"臣监修国史赵莹","2","1","3"
"荆南节度使高诲","3","0","3"
"右监门卫上将军","2","1","3"
"镇海镇东等军节","2","1","3"
"海镇东等军节度","2","1","3"
"左骁卫上将军李","1","2","3"
"溪州刺史彭士愁","1","2","3"
"吴越国王钱元瓘","3","0","3"
"都部署高行周奏","3","0","3"
"告天地宗庙社稷","2","1","3"
"步军都指挥使郭","2","1","3"
"军都指挥使郭谨","2","1","3"
"面行营马步都虞","2","1","3"
"等州观察处置等","2","1","3"
"州观察处置等使","2","1","3"
"右监门卫大将军","2","1","3"
"振武节度使周德","2","1","3"
"武节度使周德威","2","1","3"
"蕃汉马步军都指","1","2","3"
"汉马步军都指挥","1","2","3"
"契丹永康王乌裕","3","0","3"
"唐明宗淑妃王氏","2","1","3"
"天福十二年六月","1","2","3"
"年正月二十七日","1","2","3"
"节度使侍卫亲军","3","0","3"
"都指挥使史宏肇","3","0","3"
"前沂州刺史郭琼","2","1","3"
"节度使宋延渥开","2","1","3"
"度使宋延渥开门","2","1","3"
"使宋延渥开门迎","2","1","3"
"军指挥使郭崇率","2","1","3"
"议立徐州节度使","2","1","3"
"侍卫马步都虞候","2","1","3"
"广顺三年春正月","2","1","3"
"令侍卫马步军都","1","2","3"
"命侍卫马军都指","1","2","3"
"显德二年十一月","2","1","3"
"江南国主李景遣","3","0","3"
"节度使王进逵上","1","2","3"
"伪濠州团练使郭","1","2","3"
"辽州刺史张丕旦","1","2","3"
"检校国子祭酒御","3","0","3"
"校国子祭酒御史","3","0","3"
"国子祭酒御史中","3","0","3"
"子祭酒御史中丞","3","0","3"
"立徐州节度使刘","1","2","3"
"门下侍郎平章事","1","2","3"
"内外马步军都指","1","2","3"
"外马步军都指挥","1","2","3"
"周广顺元年正月","1","2","3"
"契丹回图使乔荣","1","2","3"
"徐州节度使蒋殷","1","2","3"
"州刺史张行恭弃","1","2","3"
"河东节度判官卢","1","2","3"
"东节度判官卢质","1","2","3"
"六军诸卫事李继","1","2","3"
"军诸卫事李继岌","1","2","3"
"军右厢都指挥使","1","2","3"
"天福元年十二月","1","2","3"
"以太子太师辞官","0","3","3"
"太子太师辞官退","0","3","3"
"子太师辞官退隐","0","3","3"
"太师辞官退隐的","0","3","3"
"太祖派遣葛从周","0","3","3"
"太祖派朱珍率领","0","3","3"
"太祖率领亲信部","0","3","3"
"祖率领亲信部队","0","3","3"
"所任命的节度使","0","3","3"
"步兵骑兵几万人","0","3","3"
"葛从周放弃潞州","0","3","3"
"马慎交以下一百","0","3","3"
"慎交以下一百多","0","3","3"
"交以下一百多人","0","3","3"
"答应了他的请求","0","3","3"
"以户部尚书辞官","0","3","3"
"户部尚书辞官退","0","3","3"
"丘祭祀苍天上帝","0","3","3"
"庄园住宅各一所","0","3","3"
"为大同军节度使","0","3","3"
"行营各军马步都","0","3","3"
"营各军马步都虞","0","3","3"
"各军马步都虞候","0","3","3"
"末帝停止上朝三","0","3","3"
"帝停止上朝三天","0","3","3"
"后唐庄宗李存勖","0","3","3"
"迎銮毅勇功臣名","0","3","3"
"銮毅勇功臣名号","0","3","3"
"刘知俊的弟弟刘","0","3","3"
"知俊的弟弟刘知","0","3","3"
"俊的弟弟刘知浣","0","3","3"
"蔡州贼寇秦宗权","0","3","3"
"并州统帅李克用","0","3","3"
"奏朝廷授与检校","0","3","3"
"任左骁卫上将军","0","3","3"
"庶人朱友王圭篡","0","3","3"
"州马军步军都指","0","3","3"
"转任右龙虎统军","0","3","3"
"后晋高祖石敬瑭","0","3","3"
"太祖派杨师厚领","0","3","3"
"祖派杨师厚领兵","0","3","3"
"行营马军步军都","0","3","3"
"兼任侍卫亲军马","0","3","3"
"任镇南军节度使","0","3","3"
"任北面行营招讨","0","3","3"
"派使者来求援军","0","3","3"
"李存信进攻魏州","0","3","3"
"率步兵骑兵三万","0","3","3"
"史建瑭率三千骑","0","3","3"
"建瑭率三千骑兵","0","3","3"
"河中节度使朱友","0","3","3"
"中节度使朱友谦","0","3","3"
"遥领天平军节度","0","3","3"
"领天平军节度使","0","3","3"
"按通常赦免仍不","0","3","3"
"通常赦免仍不能","0","3","3"
"国夫人刘氏为皇","0","3","3"
"夫人刘氏为皇后","0","3","3"
"选择日期准备礼","0","3","3"
"择日期准备礼仪","0","3","3"
"回鹘派使者进贡","0","3","3"
"派使者上朝进贡","0","3","3"
"璋为行营右厢马","0","3","3"
"诏令端明殿学士","0","3","3"
"任侍卫马军都指","0","3","3"
"节度使李从日严","0","3","3"
"节度使范延光为","0","3","3"
"唐庄宗进入汴州","0","3","3"
"封高祖为检校太","0","3","3"
"侍卫马军总指挥","0","3","3"
"卫马军总指挥使","0","3","3"
"荆南节度使高从","0","3","3"
"南节度使高从诲","0","3","3"
"回鹘可汗杨仁美","0","3","3"
"部尚书辞官退隐","0","3","3"
"格为防御使级别","0","3","3"
"指挥使杜重威为","0","3","3"
"吴越国王钱元馞","0","3","3"
"都部署高行周上","0","3","3"
"部署高行周上奏","0","3","3"
"度使兼侍卫马步","0","3","3"
"佛寺道观祈求下","0","3","3"
"寺道观祈求下雨","0","3","3"
"到佛寺道观祈祷","0","3","3"
"少帝驾临崇元殿","0","3","3"
"二年春正月一日","0","3","3"
"任金紫光禄大夫","0","3","3"
"任晋昌军节度使","0","3","3"
"令追赠为尚书令","0","3","3"
"唐庄宗平定后梁","0","3","3"
"后唐武皇李克用","0","3","3"
"任侍卫亲军马步","0","3","3"
"上崇元殿接受朝","0","3","3"
"契丹永康王兀欲","0","3","3"
"可在灵柩前即皇","0","3","3"
"枢密使郭威上奏","0","3","3"
"节度使兼侍卫亲","0","3","3"
"度使兼侍卫亲军","0","3","3"
"诏令黄河以北各","0","3","3"
"令黄河以北各州","0","3","3"
"任侍卫步军都指","0","3","3"
"任侍卫亲军都指","0","3","3"
"令有关部门选择","0","3","3"
"有关部门选择日","0","3","3"
"关部门选择日期","0","3","3"
"率领步兵骑兵一","0","3","3"
"领步兵骑兵一万","0","3","3"
"使者进贡地方物","0","3","3"
"者进贡地方物产","0","3","3"
"太祖登崇元殿接","0","3","3"
"祖登崇元殿接受","0","3","3"
"登崇元殿接受朝","0","3","3"
"开封尹兼功德使","0","3","3"
"有诏赐名号的寺","0","3","3"
"诏赐名号的寺院","0","3","3"
"没有诏赐名号的","0","3","3"
"以今上赵匡胤为","0","3","3"
"检校国子祭酒兼","0","3","3"
"校国子祭酒兼御","0","3","3"
"国子祭酒兼御史","0","3","3"
"子祭酒兼御史中","0","3","3"
"祭酒兼御史中丞","0","3","3"
"步兵骑兵一万人","0","3","3"
"兼侍卫亲军马步","0","3","3"
"行台左骁卫将军","1","1","2"
"太祖神武元圣孝","1","1","2"
"祖神武元圣孝皇","1","1","2"
"神武元圣孝皇帝","1","1","2"
"唐广明元年十二","1","1","2"
"广明元年十二月","1","1","2"
"夏州节度使诸葛","1","1","2"
"州节度使诸葛爽","1","1","2"
"节度使诸葛爽率","1","1","2"
"东南面行营先锋","1","1","2"
"南面行营先锋使","1","1","2"
"节度使王重荣屯","1","1","2"
"充河中行营副招","2","0","2"
"帝宣武军节度使","2","0","2"
"时蔡州刺史秦宗","1","1","2"
"蔡州刺史秦宗权","1","1","2"
"河东节度使李克","1","1","2"
"杨行密互相攻伐","1","1","2"
"水部郎中王赞撰","1","1","2"
"命翰林承旨刘崇","1","1","2"
"翰林承旨刘崇望","1","1","2"
"林承旨刘崇望撰","1","1","2"
"蔡州四面副都统","1","1","2"
"庞师古攻下宿迁","1","1","2"
"师古攻下宿迁县","1","1","2"
"遣行军司马李璠","2","0","2"
"河东东面行营招","1","1","2"
"东东面行营招讨","1","1","2"
"东面行营招讨使","1","1","2"
"时朝廷宰臣张浚","1","1","2"
"遣丁会急攻宿州","1","1","2"
"沧州节度使卢廷","1","1","2"
"州节度使卢廷彦","1","1","2"
"邢州刺史马师素","1","1","2"
"州刺史马师素弃","1","1","2"
"刺史马师素弃城","1","1","2"
"磁州刺史袁奉滔","1","1","2"
"邢州昭义军节度","1","1","2"
"州昭义军节度使","1","1","2"
"昭义军节度使留","1","1","2"
"义军节度使留后","1","1","2"
"襄州节度使赵匡","1","1","2"
"州节度使赵匡凝","1","1","2"
"遣氏叔琮率师伐","2","0","2"
"时幽州节度使刘","1","1","2"
"幽州节度使刘仁","1","1","2"
"州节度使刘仁恭","1","1","2"
"节度使刘仁恭大","1","1","2"
"度使刘仁恭大举","1","1","2"
"丁会潞州节度使","2","0","2"
"逆战乾宁军老鸦","2","0","2"
"战乾宁军老鸦堤","2","0","2"
"将佐马慎交下百","2","0","2"
"佐马慎交下百余","2","0","2"
"马慎交下百余人","2","0","2"
"左军中尉刘季述","1","1","2"
"左右中尉刘季述","1","1","2"
"河东屯将李审建","1","1","2"
"太子太师卢知猷","1","1","2"
"子太师卢知猷等","1","1","2"
"太师卢知猷等二","1","1","2"
"师卢知猷等二百","1","1","2"
"卢知猷等二百六","1","1","2"
"知猷等二百六十","1","1","2"
"猷等二百六十三","1","1","2"
"等二百六十三人","1","1","2"
"晋州刺史氏叔琮","1","1","2"
"命翰林学士韩渥","1","1","2"
"华州留后李存审","1","1","2"
"押送军容使韩全","1","1","2"
"送军容使韩全诲","1","1","2"
"护国等军节度使","1","1","2"
"造竭忠守正功臣","1","1","2"
"棣州刺史邵播献","1","1","2"
"京兆尹郑元规等","1","1","2"
"密令医官许昭远","1","1","2"
"荆南等二十一道","1","1","2"
"拥大将史仁遇保","2","0","2"
"大将史仁遇保高","2","0","2"
"将史仁遇保高唐","2","0","2"
"高平县君范氏追","1","1","2"
"平县君范氏追谥","1","1","2"
"秦国夫人杨氏追","1","1","2"
"国夫人杨氏追谥","1","1","2"
"吴国夫人刘氏追","1","1","2"
"国夫人刘氏追谥","1","1","2"
"晋国太夫人王氏","1","1","2"
"国太夫人王氏追","1","1","2"
"太夫人王氏追谥","1","1","2"
"宣武节度副使皇","1","1","2"
"武节度副使皇子","1","1","2"
"泽州刺史刘重霸","1","1","2"
"州刺史刘重霸面","1","1","2"
"刺史刘重霸面陈","1","1","2"
"史刘重霸面陈破","1","1","2"
"刘重霸面陈破敌","1","1","2"
"六军统军牛存节","1","1","2"
"直右保胜指挥使","1","1","2"
"右龙虎军十将张","1","1","2"
"龙虎军十将张温","1","1","2"
"命宰臣杨涉赴西","1","1","2"
"宰臣杨涉赴西都","1","1","2"
"宰臣百官上表称","1","1","2"
"臣百官上表称贺","1","1","2"
"开封府虞候李继","1","1","2"
"封府虞候李继业","1","1","2"
"襄州都指挥使程","1","1","2"
"州都指挥使程晖","1","1","2"
"左右内直控鹤等","1","1","2"
"右内直控鹤等引","1","1","2"
"叶县镇遏使冯德","1","1","2"
"县镇遏使冯德武","1","1","2"
"蔡州西平县界杀","1","1","2"
"镇海军节度使钱","1","1","2"
"沙陀振武贼帅周","1","1","2"
"陀振武贼帅周德","1","1","2"
"振武贼帅周德威","1","1","2"
"泾原贼帅李继鸾","1","1","2"
"节度使李仁福兵","1","1","2"
"度使李仁福兵力","1","1","2"
"诏征陕州镇国军","1","1","2"
"征陕州镇国军节","1","1","2"
"陕州镇国军节度","1","1","2"
"右厢指挥使刘行","1","1","2"
"厢指挥使刘行琮","1","1","2"
"指挥使刘行琮乘","1","1","2"
"挥使刘行琮乘虚","1","1","2"
"使刘行琮乘虚作","1","1","2"
"刘行琮乘虚作乱","1","1","2"
"左龙骧都教练使","1","1","2"
"龙骧都教练使邓","1","1","2"
"骧都教练使邓季","1","1","2"
"都教练使邓季筠","1","1","2"
"魏博马军都指挥","1","1","2"
"博马军都指挥使","1","1","2"
"马军都指挥使何","1","1","2"
"军都指挥使何令","1","1","2"
"都指挥使何令稠","1","1","2"
"左散骑常侍孙骘","1","1","2"
"右谏议大夫张衍","1","1","2"
"光禄少卿卢秉彝","1","1","2"
"知制诰窦赏等十","1","1","2"
"制诰窦赏等十五","1","1","2"
"诰窦赏等十五人","1","1","2"
"左常侍韦戬等二","1","1","2"
"常侍韦戬等二十","1","1","2"
"侍韦戬等二十三","1","1","2"
"韦戬等二十三人","1","1","2"
"军招讨使杨师厚","1","1","2"
"州刺史段明远等","1","1","2"
"侍卫亲军袁象先","1","1","2"
"刘重遇部下龙骧","1","1","2"
"弘农郡王杨师厚","1","1","2"
"天雄军节度使杨","1","1","2"
"雄军节度使杨师","1","1","2"
"万进青州节度使","2","0","2"
"时朝廷福王友璋","2","0","2"
"朝廷福王友璋镇","2","0","2"
"廷福王友璋镇徐","2","0","2"
"福王友璋镇徐方","2","0","2"
"天平军节度使牛","1","1","2"
"平军节度使牛存","1","1","2"
"军节度使牛存节","1","1","2"
"杨溥遣大将硃瑾","2","0","2"
"天平军节度副大","1","1","2"
"平军节度副大使","1","1","2"
"同平章事牛存节","1","1","2"
"罗绍威前恭后倨","1","1","2"
"平卢军节度使贺","1","1","2"
"卢军节度使贺德","1","1","2"
"军节度使贺德伦","1","1","2"
"张筠相州节度使","2","0","2"
"囚节度使贺德伦","2","0","2"
"军都指挥使王彦","1","1","2"
"都指挥使王彦章","1","1","2"
"三月二十九日夜","1","1","2"
"邠州留后李保衡","2","0","2"
"河阳留后霍彦威","1","1","2"
"彦威邠州节度使","2","0","2"
"泾州节度使刘知","1","1","2"
"诸军都指挥使黄","1","1","2"
"军都指挥使黄贵","1","1","2"
"都指挥使黄贵坚","1","1","2"
"指挥使黄贵坚守","1","1","2"
"德伦大同军节度","2","0","2"
"命许州节度使王","1","1","2"
"许州节度使王檀","1","1","2"
"河阳节度使谢彦","1","1","2"
"阳节度使谢彦章","1","1","2"
"汝州防御使王彦","1","1","2"
"州防御使王彦章","1","1","2"
"州宣义军节度副","1","1","2"
"宣义军节度副大","1","1","2"
"义军节度副大使","1","1","2"
"捉生都将李霸作","1","1","2"
"生都将李霸作乱","1","1","2"
"龙骧都将杜晏球","2","0","2"
"遣捉生都将张温","2","0","2"
"生都将张温率步","2","0","2"
"都将张温率步骑","2","0","2"
"将张温率步骑五","2","0","2"
"张温率步骑五百","2","0","2"
"时租庸使赵岩劝","1","1","2"
"贞明四年春正月","1","1","2"
"将谢彦章帅众数","2","0","2"
"谢彦章帅众数万","2","0","2"
"彦章帅众数万迫","2","0","2"
"章帅众数万迫杨","2","0","2"
"帅众数万迫杨刘","2","0","2"
"面招讨使贺瑰杀","1","1","2"
"营马步都虞候硃","2","0","2"
"贞明五年春正月","1","1","2"
"贺瑰攻德胜南城","2","0","2"
"许州留后王彦章","1","1","2"
"州留后王彦章等","1","1","2"
"削夺广州节度使","1","1","2"
"天下兵马元帅钱","1","1","2"
"节度使程全晖单","1","1","2"
"度使程全晖单骑","1","1","2"
"余众退保华州罗","2","0","2"
"众退保华州罗文","2","0","2"
"退保华州罗文寨","2","0","2"
"镇州大将王德明","1","1","2"
"州大将王德明杀","1","1","2"
"祠部员外郎李枢","1","1","2"
"河东道行营都招","1","1","2"
"东道行营都招讨","1","1","2"
"行营都招讨使刘","1","1","2"
"北面招讨使戴思","1","1","2"
"面招讨使戴思远","1","1","2"
"龙德二年春正月","1","1","2"
"晋将李存审极力","1","1","2"
"将李存审极力拒","1","1","2"
"李存审极力拒守","1","1","2"
"龙德三年春三月","1","1","2"
"晋潞州节度留后","1","1","2"
"潞州节度留后李","1","1","2"
"州节度留后李继","1","1","2"
"节度留后李继韬","1","1","2"
"嗣昭潞州节度使","2","0","2"
"二十年同光元年","2","0","2"
"陈州刺史刘遂严","1","1","2"
"先锋将康延孝率","1","1","2"
"命滑州节度使王","1","1","2"
"诏河南尹张全义","2","0","2"
"河南尹张全义收","1","1","2"
"南尹张全义收葬","1","1","2"
"岭南西道节度使","1","1","2"
"赐号迎銮毅勇功","2","0","2"
"号迎銮毅勇功臣","2","0","2"
"武宁军节度留后","1","1","2"
"奉国军节度留后","1","1","2"
"护国军节度留后","1","1","2"
"时徐温父子恃宠","1","1","2"
"徐温父子恃宠专","1","1","2"
"徐州马步军都指","1","1","2"
"佑国军节度使王","1","1","2"
"国军节度使王重","1","1","2"
"军节度使王重师","1","1","2"
"雍州节度使刘捍","1","1","2"
"灵武节度使韩逊","1","1","2"
"事节度使乐彦贞","1","1","2"
"幽州刘仁恭拥兵","1","1","2"
"州刘仁恭拥兵十","1","1","2"
"刘仁恭拥兵十万","1","1","2"
"遣长直军校马嗣","1","1","2"
"长直军校马嗣勋","1","1","2"
"扶天启运竭节功","1","1","2"
"天启运竭节功臣","1","1","2"
"唐僖宗光启三年","1","1","2"
"重荣部将常行儒","2","0","2"
"荣部将常行儒所","2","0","2"
"忠武监军杨复光","1","1","2"
"京畿安抚制置等","1","1","2"
"畿安抚制置等使","1","1","2"
"散随驾殿后军二","1","1","2"
"随驾殿后军二万","1","1","2"
"驾殿后军二万人","1","1","2"
"害太子詹事马道","1","1","2"
"太子詹事马道殷","1","1","2"
"天复元年十一月","1","1","2"
"遣泽州刺史安金","2","0","2"
"州刺史安金俊率","1","1","2"
"绛州刺史王友遇","1","1","2"
"州行营四面都统","1","1","2"
"光化元年十二月","1","1","2"
"沁州刺史傅瑶等","1","1","2"
"山南节度使刘巨","1","1","2"
"南节度使刘巨容","1","1","2"
"九寨都虞候王涓","1","1","2"
"表授检校工部尚","2","0","2"
"晋将李嗣昭急攻","1","1","2"
"将李嗣昭急攻邢","1","1","2"
"李嗣昭急攻邢州","1","1","2"
"宣义军行军司马","1","1","2"
"杀彦章濮州刺史","2","0","2"
"彦章濮州刺史孟","2","0","2"
"章濮州刺史孟审","2","0","2"
"贼将宗江等七十","1","1","2"
"光启四年夏六月","1","1","2"
"四面行营都统使","1","1","2"
"司勋吏部员外郎","1","1","2"
"宰相裴枢等五家","1","1","2"
"开平三年夏四月","1","1","2"
"滑州夹马指挥使","1","1","2"
"右厢马步军指挥","1","1","2"
"厢马步军指挥使","1","1","2"
"加检校兵部尚书","2","0","2"
"光化二年夏四月","1","1","2"
"晋州刺史张汉瑜","1","1","2"
"四镇通赞官行首","1","1","2"
"右长直都指挥使","1","1","2"
"马步军都排阵使","2","0","2"
"天平军节度留后","1","1","2"
"授金紫光禄大夫","2","0","2"
"州马步都指挥使","2","0","2"
"转左监门卫上将","2","0","2"
"戴思远北面招讨","2","0","2"
"思远北面招讨使","2","0","2"
"彦章舟师沿流下","2","0","2"
"莱州刺史王师诲","1","1","2"
"山南东道节度留","1","1","2"
"南东道节度留后","1","1","2"
"擒知俊弟知浣献","2","0","2"
"魏州衙内都指挥","1","1","2"
"州衙内都指挥使","1","1","2"
"衙内都指挥使潘","1","1","2"
"内都指挥使潘晏","1","1","2"
"侍卫军使袁象先","1","1","2"
"大军直抵镇州城","1","1","2"
"军直抵镇州城下","1","1","2"
"都指挥使庞师古","1","1","2"
"宣武军都指挥使","1","1","2"
"滑州左衙步军指","1","1","2"
"州左衙步军指挥","1","1","2"
"左衙步军指挥使","1","1","2"
"发长直兵二千人","1","1","2"
"元帅府左都押衙","1","1","2"
"右千牛卫上将军","1","1","2"
"河南留守张全义","1","1","2"
"南留守张全义召","1","1","2"
"青州节度使王敬","1","1","2"
"州节度使王敬武","1","1","2"
"节度副使王彦温","1","1","2"
"天复三年十一月","1","1","2"
"充侍卫亲军马步","2","0","2"
"同州军两使留后","1","1","2"
"鄩潜师黄泽西趋","2","0","2"
"兗州节度使张万","2","0","2"
"节度使张万进反","1","1","2"
"行营左厢步军都","1","1","2"
"营左厢步军都指","1","1","2"
"西面行营马步军","1","1","2"
"行营马步军都指","1","1","2"
"营马步军都指挥","1","1","2"
"州宣义军节度使","1","1","2"
"魏博节度使罗绍","1","1","2"
"博节度使罗绍威","1","1","2"
"昭义节度使李钧","1","1","2"
"命元帅李涿率兵","1","1","2"
"元帅李涿率兵数","1","1","2"
"帅李涿率兵数万","1","1","2"
"武皇令军使傅文","1","1","2"
"皇令军使傅文达","1","1","2"
"朔州刺史高文集","1","1","2"
"令河东监军陈景","1","1","2"
"河东监军陈景思","1","1","2"
"武皇雁门节度使","2","0","2"
"王铎承制授武皇","2","0","2"
"武皇东北面行营","1","1","2"
"皇东北面行营都","1","1","2"
"东北面行营都统","1","1","2"
"赵璋等引军十五","1","1","2"
"璋等引军十五万","1","1","2"
"河阳节度使诸葛","1","1","2"
"阳节度使诸葛爽","1","1","2"
"王处存求援武皇","2","0","2"
"武皇遣大将康君","2","0","2"
"皇遣大将康君立","2","0","2"
"请削夺汴帅官爵","1","1","2"
"内臣杨复恭宣旨","1","1","2"
"时观军容使田令","1","1","2"
"时田令孜请僖宗","1","1","2"
"昭义节度使李克","1","1","2"
"义节度使李克修","1","1","2"
"汴将王虔裕率精","1","1","2"
"汴将王虔裕三百","1","1","2"
"将王虔裕三百人","1","1","2"
"王虔裕三百人献","1","1","2"
"昭义节度使孙揆","1","1","2"
"骑将薛阿檀率前","1","1","2"
"将薛阿檀率前军","1","1","2"
"薛阿檀率前军进","1","1","2"
"阿檀率前军进攻","1","1","2"
"州节度使李存孝","1","1","2"
"河阳赵克裕望风","1","1","2"
"临城西北龙尾岗","1","1","2"
"潞州节度使康君","1","1","2"
"州节度使康君立","1","1","2"
"安塞军戍将刘仁","1","1","2"
"塞军戍将刘仁恭","1","1","2"
"仁恭数进画盖寓","2","0","2"
"李匡俦命大将率","1","1","2"
"匡俦命大将率步","1","1","2"
"留腹心燕留德等","2","0","2"
"腹心燕留德等十","2","0","2"
"心燕留德等十余","2","0","2"
"燕留德等十余人","2","0","2"
"留德等十余人分","2","0","2"
"德等十余人分典","2","0","2"
"等十余人分典军","2","0","2"
"十余人分典军政","2","0","2"
"中节度使王重盈","1","1","2"
"同州节度使王行","1","1","2"
"州节度使王行约","1","1","2"
"节度使王行约弃","1","1","2"
"度使王行约弃城","1","1","2"
"军指挥使李继鹏","1","1","2"
"左军指挥使王行","1","1","2"
"军指挥使王行实","1","1","2"
"天子遣延王戒丕","2","0","2"
"天下兵马都招讨","1","1","2"
"下兵马都招讨使","1","1","2"
"延王传天子密旨","1","1","2"
"宁四面行营都统","1","1","2"
"时王行瑜弟兄固","1","1","2"
"王行瑜弟兄固守","1","1","2"
"行瑜弟兄固守梨","1","1","2"
"瑜弟兄固守梨园","1","1","2"
"弟兄固守梨园寨","1","1","2"
"武皇请赐河中王","1","1","2"
"皇请赐河中王珂","1","1","2"
"请赐河中王珂旌","1","1","2"
"天子赐武皇内弟","1","1","2"
"子赐武皇内弟子","1","1","2"
"赐武皇内弟子四","1","1","2"
"武皇内弟子四人","1","1","2"
"赐魏国夫人陈氏","1","1","2"
"大将李元福等二","1","1","2"
"将李元福等二百","1","1","2"
"李元福等二百人","1","1","2"
"宁州守将徐景乞","1","1","2"
"令都指挥使李存","1","1","2"
"都指挥使李存信","1","1","2"
"仁恭托契丹入寇","2","0","2"
"李嗣昭率二千骑","1","1","2"
"李嗣昭率兵三万","1","1","2"
"武皇遣李嗣昭将","2","0","2"
"皇遣李嗣昭将兵","2","0","2"
"潞州节度使薛志","1","1","2"
"州节度使薛志勤","1","1","2"
"武皇令都指挥使","1","1","2"
"皇令都指挥使李","1","1","2"
"令都指挥使李君","1","1","2"
"都指挥使李君庆","1","1","2"
"葛周设伏青山口","2","0","2"
"天子加武皇实封","1","1","2"
"子加武皇实封一","1","1","2"
"加武皇实封一百","1","1","2"
"武皇实封一百户","1","1","2"
"汴将张存敬攻陷","1","1","2"
"将张存敬攻陷晋","1","1","2"
"汴将氏叔琮率兵","1","1","2"
"将氏叔琮率兵五","1","1","2"
"氏叔琮率兵五万","1","1","2"
"魏博大将张文恭","1","1","2"
"镇州大将石公立","1","1","2"
"氏叔琮将兵十万","2","0","2"
"天祐元年闰四月","1","1","2"
"李嗣昭率三千骑","1","1","2"
"都指挥使李溥等","1","1","2"
"李嗣昭合燕军攻","2","0","2"
"康怀英率兵十万","1","1","2"
"发丧后二十七日","1","1","2"
"丧后二十七日除","1","1","2"
"庄宗光圣神闵孝","1","1","2"
"宗光圣神闵孝皇","1","1","2"
"光圣神闵孝皇帝","1","1","2"
"衣服礼秩嫡者六","2","0","2"
"服礼秩嫡者六七","2","0","2"
"礼秩嫡者六七辈","2","0","2"
"存颢辈欲太原降","2","0","2"
"颢辈欲太原降贼","2","0","2"
"帐下亲军攻东北","1","1","2"
"副招讨使符道昭","1","1","2"
"行营都招讨使丁","1","1","2"
"营都招讨使丁会","1","1","2"
"宁国军节度使王","1","1","2"
"国军节度使王景","1","1","2"
"军节度使王景仁","1","1","2"
"相州刺史李思安","1","1","2"
"王彦章率二千骑","1","1","2"
"张承业登高观望","1","1","2"
"三镇步兵攻邢州","1","1","2"
"都招讨使杨师厚","1","1","2"
"幽州刘守光僭称","1","1","2"
"州刘守光僭称大","1","1","2"
"沧州都将张万进","1","1","2"
"州都将张万进杀","1","1","2"
"都将张万进杀留","1","1","2"
"将张万进杀留后","1","1","2"
"张万进杀留后刘","1","1","2"
"万进杀留后刘继","1","1","2"
"进杀留后刘继威","1","1","2"
"李存晖攻瓦桥关","1","1","2"
"周德威攻下顺州","1","1","2"
"时居庸关使胡令","1","1","2"
"安金全率兵救武","1","1","2"
"金全率兵救武州","1","1","2"
"燕将李晖等二十","1","1","2"
"刘光浚攻下平州","1","1","2"
"刘守奇率大军侵","1","1","2"
"燕将司全爽等十","1","1","2"
"将司全爽等十一","1","1","2"
"司全爽等十一人","1","1","2"
"贼将杨师贵等五","1","1","2"
"将杨师贵等五十","1","1","2"
"杨师贵等五十人","1","1","2"
"五院军使李信攻","1","1","2"
"院军使李信攻下","1","1","2"
"军使李信攻下莫","1","1","2"
"使李信攻下莫州","1","1","2"
"沧州节度使刘守","1","1","2"
"州节度使刘守奇","1","1","2"
"将吏八百五十人","1","1","2"
"亲将李小喜等七","1","1","2"
"守光伪殿直二十","1","1","2"
"光伪殿直二十五","1","1","2"
"伪殿直二十五人","1","1","2"
"定州王处直遣使","2","0","2"
"年春正月戊戌朔","2","0","2"
"李存霸拘送仁恭","2","0","2"
"存霸拘送仁恭代","2","0","2"
"霸拘送仁恭代州","2","0","2"
"心血奠告武皇陵","1","1","2"
"天祐十二年三月","1","1","2"
"命马步副总管李","1","1","2"
"马步副总管李存","1","1","2"
"步副总管李存审","1","1","2"
"命辽州牙将马通","1","1","2"
"梁澶州刺史王彦","1","1","2"
"澶州刺史王彦章","1","1","2"
"州刺史王彦章弃","1","1","2"
"邢州陈宋口渡漳","1","1","2"
"州陈宋口渡漳水","1","1","2"
"梁将贺瑰袭取澶","1","1","2"
"将贺瑰袭取澶州","1","1","2"
"李存审率兵五千","1","1","2"
"存审率兵五千攻","1","1","2"
"审率兵五千攻贝","1","1","2"
"率兵五千攻贝州","1","1","2"
"相州节度使张筠","1","1","2"
"州节度使张筠弃","1","1","2"
"梁沧州节度使戴","1","1","2"
"天祐十四年二月","1","1","2"
"卢文进杀节度使","1","1","2"
"文进杀节度使李","1","1","2"
"进杀节度使李存","1","1","2"
"杀节度使李存矩","1","1","2"
"刺史安金全弃城","1","1","2"
"周德威率兵三万","2","0","2"
"阎宝率师夜过祁","1","1","2"
"宝率师夜过祁沟","1","1","2"
"李嗣源率三千骑","1","1","2"
"授存审检校太傅","2","0","2"
"阎宝加同平章事","1","1","2"
"命昭义军节度使","1","1","2"
"义军节度使李嗣","1","1","2"
"军节度使李嗣昭","1","1","2"
"权知幽州军府事","2","0","2"
"南城守将氏延赏","1","1","2"
"城守将氏延赏告","1","1","2"
"守将氏延赏告急","1","1","2"
"河中节度使硃友","2","0","2"
"中节度使硃友谦","2","0","2"
"蕃汉总管李存审","1","1","2"
"文礼镇州兵马留","1","1","2"
"礼镇州兵马留后","1","1","2"
"河东节度副使卢","1","1","2"
"东节度副使卢汝","1","1","2"
"节度副使卢汝弼","1","1","2"
"令天平节度使阎","1","1","2"
"成德兵马留后符","1","1","2"
"德兵马留后符习","1","1","2"
"兵马留后符习率","1","1","2"
"马留后符习率兵","1","1","2"
"梁将戴思远攻德","1","1","2"
"将戴思远攻德胜","1","1","2"
"戴思远攻德胜北","1","1","2"
"思远攻德胜北城","1","1","2"
"张处瑾令韩正时","1","1","2"
"契丹前锋三千骑","1","1","2"
"梁将戴思远乘虚","1","1","2"
"李嗣昭跃马奋击","1","1","2"
"存审北面招讨使","2","0","2"
"赵将李丰子冲投","2","0","2"
"将李丰子冲投缒","2","0","2"
"李丰子冲投缒接","2","0","2"
"丰子冲投缒接王","2","0","2"
"子冲投缒接王师","2","0","2"
"元年春正月丙子","2","0","2"
"潞州留后李继韬","1","1","2"
"州留后李继韬叛","1","1","2"
"一子六品正员官","1","1","2"
"诏令镇州王景崇","1","1","2"
"昭义监军使张居","1","1","2"
"义监军使张居翰","1","1","2"
"幽州军府事李绍","1","1","2"
"州军府事李绍宏","1","1","2"
"依前横海军节度","1","1","2"
"前横海军节度使","1","1","2"
"内外蕃汉副总管","1","1","2"
"守殷守德胜南城","1","1","2"
"段凝率大军攻杨","1","1","2"
"凝率大军攻杨刘","1","1","2"
"率大军攻杨刘南","1","1","2"
"大军攻杨刘南城","1","1","2"
"骑将李绍贻直抵","1","1","2"
"将李绍贻直抵梁","1","1","2"
"李绍贻直抵梁军","1","1","2"
"前锋军士二百人","1","1","2"
"梁左右先锋指挥","1","1","2"
"左右先锋指挥使","1","1","2"
"右先锋指挥使康","1","1","2"
"先锋指挥使康延","1","1","2"
"锋指挥使康延孝","1","1","2"
"张汉杰居中专政","1","1","2"
"下令军中将士家","1","1","2"
"令军中将士家属","1","1","2"
"嗣源令左右捉生","1","1","2"
"梁教坊使陈俊保","1","1","2"
"教坊使陈俊保庇","1","1","2"
"郑珏等一十一人","2","0","2"
"余文武职员将校","1","1","2"
"御史中丞李德休","1","1","2"
"检校太保段凝依","1","1","2"
"随驾兵马都监夏","1","1","2"
"驾兵马都监夏彦","1","1","2"
"兵马都监夏彦朗","1","1","2"
"太常寺事关大礼","1","1","2"
"大理寺事关刑法","1","1","2"
"枢密院斟酌施行","1","1","2"
"平章事豆卢革判","1","1","2"
"章事豆卢革判租","1","1","2"
"事豆卢革判租庸","1","1","2"
"豆卢革判租庸使","1","1","2"
"新罗王金朴英遣","2","0","2"
"罗王金朴英遣使","2","0","2"
"淮南杨溥遣使贺","2","0","2"
"称大吴国主书上","1","1","2"
"大吴国主书上大","1","1","2"
"吴国主书上大唐","1","1","2"
"国主书上大唐皇","1","1","2"
"主书上大唐皇帝","1","1","2"
"诏贬安义军节度","1","1","2"
"贬安义军节度使","1","1","2"
"节度副使李继珂","1","1","2"
"请奉高祖神尧皇","1","1","2"
"奉高祖神尧皇帝","1","1","2"
"高祖神尧皇帝配","1","1","2"
"请奉太宗文皇帝","1","1","2"
"奉太宗文皇帝配","1","1","2"
"请奉太祖武皇帝","1","1","2"
"奉太祖武皇帝配","1","1","2"
"请奉懿祖昭圣皇","1","1","2"
"奉懿祖昭圣皇帝","1","1","2"
"懿祖昭圣皇帝配","1","1","2"
"亳州太清宫道士","1","1","2"
"太庙登歌酌献乐","1","1","2"
"庙登歌酌献乐舞","1","1","2"
"故宣武军节度副","1","1","2"
"宣武军节度副使","1","1","2"
"州山后十三寨百","1","1","2"
"山后十三寨百姓","1","1","2"
"同光二年二月一","1","1","2"
"光二年二月一日","1","1","2"
"解县两池榷盐使","1","1","2"
"魏国夫人刘氏皇","2","0","2"
"前右龙武军都虞","1","1","2"
"右龙武军都虞候","1","1","2"
"守左龙武大将军","1","1","2"
"左龙武大将军李","1","1","2"
"龙武大将军李绍","1","1","2"
"武大将军李绍奇","1","1","2"
"楚州防御使张继","1","1","2"
"枢密使郭崇韬奏","1","1","2"
"谏议大夫窦专上","1","1","2"
"陕州留后李绍真","1","1","2"
"沧州节度使李绍","1","1","2"
"州节度使李绍斌","1","1","2"
"节度使李绍斌充","1","1","2"
"度使李绍斌充东","1","1","2"
"使李绍斌充东北","1","1","2"
"李绍斌充东北面","1","1","2"
"绍斌充东北面招","1","1","2"
"斌充东北面招讨","1","1","2"
"充东北面招讨使","1","1","2"
"令枢密副使宋唐","1","1","2"
"枢密副使宋唐玉","1","1","2"
"中书侍郎吏部尚","2","0","2"
"书侍郎吏部尚书","2","0","2"
"文馆大学士豆卢","1","1","2"
"馆大学士豆卢革","1","1","2"
"大学士豆卢革加","1","1","2"
"送潞州叛将杨立","1","1","2"
"潞州叛将杨立等","1","1","2"
"汝州防御使张继","1","1","2"
"故宣武军节度使","1","1","2"
"牙兵八千七百人","1","1","2"
"宰臣摄太尉行事","2","0","2"
"太原尹孟知祥加","1","1","2"
"陇西郡王李嗣昭","1","1","2"
"州节度使李绍钦","1","1","2"
"节度使李绍钦汤","1","1","2"
"度使李绍钦汤药","1","1","2"
"州刺史钱元璙检","2","0","2"
"刺史钱元璙检校","2","0","2"
"史钱元璙检校太","2","0","2"
"充两浙节度观察","1","1","2"
"两浙节度观察留","1","1","2"
"浙节度观察留后","1","1","2"
"判吏部尚书铨事","1","1","2"
"吏部尚书铨事崔","1","1","2"
"部尚书铨事崔沂","1","1","2"
"吏部侍郎崔贻孙","1","1","2"
"汴州节度使李嗣","1","1","2"
"幸龙门佛寺祈雪","2","0","2"
"定州节度使王都","1","1","2"
"洛京内外蕃汉马","1","1","2"
"京内外蕃汉马步","1","1","2"
"古文钱四百六十","1","1","2"
"文钱四百六十六","1","1","2"
"淮南杨溥遣使朝","2","0","2"
"南杨溥遣使朝贡","2","0","2"
"东京副留守张宪","1","1","2"
"营家口一千二百","1","1","2"
"家口一千二百人","1","1","2"
"口一千二百人逃","1","1","2"
"一千二百人逃亡","1","1","2"
"时宫苑使王允平","1","1","2"
"南杨溥遣使贡方","2","0","2"
"杨溥遣使贡方物","2","0","2"
"翰林学士承旨卢","1","1","2"
"林学士承旨卢质","1","1","2"
"部尚书李琪充昭","1","1","2"
"尚书李琪充昭宗","1","1","2"
"少帝改卜园陵礼","1","1","2"
"帝改卜园陵礼仪","1","1","2"
"改卜园陵礼仪使","1","1","2"
"时枢密使郭崇韬","1","1","2"
"大行皇太后谥议","1","1","2"
"两省御史台五品","1","1","2"
"西川四面行营都","1","1","2"
"川四面行营都统","1","1","2"
"西川东北面行营","1","1","2"
"川东北面行营都","1","1","2"
"东北面行营都招","1","1","2"
"面行营都招讨制","1","1","2"
"行营都招讨制置","1","1","2"
"营都招讨制置等","1","1","2"
"都招讨制置等使","1","1","2"
"西川东南面行营","1","1","2"
"川东南面行营都","1","1","2"
"供军转运应接等","1","1","2"
"军转运应接等使","1","1","2"
"同州节度使李令","1","1","2"
"陕府节度使李绍","1","1","2"
"府节度使李绍琛","1","1","2"
"行营蕃汉马步军","1","1","2"
"营蕃汉马步军都","1","1","2"
"蕃汉马步军都排","1","1","2"
"汉马步军都排阵","1","1","2"
"马步军都排阵斩","1","1","2"
"步军都排阵斩斫","1","1","2"
"军都排阵斩斫使","1","1","2"
"西川管内安抚应","1","1","2"
"川管内安抚应接","1","1","2"
"管内安抚应接使","1","1","2"
"行营左厢马步都","1","1","2"
"营左厢马步都虞","1","1","2"
"左厢马步都虞候","1","1","2"
"邠州节度使董璋","2","0","2"
"西川管内招抚使","1","1","2"
"九月十八日进发","1","1","2"
"中军马步都虞候","1","1","2"
"中军步军都指挥","1","1","2"
"中军左厢马军都","1","1","2"
"中军右厢马军都","1","1","2"
"军右厢马军都指","1","1","2"
"中军左厢步军都","1","1","2"
"军左厢步军都指","1","1","2"
"中军右厢步军都","1","1","2"
"军右厢步军都指","1","1","2"
"中军马步军都监","1","1","2"
"枢密使侍中郭崇","1","1","2"
"密使侍中郭崇韬","1","1","2"
"上大行皇太后谥","1","1","2"
"谥曰贞简皇太后","2","0","2"
"皇太后尊谥宝册","1","1","2"
"户部侍郎冯道依","1","1","2"
"伪兴州刺史王承","1","1","2"
"兴州刺史王承鉴","1","1","2"
"成州刺史王承朴","1","1","2"
"州刺史王承朴弃","1","1","2"
"刺史王承朴弃城","1","1","2"
"武信军节度使王","1","1","2"
"信军节度使王宗","1","1","2"
"军节度使王宗寿","1","1","2"
"皇弟郓州节度使","1","1","2"
"左金吾大将军晋","1","1","2"
"金吾大将军晋州","1","1","2"
"吾大将军晋州节","1","1","2"
"大将军晋州节度","1","1","2"
"将军晋州节度使","1","1","2"
"右金吾大将军同","1","1","2"
"金吾大将军同正","1","1","2"
"伪六军使王宗弼","1","1","2"
"六军使王宗弼报","1","1","2"
"称西川兵马留后","1","1","2"
"时宰相豆卢革等","1","1","2"
"吏部尚书李琪引","1","1","2"
"西川节度使衙前","1","1","2"
"川节度使衙前补","1","1","2"
"节度使衙前补押","1","1","2"
"度使衙前补押衙","1","1","2"
"保大等节度使高","1","1","2"
"大等节度使高万","1","1","2"
"等节度使高万兴","1","1","2"
"九千五百三十匹","1","1","2"
"年春正月戊午朔","2","0","2"
"河中节度使李继","1","1","2"
"中节度使李继麟","1","1","2"
"李继麟滑州节度","1","1","2"
"令硃守殷兵围第","2","0","2"
"七千二百六十人","1","1","2"
"令魏博指挥使杨","1","1","2"
"魏博指挥使杨仁","1","1","2"
"密诏令史彦琼杀","1","1","2"
"都巡检使孙铎等","1","1","2"
"巡检使孙铎等急","1","1","2"
"命宋州节度使元","1","1","2"
"宋州节度使元行","1","1","2"
"州节度使元行钦","1","1","2"
"节度使元行钦率","1","1","2"
"福建节度副使王","1","1","2"
"建节度副使王延","1","1","2"
"节度副使王延翰","1","1","2"
"节度使王审知委","1","1","2"
"邢州左右步直军","1","1","2"
"州左右步直军四","1","1","2"
"左右步直军四百","1","1","2"
"右步直军四百人","1","1","2"
"北面副招讨使李","1","1","2"
"面副招讨使李绍","1","1","2"
"副招讨使李绍真","1","1","2"
"招讨使李绍真率","1","1","2"
"讨使李绍真率兵","1","1","2"
"使李绍真率兵讨","1","1","2"
"马直宿卫军士王","1","1","2"
"直宿卫军士王温","1","1","2"
"宿卫军士王温等","1","1","2"
"卫军士王温等五","1","1","2"
"军士王温等五人","1","1","2"
"蕃汉总管李嗣源","1","1","2"
"汉总管李嗣源统","1","1","2"
"枢密使李绍宏等","1","1","2"
"延州知州白彦琛","1","1","2"
"贼首赵太等二十","1","1","2"
"首赵太等二十一","1","1","2"
"赵太等二十一人","1","1","2"
"行营副招讨使任","1","1","2"
"营副招讨使任圜","1","1","2"
"右龙虎统军安崇","1","1","2"
"龙虎统军安崇阮","1","1","2"
"遣中官向延嗣驰","2","0","2"
"龙骧马军八百骑","1","1","2"
"秦州都指挥使张","1","1","2"
"州都指挥使张塘","1","1","2"
"宫中率诸王近卫","1","1","2"
"北京内衙指挥使","1","1","2"
"朝廷命王思同率","1","1","2"
"都指挥使杨思权","1","1","2"
"京兆居民家财犒","1","1","2"
"河中节度使安彦","1","1","2"
"中节度使安彦威","1","1","2"
"宰臣冯道等率百","2","0","2"
"先皇帝栉风沐雨","1","1","2"
"帝亲校刘延朗告","1","1","2"
"磁州刺史宋令询","1","1","2"
"宣徽北院使郝琼","1","1","2"
"凤翔节度判官韩","1","1","2"
"翔节度判官韩昭","1","1","2"
"亲军都指挥使康","1","1","2"
"军都指挥使康义","1","1","2"
"都指挥使康义诚","1","1","2"
"西京留守王思同","1","1","2"
"州节度使药彦稠","1","1","2"
"西川孟知祥僭称","1","1","2"
"川孟知祥僭称大","1","1","2"
"孟知祥僭称大蜀","1","1","2"
"明殿学士韩昭允","2","0","2"
"枢密直学士李专","1","1","2"
"密直学士李专美","1","1","2"
"左谏议大夫卢损","1","1","2"
"平章事冯道上表","1","1","2"
"顺化军节度使安","1","1","2"
"皇子银青光禄大","1","1","2"
"子银青光禄大夫","1","1","2"
"州防御使相里金","1","1","2"
"检校工部尚书房","1","1","2"
"左谏议大夫韩昭","1","1","2"
"故皇子亳州刺史","1","1","2"
"惠明大师幼澄举","1","1","2"
"明大师幼澄举哀","1","1","2"
"户部侍郎韩彦恽","1","1","2"
"左武卫上将军李","1","1","2"
"武卫上将军李肃","1","1","2"
"称大蜀皇帝献书","1","1","2"
"帝令枢密副使刘","1","1","2"
"令枢密副使刘延","1","1","2"
"立沛国夫人刘氏","1","1","2"
"庄宗朝列传三十","1","1","2"
"宗朝列传三十卷","1","1","2"
"长兴四年十二月","1","1","2"
"前邢州节度使赵","1","1","2"
"邢州节度使赵凤","1","1","2"
"右谏议大夫卢损","1","1","2"
"同平章事卢文进","1","1","2"
"月二十三日皇帝","1","1","2"
"二十三日皇帝诞","1","1","2"
"节度使石敬瑭率","1","1","2"
"度使石敬瑭率兵","1","1","2"
"左卫上将军李宏","1","1","2"
"卫上将军李宏元","1","1","2"
"刑部侍郎郑韬光","1","1","2"
"光禄少卿乌昭远","1","1","2"
"前兴州刺史冯晖","1","1","2"
"配同州衙前安置","1","1","2"
"免三年两税差配","1","1","2"
"前华州节度使王","1","1","2"
"华州节度使王万","1","1","2"
"州节度使王万荣","1","1","2"
"左骁卫上将军致","2","0","2"
"骁卫上将军致仕","2","0","2"
"北面马军都指挥","1","1","2"
"易州刺史安叔千","1","1","2"
"齐州防御使尹晖","1","1","2"
"云州节度使张温","1","1","2"
"西京留守安重霸","1","1","2"
"上皇妣鲁国太夫","1","1","2"
"皇妣鲁国太夫人","1","1","2"
"故太子太保赵凤","1","1","2"
"中书令宰臣面试","1","1","2"
"御史中丞卢损等","1","1","2"
"定州节度使杨檀","1","1","2"
"史官修撰明宗实","1","1","2"
"官修撰明宗实录","1","1","2"
"北面招讨使赵德","1","1","2"
"面招讨使赵德钧","1","1","2"
"北面转运副使刘","1","1","2"
"面转运副使刘福","1","1","2"
"转运副使刘福配","1","1","2"
"镇州百姓车子一","1","1","2"
"州百姓车子一千","1","1","2"
"百姓车子一千五","1","1","2"
"姓车子一千五百","1","1","2"
"前彰国军节度使","1","1","2"
"彰国军节度使沙","1","1","2"
"国军节度使沙彦","1","1","2"
"挟马都指挥使李","1","1","2"
"马都指挥使李晖","1","1","2"
"都指挥使李晖等","1","1","2"
"指挥使李晖等三","1","1","2"
"挥使李晖等三十","1","1","2"
"使李晖等三十六","1","1","2"
"李晖等三十六人","1","1","2"
"滑州节度使高允","1","1","2"
"州节度使高允韬","1","1","2"
"右卫上将军王景","1","1","2"
"上将军王景戡左","2","0","2"
"右神武统军娄继","1","1","2"
"神武统军娄继英","1","1","2"
"通事舍人苏继颜","1","1","2"
"右神武统军沙彦","1","1","2"
"前潞州行军司马","1","1","2"
"潞州行军司马陈","1","1","2"
"州行军司马陈元","1","1","2"
"州团练使李彦舜","1","1","2"
"州节度使杨汉章","1","1","2"
"前邢州节度使康","1","1","2"
"邢州节度使康思","1","1","2"
"前云州节度使安","1","1","2"
"云州节度使安重","1","1","2"
"州节度使安重霸","1","1","2"
"指挥使宋审虔河","2","0","2"
"北面行营总管石","1","1","2"
"面行营总管石敬","1","1","2"
"行营总管石敬瑭","1","1","2"
"晋州节度使张温","1","1","2"
"兵部侍郎李专美","1","1","2"
"宗正少卿李延祚","1","1","2"
"故武安军州节度","1","1","2"
"武安军州节度使","1","1","2"
"累赠太傅刘建峰","1","1","2"
"帝御文明殿受朝","2","0","2"
"枢密院直学士吕","1","1","2"
"密院直学士吕琦","1","1","2"
"尚书工部郎中薛","1","1","2"
"书工部郎中薛文","1","1","2"
"工部郎中薛文遇","1","1","2"
"福建节度使王昶","1","1","2"
"右神武统军杨汉","1","1","2"
"神武统军杨汉章","1","1","2"
"礼部侍郎马裔孙","1","1","2"
"责授右赞善大夫","2","0","2"
"知杂侍御史韦税","1","1","2"
"延州保安镇将白","1","1","2"
"州保安镇将白文","1","1","2"
"保安镇将白文审","1","1","2"
"杀郡人赵思谦等","1","1","2"
"郡人赵思谦等十","1","1","2"
"威塞等军蕃汉副","1","1","2"
"塞等军蕃汉副总","1","1","2"
"等军蕃汉副总管","1","1","2"
"军蕃汉副总管张","1","1","2"
"蕃汉副总管张敬","1","1","2"
"汉副总管张敬达","1","1","2"
"北面蕃汉马步都","2","0","2"
"蕃汉马步都部署","2","0","2"
"饶州刺史符彦饶","1","1","2"
"充侍卫步军都指","2","0","2"
"节度使范延光结","1","1","2"
"度使范延光结婚","1","1","2"
"节度使石敬瑭叛","1","1","2"
"令张敬达进军攻","1","1","2"
"张敬达进军攻讨","1","1","2"
"晋州节度使张敬","1","1","2"
"州节度使张敬达","1","1","2"
"太原四面兵马都","1","1","2"
"原四面兵马都部","1","1","2"
"四面兵马都部署","1","1","2"
"太原四面兵马副","1","1","2"
"原四面兵马副部","1","1","2"
"四面兵马副部署","1","1","2"
"太原四面副招讨","1","1","2"
"原四面副招讨使","1","1","2"
"西北面先锋都指","1","1","2"
"北面先锋都指挥","1","1","2"
"面先锋都指挥使","1","1","2"
"先锋都指挥使安","1","1","2"
"锋都指挥使安审","1","1","2"
"都指挥使安审信","1","1","2"
"挥使安审信率雄","1","1","2"
"使安审信率雄义","1","1","2"
"左第二指挥二百","1","1","2"
"第二指挥二百二","1","1","2"
"二指挥二百二十","1","1","2"
"指挥二百二十七","1","1","2"
"指挥使安元信谋","1","1","2"
"挥使安元信谋杀","1","1","2"
"西北界巡检使安","1","1","2"
"北界巡检使安重","1","1","2"
"界巡检使安重荣","1","1","2"
"巡检使安重荣驱","1","1","2"
"五百骑叛入太原","2","0","2"
"新授河东节度使","1","1","2"
"授河东节度使宋","1","1","2"
"河东节度使宋审","1","1","2"
"东节度使宋审虔","1","1","2"
"都屯驻捧圣都虞","1","1","2"
"令昭召副使边仁","1","1","2"
"昭召副使边仁嗣","1","1","2"
"天雄军节度使刘","1","1","2"
"雄军节度使刘延","1","1","2"
"军节度使刘延皓","1","1","2"
"右捧圣第二军都","1","1","2"
"捧圣第二军都虞","1","1","2"
"圣第二军都虞候","1","1","2"
"第二军都虞候张","1","1","2"
"二军都虞候张令","1","1","2"
"军都虞候张令昭","1","1","2"
"工部尚书崔居俭","1","1","2"
"部尚书崔居俭奉","1","1","2"
"宣宪皇太后宝册","1","1","2"
"右千牛将军张令","1","1","2"
"千牛将军张令昭","1","1","2"
"右第三指挥使邢","1","1","2"
"第三指挥使邢立","1","1","2"
"第五指挥使康福","1","1","2"
"五指挥使康福进","1","1","2"
"节度使范延光天","2","0","2"
"度使范延光天雄","2","0","2"
"使范延光天雄军","2","0","2"
"天雄军四面招讨","1","1","2"
"雄军四面招讨使","1","1","2"
"天雄军四面副招","1","1","2"
"雄军四面副招讨","1","1","2"
"军四面副招讨使","1","1","2"
"河东将佐节度判","1","1","2"
"东将佐节度判官","1","1","2"
"将佐节度判官赵","1","1","2"
"佐节度判官赵莹","1","1","2"
"右卫上将军石重","1","1","2"
"卫上将军石重英","1","1","2"
"皇城副使石重裔","1","1","2"
"都指挥使石敬德","1","1","2"
"云州节度使沙彦","1","1","2"
"步军指挥使桑迁","1","1","2"
"月二十一日收复","1","1","2"
"礼部侍郎张昭远","1","1","2"
"行军司马李延筠","1","1","2"
"张令昭部下败兵","1","1","2"
"捧圣指挥使米全","1","1","2"
"彰圣指挥使张万","1","1","2"
"圣指挥使张万迪","1","1","2"
"端明殿学士吕琦","1","1","2"
"左龙武大将军袁","1","1","2"
"代北兵马都部署","1","1","2"
"都指挥使党行进","1","1","2"
"镇州节度使董温","1","1","2"
"州节度使董温琪","1","1","2"
"甲马一百八十匹","1","1","2"
"步军都指挥使符","1","1","2"
"军都指挥使符彦","1","1","2"
"都指挥使符彦饶","1","1","2"
"指挥使符彦饶率","1","1","2"
"挥使符彦饶率兵","1","1","2"
"枢密使赵延寿先","1","1","2"
"帝立东丹王赞华","1","1","2"
"河东道南面行营","1","1","2"
"东道南面行营招","1","1","2"
"道南面行营招讨","1","1","2"
"河东道东南面行","1","1","2"
"东道东南面行营","1","1","2"
"道东南面行营招","1","1","2"
"东南面行营招讨","1","1","2"
"前坊州刺史刘景","1","1","2"
"军退入河东川界","1","1","2"
"丹州刺史康承询","1","1","2"
"州刺史康承询停","1","1","2"
"承询奉诏率义军","1","1","2"
"太原行营副招讨","1","1","2"
"原行营副招讨使","1","1","2"
"行营副招讨使杨","1","1","2"
"营副招讨使杨光","1","1","2"
"招讨使杨光远杀","1","1","2"
"马军都指挥使宋","1","1","2"
"指挥使宋审虔率","1","1","2"
"武皇帝贞简皇后","1","1","2"
"皇帝贞简皇后曹","1","1","2"
"帝贞简皇后曹氏","1","1","2"
"时伪蜀主王衍率","1","1","2"
"令步骑亲军三万","1","1","2"
"伪蜀东川节度使","1","1","2"
"蜀东川节度使宋","1","1","2"
"东川节度使宋光","1","1","2"
"川节度使宋光葆","1","1","2"
"秦州节度使王承","1","1","2"
"州节度使王承休","1","1","2"
"节度使王承休弃","1","1","2"
"度使王承休弃城","1","1","2"
"天下兵马大元帅","1","1","2"
"捧圣步骑两指挥","1","1","2"
"武皇母弟代州刺","1","1","2"
"皇母弟代州刺史","1","1","2"
"汴将泽州刺史刘","1","1","2"
"将泽州刺史刘屺","1","1","2"
"泽州刺史刘屺弃","1","1","2"
"州刺史刘屺弃城","1","1","2"
"汾州刺史李瑭谋","1","1","2"
"嗣昭昼夜分兵四","1","1","2"
"汴将刘鄩攻同州","2","0","2"
"杨氏治家善积聚","1","1","2"
"潞州节度判官任","1","1","2"
"州节度判官任圜","1","1","2"
"潞州小校冯霸杀","1","1","2"
"令供奉官韩归范","1","1","2"
"供奉官韩归范送","1","1","2"
"奉诚军使孙考老","1","1","2"
"镇州节度使王武","1","1","2"
"州节度使王武俊","1","1","2"
"宗命周德威率兵","1","1","2"
"大将王德明率三","1","1","2"
"将王德明率三十","1","1","2"
"王德明率三十七","1","1","2"
"德明率三十七都","1","1","2"
"亲事偏将苏汉衡","1","1","2"
"事偏将苏汉衡率","1","1","2"
"偏将苏汉衡率兵","1","1","2"
"前成德军中军使","1","1","2"
"朝廷命招讨使李","1","1","2"
"廷命招讨使李钧","1","1","2"
"潞州小校安居受","1","1","2"
"州小校安居受反","1","1","2"
"镇州节度使王镕","2","0","2"
"景仁下令造浮桥","1","1","2"
"大将李山海等五","1","1","2"
"将李山海等五十","1","1","2"
"李山海等五十二","1","1","2"
"山海等五十二人","1","1","2"
"左右厢步军都指","1","1","2"
"蕃汉马步副指挥","1","1","2"
"汉马步副指挥使","1","1","2"
"存审安国军节度","1","1","2"
"存审率师进攻叛","1","1","2"
"泽潞监军张居翰","1","1","2"
"密奏请立魏国夫","1","1","2"
"奏请立魏国夫人","1","1","2"
"奏时务利害二十","1","1","2"
"时务利害二十五","1","1","2"
"务利害二十五条","1","1","2"
"十月十九日入大","1","1","2"
"月十九日入大散","1","1","2"
"十九日入大散关","1","1","2"
"伪凤州节度使王","1","1","2"
"伪命屯驻指挥使","1","1","2"
"命屯驻指挥使唐","1","1","2"
"庄宗令内官李廷","1","1","2"
"宗令内官李廷安","1","1","2"
"六军使王宗弼归","1","1","2"
"庄宗令中官向延","1","1","2"
"宗令中官向延嗣","1","1","2"
"垦地约九百二十","1","1","2"
"地约九百二十万","1","1","2"
"约九百二十万顷","1","1","2"
"劝文皇力行王道","1","1","2"
"东都留司官班首","1","1","2"
"东南面招讨等使","1","1","2"
"成都尹韩昭内外","1","1","2"
"史建瑭攻下赵州","1","1","2"
"昭义军节度判官","1","1","2"
"义军节度判官任","1","1","2"
"军节度判官任圜","1","1","2"
"璋行营右厢马步","2","0","2"
"剑南东川节度副","1","1","2"
"南东川节度副大","1","1","2"
"东川节度副大使","1","1","2"
"枢密承旨李虔徽","1","1","2"
"绵州刺史武虔裕","1","1","2"
"命天雄军节度使","1","1","2"
"天雄军节度使石","1","1","2"
"雄军节度使石敬","1","1","2"
"军节度使石敬瑭","1","1","2"
"东川行营招讨使","1","1","2"
"石敬瑭率师进讨","1","1","2"
"放西川进奏官苏","1","1","2"
"西川进奏官苏愿","1","1","2"
"授天下兵马副元","1","1","2"
"陕州节度使王珙","1","1","2"
"州留后李保衡背","1","1","2"
"刘知俊率大军攻","1","1","2"
"授右千牛卫将军","1","1","2"
"怀州龙骧守御军","1","1","2"
"州龙骧守御军作","1","1","2"
"龙骧守御军作乱","1","1","2"
"左龙骧第一指挥","1","1","2"
"龙骧第一指挥使","1","1","2"
"龙骧四军都指挥","1","1","2"
"骧四军都指挥使","1","1","2"
"贞明二年四月十","1","1","2"
"明二年四月十九","1","1","2"
"年四月十九日夜","1","1","2"
"汴州捉生都将李","1","1","2"
"州捉生都将李霸","1","1","2"
"捉生都将李霸等","1","1","2"
"功授宋州节度使","1","1","2"
"赵德钧令牙将武","1","1","2"
"功授天平军节度","1","1","2"
"授天平军节度使","1","1","2"
"授天雄军教练使","1","1","2"
"魏博内外衙都将","1","1","2"
"都总内外衙银枪","1","1","2"
"总内外衙银枪效","1","1","2"
"内外衙银枪效节","1","1","2"
"外衙银枪效节帐","1","1","2"
"衙银枪效节帐前","1","1","2"
"银枪效节帐前亲","1","1","2"
"枪效节帐前亲军","1","1","2"
"时宦官韦令图监","1","1","2"
"料伊直拟冲霄汉","1","1","2"
"明宗问秦州边事","1","1","2"
"手指画秦州山川","1","1","2"
"指画秦州山川要","1","1","2"
"画秦州山川要害","1","1","2"
"秦州山川要害控","1","1","2"
"石敬瑭入大散关","1","1","2"
"思同恃勇先入剑","1","1","2"
"同恃勇先入剑门","1","1","2"
"时羽林指挥使杨","1","1","2"
"羽林指挥使杨思","1","1","2"
"林指挥使杨思权","1","1","2"
"严卫指挥使尹晖","1","1","2"
"召侍卫指挥使安","1","1","2"
"令武德使孟汉琼","1","1","2"
"晋州节度使华温","1","1","2"
"州节度使华温琪","1","1","2"
"时西征副招讨使","1","1","2"
"西征副招讨使任","1","1","2"
"征副招讨使任圜","1","1","2"
"转集贤殿大学士","1","1","2"
"工部尚书真定尹","2","0","2"
"都指挥使梁汉颙","2","0","2"
"金吾街使寇彦卿","1","1","2"
"吾街使寇彦卿入","1","1","2"
"街使寇彦卿入朝","1","1","2"
"判吏部尚书铨选","1","1","2"
"吏部尚书铨选司","1","1","2"
"授太子少保致仕","1","1","2"
"秦王常接见宾僚","1","1","2"
"密州刺史贺德伦","1","1","2"
"州刺史贺德伦令","1","1","2"
"时武德使史彦琼","1","1","2"
"平卢军行军司马","1","1","2"
"授武宁军节度使","1","1","2"
"鄴都行营招抚使","2","0","2"
"明宗密令张虔钊","1","1","2"
"集贤殿学士判院","1","1","2"
"贤殿学士判院事","1","1","2"
"殿学士判院事萧","1","1","2"
"学士判院事萧希","1","1","2"
"士判院事萧希甫","1","1","2"
"承业辟本院巡官","2","0","2"
"承业重文章履行","2","0","2"
"见杜黄裳司空写","2","0","2"
"杜黄裳司空写真","2","0","2"
"黄裳司空写真图","2","0","2"
"命兴圣宫使李继","1","1","2"
"承制授开府仪同","1","1","2"
"制授开府仪同三","1","1","2"
"王父子血战三十","1","1","2"
"见国家册命大礼","1","1","2"
"十九年十一月二","1","1","2"
"九年十一月二日","1","1","2"
"赠左武卫上将军","1","1","2"
"容管监军判官入","1","1","2"
"行营右厢马军都","1","1","2"
"营右厢马军都指","1","1","2"
"东川节度使董璋","1","1","2"
"川节度使董璋上","1","1","2"
"乾化元年十二月","1","1","2"
"命宣徽使李绍宏","1","1","2"
"宣徽使李绍宏监","1","1","2"
"徽使李绍宏监护","1","1","2"
"举魏博观察判官","1","1","2"
"魏博观察判官张","1","1","2"
"博观察判官张宪","1","1","2"
"命宰臣豆卢革专","1","1","2"
"宰臣豆卢革专判","1","1","2"
"臣豆卢革专判租","1","1","2"
"豆卢革专判租庸","1","1","2"
"南面招讨指挥使","1","1","2"
"西南行营马步军","1","1","2"
"南行营马步军先","1","1","2"
"行营马步军先锋","1","1","2"
"伪蜀六军使王宗","1","1","2"
"蜀六军使王宗弼","1","1","2"
"六军使王宗弼令","1","1","2"
"军使王宗弼令人","1","1","2"
"行营右厢马步使","1","1","2"
"行营左厢马步使","1","1","2"
"令监军使李廷安","1","1","2"
"监军使李廷安召","1","1","2"
"先令都将何建崇","1","1","2"
"景福元年二月二","1","1","2"
"福元年二月二十","1","1","2"
"元年二月二十八","1","1","2"
"陕州保义军节度","1","1","2"
"州保义军节度使","1","1","2"
"东川行营都招讨","1","1","2"
"川行营都招讨使","1","1","2"
"改赐竭忠匡运宁","1","1","2"
"赐竭忠匡运宁国","1","1","2"
"竭忠匡运宁国功","1","1","2"
"忠匡运宁国功臣","1","1","2"
"扶天启运中正功","1","1","2"
"天启运中正功臣","1","1","2"
"都押衙刘知远赞","1","1","2"
"押衙刘知远赞成","1","1","2"
"衙刘知远赞成密","1","1","2"
"刘知远赞成密计","1","1","2"
"北面副招讨使张","1","1","2"
"面副招讨使张敬","1","1","2"
"副招讨使张敬达","1","1","2"
"招收指挥使安重","1","1","2"
"收指挥使安重荣","1","1","2"
"代州屯将安元信","1","1","2"
"州屯将安元信率","1","1","2"
"西北面先锋指挥","1","1","2"
"北面先锋指挥使","1","1","2"
"面先锋指挥使安","1","1","2"
"先锋指挥使安审","1","1","2"
"锋指挥使安审信","1","1","2"
"南军骑将高行周","1","1","2"
"枢密使赵延寿分","1","1","2"
"魏博节度使范延","1","1","2"
"博节度使范延光","1","1","2"
"幽州节度使赵德","1","1","2"
"州节度使赵德钧","1","1","2"
"潞州行营使李思","1","1","2"
"州行营使李思安","1","1","2"
"天福元年十一月","1","1","2"
"晋安寨副招讨使","1","1","2"
"安寨副招讨使杨","1","1","2"
"寨副招讨使杨光","1","1","2"
"招讨使杨光远等","1","1","2"
"战马一千二百匹","1","1","2"
"镇州衙内都虞候","1","1","2"
"同州小校门铎杀","1","1","2"
"右神武统军康思","1","1","2"
"神武统军康思立","1","1","2"
"节度使卢文进杀","1","1","2"
"同平章事高行周","1","1","2"
"中印土摩竭陀舍","1","1","2"
"印土摩竭陀舍卫","1","1","2"
"土摩竭陀舍卫国","1","1","2"
"摩竭陀舍卫国大","1","1","2"
"竭陀舍卫国大菩","1","1","2"
"陀舍卫国大菩提","1","1","2"
"舍卫国大菩提寺","1","1","2"
"卫国大菩提寺三","1","1","2"
"国大菩提寺三藏","1","1","2"
"大菩提寺三藏阿","1","1","2"
"梨沙门室利缚罗","1","1","2"
"北京西北面计度","1","1","2"
"京西北面计度司","1","1","2"
"西北面计度司事","1","1","2"
"皇子左骁卫上将","1","1","2"
"河阳三城节度使","1","1","2"
"天福二年四月五","1","1","2"
"福二年四月五日","1","1","2"
"欠天福元年闰十","1","1","2"
"天福元年闰十一","1","1","2"
"福元年闰十一月","1","1","2"
"元年闰十一月二","1","1","2"
"年闰十一月二十","1","1","2"
"闰十一月二十五","1","1","2"
"十一月二十五日","1","1","2"
"遣客省使李守贞","2","0","2"
"都指挥使白奉进","2","0","2"
"滑州节度使符彦","1","1","2"
"州节度使符彦饶","1","1","2"
"立功都虞候方太","1","1","2"
"功都虞候方太押","1","1","2"
"都虞候方太押送","1","1","2"
"虞候方太押送赴","1","1","2"
"右卫上将军李金","1","1","2"
"卫上将军李金全","1","1","2"
"监修国史赵莹奏","2","0","2"
"枢密院学士侍立","1","1","2"
"镇海镇东节度使","1","1","2"
"吴越王钱元瓘加","2","0","2"
"楚王马希范加食","2","0","2"
"王马希范加食邑","2","0","2"
"马希范加食邑实","2","0","2"
"希范加食邑实封","2","0","2"
"改赐扶天佐运同","1","1","2"
"赐扶天佐运同德","1","1","2"
"扶天佐运同德致","1","1","2"
"天佐运同德致理","1","1","2"
"佐运同德致理功","1","1","2"
"运同德致理功臣","1","1","2"
"兴元节度使张筠","1","1","2"
"左散骑常侍张允","1","1","2"
"散骑常侍张允进","1","1","2"
"中书舍人李详上","1","1","2"
"监门卫上将军王","1","1","2"
"门卫上将军王彦","1","1","2"
"谏议大夫薛融上","1","1","2"
"议大夫薛融上疏","1","1","2"
"贡举宜权停一年","2","0","2"
"侍御史知杂事刘","1","1","2"
"刑部郎中司徒诩","1","1","2"
"中书舍人窦贞固","1","1","2"
"书舍人窦贞固上","1","1","2"
"高丽国宿卫质子","1","1","2"
"丽国宿卫质子王","1","1","2"
"国宿卫质子王仁","1","1","2"
"宿卫质子王仁翟","1","1","2"
"书侍郎平章事桑","1","1","2"
"侍郎平章事桑维","1","1","2"
"郎平章事桑维翰","1","1","2"
"左金吾仗勘契官","1","1","2"
"金吾仗勘契官王","1","1","2"
"吾仗勘契官王英","1","1","2"
"司天台鸡叫学生","1","1","2"
"天台鸡叫学生商","1","1","2"
"台鸡叫学生商晖","1","1","2"
"鸡叫学生商晖等","1","1","2"
"仁美遣使贡方物","2","0","2"
"宣徽南院使刘处","1","1","2"
"福建节度使王继","1","1","2"
"建节度使王继恭","1","1","2"
"节度使王继恭遣","2","0","2"
"加食邑一万五千","1","1","2"
"食邑一万五千户","1","1","2"
"郓州范延光上表","1","1","2"
"太子太师致仕范","2","0","2"
"子太师致仕范延","2","0","2"
"太师致仕范延光","2","0","2"
"朔方军节度使张","1","1","2"
"方军节度使张希","1","1","2"
"军节度使张希崇","1","1","2"
"左谏议大夫曹国","1","1","2"
"谏议大夫曹国珍","1","1","2"
"议大夫曹国珍上","1","1","2"
"礼部员外郎杨昭","1","1","2"
"部员外郎杨昭俭","1","1","2"
"回鹘汗仁美遣使","2","0","2"
"鹘汗仁美遣使贡","2","0","2"
"泾州节度使张万","1","1","2"
"前右拾遗郑云叟","2","0","2"
"供奉官齐延祚乘","1","1","2"
"奉官齐延祚乘驿","1","1","2"
"昭顺军节度使姚","1","1","2"
"顺军节度使姚彦","1","1","2"
"军节度使姚彦章","1","1","2"
"节度使马希范加","1","1","2"
"户部尚书崔居俭","1","1","2"
"御史中丞薛融等","1","1","2"
"史中丞薛融等上","1","1","2"
"守司空门下侍郎","2","0","2"
"文馆大学士冯道","1","1","2"
"司天监马重绩等","1","1","2"
"天监马重绩等进","1","1","2"
"相州节度使桑维","1","1","2"
"节度使桑维翰上","1","1","2"
"威武军节度使王","1","1","2"
"武军节度使王继","1","1","2"
"军节度使王继恭","1","1","2"
"兵部员外郎李知","1","1","2"
"部员外郎李知损","1","1","2"
"员外郎李知损上","1","1","2"
"外郎李知损上疏","1","1","2"
"逍遥先生郑云叟","1","1","2"
"使杨彦询使契丹","2","0","2"
"袭酅国公杨延寿","2","0","2"
"三恪汝州襄城县","1","1","2"
"中节度使安审信","1","1","2"
"沙州归义军节度","1","1","2"
"州归义军节度使","1","1","2"
"归义军节度使曹","1","1","2"
"义军节度使曹义","1","1","2"
"军节度使曹义金","1","1","2"
"北京留守安彦威","1","1","2"
"青州节度使王建","1","1","2"
"州节度使王建立","1","1","2"
"容州节度使马存","1","1","2"
"驸马都尉杨承祚","1","1","2"
"昭义军节度使王","1","1","2"
"义军节度使王建","1","1","2"
"军节度使王建立","1","1","2"
"曹州防御使石晖","1","1","2"
"前鄜州节度使安","2","0","2"
"鄜州节度使安审","2","0","2"
"内客省使李守贞","1","1","2"
"供奉官刘彦瑶奉","1","1","2"
"昭义节度使韩王","1","1","2"
"义节度使韩王王","1","1","2"
"节度使韩王王建","1","1","2"
"度使韩王王建立","1","1","2"
"道士崇真大师张","1","1","2"
"士崇真大师张荐","1","1","2"
"崇真大师张荐明","1","1","2"
"节度使马全节加","1","1","2"
"节度使安审晖加","1","1","2"
"二舞行列等事上","1","1","2"
"左龙武统军相里","1","1","2"
"龙武统军相里金","1","1","2"
"东西等道节度使","1","1","2"
"汝州防御使杨承","1","1","2"
"州防御使杨承贵","1","1","2"
"莱州刺史段希尧","1","1","2"
"遂州武信军节度","1","1","2"
"州武信军节度使","1","1","2"
"镇海军衙内统军","1","1","2"
"同平章事陆仁璋","1","1","2"
"吴越国进奉使陈","1","1","2"
"越国进奉使陈元","1","1","2"
"国进奉使陈元亮","1","1","2"
"进奉使陈元亮进","1","1","2"
"福州威武军节度","1","1","2"
"州威武军节度使","1","1","2"
"天福六年春正月","1","1","2"
"刑部员外郎李象","1","1","2"
"部员外郎李象上","1","1","2"
"同州指挥使成殷","1","1","2"
"遣供奉官张澄等","1","1","2"
"户部侍郎张昭远","1","1","2"
"吏部郎中郑受益","1","1","2"
"骁卫上将军李承","1","1","2"
"卫上将军李承约","1","1","2"
"右卫上将军李顷","1","1","2"
"襄州节度使安进","2","0","2"
"天福六年秋七月","1","1","2"
"西凉府留后李文","1","1","2"
"凉府留后李文谦","1","1","2"
"左右金吾六军仪","1","1","2"
"右金吾六军仪仗","1","1","2"
"金吾六军仪仗排","1","1","2"
"吾六军仪仗排列","1","1","2"
"都皇城南门应天","1","1","2"
"皇城南门应天门","1","1","2"
"邢州节度使杨彦","1","1","2"
"州节度使杨彦询","1","1","2"
"考功郎中张铸持","1","1","2"
"功郎中张铸持节","1","1","2"
"郎中张铸持节册","1","1","2"
"太子少傅致仕王","2","0","2"
"同州节度使宋彦","1","1","2"
"州节度使宋彦筠","1","1","2"
"宣徽南院使张恩","2","0","2"
"先锋都指挥使郭","1","1","2"
"锋都指挥使郭金","1","1","2"
"都指挥使郭金海","1","1","2"
"指挥使郭金海等","1","1","2"
"衙内都指挥使安","1","1","2"
"内都指挥使安宏","1","1","2"
"都指挥使安宏义","1","1","2"
"安重荣称兵向阙","2","0","2"
"步军都指挥使杜","1","1","2"
"杜重威北面行营","2","0","2"
"重威北面行营招","2","0","2"
"威北面行营招讨","2","0","2"
"邢州节度使马全","1","1","2"
"贝州节度使王周","1","1","2"
"均州刺史蔡行遇","1","1","2"
"深州刺史史虔武","1","1","2"
"右金吾上将军苌","1","1","2"
"面行营都部署高","1","1","2"
"故检校太子宾客","1","1","2"
"故左金吾卫将军","1","1","2"
"度使桑维翰加检","2","0","2"
"使桑维翰加检校","2","0","2"
"桑维翰加检校太","2","0","2"
"节度使侍卫马步","2","0","2"
"马步军都虞候景","1","1","2"
"步军都虞候景延","1","1","2"
"军都虞候景延广","1","1","2"
"河阳节度使王周","1","1","2"
"皇妹清平公主进","1","1","2"
"妹清平公主进封","1","1","2"
"齐州防御使宋光","1","1","2"
"翰林茶酒使张言","1","1","2"
"契丹枢密使赵延","1","1","2"
"丹枢密使赵延寿","1","1","2"
"驸马都尉史匡翰","1","1","2"
"唐州湖阳县蓼山","1","1","2"
"州湖阳县蓼山神","1","1","2"
"节度使安彦威封","1","1","2"
"泾州节度使王周","1","1","2"
"议大夫郑受益两","1","1","2"
"泾州节度使张彦","1","1","2"
"贝州清河县主簿","1","1","2"
"庆州刺史米廷训","1","1","2"
"左威卫上将军卫","1","1","2"
"威卫上将军卫审","1","1","2"
"襄州都部署高行","1","1","2"
"州都部署高行周","1","1","2"
"观察判官李光图","1","1","2"
"年六月二十七日","1","1","2"
"右骁卫将军石德","1","1","2"
"骁卫将军石德超","1","1","2"
"卫将军石德超等","1","1","2"
"将军石德超等押","1","1","2"
"门下侍郎窦贞固","1","1","2"
"御史中丞王易简","1","1","2"
"国子祭酒户部侍","2","0","2"
"子祭酒户部侍郎","2","0","2"
"祭酒户部侍郎田","2","0","2"
"酒户部侍郎田敏","2","0","2"
"恆州顺国军节度","2","0","2"
"顺国军节度使杜","1","1","2"
"宰臣冯道等上表","2","0","2"
"请依旧置枢密使","2","0","2"
"赐宰臣冯道生辰","1","1","2"
"宰臣冯道生辰器","1","1","2"
"左散骑常侍罗周","1","1","2"
"散骑常侍罗周岳","1","1","2"
"晋昌军节度使桑","1","1","2"
"昌军节度使桑维","1","1","2"
"军节度使桑维翰","1","1","2"
"河东节度使康福","1","1","2"
"赐襄州城内百姓","1","1","2"
"襄州城内百姓粟","1","1","2"
"契丹遣使致祭高","2","0","2"
"丹遣使致祭高祖","2","0","2"
"吴越国王钱宏佐","2","0","2"
"福建节度使王延","1","1","2"
"建节度使王延羲","1","1","2"
"威武军节度副使","1","1","2"
"军都指挥使王亚","1","1","2"
"都指挥使王亚澄","1","1","2"
"回鹘进奉使密里","1","1","2"
"鹘进奉使密里等","1","1","2"
"怀化归德大将军","1","1","2"
"故洪州节度使马","1","1","2"
"节度使马希振追","1","1","2"
"度使马希振追封","1","1","2"
"使马希振追封齐","1","1","2"
"马希振追封齐国","1","1","2"
"希振追封齐国公","1","1","2"
"故中吴建武等军","1","1","2"
"中吴建武等军节","1","1","2"
"吴建武等军节度","1","1","2"
"建武等军节度使","1","1","2"
"天福八年春正月","1","1","2"
"五千三百八十七","1","1","2"
"后唐庄宗德妃伊","1","1","2"
"唐庄宗德妃伊氏","1","1","2"
"侍卫亲军使景延","1","1","2"
"卫亲军使景延广","1","1","2"
"七千七百五十九","1","1","2"
"金吾卫上将军刘","1","1","2"
"吾卫上将军刘处","1","1","2"
"左羽林统军安审","1","1","2"
"羽林统军安审晖","1","1","2"
"礼部侍郎吴承范","1","1","2"
"尚书左丞王易简","1","1","2"
"天福八年秋七月","1","1","2"
"右卫上将军杨思","1","1","2"
"卫上将军杨思权","1","1","2"
"颍州团练使田令","1","1","2"
"州团练使田令方","1","1","2"
"州刺史李彝敏抛","1","1","2"
"刺史李彝敏抛弃","1","1","2"
"宥州刺史李仁立","1","1","2"
"州刺史李彝敏擅","1","1","2"
"前复州防御使吴","1","1","2"
"复州防御使吴峦","1","1","2"
"节度使王令温赴","1","1","2"
"单州军事判官赵","1","1","2"
"州军事判官赵岳","1","1","2"
"军卫将军蔡行遇","1","1","2"
"卫将军蔡行遇押","1","1","2"
"供奉官殿直二十","1","1","2"
"奉官殿直二十六","1","1","2"
"官殿直二十六人","1","1","2"
"节度使杨光远谋","1","1","2"
"河阳节度使符彦","1","1","2"
"阳节度使符彦卿","1","1","2"
"宋州节度使高行","1","1","2"
"州节度使高行周","1","1","2"
"同州节度使李承","1","1","2"
"州节度使李承福","1","1","2"
"登州刺史郭彦威","1","1","2"
"开运元年春正月","1","1","2"
"契丹前锋赵延寿","1","1","2"
"右武卫上将军张","1","1","2"
"武卫上将军张彦","1","1","2"
"卫上将军张彦泽","1","1","2"
"上将军张彦泽等","1","1","2"
"将军张彦泽等率","1","1","2"
"左武卫将军蔡行","1","1","2"
"武卫将军蔡行遇","1","1","2"
"卫将军蔡行遇率","1","1","2"
"先锋指挥使石公","1","1","2"
"锋指挥使石公霸","1","1","2"
"契丹西南面招讨","1","1","2"
"丹西南面招讨使","1","1","2"
"州刺史安审约奏","2","0","2"
"邓州节度使何建","1","1","2"
"护圣第二军都指","1","1","2"
"圣第二军都指挥","1","1","2"
"第二军都指挥使","1","1","2"
"二军都指挥使安","1","1","2"
"监军何彦超等临","1","1","2"
"军何彦超等临阵","1","1","2"
"何彦超等临阵畏","1","1","2"
"彦超等临阵畏怯","1","1","2"
"侍卫亲军都虞候","1","1","2"
"卫亲军都虞候李","1","1","2"
"亲军都虞候李守","1","1","2"
"军都虞候李守贞","1","1","2"
"都虞候李守贞率","1","1","2"
"贝州贼将赵延昭","1","1","2"
"州贼将赵延昭纵","1","1","2"
"贼将赵延昭纵火","1","1","2"
"开运元年秋七月","1","1","2"
"代州刺史白文珂","1","1","2"
"遣墨县令王德柔","2","0","2"
"墨县令王德柔贡","2","0","2"
"县令王德柔贡表","2","0","2"
"令王德柔贡表待","2","0","2"
"王德柔贡表待罪","2","0","2"
"开运二年春正月","1","1","2"
"西京留守景延广","1","1","2"
"沧州节度使田武","1","1","2"
"东北面行营都部","1","1","2"
"随驾马步军都钤","1","1","2"
"驾马步军都钤辖","1","1","2"
"行营副招讨使马","1","1","2"
"营副招讨使马全","1","1","2"
"副招讨使马全节","1","1","2"
"行营都监李守贞","1","1","2"
"武统军张彦泽等","1","1","2"
"尚书户部侍郎冯","1","1","2"
"书户部侍郎冯玉","1","1","2"
"蕃汉兵士二千人","1","1","2"
"开运二年夏五月","1","1","2"
"左谏议大夫李元","1","1","2"
"谏议大夫李元龟","1","1","2"
"吏部侍郎张昭远","1","1","2"
"部侍郎张昭远加","1","1","2"
"二王后守太仆少","1","1","2"
"王后守太仆少卿","1","1","2"
"金耳环二副进呈","1","1","2"
"瀛州守将刘延祚","1","1","2"
"州守将刘延祚受","1","1","2"
"守将刘延祚受契","1","1","2"
"将刘延祚受契丹","1","1","2"
"开运三年冬十一","1","1","2"
"运三年冬十一月","1","1","2"
"面行营招讨使杜","1","1","2"
"行营招讨使杜威","1","1","2"
"营招讨使杜威率","1","1","2"
"节度使梁汉璋战","1","1","2"
"度使梁汉璋战死","1","1","2"
"都指挥使王清战","1","1","2"
"指挥使王清战死","1","1","2"
"节度使张彦泽受","2","0","2"
"度使张彦泽受契","2","0","2"
"使张彦泽受契丹","2","0","2"
"张彦泽受契丹命","2","0","2"
"控鹤指挥使李荣","1","1","2"
"郑州防御使杨承","1","1","2"
"州防御使杨承勋","1","1","2"
"节度使赵延晖尽","1","1","2"
"赐忠顺保义功臣","2","0","2"
"守左金吾卫大将","1","1","2"
"重信历事唐明宗","1","1","2"
"庄宅使张颖监护","1","1","2"
"宅使张颖监护丧","1","1","2"
"使张颖监护丧事","1","1","2"
"天福八年十二月","1","1","2"
"卢龙军行军司马","1","1","2"
"平州节度使卢文","1","1","2"
"州节度使卢文进","1","1","2"
"节度使卢文进南","1","1","2"
"度使卢文进南归","1","1","2"
"授晋昌军节度使","2","0","2"
"内客省使李彦韬","1","1","2"
"端明殿学士冯玉","1","1","2"
"开运三年十二月","1","1","2"
"运三年十二月十","1","1","2"
"三年十二月十日","1","1","2"
"莹监修金天神祠","1","1","2"
"逐浮阳节度使卢","1","1","2"
"浮阳节度使卢彦","1","1","2"
"阳节度使卢彦威","1","1","2"
"沧州留后毛璋归","1","1","2"
"天雄军兵马留后","1","1","2"
"西川行营步军都","1","1","2"
"川行营步军都指","1","1","2"
"北面行营马步都","1","1","2"
"天雄军马步都指","1","1","2"
"雄军马步都指挥","1","1","2"
"行台右千牛卫大","1","1","2"
"台右千牛卫大将","1","1","2"
"右千牛卫大将军","1","1","2"
"官开府仪同三司","1","1","2"
"荆南道行营兵马","1","1","2"
"南道行营兵马都","1","1","2"
"道行营兵马都监","1","1","2"
"灵武兵马留后韩","1","1","2"
"肃等州观察处置","1","1","2"
"福耀忠匡定保节","1","1","2"
"改赐输忠守正翊","1","1","2"
"赐输忠守正翊亮","1","1","2"
"输忠守正翊亮功","1","1","2"
"忠守正翊亮功臣","1","1","2"
"时河朔群盗充斥","1","1","2"
"庆州刺史窦廷琬","1","1","2"
"兵部侍郎司空图","1","1","2"
"唐尚书司勋郎中","1","1","2"
"河东节度掌书记","1","1","2"
"改赐耀忠匡定保","1","1","2"
"左金吾卫上将军","1","1","2"
"西北面都计度使","1","1","2"
"魏博屯将张令昭","1","1","2"
"屯将张令昭逐帅","2","0","2"
"高祖命宣武军节","1","1","2"
"祖命宣武军节度","1","1","2"
"命宣武军节度使","1","1","2"
"宣武军节度使杨","1","1","2"
"武军节度使杨光","1","1","2"
"军节度使杨光远","1","1","2"
"卫等州观察处置","1","1","2"
"行营左军都指挥","1","1","2"
"营左军都指挥使","1","1","2"
"宋国夫人霍氏上","1","1","2"
"圣右厢都指挥使","1","1","2"
"护圣左右厢都指","1","1","2"
"圣左右厢都指挥","1","1","2"
"竭诚翊戴保节功","1","1","2"
"诚翊戴保节功臣","1","1","2"
"太子右赞善大夫","1","1","2"
"魏府屯将张令昭","1","1","2"
"澶州刺史冯晖等","1","1","2"
"天福二年夏六月","1","1","2"
"幽州马步军都指","1","1","2"
"魏博行府节度使","1","1","2"
"承祚见城中人民","1","1","2"
"祚见城中人民相","1","1","2"
"振武蕃汉马步军","1","1","2"
"武蕃汉马步军都","1","1","2"
"振武道巡边指挥","1","1","2"
"武道巡边指挥使","1","1","2"
"行军司马郑元昭","1","1","2"
"高祖睿文圣武昭","1","1","2"
"祖睿文圣武昭肃","1","1","2"
"祖母鲁国太夫人","1","1","2"
"母鲁国太夫人李","1","1","2"
"鲁国太夫人李氏","1","1","2"
"吴国太夫人安氏","1","1","2"
"北京马步军都指","1","1","2"
"侍卫马步都指挥","1","1","2"
"卫马步都指挥使","1","1","2"
"幽州道行营招讨","1","1","2"
"州道行营招讨使","1","1","2"
"天福十二年春正","1","1","2"
"福十二年春正月","1","1","2"
"河东行军司马张","1","1","2"
"东行军司马张彦","1","1","2"
"行军司马张彦威","1","1","2"
"晋州兵马留后张","1","1","2"
"州兵马留后张晏","1","1","2"
"兵马留后张晏洪","1","1","2"
"潞州留后王守恩","1","1","2"
"天雄军节度使杜","1","1","2"
"雄军节度使杜重","1","1","2"
"本道节度使周密","1","1","2"
"三月二十一日夜","1","1","2"
"河阳留后武行德","1","1","2"
"遣奉国都虞候武","1","1","2"
"奉国都虞候武行","1","1","2"
"国都虞候武行德","1","1","2"
"前澶州节度使潘","1","1","2"
"澶州节度使潘环","1","1","2"
"天福十二年夏五","1","1","2"
"福十二年夏五月","1","1","2"
"泽州刺史翟令奇","1","1","2"
"州节度使萧翰迎","1","1","2"
"定州节度副使耶","1","1","2"
"州节度副使耶律","1","1","2"
"节度副使耶律忠","1","1","2"
"方简云州节度使","2","0","2"
"契丹河中节度使","1","1","2"
"丹河中节度使赵","1","1","2"
"河中节度使赵赞","1","1","2"
"福十二年六月十","1","1","2"
"十二年六月十五","1","1","2"
"二年六月十五日","1","1","2"
"屯驻指挥使王继","1","1","2"
"左卫上将军皇甫","1","1","2"
"卫上将军皇甫立","1","1","2"
"宋州节度使杜重","1","1","2"
"镇州驻屯护圣左","1","1","2"
"州驻屯护圣左厢","1","1","2"
"驻屯护圣左厢都","1","1","2"
"屯护圣左厢都指","1","1","2"
"左厢都指挥使白","1","1","2"
"都部署高行周督","1","1","2"
"副部署慕容彦超","1","1","2"
"部署慕容彦超坚","1","1","2"
"王师伤夷者万余","2","0","2"
"师伤夷者万余人","2","0","2"
"正月五日昧爽前","2","0","2"
"元年正月二十七","1","1","2"
"万岁殿门东庑下","2","0","2"
"副枢密使郭威等","1","1","2"
"陕州兵马监押王","1","1","2"
"州兵马监押王玉","1","1","2"
"时供奉官时知化","1","1","2"
"前永兴节度使赵","1","1","2"
"永兴节度使赵赞","1","1","2"
"兴节度使赵赞部","1","1","2"
"节度使赵赞部下","1","1","2"
"度使赵赞部下牙","1","1","2"
"使赵赞部下牙兵","1","1","2"
"赵赞部下牙兵赵","1","1","2"
"赞部下牙兵赵思","1","1","2"
"部下牙兵赵思绾","1","1","2"
"下牙兵赵思绾等","1","1","2"
"牙兵赵思绾等三","1","1","2"
"兵赵思绾等三百","1","1","2"
"定州节度使孙方","1","1","2"
"州节度使孙方简","1","1","2"
"前翰林学士徐台","1","1","2"
"翰林学士徐台符","1","1","2"
"相州节度使王继","1","1","2"
"兵部郎中马承翰","1","1","2"
"河府李守贞求援","1","1","2"
"乾祐二年春正月","1","1","2"
"赐前昭义军节度","1","1","2"
"昭义军节度使张","1","1","2"
"前右监门将军乔","1","1","2"
"右监门将军乔达","1","1","2"
"徐州巡检使成德","1","1","2"
"州巡检使成德钦","1","1","2"
"河中节度副使周","1","1","2"
"中节度副使周光","1","1","2"
"节度副使周光逊","1","1","2"
"将士一千一百三","1","1","2"
"士一千一百三十","1","1","2"
"一千一百三十人","1","1","2"
"右监门大将军许","1","1","2"
"监门大将军许迁","1","1","2"
"门大将军许迁上","1","1","2"
"大将军许迁上言","1","1","2"
"永兴城内都指挥","1","1","2"
"兴城内都指挥使","1","1","2"
"城内都指挥使常","1","1","2"
"内都指挥使常彦","1","1","2"
"都指挥使常彦卿","1","1","2"
"常彦卿虢州刺史","2","0","2"
"华州留后赵思绾","1","1","2"
"守温受高祖命巡","1","1","2"
"温受高祖命巡检","1","1","2"
"受高祖命巡检京","1","1","2"
"高祖命巡检京兆","1","1","2"
"凤翔押送赵思绾","1","1","2"
"翔押送赵思绾等","1","1","2"
"右拾遗高守琼上","1","1","2"
"拾遗高守琼上言","1","1","2"
"中大臣镇抚谋画","1","1","2"
"八月十八日大破","1","1","2"
"月十八日大破朗","1","1","2"
"十八日大破朗州","1","1","2"
"八日大破朗州马","1","1","2"
"日大破朗州马希","1","1","2"
"大破朗州马希萼","1","1","2"
"令宣徽使王峻参","1","1","2"
"宣徽使王峻参预","1","1","2"
"徽使王峻参预军","1","1","2"
"使王峻参预军事","1","1","2"
"静江军节度使马","1","1","2"
"江军节度使马希","1","1","2"
"军节度使马希赡","1","1","2"
"乾祐三年春正月","1","1","2"
"翔行营都部署赵","1","1","2"
"行营都部署赵晖","1","1","2"
"前永兴军节度副","1","1","2"
"永兴军节度副使","1","1","2"
"兴军节度副使安","1","1","2"
"军节度副使安友","1","1","2"
"节度副使安友规","1","1","2"
"权知永兴军府事","2","0","2"
"枢密使郭威巡边","1","1","2"
"密使郭威巡边回","1","1","2"
"淮南都将李晖等","1","1","2"
"南都将李晖等三","1","1","2"
"都将李晖等三十","1","1","2"
"将李晖等三十三","1","1","2"
"李晖等三十三人","1","1","2"
"西京留守白文珂","1","1","2"
"节度使马希萼奏","1","1","2"
"度使马希萼奏请","1","1","2"
"卫都指挥使史宏","2","0","2"
"枢密承旨聂文进","1","1","2"
"密承旨聂文进急","1","1","2"
"承旨聂文进急召","1","1","2"
"旨聂文进急召宰","1","1","2"
"聂文进急召宰臣","1","1","2"
"文进急召宰臣百","1","1","2"
"遣腹心赍密诏澶","2","0","2"
"腹心赍密诏澶州","2","0","2"
"令澶州节度使李","1","1","2"
"节度使李洪义诛","1","1","2"
"都屯驻护圣左厢","1","1","2"
"屯驻护圣左厢都","1","1","2"
"驻护圣左厢都指","1","1","2"
"奉国左厢都指挥","1","1","2"
"国左厢都指挥使","1","1","2"
"左厢都指挥使曹","1","1","2"
"厢都指挥使曹英","1","1","2"
"急诏郓州高行周","1","1","2"
"军都指挥使李洪","1","1","2"
"都指挥使李洪建","1","1","2"
"权侍卫马军都指","2","0","2"
"本州副使陈光穗","1","1","2"
"州节度使张彦超","1","1","2"
"郑州防御使吴虔","1","1","2"
"州防御使吴虔裕","1","1","2"
"防御使吴虔裕等","1","1","2"
"密奏置嵒脱衣中","2","0","2"
"李筠等大合骑乘","2","0","2"
"前滑州节度使白","1","1","2"
"令散员都虞候奔","1","1","2"
"散员都虞候奔德","1","1","2"
"员都虞候奔德等","1","1","2"
"都虞候奔德等下","1","1","2"
"虞候奔德等下手","1","1","2"
"候奔德等下手杀","1","1","2"
"奔德等下手杀害","1","1","2"
"奉国指挥使杨德","1","1","2"
"护圣指挥使康审","1","1","2"
"圣指挥使康审澄","1","1","2"
"指挥使康审澄等","1","1","2"
"节度使判官路涛","1","1","2"
"康审澄夜中放火","1","1","2"
"审澄夜中放火斩","1","1","2"
"澄夜中放火斩关","1","1","2"
"遣侍卫马军指挥","2","0","2"
"指挥使郭崇率七","2","0","2"
"挥使郭崇率七百","2","0","2"
"使郭崇率七百骑","2","0","2"
"置武节左右指挥","1","1","2"
"主命大将耿崇美","1","1","2"
"充侍卫亲军都指","2","0","2"
"苏逢吉等同受顾","2","0","2"
"逢吉等同受顾命","2","0","2"
"客省使阎晋卿等","1","1","2"
"乾祐三年冬十一","2","0","2"
"祐三年冬十一月","2","0","2"
"三年冬十一月十","1","1","2"
"年冬十一月十三","1","1","2"
"冬十一月十三日","1","1","2"
"后唐租庸使孔谦","1","1","2"
"都虞候张令昭作","1","1","2"
"虞候张令昭作乱","1","1","2"
"亲军马步军副指","1","1","2"
"军马步军副指挥","1","1","2"
"遣殿中监王钦祚","1","1","2"
"幽州指挥使张琏","1","1","2"
"晋高祖命马全节","1","1","2"
"高祖命马全节讨","1","1","2"
"青州行营都部署","1","1","2"
"守贞北面行营都","2","0","2"
"侍卫副都指挥使","1","1","2"
"枢密使直学士殷","1","1","2"
"密使直学士殷鹏","1","1","2"
"守贞面上管幽州","1","1","2"
"枢密使郭威西征","1","1","2"
"令判官李恕入朝","1","1","2"
"判官李恕入朝请","1","1","2"
"元年三月二十四","1","1","2"
"年三月二十四日","1","1","2"
"姨母楚国夫人韩","1","1","2"
"母楚国夫人韩氏","1","1","2"
"楚国夫人韩氏提","1","1","2"
"国夫人韩氏提携","1","1","2"
"潞州节度使李嗣","1","1","2"
"州节度使李嗣昭","1","1","2"
"时河阳节度使张","1","1","2"
"河阳节度使张彦","1","1","2"
"阳节度使张彦琪","1","1","2"
"二年正月五日夜","1","1","2"
"宣徽南院使王峻","1","1","2"
"澶州副使陈光穗","1","1","2"
"令护圣左厢都指","1","1","2"
"都指挥使郭崇等","1","1","2"
"遣左神武统军袁","1","1","2"
"前邓州节度使刘","1","1","2"
"邓州节度使刘重","1","1","2"
"州节度使刘重进","1","1","2"
"节度使刘重进率","1","1","2"
"广顺元年春正月","1","1","2"
"马步诸军将士等","1","1","2"
"宁远等军节度使","1","1","2"
"广顺元年春二月","1","1","2"
"副招讨使白截海","1","1","2"
"徐州行营都部署","1","1","2"
"州行营都部署王","1","1","2"
"行营都部署王彦","1","1","2"
"营都部署王彦超","1","1","2"
"刘铢骨肉陕州庄","1","1","2"
"汉隐帝梓宫殡故","2","0","2"
"左金吾卫将军姚","1","1","2"
"金吾卫将军姚汉","1","1","2"
"前右神武将军华","1","1","2"
"右神武将军华光","1","1","2"
"神武将军华光裔","1","1","2"
"幽州牙将曹继筠","1","1","2"
"太平宫居汉太后","2","0","2"
"伪节度使马希萼","1","1","2"
"晋州巡检王万敢","1","1","2"
"鄂州节度使刘仁","1","1","2"
"州节度使刘仁赡","1","1","2"
"左卫将军申师厚","1","1","2"
"右监门将军李重","1","1","2"
"监门将军李重玉","1","1","2"
"门将军李重玉主","1","1","2"
"迁葬故淑妃王氏","1","1","2"
"广顺二年春正月","1","1","2"
"齐州防御使史延","1","1","2"
"州防御使史延韬","1","1","2"
"陈州防御使药元","1","1","2"
"州防御使药元福","1","1","2"
"三司军将路昌祚","1","1","2"
"府州防卸使折德","2","0","2"
"州防卸使折德扆","2","0","2"
"防卸使折德扆奏","2","0","2"
"灵武节度使冯晖","1","1","2"
"伪幽州节度使萧","1","1","2"
"幽州节度使萧海","1","1","2"
"州节度使萧海贞","1","1","2"
"洋州节度使郭崇","1","1","2"
"牙内都指挥使何","1","1","2"
"内都指挥使何继","1","1","2"
"都指挥使何继筠","1","1","2"
"指挥使何继筠等","1","1","2"
"追封福庆长公主","1","1","2"
"契丹武州刺史石","1","1","2"
"丹武州刺史石越","1","1","2"
"岳州刺史宋德权","1","1","2"
"武平军留后刘言","1","1","2"
"言遣牙将张崇嗣","2","0","2"
"武平军节度使留","1","1","2"
"平军节度使留后","1","1","2"
"三司水陆转运等","1","1","2"
"司水陆转运等使","1","1","2"
"检校太傅王进逵","1","1","2"
"州刺史张建武等","1","1","2"
"除京兆府庄宅务","1","1","2"
"左谏议大夫李知","1","1","2"
"谏议大夫李知损","1","1","2"
"枢密使王峻巡视","1","1","2"
"朗州行军司马何","1","1","2"
"州行军司马何敬","1","1","2"
"僧尼寺院五十八","1","1","2"
"尼寺院五十八所","1","1","2"
"唐州方城县令陈","1","1","2"
"州方城县令陈守","1","1","2"
"方城县令陈守愚","1","1","2"
"蚕盐一千五百斤","1","1","2"
"左监门上将军李","1","1","2"
"监门上将军李建","1","1","2"
"门上将军李建崇","1","1","2"
"延州牙内都指挥","1","1","2"
"州牙内都指挥使","1","1","2"
"牙内都指挥使高","1","1","2"
"内都指挥使高绍","1","1","2"
"都指挥使高绍基","1","1","2"
"指挥使高绍基奏","2","0","2"
"道先遣行军司马","1","1","2"
"先遣行军司马何","1","1","2"
"遣行军司马何敬","1","1","2"
"广顺三年春三月","1","1","2"
"前庆州刺史郭彦","1","1","2"
"庆州刺史郭彦钦","1","1","2"
"州刺史张建武进","1","1","2"
"刺史张建武进兵","1","1","2"
"史张建武进兵攻","1","1","2"
"青州节度使常思","1","1","2"
"四万一千四百两","1","1","2"
"契丹幽州榷盐制","1","1","2"
"丹幽州榷盐制置","1","1","2"
"幽州榷盐制置使","1","1","2"
"前河阳节度使王","1","1","2"
"河阳节度使王继","1","1","2"
"太子太傅李怀忠","1","1","2"
"太子宾客马裔孙","1","1","2"
"差指挥使郑珓部","2","0","2"
"指挥使郑珓部兵","2","0","2"
"挥使郑珓部兵士","2","0","2"
"刘言寻诸军所废","2","0","2"
"委王进逵取便安","2","0","2"
"王进逵取便安置","2","0","2"
"齐州保宁郡兵士","1","1","2"
"时郑州开道指挥","1","1","2"
"郑州开道指挥使","1","1","2"
"州开道指挥使张","1","1","2"
"开道指挥使张万","1","1","2"
"道指挥使张万友","1","1","2"
"右金吾上将军张","1","1","2"
"金吾上将军张彦","1","1","2"
"吾上将军张彦成","1","1","2"
"前宁州刺史张建","1","1","2"
"责授右司御副率","2","0","2"
"圣明文武仁德皇","1","1","2"
"明文武仁德皇帝","1","1","2"
"节度使何福进奏","1","1","2"
"前单州刺史赵凤","1","1","2"
"显德元年春正月","1","1","2"
"世宗睿武孝文皇","1","1","2"
"宗睿武孝文皇帝","1","1","2"
"天雄军牙内都指","1","1","2"
"雄军牙内都指挥","1","1","2"
"军牙内都指挥使","1","1","2"
"契丹大将军杨衮","1","1","2"
"兵马监押穆令均","1","1","2"
"马监押穆令均部","1","1","2"
"监押穆令均部下","1","1","2"
"押穆令均部下兵","1","1","2"
"穆令均部下兵士","1","1","2"
"诏天雄军节度使","2","0","2"
"澶州节度使郭崇","1","1","2"
"陕府节度使韩通","1","1","2"
"马步军都虞候李","1","1","2"
"步军都虞候李重","1","1","2"
"军都虞候李重进","1","1","2"
"伪枢密使王延嗣","1","1","2"
"伪汾州防御使董","1","1","2"
"汾州防御使董希","1","1","2"
"州防御使董希颜","1","1","2"
"前泽州刺史李彦","1","1","2"
"泽州刺史李彦崇","1","1","2"
"右屯卫将军薛训","1","1","2"
"宋州巡检供奉官","1","1","2"
"左羽林大将军孟","1","1","2"
"羽林大将军孟汉","1","1","2"
"林大将军孟汉卿","1","1","2"
"大将军孟汉卿赐","1","1","2"
"将军孟汉卿赐死","1","1","2"
"许州节度使王彦","1","1","2"
"曹州节度使韩通","1","1","2"
"州节度使韩通等","1","1","2"
"礼部侍郎刘温叟","1","1","2"
"宣徽南院使向训","1","1","2"
"判官录事参军引","1","1","2"
"官录事参军引试","1","1","2"
"二千六百九十四","1","1","2"
"千六百九十四所","1","1","2"
"三万三百三十六","1","1","2"
"六万一千二百人","1","1","2"
"孙韬等一千五百","1","1","2"
"淮南道前军行营","1","1","2"
"南道前军行营都","1","1","2"
"道前军行营都部","1","1","2"
"前军行营都部署","1","1","2"
"指挥使韩令坤等","1","1","2"
"面行营都部署王","1","1","2"
"行营都部署王景","1","1","2"
"淮南前军都部署","1","1","2"
"南前军都部署李","1","1","2"
"先锋都指挥使白","1","1","2"
"锋都指挥使白延","1","1","2"
"都指挥使白延遇","1","1","2"
"显德三年春正月","1","1","2"
"指挥使李重进率","2","0","2"
"兵马都监何延锡","1","1","2"
"马都监何延锡等","1","1","2"
"庐寿巡检使司超","1","1","2"
"获都监伪吉州刺","1","1","2"
"都监伪吉州刺史","1","1","2"
"监伪吉州刺史高","1","1","2"
"伪吉州刺史高弼","1","1","2"
"吉州刺史高弼献","1","1","2"
"行营应援使皇甫","1","1","2"
"营应援使皇甫晖","1","1","2"
"应援都监姚凤献","1","1","2"
"南国主李景遣臣","2","0","2"
"国主李景遣臣伪","2","0","2"
"伪翰林学士户部","1","1","2"
"翰林学士户部侍","1","1","2"
"林学士户部侍郎","1","1","2"
"学士户部侍郎钟","1","1","2"
"士户部侍郎钟谟","1","1","2"
"伪工部侍郎文理","1","1","2"
"工部侍郎文理院","1","1","2"
"部侍郎文理院学","1","1","2"
"侍郎文理院学士","1","1","2"
"郎文理院学士李","1","1","2"
"文理院学士李德","1","1","2"
"理院学士李德明","1","1","2"
"院学士李德明等","1","1","2"
"锦绮绫罗二千匹","1","1","2"
"锦绮绫罗二百匹","1","1","2"
"侍卫马军指挥韩","1","1","2"
"卫马军指挥韩令","1","1","2"
"马军指挥韩令坤","1","1","2"
"天长军制置使耿","1","1","2"
"长军制置使耿谦","1","1","2"
"舒州刺史郭令图","1","1","2"
"兵士一百五十人","1","1","2"
"伪礼部尚书王崇","1","1","2"
"礼部尚书王崇质","1","1","2"
"部尚书王崇质等","1","1","2"
"尚书王崇质等奉","1","1","2"
"书王崇质等奉表","1","1","2"
"获涟州刺史秦进","1","1","2"
"涟州刺史秦进崇","1","1","2"
"淮南道招讨使李","1","1","2"
"南道招讨使李重","1","1","2"
"道招讨使李重进","1","1","2"
"招讨使李重进奏","2","0","2"
"军都指挥使李继","1","1","2"
"都指挥使李继勋","1","1","2"
"淮南招讨使李重","1","1","2"
"南招讨使李重进","1","1","2"
"显德四年春正月","1","1","2"
"诏天下见禁罪人","2","0","2"
"大将建州节度使","1","1","2"
"将建州节度使许","1","1","2"
"建州节度使许文","1","1","2"
"州节度使许文缜","1","1","2"
"前湖南节度使边","1","1","2"
"庐州都部署刘重","1","1","2"
"州都部署刘重进","1","1","2"
"淮南道行营都监","1","1","2"
"内供奉官孙延希","1","1","2"
"武德副使卢继升","1","1","2"
"前河阳节度使李","1","1","2"
"河阳节度使李继","1","1","2"
"阳节度使李继勋","1","1","2"
"部尚书张昭上疏","1","1","2"
"左藏库使符令光","1","1","2"
"贤良方正能直言","1","1","2"
"良方正能直言极","1","1","2"
"方正能直言极谏","1","1","2"
"正能直言极谏科","1","1","2"
"时兵部尚书张昭","1","1","2"
"兵部尚书张昭条","1","1","2"
"麟州刺史杨重训","1","1","2"
"团练使郭廷谓上","1","1","2"
"练使郭廷谓上表","1","1","2"
"使郭廷谓上表陈","1","1","2"
"濠州率大军水陆","1","1","2"
"大将伪保义军节","1","1","2"
"将伪保义军节度","1","1","2"
"伪保义军节度使","1","1","2"
"江北都应援使陈","1","1","2"
"北都应援使陈承","1","1","2"
"都应援使陈承昭","1","1","2"
"应援使陈承昭献","1","1","2"
"雄武军使崔万迪","1","1","2"
"右龙武将军王汉","1","1","2"
"龙武将军王汉璋","1","1","2"
"伪守将张彦卿等","1","1","2"
"故淮南节度使杨","1","1","2"
"故升府节度使徐","1","1","2"
"升府节度使徐温","1","1","2"
"府节度使徐温等","1","1","2"
"伪舒州刺史施仁","1","1","2"
"舒州刺史施仁望","1","1","2"
"右武卫大将军李","1","1","2"
"武卫大将军李继","1","1","2"
"卫大将军李继勋","1","1","2"
"大将军李继勋率","1","1","2"
"二十二万六千五","1","1","2"
"十二万六千五百","1","1","2"
"二万六千五百七","1","1","2"
"万六千五百七十","1","1","2"
"六千五百七十四","1","1","2"
"右谏议大夫刘涛","1","1","2"
"谏议大夫刘涛选","1","1","2"
"代李景捧寿觞献","2","0","2"
"四月十九日杭州","1","1","2"
"皇帝恭问江南国","1","1","2"
"帝恭问江南国主","1","1","2"
"兵部尚书张昭等","1","1","2"
"醴陵县玉仙观山","1","1","2"
"陵县玉仙观山门","1","1","2"
"县玉仙观山门中","1","1","2"
"年七月十七日夜","1","1","2"
"楚州兵马都监武","1","1","2"
"州兵马都监武怀","1","1","2"
"兵马都监武怀恩","1","1","2"
"伪太傅中书令宋","1","1","2"
"太傅中书令宋齐","1","1","2"
"傅中书令宋齐丘","1","1","2"
"伪兵部侍郎陈觉","1","1","2"
"伪镇南军节度副","1","1","2"
"镇南军节度副使","1","1","2"
"南军节度副使李","1","1","2"
"伪宁州刺史王洪","1","1","2"
"亲军都指挥使李","1","1","2"
"军都指挥使李重","1","1","2"
"瀛州刺史高彦晖","1","1","2"
"一万八千三百六","1","1","2"
"万八千三百六十","1","1","2"
"定州节度使孙行","1","1","2"
"州节度使孙行友","1","1","2"
"先锋都指挥使张","1","1","2"
"锋都指挥使张藏","1","1","2"
"都指挥使张藏英","1","1","2"
"宣徽南院使吴延","1","1","2"
"徽南院使吴延祚","1","1","2"
"两浙进奉使吴延","1","1","2"
"浙进奉使吴延福","1","1","2"
"进奉使吴延福钱","1","1","2"
"奉使吴延福钱三","1","1","2"
"使吴延福钱三千","1","1","2"
"吴延福钱三千贯","1","1","2"
"州刺史张丕旦等","1","1","2"
"刺史张丕旦等二","1","1","2"
"史张丕旦等二百","1","1","2"
"张丕旦等二百四","1","1","2"
"丕旦等二百四十","1","1","2"
"旦等二百四十五","1","1","2"
"等二百四十五人","1","1","2"
"二百四十五人献","1","1","2"
"北面兵马都部署","1","1","2"
"面兵马都部署韩","1","1","2"
"兵马都部署韩令","1","1","2"
"马都部署韩令坤","1","1","2"
"宰臣范质等上表","1","1","2"
"臣范质等上表请","1","1","2"
"御厨使张延范充","1","1","2"
"显德七年春正月","1","1","2"
"太祖圣穆皇后柴","1","1","2"
"祖圣穆皇后柴氏","1","1","2"
"显德二年七月二","1","1","2"
"德二年七月二十","1","1","2"
"二年七月二十一","1","1","2"
"年七月二十一日","1","1","2"
"华州马步军副指","1","1","2"
"州马步军副指挥","1","1","2"
"节度使符彦卿率","1","1","2"
"时河东记室卢质","1","1","2"
"贺平中山王都表","1","1","2"
"故景州弓高县孙","1","1","2"
"景州弓高县孙明","1","1","2"
"州弓高县孙明府","1","1","2"
"弓高县孙明府讳","1","1","2"
"工部度支员外郎","1","1","2"
"膳部金部职方员","1","1","2"
"部金部职方员外","1","1","2"
"金部职方员外郎","1","1","2"
"工部户部员外郎","1","1","2"
"秘书郎改授银青","1","1","2"
"书郎改授银青光","1","1","2"
"定国军衙内都指","1","1","2"
"国军衙内都指挥","1","1","2"
"军衙内都指挥使","1","1","2"
"职改授朝散大夫","2","0","2"
"左春坊太子司议","1","1","2"
"春坊太子司议郎","1","1","2"
"协律郎改授银青","1","1","2"
"律郎改授银青光","1","1","2"
"故兵部崔侍郎讳","1","1","2"
"子太仆少卿名绚","1","1","2"
"枢密直学士王度","1","1","2"
"密直学士王度等","1","1","2"
"终闻海岳归明主","1","1","2"
"未省乾坤陷吉人","1","1","2"
"显德元年四月十","1","1","2"
"德元年四月十七","1","1","2"
"元年四月十七日","1","1","2"
"事三司使张延朗","1","1","2"
"马军都指挥使郭","1","1","2"
"军都指挥使郭崇","1","1","2"
"徐州节度使王彦","1","1","2"
"时永兴军节度使","1","1","2"
"永兴军节度使李","1","1","2"
"兴军节度使李洪","1","1","2"
"军节度使李洪信","1","1","2"
"随驾一行都部署","1","1","2"
"户部侍郎赵上交","1","1","2"
"急召侍卫都虞候","1","1","2"
"召侍卫都虞候韩","1","1","2"
"侍卫都虞候韩通","1","1","2"
"观军容使杨复恭","1","1","2"
"泾原节度使张球","1","1","2"
"洋州节度使杨守","1","1","2"
"州节度使杨守忠","1","1","2"
"时后唐武皇上表","1","1","2"
"捧日都将李云守","1","1","2"
"扈跸都将李君庆","1","1","2"
"韩全诲等二十人","1","1","2"
"同光二年夏四月","1","1","2"
"襄州节度使刘训","1","1","2"
"武泰军节度留后","1","1","2"
"杨行密急攻江夏","1","1","2"
"时澧朗节度使雷","1","1","2"
"澧朗节度使雷彦","1","1","2"
"朗节度使雷彦恭","1","1","2"
"节度使雷彦恭乘","1","1","2"
"长兴二年十一月","1","1","2"
"兴二年十一月十","1","1","2"
"二年十一月十日","1","1","2"
"充武平军节度使","2","0","2"
"武安军节度副使","1","1","2"
"安军节度副使周","1","1","2"
"军节度副使周行","1","1","2"
"节度副使周行逢","1","1","2"
"浙江西道镇海军","1","1","2"
"江西道镇海军节","1","1","2"
"西道镇海军节度","1","1","2"
"道镇海军节度使","1","1","2"
"宣州节度使田頵","2","0","2"
"天下兵马都元","2","0","2"
"长兴三年三月二","1","1","2"
"兴三年三月二十","1","1","2"
"三年三月二十八","1","1","2"
"年三月二十八日","1","1","2"
"故天下兵马都元","1","1","2"
"一条江水槛前流","1","1","2"
"令翰林学士李琪","1","1","2"
"翰林学士李琪撰","1","1","2"
"林学士李琪撰生","1","1","2"
"学士李琪撰生祠","1","1","2"
"士李琪撰生祠堂","1","1","2"
"李琪撰生祠堂碑","1","1","2"
"琪撰生祠堂碑赐","1","1","2"
"命户部侍郎张文","1","1","2"
"户部侍郎张文宝","1","1","2"
"部侍郎张文宝授","1","1","2"
"行密辎重牛羊军","1","1","2"
"师古引兵深入淮","1","1","2"
"古引兵深入淮甸","1","1","2"
"行密纵兵侵掠邻","1","1","2"
"天祐元年十一月","1","1","2"
"庄宗命左藏库使","1","1","2"
"宗命左藏库使王","1","1","2"
"命左藏库使王居","1","1","2"
"左藏库使王居敏","1","1","2"
"通事舍人张朗等","1","1","2"
"左卫都指挥使张","1","1","2"
"卫都指挥使张颢","1","1","2"
"都指挥使张颢杀","1","1","2"
"升州大都督府长","1","1","2"
"年十月二十三日","1","1","2"
"江南四道节度采","1","1","2"
"南四道节度采访","1","1","2"
"四道节度采访等","1","1","2"
"道节度采访等使","1","1","2"
"时泉州刺史廖彦","1","1","2"
"泉州刺史廖彦若","1","1","2"
"福建观察使陈岩","1","1","2"
"乾宁元年十一月","1","1","2"
"易定节度使王处","1","1","2"
"定节度使王处直","1","1","2"
"天德军节度使宋","1","1","2"
"德军节度使宋瑶","1","1","2"
"供奉官史彦璋等","1","1","2"
"庄宗令太原少尹","1","1","2"
"宗令太原少尹李","1","1","2"
"令太原少尹李承","1","1","2"
"太原少尹李承勋","1","1","2"
"仁恭乾宁二年春","1","1","2"
"唐昭宗命宰相徐","1","1","2"
"昭宗命宰相徐彦","1","1","2"
"宗命宰相徐彦若","1","1","2"
"命宰相徐彦若代","1","1","2"
"静海两军节度使","1","1","2"
"交州土豪曲承美","1","1","2"
"梁贞明三年八月","1","1","2"
"晋天福七年夏四","1","1","2"
"天福七年夏四月","1","1","2"
"文武光圣明孝皇","1","1","2"
"武光圣明孝皇帝","1","1","2"
"河东步军都指挥","1","1","2"
"东步军都指挥使","1","1","2"
"枢密使王峻等率","1","1","2"
"节度使牛丛弃城","1","1","2"
"东川节度使顾彦","1","1","2"
"川节度使顾彦朗","1","1","2"
"西川节度使陈敬","1","1","2"
"川节度副大使知","1","1","2"
"云南八国招抚等","1","1","2"
"南八国招抚等使","1","1","2"
"徐妃同游青城山","1","1","2"
"国主致书上大唐","2","0","2"
"主致书上大唐皇","2","0","2"
"伪东川节度使宋","1","1","2"
"东川节度使宋承","1","1","2"
"川节度使宋承葆","1","1","2"
"后唐庄宗同光三","1","1","2"
"唐庄宗同光三年","1","1","2"
"榆关一千一百里","1","1","2"
"新州大将卢文进","1","1","2"
"新州团练使李存","1","1","2"
"州团练使李存矩","1","1","2"
"时幽州赵德钧屯","1","1","2"
"幽州赵德钧屯兵","1","1","2"
"契丹改天显十一","1","1","2"
"丹改天显十一年","1","1","2"
"亲军都指挥使景","1","1","2"
"军都指挥使景延","1","1","2"
"都指挥使景延广","1","1","2"
"相桑维翰劝少帝","1","1","2"
"南凉秃发利鹿孤","1","1","2"
"遣大将拓拔承谦","1","1","2"
"僧道士耆老杨通","1","1","2"
"道士耆老杨通信","1","1","2"
"士耆老杨通信等","1","1","2"
"泾州押牙陈延晖","1","1","2"
"凉州留后折逋嘉","1","1","2"
"州留后折逋嘉施","1","1","2"
"沙州留后曹义金","1","1","2"
"唐朝宰臣张文蔚","1","1","2"
"御史大夫薛贻矩","1","1","2"
"赠牢墙使王仁嗣","1","1","2"
"宣化军留后李思","1","1","2"
"化军留后李思安","1","1","2"
"东北面行营都指","1","1","2"
"北面行营都指挥","1","1","2"
"面行营都指挥使","1","1","2"
"陕州节度使杨师","1","1","2"
"州节度使杨师厚","1","1","2"
"西路行营招讨使","1","1","2"
"青州节度使贺德","1","1","2"
"州节度使贺德伦","1","1","2"
"任沧州顺化军节","1","1","2"
"沧州顺化军节度","1","1","2"
"州顺化军节度使","1","1","2"
"定四州副招讨使","1","1","2"
"同平章事张万进","1","1","2"
"崇州节度使温昭","1","1","2"
"州节度使温昭图","1","1","2"
"后唐同光三年三","1","1","2"
"唐同光三年三月","1","1","2"
"开平二年春三月","1","1","2"
"潞州行营招讨使","1","1","2"
"本州马步军都指","1","1","2"
"散指挥都头都军","1","1","2"
"指挥都头都军使","1","1","2"
"滑州左右厢牢城","1","1","2"
"州左右厢牢城使","1","1","2"
"昭义军节度留后","1","1","2"
"代北行营招抚使","1","1","2"
"授武皇金紫光禄","1","1","2"
"武皇金紫光禄大","1","1","2"
"皇金紫光禄大夫","1","1","2"
"义军节度使李克","1","1","2"
"军节度使李克修","1","1","2"
"河东南面招讨使","1","1","2"
"河东北面招讨使","1","1","2"
"晋州刺史张行恭","1","1","2"
"汴将阎宝率军援","1","1","2"
"州都将王敬晖杀","1","1","2"
"都将王敬晖杀刺","1","1","2"
"将王敬晖杀刺史","1","1","2"
"王敬晖杀刺史刘","1","1","2"
"下二百八十五人","1","1","2"
"德威攻幽州南门","1","1","2"
"州节度使阎宝请","1","1","2"
"蕃汉副总管李存","1","1","2"
"汉副总管李存审","1","1","2"
"沧州节度使李存","1","1","2"
"邢州节度使李嗣","1","1","2"
"德军兵马留后张","1","1","2"
"军兵马留后张文","1","1","2"
"兵马留后张文礼","1","1","2"
"天平军节度使阎","1","1","2"
"平军节度使阎宝","1","1","2"
"新州节度使王郁","1","1","2"
"河东监军张承业","1","1","2"
"行台左丞相豆卢","1","1","2"
"台左丞相豆卢革","1","1","2"
"行台右丞相卢澄","1","1","2"
"前定州掌书记李","1","1","2"
"定州掌书记李德","1","1","2"
"州掌书记李德休","1","1","2"
"河东掌书记冯道","1","1","2"
"镇冀观察判官张","1","1","2"
"冀观察判官张宪","1","1","2"
"魏博节度判官王","1","1","2"
"博节度判官王正","1","1","2"
"节度判官王正言","1","1","2"
"河东军城都虞候","1","1","2"
"东军城都虞候孟","1","1","2"
"军城都虞候孟知","1","1","2"
"城都虞候孟知祥","1","1","2"
"泽潞节度判官任","1","1","2"
"幽州节度使李存","1","1","2"
"追尊皇祖代州太","1","1","2"
"尊皇祖代州太保","1","1","2"
"崇政院学士刘光","1","1","2"
"政院学士刘光素","1","1","2"
"太原县男郭崇韬","1","1","2"
"守辉州刺史杜晏","1","1","2"
"辉州刺史杜晏球","1","1","2"
"竭忠启运匡国功","1","1","2"
"忠启运匡国功臣","1","1","2"
"陇西郡侯李嗣源","1","1","2"
"汾州刺史李存渥","1","1","2"
"杂指挥散员都部","1","1","2"
"指挥散员都部署","1","1","2"
"忻州刺史李绍荣","1","1","2"
"检校太保李绍钦","1","1","2"
"博州刺史康延孝","1","1","2"
"诏改伪梁永平军","1","1","2"
"改伪梁永平军大","1","1","2"
"伪梁永平军大安","1","1","2"
"梁永平军大安府","1","1","2"
"请奉献祖文皇帝","1","1","2"
"奉献祖文皇帝配","1","1","2"
"前安国军节度副","1","1","2"
"安国军节度副使","1","1","2"
"左卫上将军李存","1","1","2"
"郑州防御使李绍","1","1","2"
"州防御使李绍琛","1","1","2"
"成德军马步军都","1","1","2"
"德军马步军都指","1","1","2"
"镇州节度使郭崇","1","1","2"
"州节度使郭崇韬","1","1","2"
"节度使郭崇韬进","1","1","2"
"度使郭崇韬进爵","1","1","2"
"使郭崇韬进爵邑","1","1","2"
"集贤殿大学士赵","1","1","2"
"贤殿大学士赵光","1","1","2"
"镇东军节度副大","1","1","2"
"东军节度副大使","1","1","2"
"江南管内都招讨","1","1","2"
"南管内都招讨使","1","1","2"
"岭南西道观察等","1","1","2"
"南西道观察等使","1","1","2"
"知苏州中吴军军","1","1","2"
"苏州中吴军军州","1","1","2"
"州中吴军军州事","1","1","2"
"行邕州刺史钱元","1","1","2"
"西平王李继麟依","1","1","2"
"平王李继麟依前","1","1","2"
"河中护国军节度","1","1","2"
"中护国军节度使","1","1","2"
"部尚书李琪充大","1","1","2"
"尚书李琪充大行","1","1","2"
"书李琪充大行皇","1","1","2"
"李琪充大行皇太","1","1","2"
"琪充大行皇太后","1","1","2"
"充大行皇太后山","1","1","2"
"大行皇太后山陵","1","1","2"
"行皇太后山陵礼","1","1","2"
"皇太后山陵礼仪","1","1","2"
"太后山陵礼仪使","1","1","2"
"河南尹张全义充","1","1","2"
"南尹张全义充山","1","1","2"
"尹张全义充山陵","1","1","2"
"张全义充山陵桥","1","1","2"
"全义充山陵桥道","1","1","2"
"义充山陵桥道排","1","1","2"
"充山陵桥道排顿","1","1","2"
"山陵桥道排顿使","1","1","2"
"伪昭武军节度使","1","1","2"
"昭武军节度使林","1","1","2"
"武军节度使林思","1","1","2"
"军节度使林思谔","1","1","2"
"西川行营都监李","1","1","2"
"川行营都监李廷","1","1","2"
"行营都监李廷安","1","1","2"
"营都监李廷安进","1","1","2"
"西川乐官二百九","1","1","2"
"川乐官二百九十","1","1","2"
"乐官二百九十八","1","1","2"
"官二百九十八人","1","1","2"
"户部尚书王正言","1","1","2"
"陕州节度使康思","1","1","2"
"食邑二千五百户","1","1","2"
"邑二千五百户臣","1","1","2"
"二千五百户臣冯","1","1","2"
"千五百户臣冯道","1","1","2"
"五百户臣冯道等","1","1","2"
"百户臣冯道等九","1","1","2"
"户臣冯道等九千","1","1","2"
"臣冯道等九千五","1","1","2"
"冯道等九千五百","1","1","2"
"道等九千五百九","1","1","2"
"等九千五百九十","1","1","2"
"九千五百九十三","1","1","2"
"千五百九十三人","1","1","2"
"五百九十三人上","1","1","2"
"百九十三人上言","1","1","2"
"随驾牙将宋审虔","1","1","2"
"观察判官马裔孙","1","1","2"
"左龙武指挥使安","1","1","2"
"龙武指挥使安审","1","1","2"
"武指挥使安审琦","1","1","2"
"左右捧圣都指挥","1","1","2"
"右捧圣都指挥使","1","1","2"
"右千牛上将军符","1","1","2"
"千牛上将军符彦","1","1","2"
"牛上将军符彦饶","1","1","2"
"左右严卫都指挥","1","1","2"
"右严卫都指挥使","1","1","2"
"驸马都尉赵延寿","1","1","2"
"马都尉赵延寿进","1","1","2"
"都尉赵延寿进封","1","1","2"
"天雄军节度使范","1","1","2"
"雄军节度使范延","1","1","2"
"军节度使范延光","1","1","2"
"前武州刺史郑琮","1","1","2"
"振武节度使杨光","1","1","2"
"武节度使杨光远","1","1","2"
"节度使杨光远充","1","1","2"
"度使杨光远充大","1","1","2"
"使杨光远充大同","1","1","2"
"威塞等军兵马都","1","1","2"
"塞等军兵马都虞","1","1","2"
"等军兵马都虞候","1","1","2"
"前右金吾大将军","1","1","2"
"右金吾大将军穆","1","1","2"
"金吾大将军穆延","1","1","2"
"吾大将军穆延晖","1","1","2"
"弘文馆大学士姚","1","1","2"
"监修国史张延朗","1","1","2"
"新州节度使杨汉","1","1","2"
"州节度使杨汉宾","1","1","2"
"前晋州节度使翟","1","1","2"
"晋州节度使翟璋","1","1","2"
"马军都指挥使安","1","1","2"
"判四方馆王景崇","1","1","2"
"马军都指挥使张","1","1","2"
"太原四面马军都","1","1","2"
"原四面马军都指","1","1","2"
"四面马军都指挥","1","1","2"
"陕州节度使相里","1","1","2"
"州节度使相里金","1","1","2"
"太原四面步军都","1","1","2"
"原四面步军都指","1","1","2"
"四面步军都指挥","1","1","2"
"面步军都指挥使","1","1","2"
"右监门上将军武","1","1","2"
"监门上将军武廷","1","1","2"
"门上将军武廷翰","1","1","2"
"潞州节度使皇甫","1","1","2"
"州节度使皇甫立","1","1","2"
"前绛州刺史韩彦","1","1","2"
"绛州刺史韩彦恽","1","1","2"
"宰臣卢损奉册书","1","1","2"
"臣卢损奉册书上","1","1","2"
"卢损奉册书上皇","1","1","2"
"损奉册书上皇太","1","1","2"
"奉册书上皇太后","1","1","2"
"册书上皇太后尊","1","1","2"
"书上皇太后尊号","1","1","2"
"武定军节度使王","1","1","2"
"定军节度使王承","1","1","2"
"军节度使王承肇","1","1","2"
"兴元节度使王宗","1","1","2"
"元节度使王宗威","1","1","2"
"麟等五州符印送","1","1","2"
"安义军兵马留后","1","1","2"
"敦睦保定久大功","1","1","2"
"睦保定久大功臣","1","1","2"
"幽州卢龙等军节","1","1","2"
"州卢龙等军节度","1","1","2"
"卢龙等军节度使","1","1","2"
"魏博马步军都指","1","1","2"
"博马步军都指挥","1","1","2"
"赐号忠烈扶天启","1","1","2"
"号忠烈扶天启运","1","1","2"
"忠烈扶天启运功","1","1","2"
"烈扶天启运功臣","1","1","2"
"授西南面行营马","1","1","2"
"西南面行营马步","1","1","2"
"李嗣昭节制昭义","1","1","2"
"李绍宏同守魏州","1","1","2"
"泰宁军节度使李","1","1","2"
"荆南节度使南平","1","1","2"
"南节度使南平王","1","1","2"
"节度使南平王高","1","1","2"
"归德军节度使赵","1","1","2"
"泾州节度使李德","1","1","2"
"徐州节度使安彦","1","1","2"
"秦州节度使康福","1","1","2"
"延州节度使刘景","1","1","2"
"汴州浚仪县王畿","1","1","2"
"州浚仪县王畿乡","1","1","2"
"浚仪县王畿乡表","1","1","2"
"仪县王畿乡表节","1","1","2"
"县王畿乡表节东","1","1","2"
"王畿乡表节东坊","1","1","2"
"广晋府行营中军","1","1","2"
"晋府行营中军使","1","1","2"
"贝州防御使王庭","1","1","2"
"广晋府行营步军","1","1","2"
"右神武统军王周","1","1","2"
"贝州永清军节度","1","1","2"
"州永清军节度使","1","1","2"
"皇子开封尹郑王","1","1","2"
"军节度使侍卫亲","2","0","2"
"度使侍卫亲军马","2","0","2"
"使侍卫亲军马步","2","0","2"
"忠武军节度使杜","1","1","2"
"武军节度使杜重","1","1","2"
"天平军节度使赵","1","1","2"
"天平军节度使侍","2","0","2"
"平军节度使侍卫","2","0","2"
"亲军马步军副都","1","1","2"
"军副都指挥使杜","1","1","2"
"副都指挥使杜重","1","1","2"
"东京内外兵马都","1","1","2"
"京内外兵马都监","1","1","2"
"吏部郎中卢撰持","1","1","2"
"部郎中卢撰持节","1","1","2"
"郎中卢撰持节册","1","1","2"
"亲军都指挥使杜","1","1","2"
"马步军都虞候王","1","1","2"
"步军都虞候王周","1","1","2"
"郓州天平军节度","1","1","2"
"州天平军节度使","1","1","2"
"军节度使侍卫马","2","0","2"
"卫马步都虞候景","1","1","2"
"马步都虞候景延","1","1","2"
"步都虞候景延广","1","1","2"
"滑州义成军节度","1","1","2"
"州义成军节度使","1","1","2"
"充襄州行营都部","1","1","2"
"都部署高行周加","1","1","2"
"符彦卿北面行营","2","0","2"
"彦卿北面行营马","2","0","2"
"左神武统军潘环","1","1","2"
"北面行营步军都","1","1","2"
"面行营步军都指","1","1","2"
"马全节等会合进","1","1","2"
"全节等会合进军","1","1","2"
"中节度使安审琦","1","1","2"
"马步军左厢都指","1","1","2"
"步军左厢都指挥","1","1","2"
"军左厢都指挥使","1","1","2"
"滑州节度使皇甫","1","1","2"
"州节度使皇甫遇","1","1","2"
"马步军右厢都指","1","1","2"
"步军右厢都指挥","1","1","2"
"军都指挥使梁汉","1","1","2"
"都指挥使梁汉璋","1","1","2"
"充马军左右厢都","2","0","2"
"马军左右厢都指","1","1","2"
"军都指挥使李殷","1","1","2"
"步军左右厢都指","1","1","2"
"马军左右厢都排","1","1","2"
"右神武统军潘环","1","1","2"
"步军左右厢排阵","1","1","2"
"军左右厢排阵使","1","1","2"
"行营马步军左右","1","1","2"
"营马步军左右厢","1","1","2"
"马步军左右厢都","1","1","2"
"步军左右厢都排","1","1","2"
"行营马步军左厢","1","1","2"
"营马步军左厢排","1","1","2"
"马步军左厢排阵","1","1","2"
"步军左厢排阵使","1","1","2"
"马步军右厢排阵","1","1","2"
"步军右厢排阵使","1","1","2"
"实封一千五百户","1","1","2"
"改赐推忠佐运保","1","1","2"
"赐推忠佐运保国","1","1","2"
"推忠佐运保国功","1","1","2"
"忠佐运保国功臣","1","1","2"
"天福二年夏四月","1","1","2"
"鄴都留守侍卫亲","2","0","2"
"都留守侍卫亲军","2","0","2"
"留守侍卫亲军马","2","0","2"
"守侍卫亲军马步","2","0","2"
"天雄军节度使高","1","1","2"
"雄军节度使高行","1","1","2"
"节度使高行周加","1","1","2"
"永兴军一行兵马","1","1","2"
"兴军一行兵马都","1","1","2"
"军一行兵马都部","1","1","2"
"一行兵马都部署","1","1","2"
"州城内水深七尺","1","1","2"
"弟小底军都虞候","1","1","2"
"婿户部员外郎张","1","1","2"
"枢密院副承宣郭","1","1","2"
"控鹤都虞候高进","1","1","2"
"侍卫都承局荆南","1","1","2"
"卫都承局荆南金","1","1","2"
"三司都勾官柴训","1","1","2"
"司都勾官柴训等","1","1","2"
"前耀州团练使符","1","1","2"
"耀州团练使符彦","1","1","2"
"州团练使符彦能","1","1","2"
"团练使符彦能等","1","1","2"
"淮南道行营都招","1","1","2"
"南道行营都招讨","1","1","2"
"指挥使韩令坤上","1","1","2"
"奉诏编修太祖实","1","1","2"
"诏编修太祖实录","1","1","2"
"集贤殿弘文馆大","1","1","2"
"贤殿弘文馆大学","1","1","2"
"殿弘文馆大学士","1","1","2"
"晋高祖皇帝山陵","1","1","2"
"高祖皇帝山陵使","1","1","2"
"同州管内观察处","1","1","2"
"房等州管内观察","1","1","2"
"等州管内观察处","1","1","2"
"淮南节度副大使","1","1","2"
"南节度副大使知","1","1","2"
"管内营田观察处","1","1","2"
"内营田观察处置","1","1","2"
"营田观察处置等","1","1","2"
"田观察处置等使","1","1","2"
"扬州大都督府长","1","1","2"
"唐天成二年十月","1","1","2"
"竭忠定难建国功","1","1","2"
"忠定难建国功臣","1","1","2"
"都督中外诸军事","1","1","2"
"唐同光三年九月","1","1","2"
"同光三年九月十","1","1","2"
"光三年九月十日","1","1","2"
"命兴圣宫使魏王","1","1","2"
"翰林学士承旨张","1","1","2"
"林学士承旨张砺","1","1","2"
"燕人刘守光赴援","1","1","2"
"人刘守光赴援中","1","1","2"
"刘守光赴援中山","1","1","2"
"大将张存敬率将","1","1","2"
"指挥使高季昌独","1","1","2"
"青州节度使韩建","1","1","2"
"将康君绍等十人","1","1","2"
"蔡州顺化军指挥","1","1","2"
"州顺化军指挥使","1","1","2"
"顺化军指挥使王","1","1","2"
"化军指挥使王存","1","1","2"
"军指挥使王存俨","1","1","2"
"先锋将黄文靖伏","1","1","2"
"锋将黄文靖伏诛","1","1","2"
"延州节度使高万","1","1","2"
"州节度使高万兴","1","1","2"
"庆两州贼军约二","1","1","2"
"两州贼军约二千","1","1","2"
"控鹤都将皇甫麟","1","1","2"
"徐州丰县雍凤里","1","1","2"
"州丰县雍凤里人","1","1","2"
"行营诸军左厢马","1","1","2"
"营诸军左厢马军","1","1","2"
"诸军左厢马军都","1","1","2"
"李嗣昭率兵三千","1","1","2"
"卢文进招诱幽州","1","1","2"
"魏州观察判官张","1","1","2"
"州观察判官张宪","1","1","2"
"新州团练使李嗣","1","1","2"
"天平军节度使李","1","1","2"
"平军节度使李嗣","1","1","2"
"节度使李嗣源北","2","0","2"
"度使李嗣源北面","2","0","2"
"陕州留后霍彦威","1","1","2"
"后节度使管三州","1","1","2"
"户部侍郎欧阳彬","1","1","2"
"称大蜀皇帝上书","1","1","2"
"大蜀皇帝上书大","1","1","2"
"蜀皇帝上书大唐","1","1","2"
"皇帝上书大唐皇","1","1","2"
"帝上书大唐皇帝","1","1","2"
"嵩山开琉璃戒坛","1","1","2"
"镇州节度使李嗣","1","1","2"
"徐州节度使李绍","1","1","2"
"州节度使李绍真","1","1","2"
"故镇屯驻指挥使","1","1","2"
"镇屯驻指挥使唐","1","1","2"
"宫城西古龙兴寺","1","1","2"
"城西古龙兴寺北","1","1","2"
"副招讨使任圜率","1","1","2"
"招讨使任圜率兵","1","1","2"
"讨使任圜率兵追","1","1","2"
"使任圜率兵追讨","1","1","2"
"都行营招抚使元","1","1","2"
"行营招抚使元行","1","1","2"
"营招抚使元行钦","1","1","2"
"招抚使元行钦率","1","1","2"
"遂州节度使李令","1","1","2"
"礼部侍郎杨凝式","1","1","2"
"请机要臣僚侍立","1","1","2"
"机要臣僚侍立左","1","1","2"
"要臣僚侍立左右","1","1","2"
"左卫上将军王景","1","1","2"
"步军都指挥使张","1","1","2"
"州节度使杨思权","1","1","2"
"武兴军节度使王","1","1","2"
"兴军节度使王承","1","1","2"
"军节度使王承捷","1","1","2"
"高祖圣文章武明","1","1","2"
"祖圣文章武明德","1","1","2"
"遣侍卫使杨光远","1","1","2"
"害皇子河阳节度","1","1","2"
"皇子河阳节度使","1","1","2"
"故东京留守判官","1","1","2"
"东京留守判官李","1","1","2"
"京留守判官李遐","1","1","2"
"留守判官李遐追","1","1","2"
"守判官李遐追赠","1","1","2"
"吴越国王加恩使","1","1","2"
"结银花果子等物","1","1","2"
"解县两池榷盐事","1","1","2"
"改前代礼乐刑宪","1","1","2"
"安州节度使李金","1","1","2"
"州节度使李金全","1","1","2"
"节度使李金全叛","1","1","2"
"户部郎中张守素","1","1","2"
"北面招讨使杜重","1","1","2"
"面招讨使杜重威","1","1","2"
"右金吾大将军梁","1","1","2"
"金吾大将军梁言","1","1","2"
"吾大将军梁言持","1","1","2"
"大将军梁言持国","1","1","2"
"衙内都指挥使拓","1","1","2"
"内都指挥使拓拔","1","1","2"
"都指挥使拓拔崇","1","1","2"
"指挥使拓拔崇斌","1","1","2"
"挥使拓拔崇斌等","1","1","2"
"使拓拔崇斌等五","1","1","2"
"拓拔崇斌等五人","1","1","2"
"节度使杨光远反","1","1","2"
"冯道等奏请举乐","1","1","2"
"诏改铸天下合同","1","1","2"
"改铸天下合同印","1","1","2"
"高祖母陇西李氏","1","1","2"
"曾祖母虢国太夫","1","1","2"
"祖母虢国太夫人","1","1","2"
"母虢国太夫人杨","1","1","2"
"虢国太夫人杨氏","1","1","2"
"汉州就粮归捷指","1","1","2"
"州就粮归捷指挥","1","1","2"
"就粮归捷指挥使","1","1","2"
"粮归捷指挥使张","1","1","2"
"归捷指挥使张建","1","1","2"
"捷指挥使张建雄","1","1","2"
"金州守御指挥使","1","1","2"
"州守御指挥使康","1","1","2"
"守御指挥使康彦","1","1","2"
"御指挥使康彦环","1","1","2"
"五千一百四十七","1","1","2"
"左谏议大夫贾纬","1","1","2"
"谏议大夫贾纬等","1","1","2"
"议大夫贾纬等修","1","1","2"
"大夫贾纬等修撰","1","1","2"
"夫贾纬等修撰高","1","1","2"
"贾纬等修撰高祖","1","1","2"
"纬等修撰高祖实","1","1","2"
"等修撰高祖实录","1","1","2"
"处斩前巡检使乔","1","1","2"
"斩前巡检使乔守","1","1","2"
"前巡检使乔守温","1","1","2"
"右武卫将军石懿","1","1","2"
"左武卫将军石训","1","1","2"
"密州刺史王万敢","1","1","2"
"率群臣请太后临","1","1","2"
"群臣请太后临朝","1","1","2"
"虢州刺史常彦卿","1","1","2"
"州刺史常彦卿等","1","1","2"
"刺史常彦卿等五","1","1","2"
"史常彦卿等五百","1","1","2"
"常彦卿等五百余","1","1","2"
"彦卿等五百余人","1","1","2"
"太祖圣神恭肃文","1","1","2"
"祖圣神恭肃文武","1","1","2"
"绛州防御使孙汉","1","1","2"
"州防御使孙汉英","1","1","2"
"乐寿都监杜延熙","1","1","2"
"武平军兵马留后","1","1","2"
"平军兵马留后刘","1","1","2"
"军兵马留后刘言","1","1","2"
"前莱州刺史叶仁","1","1","2"
"莱州刺史叶仁鲁","1","1","2"
"延州衙内指挥使","1","1","2"
"州衙内指挥使高","1","1","2"
"衙内指挥使高绍","1","1","2"
"内指挥使高绍基","1","1","2"
"前颍州防御使郭","1","1","2"
"颍州防御使郭琼","1","1","2"
"节度使何福进朝","1","1","2"
"亲军都指挥使王","1","1","2"
"夔州节度使樊爱","1","1","2"
"州节度使樊爱能","1","1","2"
"寿州节度使何徽","1","1","2"
"州节度使何徽等","1","1","2"
"右监门卫率府副","1","1","2"
"监门卫率府副率","1","1","2"
"泗州牙将王知朗","1","1","2"
"寿州城内左神卫","1","1","2"
"州城内左神卫军","1","1","2"
"城内左神卫军使","1","1","2"
"内左神卫军使徐","1","1","2"
"左神卫军使徐象","1","1","2"
"神卫军使徐象等","1","1","2"
"寿州刘仁赡上表","1","1","2"
"左谏议大夫尹日","1","1","2"
"谏议大夫尹日就","1","1","2"
"殿前都虞候慕容","1","1","2"
"前都虞候慕容延","1","1","2"
"都虞候慕容延钊","1","1","2"
"临汝郡公徐辽进","1","1","2"
"澶州节度使张永","1","1","2"
"州节度使张永德","1","1","2"
"西南面水陆转运","1","1","2"
"南面水陆转运使","1","1","2"
"楚州防御使张顺","1","1","2"
"晋州节度使杨廷","1","1","2"
"州节度使杨廷璋","1","1","2"
"闰七月二十九日","1","1","2"
"经邦致理翊赞功","1","1","2"
"邦致理翊赞功臣","1","1","2"
"守正崇德保邦致","1","1","2"
"正崇德保邦致理","1","1","2"
"崇德保邦致理功","1","1","2"
"德保邦致理功臣","1","1","2"
"安时处顺守义崇","1","1","2"
"时处顺守义崇静","1","1","2"
"处顺守义崇静功","1","1","2"
"顺守义崇静功臣","1","1","2"
"崇仁保德宁邦翊","1","1","2"
"仁保德宁邦翊圣","1","1","2"
"保德宁邦翊圣功","1","1","2"
"德宁邦翊圣功臣","1","1","2"
"睿文英武仁圣明","1","1","2"
"文英武仁圣明孝","1","1","2"
"英武仁圣明孝皇","1","1","2"
"武仁圣明孝皇帝","1","1","2"
"驻扎在黄河岸边","0","2","2"
"迁回安置的给予","0","2","2"
"月二十一日夜晚","0","2","2"
"唐僖宗乾符年间","0","2","2"
"当时唐僖宗在蜀","0","2","2"
"担任河中行营副","0","2","2"
"任河中行营副招","0","2","2"
"所到的地方没有","0","2","2"
"为东北面都招讨","0","2","2"
"又加封太祖为检","0","2","2"
"太祖对诸位将领","0","2","2"
"对诸位将领们说","0","2","2"
"更加放纵他的暴","0","2","2"
"加放纵他的暴虐","0","2","2"
"太祖为检校太尉","0","2","2"
"派遣使者到汴州","0","2","2"
"葛从周率领军队","0","2","2"
"上表奏明这件事","0","2","2"
"祖派遣葛从周率","0","2","2"
"派遣葛从周率领","0","2","2"
"葛从周率领部队","0","2","2"
"杀死魏军一万多","0","2","2"
"死魏军一万多人","0","2","2"
"下时溥首级献上","0","2","2"
"太祖亲自率领大","0","2","2"
"祖亲自率领大军","0","2","2"
"太祖派朱友恭率","0","2","2"
"祖派朱友恭率领","0","2","2"
"在兖州城下示众","0","2","2"
"太祖派氏叔琮领","0","2","2"
"夺得战马二千多","0","2","2"
"得战马二千多匹","0","2","2"
"丁会为潞州节度","0","2","2"
"会为潞州节度使","0","2","2"
"将佐马慎交以下","0","2","2"
"佐马慎交以下一","0","2","2"
"领兵一万多人驻","0","2","2"
"兵一万多人驻扎","0","2","2"
"增加食邑三千户","0","2","2"
"青州将领刘寻阝","0","2","2"
"拥着大将史仁遇","0","2","2"
"着大将史仁遇固","0","2","2"
"大将史仁遇固守","0","2","2"
"将史仁遇固守高","0","2","2"
"史仁遇固守高唐","0","2","2"
"赐给优厚的财物","0","2","2"
"他们的妻子儿女","0","2","2"
"在圜丘祭祀苍天","0","2","2"
"圜丘祭祀苍天上","0","2","2"
"布诏令大赦天下","0","2","2"
"别人将怎样说我","0","2","2"
"杨师厚为检校太","0","2","2"
"史建瑭从赵州率","0","2","2"
"张万进为青州节","0","2","2"
"万进为青州节度","0","2","2"
"进为青州节度使","0","2","2"
"以刘守奇为沧州","0","2","2"
"福王朱友璋镇守","0","2","2"
"王朱友璋镇守徐","0","2","2"
"朱友璋镇守徐州","0","2","2"
"蒋殷不接受替代","0","2","2"
"蒋殷向淮南吴国","0","2","2"
"殷向淮南吴国求","0","2","2"
"杨溥派大将朱瑾","0","2","2"
"增加食邑一千户","0","2","2"
"张筠为相州节度","0","2","2"
"筠为相州节度使","0","2","2"
"贺德伦囚禁在牙","0","2","2"
"是李茂贞的养子","0","2","2"
"霍彦威为州节度","0","2","2"
"彦威为州节度使","0","2","2"
"贺德伦为大同军","0","2","2"
"德伦为大同军节","0","2","2"
"伦为大同军节度","0","2","2"
"与晋王在故元城","0","2","2"
"只要每人供给十","0","2","2"
"要每人供给十斛","0","2","2"
"每人供给十斛粮","0","2","2"
"人供给十斛粮食","0","2","2"
"刘寻阝领兵进攻","0","2","2"
"刘寻阝从黎阳渡","0","2","2"
"主管节度使事务","0","2","2"
"派捉生都将张温","0","2","2"
"在洛阳郊外祭天","0","2","2"
"谢彦章出动伏兵","0","2","2"
"别将侯温裕等人","0","2","2"
"被行营马步都虞","0","2","2"
"营马步都虞候朱","0","2","2"
"马步都虞候朱王","0","2","2"
"步都虞候朱王圭","0","2","2"
"晋军在德胜筑城","0","2","2"
"贺瑰攻打德胜南","0","2","2"
"瑰攻打德胜南城","0","2","2"
"刘寻阝攻下兖州","0","2","2"
"河中朱友谦袭击","0","2","2"
"中朱友谦袭击占","0","2","2"
"朱友谦袭击占领","0","2","2"
"友谦袭击占领了","0","2","2"
"谦袭击占领了同","0","2","2"
"袭击占领了同州","0","2","2"
"他的儿子朱令德","0","2","2"
"在同州城下交战","0","2","2"
"退守华州罗文寨","0","2","2"
"刺史惠王朱友能","0","2","2"
"私自度脱僧人尼","0","2","2"
"自度脱僧人尼姑","0","2","2"
"李嗣昭为潞州节","0","2","2"
"嗣昭为潞州节度","0","2","2"
"昭为潞州节度使","0","2","2"
"二十年为同光元","0","2","2"
"十年为同光元年","0","2","2"
"都被处死在大街","0","2","2"
"一会儿有报告说","0","2","2"
"为检校右散骑常","0","2","2"
"赐与迎銮毅勇功","0","2","2"
"与迎銮毅勇功臣","0","2","2"
"领步兵骑兵几万","0","2","2"
"加封为检校司空","0","2","2"
"在酒席上杀死卢","0","2","2"
"酒席上杀死卢弘","0","2","2"
"听到刘知俊反叛","0","2","2"
"接着命令他领兵","0","2","2"
"着命令他领兵攻","0","2","2"
"李存信带兵没有","0","2","2"
"活捉了李克用的","0","2","2"
"历官至检校太尉","0","2","2"
"派使者告诉太祖","0","2","2"
"王重荣被部将常","0","2","2"
"重荣被部将常行","0","2","2"
"荣被部将常行儒","0","2","2"
"被部将常行儒杀","0","2","2"
"部将常行儒杀害","0","2","2"
"秦宗权盘踞蔡州","0","2","2"
"被加封为兼中书","0","2","2"
"加封为兼中书令","0","2","2"
"太祖接受禅让登","0","2","2"
"祖接受禅让登上","0","2","2"
"接受禅让登上帝","0","2","2"
"受禅让登上帝位","0","2","2"
"派泽州刺史安金","0","2","2"
"皇帝出行所在地","0","2","2"
"遥任河阳节度使","0","2","2"
"派李嗣昭讨伐他","0","2","2"
"青州人率领步卒","0","2","2"
"葛从周跟随太祖","0","2","2"
"李罕之率领并州","0","2","2"
"罕之率领并州军","0","2","2"
"之率领并州军队","0","2","2"
"授予检校工部尚","0","2","2"
"予检校工部尚书","0","2","2"
"因功加封为检校","0","2","2"
"加封为检校刑部","0","2","2"
"封为检校刑部尚","0","2","2"
"为检校刑部尚书","0","2","2"
"幽州刘仁恭率领","0","2","2"
"周为潞州节度使","0","2","2"
"加封为开府仪同","0","2","2"
"封为开府仪同三","0","2","2"
"多次与晋军交战","0","2","2"
"谢彦章以及濮州","0","2","2"
"彦章以及濮州刺","0","2","2"
"章以及濮州刺史","0","2","2"
"以及濮州刺史孟","0","2","2"
"及濮州刺史孟审","0","2","2"
"上奏朝廷授与检","0","2","2"
"朝廷授与检校左","0","2","2"
"上奏加封为检校","0","2","2"
"接着加封为同平","0","2","2"
"着加封为同平章","0","2","2"
"诏令追赠为太傅","0","2","2"
"接受禅让的帝位","0","2","2"
"人朱友王圭篡夺","0","2","2"
"朱友王圭篡夺帝","0","2","2"
"友王圭篡夺帝位","0","2","2"
"王圭篡夺帝位时","0","2","2"
"这是我不能理解","0","2","2"
"是我不能理解的","0","2","2"
"我不能理解的第","0","2","2"
"到太祖镇守汴州","0","2","2"
"马军步军都排阵","0","2","2"
"军步军都排阵使","0","2","2"
"为迎銮毅勇功臣","0","2","2"
"任右金吾卫上将","0","2","2"
"被加封为检校太","0","2","2"
"任左监门卫上将","0","2","2"
"戴思远为北面招","0","2","2"
"思远为北面招讨","0","2","2"
"远为北面招讨使","0","2","2"
"我有什么脸面见","0","2","2"
"的弟弟刘知浣献","0","2","2"
"率领大军攻打晋","0","2","2"
"追赠为左散骑常","0","2","2"
"赠为左散骑常侍","0","2","2"
"为平卢军节度使","0","2","2"
"骤然居于众人之","0","2","2"
"然居于众人之上","0","2","2"
"军马军步军都指","0","2","2"
"遥任镇南军节度","0","2","2"
"节度使杨师厚去","0","2","2"
"度使杨师厚去世","0","2","2"
"遇上数十天大雨","0","2","2"
"兖州节度使张万","0","2","2"
"军马步军都虞候","0","2","2"
"梁太祖开平年间","0","2","2"
"在神武川的新城","0","2","2"
"任昭义节度使李","0","2","2"
"成为中原的祸患","0","2","2"
"武皇为雁门节度","0","2","2"
"皇为雁门节度使","0","2","2"
"王处存向武皇求","0","2","2"
"处存向武皇求援","0","2","2"
"武皇派大将康君","0","2","2"
"皇派大将康君立","0","2","2"
"三百骑兵埋伏在","0","2","2"
"百骑兵埋伏在长","0","2","2"
"骑兵埋伏在长子","0","2","2"
"上奏章申述道理","0","2","2"
"李存审带兵救援","0","2","2"
"在邢州讨伐李存","0","2","2"
"邢州讨伐李存孝","0","2","2"
"留下心腹燕留德","0","2","2"
"下心腹燕留德等","0","2","2"
"心腹燕留德等十","0","2","2"
"是王行瑜的弟弟","0","2","2"
"天子派延王李戒","0","2","2"
"子派延王李戒丕","0","2","2"
"军队攻打王行瑜","0","2","2"
"为西南面招讨使","0","2","2"
"他的首级送往朝","0","2","2"
"的首级送往朝廷","0","2","2"
"武皇派李嗣昭带","0","2","2"
"皇派李嗣昭带兵","0","2","2"
"向武皇请求援军","0","2","2"
"葛从周在青山口","0","2","2"
"虹贯穿周德威营","0","2","2"
"贯穿周德威营地","0","2","2"
"穿周德威营地上","0","2","2"
"周德威营地上空","0","2","2"
"李嗣昭联合燕军","0","2","2"
"嗣昭联合燕军攻","0","2","2"
"周德威在余吾驻","0","2","2"
"德威在余吾驻军","0","2","2"
"从东南山口修筑","0","2","2"
"振武军节度使李","0","2","2"
"军埋伏在三垂岗","0","2","2"
"埋伏在三垂岗下","0","2","2"
"天祐八年一月二","0","2","2"
"祐八年一月二日","0","2","2"
"骑兵到柏乡挑战","0","2","2"
"丢弃兵甲的声音","0","2","2"
"到幽州讨伐刘守","0","2","2"
"幽州讨伐刘守光","0","2","2"
"周德威从涿州进","0","2","2"
"德威从涿州进军","0","2","2"
"威从涿州进军到","0","2","2"
"庄宗命李存审率","0","2","2"
"宗命李存审率军","0","2","2"
"命李存审率军队","0","2","2"
"下令各军天亮攻","0","2","2"
"令各军天亮攻城","0","2","2"
"听说刘寻阝军队","0","2","2"
"在莘县西边三十","0","2","2"
"莘县西边三十里","0","2","2"
"县西边三十里处","0","2","2"
"西边三十里处扎","0","2","2"
"边三十里处扎营","0","2","2"
"庄宗派李存审率","0","2","2"
"刘寻阝从莘县带","0","2","2"
"李嗣源为检校太","0","2","2"
"南杨溥派使者来","0","2","2"
"管幽州军府事务","0","2","2"
"向庄宗请求符节","0","2","2"
"代州刺史王建及","0","2","2"
"庄宗继承唐朝帝","0","2","2"
"宗继承唐朝帝位","0","2","2"
"大将张文礼杀害","0","2","2"
"到镇州讨伐张文","0","2","2"
"镇州讨伐张文礼","0","2","2"
"因而派使者告诉","0","2","2"
"契丹一万多骑兵","0","2","2"
"李嗣昭被流矢射","0","2","2"
"嗣昭被流矢射中","0","2","2"
"步总管李存审为","0","2","2"
"李存审为北面招","0","2","2"
"存审为北面招讨","0","2","2"
"审为北面招讨使","0","2","2"
"赵将李再丰的儿","0","2","2"
"将李再丰的儿子","0","2","2"
"李再丰的儿子李","0","2","2"
"再丰的儿子李冲","0","2","2"
"挖出张文礼的尸","0","2","2"
"出张文礼的尸体","0","2","2"
"任河东节度判官","0","2","2"
"节度判官卢质为","0","2","2"
"十五日黎明以前","0","2","2"
"在八十岁以上的","0","2","2"
"李绍宏为宣徽使","0","2","2"
"大军从杨刘渡黄","0","2","2"
"军从杨刘渡黄河","0","2","2"
"大军驻在黄河边","0","2","2"
"都是我以前的劲","0","2","2"
"是我以前的劲敌","0","2","2"
"庄宗不接受朝贺","0","2","2"
"新罗王金朴英派","0","2","2"
"罗王金朴英派使","0","2","2"
"王金朴英派使者","0","2","2"
"南杨溥派使者庆","0","2","2"
"杨溥派使者庆贺","0","2","2"
"庄宗到明堂殿接","0","2","2"
"宗到明堂殿接受","0","2","2"
"已故宣武军节度","0","2","2"
"国派使者进贡土","0","2","2"
"宰相豆卢革率百","0","2","2"
"相豆卢革率百官","0","2","2"
"昭文睿武至德光","0","2","2"
"文睿武至德光孝","0","2","2"
"睿武至德光孝皇","0","2","2"
"武至德光孝皇帝","0","2","2"
"共上了三次表章","0","2","2"
"革率百官上表章","0","2","2"
"魏国夫人刘氏为","0","2","2"
"幽州报告说契丹","0","2","2"
"驾临郭崇韬府第","0","2","2"
"任宣武军节度使","0","2","2"
"中书侍郎兼吏部","0","2","2"
"书侍郎兼吏部尚","0","2","2"
"侍郎兼吏部尚书","0","2","2"
"宰臣代理太尉行","0","2","2"
"臣代理太尉行事","0","2","2"
"州刺史钱元馞为","0","2","2"
"刺史钱元馞为检","0","2","2"
"史钱元馞为检校","0","2","2"
"钱元馞为检校太","0","2","2"
"任河南尹张全义","0","2","2"
"张全义为洛京留","0","2","2"
"全义为洛京留守","0","2","2"
"太阳旁边有背气","0","2","2"
"御驾从京师出发","0","2","2"
"节度使李嗣源为","0","2","2"
"枢密使郭崇韬为","0","2","2"
"内外蕃汉马步军","0","2","2"
"溥派使者进贡土","0","2","2"
"任刑部尚书李琪","0","2","2"
"上表章请庄宗听","0","2","2"
"表章请庄宗听政","0","2","2"
"客省使李严出使","0","2","2"
"大行皇太后谥号","0","2","2"
"太常卿签署定下","0","2","2"
"常卿签署定下后","0","2","2"
"诸卫事李继岌为","0","2","2"
"州节度使毛璋为","0","2","2"
"节度使毛璋为行","0","2","2"
"度使毛璋为行营","0","2","2"
"使毛璋为行营左","0","2","2"
"毛璋为行营左厢","0","2","2"
"璋为行营左厢马","0","2","2"
"为行营左厢马步","0","2","2"
"董璋为行营右厢","0","2","2"
"州节度使李存繧","0","2","2"
"派使者进贡良马","0","2","2"
"令朱守殷用兵包","0","2","2"
"朱守殷用兵包围","0","2","2"
"收养为自己的儿","0","2","2"
"养为自己的儿子","0","2","2"
"率领精锐骑兵跟","0","2","2"
"授予左卫大将军","0","2","2"
"居民家财犒赏军","0","2","2"
"皇长子潞王李从","0","2","2"
"长子潞王李从珂","0","2","2"
"明殿学士韩昭裔","0","2","2"
"到文明殿接受朝","0","2","2"
"密副使刘延朗为","0","2","2"
"凤翔节度使李从","0","2","2"
"翔节度使李从日","0","2","2"
"卢文纪为中书侍","0","2","2"
"文纪为中书侍郎","0","2","2"
"任前邢州节度使","0","2","2"
"有关官员上奏说","0","2","2"
"所以有这次处分","0","2","2"
"一个史在德不算","0","2","2"
"黄河以北各州被","0","2","2"
"许州节度使李从","0","2","2"
"节度使沙彦王旬","0","2","2"
"上将军王景戡为","0","2","2"
"将军王景戡为左","0","2","2"
"任氵名州团练使","0","2","2"
"任忠正军节度使","0","2","2"
"指挥使宋审虔为","0","2","2"
"挥使宋审虔为河","0","2","2"
"这是听从湖南的","0","2","2"
"是听从湖南的请","0","2","2"
"听从湖南的请求","0","2","2"
"为枢密院直学士","0","2","2"
"塞等军蕃汉马军","0","2","2"
"等军蕃汉马军步","0","2","2"
"军蕃汉马军步军","0","2","2"
"马都尉石敬瑭为","0","2","2"
"任前晋州节度使","0","2","2"
"蕃汉马军步军都","0","2","2"
"汉马军步军都部","0","2","2"
"马军步军都部署","0","2","2"
"为太原四面兵马","0","2","2"
"副使边仁嗣以下","0","2","2"
"使边仁嗣以下官","0","2","2"
"边仁嗣以下官员","0","2","2"
"任汴州节度使范","0","2","2"
"度使范延光为天","0","2","2"
"使范延光为天雄","0","2","2"
"范延光为天雄军","0","2","2"
"任西京留守李周","0","2","2"
"西京留守李周为","0","2","2"
"任前彰武军节度","0","2","2"
"节度使高行周为","0","2","2"
"任振武军节度使","0","2","2"
"任命的汴州节度","0","2","2"
"命的汴州节度使","0","2","2"
"的汴州节度使萧","0","2","2"
"讨伐平定了他们","0","2","2"
"将刘寻阝进攻同","0","2","2"
"刘寻阝进攻同州","0","2","2"
"到镇州征讨张文","0","2","2"
"镇州征讨张文礼","0","2","2"
"送到汴州做人质","0","2","2"
"全部消灭了他们","0","2","2"
"史张行恭弃城逃","0","2","2"
"度使安知建叛变","0","2","2"
"武皇命令李存孝","0","2","2"
"李存孝平定邢州","0","2","2"
"李存信与李存孝","0","2","2"
"存信与李存孝不","0","2","2"
"信与李存孝不和","0","2","2"
"李匡俦夺取了他","0","2","2"
"王镕的儿子王昭","0","2","2"
"派使者向庄宗告","0","2","2"
"使者向庄宗告急","0","2","2"
"明宗即皇帝位后","0","2","2"
"木过把他打下马","0","2","2"
"周德威和李嗣昭","0","2","2"
"以军功升任检校","0","2","2"
"军功升任检校太","0","2","2"
"功升任检校太保","0","2","2"
"庄宗派周德威率","0","2","2"
"害怕得变了脸色","0","2","2"
"庄宗派符存审率","0","2","2"
"刘寻阝在莘县扎","0","2","2"
"寻阝在莘县扎营","0","2","2"
"幽州卢龙军节度","0","2","2"
"州卢龙军节度使","0","2","2"
"为宣武军节度使","0","2","2"
"任李继岌为都统","0","2","2"
"任郭崇韬为招讨","0","2","2"
"郭崇韬为招讨使","0","2","2"
"时掌管留守事务","0","2","2"
"豆卢革对郭崇韬","0","2","2"
"卢革对郭崇韬说","0","2","2"
"为行营右厢马军","0","2","2"
"马军步军都虞候","0","2","2"
"祭天典礼结束后","0","2","2"
"李仁矩镇守阆州","0","2","2"
"张全义为河南尹","0","2","2"
"任张全义为守太","0","2","2"
"张全义为守太尉","0","2","2"
"时赵在礼占据魏","0","2","2"
"赵在礼占据魏州","0","2","2"
"唐昭宗光化元年","0","2","2"
"增加食邑到一万","0","2","2"
"明宗被乱军逼迫","0","2","2"
"王晏球包围定州","0","2","2"
"范延光为枢密使","0","2","2"
"任圜为工部尚书","0","2","2"
"圜为工部尚书兼","0","2","2"
"为工部尚书兼真","0","2","2"
"工部尚书兼真定","0","2","2"
"部尚书兼真定尹","0","2","2"
"兼北面水陆转运","0","2","2"
"李廷安召来任圜","0","2","2"
"和都指挥使梁汉","0","2","2"
"王正言守礼部尚","0","2","2"
"邺都行营招抚使","0","2","2"
"康延孝详细陈述","0","2","2"
"观察判官张宪为","0","2","2"
"州节度使朱令德","0","2","2"
"高祖的第四代祖","0","2","2"
"日出生在太原汾","0","2","2"
"出生在太原汾阳","0","2","2"
"生在太原汾阳里","0","2","2"
"庄宗与后梁军队","0","2","2"
"天祐十八年十月","0","2","2"
"军马步军总指挥","0","2","2"
"兼六军诸卫副使","0","2","2"
"匡定保节功臣名","0","2","2"
"定保节功臣名号","0","2","2"
"率领一千多骑兵","0","2","2"
"契丹国主率领大","0","2","2"
"丹国主率领大军","0","2","2"
"高祖在长春殿为","0","2","2"
"任昭义军节度使","0","2","2"
"左仆射刘日句等","0","2","2"
"仆射刘日句等人","0","2","2"
"仪仗侍卫依照礼","0","2","2"
"仗侍卫依照礼制","0","2","2"
"侍卫依照礼制行","0","2","2"
"卫依照礼制行事","0","2","2"
"总指挥使白奉进","0","2","2"
"一千多骑兵奔赴","0","2","2"
"监修国史赵莹上","0","2","2"
"修国史赵莹上奏","0","2","2"
"楚王马希范增加","0","2","2"
"王马希范增加食","0","2","2"
"马希范增加食邑","0","2","2"
"希范增加食邑实","0","2","2"
"范增加食邑实封","0","2","2"
"承受天命继承帝","0","2","2"
"范延光率领所部","0","2","2"
"杨仁美派遣使臣","0","2","2"
"仁美派遣使臣进","0","2","2"
"美派遣使臣进贡","0","2","2"
"使臣进贡地方土","0","2","2"
"臣进贡地方土产","0","2","2"
"节度使王继恭派","0","2","2"
"高祖在休息宴游","0","2","2"
"祖在休息宴游的","0","2","2"
"在休息宴游的别","0","2","2"
"休息宴游的别殿","0","2","2"
"是准允钱元馞的","0","2","2"
"准允钱元馞的奏","0","2","2"
"允钱元馞的奏请","0","2","2"
"设置节度观察使","0","2","2"
"二州作为附属郡","0","2","2"
"京留守高行周为","0","2","2"
"未登基时住过的","0","2","2"
"登基时住过的旧","0","2","2"
"基时住过的旧宅","0","2","2"
"时住过的旧宅改","0","2","2"
"住过的旧宅改为","0","2","2"
"龙武统军李从昶","0","2","2"
"师辞官退隐的范","0","2","2"
"辞官退隐的范延","0","2","2"
"官退隐的范延光","0","2","2"
"鹘可汗杨仁美派","0","2","2"
"使者进贡地方土","0","2","2"
"者进贡地方土产","0","2","2"
"原右拾遗郑云叟","0","2","2"
"笥山道士罗隐之","0","2","2"
"为天下兵马元帅","0","2","2"
"高祖在永福殿宴","0","2","2"
"祖在永福殿宴请","0","2","2"
"在永福殿宴请文","0","2","2"
"永福殿宴请文武","0","2","2"
"按照法律条款定","0","2","2"
"照法律条款定罪","0","2","2"
"文武百官不入阁","0","2","2"
"武百官不入阁朝","0","2","2"
"百官不入阁朝拜","0","2","2"
"使杨彦询出使契","0","2","2"
"杨彦询出使契丹","0","2","2"
"追赠为太子太保","0","2","2"
"原鹿阝州节度使","0","2","2"
"鹿阝州节度使安","0","2","2"
"阝州节度使安审","0","2","2"
"为中书侍郎平章","0","2","2"
"州升格为防御使","0","2","2"
"升格为防御使级","0","2","2"
"追赠为太子太傅","0","2","2"
"襄州节度使安从","0","2","2"
"州节度使安从进","0","2","2"
"派使臣前来朝拜","0","2","2"
"使臣前来朝拜进","0","2","2"
"臣前来朝拜进贡","0","2","2"
"以太子少傅辞官","0","2","2"
"太子少傅辞官退","0","2","2"
"子少傅辞官退隐","0","2","2"
"少傅辞官退隐的","0","2","2"
"傅辞官退隐的王","0","2","2"
"宣徽南院使张从","0","2","2"
"徽南院使张从恩","0","2","2"
"杜重威为北面行","0","2","2"
"重威为北面行营","0","2","2"
"威为北面行营招","0","2","2"
"任命原贝州节度","0","2","2"
"命原贝州节度使","0","2","2"
"在服丧期满后担","0","2","2"
"服丧期满后担任","0","2","2"
"度使桑维翰加封","0","2","2"
"使桑维翰加封检","0","2","2"
"桑维翰加封检校","0","2","2"
"维翰加封检校太","0","2","2"
"使兼侍卫马步军","0","2","2"
"兼侍卫马步军都","0","2","2"
"虞候景延广加封","0","2","2"
"调任郓州节度使","0","2","2"
"到各佛寺道观祈","0","2","2"
"各佛寺道观祈求","0","2","2"
"张式的父亲张铎","0","2","2"
"在这一年的十二","0","2","2"
"这一年的十二月","0","2","2"
"随高祖幸临邺都","0","2","2"
"一共上了三次表","0","2","2"
"分别命令在朝臣","0","2","2"
"国子祭酒兼户部","0","2","2"
"子祭酒兼户部侍","0","2","2"
"祭酒兼户部侍郎","0","2","2"
"酒兼户部侍郎田","0","2","2"
"兼户部侍郎田敏","0","2","2"
"恒州顺国军节度","0","2","2"
"一并加封检校太","0","2","2"
"废除枢密使一职","0","2","2"
"百官丧服恭临天","0","2","2"
"官丧服恭临天清","0","2","2"
"丧服恭临天清殿","0","2","2"
"臣到佛寺道观祈","0","2","2"
"佛寺道观祈祷下","0","2","2"
"州节度使李从温","0","2","2"
"元年春正月一日","0","2","2"
"邺都留守张从恩","0","2","2"
"军张彦泽等率领","0","2","2"
"骑兵出击晋军的","0","2","2"
"到下午四五点钟","0","2","2"
"杨光远的儿子杨","0","2","2"
"光远的儿子杨承","0","2","2"
"远的儿子杨承勋","0","2","2"
"的儿子杨承勋等","0","2","2"
"派即墨县令王德","0","2","2"
"即墨县令王德柔","0","2","2"
"墨县令王德柔进","0","2","2"
"为东北面行营都","0","2","2"
"没有活着回去的","0","2","2"
"军于是渡过黄河","0","2","2"
"二年夏五月一日","0","2","2"
"朝廷军队在中渡","0","2","2"
"节度使张彦泽接","0","2","2"
"度使张彦泽接受","0","2","2"
"使张彦泽接受契","0","2","2"
"张彦泽接受契丹","0","2","2"
"彦泽接受契丹命","0","2","2"
"泽接受契丹命令","0","2","2"
"赐封忠顺保义功","0","2","2"
"封忠顺保义功臣","0","2","2"
"高祖登上皇位后","0","2","2"
"张敬达围困晋阳","0","2","2"
"敬达围困晋阳时","0","2","2"
"先帝是契丹所立","0","2","2"
"便罢免了他的兵","0","2","2"
"罢免了他的兵权","0","2","2"
"看到的人没有不","0","2","2"
"毕宿口上的大星","0","2","2"
"主持枢密院事务","0","2","2"
"杨光远镇守洛阳","0","2","2"
"没收他们的财产","0","2","2"
"石重睿选择老师","0","2","2"
"都不曾入仕做官","0","2","2"
"入朝担任左骁卫","0","2","2"
"晋高祖登上皇位","0","2","2"
"晋高祖登上帝位","0","2","2"
"与士兵同甘共苦","0","2","2"
"后唐庄宗平定后","0","2","2"
"辅佐皇上的功劳","0","2","2"
"高祖在太原立国","0","2","2"
"杨光远率兵讨伐","0","2","2"
"的第一个甲子为","0","2","2"
"第一个甲子为上","0","2","2"
"一个甲子为上元","0","2","2"
"唐末帝派范延光","0","2","2"
"的儿子杨承勋率","0","2","2"
"范延光自己投河","0","2","2"
"任成德军节度使","0","2","2"
"全部杀掉了他们","0","2","2"
"放纵士兵大肆抢","0","2","2"
"在晋代即追封为","0","2","2"
"晋代即追封为太","0","2","2"
"契丹出动全部兵","0","2","2"
"丹出动全部兵力","0","2","2"
"改任许州节度使","0","2","2"
"改晋国为大辽国","0","2","2"
"一鼓作气攻下了","0","2","2"
"出行居住的地方","0","2","2"
"契丹从黎阳渡过","0","2","2"
"丹从黎阳渡过黄","0","2","2"
"担任定州节度使","0","2","2"
"担任河中节度使","0","2","2"
"以太子太师身份","0","2","2"
"太子太师身份退","0","2","2"
"太常卿张昭进上","0","2","2"
"契丹所任命的节","0","2","2"
"丹所任命的节度","0","2","2"
"任命的节度使麻","0","2","2"
"命的节度使麻答","0","2","2"
"正月五日黎明以","0","2","2"
"总部署郭从义上","0","2","2"
"部署郭从义上奏","0","2","2"
"诏令授赵思绾为","0","2","2"
"令授赵思绾为华","0","2","2"
"授赵思绾为华州","0","2","2"
"常彦卿为虢州刺","0","2","2"
"彦卿为虢州刺史","0","2","2"
"蝗虫拥抱着枯草","0","2","2"
"虫拥抱着枯草而","0","2","2"
"拥抱着枯草而死","0","2","2"
"州节度使兼侍卫","0","2","2"
"兼侍卫亲军都指","0","2","2"
"郭威平定河中回","0","2","2"
"三年春正月一日","0","2","2"
"黄河冲决原武县","0","2","2"
"河冲决原武县堤","0","2","2"
"冲决原武县堤防","0","2","2"
"所以有这一请求","0","2","2"
"卫都指挥使史弘","0","2","2"
"都指挥使史弘肇","0","2","2"
"滑州节度使宋延","0","2","2"
"州节度使宋延渥","0","2","2"
"前开封府尹侯益","0","2","2"
"藏在龙鸟脱的衣","0","2","2"
"在龙鸟脱的衣领","0","2","2"
"龙鸟脱的衣领中","0","2","2"
"杀害了史弘肇等","0","2","2"
"害了史弘肇等人","0","2","2"
"派侍卫马军指挥","0","2","2"
"逐渐迁升为裨校","0","2","2"
"范延光在魏州反","0","2","2"
"延光在魏州反叛","0","2","2"
"乾佑三年冬十一","0","2","2"
"佑三年冬十一月","0","2","2"
"迁升为检校太保","0","2","2"
"罢免不急需的事","0","2","2"
"免不急需的事务","0","2","2"
"以八十缗为一陌","0","2","2"
"高祖在太原建立","0","2","2"
"李崧的弟弟李屿","0","2","2"
"晋高祖石敬瑭的","0","2","2"
"高祖命令杜重威","0","2","2"
"为侍卫亲军马步","0","2","2"
"派他的儿子杜弘","0","2","2"
"他的儿子杜弘遂","0","2","2"
"李守贞为北面行","0","2","2"
"守贞为北面行营","0","2","2"
"贞为北面行营都","0","2","2"
"为侍卫亲军都指","0","2","2"
"契丹人侵犯边境","0","2","2"
"高祖进入汴京后","0","2","2"
"后汉时追赠为太","0","2","2"
"的事没有不做的","0","2","2"
"听从太祖的节制","0","2","2"
"从太祖的节制调","0","2","2"
"太祖的节制调度","0","2","2"
"子徐州节度使刘","0","2","2"
"奸邪小人制造祸","0","2","2"
"邪小人制造祸乱","0","2","2"
"兵要扶立郭公称","0","2","2"
"要扶立郭公称帝","0","2","2"
"常赦免仍不能原","0","2","2"
"赦免仍不能原宥","0","2","2"
"免仍不能原宥的","0","2","2"
"节度使王彦超领","0","2","2"
"度使王彦超领兵","0","2","2"
"荆南高保融上奏","0","2","2"
"次诏令有关部门","0","2","2"
"契丹国主兀欲派","0","2","2"
"差散从亲事官等","0","2","2"
"三十个侍仆的衣","0","2","2"
"十个侍仆的衣服","0","2","2"
"个侍仆的衣服粮","0","2","2"
"侍仆的衣服粮食","0","2","2"
"为已故贵妃张氏","0","2","2"
"是因为汉隐帝的","0","2","2"
"因为汉隐帝的灵","0","2","2"
"为汉隐帝的灵柩","0","2","2"
"汉隐帝的灵柩尚","0","2","2"
"隐帝的灵柩尚未","0","2","2"
"帝的灵柩尚未下","0","2","2"
"的灵柩尚未下葬","0","2","2"
"子澶州节度使郭","0","2","2"
"州节度使郭荣服","0","2","2"
"节度使郭荣服丧","0","2","2"
"太常卿边蔚奉上","0","2","2"
"令有关部门议定","0","2","2"
"有关部门议定谥","0","2","2"
"关部门议定谥号","0","2","2"
"太平宫问候汉太","0","2","2"
"平宫问候汉太后","0","2","2"
"部门选择日期准","0","2","2"
"门选择日期准备","0","2","2"
"诏令枢密使王峻","0","2","2"
"枢密使王峻领兵","0","2","2"
"密使王峻领兵支","0","2","2"
"使王峻领兵支援","0","2","2"
"的丁壮民夫二万","0","2","2"
"丁壮民夫二万人","0","2","2"
"以侍卫步军都指","0","2","2"
"府州防御使折德","0","2","2"
"州防御使折德报","0","2","2"
"防御使折德报告","0","2","2"
"鹘派使者进贡地","0","2","2"
"使以下一起设置","0","2","2"
"以下一起设置一","0","2","2"
"下一起设置一斋","0","2","2"
"斤以上者处死刑","0","2","2"
"龙捷军都指挥使","0","2","2"
"凡朝廷内外文武","0","2","2"
"仪仗卫队按礼仪","0","2","2"
"刘言为检校太师","0","2","2"
"兼任武平军节度","0","2","2"
"兼任静江军节度","0","2","2"
"征收的租税赢利","0","2","2"
"天下属于官府的","0","2","2"
"作为不在官额之","0","2","2"
"为不在官额之内","0","2","2"
"不在官额之内的","0","2","2"
"在官额之内的员","0","2","2"
"官额之内的员外","0","2","2"
"额之内的员外官","0","2","2"
"诏令中书令冯道","0","2","2"
"指挥使高绍基报","0","2","2"
"挥使高绍基报告","0","2","2"
"任开封尹兼功德","0","2","2"
"被勒令罢官回家","0","2","2"
"派指挥使郑王交","0","2","2"
"指挥使郑王交带","0","2","2"
"挥使郑王交带领","0","2","2"
"使郑王交带领兵","0","2","2"
"郑王交带领兵士","0","2","2"
"到朗州安抚完毕","0","2","2"
"诏令刘言罢职回","0","2","2"
"令刘言罢职回家","0","2","2"
"贬任右司御副率","0","2","2"
"冯道率领百官上","0","2","2"
"衣十五周年的赐","0","2","2"
"十五周年的赐穿","0","2","2"
"任开府仪同三司","0","2","2"
"掌管内外兵马事","0","2","2"
"管内外兵马事务","0","2","2"
"晋王郭荣可在灵","0","2","2"
"王郭荣可在灵柩","0","2","2"
"郭荣可在灵柩前","0","2","2"
"荣可在灵柩前即","0","2","2"
"周太祖镇守邺都","0","2","2"
"后周广顺元年正","0","2","2"
"令天雄军节度使","0","2","2"
"以澶州节度使郭","0","2","2"
"宗于是亲自率领","0","2","2"
"留下自己的儿子","0","2","2"
"就在应当关闭废","0","2","2"
"在应当关闭废除","0","2","2"
"应当关闭废除的","0","2","2"
"当关闭废除的寺","0","2","2"
"关闭废除的寺院","0","2","2"
"闭废除的寺院中","0","2","2"
"指挥使李重进领","0","2","2"
"挥使李重进领兵","0","2","2"
"部尚书张昭上奏","0","2","2"
"度使王进逵上奏","0","2","2"
"将领兵攻打常州","0","2","2"
"命今上赵匡胤领","0","2","2"
"从淮南回到京城","0","2","2"
"招讨使李重进上","0","2","2"
"讨使李重进上奏","0","2","2"
"诏令天下被关押","0","2","2"
"令天下被关押的","0","2","2"
"天下被关押的罪","0","2","2"
"今上赵匡胤率领","0","2","2"
"征发附近县邑的","0","2","2"
"以太府卿冯延鲁","0","2","2"
"以卫尉少卿钟谟","0","2","2"
"卫尉少卿钟谟为","0","2","2"
"南唐太子李弘冀","0","2","2"
"到世宗所在地奉","0","2","2"
"世宗所在地奉上","0","2","2"
"宗所在地奉上贡","0","2","2"
"所在地奉上贡物","0","2","2"
"今上赵匡胤领兵","0","2","2"
"令有关官员议定","0","2","2"
"五种颜色的小蛇","0","2","2"
"上表推荐刘仁恭","0","2","2"
"接连迁升到检校","0","2","2"
"连迁升到检校太","0","2","2"
"迁升到检校太保","0","2","2"
"高行周和符彦卿","0","2","2"
"高行周回到藩镇","0","2","2"
"任归德军节度使","0","2","2"
"周太祖登上帝位","0","2","2"
"因病在任上去世","0","2","2"
"诏令追赠为尚书","0","2","2"
"后罢职改任朝散","0","2","2"
"罢职改任朝散大","0","2","2"
"职改任朝散大夫","0","2","2"
"派前申州刺史马","0","2","2"
"不久上表请求免","0","2","2"
"久上表请求免除","0","2","2"
"刘去非任郢州刺","0","2","2"
"去非任郢州刺史","0","2","2"
"李茂贞与王行瑜","0","2","2"
"李茂贞违抗诏令","0","2","2"
"昭宗劫持到凤翔","0","2","2"
"李茂贞的山南各","0","2","2"
"茂贞的山南各州","0","2","2"
"州划为自己的属","0","2","2"
"划为自己的属郡","0","2","2"
"兼武平军节度使","0","2","2"
"宣州节度使田君","0","2","2"
"州节度使田君页","0","2","2"
"为镇海军节度副","0","2","2"
"毕师铎攻陷广陵","0","2","2"
"在正阳大败淮南","0","2","2"
"正阳大败淮南贼","0","2","2"
"第二年春天正月","0","2","2"
"汴军将领李思安","0","2","2"
"埋伏士兵于内黄","0","2","2"
"伏士兵于内黄境","0","2","2"
"士兵于内黄境内","0","2","2"
"兵于内黄境内清","0","2","2"
"于内黄境内清水","0","2","2"
"内黄境内清水的","0","2","2"
"周德威进攻包围","0","2","2"
"听到周朝军队来","0","2","2"
"到周朝军队来了","0","2","2"
"他的儿子刘承钧","0","2","2"
"国主致信给大唐","0","2","2"
"主致信给大唐皇","0","2","2"
"致信给大唐皇帝","0","2","2"
"于是亲自率领五","0","2","2"
"派遣使者到契丹","0","2","2"
"陷于吐蕃的汉人","0","2","2"
"也派遣使者跟随","0","2","2"
"为归义军节度使","0","2","2"
"加封开府仪同三","0","2","2"
"封开府仪同三司","0","2","2"
"任捧日都指挥使","0","2","2"
"指挥使张彦琪为","0","2","2"
"为太原四面马军","0","2","2"
"节度使安审琦为","0","2","2"
"军节度使赵在礼","0","2","2"
"一并增加食邑实","0","2","2"
"并增加食邑实封","0","2","2"
"天平军节度使兼","0","2","2"
"平军节度使兼侍","0","2","2"
"符彦卿为北面行","0","2","2"
"彦卿为北面行营","0","2","2"
"卿为北面行营马","0","2","2"
"为北面行营马军","0","2","2"
"兼马军左右厢都","0","2","2"
"为北面行营马步","0","2","2"
"任邺都留守兼侍","0","2","2"
"邺都留守兼侍卫","0","2","2"
"都留守兼侍卫亲","0","2","2"
"留守兼侍卫亲军","0","2","2"
"守兼侍卫亲军马","0","2","2"
"任宣武军节度押","0","2","2"
"军节度押牙李从","0","2","2"
"尚书辞官退隐的","0","2","2"
