"N-gram","原文","翻译","Total"
"侍卫马军都指挥使","21","16","37"
"侍卫步军都指挥使","17","16","33"
"侍卫亲军都指挥使","14","13","27"
"军马步军都指挥使","11","8","19"
"侍卫亲军马步军都","9","7","16"
"同中书门下平章事","8","8","16"
"卫亲军马步军都指","9","6","15"
"亲军马步军都指挥","9","6","15"
"帝御崇元殿受朝贺","11","0","11"
"行营都部署高行周","5","5","10"
"马军步军都指挥使","0","10","10"
"高祖驾临崇元殿接","0","10","10"
"祖驾临崇元殿接受","0","10","10"
"驾临崇元殿接受朝","0","10","10"
"州马步军都指挥使","5","3","8"
"昭义节度使李嗣昭","4","4","8"
"襄州行营都部署高","4","4","8"
"州行营都部署高行","4","4","8"
"护圣左厢都指挥使","4","4","8"
"侍卫都指挥使李重","4","4","8"
"卫都指挥使李重进","4","4","8"
"魏博节度使杨师厚","2","4","6"
"先锋步军都指挥使","3","3","6"
"许州节度使谢彦章","3","3","6"
"河东节度使石敬瑭","3","3","6"
"行营马步军都虞候","3","3","6"
"军都指挥使宋审虔","3","3","6"
"汴州节度使范延光","3","3","6"
"耀忠匡定保节功臣","3","3","6"
"湖南节度使马希范","3","3","6"
"镇州节度使安重荣","3","3","6"
"宋州节度使安彦威","3","3","6"
"军都指挥使李守贞","3","3","6"
"青州节度使杨光远","3","3","6"
"卫马军都指挥使李","4","2","6"
"澶州节度使李洪义","3","3","6"
"卫步军都指挥使曹","3","3","6"
"步军都指挥使曹英","3","3","6"
"殿前都指挥使张永","3","3","6"
"前都指挥使张永德","3","3","6"
"朗州节度使王进逵","3","3","6"
"临崇元殿接受朝贺","0","6","6"
"徐州节度使刘斌贝","0","6","6"
"右厢马军都指挥使","3","2","5"
"京马步军都指挥使","3","2","5"
"马步军副都指挥使","3","2","5"
"威塞等军蕃汉马步","4","1","5"
"侍卫马步军都虞候","2","3","5"
"侍卫马步军都指挥","2","3","5"
"卫马步军都指挥使","2","3","5"
"夏州节度使李彝殷","2","3","5"
"行营步军都指挥使","3","2","5"
"仪仗侍卫按礼行事","0","5","5"
"在灵柩前即皇帝位","0","5","5"
"任天下兵马都元帅","0","5","5"
"时河中节度使王重","2","2","4"
"河中节度使王重荣","2","2","4"
"河中行营副招讨使","2","2","4"
"滑州节度使安师儒","2","2","4"
"蔡州四面行营都统","2","2","4"
"同州节度使刘知俊","2","2","4"
"福建节度使王审知","2","2","4"
"淮南西北面行营招","2","2","4"
"南西北面行营招讨","2","2","4"
"行营先锋步军都指","2","2","4"
"营先锋步军都指挥","2","2","4"
"沧州节度使戴思远","2","2","4"
"州节度使戴思远弃","2","2","4"
"节度使戴思远弃城","2","2","4"
"军马步军副都指挥","2","2","4"
"滑州节度使王彦章","2","2","4"
"东南面行营都招讨","2","2","4"
"南面行营都招讨使","2","2","4"
"北面行营副招讨使","2","2","4"
"左厢步军都指挥使","2","2","4"
"大同军节度使李存","2","2","4"
"同军节度使李存璋","2","2","4"
"蕃汉马步总管李存","2","2","4"
"汉马步总管李存审","2","2","4"
"许州匡国军节度使","2","2","4"
"安义军节度使李继","2","2","4"
"义军节度使李继韬","2","2","4"
"宰臣豆卢革率百官","3","1","4"
"臣豆卢革率百官上","3","1","4"
"豆卢革率百官上表","2","2","4"
"宣武军节度使李存","2","2","4"
"武军节度使李存审","2","2","4"
"荆南节度使高季兴","2","2","4"
"军左厢马军都指挥","2","2","4"
"左厢马军都指挥使","2","2","4"
"右厢步军都指挥使","2","2","4"
"严卫都指挥使尹晖","2","2","4"
"宣徽南院使孟汉琼","2","2","4"
"定州节度使杨光远","2","2","4"
"邢州节度使安审琦","2","2","4"
"步军都指挥使宋审","2","2","4"
"大同彰国振武威塞","3","1","4"
"同彰国振武威塞等","3","1","4"
"彰国振武威塞等军","3","1","4"
"国振武威塞等军蕃","3","1","4"
"振武威塞等军蕃汉","3","1","4"
"捧圣都虞候张令昭","2","2","4"
"前彰武军节度使高","2","2","4"
"彰武军节度使高行","2","2","4"
"武军节度使高行周","2","2","4"
"邢州节度使安知建","2","2","4"
"州节度使安知建叛","2","2","4"
"凤州节度使王承捷","2","2","4"
"屯驻指挥使唐景思","2","2","4"
"北面行营马军都指","2","2","4"
"面行营马军都指挥","2","2","4"
"行营马军都指挥使","2","2","4"
"赐耀忠匡定保节功","2","2","4"
"安州节度使马全节","2","2","4"
"军都指挥使杜重威","2","2","4"
"右谏议大夫郑受益","2","2","4"
"圣文章武明德孝皇","2","2","4"
"文章武明德孝皇帝","2","2","4"
"百官素服临天清殿","4","0","4"
"河东节度使刘知远","2","2","4"
"洪州节度使马希振","2","2","4"
"贝州节度使王令温","2","2","4"
"右神武统军张彦泽","2","2","4"
"贝州节度使梁汉璋","2","2","4"
"相州节度使张彦泽","2","2","4"
"睿文圣武昭肃孝皇","2","2","4"
"文圣武昭肃孝皇帝","2","2","4"
"相州节度使高唐英","2","2","4"
"朗州节度使马希萼","2","2","4"
"卫步军都指挥使王","2","2","4"
"步军都指挥使王殷","2","2","4"
"圣左厢都指挥使郭","2","2","4"
"左厢都指挥使郭崇","2","2","4"
"侍卫马军指挥使郭","2","2","4"
"卫马军指挥使郭崇","2","2","4"
"户部员外郎张贻肃","2","2","4"
"侍卫亲军马步军副","2","2","4"
"皇子澶州节度使荣","4","0","4"
"镇州节度使何福进","2","2","4"
"圣神恭肃文武孝皇","2","2","4"
"神恭肃文武孝皇帝","2","2","4"
"天雄军节度使符彦","2","2","4"
"雄军节度使符彦卿","2","2","4"
"河中节度使王彦超","2","2","4"
"滑州节度使白重赞","2","2","4"
"马军都指挥使樊爱","2","2","4"
"军都指挥使樊爱能","2","2","4"
"步军都指挥使何徽","2","2","4"
"郑州防御使史彦超","2","2","4"
"卫马军都指挥使韩","2","2","4"
"马军都指挥使韩令","2","2","4"
"军都指挥使韩令坤","2","2","4"
"西南面行营都部署","2","2","4"
"濠州团练使郭廷谓","2","2","4"
"淮南节度使杨行密","2","2","4"
"郎改授银青光禄大","2","2","4"
"改授银青光禄大夫","2","2","4"
"节度副大使知节度","2","2","4"
"度副大使知节度事","2","2","4"
"定州节度使王处直","2","2","4"
"振武节度使李存进","2","2","4"
"军都指挥使张彦琪","2","2","4"
"相州彰德军节度使","2","2","4"
"面行营马步军都虞","2","2","4"
"许州节度使符彦卿","2","2","4"
"军左右厢都指挥使","2","2","4"
"军左右厢都排阵使","2","2","4"
"北面行营马步军左","2","2","4"
"州管内观察处置等","2","2","4"
"管内观察处置等使","2","2","4"
"宣武军节度押牙李","2","2","4"
"加封太祖为检校太","0","4","4"
"为北面行营招讨使","0","4","4"
"到明堂殿接受朝贺","0","4","4"
"淮南杨溥派使者进","0","4","4"
"兼侍卫马军都指挥","0","4","4"
"知道事情不能成功","0","4","4"
"临崇元殿接受朝拜","0","4","4"
"后汉高祖登上帝位","0","4","4"
"州节度使刘斌贝为","0","4","4"
"青州节度使王师范","1","2","3"
"东京马步军都指挥","2","1","3"
"潞州行营都招讨使","2","1","3"
"行营诸军马步都虞","3","0","3"
"营诸军马步都虞候","3","0","3"
"匡国军节度观察留","2","1","3"
"国军节度观察留后","2","1","3"
"加检校右散骑常侍","3","0","3"
"充诸道盐铁转运使","2","1","3"
"授北面行营副招讨","2","1","3"
"西北面行营招讨使","1","2","3"
"刘守光僭称大燕皇","1","2","3"
"守光僭称大燕皇帝","1","2","3"
"镇州大将张文礼杀","1","2","3"
"帝御明堂殿受朝贺","3","0","3"
"令所司择日备礼册","3","0","3"
"所司择日备礼册命","3","0","3"
"枢密使郭崇韬上表","2","1","3"
"称大汉国王致书上","2","1","3"
"大汉国王致书上大","2","1","3"
"汉国王致书上大唐","2","1","3"
"国王致书上大唐皇","2","1","3"
"王致书上大唐皇帝","2","1","3"
"凤翔节度使李严","3","0","3"
"行营右厢马步都虞","2","1","3"
"营右厢马步都虞候","2","1","3"
"维应顺元年岁次甲","2","1","3"
"应顺元年岁次甲午","2","1","3"
"枢密副使刘延朗宣","2","1","3"
"秦州节度使张延朗","1","2","3"
"武威塞等军蕃汉马","2","1","3"
"塞等军蕃汉马步总","2","1","3"
"等军蕃汉马步总管","2","1","3"
"充侍卫马军都指挥","3","0","3"
"屯驻捧圣都虞候张","2","1","3"
"驻捧圣都虞候张令","2","1","3"
"太原四面招抚排阵","2","1","3"
"原四面招抚排阵使","2","1","3"
"振武军节度使安叔","1","2","3"
"武军节度使安叔千","1","2","3"
"遣侍卫步军都指挥","3","0","3"
"内外蕃汉马步总管","2","1","3"
"魏州节度使罗绍威","1","2","3"
"宰臣监修国史赵莹","2","1","3"
"镇海镇东等军节度","2","1","3"
"海镇东等军节度使","2","1","3"
"马步军都指挥使李","1","2","3"
"步军都指挥使李守","1","2","3"
"卫步军都指挥使郭","2","1","3"
"步军都指挥使郭谨","2","1","3"
"马军都指挥使李守","2","1","3"
"面行营马步都虞候","2","1","3"
"等州观察处置等使","2","1","3"
"振武节度使周德威","2","1","3"
"蕃汉马步军都指挥","1","2","3"
"汉马步军都指挥使","1","2","3"
"节度使宋延渥开门","2","1","3"
"度使宋延渥开门迎","2","1","3"
"马军指挥使郭崇率","2","1","3"
"命侍卫马军都指挥","1","2","3"
"州节度使王进逵上","1","2","3"
"伪濠州团练使郭廷","1","2","3"
"检校国子祭酒御史","3","0","3"
"校国子祭酒御史中","3","0","3"
"国子祭酒御史中丞","3","0","3"
"内外马步军都指挥","1","2","3"
"外马步军都指挥使","1","2","3"
"州刺史张行恭弃城","1","2","3"
"河东节度判官卢质","1","2","3"
"判六军诸卫事李继","1","2","3"
"六军诸卫事李继岌","1","2","3"
"北面行营马步军都","2","1","3"
"以太子太师辞官退","0","3","3"
"太子太师辞官退隐","0","3","3"
"子太师辞官退隐的","0","3","3"
"太祖率领亲信部队","0","3","3"
"马慎交以下一百多","0","3","3"
"慎交以下一百多人","0","3","3"
"以户部尚书辞官退","0","3","3"
"行营各军马步都虞","0","3","3"
"营各军马步都虞候","0","3","3"
"末帝停止上朝三天","0","3","3"
"迎銮毅勇功臣名号","0","3","3"
"刘知俊的弟弟刘知","0","3","3"
"知俊的弟弟刘知浣","0","3","3"
"州马军步军都指挥","0","3","3"
"太祖派杨师厚领兵","0","3","3"
"任北面行营招讨使","0","3","3"
"史建瑭率三千骑兵","0","3","3"
"河中节度使朱友谦","0","3","3"
"遥领天平军节度使","0","3","3"
"按通常赦免仍不能","0","3","3"
"国夫人刘氏为皇后","0","3","3"
"选择日期准备礼仪","0","3","3"
"南杨溥派使者进贡","0","3","3"
"任侍卫马军都指挥","0","3","3"
"加封高祖为检校太","0","3","3"
"侍卫马军总指挥使","0","3","3"
"荆南节度使高从诲","0","3","3"
"都指挥使杜重威为","0","3","3"
"都部署高行周上奏","0","3","3"
"节度使兼侍卫马步","0","3","3"
"佛寺道观祈求下雨","0","3","3"
"任侍卫亲军马步军","0","3","3"
"可在灵柩前即皇帝","0","3","3"
"节度使兼侍卫亲军","0","3","3"
"诏令黄河以北各州","0","3","3"
"任侍卫步军都指挥","0","3","3"
"任侍卫亲军都指挥","0","3","3"
"令有关部门选择日","0","3","3"
"有关部门选择日期","0","3","3"
"率领步兵骑兵一万","0","3","3"
"派使者进贡地方物","0","3","3"
"使者进贡地方物产","0","3","3"
"太祖登崇元殿接受","0","3","3"
"祖登崇元殿接受朝","0","3","3"
"有诏赐名号的寺院","0","3","3"
"检校国子祭酒兼御","0","3","3"
"校国子祭酒兼御史","0","3","3"
"国子祭酒兼御史中","0","3","3"
"子祭酒兼御史中丞","0","3","3"
"兼侍卫亲军马步军","0","3","3"
"太祖神武元圣孝皇","1","1","2"
"祖神武元圣孝皇帝","1","1","2"
"唐广明元年十二月","1","1","2"
"夏州节度使诸葛爽","1","1","2"
"州节度使诸葛爽率","1","1","2"
"东南面行营先锋使","1","1","2"
"中节度使王重荣屯","1","1","2"
"充河中行营副招讨","2","0","2"
"时蔡州刺史秦宗权","1","1","2"
"命翰林承旨刘崇望","1","1","2"
"翰林承旨刘崇望撰","1","1","2"
"庞师古攻下宿迁县","1","1","2"
"河东东面行营招讨","1","1","2"
"东东面行营招讨使","1","1","2"
"沧州节度使卢廷彦","1","1","2"
"邢州刺史马师素弃","1","1","2"
"州刺史马师素弃城","1","1","2"
"邢州昭义军节度使","1","1","2"
"州昭义军节度使留","1","1","2"
"昭义军节度使留后","1","1","2"
"襄州节度使赵匡凝","1","1","2"
"时幽州节度使刘仁","1","1","2"
"幽州节度使刘仁恭","1","1","2"
"州节度使刘仁恭大","1","1","2"
"节度使刘仁恭大举","1","1","2"
"逆战乾宁军老鸦堤","2","0","2"
"将佐马慎交下百余","2","0","2"
"佐马慎交下百余人","2","0","2"
"太子太师卢知猷等","1","1","2"
"子太师卢知猷等二","1","1","2"
"太师卢知猷等二百","1","1","2"
"师卢知猷等二百六","1","1","2"
"卢知猷等二百六十","1","1","2"
"知猷等二百六十三","1","1","2"
"猷等二百六十三人","1","1","2"
"押送军容使韩全诲","1","1","2"
"拥大将史仁遇保高","2","0","2"
"大将史仁遇保高唐","2","0","2"
"高平县君范氏追谥","1","1","2"
"秦国夫人杨氏追谥","1","1","2"
"吴国夫人刘氏追谥","1","1","2"
"晋国太夫人王氏追","1","1","2"
"国太夫人王氏追谥","1","1","2"
"宣武节度副使皇子","1","1","2"
"泽州刺史刘重霸面","1","1","2"
"州刺史刘重霸面陈","1","1","2"
"刺史刘重霸面陈破","1","1","2"
"史刘重霸面陈破敌","1","1","2"
"右龙虎军十将张温","1","1","2"
"命宰臣杨涉赴西都","1","1","2"
"宰臣百官上表称贺","1","1","2"
"开封府虞候李继业","1","1","2"
"襄州都指挥使程晖","1","1","2"
"左右内直控鹤等引","1","1","2"
"叶县镇遏使冯德武","1","1","2"
"沙陀振武贼帅周德","1","1","2"
"陀振武贼帅周德威","1","1","2"
"节度使李仁福兵力","1","1","2"
"诏征陕州镇国军节","1","1","2"
"征陕州镇国军节度","1","1","2"
"右厢指挥使刘行琮","1","1","2"
"厢指挥使刘行琮乘","1","1","2"
"指挥使刘行琮乘虚","1","1","2"
"挥使刘行琮乘虚作","1","1","2"
"使刘行琮乘虚作乱","1","1","2"
"左龙骧都教练使邓","1","1","2"
"龙骧都教练使邓季","1","1","2"
"骧都教练使邓季筠","1","1","2"
"魏博马军都指挥使","1","1","2"
"博马军都指挥使何","1","1","2"
"马军都指挥使何令","1","1","2"
"军都指挥使何令稠","1","1","2"
"知制诰窦赏等十五","1","1","2"
"制诰窦赏等十五人","1","1","2"
"左常侍韦戬等二十","1","1","2"
"常侍韦戬等二十三","1","1","2"
"侍韦戬等二十三人","1","1","2"
"怀州刺史段明远等","1","1","2"
"天雄军节度使杨师","1","1","2"
"雄军节度使杨师厚","1","1","2"
"时朝廷福王友璋镇","2","0","2"
"朝廷福王友璋镇徐","2","0","2"
"廷福王友璋镇徐方","2","0","2"
"天平军节度使牛存","1","1","2"
"平军节度使牛存节","1","1","2"
"天平军节度副大使","1","1","2"
"平卢军节度使贺德","1","1","2"
"卢军节度使贺德伦","1","1","2"
"锋步军都指挥使王","1","1","2"
"步军都指挥使王彦","1","1","2"
"军都指挥使王彦章","1","1","2"
"泾州节度使刘知俊","1","1","2"
"诸军都指挥使黄贵","1","1","2"
"军都指挥使黄贵坚","1","1","2"
"都指挥使黄贵坚守","1","1","2"
"命许州节度使王檀","1","1","2"
"河阳节度使谢彦章","1","1","2"
"汝州防御使王彦章","1","1","2"
"滑州宣义军节度副","1","1","2"
"州宣义军节度副大","1","1","2"
"宣义军节度副大使","1","1","2"
"捉生都将李霸作乱","1","1","2"
"遣捉生都将张温率","2","0","2"
"捉生都将张温率步","2","0","2"
"生都将张温率步骑","2","0","2"
"都将张温率步骑五","2","0","2"
"将张温率步骑五百","2","0","2"
"将谢彦章帅众数万","2","0","2"
"谢彦章帅众数万迫","2","0","2"
"彦章帅众数万迫杨","2","0","2"
"章帅众数万迫杨刘","2","0","2"
"北面招讨使贺瑰杀","1","1","2"
"行营马步都虞候硃","2","0","2"
"许州留后王彦章等","1","1","2"
"节度使程全晖单骑","1","1","2"
"余众退保华州罗文","2","0","2"
"众退保华州罗文寨","2","0","2"
"镇州大将王德明杀","1","1","2"
"河东道行营都招讨","1","1","2"
"东道行营都招讨使","1","1","2"
"道行营都招讨使刘","1","1","2"
"北面招讨使戴思远","1","1","2"
"晋将李存审极力拒","1","1","2"
"将李存审极力拒守","1","1","2"
"晋潞州节度留后李","1","1","2"
"潞州节度留后李继","1","1","2"
"州节度留后李继韬","1","1","2"
"命滑州节度使王彦","1","1","2"
"河南尹张全义收葬","1","1","2"
"赐号迎銮毅勇功臣","2","0","2"
"时徐温父子恃宠专","1","1","2"
"徐州马步军都指挥","1","1","2"
"佑国军节度使王重","1","1","2"
"国军节度使王重师","1","1","2"
"幽州刘仁恭拥兵十","1","1","2"
"州刘仁恭拥兵十万","1","1","2"
"遣长直军校马嗣勋","1","1","2"
"扶天启运竭节功臣","1","1","2"
"重荣部将常行儒所","2","0","2"
"京畿安抚制置等使","1","1","2"
"散随驾殿后军二万","1","1","2"
"随驾殿后军二万人","1","1","2"
"害太子詹事马道殷","1","1","2"
"遣泽州刺史安金俊","2","0","2"
"泽州刺史安金俊率","1","1","2"
"山南节度使刘巨容","1","1","2"
"表授检校工部尚书","2","0","2"
"晋将李嗣昭急攻邢","1","1","2"
"将李嗣昭急攻邢州","1","1","2"
"杀彦章濮州刺史孟","2","0","2"
"彦章濮州刺史孟审","2","0","2"
"章濮州刺史孟审澄","2","0","2"
"州四面行营都统使","1","1","2"
"右厢马步军指挥使","1","1","2"
"转左监门卫上将军","2","0","2"
"戴思远北面招讨使","2","0","2"
"山南东道节度留后","1","1","2"
"魏州衙内都指挥使","1","1","2"
"州衙内都指挥使潘","1","1","2"
"衙内都指挥使潘晏","1","1","2"
"大军直抵镇州城下","1","1","2"
"滑州左衙步军指挥","1","1","2"
"州左衙步军指挥使","1","1","2"
"河南留守张全义召","1","1","2"
"青州节度使王敬武","1","1","2"
"兗州节度使张万进","2","0","2"
"州节度使张万进反","1","1","2"
"行营左厢步军都指","1","1","2"
"营左厢步军都指挥","1","1","2"
"西面行营马步军都","1","1","2"
"面行营马步军都指","1","1","2"
"行营马步军都指挥","1","1","2"
"营马步军都指挥使","1","1","2"
"滑州宣义军节度使","1","1","2"
"魏博节度使罗绍威","1","1","2"
"命元帅李涿率兵数","1","1","2"
"元帅李涿率兵数万","1","1","2"
"武皇令军使傅文达","1","1","2"
"令河东监军陈景思","1","1","2"
"武皇东北面行营都","1","1","2"
"皇东北面行营都统","1","1","2"
"赵璋等引军十五万","1","1","2"
"河阳节度使诸葛爽","1","1","2"
"武皇遣大将康君立","2","0","2"
"时观军容使田令孜","1","1","2"
"昭义节度使李克修","1","1","2"
"汴将王虔裕三百人","1","1","2"
"将王虔裕三百人献","1","1","2"
"骑将薛阿檀率前军","1","1","2"
"将薛阿檀率前军进","1","1","2"
"薛阿檀率前军进攻","1","1","2"
"邢州节度使李存孝","1","1","2"
"潞州节度使康君立","1","1","2"
"安塞军戍将刘仁恭","1","1","2"
"李匡俦命大将率步","1","1","2"
"留腹心燕留德等十","2","0","2"
"腹心燕留德等十余","2","0","2"
"心燕留德等十余人","2","0","2"
"燕留德等十余人分","2","0","2"
"留德等十余人分典","2","0","2"
"德等十余人分典军","2","0","2"
"等十余人分典军政","2","0","2"
"河中节度使王重盈","1","1","2"
"同州节度使王行约","1","1","2"
"州节度使王行约弃","1","1","2"
"节度使王行约弃城","1","1","2"
"左军指挥使王行实","1","1","2"
"天下兵马都招讨使","1","1","2"
"时王行瑜弟兄固守","1","1","2"
"王行瑜弟兄固守梨","1","1","2"
"行瑜弟兄固守梨园","1","1","2"
"瑜弟兄固守梨园寨","1","1","2"
"武皇请赐河中王珂","1","1","2"
"皇请赐河中王珂旌","1","1","2"
"天子赐武皇内弟子","1","1","2"
"子赐武皇内弟子四","1","1","2"
"赐武皇内弟子四人","1","1","2"
"大将李元福等二百","1","1","2"
"将李元福等二百人","1","1","2"
"令都指挥使李存信","1","1","2"
"武皇遣李嗣昭将兵","2","0","2"
"潞州节度使薛志勤","1","1","2"
"武皇令都指挥使李","1","1","2"
"皇令都指挥使李君","1","1","2"
"令都指挥使李君庆","1","1","2"
"天子加武皇实封一","1","1","2"
"子加武皇实封一百","1","1","2"
"加武皇实封一百户","1","1","2"
"汴将张存敬攻陷晋","1","1","2"
"汴将氏叔琮率兵五","1","1","2"
"将氏叔琮率兵五万","1","1","2"
"发丧后二十七日除","1","1","2"
"庄宗光圣神闵孝皇","1","1","2"
"宗光圣神闵孝皇帝","1","1","2"
"衣服礼秩嫡者六七","2","0","2"
"服礼秩嫡者六七辈","2","0","2"
"存颢辈欲太原降贼","2","0","2"
"行营都招讨使丁会","1","1","2"
"宁国军节度使王景","1","1","2"
"国军节度使王景仁","1","1","2"
"幽州刘守光僭称大","1","1","2"
"州刘守光僭称大燕","1","1","2"
"沧州都将张万进杀","1","1","2"
"州都将张万进杀留","1","1","2"
"都将张万进杀留后","1","1","2"
"将张万进杀留后刘","1","1","2"
"张万进杀留后刘继","1","1","2"
"万进杀留后刘继威","1","1","2"
"安金全率兵救武州","1","1","2"
"燕将司全爽等十一","1","1","2"
"将司全爽等十一人","1","1","2"
"贼将杨师贵等五十","1","1","2"
"将杨师贵等五十人","1","1","2"
"五院军使李信攻下","1","1","2"
"院军使李信攻下莫","1","1","2"
"军使李信攻下莫州","1","1","2"
"沧州节度使刘守奇","1","1","2"
"守光伪殿直二十五","1","1","2"
"光伪殿直二十五人","1","1","2"
"李存霸拘送仁恭代","2","0","2"
"存霸拘送仁恭代州","2","0","2"
"命马步副总管李存","1","1","2"
"马步副总管李存审","1","1","2"
"梁澶州刺史王彦章","1","1","2"
"澶州刺史王彦章弃","1","1","2"
"州刺史王彦章弃城","1","1","2"
"邢州陈宋口渡漳水","1","1","2"
"梁将贺瑰袭取澶州","1","1","2"
"李存审率兵五千攻","1","1","2"
"存审率兵五千攻贝","1","1","2"
"审率兵五千攻贝州","1","1","2"
"相州节度使张筠弃","1","1","2"
"州节度使张筠弃城","1","1","2"
"梁沧州节度使戴思","1","1","2"
"卢文进杀节度使李","1","1","2"
"文进杀节度使李存","1","1","2"
"进杀节度使李存矩","1","1","2"
"阎宝率师夜过祁沟","1","1","2"
"命昭义军节度使李","1","1","2"
"昭义军节度使李嗣","1","1","2"
"义军节度使李嗣昭","1","1","2"
"南城守将氏延赏告","1","1","2"
"城守将氏延赏告急","1","1","2"
"河中节度使硃友谦","2","0","2"
"文礼镇州兵马留后","1","1","2"
"河东节度副使卢汝","1","1","2"
"东节度副使卢汝弼","1","1","2"
"令天平节度使阎宝","1","1","2"
"成德兵马留后符习","1","1","2"
"德兵马留后符习率","1","1","2"
"兵马留后符习率兵","1","1","2"
"梁将戴思远攻德胜","1","1","2"
"将戴思远攻德胜北","1","1","2"
"戴思远攻德胜北城","1","1","2"
"赵将李丰子冲投缒","2","0","2"
"将李丰子冲投缒接","2","0","2"
"李丰子冲投缒接王","2","0","2"
"丰子冲投缒接王师","2","0","2"
"潞州留后李继韬叛","1","1","2"
"昭义监军使张居翰","1","1","2"
"幽州军府事李绍宏","1","1","2"
"依前横海军节度使","1","1","2"
"段凝率大军攻杨刘","1","1","2"
"凝率大军攻杨刘南","1","1","2"
"率大军攻杨刘南城","1","1","2"
"骑将李绍贻直抵梁","1","1","2"
"将李绍贻直抵梁军","1","1","2"
"梁左右先锋指挥使","1","1","2"
"左右先锋指挥使康","1","1","2"
"右先锋指挥使康延","1","1","2"
"先锋指挥使康延孝","1","1","2"
"下令军中将士家属","1","1","2"
"梁教坊使陈俊保庇","1","1","2"
"随驾兵马都监夏彦","1","1","2"
"驾兵马都监夏彦朗","1","1","2"
"平章事豆卢革判租","1","1","2"
"章事豆卢革判租庸","1","1","2"
"事豆卢革判租庸使","1","1","2"
"新罗王金朴英遣使","2","0","2"
"称大吴国主书上大","1","1","2"
"大吴国主书上大唐","1","1","2"
"吴国主书上大唐皇","1","1","2"
"国主书上大唐皇帝","1","1","2"
"诏贬安义军节度使","1","1","2"
"贬安义军节度使李","1","1","2"
"请奉高祖神尧皇帝","1","1","2"
"奉高祖神尧皇帝配","1","1","2"
"请奉太宗文皇帝配","1","1","2"
"请奉太祖武皇帝配","1","1","2"
"请奉懿祖昭圣皇帝","1","1","2"
"奉懿祖昭圣皇帝配","1","1","2"
"太庙登歌酌献乐舞","1","1","2"
"故宣武军节度副使","1","1","2"
"州山后十三寨百姓","1","1","2"
"同光二年二月一日","1","1","2"
"魏国夫人刘氏皇后","2","0","2"
"前右龙武军都虞候","1","1","2"
"守左龙武大将军李","1","1","2"
"左龙武大将军李绍","1","1","2"
"龙武大将军李绍奇","1","1","2"
"楚州防御使张继孙","1","1","2"
"左谏议大夫窦专上","1","1","2"
"沧州节度使李绍斌","1","1","2"
"州节度使李绍斌充","1","1","2"
"节度使李绍斌充东","1","1","2"
"度使李绍斌充东北","1","1","2"
"使李绍斌充东北面","1","1","2"
"李绍斌充东北面招","1","1","2"
"绍斌充东北面招讨","1","1","2"
"斌充东北面招讨使","1","1","2"
"令枢密副使宋唐玉","1","1","2"
"中书侍郎吏部尚书","2","0","2"
"文馆大学士豆卢革","1","1","2"
"馆大学士豆卢革加","1","1","2"
"送潞州叛将杨立等","1","1","2"
"汝州防御使张继孙","1","1","2"
"故宣武军节度使李","1","1","2"
"州节度使李绍钦汤","1","1","2"
"节度使李绍钦汤药","1","1","2"
"州刺史钱元璙检校","2","0","2"
"刺史钱元璙检校太","2","0","2"
"充两浙节度观察留","1","1","2"
"两浙节度观察留后","1","1","2"
"判吏部尚书铨事崔","1","1","2"
"吏部尚书铨事崔沂","1","1","2"
"汴州节度使李嗣源","1","1","2"
"宣武军节度使李嗣","1","1","2"
"武军节度使李嗣源","1","1","2"
"洛京内外蕃汉马步","1","1","2"
"古文钱四百六十六","1","1","2"
"淮南杨溥遣使朝贡","2","0","2"
"营家口一千二百人","1","1","2"
"家口一千二百人逃","1","1","2"
"口一千二百人逃亡","1","1","2"
"淮南杨溥遣使贡方","2","0","2"
"南杨溥遣使贡方物","2","0","2"
"翰林学士承旨卢质","1","1","2"
"刑部尚书李琪充昭","1","1","2"
"部尚书李琪充昭宗","1","1","2"
"少帝改卜园陵礼仪","1","1","2"
"帝改卜园陵礼仪使","1","1","2"
"西川四面行营都统","1","1","2"
"西川东北面行营都","1","1","2"
"川东北面行营都招","1","1","2"
"东北面行营都招讨","1","1","2"
"北面行营都招讨制","1","1","2"
"面行营都招讨制置","1","1","2"
"行营都招讨制置等","1","1","2"
"营都招讨制置等使","1","1","2"
"西川东南面行营都","1","1","2"
"川东南面行营都招","1","1","2"
"供军转运应接等使","1","1","2"
"同州节度使李令德","1","1","2"
"陕府节度使李绍琛","1","1","2"
"行营蕃汉马步军都","1","1","2"
"营蕃汉马步军都排","1","1","2"
"蕃汉马步军都排阵","1","1","2"
"汉马步军都排阵斩","1","1","2"
"马步军都排阵斩斫","1","1","2"
"步军都排阵斩斫使","1","1","2"
"西川管内安抚应接","1","1","2"
"川管内安抚应接使","1","1","2"
"行营左厢马步都虞","1","1","2"
"营左厢马步都虞候","1","1","2"
"中军步军都指挥使","1","1","2"
"中军左厢马军都指","1","1","2"
"中军右厢马军都指","1","1","2"
"军右厢马军都指挥","1","1","2"
"中军左厢步军都指","1","1","2"
"军左厢步军都指挥","1","1","2"
"中军右厢步军都指","1","1","2"
"军右厢步军都指挥","1","1","2"
"枢密使侍中郭崇韬","1","1","2"
"伪兴州刺史王承鉴","1","1","2"
"成州刺史王承朴弃","1","1","2"
"州刺史王承朴弃城","1","1","2"
"伪武信军节度使王","1","1","2"
"武信军节度使王宗","1","1","2"
"信军节度使王宗寿","1","1","2"
"左金吾大将军晋州","1","1","2"
"金吾大将军晋州节","1","1","2"
"吾大将军晋州节度","1","1","2"
"大将军晋州节度使","1","1","2"
"右金吾大将军同正","1","1","2"
"伪六军使王宗弼报","1","1","2"
"西川节度使衙前补","1","1","2"
"川节度使衙前补押","1","1","2"
"节度使衙前补押衙","1","1","2"
"保大等节度使高万","1","1","2"
"大等节度使高万兴","1","1","2"
"河中节度使李继麟","1","1","2"
"李继麟滑州节度使","1","1","2"
"令魏博指挥使杨仁","1","1","2"
"都巡检使孙铎等急","1","1","2"
"命宋州节度使元行","1","1","2"
"宋州节度使元行钦","1","1","2"
"州节度使元行钦率","1","1","2"
"福建节度副使王延","1","1","2"
"建节度副使王延翰","1","1","2"
"邢州左右步直军四","1","1","2"
"州左右步直军四百","1","1","2"
"左右步直军四百人","1","1","2"
"东北面副招讨使李","1","1","2"
"北面副招讨使李绍","1","1","2"
"面副招讨使李绍真","1","1","2"
"副招讨使李绍真率","1","1","2"
"招讨使李绍真率兵","1","1","2"
"讨使李绍真率兵讨","1","1","2"
"马直宿卫军士王温","1","1","2"
"直宿卫军士王温等","1","1","2"
"宿卫军士王温等五","1","1","2"
"卫军士王温等五人","1","1","2"
"蕃汉总管李嗣源统","1","1","2"
"贼首赵太等二十一","1","1","2"
"首赵太等二十一人","1","1","2"
"行营副招讨使任圜","1","1","2"
"右龙虎统军安崇阮","1","1","2"
"秦州都指挥使张塘","1","1","2"
"河中节度使安彦威","1","1","2"
"凤翔节度判官韩昭","1","1","2"
"卫亲军都指挥使康","1","1","2"
"亲军都指挥使康义","1","1","2"
"军都指挥使康义诚","1","1","2"
"西川孟知祥僭称大","1","1","2"
"川孟知祥僭称大蜀","1","1","2"
"端明殿学士韩昭允","2","0","2"
"枢密直学士李专美","1","1","2"
"皇子银青光禄大夫","1","1","2"
"惠明大师幼澄举哀","1","1","2"
"左武卫上将军李肃","1","1","2"
"帝令枢密副使刘延","1","1","2"
"令枢密副使刘延朗","1","1","2"
"庄宗朝列传三十卷","1","1","2"
"前邢州节度使赵凤","1","1","2"
"月二十三日皇帝诞","1","1","2"
"东节度使石敬瑭率","1","1","2"
"节度使石敬瑭率兵","1","1","2"
"左卫上将军李宏元","1","1","2"
"前华州节度使王万","1","1","2"
"华州节度使王万荣","1","1","2"
"左骁卫上将军致仕","2","0","2"
"北面马军都指挥使","1","1","2"
"上皇妣鲁国太夫人","1","1","2"
"史官修撰明宗实录","1","1","2"
"北面招讨使赵德钧","1","1","2"
"北面转运副使刘福","1","1","2"
"面转运副使刘福配","1","1","2"
"镇州百姓车子一千","1","1","2"
"州百姓车子一千五","1","1","2"
"百姓车子一千五百","1","1","2"
"前彰国军节度使沙","1","1","2"
"彰国军节度使沙彦","1","1","2"
"挟马都指挥使李晖","1","1","2"
"马都指挥使李晖等","1","1","2"
"都指挥使李晖等三","1","1","2"
"指挥使李晖等三十","1","1","2"
"挥使李晖等三十六","1","1","2"
"使李晖等三十六人","1","1","2"
"滑州节度使高允韬","1","1","2"
"右卫上将军王景戡","1","1","2"
"卫上将军王景戡左","2","0","2"
"右神武统军娄继英","1","1","2"
"前潞州行军司马陈","1","1","2"
"潞州行军司马陈元","1","1","2"
"前邢州节度使康思","1","1","2"
"邢州节度使康思立","1","1","2"
"前云州节度使安重","1","1","2"
"云州节度使安重霸","1","1","2"
"卫步军都指挥使宋","1","1","2"
"都指挥使宋审虔河","2","0","2"
"北面行营总管石敬","1","1","2"
"面行营总管石敬瑭","1","1","2"
"故武安军州节度使","1","1","2"
"帝御文明殿受朝贺","2","0","2"
"枢密院直学士吕琦","1","1","2"
"尚书工部郎中薛文","1","1","2"
"书工部郎中薛文遇","1","1","2"
"右神武统军杨汉章","1","1","2"
"延州保安镇将白文","1","1","2"
"州保安镇将白文审","1","1","2"
"杀郡人赵思谦等十","1","1","2"
"威塞等军蕃汉副总","1","1","2"
"塞等军蕃汉副总管","1","1","2"
"等军蕃汉副总管张","1","1","2"
"军蕃汉副总管张敬","1","1","2"
"蕃汉副总管张敬达","1","1","2"
"充侍卫步军都指挥","2","0","2"
"州节度使范延光结","1","1","2"
"节度使范延光结婚","1","1","2"
"东节度使石敬瑭叛","1","1","2"
"令张敬达进军攻讨","1","1","2"
"晋州节度使张敬达","1","1","2"
"太原四面兵马都部","1","1","2"
"原四面兵马都部署","1","1","2"
"太原四面兵马副部","1","1","2"
"原四面兵马副部署","1","1","2"
"太原四面副招讨使","1","1","2"
"西北面先锋都指挥","1","1","2"
"北面先锋都指挥使","1","1","2"
"面先锋都指挥使安","1","1","2"
"先锋都指挥使安审","1","1","2"
"锋都指挥使安审信","1","1","2"
"都指挥使安审信率","1","1","2"
"指挥使安审信率雄","1","1","2"
"挥使安审信率雄义","1","1","2"
"左第二指挥二百二","1","1","2"
"第二指挥二百二十","1","1","2"
"二指挥二百二十七","1","1","2"
"指挥使安元信谋杀","1","1","2"
"西北界巡检使安重","1","1","2"
"北界巡检使安重荣","1","1","2"
"界巡检使安重荣驱","1","1","2"
"新授河东节度使宋","1","1","2"
"授河东节度使宋审","1","1","2"
"河东节度使宋审虔","1","1","2"
"都屯驻捧圣都虞候","1","1","2"
"令昭召副使边仁嗣","1","1","2"
"天雄军节度使刘延","1","1","2"
"雄军节度使刘延皓","1","1","2"
"右捧圣第二军都虞","1","1","2"
"捧圣第二军都虞候","1","1","2"
"圣第二军都虞候张","1","1","2"
"第二军都虞候张令","1","1","2"
"二军都虞候张令昭","1","1","2"
"工部尚书崔居俭奉","1","1","2"
"右千牛将军张令昭","1","1","2"
"右第三指挥使邢立","1","1","2"
"第五指挥使康福进","1","1","2"
"州节度使范延光天","2","0","2"
"节度使范延光天雄","2","0","2"
"度使范延光天雄军","2","0","2"
"天雄军四面招讨使","1","1","2"
"天雄军四面副招讨","1","1","2"
"雄军四面副招讨使","1","1","2"
"河东将佐节度判官","1","1","2"
"东将佐节度判官赵","1","1","2"
"将佐节度判官赵莹","1","1","2"
"右卫上将军石重英","1","1","2"
"彰圣指挥使张万迪","1","1","2"
"镇州节度使董温琪","1","1","2"
"卫步军都指挥使符","1","1","2"
"步军都指挥使符彦","1","1","2"
"军都指挥使符彦饶","1","1","2"
"都指挥使符彦饶率","1","1","2"
"指挥使符彦饶率兵","1","1","2"
"河东道南面行营招","1","1","2"
"东道南面行营招讨","1","1","2"
"道南面行营招讨使","1","1","2"
"河东道东南面行营","1","1","2"
"东道东南面行营招","1","1","2"
"道东南面行营招讨","1","1","2"
"东南面行营招讨使","1","1","2"
"丹州刺史康承询停","1","1","2"
"太原行营副招讨使","1","1","2"
"原行营副招讨使杨","1","1","2"
"行营副招讨使杨光","1","1","2"
"营副招讨使杨光远","1","1","2"
"副招讨使杨光远杀","1","1","2"
"马军都指挥使宋审","1","1","2"
"都指挥使宋审虔率","1","1","2"
"武皇帝贞简皇后曹","1","1","2"
"皇帝贞简皇后曹氏","1","1","2"
"伪蜀东川节度使宋","1","1","2"
"蜀东川节度使宋光","1","1","2"
"东川节度使宋光葆","1","1","2"
"秦州节度使王承休","1","1","2"
"州节度使王承休弃","1","1","2"
"节度使王承休弃城","1","1","2"
"武皇母弟代州刺史","1","1","2"
"汴将泽州刺史刘屺","1","1","2"
"将泽州刺史刘屺弃","1","1","2"
"泽州刺史刘屺弃城","1","1","2"
"潞州节度判官任圜","1","1","2"
"令供奉官韩归范送","1","1","2"
"镇州节度使王武俊","1","1","2"
"庄宗命周德威率兵","1","1","2"
"大将王德明率三十","1","1","2"
"将王德明率三十七","1","1","2"
"王德明率三十七都","1","1","2"
"亲事偏将苏汉衡率","1","1","2"
"事偏将苏汉衡率兵","1","1","2"
"朝廷命招讨使李钧","1","1","2"
"潞州小校安居受反","1","1","2"
"大将李山海等五十","1","1","2"
"将李山海等五十二","1","1","2"
"李山海等五十二人","1","1","2"
"左右厢步军都指挥","1","1","2"
"蕃汉马步副指挥使","1","1","2"
"密奏请立魏国夫人","1","1","2"
"奏时务利害二十五","1","1","2"
"时务利害二十五条","1","1","2"
"十月十九日入大散","1","1","2"
"月十九日入大散关","1","1","2"
"伪凤州节度使王承","1","1","2"
"伪命屯驻指挥使唐","1","1","2"
"命屯驻指挥使唐景","1","1","2"
"庄宗令内官李廷安","1","1","2"
"庄宗令中官向延嗣","1","1","2"
"垦地约九百二十万","1","1","2"
"地约九百二十万顷","1","1","2"
"昭义军节度判官任","1","1","2"
"义军节度判官任圜","1","1","2"
"剑南东川节度副大","1","1","2"
"南东川节度副大使","1","1","2"
"命天雄军节度使石","1","1","2"
"天雄军节度使石敬","1","1","2"
"雄军节度使石敬瑭","1","1","2"
"放西川进奏官苏愿","1","1","2"
"授天下兵马副元帅","1","1","2"
"怀州龙骧守御军作","1","1","2"
"州龙骧守御军作乱","1","1","2"
"左龙骧第一指挥使","1","1","2"
"龙骧四军都指挥使","1","1","2"
"贞明二年四月十九","1","1","2"
"明二年四月十九日","1","1","2"
"二年四月十九日夜","1","1","2"
"汴州捉生都将李霸","1","1","2"
"州捉生都将李霸等","1","1","2"
"功授天平军节度使","1","1","2"
"都总内外衙银枪效","1","1","2"
"总内外衙银枪效节","1","1","2"
"内外衙银枪效节帐","1","1","2"
"外衙银枪效节帐前","1","1","2"
"衙银枪效节帐前亲","1","1","2"
"银枪效节帐前亲军","1","1","2"
"手指画秦州山川要","1","1","2"
"指画秦州山川要害","1","1","2"
"画秦州山川要害控","1","1","2"
"思同恃勇先入剑门","1","1","2"
"时羽林指挥使杨思","1","1","2"
"羽林指挥使杨思权","1","1","2"
"晋州节度使华温琪","1","1","2"
"时西征副招讨使任","1","1","2"
"西征副招讨使任圜","1","1","2"
"金吾街使寇彦卿入","1","1","2"
"吾街使寇彦卿入朝","1","1","2"
"判吏部尚书铨选司","1","1","2"
"密州刺史贺德伦令","1","1","2"
"集贤殿学士判院事","1","1","2"
"贤殿学士判院事萧","1","1","2"
"殿学士判院事萧希","1","1","2"
"学士判院事萧希甫","1","1","2"
"曾见杜黄裳司空写","2","0","2"
"见杜黄裳司空写真","2","0","2"
"杜黄裳司空写真图","2","0","2"
"命兴圣宫使李继岌","1","1","2"
"承制授开府仪同三","1","1","2"
"制授开府仪同三司","1","1","2"
"十九年十一月二日","1","1","2"
"行营右厢马军都指","1","1","2"
"营右厢马军都指挥","1","1","2"
"东川节度使董璋上","1","1","2"
"命宣徽使李绍宏监","1","1","2"
"宣徽使李绍宏监护","1","1","2"
"举魏博观察判官张","1","1","2"
"魏博观察判官张宪","1","1","2"
"命宰臣豆卢革专判","1","1","2"
"宰臣豆卢革专判租","1","1","2"
"臣豆卢革专判租庸","1","1","2"
"西南行营马步军先","1","1","2"
"南行营马步军先锋","1","1","2"
"伪蜀六军使王宗弼","1","1","2"
"蜀六军使王宗弼令","1","1","2"
"六军使王宗弼令人","1","1","2"
"令监军使李廷安召","1","1","2"
"景福元年二月二十","1","1","2"
"福元年二月二十八","1","1","2"
"元年二月二十八日","1","1","2"
"陕州保义军节度使","1","1","2"
"东川行营都招讨使","1","1","2"
"改赐竭忠匡运宁国","1","1","2"
"赐竭忠匡运宁国功","1","1","2"
"竭忠匡运宁国功臣","1","1","2"
"扶天启运中正功臣","1","1","2"
"都押衙刘知远赞成","1","1","2"
"押衙刘知远赞成密","1","1","2"
"衙刘知远赞成密计","1","1","2"
"北面副招讨使张敬","1","1","2"
"面副招讨使张敬达","1","1","2"
"招收指挥使安重荣","1","1","2"
"代州屯将安元信率","1","1","2"
"西北面先锋指挥使","1","1","2"
"北面先锋指挥使安","1","1","2"
"面先锋指挥使安审","1","1","2"
"先锋指挥使安审信","1","1","2"
"魏博节度使范延光","1","1","2"
"幽州节度使赵德钧","1","1","2"
"潞州行营使李思安","1","1","2"
"晋安寨副招讨使杨","1","1","2"
"安寨副招讨使杨光","1","1","2"
"寨副招讨使杨光远","1","1","2"
"副招讨使杨光远等","1","1","2"
"右神武统军康思立","1","1","2"
"中印土摩竭陀舍卫","1","1","2"
"印土摩竭陀舍卫国","1","1","2"
"土摩竭陀舍卫国大","1","1","2"
"摩竭陀舍卫国大菩","1","1","2"
"竭陀舍卫国大菩提","1","1","2"
"陀舍卫国大菩提寺","1","1","2"
"舍卫国大菩提寺三","1","1","2"
"卫国大菩提寺三藏","1","1","2"
"国大菩提寺三藏阿","1","1","2"
"北京西北面计度司","1","1","2"
"京西北面计度司事","1","1","2"
"天福二年四月五日","1","1","2"
"欠天福元年闰十一","1","1","2"
"天福元年闰十一月","1","1","2"
"福元年闰十一月二","1","1","2"
"元年闰十一月二十","1","1","2"
"年闰十一月二十五","1","1","2"
"闰十一月二十五日","1","1","2"
"滑州节度使符彦饶","1","1","2"
"立功都虞候方太押","1","1","2"
"功都虞候方太押送","1","1","2"
"都虞候方太押送赴","1","1","2"
"右卫上将军李金全","1","1","2"
"臣监修国史赵莹奏","2","0","2"
"楚王马希范加食邑","2","0","2"
"王马希范加食邑实","2","0","2"
"马希范加食邑实封","2","0","2"
"改赐扶天佐运同德","1","1","2"
"赐扶天佐运同德致","1","1","2"
"扶天佐运同德致理","1","1","2"
"天佐运同德致理功","1","1","2"
"佐运同德致理功臣","1","1","2"
"左散骑常侍张允进","1","1","2"
"右监门卫上将军王","1","1","2"
"监门卫上将军王彦","1","1","2"
"左谏议大夫薛融上","1","1","2"
"谏议大夫薛融上疏","1","1","2"
"中书舍人窦贞固上","1","1","2"
"高丽国宿卫质子王","1","1","2"
"丽国宿卫质子王仁","1","1","2"
"国宿卫质子王仁翟","1","1","2"
"中书侍郎平章事桑","1","1","2"
"书侍郎平章事桑维","1","1","2"
"侍郎平章事桑维翰","1","1","2"
"左金吾仗勘契官王","1","1","2"
"金吾仗勘契官王英","1","1","2"
"司天台鸡叫学生商","1","1","2"
"天台鸡叫学生商晖","1","1","2"
"台鸡叫学生商晖等","1","1","2"
"福建节度使王继恭","1","1","2"
"加食邑一万五千户","1","1","2"
"太子太师致仕范延","2","0","2"
"子太师致仕范延光","2","0","2"
"朔方军节度使张希","1","1","2"
"方军节度使张希崇","1","1","2"
"左谏议大夫曹国珍","1","1","2"
"谏议大夫曹国珍上","1","1","2"
"礼部员外郎杨昭俭","1","1","2"
"回鹘汗仁美遣使贡","2","0","2"
"泾州节度使张万进","1","1","2"
"供奉官齐延祚乘驿","1","1","2"
"昭顺军节度使姚彦","1","1","2"
"顺军节度使姚彦章","1","1","2"
"南节度使马希范加","1","1","2"
"御史中丞薛融等上","1","1","2"
"司天监马重绩等进","1","1","2"
"相州节度使桑维翰","1","1","2"
"州节度使桑维翰上","1","1","2"
"威武军节度使王继","1","1","2"
"武军节度使王继恭","1","1","2"
"兵部员外郎李知损","1","1","2"
"部员外郎李知损上","1","1","2"
"员外郎李知损上疏","1","1","2"
"河中节度使安审信","1","1","2"
"沙州归义军节度使","1","1","2"
"州归义军节度使曹","1","1","2"
"归义军节度使曹义","1","1","2"
"义军节度使曹义金","1","1","2"
"青州节度使王建立","1","1","2"
"昭义军节度使王建","1","1","2"
"义军节度使王建立","1","1","2"
"前鄜州节度使安审","2","0","2"
"鄜州节度使安审晖","2","0","2"
"昭义节度使韩王王","1","1","2"
"义节度使韩王王建","1","1","2"
"节度使韩王王建立","1","1","2"
"道士崇真大师张荐","1","1","2"
"士崇真大师张荐明","1","1","2"
"州节度使马全节加","1","1","2"
"州节度使安审晖加","1","1","2"
"左龙武统军相里金","1","1","2"
"汝州防御使杨承贵","1","1","2"
"遂州武信军节度使","1","1","2"
"吴越国进奉使陈元","1","1","2"
"越国进奉使陈元亮","1","1","2"
"国进奉使陈元亮进","1","1","2"
"福州威武军节度使","1","1","2"
"刑部员外郎李象上","1","1","2"
"左骁卫上将军李承","1","1","2"
"骁卫上将军李承约","1","1","2"
"西凉府留后李文谦","1","1","2"
"左右金吾六军仪仗","1","1","2"
"右金吾六军仪仗排","1","1","2"
"金吾六军仪仗排列","1","1","2"
"都皇城南门应天门","1","1","2"
"邢州节度使杨彦询","1","1","2"
"考功郎中张铸持节","1","1","2"
"功郎中张铸持节册","1","1","2"
"同州节度使宋彦筠","1","1","2"
"先锋都指挥使郭金","1","1","2"
"锋都指挥使郭金海","1","1","2"
"都指挥使郭金海等","1","1","2"
"衙内都指挥使安宏","1","1","2"
"内都指挥使安宏义","1","1","2"
"马步军都指挥使杜","1","1","2"
"步军都指挥使杜重","1","1","2"
"杜重威北面行营招","2","0","2"
"重威北面行营招讨","2","0","2"
"威北面行营招讨使","2","0","2"
"邢州节度使马全节","1","1","2"
"南面行营都部署高","1","1","2"
"面行营都部署高行","1","1","2"
"营都部署高行周奏","2","0","2"
"州节度使桑维翰加","1","1","2"
"节度使桑维翰加检","2","0","2"
"度使桑维翰加检校","2","0","2"
"使桑维翰加检校太","2","0","2"
"卫马步军都虞候景","1","1","2"
"马步军都虞候景延","1","1","2"
"步军都虞候景延广","1","1","2"
"军都虞候景延广加","1","1","2"
"皇妹清平公主进封","1","1","2"
"契丹枢密使赵延寿","1","1","2"
"唐州湖阳县蓼山神","1","1","2"
"州节度使安彦威封","1","1","2"
"谏议大夫郑受益两","1","1","2"
"泾州节度使张彦泽","1","1","2"
"左威卫上将军卫审","1","1","2"
"襄州都部署高行周","1","1","2"
"右骁卫将军石德超","1","1","2"
"骁卫将军石德超等","1","1","2"
"卫将军石德超等押","1","1","2"
"国子祭酒户部侍郎","2","0","2"
"子祭酒户部侍郎田","2","0","2"
"祭酒户部侍郎田敏","2","0","2"
"恆州顺国军节度使","2","0","2"
"州顺国军节度使杜","1","1","2"
"赐宰臣冯道生辰器","1","1","2"
"左散骑常侍罗周岳","1","1","2"
"晋昌军节度使桑维","1","1","2"
"昌军节度使桑维翰","1","1","2"
"军节度使桑维翰加","1","1","2"
"赐襄州城内百姓粟","1","1","2"
"契丹遣使致祭高祖","2","0","2"
"福建节度使王延羲","1","1","2"
"军都指挥使王亚澄","1","1","2"
"回鹘进奉使密里等","1","1","2"
"故洪州节度使马希","1","1","2"
"州节度使马希振追","1","1","2"
"节度使马希振追封","1","1","2"
"度使马希振追封齐","1","1","2"
"使马希振追封齐国","1","1","2"
"马希振追封齐国公","1","1","2"
"故中吴建武等军节","1","1","2"
"中吴建武等军节度","1","1","2"
"吴建武等军节度使","1","1","2"
"后唐庄宗德妃伊氏","1","1","2"
"侍卫亲军使景延广","1","1","2"
"右金吾卫上将军刘","1","1","2"
"金吾卫上将军刘处","1","1","2"
"左羽林统军安审晖","1","1","2"
"右卫上将军杨思权","1","1","2"
"颍州团练使田令方","1","1","2"
"绥州刺史李彝敏抛","1","1","2"
"州刺史李彝敏抛弃","1","1","2"
"绥州刺史李彝敏擅","1","1","2"
"前复州防御使吴峦","1","1","2"
"单州军事判官赵岳","1","1","2"
"军卫将军蔡行遇押","1","1","2"
"供奉官殿直二十六","1","1","2"
"奉官殿直二十六人","1","1","2"
"州节度使杨光远谋","1","1","2"
"河阳节度使符彦卿","1","1","2"
"宋州节度使高行周","1","1","2"
"同州节度使李承福","1","1","2"
"右武卫上将军张彦","1","1","2"
"武卫上将军张彦泽","1","1","2"
"卫上将军张彦泽等","1","1","2"
"上将军张彦泽等率","1","1","2"
"左武卫将军蔡行遇","1","1","2"
"武卫将军蔡行遇率","1","1","2"
"先锋指挥使石公霸","1","1","2"
"契丹西南面招讨使","1","1","2"
"易州刺史安审约奏","2","0","2"
"护圣第二军都指挥","1","1","2"
"圣第二军都指挥使","1","1","2"
"第二军都指挥使安","1","1","2"
"监军何彦超等临阵","1","1","2"
"军何彦超等临阵畏","1","1","2"
"何彦超等临阵畏怯","1","1","2"
"侍卫亲军都虞候李","1","1","2"
"卫亲军都虞候李守","1","1","2"
"亲军都虞候李守贞","1","1","2"
"军都虞候李守贞率","1","1","2"
"贝州贼将赵延昭纵","1","1","2"
"州贼将赵延昭纵火","1","1","2"
"遣墨县令王德柔贡","2","0","2"
"墨县令王德柔贡表","2","0","2"
"县令王德柔贡表待","2","0","2"
"令王德柔贡表待罪","2","0","2"
"东北面行营都部署","1","1","2"
"随驾马步军都钤辖","1","1","2"
"面行营副招讨使马","1","1","2"
"行营副招讨使马全","1","1","2"
"营副招讨使马全节","1","1","2"
"神武统军张彦泽等","1","1","2"
"尚书户部侍郎冯玉","1","1","2"
"左谏议大夫李元龟","1","1","2"
"吏部侍郎张昭远加","1","1","2"
"二王后守太仆少卿","1","1","2"
"瀛州守将刘延祚受","1","1","2"
"州守将刘延祚受契","1","1","2"
"守将刘延祚受契丹","1","1","2"
"开运三年冬十一月","1","1","2"
"北面行营招讨使杜","1","1","2"
"面行营招讨使杜威","1","1","2"
"行营招讨使杜威率","1","1","2"
"州节度使梁汉璋战","1","1","2"
"节度使梁汉璋战死","1","1","2"
"都指挥使王清战死","1","1","2"
"州节度使张彦泽受","2","0","2"
"节度使张彦泽受契","2","0","2"
"度使张彦泽受契丹","2","0","2"
"使张彦泽受契丹命","2","0","2"
"郑州防御使杨承勋","1","1","2"
"守左金吾卫大将军","1","1","2"
"庄宅使张颖监护丧","1","1","2"
"宅使张颖监护丧事","1","1","2"
"平州节度使卢文进","1","1","2"
"州节度使卢文进南","1","1","2"
"节度使卢文进南归","1","1","2"
"开运三年十二月十","1","1","2"
"运三年十二月十日","1","1","2"
"逐浮阳节度使卢彦","1","1","2"
"浮阳节度使卢彦威","1","1","2"
"西川行营步军都指","1","1","2"
"川行营步军都指挥","1","1","2"
"北面行营马步都虞","1","1","2"
"天雄军马步都指挥","1","1","2"
"雄军马步都指挥使","1","1","2"
"行台右千牛卫大将","1","1","2"
"台右千牛卫大将军","1","1","2"
"荆南道行营兵马都","1","1","2"
"南道行营兵马都监","1","1","2"
"福耀忠匡定保节功","1","1","2"
"改赐输忠守正翊亮","1","1","2"
"赐输忠守正翊亮功","1","1","2"
"输忠守正翊亮功臣","1","1","2"
"改赐耀忠匡定保节","1","1","2"
"高祖命宣武军节度","1","1","2"
"祖命宣武军节度使","1","1","2"
"命宣武军节度使杨","1","1","2"
"宣武军节度使杨光","1","1","2"
"武军节度使杨光远","1","1","2"
"卫等州观察处置等","1","1","2"
"行营左军都指挥使","1","1","2"
"护圣左右厢都指挥","1","1","2"
"圣左右厢都指挥使","1","1","2"
"竭诚翊戴保节功臣","1","1","2"
"幽州马步军都指挥","1","1","2"
"承祚见城中人民相","1","1","2"
"振武蕃汉马步军都","1","1","2"
"武蕃汉马步军都指","1","1","2"
"振武道巡边指挥使","1","1","2"
"高祖睿文圣武昭肃","1","1","2"
"祖睿文圣武昭肃孝","1","1","2"
"祖母鲁国太夫人李","1","1","2"
"母鲁国太夫人李氏","1","1","2"
"北京马步军都指挥","1","1","2"
"侍卫马步都指挥使","1","1","2"
"幽州道行营招讨使","1","1","2"
"天福十二年春正月","1","1","2"
"河东行军司马张彦","1","1","2"
"东行军司马张彦威","1","1","2"
"晋州兵马留后张晏","1","1","2"
"州兵马留后张晏洪","1","1","2"
"天雄军节度使杜重","1","1","2"
"雄军节度使杜重威","1","1","2"
"遣奉国都虞候武行","1","1","2"
"奉国都虞候武行德","1","1","2"
"前澶州节度使潘环","1","1","2"
"天福十二年夏五月","1","1","2"
"汴州节度使萧翰迎","1","1","2"
"定州节度副使耶律","1","1","2"
"州节度副使耶律忠","1","1","2"
"契丹河中节度使赵","1","1","2"
"丹河中节度使赵赞","1","1","2"
"天福十二年六月十","1","1","2"
"福十二年六月十五","1","1","2"
"十二年六月十五日","1","1","2"
"左卫上将军皇甫立","1","1","2"
"宋州节度使杜重威","1","1","2"
"镇州驻屯护圣左厢","1","1","2"
"州驻屯护圣左厢都","1","1","2"
"驻屯护圣左厢都指","1","1","2"
"屯护圣左厢都指挥","1","1","2"
"圣左厢都指挥使白","1","1","2"
"副部署慕容彦超坚","1","1","2"
"王师伤夷者万余人","2","0","2"
"元年正月二十七日","1","1","2"
"陕州兵马监押王玉","1","1","2"
"前永兴节度使赵赞","1","1","2"
"永兴节度使赵赞部","1","1","2"
"兴节度使赵赞部下","1","1","2"
"节度使赵赞部下牙","1","1","2"
"度使赵赞部下牙兵","1","1","2"
"使赵赞部下牙兵赵","1","1","2"
"赵赞部下牙兵赵思","1","1","2"
"赞部下牙兵赵思绾","1","1","2"
"部下牙兵赵思绾等","1","1","2"
"下牙兵赵思绾等三","1","1","2"
"牙兵赵思绾等三百","1","1","2"
"定州节度使孙方简","1","1","2"
"前翰林学士徐台符","1","1","2"
"赐前昭义军节度使","1","1","2"
"前昭义军节度使张","1","1","2"
"前右监门将军乔达","1","1","2"
"徐州巡检使成德钦","1","1","2"
"河中节度副使周光","1","1","2"
"中节度副使周光逊","1","1","2"
"将士一千一百三十","1","1","2"
"士一千一百三十人","1","1","2"
"右监门大将军许迁","1","1","2"
"监门大将军许迁上","1","1","2"
"门大将军许迁上言","1","1","2"
"永兴城内都指挥使","1","1","2"
"兴城内都指挥使常","1","1","2"
"城内都指挥使常彦","1","1","2"
"内都指挥使常彦卿","1","1","2"
"守温受高祖命巡检","1","1","2"
"温受高祖命巡检京","1","1","2"
"受高祖命巡检京兆","1","1","2"
"凤翔押送赵思绾等","1","1","2"
"右拾遗高守琼上言","1","1","2"
"八月十八日大破朗","1","1","2"
"月十八日大破朗州","1","1","2"
"十八日大破朗州马","1","1","2"
"八日大破朗州马希","1","1","2"
"日大破朗州马希萼","1","1","2"
"令宣徽使王峻参预","1","1","2"
"宣徽使王峻参预军","1","1","2"
"徽使王峻参预军事","1","1","2"
"静江军节度使马希","1","1","2"
"江军节度使马希赡","1","1","2"
"凤翔行营都部署赵","1","1","2"
"翔行营都部署赵晖","1","1","2"
"前永兴军节度副使","1","1","2"
"永兴军节度副使安","1","1","2"
"兴军节度副使安友","1","1","2"
"军节度副使安友规","1","1","2"
"枢密使郭威巡边回","1","1","2"
"淮南都将李晖等三","1","1","2"
"南都将李晖等三十","1","1","2"
"都将李晖等三十三","1","1","2"
"将李晖等三十三人","1","1","2"
"州节度使马希萼奏","1","1","2"
"节度使马希萼奏请","1","1","2"
"侍卫都指挥使史宏","2","0","2"
"卫都指挥使史宏肇","2","0","2"
"枢密承旨聂文进急","1","1","2"
"密承旨聂文进急召","1","1","2"
"承旨聂文进急召宰","1","1","2"
"旨聂文进急召宰臣","1","1","2"
"聂文进急召宰臣百","1","1","2"
"遣腹心赍密诏澶州","2","0","2"
"令澶州节度使李洪","1","1","2"
"州节度使李洪义诛","1","1","2"
"都屯驻护圣左厢都","1","1","2"
"屯驻护圣左厢都指","1","1","2"
"驻护圣左厢都指挥","1","1","2"
"奉国左厢都指挥使","1","1","2"
"国左厢都指挥使曹","1","1","2"
"左厢都指挥使曹英","1","1","2"
"马军都指挥使李洪","1","1","2"
"军都指挥使李洪建","1","1","2"
"权侍卫马军都指挥","2","0","2"
"郑州防御使吴虔裕","1","1","2"
"州防御使吴虔裕等","1","1","2"
"令散员都虞候奔德","1","1","2"
"散员都虞候奔德等","1","1","2"
"员都虞候奔德等下","1","1","2"
"都虞候奔德等下手","1","1","2"
"虞候奔德等下手杀","1","1","2"
"候奔德等下手杀害","1","1","2"
"护圣指挥使康审澄","1","1","2"
"圣指挥使康审澄等","1","1","2"
"康审澄夜中放火斩","1","1","2"
"审澄夜中放火斩关","1","1","2"
"遣侍卫马军指挥使","2","0","2"
"军指挥使郭崇率七","2","0","2"
"指挥使郭崇率七百","2","0","2"
"挥使郭崇率七百骑","2","0","2"
"充侍卫亲军都指挥","2","0","2"
"苏逢吉等同受顾命","2","0","2"
"内客省使阎晋卿等","1","1","2"
"乾祐三年冬十一月","2","0","2"
"三年冬十一月十三","1","1","2"
"年冬十一月十三日","1","1","2"
"圣都虞候张令昭作","1","1","2"
"都虞候张令昭作乱","1","1","2"
"卫亲军马步军副指","1","1","2"
"亲军马步军副指挥","1","1","2"
"军马步军副指挥使","1","1","2"
"晋高祖命马全节讨","1","1","2"
"枢密使直学士殷鹏","1","1","2"
"令判官李恕入朝请","1","1","2"
"元年三月二十四日","1","1","2"
"姨母楚国夫人韩氏","1","1","2"
"母楚国夫人韩氏提","1","1","2"
"楚国夫人韩氏提携","1","1","2"
"潞州节度使李嗣昭","1","1","2"
"时河阳节度使张彦","1","1","2"
"河阳节度使张彦琪","1","1","2"
"令护圣左厢都指挥","1","1","2"
"厢都指挥使郭崇等","1","1","2"
"前邓州节度使刘重","1","1","2"
"邓州节度使刘重进","1","1","2"
"州节度使刘重进率","1","1","2"
"徐州行营都部署王","1","1","2"
"州行营都部署王彦","1","1","2"
"行营都部署王彦超","1","1","2"
"左金吾卫将军姚汉","1","1","2"
"前右神武将军华光","1","1","2"
"右神武将军华光裔","1","1","2"
"鄂州节度使刘仁赡","1","1","2"
"右监门将军李重玉","1","1","2"
"监门将军李重玉主","1","1","2"
"齐州防御使史延韬","1","1","2"
"陈州防御使药元福","1","1","2"
"府州防卸使折德扆","2","0","2"
"州防卸使折德扆奏","2","0","2"
"伪幽州节度使萧海","1","1","2"
"幽州节度使萧海贞","1","1","2"
"牙内都指挥使何继","1","1","2"
"内都指挥使何继筠","1","1","2"
"都指挥使何继筠等","1","1","2"
"契丹武州刺史石越","1","1","2"
"武平军节度使留后","1","1","2"
"三司水陆转运等使","1","1","2"
"宁州刺史张建武等","1","1","2"
"左谏议大夫李知损","1","1","2"
"朗州行军司马何敬","1","1","2"
"僧尼寺院五十八所","1","1","2"
"唐州方城县令陈守","1","1","2"
"州方城县令陈守愚","1","1","2"
"左监门上将军李建","1","1","2"
"监门上将军李建崇","1","1","2"
"延州牙内都指挥使","1","1","2"
"州牙内都指挥使高","1","1","2"
"牙内都指挥使高绍","1","1","2"
"内都指挥使高绍基","1","1","2"
"道先遣行军司马何","1","1","2"
"先遣行军司马何敬","1","1","2"
"前庆州刺史郭彦钦","1","1","2"
"宁州刺史张建武进","1","1","2"
"州刺史张建武进兵","1","1","2"
"刺史张建武进兵攻","1","1","2"
"契丹幽州榷盐制置","1","1","2"
"丹幽州榷盐制置使","1","1","2"
"前河阳节度使王继","1","1","2"
"差指挥使郑珓部兵","2","0","2"
"指挥使郑珓部兵士","2","0","2"
"委王进逵取便安置","2","0","2"
"时郑州开道指挥使","1","1","2"
"郑州开道指挥使张","1","1","2"
"州开道指挥使张万","1","1","2"
"开道指挥使张万友","1","1","2"
"右金吾上将军张彦","1","1","2"
"金吾上将军张彦成","1","1","2"
"前宁州刺史张建武","1","1","2"
"圣明文武仁德皇帝","1","1","2"
"州节度使何福进奏","1","1","2"
"世宗睿武孝文皇帝","1","1","2"
"天雄军牙内都指挥","1","1","2"
"雄军牙内都指挥使","1","1","2"
"兵马监押穆令均部","1","1","2"
"马监押穆令均部下","1","1","2"
"监押穆令均部下兵","1","1","2"
"押穆令均部下兵士","1","1","2"
"诏天雄军节度使符","2","0","2"
"令侍卫马步军都虞","1","1","2"
"卫马步军都虞候李","1","1","2"
"马步军都虞候李重","1","1","2"
"步军都虞候李重进","1","1","2"
"卫马军都指挥使樊","1","1","2"
"伪汾州防御使董希","1","1","2"
"汾州防御使董希颜","1","1","2"
"前泽州刺史李彦崇","1","1","2"
"左羽林大将军孟汉","1","1","2"
"羽林大将军孟汉卿","1","1","2"
"林大将军孟汉卿赐","1","1","2"
"大将军孟汉卿赐死","1","1","2"
"许州节度使王彦超","1","1","2"
"曹州节度使韩通等","1","1","2"
"判官录事参军引试","1","1","2"
"二千六百九十四所","1","1","2"
"淮南道前军行营都","1","1","2"
"南道前军行营都部","1","1","2"
"道前军行营都部署","1","1","2"
"都指挥使韩令坤等","1","1","2"
"南面行营都部署王","1","1","2"
"面行营都部署王景","1","1","2"
"淮南前军都部署李","1","1","2"
"先锋都指挥使白延","1","1","2"
"锋都指挥使白延遇","1","1","2"
"都指挥使李重进率","2","0","2"
"兵马都监何延锡等","1","1","2"
"获都监伪吉州刺史","1","1","2"
"都监伪吉州刺史高","1","1","2"
"监伪吉州刺史高弼","1","1","2"
"伪吉州刺史高弼献","1","1","2"
"行营应援使皇甫晖","1","1","2"
"江南国主李景遣臣","2","0","2"
"南国主李景遣臣伪","2","0","2"
"伪翰林学士户部侍","1","1","2"
"翰林学士户部侍郎","1","1","2"
"林学士户部侍郎钟","1","1","2"
"学士户部侍郎钟谟","1","1","2"
"伪工部侍郎文理院","1","1","2"
"工部侍郎文理院学","1","1","2"
"部侍郎文理院学士","1","1","2"
"侍郎文理院学士李","1","1","2"
"郎文理院学士李德","1","1","2"
"文理院学士李德明","1","1","2"
"理院学士李德明等","1","1","2"
"侍卫马军指挥韩令","1","1","2"
"卫马军指挥韩令坤","1","1","2"
"天长军制置使耿谦","1","1","2"
"伪礼部尚书王崇质","1","1","2"
"礼部尚书王崇质等","1","1","2"
"部尚书王崇质等奉","1","1","2"
"尚书王崇质等奉表","1","1","2"
"获涟州刺史秦进崇","1","1","2"
"淮南道招讨使李重","1","1","2"
"南道招讨使李重进","1","1","2"
"步军都指挥使李继","1","1","2"
"军都指挥使李继勋","1","1","2"
"淮南招讨使李重进","1","1","2"
"大将建州节度使许","1","1","2"
"将建州节度使许文","1","1","2"
"建州节度使许文缜","1","1","2"
"前湖南节度使边镐","1","1","2"
"庐州都部署刘重进","1","1","2"
"前河阳节度使李继","1","1","2"
"河阳节度使李继勋","1","1","2"
"兵部尚书张昭上疏","1","1","2"
"贤良方正能直言极","1","1","2"
"良方正能直言极谏","1","1","2"
"方正能直言极谏科","1","1","2"
"时兵部尚书张昭条","1","1","2"
"州团练使郭廷谓上","1","1","2"
"团练使郭廷谓上表","1","1","2"
"练使郭廷谓上表陈","1","1","2"
"大将伪保义军节度","1","1","2"
"将伪保义军节度使","1","1","2"
"江北都应援使陈承","1","1","2"
"北都应援使陈承昭","1","1","2"
"都应援使陈承昭献","1","1","2"
"右龙武将军王汉璋","1","1","2"
"故淮南节度使杨行","1","1","2"
"故升府节度使徐温","1","1","2"
"升府节度使徐温等","1","1","2"
"伪舒州刺史施仁望","1","1","2"
"右武卫大将军李继","1","1","2"
"武卫大将军李继勋","1","1","2"
"卫大将军李继勋率","1","1","2"
"二十二万六千五百","1","1","2"
"十二万六千五百七","1","1","2"
"二万六千五百七十","1","1","2"
"万六千五百七十四","1","1","2"
"右谏议大夫刘涛选","1","1","2"
"皇帝恭问江南国主","1","1","2"
"醴陵县玉仙观山门","1","1","2"
"陵县玉仙观山门中","1","1","2"
"楚州兵马都监武怀","1","1","2"
"州兵马都监武怀恩","1","1","2"
"伪太傅中书令宋齐","1","1","2"
"太傅中书令宋齐丘","1","1","2"
"伪镇南军节度副使","1","1","2"
"镇南军节度副使李","1","1","2"
"卫亲军都指挥使李","1","1","2"
"亲军都指挥使李重","1","1","2"
"军都指挥使李重进","1","1","2"
"一万八千三百六十","1","1","2"
"定州节度使孙行友","1","1","2"
"先锋都指挥使张藏","1","1","2"
"锋都指挥使张藏英","1","1","2"
"宣徽南院使吴延祚","1","1","2"
"两浙进奉使吴延福","1","1","2"
"浙进奉使吴延福钱","1","1","2"
"进奉使吴延福钱三","1","1","2"
"奉使吴延福钱三千","1","1","2"
"使吴延福钱三千贯","1","1","2"
"辽州刺史张丕旦等","1","1","2"
"州刺史张丕旦等二","1","1","2"
"刺史张丕旦等二百","1","1","2"
"史张丕旦等二百四","1","1","2"
"张丕旦等二百四十","1","1","2"
"丕旦等二百四十五","1","1","2"
"旦等二百四十五人","1","1","2"
"等二百四十五人献","1","1","2"
"北面兵马都部署韩","1","1","2"
"面兵马都部署韩令","1","1","2"
"兵马都部署韩令坤","1","1","2"
"宰臣范质等上表请","1","1","2"
"太祖圣穆皇后柴氏","1","1","2"
"显德二年七月二十","1","1","2"
"德二年七月二十一","1","1","2"
"二年七月二十一日","1","1","2"
"华州马步军副指挥","1","1","2"
"州马步军副指挥使","1","1","2"
"军节度使符彦卿率","1","1","2"
"故景州弓高县孙明","1","1","2"
"景州弓高县孙明府","1","1","2"
"州弓高县孙明府讳","1","1","2"
"膳部金部职方员外","1","1","2"
"部金部职方员外郎","1","1","2"
"秘书郎改授银青光","1","1","2"
"书郎改授银青光禄","1","1","2"
"定国军衙内都指挥","1","1","2"
"国军衙内都指挥使","1","1","2"
"左春坊太子司议郎","1","1","2"
"协律郎改授银青光","1","1","2"
"律郎改授银青光禄","1","1","2"
"议立徐州节度使刘","1","1","2"
"枢密直学士王度等","1","1","2"
"显德元年四月十七","1","1","2"
"德元年四月十七日","1","1","2"
"卫马军都指挥使郭","1","1","2"
"马军都指挥使郭崇","1","1","2"
"徐州节度使王彦超","1","1","2"
"时永兴军节度使李","1","1","2"
"永兴军节度使李洪","1","1","2"
"兴军节度使李洪信","1","1","2"
"急召侍卫都虞候韩","1","1","2"
"召侍卫都虞候韩通","1","1","2"
"洋州节度使杨守忠","1","1","2"
"时澧朗节度使雷彦","1","1","2"
"澧朗节度使雷彦恭","1","1","2"
"朗节度使雷彦恭乘","1","1","2"
"长兴二年十一月十","1","1","2"
"兴二年十一月十日","1","1","2"
"武安军节度副使周","1","1","2"
"安军节度副使周行","1","1","2"
"军节度副使周行逢","1","1","2"
"浙江西道镇海军节","1","1","2"
"江西道镇海军节度","1","1","2"
"西道镇海军节度使","1","1","2"
"天下兵马都元帅","2","0","2"
"长兴三年三月二十","1","1","2"
"兴三年三月二十八","1","1","2"
"三年三月二十八日","1","1","2"
"故天下兵马都元帅","1","1","2"
"令翰林学士李琪撰","1","1","2"
"翰林学士李琪撰生","1","1","2"
"林学士李琪撰生祠","1","1","2"
"学士李琪撰生祠堂","1","1","2"
"士李琪撰生祠堂碑","1","1","2"
"李琪撰生祠堂碑赐","1","1","2"
"命户部侍郎张文宝","1","1","2"
"户部侍郎张文宝授","1","1","2"
"师古引兵深入淮甸","1","1","2"
"庄宗命左藏库使王","1","1","2"
"宗命左藏库使王居","1","1","2"
"命左藏库使王居敏","1","1","2"
"左卫都指挥使张颢","1","1","2"
"卫都指挥使张颢杀","1","1","2"
"升州大都督府长史","1","1","2"
"江南四道节度采访","1","1","2"
"南四道节度采访等","1","1","2"
"四道节度采访等使","1","1","2"
"时泉州刺史廖彦若","1","1","2"
"易定节度使王处直","1","1","2"
"天德军节度使宋瑶","1","1","2"
"庄宗令太原少尹李","1","1","2"
"宗令太原少尹李承","1","1","2"
"令太原少尹李承勋","1","1","2"
"唐昭宗命宰相徐彦","1","1","2"
"昭宗命宰相徐彦若","1","1","2"
"宗命宰相徐彦若代","1","1","2"
"晋天福七年夏四月","1","1","2"
"文武光圣明孝皇帝","1","1","2"
"河东步军都指挥使","1","1","2"
"东川节度使顾彦朗","1","1","2"
"西川节度副大使知","1","1","2"
"川节度副大使知节","1","1","2"
"云南八国招抚等使","1","1","2"
"国主致书上大唐皇","2","0","2"
"主致书上大唐皇帝","2","0","2"
"伪东川节度使宋承","1","1","2"
"东川节度使宋承葆","1","1","2"
"后唐庄宗同光三年","1","1","2"
"新州团练使李存矩","1","1","2"
"时幽州赵德钧屯兵","1","1","2"
"契丹改天显十一年","1","1","2"
"卫亲军都指挥使景","1","1","2"
"亲军都指挥使景延","1","1","2"
"军都指挥使景延广","1","1","2"
"僧道士耆老杨通信","1","1","2"
"道士耆老杨通信等","1","1","2"
"凉州留后折逋嘉施","1","1","2"
"宣化军留后李思安","1","1","2"
"东北面行营都指挥","1","1","2"
"北面行营都指挥使","1","1","2"
"陕州节度使杨师厚","1","1","2"
"青州节度使贺德伦","1","1","2"
"任沧州顺化军节度","1","1","2"
"沧州顺化军节度使","1","1","2"
"崇州节度使温昭图","1","1","2"
"后唐同光三年三月","1","1","2"
"本州马步军都指挥","1","1","2"
"散指挥都头都军使","1","1","2"
"滑州左右厢牢城使","1","1","2"
"授武皇金紫光禄大","1","1","2"
"武皇金紫光禄大夫","1","1","2"
"昭义军节度使李克","1","1","2"
"义军节度使李克修","1","1","2"
"晋州刺史张行恭弃","1","1","2"
"云州都将王敬晖杀","1","1","2"
"州都将王敬晖杀刺","1","1","2"
"都将王敬晖杀刺史","1","1","2"
"将王敬晖杀刺史刘","1","1","2"
"邢州节度使阎宝请","1","1","2"
"蕃汉副总管李存审","1","1","2"
"沧州节度使李存审","1","1","2"
"邢州节度使李嗣源","1","1","2"
"成德军兵马留后张","1","1","2"
"德军兵马留后张文","1","1","2"
"军兵马留后张文礼","1","1","2"
"天平军节度使阎宝","1","1","2"
"外蕃汉马步总管李","1","1","2"
"行台左丞相豆卢革","1","1","2"
"前定州掌书记李德","1","1","2"
"定州掌书记李德休","1","1","2"
"镇冀观察判官张宪","1","1","2"
"魏博节度判官王正","1","1","2"
"博节度判官王正言","1","1","2"
"河东军城都虞候孟","1","1","2"
"东军城都虞候孟知","1","1","2"
"军城都虞候孟知祥","1","1","2"
"幽州节度使李存审","1","1","2"
"追尊皇祖代州太保","1","1","2"
"崇政院学士刘光素","1","1","2"
"守辉州刺史杜晏球","1","1","2"
"竭忠启运匡国功臣","1","1","2"
"杂指挥散员都部署","1","1","2"
"诏改伪梁永平军大","1","1","2"
"改伪梁永平军大安","1","1","2"
"伪梁永平军大安府","1","1","2"
"请奉献祖文皇帝配","1","1","2"
"前安国军节度副使","1","1","2"
"郑州防御使李绍琛","1","1","2"
"成德军马步军都指","1","1","2"
"德军马步军都指挥","1","1","2"
"镇州节度使郭崇韬","1","1","2"
"州节度使郭崇韬进","1","1","2"
"节度使郭崇韬进爵","1","1","2"
"度使郭崇韬进爵邑","1","1","2"
"集贤殿大学士赵光","1","1","2"
"镇东军节度副大使","1","1","2"
"江南管内都招讨使","1","1","2"
"岭南西道观察等使","1","1","2"
"知苏州中吴军军州","1","1","2"
"苏州中吴军军州事","1","1","2"
"西平王李继麟依前","1","1","2"
"河中护国军节度使","1","1","2"
"刑部尚书李琪充大","1","1","2"
"部尚书李琪充大行","1","1","2"
"尚书李琪充大行皇","1","1","2"
"书李琪充大行皇太","1","1","2"
"李琪充大行皇太后","1","1","2"
"琪充大行皇太后山","1","1","2"
"充大行皇太后山陵","1","1","2"
"大行皇太后山陵礼","1","1","2"
"行皇太后山陵礼仪","1","1","2"
"皇太后山陵礼仪使","1","1","2"
"河南尹张全义充山","1","1","2"
"南尹张全义充山陵","1","1","2"
"尹张全义充山陵桥","1","1","2"
"张全义充山陵桥道","1","1","2"
"全义充山陵桥道排","1","1","2"
"义充山陵桥道排顿","1","1","2"
"充山陵桥道排顿使","1","1","2"
"伪昭武军节度使林","1","1","2"
"昭武军节度使林思","1","1","2"
"武军节度使林思谔","1","1","2"
"西川行营都监李廷","1","1","2"
"川行营都监李廷安","1","1","2"
"行营都监李廷安进","1","1","2"
"西川乐官二百九十","1","1","2"
"川乐官二百九十八","1","1","2"
"乐官二百九十八人","1","1","2"
"陕州节度使康思立","1","1","2"
"食邑二千五百户臣","1","1","2"
"邑二千五百户臣冯","1","1","2"
"二千五百户臣冯道","1","1","2"
"千五百户臣冯道等","1","1","2"
"五百户臣冯道等九","1","1","2"
"百户臣冯道等九千","1","1","2"
"户臣冯道等九千五","1","1","2"
"臣冯道等九千五百","1","1","2"
"冯道等九千五百九","1","1","2"
"道等九千五百九十","1","1","2"
"等九千五百九十三","1","1","2"
"九千五百九十三人","1","1","2"
"千五百九十三人上","1","1","2"
"五百九十三人上言","1","1","2"
"左龙武指挥使安审","1","1","2"
"龙武指挥使安审琦","1","1","2"
"左右捧圣都指挥使","1","1","2"
"右千牛上将军符彦","1","1","2"
"千牛上将军符彦饶","1","1","2"
"左右严卫都指挥使","1","1","2"
"驸马都尉赵延寿进","1","1","2"
"马都尉赵延寿进封","1","1","2"
"天雄军节度使范延","1","1","2"
"雄军节度使范延光","1","1","2"
"振武节度使杨光远","1","1","2"
"武节度使杨光远充","1","1","2"
"节度使杨光远充大","1","1","2"
"度使杨光远充大同","1","1","2"
"威塞等军兵马都虞","1","1","2"
"塞等军兵马都虞候","1","1","2"
"前右金吾大将军穆","1","1","2"
"右金吾大将军穆延","1","1","2"
"金吾大将军穆延晖","1","1","2"
"新州节度使杨汉宾","1","1","2"
"前晋州节度使翟璋","1","1","2"
"卫马军都指挥使安","1","1","2"
"卫马军都指挥使张","1","1","2"
"马军都指挥使张彦","1","1","2"
"太原四面马军都指","1","1","2"
"原四面马军都指挥","1","1","2"
"四面马军都指挥使","1","1","2"
"陕州节度使相里金","1","1","2"
"太原四面步军都指","1","1","2"
"原四面步军都指挥","1","1","2"
"四面步军都指挥使","1","1","2"
"右监门上将军武廷","1","1","2"
"监门上将军武廷翰","1","1","2"
"潞州节度使皇甫立","1","1","2"
"前绛州刺史韩彦恽","1","1","2"
"宰臣卢损奉册书上","1","1","2"
"臣卢损奉册书上皇","1","1","2"
"卢损奉册书上皇太","1","1","2"
"损奉册书上皇太后","1","1","2"
"奉册书上皇太后尊","1","1","2"
"册书上皇太后尊号","1","1","2"
"武定军节度使王承","1","1","2"
"定军节度使王承肇","1","1","2"
"兴元节度使王宗威","1","1","2"
"敦睦保定久大功臣","1","1","2"
"幽州卢龙等军节度","1","1","2"
"州卢龙等军节度使","1","1","2"
"魏博马步军都指挥","1","1","2"
"博马步军都指挥使","1","1","2"
"赐号忠烈扶天启运","1","1","2"
"号忠烈扶天启运功","1","1","2"
"忠烈扶天启运功臣","1","1","2"
"授西南面行营马步","1","1","2"
"荆南节度使南平王","1","1","2"
"南节度使南平王高","1","1","2"
"徐州节度使安彦威","1","1","2"
"汴州浚仪县王畿乡","1","1","2"
"州浚仪县王畿乡表","1","1","2"
"浚仪县王畿乡表节","1","1","2"
"仪县王畿乡表节东","1","1","2"
"县王畿乡表节东坊","1","1","2"
"广晋府行营中军使","1","1","2"
"贝州永清军节度使","1","1","2"
"军节度使侍卫亲军","2","0","2"
"节度使侍卫亲军马","2","0","2"
"度使侍卫亲军马步","2","0","2"
"使侍卫亲军马步军","2","0","2"
"忠武军节度使杜重","1","1","2"
"武军节度使杜重威","1","1","2"
"天平军节度使侍卫","2","0","2"
"卫亲军马步军副都","1","1","2"
"亲军马步军副都指","1","1","2"
"步军副都指挥使杜","1","1","2"
"军副都指挥使杜重","1","1","2"
"副都指挥使杜重威","1","1","2"
"东京内外兵马都监","1","1","2"
"吏部郎中卢撰持节","1","1","2"
"部郎中卢撰持节册","1","1","2"
"卫亲军都指挥使杜","1","1","2"
"亲军都指挥使杜重","1","1","2"
"营马步军都虞候王","1","1","2"
"马步军都虞候王周","1","1","2"
"郓州天平军节度使","1","1","2"
"侍卫马步都虞候景","1","1","2"
"卫马步都虞候景延","1","1","2"
"马步都虞候景延广","1","1","2"
"步都虞候景延广加","1","1","2"
"滑州义成军节度使","1","1","2"
"充襄州行营都部署","1","1","2"
"营都部署高行周加","1","1","2"
"符彦卿北面行营马","2","0","2"
"北面行营步军都指","1","1","2"
"面行营步军都指挥","1","1","2"
"马全节等会合进军","1","1","2"
"河中节度使安审琦","1","1","2"
"马步军左厢都指挥","1","1","2"
"步军左厢都指挥使","1","1","2"
"滑州节度使皇甫遇","1","1","2"
"马步军右厢都指挥","1","1","2"
"步军右厢都指挥使","1","1","2"
"军都指挥使梁汉璋","1","1","2"
"马军左右厢都指挥","1","1","2"
"卫步军都指挥使李","1","1","2"
"步军都指挥使李殷","1","1","2"
"步军左右厢都指挥","1","1","2"
"马军左右厢都排阵","1","1","2"
"步军左右厢排阵使","1","1","2"
"面行营马步军左右","1","1","2"
"行营马步军左右厢","1","1","2"
"营马步军左右厢都","1","1","2"
"马步军左右厢都排","1","1","2"
"步军左右厢都排阵","1","1","2"
"面行营马步军左厢","1","1","2"
"行营马步军左厢排","1","1","2"
"营马步军左厢排阵","1","1","2"
"马步军左厢排阵使","1","1","2"
"马步军右厢排阵使","1","1","2"
"改赐推忠佐运保国","1","1","2"
"赐推忠佐运保国功","1","1","2"
"推忠佐运保国功臣","1","1","2"
"鄴都留守侍卫亲军","2","0","2"
"都留守侍卫亲军马","2","0","2"
"留守侍卫亲军马步","2","0","2"
"守侍卫亲军马步军","2","0","2"
"天雄军节度使高行","1","1","2"
"雄军节度使高行周","1","1","2"
"军节度使高行周加","1","1","2"
"永兴军一行兵马都","1","1","2"
"兴军一行兵马都部","1","1","2"
"军一行兵马都部署","1","1","2"
"婿户部员外郎张贻","1","1","2"
"侍卫都承局荆南金","1","1","2"
"三司都勾官柴训等","1","1","2"
"前耀州团练使符彦","1","1","2"
"耀州团练使符彦能","1","1","2"
"州团练使符彦能等","1","1","2"
"淮南道行营都招讨","1","1","2"
"南道行营都招讨使","1","1","2"
"都指挥使韩令坤上","1","1","2"
"奉诏编修太祖实录","1","1","2"
"集贤殿弘文馆大学","1","1","2"
"贤殿弘文馆大学士","1","1","2"
"晋高祖皇帝山陵使","1","1","2"
"同州管内观察处置","1","1","2"
"房等州管内观察处","1","1","2"
"等州管内观察处置","1","1","2"
"淮南节度副大使知","1","1","2"
"南节度副大使知节","1","1","2"
"管内营田观察处置","1","1","2"
"内营田观察处置等","1","1","2"
"营田观察处置等使","1","1","2"
"扬州大都督府长史","1","1","2"
"竭忠定难建国功臣","1","1","2"
"唐同光三年九月十","1","1","2"
"同光三年九月十日","1","1","2"
"翰林学士承旨张砺","1","1","2"
"燕人刘守光赴援中","1","1","2"
"人刘守光赴援中山","1","1","2"
"蔡州顺化军指挥使","1","1","2"
"州顺化军指挥使王","1","1","2"
"顺化军指挥使王存","1","1","2"
"化军指挥使王存俨","1","1","2"
"先锋将黄文靖伏诛","1","1","2"
"延州节度使高万兴","1","1","2"
"庆两州贼军约二千","1","1","2"
"徐州丰县雍凤里人","1","1","2"
"行营诸军左厢马军","1","1","2"
"营诸军左厢马军都","1","1","2"
"诸军左厢马军都指","1","1","2"
"魏州观察判官张宪","1","1","2"
"天平军节度使李嗣","1","1","2"
"平军节度使李嗣源","1","1","2"
"节度使李嗣源北面","2","0","2"
"北面行营都招讨使","1","1","2"
"称大蜀皇帝上书大","1","1","2"
"大蜀皇帝上书大唐","1","1","2"
"蜀皇帝上书大唐皇","1","1","2"
"皇帝上书大唐皇帝","1","1","2"
"镇州节度使李嗣源","1","1","2"
"徐州节度使李绍真","1","1","2"
"故镇屯驻指挥使唐","1","1","2"
"镇屯驻指挥使唐景","1","1","2"
"宫城西古龙兴寺北","1","1","2"
"副招讨使任圜率兵","1","1","2"
"招讨使任圜率兵追","1","1","2"
"讨使任圜率兵追讨","1","1","2"
"都行营招抚使元行","1","1","2"
"行营招抚使元行钦","1","1","2"
"营招抚使元行钦率","1","1","2"
"遂州节度使李令德","1","1","2"
"请机要臣僚侍立左","1","1","2"
"机要臣僚侍立左右","1","1","2"
"左卫上将军王景戡","1","1","2"
"卫步军都指挥使张","1","1","2"
"步军都指挥使张彦","1","1","2"
"武兴军节度使王承","1","1","2"
"兴军节度使王承捷","1","1","2"
"高祖圣文章武明德","1","1","2"
"祖圣文章武明德孝","1","1","2"
"害皇子河阳节度使","1","1","2"
"故东京留守判官李","1","1","2"
"东京留守判官李遐","1","1","2"
"京留守判官李遐追","1","1","2"
"留守判官李遐追赠","1","1","2"
"安州节度使李金全","1","1","2"
"州节度使李金全叛","1","1","2"
"北面招讨使杜重威","1","1","2"
"右金吾大将军梁言","1","1","2"
"金吾大将军梁言持","1","1","2"
"吾大将军梁言持国","1","1","2"
"衙内都指挥使拓拔","1","1","2"
"内都指挥使拓拔崇","1","1","2"
"都指挥使拓拔崇斌","1","1","2"
"指挥使拓拔崇斌等","1","1","2"
"挥使拓拔崇斌等五","1","1","2"
"使拓拔崇斌等五人","1","1","2"
"州节度使杨光远反","1","1","2"
"诏改铸天下合同印","1","1","2"
"曾祖母虢国太夫人","1","1","2"
"祖母虢国太夫人杨","1","1","2"
"母虢国太夫人杨氏","1","1","2"
"汉州就粮归捷指挥","1","1","2"
"州就粮归捷指挥使","1","1","2"
"就粮归捷指挥使张","1","1","2"
"粮归捷指挥使张建","1","1","2"
"归捷指挥使张建雄","1","1","2"
"金州守御指挥使康","1","1","2"
"州守御指挥使康彦","1","1","2"
"守御指挥使康彦环","1","1","2"
"左谏议大夫贾纬等","1","1","2"
"谏议大夫贾纬等修","1","1","2"
"议大夫贾纬等修撰","1","1","2"
"大夫贾纬等修撰高","1","1","2"
"夫贾纬等修撰高祖","1","1","2"
"贾纬等修撰高祖实","1","1","2"
"纬等修撰高祖实录","1","1","2"
"处斩前巡检使乔守","1","1","2"
"斩前巡检使乔守温","1","1","2"
"率群臣请太后临朝","1","1","2"
"虢州刺史常彦卿等","1","1","2"
"州刺史常彦卿等五","1","1","2"
"刺史常彦卿等五百","1","1","2"
"史常彦卿等五百余","1","1","2"
"常彦卿等五百余人","1","1","2"
"太祖圣神恭肃文武","1","1","2"
"祖圣神恭肃文武孝","1","1","2"
"绛州防御使孙汉英","1","1","2"
"武平军兵马留后刘","1","1","2"
"平军兵马留后刘言","1","1","2"
"前莱州刺史叶仁鲁","1","1","2"
"延州衙内指挥使高","1","1","2"
"州衙内指挥使高绍","1","1","2"
"衙内指挥使高绍基","1","1","2"
"前颍州防御使郭琼","1","1","2"
"州节度使何福进朝","1","1","2"
"卫亲军都指挥使王","1","1","2"
"亲军都指挥使王殷","1","1","2"
"夔州节度使樊爱能","1","1","2"
"寿州节度使何徽等","1","1","2"
"右监门卫率府副率","1","1","2"
"寿州城内左神卫军","1","1","2"
"州城内左神卫军使","1","1","2"
"城内左神卫军使徐","1","1","2"
"内左神卫军使徐象","1","1","2"
"左神卫军使徐象等","1","1","2"
"左谏议大夫尹日就","1","1","2"
"殿前都虞候慕容延","1","1","2"
"前都虞候慕容延钊","1","1","2"
"澶州节度使张永德","1","1","2"
"西南面水陆转运使","1","1","2"
"晋州节度使杨廷璋","1","1","2"
"经邦致理翊赞功臣","1","1","2"
"守正崇德保邦致理","1","1","2"
"正崇德保邦致理功","1","1","2"
"崇德保邦致理功臣","1","1","2"
"安时处顺守义崇静","1","1","2"
"时处顺守义崇静功","1","1","2"
"处顺守义崇静功臣","1","1","2"
"崇仁保德宁邦翊圣","1","1","2"
"仁保德宁邦翊圣功","1","1","2"
"保德宁邦翊圣功臣","1","1","2"
"睿文英武仁圣明孝","1","1","2"
"文英武仁圣明孝皇","1","1","2"
"英武仁圣明孝皇帝","1","1","2"
"担任河中行营副招","0","2","2"
"任河中行营副招讨","0","2","2"
"为东北面都招讨使","0","2","2"
"又加封太祖为检校","0","2","2"
"更加放纵他的暴虐","0","2","2"
"封太祖为检校太尉","0","2","2"
"太祖派遣葛从周率","0","2","2"
"祖派遣葛从周率领","0","2","2"
"杀死魏军一万多人","0","2","2"
"太祖亲自率领大军","0","2","2"
"太祖派朱友恭率领","0","2","2"
"夺得战马二千多匹","0","2","2"
"丁会为潞州节度使","0","2","2"
"将佐马慎交以下一","0","2","2"
"佐马慎交以下一百","0","2","2"
"领兵一万多人驻扎","0","2","2"
"拥着大将史仁遇固","0","2","2"
"着大将史仁遇固守","0","2","2"
"大将史仁遇固守高","0","2","2"
"将史仁遇固守高唐","0","2","2"
"在圜丘祭祀苍天上","0","2","2"
"圜丘祭祀苍天上帝","0","2","2"
"张万进为青州节度","0","2","2"
"万进为青州节度使","0","2","2"
"福王朱友璋镇守徐","0","2","2"
"王朱友璋镇守徐州","0","2","2"
"蒋殷向淮南吴国求","0","2","2"
"张筠为相州节度使","0","2","2"
"霍彦威为州节度使","0","2","2"
"贺德伦为大同军节","0","2","2"
"德伦为大同军节度","0","2","2"
"只要每人供给十斛","0","2","2"
"要每人供给十斛粮","0","2","2"
"每人供给十斛粮食","0","2","2"
"被行营马步都虞候","0","2","2"
"行营马步都虞候朱","0","2","2"
"营马步都虞候朱王","0","2","2"
"马步都虞候朱王圭","0","2","2"
"贺瑰攻打德胜南城","0","2","2"
"河中朱友谦袭击占","0","2","2"
"中朱友谦袭击占领","0","2","2"
"朱友谦袭击占领了","0","2","2"
"友谦袭击占领了同","0","2","2"
"谦袭击占领了同州","0","2","2"
"私自度脱僧人尼姑","0","2","2"
"李嗣昭为潞州节度","0","2","2"
"嗣昭为潞州节度使","0","2","2"
"二十年为同光元年","0","2","2"
"都被处死在大街上","0","2","2"
"为检校右散骑常侍","0","2","2"
"赐与迎銮毅勇功臣","0","2","2"
"与迎銮毅勇功臣名","0","2","2"
"领步兵骑兵几万人","0","2","2"
"在酒席上杀死卢弘","0","2","2"
"接着命令他领兵攻","0","2","2"
"王重荣被部将常行","0","2","2"
"重荣被部将常行儒","0","2","2"
"荣被部将常行儒杀","0","2","2"
"被部将常行儒杀害","0","2","2"
"被加封为兼中书令","0","2","2"
"太祖接受禅让登上","0","2","2"
"祖接受禅让登上帝","0","2","2"
"接受禅让登上帝位","0","2","2"
"派泽州刺史安金俊","0","2","2"
"李罕之率领并州军","0","2","2"
"罕之率领并州军队","0","2","2"
"授予检校工部尚书","0","2","2"
"加封为检校刑部尚","0","2","2"
"封为检校刑部尚书","0","2","2"
"加封为开府仪同三","0","2","2"
"封为开府仪同三司","0","2","2"
"谢彦章以及濮州刺","0","2","2"
"彦章以及濮州刺史","0","2","2"
"章以及濮州刺史孟","0","2","2"
"以及濮州刺史孟审","0","2","2"
"及濮州刺史孟审澄","0","2","2"
"上奏朝廷授与检校","0","2","2"
"奏朝廷授与检校左","0","2","2"
"接着加封为同平章","0","2","2"
"着加封为同平章事","0","2","2"
"庶人朱友王圭篡夺","0","2","2"
"人朱友王圭篡夺帝","0","2","2"
"朱友王圭篡夺帝位","0","2","2"
"友王圭篡夺帝位时","0","2","2"
"这是我不能理解的","0","2","2"
"是我不能理解的第","0","2","2"
"到太祖镇守汴州时","0","2","2"
"马军步军都排阵使","0","2","2"
"任右金吾卫上将军","0","2","2"
"任左监门卫上将军","0","2","2"
"戴思远为北面招讨","0","2","2"
"思远为北面招讨使","0","2","2"
"俊的弟弟刘知浣献","0","2","2"
"追赠为左散骑常侍","0","2","2"
"骤然居于众人之上","0","2","2"
"军马军步军都指挥","0","2","2"
"遥任镇南军节度使","0","2","2"
"博节度使杨师厚去","0","2","2"
"节度使杨师厚去世","0","2","2"
"兖州节度使张万进","0","2","2"
"武皇为雁门节度使","0","2","2"
"王处存向武皇求援","0","2","2"
"武皇派大将康君立","0","2","2"
"三百骑兵埋伏在长","0","2","2"
"百骑兵埋伏在长子","0","2","2"
"在邢州讨伐李存孝","0","2","2"
"留下心腹燕留德等","0","2","2"
"下心腹燕留德等十","0","2","2"
"天子派延王李戒丕","0","2","2"
"他的首级送往朝廷","0","2","2"
"武皇派李嗣昭带兵","0","2","2"
"虹贯穿周德威营地","0","2","2"
"贯穿周德威营地上","0","2","2"
"穿周德威营地上空","0","2","2"
"李嗣昭联合燕军攻","0","2","2"
"周德威在余吾驻军","0","2","2"
"军埋伏在三垂岗下","0","2","2"
"天祐八年一月二日","0","2","2"
"到幽州讨伐刘守光","0","2","2"
"周德威从涿州进军","0","2","2"
"德威从涿州进军到","0","2","2"
"庄宗命李存审率军","0","2","2"
"宗命李存审率军队","0","2","2"
"下令各军天亮攻城","0","2","2"
"在莘县西边三十里","0","2","2"
"莘县西边三十里处","0","2","2"
"县西边三十里处扎","0","2","2"
"西边三十里处扎营","0","2","2"
"淮南杨溥派使者来","0","2","2"
"庄宗继承唐朝帝位","0","2","2"
"州大将张文礼杀害","0","2","2"
"到镇州讨伐张文礼","0","2","2"
"李嗣昭被流矢射中","0","2","2"
"马步总管李存审为","0","2","2"
"李存审为北面招讨","0","2","2"
"存审为北面招讨使","0","2","2"
"赵将李再丰的儿子","0","2","2"
"将李再丰的儿子李","0","2","2"
"李再丰的儿子李冲","0","2","2"
"挖出张文礼的尸体","0","2","2"
"任河东节度判官卢","0","2","2"
"东节度判官卢质为","0","2","2"
"大军从杨刘渡黄河","0","2","2"
"都是我以前的劲敌","0","2","2"
"新罗王金朴英派使","0","2","2"
"罗王金朴英派使者","0","2","2"
"淮南杨溥派使者庆","0","2","2"
"南杨溥派使者庆贺","0","2","2"
"庄宗到明堂殿接受","0","2","2"
"宗到明堂殿接受朝","0","2","2"
"国派使者进贡土产","0","2","2"
"宰相豆卢革率百官","0","2","2"
"昭文睿武至德光孝","0","2","2"
"文睿武至德光孝皇","0","2","2"
"睿武至德光孝皇帝","0","2","2"
"卢革率百官上表章","0","2","2"
"魏国夫人刘氏为皇","0","2","2"
"任宣武军节度使李","0","2","2"
"中书侍郎兼吏部尚","0","2","2"
"书侍郎兼吏部尚书","0","2","2"
"宰臣代理太尉行事","0","2","2"
"州刺史钱元馞为检","0","2","2"
"刺史钱元馞为检校","0","2","2"
"史钱元馞为检校太","0","2","2"
"张全义为洛京留守","0","2","2"
"军节度使李嗣源为","0","2","2"
"杨溥派使者进贡土","0","2","2"
"溥派使者进贡土产","0","2","2"
"任刑部尚书李琪充","0","2","2"
"上表章请庄宗听政","0","2","2"
"太常卿签署定下后","0","2","2"
"军诸卫事李继岌为","0","2","2"
"华州节度使毛璋为","0","2","2"
"州节度使毛璋为行","0","2","2"
"节度使毛璋为行营","0","2","2"
"度使毛璋为行营左","0","2","2"
"使毛璋为行营左厢","0","2","2"
"毛璋为行营左厢马","0","2","2"
"璋为行营左厢马步","0","2","2"
"董璋为行营右厢马","0","2","2"
"令朱守殷用兵包围","0","2","2"
"收养为自己的儿子","0","2","2"
"皇长子潞王李从珂","0","2","2"
"端明殿学士韩昭裔","0","2","2"
"到文明殿接受朝贺","0","2","2"
"枢密副使刘延朗为","0","2","2"
"凤翔节度使李从日","0","2","2"
"翔节度使李从日严","0","2","2"
"卢文纪为中书侍郎","0","2","2"
"卫上将军王景戡为","0","2","2"
"上将军王景戡为左","0","2","2"
"都指挥使宋审虔为","0","2","2"
"指挥使宋审虔为河","0","2","2"
"这是听从湖南的请","0","2","2"
"是听从湖南的请求","0","2","2"
"威塞等军蕃汉马军","0","2","2"
"塞等军蕃汉马军步","0","2","2"
"等军蕃汉马军步军","0","2","2"
"驸马都尉石敬瑭为","0","2","2"
"蕃汉马军步军都部","0","2","2"
"汉马军步军都部署","0","2","2"
"副使边仁嗣以下官","0","2","2"
"使边仁嗣以下官员","0","2","2"
"任汴州节度使范延","0","2","2"
"州节度使范延光为","0","2","2"
"节度使范延光为天","0","2","2"
"度使范延光为天雄","0","2","2"
"使范延光为天雄军","0","2","2"
"任西京留守李周为","0","2","2"
"任前彰武军节度使","0","2","2"
"军节度使高行周为","0","2","2"
"任命的汴州节度使","0","2","2"
"命的汴州节度使萧","0","2","2"
"的汴州节度使萧翰","0","2","2"
"将刘寻阝进攻同州","0","2","2"
"到镇州征讨张文礼","0","2","2"
"刺史张行恭弃城逃","0","2","2"
"节度使安知建叛变","0","2","2"
"李存信与李存孝不","0","2","2"
"存信与李存孝不和","0","2","2"
"派使者向庄宗告急","0","2","2"
"以军功升任检校太","0","2","2"
"军功升任检校太保","0","2","2"
"刘寻阝在莘县扎营","0","2","2"
"幽州卢龙军节度使","0","2","2"
"任郭崇韬为招讨使","0","2","2"
"豆卢革对郭崇韬说","0","2","2"
"璋为行营右厢马军","0","2","2"
"任张全义为守太尉","0","2","2"
"时赵在礼占据魏州","0","2","2"
"任圜为工部尚书兼","0","2","2"
"圜为工部尚书兼真","0","2","2"
"为工部尚书兼真定","0","2","2"
"工部尚书兼真定尹","0","2","2"
"兼北面水陆转运使","0","2","2"
"王正言守礼部尚书","0","2","2"
"日出生在太原汾阳","0","2","2"
"出生在太原汾阳里","0","2","2"
"军马步军总指挥使","0","2","2"
"忠匡定保节功臣名","0","2","2"
"匡定保节功臣名号","0","2","2"
"契丹国主率领大军","0","2","2"
"左仆射刘日句等人","0","2","2"
"仪仗侍卫依照礼制","0","2","2"
"仗侍卫依照礼制行","0","2","2"
"侍卫依照礼制行事","0","2","2"
"监修国史赵莹上奏","0","2","2"
"楚王马希范增加食","0","2","2"
"王马希范增加食邑","0","2","2"
"马希范增加食邑实","0","2","2"
"希范增加食邑实封","0","2","2"
"杨仁美派遣使臣进","0","2","2"
"仁美派遣使臣进贡","0","2","2"
"使臣进贡地方土产","0","2","2"
"高祖在休息宴游的","0","2","2"
"祖在休息宴游的别","0","2","2"
"在休息宴游的别殿","0","2","2"
"是准允钱元馞的奏","0","2","2"
"准允钱元馞的奏请","0","2","2"
"西京留守高行周为","0","2","2"
"未登基时住过的旧","0","2","2"
"登基时住过的旧宅","0","2","2"
"基时住过的旧宅改","0","2","2"
"时住过的旧宅改为","0","2","2"
"太师辞官退隐的范","0","2","2"
"师辞官退隐的范延","0","2","2"
"辞官退隐的范延光","0","2","2"
"回鹘可汗杨仁美派","0","2","2"
"使者进贡地方土产","0","2","2"
"玉笥山道士罗隐之","0","2","2"
"高祖在永福殿宴请","0","2","2"
"在永福殿宴请文武","0","2","2"
"按照法律条款定罪","0","2","2"
"文武百官不入阁朝","0","2","2"
"武百官不入阁朝拜","0","2","2"
"使杨彦询出使契丹","0","2","2"
"原鹿阝州节度使安","0","2","2"
"鹿阝州节度使安审","0","2","2"
"阝州节度使安审晖","0","2","2"
"为中书侍郎平章事","0","2","2"
"升格为防御使级别","0","2","2"
"襄州节度使安从进","0","2","2"
"派使臣前来朝拜进","0","2","2"
"使臣前来朝拜进贡","0","2","2"
"以太子少傅辞官退","0","2","2"
"太子少傅辞官退隐","0","2","2"
"子少傅辞官退隐的","0","2","2"
"少傅辞官退隐的王","0","2","2"
"宣徽南院使张从恩","0","2","2"
"杜重威为北面行营","0","2","2"
"重威为北面行营招","0","2","2"
"威为北面行营招讨","0","2","2"
"任命原贝州节度使","0","2","2"
"营都部署高行周上","0","2","2"
"在服丧期满后担任","0","2","2"
"节度使桑维翰加封","0","2","2"
"度使桑维翰加封检","0","2","2"
"使桑维翰加封检校","0","2","2"
"桑维翰加封检校太","0","2","2"
"度使兼侍卫马步军","0","2","2"
"使兼侍卫马步军都","0","2","2"
"都虞候景延广加封","0","2","2"
"到各佛寺道观祈求","0","2","2"
"各佛寺道观祈求下","0","2","2"
"在这一年的十二月","0","2","2"
"国子祭酒兼户部侍","0","2","2"
"子祭酒兼户部侍郎","0","2","2"
"祭酒兼户部侍郎田","0","2","2"
"酒兼户部侍郎田敏","0","2","2"
"恒州顺国军节度使","0","2","2"
"百官丧服恭临天清","0","2","2"
"官丧服恭临天清殿","0","2","2"
"臣到佛寺道观祈祷","0","2","2"
"到佛寺道观祈祷下","0","2","2"
"杨光远的儿子杨承","0","2","2"
"光远的儿子杨承勋","0","2","2"
"远的儿子杨承勋等","0","2","2"
"派即墨县令王德柔","0","2","2"
"即墨县令王德柔进","0","2","2"
"州节度使张彦泽接","0","2","2"
"节度使张彦泽接受","0","2","2"
"度使张彦泽接受契","0","2","2"
"使张彦泽接受契丹","0","2","2"
"张彦泽接受契丹命","0","2","2"
"彦泽接受契丹命令","0","2","2"
"赐封忠顺保义功臣","0","2","2"
"张敬达围困晋阳时","0","2","2"
"便罢免了他的兵权","0","2","2"
"后唐庄宗平定后梁","0","2","2"
"晋高祖进入洛阳后","0","2","2"
"的第一个甲子为上","0","2","2"
"第一个甲子为上元","0","2","2"
"在晋代即追封为太","0","2","2"
"契丹出动全部兵力","0","2","2"
"兼任侍卫亲军马步","0","2","2"
"上崇元殿接受朝拜","0","2","2"
"契丹从黎阳渡过黄","0","2","2"
"丹从黎阳渡过黄河","0","2","2"
"以太子太师身份退","0","2","2"
"契丹所任命的节度","0","2","2"
"丹所任命的节度使","0","2","2"
"所任命的节度使麻","0","2","2"
"任命的节度使麻答","0","2","2"
"正月五日黎明以前","0","2","2"
"总部署郭从义上奏","0","2","2"
"诏令授赵思绾为华","0","2","2"
"令授赵思绾为华州","0","2","2"
"常彦卿为虢州刺史","0","2","2"
"蝗虫拥抱着枯草而","0","2","2"
"虫拥抱着枯草而死","0","2","2"
"兼侍卫亲军都指挥","0","2","2"
"黄河冲决原武县堤","0","2","2"
"河冲决原武县堤防","0","2","2"
"侍卫都指挥使史弘","0","2","2"
"卫都指挥使史弘肇","0","2","2"
"滑州节度使宋延渥","0","2","2"
"藏在龙鸟脱的衣领","0","2","2"
"在龙鸟脱的衣领中","0","2","2"
"杀害了史弘肇等人","0","2","2"
"派侍卫马军指挥使","0","2","2"
"立徐州节度使刘斌","0","2","2"
"范延光在魏州反叛","0","2","2"
"乾佑三年冬十一月","0","2","2"
"罢免不急需的事务","0","2","2"
"为侍卫亲军马步军","0","2","2"
"派他的儿子杜弘遂","0","2","2"
"李守贞为北面行营","0","2","2"
"守贞为北面行营都","0","2","2"
"为侍卫亲军都指挥","0","2","2"
"听从太祖的节制调","0","2","2"
"从太祖的节制调度","0","2","2"
"子徐州节度使刘斌","0","2","2"
"奸邪小人制造祸乱","0","2","2"
"兵要扶立郭公称帝","0","2","2"
"通常赦免仍不能原","0","2","2"
"常赦免仍不能原宥","0","2","2"
"赦免仍不能原宥的","0","2","2"
"节度使王彦超领兵","0","2","2"
"三十个侍仆的衣服","0","2","2"
"十个侍仆的衣服粮","0","2","2"
"个侍仆的衣服粮食","0","2","2"
"是因为汉隐帝的灵","0","2","2"
"因为汉隐帝的灵柩","0","2","2"
"为汉隐帝的灵柩尚","0","2","2"
"汉隐帝的灵柩尚未","0","2","2"
"隐帝的灵柩尚未下","0","2","2"
"帝的灵柩尚未下葬","0","2","2"
"子澶州节度使郭荣","0","2","2"
"澶州节度使郭荣服","0","2","2"
"州节度使郭荣服丧","0","2","2"
"令有关部门议定谥","0","2","2"
"有关部门议定谥号","0","2","2"
"太平宫问候汉太后","0","2","2"
"关部门选择日期准","0","2","2"
"部门选择日期准备","0","2","2"
"门选择日期准备礼","0","2","2"
"枢密使王峻领兵支","0","2","2"
"密使王峻领兵支援","0","2","2"
"的丁壮民夫二万人","0","2","2"
"以侍卫步军都指挥","0","2","2"
"府州防御使折德报","0","2","2"
"州防御使折德报告","0","2","2"
"回鹘派使者进贡地","0","2","2"
"鹘派使者进贡地方","0","2","2"
"使以下一起设置一","0","2","2"
"以下一起设置一斋","0","2","2"
"登崇元殿接受朝贺","0","2","2"
"作为不在官额之内","0","2","2"
"为不在官额之内的","0","2","2"
"不在官额之内的员","0","2","2"
"在官额之内的员外","0","2","2"
"官额之内的员外官","0","2","2"
"指挥使高绍基报告","0","2","2"
"任开封尹兼功德使","0","2","2"
"派指挥使郑王交带","0","2","2"
"指挥使郑王交带领","0","2","2"
"挥使郑王交带领兵","0","2","2"
"使郑王交带领兵士","0","2","2"
"诏令刘言罢职回家","0","2","2"
"衣十五周年的赐穿","0","2","2"
"掌管内外兵马事务","0","2","2"
"晋王郭荣可在灵柩","0","2","2"
"王郭荣可在灵柩前","0","2","2"
"郭荣可在灵柩前即","0","2","2"
"荣可在灵柩前即皇","0","2","2"
"后周广顺元年正月","0","2","2"
"令天雄军节度使符","0","2","2"
"没有诏赐名号的寺","0","2","2"
"就在应当关闭废除","0","2","2"
"在应当关闭废除的","0","2","2"
"应当关闭废除的寺","0","2","2"
"当关闭废除的寺院","0","2","2"
"关闭废除的寺院中","0","2","2"
"都指挥使李重进领","0","2","2"
"指挥使李重进领兵","0","2","2"
"兵部尚书张昭上奏","0","2","2"
"节度使王进逵上奏","0","2","2"
"招讨使李重进上奏","0","2","2"
"诏令天下被关押的","0","2","2"
"令天下被关押的罪","0","2","2"
"以卫尉少卿钟谟为","0","2","2"
"到世宗所在地奉上","0","2","2"
"世宗所在地奉上贡","0","2","2"
"宗所在地奉上贡物","0","2","2"
"接连迁升到检校太","0","2","2"
"连迁升到检校太保","0","2","2"
"诏令追赠为尚书令","0","2","2"
"后罢职改任朝散大","0","2","2"
"罢职改任朝散大夫","0","2","2"
"派前申州刺史马铎","0","2","2"
"不久上表请求免除","0","2","2"
"刘去非任郢州刺史","0","2","2"
"李茂贞的山南各州","0","2","2"
"州划为自己的属郡","0","2","2"
"宣州节度使田君页","0","2","2"
"为镇海军节度副使","0","2","2"
"领步兵骑兵一万人","0","2","2"
"在正阳大败淮南贼","0","2","2"
"埋伏士兵于内黄境","0","2","2"
"伏士兵于内黄境内","0","2","2"
"士兵于内黄境内清","0","2","2"
"兵于内黄境内清水","0","2","2"
"于内黄境内清水的","0","2","2"
"听到周朝军队来了","0","2","2"
"国主致信给大唐皇","0","2","2"
"主致信给大唐皇帝","0","2","2"
"加封开府仪同三司","0","2","2"
"都指挥使张彦琪为","0","2","2"
"一并增加食邑实封","0","2","2"
"军节度使兼侍卫亲","0","2","2"
"天平军节度使兼侍","0","2","2"
"平军节度使兼侍卫","0","2","2"
"军节度使兼侍卫马","0","2","2"
"符彦卿为北面行营","0","2","2"
"彦卿为北面行营马","0","2","2"
"为北面行营马步军","0","2","2"
"任邺都留守兼侍卫","0","2","2"
"邺都留守兼侍卫亲","0","2","2"
"都留守兼侍卫亲军","0","2","2"
"留守兼侍卫亲军马","0","2","2"
"守兼侍卫亲军马步","0","2","2"
"任宣武军节度押牙","0","2","2"
"武军节度押牙李从","0","2","2"
"户部尚书辞官退隐","0","2","2"
"部尚书辞官退隐的","0","2","2"
