"N-gram","元史","元史翻译","Total"
"卫亲军都指挥使","25","28","53"
"书省大臣上奏说","0","49","49"
"南行省平章政事","20","23","43"
"中书省参知政事","15","28","43"
"高丽国王王礻直","0","43","43"
"江浙行省平章政","17","22","39"
"浙行省平章政事","17","22","39"
"中书省大臣上奏","0","39","39"
"为中书平章政事","0","37","37"
"中书省平章政事","14","21","35"
"行中书省参知政","13","17","30"
"王阿剌忒纳失里","14","14","28"
"河南行省平章政","13","14","27"
"西行省平章政事","11","15","26"
"高丽国王王禃遣","26","0","26"
"国王王礻直派遣","0","26","26"
"行中书省平章政","11","14","25"
"侍卫亲军都指挥","12","13","25"
"星干犯井宿天区","0","25","25"
"江浙行省参知政","12","12","24"
"浙行省参知政事","12","12","24"
"丽国王王礻直派","0","24","24"
"高丽国王王贝春","0","24","24"
"西安王阿剌忒纳","11","11","22"
"安王阿剌忒纳失","11","11","22"
"行省左右司郎中","11","11","22"
"江南行台监察御","12","10","22"
"南行台监察御史","12","10","22"
"太阴星干犯井宿","0","21","21"
"阴星干犯井宿天","0","21","21"
"亲军都指挥使司","10","10","20"
"江西行省平章政","9","11","20"
"星干犯房宿天区","0","20","20"
"星干犯毕宿天区","0","20","20"
"判处死刑的罪犯","0","19","19"
"太阴星干犯毕宿","0","19","19"
"阴星干犯毕宿天","0","19","19"
"江浙行省左丞相","8","10","18"
"道提刑按察副使","9","9","18"
"行台治书侍御史","9","9","18"
"万户府达鲁花赤","10","7","17"
"西行省参知政事","7","9","16"
"陕西行台侍御史","10","6","16"
"为翰林学士承旨","0","16","16"
"王王礻直派遣他","0","16","16"
"王礻直派遣他的","0","16","16"
"道提刑按察司事","8","7","15"
"南行省参知政事","8","7","15"
"淮西制置使夏贵","7","8","15"
"全年判处死刑的","0","15","15"
"枢密院大臣上奏","0","15","15"
"密院大臣上奏说","0","15","15"
"陕西行台御史大","7","7","14"
"西行台御史大夫","7","7","14"
"江南行台御史大","8","6","14"
"南行台御史大夫","8","6","14"
"荆湖北道宣慰使","7","7","14"
"北道肃政廉访使","7","7","14"
"加开府仪同三司","8","6","14"
"年判处死刑的罪","0","14","14"
"御史台大臣上奏","0","14","14"
"史台大臣上奏说","0","14","14"
"星干犯鬼宿天区","0","14","14"
"中书省官员上言","0","14","14"
"等处行中书省平","6","7","13"
"处行中书省平章","6","7","13"
"翰林国史院编修","7","6","13"
"林国史院编修官","7","6","13"
"总管府达鲁花赤","7","6","13"
"星干犯斗宿天区","0","13","13"
"河南行省左丞相","5","7","12"
"湖广行省平章政","6","6","12"
"广行省平章政事","6","6","12"
"道宣慰使都元帅","6","6","12"
"南行台治书侍御","6","6","12"
"淮南行省平章政","6","6","12"
"诸侯王只必帖木","0","12","12"
"侯王只必帖木儿","0","12","12"
"派遣使臣代表皇","0","12","12"
"江西行省参知政","5","6","11"
"西道提刑按察司","6","5","11"
"河南行省参知政","6","5","11"
"犯太微西垣上将","9","2","11"
"的车驾临幸上都","0","11","11"
"遣使臣代表皇帝","0","11","11"
"使臣代表皇帝祭","0","11","11"
"臣代表皇帝祭祀","0","11","11"
"代表皇帝祭祀五","0","11","11"
"星干犯亢宿天区","0","11","11"
"翊侍卫亲军都指","5","5","10"
"湖广行省参知政","6","4","10"
"广行省参知政事","6","4","10"
"北行省平章政事","4","6","10"
"北等处行中书省","5","5","10"
"尚书省平章政事","4","6","10"
"西道提刑按察使","5","5","10"
"东西道提刑按察","5","5","10"
"平章政事赛典赤","4","6","10"
"丽国王王禃遣使","10","0","10"
"翰林学士承旨撒","4","6","10"
"御史大夫玉速帖","4","6","10"
"史大夫玉速帖木","4","6","10"
"江南行台治书侍","5","5","10"
"为开府仪同三司","0","10","10"
"王王礻直派遣使","0","10","10"
"王礻直派遣使臣","0","10","10"
"执掌中书省事务","0","10","10"
"安南国王陈光日","0","10","10"
"南国王陈光日丙","0","10","10"
"在太庙举行祭祀","0","10","10"
"星干犯轩辕星座","0","10","10"
"太阴星干犯房宿","0","10","10"
"来进贡地方特产","0","10","10"
"处死刑的罪犯共","0","10","10"
"尚书省大臣上奏","0","10","10"
"行中书省左丞相","4","5","9"
"四川行省参知政","4","5","9"
"川行省参知政事","4","5","9"
"四川行省平章政","6","3","9"
"川行省平章政事","6","3","9"
"知制诰同修国史","5","4","9"
"宣慰司都元帅府","5","4","9"
"东道肃政廉访使","4","5","9"
"江南行台御史中","4","5","9"
"南行台御史中丞","4","5","9"
"陕西五路西蜀四","6","3","9"
"西五路西蜀四川","6","3","9"
"前中书平章政事","5","4","9"
"道肃政廉访司事","6","3","9"
"西行台监察御史","5","4","9"
"为中书参知政事","0","9","9"
"皇上的车驾从上","0","9","9"
"上的车驾从上都","0","9","9"
"太阴星干犯轩辕","0","9","9"
"阴星干犯房宿天","0","9","9"
"掌管中书省事务","0","9","9"
"星干犯垒壁阵星","0","9","9"
"免征今年的田租","0","9","9"
"太阴星干犯鬼宿","0","9","9"
"阴星干犯鬼宿天","0","9","9"
"赈济粮食两个月","0","9","9"
"赈济粮食一个月","0","9","9"
"书省官员上言说","0","9","9"
"河南等路宣慰使","4","4","8"
"南河北道提刑按","4","4","8"
"河北道提刑按察","4","4","8"
"辽阳行省平章政","4","4","8"
"阳行省平章政事","4","4","8"
"忠翊侍卫亲军都","4","4","8"
"湘宁王八剌失里","4","4","8"
"岭北行省平章政","4","4","8"
"江西等处行中书","5","3","8"
"西等处行中书省","5","3","8"
"河南江北等处行","4","4","8"
"南江北等处行中","4","4","8"
"江北等处行中书","4","4","8"
"行尚书省平章政","4","4","8"
"北道提刑按察副","4","4","8"
"陕西汉中道提刑","4","4","8"
"西汉中道提刑按","4","4","8"
"汉中道提刑按察","4","4","8"
"户部尚书王巨济","4","4","8"
"中书令耶律楚材","4","4","8"
"圣德神功文武皇","4","4","8"
"德神功文武皇帝","4","4","8"
"安南国王陈光昞","8","0","8"
"东道提刑按察使","4","4","8"
"淮西宣慰使昂吉","4","4","8"
"陕西汉中道肃政","4","4","8"
"西汉中道肃政廉","4","4","8"
"汉中道肃政廉访","4","4","8"
"阶金紫光禄大夫","4","4","8"
"东道宣慰使都元","4","4","8"
"陕西行台监察御","4","4","8"
"为江浙行省平章","0","8","8"
"派遣使臣奉上表","0","8","8"
"遣使臣奉上表章","0","8","8"
"派遣使臣前来进","0","8","8"
"遣使臣前来进贡","0","8","8"
"给诸侯王阿只吉","0","8","8"
"阴星干犯轩辕星","0","8","8"
"处置中书省事务","0","8","8"
"皇帝的车驾临幸","0","8","8"
"星干犯右执法星","0","8","8"
"星干犯太微西垣","0","8","8"
"表皇帝祭祀五岳","0","8","8"
"高丽国王王忄甚","0","8","8"
"按察司的治所迁","0","8","8"
"丽国王王贝春派","0","8","8"
"国王王贝春派遣","0","8","8"
"星干犯氐宿天区","0","8","8"
"为金紫光禄大夫","0","8","8"
"知枢密院事铁木","4","3","7"
"钦察亲军都指挥","4","3","7"
"察亲军都指挥使","4","3","7"
"升参议中书省事","4","3","7"
"河南等路行中书","4","3","7"
"南等路行中书省","4","3","7"
"命翰林学士承旨","1","6","7"
"尚书省参知政事","2","5","7"
"监察御史观音保","3","4","7"
"遣翰林学士承旨","4","3","7"
"翰林学士承旨阿","4","3","7"
"路总管府达鲁花","3","4","7"
"河南道提刑按察","3","4","7"
"为中书省参知政","0","7","7"
"连降大雨伤害庄","0","7","7"
"降大雨伤害庄稼","0","7","7"
"为昭文馆大学士","0","7","7"
"钱钞一万五千贯","0","7","7"
"为江浙行省左丞","0","7","7"
"知制诰兼修国史","0","7","7"
"便宜行事都总帅","0","7","7"
"赐给诸侯王阿只","0","7","7"
"太阴星干犯斗宿","0","7","7"
"阴星干犯斗宿天","0","7","7"
"派遣使臣来进贡","0","7","7"
"荧惑星干犯太微","0","7","7"
"行中书省上奏说","0","7","7"
"太阴星干犯氐宿","0","7","7"
"阴星干犯氐宿天","0","7","7"
"提刑按察司副使","3","3","6"
"南行中书省左丞","3","3","6"
"安南国王陈益稷","3","3","6"
"平章政事麦术丁","3","3","6"
"陕西行省平章政","2","4","6"
"知枢密院事火沙","3","3","6"
"云南行省左丞相","3","3","6"
"太子爱猷识理达","3","3","6"
"子爱猷识理达腊","3","3","6"
"仪天兴圣慈仁昭","3","3","6"
"天兴圣慈仁昭懿","3","3","6"
"兴圣慈仁昭懿寿","3","3","6"
"圣慈仁昭懿寿元","3","3","6"
"左卫亲军都指挥","3","3","6"
"中书右司员外郎","3","3","6"
"江西行省左丞相","3","3","6"
"山北辽东道提刑","3","3","6"
"北辽东道提刑按","3","3","6"
"辽东道提刑按察","3","3","6"
"燕南河北道肃政","3","3","6"
"南河北道肃政廉","3","3","6"
"河北道肃政廉访","3","3","6"
"道肃政廉访副使","3","3","6"
"西行省左右司郎","3","3","6"
"赠翰林学士承旨","3","3","6"
"湖北道提刑按察","3","3","6"
"湖北道肃政廉访","3","3","6"
"山南江北道肃政","3","3","6"
"南江北道肃政廉","3","3","6"
"江北道肃政廉访","3","3","6"
"江南诸道行御史","3","3","6"
"湖广行省左右司","3","3","6"
"广行省左右司郎","3","3","6"
"等处行中书省左","3","3","6"
"处行中书省左丞","3","3","6"
"两浙都转运盐使","3","3","6"
"河北西路兵马都","3","3","6"
"北西路兵马都元","3","3","6"
"西路兵马都元帅","3","3","6"
"巩昌路总帅汪惟","2","4","6"
"昌路总帅汪惟正","2","4","6"
"丽国王王禃遣臣","6","0","6"
"荧惑犯太微西垣","6","0","6"
"惑犯太微西垣上","6","0","6"
"忽都鲁揭里迷失","3","3","6"
"副都元帅张德润","3","3","6"
"淮东制置使李庭","3","3","6"
"东制置使李庭芝","3","3","6"
"宋扬州都统姜才","4","2","6"
"北道提刑按察司","3","3","6"
"贞懿顺圣昭天睿","3","3","6"
"懿顺圣昭天睿文","3","3","6"
"顺圣昭天睿文光","3","3","6"
"圣昭天睿文光应","3","3","6"
"昭天睿文光应皇","3","3","6"
"天睿文光应皇后","3","3","6"
"高丽国王王睶遣","6","0","6"
"佥议中赞金方庆","2","4","6"
"行省平章政事阿","3","3","6"
"林学士承旨撒里","2","4","6"
"学士承旨撒里蛮","2","4","6"
"治书侍御史陈天","3","3","6"
"书侍御史陈天祥","3","3","6"
"浙东道宣慰副使","3","3","6"
"西行枢密院副使","3","3","6"
"山东东西道提刑","3","3","6"
"东东西道提刑按","3","3","6"
"幸大圣寿万安寺","3","3","6"
"行省平章政事伯","2","4","6"
"省平章政事伯颜","2","4","6"
"中书平章政事塔","3","3","6"
"翰林学士承旨斡","3","3","6"
"中书平章政事哈","3","3","6"
"书平章政事哈八","3","3","6"
"御史大夫先帖木","6","0","6"
"湖广行省左丞相","3","3","6"
"大都路达鲁花赤","3","3","6"
"同知太常礼仪院","3","3","6"
"知太常礼仪院事","3","3","6"
"加金紫光禄大夫","4","2","6"
"浙西肃政廉访使","3","3","6"
"浙东道宣慰使都","3","3","6"
"江浙行省左右司","3","3","6"
"河北河南道提刑","3","3","6"
"北河南道提刑按","3","3","6"
"四川道提刑按察","3","3","6"
"御史大夫玉昔帖","3","3","6"
"史大夫玉昔帖木","3","3","6"
"行御史台侍御史","3","3","6"
"陕西行台治书侍","3","3","6"
"西行台治书侍御","3","3","6"
"江西行省左右司","3","3","6"
"任命知枢密院事","0","6","6"
"任翰林学士承旨","0","6","6"
"太白金星白昼出","0","6","6"
"白金星白昼出现","0","6","6"
"二千五百两白银","0","6","6"
"陈光日丙派遣使","0","6","6"
"光日丙派遣使臣","0","6","6"
"的车驾从上都来","0","6","6"
"车驾从上都来到","0","6","6"
"太庙举行祭祀大","0","6","6"
"庙举行祭祀大典","0","6","6"
"皇上的车驾临幸","0","6","6"
"帝的车驾临幸上","0","6","6"
"太白金星干犯轩","0","6","6"
"白金星干犯轩辕","0","6","6"
"免除今年的田租","0","6","6"
"不同数额的银两","0","6","6"
"从上都抵达京师","0","6","6"
"学士兼国子祭酒","0","6","6"
"皇帝在京师的近","0","6","6"
"帝在京师的近郊","0","6","6"
"大夫玉速帖木儿","0","6","6"
"察司的治所迁到","0","6","6"
"星干犯左执法星","0","6","6"
"任江浙行省左丞","0","6","6"
"隶属于湖广行省","0","6","6"
"太阴星干犯亢宿","0","6","6"
"阴星干犯亢宿天","0","6","6"
"齐王月鲁帖木儿","0","6","6"
"御史大夫也先帖","0","6","6"
"史大夫也先帖木","0","6","6"
"大夫也先帖木儿","0","6","6"
"杖责一百零七板","0","6","6"
"燕铁木儿奏请将","0","6","6"
"江西榷茶转运使","2","3","5"
"行省平章政事赵","3","2","5"
"省平章政事赵世","3","2","5"
"进开府仪同三司","4","1","5"
"授开府仪同三司","3","2","5"
"皇太子爱猷识理","3","2","5"
"右卫阿速亲军都","3","2","5"
"卫阿速亲军都指","3","2","5"
"阿速亲军都指挥","3","2","5"
"速亲军都指挥使","3","2","5"
"佥河南廉访司事","3","2","5"
"赠金紫光禄大夫","2","3","5"
"西道肃政廉访使","3","2","5"
"南诸道行御史台","3","2","5"
"授翰林学士承旨","3","2","5"
"等处行中书省参","3","2","5"
"处行中书省参知","3","2","5"
"遣礼部尚书柴椿","3","2","5"
"太师国王木华黎","3","2","5"
"等处行尚书省事","4","1","5"
"中书左丞张文谦","3","2","5"
"大名等路宣抚使","2","3","5"
"平章政事王文统","2","3","5"
"顺德等路宣慰使","3","2","5"
"南国王陈光昞遣","5","0","5"
"国王陈光昞遣使","5","0","5"
"陕西五路四川行","3","2","5"
"中书右丞相伯颜","2","3","5"
"天下户一百九十","5","0","5"
"等处行中书省事","3","2","5"
"宋淮西制置使夏","3","2","5"
"州安抚使田景贤","2","3","5"
"播州安抚使杨邦","2","3","5"
"州安抚使杨邦宪","2","3","5"
"钞一万二千五百","2","3","5"
"御史中丞崔彧言","5","0","5"
"立征东行中书省","2","3","5"
"江淮行省忙兀带","3","2","5"
"犯太微东垣上相","3","2","5"
"御史台监察御史","2","3","5"
"平章政事赵世延","3","2","5"
"犯太微垣右执法","2","3","5"
"书平章政事塔失","3","2","5"
"林学士承旨阿邻","3","2","5"
"学士承旨阿邻帖","3","2","5"
"士承旨阿邻帖木","3","2","5"
"立安西王阿难答","2","3","5"
"授金紫光禄大夫","4","1","5"
"同佥行枢密院事","3","2","5"
"进金紫光禄大夫","4","1","5"
"建康道肃政廉访","2","3","5"
"哈剌哈孙答剌罕","2","3","5"
"淮东道肃政廉访","2","3","5"
"太后为太皇太后","0","5","5"
"为河南行省左丞","0","5","5"
"任江浙行省平章","0","5","5"
"拜翰林学士承旨","0","5","5"
"任河南行省平章","0","5","5"
"兼国史院编修官","0","5","5"
"桩大有功于你的","0","5","5"
"大有功于你的事","0","5","5"
"赐给高丽国王王","0","5","5"
"给高丽国王王礻","0","5","5"
"按照每年的常例","0","5","5"
"星干犯昴宿天区","0","5","5"
"上的车驾临幸上","0","5","5"
"太阴星干犯心宿","0","5","5"
"皇上的寿诞佳节","0","5","5"
"国王陈光日丙派","0","5","5"
"王陈光日丙派遣","0","5","5"
"遣使臣来进贡地","0","5","5"
"使臣来进贡地方","0","5","5"
"臣来进贡地方特","0","5","5"
"皇帝的车驾返回","0","5","5"
"全国共有一百九","0","5","5"
"国共有一百九十","0","5","5"
"车驾从上都抵达","0","5","5"
"任中书省平章政","0","5","5"
"向太庙敬献祭品","0","5","5"
"前来进贡地方特","0","5","5"
"丽国王王忄甚派","0","5","5"
"驾从上都抵达京","0","5","5"
"请求颁发诏书招","0","5","5"
"求颁发诏书招降","0","5","5"
"太白金星干犯斗","0","5","5"
"白金星干犯斗宿","0","5","5"
"金星干犯斗宿天","0","5","5"
"各道提刑按察司","0","5","5"
"王王贝春派遣他","0","5","5"
"王贝春派遣他的","0","5","5"
"来进贡当地特产","0","5","5"
"建造征伐日本的","0","5","5"
"太阴星干犯牛宿","0","5","5"
"中书省和御史台","0","5","5"
"太阴星凌犯斗宿","0","5","5"
"为集贤侍讲学士","0","5","5"
"锁咬儿哈的迷失","0","5","5"
"右丞相铁木迭儿","0","5","5"
"御史台官员上言","0","5","5"
"为河南行省平章","0","5","5"
"为江南行台御史","0","5","5"
"为参议中书省事","0","5","5"
"哈剌亦哈赤北鲁","0","5","5"
"为翰林侍讲学士","0","5","5"
"以翰林学士承旨","0","5","5"
"拜中书参知政事","0","5","5"
"为江浙行省参知","0","5","5"
"为同知枢密院事","0","5","5"
"为江南行台监察","0","5","5"
"佥枢密院事燕铁","2","2","4"
"枢密院事燕铁木","2","2","4"
"达鲁花赤七十二","2","2","4"
"鲁花赤七十二人","2","2","4"
"邢州节度使武贵","2","2","4"
"京兆等路宣抚使","2","2","4"
"淮东左副都元帅","2","2","4"
"南等路宣慰使合","2","2","4"
"等路宣慰使合剌","2","2","4"
"路宣慰使合剌合","2","2","4"
"宣慰使合剌合孙","2","2","4"
"河南河北道提刑","2","2","4"
"等路都转运盐使","2","2","4"
"路都转运盐使司","2","2","4"
"礼部尚书谢昌元","2","2","4"
"临安广西道宣抚","2","2","4"
"湖广等处行中书","2","2","4"
"广等处行中书省","2","2","4"
"湖南道宣慰副使","2","2","4"
"海北海南道肃政","2","2","4"
"北海南道肃政廉","2","2","4"
"海南道肃政廉访","2","2","4"
"平章政事赤斤铁","2","2","4"
"章政事赤斤铁木","2","2","4"
"钞二百五十万贯","2","2","4"
"同知行枢密院事","2","2","4"
"遣武宁王彻彻秃","2","2","4"
"行省参知政事张","2","2","4"
"高昌王铁木补化","4","0","4"
"赐西安王阿剌忒","4","0","4"
"同知枢密院事脱","2","2","4"
"知枢密院事脱脱","2","2","4"
"枢密院事脱脱木","2","2","4"
"省平章政事秃坚","2","2","4"
"召云南行省左丞","2","2","4"
"河南行省左丞姚","2","2","4"
"南行省左丞姚炜","2","2","4"
"部尚书八剌哈赤","2","2","4"
"右丞相塔失铁木","2","2","4"
"中书平章政事秃","2","2","4"
"曰仪天兴圣慈仁","3","1","4"
"慈仁昭懿寿元全","2","2","4"
"仁昭懿寿元全德","2","2","4"
"昭懿寿元全德泰","2","2","4"
"懿寿元全德泰宁","2","2","4"
"寿元全德泰宁福","2","2","4"
"元全德泰宁福庆","2","2","4"
"忠宣力佐命功臣","2","2","4"
"等处行中书省右","3","1","4"
"处行中书省右丞","3","1","4"
"荆湖占城等处行","2","2","4"
"湖占城等处行中","2","2","4"
"占城等处行中书","2","2","4"
"行中书省理问官","2","2","4"
"滁州万户府达鲁","2","2","4"
"州万户府达鲁花","2","2","4"
"军万户府达鲁花","2","2","4"
"路宣慰使都元帅","2","2","4"
"赠推忠佐理功臣","2","2","4"
"江南诸道行台御","2","2","4"
"南诸道行台御史","2","2","4"
"诸道行台御史大","2","2","4"
"道行台御史大夫","2","2","4"
"等处行枢密院副","2","2","4"
"处行枢密院副使","2","2","4"
"忠宣力定远功臣","2","2","4"
"翊亲军都指挥使","2","2","4"
"黄金二百五十两","1","3","4"
"忠翊侍卫都指挥","2","2","4"
"翊侍卫都指挥使","2","2","4"
"指挥使司达鲁花","2","2","4"
"挥使司达鲁花赤","2","2","4"
"宣抚司达鲁花赤","2","2","4"
"辽东道肃政廉访","2","2","4"
"北京等路征行万","2","2","4"
"京等路征行万户","2","2","4"
"东道提刑按察司","2","2","4"
"道提刑按察司副","2","2","4"
"北道肃政廉访副","2","2","4"
"西夏中兴道按察","2","2","4"
"授龙虎卫上将军","3","1","4"
"蒙古汉军都元帅","2","2","4"
"道巡行劝农副使","2","2","4"
"河东山西道提刑","2","2","4"
"东山西道提刑按","2","2","4"
"山西道提刑按察","2","2","4"
"南湖北道提刑按","2","2","4"
"浙西道提刑按察","2","2","4"
"中道提刑按察司","2","2","4"
"江南湖北道肃政","2","2","4"
"南湖北道肃政廉","2","2","4"
"行御史台治书侍","2","2","4"
"御史台治书侍御","2","2","4"
"史台治书侍御史","2","2","4"
"东肃政廉访副使","2","2","4"
"浙都转运盐使司","2","2","4"
"迁翰林侍讲学士","3","1","4"
"佥淮东廉访司事","3","1","4"
"宣文阁监书博士","2","2","4"
"山东西道提刑按","2","2","4"
"道提刑按察使何","2","2","4"
"提刑按察使何荣","2","2","4"
"刑按察使何荣祖","2","2","4"
"遣明威将军都统","2","2","4"
"海道运粮万户张","2","2","4"
"道运粮万户张文","2","2","4"
"运粮万户张文虎","2","2","4"
"文劳邛大巴南等","2","2","4"
"法天启运圣武皇","2","2","4"
"天启运圣武皇帝","2","2","4"
"副元帅蒲察七斤","2","2","4"
"行大名等路宣抚","2","2","4"
"右丞相史天泽监","2","2","4"
"丞相史天泽监修","2","2","4"
"相史天泽监修国","2","2","4"
"军都指挥使李伯","2","2","4"
"武卫亲军都指挥","2","2","4"
"江汉大都督史权","2","2","4"
"行省大都督撒吉","2","2","4"
"省大都督撒吉思","2","2","4"
"礼部尚书马月合","2","2","4"
"太阴犯轩辕御女","4","0","4"
"高丽国王王禃朝","4","0","4"
"中书左丞相耶律","2","2","4"
"书左丞相耶律铸","2","2","4"
"行省平章赛典赤","3","1","4"
"山东统军副使王","2","2","4"
"东统军副使王仲","2","2","4"
"统军副使王仲仁","2","2","4"
"大名路达鲁花赤","3","1","4"
"淄莱路总管府判","2","2","4"
"莱路总管府判官","2","2","4"
"路总管府判官徐","2","2","4"
"总管府判官徐世","2","2","4"
"管府判官徐世雄","2","2","4"
"中书右丞相安童","2","2","4"
"知枢密院事伯颜","3","1","4"
"军民总管洪茶丘","2","2","4"
"遣使代祀岳渎后","4","0","4"
"使代祀岳渎后土","4","0","4"
"皇女忽都鲁揭里","2","2","4"
"女忽都鲁揭里迷","2","2","4"
"都鲁揭里迷失下","2","2","4"
"鲁揭里迷失下嫁","2","2","4"
"万五千四百一十","2","2","4"
"东川副都元帅张","2","2","4"
"川副都元帅张德","2","2","4"
"遣兵部尚书廉希","2","2","4"
"兵部尚书廉希贤","2","2","4"
"遣礼部侍郎杜世","2","2","4"
"礼部侍郎杜世忠","2","2","4"
"江阴军佥判李世","2","2","4"
"阴军佥判李世修","2","2","4"
"五郡镇抚使吕文","2","2","4"
"郡镇抚使吕文福","2","2","4"
"天师张宗演赴阙","4","0","4"
"嘉定安抚使昝万","1","3","4"
"定安抚使昝万寿","1","3","4"
"两浙大都督范文","2","2","4"
"浙大都督范文虎","2","2","4"
"平江都统刘师勇","2","2","4"
"燕南河北道提刑","2","2","4"
"四川行枢密院事","2","2","4"
"宪天述道仁文义","2","2","4"
"天述道仁文义武","2","2","4"
"述道仁文义武大","2","2","4"
"道仁文义武大光","2","2","4"
"仁文义武大光孝","2","2","4"
"文义武大光孝皇","2","2","4"
"义武大光孝皇帝","2","2","4"
"行中书省右丞相","2","2","4"
"中书省右丞相伯","2","2","4"
"书省右丞相伯颜","2","2","4"
"中书省左右司郎","2","2","4"
"书省左右司郎中","2","2","4"
"嗣汉天师张宗演","3","1","4"
"命平章军国重事","2","2","4"
"东西川行枢密院","3","1","4"
"思州安抚使田景","2","2","4"
"行江东道宣慰使","4","0","4"
"江东道宣慰使阿","2","2","4"
"东道宣慰使阿剌","2","2","4"
"道宣慰使阿剌罕","2","2","4"
"江东道宣慰使吕","1","3","4"
"东道宣慰使吕文","1","3","4"
"道宣慰使吕文焕","1","3","4"
"西川行枢密院招","2","2","4"
"同知大都路总管","3","1","4"
"知大都路总管府","3","1","4"
"大都路总管府事","3","1","4"
"中书左丞董文炳","2","2","4"
"合州安抚使王立","2","2","4"
"钞三万九千九百","2","2","4"
"饶州路达鲁花赤","3","1","4"
"蒙古侍卫亲军都","2","2","4"
"古侍卫亲军都指","2","2","4"
"省平章政事阿里","2","2","4"
"二万一千五百锭","2","2","4"
"书省平章政事忽","2","2","4"
"西道宣慰司同知","2","2","4"
"江淮行省参知政","2","2","4"
"淮行省参知政事","2","2","4"
"行省参知政事樊","2","2","4"
"征东行中书省左","2","2","4"
"东行中书省左丞","2","2","4"
"日烜遣中大夫陈","4","0","4"
"荆湖占城行省平","2","2","4"
"监察御史陈天祥","2","2","4"
"御史中丞阿剌帖","2","2","4"
"史中丞阿剌帖木","2","2","4"
"侍御史白秃剌帖","2","2","4"
"御史白秃剌帖木","2","2","4"
"大学士阿鲁浑撒","2","2","4"
"学士阿鲁浑撒里","2","2","4"
"右丞阿剌浑撒里","2","2","4"
"诸路金玉人匠总","2","2","4"
"路金玉人匠总管","2","2","4"
"金玉人匠总管府","2","2","4"
"江西行枢密院副","2","2","4"
"浙西宣慰使史弼","2","2","4"
"巩昌便宜都总帅","3","1","4"
"万二千八百五十","2","2","4"
"部尚书王巨济专","2","2","4"
"万七千五百二十","2","2","4"
"千五百二十三石","2","2","4"
"八番罗甸宣慰使","2","2","4"
"江西榷茶都转运","2","2","4"
"万九千三百二十","2","2","4"
"等处宣慰使都元","2","2","4"
"处宣慰使都元帅","2","2","4"
"礼部尚书张立道","2","2","4"
"河南江北行省平","2","2","4"
"南江北行省平章","2","2","4"
"平章政事范文虎","2","2","4"
"翰林学士承旨留","2","2","4"
"林学士承旨留梦","2","2","4"
"学士承旨留梦炎","2","2","4"
"兵部郎中萧泰登","2","2","4"
"广西两江道宣慰","2","2","4"
"浙西廉访司佥事","1","3","4"
"中书平章政事李","2","2","4"
"书平章政事李孟","2","2","4"
"阔彻伯知枢密院","2","2","4"
"彻伯知枢密院事","2","2","4"
"太玄辅化体仁应","2","2","4"
"玄辅化体仁应道","2","2","4"
"辅化体仁应道大","2","2","4"
"化体仁应道大真","2","2","4"
"体仁应道大真人","2","2","4"
"平章政事塔失海","2","2","4"
"犯太微垣左执法","2","2","4"
"太祖四大斡耳朵","2","2","4"
"平章政事兀伯都","2","2","4"
"章政事兀伯都剌","2","2","4"
"御史中丞董守庸","2","2","4"
"故监察御史观音","2","2","4"
"平章政事秃满迭","2","2","4"
"遥授沿边溪洞军","2","2","4"
"授沿边溪洞军民","2","2","4"
"沿边溪洞军民安","2","2","4"
"边溪洞军民安抚","2","2","4"
"溪洞军民安抚使","2","2","4"
"帖木知枢密院事","4","0","4"
"湖广行省左丞乞","2","2","4"
"广行省左丞乞住","2","2","4"
"中书左丞跃里帖","2","2","4"
"书左丞跃里帖木","2","2","4"
"前翰林学士承旨","4","0","4"
"太府太监沙剌班","2","2","4"
"中书平章政事伯","2","2","4"
"林学士承旨斡耳","2","2","4"
"学士承旨斡耳朵","2","2","4"
"隆镇卫指挥使斡","2","2","4"
"镇卫指挥使斡都","2","2","4"
"卫指挥使斡都蛮","2","2","4"
"上都诸王忽剌台","3","1","4"
"廉访副使万家闾","2","2","4"
"建大承天护圣寺","3","1","4"
"江淮财赋都总管","2","2","4"
"淮财赋都总管府","2","2","4"
"句容郡王答邻答","2","2","4"
"容郡王答邻答里","2","2","4"
"山东河北蒙古军","2","2","4"
"东河北蒙古军大","2","2","4"
"河北蒙古军大都","2","2","4"
"北蒙古军大都督","2","2","4"
"蒙古军大都督府","2","2","4"
"豫王阿剌忒纳失","2","2","4"
"征行兵马都元帅","2","2","4"
"州路总管府达鲁","2","2","4"
"云南行中书省左","2","2","4"
"陕西行台御史中","2","2","4"
"西行台御史中丞","2","2","4"
"战舰二千五百艘","2","2","4"
"等处行尚书省右","2","2","4"
"处行尚书省右丞","2","2","4"
"四川行省左右司","2","2","4"
"行省左右司员外","2","2","4"
"省左右司员外郎","2","2","4"
"命同知枢密院事","1","3","4"
"道肃政廉访司佥","1","3","4"
"肃政廉访司佥事","1","3","4"
"江东建康道肃政","2","2","4"
"东建康道肃政廉","2","2","4"
"虎贲亲军都指挥","2","2","4"
"贲亲军都指挥使","2","2","4"
"升同知枢密院事","2","2","4"
"辽阳行省左丞相","2","2","4"
"奎章阁侍书学士","2","2","4"
"知枢密院事老章","2","2","4"
"丞相达识帖睦迩","2","2","4"
"进阶金紫光禄大","2","2","4"
"迁同知枢密院事","3","1","4"
"北道肃政廉访司","2","2","4"
"汉军兵马都元帅","2","2","4"
"七路兵马都元帅","2","2","4"
"翰林学士承旨王","2","2","4"
"云南行省参知政","2","2","4"
"四川北道宣慰使","2","2","4"
"宋礼部侍郎邓光","2","2","4"
"礼部侍郎邓光荐","2","2","4"
"佥河北河南道提","2","2","4"
"南道提刑按察司","2","2","4"
"江淮行中书省参","2","2","4"
"淮行中书省参知","2","2","4"
"佥书沿江行枢密","2","2","4"
"书沿江行枢密院","2","2","4"
"平章政事阿里海","2","2","4"
"章政事阿里海牙","2","2","4"
"中道肃政廉访使","2","2","4"
"西道提刑按察副","2","2","4"
"甘肃行省参知政","2","2","4"
"肃行省参知政事","2","2","4"
"川道提刑按察司","2","2","4"
"闽海道肃政廉访","2","2","4"
"海道肃政廉访使","2","2","4"
"南道肃政廉访使","2","2","4"
"江浙行中书省参","2","2","4"
"浙行中书省参知","2","2","4"
"治书侍御史锁南","3","1","4"
"大都路儒学教授","2","2","4"
"河南行省左右司","2","2","4"
"南行省左右司郎","2","2","4"
"陕西行省参知政","2","2","4"
"御史大夫秃忒哈","2","2","4"
"中书左司员外郎","2","2","4"
"擢江南行台监察","4","0","4"
"行省左右司都事","2","2","4"
"州路总管府推官","2","2","4"
"元统元年进士第","3","1","4"
"知集贤院道教事","2","2","4"
"云南行省平章政","1","3","4"
"枢密院副使宋君","2","2","4"
"密院副使宋君斐","2","2","4"
"借礼部侍郎金赞","2","2","4"
"礼部侍郎金赞等","2","2","4"
"秘书监赵良弼充","2","2","4"
"在京师近郊行猎","0","4","4"
"运司改为都转运","0","4","4"
"宣抚司改为宣慰","0","4","4"
"抚司改为宣慰司","0","4","4"
"晋王也孙铁木儿","0","4","4"
"高昌王铁木儿补","0","4","4"
"昌王铁木儿补化","0","4","4"
"威顺王宽彻不花","0","4","4"
"枢密院事铁木儿","0","4","4"
"木儿知枢密院事","0","4","4"
"任江浙行省右丞","0","4","4"
"任中书平章政事","0","4","4"
"之后又重新叛变","0","4","4"
"天倪为河北西路","0","4","4"
"派遣他的世子王","0","4","4"
"赐给诸侯王塔察","0","4","4"
"太阴星干犯昴宿","0","4","4"
"使臣奉上表章前","0","4","4"
"臣奉上表章前来","0","4","4"
"礻直派遣使臣前","0","4","4"
"直派遣使臣前来","0","4","4"
"诸侯王阿只吉部","0","4","4"
"照每年的常例赐","0","4","4"
"每年的常例赐给","0","4","4"
"丽国王王礻直前","0","4","4"
"国王王礻直前来","0","4","4"
"年的历书赐给高","0","4","4"
"的历书赐给高丽","0","4","4"
"贺皇上的寿诞佳","0","4","4"
"金星干犯轩辕座","0","4","4"
"星干犯轩辕座大","0","4","4"
"干犯轩辕座大星","0","4","4"
"皇帝的寿诞佳节","0","4","4"
"太阴星干犯天关","0","4","4"
"阴星干犯天关星","0","4","4"
"发生旱灾和蝗灾","0","4","4"
"阴星干犯心宿天","0","4","4"
"星干犯心宿天区","0","4","4"
"金星干犯右执法","0","4","4"
"惑星干犯太微西","0","4","4"
"高丽国王的世子","0","4","4"
"丽国王的世子王","0","4","4"
"国王的世子王忄","0","4","4"
"王的世子王忄甚","0","4","4"
"的车驾从上都抵","0","4","4"
"驾从上都来到京","0","4","4"
"从上都来到京师","0","4","4"
"任命翰林学士承","0","4","4"
"四渎和土地大神","0","4","4"
"国王王忄甚派遣","0","4","4"
"木星干犯垒壁阵","0","4","4"
"带着诏书前去招","0","4","4"
"着诏书前去招降","0","4","4"
"廉洁而有才能的","0","4","4"
"皇帝的车驾从上","0","4","4"
"帝的车驾从上都","0","4","4"
"向太庙奉献祭品","0","4","4"
"大学士兼国子祭","0","4","4"
"西宣慰使昂吉儿","0","4","4"
"道提刑按察司的","0","4","4"
"司的治所迁移到","0","4","4"
"中书省大臣请求","0","4","4"
"千名新附军士兵","0","4","4"
"在京师的近郊狩","0","4","4"
"京师的近郊狩猎","0","4","4"
"前来进贡当地特","0","4","4"
"征伐日本的军队","0","4","4"
"木星干犯房宿天","0","4","4"
"隶属于云南行省","0","4","4"
"担任中书省平章","0","4","4"
"国派遣使臣进贡","0","4","4"
"依从桑哥的请求","0","4","4"
"太阴星干犯木星","0","4","4"
"阴星干犯牛宿天","0","4","4"
"星干犯牛宿天区","0","4","4"
"为昭睿顺圣皇后","0","4","4"
"太阴星干犯平道","0","4","4"
"阴星干犯平道星","0","4","4"
"太阴星凌犯心宿","0","4","4"
"知枢密院事之职","0","4","4"
"派遣使者代为祭","0","4","4"
"遣使者代为祭祀","0","4","4"
"元帅不花帖木儿","0","4","4"
"减轻人民的负担","0","4","4"
"翰林国史院官员","0","4","4"
"史台官员上言说","0","4","4"
"人民掀起反元斗","0","4","4"
"民掀起反元斗争","0","4","4"
"以减轻人民负担","0","4","4"
"升为江南行台监","0","4","4"
"金邢州节度使武","2","1","3"
"耶律铸中书左丞","3","0","3"
"律铸中书左丞相","3","0","3"
"榷茶都转运使司","1","2","3"
"江南财赋总管府","2","1","3"
"造帝师八合思八","2","1","3"
"奥鲁赤平章政事","3","0","3"
"钦察卫亲军都指","1","2","3"
"察卫亲军都指挥","1","2","3"
"国史院编修官陈","2","1","3"
"史院编修官陈孚","2","1","3"
"南道肃政廉访司","2","1","3"
"中书左丞相秃忽","2","1","3"
"书左丞相秃忽鲁","2","1","3"
"行省参知政事马","2","1","3"
"行省平章政事秃","1","2","3"
"钦察台知枢密院","2","1","3"
"察台知枢密院事","2","1","3"
"燕铁木奉皇帝宝","3","0","3"
"命知枢密院事秃","2","1","3"
"知枢密院事秃哈","3","0","3"
"枢密院事秃哈帖","3","0","3"
"密院事秃哈帖木","3","0","3"
"云南威楚路土官","2","1","3"
"生皇太子爱猷识","2","1","3"
"百官奉玉册玉宝","2","1","3"
"尊号曰仪天兴圣","2","1","3"
"号曰仪天兴圣慈","2","1","3"
"迁四川行省参知","2","1","3"
"都指挥使司达鲁","2","1","3"
"入中书平章政事","3","0","3"
"金经略使乞住降","2","1","3"
"翼侍卫亲军都指","1","2","3"
"浙西道肃政廉访","2","1","3"
"尚书省右司都事","1","2","3"
"赠银青荣禄大夫","2","1","3"
"西肃政廉访副使","2","1","3"
"除翰林学士承旨","3","0","3"
"改集贤侍讲学士","2","1","3"
"江浙行中书省左","2","1","3"
"浙行中书省左丞","2","1","3"
"人匠总管府达鲁","2","1","3"
"匠总管府达鲁花","2","1","3"
"行中书省行尚书","3","0","3"
"中书省行尚书省","3","0","3"
"进银青荣禄大夫","2","1","3"
"左右卫阿速亲军","2","1","3"
"武德将军统王国","3","0","3"
"德将军统王国昌","3","0","3"
"武略将军副统刘","3","0","3"
"略将军副统刘杰","3","0","3"
"视耽罗等处道路","3","0","3"
"置达鲁花赤统治","2","1","3"
"金右副元帅蒲察","2","1","3"
"右副元帅蒲察七","2","1","3"
"天倪河北西路兵","3","0","3"
"倪河北西路兵马","3","0","3"
"浚等州户三十万","3","0","3"
"实金紫光禄大夫","2","1","3"
"大名总管彭义斌","2","1","3"
"保州等处都元帅","2","1","3"
"诸王拔都征斡罗","2","1","3"
"世祖圣德神功文","2","1","3"
"祖圣德神功文武","2","1","3"
"陕西四川宣抚司","2","1","3"
"翰林学士承旨修","3","0","3"
"江淮诸翼军马经","2","1","3"
"淮诸翼军马经略","2","1","3"
"诸翼军马经略使","2","1","3"
"北京路都元帅阿","1","2","3"
"京路都元帅阿海","1","2","3"
"银八百三十三两","3","0","3"
"默翰林侍讲学士","3","0","3"
"礼部郎中高逸民","1","2","3"
"史天泽监修国史","2","1","3"
"命平章政事赵璧","2","1","3"
"滨棣路安抚使韩","1","2","3"
"棣路安抚使韩世","1","2","3"
"路安抚使韩世安","1","2","3"
"北京鹰坊等户丁","2","1","3"
"国王王禃遣使贡","3","0","3"
"真定路达鲁花赤","3","0","3"
"史天泽枢密副使","3","0","3"
"皇帝奉书日本国","2","1","3"
"帝奉书日本国王","2","1","3"
"天下户一百六十","3","0","3"
"王陈光昞遣使贡","3","0","3"
"岁星犯轩辕大星","3","0","3"
"西五路四川行省","2","1","3"
"礼部郎中孟甲持","2","1","3"
"部郎中孟甲持诏","2","1","3"
"知珍岛余粮将竭","2","1","3"
"转运司入总管府","3","0","3"
"等路行尚书省事","2","1","3"
"五路西蜀四川行","2","1","3"
"西蜀四川行尚书","2","1","3"
"蜀四川行尚书省","2","1","3"
"西京属城诸达鲁","2","1","3"
"京属城诸达鲁花","2","1","3"
"属城诸达鲁花赤","2","1","3"
"赐北平王南木合","3","0","3"
"参知政事阿里海","1","2","3"
"知政事阿里海牙","1","2","3"
"东京路运米二万","2","1","3"
"京路运米二万石","2","1","3"
"翰林学士承旨礼","3","0","3"
"林学士承旨礼霍","3","0","3"
"学士承旨礼霍孙","3","0","3"
"高丽军民总管洪","2","1","3"
"丽军民总管洪茶","2","1","3"
"凤州经略使忻都","1","2","3"
"万户史格一军先","2","1","3"
"户史格一军先渡","2","1","3"
"高丽国王王愖遣","3","0","3"
"太阴犯轩辕大星","3","0","3"
"置马湖路总管府","1","2","3"
"四川制置使赵定","1","2","3"
"川制置使赵定应","1","2","3"
"江西都元帅宋都","2","1","3"
"西都元帅宋都带","2","1","3"
"参知政事董文炳","1","2","3"
"广南西路宣抚司","2","1","3"
"西川行枢密院事","2","1","3"
"州总管府达鲁花","2","1","3"
"川行枢密院招降","1","2","3"
"行中书省左丞夏","1","2","3"
"中书省左丞夏贵","1","2","3"
"道提刑按察司治","3","0","3"
"议中赞金方庆贺","3","0","3"
"新附军千人屯田","3","0","3"
"保定路达鲁花赤","2","1","3"
"安南国世子陈日","2","1","3"
"命湖北道宣慰使","1","2","3"
"前所遣将同征缅","2","1","3"
"江淮行省平章政","1","2","3"
"淮行省平章政事","1","2","3"
"平章政事阿里伯","1","2","3"
"钞二万一千五百","2","1","3"
"右丞相瓮吉剌带","1","2","3"
"江淮行中书省平","1","2","3"
"淮行中书省平章","1","2","3"
"开元等路宣慰司","2","1","3"
"鄂州达鲁花赤赵","2","1","3"
"州达鲁花赤赵翥","2","1","3"
"陈日烜遣中大夫","3","0","3"
"中大夫阮道学等","1","2","3"
"大罗盘亚罗日加","1","2","3"
"罗盘亚罗日加翳","1","2","3"
"立市舶都转运司","2","1","3"
"广东宣慰使月迷","3","0","3"
"东宣慰使月迷失","3","0","3"
"高丽遣使贡方物","3","0","3"
"荆湖行省阿里海","2","1","3"
"湖行省阿里海牙","2","1","3"
"辽阳等处行中书","2","1","3"
"阳等处行中书省","2","1","3"
"招讨司达鲁花赤","2","1","3"
"置征交趾行尚书","2","1","3"
"征交趾行尚书省","2","1","3"
"集贤大学士阿鲁","2","1","3"
"贤大学士阿鲁浑","2","1","3"
"辽阳等处行尚书","2","1","3"
"阳等处行尚书省","2","1","3"
"丞阿剌浑撒里升","2","1","3"
"阿剌浑撒里升平","2","1","3"
"剌浑撒里升平章","2","1","3"
"浑撒里升平章政","2","1","3"
"撒里升平章政事","2","1","3"
"江西行省平章忽","2","1","3"
"西行省平章忽都","2","1","3"
"平章政事忙兀带","1","2","3"
"管内听行尚书省","3","0","3"
"内听行尚书省节","3","0","3"
"听行尚书省节制","3","0","3"
"安南国王陈日烜","3","0","3"
"南国王陈日烜遣","3","0","3"
"烜遣中大夫陈克","3","0","3"
"昌便宜都总帅府","2","1","3"
"一万二千八百五","1","2","3"
"二十六年春正月","2","1","3"
"左丞相忙兀带总","2","1","3"
"西榷茶都转运司","2","1","3"
"巩昌等二十四处","1","2","3"
"昌等二十四处便","1","2","3"
"等二十四处便宜","1","2","3"
"一万六千二百锭","1","2","3"
"上徽仁裕圣皇后","3","0","3"
"上大行皇帝尊谥","2","1","3"
"章政事范文虎监","1","2","3"
"上都留守贺伯颜","2","1","3"
"钞万二千五百贯","2","1","3"
"行省平章政事买","1","2","3"
"广东采珠提举司","1","2","3"
"江南行御史台中","2","1","3"
"南行御史台中丞","2","1","3"
"幸大护国仁王寺","2","1","3"
"御大明殿受朝贺","3","0","3"
"知枢密院事阔彻","2","1","3"
"枢密院事阔彻伯","2","1","3"
"章政事塔失海牙","1","2","3"
"中书右丞相铁木","2","1","3"
"书右丞相铁木迭","2","1","3"
"沙中书平章政事","3","0","3"
"铁失知枢密院事","2","1","3"
"台同知枢密院事","2","1","3"
"阿速卫指挥使脱","2","1","3"
"命中书平章政事","1","2","3"
"命湖广行省左丞","1","2","3"
"曰仁献章圣皇后","3","0","3"
"行台御史大夫脱","2","1","3"
"特授开府仪同三","2","1","3"
"平章政事哈八秃","3","0","3"
"东路蒙古元帅花","3","0","3"
"路蒙古元帅花帖","3","0","3"
"蒙古元帅花帖木","3","0","3"
"等三十人田宅赐","2","1","3"
"幸大崇恩福元寺","2","1","3"
"子阿剌忒纳答剌","2","1","3"
"镇西武靖王搠思","2","1","3"
"西武靖王搠思班","2","1","3"
"授集贤侍讲学士","3","0","3"
"大承天护圣寺工","2","1","3"
"承天护圣寺工役","2","1","3"
"遣同知枢密院事","2","1","3"
"寿辉部将倪文俊","1","2","3"
"威顺王宽彻普化","2","1","3"
"都行省承制行事","1","2","3"
"哈丹秃鲁干复叛","2","1","3"
"提刑按察司改肃","2","1","3"
"刑按察司改肃政","2","1","3"
"按察司改肃政廉","2","1","3"
"察司改肃政廉访","2","1","3"
"司改肃政廉访司","2","1","3"
"燕南河北道宣慰","2","1","3"
"舰二千五百艘横","2","1","3"
"二千五百艘横亘","2","1","3"
"千五百艘横亘江","2","1","3"
"五百艘横亘江中","2","1","3"
"江淮行省左丞相","1","2","3"
"召参议中书省事","3","0","3"
"榷茶转运使卢世","1","2","3"
"茶转运使卢世荣","1","2","3"
"蒙古军副都万户","1","2","3"
"蒙古侍卫亲军副","1","2","3"
"爪主婿土罕必阇","3","0","3"
"主婿土罕必阇耶","3","0","3"
"康道肃政廉访使","1","2","3"
"复参议中书省事","3","0","3"
"御史大夫懿怜真","1","2","3"
"史大夫懿怜真班","1","2","3"
"丞相哈剌哈孙答","1","2","3"
"相哈剌哈孙答剌","1","2","3"
"改浙东道宣慰使","3","0","3"
"江南行御史台经","2","1","3"
"南行御史台经历","2","1","3"
"兴州节度使赵守","1","2","3"
"州节度使赵守玉","1","2","3"
"蒙古汉军兵马都","2","1","3"
"古汉军兵马都元","2","1","3"
"国王木华黎南下","1","2","3"
"宣抚使蒲鲜万奴","1","2","3"
"宋丞相贾似道率","1","2","3"
"授银青荣禄大夫","2","1","3"
"福建行省参知政","1","2","3"
"建行省参知政事","1","2","3"
"平章政事阿合马","1","2","3"
"大名等路宣抚司","1","2","3"
"名等路宣抚司事","1","2","3"
"水军万户解汝楫","1","2","3"
"侍御史程钜夫奉","1","2","3"
"御史程钜夫奉诏","1","2","3"
"行御史台监察御","1","2","3"
"同御史大夫玉昔","1","2","3"
"东道肃政廉访司","1","2","3"
"诸道行御史台中","3","0","3"
"道行御史台中丞","3","0","3"
"南提刑按察副使","1","2","3"
"升翰林学士承旨","2","1","3"
"登元统元年进士","2","1","3"
"佥广东廉访司事","2","1","3"
"皇太子抚军冀宁","2","1","3"
"授江浙行省参知","1","2","3"
"翰林国史编修官","1","2","3"
"天师张宗演入朝","1","2","3"
"命江浙行省平章","1","2","3"
"省平章政事忽都","1","2","3"
"命右丞相铁木迭","1","2","3"
"书监赵良弼充国","2","1","3"
"监赵良弼充国信","2","1","3"
"赵良弼充国信使","2","1","3"
"元二十九年二月","1","2","3"
"年三月二十九日","1","2","3"
"皇帝在京师近郊","0","3","3"
"帝在京师近郊行","0","3","3"
"提刑按察司改为","0","3","3"
"中书平章政事乃","0","3","3"
"白银二千五百两","0","3","3"
"钱钞二万五千贯","0","3","3"
"知枢密院事也儿","0","3","3"
"枢密院事也儿吉","0","3","3"
"儿为中书平章政","0","3","3"
"为陕西行台御史","0","3","3"
"镇南王帖木儿不","0","3","3"
"南王帖木儿不花","0","3","3"
"脱脱木儿与辽东","0","3","3"
"任命同知枢密院","0","3","3"
"知枢密院事秃儿","0","3","3"
"枢密院事秃儿哈","0","3","3"
"密院事秃儿哈帖","0","3","3"
"院事秃儿哈帖木","0","3","3"
"事秃儿哈帖木儿","0","3","3"
"任江南行台御史","0","3","3"
"任同佥枢密院事","0","3","3"
"为江南诸道行御","0","3","3"
"任湖广行省左右","0","3","3"
"任翰林侍讲学士","0","3","3"
"孛罗帖木儿为太","0","3","3"
"武德将军统领王","0","3","3"
"德将军统领王国","0","3","3"
"将军统领王国昌","0","3","3"
"武略将军副统领","0","3","3"
"略将军副统领刘","0","3","3"
"将军副统领刘杰","0","3","3"
"率领部众前来归","0","3","3"
"领部众前来归降","0","3","3"
"右副都元帅之职","0","3","3"
"史天倪为河北西","0","3","3"
"倪为河北西路兵","0","3","3"
"为河北西路兵马","0","3","3"
"荧惑星干犯房宿","0","3","3"
"行尚书省的事务","0","3","3"
"不同数量的赏赐","0","3","3"
"高丽国王王亻典","0","3","3"
"十个路的宣抚司","0","3","3"
"捕获的宋朝间谍","0","3","3"
"诏令十个路的宣","0","3","3"
"令十个路的宣抚","0","3","3"
"白银一万五千两","0","3","3"
"部下有功的将士","0","3","3"
"翰林学士承旨兼","0","3","3"
"给诸侯王塔察儿","0","3","3"
"带花纹的绸缎各","0","3","3"
"八百三十三两白","0","3","3"
"百三十三两白银","0","3","3"
"带花纹的绸缎三","0","3","3"
"花纹的绸缎三百","0","3","3"
"纹的绸缎三百匹","0","3","3"
"遣他的世子王忄","0","3","3"
"他的世子王忄甚","0","3","3"
"赛典赤为平章政","0","3","3"
"典赤为平章政事","0","3","3"
"命许衡为国子祭","0","3","3"
"许衡为国子祭酒","0","3","3"
"行中书省的事务","0","3","3"
"畏吾儿文字书写","0","3","3"
"赐给诸侯王合必","0","3","3"
"给诸侯王合必赤","0","3","3"
"今年田租的一半","0","3","3"
"商议中书省事务","0","3","3"
"赐给钱钞以赈济","0","3","3"
"钦察戍守青居山","0","3","3"
"子弟组成的质子","0","3","3"
"弟组成的质子军","0","3","3"
"一万五千两银子","0","3","3"
"例赐给诸侯王黄","0","3","3"
"赐给诸侯王黄金","0","3","3"
"礻直派遣他的使","0","3","3"
"直派遣他的使臣","0","3","3"
"为中书省左丞相","0","3","3"
"太庙举行祭祀典","0","3","3"
"庙举行祭祀典礼","0","3","3"
"由官府供给耕牛","0","3","3"
"阴星干犯昴宿天","0","3","3"
"王王礻直前来朝","0","3","3"
"王礻直前来朝见","0","3","3"
"行省的大臣上奏","0","3","3"
"省的大臣上奏说","0","3","3"
"领中书省左右部","0","3","3"
"他们数量不等的","0","3","3"
"礻直派遣他的弟","0","3","3"
"直派遣他的弟弟","0","3","3"
"奉上表章前来朝","0","3","3"
"白银四百五十两","0","3","3"
"令四川行枢密院","0","3","3"
"等路代理处置中","0","3","3"
"路代理处置中书","0","3","3"
"代理处置中书省","0","3","3"
"理处置中书省事","0","3","3"
"礻直派遣他的大","0","3","3"
"前来恭贺皇上的","0","3","3"
"来恭贺皇上的寿","0","3","3"
"恭贺皇上的寿诞","0","3","3"
"派遣他的大将军","0","3","3"
"全国共有一百六","0","3","3"
"国共有一百六十","0","3","3"
"派遣使臣前来朝","0","3","3"
"前来恭贺皇帝的","0","3","3"
"日丙派遣使臣前","0","3","3"
"丙派遣使臣前来","0","3","3"
"御史台大臣进言","0","3","3"
"路发生旱灾和蝗","0","3","3"
"的世子王忄甚前","0","3","3"
"世子王忄甚前来","0","3","3"
"一万五千名士卒","0","3","3"
"行中书省改为行","0","3","3"
"诸侯王阿只吉的","0","3","3"
"干犯太微西垣天","0","3","3"
"犯太微西垣天区","0","3","3"
"太微西垣天区的","0","3","3"
"微西垣天区的上","0","3","3"
"西垣天区的上将","0","3","3"
"垣天区的上将星","0","3","3"
"天区的上将星官","0","3","3"
"给河西行中书省","0","3","3"
"襄阳守将吕文焕","0","3","3"
"赐给诸侯王八八","0","3","3"
"和礼霍孙上奏说","0","3","3"
"不同数量的奖赏","0","3","3"
"由官府为他们赎","0","3","3"
"不许狩猎的禁令","0","3","3"
"翰林学士承旨和","0","3","3"
"林学士承旨和礼","0","3","3"
"学士承旨和礼霍","0","3","3"
"士承旨和礼霍孙","0","3","3"
"阿里海牙上奏说","0","3","3"
"王王忄甚派遣他","0","3","3"
"王忄甚派遣他的","0","3","3"
"宋朝淮东制置使","0","3","3"
"朝淮东制置使李","0","3","3"
"天师张宗演前来","0","3","3"
"隶属于行中书省","0","3","3"
"把宋军打得大败","0","3","3"
"太白金星干犯井","0","3","3"
"白金星干犯井宿","0","3","3"
"金星干犯井宿天","0","3","3"
"帖木儿为御史大","0","3","3"
"木儿为御史大夫","0","3","3"
"干犯轩辕星座的","0","3","3"
"张宗演前来朝廷","0","3","3"
"直接隶属于行省","0","3","3"
"等不同数额的钱","0","3","3"
"不同数额的钱钞","0","3","3"
"战死者不同数额","0","3","3"
"死者不同数额的","0","3","3"
"者不同数额的银","0","3","3"
"署理江东道宣慰","0","3","3"
"理江东道宣慰使","0","3","3"
"不同数量的绢帛","0","3","3"
"参议中书省事务","0","3","3"
"令扬州行中书省","0","3","3"
"道的提刑按察司","0","3","3"
"千名蒙古军士兵","0","3","3"
"提刑按察司的治","0","3","3"
"刑按察司的治所","0","3","3"
"议中赞金方庆前","0","3","3"
"中赞金方庆前来","0","3","3"
"赞金方庆前来恭","0","3","3"
"金方庆前来恭贺","0","3","3"
"方庆前来恭贺新","0","3","3"
"庆前来恭贺新年","0","3","3"
"太阴星干犯太微","0","3","3"
"安南国的世子陈","0","3","3"
"南国的世子陈日","0","3","3"
"国的世子陈日火","0","3","3"
"的世子陈日火亘","0","3","3"
"给钱钞一万二千","0","3","3"
"钱钞一万二千五","0","3","3"
"那些尚未归附的","0","3","3"
"朝廷派去的使臣","0","3","3"
"王只必帖木儿请","0","3","3"
"只必帖木儿请求","0","3","3"
"国前来进贡驯象","0","3","3"
"赐给征伐日本的","0","3","3"
"木儿为中书右丞","0","3","3"
"的秩禄升格为从","0","3","3"
"木儿为参知政事","0","3","3"
"禄升格为正三品","0","3","3"
"死刑的罪犯共二","0","3","3"
"其余的全部撤销","0","3","3"
"宜行事都总帅府","0","3","3"
"马八儿国派遣使","0","3","3"
"八儿国派遣使臣","0","3","3"
"赐给诸侯王出伯","0","3","3"
"诸侯王相吾答儿","0","3","3"
"征伐日本的船只","0","3","3"
"太白金星干犯右","0","3","3"
"白金星干犯右执","0","3","3"
"太白金星干犯左","0","3","3"
"白金星干犯左执","0","3","3"
"金星干犯左执法","0","3","3"
"行省平章政事忙","0","3","3"
"赐给皇子爱牙赤","0","3","3"
"行省大臣上奏说","0","3","3"
"表皇帝祭祀五大","0","3","3"
"皇帝祭祀五大山","0","3","3"
"广东宣慰使月的","0","3","3"
"东宣慰使月的迷","0","3","3"
"宣慰使月的迷失","0","3","3"
"高丽派遣使臣来","0","3","3"
"国派遣使臣前来","0","3","3"
"赐给诸侯王术伯","0","3","3"
"判处死刑的罪囚","0","3","3"
"太阴星干犯牵牛","0","3","3"
"阴星干犯牵牛星","0","3","3"
"太白金星干犯房","0","3","3"
"白金星干犯房宿","0","3","3"
"金星干犯房宿天","0","3","3"
"月的迷失上奏说","0","3","3"
"星干犯太微东垣","0","3","3"
"的部属发生饥馑","0","3","3"
"安南国王陈日火","0","3","3"
"南国王陈日火亘","0","3","3"
"国王陈日火亘派","0","3","3"
"王陈日火亘派遣","0","3","3"
"太白金星干犯鬼","0","3","3"
"白金星干犯鬼宿","0","3","3"
"金星干犯鬼宿天","0","3","3"
"掌管枢密院事务","0","3","3"
"太白金星行经天","0","3","3"
"白金星行经天宇","0","3","3"
"为浙东道宣慰使","0","3","3"
"临幸大圣寿万安","0","3","3"
"谥为昭睿顺圣皇","0","3","3"
"行省平章政事也","0","3","3"
"立英宗为皇太子","0","3","3"
"太阴星凌犯轩辕","0","3","3"
"太阴星凌犯明堂","0","3","3"
"粮食一万三千石","0","3","3"
"枢密院官员上言","0","3","3"
"为江西行省平章","0","3","3"
"按时享祭于太庙","0","3","3"
"忽都鲁都儿迷失","0","3","3"
"临御大明殿接受","0","3","3"
"殿接受百官朝贺","0","3","3"
"回回司天监祭星","0","3","3"
"火星凌犯太微垣","0","3","3"
"沙为中书平章政","0","3","3"
"也先铁木儿等人","0","3","3"
"调发粮食予以赈","0","3","3"
"发粮食予以赈济","0","3","3"
"派遣翰林学士承","0","3","3"
"前任翰林学士承","0","3","3"
"认为他说得有理","0","3","3"
"以减轻人民的负","0","3","3"
"平章政事哈八儿","0","3","3"
"章政事哈八儿秃","0","3","3"
"镇南王铁木儿不","0","3","3"
"南王铁木儿不花","0","3","3"
"指挥使也速台儿","0","3","3"
"晓谕内外臣民说","0","3","3"
"前来进贡当地物","0","3","3"
"来进贡当地物产","0","3","3"
"东路蒙古元帅不","0","3","3"
"路蒙古元帅不花","0","3","3"
"蒙古元帅不花帖","0","3","3"
"古元帅不花帖木","0","3","3"
"王月璐不花为御","0","3","3"
"月璐不花为御史","0","3","3"
"宗礻付祭于右穆","0","3","3"
"礻付祭于右穆第","0","3","3"
"燕铁木儿上言说","0","3","3"
"丞王月璐不花为","0","3","3"
"官阶为中奉大夫","0","3","3"
"建造大承天护圣","0","3","3"
"造大承天护圣寺","0","3","3"
"监察御史劾奏说","0","3","3"
"为陕西行台侍御","0","3","3"
"资政院使朴不花","0","3","3"
"皇太后为太皇太","0","3","3"
"其子脱列帖木儿","0","3","3"
"是我的职责所在","0","3","3"
"与一般儿童不同","0","3","3"
"平章政事也速答","0","3","3"
"章政事也速答儿","0","3","3"
"朝廷设立尚书省","0","3","3"
"拜中书平章政事","0","3","3"
"任参议中书省事","0","3","3"
"调任陕西汉中道","0","3","3"
"其弟也先帖木儿","0","3","3"
"任江南行台治书","0","3","3"
"为同知太常礼仪","0","3","3"
"铁木儿塔识奏请","0","3","3"
"任淮南行省平章","0","3","3"
"右丞相帖木迭儿","0","3","3"
"出任江浙行省右","0","3","3"
"为中书左司郎中","0","3","3"
"任浙东道宣慰使","0","3","3"
"采纳了他的意见","0","3","3"
"为龙虎卫上将军","0","3","3"
"以中书左丞之职","0","3","3"
"大夫玉昔帖木儿","0","3","3"
"御史中丞杨朵儿","0","3","3"
"史中丞杨朵儿只","0","3","3"
"任中书左司都事","0","3","3"
"提升为江南行台","0","3","3"
"孛罗帖木儿领兵","0","3","3"
"汉人达鲁花赤者","2","0","2"
"时佥枢密院事燕","1","1","2"
"济南路万户张荣","1","1","2"
"中书右丞粘合南","1","1","2"
"书右丞粘合南合","1","1","2"
"立诸路洞冶都总","1","1","2"
"诸路洞冶都总管","1","1","2"
"路洞冶都总管府","1","1","2"
"立开元等路转运","1","1","2"
"开元等路转运司","1","1","2"
"立西蜀四川监榷","1","1","2"
"西蜀四川监榷茶","1","1","2"
"蜀四川监榷茶场","1","1","2"
"四川监榷茶场使","1","1","2"
"川监榷茶场使司","1","1","2"
"命陕西等路宣抚","1","1","2"
"陕西等路宣抚使","1","1","2"
"西等路宣抚使赵","1","1","2"
"等路宣抚使赵良","1","1","2"
"路宣抚使赵良弼","1","1","2"
"增选乐工八百人","1","1","2"
"行中书省分遣淮","1","1","2"
"中书省分遣淮西","1","1","2"
"书省分遣淮西行","1","1","2"
"省分遣淮西行枢","1","1","2"
"分遣淮西行枢密","1","1","2"
"遣淮西行枢密院","1","1","2"
"兵部尚书吕师夔","1","1","2"
"伯颜中书右丞相","2","0","2"
"东左副都元帅阿","1","1","2"
"左副都元帅阿里","1","1","2"
"临安府安抚使杨","1","1","2"
"安府安抚使杨镇","1","1","2"
"北道提刑按察使","1","1","2"
"道提刑按察使迷","1","1","2"
"提刑按察使迷里","1","1","2"
"刑按察使迷里忽","1","1","2"
"按察使迷里忽辛","1","1","2"
"置江淮等路都转","1","1","2"
"江淮等路都转运","1","1","2"
"淮等路都转运盐","1","1","2"
"江淮榷茶都转运","1","1","2"
"淮榷茶都转运使","1","1","2"
"置八道提刑按察","1","1","2"
"八道提刑按察司","1","1","2"
"渊圣广源王加封","1","1","2"
"圣广源王加封善","1","1","2"
"广源王加封善佑","1","1","2"
"灵济昭应王加封","1","1","2"
"济昭应王加封广","1","1","2"
"昭应王加封广惠","1","1","2"
"等五百二十九人","1","1","2"
"五百二十九人羊","1","1","2"
"百二十九人羊马","1","1","2"
"八千四百五十二","1","1","2"
"千四百五十二锭","1","1","2"
"增设提刑按察司","1","1","2"
"高丽国置大灰艾","1","1","2"
"丽国置大灰艾州","1","1","2"
"官吏工匠银二千","1","1","2"
"吏工匠银二千两","1","1","2"
"安抚使王阿济同","1","1","2"
"抚使王阿济同万","1","1","2"
"使王阿济同万户","1","1","2"
"王阿济同万户昝","1","1","2"
"阿济同万户昝坤","1","1","2"
"济同万户昝坤招","1","1","2"
"失里牙信合八剌","2","0","2"
"里牙信合八剌麻","2","0","2"
"牙信合八剌麻合","1","1","2"
"信合八剌麻合迭","1","1","2"
"合八剌麻合迭瓦","1","1","2"
"甘肃行省左丞麦","1","1","2"
"肃行省左丞麦术","1","1","2"
"行省左丞麦术丁","1","1","2"
"麦术丁中书右丞","2","0","2"
"行御史台御史中","1","1","2"
"御史台御史中丞","1","1","2"
"史台御史中丞张","1","1","2"
"台御史中丞张雄","1","1","2"
"御史中丞张雄飞","1","1","2"
"广东提刑按察司","1","1","2"
"北京提刑按察司","1","1","2"
"京提刑按察司副","1","1","2"
"复扬州管匠提举","1","1","2"
"扬州管匠提举司","1","1","2"
"立上都等路群牧","1","1","2"
"上都等路群牧都","1","1","2"
"都等路群牧都转","1","1","2"
"等路群牧都转运","1","1","2"
"路群牧都转运使","1","1","2"
"群牧都转运使司","1","1","2"
"诸路常平盐铁坑","1","1","2"
"路常平盐铁坑冶","1","1","2"
"常平盐铁坑冶都","1","1","2"
"平盐铁坑冶都转","1","1","2"
"盐铁坑冶都转运","1","1","2"
"立临安广西道宣","1","1","2"
"安广西道宣抚司","1","1","2"
"必哥等考核云南","1","1","2"
"哥等考核云南行","1","1","2"
"等考核云南行省","1","1","2"
"安南行中书省左","1","1","2"
"立钦察卫亲军都","1","1","2"
"广东转运市舶提","1","1","2"
"东转运市舶提举","1","1","2"
"转运市舶提举司","1","1","2"
"盐课市舶提举司","1","1","2"
"福建市舶都漕运","1","1","2"
"建市舶都漕运司","1","1","2"
"运司都转运盐使","2","0","2"
"司都转运盐使司","2","0","2"
"置江南四省交钞","1","1","2"
"江南四省交钞提","1","1","2"
"南四省交钞提举","1","1","2"
"四省交钞提举司","1","1","2"
"立陕西宝钞提举","1","1","2"
"陕西宝钞提举司","1","1","2"
"云南乌撒宣抚司","1","1","2"
"甘州路宣课提举","1","1","2"
"州路宣课提举司","1","1","2"
"入宁夏都转运使","1","1","2"
"宁夏都转运使司","1","1","2"
"遣参知政事张守","1","1","2"
"参知政事张守智","1","1","2"
"翰林直学士李天","1","1","2"
"林直学士李天英","1","1","2"
"大都路甲匠总管","1","1","2"
"都路甲匠总管府","1","1","2"
"军器人匠都总管","1","1","2"
"器人匠都总管府","1","1","2"
"参知政事何荣祖","1","1","2"
"参议尚书省事张","1","1","2"
"议尚书省事张天","1","1","2"
"五千七百四十九","1","1","2"
"千七百四十九石","1","1","2"
"浙东道宣慰使一","1","1","2"
"东道宣慰使一员","1","1","2"
"真定三万五千石","1","1","2"
"济宁二千一百五","1","1","2"
"宁二千一百五十","1","1","2"
"二千一百五十四","1","1","2"
"千一百五十四石","1","1","2"
"东平一百四十七","1","1","2"
"平一百四十七石","1","1","2"
"烂土军民安抚司","1","1","2"
"南国王陈益稷遥","1","1","2"
"国王陈益稷遥授","1","1","2"
"王陈益稷遥授湖","1","1","2"
"陈益稷遥授湖广","1","1","2"
"益稷遥授湖广等","1","1","2"
"稷遥授湖广等处","1","1","2"
"遥授湖广等处行","1","1","2"
"授湖广等处行中","1","1","2"
"免屯田租一万二","1","1","2"
"屯田租一万二千","1","1","2"
"田租一万二千八","1","1","2"
"租一万二千八百","1","1","2"
"一万二千八百一","1","1","2"
"万二千八百一十","1","1","2"
"选湖南道宣慰副","1","1","2"
"南道宣慰副使梁","1","1","2"
"海运米四十万石","1","1","2"
"万一千九百七十","1","1","2"
"一千九百七十七","1","1","2"
"千九百七十七石","1","1","2"
"立海北海南道肃","1","1","2"
"置隆福宫卫候司","1","1","2"
"立诸色户计诸总","1","1","2"
"诸色户计诸总管","1","1","2"
"色户计诸总管府","1","1","2"
"云南行省左丞杨","1","1","2"
"南行省左丞杨炎","1","1","2"
"行省左丞杨炎龙","1","1","2"
"立云州银场都提","1","1","2"
"云州银场都提举","1","1","2"
"州银场都提举司","1","1","2"
"宝玉五方佛冠赐","1","1","2"
"议中书省事何荣","1","1","2"
"中书省事何荣祖","1","1","2"
"浙行省左丞相黑","1","1","2"
"行省左丞相黑驴","1","1","2"
"平章政事赵世荣","1","1","2"
"江西行省右丞木","1","1","2"
"西行省右丞木八","1","1","2"
"行省右丞木八剌","1","1","2"
"参知政事张思明","1","1","2"
"元永延教三藏法","1","1","2"
"永延教三藏法师","1","1","2"
"江南东西道田赋","1","1","2"
"中统钞二百五十","1","1","2"
"统钞二百五十万","1","1","2"
"进时享太庙仪式","1","1","2"
"中书右丞木八剌","1","1","2"
"江南浙西道廉访","1","1","2"
"南浙西道廉访使","1","1","2"
"浙西道廉访使薛","1","1","2"
"西道廉访使薛处","1","1","2"
"道廉访使薛处敬","1","1","2"
"中都威卫忠翊侍","2","0","2"
"都威卫忠翊侍卫","2","0","2"
"威卫忠翊侍卫亲","2","0","2"
"卫忠翊侍卫亲军","2","0","2"
"元十三年十月二","1","1","2"
"十三年十月二十","1","1","2"
"三年十月二十九","1","1","2"
"年十月二十九日","1","1","2"
"皇妣晋王妃曰宣","1","1","2"
"妣晋王妃曰宣懿","1","1","2"
"晋王妃曰宣懿淑","1","1","2"
"王妃曰宣懿淑圣","1","1","2"
"妃曰宣懿淑圣皇","1","1","2"
"曰宣懿淑圣皇后","1","1","2"
"泰宁县五千户封","1","1","2"
"宁县五千户封买","1","1","2"
"县五千户封买奴","1","1","2"
"忽商议军国重事","1","1","2"
"两广洞寨差税一","1","1","2"
"广洞寨差税一年","1","1","2"
"王彻彻秃金一锭","1","1","2"
"置定王薛彻干总","1","1","2"
"定王薛彻干总管","1","1","2"
"王薛彻干总管府","1","1","2"
"四川行中书省平","1","1","2"
"川行中书省平章","1","1","2"
"书省平章政事囊","1","1","2"
"省平章政事囊加","1","1","2"
"平章政事囊加台","1","1","2"
"遣湘宁王八剌失","1","1","2"
"云南行省右丞相","1","1","2"
"岭北行中书省左","1","1","2"
"北行中书省左丞","1","1","2"
"行中书省左丞泼","1","1","2"
"中书省左丞泼皮","1","1","2"
"江南行台中丞朵","1","1","2"
"南行台中丞朵朵","1","1","2"
"封八剌失里继母","1","1","2"
"八剌失里继母买","1","1","2"
"皇妹昌国大长公","1","1","2"
"妹昌国大长公主","1","1","2"
"八番金石番等处","1","1","2"
"阿剌忒纳失里镇","2","0","2"
"山东盐运司判官","1","1","2"
"东盐运司判官马","1","1","2"
"盐运司判官马合","1","1","2"
"运司判官马合谟","1","1","2"
"加封温州故平阳","1","1","2"
"封温州故平阳侯","1","1","2"
"益阳州六万五千","1","1","2"
"阳州六万五千户","1","1","2"
"瑞州六万五千户","1","1","2"
"遣兵部员外郎宋","1","1","2"
"兵部员外郎宋本","1","1","2"
"吏部员外郎郑立","1","1","2"
"太史院都事费著","1","1","2"
"行省平章政事脱","1","1","2"
"省平章政事脱欢","1","1","2"
"平章政事脱欢答","1","1","2"
"章政事脱欢答剌","1","1","2"
"政事脱欢答剌罕","1","1","2"
"事脱欢答剌罕升","1","1","2"
"山东廉访使许师","1","1","2"
"东廉访使许师敬","1","1","2"
"御史大夫秃忽鲁","1","1","2"
"史大夫秃忽鲁加","1","1","2"
"大夫秃忽鲁加太","1","1","2"
"夫秃忽鲁加太保","1","1","2"
"诸王搠思班部战","1","1","2"
"王搠思班部战士","1","1","2"
"搠思班部战士四","1","1","2"
"思班部战士四百","1","1","2"
"班部战士四百人","1","1","2"
"部战士四百人征","1","1","2"
"大都河间等路都","1","1","2"
"都河间等路都转","1","1","2"
"河间等路都转运","1","1","2"
"间等路都转运盐","1","1","2"
"巩昌路临洮府饥","1","1","2"
"山东州县收养流","1","1","2"
"东州县收养流民","1","1","2"
"州县收养流民遗","1","1","2"
"县收养流民遗弃","1","1","2"
"收养流民遗弃子","1","1","2"
"养流民遗弃子女","1","1","2"
"省参知政事马合","1","1","2"
"河东宣慰使李处","1","1","2"
"东宣慰使李处恭","1","1","2"
"江东道廉访使朵","1","1","2"
"东道廉访使朵列","1","1","2"
"道廉访使朵列秃","1","1","2"
"太史院使齐履谦","1","1","2"
"都功德使举林伯","1","1","2"
"荆湖宣慰使蒙弼","1","1","2"
"礼部尚书李家奴","1","1","2"
"同知枢密院事阿","1","1","2"
"知枢密院事阿吉","1","1","2"
"枢密院事阿吉剌","1","1","2"
"陕西盐运使众家","1","1","2"
"西盐运使众家奴","1","1","2"
"中书断事官韩庭","1","1","2"
"书断事官韩庭茂","1","1","2"
"湖南宣慰使寒食","1","1","2"
"冀宁路总管刘文","1","1","2"
"山东宣慰使秃思","1","1","2"
"东宣慰使秃思帖","1","1","2"
"宣慰使秃思帖木","1","1","2"
"陕西行省左丞廉","1","1","2"
"翰林侍讲学士帖","1","1","2"
"林侍讲学士帖木","1","1","2"
"遥授中书左丞相","1","1","2"
"授中书左丞相秃","1","1","2"
"山北辽阳等路蒙","1","1","2"
"北辽阳等路蒙古","1","1","2"
"辽阳等路蒙古军","1","1","2"
"阳等路蒙古军万","1","1","2"
"等路蒙古军万户","1","1","2"
"路蒙古军万户孛","1","1","2"
"蒙古军万户孛罗","1","1","2"
"翰林侍讲学士教","1","1","2"
"林侍讲学士教化","1","1","2"
"侍讲学士教化等","1","1","2"
"中卫亲军都指挥","1","1","2"
"亲军都指挥使唐","1","1","2"
"军都指挥使唐兀","1","1","2"
"兵部尚书赛罕八","1","1","2"
"木中书平章政事","2","0","2"
"甘肃行省平章政","1","1","2"
"肃行省平章政事","1","1","2"
"省参知政事张友","1","1","2"
"参知政事张友谅","1","1","2"
"南行省左丞相伯","1","1","2"
"行省左丞相伯颜","1","1","2"
"中书右丞赵世延","1","1","2"
"赵世延御史中丞","2","0","2"
"补化知枢密院事","1","1","2"
"襄阳万户杨克忠","1","1","2"
"福建廉访使易释","1","1","2"
"建廉访使易释董","1","1","2"
"廉访使易释董阿","1","1","2"
"中书左丞张思明","1","1","2"
"平章政事秃坚帖","1","1","2"
"章政事秃坚帖木","1","1","2"
"江浙行省右丞易","1","1","2"
"浙行省右丞易释","1","1","2"
"行省右丞易释董","1","1","2"
"省右丞易释董阿","1","1","2"
"显懿庄圣皇后神","1","1","2"
"懿庄圣皇后神御","1","1","2"
"庄圣皇后神御殿","1","1","2"
"显灵义勇武安英","1","1","2"
"灵义勇武安英济","1","1","2"
"义勇武安英济王","1","1","2"
"南行省左丞相吉","2","0","2"
"淮东宣慰司银字","1","1","2"
"东宣慰司银字圆","1","1","2"
"宣慰司银字圆符","1","1","2"
"乌伯都剌珠衣赐","1","1","2"
"同知枢密院事彻","1","1","2"
"知枢密院事彻里","1","1","2"
"枢密院事彻里帖","1","1","2"
"密院事彻里帖木","1","1","2"
"阿伯等六人田宅","1","1","2"
"伯等六人田宅赐","1","1","2"
"知枢密院事花帖","2","0","2"
"枢密院事花帖木","2","0","2"
"参知政事跃里铁","1","1","2"
"知政事跃里铁木","1","1","2"
"大都路涿州房山","1","1","2"
"范阳等县饥民粮","1","1","2"
"御史台赃罚钞三","1","1","2"
"史台赃罚钞三百","1","1","2"
"台赃罚钞三百锭","1","1","2"
"赃罚钞三百锭赐","1","1","2"
"翰林直学士马哈","1","1","2"
"左司员外郎王德","1","1","2"
"司员外郎王德明","1","1","2"
"礼部尚书八剌哈","1","1","2"
"尚书八剌哈赤等","1","1","2"
"水达达路阿速古","1","1","2"
"凤翔府岐阳书院","1","1","2"
"太子詹事丞赵世","1","1","2"
"子詹事丞赵世安","1","1","2"
"御史中丞史惟良","1","1","2"
"史中丞史惟良沛","1","1","2"
"中丞史惟良沛县","1","1","2"
"诸路道教事张留","1","1","2"
"路道教事张留孙","1","1","2"
"辅成赞化保运神","1","1","2"
"成赞化保运神德","1","1","2"
"赞化保运神德真","1","1","2"
"化保运神德真君","1","1","2"
"补化加录军国重","1","1","2"
"化加录军国重事","1","1","2"
"封知枢密院事燕","1","1","2"
"立元江等处宣慰","1","1","2"
"元江等处宣慰司","1","1","2"
"云南威楚路黄州","1","1","2"
"南威楚路黄州土","1","1","2"
"威楚路黄州土官","1","1","2"
"楚路黄州土官哀","1","1","2"
"路黄州土官哀放","1","1","2"
"南威楚路土官昵","1","1","2"
"威楚路土官昵放","1","1","2"
"命中书左丞赵世","1","1","2"
"中书左丞赵世安","1","1","2"
"书左丞赵世安提","1","1","2"
"左丞赵世安提调","1","1","2"
"丞赵世安提调国","1","1","2"
"赵世安提调国子","1","1","2"
"世安提调国子监","1","1","2"
"安提调国子监学","1","1","2"
"四川重庆路酒禁","1","1","2"
"牙连秃杰鲁迭所","1","1","2"
"连秃杰鲁迭所居","1","1","2"
"秃杰鲁迭所居鹰","1","1","2"
"杰鲁迭所居鹰坊","1","1","2"
"鲁迭所居鹰坊八","1","1","2"
"迭所居鹰坊八百","1","1","2"
"所居鹰坊八百七","1","1","2"
"居鹰坊八百七十","1","1","2"
"鹰坊八百七十户","1","1","2"
"坊八百七十户粮","1","1","2"
"知枢密院事撒敦","1","1","2"
"宣政使阔里吉思","1","1","2"
"铁木知枢密院事","2","0","2"
"太祖光献翼圣皇","1","1","2"
"祖光献翼圣皇后","1","1","2"
"世祖昭睿顺圣皇","1","1","2"
"祖昭睿顺圣皇后","1","1","2"
"济宁忠武王按陈","1","1","2"
"宣慈惠圣皇后真","1","1","2"
"慈惠圣皇后真哥","1","1","2"
"惠圣皇后真哥侄","1","1","2"
"圣皇后真哥侄毓","1","1","2"
"皇后真哥侄毓德","1","1","2"
"后真哥侄毓德王","1","1","2"
"真哥侄毓德王孛","1","1","2"
"哥侄毓德王孛罗","1","1","2"
"侄毓德王孛罗帖","1","1","2"
"毓德王孛罗帖木","1","1","2"
"正二十五年八月","1","1","2"
"二十五年八月崩","1","1","2"
"前锋三千人破金","1","1","2"
"锋三千人破金兵","1","1","2"
"三千人破金兵十","1","1","2"
"千人破金兵十余","1","1","2"
"人破金兵十余万","1","1","2"
"裕宗徽仁裕圣皇","1","1","2"
"宗徽仁裕圣皇后","1","1","2"
"皇太后尊号曰仪","2","0","2"
"太后尊号曰仪天","2","0","2"
"后尊号曰仪天兴","2","0","2"
"全德泰宁福庆皇","1","1","2"
"德泰宁福庆皇太","1","1","2"
"泰宁福庆皇太后","1","1","2"
"拨付怯薛丹五百","1","1","2"
"付怯薛丹五百名","1","1","2"
"子老章袭封镇南","1","1","2"
"老章袭封镇南王","1","1","2"
"赠推忠宣力佐命","1","1","2"
"推忠宣力佐命功","1","1","2"
"弟术忽难袭高唐","1","1","2"
"术忽难袭高唐王","1","1","2"
"赠推忠宣惠宁远","1","1","2"
"推忠宣惠宁远功","1","1","2"
"忠宣惠宁远功臣","1","1","2"
"岭北等处行中书","1","1","2"
"追赠推诚宣力翊","1","1","2"
"赠推诚宣力翊卫","1","1","2"
"推诚宣力翊卫功","1","1","2"
"赠推忠协谋佐运","1","1","2"
"推忠协谋佐运功","1","1","2"
"忠协谋佐运功臣","1","1","2"
"诏赠宣忠同德弼","1","1","2"
"赠宣忠同德弼亮","1","1","2"
"宣忠同德弼亮功","1","1","2"
"忠同德弼亮功臣","1","1","2"
"林等处行中书省","1","1","2"
"赠推诚亮节崇德","1","1","2"
"推诚亮节崇德赞","1","1","2"
"诚亮节崇德赞治","1","1","2"
"亮节崇德赞治功","1","1","2"
"节崇德赞治功臣","1","1","2"
"城等处行中书省","1","1","2"
"等处行中书省理","1","1","2"
"处行中书省理问","1","1","2"
"河南行中书省郎","1","1","2"
"南行中书省郎中","1","1","2"
"云南王征金齿诸","1","1","2"
"南王征金齿诸部","1","1","2"
"赠推忠宣力功臣","1","1","2"
"征行军万户府达","1","1","2"
"行军万户府达鲁","1","1","2"
"赠推忠同德佐理","1","1","2"
"推忠同德佐理功","1","1","2"
"忠同德佐理功臣","1","1","2"
"平阳二路达鲁花","1","1","2"
"阳二路达鲁花赤","1","1","2"
"云南诸路宣慰使","1","1","2"
"南诸路宣慰使都","1","1","2"
"诸路宣慰使都元","1","1","2"
"授云南诸路转运","1","1","2"
"云南诸路转运使","1","1","2"
"累赠推忠佐理功","1","1","2"
"加赠推诚守正佐","1","1","2"
"赠推诚守正佐理","1","1","2"
"推诚守正佐理翊","1","1","2"
"诚守正佐理翊戴","1","1","2"
"守正佐理翊戴功","1","1","2"
"正佐理翊戴功臣","1","1","2"
"玉册玉宝上皇后","1","1","2"
"册玉宝上皇后弘","1","1","2"
"玉宝上皇后弘吉","1","1","2"
"宝上皇后弘吉剌","1","1","2"
"上皇后弘吉剌氏","1","1","2"
"玉册金宝立燕王","1","1","2"
"遣蒙古军都元帅","1","1","2"
"加赠宣忠佐命开","1","1","2"
"赠宣忠佐命开济","1","1","2"
"宣忠佐命开济翊","1","1","2"
"忠佐命开济翊戴","1","1","2"
"佐命开济翊戴功","1","1","2"
"命开济翊戴功臣","1","1","2"
"先本武平北折连","1","1","2"
"本武平北折连川","1","1","2"
"武平北折连川按","1","1","2"
"平北折连川按答","1","1","2"
"北折连川按答罕","1","1","2"
"折连川按答罕山","1","1","2"
"连川按答罕山部","1","1","2"
"川按答罕山部族","1","1","2"
"白金二千五百两","1","1","2"
"遣阿剌罕率诸翼","1","1","2"
"阿剌罕率诸翼军","1","1","2"
"剌罕率诸翼军攻","1","1","2"
"罕率诸翼军攻郢","1","1","2"
"蒙古汉军上万户","1","1","2"
"行枢密院行中书","2","0","2"
"枢密院行中书省","2","0","2"
"行同知沿江枢密","1","1","2"
"同知沿江枢密院","1","1","2"
"知沿江枢密院事","1","1","2"
"福建行省平章政","1","1","2"
"建行省平章政事","1","1","2"
"赠推忠守正佐理","1","1","2"
"推忠守正佐理功","1","1","2"
"忠守正佐理功臣","1","1","2"
"授南京等路宣慰","1","1","2"
"南京等路宣慰使","1","1","2"
"改河南道宣慰使","1","1","2"
"彰德南京新军千","1","1","2"
"德南京新军千户","1","1","2"
"丞相帐前合必赤","1","1","2"
"相帐前合必赤军","1","1","2"
"江西等处行枢密","1","1","2"
"西等处行枢密院","1","1","2"
"大德二年十一月","1","1","2"
"德二年十一月卒","1","1","2"
"赠效忠宣力定远","1","1","2"
"效忠宣力定远功","1","1","2"
"立东路蒙古军上","1","1","2"
"东路蒙古军上万","1","1","2"
"路蒙古军上万户","1","1","2"
"蒙古军上万户府","1","1","2"
"安抚刘师勇攻吕","1","1","2"
"抚刘师勇攻吕城","1","1","2"
"使海外八罗孛国","1","1","2"
"右丞唆都征占城","1","1","2"
"功授江浙省理问","1","1","2"
"授江浙省理问官","1","1","2"
"龙翊亲军都指挥","1","1","2"
"亲军都指挥使事","1","1","2"
"伯颜河南行省左","2","0","2"
"颜河南行省左丞","2","0","2"
"特加伯颜银青荣","1","1","2"
"加伯颜银青荣禄","1","1","2"
"伯颜银青荣禄大","1","1","2"
"颜银青荣禄大夫","1","1","2"
"赐黄金二百五十","1","1","2"
"楮币二十五万缗","1","1","2"
"特加授侍正府侍","1","1","2"
"加授侍正府侍正","1","1","2"
"加伯颜昭功宣毅","1","1","2"
"伯颜昭功宣毅万","1","1","2"
"颜昭功宣毅万户","1","1","2"
"伯颜奉太皇太后","1","1","2"
"颜奉太皇太后命","1","1","2"
"斡罗思诸卫亲军","1","1","2"
"罗思诸卫亲军都","1","1","2"
"思诸卫亲军都指","1","1","2"
"诸卫亲军都指挥","1","1","2"
"军都指挥使司达","1","1","2"
"八番宣抚司达鲁","1","1","2"
"番宣抚司达鲁花","1","1","2"
"诏赠推诚定远宣","1","1","2"
"赠推诚定远宣忠","1","1","2"
"推诚定远宣忠亮","1","1","2"
"诚定远宣忠亮节","1","1","2"
"定远宣忠亮节功","1","1","2"
"远宣忠亮节功臣","1","1","2"
"升四川行省平章","1","1","2"
"陕西诸省诸王兵","1","1","2"
"文宗建奎章阁学","1","1","2"
"宗建奎章阁学士","1","1","2"
"建奎章阁学士院","1","1","2"
"辽阳行省参知政","1","1","2"
"阳行省参知政事","1","1","2"
"升河南行省右丞","1","1","2"
"丞相哈剌哈孙建","1","1","2"
"相哈剌哈孙建议","1","1","2"
"哈剌哈孙建议迎","1","1","2"
"剌哈孙建议迎立","1","1","2"
"哈孙建议迎立武","1","1","2"
"孙建议迎立武宗","1","1","2"
"山北辽东道肃政","1","1","2"
"北辽东道肃政廉","1","1","2"
"子脱欢同入国学","1","1","2"
"调同知通政院事","1","1","2"
"虎符唐兀亲军都","1","1","2"
"符唐兀亲军都指","1","1","2"
"唐兀亲军都指挥","1","1","2"
"兀亲军都指挥使","1","1","2"
"六世祖始居开平","1","1","2"
"赠翊运效节功臣","1","1","2"
"加赠推忠翊运效","1","1","2"
"赠推忠翊运效节","1","1","2"
"推忠翊运效节功","1","1","2"
"忠翊运效节功臣","1","1","2"
"成都经略使总管","1","1","2"
"都经略使总管万","1","1","2"
"经略使总管万户","1","1","2"
"丞相伯颜受命伐","1","1","2"
"相伯颜受命伐宋","1","1","2"
"河南行尚书省平","1","1","2"
"南行尚书省平章","1","1","2"
"知太史院侍仪司","1","1","2"
"太史院侍仪司事","1","1","2"
"中统元年二月卒","1","1","2"
"授山北辽东道提","1","1","2"
"河东山西两道肃","1","1","2"
"东山西两道肃政","1","1","2"
"山西两道肃政廉","1","1","2"
"西两道肃政廉访","1","1","2"
"两道肃政廉访使","1","1","2"
"授金州招讨副使","1","1","2"
"行淮西总管万户","1","1","2"
"淮西总管万户府","1","1","2"
"西总管万户府事","1","1","2"
"处州路管军万户","1","1","2"
"珍骠骑卫上将军","1","1","2"
"左翼侍卫亲军都","1","1","2"
"淮西道宣慰使都","1","1","2"
"西道宣慰使都元","1","1","2"
"乞里迷失攻淮安","1","1","2"
"同知山东西路兵","1","1","2"
"知山东西路兵马","1","1","2"
"山东西路兵马都","1","1","2"
"东西路兵马都总","1","1","2"
"西路兵马都总管","1","1","2"
"授济南武卫军总","1","1","2"
"济南武卫军总管","1","1","2"
"加推忠协力秉义","1","1","2"
"推忠协力秉义功","1","1","2"
"忠协力秉义功臣","1","1","2"
"蓬等处都元帅府","1","1","2"
"等处都元帅府参","1","1","2"
"处都元帅府参议","1","1","2"
"佥陕西道提刑按","1","1","2"
"陕西道提刑按察","1","1","2"
"夏中兴道按察副","1","1","2"
"中兴道按察副使","1","1","2"
"授佥行中书省事","1","1","2"
"中书左右司郎中","1","1","2"
"改江浙行省右丞","2","0","2"
"军前行尚书省事","1","1","2"
"后加赠推诚效节","1","1","2"
"加赠推诚效节功","1","1","2"
"赠推诚效节功臣","1","1","2"
"良弼同佥书枢密","1","1","2"
"弼同佥书枢密院","1","1","2"
"同佥书枢密院事","1","1","2"
"婿著作郎李稚宾","1","1","2"
"赠端贞雅亮佐治","1","1","2"
"端贞雅亮佐治功","1","1","2"
"贞雅亮佐治功臣","1","1","2"
"提刑按察司肃政","2","0","2"
"刑按察司肃政廉","2","0","2"
"按察司肃政廉访","2","0","2"
"察司肃政廉访司","2","0","2"
"皇庆元年三月卒","1","1","2"
"夔府等处蒙古汉","1","1","2"
"府等处蒙古汉军","1","1","2"
"等处蒙古汉军都","1","1","2"
"处蒙古汉军都元","1","1","2"
"古汉军都元帅参","1","1","2"
"汉军都元帅参议","1","1","2"
"分兵进取五溪洞","1","1","2"
"兵进取五溪洞蛮","1","1","2"
"都元帅脱察一军","1","1","2"
"功加龙虎卫上将","1","1","2"
"加龙虎卫上将军","1","1","2"
"遥授中书省左丞","1","1","2"
"改安抚司总管府","2","0","2"
"迁荆湖北道宣慰","2","0","2"
"诏加赐金五十两","1","1","2"
"陕西行省左右司","1","1","2"
"文天祥置都督府","1","1","2"
"守臣张清行都督","1","1","2"
"臣张清行都督府","1","1","2"
"张清行都督府事","1","1","2"
"湖广平章政事要","1","1","2"
"广平章政事要束","1","1","2"
"平章政事要束木","1","1","2"
"章政事要束木贪","1","1","2"
"顺德达泉引入城","1","1","2"
"德达泉引入城中","1","1","2"
"没民田千三百余","1","1","2"
"民田千三百余顷","1","1","2"
"温县南复入大河","1","1","2"
"福建闽海道提刑","1","1","2"
"建闽海道提刑按","1","1","2"
"闽海道提刑按察","1","1","2"
"海道提刑按察使","1","1","2"
"迁浙东道宣慰使","2","0","2"
"湖北湖南行省钱","1","1","2"
"北湖南行省钱粮","1","1","2"
"山东西道廉访使","1","1","2"
"河北河南道巡行","1","1","2"
"北河南道巡行劝","1","1","2"
"河南道巡行劝农","1","1","2"
"南道巡行劝农副","1","1","2"
"同知浙东道宣慰","1","1","2"
"知浙东道宣慰司","1","1","2"
"浙东道宣慰司事","1","1","2"
"陕西五路转运司","1","1","2"
"西五路转运司谘","1","1","2"
"五路转运司谘议","1","1","2"
"佥河东山西道提","1","1","2"
"山南湖北道提刑","1","1","2"
"江南浙西道提刑","1","1","2"
"南浙西道提刑按","1","1","2"
"西京参议宣慰司","1","1","2"
"京参议宣慰司事","1","1","2"
"佥河南江北行中","1","1","2"
"河南江北行中书","1","1","2"
"南江北行中书省","1","1","2"
"江北行中书省事","1","1","2"
"赠旧学同德翊戴","1","1","2"
"旧学同德翊戴辅","1","1","2"
"学同德翊戴辅治","1","1","2"
"同德翊戴辅治功","1","1","2"
"德翊戴辅治功臣","1","1","2"
"诸道行御史台治","1","1","2"
"道行御史台治书","1","1","2"
"迁中书省右司员","1","1","2"
"中书省右司员外","1","1","2"
"书省右司员外郎","1","1","2"
"西台治书侍御史","1","1","2"
"武卫府史授通惠","1","1","2"
"卫府史授通惠河","1","1","2"
"府史授通惠河道","1","1","2"
"史授通惠河道所","1","1","2"
"授通惠河道所都","1","1","2"
"通惠河道所都事","1","1","2"
"江浙等处行中书","1","1","2"
"浙等处行中书省","1","1","2"
"迁京畿都漕运使","1","1","2"
"河南等处行省平","1","1","2"
"南等处行省平章","1","1","2"
"等处行省平章政","1","1","2"
"处行省平章政事","1","1","2"
"加推诚佐理功臣","1","1","2"
"河南等处行中书","1","1","2"
"南等处行中书省","1","1","2"
"江西肃政廉访副","1","1","2"
"浙东肃政廉访副","1","1","2"
"赠摅诚秉义佐理","1","1","2"
"摅诚秉义佐理功","1","1","2"
"诚秉义佐理功臣","1","1","2"
"推忠宣力保德功","1","1","2"
"忠宣力保德功臣","1","1","2"
"赠守正佐治功臣","1","1","2"
"改授翰林学士承","1","1","2"
"赠推忠辅义守正","1","1","2"
"推忠辅义守正功","1","1","2"
"忠辅义守正功臣","1","1","2"
"改四川肃政廉访","1","1","2"
"四川肃政廉访使","1","1","2"
"赠世忠执法佐运","1","1","2"
"世忠执法佐运翊","1","1","2"
"忠执法佐运翊亮","1","1","2"
"执法佐运翊亮功","1","1","2"
"法佐运翊亮功臣","1","1","2"
"升应奉翰林文字","1","1","2"
"迁两浙都转运盐","1","1","2"
"都转运盐使司石","1","1","2"
"转运盐使司石堰","1","1","2"
"运盐使司石堰西","1","1","2"
"盐使司石堰西场","1","1","2"
"使司石堰西场监","1","1","2"
"司石堰西场监运","1","1","2"
"升江南行台御史","1","1","2"
"转中书左司都事","1","1","2"
"除翰林侍讲学士","2","0","2"
"迁改集贤侍讲学","1","1","2"
"赠昭文馆大学士","1","1","2"
"淮东宣慰司都元","1","1","2"
"东宣慰司都元帅","1","1","2"
"佥书枢密院事韩","1","1","2"
"书枢密院事韩镛","1","1","2"
"同知岳州路平江","1","1","2"
"知岳州路平江州","1","1","2"
"岳州路平江州事","1","1","2"
"迁中书左司都事","2","0","2"
"赠推忠赞理正宪","1","1","2"
"推忠赞理正宪功","1","1","2"
"忠赞理正宪功臣","1","1","2"
"赠摅诚赞治功臣","1","1","2"
"改宣文阁监书博","1","1","2"
"翰林侍讲学士郝","1","1","2"
"林侍讲学士郝彬","1","1","2"
"镇江淮海书院山","1","1","2"
"江淮海书院山长","1","1","2"
"南行台中丞廉恒","1","1","2"
"调检校章迪率本","1","1","2"
"检校章迪率本部","1","1","2"
"校章迪率本部兵","1","1","2"
"赠黼摅忠秉义效","1","1","2"
"黼摅忠秉义效节","1","1","2"
"摅忠秉义效节功","1","1","2"
"忠秉义效节功臣","1","1","2"
"淮南江北等处行","1","1","2"
"赠崇化宣力效忠","1","1","2"
"崇化宣力效忠功","1","1","2"
"化宣力效忠功臣","1","1","2"
"南江北等处行省","1","1","2"
"江北等处行省左","1","1","2"
"北等处行省左丞","1","1","2"
"授国史院编修官","1","1","2"
"省平章政事咬住","1","1","2"
"襄阳路达鲁花赤","1","1","2"
"同知建宁路总管","1","1","2"
"知建宁路总管府","1","1","2"
"建宁路总管府事","1","1","2"
"廉访司书吏调连","1","1","2"
"访司书吏调连江","1","1","2"
"司书吏调连江县","1","1","2"
"书吏调连江县宁","1","1","2"
"吏调连江县宁善","1","1","2"
"调连江县宁善乡","1","1","2"
"连江县宁善乡巡","1","1","2"
"江县宁善乡巡检","1","1","2"
"律吕律历礼乐杂","1","1","2"
"吕律历礼乐杂志","1","1","2"
"江西行省平章全","1","1","2"
"西行省平章全岳","1","1","2"
"行省平章全岳柱","1","1","2"
"省平章全岳柱聘","1","1","2"
"诸色人匠总管府","1","1","2"
"色人匠总管府达","1","1","2"
"阿合马平章政事","2","0","2"
"尚书省入中书省","2","0","2"
"阿合马中书平章","2","0","2"
"合马中书平章政","2","0","2"
"马中书平章政事","2","0","2"
"江南田主收佃客","1","1","2"
"南田主收佃客租","1","1","2"
"田主收佃客租课","1","1","2"
"改行中书省行尚","2","0","2"
"参议尚书省事阿","1","1","2"
"议尚书省事阿散","1","1","2"
"札鲁忽赤秃忽鲁","1","1","2"
"尚书省断事官燕","1","1","2"
"书省断事官燕真","1","1","2"
"监察御史伯颜等","1","1","2"
"察御史伯颜等十","1","1","2"
"御史伯颜等十二","1","1","2"
"史伯颜等十二人","1","1","2"
"受杭州永兴寺僧","1","1","2"
"杭州永兴寺僧章","1","1","2"
"福赂金一百五十","1","1","2"
"赂金一百五十两","1","1","2"
"妹婿集贤学士秃","1","1","2"
"婿集贤学士秃鲁","1","1","2"
"集贤学士秃鲁帖","1","1","2"
"贤学士秃鲁帖木","1","1","2"
"福建宣慰使都元","1","1","2"
"建宣慰使都元帅","1","1","2"
"妾弟崔完者帖木","1","1","2"
"忠翊亲军都指挥","1","1","2"
"遣左谏议大夫朴","1","1","2"
"左谏议大夫朴伦","1","1","2"
"郎将辛洪成等奉","1","1","2"
"将辛洪成等奉表","1","1","2"
"辛洪成等奉表入","1","1","2"
"洪成等奉表入朝","1","1","2"
"遣知门下省事申","1","1","2"
"知门下省事申思","1","1","2"
"借礼部侍郎张镒","1","1","2"
"礼部侍郎张镒奉","1","1","2"
"部侍郎张镒奉表","1","1","2"
"金州等处置镇边","2","0","2"
"州等处置镇边万","2","0","2"
"等处置镇边万户","2","0","2"
"处置镇边万户府","2","0","2"
"明威将军都统脱","2","0","2"
"诏高丽国王王禃","2","0","2"
"军民都达鲁花赤","1","1","2"
"民都达鲁花赤总","1","1","2"
"都达鲁花赤总管","1","1","2"
"达鲁花赤总管府","1","1","2"
"杀国使杜世忠等","2","0","2"
"日本行省参议裴","1","1","2"
"本行省参议裴国","1","1","2"
"行省参议裴国佐","1","1","2"
"省参议裴国佐等","1","1","2"
"本省右丞相阿剌","1","1","2"
"省右丞相阿剌罕","1","1","2"
"命阿塔海代总军","1","1","2"
"阿塔海代总军事","1","1","2"
"会同馆使哈剌脱","1","1","2"
"工部郎中李克忠","1","1","2"
"安南殿前范海崖","1","1","2"
"获亡宋陈尚书婿","1","1","2"
"叶郎将等四百余","1","1","2"
"郎将等四百余人","1","1","2"
"军三百镇守巡逻","1","1","2"
"昔班等送彰宪侯","1","1","2"
"留兵二千五百人","1","1","2"
"兵二千五百人命","1","1","2"
"二千五百人命万","1","1","2"
"千五百人命万户","1","1","2"
"五百人命万户贺","1","1","2"
"百人命万户贺祉","1","1","2"
"人命万户贺祉统","1","1","2"
"阿八赤万人前锋","2","0","2"
"遇交趾船四百余","1","1","2"
"交趾船四百余艘","1","1","2"
"镇南王引兵万劫","2","0","2"
"国杰设幕官十一","1","1","2"
"杰设幕官十一人","1","1","2"
"遣陪臣莫节夫等","1","1","2"
"文宗天历二年夏","1","1","2"
"时大理路蒙古千","1","1","2"
"大理路蒙古千户","1","1","2"
"理路蒙古千户忽","1","1","2"
"路蒙古千户忽都","1","1","2"
"大理路总管信苴","1","1","2"
"理路总管信苴日","1","1","2"
"千户脱罗脱孩奉","1","1","2"
"户脱罗脱孩奉命","1","1","2"
"子窟麻剌哥撒八","1","1","2"
"窟麻剌哥撒八逃","1","1","2"
"二十一年三月六","1","1","2"
"十一年三月六日","1","1","2"
"忽都虎令百户陈","1","1","2"
"都虎令百户陈奎","1","1","2"
"虎令百户陈奎招","1","1","2"
"劳邛大巴南等奉","1","1","2"
"邛大巴南等奉表","1","1","2"
"大巴南等奉表归","1","1","2"
"土虎登哥等水军","1","1","2"
"虎登哥等水军溯","1","1","2"
"登哥等水军溯流","1","1","2"
"子八林昔黑剌秃","1","1","2"
"八林昔黑剌秃合","1","1","2"
"林昔黑剌秃合必","1","1","2"
"昔黑剌秃合必畜","1","1","2"
"兀鲁回失连真河","1","1","2"
"尊号曰成吉思皇","2","0","2"
"号曰成吉思皇帝","2","0","2"
"纥石烈九斤等率","1","1","2"
"左都监奥屯襄率","1","1","2"
"兴中府元帅石天","1","1","2"
"中府元帅石天应","1","1","2"
"御史中丞李英等","1","1","2"
"史中丞李英等率","1","1","2"
"中都留守完颜福","1","1","2"
"都留守完颜福兴","1","1","2"
"红罗山寨主杜秀","1","1","2"
"史天倪河北西路","2","0","2"
"等州户三十万归","2","0","2"
"董俊龙虎卫上将","1","1","2"
"俊龙虎卫上将军","1","1","2"
"遣乌古孙仲端奉","1","1","2"
"涟水忠义统辖石","1","1","2"
"攻玉龙杰赤等城","1","1","2"
"京东安抚使张琳","1","1","2"
"宋大名总管彭义","2","0","2"
"德顺节度使爱申","1","1","2"
"马步军都元帅察","1","1","2"
"步军都元帅察罕","1","1","2"
"军都元帅察罕等","1","1","2"
"都元帅察罕等率","1","1","2"
"汪吉宿灭秃里地","1","1","2"
"曲律淮黑哈速地","1","1","2"
"阿剌脱忽剌兀地","1","1","2"
"河等处行尚书省","1","1","2"
"皇后乞里吉忽帖","1","1","2"
"后乞里吉忽帖尼","1","1","2"
"留兀良合台攻诸","2","0","2"
"兀良合台攻诸夷","2","0","2"
"良合台攻诸夷未","2","0","2"
"合台攻诸夷未附","2","0","2"
"台攻诸夷未附者","2","0","2"
"云南酋长摩合罗","1","1","2"
"南酋长摩合罗嵯","1","1","2"
"日煚传国长子光","2","0","2"
"煚传国长子光昺","2","0","2"
"光昺遣婿国人方","2","0","2"
"昺遣婿国人方物","2","0","2"
"遣婿国人方物见","2","0","2"
"兀良合台送诣行","2","0","2"
"良合台送诣行所","2","0","2"
"四川制置使蒲泽","1","1","2"
"参知政事刘太平","1","1","2"
"翰林侍读学士郝","1","1","2"
"林侍读学士郝经","1","1","2"
"礼部郎中刘人杰","1","1","2"
"庚申年五月十九","1","1","2"
"申年五月十九日","1","1","2"
"济南等路宣抚使","1","1","2"
"河南路经略使史","1","1","2"
"南路经略使史天","1","1","2"
"路经略使史天泽","1","1","2"
"北京等路宣抚使","1","1","2"
"彰德等路宣抚使","1","1","2"
"成都路侍郎张威","1","1","2"
"京兆两路宣抚司","1","1","2"
"宣抚司运米十万","1","1","2"
"抚司运米十万石","1","1","2"
"四川宣抚司八春","1","1","2"
"东平路万户严忠","1","1","2"
"平路万户严忠济","1","1","2"
"路万户严忠济等","1","1","2"
"精兵一万五千人","1","1","2"
"倎遣子永安公僖","2","0","2"
"山东行省大都督","1","1","2"
"东行省大都督李","1","1","2"
"行省大都督李璮","2","0","2"
"河南路宣抚使史","1","1","2"
"南路宣抚使史天","1","1","2"
"路宣抚使史天泽","1","1","2"
"造中统元宝交钞","2","0","2"
"名等路宣抚使张","1","1","2"
"等路宣抚使张文","1","1","2"
"路宣抚使张文谦","1","1","2"
"宣抚使张文谦虎","1","1","2"
"抚使张文谦虎符","1","1","2"
"兆等路宣抚使廉","1","1","2"
"等路宣抚使廉希","1","1","2"
"路宣抚使廉希宪","1","1","2"
"总帅汪良臣等率","1","1","2"
"礼部员外郎李文","1","1","2"
"部员外郎李文俊","1","1","2"
"绢五千九十八匹","2","0","2"
"二年春正月辛未","2","0","2"
"发兵修益都城堑","2","0","2"
"河南经略宣抚使","1","1","2"
"南经略宣抚使史","1","1","2"
"经略宣抚使史天","1","1","2"
"略宣抚使史天泽","1","1","2"
"东平路行军万户","1","1","2"
"窦默翰林侍讲学","2","0","2"
"泸州安抚使刘整","1","1","2"
"青居山都元帅钦","1","1","2"
"居山都元帅钦察","1","1","2"
"山都元帅钦察等","1","1","2"
"怀孟广济渠提举","1","1","2"
"孟广济渠提举王","1","1","2"
"广济渠提举王允","1","1","2"
"济渠提举王允中","1","1","2"
"命宿卫将军孛里","1","1","2"
"宿卫将军孛里察","1","1","2"
"部郎中高逸民持","1","1","2"
"郎中高逸民持诏","1","1","2"
"军储都转运使司","1","1","2"
"章政事王文统监","1","1","2"
"政事王文统监修","1","1","2"
"燕京等路宣抚使","1","1","2"
"京等路宣抚使赛","1","1","2"
"等路宣抚使赛典","1","1","2"
"路宣抚使赛典赤","1","1","2"
"武卫军都指挥使","1","1","2"
"卫军都指挥使李","1","1","2"
"都指挥使李伯祐","2","0","2"
"宣抚使粘合南合","1","1","2"
"翰林侍讲学士窦","1","1","2"
"林侍讲学士窦默","1","1","2"
"太医副使王安仁","1","1","2"
"医副使王安仁衣","1","1","2"
"邢州安抚使张耕","1","1","2"
"州安抚使张耕告","1","1","2"
"安抚使张耕告老","1","1","2"
"亲军都指挥使李","1","1","2"
"东平府详议官王","1","1","2"
"平府详议官王镛","1","1","2"
"户部郎中宋绍祖","1","1","2"
"敬铉等三十人充","1","1","2"
"祀东海广德王庙","1","1","2"
"付新军刘总管统","1","1","2"
"左三部尚书怯烈","1","1","2"
"三部尚书怯烈门","1","1","2"
"部尚书怯烈门率","1","1","2"
"河南屯田万户史","1","1","2"
"南屯田万户史权","1","1","2"
"指挥使董文炳率","1","1","2"
"封皇子真金燕王","2","0","2"
"太常少卿王镛教","1","1","2"
"天下户一百四十","2","0","2"
"户一百四十一万","1","1","2"
"一百四十一万八","1","1","2"
"百四十一万八千","1","1","2"
"四十一万八千四","1","1","2"
"十一万八千四百","1","1","2"
"一万八千四百九","1","1","2"
"万八千四百九十","1","1","2"
"八千四百九十九","1","1","2"
"诸王塔察请置铁","2","0","2"
"王塔察请置铁冶","2","0","2"
"遣宣抚使柴祯等","1","1","2"
"诸王合必赤行军","2","0","2"
"王合必赤行军印","2","0","2"
"宋制置使贾似道","1","1","2"
"亳州万户张弘彦","1","1","2"
"大名万户王文干","1","1","2"
"武卫军炮手元帅","1","1","2"
"卫军炮手元帅薛","1","1","2"
"军炮手元帅薛军","1","1","2"
"炮手元帅薛军胜","1","1","2"
"手元帅薛军胜等","1","1","2"
"济南路军民万户","1","1","2"
"南路军民万户张","1","1","2"
"路军民万户张宏","1","1","2"
"宋子贞参议行中","1","1","2"
"子贞参议行中书","1","1","2"
"贞参议行中书省","1","1","2"
"参议行中书省事","1","1","2"
"元帅阿海分兵戍","1","1","2"
"东平万户严忠范","1","1","2"
"平万户严忠范留","1","1","2"
"括北京鹰坊等户","2","0","2"
"京鹰坊等户丁兵","2","0","2"
"户部尚书刘肃专","1","1","2"
"部尚书刘肃专职","1","1","2"
"军民总帅蒲元圭","1","1","2"
"撒吉思安抚益都","1","1","2"
"吉思安抚益都路","1","1","2"
"左三部尚书刘肃","1","1","2"
"太原总管李毅奴","1","1","2"
"原总管李毅奴哥","1","1","2"
"四十三万七千四","1","1","2"
"十三万七千四百","1","1","2"
"三万七千四百锭","1","1","2"
"广济河渠司王允","1","1","2"
"济河渠司王允中","1","1","2"
"河渠司王允中请","1","1","2"
"亲军都指挥使董","1","1","2"
"军都指挥使董文","1","1","2"
"都指挥使董文炳","1","1","2"
"益都行省大都督","1","1","2"
"都行省大都督撒","1","1","2"
"陈光昞遣使贡方","2","0","2"
"光昞遣使贡方物","2","0","2"
"益都行中书省都","1","1","2"
"都行中书省都督","1","1","2"
"行中书省都督府","1","1","2"
"中书省都督府所","1","1","2"
"书省都督府所统","1","1","2"
"东西两川都元帅","1","1","2"
"西两川都元帅府","1","1","2"
"银一千五百五十","1","1","2"
"一千五百五十两","1","1","2"
"巩昌总帅汪惟正","2","0","2"
"万户严忠范修复","1","1","2"
"户严忠范修复宿","1","1","2"
"严忠范修复宿州","1","1","2"
"燕京路监榷官曹","1","1","2"
"京路监榷官曹泽","1","1","2"
"路监榷官曹泽等","1","1","2"
"一百四十七万六","1","1","2"
"百四十七万六千","1","1","2"
"四十七万六千一","1","1","2"
"十七万六千一百","1","1","2"
"七万六千一百四","1","1","2"
"万六千一百四十","1","1","2"
"六千一百四十六","1","1","2"
"益都路行省大都","1","1","2"
"都路行省大都督","1","1","2"
"路行省大都督撒","1","1","2"
"七千九百二十二","1","1","2"
"千九百二十二人","1","1","2"
"召云顶山侍郎张","1","1","2"
"云顶山侍郎张威","1","1","2"
"二千七百五十两","1","1","2"
"撒吉思招集益都","1","1","2"
"吉思招集益都逃","1","1","2"
"益都千户傅国忠","1","1","2"
"达鲁花赤兀良吉","2","0","2"
"岁输铁一百三万","2","0","2"
"输铁一百三万七","2","0","2"
"铁一百三万七千","2","0","2"
"一百三万七千斤","2","0","2"
"就铸农器二十万","2","0","2"
"铸农器二十万事","2","0","2"
"河南路总管刘克","1","1","2"
"南路总管刘克兴","1","1","2"
"钞二千一百七十","1","1","2"
"二千一百七十四","1","1","2"
"千一百七十四锭","1","1","2"
"帛一千四百二十","1","1","2"
"一千四百二十匹","1","1","2"
"赐高丽国王王禃","2","0","2"
"王爪都牛马价银","1","1","2"
"六万三千一百两","1","1","2"
"蒙古百户阿昔等","1","1","2"
"大名两道宣慰司","1","1","2"
"名两道宣慰司所","1","1","2"
"令益都元帅钦察","1","1","2"
"益都元帅钦察统","1","1","2"
"一百五十七万九","1","1","2"
"百五十七万九千","1","1","2"
"五十七万九千一","1","1","2"
"十七万九千一百","1","1","2"
"七万九千一百一","1","1","2"
"万九千一百一十","1","1","2"
"丝七十万六千四","1","1","2"
"七十万六千四百","1","1","2"
"钞四万九千四百","1","1","2"
"四万九千四百八","1","1","2"
"万九千四百八十","1","1","2"
"九千四百八十七","1","1","2"
"千四百八十七锭","1","1","2"
"元年春正月丁丑","2","0","2"
"国王王禃遣使奉","2","0","2"
"王王禃遣使奉表","2","0","2"
"益都武卫军千人","2","0","2"
"二千三百二十九","1","1","2"
"千三百二十九户","1","1","2"
"三百二十九户隶","1","1","2"
"命千户土虎等戍","1","1","2"
"路总管史权等二","1","1","2"
"总管史权等二十","1","1","2"
"管史权等二十三","1","1","2"
"史权等二十三人","1","1","2"
"御苑官南家带请","1","1","2"
"逆党万户张邦直","1","1","2"
"党万户张邦直兄","1","1","2"
"万户张邦直兄弟","1","1","2"
"平阴县尹马钦发","1","1","2"
"六番安抚招讨使","1","1","2"
"万户石抹糺札剌","2","0","2"
"赐诸王玉龙答失","2","0","2"
"立山东诸路行中","1","1","2"
"山东诸路行中书","1","1","2"
"东诸路行中书省","1","1","2"
"参知政事张惠等","1","1","2"
"凤翔府龙泉寺僧","1","1","2"
"山东经略副使武","1","1","2"
"东经略副使武秀","1","1","2"
"太原路总管攸忙","1","1","2"
"原路总管攸忙兀","1","1","2"
"路总管攸忙兀带","1","1","2"
"年历日赐高丽国","2","0","2"
"五代度师李居寿","1","1","2"
"中书省左右部诸","2","0","2"
"书省左右部诸路","2","0","2"
"省左右部诸路都","2","0","2"
"左右部诸路都转","2","0","2"
"右部诸路都转运","2","0","2"
"部诸路都转运使","2","0","2"
"诸路都转运使阿","1","1","2"
"路都转运使阿里","1","1","2"
"一百五十八万八","1","1","2"
"百五十八万八千","1","1","2"
"五十八万八千一","1","1","2"
"十八万八千一百","1","1","2"
"八万八千一百九","1","1","2"
"万八千一百九十","1","1","2"
"八千一百九十五","1","1","2"
"真定路总管张宏","1","1","2"
"邳州万户张邦直","1","1","2"
"州万户张邦直等","1","1","2"
"新旧军万户董文","1","1","2"
"旧军万户董文炳","1","1","2"
"亲王玉龙答失部","1","1","2"
"丽国王王禃遣弟","2","0","2"
"亲王兀鲁带河间","1","1","2"
"王兀鲁带河间王","1","1","2"
"山东廉访使王晋","1","1","2"
"雅州碉门宣抚使","1","1","2"
"州碉门宣抚使请","1","1","2"
"平章政事廉希宪","1","1","2"
"政事廉希宪行省","2","0","2"
"王陈光昞遣使奉","2","0","2"
"陈光昞遣使奉表","2","0","2"
"光昞遣使奉表贡","2","0","2"
"济南路邹平县进","1","1","2"
"王王禃遣使贡方","2","0","2"
"王禃遣使贡方物","2","0","2"
"伯颜中书左丞相","2","0","2"
"战功银二百五十","1","1","2"
"功银二百五十两","1","1","2"
"一百五十九万七","1","1","2"
"百五十九万七千","1","1","2"
"五十九万七千六","1","1","2"
"十九万七千六百","1","1","2"
"丝九十八万六千","1","1","2"
"九十八万六千二","1","1","2"
"十八万六千二百","1","1","2"
"八万六千二百八","1","1","2"
"万六千二百八十","1","1","2"
"六千二百八十八","1","1","2"
"千二百八十八斤","1","1","2"
"五万七千六百八","1","1","2"
"万七千六百八十","1","1","2"
"七千六百八十二","1","1","2"
"千六百八十二锭","1","1","2"
"国王王禃遣使贺","2","0","2"
"四川行枢密院谋","1","1","2"
"同知制国使司事","2","0","2"
"济南益都转运使","1","1","2"
"南益都转运使王","1","1","2"
"益都转运使王明","1","1","2"
"亳州水军千户胡","1","1","2"
"州水军千户胡进","1","1","2"
"水军千户胡进等","1","1","2"
"命山东统军副使","1","1","2"
"尚恐王国知未审","2","0","2"
"平章政事赵璧等","1","1","2"
"忽都答中书左丞","2","0","2"
"都答中书左丞相","2","0","2"
"嘉定等府沿江一","1","1","2"
"定等府沿江一带","1","1","2"
"史天泽中书左丞","2","0","2"
"天泽中书左丞相","2","0","2"
"高丽使者宋君斐","1","1","2"
"总管张弘范等盗","1","1","2"
"太白犯轩辕大星","2","0","2"
"丽国王王禃遣秘","2","0","2"
"国王王禃遣秘书","2","0","2"
"王王禃遣秘书监","2","0","2"
"遣云南王忽哥赤","1","1","2"
"云南王忽哥赤镇","1","1","2"
"立夔府路总帅府","1","1","2"
"河南路统军使讷","1","1","2"
"南路统军使讷怀","1","1","2"
"将士战功银九千","1","1","2"
"士战功银九千六","1","1","2"
"战功银九千六百","1","1","2"
"功银九千六百五","1","1","2"
"银九千六百五十","1","1","2"
"九千六百五十两","1","1","2"
"立辽东路水驿七","1","1","2"
"银五万五千三百","1","1","2"
"五万五千三百两","1","1","2"
"一百六十四万四","1","1","2"
"百六十四万四千","1","1","2"
"郎中孟甲持诏谕","2","0","2"
"召翰林直学士高","1","1","2"
"翰林直学士高鸣","1","1","2"
"军副使王仲仁戍","1","1","2"
"丞相塔察御史大","2","0","2"
"相塔察御史大夫","2","0","2"
"东西二川统军司","1","1","2"
"周天大醮七昼夜","1","1","2"
"三十一万八千石","1","1","2"
"立河南等路行中","1","1","2"
"五千九百九十九","1","1","2"
"千九百九十九石","1","1","2"
"丽国王王禃遣世","2","0","2"
"国王王禃遣世子","2","0","2"
"王王禃遣世子愖","2","0","2"
"王禃遣世子愖朝","2","0","2"
"二万七千五百九","1","1","2"
"万七千五百九十","1","1","2"
"七千五百九十石","1","1","2"
"水军千户邢德立","1","1","2"
"荆鄂都统唐永坚","1","1","2"
"相视耽罗等处道","2","0","2"
"愖率兵三千赴国","2","0","2"
"率兵三千赴国难","2","0","2"
"管军万户宋仲义","1","1","2"
"军万户宋仲义征","1","1","2"
"刑部尚书金方庆","1","1","2"
"赵璧行中书省东","2","0","2"
"璧行中书省东京","2","0","2"
"诏谕高丽国军民","2","0","2"
"高丽都统崔坦等","2","0","2"
"挈西京五十余城","2","0","2"
"西京都统李延龄","1","1","2"
"米十二万八千九","1","1","2"
"十二万八千九百","1","1","2"
"二万八千九百石","1","1","2"
"万八千九百石赈","1","1","2"
"尚书礼部侍郎朴","1","1","2"
"一百六十八万四","1","1","2"
"百六十八万四千","1","1","2"
"六十八万四千一","1","1","2"
"十八万四千一百","1","1","2"
"八万四千一百五","1","1","2"
"万四千一百五十","1","1","2"
"四千一百五十七","1","1","2"
"平章政事忽都答","1","1","2"
"同平章尚书省事","2","0","2"
"前中书右丞相伯","1","1","2"
"太常卿徐世隆所","1","1","2"
"参知政事张文谦","1","1","2"
"四道巡行劝农司","1","1","2"
"东西川统军司率","1","1","2"
"隆兴府总管昔剌","1","1","2"
"兴府总管昔剌斡","1","1","2"
"府总管昔剌斡脱","1","1","2"
"前左壁总帅史枢","1","1","2"
"河西行省钞万锭","2","0","2"
"西夏提刑按察司","1","1","2"
"夏提刑按察司管","1","1","2"
"提刑按察司管民","1","1","2"
"刑按察司管民官","1","1","2"
"鱼通路知府高曳","1","1","2"
"通路知府高曳失","1","1","2"
"建大护国仁王寺","2","0","2"
"万九千四百四十","1","1","2"
"九千四百四十九","1","1","2"
"赐先朝后妃诸王","2","0","2"
"先朝后妃诸王金","2","0","2"
"居民三百八十二","1","1","2"
"民三百八十二户","1","1","2"
"谍知珍岛余粮将","2","0","2"
"东京等路行尚书","1","1","2"
"京等路行尚书省","1","1","2"
"宣慰都元帅宝合","1","1","2"
"慰都元帅宝合丁","1","1","2"
"河东山西道按察","1","1","2"
"东山西道按察司","1","1","2"
"高丽叛臣裴仲孙","1","1","2"
"仲孙乞诸军退屯","2","0","2"
"滨棣万户韩世安","1","1","2"
"西夏中兴等路行","2","0","2"
"中兴等路行尚书","2","0","2"
"兴等路行尚书省","2","0","2"
"王国昌分道进讨","2","0","2"
"运山侍郎张大悦","1","1","2"
"中三卫亲军都指","1","1","2"
"三卫亲军都指挥","1","1","2"
"改赐民田三百户","1","1","2"
"二万八千六百锭","1","1","2"
"右卫亲军都指挥","1","1","2"
"亲军都指挥使忽","1","1","2"
"军都指挥使忽都","1","1","2"
"都指挥使忽都等","1","1","2"
"统制范广等五十","1","1","2"
"制范广等五十余","1","1","2"
"范广等五十余人","1","1","2"
"尚书省迁入中书","1","1","2"
"书省迁入中书省","1","1","2"
"一百九十四万六","1","1","2"
"百九十四万六千","1","1","2"
"九十四万六千二","1","1","2"
"十四万六千二百","1","1","2"
"四万六千二百七","1","1","2"
"万六千二百七十","1","1","2"
"千一百六十七锭","1","1","2"
"皇子西平王奥鲁","1","1","2"
"子西平王奥鲁赤","1","1","2"
"欲速公弄等土番","1","1","2"
"速公弄等土番军","1","1","2"
"西平王奥鲁赤马","1","1","2"
"平王奥鲁赤马价","1","1","2"
"南平王秃鲁银印","1","1","2"
"山东东路都元帅","1","1","2"
"东东路都元帅府","1","1","2"
"东路都元帅府统","1","1","2"
"路都元帅府统军","1","1","2"
"都元帅府统军司","1","1","2"
"奉使日本赵良弼","2","0","2"
"使日本赵良弼遣","2","0","2"
"日本赵良弼遣书","2","0","2"
"本赵良弼遣书状","2","0","2"
"赵良弼遣书状官","2","0","2"
"良弼遣书状官张","2","0","2"
"弼遣书状官张铎","2","0","2"
"汉军都元帅刘整","1","1","2"
"高丽国西京属城","1","1","2"
"城诸达鲁花赤质","2","0","2"
"诸达鲁花赤质子","2","0","2"
"达鲁花赤质子金","2","0","2"
"鲁花赤质子金镒","2","0","2"
"花赤质子金镒等","2","0","2"
"赤质子金镒等归","2","0","2"
"质子金镒等归国","2","0","2"
"乞里吉思屯田所","1","1","2"
"山东路行枢密院","1","1","2"
"东路行枢密院塔","1","1","2"
"白头河四处城堡","1","1","2"
"京兆等处探马赤","1","1","2"
"师转战五十余里","1","1","2"
"东川元帅李吉等","1","1","2"
"刘整卢龙军节度","1","1","2"
"整卢龙军节度使","1","1","2"
"北平王南木合军","1","1","2"
"平王南木合军马","1","1","2"
"王南木合军马一","1","1","2"
"南木合军马一万","1","1","2"
"木合军马一万二","1","1","2"
"合军马一万二千","1","1","2"
"军马一万二千九","1","1","2"
"马一万二千九百","1","1","2"
"一万二千九百九","1","1","2"
"万二千九百九十","1","1","2"
"二千九百九十一","1","1","2"
"羊六万一千五百","1","1","2"
"六万一千五百三","1","1","2"
"万一千五百三十","1","1","2"
"一千五百三十一","1","1","2"
"同知王世英等八","1","1","2"
"知王世英等八人","1","1","2"
"王世英等八人弃","1","1","2"
"世英等八人弃城","1","1","2"
"拱卫直都指挥使","1","1","2"
"卫直都指挥使司","1","1","2"
"一百九十五万五","1","1","2"
"百九十五万五千","1","1","2"
"九十五万五千八","1","1","2"
"十五万五千八百","1","1","2"
"五万五千八百八","1","1","2"
"万五千八百八十","1","1","2"
"断死罪三十九人","2","0","2"
"赏东川统军合剌","1","1","2"
"书右丞相安童授","1","1","2"
"前中书左丞相耶","1","1","2"
"文焕昭勇大将军","1","1","2"
"平章军国重事史","1","1","2"
"章军国重事史天","1","1","2"
"军国重事史天泽","1","1","2"
"利州等路统军使","1","1","2"
"州等路统军使合","1","1","2"
"等路统军使合剌","1","1","2"
"东川副统军王仲","1","1","2"
"川副统军王仲仁","1","1","2"
"东西两川统军司","1","1","2"
"赛典赤行省云南","2","0","2"
"置东宫宫师府詹","1","1","2"
"东宫宫师府詹事","1","1","2"
"生券军乞驻东京","2","0","2"
"敕东京路运米二","2","0","2"
"路运米二万石赈","2","0","2"
"征东招讨使塔匣","1","1","2"
"东招讨使塔匣剌","1","1","2"
"招讨使塔匣剌请","1","1","2"
"十三人斗殴杀人","2","0","2"
"皇子奥鲁赤合兵","1","1","2"
"酋长下济等四人","1","1","2"
"召阿术同吕文焕","1","1","2"
"阿术同吕文焕入","1","1","2"
"皇子北平王合军","1","1","2"
"子北平王合军讨","1","1","2"
"五十四万五千五","1","1","2"
"十四万五千五百","1","1","2"
"四万五千五百九","1","1","2"
"万五千五百九十","1","1","2"
"五千五百九十石","1","1","2"
"下户一百九十六","2","0","2"
"户一百九十六万","2","0","2"
"一百九十六万二","1","1","2"
"百九十六万二千","1","1","2"
"九十六万二千七","1","1","2"
"十六万二千七百","1","1","2"
"六万二千七百九","1","1","2"
"万二千七百九十","1","1","2"
"二千七百九十五","1","1","2"
"受皇太子诸王百","2","0","2"
"皇太子诸王百官","2","0","2"
"太子诸王百官朝","2","0","2"
"子诸王百官朝贺","2","0","2"
"禃遣少卿李义孙","2","0","2"
"遣少卿李义孙等","2","0","2"
"金州招讨使钦察","1","1","2"
"州招讨使钦察率","1","1","2"
"忙古带等新旧军","1","1","2"
"古带等新旧军一","1","1","2"
"带等新旧军一万","1","1","2"
"等新旧军一万一","1","1","2"
"新旧军一万一千","1","1","2"
"旧军一万一千五","1","1","2"
"军一万一千五百","1","1","2"
"一万一千五百人","1","1","2"
"万一千五百人戍","1","1","2"
"立建都宁远都护","1","1","2"
"建都宁远都护府","1","1","2"
"置西蜀四川屯田","1","1","2"
"西蜀四川屯田经","1","1","2"
"蜀四川屯田经略","1","1","2"
"四川屯田经略司","1","1","2"
"新德副元帅杨尧","1","1","2"
"德副元帅杨尧元","1","1","2"
"副元帅杨尧元战","1","1","2"
"廉希宪中书右丞","2","0","2"
"京等处行中书省","2","0","2"
"民总管洪茶丘等","1","1","2"
"二千六百七十人","1","1","2"
"道提刑按察使兀","1","1","2"
"提刑按察使兀鲁","1","1","2"
"刑按察使兀鲁失","1","1","2"
"花同参知政事廉","1","1","2"
"同参知政事廉希","1","1","2"
"参知政事廉希宪","1","1","2"
"生券军八十一人","1","1","2"
"同知上都留守司","2","0","2"
"知上都留守司事","2","0","2"
"长河西千户必剌","1","1","2"
"河西千户必剌冲","1","1","2"
"符宝郎董文忠言","2","0","2"
"宋嘉定安抚昝万","2","0","2"
"嘉定安抚昝万寿","2","0","2"
"东川元帅杨文安","1","1","2"
"青居山蒙古万户","1","1","2"
"居山蒙古万户怯","1","1","2"
"山蒙古万户怯烈","1","1","2"
"荆鄂诸军都统程","1","1","2"
"鄂诸军都统程鹏","1","1","2"
"诸军都统程鹏飞","1","1","2"
"总管史塔剌浑等","1","1","2"
"管史塔剌浑等率","1","1","2"
"直秘阁湖北提举","1","1","2"
"秘阁湖北提举张","1","1","2"
"阁湖北提举张晏","1","1","2"
"湖北提举张晏然","1","1","2"
"鄂州民兵总制王","1","1","2"
"亲军都指挥使秃","1","1","2"
"军都指挥使秃满","1","1","2"
"都指挥使秃满带","1","1","2"
"襄阳路总管贾居","1","1","2"
"阳路总管贾居贞","1","1","2"
"一百九十六万七","1","1","2"
"百九十六万七千","1","1","2"
"九十六万七千八","1","1","2"
"十六万七千八百","1","1","2"
"六万七千八百九","1","1","2"
"万七千八百九十","1","1","2"
"七千八百九十八","1","1","2"
"米七万五千四百","1","1","2"
"七万五千四百一","1","1","2"
"五千四百一十五","1","1","2"
"千四百一十五石","1","1","2"
"十二年春正月癸","2","0","2"
"二年春正月癸酉","2","0","2"
"年春正月癸酉朔","2","0","2"
"宋沿江制置副使","1","1","2"
"伯颜承制授奕沿","2","0","2"
"颜承制授奕沿江","2","0","2"
"承制授奕沿江大","2","0","2"
"制授奕沿江大都","2","0","2"
"授奕沿江大都督","2","0","2"
"都辖唐惠等六人","1","1","2"
"侍卫亲军指挥使","1","1","2"
"卫亲军指挥使札","1","1","2"
"遣右卫指挥副使","1","1","2"
"右卫指挥副使郑","1","1","2"
"卫指挥副使郑温","1","1","2"
"工部侍郎严忠范","1","1","2"
"云南总管信苴日","1","1","2"
"石买等刺杀合剌","1","1","2"
"买等刺杀合剌章","1","1","2"
"等刺杀合剌章舍","1","1","2"
"刺杀合剌章舍里","1","1","2"
"杀合剌章舍里威","1","1","2"
"宣慰司行元帅府","2","0","2"
"慰司行元帅府事","2","0","2"
"置云南诸路规措","1","1","2"
"云南诸路规措所","1","1","2"
"文虎两浙大都督","1","1","2"
"中书右丞博鲁欢","1","1","2"
"都统制张林城降","2","0","2"
"兵部郎中何文著","1","1","2"
"诏谕淮东制置使","2","0","2"
"谕淮东制置使李","2","0","2"
"磁路总管姜毅捕","1","1","2"
"路总管姜毅捕获","1","1","2"
"总管姜毅捕获农","1","1","2"
"管姜毅捕获农民","1","1","2"
"姜毅捕获农民郝","1","1","2"
"毅捕获农民郝进","1","1","2"
"捕获农民郝进等","1","1","2"
"获农民郝进等四","1","1","2"
"农民郝进等四人","1","1","2"
"囊加带同阮思聪","1","1","2"
"劾前南京路总管","1","1","2"
"前南京路总管田","1","1","2"
"南京路总管田大","1","1","2"
"京路总管田大成","1","1","2"
"部尚书廉希贤等","1","1","2"
"命阿剌海牙镇守","1","1","2"
"督府节制军马苏","1","1","2"
"府节制军马苏刘","1","1","2"
"节制军马苏刘义","1","1","2"
"都元帅博鲁欢次","2","0","2"
"诣云南行中书省","2","0","2"
"云南行中书省请","1","1","2"
"毗阳万户石抹绍","1","1","2"
"阳万户石抹绍祖","1","1","2"
"宋沿江制置使赵","2","0","2"
"沿江制置使赵溍","2","0","2"
"侍仪副使关思义","1","1","2"
"镇江府马军总管","1","1","2"
"江府马军总管石","1","1","2"
"府马军总管石祖","1","1","2"
"马军总管石祖忠","1","1","2"
"部将李大明等二","1","1","2"
"将李大明等二百","1","1","2"
"李大明等二百人","1","1","2"
"宋江阴军佥判李","1","1","2"
"遣建都都元帅火","1","1","2"
"西平王奥鲁赤征","1","1","2"
"国信使廉希贤等","1","1","2"
"传旨令诸将守营","2","0","2"
"旨令诸将守营垒","2","0","2"
"八十三万一千八","1","1","2"
"十三万一千八百","1","1","2"
"三万一千八百五","1","1","2"
"万一千八百五十","1","1","2"
"一千八百五十二","1","1","2"
"一百九十一万九","1","1","2"
"百九十一万九千","1","1","2"
"九十一万九千一","1","1","2"
"十一万九千一百","1","1","2"
"通判王虎臣城降","2","0","2"
"取复州降将翟贵","1","1","2"
"遣山东路经略使","1","1","2"
"山东路经略使王","1","1","2"
"东路经略使王俨","1","1","2"
"路经略使王俨戍","1","1","2"
"林学士承旨撒迷","2","0","2"
"学士承旨撒迷底","2","0","2"
"士承旨撒迷底里","2","0","2"
"承旨撒迷底里主","2","0","2"
"讨长河西必剌充","1","1","2"
"夏中兴道按察司","1","1","2"
"常德府新城总制","1","1","2"
"德府新城总制鲁","1","1","2"
"府新城总制鲁希","1","1","2"
"新城总制鲁希文","1","1","2"
"宋五郡镇抚使吕","2","0","2"
"遣兵部郎中王世","1","1","2"
"兵部郎中王世英","1","1","2"
"四十代天师张宗","1","1","2"
"十代天师张宗演","1","1","2"
"中书右丞廉希宪","1","1","2"
"参知政事脱博忽","1","1","2"
"知政事脱博忽鲁","1","1","2"
"政事脱博忽鲁秃","1","1","2"
"事脱博忽鲁秃花","1","1","2"
"谕参知政事高达","1","1","2"
"三千四百一十五","1","1","2"
"十四万三千八百","1","1","2"
"四万三千八百六","1","1","2"
"万三千八百六十","1","1","2"
"蒙古万户阿剌罕","1","1","2"
"遣两浙大都督范","1","1","2"
"遣刑部侍郎伯术","1","1","2"
"襄阳熟券军二千","1","1","2"
"遣重庆府招讨使","1","1","2"
"重庆府招讨使毕","1","1","2"
"耽罗国达鲁花赤","2","0","2"
"遣万户张弘范等","1","1","2"
"黄鹄白鹞船数百","1","1","2"
"鹄白鹞船数百艘","1","1","2"
"淮安安抚使朱焕","1","1","2"
"奏立诸路转运司","2","0","2"
"五万一千八百二","1","1","2"
"万一千八百二十","1","1","2"
"一千八百二十九","1","1","2"
"遣降人游介实奉","2","0","2"
"书四川行枢密院","1","1","2"
"川行枢密院事昝","2","0","2"
"行枢密院事昝顺","2","0","2"
"枢密院事昝顺言","2","0","2"
"播州安抚杨邦宪","2","0","2"
"国信副使严忠范","1","1","2"
"中书左丞相忽都","1","1","2"
"书左丞相忽都带","1","1","2"
"尊号曰宪天述道","2","0","2"
"号曰宪天述道仁","2","0","2"
"曰宪天述道仁文","2","0","2"
"西川沧溪知县赵","1","1","2"
"川沧溪知县赵龙","1","1","2"
"四百七十六万四","1","1","2"
"百七十六万四千","1","1","2"
"五十六万一千一","1","1","2"
"十六万一千一百","1","1","2"
"六万一千一百一","1","1","2"
"万一千一百一十","1","1","2"
"一千一百一十二","1","1","2"
"百五十三万七千","1","1","2"
"五十三万七千七","1","1","2"
"十三万七千七百","1","1","2"
"三万七千七百四","1","1","2"
"万七千七百四十","1","1","2"
"安抚刘汉杰城降","2","0","2"
"澉浦镇统制胡全","1","1","2"
"福建路马步军总","1","1","2"
"遣军器监刘庭瑞","1","1","2"
"符宝郎董文忠请","1","1","2"
"千户王秃林察戍","1","1","2"
"行都元帅府宋都","1","1","2"
"都元帅府宋都带","1","1","2"
"谕临安中外军民","2","0","2"
"立随路都转运司","1","1","2"
"右丞相贾余庆等","1","1","2"
"丞相贾余庆等充","1","1","2"
"二百九十八万三","1","1","2"
"百九十八万三千","1","1","2"
"九十八万三千六","1","1","2"
"十八万三千六百","1","1","2"
"八万三千六百七","1","1","2"
"万三千六百七十","1","1","2"
"三千六百七十二","1","1","2"
"五百六十九万二","1","1","2"
"百六十九万二千","1","1","2"
"六十九万二千六","1","1","2"
"十九万二千六百","1","1","2"
"九万二千六百五","1","1","2"
"万二千六百五十","1","1","2"
"吏部侍郎杨居宽","1","1","2"
"五十一万三千八","1","1","2"
"十一万三千八百","1","1","2"
"一万三千八百二","1","1","2"
"万三千八百二十","1","1","2"
"三千八百二十七","1","1","2"
"二万一千三百四","1","1","2"
"万一千三百四十","1","1","2"
"一千三百四十九","1","1","2"
"生徐应镳父子四","1","1","2"
"徐应镳父子四人","1","1","2"
"荆湖南路行中书","1","1","2"
"湖南路行中书省","1","1","2"
"独松关守将张濡","1","1","2"
"襄阳管军万户邸","1","1","2"
"阳管军万户邸浃","1","1","2"
"大都路总管张守","1","1","2"
"都路总管张守智","1","1","2"
"东川行枢密院总","1","1","2"
"川行枢密院总帅","1","1","2"
"行枢密院总帅汪","1","1","2"
"枢密院总帅汪惟","1","1","2"
"密院总帅汪惟正","1","1","2"
"淮西万户府招降","1","1","2"
"西万户府招降方","1","1","2"
"万户府招降方山","1","1","2"
"户府招降方山等","1","1","2"
"府招降方山等六","1","1","2"
"省左右司郎中郝","1","1","2"
"左右司郎中郝祯","1","1","2"
"遣都元帅孛鲁欢","1","1","2"
"都元帅孛鲁欢等","1","1","2"
"召昭文馆大学士","1","1","2"
"昭文馆大学士姚","1","1","2"
"文馆大学士姚枢","1","1","2"
"翰林侍讲学士徒","1","1","2"
"林侍讲学士徒单","1","1","2"
"侍讲学士徒单公","1","1","2"
"讲学士徒单公履","1","1","2"
"北京行中书省廉","1","1","2"
"京行中书省廉希","1","1","2"
"行中书省廉希宪","1","1","2"
"二万四千六百两","1","1","2"
"右卫亲军千户董","1","1","2"
"卫亲军千户董士","1","1","2"
"亲军千户董士元","1","1","2"
"军千户董士元战","1","1","2"
"千户董士元战死","1","1","2"
"孔子五十三世孙","1","1","2"
"命太子赞善王恂","2","0","2"
"李庭芝留朱焕守","1","1","2"
"庭芝留朱焕守扬","1","1","2"
"芝留朱焕守扬州","1","1","2"
"行中书省事北京","2","0","2"
"行中书省左右司","1","1","2"
"省左右司郎中孟","1","1","2"
"左右司郎中孟祺","1","1","2"
"广西路静江府等","1","1","2"
"西路静江府等大","1","1","2"
"路静江府等大小","1","1","2"
"静江府等大小州","1","1","2"
"江府等大小州城","1","1","2"
"泰州守将孙良臣","1","1","2"
"五十四万二千六","1","1","2"
"十四万二千六百","1","1","2"
"四万二千六百二","1","1","2"
"万二千六百二十","1","1","2"
"二千六百二十四","1","1","2"
"八万三千二百一","1","1","2"
"万三千二百一十","1","1","2"
"三千二百一十七","1","1","2"
"中书右丞阿里海","1","1","2"
"书右丞阿里海牙","1","1","2"
"东左副都元帅塔","1","1","2"
"江东江西大都督","1","1","2"
"淮东淮西左副都","1","1","2"
"东淮西左副都元","1","1","2"
"淮西左副都元帅","1","1","2"
"西左副都元帅陈","1","1","2"
"左副都元帅陈岩","1","1","2"
"汉军都元帅阔阔","1","1","2"
"军都元帅阔阔带","1","1","2"
"遣太常卿脱忽思","1","1","2"
"四万户总管奥鲁","1","1","2"
"万户总管奥鲁赤","1","1","2"
"奥鲁赤参知政事","2","0","2"
"上参议中赞金方","1","1","2"
"参议中赞金方庆","1","1","2"
"千九百七十二万","1","1","2"
"九百七十二万一","1","1","2"
"百七十二万一千","1","1","2"
"两浙宣抚使焦友","1","1","2"
"浙宣抚使焦友直","1","1","2"
"淮西安抚使夏贵","1","1","2"
"西安抚使夏贵请","1","1","2"
"将士二百三十九","1","1","2"
"士二百三十九人","1","1","2"
"米二十二万五千","1","1","2"
"二十二万五千五","1","1","2"
"十二万五千五百","1","1","2"
"二万五千五百六","1","1","2"
"万五千五百六十","1","1","2"
"五千五百六十石","1","1","2"
"钞四千二百八十","1","1","2"
"四千二百八十二","1","1","2"
"千二百八十二锭","1","1","2"
"洪茶丘饬兵御备","2","0","2"
"八千三百五十二","1","1","2"
"千三百五十二人","1","1","2"
"征东都元帅洪茶","1","1","2"
"东都元帅洪茶丘","1","1","2"
"立永昌路山丹城","1","1","2"
"永昌路山丹城等","1","1","2"
"湖北道宣慰使塔","1","1","2"
"北道宣慰使塔海","1","1","2"
"军马守御瑞金县","1","1","2"
"建宁府通判郭缵","1","1","2"
"立襄阳府襄阳县","1","1","2"
"浙西道宣慰使阿","1","1","2"
"西道宣慰使阿塔","1","1","2"
"道宣慰使阿塔海","1","1","2"
"特磨道将军农士","1","1","2"
"磨道将军农士贵","1","1","2"
"长阿立丁宁占等","1","1","2"
"阿立丁宁占等三","1","1","2"
"立丁宁占等三十","1","1","2"
"丁宁占等三十一","1","1","2"
"融州安抚使谭昌","1","1","2"
"湖北道宣慰使黑","1","1","2"
"宣慰使阿剌罕中","2","0","2"
"慰使阿剌罕中书","2","0","2"
"使阿剌罕中书左","2","0","2"
"阿剌罕中书左丞","2","0","2"
"湖北道宣慰使奥","1","1","2"
"北道宣慰使奥鲁","1","1","2"
"道宣慰使奥鲁赤","1","1","2"
"行湖北道宣慰使","2","0","2"
"东川都元帅张德","1","1","2"
"川都元帅张德润","1","1","2"
"都元帅张德润等","1","1","2"
"元帅张德润等攻","1","1","2"
"江西宣慰使麦术","1","1","2"
"西宣慰使麦术丁","1","1","2"
"淮东宣慰使彻里","1","1","2"
"东宣慰使彻里帖","1","1","2"
"宣慰使彻里帖木","1","1","2"
"江东宣慰使张荣","1","1","2"
"东宣慰使张荣实","1","1","2"
"江西宣慰使李恒","1","1","2"
"荆湖路宣抚使程","1","1","2"
"湖路宣抚使程鹏","1","1","2"
"路宣抚使程鹏飞","1","1","2"
"闽广大都督兵马","1","1","2"
"广大都督兵马招","1","1","2"
"大都督兵马招讨","1","1","2"
"都督兵马招讨使","1","1","2"
"督兵马招讨使蒲","1","1","2"
"兵马招讨使蒲寿","1","1","2"
"马招讨使蒲寿庚","1","1","2"
"常德府总管鲁希","1","1","2"
"德府总管鲁希文","1","1","2"
"征南都元帅唆都","1","1","2"
"遣招讨使百家奴","1","1","2"
"湖北宣慰使塔海","1","1","2"
"湖北道宣慰使贾","1","1","2"
"北道宣慰使贾居","1","1","2"
"道宣慰使贾居贞","1","1","2"
"右副都元帅张德","1","1","2"
"都元帅张德润上","1","1","2"
"都元帅杨文安攻","1","1","2"
"千三百五十五人","1","1","2"
"米二万一千六百","1","1","2"
"顺德府总管张文","1","1","2"
"德府总管张文焕","1","1","2"
"芮金紫光禄大夫","1","1","2"
"平章政事阿塔海","1","1","2"
"福建路宣慰使唆","1","1","2"
"建路宣慰使唆都","1","1","2"
"太子赞善王恂掌","1","1","2"
"工部郎中郭守敬","1","1","2"
"黄州路宣慰使唐","1","1","2"
"州路宣慰使唐兀","1","1","2"
"路宣慰使唐兀带","1","1","2"
"沿海经略副使合","1","1","2"
"海经略副使合剌","1","1","2"
"经略副使合剌带","1","1","2"
"行枢密院招降西","1","1","2"
"枢密院招降西蜀","1","1","2"
"梧州万户朱国宝","1","1","2"
"中书左丞吕文焕","1","1","2"
"汉军都元帅李庭","1","1","2"
"广南西道宣慰司","1","1","2"
"遣管军总管崔永","1","1","2"
"参知政事密立忽","1","1","2"
"知政事密立忽辛","1","1","2"
"命行中书省左丞","1","1","2"
"书省左丞夏贵等","1","1","2"
"遣宣慰使史格进","1","1","2"
"谕乌蒙路总管阿","1","1","2"
"乌蒙路总管阿牟","1","1","2"
"江东道按察使阿","1","1","2"
"东道按察使阿八","1","1","2"
"道按察使阿八赤","1","1","2"
"泸州降臣薛旺等","1","1","2"
"时淮西宣慰使昂","1","1","2"
"回回人中阿合马","1","1","2"
"阿合马才任宰相","2","0","2"
"命平章政事哈伯","1","1","2"
"平章政事哈伯等","1","1","2"
"命太常少卿伯麻","1","1","2"
"太常少卿伯麻思","1","1","2"
"常少卿伯麻思告","1","1","2"
"江东宣慰使张弘","1","1","2"
"东宣慰使张弘范","1","1","2"
"参知政事蒙古带","1","1","2"
"知政事蒙古带请","1","1","2"
"千二百七十七锭","1","1","2"
"江南诸路总管府","1","1","2"
"水军万户张荣实","1","1","2"
"参知政事贾居贞","1","1","2"
"江西参知政事李","1","1","2"
"西参知政事李恒","1","1","2"
"扬州行中书省分","1","1","2"
"建汉祖天师正一","1","1","2"
"汉祖天师正一祠","1","1","2"
"礼部尚书柴椿等","1","1","2"
"左副都元帅刘深","1","1","2"
"福州安抚使王积","1","1","2"
"州安抚使王积翁","1","1","2"
"漳州安抚使沈世","1","1","2"
"州安抚使沈世隆","1","1","2"
"护国明著灵惠协","1","1","2"
"国明著灵惠协正","1","1","2"
"明著灵惠协正善","1","1","2"
"著灵惠协正善庆","1","1","2"
"灵惠协正善庆显","1","1","2"
"惠协正善庆显济","1","1","2"
"协正善庆显济天","1","1","2"
"正善庆显济天妃","1","1","2"
"钞二万一千三百","1","1","2"
"二万一千三百三","1","1","2"
"万一千三百三十","1","1","2"
"一千三百三十九","1","1","2"
"千三百三十九锭","1","1","2"
"总管张子良所签","1","1","2"
"北京等处宣慰司","2","0","2"
"李均收抚大洪山","1","1","2"
"均收抚大洪山寨","1","1","2"
"江东道宣慰使囊","1","1","2"
"东道宣慰使囊加","1","1","2"
"道宣慰使囊加带","1","1","2"
"参知政事程鹏飞","1","1","2"
"秃鲁赤同潭州行","1","1","2"
"汉军都元帅张弘","1","1","2"
"军都元帅张弘范","1","1","2"
"书西川行枢密院","2","0","2"
"院昝顺招诱都掌","1","1","2"
"昝顺招诱都掌蛮","1","1","2"
"顺招诱都掌蛮夷","1","1","2"
"西南番蛮安抚使","1","1","2"
"安抚使杨邦宪请","1","1","2"
"鸭池等处招讨使","1","1","2"
"池等处招讨使钦","1","1","2"
"等处招讨使钦察","1","1","2"
"处招讨使钦察所","1","1","2"
"遣签议中赞金方","2","0","2"
"签议中赞金方庆","2","0","2"
"安西王相李德辉","2","0","2"
"三万九千九百五","1","1","2"
"万九千九百五十","1","1","2"
"九千九百五十一","1","1","2"
"千九百五十一锭","1","1","2"
"潮州路军民总管","1","1","2"
"羡余粮四千四百","1","1","2"
"余粮四千四百石","1","1","2"
"大都兵马都指挥","1","1","2"
"都兵马都指挥使","1","1","2"
"兵马都指挥使司","1","1","2"
"钞三千八百五十","1","1","2"
"三千八百五十锭","1","1","2"
"遣两淮招讨司经","1","1","2"
"两淮招讨司经历","1","1","2"
"淮招讨司经历刘","1","1","2"
"招讨司经历刘继","1","1","2"
"讨司经历刘继昌","1","1","2"
"司经历刘继昌招","1","1","2"
"元州县社稷通礼","1","1","2"
"租三千一百二十","1","1","2"
"三千一百二十石","1","1","2"
"州路达鲁花赤阿","2","0","2"
"金三万一千一百","1","1","2"
"宣慰使刘继昌等","1","1","2"
"千户伯牙兀带所","1","1","2"
"南等路宣慰使忽","1","1","2"
"等路宣慰使忽辛","1","1","2"
"令东川行枢密院","1","1","2"
"东川行枢密院调","1","1","2"
"川行枢密院调兵","1","1","2"
"云南都元帅爱鲁","1","1","2"
"纳速剌丁招降西","1","1","2"
"蒙古军阔阔八都","1","1","2"
"古军阔阔八都等","1","1","2"
"宁国路新附军百","1","1","2"
"国路新附军百户","1","1","2"
"路新附军百户詹","1","1","2"
"新附军百户詹福","1","1","2"
"附军百户詹福谋","1","1","2"
"金三千五百八十","1","1","2"
"三千五百八十两","1","1","2"
"银五万三千一百","1","1","2"
"五万三千一百两","1","1","2"
"万一千一百六十","1","1","2"
"一千一百六十八","1","1","2"
"四川行中书省事","1","1","2"
"租三千一百八十","1","1","2"
"三千一百八十一","1","1","2"
"千一百八十一石","1","1","2"
"蒙古军总管乞答","1","1","2"
"置大护国仁王寺","1","1","2"
"大护国仁王寺总","1","1","2"
"护国仁王寺总管","1","1","2"
"国仁王寺总管府","1","1","2"
"行中书省左丞忽","1","1","2"
"中书省左丞忽辛","1","1","2"
"命大乐署令完颜","1","1","2"
"大乐署令完颜椿","1","1","2"
"乐署令完颜椿等","1","1","2"
"太阴犯太微西垣","2","0","2"
"命五祖真人李居","1","1","2"
"五祖真人李居寿","1","1","2"
"皇太子春秋鼎盛","2","0","2"
"招讨使刘万奴所","1","1","2"
"讨使刘万奴所管","1","1","2"
"郎中令郭叔云盗","1","1","2"
"教坊司入拱卫司","2","0","2"
"婆国使臣治中赵","1","1","2"
"国使臣治中赵玉","1","1","2"
"遣佥议中赞金方","2","0","2"
"一万二千五百锭","1","1","2"
"五千三百二十两","1","1","2"
"应春泸州安抚使","1","1","2"
"前重庆制置使张","1","1","2"
"重庆制置使张珏","1","1","2"
"马二万六千三百","1","1","2"
"二万六千三百匹","1","1","2"
"范文虎等西锦衣","1","1","2"
"脱古思八部屯田","1","1","2"
"立杭州路金玉总","1","1","2"
"杭州路金玉总管","1","1","2"
"州路金玉总管府","1","1","2"
"诏云南行省发四","2","0","2"
"云南行省发四川","2","0","2"
"南行省发四川军","2","0","2"
"行省发四川军万","2","0","2"
"省发四川军万人","2","0","2"
"所遣将同征缅国","1","1","2"
"将士战功银二万","1","1","2"
"士战功银二万八","1","1","2"
"战功银二万八千","1","1","2"
"功银二万八千七","1","1","2"
"银二万八千七百","1","1","2"
"二万八千七百五","1","1","2"
"万八千七百五十","1","1","2"
"八千七百五十两","1","1","2"
"广东宣慰使帖木","1","1","2"
"蒙古侍卫总管府","1","1","2"
"羊马价二万八千","1","1","2"
"云南王忽哥赤印","1","1","2"
"征日本新附军钞","2","0","2"
"川等处行中书省","2","0","2"
"龙虎山天师张宗","1","1","2"
"虎山天师张宗演","1","1","2"
"江淮行中书省招","1","1","2"
"将作院吕合剌工","1","1","2"
"作院吕合剌工匠","1","1","2"
"擅易命官八百员","2","0","2"
"高丽中赞金方庆","1","1","2"
"密直司副使朴球","1","1","2"
"高丽国征日本军","2","0","2"
"四十三代宗师许","1","1","2"
"十三代宗师许道","1","1","2"
"三代宗师许道杞","1","1","2"
"代宗师许道杞祈","1","1","2"
"宗师许道杞祈祷","1","1","2"
"千二百七十余石","1","1","2"
"二百七十余石赈","1","1","2"
"睿文光应皇后弘","1","1","2"
"文光应皇后弘吉","1","1","2"
"光应皇后弘吉剌","1","1","2"
"应皇后弘吉剌氏","1","1","2"
"三十八代宗师蒋","1","1","2"
"十八代宗师蒋宗","1","1","2"
"八代宗师蒋宗瑛","1","1","2"
"遣丹八八合赤等","1","1","2"
"二万一千六百石","1","1","2"
"汉人新附军总管","1","1","2"
"乌蒙阿谋宣抚司","1","1","2"
"蒙阿谋宣抚司隶","1","1","2"
"火尼赤分管乌木","1","1","2"
"羡余粮四万八千","1","1","2"
"余粮四万八千石","1","1","2"
"四川东道宣慰司","1","1","2"
"米一千四百余石","1","1","2"
"中书左丞忽都帖","1","1","2"
"书左丞忽都帖木","1","1","2"
"松州知州仆散秃","1","1","2"
"州知州仆散秃哥","1","1","2"
"户二千八百二十","1","1","2"
"两淮转运使阿剌","1","1","2"
"淮转运使阿剌瓦","1","1","2"
"转运使阿剌瓦丁","1","1","2"
"京兆等路岁办课","2","0","2"
"安南国王陈遗爱","1","1","2"
"礼部尚书留梦炎","1","1","2"
"使马八国俺都剌","1","1","2"
"马八国俺都剌等","1","1","2"
"获福州叛贼林天","1","1","2"
"福州叛贼林天成","1","1","2"
"三万六千八百四","1","1","2"
"万六千八百四十","1","1","2"
"六千八百四十石","1","1","2"
"丽国王王睶遣大","2","0","2"
"国王王睶遣大将","2","0","2"
"王王睶遣大将军","2","0","2"
"钞一万一千五百","1","1","2"
"一万一千五百二","1","1","2"
"万一千五百二十","1","1","2"
"一千五百二十一","1","1","2"
"千五百二十一锭","1","1","2"
"饶州总管姚文龙","1","1","2"
"工部尚书纳怀制","1","1","2"
"布四千九百四十","1","1","2"
"四千九百四十匹","1","1","2"
"驴四千九百四十","1","1","2"
"四千九百四十头","1","1","2"
"十八里元帅綦公","1","1","2"
"八里元帅綦公直","1","1","2"
"里元帅綦公直军","1","1","2"
"元帅綦公直军需","1","1","2"
"溪洞招讨使郭昂","1","1","2"
"洞招讨使郭昂等","1","1","2"
"招讨使郭昂等九","1","1","2"
"讨使郭昂等九人","1","1","2"
"使郭昂等九人虎","1","1","2"
"郭昂等九人虎符","1","1","2"
"参知政事唐兀带","1","1","2"
"知政事唐兀带等","1","1","2"
"政事唐兀带等六","1","1","2"
"事唐兀带等六人","1","1","2"
"大良平元帅蒲元","1","1","2"
"良平元帅蒲元圭","1","1","2"
"阿合马蠹国害民","2","0","2"
"征蛮元帅完者都","1","1","2"
"蛮元帅完者都等","1","1","2"
"元帅完者都等平","1","1","2"
"中书左丞耿仁等","1","1","2"
"省平章政事忽辛","1","1","2"
"怀孟路管河渠使","1","1","2"
"北京宣慰使阿老","1","1","2"
"京宣慰使阿老瓦","1","1","2"
"宣慰使阿老瓦丁","1","1","2"
"泸州管军总管李","1","1","2"
"三千七百五十八","1","1","2"
"遣浙西道宣慰司","1","1","2"
"浙西道宣慰司同","1","1","2"
"道宣慰司同知刘","1","1","2"
"宣慰司同知刘宣","1","1","2"
"慰司同知刘宣等","1","1","2"
"沿海左副都元帅","1","1","2"
"海左副都元帅石","1","1","2"
"左副都元帅石国","1","1","2"
"副都元帅石国英","1","1","2"
"都元帅石国英请","1","1","2"
"十八里城东三百","1","1","2"
"八里城东三百余","1","1","2"
"里城东三百余里","1","1","2"
"屯田军七百七十","1","1","2"
"田军七百七十人","1","1","2"
"赏太子府宿卫军","1","1","2"
"二十四处军前便","1","1","2"
"十四处军前便宜","1","1","2"
"安南国进贡犀兕","1","1","2"
"造大小船三千艘","1","1","2"
"蛮洞向世雄兄弟","1","1","2"
"监修国史耶律铸","1","1","2"
"设南北两漕运司","1","1","2"
"大盘洞主向臭友","1","1","2"
"盘洞主向臭友等","1","1","2"
"台臣国家政事失","2","0","2"
"御史宜本台选择","2","0","2"
"湖广行省金银铁","1","1","2"
"广行省金银铁冶","1","1","2"
"行省金银铁冶提","1","1","2"
"省金银铁冶提举","1","1","2"
"金银铁冶提举司","1","1","2"
"南京屯田总管府","1","1","2"
"答耳麻八剌剌吉","1","1","2"
"耳麻八剌剌吉塔","1","1","2"
"征东行中书省丞","1","1","2"
"东行中书省丞相","1","1","2"
"日本军官八忽带","1","1","2"
"福建市舶总管府","1","1","2"
"湖南宣慰使张鼎","1","1","2"
"南宣慰使张鼎新","1","1","2"
"省参知政事樊楫","1","1","2"
"参知政事樊楫等","1","1","2"
"河西办课提举司","1","1","2"
"蒙古监察御史六","1","1","2"
"减隆兴府昌州盖","1","1","2"
"隆兴府昌州盖里","1","1","2"
"兴府昌州盖里泊","1","1","2"
"高丽国王阿塔海","2","0","2"
"丽国王阿塔海共","2","0","2"
"国王阿塔海共事","2","0","2"
"监察御史阿剌浑","1","1","2"
"宋文思院小口斛","2","0","2"
"立海西辽东提刑","1","1","2"
"海西辽东提刑按","1","1","2"
"西辽东提刑按察","1","1","2"
"辽东提刑按察司","1","1","2"
"海南四州宣慰使","1","1","2"
"南四州宣慰使朱","1","1","2"
"四州宣慰使朱国","1","1","2"
"州宣慰使朱国宝","1","1","2"
"宣慰使朱国宝请","1","1","2"
"宋手号军八万三","1","1","2"
"手号军八万三千","1","1","2"
"号军八万三千六","1","1","2"
"军八万三千六百","1","1","2"
"八万三千六百人","1","1","2"
"省参政曲立吉思","1","1","2"
"参政曲立吉思等","1","1","2"
"讨平九溪十八洞","1","1","2"
"顺元路宣慰司节","1","1","2"
"元路宣慰司节制","1","1","2"
"粮米七十三万石","1","1","2"
"军民千户宋添富","1","1","2"
"顺元路军民总管","1","1","2"
"江南十道宣慰司","1","1","2"
"浙西道宣慰使史","1","1","2"
"西道宣慰使史弼","1","1","2"
"尤宗祖等九千五","1","1","2"
"宗祖等九千五百","1","1","2"
"祖等九千五百九","1","1","2"
"等九千五百九十","1","1","2"
"九千五百九十二","1","1","2"
"千五百九十二人","1","1","2"
"斡端宣慰使刘恩","1","1","2"
"端宣慰使刘恩进","1","1","2"
"扬州行省唆都新","1","1","2"
"管军总管黄华叛","1","1","2"
"将兵二万二千人","2","0","2"
"兵二万二千人讨","2","0","2"
"中兴管课提举司","1","1","2"
"提刑按察司增设","1","1","2"
"刑按察司增设判","1","1","2"
"按察司增设判官","1","1","2"
"察司增设判官二","1","1","2"
"开成路屯田总管","1","1","2"
"成路屯田总管府","1","1","2"
"军官爱纳八斯等","1","1","2"
"海道运粮招讨使","1","1","2"
"道运粮招讨使朱","1","1","2"
"运粮招讨使朱清","1","1","2"
"参知政事阿合八","1","1","2"
"知政事阿合八失","1","1","2"
"断死罪二百七十","2","0","2"
"云南诸路按察司","1","1","2"
"湖南宣慰使撒里","1","1","2"
"南宣慰使撒里蛮","1","1","2"
"获叛民晏顺等三","1","1","2"
"叛民晏顺等三十","1","1","2"
"民晏顺等三十二","1","1","2"
"晏顺等三十二人","1","1","2"
"皇子北平王南木","1","1","2"
"子北平王南木合","1","1","2"
"立大都路总管府","1","1","2"
"荆湖占城行省言","2","0","2"
"道提刑按察司分","1","1","2"
"加封卫辉路小清","1","1","2"
"封卫辉路小清河","1","1","2"
"亲军都指挥使八","1","1","2"
"军都指挥使八忽","1","1","2"
"都指挥使八忽带","1","1","2"
"指挥使八忽带征","1","1","2"
"回回炮手军匠万","1","1","2"
"回炮手军匠万户","1","1","2"
"炮手军匠万户府","1","1","2"
"钞二万一千六百","1","1","2"
"二万一千六百四","1","1","2"
"万一千六百四十","1","1","2"
"一千六百四十三","1","1","2"
"千六百四十三锭","1","1","2"
"西川两省合兵讨","1","1","2"
"日烜遣中大夫阮","2","0","2"
"七千四百八十锭","1","1","2"
"征东招讨司聂古","1","1","2"
"东招讨司聂古带","1","1","2"
"大巴南等十一人","1","1","2"
"巴南等十一人奉","1","1","2"
"盐课市舶都转运","1","1","2"
"课市舶都转运司","1","1","2"
"江淮等处行中书","1","1","2"
"淮等处行中书省","1","1","2"
"定涟海等处屯田","1","1","2"
"涟海等处屯田法","1","1","2"
"盘亚罗日加翳等","1","1","2"
"亚罗日加翳等奉","1","1","2"
"前御史中丞史枢","1","1","2"
"降参议中书省事","1","1","2"
"阿合马专政时所","1","1","2"
"钞十二万四千七","1","1","2"
"十二万四千七百","1","1","2"
"二万四千七百二","1","1","2"
"万四千七百二十","1","1","2"
"四千七百二十二","1","1","2"
"千七百二十二锭","1","1","2"
"京师富豪户酿酒","2","0","2"
"翰林承旨撒里蛮","2","0","2"
"翰林集贤大学士","1","1","2"
"林集贤大学士许","1","1","2"
"集贤大学士许国","1","1","2"
"贤大学士许国祯","1","1","2"
"钞二千八百八十","1","1","2"
"二千八百八十五","1","1","2"
"千八百八十五锭","1","1","2"
"行御史台大夫拨","1","1","2"
"御史台大夫拨鲁","1","1","2"
"史台大夫拨鲁罕","1","1","2"
"江南行中书省事","1","1","2"
"江西元帅招讨司","1","1","2"
"郭逢贵等四十五","1","1","2"
"逢贵等四十五寨","1","1","2"
"三千六百一十人","1","1","2"
"慰司都转运使司","2","0","2"
"令江浙行省参政","1","1","2"
"江浙行省参政冯","1","1","2"
"湖广行省右丞要","1","1","2"
"广行省右丞要束","1","1","2"
"行省右丞要束木","1","1","2"
"龙兴行省左丞伯","1","1","2"
"兴行省左丞伯颜","1","1","2"
"遣太史监候张公","1","1","2"
"太史监候张公礼","1","1","2"
"立上都规措所回","1","1","2"
"上都规措所回易","1","1","2"
"都规措所回易库","1","1","2"
"立行枢密院都镇","1","1","2"
"行枢密院都镇抚","1","1","2"
"枢密院都镇抚司","1","1","2"
"劾中书右丞卢世","1","1","2"
"中书右丞卢世荣","1","1","2"
"江南造船提举司","1","1","2"
"参知政事张德润","1","1","2"
"陕西四川行中书","1","1","2"
"西四川行中书省","1","1","2"
"四川行中书省左","1","1","2"
"川行中书省左丞","1","1","2"
"行中书省左丞汪","1","1","2"
"中书省左丞汪惟","1","1","2"
"书省左丞汪惟正","1","1","2"
"省左丞汪惟正入","1","1","2"
"江淮行枢密院所","1","1","2"
"西崖门酋长阿者","1","1","2"
"崖门酋长阿者等","1","1","2"
"征东招讨使塔塔","1","1","2"
"兀鲁带三珠虎符","1","1","2"
"征东宣慰使都元","1","1","2"
"东宣慰使都元帅","1","1","2"
"十一万六千四百","1","1","2"
"一万六千四百锭","1","1","2"
"蔚州知州木八剌","1","1","2"
"皇子爱牙赤银印","1","1","2"
"一千一百二十二","1","1","2"
"千一百二十二人","1","1","2"
"七千七百三十二","1","1","2"
"千七百三十二锭","1","1","2"
"马六百二十九匹","1","1","2"
"钞三万七千七百","1","1","2"
"三万七千七百五","1","1","2"
"万七千七百五十","1","1","2"
"七千七百五十七","1","1","2"
"千七百五十七锭","1","1","2"
"钞七万六千五百","1","1","2"
"钞五万三千五百","1","1","2"
"五万三千五百四","1","1","2"
"万三千五百四十","1","1","2"
"三千五百四十一","1","1","2"
"千五百四十一锭","1","1","2"
"马八千一百九十","1","1","2"
"八千一百九十七","1","1","2"
"千一百九十七匹","1","1","2"
"羊一万六千六百","1","1","2"
"一万六千六百三","1","1","2"
"万六千六百三十","1","1","2"
"六千六百三十四","1","1","2"
"米二万二千一百","1","1","2"
"二万二千一百石","1","1","2"
"二万七千二百七","1","1","2"
"万七千二百七十","1","1","2"
"七千二百七十九","1","1","2"
"千二百七十九匹","1","1","2"
"总统杨琏真加修","1","1","2"
"屯田新军二百人","1","1","2"
"缅中行省左丞相","1","1","2"
"按察司巡行郡县","1","1","2"
"命荆湖占城行省","1","1","2"
"立甘州行中书省","1","1","2"
"召曲阜教授陈俨","1","1","2"
"行御史台按察司","1","1","2"
"置屯田鹰坊总管","1","1","2"
"屯田鹰坊总管府","1","1","2"
"遣参知政事秃鲁","1","1","2"
"参知政事秃鲁罕","1","1","2"
"二万八千七百人","1","1","2"
"淮行省忙兀带言","2","0","2"
"桑哥具省臣姓名","2","0","2"
"平章政事阿必失","1","1","2"
"章政事阿必失合","1","1","2"
"高丽遣使献日本","2","0","2"
"丽遣使献日本俘","2","0","2"
"四千三百二十三","1","1","2"
"千三百二十三人","1","1","2"
"运司都转运使司","2","0","2"
"管海道运粮船朱","1","1","2"
"海道运粮船朱清","1","1","2"
"山东三道宣慰司","1","1","2"
"遣中书省断事官","1","1","2"
"中书省断事官秃","1","1","2"
"置泉州市舶提举","1","1","2"
"泉州市舶提举司","1","1","2"
"赐安南国王陈益","2","0","2"
"南国王陈益稷羊","1","1","2"
"国王陈益稷羊马","1","1","2"
"十五万一千九百","1","1","2"
"五万一千九百二","1","1","2"
"万一千九百二十","1","1","2"
"一千九百二十三","1","1","2"
"千九百二十三锭","1","1","2"
"马七千二百九十","1","1","2"
"七千二百九十匹","1","1","2"
"羊三万六千二百","1","1","2"
"三万六千二百六","1","1","2"
"万六千二百六十","1","1","2"
"六千二百六十九","1","1","2"
"三千二百八十八","1","1","2"
"千二百八十八匹","1","1","2"
"钞五万六千一百","1","1","2"
"五万六千一百三","1","1","2"
"万六千一百三十","1","1","2"
"六千一百三十九","1","1","2"
"千一百三十九锭","1","1","2"
"一百三十九锭一","1","1","2"
"百三十九锭一十","1","1","2"
"三十九锭一十二","1","1","2"
"十九锭一十二两","1","1","2"
"九万四千六百七","1","1","2"
"万四千六百七十","1","1","2"
"四千六百七十二","1","1","2"
"千六百七十二株","1","1","2"
"发新附军千人阿","2","0","2"
"新附军千人阿八","2","0","2"
"附军千人阿八赤","2","0","2"
"军千人阿八赤讨","2","0","2"
"千人阿八赤讨安","2","0","2"
"人阿八赤讨安南","2","0","2"
"山南三道按察司","1","1","2"
"南三道按察司隶","1","1","2"
"粮万户张文虎等","1","1","2"
"万户张文虎等运","1","1","2"
"等运粮十七万石","1","1","2"
"千五百九十三锭","1","1","2"
"干大利斡鲁脱地","1","1","2"
"爱牙赤所部屯田","1","1","2"
"牙赤所部屯田军","1","1","2"
"屯田总管忽都鲁","1","1","2"
"田总管忽都鲁请","1","1","2"
"海南琼州路安抚","1","1","2"
"南琼州路安抚使","1","1","2"
"琼州路安抚使陈","1","1","2"
"州路安抚使陈仲","1","1","2"
"路安抚使陈仲达","1","1","2"
"通侍大夫黎仲谦","1","1","2"
"江西行院月迷失","2","0","2"
"五千人屯田六盘","2","0","2"
"阿老瓦丁参知政","2","0","2"
"老瓦丁参知政事","2","0","2"
"云南省右丞爱鲁","2","0","2"
"参知政事马绍升","1","1","2"
"荧惑犯太微东垣","2","0","2"
"惑犯太微东垣上","2","0","2"
"田租十二万九千","1","1","2"
"租十二万九千一","1","1","2"
"十二万九千一百","1","1","2"
"二万九千一百八","1","1","2"
"万九千一百八十","1","1","2"
"九千一百八十石","1","1","2"
"顺元宣慰使秃鲁","1","1","2"
"元宣慰使秃鲁古","1","1","2"
"金竹寨主搔驴等","1","1","2"
"镇南王次茅罗港","2","0","2"
"镇南王诸军渡富","2","0","2"
"南王诸军渡富良","2","0","2"
"王诸军渡富良江","2","0","2"
"日烜子弃城走敢","2","0","2"
"烜子弃城走敢喃","2","0","2"
"子弃城走敢喃堡","2","0","2"
"命西僧监臧宛卜","1","1","2"
"西僧监臧宛卜卜","1","1","2"
"僧监臧宛卜卜思","1","1","2"
"监臧宛卜卜思哥","1","1","2"
"臧宛卜卜思哥等","1","1","2"
"二十五万三千五","1","1","2"
"十五万三千五百","1","1","2"
"钞四万八千二百","1","1","2"
"四万八千二百五","1","1","2"
"万八千二百五十","1","1","2"
"八千二百五十锭","1","1","2"
"迎张文虎等粮船","2","0","2"
"章政事忙兀带所","1","1","2"
"政事忙兀带所统","1","1","2"
"入诸路金玉人匠","1","1","2"
"西两道劝农营田","1","1","2"
"两道劝农营田司","1","1","2"
"司徒撒里蛮等进","1","1","2"
"辽东海西道提刑","1","1","2"
"东海西道提刑按","1","1","2"
"海西道提刑按察","1","1","2"
"道提刑按察司入","2","0","2"
"江南湖北道提刑","1","1","2"
"征东行尚书省左","1","1","2"
"东行尚书省左丞","1","1","2"
"行尚书省左丞相","1","1","2"
"士卒二百二十人","1","1","2"
"命爱鲁引兵云南","2","0","2"
"平阳投下总管府","1","1","2"
"行枢密院副使月","1","1","2"
"行省平章忽都铁","1","1","2"
"省平章忽都铁木","1","1","2"
"上供米二十万石","1","1","2"
"水银二百四十斤","1","1","2"
"国王陈日烜遣中","2","0","2"
"王陈日烜遣中大","2","0","2"
"银二万二千五百","1","1","2"
"二万二千五百两","1","1","2"
"督巩昌兵五千人","1","1","2"
"纱罗绢布等四千","1","1","2"
"罗绢布等四千五","1","1","2"
"绢布等四千五百","1","1","2"
"兴州采蜜提举司","1","1","2"
"延安屯田总管府","1","1","2"
"管军元帅阿里带","1","1","2"
"卫浙西宣慰使史","1","1","2"
"东道宣慰副使史","1","1","2"
"道宣慰副使史耀","1","1","2"
"保定路唐县野蚕","1","1","2"
"田租二万一千五","1","1","2"
"租二万一千五百","1","1","2"
"行尚书省参政秃","1","1","2"
"尚书省参政秃烈","1","1","2"
"书省参政秃烈羊","1","1","2"
"省参政秃烈羊呵","1","1","2"
"藏宣慰使软奴汪","1","1","2"
"宣慰使软奴汪术","1","1","2"
"赐银二千五百两","1","1","2"
"夹谷三合等七十","1","1","2"
"谷三合等七十四","1","1","2"
"三合等七十四人","1","1","2"
"渠二百六十五里","1","1","2"
"陕西等处屯田等","1","1","2"
"建昌路屯田总管","1","1","2"
"昌路屯田总管府","1","1","2"
"帛纱罗等二千匹","1","1","2"
"便宜都总帅府统","1","1","2"
"尚书右丞相桑哥","1","1","2"
"银十二万五千两","1","1","2"
"二万三千六百六","1","1","2"
"万三千六百六十","1","1","2"
"三千六百六十六","1","1","2"
"千六百六十六匹","1","1","2"
"万二千五百一十","1","1","2"
"二千五百一十三","1","1","2"
"千五百一十三锭","1","1","2"
"银一万八千三百","1","1","2"
"一万八千三百六","1","1","2"
"万八千三百六十","1","1","2"
"八千三百六十两","1","1","2"
"绵八万三千二百","1","1","2"
"八万三千二百两","1","1","2"
"马二万六千九百","1","1","2"
"二万六千九百一","1","1","2"
"万六千九百一十","1","1","2"
"六千九百一十四","1","1","2"
"马六千七百二十","1","1","2"
"六千七百二十五","1","1","2"
"羊一万二千八百","1","1","2"
"二千八百五十七","1","1","2"
"钞三万二千八百","1","1","2"
"三万二千八百八","1","1","2"
"万二千八百八十","1","1","2"
"二千八百八十锭","1","1","2"
"千六百七十四锭","1","1","2"
"马四千三百二十","1","1","2"
"四千三百二十五","1","1","2"
"租二万二千八百","1","1","2"
"二万二千八百石","1","1","2"
"三千五百七十顷","1","1","2"
"立学校二万四千","1","1","2"
"学校二万四千四","1","1","2"
"校二万四千四百","1","1","2"
"二万四千四百余","1","1","2"
"万四千四百余所","1","1","2"
"义粮三十一万五","1","1","2"
"粮三十一万五千","1","1","2"
"三十一万五千五","1","1","2"
"十一万五千五百","1","1","2"
"一万五千五百余","1","1","2"
"万五千五百余石","1","1","2"
"千一百五十八户","1","1","2"
"五千一百五十两","1","1","2"
"江州都转运使司","1","1","2"
"立武卫亲军都指","1","1","2"
"山东宣慰使乐实","1","1","2"
"东宣慰使乐实所","1","1","2"
"宣慰使乐实所运","1","1","2"
"同漳州路总管高","1","1","2"
"漳州路总管高杰","1","1","2"
"荆南按察司所统","1","1","2"
"大都路总管府判","1","1","2"
"都路总管府判官","1","1","2"
"路总管府判官萧","1","1","2"
"总管府判官萧仪","1","1","2"
"成都管军万户刘","1","1","2"
"都管军万户刘德","1","1","2"
"管军万户刘德禄","1","1","2"
"军万户刘德禄上","1","1","2"
"开元路治中兀颜","1","1","2"
"元路治中兀颜牙","1","1","2"
"路治中兀颜牙兀","1","1","2"
"立左右翼屯田万","1","1","2"
"左右翼屯田万户","1","1","2"
"右翼屯田万户府","1","1","2"
"令监察御史省部","2","0","2"
"监察御史省部稽","2","0","2"
"察御史省部稽照","2","0","2"
"命侍御史坚童视","2","0","2"
"陕西屯田总管府","1","1","2"
"西屯田总管府农","1","1","2"
"贷高丽米六万石","1","1","2"
"高丽米六万石赈","1","1","2"
"遣中大夫陈克等","2","0","2"
"中大夫陈克等贡","2","0","2"
"大夫陈克等贡方","2","0","2"
"夫陈克等贡方物","2","0","2"
"莱芜铁冶提举司","1","1","2"
"芜铁冶提举司隶","1","1","2"
"御史大夫玉吕鲁","1","1","2"
"召江淮行省参知","1","1","2"
"行省参知政事忻","1","1","2"
"省参知政事忻都","1","1","2"
"王爱牙赤投下人","1","1","2"
"爱牙赤投下人匠","1","1","2"
"七千五百二十三","1","1","2"
"万八千五百七十","1","1","2"
"八千五百七十三","1","1","2"
"千五百七十三人","1","1","2"
"浙西提刑按察司","1","1","2"
"卑包等三十三寨","1","1","2"
"包等三十三寨相","1","1","2"
"等三十三寨相继","1","1","2"
"米八千七百二十","1","1","2"
"八千七百二十石","1","1","2"
"尚书省断事官秃","1","1","2"
"书省断事官秃烈","1","1","2"
"省断事官秃烈羊","1","1","2"
"断事官秃烈羊呵","1","1","2"
"立云南提刑按察","1","1","2"
"云南提刑按察司","1","1","2"
"丘应祥等十八人","1","1","2"
"四千三百二十八","1","1","2"
"千三百二十八石","1","1","2"
"西南夷中下烂土","1","1","2"
"南夷中下烂土等","1","1","2"
"夷中下烂土等处","1","1","2"
"立江淮等处财赋","1","1","2"
"江淮等处财赋总","1","1","2"
"淮等处财赋总管","1","1","2"
"等处财赋总管府","1","1","2"
"河渠官礼部尚书","1","1","2"
"渠官礼部尚书张","1","1","2"
"官礼部尚书张孔","1","1","2"
"礼部尚书张孔孙","1","1","2"
"兵部郎中李处选","1","1","2"
"信州叛贼鲍惠日","1","1","2"
"州叛贼鲍惠日等","1","1","2"
"叛贼鲍惠日等三","1","1","2"
"贼鲍惠日等三十","1","1","2"
"鲍惠日等三十三","1","1","2"
"惠日等三十三人","1","1","2"
"番罗甸宣慰使司","1","1","2"
"罗甸宣慰使司隶","1","1","2"
"两浙都转运使司","1","1","2"
"浙东道提刑按察","1","1","2"
"置高丽国儒学提","1","1","2"
"高丽国儒学提举","1","1","2"
"丽国儒学提举司","1","1","2"
"济州泗汶漕运使","1","1","2"
"州泗汶漕运使司","1","1","2"
"斡端宣慰使元帅","1","1","2"
"端宣慰使元帅府","1","1","2"
"江西宣慰使胡颐","1","1","2"
"西宣慰使胡颐孙","1","1","2"
"宣慰使胡颐孙援","1","1","2"
"胡颐孙遥授行尚","1","1","2"
"颐孙遥授行尚书","1","1","2"
"孙遥授行尚书省","1","1","2"
"遥授行尚书省参","1","1","2"
"授行尚书省参政","1","1","2"
"西宣慰使史弼请","1","1","2"
"千八百九十石赈","1","1","2"
"遣委马剌菩提班","1","1","2"
"陈机察等八千人","1","1","2"
"米五百八十七石","1","1","2"
"千六百五十六石","1","1","2"
"绍兴路总管府判","1","1","2"
"兴路总管府判官","1","1","2"
"路总管府判官白","1","1","2"
"户五百人九十日","1","1","2"
"二万三千六百石","1","1","2"
"七千四百七十石","1","1","2"
"银二十五万二千","1","1","2"
"二十五万二千六","1","1","2"
"十五万二千六百","1","1","2"
"五万二千六百三","1","1","2"
"万二千六百三十","1","1","2"
"二千六百三十两","1","1","2"
"十二万二千八百","1","1","2"
"二万二千八百匹","1","1","2"
"罗甸宣慰安抚司","1","1","2"
"四万七千八百石","1","1","2"
"万七千八百石赈","1","1","2"
"命太史令郭守敬","1","1","2"
"税四千五百三十","1","1","2"
"四千五百三十六","1","1","2"
"千五百三十六锭","1","1","2"
"二千五百六十九","1","1","2"
"千五百六十九锭","1","1","2"
"葛蛮军民安抚使","1","1","2"
"蛮军民安抚使宋","1","1","2"
"军民安抚使宋子","1","1","2"
"民安抚使宋子贤","1","1","2"
"八番都元帅刘德","1","1","2"
"番都元帅刘德禄","1","1","2"
"播州军民安抚使","1","1","2"
"州军民安抚使杨","1","1","2"
"军民安抚使杨汉","1","1","2"
"民安抚使杨汉英","1","1","2"
"南平等处沿边宣","1","1","2"
"平等处沿边宣慰","1","1","2"
"等处沿边宣慰使","1","1","2"
"播州军民宣抚使","1","1","2"
"播州等处管军万","1","1","2"
"州等处管军万户","1","1","2"
"九千三百二十六","1","1","2"
"千三百二十六户","1","1","2"
"高丽女直汉军万","2","0","2"
"丽女直汉军万户","2","0","2"
"女直汉军万户府","2","0","2"
"邓州旧军万户史","1","1","2"
"州旧军万户史弼","1","1","2"
"福建行省右丞高","1","1","2"
"建行省右丞高兴","1","1","2"
"福建行中书省平","1","1","2"
"建行中书省平章","1","1","2"
"合剌合孙答剌罕","1","1","2"
"千四百三十六户","1","1","2"
"刘道元指陈桑哥","1","1","2"
"道元指陈桑哥同","1","1","2"
"诸路释教都总统","1","1","2"
"路释教都总统辇","1","1","2"
"释教都总统辇真","1","1","2"
"教都总统辇真术","1","1","2"
"都总统辇真术纳","1","1","2"
"总统辇真术纳思","1","1","2"
"土蕃等处宣慰使","1","1","2"
"蕃等处宣慰使都","1","1","2"
"监察御史商琥举","1","1","2"
"钞一十三万余锭","1","1","2"
"番罗甸宣慰使斡","1","1","2"
"罗甸宣慰使斡罗","1","1","2"
"甸宣慰使斡罗思","1","1","2"
"宣慰使斡罗思等","1","1","2"
"八番顺元等处宣","1","1","2"
"番顺元等处宣慰","1","1","2"
"顺元等处宣慰使","1","1","2"
"元等处宣慰使都","1","1","2"
"长五十六人金纹","1","1","2"
"五十六人金纹绫","1","1","2"
"十六人金纹绫绢","1","1","2"
"免宝庆路邵阳县","1","1","2"
"万三千七百九十","1","1","2"
"三千七百九十三","1","1","2"
"千七百九十三斛","1","1","2"
"钞十一万六千二","1","1","2"
"十一万六千二百","1","1","2"
"东平路河道提举","1","1","2"
"平路河道提举司","1","1","2"
"免田租四千四百","1","1","2"
"田租四千四百六","1","1","2"
"租四千四百六十","1","1","2"
"四千四百六十八","1","1","2"
"千四百六十八石","1","1","2"
"田租十八万四千","1","1","2"
"租十八万四千九","1","1","2"
"十八万四千九百","1","1","2"
"八万四千九百二","1","1","2"
"万四千九百二十","1","1","2"
"四千九百二十八","1","1","2"
"千九百二十八石","1","1","2"
"百二十五万七千","1","1","2"
"二十五万七千八","1","1","2"
"十五万七千八百","1","1","2"
"五万七千八百八","1","1","2"
"万七千八百八十","1","1","2"
"七千八百八十三","1","1","2"
"千八百八十三石","1","1","2"
"免田租七万七千","1","1","2"
"田租七万七千九","1","1","2"
"租七万七千九百","1","1","2"
"七万七千九百八","1","1","2"
"万七千九百八十","1","1","2"
"七千九百八十八","1","1","2"
"千九百八十八石","1","1","2"
"镇安路军民总管","1","1","2"
"广南西路安抚副","1","1","2"
"南西路安抚副使","1","1","2"
"西路安抚副使赛","1","1","2"
"路安抚副使赛甫","1","1","2"
"安抚副使赛甫丁","1","1","2"
"抚副使赛甫丁等","1","1","2"
"河北河南道廉访","1","1","2"
"北河南道廉访司","1","1","2"
"黎兵百户邓志愿","1","1","2"
"兵百户邓志愿谋","1","1","2"
"宁夏府屯田成功","1","1","2"
"福建行省参政魏","1","1","2"
"建行省参政魏天","1","1","2"
"燕南河北廉访司","1","1","2"
"治书侍御史裴居","1","1","2"
"书侍御史裴居安","1","1","2"
"诏谕安南国陈日","1","1","2"
"山东东西道廉访","1","1","2"
"东东西道廉访司","1","1","2"
"买库银九百五十","1","1","2"
"库银九百五十两","1","1","2"
"斡罗思招附光兰","1","1","2"
"罗思招附光兰州","1","1","2"
"免田租二万四千","1","1","2"
"孙等三路宣慰使","1","1","2"
"等三路宣慰使司","1","1","2"
"三路宣慰使司都","1","1","2"
"路宣慰使司都元","1","1","2"
"宣慰使司都元帅","1","1","2"
"福建廉访司知事","1","1","2"
"建廉访司知事张","1","1","2"
"廉访司知事张师","1","1","2"
"访司知事张师道","1","1","2"
"师道翰林直学士","1","1","2"
"酋长向思聪等七","1","1","2"
"长向思聪等七人","1","1","2"
"向思聪等七人入","1","1","2"
"思聪等七人入朝","1","1","2"
"二百九十七万八","1","1","2"
"百九十七万八千","1","1","2"
"九十七万八千三","1","1","2"
"十七万八千三百","1","1","2"
"才一百八十九万","1","1","2"
"一百八十九万三","1","1","2"
"百八十九万三千","1","1","2"
"八十九万三千九","1","1","2"
"十九万三千九百","1","1","2"
"九万三千九百九","1","1","2"
"万三千九百九十","1","1","2"
"三千九百九十三","1","1","2"
"千九百九十三锭","1","1","2"
"三百六十三万八","1","1","2"
"百六十三万八千","1","1","2"
"六十三万八千五","1","1","2"
"十三万八千五百","1","1","2"
"三万八千五百四","1","1","2"
"万八千五百四十","1","1","2"
"八千五百四十三","1","1","2"
"千五百四十三锭","1","1","2"
"二千一百二十五","1","1","2"
"千一百二十五石","1","1","2"
"酋长杨秀朝等六","1","1","2"
"长杨秀朝等六人","1","1","2"
"杨秀朝等六人入","1","1","2"
"治保定府沙塘河","1","1","2"
"钞四十六万六千","1","1","2"
"四十六万六千七","1","1","2"
"十六万六千七百","1","1","2"
"口粮五千五百二","1","1","2"
"粮五千五百二十","1","1","2"
"五千五百二十三","1","1","2"
"钞三十六万八千","1","1","2"
"三十六万八千四","1","1","2"
"十六万八千四百","1","1","2"
"六万八千四百二","1","1","2"
"万八千四百二十","1","1","2"
"八千四百二十八","1","1","2"
"千四百二十八锭","1","1","2"
"二蛮酋遥授知州","1","1","2"
"运米六千四百二","1","1","2"
"米六千四百二十","1","1","2"
"六千四百二十六","1","1","2"
"千四百二十六石","1","1","2"
"二千八百五十二","1","1","2"
"千八百五十二锭","1","1","2"
"江北行省平章伯","2","0","2"
"北行省平章伯颜","2","0","2"
"纳速剌丁灭里所","1","1","2"
"淮西道宣慰使昂","1","1","2"
"西道宣慰使昂吉","1","1","2"
"子宣政院使暗普","1","1","2"
"江淮行枢密院官","1","1","2"
"行枢密官明安答","1","1","2"
"立云南行御史台","1","1","2"
"平章政事李庭率","1","1","2"
"行大司农燕公楠","1","1","2"
"江南行大司农司","1","1","2"
"广东肃政廉访司","1","1","2"
"蛮人光龙等一十","1","1","2"
"人光龙等一十二","1","1","2"
"光龙等一十二人","1","1","2"
"王文显等二十八","1","1","2"
"文显等二十八人","1","1","2"
"马麟等一十六人","1","1","2"
"秃卢忽等五十四","1","1","2"
"卢忽等五十四人","1","1","2"
"彭世强等九十人","1","1","2"
"子江浙行省左丞","1","1","2"
"江浙行省左丞暗","1","1","2"
"浙行省左丞暗普","1","1","2"
"二千九百九十九","1","1","2"
"千九百九十九户","1","1","2"
"万五千二百余石","1","1","2"
"二千五百七十四","1","1","2"
"千五百七十四石","1","1","2"
"五百七十四石赈","1","1","2"
"租四千七百七十","1","1","2"
"四千七百七十二","1","1","2"
"千七百七十二石","1","1","2"
"立海北海南博易","1","1","2"
"海北海南博易提","1","1","2"
"北海南博易提举","1","1","2"
"海南博易提举司","1","1","2"
"义仓米五千九百","1","1","2"
"仓米五千九百余","1","1","2"
"米五千九百余石","1","1","2"
"侍卫亲军千户张","1","1","2"
"卫亲军千户张邦","1","1","2"
"亲军千户张邦瑞","1","1","2"
"陶子奇等十七人","1","1","2"
"子奇等十七人冬","1","1","2"
"奇等十七人冬衣","1","1","2"
"遣兵部侍郎忽鲁","1","1","2"
"兵部侍郎忽鲁秃","1","1","2"
"部侍郎忽鲁秃花","1","1","2"
"侍郎忽鲁秃花等","1","1","2"
"信合纳帖音三国","1","1","2"
"田租六千二百一","1","1","2"
"租六千二百一十","1","1","2"
"六千二百一十三","1","1","2"
"千二百一十三石","1","1","2"
"詹事丞张九思代","1","1","2"
"二千七百三十三","1","1","2"
"千七百三十三处","1","1","2"
"万六千四百二十","1","1","2"
"六千四百二十五","1","1","2"
"钞四十三万四千","1","1","2"
"四十三万四千五","1","1","2"
"十三万四千五百","1","1","2"
"三万四千五百锭","1","1","2"
"五万五千四百一","1","1","2"
"钞三万七千五百","1","1","2"
"三万七千五百二","1","1","2"
"七千五百二十锭","1","1","2"
"三十一年春正月","2","0","2"
"中书右丞相完泽","1","1","2"
"摄太尉臣兀都带","1","1","2"
"太尉臣兀都带奉","1","1","2"
"尊谥曰圣德神功","2","0","2"
"谥曰圣德神功文","2","0","2"
"曰圣德神功文武","2","0","2"
"先皇后弘吉剌氏","1","1","2"
"尊谥曰昭睿顺圣","2","0","2"
"谥曰昭睿顺圣皇","2","0","2"
"曰昭睿顺圣皇后","2","0","2"
"母曰徽仁裕圣皇","2","0","2"
"曰徽仁裕圣皇后","2","0","2"
"御史中丞崔彧玉","2","0","2"
"史中丞崔彧玉玺","2","0","2"
"遣摄太尉兀都带","2","0","2"
"遣礼部侍郎李衎","2","0","2"
"七万六千五百两","1","1","2"
"阔里吉思一万五","1","1","2"
"里吉思一万五千","1","1","2"
"吉思一万五千四","1","1","2"
"思一万五千四百","1","1","2"
"一万五千四百五","1","1","2"
"万五千四百五十","1","1","2"
"五千四百五十两","1","1","2"
"大行皇帝尊谥曰","2","0","2"
"四川散毛洞主覃","1","1","2"
"川散毛洞主覃顺","1","1","2"
"散毛洞主覃顺等","1","1","2"
"八番宣慰使斡罗","1","1","2"
"番宣慰使斡罗思","1","1","2"
"宣慰使斡罗思犯","1","1","2"
"慰使斡罗思犯法","1","1","2"
"钞十一万五千锭","1","1","2"
"肃政廉访司案牍","2","0","2"
"定西平王奥鲁赤","1","1","2"
"道提刑按察使弘","1","1","2"
"提刑按察使弘吉","1","1","2"
"刑按察使弘吉烈","1","1","2"
"按察使弘吉烈带","1","1","2"
"察使弘吉烈带阿","1","1","2"
"使弘吉烈带阿鲁","1","1","2"
"弘吉烈带阿鲁灰","1","1","2"
"吉烈带阿鲁灰受","1","1","2"
"河西陇北道肃政","1","1","2"
"西陇北道肃政廉","1","1","2"
"陇北道肃政廉访","1","1","2"
"封驸马阔里吉思","1","1","2"
"马一千一百九十","1","1","2"
"一千一百九十余","1","1","2"
"千一百九十余匹","1","1","2"
"侍卫都指挥使司","1","1","2"
"隆福宫左都威卫","1","1","2"
"福宫左都威卫使","1","1","2"
"宫左都威卫使司","1","1","2"
"陕西道廉访司没","1","1","2"
"廉访司没入赃罚","2","0","2"
"钞三万六千六百","1","1","2"
"三万六千六百锭","1","1","2"
"平滦路迁安等县","1","1","2"
"立新河运粮千户","1","1","2"
"新河运粮千户所","1","1","2"
"九十三万六千九","1","1","2"
"十三万六千九百","1","1","2"
"三万六千九百五","1","1","2"
"万六千九百五十","1","1","2"
"六千九百五十两","1","1","2"
"十九万二千四百","1","1","2"
"九万二千四百五","1","1","2"
"万二千四百五十","1","1","2"
"二千四百五十两","1","1","2"
"十六万二千余锭","1","1","2"
"贵赤屯田总管府","1","1","2"
"湖南道宣慰使何","1","1","2"
"海北海南市舶提","1","1","2"
"北海南市舶提举","1","1","2"
"海南市舶提举司","1","1","2"
"三万九千九百锭","1","1","2"
"行中书省长官虎","1","1","2"
"中书省长官虎符","1","1","2"
"立北庭都元帅府","1","1","2"
"江浙行省右丞撒","1","1","2"
"浙行省右丞撒里","1","1","2"
"行省右丞撒里蛮","1","1","2"
"立曲先塔林都元","1","1","2"
"曲先塔林都元帅","1","1","2"
"先塔林都元帅府","1","1","2"
"封皇姑囊家真公","1","1","2"
"皇姑囊家真公主","1","1","2"
"士承旨留梦炎告","1","1","2"
"承旨留梦炎告老","1","1","2"
"添入江西榷茶都","1","1","2"
"入江西榷茶都转","1","1","2"
"济宁王蛮子台所","1","1","2"
"宁王蛮子台所部","1","1","2"
"王蛮子台所部弘","1","1","2"
"蛮子台所部弘吉","1","1","2"
"子台所部弘吉烈","1","1","2"
"台所部弘吉烈人","1","1","2"
"所部弘吉烈人贫","1","1","2"
"真人张志仙等十","1","1","2"
"人张志仙等十三","1","1","2"
"张志仙等十三人","1","1","2"
"志仙等十三人玉","1","1","2"
"仙等十三人玉圭","1","1","2"
"安南世子陈日燇","2","0","2"
"南世子陈日燇遣","2","0","2"
"日燇遣使上表慰","2","0","2"
"燇遣使上表慰国","2","0","2"
"遣使上表慰国哀","2","0","2"
"福建银场提举司","1","1","2"
"钞一万二千九百","1","1","2"
"一万二千九百余","1","1","2"
"万二千九百余锭","1","1","2"
"钞四万一千五百","1","1","2"
"四万一千五百余","1","1","2"
"万一千五百余锭","1","1","2"
"道肃政廉访使宋","1","1","2"
"肃政廉访使宋德","1","1","2"
"政廉访使宋德柔","1","1","2"
"立梭厘招讨使司","1","1","2"
"一万二千五百余","1","1","2"
"万二千五百余锭","1","1","2"
"山东都转运使司","1","1","2"
"遣爱牙赤核实高","1","1","2"
"爱牙赤核实高丽","1","1","2"
"牙赤核实高丽国","1","1","2"
"左右两江宣慰司","1","1","2"
"右两江宣慰司都","1","1","2"
"两江宣慰司都元","1","1","2"
"江宣慰司都元帅","1","1","2"
"西两江道宣慰司","1","1","2"
"两江道宣慰司都","1","1","2"
"江道宣慰司都元","1","1","2"
"道宣慰司都元帅","1","1","2"
"立蒙古军都元帅","1","1","2"
"蒙古军都元帅府","1","1","2"
"河西陇北道廉访","1","1","2"
"西陇北道廉访司","1","1","2"
"驸马济宁王蛮子","1","1","2"
"马济宁王蛮子台","1","1","2"
"济宁王蛮子台私","1","1","2"
"立西域卫亲军都","1","1","2"
"西域卫亲军都指","1","1","2"
"域卫亲军都指挥","1","1","2"
"普颜怯里迷失公","1","1","2"
"颜怯里迷失公主","1","1","2"
"怯里迷失公主等","1","1","2"
"江南行御史台守","1","1","2"
"南行御史台守护","1","1","2"
"行御史台守护军","1","1","2"
"立肇州屯田万户","1","1","2"
"肇州屯田万户府","1","1","2"
"辽阳行省左丞阿","1","1","2"
"阳行省左丞阿散","1","1","2"
"刘国杰玉带锦衣","1","1","2"
"宁夏路行中书省","1","1","2"
"西廉访司佥事张","1","1","2"
"廉访司佥事张孝","1","1","2"
"访司佥事张孝思","1","1","2"
"司佥事张孝思多","1","1","2"
"佥事张孝思多取","1","1","2"
"平章军国重事答","1","1","2"
"章军国重事答失","1","1","2"
"军国重事答失蛮","1","1","2"
"二万九千三百余","1","1","2"
"万九千三百余锭","1","1","2"
"四万八千五百余","1","1","2"
"万八千五百余锭","1","1","2"
"钞二万九千余锭","1","1","2"
"安南朝贡使陈利","1","1","2"
"置江浙行省检校","1","1","2"
"江浙行省检校官","1","1","2"
"浙行省检校官二","1","1","2"
"立江浙金银洞冶","1","1","2"
"江浙金银洞冶转","1","1","2"
"浙金银洞冶转运","1","1","2"
"金银洞冶转运使","1","1","2"
"银洞冶转运使司","1","1","2"
"十五万八千二百","1","1","2"
"遣集贤院使阿里","1","1","2"
"集贤院使阿里浑","1","1","2"
"贤院使阿里浑撒","1","1","2"
"院使阿里浑撒里","1","1","2"
"使阿里浑撒里等","1","1","2"
"英宗睿圣文孝皇","1","1","2"
"宗睿圣文孝皇帝","1","1","2"
"太子詹事郭贯等","1","1","2"
"帝谓中书省臣曰","2","0","2"
"太子太师铁木迭","1","1","2"
"参议中书省事乞","1","1","2"
"议中书省事乞失","1","1","2"
"中书省事乞失监","1","1","2"
"白云宗总摄沈明","1","1","2"
"云宗总摄沈明仁","1","1","2"
"上都乾元寺规运","1","1","2"
"都乾元寺规运总","1","1","2"
"乾元寺规运总管","1","1","2"
"元寺规运总管府","1","1","2"
"召陕西行台御史","1","1","2"
"行台御史大夫答","1","1","2"
"台御史大夫答失","1","1","2"
"御史大夫答失铁","1","1","2"
"史大夫答失铁木","1","1","2"
"定京城环卫更番","1","1","2"
"京城环卫更番法","1","1","2"
"夺前中书平章政","1","1","2"
"平章政事李孟所","1","1","2"
"章政事李孟所受","1","1","2"
"政事李孟所受秦","1","1","2"
"事李孟所受秦国","1","1","2"
"李孟所受秦国公","1","1","2"
"孟所受秦国公制","1","1","2"
"所受秦国公制命","1","1","2"
"群臣超授散官者","1","1","2"
"上都留守司留守","1","1","2"
"民匠都总管府隶","1","1","2"
"湖广行省丞相朵","1","1","2"
"征东行省丞相高","1","1","2"
"东行省丞相高丽","1","1","2"
"平章政事王毅等","1","1","2"
"济南等处蒙古军","1","1","2"
"南等处蒙古军饥","1","1","2"
"贺伯颜坐便服迎","1","1","2"
"伯颜坐便服迎诏","1","1","2"
"沅陵县浦口千户","1","1","2"
"陵县浦口千户所","1","1","2"
"海牙中书平章政","2","0","2"
"牙中书平章政事","2","0","2"
"大行皇帝谥南郊","2","0","2"
"省平章政事阿散","1","1","2"
"中书平章政事黑","1","1","2"
"书平章政事黑驴","1","1","2"
"御史大夫脱忒哈","1","1","2"
"徽政使失列门等","1","1","2"
"枢密院事铁木脱","2","0","2"
"子江浙行省平章","1","1","2"
"省平章政事买驴","1","1","2"
"徽政院使米薛迷","1","1","2"
"前太子詹事床兀","1","1","2"
"西行省左丞相脱","1","1","2"
"行省左丞相脱脱","1","1","2"
"诸王阿木里台宴","1","1","2"
"王阿木里台宴服","1","1","2"
"诸王伯要台等十","1","1","2"
"王伯要台等十人","1","1","2"
"人钞二万五千贯","2","0","2"
"命玄教宗师张留","1","1","2"
"玄教宗师张留孙","1","1","2"
"诸王告住等部火","1","1","2"
"散辽阳红花万户","1","1","2"
"辽阳红花万户府","1","1","2"
"阳红花万户府兵","1","1","2"
"甘肃行省平章钦","1","1","2"
"肃行省平章钦察","1","1","2"
"行省平章钦察台","1","1","2"
"赐公主紥牙八剌","2","0","2"
"曲靖路人匠提举","1","1","2"
"靖路人匠提举司","1","1","2"
"兴圣宫牧驼户贫","1","1","2"
"圣宫牧驼户贫乏","1","1","2"
"仁宗圣文钦孝皇","1","1","2"
"宗圣文钦孝皇帝","1","1","2"
"议玉华宫岁享睿","1","1","2"
"玉华宫岁享睿宗","1","1","2"
"华宫岁享睿宗登","1","1","2"
"宫岁享睿宗登歌","1","1","2"
"岁享睿宗登歌大","1","1","2"
"享睿宗登歌大乐","1","1","2"
"常澧州洞蛮贞公","1","1","2"
"云南木邦路土官","1","1","2"
"南木邦路土官绐","1","1","2"
"木邦路土官绐邦","1","1","2"
"酉阳耸侬洞蛮田","1","1","2"
"阳耸侬洞蛮田谋","1","1","2"
"耸侬洞蛮田谋远","1","1","2"
"酉阳土官冉世昌","1","1","2"
"定恭谢太庙仪式","1","1","2"
"百二十一万一千","1","1","2"
"二十一万一千贯","1","1","2"
"币五万七千三百","1","1","2"
"五万七千三百六","1","1","2"
"万七千三百六十","1","1","2"
"七千三百六十四","1","1","2"
"千三百六十四匹","1","1","2"
"帛四万九千三百","1","1","2"
"四万九千三百二","1","1","2"
"九千三百二十二","1","1","2"
"千三百二十二匹","1","1","2"
"木绵九万二千六","1","1","2"
"绵九万二千六百","1","1","2"
"九万二千六百七","1","1","2"
"万二千六百七十","1","1","2"
"二千六百七十二","1","1","2"
"千六百七十二匹","1","1","2"
"布二万三千三百","1","1","2"
"二万三千三百九","1","1","2"
"万三千三百九十","1","1","2"
"三千三百九十八","1","1","2"
"千三百九十八匹","1","1","2"
"括顺阳王兀都思","1","1","2"
"翰林国史院纂修","1","1","2"
"建帝师八思巴殿","1","1","2"
"命官家属流落边","1","1","2"
"官家属流落边远","1","1","2"
"全德泰宁福庆徽","1","1","2"
"德泰宁福庆徽文","1","1","2"
"泰宁福庆徽文崇","1","1","2"
"翰林学士忽都鲁","1","1","2"
"林学士忽都鲁都","1","1","2"
"学士忽都鲁都迷","2","0","2"
"士忽都鲁都迷失","2","0","2"
"太皇太后加号礼","2","0","2"
"皇太后加号礼成","2","0","2"
"西僧辇真哈剌思","1","1","2"
"翙星回回司天监","2","0","2"
"典瑞院使阔彻伯","1","1","2"
"瑞院使阔彻伯知","1","1","2"
"院使阔彻伯知枢","1","1","2"
"使阔彻伯知枢密","1","1","2"
"明年二月八日迎","1","1","2"
"年二月八日迎佛","1","1","2"
"万二千三百人耗","1","1","2"
"法驾二千五百人","1","1","2"
"平章政事伯颜察","1","1","2"
"行省平章政事白","1","1","2"
"省平章政事白撒","1","1","2"
"平章政事白撒都","1","1","2"
"秦州成纪县暴雨","1","1","2"
"州都漕运司同知","1","1","2"
"参议中书省事张","1","1","2"
"议中书省事张养","1","1","2"
"中书省事张养浩","1","1","2"
"书省事张养浩上","1","1","2"
"省事张养浩上书","1","1","2"
"诸王斡罗思部饥","1","1","2"
"受缅国使者朝贡","1","1","2"
"廷试进士泰普化","1","1","2"
"宋本等六十四人","1","1","2"
"喃答失王府银印","1","1","2"
"陕西行御史台中","1","1","2"
"西行御史台中丞","1","1","2"
"二万三千三百户","1","1","2"
"卫辉路胙城县蝗","1","1","2"
"遣枢密院判官章","1","1","2"
"枢密院判官章台","1","1","2"
"淮西蒙城等县饥","1","1","2"
"遣知枢密院事铁","1","1","2"
"憨哈纳思等部贫","1","1","2"
"哈纳思等部贫乏","1","1","2"
"中书平章政事铁","1","1","2"
"书平章政事铁木","1","1","2"
"铁木脱上都留守","2","0","2"
"政事塔失海牙坐","1","1","2"
"事塔失海牙坐受","1","1","2"
"置赵王马札罕部","1","1","2"
"赵王马札罕部钱","1","1","2"
"王马札罕部钱粮","1","1","2"
"马札罕部钱粮总","1","1","2"
"札罕部钱粮总管","1","1","2"
"罕部钱粮总管府","1","1","2"
"侍仪司通事舍人","1","1","2"
"仪司通事舍人六","1","1","2"
"继天体道敬文仁","1","1","2"
"天体道敬文仁武","1","1","2"
"体道敬文仁武大","1","1","2"
"道敬文仁武大昭","1","1","2"
"敬文仁武大昭孝","1","1","2"
"文仁武大昭孝皇","1","1","2"
"仁武大昭孝皇帝","1","1","2"
"命御史大夫铁失","1","1","2"
"帝师公哥罗古罗","1","1","2"
"师公哥罗古罗思","1","1","2"
"公哥罗古罗思监","1","1","2"
"哥罗古罗思监藏","1","1","2"
"罗古罗思监藏班","1","1","2"
"古罗思监藏班藏","1","1","2"
"罗思监藏班藏卜","1","1","2"
"统太祖四大斡耳","2","0","2"
"祖四大斡耳朵军","2","0","2"
"四大斡耳朵军马","2","0","2"
"王府内史倒剌沙","1","1","2"
"知枢密院事淇阳","1","1","2"
"枢密院事淇阳王","1","1","2"
"内史倒剌沙中书","2","0","2"
"史倒剌沙中书平","2","0","2"
"倒剌沙中书平章","2","0","2"
"剌沙中书平章政","2","0","2"
"迷失知枢密院事","1","1","2"
"章台同知枢密院","1","1","2"
"召诸王官属流徙","1","1","2"
"诸王官属流徙远","1","1","2"
"王官属流徙远地","1","1","2"
"都护高昌王铁木","1","1","2"
"诏百司遵守世祖","1","1","2"
"百司遵守世祖成","1","1","2"
"行省平章政事兀","1","1","2"
"省平章政事兀伯","1","1","2"
"西平王二部卫士","1","1","2"
"平王二部卫士饥","1","1","2"
"广东副元帅乌马","1","1","2"
"镇江路丹徒县饥","1","1","2"
"庄懿慈圣皇后金","1","1","2"
"命道士吴全节修","1","1","2"
"守边诸王彻彻秃","1","1","2"
"驸马哈伯等岁赐","1","1","2"
"马哈伯等岁赐金","1","1","2"
"安路总管岑世兴","1","1","2"
"王买奴逃赴潜邸","1","1","2"
"忠翊侍卫屯田所","1","1","2"
"翊侍卫屯田所营","1","1","2"
"侍卫屯田所营田","1","1","2"
"泰定元年春正月","1","1","2"
"宗仁卫亲军都指","1","1","2"
"仁卫亲军都指挥","1","1","2"
"称海屯田万户府","1","1","2"
"岭北行中书省参","1","1","2"
"北行中书省参知","1","1","2"
"八番生蛮韦光正","1","1","2"
"赐故监察御史观","2","0","2"
"江浙行省左丞赵","1","1","2"
"浙行省左丞赵简","1","1","2"
"翰林学士承旨忽","1","1","2"
"林学士承旨忽都","1","1","2"
"学士承旨忽都鲁","1","1","2"
"士承旨忽都鲁都","1","1","2"
"集贤直学士邓文","1","1","2"
"贤直学士邓文原","1","1","2"
"太尉丑驴答剌罕","1","1","2"
"王彻彻秃永福县","1","1","2"
"张益等八十四人","1","1","2"
"中书平章政事马","2","0","2"
"昭献元圣皇后御","1","1","2"
"献元圣皇后御容","1","1","2"
"元圣皇后御容殿","1","1","2"
"命昌王八剌失里","1","1","2"
"昌王八剌失里镇","2","0","2"
"昌王八剌失里牛","1","1","2"
"王八剌失里牛马","1","1","2"
"遣诸王捏古伯等","1","1","2"
"太子詹事秃满迭","1","1","2"
"监察御史董鹏南","1","1","2"
"书平章政事秃满","1","1","2"
"宣徽使詹事丞回","1","1","2"
"徽使詹事丞回回","1","1","2"
"大都诸路属县水","1","1","2"
"蒙化州高兰神场","1","1","2"
"化州高兰神场寨","1","1","2"
"州高兰神场寨主","1","1","2"
"高兰神场寨主照","1","1","2"
"兰神场寨主照明","1","1","2"
"神场寨主照明罗","1","1","2"
"场寨主照明罗九","1","1","2"
"寨主照明罗九等","1","1","2"
"广西左右两江黄","1","1","2"
"西左右两江黄胜","1","1","2"
"左右两江黄胜许","1","1","2"
"置海剌秃屯田总","1","1","2"
"海剌秃屯田总管","1","1","2"
"剌秃屯田总管府","1","1","2"
"思州平茶杨大车","1","1","2"
"翙星上都司天监","2","0","2"
"大名路开州濮阳","1","1","2"
"名路开州濮阳县","1","1","2"
"大都路固安州清","1","1","2"
"都路固安州清河","1","1","2"
"林学士承旨斡赤","1","1","2"
"睿宗御容普庆寺","2","0","2"
"诸王哈伯等部饥","1","1","2"
"结鲁思伴卜总统","1","1","2"
"鲁思伴卜总统所","1","1","2"
"昭献元圣皇后忌","1","1","2"
"献元圣皇后忌日","1","1","2"
"元圣皇后忌日修","1","1","2"
"圣皇后忌日修佛","1","1","2"
"皇后忌日修佛事","1","1","2"
"秦州成纪县赵氏","1","1","2"
"州成纪县赵氏妇","1","1","2"
"监察御史王士元","1","1","2"
"大天源延圣寺总","1","1","2"
"天源延圣寺总管","1","1","2"
"源延圣寺总管府","1","1","2"
"武昌路江夏县饥","1","1","2"
"河南廉访使买奴","1","1","2"
"术温台知枢密院","1","1","2"
"温台知枢密院事","1","1","2"
"翰林国史院修纂","1","1","2"
"温州路乐清县盐","1","1","2"
"州路乐清县盐场","1","1","2"
"路乐清县盐场水","1","1","2"
"乞剌失思八班藏","1","1","2"
"剌失思八班藏卜","1","1","2"
"土蕃等路宣慰使","1","1","2"
"蕃等路宣慰使都","1","1","2"
"等路宣慰使都元","1","1","2"
"松江都水庸田使","1","1","2"
"江都水庸田使司","1","1","2"
"山南廉访使帖木","1","1","2"
"南廉访使帖木哥","1","1","2"
"诸王忽塔梯迷失","1","1","2"
"王忽塔梯迷失等","1","1","2"
"万一千六百五十","1","1","2"
"一千六百五十户","1","1","2"
"土官三百六十人","1","1","2"
"官三百六十人请","1","1","2"
"娘等四十六人入","1","1","2"
"三十九代天师张","1","1","2"
"十九代天师张嗣","1","1","2"
"九代天师张嗣成","1","1","2"
"甘州蒙古驿户饥","1","1","2"
"一万八千五百人","1","1","2"
"陷朵剌等十四寨","1","1","2"
"周王世〈王束〉","2","0","2"
"米三十二万五千","1","1","2"
"中书参知政事左","1","1","2"
"书参知政事左塔","1","1","2"
"先帖木知枢密院","2","0","2"
"立都水庸田使司","1","1","2"
"谋粘路土官赛丘","1","1","2"
"粘路土官赛丘罗","1","1","2"
"木邦路土官八庙","1","1","2"
"诏播州宣抚使杨","1","1","2"
"置车里军民总管","1","1","2"
"车里军民总管府","1","1","2"
"兵部尚书李大成","1","1","2"
"诸王斡耳朵罕监","1","1","2"
"思州洞蛮杨银千","1","1","2"
"州洞蛮杨银千等","1","1","2"
"立河南行都水监","1","1","2"
"礼部员外郎元永","1","1","2"
"部员外郎元永贞","1","1","2"
"幸大承华普庆寺","1","1","2"
"祀昭献元圣皇后","1","1","2"
"班光金等合兵攻","1","1","2"
"星退犯井宿钺星","1","1","2"
"行省左丞乞住捕","1","1","2"
"蒙山银冶提举司","1","1","2"
"遣中书平章政事","1","1","2"
"加纽泽知枢密院","1","1","2"
"纽泽知枢密院事","1","1","2"
"元江路土官普山","1","1","2"
"指挥使卜颜忽里","1","1","2"
"明宗翼献景孝皇","1","1","2"
"宗翼献景孝皇帝","1","1","2"
"议立英宗皇太子","2","0","2"
"台御史大夫脱里","1","1","2"
"御史大夫脱里伯","1","1","2"
"脱欢袭杀阿思罕","1","1","2"
"西北诸王察阿台","1","1","2"
"北诸王察阿台等","1","1","2"
"御史大夫铁失等","1","1","2"
"泰定皇帝崩上都","2","0","2"
"参知政事王士熙","1","1","2"
"知政事王士熙等","1","1","2"
"右丞相答失铁木","1","1","2"
"沿边元帅朵烈捏","1","1","2"
"行省平章政事泼","1","1","2"
"省平章政事泼皮","1","1","2"
"平章政事泼皮奉","1","1","2"
"章政事泼皮奉迎","1","1","2"
"佥枢密院事帖木","1","1","2"
"翰林学士承旨答","2","0","2"
"林学士承旨答失","2","0","2"
"学士承旨答失里","2","0","2"
"追尊皇妣乞烈氏","2","0","2"
"尊皇妣乞烈氏曰","2","0","2"
"皇妣乞烈氏曰仁","2","0","2"
"妣乞烈氏曰仁献","2","0","2"
"乞烈氏曰仁献章","2","0","2"
"烈氏曰仁献章圣","2","0","2"
"氏曰仁献章圣皇","2","0","2"
"立奎章阁学士院","1","1","2"
"遣右丞相燕铁木","1","1","2"
"书平章政事伯帖","1","1","2"
"平章政事伯帖木","1","1","2"
"行台御史大夫铁","1","1","2"
"台御史大夫铁木","1","1","2"
"日命中书左丞相","1","1","2"
"命中书左丞相铁","1","1","2"
"中书左丞相铁木","1","1","2"
"左丞相铁木补化","2","0","2"
"遣西安王阿剌忒","1","1","2"
"西木邻等四十三","1","1","2"
"赵王马札罕部落","1","1","2"
"民五万五千四百","1","1","2"
"铁木补化等帝位","2","0","2"
"同翰林国史院官","1","1","2"
"发诸卫军六千完","2","0","2"
"诸卫军六千完京","2","0","2"
"卫军六千完京城","2","0","2"
"尊谥曰翼献景孝","2","0","2"
"谥曰翼献景孝皇","2","0","2"
"曰翼献景孝皇帝","2","0","2"
"文宗圣明元孝皇","1","1","2"
"宗圣明元孝皇帝","1","1","2"
"曰文献昭圣皇后","2","0","2"
"太常礼仪使哈海","1","1","2"
"宗正紥鲁忽赤阔","2","0","2"
"正紥鲁忽赤阔阔","2","0","2"
"鲁忽赤雍古台迁","1","1","2"
"孛伦赤等十七人","1","1","2"
"阿剌忒纳失里共","1","1","2"
"行省参知政事明","1","1","2"
"省参知政事明里","1","1","2"
"参知政事明里董","1","1","2"
"知政事明里董阿","1","1","2"
"宣政使答里麻失","1","1","2"
"政使答里麻失里","1","1","2"
"遣左卫率使秃鲁","1","1","2"
"遣万户彻里帖木","1","1","2"
"行省平章政事高","1","1","2"
"省平章政事高昌","1","1","2"
"平章政事高昌王","1","1","2"
"章政事高昌王铁","1","1","2"
"政事高昌王铁木","1","1","2"
"湖广行省左丞马","1","1","2"
"广行省左丞马合","1","1","2"
"遣隆镇卫指挥使","1","1","2"
"指挥使速台将兵","2","0","2"
"行省平章政事探","1","1","2"
"省平章政事探马","1","1","2"
"平章政事探马赤","1","1","2"
"台御史剌马黑巴","1","1","2"
"御史剌马黑巴等","1","1","2"
"集贤侍读学士兀","1","1","2"
"贤侍读学士兀鲁","1","1","2"
"侍读学士兀鲁思","1","1","2"
"太常礼仪院使哈","1","1","2"
"常礼仪院使哈海","1","1","2"
"礼仪院使哈海赤","1","1","2"
"仪院使哈海赤等","1","1","2"
"院使哈海赤等十","1","1","2"
"使哈海赤等十八","1","1","2"
"哈海赤等十八人","1","1","2"
"速卫指挥使脱脱","1","1","2"
"卫指挥使脱脱木","1","1","2"
"贵赤卫指挥使脱","1","1","2"
"赤卫指挥使脱迭","1","1","2"
"御史大夫纽泽等","1","1","2"
"隆镇卫指挥使黑","1","1","2"
"镇卫指挥使黑汉","1","1","2"
"赐镇南王铁木花","2","0","2"
"保定两万户号称","1","1","2"
"定两万户号称精","1","1","2"
"两万户号称精锐","1","1","2"
"大司农明里董阿","1","1","2"
"大都留守阔阔台","1","1","2"
"知枢密院事速台","2","0","2"
"速台知行枢密院","2","0","2"
"台知行枢密院事","2","0","2"
"都诸王忽剌台等","2","0","2"
"元年九月十三日","1","1","2"
"封燕铁木太平王","2","0","2"
"行台御史大夫朵","1","1","2"
"淮西道肃政廉访","1","1","2"
"道肃政廉访使阿","1","1","2"
"左右两阿速卫军","1","1","2"
"奉祖宗神御殿祠","1","1","2"
"祖宗神御殿祠祭","1","1","2"
"命高昌僧作佛事","2","0","2"
"指挥使忽都帖木","1","1","2"
"脱脱木辽东军战","2","0","2"
"脱木辽东军战蓟","2","0","2"
"木辽东军战蓟州","2","0","2"
"获上都颁诏使者","1","1","2"
"同知枢密院事秃","1","1","2"
"中书平章政事明","1","1","2"
"书平章政事明里","1","1","2"
"平章政事明里董","1","1","2"
"章政事明里董阿","1","1","2"
"岭北行省左丞燕","1","1","2"
"知枢密院事竹温","1","1","2"
"枢密院事竹温台","1","1","2"
"临清万户府运粮","1","1","2"
"清万户府运粮军","1","1","2"
"山东丁壮万人守","1","1","2"
"东丁壮万人守御","1","1","2"
"丁壮万人守御益","1","1","2"
"壮万人守御益都","1","1","2"
"河南廉访副使万","1","1","2"
"南廉访副使万家","1","1","2"
"子武昌万户景武","1","1","2"
"武昌万户景武等","1","1","2"
"张景武兄弟五人","1","1","2"
"姻家长芦盐运司","1","1","2"
"家长芦盐运司判","1","1","2"
"长芦盐运司判官","1","1","2"
"忽剌台游兵进逼","1","1","2"
"秃满迭军复入古","2","0","2"
"满迭军复入古北","2","0","2"
"迭军复入古北口","2","0","2"
"古元帅花帖木等","2","0","2"
"先捏知行枢密院","1","1","2"
"捏知行枢密院事","1","1","2"
"故徽政使失烈门","1","1","2"
"通州知州赵义能","1","1","2"
"银沙罗甸土官哀","1","1","2"
"沙罗甸土官哀赞","1","1","2"
"罗甸土官哀赞等","1","1","2"
"广东佥事张世荣","1","1","2"
"东佥事张世荣追","1","1","2"
"云南彻里路土官","1","1","2"
"南彻里路土官刁","1","1","2"
"彻里路土官刁赛","1","1","2"
"里路土官刁赛等","1","1","2"
"叔父东路蒙古元","1","1","2"
"父东路蒙古元帅","1","1","2"
"蒙古塔失等三十","1","1","2"
"古塔失等三十人","1","1","2"
"平章曲列等二十","1","1","2"
"章曲列等二十三","1","1","2"
"曲列等二十三人","1","1","2"
"列等二十三人田","1","1","2"
"阿剌忒纳失里等","1","1","2"
"剌忒纳失里等二","1","1","2"
"忒纳失里等二十","1","1","2"
"纳失里等二十三","1","1","2"
"失里等二十三人","1","1","2"
"命太保伯答沙升","1","1","2"
"江南行台御史王","1","1","2"
"南行台御史王琚","1","1","2"
"乌伯都剌等三十","1","1","2"
"伯都剌等三十人","1","1","2"
"都剌等三十人田","1","1","2"
"剌等三十人田宅","1","1","2"
"监察御史撒里花","2","0","2"
"八百媳妇国使者","1","1","2"
"百媳妇国使者昭","1","1","2"
"媳妇国使者昭哀","1","1","2"
"九十九寨土官必","1","1","2"
"枢密同知阿乞剌","1","1","2"
"密同知阿乞剌等","1","1","2"
"御史中丞玥璐花","2","0","2"
"丞玥璐花太禧使","2","0","2"
"迎皇兄明宗皇帝","1","1","2"
"御史中丞赵世延","1","1","2"
"宗正府紥鲁忽赤","2","0","2"
"四川行省平章囊","1","1","2"
"川行省平章囊加","1","1","2"
"行省平章囊加台","1","1","2"
"省平章宽彻等官","1","1","2"
"立龙翊侍卫亲军","1","1","2"
"龙翊侍卫亲军都","1","1","2"
"付皇子阿剌忒纳","1","1","2"
"遣治书侍御史撒","1","1","2"
"治书侍御史撒迪","1","1","2"
"颜秃古思奉迎皇","1","1","2"
"秃古思奉迎皇兄","1","1","2"
"封西安王阿剌忒","1","1","2"
"教坊司达鲁花赤","1","1","2"
"坊司达鲁花赤撒","1","1","2"
"司达鲁花赤撒剌","1","1","2"
"天历二年春正月","1","1","2"
"封知枢密院事火","1","1","2"
"命太府太监沙剌","1","1","2"
"赐鲁国大长公主","2","0","2"
"鲁国大长公主钞","2","0","2"
"国大长公主钞二","2","0","2"
"大长公主钞二万","2","0","2"
"长公主钞二万锭","2","0","2"
"西域诸王燕吉台","2","0","2"
"献海东鹘皇兄行","2","0","2"
"海东鹘皇兄行所","2","0","2"
"内外军士四万二","1","1","2"
"外军士四万二千","1","1","2"
"军士四万二千二","1","1","2"
"士四万二千二百","1","1","2"
"四万二千二百七","1","1","2"
"万二千二百七十","1","1","2"
"二千二百七十人","1","1","2"
"四川招谕囊加台","1","1","2"
"集贤侍讲学士等","1","1","2"
"贤侍讲学士等官","1","1","2"
"四川囊加台攻破","1","1","2"
"川囊加台攻破播","1","1","2"
"囊加台攻破播州","1","1","2"
"加台攻破播州猫","1","1","2"
"陕西蒙古军都元","1","1","2"
"西蒙古军都元帅","1","1","2"
"钞五万六千二百","1","1","2"
"五万六千二百锭","1","1","2"
"刘道衡等四人官","1","1","2"
"薛允等十六人官","1","1","2"
"复中书左丞史惟","1","1","2"
"中书左丞史惟良","1","1","2"
"行台御史大夫阿","1","1","2"
"破乌江北岸贼兵","1","1","2"
"册命皇后雍吉剌","1","1","2"
"命皇后雍吉剌氏","1","1","2"
"广西思明路军民","1","1","2"
"西思明路军民总","1","1","2"
"思明路军民总管","1","1","2"
"明路军民总管黄","1","1","2"
"路军民总管黄克","1","1","2"
"军民总管黄克顺","1","1","2"
"遣翰林侍讲学士","1","1","2"
"翰林侍讲学士曹","1","1","2"
"林侍讲学士曹元","1","1","2"
"武靖王搠思班等","1","1","2"
"宣慰使撒忒迷失","1","1","2"
"云南行省蒙通蒙","1","1","2"
"南行省蒙通蒙算","1","1","2"
"行省蒙通蒙算甸","1","1","2"
"省蒙通蒙算甸土","1","1","2"
"蒙通蒙算甸土官","1","1","2"
"通蒙算甸土官阿","1","1","2"
"蒙算甸土官阿三","1","1","2"
"算甸土官阿三木","1","1","2"
"凡二月二十一日","1","1","2"
"左右翼蒙古侍卫","1","1","2"
"右翼蒙古侍卫军","1","1","2"
"翼蒙古侍卫军二","1","1","2"
"蒙古侍卫军二千","1","1","2"
"置银沙罗甸等处","1","1","2"
"银沙罗甸等处宣","1","1","2"
"沙罗甸等处宣慰","1","1","2"
"罗甸等处宣慰司","1","1","2"
"甸等处宣慰司都","1","1","2"
"等处宣慰司都元","1","1","2"
"处宣慰司都元帅","1","1","2"
"伪署参知政事等","1","1","2"
"署参知政事等官","1","1","2"
"建大龙翔集庆寺","1","1","2"
"文献昭圣皇后神","1","1","2"
"献昭圣皇后神御","1","1","2"
"昭圣皇后神御殿","1","1","2"
"安抚使布答思监","1","1","2"
"抚使布答思监等","1","1","2"
"同佥枢密院事傅","1","1","2"
"佥枢密院事傅岩","1","1","2"
"集庆大龙翔寺置","1","1","2"
"行省参知政事孛","1","1","2"
"省参知政事孛罗","1","1","2"
"参知政事孛罗奉","1","1","2"
"知政事孛罗奉诏","1","1","2"
"百二十三万四千","1","1","2"
"汉中廉访司所贮","1","1","2"
"四千五百一十人","1","1","2"
"饥民六十七万六","1","1","2"
"民六十七万六千","1","1","2"
"濮州鄄城县蚕灾","1","1","2"
"置江淮财赋都总","1","1","2"
"十九万七千九百","1","1","2"
"九万七千九百人","1","1","2"
"保定路定兴驿车","1","1","2"
"定路定兴驿车马","1","1","2"
"二千七百四十八","1","1","2"
"千七百四十八户","1","1","2"
"十一万八千九十","1","1","2"
"一万八千九十户","1","1","2"
"陕西行台御史孔","1","1","2"
"西行台御史孔思","1","1","2"
"行台御史孔思迪","1","1","2"
"百四十万九千一","1","1","2"
"四十万九千一百","1","1","2"
"三万一千四百户","1","1","2"
"大行皇帝山陵官","1","1","2"
"御史大夫孛罗等","1","1","2"
"赵世安提调通政","1","1","2"
"世安提调通政院","1","1","2"
"安提调通政院事","1","1","2"
"命阿剌忒纳失里","1","1","2"
"太子詹事丞霄云","1","1","2"
"子詹事丞霄云世","1","1","2"
"詹事丞霄云世月","1","1","2"
"事丞霄云世月思","1","1","2"
"河东宣慰使哈散","1","1","2"
"呼日者推测圣算","1","1","2"
"故宋太后全氏田","1","1","2"
"大承天护圣寺永","1","1","2"
"承天护圣寺永业","1","1","2"
"万寿营缮提点所","1","1","2"
"海南营缮提点所","1","1","2"
"云南乌撒土官禄","1","1","2"
"南乌撒土官禄余","1","1","2"
"曲靖土官举精衣","1","1","2"
"知枢密院事塔失","1","1","2"
"枢密院事塔失帖","1","1","2"
"密院事塔失帖木","1","1","2"
"怯薛官武备卿定","1","1","2"
"薛官武备卿定住","1","1","2"
"官武备卿定住特","1","1","2"
"广西思明州土官","1","1","2"
"西思明州土官黄","1","1","2"
"思明州土官黄宗","1","1","2"
"明州土官黄宗永","1","1","2"
"所居诸王八剌马","1","1","2"
"知枢密院事昭武","1","1","2"
"枢密院事昭武王","1","1","2"
"密院事昭武王火","1","1","2"
"院事昭武王火沙","1","1","2"
"事昭武王火沙知","1","1","2"
"昭武王火沙知行","1","1","2"
"武王火沙知行枢","1","1","2"
"王火沙知行枢密","1","1","2"
"火沙知行枢密院","1","1","2"
"沙知行枢密院事","1","1","2"
"立大承天护圣寺","1","1","2"
"大承天护圣寺营","1","1","2"
"承天护圣寺营缮","1","1","2"
"天护圣寺营缮提","1","1","2"
"护圣寺营缮提点","1","1","2"
"圣寺营缮提点所","1","1","2"
"平江等处田赋提","1","1","2"
"江等处田赋提举","1","1","2"
"等处田赋提举司","1","1","2"
"处田赋提举司二","1","1","2"
"吏部尚书八剌哈","1","1","2"
"怯怜口诸色民匠","1","1","2"
"怜口诸色民匠总","1","1","2"
"口诸色民匠总管","1","1","2"
"诸色民匠总管府","1","1","2"
"发中政院财赋总","1","1","2"
"中政院财赋总管","1","1","2"
"政院财赋总管府","1","1","2"
"琼州军民安抚司","1","1","2"
"乾宁军民安抚司","1","1","2"
"南建洞主王官知","1","1","2"
"建洞主王官知州","1","1","2"
"洞主王官知州事","1","1","2"
"财赋都总管府隶","1","1","2"
"王士熙等十二人","1","1","2"
"免征奉元路民间","1","1","2"
"征奉元路民间商","1","1","2"
"奉元路民间商税","1","1","2"
"元路民间商税一","1","1","2"
"路民间商税一年","1","1","2"
"永平屯田总管府","1","1","2"
"陕西凤翔府饥民","1","1","2"
"郡王答邻答里知","1","1","2"
"王答邻答里知行","1","1","2"
"答邻答里知行枢","1","1","2"
"邻答里知行枢密","1","1","2"
"答里知行枢密院","1","1","2"
"里知行枢密院事","1","1","2"
"诏列圣诸宫后妃","1","1","2"
"翰林学士承旨阔","1","1","2"
"林学士承旨阔彻","1","1","2"
"学士承旨阔彻伯","1","1","2"
"士承旨阔彻伯知","1","1","2"
"承旨阔彻伯知枢","1","1","2"
"旨阔彻伯知枢密","1","1","2"
"普庆修寺人匠提","1","1","2"
"庆修寺人匠提举","1","1","2"
"修寺人匠提举司","1","1","2"
"毁广平王木剌忽","1","1","2"
"立孟定路军民总","1","1","2"
"孟定路军民总管","1","1","2"
"定路军民总管府","1","1","2"
"元江路军民总管","1","1","2"
"江路军民总管府","1","1","2"
"行省平章刘脱欢","1","1","2"
"山东廉访司按治","1","1","2"
"诏豫王阿剌忒纳","1","1","2"
"豳王忽塔忒迷失","1","1","2"
"王忽塔忒迷失王","1","1","2"
"忽塔忒迷失王傅","1","1","2"
"西僧辇真吃剌思","1","1","2"
"阿荣辑录所上章","1","1","2"
"荣辑录所上章疏","1","1","2"
"皇姑鲁国大长公","1","1","2"
"姑鲁国大长公主","1","1","2"
"转运司盐引六万","1","1","2"
"汉僧三百四十人","1","1","2"
"元钞四十五万锭","1","1","2"
"上都留守司八剌","1","1","2"
"都留守司八剌哈","1","1","2"
"留守司八剌哈赤","1","1","2"
"守司八剌哈赤二","1","1","2"
"司八剌哈赤二千","1","1","2"
"八剌哈赤二千二","1","1","2"
"剌哈赤二千二百","1","1","2"
"诏兴举中政院事","1","1","2"
"开府仪同三司者","1","1","2"
"乏者二百七十户","1","1","2"
"者二百七十户粮","1","1","2"
"金三百二十七锭","1","1","2"
"千一百六十九锭","1","1","2"
"钞九百二十九万","1","1","2"
"九百二十九万七","1","1","2"
"百二十九万七千","1","1","2"
"二十九万七千八","1","1","2"
"十九万七千八百","1","1","2"
"九万七千八百锭","1","1","2"
"币帛四十万七千","1","1","2"
"帛四十万七千五","1","1","2"
"四十万七千五百","1","1","2"
"十万七千五百匹","1","1","2"
"丝八十八万四千","1","1","2"
"八十八万四千四","1","1","2"
"十八万四千四百","1","1","2"
"八万四千四百五","1","1","2"
"万四千四百五十","1","1","2"
"四千四百五十斤","1","1","2"
"七万六百四十五","1","1","2"
"万六百四十五斤","1","1","2"
"宁宗冲圣嗣孝皇","1","1","2"
"宗冲圣嗣孝皇帝","1","1","2"
"妃公主台忽都鲁","1","1","2"
"枢密院事伯颜等","1","1","2"
"顺三年十月初四","1","1","2"
"三年十月初四日","1","1","2"
"贡塔里牙八十八","1","1","2"
"塔里牙八十八斤","1","1","2"
"汉军三万人御寒","1","1","2"
"二千三百五十人","1","1","2"
"郯王彻彻秃海宁","1","1","2"
"王彻彻秃海宁州","1","1","2"
"遣宿卫官阿察赤","1","1","2"
"皇太后玉册告祭","1","1","2"
"书平章政事伯撒","1","1","2"
"平章政事伯撒里","1","1","2"
"章政事伯撒里告","1","1","2"
"政事伯撒里告祭","1","1","2"
"明宗长子妥欢帖","1","1","2"
"宗长子妥欢帖木","1","1","2"
"左丞相失列门传","1","1","2"
"礼仪院使阿鲁浑","1","1","2"
"仪院使阿鲁浑等","1","1","2"
"安西王阿难答失","1","1","2"
"西王阿难答失里","1","1","2"
"三世皆追封王爵","1","1","2"
"徽政院使秃满迭","1","1","2"
"御史大夫佛家奴","1","1","2"
"同知枢密院事崔","1","1","2"
"知枢密院事崔帖","1","1","2"
"枢密院事崔帖木","1","1","2"
"伯颜忽都皇后崩","1","1","2"
"金大将合达设伏","1","1","2"
"昭睿顺圣皇后崩","1","1","2"
"钞四十七万缗献","1","1","2"
"责张九思学圣人","1","1","2"
"祖母昭睿顺圣皇","1","1","2"
"母昭睿顺圣皇后","1","1","2"
"侍卫都指挥使梭","1","1","2"
"卫都指挥使梭都","1","1","2"
"爱育黎拔力八达","1","1","2"
"木华黎国王曾孙","1","1","2"
"华黎国王曾孙世","1","1","2"
"黎国王曾孙世德","1","1","2"
"国王曾孙世德家","1","1","2"
"卜鲁罕皇后秉政","1","1","2"
"右丞相答剌罕哈","1","1","2"
"丞相答剌罕哈剌","1","1","2"
"相答剌罕哈剌哈","1","1","2"
"答剌罕哈剌哈孙","1","1","2"
"慈仁昭懿寿元皇","1","1","2"
"仁昭懿寿元皇太","1","1","2"
"昭懿寿元皇太后","1","1","2"
"蒙古百姓三千户","1","1","2"
"左丞相阿忽台等","1","1","2"
"丞相阿忽台等潜","1","1","2"
"相阿忽台等潜谋","1","1","2"
"阿忽台等潜谋立","1","1","2"
"忽台等潜谋立安","1","1","2"
"台等潜谋立安西","1","1","2"
"等潜谋立安西王","1","1","2"
"潜谋立安西王阿","1","1","2"
"谋立安西王阿难","1","1","2"
"子西安王阿剌忒","1","1","2"
"拨绰骁勇善骑射","1","1","2"
"王遣牙忽都将兵","1","1","2"
"遣牙忽都将兵追","1","1","2"
"太祖皇帝削平四","1","1","2"
"祖皇帝削平四方","1","1","2"
"赐宽彻普化金银","1","1","2"
"怯薛等官侵夺民","1","1","2"
"薛等官侵夺民利","1","1","2"
"宽彻普化恃宗室","1","1","2"
"追夺宽彻普化印","1","1","2"
"诏宽彻普化复镇","1","1","2"
"淮王帖木花监国","2","0","2"
"世祖第九子脱欢","1","1","2"
"饶州牧地一百顷","1","1","2"
"州牧地一百顷赐","1","1","2"
"淮西廉访使陈思","1","1","2"
"庆童中书左丞相","2","0","2"
"童中书左丞相辅","2","0","2"
"札赤剌歹札木哈","1","1","2"
"国王木华黎略地","2","0","2"
"女伯牙鲁罕公主","1","1","2"
"州节度使武贵迎","1","1","2"
"节度使武贵迎降","1","1","2"
"命天倪弟天泽代","1","1","2"
"郡王带孙率兵围","1","1","2"
"山东未降者尚多","1","1","2"
"千户按札统大军","1","1","2"
"户按札统大军驻","1","1","2"
"按札统大军驻河","1","1","2"
"札统大军驻河北","1","1","2"
"叛将武仙围潞州","1","1","2"
"金元帅完颜火燎","1","1","2"
"愿分攻汴城一隅","1","1","2"
"引骑兵沿岸迎射","1","1","2"
"宋汪统制率兵三","1","1","2"
"汪统制率兵三千","1","1","2"
"命霸突鲁率诸军","1","1","2"
"昭睿顺圣皇后同","1","1","2"
"睿顺圣皇后同母","1","1","2"
"甲率家奴数十人","1","1","2"
"脱脱弟阿老瓦丁","1","1","2"
"脱弟阿老瓦丁奋","1","1","2"
"弟阿老瓦丁奋戈","1","1","2"
"阿老瓦丁奋戈冲","1","1","2"
"虎贲卫亲军都指","1","1","2"
"贲卫亲军都指挥","1","1","2"
"江浙行省地大人","1","1","2"
"浙行省地大人众","1","1","2"
"烈祖神元皇帝接","1","1","2"
"祖神元皇帝接境","1","1","2"
"诏赐内府七宝冠","1","1","2"
"赐内府七宝冠带","1","1","2"
"赐尚方玉带宝服","1","1","2"
"御史大夫月吕禄","1","1","2"
"左右部宗王诸帅","1","1","2"
"阿答罕三撒海地","1","1","2"
"行省兵马都元帅","1","1","2"
"剌丁拒守铁门关","1","1","2"
"一万四千五百余","1","1","2"
"万四千五百余顷","1","1","2"
"赠推忠开济翊运","1","1","2"
"推忠开济翊运功","1","1","2"
"忠开济翊运功臣","1","1","2"
"河东提刑按察使","1","1","2"
"平阳路达鲁花赤","1","1","2"
"阳路达鲁花赤泰","1","1","2"
"劾江淮释教总摄","1","1","2"
"江淮释教总摄杨","1","1","2"
"淮释教总摄杨辇","1","1","2"
"释教总摄杨辇真","1","1","2"
"教总摄杨辇真加","1","1","2"
"小吏诬告漕臣刘","1","1","2"
"吏诬告漕臣刘献","1","1","2"
"诬告漕臣刘献盗","1","1","2"
"收天下童男童女","1","1","2"
"河北西路都元帅","1","1","2"
"天泽合兵进围中","1","1","2"
"泽合兵进围中山","1","1","2"
"北京总管都元帅","1","1","2"
"开元府七路征行","1","1","2"
"元府七路征行兵","1","1","2"
"府七路征行兵马","1","1","2"
"七路征行兵马都","1","1","2"
"路征行兵马都元","1","1","2"
"步骑数十万待战","2","0","2"
"选哈必赤军怯怜","1","1","2"
"哈必赤军怯怜口","1","1","2"
"必赤军怯怜口等","1","1","2"
"赤军怯怜口等五","1","1","2"
"军怯怜口等五十","1","1","2"
"怯怜口等五十人","1","1","2"
"进攻秃里思哥城","1","1","2"
"赠效忠宣力佐命","1","1","2"
"效忠宣力佐命功","1","1","2"
"武休关东抵邓州","1","1","2"
"枢密使移剌蒲阿","1","1","2"
"陕西行中书省平","1","1","2"
"西行中书省平章","1","1","2"
"蒙古诸万户府奥","1","1","2"
"古诸万户府奥鲁","1","1","2"
"诸万户府奥鲁总","1","1","2"
"万户府奥鲁总管","1","1","2"
"平章政事程鹏飞","1","1","2"
"章政事程鹏飞建","1","1","2"
"政事程鹏飞建议","1","1","2"
"事程鹏飞建议征","1","1","2"
"程鹏飞建议征日","1","1","2"
"鹏飞建议征日本","1","1","2"
"右丞相顺德王答","1","1","2"
"丞相顺德王答剌","1","1","2"
"相顺德王答剌罕","1","1","2"
"湖广行中书省平","1","1","2"
"广行中书省平章","1","1","2"
"广西海北道副使","1","1","2"
"七品印章敕授局","1","1","2"
"品印章敕授局官","1","1","2"
"印章敕授局官五","1","1","2"
"章敕授局官五十","1","1","2"
"敕授局官五十一","1","1","2"
"授局官五十一员","1","1","2"
"增中统课缗五十","1","1","2"
"中统课缗五十万","1","1","2"
"授中书直省舍人","1","1","2"
"赐中统钞五百锭","1","1","2"
"林行省理问所官","1","1","2"
"乞石烈氏拥兵数","1","1","2"
"元帅石天应守河","1","1","2"
"帅石天应守河中","1","1","2"
"石天应守河中府","1","1","2"
"兵十余万夜袭河","1","1","2"
"十余万夜袭河中","1","1","2"
"宗王旭烈兀征剌","1","1","2"
"王旭烈兀征剌里","1","1","2"
"旭烈兀征剌里西","1","1","2"
"烈兀征剌里西番","1","1","2"
"王拔都征斡罗斯","1","1","2"
"中庆路达鲁花赤","1","1","2"
"广南西道左右两","1","1","2"
"南西道左右两江","1","1","2"
"西道左右两江宣","1","1","2"
"道左右两江宣抚","1","1","2"
"左右两江宣抚使","1","1","2"
"兵四万守木兀门","1","1","2"
"诸军会战二十余","1","1","2"
"师国王木华黎前","1","1","2"
"国王木华黎前锋","1","1","2"
"哈率诸部兵作乱","1","1","2"
"剌军一千六百人","1","1","2"
"塔海甘卜同征关","1","1","2"
"海甘卜同征关西","1","1","2"
"邳州万户府万户","1","1","2"
"宋制置使刘雄飞","1","1","2"
"制置使刘雄飞进","1","1","2"
"置使刘雄飞进攻","1","1","2"
"使刘雄飞进攻青","1","1","2"
"刘雄飞进攻青居","1","1","2"
"雄飞进攻青居山","1","1","2"
"合州守将王坚夜","1","1","2"
"巩昌二十四处宣","1","1","2"
"昌二十四处宣慰","1","1","2"
"二十四处宣慰使","1","1","2"
"益都行省军民达","1","1","2"
"都行省军民达鲁","1","1","2"
"行省军民达鲁花","1","1","2"
"省军民达鲁花赤","1","1","2"
"京兆行省都达鲁","1","1","2"
"兆行省都达鲁花","1","1","2"
"行省都达鲁花赤","1","1","2"
"蔡州蒙古汉军万","1","1","2"
"州蒙古汉军万户","1","1","2"
"滁州总管府达鲁","1","1","2"
"滁州路总管府达","1","1","2"
"功升昭毅大将军","1","1","2"
"御史大夫博罗罕","1","1","2"
"史大夫博罗罕平","1","1","2"
"率兵一千骑攻淮","1","1","2"
"兵一千骑攻淮安","1","1","2"
"相兀速率本部兵","1","1","2"
"山东诸军顺流东","1","1","2"
"东诸军顺流东下","1","1","2"
"丞相伯颜命忽剌","1","1","2"
"湖州路达鲁花赤","1","1","2"
"本万户府副镇抚","1","1","2"
"瑞安县达鲁花赤","1","1","2"
"平滦路达鲁花赤","1","1","2"
"费银七千五百两","1","1","2"
"月朵失野讷佩金","1","1","2"
"朵失野讷佩金符","1","1","2"
"独山城达鲁花赤","1","1","2"
"山西大达鲁花赤","1","1","2"
"先皇后立定宗时","1","1","2"
"高祖赤老温恺赤","1","1","2"
"云内三州都达鲁","1","1","2"
"内三州都达鲁花","1","1","2"
"三州都达鲁花赤","1","1","2"
"置陕西五路西蜀","1","1","2"
"路西蜀四川行中","1","1","2"
"西蜀四川行中书","1","1","2"
"蜀四川行中书省","1","1","2"
"增户九千五百六","1","1","2"
"户九千五百六十","1","1","2"
"九千五百六十五","1","1","2"
"军一万二千二百","1","1","2"
"一万二千二百五","1","1","2"
"万二千二百五十","1","1","2"
"二千二百五十五","1","1","2"
"钞六千二百二十","1","1","2"
"六千二百二十五","1","1","2"
"千二百二十五锭","1","1","2"
"屯田粮九万七千","1","1","2"
"田粮九万七千二","1","1","2"
"粮九万七千二十","1","1","2"
"九万七千二十一","1","1","2"
"万七千二十一石","1","1","2"
"钞三百三十一锭","1","1","2"
"命陕西五路四川","1","1","2"
"西五路四川行院","1","1","2"
"五路四川行院大","1","1","2"
"路四川行院大小","1","1","2"
"四川行院大小官","1","1","2"
"宋将昝万寿拥强","1","1","2"
"将昝万寿拥强兵","1","1","2"
"获战舰二十八艘","1","1","2"
"云南官员子弟入","1","1","2"
"省俸金九百余两","1","1","2"
"河南等路宣慰司","1","1","2"
"南等路宣慰司同","1","1","2"
"等路宣慰司同知","1","1","2"
"授燕南河北道宣","1","1","2"
"南河北道宣慰司","1","1","2"
"河北道宣慰司同","1","1","2"
"北道宣慰司同知","1","1","2"
"旨令宗王协力施","1","1","2"
"令宗王协力施行","1","1","2"
"叔父阿里普海牙","1","1","2"
"西夏中兴等路提","1","1","2"
"夏中兴等路提刑","1","1","2"
"中兴等路提刑按","1","1","2"
"兴等路提刑按察","1","1","2"
"等路提刑按察使","1","1","2"
"西北藩王遣使入","1","1","2"
"北藩王遣使入朝","1","1","2"
"江东道提刑按察","1","1","2"
"行中书省枢密院","1","1","2"
"中书省枢密院事","1","1","2"
"见天下大权尽归","1","1","2"
"天下大权尽归尚","1","1","2"
"下大权尽归尚书","1","1","2"
"开国元勋命世大","1","1","2"
"国元勋命世大臣","1","1","2"
"加赠推忠佐理翊","1","1","2"
"赠推忠佐理翊运","1","1","2"
"推忠佐理翊运功","1","1","2"
"忠佐理翊运功臣","1","1","2"
"命断事官杨仁风","1","1","2"
"万户忙古歹生擒","1","1","2"
"户忙古歹生擒虎","1","1","2"
"忙古歹生擒虎臣","1","1","2"
"西制置使夏贵等","1","1","2"
"都统王达守阳逻","1","1","2"
"统王达守阳逻堡","1","1","2"
"先遣万户阿剌罕","1","1","2"
"武略将军囊加歹","1","1","2"
"略将军囊加歹同","1","1","2"
"步军指挥使孙虎","1","1","2"
"军指挥使孙虎臣","1","1","2"
"夏贵战舰二千五","2","0","2"
"贵战舰二千五百","2","0","2"
"命招讨使唆都守","1","1","2"
"遣左右司员外郎","1","1","2"
"左右司员外郎石","1","1","2"
"右司员外郎石天","1","1","2"
"司员外郎石天麟","1","1","2"
"议事官张羽等持","1","1","2"
"事官张羽等持王","1","1","2"
"官张羽等持王荣","1","1","2"
"调淮东都元帅孛","1","1","2"
"淮东都元帅孛鲁","1","1","2"
"东都元帅孛鲁欢","1","1","2"
"副都元帅阿里伯","1","1","2"
"游介实奉诏书副","1","1","2"
"介实奉诏书副本","1","1","2"
"遣宁玉修吴江长","1","1","2"
"宁玉修吴江长桥","1","1","2"
"囊加歹同宋尚书","1","1","2"
"加歹同宋尚书夏","1","1","2"
"歹同宋尚书夏士","1","1","2"
"同宋尚书夏士林","1","1","2"
"宗正少卿陆秀夫","1","1","2"
"范文虎巡视城堡","1","1","2"
"遣吕文焕持黄榜","1","1","2"
"范文虎相继率兵","1","1","2"
"宋两淮镇将张世","1","1","2"
"两淮镇将张世杰","1","1","2"
"迁参议中书省事","1","1","2"
"兵二万攻扬子桥","1","1","2"
"益都等路宣慰使","1","1","2"
"胶莱海道漕运使","1","1","2"
"湖广等处行尚书","1","1","2"
"广等处行尚书省","1","1","2"
"都统制段元鉴等","1","1","2"
"延八都鲁等守成","1","1","2"
"八都鲁等守成都","1","1","2"
"行枢密院火都赤","1","1","2"
"败宋安抚昝万寿","1","1","2"
"授六翼达鲁花赤","1","1","2"
"东川行枢密院合","1","1","2"
"川行枢密院合答","1","1","2"
"授西川蒙古军马","1","1","2"
"西川蒙古军马六","1","1","2"
"川蒙古军马六翼","1","1","2"
"蒙古军马六翼新","1","1","2"
"古军马六翼新附","1","1","2"
"军马六翼新附军","1","1","2"
"马六翼新附军招","1","1","2"
"六翼新附军招讨","1","1","2"
"翼新附军招讨使","1","1","2"
"四川西道宣慰使","1","1","2"
"率所部五万余户","1","1","2"
"阿剌罕同断事官","1","1","2"
"剌罕同断事官杨","1","1","2"
"罕同断事官杨仁","1","1","2"
"同断事官杨仁风","1","1","2"
"蒙古军四十万征","1","1","2"
"功授镇国上将军","1","1","2"
"淮西行枢密院副","1","1","2"
"石祖忠遣使乞降","1","1","2"
"扬州守将李庭芝","1","1","2"
"州守将李庭芝闻","1","1","2"
"平章阿术登南岸","1","1","2"
"章阿术登南岸督","1","1","2"
"江都统刘师勇袭","1","1","2"
"行江西中书省事","1","1","2"
"章知府等二十二","1","1","2"
"知府等二十二人","1","1","2"
"溺死者五万余人","1","1","2"
"元帅阿术攻襄阳","1","1","2"
"擒宋统制王文虎","1","1","2"
"平章博鲁欢攻泰","1","1","2"
"阿术攻下扬州诸","1","1","2"
"术攻下扬州诸郡","1","1","2"
"海外诸蕃宣慰使","1","1","2"
"福建道市舶提举","1","1","2"
"福建道长司宣慰","1","1","2"
"建道长司宣慰使","1","1","2"
"道长司宣慰使都","1","1","2"
"长司宣慰使都元","1","1","2"
"司宣慰使都元帅","1","1","2"
"益都淄莱新军万","1","1","2"
"都淄莱新军万户","1","1","2"
"世杰遣都统张文","1","1","2"
"杰遣都统张文虎","1","1","2"
"同知江西宣慰司","1","1","2"
"知江西宣慰司事","1","1","2"
"左丞董文炳合兵","1","1","2"
"丞董文炳合兵追","1","1","2"
"皇子镇南王征交","1","1","2"
"子镇南王征交趾","1","1","2"
"桑哥奸贪误国害","1","1","2"
"哥奸贪误国害民","1","1","2"
"湖广省臣要束木","1","1","2"
"广省臣要束木等","1","1","2"
"桑哥奏立尚书省","1","1","2"
"诬杀参政杨居宽","1","1","2"
"成宗皇孙抚军北","2","0","2"
"建议加上祖宗尊","1","1","2"
"议加上祖宗尊谥","1","1","2"
"加上祖宗尊谥庙","1","1","2"
"上祖宗尊谥庙号","1","1","2"
"遣阿鲁浑萨理奉","1","1","2"
"阿鲁浑萨理奉皇","1","1","2"
"鲁浑萨理奉皇太","1","1","2"
"浑萨理奉皇太子","1","1","2"
"授江西等处行中","1","1","2"
"五路四川行省左","1","1","2"
"路四川行省左右","1","1","2"
"川行省左右司员","1","1","2"
"行尚书省员外郎","1","1","2"
"陕西等处万户府","1","1","2"
"西等处万户府达","1","1","2"
"等处万户府达鲁","1","1","2"
"处万户府达鲁花","1","1","2"
"宋将相文武百官","1","1","2"
"皇后欲立安西王","1","1","2"
"后欲立安西王阿","1","1","2"
"欲立安西王阿难","1","1","2"
"授蕲县万户府达","1","1","2"
"蕲县万户府达鲁","1","1","2"
"县万户府达鲁花","1","1","2"
"博州路奥鲁总管","1","1","2"
"同宋安抚吕文焕","1","1","2"
"宋安抚吕文焕入","1","1","2"
"率舟师经斗龙口","1","1","2"
"忙兀台奉旨率诸","1","1","2"
"兀台奉旨率诸军","1","1","2"
"荆湖等处行枢密","1","1","2"
"湖等处行枢密院","1","1","2"
"授同知湖广等处","1","1","2"
"同知湖广等处行","1","1","2"
"知湖广等处行枢","1","1","2"
"湖广等处行枢密","1","1","2"
"广等处行枢密院","1","1","2"
"等处行枢密院事","1","1","2"
"古侍卫亲军副都","1","1","2"
"侍卫亲军副都指","1","1","2"
"卫亲军副都指挥","1","1","2"
"亲军副都指挥使","1","1","2"
"王合必赤讨李璮","2","0","2"
"合必赤讨李璮济","2","0","2"
"必赤讨李璮济南","2","0","2"
"宋将孙虎臣战丁","2","0","2"
"将孙虎臣战丁家","2","0","2"
"孙虎臣战丁家洲","2","0","2"
"高邮军达鲁花赤","1","1","2"
"高邮路总管府达","1","1","2"
"邮路总管府达鲁","1","1","2"
"福建等处征蛮都","1","1","2"
"建等处征蛮都元","1","1","2"
"等处征蛮都元帅","1","1","2"
"军都指挥使司事","1","1","2"
"党乞答真一千户","1","1","2"
"所管女直户五百","1","1","2"
"管女直户五百余","1","1","2"
"夺战舰二十余艘","1","1","2"
"宋将夏贵攻正阳","1","1","2"
"城等处行中书参","1","1","2"
"等处行中书参知","1","1","2"
"处行中书参知政","1","1","2"
"行中书参知政事","1","1","2"
"使海外僧迦剌国","1","1","2"
"婿土罕必阇耶降","2","0","2"
"丞相阿术南攻襄","1","1","2"
"相阿术南攻襄阳","1","1","2"
"江西行尚书省都","1","1","2"
"西行尚书省都镇","1","1","2"
"行尚书省都镇抚","1","1","2"
"两浙盐运司同知","1","1","2"
"浙盐运司同知范","1","1","2"
"授河东民赋副总","1","1","2"
"河东民赋副总管","1","1","2"
"行军府奥鲁千户","1","1","2"
"蒙古都万户府知","1","1","2"
"古都万户府知事","1","1","2"
"行省参政河南淮","1","1","2"
"省参政河南淮北","1","1","2"
"参政河南淮北蒙","1","1","2"
"政河南淮北蒙古","1","1","2"
"河南淮北蒙古军","1","1","2"
"南淮北蒙古军都","1","1","2"
"淮北蒙古军都万","1","1","2"
"北蒙古军都万户","1","1","2"
"蒙古军都万户朵","1","1","2"
"古军都万户朵列","1","1","2"
"军都万户朵列图","1","1","2"
"访副使万家闾犒","1","1","2"
"朝廷置行枢密院","2","0","2"
"遣都护月鲁帖木","1","1","2"
"江西行省员外郎","1","1","2"
"迁陕西汉中道肃","2","0","2"
"中道肃政廉访司","1","1","2"
"曾祖阔华八撒术","1","1","2"
"迁江南行台御史","2","0","2"
"中外翕然称贤相","2","0","2"
"东路蒙古万户哈","1","1","2"
"路蒙古万户哈剌","1","1","2"
"枢密知院汪家奴","1","1","2"
"翰林承旨沙剌班","1","1","2"
"兵巡行红城诸处","1","1","2"
"请太子燕帖古思","1","1","2"
"汉军万户府达鲁","1","1","2"
"加提调武备寺事","1","1","2"
"加镇守海口侍卫","1","1","2"
"镇守海口侍卫亲","1","1","2"
"守海口侍卫亲军","1","1","2"
"海口侍卫亲军屯","1","1","2"
"口侍卫亲军屯储","1","1","2"
"诸卫兵十余万讨","1","1","2"
"左丞乌古孙良桢","1","1","2"
"南行省左丞相太","1","1","2"
"中书平章政事月","1","1","2"
"书平章政事月阔","1","1","2"
"平章政事月阔察","1","1","2"
"知枢密院事雪雪","1","1","2"
"枢密院事雪雪代","1","1","2"
"云南大理宣慰司","1","1","2"
"南大理宣慰司镇","1","1","2"
"大理宣慰司镇西","1","1","2"
"理宣慰司镇西路","1","1","2"
"山东田赋总管府","1","1","2"
"御史大夫撒迪传","1","1","2"
"史大夫撒迪传旨","1","1","2"
"钦察亲军指挥使","1","1","2"
"奎章阁学士院供","1","1","2"
"章阁学士院供奉","1","1","2"
"阁学士院供奉学","1","1","2"
"学士院供奉学士","1","1","2"
"大宗正府紥鲁火","2","0","2"
"宗正府紥鲁火赤","2","0","2"
"淮东肃政廉访使","1","1","2"
"前西台御史张桓","1","1","2"
"左司郎中汝中柏","1","1","2"
"时御史大夫先帖","2","0","2"
"西台御史蒙古鲁","1","1","2"
"台御史蒙古鲁海","1","1","2"
"御史蒙古鲁海牙","1","1","2"
"灾者二万三千余","1","1","2"
"者二万三千余户","1","1","2"
"福建盐课十三万","1","1","2"
"建盐课十三万引","1","1","2"
"陕西汉中道廉访","1","1","2"
"西汉中道廉访副","1","1","2"
"汉中道廉访副使","1","1","2"
"特命太平同监修","1","1","2"
"命太平同监修国","1","1","2"
"太平同监修国史","1","1","2"
"请赐经筵讲官坐","1","1","2"
"中书参政孔思立","1","1","2"
"书参政孔思立等","1","1","2"
"淮南行省左丞相","1","1","2"
"同知枢密院事刘","1","1","2"
"知枢密院事刘哈","1","1","2"
"枢密院事刘哈剌","1","1","2"
"时右丞相搠思监","1","1","2"
"宦者资正院使朴","2","0","2"
"者资正院使朴花","2","0","2"
"御史中丞秃鲁铁","1","1","2"
"史中丞秃鲁铁木","1","1","2"
"令监察御史买住","1","1","2"
"同知太常院事脱","1","1","2"
"知太常院事脱欢","1","1","2"
"令伯撒里留太平","1","1","2"
"令御史大夫普化","1","1","2"
"进参议中书省事","1","1","2"
"擢陕西行台侍御","2","0","2"
"近畿饥民争赴京","1","1","2"
"畿饥民争赴京城","1","1","2"
"靖州军民安抚司","1","1","2"
"达识帖睦迩奉诏","1","1","2"
"诏江浙行省参知","2","0","2"
"省参知政事樊执","1","1","2"
"参知政事樊执敬","1","1","2"
"海北宣慰使都元","1","1","2"
"北宣慰使都元帅","1","1","2"
"达识帖睦迩方倚","2","0","2"
"强娶平章政事庆","1","1","2"
"娶平章政事庆童","1","1","2"
"平章政事庆童女","1","1","2"
"士诚运米十余万","1","1","2"
"诚运米十余万石","1","1","2"
"行台御史大夫普","1","1","2"
"台御史大夫普化","1","1","2"
"御史大夫普化帖","1","1","2"
"史大夫普化帖木","1","1","2"
"花河南行省平章","2","0","2"
"平章政事答失八","1","1","2"
"章政事答失八都","1","1","2"
"政事答失八都鲁","1","1","2"
"事答失八都鲁征","1","1","2"
"知枢密院事完者","1","1","2"
"枢密院事完者帖","1","1","2"
"密院事完者帖木","1","1","2"
"知枢密院事悟良","1","1","2"
"枢密院事悟良哈","1","1","2"
"密院事悟良哈台","1","1","2"
"院事悟良哈台总","1","1","2"
"同知河南行枢密","1","1","2"
"知河南行枢密院","1","1","2"
"河南行枢密院事","1","1","2"
"本部探马赤军三","1","1","2"
"部探马赤军三千","1","1","2"
"令屈万户率奇兵","1","1","2"
"乌撒乌蒙元帅成","1","1","2"
"撒乌蒙元帅成都","1","1","2"
"升四川行省右丞","1","1","2"
"朝廷差脱欢知院","1","1","2"
"答失八都鲁父子","1","1","2"
"失八都鲁父子亲","1","1","2"
"四川行省左丞相","1","1","2"
"知院达理麻失理","1","1","2"
"召翰林学士承旨","2","0","2"
"子刚僧私通宫人","1","1","2"
"淮南行枢密院副","1","1","2"
"南行枢密院副使","1","1","2"
"安水等五十三寨","1","1","2"
"调右丞忽林台提","1","1","2"
"右丞忽林台提兵","1","1","2"
"山东转运司副使","1","1","2"
"升中书平章政事","1","1","2"
"监察御史吕思诚","1","1","2"
"监察御史野仙帖","1","1","2"
"察御史野仙帖木","1","1","2"
"寒食国公追封王","1","1","2"
"食国公追封王爵","1","1","2"
"寻江浙行省平章","2","0","2"
"行省平章政事失","1","1","2"
"省平章政事失列","1","1","2"
"平章政事失列门","1","1","2"
"章政事失列门引","1","1","2"
"政事失列门引兵","1","1","2"
"命治书侍御史左","1","1","2"
"治书侍御史左答","1","1","2"
"书侍御史左答纳","1","1","2"
"侍御史左答纳失","1","1","2"
"御史左答纳失理","1","1","2"
"史左答纳失理守","1","1","2"
"左答纳失理守城","1","1","2"
"答纳失理守城中","1","1","2"
"时湖广行省平章","1","1","2"
"同知漳州路总管","1","1","2"
"知漳州路总管府","1","1","2"
"漳州路总管府事","1","1","2"
"复翰林学士承旨","2","0","2"
"太后称太皇太后","1","1","2"
"改同佥宣政院事","1","1","2"
"福建都转运盐使","1","1","2"
"赐中书参议撒迪","1","1","2"
"杭州达鲁花赤位","1","1","2"
"寻参议中书省事","2","0","2"
"两淮万户府达鲁","1","1","2"
"淮万户府达鲁花","1","1","2"
"泰定元年五月八","1","1","2"
"定元年五月八日","1","1","2"
"时御史大夫脱欢","1","1","2"
"浙行省左右司郎","1","1","2"
"玉白马致祭河神","1","1","2"
"台州黄岩民方国","1","1","2"
"州黄岩民方国珍","1","1","2"
"大司农达识帖木","1","1","2"
"司农达识帖木迩","1","1","2"
"农达识帖木迩等","1","1","2"
"华欲命壮士袭杀","1","1","2"
"改中书礼部员外","1","1","2"
"中书礼部员外郎","1","1","2"
"佥浙东道廉访司","1","1","2"
"浙东道廉访司事","1","1","2"
"怀宁县达鲁花赤","1","1","2"
"宁县达鲁花赤伯","1","1","2"
"县达鲁花赤伯家","1","1","2"
"达鲁花赤伯家奴","1","1","2"
"鲁花赤伯家奴战","1","1","2"
"花赤伯家奴战死","1","1","2"
"赵普胜同青军两","1","1","2"
"元帅胡伯颜统水","1","1","2"
"帅胡伯颜统水军","1","1","2"
"胡伯颜统水军戍","1","1","2"
"上游直捣小孤山","1","1","2"
"饶州祝寇攻西门","1","1","2"
"授御药院达鲁花","1","1","2"
"御药院达鲁花赤","1","1","2"
"山南两道廉访司","1","1","2"
"南两道廉访司事","1","1","2"
"燕南道廉访副使","1","1","2"
"开州达鲁花赤石","1","1","2"
"朝廷遣宦官伯颜","1","1","2"
"廷遣宦官伯颜催","1","1","2"
"遣宦官伯颜催督","1","1","2"
"宦官伯颜催督绣","1","1","2"
"宣政院判官术邻","1","1","2"
"特赐答里麻白鹰","1","1","2"
"商议中书平章政","1","1","2"
"议中书平章政事","1","1","2"
"命脱忽台传旨四","1","1","2"
"脱忽台传旨四怯","1","1","2"
"忽台传旨四怯薛","1","1","2"
"翰林学士明里董","1","1","2"
"林学士明里董阿","1","1","2"
"月鲁帖木御史时","2","0","2"
"皇太后命丞相哈","1","1","2"
"河南行省平章伯","1","1","2"
"南行省平章伯颜","1","1","2"
"乾宁安抚司安置","1","1","2"
"复业者三万余家","1","1","2"
"湖东佥事三宝住","1","1","2"
"升本省平章政事","1","1","2"
"平章政事秃坚理","1","1","2"
"左右司郎中普颜","1","1","2"
"弃城退保抚州路","1","1","2"
"迁湖广行省左丞","2","0","2"
"行省平章政事道","1","1","2"
"省平章政事道童","1","1","2"
"广德路达鲁花赤","1","1","2"
"会福总管府治中","1","1","2"
"浙行省左右司员","1","1","2"
"江浙行枢密院事","1","1","2"
"广东廉访司经历","1","1","2"
"右丞相脱脱南征","1","1","2"
"长芦置局造海船","1","1","2"
"芦置局造海船三","1","1","2"
"置局造海船三百","1","1","2"
"局造海船三百艘","1","1","2"
"团结西山八十二","1","1","2"
"结西山八十二寨","1","1","2"
"转补御史台译史","1","1","2"
"佥山北道肃政廉","1","1","2"
"山北道肃政廉访","1","1","2"
"鲁忽赤月鲁帖木","1","1","2"
"罕哈哈剌海行枢","1","1","2"
"哈哈剌海行枢密","1","1","2"
"哈剌海行枢密知","1","1","2"
"剌海行枢密知院","1","1","2"
"海行枢密知院益","1","1","2"
"行枢密知院益老","1","1","2"
"枢密知院益老答","1","1","2"
"东西手八剌哈赤","1","1","2"
"授中书平章政事","1","1","2"
"辽东丹王突欲八","1","1","2"
"东丹王突欲八世","1","1","2"
"丹王突欲八世孙","1","1","2"
"经国议制寅亮佐","1","1","2"
"国议制寅亮佐运","1","1","2"
"议制寅亮佐运功","1","1","2"
"制寅亮佐运功臣","1","1","2"
"奏定法令三十七","1","1","2"
"定法令三十七章","1","1","2"
"使西域三十余国","1","1","2"
"平阳道断事官斜","1","1","2"
"阳道断事官斜彻","1","1","2"
"立河南道经略司","1","1","2"
"监河桥万户刘福","1","1","2"
"陕右四川宣抚使","1","1","2"
"江淮京湖南北路","1","1","2"
"淮京湖南北路宣","1","1","2"
"京湖南北路宣抚","1","1","2"
"湖南北路宣抚使","1","1","2"
"中都经略使苗道","1","1","2"
"都经略使苗道润","1","1","2"
"雄州管内观察使","1","1","2"
"大帅察罕攻滁州","1","1","2"
"柔等八万户伐宋","1","1","2"
"顺天路管民总管","1","1","2"
"金怀州元帅王荣","1","1","2"
"命天倪回军真定","1","1","2"
"山东东西道宣慰","1","1","2"
"东东西道宣慰使","1","1","2"
"长山等二十余城","1","1","2"
"获金将完颜胡速","1","1","2"
"北京留守银答忽","1","1","2"
"楼子崖等二十余","1","1","2"
"子崖等二十余寨","1","1","2"
"节度使赵守玉反","1","1","2"
"授蒙古汉军兵马","1","1","2"
"授右副北京等七","1","1","2"
"右副北京等七路","1","1","2"
"副北京等七路兵","1","1","2"
"北京等七路兵马","1","1","2"
"京等七路兵马都","1","1","2"
"等七路兵马都元","1","1","2"
"霸州御衣局人匠","1","1","2"
"州御衣局人匠都","1","1","2"
"御衣局人匠都达","1","1","2"
"衣局人匠都达鲁","1","1","2"
"局人匠都达鲁花","1","1","2"
"人匠都达鲁花赤","1","1","2"
"行北京七路兵马","1","1","2"
"北京七路兵马都","1","1","2"
"京七路兵马都元","1","1","2"
"路兵马都元帅府","1","1","2"
"兵马都元帅府事","1","1","2"
"永安节度使刘成","1","1","2"
"安节度使刘成叛","1","1","2"
"河西征云南大理","1","1","2"
"左丞张文谦宣抚","2","0","2"
"元帅阔阔带统兵","1","1","2"
"中兴等路行省郎","1","1","2"
"兴等路行省郎中","1","1","2"
"山东东西道巡行","1","1","2"
"东东西道巡行劝","1","1","2"
"东西道巡行劝农","1","1","2"
"西道巡行劝农使","1","1","2"
"林学士承旨王磐","1","1","2"
"金河南军攻彰德","1","1","2"
"宋将彭义斌率师","1","1","2"
"逃归益都者数十","1","1","2"
"归益都者数十人","1","1","2"
"著拨行元帅府事","1","1","2"
"金左副元帅移剌","1","1","2"
"左副元帅移剌都","1","1","2"
"留哥遣大夫乞奴","1","1","2"
"同国王木华黎攻","1","1","2"
"国王木华黎攻破","1","1","2"
"王木华黎攻破燕","1","1","2"
"木华黎攻破燕京","1","1","2"
"大军攻下山东诸","1","1","2"
"军攻下山东诸州","1","1","2"
"国王木华黎攻凤","1","1","2"
"王木华黎攻凤翔","1","1","2"
"兵四十万复取山","1","1","2"
"四十万复取山后","1","1","2"
"十万复取山后诸","1","1","2"
"万复取山后诸州","1","1","2"
"乘胜攻破香山寨","1","1","2"
"同都元帅答海绀","1","1","2"
"都元帅答海绀卜","1","1","2"
"元帅答海绀卜征","1","1","2"
"帅答海绀卜征西","1","1","2"
"答海绀卜征西川","1","1","2"
"改授都总管万户","1","1","2"
"时密力火者握重","1","1","2"
"密力火者握重兵","1","1","2"
"成都路军民经略","1","1","2"
"都路军民经略使","1","1","2"
"宋泸州守将刘整","1","1","2"
"宋泸州主帅俞兴","1","1","2"
"授成都军民经略","1","1","2"
"成都军民经略使","1","1","2"
"潼川路副招讨使","1","1","2"
"京兆路奥鲁万户","1","1","2"
"宋制置夏贵率军","1","1","2"
"制置夏贵率军五","1","1","2"
"置夏贵率军五万","1","1","2"
"成都三百六十里","1","1","2"
"木华黎引见太祖","1","1","2"
"古徐鬼国讹夷朵","1","1","2"
"徐鬼国讹夷朵等","1","1","2"
"鬼国讹夷朵等城","1","1","2"
"弗叉国唯算端罕","1","1","2"
"回纥帅阿必丁反","1","1","2"
"破南山八十三寨","1","1","2"
"金将武仙军十万","1","1","2"
"将武仙军十万遇","1","1","2"
"试天下僧尼道士","1","1","2"
"选精通经文者千","1","1","2"
"精通经文者千人","1","1","2"
"丞相史天泽所器","1","1","2"
"相史天泽所器重","1","1","2"
"宗王旭烈兀西征","1","1","2"
"父子相传四十二","1","1","2"
"子相传四十二世","1","1","2"
"将住石致书请降","1","1","2"
"旭烈兀命侃西渡","1","1","2"
"烈兀命侃西渡海","1","1","2"
"兴学校等二十五","1","1","2"
"学校等二十五事","1","1","2"
"江汉大都督府理","1","1","2"
"汉大都督府理问","1","1","2"
"大都督府理问官","1","1","2"
"徐州总管李杲哥","1","1","2"
"立屯田三百六十","1","1","2"
"屯田三百六十所","1","1","2"
"屯置牛三百六十","1","1","2"
"置牛三百六十具","1","1","2"
"济南道士胡王反","1","1","2"
"陕西河东路行台","1","1","2"
"西河东路行台兵","1","1","2"
"河东路行台兵马","1","1","2"
"东路行台兵马都","1","1","2"
"路行台兵马都元","1","1","2"
"行台兵马都元帅","1","1","2"
"劲兵五千留守葭","1","1","2"
"兵五千留守葭芦","1","1","2"
"平利州贼刘四禄","1","1","2"
"兵马都提控元帅","1","1","2"
"杨伯杰等掠义州","1","1","2"
"义州管内观察使","1","1","2"
"咸平路宣抚使蒲","1","1","2"
"平路宣抚使蒲鲜","1","1","2"
"路宣抚使蒲鲜万","1","1","2"
"兄淮安公奉表纳","1","1","2"
"淮安公奉表纳贡","1","1","2"
"太平路军民达鲁","1","1","2"
"平路军民达鲁花","1","1","2"
"路军民达鲁花赤","1","1","2"
"擢参议中书省事","2","0","2"
"河东南路兵马都","1","1","2"
"东南路兵马都总","1","1","2"
"南路兵马都总管","1","1","2"
"本路兵马都总管","1","1","2"
"尚书奏事官脱迭","1","1","2"
"都元帅塔海征蜀","1","1","2"
"国王木华黎驻兵","1","1","2"
"王木华黎驻兵桓","1","1","2"
"木华黎驻兵桓州","1","1","2"
"授冀州行军都元","1","1","2"
"冀州行军都元帅","1","1","2"
"真定二路达鲁花","1","1","2"
"定二路达鲁花赤","1","1","2"
"遣右副元帅神撒","1","1","2"
"遇金监军纳兰率","1","1","2"
"金监军纳兰率冀","1","1","2"
"监军纳兰率冀州","1","1","2"
"军纳兰率冀州节","1","1","2"
"纳兰率冀州节度","1","1","2"
"兰率冀州节度使","1","1","2"
"率冀州节度使柴","1","1","2"
"冀州节度使柴茂","1","1","2"
"州节度使柴茂等","1","1","2"
"顺天都元帅张柔","1","1","2"
"天都元帅张柔上","1","1","2"
"大小数十战皆捷","1","1","2"
"冀二州元帅府事","1","1","2"
"宋将彭义斌大名","2","0","2"
"赵州庆源军节度","1","1","2"
"州庆源军节度副","1","1","2"
"庆源军节度副使","1","1","2"
"算大小一切诸衙","1","1","2"
"大小一切诸衙门","1","1","2"
"小一切诸衙门等","1","1","2"
"一切诸衙门等事","1","1","2"
"南道提刑按察副","1","1","2"
"恒州等处都元帅","1","1","2"
"诸路元差军五千","1","1","2"
"路元差军五千人","1","1","2"
"中山真定等路招","1","1","2"
"山真定等路招讨","1","1","2"
"真定等路招讨使","1","1","2"
"俘老幼四千人南","1","1","2"
"河北西路兵马副","1","1","2"
"北西路兵马副都","1","1","2"
"西路兵马副都总","1","1","2"
"路兵马副都总管","1","1","2"
"霸州平曲水寨管","1","1","2"
"州平曲水寨管民","1","1","2"
"平曲水寨管民官","1","1","2"
"北京东路汉军二","1","1","2"
"京东路汉军二万","1","1","2"
"国王塔思征河南","1","1","2"
"攻破桢州雷家堡","1","1","2"
"总管京兆等路事","1","1","2"
"同知大名路兵马","1","1","2"
"知大名路兵马都","1","1","2"
"大名路兵马都总","1","1","2"
"名路兵马都总管","1","1","2"
"路兵马都总管事","1","1","2"
"处州路总管府达","1","1","2"
"杀庆元县达鲁花","1","1","2"
"庆元县达鲁花赤","1","1","2"
"行台马步军都总","1","1","2"
"东平路行军千户","1","1","2"
"欲赐晋亨金虎符","1","1","2"
"太祖遣兵攻破河","1","1","2"
"祖遣兵攻破河朔","1","1","2"
"浚等处行元帅府","1","1","2"
"等处行元帅府事","1","1","2"
"国王命仲妻冉守","1","1","2"
"王命仲妻冉守真","1","1","2"
"大名路尚书省下","1","1","2"
"名路尚书省下都","1","1","2"
"路尚书省下都元","1","1","2"
"尚书省下都元帅","1","1","2"
"授同佥大名行省","1","1","2"
"同佥大名行省事","1","1","2"
"本路军马管民次","1","1","2"
"路军马管民次官","1","1","2"
"皇太弟国王驻兵","1","1","2"
"太弟国王驻兵河","1","1","2"
"弟国王驻兵河上","1","1","2"
"命总管新附军民","1","1","2"
"哥种田民户租赋","1","1","2"
"东平军马攻钓鱼","1","1","2"
"平军马攻钓鱼山","1","1","2"
"军马攻钓鱼山苦","1","1","2"
"马攻钓鱼山苦竹","1","1","2"
"攻钓鱼山苦竹寨","1","1","2"
"武卫军副都指挥","1","1","2"
"卫军副都指挥使","1","1","2"
"征东左副都元帅","1","1","2"
"招降淮南诸郡邑","1","1","2"
"绍兴浙江五翼军","1","1","2"
"总管陕西东路兵","1","1","2"
"管陕西东路兵马","1","1","2"
"升京东路行尚书","1","1","2"
"京东路行尚书省","1","1","2"
"济南诸路新军千","1","1","2"
"南诸路新军千户","1","1","2"
"同知淮西道宣慰","1","1","2"
"知淮西道宣慰司","1","1","2"
"淮西道宣慰司事","1","1","2"
"改本路诸军镇抚","1","1","2"
"东平路总管府参","1","1","2"
"平路总管府参议","1","1","2"
"皇太弟拖雷南渡","1","1","2"
"单三州管民总管","1","1","2"
"升济南新旧军万","1","1","2"
"济南新旧军万户","1","1","2"
"改四川北道宣慰","2","0","2"
"节度使孙吴坚守","1","1","2"
"太傅猛安率兵南","1","1","2"
"傅猛安率兵南征","1","1","2"
"率诸生行释菜礼","2","0","2"
"愿入城访求亲族","1","1","2"
"真定等路万户府","1","1","2"
"定等路万户府参","1","1","2"
"等路万户府参谋","1","1","2"
"冠氏等十七城改","1","1","2"
"氏等十七城改隶","1","1","2"
"兖州管内观察使","1","1","2"
"丞相伯颜杀丁家","1","1","2"
"相伯颜杀丁家洲","1","1","2"
"伯颜杀丁家洲降","1","1","2"
"颜杀丁家洲降卒","1","1","2"
"郡守许定国等四","1","1","2"
"守许定国等四人","1","1","2"
"帝命中书令耶律","1","1","2"
"命中书令耶律楚","1","1","2"
"边将劫皇子北安","1","1","2"
"将劫皇子北安王","1","1","2"
"参议京兆宣抚司","1","1","2"
"议京兆宣抚司事","1","1","2"
"南安李梓发作乱","1","1","2"
"杀所置达鲁花赤","1","1","2"
"归附高丽军民长","1","1","2"
"附高丽军民长官","1","1","2"
"国王头辇哥讨平","1","1","2"
"帝遣侍卫亲军千","1","1","2"
"遣侍卫亲军千户","1","1","2"
"侍卫亲军千户王","1","1","2"
"卫亲军千户王岑","1","1","2"
"罗州道监造战船","1","1","2"
"授东征右副都元","1","1","2"
"东征右副都元帅","1","1","2"
"丞相伯颜北征叛","1","1","2"
"相伯颜北征叛臣","1","1","2"
"监造战船七百艘","1","1","2"
"二十一年十一月","1","1","2"
"叛王哈丹等窜入","1","1","2"
"王哈丹等窜入高","1","1","2"
"哈丹等窜入高丽","1","1","2"
"命右卫指挥使秃","1","1","2"
"右卫指挥使秃满","1","1","2"
"卫指挥使秃满歹","1","1","2"
"指挥使秃满歹率","1","1","2"
"挥使秃满歹率轻","1","1","2"
"蒙古汉军都镇抚","1","1","2"
"宋黄州制置使陈","1","1","2"
"黄州制置使陈奕","1","1","2"
"州制置使陈奕降","1","1","2"
"海州安抚丁顺约","1","1","2"
"授辽阳行省右丞","1","1","2"
"知枢密院暗伯等","1","1","2"
"枢密院暗伯等奏","1","1","2"
"商议辽阳等处行","1","1","2"
"议辽阳等处行中","1","1","2"
"阳城县军民长官","1","1","2"
"改佥书西蜀四川","1","1","2"
"佥书西蜀四川行","1","1","2"
"书西蜀四川行尚","1","1","2"
"四川行尚书省事","1","1","2"
"改授淮西宣慰使","1","1","2"
"战功授怀远大将","1","1","2"
"功授怀远大将军","1","1","2"
"湖广行枢密副使","1","1","2"
"时荆山西九十里","1","1","2"
"进伐木开道七百","1","1","2"
"伐木开道七百余","1","1","2"
"木开道七百余里","1","1","2"
"改授左翼屯田万","1","1","2"
"授左翼屯田万户","1","1","2"
"巩等二十余州事","1","1","2"
"等二十余州事皆","1","1","2"
"二十余州事皆听","1","1","2"
"天泽遣锐卒五十","1","1","2"
"斩金将完颜庆山","1","1","2"
"金将完颜庆山奴","1","1","2"
"白撒等败走蒲城","1","1","2"
"新卫达鲁花赤撒","1","1","2"
"卫达鲁花赤撒吉","1","1","2"
"达鲁花赤撒吉思","1","1","2"
"宪宗赐卫州五城","1","1","2"
"天泽举唐韦澳告","1","1","2"
"文炳率义士四十","1","1","2"
"炳率义士四十六","1","1","2"
"率义士四十六骑","1","1","2"
"山东东路宣抚使","1","1","2"
"山东东路经略使","1","1","2"
"邓州光化行军万","1","1","2"
"州光化行军万户","1","1","2"
"河南等路统军副","1","1","2"
"南等路统军副使","1","1","2"
"臣所部千户私役","1","1","2"
"所部千户私役兵","1","1","2"
"部千户私役兵士","1","1","2"
"千户私役兵士四","1","1","2"
"户私役兵士四人","1","1","2"
"山东路统军副使","1","1","2"
"文炳命招讨使王","1","1","2"
"炳命招讨使王世","1","1","2"
"命招讨使王世强","1","1","2"
"臣等奉天威平宋","1","1","2"
"文蔚率邓州一军","1","1","2"
"蔚率邓州一军西","1","1","2"
"率邓州一军西行","1","1","2"
"太师博鲁欢攻扬","1","1","2"
"师博鲁欢攻扬州","1","1","2"
"扬州守将姜才乘","1","1","2"
"师征八百媳妇国","1","1","2"
"汴梁行省平章政","1","1","2"
"梁行省平章政事","1","1","2"
"宋相贾似道督兵","1","1","2"
"圣恩待士卒诚厚","1","1","2"
"扬州都统姜才所","1","1","2"
"州都统姜才所统","1","1","2"
"授蒙古汉军都元","1","1","2"
"邢台节度使府令","1","1","2"
"台节度使府令史","1","1","2"
"天生成吉思皇帝","1","1","2"
"翰林侍读学士窦","1","1","2"
"林侍读学士窦默","1","1","2"
"太保刘秉忠同学","1","1","2"
"淄州妖人胡王惑","1","1","2"
"州妖人胡王惑众","1","1","2"
"江淮荆湖南北等","1","1","2"
"淮荆湖南北等路","1","1","2"
"荆湖南北等路宣","1","1","2"
"湖南北等路宣抚","1","1","2"
"越沿海巨舶大舰","1","1","2"
"丞相伯颜奉诏南","1","1","2"
"相伯颜奉诏南伐","1","1","2"
"遣礼部尚书中都","1","1","2"
"礼部尚书中都海","1","1","2"
"部尚书中都海牙","1","1","2"
"弟行枢密院都事","1","1","2"
"行枢密院都事郝","1","1","2"
"枢密院都事郝庸","1","1","2"
"密院都事郝庸入","1","1","2"
"院都事郝庸入宋","1","1","2"
"宋太祖遣曹彬取","1","1","2"
"太祖遣曹彬取南","1","1","2"
"祖遣曹彬取南唐","1","1","2"
"加昭文馆大学士","1","1","2"
"宋将彭义斌守大","1","1","2"
"将彭义斌守大名","1","1","2"
"子贞仿前代观察","1","1","2"
"贞仿前代观察采","1","1","2"
"仿前代观察采访","1","1","2"
"分三道纠察官吏","1","1","2"
"诏子贞参议军前","1","1","2"
"子贞参议军前行","1","1","2"
"贞参议军前行中","1","1","2"
"参议军前行中书","1","1","2"
"议军前行中书省","1","1","2"
"军前行中书省事","1","1","2"
"左丞相耶律铸行","1","1","2"
"良臣令军士下马","1","1","2"
"行四川行枢密院","1","1","2"
"立陕西四川宣抚","1","1","2"
"断事官牙老瓦赤","1","1","2"
"事官牙老瓦赤持","1","1","2"
"河南刘万户贪淫","1","1","2"
"江淮荆湖经略使","1","1","2"
"同行汉军都元帅","1","1","2"
"行汉军都元帅府","1","1","2"
"汉军都元帅府事","1","1","2"
"东京等路中书省","1","1","2"
"京等路中书省事","1","1","2"
"正大四年经义进","1","1","2"
"大四年经义进士","1","1","2"
"授归德府录事判","1","1","2"
"归德府录事判官","1","1","2"
"宋荆湖制置司素","1","1","2"
"东平总管严实兴","1","1","2"
"平总管严实兴学","1","1","2"
"总管严实兴学养","1","1","2"
"管严实兴学养士","1","1","2"
"益都等路宣抚副","1","1","2"
"都等路宣抚副使","1","1","2"
"命磐参议行省事","1","1","2"
"衡水县达鲁花赤","1","1","2"
"水县达鲁花赤忙","1","1","2"
"县达鲁花赤忙兀","1","1","2"
"听通事舍人传呼","1","1","2"
"国子祭酒许衡将","1","1","2"
"御史台纠察朝廷","1","1","2"
"史台纠察朝廷百","1","1","2"
"台纠察朝廷百官","1","1","2"
"宰相执政者二十","1","1","2"
"相执政者二十余","1","1","2"
"执政者二十余人","1","1","2"
"中进士第一甲第","1","1","2"
"进士第一甲第一","1","1","2"
"授应奉翰林文字","1","1","2"
"金正大四年进士","1","1","2"
"山东提刑按察使","1","1","2"
"承制命忽兰吉佩","2","0","2"
"命忽兰吉佩银符","1","1","2"
"同佥总帅汪良臣","1","1","2"
"凤翔三路管军都","1","1","2"
"翔三路管军都尉","1","1","2"
"同知利州宣抚使","1","1","2"
"授四川北道宣慰","1","1","2"
"谕诸蛮酋长率众","1","1","2"
"宋将夏贵率战船","1","1","2"
"将夏贵率战船三","1","1","2"
"夏贵率战船三千","1","1","2"
"贵率战船三千艘","1","1","2"
"率战船三千艘援","1","1","2"
"福建行中书省参","1","1","2"
"建行中书省参知","1","1","2"
"颜余党哈丹秃鲁","1","1","2"
"余党哈丹秃鲁干","1","1","2"
"党哈丹秃鲁干复","1","1","2"
"潼关守将王彦弼","1","1","2"
"火里台见弼所挽","1","1","2"
"伯颜授弼三千人","1","1","2"
"黄州等路宣慰使","2","0","2"
"沿江行枢密院事","1","1","2"
"遥授尚书省左丞","1","1","2"
"渡海二十五万里","1","1","2"
"宋参知政事陈文","1","1","2"
"参知政事陈文龙","1","1","2"
"都元帅忙古台平","1","1","2"
"招讨使行右副都","1","1","2"
"讨使行右副都元","1","1","2"
"使行右副都元帅","1","1","2"
"陈吊眼聚众十万","1","1","2"
"行尚书省参知政","1","1","2"
"参知政事行福建","1","1","2"
"知政事行福建宣","1","1","2"
"政事行福建宣慰","1","1","2"
"事行福建宣慰使","1","1","2"
"汀州总管府同知","1","1","2"
"州总管府同知阿","1","1","2"
"总管府同知阿里","1","1","2"
"福建行省左丞忽","1","1","2"
"建行省左丞忽剌","1","1","2"
"罗鬼女子蛇节反","1","1","2"
"西川行枢密院副","1","1","2"
"川行枢密院副使","1","1","2"
"参议枢密院事费","1","1","2"
"议枢密院事费正","1","1","2"
"枢密院事费正寅","1","1","2"
"同知京兆总管府","1","1","2"
"知京兆总管府事","1","1","2"
"降民三千八百户","1","1","2"
"民三千八百户没","1","1","2"
"中道提刑按察使","1","1","2"
"中书左丞耶律老","1","1","2"
"书左丞耶律老哥","1","1","2"
"左丞耶律老哥劝","1","1","2"
"丞耶律老哥劝雄","1","1","2"
"耶律老哥劝雄飞","1","1","2"
"荆湖行省平章政","1","1","2"
"湖行省平章政事","1","1","2"
"李冶等二十余人","1","1","2"
"河东南北路宣抚","1","1","2"
"东南北路宣抚使","1","1","2"
"始建十路征收课","1","1","2"
"建十路征收课税","1","1","2"
"十路征收课税使","1","1","2"
"河北东西路使王","1","1","2"
"北东西路使王晋","1","1","2"
"京兆榷课所长官","1","1","2"
"陕西四川规措军","1","1","2"
"西四川规措军储","1","1","2"
"四川规措军储转","1","1","2"
"川规措军储转运","1","1","2"
"规措军储转运使","1","1","2"
"五路西蜀四川廉","1","1","2"
"路西蜀四川廉访","1","1","2"
"西蜀四川廉访都","1","1","2"
"蜀四川廉访都转","1","1","2"
"四川廉访都转运","1","1","2"
"川廉访都转运使","1","1","2"
"河南行省调发军","1","1","2"
"南行省调发军饷","1","1","2"
"湖广平章政事阔","1","1","2"
"广平章政事阔里","1","1","2"
"平章政事阔里吉","1","1","2"
"章政事阔里吉思","1","1","2"
"西两江道宣慰副","1","1","2"
"两江道宣慰副使","1","1","2"
"贺州官粟三千五","1","1","2"
"州官粟三千五百","1","1","2"
"官粟三千五百石","1","1","2"
"粟三千五百石赈","1","1","2"
"时行省平章哈剌","1","1","2"
"行省平章哈剌哈","1","1","2"
"省平章哈剌哈孙","1","1","2"
"平章哈剌哈孙察","1","1","2"
"海北元帅薛赤干","1","1","2"
"掠男女四百八十","1","1","2"
"男女四百八十二","1","1","2"
"女四百八十二口","1","1","2"
"海北海南廉访使","1","1","2"
"辽东提刑按察使","1","1","2"
"皇子安西王开府","1","1","2"
"王府吏卒横暴扰","1","1","2"
"府吏卒横暴扰民","1","1","2"
"吏卒横暴扰民者","1","1","2"
"五路西蜀四川课","1","1","2"
"路西蜀四川课程","1","1","2"
"西蜀四川课程屯","1","1","2"
"蜀四川课程屯田","1","1","2"
"四川课程屯田事","1","1","2"
"太保刘秉忠北上","1","1","2"
"省雇车钱六万缗","1","1","2"
"支渠大小六十八","1","1","2"
"兀郎海古渠甚多","1","1","2"
"日月交食分数时","1","1","2"
"月交食分数时刻","1","1","2"
"设监候官一十四","1","1","2"
"监候官一十四员","1","1","2"
"引北山白浮泉水","1","1","2"
"赐守敬钞万二千","1","1","2"
"守敬钞万二千五","1","1","2"
"敬钞万二千五百","1","1","2"
"木华黎曾孙硕德","1","1","2"
"华黎曾孙硕德家","1","1","2"
"云南三十七部都","1","1","2"
"南三十七部都元","1","1","2"
"三十七部都元帅","1","1","2"
"十七部都元帅宝","1","1","2"
"七部都元帅宝合","1","1","2"
"部都元帅宝合丁","1","1","2"
"御史大夫博罗欢","1","1","2"
"安广西道宣抚使","1","1","2"
"临安广西道军民","1","1","2"
"安广西道军民宣","1","1","2"
"广西道军民宣抚","1","1","2"
"西道军民宣抚使","1","1","2"
"何惟岩等随立道","1","1","2"
"四川南道宣慰使","1","1","2"
"庭珍金银数千两","1","1","2"
"安南国达鲁花赤","1","1","2"
"授知归德府行枢","1","1","2"
"知归德府行枢密","1","1","2"
"归德府行枢密院","1","1","2"
"德府行枢密院经","1","1","2"
"府行枢密院经历","1","1","2"
"复二州达鲁花赤","1","1","2"
"平江路达鲁花赤","1","1","2"
"同知浙东宣慰使","1","1","2"
"知浙东宣慰使司","1","1","2"
"浙东宣慰使司事","1","1","2"
"陕西四川道按察","1","1","2"
"西四川道按察副","1","1","2"
"四川道按察副使","1","1","2"
"四川屯田经略副","1","1","2"
"川屯田经略副使","1","1","2"
"西川行枢密院发","1","1","2"
"川行枢密院发兵","1","1","2"
"行枢密院发兵围","1","1","2"
"诸蛮夷部宣慰使","1","1","2"
"叙州等处蛮夷部","1","1","2"
"州等处蛮夷部宣","1","1","2"
"等处蛮夷部宣抚","1","1","2"
"处蛮夷部宣抚使","1","1","2"
"中书省左右司都","1","1","2"
"书省左右司都事","1","1","2"
"官粮四十余万石","1","1","2"
"平阳路总管府判","1","1","2"
"阳路总管府判官","1","1","2"
"福建所辖郡县五","1","1","2"
"建所辖郡县五十","1","1","2"
"所辖郡县五十余","1","1","2"
"免征西军数百家","1","1","2"
"升中书右丞相安","1","1","2"
"河北河南宣慰司","1","1","2"
"始言能令钞法旧","2","0","2"
"始言能令百物贱","2","0","2"
"平阴县女子刘金","1","1","2"
"阴县女子刘金莲","1","1","2"
"河北河南廉访使","1","1","2"
"云南西南数千里","1","1","2"
"国子祭酒许衡讲","1","1","2"
"平章阿术统军平","1","1","2"
"同知浙西宣慰司","1","1","2"
"知浙西宣慰司事","1","1","2"
"江西湖东道提刑","1","1","2"
"西湖东道提刑按","1","1","2"
"湖东道提刑按察","1","1","2"
"时江浙行省丞相","1","1","2"
"江浙行省丞相忙","1","1","2"
"浙行省丞相忙古","1","1","2"
"行省丞相忙古台","1","1","2"
"监察御史范方等","1","1","2"
"山东东西道按察","1","1","2"
"东东西道按察使","1","1","2"
"同知绍兴路总管","1","1","2"
"知绍兴路总管府","1","1","2"
"绍兴路总管府事","1","1","2"
"同知两浙都转运","1","1","2"
"知两浙都转运司","1","1","2"
"两浙都转运司事","1","1","2"
"调陕西汉中道提","1","1","2"
"中道提刑按察副","1","1","2"
"佥河南江北等处","1","1","2"
"河东道提刑按察","1","1","2"
"东道提刑按察副","1","1","2"
"授陕西汉中道肃","1","1","2"
"授江西行省参政","1","1","2"
"劾江浙行省平章","1","1","2"
"成宗命省台大臣","1","1","2"
"河北河南肃政廉","1","1","2"
"北河南肃政廉访","1","1","2"
"河南肃政廉访使","1","1","2"
"南岸旧河口十一","1","1","2"
"钞八百五十余万","1","1","2"
"八百五十余万贯","1","1","2"
"临安府安抚司经","1","1","2"
"安府安抚司经历","1","1","2"
"江西行省平章马","1","1","2"
"西行省平章马合","1","1","2"
"行省平章马合谋","1","1","2"
"佥江东建康道肃","1","1","2"
"康道肃政廉访司","1","1","2"
"参议左壁总帅府","1","1","2"
"议左壁总帅府事","1","1","2"
"淮西江北道提刑","1","1","2"
"西江北道提刑按","1","1","2"
"江北道提刑按察","1","1","2"
"四川北道宣慰司","1","1","2"
"川北道宣慰司经","1","1","2"
"北道宣慰司经历","1","1","2"
"西蜀四川道提刑","1","1","2"
"蜀四川道提刑按","1","1","2"
"陕西汉中道巡行","1","1","2"
"西汉中道巡行劝","1","1","2"
"汉中道巡行劝农","1","1","2"
"中道巡行劝农副","1","1","2"
"陕西行中书省理","1","1","2"
"西行中书省理问","1","1","2"
"中道肃政廉访副","1","1","2"
"皆门生故友所录","1","1","2"
"按察司经历郝文","1","1","2"
"察司经历郝文迎","1","1","2"
"治行省平章家奴","1","1","2"
"尚文等十六人同","1","1","2"
"浙东海右道肃政","1","1","2"
"东海右道肃政廉","1","1","2"
"海右道肃政廉访","1","1","2"
"右道肃政廉访使","1","1","2"
"参知政事许师敬","1","1","2"
"五世祖秀安僖王","1","1","2"
"世祖秀安僖王子","1","1","2"
"行台侍御史程钜","1","1","2"
"台侍御史程钜夫","1","1","2"
"史程钜夫奉诏搜","1","1","2"
"程钜夫奉诏搜访","1","1","2"
"桐庐人戴汝惟家","1","1","2"
"岭北湖南道肃政","1","1","2"
"北湖南道肃政廉","1","1","2"
"湖南道肃政廉访","1","1","2"
"授太常礼仪院经","1","1","2"
"太常礼仪院经历","1","1","2"
"召两院学士北上","1","1","2"
"阿合马擅权日甚","2","0","2"
"帝令御史大夫相","1","1","2"
"令御史大夫相威","1","1","2"
"中书平章政事麦","1","1","2"
"书平章政事麦术","1","1","2"
"太医院使刘岳臣","1","1","2"
"建宁路总管马谋","1","1","2"
"史台监察御史周","1","1","2"
"台监察御史周祚","1","1","2"
"松州达鲁花赤长","1","1","2"
"州达鲁花赤长孙","1","1","2"
"河间盐运司官吏","1","1","2"
"间盐运司官吏盗","1","1","2"
"征八千九百余锭","1","1","2"
"欠一万三千一百","1","1","2"
"一万三千一百余","1","1","2"
"万三千一百余锭","1","1","2"
"江西廉访司官术","1","1","2"
"河东廉访司官忽","1","1","2"
"二万二千八百锭","1","1","2"
"监察御史斡罗失","1","1","2"
"察御史斡罗失剌","1","1","2"
"阿里浑撒里同翰","1","1","2"
"里浑撒里同翰林","1","1","2"
"太学博士义乌施","1","1","2"
"学博士义乌施南","1","1","2"
"博士义乌施南学","1","1","2"
"世祖命御史大夫","1","1","2"
"祖命御史大夫相","1","1","2"
"命御史大夫相威","1","1","2"
"浙西道儒学提举","1","1","2"
"江西粮十七万石","1","1","2"
"扬州儒学正李淦","1","1","2"
"州儒学正李淦上","1","1","2"
"儒学正李淦上书","1","1","2"
"御史大夫门答占","1","1","2"
"问兵部郎中赵孟","1","1","2"
"佥江浙行中书省","1","1","2"
"江浙行中书省事","1","1","2"
"佥江淮行尚书省","1","1","2"
"江淮行尚书省事","1","1","2"
"八道劝农营田司","1","1","2"
"道劝农营田司事","1","1","2"
"劾江西营田使沙","1","1","2"
"六万九千八百六","1","1","2"
"万九千八百六十","1","1","2"
"九千八百六十二","1","1","2"
"千八百六十二顷","1","1","2"
"粟十五万一千一","1","1","2"
"十五万一千一百","1","1","2"
"五万一千一百斛","1","1","2"
"麻丝二千七百斤","1","1","2"
"转运司判官唐申","1","1","2"
"平章政事张启元","1","1","2"
"李移住妄言惑众","1","1","2"
"马左丞爱惜汉人","1","1","2"
"集诸路总管三十","1","1","2"
"诸路总管三十人","1","1","2"
"高丽沈阳王父子","1","1","2"
"辽东丹王十世孙","1","1","2"
"南京总管府判官","1","1","2"
"佥四川道提刑按","1","1","2"
"浙西提刑按察副","1","1","2"
"西提刑按察副使","1","1","2"
"同知保定路总管","1","1","2"
"知保定路总管府","1","1","2"
"保定路总管府事","1","1","2"
"燕南提刑按察使","1","1","2"
"道肃政廉访司使","1","1","2"
"江淮行枢密副使","1","1","2"
"江南行御史台侍","1","1","2"
"南行御史台侍御","1","1","2"
"失列门传皇太后","1","1","2"
"遣参议中书省事","1","1","2"
"参议中书省事换","1","1","2"
"议中书省事换住","1","1","2"
"子治书侍御史锁","1","1","2"
"杀亲王妃主百余","1","1","2"
"亲王妃主百余人","1","1","2"
"令鹰师强收郑国","1","1","2"
"鹰师强收郑国宝","1","1","2"
"师强收郑国宝妻","1","1","2"
"强收郑国宝妻古","1","1","2"
"收郑国宝妻古哈","1","1","2"
"广州东莞县大步","1","1","2"
"州东莞县大步海","1","1","2"
"仅获小珠五两六","1","1","2"
"获小珠五两六两","1","1","2"
"后同知广州路事","1","1","2"
"同知广州路事塔","1","1","2"
"知广州路事塔塔","1","1","2"
"创设提举司监采","1","1","2"
"内正少卿魏暗都","1","1","2"
"正少卿魏暗都剌","1","1","2"
"翰林学士吴澄等","1","1","2"
"珪商议中书省事","1","1","2"
"赖天地祖宗神灵","1","1","2"
"李道复肯俯就集","1","1","2"
"道复肯俯就集贤","1","1","2"
"诸道行御史台侍","1","1","2"
"道行御史台侍御","1","1","2"
"御史大夫脱欢答","1","1","2"
"史大夫脱欢答剌","1","1","2"
"大夫脱欢答剌罕","1","1","2"
"陕西诸道行御史","2","0","2"
"西诸道行御史台","2","0","2"
"关陕许衡倡道学","1","1","2"
"四川廉访佥事阔","1","1","2"
"川廉访佥事阔阔","1","1","2"
"真州知州吕世英","1","1","2"
"裕宗文惠明孝皇","1","1","2"
"宗文惠明孝皇帝","1","1","2"
"太子裁决天下事","1","1","2"
"迁尚书户部令史","1","1","2"
"升参议枢密院事","1","1","2"
"改同佥枢密院事","2","0","2"
"右丞忙兀突鲁迷","1","1","2"
"丞忙兀突鲁迷失","1","1","2"
"忙兀突鲁迷失请","1","1","2"
"行省平章政事哈","1","1","2"
"省平章政事哈剌","1","1","2"
"平章政事哈剌哈","1","1","2"
"章政事哈剌哈孙","1","1","2"
"政事哈剌哈孙答","1","1","2"
"事哈剌哈孙答剌","1","1","2"
"劾江浙省臣听诏","1","1","2"
"中书省右司都事","1","1","2"
"时广西两江岑雄","1","1","2"
"湖广宣慰使张国","1","1","2"
"广宣慰使张国纪","1","1","2"
"命中书省纂集典","1","1","2"
"中书省纂集典章","1","1","2"
"改中书左司都事","2","0","2"
"湖广省参知政事","1","1","2"
"时左丞相倒剌沙","1","1","2"
"计奏左丞相倒剌","1","1","2"
"奏左丞相倒剌沙","1","1","2"
"同知大都路都总","1","1","2"
"知大都路都总管","1","1","2"
"大都路都总管府","1","1","2"
"都路都总管府事","1","1","2"
"河东山西道宣慰","1","1","2"
"东山西道宣慰司","1","1","2"
"山西道宣慰司同","1","1","2"
"改陕西行台治书","2","0","2"
"命威顺王征八番","1","1","2"
"入参议枢密院事","1","1","2"
"中书省左司郎中","1","1","2"
"左丞相哈散辞职","1","1","2"
"中书拨江浙盐运","1","1","2"
"书拨江浙盐运司","1","1","2"
"燕南提刑按察副","1","1","2"
"俺伯进西蕃铠甲","1","1","2"
"发海道粮十八万","1","1","2"
"海道粮十八万石","1","1","2"
"婺州路军民人匠","1","1","2"
"州路军民人匠提","1","1","2"
"路军民人匠提举","1","1","2"
"台治书侍御史苟","1","1","2"
"治书侍御史苟宗","1","1","2"
"书侍御史苟宗道","1","1","2"
"同知桂阳路总管","1","1","2"
"知桂阳路总管府","1","1","2"
"桂阳路总管府事","1","1","2"
"临江路总管李倜","1","1","2"
"同考试国子伴读","1","1","2"
"史大夫秃忒哈杂","2","0","2"
"大夫秃忒哈杂问","2","0","2"
"特赠思顺佐理功","1","1","2"
"赠思顺佐理功臣","1","1","2"
"前御史中丞杨朵","1","1","2"
"定宗幼子大名王","1","1","2"
"世祖命希亮问诸","1","1","2"
"祖命希亮问诸降","1","1","2"
"命希亮问诸降将","1","1","2"
"汉人盗钞六文者","1","1","2"
"人盗钞六文者杀","1","1","2"
"蒙古汉军征行大","1","1","2"
"古汉军征行大元","1","1","2"
"汉军征行大元帅","1","1","2"
"文州吐蕃万户达","1","1","2"
"州吐蕃万户达鲁","1","1","2"
"吐蕃万户达鲁花","1","1","2"
"蕃万户达鲁花赤","1","1","2"
"江南行御史台都","1","1","2"
"南行御史台都事","1","1","2"
"巴县闲田七百八","1","1","2"
"县闲田七百八十","1","1","2"
"闲田七百八十三","1","1","2"
"田七百八十三顷","1","1","2"
"山东廉访副使王","1","1","2"
"东廉访副使王鹏","1","1","2"
"廉访副使王鹏南","1","1","2"
"米三十斛送元复","1","1","2"
"三十斛送元复初","1","1","2"
"兴圣太后受尊号","1","1","2"
"升翰林侍讲学士","1","1","2"
"大成殿新赐登歌","1","1","2"
"成殿新赐登歌乐","1","1","2"
"集贤侍读学士王","1","1","2"
"贤侍读学士王结","1","1","2"
"大学士忽都鲁都","1","1","2"
"中书平章政事赵","1","1","2"
"书平章政事赵世","1","1","2"
"礼部尚书马祖常","1","1","2"
"通事舍人王士点","1","1","2"
"御史中丞赵世安","1","1","2"
"史中丞赵世安乘","1","1","2"
"奎章阁大学士忽","1","1","2"
"章阁大学士忽都","1","1","2"
"阁大学士忽都鲁","1","1","2"
"大学士忽都鲁笃","1","1","2"
"授翰林国史院编","2","0","2"
"时平章李孟监修","1","1","2"
"平章李孟监修国","1","1","2"
"章李孟监修国史","1","1","2"
"授经郎揭曼硕所","1","1","2"
"奎章阁供奉学士","1","1","2"
"品进阶中奉大夫","1","1","2"
"学问文章知史事","2","0","2"
"江山县儒学教谕","1","1","2"
"调长芗书院山长","1","1","2"
"中书参政杨廷玉","1","1","2"
"江南行台侍御史","1","1","2"
"佥太常礼仪院事","1","1","2"
"湖广行中书省右","1","1","2"
"广行中书省右丞","1","1","2"
"赠崇仁昭德推忠","1","1","2"
"崇仁昭德推忠守","1","1","2"
"仁昭德推忠守正","1","1","2"
"昭德推忠守正功","1","1","2"
"德推忠守正功臣","1","1","2"
"御史大夫纽泽先","1","1","2"
"中书平章政事王","1","1","2"
"书平章政事王毅","1","1","2"
"两淮都转运盐司","1","1","2"
"淮都转运盐司使","1","1","2"
"奎章阁学士院侍","1","1","2"
"章阁学士院侍书","1","1","2"
"阁学士院侍书学","1","1","2"
"学士院侍书学士","1","1","2"
"中书平章政事彻","1","1","2"
"书平章政事彻理","1","1","2"
"平章政事彻理帖","1","1","2"
"章政事彻理帖木","1","1","2"
"二十四年九月二","1","1","2"
"十四年九月二十","1","1","2"
"四年九月二十一","1","1","2"
"年九月二十一日","1","1","2"
"九月二十一日卒","1","1","2"
"兵征郁林州徭民","1","1","2"
"枢密副使王卜邻","1","1","2"
"密副使王卜邻吉","1","1","2"
"副使王卜邻吉台","1","1","2"
"云南都元帅述律","1","1","2"
"南都元帅述律铎","1","1","2"
"宜宾县尹杨济亨","1","1","2"
"蟠龙山建宪宗神","1","1","2"
"龙山建宪宗神御","1","1","2"
"山建宪宗神御殿","1","1","2"
"儒学提举谢晋贤","1","1","2"
"学提举谢晋贤请","1","1","2"
"山西道肃政廉访","1","1","2"
"西道肃政廉访司","1","1","2"
"安西王月鲁帖木","1","1","2"
"枢密院掾史田甲","1","1","2"
"登治元年进士第","2","0","2"
"入翰林国史院编","2","0","2"
"迁河东道廉访使","1","1","2"
"除江南行台治书","2","0","2"
"奉使代天子行事","1","1","2"
"翰林学士承旨一","1","1","2"
"林学士承旨一品","1","1","2"
"襄阳县儒学教谕","1","1","2"
"中书参议元明善","1","1","2"
"召集贤侍讲学士","2","0","2"
"山东道肃政廉访","1","1","2"
"南剑路顺昌县尹","1","1","2"
"赐平江田八千亩","1","1","2"
"特授都中少中大","1","1","2"
"授都中少中大夫","1","1","2"
"平江路总管府治","1","1","2"
"江路总管府治中","1","1","2"
"荆湖北道宣慰副","1","1","2"
"湖北道宣慰副使","1","1","2"
"邻州茶陵富民覃","1","1","2"
"州茶陵富民覃乙","1","1","2"
"茶陵富民覃乙死","1","1","2"
"福建闽海道肃政","1","1","2"
"建闽海道肃政廉","1","1","2"
"福建道宣慰使都","1","1","2"
"建道宣慰使都元","1","1","2"
"广东道宣慰使都","1","1","2"
"两淮都转运盐使","1","1","2"
"浙行省左右司都","1","1","2"
"治书侍御史张伯","1","1","2"
"书侍御史张伯高","1","1","2"
"调海道都漕运万","1","1","2"
"海道都漕运万户","1","1","2"
"太禧宗禋院都事","2","0","2"
"淮西道廉访副使","1","1","2"
"湖广行中书省参","1","1","2"
"广行中书省参知","1","1","2"
"命庐州路总管杭","1","1","2"
"庐州路总管杭州","1","1","2"
"唐检校司空赠司","1","1","2"
"检校司空赠司徒","1","1","2"
"校司空赠司徒充","1","1","2"
"燕南肃政廉访使","1","1","2"
"历台阁三十余年","1","1","2"
"御史台察院书吏","1","1","2"
"念皇弟燕帖古思","1","1","2"
"皇弟燕帖古思太","1","1","2"
"弟燕帖古思太子","1","1","2"
"谏天子巡幸上都","1","1","2"
"济宁军民屯田使","1","1","2"
"山东行枢密院副","1","1","2"
"东行枢密院副使","1","1","2"
"翰林国史院检阅","1","1","2"
"林国史院检阅官","1","1","2"
"行省平章左吉贪","1","1","2"
"廉访使段辅入行","1","1","2"
"访使段辅入行省","1","1","2"
"平章政事巩卜班","1","1","2"
"中授湖北廉访使","1","1","2"
"左司都事武祺等","1","1","2"
"遣太医院宣使秦","1","1","2"
"太医院宣使秦初","1","1","2"
"授宁国路儒学正","1","1","2"
"朝廷征江南包银","1","1","2"
"迁南安路总管府","1","1","2"
"南安路总管府推","1","1","2"
"安路总管府推官","1","1","2"
"潮州府判官钱珍","1","1","2"
"奸淫事杀推官梁","1","1","2"
"淫事杀推官梁楫","1","1","2"
"连广东廉访副使","1","1","2"
"广东廉访副使刘","1","1","2"
"信州路总管府推","1","1","2"
"调济宁路兖州知","1","1","2"
"济宁路兖州知州","1","1","2"
"江东廉访使道童","1","1","2"
"长枪军琐南班等","1","1","2"
"枪军琐南班等叛","1","1","2"
"饶州慈湖书院山","1","1","2"
"州慈湖书院山长","1","1","2"
"登延祐二年乙科","1","1","2"
"授同知昌国州事","1","1","2"
"佥浙西廉访司事","2","0","2"
"延祐五年中进士","1","1","2"
"举乌程县尹干文","1","1","2"
"乌程县尹干文传","1","1","2"
"迁南行台治书侍","1","1","2"
"参知政事魏中立","1","1","2"
"八岁能记诵经史","1","1","2"
"迁中书参知政事","1","1","2"
"山东廉访司经历","1","1","2"
"朝廷建一府六所","1","1","2"
"平章政事月鲁帖","1","1","2"
"章政事月鲁帖木","1","1","2"
"劾太尉阿乞剌欺","1","1","2"
"陛下宜卧薪尝胆","1","1","2"
"臣伏见调兵六年","1","1","2"
"山南道肃政廉访","1","1","2"
"劾中书参知政事","1","1","2"
"枢密院副使脱脱","1","1","2"
"密院副使脱脱木","1","1","2"
"治书侍御史奴奴","1","1","2"
"书侍御史奴奴弄","1","1","2"
"侍御史奴奴弄权","1","1","2"
"御史奴奴弄权误","1","1","2"
"史奴奴弄权误国","1","1","2"
"使两军日夜仇杀","1","1","2"
"大都路儒学提举","1","1","2"
"杀平章月鲁帖木","1","1","2"
"使旸北守黄河口","1","1","2"
"湖广行省左丞沙","1","1","2"
"广行省左丞沙班","1","1","2"
"行省参知政事朵","1","1","2"
"皇太子东西相向","1","1","2"
"太子东西相向授","1","1","2"
"子东西相向授书","1","1","2"
"遣左司郎中赵琏","1","1","2"
"左司郎中赵琏赐","1","1","2"
"司郎中赵琏赐白","1","1","2"
"郎中赵琏赐白金","1","1","2"
"中书参议赵期颐","1","1","2"
"升同佥太常礼仪","1","1","2"
"同佥太常礼仪院","1","1","2"
"中大夫升礼部尚","1","1","2"
"大夫升礼部尚书","1","1","2"
"行台监察御史刘","1","1","2"
"台监察御史刘希","1","1","2"
"监察御史刘希曾","1","1","2"
"察御史刘希曾等","1","1","2"
"御史刘希曾等十","1","1","2"
"史刘希曾等十人","1","1","2"
"刘希曾等十人共","1","1","2"
"行台监察御史余","1","1","2"
"台监察御史余观","1","1","2"
"江浙行省丞相达","1","1","2"
"浙行省丞相达识","1","1","2"
"行省丞相达识帖","1","1","2"
"省丞相达识帖睦","1","1","2"
"行台监察御史辩","1","1","2"
"授万亿四库照磨","1","1","2"
"诏特授江西肃政","1","1","2"
"特授江西肃政廉","1","1","2"
"授江西肃政廉访","1","1","2"
"江西肃政廉访使","1","1","2"
"袭答失八都鲁营","2","0","2"
"枢密副使达国珍","1","1","2"
"密副使达国珍战","1","1","2"
"副使达国珍战死","1","1","2"
"浙行省左丞相达","1","1","2"
"行省左丞相达识","1","1","2"
"省左丞相达识铁","1","1","2"
"左丞相达识铁睦","1","1","2"
"丞相达识铁睦迩","1","1","2"
"升宜孙行枢密院","1","1","2"
"宜孙行枢密院判","1","1","2"
"孙行枢密院判官","1","1","2"
"江浙儒学副提举","1","1","2"
"浙儒学副提举刘","1","1","2"
"儒学副提举刘基","1","1","2"
"萧山县尹苏友龙","1","1","2"
"时经略使李国凤","1","1","2"
"推诚宣力效节功","1","1","2"
"诚宣力效节功臣","1","1","2"
"论语孟子集注考","1","1","2"
"语孟子集注考证","1","1","2"
"改集贤侍读学士","1","1","2"
"西行台侍御史赵","1","1","2"
"行台侍御史赵世","1","1","2"
"台侍御史赵世延","1","1","2"
"荆湖四川宣抚参","1","1","2"
"湖四川宣抚参议","1","1","2"
"四川宣抚参议官","1","1","2"
"湖广军马钱粮所","1","1","2"
"广军马钱粮所佥","1","1","2"
"军马钱粮所佥厅","1","1","2"
"都转运盐使司长","1","1","2"
"转运盐使司长山","1","1","2"
"运盐使司长山场","1","1","2"
"盐使司长山场盐","1","1","2"
"使司长山场盐司","1","1","2"
"司长山场盐司丞","1","1","2"
"宝庆府佥书判官","1","1","2"
"庆府佥书判官厅","1","1","2"
"府佥书判官厅公","1","1","2"
"佥书判官厅公事","1","1","2"
"朝廷遣治书侍御","1","1","2"
"廷遣治书侍御史","1","1","2"
"遣治书侍御史王","1","1","2"
"治书侍御史王构","1","1","2"
"翰林学士元明善","1","1","2"
"林学士承旨王思","1","1","2"
"学士承旨王思廉","1","1","2"
"侍御史赵承庆见","1","1","2"
"江东肃政廉访副","1","1","2"
"川道提刑按察使","1","1","2"
"四川佥省严忠范","1","1","2"
"川佥省严忠范守","1","1","2"
"佥省严忠范守成","1","1","2"
"省严忠范守成都","1","1","2"
"中书省架阁库管","1","1","2"
"书省架阁库管勾","1","1","2"
"命平章廉希宪行","1","1","2"
"平章廉希宪行中","1","1","2"
"章廉希宪行中书","1","1","2"
"江西道提刑按察","1","1","2"
"汴梁路总管府知","1","1","2"
"梁路总管府知事","1","1","2"
"臣待罪刑部郎中","1","1","2"
"转抚州路宜黄县","1","1","2"
"抚州路宜黄县尹","1","1","2"
"升抚州路总管府","1","1","2"
"抚州路总管府推","1","1","2"
"转湖州路归安县","1","1","2"
"湖州路归安县尹","1","1","2"
"时湖南副使哈剌","1","1","2"
"湖南副使哈剌帖","1","1","2"
"南副使哈剌帖木","1","1","2"
"国王木华黎率兵","1","1","2"
"王木华黎率兵攻","1","1","2"
"河东北路兵马都","1","1","2"
"东北路兵马都元","1","1","2"
"北路兵马都元帅","1","1","2"
"哈剌拔都修城池","1","1","2"
"攻寿阳县王胡庄","1","1","2"
"攻太谷县桑梓寨","1","1","2"
"清泉寨酋长王壳","1","1","2"
"转江西行省郎中","1","1","2"
"统元年进士第一","1","1","2"
"河南淮西廉访司","1","1","2"
"州人秦观保造兵","1","1","2"
"泰州白驹场亭民","1","1","2"
"州白驹场亭民张","1","1","2"
"白驹场亭民张士","1","1","2"
"驹场亭民张士诚","1","1","2"
"杀参知政事赵琏","1","1","2"
"城中饿者仆道上","1","1","2"
"立淮南江北行省","1","1","2"
"命高邮知府李齐","1","1","2"
"士诚部将张茂先","1","1","2"
"同佥枢密院事董","1","1","2"
"佥枢密院事董钥","1","1","2"
"枢密院官守淮安","1","1","2"
"一小吏致身显官","1","1","2"
"行枢密院判官阿","1","1","2"
"枢密院判官阿鲁","1","1","2"
"密院判官阿鲁灰","1","1","2"
"院判官阿鲁灰引","1","1","2"
"判官阿鲁灰引兵","1","1","2"
"官阿鲁灰引兵经","1","1","2"
"阿鲁灰引兵经衢","1","1","2"
"鲁灰引兵经衢州","1","1","2"
"江东道廉访副使","1","1","2"
"太师汪家奴擅权","1","1","2"
"四川行省儒学提","1","1","2"
"川行省儒学提举","1","1","2"
"调广东元帅府都","1","1","2"
"广东元帅府都事","1","1","2"
"丑闾募兵数百人","1","1","2"
"廉访分司王佥事","1","1","2"
"本路总管柴顺礼","1","1","2"
"遇沔阳府达鲁花","1","1","2"
"沔阳府达鲁花赤","1","1","2"
"阳府达鲁花赤咬","1","1","2"
"府达鲁花赤咬住","1","1","2"
"荆襄提举相哥失","1","1","2"
"襄提举相哥失力","1","1","2"
"建宁路崇安县尹","1","1","2"
"邵武路总管吴按","1","1","2"
"武路总管吴按摊","1","1","2"
"庭坚设云梯火炮","1","1","2"
"总兵官江浙参政","1","1","2"
"兵官江浙参政章","1","1","2"
"官江浙参政章嘉","1","1","2"
"宣慰使司副都元","1","1","2"
"慰使司副都元帅","1","1","2"
"时镇抚万户岳焕","1","1","2"
"升福建盐运副使","1","1","2"
"监州阿撒都剌募","1","1","2"
"川行省左右司郎","1","1","2"
"靖安县达鲁花赤","1","1","2"
"迁江西行省左右","1","1","2"
"授益都路达鲁花","1","1","2"
"益都路达鲁花赤","1","1","2"
"治书侍御史李国","1","1","2"
"书侍御史李国凤","1","1","2"
"平章政事阿鲁温","1","1","2"
"章政事阿鲁温沙","1","1","2"
"政事阿鲁温沙等","1","1","2"
"集贤侍讲学士闵","1","1","2"
"贤侍讲学士闵本","1","1","2"
"侍讲学士闵本死","1","1","2"
"翰林国史院都事","1","1","2"
"福建行省左右司","1","1","2"
"建行省左右司郎","1","1","2"
"授行宣政院崇教","1","1","2"
"漳州路达鲁花赤","1","1","2"
"西行省左右司都","1","1","2"
"全罗等处军民万","1","1","2"
"罗等处军民万户","1","1","2"
"等处军民万户都","1","1","2"
"处军民万户都元","1","1","2"
"军民万户都元帅","1","1","2"
"皇太子立大抚军","1","1","2"
"太子立大抚军院","1","1","2"
"迁同佥将作院事","1","1","2"
"寨民李世杰执庸","1","1","2"
"大名等路提举学","1","1","2"
"名等路提举学校","1","1","2"
"等路提举学校官","1","1","2"
"尚书右丞颜盏石","1","1","2"
"书右丞颜盏石鲁","1","1","2"
"参知政事徒单兀","1","1","2"
"知政事徒单兀典","1","1","2"
"前监察御史张特","1","1","2"
"监察御史张特立","1","1","2"
"江浙行省丞相忽","1","1","2"
"浙行省丞相忽剌","1","1","2"
"春秋三传归一义","1","1","2"
"江西儒学副提举","1","1","2"
"若向京师发一箭","1","1","2"
"江东道同知宣慰","1","1","2"
"东道同知宣慰司","1","1","2"
"道同知宣慰司事","1","1","2"
"同知集贤院道教","1","1","2"
"加号辅成赞化保","1","1","2"
"号辅成赞化保运","1","1","2"
"辅成赞化保运玄","1","1","2"
"成赞化保运玄教","1","1","2"
"赞化保运玄教大","1","1","2"
"化保运玄教大宗","1","1","2"
"保运玄教大宗师","1","1","2"
"崇文弘道玄德真","1","1","2"
"文弘道玄德真人","1","1","2"
"江淮荆襄等处道","1","1","2"
"淮荆襄等处道教","1","1","2"
"凝神冲妙玄应真","1","1","2"
"神冲妙玄应真人","1","1","2"
"顺天安平怀州河","2","0","2"
"天安平怀州河南","2","0","2"
"平阳诸路工匠都","1","1","2"
"阳诸路工匠都总","1","1","2"
"诸路工匠都总管","1","1","2"
"河南等路甲匠都","1","1","2"
"南等路甲匠都总","1","1","2"
"等路甲匠都总管","1","1","2"
"发粟四千五百石","1","1","2"
"大都路军器人匠","1","1","2"
"都路军器人匠总","1","1","2"
"路军器人匠总管","1","1","2"
"平章阿里海牙遣","1","1","2"
"章阿里海牙遣使","1","1","2"
"阿里海牙遣使求","1","1","2"
"里海牙遣使求炮","1","1","2"
"赐银二百五十两","1","1","2"
"回回炮手都元帅","1","1","2"
"军匠万户府万户","1","1","2"
"赐钞二万五千贯","1","1","2"
"命帝师八合斯巴","1","1","2"
"帝师八合斯巴建","1","1","2"
"师八合斯巴建黄","1","1","2"
"八合斯巴建黄金","1","1","2"
"合斯巴建黄金塔","1","1","2"
"帝命取明堂针灸","1","1","2"
"命取明堂针灸铜","1","1","2"
"取明堂针灸铜像","1","1","2"
"离左右者十余月","1","1","2"
"赠银青光禄大夫","1","1","2"
"米五百六十余石","1","1","2"
"翰林学士承旨张","1","1","2"
"林学士承旨张翥","1","1","2"
"内外百官趋附者","1","1","2"
"外百官趋附者十","1","1","2"
"阿合马同知开平","1","1","2"
"合马同知开平府","1","1","2"
"马同知开平府事","1","1","2"
"桓州峪所采银矿","1","1","2"
"右丞相安童见阿","1","1","2"
"丞相安童见阿合","1","1","2"
"相安童见阿合马","1","1","2"
"省左司都事周祥","1","1","2"
"中书省奏议裁处","1","1","2"
"中书左丞崔斌奏","1","1","2"
"将作院达鲁花赤","1","1","2"
"算江淮行省平章","1","1","2"
"江淮行省平章阿","1","1","2"
"淮行省平章阿里","1","1","2"
"行省平章阿里伯","1","1","2"
"支粮四十七万石","1","1","2"
"益都千户王著者","1","1","2"
"遣右司郎中脱欢","1","1","2"
"右司郎中脱欢察","1","1","2"
"命枢密副使孛罗","1","1","2"
"同右丞相安童奏","1","1","2"
"九十三万二千六","1","1","2"
"十三万二千六百","1","1","2"
"三万二千六百锭","1","1","2"
"江淮等处宣慰司","1","1","2"
"办钞七十五万锭","1","1","2"
"察御史陈天祥上","1","1","2"
"白三色囊转行文","1","1","2"
"阿合马党人潘杰","1","1","2"
"岁办钞三百万锭","1","1","2"
"二十四年闰二月","1","1","2"
"奉旨检核中书省","1","1","2"
"旨检核中书省事","1","1","2"
"钞四千七百七十","1","1","2"
"四千七百七十锭","1","1","2"
"一千三百四十五","1","1","2"
"千三百四十五锭","1","1","2"
"世祖令丞相安童","1","1","2"
"中书台院札鲁忽","1","1","2"
"书台院札鲁忽赤","1","1","2"
"真定宣慰使速哥","1","1","2"
"南京宣慰使答失","1","1","2"
"京宣慰使答失蛮","1","1","2"
"甘肃行尚书省参","1","1","2"
"肃行尚书省参政","1","1","2"
"行尚书省参政铁","1","1","2"
"尚书省参政铁木","1","1","2"
"书省参政铁木哥","1","1","2"
"江西行尚书省平","1","1","2"
"西行尚书省平章","1","1","2"
"平章政事忽都铁","1","1","2"
"章政事忽都铁木","1","1","2"
"兵部尚书忽都答","1","1","2"
"伯银二万五千两","1","1","2"
"漕运司达鲁花赤","1","1","2"
"运司达鲁花赤怯","1","1","2"
"益都淄莱淘金总","1","1","2"
"都淄莱淘金总管","1","1","2"
"淄莱淘金总管府","1","1","2"
"遣小吏持文簿置","1","1","2"
"小吏持文簿置案","1","1","2"
"省左丞相忙兀带","1","1","2"
"令侍御史杜思敬","1","1","2"
"侍御史杜思敬等","1","1","2"
"御史杜思敬等勘","1","1","2"
"史杜思敬等勘验","1","1","2"
"唆海翊运宣力保","1","1","2"
"海翊运宣力保大","1","1","2"
"翊运宣力保大功","1","1","2"
"运宣力保大功臣","1","1","2"
"取晋王田千余亩","1","1","2"
"卫兵牧地二十余","1","1","2"
"兵牧地二十余亩","1","1","2"
"徽政院使失里门","1","1","2"
"入脱忽思皇后宫","1","1","2"
"脱忽思皇后宫闱","1","1","2"
"脱忽思皇后钱粮","1","1","2"
"时脱脱方信任汝","1","1","2"
"脱脱方信任汝中","1","1","2"
"脱方信任汝中柏","1","1","2"
"秘密大喜乐禅定","1","1","2"
"天下士大夫必讥","1","1","2"
"下士大夫必讥笑","1","1","2"
"御史大夫搠思监","1","1","2"
"中书右丞相定住","1","1","2"
"平章政事桑哥失","1","1","2"
"章政事桑哥失里","1","1","2"
"迁陕西行省平章","1","1","2"
"御史答里麻失里","1","1","2"
"子宣徽使观音奴","1","1","2"
"举山东州郡归附","1","1","2"
"山东淮南楚州行","1","1","2"
"东淮南楚州行省","1","1","2"
"淮南兵七万五千","1","1","2"
"中书平章王文统","1","1","2"
"取城中子女赏将","1","1","2"
"城中子女赏将士","1","1","2"
"达鲁花赤管民官","1","1","2"
"左丞相耶律铸监","1","1","2"
"丞相耶律铸监修","1","1","2"
"遣人持文统三书","1","1","2"
"知枢密院事秃坚","1","1","2"
"枢密院事秃坚帖","1","1","2"
"密院事秃坚帖木","1","1","2"
"知辽阳行枢密院","1","1","2"
"辽阳行枢密院事","1","1","2"
"岭北行省丞相知","1","1","2"
"北行省丞相知行","1","1","2"
"行省丞相知行枢","1","1","2"
"省丞相知行枢密","1","1","2"
"丞相知行枢密院","1","1","2"
"相知行枢密院事","1","1","2"
"中都威卫指挥使","1","1","2"
"中书平章政事赤","1","1","2"
"书平章政事赤斤","1","1","2"
"前云南行省平章","1","1","2"
"行省平章政事完","1","1","2"
"省平章政事完者","1","1","2"
"典瑞院使脱火赤","1","1","2"
"佥书枢密院事章","1","1","2"
"书枢密院事章台","1","1","2"
"引兵退驻井陉口","1","1","2"
"枢密同知八剌火","1","1","2"
"密同知八剌火者","1","1","2"
"命平章答失帖木","1","1","2"
"四川省丞相察罕","1","1","2"
"禁西番僧人佛事","1","1","2"
"速南御扩廓帖木","1","1","2"
"翰林学士承旨赵","1","1","2"
"林学士承旨赵冲","1","1","2"
"学士承旨赵冲共","1","1","2"
"士承旨赵冲共讨","1","1","2"
"承旨赵冲共讨灭","1","1","2"
"旨赵冲共讨灭六","1","1","2"
"赵冲共讨灭六哥","1","1","2"
"御史薛慎等奉表","1","1","2"
"史薛慎等奉表入","1","1","2"
"皞遣将军金宝鼎","2","0","2"
"等率二千人迎降","1","1","2"
"李君式等十二人","1","1","2"
"君式等十二人降","1","1","2"
"御史宋彦琦等奉","1","1","2"
"史宋彦琦等奉表","1","1","2"
"百四十八人奉表","1","1","2"
"四十八人奉表入","1","1","2"
"遣礼宾少卿宋彦","1","1","2"
"礼宾少卿宋彦琦","1","1","2"
"世祖中统元年三","1","1","2"
"祖中统元年三月","1","1","2"
"遣侍卫将军孛里","1","1","2"
"侍卫将军孛里察","1","1","2"
"侍御史张镒奉表","1","1","2"
"遣翰林学士韩就","1","1","2"
"翰林学士韩就奉","1","1","2"
"林学士韩就奉表","1","1","2"
"遣国信使兵部侍","1","1","2"
"国信使兵部侍郎","1","1","2"
"信使兵部侍郎黑","1","1","2"
"计议官伯德孝先","1","1","2"
"议官伯德孝先等","1","1","2"
"官伯德孝先等使","1","1","2"
"伯德孝先等使日","1","1","2"
"德孝先等使日本","1","1","2"
"遣枢密院副使宋","2","0","2"
"部侍郎金赞等导","2","0","2"
"侍郎金赞等导诏","2","0","2"
"郎金赞等导诏使","2","0","2"
"金赞等导诏使黑","2","0","2"
"特遣北京路总管","1","1","2"
"遣大将军康允绍","1","1","2"
"大将军康允绍奉","1","1","2"
"将军康允绍奉表","1","1","2"
"禃遣世子愖入朝","2","0","2"
"枢密院副使金方","1","1","2"
"密院副使金方庆","1","1","2"
"院副使金方庆奉","1","1","2"
"副使金方庆奉表","1","1","2"
"府判官徐世雄诏","1","1","2"
"遣国王头辇哥等","1","1","2"
"国王头辇哥等率","1","1","2"
"王头辇哥等率兵","1","1","2"
"前枢密院经历马","1","1","2"
"枢密院经历马希","1","1","2"
"密院经历马希骥","1","1","2"
"遣借礼部侍郎朴","1","1","2"
"遣行省率兵东下","1","1","2"
"高丽国官吏军民","1","1","2"
"特遣兵护送国王","1","1","2"
"东京行尚书省军","1","1","2"
"高丽国令公林衍","1","1","2"
"陪臣元傅等妄奏","1","1","2"
"臣元傅等妄奏头","1","1","2"
"元傅等妄奏头辇","1","1","2"
"傅等妄奏头辇哥","1","1","2"
"等妄奏头辇哥国","1","1","2"
"妄奏头辇哥国王","1","1","2"
"洪茶丘将兵送抵","2","0","2"
"茶丘将兵送抵海","2","0","2"
"丘将兵送抵海上","2","0","2"
"姑令金州等处屯","2","0","2"
"令金州等处屯驻","2","0","2"
"率尚书右丞宋玢","1","1","2"
"军器监薛公俭等","1","1","2"
"禃遣通事将徐称","2","0","2"
"遣通事将徐称导","2","0","2"
"通事将徐称导送","2","0","2"
"同知枢密院事李","1","1","2"
"知枢密院事李昌","1","1","2"
"枢密院事李昌庆","1","1","2"
"密院事李昌庆奉","1","1","2"
"院事李昌庆奉表","1","1","2"
"事李昌庆奉表谢","1","1","2"
"将白琚偕张铎等","1","1","2"
"白琚偕张铎等十","1","1","2"
"琚偕张铎等十二","1","1","2"
"偕张铎等十二人","1","1","2"
"张铎等十二人奉","1","1","2"
"铎等十二人奉表","1","1","2"
"遣西京属城诸达","1","1","2"
"经略使忻都同洪","1","1","2"
"略使忻都同洪茶","1","1","2"
"使忻都同洪茶丘","1","1","2"
"十一年正月己卯","1","1","2"
"一年正月己卯朔","1","1","2"
"枢密院副使奇蕴","1","1","2"
"密院副使奇蕴奉","1","1","2"
"院副使奇蕴奉表","1","1","2"
"大小官员百姓人","1","1","2"
"小官员百姓人等","1","1","2"
"遣齐安侯王淑上","1","1","2"
"齐安侯王淑上表","1","1","2"
"安侯王淑上表谢","1","1","2"
"侯王淑上表谢恩","1","1","2"
"门事李信孙等奉","1","1","2"
"事李信孙等奉表","1","1","2"
"李信孙等奉表入","1","1","2"
"子弟二十人入侍","1","1","2"
"议中赞金方庆奉","1","1","2"
"中赞金方庆奉表","1","1","2"
"遣判秘书寺事朱","1","1","2"
"判秘书寺事朱悦","1","1","2"
"秘书寺事朱悦奉","1","1","2"
"书寺事朱悦奉表","1","1","2"
"达鲁花赤石抹天","1","1","2"
"鲁花赤石抹天衢","1","1","2"
"改铸驸马高丽王","1","1","2"
"铸驸马高丽王印","1","1","2"
"驸马高丽王印赐","1","1","2"
"赐号推忠宣力定","1","1","2"
"号推忠宣力定远","1","1","2"
"推忠宣力定远功","1","1","2"
"大德元年十一月","1","1","2"
"高丽行省平章政","1","1","2"
"丽行省平章政事","1","1","2"
"征东行省平章阔","1","1","2"
"东行省平章阔里","1","1","2"
"行省平章阔里吉","1","1","2"
"省平章阔里吉思","1","1","2"
"署官府三百五十","1","1","2"
"官府三百五十八","1","1","2"
"府三百五十八所","1","1","2"
"官吏二百七十余","1","1","2"
"仁宗皇庆二年四","1","1","2"
"宗皇庆二年四月","1","1","2"
"地立耽罗国招讨","1","1","2"
"立耽罗国招讨司","1","1","2"
"尹邦宝充招讨副","1","1","2"
"邦宝充招讨副使","1","1","2"
"大蒙古国皇帝奉","1","1","2"
"蒙古国皇帝奉书","1","1","2"
"古国皇帝奉书日","1","1","2"
"国皇帝奉书日本","1","1","2"
"居舍人潘阜等持","1","1","2"
"舍人潘阜等持书","1","1","2"
"命秘书监赵良弼","1","1","2"
"秘书监赵良弼使","1","1","2"
"特命少中大夫秘","1","1","2"
"命少中大夫秘书","1","1","2"
"少中大夫秘书监","1","1","2"
"中大夫秘书监赵","1","1","2"
"大夫秘书监赵良","1","1","2"
"夫秘书监赵良弼","1","1","2"
"送国信使赵良弼","1","1","2"
"国信使赵良弼通","1","1","2"
"日本通事曹介升","1","1","2"
"本通事曹介升等","1","1","2"
"通事曹介升等上","1","1","2"
"事曹介升等上言","1","1","2"
"日本始遣弥四郎","1","1","2"
"太宰府西守护所","1","1","2"
"兵部侍郎何文著","1","1","2"
"计议官撒都鲁丁","1","1","2"
"议官撒都鲁丁使","1","1","2"
"日本遣商人持金","1","1","2"
"水手总管陆文政","1","1","2"
"手总管陆文政等","1","1","2"
"江浙省平章政事","1","1","2"
"安南京北洮江上","1","1","2"
"大理国守臣安抚","1","1","2"
"理国守臣安抚聂","1","1","2"
"凡衣冠典礼风俗","1","1","2"
"交趾遣子弟入觐","1","1","2"
"族人通侍大夫陈","1","1","2"
"人通侍大夫陈奉","1","1","2"
"通侍大夫陈奉公","1","1","2"
"员外郎诸卫寄班","1","1","2"
"外郎诸卫寄班阮","1","1","2"
"郎诸卫寄班阮琛","1","1","2"
"遣杨安养充员外","1","1","2"
"杨安养充员外郎","1","1","2"
"遣杨安养上表三","1","1","2"
"忽笼海牙代讷剌","1","1","2"
"笼海牙代讷剌丁","1","1","2"
"遣中侍大夫周仲","1","1","2"
"中侍大夫周仲彦","1","1","2"
"中亮大夫吴德邵","1","1","2"
"礼部尚书等官奉","1","1","2"
"江陵抵邕州入安","1","1","2"
"陵抵邕州入安南","1","1","2"
"知审刑院事杜国","1","1","2"
"审刑院事杜国计","1","1","2"
"刑院事杜国计先","1","1","2"
"富良江岸奉迎入","1","1","2"
"中赞杜国计奉表","1","1","2"
"赞杜国计奉表陈","1","1","2"
"行宣慰使都元帅","1","1","2"
"湖占城行省平章","1","1","2"
"占城行省平章政","1","1","2"
"城行省平章政事","1","1","2"
"遣鄂州达鲁花赤","1","1","2"
"致书荆湖占城行","1","1","2"
"书荆湖占城行省","1","1","2"
"宣使塔海撒里同","1","1","2"
"使塔海撒里同安","1","1","2"
"塔海撒里同安南","1","1","2"
"海撒里同安南国","1","1","2"
"撒里同安南国使","1","1","2"
"里同安南国使阮","1","1","2"
"同安南国使阮道","1","1","2"
"安南国使阮道学","1","1","2"
"南国使阮道学等","1","1","2"
"塔海撒里引安南","1","1","2"
"中亮大夫陈德钧","1","1","2"
"行省命万户赵修","1","1","2"
"省命万户赵修己","1","1","2"
"善忠大夫阮德舆","1","1","2"
"朝请郎阮文翰奉","1","1","2"
"请郎阮文翰奉书","1","1","2"
"阮效锐奉书谢罪","1","1","2"
"大越国主宪天体","1","1","2"
"越国主宪天体道","1","1","2"
"国主宪天体道大","1","1","2"
"主宪天体道大明","1","1","2"
"宪天体道大明光","1","1","2"
"天体道大明光孝","1","1","2"
"体道大明光孝皇","1","1","2"
"道大明光孝皇帝","1","1","2"
"大明光孝皇帝陈","1","1","2"
"明光孝皇帝陈威","1","1","2"
"光孝皇帝陈威晃","1","1","2"
"显慈顺天皇太后","1","1","2"
"复令唐兀沿海追","1","1","2"
"令唐兀沿海追日","1","1","2"
"弟昭国王陈益稷","1","1","2"
"昭国王陈益稷率","1","1","2"
"左丞相阿里海牙","1","1","2"
"丞相阿里海牙平","1","1","2"
"相阿里海牙平定","1","1","2"
"鄂州行省军同征","1","1","2"
"年平章阿里海牙","1","1","2"
"阿八赤等分道入","1","1","2"
"八赤等分道入山","1","1","2"
"遇交趾船三十艘","1","1","2"
"二十八年十一月","1","1","2"
"镇守永州两淮万","1","1","2"
"守永州两淮万户","1","1","2"
"永州两淮万户府","1","1","2"
"州两淮万户府上","1","1","2"
"两淮万户府上千","1","1","2"
"淮万户府上千户","1","1","2"
"万户府上千户蔡","1","1","2"
"户府上千户蔡荣","1","1","2"
"府上千户蔡荣上","1","1","2"
"上千户蔡荣上书","1","1","2"
"遣吏部尚书梁曾","1","1","2"
"礼部郎中陈孚持","1","1","2"
"部郎中陈孚持诏","1","1","2"
"遣陪臣陶子奇等","1","1","2"
"吉里等同征安南","1","1","2"
"立湖广安南行省","1","1","2"
"军五万六千五百","1","1","2"
"五万六千五百七","1","1","2"
"万六千五百七十","1","1","2"
"六千五百七十人","1","1","2"
"行枢密院副使彻","1","1","2"
"枢密院副使彻里","1","1","2"
"密院副使彻里蛮","1","1","2"
"部郎中萧泰登持","1","1","2"
"郎中萧泰登持诏","1","1","2"
"取万户张荣实等","1","1","2"
"万户张荣实等二","1","1","2"
"户张荣实等二人","1","1","2"
"仁宗皇庆二年正","1","1","2"
"宗皇庆二年正月","1","1","2"
"交趾军约三万余","1","1","2"
"兵部员外郎阿里","1","1","2"
"部员外郎阿里温","1","1","2"
"员外郎阿里温沙","1","1","2"
"鄯阐等路宣慰司","1","1","2"
"阐等路宣慰司都","1","1","2"
"等路宣慰司都元","1","1","2"
"路宣慰司都元帅","1","1","2"
"慰司都元帅府遣","1","1","2"
"司都元帅府遣乞","1","1","2"
"都元帅府遣乞脱","1","1","2"
"礼部郎中国信使","1","1","2"
"部郎中国信使乞","1","1","2"
"郎中国信使乞脱","1","1","2"
"工部郎中国信副","1","1","2"
"部郎中国信副使","1","1","2"
"建宁路安抚使贺","1","1","2"
"宁路安抚使贺天","1","1","2"
"路安抚使贺天爵","1","1","2"
"阿郭愿先招阿提","1","1","2"
"郭愿先招阿提犯","1","1","2"
"遣金齿千额总管","1","1","2"
"金齿千额总管阿","1","1","2"
"齿千额总管阿禾","1","1","2"
"下士卒六万人征","1","1","2"
"士卒六万人征缅","1","1","2"
"二十二年十一月","1","1","2"
"缅王遣盐井大官","1","1","2"
"王遣盐井大官阿","1","1","2"
"遣盐井大官阿必","1","1","2"
"盐井大官阿必立","1","1","2"
"井大官阿必立相","1","1","2"
"遣镇西平缅宣抚","1","1","2"
"镇西平缅宣抚司","1","1","2"
"西平缅宣抚司达","1","1","2"
"平缅宣抚司达鲁","1","1","2"
"缅宣抚司达鲁花","1","1","2"
"令忙完秃鲁迷失","1","1","2"
"忙完秃鲁迷失率","1","1","2"
"忙完秃鲁迷失请","1","1","2"
"令诸王阔阔节制","1","1","2"
"缅国阿散吉牙等","1","1","2"
"云南参知政事高","1","1","2"
"南参知政事高庆","1","1","2"
"广南西道宣慰使","1","1","2"
"南西道宣慰使马","1","1","2"
"西道宣慰使马成","1","1","2"
"道宣慰使马成旺","1","1","2"
"遣兵部侍郎教化","1","1","2"
"遂命右丞唆都等","1","1","2"
"四面约二十余里","1","1","2"
"回回三梢炮百余","1","1","2"
"回三梢炮百余座","1","1","2"
"行省遣都镇抚李","1","1","2"
"省遣都镇抚李天","1","1","2"
"招真腊国使速鲁","1","1","2"
"真腊国使速鲁蛮","1","1","2"
"遣琼州安抚使陈","1","1","2"
"琼州安抚使陈仲","1","1","2"
"州安抚使陈仲达","1","1","2"
"水路攻木城北面","1","1","2"
"三百人攻东面沙","1","1","2"
"遣博思兀鲁班者","1","1","2"
"舅宝脱秃花等三","1","1","2"
"宝脱秃花等三十","1","1","2"
"脱秃花等三十余","1","1","2"
"秃花等三十余人","1","1","2"
"奉国王信物杂布","1","1","2"
"国王信物杂布二","1","1","2"
"王信物杂布二百","1","1","2"
"信物杂布二百匹","1","1","2"
"献金叶九节标枪","1","1","2"
"第四子利世麻八","1","1","2"
"四子利世麻八都","1","1","2"
"子利世麻八都八","1","1","2"
"利世麻八都八德","1","1","2"
"世麻八都八德剌","1","1","2"
"第五子世利印德","1","1","2"
"大州西北鸦候山","1","1","2"
"北门乘象遁入山","1","1","2"
"唆都旧制行省舒","1","1","2"
"都旧制行省舒眉","1","1","2"
"旧制行省舒眉莲","1","1","2"
"制行省舒眉莲港","1","1","2"
"遣文劳邛大巴南","1","1","2"
"命平章政事阿里","1","1","2"
"政事阿里海牙奉","1","1","2"
"事阿里海牙奉镇","1","1","2"
"阿里海牙奉镇南","1","1","2"
"里海牙奉镇南王","1","1","2"
"海牙奉镇南王脱","1","1","2"
"牙奉镇南王脱欢","1","1","2"
"奉镇南王脱欢发","1","1","2"
"镇南王脱欢发兵","1","1","2"
"设左右军都元帅","1","1","2"
"左右军都元帅府","1","1","2"
"右军都元帅府二","1","1","2"
"万户张塔剌赤等","1","1","2"
"户张塔剌赤等五","1","1","2"
"张塔剌赤等五百","1","1","2"
"塔剌赤等五百余","1","1","2"
"剌赤等五百余人","1","1","2"
"万户脱欢等马步","1","1","2"
"副元帅土虎登哥","1","1","2"
"宰相昔剌难答吒","1","1","2"
"相昔剌难答吒耶","1","1","2"
"昔剌难答吒耶等","1","1","2"
"剌难答吒耶等五","1","1","2"
"难答吒耶等五十","1","1","2"
"答吒耶等五十余","1","1","2"
"吒耶等五十余人","1","1","2"
"涧上接杜马班王","1","1","2"
"上接杜马班王府","1","1","2"
"谋臣希宁官沿河","1","1","2"
"臣希宁官沿河泊","1","1","2"
"希宁官沿河泊舟","1","1","2"
"孙参政率万户李","1","1","2"
"参政率万户李明","1","1","2"
"政率万户李明迎","1","1","2"
"元二十八年九月","1","1","2"
"海船副万户杨祥","1","1","2"
"船副万户杨祥请","1","1","2"
"命杨祥充宣抚使","1","1","2"
"二十九年三月二","1","1","2"
"十九年三月二十","1","1","2"
"九年三月二十九","1","1","2"
"福建省平章政事","1","1","2"
"建省平章政事高","1","1","2"
"省平章政事高兴","1","1","2"
"平章政事伯颜等","1","1","2"
"行中书省左丞唆","1","1","2"
"中书省左丞唆都","1","1","2"
"遣广东招讨司达","1","1","2"
"广东招讨司达鲁","1","1","2"
"东招讨司达鲁花","1","1","2"
"讨司达鲁花赤杨","1","1","2"
"司达鲁花赤杨庭","1","1","2"
"达鲁花赤杨庭璧","1","1","2"
"速里蛮二人入朝","1","1","2"
"那些还没有归顺","0","2","2"
"些还没有归顺的","0","2","2"
"汉人担任的镇守","0","2","2"
"人担任的镇守官","0","2","2"
"密院事燕铁木儿","0","2","2"
"让百姓北渡黄河","0","2","2"
"官府逮捕了一些","0","2","2"
"世祖沉默了许久","0","2","2"
"人们都认为这是","0","2","2"
"们都认为这是一","0","2","2"
"将他们斩首示众","0","2","2"
"的达鲁花赤七十","0","2","2"
"不花为中书右丞","0","2","2"
"耶律铸为中书左","0","2","2"
"律铸为中书左丞","0","2","2"
"铸为中书左丞相","0","2","2"
"任命伯颜为中书","0","2","2"
"伯颜为中书右丞","0","2","2"
"颜为中书右丞相","0","2","2"
"合剌合孙为中书","0","2","2"
"失里咱牙信合八","0","2","2"
"赐给诸侯王也里","0","2","2"
"给诸侯王也里干","0","2","2"
"派遣合撒儿海牙","0","2","2"
"为江西榷茶转运","0","2","2"
"司改为都转运盐","0","2","2"
"改为都转运盐使","0","2","2"
"为都转运盐使司","0","2","2"
"阿里为中书右丞","0","2","2"
"荣祖为昭文馆大","0","2","2"
"祖为昭文馆大学","0","2","2"
"任命江浙行省左","0","2","2"
"政事赤斤铁木儿","0","2","2"
"任命陕西行省平","0","2","2"
"命陕西行省平章","0","2","2"
"降职为岭北行省","0","2","2"
"不花钱钞一万五","0","2","2"
"花钱钞一万五千","0","2","2"
"为辽阳行省平章","0","2","2"
"钱钞七十五万贯","0","2","2"
"中都威卫改为忠","0","2","2"
"都威卫改为忠翊","0","2","2"
"威卫改为忠翊侍","0","2","2"
"卫改为忠翊侍卫","0","2","2"
"改为忠翊侍卫亲","0","2","2"
"为忠翊侍卫亲军","0","2","2"
"赐予黄金五百两","0","2","2"
"授予开府仪同三","0","2","2"
"予开府仪同三司","0","2","2"
"江淮地区创科包","0","2","2"
"淮地区创科包银","0","2","2"
"命知枢密院事也","0","2","2"
"为云南行省右丞","0","2","2"
"诸王不赛因遣使","0","2","2"
"钱钞各一千五百","0","2","2"
"钞各一千五百锭","0","2","2"
"钱钞一千二百锭","0","2","2"
"赈济钱钞三万锭","0","2","2"
"河间盐运司改为","0","2","2"
"为同知行枢密院","0","2","2"
"派遣武宁王彻彻","0","2","2"
"立文宗为皇太子","0","2","2"
"为岭北行省平章","0","2","2"
"任命高昌王铁木","0","2","2"
"命高昌王铁木儿","0","2","2"
"赐予西安王阿剌","0","2","2"
"予西安王阿剌忒","0","2","2"
"密院事脱脱木儿","0","2","2"
"任命江西行省平","0","2","2"
"命江西行省平章","0","2","2"
"御史中丞亦列赤","0","2","2"
"神御殿修作佛事","0","2","2"
"征召云南行省左","0","2","2"
"南行省左丞相也","0","2","2"
"燕铁木儿太平王","0","2","2"
"姚炜并为储庆使","0","2","2"
"知枢密院事不花","0","2","2"
"燕铁木儿恭奉皇","0","2","2"
"铁木儿恭奉皇帝","0","2","2"
"命令知枢密院事","0","2","2"
"御史中丞八即剌","0","2","2"
"丞相塔失铁木儿","0","2","2"
"铁木儿知枢密院","0","2","2"
"皇太后尊号为仪","0","2","2"
"太后尊号为仪天","0","2","2"
"后尊号为仪天兴","0","2","2"
"尊号为仪天兴圣","0","2","2"
"号为仪天兴圣慈","0","2","2"
"为仪天兴圣慈仁","0","2","2"
"为福建行省平章","0","2","2"
"至元二十三年春","0","2","2"
"随丞相伯颜南征","0","2","2"
"他为开府仪同三","0","2","2"
"任湖广行省平章","0","2","2"
"兼知行枢密院事","0","2","2"
"讨伐孛罗帖木儿","0","2","2"
"出任江南行台御","0","2","2"
"为翰林侍读学士","0","2","2"
"诏令孛罗帖木儿","0","2","2"
"帖木儿为江浙行","0","2","2"
"木儿为江浙行省","0","2","2"
"为中书右司员外","0","2","2"
"为江西行省左丞","0","2","2"
"任江西行省参知","0","2","2"
"拜为中书左丞相","0","2","2"
"不久授镇国上将","0","2","2"
"久授镇国上将军","0","2","2"
"右丞别乞里迷失","0","2","2"
"因功授武德将军","0","2","2"
"王文统为平章政","0","2","2"
"文统为平章政事","0","2","2"
"刑按察司改为肃","0","2","2"
"按察司改为肃政","0","2","2"
"察司改为肃政廉","0","2","2"
"司改为肃政廉访","0","2","2"
"改为肃政廉访司","0","2","2"
"改任淮东宣慰使","0","2","2"
"改任河南行省平","0","2","2"
"改安抚司为总管","0","2","2"
"安抚司为总管府","0","2","2"
"可灌田二千余顷","0","2","2"
"同知制诰兼国史","0","2","2"
"任翰林侍读学士","0","2","2"
"任江南湖北道肃","0","2","2"
"拜山南江北道肃","0","2","2"
"任尚书省右司都","0","2","2"
"提拔为监察御史","0","2","2"
"出任湖广行省左","0","2","2"
"升迁为翰林待制","0","2","2"
"四川省平章政事","0","2","2"
"尚书省并入中书","0","2","2"
"书省并入中书省","0","2","2"
"阿合马为中书平","0","2","2"
"合马为中书平章","0","2","2"
"马为中书平章政","0","2","2"
"任同知宣徽院事","0","2","2"
"阶银青荣禄大夫","0","2","2"
"左丞相拜住为亚","0","2","2"
"丞相拜住为亚献","0","2","2"
"铁失以御史大夫","0","2","2"
"罗帖木儿为太保","0","2","2"
"起居舍人潘阜等","0","2","2"
"金州等处设置镇","0","2","2"
"州等处设置镇边","0","2","2"
"等处设置镇边万","0","2","2"
"处设置镇边万户","0","2","2"
"设置镇边万户府","0","2","2"
"明威将军都统领","0","2","2"
"威将军都统领脱","0","2","2"
"军副统领刘杰视","0","2","2"
"副统领刘杰视察","0","2","2"
"令海道运粮万户","0","2","2"
"世子陈日火广遣","0","2","2"
"谥号为法天启运","0","2","2"
"号为法天启运圣","0","2","2"
"为法天启运圣武","0","2","2"
"认为他的话很对","0","2","2"
"乃蛮被打得大败","0","2","2"
"派阿里海去责备","0","2","2"
"阿里海去责备汪","0","2","2"
"里海去责备汪罕","0","2","2"
"斡难河的发源处","0","2","2"
"金国皇帝完颜王","0","2","2"
"兵马都元帅镇守","0","2","2"
"天应为兴中府尹","0","2","2"
"命木华黎为太师","0","2","2"
"蒙古军出紫荆口","0","2","2"
"执掌尚书省事务","0","2","2"
"派遣乌古孙仲端","0","2","2"
"率领部下前来归","0","2","2"
"领部下前来归降","0","2","2"
"让你主子当河南","0","2","2"
"你主子当河南王","0","2","2"
"由皇子拖雷监国","0","2","2"
"由白坡渡过黄河","0","2","2"
"五河口渡过淮河","0","2","2"
"惑星干犯房宿天","0","2","2"
"立皇孙失烈门为","0","2","2"
"皇孙失烈门为继","0","2","2"
"孙失烈门为继承","0","2","2"
"失烈门为继承人","0","2","2"
"汉族地区的民户","0","2","2"
"不许擅自招纳民","0","2","2"
"许擅自招纳民户","0","2","2"
"并抄没他的家产","0","2","2"
"末来的吉儿都怯","0","2","2"
"来的吉儿都怯寨","0","2","2"
"下诏晓谕宋朝的","0","2","2"
"皇帝在怯蹇叉罕","0","2","2"
"蒙古军击败了他","0","2","2"
"来到皇帝驻跸的","0","2","2"
"清理核算钱粮的","0","2","2"
"理核算钱粮的官","0","2","2"
"率领各自的部队","0","2","2"
"地方会见诸侯王","0","2","2"
"皇帝驻跸的地方","0","2","2"
"各自返回自己的","0","2","2"
"兀良合台送他们","0","2","2"
"良合台送他们到","0","2","2"
"合台送他们到皇","0","2","2"
"台送他们到皇帝","0","2","2"
"皇帝赐给汪田哥","0","2","2"
"三千名精锐的士","0","2","2"
"宋朝的贾似道派","0","2","2"
"率领西路的诸侯","0","2","2"
"领西路的诸侯王","0","2","2"
"赵良弼为参议司","0","2","2"
"良弼为参议司事","0","2","2"
"晓谕高丽国王王","0","2","2"
"诸侯王和百官的","0","2","2"
"朝廷内外官吏的","0","2","2"
"军设立贸易市场","0","2","2"
"书左丞张文谦为","0","2","2"
"左丞张文谦为大","0","2","2"
"丞张文谦为大名","0","2","2"
"处便宜行事都总","0","2","2"
"路的宣抚司制造","0","2","2"
"行省大都督李王","0","2","2"
"任命燕京路宣慰","0","2","2"
"命燕京路宣慰使","0","2","2"
"王鹗为翰林学士","0","2","2"
"鹗为翰林学士承","0","2","2"
"林学士承旨兼修","0","2","2"
"廉希宪为中书省","0","2","2"
"希宪为中书省右","0","2","2"
"宪为中书省右丞","0","2","2"
"为中书省右丞相","0","2","2"
"阿蓝答儿及浑都","0","2","2"
"蓝答儿及浑都海","0","2","2"
"皇上的车驾驻跸","0","2","2"
"花纹的绸缎各三","0","2","2"
"纹的绸缎各三百","0","2","2"
"的绸缎各三百匹","0","2","2"
"绢五千零九十八","0","2","2"
"五千零九十八匹","0","2","2"
"以后每年成为常","0","2","2"
"后每年成为常例","0","2","2"
"皇上的车驾抵达","0","2","2"
"臣入朝觐见皇上","0","2","2"
"泽为中书右丞相","0","2","2"
"施惠于百姓的药","0","2","2"
"惠于百姓的药局","0","2","2"
"太阴星干犯角宿","0","2","2"
"部下有功的军官","0","2","2"
"有功的军官二千","0","2","2"
"功的军官二千五","0","2","2"
"的军官二千五百","0","2","2"
"军官二千五百两","0","2","2"
"官二千五百两白","0","2","2"
"百两白银及数量","0","2","2"
"两白银及数量不","0","2","2"
"担任翰林侍讲学","0","2","2"
"建立翰林国史院","0","2","2"
"任命许衡为国子","0","2","2"
"姚枢为太子太师","0","2","2"
"命令平章政事赵","0","2","2"
"令平章政事赵璧","0","2","2"
"驻扎在燕京的近","0","2","2"
"扎在燕京的近郊","0","2","2"
"平章政事塔察儿","0","2","2"
"免除今年的赋税","0","2","2"
"封皇子真金为燕","0","2","2"
"皇子真金为燕王","0","2","2"
"命令诸侯王合必","0","2","2"
"令诸侯王合必赤","0","2","2"
"奉上表章前来谢","0","2","2"
"上表章前来谢恩","0","2","2"
"定朝内外官员的","0","2","2"
"率领二千名士卒","0","2","2"
"领二千名士卒前","0","2","2"
"免除他们的赋税","0","2","2"
"执掌宣慰司的事","0","2","2"
"掌宣慰司的事务","0","2","2"
"章政事赛典赤兼","0","2","2"
"政事赛典赤兼管","0","2","2"
"把李王的军队打","0","2","2"
"禁止民间私藏武","0","2","2"
"止民间私藏武器","0","2","2"
"用畏吾儿文字书","0","2","2"
"路今年田租的一","0","2","2"
"任命平章政事赛","0","2","2"
"命平章政事赛典","0","2","2"
"带头作乱的人处","0","2","2"
"头作乱的人处死","0","2","2"
"陕西行省上奏说","0","2","2"
"事情发觉之后被","0","2","2"
"情发觉之后被处","0","2","2"
"发觉之后被处死","0","2","2"
"钱钞以赈济他们","0","2","2"
"路执掌中书省事","0","2","2"
"的百姓饥饿乏食","0","2","2"
"因为立下战功而","0","2","2"
"立下战功而赏赐","0","2","2"
"都元帅钦察戍守","0","2","2"
"元帅钦察戍守青","0","2","2"
"帅钦察戍守青居","0","2","2"
"迁回原来的地方","0","2","2"
"长春宫设立金周","0","2","2"
"春宫设立金周天","0","2","2"
"不能养活自己的","0","2","2"
"任命真定路镇守","0","2","2"
"命真定路镇守官","0","2","2"
"全年判死刑的罪","0","2","2"
"年判死刑的罪犯","0","2","2"
"死刑的罪犯六十","0","2","2"
"辎重老营的官员","0","2","2"
"他的儿子忙兀带","0","2","2"
"子弟入朝做人质","0","2","2"
"免除其家的赋税","0","2","2"
"有功的将士二千","0","2","2"
"侯王阿只吉部下","0","2","2"
"部尚书马月合乃","0","2","2"
"尚书马月合乃兼","0","2","2"
"铁一百零三万七","0","2","2"
"一百零三万七千","0","2","2"
"百零三万七千斤","0","2","2"
"换取粮食四万石","0","2","2"
"儿为中书省左丞","0","2","2"
"执掌枢密院事务","0","2","2"
"王只必帖木儿部","0","2","2"
"设置传送紧急公","0","2","2"
"置传送紧急公文","0","2","2"
"传送紧急公文的","0","2","2"
"送紧急公文的急","0","2","2"
"紧急公文的急递","0","2","2"
"急公文的急递铺","0","2","2"
"皇上在太庙举行","0","2","2"
"上在太庙举行祭","0","2","2"
"丽国王王礻直因","0","2","2"
"年的常例赐给诸","0","2","2"
"的常例赐给诸侯","0","2","2"
"常例赐给诸侯王","0","2","2"
"全国共有一百五","0","2","2"
"国共有一百五十","0","2","2"
"处死刑的罪犯七","0","2","2"
"礻直派遣使臣奉","0","2","2"
"直派遣使臣奉上","0","2","2"
"益都的一千名武","0","2","2"
"都的一千名武卫","0","2","2"
"官府供给耕牛农","0","2","2"
"府供给耕牛农具","0","2","2"
"府购买平价粮食","0","2","2"
"购买平价粮食以","0","2","2"
"漏登户籍的民户","0","2","2"
"俸禄以赡养他们","0","2","2"
"命令中书省商议","0","2","2"
"因为这件事没有","0","2","2"
"照阿合马的意见","0","2","2"
"发放粮食赈济他","0","2","2"
"放粮食赈济他们","0","2","2"
"诸侯王也速不花","0","2","2"
"诸侯王玉龙答失","0","2","2"
"西行省的大臣上","0","2","2"
"的供给他们粮食","0","2","2"
"路的总管府兼管","0","2","2"
"部下的士兵戍守","0","2","2"
"历书赐给高丽国","0","2","2"
"任命领中书省左","0","2","2"
"命领中书省左右","0","2","2"
"中书省左右部兼","0","2","2"
"书省左右部兼诸","0","2","2"
"省左右部兼诸路","0","2","2"
"给予他们数量不","0","2","2"
"数量不等的赏赐","0","2","2"
"各路总管府兼管","0","2","2"
"死刑的罪犯七十","0","2","2"
"诸侯王塔察儿的","0","2","2"
"每人每月给米二","0","2","2"
"人每月给米二斗","0","2","2"
"行省的治所迁到","0","2","2"
"命令四川行枢密","0","2","2"
"直派遣他的大臣","0","2","2"
"日丙派遣使臣奉","0","2","2"
"丙派遣使臣奉上","0","2","2"
"奉上表章前来进","0","2","2"
"上表章前来进贡","0","2","2"
"至元三年的历书","0","2","2"
"伯颜为中书左丞","0","2","2"
"颜为中书左丞相","0","2","2"
"二万五千两白银","0","2","2"
"发生蝗灾和旱灾","0","2","2"
"派遣使臣前来恭","0","2","2"
"遣使臣前来恭贺","0","2","2"
"使臣前来恭贺新","0","2","2"
"臣前来恭贺新年","0","2","2"
"重新担任中书省","0","2","2"
"史天泽担任枢密","0","2","2"
"制国用使司副使","0","2","2"
"将子弟组成的质","0","2","2"
"省平章政事赛典","0","2","2"
"派遣使臣祭祀五","0","2","2"
"遣使臣祭祀五岳","0","2","2"
"使臣祭祀五岳四","0","2","2"
"臣祭祀五岳四渎","0","2","2"
"派遣兵部侍郎黑","0","2","2"
"遣兵部侍郎黑的","0","2","2"
"在京畿地区狩猎","0","2","2"
"忽都答儿为中书","0","2","2"
"行枢密院改为行","0","2","2"
"枢密院改为行中","0","2","2"
"密院改为行中书","0","2","2"
"院改为行中书省","0","2","2"
"十一个部族前来","0","2","2"
"一个部族前来归","0","2","2"
"再度任命史天泽","0","2","2"
"把他治下的百姓","0","2","2"
"他治下的百姓隶","0","2","2"
"治下的百姓隶属","0","2","2"
"下的百姓隶属于","0","2","2"
"申令严禁在京畿","0","2","2"
"令严禁在京畿地","0","2","2"
"严禁在京畿地区","0","2","2"
"土星干犯天缶尊","0","2","2"
"饰有骆驼形钮键","0","2","2"
"礻直派遣他的秘","0","2","2"
"直派遣他的秘书","0","2","2"
"派遣他的秘书监","0","2","2"
"来恭贺皇帝的寿","0","2","2"
"恭贺皇帝的寿诞","0","2","2"
"贺皇帝的寿诞佳","0","2","2"
"派遣步兵骑兵前","0","2","2"
"遣使臣前来朝贡","0","2","2"
"木星干犯轩辕座","0","2","2"
"部下的将士战功","0","2","2"
"下的将士战功银","0","2","2"
"阿术部下有功的","0","2","2"
"术部下有功的将","0","2","2"
"下有功的将士二","0","2","2"
"共一百一十四人","0","2","2"
"他的弟弟王氵昌","0","2","2"
"丞相塔察儿为御","0","2","2"
"相塔察儿为御史","0","2","2"
"塔察儿为御史大","0","2","2"
"察儿为御史大夫","0","2","2"
"派遣都统领脱朵","0","2","2"
"遣都统领脱朵儿","0","2","2"
"赐给安南国王陈","0","2","2"
"给安南国王陈光","0","2","2"
"千石粮米赈济他","0","2","2"
"石粮米赈济他们","0","2","2"
"立下战功的将士","0","2","2"
"免交今年的田租","0","2","2"
"参知政事杨果为","0","2","2"
"驸马忽剌出到襄","0","2","2"
"马忽剌出到襄阳","0","2","2"
"派遣使者祭祀五","0","2","2"
"遣使者祭祀五岳","0","2","2"
"使者祭祀五岳四","0","2","2"
"者祭祀五岳四渎","0","2","2"
"各州郡发生蝗灾","0","2","2"
"各路发生旱灾和","0","2","2"
"礻直派遣他的世","0","2","2"
"直派遣他的世子","0","2","2"
"子王忄甚前来朝","0","2","2"
"王忄甚前来朝见","0","2","2"
"率领二万二千名","0","2","2"
"领二万二千名士","0","2","2"
"高丽国的世子王","0","2","2"
"丽国的世子王忄","0","2","2"
"国的世子王忄甚","0","2","2"
"世子王忄甚上奏","0","2","2"
"弟安庆公王氵昌","0","2","2"
"安庆公王氵昌为","0","2","2"
"庆公王氵昌为国","0","2","2"
"公王氵昌为国王","0","2","2"
"征召高丽国王王","0","2","2"
"蒙古国王头辇哥","0","2","2"
"礼部侍郎朴休灬","0","2","2"
"谋划尚书省事务","0","2","2"
"参与掌管尚书省","0","2","2"
"与掌管尚书省事","0","2","2"
"掌管尚书省事务","0","2","2"
"高丽国王派遣使","0","2","2"
"丽国王派遣使臣","0","2","2"
"国王派遣使臣来","0","2","2"
"步兵骑兵共一万","0","2","2"
"等路的行中书省","0","2","2"
"中书省改为行尚","0","2","2"
"书省改为行尚书","0","2","2"
"省改为行尚书省","0","2","2"
"镇守官的子弟则","0","2","2"
"减免今年丝税银","0","2","2"
"免今年丝税银的","0","2","2"
"今年丝税银的十","0","2","2"
"年丝税银的十分","0","2","2"
"丝税银的十分之","0","2","2"
"税银的十分之三","0","2","2"
"任命枢密院同知","0","2","2"
"十个月为一个阶","0","2","2"
"个月为一个阶段","0","2","2"
"打捕鹰坊总管府","0","2","2"
"给他们耕牛农具","0","2","2"
"宋军将领范文虎","0","2","2"
"军将领范文虎率","0","2","2"
"将领范文虎率领","0","2","2"
"用蒙古文字书写","0","2","2"
"下诏给高丽国王","0","2","2"
"皇帝赐给高丽国","0","2","2"
"帝赐给高丽国王","0","2","2"
"的秩禄提升为正","0","2","2"
"年的常例赐给先","0","2","2"
"的常例赐给先朝","0","2","2"
"常例赐给先朝的","0","2","2"
"例赐给先朝的后","0","2","2"
"赐给先朝的后妃","0","2","2"
"给先朝的后妃以","0","2","2"
"先朝的后妃以及","0","2","2"
"朝的后妃以及诸","0","2","2"
"的后妃以及诸侯","0","2","2"
"后妃以及诸侯王","0","2","2"
"妃以及诸侯王黄","0","2","2"
"以及诸侯王黄金","0","2","2"
"让他们返回原籍","0","2","2"
"安抚使阿海占领","0","2","2"
"抚使阿海占领珍","0","2","2"
"使阿海占领珍岛","0","2","2"
"撤销各路转运司","0","2","2"
"带着诏书去招降","0","2","2"
"州等州隶属于它","0","2","2"
"划军国重大事务","0","2","2"
"增加太原的盐税","0","2","2"
"下诏招降宋朝的","0","2","2"
"率领他部下的士","0","2","2"
"太庙的殿柱朽烂","0","2","2"
"是自古以来所没","0","2","2"
"自古以来所没有","0","2","2"
"古以来所没有的","0","2","2"
"漏登册籍的民户","0","2","2"
"等人羊马价钱钞","0","2","2"
"死刑的罪犯共一","0","2","2"
"刑的罪犯共一百","0","2","2"
"的罪犯共一百零","0","2","2"
"书省平章政事阿","0","2","2"
"任中书省参知政","0","2","2"
"出使日本的赵良","0","2","2"
"使日本的赵良弼","0","2","2"
"随便产生怀疑和","0","2","2"
"便产生怀疑和恐","0","2","2"
"产生怀疑和恐惧","0","2","2"
"攻破樊城的外城","0","2","2"
"给诸侯王八八部","0","2","2"
"用畏吾儿文字的","0","2","2"
"将士不同数量的","0","2","2"
"赐给他们不同数","0","2","2"
"给他们不同数量","0","2","2"
"他们不同数量的","0","2","2"
"不同数量的银两","0","2","2"
"他们家庭的徭役","0","2","2"
"派遣使臣带着诏","0","2","2"
"遣使臣带着诏书","0","2","2"
"宋朝的京湖制置","0","2","2"
"朝的京湖制置使","0","2","2"
"赐给北平王南木","0","2","2"
"给北平王南木合","0","2","2"
"在牛头山修筑堡","0","2","2"
"牛头山修筑堡寨","0","2","2"
"赐给皇子北平王","0","2","2"
"也速带儿部下的","0","2","2"
"的五千名士兵派","0","2","2"
"皇太子接受册封","0","2","2"
"任命平章军国重","0","2","2"
"等路的行枢密院","0","2","2"
"路的行枢密院事","0","2","2"
"的行枢密院事务","0","2","2"
"二十四处便宜行","0","2","2"
"十四处便宜行事","0","2","2"
"一胎生下三个儿","0","2","2"
"胎生下三个儿子","0","2","2"
"米二万石以赈济","0","2","2"
"都元帅也速答儿","0","2","2"
"使臣前来进贡地","0","2","2"
"臣前来进贡地方","0","2","2"
"共有一百九十六","0","2","2"
"有一百九十六万","0","2","2"
"诸侯王和百官朝","0","2","2"
"侯王和百官朝贺","0","2","2"
"人不同数额的银","0","2","2"
"希宪为中书右丞","0","2","2"
"京等地行中书省","0","2","2"
"南宣慰司上奏说","0","2","2"
"设置提刑按察司","0","2","2"
"率领一万名士兵","0","2","2"
"上都留守司同知","0","2","2"
"还没有攻下的州","0","2","2"
"忄甚派遣他的枢","0","2","2"
"甚派遣他的枢密","0","2","2"
"川行枢密院也速","0","2","2"
"行枢密院也速带","0","2","2"
"枢密院也速带儿","0","2","2"
"符宝郎董文忠上","0","2","2"
"宝郎董文忠上奏","0","2","2"
"郎董文忠上奏说","0","2","2"
"复州安抚使翟贵","0","2","2"
"宋朝嘉定安抚使","0","2","2"
"朝嘉定安抚使昝","0","2","2"
"也速带儿所统辖","0","2","2"
"速带儿所统辖的","0","2","2"
"派遣兵部尚书廉","0","2","2"
"都统制张林献城","0","2","2"
"统制张林献城投","0","2","2"
"制张林献城投降","0","2","2"
"宋朝的交会钞币","0","2","2"
"不同身份地位的","0","2","2"
"降宋朝淮东制置","0","2","2"
"西制置使夏贵率","0","2","2"
"带着皇上的诏书","0","2","2"
"着皇上的诏书前","0","2","2"
"皇上的诏书前去","0","2","2"
"上的诏书前去招","0","2","2"
"的诏书前去招降","0","2","2"
"宋朝的沿江制置","0","2","2"
"朝的沿江制置使","0","2","2"
"的沿江制置使赵","0","2","2"
"沿江制置使赵氵","0","2","2"
"江制置使赵氵晋","0","2","2"
"李德和代表皇帝","0","2","2"
"阿里海牙把军队","0","2","2"
"林学士承旨撒的","0","2","2"
"学士承旨撒的迷","0","2","2"
"士承旨撒的迷底","0","2","2"
"承旨撒的迷底里","0","2","2"
"孛罗为御史大夫","0","2","2"
"为行中书省参知","0","2","2"
"诏书前去招降宋","0","2","2"
"书前去招降宋朝","0","2","2"
"涪州观察使阳立","0","2","2"
"率领步兵骑兵共","0","2","2"
"撤销山东经略司","0","2","2"
"各军万户的战船","0","2","2"
"军万户的战船到","0","2","2"
"前去招降宋朝的","0","2","2"
"任命中书右丞阿","0","2","2"
"撤销襄阳统军司","0","2","2"
"犯轩辕星座的大","0","2","2"
"轩辕星座的大星","0","2","2"
"川行枢密院佥事","0","2","2"
"行枢密院佥事昝","0","2","2"
"枢密院佥事昝顺","0","2","2"
"密院佥事昝顺上","0","2","2"
"院佥事昝顺上奏","0","2","2"
"佥事昝顺上奏说","0","2","2"
"领司改为通政院","0","2","2"
"已经投降又重新","0","2","2"
"经投降又重新叛","0","2","2"
"投降又重新叛变","0","2","2"
"设置马湖路总管","0","2","2"
"路连降大雨伤害","0","2","2"
"招降尚未归附的","0","2","2"
"宋朝皇帝称臣的","0","2","2"
"令云南行中书省","0","2","2"
"没有追上而返回","0","2","2"
"宋朝皇帝的祖母","0","2","2"
"十万零五千一百","0","2","2"
"宋朝的宗室大臣","0","2","2"
"行中书省按照旧","0","2","2"
"中书省按照旧制","0","2","2"
"伯颜派遣使者前","0","2","2"
"颜派遣使者前来","0","2","2"
"派遣使者前来奏","0","2","2"
"在东郊祭祀农神","0","2","2"
"你们所说的那样","0","2","2"
"枢密院副使张易","0","2","2"
"密院副使张易兼","0","2","2"
"院副使张易兼管","0","2","2"
"副使张易兼管秘","0","2","2"
"使张易兼管秘书","0","2","2"
"张易兼管秘书监","0","2","2"
"宗室福王赵与芮","0","2","2"
"令把他们隶属于","0","2","2"
"因为平定了宋朝","0","2","2"
"率领他的军队前","0","2","2"
"领他的军队前来","0","2","2"
"他的军队前来归","0","2","2"
"的军队前来归顺","0","2","2"
"同样地交纳赋税","0","2","2"
"命令太子赞善王","0","2","2"
"令太子赞善王恂","0","2","2"
"在北京处置中书","0","2","2"
"北京处置中书省","0","2","2"
"京处置中书省事","0","2","2"
"奥鲁赤为参知政","0","2","2"
"鲁赤为参知政事","0","2","2"
"星进入斗宿天区","0","2","2"
"赐给他黄金五十","0","2","2"
"给他黄金五十两","0","2","2"
"和战死者不同数","0","2","2"
"均免征今年的田","0","2","2"
"给予一千锭钱钞","0","2","2"
"宣慰使塔海攻占","0","2","2"
"的一万名侍卫军","0","2","2"
"侍卫军返回京师","0","2","2"
"西川行枢密院佥","0","2","2"
"任命行中书省参","0","2","2"
"命行中书省参知","0","2","2"
"暂署江东道宣慰","0","2","2"
"署江东道宣慰使","0","2","2"
"宣慰使阿剌罕为","0","2","2"
"慰使阿剌罕为中","0","2","2"
"使阿剌罕为中书","0","2","2"
"阿剌罕为中书左","0","2","2"
"剌罕为中书左丞","0","2","2"
"西设置行中书省","0","2","2"
"署理江西宣慰使","0","2","2"
"宣慰使塔出为右","0","2","2"
"慰使塔出为右丞","0","2","2"
"招讨使也的迷失","0","2","2"
"宣慰使吕文焕为","0","2","2"
"慰使吕文焕为中","0","2","2"
"使吕文焕为中书","0","2","2"
"没有登记入籍的","0","2","2"
"政事忽都帖木儿","0","2","2"
"的妻儿送到京师","0","2","2"
"江南既然已经平","0","2","2"
"南既然已经平定","0","2","2"
"发放官仓的粮食","0","2","2"
"余党全部被平定","0","2","2"
"一千三百五十五","0","2","2"
"处死刑的罪犯三","0","2","2"
"死刑的罪犯三十","0","2","2"
"一万石粮食赈济","0","2","2"
"聚流落无主的汉","0","2","2"
"流落无主的汉奴","0","2","2"
"安西王相府上奏","0","2","2"
"西王相府上奏说","0","2","2"
"洁而有才能的官","0","2","2"
"而有才能的官员","0","2","2"
"均担任中书左丞","0","2","2"
"命令扬州行中书","0","2","2"
"扬州行中书省挑","0","2","2"
"州行中书省挑选","0","2","2"
"率领一万名士卒","0","2","2"
"一万名士卒征伐","0","2","2"
"隶属于云南行中","0","2","2"
"属于云南行中书","0","2","2"
"于云南行中书省","0","2","2"
"把它的事务隶属","0","2","2"
"它的事务隶属于","0","2","2"
"于是命平章政事","0","2","2"
"参知政事李恒为","0","2","2"
"任湖北道宣慰使","0","2","2"
"所接受的委任状","0","2","2"
"北京等地宣慰司","0","2","2"
"察司的治所迁移","0","2","2"
"任荆湖北道宣慰","0","2","2"
"采纳了这个意见","0","2","2"
"阿合马的儿子忽","0","2","2"
"合马的儿子忽辛","0","2","2"
"罗氏鬼国国王阿","0","2","2"
"举行七天七夜的","0","2","2"
"降下冰雹伤害庄","0","2","2"
"下冰雹伤害庄稼","0","2","2"
"他的佥议中赞金","0","2","2"
"的佥议中赞金方","0","2","2"
"阿里海牙入朝觐","0","2","2"
"里海牙入朝觐见","0","2","2"
"数量不等的钱钞","0","2","2"
"安西王的丞相李","0","2","2"
"西王的丞相李德","0","2","2"
"王的丞相李德辉","0","2","2"
"钱钞三万九千九","0","2","2"
"赐给皇子奥鲁赤","0","2","2"
"令道教宗师张留","0","2","2"
"道教宗师张留孙","0","2","2"
"书省大臣请求任","0","2","2"
"省大臣请求任命","0","2","2"
"令他们全部前往","0","2","2"
"年的田租三千一","0","2","2"
"的田租三千一百","0","2","2"
"土星干犯键闭星","0","2","2"
"专管赋税方面的","0","2","2"
"管赋税方面的事","0","2","2"
"赋税方面的事务","0","2","2"
"招降海外各藩国","0","2","2"
"减免今年田租的","0","2","2"
"通安等十处驿站","0","2","2"
"钱钞一千八百锭","0","2","2"
"命令枢密院派遣","0","2","2"
"国派遣使臣来进","0","2","2"
"二千名蒙古军士","0","2","2"
"五千名新附军士","0","2","2"
"减免今年的田租","0","2","2"
"一起带着诏书前","0","2","2"
"诸侯王阿只吉粮","0","2","2"
"下诏派使臣去招","0","2","2"
"诏派使臣去招降","0","2","2"
"河西行中书省钱","0","2","2"
"西行中书省钱钞","0","2","2"
"行中书省钱钞一","0","2","2"
"中书省钱钞一万","0","2","2"
"书省钱钞一万锭","0","2","2"
"书前往晓谕安南","0","2","2"
"下诏禁止他们这","0","2","2"
"诏禁止他们这样","0","2","2"
"禁止他们这样做","0","2","2"
"命令万户綦公直","0","2","2"
"赐给钱钞一万二","0","2","2"
"皇子南木合部下","0","2","2"
"一千名士兵戍守","0","2","2"
"必帖木儿请求在","0","2","2"
"丽国王王贝春因","0","2","2"
"奋力作战的将士","0","2","2"
"太阴星掩蔽房宿","0","2","2"
"丽国王王贝春前","0","2","2"
"国王王贝春前来","0","2","2"
"王王贝春前来朝","0","2","2"
"王贝春前来朝见","0","2","2"
"加授高丽国王王","0","2","2"
"授高丽国王王贝","0","2","2"
"征伐日本的新附","0","2","2"
"伐日本的新附军","0","2","2"
"师张宗演前来朝","0","2","2"
"高丽国征伐日本","0","2","2"
"丽国征伐日本的","0","2","2"
"任命高丽国王王","0","2","2"
"命高丽国王王贝","0","2","2"
"出使木剌由国的","0","2","2"
"派遣一千名士兵","0","2","2"
"重新恢复为民户","0","2","2"
"监的秩禄提升为","0","2","2"
"诸侯王阿只吉等","0","2","2"
"王王贝春派遣使","0","2","2"
"王贝春派遣使臣","0","2","2"
"的车驾临幸柳林","0","2","2"
"隶属于安西行省","0","2","2"
"行省的治所迁移","0","2","2"
"省的治所迁移到","0","2","2"
"伐日本的军队衣","0","2","2"
"帝的车驾返回皇","0","2","2"
"的车驾返回皇宫","0","2","2"
"迷失为参知政事","0","2","2"
"千六百石粮食赈","0","2","2"
"六百石粮食赈济","0","2","2"
"石粮食赈济饥民","0","2","2"
"木星干犯右执法","0","2","2"
"官府为他们赎回","0","2","2"
"日本的行中书省","0","2","2"
"帖木儿为中书右","0","2","2"
"赐给皇子南木合","0","2","2"
"占城国前来进贡","0","2","2"
"命令天师张宗演","0","2","2"
"荧惑星干犯司怪","0","2","2"
"惑星干犯司怪星","0","2","2"
"秩禄升格为从三","0","2","2"
"禄升格为从三品","0","2","2"
"国进贡地方特产","0","2","2"
"帖木儿为参知政","0","2","2"
"并下诏晓谕天下","0","2","2"
"和礼霍孙的意见","0","2","2"
"派翰林学士承旨","0","2","2"
"以及数额不等的","0","2","2"
"太阴星遮蔽心宿","0","2","2"
"阴星遮蔽心宿的","0","2","2"
"星遮蔽心宿的东","0","2","2"
"遮蔽心宿的东星","0","2","2"
"任命瓮吉剌带为","0","2","2"
"命瓮吉剌带为中","0","2","2"
"瓮吉剌带为中书","0","2","2"
"的秩禄升格为正","0","2","2"
"秩禄升格为正三","0","2","2"
"至元十八年以前","0","2","2"
"抄没家产的民户","0","2","2"
"贝春派遣他的大","0","2","2"
"春派遣他的大将","0","2","2"
"监的俸禄升格为","0","2","2"
"的俸禄升格为正","0","2","2"
"共七百一十四人","0","2","2"
"的五百八十一人","0","2","2"
"粮米以赈济饥民","0","2","2"
"各道的提刑按察","0","2","2"
"五品以下的官员","0","2","2"
"地方特产前来进","0","2","2"
"方特产前来进贡","0","2","2"
"平原郡公赵与芮","0","2","2"
"御史中丞崔上奏","0","2","2"
"史中丞崔上奏说","0","2","2"
"臣认为御史台的","0","2","2"
"认为御史台的官","0","2","2"
"为御史台的官员","0","2","2"
"用蒙古人十六员","0","2","2"
"令中书省和御史","0","2","2"
"探马赤军一万人","0","2","2"
"太白金星干犯昴","0","2","2"
"白金星干犯昴宿","0","2","2"
"金星干犯昴宿天","0","2","2"
"诸侯王胜纳合儿","0","2","2"
"任命新归附的洞","0","2","2"
"命新归附的洞蛮","0","2","2"
"中丞也先帖木儿","0","2","2"
"征伐日本的事宜","0","2","2"
"授予高丽国王王","0","2","2"
"予高丽国王王贝","0","2","2"
"一万名士兵前往","0","2","2"
"建立征东行中书","0","2","2"
"征伐缅国的军队","0","2","2"
"增加官吏的俸禄","0","2","2"
"在这些地方建立","0","2","2"
"星干犯司怪星官","0","2","2"
"安南国派遣使臣","0","2","2"
"金星干犯轩辕星","0","2","2"
"木星干犯钩钤星","0","2","2"
"派遣一万名士兵","0","2","2"
"荧惑星干犯鬼宿","0","2","2"
"惑星干犯鬼宿天","0","2","2"
"把从占城逃回的","0","2","2"
"诸侯王浑都帖木","0","2","2"
"侯王浑都帖木儿","0","2","2"
"撤销云南都元帅","0","2","2"
"销云南都元帅府","0","2","2"
"刑的罪犯共二百","0","2","2"
"的罪犯共二百七","0","2","2"
"罪犯共二百七十","0","2","2"
"阔阔你敦上奏说","0","2","2"
"的话固然是对的","0","2","2"
"艘战船协助征伐","0","2","2"
"把江淮行省的治","0","2","2"
"江淮行省的治所","0","2","2"
"淮行省的治所迁","0","2","2"
"人奉上表章前来","0","2","2"
"上表章前来朝廷","0","2","2"
"以前拖欠未交的","0","2","2"
"拖欠未交的赋税","0","2","2"
"造征伐日本的战","0","2","2"
"征伐日本的战船","0","2","2"
"陈日火亘派遣他","0","2","2"
"日火亘派遣他的","0","2","2"
"火亘派遣他的中","0","2","2"
"亘派遣他的中大","0","2","2"
"派遣他的中大夫","0","2","2"
"为蒙古都万户府","0","2","2"
"云南行省上奏说","0","2","2"
"行省左丞忽剌出","0","2","2"
"二千名探马赤军","0","2","2"
"参议枢密院事务","0","2","2"
"任命御史大夫玉","0","2","2"
"的按察司隶属于","0","2","2"
"按察司隶属于御","0","2","2"
"察司隶属于御史","0","2","2"
"司隶属于御史台","0","2","2"
"在京师的近郊行","0","2","2"
"京师的近郊行猎","0","2","2"
"隶属于江西行省","0","2","2"
"驻扎在富良江北","0","2","2"
"扎在富良江北岸","0","2","2"
"行御史台与江浙","0","2","2"
"御史台与江浙行","0","2","2"
"宣慰司兼都转运","0","2","2"
"慰司兼都转运使","0","2","2"
"司兼都转运使司","0","2","2"
"中丞阿剌帖木儿","0","2","2"
"史白秃剌帖木儿","0","2","2"
"丽派遣使臣来进","0","2","2"
"征伐安南的士兵","0","2","2"
"云南行中书省上","0","2","2"
"南行中书省上奏","0","2","2"
"官府祭祀北斗星","0","2","2"
"敕令征伐安南的","0","2","2"
"云南王也先帖木","0","2","2"
"南王也先帖木儿","0","2","2"
"杨兀鲁带率领一","0","2","2"
"兀鲁带率领一万","0","2","2"
"率领一万人征伐","0","2","2"
"省平章政事忙兀","0","2","2"
"御史台大臣认为","0","2","2"
"钱钞十一万六千","0","2","2"
"个月的口粮赈济","0","2","2"
"行省的军用物资","0","2","2"
"赏赐诸侯王阿只","0","2","2"
"赐诸侯王阿只吉","0","2","2"
"总计羊马价钱钞","0","2","2"
"院的职俸升格为","0","2","2"
"的职俸升格为正","0","2","2"
"职俸升格为正二","0","2","2"
"俸升格为正二品","0","2","2"
"三个行省的士兵","0","2","2"
"平章政事奥鲁赤","0","2","2"
"请求入朝觐见皇","0","2","2"
"求入朝觐见皇上","0","2","2"
"益稷为安南国王","0","2","2"
"秀山爰为辅义公","0","2","2"
"与行御史台官员","0","2","2"
"把我的意思告诉","0","2","2"
"及诸侯王阿只吉","0","2","2"
"干犯太微西垣的","0","2","2"
"犯太微西垣的上","0","2","2"
"太微西垣的上将","0","2","2"
"微西垣的上将星","0","2","2"
"为中书省平章政","0","2","2"
"淮行省忙兀带上","0","2","2"
"行省忙兀带上奏","0","2","2"
"省忙兀带上奏说","0","2","2"
"的百姓发生饥馑","0","2","2"
"运送一万石米前","0","2","2"
"一千石米赈济他","0","2","2"
"千石米赈济他们","0","2","2"
"的治所迁移到杭","0","2","2"
"治所迁移到杭州","0","2","2"
"太阴星干犯建星","0","2","2"
"在别十八里屯田","0","2","2"
"司改为都转运使","0","2","2"
"改为都转运使司","0","2","2"
"一千名新附军士","0","2","2"
"太白金星干犯亢","0","2","2"
"白金星干犯亢宿","0","2","2"
"金星干犯亢宿天","0","2","2"
"降低价格卖给贫","0","2","2"
"低价格卖给贫苦","0","2","2"
"价格卖给贫苦百","0","2","2"
"格卖给贫苦百姓","0","2","2"
"处死刑的罪囚共","0","2","2"
"至元二十四年春","0","2","2"
"用于漕运的河渠","0","2","2"
"随阿八赤讨伐安","0","2","2"
"阿八赤讨伐安南","0","2","2"
"为尚书省参知政","0","2","2"
"十一万零六百锭","0","2","2"
"宣慰司的治所迁","0","2","2"
"丽国王王贝春请","0","2","2"
"国王王贝春请求","0","2","2"
"县连降大雨伤害","0","2","2"
"行省的五千名士","0","2","2"
"省的五千名士卒","0","2","2"
"的五千名士卒前","0","2","2"
"五千名士卒前往","0","2","2"
"免除该地今年的","0","2","2"
"干犯太微西垣上","0","2","2"
"太微西垣上将星","0","2","2"
"微西垣上将星官","0","2","2"
"行枢密院月的迷","0","2","2"
"枢密院月的迷失","0","2","2"
"太白金星干犯垒","0","2","2"
"白金星干犯垒壁","0","2","2"
"金星干犯垒壁阵","0","2","2"
"云南行省右丞爱","0","2","2"
"南行省右丞爱鲁","0","2","2"
"惑星干犯太微东","0","2","2"
"干犯太微东垣上","0","2","2"
"太微东垣上相星","0","2","2"
"镇南王屯驻在思","0","2","2"
"南王屯驻在思明","0","2","2"
"荧惑星干犯进贤","0","2","2"
"惑星干犯进贤星","0","2","2"
"的秩禄升格为四","0","2","2"
"秩禄升格为四品","0","2","2"
"镇南王率领诸军","0","2","2"
"今年田租的十分","0","2","2"
"年田租的十分之","0","2","2"
"行省辖区内均听","0","2","2"
"省辖区内均听从","0","2","2"
"在司天台祭祀太","0","2","2"
"司天台祭祀太阳","0","2","2"
"循州贼寇一万多","0","2","2"
"州贼寇一万多人","0","2","2"
"州连年发生大水","0","2","2"
"道提刑按察司并","0","2","2"
"提刑按察司并入","0","2","2"
"为浙东道宣慰副","0","2","2"
"建造尚书省衙署","0","2","2"
"陈日火亘派遣使","0","2","2"
"日火亘派遣使臣","0","2","2"
"辖区内均听从行","0","2","2"
"区内均听从行尚","0","2","2"
"内均听从行尚书","0","2","2"
"均听从行尚书省","0","2","2"
"听从行尚书省节","0","2","2"
"从行尚书省节制","0","2","2"
"遣中大夫陈克用","0","2","2"
"黄金一百五十两","0","2","2"
"汴梁路发生蝗灾","0","2","2"
"州二州连降大雨","0","2","2"
"降大雨损害庄稼","0","2","2"
"使臣前来进贡当","0","2","2"
"臣前来进贡当地","0","2","2"
"湖广行省上奏说","0","2","2"
"因为谋反被处死","0","2","2"
"日火亘亲自入朝","0","2","2"
"国派遣使臣入朝","0","2","2"
"海都的军队进犯","0","2","2"
"都的军队进犯边","0","2","2"
"的军队进犯边境","0","2","2"
"江淮行省的忙兀","0","2","2"
"淮行省的忙兀带","0","2","2"
"率领五千名士卒","0","2","2"
"共同担任都元帅","0","2","2"
"巩昌便宜行事都","0","2","2"
"昌便宜行事都总","0","2","2"
"中大夫陈克用等","0","2","2"
"司的秩禄升格为","0","2","2"
"把利用监的秩禄","0","2","2"
"利用监的秩禄升","0","2","2"
"用监的秩禄升格","0","2","2"
"监的秩禄升格为","0","2","2"
"的屯田发生大水","0","2","2"
"六品以下的官员","0","2","2"
"发生大水伤害庄","0","2","2"
"生大水伤害庄稼","0","2","2"
"的车驾返回大都","0","2","2"
"率领部众一万人","0","2","2"
"领部众一万人进","0","2","2"
"部众一万人进犯","0","2","2"
"水星干犯房宿天","0","2","2"
"武平路发生饥馑","0","2","2"
"发放义仓的粮食","0","2","2"
"供给九十天口粮","0","2","2"
"让他们返回本营","0","2","2"
"石粮食赈济他们","0","2","2"
"按照每年的惯例","0","2","2"
"照每年的惯例赏","0","2","2"
"每年的惯例赏赐","0","2","2"
"都隶属于河南行","0","2","2"
"隶属于河南行省","0","2","2"
"月儿鲁等人上奏","0","2","2"
"儿鲁等人上奏说","0","2","2"
"奉命到江南去清","0","2","2"
"命到江南去清理","0","2","2"
"御史大夫月儿鲁","0","2","2"
"赐给钱钞二千锭","0","2","2"
"参与商议中书省","0","2","2"
"与商议中书省事","0","2","2"
"岳州华容县发生","0","2","2"
"州华容县发生水","0","2","2"
"华容县发生水灾","0","2","2"
"运到京师的粮食","0","2","2"
"征伐爪哇的军队","0","2","2"
"御史台委派官员","0","2","2"
"秃鲁迷失率军征","0","2","2"
"财力足以准备车","0","2","2"
"每一甲令其准备","0","2","2"
"太阴星干犯垒壁","0","2","2"
"阴星干犯垒壁阵","0","2","2"
"江北行省平章政","0","2","2"
"木星干犯左执法","0","2","2"
"政事范文虎监督","0","2","2"
"事范文虎监督疏","0","2","2"
"范文虎监督疏浚","0","2","2"
"五万锭钱钞赐给","0","2","2"
"至元三十一年春","0","2","2"
"平章政事不忽木","0","2","2"
"尊谥为圣德神功","0","2","2"
"谥为圣德神功文","0","2","2"
"为圣德神功文武","0","2","2"
"尊谥为昭睿顺圣","0","2","2"
"给徽仁裕圣皇后","0","2","2"
"派遣署理太尉兀","0","2","2"
"遣署理太尉兀都","0","2","2"
"署理太尉兀都带","0","2","2"
"前来贡献地方特","0","2","2"
"来贡献地方特产","0","2","2"
"赐给钱钞一万锭","0","2","2"
"高丽国王王日巨","0","2","2"
"白银七千五百两","0","2","2"
"中书省共同商议","0","2","2"
"令翰林国史院修","0","2","2"
"太阴星掩蔽土星","0","2","2"
"采纳帝师的建议","0","2","2"
"死刑的罪囚三十","0","2","2"
"太阴星干犯土星","0","2","2"
"在大圣寿万安寺","0","2","2"
"任命江浙行省平","0","2","2"
"为鲁国大长公主","0","2","2"
"省平章政事也先","0","2","2"
"增加结余的盐钞","0","2","2"
"加结余的盐钞钱","0","2","2"
"为广西两江道宣","0","2","2"
"神主附祭于太庙","0","2","2"
"年十二月十九日","0","2","2"
"对中书省官员说","0","2","2"
"知枢密院事官员","0","2","2"
"阴星凌犯轩辕御","0","2","2"
"星凌犯轩辕御女","0","2","2"
"太阴星凌犯酒旗","0","2","2"
"伟大的太祖皇帝","0","2","2"
"皇太后在兴圣宫","0","2","2"
"派遣知枢密院事","0","2","2"
"密院事也儿吉尼","0","2","2"
"都总管府隶属于","0","2","2"
"丞相也先铁木儿","0","2","2"
"调发粮食五千石","0","2","2"
"只儿哈郎为中书","0","2","2"
"已故皇帝谥号于","0","2","2"
"故皇帝谥号于南","0","2","2"
"皇帝谥号于南郊","0","2","2"
"密院事铁木儿脱","0","2","2"
"不花知枢密院事","0","2","2"
"太阴星凌犯垒壁","0","2","2"
"阴星凌犯垒壁阵","0","2","2"
"太阴星凌犯昴宿","0","2","2"
"给予钱钞十五万","0","2","2"
"赐予公主扎牙八","0","2","2"
"予公主扎牙八剌","0","2","2"
"钱钞七万五千贯","0","2","2"
"星凌犯太微垣右","0","2","2"
"凌犯太微垣右执","0","2","2"
"流放于奴儿干地","0","2","2"
"太阴星凌犯鬼宿","0","2","2"
"在文德殿做佛事","0","2","2"
"太阴星凌犯井宿","0","2","2"
"因亲祀太庙礼完","0","2","2"
"亲祀太庙礼完成","0","2","2"
"火星凌犯垒壁阵","0","2","2"
"学士忽都鲁都儿","0","2","2"
"士忽都鲁都儿迷","0","2","2"
"因太皇太后加尊","0","2","2"
"太皇太后加尊号","0","2","2"
"皇太后加尊号礼","0","2","2"
"太后加尊号礼完","0","2","2"
"后加尊号礼完成","0","2","2"
"御大明殿接受百","0","2","2"
"大明殿接受百官","0","2","2"
"明殿接受百官朝","0","2","2"
"在回回司天监祭","0","2","2"
"土星相聚于奎宿","0","2","2"
"调发粮食十万石","0","2","2"
"官阶为荣禄大夫","0","2","2"
"减价出售予以赈","0","2","2"
"价出售予以赈济","0","2","2"
"凌犯鬼宿积尸气","0","2","2"
"太阴星凌犯虚梁","0","2","2"
"星凌犯太微垣左","0","2","2"
"凌犯太微垣左执","0","2","2"
"给予蒙古族子女","0","2","2"
"统领太祖四大斡","0","2","2"
"领太祖四大斡耳","0","2","2"
"祖四大斡耳朵及","0","2","2"
"四大斡耳朵及军","0","2","2"
"大斡耳朵及军马","0","2","2"
"儿为中书右丞相","0","2","2"
"倒剌沙为中书平","0","2","2"
"剌沙为中书平章","0","2","2"
"派遣使者祭祀海","0","2","2"
"遣使者祭祀海神","0","2","2"
"岑世兴派遣其弟","0","2","2"
"赐予已故监察御","0","2","2"
"予已故监察御史","0","2","2"
"已故监察御史观","0","2","2"
"书平章政事乃马","0","2","2"
"平章政事乃马台","0","2","2"
"章政事秃满迭儿","0","2","2"
"钱钞一万三千锭","0","2","2"
"铁木儿不花等人","0","2","2"
"赈济粮食三个月","0","2","2"
"路雨水伤害庄稼","0","2","2"
"太阴星凌犯土星","0","2","2"
"赈济平卖粮食不","0","2","2"
"怀王图帖睦尔出","0","2","2"
"王图帖睦尔出居","0","2","2"
"图帖睦尔出居于","0","2","2"
"帖睦尔出居于建","0","2","2"
"睦尔出居于建康","0","2","2"
"粮食一万五千石","0","2","2"
"木儿不花等人钱","0","2","2"
"儿不花等人钱钞","0","2","2"
"不花等人钱钞不","0","2","2"
"因国家财用不足","0","2","2"
"遣使者宣谕抚治","0","2","2"
"诸侯王不赛因派","0","2","2"
"侯王不赛因派遣","0","2","2"
"王不赛因派遣使","0","2","2"
"不赛因派遣使者","0","2","2"
"赛因派遣使者进","0","2","2"
"因派遣使者进贡","0","2","2"
"帝师处接受佛戒","0","2","2"
"金星凌犯垒壁阵","0","2","2"
"立仁宗为皇太子","0","2","2"
"左丞跃里帖木儿","0","2","2"
"翰林学士承旨不","0","2","2"
"林学士承旨不答","0","2","2"
"学士承旨不答失","0","2","2"
"士承旨不答失里","0","2","2"
"追尊皇妣亦乞烈","0","2","2"
"尊皇妣亦乞烈氏","0","2","2"
"皇妣亦乞烈氏为","0","2","2"
"妣亦乞烈氏为仁","0","2","2"
"亦乞烈氏为仁献","0","2","2"
"乞烈氏为仁献章","0","2","2"
"烈氏为仁献章圣","0","2","2"
"氏为仁献章圣皇","0","2","2"
"为仁献章圣皇后","0","2","2"
"右丞相燕铁木儿","0","2","2"
"命为中书右丞相","0","2","2"
"你们要把我的意","0","2","2"
"宗认为他说得有","0","2","2"
"帖木儿知枢密院","0","2","2"
"任命陕西行台御","0","2","2"
"命陕西行台御史","0","2","2"
"左丞相铁木儿补","0","2","2"
"丞相铁木儿补化","0","2","2"
"御史台官员以此","0","2","2"
"史台官员以此奏","0","2","2"
"台官员以此奏闻","0","2","2"
"承旨阿邻帖木儿","0","2","2"
"铁木儿补化等人","0","2","2"
"木儿补化等人以","0","2","2"
"儿补化等人以明","0","2","2"
"补化等人以明宗","0","2","2"
"化等人以明宗即","0","2","2"
"等人以明宗即皇","0","2","2"
"人以明宗即皇帝","0","2","2"
"以明宗即皇帝位","0","2","2"
"明宗即皇帝位之","0","2","2"
"宗即皇帝位之事","0","2","2"
"二十三所驿站钱","0","2","2"
"十三所驿站钱钞","0","2","2"
"文宗接受皇太子","0","2","2"
"宗接受皇太子之","0","2","2"
"接受皇太子之宝","0","2","2"
"卫军士六千人修","0","2","2"
"尊谥为翼献景孝","0","2","2"
"谥为翼献景孝皇","0","2","2"
"为翼献景孝皇帝","0","2","2"
"总管兵马于北方","0","2","2"
"管兵马于北方边","0","2","2"
"兵马于北方边地","0","2","2"
"兄弟迁徙流移于","0","2","2"
"宗正扎鲁忽赤阔","0","2","2"
"正扎鲁忽赤阔阔","0","2","2"
"扎鲁忽赤阔阔出","0","2","2"
"鲁忽赤阔阔出等","0","2","2"
"万户彻里帖木儿","0","2","2"
"任陕西行台御史","0","2","2"
"赐给镇南王铁木","0","2","2"
"给镇南王铁木儿","0","2","2"
"诸王也先帖木儿","0","2","2"
"知枢密院事也速","0","2","2"
"枢密院事也速台","0","2","2"
"密院事也速台儿","0","2","2"
"也速台儿知行枢","0","2","2"
"速台儿知行枢密","0","2","2"
"台儿知行枢密院","0","2","2"
"儿知行枢密院事","0","2","2"
"上都诸侯王忽剌","0","2","2"
"都诸侯王忽剌台","0","2","2"
"诸侯王忽剌台等","0","2","2"
"侯王忽剌台等人","0","2","2"
"王忽剌台等人率","0","2","2"
"忽剌台等人率兵","0","2","2"
"封燕铁木儿为太","0","2","2"
"燕铁木儿为太平","0","2","2"
"铁木儿为太平王","0","2","2"
"供奉祖宗神御殿","0","2","2"
"命令司天监祭星","0","2","2"
"脱木儿与辽东军","0","2","2"
"各道廉访司官员","0","2","2"
"和已故平章张王","0","2","2"
"已故平章张王圭","0","2","2"
"故平章张王圭的","0","2","2"
"平章张王圭的儿","0","2","2"
"章张王圭的儿子","0","2","2"
"令有关部门买马","0","2","2"
"派使者颁布诏书","0","2","2"
"使者颁布诏书于","0","2","2"
"帅不花帖木儿等","0","2","2"
"不花帖木儿等人","0","2","2"
"璐不花为御史中","0","2","2"
"不花为御史中丞","0","2","2"
"命令有关部门修","0","2","2"
"宗礻付祭于左昭","0","2","2"
"礻付祭于左昭第","0","2","2"
"十三人田地宅第","0","2","2"
"三人田地宅第赐","0","2","2"
"人田地宅第赐给","0","2","2"
"赐给西安王阿剌","0","2","2"
"给西安王阿剌忒","0","2","2"
"下诏晓谕廷臣说","0","2","2"
"居庸关以北地区","0","2","2"
"监察御史撒里不","0","2","2"
"察御史撒里不花","0","2","2"
"任命御史中丞王","0","2","2"
"命御史中丞王月","0","2","2"
"御史中丞王月璐","0","2","2"
"史中丞王月璐不","0","2","2"
"中丞王月璐不花","0","2","2"
"王月璐不花为太","0","2","2"
"月璐不花为太禧","0","2","2"
"璐不花为太禧使","0","2","2"
"鲁国大长公主钱","0","2","2"
"国大长公主钱钞","0","2","2"
"西域诸侯王燕只","0","2","2"
"域诸侯王燕只吉","0","2","2"
"诸侯王燕只吉台","0","2","2"
"献海东鹘于皇兄","0","2","2"
"被授予集贤侍讲","0","2","2"
"授予集贤侍讲学","0","2","2"
"予集贤侍讲学士","0","2","2"
"文宗临御大明殿","0","2","2"
"将此意著为法令","0","2","2"
"赈济平卖粮食一","0","2","2"
"济平卖粮食一万","0","2","2"
"诸侯王封地达鲁","0","2","2"
"侯王封地达鲁花","0","2","2"
"王封地达鲁花赤","0","2","2"
"州各县遭受兵祸","0","2","2"
"各县遭受兵祸的","0","2","2"
"江浙行省上言说","0","2","2"
"五千石予以赈济","0","2","2"
"予鲁国大长公主","0","2","2"
"平民遭受兵祸者","0","2","2"
"明宗皇后八不沙","0","2","2"
"幄殿举行除灾求","0","2","2"
"殿举行除灾求福","0","2","2"
"举行除灾求福的","0","2","2"
"行除灾求福的祭","0","2","2"
"除灾求福的祭祀","0","2","2"
"灾求福的祭祀活","0","2","2"
"求福的祭祀活动","0","2","2"
"按贪赃枉法罪论","0","2","2"
"贪赃枉法罪论处","0","2","2"
"隶属于隆祥总管","0","2","2"
"属于隆祥总管府","0","2","2"
"中书省臣上言说","0","2","2"
"路因旱灾发生饥","0","2","2"
"因旱灾发生饥荒","0","2","2"
"将山东河北蒙古","0","2","2"
"帖木儿不花为宣","0","2","2"
"木儿不花为宣让","0","2","2"
"儿不花为宣让王","0","2","2"
"于是派遣使者征","0","2","2"
"是派遣使者征召","0","2","2"
"派遣使者征召诸","0","2","2"
"大明的军队占领","0","2","2"
"大明军队占领广","0","2","2"
"当时武宗在北边","0","2","2"
"有尚为国子司业","0","2","2"
"使百姓安居乐业","0","2","2"
"尊皇太后为太皇","0","2","2"
"州二城百姓一万","0","2","2"
"安西王阿难答为","0","2","2"
"西王阿难答为帝","0","2","2"
"庆童为中书左丞","0","2","2"
"童为中书左丞相","0","2","2"
"世祖对左右侍臣","0","2","2"
"任四川行省左丞","0","2","2"
"为江东道宣慰使","0","2","2"
"不久拜为中书右","0","2","2"
"久拜为中书右丞","0","2","2"
"拜为中书右丞相","0","2","2"
"高丽王遣其子纟","0","2","2"
"丽王遣其子纟享","0","2","2"
"遣使向朝廷报捷","0","2","2"
"任命为中书右丞","0","2","2"
"随丞相伯颜渡江","0","2","2"
"拜延八都鲁奉命","0","2","2"
"延八都鲁奉命领","0","2","2"
"汪德臣建立利州","0","2","2"
"将王荣的妻子儿","0","2","2"
"王荣的妻子儿女","0","2","2"
"苫彻拔都儿与宋","0","2","2"
"剌亦哈赤北鲁的","0","2","2"
"御史大夫月鲁那","0","2","2"
"后改任陕西行台","0","2","2"
"听取了他的意见","0","2","2"
"为同佥行枢密院","0","2","2"
"世荣所任用的人","0","2","2"
"大政方针的制定","0","2","2"
"世祖采纳了这个","0","2","2"
"祖采纳了这个建","0","2","2"
"采纳了这个建议","0","2","2"
"阿蓝答儿自和林","0","2","2"
"御史台和按察司","0","2","2"
"至元十二年正月","0","2","2"
"贾似道遣宋京来","0","2","2"
"夏贵以战舰二千","0","2","2"
"贵以战舰二千五","0","2","2"
"以战舰二千五百","0","2","2"
"与丞相伯颜会师","0","2","2"
"州人民起兵反元","0","2","2"
"升为镇国上将军","0","2","2"
"入朝为中书平章","0","2","2"
"朝为中书平章政","0","2","2"
"太祖起兵于北方","0","2","2"
"为湖北道宣慰使","0","2","2"
"升为怀远大将军","0","2","2"
"任陕西汉中道肃","0","2","2"
"奕赫抵雅尔丁说","0","2","2"
"奕赫抵雅尔丁认","0","2","2"
"赫抵雅尔丁认为","0","2","2"
"升为翰林侍讲学","0","2","2"
"起用为吏部尚书","0","2","2"
"他为同知枢密院","0","2","2"
"升为中书平章政","0","2","2"
"为佥书枢密院事","0","2","2"
"又加开府仪同三","0","2","2"
"任南台御史大夫","0","2","2"
"宣让王帖木儿不","0","2","2"
"让王帖木儿不花","0","2","2"
"派他出京为河南","0","2","2"
"他出京为河南行","0","2","2"
"出京为河南行省","0","2","2"
"京为河南行省左","0","2","2"
"吏部尚书亻契哲","0","2","2"
"部尚书亻契哲笃","0","2","2"
"任奎章阁学士院","0","2","2"
"任大宗正府也可","0","2","2"
"大宗正府也可扎","0","2","2"
"宗正府也可扎鲁","0","2","2"
"正府也可扎鲁火","0","2","2"
"府也可扎鲁火赤","0","2","2"
"调任江西行省左","0","2","2"
"任江西行省左丞","0","2","2"
"贬御史大夫懿怜","0","2","2"
"像这样则御史台","0","2","2"
"则御史台的纲纪","0","2","2"
"河南人民起义反","0","2","2"
"南人民起义反元","0","2","2"
"起用为江浙行省","0","2","2"
"用为江浙行省参","0","2","2"
"升为陕西汉中道","0","2","2"
"任命为枢密副使","0","2","2"
"升为同知枢密院","0","2","2"
"为淮南行省左丞","0","2","2"
"为辽阳行省左丞","0","2","2"
"因出身于官宦之","0","2","2"
"出身于官宦之家","0","2","2"
"身于官宦之家而","0","2","2"
"为淮南行省平章","0","2","2"
"任云南行省右丞","0","2","2"
"太不花为河南行","0","2","2"
"不花为河南行省","0","2","2"
"刘哈剌不花那里","0","2","2"
"不敢再说什么了","0","2","2"
"调任江浙行省平","0","2","2"
"孛罗帖木儿进入","0","2","2"
"孛罗帖木儿大恐","0","2","2"
"现在又失去姚伯","0","2","2"
"在又失去姚伯颜","0","2","2"
"理中书平章政事","0","2","2"
"拜江南行台监察","0","2","2"
"改为江浙行省左","0","2","2"
"任河东道廉访使","0","2","2"
"木迭儿复为丞相","0","2","2"
"调任浙西廉访使","0","2","2"
"大宗正府也可札","0","2","2"
"宗正府也可札鲁","0","2","2"
"出京任湖广行省","0","2","2"
"州人民起义反元","0","2","2"
"为江南行御史台","0","2","2"
"调任信州路总管","0","2","2"
"任大都路达鲁花","0","2","2"
"出京任江浙行省","0","2","2"
"木儿为平章政事","0","2","2"
"太宗采纳了他的","0","2","2"
"宗还是犹豫不定","0","2","2"
"乃马真皇后三年","0","2","2"
"金将武仙占据真","0","2","2"
"将武仙占据真定","0","2","2"
"太祖崩后第二年","0","2","2"
"木华黎上报其功","0","2","2"
"缴获战舰千余艘","0","2","2"
"采纳了他的建议","0","2","2"
"父职为行军千户","0","2","2"
"在攻樊城的战斗","0","2","2"
"攻樊城的战斗中","0","2","2"
"授他为荣禄大夫","0","2","2"
"李王在济南反叛","0","2","2"
"至元十七年二月","0","2","2"
"任辽阳行省右丞","0","2","2"
"大战于三槽山之","0","2","2"
"金哀宗迁都蔡州","0","2","2"
"这些人后来多成","0","2","2"
"第二年世祖即位","0","2","2"
"文炳为山东东路","0","2","2"
"他以中书左丞之","0","2","2"
"拜江西行省左丞","0","2","2"
"左丞之职行大名","0","2","2"
"丞之职行大名等","0","2","2"
"之职行大名等路","0","2","2"
"职行大名等路宣","0","2","2"
"选贵族子弟进行","0","2","2"
"贵族子弟进行教","0","2","2"
"族子弟进行教育","0","2","2"
"中统元年世祖即","0","2","2"
"为集贤大学士兼","0","2","2"
"集贤大学士兼国","0","2","2"
"贤大学士兼国子","0","2","2"
"病请求回归家乡","0","2","2"
"朝廷派大军征讨","0","2","2"
"拜为翰林直学士","0","2","2"
"任佥河北河南道","0","2","2"
"葛郎国王哈只葛","0","2","2"
"郎国王哈只葛当","0","2","2"
"严厉地绳之以法","0","2","2"
"阿合马之子忽辛","0","2","2"
"合马之子忽辛为","0","2","2"
"忽辛为中书右丞","0","2","2"
"为陕西汉中道提","0","2","2"
"左司郎中周寅戈","0","2","2"
"开始说他能使百","0","2","2"
"世祖看了这个奏","0","2","2"
"祖看了这个奏章","0","2","2"
"拜为集贤大学士","0","2","2"
"请求解除他的职","0","2","2"
"求解除他的职务","0","2","2"
"大都路总管兼大","0","2","2"
"都路总管兼大兴","0","2","2"
"路总管兼大兴府","0","2","2"
"得到很好的治理","0","2","2"
"回京任国子司业","0","2","2"
"奉诏至江南求贤","0","2","2"
"以德性修养为本","0","2","2"
"因病请求辞职归","0","2","2"
"病请求辞职归家","0","2","2"
"为皇帝讲解经史","0","2","2"
"为翰林国史院编","0","2","2"
"任应奉翰林文字","0","2","2"
"有真才实学的人","0","2","2"
"与中书平章政事","0","2","2"
"彧又同御史大夫","0","2","2"
"又同御史大夫玉","0","2","2"
"御史台与中书省","0","2","2"
"相威举荐了叶李","0","2","2"
"以莫须有的罪名","0","2","2"
"至元二十九年二","0","2","2"
"州路总管府同知","0","2","2"
"集贤学士兼国子","0","2","2"
"贤学士兼国子祭","0","2","2"
"灾异发生的原因","0","2","2"
"铁木迭儿为太师","0","2","2"
"别薛为参知行省","0","2","2"
"薛为参知行省政","0","2","2"
"为参知行省政事","0","2","2"
"仁宗入朝平定内","0","2","2"
"宗入朝平定内难","0","2","2"
"铁木迭儿的儿子","0","2","2"
"江南行御史台与","0","2","2"
"与宰相意见不合","0","2","2"
"为左右司员外郎","0","2","2"
"改任中书左司都","0","2","2"
"参议中书省的事","0","2","2"
"征召为御史台属","0","2","2"
"召为御史台属官","0","2","2"
"琐咬儿哈的迷失","0","2","2"
"年授江浙行省参","0","2","2"
"不久又兼国子祭","0","2","2"
"久又兼国子祭酒","0","2","2"
"妥欢帖穆尔太子","0","2","2"
"有学问能写文章","0","2","2"
"召入朝参议中书","0","2","2"
"入朝参议中书省","0","2","2"
"召集大臣们议论","0","2","2"
"进京任翰林国史","0","2","2"
"京任翰林国史院","0","2","2"
"任翰林国史院编","0","2","2"
"已故皇帝灵位牌","0","2","2"
"任湖广参知政事","0","2","2"
"任集贤侍讲学士","0","2","2"
"任中书左司郎中","0","2","2"
"夫也先帖木儿说","0","2","2"
"年调任国子博士","0","2","2"
"袭击答失八都鲁","0","2","2"
"任同知枢密院事","0","2","2"
"任陕西行台监察","0","2","2"
"孛罗帖木儿率兵","0","2","2"
"日与你同朝办事","0","2","2"
"与你同朝办事的","0","2","2"
"脉在一呼一吸间","0","2","2"
"官阶金紫光禄大","0","2","2"
"御史大夫老的沙","0","2","2"
"派人向世祖报告","0","2","2"
"监察御史到省部","0","2","2"
"阿鲁辉帖木儿承","0","2","2"
"鲁辉帖木儿承袭","0","2","2"
"阿鲁辉帖木儿军","0","2","2"
"治书侍御史琐南","0","2","2"
"命孛罗帖木儿为","0","2","2"
"孛罗帖木儿的部","0","2","2"
"秃坚帖木儿及老","0","2","2"
"坚帖木儿及老的","0","2","2"
"帖木儿及老的沙","0","2","2"
"国王的书信催促","0","2","2"
"王的书信催促高","0","2","2"
"的书信催促高丽","0","2","2"
"帝赐礻直玉带一","0","2","2"
"赐礻直玉带一条","0","2","2"
"王礻直亲自来京","0","2","2"
"礻直亲自来京朝","0","2","2"
"其枢密院副使宋","0","2","2"
"到达日本便回来","0","2","2"
"达日本便回来了","0","2","2"
"礻直遣世子忄甚","0","2","2"
"直遣世子忄甚入","0","2","2"
"遣世子忄甚入朝","0","2","2"
"高丽枢密院副使","0","2","2"
"朝廷诏告王礻直","0","2","2"
"通事别将徐翶导","0","2","2"
"事别将徐翶导送","0","2","2"
"王日巨遣使入贡","0","2","2"
"同意了他们的请","0","2","2"
"意了他们的请求","0","2","2"
"为安南达鲁花赤","0","2","2"
"日火亘遣范明字","0","2","2"
"给镇南王及行省","0","2","2"
"命乌马儿率水兵","0","2","2"
"国王孛由补剌者","0","2","2"
"王孛由补剌者吾","0","2","2"
