"N-gram","元史","元史翻译","Total"
"高丽国王王礻直派遣","0","24","24"
"西安王阿剌忒纳失里","11","11","22"
"太阴星干犯井宿天区","0","21","21"
"太阴星干犯毕宿天区","0","19","19"
"国王王礻直派遣他的","0","16","16"
"丽国王王礻直派遣他","0","15","15"
"等处行中书省平章政","6","7","13"
"处行中书省平章政事","6","7","13"
"全年判处死刑的罪犯","0","12","12"
"派遣使臣代表皇帝祭","0","11","11"
"遣使臣代表皇帝祭祀","0","11","11"
"使臣代表皇帝祭祀五","0","11","11"
"翊侍卫亲军都指挥使","5","5","10"
"江南行台治书侍御史","5","5","10"
"国王王礻直派遣使臣","0","10","10"
"丽国王王礻直派遣使","0","9","9"
"太阴星干犯房宿天区","0","9","9"
"太阴星干犯鬼宿天区","0","9","9"
"忠翊侍卫亲军都指挥","4","4","8"
"侍卫亲军都指挥使司","4","4","8"
"南江北等处行中书省","4","4","8"
"陕西汉中道提刑按察","4","4","8"
"陕西汉中道肃政廉访","4","4","8"
"为江浙行省平章政事","0","8","8"
"太阴星干犯轩辕星座","0","8","8"
"臣代表皇帝祭祀五岳","0","8","8"
"高丽国王王贝春派遣","0","8","8"
"太阴星干犯斗宿天区","0","7","7"
"年判处死刑的罪犯共","0","7","7"
"太阴星干犯氐宿天区","0","7","7"
"仪天兴圣慈仁昭懿寿","3","3","6"
"天兴圣慈仁昭懿寿元","3","3","6"
"河南江北等处行中书","3","3","6"
"山北辽东道提刑按察","3","3","6"
"燕南河北道肃政廉访","3","3","6"
"山南江北道肃政廉访","3","3","6"
"湖广行省左右司郎中","3","3","6"
"河北西路兵马都元帅","3","3","6"
"荧惑犯太微西垣上将","6","0","6"
"贞懿顺圣昭天睿文光","3","3","6"
"懿顺圣昭天睿文光应","3","3","6"
"顺圣昭天睿文光应皇","3","3","6"
"圣昭天睿文光应皇后","3","3","6"
"翰林学士承旨撒里蛮","2","4","6"
"山东东西道提刑按察","3","3","6"
"浙东道宣慰使都元帅","3","3","6"
"河北河南道提刑按察","3","3","6"
"陕西行台治书侍御史","3","3","6"
"在太庙举行祭祀大典","0","6","6"
"皇帝的车驾临幸上都","0","6","6"
"御史大夫玉速帖木儿","0","6","6"
"太阴星干犯亢宿天区","0","6","6"
"御史大夫也先帖木儿","0","6","6"
"皇太子爱猷识理达腊","3","2","5"
"右卫阿速亲军都指挥","3","2","5"
"卫阿速亲军都指挥使","3","2","5"
"江西等处行中书省参","3","2","5"
"西等处行中书省参知","3","2","5"
"等处行中书省参知政","3","2","5"
"处行中书省参知政事","3","2","5"
"安南国王陈光昞遣使","5","0","5"
"翰林学士承旨阿邻帖","3","2","5"
"林学士承旨阿邻帖木","3","2","5"
"任江浙行省平章政事","0","5","5"
"任河南行省平章政事","0","5","5"
"皇上的车驾从上都来","0","5","5"
"上的车驾从上都来到","0","5","5"
"皇上的车驾临幸上都","0","5","5"
"安南国王陈光日丙派","0","5","5"
"南国王陈光日丙派遣","0","5","5"
"国王陈光日丙派遣使","0","5","5"
"王陈光日丙派遣使臣","0","5","5"
"派遣使臣来进贡地方","0","5","5"
"遣使臣来进贡地方特","0","5","5"
"使臣来进贡地方特产","0","5","5"
"太白金星干犯斗宿天","0","5","5"
"白金星干犯斗宿天区","0","5","5"
"丽国王王贝春派遣他","0","5","5"
"国王王贝春派遣他的","0","5","5"
"为河南行省平章政事","0","5","5"
"为江浙行省参知政事","0","5","5"
"为江南行台监察御史","0","5","5"
"河南等路宣慰使合剌","2","2","4"
"南等路宣慰使合剌合","2","2","4"
"等路宣慰使合剌合孙","2","2","4"
"河南河北道提刑按察","2","2","4"
"湖广等处行中书省平","2","2","4"
"广等处行中书省平章","2","2","4"
"海北海南道肃政廉访","2","2","4"
"江浙行省参知政事张","2","2","4"
"赐西安王阿剌忒纳失","4","0","4"
"同知枢密院事脱脱木","2","2","4"
"曰仪天兴圣慈仁昭懿","3","1","4"
"兴圣慈仁昭懿寿元全","2","2","4"
"圣慈仁昭懿寿元全德","2","2","4"
"慈仁昭懿寿元全德泰","2","2","4"
"仁昭懿寿元全德泰宁","2","2","4"
"昭懿寿元全德泰宁福","2","2","4"
"懿寿元全德泰宁福庆","2","2","4"
"荆湖占城等处行中书","2","2","4"
"滁州万户府达鲁花赤","2","2","4"
"江南诸道行台御史大","2","2","4"
"南诸道行台御史大夫","2","2","4"
"江北等处行中书省平","2","2","4"
"北等处行中书省平章","2","2","4"
"河东山西道提刑按察","2","2","4"
"东山西道提刑按察司","2","2","4"
"湖北道提刑按察副使","2","2","4"
"西汉中道提刑按察司","2","2","4"
"江南湖北道肃政廉访","2","2","4"
"南江北道肃政廉访使","2","2","4"
"行御史台治书侍御史","2","2","4"
"东西道提刑按察使何","2","2","4"
"西道提刑按察使何荣","2","2","4"
"道提刑按察使何荣祖","2","2","4"
"海道运粮万户张文虎","2","2","4"
"右丞相史天泽监修国","2","2","4"
"山东统军副使王仲仁","2","2","4"
"淄莱路总管府判官徐","2","2","4"
"莱路总管府判官徐世","2","2","4"
"路总管府判官徐世雄","2","2","4"
"皇女忽都鲁揭里迷失","2","2","4"
"女忽都鲁揭里迷失下","2","2","4"
"忽都鲁揭里迷失下嫁","2","2","4"
"北辽东道提刑按察使","2","2","4"
"东川副都元帅张德润","2","2","4"
"燕南河北道提刑按察","2","2","4"
"南河北道提刑按察司","2","2","4"
"宪天述道仁文义武大","2","2","4"
"天述道仁文义武大光","2","2","4"
"述道仁文义武大光孝","2","2","4"
"道仁文义武大光孝皇","2","2","4"
"仁文义武大光孝皇帝","2","2","4"
"行中书省右丞相伯颜","2","2","4"
"江东道宣慰使阿剌罕","2","2","4"
"江东道宣慰使吕文焕","1","3","4"
"同知大都路总管府事","3","1","4"
"蒙古侍卫亲军都指挥","2","2","4"
"古侍卫亲军都指挥使","2","2","4"
"征东行中书省左丞相","2","2","4"
"诸路金玉人匠总管府","2","2","4"
"翰林学士承旨留梦炎","2","2","4"
"南河北道肃政廉访使","2","2","4"
"前中书平章政事李孟","2","2","4"
"太玄辅化体仁应道大","2","2","4"
"玄辅化体仁应道大真","2","2","4"
"辅化体仁应道大真人","2","2","4"
"中书平章政事塔失海","2","2","4"
"遥授沿边溪洞军民安","2","2","4"
"授沿边溪洞军民安抚","2","2","4"
"沿边溪洞军民安抚使","2","2","4"
"遣翰林学士承旨阿邻","2","2","4"
"翰林学士承旨斡耳朵","2","2","4"
"隆镇卫指挥使斡都蛮","2","2","4"
"山东河北蒙古军大都","2","2","4"
"东河北蒙古军大都督","2","2","4"
"河北蒙古军大都督府","2","2","4"
"州路总管府达鲁花赤","2","2","4"
"江东建康道肃政廉访","2","2","4"
"佥河北河南道提刑按","2","2","4"
"北河南道提刑按察司","2","2","4"
"河南道提刑按察司事","2","2","4"
"江淮行中书省参知政","2","2","4"
"淮行中书省参知政事","2","2","4"
"西汉中道肃政廉访使","2","2","4"
"四川道提刑按察司事","2","2","4"
"江浙行中书省参知政","2","2","4"
"浙行中书省参知政事","2","2","4"
"河南行省左右司郎中","2","2","4"
"擢江南行台监察御史","4","0","4"
"江西行省左右司郎中","2","2","4"
"派遣使臣奉上表章前","0","4","4"
"遣使臣奉上表章前来","0","4","4"
"王王礻直派遣使臣前","0","4","4"
"王礻直派遣使臣前来","0","4","4"
"赐给高丽国王王礻直","0","4","4"
"按照每年的常例赐给","0","4","4"
"高丽国王王礻直前来","0","4","4"
"太白金星干犯轩辕座","0","4","4"
"太阴星干犯心宿天区","0","4","4"
"荧惑星干犯太微西垣","0","4","4"
"高丽国王的世子王忄","0","4","4"
"丽国王的世子王忄甚","0","4","4"
"的车驾从上都来到京","0","4","4"
"车驾从上都来到京师","0","4","4"
"高丽国王王忄甚派遣","0","4","4"
"车驾从上都抵达京师","0","4","4"
"皇帝在京师的近郊狩","0","4","4"
"帝在京师的近郊狩猎","0","4","4"
"担任中书省平章政事","0","4","4"
"太阴星干犯牛宿天区","0","4","4"
"升为江南行台监察御","0","4","4"
"钦察卫亲军都指挥使","1","2","3"
"知枢密院事秃哈帖木","3","0","3"
"生皇太子爱猷识理达","2","1","3"
"尊号曰仪天兴圣慈仁","2","1","3"
"号曰仪天兴圣慈仁昭","2","1","3"
"迁四川行省参知政事","2","1","3"
"都指挥使司达鲁花赤","2","1","3"
"翼侍卫亲军都指挥使","1","2","3"
"人匠总管府达鲁花赤","2","1","3"
"山东西道提刑按察使","1","2","3"
"左右卫阿速亲军都指","2","1","3"
"金右副元帅蒲察七斤","2","1","3"
"天倪河北西路兵马都","3","0","3"
"倪河北西路兵马都元","3","0","3"
"世祖圣德神功文武皇","2","1","3"
"祖圣德神功文武皇帝","2","1","3"
"江淮诸翼军马经略使","2","1","3"
"丞相史天泽监修国史","2","1","3"
"滨棣路安抚使韩世安","1","2","3"
"高丽国王王禃遣使贡","3","0","3"
"南国王陈光昞遣使贡","3","0","3"
"陕西五路西蜀四川行","2","1","3"
"西京属城诸达鲁花赤","2","1","3"
"翰林学士承旨礼霍孙","3","0","3"
"高丽军民总管洪茶丘","2","1","3"
"江淮行中书省平章政","1","2","3"
"淮行中书省平章政事","1","2","3"
"集贤大学士阿鲁浑撒","2","1","3"
"贤大学士阿鲁浑撒里","2","1","3"
"右丞阿剌浑撒里升平","2","1","3"
"丞阿剌浑撒里升平章","2","1","3"
"阿剌浑撒里升平章政","2","1","3"
"剌浑撒里升平章政事","2","1","3"
"管内听行尚书省节制","3","0","3"
"东东西道提刑按察使","2","1","3"
"巩昌等二十四处便宜","1","2","3"
"四川行省平章政事赵","2","1","3"
"川行省平章政事赵世","2","1","3"
"行省平章政事赵世延","2","1","3"
"书平章政事塔失海牙","1","2","3"
"命湖广行省左丞乞住","1","2","3"
"中书平章政事哈八秃","3","0","3"
"东路蒙古元帅花帖木","3","0","3"
"提刑按察司改肃政廉","2","1","3"
"刑按察司改肃政廉访","2","1","3"
"按察司改肃政廉访司","2","1","3"
"战舰二千五百艘横亘","2","1","3"
"舰二千五百艘横亘江","2","1","3"
"二千五百艘横亘江中","2","1","3"
"丞相哈剌哈孙答剌罕","1","2","3"
"蒙古汉军兵马都元帅","2","1","3"
"行大名等路宣抚司事","1","2","3"
"同御史大夫玉昔帖木","1","2","3"
"授江浙行省参知政事","1","2","3"
"命江浙行省平章政事","1","2","3"
"秘书监赵良弼充国信","2","1","3"
"书监赵良弼充国信使","2","1","3"
"皇帝在京师近郊行猎","0","3","3"
"为陕西行台御史大夫","0","3","3"
"知枢密院事秃儿哈帖","0","3","3"
"枢密院事秃儿哈帖木","0","3","3"
"密院事秃儿哈帖木儿","0","3","3"
"任湖广行省左右司郎","0","3","3"
"武德将军统领王国昌","0","3","3"
"武略将军副统领刘杰","0","3","3"
"史天倪为河北西路兵","0","3","3"
"天倪为河北西路兵马","0","3","3"
"倪为河北西路兵马都","0","3","3"
"为河北西路兵马都元","0","3","3"
"带花纹的绸缎三百匹","0","3","3"
"派遣他的世子王忄甚","0","3","3"
"王王礻直派遣他的使","0","3","3"
"王礻直派遣他的使臣","0","3","3"
"在太庙举行祭祀典礼","0","3","3"
"太阴星干犯昴宿天区","0","3","3"
"丽国王王礻直前来朝","0","3","3"
"国王王礻直前来朝见","0","3","3"
"王王礻直派遣他的弟","0","3","3"
"王礻直派遣他的弟弟","0","3","3"
"等路代理处置中书省","0","3","3"
"路代理处置中书省事","0","3","3"
"代理处置中书省事务","0","3","3"
"王王礻直派遣他的大","0","3","3"
"前来恭贺皇上的寿诞","0","3","3"
"来恭贺皇上的寿诞佳","0","3","3"
"恭贺皇上的寿诞佳节","0","3","3"
"陈光日丙派遣使臣前","0","3","3"
"光日丙派遣使臣前来","0","3","3"
"星干犯太微西垣天区","0","3","3"
"干犯太微西垣天区的","0","3","3"
"犯太微西垣天区的上","0","3","3"
"太微西垣天区的上将","0","3","3"
"微西垣天区的上将星","0","3","3"
"西垣天区的上将星官","0","3","3"
"翰林学士承旨和礼霍","0","3","3"
"林学士承旨和礼霍孙","0","3","3"
"丽国王王忄甚派遣他","0","3","3"
"国王王忄甚派遣他的","0","3","3"
"宋朝淮东制置使李庭","0","3","3"
"朝淮东制置使李庭芝","0","3","3"
"太白金星干犯井宿天","0","3","3"
"白金星干犯井宿天区","0","3","3"
"的车驾从上都抵达京","0","3","3"
"阴星干犯轩辕星座的","0","3","3"
"战死者不同数额的银","0","3","3"
"死者不同数额的银两","0","3","3"
"道提刑按察司的治所","0","3","3"
"提刑按察司的治所迁","0","3","3"
"佥议中赞金方庆前来","0","3","3"
"议中赞金方庆前来恭","0","3","3"
"中赞金方庆前来恭贺","0","3","3"
"赞金方庆前来恭贺新","0","3","3"
"金方庆前来恭贺新年","0","3","3"
"安南国的世子陈日火","0","3","3"
"诸侯王只必帖木儿请","0","3","3"
"侯王只必帖木儿请求","0","3","3"
"判处死刑的罪犯共二","0","3","3"
"太白金星干犯右执法","0","3","3"
"白金星干犯右执法星","0","3","3"
"太白金星干犯左执法","0","3","3"
"白金星干犯左执法星","0","3","3"
"臣代表皇帝祭祀五大","0","3","3"
"代表皇帝祭祀五大山","0","3","3"
"广东宣慰使月的迷失","0","3","3"
"太白金星干犯房宿天","0","3","3"
"白金星干犯房宿天区","0","3","3"
"安南国王陈日火亘派","0","3","3"
"南国王陈日火亘派遣","0","3","3"
"太白金星干犯鬼宿天","0","3","3"
"白金星干犯鬼宿天区","0","3","3"
"为江西行省平章政事","0","3","3"
"中书平章政事哈八儿","0","3","3"
"书平章政事哈八儿秃","0","3","3"
"为江南行台御史大夫","0","3","3"
"东路蒙古元帅不花帖","0","3","3"
"路蒙古元帅不花帖木","0","3","3"
"蒙古元帅不花帖木儿","0","3","3"
"任江南行台治书侍御","0","3","3"
"为同知太常礼仪院事","0","3","3"
"任淮南行省平章政事","0","3","3"
"御史大夫玉昔帖木儿","0","3","3"
"提升为江南行台监察","0","3","3"
"时佥枢密院事燕铁木","1","1","2"
"立诸路洞冶都总管府","1","1","2"
"立西蜀四川监榷茶场","1","1","2"
"西蜀四川监榷茶场使","1","1","2"
"蜀四川监榷茶场使司","1","1","2"
"命陕西等路宣抚使赵","1","1","2"
"陕西等路宣抚使赵良","1","1","2"
"西等路宣抚使赵良弼","1","1","2"
"行中书省分遣淮西行","1","1","2"
"中书省分遣淮西行枢","1","1","2"
"书省分遣淮西行枢密","1","1","2"
"省分遣淮西行枢密院","1","1","2"
"淮东左副都元帅阿里","1","1","2"
"南河北道提刑按察使","1","1","2"
"河北道提刑按察使迷","1","1","2"
"北道提刑按察使迷里","1","1","2"
"道提刑按察使迷里忽","1","1","2"
"提刑按察使迷里忽辛","1","1","2"
"置江淮等路都转运盐","1","1","2"
"江淮等路都转运盐使","1","1","2"
"淮等路都转运盐使司","1","1","2"
"江淮榷茶都转运使司","1","1","2"
"渊圣广源王加封善佑","1","1","2"
"灵济昭应王加封广惠","1","1","2"
"等五百二十九人羊马","1","1","2"
"安抚使王阿济同万户","1","1","2"
"抚使王阿济同万户昝","1","1","2"
"使王阿济同万户昝坤","1","1","2"
"王阿济同万户昝坤招","1","1","2"
"牙信合八剌麻合迭瓦","1","1","2"
"甘肃行省左丞麦术丁","1","1","2"
"行御史台御史中丞张","1","1","2"
"御史台御史中丞张雄","1","1","2"
"史台御史中丞张雄飞","1","1","2"
"北京提刑按察司副使","1","1","2"
"立上都等路群牧都转","1","1","2"
"上都等路群牧都转运","1","1","2"
"都等路群牧都转运使","1","1","2"
"等路群牧都转运使司","1","1","2"
"诸路常平盐铁坑冶都","1","1","2"
"路常平盐铁坑冶都转","1","1","2"
"常平盐铁坑冶都转运","1","1","2"
"立临安广西道宣抚司","1","1","2"
"必哥等考核云南行省","1","1","2"
"安南行中书省左丞相","1","1","2"
"立钦察卫亲军都指挥","1","1","2"
"察卫亲军都指挥使司","1","1","2"
"广东转运市舶提举司","1","1","2"
"置江南四省交钞提举","1","1","2"
"江南四省交钞提举司","1","1","2"
"济宁二千一百五十四","1","1","2"
"宁二千一百五十四石","1","1","2"
"安南国王陈益稷遥授","1","1","2"
"南国王陈益稷遥授湖","1","1","2"
"国王陈益稷遥授湖广","1","1","2"
"王陈益稷遥授湖广等","1","1","2"
"陈益稷遥授湖广等处","1","1","2"
"益稷遥授湖广等处行","1","1","2"
"稷遥授湖广等处行中","1","1","2"
"遥授湖广等处行中书","1","1","2"
"授湖广等处行中书省","1","1","2"
"免屯田租一万二千八","1","1","2"
"屯田租一万二千八百","1","1","2"
"田租一万二千八百一","1","1","2"
"租一万二千八百一十","1","1","2"
"选湖南道宣慰副使梁","1","1","2"
"翰林国史院编修官陈","1","1","2"
"林国史院编修官陈孚","1","1","2"
"万一千九百七十七石","1","1","2"
"立海北海南道肃政廉","1","1","2"
"北海南道肃政廉访司","1","1","2"
"立诸色户计诸总管府","1","1","2"
"云南行省左丞杨炎龙","1","1","2"
"立云州银场都提举司","1","1","2"
"江浙行省左丞相黑驴","1","1","2"
"陕西行省平章政事赵","1","1","2"
"西行省平章政事赵世","1","1","2"
"行省平章政事赵世荣","1","1","2"
"江西行省右丞木八剌","1","1","2"
"中统钞二百五十万贯","1","1","2"
"江南浙西道廉访使薛","1","1","2"
"南浙西道廉访使薛处","1","1","2"
"浙西道廉访使薛处敬","1","1","2"
"中都威卫忠翊侍卫亲","2","0","2"
"都威卫忠翊侍卫亲军","2","0","2"
"威卫忠翊侍卫亲军都","2","0","2"
"卫忠翊侍卫亲军都指","2","0","2"
"元十三年十月二十九","1","1","2"
"十三年十月二十九日","1","1","2"
"皇妣晋王妃曰宣懿淑","1","1","2"
"妣晋王妃曰宣懿淑圣","1","1","2"
"晋王妃曰宣懿淑圣皇","1","1","2"
"王妃曰宣懿淑圣皇后","1","1","2"
"泰宁县五千户封买奴","1","1","2"
"置定王薛彻干总管府","1","1","2"
"四川行中书省平章政","1","1","2"
"川行中书省平章政事","1","1","2"
"行中书省平章政事囊","1","1","2"
"中书省平章政事囊加","1","1","2"
"书省平章政事囊加台","1","1","2"
"岭北行中书省左丞泼","1","1","2"
"北行中书省左丞泼皮","1","1","2"
"山东盐运司判官马合","1","1","2"
"东盐运司判官马合谟","1","1","2"
"江浙行省平章政事脱","1","1","2"
"浙行省平章政事脱欢","1","1","2"
"行省平章政事脱欢答","1","1","2"
"省平章政事脱欢答剌","1","1","2"
"平章政事脱欢答剌罕","1","1","2"
"章政事脱欢答剌罕升","1","1","2"
"御史大夫秃忽鲁加太","1","1","2"
"史大夫秃忽鲁加太保","1","1","2"
"诸王搠思班部战士四","1","1","2"
"王搠思班部战士四百","1","1","2"
"搠思班部战士四百人","1","1","2"
"思班部战士四百人征","1","1","2"
"大都河间等路都转运","1","1","2"
"都河间等路都转运盐","1","1","2"
"河间等路都转运盐使","1","1","2"
"间等路都转运盐使司","1","1","2"
"山东州县收养流民遗","1","1","2"
"东州县收养流民遗弃","1","1","2"
"州县收养流民遗弃子","1","1","2"
"县收养流民遗弃子女","1","1","2"
"湖广行省参知政事马","1","1","2"
"广行省参知政事马合","1","1","2"
"江东道廉访使朵列秃","1","1","2"
"同知枢密院事阿吉剌","1","1","2"
"山东宣慰使秃思帖木","1","1","2"
"遥授中书左丞相秃忽","1","1","2"
"授中书左丞相秃忽鲁","1","1","2"
"山北辽阳等路蒙古军","1","1","2"
"北辽阳等路蒙古军万","1","1","2"
"辽阳等路蒙古军万户","1","1","2"
"阳等路蒙古军万户孛","1","1","2"
"等路蒙古军万户孛罗","1","1","2"
"翰林侍讲学士教化等","1","1","2"
"中卫亲军都指挥使唐","1","1","2"
"卫亲军都指挥使唐兀","1","1","2"
"浙行省参知政事张友","1","1","2"
"行省参知政事张友谅","1","1","2"
"河南行省左丞相伯颜","1","1","2"
"福建廉访使易释董阿","1","1","2"
"江西行省平章政事秃","1","1","2"
"西行省平章政事秃坚","1","1","2"
"行省平章政事秃坚帖","1","1","2"
"省平章政事秃坚帖木","1","1","2"
"江浙行省右丞易释董","1","1","2"
"浙行省右丞易释董阿","1","1","2"
"显懿庄圣皇后神御殿","1","1","2"
"显灵义勇武安英济王","1","1","2"
"召云南行省左丞相吉","2","0","2"
"淮东宣慰司银字圆符","1","1","2"
"同知枢密院事彻里帖","1","1","2"
"知枢密院事彻里帖木","1","1","2"
"御史台赃罚钞三百锭","1","1","2"
"史台赃罚钞三百锭赐","1","1","2"
"礼部尚书八剌哈赤等","1","1","2"
"御史中丞史惟良沛县","1","1","2"
"辅成赞化保运神德真","1","1","2"
"成赞化保运神德真君","1","1","2"
"云南威楚路黄州土官","1","1","2"
"南威楚路黄州土官哀","1","1","2"
"威楚路黄州土官哀放","1","1","2"
"云南威楚路土官昵放","1","1","2"
"命中书左丞赵世安提","1","1","2"
"中书左丞赵世安提调","1","1","2"
"书左丞赵世安提调国","1","1","2"
"左丞赵世安提调国子","1","1","2"
"丞赵世安提调国子监","1","1","2"
"赵世安提调国子监学","1","1","2"
"牙连秃杰鲁迭所居鹰","1","1","2"
"连秃杰鲁迭所居鹰坊","1","1","2"
"秃杰鲁迭所居鹰坊八","1","1","2"
"杰鲁迭所居鹰坊八百","1","1","2"
"鲁迭所居鹰坊八百七","1","1","2"
"迭所居鹰坊八百七十","1","1","2"
"所居鹰坊八百七十户","1","1","2"
"居鹰坊八百七十户粮","1","1","2"
"宣慈惠圣皇后真哥侄","1","1","2"
"慈惠圣皇后真哥侄毓","1","1","2"
"惠圣皇后真哥侄毓德","1","1","2"
"圣皇后真哥侄毓德王","1","1","2"
"皇后真哥侄毓德王孛","1","1","2"
"后真哥侄毓德王孛罗","1","1","2"
"真哥侄毓德王孛罗帖","1","1","2"
"哥侄毓德王孛罗帖木","1","1","2"
"前锋三千人破金兵十","1","1","2"
"锋三千人破金兵十余","1","1","2"
"三千人破金兵十余万","1","1","2"
"皇太后尊号曰仪天兴","2","0","2"
"太后尊号曰仪天兴圣","2","0","2"
"后尊号曰仪天兴圣慈","2","0","2"
"寿元全德泰宁福庆皇","1","1","2"
"元全德泰宁福庆皇太","1","1","2"
"全德泰宁福庆皇太后","1","1","2"
"赠推忠宣力佐命功臣","1","1","2"
"赠推忠宣惠宁远功臣","1","1","2"
"岭北等处行中书省右","1","1","2"
"北等处行中书省右丞","1","1","2"
"追赠推诚宣力翊卫功","1","1","2"
"赠推忠协谋佐运功臣","1","1","2"
"诏赠宣忠同德弼亮功","1","1","2"
"赠宣忠同德弼亮功臣","1","1","2"
"赠推诚亮节崇德赞治","1","1","2"
"推诚亮节崇德赞治功","1","1","2"
"诚亮节崇德赞治功臣","1","1","2"
"湖占城等处行中书省","1","1","2"
"占城等处行中书省理","1","1","2"
"城等处行中书省理问","1","1","2"
"等处行中书省理问官","1","1","2"
"征行军万户府达鲁花","1","1","2"
"行军万户府达鲁花赤","1","1","2"
"赠推忠同德佐理功臣","1","1","2"
"云南诸路宣慰使都元","1","1","2"
"南诸路宣慰使都元帅","1","1","2"
"加赠推诚守正佐理翊","1","1","2"
"赠推诚守正佐理翊戴","1","1","2"
"推诚守正佐理翊戴功","1","1","2"
"诚守正佐理翊戴功臣","1","1","2"
"玉册玉宝上皇后弘吉","1","1","2"
"册玉宝上皇后弘吉剌","1","1","2"
"玉宝上皇后弘吉剌氏","1","1","2"
"加赠宣忠佐命开济翊","1","1","2"
"赠宣忠佐命开济翊戴","1","1","2"
"宣忠佐命开济翊戴功","1","1","2"
"忠佐命开济翊戴功臣","1","1","2"
"先本武平北折连川按","1","1","2"
"本武平北折连川按答","1","1","2"
"武平北折连川按答罕","1","1","2"
"平北折连川按答罕山","1","1","2"
"北折连川按答罕山部","1","1","2"
"折连川按答罕山部族","1","1","2"
"遣阿剌罕率诸翼军攻","1","1","2"
"阿剌罕率诸翼军攻郢","1","1","2"
"行同知沿江枢密院事","1","1","2"
"赠推忠守正佐理功臣","1","1","2"
"江西等处行中书省平","1","1","2"
"西等处行中书省平章","1","1","2"
"江西等处行枢密院副","1","1","2"
"西等处行枢密院副使","1","1","2"
"赠效忠宣力定远功臣","1","1","2"
"立东路蒙古军上万户","1","1","2"
"东路蒙古军上万户府","1","1","2"
"龙翊亲军都指挥使事","1","1","2"
"伯颜河南行省左丞相","2","0","2"
"特加伯颜银青荣禄大","1","1","2"
"加伯颜银青荣禄大夫","1","1","2"
"加伯颜昭功宣毅万户","1","1","2"
"斡罗思诸卫亲军都指","1","1","2"
"罗思诸卫亲军都指挥","1","1","2"
"思诸卫亲军都指挥使","1","1","2"
"阿速亲军都指挥使司","1","1","2"
"速亲军都指挥使司达","1","1","2"
"亲军都指挥使司达鲁","1","1","2"
"军都指挥使司达鲁花","1","1","2"
"八番宣抚司达鲁花赤","1","1","2"
"诏赠推诚定远宣忠亮","1","1","2"
"赠推诚定远宣忠亮节","1","1","2"
"推诚定远宣忠亮节功","1","1","2"
"诚定远宣忠亮节功臣","1","1","2"
"升四川行省平章政事","1","1","2"
"文宗建奎章阁学士院","1","1","2"
"丞相哈剌哈孙建议迎","1","1","2"
"相哈剌哈孙建议迎立","1","1","2"
"哈剌哈孙建议迎立武","1","1","2"
"剌哈孙建议迎立武宗","1","1","2"
"山北辽东道肃政廉访","1","1","2"
"北辽东道肃政廉访使","1","1","2"
"虎符唐兀亲军都指挥","1","1","2"
"符唐兀亲军都指挥使","1","1","2"
"加赠推忠翊运效节功","1","1","2"
"赠推忠翊运效节功臣","1","1","2"
"成都经略使总管万户","1","1","2"
"河南行尚书省平章政","1","1","2"
"南行尚书省平章政事","1","1","2"
"授山北辽东道提刑按","1","1","2"
"北辽东道提刑按察司","1","1","2"
"辽东道提刑按察司副","1","1","2"
"东道提刑按察司副使","1","1","2"
"南河北道肃政廉访副","1","1","2"
"河北道肃政廉访副使","1","1","2"
"河东山西两道肃政廉","1","1","2"
"东山西两道肃政廉访","1","1","2"
"山西两道肃政廉访使","1","1","2"
"行淮西总管万户府事","1","1","2"
"左翼侍卫亲军都指挥","1","1","2"
"淮西道宣慰使都元帅","1","1","2"
"同知山东西路兵马都","1","1","2"
"知山东西路兵马都总","1","1","2"
"山东西路兵马都总管","1","1","2"
"加推忠协力秉义功臣","1","1","2"
"蓬等处都元帅府参议","1","1","2"
"佥陕西道提刑按察司","1","1","2"
"陕西道提刑按察司事","1","1","2"
"西夏中兴道按察副使","1","1","2"
"后加赠推诚效节功臣","1","1","2"
"良弼同佥书枢密院事","1","1","2"
"赠端贞雅亮佐治功臣","1","1","2"
"提刑按察司肃政廉访","2","0","2"
"刑按察司肃政廉访司","2","0","2"
"夔府等处蒙古汉军都","1","1","2"
"府等处蒙古汉军都元","1","1","2"
"等处蒙古汉军都元帅","1","1","2"
"处蒙古汉军都元帅参","1","1","2"
"蒙古汉军都元帅参议","1","1","2"
"陕西行省左右司郎中","1","1","2"
"守臣张清行都督府事","1","1","2"
"湖广平章政事要束木","1","1","2"
"广平章政事要束木贪","1","1","2"
"福建闽海道提刑按察","1","1","2"
"建闽海道提刑按察使","1","1","2"
"河北河南道巡行劝农","1","1","2"
"北河南道巡行劝农副","1","1","2"
"河南道巡行劝农副使","1","1","2"
"同知浙东道宣慰司事","1","1","2"
"陕西五路转运司谘议","1","1","2"
"佥河东山西道提刑按","1","1","2"
"山西道提刑按察司事","1","1","2"
"山南湖北道提刑按察","1","1","2"
"南湖北道提刑按察副","1","1","2"
"江南浙西道提刑按察","1","1","2"
"南浙西道提刑按察使","1","1","2"
"汉中道提刑按察司事","1","1","2"
"南湖北道肃政廉访使","1","1","2"
"佥河南江北行中书省","1","1","2"
"河南江北行中书省事","1","1","2"
"赠旧学同德翊戴辅治","1","1","2"
"旧学同德翊戴辅治功","1","1","2"
"学同德翊戴辅治功臣","1","1","2"
"江南诸道行御史台治","1","1","2"
"南诸道行御史台治书","1","1","2"
"诸道行御史台治书侍","1","1","2"
"道行御史台治书侍御","1","1","2"
"迁中书省右司员外郎","1","1","2"
"武卫府史授通惠河道","1","1","2"
"卫府史授通惠河道所","1","1","2"
"府史授通惠河道所都","1","1","2"
"史授通惠河道所都事","1","1","2"
"江浙等处行中书省左","1","1","2"
"浙等处行中书省左丞","1","1","2"
"河南等处行省平章政","1","1","2"
"南等处行省平章政事","1","1","2"
"河南等处行中书省左","1","1","2"
"南等处行中书省左丞","1","1","2"
"赠摅诚秉义佐理功臣","1","1","2"
"赠推忠辅义守正功臣","1","1","2"
"赠世忠执法佐运翊亮","1","1","2"
"世忠执法佐运翊亮功","1","1","2"
"忠执法佐运翊亮功臣","1","1","2"
"迁两浙都转运盐使司","1","1","2"
"两浙都转运盐使司石","1","1","2"
"浙都转运盐使司石堰","1","1","2"
"都转运盐使司石堰西","1","1","2"
"转运盐使司石堰西场","1","1","2"
"运盐使司石堰西场监","1","1","2"
"盐使司石堰西场监运","1","1","2"
"升江南行台御史中丞","1","1","2"
"同知岳州路平江州事","1","1","2"
"赠推忠赞理正宪功臣","1","1","2"
"调检校章迪率本部兵","1","1","2"
"赠黼摅忠秉义效节功","1","1","2"
"黼摅忠秉义效节功臣","1","1","2"
"淮南江北等处行中书","1","1","2"
"江北等处行中书省左","1","1","2"
"北等处行中书省左丞","1","1","2"
"赠崇化宣力效忠功臣","1","1","2"
"河南江北等处行省左","1","1","2"
"南江北等处行省左丞","1","1","2"
"同知建宁路总管府事","1","1","2"
"廉访司书吏调连江县","1","1","2"
"访司书吏调连江县宁","1","1","2"
"司书吏调连江县宁善","1","1","2"
"书吏调连江县宁善乡","1","1","2"
"吏调连江县宁善乡巡","1","1","2"
"调连江县宁善乡巡检","1","1","2"
"江西行省平章全岳柱","1","1","2"
"西行省平章全岳柱聘","1","1","2"
"诸色人匠总管府达鲁","1","1","2"
"色人匠总管府达鲁花","1","1","2"
"阿合马中书平章政事","2","0","2"
"江南田主收佃客租课","1","1","2"
"改行中书省行尚书省","2","0","2"
"监察御史伯颜等十二","1","1","2"
"察御史伯颜等十二人","1","1","2"
"妹婿集贤学士秃鲁帖","1","1","2"
"婿集贤学士秃鲁帖木","1","1","2"
"郎将辛洪成等奉表入","1","1","2"
"将辛洪成等奉表入朝","1","1","2"
"借礼部侍郎张镒奉表","1","1","2"
"金州等处置镇边万户","2","0","2"
"州等处置镇边万户府","2","0","2"
"军民都达鲁花赤总管","1","1","2"
"民都达鲁花赤总管府","1","1","2"
"日本行省参议裴国佐","1","1","2"
"本行省参议裴国佐等","1","1","2"
"留兵二千五百人命万","1","1","2"
"兵二千五百人命万户","1","1","2"
"二千五百人命万户贺","1","1","2"
"千五百人命万户贺祉","1","1","2"
"五百人命万户贺祉统","1","1","2"
"时大理路蒙古千户忽","1","1","2"
"大理路蒙古千户忽都","1","1","2"
"忽都虎令百户陈奎招","1","1","2"
"文劳邛大巴南等奉表","1","1","2"
"劳邛大巴南等奉表归","1","1","2"
"土虎登哥等水军溯流","1","1","2"
"子八林昔黑剌秃合必","1","1","2"
"八林昔黑剌秃合必畜","1","1","2"
"史天倪河北西路兵马","2","0","2"
"马步军都元帅察罕等","1","1","2"
"步军都元帅察罕等率","1","1","2"
"留兀良合台攻诸夷未","2","0","2"
"兀良合台攻诸夷未附","2","0","2"
"良合台攻诸夷未附者","2","0","2"
"光昺遣婿国人方物见","2","0","2"
"河南路经略使史天泽","1","1","2"
"东平路万户严忠济等","1","1","2"
"河南路宣抚使史天泽","1","1","2"
"大名等路宣抚使张文","1","1","2"
"名等路宣抚使张文谦","1","1","2"
"等路宣抚使张文谦虎","1","1","2"
"路宣抚使张文谦虎符","1","1","2"
"京兆等路宣抚使廉希","1","1","2"
"兆等路宣抚使廉希宪","1","1","2"
"河南经略宣抚使史天","1","1","2"
"南经略宣抚使史天泽","1","1","2"
"青居山都元帅钦察等","1","1","2"
"怀孟广济渠提举王允","1","1","2"
"孟广济渠提举王允中","1","1","2"
"礼部郎中高逸民持诏","1","1","2"
"平章政事王文统监修","1","1","2"
"燕京等路宣抚使赛典","1","1","2"
"京等路宣抚使赛典赤","1","1","2"
"武卫军都指挥使李伯","1","1","2"
"邢州安抚使张耕告老","1","1","2"
"武卫亲军都指挥使李","1","1","2"
"卫亲军都指挥使李伯","1","1","2"
"左三部尚书怯烈门率","1","1","2"
"户一百四十一万八千","1","1","2"
"一百四十一万八千四","1","1","2"
"百四十一万八千四百","1","1","2"
"四十一万八千四百九","1","1","2"
"十一万八千四百九十","1","1","2"
"一万八千四百九十九","1","1","2"
"武卫军炮手元帅薛军","1","1","2"
"卫军炮手元帅薛军胜","1","1","2"
"军炮手元帅薛军胜等","1","1","2"
"济南路军民万户张宏","1","1","2"
"宋子贞参议行中书省","1","1","2"
"子贞参议行中书省事","1","1","2"
"括北京鹰坊等户丁兵","2","0","2"
"四十三万七千四百锭","1","1","2"
"广济河渠司王允中请","1","1","2"
"侍卫亲军都指挥使董","1","1","2"
"卫亲军都指挥使董文","1","1","2"
"亲军都指挥使董文炳","1","1","2"
"益都行省大都督撒吉","1","1","2"
"都行省大都督撒吉思","1","1","2"
"益都行中书省都督府","1","1","2"
"都行中书省都督府所","1","1","2"
"行中书省都督府所统","1","1","2"
"万户严忠范修复宿州","1","1","2"
"燕京路监榷官曹泽等","1","1","2"
"一百四十七万六千一","1","1","2"
"百四十七万六千一百","1","1","2"
"四十七万六千一百四","1","1","2"
"十七万六千一百四十","1","1","2"
"七万六千一百四十六","1","1","2"
"益都路行省大都督撒","1","1","2"
"都路行省大都督撒吉","1","1","2"
"路行省大都督撒吉思","1","1","2"
"岁输铁一百三万七千","2","0","2"
"输铁一百三万七千斤","2","0","2"
"钞二千一百七十四锭","1","1","2"
"一百五十七万九千一","1","1","2"
"百五十七万九千一百","1","1","2"
"五十七万九千一百一","1","1","2"
"十七万九千一百一十","1","1","2"
"钞四万九千四百八十","1","1","2"
"四万九千四百八十七","1","1","2"
"万九千四百八十七锭","1","1","2"
"高丽国王王禃遣使奉","2","0","2"
"丽国王王禃遣使奉表","2","0","2"
"二千三百二十九户隶","1","1","2"
"路总管史权等二十三","1","1","2"
"总管史权等二十三人","1","1","2"
"逆党万户张邦直兄弟","1","1","2"
"立山东诸路行中书省","1","1","2"
"太原路总管攸忙兀带","1","1","2"
"中书省左右部诸路都","2","0","2"
"书省左右部诸路都转","2","0","2"
"省左右部诸路都转运","2","0","2"
"左右部诸路都转运使","2","0","2"
"一百五十八万八千一","1","1","2"
"百五十八万八千一百","1","1","2"
"五十八万八千一百九","1","1","2"
"十八万八千一百九十","1","1","2"
"八万八千一百九十五","1","1","2"
"南国王陈光昞遣使奉","2","0","2"
"国王陈光昞遣使奉表","2","0","2"
"王陈光昞遣使奉表贡","2","0","2"
"丽国王王禃遣使贡方","2","0","2"
"国王王禃遣使贡方物","2","0","2"
"一百五十九万七千六","1","1","2"
"百五十九万七千六百","1","1","2"
"丝九十八万六千二百","1","1","2"
"九十八万六千二百八","1","1","2"
"十八万六千二百八十","1","1","2"
"八万六千二百八十八","1","1","2"
"万六千二百八十八斤","1","1","2"
"五万七千六百八十二","1","1","2"
"万七千六百八十二锭","1","1","2"
"高丽国王王禃遣使贺","2","0","2"
"济南益都转运使王明","1","1","2"
"亳州水军千户胡进等","1","1","2"
"命山东统军副使王仲","1","1","2"
"高丽国王王禃遣秘书","2","0","2"
"丽国王王禃遣秘书监","2","0","2"
"将士战功银九千六百","1","1","2"
"士战功银九千六百五","1","1","2"
"战功银九千六百五十","1","1","2"
"功银九千六百五十两","1","1","2"
"礼部郎中孟甲持诏谕","2","0","2"
"东统军副使王仲仁戍","1","1","2"
"立河南等路行中书省","1","1","2"
"高丽国王王禃遣世子","2","0","2"
"丽国王王禃遣世子愖","2","0","2"
"国王王禃遣世子愖朝","2","0","2"
"二万七千五百九十石","1","1","2"
"米十二万八千九百石","1","1","2"
"十二万八千九百石赈","1","1","2"
"一百六十八万四千一","1","1","2"
"百六十八万四千一百","1","1","2"
"六十八万四千一百五","1","1","2"
"十八万四千一百五十","1","1","2"
"八万四千一百五十七","1","1","2"
"隆兴府总管昔剌斡脱","1","1","2"
"西夏提刑按察司管民","1","1","2"
"夏提刑按察司管民官","1","1","2"
"东京等路行尚书省事","1","1","2"
"中三卫亲军都指挥使","1","1","2"
"三卫亲军都指挥使司","1","1","2"
"右卫亲军都指挥使忽","1","1","2"
"卫亲军都指挥使忽都","1","1","2"
"亲军都指挥使忽都等","1","1","2"
"统制范广等五十余人","1","1","2"
"一百九十四万六千二","1","1","2"
"百九十四万六千二百","1","1","2"
"九十四万六千二百七","1","1","2"
"十四万六千二百七十","1","1","2"
"山东东路都元帅府统","1","1","2"
"东东路都元帅府统军","1","1","2"
"东路都元帅府统军司","1","1","2"
"奉使日本赵良弼遣书","2","0","2"
"使日本赵良弼遣书状","2","0","2"
"日本赵良弼遣书状官","2","0","2"
"本赵良弼遣书状官张","2","0","2"
"赵良弼遣书状官张铎","2","0","2"
"京属城诸达鲁花赤质","2","0","2"
"属城诸达鲁花赤质子","2","0","2"
"城诸达鲁花赤质子金","2","0","2"
"诸达鲁花赤质子金镒","2","0","2"
"达鲁花赤质子金镒等","2","0","2"
"鲁花赤质子金镒等归","2","0","2"
"花赤质子金镒等归国","2","0","2"
"北平王南木合军马一","1","1","2"
"平王南木合军马一万","1","1","2"
"王南木合军马一万二","1","1","2"
"南木合军马一万二千","1","1","2"
"木合军马一万二千九","1","1","2"
"合军马一万二千九百","1","1","2"
"军马一万二千九百九","1","1","2"
"马一万二千九百九十","1","1","2"
"一万二千九百九十一","1","1","2"
"羊六万一千五百三十","1","1","2"
"六万一千五百三十一","1","1","2"
"同知王世英等八人弃","1","1","2"
"知王世英等八人弃城","1","1","2"
"一百九十五万五千八","1","1","2"
"百九十五万五千八百","1","1","2"
"九十五万五千八百八","1","1","2"
"十五万五千八百八十","1","1","2"
"前中书左丞相耶律铸","1","1","2"
"平章军国重事史天泽","1","1","2"
"利州等路统军使合剌","1","1","2"
"敕东京路运米二万石","2","0","2"
"东京路运米二万石赈","2","0","2"
"征东招讨使塔匣剌请","1","1","2"
"五十四万五千五百九","1","1","2"
"十四万五千五百九十","1","1","2"
"四万五千五百九十石","1","1","2"
"天下户一百九十六万","2","0","2"
"一百九十六万二千七","1","1","2"
"百九十六万二千七百","1","1","2"
"九十六万二千七百九","1","1","2"
"十六万二千七百九十","1","1","2"
"六万二千七百九十五","1","1","2"
"受皇太子诸王百官朝","2","0","2"
"皇太子诸王百官朝贺","2","0","2"
"忙古带等新旧军一万","1","1","2"
"古带等新旧军一万一","1","1","2"
"带等新旧军一万一千","1","1","2"
"等新旧军一万一千五","1","1","2"
"新旧军一万一千五百","1","1","2"
"旧军一万一千五百人","1","1","2"
"军一万一千五百人戍","1","1","2"
"置西蜀四川屯田经略","1","1","2"
"西蜀四川屯田经略司","1","1","2"
"新德副元帅杨尧元战","1","1","2"
"丽军民总管洪茶丘等","1","1","2"
"辽东道提刑按察使兀","1","1","2"
"东道提刑按察使兀鲁","1","1","2"
"道提刑按察使兀鲁失","1","1","2"
"花同参知政事廉希宪","1","1","2"
"青居山蒙古万户怯烈","1","1","2"
"荆鄂诸军都统程鹏飞","1","1","2"
"直秘阁湖北提举张晏","1","1","2"
"秘阁湖北提举张晏然","1","1","2"
"侍卫亲军都指挥使秃","1","1","2"
"卫亲军都指挥使秃满","1","1","2"
"亲军都指挥使秃满带","1","1","2"
"一百九十六万七千八","1","1","2"
"百九十六万七千八百","1","1","2"
"九十六万七千八百九","1","1","2"
"十六万七千八百九十","1","1","2"
"六万七千八百九十八","1","1","2"
"米七万五千四百一十","1","1","2"
"七万五千四百一十五","1","1","2"
"万五千四百一十五石","1","1","2"
"十二年春正月癸酉朔","2","0","2"
"伯颜承制授奕沿江大","2","0","2"
"颜承制授奕沿江大都","2","0","2"
"承制授奕沿江大都督","2","0","2"
"遣右卫指挥副使郑温","1","1","2"
"石买等刺杀合剌章舍","1","1","2"
"买等刺杀合剌章舍里","1","1","2"
"等刺杀合剌章舍里威","1","1","2"
"诏谕淮东制置使李庭","2","0","2"
"谕淮东制置使李庭芝","2","0","2"
"磁路总管姜毅捕获农","1","1","2"
"路总管姜毅捕获农民","1","1","2"
"总管姜毅捕获农民郝","1","1","2"
"管姜毅捕获农民郝进","1","1","2"
"姜毅捕获农民郝进等","1","1","2"
"毅捕获农民郝进等四","1","1","2"
"捕获农民郝进等四人","1","1","2"
"劾前南京路总管田大","1","1","2"
"前南京路总管田大成","1","1","2"
"遣兵部尚书廉希贤等","1","1","2"
"督府节制军马苏刘义","1","1","2"
"镇江府马军总管石祖","1","1","2"
"江府马军总管石祖忠","1","1","2"
"部将李大明等二百人","1","1","2"
"宋江阴军佥判李世修","1","1","2"
"八十三万一千八百五","1","1","2"
"十三万一千八百五十","1","1","2"
"三万一千八百五十二","1","1","2"
"一百九十一万九千一","1","1","2"
"百九十一万九千一百","1","1","2"
"遣山东路经略使王俨","1","1","2"
"山东路经略使王俨戍","1","1","2"
"翰林学士承旨撒迷底","2","0","2"
"林学士承旨撒迷底里","2","0","2"
"学士承旨撒迷底里主","2","0","2"
"常德府新城总制鲁希","1","1","2"
"德府新城总制鲁希文","1","1","2"
"宋五郡镇抚使吕文福","2","0","2"
"参知政事脱博忽鲁秃","1","1","2"
"知政事脱博忽鲁秃花","1","1","2"
"十四万三千八百六十","1","1","2"
"遣两浙大都督范文虎","1","1","2"
"五万一千八百二十九","1","1","2"
"川行枢密院事昝顺言","2","0","2"
"尊号曰宪天述道仁文","2","0","2"
"号曰宪天述道仁文义","2","0","2"
"曰宪天述道仁文义武","2","0","2"
"五十六万一千一百一","1","1","2"
"十六万一千一百一十","1","1","2"
"六万一千一百一十二","1","1","2"
"百五十三万七千七百","1","1","2"
"五十三万七千七百四","1","1","2"
"十三万七千七百四十","1","1","2"
"二百九十八万三千六","1","1","2"
"百九十八万三千六百","1","1","2"
"九十八万三千六百七","1","1","2"
"十八万三千六百七十","1","1","2"
"八万三千六百七十二","1","1","2"
"五百六十九万二千六","1","1","2"
"百六十九万二千六百","1","1","2"
"六十九万二千六百五","1","1","2"
"十九万二千六百五十","1","1","2"
"五十一万三千八百二","1","1","2"
"十一万三千八百二十","1","1","2"
"一万三千八百二十七","1","1","2"
"二万一千三百四十九","1","1","2"
"东川行枢密院总帅汪","1","1","2"
"川行枢密院总帅汪惟","1","1","2"
"行枢密院总帅汪惟正","1","1","2"
"淮西万户府招降方山","1","1","2"
"西万户府招降方山等","1","1","2"
"万户府招降方山等六","1","1","2"
"中书省左右司郎中郝","1","1","2"
"书省左右司郎中郝祯","1","1","2"
"召昭文馆大学士姚枢","1","1","2"
"翰林侍讲学士徒单公","1","1","2"
"林侍讲学士徒单公履","1","1","2"
"北京行中书省廉希宪","1","1","2"
"右卫亲军千户董士元","1","1","2"
"卫亲军千户董士元战","1","1","2"
"亲军千户董士元战死","1","1","2"
"李庭芝留朱焕守扬州","1","1","2"
"行中书省左右司郎中","1","1","2"
"中书省左右司郎中孟","1","1","2"
"书省左右司郎中孟祺","1","1","2"
"广西路静江府等大小","1","1","2"
"西路静江府等大小州","1","1","2"
"路静江府等大小州城","1","1","2"
"五十四万二千六百二","1","1","2"
"十四万二千六百二十","1","1","2"
"四万二千六百二十四","1","1","2"
"八万三千二百一十七","1","1","2"
"淮东淮西左副都元帅","1","1","2"
"东淮西左副都元帅陈","1","1","2"
"淮西左副都元帅陈岩","1","1","2"
"千九百七十二万一千","1","1","2"
"米二十二万五千五百","1","1","2"
"二十二万五千五百六","1","1","2"
"十二万五千五百六十","1","1","2"
"二万五千五百六十石","1","1","2"
"钞四千二百八十二锭","1","1","2"
"荆湖北道宣慰使塔海","1","1","2"
"浙西道宣慰使阿塔海","1","1","2"
"长阿立丁宁占等三十","1","1","2"
"阿立丁宁占等三十一","1","1","2"
"行江东道宣慰使阿剌","2","0","2"
"东道宣慰使阿剌罕中","2","0","2"
"道宣慰使阿剌罕中书","2","0","2"
"宣慰使阿剌罕中书左","2","0","2"
"慰使阿剌罕中书左丞","2","0","2"
"湖北道宣慰使奥鲁赤","1","1","2"
"东川都元帅张德润等","1","1","2"
"川都元帅张德润等攻","1","1","2"
"淮东宣慰使彻里帖木","1","1","2"
"荆湖路宣抚使程鹏飞","1","1","2"
"闽广大都督兵马招讨","1","1","2"
"广大都督兵马招讨使","1","1","2"
"大都督兵马招讨使蒲","1","1","2"
"都督兵马招讨使蒲寿","1","1","2"
"督兵马招讨使蒲寿庚","1","1","2"
"湖北道宣慰使贾居贞","1","1","2"
"右副都元帅张德润上","1","1","2"
"黄州路宣慰使唐兀带","1","1","2"
"沿海经略副使合剌带","1","1","2"
"西川行枢密院招降西","1","1","2"
"川行枢密院招降西蜀","1","1","2"
"命行中书省左丞夏贵","1","1","2"
"行中书省左丞夏贵等","1","1","2"
"江东道按察使阿八赤","1","1","2"
"命太常少卿伯麻思告","1","1","2"
"护国明著灵惠协正善","1","1","2"
"国明著灵惠协正善庆","1","1","2"
"明著灵惠协正善庆显","1","1","2"
"著灵惠协正善庆显济","1","1","2"
"灵惠协正善庆显济天","1","1","2"
"惠协正善庆显济天妃","1","1","2"
"钞二万一千三百三十","1","1","2"
"二万一千三百三十九","1","1","2"
"万一千三百三十九锭","1","1","2"
"江东道宣慰使囊加带","1","1","2"
"院昝顺招诱都掌蛮夷","1","1","2"
"播州安抚使杨邦宪请","1","1","2"
"鸭池等处招讨使钦察","1","1","2"
"池等处招讨使钦察所","1","1","2"
"遣签议中赞金方庆贺","2","0","2"
"钞三万九千九百五十","1","1","2"
"三万九千九百五十一","1","1","2"
"万九千九百五十一锭","1","1","2"
"大都兵马都指挥使司","1","1","2"
"遣两淮招讨司经历刘","1","1","2"
"两淮招讨司经历刘继","1","1","2"
"淮招讨司经历刘继昌","1","1","2"
"招讨司经历刘继昌招","1","1","2"
"河南等路宣慰使忽辛","1","1","2"
"令东川行枢密院调兵","1","1","2"
"宁国路新附军百户詹","1","1","2"
"国路新附军百户詹福","1","1","2"
"路新附军百户詹福谋","1","1","2"
"租三千一百八十一石","1","1","2"
"置大护国仁王寺总管","1","1","2"
"大护国仁王寺总管府","1","1","2"
"命大乐署令完颜椿等","1","1","2"
"立杭州路金玉总管府","1","1","2"
"诏云南行省发四川军","2","0","2"
"云南行省发四川军万","2","0","2"
"南行省发四川军万人","2","0","2"
"将士战功银二万八千","1","1","2"
"士战功银二万八千七","1","1","2"
"战功银二万八千七百","1","1","2"
"功银二万八千七百五","1","1","2"
"银二万八千七百五十","1","1","2"
"二万八千七百五十两","1","1","2"
"四十三代宗师许道杞","1","1","2"
"十三代宗师许道杞祈","1","1","2"
"三代宗师许道杞祈祷","1","1","2"
"昭天睿文光应皇后弘","1","1","2"
"天睿文光应皇后弘吉","1","1","2"
"睿文光应皇后弘吉剌","1","1","2"
"文光应皇后弘吉剌氏","1","1","2"
"三十八代宗师蒋宗瑛","1","1","2"
"两淮转运使阿剌瓦丁","1","1","2"
"三万六千八百四十石","1","1","2"
"高丽国王王睶遣大将","2","0","2"
"丽国王王睶遣大将军","2","0","2"
"钞一万一千五百二十","1","1","2"
"一万一千五百二十一","1","1","2"
"万一千五百二十一锭","1","1","2"
"十八里元帅綦公直军","1","1","2"
"八里元帅綦公直军需","1","1","2"
"溪洞招讨使郭昂等九","1","1","2"
"洞招讨使郭昂等九人","1","1","2"
"招讨使郭昂等九人虎","1","1","2"
"讨使郭昂等九人虎符","1","1","2"
"参知政事唐兀带等六","1","1","2"
"知政事唐兀带等六人","1","1","2"
"征蛮元帅完者都等平","1","1","2"
"行中书省平章政事忽","1","1","2"
"中书省平章政事忽辛","1","1","2"
"北京宣慰使阿老瓦丁","1","1","2"
"遣浙西道宣慰司同知","1","1","2"
"浙西道宣慰司同知刘","1","1","2"
"西道宣慰司同知刘宣","1","1","2"
"道宣慰司同知刘宣等","1","1","2"
"沿海左副都元帅石国","1","1","2"
"海左副都元帅石国英","1","1","2"
"左副都元帅石国英请","1","1","2"
"十八里城东三百余里","1","1","2"
"湖广行省金银铁冶提","1","1","2"
"广行省金银铁冶提举","1","1","2"
"行省金银铁冶提举司","1","1","2"
"行省参知政事樊楫等","1","1","2"
"减隆兴府昌州盖里泊","1","1","2"
"高丽国王阿塔海共事","2","0","2"
"立海西辽东提刑按察","1","1","2"
"海西辽东提刑按察司","1","1","2"
"海南四州宣慰使朱国","1","1","2"
"南四州宣慰使朱国宝","1","1","2"
"四州宣慰使朱国宝请","1","1","2"
"宋手号军八万三千六","1","1","2"
"手号军八万三千六百","1","1","2"
"号军八万三千六百人","1","1","2"
"尤宗祖等九千五百九","1","1","2"
"宗祖等九千五百九十","1","1","2"
"祖等九千五百九十二","1","1","2"
"等九千五百九十二人","1","1","2"
"提刑按察司增设判官","1","1","2"
"刑按察司增设判官二","1","1","2"
"海道运粮招讨使朱清","1","1","2"
"命翰林学士承旨撒里","1","1","2"
"获叛民晏顺等三十二","1","1","2"
"叛民晏顺等三十二人","1","1","2"
"侍卫亲军都指挥使八","1","1","2"
"卫亲军都指挥使八忽","1","1","2"
"亲军都指挥使八忽带","1","1","2"
"军都指挥使八忽带征","1","1","2"
"回回炮手军匠万户府","1","1","2"
"钞二万一千六百四十","1","1","2"
"二万一千六百四十三","1","1","2"
"万一千六百四十三锭","1","1","2"
"江淮等处行中书省平","1","1","2"
"淮等处行中书省平章","1","1","2"
"大罗盘亚罗日加翳等","1","1","2"
"罗盘亚罗日加翳等奉","1","1","2"
"钞十二万四千七百二","1","1","2"
"十二万四千七百二十","1","1","2"
"二万四千七百二十二","1","1","2"
"万四千七百二十二锭","1","1","2"
"翰林集贤大学士许国","1","1","2"
"林集贤大学士许国祯","1","1","2"
"钞二千八百八十五锭","1","1","2"
"行御史台大夫拨鲁罕","1","1","2"
"湖广行省右丞要束木","1","1","2"
"立上都规措所回易库","1","1","2"
"立行枢密院都镇抚司","1","1","2"
"陕西四川行中书省左","1","1","2"
"西四川行中书省左丞","1","1","2"
"四川行中书省左丞汪","1","1","2"
"川行中书省左丞汪惟","1","1","2"
"行中书省左丞汪惟正","1","1","2"
"中书省左丞汪惟正入","1","1","2"
"钞三万七千七百五十","1","1","2"
"三万七千七百五十七","1","1","2"
"万七千七百五十七锭","1","1","2"
"钞五万三千五百四十","1","1","2"
"五万三千五百四十一","1","1","2"
"万三千五百四十一锭","1","1","2"
"马八千一百九十七匹","1","1","2"
"羊一万六千六百三十","1","1","2"
"一万六千六百三十四","1","1","2"
"二万七千二百七十九","1","1","2"
"万七千二百七十九匹","1","1","2"
"安南国王陈益稷羊马","1","1","2"
"十五万一千九百二十","1","1","2"
"五万一千九百二十三","1","1","2"
"万一千九百二十三锭","1","1","2"
"羊三万六千二百六十","1","1","2"
"三万六千二百六十九","1","1","2"
"钞五万六千一百三十","1","1","2"
"五万六千一百三十九","1","1","2"
"万六千一百三十九锭","1","1","2"
"六千一百三十九锭一","1","1","2"
"千一百三十九锭一十","1","1","2"
"一百三十九锭一十二","1","1","2"
"百三十九锭一十二两","1","1","2"
"九万四千六百七十二","1","1","2"
"万四千六百七十二株","1","1","2"
"发新附军千人阿八赤","2","0","2"
"新附军千人阿八赤讨","2","0","2"
"附军千人阿八赤讨安","2","0","2"
"军千人阿八赤讨安南","2","0","2"
"道运粮万户张文虎等","1","1","2"
"运粮万户张文虎等运","1","1","2"
"海南琼州路安抚使陈","1","1","2"
"南琼州路安抚使陈仲","1","1","2"
"琼州路安抚使陈仲达","1","1","2"
"荧惑犯太微东垣上相","2","0","2"
"田租十二万九千一百","1","1","2"
"租十二万九千一百八","1","1","2"
"十二万九千一百八十","1","1","2"
"二万九千一百八十石","1","1","2"
"镇南王诸军渡富良江","2","0","2"
"日烜子弃城走敢喃堡","2","0","2"
"命西僧监臧宛卜卜思","1","1","2"
"西僧监臧宛卜卜思哥","1","1","2"
"僧监臧宛卜卜思哥等","1","1","2"
"钞四万八千二百五十","1","1","2"
"四万八千二百五十锭","1","1","2"
"平章政事忙兀带所统","1","1","2"
"入诸路金玉人匠总管","1","1","2"
"辽东海西道提刑按察","1","1","2"
"东海西道提刑按察司","1","1","2"
"江南湖北道提刑按察","1","1","2"
"南湖北道提刑按察司","1","1","2"
"征东行尚书省左丞相","1","1","2"
"江西行枢密院副使月","1","1","2"
"江西行省平章忽都铁","1","1","2"
"西行省平章忽都铁木","1","1","2"
"安南国王陈日烜遣中","2","0","2"
"南国王陈日烜遣中大","2","0","2"
"国王陈日烜遣中大夫","2","0","2"
"王陈日烜遣中大夫陈","2","0","2"
"陈日烜遣中大夫陈克","2","0","2"
"纱罗绢布等四千五百","1","1","2"
"浙东道宣慰副使史耀","1","1","2"
"行尚书省参政秃烈羊","1","1","2"
"尚书省参政秃烈羊呵","1","1","2"
"夹谷三合等七十四人","1","1","2"
"巩昌便宜都总帅府统","1","1","2"
"二万三千六百六十六","1","1","2"
"万三千六百六十六匹","1","1","2"
"万二千五百一十三锭","1","1","2"
"银一万八千三百六十","1","1","2"
"一万八千三百六十两","1","1","2"
"马二万六千九百一十","1","1","2"
"二万六千九百一十四","1","1","2"
"羊一万二千八百五十","1","1","2"
"一万二千八百五十七","1","1","2"
"钞三万二千八百八十","1","1","2"
"三万二千八百八十锭","1","1","2"
"立学校二万四千四百","1","1","2"
"学校二万四千四百余","1","1","2"
"校二万四千四百余所","1","1","2"
"义粮三十一万五千五","1","1","2"
"粮三十一万五千五百","1","1","2"
"三十一万五千五百余","1","1","2"
"十一万五千五百余石","1","1","2"
"立武卫亲军都指挥使","1","1","2"
"武卫亲军都指挥使司","1","1","2"
"山东宣慰使乐实所运","1","1","2"
"大都路总管府判官萧","1","1","2"
"都路总管府判官萧仪","1","1","2"
"成都管军万户刘德禄","1","1","2"
"都管军万户刘德禄上","1","1","2"
"开元路治中兀颜牙兀","1","1","2"
"立左右翼屯田万户府","1","1","2"
"令监察御史省部稽照","2","0","2"
"日烜遣中大夫陈克等","2","0","2"
"烜遣中大夫陈克等贡","2","0","2"
"遣中大夫陈克等贡方","2","0","2"
"中大夫陈克等贡方物","2","0","2"
"召江淮行省参知政事","1","1","2"
"江淮行省参知政事忻","1","1","2"
"淮行省参知政事忻都","1","1","2"
"万七千五百二十三石","1","1","2"
"万八千五百七十三人","1","1","2"
"卑包等三十三寨相继","1","1","2"
"尚书省断事官秃烈羊","1","1","2"
"书省断事官秃烈羊呵","1","1","2"
"西南夷中下烂土等处","1","1","2"
"立江淮等处财赋总管","1","1","2"
"江淮等处财赋总管府","1","1","2"
"河渠官礼部尚书张孔","1","1","2"
"渠官礼部尚书张孔孙","1","1","2"
"信州叛贼鲍惠日等三","1","1","2"
"州叛贼鲍惠日等三十","1","1","2"
"叛贼鲍惠日等三十三","1","1","2"
"贼鲍惠日等三十三人","1","1","2"
"八番罗甸宣慰使司隶","1","1","2"
"置高丽国儒学提举司","1","1","2"
"江西宣慰使胡颐孙援","1","1","2"
"胡颐孙遥授行尚书省","1","1","2"
"颐孙遥授行尚书省参","1","1","2"
"孙遥授行尚书省参政","1","1","2"
"绍兴路总管府判官白","1","1","2"
"银二十五万二千六百","1","1","2"
"二十五万二千六百三","1","1","2"
"十五万二千六百三十","1","1","2"
"五万二千六百三十两","1","1","2"
"税四千五百三十六锭","1","1","2"
"葛蛮军民安抚使宋子","1","1","2"
"蛮军民安抚使宋子贤","1","1","2"
"播州军民安抚使杨汉","1","1","2"
"州军民安抚使杨汉英","1","1","2"
"南平等处沿边宣慰使","1","1","2"
"万九千三百二十六户","1","1","2"
"高丽女直汉军万户府","2","0","2"
"福建行中书省平章政","1","1","2"
"建行中书省平章政事","1","1","2"
"诸路释教都总统辇真","1","1","2"
"路释教都总统辇真术","1","1","2"
"释教都总统辇真术纳","1","1","2"
"教都总统辇真术纳思","1","1","2"
"土蕃等处宣慰使都元","1","1","2"
"蕃等处宣慰使都元帅","1","1","2"
"八番罗甸宣慰使斡罗","1","1","2"
"番罗甸宣慰使斡罗思","1","1","2"
"罗甸宣慰使斡罗思等","1","1","2"
"八番顺元等处宣慰使","1","1","2"
"番顺元等处宣慰使都","1","1","2"
"顺元等处宣慰使都元","1","1","2"
"元等处宣慰使都元帅","1","1","2"
"长五十六人金纹绫绢","1","1","2"
"万三千七百九十三斛","1","1","2"
"钞十一万六千二百锭","1","1","2"
"免田租四千四百六十","1","1","2"
"田租四千四百六十八","1","1","2"
"租四千四百六十八石","1","1","2"
"田租十八万四千九百","1","1","2"
"租十八万四千九百二","1","1","2"
"十八万四千九百二十","1","1","2"
"八万四千九百二十八","1","1","2"
"万四千九百二十八石","1","1","2"
"百二十五万七千八百","1","1","2"
"二十五万七千八百八","1","1","2"
"十五万七千八百八十","1","1","2"
"五万七千八百八十三","1","1","2"
"万七千八百八十三石","1","1","2"
"免田租七万七千九百","1","1","2"
"田租七万七千九百八","1","1","2"
"租七万七千九百八十","1","1","2"
"七万七千九百八十八","1","1","2"
"万七千九百八十八石","1","1","2"
"广南西路安抚副使赛","1","1","2"
"南西路安抚副使赛甫","1","1","2"
"西路安抚副使赛甫丁","1","1","2"
"路安抚副使赛甫丁等","1","1","2"
"孙等三路宣慰使司都","1","1","2"
"等三路宣慰使司都元","1","1","2"
"三路宣慰使司都元帅","1","1","2"
"福建廉访司知事张师","1","1","2"
"建廉访司知事张师道","1","1","2"
"酋长向思聪等七人入","1","1","2"
"长向思聪等七人入朝","1","1","2"
"二百九十七万八千三","1","1","2"
"百九十七万八千三百","1","1","2"
"才一百八十九万三千","1","1","2"
"一百八十九万三千九","1","1","2"
"百八十九万三千九百","1","1","2"
"八十九万三千九百九","1","1","2"
"十九万三千九百九十","1","1","2"
"九万三千九百九十三","1","1","2"
"万三千九百九十三锭","1","1","2"
"三百六十三万八千五","1","1","2"
"百六十三万八千五百","1","1","2"
"六十三万八千五百四","1","1","2"
"十三万八千五百四十","1","1","2"
"三万八千五百四十三","1","1","2"
"万八千五百四十三锭","1","1","2"
"酋长杨秀朝等六人入","1","1","2"
"钞四十六万六千七百","1","1","2"
"口粮五千五百二十三","1","1","2"
"粮五千五百二十三石","1","1","2"
"钞三十六万八千四百","1","1","2"
"三十六万八千四百二","1","1","2"
"十六万八千四百二十","1","1","2"
"六万八千四百二十八","1","1","2"
"万八千四百二十八锭","1","1","2"
"运米六千四百二十六","1","1","2"
"米六千四百二十六石","1","1","2"
"万二千八百五十二锭","1","1","2"
"河南江北行省平章伯","2","0","2"
"南江北行省平章伯颜","2","0","2"
"蛮人光龙等一十二人","1","1","2"
"子江浙行省左丞暗普","1","1","2"
"二千五百七十四石赈","1","1","2"
"租四千七百七十二石","1","1","2"
"立海北海南博易提举","1","1","2"
"海北海南博易提举司","1","1","2"
"义仓米五千九百余石","1","1","2"
"侍卫亲军千户张邦瑞","1","1","2"
"陶子奇等十七人冬衣","1","1","2"
"遣兵部侍郎忽鲁秃花","1","1","2"
"兵部侍郎忽鲁秃花等","1","1","2"
"田租六千二百一十三","1","1","2"
"租六千二百一十三石","1","1","2"
"钞四十三万四千五百","1","1","2"
"四十三万四千五百锭","1","1","2"
"钞三万七千五百二十","1","1","2"
"三万七千五百二十锭","1","1","2"
"尊谥曰圣德神功文武","2","0","2"
"谥曰圣德神功文武皇","2","0","2"
"曰圣德神功文武皇帝","2","0","2"
"尊谥曰昭睿顺圣皇后","2","0","2"
"阔里吉思一万五千四","1","1","2"
"里吉思一万五千四百","1","1","2"
"吉思一万五千四百五","1","1","2"
"思一万五千四百五十","1","1","2"
"一万五千四百五十两","1","1","2"
"四川散毛洞主覃顺等","1","1","2"
"八番宣慰使斡罗思犯","1","1","2"
"番宣慰使斡罗思犯法","1","1","2"
"浙西道提刑按察使弘","1","1","2"
"西道提刑按察使弘吉","1","1","2"
"道提刑按察使弘吉烈","1","1","2"
"提刑按察使弘吉烈带","1","1","2"
"刑按察使弘吉烈带阿","1","1","2"
"按察使弘吉烈带阿鲁","1","1","2"
"察使弘吉烈带阿鲁灰","1","1","2"
"使弘吉烈带阿鲁灰受","1","1","2"
"河西陇北道肃政廉访","1","1","2"
"西陇北道肃政廉访使","1","1","2"
"马一千一百九十余匹","1","1","2"
"隆福宫左都威卫使司","1","1","2"
"九十三万六千九百五","1","1","2"
"十三万六千九百五十","1","1","2"
"三万六千九百五十两","1","1","2"
"十九万二千四百五十","1","1","2"
"九万二千四百五十两","1","1","2"
"海北海南市舶提举司","1","1","2"
"江浙行省右丞撒里蛮","1","1","2"
"立曲先塔林都元帅府","1","1","2"
"林学士承旨留梦炎告","1","1","2"
"学士承旨留梦炎告老","1","1","2"
"添入江西榷茶都转运","1","1","2"
"入江西榷茶都转运司","1","1","2"
"济宁王蛮子台所部弘","1","1","2"
"宁王蛮子台所部弘吉","1","1","2"
"王蛮子台所部弘吉烈","1","1","2"
"蛮子台所部弘吉烈人","1","1","2"
"子台所部弘吉烈人贫","1","1","2"
"真人张志仙等十三人","1","1","2"
"人张志仙等十三人玉","1","1","2"
"张志仙等十三人玉圭","1","1","2"
"日燇遣使上表慰国哀","2","0","2"
"钞一万二千九百余锭","1","1","2"
"钞四万一千五百余锭","1","1","2"
"河北道肃政廉访使宋","1","1","2"
"北道肃政廉访使宋德","1","1","2"
"道肃政廉访使宋德柔","1","1","2"
"遣爱牙赤核实高丽国","1","1","2"
"左右两江宣慰司都元","1","1","2"
"右两江宣慰司都元帅","1","1","2"
"两江宣慰司都元帅府","1","1","2"
"广西两江道宣慰司都","1","1","2"
"西两江道宣慰司都元","1","1","2"
"两江道宣慰司都元帅","1","1","2"
"江道宣慰司都元帅府","1","1","2"
"驸马济宁王蛮子台私","1","1","2"
"立西域卫亲军都指挥","1","1","2"
"西域卫亲军都指挥使","1","1","2"
"域卫亲军都指挥使司","1","1","2"
"普颜怯里迷失公主等","1","1","2"
"江南行御史台守护军","1","1","2"
"浙西廉访司佥事张孝","1","1","2"
"西廉访司佥事张孝思","1","1","2"
"廉访司佥事张孝思多","1","1","2"
"访司佥事张孝思多取","1","1","2"
"平章军国重事答失蛮","1","1","2"
"置江浙行省检校官二","1","1","2"
"立江浙金银洞冶转运","1","1","2"
"江浙金银洞冶转运使","1","1","2"
"浙金银洞冶转运使司","1","1","2"
"遣集贤院使阿里浑撒","1","1","2"
"集贤院使阿里浑撒里","1","1","2"
"贤院使阿里浑撒里等","1","1","2"
"参议中书省事乞失监","1","1","2"
"上都乾元寺规运总管","1","1","2"
"都乾元寺规运总管府","1","1","2"
"陕西行台御史大夫答","1","1","2"
"西行台御史大夫答失","1","1","2"
"行台御史大夫答失铁","1","1","2"
"台御史大夫答失铁木","1","1","2"
"夺前中书平章政事李","1","1","2"
"中书平章政事李孟所","1","1","2"
"书平章政事李孟所受","1","1","2"
"平章政事李孟所受秦","1","1","2"
"章政事李孟所受秦国","1","1","2"
"政事李孟所受秦国公","1","1","2"
"事李孟所受秦国公制","1","1","2"
"李孟所受秦国公制命","1","1","2"
"岭北行省平章政事阿","1","1","2"
"北行省平章政事阿散","1","1","2"
"子江浙行省平章政事","1","1","2"
"江浙行省平章政事买","1","1","2"
"浙行省平章政事买驴","1","1","2"
"江西行省左丞相脱脱","1","1","2"
"散辽阳红花万户府兵","1","1","2"
"甘肃行省平章钦察台","1","1","2"
"议玉华宫岁享睿宗登","1","1","2"
"玉华宫岁享睿宗登歌","1","1","2"
"华宫岁享睿宗登歌大","1","1","2"
"宫岁享睿宗登歌大乐","1","1","2"
"云南木邦路土官绐邦","1","1","2"
"酉阳耸侬洞蛮田谋远","1","1","2"
"币五万七千三百六十","1","1","2"
"五万七千三百六十四","1","1","2"
"万七千三百六十四匹","1","1","2"
"帛四万九千三百二十","1","1","2"
"四万九千三百二十二","1","1","2"
"万九千三百二十二匹","1","1","2"
"木绵九万二千六百七","1","1","2"
"绵九万二千六百七十","1","1","2"
"九万二千六百七十二","1","1","2"
"万二千六百七十二匹","1","1","2"
"布二万三千三百九十","1","1","2"
"二万三千三百九十八","1","1","2"
"万三千三百九十八匹","1","1","2"
"寿元全德泰宁福庆徽","1","1","2"
"元全德泰宁福庆徽文","1","1","2"
"全德泰宁福庆徽文崇","1","1","2"
"典瑞院使阔彻伯知枢","1","1","2"
"瑞院使阔彻伯知枢密","1","1","2"
"院使阔彻伯知枢密院","1","1","2"
"使阔彻伯知枢密院事","1","1","2"
"江浙行省平章政事伯","1","1","2"
"浙行省平章政事伯颜","1","1","2"
"行省平章政事伯颜察","1","1","2"
"江西行省平章政事白","1","1","2"
"西行省平章政事白撒","1","1","2"
"行省平章政事白撒都","1","1","2"
"参议中书省事张养浩","1","1","2"
"议中书省事张养浩上","1","1","2"
"中书省事张养浩上书","1","1","2"
"平章政事塔失海牙坐","1","1","2"
"章政事塔失海牙坐受","1","1","2"
"置赵王马札罕部钱粮","1","1","2"
"赵王马札罕部钱粮总","1","1","2"
"王马札罕部钱粮总管","1","1","2"
"马札罕部钱粮总管府","1","1","2"
"继天体道敬文仁武大","1","1","2"
"天体道敬文仁武大昭","1","1","2"
"体道敬文仁武大昭孝","1","1","2"
"道敬文仁武大昭孝皇","1","1","2"
"敬文仁武大昭孝皇帝","1","1","2"
"帝师公哥罗古罗思监","1","1","2"
"师公哥罗古罗思监藏","1","1","2"
"公哥罗古罗思监藏班","1","1","2"
"哥罗古罗思监藏班藏","1","1","2"
"罗古罗思监藏班藏卜","1","1","2"
"统太祖四大斡耳朵军","2","0","2"
"太祖四大斡耳朵军马","2","0","2"
"内史倒剌沙中书平章","2","0","2"
"史倒剌沙中书平章政","2","0","2"
"倒剌沙中书平章政事","2","0","2"
"召诸王官属流徙远地","1","1","2"
"江浙行省平章政事兀","1","1","2"
"浙行省平章政事兀伯","1","1","2"
"行省平章政事兀伯都","1","1","2"
"省平章政事兀伯都剌","1","1","2"
"忠翊侍卫屯田所营田","1","1","2"
"宗仁卫亲军都指挥使","1","1","2"
"岭北行中书省参知政","1","1","2"
"北行中书省参知政事","1","1","2"
"翰林学士承旨忽都鲁","1","1","2"
"林学士承旨忽都鲁都","1","1","2"
"昭献元圣皇后御容殿","1","1","2"
"中书平章政事秃满迭","1","1","2"
"蒙化州高兰神场寨主","1","1","2"
"化州高兰神场寨主照","1","1","2"
"州高兰神场寨主照明","1","1","2"
"高兰神场寨主照明罗","1","1","2"
"兰神场寨主照明罗九","1","1","2"
"神场寨主照明罗九等","1","1","2"
"广西左右两江黄胜许","1","1","2"
"置海剌秃屯田总管府","1","1","2"
"遣翰林学士承旨斡赤","1","1","2"
"昭献元圣皇后忌日修","1","1","2"
"献元圣皇后忌日修佛","1","1","2"
"元圣皇后忌日修佛事","1","1","2"
"大天源延圣寺总管府","1","1","2"
"温州路乐清县盐场水","1","1","2"
"土蕃等路宣慰使都元","1","1","2"
"蕃等路宣慰使都元帅","1","1","2"
"三十九代天师张嗣成","1","1","2"
"湖广行省左丞乞住捕","1","1","2"
"行台御史大夫脱里伯","1","1","2"
"岭北行省平章政事泼","1","1","2"
"北行省平章政事泼皮","1","1","2"
"行省平章政事泼皮奉","1","1","2"
"省平章政事泼皮奉迎","1","1","2"
"前翰林学士承旨答失","2","0","2"
"翰林学士承旨答失里","2","0","2"
"追尊皇妣乞烈氏曰仁","2","0","2"
"尊皇妣乞烈氏曰仁献","2","0","2"
"皇妣乞烈氏曰仁献章","2","0","2"
"妣乞烈氏曰仁献章圣","2","0","2"
"乞烈氏曰仁献章圣皇","2","0","2"
"烈氏曰仁献章圣皇后","2","0","2"
"中书平章政事伯帖木","1","1","2"
"陕西行台御史大夫铁","1","1","2"
"西行台御史大夫铁木","1","1","2"
"日命中书左丞相铁木","1","1","2"
"遣西安王阿剌忒纳失","1","1","2"
"发诸卫军六千完京城","2","0","2"
"尊谥曰翼献景孝皇帝","2","0","2"
"安王阿剌忒纳失里共","1","1","2"
"河南行省参知政事明","1","1","2"
"南行省参知政事明里","1","1","2"
"行省参知政事明里董","1","1","2"
"省参知政事明里董阿","1","1","2"
"河南行省平章政事伯","1","1","2"
"南行省平章政事伯颜","1","1","2"
"湖广行省平章政事高","1","1","2"
"广行省平章政事高昌","1","1","2"
"行省平章政事高昌王","1","1","2"
"省平章政事高昌王铁","1","1","2"
"平章政事高昌王铁木","1","1","2"
"行省平章政事探马赤","1","1","2"
"集贤侍读学士兀鲁思","1","1","2"
"太常礼仪院使哈海赤","1","1","2"
"常礼仪院使哈海赤等","1","1","2"
"礼仪院使哈海赤等十","1","1","2"
"仪院使哈海赤等十八","1","1","2"
"院使哈海赤等十八人","1","1","2"
"阿速卫指挥使脱脱木","1","1","2"
"保定两万户号称精锐","1","1","2"
"江南行台御史大夫朵","1","1","2"
"淮西道肃政廉访使阿","1","1","2"
"脱脱木辽东军战蓟州","2","0","2"
"中书平章政事明里董","1","1","2"
"书平章政事明里董阿","1","1","2"
"山东丁壮万人守御益","1","1","2"
"东丁壮万人守御益都","1","1","2"
"河南廉访副使万家闾","1","1","2"
"姻家长芦盐运司判官","1","1","2"
"秃满迭军复入古北口","2","0","2"
"路蒙古元帅花帖木等","2","0","2"
"银沙罗甸土官哀赞等","1","1","2"
"云南彻里路土官刁赛","1","1","2"
"南彻里路土官刁赛等","1","1","2"
"平章曲列等二十三人","1","1","2"
"章曲列等二十三人田","1","1","2"
"安王阿剌忒纳失里等","1","1","2"
"王阿剌忒纳失里等二","1","1","2"
"阿剌忒纳失里等二十","1","1","2"
"剌忒纳失里等二十三","1","1","2"
"忒纳失里等二十三人","1","1","2"
"乌伯都剌等三十人田","1","1","2"
"伯都剌等三十人田宅","1","1","2"
"都剌等三十人田宅赐","1","1","2"
"八百媳妇国使者昭哀","1","1","2"
"四川行省平章囊加台","1","1","2"
"立龙翊侍卫亲军都指","1","1","2"
"龙翊侍卫亲军都指挥","1","1","2"
"封西安王阿剌忒纳失","1","1","2"
"教坊司达鲁花赤撒剌","1","1","2"
"赐鲁国大长公主钞二","2","0","2"
"鲁国大长公主钞二万","2","0","2"
"国大长公主钞二万锭","2","0","2"
"内外军士四万二千二","1","1","2"
"外军士四万二千二百","1","1","2"
"军士四万二千二百七","1","1","2"
"士四万二千二百七十","1","1","2"
"四万二千二百七十人","1","1","2"
"四川囊加台攻破播州","1","1","2"
"川囊加台攻破播州猫","1","1","2"
"陕西行台御史大夫阿","1","1","2"
"广西思明路军民总管","1","1","2"
"西思明路军民总管黄","1","1","2"
"思明路军民总管黄克","1","1","2"
"明路军民总管黄克顺","1","1","2"
"遣翰林侍讲学士曹元","1","1","2"
"镇西武靖王搠思班等","1","1","2"
"云南行省蒙通蒙算甸","1","1","2"
"南行省蒙通蒙算甸土","1","1","2"
"行省蒙通蒙算甸土官","1","1","2"
"省蒙通蒙算甸土官阿","1","1","2"
"蒙通蒙算甸土官阿三","1","1","2"
"通蒙算甸土官阿三木","1","1","2"
"左右翼蒙古侍卫军二","1","1","2"
"右翼蒙古侍卫军二千","1","1","2"
"置银沙罗甸等处宣慰","1","1","2"
"银沙罗甸等处宣慰司","1","1","2"
"沙罗甸等处宣慰司都","1","1","2"
"罗甸等处宣慰司都元","1","1","2"
"甸等处宣慰司都元帅","1","1","2"
"等处宣慰司都元帅府","1","1","2"
"文献昭圣皇后神御殿","1","1","2"
"湖广行省参知政事孛","1","1","2"
"广行省参知政事孛罗","1","1","2"
"行省参知政事孛罗奉","1","1","2"
"省参知政事孛罗奉诏","1","1","2"
"置江淮财赋都总管府","1","1","2"
"陕西行台御史孔思迪","1","1","2"
"赵世安提调通政院事","1","1","2"
"太子詹事丞霄云世月","1","1","2"
"子詹事丞霄云世月思","1","1","2"
"建大承天护圣寺工役","1","1","2"
"知枢密院事塔失帖木","1","1","2"
"怯薛官武备卿定住特","1","1","2"
"广西思明州土官黄宗","1","1","2"
"西思明州土官黄宗永","1","1","2"
"知枢密院事昭武王火","1","1","2"
"枢密院事昭武王火沙","1","1","2"
"密院事昭武王火沙知","1","1","2"
"院事昭武王火沙知行","1","1","2"
"事昭武王火沙知行枢","1","1","2"
"昭武王火沙知行枢密","1","1","2"
"武王火沙知行枢密院","1","1","2"
"王火沙知行枢密院事","1","1","2"
"立大承天护圣寺营缮","1","1","2"
"大承天护圣寺营缮提","1","1","2"
"承天护圣寺营缮提点","1","1","2"
"天护圣寺营缮提点所","1","1","2"
"平江等处田赋提举司","1","1","2"
"江等处田赋提举司二","1","1","2"
"怯怜口诸色民匠总管","1","1","2"
"怜口诸色民匠总管府","1","1","2"
"发中政院财赋总管府","1","1","2"
"南建洞主王官知州事","1","1","2"
"江淮财赋都总管府隶","1","1","2"
"免征奉元路民间商税","1","1","2"
"征奉元路民间商税一","1","1","2"
"奉元路民间商税一年","1","1","2"
"句容郡王答邻答里知","1","1","2"
"容郡王答邻答里知行","1","1","2"
"郡王答邻答里知行枢","1","1","2"
"王答邻答里知行枢密","1","1","2"
"答邻答里知行枢密院","1","1","2"
"邻答里知行枢密院事","1","1","2"
"翰林学士承旨阔彻伯","1","1","2"
"林学士承旨阔彻伯知","1","1","2"
"学士承旨阔彻伯知枢","1","1","2"
"士承旨阔彻伯知枢密","1","1","2"
"承旨阔彻伯知枢密院","1","1","2"
"旨阔彻伯知枢密院事","1","1","2"
"普庆修寺人匠提举司","1","1","2"
"立孟定路军民总管府","1","1","2"
"诏豫王阿剌忒纳失里","1","1","2"
"豳王忽塔忒迷失王傅","1","1","2"
"上都留守司八剌哈赤","1","1","2"
"都留守司八剌哈赤二","1","1","2"
"留守司八剌哈赤二千","1","1","2"
"守司八剌哈赤二千二","1","1","2"
"司八剌哈赤二千二百","1","1","2"
"钞九百二十九万七千","1","1","2"
"九百二十九万七千八","1","1","2"
"百二十九万七千八百","1","1","2"
"二十九万七千八百锭","1","1","2"
"币帛四十万七千五百","1","1","2"
"帛四十万七千五百匹","1","1","2"
"丝八十八万四千四百","1","1","2"
"八十八万四千四百五","1","1","2"
"十八万四千四百五十","1","1","2"
"八万四千四百五十斤","1","1","2"
"中书平章政事伯撒里","1","1","2"
"书平章政事伯撒里告","1","1","2"
"平章政事伯撒里告祭","1","1","2"
"同知枢密院事崔帖木","1","1","2"
"木华黎国王曾孙世德","1","1","2"
"华黎国王曾孙世德家","1","1","2"
"右丞相答剌罕哈剌哈","1","1","2"
"丞相答剌罕哈剌哈孙","1","1","2"
"兴圣慈仁昭懿寿元皇","1","1","2"
"圣慈仁昭懿寿元皇太","1","1","2"
"慈仁昭懿寿元皇太后","1","1","2"
"左丞相阿忽台等潜谋","1","1","2"
"丞相阿忽台等潜谋立","1","1","2"
"相阿忽台等潜谋立安","1","1","2"
"阿忽台等潜谋立安西","1","1","2"
"忽台等潜谋立安西王","1","1","2"
"台等潜谋立安西王阿","1","1","2"
"等潜谋立安西王阿难","1","1","2"
"潜谋立安西王阿难答","1","1","2"
"子西安王阿剌忒纳失","1","1","2"
"金邢州节度使武贵迎","1","1","2"
"邢州节度使武贵迎降","1","1","2"
"千户按札统大军驻河","1","1","2"
"户按札统大军驻河北","1","1","2"
"脱脱弟阿老瓦丁奋戈","1","1","2"
"脱弟阿老瓦丁奋戈冲","1","1","2"
"虎贲卫亲军都指挥使","1","1","2"
"赠推忠开济翊运功臣","1","1","2"
"劾江淮释教总摄杨辇","1","1","2"
"江淮释教总摄杨辇真","1","1","2"
"淮释教总摄杨辇真加","1","1","2"
"小吏诬告漕臣刘献盗","1","1","2"
"开元府七路征行兵马","1","1","2"
"元府七路征行兵马都","1","1","2"
"府七路征行兵马都元","1","1","2"
"七路征行兵马都元帅","1","1","2"
"选哈必赤军怯怜口等","1","1","2"
"哈必赤军怯怜口等五","1","1","2"
"必赤军怯怜口等五十","1","1","2"
"赤军怯怜口等五十人","1","1","2"
"赠效忠宣力佐命功臣","1","1","2"
"陕西行中书省平章政","1","1","2"
"西行中书省平章政事","1","1","2"
"蒙古诸万户府奥鲁总","1","1","2"
"古诸万户府奥鲁总管","1","1","2"
"平章政事程鹏飞建议","1","1","2"
"章政事程鹏飞建议征","1","1","2"
"政事程鹏飞建议征日","1","1","2"
"事程鹏飞建议征日本","1","1","2"
"右丞相顺德王答剌罕","1","1","2"
"湖广行中书省平章政","1","1","2"
"广行中书省平章政事","1","1","2"
"七品印章敕授局官五","1","1","2"
"品印章敕授局官五十","1","1","2"
"印章敕授局官五十一","1","1","2"
"章敕授局官五十一员","1","1","2"
"元帅石天应守河中府","1","1","2"
"宗王旭烈兀征剌里西","1","1","2"
"王旭烈兀征剌里西番","1","1","2"
"广南西道左右两江宣","1","1","2"
"南西道左右两江宣抚","1","1","2"
"西道左右两江宣抚使","1","1","2"
"太师国王木华黎前锋","1","1","2"
"宋制置使刘雄飞进攻","1","1","2"
"制置使刘雄飞进攻青","1","1","2"
"置使刘雄飞进攻青居","1","1","2"
"使刘雄飞进攻青居山","1","1","2"
"巩昌二十四处宣慰使","1","1","2"
"益都行省军民达鲁花","1","1","2"
"都行省军民达鲁花赤","1","1","2"
"京兆行省都达鲁花赤","1","1","2"
"滁州总管府达鲁花赤","1","1","2"
"滁州路总管府达鲁花","1","1","2"
"云内三州都达鲁花赤","1","1","2"
"置陕西五路西蜀四川","1","1","2"
"西五路西蜀四川行中","1","1","2"
"五路西蜀四川行中书","1","1","2"
"路西蜀四川行中书省","1","1","2"
"增户九千五百六十五","1","1","2"
"军一万二千二百五十","1","1","2"
"一万二千二百五十五","1","1","2"
"钞六千二百二十五锭","1","1","2"
"屯田粮九万七千二十","1","1","2"
"田粮九万七千二十一","1","1","2"
"粮九万七千二十一石","1","1","2"
"命陕西五路四川行院","1","1","2"
"陕西五路四川行院大","1","1","2"
"西五路四川行院大小","1","1","2"
"五路四川行院大小官","1","1","2"
"河南等路宣慰司同知","1","1","2"
"授燕南河北道宣慰司","1","1","2"
"燕南河北道宣慰司同","1","1","2"
"南河北道宣慰司同知","1","1","2"
"西夏中兴等路提刑按","1","1","2"
"夏中兴等路提刑按察","1","1","2"
"中兴等路提刑按察使","1","1","2"
"见天下大权尽归尚书","1","1","2"
"加赠推忠佐理翊运功","1","1","2"
"赠推忠佐理翊运功臣","1","1","2"
"万户忙古歹生擒虎臣","1","1","2"
"宋淮西制置使夏贵等","1","1","2"
"夏贵战舰二千五百艘","2","0","2"
"贵战舰二千五百艘横","2","0","2"
"遣左右司员外郎石天","1","1","2"
"左右司员外郎石天麟","1","1","2"
"议事官张羽等持王荣","1","1","2"
"调淮东都元帅孛鲁欢","1","1","2"
"囊加歹同宋尚书夏士","1","1","2"
"加歹同宋尚书夏士林","1","1","2"
"湖广等处行尚书省右","1","1","2"
"广等处行尚书省右丞","1","1","2"
"授西川蒙古军马六翼","1","1","2"
"西川蒙古军马六翼新","1","1","2"
"川蒙古军马六翼新附","1","1","2"
"蒙古军马六翼新附军","1","1","2"
"古军马六翼新附军招","1","1","2"
"军马六翼新附军招讨","1","1","2"
"马六翼新附军招讨使","1","1","2"
"阿剌罕同断事官杨仁","1","1","2"
"剌罕同断事官杨仁风","1","1","2"
"福建道长司宣慰使都","1","1","2"
"建道长司宣慰使都元","1","1","2"
"道长司宣慰使都元帅","1","1","2"
"南河北道提刑按察副","1","1","2"
"河北道提刑按察副使","1","1","2"
"建议加上祖宗尊谥庙","1","1","2"
"议加上祖宗尊谥庙号","1","1","2"
"遣阿鲁浑萨理奉皇太","1","1","2"
"阿鲁浑萨理奉皇太子","1","1","2"
"授江西等处行中书省","1","1","2"
"陕西五路四川行省左","1","1","2"
"西五路四川行省左右","1","1","2"
"五路四川行省左右司","1","1","2"
"路四川行省左右司员","1","1","2"
"四川行省左右司员外","1","1","2"
"川行省左右司员外郎","1","1","2"
"陕西等处万户府达鲁","1","1","2"
"西等处万户府达鲁花","1","1","2"
"等处万户府达鲁花赤","1","1","2"
"皇后欲立安西王阿难","1","1","2"
"后欲立安西王阿难答","1","1","2"
"授蕲县万户府达鲁花","1","1","2"
"蕲县万户府达鲁花赤","1","1","2"
"荆湖等处行枢密院副","1","1","2"
"湖等处行枢密院副使","1","1","2"
"授同知湖广等处行枢","1","1","2"
"同知湖广等处行枢密","1","1","2"
"知湖广等处行枢密院","1","1","2"
"湖广等处行枢密院事","1","1","2"
"蒙古侍卫亲军副都指","1","1","2"
"古侍卫亲军副都指挥","1","1","2"
"侍卫亲军副都指挥使","1","1","2"
"王合必赤讨李璮济南","2","0","2"
"宋将孙虎臣战丁家洲","2","0","2"
"高邮路总管府达鲁花","1","1","2"
"邮路总管府达鲁花赤","1","1","2"
"福建等处征蛮都元帅","1","1","2"
"左卫亲军都指挥使司","1","1","2"
"卫亲军都指挥使司事","1","1","2"
"湖占城等处行中书参","1","1","2"
"占城等处行中书参知","1","1","2"
"城等处行中书参知政","1","1","2"
"等处行中书参知政事","1","1","2"
"爪主婿土罕必阇耶降","2","0","2"
"江西行尚书省都镇抚","1","1","2"
"行省参政河南淮北蒙","1","1","2"
"省参政河南淮北蒙古","1","1","2"
"参政河南淮北蒙古军","1","1","2"
"政河南淮北蒙古军都","1","1","2"
"河南淮北蒙古军都万","1","1","2"
"南淮北蒙古军都万户","1","1","2"
"淮北蒙古军都万户朵","1","1","2"
"北蒙古军都万户朵列","1","1","2"
"蒙古军都万户朵列图","1","1","2"
"迁陕西汉中道肃政廉","2","0","2"
"西汉中道肃政廉访司","1","1","2"
"汉中道肃政廉访司佥","1","1","2"
"中道肃政廉访司佥事","1","1","2"
"东建康道肃政廉访使","1","1","2"
"迁江南行台御史大夫","2","0","2"
"汉军万户府达鲁花赤","1","1","2"
"加镇守海口侍卫亲军","1","1","2"
"镇守海口侍卫亲军屯","1","1","2"
"守海口侍卫亲军屯储","1","1","2"
"中书平章政事月阔察","1","1","2"
"云南大理宣慰司镇西","1","1","2"
"南大理宣慰司镇西路","1","1","2"
"奎章阁学士院供奉学","1","1","2"
"章阁学士院供奉学士","1","1","2"
"西台御史蒙古鲁海牙","1","1","2"
"陕西汉中道廉访副使","1","1","2"
"特命太平同监修国史","1","1","2"
"同知枢密院事刘哈剌","1","1","2"
"诏江浙行省参知政事","2","0","2"
"江浙行省参知政事樊","1","1","2"
"浙行省参知政事樊执","1","1","2"
"行省参知政事樊执敬","1","1","2"
"强娶平章政事庆童女","1","1","2"
"行台御史大夫普化帖","1","1","2"
"台御史大夫普化帖木","1","1","2"
"花河南行省平章政事","2","0","2"
"平章政事答失八都鲁","1","1","2"
"章政事答失八都鲁征","1","1","2"
"知枢密院事完者帖木","1","1","2"
"知枢密院事悟良哈台","1","1","2"
"枢密院事悟良哈台总","1","1","2"
"同知河南行枢密院事","1","1","2"
"寻江浙行省平章政事","2","0","2"
"淮南行省平章政事失","1","1","2"
"南行省平章政事失列","1","1","2"
"行省平章政事失列门","1","1","2"
"省平章政事失列门引","1","1","2"
"平章政事失列门引兵","1","1","2"
"命治书侍御史左答纳","1","1","2"
"治书侍御史左答纳失","1","1","2"
"书侍御史左答纳失理","1","1","2"
"侍御史左答纳失理守","1","1","2"
"御史左答纳失理守城","1","1","2"
"史左答纳失理守城中","1","1","2"
"时湖广行省平章政事","1","1","2"
"同知漳州路总管府事","1","1","2"
"改浙东道宣慰使都元","2","0","2"
"两淮万户府达鲁花赤","1","1","2"
"江浙行省左右司郎中","1","1","2"
"大司农达识帖木迩等","1","1","2"
"怀宁县达鲁花赤伯家","1","1","2"
"宁县达鲁花赤伯家奴","1","1","2"
"县达鲁花赤伯家奴战","1","1","2"
"达鲁花赤伯家奴战死","1","1","2"
"元帅胡伯颜统水军戍","1","1","2"
"朝廷遣宦官伯颜催督","1","1","2"
"廷遣宦官伯颜催督绣","1","1","2"
"命脱忽台传旨四怯薛","1","1","2"
"南江北道肃政廉访副","1","1","2"
"江北道肃政廉访副使","1","1","2"
"江西行省平章政事道","1","1","2"
"西行省平章政事道童","1","1","2"
"江浙行省左右司员外","1","1","2"
"浙行省左右司员外郎","1","1","2"
"长芦置局造海船三百","1","1","2"
"芦置局造海船三百艘","1","1","2"
"佥山北道肃政廉访司","1","1","2"
"山北道肃政廉访司事","1","1","2"
"罕哈哈剌海行枢密知","1","1","2"
"哈哈剌海行枢密知院","1","1","2"
"哈剌海行枢密知院益","1","1","2"
"剌海行枢密知院益老","1","1","2"
"海行枢密知院益老答","1","1","2"
"辽东丹王突欲八世孙","1","1","2"
"经国议制寅亮佐运功","1","1","2"
"国议制寅亮佐运功臣","1","1","2"
"江淮京湖南北路宣抚","1","1","2"
"淮京湖南北路宣抚使","1","1","2"
"兴州节度使赵守玉反","1","1","2"
"授蒙古汉军兵马都元","1","1","2"
"授右副北京等七路兵","1","1","2"
"右副北京等七路兵马","1","1","2"
"副北京等七路兵马都","1","1","2"
"北京等七路兵马都元","1","1","2"
"京等七路兵马都元帅","1","1","2"
"霸州御衣局人匠都达","1","1","2"
"州御衣局人匠都达鲁","1","1","2"
"御衣局人匠都达鲁花","1","1","2"
"衣局人匠都达鲁花赤","1","1","2"
"行北京七路兵马都元","1","1","2"
"北京七路兵马都元帅","1","1","2"
"京七路兵马都元帅府","1","1","2"
"七路兵马都元帅府事","1","1","2"
"山东东西道巡行劝农","1","1","2"
"东东西道巡行劝农使","1","1","2"
"同国王木华黎攻破燕","1","1","2"
"国王木华黎攻破燕京","1","1","2"
"兵四十万复取山后诸","1","1","2"
"四十万复取山后诸州","1","1","2"
"同都元帅答海绀卜征","1","1","2"
"都元帅答海绀卜征西","1","1","2"
"元帅答海绀卜征西川","1","1","2"
"宋制置夏贵率军五万","1","1","2"
"古徐鬼国讹夷朵等城","1","1","2"
"江汉大都督府理问官","1","1","2"
"陕西河东路行台兵马","1","1","2"
"西河东路行台兵马都","1","1","2"
"河东路行台兵马都元","1","1","2"
"东路行台兵马都元帅","1","1","2"
"咸平路宣抚使蒲鲜万","1","1","2"
"平路宣抚使蒲鲜万奴","1","1","2"
"太平路军民达鲁花赤","1","1","2"
"河东南路兵马都总管","1","1","2"
"国王木华黎驻兵桓州","1","1","2"
"遇金监军纳兰率冀州","1","1","2"
"金监军纳兰率冀州节","1","1","2"
"监军纳兰率冀州节度","1","1","2"
"军纳兰率冀州节度使","1","1","2"
"纳兰率冀州节度使柴","1","1","2"
"兰率冀州节度使柴茂","1","1","2"
"率冀州节度使柴茂等","1","1","2"
"赵州庆源军节度副使","1","1","2"
"算大小一切诸衙门等","1","1","2"
"大小一切诸衙门等事","1","1","2"
"北河南道提刑按察副","1","1","2"
"河南道提刑按察副使","1","1","2"
"中山真定等路招讨使","1","1","2"
"河北西路兵马副都总","1","1","2"
"北西路兵马副都总管","1","1","2"
"霸州平曲水寨管民官","1","1","2"
"同知大名路兵马都总","1","1","2"
"知大名路兵马都总管","1","1","2"
"大名路兵马都总管事","1","1","2"
"处州路总管府达鲁花","1","1","2"
"大名路尚书省下都元","1","1","2"
"名路尚书省下都元帅","1","1","2"
"皇太弟国王驻兵河上","1","1","2"
"东平军马攻钓鱼山苦","1","1","2"
"平军马攻钓鱼山苦竹","1","1","2"
"军马攻钓鱼山苦竹寨","1","1","2"
"同知淮西道宣慰司事","1","1","2"
"真定等路万户府参谋","1","1","2"
"丞相伯颜杀丁家洲降","1","1","2"
"相伯颜杀丁家洲降卒","1","1","2"
"帝命中书令耶律楚材","1","1","2"
"帝遣侍卫亲军千户王","1","1","2"
"遣侍卫亲军千户王岑","1","1","2"
"辽阳等处行尚书省右","1","1","2"
"阳等处行尚书省右丞","1","1","2"
"叛王哈丹等窜入高丽","1","1","2"
"命右卫指挥使秃满歹","1","1","2"
"右卫指挥使秃满歹率","1","1","2"
"卫指挥使秃满歹率轻","1","1","2"
"宋黄州制置使陈奕降","1","1","2"
"商议辽阳等处行中书","1","1","2"
"议辽阳等处行中书省","1","1","2"
"辽阳等处行中书省事","1","1","2"
"改佥书西蜀四川行尚","1","1","2"
"佥书西蜀四川行尚书","1","1","2"
"书西蜀四川行尚书省","1","1","2"
"西蜀四川行尚书省事","1","1","2"
"进伐木开道七百余里","1","1","2"
"巩等二十余州事皆听","1","1","2"
"新卫达鲁花赤撒吉思","1","1","2"
"文炳率义士四十六骑","1","1","2"
"臣所部千户私役兵士","1","1","2"
"所部千户私役兵士四","1","1","2"
"部千户私役兵士四人","1","1","2"
"文炳命招讨使王世强","1","1","2"
"文蔚率邓州一军西行","1","1","2"
"江淮荆湖南北等路宣","1","1","2"
"淮荆湖南北等路宣抚","1","1","2"
"遣礼部尚书中都海牙","1","1","2"
"弟行枢密院都事郝庸","1","1","2"
"行枢密院都事郝庸入","1","1","2"
"枢密院都事郝庸入宋","1","1","2"
"宋太祖遣曹彬取南唐","1","1","2"
"子贞仿前代观察采访","1","1","2"
"诏子贞参议军前行中","1","1","2"
"子贞参议军前行中书","1","1","2"
"贞参议军前行中书省","1","1","2"
"参议军前行中书省事","1","1","2"
"同行汉军都元帅府事","1","1","2"
"东平总管严实兴学养","1","1","2"
"平总管严实兴学养士","1","1","2"
"衡水县达鲁花赤忙兀","1","1","2"
"御史台纠察朝廷百官","1","1","2"
"宰相执政者二十余人","1","1","2"
"宋将夏贵率战船三千","1","1","2"
"将夏贵率战船三千艘","1","1","2"
"夏贵率战船三千艘援","1","1","2"
"福建行中书省参知政","1","1","2"
"建行中书省参知政事","1","1","2"
"颜余党哈丹秃鲁干复","1","1","2"
"余党哈丹秃鲁干复叛","1","1","2"
"佥书沿江行枢密院事","1","1","2"
"招讨使行右副都元帅","1","1","2"
"参知政事行福建宣慰","1","1","2"
"知政事行福建宣慰使","1","1","2"
"汀州总管府同知阿里","1","1","2"
"参议枢密院事费正寅","1","1","2"
"西汉中道提刑按察使","1","1","2"
"中书左丞耶律老哥劝","1","1","2"
"书左丞耶律老哥劝雄","1","1","2"
"左丞耶律老哥劝雄飞","1","1","2"
"行省平章政事阿里海","1","1","2"
"省平章政事阿里海牙","1","1","2"
"始建十路征收课税使","1","1","2"
"陕西四川规措军储转","1","1","2"
"西四川规措军储转运","1","1","2"
"四川规措军储转运使","1","1","2"
"陕西五路西蜀四川廉","1","1","2"
"西五路西蜀四川廉访","1","1","2"
"五路西蜀四川廉访都","1","1","2"
"路西蜀四川廉访都转","1","1","2"
"西蜀四川廉访都转运","1","1","2"
"蜀四川廉访都转运使","1","1","2"
"湖广平章政事阔里吉","1","1","2"
"广平章政事阔里吉思","1","1","2"
"广西两江道宣慰副使","1","1","2"
"贺州官粟三千五百石","1","1","2"
"州官粟三千五百石赈","1","1","2"
"时行省平章哈剌哈孙","1","1","2"
"行省平章哈剌哈孙察","1","1","2"
"掠男女四百八十二口","1","1","2"
"王府吏卒横暴扰民者","1","1","2"
"陕西五路西蜀四川课","1","1","2"
"西五路西蜀四川课程","1","1","2"
"五路西蜀四川课程屯","1","1","2"
"路西蜀四川课程屯田","1","1","2"
"西蜀四川课程屯田事","1","1","2"
"赐守敬钞万二千五百","1","1","2"
"守敬钞万二千五百贯","1","1","2"
"云南三十七部都元帅","1","1","2"
"南三十七部都元帅宝","1","1","2"
"三十七部都元帅宝合","1","1","2"
"十七部都元帅宝合丁","1","1","2"
"临安广西道军民宣抚","1","1","2"
"安广西道军民宣抚使","1","1","2"
"授知归德府行枢密院","1","1","2"
"知归德府行枢密院经","1","1","2"
"归德府行枢密院经历","1","1","2"
"同知浙东宣慰使司事","1","1","2"
"陕西四川道按察副使","1","1","2"
"西川行枢密院发兵围","1","1","2"
"叙州等处蛮夷部宣抚","1","1","2"
"州等处蛮夷部宣抚使","1","1","2"
"东西道提刑按察副使","1","1","2"
"福建所辖郡县五十余","1","1","2"
"江西湖东道提刑按察","1","1","2"
"西湖东道提刑按察使","1","1","2"
"时江浙行省丞相忙古","1","1","2"
"江浙行省丞相忙古台","1","1","2"
"同知绍兴路总管府事","1","1","2"
"同知两浙都转运司事","1","1","2"
"调陕西汉中道提刑按","1","1","2"
"西汉中道提刑按察副","1","1","2"
"汉中道提刑按察副使","1","1","2"
"佥河南江北等处行中","1","1","2"
"江北等处行中书省事","1","1","2"
"河东道提刑按察副使","1","1","2"
"授陕西汉中道肃政廉","1","1","2"
"河北河南肃政廉访使","1","1","2"
"江西行省平章马合谋","1","1","2"
"佥江东建康道肃政廉","1","1","2"
"东建康道肃政廉访司","1","1","2"
"建康道肃政廉访司事","1","1","2"
"淮西江北道提刑按察","1","1","2"
"西江北道提刑按察副","1","1","2"
"江北道提刑按察副使","1","1","2"
"四川北道宣慰司经历","1","1","2"
"西蜀四川道提刑按察","1","1","2"
"蜀四川道提刑按察司","1","1","2"
"陕西汉中道巡行劝农","1","1","2"
"西汉中道巡行劝农副","1","1","2"
"汉中道巡行劝农副使","1","1","2"
"陕西行中书省理问官","1","1","2"
"西汉中道肃政廉访副","1","1","2"
"汉中道肃政廉访副使","1","1","2"
"浙东海右道肃政廉访","1","1","2"
"东海右道肃政廉访使","1","1","2"
"行台侍御史程钜夫奉","1","1","2"
"台侍御史程钜夫奉诏","1","1","2"
"侍御史程钜夫奉诏搜","1","1","2"
"御史程钜夫奉诏搜访","1","1","2"
"岭北湖南道肃政廉访","1","1","2"
"北湖南道肃政廉访使","1","1","2"
"中书平章政事麦术丁","1","1","2"
"行御史台监察御史周","1","1","2"
"御史台监察御史周祚","1","1","2"
"欠一万三千一百余锭","1","1","2"
"太学博士义乌施南学","1","1","2"
"世祖命御史大夫相威","1","1","2"
"扬州儒学正李淦上书","1","1","2"
"六万九千八百六十二","1","1","2"
"万九千八百六十二顷","1","1","2"
"粟十五万一千一百斛","1","1","2"
"东东西道提刑按察司","1","1","2"
"汉中道提刑按察司副","1","1","2"
"中道提刑按察司副使","1","1","2"
"佥四川道提刑按察司","1","1","2"
"同知保定路总管府事","1","1","2"
"淮东道肃政廉访司使","1","1","2"
"江南行御史台侍御史","1","1","2"
"遣参议中书省事换住","1","1","2"
"令鹰师强收郑国宝妻","1","1","2"
"鹰师强收郑国宝妻古","1","1","2"
"师强收郑国宝妻古哈","1","1","2"
"后同知广州路事塔塔","1","1","2"
"江南诸道行御史台侍","1","1","2"
"南诸道行御史台侍御","1","1","2"
"诸道行御史台侍御史","1","1","2"
"御史大夫脱欢答剌罕","1","1","2"
"陕西诸道行御史台中","2","0","2"
"西诸道行御史台中丞","2","0","2"
"右丞忙兀突鲁迷失请","1","1","2"
"湖广行省平章政事哈","1","1","2"
"广行省平章政事哈剌","1","1","2"
"行省平章政事哈剌哈","1","1","2"
"省平章政事哈剌哈孙","1","1","2"
"平章政事哈剌哈孙答","1","1","2"
"章政事哈剌哈孙答剌","1","1","2"
"政事哈剌哈孙答剌罕","1","1","2"
"同知大都路都总管府","1","1","2"
"知大都路都总管府事","1","1","2"
"河东山西道宣慰司同","1","1","2"
"东山西道宣慰司同知","1","1","2"
"改陕西行台治书侍御","2","0","2"
"婺州路军民人匠提举","1","1","2"
"南行台治书侍御史苟","1","1","2"
"行台治书侍御史苟宗","1","1","2"
"台治书侍御史苟宗道","1","1","2"
"同知桂阳路总管府事","1","1","2"
"御史大夫秃忒哈杂问","2","0","2"
"世祖命希亮问诸降将","1","1","2"
"蒙古汉军征行大元帅","1","1","2"
"文州吐蕃万户达鲁花","1","1","2"
"州吐蕃万户达鲁花赤","1","1","2"
"南湖北道肃政廉访司","1","1","2"
"巴县闲田七百八十三","1","1","2"
"县闲田七百八十三顷","1","1","2"
"山东廉访副使王鹏南","1","1","2"
"中书平章政事赵世延","1","1","2"
"奎章阁大学士忽都鲁","1","1","2"
"章阁大学士忽都鲁笃","1","1","2"
"授翰林国史院编修官","2","0","2"
"时平章李孟监修国史","1","1","2"
"赠崇仁昭德推忠守正","1","1","2"
"崇仁昭德推忠守正功","1","1","2"
"仁昭德推忠守正功臣","1","1","2"
"奎章阁学士院侍书学","1","1","2"
"章阁学士院侍书学士","1","1","2"
"中书平章政事彻理帖","1","1","2"
"书平章政事彻理帖木","1","1","2"
"二十四年九月二十一","1","1","2"
"十四年九月二十一日","1","1","2"
"四年九月二十一日卒","1","1","2"
"枢密副使王卜邻吉台","1","1","2"
"蟠龙山建宪宗神御殿","1","1","2"
"入翰林国史院编修官","2","0","2"
"除江南行台治书侍御","2","0","2"
"邻州茶陵富民覃乙死","1","1","2"
"北海南道肃政廉访使","1","1","2"
"福建闽海道肃政廉访","1","1","2"
"建闽海道肃政廉访使","1","1","2"
"福建道宣慰使都元帅","1","1","2"
"广东道宣慰使都元帅","1","1","2"
"江浙行省左右司都事","1","1","2"
"湖广行中书省参知政","1","1","2"
"广行中书省参知政事","1","1","2"
"唐检校司空赠司徒充","1","1","2"
"念皇弟燕帖古思太子","1","1","2"
"迁南安路总管府推官","1","1","2"
"迁南行台治书侍御史","1","1","2"
"治书侍御史奴奴弄权","1","1","2"
"书侍御史奴奴弄权误","1","1","2"
"侍御史奴奴弄权误国","1","1","2"
"江浙行省参知政事朵","1","1","2"
"皇太子东西相向授书","1","1","2"
"遣左司郎中赵琏赐白","1","1","2"
"左司郎中赵琏赐白金","1","1","2"
"陕西行台监察御史刘","1","1","2"
"西行台监察御史刘希","1","1","2"
"行台监察御史刘希曾","1","1","2"
"台监察御史刘希曾等","1","1","2"
"监察御史刘希曾等十","1","1","2"
"察御史刘希曾等十人","1","1","2"
"御史刘希曾等十人共","1","1","2"
"江南行台监察御史余","1","1","2"
"南行台监察御史余观","1","1","2"
"江浙行省丞相达识帖","1","1","2"
"浙行省丞相达识帖睦","1","1","2"
"江南行台监察御史辩","1","1","2"
"诏特授江西肃政廉访","1","1","2"
"特授江西肃政廉访使","1","1","2"
"枢密副使达国珍战死","1","1","2"
"江浙行省左丞相达识","1","1","2"
"浙行省左丞相达识铁","1","1","2"
"行省左丞相达识铁睦","1","1","2"
"省左丞相达识铁睦迩","1","1","2"
"升宜孙行枢密院判官","1","1","2"
"江浙儒学副提举刘基","1","1","2"
"陕西行台侍御史赵世","1","1","2"
"西行台侍御史赵世延","1","1","2"
"荆湖四川宣抚参议官","1","1","2"
"湖广军马钱粮所佥厅","1","1","2"
"两浙都转运盐使司长","1","1","2"
"浙都转运盐使司长山","1","1","2"
"都转运盐使司长山场","1","1","2"
"转运盐使司长山场盐","1","1","2"
"运盐使司长山场盐司","1","1","2"
"盐使司长山场盐司丞","1","1","2"
"宝庆府佥书判官厅公","1","1","2"
"庆府佥书判官厅公事","1","1","2"
"朝廷遣治书侍御史王","1","1","2"
"廷遣治书侍御史王构","1","1","2"
"翰林学士承旨王思廉","1","1","2"
"四川佥省严忠范守成","1","1","2"
"川佥省严忠范守成都","1","1","2"
"命平章廉希宪行中书","1","1","2"
"江西道提刑按察副使","1","1","2"
"升抚州路总管府推官","1","1","2"
"时湖南副使哈剌帖木","1","1","2"
"河东北路兵马都元帅","1","1","2"
"泰州白驹场亭民张士","1","1","2"
"州白驹场亭民张士诚","1","1","2"
"行枢密院判官阿鲁灰","1","1","2"
"枢密院判官阿鲁灰引","1","1","2"
"密院判官阿鲁灰引兵","1","1","2"
"院判官阿鲁灰引兵经","1","1","2"
"判官阿鲁灰引兵经衢","1","1","2"
"官阿鲁灰引兵经衢州","1","1","2"
"遇沔阳府达鲁花赤咬","1","1","2"
"沔阳府达鲁花赤咬住","1","1","2"
"总兵官江浙参政章嘉","1","1","2"
"四川行省左右司郎中","1","1","2"
"迁江西行省左右司郎","1","1","2"
"平章政事阿鲁温沙等","1","1","2"
"集贤侍讲学士闵本死","1","1","2"
"福建行省左右司郎中","1","1","2"
"江西行省左右司都事","1","1","2"
"全罗等处军民万户都","1","1","2"
"罗等处军民万户都元","1","1","2"
"等处军民万户都元帅","1","1","2"
"大名等路提举学校官","1","1","2"
"江东道同知宣慰司事","1","1","2"
"加号辅成赞化保运玄","1","1","2"
"号辅成赞化保运玄教","1","1","2"
"辅成赞化保运玄教大","1","1","2"
"成赞化保运玄教大宗","1","1","2"
"赞化保运玄教大宗师","1","1","2"
"平阳诸路工匠都总管","1","1","2"
"河南等路甲匠都总管","1","1","2"
"大都路军器人匠总管","1","1","2"
"平章阿里海牙遣使求","1","1","2"
"章阿里海牙遣使求炮","1","1","2"
"命帝师八合斯巴建黄","1","1","2"
"帝师八合斯巴建黄金","1","1","2"
"师八合斯巴建黄金塔","1","1","2"
"帝命取明堂针灸铜像","1","1","2"
"阿合马同知开平府事","1","1","2"
"右丞相安童见阿合马","1","1","2"
"算江淮行省平章阿里","1","1","2"
"江淮行省平章阿里伯","1","1","2"
"九十三万二千六百锭","1","1","2"
"甘肃行尚书省参政铁","1","1","2"
"肃行尚书省参政铁木","1","1","2"
"行尚书省参政铁木哥","1","1","2"
"江西行尚书省平章政","1","1","2"
"西行尚书省平章政事","1","1","2"
"行尚书省平章政事忽","1","1","2"
"尚书省平章政事忽都","1","1","2"
"书省平章政事忽都铁","1","1","2"
"省平章政事忽都铁木","1","1","2"
"益都淄莱淘金总管府","1","1","2"
"令侍御史杜思敬等勘","1","1","2"
"侍御史杜思敬等勘验","1","1","2"
"唆海翊运宣力保大功","1","1","2"
"海翊运宣力保大功臣","1","1","2"
"时脱脱方信任汝中柏","1","1","2"
"命知枢密院事秃坚帖","1","1","2"
"知枢密院事秃坚帖木","1","1","2"
"岭北行省丞相知行枢","1","1","2"
"北行省丞相知行枢密","1","1","2"
"行省丞相知行枢密院","1","1","2"
"省丞相知行枢密院事","1","1","2"
"前中书平章政事赤斤","1","1","2"
"中书平章政事赤斤铁","1","1","2"
"书平章政事赤斤铁木","1","1","2"
"前云南行省平章政事","1","1","2"
"云南行省平章政事完","1","1","2"
"南行省平章政事完者","1","1","2"
"翰林学士承旨赵冲共","1","1","2"
"林学士承旨赵冲共讨","1","1","2"
"学士承旨赵冲共讨灭","1","1","2"
"士承旨赵冲共讨灭六","1","1","2"
"承旨赵冲共讨灭六哥","1","1","2"
"遣翰林学士韩就奉表","1","1","2"
"遣国信使兵部侍郎黑","1","1","2"
"计议官伯德孝先等使","1","1","2"
"议官伯德孝先等使日","1","1","2"
"官伯德孝先等使日本","1","1","2"
"遣枢密院副使宋君斐","2","0","2"
"借礼部侍郎金赞等导","2","0","2"
"礼部侍郎金赞等导诏","2","0","2"
"部侍郎金赞等导诏使","2","0","2"
"侍郎金赞等导诏使黑","2","0","2"
"遣大将军康允绍奉表","1","1","2"
"枢密院副使金方庆奉","1","1","2"
"密院副使金方庆奉表","1","1","2"
"总管府判官徐世雄诏","1","1","2"
"遣国王头辇哥等率兵","1","1","2"
"前枢密院经历马希骥","1","1","2"
"陪臣元傅等妄奏头辇","1","1","2"
"臣元傅等妄奏头辇哥","1","1","2"
"元傅等妄奏头辇哥国","1","1","2"
"傅等妄奏头辇哥国王","1","1","2"
"洪茶丘将兵送抵海上","2","0","2"
"禃遣通事将徐称导送","2","0","2"
"遣同知枢密院事李昌","1","1","2"
"同知枢密院事李昌庆","1","1","2"
"知枢密院事李昌庆奉","1","1","2"
"枢密院事李昌庆奉表","1","1","2"
"密院事李昌庆奉表谢","1","1","2"
"将白琚偕张铎等十二","1","1","2"
"白琚偕张铎等十二人","1","1","2"
"琚偕张铎等十二人奉","1","1","2"
"偕张铎等十二人奉表","1","1","2"
"遣西京属城诸达鲁花","1","1","2"
"经略使忻都同洪茶丘","1","1","2"
"枢密院副使奇蕴奉表","1","1","2"
"遣齐安侯王淑上表谢","1","1","2"
"齐安侯王淑上表谢恩","1","1","2"
"门事李信孙等奉表入","1","1","2"
"佥议中赞金方庆奉表","1","1","2"
"遣判秘书寺事朱悦奉","1","1","2"
"判秘书寺事朱悦奉表","1","1","2"
"改铸驸马高丽王印赐","1","1","2"
"赐号推忠宣力定远功","1","1","2"
"号推忠宣力定远功臣","1","1","2"
"征东行省平章阔里吉","1","1","2"
"东行省平章阔里吉思","1","1","2"
"署官府三百五十八所","1","1","2"
"大蒙古国皇帝奉书日","1","1","2"
"蒙古国皇帝奉书日本","1","1","2"
"古国皇帝奉书日本国","1","1","2"
"国皇帝奉书日本国王","1","1","2"
"特命少中大夫秘书监","1","1","2"
"命少中大夫秘书监赵","1","1","2"
"少中大夫秘书监赵良","1","1","2"
"中大夫秘书监赵良弼","1","1","2"
"大夫秘书监赵良弼充","1","1","2"
"日本通事曹介升等上","1","1","2"
"本通事曹介升等上言","1","1","2"
"族人通侍大夫陈奉公","1","1","2"
"员外郎诸卫寄班阮琛","1","1","2"
"知审刑院事杜国计先","1","1","2"
"荆湖占城行省平章政","1","1","2"
"湖占城行省平章政事","1","1","2"
"遣鄂州达鲁花赤赵翥","1","1","2"
"宣使塔海撒里同安南","1","1","2"
"使塔海撒里同安南国","1","1","2"
"塔海撒里同安南国使","1","1","2"
"海撒里同安南国使阮","1","1","2"
"撒里同安南国使阮道","1","1","2"
"里同安南国使阮道学","1","1","2"
"同安南国使阮道学等","1","1","2"
"大越国主宪天体道大","1","1","2"
"越国主宪天体道大明","1","1","2"
"国主宪天体道大明光","1","1","2"
"主宪天体道大明光孝","1","1","2"
"宪天体道大明光孝皇","1","1","2"
"天体道大明光孝皇帝","1","1","2"
"体道大明光孝皇帝陈","1","1","2"
"道大明光孝皇帝陈威","1","1","2"
"大明光孝皇帝陈威晃","1","1","2"
"左丞相阿里海牙平定","1","1","2"
"镇守永州两淮万户府","1","1","2"
"守永州两淮万户府上","1","1","2"
"永州两淮万户府上千","1","1","2"
"州两淮万户府上千户","1","1","2"
"两淮万户府上千户蔡","1","1","2"
"淮万户府上千户蔡荣","1","1","2"
"万户府上千户蔡荣上","1","1","2"
"户府上千户蔡荣上书","1","1","2"
"军五万六千五百七十","1","1","2"
"五万六千五百七十人","1","1","2"
"江西行枢密院副使彻","1","1","2"
"西行枢密院副使彻里","1","1","2"
"行枢密院副使彻里蛮","1","1","2"
"兵部郎中萧泰登持诏","1","1","2"
"取万户张荣实等二人","1","1","2"
"兵部员外郎阿里温沙","1","1","2"
"鄯阐等路宣慰司都元","1","1","2"
"阐等路宣慰司都元帅","1","1","2"
"等路宣慰司都元帅府","1","1","2"
"路宣慰司都元帅府遣","1","1","2"
"宣慰司都元帅府遣乞","1","1","2"
"慰司都元帅府遣乞脱","1","1","2"
"礼部郎中国信使乞脱","1","1","2"
"建宁路安抚使贺天爵","1","1","2"
"遣金齿千额总管阿禾","1","1","2"
"缅王遣盐井大官阿必","1","1","2"
"王遣盐井大官阿必立","1","1","2"
"遣盐井大官阿必立相","1","1","2"
"遣镇西平缅宣抚司达","1","1","2"
"镇西平缅宣抚司达鲁","1","1","2"
"西平缅宣抚司达鲁花","1","1","2"
"平缅宣抚司达鲁花赤","1","1","2"
"广南西道宣慰使马成","1","1","2"
"南西道宣慰使马成旺","1","1","2"
"遣琼州安抚使陈仲达","1","1","2"
"舅宝脱秃花等三十余","1","1","2"
"宝脱秃花等三十余人","1","1","2"
"奉国王信物杂布二百","1","1","2"
"国王信物杂布二百匹","1","1","2"
"第四子利世麻八都八","1","1","2"
"四子利世麻八都八德","1","1","2"
"子利世麻八都八德剌","1","1","2"
"唆都旧制行省舒眉莲","1","1","2"
"都旧制行省舒眉莲港","1","1","2"
"命平章政事阿里海牙","1","1","2"
"平章政事阿里海牙奉","1","1","2"
"章政事阿里海牙奉镇","1","1","2"
"政事阿里海牙奉镇南","1","1","2"
"事阿里海牙奉镇南王","1","1","2"
"阿里海牙奉镇南王脱","1","1","2"
"里海牙奉镇南王脱欢","1","1","2"
"海牙奉镇南王脱欢发","1","1","2"
"牙奉镇南王脱欢发兵","1","1","2"
"设左右军都元帅府二","1","1","2"
"万户张塔剌赤等五百","1","1","2"
"户张塔剌赤等五百余","1","1","2"
"张塔剌赤等五百余人","1","1","2"
"宰相昔剌难答吒耶等","1","1","2"
"相昔剌难答吒耶等五","1","1","2"
"昔剌难答吒耶等五十","1","1","2"
"剌难答吒耶等五十余","1","1","2"
"难答吒耶等五十余人","1","1","2"
"谋臣希宁官沿河泊舟","1","1","2"
"孙参政率万户李明迎","1","1","2"
"二十九年三月二十九","1","1","2"
"十九年三月二十九日","1","1","2"
"福建省平章政事高兴","1","1","2"
"遣广东招讨司达鲁花","1","1","2"
"广东招讨司达鲁花赤","1","1","2"
"东招讨司达鲁花赤杨","1","1","2"
"招讨司达鲁花赤杨庭","1","1","2"
"讨司达鲁花赤杨庭璧","1","1","2"
"佥枢密院事燕铁木儿","0","2","2"
"的达鲁花赤七十二人","0","2","2"
"耶律铸为中书左丞相","0","2","2"
"运司改为都转运盐使","0","2","2"
"司改为都转运盐使司","0","2","2"
"荣祖为昭文馆大学士","0","2","2"
"平章政事赤斤铁木儿","0","2","2"
"不花钱钞一万五千贯","0","2","2"
"为辽阳行省平章政事","0","2","2"
"中都威卫改为忠翊侍","0","2","2"
"都威卫改为忠翊侍卫","0","2","2"
"威卫改为忠翊侍卫亲","0","2","2"
"卫改为忠翊侍卫亲军","0","2","2"
"改为忠翊侍卫亲军都","0","2","2"
"为忠翊侍卫亲军都指","0","2","2"
"任命知枢密院事也儿","0","2","2"
"命知枢密院事也儿吉","0","2","2"
"为岭北行省平章政事","0","2","2"
"任命高昌王铁木儿补","0","2","2"
"命高昌王铁木儿补化","0","2","2"
"赐予西安王阿剌忒纳","0","2","2"
"予西安王阿剌忒纳失","0","2","2"
"知枢密院事脱脱木儿","0","2","2"
"任命江西行省平章政","0","2","2"
"命江西行省平章政事","0","2","2"
"征召云南行省左丞相","0","2","2"
"召云南行省左丞相也","0","2","2"
"皇太后尊号为仪天兴","0","2","2"
"太后尊号为仪天兴圣","0","2","2"
"后尊号为仪天兴圣慈","0","2","2"
"尊号为仪天兴圣慈仁","0","2","2"
"号为仪天兴圣慈仁昭","0","2","2"
"为仪天兴圣慈仁昭懿","0","2","2"
"任湖广行省平章政事","0","2","2"
"任江南行台御史大夫","0","2","2"
"任江西行省参知政事","0","2","2"
"提刑按察司改为肃政","0","2","2"
"刑按察司改为肃政廉","0","2","2"
"按察司改为肃政廉访","0","2","2"
"察司改为肃政廉访司","0","2","2"
"改任河南行省平章政","0","2","2"
"任江南湖北道肃政廉","0","2","2"
"拜山南江北道肃政廉","0","2","2"
"为江南诸道行御史台","0","2","2"
"出任湖广行省左右司","0","2","2"
"阿合马为中书平章政","0","2","2"
"合马为中书平章政事","0","2","2"
"金州等处设置镇边万","0","2","2"
"州等处设置镇边万户","0","2","2"
"等处设置镇边万户府","0","2","2"
"遣明威将军都统领脱","0","2","2"
"略将军副统领刘杰视","0","2","2"
"将军副统领刘杰视察","0","2","2"
"令海道运粮万户张文","0","2","2"
"谥号为法天启运圣武","0","2","2"
"号为法天启运圣武皇","0","2","2"
"为法天启运圣武皇帝","0","2","2"
"派阿里海去责备汪罕","0","2","2"
"荧惑星干犯房宿天区","0","2","2"
"皇孙失烈门为继承人","0","2","2"
"兀良合台送他们到皇","0","2","2"
"良合台送他们到皇帝","0","2","2"
"中书左丞张文谦为大","0","2","2"
"书左丞张文谦为大名","0","2","2"
"诏令十个路的宣抚司","0","2","2"
"王鹗为翰林学士承旨","0","2","2"
"廉希宪为中书省右丞","0","2","2"
"带花纹的绸缎各三百","0","2","2"
"花纹的绸缎各三百匹","0","2","2"
"有功的军官二千五百","0","2","2"
"功的军官二千五百两","0","2","2"
"的军官二千五百两白","0","2","2"
"军官二千五百两白银","0","2","2"
"任命许衡为国子祭酒","0","2","2"
"平章政事赛典赤兼管","0","2","2"
"任命平章政事赛典赤","0","2","2"
"事情发觉之后被处死","0","2","2"
"都元帅钦察戍守青居","0","2","2"
"元帅钦察戍守青居山","0","2","2"
"礼部尚书马月合乃兼","0","2","2"
"铁一百零三万七千斤","0","2","2"
"诸侯王只必帖木儿部","0","2","2"
"设置传送紧急公文的","0","2","2"
"置传送紧急公文的急","0","2","2"
"传送紧急公文的急递","0","2","2"
"送紧急公文的急递铺","0","2","2"
"皇上在太庙举行祭祀","0","2","2"
"照每年的常例赐给诸","0","2","2"
"每年的常例赐给诸侯","0","2","2"
"年的常例赐给诸侯王","0","2","2"
"的常例赐给诸侯王黄","0","2","2"
"常例赐给诸侯王黄金","0","2","2"
"王王礻直派遣使臣奉","0","2","2"
"王礻直派遣使臣奉上","0","2","2"
"礻直派遣使臣奉上表","0","2","2"
"直派遣使臣奉上表章","0","2","2"
"由官府供给耕牛农具","0","2","2"
"西行省的大臣上奏说","0","2","2"
"年的历书赐给高丽国","0","2","2"
"任命领中书省左右部","0","2","2"
"命领中书省左右部兼","0","2","2"
"领中书省左右部兼诸","0","2","2"
"中书省左右部兼诸路","0","2","2"
"王礻直派遣他的大臣","0","2","2"
"陈光日丙派遣使臣奉","0","2","2"
"光日丙派遣使臣奉上","0","2","2"
"日丙派遣使臣奉上表","0","2","2"
"丙派遣使臣奉上表章","0","2","2"
"使臣奉上表章前来进","0","2","2"
"臣奉上表章前来进贡","0","2","2"
"礻直派遣使臣前来恭","0","2","2"
"直派遣使臣前来恭贺","0","2","2"
"派遣使臣前来恭贺新","0","2","2"
"遣使臣前来恭贺新年","0","2","2"
"将子弟组成的质子军","0","2","2"
"派遣使臣祭祀五岳四","0","2","2"
"遣使臣祭祀五岳四渎","0","2","2"
"行枢密院改为行中书","0","2","2"
"枢密院改为行中书省","0","2","2"
"把他治下的百姓隶属","0","2","2"
"他治下的百姓隶属于","0","2","2"
"申令严禁在京畿地区","0","2","2"
"白金星干犯轩辕座大","0","2","2"
"金星干犯轩辕座大星","0","2","2"
"王王礻直派遣他的秘","0","2","2"
"王礻直派遣他的秘书","0","2","2"
"礻直派遣他的秘书监","0","2","2"
"前来恭贺皇帝的寿诞","0","2","2"
"来恭贺皇帝的寿诞佳","0","2","2"
"恭贺皇帝的寿诞佳节","0","2","2"
"阿术部下有功的将士","0","2","2"
"术部下有功的将士二","0","2","2"
"丞相塔察儿为御史大","0","2","2"
"相塔察儿为御史大夫","0","2","2"
"给安南国王陈光日丙","0","2","2"
"派遣使者祭祀五岳四","0","2","2"
"遣使者祭祀五岳四渎","0","2","2"
"各路发生旱灾和蝗灾","0","2","2"
"王王礻直派遣他的世","0","2","2"
"王礻直派遣他的世子","0","2","2"
"礻直派遣他的世子王","0","2","2"
"直派遣他的世子王忄","0","2","2"
"遣他的世子王忄甚前","0","2","2"
"他的世子王忄甚前来","0","2","2"
"的世子王忄甚前来朝","0","2","2"
"世子王忄甚前来朝见","0","2","2"
"高丽国的世子王忄甚","0","2","2"
"安庆公王氵昌为国王","0","2","2"
"日丙派遣使臣前来进","0","2","2"
"丙派遣使臣前来进贡","0","2","2"
"参与掌管尚书省事务","0","2","2"
"高丽国王派遣使臣来","0","2","2"
"行中书省改为行尚书","0","2","2"
"中书省改为行尚书省","0","2","2"
"减免今年丝税银的十","0","2","2"
"免今年丝税银的十分","0","2","2"
"今年丝税银的十分之","0","2","2"
"年丝税银的十分之三","0","2","2"
"宋军将领范文虎率领","0","2","2"
"皇帝赐给高丽国王王","0","2","2"
"帝赐给高丽国王王礻","0","2","2"
"照每年的常例赐给先","0","2","2"
"每年的常例赐给先朝","0","2","2"
"年的常例赐给先朝的","0","2","2"
"的常例赐给先朝的后","0","2","2"
"常例赐给先朝的后妃","0","2","2"
"例赐给先朝的后妃以","0","2","2"
"赐给先朝的后妃以及","0","2","2"
"给先朝的后妃以及诸","0","2","2"
"先朝的后妃以及诸侯","0","2","2"
"朝的后妃以及诸侯王","0","2","2"
"的后妃以及诸侯王黄","0","2","2"
"后妃以及诸侯王黄金","0","2","2"
"安抚使阿海占领珍岛","0","2","2"
"皇上的车驾从上都抵","0","2","2"
"上的车驾从上都抵达","0","2","2"
"是自古以来所没有的","0","2","2"
"判处死刑的罪犯共一","0","2","2"
"处死刑的罪犯共一百","0","2","2"
"死刑的罪犯共一百零","0","2","2"
"随便产生怀疑和恐惧","0","2","2"
"赐给他们不同数量的","0","2","2"
"等路的行枢密院事务","0","2","2"
"昌等二十四处便宜行","0","2","2"
"等二十四处便宜行事","0","2","2"
"命翰林学士承旨和礼","0","2","2"
"派遣使臣前来进贡地","0","2","2"
"遣使臣前来进贡地方","0","2","2"
"使臣前来进贡地方特","0","2","2"
"臣前来进贡地方特产","0","2","2"
"全国共有一百九十六","0","2","2"
"国共有一百九十六万","0","2","2"
"王王忄甚派遣他的枢","0","2","2"
"王忄甚派遣他的枢密","0","2","2"
"川行枢密院也速带儿","0","2","2"
"符宝郎董文忠上奏说","0","2","2"
"宋朝嘉定安抚使昝万","0","2","2"
"朝嘉定安抚使昝万寿","0","2","2"
"派遣兵部尚书廉希贤","0","2","2"
"都统制张林献城投降","0","2","2"
"降宋朝淮东制置使李","0","2","2"
"带着皇上的诏书前去","0","2","2"
"着皇上的诏书前去招","0","2","2"
"皇上的诏书前去招降","0","2","2"
"宋朝的沿江制置使赵","0","2","2"
"朝的沿江制置使赵氵","0","2","2"
"的沿江制置使赵氵晋","0","2","2"
"翰林学士承旨撒的迷","0","2","2"
"林学士承旨撒的迷底","0","2","2"
"学士承旨撒的迷底里","0","2","2"
"为行中书省参知政事","0","2","2"
"带着诏书前去招降宋","0","2","2"
"着诏书前去招降宋朝","0","2","2"
"皇帝的车驾从上都抵","0","2","2"
"帝的车驾从上都抵达","0","2","2"
"星干犯轩辕星座的大","0","2","2"
"干犯轩辕星座的大星","0","2","2"
"川行枢密院佥事昝顺","0","2","2"
"行枢密院佥事昝顺上","0","2","2"
"枢密院佥事昝顺上奏","0","2","2"
"密院佥事昝顺上奏说","0","2","2"
"已经投降又重新叛变","0","2","2"
"路连降大雨伤害庄稼","0","2","2"
"枢密院副使张易兼管","0","2","2"
"密院副使张易兼管秘","0","2","2"
"院副使张易兼管秘书","0","2","2"
"副使张易兼管秘书监","0","2","2"
"率领他的军队前来归","0","2","2"
"领他的军队前来归顺","0","2","2"
"在北京处置中书省事","0","2","2"
"北京处置中书省事务","0","2","2"
"和战死者不同数额的","0","2","2"
"任命行中书省参知政","0","2","2"
"命行中书省参知政事","0","2","2"
"东道宣慰使阿剌罕为","0","2","2"
"道宣慰使阿剌罕为中","0","2","2"
"宣慰使阿剌罕为中书","0","2","2"
"慰使阿剌罕为中书左","0","2","2"
"使阿剌罕为中书左丞","0","2","2"
"署理江东道宣慰使吕","0","2","2"
"理江东道宣慰使吕文","0","2","2"
"东道宣慰使吕文焕为","0","2","2"
"道宣慰使吕文焕为中","0","2","2"
"宣慰使吕文焕为中书","0","2","2"
"判处死刑的罪犯三十","0","2","2"
"廉洁而有才能的官员","0","2","2"
"令扬州行中书省挑选","0","2","2"
"隶属于云南行中书省","0","2","2"
"按察司的治所迁移到","0","2","2"
"他的佥议中赞金方庆","0","2","2"
"的佥议中赞金方庆前","0","2","2"
"安西王的丞相李德辉","0","2","2"
"中书省大臣请求任命","0","2","2"
"专管赋税方面的事务","0","2","2"
"赐给诸侯王阿只吉粮","0","2","2"
"给河西行中书省钱钞","0","2","2"
"河西行中书省钱钞一","0","2","2"
"西行中书省钱钞一万","0","2","2"
"行中书省钱钞一万锭","0","2","2"
"南国的世子陈日火亘","0","2","2"
"下诏禁止他们这样做","0","2","2"
"赐给钱钞一万二千五","0","2","2"
"给钱钞一万二千五百","0","2","2"
"王只必帖木儿请求在","0","2","2"
"高丽国王王贝春前来","0","2","2"
"丽国王王贝春前来朝","0","2","2"
"国王王贝春前来朝见","0","2","2"
"加授高丽国王王贝春","0","2","2"
"天师张宗演前来朝廷","0","2","2"
"任命高丽国王王贝春","0","2","2"
"丽国王王贝春派遣使","0","2","2"
"国王王贝春派遣使臣","0","2","2"
"皇帝的车驾返回皇宫","0","2","2"
"的秩禄升格为从三品","0","2","2"
"太阴星遮蔽心宿的东","0","2","2"
"阴星遮蔽心宿的东星","0","2","2"
"任命瓮吉剌带为中书","0","2","2"
"的秩禄升格为正三品","0","2","2"
"王王贝春派遣他的大","0","2","2"
"王贝春派遣他的大将","0","2","2"
"贝春派遣他的大将军","0","2","2"
"臣认为御史台的官员","0","2","2"
"太白金星干犯昴宿天","0","2","2"
"白金星干犯昴宿天区","0","2","2"
"授予高丽国王王贝春","0","2","2"
"太白金星干犯轩辕星","0","2","2"
"白金星干犯轩辕星座","0","2","2"
"荧惑星干犯鬼宿天区","0","2","2"
"处死刑的罪犯共二百","0","2","2"
"死刑的罪犯共二百七","0","2","2"
"刑的罪犯共二百七十","0","2","2"
"把江淮行省的治所迁","0","2","2"
"人奉上表章前来朝廷","0","2","2"
"建造征伐日本的战船","0","2","2"
"陈日火亘派遣他的中","0","2","2"
"日火亘派遣他的中大","0","2","2"
"火亘派遣他的中大夫","0","2","2"
"的按察司隶属于御史","0","2","2"
"按察司隶属于御史台","0","2","2"
"皇帝在京师的近郊行","0","2","2"
"帝在京师的近郊行猎","0","2","2"
"宣慰司兼都转运使司","0","2","2"
"御史中丞阿剌帖木儿","0","2","2"
"侍御史白秃剌帖木儿","0","2","2"
"高丽派遣使臣来进贡","0","2","2"
"丽派遣使臣来进贡地","0","2","2"
"云南行中书省上奏说","0","2","2"
"江淮行省平章政事忙","0","2","2"
"淮行省平章政事忙兀","0","2","2"
"行省平章政事忙兀带","0","2","2"
"院的职俸升格为正二","0","2","2"
"的职俸升格为正二品","0","2","2"
"星干犯太微西垣的上","0","2","2"
"干犯太微西垣的上将","0","2","2"
"犯太微西垣的上将星","0","2","2"
"江淮行省忙兀带上奏","0","2","2"
"淮行省忙兀带上奏说","0","2","2"
"太白金星干犯亢宿天","0","2","2"
"白金星干犯亢宿天区","0","2","2"
"降低价格卖给贫苦百","0","2","2"
"低价格卖给贫苦百姓","0","2","2"
"全年判处死刑的罪囚","0","2","2"
"年判处死刑的罪囚共","0","2","2"
"高丽国王王贝春请求","0","2","2"
"县连降大雨伤害庄稼","0","2","2"
"行省的五千名士卒前","0","2","2"
"省的五千名士卒前往","0","2","2"
"惑星干犯太微西垣上","0","2","2"
"星干犯太微西垣上将","0","2","2"
"干犯太微西垣上将星","0","2","2"
"犯太微西垣上将星官","0","2","2"
"太白金星干犯垒壁阵","0","2","2"
"白金星干犯垒壁阵星","0","2","2"
"荧惑星干犯太微东垣","0","2","2"
"惑星干犯太微东垣上","0","2","2"
"星干犯太微东垣上相","0","2","2"
"干犯太微东垣上相星","0","2","2"
"辖区内均听从行尚书","0","2","2"
"区内均听从行尚书省","0","2","2"
"内均听从行尚书省节","0","2","2"
"均听从行尚书省节制","0","2","2"
"派遣使臣前来进贡当","0","2","2"
"遣使臣前来进贡当地","0","2","2"
"使臣前来进贡当地特","0","2","2"
"臣前来进贡当地特产","0","2","2"
"海都的军队进犯边境","0","2","2"
"巩昌便宜行事都总帅","0","2","2"
"把利用监的秩禄升格","0","2","2"
"利用监的秩禄升格为","0","2","2"
"刑按察司的治所迁到","0","2","2"
"率领部众一万人进犯","0","2","2"
"按照每年的惯例赏赐","0","2","2"
"岳州华容县发生水灾","0","2","2"
"太阴星干犯垒壁阵星","0","2","2"
"河南江北行省平章政","0","2","2"
"南江北行省平章政事","0","2","2"
"江北行省平章政事伯","0","2","2"
"北行省平章政事伯颜","0","2","2"
"平章政事范文虎监督","0","2","2"
"章政事范文虎监督疏","0","2","2"
"政事范文虎监督疏浚","0","2","2"
"尊谥为圣德神功文武","0","2","2"
"谥为圣德神功文武皇","0","2","2"
"为圣德神功文武皇帝","0","2","2"
"尊谥为昭睿顺圣皇后","0","2","2"
"派遣署理太尉兀都带","0","2","2"
"任命江浙行省平章政","0","2","2"
"太阴星凌犯轩辕御女","0","2","2"
"知枢密院事也儿吉尼","0","2","2"
"已故皇帝谥号于南郊","0","2","2"
"知枢密院事铁木儿脱","0","2","2"
"星凌犯太微垣右执法","0","2","2"
"学士忽都鲁都儿迷失","0","2","2"
"因太皇太后加尊号礼","0","2","2"
"太皇太后加尊号礼完","0","2","2"
"皇太后加尊号礼完成","0","2","2"
"临御大明殿接受百官","0","2","2"
"御大明殿接受百官朝","0","2","2"
"大明殿接受百官朝贺","0","2","2"
"星凌犯太微垣左执法","0","2","2"
"统领太祖四大斡耳朵","0","2","2"
"领太祖四大斡耳朵及","0","2","2"
"太祖四大斡耳朵及军","0","2","2"
"祖四大斡耳朵及军马","0","2","2"
"倒剌沙为中书平章政","0","2","2"
"剌沙为中书平章政事","0","2","2"
"赐予已故监察御史观","0","2","2"
"予已故监察御史观音","0","2","2"
"已故监察御史观音保","0","2","2"
"怀王图帖睦尔出居于","0","2","2"
"王图帖睦尔出居于建","0","2","2"
"图帖睦尔出居于建康","0","2","2"
"木儿不花等人钱钞不","0","2","2"
"诸侯王不赛因派遣使","0","2","2"
"侯王不赛因派遣使者","0","2","2"
"王不赛因派遣使者进","0","2","2"
"不赛因派遣使者进贡","0","2","2"
"中书左丞跃里帖木儿","0","2","2"
"前任翰林学士承旨不","0","2","2"
"任翰林学士承旨不答","0","2","2"
"翰林学士承旨不答失","0","2","2"
"林学士承旨不答失里","0","2","2"
"追尊皇妣亦乞烈氏为","0","2","2"
"尊皇妣亦乞烈氏为仁","0","2","2"
"皇妣亦乞烈氏为仁献","0","2","2"
"妣亦乞烈氏为仁献章","0","2","2"
"亦乞烈氏为仁献章圣","0","2","2"
"乞烈氏为仁献章圣皇","0","2","2"
"烈氏为仁献章圣皇后","0","2","2"
"任命陕西行台御史大","0","2","2"
"命陕西行台御史大夫","0","2","2"
"御史台官员以此奏闻","0","2","2"
"派遣翰林学士承旨阿","0","2","2"
"学士承旨阿邻帖木儿","0","2","2"
"铁木儿补化等人以明","0","2","2"
"木儿补化等人以明宗","0","2","2"
"儿补化等人以明宗即","0","2","2"
"补化等人以明宗即皇","0","2","2"
"化等人以明宗即皇帝","0","2","2"
"等人以明宗即皇帝位","0","2","2"
"人以明宗即皇帝位之","0","2","2"
"以明宗即皇帝位之事","0","2","2"
"文宗接受皇太子之宝","0","2","2"
"尊谥为翼献景孝皇帝","0","2","2"
"总管兵马于北方边地","0","2","2"
"宗正扎鲁忽赤阔阔出","0","2","2"
"正扎鲁忽赤阔阔出等","0","2","2"
"赐给镇南王铁木儿不","0","2","2"
"给镇南王铁木儿不花","0","2","2"
"知枢密院事也速台儿","0","2","2"
"也速台儿知行枢密院","0","2","2"
"速台儿知行枢密院事","0","2","2"
"上都诸侯王忽剌台等","0","2","2"
"都诸侯王忽剌台等人","0","2","2"
"诸侯王忽剌台等人率","0","2","2"
"侯王忽剌台等人率兵","0","2","2"
"封燕铁木儿为太平王","0","2","2"
"和已故平章张王圭的","0","2","2"
"已故平章张王圭的儿","0","2","2"
"故平章张王圭的儿子","0","2","2"
"古元帅不花帖木儿等","0","2","2"
"元帅不花帖木儿等人","0","2","2"
"王月璐不花为御史中","0","2","2"
"月璐不花为御史中丞","0","2","2"
"十三人田地宅第赐给","0","2","2"
"赐给西安王阿剌忒纳","0","2","2"
"给西安王阿剌忒纳失","0","2","2"
"任命御史中丞王月璐","0","2","2"
"命御史中丞王月璐不","0","2","2"
"御史中丞王月璐不花","0","2","2"
"史中丞王月璐不花为","0","2","2"
"丞王月璐不花为太禧","0","2","2"
"王月璐不花为太禧使","0","2","2"
"西域诸侯王燕只吉台","0","2","2"
"被授予集贤侍讲学士","0","2","2"
"诸侯王封地达鲁花赤","0","2","2"
"幄殿举行除灾求福的","0","2","2"
"殿举行除灾求福的祭","0","2","2"
"举行除灾求福的祭祀","0","2","2"
"行除灾求福的祭祀活","0","2","2"
"除灾求福的祭祀活动","0","2","2"
"将山东河北蒙古军大","0","2","2"
"帖木儿不花为宣让王","0","2","2"
"于是派遣使者征召诸","0","2","2"
"尊皇太后为太皇太后","0","2","2"
"立安西王阿难答为帝","0","2","2"
"世祖采纳了这个建议","0","2","2"
"夏贵以战舰二千五百","0","2","2"
"贵以战舰二千五百艘","0","2","2"
"入朝为中书平章政事","0","2","2"
"调任陕西汉中道肃政","0","2","2"
"任陕西汉中道肃政廉","0","2","2"
"派他出京为河南行省","0","2","2"
"他出京为河南行省左","0","2","2"
"出京为河南行省左丞","0","2","2"
"京为河南行省左丞相","0","2","2"
"大宗正府也可扎鲁火","0","2","2"
"宗正府也可扎鲁火赤","0","2","2"
"贬御史大夫懿怜真班","0","2","2"
"起用为江浙行省参知","0","2","2"
"用为江浙行省参知政","0","2","2"
"因出身于官宦之家而","0","2","2"
"为淮南行省平章政事","0","2","2"
"调任江浙行省平章政","0","2","2"
"拜江南行台监察御史","0","2","2"
"任浙东道宣慰使都元","0","2","2"
"左丞之职行大名等路","0","2","2"
"丞之职行大名等路宣","0","2","2"
"之职行大名等路宣抚","0","2","2"
"职行大名等路宣抚司","0","2","2"
"选贵族子弟进行教育","0","2","2"
"为集贤大学士兼国子","0","2","2"
"集贤大学士兼国子祭","0","2","2"
"贤大学士兼国子祭酒","0","2","2"
"任佥河北河南道提刑","0","2","2"
"为陕西汉中道提刑按","0","2","2"
"为江南行台御史中丞","0","2","2"
"大都路总管兼大兴府","0","2","2"
"为翰林国史院编修官","0","2","2"
"彧又同御史大夫玉昔","0","2","2"
"又同御史大夫玉昔帖","0","2","2"
"集贤学士兼国子祭酒","0","2","2"
"别薛为参知行省政事","0","2","2"
"年授江浙行省参知政","0","2","2"
"进京任翰林国史院编","0","2","2"
"京任翰林国史院编修","0","2","2"
"任翰林国史院编修官","0","2","2"
"史大夫也先帖木儿说","0","2","2"
"任陕西行台监察御史","0","2","2"
"秃坚帖木儿及老的沙","0","2","2"
"国王的书信催促高丽","0","2","2"
"其枢密院副使宋君斐","0","2","2"
"礻直遣世子忄甚入朝","0","2","2"
