"N-gram","元史","元史翻译","Total"
"行省平章政事","78","93","171"
"中书平章政事","75","76","151"
"翰林学士承旨","62","65","127"
"开府仪同三司","48","48","96"
"行省参知政事","47","47","94"
"亲军都指挥使","37","38","75"
"同知枢密院事","36","27","63"
"金紫光禄大夫","28","28","56"
"卫亲军都指挥","25","28","53"
"参议中书省事","27","25","52"
"省大臣上奏说","0","52","52"
"书省参知政事","17","33","50"
"中书参知政事","28","21","49"
"书省大臣上奏","0","49","49"
"道提刑按察司","26","22","48"
"江浙行省平章","23","25","48"
"道肃政廉访使","23","24","47"
"书省平章政事","18","27","45"
"南行省平章政","20","23","43"
"中书省参知政","15","28","43"
"高丽国王王礻","0","43","43"
"丽国王王礻直","0","43","43"
"行中书省左丞","19","22","41"
"等处行中书省","24","17","41"
"太白金星干犯","0","41","41"
"高丽国王王禃","40","0","40"
"浙行省平章政","17","22","39"
"翰林侍讲学士","20","19","39"
"中书省大臣上","0","39","39"
"为中书平章政","0","37","37"
"行台御史大夫","19","17","36"
"中书省平章政","14","21","35"
"江浙行省左丞","15","19","34"
"阿剌忒纳失里","16","16","32"
"湖北道宣慰使","16","16","32"
"行台监察御史","17","15","32"
"宣慰使都元帅","15","16","31"
"国史院编修官","17","13","30"
"河南行省平章","14","16","30"
"行中书省参知","13","17","30"
"王阿剌忒纳失","14","14","28"
"道提刑按察使","13","14","27"
"江西行省平章","13","14","27"
"江南行台御史","14","13","27"
"行中书省平章","12","14","26"
"西行省平章政","11","15","26"
"省左右司郎中","13","13","26"
"丽国王王禃遣","26","0","26"
"国王王礻直派","0","26","26"
"王王礻直派遣","0","26","26"
"昭文馆大学士","13","12","25"
"侍卫亲军都指","12","13","25"
"西道提刑按察","13","12","25"
"星干犯井宿天","0","25","25"
"干犯井宿天区","0","25","25"
"知行枢密院事","12","12","24"
"江浙行省参知","12","12","24"
"浙行省参知政","12","12","24"
"台治书侍御史","12","12","24"
"西川行枢密院","10","14","24"
"高丽国王王贝","0","24","24"
"丽国王王贝春","0","24","24"
"陕西行台御史","10","13","23"
"银青荣禄大夫","12","11","23"
"提刑按察副使","11","12","23"
"集贤侍讲学士","11","12","23"
"西安王阿剌忒","11","11","22"
"安王阿剌忒纳","11","11","22"
"商议中书省事","11","11","22"
"北道肃政廉访","11","11","22"
"行省左右司郎","11","11","22"
"江南行台监察","12","10","22"
"南行台监察御","12","10","22"
"判处死刑的罪","0","22","22"
"江东道宣慰使","9","12","21"
"太阴星干犯井","0","21","21"
"阴星干犯井宿","0","21","21"
"星干犯毕宿天","0","21","21"
"干犯毕宿天区","0","21","21"
"军都指挥使司","10","10","20"
"河南行省左丞","9","11","20"
"南行省左丞相","9","11","20"
"昭睿顺圣皇后","10","10","20"
"同佥枢密院事","12","8","20"
"行枢密院副使","10","10","20"
"星干犯房宿天","0","20","20"
"干犯房宿天区","0","20","20"
"道肃政廉访司","10","9","19"
"为中书右丞相","0","19","19"
"处死刑的罪犯","0","19","19"
"太阴星干犯毕","0","19","19"
"阴星干犯毕宿","0","19","19"
"浙东道宣慰使","9","9","18"
"浙行省左丞相","8","10","18"
"龙虎卫上将军","9","9","18"
"道提刑按察副","9","9","18"
"安南国王陈光","8","10","18"
"四川行枢密院","7","11","18"
"荆湖占城行省","8","10","18"
"江南行御史台","8","10","18"
"行台治书侍御","9","9","18"
"为中书左丞相","0","18","18"
"诸侯王阿只吉","0","18","18"
"万户府达鲁花","10","7","17"
"户府达鲁花赤","10","7","17"
"荆湖北道宣慰","9","8","17"
"云南行中书省","5","12","17"
"安西王阿难答","9","8","17"
"北道提刑按察","8","8","16"
"平章军国重事","10","6","16"
"四川行中书省","5","11","16"
"奎章阁学士院","8","8","16"
"江西行省左丞","8","8","16"
"西行省参知政","7","9","16"
"西平王奥鲁赤","8","8","16"
"湖广行省左丞","9","7","16"
"陕西行台侍御","10","6","16"
"西行台侍御史","10","6","16"
"为翰林学士承","0","16","16"
"派遣使臣前来","0","16","16"
"王礻直派遣他","0","16","16"
"礻直派遣他的","0","16","16"
"院大臣上奏说","0","16","16"
"银二千五百两","11","4","15"
"湖广行省平章","8","7","15"
"提刑按察司事","8","7","15"
"行台御史中丞","7","8","15"
"南行省参知政","8","7","15"
"淮西制置使夏","7","8","15"
"西制置使夏贵","7","8","15"
"高丽国王王睶","15","0","15"
"全年判处死刑","0","15","15"
"年判处死刑的","0","15","15"
"枢密院大臣上","0","15","15"
"密院大臣上奏","0","15","15"
"御史台大臣上","0","15","15"
"干犯鬼宿天区","0","15","15"
"西行台御史大","7","7","14"
"江浙行省右丞","8","6","14"
"徽仁裕圣皇后","7","7","14"
"南行台御史大","8","6","14"
"东道提刑按察","7","7","14"
"佥书枢密院事","8","6","14"
"遣使代祀岳渎","14","0","14"
"征东行中书省","6","8","14"
"加开府仪同三","8","6","14"
"鲁国大长公主","7","7","14"
"任命参知政事","0","14","14"
"王只必帖木儿","0","14","14"
"车驾临幸上都","0","14","14"
"进贡地方特产","0","14","14"
"史台大臣上奏","0","14","14"
"台大臣上奏说","0","14","14"
"星干犯鬼宿天","0","14","14"
"中书省官员上","0","14","14"
"书省官员上言","0","14","14"
"处行中书省平","6","7","13"
"翰林国史院编","7","6","13"
"林国史院编修","7","6","13"
"行中书省右丞","6","7","13"
"肃政廉访副使","7","6","13"
"加镇国上将军","8","5","13"
"江浙行中书省","7","6","13"
"总管府达鲁花","7","6","13"
"管府达鲁花赤","7","6","13"
"参议枢密院事","6","7","13"
"的车驾从上都","0","13","13"
"星干犯斗宿天","0","13","13"
"干犯斗宿天区","0","13","13"
"至元二十四年","0","13","13"
"至元二十九年","0","13","13"
"大圣寿万安寺","6","6","12"
"都转运盐使司","6","6","12"
"中书省左丞相","4","8","12"
"武宁王彻彻秃","6","6","12"
"广行省平章政","6","6","12"
"翰林侍读学士","6","6","12"
"宣慰司都元帅","7","5","12"
"东道肃政廉访","5","7","12"
"道宣慰使都元","6","6","12"
"路兵马都元帅","6","6","12"
"左丞相耶律铸","6","6","12"
"大都路总管府","6","6","12"
"东川行枢密院","4","8","12"
"州路达鲁花赤","8","4","12"
"江淮行中书省","4","8","12"
"纳速剌丁灭里","6","6","12"
"齐王月鲁帖木","6","6","12"
"大承天护圣寺","6","6","12"
"南行台治书侍","6","6","12"
"淮南行省平章","6","6","12"
"任命中书右丞","0","12","12"
"诸侯王只必帖","0","12","12"
"侯王只必帖木","0","12","12"
"派遣使臣代表","0","12","12"
"遣使臣代表皇","0","12","12"
"代表皇帝祭祀","0","12","12"
"淮西行枢密院","4","7","11"
"陕西行省平章","5","6","11"
"钞二万五千贯","6","5","11"
"四川行省平章","7","4","11"
"江西行省参知","5","6","11"
"授镇国上将军","6","5","11"
"应奉翰林文字","6","5","11"
"河南行省参知","6","5","11"
"等处行尚书省","8","3","11"
"犯太微西垣上","9","2","11"
"太微西垣上将","9","2","11"
"大夫玉速帖木","5","6","11"
"福建行中书省","4","7","11"
"江西行枢密院","4","7","11"
"行御史台中丞","7","4","11"
"至元二十一年","0","11","11"
"诸侯王塔察儿","0","11","11"
"行中书省事务","0","11","11"
"的车驾临幸上","0","11","11"
"使臣代表皇帝","0","11","11"
"臣代表皇帝祭","0","11","11"
"表皇帝祭祀五","0","11","11"
"干犯垒壁阵星","0","11","11"
"星干犯亢宿天","0","11","11"
"干犯亢宿天区","0","11","11"
"阿鲁辉帖木儿","0","11","11"
"河南等路宣慰","5","5","10"
"翊侍卫亲军都","5","5","10"
"云南行省右丞","4","6","10"
"湖广行省参知","6","4","10"
"广行省参知政","6","4","10"
"北行省平章政","4","6","10"
"北等处行中书","5","5","10"
"南江北等处行","5","5","10"
"丞相伯颜南征","5","5","10"
"浙西道宣慰使","5","5","10"
"奎章阁大学士","5","5","10"
"尚书省平章政","4","6","10"
"集贤侍读学士","5","5","10"
"中书左司都事","5","5","10"
"东西道提刑按","5","5","10"
"平章政事赛典","4","6","10"
"章政事赛典赤","4","6","10"
"国王王禃遣使","10","0","10"
"路总管府判官","5","5","10"
"大护国仁王寺","5","5","10"
"制置使李庭芝","4","6","10"
"林学士承旨撒","4","6","10"
"扬州都统姜才","5","5","10"
"议中赞金方庆","5","5","10"
"御史大夫玉速","4","6","10"
"史大夫玉速帖","4","6","10"
"右丞相铁木迭","5","5","10"
"左右司员外郎","5","5","10"
"江南行台治书","5","5","10"
"中书左司郎中","5","5","10"
"肃政廉访司事","6","4","10"
"为开府仪同三","0","10","10"
"任命中书左丞","0","10","10"
"至元二十三年","0","10","10"
"数额各不相同","0","10","10"
"奉上表章前来","0","10","10"
"王礻直派遣使","0","10","10"
"礻直派遣使臣","0","10","10"
"执掌中书省事","0","10","10"
"掌中书省事务","0","10","10"
"南国王陈光日","0","10","10"
"国王陈光日丙","0","10","10"
"在太庙举行祭","0","10","10"
"太庙举行祭祀","0","10","10"
"全国共有一百","0","10","10"
"星干犯轩辕星","0","10","10"
"干犯轩辕星座","0","10","10"
"太阴星干犯房","0","10","10"
"阴星干犯房宿","0","10","10"
"来进贡地方特","0","10","10"
"死刑的罪犯共","0","10","10"
"尚书省大臣上","0","10","10"
"枢密院上奏说","0","10","10"
"省官员上言说","0","10","10"
"命令有关部门","0","10","10"
"大明军队占领","0","10","10"
"命知枢密院事","2","7","9"
"四川行省参知","4","5","9"
"川行省参知政","4","5","9"
"皇后弘吉剌氏","5","4","9"
"赐黄金五十两","5","4","9"
"平章阿里海牙","5","4","9"
"川行省平章政","6","3","9"
"知制诰同修国","5","4","9"
"制诰同修国史","5","4","9"
"慰司都元帅府","5","4","9"
"南行台御史中","4","5","9"
"银七千五百两","5","4","9"
"都路达鲁花赤","5","4","9"
"陕西五路西蜀","6","3","9"
"西五路西蜀四","6","3","9"
"五路西蜀四川","6","3","9"
"湖广行中书省","4","5","9"
"前中书平章政","5","4","9"
"昭献元圣皇后","4","5","9"
"授昭勇大将军","6","3","9"
"太常礼仪院事","4","5","9"
"西肃政廉访使","4","5","9"
"御史台侍御史","4","5","9"
"西行台监察御","5","4","9"
"丞相铁木迭儿","0","9","9"
"为中书参知政","0","9","9"
"任命平章政事","0","9","9"
"入朝觐见皇上","0","9","9"
"的世子王忄甚","0","9","9"
"中书省上奏说","0","9","9"
"赐给诸侯王阿","0","9","9"
"皇上的车驾从","0","9","9"
"上的车驾从上","0","9","9"
"太阴星干犯轩","0","9","9"
"阴星干犯轩辕","0","9","9"
"掌管中书省事","0","9","9"
"管中书省事务","0","9","9"
"前来恭贺新年","0","9","9"
"品秩为正三品","0","9","9"
"星干犯垒壁阵","0","9","9"
"免征今年的田","0","9","9"
"征今年的田租","0","9","9"
"太阴星干犯鬼","0","9","9"
"阴星干犯鬼宿","0","9","9"
"至元二十八年","0","9","9"
"赈济粮食两个","0","9","9"
"济粮食两个月","0","9","9"
"赈济粮食一个","0","9","9"
"济粮食一个月","0","9","9"
"奕赫抵雅尔丁","0","9","9"
"南等路宣慰使","4","4","8"
"南河北道提刑","4","4","8"
"河北道提刑按","4","4","8"
"南道肃政廉访","4","4","8"
"云南行省左丞","4","4","8"
"辽阳行省平章","4","4","8"
"阳行省平章政","4","4","8"
"忠翊侍卫亲军","4","4","8"
"湘宁王八剌失","4","4","8"
"宁王八剌失里","4","4","8"
"岭北行省平章","4","4","8"
"知枢密院事秃","4","4","8"
"枢密院事铁木","4","4","8"
"江西等处行中","5","3","8"
"西等处行中书","5","3","8"
"河南江北等处","4","4","8"
"江北等处行中","4","4","8"
"侍卫都指挥使","4","4","8"
"丞相哈剌哈孙","3","5","8"
"知制诰修国史","8","0","8"
"行尚书省平章","4","4","8"
"路兵马都总管","4","4","8"
"西行省左右司","4","4","8"
"陕西汉中道提","4","4","8"
"西汉中道提刑","4","4","8"
"汉中道提刑按","4","4","8"
"中道提刑按察","4","4","8"
"户部尚书王巨","4","4","8"
"部尚书王巨济","4","4","8"
"同知宣徽院事","5","3","8"
"礼部侍郎殷弘","4","4","8"
"二十一年三月","4","4","8"
"河北西路兵马","4","4","8"
"中书令耶律楚","4","4","8"
"书令耶律楚材","4","4","8"
"圣德神功文武","4","4","8"
"德神功文武皇","4","4","8"
"神功文武皇帝","4","4","8"
"大名等路宣抚","3","5","8"
"南国王陈光昞","8","0","8"
"银四百五十两","4","4","8"
"等路行中书省","5","3","8"
"国子祭酒许衡","4","4","8"
"中书省左右司","4","4","8"
"政事阿里海牙","4","4","8"
"北平王南木合","4","4","8"
"都元帅张德润","4","4","8"
"淮西宣慰使昂","4","4","8"
"西宣慰使昂吉","4","4","8"
"江淮行省左丞","4","4","8"
"蒙古侍卫亲军","4","4","8"
"省平章政事阿","3","5","8"
"安南国王陈日","3","5","8"
"辽阳行省左丞","4","4","8"
"平章政事伯颜","3","5","8"
"监察御史观音","4","4","8"
"御史大夫铁失","4","4","8"
"隆镇卫指挥使","4","4","8"
"监察御史劾奏","5","3","8"
"陕西汉中道肃","4","4","8"
"西汉中道肃政","4","4","8"
"汉中道肃政廉","4","4","8"
"中道肃政廉访","4","4","8"
"阶金紫光禄大","4","4","8"
"江浙行省丞相","4","4","8"
"东道宣慰使都","4","4","8"
"陕西行台监察","4","4","8"
"均任参知政事","0","8","8"
"大雨伤害庄稼","0","8","8"
"为集贤大学士","0","8","8"
"钱钞一万五千","0","8","8"
"钞一万五千贯","0","8","8"
"为江浙行省平","0","8","8"
"王帖木儿不花","0","8","8"
"为江浙行省左","0","8","8"
"至元三十一年","0","8","8"
"赐给高丽国王","0","8","8"
"派遣使臣奉上","0","8","8"
"遣使臣奉上表","0","8","8"
"使臣奉上表章","0","8","8"
"遣使臣前来进","0","8","8"
"使臣前来进贡","0","8","8"
"给诸侯王阿只","0","8","8"
"新归附的百姓","0","8","8"
"处置中书省事","0","8","8"
"置中书省事务","0","8","8"
"派遣使臣来进","0","8","8"
"皇帝的车驾临","0","8","8"
"帝的车驾临幸","0","8","8"
"星干犯右执法","0","8","8"
"干犯右执法星","0","8","8"
"荧惑星干犯太","0","8","8"
"星干犯太微西","0","8","8"
"干犯太微西垣","0","8","8"
"皇帝祭祀五岳","0","8","8"
"高丽国王王忄","0","8","8"
"丽国王王忄甚","0","8","8"
"按察司的治所","0","8","8"
"察司的治所迁","0","8","8"
"国王王贝春派","0","8","8"
"王王贝春派遣","0","8","8"
"星干犯氐宿天","0","8","8"
"干犯氐宿天区","0","8","8"
"为金紫光禄大","0","8","8"
"至元二十五年","0","8","8"
"粮食予以赈济","0","8","8"
"王月鲁帖木儿","0","8","8"
"入朝拜见皇帝","0","8","8"
"金二百五十两","4","3","7"
"平章政事赵世","4","3","7"
"知枢密院事铁","4","3","7"
"蒙古军都元帅","3","4","7"
"钦察亲军都指","4","3","7"
"察亲军都指挥","4","3","7"
"升参议中书省","4","3","7"
"西道肃政廉访","4","3","7"
"诸道行御史台","5","2","7"
"海道运粮万户","4","3","7"
"银二百五十两","4","3","7"
"西夏中兴等路","5","2","7"
"河南等路行中","4","3","7"
"南等路行中书","4","3","7"
"参知政事阿里","3","4","7"
"川行枢密院事","4","3","7"
"中书省右丞相","2","5","7"
"枢密副使张易","4","3","7"
"汉天师张宗演","4","3","7"
"扬州行中书省","2","5","7"
"江淮行省平章","3","4","7"
"平章政事阿里","3","4","7"
"御史中丞崔彧","7","0","7"
"江西行省参政","4","3","7"
"命翰林学士承","1","6","7"
"湖广行省右丞","3","4","7"
"尚书省参知政","2","5","7"
"河南江北行省","3","4","7"
"太常礼仪院使","4","3","7"
"察御史观音保","3","4","7"
"御史大夫纽泽","4","3","7"
"遣翰林学士承","4","3","7"
"林学士承旨阿","4","3","7"
"翰林国史院官","3","4","7"
"路总管府达鲁","3","4","7"
"河南道提刑按","3","4","7"
"南道提刑按察","3","4","7"
"福建道宣慰使","4","3","7"
"为中书省参知","0","7","7"
"连降大雨伤害","0","7","7"
"降大雨伤害庄","0","7","7"
"为昭文馆大学","0","7","7"
"设立行枢密院","0","7","7"
"孛罗帖木儿为","0","7","7"
"知制诰兼修国","0","7","7"
"制诰兼修国史","0","7","7"
"为镇国上将军","0","7","7"
"为治书侍御史","0","7","7"
"太祖二十一年","0","7","7"
"抄没他的家产","0","7","7"
"便宜行事都总","0","7","7"
"宜行事都总帅","0","7","7"
"太阴星干犯斗","0","7","7"
"阴星干犯斗宿","0","7","7"
"遣使臣来进贡","0","7","7"
"星干犯轩辕座","0","7","7"
"惑星干犯太微","0","7","7"
"粮食赈济饥民","0","7","7"
"不同数额的银","0","7","7"
"行中书省上奏","0","7","7"
"潭州行中书省","0","7","7"
"的治所迁移到","0","7","7"
"前来进贡当地","0","7","7"
"进贡当地特产","0","7","7"
"的秩禄升格为","0","7","7"
"司的治所迁到","0","7","7"
"至元二十二年","0","7","7"
"属于湖广行省","0","7","7"
"太阴星干犯氐","0","7","7"
"阴星干犯氐宿","0","7","7"
"星凌犯垒壁阵","0","7","7"
"咬儿哈的迷失","0","7","7"
"下令有关部门","0","7","7"
"同意这项提议","0","7","7"
"为怀远大将军","0","7","7"
"枢密院断事官","3","3","6"
"东左副都元帅","3","3","6"
"提刑按察司副","3","3","6"
"刑按察司副使","3","3","6"
"南行中书省左","3","3","6"
"江西榷茶转运","2","4","6"
"参知政事忻都","3","3","6"
"参议尚书省事","3","3","6"
"安南国王陈益","3","3","6"
"南国王陈益稷","3","3","6"
"平章政事麦术","3","3","6"
"章政事麦术丁","3","3","6"
"御史大夫脱欢","3","3","6"
"江西行省右丞","3","3","6"
"知枢密院事火","3","3","6"
"枢密院事火沙","3","3","6"
"陕西行省左丞","3","3","6"
"平章政事秃坚","3","3","6"
"木知枢密院事","6","0","6"
"太子爱猷识理","3","3","6"
"子爱猷识理达","3","3","6"
"爱猷识理达腊","3","3","6"
"仪天兴圣慈仁","3","3","6"
"天兴圣慈仁昭","3","3","6"
"兴圣慈仁昭懿","3","3","6"
"圣慈仁昭懿寿","3","3","6"
"慈仁昭懿寿元","3","3","6"
"河南行中书省","3","3","6"
"左卫亲军都指","3","3","6"
"蒙古军都万户","3","3","6"
"等处行枢密院","3","3","6"
"佥都元帅府事","3","3","6"
"中书右司员外","3","3","6"
"书右司员外郎","3","3","6"
"西行省左丞相","3","3","6"
"中书右司郎中","3","3","6"
"山北辽东道提","3","3","6"
"北辽东道提刑","3","3","6"
"辽东道提刑按","3","3","6"
"燕南河北道肃","3","3","6"
"南河北道肃政","3","3","6"
"河北道肃政廉","3","3","6"
"道肃政廉访副","3","3","6"
"赠翰林学士承","3","3","6"
"湖北道提刑按","3","3","6"
"湖北道肃政廉","3","3","6"
"山南江北道肃","3","3","6"
"南江北道肃政","3","3","6"
"江北道肃政廉","3","3","6"
"江南诸道行御","3","3","6"
"南诸道行御史","3","3","6"
"湖广行省左右","3","3","6"
"广行省左右司","3","3","6"
"处行中书省左","3","3","6"
"两浙都转运盐","3","3","6"
"浙都转运盐使","3","3","6"
"十一年十一月","2","4","6"
"武略将军副统","3","3","6"
"礼部尚书柴椿","3","3","6"
"北西路兵马都","3","3","6"
"西路兵马都元","3","3","6"
"燕京路宣慰使","3","3","6"
"礼部郎中孟甲","3","3","6"
"八百三十三两","3","3","6"
"右丞相史天泽","3","3","6"
"巩昌路总帅汪","2","4","6"
"昌路总帅汪惟","2","4","6"
"路总帅汪惟正","2","4","6"
"平章政事赵璧","3","3","6"
"定路达鲁花赤","5","1","6"
"国王王禃遣臣","6","0","6"
"云南王忽哥赤","3","3","6"
"高丽世子王愖","6","0","6"
"荧惑犯太微西","6","0","6"
"惑犯太微西垣","6","0","6"
"太子赞善王恂","3","3","6"
"忽都鲁揭里迷","3","3","6"
"都鲁揭里迷失","3","3","6"
"符宝郎董文忠","3","3","6"
"副都元帅张德","3","3","6"
"中书右丞阿里","3","3","6"
"淮东制置使李","3","3","6"
"东制置使李庭","3","3","6"
"国信使廉希贤","3","3","6"
"脱博忽鲁秃花","3","3","6"
"宋扬州都统姜","4","2","6"
"贞懿顺圣昭天","3","3","6"
"懿顺圣昭天睿","3","3","6"
"顺圣昭天睿文","3","3","6"
"圣昭天睿文光","3","3","6"
"昭天睿文光应","3","3","6"
"天睿文光应皇","3","3","6"
"睿文光应皇后","3","3","6"
"两浙大都督府","3","3","6"
"千六百七十二","3","3","6"
"福建路宣慰使","3","3","6"
"安抚使杨邦宪","2","4","6"
"二万一千六百","3","3","6"
"丽国王王睶遣","6","0","6"
"佥议中赞金方","2","4","6"
"一万二千五百","2","4","6"
"二万一千五百","3","3","6"
"学士承旨撒里","2","4","6"
"士承旨撒里蛮","2","4","6"
"四千九百四十","3","3","6"
"道宣慰司同知","3","3","6"
"便宜都总帅府","5","1","6"
"行中书省丞相","2","4","6"
"日烜遣中大夫","6","0","6"
"广东宣慰使月","3","3","6"
"治书侍御史陈","3","3","6"
"书侍御史陈天","3","3","6"
"侍御史陈天祥","3","3","6"
"万六千二百锭","3","3","6"
"四千三百二十","3","3","6"
"浙东道宣慰副","3","3","6"
"东道宣慰副使","3","3","6"
"行尚书省节制","3","3","6"
"西行枢密院副","3","3","6"
"平章政事秃满","3","3","6"
"行尚书省参政","3","3","6"
"山东东西道提","3","3","6"
"东东西道提刑","3","3","6"
"二万二千八百","3","3","6"
"幸大圣寿万安","3","3","6"
"御史大夫月鲁","4","2","6"
"庄懿慈圣皇后","3","3","6"
"平章政事李孟","3","3","6"
"省平章政事伯","2","4","6"
"书平章政事塔","3","3","6"
"昌王八剌失里","3","3","6"
"林学士承旨斡","3","3","6"
"大天源延圣寺","3","3","6"
"翼献景孝皇帝","3","3","6"
"仁献章圣皇后","3","3","6"
"书平章政事哈","3","3","6"
"平章政事哈八","3","3","6"
"文献昭圣皇后","3","3","6"
"左丞相倒剌沙","3","3","6"
"御史大夫先帖","6","0","6"
"史大夫先帖木","6","0","6"
"东路蒙古元帅","3","3","6"
"皇弟燕帖古思","3","3","6"
"东提刑按察使","3","3","6"
"四川行省左丞","3","3","6"
"陕西行中书省","2","4","6"
"提刑按察司改","2","4","6"
"赐白金五十两","3","3","6"
"福建行省左丞","2","4","6"
"佥行枢密院事","3","3","6"
"广行省左丞相","3","3","6"
"枢密副使孛罗","3","3","6"
"南台御史大夫","3","3","6"
"大都路达鲁花","3","3","6"
"同知太常礼仪","3","3","6"
"知太常礼仪院","3","3","6"
"右丞相搠思监","3","3","6"
"加金紫光禄大","4","2","6"
"丞相达识帖睦","3","3","6"
"右丞相帖木迭","3","3","6"
"浙西肃政廉访","3","3","6"
"江浙行省左右","3","3","6"
"浙行省左右司","3","3","6"
"州管内观察使","3","3","6"
"河北河南道提","3","3","6"
"北河南道提刑","3","3","6"
"四川北道宣慰","3","3","6"
"丞相伯颜伐宋","3","3","6"
"辽阳行省右丞","2","4","6"
"省左右司都事","3","3","6"
"四川道提刑按","3","3","6"
"川道提刑按察","3","3","6"
"御史大夫玉昔","3","3","6"
"史大夫玉昔帖","3","3","6"
"大夫玉昔帖木","3","3","6"
"行御史台侍御","3","3","6"
"御史中丞杨朵","3","3","6"
"陕西行台治书","3","3","6"
"西行台治书侍","3","3","6"
"江西行省左右","3","3","6"
"路总管府推官","3","3","6"
"二十四年正月","3","3","6"
"秘书监赵良弼","3","3","6"
"任命知枢密院","0","6","6"
"知枢密院事也","0","6","6"
"至正二十五年","0","6","6"
"为河南行省左","0","6","6"
"任翰林学士承","0","6","6"
"拜为监察御史","0","6","6"
"兵部侍郎黑的","0","6","6"
"诸侯王和百官","0","6","6"
"太白金星白昼","0","6","6"
"白金星白昼出","0","6","6"
"金星白昼出现","0","6","6"
"赐给诸侯王塔","0","6","6"
"二千五百两白","0","6","6"
"千五百两白银","0","6","6"
"带花纹的绸缎","0","6","6"
"诸侯王合必赤","0","6","6"
"高丽派遣使臣","0","6","6"
"中书省的事务","0","6","6"
"议中书省事务","0","6","6"
"陈光日丙派遣","0","6","6"
"光日丙派遣使","0","6","6"
"日丙派遣使臣","0","6","6"
"派遣使臣进贡","0","6","6"
"给高丽国王王","0","6","6"
"车驾从上都来","0","6","6"
"驾从上都来到","0","6","6"
"庙举行祭祀大","0","6","6"
"举行祭祀大典","0","6","6"
"皇上的车驾临","0","6","6"
"上的车驾临幸","0","6","6"
"祭祀五岳四渎","0","6","6"
"白金星干犯轩","0","6","6"
"金星干犯轩辕","0","6","6"
"太阴星干犯天","0","6","6"
"隶属于宣徽院","0","6","6"
"任命御史中丞","0","6","6"
"驾从上都抵达","0","6","6"
"免除今年的田","0","6","6"
"除今年的田租","0","6","6"
"同数额的银两","0","6","6"
"带着诏书前去","0","6","6"
"诏书前去招降","0","6","6"
"从上都抵达京","0","6","6"
"上都抵达京师","0","6","6"
"颁发诏书招降","0","6","6"
"学士兼国子祭","0","6","6"
"士兼国子祭酒","0","6","6"
"隶属于云南行","0","6","6"
"建造征伐日本","0","6","6"
"皇帝在京师的","0","6","6"
"帝在京师的近","0","6","6"
"在京师的近郊","0","6","6"
"征伐日本的军","0","6","6"
"中书省和御史","0","6","6"
"夫玉速帖木儿","0","6","6"
"星干犯左执法","0","6","6"
"干犯左执法星","0","6","6"
"命令江浙行省","0","6","6"
"陈日火亘派遣","0","6","6"
"任江浙行省左","0","6","6"
"隶属于湖广行","0","6","6"
"太阴星干犯亢","0","6","6"
"阴星干犯亢宿","0","6","6"
"同意这项奏请","0","6","6"
"御史大夫也先","0","6","6"
"史大夫也先帖","0","6","6"
"大夫也先帖木","0","6","6"
"夫也先帖木儿","0","6","6"
"杖责一百零七","0","6","6"
"责一百零七板","0","6","6"
"王月璐不花为","0","6","6"
"燕铁木儿奏请","0","6","6"
"铁木儿奏请将","0","6","6"
"百姓安居乐业","0","6","6"
"减轻人民负担","0","6","6"
"为同知枢密院","0","6","6"
"人民起义反元","0","6","6"
"为江浙行省参","0","6","6"
"掀起反元斗争","0","6","6"
"至正二十四年","0","6","6"
"孛罗帖木儿的","0","6","6"
"帝师八合思八","3","2","5"
"西榷茶转运使","2","3","5"
"一万二千八百","2","3","5"
"省平章政事赵","3","2","5"
"进开府仪同三","4","1","5"
"授开府仪同三","3","2","5"
"江南行台中丞","3","2","5"
"省参知政事张","2","3","5"
"台知枢密院事","3","2","5"
"皇太子爱猷识","3","2","5"
"右卫阿速亲军","3","2","5"
"卫阿速亲军都","3","2","5"
"阿速亲军都指","3","2","5"
"速亲军都指挥","3","2","5"
"佥河南廉访司","3","2","5"
"河南廉访司事","3","2","5"
"河南行省右丞","2","3","5"
"赠金紫光禄大","2","3","5"
"宣抚使廉希宪","3","2","5"
"湖广平章政事","2","3","5"
"书省右司都事","2","3","5"
"授翰林学士承","3","2","5"
"处行中书省参","3","2","5"
"遣礼部尚书柴","3","2","5"
"太师国王木华","3","2","5"
"师国王木华黎","3","2","5"
"州等处都元帅","3","2","5"
"处行尚书省事","4","1","5"
"谕高丽国王王","3","2","5"
"立十路宣抚司","3","2","5"
"中书左丞张文","3","2","5"
"书左丞张文谦","3","2","5"
"名等路宣抚使","2","3","5"
"平章政事王文","2","3","5"
"章政事王文统","2","3","5"
"军民达鲁花赤","3","2","5"
"顺德等路宣慰","3","2","5"
"德等路宣慰使","3","2","5"
"中书省左右部","2","3","5"
"国王陈光昞遣","5","0","5"
"王陈光昞遣使","5","0","5"
"银二万五千两","4","1","5"
"北京行中书省","2","3","5"
"陕西五路四川","3","2","5"
"西五路四川行","3","2","5"
"平章政事忽都","2","3","5"
"中书右丞相伯","2","3","5"
"书右丞相伯颜","2","3","5"
"天下户一百九","5","0","5"
"下户一百九十","5","0","5"
"处行中书省事","3","2","5"
"高丽军民总管","3","2","5"
"代祀岳渎后土","5","0","5"
"宋淮西制置使","3","2","5"
"高丽国王王愖","5","0","5"
"州安抚使田景","2","3","5"
"安抚使田景贤","2","3","5"
"行江东道宣慰","5","0","5"
"宣慰使吕文焕","2","3","5"
"播州安抚使杨","2","3","5"
"州安抚使杨邦","2","3","5"
"新附军五百人","3","2","5"
"一千一百六十","1","4","5"
"钞一万二千五","2","3","5"
"元帅綦公直军","3","2","5"
"省平章政事忽","2","3","5"
"史中丞崔彧言","5","0","5"
"立征东行中书","2","3","5"
"市舶都转运司","3","2","5"
"江西行中书省","1","4","5"
"司都转运使司","5","0","5"
"甘州行中书省","2","3","5"
"江淮行省忙兀","3","2","5"
"淮行省忙兀带","3","2","5"
"犯太微东垣上","3","2","5"
"太微东垣上相","3","2","5"
"道劝农营田司","2","3","5"
"御史台监察御","2","3","5"
"史台监察御史","2","3","5"
"遣中大夫陈克","3","2","5"
"云南行省平章","2","3","5"
"章政事赵世延","3","2","5"
"犯太微垣右执","2","3","5"
"太微垣右执法","2","3","5"
"平章政事塔失","3","2","5"
"失知枢密院事","3","2","5"
"诸王斡耳朵罕","3","2","5"
"学士承旨阿邻","3","2","5"
"士承旨阿邻帖","3","2","5"
"承旨阿邻帖木","3","2","5"
"宗正紥鲁忽赤","5","0","5"
"大崇恩福元寺","3","2","5"
"立安西王阿难","2","3","5"
"授金紫光禄大","4","1","5"
"同佥行枢密院","3","2","5"
"进金紫光禄大","4","1","5"
"宋丞相贾似道","2","3","5"
"转运使卢世荣","2","3","5"
"命同知枢密院","2","3","5"
"建康道肃政廉","2","3","5"
"康道肃政廉访","2","3","5"
"哈剌哈孙答剌","2","3","5"
"剌哈孙答剌罕","2","3","5"
"陕西行台中丞","3","2","5"
"国王木华黎攻","2","3","5"
"高丽权臣林衍","2","3","5"
"淮东道肃政廉","2","3","5"
"河东道廉访使","2","3","5"
"元统元年进士","3","2","5"
"答应他的请求","0","5","5"
"赐给诸侯王也","0","5","5"
"司改为都转运","0","5","5"
"太后为太皇太","0","5","5"
"后为太皇太后","0","5","5"
"王也孙铁木儿","0","5","5"
"赐予燕铁木儿","0","5","5"
"至元二十七年","0","5","5"
"任江浙行省平","0","5","5"
"拜翰林学士承","0","5","5"
"任河南行省平","0","5","5"
"至元二十六年","0","5","5"
"兼国史院编修","0","5","5"
"桩大有功于你","0","5","5"
"大有功于你的","0","5","5"
"有功于你的事","0","5","5"
"派遣他的世子","0","5","5"
"派遣使者前来","0","5","5"
"派遣使臣前去","0","5","5"
"等地行尚书省","0","5","5"
"为中书省右丞","0","5","5"
"朝廷内外官员","0","5","5"
"用畏吾儿文字","0","5","5"
"供给他们耕牛","0","5","5"
"皇上未予允从","0","5","5"
"按照每年的常","0","5","5"
"照每年的常例","0","5","5"
"星干犯昴宿天","0","5","5"
"干犯昴宿天区","0","5","5"
"粮食赈济他们","0","5","5"
"供给他们粮食","0","5","5"
"历书赐给高丽","0","5","5"
"太阴星干犯心","0","5","5"
"阴星干犯心宿","0","5","5"
"皇上的寿诞佳","0","5","5"
"上的寿诞佳节","0","5","5"
"王陈光日丙派","0","5","5"
"使臣来进贡地","0","5","5"
"臣来进贡地方","0","5","5"
"皇帝的车驾返","0","5","5"
"帝的车驾返回","0","5","5"
"儿为御史大夫","0","5","5"
"安庆公王氵昌","0","5","5"
"担任平章政事","0","5","5"
"隶属于中书省","0","5","5"
"御史台的官员","0","5","5"
"国共有一百九","0","5","5"
"共有一百九十","0","5","5"
"车驾从上都抵","0","5","5"
"任中书省平章","0","5","5"
"向太庙敬献祭","0","5","5"
"太庙敬献祭品","0","5","5"
"前来进贡地方","0","5","5"
"国王王忄甚派","0","5","5"
"的士兵一千人","0","5","5"
"名蒙古军士兵","0","5","5"
"请求颁发诏书","0","5","5"
"求颁发诏书招","0","5","5"
"白金星干犯斗","0","5","5"
"金星干犯斗宿","0","5","5"
"各道提刑按察","0","5","5"
"宣慰使昂吉儿","0","5","5"
"冰雹伤害庄稼","0","5","5"
"书省大臣请求","0","5","5"
"千名新附军士","0","5","5"
"钱钞一万二千","0","5","5"
"王贝春派遣他","0","5","5"
"贝春派遣他的","0","5","5"
"来进贡当地特","0","5","5"
"设立行中书省","0","5","5"
"属于云南行省","0","5","5"
"造征伐日本的","0","5","5"
"王也先帖木儿","0","5","5"
"为浙东道宣慰","0","5","5"
"秩禄为正三品","0","5","5"
"太阴星干犯牛","0","5","5"
"阴星干犯牛宿","0","5","5"
"书省和御史台","0","5","5"
"中书省官员说","0","5","5"
"太阴星凌犯斗","0","5","5"
"阴星凌犯斗宿","0","5","5"
"殿做佛事活动","0","5","5"
"为集贤侍讲学","0","5","5"
"星凌犯太微垣","0","5","5"
"锁咬儿哈的迷","0","5","5"
"雨水伤害庄稼","0","5","5"
"赈济平卖粮食","0","5","5"
"御史台官员上","0","5","5"
"史台官员上言","0","5","5"
"为河南行省平","0","5","5"
"进贡当地物产","0","5","5"
"为江南行台御","0","5","5"
"监察御史弹劾","0","5","5"
"为参议中书省","0","5","5"
"访问民间疾苦","0","5","5"
"哈剌亦哈赤北","0","5","5"
"剌亦哈赤北鲁","0","5","5"
"为昭勇大将军","0","5","5"
"为翰林侍讲学","0","5","5"
"以翰林学士承","0","5","5"
"拜中书参知政","0","5","5"
"采纳他的意见","0","5","5"
"出任江浙行省","0","5","5"
"与孛罗帖木儿","0","5","5"
"升为江南行台","0","5","5"
"为江南行台监","0","5","5"
"伯颜不花的斤","0","5","5"
"佥枢密院事燕","2","2","4"
"枢密院事燕铁","2","2","4"
"密院事燕铁木","2","2","4"
"达鲁花赤七十","2","2","4"
"鲁花赤七十二","2","2","4"
"花赤七十二人","2","2","4"
"邢州节度使武","2","2","4"
"州节度使武贵","2","2","4"
"京兆等路宣抚","2","2","4"
"兆等路宣抚使","2","2","4"
"淮东左副都元","2","2","4"
"副都元帅阿里","2","2","4"
"等路宣慰使合","2","2","4"
"路宣慰使合剌","2","2","4"
"宣慰使合剌合","2","2","4"
"慰使合剌合孙","2","2","4"
"河南河北道提","2","2","4"
"等路都转运盐","2","2","4"
"路都转运盐使","2","2","4"
"立提刑按察司","2","2","4"
"礼部尚书谢昌","2","2","4"
"部尚书谢昌元","2","2","4"
"甘肃行省左丞","2","2","4"
"行御史台御史","1","3","4"
"东提刑按察司","2","2","4"
"临安广西道宣","2","2","4"
"安广西道宣抚","2","2","4"
"宣抚司宣慰司","4","0","4"
"湖广等处行中","2","2","4"
"广等处行中书","2","2","4"
"湖南道宣慰副","2","2","4"
"南道宣慰副使","2","2","4"
"一千九百七十","1","3","4"
"海北海南道肃","2","2","4"
"北海南道肃政","2","2","4"
"海南道肃政廉","2","2","4"
"平章政事赤斤","2","2","4"
"章政事赤斤铁","2","2","4"
"政事赤斤铁木","2","2","4"
"岭北行省右丞","2","2","4"
"钞二百五十万","2","2","4"
"二百五十万贯","2","2","4"
"钞七十五万贯","2","2","4"
"左丞相秃忽鲁","2","2","4"
"诸王月鲁铁木","3","1","4"
"岭北行中书省","2","2","4"
"州六万五千户","2","2","4"
"御史中丞曹立","2","2","4"
"中政使尚家奴","2","2","4"
"同知行枢密院","2","2","4"
"遣武宁王彻彻","2","2","4"
"甘肃行省平章","2","2","4"
"高昌王铁木补","4","0","4"
"昌王铁木补化","4","0","4"
"赐西安王阿剌","4","0","4"
"威顺王宽彻花","4","0","4"
"知枢密院事脱","2","2","4"
"枢密院事脱脱","2","2","4"
"密院事脱脱木","2","2","4"
"省平章政事秃","2","2","4"
"圣皇后神御殿","2","2","4"
"召云南行省左","2","2","4"
"平章政事速速","2","2","4"
"南行省左丞姚","2","2","4"
"行省左丞姚炜","2","2","4"
"御史台赃罚钞","3","1","4"
"宣徽副使章吉","2","2","4"
"部尚书八剌哈","2","2","4"
"尚书八剌哈赤","2","2","4"
"右丞相塔失铁","2","2","4"
"丞相塔失铁木","2","2","4"
"辅成赞化保运","2","2","4"
"加录军国重事","2","2","4"
"封知枢密院事","2","2","4"
"河南行省丞相","2","2","4"
"大龙翔集庆寺","2","2","4"
"书平章政事秃","2","2","4"
"伯颜忽都皇后","2","2","4"
"上皇太后尊号","3","1","4"
"曰仪天兴圣慈","3","1","4"
"仁昭懿寿元全","2","2","4"
"昭懿寿元全德","2","2","4"
"懿寿元全德泰","2","2","4"
"寿元全德泰宁","2","2","4"
"元全德泰宁福","2","2","4"
"全德泰宁福庆","2","2","4"
"忠宣力佐命功","2","2","4"
"宣力佐命功臣","2","2","4"
"处行中书省右","3","1","4"
"荆湖占城等处","2","2","4"
"湖占城等处行","2","2","4"
"占城等处行中","2","2","4"
"城等处行中书","2","2","4"
"行中书省理问","2","2","4"
"中书省理问官","2","2","4"
"滁州万户府达","2","2","4"
"州万户府达鲁","2","2","4"
"军万户府达鲁","2","2","4"
"赛典赤赡思丁","1","3","4"
"二路达鲁花赤","2","2","4"
"路宣慰使都元","2","2","4"
"赠推忠佐理功","2","2","4"
"推忠佐理功臣","2","2","4"
"特授光禄大夫","2","2","4"
"金二千五百两","2","2","4"
"加昭毅大将军","3","1","4"
"福建行省平章","2","2","4"
"江南诸道行台","2","2","4"
"南诸道行台御","2","2","4"
"诸道行台御史","2","2","4"
"道行台御史大","2","2","4"
"骠骑卫上将军","2","2","4"
"处行枢密院副","2","2","4"
"忠宣力定远功","2","2","4"
"宣力定远功臣","2","2","4"
"山东路统军司","2","2","4"
"翊亲军都指挥","2","2","4"
"黄金二百五十","1","3","4"
"忠翊侍卫都指","2","2","4"
"翊侍卫都指挥","2","2","4"
"指挥使司达鲁","2","2","4"
"挥使司达鲁花","2","2","4"
"使司达鲁花赤","2","2","4"
"授怀远大将军","3","1","4"
"宣抚司达鲁花","2","2","4"
"抚司达鲁花赤","2","2","4"
"文宗建奎章阁","2","2","4"
"辽东道肃政廉","2","2","4"
"同知通政院事","2","2","4"
"翊运效节功臣","2","2","4"
"北京等路征行","2","2","4"
"京等路征行万","2","2","4"
"等路征行万户","2","2","4"
"襄阳管军万户","2","2","4"
"升镇国上将军","2","2","4"
"淮西道宣慰使","2","2","4"
"西夏中兴道按","2","2","4"
"夏中兴道按察","2","2","4"
"佥行中书省事","2","2","4"
"授龙虎卫上将","3","1","4"
"征东行省右丞","2","2","4"
"皇庆元年三月","2","2","4"
"蒙古汉军都元","2","2","4"
"古汉军都元帅","2","2","4"
"淮东道宣慰使","2","2","4"
"灌田二千余顷","2","2","4"
"道巡行劝农副","2","2","4"
"巡行劝农副使","2","2","4"
"河东山西道提","2","2","4"
"东山西道提刑","2","2","4"
"山西道提刑按","2","2","4"
"南湖北道提刑","2","2","4"
"浙西道提刑按","2","2","4"
"江南湖北道肃","2","2","4"
"南湖北道肃政","2","2","4"
"行御史台治书","2","2","4"
"御史台治书侍","2","2","4"
"史台治书侍御","2","2","4"
"江西肃政廉访","2","2","4"
"东肃政廉访副","2","2","4"
"迁翰林侍讲学","3","1","4"
"佥淮东廉访司","3","1","4"
"淮东廉访司事","3","1","4"
"宣文阁监书博","2","2","4"
"文阁监书博士","2","2","4"
"阳路达鲁花赤","2","2","4"
"山东西道提刑","2","2","4"
"提刑按察使何","2","2","4"
"刑按察使何荣","2","2","4"
"按察使何荣祖","2","2","4"
"尚书省断事官","2","2","4"
"金一百五十两","1","3","4"
"居舍人潘阜等","2","2","4"
"置镇边万户府","2","2","4"
"遣明威将军都","2","2","4"
"明威将军都统","2","2","4"
"耽罗等处道路","3","1","4"
"道运粮万户张","2","2","4"
"运粮万户张文","2","2","4"
"粮万户张文虎","2","2","4"
"文劳邛大巴南","2","2","4"
"劳邛大巴南等","2","2","4"
"法天启运圣武","2","2","4"
"天启运圣武皇","2","2","4"
"启运圣武皇帝","2","2","4"
"烈祖神元皇帝","2","2","4"
"副元帅蒲察七","2","2","4"
"元帅蒲察七斤","2","2","4"
"节度使赵守玉","2","2","4"
"天倪河北西路","4","0","4"
"遣乌古孙仲端","2","2","4"
"马步军都元帅","2","2","4"
"合州守将王坚","2","2","4"
"贾似道遣宋京","2","2","4"
"京等路宣抚使","2","2","4"
"行省大都督李","2","2","4"
"宣抚使史天泽","2","2","4"
"行大名等路宣","2","2","4"
"卫将军孛里察","2","2","4"
"立翰林国史院","2","2","4"
"丞相史天泽监","2","2","4"
"相史天泽监修","2","2","4"
"史天泽监修国","2","2","4"
"军都指挥使李","2","2","4"
"都指挥使李伯","2","2","4"
"武卫亲军都指","2","2","4"
"路提举学校官","2","2","4"
"指挥使董文炳","2","2","4"
"平章政事塔察","2","2","4"
"陕蜀行中书省","2","2","4"
"江汉大都督史","2","2","4"
"汉大都督史权","2","2","4"
"安抚使韩世安","2","2","4"
"山东路经略使","2","2","4"
"行省大都督撒","2","2","4"
"省大都督撒吉","2","2","4"
"大都督撒吉思","2","2","4"
"陈光昞遣使贡","4","0","4"
"都元帅阔阔带","2","2","4"
"河南路统军使","2","2","4"
"立诸路转运司","3","1","4"
"千七百五十两","2","2","4"
"诸王阿吉所部","4","0","4"
"礼部尚书马月","2","2","4"
"部尚书马月合","2","2","4"
"万三千一百两","2","2","4"
"太阴犯轩辕御","4","0","4"
"阴犯轩辕御女","4","0","4"
"丽国王王禃朝","4","0","4"
"中书左丞相耶","2","2","4"
"书左丞相耶律","2","2","4"
"参知政事张惠","1","3","4"
"年历日赐高丽","4","0","4"
"八千一百九十","2","2","4"
"亲王玉龙答失","2","2","4"
"东平路宣慰使","2","2","4"
"千二百八十八","2","2","4"
"行省平章赛典","3","1","4"
"省平章赛典赤","3","1","4"
"山东统军副使","2","2","4"
"东统军副使王","2","2","4"
"统军副使王仲","2","2","4"
"军副使王仲仁","2","2","4"
"大名路达鲁花","3","1","4"
"名路达鲁花赤","3","1","4"
"遣北京路总管","2","2","4"
"参知政事杨果","2","2","4"
"千九百九十九","2","2","4"
"千五百九十石","2","2","4"
"淄莱路总管府","2","2","4"
"莱路总管府判","2","2","4"
"总管府判官徐","2","2","4"
"管府判官徐世","2","2","4"
"府判官徐世雄","2","2","4"
"平章尚书省事","4","0","4"
"参知尚书省事","4","0","4"
"太常卿徐世隆","2","2","4"
"国王头辇哥等","2","2","4"
"捕鹰坊总管府","2","2","4"
"太白犯右执法","4","0","4"
"御史中丞孛罗","2","2","4"
"等路行尚书省","3","1","4"
"路行尚书省事","2","2","4"
"都元帅宝合丁","2","2","4"
"二万八千六百","2","2","4"
"四川行尚书省","2","2","4"
"太祖圣武皇帝","2","2","4"
"元帅府统军司","2","2","4"
"赐皇子爱牙赤","4","0","4"
"参知行省政事","2","2","4"
"一万二千九百","2","2","4"
"二千九百九十","2","2","4"
"中书右丞相安","2","2","4"
"书右丞相安童","2","2","4"
"知枢密院事伯","3","1","4"
"枢密院事伯颜","3","1","4"
"二十四处便宜","2","2","4"
"征东招讨使塔","2","2","4"
"一百九十六万","2","2","4"
"十一年春正月","4","0","4"
"诸王百官朝贺","4","0","4"
"一万一千五百","2","2","4"
"四川屯田经略","2","2","4"
"军民总管洪茶","2","2","4"
"民总管洪茶丘","2","2","4"
"使代祀岳渎后","4","0","4"
"置提刑按察司","2","2","4"
"二千六百七十","2","2","4"
"皇女忽都鲁揭","2","2","4"
"女忽都鲁揭里","2","2","4"
"鲁揭里迷失下","2","2","4"
"揭里迷失下嫁","2","2","4"
"岁星犯垒壁阵","4","0","4"
"万户张弘范等","2","2","4"
"万五千四百一","2","2","4"
"五千四百一十","2","2","4"
"千四百一十五","2","2","4"
"十二年春正月","4","0","4"
"沿江制置副使","2","2","4"
"东川副都元帅","2","2","4"
"川副都元帅张","2","2","4"
"遣兵部尚书廉","2","2","4"
"兵部尚书廉希","2","2","4"
"部尚书廉希贤","2","2","4"
"遣礼部侍郎杜","2","2","4"
"礼部侍郎杜世","2","2","4"
"部侍郎杜世忠","2","2","4"
"都元帅博鲁欢","2","2","4"
"沿江制置使赵","2","2","4"
"江阴军佥判李","2","2","4"
"阴军佥判李世","2","2","4"
"军佥判李世修","2","2","4"
"千八百五十二","2","2","4"
"五郡镇抚使吕","2","2","4"
"郡镇抚使吕文","2","2","4"
"镇抚使吕文福","2","2","4"
"天师张宗演赴","4","0","4"
"师张宗演赴阙","4","0","4"
"都统制刘师勇","2","2","4"
"嘉定安抚使昝","1","3","4"
"定安抚使昝万","1","3","4"
"安抚使昝万寿","1","3","4"
"两浙大都督范","2","2","4"
"浙大都督范文","2","2","4"
"大都督范文虎","2","2","4"
"淮东都元帅府","2","2","4"
"平江都统刘师","2","2","4"
"江都统刘师勇","2","2","4"
"燕南河北道提","2","2","4"
"右丞阿里海牙","2","2","4"
"宪天述道仁文","2","2","4"
"天述道仁文义","2","2","4"
"述道仁文义武","2","2","4"
"道仁文义武大","2","2","4"
"仁文义武大光","2","2","4"
"文义武大光孝","2","2","4"
"义武大光孝皇","2","2","4"
"武大光孝皇帝","2","2","4"
"马湖路总管府","2","2","4"
"十三年春正月","3","1","4"
"三万七千七百","2","2","4"
"书省右丞相伯","2","2","4"
"省右丞相伯颜","2","2","4"
"八万三千六百","2","2","4"
"九万二千六百","2","2","4"
"二万一千三百","2","2","4"
"一千三百四十","2","2","4"
"太皇太后谢氏","1","3","4"
"书省左右司郎","2","2","4"
"都元帅孛鲁欢","2","2","4"
"都元帅宋都带","2","2","4"
"嗣汉天师张宗","3","1","4"
"翰林学士王磐","2","2","4"
"命平章军国重","2","2","4"
"八万三千二百","2","2","4"
"三万二千二百","2","2","4"
"东西川行枢密","3","1","4"
"思州安抚使田","2","2","4"
"东道宣慰使阿","2","2","4"
"道宣慰使阿剌","2","2","4"
"宣慰使阿剌罕","2","2","4"
"江东宣慰使张","2","2","4"
"东道宣慰使吕","1","3","4"
"道宣慰使吕文","1","3","4"
"都元帅杨文安","2","2","4"
"千三百五十五","2","2","4"
"黄州路宣慰使","1","3","4"
"川行枢密院招","2","2","4"
"广南西道宣慰","2","2","4"
"中书左丞崔斌","2","2","4"
"江东道按察使","2","2","4"
"参知政事李恒","2","2","4"
"同知大都路总","3","1","4"
"知大都路总管","3","1","4"
"都路总管府事","3","1","4"
"中书左丞董文","2","2","4"
"书左丞董文炳","2","2","4"
"十六年春正月","3","1","4"
"合州安抚使王","2","2","4"
"州安抚使王立","2","2","4"
"钞三万九千九","2","2","4"
"三万九千九百","2","2","4"
"赐皇子奥鲁赤","3","1","4"
"饶州路达鲁花","3","1","4"
"二万八千七百","2","2","4"
"古侍卫亲军都","2","2","4"
"江西道宣慰使","2","2","4"
"万一千六百石","2","2","4"
"万一千五百锭","2","2","4"
"益都千户王著","2","2","4"
"丞相瓮吉剌带","2","2","4"
"浙西道宣慰司","2","2","4"
"西道宣慰司同","2","2","4"
"江淮行省参知","2","2","4"
"淮行省参知政","2","2","4"
"宋丞相文天祥","2","2","4"
"阿合马专政时","2","2","4"
"省参知政事樊","2","2","4"
"东行中书省左","2","2","4"
"辽东提刑按察","2","2","4"
"路屯田总管府","2","2","4"
"云南都元帅府","2","2","4"
"阿里海牙节制","2","2","4"
"烜遣中大夫陈","4","0","4"
"蒙古都万户府","2","2","4"
"盘亚罗日加翳","2","2","4"
"行省左丞忽剌","2","2","4"
"二千八百八十","2","2","4"
"立市舶都转运","2","2","4"
"湖占城行省平","2","2","4"
"安南世子陈日","3","1","4"
"江浙行省参政","2","2","4"
"监察御史陈天","2","2","4"
"察御史陈天祥","2","2","4"
"御史中丞阿剌","2","2","4"
"史中丞阿剌帖","2","2","4"
"中丞阿剌帖木","2","2","4"
"侍御史白秃剌","2","2","4"
"御史白秃剌帖","2","2","4"
"史白秃剌帖木","2","2","4"
"新附军三百人","3","1","4"
"江淮行枢密院","2","2","4"
"七万六千五百","2","2","4"
"五万三千五百","2","2","4"
"御史台按察司","2","2","4"
"中书省断事官","2","2","4"
"书省断事官秃","2","2","4"
"受镇南王节制","2","2","4"
"大学士阿鲁浑","2","2","4"
"学士阿鲁浑撒","2","2","4"
"士阿鲁浑撒里","2","2","4"
"立屯田总管府","2","2","4"
"安抚使陈仲达","2","2","4"
"太白犯垒壁阵","4","0","4"
"右丞阿剌浑撒","2","2","4"
"丞阿剌浑撒里","2","2","4"
"西行省平章忽","3","1","4"
"一万二千二百","2","2","4"
"诸路金玉人匠","2","2","4"
"路金玉人匠总","2","2","4"
"金玉人匠总管","2","2","4"
"玉人匠总管府","2","2","4"
"浙西宣慰使史","2","2","4"
"西宣慰使史弼","2","2","4"
"巩昌便宜都总","3","1","4"
"昌便宜都总帅","3","1","4"
"二万三千六百","2","2","4"
"钞万二千五百","3","1","4"
"万二千八百五","2","2","4"
"二千八百五十","2","2","4"
"千一百五十两","2","2","4"
"尚书王巨济专","2","2","4"
"左丞相忙兀带","2","2","4"
"万七千五百二","2","2","4"
"七千五百二十","2","2","4"
"千五百二十三","2","2","4"
"五百二十三石","2","2","4"
"浙西提刑按察","2","2","4"
"八番罗甸宣慰","2","2","4"
"番罗甸宣慰使","2","2","4"
"江西榷茶都转","2","2","4"
"西榷茶都转运","2","2","4"
"绍兴路总管府","2","2","4"
"万九千三百二","2","2","4"
"九千三百二十","2","2","4"
"福建行省右丞","2","2","4"
"右军都元帅府","2","2","4"
"巩昌等二十四","1","3","4"
"等处宣慰使都","2","2","4"
"处宣慰使都元","2","2","4"
"驸马阔里吉思","2","2","4"
"宣慰使斡罗思","2","2","4"
"礼部尚书张立","2","2","4"
"部尚书张立道","2","2","4"
"太阴犯垒壁阵","4","0","4"
"六千四百二十","2","2","4"
"南江北行省平","2","2","4"
"江北行省平章","2","2","4"
"行省平章伯颜","3","1","4"
"平章政事范文","2","2","4"
"章政事范文虎","2","2","4"
"林学士承旨留","2","2","4"
"学士承旨留梦","2","2","4"
"士承旨留梦炎","2","2","4"
"四千七百七十","2","2","4"
"侍卫亲军千户","2","2","4"
"五万五千四百","2","2","4"
"遣礼部侍郎李","2","2","4"
"兵部郎中萧泰","2","2","4"
"部郎中萧泰登","2","2","4"
"千四百五十两","2","2","4"
"文惠明孝皇帝","2","2","4"
"翰林国史院修","2","2","4"
"湖南道宣慰使","2","2","4"
"济宁王蛮子台","2","2","4"
"广西两江道宣","2","2","4"
"西两江道宣慰","2","2","4"
"浙西廉访司佥","1","3","4"
"西廉访司佥事","1","3","4"
"睿圣文孝皇帝","2","2","4"
"书平章政事李","2","2","4"
"本省平章政事","2","2","4"
"征东行省丞相","2","2","4"
"平章政事王毅","2","2","4"
"万二千五百贯","2","2","4"
"花知枢密院事","2","2","4"
"广东采珠提举","2","2","4"
"教宗师张留孙","1","3","4"
"钞七万五千贯","2","2","4"
"二万三千三百","2","2","4"
"学士忽都鲁都","2","2","4"
"阔彻伯知枢密","2","2","4"
"彻伯知枢密院","2","2","4"
"伯知枢密院事","2","2","4"
"平章政事白撒","2","2","4"
"陕西行御史台","1","3","4"
"太玄辅化体仁","2","2","4"
"玄辅化体仁应","2","2","4"
"辅化体仁应道","2","2","4"
"化体仁应道大","2","2","4"
"体仁应道大真","2","2","4"
"仁应道大真人","2","2","4"
"章政事塔失海","2","2","4"
"犯太微垣左执","2","2","4"
"太微垣左执法","2","2","4"
"赵王马札罕部","2","2","4"
"太祖四大斡耳","2","2","4"
"祖四大斡耳朵","2","2","4"
"平章政事兀伯","2","2","4"
"章政事兀伯都","2","2","4"
"政事兀伯都剌","2","2","4"
"御史中丞董守","2","2","4"
"史中丞董守庸","2","2","4"
"故监察御史观","2","2","4"
"监察御史宋本","2","2","4"
"章政事秃满迭","2","2","4"
"遥授沿边溪洞","2","2","4"
"授沿边溪洞军","2","2","4"
"沿边溪洞军民","2","2","4"
"边溪洞军民安","2","2","4"
"溪洞军民安抚","2","2","4"
"洞军民安抚使","2","2","4"
"都水庸田使司","2","2","4"
"帖木知枢密院","4","0","4"
"广行省左丞乞","2","2","4"
"行省左丞乞住","2","2","4"
"中书左丞跃里","2","2","4"
"书左丞跃里帖","2","2","4"
"左丞跃里帖木","2","2","4"
"前翰林学士承","4","0","4"
"太府太监沙剌","2","2","4"
"府太监沙剌班","2","2","4"
"右丞相燕铁木","2","2","4"
"书平章政事伯","2","2","4"
"御史大夫孛罗","2","2","4"
"学士承旨斡耳","2","2","4"
"士承旨斡耳朵","2","2","4"
"政事明里董阿","2","2","4"
"镇卫指挥使斡","2","2","4"
"卫指挥使斡都","2","2","4"
"指挥使斡都蛮","2","2","4"
"万户彻里帖木","2","2","4"
"省平章政事高","2","2","4"
"平章政事买闾","2","2","4"
"上都诸王忽剌","3","1","4"
"都诸王忽剌台","3","1","4"
"奉祖宗神御殿","2","2","4"
"廉访副使万家","2","2","4"
"访副使万家闾","2","2","4"
"监察御史撒里","2","2","4"
"皇兄明宗皇帝","2","2","4"
"御史中丞赵世","2","2","4"
"遣治书侍御史","2","2","4"
"复中书右丞相","4","0","4"
"奎章阁授经郎","2","2","4"
"建大承天护圣","3","1","4"
"江淮财赋都总","2","2","4"
"淮财赋都总管","2","2","4"
"财赋都总管府","2","2","4"
"州军民安抚司","2","2","4"
"句容郡王答邻","2","2","4"
"容郡王答邻答","2","2","4"
"郡王答邻答里","2","2","4"
"山东河北蒙古","2","2","4"
"东河北蒙古军","2","2","4"
"河北蒙古军大","2","2","4"
"北蒙古军大都","2","2","4"
"蒙古军大都督","2","2","4"
"古军大都督府","2","2","4"
"路军民总管府","2","2","4"
"豫王阿剌忒纳","2","2","4"
"资正院使朴花","4","0","4"
"一万一千六百","1","3","4"
"征行兵马都元","2","2","4"
"行兵马都元帅","2","2","4"
"丞相伯颜渡江","2","2","4"
"中书直省舍人","2","2","4"
"镇南王征交趾","2","2","4"
"州路总管府达","2","2","4"
"御史大夫博罗","2","2","4"
"安县达鲁花赤","2","2","4"
"西行台御史中","2","2","4"
"中书省枢密院","1","3","4"
"断事官杨仁风","2","2","4"
"战舰二千五百","2","2","4"
"舰二千五百艘","2","2","4"
"佥河南行省事","2","2","4"
"处行尚书省右","2","2","4"
"行尚书省右丞","2","2","4"
"四川行省左右","2","2","4"
"川行省左右司","2","2","4"
"行省左右司员","2","2","4"
"省左右司员外","2","2","4"
"军副都指挥使","2","2","4"
"婿土罕必阇耶","4","0","4"
"江西行尚书省","2","2","4"
"肃政廉访司佥","1","3","4"
"政廉访司佥事","1","3","4"
"江东建康道肃","2","2","4"
"东建康道肃政","2","2","4"
"虎贲亲军都指","2","2","4"
"贲亲军都指挥","2","2","4"
"升同知枢密院","2","2","4"
"淮南行省左丞","2","2","4"
"阳行省左丞相","2","2","4"
"御史大夫普化","2","2","4"
"奎章阁侍书学","2","2","4"
"章阁侍书学士","2","2","4"
"知枢密院事老","2","2","4"
"枢密院事老章","2","2","4"
"相达识帖睦迩","2","2","4"
"进阶金紫光禄","2","2","4"
"迁同知枢密院","3","1","4"
"州路总管府事","3","1","4"
"行御史台经历","2","2","4"
"东廉访司经历","2","2","4"
"大臣忽都虎等","2","2","4"
"南北路宣抚使","2","2","4"
"汉军兵马都元","2","2","4"
"军兵马都元帅","2","2","4"
"七路兵马都元","2","2","4"
"林学士承旨王","2","2","4"
"获战舰千余艘","2","2","4"
"两淮都转运使","2","2","4"
"云中东西两路","2","2","4"
"云南行省参知","2","2","4"
"国王木华黎率","2","2","4"
"大德十一年卒","2","2","4"
"川北道宣慰使","2","2","4"
"加集贤大学士","2","2","4"
"平章政事彻理","2","2","4"
"宋礼部侍郎邓","2","2","4"
"礼部侍郎邓光","2","2","4"
"部侍郎邓光荐","2","2","4"
"丞相伯颜奉诏","1","3","4"
"佥河北河南道","2","2","4"
"进阶荣禄大夫","2","2","4"
"淮行中书省参","2","2","4"
"佥书沿江行枢","2","2","4"
"书沿江行枢密","2","2","4"
"沿江行枢密院","2","2","4"
"章政事阿里海","2","2","4"
"甘肃行省参知","2","2","4"
"肃行省参知政","2","2","4"
"进阶光禄大夫","3","1","4"
"南肃政廉访使","2","2","4"
"侍御史程钜夫","2","2","4"
"闽海道肃政廉","2","2","4"
"海道肃政廉访","2","2","4"
"御史大夫相威","2","2","4"
"侍御史程文海","2","2","4"
"二十九年二月","2","2","4"
"浙行中书省参","2","2","4"
"平章政事桑哥","2","2","4"
"燕南提刑按察","2","2","4"
"治书侍御史锁","3","1","4"
"书侍御史锁南","3","1","4"
"大都路儒学教","2","2","4"
"都路儒学教授","2","2","4"
"河南行省左右","2","2","4"
"南行省左右司","2","2","4"
"陕西行省参知","2","2","4"
"迁集贤大学士","3","1","4"
"御史大夫秃忒","2","2","4"
"史大夫秃忒哈","2","2","4"
"山东廉访副使","2","2","4"
"大学士忽都鲁","2","2","4"
"佥太常礼仪院","2","2","4"
"中书左司员外","2","2","4"
"书左司员外郎","2","2","4"
"两淮都转运盐","2","2","4"
"枢密副使阿散","2","2","4"
"擢江南行台监","4","0","4"
"行省左右司都","2","2","4"
"西道廉访副使","2","2","4"
"州路总管府推","2","2","4"
"统元年进士第","3","1","4"
"升枢密院判官","1","3","4"
"行枢密院判官","2","2","4"
"泰定四年进士","2","2","4"
"侍御史李国凤","2","2","4"
"知集贤院道教","2","2","4"
"集贤院道教事","2","2","4"
"丞相三宝奴等","2","2","4"
"甘肃行尚书省","2","2","4"
"枢密院副使宋","2","2","4"
"密院副使宋君","2","2","4"
"院副使宋君斐","2","2","4"
"借礼部侍郎金","2","2","4"
"礼部侍郎金赞","2","2","4"
"部侍郎金赞等","2","2","4"
"书监赵良弼充","2","2","4"
"仁宗皇庆二年","2","2","4"
"二十五年正月","1","3","4"
"忙完秃鲁迷失","2","2","4"
"十六年十二月","2","2","4"
"在京师近郊行","0","4","4"
"京师近郊行猎","0","4","4"
"黄金各五十两","0","4","4"
"赤为平章政事","0","4","4"
"运司改为都转","0","4","4"
"宣抚司改为宣","0","4","4"
"抚司改为宣慰","0","4","4"
"司改为宣慰司","0","4","4"
"任命江浙行省","0","4","4"
"王铁木儿不花","0","4","4"
"晋王也孙铁木","0","4","4"
"钱钞五十万贯","0","4","4"
"钱钞二万五千","0","4","4"
"亲王图帖睦尔","0","4","4"
"王孛罗帖木儿","0","4","4"
"高昌王铁木儿","0","4","4"
"昌王铁木儿补","0","4","4"
"王铁木儿补化","0","4","4"
"威顺王宽彻不","0","4","4"
"顺王宽彻不花","0","4","4"
"密院事铁木儿","0","4","4"
"木儿知枢密院","0","4","4"
"儿知枢密院事","0","4","4"
"为江南诸道行","0","4","4"
"改任礼部尚书","0","4","4"
"出任河南行省","0","4","4"
"任江浙行省右","0","4","4"
"任中书左丞相","0","4","4"
"为肃政廉访司","0","4","4"
"任陕西汉中道","0","4","4"
"任中书平章政","0","4","4"
"之后又重新叛","0","4","4"
"后又重新叛变","0","4","4"
"天倪为河北西","0","4","4"
"倪为河北西路","0","4","4"
"尚书省的事务","0","4","4"
"行尚书省事务","0","4","4"
"下诏大赦天下","0","4","4"
"遣他的世子王","0","4","4"
"十个路的宣抚","0","4","4"
"白银一万五千","0","4","4"
"部下有功的将","0","4","4"
"给诸侯王塔察","0","4","4"
"的军队驻扎在","0","4","4"
"太阴星干犯昴","0","4","4"
"阴星干犯昴宿","0","4","4"
"臣奉上表章前","0","4","4"
"为左右司郎中","0","4","4"
"中书省的公文","0","4","4"
"直派遣使臣前","0","4","4"
"给钱钞以赈济","0","4","4"
"万石粮食赈济","0","4","4"
"的官吏和军民","0","4","4"
"金星干犯房宿","0","4","4"
"赐给诸侯王八","0","4","4"
"侯王阿只吉部","0","4","4"
"管枢密院事务","0","4","4"
"为中书省左丞","0","4","4"
"执掌枢密院事","0","4","4"
"等路发生旱灾","0","4","4"
"派遣他的大臣","0","4","4"
"每年的常例赐","0","4","4"
"年的常例赐给","0","4","4"
"国王王礻直前","0","4","4"
"王王礻直前来","0","4","4"
"百石赈济饥民","0","4","4"
"发放粮食赈济","0","4","4"
"年的历书赐给","0","4","4"
"的历书赐给高","0","4","4"
"行省的治所迁","0","4","4"
"前来恭贺皇上","0","4","4"
"贺皇上的寿诞","0","4","4"
"钱钞赈济他们","0","4","4"
"派遣使臣带着","0","4","4"
"干犯轩辕座大","0","4","4"
"犯轩辕座大星","0","4","4"
"皇帝的寿诞佳","0","4","4"
"帝的寿诞佳节","0","4","4"
"等地行中书省","0","4","4"
"阴星干犯天关","0","4","4"
"星干犯天关星","0","4","4"
"都统领脱朵儿","0","4","4"
"派遣使者祭祀","0","4","4"
"发生旱灾和蝗","0","4","4"
"生旱灾和蝗灾","0","4","4"
"星干犯心宿天","0","4","4"
"干犯心宿天区","0","4","4"
"千名士卒前往","0","4","4"
"国王派遣使臣","0","4","4"
"行中书省改为","0","4","4"
"任命御史大夫","0","4","4"
"金星干犯右执","0","4","4"
"高丽国王的世","0","4","4"
"丽国王的世子","0","4","4"
"国王的世子王","0","4","4"
"王的世子王忄","0","4","4"
"的秩禄提升为","0","4","4"
"同意他的请求","0","4","4"
"升格为正三品","0","4","4"
"下诏招降宋朝","0","4","4"
"从上都来到京","0","4","4"
"上都来到京师","0","4","4"
"由官府为他们","0","4","4"
"赐给他们钱钞","0","4","4"
"派遣官员前去","0","4","4"
"任命翰林学士","0","4","4"
"四渎和土地大","0","4","4"
"渎和土地大神","0","4","4"
"率领一万名士","0","4","4"
"王王忄甚派遣","0","4","4"
"令枢密院派遣","0","4","4"
"木星干犯垒壁","0","4","4"
"宋军打得大败","0","4","4"
"百姓饥饿缺食","0","4","4"
"着诏书前去招","0","4","4"
"廉洁而有才能","0","4","4"
"洁而有才能的","0","4","4"
"宋朝淮东制置","0","4","4"
"立下战功的人","0","4","4"
"新归附的士兵","0","4","4"
"今年的丝税银","0","4","4"
"皇帝的车驾从","0","4","4"
"帝的车驾从上","0","4","4"
"帖木儿为御史","0","4","4"
"把他们隶属于","0","4","4"
"等不同数额的","0","4","4"
"他黄金五十两","0","4","4"
"请求入朝觐见","0","4","4"
"设置行中书省","0","4","4"
"向太庙奉献祭","0","4","4"
"太庙奉献祭品","0","4","4"
"大学士兼国子","0","4","4"
"太阴星干犯太","0","4","4"
"千名蒙古军士","0","4","4"
"提刑按察司的","0","4","4"
"司的治所迁移","0","4","4"
"没收他的家产","0","4","4"
"因为征伐日本","0","4","4"
"宣慰司迁移到","0","4","4"
"中书省大臣请","0","4","4"
"星干犯键闭星","0","4","4"
"数额各不相等","0","4","4"
"名新附军士兵","0","4","4"
"的世子陈日火","0","4","4"
"赐给钱钞一万","0","4","4"
"京师的近郊狩","0","4","4"
"师的近郊狩猎","0","4","4"
"秩禄为从五品","0","4","4"
"伐日本的军队","0","4","4"
"赐给征伐日本","0","4","4"
"给征伐日本的","0","4","4"
"一千名新附军","0","4","4"
"不称职的官员","0","4","4"
"按察司的官员","0","4","4"
"品以下的官员","0","4","4"
"木星干犯房宿","0","4","4"
"征伐日本的战","0","4","4"
"伐日本的船只","0","4","4"
"千名探马赤军","0","4","4"
"担任中书省平","0","4","4"
"国派遣使臣进","0","4","4"
"依从桑哥的请","0","4","4"
"从桑哥的请求","0","4","4"
"行御史台官员","0","4","4"
"石米赈济他们","0","4","4"
"的部属发生饥","0","4","4"
"升为平章政事","0","4","4"
"镇南王屯驻在","0","4","4"
"太阴星干犯木","0","4","4"
"阴星干犯木星","0","4","4"
"星干犯牛宿天","0","4","4"
"干犯牛宿天区","0","4","4"
"行枢密院官员","0","4","4"
"为昭睿顺圣皇","0","4","4"
"太阴星干犯平","0","4","4"
"阴星干犯平道","0","4","4"
"星干犯平道星","0","4","4"
"省平章政事也","0","4","4"
"英宗为皇太子","0","4","4"
"派遣使者进贡","0","4","4"
"接受百官朝贺","0","4","4"
"中书省臣奏请","0","4","4"
"太阴星凌犯心","0","4","4"
"阴星凌犯心宿","0","4","4"
"派遣使者前往","0","4","4"
"车驾到达大都","0","4","4"
"任集贤大学士","0","4","4"
"诸侯王不赛因","0","4","4"
"知枢密院事之","0","4","4"
"枢密院事之职","0","4","4"
"派遣使者代为","0","4","4"
"遣使者代为祭","0","4","4"
"使者代为祭祀","0","4","4"
"元帅不花帖木","0","4","4"
"帅不花帖木儿","0","4","4"
"减轻人民的负","0","4","4"
"轻人民的负担","0","4","4"
"林国史院官员","0","4","4"
"宗正扎鲁忽赤","0","4","4"
"派遣使者征召","0","4","4"
"来进贡当地物","0","4","4"
"任知枢密院事","0","4","4"
"台官员上言说","0","4","4"
"至正二十三年","0","4","4"
"拜为中书右丞","0","4","4"
"苫彻拔都儿与","0","4","4"
"中统元年世祖","0","4","4"
"阿鲁浑萨理为","0","4","4"
"大宗正府也可","0","4","4"
"调任江西行省","0","4","4"
"御史台的纲纪","0","4","4"
"为陕西汉中道","0","4","4"
"人民掀起反元","0","4","4"
"民掀起反元斗","0","4","4"
"丞相帖木迭儿","0","4","4"
"月鲁帖木儿为","0","4","4"
"为翰林直学士","0","4","4"
"以减轻人民负","0","4","4"
"任翰林直学士","0","4","4"
"中丞杨朵儿只","0","4","4"
"终年七十八岁","0","4","4"
"汉人达鲁花赤","3","0","3"
"时佥枢密院事","2","1","3"
"金邢州节度使","2","1","3"
"耶律铸中书左","3","0","3"
"律铸中书左丞","3","0","3"
"铸中书左丞相","3","0","3"
"宣抚使赵良弼","1","2","3"
"榷茶都转运使","1","2","3"
"茶都转运使司","1","2","3"
"国置大灰艾州","2","1","3"
"牙信合八剌麻","2","1","3"
"江南财赋总管","2","1","3"
"南财赋总管府","2","1","3"
"造帝师八合思","2","1","3"
"奥鲁赤平章政","3","0","3"
"鲁赤平章政事","3","0","3"
"樊楫参知政事","3","0","3"
"钦察卫亲军都","1","2","3"
"察卫亲军都指","1","2","3"
"阿里中书右丞","3","0","3"
"史院编修官陈","2","1","3"
"院编修官陈孚","2","1","3"
"十月二十九日","1","2","3"
"中书左丞相秃","2","1","3"
"书左丞相秃忽","2","1","3"
"王八剌失里镇","3","0","3"
"诸王赛遣使贡","3","0","3"
"驸马孛罗帖木","2","1","3"
"省参知政事马","2","1","3"
"镇南王帖木花","3","0","3"
"显懿庄圣皇后","1","2","3"
"燕铁木太平王","3","0","3"
"钦察台知枢密","2","1","3"
"察台知枢密院","2","1","3"
"燕铁木奉皇帝","3","0","3"
"铁木奉皇帝宝","3","0","3"
"枢密院事秃哈","3","0","3"
"密院事秃哈帖","3","0","3"
"院事秃哈帖木","3","0","3"
"云南威楚路土","2","1","3"
"南威楚路土官","2","1","3"
"生皇太子爱猷","2","1","3"
"百官奉玉册玉","2","1","3"
"官奉玉册玉宝","2","1","3"
"尊号曰仪天兴","2","1","3"
"号曰仪天兴圣","2","1","3"
"迁四川行省参","2","1","3"
"升昭勇大将军","2","1","3"
"高丽女直汉军","3","0","3"
"都指挥使司达","2","1","3"
"入中书平章政","3","0","3"
"金经略使乞住","2","1","3"
"经略使乞住降","2","1","3"
"翼侍卫亲军都","1","2","3"
"功授武德将军","1","2","3"
"十一年十二月","1","2","3"
"浙西道肃政廉","2","1","3"
"参政忽都帖木","2","1","3"
"除治书侍御史","3","0","3"
"尚书参知政事","2","1","3"
"尚书省右司都","1","2","3"
"同知徽政院事","2","1","3"
"赠银青荣禄大","2","1","3"
"西肃政廉访副","2","1","3"
"除翰林学士承","3","0","3"
"改集贤侍讲学","2","1","3"
"浙行中书省左","2","1","3"
"迁浙西廉访使","3","0","3"
"人匠总管府达","2","1","3"
"匠总管府达鲁","2","1","3"
"行中书省行尚","3","0","3"
"中书省行尚书","3","0","3"
"书省行尚书省","3","0","3"
"进银青荣禄大","2","1","3"
"铁失御史大夫","3","0","3"
"左右卫阿速亲","2","1","3"
"武德将军统王","3","0","3"
"德将军统王国","3","0","3"
"将军统王国昌","3","0","3"
"略将军副统刘","3","0","3"
"将军副统刘杰","3","0","3"
"视耽罗等处道","3","0","3"
"达鲁花赤总管","2","1","3"
"命兵部侍郎黑","2","1","3"
"置达鲁花赤统","2","1","3"
"达鲁花赤统治","2","1","3"
"湖广三省蒙古","2","1","3"
"海外四州黎兵","2","1","3"
"运粮十七万石","2","1","3"
"镇南王次思明","3","0","3"
"金右副元帅蒲","2","1","3"
"右副元帅蒲察","2","1","3"
"兵马都元帅镇","1","2","3"
"授右副都元帅","2","1","3"
"倪河北西路兵","3","0","3"
"浚等州户三十","3","0","3"
"等州户三十万","3","0","3"
"木华黎承制授","3","0","3"
"实金紫光禄大","2","1","3"
"大名总管彭义","2","1","3"
"名总管彭义斌","2","1","3"
"保州等处都元","2","1","3"
"皇子拖雷监国","1","2","3"
"诸王拔都征斡","2","1","3"
"王拔都征斡罗","2","1","3"
"世祖圣德神功","2","1","3"
"祖圣德神功文","2","1","3"
"诏谕高丽国王","3","0","3"
"南等路宣抚使","2","1","3"
"陕西四川宣抚","2","1","3"
"西四川宣抚司","2","1","3"
"兵一万五千人","1","2","3"
"益都等路宣抚","2","1","3"
"赵璧平章政事","3","0","3"
"林学士承旨修","3","0","3"
"河南路宣抚使","1","2","3"
"江淮诸翼军马","2","1","3"
"淮诸翼军马经","2","1","3"
"诸翼军马经略","2","1","3"
"翼军马经略使","2","1","3"
"北京路都元帅","1","2","3"
"京路都元帅阿","1","2","3"
"路都元帅阿海","1","2","3"
"秦蜀行中书省","1","2","3"
"银八百三十三","3","0","3"
"默翰林侍讲学","3","0","3"
"礼部郎中高逸","1","2","3"
"部郎中高逸民","1","2","3"
"天泽监修国史","2","1","3"
"安抚高丽军民","2","1","3"
"指挥使李伯祐","3","0","3"
"许衡国子祭酒","3","0","3"
"陕西四川行省","3","0","3"
"命平章政事赵","2","1","3"
"驼钮金镀银印","3","0","3"
"制置使贾似道","1","2","3"
"亳州万户张弘","2","1","3"
"滨棣路安抚使","1","2","3"
"棣路安抚使韩","1","2","3"
"路安抚使韩世","1","2","3"
"赵璧行中书省","3","0","3"
"议行中书省事","2","1","3"
"北京鹰坊等户","2","1","3"
"京鹰坊等户丁","2","1","3"
"王王禃遣使贡","3","0","3"
"一千五百五十","1","2","3"
"都元帅钦察戍","1","2","3"
"真定路达鲁花","3","0","3"
"宋制置夏贵率","2","1","3"
"诸王玉龙答失","3","0","3"
"银二十五万两","2","1","3"
"诸路行中书省","2","1","3"
"诸路都转运使","2","1","3"
"投下达鲁花赤","2","1","3"
"史天泽枢密副","3","0","3"
"天泽枢密副使","3","0","3"
"皇帝奉书日本","2","1","3"
"帝奉书日本国","2","1","3"
"奉书日本国王","2","1","3"
"故特遣使持书","2","1","3"
"天下户一百六","3","0","3"
"下户一百六十","3","0","3"
"年春正月甲午","3","0","3"
"前中书右丞相","2","1","3"
"岁星犯轩辕大","3","0","3"
"星犯轩辕大星","3","0","3"
"五路四川行省","2","1","3"
"造战舰五百艘","2","1","3"
"部郎中孟甲持","2","1","3"
"郎中孟甲持诏","2","1","3"
"召翰林直学士","2","1","3"
"赐安南国王陈","3","0","3"
"诏谕安南国陈","2","1","3"
"兵二万二千人","3","0","3"
"等路中书省事","2","1","3"
"遣兵部侍郎黑","1","2","3"
"召高丽国王王","1","2","3"
"西京五十余城","2","1","3"
"知珍岛余粮将","2","1","3"
"珍岛余粮将竭","2","1","3"
"转运司入总管","3","0","3"
"运司入总管府","3","0","3"
"除集贤大学士","3","0","3"
"万户解汝楫等","1","2","3"
"斩首二千余级","2","1","3"
"路西蜀四川行","2","1","3"
"西蜀四川行尚","2","1","3"
"蜀四川行尚书","2","1","3"
"一百九十四万","1","2","3"
"使日本赵良弼","3","0","3"
"遣书状官张铎","2","1","3"
"西京属城诸达","2","1","3"
"京属城诸达鲁","2","1","3"
"属城诸达鲁花","2","1","3"
"城诸达鲁花赤","2","1","3"
"质子金镒等归","2","1","3"
"达鲁花赤管民","2","1","3"
"赐北平王南木","3","0","3"
"拱卫直都指挥","2","1","3"
"前中书左丞相","2","1","3"
"知政事阿里海","1","2","3"
"巩昌二十四处","2","1","3"
"东京路运米二","2","1","3"
"京路运米二万","2","1","3"
"路运米二万石","2","1","3"
"林学士承旨礼","3","0","3"
"学士承旨礼霍","3","0","3"
"士承旨礼霍孙","3","0","3"
"遣少卿李义孙","2","1","3"
"少卿李义孙等","2","1","3"
"希宪中书右丞","3","0","3"
"丽军民总管洪","2","1","3"
"凤州经略使忻","1","2","3"
"州经略使忻都","1","2","3"
"都统王达守阳","2","1","3"
"万户史格一军","2","1","3"
"户史格一军先","2","1","3"
"史格一军先渡","2","1","3"
"军都统程鹏飞","1","2","3"
"知汉阳军王仪","2","1","3"
"丽国王王愖遣","3","0","3"
"奕沿江大都督","2","1","3"
"将蒙古军二千","3","0","3"
"宋都督贾似道","2","1","3"
"同签枢密院事","3","0","3"
"专掌蒙古文字","2","1","3"
"代天师张宗演","1","2","3"
"白鹞船数百艘","1","2","3"
"帖木御史大夫","3","0","3"
"太阴犯轩辕大","3","0","3"
"阴犯轩辕大星","3","0","3"
"置马湖路总管","1","2","3"
"千七百四十八","2","1","3"
"四川制置使赵","1","2","3"
"川制置使赵定","1","2","3"
"制置使赵定应","1","2","3"
"留万户忽都虎","2","1","3"
"临安北十五里","2","1","3"
"右丞相伯颜等","2","1","3"
"同知宣慰司事","2","1","3"
"一万三千八百","1","2","3"
"江西都元帅宋","2","1","3"
"西都元帅宋都","2","1","3"
"召嗣汉天师张","2","1","3"
"参知政事董文","1","2","3"
"知政事董文炳","1","2","3"
"侍卫军二千人","2","1","3"
"死事者银钞差","3","0","3"
"广南西路宣抚","2","1","3"
"南西路宣抚司","2","1","3"
"宣抚使程鹏飞","1","2","3"
"州总管府达鲁","2","1","3"
"十五年春正月","3","0","3"
"命平章政事阿","2","1","3"
"行枢密院招降","1","2","3"
"中书省左丞夏","1","2","3"
"书省左丞夏贵","1","2","3"
"江南官吏太冗","2","1","3"
"江西参知政事","1","2","3"
"运粮五万石赈","2","1","3"
"提刑按察司治","3","0","3"
"阿合马子忽辛","3","0","3"
"都元帅张弘范","1","2","3"
"中赞金方庆贺","3","0","3"
"阿里海牙入觐","3","0","3"
"荆襄等处道教","2","1","3"
"粮四千四百石","1","2","3"
"新附军千人屯","3","0","3"
"附军千人屯田","3","0","3"
"保定路达鲁花","2","1","3"
"纳速剌丁招降","1","2","3"
"一万七千三百","1","2","3"
"安南国世子陈","2","1","3"
"南国世子陈日","2","1","3"
"命湖北道宣慰","1","2","3"
"诸王必帖木请","3","0","3"
"前所遣将同征","2","1","3"
"所遣将同征缅","2","1","3"
"淮行省平章政","1","2","3"
"章政事阿里伯","1","2","3"
"迷失参知政事","3","0","3"
"命天师张宗演","2","1","3"
"钞二万一千五","2","1","3"
"发新附军千人","3","0","3"
"右丞相瓮吉剌","1","2","3"
"淮行中书省平","1","2","3"
"五百八十一人","1","2","3"
"蒙古人十六员","1","2","3"
"行省金银铁冶","1","2","3"
"赐皇子北安王","3","0","3"
"授高丽国王王","1","2","3"
"四川行省参政","2","1","3"
"太白犯左执法","3","0","3"
"行省平章阿里","2","1","3"
"开元等路宣慰","2","1","3"
"元等路宣慰司","2","1","3"
"鄂州达鲁花赤","2","1","3"
"州达鲁花赤赵","2","1","3"
"达鲁花赤赵翥","2","1","3"
"陈日烜遣中大","3","0","3"
"侍卫亲军万人","3","0","3"
"镇南王脱欢征","2","1","3"
"中大夫阮道学","1","2","3"
"大夫阮道学等","1","2","3"
"大罗盘亚罗日","1","2","3"
"罗盘亚罗日加","1","2","3"
"江西榷茶运使","2","1","3"
"怀孟诸路竹货","2","1","3"
"发诸卫军六千","3","0","3"
"行御史台大夫","1","2","3"
"东宣慰使月迷","3","0","3"
"宣慰使月迷失","3","0","3"
"高丽遣使贡方","3","0","3"
"丽遣使贡方物","3","0","3"
"蒙古军三千人","2","1","3"
"一万六千四百","1","2","3"
"辽东道宣慰使","2","1","3"
"荆湖行省平章","2","1","3"
"三道按察司隶","2","1","3"
"荆湖行省阿里","2","1","3"
"湖行省阿里海","2","1","3"
"行省阿里海牙","2","1","3"
"辽阳等处行中","2","1","3"
"阳等处行中书","2","1","3"
"平章政事二员","3","0","3"
"招讨司达鲁花","2","1","3"
"讨司达鲁花赤","2","1","3"
"置征交趾行尚","2","1","3"
"征交趾行尚书","2","1","3"
"交趾行尚书省","2","1","3"
"商议枢密院事","2","1","3"
"集贤大学士阿","2","1","3"
"贤大学士阿鲁","2","1","3"
"探马赤军三千","2","1","3"
"中大夫阮文彦","1","2","3"
"辽阳等处行尚","2","1","3"
"阳等处行尚书","2","1","3"
"阿剌浑撒里升","2","1","3"
"剌浑撒里升平","2","1","3"
"浑撒里升平章","2","1","3"
"撒里升平章政","2","1","3"
"里升平章政事","2","1","3"
"行省平章忽都","2","1","3"
"诸军渡富良江","2","1","3"
"弃城走敢喃堡","2","1","3"
"命乌马将水兵","3","0","3"
"张文虎等粮船","3","0","3"
"平章政事忙兀","1","2","3"
"章政事忙兀带","1","2","3"
"尚书省左丞相","1","2","3"
"管内听行尚书","3","0","3"
"内听行尚书省","3","0","3"
"听行尚书省节","3","0","3"
"南国王陈日烜","3","0","3"
"国王陈日烜遣","3","0","3"
"荧惑犯垒壁阵","3","0","3"
"二十六年春正","2","1","3"
"丞相忙兀带总","2","1","3"
"西提刑按察司","1","2","3"
"榷茶都转运司","2","1","3"
"二万九千三百","2","1","3"
"剌合孙答剌罕","2","1","3"
"昌等二十四处","1","2","3"
"等二十四处便","1","2","3"
"中书省御史台","1","2","3"
"钞十一万六千","1","2","3"
"一万六千二百","1","2","3"
"广南西路安抚","1","2","3"
"征八百媳妇国","2","1","3"
"云南行御史台","1","2","3"
"上徽仁裕圣皇","3","0","3"
"上大行皇帝尊","2","1","3"
"大行皇帝尊谥","2","1","3"
"政事范文虎监","1","2","3"
"僧辇真吃剌思","2","1","3"
"上都留守贺伯","2","1","3"
"都留守贺伯颜","2","1","3"
"省平章政事买","1","2","3"
"东采珠提举司","1","2","3"
"南行御史台中","2","1","3"
"幸大护国仁王","2","1","3"
"御大明殿受朝","3","0","3"
"大明殿受朝贺","3","0","3"
"建帝师八思巴","2","1","3"
"忽都鲁都迷失","3","0","3"
"星回回司天监","3","0","3"
"知枢密院事阔","2","1","3"
"枢密院事阔彻","2","1","3"
"密院事阔彻伯","2","1","3"
"灾者二万三千","2","1","3"
"遣知枢密院事","1","2","3"
"平章政事铁木","1","2","3"
"政事塔失海牙","1","2","3"
"中书右丞相铁","2","1","3"
"书右丞相铁木","2","1","3"
"沙中书平章政","3","0","3"
"铁失知枢密院","2","1","3"
"台同知枢密院","2","1","3"
"盗窃太庙神主","2","1","3"
"阿速卫指挥使","2","1","3"
"速卫指挥使脱","2","1","3"
"命中书平章政","1","2","3"
"命司天监翙星","3","0","3"
"钞一万三千锭","1","2","3"
"武昌路江夏县","1","2","3"
"一千六百五十","1","2","3"
"一万八千五百","1","2","3"
"命湖广行省左","1","2","3"
"曰仁献章圣皇","3","0","3"
"台御史大夫脱","2","1","3"
"命中书左丞相","1","2","3"
"特授开府仪同","2","1","3"
"钞一千八百锭","1","2","3"
"章政事哈八秃","3","0","3"
"镇南王铁木花","3","0","3"
"诸王孛罗帖木","2","1","3"
"平章政事明里","1","2","3"
"路蒙古元帅花","3","0","3"
"蒙古元帅花帖","3","0","3"
"古元帅花帖木","3","0","3"
"等三十人田宅","2","1","3"
"三十人田宅赐","2","1","3"
"幸大崇恩福元","2","1","3"
"子阿剌忒纳答","2","1","3"
"阿剌忒纳答剌","2","1","3"
"镇西武靖王搠","2","1","3"
"西武靖王搠思","2","1","3"
"武靖王搠思班","2","1","3"
"授集贤侍讲学","3","0","3"
"诸王月鲁帖木","2","1","3"
"皇后雍吉剌氏","1","2","3"
"银沙罗甸等处","1","2","3"
"等处宣慰司都","2","1","3"
"犯鬼宿积尸气","1","2","3"
"永平屯田府所","1","2","3"
"承天护圣寺工","2","1","3"
"天护圣寺工役","2","1","3"
"采辑本朝典故","2","1","3"
"漕米四十万石","2","1","3"
"冲圣嗣孝皇帝","1","2","3"
"大明兵入京城","3","0","3"
"答纳失里皇后","1","2","3"
"遣同知枢密院","2","1","3"
"寿辉部将倪文","1","2","3"
"辉部将倪文俊","1","2","3"
"威顺王宽彻普","2","1","3"
"顺王宽彻普化","2","1","3"
"都行省承制行","1","2","3"
"行省承制行事","1","2","3"
"哈丹秃鲁干复","2","1","3"
"丹秃鲁干复叛","2","1","3"
"尚书平章政事","2","1","3"
"平章政事速答","3","0","3"
"刑按察司改肃","2","1","3"
"按察司改肃政","2","1","3"
"察司改肃政廉","2","1","3"
"司改肃政廉访","2","1","3"
"改肃政廉访司","2","1","3"
"升昭毅大将军","1","2","3"
"祖赤老温恺赤","2","1","3"
"燕南河北道宣","2","1","3"
"南河北道宣慰","2","1","3"
"二千五百艘横","2","1","3"
"千五百艘横亘","2","1","3"
"五百艘横亘江","2","1","3"
"百艘横亘江中","2","1","3"
"万户忽都虎等","2","1","3"
"淮行省左丞相","1","2","3"
"州守将李庭芝","1","2","3"
"孙虎臣丁家洲","3","0","3"
"召参议中书省","3","0","3"
"榷茶转运使卢","1","2","3"
"茶转运使卢世","1","2","3"
"蒙古军副都万","1","2","3"
"古军副都万户","1","2","3"
"宋安抚吕文焕","2","1","3"
"行都元帅府事","2","1","3"
"古侍卫亲军副","1","2","3"
"宋将孙虎臣战","2","1","3"
"爪主婿土罕必","3","0","3"
"主婿土罕必阇","3","0","3"
"西行省员外郎","2","1","3"
"迁陕西汉中道","3","0","3"
"奕赫抵雅丁曰","3","0","3"
"复参议中书省","3","0","3"
"大宗正府紥鲁","3","0","3"
"迁江西行省左","2","1","3"
"御史大夫懿怜","1","2","3"
"史大夫懿怜真","1","2","3"
"大夫懿怜真班","1","2","3"
"遂中书左丞相","3","0","3"
"相哈剌哈孙答","1","2","3"
"除浙西廉访使","3","0","3"
"命治书侍御史","1","2","3"
"迁湖广行省左","3","0","3"
"改浙东道宣慰","3","0","3"
"南行御史台经","2","1","3"
"东道廉访副使","2","1","3"
"兴州节度使赵","1","2","3"
"州节度使赵守","1","2","3"
"蒙古汉军兵马","2","1","3"
"古汉军兵马都","2","1","3"
"宋将彭义斌率","1","2","3"
"国王木华黎南","1","2","3"
"王木华黎南下","1","2","3"
"宣抚使蒲鲜万","1","2","3"
"抚使蒲鲜万奴","1","2","3"
"丞相贾似道率","1","2","3"
"遥授平章政事","2","1","3"
"未尝妄杀一人","3","0","3"
"进阶中奉大夫","2","1","3"
"授银青荣禄大","2","1","3"
"淮西道宣慰司","1","2","3"
"福建行省参知","1","2","3"
"建行省参知政","1","2","3"
"所置达鲁花赤","2","1","3"
"平章政事阿合","1","2","3"
"章政事阿合马","1","2","3"
"扬州守将姜才","1","2","3"
"名等路宣抚司","1","2","3"
"等路宣抚司事","1","2","3"
"同国王头辇哥","1","2","3"
"水军万户解汝","1","2","3"
"军万户解汝楫","1","2","3"
"州总管府同知","1","2","3"
"翰林承旨王磐","2","1","3"
"行枢密院经历","1","2","3"
"赵居信等十人","1","2","3"
"御史程钜夫奉","1","2","3"
"史程钜夫奉诏","1","2","3"
"命御史大夫玉","1","2","3"
"行御史台监察","1","2","3"
"同御史大夫玉","1","2","3"
"浙东道廉访使","2","1","3"
"道行御史台中","3","0","3"
"南提刑按察副","1","2","3"
"特加荣禄大夫","2","1","3"
"考试国子伴读","1","2","3"
"升翰林学士承","2","1","3"
"迁集贤直学士","2","1","3"
"授饶州路总管","2","1","3"
"登元统元年进","2","1","3"
"佥广东廉访司","2","1","3"
"广东廉访司事","2","1","3"
"答失八都鲁营","2","1","3"
"皇太子抚军冀","2","1","3"
"太子抚军冀宁","2","1","3"
"路总管府知事","1","2","3"
"授江浙行省参","1","2","3"
"翰林国史编修","1","2","3"
"林国史编修官","1","2","3"
"天师张宗演入","1","2","3"
"师张宗演入朝","1","2","3"
"命江浙行省平","1","2","3"
"银青光禄大夫","1","2","3"
"帝遣达达国师","2","1","3"
"命右丞相铁木","1","2","3"
"世祖中统元年","1","2","3"
"监赵良弼充国","2","1","3"
"赵良弼充国信","2","1","3"
"良弼充国信使","2","1","3"
"尚书右丞宋玢","2","1","3"
"丞相阿里海牙","1","2","3"
"遣陪臣陶子奇","2","1","3"
"元二十九年二","1","2","3"
"二十九年三月","1","2","3"
"年三月二十九","1","2","3"
"三月二十九日","1","2","3"
"那些还没有归","0","3","3"
"皇帝同意他的","0","3","3"
"皇帝在京师近","0","3","3"
"帝在京师近郊","0","3","3"
"免除儒生徭役","0","3","3"
"朝廷内外官吏","0","3","3"
"准备征伐日本","0","3","3"
"无事可做的官","0","3","3"
"耶律铸为中书","0","3","3"
"刑按察司改为","0","3","3"
"书平章政事乃","0","3","3"
"白银二千五百","0","3","3"
"诸王按梯不花","0","3","3"
"枢密院事也儿","0","3","3"
"密院事也儿吉","0","3","3"
"钱钞一千二百","0","3","3"
"儿为中书平章","0","3","3"
"为陕西行台御","0","3","3"
"镇南王帖木儿","0","3","3"
"南王帖木儿不","0","3","3"
"脱脱木儿与辽","0","3","3"
"脱木儿与辽东","0","3","3"
"任命江西行省","0","3","3"
"任命同知枢密","0","3","3"
"元帅也速答儿","0","3","3"
"彻里帖木儿为","0","3","3"
"帖木儿为中书","0","3","3"
"枢密院事秃儿","0","3","3"
"密院事秃儿哈","0","3","3"
"院事秃儿哈帖","0","3","3"
"事秃儿哈帖木","0","3","3"
"秃儿哈帖木儿","0","3","3"
"皇太后尊号为","0","3","3"
"拜中书左丞相","0","3","3"
"玉枢虎儿吐华","0","3","3"
"任江南行台御","0","3","3"
"令孛罗帖木儿","0","3","3"
"为江西行省左","0","3","3"
"升为资善大夫","0","3","3"
"拜为中书左丞","0","3","3"
"改任江浙行省","0","3","3"
"任同佥枢密院","0","3","3"
"任淮东宣慰使","0","3","3"
"拔为监察御史","0","3","3"
"任湖广行省左","0","3","3"
"享年六十七岁","0","3","3"
"任翰林侍讲学","0","3","3"
"东廉访司佥事","0","3","3"
"反元义军首领","0","3","3"
"任浙西廉访使","0","3","3"
"罗帖木儿为太","0","3","3"
"武德将军统领","0","3","3"
"德将军统领王","0","3","3"
"将军统领王国","0","3","3"
"军统领王国昌","0","3","3"
"略将军副统领","0","3","3"
"将军副统领刘","0","3","3"
"军副统领刘杰","0","3","3"
"把部队转移到","0","3","3"
"太祖亲自率军","0","3","3"
"率军前来救援","0","3","3"
"率领部众前来","0","3","3"
"领部众前来归","0","3","3"
"部众前来归降","0","3","3"
"右副都元帅之","0","3","3"
"副都元帅之职","0","3","3"
"木华黎为太师","0","3","3"
"史天倪为河北","0","3","3"
"为河北西路兵","0","3","3"
"率领部下前来","0","3","3"
"太祖二十二年","0","3","3"
"安葬在起辇谷","0","3","3"
"荧惑星干犯房","0","3","3"
"惑星干犯房宿","0","3","3"
"皇孙失烈门为","0","3","3"
"行尚书省的事","0","3","3"
"率领各自的部","0","3","3"
"赐给诸侯王的","0","3","3"
"举行盛大宴会","0","3","3"
"不同数量的赏","0","3","3"
"同数量的赏赐","0","3","3"
"率领所部军队","0","3","3"
"娶弘吉剌氏为","0","3","3"
"宋朝的贾似道","0","3","3"
"世祖即皇帝位","0","3","3"
"赵良弼为参议","0","3","3"
"高丽国王王亻","0","3","3"
"丽国王王亻典","0","3","3"
"个路的宣抚司","0","3","3"
"捕获的宋朝间","0","3","3"
"获的宋朝间谍","0","3","3"
"诏令十个路的","0","3","3"
"令十个路的宣","0","3","3"
"银一万五千两","0","3","3"
"下有功的将士","0","3","3"
"林学士承旨兼","0","3","3"
"廉希宪为中书","0","3","3"
"率军讨伐他们","0","3","3"
"在燕京的近郊","0","3","3"
"花纹的绸缎各","0","3","3"
"素色的各一半","0","3","3"
"五千零九十八","0","3","3"
"百三十三两白","0","3","3"
"三十三两白银","0","3","3"
"百五十两白银","0","3","3"
"花纹的绸缎三","0","3","3"
"纹的绸缎三百","0","3","3"
"的绸缎三百匹","0","3","3"
"他的世子王忄","0","3","3"
"赛典赤为平章","0","3","3"
"典赤为平章政","0","3","3"
"命许衡为国子","0","3","3"
"许衡为国子祭","0","3","3"
"衡为国子祭酒","0","3","3"
"枢为太子太师","0","3","3"
"命令平章政事","0","3","3"
"赏赐给诸侯王","0","3","3"
"朝内外官员的","0","3","3"
"率领二千名士","0","3","3"
"自愿从军的人","0","3","3"
"宣慰司的事务","0","3","3"
"行中书省的事","0","3","3"
"畏吾儿文字书","0","3","3"
"吾儿文字书写","0","3","3"
"赐给诸侯王合","0","3","3"
"给诸侯王合必","0","3","3"
"今年田租的一","0","3","3"
"年田租的一半","0","3","3"
"赐给钱钞以赈","0","3","3"
"百姓饥饿乏食","0","3","3"
"予高丽国王王","0","3","3"
"钦察戍守青居","0","3","3"
"察戍守青居山","0","3","3"
"诏令陕西行省","0","3","3"
"子弟组成的质","0","3","3"
"弟组成的质子","0","3","3"
"组成的质子军","0","3","3"
"公文的急递铺","0","3","3"
"真定路镇守官","0","3","3"
"一万五千两银","0","3","3"
"万五千两银子","0","3","3"
"照每年的惯例","0","3","3"
"例赐给诸侯王","0","3","3"
"赐给诸侯王黄","0","3","3"
"给诸侯王黄金","0","3","3"
"军的辎重老营","0","3","3"
"有功的将士二","0","3","3"
"直派遣他的使","0","3","3"
"派遣他的使臣","0","3","3"
"中书省的大臣","0","3","3"
"庙举行祭祀典","0","3","3"
"举行祭祀典礼","0","3","3"
"共有一百五十","0","3","3"
"死刑的罪犯七","0","3","3"
"由官府供给耕","0","3","3"
"官府供给耕牛","0","3","3"
"购买平价粮食","0","3","3"
"令中书省商议","0","3","3"
"王礻直前来朝","0","3","3"
"礻直前来朝见","0","3","3"
"阿合马的意见","0","3","3"
"诸侯王玉龙答","0","3","3"
"行省的大臣上","0","3","3"
"省的大臣上奏","0","3","3"
"的大臣上奏说","0","3","3"
"领中书省左右","0","3","3"
"他们数量不等","0","3","3"
"们数量不等的","0","3","3"
"返回他们本国","0","3","3"
"直派遣他的弟","0","3","3"
"派遣他的弟弟","0","3","3"
"上表章前来朝","0","3","3"
"辽东发生饥荒","0","3","3"
"白银四百五十","0","3","3"
"省的治所迁到","0","3","3"
"令四川行枢密","0","3","3"
"等路代理处置","0","3","3"
"路代理处置中","0","3","3"
"代理处置中书","0","3","3"
"理处置中书省","0","3","3"
"直派遣他的大","0","3","3"
"来恭贺皇上的","0","3","3"
"恭贺皇上的寿","0","3","3"
"万五千两白银","0","3","3"
"赈济水达达部","0","3","3"
"赦免他们的罪","0","3","3"
"派遣兵部侍郎","0","3","3"
"派遣他的大将","0","3","3"
"遣他的大将军","0","3","3"
"改为行中书省","0","3","3"
"国共有一百六","0","3","3"
"共有一百六十","0","3","3"
"遣使臣前来朝","0","3","3"
"修筑大都城垣","0","3","3"
"平章政事之职","0","3","3"
"的百姓隶属于","0","3","3"
"前来恭贺皇帝","0","3","3"
"来恭贺皇帝的","0","3","3"
"丙派遣使臣前","0","3","3"
"派遣他的儿子","0","3","3"
"木星干犯轩辕","0","3","3"
"新签征的军队","0","3","3"
"给安南国王陈","0","3","3"
"粮米赈济他们","0","3","3"
"御史台大臣进","0","3","3"
"史台大臣进言","0","3","3"
"在司天台祭祀","0","3","3"
"等路发生饥荒","0","3","3"
"路发生旱灾和","0","3","3"
"世子王忄甚前","0","3","3"
"子王忄甚前来","0","3","3"
"一万五千名士","0","3","3"
"万五千名士卒","0","3","3"
"蒙古文字学校","0","3","3"
"派遣使臣来说","0","3","3"
"皇上下诏晓谕","0","3","3"
"中书省改为行","0","3","3"
"镇守官的子弟","0","3","3"
"今年丝税银的","0","3","3"
"侯王阿只吉的","0","3","3"
"犯太微西垣天","0","3","3"
"太微西垣天区","0","3","3"
"微西垣天区的","0","3","3"
"西垣天区的上","0","3","3"
"垣天区的上将","0","3","3"
"天区的上将星","0","3","3"
"区的上将星官","0","3","3"
"省钱钞一万锭","0","3","3"
"制置使朱祀孙","0","3","3"
"集贤殿大学士","0","3","3"
"军国重大事务","0","3","3"
"给河西行中书","0","3","3"
"河西行中书省","0","3","3"
"贡奉地方特产","0","3","3"
"襄阳守将吕文","0","3","3"
"阳守将吕文焕","0","3","3"
"钱钞一万一千","0","3","3"
"阿里海牙督率","0","3","3"
"给诸侯王八八","0","3","3"
"和礼霍孙上奏","0","3","3"
"礼霍孙上奏说","0","3","3"
"不同数量的奖","0","3","3"
"同数量的奖赏","0","3","3"
"们不同数量的","0","3","3"
"万户爱先不花","0","3","3"
"着皇上的诏书","0","3","3"
"诏书去招降他","0","3","3"
"派遣代理太尉","0","3","3"
"行枢密院事务","0","3","3"
"官府为他们赎","0","3","3"
"州重新隶属于","0","3","3"
"数量各不相同","0","3","3"
"不许狩猎的禁","0","3","3"
"许狩猎的禁令","0","3","3"
"林学士承旨和","0","3","3"
"学士承旨和礼","0","3","3"
"士承旨和礼霍","0","3","3"
"承旨和礼霍孙","0","3","3"
"阿里海牙上奏","0","3","3"
"里海牙上奏说","0","3","3"
"宣慰司上奏说","0","3","3"
"命令也速带儿","0","3","3"
"的蒙古军士兵","0","3","3"
"王忄甚派遣他","0","3","3"
"忄甚派遣他的","0","3","3"
"率领本军投降","0","3","3"
"为左副都元帅","0","3","3"
"朝淮东制置使","0","3","3"
"行中书省请求","0","3","3"
"天师张宗演前","0","3","3"
"师张宗演前来","0","3","3"
"隶属于行中书","0","3","3"
"属于行中书省","0","3","3"
"的一万名士卒","0","3","3"
"行中书省管辖","0","3","3"
"前去招降宋朝","0","3","3"
"率领步兵骑兵","0","3","3"
"把宋军打得大","0","3","3"
"白金星干犯井","0","3","3"
"金星干犯井宿","0","3","3"
"西川的蒙古军","0","3","3"
"木儿为御史大","0","3","3"
"犯轩辕星座的","0","3","3"
"川行枢密院佥","0","3","3"
"董文炳的军队","0","3","3"
"属于江西行省","0","3","3"
"权豪势要之家","0","3","3"
"任命户部尚书","0","3","3"
"张宗演前来朝","0","3","3"
"宗演前来朝廷","0","3","3"
"直接隶属于行","0","3","3"
"接隶属于行省","0","3","3"
"不同数额的钱","0","3","3"
"同数额的钱钞","0","3","3"
"有真才实学的","0","3","3"
"战死者不同数","0","3","3"
"死者不同数额","0","3","3"
"者不同数额的","0","3","3"
"铁木儿上奏说","0","3","3"
"率军前去讨伐","0","3","3"
"一万名侍卫军","0","3","3"
"署理江东道宣","0","3","3"
"理江东道宣慰","0","3","3"
"不同数量的绢","0","3","3"
"同数量的绢帛","0","3","3"
"发放官仓的粮","0","3","3"
"党全部被平定","0","3","3"
"一千三百五十","0","3","3"
"王相府上奏说","0","3","3"
"蒙古贵族子弟","0","3","3"
"千锭钱钞赈济","0","3","3"
"担任中书左丞","0","3","3"
"令扬州行中书","0","3","3"
"道的提刑按察","0","3","3"
"的提刑按察司","0","3","3"
"的事务隶属于","0","3","3"
"钱钞二万一千","0","3","3"
"路总管府同知","0","3","3"
"为枢密院佥事","0","3","3"
"刑按察司的治","0","3","3"
"阿合马的儿子","0","3","3"
"中赞金方庆前","0","3","3"
"赞金方庆前来","0","3","3"
"金方庆前来恭","0","3","3"
"方庆前来恭贺","0","3","3"
"庆前来恭贺新","0","3","3"
"安西王的丞相","0","3","3"
"令他们全部前","0","3","3"
"遣送他们回去","0","3","3"
"阿合马上奏说","0","3","3"
"五千名新附军","0","3","3"
"阴星干犯太微","0","3","3"
"安南国的世子","0","3","3"
"南国的世子陈","0","3","3"
"国的世子陈日","0","3","3"
"世子陈日火亘","0","3","3"
"给钱钞一万二","0","3","3"
"泉州行中书省","0","3","3"
"那些尚未归附","0","3","3"
"些尚未归附的","0","3","3"
"忽都帖木儿等","0","3","3"
"朝廷派去的使","0","3","3"
"廷派去的使臣","0","3","3"
"皇帝临幸上都","0","3","3"
"只必帖木儿请","0","3","3"
"必帖木儿请求","0","3","3"
"任命高丽国王","0","3","3"
"国前来进贡驯","0","3","3"
"前来进贡驯象","0","3","3"
"隶属于安西行","0","3","3"
"行中书省大臣","0","3","3"
"木儿为中书右","0","3","3"
"儿为中书右丞","0","3","3"
"星干犯司怪星","0","3","3"
"秩禄升格为从","0","3","3"
"木儿为参知政","0","3","3"
"儿为参知政事","0","3","3"
"秩禄升格为正","0","3","3"
"禄升格为正三","0","3","3"
"刑的罪犯共二","0","3","3"
"赐给贫穷的人","0","3","3"
"其余的全部撤","0","3","3"
"余的全部撤销","0","3","3"
"协助征伐日本","0","3","3"
"行事都总帅府","0","3","3"
"米以赈济饥民","0","3","3"
"隶属于枢密院","0","3","3"
"马八儿国派遣","0","3","3"
"八儿国派遣使","0","3","3"
"儿国派遣使臣","0","3","3"
"御史台的大臣","0","3","3"
"总管府隶属于","0","3","3"
"赐给诸侯王出","0","3","3"
"给诸侯王出伯","0","3","3"
"阿合马专权时","0","3","3"
"新归附的洞蛮","0","3","3"
"等处的宣慰司","0","3","3"
"诸侯王相吾答","0","3","3"
"侯王相吾答儿","0","3","3"
"占城行中书省","0","3","3"
"征伐日本的船","0","3","3"
"星干犯钩钤星","0","3","3"
"白金星干犯右","0","3","3"
"白金星干犯左","0","3","3"
"金星干犯左执","0","3","3"
"同意他的意见","0","3","3"
"省平章政事忙","0","3","3"
"卫的屯田发生","0","3","3"
"赐给皇子爱牙","0","3","3"
"给皇子爱牙赤","0","3","3"
"行省大臣上奏","0","3","3"
"令镇南王脱欢","0","3","3"
"议枢密院事务","0","3","3"
"不鲁迷失海牙","0","3","3"
"皇帝祭祀五大","0","3","3"
"帝祭祀五大山","0","3","3"
"撤销行御史台","0","3","3"
"按察司隶属于","0","3","3"
"隶属于江西行","0","3","3"
"东宣慰使月的","0","3","3"
"宣慰使月的迷","0","3","3"
"慰使月的迷失","0","3","3"
"月的迷失请求","0","3","3"
"兵一万二千人","0","3","3"
"丽派遣使臣来","0","3","3"
"设立大司农司","0","3","3"
"国派遣使臣前","0","3","3"
"平章政事二人","0","3","3"
"星干犯进贤星","0","3","3"
"为都转运使司","0","3","3"
"星干犯东咸星","0","3","3"
"赐给诸侯王术","0","3","3"
"给诸侯王术伯","0","3","3"
"处死刑的罪囚","0","3","3"
"太阴星干犯牵","0","3","3"
"阴星干犯牵牛","0","3","3"
"星干犯牵牛星","0","3","3"
"白金星干犯房","0","3","3"
"星干犯天江星","0","3","3"
"月的迷失上奏","0","3","3"
"的迷失上奏说","0","3","3"
"星干犯太微东","0","3","3"
"干犯太微东垣","0","3","3"
"诏令江淮行省","0","3","3"
"辖区内均听从","0","3","3"
"海都进犯边境","0","3","3"
"部属发生饥馑","0","3","3"
"南国王陈日火","0","3","3"
"国王陈日火亘","0","3","3"
"王陈日火亘派","0","3","3"
"中大夫陈克用","0","3","3"
"命令甘肃行省","0","3","3"
"饥饿乏食的人","0","3","3"
"白金星干犯鬼","0","3","3"
"金星干犯鬼宿","0","3","3"
"掌管枢密院事","0","3","3"
"率领部众一万","0","3","3"
"屯田发生大水","0","3","3"
"降低价格出售","0","3","3"
"太白金星行经","0","3","3"
"白金星行经天","0","3","3"
"金星行经天宇","0","3","3"
"大水伤害庄稼","0","3","3"
"临幸大圣寿万","0","3","3"
"贡献地方特产","0","3","3"
"肃政廉访司的","0","3","3"
"谥为昭睿顺圣","0","3","3"
"黄金各五百两","0","3","3"
"令翰林国史院","0","3","3"
"立英宗为皇太","0","3","3"
"知枢密院事官","0","3","3"
"太阴星凌犯轩","0","3","3"
"阴星凌犯轩辕","0","3","3"
"太阴星凌犯明","0","3","3"
"阴星凌犯明堂","0","3","3"
"千石加以赈济","0","3","3"
"粮食一万三千","0","3","3"
"食一万三千石","0","3","3"
"为知枢密院事","0","3","3"
"枢密院官员上","0","3","3"
"密院官员上言","0","3","3"
"为江西行省平","0","3","3"
"岭北行省官员","0","3","3"
"金星凌犯亢宿","0","3","3"
"按时享祭于太","0","3","3"
"时享祭于太庙","0","3","3"
"因亲祀太庙礼","0","3","3"
"忽都鲁都儿迷","0","3","3"
"都鲁都儿迷失","0","3","3"
"临御大明殿接","0","3","3"
"御大明殿接受","0","3","3"
"殿接受百官朝","0","3","3"
"回回司天监祭","0","3","3"
"回司天监祭星","0","3","3"
"穿戴礼服礼帽","0","3","3"
"品秩为从五品","0","3","3"
"千石予以赈济","0","3","3"
"火星凌犯太微","0","3","3"
"倒剌沙为中书","0","3","3"
"沙为中书平章","0","3","3"
"做佛事活动于","0","3","3"
"也先铁木儿等","0","3","3"
"先铁木儿等人","0","3","3"
"调发粮食予以","0","3","3"
"发粮食予以赈","0","3","3"
"为太子副詹事","0","3","3"
"平章政事乃马","0","3","3"
"灾异多次出现","0","3","3"
"赈济粮食不等","0","3","3"
"木儿不花等人","0","3","3"
"派遣翰林学士","0","3","3"
"国家财用不足","0","3","3"
"设立行都水监","0","3","3"
"土星凌犯井宿","0","3","3"
"赈济出售大米","0","3","3"
"令有关部门修","0","3","3"
"马于北方边地","0","3","3"
"仁宗为皇太子","0","3","3"
"至治三年八月","0","3","3"
"明宗即皇帝位","0","3","3"
"前任翰林学士","0","3","3"
"丞相燕铁木儿","0","3","3"
"命为中书右丞","0","3","3"
"认为他说得有","0","3","3"
"为他说得有理","0","3","3"
"以减轻人民的","0","3","3"
"章政事哈八儿","0","3","3"
"政事哈八儿秃","0","3","3"
"王忽察都地方","0","3","3"
"燕铁木儿率领","0","3","3"
"镇南王铁木儿","0","3","3"
"南王铁木儿不","0","3","3"
"指挥使也速台","0","3","3"
"挥使也速台儿","0","3","3"
"晓谕内外臣民","0","3","3"
"谕内外臣民说","0","3","3"
"诸侯王忽剌台","0","3","3"
"燕铁木儿率军","0","3","3"
"燕铁木儿大军","0","3","3"
"张王圭的儿子","0","3","3"
"使者颁布诏书","0","3","3"
"路蒙古元帅不","0","3","3"
"蒙古元帅不花","0","3","3"
"古元帅不花帖","0","3","3"
"月璐不花为御","0","3","3"
"璐不花为御史","0","3","3"
"田地房舍赐给","0","3","3"
"宗礻付祭于右","0","3","3"
"礻付祭于右穆","0","3","3"
"付祭于右穆第","0","3","3"
"中书省臣上言","0","3","3"
"燕铁木儿上言","0","3","3"
"铁木儿上言说","0","3","3"
"丞王月璐不花","0","3","3"
"官阶为中奉大","0","3","3"
"阶为中奉大夫","0","3","3"
"命令中书省及","0","3","3"
"院官员上言说","0","3","3"
"宗临御大明殿","0","3","3"
"陕西行省官员","0","3","3"
"湖广行省官员","0","3","3"
"中书省及各部","0","3","3"
"建造大承天护","0","3","3"
"造大承天护圣","0","3","3"
"察御史劾奏说","0","3","3"
"为陕西行台侍","0","3","3"
"二月二十四日","0","3","3"
"至正二十八年","0","3","3"
"资政院使朴不","0","3","3"
"政院使朴不花","0","3","3"
"孛罗帖木儿大","0","3","3"
"皇太后为太皇","0","3","3"
"其子脱列帖木","0","3","3"
"子脱列帖木儿","0","3","3"
"是我的职责所","0","3","3"
"我的职责所在","0","3","3"
"与一般儿童不","0","3","3"
"一般儿童不同","0","3","3"
"平章政事也速","0","3","3"
"章政事也速答","0","3","3"
"政事也速答儿","0","3","3"
"任四川行省左","0","3","3"
"对左右近臣说","0","3","3"
"随宗王旭烈兀","0","3","3"
"朝廷设立尚书","0","3","3"
"廷设立尚书省","0","3","3"
"乃颜反叛朝廷","0","3","3"
"拜为光禄大夫","0","3","3"
"宗王乃颜反叛","0","3","3"
"拜中书平章政","0","3","3"
"儿为平章政事","0","3","3"
"人民起兵反元","0","3","3"
"所过秋毫无犯","0","3","3"
"任参议中书省","0","3","3"
"伯颜派囊加歹","0","3","3"
"因病请求辞职","0","3","3"
"调任陕西汉中","0","3","3"
"皇帝讲解经史","0","3","3"
"解除他的职务","0","3","3"
"治国安邦之道","0","3","3"
"为皇帝讲解经","0","3","3"
"其弟也先帖木","0","3","3"
"弟也先帖木儿","0","3","3"
"朝廷任命他为","0","3","3"
"任江南行台治","0","3","3"
"河南人民起义","0","3","3"
"为同知太常礼","0","3","3"
"起用为江浙行","0","3","3"
"让位给皇太子","0","3","3"
"升为礼部尚书","0","3","3"
"铁木儿塔识奏","0","3","3"
"木儿塔识奏请","0","3","3"
"任淮南行省平","0","3","3"
"调任江浙行省","0","3","3"
"尚未启程赴任","0","3","3"
"孛罗帖木儿与","0","3","3"
"孛罗帖木儿进","0","3","3"
"至正二十七年","0","3","3"
"不敢胡作非为","0","3","3"
"同意这个意见","0","3","3"
"为中书左司郎","0","3","3"
"任治书侍御史","0","3","3"
"任浙东道宣慰","0","3","3"
"不知如何是好","0","3","3"
"为御史台照磨","0","3","3"
"塔世帖木儿为","0","3","3"
"采纳了他的意","0","3","3"
"纳了他的意见","0","3","3"
"的土地和人民","0","3","3"
"武仙占据真定","0","3","3"
"为龙虎卫上将","0","3","3"
"太宗皇后二年","0","3","3"
"世祖在即位前","0","3","3"
"任枢密院判官","0","3","3"
"以中书左丞之","0","3","3"
"中书左丞之职","0","3","3"
"多被采纳施行","0","3","3"
"弼与亦黑迷失","0","3","3"
"世祖为太子时","0","3","3"
"真才实学的人","0","3","3"
"开始说他能使","0","3","3"
"为御史台都事","0","3","3"
"为翰林国史院","0","3","3"
"夫玉昔帖木儿","0","3","3"
"史中丞杨朵儿","0","3","3"
"铁木迭儿之子","0","3","3"
"为礼部员外郎","0","3","3"
"任中书左司都","0","3","3"
"改任中书左司","0","3","3"
"征召为御史台","0","3","3"
"任翰林国史院","0","3","3"
"调任刑部尚书","0","3","3"
"提升为江南行","0","3","3"
"孛罗帖木儿领","0","3","3"
"罗帖木儿领兵","0","3","3"
"也先帖木儿的","0","3","3"
"命孛罗帖木儿","0","3","3"
"与秃坚帖木儿","0","3","3"
"人达鲁花赤者","2","0","2"
"御史累章辨诬","2","0","2"
"能知天知人者","2","0","2"
"济南路万户张","1","1","2"
"南路万户张荣","1","1","2"
"中书右丞粘合","1","1","2"
"书右丞粘合南","1","1","2"
"右丞粘合南合","1","1","2"
"立诸路洞冶都","1","1","2"
"诸路洞冶都总","1","1","2"
"路洞冶都总管","1","1","2"
"洞冶都总管府","1","1","2"
"立开元等路转","1","1","2"
"开元等路转运","1","1","2"
"元等路转运司","1","1","2"
"立四道按察司","1","1","2"
"立西蜀四川监","1","1","2"
"西蜀四川监榷","1","1","2"
"蜀四川监榷茶","1","1","2"
"四川监榷茶场","1","1","2"
"川监榷茶场使","1","1","2"
"监榷茶场使司","1","1","2"
"命陕西等路宣","1","1","2"
"陕西等路宣抚","1","1","2"
"西等路宣抚使","1","1","2"
"等路宣抚使赵","1","1","2"
"路宣抚使赵良","1","1","2"
"增选乐工八百","1","1","2"
"选乐工八百人","1","1","2"
"行中书省分遣","1","1","2"
"中书省分遣淮","1","1","2"
"书省分遣淮西","1","1","2"
"省分遣淮西行","1","1","2"
"分遣淮西行枢","1","1","2"
"遣淮西行枢密","1","1","2"
"汉军万户武秀","1","1","2"
"兵部尚书吕师","1","1","2"
"部尚书吕师夔","1","1","2"
"伯颜中书右丞","2","0","2"
"颜中书右丞相","2","0","2"
"左副都元帅阿","1","1","2"
"合剌合孙中书","2","0","2"
"兵部尚书王仪","1","1","2"
"临安府安抚使","1","1","2"
"安府安抚使杨","1","1","2"
"府安抚使杨镇","1","1","2"
"提刑按察使迷","1","1","2"
"刑按察使迷里","1","1","2"
"按察使迷里忽","1","1","2"
"察使迷里忽辛","1","1","2"
"置江淮等路都","1","1","2"
"江淮等路都转","1","1","2"
"淮等路都转运","1","1","2"
"江淮榷茶都转","1","1","2"
"淮榷茶都转运","1","1","2"
"置八道提刑按","1","1","2"
"八道提刑按察","1","1","2"
"渊圣广源王加","1","1","2"
"圣广源王加封","1","1","2"
"广源王加封善","1","1","2"
"源王加封善佑","1","1","2"
"灵济昭应王加","1","1","2"
"济昭应王加封","1","1","2"
"昭应王加封广","1","1","2"
"应王加封广惠","1","1","2"
"等五百二十九","1","1","2"
"五百二十九人","1","1","2"
"百二十九人羊","1","1","2"
"二十九人羊马","1","1","2"
"八千四百五十","1","1","2"
"千四百五十二","1","1","2"
"四百五十二锭","1","1","2"
"增设提刑按察","1","1","2"
"设提刑按察司","1","1","2"
"高丽国置大灰","1","1","2"
"丽国置大灰艾","1","1","2"
"官吏工匠银二","1","1","2"
"吏工匠银二千","1","1","2"
"工匠银二千两","1","1","2"
"安抚使王阿济","1","1","2"
"抚使王阿济同","1","1","2"
"使王阿济同万","1","1","2"
"王阿济同万户","1","1","2"
"阿济同万户昝","1","1","2"
"济同万户昝坤","1","1","2"
"同万户昝坤招","1","1","2"
"立上都留守司","1","1","2"
"失里牙信合八","2","0","2"
"里牙信合八剌","2","0","2"
"信合八剌麻合","1","1","2"
"合八剌麻合迭","1","1","2"
"八剌麻合迭瓦","1","1","2"
"肃行省左丞麦","1","1","2"
"行省左丞麦术","1","1","2"
"省左丞麦术丁","1","1","2"
"麦术丁中书右","2","0","2"
"术丁中书右丞","2","0","2"
"御史台御史中","1","1","2"
"史台御史中丞","1","1","2"
"台御史中丞张","1","1","2"
"御史中丞张雄","1","1","2"
"史中丞张雄飞","1","1","2"
"广东提刑按察","1","1","2"
"北京提刑按察","1","1","2"
"京提刑按察司","1","1","2"
"立斡脱总管府","1","1","2"
"合思等羊马价","1","1","2"
"复扬州管匠提","1","1","2"
"扬州管匠提举","1","1","2"
"州管匠提举司","1","1","2"
"立上都等路群","1","1","2"
"上都等路群牧","1","1","2"
"都等路群牧都","1","1","2"
"等路群牧都转","1","1","2"
"路群牧都转运","1","1","2"
"群牧都转运使","1","1","2"
"牧都转运使司","1","1","2"
"诸路常平盐铁","1","1","2"
"路常平盐铁坑","1","1","2"
"常平盐铁坑冶","1","1","2"
"平盐铁坑冶都","1","1","2"
"盐铁坑冶都转","1","1","2"
"铁坑冶都转运","1","1","2"
"立临安广西道","1","1","2"
"广西道宣抚司","1","1","2"
"必哥等考核云","1","1","2"
"哥等考核云南","1","1","2"
"等考核云南行","1","1","2"
"考核云南行省","1","1","2"
"安南行中书省","1","1","2"
"立钦察卫亲军","1","1","2"
"广东转运市舶","1","1","2"
"东转运市舶提","1","1","2"
"转运市舶提举","1","1","2"
"运市舶提举司","1","1","2"
"盐课市舶提举","1","1","2"
"课市舶提举司","1","1","2"
"道儒学提举司","1","1","2"
"福建市舶都漕","1","1","2"
"建市舶都漕运","1","1","2"
"市舶都漕运司","1","1","2"
"运司都转运盐","2","0","2"
"司都转运盐使","2","0","2"
"置江南四省交","1","1","2"
"江南四省交钞","1","1","2"
"南四省交钞提","1","1","2"
"四省交钞提举","1","1","2"
"省交钞提举司","1","1","2"
"立陕西宝钞提","1","1","2"
"陕西宝钞提举","1","1","2"
"西宝钞提举司","1","1","2"
"云南乌撒宣抚","1","1","2"
"南乌撒宣抚司","1","1","2"
"甘州路宣课提","1","1","2"
"州路宣课提举","1","1","2"
"路宣课提举司","1","1","2"
"入宁夏都转运","1","1","2"
"宁夏都转运使","1","1","2"
"夏都转运使司","1","1","2"
"遣参知政事张","1","1","2"
"参知政事张守","1","1","2"
"知政事张守智","1","1","2"
"翰林直学士李","1","1","2"
"林直学士李天","1","1","2"
"直学士李天英","1","1","2"
"捕提举司七所","1","1","2"
"大都路甲匠总","1","1","2"
"都路甲匠总管","1","1","2"
"路甲匠总管府","1","1","2"
"军器人匠都总","1","1","2"
"器人匠都总管","1","1","2"
"人匠都总管府","1","1","2"
"参知政事何荣","1","1","2"
"知政事何荣祖","1","1","2"
"议尚书省事张","1","1","2"
"尚书省事张天","1","1","2"
"五千七百四十","1","1","2"
"千七百四十九","1","1","2"
"七百四十九石","1","1","2"
"东道宣慰使一","1","1","2"
"道宣慰使一员","1","1","2"
"真定三万五千","1","1","2"
"定三万五千石","1","1","2"
"济宁二千一百","1","1","2"
"宁二千一百五","1","1","2"
"二千一百五十","1","1","2"
"千一百五十四","1","1","2"
"一百五十四石","1","1","2"
"东平一百四十","1","1","2"
"平一百四十七","1","1","2"
"一百四十七石","1","1","2"
"大名九百二十","1","1","2"
"冠州二十七石","1","1","2"
"烂土军民安抚","1","1","2"
"土军民安抚司","1","1","2"
"国王陈益稷遥","1","1","2"
"王陈益稷遥授","1","1","2"
"陈益稷遥授湖","1","1","2"
"益稷遥授湖广","1","1","2"
"稷遥授湖广等","1","1","2"
"遥授湖广等处","1","1","2"
"授湖广等处行","1","1","2"
"免屯田租一万","1","1","2"
"屯田租一万二","1","1","2"
"田租一万二千","1","1","2"
"租一万二千八","1","1","2"
"万二千八百一","1","1","2"
"二千八百一十","1","1","2"
"选湖南道宣慰","1","1","2"
"道宣慰副使梁","1","1","2"
"海运米四十万","1","1","2"
"运米四十万石","1","1","2"
"万一千九百七","1","1","2"
"千九百七十七","1","1","2"
"九百七十七石","1","1","2"
"立海北海南道","1","1","2"
"钞一千六百锭","1","1","2"
"置隆福宫卫候","1","1","2"
"隆福宫卫候司","1","1","2"
"立诸色户计诸","1","1","2"
"诸色户计诸总","1","1","2"
"色户计诸总管","1","1","2"
"户计诸总管府","1","1","2"
"南行省左丞杨","1","1","2"
"行省左丞杨炎","1","1","2"
"省左丞杨炎龙","1","1","2"
"立云州银场都","1","1","2"
"云州银场都提","1","1","2"
"州银场都提举","1","1","2"
"银场都提举司","1","1","2"
"宝玉五方佛冠","1","1","2"
"玉五方佛冠赐","1","1","2"
"议中书省事何","1","1","2"
"中书省事何荣","1","1","2"
"书省事何荣祖","1","1","2"
"行省左丞相黑","1","1","2"
"省左丞相黑驴","1","1","2"
"章政事赵世荣","1","1","2"
"西行省右丞木","1","1","2"
"行省右丞木八","1","1","2"
"省右丞木八剌","1","1","2"
"参知政事张思","1","1","2"
"知政事张思明","1","1","2"
"中书左丞换住","1","1","2"
"太后太皇太后","2","0","2"
"花钞万五千贯","2","0","2"
"封诸王彻彻秃","1","1","2"
"元永延教三藏","1","1","2"
"永延教三藏法","1","1","2"
"延教三藏法师","1","1","2"
"江南东西道田","1","1","2"
"南东西道田赋","1","1","2"
"饶州番阳县进","1","1","2"
"元钞五千万贯","1","1","2"
"中统钞二百五","1","1","2"
"统钞二百五十","1","1","2"
"太常礼仪院拟","1","1","2"
"进时享太庙仪","1","1","2"
"时享太庙仪式","1","1","2"
"三路差税三年","1","1","2"
"中书右丞木八","1","1","2"
"书右丞木八剌","1","1","2"
"江南浙西道廉","1","1","2"
"南浙西道廉访","1","1","2"
"浙西道廉访使","1","1","2"
"西道廉访使薛","1","1","2"
"道廉访使薛处","1","1","2"
"廉访使薛处敬","1","1","2"
"中都威卫忠翊","2","0","2"
"都威卫忠翊侍","2","0","2"
"威卫忠翊侍卫","2","0","2"
"卫忠翊侍卫亲","2","0","2"
"范阳县巨马河","1","1","2"
"公主速哥八剌","1","1","2"
"元十三年十月","1","1","2"
"十三年十月二","1","1","2"
"三年十月二十","1","1","2"
"年十月二十九","1","1","2"
"行中书左丞相","1","1","2"
"通政院使纽泽","1","1","2"
"浚镇江路漕河","1","1","2"
"万三千五百人","1","1","2"
"光圣仁孝皇帝","1","1","2"
"皇妣晋王妃曰","1","1","2"
"妣晋王妃曰宣","1","1","2"
"晋王妃曰宣懿","1","1","2"
"王妃曰宣懿淑","1","1","2"
"妃曰宣懿淑圣","1","1","2"
"曰宣懿淑圣皇","1","1","2"
"宣懿淑圣皇后","1","1","2"
"泰宁县五千户","1","1","2"
"宁县五千户封","1","1","2"
"县五千户封买","1","1","2"
"五千户封买奴","1","1","2"
"大司徒阔彻伯","1","1","2"
"忽商议军国重","1","1","2"
"商议军国重事","1","1","2"
"两广洞寨差税","1","1","2"
"广洞寨差税一","1","1","2"
"洞寨差税一年","1","1","2"
"江淮创科包银","2","0","2"
"创科包银三年","1","1","2"
"赐诸王彻彻秃","2","0","2"
"王彻彻秃金一","1","1","2"
"彻彻秃金一锭","1","1","2"
"召亲王图帖睦","1","1","2"
"置定王薛彻干","1","1","2"
"定王薛彻干总","1","1","2"
"王薛彻干总管","1","1","2"
"薛彻干总管府","1","1","2"
"川行中书省平","1","1","2"
"省平章政事囊","1","1","2"
"平章政事囊加","1","1","2"
"章政事囊加台","1","1","2"
"遣湘宁王八剌","1","1","2"
"知枢密院事吉","2","0","2"
"南行省右丞相","1","1","2"
"北行中书省左","1","1","2"
"中书省左丞泼","1","1","2"
"书省左丞泼皮","1","1","2"
"南行台中丞朵","1","1","2"
"行台中丞朵朵","1","1","2"
"封八剌失里继","1","1","2"
"八剌失里继母","1","1","2"
"剌失里继母买","1","1","2"
"皇妹昌国大长","1","1","2"
"妹昌国大长公","1","1","2"
"昌国大长公主","1","1","2"
"八番金石番等","1","1","2"
"番金石番等处","1","1","2"
"诸王伯颜帖木","1","1","2"
"剌忒纳失里镇","2","0","2"
"山东盐运司判","1","1","2"
"东盐运司判官","1","1","2"
"盐运司判官马","1","1","2"
"运司判官马合","1","1","2"
"司判官马合谟","1","1","2"
"加封温州故平","1","1","2"
"封温州故平阳","1","1","2"
"温州故平阳侯","1","1","2"
"谕云南大车里","1","1","2"
"封云南王王禅","1","1","2"
"益阳州六万五","1","1","2"
"阳州六万五千","1","1","2"
"封亲王图帖睦","1","1","2"
"瑞州六万五千","1","1","2"
"岁赐币帛千匹","1","1","2"
"遣兵部员外郎","1","1","2"
"兵部员外郎宋","1","1","2"
"部员外郎宋本","1","1","2"
"吏部员外郎郑","1","1","2"
"部员外郎郑立","1","1","2"
"工部主事张成","1","1","2"
"太史院都事费","1","1","2"
"史院都事费著","1","1","2"
"元钞四十万锭","1","1","2"
"中统钞十万锭","1","1","2"
"钞八千五百锭","1","1","2"
"省平章政事脱","1","1","2"
"平章政事脱欢","1","1","2"
"章政事脱欢答","1","1","2"
"政事脱欢答剌","1","1","2"
"事脱欢答剌罕","1","1","2"
"脱欢答剌罕升","1","1","2"
"海剌秃总管府","1","1","2"
"五花城宿灭秃","1","1","2"
"山东廉访使许","1","1","2"
"东廉访使许师","1","1","2"
"廉访使许师敬","1","1","2"
"御史大夫秃忽","1","1","2"
"史大夫秃忽鲁","1","1","2"
"大夫秃忽鲁加","1","1","2"
"夫秃忽鲁加太","1","1","2"
"秃忽鲁加太保","1","1","2"
"诸王搠思班部","1","1","2"
"王搠思班部战","1","1","2"
"搠思班部战士","1","1","2"
"思班部战士四","1","1","2"
"班部战士四百","1","1","2"
"部战士四百人","1","1","2"
"战士四百人征","1","1","2"
"改河间盐运司","2","0","2"
"大都河间等路","1","1","2"
"都河间等路都","1","1","2"
"河间等路都转","1","1","2"
"间等路都转运","1","1","2"
"巩昌路临洮府","1","1","2"
"昌路临洮府饥","1","1","2"
"钞五万五千锭","1","1","2"
"山东州县收养","1","1","2"
"东州县收养流","1","1","2"
"州县收养流民","1","1","2"
"县收养流民遗","1","1","2"
"收养流民遗弃","1","1","2"
"养流民遗弃子","1","1","2"
"流民遗弃子女","1","1","2"
"参知政事马合","1","1","2"
"河东宣慰使李","1","1","2"
"东宣慰使李处","1","1","2"
"宣慰使李处恭","1","1","2"
"江东道廉访使","1","1","2"
"东道廉访使朵","1","1","2"
"道廉访使朵列","1","1","2"
"廉访使朵列秃","1","1","2"
"太史院使齐履","1","1","2"
"史院使齐履谦","1","1","2"
"都功德使举林","1","1","2"
"功德使举林伯","1","1","2"
"荆湖宣慰使蒙","1","1","2"
"湖宣慰使蒙弼","1","1","2"
"礼部尚书李家","1","1","2"
"部尚书李家奴","1","1","2"
"知枢密院事阿","1","1","2"
"枢密院事阿吉","1","1","2"
"密院事阿吉剌","1","1","2"
"吏部尚书纳哈","1","1","2"
"陕西盐运使众","1","1","2"
"西盐运使众家","1","1","2"
"盐运使众家奴","1","1","2"
"中书断事官韩","1","1","2"
"书断事官韩庭","1","1","2"
"断事官韩庭茂","1","1","2"
"湖南宣慰使寒","1","1","2"
"南宣慰使寒食","1","1","2"
"冀宁路总管刘","1","1","2"
"宁路总管刘文","1","1","2"
"山东宣慰使秃","1","1","2"
"东宣慰使秃思","1","1","2"
"宣慰使秃思帖","1","1","2"
"慰使秃思帖木","1","1","2"
"西行省左丞廉","1","1","2"
"林侍讲学士帖","1","1","2"
"侍讲学士帖木","1","1","2"
"秘书卿吴秉道","1","1","2"
"八番宣慰司官","1","1","2"
"钞三千五百锭","1","1","2"
"置常侍府官属","1","1","2"
"遥授中书左丞","1","1","2"
"授中书左丞相","1","1","2"
"大司徒斡耳朵","1","1","2"
"山北辽阳等路","1","1","2"
"北辽阳等路蒙","1","1","2"
"辽阳等路蒙古","1","1","2"
"阳等路蒙古军","1","1","2"
"等路蒙古军万","1","1","2"
"路蒙古军万户","1","1","2"
"蒙古军万户孛","1","1","2"
"古军万户孛罗","1","1","2"
"林侍讲学士教","1","1","2"
"侍讲学士教化","1","1","2"
"讲学士教化等","1","1","2"
"中卫亲军都指","1","1","2"
"军都指挥使唐","1","1","2"
"都指挥使唐兀","1","1","2"
"兵部尚书赛罕","1","1","2"
"部尚书赛罕八","1","1","2"
"木中书平章政","2","0","2"
"肃行省平章政","1","1","2"
"参知政事张友","1","1","2"
"知政事张友谅","1","1","2"
"行省左丞相伯","1","1","2"
"省左丞相伯颜","1","1","2"
"中书右丞赵世","1","1","2"
"书右丞赵世延","1","1","2"
"赵世延御史中","2","0","2"
"世延御史中丞","2","0","2"
"补化知枢密院","1","1","2"
"化知枢密院事","1","1","2"
"宣靖王买奴等","1","1","2"
"襄阳万户杨克","1","1","2"
"阳万户杨克忠","1","1","2"
"邓州万户孙节","1","1","2"
"中书右丞曹立","1","1","2"
"福建廉访使易","1","1","2"
"建廉访使易释","1","1","2"
"廉访使易释董","1","1","2"
"访使易释董阿","1","1","2"
"中书左丞张思","1","1","2"
"书左丞张思明","1","1","2"
"章政事秃坚帖","1","1","2"
"政事秃坚帖木","1","1","2"
"浙行省右丞易","1","1","2"
"行省右丞易释","1","1","2"
"省右丞易释董","1","1","2"
"右丞易释董阿","1","1","2"
"中书平章速速","1","1","2"
"御史中丞列赤","2","0","2"
"懿庄圣皇后神","1","1","2"
"庄圣皇后神御","1","1","2"
"神御殿作佛事","2","0","2"
"显灵义勇武安","1","1","2"
"灵义勇武安英","1","1","2"
"义勇武安英济","1","1","2"
"勇武安英济王","1","1","2"
"行省左丞相吉","2","0","2"
"太平王黄金印","2","0","2"
"海东白鹘青鹘","1","1","2"
"列赤御史大夫","2","0","2"
"淮东宣慰司银","1","1","2"
"东宣慰司银字","1","1","2"
"宣慰司银字圆","1","1","2"
"慰司银字圆符","1","1","2"
"乌伯都剌珠衣","1","1","2"
"伯都剌珠衣赐","1","1","2"
"中政院使敬俨","1","1","2"
"知枢密院事彻","1","1","2"
"枢密院事彻里","1","1","2"
"密院事彻里帖","1","1","2"
"院事彻里帖木","1","1","2"
"帖木中书左丞","2","0","2"
"阿伯等六人田","1","1","2"
"伯等六人田宅","1","1","2"
"等六人田宅赐","1","1","2"
"知枢密院事花","2","0","2"
"枢密院事花帖","2","0","2"
"密院事花帖木","2","0","2"
"参知政事跃里","1","1","2"
"知政事跃里铁","1","1","2"
"政事跃里铁木","1","1","2"
"参议省事赵世","1","1","2"
"大都路涿州房","1","1","2"
"都路涿州房山","1","1","2"
"范阳等县饥民","1","1","2"
"阳等县饥民粮","1","1","2"
"史台赃罚钞三","1","1","2"
"台赃罚钞三百","1","1","2"
"赃罚钞三百锭","1","1","2"
"罚钞三百锭赐","1","1","2"
"御史中丞八剌","2","0","2"
"翰林直学士马","1","1","2"
"林直学士马哈","1","1","2"
"佥中政院事脱","1","1","2"
"中书断事官忽","1","1","2"
"左司员外郎王","1","1","2"
"司员外郎王德","1","1","2"
"员外郎王德明","1","1","2"
"礼部尚书八剌","1","1","2"
"书八剌哈赤等","1","1","2"
"祖父纪功碑铭","1","1","2"
"水达达路阿速","1","1","2"
"达达路阿速古","1","1","2"
"凤翔府岐阳书","1","1","2"
"翔府岐阳书院","1","1","2"
"中书参议阿荣","1","1","2"
"太子詹事丞赵","1","1","2"
"子詹事丞赵世","1","1","2"
"詹事丞赵世安","1","1","2"
"上都留守铁木","1","1","2"
"御史中丞史惟","1","1","2"
"史中丞史惟良","1","1","2"
"中丞史惟良沛","1","1","2"
"丞史惟良沛县","1","1","2"
"诸路道教事张","1","1","2"
"路道教事张留","1","1","2"
"道教事张留孙","1","1","2"
"成赞化保运神","1","1","2"
"赞化保运神德","1","1","2"
"化保运神德真","1","1","2"
"保运神德真君","1","1","2"
"补化加录军国","1","1","2"
"化加录军国重","1","1","2"
"知枢密院事燕","1","1","2"
"大司农卿燕赤","1","1","2"
"立元江等处宣","1","1","2"
"元江等处宣慰","1","1","2"
"江等处宣慰司","1","1","2"
"云南威楚路黄","1","1","2"
"南威楚路黄州","1","1","2"
"威楚路黄州土","1","1","2"
"楚路黄州土官","1","1","2"
"路黄州土官哀","1","1","2"
"黄州土官哀放","1","1","2"
"威楚路土官昵","1","1","2"
"楚路土官昵放","1","1","2"
"命中书左丞赵","1","1","2"
"中书左丞赵世","1","1","2"
"书左丞赵世安","1","1","2"
"左丞赵世安提","1","1","2"
"丞赵世安提调","1","1","2"
"赵世安提调国","1","1","2"
"世安提调国子","1","1","2"
"安提调国子监","1","1","2"
"提调国子监学","1","1","2"
"大崇禧万寿寺","1","1","2"
"四川重庆路酒","1","1","2"
"川重庆路酒禁","1","1","2"
"牙连秃杰鲁迭","1","1","2"
"连秃杰鲁迭所","1","1","2"
"秃杰鲁迭所居","1","1","2"
"杰鲁迭所居鹰","1","1","2"
"鲁迭所居鹰坊","1","1","2"
"迭所居鹰坊八","1","1","2"
"所居鹰坊八百","1","1","2"
"居鹰坊八百七","1","1","2"
"鹰坊八百七十","1","1","2"
"坊八百七十户","1","1","2"
"八百七十户粮","1","1","2"
"知枢密院事撒","1","1","2"
"枢密院事撒敦","1","1","2"
"中书右丞撒迪","1","1","2"
"宣政使阔里吉","1","1","2"
"政使阔里吉思","1","1","2"
"铁木知枢密院","2","0","2"
"太祖光献翼圣","1","1","2"
"祖光献翼圣皇","1","1","2"
"光献翼圣皇后","1","1","2"
"世祖昭睿顺圣","1","1","2"
"祖昭睿顺圣皇","1","1","2"
"济宁忠武王按","1","1","2"
"宁忠武王按陈","1","1","2"
"宣慈惠圣皇后","1","1","2"
"慈惠圣皇后真","1","1","2"
"惠圣皇后真哥","1","1","2"
"圣皇后真哥侄","1","1","2"
"皇后真哥侄毓","1","1","2"
"后真哥侄毓德","1","1","2"
"真哥侄毓德王","1","1","2"
"哥侄毓德王孛","1","1","2"
"侄毓德王孛罗","1","1","2"
"毓德王孛罗帖","1","1","2"
"德王孛罗帖木","1","1","2"
"正二十五年八","1","1","2"
"二十五年八月","1","1","2"
"十五年八月崩","1","1","2"
"完者忽都皇后","1","1","2"
"前锋三千人破","1","1","2"
"锋三千人破金","1","1","2"
"三千人破金兵","1","1","2"
"千人破金兵十","1","1","2"
"人破金兵十余","1","1","2"
"破金兵十余万","1","1","2"
"裕宗徽仁裕圣","1","1","2"
"宗徽仁裕圣皇","1","1","2"
"皇太后尊号曰","2","0","2"
"太后尊号曰仪","2","0","2"
"后尊号曰仪天","2","0","2"
"德泰宁福庆皇","1","1","2"
"泰宁福庆皇太","1","1","2"
"宁福庆皇太后","1","1","2"
"秃秃哈率众追","1","1","2"
"拨付怯薛丹五","1","1","2"
"付怯薛丹五百","1","1","2"
"怯薛丹五百名","1","1","2"
"子老章袭封镇","1","1","2"
"老章袭封镇南","1","1","2"
"章袭封镇南王","1","1","2"
"花黄金五十两","1","1","2"
"赠推忠宣力佐","1","1","2"
"推忠宣力佐命","1","1","2"
"弟术忽难袭高","1","1","2"
"术忽难袭高唐","1","1","2"
"忽难袭高唐王","1","1","2"
"赠推忠宣惠宁","1","1","2"
"推忠宣惠宁远","1","1","2"
"忠宣惠宁远功","1","1","2"
"宣惠宁远功臣","1","1","2"
"加赠资善大夫","1","1","2"
"岭北等处行中","1","1","2"
"追赠推诚宣力","1","1","2"
"赠推诚宣力翊","1","1","2"
"推诚宣力翊卫","1","1","2"
"诚宣力翊卫功","1","1","2"
"赠推忠协谋佐","1","1","2"
"推忠协谋佐运","1","1","2"
"忠协谋佐运功","1","1","2"
"协谋佐运功臣","1","1","2"
"诏赠宣忠同德","1","1","2"
"赠宣忠同德弼","1","1","2"
"宣忠同德弼亮","1","1","2"
"忠同德弼亮功","1","1","2"
"同德弼亮功臣","1","1","2"
"林等处行中书","1","1","2"
"撒合参知政事","2","0","2"
"赠推诚亮节崇","1","1","2"
"推诚亮节崇德","1","1","2"
"诚亮节崇德赞","1","1","2"
"亮节崇德赞治","1","1","2"
"节崇德赞治功","1","1","2"
"崇德赞治功臣","1","1","2"
"散八思哈长官","1","1","2"
"处行中书省理","1","1","2"
"南行中书省郎","1","1","2"
"行中书省郎中","1","1","2"
"献牝马三千匹","1","1","2"
"云南王征金齿","1","1","2"
"南王征金齿诸","1","1","2"
"王征金齿诸部","1","1","2"
"赠推忠宣力功","1","1","2"
"推忠宣力功臣","1","1","2"
"征行军万户府","1","1","2"
"行军万户府达","1","1","2"
"本所达鲁花赤","1","1","2"
"进昭武大将军","1","1","2"
"赠推忠同德佐","1","1","2"
"推忠同德佐理","1","1","2"
"忠同德佐理功","1","1","2"
"同德佐理功臣","1","1","2"
"平阳二路达鲁","1","1","2"
"阳二路达鲁花","1","1","2"
"云南诸路宣慰","1","1","2"
"南诸路宣慰使","1","1","2"
"诸路宣慰使都","1","1","2"
"授云南诸路转","1","1","2"
"云南诸路转运","1","1","2"
"南诸路转运使","1","1","2"
"累赠推忠佐理","1","1","2"
"加赠推诚守正","1","1","2"
"赠推诚守正佐","1","1","2"
"推诚守正佐理","1","1","2"
"诚守正佐理翊","1","1","2"
"守正佐理翊戴","1","1","2"
"正佐理翊戴功","1","1","2"
"佐理翊戴功臣","1","1","2"
"木华黎四世孙","1","1","2"
"玉册玉宝上皇","1","1","2"
"册玉宝上皇后","1","1","2"
"玉宝上皇后弘","1","1","2"
"宝上皇后弘吉","1","1","2"
"上皇后弘吉剌","1","1","2"
"玉册金宝立燕","1","1","2"
"册金宝立燕王","1","1","2"
"曾祖述律哥图","1","1","2"
"八邻部左千户","1","1","2"
"遣蒙古军都元","1","1","2"
"加赠宣忠佐命","1","1","2"
"赠宣忠佐命开","1","1","2"
"宣忠佐命开济","1","1","2"
"忠佐命开济翊","1","1","2"
"佐命开济翊戴","1","1","2"
"命开济翊戴功","1","1","2"
"开济翊戴功臣","1","1","2"
"先本武平北折","1","1","2"
"本武平北折连","1","1","2"
"武平北折连川","1","1","2"
"平北折连川按","1","1","2"
"北折连川按答","1","1","2"
"折连川按答罕","1","1","2"
"连川按答罕山","1","1","2"
"川按答罕山部","1","1","2"
"按答罕山部族","1","1","2"
"佐宪宗征阿速","1","1","2"
"白金二千五百","1","1","2"
"阿术会师襄阳","1","1","2"
"遣阿剌罕率诸","1","1","2"
"阿剌罕率诸翼","1","1","2"
"剌罕率诸翼军","1","1","2"
"罕率诸翼军攻","1","1","2"
"率诸翼军攻郢","1","1","2"
"蒙古汉军上万","1","1","2"
"古汉军上万户","1","1","2"
"行枢密院行中","2","0","2"
"枢密院行中书","2","0","2"
"密院行中书省","2","0","2"
"行同知沿江枢","1","1","2"
"同知沿江枢密","1","1","2"
"知沿江枢密院","1","1","2"
"沿江枢密院事","1","1","2"
"建行省平章政","1","1","2"
"赠推忠守正佐","1","1","2"
"推忠守正佐理","1","1","2"
"忠守正佐理功","1","1","2"
"守正佐理功臣","1","1","2"
"授南京等路宣","1","1","2"
"南京等路宣慰","1","1","2"
"京等路宣慰使","1","1","2"
"改河南道宣慰","1","1","2"
"河南道宣慰使","1","1","2"
"彰德南京新军","1","1","2"
"德南京新军千","1","1","2"
"南京新军千户","1","1","2"
"丞相帐前合必","1","1","2"
"相帐前合必赤","1","1","2"
"帐前合必赤军","1","1","2"
"漳州陈吊眼聚","1","1","2"
"江西等处行枢","1","1","2"
"西等处行枢密","1","1","2"
"大德二年十一","1","1","2"
"德二年十一月","1","1","2"
"二年十一月卒","1","1","2"
"赠效忠宣力定","1","1","2"
"效忠宣力定远","1","1","2"
"立东路蒙古军","1","1","2"
"东路蒙古军上","1","1","2"
"路蒙古军上万","1","1","2"
"蒙古军上万户","1","1","2"
"古军上万户府","1","1","2"
"勤等四千余户","1","1","2"
"安抚刘师勇攻","1","1","2"
"抚刘师勇攻吕","1","1","2"
"刘师勇攻吕城","1","1","2"
"使海外八罗孛","1","1","2"
"海外八罗孛国","1","1","2"
"右丞唆都征占","1","1","2"
"丞唆都征占城","1","1","2"
"功授江浙省理","1","1","2"
"授江浙省理问","1","1","2"
"江浙省理问官","1","1","2"
"龙翊亲军都指","1","1","2"
"军都指挥使事","1","1","2"
"伯颜河南行省","2","0","2"
"颜河南行省左","2","0","2"
"特加伯颜银青","1","1","2"
"加伯颜银青荣","1","1","2"
"伯颜银青荣禄","1","1","2"
"颜银青荣禄大","1","1","2"
"赐黄金二百五","1","1","2"
"楮币二十五万","1","1","2"
"币二十五万缗","1","1","2"
"特加授侍正府","1","1","2"
"加授侍正府侍","1","1","2"
"授侍正府侍正","1","1","2"
"加伯颜昭功宣","1","1","2"
"伯颜昭功宣毅","1","1","2"
"颜昭功宣毅万","1","1","2"
"昭功宣毅万户","1","1","2"
"伯颜奉太皇太","1","1","2"
"颜奉太皇太后","1","1","2"
"奉太皇太后命","1","1","2"
"斡罗思诸卫亲","1","1","2"
"罗思诸卫亲军","1","1","2"
"思诸卫亲军都","1","1","2"
"诸卫亲军都指","1","1","2"
"八番宣抚司达","1","1","2"
"番宣抚司达鲁","1","1","2"
"诏赠推诚定远","1","1","2"
"赠推诚定远宣","1","1","2"
"推诚定远宣忠","1","1","2"
"诚定远宣忠亮","1","1","2"
"定远宣忠亮节","1","1","2"
"远宣忠亮节功","1","1","2"
"宣忠亮节功臣","1","1","2"
"升四川行省平","1","1","2"
"答失八都鲁兵","1","1","2"
"陕西诸省诸王","1","1","2"
"西诸省诸王兵","1","1","2"
"河南行省郎中","1","1","2"
"宗建奎章阁学","1","1","2"
"建奎章阁学士","1","1","2"
"中台监察御史","1","1","2"
"除绍兴路总管","2","0","2"
"授同知泗州事","1","1","2"
"辽阳行省参知","1","1","2"
"阳行省参知政","1","1","2"
"升河南行省右","1","1","2"
"怯怜口怯薛官","1","1","2"
"相哈剌哈孙建","1","1","2"
"哈剌哈孙建议","1","1","2"
"剌哈孙建议迎","1","1","2"
"哈孙建议迎立","1","1","2"
"孙建议迎立武","1","1","2"
"建议迎立武宗","1","1","2"
"山北辽东道肃","1","1","2"
"北辽东道肃政","1","1","2"
"子脱欢同入国","1","1","2"
"脱欢同入国学","1","1","2"
"同知将作院事","1","1","2"
"调同知通政院","1","1","2"
"虎符唐兀亲军","1","1","2"
"符唐兀亲军都","1","1","2"
"唐兀亲军都指","1","1","2"
"兀亲军都指挥","1","1","2"
"六世祖始居开","1","1","2"
"世祖始居开平","1","1","2"
"天泽扈驾北征","1","1","2"
"赠翊运效节功","1","1","2"
"加赠推忠翊运","1","1","2"
"赠推忠翊运效","1","1","2"
"推忠翊运效节","1","1","2"
"忠翊运效节功","1","1","2"
"成都经略使总","1","1","2"
"都经略使总管","1","1","2"
"经略使总管万","1","1","2"
"略使总管万户","1","1","2"
"丞相伯颜受命","1","1","2"
"相伯颜受命伐","1","1","2"
"伯颜受命伐宋","1","1","2"
"河南行尚书省","1","1","2"
"南行尚书省平","1","1","2"
"知太史院侍仪","1","1","2"
"太史院侍仪司","1","1","2"
"史院侍仪司事","1","1","2"
"中统元年二月","1","1","2"
"统元年二月卒","1","1","2"
"授山北辽东道","1","1","2"
"河东山西两道","1","1","2"
"东山西两道肃","1","1","2"
"山西两道肃政","1","1","2"
"西两道肃政廉","1","1","2"
"两道肃政廉访","1","1","2"
"汴梁两路总管","1","1","2"
"授金州招讨副","1","1","2"
"金州招讨副使","1","1","2"
"行淮西总管万","1","1","2"
"淮西总管万户","1","1","2"
"西总管万户府","1","1","2"
"总管万户府事","1","1","2"
"管本万户府事","1","1","2"
"斩首六百余级","1","1","2"
"处州路管军万","1","1","2"
"州路管军万户","1","1","2"
"珍骠骑卫上将","1","1","2"
"同知大名府事","1","1","2"
"左翼侍卫亲军","1","1","2"
"改太平路总管","1","1","2"
"西道宣慰使都","1","1","2"
"乞里迷失攻淮","1","1","2"
"里迷失攻淮安","1","1","2"
"元帅张弘范征","1","1","2"
"镇南王脱欢命","1","1","2"
"泗州军民总管","1","1","2"
"同知山东西路","1","1","2"
"知山东西路兵","1","1","2"
"山东西路兵马","1","1","2"
"东西路兵马都","1","1","2"
"西路兵马都总","1","1","2"
"授济南武卫军","1","1","2"
"济南武卫军总","1","1","2"
"南武卫军总管","1","1","2"
"加推忠协力秉","1","1","2"
"推忠协力秉义","1","1","2"
"忠协力秉义功","1","1","2"
"协力秉义功臣","1","1","2"
"追赠中书左丞","1","1","2"
"蓬等处都元帅","1","1","2"
"等处都元帅府","1","1","2"
"处都元帅府参","1","1","2"
"都元帅府参议","1","1","2"
"佥陕西道提刑","1","1","2"
"陕西道提刑按","1","1","2"
"中兴道按察副","1","1","2"
"兴道按察副使","1","1","2"
"授佥行中书省","1","1","2"
"中书左右司郎","1","1","2"
"书左右司郎中","1","1","2"
"改江浙行省右","2","0","2"
"军前行尚书省","1","1","2"
"前行尚书省事","1","1","2"
"后加赠推诚效","1","1","2"
"加赠推诚效节","1","1","2"
"赠推诚效节功","1","1","2"
"推诚效节功臣","1","1","2"
"益都路宣抚使","1","1","2"
"良弼同佥书枢","1","1","2"
"弼同佥书枢密","1","1","2"
"同佥书枢密院","1","1","2"
"婿著作郎李稚","1","1","2"
"著作郎李稚宾","1","1","2"
"赠端贞雅亮佐","1","1","2"
"端贞雅亮佐治","1","1","2"
"贞雅亮佐治功","1","1","2"
"雅亮佐治功臣","1","1","2"
"改提刑按察司","1","1","2"
"提刑按察司肃","2","0","2"
"刑按察司肃政","2","0","2"
"按察司肃政廉","2","0","2"
"察司肃政廉访","2","0","2"
"司肃政廉访司","2","0","2"
"庆元年三月卒","1","1","2"
"夔府等处蒙古","1","1","2"
"府等处蒙古汉","1","1","2"
"等处蒙古汉军","1","1","2"
"处蒙古汉军都","1","1","2"
"汉军都元帅参","1","1","2"
"军都元帅参议","1","1","2"
"参政曲里吉思","1","1","2"
"分兵进取五溪","1","1","2"
"兵进取五溪洞","1","1","2"
"进取五溪洞蛮","1","1","2"
"都元帅脱察一","1","1","2"
"元帅脱察一军","1","1","2"
"功加龙虎卫上","1","1","2"
"加龙虎卫上将","1","1","2"
"遥授中书省左","1","1","2"
"授中书省左丞","1","1","2"
"奉旨北征怀都","1","1","2"
"改淮东宣慰使","2","0","2"
"益都军民公事","1","1","2"
"改安抚司总管","2","0","2"
"安抚司总管府","2","0","2"
"迁荆湖北道宣","2","0","2"
"诏加赐金五十","1","1","2"
"加赐金五十两","1","1","2"
"陕西行省左右","1","1","2"
"文天祥置都督","1","1","2"
"天祥置都督府","1","1","2"
"守臣张清行都","1","1","2"
"臣张清行都督","1","1","2"
"张清行都督府","1","1","2"
"清行都督府事","1","1","2"
"广平章政事要","1","1","2"
"平章政事要束","1","1","2"
"章政事要束木","1","1","2"
"政事要束木贪","1","1","2"
"顺德达泉引入","1","1","2"
"德达泉引入城","1","1","2"
"达泉引入城中","1","1","2"
"没民田千三百","1","1","2"
"民田千三百余","1","1","2"
"田千三百余顷","1","1","2"
"漳二水合流处","1","1","2"
"永年下经鸡泽","1","1","2"
"灌田三千余顷","1","1","2"
"温县南复入大","1","1","2"
"县南复入大河","1","1","2"
"皇曾孙松山封","1","1","2"
"福建闽海道提","1","1","2"
"建闽海道提刑","1","1","2"
"闽海道提刑按","1","1","2"
"海道提刑按察","1","1","2"
"迁浙东道宣慰","2","0","2"
"二十三年四月","1","1","2"
"湖北湖南行省","1","1","2"
"北湖南行省钱","1","1","2"
"湖南行省钱粮","1","1","2"
"山东西道廉访","1","1","2"
"东西道廉访使","1","1","2"
"河北河南道巡","1","1","2"
"北河南道巡行","1","1","2"
"河南道巡行劝","1","1","2"
"南道巡行劝农","1","1","2"
"同知浙东道宣","1","1","2"
"知浙东道宣慰","1","1","2"
"浙东道宣慰司","1","1","2"
"东道宣慰司事","1","1","2"
"陕西五路转运","1","1","2"
"西五路转运司","1","1","2"
"五路转运司谘","1","1","2"
"路转运司谘议","1","1","2"
"佥河东山西道","1","1","2"
"山南湖北道提","1","1","2"
"江南浙西道提","1","1","2"
"南浙西道提刑","1","1","2"
"追封容城郡公","1","1","2"
"追封临川郡公","1","1","2"
"英宗两朝实录","1","1","2"
"西京参议宣慰","1","1","2"
"京参议宣慰司","1","1","2"
"参议宣慰司事","1","1","2"
"中兴等路学校","1","1","2"
"佥河南江北行","1","1","2"
"河南江北行中","1","1","2"
"南江北行中书","1","1","2"
"江北行中书省","1","1","2"
"北行中书省事","1","1","2"
"赠旧学同德翊","1","1","2"
"旧学同德翊戴","1","1","2"
"学同德翊戴辅","1","1","2"
"同德翊戴辅治","1","1","2"
"德翊戴辅治功","1","1","2"
"翊戴辅治功臣","1","1","2"
"道行御史台治","1","1","2"
"授宗正府郎中","1","1","2"
"迁中书省右司","1","1","2"
"中书省右司员","1","1","2"
"书省右司员外","1","1","2"
"省右司员外郎","1","1","2"
"西台治书侍御","1","1","2"
"武卫府史授通","1","1","2"
"卫府史授通惠","1","1","2"
"府史授通惠河","1","1","2"
"史授通惠河道","1","1","2"
"授通惠河道所","1","1","2"
"通惠河道所都","1","1","2"
"惠河道所都事","1","1","2"
"江浙等处行中","1","1","2"
"浙等处行中书","1","1","2"
"追封南阳郡公","1","1","2"
"迁枢密院判官","2","0","2"
"迁京畿都漕运","1","1","2"
"京畿都漕运使","1","1","2"
"河南等处行省","1","1","2"
"南等处行省平","1","1","2"
"等处行省平章","1","1","2"
"处行省平章政","1","1","2"
"加推诚佐理功","1","1","2"
"推诚佐理功臣","1","1","2"
"河南等处行中","1","1","2"
"南等处行中书","1","1","2"
"浙东肃政廉访","1","1","2"
"赠摅诚秉义佐","1","1","2"
"摅诚秉义佐理","1","1","2"
"诚秉义佐理功","1","1","2"
"秉义佐理功臣","1","1","2"
"推忠宣力保德","1","1","2"
"忠宣力保德功","1","1","2"
"宣力保德功臣","1","1","2"
"赠守正佐治功","1","1","2"
"守正佐治功臣","1","1","2"
"武宗访求先朝","1","1","2"
"改授翰林学士","1","1","2"
"赠推忠辅义守","1","1","2"
"推忠辅义守正","1","1","2"
"忠辅义守正功","1","1","2"
"辅义守正功臣","1","1","2"
"追封漆水郡公","1","1","2"
"改四川肃政廉","1","1","2"
"四川肃政廉访","1","1","2"
"川肃政廉访使","1","1","2"
"皇朝经世大典","1","1","2"
"赠世忠执法佐","1","1","2"
"世忠执法佐运","1","1","2"
"忠执法佐运翊","1","1","2"
"执法佐运翊亮","1","1","2"
"法佐运翊亮功","1","1","2"
"佐运翊亮功臣","1","1","2"
"追封清河郡公","1","1","2"
"升应奉翰林文","1","1","2"
"迁两浙都转运","1","1","2"
"转运盐使司石","1","1","2"
"运盐使司石堰","1","1","2"
"盐使司石堰西","1","1","2"
"使司石堰西场","1","1","2"
"司石堰西场监","1","1","2"
"石堰西场监运","1","1","2"
"追封江夏郡公","1","1","2"
"加同知经筵事","1","1","2"
"升江南行台御","1","1","2"
"转中书左司都","1","1","2"
"除翰林侍讲学","2","0","2"
"迁改集贤侍讲","1","1","2"
"赠昭文馆大学","1","1","2"
"淮东宣慰司都","1","1","2"
"东宣慰司都元","1","1","2"
"秉宪佐治功臣","1","1","2"
"书枢密院事韩","1","1","2"
"枢密院事韩镛","1","1","2"
"同知岳州路平","1","1","2"
"知岳州路平江","1","1","2"
"岳州路平江州","1","1","2"
"州路平江州事","1","1","2"
"追封谯国郡公","1","1","2"
"迁中书左司都","2","0","2"
"赠推忠赞理正","1","1","2"
"推忠赞理正宪","1","1","2"
"忠赞理正宪功","1","1","2"
"赞理正宪功臣","1","1","2"
"赠摅诚赞治功","1","1","2"
"摅诚赞治功臣","1","1","2"
"改宣文阁监书","1","1","2"
"转河西廉访使","1","1","2"
"林侍讲学士郝","1","1","2"
"侍讲学士郝彬","1","1","2"
"镇江淮海书院","1","1","2"
"江淮海书院山","1","1","2"
"淮海书院山长","1","1","2"
"南行台中丞廉","1","1","2"
"行台中丞廉恒","1","1","2"
"调检校章迪率","1","1","2"
"检校章迪率本","1","1","2"
"校章迪率本部","1","1","2"
"章迪率本部兵","1","1","2"
"黄昭夹攻抚州","1","1","2"
"小学标题驳论","1","1","2"
"太子左赞善召","1","1","2"
"赠黼摅忠秉义","1","1","2"
"黼摅忠秉义效","1","1","2"
"摅忠秉义效节","1","1","2"
"忠秉义效节功","1","1","2"
"秉义效节功臣","1","1","2"
"淮南江北等处","1","1","2"
"追封陇西郡公","1","1","2"
"赠崇化宣力效","1","1","2"
"崇化宣力效忠","1","1","2"
"化宣力效忠功","1","1","2"
"宣力效忠功臣","1","1","2"
"江北等处行省","1","1","2"
"北等处行省左","1","1","2"
"等处行省左丞","1","1","2"
"授国史院编修","1","1","2"
"省平章政事咬","1","1","2"
"平章政事咬住","1","1","2"
"襄阳路达鲁花","1","1","2"
"同知建宁路总","1","1","2"
"知建宁路总管","1","1","2"
"建宁路总管府","1","1","2"
"宁路总管府事","1","1","2"
"庭坚节制建宁","1","1","2"
"邵武二郡诸军","1","1","2"
"湖广省宣使历","1","1","2"
"湖州乌程县尹","1","1","2"
"廉访司书吏调","1","1","2"
"访司书吏调连","1","1","2"
"司书吏调连江","1","1","2"
"书吏调连江县","1","1","2"
"吏调连江县宁","1","1","2"
"调连江县宁善","1","1","2"
"连江县宁善乡","1","1","2"
"江县宁善乡巡","1","1","2"
"县宁善乡巡检","1","1","2"
"江西廉访副使","1","1","2"
"春秋地理原委","1","1","2"
"律吕律历礼乐","1","1","2"
"吕律历礼乐杂","1","1","2"
"律历礼乐杂志","1","1","2"
"取三国时事撰","1","1","2"
"西行省平章全","1","1","2"
"行省平章全岳","1","1","2"
"省平章全岳柱","1","1","2"
"平章全岳柱聘","1","1","2"
"通鉴纲目测海","1","1","2"
"大德四年告老","1","1","2"
"诸色人匠总管","1","1","2"
"色人匠总管府","1","1","2"
"阿合马平章政","2","0","2"
"合马平章政事","2","0","2"
"尚书省入中书","2","0","2"
"书省入中书省","2","0","2"
"阿合马中书平","2","0","2"
"合马中书平章","2","0","2"
"马中书平章政","2","0","2"
"江南田主收佃","1","1","2"
"南田主收佃客","1","1","2"
"田主收佃客租","1","1","2"
"主收佃客租课","1","1","2"
"改行中书省行","2","0","2"
"六部尚书六部","2","0","2"
"议尚书省事阿","1","1","2"
"尚书省事阿散","1","1","2"
"札鲁忽赤秃忽","1","1","2"
"鲁忽赤秃忽鲁","1","1","2"
"泉府司卿李佑","1","1","2"
"监察御史戎益","1","1","2"
"佥枢密院事崔","1","1","2"
"书省断事官燕","1","1","2"
"省断事官燕真","1","1","2"
"监察御史伯颜","1","1","2"
"察御史伯颜等","1","1","2"
"御史伯颜等十","1","1","2"
"史伯颜等十二","1","1","2"
"伯颜等十二人","1","1","2"
"受杭州永兴寺","1","1","2"
"杭州永兴寺僧","1","1","2"
"州永兴寺僧章","1","1","2"
"福赂金一百五","1","1","2"
"赂金一百五十","1","1","2"
"妹婿集贤学士","1","1","2"
"婿集贤学士秃","1","1","2"
"集贤学士秃鲁","1","1","2"
"贤学士秃鲁帖","1","1","2"
"学士秃鲁帖木","1","1","2"
"福建宣慰使都","1","1","2"
"建宣慰使都元","1","1","2"
"监察御史燕赤","1","1","2"
"劾奏搠思监任","1","1","2"
"妾弟崔完者帖","1","1","2"
"弟崔完者帖木","1","1","2"
"乘舟入大明湖","1","1","2"
"左丞相住亚献","2","0","2"
"忠翊亲军都指","1","1","2"
"孛罗帖木太保","2","0","2"
"遣左谏议大夫","1","1","2"
"左谏议大夫朴","1","1","2"
"谏议大夫朴伦","1","1","2"
"郎将辛洪成等","1","1","2"
"将辛洪成等奉","1","1","2"
"辛洪成等奉表","1","1","2"
"洪成等奉表入","1","1","2"
"成等奉表入朝","1","1","2"
"遣知门下省事","1","1","2"
"知门下省事申","1","1","2"
"门下省事申思","1","1","2"
"礼部侍郎陈井","1","1","2"
"借礼部侍郎张","1","1","2"
"礼部侍郎张镒","1","1","2"
"部侍郎张镒奉","1","1","2"
"侍郎张镒奉表","1","1","2"
"命忽都答持诏","2","0","2"
"金州等处置镇","2","0","2"
"州等处置镇边","2","0","2"
"等处置镇边万","2","0","2"
"处置镇边万户","2","0","2"
"威将军都统脱","2","0","2"
"诏高丽国王王","2","0","2"
"军民都达鲁花","1","1","2"
"民都达鲁花赤","1","1","2"
"都达鲁花赤总","1","1","2"
"鲁花赤总管府","1","1","2"
"杀国使杜世忠","2","0","2"
"国使杜世忠等","2","0","2"
"日本行省参议","1","1","2"
"本行省参议裴","1","1","2"
"行省参议裴国","1","1","2"
"省参议裴国佐","1","1","2"
"参议裴国佐等","1","1","2"
"本省右丞相阿","1","1","2"
"省右丞相阿剌","1","1","2"
"右丞相阿剌罕","1","1","2"
"命阿塔海代总","1","1","2"
"阿塔海代总军","1","1","2"
"塔海代总军事","1","1","2"
"会同馆使哈剌","1","1","2"
"同馆使哈剌脱","1","1","2"
"工部郎中李克","1","1","2"
"部郎中李克忠","1","1","2"
"工部员外郎董","1","1","2"
"安南殿前范海","1","1","2"
"南殿前范海崖","1","1","2"
"兰韦大助等处","1","1","2"
"获亡宋陈尚书","1","1","2"
"亡宋陈尚书婿","1","1","2"
"叶郎将等四百","1","1","2"
"郎将等四百余","1","1","2"
"将等四百余人","1","1","2"
"三十里立一寨","1","1","2"
"六十里置一驿","1","1","2"
"军三百镇守巡","1","1","2"
"三百镇守巡逻","1","1","2"
"昔班等送彰宪","1","1","2"
"班等送彰宪侯","1","1","2"
"云南兵六千人","1","1","2"
"留兵二千五百","1","1","2"
"兵二千五百人","1","1","2"
"二千五百人命","1","1","2"
"千五百人命万","1","1","2"
"五百人命万户","1","1","2"
"百人命万户贺","1","1","2"
"人命万户贺祉","1","1","2"
"命万户贺祉统","1","1","2"
"阿八赤万人前","2","0","2"
"八赤万人前锋","2","0","2"
"遇交趾船四百","1","1","2"
"交趾船四百余","1","1","2"
"趾船四百余艘","1","1","2"
"斩首四千余级","1","1","2"
"镇南王引兵万","2","0","2"
"南王引兵万劫","2","0","2"
"国杰设幕官十","1","1","2"
"杰设幕官十一","1","1","2"
"设幕官十一人","1","1","2"
"世子陈日爌遣","2","0","2"
"遣陪臣莫节夫","1","1","2"
"陪臣莫节夫等","1","1","2"
"文宗天历二年","1","1","2"
"宗天历二年夏","1","1","2"
"诏赐钱五千缗","1","1","2"
"时大理路蒙古","1","1","2"
"大理路蒙古千","1","1","2"
"理路蒙古千户","1","1","2"
"路蒙古千户忽","1","1","2"
"蒙古千户忽都","1","1","2"
"大理路总管信","1","1","2"
"理路总管信苴","1","1","2"
"路总管信苴日","1","1","2"
"千户脱罗脱孩","1","1","2"
"户脱罗脱孩奉","1","1","2"
"脱罗脱孩奉命","1","1","2"
"子窟麻剌哥撒","1","1","2"
"窟麻剌哥撒八","1","1","2"
"麻剌哥撒八逃","1","1","2"
"十一年三月六","1","1","2"
"一年三月六日","1","1","2"
"忽都虎令百户","1","1","2"
"都虎令百户陈","1","1","2"
"虎令百户陈奎","1","1","2"
"令百户陈奎招","1","1","2"
"孙济目理勒蛰","1","1","2"
"邛大巴南等奉","1","1","2"
"大巴南等奉表","1","1","2"
"巴南等奉表归","1","1","2"
"土虎登哥等水","1","1","2"
"虎登哥等水军","1","1","2"
"登哥等水军溯","1","1","2"
"哥等水军溯流","1","1","2"
"博合睹撒里直","1","1","2"
"子八林昔黑剌","1","1","2"
"八林昔黑剌秃","1","1","2"
"林昔黑剌秃合","1","1","2"
"昔黑剌秃合必","1","1","2"
"黑剌秃合必畜","1","1","2"
"宣懿太后月伦","1","1","2"
"兀鲁回失连真","1","1","2"
"鲁回失连真河","1","1","2"
"火力失烈门部","1","1","2"
"皇帝位斡难河","2","0","2"
"尊号曰成吉思","2","0","2"
"号曰成吉思皇","2","0","2"
"曰成吉思皇帝","2","0","2"
"副元帅高令公","1","1","2"
"西域哈剌鲁部","1","1","2"
"纥石烈九斤等","1","1","2"
"石烈九斤等率","1","1","2"
"左都监奥屯襄","1","1","2"
"都监奥屯襄率","1","1","2"
"丞相完颜福兴","1","1","2"
"权兵马都元帅","2","0","2"
"兴中府元帅石","1","1","2"
"中府元帅石天","1","1","2"
"府元帅石天应","1","1","2"
"御史中丞李英","1","1","2"
"史中丞李英等","1","1","2"
"中丞李英等率","1","1","2"
"中都留守完颜","1","1","2"
"都留守完颜福","1","1","2"
"留守完颜福兴","1","1","2"
"红罗山寨主杜","1","1","2"
"罗山寨主杜秀","1","1","2"
"史天倪河北西","2","0","2"
"州户三十万归","2","0","2"
"董俊龙虎卫上","1","1","2"
"俊龙虎卫上将","1","1","2"
"薛迷思干等城","1","1","2"
"乌古孙仲端奉","1","1","2"
"涟水忠义统辖","1","1","2"
"水忠义统辖石","1","1","2"
"攻班勒纥等城","1","1","2"
"攻玉龙杰赤等","1","1","2"
"玉龙杰赤等城","1","1","2"
"京东安抚使张","1","1","2"
"东安抚使张琳","1","1","2"
"令汝主河南王","2","0","2"
"宋大名总管彭","2","0","2"
"总管彭义斌侵","1","1","2"
"张柔行军千户","1","1","2"
"德顺节度使爱","1","1","2"
"顺节度使爱申","1","1","2"
"进士马肩龙死","1","1","2"
"铁钅辜胡兰山","1","1","2"
"步军都元帅察","1","1","2"
"军都元帅察罕","1","1","2"
"都元帅察罕等","1","1","2"
"元帅察罕等率","1","1","2"
"皇孙失烈门嗣","2","0","2"
"汪吉宿灭秃里","1","1","2"
"吉宿灭秃里地","1","1","2"
"曲律淮黑哈速","1","1","2"
"律淮黑哈速地","1","1","2"
"野里知吉带率","1","1","2"
"昂灰皇后抚育","1","1","2"
"大将兀良合台","1","1","2"
"阿剌脱忽剌兀","1","1","2"
"剌脱忽剌兀地","1","1","2"
"皇后海迷失所","1","1","2"
"大将班里赤等","1","1","2"
"阔帖兀阿阑地","1","1","2"
"河等处行尚书","1","1","2"
"道士李真常掌","1","1","2"
"皇后乞里吉忽","1","1","2"
"后乞里吉忽帖","1","1","2"
"乞里吉忽帖尼","1","1","2"
"月帖古忽阑地","1","1","2"
"帝猎怯蹇义罕","2","0","2"
"断事官忙哥撒","1","1","2"
"留兀良合台攻","2","0","2"
"兀良合台攻诸","2","0","2"
"良合台攻诸夷","2","0","2"
"合台攻诸夷未","2","0","2"
"台攻诸夷未附","2","0","2"
"攻诸夷未附者","2","0","2"
"均州总管孙嗣","1","1","2"
"云南酋长摩合","1","1","2"
"南酋长摩合罗","1","1","2"
"酋长摩合罗嵯","1","1","2"
"公主脱灭干等","1","1","2"
"日煚传国长子","2","0","2"
"煚传国长子光","2","0","2"
"传国长子光昺","2","0","2"
"光昺遣婿国人","2","0","2"
"昺遣婿国人方","2","0","2"
"遣婿国人方物","2","0","2"
"婿国人方物见","2","0","2"
"兀良合台送诣","2","0","2"
"良合台送诣行","2","0","2"
"合台送诣行所","2","0","2"
"四川制置使蒲","1","1","2"
"川制置使蒲泽","1","1","2"
"参知政事刘太","1","1","2"
"知政事刘太平","1","1","2"
"丰州千户郭燧","1","1","2"
"良弼参议司事","2","0","2"
"高丽国王王倎","2","0","2"
"林侍读学士郝","1","1","2"
"侍读学士郝经","1","1","2"
"翰林待制何源","1","1","2"
"礼部郎中刘人","1","1","2"
"部郎中刘人杰","1","1","2"
"庚申年五月十","1","1","2"
"申年五月十九","1","1","2"
"年五月十九日","1","1","2"
"燕京路宣抚使","1","1","2"
"济南等路宣抚","1","1","2"
"河南路经略使","1","1","2"
"南路经略使史","1","1","2"
"路经略使史天","1","1","2"
"经略使史天泽","1","1","2"
"北京等路宣抚","1","1","2"
"太原路宣抚使","1","1","2"
"真定路宣抚使","1","1","2"
"东平路宣抚使","1","1","2"
"彰德等路宣抚","1","1","2"
"德等路宣抚使","1","1","2"
"西京路宣抚使","1","1","2"
"巩昌等处便宜","1","1","2"
"处便宜都总帅","2","0","2"
"成都路侍郎张","1","1","2"
"都路侍郎张威","1","1","2"
"京兆两路宣抚","1","1","2"
"兆两路宣抚司","1","1","2"
"总帅汪良臣统","1","1","2"
"宣抚司运米十","1","1","2"
"抚司运米十万","1","1","2"
"司运米十万石","1","1","2"
"四川宣抚司八","1","1","2"
"川宣抚司八春","1","1","2"
"东平路万户严","1","1","2"
"平路万户严忠","1","1","2"
"路万户严忠济","1","1","2"
"万户严忠济等","1","1","2"
"精兵一万五千","1","1","2"
"倎遣子永安公","2","0","2"
"遣子永安公僖","2","0","2"
"赐银万五千两","2","0","2"
"山东行省大都","1","1","2"
"东行省大都督","1","1","2"
"省大都督李璮","2","0","2"
"南路宣抚使史","1","1","2"
"路宣抚使史天","1","1","2"
"诸王塔察益都","2","0","2"
"造中统元宝交","2","0","2"
"中统元宝交钞","2","0","2"
"措中都析津驿","1","1","2"
"等路宣抚使张","1","1","2"
"路宣抚使张文","1","1","2"
"宣抚使张文谦","1","1","2"
"抚使张文谦虎","1","1","2"
"使张文谦虎符","1","1","2"
"诏都元帅纽璘","2","0","2"
"等路宣抚使廉","1","1","2"
"路宣抚使廉希","1","1","2"
"总帅汪良臣等","1","1","2"
"帅汪良臣等率","1","1","2"
"礼部员外郎李","1","1","2"
"部员外郎李文","1","1","2"
"员外郎李文俊","1","1","2"
"绢五千九十八","2","0","2"
"五千九十八匹","2","0","2"
"二年春正月辛","2","0","2"
"年春正月辛未","2","0","2"
"发兵修益都城","2","0","2"
"兵修益都城堑","2","0","2"
"礼部郎中刘芳","1","1","2"
"河南经略宣抚","1","1","2"
"南经略宣抚使","1","1","2"
"经略宣抚使史","1","1","2"
"略宣抚使史天","1","1","2"
"东平路行军万","1","1","2"
"平路行军万户","1","1","2"
"平路达鲁花赤","2","0","2"
"窦默翰林侍讲","2","0","2"
"平阳路安邑县","1","1","2"
"泸州安抚使刘","1","1","2"
"州安抚使刘整","1","1","2"
"夔府路中书省","1","1","2"
"青居山都元帅","1","1","2"
"居山都元帅钦","1","1","2"
"山都元帅钦察","1","1","2"
"都元帅钦察等","1","1","2"
"怀孟广济渠提","1","1","2"
"孟广济渠提举","1","1","2"
"广济渠提举王","1","1","2"
"济渠提举王允","1","1","2"
"渠提举王允中","1","1","2"
"遣世子愖奉表","2","0","2"
"命宿卫将军孛","1","1","2"
"宿卫将军孛里","1","1","2"
"郎中高逸民持","1","1","2"
"中高逸民持诏","1","1","2"
"军储都转运使","1","1","2"
"储都转运使司","1","1","2"
"政事王文统监","1","1","2"
"事王文统监修","1","1","2"
"总帅汪惟正将","2","0","2"
"高丽鸭绿江西","1","1","2"
"补阙李大节谥","1","1","2"
"燕京等路宣抚","1","1","2"
"等路宣抚使赛","1","1","2"
"路宣抚使赛典","1","1","2"
"宣抚使赛典赤","1","1","2"
"武卫军都指挥","1","1","2"
"卫军都指挥使","1","1","2"
"宣抚使粘合南","1","1","2"
"抚使粘合南合","1","1","2"
"林侍讲学士窦","1","1","2"
"侍讲学士窦默","1","1","2"
"太医副使王安","1","1","2"
"医副使王安仁","1","1","2"
"副使王安仁衣","1","1","2"
"邢州安抚使张","1","1","2"
"州安抚使张耕","1","1","2"
"安抚使张耕告","1","1","2"
"抚使张耕告老","1","1","2"
"大司农姚枢请","1","1","2"
"东平府详议官","1","1","2"
"平府详议官王","1","1","2"
"府详议官王镛","1","1","2"
"户部郎中宋绍","1","1","2"
"部郎中宋绍祖","1","1","2"
"敬铉等三十人","1","1","2"
"铉等三十人充","1","1","2"
"道士訾洞春代","1","1","2"
"祀东海广德王","1","1","2"
"东海广德王庙","1","1","2"
"付新军刘总管","1","1","2"
"新军刘总管统","1","1","2"
"左三部尚书怯","1","1","2"
"三部尚书怯烈","1","1","2"
"部尚书怯烈门","1","1","2"
"尚书怯烈门率","1","1","2"
"河南屯田万户","1","1","2"
"南屯田万户史","1","1","2"
"屯田万户史权","1","1","2"
"指挥副使郑江","1","1","2"
"挥使董文炳率","1","1","2"
"阿散兄弟二人","1","1","2"
"封皇子真金燕","2","0","2"
"皇子真金燕王","2","0","2"
"太常少卿王镛","1","1","2"
"常少卿王镛教","1","1","2"
"命诸王合必赤","2","0","2"
"天下户一百四","2","0","2"
"下户一百四十","2","0","2"
"户一百四十一","1","1","2"
"一百四十一万","1","1","2"
"百四十一万八","1","1","2"
"四十一万八千","1","1","2"
"十一万八千四","1","1","2"
"一万八千四百","1","1","2"
"万八千四百九","1","1","2"
"八千四百九十","1","1","2"
"千四百九十九","1","1","2"
"年春正月癸亥","2","0","2"
"诸王塔察请置","2","0","2"
"王塔察请置铁","2","0","2"
"塔察请置铁冶","2","0","2"
"遣宣抚使柴祯","1","1","2"
"宣抚使柴祯等","1","1","2"
"诸王合必赤行","2","0","2"
"王合必赤行军","2","0","2"
"合必赤行军印","2","0","2"
"宋制置使贾似","1","1","2"
"州万户张弘彦","1","1","2"
"三百六十二人","1","1","2"
"命大司农姚枢","1","1","2"
"水军万户解成","1","1","2"
"大名万户王文","1","1","2"
"名万户王文干","1","1","2"
"济南万户张宏","1","1","2"
"归德万户邸浃","1","1","2"
"武卫军炮手元","1","1","2"
"卫军炮手元帅","1","1","2"
"军炮手元帅薛","1","1","2"
"炮手元帅薛军","1","1","2"
"手元帅薛军胜","1","1","2"
"元帅薛军胜等","1","1","2"
"济南路军民万","1","1","2"
"南路军民万户","1","1","2"
"路军民万户张","1","1","2"
"军民万户张宏","1","1","2"
"王合必赤总督","1","1","2"
"宋子贞参议行","1","1","2"
"子贞参议行中","1","1","2"
"贞参议行中书","1","1","2"
"参议行中书省","1","1","2"
"中书左丞阔阔","1","1","2"
"元帅阿海分兵","1","1","2"
"帅阿海分兵戍","1","1","2"
"东平万户严忠","1","1","2"
"平万户严忠范","1","1","2"
"万户严忠范留","1","1","2"
"括北京鹰坊等","2","0","2"
"鹰坊等户丁兵","2","0","2"
"行中书省陕西","2","0","2"
"户部尚书刘肃","1","1","2"
"部尚书刘肃专","1","1","2"
"尚书刘肃专职","1","1","2"
"万户韩世安率","1","1","2"
"军民总帅蒲元","1","1","2"
"民总帅蒲元圭","1","1","2"
"东夔路经略使","1","1","2"
"诸路达鲁花赤","2","0","2"
"赐诸王合必赤","2","0","2"
"望云州新旧差","1","1","2"
"撒吉思安抚益","1","1","2"
"吉思安抚益都","1","1","2"
"思安抚益都路","1","1","2"
"总管李杲哥完","1","1","2"
"大司农姚枢辞","1","1","2"
"左三部尚书刘","1","1","2"
"三部尚书刘肃","1","1","2"
"太原总管李毅","1","1","2"
"原总管李毅奴","1","1","2"
"总管李毅奴哥","1","1","2"
"四十三万七千","1","1","2"
"十三万七千四","1","1","2"
"三万七千四百","1","1","2"
"万七千四百锭","1","1","2"
"杨大渊金符十","1","1","2"
"广济河渠司王","1","1","2"
"济河渠司王允","1","1","2"
"河渠司王允中","1","1","2"
"渠司王允中请","1","1","2"
"博都欢等奏请","1","1","2"
"诸路医学教授","2","0","2"
"军都指挥使董","1","1","2"
"都指挥使董文","1","1","2"
"益都行省大都","1","1","2"
"都行省大都督","1","1","2"
"安南国陈光昞","2","0","2"
"光昞遣使贡方","2","0","2"
"昞遣使贡方物","2","0","2"
"益都行中书省","1","1","2"
"都行中书省都","1","1","2"
"行中书省都督","1","1","2"
"中书省都督府","1","1","2"
"书省都督府所","1","1","2"
"省都督府所统","1","1","2"
"东西两川都元","1","1","2"
"西两川都元帅","1","1","2"
"两川都元帅府","1","1","2"
"银一千五百五","1","1","2"
"千五百五十两","1","1","2"
"放刁国器所签","1","1","2"
"九百一十五人","1","1","2"
"巩昌总帅汪惟","2","0","2"
"昌总帅汪惟正","2","0","2"
"宿州百户王达","1","1","2"
"万户严忠范修","1","1","2"
"户严忠范修复","1","1","2"
"严忠范修复宿","1","1","2"
"忠范修复宿州","1","1","2"
"都元帅阿术分","1","1","2"
"山东路统军使","1","1","2"
"立十路宣慰司","1","1","2"
"燕京路监榷官","1","1","2"
"京路监榷官曹","1","1","2"
"路监榷官曹泽","1","1","2"
"监榷官曹泽等","1","1","2"
"宣慰使王磐乘","1","1","2"
"一百四十七万","1","1","2"
"百四十七万六","1","1","2"
"四十七万六千","1","1","2"
"十七万六千一","1","1","2"
"七万六千一百","1","1","2"
"万六千一百四","1","1","2"
"六千一百四十","1","1","2"
"千一百四十六","1","1","2"
"四年春正月乙","2","0","2"
"益都路行省大","1","1","2"
"都路行省大都","1","1","2"
"路行省大都督","1","1","2"
"七千九百二十","1","1","2"
"千九百二十二","1","1","2"
"九百二十二人","1","1","2"
"万户府监战一","1","1","2"
"召云顶山侍郎","1","1","2"
"云顶山侍郎张","1","1","2"
"顶山侍郎张威","1","1","2"
"官员子弟入质","2","0","2"
"二千七百五十","1","1","2"
"撒吉思招集益","1","1","2"
"吉思招集益都","1","1","2"
"思招集益都逃","1","1","2"
"一万一千八百","1","1","2"
"铁四百八十万","1","1","2"
"千人充武卫军","2","0","2"
"益都千户傅国","1","1","2"
"都千户傅国忠","1","1","2"
"开元路宣慰司","1","1","2"
"升开平府上都","2","0","2"
"达鲁花赤兀良","2","0","2"
"鲁花赤兀良吉","2","0","2"
"立燕京平准库","1","1","2"
"岁输铁一百三","2","0","2"
"输铁一百三万","2","0","2"
"铁一百三万七","2","0","2"
"一百三万七千","2","0","2"
"百三万七千斤","2","0","2"
"就铸农器二十","2","0","2"
"铸农器二十万","2","0","2"
"农器二十万事","2","0","2"
"河南路总管刘","1","1","2"
"南路总管刘克","1","1","2"
"路总管刘克兴","1","1","2"
"上都路望云县","1","1","2"
"钞二千一百七","1","1","2"
"二千一百七十","1","1","2"
"千一百七十四","1","1","2"
"一百七十四锭","1","1","2"
"帛一千四百二","1","1","2"
"一千四百二十","1","1","2"
"千四百二十匹","1","1","2"
"赐高丽国王王","2","0","2"
"王爪都牛马价","1","1","2"
"爪都牛马价银","1","1","2"
"六万三千一百","1","1","2"
"成都经略司隶","1","1","2"
"千五百五十匹","1","1","2"
"兵部郎中刘芳","1","1","2"
"西京转运司车","1","1","2"
"蒙古百户阿昔","1","1","2"
"古百户阿昔等","1","1","2"
"行枢密院成都","2","0","2"
"潼川都元帅府","1","1","2"
"大名两道宣慰","1","1","2"
"名两道宣慰司","1","1","2"
"两道宣慰司所","1","1","2"
"刁俊等十八人","1","1","2"
"令益都元帅钦","1","1","2"
"益都元帅钦察","1","1","2"
"都元帅钦察统","1","1","2"
"一百五十七万","1","1","2"
"百五十七万九","1","1","2"
"五十七万九千","1","1","2"
"十七万九千一","1","1","2"
"七万九千一百","1","1","2"
"万九千一百一","1","1","2"
"九千一百一十","1","1","2"
"丝七十万六千","1","1","2"
"七十万六千四","1","1","2"
"十万六千四百","1","1","2"
"钞四万九千四","1","1","2"
"四万九千四百","1","1","2"
"万九千四百八","1","1","2"
"九千四百八十","1","1","2"
"千四百八十七","1","1","2"
"四百八十七锭","1","1","2"
"元年春正月丁","2","0","2"
"年春正月丁丑","2","0","2"
"王王禃遣使奉","2","0","2"
"王禃遣使奉表","2","0","2"
"益都武卫军千","2","0","2"
"都武卫军千人","2","0","2"
"二千三百二十","1","1","2"
"千三百二十九","1","1","2"
"三百二十九户","1","1","2"
"百二十九户隶","1","1","2"
"命千户土虎等","1","1","2"
"千户土虎等戍","1","1","2"
"贺福等六人告","1","1","2"
"都元帅阿海所","1","1","2"
"亳州千户邸闰","1","1","2"
"路总管史权等","1","1","2"
"总管史权等二","1","1","2"
"管史权等二十","1","1","2"
"史权等二十三","1","1","2"
"权等二十三人","1","1","2"
"周天醮长春宫","2","0","2"
"御苑官南家带","1","1","2"
"苑官南家带请","1","1","2"
"逆党万户张邦","1","1","2"
"党万户张邦直","1","1","2"
"万户张邦直兄","1","1","2"
"户张邦直兄弟","1","1","2"
"私商五十七人","1","1","2"
"平阴县尹马钦","1","1","2"
"阴县尹马钦发","1","1","2"
"六番安抚招讨","1","1","2"
"番安抚招讨使","1","1","2"
"万户石抹糺札","2","0","2"
"户石抹糺札剌","2","0","2"
"僧道军匠等户","2","0","2"
"赐诸王玉龙答","2","0","2"
"命侍臣阿合脱","1","1","2"
"立山东诸路行","1","1","2"
"山东诸路行中","1","1","2"
"东诸路行中书","1","1","2"
"知政事张惠等","1","1","2"
"都省参佐掾史","1","1","2"
"凤翔府龙泉寺","1","1","2"
"翔府龙泉寺僧","1","1","2"
"山东经略副使","1","1","2"
"东经略副使武","1","1","2"
"经略副使武秀","1","1","2"
"沂州监战塔思","1","1","2"
"太原路总管攸","1","1","2"
"原路总管攸忙","1","1","2"
"路总管攸忙兀","1","1","2"
"总管攸忙兀带","1","1","2"
"恩州历亭县进","1","1","2"
"历日赐高丽国","2","0","2"
"五代度师李居","1","1","2"
"代度师李居寿","1","1","2"
"书省左右部诸","2","0","2"
"省左右部诸路","2","0","2"
"左右部诸路都","2","0","2"
"右部诸路都转","2","0","2"
"部诸路都转运","2","0","2"
"路都转运使阿","1","1","2"
"都转运使阿里","1","1","2"
"太原路临州进","1","1","2"
"一百五十八万","1","1","2"
"百五十八万八","1","1","2"
"五十八万八千","1","1","2"
"十八万八千一","1","1","2"
"八万八千一百","1","1","2"
"万八千一百九","1","1","2"
"千一百九十五","1","1","2"
"真定路总管张","1","1","2"
"定路总管张宏","1","1","2"
"邳州万户张邦","1","1","2"
"州万户张邦直","1","1","2"
"万户张邦直等","1","1","2"
"邓州监战讷怀","1","1","2"
"新旧军万户董","1","1","2"
"旧军万户董文","1","1","2"
"军万户董文炳","1","1","2"
"贡银鼠皮二千","1","1","2"
"王玉龙答失部","1","1","2"
"国王王禃遣弟","2","0","2"
"亲王兀鲁带河","1","1","2"
"王兀鲁带河间","1","1","2"
"兀鲁带河间王","1","1","2"
"山东廉访使王","1","1","2"
"东廉访使王晋","1","1","2"
"诸王必帖木所","2","0","2"
"正副都纲等官","1","1","2"
"七百二十四人","1","1","2"
"雅州碉门宣抚","1","1","2"
"州碉门宣抚使","1","1","2"
"碉门宣抚使请","1","1","2"
"平章政事廉希","1","1","2"
"章政事廉希宪","1","1","2"
"政事廉希宪行","2","0","2"
"事廉希宪行省","2","0","2"
"中书左丞姚枢","1","1","2"
"奉表贺圣诞节","2","0","2"
"陈光昞遣使奉","2","0","2"
"光昞遣使奉表","2","0","2"
"昞遣使奉表贡","2","0","2"
"济南路邹平县","1","1","2"
"南路邹平县进","1","1","2"
"王禃遣使贡方","2","0","2"
"禃遣使贡方物","2","0","2"
"伯颜中书左丞","2","0","2"
"颜中书左丞相","2","0","2"
"战功银二百五","1","1","2"
"功银二百五十","1","1","2"
"尚书严忠范年","1","1","2"
"一百五十九万","1","1","2"
"百五十九万七","1","1","2"
"五十九万七千","1","1","2"
"十九万七千六","1","1","2"
"九万七千六百","1","1","2"
"丝九十八万六","1","1","2"
"九十八万六千","1","1","2"
"十八万六千二","1","1","2"
"八万六千二百","1","1","2"
"万六千二百八","1","1","2"
"六千二百八十","1","1","2"
"二百八十八斤","1","1","2"
"五万七千六百","1","1","2"
"万七千六百八","1","1","2"
"七千六百八十","1","1","2"
"千六百八十二","1","1","2"
"六百八十二锭","1","1","2"
"年春正月乙未","2","0","2"
"王王禃遣使贺","2","0","2"
"川行枢密院谋","1","1","2"
"同知制国使司","2","0","2"
"知制国使司事","2","0","2"
"阿术部下所俘","1","1","2"
"济南益都转运","1","1","2"
"南益都转运使","1","1","2"
"益都转运使王","1","1","2"
"都转运使王明","1","1","2"
"亳州水军千户","1","1","2"
"州水军千户胡","1","1","2"
"水军千户胡进","1","1","2"
"军千户胡进等","1","1","2"
"封皇子南木合","1","1","2"
"命山东统军副","1","1","2"
"上都路总管府","1","1","2"
"朕惟古小国君","2","0","2"
"尚务讲信修睦","2","0","2"
"尚恐王国知未","2","0","2"
"恐王国知未审","2","0","2"
"章政事赵璧等","1","1","2"
"忽都答中书左","2","0","2"
"都答中书左丞","2","0","2"
"答中书左丞相","2","0","2"
"嘉定等府沿江","1","1","2"
"定等府沿江一","1","1","2"
"等府沿江一带","1","1","2"
"立诸路洞冶所","1","1","2"
"工部尚书段天","1","1","2"
"封安肃公张柔","1","1","2"
"立提点宫城所","1","1","2"
"威州山后大番","1","1","2"
"史天泽中书左","2","0","2"
"天泽中书左丞","2","0","2"
"泽中书左丞相","2","0","2"
"高丽使者宋君","1","1","2"
"丽使者宋君斐","1","1","2"
"总管张弘范等","1","1","2"
"管张弘范等盗","1","1","2"
"封皇子忽哥赤","1","1","2"
"太白犯轩辕大","2","0","2"
"白犯轩辕大星","2","0","2"
"国王王禃遣秘","2","0","2"
"王王禃遣秘书","2","0","2"
"王禃遣秘书监","2","0","2"
"秘书监郭汝弼","1","1","2"
"总帅汪良臣请","1","1","2"
"遣云南王忽哥","1","1","2"
"南王忽哥赤镇","1","1","2"
"铁旗城后番官","1","1","2"
"立夔府路总帅","1","1","2"
"夔府路总帅府","1","1","2"
"南路统军使讷","1","1","2"
"路统军使讷怀","1","1","2"
"将士战功银九","1","1","2"
"士战功银九千","1","1","2"
"战功银九千六","1","1","2"
"功银九千六百","1","1","2"
"银九千六百五","1","1","2"
"九千六百五十","1","1","2"
"千六百五十两","1","1","2"
"立辽东路水驿","1","1","2"
"辽东路水驿七","1","1","2"
"元帅阿术部下","1","1","2"
"银五万五千三","1","1","2"
"五万五千三百","1","1","2"
"万五千三百两","1","1","2"
"一百六十四万","1","1","2"
"百六十四万四","1","1","2"
"六十四万四千","1","1","2"
"中孟甲持诏谕","2","0","2"
"都元帅百家奴","1","1","2"
"翰林直学士高","1","1","2"
"林直学士高鸣","1","1","2"
"顺州知州刘瑜","1","1","2"
"副使王仲仁戍","1","1","2"
"丞相塔察御史","2","0","2"
"相塔察御史大","2","0","2"
"塔察御史大夫","2","0","2"
"立西夏惠民局","1","1","2"
"东西二川统军","1","1","2"
"西二川统军司","1","1","2"
"周天大醮七昼","1","1","2"
"天大醮七昼夜","1","1","2"
"三十一万八千","1","1","2"
"十一万八千石","1","1","2"
"冬十月戊寅朔","2","0","2"
"立河南等路行","1","1","2"
"御史中丞阿里","1","1","2"
"置乾州奉天县","1","1","2"
"一百六十五万","1","1","2"
"五千九百九十","1","1","2"
"九百九十九石","1","1","2"
"人钞二十五贯","2","0","2"
"四万一千三百","1","1","2"
"千六百二十一","1","1","2"
"国王王禃遣世","2","0","2"
"王王禃遣世子","2","0","2"
"王禃遣世子愖","2","0","2"
"禃遣世子愖朝","2","0","2"
"二万七千五百","1","1","2"
"万七千五百九","1","1","2"
"七千五百九十","1","1","2"
"私商四十五人","1","1","2"
"水军千户邢德","1","1","2"
"军千户邢德立","1","1","2"
"张志等生擒宋","1","1","2"
"荆鄂都统唐永","1","1","2"
"鄂都统唐永坚","1","1","2"
"诸路蒙古字学","2","0","2"
"相视耽罗等处","2","0","2"
"宋将夏贵率兵","1","1","2"
"获战舰五十艘","1","1","2"
"令提刑按察司","1","1","2"
"立弟安庆公淐","2","0","2"
"李谔等国详问","2","0","2"
"民间贷钱取息","2","0","2"
"愖率兵三千赴","2","0","2"
"率兵三千赴国","2","0","2"
"兵三千赴国难","2","0","2"
"管军万户宋仲","1","1","2"
"军万户宋仲义","1","1","2"
"万户宋仲义征","1","1","2"
"刑部尚书金方","1","1","2"
"部尚书金方庆","1","1","2"
"命国王头辇哥","1","1","2"
"璧行中书省东","2","0","2"
"行中书省东京","2","0","2"
"诏谕高丽国军","2","0","2"
"谕高丽国军民","2","0","2"
"高丽都统崔坦","2","0","2"
"丽都统崔坦等","2","0","2"
"挈西京五十余","2","0","2"
"西京都统李延","1","1","2"
"京都统李延龄","1","1","2"
"米十二万八千","1","1","2"
"十二万八千九","1","1","2"
"二万八千九百","1","1","2"
"万八千九百石","1","1","2"
"八千九百石赈","1","1","2"
"尚书礼部侍郎","1","1","2"
"书礼部侍郎朴","1","1","2"
"一百六十八万","1","1","2"
"百六十八万四","1","1","2"
"六十八万四千","1","1","2"
"十八万四千一","1","1","2"
"八万四千一百","1","1","2"
"万四千一百五","1","1","2"
"四千一百五十","1","1","2"
"千一百五十七","1","1","2"
"章政事忽都答","1","1","2"
"制国使阿合马","2","0","2"
"同平章尚书省","2","0","2"
"使司副使张惠","1","1","2"
"房州总管孙嗣","1","1","2"
"统制朱兴祖等","1","1","2"
"常卿徐世隆所","1","1","2"
"参知政事张文","1","1","2"
"知政事张文谦","1","1","2"
"四道巡行劝农","1","1","2"
"道巡行劝农司","1","1","2"
"千户脱脱击败","1","1","2"
"安庆公淐本非","2","0","2"
"浚武清县御河","1","1","2"
"造战舰五千艘","1","1","2"
"东西川统军司","1","1","2"
"西川统军司率","1","1","2"
"合答平章政事","2","0","2"
"隆兴府总管昔","1","1","2"
"兴府总管昔剌","1","1","2"
"府总管昔剌斡","1","1","2"
"总管昔剌斡脱","1","1","2"
"御史大夫塔察","1","1","2"
"盐二十四万斤","1","1","2"
"前左壁总帅史","1","1","2"
"左壁总帅史枢","1","1","2"
"高丽金州等处","1","1","2"
"河西行省钞万","2","0","2"
"西行省钞万锭","2","0","2"
"西夏提刑按察","1","1","2"
"夏提刑按察司","1","1","2"
"提刑按察司管","1","1","2"
"刑按察司管民","1","1","2"
"按察司管民官","1","1","2"
"鱼通路知府高","1","1","2"
"通路知府高曳","1","1","2"
"路知府高曳失","1","1","2"
"建大护国仁王","2","0","2"
"万九千四百四","1","1","2"
"九千四百四十","1","1","2"
"千四百四十九","1","1","2"
"赐先朝后妃诸","2","0","2"
"先朝后妃诸王","2","0","2"
"朝后妃诸王金","2","0","2"
"年春正月乙丑","2","0","2"
"居民三百八十","1","1","2"
"民三百八十二","1","1","2"
"三百八十二户","1","1","2"
"阿海略地珍岛","2","0","2"
"谍知珍岛余粮","2","0","2"
"四川行省速带","2","0","2"
"东京等路行尚","1","1","2"
"京等路行尚书","1","1","2"
"监察御史六员","2","0","2"
"宣慰都元帅宝","1","1","2"
"慰都元帅宝合","1","1","2"
"河东山西道按","1","1","2"
"东山西道按察","1","1","2"
"山西道按察司","1","1","2"
"盐课都转运司","1","1","2"
"高丽叛臣裴仲","1","1","2"
"丽叛臣裴仲孙","1","1","2"
"仲孙乞诸军退","2","0","2"
"孙乞诸军退屯","2","0","2"
"滨棣万户韩世","1","1","2"
"棣万户韩世安","1","1","2"
"夏中兴等路行","2","0","2"
"中兴等路行尚","2","0","2"
"兴等路行尚书","2","0","2"
"高丽凤州经略","1","1","2"
"王国昌分道进","2","0","2"
"国昌分道进讨","2","0","2"
"岁银五十万两","2","0","2"
"万户阿剌罕等","1","1","2"
"宋将范文虎等","1","1","2"
"运山侍郎张大","1","1","2"
"山侍郎张大悦","1","1","2"
"国王头辇哥行","2","0","2"
"中三卫亲军都","1","1","2"
"三卫亲军都指","1","1","2"
"邓州田五百顷","1","1","2"
"改赐民田三百","1","1","2"
"赐民田三百户","1","1","2"
"万八千六百锭","1","1","2"
"右卫亲军都指","1","1","2"
"军都指挥使忽","1","1","2"
"都指挥使忽都","1","1","2"
"指挥使忽都等","1","1","2"
"统制范广等五","1","1","2"
"制范广等五十","1","1","2"
"范广等五十余","1","1","2"
"广等五十余人","1","1","2"
"交钞都提举司","1","1","2"
"尚书省迁入中","1","1","2"
"书省迁入中书","1","1","2"
"省迁入中书省","1","1","2"
"百九十四万六","1","1","2"
"九十四万六千","1","1","2"
"十四万六千二","1","1","2"
"四万六千二百","1","1","2"
"万六千二百七","1","1","2"
"六千二百七十","1","1","2"
"千一百六十七","1","1","2"
"一百六十七锭","1","1","2"
"礼宾卿宣文烈","1","1","2"
"皇子西平王奥","1","1","2"
"子西平王奥鲁","1","1","2"
"南平王秃鲁所","1","1","2"
"忙古带等十八","1","1","2"
"欲速公弄等土","1","1","2"
"速公弄等土番","1","1","2"
"公弄等土番军","1","1","2"
"平王奥鲁赤马","1","1","2"
"王奥鲁赤马价","1","1","2"
"南平王秃鲁银","1","1","2"
"平王秃鲁银印","1","1","2"
"山东东路都元","1","1","2"
"东东路都元帅","1","1","2"
"东路都元帅府","1","1","2"
"路都元帅府统","1","1","2"
"都元帅府统军","1","1","2"
"奉使日本赵良","2","0","2"
"日本赵良弼遣","2","0","2"
"本赵良弼遣书","2","0","2"
"赵良弼遣书状","2","0","2"
"良弼遣书状官","2","0","2"
"弼遣书状官张","2","0","2"
"臣齐安侯王淑","1","1","2"
"汉军都元帅刘","1","1","2"
"军都元帅刘整","1","1","2"
"高丽国西京属","1","1","2"
"丽国西京属城","1","1","2"
"诸达鲁花赤质","2","0","2"
"达鲁花赤质子","2","0","2"
"鲁花赤质子金","2","0","2"
"花赤质子金镒","2","0","2"
"赤质子金镒等","2","0","2"
"子金镒等归国","2","0","2"
"乞里吉思屯田","1","1","2"
"里吉思屯田所","1","1","2"
"山东路行枢密","1","1","2"
"东路行枢密院","1","1","2"
"路行枢密院塔","1","1","2"
"白头河四处城","1","1","2"
"头河四处城堡","1","1","2"
"京兆等处探马","1","1","2"
"兆等处探马赤","1","1","2"
"师转战五十余","1","1","2"
"转战五十余里","1","1","2"
"将士二千余人","1","1","2"
"河南省事崔斌","1","1","2"
"东川元帅李吉","1","1","2"
"川元帅李吉等","1","1","2"
"统军使合剌等","1","1","2"
"获战船五十艘","1","1","2"
"封皇子忙哥剌","1","1","2"
"刘整卢龙军节","1","1","2"
"整卢龙军节度","1","1","2"
"卢龙军节度使","1","1","2"
"平王南木合军","1","1","2"
"王南木合军马","1","1","2"
"南木合军马一","1","1","2"
"木合军马一万","1","1","2"
"合军马一万二","1","1","2"
"军马一万二千","1","1","2"
"马一万二千九","1","1","2"
"万二千九百九","1","1","2"
"千九百九十一","1","1","2"
"羊六万一千五","1","1","2"
"六万一千五百","1","1","2"
"万一千五百三","1","1","2"
"一千五百三十","1","1","2"
"千五百三十一","1","1","2"
"昝万寿攻成都","2","0","2"
"同知王世英等","1","1","2"
"知王世英等八","1","1","2"
"王世英等八人","1","1","2"
"世英等八人弃","1","1","2"
"英等八人弃城","1","1","2"
"卫直都指挥使","1","1","2"
"直都指挥使司","1","1","2"
"一百九十五万","1","1","2"
"百九十五万五","1","1","2"
"九十五万五千","1","1","2"
"十五万五千八","1","1","2"
"五万五千八百","1","1","2"
"万五千八百八","1","1","2"
"五千八百八十","1","1","2"
"断死罪三十九","2","0","2"
"死罪三十九人","2","0","2"
"年春正月乙卯","2","0","2"
"宿州万户爱先","1","1","2"
"阿里海牙等大","1","1","2"
"守将吕文焕惧","2","0","2"
"皇子北平王甲","1","1","2"
"赏东川统军合","1","1","2"
"东川统军合剌","1","1","2"
"皇太子受册宝","2","0","2"
"遣太常卿合丹","2","0","2"
"遣断事官麦肖","1","1","2"
"襄阳吕文焕率","1","1","2"
"右丞相安童授","1","1","2"
"练水军五六万","1","1","2"
"中书左丞张惠","1","1","2"
"文焕昭勇大将","1","1","2"
"焕昭勇大将军","1","1","2"
"章军国重事史","1","1","2"
"军国重事史天","1","1","2"
"国重事史天泽","1","1","2"
"平章政事阿术","1","1","2"
"等路枢密院事","2","0","2"
"山东都元帅塔","1","1","2"
"行西川枢密院","2","0","2"
"利州等路统军","1","1","2"
"州等路统军使","1","1","2"
"等路统军使合","1","1","2"
"路统军使合剌","1","1","2"
"东川副统军王","1","1","2"
"川副统军王仲","1","1","2"
"副统军王仲仁","1","1","2"
"万户奥鲁赤等","1","1","2"
"州等处招讨司","2","0","2"
"耽罗国招讨使","1","1","2"
"东西两川统军","1","1","2"
"西两川统军司","1","1","2"
"赛典赤行省云","2","0","2"
"典赤行省云南","2","0","2"
"金州军八百人","1","1","2"
"遣兀鲁忽奴带","1","1","2"
"襄阳生熟券军","2","0","2"
"置东宫宫师府","1","1","2"
"东宫宫师府詹","1","1","2"
"宫宫师府詹事","1","1","2"
"生券军乞驻东","2","0","2"
"券军乞驻东京","2","0","2"
"诏令营北京界","2","0","2"
"敕东京路运米","2","0","2"
"运米二万石赈","2","0","2"
"河南宣慰司运","1","1","2"
"东招讨使塔匣","1","1","2"
"招讨使塔匣剌","1","1","2"
"讨使塔匣剌请","1","1","2"
"十三人斗殴杀","2","0","2"
"三人斗殴杀人","2","0","2"
"皇子奥鲁赤合","1","1","2"
"子奥鲁赤合兵","1","1","2"
"酋长下济等四","1","1","2"
"长下济等四人","1","1","2"
"召阿术同吕文","1","1","2"
"阿术同吕文焕","1","1","2"
"术同吕文焕入","1","1","2"
"皇子北平王合","1","1","2"
"子北平王合军","1","1","2"
"北平王合军讨","1","1","2"
"五十四万五千","1","1","2"
"十四万五千五","1","1","2"
"四万五千五百","1","1","2"
"万五千五百九","1","1","2"
"五千五百九十","1","1","2"
"户一百九十六","2","0","2"
"百九十六万二","1","1","2"
"九十六万二千","1","1","2"
"十六万二千七","1","1","2"
"六万二千七百","1","1","2"
"万二千七百九","1","1","2"
"二千七百九十","1","1","2"
"千七百九十五","1","1","2"
"受皇太子诸王","2","0","2"
"皇太子诸王百","2","0","2"
"太子诸王百官","2","0","2"
"子诸王百官朝","2","0","2"
"禃遣少卿李义","2","0","2"
"金州招讨使钦","1","1","2"
"州招讨使钦察","1","1","2"
"招讨使钦察率","1","1","2"
"免诸路军杂赋","2","0","2"
"忙古带等新旧","1","1","2"
"古带等新旧军","1","1","2"
"带等新旧军一","1","1","2"
"等新旧军一万","1","1","2"
"新旧军一万一","1","1","2"
"旧军一万一千","1","1","2"
"军一万一千五","1","1","2"
"万一千五百人","1","1","2"
"一千五百人戍","1","1","2"
"立建都宁远都","1","1","2"
"建都宁远都护","1","1","2"
"都宁远都护府","1","1","2"
"置西蜀四川屯","1","1","2"
"西蜀四川屯田","1","1","2"
"蜀四川屯田经","1","1","2"
"川屯田经略司","1","1","2"
"水弩炮手五千","1","1","2"
"新德副元帅杨","1","1","2"
"德副元帅杨尧","1","1","2"
"副元帅杨尧元","1","1","2"
"元帅杨尧元战","1","1","2"
"造战船八百艘","1","1","2"
"廉希宪中书右","2","0","2"
"京等处行中书","2","0","2"
"随司千户陈炎","1","1","2"
"总管洪茶丘等","1","1","2"
"获嘉县尹常德","1","1","2"
"千六百七十人","1","1","2"
"河南道宣慰司","1","1","2"
"提刑按察使兀","1","1","2"
"刑按察使兀鲁","1","1","2"
"按察使兀鲁失","1","1","2"
"花同参知政事","1","1","2"
"同参知政事廉","1","1","2"
"参知政事廉希","1","1","2"
"知政事廉希宪","1","1","2"
"生券军八十一","1","1","2"
"券军八十一人","1","1","2"
"同知上都留守","2","0","2"
"知上都留守司","2","0","2"
"上都留守司事","2","0","2"
"淮西行中书省","1","1","2"
"长河西千户必","1","1","2"
"河西千户必剌","1","1","2"
"西千户必剌冲","1","1","2"
"副元帅覃澄率","1","1","2"
"总制黄顺缒城","1","1","2"
"宝郎董文忠言","2","0","2"
"宋嘉定安抚昝","2","0","2"
"嘉定安抚昝万","2","0","2"
"定安抚昝万寿","2","0","2"
"东川元帅杨文","1","1","2"
"川元帅杨文安","1","1","2"
"青居山蒙古万","1","1","2"
"居山蒙古万户","1","1","2"
"山蒙古万户怯","1","1","2"
"蒙古万户怯烈","1","1","2"
"新城总制黄顺","1","1","2"
"荆鄂诸军都统","1","1","2"
"鄂诸军都统程","1","1","2"
"诸军都统程鹏","1","1","2"
"都统程鹏飞所","2","0","2"
"总管史塔剌浑","1","1","2"
"管史塔剌浑等","1","1","2"
"史塔剌浑等率","1","1","2"
"直秘阁湖北提","1","1","2"
"秘阁湖北提举","1","1","2"
"阁湖北提举张","1","1","2"
"湖北提举张晏","1","1","2"
"北提举张晏然","1","1","2"
"知德安府兴国","2","0","2"
"鄂州民兵总制","1","1","2"
"州民兵总制王","1","1","2"
"军都指挥使秃","1","1","2"
"都指挥使秃满","1","1","2"
"指挥使秃满带","1","1","2"
"襄阳路总管贾","1","1","2"
"阳路总管贾居","1","1","2"
"路总管贾居贞","1","1","2"
"百九十六万七","1","1","2"
"九十六万七千","1","1","2"
"十六万七千八","1","1","2"
"六万七千八百","1","1","2"
"万七千八百九","1","1","2"
"七千八百九十","1","1","2"
"千八百九十八","1","1","2"
"米七万五千四","1","1","2"
"七万五千四百","1","1","2"
"四百一十五石","1","1","2"
"五百九十九石","1","1","2"
"二年春正月癸","2","0","2"
"年春正月癸酉","2","0","2"
"春正月癸酉朔","2","0","2"
"判阁事李信孙","1","1","2"
"宋沿江制置副","1","1","2"
"伯颜承制授奕","2","0","2"
"颜承制授奕沿","2","0","2"
"承制授奕沿江","2","0","2"
"制授奕沿江大","2","0","2"
"授奕沿江大都","2","0","2"
"遣元帅张桂孙","1","1","2"
"都辖唐惠等六","1","1","2"
"辖唐惠等六人","1","1","2"
"安抚使管景模","1","1","2"
"淮西路六安军","1","1","2"
"宜降玺书招谕","2","0","2"
"侍卫亲军指挥","1","1","2"
"卫亲军指挥使","1","1","2"
"亲军指挥使札","1","1","2"
"襄阳统军司调","1","1","2"
"遣右卫指挥副","1","1","2"
"右卫指挥副使","1","1","2"
"卫指挥副使郑","1","1","2"
"指挥副使郑温","1","1","2"
"重庆府制置司","1","1","2"
"宣抚使贾居贞","1","1","2"
"工部侍郎严忠","1","1","2"
"部侍郎严忠范","1","1","2"
"云南总管信苴","1","1","2"
"南总管信苴日","1","1","2"
"石买等刺杀合","1","1","2"
"买等刺杀合剌","1","1","2"
"等刺杀合剌章","1","1","2"
"刺杀合剌章舍","1","1","2"
"杀合剌章舍里","1","1","2"
"合剌章舍里威","1","1","2"
"夷未附者尚多","2","0","2"
"宣慰司行元帅","2","0","2"
"慰司行元帅府","2","0","2"
"司行元帅府事","2","0","2"
"置云南诸路规","1","1","2"
"云南诸路规措","1","1","2"
"南诸路规措所","1","1","2"
"殿前都指挥使","1","1","2"
"文虎两浙大都","1","1","2"
"虎两浙大都督","1","1","2"
"中书右丞博鲁","1","1","2"
"书右丞博鲁欢","1","1","2"
"开元宣抚司赈","1","1","2"
"都统制张林城","2","0","2"
"统制张林城降","2","0","2"
"兵部郎中何文","1","1","2"
"部郎中何文著","1","1","2"
"诏谕淮东制置","2","0","2"
"谕淮东制置使","2","0","2"
"磁路总管姜毅","1","1","2"
"路总管姜毅捕","1","1","2"
"总管姜毅捕获","1","1","2"
"管姜毅捕获农","1","1","2"
"姜毅捕获农民","1","1","2"
"毅捕获农民郝","1","1","2"
"捕获农民郝进","1","1","2"
"获农民郝进等","1","1","2"
"农民郝进等四","1","1","2"
"民郝进等四人","1","1","2"
"承宣使阮思聪","1","1","2"
"囊加带同阮思","1","1","2"
"加带同阮思聪","1","1","2"
"沿江诸郡皆内","2","0","2"
"劾前南京路总","1","1","2"
"前南京路总管","1","1","2"
"南京路总管田","1","1","2"
"京路总管田大","1","1","2"
"路总管田大成","1","1","2"
"降臣张晏然等","1","1","2"
"尚书廉希贤等","1","1","2"
"阿剌海牙节制","1","1","2"
"命阿剌海牙镇","1","1","2"
"阿剌海牙镇守","1","1","2"
"遣步帅孙虎臣","1","1","2"
"督府节制军马","1","1","2"
"府节制军马苏","1","1","2"
"节制军马苏刘","1","1","2"
"制军马苏刘义","1","1","2"
"二千五百余艘","1","1","2"
"似道东走扬州","2","0","2"
"元帅博鲁欢次","2","0","2"
"江陵府制置司","1","1","2"
"诣云南行中书","2","0","2"
"南行中书省请","1","1","2"
"亳州万户史格","1","1","2"
"毗阳万户石抹","1","1","2"
"阳万户石抹绍","1","1","2"
"万户石抹绍祖","1","1","2"
"宋沿江制置使","2","0","2"
"江制置使赵溍","2","0","2"
"遣总管段佑送","1","1","2"
"侍仪副使关思","1","1","2"
"仪副使关思义","1","1","2"
"镇江府马军总","1","1","2"
"江府马军总管","1","1","2"
"府马军总管石","1","1","2"
"马军总管石祖","1","1","2"
"军总管石祖忠","1","1","2"
"部将李大明等","1","1","2"
"将李大明等二","1","1","2"
"李大明等二百","1","1","2"
"大明等二百人","1","1","2"
"宋江阴军佥判","1","1","2"
"遣建都都元帅","1","1","2"
"建都都元帅火","1","1","2"
"安西王忙兀剌","1","1","2"
"平王奥鲁赤征","1","1","2"
"信使廉希贤等","1","1","2"
"传旨令诸将守","2","0","2"
"旨令诸将守营","2","0","2"
"令诸将守营垒","2","0","2"
"八十三万一千","1","1","2"
"十三万一千八","1","1","2"
"三万一千八百","1","1","2"
"万一千八百五","1","1","2"
"一千八百五十","1","1","2"
"一百九十一万","1","1","2"
"百九十一万九","1","1","2"
"九十一万九千","1","1","2"
"十一万九千一","1","1","2"
"一万九千一百","1","1","2"
"四千八百余户","1","1","2"
"通判王虎臣城","2","0","2"
"判王虎臣城降","2","0","2"
"广德军独松关","1","1","2"
"取复州降将翟","1","1","2"
"复州降将翟贵","1","1","2"
"二千一百八十","1","1","2"
"五千一百六十","1","1","2"
"遣山东路经略","1","1","2"
"东路经略使王","1","1","2"
"路经略使王俨","1","1","2"
"经略使王俨戍","1","1","2"
"学士承旨撒迷","2","0","2"
"士承旨撒迷底","2","0","2"
"承旨撒迷底里","2","0","2"
"旨撒迷底里主","2","0","2"
"讨长河西必剌","1","1","2"
"长河西必剌充","1","1","2"
"中兴道按察司","1","1","2"
"京西湖北提刑","1","1","2"
"常德府新城总","1","1","2"
"德府新城总制","1","1","2"
"府新城总制鲁","1","1","2"
"新城总制鲁希","1","1","2"
"城总制鲁希文","1","1","2"
"宋五郡镇抚使","2","0","2"
"扬州四十五里","1","1","2"
"孛罗御史大夫","2","0","2"
"入提刑按察司","1","1","2"
"遣兵部郎中王","1","1","2"
"兵部郎中王世","1","1","2"
"部郎中王世英","1","1","2"
"刑部郎中萧郁","1","1","2"
"四十代天师张","1","1","2"
"十代天师张宗","1","1","2"
"选五千七百人","1","1","2"
"阿里海牙调遣","1","1","2"
"中书右丞廉希","1","1","2"
"书右丞廉希宪","1","1","2"
"参知政事脱博","1","1","2"
"知政事脱博忽","1","1","2"
"政事脱博忽鲁","1","1","2"
"事脱博忽鲁秃","1","1","2"
"谕参知政事高","1","1","2"
"参知政事高达","1","1","2"
"遣部将李立奉","1","1","2"
"隋州事傅安国","1","1","2"
"三千四百一十","1","1","2"
"十四万三千八","1","1","2"
"四万三千八百","1","1","2"
"万三千八百六","1","1","2"
"三千八百六十","1","1","2"
"赴八达山屯田","1","1","2"
"蒙古万户阿剌","1","1","2"
"古万户阿剌罕","1","1","2"
"遣两浙大都督","1","1","2"
"遣刑部侍郎伯","1","1","2"
"刑部侍郎伯术","1","1","2"
"襄阳熟券军二","1","1","2"
"阳熟券军二千","1","1","2"
"遣重庆府招讨","1","1","2"
"重庆府招讨使","1","1","2"
"庆府招讨使毕","1","1","2"
"江安潼川安抚","1","1","2"
"耽罗国达鲁花","2","0","2"
"罗国达鲁花赤","2","0","2"
"诸翼万户兵船","2","0","2"
"都承旨张世杰","1","1","2"
"遣万户张弘范","1","1","2"
"招讨使刘国杰","1","1","2"
"黄鹄白鹞船数","1","1","2"
"鹄白鹞船数百","1","1","2"
"淮安安抚使朱","1","1","2"
"安安抚使朱焕","1","1","2"
"左丞相伯颜率","1","1","2"
"枢密副使许珙","1","1","2"
"战士死事者银","2","0","2"
"赐西平王所部","2","0","2"
"谕太常卿合丹","1","1","2"
"赏淮安招讨使","1","1","2"
"广西节制军马","1","1","2"
"奏立诸路转运","2","0","2"
"五万一千八百","1","1","2"
"万一千八百二","1","1","2"
"一千八百二十","1","1","2"
"千八百二十九","1","1","2"
"七万六千四百","1","1","2"
"遣降人游介实","2","0","2"
"降人游介实奉","2","0","2"
"书四川行枢密","1","1","2"
"行枢密院事昝","2","0","2"
"枢密院事昝顺","2","0","2"
"密院事昝顺言","2","0","2"
"播州安抚杨邦","2","0","2"
"州安抚杨邦宪","2","0","2"
"国信副使严忠","1","1","2"
"信副使严忠范","1","1","2"
"宋都统王邦杰","1","1","2"
"中书左丞相忽","1","1","2"
"书左丞相忽都","1","1","2"
"左丞相忽都带","1","1","2"
"尊号曰宪天述","2","0","2"
"号曰宪天述道","2","0","2"
"曰宪天述道仁","2","0","2"
"遣尚书夏士林","1","1","2"
"右史陆秀夫奉","1","1","2"
"西川沧溪知县","1","1","2"
"川沧溪知县赵","1","1","2"
"沧溪知县赵龙","1","1","2"
"南康路隶江西","2","0","2"
"重庆路隆化县","1","1","2"
"二万四千二百","1","1","2"
"四百七十六万","1","1","2"
"百七十六万四","1","1","2"
"七十六万四千","1","1","2"
"五十六万一千","1","1","2"
"十六万一千一","1","1","2"
"六万一千一百","1","1","2"
"万一千一百一","1","1","2"
"一千一百一十","1","1","2"
"千一百一十二","1","1","2"
"百五十三万七","1","1","2"
"五十三万七千","1","1","2"
"十三万七千七","1","1","2"
"万七千七百四","1","1","2"
"七千七百四十","1","1","2"
"安抚刘汉杰城","2","0","2"
"抚刘汉杰城降","2","0","2"
"澉浦镇统制胡","1","1","2"
"浦镇统制胡全","1","1","2"
"福建路马步军","1","1","2"
"建路马步军总","1","1","2"
"遣军器监刘庭","1","1","2"
"军器监刘庭瑞","1","1","2"
"赍宋主称藩表","2","0","2"
"宝郎董文忠请","1","1","2"
"遣监察御史刘","1","1","2"
"千户王秃林察","1","1","2"
"户王秃林察戍","1","1","2"
"行都元帅府宋","1","1","2"
"都元帅府宋都","1","1","2"
"元帅府宋都带","1","1","2"
"仁明神武皇帝","1","1","2"
"正言洪雷震捧","1","1","2"
"谕临安中外军","2","0","2"
"临安中外军民","2","0","2"
"令万户忙古带","1","1","2"
"遣千户囊加带","1","1","2"
"十万五千一百","2","0","2"
"五千一百八十","1","1","2"
"复蓟州平谷县","1","1","2"
"立随路都转运","1","1","2"
"随路都转运司","1","1","2"
"真定总管昔班","1","1","2"
"枢密使贾余庆","1","1","2"
"祖母太皇太后","1","1","2"
"右丞相贾余庆","1","1","2"
"丞相贾余庆等","1","1","2"
"相贾余庆等充","1","1","2"
"二百九十八万","1","1","2"
"百九十八万三","1","1","2"
"九十八万三千","1","1","2"
"十八万三千六","1","1","2"
"万三千六百七","1","1","2"
"三千六百七十","1","1","2"
"五百六十九万","1","1","2"
"百六十九万二","1","1","2"
"六十九万二千","1","1","2"
"十九万二千六","1","1","2"
"万二千六百五","1","1","2"
"二千六百五十","1","1","2"
"鳏寡孤独能存","2","0","2"
"户部尚书麦归","1","1","2"
"秘书监焦友直","1","1","2"
"吏部侍郎杨居","1","1","2"
"部侍郎杨居宽","1","1","2"
"五十一万三千","1","1","2"
"十一万三千八","1","1","2"
"万三千八百二","1","1","2"
"三千八百二十","1","1","2"
"千八百二十七","1","1","2"
"万一千三百四","1","1","2"
"千三百四十九","1","1","2"
"顺德府开元寺","1","1","2"
"生徐应镳父子","1","1","2"
"徐应镳父子四","1","1","2"
"应镳父子四人","1","1","2"
"荆湖南路行中","1","1","2"
"湖南路行中书","1","1","2"
"南路行中书省","1","1","2"
"独松关守将张","1","1","2"
"松关守将张濡","1","1","2"
"三千八百九十","1","1","2"
"阳管军万户邸","1","1","2"
"管军万户邸浃","1","1","2"
"中书右丞昔班","1","1","2"
"签行中书省事","2","0","2"
"大都路总管张","1","1","2"
"都路总管张守","1","1","2"
"路总管张守智","1","1","2"
"川行枢密院总","1","1","2"
"行枢密院总帅","1","1","2"
"枢密院总帅汪","1","1","2"
"密院总帅汪惟","1","1","2"
"院总帅汪惟正","1","1","2"
"脱拨忽鲁秃花","1","1","2"
"淮西万户府招","1","1","2"
"西万户府招降","1","1","2"
"万户府招降方","1","1","2"
"户府招降方山","1","1","2"
"府招降方山等","1","1","2"
"招降方山等六","1","1","2"
"左右司郎中郝","1","1","2"
"右司郎中郝祯","1","1","2"
"遣都元帅孛鲁","1","1","2"
"元帅孛鲁欢等","1","1","2"
"召昭文馆大学","1","1","2"
"文馆大学士姚","1","1","2"
"馆大学士姚枢","1","1","2"
"林侍讲学士徒","1","1","2"
"侍讲学士徒单","1","1","2"
"讲学士徒单公","1","1","2"
"学士徒单公履","1","1","2"
"京行中书省廉","1","1","2"
"行中书省廉希","1","1","2"
"中书省廉希宪","1","1","2"
"所部功将校银","2","0","2"
"二万四千六百","1","1","2"
"万四千六百两","1","1","2"
"遣总管陈杰攻","1","1","2"
"右卫亲军千户","1","1","2"
"卫亲军千户董","1","1","2"
"亲军千户董士","1","1","2"
"军千户董士元","1","1","2"
"千户董士元战","1","1","2"
"户董士元战死","1","1","2"
"遣万户昔里罕","1","1","2"
"安西王相府请","1","1","2"
"孔子五十三世","1","1","2"
"子五十三世孙","1","1","2"
"曲阜县尹孔治","1","1","2"
"选襄阳生券军","1","1","2"
"命太子赞善王","2","0","2"
"李庭芝留朱焕","1","1","2"
"庭芝留朱焕守","1","1","2"
"芝留朱焕守扬","1","1","2"
"留朱焕守扬州","1","1","2"
"万户刘国杰分","1","1","2"
"户部尚书张澍","1","1","2"
"行中书省事北","2","0","2"
"中书省事北京","2","0","2"
"行中书省左右","1","1","2"
"左右司郎中孟","1","1","2"
"右司郎中孟祺","1","1","2"
"部将李承庆等","1","1","2"
"广西路静江府","1","1","2"
"西路静江府等","1","1","2"
"路静江府等大","1","1","2"
"静江府等大小","1","1","2"
"江府等大小州","1","1","2"
"府等大小州城","1","1","2"
"泰州守将孙良","1","1","2"
"州守将孙良臣","1","1","2"
"高邮等处相继","1","1","2"
"五十四万二千","1","1","2"
"十四万二千六","1","1","2"
"四万二千六百","1","1","2"
"万二千六百二","1","1","2"
"二千六百二十","1","1","2"
"千六百二十四","1","1","2"
"万三千二百一","1","1","2"
"三千二百一十","1","1","2"
"千二百一十七","1","1","2"
"书右丞阿里海","1","1","2"
"签书枢密院事","2","0","2"
"淮东行枢密院","1","1","2"
"左副都元帅塔","1","1","2"
"江东江西大都","1","1","2"
"东江西大都督","1","1","2"
"淮东淮西左副","1","1","2"
"东淮西左副都","1","1","2"
"淮西左副都元","1","1","2"
"西左副都元帅","1","1","2"
"左副都元帅陈","1","1","2"
"副都元帅陈岩","1","1","2"
"汉军都元帅阔","1","1","2"
"军都元帅阔阔","1","1","2"
"遣太常卿脱忽","1","1","2"
"太常卿脱忽思","1","1","2"
"四万户总管奥","1","1","2"
"万户总管奥鲁","1","1","2"
"户总管奥鲁赤","1","1","2"
"奥鲁赤参知政","2","0","2"
"鲁赤参知政事","2","0","2"
"上参议中赞金","1","1","2"
"参议中赞金方","1","1","2"
"臣鄂州教授赵","1","1","2"
"千九百七十二","1","1","2"
"九百七十二万","1","1","2"
"百七十二万一","1","1","2"
"七十二万一千","1","1","2"
"赐皇子北平王","2","0","2"
"两浙宣抚使焦","1","1","2"
"浙宣抚使焦友","1","1","2"
"宣抚使焦友直","1","1","2"
"淮西安抚使夏","1","1","2"
"西安抚使夏贵","1","1","2"
"安抚使夏贵请","1","1","2"
"参知政事陈岩","1","1","2"
"将士二百三十","1","1","2"
"士二百三十九","1","1","2"
"二百三十九人","1","1","2"
"米二十二万五","1","1","2"
"二十二万五千","1","1","2"
"十二万五千五","1","1","2"
"二万五千五百","1","1","2"
"万五千五百六","1","1","2"
"五千五百六十","1","1","2"
"千五百六十石","1","1","2"
"四万七千七百","1","1","2"
"钞四千二百八","1","1","2"
"四千二百八十","1","1","2"
"千二百八十二","1","1","2"
"二百八十二锭","1","1","2"
"十四年春正月","2","0","2"
"江南诸路道教","2","0","2"
"洪茶丘饬兵御","2","0","2"
"茶丘饬兵御备","2","0","2"
"八千三百五十","1","1","2"
"千三百五十二","1","1","2"
"三百五十二人","1","1","2"
"弟子张留孙留","1","1","2"
"征东都元帅洪","1","1","2"
"东都元帅洪茶","1","1","2"
"都元帅洪茶丘","1","1","2"
"立永昌路山丹","1","1","2"
"永昌路山丹城","1","1","2"
"昌路山丹城等","1","1","2"
"北道宣慰使塔","1","1","2"
"道宣慰使塔海","1","1","2"
"军马守御瑞金","1","1","2"
"马守御瑞金县","1","1","2"
"侍仪司事孛罗","1","1","2"
"建宁府通判郭","1","1","2"
"宁府通判郭缵","1","1","2"
"跃等三十一人","1","1","2"
"立襄阳府襄阳","1","1","2"
"襄阳府襄阳县","1","1","2"
"西道宣慰使阿","1","1","2"
"道宣慰使阿塔","1","1","2"
"宣慰使阿塔海","1","1","2"
"特磨道将军农","1","1","2"
"磨道将军农士","1","1","2"
"道将军农士贵","1","1","2"
"二十五万六千","1","1","2"
"千户合剌合孙","1","1","2"
"州改立安抚司","1","1","2"
"长阿立丁宁占","1","1","2"
"阿立丁宁占等","1","1","2"
"立丁宁占等三","1","1","2"
"丁宁占等三十","1","1","2"
"宁占等三十一","1","1","2"
"融州安抚使谭","1","1","2"
"州安抚使谭昌","1","1","2"
"北道宣慰使黑","1","1","2"
"慰使阿剌罕中","2","0","2"
"使阿剌罕中书","2","0","2"
"阿剌罕中书左","2","0","2"
"剌罕中书左丞","2","0","2"
"北道宣慰使奥","1","1","2"
"道宣慰使奥鲁","1","1","2"
"宣慰使奥鲁赤","1","1","2"
"行湖北道宣慰","2","0","2"
"系右丞相安童","1","1","2"
"行御史台扬州","2","0","2"
"东川都元帅张","1","1","2"
"川都元帅张德","1","1","2"
"元帅张德润等","1","1","2"
"帅张德润等攻","1","1","2"
"行江西宣慰使","2","0","2"
"江西宣慰使塔","1","1","2"
"宣慰使塔右丞","2","0","2"
"江西宣慰使麦","1","1","2"
"西宣慰使麦术","1","1","2"
"宣慰使麦术丁","1","1","2"
"淮东宣慰使彻","1","1","2"
"东宣慰使彻里","1","1","2"
"宣慰使彻里帖","1","1","2"
"慰使彻里帖木","1","1","2"
"东宣慰使张荣","1","1","2"
"宣慰使张荣实","1","1","2"
"江西宣慰使李","1","1","2"
"西宣慰使李恒","1","1","2"
"荆湖路宣抚使","1","1","2"
"湖路宣抚使程","1","1","2"
"路宣抚使程鹏","1","1","2"
"闽广大都督兵","1","1","2"
"广大都督兵马","1","1","2"
"大都督兵马招","1","1","2"
"都督兵马招讨","1","1","2"
"督兵马招讨使","1","1","2"
"兵马招讨使蒲","1","1","2"
"马招讨使蒲寿","1","1","2"
"招讨使蒲寿庚","1","1","2"
"湖北宣慰司调","1","1","2"
"常德府总管鲁","1","1","2"
"德府总管鲁希","1","1","2"
"府总管鲁希文","1","1","2"
"调都督忙兀带","1","1","2"
"征南都元帅唆","1","1","2"
"南都元帅唆都","1","1","2"
"遣招讨使百家","1","1","2"
"招讨使百家奴","1","1","2"
"湖北宣慰使塔","1","1","2"
"北宣慰使塔海","1","1","2"
"北道宣慰使贾","1","1","2"
"道宣慰使贾居","1","1","2"
"宣慰使贾居贞","1","1","2"
"居贞参知政事","2","0","2"
"右副都元帅张","1","1","2"
"元帅张德润上","1","1","2"
"元帅杨文安攻","1","1","2"
"三百五十五人","1","1","2"
"万五千一百两","1","1","2"
"米二万一千六","1","1","2"
"顺德府总管张","1","1","2"
"德府总管张文","1","1","2"
"府总管张文焕","1","1","2"
"安西王相府言","2","0","2"
"御史台非白省","2","0","2"
"毋擅召仓库吏","2","0","2"
"芮金紫光禄大","1","1","2"
"平章政事阿塔","1","1","2"
"章政事阿塔海","1","1","2"
"建路宣慰使唆","1","1","2"
"路宣慰使唆都","1","1","2"
"子赞善王恂掌","1","1","2"
"工部郎中郭守","1","1","2"
"部郎中郭守敬","1","1","2"
"参知政事夏贵","1","1","2"
"州路宣慰使唐","1","1","2"
"路宣慰使唐兀","1","1","2"
"宣慰使唐兀带","1","1","2"
"沿海经略副使","1","1","2"
"海经略副使合","1","1","2"
"经略副使合剌","1","1","2"
"略副使合剌带","1","1","2"
"考核行御史台","1","1","2"
"核行御史台文","2","0","2"
"行御史台文卷","1","1","2"
"枢密院招降西","1","1","2"
"密院招降西蜀","1","1","2"
"梧州万户朱国","1","1","2"
"州万户朱国宝","1","1","2"
"中书左丞吕文","1","1","2"
"书左丞吕文焕","1","1","2"
"汉军都元帅李","1","1","2"
"军都元帅李庭","1","1","2"
"南西道宣慰司","1","1","2"
"遣管军总管崔","1","1","2"
"管军总管崔永","1","1","2"
"参知政事密立","1","1","2"
"知政事密立忽","1","1","2"
"政事密立忽辛","1","1","2"
"行大司农司事","2","0","2"
"六百七十一锭","1","1","2"
"命行中书省左","1","1","2"
"省左丞夏贵等","1","1","2"
"广州张镇孙叛","1","1","2"
"阿合马溺私爱","2","0","2"
"遣宣慰使史格","1","1","2"
"宣慰使史格进","1","1","2"
"谕乌蒙路总管","1","1","2"
"乌蒙路总管阿","1","1","2"
"蒙路总管阿牟","1","1","2"
"东道按察使阿","1","1","2"
"道按察使阿八","1","1","2"
"按察使阿八赤","1","1","2"
"路道教都提点","1","1","2"
"泸州降臣薛旺","1","1","2"
"州降臣薛旺等","1","1","2"
"上中下三等设","1","1","2"
"时淮西宣慰使","1","1","2"
"回回人中阿合","1","1","2"
"回人中阿合马","1","1","2"
"阿合马才任宰","2","0","2"
"合马才任宰相","2","0","2"
"遂命平章政事","2","0","2"
"命平章政事哈","1","1","2"
"平章政事哈伯","1","1","2"
"章政事哈伯等","1","1","2"
"命太常少卿伯","1","1","2"
"太常少卿伯麻","1","1","2"
"常少卿伯麻思","1","1","2"
"少卿伯麻思告","1","1","2"
"全州西延溪洞","1","1","2"
"东宣慰使张弘","1","1","2"
"宣慰使张弘范","1","1","2"
"参知政事蒙古","1","1","2"
"知政事蒙古带","1","1","2"
"政事蒙古带请","1","1","2"
"奔思州乌罗洞","1","1","2"
"千二百七十七","1","1","2"
"二百七十七锭","1","1","2"
"江南诸路总管","1","1","2"
"南诸路总管府","1","1","2"
"水军万户张荣","1","1","2"
"军万户张荣实","1","1","2"
"参知政事贾居","1","1","2"
"知政事贾居贞","1","1","2"
"西参知政事李","1","1","2"
"州行中书省分","1","1","2"
"守城军二千人","1","1","2"
"建汉祖天师正","1","1","2"
"汉祖天师正一","1","1","2"
"祖天师正一祠","1","1","2"
"部尚书柴椿等","1","1","2"
"左副都元帅刘","1","1","2"
"副都元帅刘深","1","1","2"
"福州安抚使王","1","1","2"
"州安抚使王积","1","1","2"
"安抚使王积翁","1","1","2"
"济南总管张宏","1","1","2"
"漳州安抚使沈","1","1","2"
"州安抚使沈世","1","1","2"
"安抚使沈世隆","1","1","2"
"护国明著灵惠","1","1","2"
"国明著灵惠协","1","1","2"
"明著灵惠协正","1","1","2"
"著灵惠协正善","1","1","2"
"灵惠协正善庆","1","1","2"
"惠协正善庆显","1","1","2"
"协正善庆显济","1","1","2"
"正善庆显济天","1","1","2"
"善庆显济天妃","1","1","2"
"钞二万一千三","1","1","2"
"万一千三百三","1","1","2"
"一千三百三十","1","1","2"
"千三百三十九","1","1","2"
"三百三十九锭","1","1","2"
"行中书省唆都","1","1","2"
"参知政事唆都","1","1","2"
"总管张子良所","1","1","2"
"管张子良所签","1","1","2"
"军二千二百人","2","0","2"
"钞二千五百锭","1","1","2"
"北京等处宣慰","2","0","2"
"京等处宣慰司","2","0","2"
"李均收抚大洪","1","1","2"
"均收抚大洪山","1","1","2"
"收抚大洪山寨","1","1","2"
"东道宣慰使囊","1","1","2"
"道宣慰使囊加","1","1","2"
"宣慰使囊加带","1","1","2"
"立淮东宣慰司","1","1","2"
"参知政事程鹏","1","1","2"
"知政事程鹏飞","1","1","2"
"罗氏鬼国主阿","2","0","2"
"秃鲁赤同潭州","1","1","2"
"鲁赤同潭州行","1","1","2"
"汉军都元帅张","1","1","2"
"军都元帅张弘","1","1","2"
"总管囊加带率","1","1","2"
"书西川行枢密","2","0","2"
"院昝顺招诱都","1","1","2"
"昝顺招诱都掌","1","1","2"
"顺招诱都掌蛮","1","1","2"
"招诱都掌蛮夷","1","1","2"
"西南番蛮安抚","1","1","2"
"南番蛮安抚使","1","1","2"
"都掌蛮安抚使","1","1","2"
"抚使杨邦宪请","1","1","2"
"鸭池等处招讨","1","1","2"
"池等处招讨使","1","1","2"
"等处招讨使钦","1","1","2"
"处招讨使钦察","1","1","2"
"招讨使钦察所","1","1","2"
"置屯田总管府","1","1","2"
"遣签议中赞金","2","0","2"
"签议中赞金方","2","0","2"
"探马赤重役军","1","1","2"
"令阿里海牙入","1","1","2"
"安西王相李德","2","0","2"
"西王相李德辉","2","0","2"
"潼川路安抚使","1","1","2"
"万九千九百五","1","1","2"
"九千九百五十","1","1","2"
"千九百五十一","1","1","2"
"九百五十一锭","1","1","2"
"参知政事昝顺","1","1","2"
"太史令王恂等","1","1","2"
"洛阳等五处分","1","1","2"
"造战船六百艘","1","1","2"
"降臣陈懿兄弟","1","1","2"
"潮州路军民总","1","1","2"
"州路军民总管","1","1","2"
"羡余粮四千四","1","1","2"
"余粮四千四百","1","1","2"
"大都兵马都指","1","1","2"
"都兵马都指挥","1","1","2"
"兵马都指挥使","1","1","2"
"马都指挥使司","1","1","2"
"山东管盐运司","1","1","2"
"郭守敬访求精","1","1","2"
"钞三千八百五","1","1","2"
"三千八百五十","1","1","2"
"千八百五十锭","1","1","2"
"遣两淮招讨司","1","1","2"
"两淮招讨司经","1","1","2"
"淮招讨司经历","1","1","2"
"招讨司经历刘","1","1","2"
"讨司经历刘继","1","1","2"
"司经历刘继昌","1","1","2"
"经历刘继昌招","1","1","2"
"元州县社稷通","1","1","2"
"州县社稷通礼","1","1","2"
"租三千一百二","1","1","2"
"三千一百二十","1","1","2"
"千一百二十石","1","1","2"
"路转运盐使司","1","1","2"
"路达鲁花赤阿","2","0","2"
"大都等十六路","1","1","2"
"金三万一千一","1","1","2"
"三万一千一百","1","1","2"
"宣慰使刘继昌","1","1","2"
"慰使刘继昌等","1","1","2"
"千户伯牙兀带","1","1","2"
"户伯牙兀带所","1","1","2"
"汉军四百人戍","1","1","2"
"浙东宣慰使陈","1","1","2"
"等路宣慰使忽","1","1","2"
"路宣慰使忽辛","1","1","2"
"令东川行枢密","1","1","2"
"川行枢密院调","1","1","2"
"行枢密院调兵","1","1","2"
"云南都元帅爱","1","1","2"
"南都元帅爱鲁","1","1","2"
"速剌丁招降西","1","1","2"
"蒙古军阔阔八","1","1","2"
"古军阔阔八都","1","1","2"
"军阔阔八都等","1","1","2"
"潭州行省左丞","1","1","2"
"五台山作佛事","2","0","2"
"宁国路新附军","1","1","2"
"国路新附军百","1","1","2"
"路新附军百户","1","1","2"
"新附军百户詹","1","1","2"
"附军百户詹福","1","1","2"
"军百户詹福谋","1","1","2"
"国遣使贡驯象","2","0","2"
"金三千五百八","1","1","2"
"三千五百八十","1","1","2"
"千五百八十两","1","1","2"
"银五万三千一","1","1","2"
"五万三千一百","1","1","2"
"行省造征日本","2","0","2"
"千六百二十六","1","1","2"
"万一千一百六","1","1","2"
"千一百六十八","1","1","2"
"川行中书省事","1","1","2"
"租三千一百八","1","1","2"
"三千一百八十","1","1","2"
"千一百八十一","1","1","2"
"一百八十一石","1","1","2"
"降臣王虎臣陈","1","1","2"
"蒙古军总管乞","1","1","2"
"古军总管乞答","1","1","2"
"置大护国仁王","1","1","2"
"护国仁王寺总","1","1","2"
"国仁王寺总管","1","1","2"
"仁王寺总管府","1","1","2"
"中书省左丞忽","1","1","2"
"书省左丞忽辛","1","1","2"
"额外多取分例","1","1","2"
"蒙古军二千人","1","1","2"
"命大乐署令完","1","1","2"
"大乐署令完颜","1","1","2"
"乐署令完颜椿","1","1","2"
"署令完颜椿等","1","1","2"
"太阴犯太微西","2","0","2"
"阴犯太微西垣","2","0","2"
"命五祖真人李","1","1","2"
"五祖真人李居","1","1","2"
"祖真人李居寿","1","1","2"
"皇太子春秋鼎","2","0","2"
"太子春秋鼎盛","2","0","2"
"皇太子燕王参","1","1","2"
"招讨使刘万奴","1","1","2"
"讨使刘万奴所","1","1","2"
"使刘万奴所管","1","1","2"
"郎中令郭叔云","1","1","2"
"中令郭叔云盗","1","1","2"
"教坊司入拱卫","2","0","2"
"坊司入拱卫司","2","0","2"
"诏谕占城国主","2","0","2"
"婆国使臣治中","1","1","2"
"国使臣治中赵","1","1","2"
"使臣治中赵玉","1","1","2"
"大都万安寺设","1","1","2"
"遣佥议中赞金","2","0","2"
"命万户綦公直","2","0","2"
"万户綦公直戍","1","1","2"
"万二千五百锭","1","1","2"
"三万二千余人","1","1","2"
"德庆路总管府","1","1","2"
"五千三百二十","1","1","2"
"千三百二十两","1","1","2"
"应春泸州安抚","1","1","2"
"春泸州安抚使","1","1","2"
"前重庆制置使","1","1","2"
"重庆制置使张","1","1","2"
"庆制置使张珏","1","1","2"
"征东元帅忻都","1","1","2"
"省左丞夏贵请","1","1","2"
"马二万六千三","1","1","2"
"二万六千三百","1","1","2"
"万六千三百匹","1","1","2"
"范文虎等西锦","1","1","2"
"文虎等西锦衣","1","1","2"
"立都功德使司","1","1","2"
"哈剌章军一万","1","1","2"
"阿里海牙军万","2","0","2"
"脱古思八部屯","1","1","2"
"古思八部屯田","1","1","2"
"定杭州宣慰司","1","1","2"
"立杭州路金玉","1","1","2"
"杭州路金玉总","1","1","2"
"州路金玉总管","1","1","2"
"路金玉总管府","1","1","2"
"发军千人戍守","2","0","2"
"诏云南行省发","2","0","2"
"云南行省发四","2","0","2"
"南行省发四川","2","0","2"
"行省发四川军","2","0","2"
"省发四川军万","2","0","2"
"发四川军万人","2","0","2"
"遣将同征缅国","1","1","2"
"国师掌教所印","1","1","2"
"将士战功银二","1","1","2"
"士战功银二万","1","1","2"
"战功银二万八","1","1","2"
"功银二万八千","1","1","2"
"银二万八千七","1","1","2"
"万八千七百五","1","1","2"
"八千七百五十","1","1","2"
"部下顾总管聚","1","1","2"
"高丽王王睶遣","2","0","2"
"广东宣慰使帖","1","1","2"
"东宣慰使帖木","1","1","2"
"参知政事郝祯","1","1","2"
"蒙古侍卫总管","1","1","2"
"古侍卫总管府","1","1","2"
"高丽王王睶朝","2","0","2"
"羊马价二万八","1","1","2"
"马价二万八千","1","1","2"
"南王忽哥赤印","1","1","2"
"右丞洪茶丘所","1","1","2"
"征日本新附军","2","0","2"
"日本新附军钞","2","0","2"
"立营田提举司","1","1","2"
"川等处行中书","2","0","2"
"龙虎山天师张","1","1","2"
"虎山天师张宗","1","1","2"
"山天师张宗演","1","1","2"
"淮行中书省招","1","1","2"
"遣宣慰使教化","1","1","2"
"孟庆元等持诏","1","1","2"
"将作院吕合剌","1","1","2"
"作院吕合剌工","1","1","2"
"院吕合剌工匠","1","1","2"
"擅易命官八百","2","0","2"
"易命官八百员","2","0","2"
"右丞洪茶丘等","1","1","2"
"高丽中赞金方","1","1","2"
"丽中赞金方庆","1","1","2"
"密直司副使朴","1","1","2"
"直司副使朴球","1","1","2"
"高丽国征日本","2","0","2"
"丽国征日本军","2","0","2"
"军官元佩虎符","1","1","2"
"四十三代宗师","1","1","2"
"十三代宗师许","1","1","2"
"三代宗师许道","1","1","2"
"代宗师许道杞","1","1","2"
"宗师许道杞祈","1","1","2"
"师许道杞祈祷","1","1","2"
"立太仓提举司","1","1","2"
"十八年春正月","2","0","2"
"年春正月戊戌","2","0","2"
"五祖李居寿祭","1","1","2"
"七百八十三石","1","1","2"
"千二百七十余","1","1","2"
"二百七十余石","1","1","2"
"百七十余石赈","1","1","2"
"征日本军衣甲","2","0","2"
"省左丞蒲寿庚","1","1","2"
"文光应皇后弘","1","1","2"
"光应皇后弘吉","1","1","2"
"应皇后弘吉剌","1","1","2"
"三十八代宗师","1","1","2"
"十八代宗师蒋","1","1","2"
"八代宗师蒋宗","1","1","2"
"代宗师蒋宗瑛","1","1","2"
"遣丹八八合赤","1","1","2"
"丹八八合赤等","1","1","2"
"汉人新附军总","1","1","2"
"人新附军总管","1","1","2"
"乌蒙阿谋宣抚","1","1","2"
"蒙阿谋宣抚司","1","1","2"
"阿谋宣抚司隶","1","1","2"
"岁星犯右执法","2","0","2"
"火尼赤分管乌","1","1","2"
"尼赤分管乌木","1","1","2"
"羡余粮四万八","1","1","2"
"余粮四万八千","1","1","2"
"粮四万八千石","1","1","2"
"四川东道宣慰","1","1","2"
"川东道宣慰司","1","1","2"
"命中书省会计","1","1","2"
"本国置驿四十","2","0","2"
"米一千四百余","1","1","2"
"一千四百余石","1","1","2"
"中书左丞忽都","1","1","2"
"书左丞忽都帖","1","1","2"
"左丞忽都帖木","1","1","2"
"帖木中书右丞","2","0","2"
"御史台事忽剌","1","1","2"
"万户綦公直分","1","1","2"
"宣慰使刘恩所","1","1","2"
"松州知州仆散","1","1","2"
"州知州仆散秃","1","1","2"
"知州仆散秃哥","1","1","2"
"户二千八百二","1","1","2"
"二千八百二十","1","1","2"
"天师张宗演等","1","1","2"
"密直司使韩康","1","1","2"
"遣兀良合带运","1","1","2"
"安南国贡方物","2","0","2"
"两淮转运使阿","1","1","2"
"淮转运使阿剌","1","1","2"
"转运使阿剌瓦","1","1","2"
"运使阿剌瓦丁","1","1","2"
"京兆等路岁办","2","0","2"
"兆等路岁办课","2","0","2"
"一万九千锭增","1","1","2"
"死知州李显祖","1","1","2"
"六盘等处屯田","1","1","2"
"帖木参知政事","2","0","2"
"安南国宣慰使","1","1","2"
"安南国王陈遗","1","1","2"
"南国王陈遗爱","1","1","2"
"召法师刘道真","1","1","2"
"太阴掩心东星","2","0","2"
"礼部尚书留梦","1","1","2"
"部尚书留梦炎","1","1","2"
"使马八国俺都","1","1","2"
"马八国俺都剌","1","1","2"
"八国俺都剌等","1","1","2"
"瓮吉剌带中书","2","0","2"
"获福州叛贼林","1","1","2"
"福州叛贼林天","1","1","2"
"州叛贼林天成","1","1","2"
"汉州德阳县隶","1","1","2"
"保定路清苑县","1","1","2"
"平阳路松山县","1","1","2"
"三万六千八百","1","1","2"
"万六千八百四","1","1","2"
"六千八百四十","1","1","2"
"千八百四十石","1","1","2"
"十九年春正月","2","0","2"
"年春正月壬戌","2","0","2"
"国王王睶遣大","2","0","2"
"王王睶遣大将","2","0","2"
"王睶遣大将军","2","0","2"
"大将军金子廷","1","1","2"
"时皇子北平王","1","1","2"
"钞一万一千五","1","1","2"
"万一千五百二","1","1","2"
"一千五百二十","1","1","2"
"千五百二十一","1","1","2"
"五百二十一锭","1","1","2"
"饶州总管姚文","1","1","2"
"州总管姚文龙","1","1","2"
"工部尚书纳怀","1","1","2"
"部尚书纳怀制","1","1","2"
"布四千九百四","1","1","2"
"千九百四十匹","1","1","2"
"驴四千九百四","1","1","2"
"千九百四十头","1","1","2"
"十八里元帅綦","1","1","2"
"八里元帅綦公","1","1","2"
"里元帅綦公直","1","1","2"
"帅綦公直军需","1","1","2"
"溪洞招讨使郭","1","1","2"
"洞招讨使郭昂","1","1","2"
"招讨使郭昂等","1","1","2"
"讨使郭昂等九","1","1","2"
"使郭昂等九人","1","1","2"
"郭昂等九人虎","1","1","2"
"昂等九人虎符","1","1","2"
"九百五十三户","1","1","2"
"立广东按察司","1","1","2"
"立铁冶总管府","1","1","2"
"罗罗斯宣慰司","1","1","2"
"参知政事唐兀","1","1","2"
"知政事唐兀带","1","1","2"
"政事唐兀带等","1","1","2"
"事唐兀带等六","1","1","2"
"唐兀带等六人","1","1","2"
"大良平元帅蒲","1","1","2"
"良平元帅蒲元","1","1","2"
"平元帅蒲元圭","1","1","2"
"汉人新附军讨","1","1","2"
"阿合马蠹国害","2","0","2"
"合马蠹国害民","2","0","2"
"征蛮元帅完者","1","1","2"
"蛮元帅完者都","1","1","2"
"元帅完者都等","1","1","2"
"帅完者都等平","1","1","2"
"中书左丞耿仁","1","1","2"
"书左丞耿仁等","1","1","2"
"平章政事忽辛","1","1","2"
"宁国路太平县","1","1","2"
"怀孟路管河渠","1","1","2"
"孟路管河渠使","1","1","2"
"北京宣慰使阿","1","1","2"
"京宣慰使阿老","1","1","2"
"宣慰使阿老瓦","1","1","2"
"慰使阿老瓦丁","1","1","2"
"泸州管军总管","1","1","2"
"州管军总管李","1","1","2"
"三千七百五十","1","1","2"
"千七百五十八","1","1","2"
"戮尸通玄门外","2","0","2"
"遣浙西道宣慰","1","1","2"
"宣慰司同知刘","1","1","2"
"慰司同知刘宣","1","1","2"
"司同知刘宣等","1","1","2"
"茶场都转运司","1","1","2"
"籍阿合马妻子","2","0","2"
"沿海左副都元","1","1","2"
"海左副都元帅","1","1","2"
"左副都元帅石","1","1","2"
"副都元帅石国","1","1","2"
"都元帅石国英","1","1","2"
"元帅石国英请","1","1","2"
"十八里城东三","1","1","2"
"八里城东三百","1","1","2"
"里城东三百余","1","1","2"
"城东三百余里","1","1","2"
"屯田军七百七","1","1","2"
"田军七百七十","1","1","2"
"军七百七十人","1","1","2"
"战船二百五十","1","1","2"
"赏太子府宿卫","1","1","2"
"太子府宿卫军","1","1","2"
"都元帅宣慰使","1","1","2"
"船一百五十艘","1","1","2"
"昌路达鲁花赤","2","0","2"
"二十四处军前","1","1","2"
"十四处军前便","1","1","2"
"四处军前便宜","1","1","2"
"阿八赤督运粮","1","1","2"
"里八合剌摊赤","1","1","2"
"安南国进贡犀","1","1","2"
"南国进贡犀兕","1","1","2"
"造大小船三千","1","1","2"
"大小船三千艘","1","1","2"
"蛮洞向世雄兄","1","1","2"
"洞向世雄兄弟","1","1","2"
"日本国焦元帅","1","1","2"
"提刑按察司举","1","1","2"
"监修国史耶律","1","1","2"
"修国史耶律铸","1","1","2"
"设南北两漕运","1","1","2"
"南北两漕运司","1","1","2"
"官府二百五十","2","0","2"
"顺庆府宣慰司","1","1","2"
"第二子抹速忽","1","1","2"
"大盘洞主向臭","1","1","2"
"盘洞主向臭友","1","1","2"
"洞主向臭友等","1","1","2"
"都功德使脱烈","1","1","2"
"贫乏者合纳塔","1","1","2"
"平原郡公赵芮","2","0","2"
"翰林直学士赵","1","1","2"
"台臣国家政事","2","0","2"
"臣国家政事失","2","0","2"
"臣台官皆建言","2","0","2"
"御史宜本台选","2","0","2"
"史宜本台选择","2","0","2"
"初汉人十六员","2","0","2"
"湖广行省金银","1","1","2"
"广行省金银铁","1","1","2"
"省金银铁冶提","1","1","2"
"金银铁冶提举","1","1","2"
"银铁冶提举司","1","1","2"
"淘金总管府隶","1","1","2"
"中书右丞札散","1","1","2"
"南京屯田总管","1","1","2"
"京屯田总管府","1","1","2"
"答耳麻八剌剌","1","1","2"
"耳麻八剌剌吉","1","1","2"
"麻八剌剌吉塔","1","1","2"
"大将军俞洪慎","1","1","2"
"登闻鼓院击鼓","1","1","2"
"东行中书省丞","1","1","2"
"言时政十八事","2","0","2"
"民夫三千人运","1","1","2"
"万户三十五人","1","1","2"
"荆南道宣慰使","1","1","2"
"北三道宣慰司","1","1","2"
"日本军官八忽","1","1","2"
"本军官八忽带","1","1","2"
"都蛮镇守金齿","1","1","2"
"福建市舶总管","1","1","2"
"建市舶总管府","1","1","2"
"立云南按察司","1","1","2"
"湖南宣慰使张","1","1","2"
"南宣慰使张鼎","1","1","2"
"宣慰使张鼎新","1","1","2"
"参知政事樊楫","1","1","2"
"知政事樊楫等","1","1","2"
"阿附阿里海牙","1","1","2"
"一百九十八人","1","1","2"
"河西办课提举","1","1","2"
"西办课提举司","1","1","2"
"蒙古监察御史","1","1","2"
"古监察御史六","1","1","2"
"赵良钤等聚众","1","1","2"
"中书右丞张惠","1","1","2"
"八剌合赤等贫","1","1","2"
"道医学提举司","1","1","2"
"减隆兴府昌州","1","1","2"
"隆兴府昌州盖","1","1","2"
"兴府昌州盖里","1","1","2"
"府昌州盖里泊","1","1","2"
"官吏九十九人","1","1","2"
"高丽国王阿塔","2","0","2"
"丽国王阿塔海","2","0","2"
"国王阿塔海共","2","0","2"
"王阿塔海共事","2","0","2"
"江南盗贼相继","1","1","2"
"监察御史阿剌","1","1","2"
"察御史阿剌浑","1","1","2"
"宋文思院小口","2","0","2"
"文思院小口斛","2","0","2"
"立海西辽东提","1","1","2"
"海西辽东提刑","1","1","2"
"西辽东提刑按","1","1","2"
"海南四州宣慰","1","1","2"
"南四州宣慰使","1","1","2"
"四州宣慰使朱","1","1","2"
"州宣慰使朱国","1","1","2"
"宣慰使朱国宝","1","1","2"
"慰使朱国宝请","1","1","2"
"宋手号军八万","1","1","2"
"手号军八万三","1","1","2"
"号军八万三千","1","1","2"
"军八万三千六","1","1","2"
"万三千六百人","1","1","2"
"省参政曲立吉","1","1","2"
"参政曲立吉思","1","1","2"
"政曲立吉思等","1","1","2"
"讨平九溪十八","1","1","2"
"平九溪十八洞","1","1","2"
"顺元路宣慰司","1","1","2"
"元路宣慰司节","1","1","2"
"路宣慰司节制","1","1","2"
"所造征日本船","2","0","2"
"粮米七十三万","1","1","2"
"米七十三万石","1","1","2"
"军民千户宋添","1","1","2"
"民千户宋添富","1","1","2"
"顺元路军民总","1","1","2"
"元路军民总管","1","1","2"
"宣抚使阿里等","1","1","2"
"江南十道宣慰","1","1","2"
"南十道宣慰司","1","1","2"
"同知宋廷秀私","1","1","2"
"卫辉四路屯驻","1","1","2"
"西道宣慰使史","1","1","2"
"道宣慰使史弼","1","1","2"
"尤宗祖等九千","1","1","2"
"宗祖等九千五","1","1","2"
"祖等九千五百","1","1","2"
"等九千五百九","1","1","2"
"九千五百九十","1","1","2"
"千五百九十二","1","1","2"
"五百九十二人","1","1","2"
"商人阿剌畏等","1","1","2"
"斡端宣慰使刘","1","1","2"
"端宣慰使刘恩","1","1","2"
"宣慰使刘恩进","1","1","2"
"平章政事札散","1","1","2"
"扬州行省唆都","1","1","2"
"州行省唆都新","1","1","2"
"管军总管黄华","1","1","2"
"军总管黄华叛","1","1","2"
"将兵二万二千","2","0","2"
"二万二千人讨","2","0","2"
"中兴管课提举","1","1","2"
"兴管课提举司","1","1","2"
"提刑按察司增","1","1","2"
"刑按察司增设","1","1","2"
"按察司增设判","1","1","2"
"察司增设判官","1","1","2"
"司增设判官二","1","1","2"
"备海船三十艘","1","1","2"
"吉利吉思风俗","1","1","2"
"开成路屯田总","1","1","2"
"成路屯田总管","1","1","2"
"诸王浑都帖木","2","0","2"
"军官爱纳八斯","1","1","2"
"官爱纳八斯等","1","1","2"
"温迪罕秃鲁花","1","1","2"
"海道运粮招讨","1","1","2"
"道运粮招讨使","1","1","2"
"运粮招讨使朱","1","1","2"
"粮招讨使朱清","1","1","2"
"参知政事阿合","1","1","2"
"知政事阿合八","1","1","2"
"政事阿合八失","1","1","2"
"断死罪二百七","2","0","2"
"死罪二百七十","2","0","2"
"二百七十八人","1","1","2"
"率百官奉玉册","2","0","2"
"行省右丞太卜","1","1","2"
"都元帅袁世安","1","1","2"
"耽罗国安抚司","1","1","2"
"云南诸路按察","1","1","2"
"南诸路按察司","1","1","2"
"福建宣慰使管","1","1","2"
"湖南宣慰使撒","1","1","2"
"南宣慰使撒里","1","1","2"
"宣慰使撒里蛮","1","1","2"
"获叛民晏顺等","1","1","2"
"叛民晏顺等三","1","1","2"
"民晏顺等三十","1","1","2"
"晏顺等三十二","1","1","2"
"顺等三十二人","1","1","2"
"秦州总管刘发","1","1","2"
"皇子北平王南","1","1","2"
"子北平王南木","1","1","2"
"右丞相安童继","1","1","2"
"立大都留守司","1","1","2"
"立大都路总管","1","1","2"
"湖占城行省言","2","0","2"
"路司理勒蛰等","1","1","2"
"提刑按察司分","1","1","2"
"顺元路宣抚司","1","1","2"
"西南番安抚司","1","1","2"
"加封卫辉路小","1","1","2"
"封卫辉路小清","1","1","2"
"卫辉路小清河","1","1","2"
"军都指挥使八","1","1","2"
"都指挥使八忽","1","1","2"
"指挥使八忽带","1","1","2"
"挥使八忽带征","1","1","2"
"中大夫陈谦甫","1","1","2"
"诏封皇子脱欢","1","1","2"
"蒙古都元帅府","1","1","2"
"炮手都元帅府","1","1","2"
"回回炮手军匠","1","1","2"
"回炮手军匠万","1","1","2"
"炮手军匠万户","1","1","2"
"手军匠万户府","1","1","2"
"钞二万一千六","1","1","2"
"万一千六百四","1","1","2"
"一千六百四十","1","1","2"
"千六百四十三","1","1","2"
"六百四十三锭","1","1","2"
"二百四十六锭","1","1","2"
"西川两省合兵","1","1","2"
"川两省合兵讨","1","1","2"
"烜遣中大夫阮","2","0","2"
"七千四百八十","1","1","2"
"千四百八十锭","1","1","2"
"征东招讨司聂","1","1","2"
"东招讨司聂古","1","1","2"
"招讨司聂古带","1","1","2"
"大巴南等十一","1","1","2"
"巴南等十一人","1","1","2"
"南等十一人奉","1","1","2"
"盐课市舶都转","1","1","2"
"课市舶都转运","1","1","2"
"江淮等处行中","1","1","2"
"淮等处行中书","1","1","2"
"总摄杨琏真加","2","0","2"
"定涟海等处屯","1","1","2"
"涟海等处屯田","1","1","2"
"海等处屯田法","1","1","2"
"北京宣慰司修","1","1","2"
"亚罗日加翳等","1","1","2"
"罗日加翳等奉","1","1","2"
"前右丞相安童","1","1","2"
"前御史中丞史","1","1","2"
"御史中丞史枢","1","1","2"
"降参议中书省","1","1","2"
"合马专政时所","1","1","2"
"赐蒙古贫乏者","2","0","2"
"钞十二万四千","1","1","2"
"十二万四千七","1","1","2"
"二万四千七百","1","1","2"
"万四千七百二","1","1","2"
"四千七百二十","1","1","2"
"千七百二十二","1","1","2"
"七百二十二锭","1","1","2"
"京师富豪户酿","2","0","2"
"师富豪户酿酒","2","0","2"
"翰林承旨撒里","2","0","2"
"林承旨撒里蛮","2","0","2"
"翰林集贤大学","1","1","2"
"林集贤大学士","1","1","2"
"集贤大学士许","1","1","2"
"贤大学士许国","1","1","2"
"大学士许国祯","1","1","2"
"医学教授增修","1","1","2"
"钞二千八百八","1","1","2"
"千八百八十五","1","1","2"
"八百八十五锭","1","1","2"
"民间买卖金银","1","1","2"
"封驸马唆郎哥","1","1","2"
"御史台大夫拨","1","1","2"
"史台大夫拨鲁","1","1","2"
"台大夫拨鲁罕","1","1","2"
"江南行中书省","1","1","2"
"南行中书省事","1","1","2"
"江西元帅招讨","1","1","2"
"西元帅招讨司","1","1","2"
"郭逢贵等四十","1","1","2"
"逢贵等四十五","1","1","2"
"贵等四十五寨","1","1","2"
"三千六百一十","1","1","2"
"千六百一十人","1","1","2"
"鲁迷失海牙等","1","1","2"
"慰司都转运使","2","0","2"
"令江浙行省参","1","1","2"
"浙行省参政冯","1","1","2"
"广行省右丞要","1","1","2"
"行省右丞要束","1","1","2"
"省右丞要束木","1","1","2"
"龙兴行省左丞","1","1","2"
"兴行省左丞伯","1","1","2"
"行省左丞伯颜","1","1","2"
"都鲁平章政事","2","0","2"
"遣太史监候张","1","1","2"
"太史监候张公","1","1","2"
"史监候张公礼","1","1","2"
"宁夏行中书省","1","1","2"
"立上都规措所","1","1","2"
"上都规措所回","1","1","2"
"都规措所回易","1","1","2"
"规措所回易库","1","1","2"
"立行枢密院都","1","1","2"
"行枢密院都镇","1","1","2"
"枢密院都镇抚","1","1","2"
"密院都镇抚司","1","1","2"
"劾中书右丞卢","1","1","2"
"中书右丞卢世","1","1","2"
"书右丞卢世荣","1","1","2"
"安童诸老臣议","2","0","2"
"御史中丞郭佑","1","1","2"
"踢里玉招讨使","1","1","2"
"立汴梁宣慰司","1","1","2"
"行御史台复徙","2","0","2"
"行枢密院建康","2","0","2"
"江南造船提举","1","1","2"
"南造船提举司","1","1","2"
"参知政事张德","1","1","2"
"知政事张德润","1","1","2"
"陕西四川行中","1","1","2"
"西四川行中书","1","1","2"
"川行中书省左","1","1","2"
"中书省左丞汪","1","1","2"
"书省左丞汪惟","1","1","2"
"省左丞汪惟正","1","1","2"
"左丞汪惟正入","1","1","2"
"镇南王脱欢所","1","1","2"
"伐罗北甸等部","1","1","2"
"万二千四百锭","1","1","2"
"淮行枢密院所","1","1","2"
"马湖总管汝作","1","1","2"
"西崖门酋长阿","1","1","2"
"崖门酋长阿者","1","1","2"
"门酋长阿者等","1","1","2"
"云南王先帖木","2","0","2"
"东招讨使塔塔","1","1","2"
"兀鲁带三珠虎","1","1","2"
"鲁带三珠虎符","1","1","2"
"征东宣慰使都","1","1","2"
"东宣慰使都元","1","1","2"
"十一万六千四","1","1","2"
"万六千四百锭","1","1","2"
"宣抚使阿蒙叛","1","1","2"
"蔚州知州木八","1","1","2"
"州知州木八剌","1","1","2"
"皇子爱牙赤银","1","1","2"
"子爱牙赤银印","1","1","2"
"一千一百二十","1","1","2"
"千一百二十二","1","1","2"
"一百二十二人","1","1","2"
"五万八千六百","1","1","2"
"减合剌章冗官","2","0","2"
"岁省俸金九百","2","0","2"
"九百四十六两","1","1","2"
"屯田课程专人","2","0","2"
"命江浙转运司","1","1","2"
"占城行省参政","1","1","2"
"七千七百三十","1","1","2"
"千七百三十二","1","1","2"
"七百三十二锭","1","1","2"
"马六百二十九","1","1","2"
"六百二十九匹","1","1","2"
"钞三万七千七","1","1","2"
"万七千七百五","1","1","2"
"七千七百五十","1","1","2"
"千七百五十七","1","1","2"
"七百五十七锭","1","1","2"
"钞七万六千五","1","1","2"
"钞五万三千五","1","1","2"
"万三千五百四","1","1","2"
"三千五百四十","1","1","2"
"千五百四十一","1","1","2"
"五百四十一锭","1","1","2"
"马八千一百九","1","1","2"
"千一百九十七","1","1","2"
"一百九十七匹","1","1","2"
"羊一万六千六","1","1","2"
"一万六千六百","1","1","2"
"万六千六百三","1","1","2"
"六千六百三十","1","1","2"
"千六百三十四","1","1","2"
"米二万二千一","1","1","2"
"二万二千一百","1","1","2"
"万二千一百石","1","1","2"
"二万七千二百","1","1","2"
"万七千二百七","1","1","2"
"七千二百七十","1","1","2"
"千二百七十九","1","1","2"
"二百七十九匹","1","1","2"
"二百七十一人","1","1","2"
"总统杨琏真加","1","1","2"
"统杨琏真加修","1","1","2"
"江淮行省右丞","1","1","2"
"马八国遣使进","2","0","2"
"巩昌二十四城","2","0","2"
"屯田新军二百","1","1","2"
"田新军二百人","1","1","2"
"缅中行省左丞","1","1","2"
"中行省左丞相","1","1","2"
"按察司巡行郡","1","1","2"
"察司巡行郡县","1","1","2"
"置隰州大宁县","1","1","2"
"命荆湖占城行","1","1","2"
"直学士程文海","1","1","2"
"立甘州行中书","1","1","2"
"召曲阜教授陈","1","1","2"
"曲阜教授陈俨","1","1","2"
"行御史台按察","1","1","2"
"东京行中书省","1","1","2"
"汴梁行中书省","1","1","2"
"置屯田鹰坊总","1","1","2"
"屯田鹰坊总管","1","1","2"
"田鹰坊总管府","1","1","2"
"按察司隶内台","2","0","2"
"江东宣慰司进","1","1","2"
"遣参知政事秃","1","1","2"
"参知政事秃鲁","1","1","2"
"知政事秃鲁罕","1","1","2"
"枢密院判李道","1","1","2"
"国遣使贡方物","2","0","2"
"马剌丹忒忽里","1","1","2"
"万八千七百人","1","1","2"
"万七千八百人","1","1","2"
"招讨使怯烈招","1","1","2"
"立营田总管府","1","1","2"
"行省忙兀带言","2","0","2"
"芍陂两处屯田","1","1","2"
"总制院使桑哥","1","1","2"
"桑哥具省臣姓","2","0","2"
"哥具省臣姓名","2","0","2"
"参知政事郭佑","1","1","2"
"平章政事阿必","1","1","2"
"章政事阿必失","1","1","2"
"政事阿必失合","1","1","2"
"金齿国使臣圆","1","1","2"
"参知政事二员","2","0","2"
"钞二万九千锭","1","1","2"
"苏木都剌十国","1","1","2"
"高丽遣使献日","2","0","2"
"丽遣使献日本","2","0","2"
"遣使献日本俘","2","0","2"
"千三百二十三","1","1","2"
"三百二十三人","1","1","2"
"征缅副都元帅","1","1","2"
"运司都转运使","2","0","2"
"兴化路仙游县","1","1","2"
"沿海招讨使张","1","1","2"
"管海道运粮船","1","1","2"
"海道运粮船朱","1","1","2"
"道运粮船朱清","1","1","2"
"遣蒙古千户曲","1","1","2"
"二万五千六百","1","1","2"
"实宣宁县饥民","1","1","2"
"山东三道宣慰","1","1","2"
"东三道宣慰司","1","1","2"
"遣中书省断事","1","1","2"
"湖广行省钱谷","2","0","2"
"置泉州市舶提","1","1","2"
"泉州市舶提举","1","1","2"
"州市舶提举司","1","1","2"
"国王陈益稷羊","1","1","2"
"王陈益稷羊马","1","1","2"
"置六道劝农司","1","1","2"
"十五万一千九","1","1","2"
"五万一千九百","1","1","2"
"万一千九百二","1","1","2"
"一千九百二十","1","1","2"
"千九百二十三","1","1","2"
"九百二十三锭","1","1","2"
"马七千二百九","1","1","2"
"七千二百九十","1","1","2"
"千二百九十匹","1","1","2"
"羊三万六千二","1","1","2"
"三万六千二百","1","1","2"
"万六千二百六","1","1","2"
"六千二百六十","1","1","2"
"千二百六十九","1","1","2"
"三千二百八十","1","1","2"
"二百八十八匹","1","1","2"
"钞五万六千一","1","1","2"
"五万六千一百","1","1","2"
"万六千一百三","1","1","2"
"六千一百三十","1","1","2"
"千一百三十九","1","1","2"
"一百三十九锭","1","1","2"
"百三十九锭一","1","1","2"
"三十九锭一十","1","1","2"
"十九锭一十二","1","1","2"
"九锭一十二两","1","1","2"
"一百六十六所","1","1","2"
"五百三十五石","1","1","2"
"九万四千六百","1","1","2"
"万四千六百七","1","1","2"
"四千六百七十","1","1","2"
"六百七十二株","1","1","2"
"复云南石梁县","1","1","2"
"修筑柳林河堤","1","1","2"
"新附军千人阿","2","0","2"
"附军千人阿八","2","0","2"
"军千人阿八赤","2","0","2"
"千人阿八赤讨","2","0","2"
"人阿八赤讨安","2","0","2"
"阿八赤讨安南","2","0","2"
"山南三道按察","1","1","2"
"南三道按察司","1","1","2"
"万户张文虎等","1","1","2"
"户张文虎等运","1","1","2"
"等运粮十七万","1","1","2"
"召天师张宗演","1","1","2"
"劝农营田司六","1","1","2"
"铁木平章政事","2","0","2"
"吏部尚书忻都","1","1","2"
"中统钞通行故","2","0","2"
"中统交钞五贯","1","1","2"
"十一万六百锭","2","0","2"
"千五百九十三","1","1","2"
"五百九十三锭","1","1","2"
"右卫佥事王通","1","1","2"
"干大利斡鲁脱","1","1","2"
"大利斡鲁脱地","1","1","2"
"云南行省爱鲁","1","1","2"
"北京道按察司","1","1","2"
"福建盐运使司","1","1","2"
"爱牙赤所部屯","1","1","2"
"牙赤所部屯田","1","1","2"
"赤所部屯田军","1","1","2"
"征缅行省参政","1","1","2"
"屯田总管忽都","1","1","2"
"田总管忽都鲁","1","1","2"
"总管忽都鲁请","1","1","2"
"海南琼州路安","1","1","2"
"南琼州路安抚","1","1","2"
"琼州路安抚使","1","1","2"
"州路安抚使陈","1","1","2"
"路安抚使陈仲","1","1","2"
"南宁军总管谢","1","1","2"
"沿海管军总管","1","1","2"
"遣中大夫阮文","2","0","2"
"通侍大夫黎仲","1","1","2"
"侍大夫黎仲谦","1","1","2"
"江西行院月迷","2","0","2"
"西行院月迷失","2","0","2"
"五千人屯田六","2","0","2"
"千人屯田六盘","2","0","2"
"阿老瓦丁参知","2","0","2"
"老瓦丁参知政","2","0","2"
"瓦丁参知政事","2","0","2"
"云南省右丞爱","2","0","2"
"南省右丞爱鲁","2","0","2"
"参知政事马绍","1","1","2"
"知政事马绍升","1","1","2"
"荧惑犯太微东","2","0","2"
"惑犯太微东垣","2","0","2"
"合迷玉速曲地","1","1","2"
"田租十二万九","1","1","2"
"租十二万九千","1","1","2"
"十二万九千一","1","1","2"
"二万九千一百","1","1","2"
"万九千一百八","1","1","2"
"九千一百八十","1","1","2"
"千一百八十石","1","1","2"
"顺元宣慰使秃","1","1","2"
"元宣慰使秃鲁","1","1","2"
"宣慰使秃鲁古","1","1","2"
"金竹寨主搔驴","1","1","2"
"竹寨主搔驴等","1","1","2"
"诸匠都总管府","1","1","2"
"镇南王次茅罗","2","0","2"
"南王次茅罗港","2","0","2"
"四百六十七锭","1","1","2"
"镇南王诸军渡","2","0","2"
"南王诸军渡富","2","0","2"
"王诸军渡富良","2","0","2"
"日烜子弃城走","2","0","2"
"烜子弃城走敢","2","0","2"
"子弃城走敢喃","2","0","2"
"命西僧监臧宛","1","1","2"
"西僧监臧宛卜","1","1","2"
"僧监臧宛卜卜","1","1","2"
"监臧宛卜卜思","1","1","2"
"臧宛卜卜思哥","1","1","2"
"宛卜卜思哥等","1","1","2"
"二十五万三千","1","1","2"
"十五万三千五","1","1","2"
"二万二千六百","1","1","2"
"钞四万八千二","1","1","2"
"四万八千二百","1","1","2"
"万八千二百五","1","1","2"
"八千二百五十","1","1","2"
"千二百五十锭","1","1","2"
"镇南王诸军追","2","0","2"
"迎张文虎等粮","2","0","2"
"政事忙兀带所","1","1","2"
"事忙兀带所统","1","1","2"
"循州贼万余人","2","0","2"
"海运米十万石","2","0","2"
"入诸路金玉人","1","1","2"
"西两道劝农营","1","1","2"
"两道劝农营田","1","1","2"
"京畿都漕运司","1","1","2"
"司徒撒里蛮等","1","1","2"
"徒撒里蛮等进","1","1","2"
"辽东海西道提","1","1","2"
"东海西道提刑","1","1","2"
"海西道提刑按","1","1","2"
"提刑按察司入","2","0","2"
"江南湖北道提","1","1","2"
"征东行尚书省","1","1","2"
"东行尚书省左","1","1","2"
"行尚书省左丞","1","1","2"
"曲靖路总管府","1","1","2"
"士卒二百二十","1","1","2"
"卒二百二十人","1","1","2"
"万四千三百石","1","1","2"
"命爱鲁引兵云","2","0","2"
"爱鲁引兵云南","2","0","2"
"奥鲁赤诸军北","2","0","2"
"进金人代己罪","2","0","2"
"山东转运使司","1","1","2"
"平阳投下总管","1","1","2"
"阳投下总管府","1","1","2"
"入杂造总管府","1","1","2"
"董贤举等七人","1","1","2"
"枢密院副使月","1","1","2"
"省平章忽都铁","1","1","2"
"平章忽都铁木","1","1","2"
"上供米二十万","1","1","2"
"供米二十万石","1","1","2"
"水银二百四十","1","1","2"
"银二百四十斤","1","1","2"
"直沽海运米仓","1","1","2"
"王陈日烜遣中","2","0","2"
"银二万二千五","1","1","2"
"二万二千五百","1","1","2"
"万二千五百两","1","1","2"
"督巩昌兵五千","1","1","2"
"巩昌兵五千人","1","1","2"
"省右丞爱鲁上","1","1","2"
"四百七十四人","1","1","2"
"叛王火鲁火孙","1","1","2"
"纱罗绢布等四","1","1","2"
"罗绢布等四千","1","1","2"
"绢布等四千五","1","1","2"
"布等四千五百","1","1","2"
"察罕章宣抚司","1","1","2"
"兴州采蜜提举","1","1","2"
"州采蜜提举司","1","1","2"
"延安屯田总管","1","1","2"
"安屯田总管府","1","1","2"
"管军元帅阿里","1","1","2"
"军元帅阿里带","1","1","2"
"西南番总管府","1","1","2"
"卫浙西宣慰使","1","1","2"
"道宣慰副使史","1","1","2"
"宣慰副使史耀","1","1","2"
"二州霖雨害稼","2","0","2"
"保定路唐县野","1","1","2"
"定路唐县野蚕","1","1","2"
"军三百人北征","1","1","2"
"田租二万一千","1","1","2"
"租二万一千五","1","1","2"
"尚书省参政秃","1","1","2"
"书省参政秃烈","1","1","2"
"省参政秃烈羊","1","1","2"
"参政秃烈羊呵","1","1","2"
"藏宣慰使软奴","1","1","2"
"宣慰使软奴汪","1","1","2"
"慰使软奴汪术","1","1","2"
"赐银二千五百","1","1","2"
"甘州转运司隶","1","1","2"
"右江口溪洞蛮","1","1","2"
"夹谷三合等七","1","1","2"
"谷三合等七十","1","1","2"
"三合等七十四","1","1","2"
"合等七十四人","1","1","2"
"渠二百六十五","1","1","2"
"二百六十五里","1","1","2"
"钞二万八千锭","1","1","2"
"令集贤院诸司","1","1","2"
"陕西等处屯田","1","1","2"
"西等处屯田等","1","1","2"
"建昌路屯田总","1","1","2"
"昌路屯田总管","1","1","2"
"帛纱罗等二千","1","1","2"
"纱罗等二千匹","1","1","2"
"宜都总帅府统","1","1","2"
"尚书右丞相桑","1","1","2"
"书右丞相桑哥","1","1","2"
"千二百五十两","1","1","2"
"银十二万五千","1","1","2"
"十二万五千两","1","1","2"
"钞二万五千锭","1","1","2"
"万三千六百六","1","1","2"
"三千六百六十","1","1","2"
"千六百六十六","1","1","2"
"六百六十六匹","1","1","2"
"万二千五百一","1","1","2"
"二千五百一十","1","1","2"
"千五百一十三","1","1","2"
"五百一十三锭","1","1","2"
"王爱牙合赤等","1","1","2"
"银一万八千三","1","1","2"
"一万八千三百","1","1","2"
"万八千三百六","1","1","2"
"八千三百六十","1","1","2"
"千三百六十两","1","1","2"
"绵八万三千二","1","1","2"
"万三千二百两","1","1","2"
"皇子爱牙赤部","1","1","2"
"马二万六千九","1","1","2"
"二万六千九百","1","1","2"
"万六千九百一","1","1","2"
"六千九百一十","1","1","2"
"千九百一十四","1","1","2"
"马六千七百二","1","1","2"
"六千七百二十","1","1","2"
"千七百二十五","1","1","2"
"羊一万二千八","1","1","2"
"千八百五十七","1","1","2"
"钞三万二千八","1","1","2"
"三万二千八百","1","1","2"
"万二千八百八","1","1","2"
"千八百八十锭","1","1","2"
"千六百七十四","1","1","2"
"六百七十四锭","1","1","2"
"马四千三百二","1","1","2"
"千三百二十五","1","1","2"
"租二万二千八","1","1","2"
"万二千八百石","1","1","2"
"护国仁王等寺","1","1","2"
"天师张宗演设","1","1","2"
"三千五百七十","1","1","2"
"千五百七十顷","1","1","2"
"立学校二万四","1","1","2"
"学校二万四千","1","1","2"
"校二万四千四","1","1","2"
"二万四千四百","1","1","2"
"万四千四百余","1","1","2"
"四千四百余所","1","1","2"
"义粮三十一万","1","1","2"
"粮三十一万五","1","1","2"
"三十一万五千","1","1","2"
"十一万五千五","1","1","2"
"一万五千五百","1","1","2"
"万五千五百余","1","1","2"
"五千五百余石","1","1","2"
"年春正月丙戌","2","0","2"
"迷失合兵进讨","1","1","2"
"千一百五十八","1","1","2"
"一百五十八户","1","1","2"
"五千一百五十","1","1","2"
"江州都转运使","1","1","2"
"州都转运使司","1","1","2"
"金三千四百两","1","1","2"
"省左丞唐兀带","1","1","2"
"立武卫亲军都","1","1","2"
"山东宣慰使乐","1","1","2"
"东宣慰使乐实","1","1","2"
"宣慰使乐实所","1","1","2"
"慰使乐实所运","1","1","2"
"同漳州路总管","1","1","2"
"漳州路总管高","1","1","2"
"州路总管高杰","1","1","2"
"荆南按察司所","1","1","2"
"南按察司所统","1","1","2"
"淮东道宣慰司","1","1","2"
"都路总管府判","1","1","2"
"总管府判官萧","1","1","2"
"管府判官萧仪","1","1","2"
"成都管军万户","1","1","2"
"都管军万户刘","1","1","2"
"管军万户刘德","1","1","2"
"军万户刘德禄","1","1","2"
"万户刘德禄上","1","1","2"
"招降八番蛮夷","1","1","2"
"开元路治中兀","1","1","2"
"元路治中兀颜","1","1","2"
"路治中兀颜牙","1","1","2"
"治中兀颜牙兀","1","1","2"
"立左右翼屯田","1","1","2"
"左右翼屯田万","1","1","2"
"右翼屯田万户","1","1","2"
"翼屯田万户府","1","1","2"
"发大同路榷场","1","1","2"
"令监察御史省","2","0","2"
"监察御史省部","2","0","2"
"察御史省部稽","2","0","2"
"御史省部稽照","2","0","2"
"命侍御史坚童","2","0","2"
"侍御史坚童视","2","0","2"
"陕西屯田总管","1","1","2"
"西屯田总管府","1","1","2"
"屯田总管府农","1","1","2"
"贷高丽米六万","1","1","2"
"高丽米六万石","1","1","2"
"丽米六万石赈","1","1","2"
"中大夫陈克等","2","0","2"
"大夫陈克等贡","2","0","2"
"夫陈克等贡方","2","0","2"
"陈克等贡方物","2","0","2"
"莱芜铁冶提举","1","1","2"
"芜铁冶提举司","1","1","2"
"铁冶提举司隶","1","1","2"
"御史大夫玉吕","1","1","2"
"史大夫玉吕鲁","1","1","2"
"召江淮行省参","1","1","2"
"省参知政事忻","1","1","2"
"王爱牙赤投下","1","1","2"
"爱牙赤投下人","1","1","2"
"牙赤投下人匠","1","1","2"
"万八千五百七","1","1","2"
"八千五百七十","1","1","2"
"千五百七十三","1","1","2"
"五百七十三人","1","1","2"
"江西三省所抽","1","1","2"
"卑包等三十三","1","1","2"
"包等三十三寨","1","1","2"
"等三十三寨相","1","1","2"
"三十三寨相继","1","1","2"
"米八千七百二","1","1","2"
"八千七百二十","1","1","2"
"千七百二十石","1","1","2"
"省断事官秃烈","1","1","2"
"断事官秃烈羊","1","1","2"
"事官秃烈羊呵","1","1","2"
"立云南提刑按","1","1","2"
"云南提刑按察","1","1","2"
"南提刑按察司","1","1","2"
"丘应祥等十八","1","1","2"
"应祥等十八人","1","1","2"
"林宣慰使怯伯","1","1","2"
"千三百二十八","1","1","2"
"三百二十八石","1","1","2"
"西南夷中下烂","1","1","2"
"南夷中下烂土","1","1","2"
"夷中下烂土等","1","1","2"
"中下烂土等处","1","1","2"
"立江淮等处财","1","1","2"
"江淮等处财赋","1","1","2"
"淮等处财赋总","1","1","2"
"等处财赋总管","1","1","2"
"处财赋总管府","1","1","2"
"河渠官礼部尚","1","1","2"
"渠官礼部尚书","1","1","2"
"官礼部尚书张","1","1","2"
"礼部尚书张孔","1","1","2"
"部尚书张孔孙","1","1","2"
"兵部郎中李处","1","1","2"
"部郎中李处选","1","1","2"
"信州叛贼鲍惠","1","1","2"
"州叛贼鲍惠日","1","1","2"
"叛贼鲍惠日等","1","1","2"
"贼鲍惠日等三","1","1","2"
"鲍惠日等三十","1","1","2"
"惠日等三十三","1","1","2"
"日等三十三人","1","1","2"
"罗甸宣慰使司","1","1","2"
"甸宣慰使司隶","1","1","2"
"两浙都转运使","1","1","2"
"浙都转运使司","1","1","2"
"浙东道提刑按","1","1","2"
"置高丽国儒学","1","1","2"
"高丽国儒学提","1","1","2"
"丽国儒学提举","1","1","2"
"国儒学提举司","1","1","2"
"济州泗汶漕运","1","1","2"
"州泗汶漕运使","1","1","2"
"泗汶漕运使司","1","1","2"
"斡端宣慰使元","1","1","2"
"端宣慰使元帅","1","1","2"
"宣慰使元帅府","1","1","2"
"皇子北安王等","1","1","2"
"主里合花山城","1","1","2"
"宣敕付尚书省","2","0","2"
"千二百六十户","1","1","2"
"江西宣慰使胡","1","1","2"
"西宣慰使胡颐","1","1","2"
"宣慰使胡颐孙","1","1","2"
"慰使胡颐孙援","1","1","2"
"胡颐孙遥授行","1","1","2"
"颐孙遥授行尚","1","1","2"
"孙遥授行尚书","1","1","2"
"遥授行尚书省","1","1","2"
"授行尚书省参","1","1","2"
"河南宣慰司请","1","1","2"
"宣慰使史弼请","1","1","2"
"千八百九十石","1","1","2"
"八百九十石赈","1","1","2"
"遣委马剌菩提","1","1","2"
"委马剌菩提班","1","1","2"
"陈机察等八千","1","1","2"
"机察等八千人","1","1","2"
"米五百八十七","1","1","2"
"五百八十七石","1","1","2"
"千六百五十六","1","1","2"
"六百五十六石","1","1","2"
"合丹秃鲁干通","1","1","2"
"兴路总管府判","1","1","2"
"总管府判官白","1","1","2"
"赵氏族人散居","1","1","2"
"户五百人九十","1","1","2"
"五百人九十日","1","1","2"
"回回司天台祭","1","1","2"
"军万户汪惟能","1","1","2"
"万三千六百石","1","1","2"
"七千四百七十","1","1","2"
"千四百七十石","1","1","2"
"银二十五万二","1","1","2"
"二十五万二千","1","1","2"
"十五万二千六","1","1","2"
"五万二千六百","1","1","2"
"万二千六百三","1","1","2"
"二千六百三十","1","1","2"
"千六百三十两","1","1","2"
"十二万二千八","1","1","2"
"万二千八百匹","1","1","2"
"罗甸宣慰安抚","1","1","2"
"甸宣慰安抚司","1","1","2"
"四万七千八百","1","1","2"
"万七千八百石","1","1","2"
"七千八百石赈","1","1","2"
"命太史令郭守","1","1","2"
"太史令郭守敬","1","1","2"
"税四千五百三","1","1","2"
"四千五百三十","1","1","2"
"千五百三十六","1","1","2"
"五百三十六锭","1","1","2"
"二千五百六十","1","1","2"
"千五百六十九","1","1","2"
"五百六十九锭","1","1","2"
"葛蛮军民安抚","1","1","2"
"蛮军民安抚使","1","1","2"
"军民安抚使宋","1","1","2"
"民安抚使宋子","1","1","2"
"安抚使宋子贤","1","1","2"
"八番都元帅刘","1","1","2"
"番都元帅刘德","1","1","2"
"都元帅刘德禄","1","1","2"
"江西行省伯颜","1","1","2"
"播州军民安抚","1","1","2"
"州军民安抚使","1","1","2"
"军民安抚使杨","1","1","2"
"民安抚使杨汉","1","1","2"
"安抚使杨汉英","1","1","2"
"南平等处沿边","1","1","2"
"平等处沿边宣","1","1","2"
"等处沿边宣慰","1","1","2"
"处沿边宣慰使","1","1","2"
"播州军民宣抚","1","1","2"
"州军民宣抚使","1","1","2"
"播州等处管军","1","1","2"
"州等处管军万","1","1","2"
"等处管军万户","1","1","2"
"金竹酋长骚驴","1","1","2"
"千三百二十六","1","1","2"
"三百二十六户","1","1","2"
"丽女直汉军万","2","0","2"
"女直汉军万户","2","0","2"
"直汉军万户府","2","0","2"
"邓州旧军万户","1","1","2"
"州旧军万户史","1","1","2"
"旧军万户史弼","1","1","2"
"建行省右丞高","1","1","2"
"行省右丞高兴","1","1","2"
"建行中书省平","1","1","2"
"合剌合孙答剌","1","1","2"
"千四百三十六","1","1","2"
"四百三十六户","1","1","2"
"六百三十七户","1","1","2"
"刘道元指陈桑","1","1","2"
"道元指陈桑哥","1","1","2"
"元指陈桑哥同","1","1","2"
"诸路释教都总","1","1","2"
"路释教都总统","1","1","2"
"释教都总统辇","1","1","2"
"教都总统辇真","1","1","2"
"都总统辇真术","1","1","2"
"总统辇真术纳","1","1","2"
"统辇真术纳思","1","1","2"
"土蕃等处宣慰","1","1","2"
"蕃等处宣慰使","1","1","2"
"三百四十七户","1","1","2"
"山东廉访司申","1","1","2"
"监察御史商琥","1","1","2"
"察御史商琥举","1","1","2"
"钞一十三万余","1","1","2"
"一十三万余锭","1","1","2"
"尚膳监事铁哥","1","1","2"
"罗甸宣慰使斡","1","1","2"
"甸宣慰使斡罗","1","1","2"
"慰使斡罗思等","1","1","2"
"八番顺元等处","1","1","2"
"番顺元等处宣","1","1","2"
"顺元等处宣慰","1","1","2"
"元等处宣慰使","1","1","2"
"长五十六人金","1","1","2"
"五十六人金纹","1","1","2"
"十六人金纹绫","1","1","2"
"六人金纹绫绢","1","1","2"
"免宝庆路邵阳","1","1","2"
"宝庆路邵阳县","1","1","2"
"万三千七百九","1","1","2"
"三千七百九十","1","1","2"
"千七百九十三","1","1","2"
"七百九十三斛","1","1","2"
"十一万六千二","1","1","2"
"田二万三千亩","1","1","2"
"复典瑞监三品","1","1","2"
"东平路河道提","1","1","2"
"平路河道提举","1","1","2"
"路河道提举司","1","1","2"
"免田租四千四","1","1","2"
"田租四千四百","1","1","2"
"租四千四百六","1","1","2"
"四千四百六十","1","1","2"
"千四百六十八","1","1","2"
"四百六十八石","1","1","2"
"田租十八万四","1","1","2"
"租十八万四千","1","1","2"
"十八万四千九","1","1","2"
"八万四千九百","1","1","2"
"万四千九百二","1","1","2"
"四千九百二十","1","1","2"
"千九百二十八","1","1","2"
"九百二十八石","1","1","2"
"宁路惠州连年","1","1","2"
"百二十五万七","1","1","2"
"二十五万七千","1","1","2"
"十五万七千八","1","1","2"
"五万七千八百","1","1","2"
"万七千八百八","1","1","2"
"七千八百八十","1","1","2"
"千八百八十三","1","1","2"
"八百八十三石","1","1","2"
"免田租七万七","1","1","2"
"田租七万七千","1","1","2"
"租七万七千九","1","1","2"
"七万七千九百","1","1","2"
"万七千九百八","1","1","2"
"七千九百八十","1","1","2"
"千九百八十八","1","1","2"
"九百八十八石","1","1","2"
"岳州华容县水","2","0","2"
"九百六十二石","1","1","2"
"左江总管黄坚","1","1","2"
"诏赐米十万石","1","1","2"
"镇安路军民总","1","1","2"
"安路军民总管","1","1","2"
"南西路安抚副","1","1","2"
"西路安抚副使","1","1","2"
"路安抚副使赛","1","1","2"
"安抚副使赛甫","1","1","2"
"抚副使赛甫丁","1","1","2"
"副使赛甫丁等","1","1","2"
"河北河南道廉","1","1","2"
"北河南道廉访","1","1","2"
"河南道廉访司","1","1","2"
"阿里三珠虎符","1","1","2"
"张存一珠虎符","1","1","2"
"徽州路录事司","1","1","2"
"黎兵百户邓志","1","1","2"
"兵百户邓志愿","1","1","2"
"百户邓志愿谋","1","1","2"
"宁夏府屯田成","1","1","2"
"夏府屯田成功","1","1","2"
"田租九千二百","1","1","2"
"福建等处行中","1","1","2"
"福建行省参政","1","1","2"
"建行省参政魏","1","1","2"
"行省参政魏天","1","1","2"
"燕南河北廉访","1","1","2"
"南河北廉访司","1","1","2"
"治书侍御史裴","1","1","2"
"书侍御史裴居","1","1","2"
"侍御史裴居安","1","1","2"
"谕安南国陈日","1","1","2"
"山东东西道廉","1","1","2"
"东东西道廉访","1","1","2"
"东西道廉访司","1","1","2"
"宣慰使乐实盗","1","1","2"
"买库银九百五","1","1","2"
"库银九百五十","1","1","2"
"银九百五十两","1","1","2"
"斡罗思招附光","1","1","2"
"罗思招附光兰","1","1","2"
"思招附光兰州","1","1","2"
"免田租二万四","1","1","2"
"田租二万四千","1","1","2"
"乌思藏宣慰司","1","1","2"
"七百三十六户","1","1","2"
"孙等三路宣慰","1","1","2"
"等三路宣慰使","1","1","2"
"三路宣慰使司","1","1","2"
"路宣慰使司都","1","1","2"
"宣慰使司都元","1","1","2"
"慰使司都元帅","1","1","2"
"福建廉访司知","1","1","2"
"建廉访司知事","1","1","2"
"廉访司知事张","1","1","2"
"访司知事张师","1","1","2"
"司知事张师道","1","1","2"
"师道翰林直学","1","1","2"
"道翰林直学士","1","1","2"
"运使纳速剌丁","1","1","2"
"酋长向思聪等","1","1","2"
"长向思聪等七","1","1","2"
"向思聪等七人","1","1","2"
"思聪等七人入","1","1","2"
"聪等七人入朝","1","1","2"
"信合纳帖音国","1","1","2"
"广东道宣慰司","1","1","2"
"二百九十七万","1","1","2"
"百九十七万八","1","1","2"
"九十七万八千","1","1","2"
"十七万八千三","1","1","2"
"七万八千三百","1","1","2"
"才一百八十九","1","1","2"
"一百八十九万","1","1","2"
"百八十九万三","1","1","2"
"八十九万三千","1","1","2"
"十九万三千九","1","1","2"
"九万三千九百","1","1","2"
"万三千九百九","1","1","2"
"三千九百九十","1","1","2"
"千九百九十三","1","1","2"
"九百九十三锭","1","1","2"
"三百六十三万","1","1","2"
"百六十三万八","1","1","2"
"六十三万八千","1","1","2"
"十三万八千五","1","1","2"
"三万八千五百","1","1","2"
"万八千五百四","1","1","2"
"八千五百四十","1","1","2"
"千五百四十三","1","1","2"
"五百四十三锭","1","1","2"
"二千一百二十","1","1","2"
"千一百二十五","1","1","2"
"一百二十五石","1","1","2"
"酋长杨秀朝等","1","1","2"
"长杨秀朝等六","1","1","2"
"杨秀朝等六人","1","1","2"
"秀朝等六人入","1","1","2"
"治保定府沙塘","1","1","2"
"保定府沙塘河","1","1","2"
"钞四十六万六","1","1","2"
"四十六万六千","1","1","2"
"十六万六千七","1","1","2"
"六万六千七百","1","1","2"
"口粮五千五百","1","1","2"
"粮五千五百二","1","1","2"
"五千五百二十","1","1","2"
"钞三十六万八","1","1","2"
"三十六万八千","1","1","2"
"十六万八千四","1","1","2"
"六万八千四百","1","1","2"
"万八千四百二","1","1","2"
"八千四百二十","1","1","2"
"千四百二十八","1","1","2"
"四百二十八锭","1","1","2"
"修佛事七十二","1","1","2"
"三十年春正月","2","0","2"
"二百五十五所","1","1","2"
"六百六十九员","1","1","2"
"二蛮酋遥授知","1","1","2"
"蛮酋遥授知州","1","1","2"
"运米六千四百","1","1","2"
"米六千四百二","1","1","2"
"千四百二十六","1","1","2"
"四百二十六石","1","1","2"
"八百五十二锭","1","1","2"
"酋长杨总国等","1","1","2"
"北行省平章伯","2","0","2"
"扬州忙兀台所","1","1","2"
"速剌丁灭里所","1","1","2"
"江西兴国路隶","1","1","2"
"岁星犯左执法","2","0","2"
"西道宣慰使昂","1","1","2"
"道宣慰使昂吉","1","1","2"
"子宣政院使暗","1","1","2"
"宣政院使暗普","1","1","2"
"淮行枢密院官","1","1","2"
"行枢密官明安","1","1","2"
"枢密官明安答","1","1","2"
"立云南行御史","1","1","2"
"平章政事李庭","1","1","2"
"章政事李庭率","1","1","2"
"行大司农燕公","1","1","2"
"大司农燕公楠","1","1","2"
"江南行大司农","1","1","2"
"南行大司农司","1","1","2"
"广东肃政廉访","1","1","2"
"东肃政廉访司","1","1","2"
"蛮人光龙等一","1","1","2"
"人光龙等一十","1","1","2"
"光龙等一十二","1","1","2"
"龙等一十二人","1","1","2"
"王文显等二十","1","1","2"
"文显等二十八","1","1","2"
"显等二十八人","1","1","2"
"马麟等一十六","1","1","2"
"麟等一十六人","1","1","2"
"秃卢忽等五十","1","1","2"
"卢忽等五十四","1","1","2"
"忽等五十四人","1","1","2"
"彭世强等九十","1","1","2"
"世强等九十人","1","1","2"
"荣等一十三人","1","1","2"
"答什王等四人","1","1","2"
"子江浙行省左","1","1","2"
"浙行省左丞暗","1","1","2"
"行省左丞暗普","1","1","2"
"九百九十九户","1","1","2"
"万五千二百余","1","1","2"
"五千二百余石","1","1","2"
"二千五百七十","1","1","2"
"千五百七十四","1","1","2"
"五百七十四石","1","1","2"
"百七十四石赈","1","1","2"
"营田提举司所","1","1","2"
"租四千七百七","1","1","2"
"千七百七十二","1","1","2"
"七百七十二石","1","1","2"
"立海北海南博","1","1","2"
"海北海南博易","1","1","2"
"北海南博易提","1","1","2"
"海南博易提举","1","1","2"
"南博易提举司","1","1","2"
"义仓米五千九","1","1","2"
"仓米五千九百","1","1","2"
"米五千九百余","1","1","2"
"五千九百余石","1","1","2"
"卫亲军千户张","1","1","2"
"亲军千户张邦","1","1","2"
"军千户张邦瑞","1","1","2"
"皇子西平王等","1","1","2"
"陶子奇等十七","1","1","2"
"子奇等十七人","1","1","2"
"奇等十七人冬","1","1","2"
"等十七人冬衣","1","1","2"
"遣兵部侍郎忽","1","1","2"
"兵部侍郎忽鲁","1","1","2"
"部侍郎忽鲁秃","1","1","2"
"侍郎忽鲁秃花","1","1","2"
"郎忽鲁秃花等","1","1","2"
"信合纳帖音三","1","1","2"
"合纳帖音三国","1","1","2"
"酋长三珠虎符","1","1","2"
"田租六千二百","1","1","2"
"租六千二百一","1","1","2"
"六千二百一十","1","1","2"
"千二百一十三","1","1","2"
"二百一十三石","1","1","2"
"立下路总管府","1","1","2"
"中书左丞马绍","1","1","2"
"詹事丞张九思","1","1","2"
"事丞张九思代","1","1","2"
"三百九十一顷","1","1","2"
"路一百六十九","1","1","2"
"州三百九十八","1","1","2"
"千一百六十五","1","1","2"
"长官司五十一","1","1","2"
"二千七百三十","1","1","2"
"千七百三十三","1","1","2"
"七百三十三处","1","1","2"
"万六千四百二","1","1","2"
"千四百二十五","1","1","2"
"千六百八十四","1","1","2"
"二千七百六十","1","1","2"
"钞四十三万四","1","1","2"
"四十三万四千","1","1","2"
"十三万四千五","1","1","2"
"三万四千五百","1","1","2"
"万四千五百锭","1","1","2"
"钞三万七千五","1","1","2"
"三万七千五百","1","1","2"
"千五百二十锭","1","1","2"
"三十一年春正","2","0","2"
"中书右丞相完","1","1","2"
"书右丞相完泽","1","1","2"
"遣司徒兀都带","1","1","2"
"平章政事忽木","2","0","2"
"摄太尉臣兀都","1","1","2"
"太尉臣兀都带","1","1","2"
"尉臣兀都带奉","1","1","2"
"尊谥曰圣德神","2","0","2"
"谥曰圣德神功","2","0","2"
"曰圣德神功文","2","0","2"
"先皇后弘吉剌","1","1","2"
"尊谥曰昭睿顺","2","0","2"
"谥曰昭睿顺圣","2","0","2"
"曰昭睿顺圣皇","2","0","2"
"钦明广孝皇帝","1","1","2"
"母曰徽仁裕圣","2","0","2"
"曰徽仁裕圣皇","2","0","2"
"史中丞崔彧玉","2","0","2"
"中丞崔彧玉玺","2","0","2"
"临御三十五年","2","0","2"
"遣摄太尉兀都","2","0","2"
"摄太尉兀都带","2","0","2"
"太尉兀都带等","1","1","2"
"礼部侍郎李衎","2","0","2"
"万六千五百两","1","1","2"
"阔里吉思一万","1","1","2"
"里吉思一万五","1","1","2"
"吉思一万五千","1","1","2"
"思一万五千四","1","1","2"
"一万五千四百","1","1","2"
"万五千四百五","1","1","2"
"五千四百五十","1","1","2"
"湖广行省所属","1","1","2"
"行皇帝尊谥曰","2","0","2"
"四川散毛洞主","1","1","2"
"川散毛洞主覃","1","1","2"
"散毛洞主覃顺","1","1","2"
"毛洞主覃顺等","1","1","2"
"八番宣慰使斡","1","1","2"
"番宣慰使斡罗","1","1","2"
"慰使斡罗思犯","1","1","2"
"使斡罗思犯法","1","1","2"
"福建盐提举司","1","1","2"
"钞十一万五千","1","1","2"
"十一万五千锭","1","1","2"
"肃政廉访司案","2","0","2"
"政廉访司案牍","2","0","2"
"令总管府检劾","2","0","2"
"金五百五十两","1","1","2"
"云南金齿路进","1","1","2"
"立晋王内史府","1","1","2"
"定西平王奥鲁","1","1","2"
"提刑按察使弘","1","1","2"
"刑按察使弘吉","1","1","2"
"按察使弘吉烈","1","1","2"
"察使弘吉烈带","1","1","2"
"使弘吉烈带阿","1","1","2"
"弘吉烈带阿鲁","1","1","2"
"吉烈带阿鲁灰","1","1","2"
"烈带阿鲁灰受","1","1","2"
"河西陇北道肃","1","1","2"
"西陇北道肃政","1","1","2"
"陇北道肃政廉","1","1","2"
"封驸马阔里吉","1","1","2"
"诏翰林国史院","1","1","2"
"完泽监修国史","1","1","2"
"马一千一百九","1","1","2"
"一千一百九十","1","1","2"
"千一百九十余","1","1","2"
"一百九十余匹","1","1","2"
"丞相完泽约束","1","1","2"
"合剌思八斡节","1","1","2"
"柔伯牙伯剌麻","1","1","2"
"卫都指挥使司","1","1","2"
"隆福宫左都威","1","1","2"
"福宫左都威卫","1","1","2"
"宫左都威卫使","1","1","2"
"左都威卫使司","1","1","2"
"右都威卫使司","1","1","2"
"陕西道廉访司","1","1","2"
"西道廉访司没","1","1","2"
"廉访司没入赃","2","0","2"
"访司没入赃罚","2","0","2"
"管军官吏赎罪","1","1","2"
"钞三万六千六","1","1","2"
"三万六千六百","1","1","2"
"万六千六百锭","1","1","2"
"平滦路迁安等","1","1","2"
"滦路迁安等县","1","1","2"
"立新河运粮千","1","1","2"
"新河运粮千户","1","1","2"
"河运粮千户所","1","1","2"
"九十三万六千","1","1","2"
"十三万六千九","1","1","2"
"三万六千九百","1","1","2"
"万六千九百五","1","1","2"
"六千九百五十","1","1","2"
"千九百五十两","1","1","2"
"十九万二千四","1","1","2"
"九万二千四百","1","1","2"
"万二千四百五","1","1","2"
"二千四百五十","1","1","2"
"党七百余人隶","1","1","2"
"辽阳行省所属","1","1","2"
"立军民总管府","1","1","2"
"十六万二千余","1","1","2"
"六万二千余锭","1","1","2"
"贵赤屯田总管","1","1","2"
"赤屯田总管府","1","1","2"
"南道宣慰使何","1","1","2"
"海北海南市舶","1","1","2"
"北海南市舶提","1","1","2"
"海南市舶提举","1","1","2"
"南市舶提举司","1","1","2"
"万九千九百锭","1","1","2"
"宁远王六万锭","1","1","2"
"行中书省长官","1","1","2"
"中书省长官虎","1","1","2"
"书省长官虎符","1","1","2"
"立北庭都元帅","1","1","2"
"北庭都元帅府","1","1","2"
"平章政事合伯","1","1","2"
"浙行省右丞撒","1","1","2"
"行省右丞撒里","1","1","2"
"省右丞撒里蛮","1","1","2"
"立曲先塔林都","1","1","2"
"曲先塔林都元","1","1","2"
"先塔林都元帅","1","1","2"
"塔林都元帅府","1","1","2"
"追封皇国舅按","1","1","2"
"封皇姑囊家真","1","1","2"
"皇姑囊家真公","1","1","2"
"姑囊家真公主","1","1","2"
"饬诸道盐运司","1","1","2"
"承旨留梦炎告","1","1","2"
"旨留梦炎告老","1","1","2"
"添入江西榷茶","1","1","2"
"入江西榷茶都","1","1","2"
"宁王蛮子台所","1","1","2"
"王蛮子台所部","1","1","2"
"蛮子台所部弘","1","1","2"
"子台所部弘吉","1","1","2"
"台所部弘吉烈","1","1","2"
"所部弘吉烈人","1","1","2"
"部弘吉烈人贫","1","1","2"
"钞一十八万锭","1","1","2"
"怜真部马牛驿","1","1","2"
"真人张志仙等","1","1","2"
"人张志仙等十","1","1","2"
"张志仙等十三","1","1","2"
"志仙等十三人","1","1","2"
"仙等十三人玉","1","1","2"
"等十三人玉圭","1","1","2"
"南世子陈日燇","2","0","2"
"世子陈日燇遣","2","0","2"
"日燇遣使上表","2","0","2"
"燇遣使上表慰","2","0","2"
"遣使上表慰国","2","0","2"
"使上表慰国哀","2","0","2"
"福建银场提举","1","1","2"
"建银场提举司","1","1","2"
"钞三百五十锭","1","1","2"
"钞一万二千九","1","1","2"
"万二千九百余","1","1","2"
"二千九百余锭","1","1","2"
"钞四万一千五","1","1","2"
"四万一千五百","1","1","2"
"万一千五百余","1","1","2"
"一千五百余锭","1","1","2"
"贵赤万户忽秃","1","1","2"
"前工部尚书涅","1","1","2"
"肃政廉访使宋","1","1","2"
"政廉访使宋德","1","1","2"
"廉访使宋德柔","1","1","2"
"立梭厘招讨使","1","1","2"
"梭厘招讨使司","1","1","2"
"捕鹰房总管府","1","1","2"
"万二千五百余","1","1","2"
"二千五百余锭","1","1","2"
"山东都转运使","1","1","2"
"东都转运使司","1","1","2"
"遣爱牙赤核实","1","1","2"
"爱牙赤核实高","1","1","2"
"牙赤核实高丽","1","1","2"
"赤核实高丽国","1","1","2"
"上下三百余里","1","1","2"
"儒学提举司一","1","1","2"
"元贞元年五月","1","1","2"
"历城县大清河","1","1","2"
"江西行省所辖","1","1","2"
"左右两江宣慰","1","1","2"
"右两江宣慰司","1","1","2"
"两江宣慰司都","1","1","2"
"江宣慰司都元","1","1","2"
"两江道宣慰司","1","1","2"
"江道宣慰司都","1","1","2"
"道宣慰司都元","1","1","2"
"立蒙古军都元","1","1","2"
"古军都元帅府","1","1","2"
"河西陇北道廉","1","1","2"
"西陇北道廉访","1","1","2"
"陇北道廉访司","1","1","2"
"驸马济宁王蛮","1","1","2"
"马济宁王蛮子","1","1","2"
"宁王蛮子台私","1","1","2"
"立西域卫亲军","1","1","2"
"西域卫亲军都","1","1","2"
"域卫亲军都指","1","1","2"
"御匠五百余户","1","1","2"
"普颜怯里迷失","1","1","2"
"颜怯里迷失公","1","1","2"
"怯里迷失公主","1","1","2"
"里迷失公主等","1","1","2"
"四十九万余锭","1","1","2"
"南行御史台守","1","1","2"
"行御史台守护","1","1","2"
"御史台守护军","1","1","2"
"立肇州屯田万","1","1","2"
"肇州屯田万户","1","1","2"
"州屯田万户府","1","1","2"
"阳行省左丞阿","1","1","2"
"行省左丞阿散","1","1","2"
"钞二万四千锭","1","1","2"
"刘国杰玉带锦","1","1","2"
"国杰玉带锦衣","1","1","2"
"宁夏路行中书","1","1","2"
"夏路行中书省","1","1","2"
"廉访司佥事张","1","1","2"
"访司佥事张孝","1","1","2"
"司佥事张孝思","1","1","2"
"佥事张孝思多","1","1","2"
"事张孝思多取","1","1","2"
"监察御史杨仁","1","1","2"
"河南巡逻私盐","1","1","2"
"章军国重事答","1","1","2"
"军国重事答失","1","1","2"
"国重事答失蛮","1","1","2"
"万九千三百余","1","1","2"
"九千三百余锭","1","1","2"
"四万八千五百","1","1","2"
"万八千五百余","1","1","2"
"八千五百余锭","1","1","2"
"钞二万九千余","1","1","2"
"二万九千余锭","1","1","2"
"安南朝贡使陈","1","1","2"
"南朝贡使陈利","1","1","2"
"置江浙行省检","1","1","2"
"江浙行省检校","1","1","2"
"浙行省检校官","1","1","2"
"行省检校官二","1","1","2"
"立江浙金银洞","1","1","2"
"江浙金银洞冶","1","1","2"
"浙金银洞冶转","1","1","2"
"金银洞冶转运","1","1","2"
"银洞冶转运使","1","1","2"
"洞冶转运使司","1","1","2"
"弟脱杭忽先等","1","1","2"
"阿鲁酋长虎符","1","1","2"
"十五万八千二","1","1","2"
"五万八千二百","1","1","2"
"遣集贤院使阿","1","1","2"
"集贤院使阿里","1","1","2"
"贤院使阿里浑","1","1","2"
"院使阿里浑撒","1","1","2"
"使阿里浑撒里","1","1","2"
"阿里浑撒里等","1","1","2"
"英宗睿圣文孝","1","1","2"
"宗睿圣文孝皇","1","1","2"
"监察御史段辅","1","1","2"
"太子詹事郭贯","1","1","2"
"子詹事郭贯等","1","1","2"
"帝谓中书省臣","2","0","2"
"谓中书省臣曰","2","0","2"
"太子太师铁木","1","1","2"
"子太师铁木迭","1","1","2"
"议中书省事乞","1","1","2"
"中书省事乞失","1","1","2"
"书省事乞失监","1","1","2"
"白云宗总摄沈","1","1","2"
"云宗总摄沈明","1","1","2"
"宗总摄沈明仁","1","1","2"
"上都乾元寺规","1","1","2"
"都乾元寺规运","1","1","2"
"乾元寺规运总","1","1","2"
"元寺规运总管","1","1","2"
"寺规运总管府","1","1","2"
"召陕西行台御","1","1","2"
"台御史大夫答","1","1","2"
"御史大夫答失","1","1","2"
"史大夫答失铁","1","1","2"
"大夫答失铁木","1","1","2"
"定京城环卫更","1","1","2"
"京城环卫更番","1","1","2"
"城环卫更番法","1","1","2"
"夺前中书平章","1","1","2"
"章政事李孟所","1","1","2"
"政事李孟所受","1","1","2"
"事李孟所受秦","1","1","2"
"李孟所受秦国","1","1","2"
"孟所受秦国公","1","1","2"
"所受秦国公制","1","1","2"
"受秦国公制命","1","1","2"
"辇真吃剌思等","1","1","2"
"洪惟太祖皇帝","2","0","2"
"世祖皇帝神机","1","1","2"
"群臣超授散官","1","1","2"
"臣超授散官者","1","1","2"
"宁夏路军民饥","1","1","2"
"作佛事宝慈殿","2","0","2"
"上都留守司留","1","1","2"
"都留守司留守","1","1","2"
"降太常礼仪院","1","1","2"
"民匠都总管府","1","1","2"
"匠都总管府隶","1","1","2"
"湖广行省丞相","1","1","2"
"广行省丞相朵","1","1","2"
"辽阳行省丞相","1","1","2"
"东行省丞相高","1","1","2"
"行省丞相高丽","1","1","2"
"绍庆路洞蛮寇","1","1","2"
"章政事王毅等","1","1","2"
"济南等处蒙古","1","1","2"
"南等处蒙古军","1","1","2"
"等处蒙古军饥","1","1","2"
"净州等处流民","1","1","2"
"贺伯颜坐便服","1","1","2"
"伯颜坐便服迎","1","1","2"
"颜坐便服迎诏","1","1","2"
"沅陵县浦口千","1","1","2"
"陵县浦口千户","1","1","2"
"县浦口千户所","1","1","2"
"中书省臣请禁","2","0","2"
"海牙中书平章","2","0","2"
"牙中书平章政","2","0","2"
"参知政事钦察","1","1","2"
"死者三千余人","2","0","2"
"大行皇帝谥南","2","0","2"
"行皇帝谥南郊","2","0","2"
"平章政事阿散","1","1","2"
"书平章政事黑","1","1","2"
"平章政事黑驴","1","1","2"
"御史大夫脱忒","1","1","2"
"史大夫脱忒哈","1","1","2"
"徽政使失列门","1","1","2"
"政使失列门等","1","1","2"
"密院事铁木脱","2","0","2"
"子江浙行省平","1","1","2"
"平章政事买驴","1","1","2"
"徽政院使米薛","1","1","2"
"政院使米薛迷","1","1","2"
"前太子詹事床","1","1","2"
"太子詹事床兀","1","1","2"
"昌王阿失部饥","1","1","2"
"脱忒哈广平王","1","1","2"
"行省左丞相脱","1","1","2"
"省左丞相脱脱","1","1","2"
"诸王阿木里台","1","1","2"
"王阿木里台宴","1","1","2"
"阿木里台宴服","1","1","2"
"诸王伯要台等","1","1","2"
"王伯要台等十","1","1","2"
"伯要台等十人","1","1","2"
"人钞二万五千","2","0","2"
"百一十二万贯","1","1","2"
"红城中都威卫","1","1","2"
"命玄教宗师张","1","1","2"
"玄教宗师张留","1","1","2"
"钞二十五万贯","1","1","2"
"诸王告住等部","1","1","2"
"王告住等部火","1","1","2"
"狗站脱脱禾孙","1","1","2"
"散辽阳红花万","1","1","2"
"辽阳红花万户","1","1","2"
"阳红花万户府","1","1","2"
"红花万户府兵","1","1","2"
"肃行省平章钦","1","1","2"
"行省平章钦察","1","1","2"
"省平章钦察台","1","1","2"
"钞三十万贯赈","1","1","2"
"赐公主紥牙八","2","0","2"
"公主紥牙八剌","2","0","2"
"曲靖路人匠提","1","1","2"
"靖路人匠提举","1","1","2"
"路人匠提举司","1","1","2"
"兴圣宫牧驼户","1","1","2"
"圣宫牧驼户贫","1","1","2"
"宫牧驼户贫乏","1","1","2"
"仁宗圣文钦孝","1","1","2"
"宗圣文钦孝皇","1","1","2"
"圣文钦孝皇帝","1","1","2"
"脱思马部宣慰","1","1","2"
"赈粜京师贫民","2","0","2"
"议玉华宫岁享","1","1","2"
"玉华宫岁享睿","1","1","2"
"华宫岁享睿宗","1","1","2"
"宫岁享睿宗登","1","1","2"
"岁享睿宗登歌","1","1","2"
"享睿宗登歌大","1","1","2"
"睿宗登歌大乐","1","1","2"
"常澧州洞蛮贞","1","1","2"
"澧州洞蛮贞公","1","1","2"
"云南木邦路土","1","1","2"
"南木邦路土官","1","1","2"
"木邦路土官绐","1","1","2"
"邦路土官绐邦","1","1","2"
"酉阳耸侬洞蛮","1","1","2"
"阳耸侬洞蛮田","1","1","2"
"耸侬洞蛮田谋","1","1","2"
"侬洞蛮田谋远","1","1","2"
"劳探马赤宿卫","1","1","2"
"酉阳土官冉世","1","1","2"
"阳土官冉世昌","1","1","2"
"小石堤洞蛮入","1","1","2"
"定恭谢太庙仪","1","1","2"
"恭谢太庙仪式","1","1","2"
"银七十八万两","1","1","2"
"百二十一万一","1","1","2"
"二十一万一千","1","1","2"
"十一万一千贯","1","1","2"
"币五万七千三","1","1","2"
"五万七千三百","1","1","2"
"万七千三百六","1","1","2"
"七千三百六十","1","1","2"
"千三百六十四","1","1","2"
"三百六十四匹","1","1","2"
"帛四万九千三","1","1","2"
"四万九千三百","1","1","2"
"千三百二十二","1","1","2"
"三百二十二匹","1","1","2"
"木绵九万二千","1","1","2"
"绵九万二千六","1","1","2"
"万二千六百七","1","1","2"
"六百七十二匹","1","1","2"
"布二万三千三","1","1","2"
"万三千三百九","1","1","2"
"三千三百九十","1","1","2"
"千三百九十八","1","1","2"
"三百九十八匹","1","1","2"
"永平路滦邑县","1","1","2"
"括顺阳王兀都","1","1","2"
"顺阳王兀都思","1","1","2"
"亲祀太庙礼成","2","0","2"
"敕翰林国史院","2","0","2"
"翰林国史院纂","1","1","2"
"林国史院纂修","1","1","2"
"帝师八思巴殿","1","1","2"
"命官家属流落","1","1","2"
"官家属流落边","1","1","2"
"家属流落边远","1","1","2"
"太皇太后尊号","1","1","2"
"德泰宁福庆徽","1","1","2"
"泰宁福庆徽文","1","1","2"
"宁福庆徽文崇","1","1","2"
"翰林学士忽都","1","1","2"
"林学士忽都鲁","1","1","2"
"士忽都鲁都迷","2","0","2"
"太皇太后加号","2","0","2"
"皇太后加号礼","2","0","2"
"太后加号礼成","2","0","2"
"西僧辇真哈剌","1","1","2"
"僧辇真哈剌思","1","1","2"
"翙星回回司天","2","0","2"
"典瑞院使阔彻","1","1","2"
"瑞院使阔彻伯","1","1","2"
"院使阔彻伯知","1","1","2"
"使阔彻伯知枢","1","1","2"
"明年二月八日","1","1","2"
"年二月八日迎","1","1","2"
"二月八日迎佛","1","1","2"
"奉元路军需库","1","1","2"
"万二千三百人","1","1","2"
"二千三百人耗","1","1","2"
"法驾二千五百","1","1","2"
"驾二千五百人","1","1","2"
"章政事伯颜察","1","1","2"
"省平章政事白","1","1","2"
"章政事白撒都","1","1","2"
"七千六百三十","1","1","2"
"秦州成纪县暴","1","1","2"
"州成纪县暴雨","1","1","2"
"治元年春正月","1","1","2"
"州都漕运司同","1","1","2"
"都漕运司同知","1","1","2"
"议中书省事张","1","1","2"
"中书省事张养","1","1","2"
"书省事张养浩","1","1","2"
"省事张养浩上","1","1","2"
"事张养浩上书","1","1","2"
"诸王斡罗思部","1","1","2"
"王斡罗思部饥","1","1","2"
"蕲州蕲水县饥","1","1","2"
"造寿安山佛寺","1","1","2"
"请授副使吴元","1","1","2"
"木怜道三十一","1","1","2"
"帝师八思巴寺","1","1","2"
"受缅国使者朝","1","1","2"
"缅国使者朝贡","1","1","2"
"廷试进士泰普","1","1","2"
"试进士泰普化","1","1","2"
"宋本等六十四","1","1","2"
"本等六十四人","1","1","2"
"西番撒思加地","1","1","2"
"银二千二百两","1","1","2"
"喃答失王府银","1","1","2"
"答失王府银印","1","1","2"
"米四万八千石","1","1","2"
"命宦者孛罗台","1","1","2"
"迁亲王图帖穆","1","1","2"
"诸王哈宾铁木","1","1","2"
"太常礼仪院进","1","1","2"
"参知政事敬俨","1","1","2"
"西行御史台中","1","1","2"
"龙虎山张嗣成","1","1","2"
"万三千三百户","1","1","2"
"卫辉路胙城县","1","1","2"
"辉路胙城县蝗","1","1","2"
"淮安路属县水","1","1","2"
"通州潞县榆棣","1","1","2"
"遣枢密院判官","1","1","2"
"枢密院判官章","1","1","2"
"密院判官章台","1","1","2"
"淮西蒙城等县","1","1","2"
"西蒙城等县饥","1","1","2"
"憨哈纳思等部","1","1","2"
"哈纳思等部贫","1","1","2"
"纳思等部贫乏","1","1","2"
"书平章政事铁","1","1","2"
"铁木脱上都留","2","0","2"
"木脱上都留守","2","0","2"
"事塔失海牙坐","1","1","2"
"塔失海牙坐受","1","1","2"
"荧惑犯太微垣","2","0","2"
"置赵王马札罕","1","1","2"
"王马札罕部钱","1","1","2"
"马札罕部钱粮","1","1","2"
"札罕部钱粮总","1","1","2"
"罕部钱粮总管","1","1","2"
"部钱粮总管府","1","1","2"
"侍仪司通事舍","1","1","2"
"仪司通事舍人","1","1","2"
"司通事舍人六","1","1","2"
"继天体道敬文","1","1","2"
"天体道敬文仁","1","1","2"
"体道敬文仁武","1","1","2"
"道敬文仁武大","1","1","2"
"敬文仁武大昭","1","1","2"
"文仁武大昭孝","1","1","2"
"仁武大昭孝皇","1","1","2"
"武大昭孝皇帝","1","1","2"
"命御史大夫铁","1","1","2"
"营田提举司征","1","1","2"
"置田粮提举司","1","1","2"
"帝师公哥罗古","1","1","2"
"师公哥罗古罗","1","1","2"
"公哥罗古罗思","1","1","2"
"哥罗古罗思监","1","1","2"
"罗古罗思监藏","1","1","2"
"古罗思监藏班","1","1","2"
"罗思监藏班藏","1","1","2"
"思监藏班藏卜","1","1","2"
"千三百五十两","1","1","2"
"诸王怯伯使者","1","1","2"
"统太祖四大斡","2","0","2"
"四大斡耳朵军","2","0","2"
"大斡耳朵军马","2","0","2"
"王府内史倒剌","1","1","2"
"府内史倒剌沙","1","1","2"
"知枢密院事淇","1","1","2"
"枢密院事淇阳","1","1","2"
"密院事淇阳王","1","1","2"
"木中书右丞相","2","0","2"
"内史倒剌沙中","2","0","2"
"史倒剌沙中书","2","0","2"
"倒剌沙中书平","2","0","2"
"剌沙中书平章","2","0","2"
"迷失知枢密院","1","1","2"
"章台同知枢密","1","1","2"
"沙知枢密院事","1","1","2"
"召诸王官属流","1","1","2"
"诸王官属流徙","1","1","2"
"王官属流徙远","1","1","2"
"官属流徙远地","1","1","2"
"籍者二十四人","1","1","2"
"蒙古大千户部","1","1","2"
"都护高昌王铁","1","1","2"
"护高昌王铁木","1","1","2"
"诏百司遵守世","1","1","2"
"百司遵守世祖","1","1","2"
"司遵守世祖成","1","1","2"
"省平章政事兀","1","1","2"
"西平王二部卫","1","1","2"
"平王二部卫士","1","1","2"
"王二部卫士饥","1","1","2"
"坐党铁失免官","2","0","2"
"御史中丞速速","1","1","2"
"广州路新会县","1","1","2"
"广东副元帅乌","1","1","2"
"东副元帅乌马","1","1","2"
"开南州大阿哀","1","1","2"
"寇哀卜白盐井","1","1","2"
"袁州路宜春县","1","1","2"
"镇江路丹徒县","1","1","2"
"江路丹徒县饥","1","1","2"
"米四万九千石","1","1","2"
"沅州黔阳县饥","1","1","2"
"御史台经历朵","1","1","2"
"银三万三千锭","1","1","2"
"懿慈圣皇后金","1","1","2"
"德庆路泷水县","1","1","2"
"命道士吴全节","1","1","2"
"道士吴全节修","1","1","2"
"吴全节修醮事","2","0","2"
"监察御史脱脱","1","1","2"
"守边诸王彻彻","1","1","2"
"边诸王彻彻秃","1","1","2"
"驸马哈伯等岁","1","1","2"
"马哈伯等岁赐","1","1","2"
"哈伯等岁赐金","1","1","2"
"安路总管岑世","1","1","2"
"路总管岑世兴","1","1","2"
"王买奴逃赴潜","1","1","2"
"买奴逃赴潜邸","1","1","2"
"知枢密院事马","1","1","2"
"宣政院使锁秃","1","1","2"
"加授光禄大夫","1","1","2"
"辽阳答阳失蛮","1","1","2"
"济宁五路属县","1","1","2"
"忠翊侍卫屯田","1","1","2"
"翊侍卫屯田所","1","1","2"
"侍卫屯田所营","1","1","2"
"卫屯田所营田","1","1","2"
"泰定元年春正","1","1","2"
"定元年春正月","1","1","2"
"宗仁卫亲军都","1","1","2"
"仁卫亲军都指","1","1","2"
"称海屯田万户","1","1","2"
"海屯田万户府","1","1","2"
"北行中书省参","1","1","2"
"近侍忽都帖木","1","1","2"
"八番生蛮韦光","1","1","2"
"番生蛮韦光正","1","1","2"
"布二千五百匹","1","1","2"
"赐故监察御史","2","0","2"
"锁咬哈迷失妻","2","0","2"
"飒间卜里喃家","1","1","2"
"监察御史傅岩","1","1","2"
"浙行省左丞赵","1","1","2"
"行省左丞赵简","1","1","2"
"诸王大臣子孙","1","1","2"
"命平章政事张","1","1","2"
"林学士承旨忽","1","1","2"
"学士承旨忽都","1","1","2"
"士承旨忽都鲁","1","1","2"
"承旨忽都鲁都","1","1","2"
"集贤直学士邓","1","1","2"
"贤直学士邓文","1","1","2"
"直学士邓文原","1","1","2"
"御史李嘉宾劾","1","1","2"
"指挥使脱帖木","1","1","2"
"宣徽使秃满迭","1","1","2"
"太尉丑驴答剌","1","1","2"
"尉丑驴答剌罕","1","1","2"
"王彻彻秃永福","1","1","2"
"彻彻秃永福县","1","1","2"
"张益等八十四","1","1","2"
"益等八十四人","1","1","2"
"书平章政事马","2","0","2"
"平章政事马台","2","0","2"
"间卜嗣封晋王","1","1","2"
"钞四万七千锭","1","1","2"
"献元圣皇后御","1","1","2"
"元圣皇后御容","1","1","2"
"圣皇后御容殿","1","1","2"
"命昌王八剌失","1","1","2"
"王八剌失里牛","1","1","2"
"八剌失里牛马","1","1","2"
"遣诸王捏古伯","1","1","2"
"诸王捏古伯等","1","1","2"
"太子詹事秃满","1","1","2"
"子詹事秃满迭","1","1","2"
"手诏戒饬百官","1","1","2"
"江陵路属县饥","1","1","2"
"监察御史董鹏","1","1","2"
"察御史董鹏南","1","1","2"
"宣徽院使帖木","1","1","2"
"宣徽使詹事丞","1","1","2"
"徽使詹事丞回","1","1","2"
"使詹事丞回回","1","1","2"
"大都诸路属县","1","1","2"
"都诸路属县水","1","1","2"
"蒙化州高兰神","1","1","2"
"化州高兰神场","1","1","2"
"州高兰神场寨","1","1","2"
"高兰神场寨主","1","1","2"
"兰神场寨主照","1","1","2"
"神场寨主照明","1","1","2"
"场寨主照明罗","1","1","2"
"寨主照明罗九","1","1","2"
"主照明罗九等","1","1","2"
"取女子三十人","1","1","2"
"广西左右两江","1","1","2"
"西左右两江黄","1","1","2"
"左右两江黄胜","1","1","2"
"右两江黄胜许","1","1","2"
"置海剌秃屯田","1","1","2"
"海剌秃屯田总","1","1","2"
"剌秃屯田总管","1","1","2"
"秃屯田总管府","1","1","2"
"河渠营田等处","1","1","2"
"东平等二十一","1","1","2"
"思州平茶杨大","1","1","2"
"州平茶杨大车","1","1","2"
"酉阳州冉世昌","1","1","2"
"诸王薛彻秃袭","1","1","2"
"钞二十九万锭","1","1","2"
"翙星上都司天","2","0","2"
"星上都司天监","2","0","2"
"奉元路朝邑县","1","1","2"
"大名路开州濮","1","1","2"
"名路开州濮阳","1","1","2"
"路开州濮阳县","1","1","2"
"大都路固安州","1","1","2"
"都路固安州清","1","1","2"
"路固安州清河","1","1","2"
"顺德路任县沙","1","1","2"
"潘父绢等率众","1","1","2"
"学士承旨斡赤","1","1","2"
"睿宗御容普庆","2","0","2"
"宗御容普庆寺","2","0","2"
"诸王哈伯等部","1","1","2"
"王哈伯等部饥","1","1","2"
"结鲁思伴卜总","1","1","2"
"鲁思伴卜总统","1","1","2"
"思伴卜总统所","1","1","2"
"置临洮总管府","1","1","2"
"葺太祖神御殿","1","1","2"
"献元圣皇后忌","1","1","2"
"元圣皇后忌日","1","1","2"
"圣皇后忌日修","1","1","2"
"皇后忌日修佛","1","1","2"
"后忌日修佛事","1","1","2"
"恤武卫军一年","1","1","2"
"奉元路长安县","1","1","2"
"秦州成纪县赵","1","1","2"
"州成纪县赵氏","1","1","2"
"成纪县赵氏妇","1","1","2"
"监察御史王士","1","1","2"
"察御史王士元","1","1","2"
"立寿福总管府","1","1","2"
"天源延圣寺总","1","1","2"
"源延圣寺总管","1","1","2"
"延圣寺总管府","1","1","2"
"缅国王子吾者","1","1","2"
"昌路江夏县饥","1","1","2"
"河南廉访使买","1","1","2"
"南廉访使买奴","1","1","2"
"术温台知枢密","1","1","2"
"温台知枢密院","1","1","2"
"林国史院修纂","1","1","2"
"温州路乐清县","1","1","2"
"州路乐清县盐","1","1","2"
"路乐清县盐场","1","1","2"
"乐清县盐场水","1","1","2"
"六万四千三百","1","1","2"
"乞剌失思八班","1","1","2"
"剌失思八班藏","1","1","2"
"失思八班藏卜","1","1","2"
"土蕃等路宣慰","1","1","2"
"蕃等路宣慰使","1","1","2"
"等路宣慰使都","1","1","2"
"朵思麻等管军","1","1","2"
"人民共享安乐","1","1","2"
"松江都水庸田","1","1","2"
"江都水庸田使","1","1","2"
"浙西道廉访司","1","1","2"
"山南廉访使帖","1","1","2"
"南廉访使帖木","1","1","2"
"廉访使帖木哥","1","1","2"
"诸王忽塔梯迷","1","1","2"
"王忽塔梯迷失","1","1","2"
"忽塔梯迷失等","1","1","2"
"巩昌总帅府调","1","1","2"
"万一千六百五","1","1","2"
"千六百五十户","1","1","2"
"瑞州蒙山银场","1","1","2"
"天下名山宫观","1","1","2"
"土官三百六十","1","1","2"
"官三百六十人","1","1","2"
"三百六十人请","1","1","2"
"娘等四十六人","1","1","2"
"等四十六人入","1","1","2"
"三十九代天师","1","1","2"
"十九代天师张","1","1","2"
"九代天师张嗣","1","1","2"
"代天师张嗣成","1","1","2"
"中书右丞善僧","1","1","2"
"参知政事泼皮","1","1","2"
"甘州蒙古驿户","1","1","2"
"州蒙古驿户饥","1","1","2"
"万八千五百人","1","1","2"
"赐诸王帖木花","2","0","2"
"言城西尧冢上","1","1","2"
"皇姊大长公主","1","1","2"
"奉元路白水县","1","1","2"
"巩昌路伏羌县","1","1","2"
"陷朵剌等十四","1","1","2"
"朵剌等十四寨","1","1","2"
"周王世〈王束","2","0","2"
"王世〈王束〉","2","0","2"
"都水庸田司兴","1","1","2"
"汴梁路十五县","1","1","2"
"米三十二万五","1","1","2"
"三十二万五千","1","1","2"
"改封嘉王晃火","1","1","2"
"书参知政事左","1","1","2"
"参知政事左塔","1","1","2"
"先帖木知枢密","2","0","2"
"庆远安抚司蛮","1","1","2"
"立都水庸田使","1","1","2"
"命云南行省督","1","1","2"
"镇西武靖王部","1","1","2"
"谋粘路土官赛","1","1","2"
"粘路土官赛丘","1","1","2"
"路土官赛丘罗","1","1","2"
"木邦路土官八","1","1","2"
"邦路土官八庙","1","1","2"
"诏播州宣抚使","1","1","2"
"播州宣抚使杨","1","1","2"
"置车里军民总","1","1","2"
"车里军民总管","1","1","2"
"里军民总管府","1","1","2"
"兵部尚书李大","1","1","2"
"部尚书李大成","1","1","2"
"中书舍人买驴","1","1","2"
"王斡耳朵罕监","1","1","2"
"命江西行省督","1","1","2"
"思州洞蛮杨银","1","1","2"
"州洞蛮杨银千","1","1","2"
"洞蛮杨银千等","1","1","2"
"立河南行都水","1","1","2"
"河南行都水监","1","1","2"
"巩昌府静宁县","1","1","2"
"延安路安塞县","1","1","2"
"米一万三千石","1","1","2"
"礼部员外郎元","1","1","2"
"部员外郎元永","1","1","2"
"员外郎元永贞","1","1","2"
"宁远知州添插","1","1","2"
"安南国土官押","1","1","2"
"幸大承华普庆","1","1","2"
"大承华普庆寺","1","1","2"
"祀昭献元圣皇","1","1","2"
"班光金等合兵","1","1","2"
"光金等合兵攻","1","1","2"
"星退犯井宿钺","1","1","2"
"退犯井宿钺星","1","1","2"
"广西道宣慰使","1","1","2"
"省左丞乞住捕","1","1","2"
"复中书左丞相","2","0","2"
"蒙山银冶提举","1","1","2"
"山银冶提举司","1","1","2"
"命斡耳朵罕等","1","1","2"
"镇南王脱花薨","2","0","2"
"遣中书平章政","1","1","2"
"加纽泽知枢密","1","1","2"
"纽泽知枢密院","1","1","2"
"泽知枢密院事","1","1","2"
"王斡耳朵罕征","1","1","2"
"元江路土官普","1","1","2"
"江路土官普山","1","1","2"
"中政使普颜笃","1","1","2"
"指挥使卜颜忽","1","1","2"
"挥使卜颜忽里","1","1","2"
"明宗翼献景孝","1","1","2"
"宗翼献景孝皇","1","1","2"
"成宗大德三年","1","1","2"
"武宗抚军北边","2","0","2"
"武宗入继大统","2","0","2"
"立仁宗皇太子","2","0","2"
"时丞相铁木迭","1","1","2"
"议立英宗皇太","2","0","2"
"立英宗皇太子","2","0","2"
"武宗旧臣厘日","1","1","2"
"陕西行省丞相","1","1","2"
"御史大夫脱里","1","1","2"
"史大夫脱里伯","1","1","2"
"脱欢袭杀阿思","1","1","2"
"欢袭杀阿思罕","1","1","2"
"西北诸王察阿","1","1","2"
"北诸王察阿台","1","1","2"
"诸王察阿台等","1","1","2"
"史大夫铁失等","1","1","2"
"泰定皇帝崩上","2","0","2"
"定皇帝崩上都","2","0","2"
"平章乌伯都剌","1","1","2"
"中书左丞朵朵","1","1","2"
"参知政事王士","1","1","2"
"知政事王士熙","1","1","2"
"政事王士熙等","1","1","2"
"右丞相答失铁","1","1","2"
"丞相答失铁木","1","1","2"
"沿边元帅朵烈","1","1","2"
"边元帅朵烈捏","1","1","2"
"省平章政事泼","1","1","2"
"平章政事泼皮","1","1","2"
"章政事泼皮奉","1","1","2"
"政事泼皮奉迎","1","1","2"
"佥枢密院事帖","1","1","2"
"枢密院事帖木","1","1","2"
"天历二年正月","1","1","2"
"林学士承旨答","2","0","2"
"学士承旨答失","2","0","2"
"士承旨答失里","2","0","2"
"追尊皇妣乞烈","2","0","2"
"尊皇妣乞烈氏","2","0","2"
"皇妣乞烈氏曰","2","0","2"
"妣乞烈氏曰仁","2","0","2"
"乞烈氏曰仁献","2","0","2"
"烈氏曰仁献章","2","0","2"
"氏曰仁献章圣","2","0","2"
"立奎章阁学士","1","1","2"
"遣右丞相燕铁","1","1","2"
"平章政事伯帖","1","1","2"
"章政事伯帖木","1","1","2"
"台御史大夫铁","1","1","2"
"御史大夫铁木","1","1","2"
"日命中书左丞","1","1","2"
"中书左丞相铁","1","1","2"
"书左丞相铁木","1","1","2"
"左丞相铁木补","2","0","2"
"丞相铁木补化","2","0","2"
"遣西安王阿剌","1","1","2"
"西木邻等四十","1","1","2"
"木邻等四十三","1","1","2"
"计八千二百石","1","1","2"
"马二百八十匹","1","1","2"
"王马札罕部落","1","1","2"
"民五万五千四","1","1","2"
"河东宣慰司赈","1","1","2"
"铁木补化等帝","2","0","2"
"木补化等帝位","2","0","2"
"阔朵杰阿剌伦","1","1","2"
"同翰林国史院","1","1","2"
"睿宗三朝御容","1","1","2"
"诸卫军六千完","2","0","2"
"卫军六千完京","2","0","2"
"军六千完京城","2","0","2"
"尊谥曰翼献景","2","0","2"
"谥曰翼献景孝","2","0","2"
"曰翼献景孝皇","2","0","2"
"文宗圣明元孝","1","1","2"
"宗圣明元孝皇","1","1","2"
"圣明元孝皇帝","1","1","2"
"曰文献昭圣皇","2","0","2"
"武宗总兵北边","2","0","2"
"铁木迭复丞相","2","0","2"
"太常礼仪使哈","1","1","2"
"常礼仪使哈海","1","1","2"
"正紥鲁忽赤阔","2","0","2"
"紥鲁忽赤阔阔","2","0","2"
"鲁忽赤阔阔等","2","0","2"
"鲁忽赤雍古台","1","1","2"
"忽赤雍古台迁","1","1","2"
"孛伦赤等十七","1","1","2"
"伦赤等十七人","1","1","2"
"剌忒纳失里共","1","1","2"
"省参知政事明","1","1","2"
"参知政事明里","1","1","2"
"知政事明里董","1","1","2"
"宣政使答里麻","1","1","2"
"政使答里麻失","1","1","2"
"使答里麻失里","1","1","2"
"遣左卫率使秃","1","1","2"
"左卫率使秃鲁","1","1","2"
"遣万户彻里帖","1","1","2"
"召镇南王铁木","1","1","2"
"平章政事高昌","1","1","2"
"章政事高昌王","1","1","2"
"政事高昌王铁","1","1","2"
"事高昌王铁木","1","1","2"
"广行省左丞马","1","1","2"
"行省左丞马合","1","1","2"
"钞七万一千锭","1","1","2"
"遣隆镇卫指挥","1","1","2"
"指挥使速台将","2","0","2"
"挥使速台将兵","2","0","2"
"省平章政事探","1","1","2"
"平章政事探马","1","1","2"
"章政事探马赤","1","1","2"
"台御史剌马黑","1","1","2"
"御史剌马黑巴","1","1","2"
"史剌马黑巴等","1","1","2"
"贤侍读学士兀","1","1","2"
"侍读学士兀鲁","1","1","2"
"读学士兀鲁思","1","1","2"
"常礼仪院使哈","1","1","2"
"礼仪院使哈海","1","1","2"
"仪院使哈海赤","1","1","2"
"院使哈海赤等","1","1","2"
"使哈海赤等十","1","1","2"
"哈海赤等十八","1","1","2"
"海赤等十八人","1","1","2"
"卫指挥使脱脱","1","1","2"
"指挥使脱脱木","1","1","2"
"上都诸王失剌","1","1","2"
"贵赤卫指挥使","1","1","2"
"赤卫指挥使脱","1","1","2"
"卫指挥使脱迭","1","1","2"
"史大夫纽泽等","1","1","2"
"镇卫指挥使黑","1","1","2"
"卫指挥使黑汉","1","1","2"
"赐镇南王铁木","2","0","2"
"保定两万户号","1","1","2"
"定两万户号称","1","1","2"
"两万户号称精","1","1","2"
"万户号称精锐","1","1","2"
"大司农明里董","1","1","2"
"司农明里董阿","1","1","2"
"大都留守阔阔","1","1","2"
"都留守阔阔台","1","1","2"
"鄢陵县河西军","1","1","2"
"知枢密院事速","2","0","2"
"枢密院事速台","2","0","2"
"速台知行枢密","2","0","2"
"台知行枢密院","2","0","2"
"诸王忽剌台等","2","0","2"
"十六万五千石","1","1","2"
"元年九月十三","1","1","2"
"年九月十三日","1","1","2"
"封燕铁木太平","2","0","2"
"台御史大夫朵","1","1","2"
"淮西道肃政廉","1","1","2"
"肃政廉访使阿","1","1","2"
"左右两阿速卫","1","1","2"
"右两阿速卫军","1","1","2"
"祖宗神御殿祠","1","1","2"
"宗神御殿祠祭","1","1","2"
"命高昌僧作佛","2","0","2"
"高昌僧作佛事","2","0","2"
"枢密副使阿剌","1","1","2"
"指挥使忽都帖","1","1","2"
"挥使忽都帖木","1","1","2"
"脱脱木辽东军","2","0","2"
"脱木辽东军战","2","0","2"
"木辽东军战蓟","2","0","2"
"辽东军战蓟州","2","0","2"
"获上都颁诏使","1","1","2"
"上都颁诏使者","1","1","2"
"辽东征兵使者","1","1","2"
"书平章政事明","1","1","2"
"章政事明里董","1","1","2"
"大将旗鼓督战","1","1","2"
"乡贡进士四人","1","1","2"
"万户孛罗弃关","1","1","2"
"岭北行省左丞","1","1","2"
"北行省左丞燕","1","1","2"
"邻知枢密院事","1","1","2"
"募丁壮千人守","1","1","2"
"知枢密院事竹","1","1","2"
"枢密院事竹温","1","1","2"
"密院事竹温台","1","1","2"
"追封乳母完者","1","1","2"
"平章蒙古塔失","1","1","2"
"临清万户府运","1","1","2"
"清万户府运粮","1","1","2"
"万户府运粮军","1","1","2"
"山东丁壮万人","1","1","2"
"东丁壮万人守","1","1","2"
"丁壮万人守御","1","1","2"
"壮万人守御益","1","1","2"
"万人守御益都","1","1","2"
"河南廉访副使","1","1","2"
"南廉访副使万","1","1","2"
"故平章张珪子","2","0","2"
"子武昌万户景","1","1","2"
"武昌万户景武","1","1","2"
"昌万户景武等","1","1","2"
"张景武兄弟五","1","1","2"
"景武兄弟五人","1","1","2"
"姻家长芦盐运","1","1","2"
"家长芦盐运司","1","1","2"
"长芦盐运司判","1","1","2"
"芦盐运司判官","1","1","2"
"忽剌台游兵进","1","1","2"
"剌台游兵进逼","1","1","2"
"国王朵罗台等","1","1","2"
"秃满迭军复入","2","0","2"
"满迭军复入古","2","0","2"
"迭军复入古北","2","0","2"
"军复入古北口","2","0","2"
"保定万户张昌","1","1","2"
"元帅花帖木等","2","0","2"
"先捏知行枢密","1","1","2"
"捏知行枢密院","1","1","2"
"故徽政使失烈","1","1","2"
"徽政使失烈门","1","1","2"
"通州知州赵义","1","1","2"
"州知州赵义能","1","1","2"
"银沙罗甸土官","1","1","2"
"沙罗甸土官哀","1","1","2"
"罗甸土官哀赞","1","1","2"
"甸土官哀赞等","1","1","2"
"刑部郎中大都","1","1","2"
"广东佥事张世","1","1","2"
"东佥事张世荣","1","1","2"
"佥事张世荣追","1","1","2"
"万户杨克忠等","1","1","2"
"云南彻里路土","1","1","2"
"南彻里路土官","1","1","2"
"彻里路土官刁","1","1","2"
"里路土官刁赛","1","1","2"
"路土官刁赛等","1","1","2"
"继母公主察吉","1","1","2"
"叔父东路蒙古","1","1","2"
"父东路蒙古元","1","1","2"
"蒙古塔失等三","1","1","2"
"古塔失等三十","1","1","2"
"塔失等三十人","1","1","2"
"四宿卫阿塔赤","1","1","2"
"逆臣赤斤铁木","1","1","2"
"燕铁木答剌罕","2","0","2"
"平章曲列等二","1","1","2"
"章曲列等二十","1","1","2"
"曲列等二十三","1","1","2"
"列等二十三人","1","1","2"
"等二十三人田","1","1","2"
"剌忒纳失里等","1","1","2"
"忒纳失里等二","1","1","2"
"纳失里等二十","1","1","2"
"失里等二十三","1","1","2"
"里等二十三人","1","1","2"
"八月二十一日","1","1","2"
"命太保伯答沙","1","1","2"
"太保伯答沙升","1","1","2"
"南行台御史王","1","1","2"
"行台御史王琚","1","1","2"
"乌伯都剌等三","1","1","2"
"伯都剌等三十","1","1","2"
"都剌等三十人","1","1","2"
"剌等三十人田","1","1","2"
"察御史撒里花","2","0","2"
"八百媳妇国使","1","1","2"
"百媳妇国使者","1","1","2"
"媳妇国使者昭","1","1","2"
"妇国使者昭哀","1","1","2"
"九十九寨土官","1","1","2"
"十九寨土官必","1","1","2"
"枢密同知阿乞","1","1","2"
"密同知阿乞剌","1","1","2"
"同知阿乞剌等","1","1","2"
"诸王朵列帖木","1","1","2"
"御史中丞玥璐","2","0","2"
"史中丞玥璐花","2","0","2"
"丞玥璐花太禧","2","0","2"
"玥璐花太禧使","2","0","2"
"迎皇兄明宗皇","1","1","2"
"史中丞赵世延","1","1","2"
"府县达鲁花赤","1","1","2"
"宗正府紥鲁忽","2","0","2"
"正府紥鲁忽赤","2","0","2"
"川行省平章囊","1","1","2"
"行省平章囊加","1","1","2"
"省平章囊加台","1","1","2"
"省平章宽彻等","1","1","2"
"平章宽彻等官","1","1","2"
"谒武宗神御殿","1","1","2"
"立龙翊侍卫亲","1","1","2"
"龙翊侍卫亲军","1","1","2"
"忽答等十三人","1","1","2"
"姚州知州高明","1","1","2"
"付皇子阿剌忒","1","1","2"
"皇子阿剌忒纳","1","1","2"
"治书侍御史撒","1","1","2"
"书侍御史撒迪","1","1","2"
"颜秃古思奉迎","1","1","2"
"秃古思奉迎皇","1","1","2"
"古思奉迎皇兄","1","1","2"
"封西安王阿剌","1","1","2"
"教坊司达鲁花","1","1","2"
"坊司达鲁花赤","1","1","2"
"司达鲁花赤撒","1","1","2"
"达鲁花赤撒剌","1","1","2"
"天历二年春正","1","1","2"
"历二年春正月","1","1","2"
"命太府太监沙","1","1","2"
"遣火里忽达孙","1","1","2"
"赐鲁国大长公","2","0","2"
"国大长公主钞","2","0","2"
"大长公主钞二","2","0","2"
"长公主钞二万","2","0","2"
"公主钞二万锭","2","0","2"
"西域诸王燕吉","2","0","2"
"域诸王燕吉台","2","0","2"
"吉台海东鹘二","1","1","2"
"献海东鹘皇兄","2","0","2"
"海东鹘皇兄行","2","0","2"
"东鹘皇兄行所","2","0","2"
"内外军士四万","1","1","2"
"外军士四万二","1","1","2"
"军士四万二千","1","1","2"
"士四万二千二","1","1","2"
"四万二千二百","1","1","2"
"万二千二百七","1","1","2"
"二千二百七十","1","1","2"
"千二百七十人","1","1","2"
"遣近侍星吉班","1","1","2"
"四川招谕囊加","1","1","2"
"川招谕囊加台","1","1","2"
"张住童等七人","1","1","2"
"贤侍讲学士等","1","1","2"
"侍讲学士等官","1","1","2"
"四川囊加台攻","1","1","2"
"川囊加台攻破","1","1","2"
"囊加台攻破播","1","1","2"
"加台攻破播州","1","1","2"
"台攻破播州猫","1","1","2"
"陕西蒙古军都","1","1","2"
"西蒙古军都元","1","1","2"
"万三千八百锭","1","1","2"
"六百二十八户","1","1","2"
"银六千二百两","1","1","2"
"钞五万六千二","1","1","2"
"五万六千二百","1","1","2"
"币帛三万四千","1","1","2"
"刘道衡等四人","1","1","2"
"道衡等四人官","1","1","2"
"薛允等十六人","1","1","2"
"允等十六人官","1","1","2"
"复中书左丞史","1","1","2"
"中书左丞史惟","1","1","2"
"书左丞史惟良","1","1","2"
"台御史大夫阿","1","1","2"
"遣内侍秃教化","1","1","2"
"播州杨万户引","1","1","2"
"破乌江北岸贼","1","1","2"
"乌江北岸贼兵","1","1","2"
"遣宣靖王买奴","1","1","2"
"四川囊加台焚","1","1","2"
"赦四川囊加台","1","1","2"
"册命皇后雍吉","1","1","2"
"命皇后雍吉剌","1","1","2"
"广西思明路军","1","1","2"
"西思明路军民","1","1","2"
"思明路军民总","1","1","2"
"明路军民总管","1","1","2"
"路军民总管黄","1","1","2"
"军民总管黄克","1","1","2"
"民总管黄克顺","1","1","2"
"遣翰林侍讲学","1","1","2"
"林侍讲学士曹","1","1","2"
"侍讲学士曹元","1","1","2"
"靖王搠思班等","1","1","2"
"宣慰使撒忒迷","1","1","2"
"慰使撒忒迷失","1","1","2"
"镇西武靖王等","1","1","2"
"云南行省蒙通","1","1","2"
"南行省蒙通蒙","1","1","2"
"行省蒙通蒙算","1","1","2"
"省蒙通蒙算甸","1","1","2"
"蒙通蒙算甸土","1","1","2"
"通蒙算甸土官","1","1","2"
"蒙算甸土官阿","1","1","2"
"算甸土官阿三","1","1","2"
"甸土官阿三木","1","1","2"
"开南土官哀放","1","1","2"
"湖广行省调兵","1","1","2"
"凡二月二十一","1","1","2"
"二月二十一日","1","1","2"
"左右翼蒙古侍","1","1","2"
"右翼蒙古侍卫","1","1","2"
"翼蒙古侍卫军","1","1","2"
"蒙古侍卫军二","1","1","2"
"古侍卫军二千","1","1","2"
"置银沙罗甸等","1","1","2"
"沙罗甸等处宣","1","1","2"
"罗甸等处宣慰","1","1","2"
"甸等处宣慰司","1","1","2"
"处宣慰司都元","1","1","2"
"五千四百石赈","1","1","2"
"上都云需两府","1","1","2"
"宣政等院所贮","1","1","2"
"云南诸王答失","1","1","2"
"平章马思忽等","1","1","2"
"吉尼专擅十罪","1","1","2"
"伪署参知政事","1","1","2"
"署参知政事等","1","1","2"
"参知政事等官","1","1","2"
"建大龙翔集庆","1","1","2"
"献昭圣皇后神","1","1","2"
"昭圣皇后神御","1","1","2"
"安抚使布答思","1","1","2"
"抚使布答思监","1","1","2"
"使布答思监等","1","1","2"
"佥枢密院事傅","1","1","2"
"枢密院事傅岩","1","1","2"
"集庆大龙翔寺","1","1","2"
"庆大龙翔寺置","1","1","2"
"省参知政事孛","1","1","2"
"参知政事孛罗","1","1","2"
"知政事孛罗奉","1","1","2"
"政事孛罗奉诏","1","1","2"
"百二十三万四","1","1","2"
"二十三万四千","1","1","2"
"汉中廉访司所","1","1","2"
"中廉访司所贮","1","1","2"
"互相奏请玺书","1","1","2"
"四千五百一十","1","1","2"
"千五百一十人","1","1","2"
"觉者五十一人","1","1","2"
"千九百五十人","1","1","2"
"饥民六十七万","1","1","2"
"民六十七万六","1","1","2"
"六十七万六千","1","1","2"
"濮州鄄城县蚕","1","1","2"
"州鄄城县蚕灾","1","1","2"
"北迎明宗皇帝","1","1","2"
"置江淮财赋都","1","1","2"
"十九万七千九","1","1","2"
"九万七千九百","1","1","2"
"万七千九百人","1","1","2"
"保定路定兴驿","1","1","2"
"定路定兴驿车","1","1","2"
"路定兴驿车马","1","1","2"
"百四十五户粮","1","1","2"
"二千七百四十","1","1","2"
"七百四十八户","1","1","2"
"皇帝远居沙漠","1","1","2"
"十一万八千九","1","1","2"
"一万八千九十","1","1","2"
"万八千九十户","1","1","2"
"西行台御史孔","1","1","2"
"行台御史孔思","1","1","2"
"台御史孔思迪","1","1","2"
"百四十万九千","1","1","2"
"四十万九千一","1","1","2"
"十万九千一百","1","1","2"
"三万一千四百","1","1","2"
"万一千四百户","1","1","2"
"千九百七十石","1","1","2"
"田二百六十顷","1","1","2"
"大行皇帝山陵","1","1","2"
"行皇帝山陵官","1","1","2"
"史大夫孛罗等","1","1","2"
"赵世安提调通","1","1","2"
"世安提调通政","1","1","2"
"安提调通政院","1","1","2"
"提调通政院事","1","1","2"
"命阿剌忒纳失","1","1","2"
"遣道士苗道一","1","1","2"
"英宗潜邸宿卫","1","1","2"
"千八百三十人","1","1","2"
"怯薛官十二人","1","1","2"
"太子詹事丞霄","1","1","2"
"子詹事丞霄云","1","1","2"
"詹事丞霄云世","1","1","2"
"事丞霄云世月","1","1","2"
"丞霄云世月思","1","1","2"
"河东宣慰使哈","1","1","2"
"东宣慰使哈散","1","1","2"
"置隆祥总管府","1","1","2"
"呼日者推测圣","1","1","2"
"日者推测圣算","1","1","2"
"安丰务递运粮","1","1","2"
"米二万一千石","1","1","2"
"故宋太后全氏","1","1","2"
"宋太后全氏田","1","1","2"
"承天护圣寺永","1","1","2"
"天护圣寺永业","1","1","2"
"万寿营缮提点","1","1","2"
"寿营缮提点所","1","1","2"
"海南营缮提点","1","1","2"
"南营缮提点所","1","1","2"
"隶隆祥总管府","2","0","2"
"甘肃行省沙州","1","1","2"
"云南乌撒土官","1","1","2"
"南乌撒土官禄","1","1","2"
"乌撒土官禄余","1","1","2"
"曲靖土官举精","1","1","2"
"靖土官举精衣","1","1","2"
"同奎章阁学士","1","1","2"
"召威顺王宽彻","1","1","2"
"知枢密院事塔","1","1","2"
"枢密院事塔失","1","1","2"
"密院事塔失帖","1","1","2"
"院事塔失帖木","1","1","2"
"怯薛官武备卿","1","1","2"
"薛官武备卿定","1","1","2"
"官武备卿定住","1","1","2"
"武备卿定住特","1","1","2"
"二百八十万石","1","1","2"
"广西思明州土","1","1","2"
"西思明州土官","1","1","2"
"思明州土官黄","1","1","2"
"明州土官黄宗","1","1","2"
"州土官黄宗永","1","1","2"
"宜遵世祖成宪","2","0","2"
"所居诸王八剌","1","1","2"
"居诸王八剌马","1","1","2"
"阔干忽剌秃地","1","1","2"
"知枢密院事昭","1","1","2"
"枢密院事昭武","1","1","2"
"密院事昭武王","1","1","2"
"院事昭武王火","1","1","2"
"事昭武王火沙","1","1","2"
"昭武王火沙知","1","1","2"
"武王火沙知行","1","1","2"
"王火沙知行枢","1","1","2"
"火沙知行枢密","1","1","2"
"沙知行枢密院","1","1","2"
"立大承天护圣","1","1","2"
"承天护圣寺营","1","1","2"
"天护圣寺营缮","1","1","2"
"护圣寺营缮提","1","1","2"
"圣寺营缮提点","1","1","2"
"寺营缮提点所","1","1","2"
"平江等处田赋","1","1","2"
"江等处田赋提","1","1","2"
"等处田赋提举","1","1","2"
"处田赋提举司","1","1","2"
"田赋提举司二","1","1","2"
"申饬海道转漕","1","1","2"
"吏部尚书八剌","1","1","2"
"福惠明著天妃","1","1","2"
"申饬都水监河","1","1","2"
"怯怜口诸色民","1","1","2"
"怜口诸色民匠","1","1","2"
"口诸色民匠总","1","1","2"
"诸色民匠总管","1","1","2"
"色民匠总管府","1","1","2"
"发中政院财赋","1","1","2"
"中政院财赋总","1","1","2"
"政院财赋总管","1","1","2"
"院财赋总管府","1","1","2"
"命道士苗道一","1","1","2"
"琼州军民安抚","1","1","2"
"乾宁军民安抚","1","1","2"
"宁军民安抚司","1","1","2"
"南建洞主王官","1","1","2"
"建洞主王官知","1","1","2"
"洞主王官知州","1","1","2"
"主王官知州事","1","1","2"
"赋都总管府隶","1","1","2"
"王士熙等十二","1","1","2"
"士熙等十二人","1","1","2"
"免征奉元路民","1","1","2"
"征奉元路民间","1","1","2"
"奉元路民间商","1","1","2"
"元路民间商税","1","1","2"
"路民间商税一","1","1","2"
"民间商税一年","1","1","2"
"永平屯田总管","1","1","2"
"平屯田总管府","1","1","2"
"陕西凤翔府饥","1","1","2"
"西凤翔府饥民","1","1","2"
"王答邻答里知","1","1","2"
"答邻答里知行","1","1","2"
"邻答里知行枢","1","1","2"
"答里知行枢密","1","1","2"
"里知行枢密院","1","1","2"
"诏列圣诸宫后","1","1","2"
"列圣诸宫后妃","1","1","2"
"弟监藏班臧卜","1","1","2"
"林学士承旨阔","1","1","2"
"学士承旨阔彻","1","1","2"
"士承旨阔彻伯","1","1","2"
"承旨阔彻伯知","1","1","2"
"旨阔彻伯知枢","1","1","2"
"普庆修寺人匠","1","1","2"
"庆修寺人匠提","1","1","2"
"修寺人匠提举","1","1","2"
"寺人匠提举司","1","1","2"
"毁广平王木剌","1","1","2"
"广平王木剌忽","1","1","2"
"立孟定路军民","1","1","2"
"孟定路军民总","1","1","2"
"定路军民总管","1","1","2"
"元江路军民总","1","1","2"
"江路军民总管","1","1","2"
"行省平章刘脱","1","1","2"
"省平章刘脱欢","1","1","2"
"高丽国王王焘","1","1","2"
"山东廉访司按","1","1","2"
"东廉访司按治","1","1","2"
"诏豫王阿剌忒","1","1","2"
"豳王忽塔忒迷","1","1","2"
"王忽塔忒迷失","1","1","2"
"忽塔忒迷失王","1","1","2"
"塔忒迷失王傅","1","1","2"
"西僧辇真吃剌","1","1","2"
"阿荣辑录所上","1","1","2"
"荣辑录所上章","1","1","2"
"辑录所上章疏","1","1","2"
"皇姑鲁国大长","1","1","2"
"姑鲁国大长公","1","1","2"
"转运司盐引六","1","1","2"
"运司盐引六万","1","1","2"
"汉僧三百四十","1","1","2"
"僧三百四十人","1","1","2"
"元钞四十五万","1","1","2"
"钞四十五万锭","1","1","2"
"中统钞五万锭","1","1","2"
"酒坊五十四所","1","1","2"
"巡捕都元帅府","1","1","2"
"上都留守司八","1","1","2"
"都留守司八剌","1","1","2"
"留守司八剌哈","1","1","2"
"守司八剌哈赤","1","1","2"
"司八剌哈赤二","1","1","2"
"八剌哈赤二千","1","1","2"
"剌哈赤二千二","1","1","2"
"哈赤二千二百","1","1","2"
"隆祥总管府事","1","1","2"
"诏兴举中政院","1","1","2"
"兴举中政院事","1","1","2"
"府仪同三司者","1","1","2"
"乏者二百七十","1","1","2"
"者二百七十户","1","1","2"
"二百七十户粮","1","1","2"
"金三百二十七","1","1","2"
"三百二十七锭","1","1","2"
"千一百六十九","1","1","2"
"一百六十九锭","1","1","2"
"钞九百二十九","1","1","2"
"九百二十九万","1","1","2"
"百二十九万七","1","1","2"
"二十九万七千","1","1","2"
"十九万七千八","1","1","2"
"九万七千八百","1","1","2"
"万七千八百锭","1","1","2"
"币帛四十万七","1","1","2"
"帛四十万七千","1","1","2"
"四十万七千五","1","1","2"
"十万七千五百","1","1","2"
"万七千五百匹","1","1","2"
"丝八十八万四","1","1","2"
"八十八万四千","1","1","2"
"十八万四千四","1","1","2"
"八万四千四百","1","1","2"
"万四千四百五","1","1","2"
"四千四百五十","1","1","2"
"千四百五十斤","1","1","2"
"七万六百四十","1","1","2"
"万六百四十五","1","1","2"
"六百四十五斤","1","1","2"
"宁宗冲圣嗣孝","1","1","2"
"宗冲圣嗣孝皇","1","1","2"
"天历三年二月","1","1","2"
"时妥欢帖木耳","1","1","2"
"金银币帛等物","1","1","2"
"妃公主台忽都","1","1","2"
"公主台忽都鲁","1","1","2"
"妃公主完者台","1","1","2"
"密院事伯颜等","1","1","2"
"顺三年十月初","1","1","2"
"三年十月初四","1","1","2"
"年十月初四日","1","1","2"
"肃政廉访司官","1","1","2"
"妇人犯私盐罪","1","1","2"
"贡塔里牙八十","1","1","2"
"塔里牙八十八","1","1","2"
"里牙八十八斤","1","1","2"
"钞三千三百锭","1","1","2"
"汉军三万人御","1","1","2"
"军三万人御寒","1","1","2"
"诸妃后大朝会","1","1","2"
"二千三百五十","1","1","2"
"千三百五十人","1","1","2"
"议先皇帝庙号","1","1","2"
"郯王彻彻秃海","1","1","2"
"王彻彻秃海宁","1","1","2"
"彻彻秃海宁州","1","1","2"
"郯王彻彻秃镇","1","1","2"
"遣宿卫官阿察","1","1","2"
"宿卫官阿察赤","1","1","2"
"上皇太后玉册","2","0","2"
"皇太后玉册告","1","1","2"
"太后玉册告祭","1","1","2"
"平章政事伯撒","1","1","2"
"章政事伯撒里","1","1","2"
"政事伯撒里告","1","1","2"
"事伯撒里告祭","1","1","2"
"左钦察卫士饥","1","1","2"
"明宗长子妥欢","1","1","2"
"宗长子妥欢帖","1","1","2"
"长子妥欢帖木","1","1","2"
"关保固守晋宁","1","1","2"
"左丞相失列门","1","1","2"
"丞相失列门传","1","1","2"
"礼仪院使阿鲁","1","1","2"
"仪院使阿鲁浑","1","1","2"
"院使阿鲁浑等","1","1","2"
"时宋太后全氏","1","1","2"
"十八年二月崩","1","1","2"
"西王阿难答失","1","1","2"
"王阿难答失里","1","1","2"
"三世皆追封王","1","1","2"
"世皆追封王爵","1","1","2"
"徽政院使秃满","1","1","2"
"政院使秃满迭","1","1","2"
"御史大夫佛家","1","1","2"
"史大夫佛家奴","1","1","2"
"知枢密院事崔","1","1","2"
"枢密院事崔帖","1","1","2"
"密院事崔帖木","1","1","2"
"二十四年七月","1","1","2"
"二十五年三月","1","1","2"
"颜忽都皇后崩","1","1","2"
"金大将合达设","1","1","2"
"大将合达设伏","1","1","2"
"太子命王庆端","1","1","2"
"睿顺圣皇后崩","1","1","2"
"钞二千五百缗","1","1","2"
"盗知阿合马所","1","1","2"
"卫辉总管董文","1","1","2"
"钞四十七万缗","1","1","2"
"四十七万缗献","1","1","2"
"参政刘思敬遣","1","1","2"
"吏部郎中夹谷","1","1","2"
"吾闻金章宗时","1","1","2"
"子阿八赤入见","1","1","2"
"工部侍郎倪坚","1","1","2"
"责张九思学圣","1","1","2"
"张九思学圣人","1","1","2"
"祖母昭睿顺圣","1","1","2"
"母昭睿顺圣皇","1","1","2"
"卫都指挥使梭","1","1","2"
"都指挥使梭都","1","1","2"
"爱育黎拔力八","1","1","2"
"育黎拔力八达","1","1","2"
"木华黎国王曾","1","1","2"
"华黎国王曾孙","1","1","2"
"黎国王曾孙世","1","1","2"
"国王曾孙世德","1","1","2"
"王曾孙世德家","1","1","2"
"卜鲁罕皇后秉","1","1","2"
"鲁罕皇后秉政","1","1","2"
"右丞相答剌罕","1","1","2"
"丞相答剌罕哈","1","1","2"
"相答剌罕哈剌","1","1","2"
"答剌罕哈剌哈","1","1","2"
"剌罕哈剌哈孙","1","1","2"
"仁昭懿寿元皇","1","1","2"
"昭懿寿元皇太","1","1","2"
"懿寿元皇太后","1","1","2"
"尊号太皇太后","2","0","2"
"蒙古百姓三千","1","1","2"
"古百姓三千户","1","1","2"
"州二城户一万","2","0","2"
"急行二百余日","1","1","2"
"大德十一年春","1","1","2"
"左丞相阿忽台","1","1","2"
"丞相阿忽台等","1","1","2"
"相阿忽台等潜","1","1","2"
"阿忽台等潜谋","1","1","2"
"忽台等潜谋立","1","1","2"
"台等潜谋立安","1","1","2"
"等潜谋立安西","1","1","2"
"潜谋立安西王","1","1","2"
"谋立安西王阿","1","1","2"
"皇后伯岳吾氏","1","1","2"
"命楚王牙忽都","1","1","2"
"子西安王阿剌","1","1","2"
"拨绰骁勇善骑","1","1","2"
"绰骁勇善骑射","1","1","2"
"牙忽都年十三","1","1","2"
"王遣牙忽都将","1","1","2"
"遣牙忽都将兵","1","1","2"
"牙忽都将兵追","1","1","2"
"擒八鲁浑等献","1","1","2"
"怯绿怜河大帐","1","1","2"
"诱蒙古军二万","1","1","2"
"朵哈方居守大","1","1","2"
"太祖皇帝削平","1","1","2"
"祖皇帝削平四","1","1","2"
"皇帝削平四方","1","1","2"
"陛下洪福齐天","1","1","2"
"赐宽彻普化金","1","1","2"
"宽彻普化金银","1","1","2"
"怯薛等官侵夺","1","1","2"
"薛等官侵夺民","1","1","2"
"等官侵夺民利","1","1","2"
"宽彻普化恃宗","1","1","2"
"彻普化恃宗室","1","1","2"
"追夺宽彻普化","1","1","2"
"夺宽彻普化印","1","1","2"
"诏宽彻普化复","1","1","2"
"宽彻普化复镇","1","1","2"
"淮王帖木花监","2","0","2"
"王帖木花监国","2","0","2"
"世祖第九子脱","1","1","2"
"祖第九子脱欢","1","1","2"
"饶州牧地一百","1","1","2"
"州牧地一百顷","1","1","2"
"牧地一百顷赐","1","1","2"
"淮西廉访使陈","1","1","2"
"西廉访使陈思","1","1","2"
"使摧锋陷阵者","1","1","2"
"诸王乞塔歹等","1","1","2"
"大明兵逼京师","1","1","2"
"庆童中书左丞","2","0","2"
"童中书左丞相","2","0","2"
"中书左丞相辅","2","0","2"
"札赤剌歹札木","1","1","2"
"赤剌歹札木哈","1","1","2"
"国王木华黎略","2","0","2"
"王木华黎略地","2","0","2"
"女伯牙鲁罕公","1","1","2"
"伯牙鲁罕公主","1","1","2"
"爱牙失里公主","1","1","2"
"节度使武贵迎","1","1","2"
"度使武贵迎降","1","1","2"
"遣步兵二万袭","1","1","2"
"命天倪弟天泽","1","1","2"
"天倪弟天泽代","1","1","2"
"诏封功臣户口","1","1","2"
"郡王带孙率兵","1","1","2"
"王带孙率兵围","1","1","2"
"斩首七千余级","2","0","2"
"山东未降者尚","1","1","2"
"东未降者尚多","1","1","2"
"主上亲督大军","1","1","2"
"平定西域数年","1","1","2"
"台统蒙古军屯","1","1","2"
"千户按札统大","1","1","2"
"户按札统大军","1","1","2"
"按札统大军驻","1","1","2"
"札统大军驻河","1","1","2"
"统大军驻河北","1","1","2"
"叛将武仙围潞","1","1","2"
"将武仙围潞州","1","1","2"
"命塔思守潼关","1","1","2"
"金元帅完颜火","1","1","2"
"元帅完颜火燎","1","1","2"
"完颜合达单骑","1","1","2"
"愿分攻汴城一","1","1","2"
"分攻汴城一隅","1","1","2"
"引骑兵沿岸迎","1","1","2"
"骑兵沿岸迎射","1","1","2"
"守臣刘甫置酒","1","1","2"
"塔思攻大苏山","1","1","2"
"宋汪统制率兵","1","1","2"
"汪统制率兵三","1","1","2"
"统制率兵三千","1","1","2"
"勤劳四十余年","1","1","2"
"命霸突鲁率诸","1","1","2"
"霸突鲁率诸军","1","1","2"
"睿顺圣皇后同","1","1","2"
"顺圣皇后同母","1","1","2"
"闻一善言善行","1","1","2"
"甲率家奴数十","1","1","2"
"率家奴数十人","1","1","2"
"脱脱弟阿老瓦","1","1","2"
"脱弟阿老瓦丁","1","1","2"
"弟阿老瓦丁奋","1","1","2"
"阿老瓦丁奋戈","1","1","2"
"老瓦丁奋戈冲","1","1","2"
"虎贲卫亲军都","1","1","2"
"贲卫亲军都指","1","1","2"
"江浙行省地大","1","1","2"
"浙行省地大人","1","1","2"
"行省地大人众","1","1","2"
"祖神元皇帝接","1","1","2"
"神元皇帝接境","1","1","2"
"斤部卒盗牧马","1","1","2"
"诏赐内府七宝","1","1","2"
"赐内府七宝冠","1","1","2"
"内府七宝冠带","1","1","2"
"赐尚方玉带宝","1","1","2"
"尚方玉带宝服","1","1","2"
"妻秃忽鲁宴服","1","1","2"
"御史大夫月吕","1","1","2"
"史大夫月吕禄","1","1","2"
"左右部宗王诸","1","1","2"
"右部宗王诸帅","1","1","2"
"阿答罕三撒海","1","1","2"
"答罕三撒海地","1","1","2"
"行省兵马都元","1","1","2"
"省兵马都元帅","1","1","2"
"下河东诸州郡","1","1","2"
"察罕武勇过人","1","1","2"
"御帐前首千户","1","1","2"
"剌丁拒守铁门","1","1","2"
"丁拒守铁门关","1","1","2"
"一万四千五百","1","1","2"
"万四千五百余","1","1","2"
"四千五百余顷","1","1","2"
"赠推忠开济翊","1","1","2"
"推忠开济翊运","1","1","2"
"忠开济翊运功","1","1","2"
"开济翊运功臣","1","1","2"
"河东提刑按察","1","1","2"
"平阳路达鲁花","1","1","2"
"路达鲁花赤泰","1","1","2"
"劾江淮释教总","1","1","2"
"江淮释教总摄","1","1","2"
"淮释教总摄杨","1","1","2"
"释教总摄杨辇","1","1","2"
"教总摄杨辇真","1","1","2"
"总摄杨辇真加","1","1","2"
"小吏诬告漕臣","1","1","2"
"吏诬告漕臣刘","1","1","2"
"诬告漕臣刘献","1","1","2"
"告漕臣刘献盗","1","1","2"
"诸王百官大会","1","1","2"
"赐恩州一千户","1","1","2"
"收天下童男童","1","1","2"
"天下童男童女","1","1","2"
"授天泽兄天倪","1","1","2"
"河北西路都元","1","1","2"
"北西路都元帅","1","1","2"
"天泽合兵进围","1","1","2"
"泽合兵进围中","1","1","2"
"合兵进围中山","1","1","2"
"北京总管都元","1","1","2"
"京总管都元帅","1","1","2"
"撒里答征高丽","1","1","2"
"开元府七路征","1","1","2"
"元府七路征行","1","1","2"
"府七路征行兵","1","1","2"
"七路征行兵马","1","1","2"
"路征行兵马都","1","1","2"
"步骑数十万待","2","0","2"
"骑数十万待战","2","0","2"
"复南走归德府","1","1","2"
"选哈必赤军怯","1","1","2"
"哈必赤军怯怜","1","1","2"
"必赤军怯怜口","1","1","2"
"赤军怯怜口等","1","1","2"
"军怯怜口等五","1","1","2"
"怯怜口等五十","1","1","2"
"怜口等五十人","1","1","2"
"进攻秃里思哥","1","1","2"
"攻秃里思哥城","1","1","2"
"赠效忠宣力佐","1","1","2"
"效忠宣力佐命","1","1","2"
"鲁鲁厮国大惧","1","1","2"
"皇子察合台部","1","1","2"
"武休关东抵邓","1","1","2"
"休关东抵邓州","1","1","2"
"平章完颜合达","1","1","2"
"枢密使移剌蒲","1","1","2"
"密使移剌蒲阿","1","1","2"
"亲王按赤台等","1","1","2"
"令宗王穆直等","1","1","2"
"宋制置使陈隆","1","1","2"
"金吾卫上将军","1","1","2"
"西行中书省平","1","1","2"
"元帅兀良哈台","1","1","2"
"蒙古诸万户府","1","1","2"
"古诸万户府奥","1","1","2"
"诸万户府奥鲁","1","1","2"
"万户府奥鲁总","1","1","2"
"户府奥鲁总管","1","1","2"
"平章政事程鹏","1","1","2"
"章政事程鹏飞","1","1","2"
"政事程鹏飞建","1","1","2"
"事程鹏飞建议","1","1","2"
"程鹏飞建议征","1","1","2"
"鹏飞建议征日","1","1","2"
"飞建议征日本","1","1","2"
"右丞相顺德王","1","1","2"
"丞相顺德王答","1","1","2"
"相顺德王答剌","1","1","2"
"顺德王答剌罕","1","1","2"
"广行中书省平","1","1","2"
"广西海北道副","1","1","2"
"西海北道副使","1","1","2"
"七品印章敕授","1","1","2"
"品印章敕授局","1","1","2"
"印章敕授局官","1","1","2"
"章敕授局官五","1","1","2"
"敕授局官五十","1","1","2"
"授局官五十一","1","1","2"
"局官五十一员","1","1","2"
"增中统课缗五","1","1","2"
"中统课缗五十","1","1","2"
"统课缗五十万","1","1","2"
"授中书直省舍","1","1","2"
"中书客省副使","1","1","2"
"赐中统钞五百","1","1","2"
"中统钞五百锭","1","1","2"
"林行省理问所","1","1","2"
"行省理问所官","1","1","2"
"乞石烈氏拥兵","1","1","2"
"石烈氏拥兵数","1","1","2"
"元帅石天应守","1","1","2"
"帅石天应守河","1","1","2"
"石天应守河中","1","1","2"
"天应守河中府","1","1","2"
"兵十余万夜袭","1","1","2"
"十余万夜袭河","1","1","2"
"余万夜袭河中","1","1","2"
"宗王拔都西征","1","1","2"
"宗王旭烈兀征","1","1","2"
"王旭烈兀征剌","1","1","2"
"旭烈兀征剌里","1","1","2"
"烈兀征剌里西","1","1","2"
"兀征剌里西番","1","1","2"
"速卜带征西域","1","1","2"
"拔都征斡罗斯","1","1","2"
"麻等二十四寨","1","1","2"
"中庆路达鲁花","1","1","2"
"庆路达鲁花赤","1","1","2"
"广南西道左右","1","1","2"
"南西道左右两","1","1","2"
"西道左右两江","1","1","2"
"道左右两江宣","1","1","2"
"左右两江宣抚","1","1","2"
"右两江宣抚使","1","1","2"
"交趾将昭文王","1","1","2"
"兵四万守木兀","1","1","2"
"四万守木兀门","1","1","2"
"诸军会战二十","1","1","2"
"军会战二十余","1","1","2"
"国王木华黎前","1","1","2"
"王木华黎前锋","1","1","2"
"哈率诸部兵作","1","1","2"
"率诸部兵作乱","1","1","2"
"按摊脱脱里氏","1","1","2"
"剌军一千六百","1","1","2"
"军一千六百人","1","1","2"
"塔海甘卜同征","1","1","2"
"海甘卜同征关","1","1","2"
"甘卜同征关西","1","1","2"
"信安等处军马","1","1","2"
"邳州万户府万","1","1","2"
"州万户府万户","1","1","2"
"思乌思臧掇族","1","1","2"
"获蜀船三百艘","1","1","2"
"宋制置使刘雄","1","1","2"
"制置使刘雄飞","1","1","2"
"置使刘雄飞进","1","1","2"
"使刘雄飞进攻","1","1","2"
"刘雄飞进攻青","1","1","2"
"雄飞进攻青居","1","1","2"
"飞进攻青居山","1","1","2"
"大小五十余战","1","1","2"
"州守将王坚夜","1","1","2"
"阿哥潘率壮士","1","1","2"
"种粟二千余石","1","1","2"
"昌二十四处宣","1","1","2"
"二十四处宣慰","1","1","2"
"十四处宣慰使","1","1","2"
"益都行省军民","1","1","2"
"都行省军民达","1","1","2"
"行省军民达鲁","1","1","2"
"省军民达鲁花","1","1","2"
"京兆行省都达","1","1","2"
"兆行省都达鲁","1","1","2"
"行省都达鲁花","1","1","2"
"省都达鲁花赤","1","1","2"
"宋兵败走西山","1","1","2"
"蔡州蒙古汉军","1","1","2"
"州蒙古汉军万","1","1","2"
"蒙古汉军万户","1","1","2"
"滁州总管府达","1","1","2"
"滁州路总管府","1","1","2"
"功升昭毅大将","1","1","2"
"太宗七年南伐","1","1","2"
"史大夫博罗罕","1","1","2"
"大夫博罗罕平","1","1","2"
"率兵一千骑攻","1","1","2"
"兵一千骑攻淮","1","1","2"
"一千骑攻淮安","1","1","2"
"相兀速率本部","1","1","2"
"兀速率本部兵","1","1","2"
"山东诸军顺流","1","1","2"
"东诸军顺流东","1","1","2"
"诸军顺流东下","1","1","2"
"将校三十七人","1","1","2"
"鏖战八十余里","1","1","2"
"丞相伯颜命忽","1","1","2"
"相伯颜命忽剌","1","1","2"
"湖州路达鲁花","1","1","2"
"本万户府副镇","1","1","2"
"万户府副镇抚","1","1","2"
"瑞安县达鲁花","1","1","2"
"选充侍卫亲军","1","1","2"
"平滦路总管府","1","1","2"
"平滦路达鲁花","1","1","2"
"滦路达鲁花赤","1","1","2"
"费银七千五百","1","1","2"
"国王月仙帖木","1","1","2"
"月朵失野讷佩","1","1","2"
"朵失野讷佩金","1","1","2"
"失野讷佩金符","1","1","2"
"赐月朵失野讷","1","1","2"
"独山城达鲁花","1","1","2"
"山城达鲁花赤","1","1","2"
"山西大达鲁花","1","1","2"
"西大达鲁花赤","1","1","2"
"先皇后立定宗","1","1","2"
"皇后立定宗时","1","1","2"
"八都罕奉宪宗","1","1","2"
"高祖赤老温恺","1","1","2"
"赡思丁率千骑","1","1","2"
"云内三州都达","1","1","2"
"内三州都达鲁","1","1","2"
"三州都达鲁花","1","1","2"
"州都达鲁花赤","1","1","2"
"置陕西五路西","1","1","2"
"西蜀四川行中","1","1","2"
"蜀四川行中书","1","1","2"
"增户九千五百","1","1","2"
"户九千五百六","1","1","2"
"九千五百六十","1","1","2"
"千五百六十五","1","1","2"
"军一万二千二","1","1","2"
"万二千二百五","1","1","2"
"二千二百五十","1","1","2"
"千二百五十五","1","1","2"
"钞六千二百二","1","1","2"
"六千二百二十","1","1","2"
"千二百二十五","1","1","2"
"二百二十五锭","1","1","2"
"屯田粮九万七","1","1","2"
"田粮九万七千","1","1","2"
"粮九万七千二","1","1","2"
"九万七千二十","1","1","2"
"万七千二十一","1","1","2"
"七千二十一石","1","1","2"
"钞三百三十一","1","1","2"
"三百三十一锭","1","1","2"
"命陕西五路四","1","1","2"
"五路四川行院","1","1","2"
"路四川行院大","1","1","2"
"四川行院大小","1","1","2"
"川行院大小官","1","1","2"
"宋将昝万寿拥","1","1","2"
"将昝万寿拥强","1","1","2"
"昝万寿拥强兵","1","1","2"
"郑鼎率兵水陆","1","1","2"
"获战舰二十八","1","1","2"
"战舰二十八艘","1","1","2"
"知云南地理者","1","1","2"
"赐钞五十万缗","1","1","2"
"子纳速剌丁先","1","1","2"
"二人大喜过望","1","1","2"
"云南官员子弟","1","1","2"
"南官员子弟入","1","1","2"
"省俸金九百余","1","1","2"
"俸金九百余两","1","1","2"
"南等路宣慰司","1","1","2"
"等路宣慰司同","1","1","2"
"路宣慰司同知","1","1","2"
"授燕南河北道","1","1","2"
"河北道宣慰司","1","1","2"
"北道宣慰司同","1","1","2"
"旨令宗王协力","1","1","2"
"令宗王协力施","1","1","2"
"宗王协力施行","1","1","2"
"老赛典赤平章","1","1","2"
"居民商贾甚多","1","1","2"
"叔父阿里普海","1","1","2"
"父阿里普海牙","1","1","2"
"弟益特思海牙","1","1","2"
"夏中兴等路提","1","1","2"
"中兴等路提刑","1","1","2"
"兴等路提刑按","1","1","2"
"等路提刑按察","1","1","2"
"路提刑按察使","1","1","2"
"西北藩王遣使","1","1","2"
"北藩王遣使入","1","1","2"
"藩王遣使入朝","1","1","2"
"江东道提刑按","1","1","2"
"世祖追录元勋","1","1","2"
"一一留心参考","1","1","2"
"行中书省枢密","1","1","2"
"书省枢密院事","1","1","2"
"见天下大权尽","1","1","2"
"天下大权尽归","1","1","2"
"下大权尽归尚","1","1","2"
"大权尽归尚书","1","1","2"
"开国元勋命世","1","1","2"
"国元勋命世大","1","1","2"
"元勋命世大臣","1","1","2"
"京兆控制陇蜀","1","1","2"
"浑都海闻京兆","1","1","2"
"加赠推忠佐理","1","1","2"
"赠推忠佐理翊","1","1","2"
"推忠佐理翊运","1","1","2"
"忠佐理翊运功","1","1","2"
"佐理翊运功臣","1","1","2"
"宗王旭烈兀开","1","1","2"
"诏改淮西行省","1","1","2"
"命断事官杨仁","1","1","2"
"万户忙古歹生","1","1","2"
"户忙古歹生擒","1","1","2"
"忙古歹生擒虎","1","1","2"
"古歹生擒虎臣","1","1","2"
"副都统制任宁","1","1","2"
"总管李庭攻破","1","1","2"
"制置使夏贵等","1","1","2"
"统王达守阳逻","1","1","2"
"王达守阳逻堡","1","1","2"
"先遣万户阿剌","1","1","2"
"遣万户阿剌罕","1","1","2"
"大军水陆东下","1","1","2"
"武略将军囊加","1","1","2"
"略将军囊加歹","1","1","2"
"将军囊加歹同","1","1","2"
"步军指挥使孙","1","1","2"
"军指挥使孙虎","1","1","2"
"指挥使孙虎臣","1","1","2"
"夏贵战舰二千","2","0","2"
"贵战舰二千五","2","0","2"
"知镇巢军曹旺","1","1","2"
"宋沿江制置赵","1","1","2"
"命招讨使唆都","1","1","2"
"招讨使唆都守","1","1","2"
"淮西滁州诸郡","1","1","2"
"遣左右司员外","1","1","2"
"右司员外郎石","1","1","2"
"司员外郎石天","1","1","2"
"员外郎石天麟","1","1","2"
"议事官张羽等","1","1","2"
"事官张羽等持","1","1","2"
"官张羽等持王","1","1","2"
"张羽等持王荣","1","1","2"
"调淮东都元帅","1","1","2"
"淮东都元帅孛","1","1","2"
"东都元帅孛鲁","1","1","2"
"都元帅阿里伯","1","1","2"
"参政阿剌罕等","1","1","2"
"参政董文炳等","1","1","2"
"游介实奉诏书","1","1","2"
"介实奉诏书副","1","1","2"
"实奉诏书副本","1","1","2"
"遣宁玉修吴江","1","1","2"
"宁玉修吴江长","1","1","2"
"玉修吴江长桥","1","1","2"
"囊加歹同宋尚","1","1","2"
"加歹同宋尚书","1","1","2"
"歹同宋尚书夏","1","1","2"
"同宋尚书夏士","1","1","2"
"宋尚书夏士林","1","1","2"
"宗正少卿陆秀","1","1","2"
"正少卿陆秀夫","1","1","2"
"帛二十五万匹","1","1","2"
"遣宁玉守长桥","1","1","2"
"范文虎巡视城","1","1","2"
"文虎巡视城堡","1","1","2"
"遣吕文焕持黄","1","1","2"
"吕文焕持黄榜","1","1","2"
"吕文焕等入城","1","1","2"
"平章阿合马先","1","1","2"
"宗王明理铁木","1","1","2"
"范文虎相继率","1","1","2"
"文虎相继率兵","1","1","2"
"堡西沙芜口入","1","1","2"
"重兵皆驻扬州","1","1","2"
"命阿术分兵围","1","1","2"
"宋两淮镇将张","1","1","2"
"两淮镇将张世","1","1","2"
"淮镇将张世杰","1","1","2"
"泰兴县二千户","1","1","2"
"迁参议中书省","1","1","2"
"廉希宪守江陵","1","1","2"
"兵二万攻扬子","1","1","2"
"二万攻扬子桥","1","1","2"
"兵十万航海征","1","1","2"
"中途遇土土哈","1","1","2"
"遣御史大夫秃","1","1","2"
"钦察左卫指挥","1","1","2"
"命阿八赤督运","1","1","2"
"益都等路宣慰","1","1","2"
"都等路宣慰使","1","1","2"
"胶莱海道漕运","1","1","2"
"莱海道漕运使","1","1","2"
"湖广等处行尚","1","1","2"
"广等处行尚书","1","1","2"
"中卫亲军千人","1","1","2"
"都元帅阿答胡","1","1","2"
"宋制置使蒲择","1","1","2"
"都统制段元鉴","1","1","2"
"统制段元鉴等","1","1","2"
"延八都鲁等守","1","1","2"
"八都鲁等守成","1","1","2"
"都鲁等守成都","1","1","2"
"行枢密院火都","1","1","2"
"枢密院火都赤","1","1","2"
"败宋安抚昝万","1","1","2"
"宋安抚昝万寿","1","1","2"
"授六翼达鲁花","1","1","2"
"六翼达鲁花赤","1","1","2"
"川行枢密院合","1","1","2"
"行枢密院合答","1","1","2"
"命行枢密副使","1","1","2"
"率二十余骑攻","1","1","2"
"授西川蒙古军","1","1","2"
"西川蒙古军马","1","1","2"
"川蒙古军马六","1","1","2"
"蒙古军马六翼","1","1","2"
"古军马六翼新","1","1","2"
"军马六翼新附","1","1","2"
"马六翼新附军","1","1","2"
"六翼新附军招","1","1","2"
"翼新附军招讨","1","1","2"
"新附军招讨使","1","1","2"
"四川西道宣慰","1","1","2"
"川西道宣慰使","1","1","2"
"薛遣先锋阿麻","1","1","2"
"率所部五万余","1","1","2"
"所部五万余户","1","1","2"
"加赐金帛鞍辔","1","1","2"
"阿剌罕同断事","1","1","2"
"剌罕同断事官","1","1","2"
"罕同断事官杨","1","1","2"
"同断事官杨仁","1","1","2"
"统左翼军顺流","1","1","2"
"蒙古军四十万","1","1","2"
"古军四十万征","1","1","2"
"功授镇国上将","1","1","2"
"筑正阳东西城","1","1","2"
"宋将夏贵乘淮","1","1","2"
"石祖忠遣使乞","1","1","2"
"祖忠遣使乞降","1","1","2"
"扬州守将李庭","1","1","2"
"守将李庭芝闻","1","1","2"
"宋兵望风退走","1","1","2"
"平章阿术登南","1","1","2"
"章阿术登南岸","1","1","2"
"阿术登南岸督","1","1","2"
"都统刘师勇袭","1","1","2"
"行江西中书省","1","1","2"
"江西中书省事","1","1","2"
"诸王哈必赤平","1","1","2"
"章知府等二十","1","1","2"
"知府等二十二","1","1","2"
"府等二十二人","1","1","2"
"败宋将陈路钤","1","1","2"
"唆都取道泉州","1","1","2"
"南剑州都督张","1","1","2"
"溺死者五万余","1","1","2"
"死者五万余人","1","1","2"
"元帅阿术攻襄","1","1","2"
"帅阿术攻襄阳","1","1","2"
"丞相伯颜麾下","1","1","2"
"宋平章贾似道","1","1","2"
"擒宋统制王文","1","1","2"
"宋统制王文虎","1","1","2"
"平章博鲁欢攻","1","1","2"
"章博鲁欢攻泰","1","1","2"
"兵攻泰州新城","1","1","2"
"阿术攻下扬州","1","1","2"
"术攻下扬州诸","1","1","2"
"攻下扬州诸郡","1","1","2"
"宋制置李庭芝","1","1","2"
"功升武略将军","1","1","2"
"同安县答关寨","1","1","2"
"海外诸蕃宣慰","1","1","2"
"外诸蕃宣慰使","1","1","2"
"福建道市舶提","1","1","2"
"建道市舶提举","1","1","2"
"福建道长司宣","1","1","2"
"建道长司宣慰","1","1","2"
"道长司宣慰使","1","1","2"
"长司宣慰使都","1","1","2"
"司宣慰使都元","1","1","2"
"益都淄莱新军","1","1","2"
"都淄莱新军万","1","1","2"
"淄莱新军万户","1","1","2"
"赐白金五百两","1","1","2"
"都元帅逊都台","1","1","2"
"宋丞相陈宜中","1","1","2"
"世杰遣都统张","1","1","2"
"杰遣都统张文","1","1","2"
"遣都统张文虎","1","1","2"
"遣镇抚孔遵追","1","1","2"
"同知江西宣慰","1","1","2"
"知江西宣慰司","1","1","2"
"江西宣慰司事","1","1","2"
"左丞董文炳合","1","1","2"
"丞董文炳合兵","1","1","2"
"董文炳合兵追","1","1","2"
"皇子镇南王征","1","1","2"
"子镇南王征交","1","1","2"
"桑哥奸贪误国","1","1","2"
"哥奸贪误国害","1","1","2"
"奸贪误国害民","1","1","2"
"江浙省臣乌马","1","1","2"
"湖广省臣要束","1","1","2"
"广省臣要束木","1","1","2"
"省臣要束木等","1","1","2"
"桑哥奏立尚书","1","1","2"
"哥奏立尚书省","1","1","2"
"诬杀参政杨居","1","1","2"
"杀参政杨居宽","1","1","2"
"成宗皇孙抚军","2","0","2"
"宗皇孙抚军北","2","0","2"
"建议加上祖宗","1","1","2"
"议加上祖宗尊","1","1","2"
"加上祖宗尊谥","1","1","2"
"上祖宗尊谥庙","1","1","2"
"祖宗尊谥庙号","1","1","2"
"阿鲁浑萨理曰","2","0","2"
"问阿鲁浑萨理","1","1","2"
"遣阿鲁浑萨理","1","1","2"
"阿鲁浑萨理奉","1","1","2"
"鲁浑萨理奉皇","1","1","2"
"浑萨理奉皇太","1","1","2"
"萨理奉皇太子","1","1","2"
"观画师何澄画","1","1","2"
"岳柱指陶母手","1","1","2"
"授江西等处行","1","1","2"
"路四川行省左","1","1","2"
"行尚书省员外","1","1","2"
"尚书省员外郎","1","1","2"
"陕西等处万户","1","1","2"
"西等处万户府","1","1","2"
"等处万户府达","1","1","2"
"处万户府达鲁","1","1","2"
"都元帅府经历","1","1","2"
"伯颜南攻鄂州","1","1","2"
"阿术北攻汉阳","1","1","2"
"宋将相文武百","1","1","2"
"将相文武百官","1","1","2"
"昭献元圣太后","1","1","2"
"太后召囊加歹","1","1","2"
"皇后欲立安西","1","1","2"
"后欲立安西王","1","1","2"
"欲立安西王阿","1","1","2"
"尽力奉二皇子","1","1","2"
"授蕲县万户府","1","1","2"
"蕲县万户府达","1","1","2"
"县万户府达鲁","1","1","2"
"博州路奥鲁总","1","1","2"
"州路奥鲁总管","1","1","2"
"同宋安抚吕文","1","1","2"
"安抚吕文焕入","1","1","2"
"平章阿术南征","1","1","2"
"率舟师经斗龙","1","1","2"
"舟师经斗龙口","1","1","2"
"宋降将范文虎","1","1","2"
"忙兀台奉旨率","1","1","2"
"兀台奉旨率诸","1","1","2"
"台奉旨率诸军","1","1","2"
"降宋守将何清","1","1","2"
"蒙古军四万户","1","1","2"
"荆湖等处行枢","1","1","2"
"湖等处行枢密","1","1","2"
"授同知湖广等","1","1","2"
"同知湖广等处","1","1","2"
"知湖广等处行","1","1","2"
"湖广等处行枢","1","1","2"
"广等处行枢密","1","1","2"
"处行枢密院事","1","1","2"
"侍卫亲军副都","1","1","2"
"卫亲军副都指","1","1","2"
"亲军副都指挥","1","1","2"
"诸王合必赤讨","1","1","2"
"王合必赤讨李","2","0","2"
"合必赤讨李璮","2","0","2"
"必赤讨李璮济","2","0","2"
"赤讨李璮济南","2","0","2"
"将孙虎臣战丁","2","0","2"
"孙虎臣战丁家","2","0","2"
"虎臣战丁家洲","2","0","2"
"高邮军达鲁花","1","1","2"
"邮军达鲁花赤","1","1","2"
"进怀远大将军","2","0","2"
"高邮路总管府","1","1","2"
"邮路总管府达","1","1","2"
"福建等处征蛮","1","1","2"
"建等处征蛮都","1","1","2"
"等处征蛮都元","1","1","2"
"处征蛮都元帅","1","1","2"
"都指挥使司事","1","1","2"
"阿秃八剌哈赤","1","1","2"
"身中三十余箭","1","1","2"
"纳兀河东等处","1","1","2"
"党乞答真一千","1","1","2"
"乞答真一千户","1","1","2"
"撒等五百余户","1","1","2"
"升怀远大将军","1","1","2"
"所管女直户五","1","1","2"
"管女直户五百","1","1","2"
"女直户五百余","1","1","2"
"邳州监战万户","1","1","2"
"夺战舰二十余","1","1","2"
"战舰二十余艘","1","1","2"
"宋将夏贵攻正","1","1","2"
"将夏贵攻正阳","1","1","2"
"同元帅撒里蛮","1","1","2"
"温州白塔屯寨","1","1","2"
"等处行中书参","1","1","2"
"处行中书参知","1","1","2"
"行中书参知政","1","1","2"
"使海外僧迦剌","1","1","2"
"海外僧迦剌国","1","1","2"
"土罕必阇耶降","2","0","2"
"丞相阿术南攻","1","1","2"
"相阿术南攻襄","1","1","2"
"阿术南攻襄阳","1","1","2"
"西行尚书省都","1","1","2"
"行尚书省都镇","1","1","2"
"尚书省都镇抚","1","1","2"
"丞相忙兀台讨","1","1","2"
"两浙盐运司同","1","1","2"
"浙盐运司同知","1","1","2"
"盐运司同知范","1","1","2"
"授河东民赋副","1","1","2"
"河东民赋副总","1","1","2"
"东民赋副总管","1","1","2"
"行军府奥鲁千","1","1","2"
"军府奥鲁千户","1","1","2"
"古都万户府知","1","1","2"
"都万户府知事","1","1","2"
"成宗大德四年","1","1","2"
"钞二十五万缗","1","1","2"
"行省参政河南","1","1","2"
"省参政河南淮","1","1","2"
"参政河南淮北","1","1","2"
"政河南淮北蒙","1","1","2"
"河南淮北蒙古","1","1","2"
"南淮北蒙古军","1","1","2"
"淮北蒙古军都","1","1","2"
"北蒙古军都万","1","1","2"
"古军都万户朵","1","1","2"
"军都万户朵列","1","1","2"
"都万户朵列图","1","1","2"
"副使万家闾犒","1","1","2"
"哈率小汪总帅","1","1","2"
"蒙古两都万户","1","1","2"
"廉访使董守中","1","1","2"
"兵甲五十五万","1","1","2"
"朝廷置行枢密","2","0","2"
"廷置行枢密院","2","0","2"
"遣都护月鲁帖","1","1","2"
"都护月鲁帖木","1","1","2"
"靖安王遣使四","1","1","2"
"江西行省员外","1","1","2"
"曾祖阔华八撒","1","1","2"
"祖阔华八撒术","1","1","2"
"江西胡参政杀","1","1","2"
"武宗亲率大军","1","1","2"
"迁江南行台御","2","0","2"
"中外翕然称贤","2","0","2"
"外翕然称贤相","2","0","2"
"立仁宗子英宗","1","1","2"
"指挥阿剌铁木","1","1","2"
"东路蒙古万户","1","1","2"
"路蒙古万户哈","1","1","2"
"蒙古万户哈剌","1","1","2"
"武宗命伯颜追","1","1","2"
"武宗大会诸王","1","1","2"
"八百顷助宿卫","1","1","2"
"分赐虎士三百","1","1","2"
"皇后伯牙吾氏","1","1","2"
"莱芜冶铁一年","1","1","2"
"枢密知院汪家","1","1","2"
"密知院汪家奴","1","1","2"
"翰林承旨沙剌","1","1","2"
"林承旨沙剌班","1","1","2"
"兵巡行红城诸","1","1","2"
"巡行红城诸处","1","1","2"
"请太子燕帖古","1","1","2"
"太子燕帖古思","1","1","2"
"南恩州阳春县","1","1","2"
"同知典瑞院事","1","1","2"
"汉军万户府达","1","1","2"
"加提调武备寺","1","1","2"
"提调武备寺事","1","1","2"
"加镇守海口侍","1","1","2"
"镇守海口侍卫","1","1","2"
"守海口侍卫亲","1","1","2"
"海口侍卫亲军","1","1","2"
"口侍卫亲军屯","1","1","2"
"侍卫亲军屯储","1","1","2"
"特命改封德王","1","1","2"
"帝王端居九重","1","1","2"
"雪郯王彻彻秃","1","1","2"
"参议孛罗帖木","1","1","2"
"诸卫兵十余万","1","1","2"
"卫兵十余万讨","1","1","2"
"左丞乌古孙良","1","1","2"
"丞乌古孙良桢","1","1","2"
"右丞悟良哈台","1","1","2"
"行省左丞相太","1","1","2"
"书平章政事月","1","1","2"
"平章政事月阔","1","1","2"
"章政事月阔察","1","1","2"
"知枢密院事雪","1","1","2"
"枢密院事雪雪","1","1","2"
"密院事雪雪代","1","1","2"
"云南大理宣慰","1","1","2"
"南大理宣慰司","1","1","2"
"大理宣慰司镇","1","1","2"
"理宣慰司镇西","1","1","2"
"宣慰司镇西路","1","1","2"
"罪者侥幸求免","1","1","2"
"山东田赋总管","1","1","2"
"东田赋总管府","1","1","2"
"御史大夫撒迪","1","1","2"
"史大夫撒迪传","1","1","2"
"大夫撒迪传旨","1","1","2"
"钦察亲军指挥","1","1","2"
"察亲军指挥使","1","1","2"
"章阁学士院供","1","1","2"
"阁学士院供奉","1","1","2"
"学士院供奉学","1","1","2"
"士院供奉学士","1","1","2"
"宗正府紥鲁火","2","0","2"
"正府紥鲁火赤","2","0","2"
"淮东肃政廉访","1","1","2"
"东肃政廉访使","1","1","2"
"前西台御史张","1","1","2"
"西台御史张桓","1","1","2"
"左司郎中汝中","1","1","2"
"司郎中汝中柏","1","1","2"
"员外郎伯帖木","1","1","2"
"时御史大夫先","2","0","2"
"西台御史蒙古","1","1","2"
"台御史蒙古鲁","1","1","2"
"御史蒙古鲁海","1","1","2"
"史蒙古鲁海牙","1","1","2"
"范文等十二人","1","1","2"
"达剌罕军帅王","1","1","2"
"者二万三千余","1","1","2"
"二万三千余户","1","1","2"
"千二百五十缗","1","1","2"
"福建盐课十三","1","1","2"
"建盐课十三万","1","1","2"
"盐课十三万引","1","1","2"
"擢陕西汉中道","2","0","2"
"陕西汉中道廉","1","1","2"
"西汉中道廉访","1","1","2"
"汉中道廉访副","1","1","2"
"中道廉访副使","1","1","2"
"管奎章阁工事","1","1","2"
"上都留守同知","1","1","2"
"特命太平同监","1","1","2"
"命太平同监修","1","1","2"
"太平同监修国","1","1","2"
"平同监修国史","1","1","2"
"请赐经筵讲官","1","1","2"
"赐经筵讲官坐","1","1","2"
"举隐士完者笃","1","1","2"
"中书参政孔思","1","1","2"
"书参政孔思立","1","1","2"
"参政孔思立等","1","1","2"
"侍御史撒马笃","1","1","2"
"御史欲害正人","1","1","2"
"知枢密院事刘","1","1","2"
"枢密院事刘哈","1","1","2"
"密院事刘哈剌","1","1","2"
"时右丞相搠思","1","1","2"
"家人造伪钞事","1","1","2"
"宦者资正院使","2","0","2"
"者资正院使朴","2","0","2"
"御史中丞秃鲁","1","1","2"
"史中丞秃鲁铁","1","1","2"
"中丞秃鲁铁木","1","1","2"
"知枢密院事纽","1","1","2"
"令监察御史买","1","1","2"
"监察御史买住","1","1","2"
"同知太常院事","1","1","2"
"知太常院事脱","1","1","2"
"太常院事脱欢","1","1","2"
"令伯撒里留太","1","1","2"
"伯撒里留太平","1","1","2"
"令御史大夫普","1","1","2"
"同知都护府事","1","1","2"
"进参议中书省","1","1","2"
"擢陕西行台侍","2","0","2"
"近畿饥民争赴","1","1","2"
"畿饥民争赴京","1","1","2"
"饥民争赴京城","1","1","2"
"张元朴等四人","1","1","2"
"靖州路总管府","1","1","2"
"靖州军民安抚","1","1","2"
"达识帖睦迩奉","1","1","2"
"识帖睦迩奉诏","1","1","2"
"诏江浙行省参","2","0","2"
"参知政事樊执","1","1","2"
"知政事樊执敬","1","1","2"
"海北宣慰使都","1","1","2"
"北宣慰使都元","1","1","2"
"达识帖睦迩方","2","0","2"
"识帖睦迩方倚","2","0","2"
"达识帖睦迩曰","2","0","2"
"强娶平章政事","1","1","2"
"娶平章政事庆","1","1","2"
"平章政事庆童","1","1","2"
"章政事庆童女","1","1","2"
"朝廷遣使征粮","1","1","2"
"士诚运米十余","1","1","2"
"诚运米十余万","1","1","2"
"运米十余万石","1","1","2"
"达识帖睦迩徒","1","1","2"
"台御史大夫普","1","1","2"
"史大夫普化帖","1","1","2"
"大夫普化帖木","1","1","2"
"花河南行省平","2","0","2"
"枢密知院雪雪","1","1","2"
"天子下诏尽夺","1","1","2"
"平章政事答失","1","1","2"
"章政事答失八","1","1","2"
"政事答失八都","1","1","2"
"事答失八都鲁","1","1","2"
"答失八都鲁征","1","1","2"
"知枢密院事完","1","1","2"
"枢密院事完者","1","1","2"
"密院事完者帖","1","1","2"
"院事完者帖木","1","1","2"
"知枢密院事悟","1","1","2"
"枢密院事悟良","1","1","2"
"密院事悟良哈","1","1","2"
"院事悟良哈台","1","1","2"
"事悟良哈台总","1","1","2"
"陕西行省右丞","1","1","2"
"同知河南行枢","1","1","2"
"知河南行枢密","1","1","2"
"河南行枢密院","1","1","2"
"南行枢密院事","1","1","2"
"本部探马赤军","1","1","2"
"部探马赤军三","1","1","2"
"平章咬住讨贼","2","0","2"
"答失八都鲁请","1","1","2"
"令屈万户率奇","1","1","2"
"屈万户率奇兵","1","1","2"
"加答失八都鲁","1","1","2"
"襄阳达鲁花赤","1","1","2"
"乌撒乌蒙元帅","1","1","2"
"撒乌蒙元帅成","1","1","2"
"乌蒙元帅成都","1","1","2"
"升四川行省右","1","1","2"
"四川行省右丞","1","1","2"
"花会军讨安丰","1","1","2"
"命答失八都鲁","1","1","2"
"诸王藩将兵马","1","1","2"
"朝廷差脱欢知","1","1","2"
"廷差脱欢知院","1","1","2"
"答失八都鲁父","1","1","2"
"失八都鲁父子","1","1","2"
"八都鲁父子亲","1","1","2"
"川行省左丞相","1","1","2"
"知院达理麻失","1","1","2"
"院达理麻失理","1","1","2"
"召翰林学士承","2","0","2"
"子刚僧私通宫","1","1","2"
"刚僧私通宫人","1","1","2"
"二十八年七月","1","1","2"
"历尚乘寺提点","1","1","2"
"太师脱脱南征","1","1","2"
"淮南行枢密院","1","1","2"
"南行枢密院副","1","1","2"
"安水等五十三","1","1","2"
"水等五十三寨","1","1","2"
"升知枢密院事","1","1","2"
"调右丞忽林台","1","1","2"
"右丞忽林台提","1","1","2"
"丞忽林台提兵","1","1","2"
"皇太子统兵迎","1","1","2"
"皇太子驰入城","2","0","2"
"太原扩廓帖木","1","1","2"
"孛罗帖木大恐","2","0","2"
"山东转运司副","1","1","2"
"东转运司副使","1","1","2"
"升中书平章政","1","1","2"
"监察御史吕思","1","1","2"
"察御史吕思诚","1","1","2"
"妻弟阿鲁浑沙","1","1","2"
"监察御史野仙","1","1","2"
"察御史野仙帖","1","1","2"
"御史野仙帖木","1","1","2"
"寒食国公追封","1","1","2"
"食国公追封王","1","1","2"
"国公追封王爵","1","1","2"
"寻江浙行省平","2","0","2"
"省平章政事失","1","1","2"
"平章政事失列","1","1","2"
"章政事失列门","1","1","2"
"政事失列门引","1","1","2"
"事失列门引兵","1","1","2"
"治书侍御史左","1","1","2"
"书侍御史左答","1","1","2"
"侍御史左答纳","1","1","2"
"御史左答纳失","1","1","2"
"史左答纳失理","1","1","2"
"左答纳失理守","1","1","2"
"答纳失理守城","1","1","2"
"纳失理守城中","1","1","2"
"中丞伯家奴戍","1","1","2"
"时湖广行省平","1","1","2"
"凤翔兵马判官","1","1","2"
"同知漳州路总","1","1","2"
"知漳州路总管","1","1","2"
"漳州路总管府","1","1","2"
"复翰林学士承","2","0","2"
"太后称太皇太","1","1","2"
"后称太皇太后","1","1","2"
"改同佥宣政院","1","1","2"
"同佥宣政院事","1","1","2"
"福建都转运盐","1","1","2"
"建都转运盐使","1","1","2"
"赐中书参议撒","1","1","2"
"中书参议撒迪","1","1","2"
"杭州达鲁花赤","1","1","2"
"州达鲁花赤位","1","1","2"
"谋害太师伯颜","1","1","2"
"寻参议中书省","2","0","2"
"奇男子烈丈夫","1","1","2"
"两淮万户府达","1","1","2"
"淮万户府达鲁","1","1","2"
"泰定元年五月","1","1","2"
"定元年五月八","1","1","2"
"元年五月八日","1","1","2"
"台州录事判官","1","1","2"
"秘书监著作郎","1","1","2"
"时御史大夫脱","1","1","2"
"玉白马致祭河","1","1","2"
"白马致祭河神","1","1","2"
"台州黄岩民方","1","1","2"
"州黄岩民方国","1","1","2"
"黄岩民方国珍","1","1","2"
"海道千户德流","1","1","2"
"烧掠沿海州郡","1","1","2"
"大司农达识帖","1","1","2"
"司农达识帖木","1","1","2"
"农达识帖木迩","1","1","2"
"达识帖木迩等","1","1","2"
"华欲命壮士袭","1","1","2"
"欲命壮士袭杀","1","1","2"
"吴澄弟子张恒","1","1","2"
"中书刑部主事","1","1","2"
"改中书礼部员","1","1","2"
"中书礼部员外","1","1","2"
"书礼部员外郎","1","1","2"
"佥浙东道廉访","1","1","2"
"浙东道廉访司","1","1","2"
"东道廉访司事","1","1","2"
"广西猫军五万","1","1","2"
"元帅阿思兰沿","1","1","2"
"怀宁县达鲁花","1","1","2"
"宁县达鲁花赤","1","1","2"
"县达鲁花赤伯","1","1","2"
"达鲁花赤伯家","1","1","2"
"鲁花赤伯家奴","1","1","2"
"花赤伯家奴战","1","1","2"
"赤伯家奴战死","1","1","2"
"赵普胜同青军","1","1","2"
"普胜同青军两","1","1","2"
"元帅胡伯颜统","1","1","2"
"帅胡伯颜统水","1","1","2"
"胡伯颜统水军","1","1","2"
"伯颜统水军戍","1","1","2"
"上游直捣小孤","1","1","2"
"游直捣小孤山","1","1","2"
"饶州祝寇攻西","1","1","2"
"州祝寇攻西门","1","1","2"
"授御药院达鲁","1","1","2"
"御药院达鲁花","1","1","2"
"药院达鲁花赤","1","1","2"
"山南两道廉访","1","1","2"
"南两道廉访司","1","1","2"
"两道廉访司事","1","1","2"
"擢河东道廉访","2","0","2"
"燕南道廉访副","1","1","2"
"南道廉访副使","1","1","2"
"开州达鲁花赤","1","1","2"
"州达鲁花赤石","1","1","2"
"朝廷遣宦官伯","1","1","2"
"廷遣宦官伯颜","1","1","2"
"遣宦官伯颜催","1","1","2"
"宦官伯颜催督","1","1","2"
"官伯颜催督绣","1","1","2"
"宣政院判官术","1","1","2"
"政院判官术邻","1","1","2"
"上都同知留守","1","1","2"
"天历二年八月","1","1","2"
"新李白昼杀掠","1","1","2"
"特赐答里麻白","1","1","2"
"赐答里麻白鹰","1","1","2"
"商议中书平章","1","1","2"
"议中书平章政","1","1","2"
"命脱忽台传旨","1","1","2"
"脱忽台传旨四","1","1","2"
"忽台传旨四怯","1","1","2"
"台传旨四怯薛","1","1","2"
"御史中丞蛮子","1","1","2"
"翰林学士明里","1","1","2"
"林学士明里董","1","1","2"
"学士明里董阿","1","1","2"
"月鲁帖木御史","2","0","2"
"鲁帖木御史时","2","0","2"
"皇太后命丞相","1","1","2"
"太后命丞相哈","1","1","2"
"南行省平章伯","1","1","2"
"本省参知政事","1","1","2"
"乾宁安抚司安","1","1","2"
"宁安抚司安置","1","1","2"
"帖木平章政事","2","0","2"
"复业者三万余","1","1","2"
"业者三万余家","1","1","2"
"湖东佥事三宝","1","1","2"
"东佥事三宝住","1","1","2"
"湖广地连江北","1","1","2"
"所谓伯父叔父","1","1","2"
"淮西廉访副使","1","1","2"
"决议调兵五百","1","1","2"
"遣卫官哈剌章","1","1","2"
"升本省平章政","1","1","2"
"章政事秃坚理","1","1","2"
"左右司郎中普","1","1","2"
"右司郎中普颜","1","1","2"
"弃城退保抚州","1","1","2"
"城退保抚州路","1","1","2"
"省平章政事道","1","1","2"
"平章政事道童","1","1","2"
"父阿鲁浑海牙","1","1","2"
"广德路达鲁花","1","1","2"
"德路达鲁花赤","1","1","2"
"弓匠提举马都","1","1","2"
"会福总管府治","1","1","2"
"福总管府治中","1","1","2"
"迁江浙行省左","2","0","2"
"江西廉访司事","1","1","2"
"江浙行枢密院","1","1","2"
"浙行枢密院事","1","1","2"
"广东廉访司经","1","1","2"
"粟二十四万石","1","1","2"
"右丞相脱脱南","1","1","2"
"丞相脱脱南征","1","1","2"
"长芦置局造海","1","1","2"
"芦置局造海船","1","1","2"
"置局造海船三","1","1","2"
"局造海船三百","1","1","2"
"造海船三百艘","1","1","2"
"团结西山八十","1","1","2"
"结西山八十二","1","1","2"
"西山八十二寨","1","1","2"
"转补御史台译","1","1","2"
"补御史台译史","1","1","2"
"佥山北道肃政","1","1","2"
"山北道肃政廉","1","1","2"
"南北兵马司巡","1","1","2"
"达礼麻识理能","1","1","2"
"改授塔世帖木","1","1","2"
"留守善安集兵","1","1","2"
"鲁忽赤月鲁帖","1","1","2"
"忽赤月鲁帖木","1","1","2"
"罕哈哈剌海行","1","1","2"
"哈哈剌海行枢","1","1","2"
"哈剌海行枢密","1","1","2"
"剌海行枢密知","1","1","2"
"海行枢密知院","1","1","2"
"行枢密知院益","1","1","2"
"枢密知院益老","1","1","2"
"密知院益老答","1","1","2"
"东西手八剌哈","1","1","2"
"西手八剌哈赤","1","1","2"
"授中书平章政","1","1","2"
"辽东丹王突欲","1","1","2"
"东丹王突欲八","1","1","2"
"丹王突欲八世","1","1","2"
"王突欲八世孙","1","1","2"
"后命近臣麻里","1","1","2"
"经国议制寅亮","1","1","2"
"国议制寅亮佐","1","1","2"
"议制寅亮佐运","1","1","2"
"制寅亮佐运功","1","1","2"
"寅亮佐运功臣","1","1","2"
"奏定法令三十","1","1","2"
"定法令三十七","1","1","2"
"法令三十七章","1","1","2"
"使西域三十余","1","1","2"
"西域三十余国","1","1","2"
"平阳道断事官","1","1","2"
"阳道断事官斜","1","1","2"
"道断事官斜彻","1","1","2"
"立河南道经略","1","1","2"
"河南道经略司","1","1","2"
"监河桥万户刘","1","1","2"
"河桥万户刘福","1","1","2"
"遗民二十余年","1","1","2"
"陕右四川宣抚","1","1","2"
"右四川宣抚使","1","1","2"
"世祖总统东师","2","0","2"
"江淮京湖南北","1","1","2"
"淮京湖南北路","1","1","2"
"京湖南北路宣","1","1","2"
"湖南北路宣抚","1","1","2"
"中都经略使苗","1","1","2"
"都经略使苗道","1","1","2"
"经略使苗道润","1","1","2"
"永定军节度使","1","1","2"
"雄州管内观察","1","1","2"
"金真定帅武仙","1","1","2"
"授柔行军千户","1","1","2"
"大帅察罕攻滁","1","1","2"
"帅察罕攻滁州","1","1","2"
"柔等八万户伐","1","1","2"
"等八万户伐宋","1","1","2"
"授弘略金虎符","1","1","2"
"顺天路管民总","1","1","2"
"天路管民总管","1","1","2"
"能载粟十石者","1","1","2"
"附者十余万家","1","1","2"
"辽水东西诸郡","1","1","2"
"清乐社四十余","1","1","2"
"授马步军都统","1","1","2"
"木华黎攻高州","1","1","2"
"金怀州元帅王","1","1","2"
"怀州元帅王荣","1","1","2"
"州元帅裴守谦","1","1","2"
"泽州太守王珍","1","1","2"
"命天倪回军真","1","1","2"
"天倪回军真定","1","1","2"
"山东东西道宣","1","1","2"
"东东西道宣慰","1","1","2"
"东西道宣慰使","1","1","2"
"武勇者二百人","1","1","2"
"长山等二十余","1","1","2"
"山等二十余城","1","1","2"
"富庶等十五城","1","1","2"
"获金将完颜胡","1","1","2"
"金将完颜胡速","1","1","2"
"北京留守银答","1","1","2"
"京留守银答忽","1","1","2"
"楼子崖等二十","1","1","2"
"子崖等二十余","1","1","2"
"崖等二十余寨","1","1","2"
"西山总帅兵马","1","1","2"
"度使赵守玉反","1","1","2"
"复聚众攻龙山","1","1","2"
"锦州旧将杜节","1","1","2"
"迁镇国上将军","2","0","2"
"所部降民都总","1","1","2"
"监军兵马元帅","1","1","2"
"坊等五十余城","1","1","2"
"木华黎攻青龙","1","1","2"
"获壮士五千人","1","1","2"
"授蒙古汉军兵","1","1","2"
"授右副北京等","1","1","2"
"右副北京等七","1","1","2"
"副北京等七路","1","1","2"
"北京等七路兵","1","1","2"
"京等七路兵马","1","1","2"
"等七路兵马都","1","1","2"
"利州等处总管","1","1","2"
"霸州御衣局人","1","1","2"
"州御衣局人匠","1","1","2"
"御衣局人匠都","1","1","2"
"衣局人匠都达","1","1","2"
"局人匠都达鲁","1","1","2"
"人匠都达鲁花","1","1","2"
"匠都达鲁花赤","1","1","2"
"行北京七路兵","1","1","2"
"北京七路兵马","1","1","2"
"京七路兵马都","1","1","2"
"兵马都元帅府","1","1","2"
"马都元帅府事","1","1","2"
"金将武仙真定","2","0","2"
"永安节度使刘","1","1","2"
"安节度使刘成","1","1","2"
"节度使刘成叛","1","1","2"
"河西征云南大","1","1","2"
"西征云南大理","1","1","2"
"持诏宣谕边郡","1","1","2"
"左丞张文谦宣","2","0","2"
"丞张文谦宣抚","2","0","2"
"元帅阔阔带统","1","1","2"
"帅阔阔带统兵","1","1","2"
"中兴等路行省","1","1","2"
"兴等路行省郎","1","1","2"
"等路行省郎中","1","1","2"
"山东东西道巡","1","1","2"
"东东西道巡行","1","1","2"
"东西道巡行劝","1","1","2"
"西道巡行劝农","1","1","2"
"道巡行劝农使","1","1","2"
"卢甲盗剪官布","1","1","2"
"学士承旨王磐","1","1","2"
"东平行台调民","1","1","2"
"金河南军攻彰","1","1","2"
"河南军攻彰德","1","1","2"
"实请主将张林","1","1","2"
"谒太师木华黎","1","1","2"
"将彭义斌率师","1","1","2"
"逃归益都者数","1","1","2"
"归益都者数十","1","1","2"
"益都者数十人","1","1","2"
"著拨行元帅府","1","1","2"
"拨行元帅府事","1","1","2"
"安东同知阿怜","1","1","2"
"金左副元帅移","1","1","2"
"左副元帅移剌","1","1","2"
"副元帅移剌都","1","1","2"
"等劝留哥称帝","1","1","2"
"按坦孛都罕入","1","1","2"
"留哥遣大夫乞","1","1","2"
"哥遣大夫乞奴","1","1","2"
"东夏国元帅胡","1","1","2"
"威宁防城千户","1","1","2"
"同国王木华黎","1","1","2"
"王木华黎攻破","1","1","2"
"木华黎攻破燕","1","1","2"
"华黎攻破燕京","1","1","2"
"大军攻下山东","1","1","2"
"军攻下山东诸","1","1","2"
"攻下山东诸州","1","1","2"
"赐名马二十匹","1","1","2"
"王木华黎攻凤","1","1","2"
"木华黎攻凤翔","1","1","2"
"兵四十万复取","1","1","2"
"四十万复取山","1","1","2"
"十万复取山后","1","1","2"
"万复取山后诸","1","1","2"
"复取山后诸州","1","1","2"
"乘胜攻破香山","1","1","2"
"胜攻破香山寨","1","1","2"
"同都元帅答海","1","1","2"
"都元帅答海绀","1","1","2"
"元帅答海绀卜","1","1","2"
"帅答海绀卜征","1","1","2"
"答海绀卜征西","1","1","2"
"海绀卜征西川","1","1","2"
"改授都总管万","1","1","2"
"授都总管万户","1","1","2"
"陕西诸军万户","1","1","2"
"应州郭志全反","1","1","2"
"时密力火者握","1","1","2"
"密力火者握重","1","1","2"
"力火者握重兵","1","1","2"
"成都路军民经","1","1","2"
"都路军民经略","1","1","2"
"路军民经略使","1","1","2"
"宋泸州守将刘","1","1","2"
"泸州守将刘整","1","1","2"
"宋泸州主帅俞","1","1","2"
"泸州主帅俞兴","1","1","2"
"陈擅造金银牌","1","1","2"
"授成都军民经","1","1","2"
"成都军民经略","1","1","2"
"都军民经略使","1","1","2"
"潼川路副招讨","1","1","2"
"川路副招讨使","1","1","2"
"京兆路奥鲁万","1","1","2"
"兆路奥鲁万户","1","1","2"
"制置夏贵率军","1","1","2"
"置夏贵率军五","1","1","2"
"夏贵率军五万","1","1","2"
"成都三百六十","1","1","2"
"都三百六十里","1","1","2"
"命平章赵宝臣","1","1","2"
"木华黎引见太","1","1","2"
"华黎引见太祖","1","1","2"
"木华黎取永清","1","1","2"
"古徐鬼国讹夷","1","1","2"
"徐鬼国讹夷朵","1","1","2"
"鬼国讹夷朵等","1","1","2"
"国讹夷朵等城","1","1","2"
"弗叉国唯算端","1","1","2"
"叉国唯算端罕","1","1","2"
"回纥帅阿必丁","1","1","2"
"纥帅阿必丁反","1","1","2"
"直捣风陵渡寨","1","1","2"
"破南山八十三","1","1","2"
"南山八十三寨","1","1","2"
"金将武仙军十","1","1","2"
"将武仙军十万","1","1","2"
"武仙军十万遇","1","1","2"
"斩首二万余级","1","1","2"
"试天下僧尼道","1","1","2"
"天下僧尼道士","1","1","2"
"选精通经文者","1","1","2"
"精通经文者千","1","1","2"
"通经文者千人","1","1","2"
"丞相史天泽所","1","1","2"
"相史天泽所器","1","1","2"
"史天泽所器重","1","1","2"
"金元帅崔立降","1","1","2"
"宗王旭烈兀西","1","1","2"
"王旭烈兀西征","1","1","2"
"守将火者纳失","1","1","2"
"父子相传四十","1","1","2"
"子相传四十二","1","1","2"
"相传四十二世","1","1","2"
"七十二弦琵琶","1","1","2"
"将住石致书请","1","1","2"
"住石致书请降","1","1","2"
"旭烈兀命侃西","1","1","2"
"烈兀命侃西渡","1","1","2"
"兀命侃西渡海","1","1","2"
"兴学校等二十","1","1","2"
"学校等二十五","1","1","2"
"校等二十五事","1","1","2"
"江汉大都督府","1","1","2"
"汉大都督府理","1","1","2"
"大都督府理问","1","1","2"
"都督府理问官","1","1","2"
"徐州总管李杲","1","1","2"
"州总管李杲哥","1","1","2"
"立屯田三百六","1","1","2"
"屯田三百六十","1","1","2"
"田三百六十所","1","1","2"
"屯置牛三百六","1","1","2"
"置牛三百六十","1","1","2"
"牛三百六十具","1","1","2"
"济南道士胡王","1","1","2"
"南道士胡王反","1","1","2"
"大小二百余战","1","1","2"
"陕西河东路行","1","1","2"
"西河东路行台","1","1","2"
"河东路行台兵","1","1","2"
"东路行台兵马","1","1","2"
"路行台兵马都","1","1","2"
"行台兵马都元","1","1","2"
"台兵马都元帅","1","1","2"
"劲兵五千留守","1","1","2"
"兵五千留守葭","1","1","2"
"五千留守葭芦","1","1","2"
"锦等二十六城","1","1","2"
"平利州贼刘四","1","1","2"
"利州贼刘四禄","1","1","2"
"兵马都提控元","1","1","2"
"马都提控元帅","1","1","2"
"木华黎攻益都","1","1","2"
"杨伯杰等掠义","1","1","2"
"伯杰等掠义州","1","1","2"
"川等州节度使","1","1","2"
"崇义军节度使","1","1","2"
"义州管内观察","1","1","2"
"金平章政事葛","1","1","2"
"咸平路宣抚使","1","1","2"
"平路宣抚使蒲","1","1","2"
"路宣抚使蒲鲜","1","1","2"
"宣城等十余城","1","1","2"
"兄淮安公奉表","1","1","2"
"淮安公奉表纳","1","1","2"
"安公奉表纳贡","1","1","2"
"大将唐兀台讨","1","1","2"
"主帅察罕伐宋","1","1","2"
"太平路军民达","1","1","2"
"平路军民达鲁","1","1","2"
"路军民达鲁花","1","1","2"
"擢参议中书省","2","0","2"
"监察御史郭章","1","1","2"
"哈剌哈孙受赃","1","1","2"
"河东南路兵马","1","1","2"
"东南路兵马都","1","1","2"
"南路兵马都总","1","1","2"
"本路兵马都总","1","1","2"
"元七年正月卒","1","1","2"
"尚书奏事官脱","1","1","2"
"书奏事官脱迭","1","1","2"
"进攻西夏诸国","1","1","2"
"木华黎取中原","1","1","2"
"郡王迄忒麾下","1","1","2"
"都元帅塔海征","1","1","2"
"元帅塔海征蜀","1","1","2"
"延安五路万户","1","1","2"
"河东北路行省","1","1","2"
"国王木华黎驻","1","1","2"
"王木华黎驻兵","1","1","2"
"木华黎驻兵桓","1","1","2"
"华黎驻兵桓州","1","1","2"
"授冀州行军都","1","1","2"
"冀州行军都元","1","1","2"
"州行军都元帅","1","1","2"
"真定二路达鲁","1","1","2"
"定二路达鲁花","1","1","2"
"立十道宣慰司","1","1","2"
"购求天下秘书","1","1","2"
"遣右副元帅神","1","1","2"
"右副元帅神撒","1","1","2"
"金将完颜合住","1","1","2"
"监军阿兴松哥","1","1","2"
"山东地广人稠","1","1","2"
"大将阿术鲁恐","1","1","2"
"荣单骑入城抚","1","1","2"
"大军南取钜鹿","1","1","2"
"遇金监军纳兰","1","1","2"
"金监军纳兰率","1","1","2"
"监军纳兰率冀","1","1","2"
"军纳兰率冀州","1","1","2"
"纳兰率冀州节","1","1","2"
"兰率冀州节度","1","1","2"
"率冀州节度使","1","1","2"
"冀州节度使柴","1","1","2"
"州节度使柴茂","1","1","2"
"节度使柴茂等","1","1","2"
"顺天都元帅张","1","1","2"
"天都元帅张柔","1","1","2"
"都元帅张柔上","1","1","2"
"赵三州招抚使","1","1","2"
"大小数十战皆","1","1","2"
"小数十战皆捷","1","1","2"
"遣使送银牌十","1","1","2"
"安武军节度使","1","1","2"
"冀二州元帅府","1","1","2"
"二州元帅府事","1","1","2"
"伯祥退保沥城","1","1","2"
"宋将彭义斌大","2","0","2"
"将彭义斌大名","2","0","2"
"真定五路万户","1","1","2"
"赵州庆源军节","1","1","2"
"州庆源军节度","1","1","2"
"庆源军节度副","1","1","2"
"源军节度副使","1","1","2"
"家奴二百余口","1","1","2"
"算大小一切诸","1","1","2"
"大小一切诸衙","1","1","2"
"小一切诸衙门","1","1","2"
"一切诸衙门等","1","1","2"
"切诸衙门等事","1","1","2"
"同知节度使事","1","1","2"
"恒州等处都元","1","1","2"
"招降民十余万","1","1","2"
"诸路元差军五","1","1","2"
"路元差军五千","1","1","2"
"元差军五千人","1","1","2"
"密令知府李济","1","1","2"
"同知中山府事","1","1","2"
"中山真定等路","1","1","2"
"山真定等路招","1","1","2"
"真定等路招讨","1","1","2"
"定等路招讨使","1","1","2"
"金吾卫大将军","1","1","2"
"俘老幼四千人","1","1","2"
"老幼四千人南","1","1","2"
"将马伯坚素闻","1","1","2"
"北西路兵马副","1","1","2"
"西路兵马副都","1","1","2"
"路兵马副都总","1","1","2"
"兵马副都总管","1","1","2"
"授知中山府事","1","1","2"
"霸州平曲水寨","1","1","2"
"州平曲水寨管","1","1","2"
"平曲水寨管民","1","1","2"
"曲水寨管民官","1","1","2"
"北京都元帅吾","1","1","2"
"北京东路汉军","1","1","2"
"京东路汉军二","1","1","2"
"东路汉军二万","1","1","2"
"国王塔思征河","1","1","2"
"王塔思征河南","1","1","2"
"锦州张鲸兄弟","1","1","2"
"镇戎军节度使","1","1","2"
"汾西霍山诸栅","1","1","2"
"攻破桢州雷家","1","1","2"
"破桢州雷家堡","1","1","2"
"总管京兆等路","1","1","2"
"管京兆等路事","1","1","2"
"后追封西秦王","1","1","2"
"同知大名路兵","1","1","2"
"知大名路兵马","1","1","2"
"大名路兵马都","1","1","2"
"名路兵马都总","1","1","2"
"兵马都总管事","1","1","2"
"野人原写山寨","1","1","2"
"功升宣武将军","1","1","2"
"处州路总管府","1","1","2"
"龙泉县张三八","1","1","2"
"杀庆元县达鲁","1","1","2"
"庆元县达鲁花","1","1","2"
"元县达鲁花赤","1","1","2"
"斩首三百余级","1","1","2"
"晁海相继降宋","1","1","2"
"行台马步军都","1","1","2"
"台马步军都总","1","1","2"
"东平路行军千","1","1","2"
"平路行军千户","1","1","2"
"欲赐晋亨金虎","1","1","2"
"赐晋亨金虎符","1","1","2"
"恩州管民万户","1","1","2"
"本道奥鲁万户","1","1","2"
"太祖遣兵攻破","1","1","2"
"祖遣兵攻破河","1","1","2"
"遣兵攻破河朔","1","1","2"
"浚等处行元帅","1","1","2"
"等处行元帅府","1","1","2"
"处行元帅府事","1","1","2"
"大名路安抚使","1","1","2"
"元帅梁仲先发","1","1","2"
"国王命仲妻冉","1","1","2"
"王命仲妻冉守","1","1","2"
"命仲妻冉守真","1","1","2"
"大名路尚书省","1","1","2"
"名路尚书省下","1","1","2"
"路尚书省下都","1","1","2"
"尚书省下都元","1","1","2"
"书省下都元帅","1","1","2"
"授同佥大名行","1","1","2"
"同佥大名行省","1","1","2"
"佥大名行省事","1","1","2"
"珍常身先诸将","1","1","2"
"本路军马管民","1","1","2"
"路军马管民次","1","1","2"
"军马管民次官","1","1","2"
"阿术鲁攻信安","1","1","2"
"皇太弟国王驻","1","1","2"
"太弟国王驻兵","1","1","2"
"弟国王驻兵河","1","1","2"
"国王驻兵河上","1","1","2"
"命总管新附军","1","1","2"
"总管新附军民","1","1","2"
"哥种田民户租","1","1","2"
"种田民户租赋","1","1","2"
"阿术鲁攻归德","1","1","2"
"东平军马攻钓","1","1","2"
"平军马攻钓鱼","1","1","2"
"军马攻钓鱼山","1","1","2"
"马攻钓鱼山苦","1","1","2"
"攻钓鱼山苦竹","1","1","2"
"钓鱼山苦竹寨","1","1","2"
"德州军民总管","1","1","2"
"武卫军副都指","1","1","2"
"卫军副都指挥","1","1","2"
"征东左副都元","1","1","2"
"招降淮南诸郡","1","1","2"
"降淮南诸郡邑","1","1","2"
"加奉国上将军","1","1","2"
"屯田总管下丁","1","1","2"
"绍兴浙江五翼","1","1","2"
"兴浙江五翼军","1","1","2"
"子良率千余人","1","1","2"
"总管陕西东路","1","1","2"
"管陕西东路兵","1","1","2"
"陕西东路兵马","1","1","2"
"升京东路行尚","1","1","2"
"京东路行尚书","1","1","2"
"东路行尚书省","1","1","2"
"济南诸路新军","1","1","2"
"南诸路新军千","1","1","2"
"诸路新军千户","1","1","2"
"同知淮西道宣","1","1","2"
"知淮西道宣慰","1","1","2"
"西道宣慰司事","1","1","2"
"十七年二月卒","1","1","2"
"改本路诸军镇","1","1","2"
"本路诸军镇抚","1","1","2"
"东平路总管府","1","1","2"
"平路总管府参","1","1","2"
"路总管府参议","1","1","2"
"皇太弟拖雷南","1","1","2"
"太弟拖雷南渡","1","1","2"
"改授征行千户","1","1","2"
"单三州管民总","1","1","2"
"三州管民总管","1","1","2"
"济南历城县人","1","1","2"
"功授中翼都统","1","1","2"
"升济南新旧军","1","1","2"
"济南新旧军万","1","1","2"
"南新旧军万户","1","1","2"
"改四川北道宣","2","0","2"
"入终南山读书","1","1","2"
"大军破紫荆关","1","1","2"
"节度使孙吴坚","1","1","2"
"度使孙吴坚守","1","1","2"
"行尚书六部事","1","1","2"
"太傅猛安率兵","1","1","2"
"傅猛安率兵南","1","1","2"
"猛安率兵南征","1","1","2"
"皇太弟国王分","1","1","2"
"率诸生行释菜","2","0","2"
"诸生行释菜礼","2","0","2"
"愿入城访求亲","1","1","2"
"入城访求亲族","1","1","2"
"族人数十口归","1","1","2"
"奉命持国书使","1","1","2"
"吏多乘乱贪暴","1","1","2"
"恒山公武仙降","1","1","2"
"庆源军节度使","1","1","2"
"真定等路万户","1","1","2"
"定等路万户府","1","1","2"
"等路万户府参","1","1","2"
"路万户府参谋","1","1","2"
"东平路奏差官","1","1","2"
"本府总管代行","1","1","2"
"冠氏等十七城","1","1","2"
"氏等十七城改","1","1","2"
"等十七城改隶","1","1","2"
"泰定军节度使","1","1","2"
"兖州管内观察","1","1","2"
"宋丞相富弼镇","1","1","2"
"丞相伯颜杀丁","1","1","2"
"相伯颜杀丁家","1","1","2"
"伯颜杀丁家洲","1","1","2"
"颜杀丁家洲降","1","1","2"
"杀丁家洲降卒","1","1","2"
"郡守许定国等","1","1","2"
"守许定国等四","1","1","2"
"许定国等四人","1","1","2"
"帝命中书令耶","1","1","2"
"命中书令耶律","1","1","2"
"边将劫皇子北","1","1","2"
"将劫皇子北安","1","1","2"
"劫皇子北安王","1","1","2"
"况臣才识浅薄","1","1","2"
"参议京兆宣抚","1","1","2"
"议京兆宣抚司","1","1","2"
"京兆宣抚司事","1","1","2"
"时阿合马擅权","2","0","2"
"留右丞阿里海","1","1","2"
"南安李梓发作","1","1","2"
"安李梓发作乱","1","1","2"
"太祖命哈赤吉","1","1","2"
"杀所置达鲁花","1","1","2"
"四十余城遗民","1","1","2"
"归附高丽军民","1","1","2"
"附高丽军民长","1","1","2"
"高丽军民长官","1","1","2"
"定宗命阿母罕","1","1","2"
"国王头辇哥讨","1","1","2"
"王头辇哥讨平","1","1","2"
"帝遣侍卫亲军","1","1","2"
"遣侍卫亲军千","1","1","2"
"卫亲军千户王","1","1","2"
"亲军千户王岑","1","1","2"
"罗州道监造战","1","1","2"
"州道监造战船","1","1","2"
"侄金永等七人","1","1","2"
"欣都率兵渡海","1","1","2"
"授东征右副都","1","1","2"
"东征右副都元","1","1","2"
"征右副都元帅","1","1","2"
"都元帅忽敦等","1","1","2"
"丞相伯颜北征","1","1","2"
"相伯颜北征叛","1","1","2"
"伯颜北征叛臣","1","1","2"
"高丽金州合浦","1","1","2"
"右丞范文虎等","1","1","2"
"定海等处渡海","1","1","2"
"监造战船七百","1","1","2"
"造战船七百艘","1","1","2"
"二十一年十一","1","1","2"
"叛王哈丹等窜","1","1","2"
"王哈丹等窜入","1","1","2"
"哈丹等窜入高","1","1","2"
"丹等窜入高丽","1","1","2"
"高丽民三百人","1","1","2"
"元帅孛鲁罕袭","1","1","2"
"命右卫指挥使","1","1","2"
"右卫指挥使秃","1","1","2"
"卫指挥使秃满","1","1","2"
"指挥使秃满歹","1","1","2"
"挥使秃满歹率","1","1","2"
"使秃满歹率轻","1","1","2"
"蒙古汉军都镇","1","1","2"
"古汉军都镇抚","1","1","2"
"宋黄州制置使","1","1","2"
"黄州制置使陈","1","1","2"
"州制置使陈奕","1","1","2"
"制置使陈奕降","1","1","2"
"元帅孛鲁罕攻","1","1","2"
"海州安抚丁顺","1","1","2"
"州安抚丁顺约","1","1","2"
"孛鲁罕令君祥","1","1","2"
"加辅国上将军","2","0","2"
"授辽阳行省右","1","1","2"
"东南海口辛桥","1","1","2"
"知枢密院暗伯","1","1","2"
"枢密院暗伯等","1","1","2"
"密院暗伯等奏","1","1","2"
"君祥始终一心","1","1","2"
"设儒学提举官","1","1","2"
"商议辽阳等处","1","1","2"
"议辽阳等处行","1","1","2"
"改商议行省事","1","1","2"
"宋将余侍郎烧","1","1","2"
"阳城县军民长","1","1","2"
"城县军民长官","1","1","2"
"六盘山经临洮","1","1","2"
"太原两路万户","1","1","2"
"北两路宣抚使","1","1","2"
"改佥书西蜀四","1","1","2"
"佥书西蜀四川","1","1","2"
"书西蜀四川行","1","1","2"
"川行尚书省事","1","1","2"
"改授淮西宣慰","1","1","2"
"授淮西宣慰使","1","1","2"
"战功授怀远大","1","1","2"
"功授怀远大将","1","1","2"
"赐白金五千两","1","1","2"
"湖广行枢密副","1","1","2"
"广行枢密副使","1","1","2"
"道经庐陵永新","1","1","2"
"时荆山西九十","1","1","2"
"荆山西九十里","1","1","2"
"河南经略大使","1","1","2"
"进伐木开道七","1","1","2"
"伐木开道七百","1","1","2"
"木开道七百余","1","1","2"
"开道七百余里","1","1","2"
"改授左翼屯田","1","1","2"
"授左翼屯田万","1","1","2"
"左翼屯田万户","1","1","2"
"镇远军节度使","1","1","2"
"巩昌便宜总帅","1","1","2"
"斩首三千余级","1","1","2"
"巩等二十余州","1","1","2"
"等二十余州事","1","1","2"
"二十余州事皆","1","1","2"
"十余州事皆听","1","1","2"
"天泽遣锐卒五","1","1","2"
"泽遣锐卒五十","1","1","2"
"济南五路万户","1","1","2"
"金将完颜合达","1","1","2"
"斩金将完颜庆","1","1","2"
"金将完颜庆山","1","1","2"
"将完颜庆山奴","1","1","2"
"白撒等败走蒲","1","1","2"
"撒等败走蒲城","1","1","2"
"新卫达鲁花赤","1","1","2"
"卫达鲁花赤撒","1","1","2"
"达鲁花赤撒吉","1","1","2"
"鲁花赤撒吉思","1","1","2"
"宪宗赐卫州五","1","1","2"
"宗赐卫州五城","1","1","2"
"天泽举唐韦澳","1","1","2"
"泽举唐韦澳告","1","1","2"
"文炳率义士四","1","1","2"
"炳率义士四十","1","1","2"
"率义士四十六","1","1","2"
"义士四十六骑","1","1","2"
"山东东路宣抚","1","1","2"
"东东路宣抚使","1","1","2"
"山东东路经略","1","1","2"
"东东路经略使","1","1","2"
"代史氏两万户","1","1","2"
"邓州光化行军","1","1","2"
"州光化行军万","1","1","2"
"光化行军万户","1","1","2"
"河南等路统军","1","1","2"
"南等路统军副","1","1","2"
"等路统军副使","1","1","2"
"臣所部千户私","1","1","2"
"所部千户私役","1","1","2"
"部千户私役兵","1","1","2"
"千户私役兵士","1","1","2"
"户私役兵士四","1","1","2"
"私役兵士四人","1","1","2"
"山东路统军副","1","1","2"
"东路统军副使","1","1","2"
"获战船七百艘","1","1","2"
"文炳命招讨使","1","1","2"
"炳命招讨使王","1","1","2"
"命招讨使王世","1","1","2"
"招讨使王世强","1","1","2"
"伯颜命文炳入","1","1","2"
"天下三百余年","1","1","2"
"臣等奉天威平","1","1","2"
"等奉天威平宋","1","1","2"
"忠勤朕所素知","1","1","2"
"张世杰奉吉王","1","1","2"
"文蔚率邓州一","1","1","2"
"蔚率邓州一军","1","1","2"
"率邓州一军西","1","1","2"
"邓州一军西行","1","1","2"
"太师博鲁欢攻","1","1","2"
"师博鲁欢攻扬","1","1","2"
"博鲁欢攻扬州","1","1","2"
"州守将姜才乘","1","1","2"
"昼战必能制敌","1","1","2"
"侍卫亲军诸卫","1","1","2"
"主将观望退缩","1","1","2"
"师征八百媳妇","1","1","2"
"然后聚粮选兵","1","1","2"
"汴梁行省平章","1","1","2"
"梁行省平章政","1","1","2"
"亲王合必赤讨","1","1","2"
"涨送衣粮入城","1","1","2"
"宋相贾似道督","1","1","2"
"相贾似道督兵","1","1","2"
"圣恩待士卒诚","1","1","2"
"恩待士卒诚厚","1","1","2"
"州都统姜才所","1","1","2"
"都统姜才所统","1","1","2"
"夺战舰八十艘","1","1","2"
"授蒙古汉军都","1","1","2"
"崖山东西对峙","1","1","2"
"北面一军乘潮","1","1","2"
"邢台节度使府","1","1","2"
"台节度使府令","1","1","2"
"节度使府令史","1","1","2"
"天生成吉思皇","1","1","2"
"生成吉思皇帝","1","1","2"
"林侍读学士窦","1","1","2"
"侍读学士窦默","1","1","2"
"太保刘秉忠同","1","1","2"
"保刘秉忠同学","1","1","2"
"选近侍脱兀脱","1","1","2"
"淄州妖人胡王","1","1","2"
"州妖人胡王惑","1","1","2"
"妖人胡王惑众","1","1","2"
"江淮荆湖南北","1","1","2"
"淮荆湖南北等","1","1","2"
"荆湖南北等路","1","1","2"
"湖南北等路宣","1","1","2"
"南北等路宣抚","1","1","2"
"公同受命南征","1","1","2"
"越沿海巨舶大","1","1","2"
"沿海巨舶大舰","1","1","2"
"召真金太子镇","1","1","2"
"遣副使刘仁杰","1","1","2"
"相伯颜奉诏南","1","1","2"
"伯颜奉诏南伐","1","1","2"
"遣礼部尚书中","1","1","2"
"礼部尚书中都","1","1","2"
"部尚书中都海","1","1","2"
"尚书中都海牙","1","1","2"
"弟行枢密院都","1","1","2"
"行枢密院都事","1","1","2"
"枢密院都事郝","1","1","2"
"密院都事郝庸","1","1","2"
"院都事郝庸入","1","1","2"
"都事郝庸入宋","1","1","2"
"燕京行台郎中","1","1","2"
"置屯田经略司","1","1","2"
"宋太祖遣曹彬","1","1","2"
"太祖遣曹彬取","1","1","2"
"祖遣曹彬取南","1","1","2"
"遣曹彬取南唐","1","1","2"
"知枢密院伯颜","1","1","2"
"杨惟中奉旨招","1","1","2"
"许衡朝暮讲习","1","1","2"
"加昭文馆大学","1","1","2"
"朕求贤三十年","1","1","2"
"宋将彭义斌守","1","1","2"
"将彭义斌守大","1","1","2"
"彭义斌守大名","1","1","2"
"安抚司计议官","1","1","2"
"东平行台严实","1","1","2"
"丞相耶律楚材","1","1","2"
"子贞多方赈救","1","1","2"
"故东平一时人","1","1","2"
"子贞仿前代观","1","1","2"
"贞仿前代观察","1","1","2"
"仿前代观察采","1","1","2"
"前代观察采访","1","1","2"
"分三道纠察官","1","1","2"
"三道纠察官吏","1","1","2"
"参议东平路事","1","1","2"
"提举太常礼乐","1","1","2"
"诏子贞参议军","1","1","2"
"子贞参议军前","1","1","2"
"贞参议军前行","1","1","2"
"参议军前行中","1","1","2"
"议军前行中书","1","1","2"
"军前行中书省","1","1","2"
"前行中书省事","1","1","2"
"丞相耶律铸行","1","1","2"
"浑都海合军南","1","1","2"
"良臣令军士下","1","1","2"
"臣令军士下马","1","1","2"
"兴元判官费寅","1","1","2"
"行四川行枢密","1","1","2"
"封皇子忙阿剌","1","1","2"
"姑行王相府事","1","1","2"
"威胜军节度使","1","1","2"
"立邢州安抚司","1","1","2"
"陕西省左丞相","1","1","2"
"死者二十余人","2","0","2"
"立陕西四川宣","1","1","2"
"刘黑马二宣抚","1","1","2"
"良弼舍舟登岸","1","1","2"
"隋文帝遣裴清","1","1","2"
"江南士人多废","1","1","2"
"聘名士王鹗等","1","1","2"
"断事官牙老瓦","1","1","2"
"事官牙老瓦赤","1","1","2"
"官牙老瓦赤持","1","1","2"
"河南刘万户贪","1","1","2"
"南刘万户贪淫","1","1","2"
"江淮荆湖经略","1","1","2"
"淮荆湖经略使","1","1","2"
"同行汉军都元","1","1","2"
"行汉军都元帅","1","1","2"
"汉军都元帅府","1","1","2"
"军都元帅府事","1","1","2"
"士卒溺死甚众","1","1","2"
"将士三百余人","1","1","2"
"东京等路中书","1","1","2"
"京等路中书省","1","1","2"
"若朝廷遣兵护","1","1","2"
"正大四年经义","1","1","2"
"大四年经义进","1","1","2"
"四年经义进士","1","1","2"
"授归德府录事","1","1","2"
"归德府录事判","1","1","2"
"德府录事判官","1","1","2"
"宋荆湖制置司","1","1","2"
"荆湖制置司素","1","1","2"
"东平总管严实","1","1","2"
"平总管严实兴","1","1","2"
"总管严实兴学","1","1","2"
"管严实兴学养","1","1","2"
"严实兴学养士","1","1","2"
"都等路宣抚副","1","1","2"
"等路宣抚副使","1","1","2"
"命磐参议行省","1","1","2"
"磐参议行省事","1","1","2"
"衡水县达鲁花","1","1","2"
"水县达鲁花赤","1","1","2"
"县达鲁花赤忙","1","1","2"
"达鲁花赤忙兀","1","1","2"
"听通事舍人传","1","1","2"
"通事舍人传呼","1","1","2"
"子祭酒许衡将","1","1","2"
"御史台纠察朝","1","1","2"
"史台纠察朝廷","1","1","2"
"台纠察朝廷百","1","1","2"
"纠察朝廷百官","1","1","2"
"宰相执政者二","1","1","2"
"相执政者二十","1","1","2"
"执政者二十余","1","1","2"
"政者二十余人","1","1","2"
"中进士第一甲","1","1","2"
"进士第一甲第","1","1","2"
"士第一甲第一","1","1","2"
"授应奉翰林文","1","1","2"
"行蔡州汝阳令","1","1","2"
"金正大四年进","1","1","2"
"正大四年进士","1","1","2"
"燕京路课税官","1","1","2"
"山东提刑按察","1","1","2"
"承制命忽兰吉","2","0","2"
"制命忽兰吉佩","2","0","2"
"命忽兰吉佩银","1","1","2"
"忽兰吉佩银符","1","1","2"
"取合江大获山","1","1","2"
"都元帅阿答忽","1","1","2"
"攻苦竹隘山寨","1","1","2"
"宪宗命忽兰吉","1","1","2"
"汉军二千五百","1","1","2"
"世祖遣忽兰吉","1","1","2"
"二十四州兵追","1","1","2"
"宗王哈必赤等","1","1","2"
"合纳忽石温地","1","1","2"
"同佥总帅汪良","1","1","2"
"佥总帅汪良臣","1","1","2"
"陷大梁平山寨","1","1","2"
"夔东路招讨使","1","1","2"
"立章广平山寨","1","1","2"
"凤翔三路管军","1","1","2"
"翔三路管军都","1","1","2"
"三路管军都尉","1","1","2"
"同知利州宣抚","1","1","2"
"知利州宣抚使","1","1","2"
"授四川北道宣","1","1","2"
"谕诸蛮酋长率","1","1","2"
"诸蛮酋长率众","1","1","2"
"商议本省军事","1","1","2"
"宋将夏贵率战","1","1","2"
"将夏贵率战船","1","1","2"
"夏贵率战船三","1","1","2"
"贵率战船三千","1","1","2"
"率战船三千艘","1","1","2"
"战船三千艘援","1","1","2"
"功加宣威将军","1","1","2"
"余党兀斤末台","1","1","2"
"建行中书省参","1","1","2"
"颜余党哈丹秃","1","1","2"
"余党哈丹秃鲁","1","1","2"
"党哈丹秃鲁干","1","1","2"
"枢密副使哈答","1","1","2"
"潼关守将王彦","1","1","2"
"关守将王彦弼","1","1","2"
"火里台见弼所","1","1","2"
"里台见弼所挽","1","1","2"
"伯颜授弼三千","1","1","2"
"颜授弼三千人","1","1","2"
"黄州等路宣慰","2","0","2"
"州等路宣慰使","2","0","2"
"江行枢密院事","1","1","2"
"行淮东宣慰使","1","1","2"
"遥授尚书省左","1","1","2"
"授尚书省左丞","1","1","2"
"行浙东宣慰使","1","1","2"
"退保麻喏八歇","1","1","2"
"葛郎兵十余万","1","1","2"
"所藏珍宝入朝","1","1","2"
"行六十八日夜","1","1","2"
"渡海二十五万","1","1","2"
"海二十五万里","1","1","2"
"使者严忠范等","1","1","2"
"相持四十余日","1","1","2"
"宋参知政事陈","1","1","2"
"参知政事陈文","1","1","2"
"知政事陈文龙","1","1","2"
"制置印德傅等","1","1","2"
"都元帅忙古台","1","1","2"
"元帅忙古台平","1","1","2"
"邵武人高日新","1","1","2"
"招讨使行右副","1","1","2"
"讨使行右副都","1","1","2"
"使行右副都元","1","1","2"
"行右副都元帅","1","1","2"
"陈吊眼聚众十","1","1","2"
"吊眼聚众十万","1","1","2"
"行尚书省参知","1","1","2"
"参知政事行福","1","1","2"
"知政事行福建","1","1","2"
"政事行福建宣","1","1","2"
"事行福建宣慰","1","1","2"
"行福建宣慰使","1","1","2"
"汀州总管府同","1","1","2"
"总管府同知阿","1","1","2"
"管府同知阿里","1","1","2"
"益都新军千户","1","1","2"
"阿术率诸军进","1","1","2"
"征东行省左丞","1","1","2"
"江淮参政伯颜","1","1","2"
"建行省左丞忽","1","1","2"
"罗鬼女子蛇节","1","1","2"
"鬼女子蛇节反","1","1","2"
"皇子安西王镇","1","1","2"
"川行枢密院副","1","1","2"
"四川合兵三万","1","1","2"
"议枢密院事费","1","1","2"
"枢密院事费正","1","1","2"
"密院事费正寅","1","1","2"
"同知京兆总管","1","1","2"
"知京兆总管府","1","1","2"
"京兆总管府事","1","1","2"
"降民三千八百","1","1","2"
"民三千八百户","1","1","2"
"三千八百户没","1","1","2"
"忽辛中书右丞","2","0","2"
"钞二千五百贯","1","1","2"
"命参政温迪罕","1","1","2"
"中书左丞耶律","1","1","2"
"书左丞耶律老","1","1","2"
"左丞耶律老哥","1","1","2"
"丞耶律老哥劝","1","1","2"
"耶律老哥劝雄","1","1","2"
"律老哥劝雄飞","1","1","2"
"河北道宣慰使","1","1","2"
"湖行省平章政","1","1","2"
"光州荜山农民","1","1","2"
"殿下能行圣人","1","1","2"
"精选白金良匠","1","1","2"
"李冶等二十余","1","1","2"
"冶等二十余人","1","1","2"
"河东南北路宣","1","1","2"
"东南北路宣抚","1","1","2"
"豆粟二十万斛","1","1","2"
"始建十路征收","1","1","2"
"建十路征收课","1","1","2"
"十路征收课税","1","1","2"
"路征收课税使","1","1","2"
"河北东西路使","1","1","2"
"北东西路使王","1","1","2"
"东西路使王晋","1","1","2"
"授转运司知事","1","1","2"
"京兆榷课所长","1","1","2"
"兆榷课所长官","1","1","2"
"竹课分例钱充","1","1","2"
"赐银三十二铤","1","1","2"
"陕西宣抚司事","1","1","2"
"陕西四川规措","1","1","2"
"西四川规措军","1","1","2"
"四川规措军储","1","1","2"
"川规措军储转","1","1","2"
"规措军储转运","1","1","2"
"措军储转运使","1","1","2"
"路西蜀四川廉","1","1","2"
"西蜀四川廉访","1","1","2"
"蜀四川廉访都","1","1","2"
"四川廉访都转","1","1","2"
"川廉访都转运","1","1","2"
"廉访都转运使","1","1","2"
"河南行省调发","1","1","2"
"南行省调发军","1","1","2"
"行省调发军饷","1","1","2"
"淮东大都督府","1","1","2"
"俘获五百余人","1","1","2"
"丞相桑哥建议","1","1","2"
"广平章政事阔","1","1","2"
"平章政事阔里","1","1","2"
"章政事阔里吉","1","1","2"
"政事阔里吉思","1","1","2"
"归广西宣慰司","1","1","2"
"两江道宣慰副","1","1","2"
"江道宣慰副使","1","1","2"
"贺州官粟三千","1","1","2"
"州官粟三千五","1","1","2"
"官粟三千五百","1","1","2"
"粟三千五百石","1","1","2"
"三千五百石赈","1","1","2"
"千五百石赈饥","2","0","2"
"时行省平章哈","1","1","2"
"行省平章哈剌","1","1","2"
"省平章哈剌哈","1","1","2"
"平章哈剌哈孙","1","1","2"
"章哈剌哈孙察","1","1","2"
"海北元帅薛赤","1","1","2"
"北元帅薛赤干","1","1","2"
"掠男女四百八","1","1","2"
"男女四百八十","1","1","2"
"女四百八十二","1","1","2"
"四百八十二口","1","1","2"
"乌古孙泽奉使","1","1","2"
"海北海南廉访","1","1","2"
"北海南廉访使","1","1","2"
"北京宣抚司事","1","1","2"
"北京控制辽东","1","1","2"
"济南妖民作乱","1","1","2"
"加昭勇大将军","1","1","2"
"帝念关中重地","1","1","2"
"皇子安西王开","1","1","2"
"子安西王开府","1","1","2"
"王府吏卒横暴","1","1","2"
"府吏卒横暴扰","1","1","2"
"吏卒横暴扰民","1","1","2"
"卒横暴扰民者","1","1","2"
"路西蜀四川课","1","1","2"
"西蜀四川课程","1","1","2"
"蜀四川课程屯","1","1","2"
"四川课程屯田","1","1","2"
"川课程屯田事","1","1","2"
"太保刘秉忠北","1","1","2"
"保刘秉忠北上","1","1","2"
"中书左丞许衡","1","1","2"
"面陈水利六事","1","1","2"
"省雇车钱六万","1","1","2"
"雇车钱六万缗","1","1","2"
"榆河口径直开","1","1","2"
"小王村经滹沱","1","1","2"
"丹河余水相合","1","1","2"
"提举诸路河渠","1","1","2"
"长二百五十里","1","1","2"
"支渠大小六十","1","1","2"
"渠大小六十八","1","1","2"
"灌田九万余顷","1","1","2"
"兀郎海古渠甚","1","1","2"
"郎海古渠甚多","1","1","2"
"日月交食分数","1","1","2"
"月交食分数时","1","1","2"
"交食分数时刻","1","1","2"
"设监候官一十","1","1","2"
"监候官一十四","1","1","2"
"候官一十四员","1","1","2"
"引北山白浮泉","1","1","2"
"北山白浮泉水","1","1","2"
"合入旧运粮河","1","1","2"
"赐守敬钞万二","1","1","2"
"守敬钞万二千","1","1","2"
"敬钞万二千五","1","1","2"
"通惠河漕运事","1","1","2"
"议开铁幡竿渠","1","1","2"
"太史院校书郎","1","1","2"
"楮币千五百缗","1","1","2"
"木华黎曾孙硕","1","1","2"
"华黎曾孙硕德","1","1","2"
"黎曾孙硕德家","1","1","2"
"四曰朝见群臣","1","1","2"
"云南三十七部","1","1","2"
"南三十七部都","1","1","2"
"三十七部都元","1","1","2"
"十七部都元帅","1","1","2"
"七部都元帅宝","1","1","2"
"部都元帅宝合","1","1","2"
"史大夫博罗欢","1","1","2"
"广西道宣抚使","1","1","2"
"金齿甸七十城","1","1","2"
"临安广西道军","1","1","2"
"安广西道军民","1","1","2"
"广西道军民宣","1","1","2"
"西道军民宣抚","1","1","2"
"道军民宣抚使","1","1","2"
"何惟岩等随立","1","1","2"
"惟岩等随立道","1","1","2"
"四川南道宣慰","1","1","2"
"川南道宣慰使","1","1","2"
"云南行省参政","1","1","2"
"北京都转运使","1","1","2"
"庭珍金银数千","1","1","2"
"珍金银数千两","1","1","2"
"安南国达鲁花","1","1","2"
"南国达鲁花赤","1","1","2"
"遣使随庭珍入","1","1","2"
"襄阳行省郎中","1","1","2"
"授知归德府行","1","1","2"
"知归德府行枢","1","1","2"
"归德府行枢密","1","1","2"
"德府行枢密院","1","1","2"
"府行枢密院经","1","1","2"
"复二州达鲁花","1","1","2"
"二州达鲁花赤","1","1","2"
"平江路达鲁花","1","1","2"
"江路达鲁花赤","1","1","2"
"同知浙东宣慰","1","1","2"
"知浙东宣慰使","1","1","2"
"浙东宣慰使司","1","1","2"
"东宣慰使司事","1","1","2"
"鹤军士十余人","1","1","2"
"胡世雄等五人","1","1","2"
"功授奉议大夫","1","1","2"
"陕西四川道按","1","1","2"
"西四川道按察","1","1","2"
"四川道按察副","1","1","2"
"川道按察副使","1","1","2"
"川屯田经略副","1","1","2"
"屯田经略副使","1","1","2"
"川行枢密院发","1","1","2"
"行枢密院发兵","1","1","2"
"枢密院发兵围","1","1","2"
"诸蛮夷部宣慰","1","1","2"
"蛮夷部宣慰使","1","1","2"
"左丞汪惟正问","1","1","2"
"行省命庭瑞讨","1","1","2"
"叙州等处蛮夷","1","1","2"
"州等处蛮夷部","1","1","2"
"等处蛮夷部宣","1","1","2"
"处蛮夷部宣抚","1","1","2"
"蛮夷部宣抚使","1","1","2"
"书省左右司都","1","1","2"
"官粮四十余万","1","1","2"
"粮四十余万石","1","1","2"
"平阳路总管府","1","1","2"
"阳路总管府判","1","1","2"
"太平县民陈氏","1","1","2"
"福建所辖郡县","1","1","2"
"建所辖郡县五","1","1","2"
"所辖郡县五十","1","1","2"
"辖郡县五十余","1","1","2"
"朝廷一视同仁","1","1","2"
"使彼势穷力竭","1","1","2"
"谥曰茂行先生","1","1","2"
"免征西军数百","1","1","2"
"征西军数百家","1","1","2"
"升中书右丞相","1","1","2"
"河北河南宣慰","1","1","2"
"北河南宣慰司","1","1","2"
"贾居贞所器重","1","1","2"
"左司郎中周戭","2","0","2"
"将见民间凋耗","2","0","2"
"始言能令钞法","2","0","2"
"言能令钞法旧","2","0","2"
"始言能令百物","2","0","2"
"言能令百物贱","2","0","2"
"平阴县女子刘","1","1","2"
"阴县女子刘金","1","1","2"
"县女子刘金莲","1","1","2"
"大德三年六月","1","1","2"
"河北河南廉访","1","1","2"
"北河南廉访使","1","1","2"
"云南西南数千","1","1","2"
"南西南数千里","1","1","2"
"群蛮知大军将","1","1","2"
"子祭酒许衡讲","1","1","2"
"平章阿术统军","1","1","2"
"章阿术统军平","1","1","2"
"同知浙西宣慰","1","1","2"
"知浙西宣慰司","1","1","2"
"浙西宣慰司事","1","1","2"
"江淮行省参议","1","1","2"
"江西湖东道提","1","1","2"
"西湖东道提刑","1","1","2"
"湖东道提刑按","1","1","2"
"江浙军民欢声","1","1","2"
"边帅生事兴兵","1","1","2"
"一夫担米五斗","1","1","2"
"高丽平壤诸城","1","1","2"
"时江浙行省丞","1","1","2"
"浙行省丞相忙","1","1","2"
"行省丞相忙古","1","1","2"
"省丞相忙古台","1","1","2"
"追封彭城郡公","1","1","2"
"擢御史台都事","2","0","2"
"监察御史范方","1","1","2"
"察御史范方等","1","1","2"
"山东东西道按","1","1","2"
"东东西道按察","1","1","2"
"东西道按察使","1","1","2"
"同知高唐州事","1","1","2"
"同知绍兴路总","1","1","2"
"知绍兴路总管","1","1","2"
"兴路总管府事","1","1","2"
"同知两浙都转","1","1","2"
"知两浙都转运","1","1","2"
"两浙都转运司","1","1","2"
"浙都转运司事","1","1","2"
"调陕西汉中道","1","1","2"
"佥河南江北等","1","1","2"
"河东道提刑按","1","1","2"
"湖北道按察使","1","1","2"
"授陕西汉中道","1","1","2"
"授江西行省参","1","1","2"
"荣州节度判官","1","1","2"
"提点太医院事","1","1","2"
"内外诸王大臣","1","1","2"
"张文谦宣抚河","2","0","2"
"西夏行中书省","1","1","2"
"卫竹税提举司","1","1","2"
"命宗正薛彻干","1","1","2"
"劾江浙行省平","1","1","2"
"成宗命省台大","1","1","2"
"宗命省台大臣","1","1","2"
"河北河南肃政","1","1","2"
"北河南肃政廉","1","1","2"
"河南肃政廉访","1","1","2"
"南岸旧河口十","1","1","2"
"岸旧河口十一","1","1","2"
"钞八百五十余","1","1","2"
"八百五十余万","1","1","2"
"百五十余万贯","1","1","2"
"荆湖经略使乞","1","1","2"
"临安府安抚司","1","1","2"
"安府安抚司经","1","1","2"
"府安抚司经历","1","1","2"
"儒学教授彭宏","1","1","2"
"劾平章要束木","1","1","2"
"西行省平章马","1","1","2"
"行省平章马合","1","1","2"
"省平章马合谋","1","1","2"
"佥江东建康道","1","1","2"
"丞相史天泽镇","1","1","2"
"万户府掌书记","1","1","2"
"参议左壁总帅","1","1","2"
"议左壁总帅府","1","1","2"
"左壁总帅府事","1","1","2"
"淮西江北道提","1","1","2"
"西江北道提刑","1","1","2"
"江北道提刑按","1","1","2"
"米二十万石赈","1","1","2"
"陈时政十六策","1","1","2"
"丞相伯颜攻宋","1","1","2"
"川北道宣慰司","1","1","2"
"北道宣慰司经","1","1","2"
"道宣慰司经历","1","1","2"
"同知保宁路事","1","1","2"
"西蜀四川道提","1","1","2"
"蜀四川道提刑","1","1","2"
"陕西汉中道巡","1","1","2"
"西汉中道巡行","1","1","2"
"汉中道巡行劝","1","1","2"
"中道巡行劝农","1","1","2"
"西行中书省理","1","1","2"
"翰林待制杨恕","1","1","2"
"小学四书语录","1","1","2"
"皆门生故友所","1","1","2"
"门生故友所录","1","1","2"
"奉诏求贤江南","2","0","2"
"按察司经历郝","1","1","2"
"察司经历郝文","1","1","2"
"司经历郝文迎","1","1","2"
"学校贡举私议","1","1","2"
"特授奉议大夫","1","1","2"
"进阶太中大夫","1","1","2"
"治行省平章家","1","1","2"
"行省平章家奴","1","1","2"
"尚文等十六人","1","1","2"
"文等十六人同","1","1","2"
"浙东海右道肃","1","1","2"
"东海右道肃政","1","1","2"
"海右道肃政廉","1","1","2"
"右道肃政廉访","1","1","2"
"参知政事许师","1","1","2"
"知政事许师敬","1","1","2"
"五世祖秀安僖","1","1","2"
"世祖秀安僖王","1","1","2"
"祖秀安僖王子","1","1","2"
"真州司户参军","1","1","2"
"行台侍御史程","1","1","2"
"台侍御史程钜","1","1","2"
"程钜夫奉诏搜","1","1","2"
"钜夫奉诏搜访","1","1","2"
"二十四年六月","1","1","2"
"桐庐人戴汝惟","1","1","2"
"庐人戴汝惟家","1","1","2"
"江浙省臣赵简","1","1","2"
"岭北湖南道肃","1","1","2"
"北湖南道肃政","1","1","2"
"湖南道肃政廉","1","1","2"
"镇江路儒学正","1","1","2"
"翰林承旨阎复","1","1","2"
"授太常礼仪院","1","1","2"
"太常礼仪院经","1","1","2"
"常礼仪院经历","1","1","2"
"贼党赤斤铁木","1","1","2"
"召两院学士北","1","1","2"
"两院学士北上","1","1","2"
"奉旨纂集甲令","1","1","2"
"日蚀五十七秒","1","1","2"
"授时郎秋官正","1","1","2"
"改授奉直大夫","1","1","2"
"斋置伴读一人","1","1","2"
"大学四传小注","1","1","2"
"中庸章句续解","1","1","2"
"论语言仁通旨","1","1","2"
"斌攻西北铁坝","1","1","2"
"阿里海牙持酒","1","1","2"
"阿合马擅权日","2","0","2"
"合马擅权日甚","2","0","2"
"帝令御史大夫","1","1","2"
"令御史大夫相","1","1","2"
"江西四省军需","1","1","2"
"彧劾奏卢世荣","1","1","2"
"甘肃行省右丞","1","1","2"
"书平章政事麦","1","1","2"
"桑哥所设衙门","1","1","2"
"太医院使刘岳","1","1","2"
"医院使刘岳臣","1","1","2"
"建宁路总管马","1","1","2"
"宁路总管马谋","1","1","2"
"台监察御史周","1","1","2"
"监察御史周祚","1","1","2"
"松州达鲁花赤","1","1","2"
"州达鲁花赤长","1","1","2"
"达鲁花赤长孙","1","1","2"
"令木八剌沙上","1","1","2"
"令本处廉访司","1","1","2"
"河间盐运司官","1","1","2"
"间盐运司官吏","1","1","2"
"盐运司官吏盗","1","1","2"
"二万二千余锭","1","1","2"
"征八千九百余","1","1","2"
"八千九百余锭","1","1","2"
"欠一万三千一","1","1","2"
"一万三千一百","1","1","2"
"万三千一百余","1","1","2"
"三千一百余锭","1","1","2"
"江西廉访司官","1","1","2"
"西廉访司官术","1","1","2"
"河东廉访司官","1","1","2"
"东廉访司官忽","1","1","2"
"扬州盐运司受","1","1","2"
"万二千八百锭","1","1","2"
"宝泉提举张简","1","1","2"
"监察御史斡罗","1","1","2"
"察御史斡罗失","1","1","2"
"御史斡罗失剌","1","1","2"
"劾奏中丞崔彧","1","1","2"
"大都路总管沙","1","1","2"
"计五千三百缗","1","1","2"
"阿里浑撒里同","1","1","2"
"里浑撒里同翰","1","1","2"
"浑撒里同翰林","1","1","2"
"太学博士义乌","1","1","2"
"学博士义乌施","1","1","2"
"博士义乌施南","1","1","2"
"士义乌施南学","1","1","2"
"世祖命御史大","1","1","2"
"祖命御史大夫","1","1","2"
"命御史大夫相","1","1","2"
"浙西道儒学提","1","1","2"
"西道儒学提举","1","1","2"
"江西粮十七万","1","1","2"
"西粮十七万石","1","1","2"
"平江田四千亩","1","1","2"
"扬州儒学正李","1","1","2"
"州儒学正李淦","1","1","2"
"儒学正李淦上","1","1","2"
"学正李淦上书","1","1","2"
"御史中丞刘宣","1","1","2"
"御史大夫门答","1","1","2"
"史大夫门答占","1","1","2"
"问兵部郎中赵","1","1","2"
"兵部郎中赵孟","1","1","2"
"吉州路总管府","1","1","2"
"佥江浙行中书","1","1","2"
"浙行中书省事","1","1","2"
"佥江淮行尚书","1","1","2"
"江淮行尚书省","1","1","2"
"淮行尚书省事","1","1","2"
"八道劝农营田","1","1","2"
"劝农营田司事","1","1","2"
"劾江西营田使","1","1","2"
"江西营田使沙","1","1","2"
"陈天祥等十人","1","1","2"
"六万九千八百","1","1","2"
"万九千八百六","1","1","2"
"九千八百六十","1","1","2"
"千八百六十二","1","1","2"
"八百六十二顷","1","1","2"
"粟十五万一千","1","1","2"
"十五万一千一","1","1","2"
"五万一千一百","1","1","2"
"万一千一百斛","1","1","2"
"钞二千六百贯","1","1","2"
"麻丝二千七百","1","1","2"
"丝二千七百斤","1","1","2"
"转运司判官唐","1","1","2"
"运司判官唐申","1","1","2"
"平章政事张启","1","1","2"
"章政事张启元","1","1","2"
"李移住妄言惑","1","1","2"
"移住妄言惑众","1","1","2"
"宗亲海都作乱","1","1","2"
"马左丞爱惜汉","1","1","2"
"左丞爱惜汉人","1","1","2"
"集诸路总管三","1","1","2"
"诸路总管三十","1","1","2"
"路总管三十人","1","1","2"
"都城种苜蓿地","1","1","2"
"调山南湖北道","1","1","2"
"国朝名臣世勋","1","1","2"
"高丽沈阳王父","1","1","2"
"丽沈阳王父子","1","1","2"
"辽东丹王十世","1","1","2"
"东丹王十世孙","1","1","2"
"授户部员外郎","1","1","2"
"南京总管府判","1","1","2"
"京总管府判官","1","1","2"
"佥四川道提刑","1","1","2"
"西提刑按察副","1","1","2"
"同知保定路总","1","1","2"
"知保定路总管","1","1","2"
"保定路总管府","1","1","2"
"定路总管府事","1","1","2"
"南提刑按察使","1","1","2"
"肃政廉访司使","1","1","2"
"民尹执中兄弟","1","1","2"
"修建京师庙学","1","1","2"
"江淮行枢密副","1","1","2"
"淮行枢密副使","1","1","2"
"遣使巡行天下","1","1","2"
"南行御史台侍","1","1","2"
"府史胥徒数百","1","1","2"
"教坊使曹咬住","1","1","2"
"失列门传皇太","1","1","2"
"列门传皇太后","1","1","2"
"遣参议中书省","1","1","2"
"议中书省事换","1","1","2"
"中书省事换住","1","1","2"
"子治书侍御史","1","1","2"
"泰定元年六月","1","1","2"
"保禄养祸所致","1","1","2"
"前宰相铁木迭","1","1","2"
"杀亲王妃主百","1","1","2"
"亲王妃主百余","1","1","2"
"王妃主百余人","1","1","2"
"令鹰师强收郑","1","1","2"
"鹰师强收郑国","1","1","2"
"师强收郑国宝","1","1","2"
"强收郑国宝妻","1","1","2"
"收郑国宝妻古","1","1","2"
"郑国宝妻古哈","1","1","2"
"广州东莞县大","1","1","2"
"州东莞县大步","1","1","2"
"东莞县大步海","1","1","2"
"仅获小珠五两","1","1","2"
"获小珠五两六","1","1","2"
"小珠五两六两","1","1","2"
"后同知广州路","1","1","2"
"同知广州路事","1","1","2"
"知广州路事塔","1","1","2"
"广州路事塔塔","1","1","2"
"创设提举司监","1","1","2"
"设提举司监采","1","1","2"
"内正少卿魏暗","1","1","2"
"正少卿魏暗都","1","1","2"
"少卿魏暗都剌","1","1","2"
"帝王治国理财","1","1","2"
"公主桑哥剌吉","1","1","2"
"朝所赐僧寺田","1","1","2"
"国家金银珠玉","1","1","2"
"翰林学士吴澄","1","1","2"
"林学士吴澄等","1","1","2"
"珪商议中书省","1","1","2"
"哈剌哈孙称病","1","1","2"
"皇后深居九重","1","1","2"
"赖天地祖宗神","1","1","2"
"天地祖宗神灵","1","1","2"
"皇庆元年正月","1","1","2"
"李道复肯俯就","1","1","2"
"道复肯俯就集","1","1","2"
"复肯俯就集贤","1","1","2"
"建康路总管侯","1","1","2"
"山北廉访副使","1","1","2"
"道行御史台侍","1","1","2"
"史大夫脱欢答","1","1","2"
"大夫脱欢答剌","1","1","2"
"夫脱欢答剌罕","1","1","2"
"陕西诸道行御","2","0","2"
"西诸道行御史","2","0","2"
"关陕许衡倡道","1","1","2"
"陕许衡倡道学","1","1","2"
"四川廉访佥事","1","1","2"
"川廉访佥事阔","1","1","2"
"廉访佥事阔阔","1","1","2"
"御史观音保等","1","1","2"
"云南佥事范震","1","1","2"
"真州知州吕世","1","1","2"
"州知州吕世英","1","1","2"
"裕宗文惠明孝","1","1","2"
"宗文惠明孝皇","1","1","2"
"遵守祖宗成法","1","1","2"
"佛本西方圣人","1","1","2"
"授兵部员外郎","1","1","2"
"世祖选良家子","1","1","2"
"太子裁决天下","1","1","2"
"子裁决天下事","1","1","2"
"迁尚书户部令","1","1","2"
"尚书户部令史","1","1","2"
"升参议枢密院","1","1","2"
"河间盐运官亏","1","1","2"
"改同佥枢密院","2","0","2"
"右丞忙兀突鲁","1","1","2"
"丞忙兀突鲁迷","1","1","2"
"忙兀突鲁迷失","1","1","2"
"兀突鲁迷失请","1","1","2"
"二百七十万索","1","1","2"
"省平章政事哈","1","1","2"
"平章政事哈剌","1","1","2"
"章政事哈剌哈","1","1","2"
"政事哈剌哈孙","1","1","2"
"事哈剌哈孙答","1","1","2"
"右司员外郎高","1","1","2"
"劾江浙省臣听","1","1","2"
"江浙省臣听诏","1","1","2"
"中书省右司都","1","1","2"
"迁户部员外郎","1","1","2"
"时广西两江岑","1","1","2"
"广西两江岑雄","1","1","2"
"湖广宣慰使张","1","1","2"
"广宣慰使张国","1","1","2"
"宣慰使张国纪","1","1","2"
"命中书省纂集","1","1","2"
"中书省纂集典","1","1","2"
"书省纂集典章","1","1","2"
"迁留守司都事","1","1","2"
"改中书左司都","2","0","2"
"湖广省参知政","1","1","2"
"广省参知政事","1","1","2"
"时左丞相倒剌","1","1","2"
"计奏左丞相倒","1","1","2"
"奏左丞相倒剌","1","1","2"
"中书省检校官","1","1","2"
"元三年九月卒","1","1","2"
"同知大都路都","1","1","2"
"知大都路都总","1","1","2"
"大都路都总管","1","1","2"
"都路都总管府","1","1","2"
"路都总管府事","1","1","2"
"河东山西道宣","1","1","2"
"东山西道宣慰","1","1","2"
"山西道宣慰司","1","1","2"
"改陕西行台治","2","0","2"
"命威顺王征八","1","1","2"
"威顺王征八番","1","1","2"
"迁两浙盐运使","1","1","2"
"入参议枢密院","1","1","2"
"中书省左司郎","1","1","2"
"书省左司郎中","1","1","2"
"左丞相哈散辞","1","1","2"
"丞相哈散辞职","1","1","2"
"蒙古子女口粮","1","1","2"
"文宗天历元年","1","1","2"
"中书拨江浙盐","1","1","2"
"书拨江浙盐运","1","1","2"
"拨江浙盐运司","1","1","2"
"俺伯进西蕃铠","1","1","2"
"伯进西蕃铠甲","1","1","2"
"淮西道廉访使","1","1","2"
"辽东道廉访使","1","1","2"
"发海道粮十八","1","1","2"
"海道粮十八万","1","1","2"
"道粮十八万石","1","1","2"
"山东道廉访使","1","1","2"
"婺州路军民人","1","1","2"
"州路军民人匠","1","1","2"
"路军民人匠提","1","1","2"
"军民人匠提举","1","1","2"
"治书侍御史苟","1","1","2"
"书侍御史苟宗","1","1","2"
"侍御史苟宗道","1","1","2"
"同知桂阳路总","1","1","2"
"知桂阳路总管","1","1","2"
"桂阳路总管府","1","1","2"
"阳路总管府事","1","1","2"
"广西肃政廉访","1","1","2"
"临江路总管李","1","1","2"
"江路总管李倜","1","1","2"
"湖南宣慰副使","1","1","2"
"国子学弟子员","1","1","2"
"同考试国子伴","1","1","2"
"御史玉龙帖木","1","1","2"
"胜乘赐车迎诏","1","1","2"
"中书平章李孟","1","1","2"
"徽政使失里门","1","1","2"
"大夫秃忒哈杂","2","0","2"
"夫秃忒哈杂问","2","0","2"
"责前违太后旨","2","0","2"
"集贤大学士张","1","1","2"
"中书参议回回","1","1","2"
"特赠思顺佐理","1","1","2"
"赠思顺佐理功","1","1","2"
"思顺佐理功臣","1","1","2"
"特授檀州知州","1","1","2"
"前御史中丞杨","1","1","2"
"赤帖吉氏归铸","1","1","2"
"铸说浑都海等","1","1","2"
"定宗幼子大名","1","1","2"
"宗幼子大名王","1","1","2"
"世祖命希亮问","1","1","2"
"祖命希亮问诸","1","1","2"
"命希亮问诸降","1","1","2"
"希亮问诸降将","1","1","2"
"汉人盗钞六文","1","1","2"
"人盗钞六文者","1","1","2"
"盗钞六文者杀","1","1","2"
"蒙古汉军征行","1","1","2"
"古汉军征行大","1","1","2"
"汉军征行大元","1","1","2"
"军征行大元帅","1","1","2"
"功袭父元帅职","1","1","2"
"文州吐蕃万户","1","1","2"
"州吐蕃万户达","1","1","2"
"吐蕃万户达鲁","1","1","2"
"蕃万户达鲁花","1","1","2"
"万户达鲁花赤","1","1","2"
"南行御史台都","1","1","2"
"行御史台都事","1","1","2"
"奉诏汉人参政","1","1","2"
"巴县闲田七百","1","1","2"
"县闲田七百八","1","1","2"
"闲田七百八十","1","1","2"
"田七百八十三","1","1","2"
"七百八十三顷","1","1","2"
"万一千七百石","1","1","2"
"许乘小车入内","1","1","2"
"范阳儒学教谕","1","1","2"
"特授中议大夫","1","1","2"
"东廉访副使王","1","1","2"
"廉访副使王鹏","1","1","2"
"访副使王鹏南","1","1","2"
"米三十斛送元","1","1","2"
"三十斛送元复","1","1","2"
"十斛送元复初","1","1","2"
"升翰林直学士","1","1","2"
"兴圣太后受尊","1","1","2"
"圣太后受尊号","1","1","2"
"升翰林侍讲学","1","1","2"
"大成殿新赐登","1","1","2"
"成殿新赐登歌","1","1","2"
"殿新赐登歌乐","1","1","2"
"贤侍读学士王","1","1","2"
"侍读学士王结","1","1","2"
"书平章政事赵","1","1","2"
"礼部尚书马祖","1","1","2"
"部尚书马祖常","1","1","2"
"翰林修撰谢端","1","1","2"
"国子助教陈旅","1","1","2"
"通事舍人王士","1","1","2"
"事舍人王士点","1","1","2"
"史中丞赵世安","1","1","2"
"中丞赵世安乘","1","1","2"
"妥欢帖穆太子","2","0","2"
"老臣赴上都议","1","1","2"
"章阁大学士忽","1","1","2"
"阁大学士忽都","1","1","2"
"学士忽都鲁笃","1","1","2"
"授翰林国史院","2","0","2"
"时平章李孟监","1","1","2"
"平章李孟监修","1","1","2"
"章李孟监修国","1","1","2"
"李孟监修国史","1","1","2"
"集贤学士王约","1","1","2"
"授经郎揭曼硕","1","1","2"
"经郎揭曼硕所","1","1","2"
"奎章阁供奉学","1","1","2"
"章阁供奉学士","1","1","2"
"品进阶中奉大","1","1","2"
"明宗神御殿碑","1","1","2"
"学问文章知史","2","0","2"
"问文章知史事","2","0","2"
"等处儒学提举","1","1","2"
"除翰林直学士","2","0","2"
"江山县儒学教","1","1","2"
"山县儒学教谕","1","1","2"
"退居深袅山中","1","1","2"
"孟子弟子列传","1","1","2"
"调长芗书院山","1","1","2"
"长芗书院山长","1","1","2"
"福山县学教谕","1","1","2"
"中书参政杨廷","1","1","2"
"书参政杨廷玉","1","1","2"
"江南行台侍御","1","1","2"
"南行台侍御史","1","1","2"
"编修四朝实录","1","1","2"
"广行中书省右","1","1","2"
"赠崇仁昭德推","1","1","2"
"崇仁昭德推忠","1","1","2"
"仁昭德推忠守","1","1","2"
"昭德推忠守正","1","1","2"
"德推忠守正功","1","1","2"
"推忠守正功臣","1","1","2"
"读书一目五行","1","1","2"
"授开宁路学正","1","1","2"
"授同知辽州事","2","0","2"
"壬独率弓箭手","1","1","2"
"史大夫纽泽先","1","1","2"
"书平章政事王","1","1","2"
"淮都转运盐司","1","1","2"
"都转运盐司使","1","1","2"
"章阁学士院侍","1","1","2"
"阁学士院侍书","1","1","2"
"学士院侍书学","1","1","2"
"士院侍书学士","1","1","2"
"达鲁花赤完卜","1","1","2"
"书平章政事彻","1","1","2"
"章政事彻理帖","1","1","2"
"政事彻理帖木","1","1","2"
"监察御史答兰","1","1","2"
"二十四年九月","1","1","2"
"十四年九月二","1","1","2"
"四年九月二十","1","1","2"
"年九月二十一","1","1","2"
"九月二十一日","1","1","2"
"月二十一日卒","1","1","2"
"兵征郁林州徭","1","1","2"
"征郁林州徭民","1","1","2"
"枢密副使王卜","1","1","2"
"密副使王卜邻","1","1","2"
"副使王卜邻吉","1","1","2"
"使王卜邻吉台","1","1","2"
"河东廉访副使","1","1","2"
"宁宗三朝实录","1","1","2"
"云南都元帅述","1","1","2"
"南都元帅述律","1","1","2"
"都元帅述律铎","1","1","2"
"宜宾县尹杨济","1","1","2"
"宾县尹杨济亨","1","1","2"
"蟠龙山建宪宗","1","1","2"
"龙山建宪宗神","1","1","2"
"山建宪宗神御","1","1","2"
"建宪宗神御殿","1","1","2"
"儒学提举谢晋","1","1","2"
"学提举谢晋贤","1","1","2"
"提举谢晋贤请","1","1","2"
"山西道肃政廉","1","1","2"
"安西王月鲁帖","1","1","2"
"西王月鲁帖木","1","1","2"
"枢密院掾史田","1","1","2"
"密院掾史田甲","1","1","2"
"登治元年进士","2","0","2"
"治元年进士第","2","0","2"
"入翰林国史院","2","0","2"
"迁河东道廉访","1","1","2"
"除江南行台治","2","0","2"
"廉访使曾文博","1","1","2"
"奉使代天子行","1","1","2"
"使代天子行事","1","1","2"
"林学士承旨一","1","1","2"
"学士承旨一品","1","1","2"
"襄阳县儒学教","1","1","2"
"阳县儒学教谕","1","1","2"
"汴梁路儒学正","1","1","2"
"河东道廉访司","1","1","2"
"中书参议元明","1","1","2"
"书参议元明善","1","1","2"
"中书右司都事","1","1","2"
"召集贤侍讲学","2","0","2"
"山东道肃政廉","1","1","2"
"京畿奉使宣抚","1","1","2"
"九百四十九人","1","1","2"
"南剑路顺昌县","1","1","2"
"剑路顺昌县尹","1","1","2"
"赐平江田八千","1","1","2"
"平江田八千亩","1","1","2"
"特授都中少中","1","1","2"
"授都中少中大","1","1","2"
"都中少中大夫","1","1","2"
"平江路总管府","1","1","2"
"江路总管府治","1","1","2"
"路总管府治中","1","1","2"
"湖北道宣慰副","1","1","2"
"北道宣慰副使","1","1","2"
"邻州茶陵富民","1","1","2"
"州茶陵富民覃","1","1","2"
"茶陵富民覃乙","1","1","2"
"陵富民覃乙死","1","1","2"
"福建闽海道肃","1","1","2"
"建闽海道肃政","1","1","2"
"建道宣慰使都","1","1","2"
"整点七路军马","1","1","2"
"广东道宣慰使","1","1","2"
"佩元降金虎符","1","1","2"
"淮都转运盐使","1","1","2"
"江浙行省照磨","1","1","2"
"治书侍御史张","1","1","2"
"书侍御史张伯","1","1","2"
"侍御史张伯高","1","1","2"
"两浙盐运司使","1","1","2"
"湖南道廉访使","1","1","2"
"调海道都漕运","1","1","2"
"海道都漕运万","1","1","2"
"道都漕运万户","1","1","2"
"太禧宗禋院都","2","0","2"
"禧宗禋院都事","2","0","2"
"上下三千余年","1","1","2"
"设置群牧使司","1","1","2"
"三考连任京官","1","1","2"
"元统二年五月","1","1","2"
"淮西道廉访副","1","1","2"
"广行中书省参","1","1","2"
"命庐州路总管","1","1","2"
"庐州路总管杭","1","1","2"
"州路总管杭州","1","1","2"
"唐检校司空赠","1","1","2"
"检校司空赠司","1","1","2"
"校司空赠司徒","1","1","2"
"司空赠司徒充","1","1","2"
"宣武军节度使","1","1","2"
"燕南肃政廉访","1","1","2"
"参知政事韩镛","1","1","2"
"历台阁三十余","1","1","2"
"台阁三十余年","1","1","2"
"御史台察院书","1","1","2"
"史台察院书吏","1","1","2"
"文宗后皇太后","1","1","2"
"念皇弟燕帖古","1","1","2"
"弟燕帖古思太","1","1","2"
"燕帖古思太子","1","1","2"
"谏天子巡幸上","1","1","2"
"天子巡幸上都","1","1","2"
"山北廉访司事","1","1","2"
"诸路宝钞提举","1","1","2"
"济宁军民屯田","1","1","2"
"宁军民屯田使","1","1","2"
"平章政事答兰","1","1","2"
"参知政事俺普","1","1","2"
"河北燕南士民","1","1","2"
"山东行枢密院","1","1","2"
"东行枢密院副","1","1","2"
"翰林国史院检","1","1","2"
"林国史院检阅","1","1","2"
"国史院检阅官","1","1","2"
"行省平章左吉","1","1","2"
"省平章左吉贪","1","1","2"
"廉访使段辅入","1","1","2"
"访使段辅入行","1","1","2"
"使段辅入行省","1","1","2"
"平章政事巩卜","1","1","2"
"章政事巩卜班","1","1","2"
"中授湖北廉访","1","1","2"
"授湖北廉访使","1","1","2"
"御史大夫纳麟","1","1","2"
"参政孔思立受","1","1","2"
"左司都事武祺","1","1","2"
"司都事武祺等","1","1","2"
"遣太医院宣使","1","1","2"
"太医院宣使秦","1","1","2"
"医院宣使秦初","1","1","2"
"授宁国路儒学","1","1","2"
"宁国路儒学正","1","1","2"
"朝廷征江南包","1","1","2"
"廷征江南包银","1","1","2"
"迁南安路总管","1","1","2"
"南安路总管府","1","1","2"
"安路总管府推","1","1","2"
"殴伤属县长官","1","1","2"
"潮州府判官钱","1","1","2"
"州府判官钱珍","1","1","2"
"奸淫事杀推官","1","1","2"
"淫事杀推官梁","1","1","2"
"事杀推官梁楫","1","1","2"
"连广东廉访副","1","1","2"
"广东廉访副使","1","1","2"
"东廉访副使刘","1","1","2"
"信州路总管府","1","1","2"
"调济宁路兖州","1","1","2"
"济宁路兖州知","1","1","2"
"宁路兖州知州","1","1","2"
"礼部尚书致仕","2","0","2"
"江东廉访使道","1","1","2"
"东廉访使道童","1","1","2"
"长枪军琐南班","1","1","2"
"枪军琐南班等","1","1","2"
"军琐南班等叛","1","1","2"
"饶州慈湖书院","1","1","2"
"州慈湖书院山","1","1","2"
"慈湖书院山长","1","1","2"
"登延祐二年乙","1","1","2"
"延祐二年乙科","1","1","2"
"授同知昌国州","1","1","2"
"同知昌国州事","1","1","2"
"佥浙西廉访司","2","0","2"
"浙西廉访司事","2","0","2"
"延祐五年中进","1","1","2"
"祐五年中进士","1","1","2"
"中书参议傅岩","1","1","2"
"举乌程县尹干","1","1","2"
"乌程县尹干文","1","1","2"
"程县尹干文传","1","1","2"
"迁南行台治书","1","1","2"
"朝廷慎选守令","1","1","2"
"参知政事魏中","1","1","2"
"知政事魏中立","1","1","2"
"八岁能记诵经","1","1","2"
"岁能记诵经史","1","1","2"
"擢御史台照磨","2","0","2"
"言事官须优加","1","1","2"
"承天护圣寺火","1","1","2"
"迁治书侍御史","2","0","2"
"迁中书参知政","1","1","2"
"命大都路总管","1","1","2"
"山东廉访司经","1","1","2"
"朝廷建一府六","1","1","2"
"廷建一府六所","1","1","2"
"授彰德路录事","1","1","2"
"平章政事月鲁","1","1","2"
"章政事月鲁帖","1","1","2"
"政事月鲁帖木","1","1","2"
"劾太尉阿乞剌","1","1","2"
"太尉阿乞剌欺","1","1","2"
"郯王一十二口","1","1","2"
"陛下宜卧薪尝","1","1","2"
"下宜卧薪尝胆","1","1","2"
"臣伏见调兵六","1","1","2"
"伏见调兵六年","1","1","2"
"郡县星罗棋布","1","1","2"
"山南道肃政廉","1","1","2"
"劾中书参知政","1","1","2"
"枢密院副使脱","1","1","2"
"密院副使脱脱","1","1","2"
"院副使脱脱木","1","1","2"
"治书侍御史奴","1","1","2"
"书侍御史奴奴","1","1","2"
"侍御史奴奴弄","1","1","2"
"御史奴奴弄权","1","1","2"
"史奴奴弄权误","1","1","2"
"奴奴弄权误国","1","1","2"
"使两军日夜仇","1","1","2"
"两军日夜仇杀","1","1","2"
"大都路儒学提","1","1","2"
"都路儒学提举","1","1","2"
"元五年十一月","1","1","2"
"杀平章月鲁帖","1","1","2"
"平章月鲁帖木","1","1","2"
"使旸北守黄河","1","1","2"
"旸北守黄河口","1","1","2"
"元帅述律遵道","1","1","2"
"广行省左丞沙","1","1","2"
"行省左丞沙班","1","1","2"
"楮币五百万锭","1","1","2"
"省参知政事朵","1","1","2"
"迁御史台都事","1","1","2"
"皇太子东西相","1","1","2"
"太子东西相向","1","1","2"
"子东西相向授","1","1","2"
"东西相向授书","1","1","2"
"遣左司郎中赵","1","1","2"
"左司郎中赵琏","1","1","2"
"司郎中赵琏赐","1","1","2"
"郎中赵琏赐白","1","1","2"
"中赵琏赐白金","1","1","2"
"中书参议赵期","1","1","2"
"书参议赵期颐","1","1","2"
"伴送安南使者","1","1","2"
"湖北廉访司举","1","1","2"
"升同佥太常礼","1","1","2"
"同佥太常礼仪","1","1","2"
"中大夫升礼部","1","1","2"
"大夫升礼部尚","1","1","2"
"夫升礼部尚书","1","1","2"
"学者争相传诵","1","1","2"
"台监察御史刘","1","1","2"
"监察御史刘希","1","1","2"
"察御史刘希曾","1","1","2"
"御史刘希曾等","1","1","2"
"史刘希曾等十","1","1","2"
"刘希曾等十人","1","1","2"
"希曾等十人共","1","1","2"
"台监察御史余","1","1","2"
"监察御史余观","1","1","2"
"伯琦失陷宁国","1","1","2"
"浙行省丞相达","1","1","2"
"行省丞相达识","1","1","2"
"省丞相达识帖","1","1","2"
"台监察御史辩","1","1","2"
"诗文稿若干卷","1","1","2"
"精通经史百家","1","1","2"
"授万亿四库照","1","1","2"
"万亿四库照磨","1","1","2"
"诏特授江西肃","1","1","2"
"特授江西肃政","1","1","2"
"授江西肃政廉","1","1","2"
"兵部尚书黄昭","1","1","2"
"江西境建昌界","1","1","2"
"参知政事朵歹","1","1","2"
"陈友谅陷江西","2","0","2"
"隐居庐陵吉水","1","1","2"
"答失八都鲁军","1","1","2"
"袭答失八都鲁","2","0","2"
"答失八都鲁平","1","1","2"
"枢密副使达国","1","1","2"
"密副使达国珍","1","1","2"
"副使达国珍战","1","1","2"
"使达国珍战死","1","1","2"
"左丞相太平执","1","1","2"
"沿海上副万户","1","1","2"
"浙东宣慰副使","1","1","2"
"行省左丞相达","1","1","2"
"省左丞相达识","1","1","2"
"左丞相达识铁","1","1","2"
"丞相达识铁睦","1","1","2"
"相达识铁睦迩","1","1","2"
"升宜孙行枢密","1","1","2"
"宜孙行枢密院","1","1","2"
"孙行枢密院判","1","1","2"
"江浙儒学副提","1","1","2"
"浙儒学副提举","1","1","2"
"儒学副提举刘","1","1","2"
"学副提举刘基","1","1","2"
"萧山县尹苏友","1","1","2"
"山县尹苏友龙","1","1","2"
"十八年十二月","1","1","2"
"时经略使李国","1","1","2"
"经略使李国凤","1","1","2"
"推诚宣力效节","1","1","2"
"诚宣力效节功","1","1","2"
"宣力效节功臣","1","1","2"
"吴越钱武肃王","1","1","2"
"大学章句疏义","1","1","2"
"论语孟子集注","1","1","2"
"语孟子集注考","1","1","2"
"孟子集注考证","1","1","2"
"廉访使郑允中","1","1","2"
"四书章句集注","1","1","2"
"廉访使刘庭直","1","1","2"
"陕西儒学提举","1","1","2"
"改集贤侍读学","1","1","2"
"行台侍御史赵","1","1","2"
"台侍御史赵世","1","1","2"
"侍御史赵世延","1","1","2"
"荆湖四川宣抚","1","1","2"
"湖四川宣抚参","1","1","2"
"四川宣抚参议","1","1","2"
"川宣抚参议官","1","1","2"
"监重庆府酒务","1","1","2"
"湖广军马钱粮","1","1","2"
"广军马钱粮所","1","1","2"
"军马钱粮所佥","1","1","2"
"马钱粮所佥厅","1","1","2"
"转运盐使司长","1","1","2"
"运盐使司长山","1","1","2"
"盐使司长山场","1","1","2"
"使司长山场盐","1","1","2"
"司长山场盐司","1","1","2"
"长山场盐司丞","1","1","2"
"传龙泉叶味道","1","1","2"
"登进士第第四","1","1","2"
"宝庆府佥书判","1","1","2"
"庆府佥书判官","1","1","2"
"府佥书判官厅","1","1","2"
"佥书判官厅公","1","1","2"
"书判官厅公事","1","1","2"
"群贤讲论经义","1","1","2"
"朝廷遣治书侍","1","1","2"
"廷遣治书侍御","1","1","2"
"治书侍御史王","1","1","2"
"书侍御史王构","1","1","2"
"考古篆籀文字","1","1","2"
"翰林学士元明","1","1","2"
"林学士元明善","1","1","2"
"南台监察御史","1","1","2"
"池州建德县尹","1","1","2"
"侍御史孔思立","1","1","2"
"学士承旨王思","1","1","2"
"士承旨王思廉","1","1","2"
"侍御史赵承庆","1","1","2"
"御史赵承庆见","1","1","2"
"绍熙土饶利厚","1","1","2"
"置绍熙宣抚司","1","1","2"
"江东肃政廉访","1","1","2"
"追封恒山郡侯","1","1","2"
"中书耶律楚材","1","1","2"
"四川佥省严忠","1","1","2"
"川佥省严忠范","1","1","2"
"佥省严忠范守","1","1","2"
"省严忠范守成","1","1","2"
"严忠范守成都","1","1","2"
"西南夷罗罗斯","1","1","2"
"贤良方正孝廉","1","1","2"
"中书省架阁库","1","1","2"
"书省架阁库管","1","1","2"
"省架阁库管勾","1","1","2"
"陕西道劝农使","1","1","2"
"命平章廉希宪","1","1","2"
"平章廉希宪行","1","1","2"
"章廉希宪行中","1","1","2"
"廉希宪行中书","1","1","2"
"江西道提刑按","1","1","2"
"行省右丞教化","1","1","2"
"汴梁路总管府","1","1","2"
"梁路总管府知","1","1","2"
"劝总管张国宝","1","1","2"
"臣待罪刑部郎","1","1","2"
"待罪刑部郎中","1","1","2"
"江西行省照磨","1","1","2"
"转抚州路宜黄","1","1","2"
"抚州路宜黄县","1","1","2"
"州路宜黄县尹","1","1","2"
"升抚州路总管","1","1","2"
"抚州路总管府","1","1","2"
"金溪县民陶甲","1","1","2"
"转湖州路归安","1","1","2"
"湖州路归安县","1","1","2"
"州路归安县尹","1","1","2"
"时湖南副使哈","1","1","2"
"湖南副使哈剌","1","1","2"
"南副使哈剌帖","1","1","2"
"副使哈剌帖木","1","1","2"
"王木华黎率兵","1","1","2"
"木华黎率兵攻","1","1","2"
"木华黎命兴哥","1","1","2"
"徒单登城督战","1","1","2"
"河东北路兵马","1","1","2"
"东北路兵马都","1","1","2"
"北路兵马都元","1","1","2"
"哈剌拔都修城","1","1","2"
"剌拔都修城池","1","1","2"
"攻寿阳县王胡","1","1","2"
"寿阳县王胡庄","1","1","2"
"攻太谷县桑梓","1","1","2"
"太谷县桑梓寨","1","1","2"
"清泉寨酋长王","1","1","2"
"泉寨酋长王壳","1","1","2"
"张御史真铁汉","1","1","2"
"转江西行省郎","1","1","2"
"江西行省郎中","1","1","2"
"右丞孛罗帖木","1","1","2"
"时黄梅县主簿","1","1","2"
"元年进士第一","1","1","2"
"河南淮西廉访","1","1","2"
"南淮西廉访司","1","1","2"
"州人秦观保造","1","1","2"
"人秦观保造兵","1","1","2"
"泰州白驹场亭","1","1","2"
"州白驹场亭民","1","1","2"
"白驹场亭民张","1","1","2"
"驹场亭民张士","1","1","2"
"场亭民张士诚","1","1","2"
"杀参知政事赵","1","1","2"
"参知政事赵琏","1","1","2"
"蔓延入宝应县","1","1","2"
"退入哈剌章营","1","1","2"
"运粮万斛入河","1","1","2"
"城中饿者仆道","1","1","2"
"中饿者仆道上","1","1","2"
"华守淮安五年","1","1","2"
"赠南阳路判官","1","1","2"
"阳曲两县教谕","1","1","2"
"滁州全椒县尹","1","1","2"
"立淮南江北行","1","1","2"
"淮南江北行省","1","1","2"
"命高邮知府李","1","1","2"
"高邮知府李齐","1","1","2"
"士诚部将张茂","1","1","2"
"诚部将张茂先","1","1","2"
"佥枢密院事董","1","1","2"
"枢密院事董钥","1","1","2"
"升枢密院都事","1","1","2"
"枢密院官守淮","1","1","2"
"密院官守淮安","1","1","2"
"乘胜拔十余寨","1","1","2"
"张士诚入平江","1","1","2"
"一小吏致身显","1","1","2"
"小吏致身显官","1","1","2"
"同知信州路事","1","1","2"
"功升本路总管","1","1","2"
"枢密院判官阿","1","1","2"
"密院判官阿鲁","1","1","2"
"院判官阿鲁灰","1","1","2"
"判官阿鲁灰引","1","1","2"
"官阿鲁灰引兵","1","1","2"
"阿鲁灰引兵经","1","1","2"
"鲁灰引兵经衢","1","1","2"
"灰引兵经衢州","1","1","2"
"江东道廉访副","1","1","2"
"平章政事定定","1","1","2"
"太师汪家奴擅","1","1","2"
"师汪家奴擅权","1","1","2"
"四川行省儒学","1","1","2"
"川行省儒学提","1","1","2"
"行省儒学提举","1","1","2"
"行省右丞秃赤","1","1","2"
"桂阳路临武县","1","1","2"
"翰林书写考满","1","1","2"
"调广东元帅府","1","1","2"
"广东元帅府都","1","1","2"
"东元帅府都事","1","1","2"
"京畿漕运副使","1","1","2"
"丑闾募兵数百","1","1","2"
"闾募兵数百人","1","1","2"
"江东廉访副使","1","1","2"
"郧县人田端子","1","1","2"
"遣樊城主簿脱","1","1","2"
"廉访分司王佥","1","1","2"
"访分司王佥事","1","1","2"
"本路总管柴顺","1","1","2"
"路总管柴顺礼","1","1","2"
"遇沔阳府达鲁","1","1","2"
"沔阳府达鲁花","1","1","2"
"阳府达鲁花赤","1","1","2"
"府达鲁花赤咬","1","1","2"
"达鲁花赤咬住","1","1","2"
"荆襄提举相哥","1","1","2"
"襄提举相哥失","1","1","2"
"提举相哥失力","1","1","2"
"水工五千余人","1","1","2"
"获船二十七艘","1","1","2"
"建宁路崇安县","1","1","2"
"宁路崇安县尹","1","1","2"
"邵武路总管吴","1","1","2"
"武路总管吴按","1","1","2"
"路总管吴按摊","1","1","2"
"庭坚设云梯火","1","1","2"
"坚设云梯火炮","1","1","2"
"总兵官江浙参","1","1","2"
"兵官江浙参政","1","1","2"
"官江浙参政章","1","1","2"
"江浙参政章嘉","1","1","2"
"宣慰使司副都","1","1","2"
"慰使司副都元","1","1","2"
"使司副都元帅","1","1","2"
"吴铎督军建宁","1","1","2"
"时镇抚万户岳","1","1","2"
"镇抚万户岳焕","1","1","2"
"升福建盐运副","1","1","2"
"福建盐运副使","1","1","2"
"监州阿撒都剌","1","1","2"
"州阿撒都剌募","1","1","2"
"浑沙等分道进","1","1","2"
"靖安县达鲁花","1","1","2"
"授益都路达鲁","1","1","2"
"益都路达鲁花","1","1","2"
"治书侍御史李","1","1","2"
"书侍御史李国","1","1","2"
"平章政事阿鲁","1","1","2"
"章政事阿鲁温","1","1","2"
"政事阿鲁温沙","1","1","2"
"事阿鲁温沙等","1","1","2"
"贤侍讲学士闵","1","1","2"
"侍讲学士闵本","1","1","2"
"讲学士闵本死","1","1","2"
"翰林国史院都","1","1","2"
"林国史院都事","1","1","2"
"福建行省左右","1","1","2"
"建行省左右司","1","1","2"
"授行宣政院崇","1","1","2"
"行宣政院崇教","1","1","2"
"漳州路达鲁花","1","1","2"
"迭里弥实仰天","1","1","2"
"全罗等处军民","1","1","2"
"罗等处军民万","1","1","2"
"等处军民万户","1","1","2"
"处军民万户都","1","1","2"
"军民万户都元","1","1","2"
"民万户都元帅","1","1","2"
"皇太子立大抚","1","1","2"
"太子立大抚军","1","1","2"
"子立大抚军院","1","1","2"
"迁同佥将作院","1","1","2"
"同佥将作院事","1","1","2"
"寨民李世杰执","1","1","2"
"民李世杰执庸","1","1","2"
"大名等路提举","1","1","2"
"名等路提举学","1","1","2"
"等路提举学校","1","1","2"
"五将军率家奴","1","1","2"
"尚书右丞颜盏","1","1","2"
"书右丞颜盏石","1","1","2"
"右丞颜盏石鲁","1","1","2"
"参知政事徒单","1","1","2"
"知政事徒单兀","1","1","2"
"政事徒单兀典","1","1","2"
"前监察御史张","1","1","2"
"监察御史张特","1","1","2"
"察御史张特立","1","1","2"
"浙行省丞相忽","1","1","2"
"行省丞相忽剌","1","1","2"
"春秋三传归一","1","1","2"
"秋三传归一义","1","1","2"
"曲江张公年谱","1","1","2"
"神童游学江南","1","1","2"
"江西儒学副提","1","1","2"
"西儒学副提举","1","1","2"
"若向京师发一","1","1","2"
"向京师发一箭","1","1","2"
"花佥枢密院事","1","1","2"
"弟子十八人同","1","1","2"
"徒尹志平等世","1","1","2"
"袭掌江南道教","1","1","2"
"江东道同知宣","1","1","2"
"东道同知宣慰","1","1","2"
"道同知宣慰司","1","1","2"
"同知集贤院道","1","1","2"
"加号辅成赞化","1","1","2"
"号辅成赞化保","1","1","2"
"成赞化保运玄","1","1","2"
"赞化保运玄教","1","1","2"
"化保运玄教大","1","1","2"
"保运玄教大宗","1","1","2"
"运玄教大宗师","1","1","2"
"治元年十二月","1","1","2"
"道祖神德真君","1","1","2"
"崇文弘道玄德","1","1","2"
"文弘道玄德真","1","1","2"
"弘道玄德真人","1","1","2"
"江淮荆襄等处","1","1","2"
"淮荆襄等处道","1","1","2"
"太守卢挚平易","1","1","2"
"翰林学士阎复","1","1","2"
"希成太玄真人","1","1","2"
"凝神冲妙玄应","1","1","2"
"神冲妙玄应真","1","1","2"
"冲妙玄应真人","1","1","2"
"继太保刘秉忠","1","1","2"
"太子参决朝政","1","1","2"
"赠集贤大学士","1","1","2"
"世祖遣中丞崔","1","1","2"
"湖南行省参政","1","1","2"
"十五年夏四月","1","1","2"
"顺天安平怀州","2","0","2"
"天安平怀州河","2","0","2"
"安平怀州河南","2","0","2"
"平阳诸路工匠","1","1","2"
"阳诸路工匠都","1","1","2"
"诸路工匠都总","1","1","2"
"路工匠都总管","1","1","2"
"河南等路甲匠","1","1","2"
"南等路甲匠都","1","1","2"
"等路甲匠都总","1","1","2"
"路甲匠都总管","1","1","2"
"发粟四千五百","1","1","2"
"粟四千五百石","1","1","2"
"大都路军器人","1","1","2"
"都路军器人匠","1","1","2"
"路军器人匠总","1","1","2"
"军器人匠总管","1","1","2"
"章阿里海牙遣","1","1","2"
"阿里海牙遣使","1","1","2"
"里海牙遣使求","1","1","2"
"海牙遣使求炮","1","1","2"
"重一百五十斤","1","1","2"
"赐银二百五十","1","1","2"
"回回炮手总管","1","1","2"
"回回炮手都元","1","1","2"
"回炮手都元帅","1","1","2"
"军匠万户府万","1","1","2"
"匠万户府万户","1","1","2"
"赐钞二万五千","1","1","2"
"命帝师八合斯","1","1","2"
"帝师八合斯巴","1","1","2"
"师八合斯巴建","1","1","2"
"八合斯巴建黄","1","1","2"
"合斯巴建黄金","1","1","2"
"斯巴建黄金塔","1","1","2"
"阿尼哥年十七","1","1","2"
"帝命取明堂针","1","1","2"
"命取明堂针灸","1","1","2"
"取明堂针灸铜","1","1","2"
"明堂针灸铜像","1","1","2"
"七宝镔铁法轮","1","1","2"
"阿尼哥学西天","1","1","2"
"离左右者十余","1","1","2"
"左右者十余月","1","1","2"
"赠银青光禄大","1","1","2"
"集贤院大学士","1","1","2"
"米五百六十余","1","1","2"
"五百六十余石","1","1","2"
"林学士承旨张","1","1","2"
"学士承旨张翥","1","1","2"
"内外百官趋附","1","1","2"
"外百官趋附者","1","1","2"
"百官趋附者十","1","1","2"
"宣政院使脱欢","1","1","2"
"御史大夫老沙","2","0","2"
"阿合马同知开","1","1","2"
"合马同知开平","1","1","2"
"马同知开平府","1","1","2"
"同知开平府事","1","1","2"
"桓州峪所采银","1","1","2"
"州峪所采银矿","1","1","2"
"初立尚书省时","1","1","2"
"右丞相安童见","1","1","2"
"丞相安童见阿","1","1","2"
"相安童见阿合","1","1","2"
"安童见阿合马","1","1","2"
"省左司都事周","1","1","2"
"左司都事周祥","1","1","2"
"中书省奏议裁","1","1","2"
"书省奏议裁处","1","1","2"
"书左丞崔斌奏","1","1","2"
"将作院达鲁花","1","1","2"
"作院达鲁花赤","1","1","2"
"立宣课提举司","1","1","2"
"算江淮行省平","1","1","2"
"淮行省平章阿","1","1","2"
"省平章阿里伯","1","1","2"
"支粮四十七万","1","1","2"
"粮四十七万石","1","1","2"
"宿卫士秦长卿","1","1","2"
"都千户王著者","1","1","2"
"遣右司郎中脱","1","1","2"
"右司郎中脱欢","1","1","2"
"司郎中脱欢察","1","1","2"
"命枢密副使孛","1","1","2"
"世祖裕国足民","1","1","2"
"同右丞相安童","1","1","2"
"右丞相安童奏","1","1","2"
"一引卖八十贯","1","1","2"
"九十三万二千","1","1","2"
"十三万二千六","1","1","2"
"三万二千六百","1","1","2"
"万二千六百锭","1","1","2"
"立四品提举司","1","1","2"
"千四百四十锭","1","1","2"
"奏令按察司总","1","1","2"
"江淮等处宣慰","1","1","2"
"淮等处宣慰司","1","1","2"
"办钞七十五万","1","1","2"
"钞七十五万锭","1","1","2"
"御史陈天祥上","1","1","2"
"白三色囊转行","1","1","2"
"三色囊转行文","1","1","2"
"委漕运使陈柔","1","1","2"
"阿合马党人潘","1","1","2"
"合马党人潘杰","1","1","2"
"鄂二行省参政","1","1","2"
"岁办钞三百万","1","1","2"
"办钞三百万锭","1","1","2"
"翰林学士赵孟","1","1","2"
"二十四年闰二","1","1","2"
"十四年闰二月","1","1","2"
"奉旨检核中书","1","1","2"
"旨检核中书省","1","1","2"
"检核中书省事","1","1","2"
"钞四千七百七","1","1","2"
"千七百七十锭","1","1","2"
"千三百四十五","1","1","2"
"三百四十五锭","1","1","2"
"世祖令丞相安","1","1","2"
"祖令丞相安童","1","1","2"
"中书参政郭佑","1","1","2"
"中书台院札鲁","1","1","2"
"书台院札鲁忽","1","1","2"
"台院札鲁忽赤","1","1","2"
"路府州县官吏","1","1","2"
"真定宣慰使速","1","1","2"
"定宣慰使速哥","1","1","2"
"南京宣慰使答","1","1","2"
"京宣慰使答失","1","1","2"
"宣慰使答失蛮","1","1","2"
"肃行尚书省参","1","1","2"
"尚书省参政铁","1","1","2"
"书省参政铁木","1","1","2"
"省参政铁木哥","1","1","2"
"西行尚书省平","1","1","2"
"章政事忽都铁","1","1","2"
"政事忽都铁木","1","1","2"
"兵部尚书忽都","1","1","2"
"部尚书忽都答","1","1","2"
"伯银二万五千","1","1","2"
"漕运司达鲁花","1","1","2"
"运司达鲁花赤","1","1","2"
"司达鲁花赤怯","1","1","2"
"兵部侍郎塔察","1","1","2"
"西蕃诸宣慰司","1","1","2"
"益都淄莱淘金","1","1","2"
"都淄莱淘金总","1","1","2"
"淄莱淘金总管","1","1","2"
"莱淘金总管府","1","1","2"
"凡经监察御史","1","1","2"
"遣小吏持文簿","1","1","2"
"小吏持文簿置","1","1","2"
"吏持文簿置案","1","1","2"
"省左丞相忙兀","1","1","2"
"中统钞三十贯","1","1","2"
"协济户十八万","1","1","2"
"令侍御史杜思","1","1","2"
"侍御史杜思敬","1","1","2"
"御史杜思敬等","1","1","2"
"史杜思敬等勘","1","1","2"
"杜思敬等勘验","1","1","2"
"唆海翊运宣力","1","1","2"
"海翊运宣力保","1","1","2"
"翊运宣力保大","1","1","2"
"运宣力保大功","1","1","2"
"宣力保大功臣","1","1","2"
"左右司六部官","1","1","2"
"江浙右丞曹立","1","1","2"
"左丞阿卜海牙","1","1","2"
"胁留守贺伯颜","1","1","2"
"内外监察御史","1","1","2"
"取晋王田千余","1","1","2"
"晋王田千余亩","1","1","2"
"卫兵牧地二十","1","1","2"
"兵牧地二十余","1","1","2"
"牧地二十余亩","1","1","2"
"计钞十余万贯","1","1","2"
"张弼钞五万贯","1","1","2"
"复入中书右丞","2","0","2"
"徽政院使失里","1","1","2"
"政院使失里门","1","1","2"
"亏七十八万石","1","1","2"
"哈麻声势日盛","1","1","2"
"入脱忽思皇后","1","1","2"
"脱忽思皇后宫","1","1","2"
"忽思皇后宫闱","1","1","2"
"脱忽思皇后钱","1","1","2"
"忽思皇后钱粮","1","1","2"
"陕西廉访副使","1","1","2"
"时脱脱方信任","1","1","2"
"脱脱方信任汝","1","1","2"
"脱方信任汝中","1","1","2"
"方信任汝中柏","1","1","2"
"秘密大喜乐禅","1","1","2"
"密大喜乐禅定","1","1","2"
"监察御史袁赛","1","1","2"
"兄弟位居宰辅","1","1","2"
"天下士大夫必","1","1","2"
"下士大夫必讥","1","1","2"
"士大夫必讥笑","1","1","2"
"御史大夫搠思","1","1","2"
"史大夫搠思监","1","1","2"
"雪雪兄弟二人","1","1","2"
"中书右丞相定","1","1","2"
"书右丞相定住","1","1","2"
"章政事桑哥失","1","1","2"
"政事桑哥失里","1","1","2"
"迁陕西行省平","1","1","2"
"御史答里麻失","1","1","2"
"史答里麻失里","1","1","2"
"奸臣阿合马死","1","1","2"
"子宣徽使观音","1","1","2"
"宣徽使观音奴","1","1","2"
"鋋本衢州徐氏","1","1","2"
"扬州司理参军","1","1","2"
"举山东州郡归","1","1","2"
"山东州郡归附","1","1","2"
"国王孛鲁承制","1","1","2"
"山东淮南楚州","1","1","2"
"东淮南楚州行","1","1","2"
"淮南楚州行省","1","1","2"
"调兵将攻涟水","1","1","2"
"淮南兵七万五","1","1","2"
"南兵七万五千","1","1","2"
"蔡诸军攻荆山","1","1","2"
"益都官银分赏","1","1","2"
"中书平章王文","1","1","2"
"书平章王文统","1","1","2"
"取城中子女赏","1","1","2"
"城中子女赏将","1","1","2"
"中子女赏将士","1","1","2"
"蒙古军官囊家","1","1","2"
"鲁花赤管民官","1","1","2"
"丞相耶律铸监","1","1","2"
"相耶律铸监修","1","1","2"
"遣人持文统三","1","1","2"
"人持文统三书","1","1","2"
"脱忽生俺都剌","1","1","2"
"俺都剌生秃满","1","1","2"
"枢密院事秃坚","1","1","2"
"密院事秃坚帖","1","1","2"
"院事秃坚帖木","1","1","2"
"知辽阳行枢密","1","1","2"
"辽阳行枢密院","1","1","2"
"阳行枢密院事","1","1","2"
"岭北行省丞相","1","1","2"
"北行省丞相知","1","1","2"
"行省丞相知行","1","1","2"
"省丞相知行枢","1","1","2"
"丞相知行枢密","1","1","2"
"相知行枢密院","1","1","2"
"中都威卫指挥","1","1","2"
"都威卫指挥使","1","1","2"
"书平章政事赤","1","1","2"
"前云南行省平","1","1","2"
"省平章政事完","1","1","2"
"平章政事完者","1","1","2"
"前治书侍御史","1","1","2"
"典瑞院使脱火","1","1","2"
"瑞院使脱火赤","1","1","2"
"书枢密院事章","1","1","2"
"枢密院事章台","1","1","2"
"引兵退驻井陉","1","1","2"
"兵退驻井陉口","1","1","2"
"正十八年正月","1","1","2"
"遣参政匡福统","1","1","2"
"大都督兵农司","1","1","2"
"诏遣平章月鲁","1","1","2"
"枢密同知八剌","1","1","2"
"密同知八剌火","1","1","2"
"同知八剌火者","1","1","2"
"二十一年正月","1","1","2"
"命平章答失帖","1","1","2"
"平章答失帖木","1","1","2"
"二十二年二月","1","1","2"
"二十三年十月","1","1","2"
"南侵扩廓帖木","1","1","2"
"黜御史大夫老","1","1","2"
"朝廷立卫屯田","1","1","2"
"四川省丞相察","1","1","2"
"川省丞相察罕","1","1","2"
"欲追袭皇太子","1","1","2"
"禁西番僧人佛","1","1","2"
"西番僧人佛事","1","1","2"
"遣使请皇太子","1","1","2"
"速南御扩廓帖","1","1","2"
"南御扩廓帖木","1","1","2"
"结勇士上都马","1","1","2"
"延春阁李树下","1","1","2"
"本箕子所封地","2","0","2"
"高句丽三国一","2","0","2"
"林学士承旨赵","1","1","2"
"学士承旨赵冲","1","1","2"
"士承旨赵冲共","1","1","2"
"承旨赵冲共讨","1","1","2"
"旨赵冲共讨灭","1","1","2"
"赵冲共讨灭六","1","1","2"
"冲共讨灭六哥","1","1","2"
"古欤等十二人","1","1","2"
"遣中郎将池义","1","1","2"
"御史薛慎等奉","1","1","2"
"史薛慎等奉表","1","1","2"
"薛慎等奉表入","1","1","2"
"皞遣将军金宝","2","0","2"
"遣将军金宝鼎","2","0","2"
"降民迁居东京","1","1","2"
"等率二千人迎","1","1","2"
"率二千人迎降","1","1","2"
"受洪福源节制","1","1","2"
"李君式等十二","1","1","2"
"君式等十二人","1","1","2"
"式等十二人降","1","1","2"
"御史宋彦琦等","1","1","2"
"史宋彦琦等奉","1","1","2"
"宋彦琦等奉表","1","1","2"
"礼宾少卿金谦","1","1","2"
"百四十八人奉","1","1","2"
"四十八人奉表","1","1","2"
"十八人奉表入","1","1","2"
"遣礼宾少卿宋","1","1","2"
"礼宾少卿宋彦","1","1","2"
"宾少卿宋彦琦","1","1","2"
"祖中统元年三","1","1","2"
"中统元年三月","1","1","2"
"遣侍卫将军孛","1","1","2"
"侍卫将军孛里","1","1","2"
"郎中高逸民护","1","1","2"
"侍御史张镒奉","1","1","2"
"御史张镒奉表","1","1","2"
"间金熟绫六段","1","1","2"
"遣翰林学士韩","1","1","2"
"翰林学士韩就","1","1","2"
"林学士韩就奉","1","1","2"
"学士韩就奉表","1","1","2"
"遣使奉表入贺","1","1","2"
"西北诸王率众","1","1","2"
"国子祭酒张镒","1","1","2"
"世祖三十一年","1","1","2"
"遣国信使兵部","1","1","2"
"国信使兵部侍","1","1","2"
"信使兵部侍郎","1","1","2"
"使兵部侍郎黑","1","1","2"
"计议官伯德孝","1","1","2"
"议官伯德孝先","1","1","2"
"官伯德孝先等","1","1","2"
"伯德孝先等使","1","1","2"
"德孝先等使日","1","1","2"
"孝先等使日本","1","1","2"
"遣枢密院副使","2","0","2"
"侍郎金赞等导","2","0","2"
"郎金赞等导诏","2","0","2"
"金赞等导诏使","2","0","2"
"赞等导诏使黑","2","0","2"
"特遣北京路总","1","1","2"
"大将军崔东秀","1","1","2"
"遣大将军康允","1","1","2"
"大将军康允绍","1","1","2"
"将军康允绍奉","1","1","2"
"军康允绍奉表","1","1","2"
"禃遣世子愖入","2","0","2"
"遣世子愖入朝","2","0","2"
"遣使臣斡朵思","1","1","2"
"枢密院副使金","1","1","2"
"密院副使金方","1","1","2"
"院副使金方庆","1","1","2"
"副使金方庆奉","1","1","2"
"使金方庆奉表","1","1","2"
"判官徐世雄诏","1","1","2"
"遣国王头辇哥","1","1","2"
"王头辇哥等率","1","1","2"
"头辇哥等率兵","1","1","2"
"前枢密院经历","1","1","2"
"枢密院经历马","1","1","2"
"密院经历马希","1","1","2"
"院经历马希骥","1","1","2"
"遣借礼部侍郎","1","1","2"
"借礼部侍郎朴","1","1","2"
"遣行省率兵东","1","1","2"
"行省率兵东下","1","1","2"
"高丽国官吏军","1","1","2"
"丽国官吏军民","1","1","2"
"特遣兵护送国","1","1","2"
"遣兵护送国王","1","1","2"
"东京行尚书省","1","1","2"
"京行尚书省军","1","1","2"
"遣彻彻都等同","1","1","2"
"高丽国令公林","1","1","2"
"丽国令公林衍","1","1","2"
"叛兵乘船候风","1","1","2"
"丞相安童等言","1","1","2"
"陪臣元傅等妄","1","1","2"
"臣元傅等妄奏","1","1","2"
"元傅等妄奏头","1","1","2"
"傅等妄奏头辇","1","1","2"
"等妄奏头辇哥","1","1","2"
"妄奏头辇哥国","1","1","2"
"奏头辇哥国王","1","1","2"
"洪茶丘将兵送","2","0","2"
"茶丘将兵送抵","2","0","2"
"丘将兵送抵海","2","0","2"
"将兵送抵海上","2","0","2"
"姑令金州等处","2","0","2"
"令金州等处屯","2","0","2"
"金州等处屯驻","2","0","2"
"遣上将军郑子","1","1","2"
"率尚书右丞宋","1","1","2"
"军器监薛公俭","1","1","2"
"器监薛公俭等","1","1","2"
"禃遣通事将徐","2","0","2"
"遣通事将徐称","2","0","2"
"通事将徐称导","2","0","2"
"事将徐称导送","2","0","2"
"赵良弼使日本","1","1","2"
"知枢密院事李","1","1","2"
"枢密院事李昌","1","1","2"
"密院事李昌庆","1","1","2"
"院事李昌庆奉","1","1","2"
"事李昌庆奉表","1","1","2"
"李昌庆奉表谢","1","1","2"
"将白琚偕张铎","1","1","2"
"白琚偕张铎等","1","1","2"
"琚偕张铎等十","1","1","2"
"偕张铎等十二","1","1","2"
"张铎等十二人","1","1","2"
"铎等十二人奉","1","1","2"
"等十二人奉表","1","1","2"
"父上将军宗礼","1","1","2"
"遣西京属城诸","1","1","2"
"经略使忻都同","1","1","2"
"略使忻都同洪","1","1","2"
"使忻都同洪茶","1","1","2"
"忻都同洪茶丘","1","1","2"
"遣大将军金忻","1","1","2"
"十一年正月己","1","1","2"
"一年正月己卯","1","1","2"
"年正月己卯朔","1","1","2"
"五千六百人助","1","1","2"
"枢密院副使奇","1","1","2"
"密院副使奇蕴","1","1","2"
"院副使奇蕴奉","1","1","2"
"副使奇蕴奉表","1","1","2"
"高丽国王宗族","1","1","2"
"大小官员百姓","1","1","2"
"小官员百姓人","1","1","2"
"官员百姓人等","1","1","2"
"遣齐安侯王淑","1","1","2"
"齐安侯王淑上","1","1","2"
"安侯王淑上表","1","1","2"
"侯王淑上表谢","1","1","2"
"王淑上表谢恩","1","1","2"
"门事李信孙等","1","1","2"
"事李信孙等奉","1","1","2"
"李信孙等奉表","1","1","2"
"信孙等奉表入","1","1","2"
"子弟二十人入","1","1","2"
"弟二十人入侍","1","1","2"
"中赞金方庆奉","1","1","2"
"赞金方庆奉表","1","1","2"
"遣判秘书寺事","1","1","2"
"判秘书寺事朱","1","1","2"
"秘书寺事朱悦","1","1","2"
"书寺事朱悦奉","1","1","2"
"寺事朱悦奉表","1","1","2"
"达鲁花赤石抹","1","1","2"
"鲁花赤石抹天","1","1","2"
"花赤石抹天衢","1","1","2"
"卒二千七百人","1","1","2"
"改铸驸马高丽","1","1","2"
"铸驸马高丽王","1","1","2"
"驸马高丽王印","1","1","2"
"马高丽王印赐","1","1","2"
"二十八年五月","1","1","2"
"赐号推忠宣力","1","1","2"
"号推忠宣力定","1","1","2"
"推忠宣力定远","1","1","2"
"大德元年十一","1","1","2"
"德元年十一月","1","1","2"
"两位下怯薛合","1","1","2"
"擅杀千户金吕","1","1","2"
"巩昌两路安置","1","1","2"
"高丽行省平章","1","1","2"
"丽行省平章政","1","1","2"
"征东行省平章","1","1","2"
"东行省平章阔","1","1","2"
"行省平章阔里","1","1","2"
"省平章阔里吉","1","1","2"
"平章阔里吉思","1","1","2"
"署官府三百五","1","1","2"
"官府三百五十","1","1","2"
"府三百五十八","1","1","2"
"三百五十八所","1","1","2"
"官府九十余所","1","1","2"
"官吏二百七十","1","1","2"
"吏二百七十余","1","1","2"
"大德二年复位","1","1","2"
"宝塔实怜公主","1","1","2"
"宗皇庆二年四","1","1","2"
"皇庆二年四月","1","1","2"
"命经略使忻都","1","1","2"
"地立耽罗国招","1","1","2"
"立耽罗国招讨","1","1","2"
"耽罗国招讨司","1","1","2"
"尹邦宝充招讨","1","1","2"
"邦宝充招讨副","1","1","2"
"宝充招讨副使","1","1","2"
"高丽人赵彝等","1","1","2"
"大蒙古国皇帝","1","1","2"
"蒙古国皇帝奉","1","1","2"
"古国皇帝奉书","1","1","2"
"国皇帝奉书日","1","1","2"
"舍人潘阜等持","1","1","2"
"人潘阜等持书","1","1","2"
"命秘书监赵良","1","1","2"
"书监赵良弼使","1","1","2"
"特命少中大夫","1","1","2"
"命少中大夫秘","1","1","2"
"少中大夫秘书","1","1","2"
"中大夫秘书监","1","1","2"
"大夫秘书监赵","1","1","2"
"夫秘书监赵良","1","1","2"
"送国信使赵良","1","1","2"
"国信使赵良弼","1","1","2"
"信使赵良弼通","1","1","2"
"日本通事曹介","1","1","2"
"本通事曹介升","1","1","2"
"通事曹介升等","1","1","2"
"事曹介升等上","1","1","2"
"曹介升等上言","1","1","2"
"日本始遣弥四","1","1","2"
"本始遣弥四郎","1","1","2"
"太宰府西守护","1","1","2"
"宰府西守护所","1","1","2"
"兵部侍郎何文","1","1","2"
"部侍郎何文著","1","1","2"
"计议官撒都鲁","1","1","2"
"议官撒都鲁丁","1","1","2"
"官撒都鲁丁使","1","1","2"
"日本遣商人持","1","1","2"
"本遣商人持金","1","1","2"
"水手总管陆文","1","1","2"
"手总管陆文政","1","1","2"
"总管陆文政等","1","1","2"
"弃士卒十余万","1","1","2"
"众议推张百户","1","1","2"
"成宗大德二年","1","1","2"
"江浙省平章政","1","1","2"
"浙省平章政事","1","1","2"
"妙慈弘济大师","1","1","2"
"安南京北洮江","1","1","2"
"南京北洮江上","1","1","2"
"大理国守臣安","1","1","2"
"理国守臣安抚","1","1","2"
"国守臣安抚聂","1","1","2"
"凡衣冠典礼风","1","1","2"
"衣冠典礼风俗","1","1","2"
"交趾遣子弟入","1","1","2"
"趾遣子弟入觐","1","1","2"
"族人通侍大夫","1","1","2"
"人通侍大夫陈","1","1","2"
"通侍大夫陈奉","1","1","2"
"侍大夫陈奉公","1","1","2"
"员外郎诸卫寄","1","1","2"
"外郎诸卫寄班","1","1","2"
"郎诸卫寄班阮","1","1","2"
"诸卫寄班阮琛","1","1","2"
"白磁盏等物同","1","1","2"
"光昺遣杨安养","2","0","2"
"遣杨安养充员","1","1","2"
"杨安养充员外","1","1","2"
"安养充员外郎","1","1","2"
"遣杨安养上表","1","1","2"
"杨安养上表三","1","1","2"
"愿请讷剌丁长","1","1","2"
"忽笼海牙代讷","1","1","2"
"笼海牙代讷剌","1","1","2"
"海牙代讷剌丁","1","1","2"
"遣中侍大夫周","1","1","2"
"中侍大夫周仲","1","1","2"
"侍大夫周仲彦","1","1","2"
"中亮大夫吴德","1","1","2"
"亮大夫吴德邵","1","1","2"
"江陵直抵邕州","1","1","2"
"礼部尚书等官","1","1","2"
"部尚书等官奉","1","1","2"
"江陵抵邕州入","1","1","2"
"陵抵邕州入安","1","1","2"
"抵邕州入安南","1","1","2"
"知审刑院事杜","1","1","2"
"审刑院事杜国","1","1","2"
"刑院事杜国计","1","1","2"
"院事杜国计先","1","1","2"
"富良江岸奉迎","1","1","2"
"良江岸奉迎入","1","1","2"
"日烜遣范明字","2","0","2"
"宋主年未十岁","1","1","2"
"中赞杜国计奉","1","1","2"
"赞杜国计奉表","1","1","2"
"杜国计奉表陈","1","1","2"
"椿等先达京师","1","1","2"
"遣柴椿等四人","1","1","2"
"持诏谕日烜朝","2","0","2"
"立安南宣慰司","1","1","2"
"行宣慰使都元","1","1","2"
"占城行省平章","1","1","2"
"城行省平章政","1","1","2"
"遣鄂州达鲁花","1","1","2"
"孤子宗族官吏","1","1","2"
"致书荆湖占城","1","1","2"
"书荆湖占城行","1","1","2"
"遣理问官曲烈","1","1","2"
"宣使塔海撒里","1","1","2"
"使塔海撒里同","1","1","2"
"塔海撒里同安","1","1","2"
"海撒里同安南","1","1","2"
"撒里同安南国","1","1","2"
"里同安南国使","1","1","2"
"同安南国使阮","1","1","2"
"安南国使阮道","1","1","2"
"南国使阮道学","1","1","2"
"国使阮道学等","1","1","2"
"兄兴道王陈峻","1","1","2"
"塔海撒里引安","1","1","2"
"海撒里引安南","1","1","2"
"中亮大夫陈德","1","1","2"
"亮大夫陈德钧","1","1","2"
"朝散郎陈嗣宗","1","1","2"
"行省命万户赵","1","1","2"
"省命万户赵修","1","1","2"
"命万户赵修己","1","1","2"
"调兵拒守丘温","1","1","2"
"善忠大夫阮德","1","1","2"
"忠大夫阮德舆","1","1","2"
"朝请郎阮文翰","1","1","2"
"请郎阮文翰奉","1","1","2"
"郎阮文翰奉书","1","1","2"
"管军奉御杜尾","1","1","2"
"始知兴道王果","1","1","2"
"将大僚班段台","1","1","2"
"夺船二十余艘","1","1","2"
"阮效锐奉书谢","1","1","2"
"效锐奉书谢罪","1","1","2"
"大越国主宪天","1","1","2"
"越国主宪天体","1","1","2"
"国主宪天体道","1","1","2"
"主宪天体道大","1","1","2"
"宪天体道大明","1","1","2"
"天体道大明光","1","1","2"
"体道大明光孝","1","1","2"
"道大明光孝皇","1","1","2"
"大明光孝皇帝","1","1","2"
"明光孝皇帝陈","1","1","2"
"光孝皇帝陈威","1","1","2"
"孝皇帝陈威晃","1","1","2"
"显慈顺天皇太","1","1","2"
"慈顺天皇太后","1","1","2"
"所居宫室五门","1","1","2"
"取地二千余里","1","1","2"
"镇南王令唆都","1","1","2"
"军获船一万艘","1","1","2"
"军一千三百人","1","1","2"
"复令唐兀沿海","1","1","2"
"令唐兀沿海追","1","1","2"
"唐兀沿海追日","1","1","2"
"弟昭国王陈益","1","1","2"
"昭国王陈益稷","1","1","2"
"国王陈益稷率","1","1","2"
"二十三年正月","1","1","2"
"安南官吏百姓","1","1","2"
"左丞相阿里海","1","1","2"
"相阿里海牙平","1","1","2"
"阿里海牙平定","1","1","2"
"鄂州行省军同","1","1","2"
"州行省军同征","1","1","2"
"湖南宣慰司上","1","1","2"
"遣使纳表称藩","1","1","2"
"所存者皆老弱","1","1","2"
"年平章阿里海","1","1","2"
"命右丞程鹏飞","1","1","2"
"阿八赤等分道","1","1","2"
"八赤等分道入","1","1","2"
"赤等分道入山","1","1","2"
"大滂口趋塔山","1","1","2"
"遇交趾船三十","1","1","2"
"交趾船三十艘","1","1","2"
"万奴等使安南","1","1","2"
"二十六年二月","1","1","2"
"二十八年十一","1","1","2"
"十八年十一月","1","1","2"
"镇守永州两淮","1","1","2"
"守永州两淮万","1","1","2"
"永州两淮万户","1","1","2"
"州两淮万户府","1","1","2"
"两淮万户府上","1","1","2"
"淮万户府上千","1","1","2"
"万户府上千户","1","1","2"
"户府上千户蔡","1","1","2"
"府上千户蔡荣","1","1","2"
"上千户蔡荣上","1","1","2"
"千户蔡荣上书","1","1","2"
"二十九年九月","1","1","2"
"遣吏部尚书梁","1","1","2"
"吏部尚书梁曾","1","1","2"
"礼部郎中陈孚","1","1","2"
"部郎中陈孚持","1","1","2"
"郎中陈孚持诏","1","1","2"
"陪臣陶子奇等","1","1","2"
"吉里等同征安","1","1","2"
"里等同征安南","1","1","2"
"立湖广安南行","1","1","2"
"湖广安南行省","1","1","2"
"军五万六千五","1","1","2"
"五万六千五百","1","1","2"
"万六千五百七","1","1","2"
"六千五百七十","1","1","2"
"千五百七十人","1","1","2"
"粮三十五万石","1","1","2"
"盐二十一万斤","1","1","2"
"枢密院副使彻","1","1","2"
"密院副使彻里","1","1","2"
"院副使彻里蛮","1","1","2"
"三十一年五月","1","1","2"
"郎中萧泰登持","1","1","2"
"中萧泰登持诏","1","1","2"
"大德五年二月","1","1","2"
"太傅完泽等奏","1","1","2"
"征收交趾文书","1","1","2"
"私记北边军情","1","1","2"
"取万户张荣实","1","1","2"
"万户张荣实等","1","1","2"
"户张荣实等二","1","1","2"
"张荣实等二人","1","1","2"
"宗皇庆二年正","1","1","2"
"皇庆二年正月","1","1","2"
"交趾军约三万","1","1","2"
"趾军约三万余","1","1","2"
"湖广行省发兵","1","1","2"
"侵田一千余顷","1","1","2"
"兵部员外郎阿","1","1","2"
"部员外郎阿里","1","1","2"
"员外郎阿里温","1","1","2"
"外郎阿里温沙","1","1","2"
"同赴湖广行省","1","1","2"
"复加仪同三司","1","1","2"
"鄯阐等路宣慰","1","1","2"
"阐等路宣慰司","1","1","2"
"等路宣慰司都","1","1","2"
"路宣慰司都元","1","1","2"
"司都元帅府遣","1","1","2"
"都元帅府遣乞","1","1","2"
"元帅府遣乞脱","1","1","2"
"遣勘马剌失里","1","1","2"
"礼部郎中国信","1","1","2"
"部郎中国信使","1","1","2"
"郎中国信使乞","1","1","2"
"中国信使乞脱","1","1","2"
"工部郎中国信","1","1","2"
"部郎中国信副","1","1","2"
"郎中国信副使","1","1","2"
"建宁路安抚使","1","1","2"
"宁路安抚使贺","1","1","2"
"路安抚使贺天","1","1","2"
"安抚使贺天爵","1","1","2"
"阿郭愿先招阿","1","1","2"
"郭愿先招阿提","1","1","2"
"愿先招阿提犯","1","1","2"
"遣金齿千额总","1","1","2"
"金齿千额总管","1","1","2"
"齿千额总管阿","1","1","2"
"千额总管阿禾","1","1","2"
"纳速剌丁等上","1","1","2"
"丞相脱里夺海","1","1","2"
"下士卒六万人","1","1","2"
"士卒六万人征","1","1","2"
"卒六万人征缅","1","1","2"
"二十年十一月","1","1","2"
"达镇西阿禾江","1","1","2"
"二十二年十一","1","1","2"
"十二年十一月","1","1","2"
"缅王遣盐井大","1","1","2"
"王遣盐井大官","1","1","2"
"遣盐井大官阿","1","1","2"
"盐井大官阿必","1","1","2"
"井大官阿必立","1","1","2"
"大官阿必立相","1","1","2"
"遣镇西平缅宣","1","1","2"
"镇西平缅宣抚","1","1","2"
"西平缅宣抚司","1","1","2"
"平缅宣抚司达","1","1","2"
"缅宣抚司达鲁","1","1","2"
"令忙完秃鲁迷","1","1","2"
"完秃鲁迷失率","1","1","2"
"八百媳妇国通","1","1","2"
"完秃鲁迷失请","1","1","2"
"令诸王阔阔节","1","1","2"
"诸王阔阔节制","1","1","2"
"缅国阿散吉牙","1","1","2"
"国阿散吉牙等","1","1","2"
"云南参知政事","1","1","2"
"南参知政事高","1","1","2"
"参知政事高庆","1","1","2"
"南西道宣慰使","1","1","2"
"西道宣慰使马","1","1","2"
"道宣慰使马成","1","1","2"
"宣慰使马成旺","1","1","2"
"遣兵部侍郎教","1","1","2"
"兵部侍郎教化","1","1","2"
"唆都等使占城","1","1","2"
"遂命右丞唆都","1","1","2"
"命右丞唆都等","1","1","2"
"宣慰使尤永贤","1","1","2"
"四面约二十余","1","1","2"
"面约二十余里","1","1","2"
"回回三梢炮百","1","1","2"
"回三梢炮百余","1","1","2"
"三梢炮百余座","1","1","2"
"者吾亲率重兵","1","1","2"
"行省遣都镇抚","1","1","2"
"省遣都镇抚李","1","1","2"
"遣都镇抚李天","1","1","2"
"招真腊国使速","1","1","2"
"真腊国使速鲁","1","1","2"
"腊国使速鲁蛮","1","1","2"
"遣琼州安抚使","1","1","2"
"琼州安抚使陈","1","1","2"
"州安抚使陈仲","1","1","2"
"水路攻木城北","1","1","2"
"路攻木城北面","1","1","2"
"三百人攻东面","1","1","2"
"百人攻东面沙","1","1","2"
"东北二军合击","1","1","2"
"遣博思兀鲁班","1","1","2"
"博思兀鲁班者","1","1","2"
"舅宝脱秃花等","1","1","2"
"宝脱秃花等三","1","1","2"
"脱秃花等三十","1","1","2"
"秃花等三十余","1","1","2"
"花等三十余人","1","1","2"
"奉国王信物杂","1","1","2"
"国王信物杂布","1","1","2"
"王信物杂布二","1","1","2"
"信物杂布二百","1","1","2"
"物杂布二百匹","1","1","2"
"小银五十七锭","1","1","2"
"献金叶九节标","1","1","2"
"金叶九节标枪","1","1","2"
"第四子利世麻","1","1","2"
"四子利世麻八","1","1","2"
"子利世麻八都","1","1","2"
"利世麻八都八","1","1","2"
"世麻八都八德","1","1","2"
"麻八都八德剌","1","1","2"
"第五子世利印","1","1","2"
"五子世利印德","1","1","2"
"遣千户林子全","1","1","2"
"大州西北鸦候","1","1","2"
"州西北鸦候山","1","1","2"
"北门乘象遁入","1","1","2"
"门乘象遁入山","1","1","2"
"唆都旧制行省","1","1","2"
"都旧制行省舒","1","1","2"
"旧制行省舒眉","1","1","2"
"制行省舒眉莲","1","1","2"
"行省舒眉莲港","1","1","2"
"遣文劳邛大巴","1","1","2"
"事阿里海牙奉","1","1","2"
"阿里海牙奉镇","1","1","2"
"里海牙奉镇南","1","1","2"
"海牙奉镇南王","1","1","2"
"牙奉镇南王脱","1","1","2"
"奉镇南王脱欢","1","1","2"
"镇南王脱欢发","1","1","2"
"南王脱欢发兵","1","1","2"
"成宗元贞元年","1","1","2"
"设左右军都元","1","1","2"
"左右军都元帅","1","1","2"
"军都元帅府二","1","1","2"
"征行上万户四","1","1","2"
"万户张塔剌赤","1","1","2"
"户张塔剌赤等","1","1","2"
"张塔剌赤等五","1","1","2"
"塔剌赤等五百","1","1","2"
"剌赤等五百余","1","1","2"
"赤等五百余人","1","1","2"
"都元帅郑镇国","1","1","2"
"万户脱欢等马","1","1","2"
"户脱欢等马步","1","1","2"
"副元帅土虎登","1","1","2"
"元帅土虎登哥","1","1","2"
"宰相昔剌难答","1","1","2"
"相昔剌难答吒","1","1","2"
"昔剌难答吒耶","1","1","2"
"剌难答吒耶等","1","1","2"
"难答吒耶等五","1","1","2"
"答吒耶等五十","1","1","2"
"吒耶等五十余","1","1","2"
"耶等五十余人","1","1","2"
"涧上接杜马班","1","1","2"
"上接杜马班王","1","1","2"
"接杜马班王府","1","1","2"
"下通莆奔大海","1","1","2"
"谋臣希宁官沿","1","1","2"
"臣希宁官沿河","1","1","2"
"希宁官沿河泊","1","1","2"
"宁官沿河泊舟","1","1","2"
"孙参政率万户","1","1","2"
"参政率万户李","1","1","2"
"政率万户李明","1","1","2"
"率万户李明迎","1","1","2"
"西南北岸皆水","1","1","2"
"元二十八年九","1","1","2"
"二十八年九月","1","1","2"
"海船副万户杨","1","1","2"
"船副万户杨祥","1","1","2"
"副万户杨祥请","1","1","2"
"书生吴志斗者","1","1","2"
"命杨祥充宣抚","1","1","2"
"杨祥充宣抚使","1","1","2"
"十九年三月二","1","1","2"
"九年三月二十","1","1","2"
"成宗元贞三年","1","1","2"
"福建省平章政","1","1","2"
"建省平章政事","1","1","2"
"平章政事高兴","1","1","2"
"章政事伯颜等","1","1","2"
"中书省左丞唆","1","1","2"
"书省左丞唆都","1","1","2"
"遣广东招讨司","1","1","2"
"广东招讨司达","1","1","2"
"东招讨司达鲁","1","1","2"
"司达鲁花赤杨","1","1","2"
"达鲁花赤杨庭","1","1","2"
"鲁花赤杨庭璧","1","1","2"
"俱蓝国宣慰使","1","1","2"
"札马里丁入朝","1","1","2"
"相马合麻等迎","1","1","2"
"速里蛮二人入","1","1","2"
"里蛮二人入朝","1","1","2"
"些还没有归顺","0","2","2"
"还没有归顺的","0","2","2"
"下诏通报全国","0","2","2"
"汉人担任的镇","0","2","2"
"人担任的镇守","0","2","2"
"担任的镇守官","0","2","2"
"把他们都遣送","0","2","2"
"官员前去审讯","0","2","2"
"当时佥枢密院","0","2","2"
"院事燕铁木儿","0","2","2"
"男女各行其道","0","2","2"
"玉昔帖木儿奏","0","2","2"
"让百姓北渡黄","0","2","2"
"百姓北渡黄河","0","2","2"
"朕已考虑成熟","0","2","2"
"二月二十五日","0","2","2"
"铁木儿塔识请","0","2","2"
"这些意见虽未","0","2","2"
"都受到顺帝的","0","2","2"
"官府逮捕了一","0","2","2"
"府逮捕了一些","0","2","2"
"百姓因此保住","0","2","2"
"为地方长官的","0","2","2"
"世祖沉默了许","0","2","2"
"祖沉默了许久","0","2","2"
"遵行世祖成法","0","2","2"
"帝同意了他的","0","2","2"
"是我所希望的","0","2","2"
"升任监察御史","0","2","2"
"人们都认为这","0","2","2"
"们都认为这是","0","2","2"
"都认为这是一","0","2","2"
"罢了他们的官","0","2","2"
"将他们斩首示","0","2","2"
"他们斩首示众","0","2","2"
"的达鲁花赤七","0","2","2"
"营地犒赏蒙军","0","2","2"
"皇子拖雷攻占","0","2","2"
"任命廉希宪为","0","2","2"
"不花为中书右","0","2","2"
"花为中书右丞","0","2","2"
"律铸为中书左","0","2","2"
"铸为中书左丞","0","2","2"
"等路的宣抚司","0","2","2"
"西行枢密院的","0","2","2"
"任命伯颜为中","0","2","2"
"命伯颜为中书","0","2","2"
"伯颜为中书右","0","2","2"
"颜为中书右丞","0","2","2"
"任命河南等路","0","2","2"
"合剌合孙为中","0","2","2"
"剌合孙为中书","0","2","2"
"孙为中书右丞","0","2","2"
"设立大宗正府","0","2","2"
"失里咱牙信合","0","2","2"
"里咱牙信合八","0","2","2"
"赐给礼部尚书","0","2","2"
"任命甘肃行省","0","2","2"
"给诸侯王也里","0","2","2"
"诸侯王也里干","0","2","2"
"按察司改为广","0","2","2"
"为福建闽海道","0","2","2"
"为河西陇北道","0","2","2"
"派遣合撒儿海","0","2","2"
"遣合撒儿海牙","0","2","2"
"为江西榷茶转","0","2","2"
"各道儒学提举","0","2","2"
"漕运司改为都","0","2","2"
"改为都转运盐","0","2","2"
"为都转运盐使","0","2","2"
"派遣参知政事","0","2","2"
"阿里为中书右","0","2","2"
"里为中书右丞","0","2","2"
"共同出使安南","0","2","2"
"设立海北海南","0","2","2"
"在位三十五年","0","2","2"
"钱钞一千六百","0","2","2"
"加授平章政事","0","2","2"
"麦术丁为平章","0","2","2"
"荣祖为昭文馆","0","2","2"
"祖为昭文馆大","0","2","2"
"命江浙行省左","0","2","2"
"事赤斤铁木儿","0","2","2"
"任命陕西行省","0","2","2"
"命陕西行省平","0","2","2"
"降职为岭北行","0","2","2"
"职为岭北行省","0","2","2"
"不花钱钞一万","0","2","2"
"花钱钞一万五","0","2","2"
"为辽阳行省平","0","2","2"
"钱钞七十五万","0","2","2"
"任命中书省参","0","2","2"
"中都威卫改为","0","2","2"
"都威卫改为忠","0","2","2"
"威卫改为忠翊","0","2","2"
"卫改为忠翊侍","0","2","2"
"改为忠翊侍卫","0","2","2"
"为忠翊侍卫亲","0","2","2"
"赐予黄金五百","0","2","2"
"予黄金五百两","0","2","2"
"并为御史大夫","0","2","2"
"王月鲁铁木儿","0","2","2"
"铁木儿于云南","0","2","2"
"授予开府仪同","0","2","2"
"予开府仪同三","0","2","2"
"江淮地区创科","0","2","2"
"淮地区创科包","0","2","2"
"地区创科包银","0","2","2"
"诸侯王彻彻秃","0","2","2"
"高昌王亦都护","0","2","2"
"赐予寿宁公主","0","2","2"
"为云南行省右","0","2","2"
"诸王不赛因遣","0","2","2"
"王不赛因遣使","0","2","2"
"遣使前来进贡","0","2","2"
"赐予钱钞三千","0","2","2"
"钱钞各一千五","0","2","2"
"钞各一千五百","0","2","2"
"各一千五百锭","0","2","2"
"钞一千二百锭","0","2","2"
"三处驿站饥荒","0","2","2"
"赈济粮食五万","0","2","2"
"赈济钱钞三万","0","2","2"
"济钱钞三万锭","0","2","2"
"河间盐运司改","0","2","2"
"间盐运司改为","0","2","2"
"赈济钱钞五万","0","2","2"
"为同知行枢密","0","2","2"
"派遣武宁王彻","0","2","2"
"立文宗为皇太","0","2","2"
"文宗为皇太子","0","2","2"
"铁木儿为中书","0","2","2"
"为岭北行省平","0","2","2"
"河南行省杀掉","0","2","2"
"任命高昌王铁","0","2","2"
"命高昌王铁木","0","2","2"
"赐予西安王阿","0","2","2"
"予西安王阿剌","0","2","2"
"院事脱脱木儿","0","2","2"
"命江西行省平","0","2","2"
"事秃坚帖木儿","0","2","2"
"御史中丞亦列","0","2","2"
"史中丞亦列赤","0","2","2"
"神御殿修作佛","0","2","2"
"御殿修作佛事","0","2","2"
"征召云南行省","0","2","2"
"行省左丞相也","0","2","2"
"丞相也儿吉尼","0","2","2"
"燕铁木儿太平","0","2","2"
"铁木儿太平王","0","2","2"
"亦列赤为御史","0","2","2"
"姚炜并为储庆","0","2","2"
"炜并为储庆使","0","2","2"
"将也先铁木儿","0","2","2"
"儿为中书左丞","0","2","2"
"知枢密院事不","0","2","2"
"枢密院事不花","0","2","2"
"铁木儿为左丞","0","2","2"
"派遣燕铁木儿","0","2","2"
"燕铁木儿恭奉","0","2","2"
"铁木儿恭奉皇","0","2","2"
"木儿恭奉皇帝","0","2","2"
"明宗行在处所","0","2","2"
"命令知枢密院","0","2","2"
"令知枢密院事","0","2","2"
"御史中丞八即","0","2","2"
"史中丞八即剌","0","2","2"
"阿儿思兰海牙","0","2","2"
"相塔失铁木儿","0","2","2"
"百七十户粮食","0","2","2"
"户粮食三个月","0","2","2"
"铁木儿知枢密","0","2","2"
"太后尊号为仪","0","2","2"
"后尊号为仪天","0","2","2"
"尊号为仪天兴","0","2","2"
"号为仪天兴圣","0","2","2"
"为仪天兴圣慈","0","2","2"
"拜为礼部尚书","0","2","2"
"兼管枢密院事","0","2","2"
"至元二年七月","0","2","2"
"入朝商议中书","0","2","2"
"升为福建行省","0","2","2"
"为福建行省平","0","2","2"
"元二十三年春","0","2","2"
"随丞相伯颜南","0","2","2"
"他为开府仪同","0","2","2"
"怀王即皇帝位","0","2","2"
"任湖广行省平","0","2","2"
"兼知行枢密院","0","2","2"
"答失八都鲁镇","0","2","2"
"讨伐孛罗帖木","0","2","2"
"伐孛罗帖木儿","0","2","2"
"出任江南行台","0","2","2"
"为翰林侍读学","0","2","2"
"有文集若干卷","0","2","2"
"授绍兴路总管","0","2","2"
"诏令孛罗帖木","0","2","2"
"帖木儿为江浙","0","2","2"
"木儿为江浙行","0","2","2"
"儿为江浙行省","0","2","2"
"任福建廉访使","0","2","2"
"为中书右司员","0","2","2"
"任江西行省参","0","2","2"
"后又加赠推忠","0","2","2"
"任大名路总管","0","2","2"
"不久授镇国上","0","2","2"
"久授镇国上将","0","2","2"
"右丞别乞里迷","0","2","2"
"丞别乞里迷失","0","2","2"
"因功授武德将","0","2","2"
"屯驻于六盘山","0","2","2"
"改任中书左丞","0","2","2"
"王文统为平章","0","2","2"
"文统为平章政","0","2","2"
"统为平章政事","0","2","2"
"以便就近奉养","0","2","2"
"按察司改为肃","0","2","2"
"察司改为肃政","0","2","2"
"司改为肃政廉","0","2","2"
"改为肃政廉访","0","2","2"
"改任淮东宣慰","0","2","2"
"改任河南行省","0","2","2"
"改安抚司为总","0","2","2"
"安抚司为总管","0","2","2"
"抚司为总管府","0","2","2"
"金五十两及金","0","2","2"
"可灌田二千余","0","2","2"
"授治书侍御史","0","2","2"
"同知制诰兼国","0","2","2"
"知制诰兼国史","0","2","2"
"任翰林侍读学","0","2","2"
"任江南湖北道","0","2","2"
"拜山南江北道","0","2","2"
"京为翰林学士","0","2","2"
"任尚书省右司","0","2","2"
"陛下即位之初","0","2","2"
"改任吏部尚书","0","2","2"
"提拔为监察御","0","2","2"
"出任湖广行省","0","2","2"
"享年八十一岁","0","2","2"
"升迁为翰林待","0","2","2"
"迁为翰林待制","0","2","2"
"迁为户部尚书","0","2","2"
"官阶中奉大夫","0","2","2"
"四川省平章政","0","2","2"
"川省平章政事","0","2","2"
"以平章政事兼","0","2","2"
"尚书省并入中","0","2","2"
"书省并入中书","0","2","2"
"省并入中书省","0","2","2"
"阿合马为中书","0","2","2"
"合马为中书平","0","2","2"
"马为中书平章","0","2","2"
"升六部为二品","0","2","2"
"任同知宣徽院","0","2","2"
"官阶光禄大夫","0","2","2"
"阶银青荣禄大","0","2","2"
"左丞相拜住为","0","2","2"
"丞相拜住为亚","0","2","2"
"相拜住为亚献","0","2","2"
"铁失以御史大","0","2","2"
"失以御史大夫","0","2","2"
"守卫石岭关以","0","2","2"
"以孛罗帖木儿","0","2","2"
"帖木儿为太保","0","2","2"
"起居舍人潘阜","0","2","2"
"黑的等赴日本","0","2","2"
"金州等处设置","0","2","2"
"州等处设置镇","0","2","2"
"等处设置镇边","0","2","2"
"处设置镇边万","0","2","2"
"设置镇边万户","0","2","2"
"威将军都统领","0","2","2"
"将军都统领脱","0","2","2"
"副统领刘杰视","0","2","2"
"统领刘杰视察","0","2","2"
"诏告高丽国王","0","2","2"
"使臣杜世忠等","0","2","2"
"令海道运粮万","0","2","2"
"世子陈日火广","0","2","2"
"子陈日火广遣","0","2","2"
"行省官员率兵","0","2","2"
"谥号为法天启","0","2","2"
"号为法天启运","0","2","2"
"为法天启运圣","0","2","2"
"地方住了下来","0","2","2"
"统急里忽鲁的","0","2","2"
"认为他的话很","0","2","2"
"为他的话很对","0","2","2"
"听说了这件事","0","2","2"
"世祖至元三年","0","2","2"
"把军队驻扎在","0","2","2"
"后来又重新叛","0","2","2"
"弟弟札阿绀孛","0","2","2"
"的东西全部夺","0","2","2"
"乃蛮被打得大","0","2","2"
"蛮被打得大败","0","2","2"
"他们打得大败","0","2","2"
"移到别处去了","0","2","2"
"派阿里海去责","0","2","2"
"阿里海去责备","0","2","2"
"里海去责备汪","0","2","2"
"海去责备汪罕","0","2","2"
"窘迫中来归附","0","2","2"
"进行突然袭击","0","2","2"
"又想要拥立你","0","2","2"
"你又坚决推辞","0","2","2"
"我现在离去了","0","2","2"
"斡难河的发源","0","2","2"
"难河的发源处","0","2","2"
"大军驻扎在建","0","2","2"
"太祖命令遮别","0","2","2"
"金国皇帝完颜","0","2","2"
"国皇帝完颜王","0","2","2"
"太子完颜守忠","0","2","2"
"马都元帅镇守","0","2","2"
"天应为兴中府","0","2","2"
"应为兴中府尹","0","2","2"
"入朝侍奉太祖","0","2","2"
"太祖十一年春","0","2","2"
"命木华黎为太","0","2","2"
"蒙古军出紫荆","0","2","2"
"古军出紫荆口","0","2","2"
"太祖十四年春","0","2","2"
"太祖十五年春","0","2","2"
"执掌尚书省事","0","2","2"
"掌尚书省事务","0","2","2"
"派遣乌古孙仲","0","2","2"
"领部下前来归","0","2","2"
"部下前来归降","0","2","2"
"让你主子当河","0","2","2"
"你主子当河南","0","2","2"
"主子当河南王","0","2","2"
"为兵马都元帅","0","2","2"
"渡过黄河进攻","0","2","2"
"率军渡过黄河","0","2","2"
"由皇子拖雷监","0","2","2"
"的第三个儿子","0","2","2"
"由白坡渡过黄","0","2","2"
"白坡渡过黄河","0","2","2"
"来到蒙古军营","0","2","2"
"享年五十六岁","0","2","2"
"皇后乃马真氏","0","2","2"
"五河口渡过淮","0","2","2"
"河口渡过淮河","0","2","2"
"耶律楚材去世","0","2","2"
"太宗皇帝曾经","0","2","2"
"诸侯王按只带","0","2","2"
"立皇孙失烈门","0","2","2"
"孙失烈门为继","0","2","2"
"失烈门为继承","0","2","2"
"烈门为继承人","0","2","2"
"皇后临朝听政","0","2","2"
"地方即皇帝位","0","2","2"
"暂署万户史权","0","2","2"
"朝廷内外议论","0","2","2"
"太宗皇帝命令","0","2","2"
"汉族地区的民","0","2","2"
"族地区的民户","0","2","2"
"马丁协助他们","0","2","2"
"等处的蒙古军","0","2","2"
"教方面的事务","0","2","2"
"不许擅自招纳","0","2","2"
"许擅自招纳民","0","2","2"
"擅自招纳民户","0","2","2"
"并抄没他的家","0","2","2"
"末来的吉儿都","0","2","2"
"来的吉儿都怯","0","2","2"
"的吉儿都怯寨","0","2","2"
"下诏晓谕宋朝","0","2","2"
"诏晓谕宋朝的","0","2","2"
"皇帝在怯蹇叉","0","2","2"
"帝在怯蹇叉罕","0","2","2"
"蒙古军击败了","0","2","2"
"古军击败了他","0","2","2"
"诸侯王旭烈兀","0","2","2"
"来到皇帝驻跸","0","2","2"
"到皇帝驻跸的","0","2","2"
"下诏晓谕他说","0","2","2"
"和洪福源一起","0","2","2"
"清理核算钱粮","0","2","2"
"理核算钱粮的","0","2","2"
"核算钱粮的官","0","2","2"
"领各自的部队","0","2","2"
"地方会见诸侯","0","2","2"
"方会见诸侯王","0","2","2"
"数目各不相同","0","2","2"
"皇帝驻跸的地","0","2","2"
"帝驻跸的地方","0","2","2"
"各自返回自己","0","2","2"
"自返回自己的","0","2","2"
"分赐给诸侯王","0","2","2"
"兀良合台送他","0","2","2"
"良合台送他们","0","2","2"
"合台送他们到","0","2","2"
"台送他们到皇","0","2","2"
"送他们到皇帝","0","2","2"
"相继前来投降","0","2","2"
"东胜渡过黄河","0","2","2"
"宋朝的制置使","0","2","2"
"皇帝赐给汪田","0","2","2"
"帝赐给汪田哥","0","2","2"
"担任他的副手","0","2","2"
"他率领自己的","0","2","2"
"诸侯王莫哥都","0","2","2"
"俘获男女人口","0","2","2"
"夜间登上外城","0","2","2"
"皇帝身体不适","0","2","2"
"三千名精锐的","0","2","2"
"千名精锐的士","0","2","2"
"的第四个儿子","0","2","2"
"朝的贾似道派","0","2","2"
"率领西路的诸","0","2","2"
"领西路的诸侯","0","2","2"
"西路的诸侯王","0","2","2"
"东路的诸侯王","0","2","2"
"良弼为参议司","0","2","2"
"弼为参议司事","0","2","2"
"晓谕高丽国王","0","2","2"
"以及逃亡在外","0","2","2"
"忧国忧民之心","0","2","2"
"侯王和百官的","0","2","2"
"廷内外官吏的","0","2","2"
"千五百人前往","0","2","2"
"军设立贸易市","0","2","2"
"设立贸易市场","0","2","2"
"为湖南宣抚使","0","2","2"
"左丞张文谦为","0","2","2"
"丞张文谦为大","0","2","2"
"张文谦为大名","0","2","2"
"处便宜行事都","0","2","2"
"运米十万石到","0","2","2"
"为江淮大都督","0","2","2"
"千人前往开平","0","2","2"
"路的宣抚司制","0","2","2"
"的宣抚司制造","0","2","2"
"判司宰事韩即","0","2","2"
"省大都督李王","0","2","2"
"任命燕京路宣","0","2","2"
"命燕京路宣慰","0","2","2"
"王鹗为翰林学","0","2","2"
"鹗为翰林学士","0","2","2"
"学士承旨兼修","0","2","2"
"令都元帅纽王","0","2","2"
"希宪为中书省","0","2","2"
"宪为中书省右","0","2","2"
"再次请求进攻","0","2","2"
"阿蓝答儿及浑","0","2","2"
"蓝答儿及浑都","0","2","2"
"答儿及浑都海","0","2","2"
"皇上的车驾驻","0","2","2"
"上的车驾驻跸","0","2","2"
"纹的绸缎各三","0","2","2"
"的绸缎各三百","0","2","2"
"绸缎各三百匹","0","2","2"
"绢五千零九十","0","2","2"
"千零九十八匹","0","2","2"
"从此以后每年","0","2","2"
"以后每年成为","0","2","2"
"后每年成为常","0","2","2"
"每年成为常例","0","2","2"
"皇上的车驾抵","0","2","2"
"上的车驾抵达","0","2","2"
"中书省事务的","0","2","2"
"他们赎身为民","0","2","2"
"臣入朝觐见皇","0","2","2"
"私自宰杀马牛","0","2","2"
"史天泽为中书","0","2","2"
"泽为中书右丞","0","2","2"
"施惠于百姓的","0","2","2"
"惠于百姓的药","0","2","2"
"于百姓的药局","0","2","2"
"太阴星干犯角","0","2","2"
"阴星干犯角宿","0","2","2"
"任命严忠范为","0","2","2"
"为东平路行军","0","2","2"
"官员全部听从","0","2","2"
"部下有功的军","0","2","2"
"下有功的军官","0","2","2"
"有功的军官二","0","2","2"
"功的军官二千","0","2","2"
"的军官二千五","0","2","2"
"军官二千五百","0","2","2"
"官二千五百两","0","2","2"
"百两白银及数","0","2","2"
"两白银及数量","0","2","2"
"白银及数量不","0","2","2"
"担任翰林侍讲","0","2","2"
"甲及铁装器具","0","2","2"
"安抚当地百姓","0","2","2"
"建立翰林国史","0","2","2"
"的百姓迁居到","0","2","2"
"任命许衡为国","0","2","2"
"姚枢为太子太","0","2","2"
"许衡为太子太","0","2","2"
"窦默为太子太","0","2","2"
"各五十两白银","0","2","2"
"抚恤他们的家","0","2","2"
"氏一胎生下三","0","2","2"
"所借贷的官钱","0","2","2"
"而无力偿还的","0","2","2"
"诏令把凤翔府","0","2","2"
"令平章政事赵","0","2","2"
"驻扎在燕京的","0","2","2"
"扎在燕京的近","0","2","2"
"为江汉大都督","0","2","2"
"前来皇上驻地","0","2","2"
"章政事塔察儿","0","2","2"
"免除今年的赋","0","2","2"
"除今年的赋税","0","2","2"
"由官府供给粮","0","2","2"
"封皇子真金为","0","2","2"
"皇子真金为燕","0","2","2"
"子真金为燕王","0","2","2"
"管理中书省事","0","2","2"
"理中书省事务","0","2","2"
"荧惑星干犯钩","0","2","2"
"命令诸侯王合","0","2","2"
"令诸侯王合必","0","2","2"
"行中书省供给","0","2","2"
"州等处的屯田","0","2","2"
"俸禄为正三品","0","2","2"
"饰有骆驼钮的","0","2","2"
"上表章前来谢","0","2","2"
"表章前来谢恩","0","2","2"
"三城献给宋朝","0","2","2"
"定朝内外官员","0","2","2"
"领二千名士卒","0","2","2"
"二千名士卒前","0","2","2"
"掌管宣抚司事","0","2","2"
"因为散布妖言","0","2","2"
"李王占据济南","0","2","2"
"的百姓迁徙到","0","2","2"
"户的男丁为兵","0","2","2"
"免除他们的赋","0","2","2"
"除他们的赋税","0","2","2"
"执掌宣慰司的","0","2","2"
"掌宣慰司的事","0","2","2"
"掌管行中书省","0","2","2"
"政事赛典赤兼","0","2","2"
"事赛典赤兼管","0","2","2"
"王的军队遭遇","0","2","2"
"把李王的军队","0","2","2"
"李王的军队打","0","2","2"
"禁止民间私藏","0","2","2"
"止民间私藏武","0","2","2"
"民间私藏武器","0","2","2"
"各路的管民官","0","2","2"
"的一千名士卒","0","2","2"
"皇上下诏安抚","0","2","2"
"宋朝将领夏贵","0","2","2"
"路今年田租的","0","2","2"
"命平章政事赛","0","2","2"
"带头作乱的人","0","2","2"
"头作乱的人处","0","2","2"
"作乱的人处死","0","2","2"
"率军进攻宋军","0","2","2"
"陕西行省上奏","0","2","2"
"西行省上奏说","0","2","2"
"事情发觉之后","0","2","2"
"情发觉之后被","0","2","2"
"发觉之后被处","0","2","2"
"觉之后被处死","0","2","2"
"钱钞以赈济他","0","2","2"
"钞以赈济他们","0","2","2"
"钱钞四十三万","0","2","2"
"百姓交纳赋税","0","2","2"
"私自买卖金银","0","2","2"
"甘州发生饥荒","0","2","2"
"路执掌中书省","0","2","2"
"任命侍卫亲军","0","2","2"
"予安南国王陈","0","2","2"
"蒙古军和汉军","0","2","2"
"的百姓饥饿乏","0","2","2"
"的二千名士兵","0","2","2"
"为益都路总管","0","2","2"
"下诏责备高丽","0","2","2"
"因为立下战功","0","2","2"
"为立下战功而","0","2","2"
"立下战功而赏","0","2","2"
"下战功而赏赐","0","2","2"
"元帅钦察戍守","0","2","2"
"帅钦察戍守青","0","2","2"
"迁回原来的地","0","2","2"
"回原来的地方","0","2","2"
"长春宫设立金","0","2","2"
"春宫设立金周","0","2","2"
"宫设立金周天","0","2","2"
"派官员去审理","0","2","2"
"不能养活自己","0","2","2"
"能养活自己的","0","2","2"
"隶属于隆兴府","0","2","2"
"属于他们管辖","0","2","2"
"为山东路统军","0","2","2"
"任命真定路镇","0","2","2"
"命真定路镇守","0","2","2"
"重新设置息州","0","2","2"
"严禁屠宰牛马","0","2","2"
"皇上有诏令说","0","2","2"
"隶属于归德府","0","2","2"
"全年判死刑的","0","2","2"
"年判死刑的罪","0","2","2"
"判死刑的罪犯","0","2","2"
"死刑的罪犯六","0","2","2"
"刑的罪犯六十","0","2","2"
"下诏将其处死","0","2","2"
"所改为转运司","0","2","2"
"的士卒去戍守","0","2","2"
"隶属于各万户","0","2","2"
"隶属于统军司","0","2","2"
"辎重老营的官","0","2","2"
"重老营的官员","0","2","2"
"兵充实武卫军","0","2","2"
"命令他的儿子","0","2","2"
"他的儿子忙兀","0","2","2"
"的儿子忙兀带","0","2","2"
"承袭他的官职","0","2","2"
"子弟入朝做人","0","2","2"
"弟入朝做人质","0","2","2"
"免除其家的赋","0","2","2"
"除其家的赋税","0","2","2"
"功的将士二千","0","2","2"
"上交给官府的","0","2","2"
"把他们的妻儿","0","2","2"
"平价购买粮食","0","2","2"
"完颜端的田地","0","2","2"
"王阿只吉部下","0","2","2"
"镇守官兀良吉","0","2","2"
"尚书马月合乃","0","2","2"
"书马月合乃兼","0","2","2"
"铁一百零三万","0","2","2"
"一百零三万七","0","2","2"
"百零三万七千","0","2","2"
"零三万七千斤","0","2","2"
"农具二十万件","0","2","2"
"换取粮食四万","0","2","2"
"取粮食四万石","0","2","2"
"等人钱钞二千","0","2","2"
"赐给拜忽公主","0","2","2"
"属钱钞一千锭","0","2","2"
"儿为中书省左","0","2","2"
"是为王事而死","0","2","2"
"隶属于西川行","0","2","2"
"的一部分军队","0","2","2"
"掌枢密院事务","0","2","2"
"只必帖木儿部","0","2","2"
"设置传送紧急","0","2","2"
"置传送紧急公","0","2","2"
"传送紧急公文","0","2","2"
"送紧急公文的","0","2","2"
"紧急公文的急","0","2","2"
"急公文的急递","0","2","2"
"定路发生旱灾","0","2","2"
"大名等路发生","0","2","2"
"皇上在太庙举","0","2","2"
"上在太庙举行","0","2","2"
"国王王礻直因","0","2","2"
"的常例赐给诸","0","2","2"
"常例赐给诸侯","0","2","2"
"国共有一百五","0","2","2"
"直派遣使臣奉","0","2","2"
"益都的一千名","0","2","2"
"都的一千名武","0","2","2"
"的一千名武卫","0","2","2"
"府供给耕牛农","0","2","2"
"供给耕牛农具","0","2","2"
"伊斯兰教士等","0","2","2"
"府购买平价粮","0","2","2"
"买平价粮食以","0","2","2"
"漏登户籍的民","0","2","2"
"登户籍的民户","0","2","2"
"朝廷的大臣们","0","2","2"
"俸禄以赡养他","0","2","2"
"禄以赡养他们","0","2","2"
"命令中书省商","0","2","2"
"下诏给四川行","0","2","2"
"的赋税充作军","0","2","2"
"因为这件事没","0","2","2"
"为这件事没有","0","2","2"
"万户石抹札剌","0","2","2"
"照阿合马的意","0","2","2"
"安抚司的事务","0","2","2"
"放粮食赈济他","0","2","2"
"诸侯王也速不","0","2","2"
"侯王也速不花","0","2","2"
"上面的文字是","0","2","2"
"侯王玉龙答失","0","2","2"
"的谋臣不鲁花","0","2","2"
"西行省的大臣","0","2","2"
"的供给他们粮","0","2","2"
"皇上全部允从","0","2","2"
"供给边境地区","0","2","2"
"路的总管府兼","0","2","2"
"的总管府兼管","0","2","2"
"的士兵六十人","0","2","2"
"部下的士兵戍","0","2","2"
"下的士兵戍守","0","2","2"
"的事下诏告知","0","2","2"
"人前来归顺的","0","2","2"
"书赐给高丽国","0","2","2"
"合并到中书省","0","2","2"
"任命领中书省","0","2","2"
"命领中书省左","0","2","2"
"书省左右部兼","0","2","2"
"省左右部兼诸","0","2","2"
"左右部兼诸路","0","2","2"
"给予他们数量","0","2","2"
"予他们数量不","0","2","2"
"数量不等的赏","0","2","2"
"量不等的赏赐","0","2","2"
"各路总管府兼","0","2","2"
"路总管府兼管","0","2","2"
"刑的罪犯七十","0","2","2"
"罢免他的官职","0","2","2"
"侯王塔察儿的","0","2","2"
"中书省的六部","0","2","2"
"任命麦术丁为","0","2","2"
"丁为平章政事","0","2","2"
"戍守边境的军","0","2","2"
"每人每月给米","0","2","2"
"人每月给米二","0","2","2"
"每月给米二斗","0","2","2"
"命令四川行枢","0","2","2"
"希望全部予以","0","2","2"
"统军司迁移到","0","2","2"
"修筑十字路城","0","2","2"
"丙派遣使臣奉","0","2","2"
"上表章前来进","0","2","2"
"表章前来进贡","0","2","2"
"至元三年的历","0","2","2"
"元三年的历书","0","2","2"
"伯颜为中书左","0","2","2"
"颜为中书左丞","0","2","2"
"二万五千两白","0","2","2"
"及数量不等的","0","2","2"
"等地发生蝗灾","0","2","2"
"发生蝗灾和旱","0","2","2"
"生蝗灾和旱灾","0","2","2"
"遣使臣前来恭","0","2","2"
"使臣前来恭贺","0","2","2"
"臣前来恭贺新","0","2","2"
"请求增派军队","0","2","2"
"重新担任中书","0","2","2"
"新担任中书省","0","2","2"
"任中书省左丞","0","2","2"
"史天泽担任枢","0","2","2"
"天泽担任枢密","0","2","2"
"妖言蛊惑百姓","0","2","2"
"任制国用使司","0","2","2"
"制国用使司副","0","2","2"
"国用使司副使","0","2","2"
"今年包银税的","0","2","2"
"制国用使司制","0","2","2"
"将子弟组成的","0","2","2"
"的百姓迁移到","0","2","2"
"省平章政事赛","0","2","2"
"派遣使臣祭祀","0","2","2"
"遣使臣祭祀五","0","2","2"
"使臣祭祀五岳","0","2","2"
"臣祭祀五岳四","0","2","2"
"我想自古以来","0","2","2"
"圣人以四海为","0","2","2"
"车驾从上都到","0","2","2"
"在京畿地区狩","0","2","2"
"京畿地区狩猎","0","2","2"
"忽都答儿为中","0","2","2"
"都答儿为中书","0","2","2"
"他们流离失所","0","2","2"
"行枢密院改为","0","2","2"
"枢密院改为行","0","2","2"
"密院改为行中","0","2","2"
"院改为行中书","0","2","2"
"赐给高丽至元","0","2","2"
"皇上赐给他们","0","2","2"
"数目不等的锦","0","2","2"
"为枢密院副使","0","2","2"
"十一个部族前","0","2","2"
"一个部族前来","0","2","2"
"个部族前来归","0","2","2"
"再度任命史天","0","2","2"
"度任命史天泽","0","2","2"
"降职为中书省","0","2","2"
"把他治下的百","0","2","2"
"他治下的百姓","0","2","2"
"治下的百姓隶","0","2","2"
"下的百姓隶属","0","2","2"
"大名路镇守官","0","2","2"
"申令严禁在京","0","2","2"
"令严禁在京畿","0","2","2"
"严禁在京畿地","0","2","2"
"禁在京畿地区","0","2","2"
"百人充当侍卫","0","2","2"
"土星干犯天缶","0","2","2"
"星干犯天缶尊","0","2","2"
"饰有骆驼形钮","0","2","2"
"有骆驼形钮键","0","2","2"
"怯绵征伐建都","0","2","2"
"直派遣他的秘","0","2","2"
"派遣他的秘书","0","2","2"
"遣他的秘书监","0","2","2"
"恭贺皇帝的寿","0","2","2"
"贺皇帝的寿诞","0","2","2"
"派遣步兵骑兵","0","2","2"
"遣步兵骑兵前","0","2","2"
"使臣前来朝贡","0","2","2"
"下诏晓谕安南","0","2","2"
"实行科举考试","0","2","2"
"原来所接受的","0","2","2"
"进献嘉禾二株","0","2","2"
"部下的将士战","0","2","2"
"下的将士战功","0","2","2"
"的将士战功银","0","2","2"
"阿术部下有功","0","2","2"
"术部下有功的","0","2","2"
"女真水达达部","0","2","2"
"霸州的益津县","0","2","2"
"等路发生蝗灾","0","2","2"
"免除他们的租","0","2","2"
"共一百一十四","0","2","2"
"一百一十四人","0","2","2"
"他的弟弟王氵","0","2","2"
"的弟弟王氵昌","0","2","2"
"诏书前往晓谕","0","2","2"
"敕令处以杖刑","0","2","2"
"阿里等人前往","0","2","2"
"丞相塔察儿为","0","2","2"
"相塔察儿为御","0","2","2"
"塔察儿为御史","0","2","2"
"察儿为御史大","0","2","2"
"令转运司兼管","0","2","2"
"派遣都统领脱","0","2","2"
"遣都统领脱朵","0","2","2"
"行省的赛典赤","0","2","2"
"都路发生水灾","0","2","2"
"赐给安南国王","0","2","2"
"千石粮米赈济","0","2","2"
"石粮米赈济他","0","2","2"
"担任枢密副使","0","2","2"
"任命和礼霍孙","0","2","2"
"嘉定新归附的","0","2","2"
"立下战功的将","0","2","2"
"下战功的将士","0","2","2"
"免交今年的田","0","2","2"
"交今年的田租","0","2","2"
"处死权臣金俊","0","2","2"
"知政事杨果为","0","2","2"
"为怀孟路总管","0","2","2"
"驸马忽剌出到","0","2","2"
"马忽剌出到襄","0","2","2"
"忽剌出到襄阳","0","2","2"
"蒙古文字颁行","0","2","2"
"宣德府的税课","0","2","2"
"每人给予钱钞","0","2","2"
"给予钱钞二十","0","2","2"
"遣使者祭祀五","0","2","2"
"使者祭祀五岳","0","2","2"
"者祭祀五岳四","0","2","2"
"一千六百二十","0","2","2"
"各州郡发生蝗","0","2","2"
"州郡发生蝗灾","0","2","2"
"各路发生旱灾","0","2","2"
"的赋税全部免","0","2","2"
"赋税全部免除","0","2","2"
"直派遣他的世","0","2","2"
"王忄甚前来朝","0","2","2"
"忄甚前来朝见","0","2","2"
"不等的银两和","0","2","2"
"率领二万二千","0","2","2"
"领二万二千名","0","2","2"
"二万二千名士","0","2","2"
"的银两和钱钞","0","2","2"
"高丽国的世子","0","2","2"
"丽国的世子王","0","2","2"
"国的世子王忄","0","2","2"
"世子王忄甚上","0","2","2"
"子王忄甚上奏","0","2","2"
"弟安庆公王氵","0","2","2"
"庆公王氵昌为","0","2","2"
"公王氵昌为国","0","2","2"
"王氵昌为国王","0","2","2"
"东安公的尊号","0","2","2"
"史天泽均担任","0","2","2"
"的中书省事务","0","2","2"
"征召高丽国王","0","2","2"
"蒙古国王头辇","0","2","2"
"古国王头辇哥","0","2","2"
"都统领崔坦等","0","2","2"
"的三千名士兵","0","2","2"
"礼部侍郎朴休","0","2","2"
"部侍郎朴休灬","0","2","2"
"在太庙做佛事","0","2","2"
"谋划尚书省事","0","2","2"
"划尚书省事务","0","2","2"
"参与掌管尚书","0","2","2"
"与掌管尚书省","0","2","2"
"掌管尚书省事","0","2","2"
"管尚书省事务","0","2","2"
"高丽国王派遣","0","2","2"
"丽国王派遣使","0","2","2"
"王派遣使臣来","0","2","2"
"申令严格禁止","0","2","2"
"步兵骑兵共一","0","2","2"
"兵骑兵共一万","0","2","2"
"不同数量的金","0","2","2"
"等路的行中书","0","2","2"
"路的行中书省","0","2","2"
"书省改为行尚","0","2","2"
"省改为行尚书","0","2","2"
"改为行尚书省","0","2","2"
"书省大臣进言","0","2","2"
"作为首要任务","0","2","2"
"守官的子弟则","0","2","2"
"尚书宋宗礼杀","0","2","2"
"佥省也速带儿","0","2","2"
"川统军司率军","0","2","2"
"减免今年丝税","0","2","2"
"免今年丝税银","0","2","2"
"年丝税银的十","0","2","2"
"丝税银的十分","0","2","2"
"税银的十分之","0","2","2"
"银的十分之三","0","2","2"
"任命枢密院同","0","2","2"
"命枢密院同知","0","2","2"
"十个月为一个","0","2","2"
"个月为一个阶","0","2","2"
"月为一个阶段","0","2","2"
"打捕鹰坊总管","0","2","2"
"给他们耕牛农","0","2","2"
"他们耕牛农具","0","2","2"
"诸侯王拜答寒","0","2","2"
"为枢密院同知","0","2","2"
"宋军将领范文","0","2","2"
"军将领范文虎","0","2","2"
"将领范文虎率","0","2","2"
"领范文虎率领","0","2","2"
"西京发生饥荒","0","2","2"
"用蒙古文字书","0","2","2"
"蒙古文字书写","0","2","2"
"下诏给高丽国","0","2","2"
"诏给高丽国王","0","2","2"
"闰十一月初一","0","2","2"
"皇帝赐给高丽","0","2","2"
"帝赐给高丽国","0","2","2"
"秩禄提升为正","0","2","2"
"都水监隶属于","0","2","2"
"大司农司管辖","0","2","2"
"的常例赐给先","0","2","2"
"常例赐给先朝","0","2","2"
"例赐给先朝的","0","2","2"
"赐给先朝的后","0","2","2"
"给先朝的后妃","0","2","2"
"先朝的后妃以","0","2","2"
"朝的后妃以及","0","2","2"
"的后妃以及诸","0","2","2"
"后妃以及诸侯","0","2","2"
"妃以及诸侯王","0","2","2"
"以及诸侯王黄","0","2","2"
"及诸侯王黄金","0","2","2"
"让他们返回原","0","2","2"
"他们返回原籍","0","2","2"
"从现在起全部","0","2","2"
"安抚使阿海占","0","2","2"
"抚使阿海占领","0","2","2"
"使阿海占领珍","0","2","2"
"阿海占领珍岛","0","2","2"
"撤销各路转运","0","2","2"
"销各路转运司","0","2","2"
"归并到总管府","0","2","2"
"带着诏书去招","0","2","2"
"着诏书去招降","0","2","2"
"揭发了这件事","0","2","2"
"朝内朝外的官","0","2","2"
"佩戴金银牌符","0","2","2"
"州等州隶属于","0","2","2"
"等州隶属于它","0","2","2"
"为山北辽东道","0","2","2"
"皇上下诏将他","0","2","2"
"因年老多病辞","0","2","2"
"路的行尚书省","0","2","2"
"王国昌分路进","0","2","2"
"省一年的经费","0","2","2"
"今年的丝料税","0","2","2"
"划军国重大事","0","2","2"
"发生粘虫灾害","0","2","2"
"增加太原的盐","0","2","2"
"加太原的盐税","0","2","2"
"诏招降宋朝的","0","2","2"
"率领他部下的","0","2","2"
"领他部下的士","0","2","2"
"千六百锭钱钞","0","2","2"
"挑选贵族子弟","0","2","2"
"太庙的殿柱朽","0","2","2"
"庙的殿柱朽烂","0","2","2"
"是自古以来所","0","2","2"
"自古以来所没","0","2","2"
"古以来所没有","0","2","2"
"以来所没有的","0","2","2"
"漏登册籍的民","0","2","2"
"登册籍的民户","0","2","2"
"官员们的俸禄","0","2","2"
"等人羊马价钱","0","2","2"
"人羊马价钱钞","0","2","2"
"刑的罪犯共一","0","2","2"
"的罪犯共一百","0","2","2"
"罪犯共一百零","0","2","2"
"任中书省参知","0","2","2"
"建立行中书省","0","2","2"
"的田地有多的","0","2","2"
"改为行枢密院","0","2","2"
"任命也速带儿","0","2","2"
"出使日本的赵","0","2","2"
"使日本的赵良","0","2","2"
"日本的赵良弼","0","2","2"
"位在百官之上","0","2","2"
"遣发他们返回","0","2","2"
"随便产生怀疑","0","2","2"
"便产生怀疑和","0","2","2"
"产生怀疑和恐","0","2","2"
"生怀疑和恐惧","0","2","2"
"攻破樊城的外","0","2","2"
"破樊城的外城","0","2","2"
"下诏免除医户","0","2","2"
"金星干犯毕宿","0","2","2"
"所收入的田租","0","2","2"
"所储备的粮食","0","2","2"
"诸侯王八八部","0","2","2"
"畏吾儿文字的","0","2","2"
"禁止所有的人","0","2","2"
"将士不同数量","0","2","2"
"士不同数量的","0","2","2"
"令处以杖刑而","0","2","2"
"赐给他们不同","0","2","2"
"给他们不同数","0","2","2"
"他们不同数量","0","2","2"
"不同数量的银","0","2","2"
"同数量的银两","0","2","2"
"他们家庭的徭","0","2","2"
"们家庭的徭役","0","2","2"
"星干犯御女星","0","2","2"
"遣使臣带着诏","0","2","2"
"使臣带着诏书","0","2","2"
"没有入籍的士","0","2","2"
"司合并为一个","0","2","2"
"宋朝的京湖制","0","2","2"
"朝的京湖制置","0","2","2"
"的京湖制置使","0","2","2"
"诸侯王忽剌出","0","2","2"
"赐给北平王南","0","2","2"
"给北平王南木","0","2","2"
"在牛头山修筑","0","2","2"
"牛头山修筑堡","0","2","2"
"头山修筑堡寨","0","2","2"
"赐给皇子北平","0","2","2"
"给皇子北平王","0","2","2"
"也速带儿部下","0","2","2"
"速带儿部下的","0","2","2"
"的五千名士兵","0","2","2"
"五千名士兵派","0","2","2"
"派太常卿合丹","0","2","2"
"分别隶属于各","0","2","2"
"册封的文书和","0","2","2"
"皇太子接受册","0","2","2"
"太子接受册封","0","2","2"
"担任中书右丞","0","2","2"
"徒单公履等人","0","2","2"
"任命平章军国","0","2","2"
"等路的行枢密","0","2","2"
"路的行枢密院","0","2","2"
"的行枢密院事","0","2","2"
"十四处便宜行","0","2","2"
"四处便宜行事","0","2","2"
"便宜行事总帅","0","2","2"
"自行前来大都","0","2","2"
"把他们的军队","0","2","2"
"名士卒隶属于","0","2","2"
"一胎生下三个","0","2","2"
"胎生下三个儿","0","2","2"
"生下三个儿子","0","2","2"
"襄阳的生券军","0","2","2"
"听任他们自己","0","2","2"
"米二万石以赈","0","2","2"
"二万石以赈济","0","2","2"
"都元帅也速答","0","2","2"
"皇帝下诏赐给","0","2","2"
"因为京畿地区","0","2","2"
"总管府的权力","0","2","2"
"臣前来进贡地","0","2","2"
"有一百九十六","0","2","2"
"侯王和百官朝","0","2","2"
"王和百官朝贺","0","2","2"
"赐给阿术部下","0","2","2"
"人不同数额的","0","2","2"
"希宪为中书右","0","2","2"
"宪为中书右丞","0","2","2"
"京等地行中书","0","2","2"
"吕文焕的随司","0","2","2"
"他们迁往内地","0","2","2"
"共一万五千人","0","2","2"
"地的行枢密院","0","2","2"
"南宣慰司上奏","0","2","2"
"设置提刑按察","0","2","2"
"全部予以免除","0","2","2"
"部下的蒙古军","0","2","2"
"的蒙古军士卒","0","2","2"
"领一万名士兵","0","2","2"
"请求停止战争","0","2","2"
"给予升迁奖赏","0","2","2"
"上都留守司同","0","2","2"
"都留守司同知","0","2","2"
"还没有攻下的","0","2","2"
"没有攻下的州","0","2","2"
"甚派遣他的枢","0","2","2"
"派遣他的枢密","0","2","2"
"派遣使者分别","0","2","2"
"川行枢密院也","0","2","2"
"行枢密院也速","0","2","2"
"枢密院也速带","0","2","2"
"密院也速带儿","0","2","2"
"宝郎董文忠上","0","2","2"
"郎董文忠上奏","0","2","2"
"董文忠上奏说","0","2","2"
"复州安抚使翟","0","2","2"
"州安抚使翟贵","0","2","2"
"宋朝嘉定安抚","0","2","2"
"朝嘉定安抚使","0","2","2"
"奖赏忻都等人","0","2","2"
"伯颜按照旧制","0","2","2"
"派阿里海牙的","0","2","2"
"黄州知府陈奕","0","2","2"
"也速带儿所统","0","2","2"
"速带儿所统辖","0","2","2"
"带儿所统辖的","0","2","2"
"军一万人前往","0","2","2"
"前去招降郢州","0","2","2"
"前往行中书省","0","2","2"
"派遣兵部尚书","0","2","2"
"听由行中书省","0","2","2"
"而有才能的人","0","2","2"
"文虎献城投降","0","2","2"
"都统制张林献","0","2","2"
"统制张林献城","0","2","2"
"制张林献城投","0","2","2"
"张林献城投降","0","2","2"
"宋朝的交会钞","0","2","2"
"朝的交会钞币","0","2","2"
"禁止不在籍而","0","2","2"
"不同身份地位","0","2","2"
"同身份地位的","0","2","2"
"东元帅府征伐","0","2","2"
"派遣礼部侍郎","0","2","2"
"降宋朝淮东制","0","2","2"
"氵名磁路总管","0","2","2"
"他部下的士兵","0","2","2"
"携带诏书招降","0","2","2"
"制置使夏贵率","0","2","2"
"先不花上奏说","0","2","2"
"带着皇上的诏","0","2","2"
"皇上的诏书前","0","2","2"
"上的诏书前去","0","2","2"
"的诏书前去招","0","2","2"
"和州知州王喜","0","2","2"
"的官吏和百姓","0","2","2"
"宋朝的沿江制","0","2","2"
"朝的沿江制置","0","2","2"
"的沿江制置使","0","2","2"
"江制置使赵氵","0","2","2"
"制置使赵氵晋","0","2","2"
"李德和代表皇","0","2","2"
"德和代表皇帝","0","2","2"
"前去祭祀五岳","0","2","2"
"给皇子安西王","0","2","2"
"阿里海牙把军","0","2","2"
"里海牙把军队","0","2","2"
"派遣郎中张鼎","0","2","2"
"学士承旨撒的","0","2","2"
"士承旨撒的迷","0","2","2"
"承旨撒的迷底","0","2","2"
"旨撒的迷底里","0","2","2"
"仍旧纂修国史","0","2","2"
"的和礼霍孙主","0","2","2"
"峡州知州赵真","0","2","2"
"孛罗为御史大","0","2","2"
"罗为御史大夫","0","2","2"
"把他们的职司","0","2","2"
"派使臣前去招","0","2","2"
"使臣前去招降","0","2","2"
"为行中书省参","0","2","2"
"的猎户二千人","0","2","2"
"书前去招降宋","0","2","2"
"涪州观察使阳","0","2","2"
"州观察使阳立","0","2","2"
"领步兵骑兵共","0","2","2"
"耽罗国镇守官","0","2","2"
"撤销山东经略","0","2","2"
"销山东经略司","0","2","2"
"各军万户的战","0","2","2"
"军万户的战船","0","2","2"
"万户的战船到","0","2","2"
"百名汉军士兵","0","2","2"
"去招降宋朝的","0","2","2"
"下诏派遣使臣","0","2","2"
"直接进军临安","0","2","2"
"命中书右丞阿","0","2","2"
"国家经费不足","0","2","2"
"撤销襄阳统军","0","2","2"
"销襄阳统军司","0","2","2"
"命玉昔帖木儿","0","2","2"
"玉昔帖木儿为","0","2","2"
"轩辕星座的大","0","2","2"
"辕星座的大星","0","2","2"
"爵敬献给太庙","0","2","2"
"行枢密院佥事","0","2","2"
"枢密院佥事昝","0","2","2"
"密院佥事昝顺","0","2","2"
"院佥事昝顺上","0","2","2"
"佥事昝顺上奏","0","2","2"
"事昝顺上奏说","0","2","2"
"的军队屯驻在","0","2","2"
"地今年的田租","0","2","2"
"领司改为通政","0","2","2"
"司改为通政院","0","2","2"
"已经投降又重","0","2","2"
"经投降又重新","0","2","2"
"投降又重新叛","0","2","2"
"降又重新叛变","0","2","2"
"的军队进驻到","0","2","2"
"宁府升格为路","0","2","2"
"设置马湖路总","0","2","2"
"路连降大雨伤","0","2","2"
"至元十三年春","0","2","2"
"招降尚未归附","0","2","2"
"降尚未归附的","0","2","2"
"尚未归附的人","0","2","2"
"安抚使刘汉杰","0","2","2"
"带着宋朝皇帝","0","2","2"
"宋朝皇帝称臣","0","2","2"
"朝皇帝称臣的","0","2","2"
"的表章来到军","0","2","2"
"社稷和百姓们","0","2","2"
"令云南行中书","0","2","2"
"的四千名士兵","0","2","2"
"率军前来会合","0","2","2"
"只有太皇太后","0","2","2"
"没有追上而返","0","2","2"
"有追上而返回","0","2","2"
"宋朝皇帝的祖","0","2","2"
"朝皇帝的祖母","0","2","2"
"十万零五千一","0","2","2"
"万零五千一百","0","2","2"
"宋朝的宗室大","0","2","2"
"朝的宗室大臣","0","2","2"
"的五百名士兵","0","2","2"
"百名士兵戍守","0","2","2"
"行中书省按照","0","2","2"
"中书省按照旧","0","2","2"
"书省按照旧制","0","2","2"
"伯颜派遣使者","0","2","2"
"颜派遣使者前","0","2","2"
"遣使者前来奏","0","2","2"
"他们的名字都","0","2","2"
"在东郊祭祀农","0","2","2"
"东郊祭祀农神","0","2","2"
"你们所说的那","0","2","2"
"们所说的那样","0","2","2"
"枢密院副使张","0","2","2"
"密院副使张易","0","2","2"
"院副使张易兼","0","2","2"
"副使张易兼管","0","2","2"
"使张易兼管秘","0","2","2"
"张易兼管秘书","0","2","2"
"易兼管秘书监","0","2","2"
"一个接着一个","0","2","2"
"宗室福王赵与","0","2","2"
"室福王赵与芮","0","2","2"
"一起入朝觐见","0","2","2"
"行中书省佥事","0","2","2"
"帖木儿前来朝","0","2","2"
"等人前往上都","0","2","2"
"令把他们隶属","0","2","2"
"因为平定了宋","0","2","2"
"为平定了宋朝","0","2","2"
"赐给伯颜部下","0","2","2"
"行中书省派兵","0","2","2"
"率领他的军队","0","2","2"
"领他的军队前","0","2","2"
"他的军队前来","0","2","2"
"的军队前来归","0","2","2"
"军队前来归顺","0","2","2"
"人充当侍卫军","0","2","2"
"同样地交纳赋","0","2","2"
"样地交纳赋税","0","2","2"
"命令阿里海牙","0","2","2"
"阿里海牙出征","0","2","2"
"阿里海牙请求","0","2","2"
"命令太子赞善","0","2","2"
"令太子赞善王","0","2","2"
"张世杰在福建","0","2","2"
"担任管军总管","0","2","2"
"在北京处置中","0","2","2"
"北京处置中书","0","2","2"
"京处置中书省","0","2","2"
"的儿子阳嗣荣","0","2","2"
"相继前来归附","0","2","2"
"二千名侍卫军","0","2","2"
"奥鲁赤为参知","0","2","2"
"鲁赤为参知政","0","2","2"
"赤为参知政事","0","2","2"
"金星进入斗宿","0","2","2"
"星进入斗宿天","0","2","2"
"进入斗宿天区","0","2","2"
"赐给他黄金五","0","2","2"
"给他黄金五十","0","2","2"
"和战死者不同","0","2","2"
"均免征今年的","0","2","2"
"交纳的丝税银","0","2","2"
"的福王赵与芮","0","2","2"
"天师张宗演在","0","2","2"
"在长春宫建立","0","2","2"
"他们的家属被","0","2","2"
"给予一千锭钱","0","2","2"
"予一千锭钱钞","0","2","2"
"王只必铁木儿","0","2","2"
"宣慰使塔海攻","0","2","2"
"慰使塔海攻占","0","2","2"
"军前去讨伐他","0","2","2"
"兼领侍仪司事","0","2","2"
"的一万名侍卫","0","2","2"
"侍卫军返回京","0","2","2"
"卫军返回京师","0","2","2"
"陈岩入朝觐见","0","2","2"
"违犯者没收其","0","2","2"
"任命行中书省","0","2","2"
"命行中书省参","0","2","2"
"暂署江东道宣","0","2","2"
"署江东道宣慰","0","2","2"
"慰使阿剌罕为","0","2","2"
"使阿剌罕为中","0","2","2"
"阿剌罕为中书","0","2","2"
"剌罕为中书左","0","2","2"
"罕为中书左丞","0","2","2"
"诸侯王昔里吉","0","2","2"
"率领他的部属","0","2","2"
"西设置行中书","0","2","2"
"署理江西宣慰","0","2","2"
"理江西宣慰使","0","2","2"
"宣慰使塔出为","0","2","2"
"慰使塔出为右","0","2","2"
"使塔出为右丞","0","2","2"
"招讨使也的迷","0","2","2"
"讨使也的迷失","0","2","2"
"慰使吕文焕为","0","2","2"
"使吕文焕为中","0","2","2"
"吕文焕为中书","0","2","2"
"没有登记入籍","0","2","2"
"有登记入籍的","0","2","2"
"登记入籍的士","0","2","2"
"政事忽都帖木","0","2","2"
"事忽都帖木儿","0","2","2"
"均任中书左丞","0","2","2"
"的妻儿送到京","0","2","2"
"妻儿送到京师","0","2","2"
"赐给他钱钞一","0","2","2"
"命令中书省发","0","2","2"
"江南既然已经","0","2","2"
"南既然已经平","0","2","2"
"既然已经平定","0","2","2"
"任命吏部尚书","0","2","2"
"命吏部尚书别","0","2","2"
"丁为参知政事","0","2","2"
"放官仓的粮食","0","2","2"
"余党全部被平","0","2","2"
"例赏赐诸侯王","0","2","2"
"钞一百三十锭","0","2","2"
"死刑的罪犯三","0","2","2"
"刑的罪犯三十","0","2","2"
"一万石粮食赈","0","2","2"
"聚流落无主的","0","2","2"
"流落无主的汉","0","2","2"
"落无主的汉奴","0","2","2"
"安西王相府上","0","2","2"
"西王相府上奏","0","2","2"
"而有才能的官","0","2","2"
"有才能的官员","0","2","2"
"均担任中书左","0","2","2"
"行御史台的文","0","2","2"
"重庆等地的州","0","2","2"
"亡宋的广王赵","0","2","2"
"命令扬州行中","0","2","2"
"州行中书省挑","0","2","2"
"行中书省挑选","0","2","2"
"大司农司的事","0","2","2"
"领一万名士卒","0","2","2"
"一万名士卒征","0","2","2"
"万名士卒征伐","0","2","2"
"宣慰司的官员","0","2","2"
"由提刑按察司","0","2","2"
"属于云南行中","0","2","2"
"于云南行中书","0","2","2"
"诏令行御史台","0","2","2"
"令行御史台大","0","2","2"
"把它的事务隶","0","2","2"
"它的事务隶属","0","2","2"
"于是命平章政","0","2","2"
"是命平章政事","0","2","2"
"一千名蒙古军","0","2","2"
"行中书省派遣","0","2","2"
"一千二百七十","0","2","2"
"路总管府改为","0","2","2"
"知政事李恒为","0","2","2"
"名士兵交付给","0","2","2"
"任湖北道宣慰","0","2","2"
"所接受的委任","0","2","2"
"接受的委任状","0","2","2"
"受了张世杰的","0","2","2"
"没收了他的家","0","2","2"
"十分之二的家","0","2","2"
"北京等地宣慰","0","2","2"
"京等地宣慰司","0","2","2"
"万户府上奏说","0","2","2"
"任荆湖北道宣","0","2","2"
"采纳了这个意","0","2","2"
"纳了这个意见","0","2","2"
"合马的儿子忽","0","2","2"
"马的儿子忽辛","0","2","2"
"罗氏鬼国国王","0","2","2"
"氏鬼国国王阿","0","2","2"
"州行中书省的","0","2","2"
"所经过的州县","0","2","2"
"举行七天七夜","0","2","2"
"行七天七夜的","0","2","2"
"降下冰雹伤害","0","2","2"
"下冰雹伤害庄","0","2","2"
"他的佥议中赞","0","2","2"
"的佥议中赞金","0","2","2"
"汪良臣上奏说","0","2","2"
"依从他的请求","0","2","2"
"阿里海牙入朝","0","2","2"
"里海牙入朝觐","0","2","2"
"海牙入朝觐见","0","2","2"
"诏令赐给他们","0","2","2"
"数量不等的钱","0","2","2"
"量不等的钱钞","0","2","2"
"州行中书省迁","0","2","2"
"进献地方特产","0","2","2"
"西王的丞相李","0","2","2"
"王的丞相李德","0","2","2"
"的丞相李德辉","0","2","2"
"庆等路为四川","0","2","2"
"钱钞三万九千","0","2","2"
"赐给皇子奥鲁","0","2","2"
"给皇子奥鲁赤","0","2","2"
"的籍田中祭祀","0","2","2"
"行中书省检查","0","2","2"
"令道教宗师张","0","2","2"
"道教宗师张留","0","2","2"
"饶州路镇守官","0","2","2"
"省大臣请求任","0","2","2"
"大臣请求任命","0","2","2"
"他们全部前往","0","2","2"
"年的田租三千","0","2","2"
"的田租三千一","0","2","2"
"田租三千一百","0","2","2"
"州路镇守官阿","0","2","2"
"土星干犯键闭","0","2","2"
"专管赋税方面","0","2","2"
"管赋税方面的","0","2","2"
"赋税方面的事","0","2","2"
"税方面的事务","0","2","2"
"招降海外各藩","0","2","2"
"降海外各藩国","0","2","2"
"减免今年田租","0","2","2"
"免今年田租的","0","2","2"
"按数交纳租税","0","2","2"
"白银二十五万","0","2","2"
"通安等十处驿","0","2","2"
"安等十处驿站","0","2","2"
"钱钞一千八百","0","2","2"
"赐予钱钞五十","0","2","2"
"敕令建造战船","0","2","2"
"新归附的民户","0","2","2"
"纳速剌丁率领","0","2","2"
"十一万零二百","0","2","2"
"命令枢密院派","0","2","2"
"一千人疏浚河","0","2","2"
"人白银五十两","0","2","2"
"国派遣使臣以","0","2","2"
"国派遣使臣来","0","2","2"
"二千名蒙古军","0","2","2"
"发生水旱灾害","0","2","2"
"减免今年的田","0","2","2"
"免今年的田租","0","2","2"
"范文虎上奏说","0","2","2"
"一起带着诏书","0","2","2"
"起带着诏书前","0","2","2"
"侯王阿只吉粮","0","2","2"
"的士卒一千人","0","2","2"
"下诏派使臣去","0","2","2"
"诏派使臣去招","0","2","2"
"派使臣去招降","0","2","2"
"率领自己的部","0","2","2"
"西行中书省钱","0","2","2"
"行中书省钱钞","0","2","2"
"中书省钱钞一","0","2","2"
"书省钱钞一万","0","2","2"
"星干犯太微垣","0","2","2"
"御史台以及各","0","2","2"
"书前往晓谕安","0","2","2"
"前往晓谕安南","0","2","2"
"海外各藩国的","0","2","2"
"下诏禁止他们","0","2","2"
"诏禁止他们这","0","2","2"
"禁止他们这样","0","2","2"
"止他们这样做","0","2","2"
"一百零八人在","0","2","2"
"判处死刑的囚","0","2","2"
"命令万户綦公","0","2","2"
"令万户綦公直","0","2","2"
"遣放他们为民","0","2","2"
"命令和礼霍孙","0","2","2"
"兵一万人征伐","0","2","2"
"请求告老还乡","0","2","2"
"秩禄为从二品","0","2","2"
"在畏兀儿境内","0","2","2"
"皇子南木合部","0","2","2"
"子南木合部下","0","2","2"
"敕令阿里海牙","0","2","2"
"派一千名士兵","0","2","2"
"一千名士兵戍","0","2","2"
"千名士兵戍守","0","2","2"
"帖木儿请求在","0","2","2"
"国王王贝春因","0","2","2"
"改属于淮安路","0","2","2"
"奋力作战的将","0","2","2"
"力作战的将士","0","2","2"
"使帖木儿不花","0","2","2"
"司把治所迁回","0","2","2"
"太阴星掩蔽房","0","2","2"
"阴星掩蔽房宿","0","2","2"
"赐给西平王的","0","2","2"
"国王王贝春前","0","2","2"
"王王贝春前来","0","2","2"
"王贝春前来朝","0","2","2"
"贝春前来朝见","0","2","2"
"阔里吉思等人","0","2","2"
"加授高丽国王","0","2","2"
"士兵征伐日本","0","2","2"
"的士兵一万人","0","2","2"
"征伐亦奚不薛","0","2","2"
"给右丞洪茶丘","0","2","2"
"的征伐日本的","0","2","2"
"征伐日本的新","0","2","2"
"伐日本的新附","0","2","2"
"日本的新附军","0","2","2"
"把司署设置在","0","2","2"
"官府供给他们","0","2","2"
"派遣使臣招降","0","2","2"
"孙等人上奏说","0","2","2"
"国都派遣使臣","0","2","2"
"赐予他们钱钞","0","2","2"
"高丽国征伐日","0","2","2"
"丽国征伐日本","0","2","2"
"国征伐日本的","0","2","2"
"命高丽国王王","0","2","2"
"予征伐日本的","0","2","2"
"出使木剌由国","0","2","2"
"使木剌由国的","0","2","2"
"派遣一千名士","0","2","2"
"遣一千名士兵","0","2","2"
"重新恢复为民","0","2","2"
"新恢复为民户","0","2","2"
"免征他们三年","0","2","2"
"征伐也可不薛","0","2","2"
"监的秩禄提升","0","2","2"
"侯王阿只吉等","0","2","2"
"王贝春派遣使","0","2","2"
"贝春派遣使臣","0","2","2"
"的车驾临幸柳","0","2","2"
"车驾临幸柳林","0","2","2"
"属于安西行省","0","2","2"
"省的治所迁移","0","2","2"
"余石赈济饥民","0","2","2"
"日本的军队衣","0","2","2"
"姓名上奏朝廷","0","2","2"
"的车驾返回皇","0","2","2"
"车驾返回皇宫","0","2","2"
"迷失为参知政","0","2","2"
"失为参知政事","0","2","2"
"千六百石粮食","0","2","2"
"六百石粮食赈","0","2","2"
"百石粮食赈济","0","2","2"
"石粮食赈济饥","0","2","2"
"木星干犯右执","0","2","2"
"赐给他们粮食","0","2","2"
"府为他们赎回","0","2","2"
"田以自给自足","0","2","2"
"日本的行中书","0","2","2"
"本的行中书省","0","2","2"
"署理御史台事","0","2","2"
"赐给皇子南木","0","2","2"
"给皇子南木合","0","2","2"
"占城国前来进","0","2","2"
"城国前来进贡","0","2","2"
"命令天师张宗","0","2","2"
"令天师张宗演","0","2","2"
"荧惑星干犯司","0","2","2"
"惑星干犯司怪","0","2","2"
"禄升格为从三","0","2","2"
"升格为从三品","0","2","2"
"国进贡地方特","0","2","2"
"儿文字书写的","0","2","2"
"新归附的官员","0","2","2"
"帖木儿为参知","0","2","2"
"并下诏晓谕天","0","2","2"
"下诏晓谕天下","0","2","2"
"和礼霍孙的意","0","2","2"
"礼霍孙的意见","0","2","2"
"派翰林学士承","0","2","2"
"以及数额不等","0","2","2"
"及数额不等的","0","2","2"
"高丽国王请求","0","2","2"
"锭钱钞以进行","0","2","2"
"太阴星遮蔽心","0","2","2"
"阴星遮蔽心宿","0","2","2"
"星遮蔽心宿的","0","2","2"
"遮蔽心宿的东","0","2","2"
"蔽心宿的东星","0","2","2"
"的新附军钱钞","0","2","2"
"任命瓮吉剌带","0","2","2"
"命瓮吉剌带为","0","2","2"
"瓮吉剌带为中","0","2","2"
"吉剌带为中书","0","2","2"
"付给他们工钱","0","2","2"
"至元十八年以","0","2","2"
"元十八年以前","0","2","2"
"抄没家产的民","0","2","2"
"没家产的民户","0","2","2"
"春派遣他的大","0","2","2"
"钱钞五十万锭","0","2","2"
"监的俸禄升格","0","2","2"
"的俸禄升格为","0","2","2"
"俸禄升格为正","0","2","2"
"他们前来京师","0","2","2"
"掌工部的事务","0","2","2"
"御史台上奏说","0","2","2"
"他们交纳赋税","0","2","2"
"中书省各部的","0","2","2"
"共七百一十四","0","2","2"
"七百一十四人","0","2","2"
"一百三十三人","0","2","2"
"的五百八十一","0","2","2"
"没收阿合马的","0","2","2"
"砍斫他的尸体","0","2","2"
"运司及财赋府","0","2","2"
"供给衣服粮食","0","2","2"
"仍旧佩戴虎符","0","2","2"
"和礼霍孙请求","0","2","2"
"粮米以赈济饥","0","2","2"
"他们返回家乡","0","2","2"
"淘汰多余的官","0","2","2"
"使节奉上表章","0","2","2"
"管仓库的官员","0","2","2"
"亦奚不薛的军","0","2","2"
"省参知政事之","0","2","2"
"各道的提刑按","0","2","2"
"管军万户兼管","0","2","2"
"五品以下的官","0","2","2"
"耶律铸上奏说","0","2","2"
"府重新隶属于","0","2","2"
"派遣使臣携带","0","2","2"
"地方特产前来","0","2","2"
"方特产前来进","0","2","2"
"特产前来进贡","0","2","2"
"平原郡公赵与","0","2","2"
"原郡公赵与芮","0","2","2"
"御史中丞崔上","0","2","2"
"史中丞崔上奏","0","2","2"
"中丞崔上奏说","0","2","2"
"臣认为御史台","0","2","2"
"认为御史台的","0","2","2"
"为御史台的官","0","2","2"
"用汉人十六员","0","2","2"
"用蒙古人十六","0","2","2"
"至元二十年春","0","2","2"
"去年发生旱灾","0","2","2"
"令中书省和御","0","2","2"
"百姓疲于运输","0","2","2"
"探马赤军一万","0","2","2"
"马赤军一万人","0","2","2"
"隶属于皇太子","0","2","2"
"白金星干犯昴","0","2","2"
"金星干犯昴宿","0","2","2"
"酋长派遣他的","0","2","2"
"诸侯王胜纳合","0","2","2"
"侯王胜纳合儿","0","2","2"
"任命新归附的","0","2","2"
"命新归附的洞","0","2","2"
"为湖南宣慰使","0","2","2"
"中丞也先帖木","0","2","2"
"丞也先帖木儿","0","2","2"
"万名侍卫亲军","0","2","2"
"共同征伐日本","0","2","2"
"招讨使张王宣","0","2","2"
"征伐日本的事","0","2","2"
"伐日本的事宜","0","2","2"
"授予高丽国王","0","2","2"
"一万名士兵前","0","2","2"
"万名士兵前往","0","2","2"
"建立征东行中","0","2","2"
"征伐缅国的军","0","2","2"
"伐缅国的军队","0","2","2"
"羊马价钱钞十","0","2","2"
"请求增兵讨伐","0","2","2"
"州行中书省参","0","2","2"
"行中书省参政","0","2","2"
"忙古带请求增","0","2","2"
"增加官吏的俸","0","2","2"
"加官吏的俸禄","0","2","2"
"在这些地方建","0","2","2"
"这些地方建立","0","2","2"
"设立亦奚不薛","0","2","2"
"干犯司怪星官","0","2","2"
"取六十分之一","0","2","2"
"安南国派遣使","0","2","2"
"南国派遣使臣","0","2","2"
"木星干犯钩钤","0","2","2"
"行省合并为一","0","2","2"
"派遣一万名士","0","2","2"
"遣一万名士兵","0","2","2"
"荧惑星干犯鬼","0","2","2"
"惑星干犯鬼宿","0","2","2"
"士兵回家准备","0","2","2"
"把从占城逃回","0","2","2"
"从占城逃回的","0","2","2"
"的贫困户钱钞","0","2","2"
"以表彰他们的","0","2","2"
"诸侯王浑都帖","0","2","2"
"侯王浑都帖木","0","2","2"
"王浑都帖木儿","0","2","2"
"撤销云南都元","0","2","2"
"销云南都元帅","0","2","2"
"的罪犯共二百","0","2","2"
"罪犯共二百七","0","2","2"
"犯共二百七十","0","2","2"
"丞相和礼霍孙","0","2","2"
"原来所管辖的","0","2","2"
"阔阔你敦上奏","0","2","2"
"阔你敦上奏说","0","2","2"
"二万五千多石","0","2","2"
"建造二百艘船","0","2","2"
"携带诏书出使","0","2","2"
"的话固然是对","0","2","2"
"话固然是对的","0","2","2"
"艘战船协助征","0","2","2"
"战船协助征伐","0","2","2"
"命令江西行省","0","2","2"
"把江淮行省的","0","2","2"
"江淮行省的治","0","2","2"
"淮行省的治所","0","2","2"
"以一万锭钱钞","0","2","2"
"人奉上表章前","0","2","2"
"表章前来朝廷","0","2","2"
"以前拖欠未交","0","2","2"
"前拖欠未交的","0","2","2"
"拖欠未交的赋","0","2","2"
"欠未交的赋税","0","2","2"
"乌马儿等人的","0","2","2"
"伐日本的战船","0","2","2"
"日火亘派遣他","0","2","2"
"火亘派遣他的","0","2","2"
"亘派遣他的中","0","2","2"
"派遣他的中大","0","2","2"
"遣他的中大夫","0","2","2"
"都元帅府改为","0","2","2"
"为蒙古都万户","0","2","2"
"当地特产前来","0","2","2"
"汪惟正上奏说","0","2","2"
"云南行省上奏","0","2","2"
"南行省上奏说","0","2","2"
"万户府镇守官","0","2","2"
"与蒙古人相同","0","2","2"
"把市舶司合并","0","2","2"
"市舶司合并入","0","2","2"
"福建行省的军","0","2","2"
"省左丞忽剌出","0","2","2"
"总管杨琏真加","0","2","2"
"二千名探马赤","0","2","2"
"命中书省讨论","0","2","2"
"钱钞一万四千","0","2","2"
"十一月十一日","0","2","2"
"任命范文虎为","0","2","2"
"卢世荣上奏说","0","2","2"
"行省派遣使者","0","2","2"
"枢密院事务的","0","2","2"
"属于行御史台","0","2","2"
"的按察司隶属","0","2","2"
"察司隶属于御","0","2","2"
"司隶属于御史","0","2","2"
"隶属于御史台","0","2","2"
"京师的近郊行","0","2","2"
"师的近郊行猎","0","2","2"
"驻扎在富良江","0","2","2"
"扎在富良江北","0","2","2"
"在富良江北岸","0","2","2"
"一千多艘战船","0","2","2"
"增加济州漕运","0","2","2"
"人的一轮回家","0","2","2"
"为提刑转运司","0","2","2"
"安童和老臣们","0","2","2"
"中书省大臣说","0","2","2"
"行御史台与江","0","2","2"
"御史台与江浙","0","2","2"
"史台与江浙行","0","2","2"
"宣慰司兼都转","0","2","2"
"慰司兼都转运","0","2","2"
"司兼都转运使","0","2","2"
"兼都转运使司","0","2","2"
"职俸为从五品","0","2","2"
"在畏兀儿地区","0","2","2"
"丞阿剌帖木儿","0","2","2"
"白秃剌帖木儿","0","2","2"
"阿剌帖木儿等","0","2","2"
"行御史台重新","0","2","2"
"千锭钱钞前往","0","2","2"
"屯田的新附军","0","2","2"
"征伐安南的士","0","2","2"
"伐安南的士兵","0","2","2"
"南行中书省上","0","2","2"
"官府祭祀北斗","0","2","2"
"府祭祀北斗星","0","2","2"
"职俸为从二品","0","2","2"
"听任百姓自己","0","2","2"
"有固定产业的","0","2","2"
"是当地所产的","0","2","2"
"敕令征伐安南","0","2","2"
"令征伐安南的","0","2","2"
"用五千锭钱钞","0","2","2"
"云南王也先帖","0","2","2"
"南王也先帖木","0","2","2"
"杨兀鲁带率领","0","2","2"
"兀鲁带率领一","0","2","2"
"鲁带率领一万","0","2","2"
"率领一万人征","0","2","2"
"领一万人征伐","0","2","2"
"答即古阿散等","0","2","2"
"御史台大臣认","0","2","2"
"史台大臣认为","0","2","2"
"钱钞十一万六","0","2","2"
"个月的口粮赈","0","2","2"
"月的口粮赈济","0","2","2"
"行省的军用物","0","2","2"
"省的军用物资","0","2","2"
"赏赐皇子脱欢","0","2","2"
"赏赐诸侯王阿","0","2","2"
"赐诸侯王阿只","0","2","2"
"总计羊马价钱","0","2","2"
"计羊马价钱钞","0","2","2"
"钱钞三万七千","0","2","2"
"省右丞的职务","0","2","2"
"征伐安南的事","0","2","2"
"诸侯王小薛部","0","2","2"
"合剌章地方的","0","2","2"
"院的职俸升格","0","2","2"
"的职俸升格为","0","2","2"
"职俸升格为正","0","2","2"
"俸升格为正二","0","2","2"
"升格为正二品","0","2","2"
"三个行省的士","0","2","2"
"个行省的士兵","0","2","2"
"平章政事奥鲁","0","2","2"
"章政事奥鲁赤","0","2","2"
"求入朝觐见皇","0","2","2"
"铁木儿回答说","0","2","2"
"益稷为安南国","0","2","2"
"稷为安南国王","0","2","2"
"秀山爰为辅义","0","2","2"
"山爰为辅义公","0","2","2"
"理御史台事务","0","2","2"
"与行御史台官","0","2","2"
"纳速剌丁上奏","0","2","2"
"木为平章政事","0","2","2"
"把我的意思告","0","2","2"
"我的意思告诉","0","2","2"
"及诸侯王阿只","0","2","2"
"犯太微西垣的","0","2","2"
"太微西垣的上","0","2","2"
"微西垣的上将","0","2","2"
"西垣的上将星","0","2","2"
"为中书省平章","0","2","2"
"高丽国派遣使","0","2","2"
"中书省大臣的","0","2","2"
"被豪强所占有","0","2","2"
"绢帛各二千匹","0","2","2"
"行省忙兀带上","0","2","2"
"省忙兀带上奏","0","2","2"
"忙兀带上奏说","0","2","2"
"的百姓发生饥","0","2","2"
"百姓发生饥馑","0","2","2"
"米粮赈济他们","0","2","2"
"运送一万石米","0","2","2"
"送一万石米前","0","2","2"
"一千石米赈济","0","2","2"
"千石米赈济他","0","2","2"
"右丞均为一人","0","2","2"
"参知政事二人","0","2","2"
"佥事均为二人","0","2","2"
"钱钞二万九千","0","2","2"
"表章前来觐见","0","2","2"
"治所迁移到杭","0","2","2"
"所迁移到杭州","0","2","2"
"太阴星干犯建","0","2","2"
"阴星干犯建星","0","2","2"
"千名士卒戍守","0","2","2"
"赐给合迷里的","0","2","2"
"合迷里的百姓","0","2","2"
"其余的按照你","0","2","2"
"在别十八里屯","0","2","2"
"别十八里屯田","0","2","2"
"也先铁木儿为","0","2","2"
"改为都转运使","0","2","2"
"白金星干犯亢","0","2","2"
"金星干犯亢宿","0","2","2"
"湖广行省的钱","0","2","2"
"降低价格卖给","0","2","2"
"低价格卖给贫","0","2","2"
"价格卖给贫苦","0","2","2"
"格卖给贫苦百","0","2","2"
"卖给贫苦百姓","0","2","2"
"钱钞五万六千","0","2","2"
"死刑的罪囚共","0","2","2"
"元二十四年春","0","2","2"
"用于漕运的河","0","2","2"
"于漕运的河渠","0","2","2"
"的徭役和赋税","0","2","2"
"随阿八赤讨伐","0","2","2"
"阿八赤讨伐安","0","2","2"
"八赤讨伐安南","0","2","2"
"行省大司农司","0","2","2"
"奏请皇上赏赐","0","2","2"
"马八儿国进贡","0","2","2"
"隶属于集贤院","0","2","2"
"所授予的宣命","0","2","2"
"为尚书省参知","0","2","2"
"十一万零六百","0","2","2"
"一万零六百锭","0","2","2"
"宣慰司的治所","0","2","2"
"慰司的治所迁","0","2","2"
"沙不丁上奏说","0","2","2"
"国王王贝春请","0","2","2"
"王王贝春请求","0","2","2"
"令辽阳行省督","0","2","2"
"诸侯王失都儿","0","2","2"
"丝税银和田租","0","2","2"
"县连降大雨伤","0","2","2"
"所署理的官职","0","2","2"
"探马赤军出征","0","2","2"
"行省的五千名","0","2","2"
"省的五千名士","0","2","2"
"的五千名士卒","0","2","2"
"五千名士卒前","0","2","2"
"叛乱的诸侯王","0","2","2"
"免除该地今年","0","2","2"
"除该地今年的","0","2","2"
"的贫穷者钱钞","0","2","2"
"微西垣上将星","0","2","2"
"西垣上将星官","0","2","2"
"行枢密院月的","0","2","2"
"枢密院月的迷","0","2","2"
"密院月的迷失","0","2","2"
"白金星干犯垒","0","2","2"
"金星干犯垒壁","0","2","2"
"南行省右丞爱","0","2","2"
"行省右丞爱鲁","0","2","2"
"微东垣上相星","0","2","2"
"南王屯驻在思","0","2","2"
"王屯驻在思明","0","2","2"
"从了他的意见","0","2","2"
"荧惑星干犯进","0","2","2"
"惑星干犯进贤","0","2","2"
"秩禄升格为四","0","2","2"
"禄升格为四品","0","2","2"
"镇南王率领诸","0","2","2"
"南王率领诸军","0","2","2"
"今年田租的十","0","2","2"
"年田租的十分","0","2","2"
"田租的十分之","0","2","2"
"压死了许多人","0","2","2"
"张文虎等人的","0","2","2"
"行省辖区内均","0","2","2"
"省辖区内均听","0","2","2"
"司天台祭祀太","0","2","2"
"天台祭祀太阳","0","2","2"
"诸侯王火你赤","0","2","2"
"循州贼寇一万","0","2","2"
"州贼寇一万多","0","2","2"
"贼寇一万多人","0","2","2"
"赐给诸侯王亦","0","2","2"
"诸侯王亦怜真","0","2","2"
"州连年发生大","0","2","2"
"连年发生大水","0","2","2"
"等处发生饥馑","0","2","2"
"提刑按察司并","0","2","2"
"刑按察司并入","0","2","2"
"王也先铁木儿","0","2","2"
"也先铁木儿率","0","2","2"
"率领探马赤军","0","2","2"
"建造尚书省衙","0","2","2"
"造尚书省衙署","0","2","2"
"张文虎的粮船","0","2","2"
"镇南王便由单","0","2","2"
"日火亘派遣使","0","2","2"
"火亘派遣使臣","0","2","2"
"区内均听从行","0","2","2"
"内均听从行尚","0","2","2"
"均听从行尚书","0","2","2"
"听从行尚书省","0","2","2"
"从行尚书省节","0","2","2"
"千人进犯长泰","0","2","2"
"拖欠未交的租","0","2","2"
"回家休息一年","0","2","2"
"三百名新附军","0","2","2"
"中书省官员都","0","2","2"
"黄金一百五十","0","2","2"
"听由平章政事","0","2","2"
"汴梁路发生蝗","0","2","2"
"梁路发生蝗灾","0","2","2"
"州二州连降大","0","2","2"
"二州连降大雨","0","2","2"
"降大雨损害庄","0","2","2"
"大雨损害庄稼","0","2","2"
"诏令辽阳行省","0","2","2"
"率领本部蒙古","0","2","2"
"他们赈济饥民","0","2","2"
"荧惑星干犯天","0","2","2"
"臣前来进贡当","0","2","2"
"立尚书省以来","0","2","2"
"升格为从五品","0","2","2"
"湖广行省上奏","0","2","2"
"广行省上奏说","0","2","2"
"因为谋反被处","0","2","2"
"为谋反被处死","0","2","2"
"荣祖为中书省","0","2","2"
"有分地的大臣","0","2","2"
"诏令福建行省","0","2","2"
"日火亘亲自入","0","2","2"
"火亘亲自入朝","0","2","2"
"国派遣使臣入","0","2","2"
"派遣使臣入朝","0","2","2"
"一千二百五十","0","2","2"
"海都的军队进","0","2","2"
"都的军队进犯","0","2","2"
"的军队进犯边","0","2","2"
"军队进犯边境","0","2","2"
"江淮行省的忙","0","2","2"
"淮行省的忙兀","0","2","2"
"行省的忙兀带","0","2","2"
"以及月的迷失","0","2","2"
"一千一百五十","0","2","2"
"都转运使司的","0","2","2"
"刘德禄上奏说","0","2","2"
"率领五千名士","0","2","2"
"领五千名士卒","0","2","2"
"共同担任都元","0","2","2"
"同担任都元帅","0","2","2"
"未交纳的田租","0","2","2"
"巩昌便宜行事","0","2","2"
"昌便宜行事都","0","2","2"
"所部一万名士","0","2","2"
"当令监察御史","0","2","2"
"万石赈济饥民","0","2","2"
"大夫陈克用等","0","2","2"
"清算江淮行省","0","2","2"
"司的秩禄升格","0","2","2"
"一万七千五百","0","2","2"
"的饥民转移到","0","2","2"
"把利用监的秩","0","2","2"
"利用监的秩禄","0","2","2"
"用监的秩禄升","0","2","2"
"监的秩禄升格","0","2","2"
"的屯田发生大","0","2","2"
"六品以下的官","0","2","2"
"诸侯王乃蛮带","0","2","2"
"重新设立云南","0","2","2"
"这是自古以来","0","2","2"
"十户归附朝廷","0","2","2"
"命令辽阳行省","0","2","2"
"发生大水伤害","0","2","2"
"生大水伤害庄","0","2","2"
"水灾伤害庄稼","0","2","2"
"的车驾返回大","0","2","2"
"车驾返回大都","0","2","2"
"四百斤为一引","0","2","2"
"发放粮米赈济","0","2","2"
"领部众一万人","0","2","2"
"部众一万人进","0","2","2"
"众一万人进犯","0","2","2"
"水星干犯房宿","0","2","2"
"屯田发生水灾","0","2","2"
"武平路发生饥","0","2","2"
"平路发生饥馑","0","2","2"
"发放粮米一千","0","2","2"
"等人前来进贡","0","2","2"
"收聚全国的马","0","2","2"
"发放义仓的粮","0","2","2"
"放义仓的粮食","0","2","2"
"仓的粮食赈济","0","2","2"
"供给九十天口","0","2","2"
"给九十天口粮","0","2","2"
"严霜冻死庄稼","0","2","2"
"让他们返回本","0","2","2"
"他们返回本营","0","2","2"
"石粮食赈济他","0","2","2"
"打鱼自给自足","0","2","2"
"按照每年的惯","0","2","2"
"每年的惯例赏","0","2","2"
"年的惯例赏赐","0","2","2"
"都隶属于河南","0","2","2"
"隶属于河南行","0","2","2"
"属于河南行省","0","2","2"
"月儿鲁等人上","0","2","2"
"儿鲁等人上奏","0","2","2"
"鲁等人上奏说","0","2","2"
"奉命到江南去","0","2","2"
"命到江南去清","0","2","2"
"到江南去清理","0","2","2"
"皇帝下诏命他","0","2","2"
"撰写辅政碑的","0","2","2"
"御史大夫月儿","0","2","2"
"史大夫月儿鲁","0","2","2"
"赐给钱钞二千","0","2","2"
"给钱钞二千锭","0","2","2"
"参与商议中书","0","2","2"
"与商议中书省","0","2","2"
"设立都元帅府","0","2","2"
"专其贩卖之利","0","2","2"
"臣有什么罪过","0","2","2"
"的事务合并到","0","2","2"
"等路发生水灾","0","2","2"
"岳州华容县发","0","2","2"
"州华容县发生","0","2","2"
"华容县发生水","0","2","2"
"容县发生水灾","0","2","2"
"运到京师的粮","0","2","2"
"到京师的粮食","0","2","2"
"征伐爪哇的军","0","2","2"
"伐爪哇的军队","0","2","2"
"御史台委派官","0","2","2"
"史台委派官员","0","2","2"
"姓名奏闻朝廷","0","2","2"
"廉访司的治所","0","2","2"
"敕令高丽国王","0","2","2"
"秃鲁迷失率军","0","2","2"
"鲁迷失率军征","0","2","2"
"钱钞一百二十","0","2","2"
"大臣前来朝廷","0","2","2"
"财力足以准备","0","2","2"
"力足以准备车","0","2","2"
"每一甲令其准","0","2","2"
"一甲令其准备","0","2","2"
"太阴星干犯垒","0","2","2"
"阴星干犯垒壁","0","2","2"
"总计钱钞四十","0","2","2"
"木星干犯左执","0","2","2"
"隶属于詹事院","0","2","2"
"事范文虎监督","0","2","2"
"范文虎监督疏","0","2","2"
"文虎监督疏浚","0","2","2"
"皇太子的印信","0","2","2"
"诸侯王亦吉里","0","2","2"
"派人回来报告","0","2","2"
"五万锭钱钞赐","0","2","2"
"万锭钱钞赐给","0","2","2"
"妻子入官为奴","0","2","2"
"元三十一年春","0","2","2"
"平章政事不忽","0","2","2"
"章政事不忽木","0","2","2"
"尊谥为圣德神","0","2","2"
"谥为圣德神功","0","2","2"
"为圣德神功文","0","2","2"
"尊谥为昭睿顺","0","2","2"
"给徽仁裕圣皇","0","2","2"
"授予我皇太子","0","2","2"
"派遣署理太尉","0","2","2"
"遣署理太尉兀","0","2","2"
"署理太尉兀都","0","2","2"
"理太尉兀都带","0","2","2"
"前来贡献地方","0","2","2"
"来贡献地方特","0","2","2"
"五月二十一日","0","2","2"
"五月二十三日","0","2","2"
"给钱钞一万锭","0","2","2"
"五月二十九日","0","2","2"
"高丽国王王日","0","2","2"
"丽国王王日巨","0","2","2"
"白银七千五百","0","2","2"
"廉访司的官员","0","2","2"
"中书省共同商","0","2","2"
"书省共同商议","0","2","2"
"宁远王阔阔出","0","2","2"
"及也先帖木儿","0","2","2"
"也先帖木儿在","0","2","2"
"绢帛各二百匹","0","2","2"
"江淮以南地区","0","2","2"
"阔里吉思为高","0","2","2"
"重新设立平阳","0","2","2"
"廉访司没收的","0","2","2"
"等县发生水灾","0","2","2"
"太阴星掩蔽土","0","2","2"
"阴星掩蔽土星","0","2","2"
"江浙行省大臣","0","2","2"
"免除今年田租","0","2","2"
"他们返回本部","0","2","2"
"采纳帝师的建","0","2","2"
"纳帝师的建议","0","2","2"
"死刑的罪囚三","0","2","2"
"刑的罪囚三十","0","2","2"
"太阴星干犯土","0","2","2"
"阴星干犯土星","0","2","2"
"在大圣寿万安","0","2","2"
"钱钞二十万锭","0","2","2"
"降下严霜冻死","0","2","2"
"正月二十九日","0","2","2"
"为鲁国大长公","0","2","2"
"平章政事也先","0","2","2"
"政事也先不花","0","2","2"
"因为探马赤军","0","2","2"
"予钱钞一千锭","0","2","2"
"钞一万五千锭","0","2","2"
"驿户钱钞一万","0","2","2"
"代理兵部尚书","0","2","2"
"增加结余的盐","0","2","2"
"加结余的盐钞","0","2","2"
"结余的盐钞钱","0","2","2"
"及水灾的缘故","0","2","2"
"为广西两江道","0","2","2"
"爪哇国派遣使","0","2","2"
"神主附祭于太","0","2","2"
"主附祭于太庙","0","2","2"
"在司天台祭星","0","2","2"
"官府雇佣工匠","0","2","2"
"年十二月十九","0","2","2"
"十二月十九日","0","2","2"
"对中书省官员","0","2","2"
"太师铁木迭儿","0","2","2"
"氵郭州蒙古族","0","2","2"
"枢密院事官员","0","2","2"
"星凌犯轩辕御","0","2","2"
"凌犯轩辕御女","0","2","2"
"太阴星凌犯酒","0","2","2"
"阴星凌犯酒旗","0","2","2"
"火星凌犯进贤","0","2","2"
"伟大的太祖皇","0","2","2"
"大的太祖皇帝","0","2","2"
"皇太后在兴圣","0","2","2"
"太后在兴圣宫","0","2","2"
"金银钱帛不等","0","2","2"
"派遣知枢密院","0","2","2"
"院事也儿吉尼","0","2","2"
"告以即皇帝位","0","2","2"
"都总管府隶属","0","2","2"
"丞相也先铁木","0","2","2"
"相也先铁木儿","0","2","2"
"山祭祀遁甲神","0","2","2"
"接受这项建议","0","2","2"
"调发粮食五千","0","2","2"
"发粮食五千石","0","2","2"
"只儿哈郎为中","0","2","2"
"儿哈郎为中书","0","2","2"
"给予钱钞一万","0","2","2"
"已故皇帝谥号","0","2","2"
"故皇帝谥号于","0","2","2"
"皇帝谥号于南","0","2","2"
"帝谥号于南郊","0","2","2"
"院事铁木儿脱","0","2","2"
"铁木迭儿等人","0","2","2"
"不花知枢密院","0","2","2"
"十人钱钞各一","0","2","2"
"太阴星凌犯垒","0","2","2"
"阴星凌犯垒壁","0","2","2"
"太阴星凌犯昴","0","2","2"
"阴星凌犯昴宿","0","2","2"
"三个月的粮食","0","2","2"
"给予钱钞十五","0","2","2"
"予钱钞十五万","0","2","2"
"火星凌犯房宿","0","2","2"
"赐予公主扎牙","0","2","2"
"予公主扎牙八","0","2","2"
"公主扎牙八剌","0","2","2"
"钱钞七万五千","0","2","2"
"火星凌犯天江","0","2","2"
"凌犯太微垣右","0","2","2"
"流放于奴儿干","0","2","2"
"放于奴儿干地","0","2","2"
"卖给京师贫民","0","2","2"
"修建寿安山寺","0","2","2"
"太阴星凌犯鬼","0","2","2"
"阴星凌犯鬼宿","0","2","2"
"在文德殿做佛","0","2","2"
"文德殿做佛事","0","2","2"
"进贡当地物品","0","2","2"
"太阴星凌犯井","0","2","2"
"阴星凌犯井宿","0","2","2"
"令江浙行省用","0","2","2"
"亲祀太庙礼完","0","2","2"
"祀太庙礼完成","0","2","2"
"火星凌犯垒壁","0","2","2"
"士忽都鲁都儿","0","2","2"
"因太皇太后加","0","2","2"
"太皇太后加尊","0","2","2"
"皇太后加尊号","0","2","2"
"太后加尊号礼","0","2","2"
"后加尊号礼完","0","2","2"
"加尊号礼完成","0","2","2"
"大明殿接受百","0","2","2"
"明殿接受百官","0","2","2"
"在回回司天监","0","2","2"
"在延春阁修作","0","2","2"
"元年春正月初","0","2","2"
"粮食加以赈济","0","2","2"
"土星相聚于奎","0","2","2"
"星相聚于奎宿","0","2","2"
"调发粮食十万","0","2","2"
"发粮食十万石","0","2","2"
"军士三千五百","0","2","2"
"官阶为荣禄大","0","2","2"
"阶为荣禄大夫","0","2","2"
"派遣使者赐予","0","2","2"
"减价出售予以","0","2","2"
"价出售予以赈","0","2","2"
"出售予以赈济","0","2","2"
"凌犯鬼宿积尸","0","2","2"
"有关部门予以","0","2","2"
"太阴星凌犯虚","0","2","2"
"阴星凌犯虚梁","0","2","2"
"凌犯太微垣左","0","2","2"
"给予蒙古族子","0","2","2"
"予蒙古族子女","0","2","2"
"火星凌犯亢宿","0","2","2"
"镇守北方边地","0","2","2"
"统领太祖四大","0","2","2"
"领太祖四大斡","0","2","2"
"四大斡耳朵及","0","2","2"
"大斡耳朵及军","0","2","2"
"斡耳朵及军马","0","2","2"
"剌沙为中书平","0","2","2"
"火星凌犯氐宿","0","2","2"
"派遣使者来朝","0","2","2"
"遣使者祭祀海","0","2","2"
"使者祭祀海神","0","2","2"
"祭祀海神天妃","0","2","2"
"督率有关部门","0","2","2"
"岑世兴派遣其","0","2","2"
"世兴派遣其弟","0","2","2"
"下诏加以招谕","0","2","2"
"也先铁木儿之","0","2","2"
"失帖木儿等人","0","2","2"
"帖木儿等人金","0","2","2"
"赐予已故监察","0","2","2"
"予已故监察御","0","2","2"
"已故监察御史","0","2","2"
"佛事活动于寿","0","2","2"
"中书省官员奏","0","2","2"
"章政事乃马台","0","2","2"
"政事秃满迭儿","0","2","2"
"钱钞一万三千","0","2","2"
"同意这项请求","0","2","2"
"铁木儿不花等","0","2","2"
"三品以上官员","0","2","2"
"赈济粮食三个","0","2","2"
"济粮食三个月","0","2","2"
"路雨水伤害庄","0","2","2"
"龙兴等路饥荒","0","2","2"
"兵马予以剿捕","0","2","2"
"现已增至一万","0","2","2"
"金星凌犯斗宿","0","2","2"
"太阴星凌犯土","0","2","2"
"阴星凌犯土星","0","2","2"
"济平卖粮食不","0","2","2"
"行省官员督率","0","2","2"
"予钱钞五百锭","0","2","2"
"二年春正月初","0","2","2"
"接受这项提议","0","2","2"
"怀王图帖睦尔","0","2","2"
"王图帖睦尔出","0","2","2"
"图帖睦尔出居","0","2","2"
"帖睦尔出居于","0","2","2"
"睦尔出居于建","0","2","2"
"尔出居于建康","0","2","2"
"遣使进贡物品","0","2","2"
"粮食一万五千","0","2","2"
"食一万五千石","0","2","2"
"湖广行省奏请","0","2","2"
"当地物产前来","0","2","2"
"予以赈济或平","0","2","2"
"儿不花等人钱","0","2","2"
"不花等人钱钞","0","2","2"
"花等人钱钞不","0","2","2"
"等人钱钞不一","0","2","2"
"周王和世王束","0","2","2"
"因国家财用不","0","2","2"
"等十二路饥荒","0","2","2"
"御史大夫之职","0","2","2"
"以知枢密院事","0","2","2"
"行省督率所属","0","2","2"
"西僧修作佛事","0","2","2"
"遣使者宣谕抚","0","2","2"
"使者宣谕抚治","0","2","2"
"有关部门不能","0","2","2"
"任命倒剌沙为","0","2","2"
"侯王不赛因派","0","2","2"
"王不赛因派遣","0","2","2"
"不赛因派遣使","0","2","2"
"赛因派遣使者","0","2","2"
"因派遣使者进","0","2","2"
"帝师处接受佛","0","2","2"
"师处接受佛戒","0","2","2"
"镇南王脱不花","0","2","2"
"金星凌犯垒壁","0","2","2"
"是武宗的长子","0","2","2"
"月十一日出生","0","2","2"
"立仁宗为皇太","0","2","2"
"出任陕西行省","0","2","2"
"子妥欢帖木儿","0","2","2"
"改年号为泰定","0","2","2"
"三年三月二十","0","2","2"
"全都溃败而逃","0","2","2"
"率兵包围上都","0","2","2"
"诸侯王察阿台","0","2","2"
"丞跃里帖木儿","0","2","2"
"林学士承旨不","0","2","2"
"学士承旨不答","0","2","2"
"士承旨不答失","0","2","2"
"承旨不答失里","0","2","2"
"追尊皇妣亦乞","0","2","2"
"尊皇妣亦乞烈","0","2","2"
"皇妣亦乞烈氏","0","2","2"
"妣亦乞烈氏为","0","2","2"
"亦乞烈氏为仁","0","2","2"
"乞烈氏为仁献","0","2","2"
"烈氏为仁献章","0","2","2"
"氏为仁献章圣","0","2","2"
"为仁献章圣皇","0","2","2"
"必定都来会集","0","2","2"
"燕铁木儿等人","0","2","2"
"你们要把我的","0","2","2"
"们要把我的意","0","2","2"
"宗认为他说得","0","2","2"
"帖木儿知枢密","0","2","2"
"御史台官员说","0","2","2"
"任命陕西行台","0","2","2"
"命陕西行台御","0","2","2"
"左丞相铁木儿","0","2","2"
"丞相铁木儿补","0","2","2"
"相铁木儿补化","0","2","2"
"监察御史上言","0","2","2"
"御史台官员以","0","2","2"
"史台官员以此","0","2","2"
"台官员以此奏","0","2","2"
"官员以此奏闻","0","2","2"
"旨阿邻帖木儿","0","2","2"
"铁木儿补化等","0","2","2"
"木儿补化等人","0","2","2"
"儿补化等人以","0","2","2"
"补化等人以明","0","2","2"
"化等人以明宗","0","2","2"
"等人以明宗即","0","2","2"
"人以明宗即皇","0","2","2"
"以明宗即皇帝","0","2","2"
"宗即皇帝位之","0","2","2"
"即皇帝位之事","0","2","2"
"赈济陕西临潼","0","2","2"
"二十三所驿站","0","2","2"
"十三所驿站钱","0","2","2"
"三所驿站钱钞","0","2","2"
"铁木儿补化因","0","2","2"
"民众遑遑不安","0","2","2"
"文宗接受皇太","0","2","2"
"宗接受皇太子","0","2","2"
"接受皇太子之","0","2","2"
"受皇太子之宝","0","2","2"
"卫军士六千人","0","2","2"
"军士六千人修","0","2","2"
"尊谥为翼献景","0","2","2"
"谥为翼献景孝","0","2","2"
"为翼献景孝皇","0","2","2"
"总管兵马于北","0","2","2"
"管兵马于北方","0","2","2"
"兵马于北方边","0","2","2"
"居于朔漠地区","0","2","2"
"铁木迭儿再次","0","2","2"
"兄弟迁徙流移","0","2","2"
"弟迁徙流移于","0","2","2"
"正扎鲁忽赤阔","0","2","2"
"扎鲁忽赤阔阔","0","2","2"
"鲁忽赤阔阔出","0","2","2"
"忽赤阔阔出等","0","2","2"
"武宗皇帝有两","0","2","2"
"前任河南行省","0","2","2"
"户彻里帖木儿","0","2","2"
"任陕西行台御","0","2","2"
"剌马黑巴等人","0","2","2"
"任命燕铁木儿","0","2","2"
"脱脱木儿统率","0","2","2"
"进犯京师地区","0","2","2"
"万户也速台儿","0","2","2"
"率兵袭击上都","0","2","2"
"脱脱木儿等人","0","2","2"
"赐给镇南王铁","0","2","2"
"给镇南王铁木","0","2","2"
"湖广行省参政","0","2","2"
"诸王也先帖木","0","2","2"
"枢密院事也速","0","2","2"
"密院事也速台","0","2","2"
"院事也速台儿","0","2","2"
"也速台儿知行","0","2","2"
"速台儿知行枢","0","2","2"
"台儿知行枢密","0","2","2"
"儿知行枢密院","0","2","2"
"太行山各关隘","0","2","2"
"上都诸侯王忽","0","2","2"
"都诸侯王忽剌","0","2","2"
"侯王忽剌台等","0","2","2"
"王忽剌台等人","0","2","2"
"忽剌台等人率","0","2","2"
"剌台等人率兵","0","2","2"
"等人暗通阴谋","0","2","2"
"乌伯都剌等人","0","2","2"
"宗庙社稷的重","0","2","2"
"全都予以赦免","0","2","2"
"燕铁木儿率兵","0","2","2"
"封燕铁木儿为","0","2","2"
"燕铁木儿为太","0","2","2"
"铁木儿为太平","0","2","2"
"木儿为太平王","0","2","2"
"供奉祖宗神御","0","2","2"
"命令司天监祭","0","2","2"
"令司天监祭星","0","2","2"
"帖木儿率兵与","0","2","2"
"木儿与辽东军","0","2","2"
"各道廉访司官","0","2","2"
"道廉访司官员","0","2","2"
"军队溃败而逃","0","2","2"
"也先帖木儿军","0","2","2"
"木儿等人率兵","0","2","2"
"和已故平章张","0","2","2"
"已故平章张王","0","2","2"
"故平章张王圭","0","2","2"
"平章张王圭的","0","2","2"
"章张王圭的儿","0","2","2"
"令有关部门买","0","2","2"
"有关部门买马","0","2","2"
"派使者颁布诏","0","2","2"
"者颁布诏书于","0","2","2"
"帖木儿等到达","0","2","2"
"不花帖木儿等","0","2","2"
"花帖木儿等人","0","2","2"
"不花为御史中","0","2","2"
"花为御史中丞","0","2","2"
"去知枢密院事","0","2","2"
"枢密院事官职","0","2","2"
"赐给燕铁木儿","0","2","2"
"品秩为正二品","0","2","2"
"宗礻付祭于左","0","2","2"
"礻付祭于左昭","0","2","2"
"付祭于左昭第","0","2","2"
"十三人田地宅","0","2","2"
"三人田地宅第","0","2","2"
"人田地宅第赐","0","2","2"
"田地宅第赐给","0","2","2"
"赐给西安王阿","0","2","2"
"给西安王阿剌","0","2","2"
"下诏晓谕廷臣","0","2","2"
"诏晓谕廷臣说","0","2","2"
"月二十一日以","0","2","2"
"居庸关以北地","0","2","2"
"庸关以北地区","0","2","2"
"令有关部门追","0","2","2"
"任御史台官员","0","2","2"
"察罕脑儿宣慰","0","2","2"
"察御史撒里不","0","2","2"
"御史撒里不花","0","2","2"
"告祭社稷之神","0","2","2"
"命御史中丞王","0","2","2"
"御史中丞王月","0","2","2"
"史中丞王月璐","0","2","2"
"中丞王月璐不","0","2","2"
"月璐不花为太","0","2","2"
"璐不花为太禧","0","2","2"
"不花为太禧使","0","2","2"
"临幸大崇恩福","0","2","2"
"振御史台纲纪","0","2","2"
"皇兄行在处所","0","2","2"
"皇兄明宗派遣","0","2","2"
"前往行在处所","0","2","2"
"国大长公主钱","0","2","2"
"大长公主钱钞","0","2","2"
"西域诸侯王燕","0","2","2"
"域诸侯王燕只","0","2","2"
"诸侯王燕只吉","0","2","2"
"侯王燕只吉台","0","2","2"
"献海东鹘于皇","0","2","2"
"海东鹘于皇兄","0","2","2"
"被授予集贤侍","0","2","2"
"授予集贤侍讲","0","2","2"
"予集贤侍讲学","0","2","2"
"文宗临御大明","0","2","2"
"将此意著为法","0","2","2"
"此意著为法令","0","2","2"
"月鲁帖木儿等","0","2","2"
"济平卖粮食一","0","2","2"
"平卖粮食一万","0","2","2"
"北上迎接明宗","0","2","2"
"及各部门官员","0","2","2"
"诸侯王封地达","0","2","2"
"侯王封地达鲁","0","2","2"
"王封地达鲁花","0","2","2"
"封地达鲁花赤","0","2","2"
"州各县遭受兵","0","2","2"
"各县遭受兵祸","0","2","2"
"县遭受兵祸的","0","2","2"
"户粮食两个月","0","2","2"
"旱灾造成饥荒","0","2","2"
"江浙行省上言","0","2","2"
"浙行省上言说","0","2","2"
"共有饥民六十","0","2","2"
"五千石予以赈","0","2","2"
"予鲁国大长公","0","2","2"
"奏闻于行在所","0","2","2"
"平民遭受兵祸","0","2","2"
"民遭受兵祸者","0","2","2"
"进驻上都路的","0","2","2"
"征发各卫军士","0","2","2"
"明宗皇后八不","0","2","2"
"宗皇后八不沙","0","2","2"
"幄殿举行除灾","0","2","2"
"殿举行除灾求","0","2","2"
"举行除灾求福","0","2","2"
"行除灾求福的","0","2","2"
"除灾求福的祭","0","2","2"
"灾求福的祭祀","0","2","2"
"求福的祭祀活","0","2","2"
"福的祭祀活动","0","2","2"
"按贪赃枉法罪","0","2","2"
"贪赃枉法罪论","0","2","2"
"赃枉法罪论处","0","2","2"
"隶属于隆祥总","0","2","2"
"属于隆祥总管","0","2","2"
"于隆祥总管府","0","2","2"
"隶属于储政院","0","2","2"
"书省臣上言说","0","2","2"
"任为陕西行台","0","2","2"
"全都予以蠲免","0","2","2"
"路因旱灾发生","0","2","2"
"因旱灾发生饥","0","2","2"
"旱灾发生饥荒","0","2","2"
"将山东河北蒙","0","2","2"
"帖木儿不花为","0","2","2"
"木儿不花为宣","0","2","2"
"儿不花为宣让","0","2","2"
"不花为宣让王","0","2","2"
"其子孛罗不花","0","2","2"
"帖木儿不花请","0","2","2"
"至顺三年八月","0","2","2"
"一再推让的初","0","2","2"
"于是派遣使者","0","2","2"
"是派遣使者征","0","2","2"
"遣使者征召诸","0","2","2"
"皇后为皇太后","0","2","2"
"顺帝至正二十","0","2","2"
"至正二十六年","0","2","2"
"大明的军队占","0","2","2"
"明的军队占领","0","2","2"
"明军队占领广","0","2","2"
"十三年平定宋","0","2","2"
"上都朝见世祖","0","2","2"
"把他们安置在","0","2","2"
"当时武宗在北","0","2","2"
"时武宗在北边","0","2","2"
"迁居于东安州","0","2","2"
"朴不花去示意","0","2","2"
"他们斩尽杀绝","0","2","2"
"帖木儿为丞相","0","2","2"
"给孛罗帖木儿","0","2","2"
"令扩廓帖木儿","0","2","2"
"对左右侍臣说","0","2","2"
"有尚为国子司","0","2","2"
"尚为国子司业","0","2","2"
"使百姓安居乐","0","2","2"
"文是受命于天","0","2","2"
"亲手授与成宗","0","2","2"
"尊皇太后为太","0","2","2"
"州二城百姓一","0","2","2"
"二城百姓一万","0","2","2"
"西王阿难答为","0","2","2"
"王阿难答为帝","0","2","2"
"完成统一大业","0","2","2"
"文宗天历初年","0","2","2"
"帖木儿不花留","0","2","2"
"帖木儿不花说","0","2","2"
"庆童为中书左","0","2","2"
"童为中书左丞","0","2","2"
"很不高兴地说","0","2","2"
"世祖大加称赞","0","2","2"
"等州三十万户","0","2","2"
"二十二年三月","0","2","2"
"死者不可胜计","0","2","2"
"与亲王按赤台","0","2","2"
"太宗五年九月","0","2","2"
"熟悉典章制度","0","2","2"
"世祖对左右侍","0","2","2"
"祖对左右侍臣","0","2","2"
"宪宗在蜀驾崩","0","2","2"
"对左右近臣道","0","2","2"
"桑哥设立尚书","0","2","2"
"优厚礼节待他","0","2","2"
"为江东道宣慰","0","2","2"
"任湖南宣慰使","0","2","2"
"不久拜为中书","0","2","2"
"久拜为中书右","0","2","2"
"从太祖征河西","0","2","2"
"高丽王遣其子","0","2","2"
"丽王遣其子纟","0","2","2"
"王遣其子纟享","0","2","2"
"遣使向朝廷报","0","2","2"
"使向朝廷报捷","0","2","2"
"世祖认为可以","0","2","2"
"任命为中书右","0","2","2"
"诸国的战争中","0","2","2"
"随丞相伯颜渡","0","2","2"
"百姓得以安居","0","2","2"
"不敢轻举妄动","0","2","2"
"诸州相继投降","0","2","2"
"随大军攻河南","0","2","2"
"太宗四年正月","0","2","2"
"待他如同家人","0","2","2"
"自幼就侍奉太","0","2","2"
"拜延八都鲁奉","0","2","2"
"延八都鲁奉命","0","2","2"
"八都鲁奉命领","0","2","2"
"汪德臣建立利","0","2","2"
"德臣建立利州","0","2","2"
"本部人马镇守","0","2","2"
"将王荣的妻子","0","2","2"
"王荣的妻子儿","0","2","2"
"荣的妻子儿女","0","2","2"
"自己丝毫不取","0","2","2"
"深受百姓称赞","0","2","2"
"苫彻拔都儿率","0","2","2"
"彻拔都儿与宋","0","2","2"
"后又随大军攻","0","2","2"
"亦哈赤北鲁的","0","2","2"
"自己一无所取","0","2","2"
"史大夫月鲁那","0","2","2"
"为燕京宣抚使","0","2","2"
"为他设宴饯行","0","2","2"
"不敢专断独行","0","2","2"
"适当地方建立","0","2","2"
"无不心悦诚服","0","2","2"
"不久升为右丞","0","2","2"
"后改任陕西行","0","2","2"
"改任陕西行台","0","2","2"
"出任四川行省","0","2","2"
"至大三年正月","0","2","2"
"海牙年幼丧父","0","2","2"
"不能发行流通","0","2","2"
"如何办理政事","0","2","2"
"听取了他的意","0","2","2"
"取了他的意见","0","2","2"
"他们无可奈何","0","2","2"
"为同佥行枢密","0","2","2"
"有人从中离间","0","2","2"
"以惩戒其他人","0","2","2"
"世荣所任用的","0","2","2"
"荣所任用的人","0","2","2"
"有害于民的事","0","2","2"
"祖沉吟了许久","0","2","2"
"大政方针的制","0","2","2"
"政方针的制定","0","2","2"
"号称难治之地","0","2","2"
"世祖采纳了这","0","2","2"
"祖采纳了这个","0","2","2"
"采纳了这个建","0","2","2"
"纳了这个建议","0","2","2"
"阿蓝答儿自和","0","2","2"
"蓝答儿自和林","0","2","2"
"御史台和按察","0","2","2"
"史台和按察司","0","2","2"
"元军大举伐宋","0","2","2"
"十月二十二日","0","2","2"
"至元十一年十","0","2","2"
"汉阳两城大恐","0","2","2"
"至元十二年正","0","2","2"
"元十二年正月","0","2","2"
"二年正月初一","0","2","2"
"似道遣宋京来","0","2","2"
"夏贵以战舰二","0","2","2"
"贵以战舰二千","0","2","2"
"以战舰二千五","0","2","2"
"百姓得以安生","0","2","2"
"挟益王赵曰正","0","2","2"
"下令禁止军士","0","2","2"
"宗即位于上都","0","2","2"
"宋益王赵曰正","0","2","2"
"与伯颜会师于","0","2","2"
"对元朝的统治","0","2","2"
"仍为平章政事","0","2","2"
"兼江东宣慰使","0","2","2"
"与丞相伯颜会","0","2","2"
"丞相伯颜会师","0","2","2"
"州人民起兵反","0","2","2"
"升为镇国上将","0","2","2"
"连到亲戚邻里","0","2","2"
"入朝为中书平","0","2","2"
"朝为中书平章","0","2","2"
"任燕南河北道","0","2","2"
"人民均受其害","0","2","2"
"直到至元二十","0","2","2"
"不忽木的意见","0","2","2"
"他为吏部尚书","0","2","2"
"中书省的权力","0","2","2"
"太祖起兵于北","0","2","2"
"祖起兵于北方","0","2","2"
"拜中书右丞相","0","2","2"
"裕宗为皇太子","0","2","2"
"定的典章制度","0","2","2"
"终年五十八岁","0","2","2"
"阿鲁浑萨理忙","0","2","2"
"问他何以知道","0","2","2"
"江南刚刚平定","0","2","2"
"深有感慨地说","0","2","2"
"采纳这一意见","0","2","2"
"任阿鲁浑萨理","0","2","2"
"阿鲁浑萨理辞","0","2","2"
"德高望重的人","0","2","2"
"命阿鲁浑萨理","0","2","2"
"主持太史院事","0","2","2"
"年授集贤学士","0","2","2"
"又升为江东道","0","2","2"
"为福建行省左","0","2","2"
"为昭毅大将军","0","2","2"
"为湖北道宣慰","0","2","2"
"王合必赤讨伐","0","2","2"
"升为怀远大将","0","2","2"
"出使马八儿国","0","2","2"
"驸马土罕必耶","0","2","2"
"阿礼海牙召集","0","2","2"
"赫抵雅尔丁说","0","2","2"
"赫抵雅尔丁认","0","2","2"
"抵雅尔丁认为","0","2","2"
"此案判决有误","0","2","2"
"未曾参与此案","0","2","2"
"升为翰林侍讲","0","2","2"
"朝廷任命的官","0","2","2"
"后任监察御史","0","2","2"
"当时人们认为","0","2","2"
"起用为吏部尚","0","2","2"
"用为吏部尚书","0","2","2"
"他为同知枢密","0","2","2"
"武宗即位前曾","0","2","2"
"升为中书平章","0","2","2"
"调任江南行台","0","2","2"
"称赞他为贤相","0","2","2"
"朝廷设尚书省","0","2","2"
"为佥书枢密院","0","2","2"
"又加开府仪同","0","2","2"
"答剌罕的称号","0","2","2"
"又拜御史中丞","0","2","2"
"任南台御史大","0","2","2"
"宣让王帖木儿","0","2","2"
"让王帖木儿不","0","2","2"
"派他出京为河","0","2","2"
"他出京为河南","0","2","2"
"出京为河南行","0","2","2"
"京为河南行省","0","2","2"
"亲自主持其事","0","2","2"
"孛罗帖木儿等","0","2","2"
"别儿怯不花为","0","2","2"
"吏部尚书亻契","0","2","2"
"部尚书亻契哲","0","2","2"
"尚书亻契哲笃","0","2","2"
"也先帖木儿为","0","2","2"
"也先帖木儿不","0","2","2"
"请求自己率兵","0","2","2"
"为国效力之臣","0","2","2"
"中书省派官员","0","2","2"
"百姓拍手称快","0","2","2"
"任奎章阁学士","0","2","2"
"命朵尔直班为","0","2","2"
"向皇帝讲解经","0","2","2"
"任大宗正府也","0","2","2"
"宗正府也可扎","0","2","2"
"正府也可扎鲁","0","2","2"
"府也可扎鲁火","0","2","2"
"也可扎鲁火赤","0","2","2"
"任江西行省左","0","2","2"
"朵尔直班认为","0","2","2"
"接受他的意见","0","2","2"
"拜为御史中丞","0","2","2"
"贬御史大夫懿","0","2","2"
"像这样则御史","0","2","2"
"这样则御史台","0","2","2"
"则御史台的纲","0","2","2"
"南人民起义反","0","2","2"
"入国子学学习","0","2","2"
"用为江浙行省","0","2","2"
"升为陕西汉中","0","2","2"
"任命为枢密副","0","2","2"
"命为枢密副使","0","2","2"
"升为同知枢密","0","2","2"
"调任御史中丞","0","2","2"
"儿子也先忽都","0","2","2"
"知道这些事后","0","2","2"
"为淮南行省左","0","2","2"
"为辽阳行省左","0","2","2"
"将自己的俸禄","0","2","2"
"多次称病辞职","0","2","2"
"年拜中书右丞","0","2","2"
"树立自己的声","0","2","2"
"因出身于官宦","0","2","2"
"出身于官宦之","0","2","2"
"身于官宦之家","0","2","2"
"于官宦之家而","0","2","2"
"升为中书右丞","0","2","2"
"处理一切事务","0","2","2"
"达识帖睦迩任","0","2","2"
"达识帖睦迩说","0","2","2"
"达识帖睦迩对","0","2","2"
"为淮南行省平","0","2","2"
"达识帖睦迩又","0","2","2"
"任云南行省右","0","2","2"
"太不花为河南","0","2","2"
"不花为河南行","0","2","2"
"花为河南行省","0","2","2"
"为起义军所有","0","2","2"
"刘哈剌不花那","0","2","2"
"哈剌不花那里","0","2","2"
"不敢再说什么","0","2","2"
"敢再说什么了","0","2","2"
"事不可挽救了","0","2","2"
"至正二十一年","0","2","2"
"答失八都鲁为","0","2","2"
"为四川行省参","0","2","2"
"诏答失八都鲁","0","2","2"
"答失八都鲁与","0","2","2"
"义军刘福通所","0","2","2"
"召拜翰林学士","0","2","2"
"兵迎战于清河","0","2","2"
"罗帖木儿进入","0","2","2"
"孛罗帖木儿传","0","2","2"
"罗帖木儿大恐","0","2","2"
"现在又失去姚","0","2","2"
"在又失去姚伯","0","2","2"
"又失去姚伯颜","0","2","2"
"彻里帖木儿说","0","2","2"
"召他回朝拜为","0","2","2"
"朝廷大小官员","0","2","2"
"理中书平章政","0","2","2"
"为彻里帖木儿","0","2","2"
"帖木儿为朝廷","0","2","2"
"到中书省任职","0","2","2"
"召回朝拜中书","0","2","2"
"为浙西廉访使","0","2","2"
"的文章写得好","0","2","2"
"终年五十一岁","0","2","2"
"听取他的意见","0","2","2"
"弹劾平章政事","0","2","2"
"任工部员外郎","0","2","2"
"任吏部员外郎","0","2","2"
"调任湖广行省","0","2","2"
"拜江南行台监","0","2","2"
"当时御史大夫","0","2","2"
"改为江浙行省","0","2","2"
"改任礼部侍郎","0","2","2"
"此事上报朝廷","0","2","2"
"朝拜监察御史","0","2","2"
"任河东道廉访","0","2","2"
"木迭儿复为丞","0","2","2"
"迭儿复为丞相","0","2","2"
"调任浙西廉访","0","2","2"
"不得已而为之","0","2","2"
"弹劾明里董阿","0","2","2"
"宗正府也可札","0","2","2"
"正府也可札鲁","0","2","2"
"出京任湖广行","0","2","2"
"京任湖广行省","0","2","2"
"没有什么好处","0","2","2"
"任命为大司农","0","2","2"
"州人民起义反","0","2","2"
"也可札鲁忽赤","0","2","2"
"为江南行御史","0","2","2"
"调任信州路总","0","2","2"
"任信州路总管","0","2","2"
"任大都路达鲁","0","2","2"
"境内安然无事","0","2","2"
"出京任江浙行","0","2","2"
"京任江浙行省","0","2","2"
"廉惠山海牙上","0","2","2"
"选月鲁不花为","0","2","2"
"皇太子在冀宁","0","2","2"
"木儿为平章政","0","2","2"
"秃坚帖木儿的","0","2","2"
"太宗采纳了他","0","2","2"
"宗采纳了他的","0","2","2"
"宗还是犹豫不","0","2","2"
"还是犹豫不定","0","2","2"
"乃马真皇后三","0","2","2"
"马真皇后三年","0","2","2"
"阿里不哥反叛","0","2","2"
"世祖嘉奖其忠","0","2","2"
"杨惟中为江淮","0","2","2"
"宣布皇帝恩德","0","2","2"
"为元帅左都监","0","2","2"
"随世祖攻鄂州","0","2","2"
"认为他说得对","0","2","2"
"因为是勋臣之","0","2","2"
"因功赐金虎符","0","2","2"
"金将武仙占据","0","2","2"
"将武仙占据真","0","2","2"
"归附于蒙古军","0","2","2"
"把他们都释放","0","2","2"
"为山东东西道","0","2","2"
"百姓疲惫不堪","0","2","2"
"百姓贫困不堪","0","2","2"
"向皇帝陈奏道","0","2","2"
"三十万户归附","0","2","2"
"听了他的劝告","0","2","2"
"蒙古大军围攻","0","2","2"
"只诛其为首者","0","2","2"
"太祖崩后第二","0","2","2"
"祖崩后第二年","0","2","2"
"木华黎上报其","0","2","2"
"华黎上报其功","0","2","2"
"随蒙古大军攻","0","2","2"
"缴获战舰千余","0","2","2"
"升为参议中书","0","2","2"
"成宗深以为然","0","2","2"
"升为河南行省","0","2","2"
"采纳了他的建","0","2","2"
"纳了他的建议","0","2","2"
"杀敌三百余人","0","2","2"
"郝和尚拔都率","0","2","2"
"有权自行决定","0","2","2"
"祖认为他说得","0","2","2"
"认为他说得好","0","2","2"
"不仅释放了他","0","2","2"
"张柔上报其功","0","2","2"
"藁城为永安州","0","2","2"
"承袭父亲官职","0","2","2"
"终年六十一岁","0","2","2"
"父职为行军千","0","2","2"
"职为行军千户","0","2","2"
"在攻樊城的战","0","2","2"
"攻樊城的战斗","0","2","2"
"樊城的战斗中","0","2","2"
"与宋将孙虎臣","0","2","2"
"蒙古朝为人质","0","2","2"
"为辅国上将军","0","2","2"
"授他为荣禄大","0","2","2"
"他为荣禄大夫","0","2","2"
"大名路总管兼","0","2","2"
"路总管兼府尹","0","2","2"
"李王在济南反","0","2","2"
"王在济南反叛","0","2","2"
"至元十七年二","0","2","2"
"元十七年二月","0","2","2"
"授他为东平路","0","2","2"
"扎剌温火儿赤","0","2","2"
"有什么话要说","0","2","2"
"不可失信于民","0","2","2"
"选拔贤能者为","0","2","2"
"河南兵荒马乱","0","2","2"
"太宗皇后四年","0","2","2"
"随元帅孛鲁罕","0","2","2"
"任辽阳行省右","0","2","2"
"随世祖征大理","0","2","2"
"定宗皇后二年","0","2","2"
"宗皇后二年春","0","2","2"
"大战于三槽山","0","2","2"
"战于三槽山之","0","2","2"
"金哀宗迁都蔡","0","2","2"
"哀宗迁都蔡州","0","2","2"
"治国安民之道","0","2","2"
"李王暗中勾结","0","2","2"
"与驸马忽剌出","0","2","2"
"这些人后来多","0","2","2"
"些人后来多成","0","2","2"
"人们把他比作","0","2","2"
"第二年世祖即","0","2","2"
"二年世祖即位","0","2","2"
"文炳为山东东","0","2","2"
"炳为山东东路","0","2","2"
"任文炳为山东","0","2","2"
"士元与哈剌秃","0","2","2"
"他以中书左丞","0","2","2"
"拜江西行省左","0","2","2"
"而地方官吏又","0","2","2"
"他们依法惩处","0","2","2"
"他们都以文学","0","2","2"
"与太保刘秉忠","0","2","2"
"人民承受不了","0","2","2"
"左丞之职行大","0","2","2"
"丞之职行大名","0","2","2"
"之职行大名等","0","2","2"
"职行大名等路","0","2","2"
"得以休养生息","0","2","2"
"选贵族子弟进","0","2","2"
"贵族子弟进行","0","2","2"
"族子弟进行教","0","2","2"
"子弟进行教育","0","2","2"
"御史中丞之职","0","2","2"
"用兵之道在于","0","2","2"
"询问治国之道","0","2","2"
"制定朝廷礼仪","0","2","2"
"拜为翰林学士","0","2","2"
"统元年世祖即","0","2","2"
"默为太子太傅","0","2","2"
"衡为太子太保","0","2","2"
"集贤大学士兼","0","2","2"
"贤大学士兼国","0","2","2"
"魏征这样的人","0","2","2"
"此人学术不正","0","2","2"
"任命他为翰林","0","2","2"
"病请求回归家","0","2","2"
"请求回归家乡","0","2","2"
"征求他的意见","0","2","2"
"享年八十五岁","0","2","2"
"士都投奔而来","0","2","2"
"丞相史天泽说","0","2","2"
"教育贵族子弟","0","2","2"
"人民安居乐业","0","2","2"
"事情才办得好","0","2","2"
"仗势为非作歹","0","2","2"
"当时人认为是","0","2","2"
"蒙古大军伐宋","0","2","2"
"世祖看了大喜","0","2","2"
"朝廷派大军征","0","2","2"
"廷派大军征讨","0","2","2"
"拜为翰林直学","0","2","2"
"右丞相安童为","0","2","2"
"诏令朝臣讨论","0","2","2"
"朝廷也不认为","0","2","2"
"曾在金朝为官","0","2","2"
"任佥河北河南","0","2","2"
"忽兰吉回答说","0","2","2"
"行省发兵征讨","0","2","2"
"襄阳随即投降","0","2","2"
"百姓刻碑歌颂","0","2","2"
"东宣慰使之职","0","2","2"
"葛郎国王哈只","0","2","2"
"郎国王哈只葛","0","2","2"
"国王哈只葛当","0","2","2"
"甘州不花率兵","0","2","2"
"招降附近小国","0","2","2"
"女婿土罕必耶","0","2","2"
"负责军粮的供","0","2","2"
"世祖点头称是","0","2","2"
"为天下之根本","0","2","2"
"负责制国用司","0","2","2"
"严厉地绳之以","0","2","2"
"厉地绳之以法","0","2","2"
"官府不敢过问","0","2","2"
"阿合马之子忽","0","2","2"
"合马之子忽辛","0","2","2"
"马之子忽辛为","0","2","2"
"忽辛为中书右","0","2","2"
"辛为中书右丞","0","2","2"
"拜为参知政事","0","2","2"
"罢黜贪官污吏","0","2","2"
"非常孝敬母亲","0","2","2"
"百姓征为兵卒","0","2","2"
"上下议论纷纷","0","2","2"
"天下骚动不安","0","2","2"
"也不认为他有","0","2","2"
"百姓皆大欢喜","0","2","2"
"增加国库收入","0","2","2"
"任命他为必赤","0","2","2"
"为云南行省参","0","2","2"
"以剥削百姓为","0","2","2"
"善于管理财政","0","2","2"
"任山东东西道","0","2","2"
"世代以农为业","0","2","2"
"当时州县官吏","0","2","2"
"左司郎中周寅","0","2","2"
"司郎中周寅戈","0","2","2"
"始说他能使百","0","2","2"
"世祖看了这个","0","2","2"
"祖看了这个奏","0","2","2"
"看了这个奏章","0","2","2"
"升为吏部郎中","0","2","2"
"拜为集贤大学","0","2","2"
"失口乱言之罪","0","2","2"
"请求解除他的","0","2","2"
"求解除他的职","0","2","2"
"任真定路总管","0","2","2"
"大都路总管兼","0","2","2"
"都路总管兼大","0","2","2"
"路总管兼大兴","0","2","2"
"总管兼大兴府","0","2","2"
"得到很好的治","0","2","2"
"到很好的治理","0","2","2"
"终年七十六岁","0","2","2"
"回京任国子司","0","2","2"
"京任国子司业","0","2","2"
"奉诏至江南求","0","2","2"
"诏至江南求贤","0","2","2"
"以德性修养为","0","2","2"
"德性修养为本","0","2","2"
"为集贤直学士","0","2","2"
"病请求辞职归","0","2","2"
"请求辞职归家","0","2","2"
"他所写的文章","0","2","2"
"清河的元明善","0","2","2"
"任应奉翰林文","0","2","2"
"廷臣商议消灾","0","2","2"
"刑部尚书之职","0","2","2"
"都安置在要害","0","2","2"
"出任甘肃行省","0","2","2"
"与中书平章政","0","2","2"
"他为翰林学士","0","2","2"
"彧又同御史大","0","2","2"
"又同御史大夫","0","2","2"
"御史台与中书","0","2","2"
"史台与中书省","0","2","2"
"官至集贤学士","0","2","2"
"相威举荐了叶","0","2","2"
"威举荐了叶李","0","2","2"
"是天子的耳目","0","2","2"
"以莫须有的罪","0","2","2"
"莫须有的罪名","0","2","2"
"罢黜御史大夫","0","2","2"
"州路总管府同","0","2","2"
"为江浙行中书","0","2","2"
"时仁宗为太子","0","2","2"
"享年七十六岁","0","2","2"
"问他为何如此","0","2","2"
"出任蓟州知州","0","2","2"
"集贤学士兼国","0","2","2"
"贤学士兼国子","0","2","2"
"享年七十五岁","0","2","2"
"灾异发生的原","0","2","2"
"异发生的原因","0","2","2"
"铁木迭儿为太","0","2","2"
"木迭儿为太师","0","2","2"
"别薛为参知行","0","2","2"
"薛为参知行省","0","2","2"
"为参知行省政","0","2","2"
"对他施以杖刑","0","2","2"
"只有君王能作","0","2","2"
"汰多余的官员","0","2","2"
"年十二月逝世","0","2","2"
"镇戍北部边疆","0","2","2"
"与仁宗的关系","0","2","2"
"仁宗入朝平定","0","2","2"
"宗入朝平定内","0","2","2"
"入朝平定内难","0","2","2"
"铁木迭儿的儿","0","2","2"
"木迭儿的儿子","0","2","2"
"改任集贤司直","0","2","2"
"南行御史台与","0","2","2"
"行省与御史台","0","2","2"
"与宰相意见不","0","2","2"
"宰相意见不合","0","2","2"
"朝廷派使臣去","0","2","2"
"任中书省属官","0","2","2"
"享年五十三岁","0","2","2"
"为左右司员外","0","2","2"
"参议中书省的","0","2","2"
"议中书省的事","0","2","2"
"召为御史台属","0","2","2"
"为御史台属官","0","2","2"
"任枢密院佥事","0","2","2"
"任抚州路总管","0","2","2"
"任中书省检校","0","2","2"
"每年征收赋税","0","2","2"
"琐咬儿哈的迷","0","2","2"
"又任枢密副使","0","2","2"
"任淮西道廉访","0","2","2"
"二年任陕西行","0","2","2"
"还有什么忧虑","0","2","2"
"英宗还在东宫","0","2","2"
"是铁木迭儿的","0","2","2"
"世祖同意他的","0","2","2"
"年授江浙行省","0","2","2"
"应该承袭封爵","0","2","2"
"朝廷接受了这","0","2","2"
"首先提拔他为","0","2","2"
"二帝三王之道","0","2","2"
"不久又兼国子","0","2","2"
"久又兼国子祭","0","2","2"
"又兼国子祭酒","0","2","2"
"妥欢帖穆尔太","0","2","2"
"欢帖穆尔太子","0","2","2"
"有学问能写文","0","2","2"
"学问能写文章","0","2","2"
"君子都称赞他","0","2","2"
"人们称他们为","0","2","2"
"至顺二年二月","0","2","2"
"召入朝参议中","0","2","2"
"入朝参议中书","0","2","2"
"朝参议中书省","0","2","2"
"召集大臣们议","0","2","2"
"集大臣们议论","0","2","2"
"拜为河南行省","0","2","2"
"不久又任命为","0","2","2"
"又任命为翰林","0","2","2"
"国子监的学生","0","2","2"
"进京任翰林国","0","2","2"
"京任翰林国史","0","2","2"
"已故皇帝灵位","0","2","2"
"故皇帝灵位牌","0","2","2"
"任湖广参知政","0","2","2"
"湖广参知政事","0","2","2"
"任集贤侍讲学","0","2","2"
"任饶州路总管","0","2","2"
"对他感恩戴德","0","2","2"
"朝廷得知此事","0","2","2"
"任中书左司郎","0","2","2"
"也先帖木儿说","0","2","2"
"年调任国子博","0","2","2"
"调任国子博士","0","2","2"
"提拔为御史台","0","2","2"
"为大都路总管","0","2","2"
"任山东廉访使","0","2","2"
"出任山东廉访","0","2","2"
"终年六十五岁","0","2","2"
"任广东廉访使","0","2","2"
"时答失八都鲁","0","2","2"
"答失八都鲁的","0","2","2"
"袭击答失八都","0","2","2"
"击答失八都鲁","0","2","2"
"任同知枢密院","0","2","2"
"终年七十五岁","0","2","2"
"虞集转告赡思","0","2","2"
"任陕西行台监","0","2","2"
"终年七十四岁","0","2","2"
"孛罗帖木儿率","0","2","2"
"罗帖木儿率兵","0","2","2"
"还有船千余艘","0","2","2"
"斩起义军将领","0","2","2"
"征讨反元义军","0","2","2"
"日与你同朝办","0","2","2"
"与你同朝办事","0","2","2"
"你同朝办事的","0","2","2"
"朱衣长髯的人","0","2","2"
"梦中所见的人","0","2","2"
"为玄教大宗师","0","2","2"
"隐于经络之间","0","2","2"
"脉在一呼一吸","0","2","2"
"在一呼一吸间","0","2","2"
"官阶金紫光禄","0","2","2"
"御史大夫老的","0","2","2"
"史大夫老的沙","0","2","2"
"扩廓帖木儿为","0","2","2"
"孛罗帖木儿官","0","2","2"
"派人向世祖报","0","2","2"
"人向世祖报告","0","2","2"
"司徒和礼霍孙","0","2","2"
"望陛下可怜我","0","2","2"
"他的所作所为","0","2","2"
"领功德使司事","0","2","2"
"监察御史到省","0","2","2"
"察御史到省部","0","2","2"
"铁木迭儿上奏","0","2","2"
"皇太后的旨意","0","2","2"
"入中书为右丞","0","2","2"
"无君臣之分的","0","2","2"
"哈麻和雪雪的","0","2","2"
"朴不花相勾结","0","2","2"
"秃坚帖木儿等","0","2","2"
"海三城献给宋","0","2","2"
"鲁辉帖木儿承","0","2","2"
"辉帖木儿承袭","0","2","2"
"鲁辉帖木儿军","0","2","2"
"铁失奏请皇上","0","2","2"
"治书侍御史琐","0","2","2"
"书侍御史琐南","0","2","2"
"孛罗帖木儿便","0","2","2"
"罗帖木儿的部","0","2","2"
"日孛罗帖木儿","0","2","2"
"秃坚帖木儿及","0","2","2"
"坚帖木儿及老","0","2","2"
"帖木儿及老的","0","2","2"
"木儿及老的沙","0","2","2"
"国王的书信催","0","2","2"
"王的书信催促","0","2","2"
"的书信催促高","0","2","2"
"书信催促高丽","0","2","2"
"朝拜蒙古皇帝","0","2","2"
"帝赐礻直玉带","0","2","2"
"赐礻直玉带一","0","2","2"
"礻直玉带一条","0","2","2"
"王礻直亲自来","0","2","2"
"礻直亲自来京","0","2","2"
"直亲自来京朝","0","2","2"
"其枢密院副使","0","2","2"
"到达日本便回","0","2","2"
"达日本便回来","0","2","2"
"日本便回来了","0","2","2"
"礻直遣大将军","0","2","2"
"礻直遣世子忄","0","2","2"
"直遣世子忄甚","0","2","2"
"遣世子忄甚入","0","2","2"
"世子忄甚入朝","0","2","2"
"高丽枢密院副","0","2","2"
"丽枢密院副使","0","2","2"
"高丽世子忄甚","0","2","2"
"黑的等至高丽","0","2","2"
"相距约五十里","0","2","2"
"朝廷诏告王礻","0","2","2"
"廷诏告王礻直","0","2","2"
"洪茶丘带兵送","0","2","2"
"贵族子弟二十","0","2","2"
"通事别将徐翶","0","2","2"
"事别将徐翶导","0","2","2"
"别将徐翶导送","0","2","2"
"王日巨遣使入","0","2","2"
"日巨遣使入贡","0","2","2"
"身份来的人叫","0","2","2"
"同意了他们的","0","2","2"
"意了他们的请","0","2","2"
"了他们的请求","0","2","2"
"为安南达鲁花","0","2","2"
"安南达鲁花赤","0","2","2"
"在善阝阐交纳","0","2","2"
"日火亘遣范明","0","2","2"
"火亘遣范明字","0","2","2"
"给镇南王及行","0","2","2"
"镇南王及行省","0","2","2"
"下诏书告安南","0","2","2"
"停止征讨安南","0","2","2"
"至灵山的木栅","0","2","2"
"命乌马儿率水","0","2","2"
"乌马儿率水兵","0","2","2"
"世祖至元年间","0","2","2"
"国王孛由补剌","0","2","2"
"王孛由补剌者","0","2","2"
"孛由补剌者吾","0","2","2"
"孛由补刺者吾","0","2","2"
"的宣慰司官员","0","2","2"
"采纳了这意见","0","2","2"
