"N-gram","元史","元史翻译","Total"
"省平章政事","102","127","229"
"知枢密院事","119","103","222"
"行省平章政","78","93","171"
"书平章政事","77","77","154"
"中书平章政","75","76","151"
"省参知政事","66","82","148"
"高丽国王王","63","84","147"
"太阴星干犯","0","140","140"
"翰林学士承","62","65","127"
"林学士承旨","62","65","127"
"孛罗帖木儿","0","104","104"
"开府仪同三","48","48","96"
"府仪同三司","48","48","96"
"提刑按察司","47","47","94"
"行省参知政","47","47","94"
"道提刑按察","48","45","93"
"治书侍御史","44","44","88"
"大臣上奏说","0","85","85"
"中书左丞相","43","41","84"
"议中书省事","42","37","79"
"军都指挥使","38","39","77"
"中书右丞相","40","36","76"
"亲军都指挥","37","38","75"
"道肃政廉访","36","37","73"
"赐给诸侯王","0","67","67"
"行中书省事","43","23","66"
"肃政廉访使","31","35","66"
"同知枢密院","37","28","65"
"行省左丞相","28","36","64"
"集贤大学士","33","30","63"
"路达鲁花赤","42","18","60"
"中书省臣言","59","0","59"
"行枢密院事","28","29","57"
"中书省大臣","1","56","57"
"金紫光禄大","28","28","56"
"紫光禄大夫","28","28","56"
"川行枢密院","21","34","55"
"参议中书省","27","27","54"
"卫亲军都指","25","28","53"
"书参知政事","30","22","52"
"答失八都鲁","20","32","52"
"为中书右丞","0","52","52"
"省大臣上奏","0","52","52"
"中书省左丞","20","31","51"
"书省参知政","17","33","50"
"中书省事务","0","50","50"
"中书参知政","28","21","49"
"国王王礻直","0","49","49"
"书省大臣上","0","49","49"
"东道宣慰使","23","25","48"
"江浙行省平","23","25","48"
"浙行省平章","23","25","48"
"南行省平章","22","25","47"
"书省平章政","18","27","45"
"翰林国史院","23","21","44"
"镇国上将军","22","22","44"
"行中书省左","20","23","43"
"等处行中书","25","18","43"
"台御史大夫","22","21","43"
"中书省参知","15","28","43"
"丽国王王礻","0","43","43"
"提刑按察使","20","21","41"
"处行中书省","24","17","41"
"台监察御史","21","20","41"
"左右司郎中","20","21","41"
"太白金星干","0","41","41"
"白金星干犯","0","41","41"
"江浙行省左","18","22","40"
"丽国王王禃","40","0","40"
"翰林侍讲学","20","19","39"
"林侍讲学士","20","19","39"
"阿鲁浑萨理","13","26","39"
"为参知政事","0","39","39"
"西行省平章","18","20","38"
"北道宣慰使","19","19","38"
"为平章政事","0","38","38"
"也先帖木儿","0","38","38"
"佥枢密院事","22","15","37"
"肃政廉访司","18","19","37"
"枢密院副使","16","21","37"
"达识帖睦迩","15","22","37"
"为中书左丞","0","37","37"
"为中书平章","0","37","37"
"中书省平章","15","21","36"
"行台御史大","19","17","36"
"兵马都元帅","18","18","36"
"湖北道宣慰","18","17","35"
"中书省官员","0","35","35"
"安南国王陈","15","19","34"
"浙行省左丞","15","19","34"
"府达鲁花赤","20","14","34"
"太阴星凌犯","0","34","34"
"翰林直学士","16","16","32"
"南行省左丞","15","17","32"
"阿剌忒纳失","16","16","32"
"剌忒纳失里","16","16","32"
"行中书省参","13","19","32"
"行台监察御","17","15","32"
"国史院编修","17","14","31"
"黄金五十两","9","22","31"
"宣慰使都元","15","16","31"
"慰使都元帅","15","16","31"
"国王木华黎","15","16","31"
"月鲁帖木儿","0","31","31"
"荧惑星干犯","0","31","31"
"史院编修官","17","13","30"
"录军国重事","15","15","30"
"河南行省平","14","16","30"
"行省左右司","15","15","30"
"征伐日本的","0","30","30"
"为御史大夫","0","29","29"
"都转运使司","13","15","28"
"南行中书省","10","18","28"
"太常礼仪院","14","14","28"
"二千五百两","14","14","28"
"江浙行省参","14","14","28"
"王阿剌忒纳","14","14","28"
"都指挥使司","14","13","27"
"行中书省平","13","14","27"
"江西行省平","13","14","27"
"江南行台御","14","13","27"
"南行台御史","14","13","27"
"帖木儿不花","0","27","27"
"王礻直派遣","0","27","27"
"御史台大臣","0","27","27"
"浙东道宣慰","13","13","26"
"西道宣慰使","13","13","26"
"省左右司郎","13","13","26"
"国王王禃遣","26","0","26"
"今年的田租","0","26","26"
"王王礻直派","0","26","26"
"昭文馆大学","13","12","25"
"文馆大学士","13","12","25"
"侍卫亲军都","12","13","25"
"西道提刑按","13","12","25"
"彻里帖木儿","0","25","25"
"判处死刑的","0","25","25"
"星干犯井宿","0","25","25"
"干犯井宿天","0","25","25"
"犯井宿天区","0","25","25"
"知行枢密院","12","12","24"
"浙行省参知","12","12","24"
"河南行省左","11","13","24"
"镇南王脱欢","12","12","24"
"中书省右丞","8","16","24"
"昭勇大将军","12","12","24"
"怀远大将军","12","12","24"
"台治书侍御","12","12","24"
"西川行枢密","10","14","24"
"大都路总管","12","12","24"
"屯田总管府","12","12","24"
"至元十一年","0","24","24"
"丽国王王贝","0","24","24"
"国王王贝春","0","24","24"
"西行省左丞","12","11","23"
"陕西行台御","10","13","23"
"西行台御史","10","13","23"
"商议中书省","11","12","23"
"银青荣禄大","12","11","23"
"青荣禄大夫","12","11","23"
"提刑按察副","11","12","23"
"刑按察副使","11","12","23"
"集贤侍讲学","11","12","23"
"贤侍讲学士","11","12","23"
"御史台臣言","23","0","23"
"平章政事阿","10","13","23"
"州行中书省","4","19","23"
"为江浙行省","0","23","23"
"至元十四年","0","23","23"
"为翰林学士","0","23","23"
"星干犯房宿","0","23","23"
"御史台官员","0","23","23"
"等路宣抚使","12","10","22"
"西行枢密院","8","14","22"
"左副都元帅","11","11","22"
"西安王阿剌","11","11","22"
"安王阿剌忒","11","11","22"
"右司员外郎","11","11","22"
"江西行省左","11","11","22"
"北道肃政廉","11","11","22"
"行尚书省事","13","9","22"
"湖广行省左","12","10","22"
"枢密院判官","10","12","22"
"命平章政事","9","13","22"
"天师张宗演","11","11","22"
"江东道宣慰","10","12","22"
"南行御史台","9","13","22"
"江南行台监","12","10","22"
"南行台监察","12","10","22"
"派遣使臣前","0","22","22"
"皇上的车驾","0","22","22"
"处死刑的罪","0","22","22"
"星干犯毕宿","0","22","22"
"干犯毕宿天","0","22","22"
"等路宣慰使","12","9","21"
"汉军都元帅","10","11","21"
"右丞相安童","11","10","21"
"行台侍御史","13","8","21"
"至元十三年","0","21","21"
"至元十二年","0","21","21"
"死刑的罪犯","0","21","21"
"阴星干犯井","0","21","21"
"犯毕宿天区","0","21","21"
"丞相铁木迭","10","10","20"
"二百五十两","10","10","20"
"昭睿顺圣皇","10","10","20"
"睿顺圣皇后","10","10","20"
"同佥枢密院","12","8","20"
"行枢密院副","10","10","20"
"陕西汉中道","10","10","20"
"丞相史天泽","10","10","20"
"州达鲁花赤","13","7","20"
"大德十一年","7","13","20"
"干犯房宿天","0","20","20"
"犯房宿天区","0","20","20"
"奎章阁学士","9","10","19"
"达礼麻识理","8","11","19"
"车驾幸上都","19","0","19"
"四川行枢密","7","12","19"
"荆湖占城行","8","11","19"
"阿鲁辉帖木","8","11","19"
"也先铁木儿","0","19","19"
"为监察御史","0","19","19"
"十一月初一","0","19","19"
"阴星干犯毕","0","19","19"
"令有关部门","0","19","19"
"官员上言说","0","19","19"
"县达鲁花赤","12","6","18"
"都转运盐使","9","9","18"
"台御史中丞","8","10","18"
"江西行省参","9","9","18"
"龙虎卫上将","9","9","18"
"虎卫上将军","9","9","18"
"南国王陈光","8","10","18"
"犯太微西垣","10","8","18"
"御史大夫玉","8","10","18"
"湖占城行省","8","10","18"
"江南行御史","8","10","18"
"命中书右丞","3","15","18"
"行台治书侍","9","9","18"
"玉昔帖木儿","0","18","18"
"忽都帖木儿","0","18","18"
"诸侯王阿只","0","18","18"
"侯王阿只吉","0","18","18"
"钱钞一千锭","0","18","18"
"星干犯轩辕","0","18","18"
"枢密院大臣","0","18","18"
"皇帝的车驾","0","18","18"
"川行中书省","5","12","17"
"万户府达鲁","10","7","17"
"户府达鲁花","10","7","17"
"荆湖北道宣","9","8","17"
"路总管府事","11","6","17"
"路行中书省","9","8","17"
"议枢密院事","9","8","17"
"西行中书省","4","13","17"
"云南行中书","5","12","17"
"安西王阿难","9","8","17"
"西王阿难答","9","8","17"
"王月鲁帖木","9","8","17"
"太保刘秉忠","8","9","17"
"州路总管府","8","9","17"
"秃坚帖木儿","0","17","17"
"别儿怯不花","0","17","17"
"任江浙行省","0","17","17"
"至正十二年","0","17","17"
"制国用使司","0","17","17"
"北道提刑按","8","8","16"
"上都留守司","8","8","16"
"参知政事张","7","9","16"
"平章军国重","10","6","16"
"章军国重事","10","6","16"
"四川行中书","5","11","16"
"南行省右丞","6","10","16"
"国大长公主","8","8","16"
"章阁学士院","8","8","16"
"西行省参知","7","9","16"
"书枢密院事","10","6","16"
"河南宣慰司","8","8","16"
"西平王奥鲁","8","8","16"
"平王奥鲁赤","8","8","16"
"制置使夏贵","7","9","16"
"广行省左丞","9","7","16"
"陕西行台侍","10","6","16"
"西行台侍御","10","6","16"
"元二十四年","3","13","16"
"任参知政事","0","16","16"
"为礼部尚书","0","16","16"
"只必帖木儿","0","16","16"
"遣使臣前来","0","16","16"
"礻直派遣他","0","16","16"
"直派遣他的","0","16","16"
"车驾从上都","0","16","16"
"院大臣上奏","0","16","16"
"书省左丞相","5","10","15"
"银二千五百","11","4","15"
"立行枢密院","7","8","15"
"司达鲁花赤","8","7","15"
"湖广行省平","8","7","15"
"广行省平章","8","7","15"
"刑按察司事","8","7","15"
"行台御史中","7","8","15"
"南行省参知","8","7","15"
"遣使贡方物","15","0","15"
"枢密院臣言","15","0","15"
"国王头辇哥","7","8","15"
"淮西制置使","7","8","15"
"西制置使夏","7","8","15"
"丽国王王睶","15","0","15"
"铁木儿塔识","0","15","15"
"任中书左丞","0","15","15"
"为河南行省","0","15","15"
"兼国子祭酒","0","15","15"
"察罕帖木儿","0","15","15"
"不同数量的","0","15","15"
"十二月初一","0","15","15"
"命令中书省","0","15","15"
"全年判处死","0","15","15"
"年判处死刑","0","15","15"
"密院大臣上","0","15","15"
"史台大臣上","0","15","15"
"国派遣使臣","0","15","15"
"干犯鬼宿天","0","15","15"
"犯鬼宿天区","0","15","15"
"省官员上言","0","15","15"
"苫彻拔都儿","0","15","15"
"圣寿万安寺","7","7","14"
"转运盐使司","7","7","14"
"万二千八百","7","7","14"
"道宣慰副使","7","7","14"
"王八剌失里","7","7","14"
"东道廉访使","7","7","14"
"山北辽东道","7","7","14"
"湖南宣慰使","7","7","14"
"平章政事秃","7","7","14"
"江浙行省右","8","6","14"
"浙行省右丞","8","6","14"
"命中书左丞","2","12","14"
"徽仁裕圣皇","7","7","14"
"仁裕圣皇后","7","7","14"
"浙西道宣慰","7","7","14"
"都元帅府事","7","7","14"
"东道提刑按","7","7","14"
"佥书枢密院","8","6","14"
"江浙行中书","7","7","14"
"土罕必阇耶","14","0","14"
"右副都元帅","7","7","14"
"总帅汪惟正","7","7","14"
"千三百二十","7","7","14"
"都路总管府","7","7","14"
"万一千五百","7","7","14"
"皇子北平王","7","7","14"
"遣使代祀岳","14","0","14"
"使代祀岳渎","14","0","14"
"万二千六百","7","7","14"
"征东行中书","6","8","14"
"东行中书省","6","8","14"
"山东东西道","7","7","14"
"加开府仪同","8","6","14"
"鲁国大长公","7","7","14"
"承天护圣寺","7","7","14"
"宋将彭义斌","6","8","14"
"参议枢密院","6","8","14"
"元二十九年","1","13","14"
"任命参知政","0","14","14"
"命参知政事","0","14","14"
"扩廓帖木儿","0","14","14"
"数额各不相","0","14","14"
"世子王忄甚","0","14","14"
"部下的士兵","0","14","14"
"王只必帖木","0","14","14"
"的车驾临幸","0","14","14"
"车驾临幸上","0","14","14"
"驾临幸上都","0","14","14"
"进贡地方特","0","14","14"
"贡地方特产","0","14","14"
"任平章政事","0","14","14"
"不同数额的","0","14","14"
"台大臣上奏","0","14","14"
"星干犯鬼宿","0","14","14"
"书省官员上","0","14","14"
"林国史院编","7","6","13"
"平章政事赵","7","6","13"
"钞二万五千","7","6","13"
"月二十九日","2","11","13"
"山东廉访使","7","6","13"
"行中书省右","6","7","13"
"燕南河北道","7","6","13"
"肃政廉访副","7","6","13"
"政廉访副使","7","6","13"
"元二十一年","2","11","13"
"加镇国上将","8","5","13"
"同知经筵事","6","7","13"
"浙行中书省","7","6","13"
"浙西廉访使","6","7","13"
"总管府达鲁","7","6","13"
"管府达鲁花","7","6","13"
"升平章政事","9","4","13"
"诸王必帖木","13","0","13"
"中书省左右","6","7","13"
"右丞相伯颜","6","7","13"
"中书省臣奏","8","5","13"
"行元帅府事","7","6","13"
"路军民总管","7","6","13"
"御史中丞崔","7","6","13"
"命江浙行省","7","6","13"
"元二十八年","4","9","13"
"御史台中丞","8","5","13"
"御史台都事","7","6","13"
"为御史中丞","0","13","13"
"铁木儿补化","0","13","13"
"至元十七年","0","13","13"
"至元十六年","0","13","13"
"拜监察御史","0","13","13"
"由官府供给","0","13","13"
"赐予诸侯王","0","13","13"
"枢密院事务","0","13","13"
"诸侯王只必","0","13","13"
"的车驾从上","0","13","13"
"星干犯斗宿","0","13","13"
"干犯斗宿天","0","13","13"
"犯斗宿天区","0","13","13"
"星干犯太微","0","13","13"
"枢密院佥事","0","13","13"
"至元二十四","0","13","13"
"至元二十九","0","13","13"
"至元三十年","0","13","13"
"至正十一年","0","13","13"
"大圣寿万安","6","6","12"
"二万五千贯","6","6","12"
"湖广行省参","6","6","12"
"武宁王彻彻","6","6","12"
"宁王彻彻秃","6","6","12"
"北行省平章","6","6","12"
"四川行省参","6","6","12"
"淮东宣慰使","6","6","12"
"昭毅大将军","6","6","12"
"四川行省平","7","5","12"
"翰林侍读学","6","6","12"
"林侍读学士","6","6","12"
"宣慰司都元","7","5","12"
"慰司都元帅","7","5","12"
"东道肃政廉","5","7","12"
"道宣慰使都","6","6","12"
"十四年正月","6","6","12"
"西肃政廉访","6","6","12"
"兵部侍郎黑","6","6","12"
"路兵马都元","6","6","12"
"礼部员外郎","6","6","12"
"左丞相耶律","6","6","12"
"丞相耶律铸","6","6","12"
"太阴犯轩辕","12","0","12"
"四百五十两","6","6","12"
"万六千二百","6","6","12"
"总管府判官","6","6","12"
"护国仁王寺","6","6","12"
"监察御史劾","9","3","12"
"两浙大都督","6","6","12"
"东川行枢密","4","8","12"
"中赞金方庆","6","6","12"
"江西宣慰使","6","6","12"
"万一千六百","6","6","12"
"立行中书省","5","7","12"
"州路达鲁花","8","4","12"
"万二千五百","6","6","12"
"江淮行中书","4","8","12"
"淮行中书省","4","8","12"
"皇子北安王","7","5","12"
"纳速剌丁灭","6","6","12"
"速剌丁灭里","6","6","12"
"廉访司佥事","2","10","12"
"平章政事伯","5","7","12"
"齐王月鲁帖","6","6","12"
"月二十一日","3","9","12"
"四川囊加台","6","6","12"
"大承天护圣","6","6","12"
"南行台治书","6","6","12"
"淮南行省平","6","6","12"
"任命中书右","0","12","12"
"羊马价钱钞","0","12","12"
"粮食两个月","0","12","12"
"设立尚书省","0","12","12"
"诸侯王塔察","0","12","12"
"免除今年的","0","12","12"
"侯王只必帖","0","12","12"
"路发生旱灾","0","12","12"
"派遣使臣来","0","12","12"
"敕令中书省","0","12","12"
"尚书省大臣","0","12","12"
"钱钞一万锭","0","12","12"
"派遣使臣代","0","12","12"
"遣使臣代表","0","12","12"
"使臣代表皇","0","12","12"
"代表皇帝祭","0","12","12"
"表皇帝祭祀","0","12","12"
"司的治所迁","0","12","12"
"做佛事活动","0","12","12"
"淮西行枢密","4","7","11"
"河南等路宣","6","5","11"
"加荣禄大夫","6","5","11"
"佩三珠虎符","6","5","11"
"御史大夫脱","6","5","11"
"陕西行省平","5","6","11"
"威顺王宽彻","6","5","11"
"江西等处行","7","4","11"
"川行省平章","7","4","11"
"授镇国上将","6","5","11"
"应奉翰林文","6","5","11"
"奉翰林文字","6","5","11"
"河南行省参","6","5","11"
"置达鲁花赤","8","3","11"
"等处行尚书","8","3","11"
"处行尚书省","8","3","11"
"总帅汪良臣","5","6","11"
"天下户一百","11","0","11"
"七千五百两","5","6","11"
"都元帅阿术","6","5","11"
"尚书省臣言","11","0","11"
"荧惑犯太微","11","0","11"
"太微西垣上","9","2","11"
"微西垣上将","9","2","11"
"西道宣慰司","5","6","11"
"大夫玉速帖","5","6","11"
"夫玉速帖木","5","6","11"
"福建行中书","4","7","11"
"建行中书省","4","7","11"
"集贤直学士","7","4","11"
"江西行枢密","4","7","11"
"行御史台中","7","4","11"
"道廉访副使","6","5","11"
"枢密院同知","1","10","11"
"左右司都事","6","5","11"
"元二十三年","1","10","11"
"宗为皇太子","0","11","11"
"至元二十一","0","11","11"
"任翰林学士","0","11","11"
"至元十九年","0","11","11"
"侯王塔察儿","0","11","11"
"其余的全部","0","11","11"
"给高丽国王","0","11","11"
"十二月初二","0","11","11"
"执掌中书省","0","11","11"
"庙举行祭祀","0","11","11"
"臣代表皇帝","0","11","11"
"皇帝祭祀五","0","11","11"
"干犯垒壁阵","0","11","11"
"犯垒壁阵星","0","11","11"
"枢密院上奏","0","11","11"
"星干犯亢宿","0","11","11"
"干犯亢宿天","0","11","11"
"犯亢宿天区","0","11","11"
"免征今年的","0","11","11"
"至元十八年","0","11","11"
"赈济粮食一","0","11","11"
"粮食一个月","0","11","11"
"为江南行台","0","11","11"
"大明军队占","0","11","11"
"刘哈剌不花","0","11","11"
"鲁辉帖木儿","0","11","11"
"南等路宣慰","5","5","10"
"东提刑按察","5","5","10"
"市舶提举司","5","5","10"
"宣课提举司","5","5","10"
"千一百五十","5","5","10"
"军民安抚司","5","5","10"
"翊侍卫亲军","5","5","10"
"云南行省右","4","6","10"
"兵部员外郎","5","5","10"
"广行省参知","6","4","10"
"左司员外郎","5","5","10"
"等处宣慰司","7","3","10"
"献元圣皇后","5","5","10"
"白金五十两","5","5","10"
"北等处行中","5","5","10"
"授光禄大夫","5","5","10"
"授荣禄大夫","7","3","10"
"江南诸道行","5","5","10"
"南江北等处","5","5","10"
"江北等处行","5","5","10"
"南道宣慰使","5","5","10"
"丞相伯颜南","5","5","10"
"相伯颜南征","5","5","10"
"广东宣慰使","5","5","10"
"奎章阁大学","5","5","10"
"章阁大学士","5","5","10"
"绍兴路总管","5","5","10"
"尚书省平章","4","6","10"
"元三十一年","2","8","10"
"河北河南道","5","5","10"
"集贤侍读学","5","5","10"
"贤侍读学士","5","5","10"
"两浙都转运","5","5","10"
"中书左司都","5","5","10"
"书左司都事","5","5","10"
"阶中奉大夫","7","3","10"
"东西道提刑","5","5","10"
"都达鲁花赤","5","5","10"
"便宜都总帅","9","1","10"
"二年春正月","8","2","10"
"平章政事塔","5","5","10"
"诸王合必赤","8","2","10"
"平章政事赛","4","6","10"
"章政事赛典","4","6","10"
"政事赛典赤","4","6","10"
"王王禃遣使","10","0","10"
"二万五千两","5","5","10"
"复中书左丞","8","2","10"
"万七千五百","5","5","10"
"路总管府判","5","5","10"
"大护国仁王","5","5","10"
"千二百七十","5","5","10"
"千一百六十","5","5","10"
"皇子爱牙赤","5","5","10"
"皇子奥鲁赤","5","5","10"
"千六百七十","5","5","10"
"万七千八百","5","5","10"
"元帅张德润","5","5","10"
"淮东都元帅","5","5","10"
"制置使李庭","4","6","10"
"置使李庭芝","4","6","10"
"学士承旨撒","4","6","10"
"扬州都统姜","5","5","10"
"州都统姜才","5","5","10"
"万三千六百","5","5","10"
"议中赞金方","5","5","10"
"千三百五十","5","5","10"
"万二千二百","5","5","10"
"行大司农司","7","3","10"
"淮西宣慰使","5","5","10"
"宣慰使昂吉","5","5","10"
"平章政事哈","5","5","10"
"营田提举司","5","5","10"
"史大夫玉速","4","6","10"
"御史陈天祥","5","5","10"
"御史大夫月","5","5","10"
"御史大夫铁","5","5","10"
"右丞相铁木","5","5","10"
"四川行省左","5","5","10"
"左右司员外","5","5","10"
"江南行台治","5","5","10"
"中书左司郎","5","5","10"
"书左司郎中","5","5","10"
"政廉访司事","6","4","10"
"十九年二月","5","5","10"
"东廉访副使","5","5","10"
"相铁木迭儿","0","10","10"
"为开府仪同","0","10","10"
"铁木儿不花","0","10","10"
"钞一万五千","0","10","10"
"任御史中丞","0","10","10"
"任命中书左","0","10","10"
"至元二十三","0","10","10"
"为荣禄大夫","0","10","10"
"军队驻扎在","0","10","10"
"太祖十五年","0","10","10"
"尚书省事务","0","10","10"
"书省的事务","0","10","10"
"皇帝驻跸在","0","10","10"
"额各不相同","0","10","10"
"赐给高丽国","0","10","10"
"入朝觐见皇","0","10","10"
"奉上表章前","0","10","10"
"上表章前来","0","10","10"
"皇上下诏说","0","10","10"
"礻直派遣使","0","10","10"
"直派遣使臣","0","10","10"
"掌中书省事","0","10","10"
"国王陈光日","0","10","10"
"王陈光日丙","0","10","10"
"中书省上奏","0","10","10"
"给诸侯王阿","0","10","10"
"在太庙举行","0","10","10"
"太庙举行祭","0","10","10"
"全国共有一","0","10","10"
"国共有一百","0","10","10"
"干犯轩辕星","0","10","10"
"犯轩辕星座","0","10","10"
"阴星干犯房","0","10","10"
"石赈济饥民","0","10","10"
"归附的百姓","0","10","10"
"管中书省事","0","10","10"
"的治所迁到","0","10","10"
"以赈济饥民","0","10","10"
"来进贡地方","0","10","10"
"前来恭贺新","0","10","10"
"为行中书省","0","10","10"
"刑的罪犯共","0","10","10"
"密院上奏说","0","10","10"
"玉速帖木儿","0","10","10"
"帖木儿等人","0","10","10"
"命令有关部","0","10","10"
"明军队占领","0","10","10"
"南行台中丞","5","4","9"
"中书左丞张","5","4","9"
"命知枢密院","2","7","9"
"川行省参知","4","5","9"
"皇后弘吉剌","5","4","9"
"后弘吉剌氏","5","4","9"
"赐黄金五十","5","4","9"
"平章阿里海","5","4","9"
"章阿里海牙","5","4","9"
"知制诰同修","5","4","9"
"制诰同修国","5","4","9"
"诰同修国史","5","4","9"
"司都元帅府","5","4","9"
"授翰林学士","5","4","9"
"河南江北行","4","5","9"
"东廉访司事","7","2","9"
"十九年三月","4","5","9"
"一百五十两","3","6","9"
"福建宣慰使","4","5","9"
"阶光禄大夫","6","3","9"
"十一年三月","4","5","9"
"十路宣抚司","6","3","9"
"左丞张文谦","4","5","9"
"平章政事王","4","5","9"
"银七千五百","5","4","9"
"诸路转运司","6","3","9"
"都路达鲁花","5","4","9"
"王玉龙答失","5","4","9"
"犯轩辕大星","8","1","9"
"参知政事阿","4","5","9"
"万户解汝楫","4","5","9"
"陕西五路西","6","3","9"
"西五路西蜀","6","3","9"
"五路西蜀四","6","3","9"
"路西蜀四川","6","3","9"
"平章政事忽","5","4","9"
"事阿里海牙","5","4","9"
"安西王相府","4","5","9"
"湖广行中书","4","5","9"
"广行中书省","4","5","9"
"钞一万二千","3","6","9"
"宣慰司同知","4","5","9"
"钞二十万锭","5","4","9"
"令江浙行省","1","8","9"
"军民总管府","5","4","9"
"令监察御史","5","4","9"
"南江北行省","4","5","9"
"前中书平章","5","4","9"
"留守贺伯颜","5","4","9"
"御史观音保","4","5","9"
"昭献元圣皇","4","5","9"
"遣翰林学士","5","4","9"
"授昭勇大将","6","3","9"
"平章王文统","5","4","9"
"常礼仪院事","4","5","9"
"廉惠山海牙","1","8","9"
"御史台侍御","4","5","9"
"史台侍御史","4","5","9"
"西行台监察","5","4","9"
"元二十五年","1","8","9"
"皇帝在京师","0","9","9"
"任监察御史","0","9","9"
"按察司改为","0","9","9"
"雨伤害庄稼","0","9","9"
"为中书参知","0","9","9"
"为陕西行台","0","9","9"
"任命平章政","0","9","9"
"随丞相伯颜","0","9","9"
"任河南行省","0","9","9"
"为中奉大夫","0","9","9"
"秃鲁帖木儿","0","9","9"
"的妻子儿女","0","9","9"
"派遣使者前","0","9","9"
"十一月初三","0","9","9"
"五千两白银","0","9","9"
"朝觐见皇上","0","9","9"
"数量不等的","0","9","9"
"的世子王忄","0","9","9"
"中书省的事","0","9","9"
"以下的官员","0","9","9"
"行省上奏说","0","9","9"
"书省上奏说","0","9","9"
"给他们耕牛","0","9","9"
"他们的家属","0","9","9"
"上的车驾从","0","9","9"
"阴星干犯轩","0","9","9"
"给他们粮食","0","9","9"
"掌管中书省","0","9","9"
"的寿诞佳节","0","9","9"
"来恭贺新年","0","9","9"
"路发生水灾","0","9","9"
"品秩为正三","0","9","9"
"秩为正三品","0","9","9"
"星干犯垒壁","0","9","9"
"征今年的田","0","9","9"
"千名新附军","0","9","9"
"来进贡当地","0","9","9"
"阴星干犯鬼","0","9","9"
"至元二十八","0","9","9"
"临御大明殿","0","9","9"
"赈济粮食两","0","9","9"
"济粮食两个","0","9","9"
"济粮食一个","0","9","9"
"朝拜见皇帝","0","9","9"
"奕赫抵雅尔","0","9","9"
"赫抵雅尔丁","0","9","9"
"任刑部尚书","0","9","9"
"行都元帅府","5","3","8"
"南河北道提","4","4","8"
"河北道提刑","4","4","8"
"千四百五十","4","4","8"
"国王陈益稷","4","4","8"
"湖广等处行","4","4","8"
"湖南道宣慰","4","4","8"
"南道肃政廉","4","4","8"
"云南行省左","4","4","8"
"西行省右丞","4","4","8"
"钞万五千贯","8","0","8"
"辽阳行省平","4","4","8"
"阳行省平章","4","4","8"
"忠翊侍卫亲","4","4","8"
"钞五十万贯","4","4","8"
"亲王图帖睦","4","4","8"
"湘宁王八剌","4","4","8"
"宁王八剌失","4","4","8"
"御史大夫秃","4","4","8"
"陕西行省左","4","4","8"
"岭北行省平","4","4","8"
"高昌王铁木","4","4","8"
"宣靖王买奴","4","4","8"
"枢密院事秃","4","4","8"
"枢密院事铁","4","4","8"
"密院事铁木","4","4","8"
"赠资善大夫","4","4","8"
"西等处行中","5","3","8"
"河南江北等","4","4","8"
"山东路统军","4","4","8"
"侍卫都指挥","4","4","8"
"卫都指挥使","4","4","8"
"河南廉访司","4","4","8"
"丞相哈剌哈","3","5","8"
"相哈剌哈孙","3","5","8"
"知制诰修国","8","0","8"
"制诰修国史","8","0","8"
"御史台经历","4","4","8"
"行尚书省平","4","4","8"
"西路兵马都","4","4","8"
"路兵马都总","4","4","8"
"兵马都总管","4","4","8"
"等处都元帅","4","4","8"
"行御史台事","6","2","8"
"西行省左右","4","4","8"
"赠翰林学士","4","4","8"
"道巡行劝农","4","4","8"
"东道宣慰司","4","4","8"
"河东山西道","4","4","8"
"西汉中道提","4","4","8"
"汉中道提刑","4","4","8"
"中道提刑按","4","4","8"
"诸道行御史","5","3","8"
"道行御史台","5","3","8"
"上轻车都尉","4","4","8"
"东肃政廉访","4","4","8"
"户部尚书王","4","4","8"
"部尚书王巨","4","4","8"
"尚书王巨济","4","4","8"
"书省断事官","4","4","8"
"同知宣徽院","5","3","8"
"知宣徽院事","5","3","8"
"借礼部侍郎","4","4","8"
"礼部侍郎殷","4","4","8"
"部侍郎殷弘","4","4","8"
"二十一年三","4","4","8"
"河北西路兵","4","4","8"
"北西路兵马","4","4","8"
"中书令耶律","4","4","8"
"书令耶律楚","4","4","8"
"令耶律楚材","4","4","8"
"圣德神功文","4","4","8"
"德神功文武","4","4","8"
"神功文武皇","4","4","8"
"功文武皇帝","4","4","8"
"银万五千两","8","0","8"
"行省大都督","4","4","8"
"大名等路宣","3","5","8"
"名等路宣抚","3","5","8"
"都元帅钦察","4","4","8"
"江汉大都督","4","4","8"
"币帛二千匹","6","2","8"
"国王陈光昞","8","0","8"
"万户忽都虎","4","4","8"
"千七百五十","4","4","8"
"千四百二十","4","4","8"
"万九千一百","4","4","8"
"万六千四百","4","4","8"
"宋将昝万寿","4","4","8"
"银四百五十","4","4","8"
"皇子南木合","4","4","8"
"千六百五十","4","4","8"
"等路行中书","5","3","8"
"千九百九十","4","4","8"
"千五百九十","4","4","8"
"国子祭酒许","4","4","8"
"子祭酒许衡","4","4","8"
"国达鲁花赤","6","2","8"
"路行尚书省","5","3","8"
"万户阿剌罕","4","4","8"
"书省左右司","4","4","8"
"政事阿里海","4","4","8"
"北平王南木","4","4","8"
"平王南木合","4","4","8"
"千八百八十","4","4","8"
"经略使忻都","3","5","8"
"万五千四百","4","4","8"
"都元帅张德","4","4","8"
"遣礼部侍郎","4","4","8"
"皇子安西王","4","4","8"
"千八百五十","4","4","8"
"千一百八十","4","4","8"
"万一千一百","4","4","8"
"书省右丞相","2","6","8"
"江东宣慰使","4","4","8"
"西宣慰使昂","4","4","8"
"令阿里海牙","1","7","8"
"宗师张留孙","4","4","8"
"浙东宣慰使","4","4","8"
"云南都元帅","4","4","8"
"江淮行省左","4","4","8"
"淮行省左丞","4","4","8"
"高丽王王睶","8","0","8"
"蒙古侍卫亲","4","4","8"
"古侍卫亲军","4","4","8"
"一千五百锭","2","6","8"
"承旨撒里蛮","4","4","8"
"千五百二十","4","4","8"
"元帅綦公直","4","4","8"
"福建道宣慰","5","3","8"
"尚书右丞相","4","4","8"
"千二百五十","4","4","8"
"米二十万石","3","5","8"
"南国王陈日","3","5","8"
"行尚书省参","4","4","8"
"千五百七十","4","4","8"
"屯田万户府","4","4","8"
"万八千五百","4","4","8"
"军民安抚使","4","4","8"
"军都元帅府","4","4","8"
"山东廉访司","4","4","8"
"八百媳妇国","4","4","8"
"平章政事李","4","4","8"
"辽阳行省左","4","4","8"
"阳行省左丞","4","4","8"
"浙西廉访司","4","4","8"
"回回司天监","4","4","8"
"章政事伯颜","3","5","8"
"监察御史观","4","4","8"
"察御史观音","4","4","8"
"命御史大夫","3","5","8"
"史大夫铁失","4","4","8"
"镇西武靖王","4","4","8"
"隆镇卫指挥","4","4","8"
"镇卫指挥使","4","4","8"
"丞相倒剌沙","4","4","8"
"隆祥总管府","4","4","8"
"营缮提点所","4","4","8"
"察御史劾奏","5","3","8"
"撒吉思卜华","3","5","8"
"福建行省左","3","5","8"
"平章阿合马","4","4","8"
"行枢密副使","4","4","8"
"西汉中道肃","4","4","8"
"汉中道肃政","4","4","8"
"中道肃政廉","4","4","8"
"阶荣禄大夫","5","3","8"
"丞相搠思监","4","4","8"
"阶金紫光禄","4","4","8"
"丞相帖木迭","4","4","8"
"江浙行省丞","4","4","8"
"浙行省丞相","4","4","8"
"河东道廉访","4","4","8"
"西行台中丞","4","4","8"
"太师木华黎","4","4","8"
"两淮都转运","4","4","8"
"问民间疾苦","1","7","8"
"总管府推官","4","4","8"
"元二十二年","1","7","8"
"元年进士第","7","1","8"
"陕西行台监","4","4","8"
"脱忽思皇后","4","4","8"
"太祖十六年","1","7","8"
"朝廷内外官","0","8","8"
"归附于蒙古","0","8","8"
"了他的意见","0","8","8"
"均任参知政","0","8","8"
"为中书省参","0","8","8"
"大雨伤害庄","0","8","8"
"为集贤大学","0","8","8"
"钱钞一万五","0","8","8"
"一万五千贯","0","8","8"
"为吏部尚书","0","8","8"
"王帖木儿不","0","8","8"
"姓弘吉剌氏","0","8","8"
"为资善大夫","0","8","8"
"任江西行省","0","8","8"
"至元三十一","0","8","8"
"太祖十一年","0","8","8"
"太宗十三年","0","8","8"
"士兵一千人","0","8","8"
"一万五千两","0","8","8"
"行中书省上","0","8","8"
"命令诸侯王","0","8","8"
"派遣使臣奉","0","8","8"
"遣使臣奉上","0","8","8"
"使臣奉上表","0","8","8"
"臣奉上表章","0","8","8"
"行中书省的","0","8","8"
"使臣前来进","0","8","8"
"臣前来进贡","0","8","8"
"光日丙派遣","0","8","8"
"交纳给官府","0","8","8"
"路发生蝗灾","0","8","8"
"新归附的百","0","8","8"
"处置中书省","0","8","8"
"置中书省事","0","8","8"
"前来恭贺皇","0","8","8"
"遣使臣来进","0","8","8"
"赏赐诸侯王","0","8","8"
"十一月初二","0","8","8"
"帝的车驾临","0","8","8"
"一万名士卒","0","8","8"
"任枢密副使","0","8","8"
"立下战功的","0","8","8"
"五千名士卒","0","8","8"
"星干犯右执","0","8","8"
"干犯右执法","0","8","8"
"犯右执法星","0","8","8"
"惑星干犯太","0","8","8"
"干犯太微西","0","8","8"
"直接隶属于","0","8","8"
"重新隶属于","0","8","8"
"等人上奏说","0","8","8"
"帝祭祀五岳","0","8","8"
"蒙古军士兵","0","8","8"
"丽国王王忄","0","8","8"
"国王王忄甚","0","8","8"
"尚未归附的","0","8","8"
"按察司的治","0","8","8"
"察司的治所","0","8","8"
"治所迁移到","0","8","8"
"没收其家产","0","8","8"
"王王贝春派","0","8","8"
"王贝春派遣","0","8","8"
"秩禄升格为","0","8","8"
"桑哥上奏说","0","8","8"
"征伐安南的","0","8","8"
"星干犯氐宿","0","8","8"
"干犯氐宿天","0","8","8"
"犯氐宿天区","0","8","8"
"路发生饥馑","0","8","8"
"为金紫光禄","0","8","8"
"至元二十五","0","8","8"
"水伤害庄稼","0","8","8"
"枢密院官员","0","8","8"
"廉访司官员","0","8","8"
"星凌犯斗宿","0","8","8"
"司天监祭星","0","8","8"
"粮食予以赈","0","8","8"
"食予以赈济","0","8","8"
"燕铁木儿率","0","8","8"
"帖木儿领兵","0","8","8"
"拜延八都鲁","0","8","8"
"入朝拜见皇","0","8","8"
"铁木迭儿的","0","8","8"
"江南湖北道","4","3","7"
"财赋总管府","4","3","7"
"榷茶转运使","3","4","7"
"千七百四十","4","3","7"
"米四十万石","4","3","7"
"加平章政事","6","1","7"
"金二百五十","4","3","7"
"章政事赵世","4","3","7"
"陕西行中书","3","4","7"
"吏部员外郎","3","4","7"
"淮东宣慰司","3","4","7"
"平章政事速","5","2","7"
"王孛罗帖木","3","4","7"
"正二十五年","1","6","7"
"皇太后尊号","4","3","7"
"蒙古军都元","3","4","7"
"古军都元帅","3","4","7"
"钦察亲军都","4","3","7"
"察亲军都指","4","3","7"
"等处行枢密","4","3","7"
"处行枢密院","3","4","7"
"升参议中书","4","3","7"
"小云石海涯","2","5","7"
"淮西道宣慰","3","4","7"
"西道肃政廉","4","3","7"
"西廉访副使","3","4","7"
"遣礼部尚书","4","3","7"
"海道运粮万","4","3","7"
"道运粮万户","4","3","7"
"京路宣慰使","3","4","7"
"诏谕高丽国","7","0","7"
"谕高丽国王","5","2","7"
"一万五千人","1","6","7"
"蜀行中书省","3","4","7"
"巩昌路总帅","2","5","7"
"三年春正月","6","1","7"
"年春正月癸","7","0","7"
"年春正月乙","7","0","7"
"设达鲁花赤","6","1","7"
"银二十五万","4","3","7"
"千一百九十","3","4","7"
"银二百五十","4","3","7"
"京行中书省","3","4","7"
"平章赛典赤","4","3","7"
"祀五岳四渎","1","6","7"
"西夏中兴等","5","2","7"
"夏中兴等路","5","2","7"
"河南等路行","4","3","7"
"南等路行中","4","3","7"
"知政事阿里","3","4","7"
"宋将夏贵率","3","4","7"
"高丽世子王","6","1","7"
"遣兵部侍郎","3","4","7"
"淄莱路总管","4","3","7"
"守将吕文焕","2","5","7"
"中书右丞阿","3","4","7"
"淮东制置使","3","4","7"
"命云南行省","3","4","7"
"枢密副使张","4","3","7"
"密副使张易","4","3","7"
"汉天师张宗","4","3","7"
"置行中书省","3","4","7"
"扬州行中书","2","5","7"
"钞二万一千","4","3","7"
"江淮行省平","3","4","7"
"淮行省平章","3","4","7"
"章政事阿里","3","4","7"
"史中丞崔彧","7","0","7"
"西行省参政","4","3","7"
"命翰林学士","1","6","7"
"等路宣慰司","4","3","7"
"蒙古都万户","4","3","7"
"湖广行省右","3","4","7"
"广行省右丞","3","4","7"
"劝农营田司","3","4","7"
"尚书省参知","2","5","7"
"御史台监察","2","5","7"
"南提刑按察","3","4","7"
"西道廉访司","4","3","7"
"千五百余锭","3","4","7"
"常礼仪院使","4","3","7"
"赐钞五千贯","4","3","7"
"御史大夫纽","4","3","7"
"史大夫纽泽","4","3","7"
"学士承旨阿","4","3","7"
"林国史院官","3","4","7"
"诸王忽剌台","5","2","7"
"九月十三日","2","5","7"
"十八年正月","3","4","7"
"哈丹秃鲁干","3","4","7"
"路总管府达","3","4","7"
"十三年正月","4","3","7"
"佥行枢密院","4","3","7"
"十二年正月","2","5","7"
"加光禄大夫","4","3","7"
"宋将张世杰","3","4","7"
"月二十五日","1","6","7"
"授平章政事","3","4","7"
"河南道提刑","3","4","7"
"南道提刑按","3","4","7"
"十一年正月","3","4","7"
"建道宣慰使","4","3","7"
"命御史中丞","1","6","7"
"户部员外郎","4","3","7"
"正二十四年","1","6","7"
"玄教大宗师","4","3","7"
"向世祖报告","0","7","7"
"连降大雨伤","0","7","7"
"降大雨伤害","0","7","7"
"为昭文馆大","0","7","7"
"为太皇太后","0","7","7"
"为江西行省","0","7","7"
"设立行枢密","0","7","7"
"拜御史中丞","0","7","7"
"任湖广行省","0","7","7"
"任江南行台","0","7","7"
"罗帖木儿为","0","7","7"
"知制诰兼修","0","7","7"
"制诰兼修国","0","7","7"
"诰兼修国史","0","7","7"
"为镇国上将","0","7","7"
"为翰林待制","0","7","7"
"任吏部尚书","0","7","7"
"为治书侍御","0","7","7"
"为户部尚书","0","7","7"
"世子陈日火","0","7","7"
"大军驻扎在","0","7","7"
"又重新叛变","0","7","7"
"太祖十三年","0","7","7"
"太祖二十一","0","7","7"
"祖二十一年","0","7","7"
"抄没他的家","0","7","7"
"没他的家产","0","7","7"
"星白昼出现","0","7","7"
"陈光日丙派","0","7","7"
"便宜行事都","0","7","7"
"宜行事都总","0","7","7"
"行事都总帅","0","7","7"
"部下有功的","0","7","7"
"有功的将士","0","7","7"
"五百两白银","0","7","7"
"州发生旱灾","0","7","7"
"让他们返回","0","7","7"
"为国子祭酒","0","7","7"
"白银五千两","0","7","7"
"禄为正三品","0","7","7"
"免除他们的","0","7","7"
"州发生蝗灾","0","7","7"
"石粮食赈济","0","7","7"
"和原来一样","0","7","7"
"入朝做人质","0","7","7"
"从上都来到","0","7","7"
"派遣他的大","0","7","7"
"按照每年的","0","7","7"
"每年的常例","0","7","7"
"阴星干犯斗","0","7","7"
"使臣来进贡","0","7","7"
"担任中书省","0","7","7"
"的士兵一千","0","7","7"
"干犯轩辕座","0","7","7"
"路发生饥荒","0","7","7"
"米赈济他们","0","7","7"
"的行中书省","0","7","7"
"任御史大夫","0","7","7"
"敕令枢密院","0","7","7"
"从上都抵达","0","7","7"
"为行枢密院","0","7","7"
"粮食赈济饥","0","7","7"
"食赈济饥民","0","7","7"
"的行枢密院","0","7","7"
"向太庙敬献","0","7","7"
"同数额的银","0","7","7"
"一万名士兵","0","7","7"
"宣慰使之职","0","7","7"
"带着诏书前","0","7","7"
"潭州行中书","0","7","7"
"属于云南行","0","7","7"
"的治所迁移","0","7","7"
"赐给钱钞一","0","7","7"
"前来进贡当","0","7","7"
"进贡当地特","0","7","7"
"贡当地特产","0","7","7"
"的秩禄升格","0","7","7"
"县发生水灾","0","7","7"
"阿合马专权","0","7","7"
"三千锭钱钞","0","7","7"
"至元二十二","0","7","7"
"在皇帝面前","0","7","7"
"湖广行省的","0","7","7"
"隶属于湖广","0","7","7"
"属于湖广行","0","7","7"
"于湖广行省","0","7","7"
"阴星干犯氐","0","7","7"
"抄没其家产","0","7","7"
"星凌犯垒壁","0","7","7"
"凌犯垒壁阵","0","7","7"
"星凌犯井宿","0","7","7"
"进贡当地物","0","7","7"
"咬儿哈的迷","0","7","7"
"儿哈的迷失","0","7","7"
"下令有关部","0","7","7"
"同意这项提","0","7","7"
"意这项提议","0","7","7"
"为怀远大将","0","7","7"
"认为他说得","0","7","7"
"以减轻人民","0","7","7"
"任陕西行台","0","7","7"
"王月璐不花","0","7","7"
"人民起义反","0","7","7"
"郝和尚拔都","0","7","7"
"枢密院事燕","3","3","6"
"等路宣抚司","4","2","6"
"枢密院断事","3","3","6"
"密院断事官","3","3","6"
"东左副都元","3","3","6"
"榷茶都转运","3","3","6"
"南京宣慰司","3","3","6"
"帝师八合思","3","3","6"
"福建闽海道","3","3","6"
"河西陇北道","3","3","6"
"刑按察司副","3","3","6"
"按察司副使","3","3","6"
"临安广西道","3","3","6"
"江西榷茶转","2","4","6"
"西榷茶转运","2","4","6"
"道儒学提举","3","3","6"
"儒学提举司","3","3","6"
"匠都总管府","3","3","6"
"参知政事忻","3","3","6"
"知政事忻都","3","3","6"
"参议尚书省","3","3","6"
"议尚书省事","3","3","6"
"一百四十七","2","4","6"
"南国王陈益","3","3","6"
"千九百七十","3","3","6"
"平章政事麦","3","3","6"
"章政事麦术","3","3","6"
"政事麦术丁","3","3","6"
"史大夫脱欢","3","3","6"
"江西行省右","3","3","6"
"诸王彻彻秃","4","2","6"
"钞七十五万","3","3","6"
"西道廉访使","3","3","6"
"万三千五百","3","3","6"
"北行中书省","3","3","6"
"河间盐运司","3","3","6"
"枢密院事火","3","3","6"
"密院事火沙","3","3","6"
"中书断事官","3","3","6"
"镇南王帖木","3","3","6"
"福建廉访使","3","3","6"
"章政事秃坚","3","3","6"
"龙翔集庆寺","3","3","6"
"木知枢密院","6","0","6"
"太子爱猷识","3","3","6"
"子爱猷识理","3","3","6"
"爱猷识理达","3","3","6"
"猷识理达腊","3","3","6"
"仪天兴圣慈","3","3","6"
"天兴圣慈仁","3","3","6"
"兴圣慈仁昭","3","3","6"
"圣慈仁昭懿","3","3","6"
"慈仁昭懿寿","3","3","6"
"仁昭懿寿元","3","3","6"
"文宗天历初","3","3","6"
"授奉训大夫","4","2","6"
"河南行中书","3","3","6"
"赠推忠佐理","3","3","6"
"追封魏国公","3","3","6"
"左卫亲军都","3","3","6"
"蒙古军都万","3","3","6"
"古军都万户","3","3","6"
"迁江西行省","5","1","6"
"太禧宗禋院","6","0","6"
"文集若干卷","3","3","6"
"佥都元帅府","3","3","6"
"中书右司员","3","3","6"
"书右司员外","3","3","6"
"中书右司郎","3","3","6"
"书右司郎中","3","3","6"
"大名路总管","3","3","6"
"太原路总管","3","3","6"
"北辽东道提","3","3","6"
"辽东道提刑","3","3","6"
"南河北道肃","3","3","6"
"河北道肃政","3","3","6"
"总管万户府","3","3","6"
"蒙古汉军都","3","3","6"
"左丞汪惟正","3","3","6"
"淮东道宣慰","3","3","6"
"赐金五十两","4","2","6"
"湖北道提刑","3","3","6"
"湖北道肃政","3","3","6"
"山南江北道","3","3","6"
"南江北道肃","3","3","6"
"江北道肃政","3","3","6"
"宋礼部侍郎","3","3","6"
"授奉议大夫","4","2","6"
"南诸道行御","3","3","6"
"中书省右司","3","3","6"
"广行省左右","3","3","6"
"赠资德大夫","3","3","6"
"追封鲁国公","3","3","6"
"浙都转运盐","3","3","6"
"枢密院都事","3","3","6"
"淮东廉访司","3","3","6"
"人匠总管府","3","3","6"
"十一年十一","2","4","6"
"一年十一月","2","4","6"
"等奉表入朝","4","2","6"
"武德将军统","3","3","6"
"武略将军副","3","3","6"
"略将军副统","3","3","6"
"十七年二月","3","3","6"
"礼部尚书柴","3","3","6"
"部尚书柴椿","3","3","6"
"工部员外郎","3","3","6"
"成吉思皇帝","4","2","6"
"木华黎承制","6","0","6"
"乌古孙仲端","2","4","6"
"燕京路宣慰","3","3","6"
"礼部郎中孟","3","3","6"
"部郎中孟甲","3","3","6"
"八百三十三","3","3","6"
"百三十三两","3","3","6"
"诏行中书省","5","1","6"
"右丞相史天","3","3","6"
"昌路总帅汪","2","4","6"
"路总帅汪惟","2","4","6"
"指挥使李伯","3","3","6"
"大司农姚枢","3","3","6"
"章政事赵璧","3","3","6"
"左三部尚书","3","3","6"
"尚书怯烈门","3","3","6"
"十一万八千","3","3","6"
"万户严忠范","3","3","6"
"命行中书省","2","4","6"
"东路经略使","3","3","6"
"都督撒吉思","3","3","6"
"陈光昞遣使","6","0","6"
"授礼部尚书","4","2","6"
"元帅阔阔带","3","3","6"
"定路达鲁花","5","1","6"
"千九百二十","3","3","6"
"王王禃遣臣","6","0","6"
"万一千八百","3","3","6"
"礼部尚书马","3","3","6"
"万三千一百","3","3","6"
"山东经略司","3","3","6"
"元年春正月","4","2","6"
"西京宣慰司","3","3","6"
"太阴犯南斗","6","0","6"
"等二十三人","3","3","6"
"犯轩辕御女","4","2","6"
"一百九十五","3","3","6"
"真定路总管","3","3","6"
"十九万七千","3","3","6"
"千二百八十","3","3","6"
"太白犯轩辕","6","0","6"
"云南王忽哥","3","3","6"
"南王忽哥赤","3","3","6"
"诏谕安南国","5","1","6"
"御史中丞阿","3","3","6"
"参知政事杨","3","3","6"
"怀孟路总管","3","3","6"
"万一千三百","3","3","6"
"千六百二十","3","3","6"
"丽世子王愖","6","0","6"
"十八万四千","3","3","6"
"万户张弘范","3","3","6"
"鹰坊总管府","3","3","6"
"惑犯太微西","6","0","6"
"万八千六百","3","3","6"
"徒单公履等","3","3","6"
"阿里海牙督","3","3","6"
"太常卿合丹","3","3","6"
"太子赞善王","3","3","6"
"子赞善王恂","3","3","6"
"征东招讨使","3","3","6"
"万五千五百","3","3","6"
"忽都鲁揭里","3","3","6"
"都鲁揭里迷","3","3","6"
"鲁揭里迷失","3","3","6"
"符宝郎董文","3","3","6"
"宝郎董文忠","3","3","6"
"元帅杨文安","3","3","6"
"千八百九十","3","3","6"
"千四百一十","3","3","6"
"宋沿江制置","4","2","6"
"副都元帅张","3","3","6"
"蒙古军二千","4","2","6"
"襄阳统军司","3","3","6"
"书右丞阿里","3","3","6"
"东制置使李","3","3","6"
"行中书省请","3","3","6"
"国信使廉希","3","3","6"
"信使廉希贤","3","3","6"
"阿里海牙入","4","2","6"
"阿里海牙调","3","3","6"
"脱博忽鲁秃","3","3","6"
"博忽鲁秃花","3","3","6"
"万三千八百","3","3","6"
"宋扬州都统","4","2","6"
"千八百二十","3","3","6"
"贞懿顺圣昭","3","3","6"
"懿顺圣昭天","3","3","6"
"顺圣昭天睿","3","3","6"
"圣昭天睿文","3","3","6"
"昭天睿文光","3","3","6"
"天睿文光应","3","3","6"
"睿文光应皇","3","3","6"
"文光应皇后","3","3","6"
"万七千七百","3","3","6"
"浙大都督府","3","3","6"
"六百七十二","3","3","6"
"嗣汉天师张","4","2","6"
"卫亲军千户","3","3","6"
"十二万五千","3","3","6"
"千五百六十","3","3","6"
"道宣慰使阿","3","3","6"
"诸王昔里吉","4","2","6"
"福建路宣慰","3","3","6"
"建路宣慰使","3","3","6"
"安抚使杨邦","2","4","6"
"抚使杨邦宪","2","4","6"
"二万一千六","3","3","6"
"左丞吕师夔","3","3","6"
"州安抚使王","3","3","6"
"同知大都路","4","2","6"
"左丞董文炳","3","3","6"
"钞二千五百","3","3","6"
"千九百五十","3","3","6"
"新附军千人","6","0","6"
"中书省臣请","6","0","6"
"千一百二十","3","3","6"
"附军五百人","3","3","6"
"国王王睶遣","6","0","6"
"佥议中赞金","2","4","6"
"一万二千五","2","4","6"
"北庭都护府","3","3","6"
"七百八十三","3","3","6"
"二万一千五","3","3","6"
"士承旨撒里","2","4","6"
"四千九百四","3","3","6"
"千九百四十","3","3","6"
"大都留守司","3","3","6"
"道宣慰司同","3","3","6"
"宜都总帅府","5","1","6"
"江淮行省参","3","3","6"
"阿合马专政","3","3","6"
"行中书省丞","2","4","6"
"中书省丞相","2","4","6"
"宣慰使史弼","3","3","6"
"二十一年春","2","4","6"
"日烜遣中大","6","0","6"
"烜遣中大夫","6","0","6"
"遣中大夫陈","4","2","6"
"征东招讨司","3","3","6"
"市舶都转运","3","3","6"
"运使卢世荣","3","3","6"
"鲁迷失海牙","3","3","6"
"千七百二十","3","3","6"
"东宣慰使月","3","3","6"
"参政杨居宽","3","3","6"
"右丞卢世荣","3","3","6"
"江淮行枢密","3","3","6"
"万六千五百","3","3","6"
"千六百三十","3","3","6"
"立大司农司","3","3","6"
"命湖广行省","3","3","6"
"木平章政事","6","0","6"
"书侍御史陈","3","3","6"
"侍御史陈天","3","3","6"
"辽阳等处行","4","2","6"
"平章政事二","3","3","6"
"六千二百锭","3","3","6"
"四千三百二","3","3","6"
"阿鲁浑撒里","3","3","6"
"犯太微东垣","3","3","6"
"东道宣慰副","3","3","6"
"行尚书省节","3","3","6"
"尚书省节制","3","3","6"
"中大夫陈克","3","3","6"
"章政事秃满","3","3","6"
"浙西宣慰使","3","3","6"
"尚书省参政","3","3","6"
"东东西道提","3","3","6"
"二万二千八","3","3","6"
"十一万五千","3","3","6"
"礼部尚书张","3","3","6"
"命辽阳行省","3","3","6"
"幸大圣寿万","3","3","6"
"州军民安抚","3","3","6"
"万九千三百","3","3","6"
"史大夫月鲁","4","2","6"
"信合纳帖音","3","3","6"
"行枢密院官","2","4","6"
"三十一年春","3","3","6"
"右丞相完泽","3","3","6"
"庄懿慈圣皇","3","3","6"
"懿慈圣皇后","3","3","6"
"三年十二月","2","4","6"
"政事赵世延","3","3","6"
"章政事李孟","3","3","6"
"二千五百贯","3","3","6"
"平章政事买","3","3","6"
"帝师八思巴","3","3","6"
"学士忽都鲁","3","3","6"
"秦州成纪县","3","3","6"
"西行御史台","1","5","6"
"昌王八剌失","3","3","6"
"学士承旨斡","3","3","6"
"大天源延圣","3","3","6"
"天源延圣寺","3","3","6"
"都水庸田使","3","3","6"
"立行都水监","3","3","6"
"王斡耳朵罕","3","3","6"
"翼献景孝皇","3","3","6"
"献景孝皇帝","3","3","6"
"仁献章圣皇","3","3","6"
"献章圣皇后","3","3","6"
"丞相燕铁木","3","3","6"
"章政事哈八","3","3","6"
"文献昭圣皇","3","3","6"
"献昭圣皇后","3","3","6"
"镇南王铁木","3","3","6"
"左丞相倒剌","3","3","6"
"枢密副使阿","3","3","6"
"御史大夫先","6","0","6"
"史大夫先帖","6","0","6"
"大夫先帖木","6","0","6"
"东路蒙古元","3","3","6"
"路蒙古元帅","3","3","6"
"殿中侍御史","3","3","6"
"置行枢密院","4","2","6"
"皇弟燕帖古","3","3","6"
"弟燕帖古思","3","3","6"
"郯王彻彻秃","3","3","6"
"川行省左丞","3","3","6"
"虎都铁木禄","2","4","6"
"丞相伯颜渡","3","3","6"
"刑按察司改","2","4","6"
"宗王旭烈兀","3","3","6"
"赐白金五十","3","3","6"
"建行省左丞","2","4","6"
"十一年九月","2","4","6"
"十六年二月","2","4","6"
"授集贤学士","2","4","6"
"宋将孙虎臣","3","3","6"
"枢密副使孛","3","3","6"
"密副使孛罗","3","3","6"
"枢密院经历","3","3","6"
"奕赫抵雅丁","6","0","6"
"南台御史大","3","3","6"
"大都路达鲁","3","3","6"
"同知太常礼","3","3","6"
"知太常礼仪","3","3","6"
"迁御史中丞","5","1","6"
"右丞相搠思","3","3","6"
"加金紫光禄","4","2","6"
"丞相达识帖","3","3","6"
"相达识帖睦","3","3","6"
"右丞相帖木","3","3","6"
"浙西肃政廉","3","3","6"
"浙行省左右","3","3","6"
"达识帖木迩","3","3","6"
"右丞相脱脱","3","3","6"
"御史台照磨","3","3","6"
"州管内观察","3","3","6"
"管内观察使","3","3","6"
"知中山府事","3","3","6"
"北河南道提","3","3","6"
"云南行省参","3","3","6"
"辅国上将军","3","3","6"
"四川北道宣","3","3","6"
"川北道宣慰","3","3","6"
"丞相伯颜伐","3","3","6"
"相伯颜伐宋","3","3","6"
"辽阳行省右","2","4","6"
"阳行省右丞","2","4","6"
"升翰林学士","4","2","6"
"总管府同知","1","5","6"
"省左右司都","3","3","6"
"平章要束木","3","3","6"
"四川道提刑","3","3","6"
"川道提刑按","3","3","6"
"史大夫玉昔","3","3","6"
"大夫玉昔帖","3","3","6"
"夫玉昔帖木","3","3","6"
"行御史台侍","3","3","6"
"御史中丞杨","3","3","6"
"史中丞杨朵","3","3","6"
"大都路儒学","3","3","6"
"中书省检校","3","3","6"
"陕西行台治","3","3","6"
"西行台治书","3","3","6"
"抚州路总管","3","3","6"
"饶州路总管","3","3","6"
"路总管府推","3","3","6"
"十二年二月","3","3","6"
"十五年正月","2","4","6"
"命孛罗帖木","3","3","6"
"二十四年正","3","3","6"
"秘书监赵良","3","3","6"
"书监赵良弼","3","3","6"
"年五十九岁","0","6","6"
"因母亲去世","0","6","6"
"所说的那样","0","6","6"
"路的宣抚司","0","6","6"
"改为宣慰司","0","6","6"
"总管府改为","0","6","6"
"任命知枢密","0","6","6"
"也孙铁木儿","0","6","6"
"钱钞五十万","0","6","6"
"铁木儿等人","0","6","6"
"王图帖睦尔","0","6","6"
"枢密院事也","0","6","6"
"钱钞二千锭","0","6","6"
"至正二十五","0","6","6"
"任四川行省","0","6","6"
"承袭父职为","0","6","6"
"拜翰林学士","0","6","6"
"拜为监察御","0","6","6"
"部侍郎黑的","0","6","6"
"押剌伊而部","0","6","6"
"派遣使者来","0","6","6"
"击败了他们","0","6","6"
"太祖十七年","0","6","6"
"方面的事务","0","6","6"
"并下诏晓谕","0","6","6"
"诸侯王和百","0","6","6"
"侯王和百官","0","6","6"
"太白金星白","0","6","6"
"白金星白昼","0","6","6"
"金星白昼出","0","6","6"
"月二十八日","0","6","6"
"给诸侯王塔","0","6","6"
"为中书省右","0","6","6"
"千五百两白","0","6","6"
"带花纹的绸","0","6","6"
"花纹的绸缎","0","6","6"
"五十两白银","0","6","6"
"今年的赋税","0","6","6"
"星干犯昴宿","0","6","6"
"诸侯王合必","0","6","6"
"侯王合必赤","0","6","6"
"高丽派遣使","0","6","6"
"丽派遣使臣","0","6","6"
"率领二千名","0","6","6"
"用畏吾儿文","0","6","6"
"畏吾儿文字","0","6","6"
"部下的将士","0","6","6"
"州发生饥荒","0","6","6"
"日丙派遣使","0","6","6"
"丙派遣使臣","0","6","6"
"派遣使臣进","0","6","6"
"遣使臣进贡","0","6","6"
"戍守青居山","0","6","6"
"诸侯王黄金","0","6","6"
"皇上未予允","0","6","6"
"设置镇守官","0","6","6"
"登记入籍的","0","6","6"
"命他的儿子","0","6","6"
"等人的军队","0","6","6"
"因为诸侯王","0","6","6"
"驾从上都来","0","6","6"
"粮食赈济他","0","6","6"
"举行祭祀大","0","6","6"
"行祭祀大典","0","6","6"
"上的车驾临","0","6","6"
"官仓的粮食","0","6","6"
"设立宣慰司","0","6","6"
"的车驾返回","0","6","6"
"祭祀五岳四","0","6","6"
"金星干犯轩","0","6","6"
"阴星干犯天","0","6","6"
"隶属于宣徽","0","6","6"
"属于宣徽院","0","6","6"
"设立御史台","0","6","6"
"被处以死刑","0","6","6"
"任命御史中","0","6","6"
"为枢密副使","0","6","6"
"范文虎率领","0","6","6"
"有一百九十","0","6","6"
"诏书去招降","0","6","6"
"驾从上都抵","0","6","6"
"他们返回本","0","6","6"
"的粮食赈济","0","6","6"
"敕命枢密院","0","6","6"
"诸侯王忽剌","0","6","6"
"除今年的田","0","6","6"
"数额的银两","0","6","6"
"的蒙古军士","0","6","6"
"军打得大败","0","6","6"
"着诏书前去","0","6","6"
"诏书前去招","0","6","6"
"书前去招降","0","6","6"
"宋朝皇帝的","0","6","6"
"名蒙古军士","0","6","6"
"上都抵达京","0","6","6"
"都抵达京师","0","6","6"
"请求颁发诏","0","6","6"
"颁发诏书招","0","6","6"
"发诏书招降","0","6","6"
"千名侍卫军","0","6","6"
"至元十五年","0","6","6"
"学士兼国子","0","6","6"
"士兼国子祭","0","6","6"
"行御史台的","0","6","6"
"隶属于云南","0","6","6"
"屯田的士兵","0","6","6"
"新附军士兵","0","6","6"
"建造征伐日","0","6","6"
"造征伐日本","0","6","6"
"给钱钞一万","0","6","6"
"帝在京师的","0","6","6"
"在京师的近","0","6","6"
"京师的近郊","0","6","6"
"三个月粮食","0","6","6"
"伐日本的军","0","6","6"
"于云南行省","0","6","6"
"诸侯王出伯","0","6","6"
"中书省和御","0","6","6"
"书省和御史","0","6","6"
"星干犯左执","0","6","6"
"干犯左执法","0","6","6"
"犯左执法星","0","6","6"
"命令江浙行","0","6","6"
"陈日火亘派","0","6","6"
"日火亘派遣","0","6","6"
"阴星干犯亢","0","6","6"
"平章政事也","0","6","6"
"同意这项奏","0","6","6"
"意这项奏请","0","6","6"
"不花帖木儿","0","6","6"
"御史大夫也","0","6","6"
"史大夫也先","0","6","6"
"大夫也先帖","0","6","6"
"夫也先帖木","0","6","6"
"杖责一百零","0","6","6"
"责一百零七","0","6","6"
"一百零七板","0","6","6"
"其妻子儿女","0","6","6"
"月璐不花为","0","6","6"
"燕铁木儿奏","0","6","6"
"铁木儿奏请","0","6","6"
"木儿奏请将","0","6","6"
"至正十八年","0","6","6"
"为参议中书","0","6","6"
"百姓安居乐","0","6","6"
"姓安居乐业","0","6","6"
"为资德大夫","0","6","6"
"又随大军攻","0","6","6"
"减轻人民负","0","6","6"
"轻人民负担","0","6","6"
"为光禄大夫","0","6","6"
"拜中书右丞","0","6","6"
"年六十三岁","0","6","6"
"调任江西行","0","6","6"
"为同知枢密","0","6","6"
"皇帝讲解经","0","6","6"
"朵尔直班为","0","6","6"
"民起义反元","0","6","6"
"掀起反元斗","0","6","6"
"起反元斗争","0","6","6"
"至正十七年","0","6","6"
"至正二十四","0","6","6"
"罗帖木儿的","0","6","6"
"采纳了他的","0","6","6"
"年五十三岁","0","6","6"
"年七十八岁","0","6","6"
"升为江南行","0","6","6"
"任中书左司","0","6","6"
"师八合思八","3","2","5"
"遣参知政事","3","2","5"
"一万二千八","2","3","5"
"进开府仪同","4","1","5"
"江南浙西道","2","3","5"
"浙西道廉访","3","2","5"
"三千五百人","2","3","5"
"王月鲁铁木","3","2","5"
"授开府仪同","3","2","5"
"江南行台中","3","2","5"
"钞千五百锭","5","0","5"
"参知政事马","3","2","5"
"授中书左丞","3","2","5"
"蒙古军万户","2","3","5"
"前御史中丞","3","2","5"
"台知枢密院","3","2","5"
"御史台赃罚","4","1","5"
"云南威楚路","3","2","5"
"卜鲁罕皇后","2","3","5"
"皇太子爱猷","3","2","5"
"奉玉册玉宝","3","2","5"
"赠推忠宣力","3","2","5"
"右卫阿速亲","3","2","5"
"卫阿速亲军","3","2","5"
"阿速亲军都","3","2","5"
"速亲军都指","3","2","5"
"升四川行省","3","2","5"
"佥河南廉访","3","2","5"
"南廉访司事","3","2","5"
"河南行省右","2","3","5"
"赠金紫光禄","2","3","5"
"元帅张弘范","2","3","5"
"佥行中书省","3","2","5"
"改江浙行省","5","0","5"
"宣抚使廉希","3","2","5"
"抚使廉希宪","3","2","5"
"湖广平章政","2","3","5"
"广平章政事","2","3","5"
"道宣慰司事","3","2","5"
"授中议大夫","3","2","5"
"书省右司都","2","3","5"
"省右司都事","2","3","5"
"行御史台治","2","3","5"
"除翰林学士","5","0","5"
"廉访司书吏","3","2","5"
"粮十七万石","3","2","5"
"二千五百人","2","3","5"
"元帅左都监","3","2","5"
"元帅石天应","2","3","5"
"太师国王木","3","2","5"
"师国王木华","3","2","5"
"州等处都元","3","2","5"
"皇孙失烈门","2","3","5"
"四川制置使","2","3","5"
"立十路宣抚","3","2","5"
"书左丞张文","3","2","5"
"运米十万石","3","2","5"
"四川宣抚司","2","3","5"
"益都等路宣","3","2","5"
"泽监修国史","3","2","5"
"章政事王文","2","3","5"
"政事王文统","2","3","5"
"军民达鲁花","3","2","5"
"民达鲁花赤","3","2","5"
"陕西四川行","4","1","5"
"提举学校官","3","2","5"
"水军万户解","2","3","5"
"顺德等路宣","3","2","5"
"德等路宣慰","3","2","5"
"宋制置夏贵","3","2","5"
"书省左右部","2","3","5"
"一百五十八","2","3","5"
"王陈光昞遣","5","0","5"
"银二万五千","4","1","5"
"北京行中书","2","3","5"
"万九千九百","3","2","5"
"复中书右丞","5","0","5"
"陕西五路四","3","2","5"
"西五路四川","3","2","5"
"五路四川行","3","2","5"
"太阴犯天关","5","0","5"
"一百六十五","2","3","5"
"六年春正月","4","1","5"
"章政事忽都","2","3","5"
"书右丞相伯","2","3","5"
"宋将范文虎","3","2","5"
"巡行劝农使","3","2","5"
"下户一百九","5","0","5"
"户一百九十","5","0","5"
"八年春正月","4","1","5"
"陕西四川道","3","2","5"
"西蜀四川行","3","2","5"
"四月十三日","1","4","5"
"阿里海牙等","2","3","5"
"巩昌二十四","4","1","5"
"襄阳生券军","3","2","5"
"诸王百官朝","4","1","5"
"高丽军民总","3","2","5"
"丽军民总管","3","2","5"
"代祀岳渎后","5","0","5"
"祀岳渎后土","5","0","5"
"星犯垒壁阵","5","0","5"
"宋淮西制置","3","2","5"
"丽国王王愖","5","0","5"
"签枢密院事","5","0","5"
"阿里海牙军","4","1","5"
"丞相陈宜中","2","3","5"
"诏遣使招谕","5","0","5"
"右丞阿里海","3","2","5"
"参政董文炳","3","2","5"
"命枢密副使","4","1","5"
"千二百一十","2","3","5"
"太白犯南斗","5","0","5"
"州安抚使田","2","3","5"
"安抚使田景","2","3","5"
"抚使田景贤","2","3","5"
"行江东道宣","5","0","5"
"宣慰使吕文","2","3","5"
"慰使吕文焕","2","3","5"
"播州安抚使","2","3","5"
"州安抚使杨","2","3","5"
"蒙古军千人","5","0","5"
"参知政事李","2","3","5"
"新附军五百","3","2","5"
"新附军五千","4","1","5"
"一千一百六","1","4","5"
"万七千三百","2","3","5"
"年春正月戊","5","0","5"
"帅綦公直军","3","2","5"
"袭封衍圣公","3","2","5"
"马八国遣使","5","0","5"
"中丞崔彧言","5","0","5"
"三道宣慰司","3","2","5"
"诸王相吾答","4","1","5"
"立征东行中","2","3","5"
"路屯田总管","3","2","5"
"浙西宣慰司","2","3","5"
"舶都转运司","3","2","5"
"北京宣慰司","2","3","5"
"江西行中书","1","4","5"
"司都转运使","5","0","5"
"甘州行中书","2","3","5"
"行枢密院都","2","3","5"
"南行枢密院","3","2","5"
"江淮行省忙","3","2","5"
"淮行省忙兀","3","2","5"
"行省忙兀带","3","2","5"
"钞二万九千","3","2","5"
"太阴犯东井","5","0","5"
"万四千三百","3","2","5"
"百一十四人","1","4","5"
"功德使司事","3","2","5"
"太微东垣上","3","2","5"
"微东垣上相","3","2","5"
"米十五万石","4","1","5"
"镇南王诸军","5","0","5"
"道劝农营田","2","3","5"
"尚书省左丞","2","3","5"
"史台监察御","2","3","5"
"命甘肃行省","2","3","5"
"人匠提举司","3","2","5"
"西提刑按察","2","3","5"
"兴路总管府","2","3","5"
"北道宣慰司","3","2","5"
"等处宣慰使","3","2","5"
"福建行省参","2","3","5"
"云南行省平","2","3","5"
"道廉访司官","3","2","5"
"受百官朝贺","1","4","5"
"犯太微垣右","2","3","5"
"太微垣右执","2","3","5"
"微垣右执法","2","3","5"
"亲祀太庙礼","2","3","5"
"七年十一月","2","3","5"
"锁咬哈迷失","5","0","5"
"章政事塔失","3","2","5"
"内史倒剌沙","3","2","5"
"失知枢密院","3","2","5"
"卫指挥使脱","3","2","5"
"诸王斡耳朵","3","2","5"
"命江西行省","1","4","5"
"一万三千石","1","4","5"
"宗入继大统","2","3","5"
"治三年八月","2","3","5"
"士承旨阿邻","3","2","5"
"承旨阿邻帖","3","2","5"
"旨阿邻帖木","3","2","5"
"宗正紥鲁忽","5","0","5"
"正紥鲁忽赤","5","0","5"
"鲁忽赤阔阔","3","2","5"
"乌伯都剌等","2","3","5"
"后监察御史","2","3","5"
"斩首数千级","4","1","5"
"丞相三宝奴","3","2","5"
"大崇恩福元","3","2","5"
"崇恩福元寺","3","2","5"
"宋太后全氏","2","3","5"
"妥欢帖木耳","3","2","5"
"皇太后玉册","3","2","5"
"二十八年春","2","3","5"
"资正院使朴","4","1","5"
"十五年三月","2","3","5"
"立安西王阿","2","3","5"
"骁勇善骑射","2","3","5"
"木华黎略地","5","0","5"
"授金紫光禄","4","1","5"
"斩首万余级","3","2","5"
"斩首千余级","3","2","5"
"授资德大夫","4","1","5"
"同佥行枢密","3","2","5"
"进金紫光禄","4","1","5"
"宋丞相贾似","2","3","5"
"丞相贾似道","2","3","5"
"河南行省事","2","3","5"
"尚书省右丞","2","3","5"
"转运使卢世","2","3","5"
"升中奉大夫","2","3","5"
"命同知枢密","2","3","5"
"行省员外郎","3","2","5"
"建康道肃政","2","3","5"
"康道肃政廉","2","3","5"
"时御史大夫","3","2","5"
"十七年五月","2","3","5"
"令御史大夫","2","3","5"
"十六年正月","3","2","5"
"达理麻失理","2","3","5"
"召翰林学士","4","1","5"
"正二十三年","1","4","5"
"哈剌哈孙答","2","3","5"
"剌哈孙答剌","2","3","5"
"哈孙答剌罕","2","3","5"
"入监察御史","5","0","5"
"浙东道廉访","3","2","5"
"院达鲁花赤","2","3","5"
"陕西行台中","3","2","5"
"西廉访司事","4","1","5"
"广东廉访司","3","2","5"
"廉访司经历","3","2","5"
"王木华黎攻","2","3","5"
"太子副詹事","2","3","5"
"大小数十战","3","2","5"
"高丽权臣林","2","3","5"
"丽权臣林衍","2","3","5"
"十九年十月","2","3","5"
"世祖征大理","2","3","5"
"升侍讲学士","3","2","5"
"淮东道肃政","2","3","5"
"元统元年进","3","2","5"
"统元年进士","3","2","5"
"国史编修官","1","4","5"
"年三月二十","1","4","5"
"答应他的请","0","5","5"
"应他的请求","0","5","5"
"帝同意他的","0","5","5"
"在京师近郊","0","5","5"
"诏令中书省","0","5","5"
"他们的请求","0","5","5"
"十二月二十","0","5","5"
"这些意见都","0","5","5"
"人们都认为","0","5","5"
"的达鲁花赤","0","5","5"
"行枢密院的","0","5","5"
"给诸侯王也","0","5","5"
"州发生水灾","0","5","5"
"运司改为都","0","5","5"
"司改为都转","0","5","5"
"改为都转运","0","5","5"
"赤斤铁木儿","0","5","5"
"太后为太皇","0","5","5"
"后为太皇太","0","5","5"
"为辽阳行省","0","5","5"
"王也孙铁木","0","5","5"
"钱钞三千锭","0","5","5"
"宣慰司官员","0","5","5"
"木儿为中书","0","5","5"
"王宽彻不花","0","5","5"
"赐予燕铁木","0","5","5"
"予燕铁木儿","0","5","5"
"至元二十七","0","5","5"
"元二十七年","0","5","5"
"管枢密院事","0","5","5"
"拜光禄大夫","0","5","5"
"为福建行省","0","5","5"
"拜御史大夫","0","5","5"
"任辽阳行省","0","5","5"
"改任中书左","0","5","5"
"为肃政廉访","0","5","5"
"至元二十六","0","5","5"
"元二十六年","0","5","5"
"兼国史院编","0","5","5"
"年六十九岁","0","5","5"
"任中书平章","0","5","5"
"追加谥号为","0","5","5"
"桩大有功于","0","5","5"
"大有功于你","0","5","5"
"有功于你的","0","5","5"
"功于你的事","0","5","5"
"派遣他的世","0","5","5"
"遣他的世子","0","5","5"
"遣使者前来","0","5","5"
"遣使臣前去","0","5","5"
"率领蒙古军","0","5","5"
"太祖十四年","0","5","5"
"十一月初四","0","5","5"
"等地行尚书","0","5","5"
"地行尚书省","0","5","5"
"尚书省的事","0","5","5"
"赐给他们钱","0","5","5"
"李王的军队","0","5","5"
"月二十四日","0","5","5"
"蒙古军进攻","0","5","5"
"宗即皇帝位","0","5","5"
"任命姚枢为","0","5","5"
"银一万五千","0","5","5"
"禁止诸侯王","0","5","5"
"廷内外官员","0","5","5"
"为太子太师","0","5","5"
"戍守的士兵","0","5","5"
"令他们全部","0","5","5"
"令平章政事","0","5","5"
"名士卒前往","0","5","5"
"千名士卒前","0","5","5"
"对他们进行","0","5","5"
"地行中书省","0","5","5"
"今年田租的","0","5","5"
"田租的一半","0","5","5"
"钱钞以赈济","0","5","5"
"白银一万两","0","5","5"
"供给他们耕","0","5","5"
"仍旧隶属于","0","5","5"
"上未予允从","0","5","5"
"隶属于行省","0","5","5"
"部属的百姓","0","5","5"
"照每年的常","0","5","5"
"购买平价粮","0","5","5"
"令高丽国王","0","5","5"
"干犯昴宿天","0","5","5"
"犯昴宿天区","0","5","5"
"食赈济他们","0","5","5"
"供给他们粮","0","5","5"
"为侍卫亲军","0","5","5"
"历书赐给高","0","5","5"
"书赐给高丽","0","5","5"
"东发生饥荒","0","5","5"
"钱钞一百锭","0","5","5"
"省的治所迁","0","5","5"
"阴星干犯心","0","5","5"
"星干犯心宿","0","5","5"
"皇上的寿诞","0","5","5"
"上的寿诞佳","0","5","5"
"臣来进贡地","0","5","5"
"帖木儿的部","0","5","5"
"一千锭钱钞","0","5","5"
"帝的车驾返","0","5","5"
"派遣使臣去","0","5","5"
"祭祀五大山","0","5","5"
"管民官兼管","0","5","5"
"儿为御史大","0","5","5"
"和土地大神","0","5","5"
"赐给安南国","0","5","5"
"在司天台祭","0","5","5"
"安庆公王氵","0","5","5"
"庆公王氵昌","0","5","5"
"担任平章政","0","5","5"
"任中书右丞","0","5","5"
"隶属于中书","0","5","5"
"属于中书省","0","5","5"
"的十分之三","0","5","5"
"用蒙古文字","0","5","5"
"高丽国王的","0","5","5"
"国王的世子","0","5","5"
"御史台的官","0","5","5"
"史台的官员","0","5","5"
"共有一百九","0","5","5"
"年正月初一","0","5","5"
"国前来进贡","0","5","5"
"招降宋朝的","0","5","5"
"任中书省平","0","5","5"
"任中书省参","0","5","5"
"枢密院同佥","0","5","5"
"赈济诸侯王","0","5","5"
"给他们钱钞","0","5","5"
"太庙敬献祭","0","5","5"
"庙敬献祭品","0","5","5"
"前来进贡地","0","5","5"
"接受皇太子","0","5","5"
"阿里海牙的","0","5","5"
"王王忄甚派","0","5","5"
"枢密院派遣","0","5","5"
"行中书省派","0","5","5"
"大军屯驻在","0","5","5"
"一万锭钱钞","0","5","5"
"由行中书省","0","5","5"
"廉洁而有才","0","5","5"
"而有才能的","0","5","5"
"有才能的人","0","5","5"
"年的丝税银","0","5","5"
"他们隶属于","0","5","5"
"求颁发诏书","0","5","5"
"金星干犯斗","0","5","5"
"各道提刑按","0","5","5"
"军前去讨伐","0","5","5"
"慰使昂吉儿","0","5","5"
"千名蒙古军","0","5","5"
"奋力作战的","0","5","5"
"冰雹伤害庄","0","5","5"
"雹伤害庄稼","0","5","5"
"献地方特产","0","5","5"
"为征伐日本","0","5","5"
"书省大臣请","0","5","5"
"省大臣请求","0","5","5"
"的处以杖刑","0","5","5"
"遣送他们回","0","5","5"
"海东青符牌","0","5","5"
"名新附军士","0","5","5"
"钱钞一万二","0","5","5"
"贝春派遣他","0","5","5"
"春派遣他的","0","5","5"
"太阴星掩蔽","0","5","5"
"设立行中书","0","5","5"
"太阴星遮蔽","0","5","5"
"派遣一千名","0","5","5"
"给征伐日本","0","5","5"
"禄升格为正","0","5","5"
"在别十八里","0","5","5"
"至元二十年","0","5","5"
"江淮行省的","0","5","5"
"拖欠未交的","0","5","5"
"的屯田发生","0","5","5"
"一万二千人","0","5","5"
"阿剌帖木儿","0","5","5"
"王也先帖木","0","5","5"
"答即古阿散","0","5","5"
"钱钞五千锭","0","5","5"
"诸侯王小薛","0","5","5"
"诸侯王术伯","0","5","5"
"令辽阳行省","0","5","5"
"为浙东道宣","0","5","5"
"星干犯木星","0","5","5"
"秩禄为正三","0","5","5"
"阴星干犯牛","0","5","5"
"星干犯牛宿","0","5","5"
"省和御史台","0","5","5"
"赐给安西王","0","5","5"
"月二十三日","0","5","5"
"书省官员说","0","5","5"
"阴星凌犯斗","0","5","5"
"派遣使者进","0","5","5"
"殿做佛事活","0","5","5"
"为集贤侍讲","0","5","5"
"给予钱钞一","0","5","5"
"院官员上言","0","5","5"
"星凌犯太微","0","5","5"
"凌犯太微垣","0","5","5"
"星凌犯亢宿","0","5","5"
"享祭于太庙","0","5","5"
"阿剌铁木儿","0","5","5"
"锁咬儿哈的","0","5","5"
"免除其租税","0","5","5"
"为上都留守","0","5","5"
"佛事活动于","0","5","5"
"雨水伤害庄","0","5","5"
"赈济平卖粮","0","5","5"
"济平卖粮食","0","5","5"
"史台官员上","0","5","5"
"台官员上言","0","5","5"
"燕铁木儿上","0","5","5"
"减轻人民的","0","5","5"
"人民的负担","0","5","5"
"上都诸侯王","0","5","5"
"贡当地物产","0","5","5"
"铁木儿率军","0","5","5"
"宗礻付祭于","0","5","5"
"御史台纲纪","0","5","5"
"监察御史弹","0","5","5"
"察御史弹劾","0","5","5"
"为国子司业","0","5","5"
"德高望重的","0","5","5"
"百姓得以安","0","5","5"
"自己的儿子","0","5","5"
"对左右近臣","0","5","5"
"访问民间疾","0","5","5"
"哈剌亦哈赤","0","5","5"
"剌亦哈赤北","0","5","5"
"亦哈赤北鲁","0","5","5"
"升为江东道","0","5","5"
"益王赵曰正","0","5","5"
"为昭勇大将","0","5","5"
"为翰林侍讲","0","5","5"
"宗深以为然","0","5","5"
"铁木迭儿为","0","5","5"
"以翰林学士","0","5","5"
"拜中书参知","0","5","5"
"采纳他的意","0","5","5"
"纳他的意见","0","5","5"
"出任江浙行","0","5","5"
"与孛罗帖木","0","5","5"
"卜颜铁木儿","0","5","5"
"塔世帖木儿","0","5","5"
"蒙古大军攻","0","5","5"
"宗皇后二年","0","5","5"
"世祖在即位","0","5","5"
"与平章政事","0","5","5"
"世祖即位前","0","5","5"
"在世祖面前","0","5","5"
"与亦黑迷失","0","5","5"
"为国子监丞","0","5","5"
"年七十五岁","0","5","5"
"伯颜不花的","0","5","5"
"颜不花的斤","0","5","5"
"时佥枢密院","2","2","4"
"密院事燕铁","2","2","4"
"院事燕铁木","2","2","4"
"达鲁花赤七","2","2","4"
"鲁花赤七十","2","2","4"
"花赤七十二","2","2","4"
"赤七十二人","2","2","4"
"八年十二月","2","2","4"
"邢州节度使","2","2","4"
"州节度使武","2","2","4"
"节度使武贵","2","2","4"
"京兆等路宣","2","2","4"
"兆等路宣抚","2","2","4"
"立诸路洞冶","2","2","4"
"行中书省分","2","2","4"
"万户宋都带","2","2","4"
"泉州蒲寿庚","3","1","4"
"淮东左副都","2","2","4"
"副都元帅阿","2","2","4"
"都元帅阿里","2","2","4"
"路宣慰使合","2","2","4"
"宣慰使合剌","2","2","4"
"慰使合剌合","2","2","4"
"使合剌合孙","2","2","4"
"临安府安抚","2","2","4"
"河南河北道","2","2","4"
"等路都转运","2","2","4"
"路都转运盐","2","2","4"
"百五十二锭","2","2","4"
"置大灰艾州","2","2","4"
"西蜀四川道","2","2","4"
"立提刑按察","2","2","4"
"立大宗正府","2","2","4"
"礼部尚书谢","2","2","4"
"部尚书谢昌","2","2","4"
"尚书谢昌元","2","2","4"
"甘肃行省左","2","2","4"
"肃行省左丞","2","2","4"
"行御史台御","1","3","4"
"御史台御史","1","3","4"
"广西海北道","2","2","4"
"巩昌按察司","2","2","4"
"安广西道宣","2","2","4"
"广西道宣抚","2","2","4"
"赤平章政事","4","0","4"
"运司都转运","4","0","4"
"交钞提举司","2","2","4"
"宣抚司宣慰","4","0","4"
"抚司宣慰司","4","0","4"
"尚书省事张","3","1","4"
"广等处行中","2","2","4"
"南道宣慰副","2","2","4"
"编修官陈孚","2","2","4"
"万一千九百","2","2","4"
"一千九百七","1","3","4"
"立海北海南","2","2","4"
"海北海南道","2","2","4"
"北海南道肃","2","2","4"
"海南道肃政","2","2","4"
"平章政事赤","2","2","4"
"章政事赤斤","2","2","4"
"政事赤斤铁","2","2","4"
"事赤斤铁木","2","2","4"
"右丞木八剌","2","2","4"
"岭北行省右","2","2","4"
"北行省右丞","2","2","4"
"晋王孙铁木","4","0","4"
"钞五千万贯","2","2","4"
"钞二百五十","2","2","4"
"二百五十万","2","2","4"
"百五十万贯","2","2","4"
"七十五万贯","2","2","4"
"十三年十月","2","2","4"
"铁木奉皇帝","4","0","4"
"左丞相秃忽","2","2","4"
"丞相秃忽鲁","2","2","4"
"诸王月鲁铁","3","1","4"
"岭北行中书","2","2","4"
"诸王赛遣使","4","0","4"
"云南王王禅","2","2","4"
"山东盐运司","2","2","4"
"盐运司判官","2","2","4"
"州六万五千","2","2","4"
"六万五千户","2","2","4"
"脱欢答剌罕","2","2","4"
"河东宣慰使","2","2","4"
"江东道廉访","2","2","4"
"御史中丞曹","2","2","4"
"史中丞曹立","2","2","4"
"河东陕西道","2","2","4"
"山东宣慰使","2","2","4"
"中政使尚家","2","2","4"
"政使尚家奴","2","2","4"
"同知行枢密","2","2","4"
"遣武宁王彻","2","2","4"
"甘肃行省平","2","2","4"
"肃行省平章","2","2","4"
"河南行省杀","2","2","4"
"左丞相伯颜","2","2","4"
"昌王铁木补","4","0","4"
"王铁木补化","4","0","4"
"赐西安王阿","4","0","4"
"顺王宽彻花","4","0","4"
"万户杨克忠","2","2","4"
"枢密院事脱","2","2","4"
"密院事脱脱","2","2","4"
"院事脱脱木","2","2","4"
"前中书左丞","3","1","4"
"事秃坚帖木","2","2","4"
"圣皇后神御","2","2","4"
"皇后神御殿","2","2","4"
"召云南行省","2","2","4"
"章政事速速","2","2","4"
"行省左丞姚","2","2","4"
"省左丞姚炜","2","2","4"
"史台赃罚钞","3","1","4"
"御史中丞八","2","2","4"
"宣徽副使章","2","2","4"
"徽副使章吉","2","2","4"
"部尚书八剌","2","2","4"
"尚书八剌哈","2","2","4"
"书八剌哈赤","2","2","4"
"阿思兰海牙","3","1","4"
"太子詹事丞","2","2","4"
"右丞相塔失","2","2","4"
"丞相塔失铁","2","2","4"
"相塔失铁木","2","2","4"
"御史中丞史","2","2","4"
"辅成赞化保","2","2","4"
"成赞化保运","2","2","4"
"加录军国重","2","2","4"
"封知枢密院","2","2","4"
"河南行省丞","2","2","4"
"南行省丞相","2","2","4"
"赵世安提调","2","2","4"
"提调国子监","2","2","4"
"大龙翔集庆","2","2","4"
"右都威卫使","2","2","4"
"百七十户粮","2","2","4"
"伯颜忽都皇","2","2","4"
"颜忽都皇后","2","2","4"
"十五年八月","2","2","4"
"百官奉玉册","3","1","4"
"上皇太后尊","3","1","4"
"曰仪天兴圣","3","1","4"
"昭懿寿元全","2","2","4"
"懿寿元全德","2","2","4"
"寿元全德泰","2","2","4"
"元全德泰宁","2","2","4"
"全德泰宁福","2","2","4"
"德泰宁福庆","2","2","4"
"忠宣力佐命","2","2","4"
"宣力佐命功","2","2","4"
"力佐命功臣","2","2","4"
"追封广平王","2","2","4"
"荆湖占城等","2","2","4"
"湖占城等处","2","2","4"
"占城等处行","2","2","4"
"城等处行中","2","2","4"
"行中书省理","2","2","4"
"中书省理问","2","2","4"
"书省理问官","2","2","4"
"滁州万户府","2","2","4"
"州万户府达","2","2","4"
"军万户府达","2","2","4"
"赛典赤赡思","1","3","4"
"典赤赡思丁","1","3","4"
"二路达鲁花","2","2","4"
"路宣慰使都","2","2","4"
"推忠佐理功","2","2","4"
"忠佐理功臣","2","2","4"
"万户忙古歹","2","2","4"
"招讨使唆都","2","2","4"
"特授光禄大","2","2","4"
"金二千五百","2","2","4"
"加昭毅大将","3","1","4"
"建康路总管","2","2","4"
"福建行省平","2","2","4"
"建行省平章","2","2","4"
"白金五千两","2","2","4"
"南诸道行台","2","2","4"
"诸道行台御","2","2","4"
"道行台御史","2","2","4"
"河南道宣慰","2","2","4"
"二十三年春","2","2","4"
"骠骑卫上将","2","2","4"
"骑卫上将军","2","2","4"
"二年十一月","2","2","4"
"赠效忠宣力","2","2","4"
"忠宣力定远","2","2","4"
"宣力定远功","2","2","4"
"力定远功臣","2","2","4"
"东路统军司","2","2","4"
"宋殿帅张彦","2","2","4"
"改礼部尚书","4","0","4"
"翊亲军都指","2","2","4"
"黄金二百五","1","3","4"
"二十五万缗","2","2","4"
"忠翊侍卫都","2","2","4"
"翊侍卫都指","2","2","4"
"指挥使司达","2","2","4"
"挥使司达鲁","2","2","4"
"使司达鲁花","2","2","4"
"授怀远大将","3","1","4"
"宣抚司达鲁","2","2","4"
"抚司达鲁花","2","2","4"
"宗正府郎中","2","2","4"
"行宣政院使","2","2","4"
"迁江南行台","4","0","4"
"文宗建奎章","2","2","4"
"宗建奎章阁","2","2","4"
"诏孛罗帖木","4","0","4"
"辽东道肃政","2","2","4"
"同知通政院","2","2","4"
"知通政院事","2","2","4"
"追封赵国公","2","2","4"
"经略使乞住","2","2","4"
"翊运效节功","2","2","4"
"运效节功臣","2","2","4"
"北京等路征","2","2","4"
"京等路征行","2","2","4"
"等路征行万","2","2","4"
"路征行万户","2","2","4"
"襄阳管军万","2","2","4"
"阳管军万户","2","2","4"
"升镇国上将","2","2","4"
"授武德将军","2","2","4"
"州军民总管","2","2","4"
"西夏中兴道","2","2","4"
"夏中兴道按","2","2","4"
"中兴道按察","2","2","4"
"道按察副使","2","2","4"
"中书左右司","2","2","4"
"授龙虎卫上","3","1","4"
"征东行省右","2","2","4"
"东行省右丞","2","2","4"
"皇庆元年三","2","2","4"
"庆元年三月","2","2","4"
"古汉军都元","2","2","4"
"灌田二千余","2","2","4"
"田二千余顷","2","2","4"
"皇曾孙松山","2","2","4"
"封太原郡公","2","2","4"
"行省宣慰司","3","1","4"
"东西道廉访","2","2","4"
"巡行劝农副","2","2","4"
"行劝农副使","2","2","4"
"东山西道提","2","2","4"
"山西道提刑","2","2","4"
"山南湖北道","2","2","4"
"南湖北道提","2","2","4"
"浙西道提刑","2","2","4"
"南湖北道肃","2","2","4"
"佥河南江北","2","2","4"
"知徽政院事","2","2","4"
"御史台治书","2","2","4"
"史台治书侍","2","2","4"
"擢监察御史","4","0","4"
"京畿都漕运","2","2","4"
"河南等处行","2","2","4"
"江西肃政廉","2","2","4"
"追封蓟国公","2","2","4"
"赠中奉大夫","2","2","4"
"迁翰林侍讲","3","1","4"
"迁翰林待制","3","1","4"
"文集六十卷","2","2","4"
"淮西廉访使","2","2","4"
"迁中书左司","4","0","4"
"佥淮东廉访","3","1","4"
"宣文阁监书","2","2","4"
"文阁监书博","2","2","4"
"阁监书博士","2","2","4"
"河西廉访使","2","2","4"
"河南路总管","2","2","4"
"阳路达鲁花","2","2","4"
"建宁路总管","2","2","4"
"行中书省行","4","0","4"
"山东西道提","2","2","4"
"刑按察使何","2","2","4"
"按察使何荣","2","2","4"
"察使何荣祖","2","2","4"
"枢密院事崔","2","2","4"
"尚书省断事","2","2","4"
"金一百五十","1","3","4"
"居舍人潘阜","2","2","4"
"舍人潘阜等","2","2","4"
"置镇边万户","2","2","4"
"镇边万户府","2","2","4"
"遣明威将军","2","2","4"
"明威将军都","2","2","4"
"威将军都统","2","2","4"
"耽罗等处道","3","1","4"
"罗等处道路","3","1","4"
"运粮万户张","2","2","4"
"粮万户张文","2","2","4"
"万户张文虎","2","2","4"
"总管信苴日","2","2","4"
"四月十二日","2","2","4"
"文劳邛大巴","2","2","4"
"劳邛大巴南","2","2","4"
"邛大巴南等","2","2","4"
"法天启运圣","2","2","4"
"天启运圣武","2","2","4"
"启运圣武皇","2","2","4"
"运圣武皇帝","2","2","4"
"统急里忽鲁","2","2","4"
"烈祖神元皇","2","2","4"
"祖神元皇帝","2","2","4"
"副元帅蒲察","2","2","4"
"元帅蒲察七","2","2","4"
"帅蒲察七斤","2","2","4"
"八百六十二","2","2","4"
"节度使赵守","2","2","4"
"度使赵守玉","2","2","4"
"天倪河北西","4","0","4"
"倪河北西路","4","0","4"
"遣乌古孙仲","2","2","4"
"总管彭义斌","2","2","4"
"柔行军千户","2","2","4"
"马步军都元","2","2","4"
"步军都元帅","2","2","4"
"王拔都西征","2","2","4"
"诸王拔都征","3","1","4"
"总帅汪田哥","2","2","4"
"州总管孙嗣","2","2","4"
"兀良合台送","2","2","4"
"都元帅纽邻","2","2","4"
"合州守将王","2","2","4"
"州守将王坚","2","2","4"
"贾似道遣宋","2","2","4"
"似道遣宋京","2","2","4"
"礼部郎中刘","2","2","4"
"京路宣抚使","2","2","4"
"京等路宣抚","2","2","4"
"平路宣抚使","2","2","4"
"江淮大都督","2","2","4"
"判司宰事韩","2","2","4"
"省大都督李","2","2","4"
"璧平章政事","3","1","4"
"宣抚使史天","2","2","4"
"抚使史天泽","2","2","4"
"军马经略使","2","2","4"
"都元帅阿海","2","2","4"
"行大名等路","2","2","4"
"都元帅纽璘","4","0","4"
"年春正月辛","4","0","4"
"部郎中刘芳","2","2","4"
"东平路行军","2","2","4"
"泸州安抚使","2","2","4"
"卫将军孛里","2","2","4"
"将军孛里察","2","2","4"
"郎中高逸民","2","2","4"
"立翰林国史","2","2","4"
"相史天泽监","2","2","4"
"史天泽监修","2","2","4"
"天泽监修国","2","2","4"
"都指挥使李","2","2","4"
"衡国子祭酒","4","0","4"
"邢州安抚使","2","2","4"
"武卫亲军都","2","2","4"
"北京宣抚司","2","2","4"
"路提举学校","2","2","4"
"陕西宣抚司","2","2","4"
"指挥副使郑","2","2","4"
"指挥使董文","2","2","4"
"挥使董文炳","2","2","4"
"章政事塔察","2","2","4"
"封皇子真金","2","2","4"
"陕蜀行中书","2","2","4"
"万八千四百","2","2","4"
"汉大都督史","2","2","4"
"大都督史权","2","2","4"
"亳州万户张","2","2","4"
"安抚使韩世","2","2","4"
"抚使韩世安","2","2","4"
"北京鹰坊等","2","2","4"
"断事官麦肖","2","2","4"
"命户部尚书","1","3","4"
"部尚书刘肃","2","2","4"
"宋将夏贵攻","3","1","4"
"万户韩世安","2","2","4"
"诸路管民官","4","0","4"
"总管李杲哥","2","2","4"
"十三万七千","2","2","4"
"万七千四百","2","2","4"
"山东路经略","2","2","4"
"省大都督撒","2","2","4"
"大都督撒吉","2","2","4"
"光昞遣使贡","4","0","4"
"都元帅阔阔","2","2","4"
"益都路总管","2","2","4"
"川都元帅府","2","2","4"
"千五百五十","2","2","4"
"五百五十两","2","2","4"
"中书左右部","3","1","4"
"山东统军司","2","2","4"
"河南路统军","2","2","4"
"南路统军使","2","2","4"
"达鲁花赤赵","3","1","4"
"立诸路转运","3","1","4"
"路管民总管","3","1","4"
"十七万六千","2","2","4"
"万六千一百","2","2","4"
"四年春正月","4","0","4"
"百二十二人","2","2","4"
"征东元帅府","2","2","4"
"百二十九匹","2","2","4"
"七百五十两","2","2","4"
"元路宣慰司","2","2","4"
"诸王阿吉所","4","0","4"
"王阿吉所部","4","0","4"
"上都路总管","2","2","4"
"部尚书马月","2","2","4"
"尚书马月合","2","2","4"
"三万七千斤","2","2","4"
"百七十四锭","2","2","4"
"三千一百两","2","2","4"
"成都经略司","2","2","4"
"赐诸王阿吉","4","0","4"
"户一百五十","3","1","4"
"一百五十七","2","2","4"
"千一百一十","2","2","4"
"万九千四百","2","2","4"
"千四百八十","2","2","4"
"军千人屯田","4","0","4"
"阴犯轩辕御","4","0","4"
"国王王禃朝","4","0","4"
"万户张邦直","2","2","4"
"二十五万两","2","2","4"
"书左丞相耶","2","2","4"
"知政事张惠","1","3","4"
"年历日赐高","4","0","4"
"历日赐高丽","4","0","4"
"银五十万两","3","1","4"
"八千一百九","2","2","4"
"新旧军万户","2","2","4"
"亲王玉龙答","2","2","4"
"东平路宣慰","2","2","4"
"平路宣慰使","2","2","4"
"政事廉希宪","2","2","4"
"万七千六百","2","2","4"
"二百八十八","2","2","4"
"千六百八十","2","2","4"
"百八十二锭","2","2","4"
"行省平章赛","3","1","4"
"省平章赛典","3","1","4"
"山东统军副","2","2","4"
"东统军副使","2","2","4"
"统军副使王","2","2","4"
"军副使王仲","2","2","4"
"副使王仲仁","2","2","4"
"安肃公张柔","2","2","4"
"户达鲁花赤","3","1","4"
"大名路达鲁","3","1","4"
"名路达鲁花","3","1","4"
"将士战功银","2","2","4"
"五年春正月","4","0","4"
"遣北京路总","2","2","4"
"北京路总管","2","2","4"
"知政事杨果","2","2","4"
"九百九十九","2","2","4"
"百九十九石","2","2","4"
"钞二十五贯","2","2","4"
"禃遣世子愖","4","0","4"
"二万二千人","3","1","4"
"五百九十石","2","2","4"
"战舰五十艘","1","3","4"
"特进上柱国","2","2","4"
"莱路总管府","2","2","4"
"管府判官徐","2","2","4"
"府判官徐世","2","2","4"
"判官徐世雄","2","2","4"
"礼部侍郎朴","2","2","4"
"一百六十八","2","2","4"
"七年春正月","3","1","4"
"平章尚书省","4","0","4"
"章尚书省事","4","0","4"
"参知尚书省","4","0","4"
"知尚书省事","4","0","4"
"太常卿徐世","2","2","4"
"常卿徐世隆","2","2","4"
"王头辇哥等","2","2","4"
"尚书宋宗礼","2","2","4"
"捕鹰坊总管","2","2","4"
"太白犯右执","4","0","4"
"白犯右执法","4","0","4"
"御史中丞孛","2","2","4"
"史中丞孛罗","2","2","4"
"东川统军司","2","2","4"
"十二万九千","3","1","4"
"千四百四十","2","2","4"
"等路行尚书","3","1","4"
"都元帅宝合","2","2","4"
"元帅宝合丁","2","2","4"
"叛臣裴仲孙","2","2","4"
"中兴等路行","3","1","4"
"回回司天台","2","2","4"
"二万八千六","2","2","4"
"四川行尚书","2","2","4"
"川行尚书省","2","2","4"
"指挥使忽都","2","2","4"
"等五十余人","2","2","4"
"太祖圣武皇","2","2","4"
"祖圣武皇帝","2","2","4"
"百六十七锭","2","2","4"
"皇子西平王","2","2","4"
"南平王秃鲁","2","2","4"
"元帅府统军","2","2","4"
"帅府统军司","2","2","4"
"书状官张铎","2","2","4"
"齐安侯王淑","2","2","4"
"赐皇子爱牙","4","0","4"
"爱牙赤所部","3","1","4"
"统军使合剌","2","2","4"
"皇子忙哥剌","2","2","4"
"宋荆湖制置","3","1","4"
"制置李庭芝","3","1","4"
"参知行省政","2","2","4"
"知行省政事","2","2","4"
"阿里海牙言","4","0","4"
"一万二千九","2","2","4"
"万二千九百","2","2","4"
"二千九百九","2","2","4"
"千五百三十","2","2","4"
"断死罪三十","4","0","4"
"十年春正月","4","0","4"
"皇太子受册","4","0","4"
"勘马剌失里","2","2","4"
"书右丞相安","2","2","4"
"枢密院事伯","3","1","4"
"密院事伯颜","3","1","4"
"吕文焕入朝","1","3","4"
"二十四处便","2","2","4"
"十四处便宜","2","2","4"
"耽罗国招讨","2","2","4"
"东招讨使塔","2","2","4"
"一百九十六","2","2","4"
"百九十六万","2","2","4"
"十六万二千","2","2","4"
"千七百九十","2","2","4"
"十一年春正","4","0","4"
"一年春正月","4","0","4"
"皇太子诸王","4","0","4"
"王百官朝贺","4","0","4"
"少卿李义孙","2","2","4"
"招讨使钦察","2","2","4"
"一万一千五","2","2","4"
"一千五百人","1","3","4"
"四川屯田经","2","2","4"
"川屯田经略","2","2","4"
"屯田经略司","2","2","4"
"军民总管洪","2","2","4"
"民总管洪茶","2","2","4"
"总管洪茶丘","2","2","4"
"置提刑按察","2","2","4"
"百四十九人","2","2","4"
"二千六百七","2","2","4"
"皇女忽都鲁","2","2","4"
"女忽都鲁揭","2","2","4"
"揭里迷失下","2","2","4"
"里迷失下嫁","2","2","4"
"行中书省言","4","0","4"
"行中书省大","1","3","4"
"岁星犯垒壁","4","0","4"
"安抚昝万寿","3","1","4"
"户张弘范等","2","2","4"
"都统程鹏飞","2","2","4"
"汉阳军王仪","2","2","4"
"指挥使秃满","2","2","4"
"五千四百一","2","2","4"
"四百一十五","2","2","4"
"十二年春正","4","0","4"
"沿江制置副","2","2","4"
"江制置副使","2","2","4"
"伯颜承制授","4","0","4"
"沿江大都督","2","2","4"
"东川副都元","2","2","4"
"川副都元帅","2","2","4"
"亲军指挥使","2","2","4"
"遣兵部尚书","2","2","4"
"兵部尚书廉","2","2","4"
"部尚书廉希","2","2","4"
"尚书廉希贤","2","2","4"
"开元宣抚司","2","2","4"
"都统制张林","2","2","4"
"淮东元帅府","2","2","4"
"礼部侍郎杜","2","2","4"
"部侍郎杜世","2","2","4"
"侍郎杜世忠","2","2","4"
"都督贾似道","2","2","4"
"南京路总管","2","2","4"
"二千五百余","2","2","4"
"都元帅博鲁","2","2","4"
"元帅博鲁欢","2","2","4"
"沿江制置使","2","2","4"
"江制置使赵","2","2","4"
"江阴军佥判","2","2","4"
"阴军佥判李","2","2","4"
"军佥判李世","2","2","4"
"佥判李世修","2","2","4"
"八百五十二","2","2","4"
"通判王虎臣","2","2","4"
"遣郎中张鼎","2","2","4"
"旧纂修国史","2","2","4"
"五郡镇抚使","2","2","4"
"郡镇抚使吕","2","2","4"
"镇抚使吕文","2","2","4"
"抚使吕文福","2","2","4"
"议事官张羽","2","2","4"
"师张宗演赴","4","0","4"
"张宗演赴阙","4","0","4"
"参知政事高","2","2","4"
"十四万三千","2","2","4"
"千八百六十","2","2","4"
"达鲁花赤阿","4","0","4"
"都统制刘师","2","2","4"
"统制刘师勇","2","2","4"
"嘉定安抚使","1","3","4"
"定安抚使昝","1","3","4"
"安抚使昝万","1","3","4"
"抚使昝万寿","1","3","4"
"浙大都督范","2","2","4"
"大都督范文","2","2","4"
"都督范文虎","2","2","4"
"东都元帅府","2","2","4"
"鹞船数百艘","2","2","4"
"平江都统刘","2","2","4"
"江都统刘师","2","2","4"
"都统刘师勇","2","2","4"
"丞阿里海牙","2","2","4"
"木御史大夫","4","0","4"
"都统王邦杰","2","2","4"
"宪天述道仁","2","2","4"
"天述道仁文","2","2","4"
"述道仁文义","2","2","4"
"道仁文义武","2","2","4"
"仁文义武大","2","2","4"
"文义武大光","2","2","4"
"义武大光孝","2","2","4"
"武大光孝皇","2","2","4"
"大光孝皇帝","2","2","4"
"尚书夏士林","2","2","4"
"马湖路总管","2","2","4"
"湖路总管府","2","2","4"
"十三年春正","3","1","4"
"一百一十二","1","3","4"
"三万七千七","2","2","4"
"监察御史刘","2","2","4"
"遣都统洪模","2","2","4"
"万五千一百","3","1","4"
"端明殿学士","2","2","4"
"省右丞相伯","2","2","4"
"八万三千六","2","2","4"
"五百六十九","2","2","4"
"十九万二千","2","2","4"
"九万二千六","2","2","4"
"正月十八日","1","3","4"
"二万一千三","2","2","4"
"一千三百四","2","2","4"
"千三百四十","2","2","4"
"太皇太后谢","1","3","4"
"皇太后谢氏","1","3","4"
"行枢密院总","3","1","4"
"都元帅孛鲁","2","2","4"
"元帅孛鲁欢","2","2","4"
"都元帅宋都","2","2","4"
"元帅宋都带","2","2","4"
"翰林学士王","2","2","4"
"林学士王磐","2","2","4"
"万四千六百","2","2","4"
"命阿里海牙","2","2","4"
"命平章军国","2","2","4"
"耶律铸监修","2","2","4"
"十四万二千","2","2","4"
"八万三千二","2","2","4"
"万三千二百","2","2","4"
"东行枢密院","2","2","4"
"侍卫军二千","3","1","4"
"卫军二千人","2","2","4"
"七百三十三","2","2","4"
"参知政事陈","2","2","4"
"宣慰使塔海","2","2","4"
"三万二千二","2","2","4"
"东西川行枢","3","1","4"
"思州安抚使","2","2","4"
"宣慰使阿剌","2","2","4"
"慰使阿剌罕","2","2","4"
"东宣慰使张","2","2","4"
"闽广大都督","2","2","4"
"道宣慰使吕","1","3","4"
"都元帅杨文","2","2","4"
"三百五十五","2","2","4"
"米二万一千","2","2","4"
"黄州路宣慰","1","3","4"
"州路宣慰使","1","3","4"
"行枢密院招","2","2","4"
"广南西道宣","2","2","4"
"南西道宣慰","2","2","4"
"省左丞夏贵","2","2","4"
"中书左丞崔","2","2","4"
"书左丞崔斌","2","2","4"
"江东道按察","2","2","4"
"东道按察使","2","2","4"
"军达鲁花赤","3","1","4"
"黄州宣慰使","2","2","4"
"顾谓左右曰","4","0","4"
"万户张荣实","2","2","4"
"知政事李恒","2","2","4"
"百三十九锭","2","2","4"
"知大都路总","3","1","4"
"中书左丞董","2","2","4"
"书左丞董文","2","2","4"
"二千二百人","2","2","4"
"二千五百锭","2","2","4"
"政事程鹏飞","2","2","4"
"等处招讨使","1","3","4"
"十六年春正","3","1","4"
"合州安抚使","2","2","4"
"安抚使王立","2","2","4"
"钞三万九千","2","2","4"
"三万九千九","2","2","4"
"赐皇子奥鲁","3","1","4"
"饶州路达鲁","3","1","4"
"四千四百石","2","2","4"
"招讨司经历","2","2","4"
"租三千一百","2","2","4"
"江西榷茶运","3","1","4"
"浙西按察司","2","2","4"
"纳速剌丁招","2","2","4"
"西川蒙古军","3","1","4"
"四川宣慰司","2","2","4"
"婺州永康县","2","2","4"
"安南国世子","2","2","4"
"万户綦公直","2","2","4"
"沿海招讨使","2","2","4"
"马二万六千","2","2","4"
"诏云南行省","3","1","4"
"四川军万人","3","1","4"
"二万八千七","2","2","4"
"万八千七百","2","2","4"
"阔里吉思等","2","2","4"
"八剌合赤等","2","2","4"
"右丞洪茶丘","2","2","4"
"百八十三石","2","2","4"
"湖南宣慰司","2","2","4"
"二百七十余","2","2","4"
"江西道宣慰","2","2","4"
"一千六百石","2","2","4"
"汉人新附军","2","2","4"
"四万八千石","2","2","4"
"宣慰使刘恩","2","2","4"
"两淮转运使","1","3","4"
"五万四千锭","2","2","4"
"高丽国王请","2","2","4"
"尚书留梦炎","2","2","4"
"年春正月壬","4","0","4"
"钞一万一千","1","3","4"
"钞五十万锭","2","2","4"
"益都千户王","2","2","4"
"都千户王著","2","2","4"
"丞相瓮吉剌","2","2","4"
"相瓮吉剌带","2","2","4"
"北京宣慰使","2","2","4"
"阿合马党人","3","1","4"
"五百八十一","2","2","4"
"万户孙胜夫","2","2","4"
"阿八赤督运","2","2","4"
"安南国进贡","1","3","4"
"淮行省参知","2","2","4"
"令四川行省","1","3","4"
"海船三百艘","2","2","4"
"平原郡公赵","2","2","4"
"宋丞相文天","2","2","4"
"丞相文天祥","2","2","4"
"汉人十六员","2","2","4"
"铁冶提举司","2","2","4"
"淘金总管府","2","2","4"
"合马专政时","2","2","4"
"中书省御史","2","2","4"
"参知政事樊","2","2","4"
"蒙古侍卫军","2","2","4"
"辽东提刑按","2","2","4"
"造征日本船","4","0","4"
"二千四百锭","2","2","4"
"十道宣慰司","2","2","4"
"斡端宣慰使","2","2","4"
"王浑都帖木","2","2","4"
"南都元帅府","2","2","4"
"帝御大明殿","4","0","4"
"行省平章阿","3","1","4"
"阿里海牙节","2","2","4"
"里海牙节制","2","2","4"
"古都万户府","2","2","4"
"炮手都元帅","2","2","4"
"军匠万户府","2","2","4"
"百四十三锭","2","2","4"
"头辇哥国王","2","2","4"
"盘亚罗日加","2","2","4"
"亚罗日加翳","2","2","4"
"行省左丞忽","2","2","4"
"省左丞忽剌","2","2","4"
"二千八百八","2","2","4"
"立市舶都转","2","2","4"
"驸马唆郎哥","2","2","4"
"行御史台大","1","3","4"
"占城行省平","2","2","4"
"安南世子陈","3","1","4"
"南世子陈日","3","1","4"
"皇孙阿难答","2","2","4"
"千六百一十","1","3","4"
"提刑转运司","2","2","4"
"济州漕运司","2","2","4"
"浙行省参政","2","2","4"
"夏行中书省","2","2","4"
"监察御史陈","2","2","4"
"察御史陈天","2","2","4"
"史中丞阿剌","2","2","4"
"中丞阿剌帖","2","2","4"
"丞阿剌帖木","2","2","4"
"侍御史白秃","2","2","4"
"御史白秃剌","2","2","4"
"史白秃剌帖","2","2","4"
"白秃剌帖木","2","2","4"
"新附军三百","3","1","4"
"附军三百人","3","1","4"
"万二千四百","2","2","4"
"淮行枢密院","2","2","4"
"十一万六千","2","2","4"
"赐皇子脱欢","2","2","4"
"千七百三十","2","2","4"
"钞三万七千","2","2","4"
"七万六千五","2","2","4"
"五万三千五","2","2","4"
"千五百四十","2","2","4"
"万六千六百","2","2","4"
"御史台按察","2","2","4"
"史台按察司","2","2","4"
"山东宣慰司","2","2","4"
"阿里海牙上","1","3","4"
"招讨使怯烈","2","2","4"
"参知政事二","2","2","4"
"诸道宣慰司","2","2","4"
"中书省断事","2","2","4"
"省断事官秃","2","2","4"
"十五万一千","2","2","4"
"千二百六十","2","2","4"
"钞五万六千","2","2","4"
"二十四年春","2","2","4"
"受镇南王节","2","2","4"
"镇南王节制","2","2","4"
"商议枢密院","2","2","4"
"大学士阿鲁","2","2","4"
"学士阿鲁浑","2","2","4"
"士阿鲁浑撒","2","2","4"
"钞十一万六","2","2","4"
"百九十三锭","2","2","4"
"立屯田总管","2","2","4"
"地达鲁花赤","1","3","4"
"湖广行省军","2","2","4"
"安抚使陈仲","2","2","4"
"抚使陈仲达","2","2","4"
"中大夫阮文","2","2","4"
"太白犯垒壁","4","0","4"
"白犯垒壁阵","4","0","4"
"省右丞爱鲁","2","2","4"
"右丞阿剌浑","2","2","4"
"丞阿剌浑撒","2","2","4"
"阿剌浑撒里","2","2","4"
"行省平章忽","3","1","4"
"荧惑犯进贤","4","0","4"
"一万二千二","2","2","4"
"万八千二百","2","2","4"
"平章政事忙","1","3","4"
"诸路金玉人","2","2","4"
"路金玉人匠","2","2","4"
"金玉人匠总","2","2","4"
"玉人匠总管","2","2","4"
"合丹秃鲁干","2","2","4"
"西宣慰使史","2","2","4"
"巩昌便宜都","3","1","4"
"昌便宜都总","3","1","4"
"二万三千六","2","2","4"
"钞万二千五","3","1","4"
"千五百一十","2","2","4"
"万八千三百","2","2","4"
"千三百六十","2","2","4"
"万六千九百","2","2","4"
"二千八百五","2","2","4"
"万四千四百","2","2","4"
"二十六年春","2","2","4"
"宣慰使乐实","2","2","4"
"漳州路总管","2","2","4"
"翼屯田万户","2","2","4"
"书王巨济专","2","2","4"
"左丞相忙兀","2","2","4"
"丞相忙兀带","2","2","4"
"七千五百二","2","2","4"
"五百二十三","2","2","4"
"百二十三石","2","2","4"
"浙西提刑按","2","2","4"
"百二十八石","2","2","4"
"八番罗甸宣","2","2","4"
"番罗甸宣慰","2","2","4"
"罗甸宣慰使","2","2","4"
"江西榷茶都","2","2","4"
"西榷茶都转","2","2","4"
"征西都元帅","2","2","4"
"三千六百石","2","2","4"
"二十九年春","2","2","4"
"百六十九锭","2","2","4"
"军民宣抚使","2","2","4"
"九千三百二","2","2","4"
"福建行省右","2","2","4"
"建行省右丞","2","2","4"
"右军都元帅","2","2","4"
"百三十六户","2","2","4"
"巩昌等二十","1","3","4"
"昌等二十四","1","3","4"
"处宣慰使都","2","2","4"
"驸马阔里吉","2","2","4"
"马阔里吉思","2","2","4"
"立都元帅府","2","2","4"
"宣慰使斡罗","2","2","4"
"慰使斡罗思","2","2","4"
"万七千九百","2","2","4"
"岳州华容县","2","2","4"
"部尚书张立","2","2","4"
"尚书张立道","2","2","4"
"九百五十两","2","2","4"
"广东道宣慰","2","2","4"
"一百二十五","1","3","4"
"太阴犯垒壁","4","0","4"
"阴犯垒壁阵","4","0","4"
"晋王甘麻剌","2","2","4"
"二百五十五","2","2","4"
"六千四百二","2","2","4"
"江北行省平","2","2","4"
"行省平章伯","3","1","4"
"省平章伯颜","3","1","4"
"平章政事范","2","2","4"
"章政事范文","2","2","4"
"政事范文虎","2","2","4"
"学士承旨留","2","2","4"
"士承旨留梦","2","2","4"
"承旨留梦炎","2","2","4"
"子江浙行省","2","2","4"
"四千七百七","2","2","4"
"千七百七十","2","2","4"
"侍卫亲军千","2","2","4"
"一百六十九","2","2","4"
"三百九十八","2","2","4"
"十三万四千","2","2","4"
"万四千五百","2","2","4"
"五万五千四","2","2","4"
"太尉兀都带","2","2","4"
"礼部侍郎李","2","2","4"
"兵部郎中萧","2","2","4"
"部郎中萧泰","2","2","4"
"郎中萧泰登","2","2","4"
"上大行皇帝","3","1","4"
"文惠明孝皇","2","2","4"
"惠明孝皇帝","2","2","4"
"一万五千锭","1","3","4"
"二千五百匹","2","2","4"
"宁远王阔阔","2","2","4"
"林国史院修","2","2","4"
"二千六百锭","2","2","4"
"都威卫使司","2","2","4"
"十六万五千","2","2","4"
"太阴犯平道","4","0","4"
"万二千余锭","2","2","4"
"太阴犯填星","4","0","4"
"济宁王蛮子","2","2","4"
"宁王蛮子台","2","2","4"
"千九百余锭","2","2","4"
"宣慰使司事","3","1","4"
"左右两江宣","2","2","4"
"广西两江道","2","2","4"
"西两江道宣","2","2","4"
"两江道宣慰","2","2","4"
"西廉访司佥","1","3","4"
"阿里浑撒里","2","2","4"
"睿圣文孝皇","2","2","4"
"圣文孝皇帝","2","2","4"
"太师铁木迭","2","2","4"
"左丞相阿散","2","2","4"
"辇真吃剌思","2","2","4"
"都总管府隶","2","2","4"
"本省平章政","2","2","4"
"征东行省丞","2","2","4"
"东行省丞相","2","2","4"
"章政事王毅","2","2","4"
"花知枢密院","2","2","4"
"广东采珠提","2","2","4"
"东采珠提举","2","2","4"
"教宗师张留","1","3","4"
"钞二十五万","2","2","4"
"钞七万五千","2","2","4"
"七万五千贯","2","2","4"
"钞四百万贯","2","2","4"
"木邦路土官","2","2","4"
"二万三千三","2","2","4"
"万三千三百","2","2","4"
"士忽都鲁都","2","2","4"
"太皇太后加","2","2","4"
"阔彻伯知枢","2","2","4"
"彻伯知枢密","2","2","4"
"伯知枢密院","2","2","4"
"平章政事白","2","2","4"
"章政事白撒","2","2","4"
"陕西行御史","1","3","4"
"太玄辅化体","2","2","4"
"玄辅化体仁","2","2","4"
"辅化体仁应","2","2","4"
"化体仁应道","2","2","4"
"体仁应道大","2","2","4"
"仁应道大真","2","2","4"
"应道大真人","2","2","4"
"政事塔失海","2","2","4"
"犯太微垣左","2","2","4"
"太微垣左执","2","2","4"
"微垣左执法","2","2","4"
"赵王马札罕","2","2","4"
"王马札罕部","2","2","4"
"太祖四大斡","2","2","4"
"祖四大斡耳","2","2","4"
"四大斡耳朵","2","2","4"
"平章政事兀","2","2","4"
"章政事兀伯","2","2","4"
"政事兀伯都","2","2","4"
"事兀伯都剌","2","2","4"
"御史中丞董","2","2","4"
"史中丞董守","2","2","4"
"中丞董守庸","2","2","4"
"泰定元年春","2","2","4"
"故监察御史","2","2","4"
"平章政事张","2","2","4"
"监察御史宋","2","2","4"
"察御史宋本","2","2","4"
"司天监翙星","4","0","4"
"政事秃满迭","2","2","4"
"受佛戒帝师","4","0","4"
"上都司天监","2","2","4"
"河南廉访使","2","2","4"
"遥授沿边溪","2","2","4"
"授沿边溪洞","2","2","4"
"沿边溪洞军","2","2","4"
"边溪洞军民","2","2","4"
"溪洞军民安","2","2","4"
"洞军民安抚","2","2","4"
"水庸田使司","2","2","4"
"山南廉访使","2","2","4"
"濮州鄄城县","2","2","4"
"大都路檀州","2","2","4"
"广西宣慰司","2","2","4"
"帖木知枢密","4","0","4"
"行省左丞乞","2","2","4"
"省左丞乞住","2","2","4"
"四年十一月","2","2","4"
"仁宗皇太子","4","0","4"
"诸王察阿台","3","1","4"
"子妥欢帖木","2","2","4"
"元帅花帖木","4","0","4"
"中书左丞跃","2","2","4"
"书左丞跃里","2","2","4"
"左丞跃里帖","2","2","4"
"丞跃里帖木","2","2","4"
"前翰林学士","4","0","4"
"太府太监沙","2","2","4"
"府太监沙剌","2","2","4"
"太监沙剌班","2","2","4"
"右丞相燕铁","2","2","4"
"左丞相铁木","2","2","4"
"御史大夫孛","2","2","4"
"史大夫孛罗","2","2","4"
"士承旨斡耳","2","2","4"
"承旨斡耳朵","2","2","4"
"岭北行省官","1","3","4"
"王忽察都地","1","3","4"
"政事明里董","2","2","4"
"事明里董阿","2","2","4"
"答里麻失里","2","2","4"
"卫指挥使斡","2","2","4"
"指挥使斡都","2","2","4"
"挥使斡都蛮","2","2","4"
"万户彻里帖","2","2","4"
"户彻里帖木","2","2","4"
"平章政事高","2","2","4"
"剌马黑巴等","2","2","4"
"章政事买闾","2","2","4"
"诸王八剌马","2","2","4"
"上都诸王忽","3","1","4"
"都诸王忽剌","3","1","4"
"王忽剌台等","2","2","4"
"谋杀祖父母","2","2","4"
"奉祖宗神御","2","2","4"
"祖宗神御殿","2","2","4"
"奸臣倒剌沙","2","2","4"
"廉访副使万","2","2","4"
"访副使万家","2","2","4"
"副使万家闾","2","2","4"
"河南行省调","2","2","4"
"监察御史撒","2","2","4"
"察御史撒里","2","2","4"
"后雍吉剌氏","2","2","4"
"皇兄明宗皇","2","2","4"
"兄明宗皇帝","2","2","4"
"御史中丞赵","2","2","4"
"史中丞赵世","2","2","4"
"宗正府紥鲁","4","0","4"
"幸大崇恩福","2","2","4"
"子阿剌忒纳","2","2","4"
"遣治书侍御","2","2","4"
"达鲁花赤撒","2","2","4"
"湖广行省官","1","3","4"
"奎章阁授经","2","2","4"
"章阁授经郎","2","2","4"
"建大承天护","3","1","4"
"江淮财赋都","2","2","4"
"淮财赋都总","2","2","4"
"财赋都总管","2","2","4"
"赋都总管府","2","2","4"
"凤翔府饥民","2","2","4"
"永平屯田府","2","2","4"
"遣吏部尚书","2","2","4"
"道士苗道一","2","2","4"
"句容郡王答","2","2","4"
"容郡王答邻","2","2","4"
"郡王答邻答","2","2","4"
"王答邻答里","2","2","4"
"山东河北蒙","2","2","4"
"东河北蒙古","2","2","4"
"河北蒙古军","2","2","4"
"北蒙古军大","2","2","4"
"蒙古军大都","2","2","4"
"古军大都督","2","2","4"
"军大都督府","2","2","4"
"豫王阿剌忒","2","2","4"
"十八年二月","2","2","4"
"正院使朴花","4","0","4"
"十年十二月","2","2","4"
"一万一千六","1","3","4"
"子脱列帖木","1","3","4"
"湖北廉访司","2","2","4"
"亲王按赤台","2","2","4"
"行省兵马都","1","3","4"
"追封河南王","2","2","4"
"迁刑部尚书","3","1","4"
"征行兵马都","2","2","4"
"行兵马都元","2","2","4"
"相伯颜渡江","2","2","4"
"中书直省舍","2","2","4"
"书直省舍人","2","2","4"
"镇南王征交","2","2","4"
"南王征交趾","2","2","4"
"万户府万户","2","2","4"
"御史大夫博","2","2","4"
"史大夫博罗","2","2","4"
"十二年三月","1","3","4"
"进资善大夫","4","0","4"
"安县达鲁花","2","2","4"
"月朵失野讷","2","2","4"
"赤老温恺赤","2","2","4"
"燕京宣抚使","2","2","4"
"河北道宣慰","2","2","4"
"中书省枢密","1","3","4"
"书省枢密院","1","3","4"
"断事官杨仁","2","2","4"
"事官杨仁风","2","2","4"
"战舰二千五","2","2","4"
"舰二千五百","2","2","4"
"二千五百艘","2","2","4"
"囊加歹同宋","1","3","4"
"十三年二月","2","2","4"
"佥河南行省","2","2","4"
"右丞范文虎","2","2","4"
"行尚书省右","2","2","4"
"都元帅阿答","2","2","4"
"战船二百艘","2","2","4"
"白金五百两","2","2","4"
"西宣慰司事","2","2","4"
"左侍仪奉御","2","2","4"
"川行省左右","2","2","4"
"省左右司员","2","2","4"
"安抚吕文焕","2","2","4"
"参知政事行","2","2","4"
"军副都指挥","2","2","4"
"副都指挥使","2","2","4"
"王合必赤讨","2","2","4"
"中统三年春","1","3","4"
"亲王哈必赤","2","2","4"
"婿土罕必阇","4","0","4"
"江西行尚书","2","2","4"
"西行尚书省","2","2","4"
"两浙盐运司","2","2","4"
"授江西行省","2","2","4"
"刑部员外郎","2","2","4"
"政廉访司佥","1","3","4"
"江东建康道","2","2","4"
"东建康道肃","2","2","4"
"虎贲亲军都","2","2","4"
"贲亲军都指","2","2","4"
"平章政事月","2","2","4"
"升资善大夫","2","2","4"
"黜御史大夫","2","2","4"
"寻监察御史","4","0","4"
"升同知枢密","2","2","4"
"参政孔思立","2","2","4"
"淮南行省左","2","2","4"
"御史大夫普","2","2","4"
"史大夫普化","2","2","4"
"奎章阁侍书","2","2","4"
"章阁侍书学","2","2","4"
"阁侍书学士","2","2","4"
"枢密院事老","2","2","4"
"密院事老章","2","2","4"
"平章政事答","2","2","4"
"十七年三月","2","2","4"
"进阶金紫光","2","2","4"
"转运司副使","2","2","4"
"迁江浙行省","4","0","4"
"迁同知枢密","3","1","4"
"迁湖广行省","4","0","4"
"两淮万户府","2","2","4"
"行御史台经","2","2","4"
"升礼部尚书","2","2","4"
"江东廉访使","2","2","4"
"东道廉访司","2","2","4"
"道廉访司事","2","2","4"
"达鲁花赤石","2","2","4"
"汴梁路总管","2","2","4"
"信州路总管","2","2","4"
"总管府治中","2","2","4"
"江西廉访司","2","2","4"
"东廉访司经","2","2","4"
"詹事院长史","2","2","4"
"除刑部尚书","4","0","4"
"四十余万石","2","2","4"
"大臣忽都虎","2","2","4"
"臣忽都虎等","2","2","4"
"南北路宣抚","2","2","4"
"北路宣抚使","2","2","4"
"定军节度使","2","2","4"
"授中奉大夫","2","2","4"
"授蒙古汉军","2","2","4"
"汉军兵马都","2","2","4"
"军兵马都元","2","2","4"
"七路兵马都","2","2","4"
"丞相安童奏","2","2","4"
"学士承旨王","2","2","4"
"大将孛里海","2","2","4"
"军民经略使","2","2","4"
"兵三十余万","2","2","4"
"兵马都提控","2","2","4"
"元帅右监军","2","2","4"
"获战舰千余","2","2","4"
"战舰千余艘","2","2","4"
"行户部尚书","2","2","4"
"淮都转运使","2","2","4"
"授御史中丞","2","2","4"
"监察御史郭","2","2","4"
"授行军千户","2","2","4"
"云中东西两","2","2","4"
"中东西两路","2","2","4"
"金将完颜合","2","2","4"
"武军节度使","2","2","4"
"庆源军节度","2","2","4"
"王木华黎率","2","2","4"
"皇太弟国王","2","2","4"
"奉国上将军","2","2","4"
"德十一年卒","2","2","4"
"阿合马擅权","4","0","4"
"战船七百艘","2","2","4"
"元帅孛鲁罕","2","2","4"
"加集贤大学","2","2","4"
"平阳路总管","2","2","4"
"路统军副使","2","2","4"
"平章政事彻","2","2","4"
"章政事彻理","2","2","4"
"礼部侍郎邓","2","2","4"
"部侍郎邓光","2","2","4"
"侍郎邓光荐","2","2","4"
"丞相伯颜奉","1","3","4"
"相伯颜奉诏","1","3","4"
"选贵族子弟","1","3","4"
"右三部尚书","2","2","4"
"郎中郭叔云","2","2","4"
"者二十余人","3","1","4"
"荆湖经略使","2","2","4"
"曲阜孔子庙","2","2","4"
"诗文四十卷","2","2","4"
"佥河北河南","2","2","4"
"进阶荣禄大","2","2","4"
"章广平山寨","2","2","4"
"夺船二十余","2","2","4"
"佥书沿江行","2","2","4"
"书沿江行枢","2","2","4"
"沿江行枢密","2","2","4"
"江行枢密院","2","2","4"
"世祖攻鄂州","1","3","4"
"济南路总管","2","2","4"
"南行省参政","2","2","4"
"翰林承旨王","2","2","4"
"阳路总管府","2","2","4"
"左司郎中周","2","2","4"
"甘肃行省参","2","2","4"
"肃行省参知","2","2","4"
"进阶光禄大","3","1","4"
"南肃政廉访","2","2","4"
"侍御史程钜","2","2","4"
"御史程钜夫","2","2","4"
"左丞董士选","2","2","4"
"阶太中大夫","3","1","4"
"授宣武将军","2","2","4"
"闽海道肃政","2","2","4"
"海道肃政廉","2","2","4"
"加中奉大夫","2","2","4"
"御史大夫相","2","2","4"
"史大夫相威","2","2","4"
"侍御史程文","2","2","4"
"御史程文海","2","2","4"
"二十九年二","2","2","4"
"平章政事桑","2","2","4"
"章政事桑哥","2","2","4"
"除国子司业","4","0","4"
"燕南提刑按","2","2","4"
"书侍御史锁","3","1","4"
"侍御史锁南","3","1","4"
"元年十二月","2","2","4"
"二十五万引","2","2","4"
"淮东廉访使","2","2","4"
"都路儒学教","2","2","4"
"路儒学教授","2","2","4"
"南行省左右","2","2","4"
"两浙盐运使","2","2","4"
"淮西道廉访","2","2","4"
"陕西行省参","2","2","4"
"临江路总管","2","2","4"
"试国子伴读","2","2","4"
"迁集贤大学","3","1","4"
"史大夫秃忒","2","2","4"
"大夫秃忒哈","2","2","4"
"中丞赵国辅","2","2","4"
"山东廉访副","2","2","4"
"大学士忽都","2","2","4"
"赐楮币万缗","2","2","4"
"县儒学教谕","2","2","4"
"佥太常礼仪","2","2","4"
"赐白玉束带","2","2","4"
"中书左司员","2","2","4"
"书左司员外","2","2","4"
"淮都转运盐","2","2","4"
"十四年九月","2","2","4"
"授翰林修撰","2","2","4"
"密副使阿散","2","2","4"
"擢江南行台","4","0","4"
"西道廉访副","2","2","4"
"参知政事朵","2","2","4"
"升枢密院判","1","3","4"
"行枢密院判","2","2","4"
"儒学副提举","2","2","4"
"泰定四年进","2","2","4"
"定四年进士","2","2","4"
"侍御史李国","2","2","4"
"御史李国凤","2","2","4"
"知集贤院道","2","2","4"
"集贤院道教","2","2","4"
"贤院道教事","2","2","4"
"相三宝奴等","2","2","4"
"御史大夫老","2","2","4"
"甘肃行尚书","2","2","4"
"肃行尚书省","2","2","4"
"高句丽三国","2","2","4"
"将军金宝鼎","2","2","4"
"十一年五月","2","2","4"
"密院副使宋","2","2","4"
"院副使宋君","2","2","4"
"副使宋君斐","2","2","4"
"礼部侍郎金","2","2","4"
"部侍郎金赞","2","2","4"
"侍郎金赞等","2","2","4"
"金方庆奉表","2","2","4"
"监赵良弼充","2","2","4"
"仁宗皇庆二","2","2","4"
"宗皇庆二年","2","2","4"
"二十五年正","1","3","4"
"部郎中国信","2","2","4"
"忙完秃鲁迷","2","2","4"
"完秃鲁迷失","2","2","4"
"十六年十二","2","2","4"
"六年十二月","2","2","4"
"孛补剌者吾","4","0","4"
"那些还没有","0","4","4"
"皇帝同意他","0","4","4"
"事情被发觉","0","4","4"
"京师近郊行","0","4","4"
"师近郊行猎","0","4","4"
"成宗即位后","0","4","4"
"备征伐日本","0","4","4"
"是不应该的","0","4","4"
"逃亡的百姓","0","4","4"
"铁木迭儿又","0","4","4"
"将他们斩首","0","4","4"
"伯颜为中书","0","4","4"
"敕令高丽国","0","4","4"
"黄金各五十","0","4","4"
"金各五十两","0","4","4"
"合撒儿海牙","0","4","4"
"赤为平章政","0","4","4"
"宣抚司改为","0","4","4"
"抚司改为宣","0","4","4"
"司改为宣慰","0","4","4"
"州进献嘉禾","0","4","4"
"秩禄为四品","0","4","4"
"任命江浙行","0","4","4"
"任命陕西行","0","4","4"
"王铁木儿不","0","4","4"
"晋王也孙铁","0","4","4"
"平章政事乃","0","4","4"
"钱钞二万五","0","4","4"
"月鲁铁木儿","0","4","4"
"兀鲁思不花","0","4","4"
"钱钞二万锭","0","4","4"
"为云南行省","0","4","4"
"诸侯王宽彻","0","4","4"
"钱钞三万锭","0","4","4"
"塔失帖木儿","0","4","4"
"昌王铁木儿","0","4","4"
"王铁木儿补","0","4","4"
"顺王宽彻不","0","4","4"
"殿修作佛事","0","4","4"
"院事铁木儿","0","4","4"
"粮食三个月","0","4","4"
"木儿知枢密","0","4","4"
"儿知枢密院","0","4","4"
"年六十二岁","0","4","4"
"于行中书省","0","4","4"
"为江南诸道","0","4","4"
"改任礼部尚","0","4","4"
"任礼部尚书","0","4","4"
"拜中书左丞","0","4","4"
"出任河南行","0","4","4"
"出任江南行","0","4","4"
"行中书省设","0","4","4"
"拜中奉大夫","0","4","4"
"为翰林修撰","0","4","4"
"任陕西汉中","0","4","4"
"为奉议大夫","0","4","4"
"年八十一岁","0","4","4"
"任兵部尚书","0","4","4"
"为右司郎中","0","4","4"
"任浙西廉访","0","4","4"
"以平章政事","0","4","4"
"以中书左丞","0","4","4"
"统领王国昌","0","4","4"
"诏告高丽国","0","4","4"
"高丽国王派","0","4","4"
"被打得大败","0","4","4"
"自己的部落","0","4","4"
"祖亲自率军","0","4","4"
"太祖驻跸在","0","4","4"
"众前来归降","0","4","4"
"都元帅之职","0","4","4"
"让他的儿子","0","4","4"
"之后又重新","0","4","4"
"后又重新叛","0","4","4"
"太祖十二年","0","4","4"
"天倪为河北","0","4","4"
"倪为河北西","0","4","4"
"为河北西路","0","4","4"
"率领部下前","0","4","4"
"太祖十八年","0","4","4"
"太祖二十年","0","4","4"
"诏令诸侯王","0","4","4"
"诸侯王拔都","0","4","4"
"的军队征伐","0","4","4"
"诸侯王旭烈","0","4","4"
"汉族地区的","0","4","4"
"下诏大赦天","0","4","4"
"诏大赦天下","0","4","4"
"会见诸侯王","0","4","4"
"率领各自的","0","4","4"
"一万零二百","0","4","4"
"弘吉剌氏为","0","4","4"
"路的诸侯王","0","4","4"
"他的世子王","0","4","4"
"逃亡在外的","0","4","4"
"乘驿车前来","0","4","4"
"十个路的宣","0","4","4"
"个路的宣抚","0","4","4"
"星进入斗宿","0","4","4"
"白银一万五","0","4","4"
"下有功的将","0","4","4"
"希宪为中书","0","4","4"
"率军讨伐他","0","4","4"
"军讨伐他们","0","4","4"
"十二月初三","0","4","4"
"臣入朝觐见","0","4","4"
"表章前来朝","0","4","4"
"为太子太傅","0","4","4"
"黄金一千两","0","4","4"
"的军队驻扎","0","4","4"
"董文炳率领","0","4","4"
"阴星干犯昴","0","4","4"
"的互市贸易","0","4","4"
"屯田的民户","0","4","4"
"拖欠的赋税","0","4","4"
"官员的俸禄","0","4","4"
"和他的儿子","0","4","4"
"为左右司郎","0","4","4"
"中书省的公","0","4","4"
"书省的公文","0","4","4"
"自愿从军的","0","4","4"
"儿文字书写","0","4","4"
"一千名士卒","0","4","4"
"禁止蒙古军","0","4","4"
"前往中书省","0","4","4"
"皇上有旨说","0","4","4"
"给钱钞以赈","0","4","4"
"以赈济他们","0","4","4"
"部尚书之职","0","4","4"
"万石粮食赈","0","4","4"
"二千名士兵","0","4","4"
"令陕西行省","0","4","4"
"的官吏和军","0","4","4"
"官吏和军民","0","4","4"
"金星干犯房","0","4","4"
"定路镇守官","0","4","4"
"五千两银子","0","4","4"
"的辎重老营","0","4","4"
"辎重老营的","0","4","4"
"给诸侯王八","0","4","4"
"王阿只吉部","0","4","4"
"阔阔出等人","0","4","4"
"为中书省左","0","4","4"
"白银五万两","0","4","4"
"白银一千两","0","4","4"
"的探马赤军","0","4","4"
"伤害了庄稼","0","4","4"
"执掌枢密院","0","4","4"
"掌枢密院事","0","4","4"
"等路发生旱","0","4","4"
"遣他的大臣","0","4","4"
"伊斯兰教士","0","4","4"
"年的常例赐","0","4","4"
"的常例赐给","0","4","4"
"驿站的站户","0","4","4"
"漕运的河渠","0","4","4"
"中书省商议","0","4","4"
"王王礻直前","0","4","4"
"王礻直前来","0","4","4"
"百石赈济饥","0","4","4"
"发放粮食赈","0","4","4"
"放粮食赈济","0","4","4"
"的军用物资","0","4","4"
"总管府兼管","0","4","4"
"年的历书赐","0","4","4"
"的历书赐给","0","4","4"
"他们数量不","0","4","4"
"回他们本国","0","4","4"
"各路总管府","0","4","4"
"击败了宋军","0","4","4"
"行省的治所","0","4","4"
"来恭贺皇上","0","4","4"
"贺皇上的寿","0","4","4"
"钱钞赈济他","0","4","4"
"钞赈济他们","0","4","4"
"的士兵一万","0","4","4"
"任中书省左","0","4","4"
"赦免他们的","0","4","4"
"派遣使臣带","0","4","4"
"遣使臣带着","0","4","4"
"修筑大都城","0","4","4"
"官吏的俸禄","0","4","4"
"犯轩辕座大","0","4","4"
"轩辕座大星","0","4","4"
"皇帝的寿诞","0","4","4"
"帝的寿诞佳","0","4","4"
"等地行中书","0","4","4"
"官吏和百姓","0","4","4"
"月二十二日","0","4","4"
"星干犯天关","0","4","4"
"干犯天关星","0","4","4"
"品以下官员","0","4","4"
"都统领脱朵","0","4","4"
"统领脱朵儿","0","4","4"
"司天台祭祀","0","4","4"
"派遣使者祭","0","4","4"
"遣使者祭祀","0","4","4"
"发生旱灾和","0","4","4"
"生旱灾和蝗","0","4","4"
"旱灾和蝗灾","0","4","4"
"斡朵思不花","0","4","4"
"干犯心宿天","0","4","4"
"犯心宿天区","0","4","4"
"三千名士兵","0","4","4"
"国王派遣使","0","4","4"
"王派遣使臣","0","4","4"
"步兵骑兵共","0","4","4"
"行中书省改","0","4","4"
"中书省改为","0","4","4"
"书省改为行","0","4","4"
"命令枢密院","0","4","4"
"任命御史大","0","4","4"
"金星干犯右","0","4","4"
"的上将星官","0","4","4"
"丽国王的世","0","4","4"
"王的世子王","0","4","4"
"的秩禄提升","0","4","4"
"秩禄提升为","0","4","4"
"流放到远方","0","4","4"
"都处以死刑","0","4","4"
"等处的宣慰","0","4","4"
"同意他的请","0","4","4"
"意他的请求","0","4","4"
"的行尚书省","0","4","4"
"升格为正三","0","4","4"
"格为正三品","0","4","4"
"下诏招降宋","0","4","4"
"诏招降宋朝","0","4","4"
"脱脱木儿等","0","4","4"
"战船一百艘","0","4","4"
"是自古以来","0","4","4"
"赐给西平王","0","4","4"
"行省的官员","0","4","4"
"诸侯王八八","0","4","4"
"每年的赋税","0","4","4"
"上都来到京","0","4","4"
"都来到京师","0","4","4"
"处以杖刑而","0","4","4"
"星干犯土星","0","4","4"
"重新恢复为","0","4","4"
"的五千名士","0","4","4"
"五千名士兵","0","4","4"
"行省的钱粮","0","4","4"
"皇帝下诏令","0","4","4"
"五千锭钱钞","0","4","4"
"由官府为他","0","4","4"
"官府为他们","0","4","4"
"部属的饥民","0","4","4"
"战船一千艘","0","4","4"
"狩猎的禁令","0","4","4"
"派遣官员前","0","4","4"
"遣官员前去","0","4","4"
"任命翰林学","0","4","4"
"四渎和土地","0","4","4"
"渎和土地大","0","4","4"
"率领一万名","0","4","4"
"领一万名士","0","4","4"
"即皇帝位之","0","4","4"
"为高丽国王","0","4","4"
"王忄甚派遣","0","4","4"
"令枢密院派","0","4","4"
"木星干犯垒","0","4","4"
"宋军打得大","0","4","4"
"数额不等的","0","4","4"
"都献城投降","0","4","4"
"百姓饥饿缺","0","4","4"
"姓饥饿缺食","0","4","4"
"没有归附的","0","4","4"
"洁而有才能","0","4","4"
"宋朝淮东制","0","4","4"
"朝淮东制置","0","4","4"
"伯颜派囊加","0","4","4"
"下战功的人","0","4","4"
"新归附的士","0","4","4"
"归附的士兵","0","4","4"
"中书省请求","0","4","4"
"军队屯驻在","0","4","4"
"阿里海牙把","0","4","4"
"今年的丝税","0","4","4"
"张宗演前来","0","4","4"
"行中书省管","0","4","4"
"中书省管辖","0","4","4"
"帝的车驾从","0","4","4"
"给贫苦百姓","0","4","4"
"帖木儿为御","0","4","4"
"木儿为御史","0","4","4"
"属于江西行","0","4","4"
"名士兵戍守","0","4","4"
"福王赵与芮","0","4","4"
"人前往上都","0","4","4"
"把他们隶属","0","4","4"
"率领五千名","0","4","4"
"等不同数额","0","4","4"
"真才实学的","0","4","4"
"他黄金五十","0","4","4"
"请求入朝觐","0","4","4"
"求入朝觐见","0","4","4"
"江南各路的","0","4","4"
"赐给贫穷的","0","4","4"
"木儿上奏说","0","4","4"
"一万名侍卫","0","4","4"
"万名侍卫军","0","4","4"
"归附的官员","0","4","4"
"为管军总管","0","4","4"
"设置行中书","0","4","4"
"向太庙奉献","0","4","4"
"太庙奉献祭","0","4","4"
"庙奉献祭品","0","4","4"
"命令阿塔海","0","4","4"
"赐给他钱钞","0","4","4"
"晓谕朝内外","0","4","4"
"全部被平定","0","4","4"
"钱钞一万零","0","4","4"
"向朝廷进贡","0","4","4"
"锭钱钞赈济","0","4","4"
"不能胜任的","0","4","4"
"大学士兼国","0","4","4"
"阴星干犯太","0","4","4"
"令从今以后","0","4","4"
"令行御史台","0","4","4"
"并佩戴虎符","0","4","4"
"兵前往征讨","0","4","4"
"亡宋的二王","0","4","4"
"刑按察司的","0","4","4"
"采纳了这个","0","4","4"
"没收他的家","0","4","4"
"收他的家产","0","4","4"
"等路为四川","0","4","4"
"州升格为路","0","4","4"
"因为征伐日","0","4","4"
"宣慰司迁移","0","4","4"
"慰司迁移到","0","4","4"
"州路镇守官","0","4","4"
"星干犯键闭","0","4","4"
"干犯键闭星","0","4","4"
"的军队进犯","0","4","4"
"各道按察司","0","4","4"
"赐予钱钞五","0","4","4"
"的不法行为","0","4","4"
"额各不相等","0","4","4"
"来进贡驯象","0","4","4"
"的世子陈日","0","4","4"
"师的近郊狩","0","4","4"
"的近郊狩猎","0","4","4"
"一万人征伐","0","4","4"
"一千名士兵","0","4","4"
"秩禄为从五","0","4","4"
"禄为从五品","0","4","4"
"诏令江淮行","0","4","4"
"日本的军队","0","4","4"
"赐给征伐日","0","4","4"
"为安南国王","0","4","4"
"一千名新附","0","4","4"
"征伐缅国的","0","4","4"
"中书省各部","0","4","4"
"三万锭钱钞","0","4","4"
"不称职的官","0","4","4"
"称职的官员","0","4","4"
"把阿合马的","0","4","4"
"按察司的官","0","4","4"
"察司的官员","0","4","4"
"品以下的官","0","4","4"
"归附的洞蛮","0","4","4"
"木星干犯房","0","4","4"
"王相吾答儿","0","4","4"
"伐日本的战","0","4","4"
"伐日本的船","0","4","4"
"日本的船只","0","4","4"
"派遣一万名","0","4","4"
"江南各行省","0","4","4"
"千名探马赤","0","4","4"
"名探马赤军","0","4","4"
"使月的迷失","0","4","4"
"的所作所为","0","4","4"
"所任用的人","0","4","4"
"钱钞十一万","0","4","4"
"粮赈济他们","0","4","4"
"等人的部属","0","4","4"
"依从桑哥的","0","4","4"
"从桑哥的请","0","4","4"
"桑哥的请求","0","4","4"
"令湖广行省","0","4","4"
"玉速铁木儿","0","4","4"
"行御史台官","0","4","4"
"石米赈济他","0","4","4"
"死刑的罪囚","0","4","4"
"的部属发生","0","4","4"
"部属发生饥","0","4","4"
"指挥使也速","0","4","4"
"升为平章政","0","4","4"
"镇南王屯驻","0","4","4"
"南王屯驻在","0","4","4"
"辖区内均听","0","4","4"
"铁木儿率兵","0","4","4"
"王陈日火亘","0","4","4"
"阴星干犯木","0","4","4"
"发生大饥荒","0","4","4"
"减免其田租","0","4","4"
"令福建行省","0","4","4"
"为礼部侍郎","0","4","4"
"州发生饥馑","0","4","4"
"干犯牛宿天","0","4","4"
"犯牛宿天区","0","4","4"
"皇帝下诏命","0","4","4"
"大夫月儿鲁","0","4","4"
"为昭睿顺圣","0","4","4"
"王乃颜反叛","0","4","4"
"县发生雹灾","0","4","4"
"月二十六日","0","4","4"
"第二年正月","0","4","4"
"中书省共同","0","4","4"
"平章不忽木","0","4","4"
"阴星干犯平","0","4","4"
"星干犯平道","0","4","4"
"干犯平道星","0","4","4"
"月二十七日","0","4","4"
"为探马赤军","0","4","4"
"任工部尚书","0","4","4"
"英宗为皇太","0","4","4"
"枢密院事官","0","4","4"
"星凌犯轩辕","0","4","4"
"遣使者进贡","0","4","4"
"接受百官朝","0","4","4"
"祭社稷之神","0","4","4"
"星凌犯房宿","0","4","4"
"书省臣奏请","0","4","4"
"阴星凌犯心","0","4","4"
"星凌犯心宿","0","4","4"
"为集贤学士","0","4","4"
"十人钱钞各","0","4","4"
"年春正月初","0","4","4"
"秩为从五品","0","4","4"
"遣使者前往","0","4","4"
"冬十月初一","0","4","4"
"命有关部门","0","4","4"
"车驾到达大","0","4","4"
"驾到达大都","0","4","4"
"任集贤大学","0","4","4"
"赈济粮食不","0","4","4"
"诸侯王不赛","0","4","4"
"侯王不赛因","0","4","4"
"州等路饥荒","0","4","4"
"国家财用不","0","4","4"
"御史大夫之","0","4","4"
"枢密院事之","0","4","4"
"密院事之职","0","4","4"
"派遣使者代","0","4","4"
"遣使者代为","0","4","4"
"使者代为祭","0","4","4"
"者代为祭祀","0","4","4"
"出任陕西行","0","4","4"
"元帅不花帖","0","4","4"
"帅不花帖木","0","4","4"
"帖木儿率兵","0","4","4"
"轻人民的负","0","4","4"
"国史院官员","0","4","4"
"宗正扎鲁忽","0","4","4"
"正扎鲁忽赤","0","4","4"
"派遣使者征","0","4","4"
"遣使者征召","0","4","4"
"任命为中书","0","4","4"
"燕铁木儿为","0","4","4"
"任知枢密院","0","4","4"
"燕铁木儿与","0","4","4"
"遭受兵祸者","0","4","4"
"中书省臣上","0","4","4"
"中书省及各","0","4","4"
"文宗在上都","0","4","4"
"大明的军队","0","4","4"
"院使朴不花","0","4","4"
"至正二十三","0","4","4"
"姚伯颜不花","0","4","4"
"有先见之明","0","4","4"
"州人民起义","0","4","4"
"是我的职责","0","4","4"
"而不呼其名","0","4","4"
"为刑部尚书","0","4","4"
"拜为中书右","0","4","4"
"彻拔都儿与","0","4","4"
"世祖嘉奖其","0","4","4"
"世祖即位后","0","4","4"
"中统元年世","0","4","4"
"统元年世祖","0","4","4"
"世祖召见他","0","4","4"
"年五十八岁","0","4","4"
"鲁浑萨理为","0","4","4"
"入宫为宿卫","0","4","4"
"世祖忽必烈","0","4","4"
"仁宗在东宫","0","4","4"
"除他的职务","0","4","4"
"至正十三年","0","4","4"
"至正十四年","0","4","4"
"大宗正府也","0","4","4"
"宗正府也可","0","4","4"
"朝廷任命他","0","4","4"
"御史台的纲","0","4","4"
"史台的纲纪","0","4","4"
"为起义军所","0","4","4"
"为陕西汉中","0","4","4"
"人民掀起反","0","4","4"
"民掀起反元","0","4","4"
"至正十五年","0","4","4"
"为淮南行省","0","4","4"
"至正十六年","0","4","4"
"自己的俸禄","0","4","4"
"至正二十年","0","4","4"
"相帖木迭儿","0","4","4"
"鲁帖木儿为","0","4","4"
"为工部侍郎","0","4","4"
"年六十五岁","0","4","4"
"太宗十二年","0","4","4"
"金章宗泰和","0","4","4"
"木华黎认为","0","4","4"
"要大肆屠杀","0","4","4"
"李王在济南","0","4","4"
"随蒙古大军","0","4","4"
"年七十四岁","0","4","4"
"嘉奖其忠诚","0","4","4"
"将他们逮捕","0","4","4"
"为翰林直学","0","4","4"
"任翰林直学","0","4","4"
"为秘书少监","0","4","4"
"向朝廷报告","0","4","4"
"终年七十岁","0","4","4"
"路总管兼大","0","4","4"
"年七十六岁","0","4","4"
"向朝廷推荐","0","4","4"
"消灾的办法","0","4","4"
"为翰林国史","0","4","4"
"任国子祭酒","0","4","4"
"任命为陕西","0","4","4"
"中丞杨朵儿","0","4","4"
"丞杨朵儿只","0","4","4"
"为国子博士","0","4","4"
"终年七十八","0","4","4"
"任山东廉访","0","4","4"
"起义军将领","0","4","4"
"哈撒儿海牙","0","4","4"
"遣使持香币","3","0","3"
"汉人达鲁花","3","0","3"
"人达鲁花赤","3","0","3"
"十二月丙申","3","0","3"
"遵世祖成宪","3","0","3"
"金邢州节度","2","1","3"
"耶律铸中书","3","0","3"
"律铸中书左","3","0","3"
"铸中书左丞","3","0","3"
"宣抚使赵良","1","2","3"
"抚使赵良弼","1","2","3"
"茶都转运使","1","2","3"
"国置大灰艾","2","1","3"
"牙信合八剌","2","1","3"
"信合八剌麻","2","1","3"
"江南财赋总","2","1","3"
"南财赋总管","2","1","3"
"造帝师八合","2","1","3"
"斡脱总管府","2","1","3"
"奥鲁赤平章","3","0","3"
"鲁赤平章政","3","0","3"
"樊楫参知政","3","0","3"
"楫参知政事","3","0","3"
"钦察卫亲军","1","2","3"
"察卫亲军都","1","2","3"
"甘州路宣课","2","1","3"
"百二十五石","2","1","3"
"阿里中书右","3","0","3"
"里中书右丞","3","0","3"
"院编修官陈","2","1","3"
"位三十五年","1","2","3"
"诸王帖木花","3","0","3"
"钞一千六百","1","2","3"
"后太皇太后","3","0","3"
"路差税三年","1","2","3"
"十月二十九","1","2","3"
"诸王按梯花","3","0","3"
"奉皇帝玺绶","2","1","3"
"书左丞相秃","2","1","3"
"王彻彻秃金","2","1","3"
"币帛二百匹","3","0","3"
"八剌失里镇","3","0","3"
"行省右丞相","1","2","3"
"王赛遣使贡","3","0","3"
"赐币帛千匹","2","1","3"
"驸马孛罗帖","2","1","3"
"马孛罗帖木","2","1","3"
"荆湖宣慰使","1","2","3"
"南王帖木花","3","0","3"
"脱脱木辽东","3","0","3"
"显懿庄圣皇","1","2","3"
"懿庄圣皇后","1","2","3"
"燕铁木太平","3","0","3"
"铁木太平王","3","0","3"
"太平王黄金","2","1","3"
"钦察台知枢","2","1","3"
"察台知枢密","2","1","3"
"等县饥民粮","2","1","3"
"燕铁木奉皇","3","0","3"
"木奉皇帝宝","3","0","3"
"密院事秃哈","3","0","3"
"院事秃哈帖","3","0","3"
"事秃哈帖木","3","0","3"
"南威楚路土","2","1","3"
"威楚路土官","2","1","3"
"中书右丞撒","1","2","3"
"生皇太子爱","2","1","3"
"答剌麻八剌","2","1","3"
"官奉玉册玉","2","1","3"
"尊号曰仪天","2","1","3"
"号曰仪天兴","2","1","3"
"袭封镇南王","2","1","3"
"太宗攻凤翔","1","2","3"
"赠推诚宣力","2","1","3"
"迁四川行省","2","1","3"
"枢密院臣奏","3","0","3"
"升昭勇大将","2","1","3"
"诸路转运使","1","2","3"
"判枢密院事","3","0","3"
"宣抚使游显","1","2","3"
"授武略将军","1","2","3"
"年十一月卒","1","2","3"
"唆都征占城","2","1","3"
"奉太皇太后","1","2","3"
"高丽女直汉","3","0","3"
"丽女直汉军","3","0","3"
"八番宣抚司","1","2","3"
"入中书平章","3","0","3"
"玉枢虎吐华","3","0","3"
"讨孛罗帖木","2","1","3"
"十一年二月","1","2","3"
"金经略使乞","2","1","3"
"略使乞住降","2","1","3"
"丞相伯颜受","2","1","3"
"管万户府事","1","2","3"
"翼侍卫亲军","1","2","3"
"船三十余艘","1","2","3"
"功授武德将","1","2","3"
"军前行尚书","2","1","3"
"丞相伯颜总","2","1","3"
"中统元年夏","2","1","3"
"十一年十二","1","2","3"
"一年十二月","1","2","3"
"浙西道肃政","2","1","3"
"元年三月卒","1","2","3"
"千三百余顷","2","1","3"
"田三千余顷","2","1","3"
"参政忽都帖","2","1","3"
"政忽都帖木","2","1","3"
"除治书侍御","3","0","3"
"尚书参知政","2","1","3"
"尚书省右司","1","2","3"
"同知徽政院","2","1","3"
"赠银青荣禄","2","1","3"
"赐锦衣一袭","2","1","3"
"赠礼部尚书","2","1","3"
"赠嘉议大夫","2","1","3"
"迁国子助教","2","1","3"
"改集贤侍讲","2","1","3"
"迁浙西廉访","3","0","3"
"匠总管府达","2","1","3"
"阿合马平章","3","0","3"
"阿合马中书","3","0","3"
"升六部二品","3","0","3"
"改行中书省","2","1","3"
"中书省行尚","3","0","3"
"书省行尚书","3","0","3"
"省行尚书省","3","0","3"
"尚书省事阿","2","1","3"
"进银青荣禄","2","1","3"
"铁失御史大","3","0","3"
"失御史大夫","3","0","3"
"左右卫阿速","2","1","3"
"孛罗帖木太","3","0","3"
"德将军统王","3","0","3"
"将军统王国","3","0","3"
"军统王国昌","3","0","3"
"将军副统刘","3","0","3"
"军副统刘杰","3","0","3"
"视耽罗等处","3","0","3"
"达鲁花赤总","2","1","3"
"鲁花赤总管","2","1","3"
"命兵部侍郎","2","1","3"
"达鲁花赤统","2","1","3"
"鲁花赤统治","2","1","3"
"持诏谕日烜","3","0","3"
"湖广三省蒙","2","1","3"
"广三省蒙古","2","1","3"
"海外四州黎","2","1","3"
"外四州黎兵","2","1","3"
"运粮十七万","2","1","3"
"镇南王次思","3","0","3"
"南王次思明","3","0","3"
"镇南王引兵","2","1","3"
"铁木真太子","1","2","3"
"弟札阿绀孛","1","2","3"
"金右副元帅","2","1","3"
"右副元帅蒲","2","1","3"
"马都元帅镇","1","2","3"
"授右副都元","2","1","3"
"木华黎讨平","2","1","3"
"金将巢元帅","2","1","3"
"浚等州户三","3","0","3"
"等州户三十","3","0","3"
"州户三十万","3","0","3"
"华黎承制授","3","0","3"
"实金紫光禄","2","1","3"
"大名总管彭","2","1","3"
"名总管彭义","2","1","3"
"保州等处都","2","1","3"
"十一月庚辰","3","0","3"
"皇子拖雷监","1","2","3"
"子拖雷监国","1","2","3"
"王拔都征斡","2","1","3"
"拔都征斡罗","2","1","3"
"幸月灭怯土","3","0","3"
"留兀良合台","2","1","3"
"诸夷未附者","3","0","3"
"参知政事刘","1","2","3"
"世祖圣德神","2","1","3"
"祖圣德神功","2","1","3"
"十一月戊申","3","0","3"
"宋贾似道遣","3","0","3"
"南等路宣抚","2","1","3"
"陕西四川宣","2","1","3"
"西四川宣抚","2","1","3"
"兵一万五千","1","2","3"
"千人赴开平","3","0","3"
"都等路宣抚","2","1","3"
"赵璧平章政","3","0","3"
"学士承旨修","3","0","3"
"河南路宣抚","1","2","3"
"南路宣抚使","1","2","3"
"江淮诸翼军","2","1","3"
"淮诸翼军马","2","1","3"
"诸翼军马经","2","1","3"
"翼军马经略","2","1","3"
"造中统元宝","2","1","3"
"北京路都元","1","2","3"
"京路都元帅","1","2","3"
"路都元帅阿","1","2","3"
"秦蜀行中书","1","2","3"
"廉希宪中书","3","0","3"
"冬十月丁未","3","0","3"
"五千九十八","3","0","3"
"文绮三百匹","3","0","3"
"银八百三十","3","0","3"
"国信使郝经","2","1","3"
"史天泽中书","3","0","3"
"路行军万户","2","1","3"
"默翰林侍讲","3","0","3"
"安抚使刘整","1","2","3"
"礼部郎中高","1","2","3"
"部郎中高逸","1","2","3"
"安抚高丽军","2","1","3"
"抚高丽军民","2","1","3"
"赛典赤平章","2","1","3"
"挥使李伯祐","3","0","3"
"许衡国子祭","3","0","3"
"枢太子太师","3","0","3"
"西四川行省","3","0","3"
"州安抚使张","1","2","3"
"安抚使张耕","1","2","3"
"南屯田万户","2","1","3"
"诏平章政事","3","0","3"
"命太常少卿","2","1","3"
"户一百四十","2","1","3"
"断死罪四十","3","0","3"
"驼钮金镀银","3","0","3"
"钮金镀银印","3","0","3"
"制置使贾似","1","2","3"
"置使贾似道","1","2","3"
"州万户张弘","2","1","3"
"滨棣路安抚","1","2","3"
"棣路安抚使","1","2","3"
"路安抚使韩","1","2","3"
"赵璧行中书","3","0","3"
"璧行中书省","3","0","3"
"议行中书省","2","1","3"
"京鹰坊等户","2","1","3"
"鹰坊等户丁","2","1","3"
"州路军民总","2","1","3"
"王禃遣使贡","3","0","3"
"陕西行省言","3","0","3"
"安南国陈光","2","1","3"
"十万石赈济","1","2","3"
"行中书省都","1","2","3"
"都元帅府二","2","1","3"
"一千五百五","1","2","3"
"元帅钦察戍","1","2","3"
"诏陕西行省","3","0","3"
"巩昌总帅汪","3","0","3"
"真定路达鲁","3","0","3"
"百四十七万","2","1","3"
"一百四十六","1","2","3"
"断死罪六十","3","0","3"
"路奥鲁总管","2","1","3"
"九百二十二","1","2","3"
"河东宣慰司","2","1","3"
"官员子弟入","2","1","3"
"赐高丽国王","3","0","3"
"十一月甲申","3","0","3"
"年春正月丁","3","0","3"
"禃遣使奉表","3","0","3"
"百二十九户","1","2","3"
"西北诸王率","2","1","3"
"北京都元帅","2","1","3"
"制置夏贵率","2","1","3"
"诸王玉龙答","3","0","3"
"诸路行中书","2","1","3"
"益都新军千","2","1","3"
"十一月丙子","3","0","3"
"诸路都转运","2","1","3"
"路都转运使","2","1","3"
"十二月乙巳","3","0","3"
"投下达鲁花","2","1","3"
"下达鲁花赤","2","1","3"
"赐阿术所部","3","0","3"
"遣使奉表贡","3","0","3"
"充侍卫亲军","2","1","3"
"史天泽枢密","3","0","3"
"天泽枢密副","3","0","3"
"泽枢密副使","3","0","3"
"中书右丞张","2","1","3"
"制国使司事","3","0","3"
"皇帝奉书日","2","1","3"
"帝奉书日本","2","1","3"
"奉书日本国","2","1","3"
"书日本国王","2","1","3"
"故特遣使持","2","1","3"
"特遣使持书","2","1","3"
"禃遣大将军","3","0","3"
"下户一百六","3","0","3"
"户一百六十","3","0","3"
"年春正月甲","3","0","3"
"春正月甲午","3","0","3"
"遣使祀岳渎","3","0","3"
"高丽王王禃","3","0","3"
"前中书右丞","2","1","3"
"岁星犯轩辕","3","0","3"
"星犯轩辕大","3","0","3"
"万五千三百","1","2","3"
"断死罪一百","3","0","3"
"路四川行省","2","1","3"
"造战舰五百","2","1","3"
"战舰五百艘","2","1","3"
"郎中孟甲持","2","1","3"
"中孟甲持诏","2","1","3"
"夏四月壬寅","3","0","3"
"召翰林直学","2","1","3"
"洞冶总管府","2","1","3"
"大醮七昼夜","2","1","3"
"赐安南国王","3","0","3"
"谕安南国陈","2","1","3"
"冬十月戊寅","3","0","3"
"十二月戊寅","3","0","3"
"米五千九百","2","1","3"
"百二十一人","2","1","3"
"赐禃玉带一","3","0","3"
"兵二万二千","3","0","3"
"秋七月丁巳","3","0","3"
"国官吏军民","2","1","3"
"金州招讨司","2","1","3"
"等路中书省","2","1","3"
"路中书省事","2","1","3"
"召高丽国王","1","2","3"
"高丽国军民","2","1","3"
"西京五十余","2","1","3"
"京五十余城","2","1","3"
"万四千一百","1","2","3"
"东京等路行","2","1","3"
"夏四月壬午","3","0","3"
"川统军司率","1","2","3"
"千八百余户","2","1","3"
"议河南行省","2","1","3"
"知珍岛余粮","2","1","3"
"珍岛余粮将","2","1","3"
"岛余粮将竭","2","1","3"
"转运司入总","3","0","3"
"运司入总管","3","0","3"
"司入总管府","3","0","3"
"监察御史六","2","1","3"
"西道按察司","1","2","3"
"除集贤大学","3","0","3"
"赛典赤行省","3","0","3"
"战船百余艘","1","2","3"
"户解汝楫等","1","2","3"
"斩首二千余","2","1","3"
"首二千余级","2","1","3"
"钞二万八千","2","1","3"
"蜀四川行尚","2","1","3"
"米五千余石","2","1","3"
"一百九十四","1","2","3"
"百九十四万","1","2","3"
"九年春正月","3","0","3"
"使日本赵良","3","0","3"
"日本赵良弼","3","0","3"
"遣书状官张","2","1","3"
"蒙古都元帅","2","1","3"
"西京属城诸","2","1","3"
"京属城诸达","2","1","3"
"属城诸达鲁","2","1","3"
"城诸达鲁花","2","1","3"
"诸达鲁花赤","2","1","3"
"质子金镒等","2","1","3"
"子金镒等归","2","1","3"
"米二万石赈","3","0","3"
"民夫三千人","2","1","3"
"达鲁花赤管","2","1","3"
"鲁花赤管民","2","1","3"
"赐北平王南","3","0","3"
"马一万二千","2","1","3"
"拱卫直都指","2","1","3"
"卫直都指挥","2","1","3"
"万户爱先花","3","0","3"
"时将相大臣","2","1","3"
"昌二十四处","2","1","3"
"东京路运米","2","1","3"
"京路运米二","2","1","3"
"路运米二万","2","1","3"
"运米二万石","2","1","3"
"学士承旨礼","3","0","3"
"士承旨礼霍","3","0","3"
"承旨礼霍孙","3","0","3"
"夏贵攻正阳","2","1","3"
"吕文焕入觐","3","0","3"
"万二千七百","2","1","3"
"年春正月己","3","0","3"
"正月己卯朔","2","1","3"
"遣少卿李义","2","1","3"
"卿李义孙等","2","1","3"
"金州招讨使","1","2","3"
"希宪中书右","3","0","3"
"宪中书右丞","3","0","3"
"凤州经略使","1","2","3"
"州经略使忻","1","2","3"
"监察御史言","3","0","3"
"省行枢密院","2","1","3"
"安抚使翟贵","1","2","3"
"宋嘉定安抚","3","0","3"
"都统王达守","2","1","3"
"统王达守阳","2","1","3"
"万户史格一","2","1","3"
"户史格一军","2","1","3"
"史格一军先","2","1","3"
"格一军先渡","2","1","3"
"军都统程鹏","1","2","3"
"知汉阳军王","2","1","3"
"国王王愖遣","3","0","3"
"奕沿江大都","2","1","3"
"五州经略司","1","2","3"
"将蒙古军二","3","0","3"
"诣行中书省","3","0","3"
"宋都督贾似","2","1","3"
"同签枢密院","3","0","3"
"东征元帅府","2","1","3"
"遣总管段佑","2","1","3"
"总管段佑送","1","2","3"
"传旨令诸将","2","1","3"
"十一万九千","1","2","3"
"专掌蒙古文","2","1","3"
"掌蒙古文字","2","1","3"
"陇右河西道","2","1","3"
"阿里海牙遣","2","1","3"
"代天师张宗","1","2","3"
"隶行中书省","3","0","3"
"右丞廉希宪","2","1","3"
"参知政事脱","1","2","3"
"一百一十四","1","2","3"
"潼川安抚使","1","2","3"
"白鹞船数百","1","2","3"
"丞相伯颜率","1","2","3"
"立都转运司","2","1","3"
"帖木御史大","3","0","3"
"伯颜分军三","2","1","3"
"阴犯轩辕大","3","0","3"
"置马湖路总","1","2","3"
"七百四十八","2","1","3"
"川制置使赵","1","2","3"
"制置使赵定","1","2","3"
"置使赵定应","1","2","3"
"留万户忽都","2","1","3"
"临安北十五","2","1","3"
"安北十五里","2","1","3"
"枢密使谢堂","1","2","3"
"枢密院事刘","2","1","3"
"丞相伯颜等","2","1","3"
"同知宣慰司","2","1","3"
"知宣慰司事","2","1","3"
"一万三千八","1","2","3"
"攻泰州新城","2","1","3"
"江西都元帅","2","1","3"
"西都元帅宋","2","1","3"
"召嗣汉天师","2","1","3"
"阿里海牙征","3","0","3"
"朱焕守扬州","2","1","3"
"阿里海牙平","2","1","3"
"参知政事董","1","2","3"
"知政事董文","1","2","3"
"政事董文炳","1","2","3"
"湖南北等路","2","1","3"
"安西王所部","2","1","3"
"死事者银钞","3","0","3"
"事者银钞差","3","0","3"
"八千三百五","2","1","3"
"弟子张留孙","1","2","3"
"洪茶丘将兵","3","0","3"
"道宣慰使塔","2","1","3"
"广南西路宣","2","1","3"
"南西路宣抚","2","1","3"
"西路宣抚司","2","1","3"
"侍卫军万人","3","0","3"
"二十五万六","2","1","3"
"宣抚使程鹏","1","2","3"
"抚使程鹏飞","1","2","3"
"州总管府达","2","1","3"
"丁参知政事","3","0","3"
"十五年春正","3","0","3"
"太阴犯荧惑","3","0","3"
"核行御史台","2","1","3"
"行御史台文","2","1","3"
"枢密院招降","1","2","3"
"中书左丞吕","2","1","3"
"书省左丞夏","1","2","3"
"隶云南行省","3","0","3"
"江南官吏太","2","1","3"
"南官吏太冗","2","1","3"
"江西参知政","1","2","3"
"西参知政事","1","2","3"
"运粮五万石","2","1","3"
"粮五万石赈","2","1","3"
"中书省唆都","2","1","3"
"刑按察司治","3","0","3"
"阿合马滥设","2","1","3"
"阿合马子忽","3","0","3"
"合马子忽辛","3","0","3"
"都元帅张弘","1","2","3"
"斩首七千余","3","0","3"
"赞金方庆贺","3","0","3"
"里海牙入觐","3","0","3"
"平章阿里伯","2","1","3"
"行中书省检","1","2","3"
"荆襄等处道","2","1","3"
"襄等处道教","2","1","3"
"粮四千四百","1","2","3"
"附军千人屯","3","0","3"
"保定路达鲁","2","1","3"
"知太史院事","2","1","3"
"路转运盐使","2","1","3"
"汉军四百人","1","2","3"
"枢密院调兵","2","1","3"
"速剌丁招降","1","2","3"
"诸王纳里忽","2","1","3"
"太阴犯房星","3","0","3"
"一万七千三","1","2","3"
"太阴犯太微","3","0","3"
"真人李居寿","1","2","3"
"南国世子陈","2","1","3"
"国世子陈日","2","1","3"
"世子陈日烜","3","0","3"
"命湖北道宣","1","2","3"
"忽都帖木等","3","0","3"
"重庆制置使","1","2","3"
"王必帖木请","3","0","3"
"前所遣将同","2","1","3"
"所遣将同征","2","1","3"
"遣将同征缅","2","1","3"
"乞贷粮万石","2","1","3"
"思州安抚司","2","1","3"
"信州龙虎山","1","2","3"
"立陕西四川","2","1","3"
"行中书省招","1","2","3"
"政事阿里伯","1","2","3"
"命官八百员","2","1","3"
"分左右司官","2","1","3"
"迷失参知政","3","0","3"
"失参知政事","3","0","3"
"命天师张宗","2","1","3"
"新附军总管","1","2","3"
"星犯右执法","3","0","3"
"马价八百锭","2","1","3"
"木中书右丞","3","0","3"
"一万九千锭","1","2","3"
"木参知政事","3","0","3"
"发新附军千","3","0","3"
"昌州盖里泊","2","1","3"
"遣大将军金","2","1","3"
"右丞相瓮吉","1","2","3"
"百八十一人","1","2","3"
"阿合马妻子","2","1","3"
"福建宣慰司","1","2","3"
"命四川行省","2","1","3"
"初立詹事院","2","1","3"
"令管军万户","1","2","3"
"二百六十户","2","1","3"
"十二月丁亥","3","0","3"
"瀛国公赵鳷","3","0","3"
"蒙古人十六","1","2","3"
"古人十六员","1","2","3"
"行省金银铁","1","2","3"
"省金银铁冶","1","2","3"
"赐皇子北安","3","0","3"
"年春正月丙","3","0","3"
"十八里屯田","1","2","3"
"令隆兴行省","1","2","3"
"授高丽国王","1","2","3"
"阿八赤新开","2","1","3"
"川行省参政","2","1","3"
"太白犯左执","3","0","3"
"白犯左执法","3","0","3"
"十一月壬子","3","0","3"
"百七十八人","2","1","3"
"造船二百艘","2","1","3"
"省平章阿里","2","1","3"
"阿里海牙请","1","2","3"
"开元等路宣","2","1","3"
"元等路宣慰","2","1","3"
"鄂州达鲁花","2","1","3"
"鲁花赤赵翥","2","1","3"
"元路宣抚司","1","2","3"
"陈日烜遣中","3","0","3"
"侍卫亲军万","3","0","3"
"卫亲军万人","3","0","3"
"南王脱欢征","2","1","3"
"遣中大夫阮","3","0","3"
"中大夫阮道","1","2","3"
"大夫阮道学","1","2","3"
"夫阮道学等","1","2","3"
"云南行省言","3","0","3"
"钞一万四千","1","2","3"
"百三十三人","1","2","3"
"大罗盘亚罗","1","2","3"
"罗盘亚罗日","1","2","3"
"西榷茶运使","2","1","3"
"安南兴道王","2","1","3"
"二十二年春","1","2","3"
"怀孟诸路竹","2","1","3"
"孟诸路竹货","2","1","3"
"发诸卫军六","3","0","3"
"诸卫军六千","3","0","3"
"御史台大夫","1","2","3"
"宣慰使月迷","3","0","3"
"慰使月迷失","3","0","3"
"二万七千户","1","2","3"
"阿剌帖木等","3","0","3"
"高丽遣使贡","3","0","3"
"丽遣使贡方","3","0","3"
"蒙古军三千","2","1","3"
"古军三千人","2","1","3"
"答古阿散等","3","0","3"
"一万六千四","1","2","3"
"省俸金九百","2","1","3"
"百七十一人","1","2","3"
"辽东道宣慰","2","1","3"
"荆湖行省平","2","1","3"
"湖行省平章","2","1","3"
"纳速剌丁上","1","2","3"
"三道按察司","2","1","3"
"道按察司隶","2","1","3"
"荆湖行省阿","2","1","3"
"湖行省阿里","2","1","3"
"行省阿里海","2","1","3"
"省阿里海牙","2","1","3"
"遣镇西平缅","2","1","3"
"等路招讨使","2","1","3"
"阳等处行中","2","1","3"
"章政事二员","3","0","3"
"中书省斟酌","1","2","3"
"招讨司达鲁","2","1","3"
"讨司达鲁花","2","1","3"
"赐诸王术伯","3","0","3"
"国史院纂修","2","1","3"
"千一百三十","2","1","3"
"大司农司上","1","2","3"
"一百六十六","1","2","3"
"置征交趾行","2","1","3"
"征交趾行尚","2","1","3"
"交趾行尚书","2","1","3"
"趾行尚书省","2","1","3"
"贤大学士阿","2","1","3"
"太阴犯牵牛","3","0","3"
"探马赤军三","2","1","3"
"马赤军三千","2","1","3"
"台吏王良弼","2","1","3"
"尚书省政事","2","1","3"
"站脱脱禾孙","2","1","3"
"升福建盐运","2","1","3"
"探马赤军一","1","2","3"
"大夫阮文彦","1","2","3"
"阳等处行尚","2","1","3"
"剌浑撒里升","2","1","3"
"浑撒里升平","2","1","3"
"撒里升平章","2","1","3"
"里升平章政","2","1","3"
"省平章忽都","2","1","3"
"诸军渡富良","2","1","3"
"军渡富良江","2","1","3"
"弃城走敢喃","2","1","3"
"城走敢喃堡","2","1","3"
"作佛事坐静","3","0","3"
"路霖雨害稼","3","0","3"
"钞四万八千","2","1","3"
"命乌马将水","3","0","3"
"乌马将水兵","3","0","3"
"张文虎等粮","3","0","3"
"文虎等粮船","3","0","3"
"章政事忙兀","1","2","3"
"政事忙兀带","1","2","3"
"租四千七百","2","1","3"
"张文虎粮船","2","1","3"
"命爱鲁引兵","2","1","3"
"管内听行尚","3","0","3"
"内听行尚书","3","0","3"
"听行尚书省","3","0","3"
"国王陈日烜","3","0","3"
"王陈日烜遣","3","0","3"
"万五千二百","2","1","3"
"太阴犯岁星","3","0","3"
"荧惑犯天江","3","0","3"
"乌思藏宣慰","2","1","3"
"杀三百余人","3","0","3"
"都民史吉等","2","1","3"
"布二万三千","2","1","3"
"百一十三锭","1","2","3"
"荧惑犯垒壁","3","0","3"
"惑犯垒壁阵","3","0","3"
"钞二十九万","2","1","3"
"校二万四千","1","2","3"
"二万四千四","2","1","3"
"运三十万石","2","1","3"
"侍御史坚童","2","1","3"
"相忙兀带总","2","1","3"
"木绵提举司","2","1","3"
"卫亲军千人","2","1","3"
"官礼部尚书","2","1","3"
"茶都转运司","2","1","3"
"授行尚书省","2","1","3"
"百八十六户","1","2","3"
"西僧作佛事","3","0","3"
"斡罗思招附","2","1","3"
"二万九千三","2","1","3"
"汉军万户府","2","1","3"
"剌合孙答剌","2","1","3"
"合孙答剌罕","2","1","3"
"等二十四处","1","2","3"
"桑哥辅政碑","2","1","3"
"书省御史台","1","2","3"
"一万六千二","1","2","3"
"百八十八石","1","2","3"
"广南西路安","1","2","3"
"南西路安抚","1","2","3"
"征八百媳妇","2","1","3"
"木八剌沙上","2","1","3"
"蛮夷军民官","2","1","3"
"云南行御史","1","2","3"
"百九十九户","1","2","3"
"百一十三石","1","2","3"
"平章政事黑","2","1","3"
"钞四十三万","1","2","3"
"受皇太子宝","3","0","3"
"文曰受命天","3","0","3"
"上徽仁裕圣","3","0","3"
"四月十四日","1","2","3"
"高丽王王昛","3","0","3"
"云南行省所","2","1","3"
"大行皇帝尊","2","1","3"
"行皇帝尊谥","2","1","3"
"诏翰林国史","2","1","3"
"钞二千六百","2","1","3"
"行枢密院月","1","2","3"
"事范文虎监","1","2","3"
"副达鲁花赤","2","1","3"
"元贞元年春","1","2","3"
"平章政事合","1","2","3"
"一百二十贯","1","2","3"
"卫士贫乏者","2","1","3"
"诏江浙行省","3","0","3"
"召陕西行台","2","1","3"
"僧辇真吃剌","2","1","3"
"太阴犯明堂","3","0","3"
"民匠都总管","2","1","3"
"上都留守贺","2","1","3"
"都留守贺伯","2","1","3"
"者三千余人","3","0","3"
"采珠提举司","1","2","3"
"军士三百人","1","2","3"
"建寿安山寺","1","2","3"
"幸大护国仁","2","1","3"
"造寿安山寺","2","1","3"
"祀太庙礼成","3","0","3"
"御大明殿受","3","0","3"
"大明殿受朝","3","0","3"
"明殿受朝贺","3","0","3"
"建帝师八思","2","1","3"
"忽都鲁都迷","3","0","3"
"都鲁都迷失","3","0","3"
"赐钞五万贯","2","1","3"
"星回回司天","3","0","3"
"枢密院事阔","2","1","3"
"密院事阔彻","2","1","3"
"院事阔彻伯","2","1","3"
"授正奉大夫","2","1","3"
"赐钞五十万","2","1","3"
"灾者二万三","2","1","3"
"者二万三千","2","1","3"
"遣知枢密院","1","2","3"
"平章政事铁","1","2","3"
"章政事铁木","1","2","3"
"事塔失海牙","1","2","3"
"书右丞相铁","2","1","3"
"显宗甘麻剌","1","2","3"
"倒剌沙中书","3","0","3"
"沙中书平章","3","0","3"
"铁失知枢密","2","1","3"
"台同知枢密","2","1","3"
"诸王薛彻干","2","1","3"
"祀海神天妃","1","2","3"
"天下后世何","3","0","3"
"盗窃太庙神","2","1","3"
"窃太庙神主","2","1","3"
"阿速卫指挥","2","1","3"
"速卫指挥使","2","1","3"
"命中书平章","1","2","3"
"平章政事马","3","0","3"
"命司天监翙","3","0","3"
"钞一万三千","1","2","3"
"一万三千锭","1","2","3"
"曹州楚丘县","2","1","3"
"寿福总管府","1","2","3"
"武昌路江夏","1","2","3"
"昌路江夏县","1","2","3"
"内外百官凡","1","2","3"
"怀王图帖睦","1","2","3"
"一千六百五","1","2","3"
"一万八千五","1","2","3"
"世〈王束〉","3","0","3"
"河南行省官","1","2","3"
"行省督所属","3","0","3"
"宗仁卫屯田","2","1","3"
"犯井宿钺星","1","2","3"
"曰仁献章圣","3","0","3"
"武宗抚军北","3","0","3"
"宗抚军北边","3","0","3"
"英宗皇太子","3","0","3"
"参知政事王","1","2","3"
"造乘舆服御","2","1","3"
"特授开府仪","2","1","3"
"钞一千八百","1","2","3"
"一千八百锭","1","2","3"
"政事哈八秃","3","0","3"
"次王忽察都","3","0","3"
"南王铁木花","3","0","3"
"指挥使速台","3","0","3"
"前西台御史","2","1","3"
"诸王孛罗帖","2","1","3"
"保定两万户","1","2","3"
"平章政事明","1","2","3"
"章政事明里","1","2","3"
"蒙古元帅花","3","0","3"
"古元帅花帖","3","0","3"
"等三十人田","2","1","3"
"三十人田宅","2","1","3"
"十人田宅赐","2","1","3"
"宗祔右穆第","3","0","3"
"枢密院事塔","2","1","3"
"阿剌忒纳答","2","1","3"
"剌忒纳答剌","2","1","3"
"西武靖王搠","2","1","3"
"武靖王搠思","2","1","3"
"靖王搠思班","2","1","3"
"授集贤侍讲","3","0","3"
"诸王月鲁帖","2","1","3"
"皇后雍吉剌","1","2","3"
"云南行省蒙","1","2","3"
"湖广行省调","1","2","3"
"银沙罗甸等","1","2","3"
"沙罗甸等处","1","2","3"
"处宣慰司都","2","1","3"
"辽阳行省督","1","2","3"
"犯鬼宿积尸","1","2","3"
"鬼宿积尸气","1","2","3"
"迎明宗皇帝","1","2","3"
"六百五十人","1","2","3"
"平屯田府所","1","2","3"
"天护圣寺工","2","1","3"
"护圣寺工役","2","1","3"
"采辑本朝典","2","1","3"
"辑本朝典故","2","1","3"
"事塔失帖木","2","1","3"
"漕米四十万","2","1","3"
"权臣铁木迭","2","1","3"
"二百七十户","1","2","3"
"冲圣嗣孝皇","1","2","3"
"圣嗣孝皇帝","1","2","3"
"顺三年八月","1","2","3"
"公主本答里","2","1","3"
"忽都笃皇帝","3","0","3"
"大明兵入京","3","0","3"
"明兵入京城","3","0","3"
"答纳失里皇","1","2","3"
"纳失里皇后","1","2","3"
"意丞相太平","2","1","3"
"遣同知枢密","2","1","3"
"金大将合达","2","1","3"
"时阿合马擅","3","0","3"
"右赞善大夫","2","1","3"
"寿辉部将倪","1","2","3"
"辉部将倪文","1","2","3"
"部将倪文俊","1","2","3"
"宽彻普化复","2","1","3"
"帖木花监国","3","0","3"
"顺王宽彻普","2","1","3"
"王宽彻普化","2","1","3"
"摧锋陷阵者","2","1","3"
"大明兵逼京","2","1","3"
"都行省承制","1","2","3"
"行省承制行","1","2","3"
"省承制行事","1","2","3"
"天倪弟天泽","2","1","3"
"太宗命塔思","1","2","3"
"溺死者过半","2","1","3"
"国王速浑察","2","1","3"
"丹秃鲁干复","2","1","3"
"秃鲁干复叛","2","1","3"
"尚书平章政","2","1","3"
"章政事速答","3","0","3"
"按察司改肃","2","1","3"
"察司改肃政","2","1","3"
"司改肃政廉","2","1","3"
"改肃政廉访","2","1","3"
"一千六百人","1","2","3"
"进攻青居山","1","2","3"
"升昭毅大将","1","2","3"
"筑十字路城","1","2","3"
"军顺流东下","2","1","3"
"进荣禄大夫","3","0","3"
"充达鲁花赤","3","0","3"
"祖赤老温恺","2","1","3"
"常身先诸将","2","1","3"
"行省断事官","1","2","3"
"南河北道宣","2","1","3"
"改陕西行台","3","0","3"
"命布鲁海牙","2","1","3"
"阿里普海牙","2","1","3"
"嘉兴路总管","1","2","3"
"议立尚书省","3","0","3"
"十二年七月","1","2","3"
"者五百余人","2","1","3"
"鄂州张晏然","2","1","3"
"千五百艘横","2","1","3"
"五百艘横亘","2","1","3"
"百艘横亘江","2","1","3"
"艘横亘江中","2","1","3"
"户忽都虎等","2","1","3"
"进平章政事","3","0","3"
"遣御史大夫","2","1","3"
"行枢密院合","1","2","3"
"率二十余骑","1","2","3"
"州守将李庭","1","2","3"
"守将李庭芝","1","2","3"
"孙虎臣丁家","3","0","3"
"虎臣丁家洲","3","0","3"
"升武略将军","1","2","3"
"召参议中书","3","0","3"
"茶转运使卢","1","2","3"
"蒙古军副都","1","2","3"
"古军副都万","1","2","3"
"军副都万户","1","2","3"
"宋安抚吕文","2","1","3"
"万户史格率","1","2","3"
"侍卫亲军副","1","2","3"
"将孙虎臣战","2","1","3"
"十七年八月","1","2","3"
"指挥使司事","1","2","3"
"立福建行省","2","1","3"
"爪主婿土罕","3","0","3"
"主婿土罕必","3","0","3"
"行尚书省都","2","1","3"
"阿礼海牙召","1","2","3"
"西行省员外","2","1","3"
"迁陕西汉中","3","0","3"
"赫抵雅丁曰","3","0","3"
"复参议中书","3","0","3"
"许便宜行事","3","0","3"
"迁河南行省","3","0","3"
"张士诚高邮","3","0","3"
"大宗正府紥","3","0","3"
"御史大夫懿","1","2","3"
"史大夫懿怜","1","2","3"
"大夫懿怜真","1","2","3"
"夫懿怜真班","1","2","3"
"升荣禄大夫","1","2","3"
"召中书左丞","3","0","3"
"二十年二月","1","2","3"
"监察御史辩","2","1","3"
"升中书右丞","2","1","3"
"部探马赤军","1","2","3"
"子孛罗帖木","2","1","3"
"遂中书左丞","3","0","3"
"孛罗帖木大","3","0","3"
"平章政事失","2","1","3"
"寻江浙行省","3","0","3"
"除浙西廉访","3","0","3"
"命治书侍御","1","2","3"
"复翰林学士","3","0","3"
"杀行省大臣","1","2","3"
"除吏部尚书","3","0","3"
"改浙东道宣","3","0","3"
"年五月八日","1","2","3"
"改礼部侍郎","3","0","3"
"南两道廉访","1","2","3"
"东道廉访副","2","1","3"
"迁陕西行台","3","0","3"
"乾宁安抚司","1","2","3"
"除大宗正府","2","1","3"
"正十二年春","2","1","3"
"升吏部郎中","2","1","3"
"亲王察合台","1","2","3"
"改赐金虎符","2","1","3"
"兴州节度使","1","2","3"
"州节度使赵","1","2","3"
"蒙古汉军兵","2","1","3"
"古汉军兵马","2","1","3"
"将武仙真定","3","0","3"
"授左副元帅","2","1","3"
"张文谦宣抚","3","0","3"
"李璮叛济南","3","0","3"
"将彭义斌率","1","2","3"
"太祖命按陈","1","2","3"
"金元帅崔立","2","1","3"
"王木华黎南","1","2","3"
"木华黎南下","1","2","3"
"宣抚使蒲鲜","1","2","3"
"抚使蒲鲜万","1","2","3"
"使蒲鲜万奴","1","2","3"
"相贾似道率","1","2","3"
"遥授平章政","2","1","3"
"未尝妄杀一","3","0","3"
"尝妄杀一人","3","0","3"
"进阶中奉大","2","1","3"
"节度使柴茂","1","2","3"
"中山府治中","1","2","3"
"功赐金虎符","1","2","3"
"授银青荣禄","2","1","3"
"东平路总管","1","2","3"
"恒山公武仙","2","1","3"
"三十万户归","1","2","3"
"建行省参知","1","2","3"
"所置达鲁花","2","1","3"
"遣侍卫亲军","1","2","3"
"要束木伏诛","2","1","3"
"湖广行枢密","1","2","3"
"户私役兵士","1","2","3"
"章政事阿合","1","2","3"
"政事阿合马","1","2","3"
"扬州守将姜","1","2","3"
"州守将姜才","1","2","3"
"十二年五月","1","2","3"
"路宣抚司事","1","2","3"
"藏书数万卷","1","2","3"
"十道宣抚使","1","2","3"
"默太子太傅","3","0","3"
"同国王头辇","1","2","3"
"参议行省事","1","2","3"
"御史台纠察","2","1","3"
"加资善大夫","1","2","3"
"迁翰林学士","3","0","3"
"命忽兰吉佩","2","1","3"
"总帅汪德臣","1","2","3"
"战船三千艘","1","2","3"
"军万户解汝","1","2","3"
"大军攻樊城","1","2","3"
"陈吊眼聚众","1","2","3"
"州总管府同","1","2","3"
"澧州安抚使","1","2","3"
"世祖征云南","1","2","3"
"千五百石赈","2","1","3"
"授嘉议大夫","2","1","3"
"林承旨王磐","2","1","3"
"行枢密院经","1","2","3"
"时州县官吏","1","2","3"
"西道按察使","1","2","3"
"行省平章马","1","2","3"
"丞相伯颜攻","1","2","3"
"赵居信等十","1","2","3"
"居信等十人","1","2","3"
"史程钜夫奉","1","2","3"
"程钜夫奉诏","1","2","3"
"十四年六月","1","2","3"
"榷茶转运司","1","2","3"
"行御史台监","1","2","3"
"同御史大夫","1","2","3"
"弟子十二人","1","2","3"
"同知保定路","1","2","3"
"任达鲁花赤","1","2","3"
"失列门传皇","1","2","3"
"四十余万锭","1","2","3"
"遵守祖宗成","1","2","3"
"改中书左司","3","0","3"
"辟御史台掾","3","0","3"
"升朝列大夫","1","2","3"
"部尚书致仕","3","0","3"
"特加荣禄大","2","1","3"
"考试国子伴","1","2","3"
"仁宗居东宫","2","1","3"
"上都大安阁","1","2","3"
"昭文馆学士","1","2","3"
"升嘉议大夫","1","2","3"
"检校书籍事","2","1","3"
"山北廉访司","2","1","3"
"授同知辽州","2","1","3"
"顺二年二月","1","2","3"
"大明殿朝贺","1","2","3"
"治元年进士","2","1","3"
"迁集贤直学","2","1","3"
"平江路总管","1","2","3"
"统二年五月","1","2","3"
"廉访使段辅","1","2","3"
"授饶州路总","2","1","3"
"登元统元年","2","1","3"
"顺元年进士","2","1","3"
"佥广东廉访","2","1","3"
"希曾等十人","1","2","3"
"失八都鲁营","2","1","3"
"皇太子抚军","2","1","3"
"太子抚军冀","2","1","3"
"子抚军冀宁","2","1","3"
"佥省严忠范","1","2","3"
"路总管府知","1","2","3"
"总管府知事","1","2","3"
"授江浙行省","1","2","3"
"广东廉访使","1","2","3"
"翰林国史编","1","2","3"
"林国史编修","1","2","3"
"师张宗演入","1","2","3"
"张宗演入朝","1","2","3"
"银青光禄大","1","2","3"
"青光禄大夫","1","2","3"
"二十年四月","1","2","3"
"帝遣达达国","2","1","3"
"遣达达国师","2","1","3"
"算江淮行省","1","2","3"
"增三百万锭","2","1","3"
"路府州县官","1","2","3"
"命右丞相铁","1","2","3"
"十四年三月","2","1","3"
"正二十一年","1","2","3"
"左右阿速卫","1","2","3"
"孛罗帖木兵","3","0","3"
"十六年七月","1","2","3"
"率二千人迎","1","2","3"
"世祖中统元","1","2","3"
"祖中统元年","1","2","3"
"枢密院臣议","2","1","3"
"遣彻彻都等","2","1","3"
"赵良弼充国","2","1","3"
"良弼充国信","2","1","3"
"弼充国信使","2","1","3"
"安抚使阿海","1","2","3"
"尚书右丞宋","2","1","3"
"书右丞宋玢","2","1","3"
"赵良弼使日","1","2","3"
"良弼使日本","2","1","3"
"驸马高丽王","2","1","3"
"十九年正月","1","2","3"
"洪茶丘等率","1","2","3"
"元二年七月","1","2","3"
"富良江北岸","1","2","3"
"一千三百人","1","2","3"
"叔父陈遗爱","1","2","3"
"丞相阿里海","1","2","3"
"相阿里海牙","1","2","3"
"南宣慰司上","1","2","3"
"遣陪臣陶子","2","1","3"
"陪臣陶子奇","2","1","3"
"秃鲁迷失率","1","2","3"
"海外诸蕃国","2","1","3"
"湖广三行省","1","2","3"
"三十年正月","1","2","3"
"二十九年三","1","2","3"
"三月二十九","1","2","3"
"些还没有归","0","3","3"
"皇上的诏令","0","3","3"
"同意他们的","0","3","3"
"帝在京师近","0","3","3"
"的四处驿站","0","3","3"
"侍奉世祖于","0","3","3"
"世祖对他说","0","3","3"
"随太祖征伐","0","3","3"
"为地方长官","0","3","3"
"免除儒生徭","0","3","3"
"除儒生徭役","0","3","3"
"廷内外官吏","0","3","3"
"官府逮捕了","0","3","3"
"他们的罪行","0","3","3"
"王磐的意见","0","3","3"
"皇上的旨意","0","3","3"
"世祖准备征","0","3","3"
"准备征伐日","0","3","3"
"忽兰吉回答","0","3","3"
"官吏的选拔","0","3","3"
"无事可做的","0","3","3"
"事可做的官","0","3","3"
"我所希望的","0","3","3"
"朴赛因不花","0","3","3"
"隐瞒不报的","0","3","3"
"太后的旨意","0","3","3"
"任命廉希宪","0","3","3"
"耶律铸为中","0","3","3"
"律铸为中书","0","3","3"
"粘合南合为","0","3","3"
"等路的宣抚","0","3","3"
"充任国信使","0","3","3"
"县发生蝗灾","0","3","3"
"任命伯颜为","0","3","3"
"万户府包括","0","3","3"
"阿里海牙为","0","3","3"
"提举司改为","0","3","3"
"十万零五千","0","3","3"
"阿里为中书","0","3","3"
"钱钞五百锭","0","3","3"
"降职为集贤","0","3","3"
"命陕西行省","0","3","3"
"为岭北行省","0","3","3"
"县进献嘉禾","0","3","3"
"赈济钱钞五","0","3","3"
"任命中书省","0","3","3"
"只儿哈郎为","0","3","3"
"黄金五百两","0","3","3"
"白银二千五","0","3","3"
"钱钞五万贯","0","3","3"
"诸王按梯不","0","3","3"
"王按梯不花","0","3","3"
"谥号于南郊","0","3","3"
"木儿等人金","0","3","3"
"密院事也儿","0","3","3"
"院事也儿吉","0","3","3"
"诸王不赛因","0","3","3"
"钱钞各一千","0","3","3"
"钱钞一千二","0","3","3"
"钞一千二百","0","3","3"
"十三处驿站","0","3","3"
"处驿站饥荒","0","3","3"
"赈济钱钞三","0","3","3"
"设立詹事院","0","3","3"
"儿为中书平","0","3","3"
"南王帖木儿","0","3","3"
"脱脱木儿与","0","3","3"
"脱木儿与辽","0","3","3"
"木儿与辽东","0","3","3"
"交战于蓟州","0","3","3"
"任命江西行","0","3","3"
"任命同知枢","0","3","3"
"元帅也速答","0","3","3"
"帅也速答儿","0","3","3"
"里帖木儿为","0","3","3"
"帖木儿为中","0","3","3"
"铁木儿为太","0","3","3"
"木儿为左丞","0","3","3"
"密院事秃儿","0","3","3"
"院事秃儿哈","0","3","3"
"事秃儿哈帖","0","3","3"
"秃儿哈帖木","0","3","3"
"儿哈帖木儿","0","3","3"
"任命大司农","0","3","3"
"封燕铁木儿","0","3","3"
"阔里吉思为","0","3","3"
"年四十二岁","0","3","3"
"浑都帖木儿","0","3","3"
"太后尊号为","0","3","3"
"为太中大夫","0","3","3"
"后又加赠推","0","3","3"
"太仆寺少卿","0","3","3"
"年六十六岁","0","3","3"
"玉枢虎儿吐","0","3","3"
"枢虎儿吐华","0","3","3"
"令孛罗帖木","0","3","3"
"赐进士及第","0","3","3"
"后改任翰林","0","3","3"
"升为中书右","0","3","3"
"升为资善大","0","3","3"
"拜为中书左","0","3","3"
"为兵部尚书","0","3","3"
"改任河南行","0","3","3"
"年七十七岁","0","3","3"
"别乞里迷失","0","3","3"
"改任江浙行","0","3","3"
"与丞相伯颜","0","3","3"
"设立中书省","0","3","3"
"拜参知政事","0","3","3"
"任同佥枢密","0","3","3"
"任淮东宣慰","0","3","3"
"金五十两及","0","3","3"
"阿蓝答儿等","0","3","3"
"拔为监察御","0","3","3"
"任户部侍郎","0","3","3"
"享年六十七","0","3","3"
"年六十七岁","0","3","3"
"任翰林侍讲","0","3","3"
"东廉访司佥","0","3","3"
"反元义军首","0","3","3"
"元义军首领","0","3","3"
"年五十七岁","0","3","3"
"任云南行省","0","3","3"
"完者帖木儿","0","3","3"
"帖木儿为太","0","3","3"
"州等处设置","0","3","3"
"德将军统领","0","3","3"
"将军统领王","0","3","3"
"军统领王国","0","3","3"
"将军副统领","0","3","3"
"军副统领刘","0","3","3"
"副统领刘杰","0","3","3"
"招讨司改为","0","3","3"
"亦黑迷失等","0","3","3"
"过了几个月","0","3","3"
"莫如手伦的","0","3","3"
"说了这件事","0","3","3"
"世祖至元三","0","3","3"
"全部夺过来","0","3","3"
"汪罕的弟弟","0","3","3"
"后来又重新","0","3","3"
"把部队转移","0","3","3"
"部队转移到","0","3","3"
"皇弟哈撒儿","0","3","3"
"太祖和汪罕","0","3","3"
"燕火脱儿等","0","3","3"
"报告了太祖","0","3","3"
"国前来归附","0","3","3"
"西夏国王李","0","3","3"
"太祖亲自率","0","3","3"
"驻跸的地方","0","3","3"
"率军前来救","0","3","3"
"军前来救援","0","3","3"
"木华黎进攻","0","3","3"
"率领部众前","0","3","3"
"领部众前来","0","3","3"
"部众前来归","0","3","3"
"蒙古军攻下","0","3","3"
"副都元帅之","0","3","3"
"改年号为天","0","3","3"
"木华黎为太","0","3","3"
"华黎为太师","0","3","3"
"史天倪为河","0","3","3"
"领部下前来","0","3","3"
"还没有攻下","0","3","3"
"的军队前来","0","3","3"
"太祖十九年","0","3","3"
"太祖二十二","0","3","3"
"祖二十二年","0","3","3"
"军渡过黄河","0","3","3"
"安葬在起辇","0","3","3"
"葬在起辇谷","0","3","3"
"第三个儿子","0","3","3"
"年五十六岁","0","3","3"
"惑星干犯房","0","3","3"
"孙失烈门为","0","3","3"
"以后一定会","0","3","3"
"知道后立即","0","3","3"
"你们这些人","0","3","3"
"诸侯王也速","0","3","3"
"行尚书省的","0","3","3"
"和先前一样","0","3","3"
"任他的副手","0","3","3"
"皇帝驻跸的","0","3","3"
"下诏晓谕他","0","3","3"
"分三路进军","0","3","3"
"领各自的部","0","3","3"
"给诸侯王的","0","3","3"
"返回自己的","0","3","3"
"白银五十两","0","3","3"
"军征伐南方","0","3","3"
"王阿里不哥","0","3","3"
"举行盛大宴","0","3","3"
"行盛大宴会","0","3","3"
"相继前来投","0","3","3"
"诸侯王莫哥","0","3","3"
"同数量的赏","0","3","3"
"数量的赏赐","0","3","3"
"率领其余的","0","3","3"
"担任他的副","0","3","3"
"率领自己的","0","3","3"
"率领所部军","0","3","3"
"领所部军队","0","3","3"
"攻占了该城","0","3","3"
"娶弘吉剌氏","0","3","3"
"宋朝的贾似","0","3","3"
"朝的贾似道","0","3","3"
"世祖即皇帝","0","3","3"
"祖即皇帝位","0","3","3"
"赵良弼为参","0","3","3"
"良弼为参议","0","3","3"
"丽国王王亻","0","3","3"
"国王王亻典","0","3","3"
"五百人前往","0","3","3"
"立贸易市场","0","3","3"
"者处以死刑","0","3","3"
"处便宜行事","0","3","3"
"签征的士兵","0","3","3"
"驻扎在燕京","0","3","3"
"捕获的宋朝","0","3","3"
"获的宋朝间","0","3","3"
"的宋朝间谍","0","3","3"
"诏令十个路","0","3","3"
"令十个路的","0","3","3"
"宣抚司制造","0","3","3"
"任命燕京路","0","3","3"
"学士承旨兼","0","3","3"
"八月十一日","0","3","3"
"都元帅纽王","0","3","3"
"廉希宪为中","0","3","3"
"令诸侯王合","0","3","3"
"十一月二十","0","3","3"
"在燕京的近","0","3","3"
"燕京的近郊","0","3","3"
"纹的绸缎各","0","3","3"
"素色的各一","0","3","3"
"色的各一半","0","3","3"
"五千零九十","0","3","3"
"千零九十八","0","3","3"
"三十三两白","0","3","3"
"十三两白银","0","3","3"
"百五十两白","0","3","3"
"纹的绸缎三","0","3","3"
"的绸缎三百","0","3","3"
"绸缎三百匹","0","3","3"
"素色的各半","0","3","3"
"皇上下诏给","0","3","3"
"书省事务的","0","3","3"
"全部听从他","0","3","3"
"百姓的药局","0","3","3"
"百姓的赋税","0","3","3"
"有功的军官","0","3","3"
"中书省政务","0","3","3"
"部下的军官","0","3","3"
"任命右丞相","0","3","3"
"宗庙社稷的","0","3","3"
"赛典赤为平","0","3","3"
"典赤为平章","0","3","3"
"那里的百姓","0","3","3"
"海东青银符","0","3","3"
"任命许衡为","0","3","3"
"命许衡为国","0","3","3"
"许衡为国子","0","3","3"
"衡为国子祭","0","3","3"
"枢为太子太","0","3","3"
"衡为太子太","0","3","3"
"默为太子太","0","3","3"
"为太子太保","0","3","3"
"一胎生下三","0","3","3"
"所借贷的官","0","3","3"
"命令平章政","0","3","3"
"附近的百姓","0","3","3"
"士兵一万名","0","3","3"
"二万五千多","0","3","3"
"理中书省事","0","3","3"
"赏赐给诸侯","0","3","3"
"处以死刑的","0","3","3"
"逃亡的士兵","0","3","3"
"三城献给宋","0","3","3"
"朝内外官员","0","3","3"
"内外官员的","0","3","3"
"隶属于上都","0","3","3"
"领二千名士","0","3","3"
"二千名士卒","0","3","3"
"济南的百姓","0","3","3"
"愿从军的人","0","3","3"
"宣慰司的事","0","3","3"
"慰司的事务","0","3","3"
"吾儿文字书","0","3","3"
"分别隶属于","0","3","3"
"各路镇守官","0","3","3"
"路的镇守官","0","3","3"
"给诸侯王合","0","3","3"
"海东青牌符","0","3","3"
"年田租的一","0","3","3"
"陕西行省上","0","3","3"
"以及诸侯王","0","3","3"
"赐给钱钞以","0","3","3"
"们交纳赋税","0","3","3"
"向百姓征收","0","3","3"
"交纳赋税的","0","3","3"
"甘州发生饥","0","3","3"
"赐给白银一","0","3","3"
"百姓饥饿乏","0","3","3"
"姓饥饿乏食","0","3","3"
"予高丽国王","0","3","3"
"立下战功而","0","3","3"
"战功而赏赐","0","3","3"
"钦察戍守青","0","3","3"
"察戍守青居","0","3","3"
"诏令陕西行","0","3","3"
"的军队返回","0","3","3"
"子弟组成的","0","3","3"
"弟组成的质","0","3","3"
"组成的质子","0","3","3"
"成的质子军","0","3","3"
"原来的地方","0","3","3"
"长春宫设立","0","3","3"
"煮盐的灶户","0","3","3"
"免交今年的","0","3","3"
"隶属于隆兴","0","3","3"
"公文的急递","0","3","3"
"文的急递铺","0","3","3"
"真定路镇守","0","3","3"
"的百姓耕牛","0","3","3"
"令他们耕种","0","3","3"
"当地的百姓","0","3","3"
"各路管民官","0","3","3"
"万五千两银","0","3","3"
"照每年的惯","0","3","3"
"每年的惯例","0","3","3"
"例赐给诸侯","0","3","3"
"给诸侯王黄","0","3","3"
"判死刑的罪","0","3","3"
"皇上下诏将","0","3","3"
"改为转运司","0","3","3"
"探马赤军的","0","3","3"
"士卒去戍守","0","3","3"
"军的辎重老","0","3","3"
"全部予以免","0","3","3"
"令他的儿子","0","3","3"
"官员的子弟","0","3","3"
"功的将士二","0","3","3"
"上交给官府","0","3","3"
"他们的妻儿","0","3","3"
"赐给有功的","0","3","3"
"漏登户籍的","0","3","3"
"派遣他的使","0","3","3"
"遣他的使臣","0","3","3"
"霜冻死庄稼","0","3","3"
"都路总管兼","0","3","3"
"等人钱钞二","0","3","3"
"为王事而死","0","3","3"
"武器的禁令","0","3","3"
"分别戍守沿","0","3","3"
"隶属于西川","0","3","3"
"中书省的大","0","3","3"
"书省的大臣","0","3","3"
"的十分之六","0","3","3"
"皇帝的旨意","0","3","3"
"流亡的百姓","0","3","3"
"举行祭祀典","0","3","3"
"行祭祀典礼","0","3","3"
"皇上赐给他","0","3","3"
"屯驻的军队","0","3","3"
"共有一百五","0","3","3"
"有一百五十","0","3","3"
"刑的罪犯七","0","3","3"
"官府供给耕","0","3","3"
"府供给耕牛","0","3","3"
"在各路设立","0","3","3"
"买平价粮食","0","3","3"
"南面边界的","0","3","3"
"朝廷的大臣","0","3","3"
"令中书省商","0","3","3"
"因为这件事","0","3","3"
"以表彰他的","0","3","3"
"礻直前来朝","0","3","3"
"直前来朝见","0","3","3"
"阿合马的意","0","3","3"
"合马的意见","0","3","3"
"听任百姓自","0","3","3"
"十八个部族","0","3","3"
"诸侯王玉龙","0","3","3"
"侯王玉龙答","0","3","3"
"行省的大臣","0","3","3"
"省的大臣上","0","3","3"
"的大臣上奏","0","3","3"
"险要的地方","0","3","3"
"领中书省左","0","3","3"
"们数量不等","0","3","3"
"十二月初五","0","3","3"
"返回他们本","0","3","3"
"派遣他的弟","0","3","3"
"遣他的弟弟","0","3","3"
"为工部尚书","0","3","3"
"辽东发生饥","0","3","3"
"粮米一万石","0","3","3"
"白银四百五","0","3","3"
"上都的商税","0","3","3"
"戍守边境的","0","3","3"
"命令四川行","0","3","3"
"令四川行枢","0","3","3"
"等路代理处","0","3","3"
"路代理处置","0","3","3"
"代理处置中","0","3","3"
"理处置中书","0","3","3"
"恭贺皇上的","0","3","3"
"行枢密院以","0","3","3"
"万五千两白","0","3","3"
"千人交付给","0","3","3"
"言蛊惑百姓","0","3","3"
"朝廷内外的","0","3","3"
"赈济水达达","0","3","3"
"济水达达部","0","3","3"
"用黄金装饰","0","3","3"
"百姓迁移到","0","3","3"
"逃避战乱的","0","3","3"
"免他们的罪","0","3","3"
"派遣兵部侍","0","3","3"
"遣他的大将","0","3","3"
"他的大将军","0","3","3"
"在京畿地区","0","3","3"
"答儿为中书","0","3","3"
"改为行中书","0","3","3"
"工部的事务","0","3","3"
"共有一百六","0","3","3"
"有一百六十","0","3","3"
"赐给他们数","0","3","3"
"数目不等的","0","3","3"
"使臣前来朝","0","3","3"
"筑大都城垣","0","3","3"
"平章政事之","0","3","3"
"章政事之职","0","3","3"
"的官吏军民","0","3","3"
"不同程度地","0","3","3"
"的百姓隶属","0","3","3"
"百姓隶属于","0","3","3"
"人充当侍卫","0","3","3"
"任命前中书","0","3","3"
"来恭贺皇帝","0","3","3"
"恭贺皇帝的","0","3","3"
"中书省六部","0","3","3"
"晓谕安南国","0","3","3"
"派遣他的儿","0","3","3"
"遣他的儿子","0","3","3"
"木星干犯轩","0","3","3"
"官员的子孙","0","3","3"
"新签征的军","0","3","3"
"签征的军队","0","3","3"
"士兵三千人","0","3","3"
"县发生旱灾","0","3","3"
"书前往晓谕","0","3","3"
"令处以杖刑","0","3","3"
"撤销各路的","0","3","3"
"转运司兼管","0","3","3"
"四川行省的","0","3","3"
"给安南国王","0","3","3"
"石粮米赈济","0","3","3"
"粮米赈济他","0","3","3"
"征收的赋税","0","3","3"
"命和礼霍孙","0","3","3"
"战功的将士","0","3","3"
"五十两银子","0","3","3"
"史台大臣进","0","3","3"
"台大臣进言","0","3","3"
"入宋朝境内","0","3","3"
"驸马忽剌出","0","3","3"
"等路发生饥","0","3","3"
"士兵一万人","0","3","3"
"给予钱钞二","0","3","3"
"山修筑堡寨","0","3","3"
"平路发生饥","0","3","3"
"交纳的赋税","0","3","3"
"赋税全部免","0","3","3"
"子王忄甚前","0","3","3"
"王忄甚前来","0","3","3"
"礻直玉带一","0","3","3"
"一万五千名","0","3","3"
"万五千名士","0","3","3"
"名士卒征伐","0","3","3"
"蒙古文字学","0","3","3"
"古文字学校","0","3","3"
"宋朝的官吏","0","3","3"
"授予高丽国","0","3","3"
"定朝廷礼仪","0","3","3"
"高丽的西京","0","3","3"
"共一百六十","0","3","3"
"掌管尚书省","0","3","3"
"遣使臣来说","0","3","3"
"人入朝觐见","0","3","3"
"以钱钞赈济","0","3","3"
"设立司农司","0","3","3"
"皇上下诏晓","0","3","3"
"上下诏晓谕","0","3","3"
"王礻直回国","0","3","3"
"为行尚书省","0","3","3"
"镇守官的子","0","3","3"
"守官的子弟","0","3","3"
"行省派遣使","0","3","3"
"省也速带儿","0","3","3"
"今年丝税银","0","3","3"
"年丝税银的","0","3","3"
"所经过的州","0","3","3"
"诸侯王拜答","0","3","3"
"都元帅也速","0","3","3"
"开元等路的","0","3","3"
"王阿只吉的","0","3","3"
"太微西垣天","0","3","3"
"微西垣天区","0","3","3"
"西垣天区的","0","3","3"
"垣天区的上","0","3","3"
"天区的上将","0","3","3"
"区的上将星","0","3","3"
"省钱钞一万","0","3","3"
"百姓的田地","0","3","3"
"的百姓一千","0","3","3"
"制置使朱祀","0","3","3"
"置使朱祀孙","0","3","3"
"他们返回原","0","3","3"
"各路转运司","0","3","3"
"朝内朝外的","0","3","3"
"州隶属于它","0","3","3"
"集贤殿大学","0","3","3"
"贤殿大学士","0","3","3"
"西夏中兴路","0","3","3"
"军国重大事","0","3","3"
"国重大事务","0","3","3"
"给河西行中","0","3","3"
"河西行中书","0","3","3"
"贡奉地方特","0","3","3"
"奉地方特产","0","3","3"
"襄阳守将吕","0","3","3"
"阳守将吕文","0","3","3"
"他部下的士","0","3","3"
"边境地区的","0","3","3"
"臣前来朝廷","0","3","3"
"等人羊马价","0","3","3"
"钱钞一万一","0","3","3"
"出使日本的","0","3","3"
"祭祀社稷神","0","3","3"
"产生怀疑和","0","3","3"
"里海牙督率","0","3","3"
"去赈济他们","0","3","3"
"和礼霍孙上","0","3","3"
"礼霍孙上奏","0","3","3"
"霍孙上奏说","0","3","3"
"禁止所有的","0","3","3"
"同数量的奖","0","3","3"
"数量的奖赏","0","3","3"
"们不同数量","0","3","3"
"没有入籍的","0","3","3"
"合并为一个","0","3","3"
"从军中来到","0","3","3"
"万户爱先不","0","3","3"
"户爱先不花","0","3","3"
"着皇上的诏","0","3","3"
"皇上的诏书","0","3","3"
"书去招降他","0","3","3"
"皇上下诏派","0","3","3"
"皇太子接受","0","3","3"
"朝廷的军队","0","3","3"
"从襄阳出发","0","3","3"
"派遣代理太","0","3","3"
"遣代理太尉","0","3","3"
"大都督之职","0","3","3"
"晓谕他们说","0","3","3"
"锭钱钞赐给","0","3","3"
"赐给将士们","0","3","3"
"新归附的军","0","3","3"
"府为他们赎","0","3","3"
"入籍的士兵","0","3","3"
"州重新隶属","0","3","3"
"全部隶属于","0","3","3"
"他们的军队","0","3","3"
"的军队抵达","0","3","3"
"数量各不相","0","3","3"
"量各不相同","0","3","3"
"不许狩猎的","0","3","3"
"许狩猎的禁","0","3","3"
"学士承旨和","0","3","3"
"士承旨和礼","0","3","3"
"承旨和礼霍","0","3","3"
"旨和礼霍孙","0","3","3"
"兼管会同馆","0","3","3"
"府升格为路","0","3","3"
"隶属于淮西","0","3","3"
"里海牙上奏","0","3","3"
"海牙上奏说","0","3","3"
"皇上便下诏","0","3","3"
"宣慰司上奏","0","3","3"
"慰司上奏说","0","3","3"
"命令也速带","0","3","3"
"令也速带儿","0","3","3"
"五月十一日","0","3","3"
"部下的战士","0","3","3"
"蒙古军士卒","0","3","3"
"监察御史上","0","3","3"
"派遣使臣以","0","3","3"
"率领他的部","0","3","3"
"忄甚派遣他","0","3","3"
"甚派遣他的","0","3","3"
"派遣使者分","0","3","3"
"仓库的粮食","0","3","3"
"属下的官员","0","3","3"
"人前来朝廷","0","3","3"
"率领本军投","0","3","3"
"领本军投降","0","3","3"
"派阿里海牙","0","3","3"
"宋朝安抚使","0","3","3"
"一千五百多","0","3","3"
"虎献城投降","0","3","3"
"为左副都元","0","3","3"
"一千艘战船","0","3","3"
"并入总管府","0","3","3"
"禁止不在籍","0","3","3"
"新归附的官","0","3","3"
"不花上奏说","0","3","3"
"阿里海牙派","0","3","3"
"等人的请求","0","3","3"
"派遣使者招","0","3","3"
"谕令中书省","0","3","3"
"把他们的职","0","3","3"
"他们的职司","0","3","3"
"师张宗演前","0","3","3"
"隶属于行中","0","3","3"
"属于行中书","0","3","3"
"能安居乐业","0","3","3"
"使臣前去招","0","3","3"
"的一万名士","0","3","3"
"给行中书省","0","3","3"
"前去招降宋","0","3","3"
"去招降宋朝","0","3","3"
"率领步兵骑","0","3","3"
"领步兵骑兵","0","3","3"
"姜才的军队","0","3","3"
"把宋军打得","0","3","3"
"金星干犯井","0","3","3"
"西川的蒙古","0","3","3"
"川的蒙古军","0","3","3"
"数额不同的","0","3","3"
"将他们处死","0","3","3"
"轩辕星座的","0","3","3"
"行枢密院佥","0","3","3"
"董文炳的军","0","3","3"
"文炳的军队","0","3","3"
"于江西行省","0","3","3"
"路连降大雨","0","3","3"
"权豪势要之","0","3","3"
"豪势要之家","0","3","3"
"千名士兵交","0","3","3"
"云南行省的","0","3","3"
"因为宋朝的","0","3","3"
"赋税的民户","0","3","3"
"宋朝的宗室","0","3","3"
"任命户部尚","0","3","3"
"你们为什么","0","3","3"
"你们所说的","0","3","3"
"设置宣慰司","0","3","3"
"帖木儿前来","0","3","3"
"放他们回家","0","3","3"
"宗演前来朝","0","3","3"
"演前来朝廷","0","3","3"
"接隶属于行","0","3","3"
"同数额的钱","0","3","3"
"数额的钱钞","0","3","3"
"乌马儿等人","0","3","3"
"行枢密院使","0","3","3"
"的漕运河渠","0","3","3"
"有真才实学","0","3","3"
"一万零四百","0","3","3"
"所部的军队","0","3","3"
"战死者不同","0","3","3"
"死者不同数","0","3","3"
"者不同数额","0","3","3"
"伯颜上奏说","0","3","3"
"铁木儿上奏","0","3","3"
"率军前去讨","0","3","3"
"没收其家财","0","3","3"
"发生水旱灾","0","3","3"
"均佩戴虎符","0","3","3"
"宣慰使塔出","0","3","3"
"署理江东道","0","3","3"
"理江东道宣","0","3","3"
"同数量的绢","0","3","3"
"数量的绢帛","0","3","3"
"命吏部尚书","0","3","3"
"吏部尚书别","0","3","3"
"发放官仓的","0","3","3"
"放官仓的粮","0","3","3"
"党全部被平","0","3","3"
"一千三百五","0","3","3"
"黄金一百两","0","3","3"
"一万石粮食","0","3","3"
"流落无主的","0","3","3"
"无主的汉奴","0","3","3"
"王相府上奏","0","3","3"
"相府上奏说","0","3","3"
"蒙古贵族子","0","3","3"
"古贵族子弟","0","3","3"
"千锭钱钞赈","0","3","3"
"均担任中书","0","3","3"
"担任中书左","0","3","3"
"亡宋的广王","0","3","3"
"令扬州行中","0","3","3"
"派遣官员去","0","3","3"
"大司农司的","0","3","3"
"因为江南的","0","3","3"
"宣慰司的官","0","3","3"
"派遣宣慰使","0","3","3"
"任职的官员","0","3","3"
"向皇帝奏闻","0","3","3"
"道的提刑按","0","3","3"
"的提刑按察","0","3","3"
"日之内完成","0","3","3"
"的事务隶属","0","3","3"
"事务隶属于","0","3","3"
"道的宣慰司","0","3","3"
"把它的事务","0","3","3"
"中书省派遣","0","3","3"
"钱钞二万一","0","3","3"
"路总管府同","0","3","3"
"为枢密院佥","0","3","3"
"不要使他们","0","3","3"
"了这个意见","0","3","3"
"阿合马的儿","0","3","3"
"合马的儿子","0","3","3"
"的儿子忽辛","0","3","3"
"迁移到杭州","0","3","3"
"罗氏鬼国国","0","3","3"
"均归附朝廷","0","3","3"
"县隶属于它","0","3","3"
"赞金方庆前","0","3","3"
"金方庆前来","0","3","3"
"方庆前来恭","0","3","3"
"庆前来恭贺","0","3","3"
"不等的钱钞","0","3","3"
"行中书省迁","0","3","3"
"安西王的丞","0","3","3"
"西王的丞相","0","3","3"
"丞相李德辉","0","3","3"
"令行中书省","0","3","3"
"的军队钱钞","0","3","3"
"新归附的人","0","3","3"
"他们全部前","0","3","3"
"敕命中书省","0","3","3"
"送他们回去","0","3","3"
"海外各藩国","0","3","3"
"下诏派使臣","0","3","3"
"阿合马上奏","0","3","3"
"合马上奏说","0","3","3"
"忽辛为中书","0","3","3"
"的差役赋税","0","3","3"
"五千名新附","0","3","3"
"安西王丞相","0","3","3"
"五千名驻守","0","3","3"
"粮食五千石","0","3","3"
"使臣去招降","0","3","3"
"事情被察觉","0","3","3"
"安南国的世","0","3","3"
"南国的世子","0","3","3"
"国的世子陈","0","3","3"
"子陈日火亘","0","3","3"
"一百零八人","0","3","3"
"泉州行中书","0","3","3"
"那些尚未归","0","3","3"
"些尚未归附","0","3","3"
"都帖木儿等","0","3","3"
"朝廷派去的","0","3","3"
"廷派去的使","0","3","3"
"派去的使臣","0","3","3"
"大臣们议论","0","3","3"
"溪洞蛮部的","0","3","3"
"了他的请求","0","3","3"
"皇帝临幸上","0","3","3"
"帝临幸上都","0","3","3"
"派一千名士","0","3","3"
"必帖木儿请","0","3","3"
"帖木儿请求","0","3","3"
"在察罕脑儿","0","3","3"
"安西王去世","0","3","3"
"伐日本的事","0","3","3"
"任命范文虎","0","3","3"
"赐予他们钱","0","3","3"
"粮食十万石","0","3","3"
"任命高丽国","0","3","3"
"命高丽国王","0","3","3"
"前来进贡驯","0","3","3"
"祭祀北斗星","0","3","3"
"隶属于安西","0","3","3"
"属于安西行","0","3","3"
"建造二百艘","0","3","3"
"儿为中书右","0","3","3"
"理御史台事","0","3","3"
"星干犯司怪","0","3","3"
"干犯司怪星","0","3","3"
"禄升格为从","0","3","3"
"阿合马知道","0","3","3"
"文字书写的","0","3","3"
"木儿为参知","0","3","3"
"儿为参知政","0","3","3"
"令安南国王","0","3","3"
"新附军钱钞","0","3","3"
"给他们工钱","0","3","3"
"的罪犯共二","0","3","3"
"一万零六百","0","3","3"
"御史台事务","0","3","3"
"因为阿合马","0","3","3"
"给贫穷的人","0","3","3"
"得皇上同意","0","3","3"
"御史台上奏","0","3","3"
"没收阿合马","0","3","3"
"余的全部撤","0","3","3"
"的全部撤销","0","3","3"
"为管军万户","0","3","3"
"协助征伐日","0","3","3"
"助征伐日本","0","3","3"
"事都总帅府","0","3","3"
"米以赈济饥","0","3","3"
"汰多余的官","0","3","3"
"儿派遣使臣","0","3","3"
"仓库的官员","0","3","3"
"亦奚不薛的","0","3","3"
"隶属于枢密","0","3","3"
"属于枢密院","0","3","3"
"等前来朝见","0","3","3"
"马八儿国派","0","3","3"
"八儿国派遣","0","3","3"
"儿国派遣使","0","3","3"
"地方特产前","0","3","3"
"产前来进贡","0","3","3"
"御史台的大","0","3","3"
"史台的大臣","0","3","3"
"总管府隶属","0","3","3"
"管府隶属于","0","3","3"
"给诸侯王出","0","3","3"
"合马专权时","0","3","3"
"五卫军士兵","0","3","3"
"日本的战船","0","3","3"
"新归附的洞","0","3","3"
"的重罪囚徒","0","3","3"
"处的宣慰司","0","3","3"
"名侍卫亲军","0","3","3"
"诸侯王相吾","0","3","3"
"侯王相吾答","0","3","3"
"缅国的军队","0","3","3"
"名士兵前往","0","3","3"
"占城行中书","0","3","3"
"城行中书省","0","3","3"
"钱钞十万锭","0","3","3"
"中书省参政","0","3","3"
"安南国派遣","0","3","3"
"星干犯钩钤","0","3","3"
"干犯钩钤星","0","3","3"
"太阴星遮掩","0","3","3"
"金星干犯左","0","3","3"
"同意他的意","0","3","3"
"意他的意见","0","3","3"
"的士卒二千","0","3","3"
"参知政事也","0","3","3"
"于是派遣使","0","3","3"
"木儿回答说","0","3","3"
"把江淮行省","0","3","3"
"忽都铁木儿","0","3","3"
"送他们返回","0","3","3"
"元帅府改为","0","3","3"
"卫的屯田发","0","3","3"
"赐给皇子爱","0","3","3"
"给皇子爱牙","0","3","3"
"贫穷的士兵","0","3","3"
"行省大臣上","0","3","3"
"令镇南王脱","0","3","3"
"市舶司合并","0","3","3"
"福建行省的","0","3","3"
"中书省讨论","0","3","3"
"不鲁迷失海","0","3","3"
"帝祭祀五大","0","3","3"
"撤销行御史","0","3","3"
"销行御史台","0","3","3"
"按察司隶属","0","3","3"
"察司隶属于","0","3","3"
"隶属于江西","0","3","3"
"荆湖行省的","0","3","3"
"宣慰使月的","0","3","3"
"慰使月的迷","0","3","3"
"月的迷失请","0","3","3"
"的迷失请求","0","3","3"
"行御史台与","0","3","3"
"兵一万二千","0","3","3"
"秃剌帖木儿","0","3","3"
"剌帖木儿等","0","3","3"
"镇南王命令","0","3","3"
"不要让他们","0","3","3"
"儿率军讨伐","0","3","3"
"云南王也先","0","3","3"
"率领一万人","0","3","3"
"任行省左丞","0","3","3"
"即古阿散等","0","3","3"
"中书省参议","0","3","3"
"等地的驿站","0","3","3"
"设立大司农","0","3","3"
"三个行省的","0","3","3"
"皇帝有旨说","0","3","3"
"胜纳合儿的","0","3","3"
"把我的意思","0","3","3"
"按察司迁到","0","3","3"
"帛各二千匹","0","3","3"
"千石米赈济","0","3","3"
"章政事二人","0","3","3"
"给合迷里的","0","3","3"
"星干犯进贤","0","3","3"
"干犯进贤星","0","3","3"
"为都转运使","0","3","3"
"百名新附军","0","3","3"
"千六百多石","0","3","3"
"星干犯东咸","0","3","3"
"干犯东咸星","0","3","3"
"给诸侯王术","0","3","3"
"钱钞十五万","0","3","3"
"为江淮行省","0","3","3"
"阴星干犯牵","0","3","3"
"星干犯牵牛","0","3","3"
"干犯牵牛星","0","3","3"
"乱的诸侯王","0","3","3"
"星干犯天江","0","3","3"
"干犯天江星","0","3","3"
"月的迷失上","0","3","3"
"的迷失上奏","0","3","3"
"迷失上奏说","0","3","3"
"总帅汪惟和","0","3","3"
"干犯太微东","0","3","3"
"入定做佛事","0","3","3"
"令江淮行省","0","3","3"
"行省辖区内","0","3","3"
"区内均听从","0","3","3"
"白银五百两","0","3","3"
"海都进犯边","0","3","3"
"都进犯边境","0","3","3"
"州连年发生","0","3","3"
"万石米赈济","0","3","3"
"属发生饥馑","0","3","3"
"尚书省衙署","0","3","3"
"粮米一千石","0","3","3"
"国王陈日火","0","3","3"
"大夫陈克用","0","3","3"
"命令甘肃行","0","3","3"
"令甘肃行省","0","3","3"
"由平章政事","0","3","3"
"饥饿乏食的","0","3","3"
"饿乏食的人","0","3","3"
"金星干犯鬼","0","3","3"
"雨损害庄稼","0","3","3"
"免除其田租","0","3","3"
"的百姓饥馑","0","3","3"
"总计钱钞四","0","3","3"
"掌管枢密院","0","3","3"
"交纳的田租","0","3","3"
"户前来归附","0","3","3"
"忽都不花等","0","3","3"
"率领部众一","0","3","3"
"领部众一万","0","3","3"
"屯田发生大","0","3","3"
"田发生大水","0","3","3"
"降低价格出","0","3","3"
"低价格出售","0","3","3"
"户归附朝廷","0","3","3"
"太白金星行","0","3","3"
"白金星行经","0","3","3"
"金星行经天","0","3","3"
"星行经天宇","0","3","3"
"大水伤害庄","0","3","3"
"一万五千石","0","3","3"
"九十天口粮","0","3","3"
"等人前来进","0","3","3"
"临幸大圣寿","0","3","3"
"达五百余人","0","3","3"
"赐给钱钞二","0","3","3"
"刘国杰讨伐","0","3","3"
"廉访司弹劾","0","3","3"
"多余的官员","0","3","3"
"贡献地方特","0","3","3"
"政廉访司的","0","3","3"
"百官的朝贺","0","3","3"
"谥为昭睿顺","0","3","3"
"是受命于天","0","3","3"
"黄金各五百","0","3","3"
"金各五百两","0","3","3"
"令翰林国史","0","3","3"
"整顿御史台","0","3","3"
"予钱钞一千","0","3","3"
"选拔官员的","0","3","3"
"塔即古阿散","0","3","3"
"县升格为州","0","3","3"
"各道廉访司","0","3","3"
"爪哇国派遣","0","3","3"
"附祭于太庙","0","3","3"
"极力推辞说","0","3","3"
"二月十九日","0","3","3"
"立英宗为皇","0","3","3"
"阴星凌犯轩","0","3","3"
"星凌犯灵台","0","3","3"
"阴星凌犯明","0","3","3"
"星凌犯明堂","0","3","3"
"星凌犯土星","0","3","3"
"给予蒙古族","0","3","3"
"做佛事七天","0","3","3"
"千石加以赈","0","3","3"
"石加以赈济","0","3","3"
"粮食一万三","0","3","3"
"食一万三千","0","3","3"
"事铁木儿脱","0","3","3"
"撤销徽政院","0","3","3"
"个月的粮食","0","3","3"
"秋七月初一","0","3","3"
"赈济三个月","0","3","3"
"为知枢密院","0","3","3"
"密院官员上","0","3","3"
"北行省官员","0","3","3"
"皆予以赈济","0","3","3"
"星凌犯鬼宿","0","3","3"
"金星凌犯亢","0","3","3"
"按时享祭于","0","3","3"
"时享祭于太","0","3","3"
"因亲祀太庙","0","3","3"
"铁木迭儿上","0","3","3"
"品以上官员","0","3","3"
"忽都鲁都儿","0","3","3"
"都鲁都儿迷","0","3","3"
"鲁都儿迷失","0","3","3"
"御大明殿接","0","3","3"
"大明殿接受","0","3","3"
"殿接受百官","0","3","3"
"回司天监祭","0","3","3"
"穿戴礼服礼","0","3","3"
"戴礼服礼帽","0","3","3"
"品秩为从五","0","3","3"
"土星相聚于","0","3","3"
"派遣使者赐","0","3","3"
"千石予以赈","0","3","3"
"石予以赈济","0","3","3"
"火星凌犯太","0","3","3"
"年满七十者","0","3","3"
"蒙古族子女","0","3","3"
"倒剌沙为中","0","3","3"
"剌沙为中书","0","3","3"
"沙为中书平","0","3","3"
"星凌犯氐宿","0","3","3"
"先铁木儿等","0","3","3"
"调发粮食予","0","3","3"
"发粮食予以","0","3","3"
"为太子副詹","0","3","3"
"章政事乃马","0","3","3"
"事秃满迭儿","0","3","3"
"灾异多次出","0","3","3"
"异多次出现","0","3","3"
"御史所说的","0","3","3"
"济粮食不等","0","3","3"
"木儿不花等","0","3","3"
"儿不花等人","0","3","3"
"再次隶属于","0","3","3"
"派遣翰林学","0","3","3"
"钱钞四万锭","0","3","3"
"家财用不足","0","3","3"
"听任人民采","0","3","3"
"设立行都水","0","3","3"
"等人钱钞不","0","3","3"
"派遣使者奉","0","3","3"
"土星凌犯井","0","3","3"
"赈济出售大","0","3","3"
"济出售大米","0","3","3"
"内外各官府","0","3","3"
"有关部门修","0","3","3"
"处接受佛戒","0","3","3"
"马于北方边","0","3","3"
"于北方边地","0","3","3"
"仁宗为皇太","0","3","3"
"任陕西行省","0","3","3"
"至治三年八","0","3","3"
"二年正月初","0","3","3"
"跃里帖木儿","0","3","3"
"明宗即皇帝","0","3","3"
"前任翰林学","0","3","3"
"相燕铁木儿","0","3","3"
"里帖木儿说","0","3","3"
"命为中书右","0","3","3"
"为他说得有","0","3","3"
"他说得有理","0","3","3"
"关系到国家","0","3","3"
"阿邻帖木儿","0","3","3"
"往行在处所","0","3","3"
"诸侯王燕只","0","3","3"
"告祭于南郊","0","3","3"
"所驿站钱钞","0","3","3"
"令中书省将","0","3","3"
"皇太子之宝","0","3","3"
"政事哈八儿","0","3","3"
"事哈八儿秃","0","3","3"
"忽察都地方","0","3","3"
"脱欢察儿等","0","3","3"
"倒剌沙等人","0","3","3"
"铁木儿率领","0","3","3"
"防守居庸关","0","3","3"
"南王铁木儿","0","3","3"
"挥使也速台","0","3","3"
"使也速台儿","0","3","3"
"丞相别不花","0","3","3"
"晓谕内外臣","0","3","3"
"谕内外臣民","0","3","3"
"内外臣民说","0","3","3"
"侯王忽剌台","0","3","3"
"命令司天监","0","3","3"
"明里董阿为","0","3","3"
"进入古北口","0","3","3"
"燕铁木儿大","0","3","3"
"铁木儿大军","0","3","3"
"张王圭的儿","0","3","3"
"王圭的儿子","0","3","3"
"使者颁布诏","0","3","3"
"者颁布诏书","0","3","3"
"兵进犯京师","0","3","3"
"抄没其家资","0","3","3"
"蒙古元帅不","0","3","3"
"古元帅不花","0","3","3"
"璐不花为御","0","3","3"
"不花为御史","0","3","3"
"田地房舍赐","0","3","3"
"地房舍赐给","0","3","3"
"和燕铁木儿","0","3","3"
"秩为正二品","0","3","3"
"礻付祭于右","0","3","3"
"付祭于右穆","0","3","3"
"祭于右穆第","0","3","3"
"书省臣上言","0","3","3"
"铁木儿上言","0","3","3"
"木儿上言说","0","3","3"
"丞王月璐不","0","3","3"
"抚恤其家属","0","3","3"
"囊加台等人","0","3","3"
"官阶为中奉","0","3","3"
"阶为中奉大","0","3","3"
"令中书省及","0","3","3"
"告祭于太庙","0","3","3"
"宗临御大明","0","3","3"
"陕西行省官","0","3","3"
"西行省官员","0","3","3"
"广行省官员","0","3","3"
"令有关衙门","0","3","3"
"即皇帝之位","0","3","3"
"书省及各部","0","3","3"
"建造大承天","0","3","3"
"造大承天护","0","3","3"
"给有功之人","0","3","3"
"御史劾奏说","0","3","3"
"任为陕西行","0","3","3"
"时铁木迭儿","0","3","3"
"是先朝老臣","0","3","3"
"二月二十四","0","3","3"
"至正二十八","0","3","3"
"正二十八年","0","3","3"
"随太祖征讨","0","3","3"
"都朝见世祖","0","3","3"
"资政院使朴","0","3","3"
"政院使朴不","0","3","3"
"罗帖木儿大","0","3","3"
"对左右侍臣","0","3","3"
"世祖称赞他","0","3","3"
"世祖不高兴","0","3","3"
"不高兴地说","0","3","3"
"皇太后为太","0","3","3"
"其子脱列帖","0","3","3"
"脱列帖木儿","0","3","3"
"帖木儿承袭","0","3","3"
"我的职责所","0","3","3"
"的职责所在","0","3","3"
"很不高兴地","0","3","3"
"者不可胜计","0","3","3"
"与一般儿童","0","3","3"
"一般儿童不","0","3","3"
"般儿童不同","0","3","3"
"世祖对左右","0","3","3"
"蒙古军北还","0","3","3"
"第二天清晨","0","3","3"
"在诸将之上","0","3","3"
"以表彰其功","0","3","3"
"章政事也速","0","3","3"
"政事也速答","0","3","3"
"事也速答儿","0","3","3"
"为湖广行省","0","3","3"
"左右近臣说","0","3","3"
"高丽王遣其","0","3","3"
"年七十三岁","0","3","3"
"的话是对的","0","3","3"
"领一支人马","0","3","3"
"遣使向朝廷","0","3","3"
"尤精于骑射","0","3","3"
"报告了朝廷","0","3","3"
"州相继投降","0","3","3"
"大军攻河南","0","3","3"
"随宗王旭烈","0","3","3"
"太宗十一年","0","3","3"
"朝廷设立尚","0","3","3"
"廷设立尚书","0","3","3"
"继承父职为","0","3","3"
"自幼就侍奉","0","3","3"
"奉朝廷之命","0","3","3"
"后又随大军","0","3","3"
"乃颜反叛朝","0","3","3"
"颜反叛朝廷","0","3","3"
"的意见很好","0","3","3"
"有害于民的","0","3","3"
"官府对他们","0","3","3"
"们无可奈何","0","3","3"
"拜为光禄大","0","3","3"
"宗王乃颜反","0","3","3"
"年四十六岁","0","3","3"
"了这个建议","0","3","3"
"拜中书平章","0","3","3"
"向元朝纳贡","0","3","3"
"夏贵以战舰","0","3","3"
"即位于上都","0","3","3"
"宋将夏贵以","0","3","3"
"与伯颜会师","0","3","3"
"不久又拜为","0","3","3"
"儿为平章政","0","3","3"
"人民起兵反","0","3","3"
"民起兵反元","0","3","3"
"随大军伐宋","0","3","3"
"向世祖陈述","0","3","3"
"对百姓进行","0","3","3"
"所过秋毫无","0","3","3"
"过秋毫无犯","0","3","3"
"任参议中书","0","3","3"
"与御史大夫","0","3","3"
"的典章制度","0","3","3"
"有感慨地说","0","3","3"
"为朝列大夫","0","3","3"
"与宋军战于","0","3","3"
"颜派囊加歹","0","3","3"
"因病请求辞","0","3","3"
"病请求辞职","0","3","3"
"江南平定后","0","3","3"
"伯帖木儿奉","0","3","3"
"亦黑迷失率","0","3","3"
"御史台奏请","0","3","3"
"调任陕西汉","0","3","3"
"不久又升为","0","3","3"
"帝讲解经史","0","3","3"
"解除他的职","0","3","3"
"治国安邦之","0","3","3"
"国安邦之道","0","3","3"
"了他的劝告","0","3","3"
"为皇帝讲解","0","3","3"
"其弟也先帖","0","3","3"
"弟也先帖木","0","3","3"
"向皇帝讲解","0","3","3"
"廷任命他为","0","3","3"
"尚未启程又","0","3","3"
"河南人民起","0","3","3"
"南人民起义","0","3","3"
"为同知太常","0","3","3"
"任中书右司","0","3","3"
"起用为江浙","0","3","3"
"用为江浙行","0","3","3"
"任命为枢密","0","3","3"
"让位给皇太","0","3","3"
"位给皇太子","0","3","3"
"升为礼部尚","0","3","3"
"木儿塔识奏","0","3","3"
"儿塔识奏请","0","3","3"
"与江浙行省","0","3","3"
"任淮南行省","0","3","3"
"不久又兼任","0","3","3"
"哈剌不花为","0","3","3"
"帖木儿屯兵","0","3","3"
"起义军进攻","0","3","3"
"义军刘福通","0","3","3"
"调任江浙行","0","3","3"
"起义军占领","0","3","3"
"向他们讲明","0","3","3"
"尚未启程赴","0","3","3"
"未启程赴任","0","3","3"
"罗帖木儿与","0","3","3"
"罗帖木儿进","0","3","3"
"至正二十七","0","3","3"
"正二十七年","0","3","3"
"不敢胡作非","0","3","3"
"敢胡作非为","0","3","3"
"召回朝廷任","0","3","3"
"同意这个意","0","3","3"
"意这个意见","0","3","3"
"年五十一岁","0","3","3"
"向皇帝说明","0","3","3"
"为中书左司","0","3","3"
"任治书侍御","0","3","3"
"事无大小都","0","3","3"
"仁宗为太子","0","3","3"
"拜江南行台","0","3","3"
"改为江浙行","0","3","3"
"任浙东道宣","0","3","3"
"是年十一月","0","3","3"
"不知如何是","0","3","3"
"知如何是好","0","3","3"
"提升为翰林","0","3","3"
"年七十一岁","0","3","3"
"人都称赞他","0","3","3"
"为御史台照","0","3","3"
"世帖木儿为","0","3","3"
"纳了他的意","0","3","3"
"的土地和人","0","3","3"
"土地和人民","0","3","3"
"阿里不哥反","0","3","3"
"家世代务农","0","3","3"
"不仅释放了","0","3","3"
"州久攻不下","0","3","3"
"随木华黎攻","0","3","3"
"随大军攻取","0","3","3"
"木华黎上报","0","3","3"
"武仙占据真","0","3","3"
"仙占据真定","0","3","3"
"裕宗在东宫","0","3","3"
"召集大臣们","0","3","3"
"只能以死报","0","3","3"
"为龙虎卫上","0","3","3"
"有不到之处","0","3","3"
"要屠杀全城","0","3","3"
"承袭父亲官","0","3","3"
"太宗皇后二","0","3","3"
"他为东平路","0","3","3"
"世祖认为他","0","3","3"
"总管兼府尹","0","3","3"
"在金朝为官","0","3","3"
"祖在即位前","0","3","3"
"宋朝的纸币","0","3","3"
"军突然到来","0","3","3"
"治国安民之","0","3","3"
"王暗中勾结","0","3","3"
"这些人后来","0","3","3"
"年世祖即位","0","3","3"
"文炳为山东","0","3","3"
"任枢密院判","0","3","3"
"中书左丞之","0","3","3"
"书左丞之职","0","3","3"
"拜江西行省","0","3","3"
"常郁郁不乐","0","3","3"
"文谦与秉忠","0","3","3"
"之兵尽集于","0","3","3"
"民安居乐业","0","3","3"
"当时人认为","0","3","3"
"高丽王礻直","0","3","3"
"实际上是想","0","3","3"
"多被采纳施","0","3","3"
"被采纳施行","0","3","3"
"又召回朝廷","0","3","3"
"国王哈只葛","0","3","3"
"弼与亦黑迷","0","3","3"
"世祖为太子","0","3","3"
"祖为太子时","0","3","3"
"以减轻百姓","0","3","3"
"才实学的人","0","3","3"
"有名望的人","0","3","3"
"剥削百姓为","0","3","3"
"开始说他能","0","3","3"
"始说他能使","0","3","3"
"为御史台都","0","3","3"
"朝廷采纳了","0","3","3"
"回京任国子","0","3","3"
"任国子司业","0","3","3"
"任礼部主事","0","3","3"
"向他求学的","0","3","3"
"发生的原因","0","3","3"
"阿合马所用","0","3","3"
"任甘肃行省","0","3","3"
"与中书平章","0","3","3"
"尚书省报告","0","3","3"
"百姓的利害","0","3","3"
"拜许衡为师","0","3","3"
"任命为翰林","0","3","3"
"这样的人才","0","3","3"
"铁木迭儿之","0","3","3"
"木迭儿之子","0","3","3"
"是铁木迭儿","0","3","3"
"为礼部员外","0","3","3"
"他们的职务","0","3","3"
"征召为御史","0","3","3"
"召为御史台","0","3","3"
"御史台属官","0","3","3"
"宗还在东宫","0","3","3"
"哈剌帖木儿","0","3","3"
"任命虞集为","0","3","3"
"年进士及第","0","3","3"
"任国子博士","0","3","3"
"任翰林国史","0","3","3"
"皇上的命令","0","3","3"
"朝廷得知此","0","3","3"
"调任刑部尚","0","3","3"
"提升为江南","0","3","3"
"亻契哲笃说","0","3","3"
"得到皇帝的","0","3","3"
"吴当和黄昭","0","3","3"
"当以死报国","0","3","3"
"兵前往镇压","0","3","3"
"罗帖木儿领","0","3","3"
"反元起义军","0","3","3"
"守卫田的人","0","3","3"
"陛下可怜我","0","3","3"
"皇太后的旨","0","3","3"
"向皇上报告","0","3","3"
"脱脱兄弟的","0","3","3"
"先帖木儿的","0","3","3"
"哈麻和雪雪","0","3","3"
"与秃坚帖木","0","3","3"
"遣世子忄甚","0","3","3"
"乌马儿拔都","0","3","3"
"遣使招谕未","2","0","2"
"越境私商禁","2","0","2"
"达鲁花赤者","2","0","2"
"御史累章辨","2","0","2"
"史累章辨诬","2","0","2"
"铁木迭专政","2","0","2"
"撒礼塔屯所","2","0","2"
"能知天知人","2","0","2"
"知天知人者","2","0","2"
"皇子拖雷克","2","0","2"
"昔剌思等城","1","1","2"
"镇西门小堡","1","1","2"
"花中书右丞","2","0","2"
"总管王青制","1","1","2"
"封顺天等路","1","1","2"
"济南路万户","1","1","2"
"南路万户张","1","1","2"
"路万户张荣","1","1","2"
"中书右丞粘","1","1","2"
"书右丞粘合","1","1","2"
"右丞粘合南","1","1","2"
"丞粘合南合","1","1","2"
"诸路洞冶都","1","1","2"
"路洞冶都总","1","1","2"
"洞冶都总管","1","1","2"
"冶都总管府","1","1","2"
"立开元等路","1","1","2"
"开元等路转","1","1","2"
"元等路转运","1","1","2"
"等路转运司","1","1","2"
"立四道按察","1","1","2"
"四道按察司","1","1","2"
"立西蜀四川","1","1","2"
"西蜀四川监","1","1","2"
"蜀四川监榷","1","1","2"
"四川监榷茶","1","1","2"
"川监榷茶场","1","1","2"
"监榷茶场使","1","1","2"
"榷茶场使司","1","1","2"
"命陕西等路","1","1","2"
"陕西等路宣","1","1","2"
"西等路宣抚","1","1","2"
"路宣抚使赵","1","1","2"
"阁南直大殿","1","1","2"
"增选乐工八","1","1","2"
"选乐工八百","1","1","2"
"乐工八百人","1","1","2"
"中书省分遣","1","1","2"
"书省分遣淮","1","1","2"
"省分遣淮西","1","1","2"
"分遣淮西行","1","1","2"
"遣淮西行枢","1","1","2"
"汉军万户武","1","1","2"
"军万户武秀","1","1","2"
"兵部尚书吕","1","1","2"
"部尚书吕师","1","1","2"
"尚书吕师夔","1","1","2"
"伯颜中书右","2","0","2"
"颜中书右丞","2","0","2"
"合剌合孙中","2","0","2"
"剌合孙中书","2","0","2"
"孙中书右丞","2","0","2"
"兵部尚书王","1","1","2"
"部尚书王仪","1","1","2"
"安府安抚使","1","1","2"
"府安抚使杨","1","1","2"
"安抚使杨镇","1","1","2"
"刑按察使迷","1","1","2"
"按察使迷里","1","1","2"
"察使迷里忽","1","1","2"
"使迷里忽辛","1","1","2"
"置江淮等路","1","1","2"
"江淮等路都","1","1","2"
"淮等路都转","1","1","2"
"江淮榷茶都","1","1","2"
"淮榷茶都转","1","1","2"
"置八道提刑","1","1","2"
"八道提刑按","1","1","2"
"渊圣广源王","1","1","2"
"圣广源王加","1","1","2"
"广源王加封","1","1","2"
"源王加封善","1","1","2"
"王加封善佑","1","1","2"
"灵济昭应王","1","1","2"
"济昭应王加","1","1","2"
"昭应王加封","1","1","2"
"应王加封广","1","1","2"
"王加封广惠","1","1","2"
"灵霈侯追封","1","1","2"
"等五百二十","1","1","2"
"五百二十九","1","1","2"
"百二十九人","1","1","2"
"二十九人羊","1","1","2"
"十九人羊马","1","1","2"
"八千四百五","1","1","2"
"四百五十二","1","1","2"
"增设提刑按","1","1","2"
"设提刑按察","1","1","2"
"高丽国置大","1","1","2"
"丽国置大灰","1","1","2"
"官吏工匠银","1","1","2"
"吏工匠银二","1","1","2"
"工匠银二千","1","1","2"
"匠银二千两","1","1","2"
"遣吕告蛮部","1","1","2"
"安抚使王阿","1","1","2"
"抚使王阿济","1","1","2"
"使王阿济同","1","1","2"
"王阿济同万","1","1","2"
"阿济同万户","1","1","2"
"济同万户昝","1","1","2"
"同万户昝坤","1","1","2"
"万户昝坤招","1","1","2"
"立上都留守","1","1","2"
"失里牙信合","2","0","2"
"里牙信合八","2","0","2"
"合八剌麻合","1","1","2"
"八剌麻合迭","1","1","2"
"剌麻合迭瓦","1","1","2"
"赐礼部尚书","2","0","2"
"行省左丞麦","1","1","2"
"省左丞麦术","1","1","2"
"左丞麦术丁","1","1","2"
"麦术丁中书","2","0","2"
"术丁中书右","2","0","2"
"丁中书右丞","2","0","2"
"史台御史中","1","1","2"
"御史中丞张","1","1","2"
"史中丞张雄","1","1","2"
"中丞张雄飞","1","1","2"
"赐诸王里干","2","0","2"
"广东提刑按","1","1","2"
"广西按察司","1","1","2"
"福建按察司","1","1","2"
"俱蓝国王瓦","1","1","2"
"北京提刑按","1","1","2"
"京提刑按察","1","1","2"
"立斡脱总管","1","1","2"
"合思等羊马","1","1","2"
"思等羊马价","1","1","2"
"等羊马价钞","2","0","2"
"复扬州管匠","1","1","2"
"扬州管匠提","1","1","2"
"州管匠提举","1","1","2"
"管匠提举司","1","1","2"
"立常平盐局","1","1","2"
"立上都等路","1","1","2"
"上都等路群","1","1","2"
"都等路群牧","1","1","2"
"等路群牧都","1","1","2"
"路群牧都转","1","1","2"
"群牧都转运","1","1","2"
"牧都转运使","1","1","2"
"诸路常平盐","1","1","2"
"路常平盐铁","1","1","2"
"常平盐铁坑","1","1","2"
"平盐铁坑冶","1","1","2"
"盐铁坑冶都","1","1","2"
"铁坑冶都转","1","1","2"
"坑冶都转运","1","1","2"
"立临安广西","1","1","2"
"西道宣抚司","1","1","2"
"遣合撒海牙","2","0","2"
"必哥等考核","1","1","2"
"哥等考核云","1","1","2"
"等考核云南","1","1","2"
"考核云南行","1","1","2"
"核云南行省","1","1","2"
"安南行中书","1","1","2"
"都元帅乌马","1","1","2"
"立钦察卫亲","1","1","2"
"榷茶提举李","1","1","2"
"广东转运市","1","1","2"
"东转运市舶","1","1","2"
"转运市舶提","1","1","2"
"运市舶提举","1","1","2"
"盐课市舶提","1","1","2"
"课市舶提举","1","1","2"
"福建市舶都","1","1","2"
"建市舶都漕","1","1","2"
"市舶都漕运","1","1","2"
"舶都漕运司","1","1","2"
"司都转运盐","2","0","2"
"置江南四省","1","1","2"
"江南四省交","1","1","2"
"南四省交钞","1","1","2"
"四省交钞提","1","1","2"
"省交钞提举","1","1","2"
"立陕西宝钞","1","1","2"
"陕西宝钞提","1","1","2"
"西宝钞提举","1","1","2"
"宝钞提举司","1","1","2"
"封驸马帖木","1","1","2"
"云南乌撒宣","1","1","2"
"南乌撒宣抚","1","1","2"
"乌撒宣抚司","1","1","2"
"管军万户府","1","1","2"
"州路宣课提","1","1","2"
"路宣课提举","1","1","2"
"入宁夏都转","1","1","2"
"宁夏都转运","1","1","2"
"夏都转运使","1","1","2"
"知政事张守","1","1","2"
"政事张守智","1","1","2"
"林直学士李","1","1","2"
"直学士李天","1","1","2"
"学士李天英","1","1","2"
"捕提举司七","1","1","2"
"提举司七所","1","1","2"
"大都路甲匠","1","1","2"
"都路甲匠总","1","1","2"
"路甲匠总管","1","1","2"
"甲匠总管府","1","1","2"
"军器人匠都","1","1","2"
"器人匠都总","1","1","2"
"人匠都总管","1","1","2"
"参知政事何","1","1","2"
"知政事何荣","1","1","2"
"政事何荣祖","1","1","2"
"书省事张天","1","1","2"
"免田租十万","1","1","2"
"五千七百四","1","1","2"
"七百四十九","1","1","2"
"百四十九石","1","1","2"
"左丞李庭等","1","1","2"
"道宣慰使一","1","1","2"
"宣慰使一员","1","1","2"
"真定三万五","1","1","2"
"定三万五千","1","1","2"
"三万五千石","1","1","2"
"济宁二千一","1","1","2"
"宁二千一百","1","1","2"
"二千一百五","1","1","2"
"一百五十四","1","1","2"
"百五十四石","1","1","2"
"东平一百四","1","1","2"
"平一百四十","1","1","2"
"百四十七石","1","1","2"
"大名九百二","1","1","2"
"名九百二十","1","1","2"
"冠州二十七","1","1","2"
"州二十七石","1","1","2"
"烂土军民安","1","1","2"
"土军民安抚","1","1","2"
"王陈益稷遥","1","1","2"
"陈益稷遥授","1","1","2"
"益稷遥授湖","1","1","2"
"稷遥授湖广","1","1","2"
"遥授湖广等","1","1","2"
"授湖广等处","1","1","2"
"免屯田租一","1","1","2"
"屯田租一万","1","1","2"
"田租一万二","1","1","2"
"租一万二千","1","1","2"
"二千八百一","1","1","2"
"千八百一十","1","1","2"
"选湖南道宣","1","1","2"
"宣慰副使梁","1","1","2"
"海运米四十","1","1","2"
"运米四十万","1","1","2"
"九百七十七","1","1","2"
"百七十七石","1","1","2"
"江南都作院","1","1","2"
"一千六百锭","1","1","2"
"一百六十匹","1","1","2"
"置隆福宫卫","1","1","2"
"隆福宫卫候","1","1","2"
"福宫卫候司","1","1","2"
"立诸色户计","1","1","2"
"诸色户计诸","1","1","2"
"色户计诸总","1","1","2"
"户计诸总管","1","1","2"
"计诸总管府","1","1","2"
"行省左丞杨","1","1","2"
"省左丞杨炎","1","1","2"
"左丞杨炎龙","1","1","2"
"立云州银场","1","1","2"
"云州银场都","1","1","2"
"州银场都提","1","1","2"
"银场都提举","1","1","2"
"场都提举司","1","1","2"
"宝玉五方佛","1","1","2"
"玉五方佛冠","1","1","2"
"五方佛冠赐","1","1","2"
"麦术丁平章","2","0","2"
"中书省事何","1","1","2"
"书省事何荣","1","1","2"
"省事何荣祖","1","1","2"
"省左丞相黑","1","1","2"
"左丞相黑驴","1","1","2"
"政事赵世荣","1","1","2"
"行省右丞木","1","1","2"
"省右丞木八","1","1","2"
"知政事张思","1","1","2"
"政事张思明","1","1","2"
"中书左丞换","1","1","2"
"书左丞换住","1","1","2"
"太后太皇太","2","0","2"
"蒙古国子监","1","1","2"
"赐诸王铁木","1","1","2"
"花钞万五千","2","0","2"
"封诸王彻彻","1","1","2"
"元永延教三","1","1","2"
"永延教三藏","1","1","2"
"延教三藏法","1","1","2"
"教三藏法师","1","1","2"
"江南东西道","1","1","2"
"南东西道田","1","1","2"
"东西道田赋","1","1","2"
"饶州番阳县","1","1","2"
"州番阳县进","1","1","2"
"辽阳万户府","1","1","2"
"元钞五千万","1","1","2"
"中统钞二百","1","1","2"
"统钞二百五","1","1","2"
"常礼仪院拟","1","1","2"
"进时享太庙","1","1","2"
"时享太庙仪","1","1","2"
"享太庙仪式","1","1","2"
"三路差税三","1","1","2"
"中书右丞木","1","1","2"
"书右丞木八","1","1","2"
"南浙西道廉","1","1","2"
"道廉访使薛","1","1","2"
"廉访使薛处","1","1","2"
"访使薛处敬","1","1","2"
"中都威卫忠","2","0","2"
"都威卫忠翊","2","0","2"
"威卫忠翊侍","2","0","2"
"卫忠翊侍卫","2","0","2"
"赐金五百两","2","0","2"
"范阳县巨马","1","1","2"
"阳县巨马河","1","1","2"
"上都鹿顶殿","1","1","2"
"公主速哥八","1","1","2"
"主速哥八剌","1","1","2"
"元十三年十","1","1","2"
"三年十月二","1","1","2"
"年十月二十","1","1","2"
"行中书左丞","1","1","2"
"通政院使纽","1","1","2"
"政院使纽泽","1","1","2"
"浚镇江路漕","1","1","2"
"镇江路漕河","1","1","2"
"光圣仁孝皇","1","1","2"
"圣仁孝皇帝","1","1","2"
"皇妣晋王妃","1","1","2"
"妣晋王妃曰","1","1","2"
"晋王妃曰宣","1","1","2"
"王妃曰宣懿","1","1","2"
"妃曰宣懿淑","1","1","2"
"曰宣懿淑圣","1","1","2"
"宣懿淑圣皇","1","1","2"
"懿淑圣皇后","1","1","2"
"泰宁县五千","1","1","2"
"宁县五千户","1","1","2"
"县五千户封","1","1","2"
"五千户封买","1","1","2"
"千户封买奴","1","1","2"
"大司徒阔彻","1","1","2"
"司徒阔彻伯","1","1","2"
"忽商议军国","1","1","2"
"商议军国重","1","1","2"
"议军国重事","1","1","2"
"哈吃剌佛像","1","1","2"
"两广洞寨差","1","1","2"
"广洞寨差税","1","1","2"
"洞寨差税一","1","1","2"
"寨差税一年","1","1","2"
"江淮创科包","2","0","2"
"淮创科包银","2","0","2"
"创科包银三","1","1","2"
"科包银三年","1","1","2"
"赐诸王彻彻","2","0","2"
"彻彻秃金一","1","1","2"
"彻秃金一锭","1","1","2"
"召亲王图帖","1","1","2"
"高昌王都护","2","0","2"
"补化遣使进","1","1","2"
"赐寿宁公主","2","0","2"
"置定王薛彻","1","1","2"
"定王薛彻干","1","1","2"
"王薛彻干总","1","1","2"
"薛彻干总管","1","1","2"
"彻干总管府","1","1","2"
"平章政事囊","1","1","2"
"章政事囊加","1","1","2"
"政事囊加台","1","1","2"
"遣湘宁王八","1","1","2"
"枢密院事吉","2","0","2"
"书省左丞泼","1","1","2"
"省左丞泼皮","1","1","2"
"行台中丞朵","1","1","2"
"台中丞朵朵","1","1","2"
"卫士四百人","1","1","2"
"封八剌失里","1","1","2"
"八剌失里继","1","1","2"
"剌失里继母","1","1","2"
"失里继母买","1","1","2"
"皇妹昌国大","1","1","2"
"妹昌国大长","1","1","2"
"昌国大长公","1","1","2"
"八番金石番","1","1","2"
"番金石番等","1","1","2"
"金石番等处","1","1","2"
"诸王伯颜帖","1","1","2"
"王伯颜帖木","1","1","2"
"镇阔连东部","1","1","2"
"忒纳失里镇","2","0","2"
"东盐运司判","1","1","2"
"运司判官马","1","1","2"
"司判官马合","1","1","2"
"判官马合谟","1","1","2"
"加封温州故","1","1","2"
"封温州故平","1","1","2"
"温州故平阳","1","1","2"
"州故平阳侯","1","1","2"
"谕云南大车","1","1","2"
"云南大车里","1","1","2"
"封云南王王","1","1","2"
"益阳州六万","1","1","2"
"阳州六万五","1","1","2"
"封亲王图帖","1","1","2"
"图帖睦怀王","2","0","2"
"瑞州六万五","1","1","2"
"岁赐币帛千","1","1","2"
"遣兵部员外","1","1","2"
"部员外郎宋","1","1","2"
"员外郎宋本","1","1","2"
"部员外郎郑","1","1","2"
"员外郎郑立","1","1","2"
"工部主事张","1","1","2"
"部主事张成","1","1","2"
"太史院都事","1","1","2"
"史院都事费","1","1","2"
"院都事费著","1","1","2"
"诸王散术台","1","1","2"
"钞千二百锭","2","0","2"
"元钞四十万","1","1","2"
"钞四十万锭","1","1","2"
"中统钞十万","1","1","2"
"统钞十万锭","1","1","2"
"钞八千五百","1","1","2"
"八千五百锭","1","1","2"
"平章政事脱","1","1","2"
"章政事脱欢","1","1","2"
"政事脱欢答","1","1","2"
"事脱欢答剌","1","1","2"
"欢答剌罕升","1","1","2"
"海剌秃总管","1","1","2"
"剌秃总管府","1","1","2"
"五花城宿灭","1","1","2"
"花城宿灭秃","1","1","2"
"东廉访使许","1","1","2"
"廉访使许师","1","1","2"
"访使许师敬","1","1","2"
"史大夫秃忽","1","1","2"
"大夫秃忽鲁","1","1","2"
"夫秃忽鲁加","1","1","2"
"秃忽鲁加太","1","1","2"
"忽鲁加太保","1","1","2"
"诸王搠思班","1","1","2"
"王搠思班部","1","1","2"
"搠思班部战","1","1","2"
"思班部战士","1","1","2"
"班部战士四","1","1","2"
"部战士四百","1","1","2"
"战士四百人","1","1","2"
"士四百人征","1","1","2"
"中政使冯亨","1","1","2"
"涿州等处饥","1","1","2"
"赈钞三万锭","2","0","2"
"改河间盐运","2","0","2"
"大都河间等","1","1","2"
"都河间等路","1","1","2"
"河间等路都","1","1","2"
"间等路都转","1","1","2"
"巩昌路临洮","1","1","2"
"昌路临洮府","1","1","2"
"路临洮府饥","1","1","2"
"钞五万五千","1","1","2"
"五万五千锭","1","1","2"
"山东州县收","1","1","2"
"东州县收养","1","1","2"
"州县收养流","1","1","2"
"县收养流民","1","1","2"
"收养流民遗","1","1","2"
"养流民遗弃","1","1","2"
"流民遗弃子","1","1","2"
"民遗弃子女","1","1","2"
"知政事马合","1","1","2"
"东宣慰使李","1","1","2"
"宣慰使李处","1","1","2"
"慰使李处恭","1","1","2"
"两浙江东道","1","1","2"
"道廉访使朵","1","1","2"
"廉访使朵列","1","1","2"
"访使朵列秃","1","1","2"
"太史院使齐","1","1","2"
"史院使齐履","1","1","2"
"院使齐履谦","1","1","2"
"江西福建道","1","1","2"
"都功德使举","1","1","2"
"功德使举林","1","1","2"
"德使举林伯","1","1","2"
"湖宣慰使蒙","1","1","2"
"宣慰使蒙弼","1","1","2"
"江南湖广道","1","1","2"
"礼部尚书李","1","1","2"
"部尚书李家","1","1","2"
"尚书李家奴","1","1","2"
"工部尚书朱","1","1","2"
"河南江北道","1","1","2"
"枢密院事阿","1","1","2"
"密院事阿吉","1","1","2"
"院事阿吉剌","1","1","2"
"燕南山东道","1","1","2"
"宣徽院判韩","1","1","2"
"吏部尚书纳","1","1","2"
"部尚书纳哈","1","1","2"
"陕西盐运使","1","1","2"
"西盐运使众","1","1","2"
"盐运使众家","1","1","2"
"运使众家奴","1","1","2"
"书断事官韩","1","1","2"
"断事官韩庭","1","1","2"
"事官韩庭茂","1","1","2"
"南宣慰使寒","1","1","2"
"宣慰使寒食","1","1","2"
"冀宁路总管","1","1","2"
"宁路总管刘","1","1","2"
"路总管刘文","1","1","2"
"东宣慰使秃","1","1","2"
"宣慰使秃思","1","1","2"
"慰使秃思帖","1","1","2"
"使秃思帖木","1","1","2"
"行省左丞廉","1","1","2"
"侍讲学士帖","1","1","2"
"讲学士帖木","1","1","2"
"秘书卿吴秉","1","1","2"
"书卿吴秉道","1","1","2"
"八番宣慰司","1","1","2"
"番宣慰司官","1","1","2"
"加塔失帖木","1","1","2"
"延川二路饥","1","1","2"
"钞三千五百","1","1","2"
"三千五百锭","1","1","2"
"置常侍府官","1","1","2"
"常侍府官属","1","1","2"
"遥授中书左","1","1","2"
"大司徒斡耳","1","1","2"
"司徒斡耳朵","1","1","2"
"山北辽阳等","1","1","2"
"北辽阳等路","1","1","2"
"辽阳等路蒙","1","1","2"
"阳等路蒙古","1","1","2"
"等路蒙古军","1","1","2"
"路蒙古军万","1","1","2"
"古军万户孛","1","1","2"
"军万户孛罗","1","1","2"
"侍讲学士教","1","1","2"
"讲学士教化","1","1","2"
"学士教化等","1","1","2"
"中卫亲军都","1","1","2"
"都指挥使唐","1","1","2"
"指挥使唐兀","1","1","2"
"兵部尚书赛","1","1","2"
"部尚书赛罕","1","1","2"
"尚书赛罕八","1","1","2"
"木中书平章","2","0","2"
"知政事张友","1","1","2"
"政事张友谅","1","1","2"
"省左丞相伯","1","1","2"
"中书右丞赵","1","1","2"
"书右丞赵世","1","1","2"
"右丞赵世延","1","1","2"
"赵世延御史","2","0","2"
"世延御史中","2","0","2"
"延御史中丞","2","0","2"
"回回掌教哈","1","1","2"
"补化知枢密","1","1","2"
"化知枢密院","1","1","2"
"靖王买奴等","1","1","2"
"襄阳万户杨","1","1","2"
"阳万户杨克","1","1","2"
"邓州万户孙","1","1","2"
"州万户孙节","1","1","2"
"辽东秃满迭","1","1","2"
"蓟州两家店","1","1","2"
"中书右丞曹","1","1","2"
"书右丞曹立","1","1","2"
"建廉访使易","1","1","2"
"廉访使易释","1","1","2"
"访使易释董","1","1","2"
"使易释董阿","1","1","2"
"书左丞张思","1","1","2"
"左丞张思明","1","1","2"
"政事秃坚帖","1","1","2"
"行省右丞易","1","1","2"
"省右丞易释","1","1","2"
"右丞易释董","1","1","2"
"丞易释董阿","1","1","2"
"中书平章速","1","1","2"
"书平章速速","1","1","2"
"御史中丞列","2","0","2"
"史中丞列赤","2","0","2"
"庄圣皇后神","1","1","2"
"神御殿作佛","2","0","2"
"御殿作佛事","2","0","2"
"汉将军关羽","1","1","2"
"显灵义勇武","1","1","2"
"灵义勇武安","1","1","2"
"义勇武安英","1","1","2"
"勇武安英济","1","1","2"
"武安英济王","1","1","2"
"省左丞相吉","2","0","2"
"平王黄金印","2","0","2"
"海东白鹘青","1","1","2"
"东白鹘青鹘","1","1","2"
"列赤御史大","2","0","2"
"赤御史大夫","2","0","2"
"东宣慰司银","1","1","2"
"宣慰司银字","1","1","2"
"慰司银字圆","1","1","2"
"司银字圆符","1","1","2"
"鹰坊伯撒里","1","1","2"
"乌伯都剌珠","1","1","2"
"伯都剌珠衣","1","1","2"
"都剌珠衣赐","1","1","2"
"中政院使敬","1","1","2"
"政院使敬俨","1","1","2"
"枢密院事彻","1","1","2"
"密院事彻里","1","1","2"
"院事彻里帖","1","1","2"
"事彻里帖木","1","1","2"
"帖木中书左","2","0","2"
"木中书左丞","2","0","2"
"阿伯等六人","1","1","2"
"伯等六人田","1","1","2"
"等六人田宅","1","1","2"
"六人田宅赐","1","1","2"
"枢密院事花","2","0","2"
"密院事花帖","2","0","2"
"院事花帖木","2","0","2"
"参知政事跃","1","1","2"
"知政事跃里","1","1","2"
"政事跃里铁","1","1","2"
"事跃里铁木","1","1","2"
"参议省事赵","1","1","2"
"议省事赵世","1","1","2"
"大司农王毅","1","1","2"
"大都路涿州","1","1","2"
"都路涿州房","1","1","2"
"路涿州房山","1","1","2"
"范阳等县饥","1","1","2"
"阳等县饥民","1","1","2"
"台赃罚钞三","1","1","2"
"赃罚钞三百","1","1","2"
"罚钞三百锭","1","1","2"
"钞三百锭赐","1","1","2"
"教坊司撒剌","1","1","2"
"史中丞八剌","2","0","2"
"林直学士马","1","1","2"
"直学士马哈","1","1","2"
"典瑞使教化","1","1","2"
"佥中政院事","1","1","2"
"中政院事脱","1","1","2"
"书断事官忽","1","1","2"
"右司郎中孛","1","1","2"
"司员外郎王","1","1","2"
"员外郎王德","1","1","2"
"外郎王德明","1","1","2"
"礼部尚书八","1","1","2"
"八剌哈赤等","1","1","2"
"祖父纪功碑","1","1","2"
"父纪功碑铭","1","1","2"
"水达达路阿","1","1","2"
"达达路阿速","1","1","2"
"达路阿速古","1","1","2"
"改储庆使司","1","1","2"
"凤翔府岐阳","1","1","2"
"翔府岐阳书","1","1","2"
"府岐阳书院","1","1","2"
"中书参议阿","1","1","2"
"书参议阿荣","1","1","2"
"子詹事丞赵","1","1","2"
"詹事丞赵世","1","1","2"
"事丞赵世安","1","1","2"
"上都留守铁","1","1","2"
"都留守铁木","1","1","2"
"脱御史大夫","2","0","2"
"史中丞史惟","1","1","2"
"中丞史惟良","1","1","2"
"丞史惟良沛","1","1","2"
"史惟良沛县","1","1","2"
"诸路道教事","1","1","2"
"路道教事张","1","1","2"
"道教事张留","1","1","2"
"教事张留孙","1","1","2"
"赞化保运神","1","1","2"
"化保运神德","1","1","2"
"保运神德真","1","1","2"
"运神德真君","1","1","2"
"补化加录军","1","1","2"
"化加录军国","1","1","2"
"大司农卿燕","1","1","2"
"司农卿燕赤","1","1","2"
"立元江等处","1","1","2"
"元江等处宣","1","1","2"
"江等处宣慰","1","1","2"
"南威楚路黄","1","1","2"
"威楚路黄州","1","1","2"
"楚路黄州土","1","1","2"
"路黄州土官","1","1","2"
"黄州土官哀","1","1","2"
"州土官哀放","1","1","2"
"楚路土官昵","1","1","2"
"路土官昵放","1","1","2"
"中书左丞赵","1","1","2"
"书左丞赵世","1","1","2"
"左丞赵世安","1","1","2"
"丞赵世安提","1","1","2"
"世安提调国","1","1","2"
"安提调国子","1","1","2"
"调国子监学","1","1","2"
"大崇禧万寿","1","1","2"
"崇禧万寿寺","1","1","2"
"追封燕铁木","1","1","2"
"曾祖班都察","1","1","2"
"河东冀宁路","1","1","2"
"四川重庆路","1","1","2"
"川重庆路酒","1","1","2"
"重庆路酒禁","1","1","2"
"牙连秃杰鲁","1","1","2"
"连秃杰鲁迭","1","1","2"
"秃杰鲁迭所","1","1","2"
"杰鲁迭所居","1","1","2"
"鲁迭所居鹰","1","1","2"
"迭所居鹰坊","1","1","2"
"所居鹰坊八","1","1","2"
"居鹰坊八百","1","1","2"
"鹰坊八百七","1","1","2"
"坊八百七十","1","1","2"
"八百七十户","1","1","2"
"枢密院事撒","1","1","2"
"密院事撒敦","1","1","2"
"书右丞撒迪","1","1","2"
"宣政使阔里","1","1","2"
"政使阔里吉","1","1","2"
"使阔里吉思","1","1","2"
"铁木知枢密","2","0","2"
"太祖光献翼","1","1","2"
"祖光献翼圣","1","1","2"
"光献翼圣皇","1","1","2"
"献翼圣皇后","1","1","2"
"世祖昭睿顺","1","1","2"
"祖昭睿顺圣","1","1","2"
"济宁忠武王","1","1","2"
"宁忠武王按","1","1","2"
"忠武王按陈","1","1","2"
"驸马脱里思","1","1","2"
"宣慈惠圣皇","1","1","2"
"慈惠圣皇后","1","1","2"
"惠圣皇后真","1","1","2"
"圣皇后真哥","1","1","2"
"皇后真哥侄","1","1","2"
"后真哥侄毓","1","1","2"
"真哥侄毓德","1","1","2"
"哥侄毓德王","1","1","2"
"侄毓德王孛","1","1","2"
"毓德王孛罗","1","1","2"
"德王孛罗帖","1","1","2"
"元三年三月","1","1","2"
"二十五年八","1","1","2"
"五年八月崩","1","1","2"
"完者忽都皇","1","1","2"
"者忽都皇后","1","1","2"
"前锋三千人","1","1","2"
"锋三千人破","1","1","2"
"三千人破金","1","1","2"
"千人破金兵","1","1","2"
"人破金兵十","1","1","2"
"破金兵十余","1","1","2"
"金兵十余万","1","1","2"
"叛王岳木忽","1","1","2"
"裕宗徽仁裕","1","1","2"
"宗徽仁裕圣","1","1","2"
"孙浑都帖木","1","1","2"
"大元年三月","1","1","2"
"太后尊号曰","2","0","2"
"后尊号曰仪","2","0","2"
"泰宁福庆皇","1","1","2"
"宁福庆皇太","1","1","2"
"福庆皇太后","1","1","2"
"秃秃哈率众","1","1","2"
"秃哈率众追","1","1","2"
"拨付怯薛丹","1","1","2"
"付怯薛丹五","1","1","2"
"怯薛丹五百","1","1","2"
"薛丹五百名","1","1","2"
"子老章袭封","1","1","2"
"老章袭封镇","1","1","2"
"章袭封镇南","1","1","2"
"花黄金五十","1","1","2"
"设王傅等官","1","1","2"
"推忠宣力佐","1","1","2"
"阔里吉思独","1","1","2"
"弟术忽难袭","1","1","2"
"术忽难袭高","1","1","2"
"忽难袭高唐","1","1","2"
"难袭高唐王","1","1","2"
"赠推忠宣惠","1","1","2"
"推忠宣惠宁","1","1","2"
"忠宣惠宁远","1","1","2"
"宣惠宁远功","1","1","2"
"惠宁远功臣","1","1","2"
"加赠资善大","1","1","2"
"岭北等处行","1","1","2"
"追封鲁郡公","1","1","2"
"追赠推诚宣","1","1","2"
"推诚宣力翊","1","1","2"
"诚宣力翊卫","1","1","2"
"宣力翊卫功","1","1","2"
"赠推忠协谋","1","1","2"
"推忠协谋佐","1","1","2"
"忠协谋佐运","1","1","2"
"协谋佐运功","1","1","2"
"谋佐运功臣","1","1","2"
"诏赠宣忠同","1","1","2"
"赠宣忠同德","1","1","2"
"宣忠同德弼","1","1","2"
"忠同德弼亮","1","1","2"
"同德弼亮功","1","1","2"
"德弼亮功臣","1","1","2"
"林等处行中","1","1","2"
"特封淇阳王","1","1","2"
"立辽阳行省","1","1","2"
"撒合参知政","2","0","2"
"合参知政事","2","0","2"
"赠推诚亮节","1","1","2"
"推诚亮节崇","1","1","2"
"诚亮节崇德","1","1","2"
"亮节崇德赞","1","1","2"
"节崇德赞治","1","1","2"
"崇德赞治功","1","1","2"
"德赞治功臣","1","1","2"
"兀鲁兀台氏","1","1","2"
"散八思哈长","1","1","2"
"八思哈长官","1","1","2"
"行中书省郎","1","1","2"
"中书省郎中","1","1","2"
"献牝马三千","1","1","2"
"牝马三千匹","1","1","2"
"云南王征金","1","1","2"
"南王征金齿","1","1","2"
"王征金齿诸","1","1","2"
"征金齿诸部","1","1","2"
"赠平章政事","1","1","2"
"推忠宣力功","1","1","2"
"忠宣力功臣","1","1","2"
"授明威将军","1","1","2"
"征行军万户","1","1","2"
"行军万户府","1","1","2"
"进武义将军","2","0","2"
"本所达鲁花","1","1","2"
"所达鲁花赤","1","1","2"
"进昭武大将","1","1","2"
"昭武大将军","1","1","2"
"赠推忠同德","1","1","2"
"推忠同德佐","1","1","2"
"忠同德佐理","1","1","2"
"同德佐理功","1","1","2"
"德佐理功臣","1","1","2"
"追封武都王","1","1","2"
"平阳二路达","1","1","2"
"阳二路达鲁","1","1","2"
"云南诸路宣","1","1","2"
"南诸路宣慰","1","1","2"
"诸路宣慰使","1","1","2"
"授云南诸路","1","1","2"
"云南诸路转","1","1","2"
"南诸路转运","1","1","2"
"累赠推忠佐","1","1","2"
"追封宁国公","1","1","2"
"加赠推诚守","1","1","2"
"赠推诚守正","1","1","2"
"推诚守正佐","1","1","2"
"诚守正佐理","1","1","2"
"守正佐理翊","1","1","2"
"正佐理翊戴","1","1","2"
"佐理翊戴功","1","1","2"
"理翊戴功臣","1","1","2"
"木华黎四世","1","1","2"
"华黎四世孙","1","1","2"
"令儒臣姚枢","1","1","2"
"玉册玉宝上","1","1","2"
"册玉宝上皇","1","1","2"
"玉宝上皇后","1","1","2"
"宝上皇后弘","1","1","2"
"上皇后弘吉","1","1","2"
"玉册金宝立","1","1","2"
"册金宝立燕","1","1","2"
"金宝立燕王","1","1","2"
"曾祖述律哥","1","1","2"
"祖述律哥图","1","1","2"
"八邻部左千","1","1","2"
"邻部左千户","1","1","2"
"遣蒙古军都","1","1","2"
"加赠宣忠佐","1","1","2"
"赠宣忠佐命","1","1","2"
"宣忠佐命开","1","1","2"
"忠佐命开济","1","1","2"
"佐命开济翊","1","1","2"
"命开济翊戴","1","1","2"
"开济翊戴功","1","1","2"
"济翊戴功臣","1","1","2"
"先本武平北","1","1","2"
"本武平北折","1","1","2"
"武平北折连","1","1","2"
"平北折连川","1","1","2"
"北折连川按","1","1","2"
"折连川按答","1","1","2"
"连川按答罕","1","1","2"
"川按答罕山","1","1","2"
"按答罕山部","1","1","2"
"答罕山部族","1","1","2"
"佐宪宗征阿","1","1","2"
"宪宗征阿速","1","1","2"
"白金二千五","1","1","2"
"阿术会师襄","1","1","2"
"术会师襄阳","1","1","2"
"遣阿剌罕率","1","1","2"
"阿剌罕率诸","1","1","2"
"剌罕率诸翼","1","1","2"
"罕率诸翼军","1","1","2"
"率诸翼军攻","1","1","2"
"诸翼军攻郢","1","1","2"
"十二年六月","1","1","2"
"蒙古汉军上","1","1","2"
"古汉军上万","1","1","2"
"汉军上万户","1","1","2"
"行枢密院行","2","0","2"
"枢密院行中","2","0","2"
"密院行中书","2","0","2"
"院行中书省","2","0","2"
"行同知沿江","1","1","2"
"同知沿江枢","1","1","2"
"知沿江枢密","1","1","2"
"沿江枢密院","1","1","2"
"江枢密院事","1","1","2"
"加正奉大夫","1","1","2"
"追封滕国公","1","1","2"
"赠推忠守正","1","1","2"
"推忠守正佐","1","1","2"
"忠守正佐理","1","1","2"
"守正佐理功","1","1","2"
"正佐理功臣","1","1","2"
"追封徐国公","1","1","2"
"复中书平章","2","0","2"
"授南京等路","1","1","2"
"南京等路宣","1","1","2"
"京等路宣慰","1","1","2"
"改河南道宣","1","1","2"
"元年春三月","2","0","2"
"父哈剌火者","1","1","2"
"彰德南京新","1","1","2"
"德南京新军","1","1","2"
"南京新军千","1","1","2"
"京新军千户","1","1","2"
"丞相帐前合","1","1","2"
"相帐前合必","1","1","2"
"帐前合必赤","1","1","2"
"前合必赤军","1","1","2"
"漳州陈吊眼","1","1","2"
"州陈吊眼聚","1","1","2"
"升资德大夫","1","1","2"
"西等处行枢","1","1","2"
"大德二年十","1","1","2"
"德二年十一","1","1","2"
"效忠宣力定","1","1","2"
"追封林国公","1","1","2"
"立东路蒙古","1","1","2"
"东路蒙古军","1","1","2"
"路蒙古军上","1","1","2"
"蒙古军上万","1","1","2"
"古军上万户","1","1","2"
"军上万户府","1","1","2"
"勤等四千余","1","1","2"
"等四千余户","1","1","2"
"诏守鹿门山","1","1","2"
"安抚刘师勇","1","1","2"
"抚刘师勇攻","1","1","2"
"刘师勇攻吕","1","1","2"
"师勇攻吕城","1","1","2"
"使海外八罗","1","1","2"
"海外八罗孛","1","1","2"
"外八罗孛国","1","1","2"
"右丞唆都征","1","1","2"
"丞唆都征占","1","1","2"
"功授江浙省","1","1","2"
"授江浙省理","1","1","2"
"江浙省理问","1","1","2"
"浙省理问官","1","1","2"
"龙翊亲军都","1","1","2"
"都指挥使事","1","1","2"
"怀王命撒里","1","1","2"
"伯颜河南行","2","0","2"
"颜河南行省","2","0","2"
"特加伯颜银","1","1","2"
"加伯颜银青","1","1","2"
"伯颜银青荣","1","1","2"
"颜银青荣禄","1","1","2"
"赐黄金二百","1","1","2"
"白金一千两","1","1","2"
"楮币二十五","1","1","2"
"币二十五万","1","1","2"
"进封浚宁王","1","1","2"
"特加授侍正","1","1","2"
"加授侍正府","1","1","2"
"授侍正府侍","1","1","2"
"侍正府侍正","1","1","2"
"加伯颜昭功","1","1","2"
"伯颜昭功宣","1","1","2"
"颜昭功宣毅","1","1","2"
"昭功宣毅万","1","1","2"
"功宣毅万户","1","1","2"
"伯颜奉太皇","1","1","2"
"颜奉太皇太","1","1","2"
"太皇太后命","1","1","2"
"子懿璘质班","2","0","2"
"宫相诸内府","1","1","2"
"斡罗思诸卫","1","1","2"
"罗思诸卫亲","1","1","2"
"思诸卫亲军","1","1","2"
"诸卫亲军都","1","1","2"
"提调承徽寺","1","1","2"
"番宣抚司达","1","1","2"
"诏赠推诚定","1","1","2"
"赠推诚定远","1","1","2"
"推诚定远宣","1","1","2"
"诚定远宣忠","1","1","2"
"定远宣忠亮","1","1","2"
"远宣忠亮节","1","1","2"
"宣忠亮节功","1","1","2"
"忠亮节功臣","1","1","2"
"追封忠襄王","1","1","2"
"失八都鲁兵","1","1","2"
"皆封益国公","1","1","2"
"陕西诸省诸","1","1","2"
"西诸省诸王","1","1","2"
"诸省诸王兵","1","1","2"
"河南行省郎","1","1","2"
"南行省郎中","1","1","2"
"定亲郊礼仪","1","1","2"
"充读册祝官","1","1","2"
"阿里海涯传","1","1","2"
"伯牙吾台氏","1","1","2"
"建奎章阁学","1","1","2"
"中台监察御","1","1","2"
"太皇太后号","2","0","2"
"大臣燕铁木","1","1","2"
"除绍兴路总","2","0","2"
"授同知泗州","1","1","2"
"同知泗州事","1","1","2"
"分兵守安庆","1","1","2"
"辽阳行省参","1","1","2"
"阳行省参知","1","1","2"
"升河南行省","1","1","2"
"多礼伯台氏","1","1","2"
"怯怜口怯薛","1","1","2"
"怜口怯薛官","1","1","2"
"哈剌哈孙建","1","1","2"
"剌哈孙建议","1","1","2"
"哈孙建议迎","1","1","2"
"孙建议迎立","1","1","2"
"建议迎立武","1","1","2"
"议迎立武宗","1","1","2"
"北辽东道肃","1","1","2"
"子脱欢同入","1","1","2"
"脱欢同入国","1","1","2"
"欢同入国学","1","1","2"
"同知将作院","1","1","2"
"知将作院事","1","1","2"
"调同知通政","1","1","2"
"虎符唐兀亲","1","1","2"
"符唐兀亲军","1","1","2"
"唐兀亲军都","1","1","2"
"兀亲军都指","1","1","2"
"六世祖始居","1","1","2"
"世祖始居开","1","1","2"
"祖始居开平","1","1","2"
"五年六月卒","1","1","2"
"元贞二年卒","1","1","2"
"天泽扈驾北","1","1","2"
"泽扈驾北征","1","1","2"
"赠翊运效节","1","1","2"
"加赠推忠翊","1","1","2"
"赠推忠翊运","1","1","2"
"推忠翊运效","1","1","2"
"忠翊运效节","1","1","2"
"改封赵国公","1","1","2"
"卫辉路总管","1","1","2"
"威宁十余年","1","1","2"
"增立七万户","1","1","2"
"成都经略使","1","1","2"
"都经略使总","1","1","2"
"经略使总管","1","1","2"
"略使总管万","1","1","2"
"使总管万户","1","1","2"
"兴州监州重","1","1","2"
"本姓耶律氏","1","1","2"
"沿边招讨使","1","1","2"
"赠仪同三司","1","1","2"
"追封易国公","1","1","2"
"相伯颜受命","1","1","2"
"伯颜受命伐","1","1","2"
"颜受命伐宋","1","1","2"
"帐前都镇抚","1","1","2"
"河南行尚书","1","1","2"
"南行尚书省","1","1","2"
"知太史院侍","1","1","2"
"太史院侍仪","1","1","2"
"史院侍仪司","1","1","2"
"院侍仪司事","1","1","2"
"济南历城人","1","1","2"
"中统元年二","1","1","2"
"统元年二月","1","1","2"
"元年二月卒","1","1","2"
"授山北辽东","1","1","2"
"河东山西两","1","1","2"
"东山西两道","1","1","2"
"山西两道肃","1","1","2"
"西两道肃政","1","1","2"
"两道肃政廉","1","1","2"
"汴梁两路总","1","1","2"
"梁两路总管","1","1","2"
"朝廷升曲阳","1","1","2"
"授金州招讨","1","1","2"
"金州招讨副","1","1","2"
"州招讨副使","1","1","2"
"行淮西总管","1","1","2"
"淮西总管万","1","1","2"
"西总管万户","1","1","2"
"管本万户府","1","1","2"
"本万户府事","1","1","2"
"大德三年卒","1","1","2"
"攻洪洞西山","1","1","2"
"斩首六百余","1","1","2"
"首六百余级","1","1","2"
"处州路管军","1","1","2"
"州路管军万","1","1","2"
"路管军万户","1","1","2"
"国王斡真授","1","1","2"
"珍骠骑卫上","1","1","2"
"同知大名府","1","1","2"
"知大名府事","1","1","2"
"左翼侍卫亲","1","1","2"
"改太平路总","1","1","2"
"太平路总管","1","1","2"
"兵巡逻泗州","1","1","2"
"淮河九里湾","1","1","2"
"丞乞里迷失","2","0","2"
"乞里迷失攻","1","1","2"
"里迷失攻淮","1","1","2"
"迷失攻淮安","1","1","2"
"帅张弘范征","1","1","2"
"安远大将军","1","1","2"
"南王脱欢命","1","1","2"
"水步军二万","1","1","2"
"泗州军民总","1","1","2"
"知归德府事","1","1","2"
"同知山东西","1","1","2"
"知山东西路","1","1","2"
"山东西路兵","1","1","2"
"东西路兵马","1","1","2"
"败金将武仙","1","1","2"
"金将陈防御","1","1","2"
"兵追围天禄","1","1","2"
"授济南武卫","1","1","2"
"济南武卫军","1","1","2"
"南武卫军总","1","1","2"
"武卫军总管","1","1","2"
"真定平山人","1","1","2"
"加推忠协力","1","1","2"
"推忠协力秉","1","1","2"
"忠协力秉义","1","1","2"
"协力秉义功","1","1","2"
"力秉义功臣","1","1","2"
"追赠中书左","1","1","2"
"赠中书左丞","1","1","2"
"封恒山郡公","1","1","2"
"蓬等处都元","1","1","2"
"处都元帅府","1","1","2"
"都元帅府参","1","1","2"
"元帅府参议","1","1","2"
"佥陕西道提","1","1","2"
"陕西道提刑","1","1","2"
"兴道按察副","1","1","2"
"授佥行中书","1","1","2"
"赠荣禄大夫","1","1","2"
"追封恒国公","1","1","2"
"书左右司郎","1","1","2"
"江浙等处遣","1","1","2"
"伯颜克淮安","1","1","2"
"分兵攻淮西","1","1","2"
"前行尚书省","1","1","2"
"加武略将军","1","1","2"
"加武毅将军","1","1","2"
"改中书左丞","2","0","2"
"后加赠推诚","1","1","2"
"加赠推诚效","1","1","2"
"赠推诚效节","1","1","2"
"推诚效节功","1","1","2"
"诚效节功臣","1","1","2"
"留居南堂寺","1","1","2"
"首命王文统","1","1","2"
"所谓溃两淮","1","1","2"
"益都路宣抚","1","1","2"
"都路宣抚使","1","1","2"
"良弼同佥书","1","1","2"
"弼同佥书枢","1","1","2"
"同佥书枢密","1","1","2"
"婿著作郎李","1","1","2"
"著作郎李稚","1","1","2"
"作郎李稚宾","1","1","2"
"赠端贞雅亮","1","1","2"
"端贞雅亮佐","1","1","2"
"贞雅亮佐治","1","1","2"
"雅亮佐治功","1","1","2"
"亮佐治功臣","1","1","2"
"改提刑按察","1","1","2"
"刑按察司肃","2","0","2"
"按察司肃政","2","0","2"
"察司肃政廉","2","0","2"
"司肃政廉访","2","0","2"
"夔府等处蒙","1","1","2"
"府等处蒙古","1","1","2"
"等处蒙古汉","1","1","2"
"处蒙古汉军","1","1","2"
"军都元帅参","1","1","2"
"都元帅参议","1","1","2"
"参政曲里吉","1","1","2"
"政曲里吉思","1","1","2"
"分兵进取五","1","1","2"
"兵进取五溪","1","1","2"
"进取五溪洞","1","1","2"
"取五溪洞蛮","1","1","2"
"都元帅脱察","1","1","2"
"元帅脱察一","1","1","2"
"帅脱察一军","1","1","2"
"忽兰吉一军","1","1","2"
"功加龙虎卫","1","1","2"
"加龙虎卫上","1","1","2"
"遥授中书省","1","1","2"
"授中书省左","1","1","2"
"奉旨北征怀","1","1","2"
"旨北征怀都","1","1","2"
"改淮东宣慰","2","0","2"
"益都军民公","1","1","2"
"都军民公事","1","1","2"
"改安抚司总","2","0","2"
"安抚司总管","2","0","2"
"抚司总管府","2","0","2"
"迁荆湖北道","2","0","2"
"诏加赐金五","1","1","2"
"加赐金五十","1","1","2"
"诛刘太平等","1","1","2"
"文天祥置都","1","1","2"
"天祥置都督","1","1","2"
"祥置都督府","1","1","2"
"守臣张清行","1","1","2"
"臣张清行都","1","1","2"
"张清行都督","1","1","2"
"清行都督府","1","1","2"
"行都督府事","1","1","2"
"永州路判官","1","1","2"
"平章政事要","1","1","2"
"章政事要束","1","1","2"
"政事要束木","1","1","2"
"事要束木贪","1","1","2"
"顺德达泉引","1","1","2"
"德达泉引入","1","1","2"
"达泉引入城","1","1","2"
"泉引入城中","1","1","2"
"顺德沣河东","1","1","2"
"没民田千三","1","1","2"
"民田千三百","1","1","2"
"田千三百余","1","1","2"
"磁州东北滏","1","1","2"
"漳二水合流","1","1","2"
"二水合流处","1","1","2"
"永年下经鸡","1","1","2"
"年下经鸡泽","1","1","2"
"灌田三千余","1","1","2"
"旧孟州中间","1","1","2"
"温县南复入","1","1","2"
"县南复入大","1","1","2"
"南复入大河","1","1","2"
"曾孙松山封","1","1","2"
"建闽海道提","1","1","2"
"闽海道提刑","1","1","2"
"海道提刑按","1","1","2"
"进中奉大夫","2","0","2"
"迁浙东道宣","2","0","2"
"万户郑鼎臣","1","1","2"
"二十三年四","1","1","2"
"十三年四月","1","1","2"
"湖北湖南行","1","1","2"
"北湖南行省","1","1","2"
"湖南行省钱","1","1","2"
"南行省钱粮","1","1","2"
"改山东西道","2","0","2"
"山东西道廉","1","1","2"
"北河南道巡","1","1","2"
"河南道巡行","1","1","2"
"南道巡行劝","1","1","2"
"加少中大夫","1","1","2"
"同知浙东道","1","1","2"
"知浙东道宣","1","1","2"
"中台侍御史","1","1","2"
"崔斌守东平","1","1","2"
"林承旨王鹗","1","1","2"
"陕西五路转","1","1","2"
"西五路转运","1","1","2"
"五路转运司","1","1","2"
"路转运司谘","1","1","2"
"转运司谘议","1","1","2"
"加奉议大夫","1","1","2"
"佥河东山西","1","1","2"
"南浙西道提","1","1","2"
"赠中顺大夫","1","1","2"
"追封容城郡","1","1","2"
"封容城郡公","1","1","2"
"追封临川郡","1","1","2"
"封临川郡公","1","1","2"
"留翰林学士","2","0","2"
"崇德州教授","1","1","2"
"英宗两朝实","1","1","2"
"宗两朝实录","1","1","2"
"西京参议宣","1","1","2"
"京参议宣慰","1","1","2"
"参议宣慰司","1","1","2"
"议宣慰司事","1","1","2"
"中兴等路学","1","1","2"
"兴等路学校","1","1","2"
"南江北行中","1","1","2"
"江北行中书","1","1","2"
"昔唐玄宗前","1","1","2"
"赠旧学同德","1","1","2"
"旧学同德翊","1","1","2"
"学同德翊戴","1","1","2"
"同德翊戴辅","1","1","2"
"德翊戴辅治","1","1","2"
"翊戴辅治功","1","1","2"
"戴辅治功臣","1","1","2"
"授左司郎中","1","1","2"
"改吏部尚书","2","0","2"
"授宗正府郎","1","1","2"
"迁中书省右","1","1","2"
"书省右司员","1","1","2"
"省右司员外","1","1","2"
"西台治书侍","1","1","2"
"武卫府史授","1","1","2"
"卫府史授通","1","1","2"
"府史授通惠","1","1","2"
"史授通惠河","1","1","2"
"授通惠河道","1","1","2"
"通惠河道所","1","1","2"
"惠河道所都","1","1","2"
"河道所都事","1","1","2"
"诏赐锦衣一","1","1","2"
"江浙等处行","1","1","2"
"浙等处行中","1","1","2"
"追封南阳郡","1","1","2"
"封南阳郡公","1","1","2"
"迁枢密院判","2","0","2"
"改兵部侍郎","1","1","2"
"赠正议大夫","1","1","2"
"詹事院都事","1","1","2"
"迁京畿都漕","1","1","2"
"畿都漕运使","1","1","2"
"赠光禄大夫","1","1","2"
"南等处行省","1","1","2"
"等处行省平","1","1","2"
"处行省平章","1","1","2"
"加推诚佐理","1","1","2"
"推诚佐理功","1","1","2"
"诚佐理功臣","1","1","2"
"南等处行中","1","1","2"
"浙东肃政廉","1","1","2"
"赠摅诚秉义","1","1","2"
"摅诚秉义佐","1","1","2"
"诚秉义佐理","1","1","2"
"秉义佐理功","1","1","2"
"义佐理功臣","1","1","2"
"推忠宣力保","1","1","2"
"忠宣力保德","1","1","2"
"宣力保德功","1","1","2"
"力保德功臣","1","1","2"
"追封秦国公","1","1","2"
"河西宁夏人","1","1","2"
"赠守正佐治","1","1","2"
"守正佐治功","1","1","2"
"正佐治功臣","1","1","2"
"武宗访求先","1","1","2"
"宗访求先朝","1","1","2"
"改授翰林学","1","1","2"
"泰定四年卒","1","1","2"
"赠推忠辅义","1","1","2"
"推忠辅义守","1","1","2"
"忠辅义守正","1","1","2"
"辅义守正功","1","1","2"
"义守正功臣","1","1","2"
"追封漆水郡","1","1","2"
"封漆水郡公","1","1","2"
"先雍古族人","1","1","2"
"改四川肃政","1","1","2"
"四川肃政廉","1","1","2"
"川肃政廉访","1","1","2"
"皇朝经世大","1","1","2"
"朝经世大典","1","1","2"
"赠世忠执法","1","1","2"
"世忠执法佐","1","1","2"
"忠执法佐运","1","1","2"
"执法佐运翊","1","1","2"
"法佐运翊亮","1","1","2"
"佐运翊亮功","1","1","2"
"运翊亮功臣","1","1","2"
"元统元年卒","1","1","2"
"追封清河郡","1","1","2"
"封清河郡公","1","1","2"
"升应奉翰林","1","1","2"
"迁两浙都转","1","1","2"
"运盐使司石","1","1","2"
"盐使司石堰","1","1","2"
"使司石堰西","1","1","2"
"司石堰西场","1","1","2"
"石堰西场监","1","1","2"
"堰西场监运","1","1","2"
"追封江夏郡","1","1","2"
"封江夏郡公","1","1","2"
"修三朝实录","1","1","2"
"加同知经筵","1","1","2"
"升江南行台","1","1","2"
"转中书左司","1","1","2"
"帝赐钞万缗","1","1","2"
"迁奉议大夫","1","1","2"
"除翰林侍讲","2","0","2"
"迁改集贤侍","1","1","2"
"皇太后听政","1","1","2"
"赠昭文馆大","1","1","2"
"迁淮东宣慰","2","0","2"
"东宣慰司都","1","1","2"
"秉宪佐治功","1","1","2"
"宪佐治功臣","1","1","2"
"通刑名法律","1","1","2"
"仲堪生时敏","1","1","2"
"枢密院事韩","1","1","2"
"密院事韩镛","1","1","2"
"御试读卷官","1","1","2"
"同知岳州路","1","1","2"
"知岳州路平","1","1","2"
"岳州路平江","1","1","2"
"州路平江州","1","1","2"
"路平江州事","1","1","2"
"追封谯国郡","1","1","2"
"封谯国郡公","1","1","2"
"迁户部尚书","2","0","2"
"赠推忠赞理","1","1","2"
"推忠赞理正","1","1","2"
"忠赞理正宪","1","1","2"
"赞理正宪功","1","1","2"
"理正宪功臣","1","1","2"
"追封齐国公","1","1","2"
"赠摅诚赞治","1","1","2"
"摅诚赞治功","1","1","2"
"诚赞治功臣","1","1","2"
"改宣文阁监","1","1","2"
"经筵译文官","1","1","2"
"转河西廉访","1","1","2"
"侍讲学士郝","1","1","2"
"讲学士郝彬","1","1","2"
"镇江淮海书","1","1","2"
"江淮海书院","1","1","2"
"淮海书院山","1","1","2"
"海书院山长","1","1","2"
"行台中丞廉","1","1","2"
"台中丞廉恒","1","1","2"
"调检校章迪","1","1","2"
"检校章迪率","1","1","2"
"校章迪率本","1","1","2"
"章迪率本部","1","1","2"
"迪率本部兵","1","1","2"
"黄昭夹攻抚","1","1","2"
"昭夹攻抚州","1","1","2"
"小学标题驳","1","1","2"
"学标题驳论","1","1","2"
"太子左赞善","1","1","2"
"子左赞善召","1","1","2"
"两淮盐运使","1","1","2"
"赠通奉大夫","1","1","2"
"赠通议大夫","1","1","2"
"赠黼摅忠秉","1","1","2"
"黼摅忠秉义","1","1","2"
"摅忠秉义效","1","1","2"
"忠秉义效节","1","1","2"
"秉义效节功","1","1","2"
"义效节功臣","1","1","2"
"淮南江北等","1","1","2"
"追封陇西郡","1","1","2"
"封陇西郡公","1","1","2"
"赠崇化宣力","1","1","2"
"崇化宣力效","1","1","2"
"化宣力效忠","1","1","2"
"宣力效忠功","1","1","2"
"力效忠功臣","1","1","2"
"北等处行省","1","1","2"
"等处行省左","1","1","2"
"处行省左丞","1","1","2"
"正五年进士","1","1","2"
"授国史院编","1","1","2"
"经正监经历","1","1","2"
"平章政事咬","1","1","2"
"章政事咬住","1","1","2"
"宁国路推官","1","1","2"
"襄阳路达鲁","1","1","2"
"同知建宁路","1","1","2"
"知建宁路总","1","1","2"
"宁路总管府","1","1","2"
"江浙行省檄","2","0","2"
"庭坚节制建","1","1","2"
"坚节制建宁","1","1","2"
"邵武二郡诸","1","1","2"
"武二郡诸军","1","1","2"
"湖广省宣使","1","1","2"
"广省宣使历","1","1","2"
"湖州乌程县","1","1","2"
"州乌程县尹","1","1","2"
"访司书吏调","1","1","2"
"司书吏调连","1","1","2"
"书吏调连江","1","1","2"
"吏调连江县","1","1","2"
"调连江县宁","1","1","2"
"连江县宁善","1","1","2"
"江县宁善乡","1","1","2"
"县宁善乡巡","1","1","2"
"宁善乡巡检","1","1","2"
"江西廉访副","1","1","2"
"追封魏郡公","1","1","2"
"春秋地理原","1","1","2"
"秋地理原委","1","1","2"
"律吕律历礼","1","1","2"
"吕律历礼乐","1","1","2"
"律历礼乐杂","1","1","2"
"历礼乐杂志","1","1","2"
"取三国时事","1","1","2"
"三国时事撰","1","1","2"
"汉本纪列传","1","1","2"
"行省平章全","1","1","2"
"省平章全岳","1","1","2"
"平章全岳柱","1","1","2"
"章全岳柱聘","1","1","2"
"龙兴郡学师","1","1","2"
"通鉴纲目测","1","1","2"
"鉴纲目测海","1","1","2"
"全节字成季","1","1","2"
"饶州安仁人","1","1","2"
"赐金带宴服","1","1","2"
"保定路治中","1","1","2"
"大德四年告","1","1","2"
"德四年告老","1","1","2"
"诸色人匠总","1","1","2"
"色人匠总管","1","1","2"
"留孛罗帖木","1","1","2"
"遂孛罗帖木","2","0","2"
"孛罗帖木所","2","0","2"
"立制国使司","2","0","2"
"合马平章政","2","0","2"
"马平章政事","2","0","2"
"尚书省入中","2","0","2"
"书省入中书","2","0","2"
"省入中书省","2","0","2"
"合马中书平","2","0","2"
"马中书平章","2","0","2"
"囚右丞张惠","1","1","2"
"江南田主收","1","1","2"
"南田主收佃","1","1","2"
"田主收佃客","1","1","2"
"主收佃客租","1","1","2"
"收佃客租课","1","1","2"
"六部尚书六","2","0","2"
"部尚书六部","2","0","2"
"书省事阿散","1","1","2"
"札鲁忽赤秃","1","1","2"
"鲁忽赤秃忽","1","1","2"
"忽赤秃忽鲁","1","1","2"
"泉府司卿李","1","1","2"
"府司卿李佑","1","1","2"
"监察御史戎","1","1","2"
"察御史戎益","1","1","2"
"省断事官燕","1","1","2"
"断事官燕真","1","1","2"
"刑部尚书安","1","1","2"
"监察御史伯","1","1","2"
"察御史伯颜","1","1","2"
"御史伯颜等","1","1","2"
"史伯颜等十","1","1","2"
"伯颜等十二","1","1","2"
"颜等十二人","1","1","2"
"受杭州永兴","1","1","2"
"杭州永兴寺","1","1","2"
"州永兴寺僧","1","1","2"
"永兴寺僧章","1","1","2"
"福赂金一百","1","1","2"
"赂金一百五","1","1","2"
"妹婿集贤学","1","1","2"
"婿集贤学士","1","1","2"
"集贤学士秃","1","1","2"
"贤学士秃鲁","1","1","2"
"学士秃鲁帖","1","1","2"
"士秃鲁帖木","1","1","2"
"内八府宰相","1","1","2"
"建宣慰使都","1","1","2"
"曾祖孛鲁海","1","1","2"
"监察御史燕","1","1","2"
"察御史燕赤","1","1","2"
"劾奏搠思监","1","1","2"
"奏搠思监任","1","1","2"
"妾弟崔完者","1","1","2"
"弟崔完者帖","1","1","2"
"崔完者帖木","1","1","2"
"乘舟入大明","1","1","2"
"舟入大明湖","1","1","2"
"左丞相住亚","2","0","2"
"丞相住亚献","2","0","2"
"忠翊亲军都","1","1","2"
"升孛罗帖木","1","1","2"
"罗帖木太保","2","0","2"
"遣左谏议大","1","1","2"
"左谏议大夫","1","1","2"
"谏议大夫朴","1","1","2"
"议大夫朴伦","1","1","2"
"郎将辛洪成","1","1","2"
"将辛洪成等","1","1","2"
"辛洪成等奉","1","1","2"
"洪成等奉表","1","1","2"
"成等奉表入","1","1","2"
"遣知门下省","1","1","2"
"知门下省事","1","1","2"
"门下省事申","1","1","2"
"下省事申思","1","1","2"
"礼部侍郎陈","1","1","2"
"部侍郎陈井","1","1","2"
"礼部侍郎张","1","1","2"
"部侍郎张镒","1","1","2"
"侍郎张镒奉","1","1","2"
"郎张镒奉表","1","1","2"
"命忽都答持","2","0","2"
"忽都答持诏","2","0","2"
"金州等处置","2","0","2"
"州等处置镇","2","0","2"
"等处置镇边","2","0","2"
"处置镇边万","2","0","2"
"写皇朝帝系","1","1","2"
"元六年七月","1","1","2"
"将军都统脱","2","0","2"
"诏高丽国王","2","0","2"
"军民都达鲁","1","1","2"
"民都达鲁花","1","1","2"
"花赤总管府","1","1","2"
"杀国使杜世","2","0","2"
"国使杜世忠","2","0","2"
"使杜世忠等","2","0","2"
"日本行省参","1","1","2"
"本行省参议","1","1","2"
"行省参议裴","1","1","2"
"省参议裴国","1","1","2"
"参议裴国佐","1","1","2"
"议裴国佐等","1","1","2"
"本省右丞相","1","1","2"
"省右丞相阿","1","1","2"
"右丞相阿剌","1","1","2"
"丞相阿剌罕","1","1","2"
"同院官议定","1","1","2"
"命阿塔海代","1","1","2"
"阿塔海代总","1","1","2"
"塔海代总军","1","1","2"
"海代总军事","1","1","2"
"日本省丞相","1","1","2"
"左丞募兵造","1","1","2"
"会同馆使哈","1","1","2"
"同馆使哈剌","1","1","2"
"馆使哈剌脱","1","1","2"
"工部郎中李","1","1","2"
"部郎中李克","1","1","2"
"郎中李克忠","1","1","2"
"部员外郎董","1","1","2"
"同黎克复等","1","1","2"
"安南殿前范","1","1","2"
"南殿前范海","1","1","2"
"殿前范海崖","1","1","2"
"兰韦大助等","1","1","2"
"韦大助等处","1","1","2"
"获亡宋陈尚","1","1","2"
"亡宋陈尚书","1","1","2"
"宋陈尚书婿","1","1","2"
"交趾梁奉御","1","1","2"
"叶郎将等四","1","1","2"
"郎将等四百","1","1","2"
"将等四百余","1","1","2"
"等四百余人","1","1","2"
"万户李邦宪","1","1","2"
"永平入安南","1","1","2"
"三十里立一","1","1","2"
"十里立一寨","1","1","2"
"六十里置一","1","1","2"
"十里置一驿","1","1","2"
"军三百镇守","1","1","2"
"三百镇守巡","1","1","2"
"百镇守巡逻","1","1","2"
"昔班等送彰","1","1","2"
"班等送彰宪","1","1","2"
"等送彰宪侯","1","1","2"
"子义国侯入","1","1","2"
"万余人力战","1","1","2"
"券军七万人","1","1","2"
"云南兵六千","1","1","2"
"南兵六千人","1","1","2"
"留兵二千五","1","1","2"
"兵二千五百","1","1","2"
"千五百人命","1","1","2"
"五百人命万","1","1","2"
"百人命万户","1","1","2"
"人命万户贺","1","1","2"
"命万户贺祉","1","1","2"
"万户贺祉统","1","1","2"
"阿八赤万人","2","0","2"
"八赤万人前","2","0","2"
"赤万人前锋","2","0","2"
"遇交趾船四","1","1","2"
"交趾船四百","1","1","2"
"趾船四百余","1","1","2"
"船四百余艘","1","1","2"
"斩首四千余","1","1","2"
"首四千余级","1","1","2"
"生擒百余人","1","1","2"
"南王引兵万","2","0","2"
"王引兵万劫","2","0","2"
"见张文虎船","1","1","2"
"米四万余石","1","1","2"
"国杰设幕官","1","1","2"
"杰设幕官十","1","1","2"
"设幕官十一","1","1","2"
"幕官十一人","1","1","2"
"水陆分道进","2","0","2"
"世子陈日爌","2","0","2"
"子陈日爌遣","2","0","2"
"遣陪臣莫节","1","1","2"
"陪臣莫节夫","1","1","2"
"臣莫节夫等","1","1","2"
"文宗天历二","1","1","2"
"宗天历二年","1","1","2"
"天历二年夏","1","1","2"
"诏赐钱五千","1","1","2"
"赐钱五千缗","1","1","2"
"时大理路蒙","1","1","2"
"大理路蒙古","1","1","2"
"理路蒙古千","1","1","2"
"路蒙古千户","1","1","2"
"蒙古千户忽","1","1","2"
"古千户忽都","1","1","2"
"大理路总管","1","1","2"
"理路总管信","1","1","2"
"路总管信苴","1","1","2"
"千户脱罗脱","1","1","2"
"户脱罗脱孩","1","1","2"
"脱罗脱孩奉","1","1","2"
"罗脱孩奉命","1","1","2"
"罗必甸进军","1","1","2"
"拿阿迪提牙","1","1","2"
"子窟麻剌哥","1","1","2"
"窟麻剌哥撒","1","1","2"
"麻剌哥撒八","1","1","2"
"剌哥撒八逃","1","1","2"
"占城行省官","1","1","2"
"宰相报孙达","1","1","2"
"大师等五人","1","1","2"
"一年三月六","1","1","2"
"年三月六日","1","1","2"
"忽都虎令百","1","1","2"
"都虎令百户","1","1","2"
"虎令百户陈","1","1","2"
"令百户陈奎","1","1","2"
"百户陈奎招","1","1","2"
"孙济目理勒","1","1","2"
"济目理勒蛰","1","1","2"
"大巴南等奉","1","1","2"
"巴南等奉表","1","1","2"
"南等奉表归","1","1","2"
"土虎登哥等","1","1","2"
"虎登哥等水","1","1","2"
"登哥等水军","1","1","2"
"哥等水军溯","1","1","2"
"等水军溯流","1","1","2"
"脱奔咩哩犍","1","1","2"
"博寒葛答黑","1","1","2"
"博合睹撒里","1","1","2"
"合睹撒里直","1","1","2"
"八里屯阿懒","1","1","2"
"子八林昔黑","1","1","2"
"八林昔黑剌","1","1","2"
"林昔黑剌秃","1","1","2"
"昔黑剌秃合","1","1","2"
"黑剌秃合必","1","1","2"
"剌秃合必畜","1","1","2"
"八剌忽怯谷","1","1","2"
"八剌合黑河","1","1","2"
"元三年十月","1","1","2"
"宣懿太后月","1","1","2"
"懿太后月伦","1","1","2"
"族人泰赤乌","1","1","2"
"泰赤乌诸部","2","0","2"
"土兀剌河上","1","1","2"
"伐蔑里乞部","1","1","2"
"攻蔑里乞部","1","1","2"
"撒八剌二人","1","1","2"
"沆忽等大战","1","1","2"
"时弘吉剌部","1","1","2"
"帖尼火鲁罕","1","1","2"
"兀鲁回失连","1","1","2"
"鲁回失连真","1","1","2"
"回失连真河","1","1","2"
"伐按赤塔塔","1","1","2"
"答力台三人","1","1","2"
"时札木合部","1","1","2"
"火阿真伯姬","1","1","2"
"火力失烈门","1","1","2"
"力失烈门部","1","1","2"
"蔑里乞部人","1","1","2"
"弘吉剌五部","1","1","2"
"太丑二人实","1","1","2"
"哈阑真沙陀","1","1","2"
"折折运都山","1","1","2"
"皇弟斡赤斤","1","1","2"
"火力速八赤","1","1","2"
"皇帝位斡难","2","0","2"
"帝位斡难河","2","0","2"
"尊号曰成吉","2","0","2"
"号曰成吉思","2","0","2"
"曰成吉思皇","2","0","2"
"使乞力吉思","1","1","2"
"副元帅高令","1","1","2"
"元帅高令公","1","1","2"
"太傅西壁氏","1","1","2"
"遣太傅讹答","1","1","2"
"西域哈剌鲁","1","1","2"
"域哈剌鲁部","1","1","2"
"夹谷长哥等","1","1","2"
"纥石烈九斤","1","1","2"
"石烈九斤等","1","1","2"
"烈九斤等率","1","1","2"
"左都监奥屯","1","1","2"
"都监奥屯襄","1","1","2"
"监奥屯襄率","1","1","2"
"十二月甲申","2","0","2"
"留守忽沙虎","1","1","2"
"丞相完颜福","1","1","2"
"相完颜福兴","1","1","2"
"军斫答等杀","1","1","2"
"乙亥春正月","2","0","2"
"元帅寅答虎","1","1","2"
"权兵马都元","2","0","2"
"兴中府元帅","1","1","2"
"中府元帅石","1","1","2"
"府元帅石天","1","1","2"
"御史中丞李","1","1","2"
"史中丞李英","1","1","2"
"中丞李英等","1","1","2"
"丞李英等率","1","1","2"
"中都留守完","1","1","2"
"都留守完颜","1","1","2"
"留守完颜福","1","1","2"
"守完颜福兴","1","1","2"
"遣忽都忽等","1","1","2"
"红罗山寨主","1","1","2"
"罗山寨主杜","1","1","2"
"山寨主杜秀","1","1","2"
"锦州节度使","1","1","2"
"史天倪南征","1","1","2"
"西安军节度","1","1","2"
"朵鲁伯讨平","1","1","2"
"史天倪河北","2","0","2"
"户三十万归","2","0","2"
"董俊龙虎卫","1","1","2"
"俊龙虎卫上","1","1","2"
"薛迷思干等","1","1","2"
"迷思干等城","1","1","2"
"古孙仲端奉","1","1","2"
"涟水忠义统","1","1","2"
"水忠义统辖","1","1","2"
"忠义统辖石","1","1","2"
"攻班勒纥等","1","1","2"
"班勒纥等城","1","1","2"
"攻玉龙杰赤","1","1","2"
"玉龙杰赤等","1","1","2"
"龙杰赤等城","1","1","2"
"京东安抚使","1","1","2"
"东安抚使张","1","1","2"
"安抚使张琳","1","1","2"
"攻塔里寒寨","1","1","2"
"令汝主河南","2","0","2"
"汝主河南王","2","0","2"
"平阳公胡天","1","1","2"
"达鲁花赤监","2","0","2"
"宋大名总管","2","0","2"
"管彭义斌侵","1","1","2"
"武仙真定叛","2","0","2"
"郡王带孙进","1","1","2"
"兵围全益都","2","0","2"
"冬十一月庚","2","0","2"
"十一月庚申","2","0","2"
"遣嵬名令公","1","1","2"
"张柔行军千","1","1","2"
"皇子窝阔台","1","1","2"
"德顺节度使","1","1","2"
"顺节度使爱","1","1","2"
"节度使爱申","1","1","2"
"进士马肩龙","1","1","2"
"士马肩龙死","1","1","2"
"清水县西江","1","1","2"
"秋七月壬午","2","0","2"
"里川哈老徒","1","1","2"
"年冬十一月","2","0","2"
"荆王守纯等","1","1","2"
"铁钅辜胡兰","1","1","2"
"钅辜胡兰山","1","1","2"
"奥都剌合蛮","1","1","2"
"军都元帅察","1","1","2"
"都元帅察罕","1","1","2"
"元帅察罕等","1","1","2"
"帅察罕等率","1","1","2"
"孙失烈门嗣","2","0","2"
"汪吉宿灭秃","1","1","2"
"吉宿灭秃里","1","1","2"
"宿灭秃里地","1","1","2"
"权万户史权","2","0","2"
"万户史权等","1","1","2"
"攻虎头关寨","1","1","2"
"曲律淮黑哈","1","1","2"
"律淮黑哈速","1","1","2"
"淮黑哈速地","1","1","2"
"野里知吉带","1","1","2"
"里知吉带率","1","1","2"
"回鹘索取珠","1","1","2"
"唆鲁禾帖尼","1","1","2"
"十二月三日","1","1","2"
"昂灰皇后抚","1","1","2"
"灰皇后抚育","1","1","2"
"娶火鲁剌部","1","1","2"
"大将兀良合","1","1","2"
"将兀良合台","1","1","2"
"阿剌脱忽剌","1","1","2"
"剌脱忽剌兀","1","1","2"
"脱忽剌兀地","1","1","2"
"皇后海迷失","1","1","2"
"后海迷失所","1","1","2"
"皇后脱列忽","1","1","2"
"辛亥夏六月","2","0","2"
"大将班里赤","1","1","2"
"将班里赤等","1","1","2"
"阔帖兀阿阑","1","1","2"
"帖兀阿阑地","1","1","2"
"皇弟忽必烈","1","1","2"
"暗都剌兀尊","1","1","2"
"河等处行尚","1","1","2"
"道士李真常","1","1","2"
"士李真常掌","1","1","2"
"末吉都怯寨","2","0","2"
"皇后乞里吉","1","1","2"
"后乞里吉忽","1","1","2"
"乞里吉忽帖","1","1","2"
"里吉忽帖尼","1","1","2"
"月帖古忽阑","1","1","2"
"帖古忽阑地","1","1","2"
"孛阑合剌孙","1","1","2"
"帝猎怯蹇义","2","0","2"
"猎怯蹇义罕","2","0","2"
"诸王旭烈兀","2","0","2"
"兀良合台等","1","1","2"
"西域哈里发","1","1","2"
"八哈塔等国","1","1","2"
"土鲁花等征","1","1","2"
"断事官忙哥","1","1","2"
"事官忙哥撒","1","1","2"
"兀良合台攻","2","0","2"
"良合台攻诸","2","0","2"
"合台攻诸夷","2","0","2"
"台攻诸夷未","2","0","2"
"攻诸夷未附","2","0","2"
"万户史权屯","1","1","2"
"均州总管孙","1","1","2"
"驸马帖里垓","1","1","2"
"国王细嵯甫","1","1","2"
"云南酋长摩","1","1","2"
"南酋长摩合","1","1","2"
"酋长摩合罗","1","1","2"
"长摩合罗嵯","1","1","2"
"兀良合台讨","1","1","2"
"阿塔哈帖乞","1","1","2"
"阿木河回回","1","1","2"
"赐诸王百官","1","1","2"
"镇守斡罗思","1","1","2"
"珍珠伞等物","1","1","2"
"元帅卜邻吉","1","1","2"
"日煚窜海岛","2","0","2"
"诸王阿里哥","2","0","2"
"公主脱灭干","1","1","2"
"主脱灭干等","1","1","2"
"里本朵哈地","1","1","2"
"日煚传国长","2","0","2"
"煚传国长子","2","0","2"
"传国长子光","2","0","2"
"国长子光昺","2","0","2"
"光昺遣婿国","2","0","2"
"昺遣婿国人","2","0","2"
"遣婿国人方","2","0","2"
"婿国人方物","2","0","2"
"国人方物见","2","0","2"
"良合台送诣","2","0","2"
"合台送诣行","2","0","2"
"台送诣行所","2","0","2"
"王旭烈兀讨","1","1","2"
"塔察攻荆山","2","0","2"
"宋四川制置","2","0","2"
"川制置使蒲","1","1","2"
"制置使蒲泽","1","1","2"
"进攻云顶山","1","1","2"
"知政事刘太","1","1","2"
"政事刘太平","1","1","2"
"丰州千户郭","1","1","2"
"州千户郭燧","1","1","2"
"益都行省李","1","1","2"
"皇子阿速带","1","1","2"
"制置使张实","1","1","2"
"将徐昕等率","1","1","2"
"十一月己酉","2","0","2"
"徐昕等四十","1","1","2"
"进攻大获山","1","1","2"
"守将杨大渊","1","1","2"
"龙州王知府","1","1","2"
"诸王莫哥都","2","0","2"
"降将张威率","1","1","2"
"守将张大悦","1","1","2"
"将刘渊等杀","1","1","2"
"都统段元鉴","1","1","2"
"守将蒲元圭","1","1","2"
"曳剌秃鲁雄","1","1","2"
"夏四月丙子","2","0","2"
"外城马军寨","1","1","2"
"秋七月辛亥","2","0","2"
"中统元年春","1","1","2"
"率西道诸王","2","0","2"
"陕西宣抚使","1","1","2"
"遣世子倎入","2","0","2"
"陕西四川等","2","0","2"
"赵良弼参议","1","1","2"
"良弼参议司","2","0","2"
"弼参议司事","2","0","2"
"等处宣抚使","2","0","2"
"丽国王王倎","2","0","2"
"忧国爱民心","2","0","2"
"侍读学士郝","1","1","2"
"读学士郝经","1","1","2"
"翰林待制何","1","1","2"
"林待制何源","1","1","2"
"部郎中刘人","1","1","2"
"郎中刘人杰","1","1","2"
"六千五百人","1","1","2"
"庚申年五月","1","1","2"
"申年五月十","1","1","2"
"年五月十九","1","1","2"
"五月十九日","1","1","2"
"安抚寿春府","1","1","2"
"燕京路宣抚","1","1","2"
"济南等路宣","1","1","2"
"河南路经略","1","1","2"
"南路经略使","1","1","2"
"路经略使史","1","1","2"
"经略使史天","1","1","2"
"略使史天泽","1","1","2"
"北京等路宣","1","1","2"
"太原路宣抚","1","1","2"
"原路宣抚使","1","1","2"
"真定路宣抚","1","1","2"
"定路宣抚使","1","1","2"
"东平路宣抚","1","1","2"
"彰德等路宣","1","1","2"
"德等路宣抚","1","1","2"
"西京路宣抚","1","1","2"
"巩昌等处便","1","1","2"
"昌等处便宜","1","1","2"
"处便宜都总","2","0","2"
"成都路侍郎","1","1","2"
"都路侍郎张","1","1","2"
"路侍郎张威","1","1","2"
"京兆两路宣","1","1","2"
"兆两路宣抚","1","1","2"
"两路宣抚司","1","1","2"
"昔剌忙古带","1","1","2"
"命诸路市马","2","0","2"
"帅汪良臣统","1","1","2"
"宣抚司运米","1","1","2"
"抚司运米十","1","1","2"
"司运米十万","1","1","2"
"见许浦江口","1","1","2"
"兵船二千艘","2","0","2"
"诏陕西四川","2","0","2"
"川宣抚司八","1","1","2"
"宣抚司八春","1","1","2"
"东平路万户","1","1","2"
"平路万户严","1","1","2"
"路万户严忠","1","1","2"
"万户严忠济","1","1","2"
"户严忠济等","1","1","2"
"精兵一万五","1","1","2"
"大理国总管","1","1","2"
"诏十路宣抚","2","0","2"
"倎遣子永安","2","0","2"
"遣子永安公","2","0","2"
"子永安公僖","2","0","2"
"王印虎符赐","2","0","2"
"万户史天泽","1","1","2"
"赐银万五千","2","0","2"
"山东行省大","1","1","2"
"东行省大都","1","1","2"
"大都督李璮","2","0","2"
"所部功将士","2","0","2"
"路宣抚使史","1","1","2"
"诸王塔察益","2","0","2"
"王塔察益都","2","0","2"
"袭剌门所属","1","1","2"
"中统元宝交","2","0","2"
"统元宝交钞","2","0","2"
"立互市颍州","2","0","2"
"措中都析津","1","1","2"
"中都析津驿","1","1","2"
"路宣抚使张","1","1","2"
"宣抚使张文","1","1","2"
"抚使张文谦","1","1","2"
"使张文谦虎","1","1","2"
"张文谦虎符","1","1","2"
"诏都元帅纽","2","0","2"
"路宣抚使廉","1","1","2"
"诏诸王合丹","2","0","2"
"帅汪良臣等","1","1","2"
"汪良臣等率","1","1","2"
"十一月戊子","2","0","2"
"部员外郎李","1","1","2"
"员外郎李文","1","1","2"
"外郎李文俊","1","1","2"
"绢五千九十","2","0","2"
"千九十八匹","2","0","2"
"八百五十两","1","1","2"
"赐绵五十斤","1","1","2"
"钞二十三锭","1","1","2"
"二十三锭奇","2","0","2"
"皇后斡者思","1","1","2"
"春正月辛未","2","0","2"
"发兵修益都","2","0","2"
"兵修益都城","2","0","2"
"修益都城堑","2","0","2"
"车驾幸开平","2","0","2"
"秦蜀行省借","1","1","2"
"率路宣抚使","2","0","2"
"夏四月丙午","2","0","2"
"使大理等国","1","1","2"
"信使郝经等","1","1","2"
"河南经略宣","1","1","2"
"南经略宣抚","1","1","2"
"经略宣抚使","1","1","2"
"略宣抚使史","1","1","2"
"路宣抚司管","1","1","2"
"平路行军万","1","1","2"
"平路达鲁花","2","0","2"
"火少里驿户","1","1","2"
"所部将校功","2","0","2"
"功者银二千","2","0","2"
"百两币帛差","2","0","2"
"窦默翰林侍","2","0","2"
"王塔察所部","2","0","2"
"亲王合丹所","1","1","2"
"平阳路安邑","1","1","2"
"阳路安邑县","1","1","2"
"司岁时致祭","2","0","2"
"巩昌路便宜","1","1","2"
"马甲铁装具","2","0","2"
"州安抚使刘","1","1","2"
"夔府路中书","1","1","2"
"府路中书省","1","1","2"
"翰林修撰魏","1","1","2"
"青居山都元","1","1","2"
"居山都元帅","1","1","2"
"山都元帅钦","1","1","2"
"元帅钦察等","1","1","2"
"银符五十七","1","1","2"
"真定鼓城县","1","1","2"
"怀孟广济渠","1","1","2"
"孟广济渠提","1","1","2"
"广济渠提举","1","1","2"
"济渠提举王","1","1","2"
"渠提举王允","1","1","2"
"提举王允中","1","1","2"
"大使杨端仁","1","1","2"
"凿沁河渠成","1","1","2"
"遣世子愖奉","2","0","2"
"世子愖奉表","2","0","2"
"命宿卫将军","1","1","2"
"宿卫将军孛","1","1","2"
"中高逸民持","1","1","2"
"高逸民持诏","1","1","2"
"秋七月辛酉","2","0","2"
"军储都转运","1","1","2"
"储都转运使","1","1","2"
"内外学士院","1","1","2"
"事王文统监","1","1","2"
"王文统监修","1","1","2"
"帅汪惟正将","2","0","2"
"四千九百两","1","1","2"
"高丽鸭绿江","1","1","2"
"丽鸭绿江西","1","1","2"
"西京宣抚司","1","1","2"
"遣纳速剌丁","1","1","2"
"鄂州青山矶","1","1","2"
"补阙李大节","1","1","2"
"阙李大节谥","1","1","2"
"燕京等路宣","1","1","2"
"路宣抚使赛","1","1","2"
"宣抚使赛典","1","1","2"
"抚使赛典赤","1","1","2"
"武卫军都指","1","1","2"
"卫军都指挥","1","1","2"
"宣抚使粘合","1","1","2"
"抚使粘合南","1","1","2"
"使粘合南合","1","1","2"
"太白犯岁星","2","0","2"
"侍讲学士窦","1","1","2"
"讲学士窦默","1","1","2"
"太医副使王","1","1","2"
"医副使王安","1","1","2"
"副使王安仁","1","1","2"
"使王安仁衣","1","1","2"
"赏董文炳所","1","1","2"
"者二十二人","2","0","2"
"银千二百两","2","0","2"
"九月庚申朔","2","0","2"
"抚使张耕告","1","1","2"
"使张耕告老","1","1","2"
"司农姚枢请","1","1","2"
"东平府详议","1","1","2"
"平府详议官","1","1","2"
"府详议官王","1","1","2"
"详议官王镛","1","1","2"
"户部郎中宋","1","1","2"
"部郎中宋绍","1","1","2"
"郎中宋绍祖","1","1","2"
"氏一产三男","2","0","2"
"甘肃等处新","1","1","2"
"海青银符二","2","0","2"
"敬铉等三十","1","1","2"
"铉等三十人","1","1","2"
"等三十人充","1","1","2"
"冬十月庚寅","2","0","2"
"凤翔府种田","1","1","2"
"道士訾洞春","1","1","2"
"士訾洞春代","1","1","2"
"祀东海广德","1","1","2"
"东海广德王","1","1","2"
"海广德王庙","1","1","2"
"右丞张启元","1","1","2"
"付新军刘总","1","1","2"
"新军刘总管","1","1","2"
"军刘总管统","1","1","2"
"夏水阿剌浑","1","1","2"
"孛鲁欢所管","1","1","2"
"失误军期论","1","1","2"
"三部尚书怯","1","1","2"
"部尚书怯烈","1","1","2"
"书怯烈门率","1","1","2"
"河南屯田万","1","1","2"
"屯田万户史","1","1","2"
"田万户史权","1","1","2"
"挥副使郑江","1","1","2"
"使董文炳率","1","1","2"
"部将阿脱等","1","1","2"
"宣德德兴府","1","1","2"
"马二万五千","1","1","2"
"二万五千余","2","0","2"
"路宣抚司官","1","1","2"
"阿散兄弟二","1","1","2"
"散兄弟二人","1","1","2"
"十二月庚寅","2","0","2"
"皇子真金燕","2","0","2"
"子真金燕王","2","0","2"
"荧惑犯钩钤","2","0","2"
"盖利泊等处","1","1","2"
"太常少卿王","1","1","2"
"常少卿王镛","1","1","2"
"少卿王镛教","1","1","2"
"命诸王合必","2","0","2"
"绥德州等处","1","1","2"
"下户一百四","2","0","2"
"一百四十一","1","1","2"
"百四十一万","1","1","2"
"四十一万八","1","1","2"
"一万八千四","1","1","2"
"八千四百九","1","1","2"
"千四百九十","1","1","2"
"四百九十九","1","1","2"
"春正月癸亥","2","0","2"
"诸王塔察请","2","0","2"
"王塔察请置","2","0","2"
"塔察请置铁","2","0","2"
"察请置铁冶","2","0","2"
"遣宣抚使柴","1","1","2"
"宣抚使柴祯","1","1","2"
"抚使柴祯等","1","1","2"
"广宁王爪都","1","1","2"
"王合必赤行","2","0","2"
"合必赤行军","2","0","2"
"必赤行军印","2","0","2"
"宋制置使贾","1","1","2"
"诱总管张元","2","0","2"
"总管张元等","1","1","2"
"万户张弘彦","1","1","2"
"凡三百六十","2","0","2"
"三百六十二","1","1","2"
"百六十二人","1","1","2"
"海三城献宋","2","0","2"
"命大司农姚","1","1","2"
"军万户解成","1","1","2"
"大名万户王","1","1","2"
"名万户王文","1","1","2"
"万户王文干","1","1","2"
"济南万户张","1","1","2"
"南万户张宏","1","1","2"
"归德万户邸","1","1","2"
"德万户邸浃","1","1","2"
"武卫军炮手","1","1","2"
"卫军炮手元","1","1","2"
"军炮手元帅","1","1","2"
"炮手元帅薛","1","1","2"
"手元帅薛军","1","1","2"
"元帅薛军胜","1","1","2"
"帅薛军胜等","1","1","2"
"济南路军民","1","1","2"
"南路军民万","1","1","2"
"路军民万户","1","1","2"
"军民万户张","1","1","2"
"民万户张宏","1","1","2"
"王合必赤总","1","1","2"
"合必赤总督","1","1","2"
"宋子贞参议","1","1","2"
"子贞参议行","1","1","2"
"贞参议行中","1","1","2"
"参议行中书","1","1","2"
"中书左丞阔","1","1","2"
"书左丞阔阔","1","1","2"
"元帅阿海分","1","1","2"
"帅阿海分兵","1","1","2"
"阿海分兵戍","1","1","2"
"东平万户严","1","1","2"
"平万户严忠","1","1","2"
"户严忠范留","1","1","2"
"括北京鹰坊","2","0","2"
"坊等户丁兵","2","0","2"
"行宣慰司事","2","0","2"
"行中书省陕","2","0","2"
"中书省陕西","2","0","2"
"者四十余人","2","0","2"
"户部尚书刘","1","1","2"
"尚书刘肃专","1","1","2"
"书刘肃专职","1","1","2"
"户韩世安率","1","1","2"
"千户张济民","1","1","2"
"夏四月丙戌","2","0","2"
"军民总帅蒲","1","1","2"
"民总帅蒲元","1","1","2"
"总帅蒲元圭","1","1","2"
"东夔路经略","1","1","2"
"夔路经略使","1","1","2"
"诸路达鲁花","2","0","2"
"赐诸王合必","2","0","2"
"王合必赤金","1","1","2"
"望云州新旧","1","1","2"
"云州新旧差","1","1","2"
"撒吉思安抚","1","1","2"
"吉思安抚益","1","1","2"
"思安抚益都","1","1","2"
"安抚益都路","1","1","2"
"管李杲哥完","1","1","2"
"左丞相忽鲁","1","1","2"
"眼里海牙擅","1","1","2"
"司农姚枢辞","1","1","2"
"三部尚书刘","1","1","2"
"婆娑府屯田","1","1","2"
"太原总管李","1","1","2"
"原总管李毅","1","1","2"
"总管李毅奴","1","1","2"
"管李毅奴哥","1","1","2"
"东平严忠济","2","0","2"
"四十三万七","1","1","2"
"三万七千四","1","1","2"
"七千四百锭","1","1","2"
"秋七月戊午","2","0","2"
"夔州路行省","1","1","2"
"杨大渊金符","1","1","2"
"大渊金符十","1","1","2"
"立枪杆岭驿","1","1","2"
"广济河渠司","1","1","2"
"济河渠司王","1","1","2"
"河渠司王允","1","1","2"
"渠司王允中","1","1","2"
"司王允中请","1","1","2"
"博都欢等奏","1","1","2"
"都欢等奏请","1","1","2"
"德兴府等处","1","1","2"
"诸路医学教","2","0","2"
"路医学教授","2","0","2"
"都指挥使董","1","1","2"
"董文炳山东","2","0","2"
"益都行省大","1","1","2"
"都行省大都","1","1","2"
"南国陈光昞","2","0","2"
"昞遣使贡方","2","0","2"
"讷剌丁虎符","1","1","2"
"立古北口驿","1","1","2"
"冬十月丙辰","2","0","2"
"益都行中书","1","1","2"
"都行中书省","1","1","2"
"中书省都督","1","1","2"
"书省都督府","1","1","2"
"省都督府所","1","1","2"
"都督府所统","1","1","2"
"禁京畿畋猎","2","0","2"
"东西两川都","1","1","2"
"西两川都元","1","1","2"
"两川都元帅","1","1","2"
"银一千五百","1","1","2"
"放刁国器所","1","1","2"
"刁国器所签","1","1","2"
"九百一十五","1","1","2"
"百一十五人","1","1","2"
"等路都元帅","1","1","2"
"钦察戍青居","2","0","2"
"昌总帅汪惟","2","0","2"
"利州大安军","1","1","2"
"宿州百户王","1","1","2"
"州百户王达","1","1","2"
"平滦质子军","1","1","2"
"户严忠范修","1","1","2"
"严忠范修复","1","1","2"
"忠范修复宿","1","1","2"
"范修复宿州","1","1","2"
"十一月乙酉","2","0","2"
"太白犯钩钤","2","0","2"
"设金箓周天","2","0","2"
"元帅阿术分","1","1","2"
"诸万户隶焉","2","0","2"
"东路统军使","1","1","2"
"立十路宣慰","1","1","2"
"十路宣慰司","1","1","2"
"燕京路监榷","1","1","2"
"京路监榷官","1","1","2"
"路监榷官曹","1","1","2"
"监榷官曹泽","1","1","2"
"榷官曹泽等","1","1","2"
"宣慰使王磐","1","1","2"
"慰使王磐乘","1","1","2"
"四十七万六","1","1","2"
"七万六千一","1","1","2"
"六千一百四","1","1","2"
"千一百四十","1","1","2"
"蒙古军马扰","1","1","2"
"路监榷课税","2","0","2"
"监榷课税所","1","1","2"
"益都路行省","1","1","2"
"都路行省大","1","1","2"
"路行省大都","1","1","2"
"七千九百二","1","1","2"
"部阿合马请","1","1","2"
"总帅汪忠臣","1","1","2"
"万户府监战","1","1","2"
"户府监战一","1","1","2"
"马合麻所俘","1","1","2"
"济南老僧口","1","1","2"
"达鲁花赤蒙","2","0","2"
"召云顶山侍","1","1","2"
"云顶山侍郎","1","1","2"
"顶山侍郎张","1","1","2"
"山侍郎张威","1","1","2"
"宣慰司市马","2","0","2"
"员子弟入质","2","0","2"
"二千七百五","1","1","2"
"撒吉思招集","1","1","2"
"吉思招集益","1","1","2"
"思招集益都","1","1","2"
"招集益都逃","1","1","2"
"汉军二千人","1","1","2"
"臣朱英亮入","1","1","2"
"夏四月庚戌","2","0","2"
"户一万一千","2","0","2"
"一万一千八","1","1","2"
"铁四百八十","1","1","2"
"四百八十万","1","1","2"
"千人充武卫","2","0","2"
"人充武卫军","2","0","2"
"河西阿沙赈","1","1","2"
"三千七百两","1","1","2"
"益都千户傅","1","1","2"
"都千户傅国","1","1","2"
"千户傅国忠","1","1","2"
"开元路宣慰","1","1","2"
"升开平府上","2","0","2"
"开平府上都","2","0","2"
"达鲁花赤兀","2","0","2"
"鲁花赤兀良","2","0","2"
"花赤兀良吉","2","0","2"
"立燕京平准","1","1","2"
"燕京平准库","1","1","2"
"岁输铁一百","2","0","2"
"输铁一百三","2","0","2"
"铁一百三万","2","0","2"
"一百三万七","2","0","2"
"百三万七千","2","0","2"
"就铸农器二","2","0","2"
"铸农器二十","2","0","2"
"农器二十万","2","0","2"
"器二十万事","2","0","2"
"南路总管刘","1","1","2"
"路总管刘克","1","1","2"
"总管刘克兴","1","1","2"
"上都路望云","1","1","2"
"都路望云县","1","1","2"
"钞二千一百","1","1","2"
"二千一百七","1","1","2"
"千一百七十","1","1","2"
"一百七十四","1","1","2"
"帛一千四百","1","1","2"
"一千四百二","1","1","2"
"四百二十匹","1","1","2"
"赐田十五顷","1","1","2"
"燕京路州县","1","1","2"
"河南统军司","1","1","2"
"三千四百人","1","1","2"
"王爪都牛马","1","1","2"
"爪都牛马价","1","1","2"
"都牛马价银","1","1","2"
"六万三千一","1","1","2"
"都经略司隶","1","1","2"
"令统军司完","1","1","2"
"五百五十匹","1","1","2"
"兵部郎中刘","1","1","2"
"西京转运司","1","1","2"
"京转运司车","1","1","2"
"蒙古百户阿","1","1","2"
"古百户阿昔","1","1","2"
"百户阿昔等","1","1","2"
"行枢密院成","2","0","2"
"枢密院成都","2","0","2"
"潼川都元帅","1","1","2"
"大名两道宣","1","1","2"
"名两道宣慰","1","1","2"
"两道宣慰司","1","1","2"
"道宣慰司所","1","1","2"
"刁俊等十八","1","1","2"
"俊等十八人","1","1","2"
"漕运河渠司","1","1","2"
"冬十月戊午","2","0","2"
"令益都元帅","1","1","2"
"益都元帅钦","1","1","2"
"元帅钦察统","1","1","2"
"百五十七万","1","1","2"
"五十七万九","1","1","2"
"十七万九千","1","1","2"
"七万九千一","1","1","2"
"九千一百一","1","1","2"
"丝七十万六","1","1","2"
"七十万六千","1","1","2"
"十万六千四","1","1","2"
"钞四万九千","1","1","2"
"四万九千四","1","1","2"
"九千四百八","1","1","2"
"四百八十七","1","1","2"
"百八十七锭","1","1","2"
"春正月丁丑","2","0","2"
"正月丁丑朔","2","0","2"
"王禃遣使奉","2","0","2"
"诸路宣慰司","2","0","2"
"益都武卫军","2","0","2"
"都武卫军千","2","0","2"
"武卫军千人","2","0","2"
"二千三百二","1","1","2"
"三百二十九","1","1","2"
"二十九户隶","1","1","2"
"隆兴总管府","1","1","2"
"命千户土虎","1","1","2"
"千户土虎等","1","1","2"
"户土虎等戍","1","1","2"
"贺福等六人","1","1","2"
"福等六人告","1","1","2"
"元帅阿海所","1","1","2"
"亳州千户邸","1","1","2"
"州千户邸闰","1","1","2"
"陕西行户部","1","1","2"
"路总管史权","1","1","2"
"总管史权等","1","1","2"
"管史权等二","1","1","2"
"史权等二十","1","1","2"
"权等二十三","1","1","2"
"周天醮长春","2","0","2"
"天醮长春宫","2","0","2"
"尚书宋子贞","1","1","2"
"命中书省议","2","0","2"
"御苑官南家","1","1","2"
"苑官南家带","1","1","2"
"官南家带请","1","1","2"
"逆党万户张","1","1","2"
"党万户张邦","1","1","2"
"户张邦直兄","1","1","2"
"张邦直兄弟","1","1","2"
"等二十七人","1","1","2"
"私商五十七","1","1","2"
"商五十七人","1","1","2"
"平阴县尹马","1","1","2"
"阴县尹马钦","1","1","2"
"县尹马钦发","1","1","2"
"六番安抚招","1","1","2"
"番安抚招讨","1","1","2"
"安抚招讨使","1","1","2"
"万户石抹糺","2","0","2"
"户石抹糺札","2","0","2"
"石抹糺札剌","2","0","2"
"僧道军匠等","2","0","2"
"道军匠等户","2","0","2"
"赐诸王玉龙","2","0","2"
"命侍臣阿合","1","1","2"
"侍臣阿合脱","1","1","2"
"秦蜀行省发","1","1","2"
"立山东诸路","1","1","2"
"山东诸路行","1","1","2"
"东诸路行中","1","1","2"
"政事张惠等","1","1","2"
"参中书省事","2","0","2"
"都省参佐掾","1","1","2"
"省参佐掾史","1","1","2"
"凤翔府龙泉","1","1","2"
"翔府龙泉寺","1","1","2"
"府龙泉寺僧","1","1","2"
"山东经略副","1","1","2"
"东经略副使","1","1","2"
"经略副使武","1","1","2"
"略副使武秀","1","1","2"
"沂州监战塔","1","1","2"
"州监战塔思","1","1","2"
"原路总管攸","1","1","2"
"路总管攸忙","1","1","2"
"总管攸忙兀","1","1","2"
"管攸忙兀带","1","1","2"
"恩州历亭县","1","1","2"
"州历亭县进","1","1","2"
"军侍卫亲军","2","0","2"
"日赐高丽国","2","0","2"
"召卫州太一","1","1","2"
"五代度师李","1","1","2"
"代度师李居","1","1","2"
"度师李居寿","1","1","2"
"省左右部诸","2","0","2"
"左右部诸路","2","0","2"
"右部诸路都","2","0","2"
"部诸路都转","2","0","2"
"都转运使阿","1","1","2"
"转运使阿里","1","1","2"
"太原路临州","1","1","2"
"原路临州进","1","1","2"
"军人银五十","2","0","2"
"百五十八万","1","1","2"
"五十八万八","1","1","2"
"十八万八千","1","1","2"
"八万八千一","1","1","2"
"万八千一百","1","1","2"
"定路总管张","1","1","2"
"路总管张宏","1","1","2"
"邳州万户张","1","1","2"
"州万户张邦","1","1","2"
"户张邦直等","1","1","2"
"北京路行省","1","1","2"
"邓州监战讷","1","1","2"
"州监战讷怀","1","1","2"
"旧军万户董","1","1","2"
"军万户董文","1","1","2"
"万户董文炳","1","1","2"
"河南副统军","1","1","2"
"蒙古军耕种","1","1","2"
"贡银鼠皮二","1","1","2"
"银鼠皮二千","1","1","2"
"玉龙答失部","1","1","2"
"王王禃遣弟","2","0","2"
"百四十六艘","1","1","2"
"亲王兀鲁带","1","1","2"
"王兀鲁带河","1","1","2"
"兀鲁带河间","1","1","2"
"鲁带河间王","1","1","2"
"山东东路私","1","1","2"
"丁平章政事","2","0","2"
"东廉访使王","1","1","2"
"廉访使王晋","1","1","2"
"王必帖木所","2","0","2"
"诏谕总统所","1","1","2"
"正副都纲等","1","1","2"
"副都纲等官","1","1","2"
"夏四月戊午","2","0","2"
"万户晃里答","1","1","2"
"敕上都商税","2","0","2"
"南京等路戍","1","1","2"
"七百二十四","1","1","2"
"百二十四人","1","1","2"
"人月米二斗","2","0","2"
"米二斗五升","1","1","2"
"雅州碉门宣","1","1","2"
"州碉门宣抚","1","1","2"
"碉门宣抚使","1","1","2"
"门宣抚使请","1","1","2"
"命四川行院","2","0","2"
"平章政事廉","1","1","2"
"章政事廉希","1","1","2"
"事廉希宪行","2","0","2"
"廉希宪行省","2","0","2"
"中书左丞姚","1","1","2"
"书左丞姚枢","1","1","2"
"奉表贺圣诞","2","0","2"
"表贺圣诞节","2","0","2"
"光昞遣使奉","2","0","2"
"昞遣使奉表","2","0","2"
"济南路邹平","1","1","2"
"南路邹平县","1","1","2"
"路邹平县进","1","1","2"
"禃遣使贡方","2","0","2"
"伯颜中书左","2","0","2"
"颜中书左丞","2","0","2"
"战功银二百","1","1","2"
"功银二百五","1","1","2"
"冬十月己卯","2","0","2"
"石抹总管等","1","1","2"
"二百二十余","1","1","2"
"尚书严忠范","1","1","2"
"书严忠范年","1","1","2"
"渎山大玉海","1","1","2"
"一百五十九","1","1","2"
"百五十九万","1","1","2"
"五十九万七","1","1","2"
"九万七千六","1","1","2"
"丝九十八万","1","1","2"
"九十八万六","1","1","2"
"十八万六千","1","1","2"
"八万六千二","1","1","2"
"六千二百八","1","1","2"
"百八十八斤","1","1","2"
"五万七千六","1","1","2"
"七千六百八","1","1","2"
"六百八十二","1","1","2"
"春正月乙未","2","0","2"
"王禃遣使贺","2","0","2"
"行枢密院谋","1","1","2"
"处高丽降民","2","0","2"
"同知制国使","2","0","2"
"知制国使司","2","0","2"
"阿术部下所","1","1","2"
"术部下所俘","1","1","2"
"谕中外官吏","2","0","2"
"济南益都转","1","1","2"
"南益都转运","1","1","2"
"益都转运使","1","1","2"
"都转运使王","1","1","2"
"转运使王明","1","1","2"
"五山珍御榻","1","1","2"
"亳州水军千","1","1","2"
"州水军千户","1","1","2"
"水军千户胡","1","1","2"
"军千户胡进","1","1","2"
"千户胡进等","1","1","2"
"浚西夏中兴","1","1","2"
"封皇子南木","1","1","2"
"清州兴济县","1","1","2"
"命山东统军","1","1","2"
"息州安抚司","1","1","2"
"武卫军四百","1","1","2"
"诏招集逃亡","1","1","2"
"朕惟古小国","2","0","2"
"惟古小国君","2","0","2"
"尚务讲信修","2","0","2"
"务讲信修睦","2","0","2"
"尚恐王国知","2","0","2"
"恐王国知未","2","0","2"
"王国知未审","2","0","2"
"圣人四海家","2","0","2"
"岂一家理哉","2","0","2"
"大将军朴琪","1","1","2"
"平阳经籍所","1","1","2"
"政事赵璧等","1","1","2"
"忽都答中书","2","0","2"
"都答中书左","2","0","2"
"答中书左丞","2","0","2"
"千户散竹带","1","1","2"
"东川军前效","1","1","2"
"嘉定等府沿","1","1","2"
"定等府沿江","1","1","2"
"等府沿江一","1","1","2"
"府沿江一带","1","1","2"
"十二月庚申","2","0","2"
"诸路洞冶所","1","1","2"
"梁成生擒宋","1","1","2"
"行工部尚书","2","0","2"
"工部尚书段","1","1","2"
"部尚书段天","1","1","2"
"一百六十万","1","1","2"
"断死罪九十","2","0","2"
"民兵三千人","1","1","2"
"调兵七千人","1","1","2"
"立茶速秃水","1","1","2"
"封安肃公张","1","1","2"
"封昔木土山","1","1","2"
"立提点宫城","1","1","2"
"提点宫城所","1","1","2"
"陕西行省招","1","1","2"
"臣等蒙古人","1","1","2"
"威州山后大","1","1","2"
"州山后大番","1","1","2"
"弄麻等十一","1","1","2"
"丝料轻重差","2","0","2"
"天泽中书左","2","0","2"
"泽中书左丞","2","0","2"
"高丽使者宋","1","1","2"
"丽使者宋君","1","1","2"
"使者宋君斐","1","1","2"
"秋七月丙戌","2","0","2"
"怀孟路安抚","1","1","2"
"总管张弘范","1","1","2"
"管张弘范等","1","1","2"
"张弘范等盗","1","1","2"
"千八百人充","1","1","2"
"人充侍卫军","2","0","2"
"填星犯天樽","2","0","2"
"右丞相线真","1","1","2"
"封皇子忽哥","1","1","2"
"皇子忽哥赤","1","1","2"
"白犯轩辕大","2","0","2"
"怯绵征建都","2","0","2"
"王王禃遣秘","2","0","2"
"王禃遣秘书","2","0","2"
"禃遣秘书监","2","0","2"
"秘书监郭汝","1","1","2"
"书监郭汝弼","1","1","2"
"帅汪良臣请","1","1","2"
"遣云南王忽","1","1","2"
"王忽哥赤镇","1","1","2"
"怯赤山石绒","2","0","2"
"达鲁花赤李","2","0","2"
"铁旗城后番","1","1","2"
"旗城后番官","1","1","2"
"立夔府路总","1","1","2"
"夔府路总帅","1","1","2"
"府路总帅府","1","1","2"
"路统军使讷","1","1","2"
"统军使讷怀","1","1","2"
"士战功银九","1","1","2"
"战功银九千","1","1","2"
"功银九千六","1","1","2"
"银九千六百","1","1","2"
"九千六百五","1","1","2"
"六百五十两","1","1","2"
"亲王移相哥","1","1","2"
"立辽东路水","1","1","2"
"辽东路水驿","1","1","2"
"东路水驿七","1","1","2"
"元帅阿术部","1","1","2"
"帅阿术部下","1","1","2"
"银五万五千","1","1","2"
"五万五千三","1","1","2"
"五千三百两","1","1","2"
"霸州益津县","2","0","2"
"一百六十四","1","1","2"
"百六十四万","1","1","2"
"六十四万四","1","1","2"
"十四万四千","1","1","2"
"孟甲持诏谕","2","0","2"
"海阳公金俊","1","1","2"
"百户浑都速","1","1","2"
"减死流远方","2","0","2"
"都元帅百家","1","1","2"
"元帅百家奴","1","1","2"
"币帛六万匹","2","0","2"
"汉军协力征","1","1","2"
"林直学士高","1","1","2"
"直学士高鸣","1","1","2"
"顺州知州刘","1","1","2"
"州知州刘瑜","1","1","2"
"使王仲仁戍","1","1","2"
"陕西统军司","1","1","2"
"右丞相塔察","1","1","2"
"丞相塔察御","2","0","2"
"相塔察御史","2","0","2"
"塔察御史大","2","0","2"
"察御史大夫","2","0","2"
"西夏宣抚司","1","1","2"
"立西夏惠民","1","1","2"
"西夏惠民局","1","1","2"
"遣都统脱朵","2","0","2"
"诏四川行省","2","0","2"
"行省赛典赤","2","0","2"
"东西二川统","1","1","2"
"西二川统军","1","1","2"
"二川统军司","1","1","2"
"元帅阿术同","1","1","2"
"敕长春宫修","2","0","2"
"周天大醮七","1","1","2"
"天大醮七昼","1","1","2"
"三十一万八","1","1","2"
"一万八千石","1","1","2"
"万八千石赈","2","0","2"
"十月戊寅朔","2","0","2"
"立河南等路","1","1","2"
"史中丞阿里","1","1","2"
"近二十万石","1","1","2"
"祭星司天台","2","0","2"
"置乾州奉天","1","1","2"
"乾州奉天县","1","1","2"
"百六十五万","1","1","2"
"二百八十六","1","1","2"
"诛权臣金俊","2","0","2"
"上都转运司","1","1","2"
"五千九百九","1","1","2"
"水达达户减","1","1","2"
"人钞二十五","2","0","2"
"夏四月辛巳","2","0","2"
"四万一千三","1","1","2"
"六百二十一","1","1","2"
"真定等路旱","2","0","2"
"王王禃遣世","2","0","2"
"王禃遣世子","2","0","2"
"遣世子愖朝","2","0","2"
"愖金五十两","2","0","2"
"兵万五千人","2","0","2"
"二万七千五","1","1","2"
"七千五百九","1","1","2"
"私商四十五","1","1","2"
"商四十五人","1","1","2"
"水军千户邢","1","1","2"
"军千户邢德","1","1","2"
"千户邢德立","1","1","2"
"张志等生擒","1","1","2"
"志等生擒宋","1","1","2"
"荆鄂都统唐","1","1","2"
"鄂都统唐永","1","1","2"
"都统唐永坚","1","1","2"
"诸路蒙古字","2","0","2"
"路蒙古字学","2","0","2"
"相视耽罗等","2","0","2"
"将夏贵率兵","1","1","2"
"获战舰五十","1","1","2"
"立金州招讨","1","1","2"
"肃州钞法未","1","1","2"
"令提刑按察","1","1","2"
"高丽国世子","1","1","2"
"立弟安庆公","2","0","2"
"弟安庆公淐","2","0","2"
"李谔等国详","2","0","2"
"谔等国详问","2","0","2"
"民间贷钱取","2","0","2"
"间贷钱取息","2","0","2"
"愖率兵三千","2","0","2"
"率兵三千赴","2","0","2"
"兵三千赴国","2","0","2"
"三千赴国难","2","0","2"
"管军万户宋","1","1","2"
"军万户宋仲","1","1","2"
"万户宋仲义","1","1","2"
"户宋仲义征","1","1","2"
"史天泽平章","2","0","2"
"行河南等路","2","0","2"
"刑部尚书金","1","1","2"
"部尚书金方","1","1","2"
"尚书金方庆","1","1","2"
"命国王头辇","1","1","2"
"行中书省东","2","0","2"
"中书省东京","2","0","2"
"谕高丽国军","2","0","2"
"太阴犯辰星","2","0","2"
"高丽都统崔","2","0","2"
"丽都统崔坦","2","0","2"
"都统崔坦等","2","0","2"
"挈西京五十","2","0","2"
"西京都统李","1","1","2"
"京都统李延","1","1","2"
"都统李延龄","1","1","2"
"遣忙哥都率","1","1","2"
"米十二万八","1","1","2"
"十二万八千","1","1","2"
"二万八千九","1","1","2"
"万八千九百","1","1","2"
"八千九百石","1","1","2"
"千九百石赈","1","1","2"
"尚书礼部侍","1","1","2"
"书礼部侍郎","1","1","2"
"筑东安浑河","1","1","2"
"作佛事太庙","2","0","2"
"广宁等府隶","1","1","2"
"百六十八万","1","1","2"
"六十八万四","1","1","2"
"八万四千一","1","1","2"
"四千一百五","1","1","2"
"政事忽都答","1","1","2"
"衡中书左丞","2","0","2"
"制国使阿合","2","0","2"
"国使阿合马","2","0","2"
"同平章尚书","2","0","2"
"使司副使张","1","1","2"
"司副使张惠","1","1","2"
"麦术丁参知","2","0","2"
"七百人入觐","2","0","2"
"画慈悲岭界","2","0","2"
"率兵戍西境","2","0","2"
"房州总管孙","1","1","2"
"统制朱兴祖","1","1","2"
"制朱兴祖等","1","1","2"
"卿徐世隆所","1","1","2"
"知政事张文","1","1","2"
"政事张文谦","1","1","2"
"四道巡行劝","1","1","2"
"巡行劝农司","1","1","2"
"千户脱脱击","1","1","2"
"户脱脱击败","1","1","2"
"见皇子燕王","1","1","2"
"安庆公淐本","2","0","2"
"庆公淐本非","2","0","2"
"浚武清县御","1","1","2"
"武清县御河","1","1","2"
"造战舰五千","1","1","2"
"战舰五千艘","1","1","2"
"御史台典事","1","1","2"
"怀州河内县","1","1","2"
"东西川统军","1","1","2"
"西川统军司","1","1","2"
"番族八千户","1","1","2"
"合答平章政","2","0","2"
"答平章政事","2","0","2"
"三十月一考","2","0","2"
"宣徽使线真","1","1","2"
"戍军马二万","1","1","2"
"秋七月辛丑","2","0","2"
"命达鲁花赤","2","0","2"
"隆兴府总管","1","1","2"
"兴府总管昔","1","1","2"
"府总管昔剌","1","1","2"
"总管昔剌斡","1","1","2"
"管昔剌斡脱","1","1","2"
"御史大夫塔","1","1","2"
"史大夫塔察","1","1","2"
"御史中丞帖","1","1","2"
"保定路霖雨","2","0","2"
"将范文虎兵","2","0","2"
"盐二十四万","1","1","2"
"二十四万斤","1","1","2"
"山东淄莱路","1","1","2"
"十一月壬寅","1","1","2"
"前左壁总帅","1","1","2"
"左壁总帅史","1","1","2"
"壁总帅史枢","1","1","2"
"高丽金州等","1","1","2"
"丽金州等处","1","1","2"
"织日月龙虎","1","1","2"
"河西行省钞","2","0","2"
"西行省钞万","2","0","2"
"行省钞万锭","2","0","2"
"西夏提刑按","1","1","2"
"夏提刑按察","1","1","2"
"刑按察司管","1","1","2"
"按察司管民","1","1","2"
"察司管民官","1","1","2"
"升御史大夫","1","1","2"
"制置朱禩孙","2","0","2"
"酋长阿匿福","1","1","2"
"鱼通路知府","1","1","2"
"通路知府高","1","1","2"
"路知府高曳","1","1","2"
"知府高曳失","1","1","2"
"建大护国仁","2","0","2"
"九千四百四","1","1","2"
"四百四十九","1","1","2"
"赐先朝后妃","2","0","2"
"先朝后妃诸","2","0","2"
"朝后妃诸王","2","0","2"
"后妃诸王金","2","0","2"
"春正月乙丑","2","0","2"
"秘书监朴恒","1","1","2"
"阿里海牙参","1","1","2"
"里海牙参知","2","0","2"
"行省阿里伯","2","0","2"
"居民三百八","1","1","2"
"民三百八十","1","1","2"
"三百八十二","1","1","2"
"百八十二户","1","1","2"
"遣兀都蛮率","1","1","2"
"阿海略地珍","2","0","2"
"海略地珍岛","2","0","2"
"谍知珍岛余","2","0","2"
"四川行省速","2","0","2"
"川行省速带","2","0","2"
"京等路行尚","1","1","2"
"察御史六员","2","0","2"
"余党裴仲孙","1","1","2"
"宣慰都元帅","1","1","2"
"慰都元帅宝","1","1","2"
"傅阔阔带等","1","1","2"
"东山西道按","1","1","2"
"山西道按察","1","1","2"
"改河东陕西","2","0","2"
"盐课都转运","1","1","2"
"课都转运司","1","1","2"
"高丽叛臣裴","1","1","2"
"丽叛臣裴仲","1","1","2"
"仲孙乞诸军","2","0","2"
"孙乞诸军退","2","0","2"
"乞诸军退屯","2","0","2"
"滨棣万户韩","1","1","2"
"棣万户韩世","1","1","2"
"选随朝百官","1","1","2"
"立西夏中兴","1","1","2"
"兴等路行尚","2","0","2"
"尚书省阅实","2","0","2"
"封皇子燕王","1","1","2"
"高丽凤州经","1","1","2"
"丽凤州经略","1","1","2"
"王国昌分道","2","0","2"
"国昌分道进","2","0","2"
"昌分道进讨","2","0","2"
"岁银五十万","2","0","2"
"阿术率万户","2","0","2"
"户阿剌罕等","1","1","2"
"将范文虎等","1","1","2"
"统制朱胜等","1","1","2"
"行省事兴元","2","0","2"
"总管朱日新","1","1","2"
"增太原盐课","2","0","2"
"人李忠进言","1","1","2"
"运山侍郎张","1","1","2"
"山侍郎张大","1","1","2"
"侍郎张大悦","1","1","2"
"王头辇哥行","2","0","2"
"中三卫亲军","1","1","2"
"三卫亲军都","1","1","2"
"成都统军司","1","1","2"
"总管李庆等","1","1","2"
"邓州田五百","1","1","2"
"州田五百顷","1","1","2"
"改赐民田三","1","1","2"
"赐民田三百","1","1","2"
"民田三百户","1","1","2"
"八千六百锭","1","1","2"
"京兆等路直","1","1","2"
"太庙殿柱朽","2","0","2"
"右卫亲军都","1","1","2"
"都指挥使忽","1","1","2"
"挥使忽都等","1","1","2"
"千户蒋德等","1","1","2"
"统制范广等","1","1","2"
"制范广等五","1","1","2"
"范广等五十","1","1","2"
"广等五十余","1","1","2"
"忙安仓失陷","1","1","2"
"州尹张廷瑞","1","1","2"
"同知陈思济","1","1","2"
"河南府陕县","1","1","2"
"交钞都提举","1","1","2"
"钞都提举司","1","1","2"
"二月辛卯朔","2","0","2"
"尚书省迁入","1","1","2"
"书省迁入中","1","1","2"
"省迁入中书","1","1","2"
"迁入中书省","1","1","2"
"九十四万六","1","1","2"
"十四万六千","1","1","2"
"四万六千二","1","1","2"
"六千二百七","1","1","2"
"一百六十七","1","1","2"
"礼宾卿宣文","1","1","2"
"宾卿宣文烈","1","1","2"
"子西平王奥","1","1","2"
"平王秃鲁所","1","1","2"
"忙古带等十","1","1","2"
"古带等十八","1","1","2"
"欲速公弄等","1","1","2"
"速公弄等土","1","1","2"
"公弄等土番","1","1","2"
"弄等土番军","1","1","2"
"王奥鲁赤马","1","1","2"
"奥鲁赤马价","1","1","2"
"平王秃鲁银","1","1","2"
"王秃鲁银印","1","1","2"
"山东东路都","1","1","2"
"东东路都元","1","1","2"
"东路都元帅","1","1","2"
"路都元帅府","1","1","2"
"都元帅府统","1","1","2"
"奉使日本赵","2","0","2"
"本赵良弼遣","2","0","2"
"赵良弼遣书","2","0","2"
"良弼遣书状","2","0","2"
"弼遣书状官","2","0","2"
"臣齐安侯王","1","1","2"
"西京等州县","1","1","2"
"唐州泌阳县","1","1","2"
"军都元帅刘","1","1","2"
"都元帅刘整","1","1","2"
"夏四月己丑","2","0","2"
"提举交钞使","1","1","2"
"宫城初建东","1","1","2"
"答里伯所部","1","1","2"
"高丽国西京","1","1","2"
"丽国西京属","1","1","2"
"国西京属城","1","1","2"
"达鲁花赤质","2","0","2"
"鲁花赤质子","2","0","2"
"花赤质子金","2","0","2"
"赤质子金镒","2","0","2"
"金镒等归国","2","0","2"
"乞里吉思屯","1","1","2"
"里吉思屯田","1","1","2"
"吉思屯田所","1","1","2"
"山东路行枢","1","1","2"
"东路行枢密","1","1","2"
"路行枢密院","1","1","2"
"行枢密院塔","1","1","2"
"白头河四处","1","1","2"
"头河四处城","1","1","2"
"河四处城堡","1","1","2"
"兵三百余人","2","0","2"
"赐诸王八八","2","0","2"
"京兆等处探","1","1","2"
"兆等处探马","1","1","2"
"等处探马赤","1","1","2"
"阿剌海牙等","1","1","2"
"师转战五十","1","1","2"
"转战五十余","1","1","2"
"战五十余里","1","1","2"
"将士二千余","1","1","2"
"士二千余人","1","1","2"
"河南省事崔","1","1","2"
"南省事崔斌","1","1","2"
"水军总管府","1","1","2"
"东川元帅李","1","1","2"
"川元帅李吉","1","1","2"
"元帅李吉等","1","1","2"
"军使合剌等","1","1","2"
"获战船五十","1","1","2"
"战船五十艘","1","1","2"
"封皇子忙哥","1","1","2"
"十一月乙卯","2","0","2"
"昔剌斡脱所","1","1","2"
"屯田军二千","1","1","2"
"高丽军六千","1","1","2"
"武卫军二千","1","1","2"
"刘整卢龙军","1","1","2"
"整卢龙军节","1","1","2"
"卢龙军节度","1","1","2"
"龙军节度使","1","1","2"
"管诸军奥鲁","2","0","2"
"立肃州等处","1","1","2"
"王南木合军","1","1","2"
"南木合军马","1","1","2"
"木合军马一","1","1","2"
"合军马一万","1","1","2"
"军马一万二","1","1","2"
"九百九十一","1","1","2"
"羊六万一千","1","1","2"
"六万一千五","1","1","2"
"一千五百三","1","1","2"
"五百三十一","1","1","2"
"昝万寿攻成","2","0","2"
"万寿攻成都","2","0","2"
"同知王世英","1","1","2"
"知王世英等","1","1","2"
"王世英等八","1","1","2"
"世英等八人","1","1","2"
"英等八人弃","1","1","2"
"等八人弃城","1","1","2"
"直都指挥使","1","1","2"
"百九十五万","1","1","2"
"九十五万五","1","1","2"
"十五万五千","1","1","2"
"五万五千八","1","1","2"
"万五千八百","1","1","2"
"五千八百八","1","1","2"
"死罪三十九","2","0","2"
"罪三十九人","2","0","2"
"春正月乙卯","2","0","2"
"宿州万户爱","1","1","2"
"州万户爱先","1","1","2"
"里海牙等大","1","1","2"
"将吕文焕惧","2","0","2"
"子北平王甲","1","1","2"
"京兆等路签","1","1","2"
"术呵押失寒","1","1","2"
"赏东川统军","1","1","2"
"东川统军合","1","1","2"
"川统军合剌","1","1","2"
"太子受册宝","2","0","2"
"遣太常卿合","2","0","2"
"酋长阿旭叛","1","1","2"
"遣断事官麦","1","1","2"
"京西安抚使","1","1","2"
"襄阳吕文焕","1","1","2"
"阳吕文焕率","1","1","2"
"丞相安童授","1","1","2"
"皇太子真金","1","1","2"
"练水军五六","1","1","2"
"水军五六万","1","1","2"
"书左丞张惠","1","1","2"
"文焕昭勇大","1","1","2"
"焕昭勇大将","1","1","2"
"襄汉大都督","1","1","2"
"军国重事史","1","1","2"
"国重事史天","1","1","2"
"重事史天泽","1","1","2"
"章政事阿术","1","1","2"
"等路枢密院","2","0","2"
"路枢密院事","2","0","2"
"左丞相合丹","1","1","2"
"山东都元帅","1","1","2"
"东都元帅塔","1","1","2"
"行西川枢密","2","0","2"
"西川枢密院","2","0","2"
"利州等路统","1","1","2"
"州等路统军","1","1","2"
"等路统军使","1","1","2"
"路统军使合","1","1","2"
"东川副统军","1","1","2"
"川副统军王","1","1","2"
"副统军王仲","1","1","2"
"统军王仲仁","1","1","2"
"万户奥鲁赤","1","1","2"
"户奥鲁赤等","1","1","2"
"州等处招讨","2","0","2"
"等处招讨司","2","0","2"
"罗国招讨使","1","1","2"
"东西两川统","1","1","2"
"西两川统军","1","1","2"
"两川统军司","1","1","2"
"典赤行省云","2","0","2"
"赤行省云南","2","0","2"
"金州军八百","1","1","2"
"州军八百人","1","1","2"
"遣兀鲁忽奴","1","1","2"
"兀鲁忽奴带","1","1","2"
"张文谦祭告","1","1","2"
"禃遣上将军","2","0","2"
"上将军金诜","1","1","2"
"襄阳生熟券","2","0","2"
"阳生熟券军","2","0","2"
"熟券军冬衣","1","1","2"
"置东宫宫师","1","1","2"
"东宫宫师府","1","1","2"
"宫宫师府詹","1","1","2"
"宫师府詹事","1","1","2"
"京畿五百里","1","1","2"
"生券军乞驻","2","0","2"
"券军乞驻东","2","0","2"
"军乞驻东京","2","0","2"
"诏令营北京","2","0","2"
"令营北京界","2","0","2"
"敕东京路运","2","0","2"
"南宣慰司运","1","1","2"
"招讨使塔匣","1","1","2"
"讨使塔匣剌","1","1","2"
"使塔匣剌请","1","1","2"
"冬十月乙卯","2","0","2"
"义士军屯田","1","1","2"
"钞一千三百","2","0","2"
"一千三百锭","1","1","2"
"断死罪五十","2","0","2"
"十三人斗殴","2","0","2"
"三人斗殴杀","2","0","2"
"人斗殴杀人","2","0","2"
"广宁府新签","1","1","2"
"西蜀都元帅","1","1","2"
"都元帅速答","2","0","2"
"子奥鲁赤合","1","1","2"
"奥鲁赤合兵","1","1","2"
"酋长下济等","1","1","2"
"长下济等四","1","1","2"
"下济等四人","1","1","2"
"召阿术同吕","1","1","2"
"阿术同吕文","1","1","2"
"术同吕文焕","1","1","2"
"同吕文焕入","1","1","2"
"大司农司请","1","1","2"
"子北平王合","1","1","2"
"北平王合军","1","1","2"
"平王合军讨","1","1","2"
"叛臣聂古伯","1","1","2"
"五十四万五","1","1","2"
"十四万五千","1","1","2"
"四万五千五","1","1","2"
"五千五百九","1","1","2"
"九十六万二","1","1","2"
"六万二千七","1","1","2"
"二千七百九","1","1","2"
"七百九十五","1","1","2"
"帝始御正殿","2","0","2"
"受皇太子诸","2","0","2"
"太子诸王百","2","0","2"
"子诸王百官","2","0","2"
"禃遣少卿李","2","0","2"
"州招讨使钦","1","1","2"
"讨使钦察率","1","1","2"
"免诸路军杂","2","0","2"
"诸路军杂赋","2","0","2"
"忙古带等新","1","1","2"
"古带等新旧","1","1","2"
"带等新旧军","1","1","2"
"等新旧军一","1","1","2"
"新旧军一万","1","1","2"
"旧军一万一","1","1","2"
"军一万一千","1","1","2"
"千五百人戍","1","1","2"
"立建都宁远","1","1","2"
"建都宁远都","1","1","2"
"都宁远都护","1","1","2"
"宁远都护府","1","1","2"
"置西蜀四川","1","1","2"
"西蜀四川屯","1","1","2"
"蜀四川屯田","1","1","2"
"水弩炮手五","1","1","2"
"弩炮手五千","1","1","2"
"阿吉老耆等","1","1","2"
"新德副元帅","1","1","2"
"德副元帅杨","1","1","2"
"副元帅杨尧","1","1","2"
"元帅杨尧元","1","1","2"
"帅杨尧元战","1","1","2"
"造战船八百","1","1","2"
"战船八百艘","1","1","2"
"京等处行中","2","0","2"
"吕文焕随司","2","0","2"
"随司千户陈","1","1","2"
"司千户陈炎","1","1","2"
"管洪茶丘等","1","1","2"
"获嘉县尹常","1","1","2"
"嘉县尹常德","1","1","2"
"万户阿里必","1","1","2"
"二百四十九","1","1","2"
"六百七十人","1","1","2"
"建都合马里","1","1","2"
"部下蒙古军","1","1","2"
"下蒙古军五","2","0","2"
"南道宣慰司","1","1","2"
"子忽失海牙","1","1","2"
"秋七月乙亥","2","0","2"
"刑按察使兀","1","1","2"
"按察使兀鲁","1","1","2"
"察使兀鲁失","1","1","2"
"花同参知政","1","1","2"
"同参知政事","1","1","2"
"参知政事廉","1","1","2"
"知政事廉希","1","1","2"
"生券军八十","1","1","2"
"券军八十一","1","1","2"
"军八十一人","1","1","2"
"同知上都留","2","0","2"
"知上都留守","2","0","2"
"都留守司事","2","0","2"
"淮西行中书","1","1","2"
"王愖遣枢密","2","0","2"
"长河西千户","1","1","2"
"河西千户必","1","1","2"
"西千户必剌","1","1","2"
"千户必剌冲","1","1","2"
"副元帅覃澄","1","1","2"
"元帅覃澄率","1","1","2"
"守将串楼王","1","1","2"
"总制黄顺缒","1","1","2"
"制黄顺缒城","1","1","2"
"都统边居谊","1","1","2"
"诸军蚁附登","2","0","2"
"郎董文忠言","2","0","2"
"嘉定安抚昝","2","0","2"
"定安抚昝万","2","0","2"
"东川元帅杨","1","1","2"
"川元帅杨文","1","1","2"
"青居山蒙古","1","1","2"
"居山蒙古万","1","1","2"
"山蒙古万户","1","1","2"
"蒙古万户怯","1","1","2"
"古万户怯烈","1","1","2"
"遣万户帖木","1","1","2"
"新城总制黄","1","1","2"
"城总制黄顺","1","1","2"
"顺黄金锦衣","1","1","2"
"十二月丙午","2","0","2"
"都统高文明","1","1","2"
"逃奴主者二","2","0","2"
"荆鄂诸军都","1","1","2"
"鄂诸军都统","1","1","2"
"诸军都统程","1","1","2"
"统程鹏飞所","2","0","2"
"总管史塔剌","1","1","2"
"管史塔剌浑","1","1","2"
"史塔剌浑等","1","1","2"
"塔剌浑等率","1","1","2"
"直秘阁湖北","1","1","2"
"秘阁湖北提","1","1","2"
"阁湖北提举","1","1","2"
"湖北提举张","1","1","2"
"北提举张晏","1","1","2"
"提举张晏然","1","1","2"
"知德安府兴","2","0","2"
"德安府兴国","2","0","2"
"鹏飞本军降","2","0","2"
"鄂州民兵总","1","1","2"
"州民兵总制","1","1","2"
"民兵总制王","1","1","2"
"都指挥使秃","1","1","2"
"挥使秃满带","1","1","2"
"襄阳路总管","1","1","2"
"阳路总管贾","1","1","2"
"路总管贾居","1","1","2"
"总管贾居贞","1","1","2"
"居贞宣抚使","2","0","2"
"广福万寿宫","1","1","2"
"九十六万七","1","1","2"
"十六万七千","1","1","2"
"六万七千八","1","1","2"
"七千八百九","1","1","2"
"八百九十八","1","1","2"
"米七万五千","1","1","2"
"七万五千四","1","1","2"
"百一十五石","1","1","2"
"五百九十九","1","1","2"
"春正月癸酉","2","0","2"
"正月癸酉朔","2","0","2"
"判阁事李信","1","1","2"
"阁事李信孙","1","1","2"
"知黄州陈奕","2","0","2"
"颜承制授奕","2","0","2"
"承制授奕沿","2","0","2"
"制授奕沿江","2","0","2"
"授奕沿江大","2","0","2"
"安抚使张资","1","1","2"
"遣元帅张桂","1","1","2"
"元帅张桂孙","1","1","2"
"都辖唐惠等","1","1","2"
"辖唐惠等六","1","1","2"
"唐惠等六人","1","1","2"
"安抚使管景","1","1","2"
"抚使管景模","1","1","2"
"江西安抚使","1","1","2"
"淮西路六安","1","1","2"
"西路六安军","1","1","2"
"宜降玺书招","2","0","2"
"降玺书招谕","2","0","2"
"侍卫亲军指","1","1","2"
"卫亲军指挥","1","1","2"
"军指挥使札","1","1","2"
"诏招谕郢州","2","0","2"
"阳统军司调","1","1","2"
"遣右卫指挥","1","1","2"
"右卫指挥副","1","1","2"
"卫指挥副使","1","1","2"
"挥副使郑温","1","1","2"
"重庆府制置","1","1","2"
"庆府制置司","1","1","2"
"宣抚使贾居","1","1","2"
"抚使贾居贞","1","1","2"
"安南国使者","1","1","2"
"工部侍郎严","1","1","2"
"部侍郎严忠","1","1","2"
"侍郎严忠范","1","1","2"
"云南总管信","1","1","2"
"南总管信苴","1","1","2"
"石买等刺杀","1","1","2"
"买等刺杀合","1","1","2"
"等刺杀合剌","1","1","2"
"刺杀合剌章","1","1","2"
"杀合剌章舍","1","1","2"
"合剌章舍里","1","1","2"
"剌章舍里威","1","1","2"
"夷未附者尚","2","0","2"
"未附者尚多","2","0","2"
"宣慰司行元","2","0","2"
"慰司行元帅","2","0","2"
"司行元帅府","2","0","2"
"置云南诸路","1","1","2"
"云南诸路规","1","1","2"
"南诸路规措","1","1","2"
"诸路规措所","1","1","2"
"殿前都指挥","1","1","2"
"前都指挥使","1","1","2"
"范文虎城降","2","0","2"
"文虎两浙大","1","1","2"
"虎两浙大都","1","1","2"
"中书右丞博","1","1","2"
"书右丞博鲁","1","1","2"
"右丞博鲁欢","1","1","2"
"南战船千艘","2","0","2"
"元宣抚司赈","1","1","2"
"统制张林城","2","0","2"
"制张林城降","2","0","2"
"省西夏中兴","2","0","2"
"兵部郎中何","1","1","2"
"部郎中何文","1","1","2"
"郎中何文著","1","1","2"
"诏谕淮东制","2","0","2"
"谕淮东制置","2","0","2"
"磁路总管姜","1","1","2"
"路总管姜毅","1","1","2"
"总管姜毅捕","1","1","2"
"管姜毅捕获","1","1","2"
"姜毅捕获农","1","1","2"
"毅捕获农民","1","1","2"
"捕获农民郝","1","1","2"
"获农民郝进","1","1","2"
"农民郝进等","1","1","2"
"民郝进等四","1","1","2"
"郝进等四人","1","1","2"
"承宣使阮思","1","1","2"
"宣使阮思聪","1","1","2"
"囊加带同阮","1","1","2"
"加带同阮思","1","1","2"
"带同阮思聪","1","1","2"
"阮思聪报命","2","0","2"
"使谓似道曰","2","0","2"
"沿江诸郡皆","2","0","2"
"江诸郡皆内","2","0","2"
"劾前南京路","1","1","2"
"前南京路总","1","1","2"
"京路总管田","1","1","2"
"路总管田大","1","1","2"
"总管田大成","1","1","2"
"降臣张晏然","1","1","2"
"臣张晏然等","1","1","2"
"令赵氏乏祀","2","0","2"
"书廉希贤等","1","1","2"
"权臣贾似道","1","1","2"
"阿剌海牙节","1","1","2"
"剌海牙节制","1","1","2"
"命阿剌海牙","1","1","2"
"阿剌海牙镇","1","1","2"
"剌海牙镇守","1","1","2"
"遣步帅孙虎","1","1","2"
"步帅孙虎臣","1","1","2"
"督府节制军","1","1","2"
"府节制军马","1","1","2"
"节制军马苏","1","1","2"
"制军马苏刘","1","1","2"
"军马苏刘义","1","1","2"
"千五百余艘","1","1","2"
"左右翼万户","2","0","2"
"右翼万户率","1","1","2"
"似道东走扬","2","0","2"
"道东走扬州","2","0","2"
"帅博鲁欢次","2","0","2"
"江陵府制置","1","1","2"
"陵府制置司","1","1","2"
"福州团练使","1","1","2"
"诣云南行中","2","0","2"
"亳州万户史","1","1","2"
"州万户史格","1","1","2"
"毗阳万户石","1","1","2"
"阳万户石抹","1","1","2"
"万户石抹绍","1","1","2"
"户石抹绍祖","1","1","2"
"知州孙嗣武","1","1","2"
"唐永坚等宣","1","1","2"
"制置使赵溍","2","0","2"
"刘人杰等归","1","1","2"
"诏安南国王","2","0","2"
"侍仪副使关","1","1","2"
"仪副使关思","1","1","2"
"副使关思义","1","1","2"
"镇江府马军","1","1","2"
"江府马军总","1","1","2"
"府马军总管","1","1","2"
"马军总管石","1","1","2"
"军总管石祖","1","1","2"
"总管石祖忠","1","1","2"
"部将李大明","1","1","2"
"将李大明等","1","1","2"
"李大明等二","1","1","2"
"大明等二百","1","1","2"
"明等二百人","1","1","2"
"宋江阴军佥","1","1","2"
"遣建都都元","1","1","2"
"建都都元帅","1","1","2"
"都都元帅火","1","1","2"
"澄镇守建都","1","1","2"
"安西王忙兀","1","1","2"
"西王忙兀剌","1","1","2"
"王奥鲁赤征","1","1","2"
"使廉希贤等","1","1","2"
"旨令诸将守","2","0","2"
"令诸将守营","2","0","2"
"诸将守营垒","2","0","2"
"八十三万一","1","1","2"
"十三万一千","1","1","2"
"三万一千八","1","1","2"
"一千八百五","1","1","2"
"一百九十一","1","1","2"
"百九十一万","1","1","2"
"九十一万九","1","1","2"
"一万九千一","1","1","2"
"四千八百余","1","1","2"
"判王虎臣城","2","0","2"
"王虎臣城降","2","0","2"
"广德军独松","1","1","2"
"德军独松关","1","1","2"
"取复州降将","1","1","2"
"复州降将翟","1","1","2"
"州降将翟贵","1","1","2"
"水军张荣实","1","1","2"
"南木合所部","2","0","2"
"二千一百八","1","1","2"
"五千一百六","1","1","2"
"遣山东路经","1","1","2"
"路经略使王","1","1","2"
"经略使王俨","1","1","2"
"略使王俨戍","1","1","2"
"分置翰林院","2","0","2"
"士承旨撒迷","2","0","2"
"承旨撒迷底","2","0","2"
"旨撒迷底里","2","0","2"
"撒迷底里主","2","0","2"
"讨长河西必","1","1","2"
"长河西必剌","1","1","2"
"河西必剌充","1","1","2"
"兴道按察司","1","1","2"
"京西湖北提","1","1","2"
"西湖北提刑","1","1","2"
"常德府新城","1","1","2"
"德府新城总","1","1","2"
"府新城总制","1","1","2"
"新城总制鲁","1","1","2"
"城总制鲁希","1","1","2"
"总制鲁希文","1","1","2"
"遣使招谕宋","2","0","2"
"宋五郡镇抚","2","0","2"
"院令史王章","1","1","2"
"扬州四十五","1","1","2"
"州四十五里","1","1","2"
"宋淮东制置","2","0","2"
"淮东制置司","1","1","2"
"孛罗御史大","2","0","2"
"罗御史大夫","2","0","2"
"入提刑按察","1","1","2"
"遣兵部郎中","1","1","2"
"兵部郎中王","1","1","2"
"部郎中王世","1","1","2"
"郎中王世英","1","1","2"
"刑部郎中萧","1","1","2"
"部郎中萧郁","1","1","2"
"四十代天师","1","1","2"
"十代天师张","1","1","2"
"阿里海牙所","2","0","2"
"选五千七百","1","1","2"
"五千七百人","1","1","2"
"听阿里海牙","2","0","2"
"里海牙调遣","1","1","2"
"诏中书右丞","2","0","2"
"中书右丞廉","1","1","2"
"书右丞廉希","1","1","2"
"知政事脱博","1","1","2"
"政事脱博忽","1","1","2"
"事脱博忽鲁","1","1","2"
"行中书省江","2","0","2"
"谕参知政事","1","1","2"
"知政事高达","1","1","2"
"使百姓安业","2","0","2"
"遣部将李立","1","1","2"
"部将李立奉","1","1","2"
"隋州事傅安","1","1","2"
"州事傅安国","1","1","2"
"均州事徐鼎","1","1","2"
"荆南湖北路","1","1","2"
"三千四百一","1","1","2"
"四万三千八","1","1","2"
"三千八百六","1","1","2"
"赴八达山屯","1","1","2"
"八达山屯田","1","1","2"
"召伯颜赴阙","2","0","2"
"蒙古万户阿","1","1","2"
"古万户阿剌","1","1","2"
"遣两浙大都","1","1","2"
"五河等处镇","1","1","2"
"遣刑部侍郎","1","1","2"
"刑部侍郎伯","1","1","2"
"部侍郎伯术","1","1","2"
"襄阳熟券军","1","1","2"
"阳熟券军二","1","1","2"
"熟券军二千","1","1","2"
"元帅府发兵","2","0","2"
"遣重庆府招","1","1","2"
"重庆府招讨","1","1","2"
"庆府招讨使","1","1","2"
"府招讨使毕","1","1","2"
"持诏招谕宋","2","0","2"
"江安潼川安","1","1","2"
"安潼川安抚","1","1","2"
"耽罗国达鲁","2","0","2"
"罗国达鲁花","2","0","2"
"诸翼万户兵","2","0","2"
"翼万户兵船","2","0","2"
"都承旨张世","1","1","2"
"承旨张世杰","1","1","2"
"州孙虎臣等","1","1","2"
"遣万户张弘","1","1","2"
"水军万户刘","1","1","2"
"招讨使刘国","1","1","2"
"讨使刘国杰","1","1","2"
"黄鹄白鹞船","1","1","2"
"鹄白鹞船数","1","1","2"
"蒲纳烘等处","1","1","2"
"淮安安抚使","1","1","2"
"安安抚使朱","1","1","2"
"安抚使朱焕","1","1","2"
"右丞阿塔海","1","1","2"
"高丽王王愖","2","0","2"
"枢密副使许","1","1","2"
"密副使许珙","1","1","2"
"战士死事者","2","0","2"
"士死事者银","2","0","2"
"赐西平王所","2","0","2"
"西平王所部","2","0","2"
"谕太常卿合","1","1","2"
"太白犯太微","2","0","2"
"赏淮安招讨","1","1","2"
"淮安招讨使","1","1","2"
"临安秘书省","1","1","2"
"三州总管岑","1","1","2"
"沿边巡检使","1","1","2"
"广西节制军","1","1","2"
"西节制军马","1","1","2"
"奏立诸路转","2","0","2"
"江西转运使","1","1","2"
"郡相继归附","1","1","2"
"五万一千八","1","1","2"
"一千八百二","1","1","2"
"八百二十九","1","1","2"
"七万六千四","1","1","2"
"中书省臣议","2","0","2"
"遣降人游介","2","0","2"
"降人游介实","2","0","2"
"人游介实奉","2","0","2"
"书副本使宋","2","0","2"
"书谕宋大臣","2","0","2"
"十二月戊戌","2","0","2"
"书四川行枢","1","1","2"
"枢密院事昝","2","0","2"
"密院事昝顺","2","0","2"
"院事昝顺言","2","0","2"
"播州安抚杨","2","0","2"
"州安抚杨邦","2","0","2"
"安抚杨邦宪","2","0","2"
"董文炳军次","2","0","2"
"都统制祁安","1","1","2"
"国信副使严","1","1","2"
"信副使严忠","1","1","2"
"副使严忠范","1","1","2"
"宋都统王邦","1","1","2"
"书左丞相忽","1","1","2"
"左丞相忽都","1","1","2"
"丞相忽都带","1","1","2"
"内外文武百","1","1","2"
"尊号曰宪天","2","0","2"
"号曰宪天述","2","0","2"
"曰宪天述道","2","0","2"
"遣尚书夏士","1","1","2"
"右史陆秀夫","1","1","2"
"史陆秀夫奉","1","1","2"
"西川沧溪知","1","1","2"
"川沧溪知县","1","1","2"
"沧溪知县赵","1","1","2"
"溪知县赵龙","1","1","2"
"江东南康路","1","1","2"
"南康路隶江","2","0","2"
"康路隶江西","2","0","2"
"重庆路隆化","1","1","2"
"庆路隆化县","1","1","2"
"滦州海山县","1","1","2"
"二万四千二","1","1","2"
"万四千二百","1","1","2"
"四百七十六","1","1","2"
"百七十六万","1","1","2"
"七十六万四","1","1","2"
"十六万四千","1","1","2"
"安抚使李芾","1","1","2"
"阿里海牙分","1","1","2"
"五十六万一","1","1","2"
"十六万一千","1","1","2"
"六万一千一","1","1","2"
"一千一百一","1","1","2"
"百五十三万","1","1","2"
"五十三万七","1","1","2"
"七千七百四","1","1","2"
"安抚刘汉杰","2","0","2"
"抚刘汉杰城","2","0","2"
"刘汉杰城降","2","0","2"
"统制官刘英","1","1","2"
"澉浦镇统制","1","1","2"
"浦镇统制胡","1","1","2"
"镇统制胡全","1","1","2"
"福建路马步","1","1","2"
"建路马步军","1","1","2"
"路马步军总","1","1","2"
"兀良合带等","1","1","2"
"遣军器监刘","1","1","2"
"军器监刘庭","1","1","2"
"器监刘庭瑞","1","1","2"
"赍宋主称藩","2","0","2"
"宋主称藩表","2","0","2"
"徙大都等路","1","1","2"
"郎董文忠请","1","1","2"
"遣监察御史","1","1","2"
"千户王秃林","1","1","2"
"户王秃林察","1","1","2"
"王秃林察戍","1","1","2"
"都元帅府宋","1","1","2"
"元帅府宋都","1","1","2"
"帅府宋都带","1","1","2"
"康军承宣使","1","1","2"
"赍传国玉玺","2","0","2"
"仁明神武皇","1","1","2"
"明神武皇帝","1","1","2"
"遣侍郎柳岳","1","1","2"
"正言洪雷震","1","1","2"
"言洪雷震捧","1","1","2"
"兵五千人追","1","1","2"
"伯颜下令禁","1","1","2"
"谕临安中外","2","0","2"
"临安中外军","2","0","2"
"安中外军民","2","0","2"
"兵白昼杀人","1","1","2"
"文天祥举动","1","1","2"
"令万户忙古","1","1","2"
"万户忙古带","1","1","2"
"遣千户囊加","1","1","2"
"千户囊加带","1","1","2"
"十万五千一","2","0","2"
"五千一百八","1","1","2"
"宋宗室大臣","2","0","2"
"复蓟州平谷","1","1","2"
"蓟州平谷县","1","1","2"
"立随路都转","1","1","2"
"随路都转运","1","1","2"
"路都转运司","1","1","2"
"带所部军六","2","0","2"
"真定总管昔","1","1","2"
"定总管昔班","1","1","2"
"枢密使贾余","1","1","2"
"密使贾余庆","1","1","2"
"祖母太皇太","1","1","2"
"母太皇太后","1","1","2"
"都督忙古带","1","1","2"
"范文虎入城","1","1","2"
"军民钱谷数","2","0","2"
"收百官诰命","2","0","2"
"右丞相贾余","1","1","2"
"丞相贾余庆","1","1","2"
"相贾余庆等","1","1","2"
"贾余庆等充","1","1","2"
"文天祥同行","1","1","2"
"二百九十八","1","1","2"
"百九十八万","1","1","2"
"九十八万三","1","1","2"
"十八万三千","1","1","2"
"三千六百七","1","1","2"
"百六十九万","1","1","2"
"六十九万二","1","1","2"
"二千六百五","1","1","2"
"通晓天文历","1","1","2"
"鳏寡孤独能","2","0","2"
"寡孤独能存","2","0","2"
"户部尚书麦","1","1","2"
"部尚书麦归","1","1","2"
"秘书监焦友","1","1","2"
"书监焦友直","1","1","2"
"吏部侍郎杨","1","1","2"
"部侍郎杨居","1","1","2"
"侍郎杨居宽","1","1","2"
"祀先农东郊","2","0","2"
"守将洪福杀","1","1","2"
"五十一万三","1","1","2"
"十一万三千","1","1","2"
"三千八百二","1","1","2"
"八百二十七","1","1","2"
"三百四十九","1","1","2"
"顺德府开元","1","1","2"
"德府开元寺","1","1","2"
"随朝文士刘","1","1","2"
"生徐应镳父","1","1","2"
"徐应镳父子","1","1","2"
"应镳父子四","1","1","2"
"镳父子四人","1","1","2"
"遣郎中孟祺","1","1","2"
"荆湖南路行","1","1","2"
"湖南路行中","1","1","2"
"南路行中书","1","1","2"
"独松关守将","1","1","2"
"松关守将张","1","1","2"
"关守将张濡","1","1","2"
"免系颈牵羊","1","1","2"
"三千八百九","1","1","2"
"管军万户邸","1","1","2"
"军万户邸浃","1","1","2"
"中书右丞昔","1","1","2"
"书右丞昔班","1","1","2"
"掌印造交钞","2","0","2"
"前西夏中兴","1","1","2"
"签行中书省","2","0","2"
"都路总管张","1","1","2"
"路总管张守","1","1","2"
"总管张守智","1","1","2"
"枢密院总帅","1","1","2"
"密院总帅汪","1","1","2"
"院总帅汪惟","1","1","2"
"脱拨忽鲁秃","1","1","2"
"拨忽鲁秃花","1","1","2"
"淮西万户府","1","1","2"
"西万户府招","1","1","2"
"万户府招降","1","1","2"
"户府招降方","1","1","2"
"府招降方山","1","1","2"
"招降方山等","1","1","2"
"降方山等六","1","1","2"
"右司郎中郝","1","1","2"
"司郎中郝祯","1","1","2"
"遣蒙古军将","1","1","2"
"遣都元帅孛","1","1","2"
"帅孛鲁欢等","1","1","2"
"王都鲁金印","1","1","2"
"侍卫亲军征","1","1","2"
"召昭文馆大","1","1","2"
"馆大学士姚","1","1","2"
"大学士姚枢","1","1","2"
"侍讲学士徒","1","1","2"
"讲学士徒单","1","1","2"
"学士徒单公","1","1","2"
"士徒单公履","1","1","2"
"行中书省廉","1","1","2"
"中书省廉希","1","1","2"
"书省廉希宪","1","1","2"
"检校大司徒","1","1","2"
"十六人京师","2","0","2"
"所部功将校","2","0","2"
"部功将校银","2","0","2"
"二万四千六","1","1","2"
"四千六百两","1","1","2"
"遣总管陈杰","1","1","2"
"总管陈杰攻","1","1","2"
"遣万户乌马","1","1","2"
"右卫亲军千","1","1","2"
"亲军千户董","1","1","2"
"军千户董士","1","1","2"
"千户董士元","1","1","2"
"户董士元战","1","1","2"
"董士元战死","1","1","2"
"遣万户昔里","1","1","2"
"万户昔里罕","1","1","2"
"船七十七艘","1","1","2"
"西王相府请","1","1","2"
"异样局总管","1","1","2"
"孔子五十三","1","1","2"
"子五十三世","1","1","2"
"五十三世孙","1","1","2"
"曲阜县尹孔","1","1","2"
"阜县尹孔治","1","1","2"
"选襄阳生券","1","1","2"
"立行尚书省","1","1","2"
"命太子赞善","2","0","2"
"斩首百余级","1","1","2"
"所将皆阿术","2","0","2"
"建宁路同知","1","1","2"
"李庭芝留朱","1","1","2"
"庭芝留朱焕","1","1","2"
"芝留朱焕守","1","1","2"
"留朱焕守扬","1","1","2"
"万户刘国杰","1","1","2"
"户刘国杰分","1","1","2"
"户部尚书张","1","1","2"
"部尚书张澍","1","1","2"
"中书省事北","2","0","2"
"书省事北京","2","0","2"
"右司郎中孟","1","1","2"
"司郎中孟祺","1","1","2"
"命太府监收","1","1","2"
"请降诏招谕","2","0","2"
"部将李承庆","1","1","2"
"将李承庆等","1","1","2"
"广西路静江","1","1","2"
"西路静江府","1","1","2"
"路静江府等","1","1","2"
"静江府等大","1","1","2"
"江府等大小","1","1","2"
"府等大小州","1","1","2"
"等大小州城","1","1","2"
"宋泰州守将","1","1","2"
"泰州守将孙","1","1","2"
"州守将孙良","1","1","2"
"守将孙良臣","1","1","2"
"李庭芝帐下","1","1","2"
"高邮等处相","1","1","2"
"邮等处相继","1","1","2"
"五十四万二","1","1","2"
"四万二千六","1","1","2"
"二千六百二","1","1","2"
"六百二十四","1","1","2"
"三千二百一","1","1","2"
"二百一十七","1","1","2"
"祠岳渎后土","2","0","2"
"签书枢密院","2","0","2"
"淮东行枢密","1","1","2"
"副都元帅塔","1","1","2"
"江东江西大","1","1","2"
"东江西大都","1","1","2"
"江西大都督","1","1","2"
"淮东淮西左","1","1","2"
"东淮西左副","1","1","2"
"淮西左副都","1","1","2"
"西左副都元","1","1","2"
"副都元帅陈","1","1","2"
"都元帅陈岩","1","1","2"
"军都元帅阔","1","1","2"
"遣太常卿脱","1","1","2"
"太常卿脱忽","1","1","2"
"常卿脱忽思","1","1","2"
"四万户总管","1","1","2"
"万户总管奥","1","1","2"
"户总管奥鲁","1","1","2"
"总管奥鲁赤","1","1","2"
"奥鲁赤参知","2","0","2"
"鲁赤参知政","2","0","2"
"赤参知政事","2","0","2"
"国师益怜真","1","1","2"
"上参议中赞","1","1","2"
"参议中赞金","1","1","2"
"臣鄂州教授","1","1","2"
"鄂州教授赵","1","1","2"
"一百二十八","1","1","2"
"四百七十二","1","1","2"
"九百七十二","1","1","2"
"百七十二万","1","1","2"
"七十二万一","1","1","2"
"十二万一千","1","1","2"
"部将刘忠等","1","1","2"
"赐皇子北平","2","0","2"
"军士贫乏者","2","0","2"
"两浙宣抚使","1","1","2"
"浙宣抚使焦","1","1","2"
"宣抚使焦友","1","1","2"
"抚使焦友直","1","1","2"
"淮西安抚使","1","1","2"
"西安抚使夏","1","1","2"
"安抚使夏贵","1","1","2"
"抚使夏贵请","1","1","2"
"知政事陈岩","1","1","2"
"将士二百三","1","1","2"
"士二百三十","1","1","2"
"二百三十九","1","1","2"
"百三十九人","1","1","2"
"南平招抚使","1","1","2"
"米二十二万","1","1","2"
"二十二万五","1","1","2"
"二万五千五","1","1","2"
"五千五百六","1","1","2"
"五百六十石","1","1","2"
"粟四万七千","2","0","2"
"四万七千七","1","1","2"
"钞四千二百","1","1","2"
"四千二百八","1","1","2"
"二百八十二","1","1","2"
"十四年春正","2","0","2"
"演道灵应冲","1","1","2"
"江南诸路道","2","0","2"
"南诸路道教","2","0","2"
"金方庆等乱","2","0","2"
"洪茶丘饬兵","2","0","2"
"茶丘饬兵御","2","0","2"
"丘饬兵御备","2","0","2"
"三百五十二","1","1","2"
"百五十二人","1","1","2"
"十二人钞二","2","0","2"
"宋福王赵芮","2","0","2"
"碧玉水晶爵","1","1","2"
"子张留孙留","1","1","2"
"征东都元帅","1","1","2"
"东都元帅洪","1","1","2"
"都元帅洪茶","1","1","2"
"元帅洪茶丘","1","1","2"
"立永昌路山","1","1","2"
"永昌路山丹","1","1","2"
"昌路山丹城","1","1","2"
"路山丹城等","1","1","2"
"诸王必铁木","2","0","2"
"钞百八十锭","2","0","2"
"夜都统赵安","1","1","2"
"选福住所统","1","1","2"
"军马守御瑞","1","1","2"
"马守御瑞金","1","1","2"
"守御瑞金县","1","1","2"
"佥判林叔虎","1","1","2"
"怜真加加瓦","1","1","2"
"侍仪司事孛","1","1","2"
"仪司事孛罗","1","1","2"
"置广南西路","1","1","2"
"广东肇庆府","1","1","2"
"建宁府通判","1","1","2"
"宁府通判郭","1","1","2"
"府通判郭缵","1","1","2"
"跃等三十一","1","1","2"
"等三十一人","1","1","2"
"潭州行省遣","2","0","2"
"立襄阳府襄","1","1","2"
"襄阳府襄阳","1","1","2"
"阳府襄阳县","1","1","2"
"宣慰使阿塔","1","1","2"
"慰使阿塔海","1","1","2"
"阿塔海平章","2","0","2"
"特磨道将军","1","1","2"
"磨道将军农","1","1","2"
"道将军农士","1","1","2"
"将军农士贵","1","1","2"
"户二十五万","2","0","2"
"十五万六千","1","1","2"
"千户合剌合","1","1","2"
"户合剌合孙","1","1","2"
"州改立安抚","1","1","2"
"改立安抚司","1","1","2"
"长阿立丁宁","1","1","2"
"阿立丁宁占","1","1","2"
"立丁宁占等","1","1","2"
"丁宁占等三","1","1","2"
"宁占等三十","1","1","2"
"占等三十一","1","1","2"
"融州安抚使","1","1","2"
"州安抚使谭","1","1","2"
"安抚使谭昌","1","1","2"
"泸州西南番","1","1","2"
"夔路安抚使","1","1","2"
"道宣慰使黑","1","1","2"
"使阿剌罕中","2","0","2"
"阿剌罕中书","2","0","2"
"剌罕中书左","2","0","2"
"罕中书左丞","2","0","2"
"道宣慰使奥","1","1","2"
"宣慰使奥鲁","1","1","2"
"慰使奥鲁赤","1","1","2"
"行湖北道宣","2","0","2"
"济宁印钞局","1","1","2"
"系右丞相安","1","1","2"
"王忽鲁带率","1","1","2"
"置行御史台","1","1","2"
"行御史台扬","2","0","2"
"御史台扬州","2","0","2"
"都元帅相威","1","1","2"
"东川都元帅","1","1","2"
"川都元帅张","1","1","2"
"帅张德润等","1","1","2"
"张德润等攻","1","1","2"
"行江西宣慰","2","0","2"
"西宣慰使塔","1","1","2"
"宣慰使塔右","2","0","2"
"慰使塔右丞","2","0","2"
"西宣慰使麦","1","1","2"
"宣慰使麦术","1","1","2"
"慰使麦术丁","1","1","2"
"东宣慰使彻","1","1","2"
"宣慰使彻里","1","1","2"
"慰使彻里帖","1","1","2"
"使彻里帖木","1","1","2"
"宣慰使张荣","1","1","2"
"慰使张荣实","1","1","2"
"西宣慰使李","1","1","2"
"宣慰使李恒","1","1","2"
"招讨使迷失","2","0","2"
"万户昔里门","1","1","2"
"荆湖路宣抚","1","1","2"
"湖路宣抚使","1","1","2"
"路宣抚使程","1","1","2"
"广大都督兵","1","1","2"
"大都督兵马","1","1","2"
"都督兵马招","1","1","2"
"督兵马招讨","1","1","2"
"兵马招讨使","1","1","2"
"马招讨使蒲","1","1","2"
"招讨使蒲寿","1","1","2"
"讨使蒲寿庚","1","1","2"
"湖北宣慰司","1","1","2"
"北宣慰司调","1","1","2"
"宣慰司调兵","1","1","2"
"兵攻司空山","2","0","2"
"吕文焕中书","2","0","2"
"常德府总管","1","1","2"
"德府总管鲁","1","1","2"
"府总管鲁希","1","1","2"
"总管鲁希文","1","1","2"
"调都督忙兀","1","1","2"
"都督忙兀带","1","1","2"
"征南都元帅","1","1","2"
"南都元帅唆","1","1","2"
"都元帅唆都","1","1","2"
"遣招讨使百","1","1","2"
"招讨使百家","1","1","2"
"讨使百家奴","1","1","2"
"湖北宣慰使","1","1","2"
"北宣慰使塔","1","1","2"
"鄂州总管府","1","1","2"
"道宣慰使贾","1","1","2"
"宣慰使贾居","1","1","2"
"慰使贾居贞","1","1","2"
"居贞参知政","2","0","2"
"贞参知政事","2","0","2"
"帅张德润上","1","1","2"
"帅杨文安攻","1","1","2"
"复民田三千","1","1","2"
"百五十五人","1","1","2"
"五千一百两","1","1","2"
"钞百三十锭","2","0","2"
"千户郑寻阝","1","1","2"
"顺德府总管","1","1","2"
"德府总管张","1","1","2"
"府总管张文","1","1","2"
"总管张文焕","1","1","2"
"御史台臣奏","2","0","2"
"湖州长兴县","1","1","2"
"西王相府言","2","0","2"
"万户秃满答","1","1","2"
"主将王世昌","1","1","2"
"御史台非白","2","0","2"
"史台非白省","2","0","2"
"毋擅召仓库","2","0","2"
"擅召仓库吏","2","0","2"
"集议中书者","2","0","2"
"芮金紫光禄","1","1","2"
"检校大司农","1","1","2"
"总辖韩文广","1","1","2"
"章政事阿塔","1","1","2"
"政事阿塔海","1","1","2"
"荧惑犯天街","2","0","2"
"路宣慰使唆","1","1","2"
"宣慰使唆都","1","1","2"
"赞善王恂掌","1","1","2"
"工部郎中郭","1","1","2"
"部郎中郭守","1","1","2"
"郎中郭守敬","1","1","2"
"参知政事夏","1","1","2"
"知政事夏贵","1","1","2"
"路宣慰使唐","1","1","2"
"宣慰使唐兀","1","1","2"
"慰使唐兀带","1","1","2"
"沿海经略副","1","1","2"
"海经略副使","1","1","2"
"经略副使合","1","1","2"
"略副使合剌","1","1","2"
"副使合剌带","1","1","2"
"考核行御史","1","1","2"
"御史台文卷","1","1","2"
"密院招降西","1","1","2"
"院招降西蜀","1","1","2"
"梧州万户朱","1","1","2"
"州万户朱国","1","1","2"
"万户朱国宝","1","1","2"
"书左丞吕文","1","1","2"
"左丞吕文焕","1","1","2"
"军都元帅李","1","1","2"
"都元帅李庭","1","1","2"
"道宣慰司遣","2","0","2"
"遣管军总管","1","1","2"
"管军总管崔","1","1","2"
"军总管崔永","1","1","2"
"参知政事密","1","1","2"
"知政事密立","1","1","2"
"政事密立忽","1","1","2"
"事密立忽辛","1","1","2"
"大司农司事","2","0","2"
"元帅刘国杰","1","1","2"
"六百七十一","1","1","2"
"百七十一锭","1","1","2"
"左丞夏贵等","1","1","2"
"广州张镇孙","1","1","2"
"州张镇孙叛","1","1","2"
"省招降临安","1","1","2"
"行中书省建","1","1","2"
"阿合马溺私","2","0","2"
"合马溺私爱","2","0","2"
"谕翰林学士","1","1","2"
"遣宣慰使史","1","1","2"
"宣慰使史格","1","1","2"
"慰使史格进","1","1","2"
"按察司磨刷","2","0","2"
"司勘问明白","1","1","2"
"小事限七日","1","1","2"
"中事十五日","1","1","2"
"大事三十日","1","1","2"
"谕乌蒙路总","1","1","2"
"乌蒙路总管","1","1","2"
"蒙路总管阿","1","1","2"
"路总管阿牟","1","1","2"
"赛典赤节制","1","1","2"
"道按察使阿","1","1","2"
"按察使阿八","1","1","2"
"察使阿八赤","1","1","2"
"台大夫相威","1","1","2"
"张留孙江南","1","1","2"
"路道教都提","1","1","2"
"道教都提点","1","1","2"
"四百五十人","1","1","2"
"泸州降臣薛","1","1","2"
"州降臣薛旺","1","1","2"
"降臣薛旺等","1","1","2"
"验户数多寡","2","0","2"
"上中下三等","1","1","2"
"中下三等设","1","1","2"
"时淮西宣慰","1","1","2"
"回回人中阿","1","1","2"
"回人中阿合","1","1","2"
"人中阿合马","1","1","2"
"阿合马才任","2","0","2"
"合马才任宰","2","0","2"
"马才任宰相","2","0","2"
"近侍刘铁木","1","1","2"
"遂命平章政","2","0","2"
"章政事哈伯","1","1","2"
"政事哈伯等","1","1","2"
"太常少卿伯","1","1","2"
"常少卿伯麻","1","1","2"
"少卿伯麻思","1","1","2"
"卿伯麻思告","1","1","2"
"全州西延溪","1","1","2"
"州西延溪洞","1","1","2"
"宣慰使张弘","1","1","2"
"慰使张弘范","1","1","2"
"参知政事蒙","1","1","2"
"知政事蒙古","1","1","2"
"政事蒙古带","1","1","2"
"事蒙古带请","1","1","2"
"遣宣慰使谒","1","1","2"
"奔思州乌罗","1","1","2"
"思州乌罗洞","1","1","2"
"亲王爱牙赤","1","1","2"
"二百七十七","1","1","2"
"百七十七锭","1","1","2"
"江南诸路总","1","1","2"
"南诸路总管","1","1","2"
"诸路总管府","1","1","2"
"水军万户张","1","1","2"
"军万户张荣","1","1","2"
"参知政事贾","1","1","2"
"知政事贾居","1","1","2"
"政事贾居贞","1","1","2"
"守城军二千","1","1","2"
"城军二千人","1","1","2"
"建汉祖天师","1","1","2"
"汉祖天师正","1","1","2"
"祖天师正一","1","1","2"
"天师正一祠","1","1","2"
"尚书柴椿等","1","1","2"
"沿海经略司","1","1","2"
"副都元帅刘","1","1","2"
"都元帅刘深","1","1","2"
"福州安抚使","1","1","2"
"安抚使王积","1","1","2"
"抚使王积翁","1","1","2"
"济南总管张","1","1","2"
"南总管张宏","1","1","2"
"五百五十锭","1","1","2"
"漳州安抚使","1","1","2"
"州安抚使沈","1","1","2"
"安抚使沈世","1","1","2"
"抚使沈世隆","1","1","2"
"封泉州神女","1","1","2"
"护国明著灵","1","1","2"
"国明著灵惠","1","1","2"
"明著灵惠协","1","1","2"
"著灵惠协正","1","1","2"
"灵惠协正善","1","1","2"
"惠协正善庆","1","1","2"
"协正善庆显","1","1","2"
"正善庆显济","1","1","2"
"善庆显济天","1","1","2"
"庆显济天妃","1","1","2"
"一千三百三","1","1","2"
"千三百三十","1","1","2"
"三百三十九","1","1","2"
"监察御史韩","1","1","2"
"舍里甫丁殴","1","1","2"
"行中书省唆","1","1","2"
"参知政事唆","1","1","2"
"知政事唆都","1","1","2"
"总管张子良","1","1","2"
"管张子良所","1","1","2"
"张子良所签","1","1","2"
"军二千二百","2","0","2"
"冬十月己未","2","0","2"
"北京等处宣","2","0","2"
"京等处宣慰","2","0","2"
"令按察司磨","2","0","2"
"按察司治南","2","0","2"
"枣阳万户府","1","1","2"
"李均收抚大","1","1","2"
"均收抚大洪","1","1","2"
"收抚大洪山","1","1","2"
"抚大洪山寨","1","1","2"
"程鹏飞荆湖","2","0","2"
"道宣慰使囊","1","1","2"
"宣慰使囊加","1","1","2"
"慰使囊加带","1","1","2"
"立淮东宣慰","1","1","2"
"参知政事程","1","1","2"
"知政事程鹏","1","1","2"
"罗氏鬼国主","2","0","2"
"氏鬼国主阿","2","0","2"
"秃鲁赤同潭","1","1","2"
"鲁赤同潭州","1","1","2"
"赤同潭州行","1","1","2"
"军都元帅张","1","1","2"
"先锋张弘正","1","1","2"
"总管囊加带","1","1","2"
"管囊加带率","1","1","2"
"书西川行枢","2","0","2"
"院昝顺招诱","1","1","2"
"昝顺招诱都","1","1","2"
"顺招诱都掌","1","1","2"
"招诱都掌蛮","1","1","2"
"诱都掌蛮夷","1","1","2"
"西南番蛮安","1","1","2"
"南番蛮安抚","1","1","2"
"番蛮安抚使","1","1","2"
"都掌蛮安抚","1","1","2"
"掌蛮安抚使","1","1","2"
"使杨邦宪请","1","1","2"
"鸭池等处招","1","1","2"
"池等处招讨","1","1","2"
"处招讨使钦","1","1","2"
"讨使钦察所","1","1","2"
"百三十四人","1","1","2"
"使臣撒里蛮","1","1","2"
"海州赣榆县","1","1","2"
"置屯田总管","1","1","2"
"遣签议中赞","2","0","2"
"签议中赞金","2","0","2"
"探马赤重役","1","1","2"
"马赤重役军","1","1","2"
"州行省隆兴","2","0","2"
"安西王相李","2","0","2"
"西王相李德","2","0","2"
"王相李德辉","2","0","2"
"李德辉受降","1","1","2"
"潼川路安抚","1","1","2"
"川路安抚使","1","1","2"
"庆等路四川","2","0","2"
"九千九百五","1","1","2"
"九百五十一","1","1","2"
"百五十一锭","1","1","2"
"参知政事昝","1","1","2"
"知政事昝顺","1","1","2"
"所部军衣服","2","0","2"
"五卫指挥司","1","1","2"
"遣塔黑麻合","1","1","2"
"太史令王恂","1","1","2"
"史令王恂等","1","1","2"
"洛阳等五处","1","1","2"
"阳等五处分","1","1","2"
"造战船六百","1","1","2"
"战船六百艘","1","1","2"
"绍兴宣慰司","1","1","2"
"行省军五千","2","0","2"
"降臣陈懿兄","1","1","2"
"臣陈懿兄弟","1","1","2"
"潮州路军民","1","1","2"
"夫长塔剌海","1","1","2"
"玉速帖木言","2","0","2"
"台文卷令行","1","1","2"
"羡余粮四千","1","1","2"
"余粮四千四","1","1","2"
"大都兵马都","1","1","2"
"都兵马都指","1","1","2"
"兵马都指挥","1","1","2"
"马都指挥使","1","1","2"
"山东管盐运","1","1","2"
"东管盐运司","1","1","2"
"郭守敬访求","1","1","2"
"守敬访求精","1","1","2"
"新附军钞三","2","0","2"
"钞三千八百","1","1","2"
"三千八百五","1","1","2"
"八百五十锭","1","1","2"
"遣两淮招讨","1","1","2"
"两淮招讨司","1","1","2"
"淮招讨司经","1","1","2"
"讨司经历刘","1","1","2"
"司经历刘继","1","1","2"
"经历刘继昌","1","1","2"
"历刘继昌招","1","1","2"
"小龙蕃等处","1","1","2"
"元州县社稷","1","1","2"
"州县社稷通","1","1","2"
"县社稷通礼","1","1","2"
"三千一百二","1","1","2"
"一百二十石","1","1","2"
"立江西榷茶","1","1","2"
"填星犯键闭","2","0","2"
"大都等十六","1","1","2"
"都等十六路","1","1","2"
"金三万一千","1","1","2"
"三万一千一","1","1","2"
"通安等十驿","2","0","2"
"马牛羊价钞","2","0","2"
"宣慰使刘继","1","1","2"
"慰使刘继昌","1","1","2"
"使刘继昌等","1","1","2"
"顺庆府总管","1","1","2"
"丁子峪所驻","1","1","2"
"兀里养合带","1","1","2"
"米二千石供","1","1","2"
"显应洪济公","1","1","2"
"千户伯牙兀","1","1","2"
"户伯牙兀带","1","1","2"
"伯牙兀带所","1","1","2"
"兀带所部军","2","0","2"
"军四百人戍","1","1","2"
"四道宣慰司","1","1","2"
"东宣慰使陈","1","1","2"
"张世杰所部","1","1","2"
"百五十八人","1","1","2"
"路宣慰使忽","1","1","2"
"宣慰使忽辛","1","1","2"
"令东川行枢","1","1","2"
"行枢密院调","1","1","2"
"守钓鱼山寨","1","1","2"
"南都元帅爱","1","1","2"
"都元帅爱鲁","1","1","2"
"剌丁招降西","1","1","2"
"纳速剌丁将","2","0","2"
"十一万二百","2","0","2"
"蒙古军阔阔","1","1","2"
"古军阔阔八","1","1","2"
"军阔阔八都","1","1","2"
"阔阔八都等","1","1","2"
"潭州行省左","1","1","2"
"州行省左丞","1","1","2"
"忽失海牙等","1","1","2"
"五台山作佛","2","0","2"
"台山作佛事","2","0","2"
"秋七月戊申","2","0","2"
"宁国路新附","1","1","2"
"国路新附军","1","1","2"
"路新附军百","1","1","2"
"新附军百户","1","1","2"
"附军百户詹","1","1","2"
"军百户詹福","1","1","2"
"百户詹福谋","1","1","2"
"者何士青总","1","1","2"
"东宫侍卫军","1","1","2"
"蒙古军七千","1","1","2"
"新附军三千","1","1","2"
"国遣使贡驯","2","0","2"
"遣使贡驯象","2","0","2"
"朵哥麻思地","1","1","2"
"金三千五百","1","1","2"
"三千五百八","1","1","2"
"千五百八十","1","1","2"
"五百八十两","1","1","2"
"银五万三千","1","1","2"
"五万三千一","1","1","2"
"行省造征日","2","0","2"
"省造征日本","2","0","2"
"六百二十六","1","1","2"
"访求艺术人","2","0","2"
"三千一百八","1","1","2"
"一百八十一","1","1","2"
"百八十一石","1","1","2"
"海贼贺文达","2","0","2"
"降臣王虎臣","1","1","2"
"臣王虎臣陈","1","1","2"
"蒙古军总管","1","1","2"
"古军总管乞","1","1","2"
"军总管乞答","1","1","2"
"置大护国仁","1","1","2"
"国仁王寺总","1","1","2"
"仁王寺总管","1","1","2"
"王寺总管府","1","1","2"
"诸王阿吉粮","2","0","2"
"书省左丞忽","1","1","2"
"省左丞忽辛","1","1","2"
"嘉兴三路办","1","1","2"
"额外多取分","1","1","2"
"外多取分例","1","1","2"
"扬州总管府","1","1","2"
"者一万七千","2","0","2"
"一千九百锭","1","1","2"
"率所部归附","1","1","2"
"古军二千人","1","1","2"
"命大乐署令","1","1","2"
"大乐署令完","1","1","2"
"乐署令完颜","1","1","2"
"署令完颜椿","1","1","2"
"令完颜椿等","1","1","2"
"阴犯太微西","2","0","2"
"命五祖真人","1","1","2"
"五祖真人李","1","1","2"
"祖真人李居","1","1","2"
"皇太子春秋","2","0","2"
"太子春秋鼎","2","0","2"
"子春秋鼎盛","2","0","2"
"皇太子燕王","1","1","2"
"太子燕王参","1","1","2"
"御史台百司","2","0","2"
"皆先启后闻","2","0","2"
"元十七年历","1","1","2"
"延安路新签","1","1","2"
"招讨使刘万","1","1","2"
"讨使刘万奴","1","1","2"
"使刘万奴所","1","1","2"
"刘万奴所管","1","1","2"
"郎中令郭叔","1","1","2"
"中令郭叔云","1","1","2"
"令郭叔云盗","1","1","2"
"尚书秃速忽","1","1","2"
"妖民吴法受","1","1","2"
"德庆府泷水","1","1","2"
"教坊司入拱","2","0","2"
"坊司入拱卫","2","0","2"
"司入拱卫司","2","0","2"
"赐右丞张惠","1","1","2"
"五千四百两","1","1","2"
"建醮长春宫","2","0","2"
"诏谕占城国","2","0","2"
"谕占城国主","2","0","2"
"婆国使臣治","1","1","2"
"国使臣治中","1","1","2"
"使臣治中赵","1","1","2"
"臣治中赵玉","1","1","2"
"大都万安寺","1","1","2"
"都万安寺设","1","1","2"
"百三十二人","1","1","2"
"遣佥议中赞","2","0","2"
"命万户綦公","2","0","2"
"户綦公直戍","1","1","2"
"百三十余人","1","1","2"
"核阿里海牙","1","1","2"
"三万二千余","1","1","2"
"万二千余人","1","1","2"
"行中书省福","2","0","2"
"德庆路总管","1","1","2"
"庆路总管府","1","1","2"
"五千三百二","1","1","2"
"三百二十两","1","1","2"
"应春泸州安","1","1","2"
"春泸州安抚","1","1","2"
"前重庆制置","1","1","2"
"庆制置使张","1","1","2"
"制置使张珏","1","1","2"
"征东元帅忻","1","1","2"
"东元帅忻都","1","1","2"
"左丞夏贵请","1","1","2"
"发侍卫军三","2","0","2"
"浚通州运粮","1","1","2"
"二万六千三","1","1","2"
"万六千三百","1","1","2"
"六千三百匹","1","1","2"
"范文虎等西","1","1","2"
"文虎等西锦","1","1","2"
"虎等西锦衣","1","1","2"
"兀剌带等马","1","1","2"
"改户部尚书","2","0","2"
"命李德辉等","1","1","2"
"立都功德使","1","1","2"
"都功德使司","1","1","2"
"蒙古军六千","1","1","2"
"哈剌章军一","1","1","2"
"剌章军一万","1","1","2"
"里海牙军万","2","0","2"
"九千四百石","1","1","2"
"脱古思八部","1","1","2"
"古思八部屯","1","1","2"
"思八部屯田","1","1","2"
"定杭州宣慰","1","1","2"
"杭州宣慰司","1","1","2"
"四川宣慰使","1","1","2"
"立杭州路金","1","1","2"
"杭州路金玉","1","1","2"
"州路金玉总","1","1","2"
"路金玉总管","1","1","2"
"金玉总管府","1","1","2"
"敕阿里海牙","2","0","2"
"发军千人戍","2","0","2"
"军千人戍守","2","0","2"
"命廷臣集议","2","0","2"
"益都等四郡","1","1","2"
"云南行省发","2","0","2"
"南行省发四","2","0","2"
"行省发四川","2","0","2"
"省发四川军","2","0","2"
"发四川军万","2","0","2"
"将同征缅国","1","1","2"
"国师掌教所","1","1","2"
"师掌教所印","1","1","2"
"士战功银二","1","1","2"
"战功银二万","1","1","2"
"功银二万八","1","1","2"
"银二万八千","1","1","2"
"八千七百五","1","1","2"
"部下顾总管","1","1","2"
"下顾总管聚","1","1","2"
"范文虎招降","1","1","2"
"税课提举司","1","1","2"
"阿合马力争","1","1","2"
"丽王王睶遣","2","0","2"
"鲁合答等检","1","1","2"
"东宣慰使帖","1","1","2"
"宣慰使帖木","1","1","2"
"勿求索饮食","2","0","2"
"火拙畏吾城","1","1","2"
"参知政事郝","1","1","2"
"知政事郝祯","1","1","2"
"入罗氏鬼国","1","1","2"
"命范文虎等","1","1","2"
"临江阁皂山","1","1","2"
"建康三茅山","1","1","2"
"蒙古侍卫总","1","1","2"
"古侍卫总管","1","1","2"
"侍卫总管府","1","1","2"
"镇守南剑路","1","1","2"
"万户吕宗海","1","1","2"
"丽王王睶朝","2","0","2"
"迷里兀合等","1","1","2"
"羊马价二万","1","1","2"
"马价二万八","1","1","2"
"价二万八千","1","1","2"
"王忽哥赤印","1","1","2"
"丞洪茶丘所","1","1","2"
"征日本新附","2","0","2"
"日本新附军","2","0","2"
"本新附军钞","2","0","2"
"立营田提举","1","1","2"
"四川等处行","2","0","2"
"川等处行中","2","0","2"
"龙虎山天师","1","1","2"
"虎山天师张","1","1","2"
"山天师张宗","1","1","2"
"汰交趾国使","1","1","2"
"遣宣慰使教","1","1","2"
"宣慰使教化","1","1","2"
"孟庆元等持","1","1","2"
"庆元等持诏","1","1","2"
"将作院吕合","1","1","2"
"作院吕合剌","1","1","2"
"院吕合剌工","1","1","2"
"吕合剌工匠","1","1","2"
"左丞燕铁木","1","1","2"
"擅易命官八","2","0","2"
"易命官八百","2","0","2"
"战船九百艘","1","1","2"
"丞洪茶丘等","1","1","2"
"高丽国铠甲","1","1","2"
"高丽中赞金","1","1","2"
"丽中赞金方","1","1","2"
"日本都元帅","1","1","2"
"密直司副使","1","1","2"
"直司副使朴","1","1","2"
"司副使朴球","1","1","2"
"高丽国征日","2","0","2"
"丽国征日本","2","0","2"
"国征日本军","2","0","2"
"军官元佩虎","1","1","2"
"官元佩虎符","1","1","2"
"奉使木剌国","2","0","2"
"左丞相阿术","1","1","2"
"四十三代宗","1","1","2"
"十三代宗师","1","1","2"
"三代宗师许","1","1","2"
"代宗师许道","1","1","2"
"宗师许道杞","1","1","2"
"师许道杞祈","1","1","2"
"许道杞祈祷","1","1","2"
"立太仓提举","1","1","2"
"太仓提举司","1","1","2"
"十八年春正","2","0","2"
"春正月戊戌","2","0","2"
"诸王阿吉等","2","0","2"
"王王睶遣使","2","0","2"
"五祖李居寿","1","1","2"
"祖李居寿祭","1","1","2"
"车驾幸柳林","2","0","2"
"谕范文虎等","1","1","2"
"百七十余石","1","1","2"
"七十余石赈","1","1","2"
"征日本军衣","2","0","2"
"日本军衣甲","2","0","2"
"省左丞蒲寿","1","1","2"
"左丞蒲寿庚","1","1","2"
"光应皇后弘","1","1","2"
"应皇后弘吉","1","1","2"
"三十八代宗","1","1","2"
"十八代宗师","1","1","2"
"八代宗师蒋","1","1","2"
"代宗师蒋宗","1","1","2"
"宗师蒋宗瑛","1","1","2"
"遣丹八八合","1","1","2"
"丹八八合赤","1","1","2"
"八八合赤等","1","1","2"
"立登闻鼓院","1","1","2"
"千六百石赈","2","0","2"
"人新附军总","1","1","2"
"乌蒙阿谋宣","1","1","2"
"蒙阿谋宣抚","1","1","2"
"阿谋宣抚司","1","1","2"
"谋宣抚司隶","1","1","2"
"岁星犯右执","2","0","2"
"达鲁花赤塔","2","0","2"
"火尼赤分管","1","1","2"
"尼赤分管乌","1","1","2"
"赤分管乌木","1","1","2"
"百四十二户","1","1","2"
"羡余粮四万","1","1","2"
"余粮四万八","1","1","2"
"粮四万八千","1","1","2"
"四川东道宣","1","1","2"
"川东道宣慰","1","1","2"
"田粮十万石","1","1","2"
"命中书省会","1","1","2"
"中书省会计","1","1","2"
"阿塔海统率","1","1","2"
"本国置驿四","2","0","2"
"国置驿四十","2","0","2"
"米一千四百","1","1","2"
"一千四百余","1","1","2"
"千四百余石","1","1","2"
"中书左丞忽","1","1","2"
"书左丞忽都","1","1","2"
"左丞忽都帖","1","1","2"
"丞忽都帖木","1","1","2"
"帖木中书右","2","0","2"
"御史台事忽","1","1","2"
"史台事忽剌","1","1","2"
"工匠羊马价","1","1","2"
"户綦公直分","1","1","2"
"慰使刘恩所","1","1","2"
"松州知州仆","1","1","2"
"州知州仆散","1","1","2"
"知州仆散秃","1","1","2"
"州仆散秃哥","1","1","2"
"户二千八百","1","1","2"
"二千八百二","1","1","2"
"师张宗演等","1","1","2"
"招讨使方文","1","1","2"
"带中书右丞","2","0","2"
"参政刘合拔","1","1","2"
"大都总管府","1","1","2"
"阿塔海等分","1","1","2"
"令阿塔海就","1","1","2"
"密直司使韩","1","1","2"
"直司使韩康","1","1","2"
"荧惑犯司怪","2","0","2"
"思州宣抚司","1","1","2"
"遣兀良合带","1","1","2"
"兀良合带运","1","1","2"
"安南国贡方","2","0","2"
"南国贡方物","2","0","2"
"斡端等三城","1","1","2"
"淮转运使阿","1","1","2"
"转运使阿剌","1","1","2"
"运使阿剌瓦","1","1","2"
"使阿剌瓦丁","1","1","2"
"户岁输包银","2","0","2"
"京兆等路岁","2","0","2"
"兆等路岁办","2","0","2"
"等路岁办课","2","0","2"
"万九千锭增","1","1","2"
"死知州李显","1","1","2"
"知州李显祖","1","1","2"
"六盘等处屯","1","1","2"
"盘等处屯田","1","1","2"
"帖木参知政","2","0","2"
"安南国宣慰","1","1","2"
"南国宣慰使","1","1","2"
"南国王陈遗","1","1","2"
"国王陈遗爱","1","1","2"
"置蒙古提举","1","1","2"
"站人畜困乏","1","1","2"
"高丽沿海等","1","1","2"
"广州宣慰使","1","1","2"
"二百二十三","1","1","2"
"占城行省军","1","1","2"
"召法师刘道","1","1","2"
"法师刘道真","1","1","2"
"太阴掩心东","2","0","2"
"阴掩心东星","2","0","2"
"新附军将校","1","1","2"
"礼部尚书留","1","1","2"
"部尚书留梦","1","1","2"
"使马八国俺","1","1","2"
"马八国俺都","1","1","2"
"八国俺都剌","1","1","2"
"国俺都剌等","1","1","2"
"瓮吉剌带中","2","0","2"
"吉剌带中书","2","0","2"
"获福州叛贼","1","1","2"
"福州叛贼林","1","1","2"
"州叛贼林天","1","1","2"
"叛贼林天成","1","1","2"
"汉州德阳县","1","1","2"
"州德阳县隶","1","1","2"
"塔剌海籍没","2","0","2"
"保定路清苑","1","1","2"
"定路清苑县","1","1","2"
"平阳路松山","1","1","2"
"阳路松山县","1","1","2"
"三万六千八","1","1","2"
"万六千八百","1","1","2"
"六千八百四","1","1","2"
"千八百四十","1","1","2"
"八百四十石","1","1","2"
"十九年春正","2","0","2"
"春正月壬戌","2","0","2"
"王王睶遣大","2","0","2"
"王睶遣大将","2","0","2"
"睶遣大将军","2","0","2"
"大将军金子","1","1","2"
"将军金子廷","1","1","2"
"时皇子北平","1","1","2"
"撒里蛮悔过","1","1","2"
"妖民张圆光","1","1","2"
"车驾畋近郊","2","0","2"
"一千五百二","1","1","2"
"五百二十一","1","1","2"
"百二十一锭","1","1","2"
"饶州总管姚","1","1","2"
"州总管姚文","1","1","2"
"总管姚文龙","1","1","2"
"工部尚书纳","1","1","2"
"部尚书纳怀","1","1","2"
"尚书纳怀制","1","1","2"
"驸马昌吉印","1","1","2"
"六百二十锭","1","1","2"
"布四千九百","1","1","2"
"九百四十匹","1","1","2"
"驴四千九百","1","1","2"
"九百四十头","1","1","2"
"十八里元帅","1","1","2"
"八里元帅綦","1","1","2"
"里元帅綦公","1","1","2"
"綦公直军需","1","1","2"
"造江南战船","1","1","2"
"二十七万石","1","1","2"
"溪洞招讨使","1","1","2"
"洞招讨使郭","1","1","2"
"招讨使郭昂","1","1","2"
"讨使郭昂等","1","1","2"
"使郭昂等九","1","1","2"
"郭昂等九人","1","1","2"
"昂等九人虎","1","1","2"
"等九人虎符","1","1","2"
"九百五十三","1","1","2"
"百五十三户","1","1","2"
"立广东按察","1","1","2"
"广东按察司","1","1","2"
"上都宣课提","1","1","2"
"立铁冶总管","1","1","2"
"铁冶总管府","1","1","2"
"罗罗斯宣慰","1","1","2"
"罗斯宣慰司","1","1","2"
"浙东宣慰司","1","1","2"
"参知政事唐","1","1","2"
"知政事唐兀","1","1","2"
"政事唐兀带","1","1","2"
"事唐兀带等","1","1","2"
"唐兀带等六","1","1","2"
"兀带等六人","1","1","2"
"大良平元帅","1","1","2"
"良平元帅蒲","1","1","2"
"平元帅蒲元","1","1","2"
"元帅蒲元圭","1","1","2"
"安州张拗驴","1","1","2"
"火鲁思迷率","1","1","2"
"人新附军讨","1","1","2"
"阿合马蠹国","2","0","2"
"合马蠹国害","2","0","2"
"马蠹国害民","2","0","2"
"议阿合马所","1","1","2"
"征蛮元帅完","1","1","2"
"蛮元帅完者","1","1","2"
"元帅完者都","1","1","2"
"帅完者都等","1","1","2"
"完者都等平","1","1","2"
"中书左丞耿","1","1","2"
"书左丞耿仁","1","1","2"
"左丞耿仁等","1","1","2"
"家奴忽都答","1","1","2"
"章政事忽辛","1","1","2"
"宁国路太平","1","1","2"
"国路太平县","1","1","2"
"霍孙右丞相","2","0","2"
"行御史台言","2","0","2"
"阿里海牙占","1","1","2"
"兵问罪海外","1","1","2"
"怀孟路管河","1","1","2"
"孟路管河渠","1","1","2"
"路管河渠使","1","1","2"
"京宣慰使阿","1","1","2"
"宣慰使阿老","1","1","2"
"慰使阿老瓦","1","1","2"
"使阿老瓦丁","1","1","2"
"钩考万亿库","2","0","2"
"泸州管军总","1","1","2"
"州管军总管","1","1","2"
"管军总管李","1","1","2"
"万户爪难等","1","1","2"
"三千七百五","1","1","2"
"七百五十八","1","1","2"
"戮尸通玄门","2","0","2"
"尸通玄门外","2","0","2"
"遣浙西道宣","1","1","2"
"慰司同知刘","1","1","2"
"司同知刘宣","1","1","2"
"同知刘宣等","1","1","2"
"茶场都转运","1","1","2"
"场都转运司","1","1","2"
"籍阿合马妻","2","0","2"
"宣慰使所带","1","1","2"
"沿海左副都","1","1","2"
"海左副都元","1","1","2"
"副都元帅石","1","1","2"
"都元帅石国","1","1","2"
"元帅石国英","1","1","2"
"帅石国英请","1","1","2"
"十八里城东","1","1","2"
"八里城东三","1","1","2"
"里城东三百","1","1","2"
"城东三百余","1","1","2"
"东三百余里","1","1","2"
"设官府二百","2","0","2"
"江南宣慰司","1","1","2"
"六盘山屯田","1","1","2"
"屯田军七百","1","1","2"
"田军七百七","1","1","2"
"军七百七十","1","1","2"
"七百七十人","1","1","2"
"战船二百五","1","1","2"
"船二百五十","1","1","2"
"赏太子府宿","1","1","2"
"太子府宿卫","1","1","2"
"子府宿卫军","1","1","2"
"都元帅宣慰","1","1","2"
"元帅宣慰使","1","1","2"
"船一百五十","1","1","2"
"一百五十艘","1","1","2"
"忙古带所囚","1","1","2"
"昌路达鲁花","2","0","2"
"达鲁花赤速","2","0","2"
"二十四处军","1","1","2"
"十四处军前","1","1","2"
"四处军前便","1","1","2"
"处军前便宜","1","1","2"
"蒙古人孛罗","1","1","2"
"王塔海帖木","1","1","2"
"八赤督运粮","1","1","2"
"驻跸龙虎台","2","0","2"
"匠私造器物","1","1","2"
"谪捏兀迭纳","1","1","2"
"阿合马第三","1","1","2"
"招讨使杨庭","1","1","2"
"里八合剌摊","1","1","2"
"八合剌摊赤","1","1","2"
"锦衾二十合","1","1","2"
"马遣使奉表","2","0","2"
"南国进贡犀","1","1","2"
"国进贡犀兕","1","1","2"
"兀良合带镇","1","1","2"
"云南宣慰司","1","1","2"
"造大小船三","1","1","2"
"大小船三千","1","1","2"
"小船三千艘","1","1","2"
"蛮洞向世雄","1","1","2"
"洞向世雄兄","1","1","2"
"向世雄兄弟","1","1","2"
"四川行省就","1","1","2"
"日本国焦元","1","1","2"
"本国焦元帅","1","1","2"
"刑按察司举","1","1","2"
"监修国史耶","1","1","2"
"修国史耶律","1","1","2"
"国史耶律铸","1","1","2"
"设南北两漕","1","1","2"
"南北两漕运","1","1","2"
"北两漕运司","1","1","2"
"招降法里郎","1","1","2"
"官府二百五","2","0","2"
"府二百五十","2","0","2"
"成都宣慰司","1","1","2"
"顺庆府宣慰","1","1","2"
"庆府宣慰司","1","1","2"
"第二子抹速","1","1","2"
"二子抹速忽","1","1","2"
"浙东道学校","1","1","2"
"除谋反大逆","2","0","2"
"四川行省招","1","1","2"
"大盘洞主向","1","1","2"
"盘洞主向臭","1","1","2"
"洞主向臭友","1","1","2"
"主向臭友等","1","1","2"
"都功德使脱","1","1","2"
"功德使脱烈","1","1","2"
"贫乏者合纳","1","1","2"
"乏者合纳塔","1","1","2"
"范文虎等所","1","1","2"
"原郡公赵芮","2","0","2"
"林直学士赵","1","1","2"
"台臣国家政","2","0","2"
"臣国家政事","2","0","2"
"国家政事失","2","0","2"
"臣台官皆建","2","0","2"
"台官皆建言","2","0","2"
"御史宜本台","2","0","2"
"史宜本台选","2","0","2"
"宜本台选择","2","0","2"
"初汉人十六","2","0","2"
"相参巡历宜","2","0","2"
"湖广行省金","1","1","2"
"广行省金银","1","1","2"
"金银铁冶提","1","1","2"
"银铁冶提举","1","1","2"
"金总管府隶","1","1","2"
"中书右丞札","1","1","2"
"书右丞札散","1","1","2"
"南京屯田总","1","1","2"
"京屯田总管","1","1","2"
"答耳麻八剌","1","1","2"
"耳麻八剌剌","1","1","2"
"麻八剌剌吉","1","1","2"
"八剌剌吉塔","1","1","2"
"大将军俞洪","1","1","2"
"将军俞洪慎","1","1","2"
"王必赤帖木","1","1","2"
"奸民薛宝住","1","1","2"
"登闻鼓院击","1","1","2"
"闻鼓院击鼓","1","1","2"
"阿塔海依旧","1","1","2"
"刑部尚书崔","1","1","2"
"言时政十八","2","0","2"
"时政十八事","2","0","2"
"玉速帖木议","2","0","2"
"夫三千人运","1","1","2"
"万户三十五","1","1","2"
"户三十五人","1","1","2"
"招讨杨廷璧","1","1","2"
"荆南道宣慰","1","1","2"
"屯田军战袄","1","1","2"
"北三道宣慰","1","1","2"
"镇守万户府","1","1","2"
"定安洞酋长","1","1","2"
"官医提举司","1","1","2"
"日本军官八","1","1","2"
"本军官八忽","1","1","2"
"军官八忽带","1","1","2"
"诸王胜纳合","2","0","2"
"都蛮镇守金","1","1","2"
"蛮镇守金齿","1","1","2"
"福建市舶总","1","1","2"
"建市舶总管","1","1","2"
"市舶总管府","1","1","2"
"入福建行省","1","1","2"
"命兀奴忽带","1","1","2"
"兀奴忽鲁带","1","1","2"
"立云南按察","1","1","2"
"云南按察司","1","1","2"
"南宣慰使张","1","1","2"
"宣慰使张鼎","1","1","2"
"慰使张鼎新","1","1","2"
"知政事樊楫","1","1","2"
"政事樊楫等","1","1","2"
"阿附阿里海","1","1","2"
"附阿里海牙","1","1","2"
"一百九十八","1","1","2"
"百九十八人","1","1","2"
"河西办课提","1","1","2"
"西办课提举","1","1","2"
"办课提举司","1","1","2"
"蒙古监察御","1","1","2"
"古监察御史","1","1","2"
"广州新会县","1","1","2"
"赵良钤等聚","1","1","2"
"良钤等聚众","1","1","2"
"遣阿塔海戍","1","1","2"
"汉都鲁迷失","1","1","2"
"甘州新附军","2","0","2"
"书右丞张惠","1","1","2"
"中丞先帖木","2","0","2"
"剌合赤等贫","1","1","2"
"药剌海戍守","1","1","2"
"人助征日本","2","0","2"
"命元帅张林","1","1","2"
"总管朱清等","1","1","2"
"道医学提举","1","1","2"
"医学提举司","1","1","2"
"按察司纠察","2","0","2"
"卫辉新附军","2","0","2"
"麦术丁等检","1","1","2"
"万人赴上都","2","0","2"
"减隆兴府昌","1","1","2"
"隆兴府昌州","1","1","2"
"兴府昌州盖","1","1","2"
"府昌州盖里","1","1","2"
"官吏九十九","1","1","2"
"吏九十九人","1","1","2"
"高丽国王阿","2","0","2"
"丽国王阿塔","2","0","2"
"国王阿塔海","2","0","2"
"王阿塔海共","2","0","2"
"阿塔海共事","2","0","2"
"江南盗贼相","1","1","2"
"南盗贼相继","1","1","2"
"江南四省应","1","1","2"
"勿强土产所","2","0","2"
"凡物价民者","2","0","2"
"伺民气稍苏","2","0","2"
"新附军八千","1","1","2"
"监察御史阿","1","1","2"
"察御史阿剌","1","1","2"
"御史阿剌浑","1","1","2"
"宋文思院小","2","0","2"
"文思院小口","2","0","2"
"思院小口斛","2","0","2"
"陕西按察司","1","1","2"
"立海西辽东","1","1","2"
"海西辽东提","1","1","2"
"西辽东提刑","1","1","2"
"海南四州宣","1","1","2"
"南四州宣慰","1","1","2"
"四州宣慰使","1","1","2"
"州宣慰使朱","1","1","2"
"宣慰使朱国","1","1","2"
"慰使朱国宝","1","1","2"
"使朱国宝请","1","1","2"
"省参政王椅","1","1","2"
"王忽牙都设","1","1","2"
"宋手号军八","1","1","2"
"手号军八万","1","1","2"
"号军八万三","1","1","2"
"军八万三千","1","1","2"
"三千六百人","1","1","2"
"叛贼陈吊眼","1","1","2"
"省参政曲立","1","1","2"
"参政曲立吉","1","1","2"
"政曲立吉思","1","1","2"
"曲立吉思等","1","1","2"
"讨平九溪十","1","1","2"
"平九溪十八","1","1","2"
"九溪十八洞","1","1","2"
"顺元路宣慰","1","1","2"
"路宣慰司节","1","1","2"
"宣慰司节制","1","1","2"
"所造征日本","2","0","2"
"尚书蔡仲英","1","1","2"
"粮米七十三","1","1","2"
"米七十三万","1","1","2"
"七十三万石","1","1","2"
"军民千户宋","1","1","2"
"民千户宋添","1","1","2"
"千户宋添富","1","1","2"
"顺元路军民","1","1","2"
"元路军民总","1","1","2"
"宣抚使阿里","1","1","2"
"抚使阿里等","1","1","2"
"江南十道宣","1","1","2"
"南十道宣慰","1","1","2"
"命按察司照","1","1","2"
"同知宋廷秀","1","1","2"
"知宋廷秀私","1","1","2"
"卫辉四路屯","1","1","2"
"辉四路屯驻","1","1","2"
"安南国遣使","2","0","2"
"岁星犯钩钤","2","0","2"
"道宣慰使史","1","1","2"
"立都漕运司","1","1","2"
"招降象山县","1","1","2"
"尤宗祖等九","1","1","2"
"宗祖等九千","1","1","2"
"祖等九千五","1","1","2"
"等九千五百","1","1","2"
"九千五百九","1","1","2"
"五百九十二","1","1","2"
"百九十二人","1","1","2"
"商人阿剌畏","1","1","2"
"人阿剌畏等","1","1","2"
"朱云龙漕运","1","1","2"
"妻孥送京师","2","0","2"
"端宣慰使刘","1","1","2"
"慰使刘恩进","1","1","2"
"平章政事札","1","1","2"
"章政事札散","1","1","2"
"扬州行省唆","1","1","2"
"州行省唆都","1","1","2"
"行省唆都新","1","1","2"
"管军总管黄","1","1","2"
"军总管黄华","1","1","2"
"总管黄华叛","1","1","2"
"宋祥兴五年","1","1","2"
"将兵二万二","2","0","2"
"万二千人讨","2","0","2"
"行省官阔阔","1","1","2"
"中兴管课提","1","1","2"
"兴管课提举","1","1","2"
"管课提举司","1","1","2"
"北京盐铁课","1","1","2"
"河西质子军","2","0","2"
"刑按察司增","1","1","2"
"按察司增设","1","1","2"
"察司增设判","1","1","2"
"司增设判官","1","1","2"
"增设判官二","1","1","2"
"总管陈义愿","1","1","2"
"备海船三十","1","1","2"
"海船三十艘","1","1","2"
"吏部尚书刘","1","1","2"
"吉利吉思风","1","1","2"
"利吉思风俗","1","1","2"
"开成路屯田","1","1","2"
"成路屯田总","1","1","2"
"京兆宣慰司","1","1","2"
"兀鲁等羊马","1","1","2"
"诸王浑都帖","2","0","2"
"速带所部军","2","0","2"
"军官爱纳八","1","1","2"
"官爱纳八斯","1","1","2"
"爱纳八斯等","1","1","2"
"温迪罕秃鲁","1","1","2"
"迪罕秃鲁花","1","1","2"
"王昔烈门等","1","1","2"
"海道运粮招","1","1","2"
"道运粮招讨","1","1","2"
"运粮招讨使","1","1","2"
"粮招讨使朱","1","1","2"
"招讨使朱清","1","1","2"
"知政事阿合","1","1","2"
"政事阿合八","1","1","2"
"事阿合八失","1","1","2"
"断死罪二百","2","0","2"
"死罪二百七","2","0","2"
"罪二百七十","2","0","2"
"二百七十八","1","1","2"
"丞相礼霍孙","2","0","2"
"率百官奉玉","2","0","2"
"行省平章忙","2","0","2"
"新附军二千","2","0","2"
"行省右丞太","1","1","2"
"省右丞太卜","1","1","2"
"都元帅袁世","1","1","2"
"元帅袁世安","1","1","2"
"耽罗国安抚","1","1","2"
"罗国安抚司","1","1","2"
"云南诸路按","1","1","2"
"南诸路按察","1","1","2"
"诸路按察司","1","1","2"
"建宣慰使管","1","1","2"
"安西王屯田","1","1","2"
"南宣慰使撒","1","1","2"
"宣慰使撒里","1","1","2"
"慰使撒里蛮","1","1","2"
"获叛民晏顺","1","1","2"
"叛民晏顺等","1","1","2"
"民晏顺等三","1","1","2"
"晏顺等三十","1","1","2"
"顺等三十二","1","1","2"
"等三十二人","1","1","2"
"阿塔海发兵","1","1","2"
"黄州宣慰司","1","1","2"
"秦州总管刘","1","1","2"
"州总管刘发","1","1","2"
"子北平王南","1","1","2"
"野里麻里地","1","1","2"
"丞相安童继","1","1","2"
"立大都留守","1","1","2"
"立大都路总","1","1","2"
"兴元宣课司","1","1","2"
"扬州盐运使","1","1","2"
"突三十余里","1","1","2"
"江淮行省进","1","1","2"
"令李恒收集","1","1","2"
"占城行省言","2","0","2"
"刘君庆进军","1","1","2"
"路司理勒蛰","1","1","2"
"司理勒蛰等","1","1","2"
"江南民户中","1","1","2"
"刑按察司分","1","1","2"
"太乙雷公式","1","1","2"
"刘万户等率","1","1","2"
"封法里剌王","1","1","2"
"顺元路宣抚","1","1","2"
"西南番安抚","1","1","2"
"南番安抚司","1","1","2"
"加封卫辉路","1","1","2"
"封卫辉路小","1","1","2"
"卫辉路小清","1","1","2"
"辉路小清河","1","1","2"
"洪济威惠王","1","1","2"
"都指挥使八","1","1","2"
"指挥使八忽","1","1","2"
"挥使八忽带","1","1","2"
"使八忽带征","1","1","2"
"中大夫陈谦","1","1","2"
"大夫陈谦甫","1","1","2"
"诏封皇子脱","1","1","2"
"封皇子脱欢","1","1","2"
"古都元帅府","1","1","2"
"炮手元帅府","1","1","2"
"炮手万户府","1","1","2"
"手都元帅府","1","1","2"
"回回炮手军","1","1","2"
"回炮手军匠","1","1","2"
"炮手军匠万","1","1","2"
"手军匠万户","1","1","2"
"兀剌海所部","1","1","2"
"一千六百四","1","1","2"
"千六百四十","1","1","2"
"六百四十三","1","1","2"
"二百四十六","1","1","2"
"百四十六锭","1","1","2"
"西川两省合","1","1","2"
"川两省合兵","1","1","2"
"两省合兵讨","1","1","2"
"云南省臣言","2","0","2"
"子北安王印","1","1","2"
"七千四百八","1","1","2"
"四百八十锭","1","1","2"
"东招讨司聂","1","1","2"
"招讨司聂古","1","1","2"
"讨司聂古带","1","1","2"
"大巴南等十","1","1","2"
"巴南等十一","1","1","2"
"南等十一人","1","1","2"
"等十一人奉","1","1","2"
"女子沙智治","1","1","2"
"建昌路总管","1","1","2"
"盐课市舶都","1","1","2"
"课市舶都转","1","1","2"
"江淮等处行","1","1","2"
"淮等处行中","1","1","2"
"总摄杨琏真","2","0","2"
"摄杨琏真加","2","0","2"
"杨琏真加发","1","1","2"
"将探马赤军","2","0","2"
"行省宣慰使","1","1","2"
"定涟海等处","1","1","2"
"涟海等处屯","1","1","2"
"海等处屯田","1","1","2"
"等处屯田法","1","1","2"
"谕行中书省","1","1","2"
"一万四千三","1","1","2"
"京宣慰司修","1","1","2"
"获海盗黎德","1","1","2"
"占城国王遣","1","1","2"
"罗日加翳等","1","1","2"
"日加翳等奉","1","1","2"
"前右丞相安","1","1","2"
"前江西榷茶","1","1","2"
"史中丞史枢","1","1","2"
"前户部尚书","1","1","2"
"降参议中书","1","1","2"
"马专政时所","1","1","2"
"福建行省遣","1","1","2"
"招降南巫里","1","1","2"
"大力等四国","1","1","2"
"赐蒙古贫乏","2","0","2"
"蒙古贫乏者","2","0","2"
"钞十二万四","1","1","2"
"十二万四千","1","1","2"
"二万四千七","1","1","2"
"万四千七百","1","1","2"
"四千七百二","1","1","2"
"七百二十二","1","1","2"
"百二十二锭","1","1","2"
"京师富豪户","2","0","2"
"师富豪户酿","2","0","2"
"富豪户酿酒","2","0","2"
"翰林承旨撒","2","0","2"
"林承旨撒里","2","0","2"
"翰林集贤大","1","1","2"
"林集贤大学","1","1","2"
"贤大学士许","1","1","2"
"大学士许国","1","1","2"
"学士许国祯","1","1","2"
"医学教授增","1","1","2"
"学教授增修","1","1","2"
"钞二千八百","1","1","2"
"八百八十五","1","1","2"
"百八十五锭","1","1","2"
"民间买卖金","1","1","2"
"间买卖金银","1","1","2"
"宁宗等攒宫","2","0","2"
"封驸马唆郎","1","1","2"
"五条河屯田","2","0","2"
"六千八百人","1","1","2"
"史台大夫拨","1","1","2"
"台大夫拨鲁","1","1","2"
"大夫拨鲁罕","1","1","2"
"江南行中书","1","1","2"
"江浙行省所","1","1","2"
"骨嵬招讨使","1","1","2"
"江西元帅招","1","1","2"
"西元帅招讨","1","1","2"
"元帅招讨司","1","1","2"
"十月放七人","1","1","2"
"正月放三人","1","1","2"
"郭逢贵等四","1","1","2"
"逢贵等四十","1","1","2"
"贵等四十五","1","1","2"
"等四十五寨","1","1","2"
"三千六百一","1","1","2"
"六百一十人","1","1","2"
"奏行御史台","1","1","2"
"臣卢世荣请","1","1","2"
"迷失海牙等","1","1","2"
"行御史台镇","2","0","2"
"慰司都转运","2","0","2"
"行省参政冯","1","1","2"
"行省右丞要","1","1","2"
"省右丞要束","1","1","2"
"右丞要束木","1","1","2"
"龙兴行省左","1","1","2"
"兴行省左丞","1","1","2"
"行省左丞伯","1","1","2"
"省左丞伯颜","1","1","2"
"都鲁平章政","2","0","2"
"鲁平章政事","2","0","2"
"融州总管府","1","1","2"
"遣太史监候","1","1","2"
"太史监候张","1","1","2"
"史监候张公","1","1","2"
"监候张公礼","1","1","2"
"宁夏行中书","1","1","2"
"立上都规措","1","1","2"
"上都规措所","1","1","2"
"都规措所回","1","1","2"
"规措所回易","1","1","2"
"措所回易库","1","1","2"
"枢密院都镇","1","1","2"
"密院都镇抚","1","1","2"
"院都镇抚司","1","1","2"
"劾中书右丞","1","1","2"
"中书右丞卢","1","1","2"
"书右丞卢世","1","1","2"
"参知政事撒","1","1","2"
"卢世荣所招","1","1","2"
"安童诸老臣","2","0","2"
"童诸老臣议","2","0","2"
"所人实罪者","2","0","2"
"御史中丞郭","1","1","2"
"史中丞郭佑","1","1","2"
"踢里玉招讨","1","1","2"
"里玉招讨使","1","1","2"
"右巴等洞蛮","1","1","2"
"立汴梁宣慰","1","1","2"
"汴梁宣慰司","1","1","2"
"行御史台复","2","0","2"
"御史台复徙","2","0","2"
"行枢密院建","2","0","2"
"枢密院建康","2","0","2"
"江南造船提","1","1","2"
"南造船提举","1","1","2"
"造船提举司","1","1","2"
"马速忽虎符","1","1","2"
"知政事张德","1","1","2"
"政事张德润","1","1","2"
"秋七月壬申","2","0","2"
"造温石浴室","1","1","2"
"屯田新附军","2","0","2"
"西四川行中","1","1","2"
"书省左丞汪","1","1","2"
"省左丞汪惟","1","1","2"
"丞汪惟正入","1","1","2"
"帅郭逢贵等","1","1","2"
"南王脱欢所","1","1","2"
"奥鲁赤等三","1","1","2"
"阿里海牙处","1","1","2"
"伐罗北甸等","1","1","2"
"罗北甸等部","1","1","2"
"军万人屯田","2","0","2"
"令福建黄华","1","1","2"
"征交趾诸军","2","0","2"
"行枢密院所","1","1","2"
"马湖总管汝","1","1","2"
"湖总管汝作","1","1","2"
"西崖门酋长","1","1","2"
"崖门酋长阿","1","1","2"
"门酋长阿者","1","1","2"
"酋长阿者等","1","1","2"
"钞五千锭籴","2","0","2"
"盐课转运司","1","1","2"
"云南王先帖","2","0","2"
"南王先帖木","2","0","2"
"招讨使塔塔","1","1","2"
"兀鲁带三珠","1","1","2"
"鲁带三珠虎","1","1","2"
"带三珠虎符","1","1","2"
"征东宣慰使","1","1","2"
"东宣慰使都","1","1","2"
"立征东行省","2","0","2"
"洪茶丘右丞","2","0","2"
"考核中书省","1","1","2"
"叙州宣抚司","1","1","2"
"钞一十一万","2","0","2"
"六千四百锭","1","1","2"
"宣抚使阿蒙","1","1","2"
"抚使阿蒙叛","1","1","2"
"十一月己巳","2","0","2"
"蔚州知州木","1","1","2"
"州知州木八","1","1","2"
"知州木八剌","1","1","2"
"子爱牙赤银","1","1","2"
"爱牙赤银印","1","1","2"
"督江淮行省","1","1","2"
"督辽东行省","1","1","2"
"六百五十艘","1","1","2"
"百二十三户","1","1","2"
"一千一百二","1","1","2"
"一百二十二","1","1","2"
"炮手五十人","1","1","2"
"立军籍条例","1","1","2"
"五万八千六","1","1","2"
"万安寺修造","1","1","2"
"合剌章酋长","1","1","2"
"减合剌章冗","2","0","2"
"合剌章冗官","2","0","2"
"岁省俸金九","2","0","2"
"九百四十六","1","1","2"
"百四十六两","1","1","2"
"屯田课程专","2","0","2"
"田课程专人","2","0","2"
"命江浙转运","1","1","2"
"江浙转运司","1","1","2"
"占城行省参","1","1","2"
"城行省参政","1","1","2"
"七千七百三","1","1","2"
"七百三十二","1","1","2"
"百三十二锭","1","1","2"
"马六百二十","1","1","2"
"六百二十九","1","1","2"
"七千七百五","1","1","2"
"七百五十七","1","1","2"
"百五十七锭","1","1","2"
"钞七万六千","1","1","2"
"钞五万三千","1","1","2"
"三千五百四","1","1","2"
"五百四十一","1","1","2"
"百四十一锭","1","1","2"
"马八千一百","1","1","2"
"一百九十七","1","1","2"
"百九十七匹","1","1","2"
"羊一万六千","1","1","2"
"一万六千六","1","1","2"
"六千六百三","1","1","2"
"六百三十四","1","1","2"
"米二万二千","1","1","2"
"二万二千一","1","1","2"
"万二千一百","1","1","2"
"二千一百石","1","1","2"
"五百三十斤","1","1","2"
"二万七千二","1","1","2"
"万七千二百","1","1","2"
"七千二百七","1","1","2"
"二百七十九","1","1","2"
"百七十九匹","1","1","2"
"二百七十一","1","1","2"
"总统杨琏真","1","1","2"
"统杨琏真加","1","1","2"
"杨琏真加修","1","1","2"
"江淮行省右","1","1","2"
"淮行省右丞","1","1","2"
"八国遣使进","2","0","2"
"昌二十四城","2","0","2"
"命杨琏真加","1","1","2"
"杨琏真加遣","1","1","2"
"屯田新军二","1","1","2"
"田新军二百","1","1","2"
"新军二百人","1","1","2"
"缅中行省左","1","1","2"
"中行省左丞","1","1","2"
"按察司巡行","1","1","2"
"察司巡行郡","1","1","2"
"司巡行郡县","1","1","2"
"置隰州大宁","1","1","2"
"隰州大宁县","1","1","2"
"命荆湖占城","1","1","2"
"直学士程文","1","1","2"
"学士程文海","1","1","2"
"秀嵈辅义公","2","0","2"
"榷茶提举司","1","1","2"
"立甘州行中","1","1","2"
"召曲阜教授","1","1","2"
"曲阜教授陈","1","1","2"
"阜教授陈俨","1","1","2"
"蜀人虞应龙","1","1","2"
"王脱忽帖木","1","1","2"
"大驾幸上都","2","0","2"
"行御史台按","1","1","2"
"三贯六百文","1","1","2"
"东京行中书","1","1","2"
"汴梁行中书","1","1","2"
"梁行中书省","1","1","2"
"蒙古军屯田","1","1","2"
"置屯田鹰坊","1","1","2"
"屯田鹰坊总","1","1","2"
"田鹰坊总管","1","1","2"
"按察司隶内","2","0","2"
"察司隶内台","2","0","2"
"江东宣慰司","1","1","2"
"东宣慰司进","1","1","2"
"纳速剌丁言","2","0","2"
"助皇子脱欢","1","1","2"
"参知政事秃","1","1","2"
"知政事秃鲁","1","1","2"
"政事秃鲁罕","1","1","2"
"枢密院判李","1","1","2"
"密院判李道","1","1","2"
"江东按察司","1","1","2"
"国遣使贡方","2","0","2"
"阿里海牙互","1","1","2"
"大司农司所","1","1","2"
"陕西二行省","1","1","2"
"马剌丹忒忽","1","1","2"
"剌丹忒忽里","1","1","2"
"八千七百人","1","1","2"
"七千八百人","1","1","2"
"百一十八户","1","1","2"
"永安郡夫人","1","1","2"
"播州安抚司","1","1","2"
"讨使怯烈招","1","1","2"
"广元路阆中","1","1","2"
"高丽国遣使","2","0","2"
"遣必剌蛮等","1","1","2"
"立营田总管","1","1","2"
"营田总管府","1","1","2"
"咸平等三道","1","1","2"
"铁古思合敦","1","1","2"
"省忙兀带言","2","0","2"
"扬州地控江","1","1","2"
"芍陂两处屯","1","1","2"
"陂两处屯田","1","1","2"
"八剌忽思地","1","1","2"
"总制院使桑","1","1","2"
"制院使桑哥","1","1","2"
"桑哥具省臣","2","0","2"
"哥具省臣姓","2","0","2"
"具省臣姓名","2","0","2"
"右丞麦术丁","1","1","2"
"参知政事郭","1","1","2"
"知政事郭佑","1","1","2"
"章政事阿必","1","1","2"
"政事阿必失","1","1","2"
"事阿必失合","1","1","2"
"金齿国使臣","1","1","2"
"齿国使臣圆","1","1","2"
"知政事二员","2","0","2"
"除枢密院使","1","1","2"
"枢密院判一","1","1","2"
"御史大夫一","1","1","2"
"二万九千锭","1","1","2"
"蕲黄宣慰司","1","1","2"
"隶湖广行省","2","0","2"
"淮西宣慰司","1","1","2"
"苏木都剌十","1","1","2"
"木都剌十国","1","1","2"
"遣瓮吉剌带","1","1","2"
"高丽遣使献","2","0","2"
"丽遣使献日","2","0","2"
"遣使献日本","2","0","2"
"使献日本俘","2","0","2"
"襄邑县尹张","1","1","2"
"太阴犯建星","2","0","2"
"民夫二十万","1","1","2"
"三百二十三","1","1","2"
"百二十三人","1","1","2"
"兵千人屯田","1","1","2"
"屯田十八里","2","0","2"
"招讨使张万","1","1","2"
"征缅副都元","1","1","2"
"缅副都元帅","1","1","2"
"征缅招讨司","1","1","2"
"征缅招讨使","1","1","2"
"将兵六千人","2","0","2"
"兴化路仙游","1","1","2"
"化路仙游县","1","1","2"
"海招讨使张","1","1","2"
"管海道运粮","1","1","2"
"海道运粮船","1","1","2"
"道运粮船朱","1","1","2"
"运粮船朱清","1","1","2"
"遣蒙古千户","1","1","2"
"蒙古千户曲","1","1","2"
"新附军四百","2","0","2"
"二万五千六","1","1","2"
"万五千六百","1","1","2"
"千六百石奇","2","0","2"
"实宣宁县饥","1","1","2"
"宣宁县饥民","1","1","2"
"太白犯东咸","2","0","2"
"山东三道宣","1","1","2"
"东三道宣慰","1","1","2"
"遣中书省断","1","1","2"
"湖广行省钱","2","0","2"
"广行省钱谷","2","0","2"
"置泉州市舶","1","1","2"
"泉州市舶提","1","1","2"
"州市舶提举","1","1","2"
"遣蒲昌赤贫","1","1","2"
"王陈益稷羊","1","1","2"
"陈益稷羊马","1","1","2"
"置六道劝农","1","1","2"
"六道劝农司","1","1","2"
"五万一千九","1","1","2"
"一千九百二","1","1","2"
"九百二十三","1","1","2"
"百二十三锭","1","1","2"
"马七千二百","1","1","2"
"七千二百九","1","1","2"
"千二百九十","1","1","2"
"二百九十匹","1","1","2"
"羊三万六千","1","1","2"
"三万六千二","1","1","2"
"六千二百六","1","1","2"
"二百六十九","1","1","2"
"三千二百八","1","1","2"
"百八十八匹","1","1","2"
"五万六千一","1","1","2"
"六千一百三","1","1","2"
"一百三十九","1","1","2"
"三十九锭一","1","1","2"
"十九锭一十","1","1","2"
"九锭一十二","1","1","2"
"锭一十二两","1","1","2"
"佛事万寿山","2","0","2"
"百六十六所","1","1","2"
"五百三十五","1","1","2"
"百三十五石","1","1","2"
"树二千三百","1","1","2"
"九万四千六","1","1","2"
"四千六百七","1","1","2"
"百七十二株","1","1","2"
"复云南石梁","1","1","2"
"云南石梁县","1","1","2"
"修筑柳林河","1","1","2"
"筑柳林河堤","1","1","2"
"参政程鹏飞","1","1","2"
"附军千人阿","2","0","2"
"军千人阿八","2","0","2"
"千人阿八赤","2","0","2"
"人阿八赤讨","2","0","2"
"阿八赤讨安","2","0","2"
"八赤讨安南","2","0","2"
"山南三道按","1","1","2"
"南三道按察","1","1","2"
"命海道运粮","1","1","2"
"户张文虎等","1","1","2"
"张文虎等运","1","1","2"
"等运粮十七","1","1","2"
"召天师张宗","1","1","2"
"农营田司六","1","1","2"
"封驸马昌吉","1","1","2"
"谕玉速铁木","1","1","2"
"水达达部连","1","1","2"
"铁木平章政","2","0","2"
"选回回人充","1","1","2"
"宜设丞相二","1","1","2"
"学官博士二","1","1","2"
"吏部尚书忻","1","1","2"
"部尚书忻都","1","1","2"
"合剌合孙等","1","1","2"
"济南两路应","1","1","2"
"一百九十人","1","1","2"
"元宝钞颁行","1","1","2"
"中统钞通行","2","0","2"
"统钞通行故","2","0","2"
"元宝钞一贯","1","1","2"
"中统交钞五","1","1","2"
"统交钞五贯","1","1","2"
"太子河捕鱼","1","1","2"
"汴梁河水泛","1","1","2"
"新钞十一万","1","1","2"
"十一万六百","2","0","2"
"一万六百锭","2","0","2"
"五百九十三","1","1","2"
"济南宣慰司","1","1","2"
"燕南按察司","1","1","2"
"南京按察司","1","1","2"
"太原按察司","1","1","2"
"范文虎四人","1","1","2"
"右卫佥事王","1","1","2"
"卫佥事王通","1","1","2"
"钞三千锭赈","2","0","2"
"县霖雨伤稼","2","0","2"
"干大利斡鲁","1","1","2"
"大利斡鲁脱","1","1","2"
"利斡鲁脱地","1","1","2"
"阿难答剌奉","1","1","2"
"云南行省爱","1","1","2"
"南行省爱鲁","1","1","2"
"北京道按察","1","1","2"
"京道按察司","1","1","2"
"福建盐运使","1","1","2"
"建盐运使司","1","1","2"
"牙赤所部屯","1","1","2"
"赤所部屯田","1","1","2"
"所部屯田军","1","1","2"
"同沙州居民","1","1","2"
"征缅行省参","1","1","2"
"缅行省参政","1","1","2"
"屯田总管忽","1","1","2"
"田总管忽都","1","1","2"
"总管忽都鲁","1","1","2"
"管忽都鲁请","1","1","2"
"兴中等处霜","1","1","2"
"湖广省臣言","2","0","2"
"海南琼州路","1","1","2"
"南琼州路安","1","1","2"
"琼州路安抚","1","1","2"
"州路安抚使","1","1","2"
"路安抚使陈","1","1","2"
"南宁军总管","1","1","2"
"宁军总管谢","1","1","2"
"沿海管军总","1","1","2"
"海管军总管","1","1","2"
"通侍大夫黎","1","1","2"
"侍大夫黎仲","1","1","2"
"大夫黎仲谦","1","1","2"
"江西行院月","2","0","2"
"西行院月迷","2","0","2"
"行院月迷失","2","0","2"
"五千人屯田","2","0","2"
"千人屯田六","2","0","2"
"人屯田六盘","2","0","2"
"维摩合剌孙","1","1","2"
"阿老瓦丁参","2","0","2"
"老瓦丁参知","2","0","2"
"瓦丁参知政","2","0","2"
"云南省右丞","2","0","2"
"南省右丞爱","2","0","2"
"知政事马绍","1","1","2"
"政事马绍升","1","1","2"
"马绍升左丞","2","0","2"
"院秩正二品","2","0","2"
"惑犯太微东","2","0","2"
"嗣王安难答","1","1","2"
"合迷玉速曲","1","1","2"
"迷玉速曲地","1","1","2"
"年田租十二","2","0","2"
"田租十二万","1","1","2"
"租十二万九","1","1","2"
"二万九千一","1","1","2"
"九千一百八","1","1","2"
"一百八十石","1","1","2"
"江南四省招","1","1","2"
"顺元宣慰使","1","1","2"
"元宣慰使秃","1","1","2"
"宣慰使秃鲁","1","1","2"
"慰使秃鲁古","1","1","2"
"金竹寨主搔","1","1","2"
"竹寨主搔驴","1","1","2"
"寨主搔驴等","1","1","2"
"百二十五寨","1","1","2"
"诸匠都总管","1","1","2"
"镇南王次茅","2","0","2"
"南王次茅罗","2","0","2"
"王次茅罗港","2","0","2"
"四百六十七","1","1","2"
"南王诸军渡","2","0","2"
"王诸军渡富","2","0","2"
"日烜子弃城","2","0","2"
"烜子弃城走","2","0","2"
"子弃城走敢","2","0","2"
"命西僧监臧","1","1","2"
"西僧监臧宛","1","1","2"
"僧监臧宛卜","1","1","2"
"监臧宛卜卜","1","1","2"
"臧宛卜卜思","1","1","2"
"宛卜卜思哥","1","1","2"
"卜卜思哥等","1","1","2"
"二十五万三","1","1","2"
"十五万三千","1","1","2"
"二万二千六","1","1","2"
"合剌忽答等","1","1","2"
"四万八千二","1","1","2"
"八千二百五","1","1","2"
"二百五十锭","1","1","2"
"二十五年春","1","1","2"
"南王诸军追","2","0","2"
"引兵交趾城","2","0","2"
"迎张文虎等","2","0","2"
"事忙兀带所","1","1","2"
"忙兀带所统","1","1","2"
"循州贼万余","2","0","2"
"州贼万余人","2","0","2"
"王术伯北征","1","1","2"
"诸王怜真部","2","0","2"
"者二百余人","2","0","2"
"州连岁大水","2","0","2"
"海运米十万","2","0","2"
"入诸路金玉","1","1","2"
"西两道劝农","1","1","2"
"两道劝农营","1","1","2"
"畿都漕运司","1","1","2"
"司徒撒里蛮","1","1","2"
"徒撒里蛮等","1","1","2"
"撒里蛮等进","1","1","2"
"辽东海西道","1","1","2"
"东海西道提","1","1","2"
"海西道提刑","1","1","2"
"刑按察司入","2","0","2"
"云南王涂金","1","1","2"
"江西茶运司","1","1","2"
"河渠提举司","1","1","2"
"隐士刘彦深","1","1","2"
"四千七百石","1","1","2"
"征东行尚书","1","1","2"
"东行尚书省","1","1","2"
"行尚书省左","1","1","2"
"皇孙云南王","1","1","2"
"曲靖路总管","1","1","2"
"靖路总管府","1","1","2"
"军官更调法","1","1","2"
"兵船三十艘","1","1","2"
"士卒二百二","1","1","2"
"卒二百二十","1","1","2"
"二百二十人","1","1","2"
"四千三百石","1","1","2"
"镇南王遂单","2","0","2"
"北边大风雪","1","1","2"
"爱鲁引兵云","2","0","2"
"鲁引兵云南","2","0","2"
"奥鲁赤诸军","2","0","2"
"鲁赤诸军北","2","0","2"
"进金人代己","2","0","2"
"金人代己罪","2","0","2"
"山东转运使","1","1","2"
"东转运使司","1","1","2"
"济南路酒税","1","1","2"
"千人寇长泰","2","0","2"
"海船千户所","1","1","2"
"平阳投下总","1","1","2"
"阳投下总管","1","1","2"
"投下总管府","1","1","2"
"杂造提举司","1","1","2"
"入杂造总管","1","1","2"
"杂造总管府","1","1","2"
"董贤举等七","1","1","2"
"贤举等七人","1","1","2"
"密院副使月","1","1","2"
"平章忽都铁","1","1","2"
"章忽都铁木","1","1","2"
"上供米二十","1","1","2"
"供米二十万","1","1","2"
"金五百四十","1","1","2"
"水银二百四","1","1","2"
"银二百四十","1","1","2"
"二百四十斤","1","1","2"
"直沽海运米","1","1","2"
"沽海运米仓","1","1","2"
"家休息一岁","2","0","2"
"云南王节制","1","1","2"
"银二万二千","1","1","2"
"二万二千五","1","1","2"
"甘肃行省发","1","1","2"
"督巩昌兵五","1","1","2"
"巩昌兵五千","1","1","2"
"昌兵五千人","1","1","2"
"右丞爱鲁上","1","1","2"
"四百七十四","1","1","2"
"百七十四人","1","1","2"
"叛王火鲁火","1","1","2"
"王火鲁火孙","1","1","2"
"子阔阔带叛","1","1","2"
"五千三百人","1","1","2"
"五千人北征","1","1","2"
"纱罗绢布等","1","1","2"
"罗绢布等四","1","1","2"
"绢布等四千","1","1","2"
"布等四千五","1","1","2"
"等四千五百","1","1","2"
"通安等五城","1","1","2"
"察罕章宣抚","1","1","2"
"罕章宣抚司","1","1","2"
"兴州采蜜提","1","1","2"
"州采蜜提举","1","1","2"
"采蜜提举司","1","1","2"
"币帛纱罗等","2","0","2"
"盂州乌河川","1","1","2"
"听平章政事","2","0","2"
"要束木节制","1","1","2"
"延安屯田总","1","1","2"
"安屯田总管","1","1","2"
"犯业里干脑","1","1","2"
"管军元帅阿","1","1","2"
"军元帅阿里","1","1","2"
"元帅阿里带","1","1","2"
"西南番总管","1","1","2"
"南番总管府","1","1","2"
"卫浙西宣慰","1","1","2"
"宣慰副使史","1","1","2"
"慰副使史耀","1","1","2"
"许泥百牙地","1","1","2"
"蒙古军三百","2","0","2"
"沐川等五寨","1","1","2"
"二州霖雨害","2","0","2"
"州霖雨害稼","2","0","2"
"保定路唐县","1","1","2"
"定路唐县野","1","1","2"
"路唐县野蚕","1","1","2"
"蒙古军东征","1","1","2"
"军三百人北","1","1","2"
"三百人北征","1","1","2"
"田租二万一","1","1","2"
"租二万一千","1","1","2"
"凡仓库诸司","2","0","2"
"书省参政秃","1","1","2"
"省参政秃烈","1","1","2"
"参政秃烈羊","1","1","2"
"政秃烈羊呵","1","1","2"
"提举八作司","1","1","2"
"太医院新编","1","1","2"
"藏宣慰使软","1","1","2"
"宣慰使软奴","1","1","2"
"慰使软奴汪","1","1","2"
"使软奴汪术","1","1","2"
"赐银二千五","1","1","2"
"甘州转运司","1","1","2"
"州转运司隶","1","1","2"
"右江口溪洞","1","1","2"
"江口溪洞蛮","1","1","2"
"夹谷三合等","1","1","2"
"谷三合等七","1","1","2"
"三合等七十","1","1","2"
"合等七十四","1","1","2"
"等七十四人","1","1","2"
"渠二百六十","1","1","2"
"二百六十五","1","1","2"
"百六十五里","1","1","2"
"二万八千锭","1","1","2"
"造铁罗圈甲","1","1","2"
"令集贤院诸","1","1","2"
"集贤院诸司","1","1","2"
"陕西等处屯","1","1","2"
"西等处屯田","1","1","2"
"等处屯田等","1","1","2"
"建昌路屯田","1","1","2"
"昌路屯田总","1","1","2"
"帛纱罗等二","1","1","2"
"纱罗等二千","1","1","2"
"罗等二千匹","1","1","2"
"牙林海剌孙","1","1","2"
"都总帅府统","1","1","2"
"统五十余城","2","0","2"
"释教总制院","1","1","2"
"书右丞相桑","1","1","2"
"右丞相桑哥","1","1","2"
"银十二万五","1","1","2"
"二万五千锭","1","1","2"
"三千六百六","1","1","2"
"千六百六十","1","1","2"
"六百六十六","1","1","2"
"百六十六匹","1","1","2"
"海都兵犯边","2","0","2"
"三百九十人","1","1","2"
"二千五百一","1","1","2"
"五百一十三","1","1","2"
"置大都等路","1","1","2"
"捕民匠等户","1","1","2"
"等户总管府","2","0","2"
"甘肃行省官","1","1","2"
"三千人六十","1","1","2"
"王爱牙合赤","1","1","2"
"爱牙合赤等","1","1","2"
"银一万八千","1","1","2"
"一万八千三","1","1","2"
"八千三百六","1","1","2"
"三百六十两","1","1","2"
"绵八万三千","1","1","2"
"三千二百两","1","1","2"
"一千二百匹","1","1","2"
"子爱牙赤部","1","1","2"
"百四十七锭","1","1","2"
"二万六千九","1","1","2"
"六千九百一","1","1","2"
"千九百一十","1","1","2"
"九百一十四","1","1","2"
"钞二十一万","1","1","2"
"马六千七百","1","1","2"
"六千七百二","1","1","2"
"七百二十五","1","1","2"
"羊一万二千","1","1","2"
"八百五十七","1","1","2"
"钞三万二千","1","1","2"
"三万二千八","1","1","2"
"八百八十锭","1","1","2"
"六百七十四","1","1","2"
"马四千三百","1","1","2"
"三百二十五","1","1","2"
"羊三万四千","1","1","2"
"租二万二千","1","1","2"
"二千八百石","1","1","2"
"思麻等七百","1","1","2"
"护国仁王等","1","1","2"
"国仁王等寺","1","1","2"
"师张宗演设","1","1","2"
"三千五百七","1","1","2"
"五百七十顷","1","1","2"
"立学校二万","1","1","2"
"学校二万四","1","1","2"
"四千四百余","1","1","2"
"千四百余所","1","1","2"
"义粮三十一","1","1","2"
"粮三十一万","1","1","2"
"三十一万五","1","1","2"
"一万五千五","1","1","2"
"五千五百余","1","1","2"
"千五百余石","1","1","2"
"春正月丙戌","2","0","2"
"迷失合兵进","1","1","2"
"失合兵进讨","1","1","2"
"百五十八户","1","1","2"
"五千一百五","1","1","2"
"江州都转运","1","1","2"
"州都转运使","1","1","2"
"金三千四百","1","1","2"
"三千四百两","1","1","2"
"省左丞唐兀","1","1","2"
"左丞唐兀带","1","1","2"
"立武卫亲军","1","1","2"
"江南镇守军","1","1","2"
"海船万户府","1","1","2"
"东宣慰使乐","1","1","2"
"慰使乐实所","1","1","2"
"使乐实所运","1","1","2"
"运粮万户府","1","1","2"
"江西省参政","1","1","2"
"畲民丘大老","1","1","2"
"同漳州路总","1","1","2"
"州路总管高","1","1","2"
"路总管高杰","1","1","2"
"广州按察司","1","1","2"
"荆南按察司","1","1","2"
"南按察司所","1","1","2"
"按察司所统","1","1","2"
"爱牙合赤请","1","1","2"
"发米千石赈","2","0","2"
"行泉府所统","1","1","2"
"管府判官萧","1","1","2"
"府判官萧仪","1","1","2"
"成都管军万","1","1","2"
"都管军万户","1","1","2"
"管军万户刘","1","1","2"
"军万户刘德","1","1","2"
"万户刘德禄","1","1","2"
"户刘德禄上","1","1","2"
"招降八番蛮","1","1","2"
"降八番蛮夷","1","1","2"
"开元路治中","1","1","2"
"元路治中兀","1","1","2"
"路治中兀颜","1","1","2"
"治中兀颜牙","1","1","2"
"中兀颜牙兀","1","1","2"
"立左右翼屯","1","1","2"
"左右翼屯田","1","1","2"
"右翼屯田万","1","1","2"
"发大同路榷","1","1","2"
"大同路榷场","1","1","2"
"都总帅汪惟","1","1","2"
"所部军万人","2","0","2"
"立云南屯田","1","1","2"
"监察御史省","2","0","2"
"察御史省部","2","0","2"
"御史省部稽","2","0","2"
"史省部稽照","2","0","2"
"书姓名卷末","2","0","2"
"命侍御史坚","2","0","2"
"御史坚童视","2","0","2"
"粜米二万石","2","0","2"
"陕西屯田总","1","1","2"
"西屯田总管","1","1","2"
"田总管府农","1","1","2"
"金齿人塞完","1","1","2"
"贷高丽米六","1","1","2"
"高丽米六万","1","1","2"
"丽米六万石","1","1","2"
"米六万石赈","1","1","2"
"置江西福建","1","1","2"
"福建转运司","1","1","2"
"池州贵池县","1","1","2"
"大夫陈克等","2","0","2"
"夫陈克等贡","2","0","2"
"陈克等贡方","2","0","2"
"克等贡方物","2","0","2"
"莱芜铁冶提","1","1","2"
"芜铁冶提举","1","1","2"
"冶提举司隶","1","1","2"
"史大夫玉吕","1","1","2"
"大夫玉吕鲁","1","1","2"
"召江淮行省","1","1","2"
"王爱牙赤投","1","1","2"
"爱牙赤投下","1","1","2"
"牙赤投下人","1","1","2"
"赤投下人匠","1","1","2"
"软奴王术私","1","1","2"
"赏银五万两","1","1","2"
"八千五百七","1","1","2"
"五百七十三","1","1","2"
"百七十三人","1","1","2"
"江西三省所","1","1","2"
"西三省所抽","1","1","2"
"溢入会通渠","1","1","2"
"卑包等三十","1","1","2"
"包等三十三","1","1","2"
"等三十三寨","1","1","2"
"三十三寨相","1","1","2"
"十三寨相继","1","1","2"
"云南行省地","1","1","2"
"米八千七百","1","1","2"
"八千七百二","1","1","2"
"七百二十石","1","1","2"
"断事官秃烈","1","1","2"
"事官秃烈羊","1","1","2"
"官秃烈羊呵","1","1","2"
"立云南提刑","1","1","2"
"云南提刑按","1","1","2"
"降贼钟明亮","1","1","2"
"丘应祥等十","1","1","2"
"应祥等十八","1","1","2"
"祥等十八人","1","1","2"
"林宣慰使怯","1","1","2"
"宣慰使怯伯","1","1","2"
"副使八黑铁","1","1","2"
"三百二十八","1","1","2"
"西南夷中下","1","1","2"
"南夷中下烂","1","1","2"
"夷中下烂土","1","1","2"
"中下烂土等","1","1","2"
"下烂土等处","1","1","2"
"洞长忽带等","1","1","2"
"立江淮等处","1","1","2"
"江淮等处财","1","1","2"
"淮等处财赋","1","1","2"
"等处财赋总","1","1","2"
"处财赋总管","1","1","2"
"秋七月戊寅","2","0","2"
"尚珍署屯田","1","1","2"
"河渠官礼部","1","1","2"
"渠官礼部尚","1","1","2"
"部尚书张孔","1","1","2"
"尚书张孔孙","1","1","2"
"兵部郎中李","1","1","2"
"部郎中李处","1","1","2"
"郎中李处选","1","1","2"
"五百五十户","1","1","2"
"遣牙牙住僧","1","1","2"
"信州叛贼鲍","1","1","2"
"州叛贼鲍惠","1","1","2"
"叛贼鲍惠日","1","1","2"
"贼鲍惠日等","1","1","2"
"鲍惠日等三","1","1","2"
"惠日等三十","1","1","2"
"日等三十三","1","1","2"
"等三十三人","1","1","2"
"甸宣慰使司","1","1","2"
"宣慰使司隶","1","1","2"
"浙都转运使","1","1","2"
"四川金竹寨","1","1","2"
"浙东道提刑","1","1","2"
"置高丽国儒","1","1","2"
"高丽国儒学","1","1","2"
"丽国儒学提","1","1","2"
"国儒学提举","1","1","2"
"济州泗汶漕","1","1","2"
"州泗汶漕运","1","1","2"
"泗汶漕运使","1","1","2"
"汶漕运使司","1","1","2"
"端宣慰使元","1","1","2"
"宣慰使元帅","1","1","2"
"慰使元帅府","1","1","2"
"江淮省平章","2","0","2"
"子北安王等","1","1","2"
"主里合花山","1","1","2"
"里合花山城","1","1","2"
"然后中统钞","1","1","2"
"宣敕付尚书","2","0","2"
"敕付尚书省","2","0","2"
"通州河西务","1","1","2"
"等八千人寇","2","0","2"
"西宣慰使胡","1","1","2"
"宣慰使胡颐","1","1","2"
"慰使胡颐孙","1","1","2"
"使胡颐孙援","1","1","2"
"胡颐孙遥授","1","1","2"
"颐孙遥授行","1","1","2"
"孙遥授行尚","1","1","2"
"遥授行尚书","1","1","2"
"南宣慰司请","1","1","2"
"真定等路流","1","1","2"
"慰使史弼请","1","1","2"
"饥民刘德成","1","1","2"
"招降赣州贼","1","1","2"
"命赣州路发","1","1","2"
"八百九十石","1","1","2"
"百九十石赈","1","1","2"
"遣委马剌菩","1","1","2"
"委马剌菩提","1","1","2"
"马剌菩提班","1","1","2"
"陈机察等八","1","1","2"
"机察等八千","1","1","2"
"察等八千人","1","1","2"
"千户张武义","1","1","2"
"采石提举司","1","1","2"
"米五百八十","1","1","2"
"五百八十七","1","1","2"
"百八十七石","1","1","2"
"五百七十八","1","1","2"
"六百五十六","1","1","2"
"百五十六石","1","1","2"
"发义仓粮赈","2","0","2"
"丹秃鲁干通","1","1","2"
"管府判官白","1","1","2"
"赵氏族人散","1","1","2"
"氏族人散居","1","1","2"
"尚书省舍人","1","1","2"
"玉吕鲁所招","1","1","2"
"户五百人九","1","1","2"
"五百人九十","1","1","2"
"百人九十日","1","1","2"
"封皇子阔阔","1","1","2"
"回司天台祭","1","1","2"
"军万户汪惟","1","1","2"
"万户汪惟能","1","1","2"
"七千四百七","1","1","2"
"千四百七十","1","1","2"
"四百七十石","1","1","2"
"二十五万二","1","1","2"
"十五万二千","1","1","2"
"五万二千六","1","1","2"
"二千六百三","1","1","2"
"六百三十两","1","1","2"
"二百九十锭","1","1","2"
"十二万二千","1","1","2"
"二千八百匹","1","1","2"
"罗甸宣慰安","1","1","2"
"甸宣慰安抚","1","1","2"
"宣慰安抚司","1","1","2"
"四万七千八","1","1","2"
"七千八百石","1","1","2"
"千八百石赈","1","1","2"
"命太史令郭","1","1","2"
"太史令郭守","1","1","2"
"史令郭守敬","1","1","2"
"税四千五百","1","1","2"
"四千五百三","1","1","2"
"五百三十六","1","1","2"
"百三十六锭","1","1","2"
"二千五百六","1","1","2"
"玉典赤阿里","1","1","2"
"葛蛮军民安","1","1","2"
"蛮军民安抚","1","1","2"
"民安抚使宋","1","1","2"
"安抚使宋子","1","1","2"
"抚使宋子贤","1","1","2"
"赈米五千石","2","0","2"
"八番都元帅","1","1","2"
"番都元帅刘","1","1","2"
"都元帅刘德","1","1","2"
"元帅刘德禄","1","1","2"
"洞蛮十五寨","1","1","2"
"江西行省伯","1","1","2"
"西行省伯颜","1","1","2"
"行播州军民","2","0","2"
"播州军民安","1","1","2"
"民安抚使杨","1","1","2"
"安抚使杨汉","1","1","2"
"抚使杨汉英","1","1","2"
"南平等处沿","1","1","2"
"平等处沿边","1","1","2"
"等处沿边宣","1","1","2"
"处沿边宣慰","1","1","2"
"沿边宣慰使","1","1","2"
"播州军民宣","1","1","2"
"州军民宣抚","1","1","2"
"播州等处管","1","1","2"
"州等处管军","1","1","2"
"等处管军万","1","1","2"
"处管军万户","1","1","2"
"金竹酋长骚","1","1","2"
"竹酋长骚驴","1","1","2"
"酋长三十一","1","1","2"
"三百二十六","1","1","2"
"百二十六户","1","1","2"
"立总管高丽","1","1","2"
"女直汉军万","2","0","2"
"直汉军万户","2","0","2"
"邓州旧军万","1","1","2"
"州旧军万户","1","1","2"
"旧军万户史","1","1","2"
"军万户史弼","1","1","2"
"行省右丞高","1","1","2"
"省右丞高兴","1","1","2"
"军士二万人","1","1","2"
"副都元帅二","1","1","2"
"王阿秃作乱","1","1","2"
"合剌合孙答","1","1","2"
"民嫁妻卖女","2","0","2"
"生五百余人","2","0","2"
"千四百三十","1","1","2"
"四百三十六","1","1","2"
"六百三十七","1","1","2"
"百三十七户","1","1","2"
"刘道元指陈","1","1","2"
"道元指陈桑","1","1","2"
"元指陈桑哥","1","1","2"
"指陈桑哥同","1","1","2"
"廉访使阎复","1","1","2"
"诸路释教都","1","1","2"
"路释教都总","1","1","2"
"释教都总统","1","1","2"
"教都总统辇","1","1","2"
"都总统辇真","1","1","2"
"总统辇真术","1","1","2"
"统辇真术纳","1","1","2"
"辇真术纳思","1","1","2"
"土蕃等处宣","1","1","2"
"蕃等处宣慰","1","1","2"
"三百四十七","1","1","2"
"百四十七户","1","1","2"
"东廉访司申","1","1","2"
"州境内春旱","1","1","2"
"合敦奴孙界","1","1","2"
"新附军内选","1","1","2"
"监察御史商","1","1","2"
"察御史商琥","1","1","2"
"御史商琥举","1","1","2"
"钞一十三万","1","1","2"
"一十三万余","1","1","2"
"十三万余锭","1","1","2"
"五百二十人","1","1","2"
"尚膳监事铁","1","1","2"
"膳监事铁哥","1","1","2"
"右丞何荣祖","1","1","2"
"甸宣慰使斡","1","1","2"
"使斡罗思等","1","1","2"
"八番顺元等","1","1","2"
"番顺元等处","1","1","2"
"顺元等处宣","1","1","2"
"元等处宣慰","1","1","2"
"长五十六人","1","1","2"
"五十六人金","1","1","2"
"十六人金纹","1","1","2"
"六人金纹绫","1","1","2"
"人金纹绫绢","1","1","2"
"免宝庆路邵","1","1","2"
"宝庆路邵阳","1","1","2"
"庆路邵阳县","1","1","2"
"万三千七百","1","1","2"
"三千七百九","1","1","2"
"七百九十三","1","1","2"
"百九十三斛","1","1","2"
"田二万三千","1","1","2"
"二万三千亩","1","1","2"
"复典瑞监三","1","1","2"
"典瑞监三品","1","1","2"
"辽阳水达达","2","0","2"
"军民宣抚司","1","1","2"
"陕西盐运司","1","1","2"
"东平路河道","1","1","2"
"平路河道提","1","1","2"
"路河道提举","1","1","2"
"河道提举司","1","1","2"
"免田租四千","1","1","2"
"田租四千四","1","1","2"
"租四千四百","1","1","2"
"四千四百六","1","1","2"
"千四百六十","1","1","2"
"四百六十八","1","1","2"
"百六十八石","1","1","2"
"田租十八万","1","1","2"
"租十八万四","1","1","2"
"八万四千九","1","1","2"
"万四千九百","1","1","2"
"四千九百二","1","1","2"
"九百二十八","1","1","2"
"宁路惠州连","1","1","2"
"路惠州连年","1","1","2"
"五百一十九","1","1","2"
"民二万余户","1","1","2"
"百二十五万","1","1","2"
"二十五万七","1","1","2"
"十五万七千","1","1","2"
"五万七千八","1","1","2"
"七千八百八","1","1","2"
"八百八十三","1","1","2"
"上都兵马司","1","1","2"
"免田租七万","1","1","2"
"田租七万七","1","1","2"
"租七万七千","1","1","2"
"七万七千九","1","1","2"
"七千九百八","1","1","2"
"千九百八十","1","1","2"
"九百八十八","1","1","2"
"州华容县水","2","0","2"
"免田租四万","1","1","2"
"九百六十二","1","1","2"
"百六十二石","1","1","2"
"左江总管黄","1","1","2"
"江总管黄坚","1","1","2"
"命刘国杰讨","1","1","2"
"诏赐米十万","1","1","2"
"赐米十万石","1","1","2"
"海运粮京师","2","0","2"
"镇安路军民","1","1","2"
"安路军民总","1","1","2"
"西路安抚副","1","1","2"
"路安抚副使","1","1","2"
"安抚副使赛","1","1","2"
"抚副使赛甫","1","1","2"
"副使赛甫丁","1","1","2"
"使赛甫丁等","1","1","2"
"使臣阮代乏","1","1","2"
"北河南道廉","1","1","2"
"河南道廉访","1","1","2"
"南道廉访司","1","1","2"
"阿里三珠虎","1","1","2"
"里三珠虎符","1","1","2"
"张存一珠虎","1","1","2"
"存一珠虎符","1","1","2"
"徽州路录事","1","1","2"
"州路录事司","1","1","2"
"黎兵百户邓","1","1","2"
"兵百户邓志","1","1","2"
"百户邓志愿","1","1","2"
"户邓志愿谋","1","1","2"
"宁夏府屯田","1","1","2"
"夏府屯田成","1","1","2"
"府屯田成功","1","1","2"
"军匠二万人","1","1","2"
"田租九千二","1","1","2"
"租九千二百","1","1","2"
"福建等处行","1","1","2"
"建等处行中","1","1","2"
"建行省参政","1","1","2"
"行省参政魏","1","1","2"
"省参政魏天","1","1","2"
"一百七十锭","1","1","2"
"燕南河北廉","1","1","2"
"南河北廉访","1","1","2"
"河北廉访司","1","1","2"
"书侍御史裴","1","1","2"
"侍御史裴居","1","1","2"
"御史裴居安","1","1","2"
"安南国陈日","1","1","2"
"东东西道廉","1","1","2"
"慰使乐实盗","1","1","2"
"买库银九百","1","1","2"
"库银九百五","1","1","2"
"银九百五十","1","1","2"
"罗思招附光","1","1","2"
"思招附光兰","1","1","2"
"招附光兰州","1","1","2"
"哥达鲁花赤","2","0","2"
"免田租二万","1","1","2"
"田租二万四","1","1","2"
"租二万四千","1","1","2"
"云南廉访司","1","1","2"
"思藏宣慰司","1","1","2"
"七百三十六","1","1","2"
"孙等三路宣","1","1","2"
"等三路宣慰","1","1","2"
"三路宣慰使","1","1","2"
"路宣慰使司","1","1","2"
"宣慰使司都","1","1","2"
"慰使司都元","1","1","2"
"使司都元帅","1","1","2"
"福建廉访司","1","1","2"
"建廉访司知","1","1","2"
"廉访司知事","1","1","2"
"访司知事张","1","1","2"
"司知事张师","1","1","2"
"知事张师道","1","1","2"
"师道翰林直","1","1","2"
"道翰林直学","1","1","2"
"运使纳速剌","1","1","2"
"使纳速剌丁","1","1","2"
"酋长向思聪","1","1","2"
"长向思聪等","1","1","2"
"向思聪等七","1","1","2"
"思聪等七人","1","1","2"
"聪等七人入","1","1","2"
"等七人入朝","1","1","2"
"合纳帖音国","1","1","2"
"二千五百户","1","1","2"
"备马十五匹","1","1","2"
"备牛车三辆","1","1","2"
"二百九十七","1","1","2"
"百九十七万","1","1","2"
"九十七万八","1","1","2"
"十七万八千","1","1","2"
"七万八千三","1","1","2"
"才一百八十","1","1","2"
"一百八十九","1","1","2"
"百八十九万","1","1","2"
"八十九万三","1","1","2"
"十九万三千","1","1","2"
"九万三千九","1","1","2"
"万三千九百","1","1","2"
"三千九百九","1","1","2"
"九百九十三","1","1","2"
"三百六十三","1","1","2"
"百六十三万","1","1","2"
"六十三万八","1","1","2"
"十三万八千","1","1","2"
"三万八千五","1","1","2"
"八千五百四","1","1","2"
"五百四十三","1","1","2"
"二百四十户","1","1","2"
"二千一百二","1","1","2"
"酋长杨秀朝","1","1","2"
"长杨秀朝等","1","1","2"
"杨秀朝等六","1","1","2"
"秀朝等六人","1","1","2"
"朝等六人入","1","1","2"
"二千四百两","1","1","2"
"招木忽鲁甸","1","1","2"
"土官忽鲁马","1","1","2"
"九千五百两","1","1","2"
"治保定府沙","1","1","2"
"保定府沙塘","1","1","2"
"定府沙塘河","1","1","2"
"边庭将士等","1","1","2"
"钞四十六万","1","1","2"
"四十六万六","1","1","2"
"十六万六千","1","1","2"
"六万六千七","1","1","2"
"万六千七百","1","1","2"
"口粮五千五","1","1","2"
"粮五千五百","1","1","2"
"五千五百二","1","1","2"
"钞三十六万","1","1","2"
"三十六万八","1","1","2"
"十六万八千","1","1","2"
"六万八千四","1","1","2"
"八千四百二","1","1","2"
"四百二十八","1","1","2"
"百二十八锭","1","1","2"
"咒师修佛事","1","1","2"
"修佛事七十","1","1","2"
"佛事七十二","1","1","2"
"三十年春正","2","0","2"
"百五十五所","1","1","2"
"六百六十九","1","1","2"
"百六十九员","1","1","2"
"云南延庆司","1","1","2"
"二蛮酋遥授","1","1","2"
"蛮酋遥授知","1","1","2"
"酋遥授知州","1","1","2"
"兀末鲁罕军","1","1","2"
"运米六千四","1","1","2"
"米六千四百","1","1","2"
"四百二十六","1","1","2"
"百二十六石","1","1","2"
"酋长杨总国","1","1","2"
"长杨总国等","1","1","2"
"扬州忙兀台","1","1","2"
"州忙兀台所","1","1","2"
"上路总管府","1","1","2"
"剌丁灭里所","1","1","2"
"江西兴国路","1","1","2"
"西兴国路隶","1","1","2"
"岁星犯左执","2","0","2"
"星犯左执法","2","0","2"
"道宣慰使昂","1","1","2"
"子宣政院使","1","1","2"
"宣政院使暗","1","1","2"
"政院使暗普","1","1","2"
"上都管仓库","1","1","2"
"马合谋沙等","1","1","2"
"令伯铁木部","1","1","2"
"行枢密官明","1","1","2"
"枢密官明安","1","1","2"
"密官明安答","1","1","2"
"立云南行御","1","1","2"
"章政事李庭","1","1","2"
"政事李庭率","1","1","2"
"立民屯二十","1","1","2"
"行大司农燕","1","1","2"
"大司农燕公","1","1","2"
"司农燕公楠","1","1","2"
"江南行大司","1","1","2"
"南行大司农","1","1","2"
"徽州录事司","1","1","2"
"太白犯填星","2","0","2"
"广东肃政廉","1","1","2"
"蛮人光龙等","1","1","2"
"人光龙等一","1","1","2"
"光龙等一十","1","1","2"
"龙等一十二","1","1","2"
"等一十二人","1","1","2"
"王文显等二","1","1","2"
"文显等二十","1","1","2"
"显等二十八","1","1","2"
"等二十八人","1","1","2"
"马麟等一十","1","1","2"
"麟等一十六","1","1","2"
"等一十六人","1","1","2"
"秃卢忽等五","1","1","2"
"卢忽等五十","1","1","2"
"忽等五十四","1","1","2"
"等五十四人","1","1","2"
"彭世强等九","1","1","2"
"世强等九十","1","1","2"
"强等九十人","1","1","2"
"荣等一十三","1","1","2"
"等一十三人","1","1","2"
"师壁散毛洞","1","1","2"
"答什王等四","1","1","2"
"什王等四人","1","1","2"
"圣祖天尊祠","1","1","2"
"行省左丞暗","1","1","2"
"省左丞暗普","1","1","2"
"五千二百余","1","1","2"
"千二百余石","1","1","2"
"真定路深州","1","1","2"
"二千五百七","1","1","2"
"五百七十四","1","1","2"
"百七十四石","1","1","2"
"七十四石赈","1","1","2"
"西番宣慰司","1","1","2"
"皇孙铁穆耳","1","1","2"
"员监修国史","1","1","2"
"命刘国杰诸","2","0","2"
"云南屯田军","1","1","2"
"湖广行省臣","2","0","2"
"田提举司所","1","1","2"
"百七十七顷","1","1","2"
"七百七十二","1","1","2"
"百七十二石","1","1","2"
"海北海南博","1","1","2"
"北海南博易","1","1","2"
"海南博易提","1","1","2"
"南博易提举","1","1","2"
"博易提举司","1","1","2"
"义仓米五千","1","1","2"
"仓米五千九","1","1","2"
"五千九百余","1","1","2"
"千九百余石","1","1","2"
"亲军千户张","1","1","2"
"军千户张邦","1","1","2"
"千户张邦瑞","1","1","2"
"子西平王等","1","1","2"
"陶子奇等十","1","1","2"
"子奇等十七","1","1","2"
"奇等十七人","1","1","2"
"等十七人冬","1","1","2"
"十七人冬衣","1","1","2"
"兵部侍郎忽","1","1","2"
"部侍郎忽鲁","1","1","2"
"侍郎忽鲁秃","1","1","2"
"郎忽鲁秃花","1","1","2"
"忽鲁秃花等","1","1","2"
"合纳帖音三","1","1","2"
"纳帖音三国","1","1","2"
"酋长三珠虎","1","1","2"
"长三珠虎符","1","1","2"
"百六十五顷","1","1","2"
"田租六千二","1","1","2"
"租六千二百","1","1","2"
"六千二百一","1","1","2"
"二百一十三","1","1","2"
"立下路总管","1","1","2"
"下路总管府","1","1","2"
"中书左丞马","1","1","2"
"书左丞马绍","1","1","2"
"詹事丞张九","1","1","2"
"事丞张九思","1","1","2"
"丞张九思代","1","1","2"
"旧军八千人","1","1","2"
"三百九十一","1","1","2"
"百九十一顷","1","1","2"
"阿合兀阑所","1","1","2"
"路一百六十","1","1","2"
"州三百九十","1","1","2"
"宣抚司十五","1","1","2"
"甸部管军民","1","1","2"
"长官司五十","1","1","2"
"官司五十一","1","1","2"
"二千七百三","1","1","2"
"百三十三处","1","1","2"
"二百二十一","1","1","2"
"四百二十五","1","1","2"
"六百八十四","1","1","2"
"一千四百万","1","1","2"
"二千七百六","1","1","2"
"千七百六十","1","1","2"
"四十三万四","1","1","2"
"三万四千五","1","1","2"
"四千五百锭","1","1","2"
"三万七千五","1","1","2"
"五百二十锭","1","1","2"
"书右丞相完","1","1","2"
"遣司徒兀都","1","1","2"
"司徒兀都带","1","1","2"
"章政事忽木","2","0","2"
"左丞张九思","1","1","2"
"摄太尉臣兀","1","1","2"
"太尉臣兀都","1","1","2"
"尉臣兀都带","1","1","2"
"臣兀都带奉","1","1","2"
"尊谥曰圣德","2","0","2"
"谥曰圣德神","2","0","2"
"曰圣德神功","2","0","2"
"先皇后弘吉","1","1","2"
"尊谥曰昭睿","2","0","2"
"谥曰昭睿顺","2","0","2"
"曰昭睿顺圣","2","0","2"
"钦明广孝皇","1","1","2"
"明广孝皇帝","1","1","2"
"母曰徽仁裕","2","0","2"
"曰徽仁裕圣","2","0","2"
"元二年九月","1","1","2"
"三十年六月","1","1","2"
"中丞崔彧玉","2","0","2"
"丞崔彧玉玺","2","0","2"
"彧玉玺故臣","2","0","2"
"临御三十五","2","0","2"
"御三十五年","2","0","2"
"授皇太子宝","2","0","2"
"遣摄太尉兀","2","0","2"
"摄太尉兀都","2","0","2"
"尉兀都带等","1","1","2"
"部侍郎李衎","2","0","2"
"驸马蛮子带","1","1","2"
"六千五百两","1","1","2"
"阔里吉思一","1","1","2"
"里吉思一万","1","1","2"
"吉思一万五","1","1","2"
"思一万五千","1","1","2"
"一万五千四","1","1","2"
"五千四百五","1","1","2"
"湖广行省所","1","1","2"
"广行省所属","1","1","2"
"令刘国杰讨","1","1","2"
"下州四十九","1","1","2"
"孟定路总管","1","1","2"
"皇帝尊谥曰","2","0","2"
"四川散毛洞","1","1","2"
"川散毛洞主","1","1","2"
"散毛洞主覃","1","1","2"
"毛洞主覃顺","1","1","2"
"洞主覃顺等","1","1","2"
"八番宣慰使","1","1","2"
"番宣慰使斡","1","1","2"
"使斡罗思犯","1","1","2"
"斡罗思犯法","1","1","2"
"福建盐提举","1","1","2"
"建盐提举司","1","1","2"
"钞十一万五","1","1","2"
"政廉访司案","2","0","2"
"廉访司案牍","2","0","2"
"令总管府检","2","0","2"
"总管府检劾","2","0","2"
"金五百五十","1","1","2"
"云南金齿路","1","1","2"
"南金齿路进","1","1","2"
"立晋王内史","1","1","2"
"晋王内史府","1","1","2"
"二十七万锭","1","1","2"
"定西平王奥","1","1","2"
"复平章政事","2","0","2"
"诸王阿吉部","2","0","2"
"封完颜伯颜","1","1","2"
"刑按察使弘","1","1","2"
"按察使弘吉","1","1","2"
"察使弘吉烈","1","1","2"
"使弘吉烈带","1","1","2"
"弘吉烈带阿","1","1","2"
"吉烈带阿鲁","1","1","2"
"烈带阿鲁灰","1","1","2"
"带阿鲁灰受","1","1","2"
"西陇北道肃","1","1","2"
"陇北道肃政","1","1","2"
"家铉翁安置","1","1","2"
"封驸马阔里","1","1","2"
"完泽监修国","1","1","2"
"马一千一百","1","1","2"
"一千一百九","1","1","2"
"一百九十余","1","1","2"
"百九十余匹","1","1","2"
"丞相完泽约","1","1","2"
"相完泽约束","1","1","2"
"合剌思八斡","1","1","2"
"剌思八斡节","1","1","2"
"柔伯牙伯剌","1","1","2"
"伯牙伯剌麻","1","1","2"
"隆福宫左都","1","1","2"
"福宫左都威","1","1","2"
"宫左都威卫","1","1","2"
"左都威卫使","1","1","2"
"陕西道廉访","1","1","2"
"道廉访司没","1","1","2"
"廉访司没入","2","0","2"
"访司没入赃","2","0","2"
"司没入赃罚","2","0","2"
"肇州宣慰司","1","1","2"
"二百一十六","1","1","2"
"四百二十四","1","1","2"
"劾右丞阿里","1","1","2"
"管军官吏赎","1","1","2"
"军官吏赎罪","1","1","2"
"立随路民匠","1","1","2"
"国王敢木丁","1","1","2"
"钞三万六千","1","1","2"
"三万六千六","1","1","2"
"六千六百锭","1","1","2"
"鲁花真公主","1","1","2"
"棣州阳信县","1","1","2"
"平滦路迁安","1","1","2"
"滦路迁安等","1","1","2"
"路迁安等县","1","1","2"
"大都留守段","1","1","2"
"浚浙西太湖","1","1","2"
"立新河运粮","1","1","2"
"新河运粮千","1","1","2"
"河运粮千户","1","1","2"
"运粮千户所","1","1","2"
"交钞库所贮","1","1","2"
"九十三万六","1","1","2"
"十三万六千","1","1","2"
"三万六千九","1","1","2"
"六千九百五","1","1","2"
"九万二千四","1","1","2"
"二千四百五","1","1","2"
"党七百余人","1","1","2"
"七百余人隶","1","1","2"
"太阴掩填星","2","0","2"
"遣秃古铁木","1","1","2"
"江浙行省臣","2","0","2"
"辽阳行省所","1","1","2"
"阳行省所属","1","1","2"
"孟爱甸酋长","1","1","2"
"立军民总管","1","1","2"
"太后隆福宫","2","0","2"
"行枢密院臣","1","1","2"
"臣刘国杰讨","1","1","2"
"六万二千余","1","1","2"
"二十余万锭","1","1","2"
"贵赤屯田总","1","1","2"
"赤屯田总管","1","1","2"
"道宣慰使何","1","1","2"
"海北海南市","1","1","2"
"北海南市舶","1","1","2"
"海南市舶提","1","1","2"
"南市舶提举","1","1","2"
"驸马阿失等","1","1","2"
"伯遥带忽剌","1","1","2"
"大辟三十人","2","0","2"
"钞三千余锭","1","1","2"
"九千九百锭","1","1","2"
"断大辟三十","2","0","2"
"宁远王六万","1","1","2"
"远王六万锭","1","1","2"
"行中书省长","1","1","2"
"中书省长官","1","1","2"
"书省长官虎","1","1","2"
"省长官虎符","1","1","2"
"立北庭都元","1","1","2"
"北庭都元帅","1","1","2"
"庭都元帅府","1","1","2"
"章政事合伯","1","1","2"
"行省右丞撒","1","1","2"
"省右丞撒里","1","1","2"
"右丞撒里蛮","1","1","2"
"立曲先塔林","1","1","2"
"曲先塔林都","1","1","2"
"先塔林都元","1","1","2"
"塔林都元帅","1","1","2"
"林都元帅府","1","1","2"
"江东廉访司","1","1","2"
"追封皇国舅","1","1","2"
"封皇国舅按","1","1","2"
"封皇姑囊家","1","1","2"
"皇姑囊家真","1","1","2"
"姑囊家真公","1","1","2"
"囊家真公主","1","1","2"
"驸马蛮子台","1","1","2"
"饬诸道盐运","1","1","2"
"诸道盐运司","1","1","2"
"旨留梦炎告","1","1","2"
"留梦炎告老","1","1","2"
"添入江西榷","1","1","2"
"入江西榷茶","1","1","2"
"王蛮子台所","1","1","2"
"蛮子台所部","1","1","2"
"子台所部弘","1","1","2"
"台所部弘吉","1","1","2"
"所部弘吉烈","1","1","2"
"部弘吉烈人","1","1","2"
"弘吉烈人贫","1","1","2"
"钞一十八万","1","1","2"
"一十八万锭","1","1","2"
"洞主查闾王","1","1","2"
"带梅混冬等","1","1","2"
"军民官吏所","1","1","2"
"怜真部马牛","1","1","2"
"真部马牛驿","1","1","2"
"钞万五千锭","2","0","2"
"真人张志仙","1","1","2"
"人张志仙等","1","1","2"
"张志仙等十","1","1","2"
"志仙等十三","1","1","2"
"仙等十三人","1","1","2"
"等十三人玉","1","1","2"
"十三人玉圭","1","1","2"
"世子陈日燇","2","0","2"
"子陈日燇遣","2","0","2"
"日燇遣使上","2","0","2"
"燇遣使上表","2","0","2"
"遣使上表慰","2","0","2"
"使上表慰国","2","0","2"
"上表慰国哀","2","0","2"
"二十四城贫","1","1","2"
"福建银场提","1","1","2"
"建银场提举","1","1","2"
"银场提举司","1","1","2"
"钞三百五十","1","1","2"
"三百五十锭","1","1","2"
"二千九百余","1","1","2"
"假兵部尚书","2","0","2"
"钞十二万锭","1","1","2"
"钞四万一千","1","1","2"
"四万一千五","1","1","2"
"一千五百余","1","1","2"
"贵赤万户忽","1","1","2"
"赤万户忽秃","1","1","2"
"真定路平山","1","1","2"
"前工部尚书","1","1","2"
"工部尚书涅","1","1","2"
"政廉访使宋","1","1","2"
"廉访使宋德","1","1","2"
"访使宋德柔","1","1","2"
"立梭厘招讨","1","1","2"
"梭厘招讨使","1","1","2"
"厘招讨使司","1","1","2"
"捕鹰房总管","1","1","2"
"鹰房总管府","1","1","2"
"河南行省亏","1","1","2"
"陕西行省增","1","1","2"
"山东都转运","1","1","2"
"东都转运使","1","1","2"
"行泉府司抽","1","1","2"
"遣爱牙赤核","1","1","2"
"爱牙赤核实","1","1","2"
"牙赤核实高","1","1","2"
"赤核实高丽","1","1","2"
"核实高丽国","1","1","2"
"上下三百余","1","1","2"
"下三百余里","1","1","2"
"月底迷失讨","1","1","2"
"学提举司一","1","1","2"
"元贞元年五","1","1","2"
"贞元年五月","1","1","2"
"历城县大清","1","1","2"
"城县大清河","1","1","2"
"太师中书令","1","1","2"
"江西行省所","1","1","2"
"西行省所辖","1","1","2"
"右两江宣慰","1","1","2"
"两江宣慰司","1","1","2"
"江宣慰司都","1","1","2"
"江道宣慰司","1","1","2"
"道宣慰司都","1","1","2"
"立蒙古军都","1","1","2"
"西陇北道廉","1","1","2"
"陇北道廉访","1","1","2"
"北道廉访司","1","1","2"
"驸马济宁王","1","1","2"
"马济宁王蛮","1","1","2"
"王蛮子台私","1","1","2"
"立西域卫亲","1","1","2"
"西域卫亲军","1","1","2"
"域卫亲军都","1","1","2"
"御匠五百余","1","1","2"
"匠五百余户","1","1","2"
"普颜怯里迷","1","1","2"
"颜怯里迷失","1","1","2"
"怯里迷失公","1","1","2"
"里迷失公主","1","1","2"
"迷失公主等","1","1","2"
"四十九万余","1","1","2"
"十九万余锭","1","1","2"
"仓库官吏盗","1","1","2"
"二百四十贯","1","1","2"
"行御史台守","1","1","2"
"御史台守护","1","1","2"
"史台守护军","1","1","2"
"海南屯田军","1","1","2"
"立肇州屯田","1","1","2"
"肇州屯田万","1","1","2"
"州屯田万户","1","1","2"
"行省左丞阿","1","1","2"
"省左丞阿散","1","1","2"
"钞二万四千","1","1","2"
"二万四千锭","1","1","2"
"刘国杰玉带","1","1","2"
"国杰玉带锦","1","1","2"
"杰玉带锦衣","1","1","2"
"宋太祖神主","1","1","2"
"卫屯田大水","2","0","2"
"探马赤军士","1","1","2"
"淘金户四千","1","1","2"
"宁夏路行中","1","1","2"
"夏路行中书","1","1","2"
"湖州司狱郭","1","1","2"
"访司佥事张","1","1","2"
"司佥事张孝","1","1","2"
"佥事张孝思","1","1","2"
"事张孝思多","1","1","2"
"张孝思多取","1","1","2"
"监察御史杨","1","1","2"
"察御史杨仁","1","1","2"
"河南巡逻私","1","1","2"
"南巡逻私盐","1","1","2"
"军国重事答","1","1","2"
"国重事答失","1","1","2"
"重事答失蛮","1","1","2"
"九千三百余","1","1","2"
"千三百余锭","1","1","2"
"四万八千五","1","1","2"
"八千五百余","1","1","2"
"二万九千余","1","1","2"
"万九千余锭","1","1","2"
"安南朝贡使","1","1","2"
"南朝贡使陈","1","1","2"
"朝贡使陈利","1","1","2"
"置江浙行省","1","1","2"
"江浙行省检","1","1","2"
"浙行省检校","1","1","2"
"行省检校官","1","1","2"
"省检校官二","1","1","2"
"立江浙金银","1","1","2"
"江浙金银洞","1","1","2"
"浙金银洞冶","1","1","2"
"金银洞冶转","1","1","2"
"银洞冶转运","1","1","2"
"洞冶转运使","1","1","2"
"冶转运使司","1","1","2"
"弟密剌八都","1","1","2"
"弟脱杭忽先","1","1","2"
"脱杭忽先等","1","1","2"
"阿鲁酋长虎","1","1","2"
"鲁酋长虎符","1","1","2"
"安西王甲胄","1","1","2"
"十五万八千","1","1","2"
"五万八千二","1","1","2"
"十二月庚子","2","0","2"
"遣集贤院使","1","1","2"
"集贤院使阿","1","1","2"
"贤院使阿里","1","1","2"
"院使阿里浑","1","1","2"
"使阿里浑撒","1","1","2"
"里浑撒里等","1","1","2"
"乞里乞思等","1","1","2"
"英宗睿圣文","1","1","2"
"宗睿圣文孝","1","1","2"
"监察御史段","1","1","2"
"察御史段辅","1","1","2"
"太子詹事郭","1","1","2"
"子詹事郭贯","1","1","2"
"詹事郭贯等","1","1","2"
"帝谓中书省","2","0","2"
"谓中书省臣","2","0","2"
"中书省臣曰","2","0","2"
"太子太师铁","1","1","2"
"子太师铁木","1","1","2"
"漷二州蒙古","2","0","2"
"中书省事乞","1","1","2"
"书省事乞失","1","1","2"
"省事乞失监","1","1","2"
"白云宗总摄","1","1","2"
"云宗总摄沈","1","1","2"
"宗总摄沈明","1","1","2"
"总摄沈明仁","1","1","2"
"上都乾元寺","1","1","2"
"都乾元寺规","1","1","2"
"乾元寺规运","1","1","2"
"元寺规运总","1","1","2"
"寺规运总管","1","1","2"
"规运总管府","1","1","2"
"御史大夫答","1","1","2"
"史大夫答失","1","1","2"
"大夫答失铁","1","1","2"
"夫答失铁木","1","1","2"
"定京城环卫","1","1","2"
"京城环卫更","1","1","2"
"城环卫更番","1","1","2"
"环卫更番法","1","1","2"
"夺前中书平","1","1","2"
"政事李孟所","1","1","2"
"事李孟所受","1","1","2"
"李孟所受秦","1","1","2"
"孟所受秦国","1","1","2"
"所受秦国公","1","1","2"
"受秦国公制","1","1","2"
"秦国公制命","1","1","2"
"真吃剌思等","1","1","2"
"太阴犯酒旗","2","0","2"
"犯酒旗上星","1","1","2"
"洪惟太祖皇","2","0","2"
"惟太祖皇帝","2","0","2"
"世祖皇帝神","1","1","2"
"祖皇帝神机","1","1","2"
"先帝付托重","2","0","2"
"群臣超授散","1","1","2"
"臣超授散官","1","1","2"
"超授散官者","1","1","2"
"宁夏路军民","1","1","2"
"夏路军民饥","1","1","2"
"作佛事宝慈","2","0","2"
"佛事宝慈殿","2","0","2"
"巩昌等路屯","1","1","2"
"选甘州戍卒","1","1","2"
"都留守司留","1","1","2"
"留守司留守","1","1","2"
"降太常礼仪","1","1","2"
"丞相先铁木","2","0","2"
"湖广行省丞","1","1","2"
"广行省丞相","1","1","2"
"行省丞相朵","1","1","2"
"辽阳行省丞","1","1","2"
"阳行省丞相","1","1","2"
"行省丞相高","1","1","2"
"省丞相高丽","1","1","2"
"回回国子监","1","1","2"
"绍庆路洞蛮","1","1","2"
"庆路洞蛮寇","1","1","2"
"政事王毅等","1","1","2"
"仓库粮帛亏","1","1","2"
"作佛事七日","2","0","2"
"调兵千人防","1","1","2"
"济南等处蒙","1","1","2"
"南等处蒙古","1","1","2"
"等处蒙古军","1","1","2"
"处蒙古军饥","1","1","2"
"净州等处流","1","1","2"
"州等处流民","1","1","2"
"贺伯颜坐便","1","1","2"
"伯颜坐便服","1","1","2"
"颜坐便服迎","1","1","2"
"坐便服迎诏","1","1","2"
"沅陵县浦口","1","1","2"
"陵县浦口千","1","1","2"
"县浦口千户","1","1","2"
"浦口千户所","1","1","2"
"书省臣请禁","2","0","2"
"海牙中书平","2","0","2"
"牙中书平章","2","0","2"
"参知政事钦","1","1","2"
"知政事钦察","1","1","2"
"死者三千余","2","0","2"
"沈阳军民饥","1","1","2"
"大行皇帝谥","2","0","2"
"行皇帝谥南","2","0","2"
"皇帝谥南郊","2","0","2"
"章政事阿散","1","1","2"
"章政事黑驴","1","1","2"
"史大夫脱忒","1","1","2"
"大夫脱忒哈","1","1","2"
"徽政使失列","1","1","2"
"政使失列门","1","1","2"
"使失列门等","1","1","2"
"院事铁木脱","2","0","2"
"章政事买驴","1","1","2"
"徽政院使米","1","1","2"
"政院使米薛","1","1","2"
"院使米薛迷","1","1","2"
"前太子詹事","1","1","2"
"太子詹事床","1","1","2"
"子詹事床兀","1","1","2"
"昌王阿失部","1","1","2"
"王阿失部饥","1","1","2"
"脱忒哈广平","1","1","2"
"忒哈广平王","1","1","2"
"省左丞相脱","1","1","2"
"左丞相脱脱","1","1","2"
"鲁火赤铁木","1","1","2"
"七百五十贯","1","1","2"
"诸王阿木里","1","1","2"
"王阿木里台","1","1","2"
"阿木里台宴","1","1","2"
"木里台宴服","1","1","2"
"诸王伯要台","1","1","2"
"王伯要台等","1","1","2"
"伯要台等十","1","1","2"
"要台等十人","1","1","2"
"人钞二万五","2","0","2"
"二百一十二","1","1","2"
"百一十二万","1","1","2"
"一十二万贯","1","1","2"
"红城中都威","1","1","2"
"城中都威卫","1","1","2"
"命玄教宗师","1","1","2"
"玄教宗师张","1","1","2"
"普定路屯田","1","1","2"
"诸王买奴等","1","1","2"
"二十五万贯","1","1","2"
"诸王告住等","1","1","2"
"王告住等部","1","1","2"
"告住等部火","1","1","2"
"女直万户府","1","1","2"
"狗站脱脱禾","1","1","2"
"散辽阳红花","1","1","2"
"辽阳红花万","1","1","2"
"阳红花万户","1","1","2"
"红花万户府","1","1","2"
"花万户府兵","1","1","2"
"安南内附人","1","1","2"
"行省平章钦","1","1","2"
"省平章钦察","1","1","2"
"平章钦察台","1","1","2"
"钞十五万贯","1","1","2"
"钞三十万贯","1","1","2"
"三十万贯赈","1","1","2"
"塔海万户部","1","1","2"
"斡鲁思辰告","1","1","2"
"女巫伯牙台","1","1","2"
"赐公主紥牙","2","0","2"
"公主紥牙八","2","0","2"
"主紥牙八剌","2","0","2"
"金银铁冶归","1","1","2"
"曲靖路人匠","1","1","2"
"靖路人匠提","1","1","2"
"路人匠提举","1","1","2"
"翙星司天监","2","0","2"
"兴圣宫牧驼","1","1","2"
"圣宫牧驼户","1","1","2"
"宫牧驼户贫","1","1","2"
"牧驼户贫乏","1","1","2"
"仁宗圣文钦","1","1","2"
"宗圣文钦孝","1","1","2"
"圣文钦孝皇","1","1","2"
"文钦孝皇帝","1","1","2"
"脱思马部宣","1","1","2"
"思马部宣慰","1","1","2"
"发米十万石","2","0","2"
"十万石赈粜","2","0","2"
"赈粜京师贫","2","0","2"
"粜京师贫民","2","0","2"
"广东新州饥","1","1","2"
"五台山樵采","1","1","2"
"议玉华宫岁","1","1","2"
"玉华宫岁享","1","1","2"
"华宫岁享睿","1","1","2"
"宫岁享睿宗","1","1","2"
"岁享睿宗登","1","1","2"
"享睿宗登歌","1","1","2"
"睿宗登歌大","1","1","2"
"宗登歌大乐","1","1","2"
"常澧州洞蛮","1","1","2"
"澧州洞蛮贞","1","1","2"
"州洞蛮贞公","1","1","2"
"云南木邦路","1","1","2"
"南木邦路土","1","1","2"
"邦路土官绐","1","1","2"
"路土官绐邦","1","1","2"
"诸王所部岁","1","1","2"
"佛事文德殿","2","0","2"
"酉阳耸侬洞","1","1","2"
"阳耸侬洞蛮","1","1","2"
"耸侬洞蛮田","1","1","2"
"侬洞蛮田谋","1","1","2"
"洞蛮田谋远","1","1","2"
"劳探马赤宿","1","1","2"
"探马赤宿卫","1","1","2"
"酉阳土官冉","1","1","2"
"阳土官冉世","1","1","2"
"土官冉世昌","1","1","2"
"小石堤洞蛮","1","1","2"
"石堤洞蛮入","1","1","2"
"定恭谢太庙","1","1","2"
"恭谢太庙仪","1","1","2"
"谢太庙仪式","1","1","2"
"银七十八万","1","1","2"
"七十八万两","1","1","2"
"百二十一万","1","1","2"
"二十一万一","1","1","2"
"十一万一千","1","1","2"
"一万一千贯","1","1","2"
"币五万七千","1","1","2"
"五万七千三","1","1","2"
"七千三百六","1","1","2"
"三百六十四","1","1","2"
"百六十四匹","1","1","2"
"帛四万九千","1","1","2"
"四万九千三","1","1","2"
"三百二十二","1","1","2"
"百二十二匹","1","1","2"
"木绵九万二","1","1","2"
"绵九万二千","1","1","2"
"百七十二匹","1","1","2"
"三千三百九","1","1","2"
"千三百九十","1","1","2"
"百九十八匹","1","1","2"
"八百五十九","1","1","2"
"永平路滦邑","1","1","2"
"平路滦邑县","1","1","2"
"括顺阳王兀","1","1","2"
"顺阳王兀都","1","1","2"
"阳王兀都思","1","1","2"
"敕翰林国史","2","0","2"
"林国史院纂","1","1","2"
"师八思巴殿","1","1","2"
"右丞高昉等","2","0","2"
"天下租赋二","1","1","2"
"命官家属流","1","1","2"
"官家属流落","1","1","2"
"家属流落边","1","1","2"
"属流落边远","1","1","2"
"太皇太后尊","1","1","2"
"泰宁福庆徽","1","1","2"
"宁福庆徽文","1","1","2"
"福庆徽文崇","1","1","2"
"翰林学士忽","1","1","2"
"林学士忽都","1","1","2"
"宋儒真德秀","1","1","2"
"皇太后加号","2","0","2"
"太后加号礼","2","0","2"
"后加号礼成","2","0","2"
"延春阁后殿","1","1","2"
"西僧辇真哈","1","1","2"
"僧辇真哈剌","1","1","2"
"辇真哈剌思","1","1","2"
"翙星回回司","2","0","2"
"典瑞院使阔","1","1","2"
"瑞院使阔彻","1","1","2"
"院使阔彻伯","1","1","2"
"使阔彻伯知","1","1","2"
"佛事延春阁","2","0","2"
"明年二月八","1","1","2"
"年二月八日","1","1","2"
"二月八日迎","1","1","2"
"月八日迎佛","1","1","2"
"奉元路军需","1","1","2"
"元路军需库","1","1","2"
"万二千三百","1","1","2"
"二千三百人","1","1","2"
"千三百人耗","1","1","2"
"三千二百人","1","1","2"
"法驾二千五","1","1","2"
"驾二千五百","1","1","2"
"政事伯颜察","1","1","2"
"政事白撒都","1","1","2"
"七千六百三","1","1","2"
"州成纪县暴","1","1","2"
"成纪县暴雨","1","1","2"
"卫屯田陨霜","2","0","2"
"治元年春正","1","1","2"
"州都漕运司","1","1","2"
"都漕运司同","1","1","2"
"漕运司同知","1","1","2"
"阔彻伯终献","1","1","2"
"中书省事张","1","1","2"
"书省事张养","1","1","2"
"省事张养浩","1","1","2"
"事张养浩上","1","1","2"
"张养浩上书","1","1","2"
"诸王斡罗思","1","1","2"
"王斡罗思部","1","1","2"
"斡罗思部饥","1","1","2"
"蕲州蕲水县","1","1","2"
"州蕲水县饥","1","1","2"
"延福提举司","1","1","2"
"广福提举司","1","1","2"
"发粟十万石","2","0","2"
"仁宗神御殿","1","1","2"
"军三千五百","2","0","2"
"上都华严寺","1","1","2"
"造寿安山佛","1","1","2"
"寿安山佛寺","1","1","2"
"请授副使吴","1","1","2"
"授副使吴元","1","1","2"
"木怜道三十","1","1","2"
"怜道三十一","1","1","2"
"师八思巴寺","1","1","2"
"受缅国使者","1","1","2"
"缅国使者朝","1","1","2"
"国使者朝贡","1","1","2"
"召诸王太平","1","1","2"
"小直沽白河","1","1","2"
"廷试进士泰","1","1","2"
"试进士泰普","1","1","2"
"进士泰普化","1","1","2"
"宋本等六十","1","1","2"
"本等六十四","1","1","2"
"等六十四人","1","1","2"
"西番撒思加","1","1","2"
"番撒思加地","1","1","2"
"银二千二百","1","1","2"
"二千二百两","1","1","2"
"大同路麒麟","1","1","2"
"置云南王府","1","1","2"
"喃答失王府","1","1","2"
"答失王府银","1","1","2"
"失王府银印","1","1","2"
"米四万八千","1","1","2"
"米九千石减","1","1","2"
"命宦者孛罗","1","1","2"
"宦者孛罗台","1","1","2"
"毁上都回回","1","1","2"
"迁亲王图帖","1","1","2"
"亲王图帖穆","1","1","2"
"阴阳五科者","1","1","2"
"诸王哈宾铁","1","1","2"
"王哈宾铁木","1","1","2"
"道士李天祥","1","1","2"
"缙山流杯池","1","1","2"
"常礼仪院进","1","1","2"
"参知政事敬","1","1","2"
"知政事敬俨","1","1","2"
"太阴犯虚梁","2","0","2"
"龙虎山张嗣","1","1","2"
"虎山张嗣成","1","1","2"
"三千三百户","1","1","2"
"卫辉路胙城","1","1","2"
"辉路胙城县","1","1","2"
"路胙城县蝗","1","1","2"
"淮安路属县","1","1","2"
"安路属县水","1","1","2"
"通州潞县榆","1","1","2"
"州潞县榆棣","1","1","2"
"遣枢密院判","1","1","2"
"密院判官章","1","1","2"
"院判官章台","1","1","2"
"盱眙等县蝗","1","1","2"
"淮西蒙城等","1","1","2"
"西蒙城等县","1","1","2"
"蒙城等县饥","1","1","2"
"江都等县蝗","1","1","2"
"憨哈纳思等","1","1","2"
"哈纳思等部","1","1","2"
"纳思等部贫","1","1","2"
"思等部贫乏","1","1","2"
"铁木脱上都","2","0","2"
"木脱上都留","2","0","2"
"脱上都留守","2","0","2"
"淮安路盐城","1","1","2"
"雷州路海康","1","1","2"
"十万石减价","1","1","2"
"塔失海牙坐","1","1","2"
"失海牙坐受","1","1","2"
"惑犯太微垣","2","0","2"
"安陆府汉水","1","1","2"
"官年七十者","2","0","2"
"置赵王马札","1","1","2"
"马札罕部钱","1","1","2"
"札罕部钱粮","1","1","2"
"罕部钱粮总","1","1","2"
"部钱粮总管","1","1","2"
"钱粮总管府","1","1","2"
"侍仪司通事","1","1","2"
"仪司通事舍","1","1","2"
"司通事舍人","1","1","2"
"通事舍人六","1","1","2"
"侍仪舍人四","1","1","2"
"继天体道敬","1","1","2"
"天体道敬文","1","1","2"
"体道敬文仁","1","1","2"
"道敬文仁武","1","1","2"
"敬文仁武大","1","1","2"
"文仁武大昭","1","1","2"
"仁武大昭孝","1","1","2"
"武大昭孝皇","1","1","2"
"大昭孝皇帝","1","1","2"
"田提举司征","1","1","2"
"封唆南藏卜","1","1","2"
"顺德等路水","1","1","2"
"置田粮提举","1","1","2"
"田粮提举司","1","1","2"
"帝师公哥罗","1","1","2"
"师公哥罗古","1","1","2"
"公哥罗古罗","1","1","2"
"哥罗古罗思","1","1","2"
"罗古罗思监","1","1","2"
"古罗思监藏","1","1","2"
"罗思监藏班","1","1","2"
"思监藏班藏","1","1","2"
"监藏班藏卜","1","1","2"
"三百五十两","1","1","2"
"诸王怯伯使","1","1","2"
"王怯伯使者","1","1","2"
"统太祖四大","2","0","2"
"大斡耳朵军","2","0","2"
"斡耳朵军马","2","0","2"
"王府内史倒","1","1","2"
"府内史倒剌","1","1","2"
"治三年三月","1","1","2"
"宣徽使探忒","1","1","2"
"枢密院事淇","1","1","2"
"密院事淇阳","1","1","2"
"院事淇阳王","1","1","2"
"袭封安西王","1","1","2"
"史倒剌沙中","2","0","2"
"剌沙中书平","2","0","2"
"迷失知枢密","1","1","2"
"章台同知枢","1","1","2"
"沙知枢密院","1","1","2"
"召诸王官属","1","1","2"
"诸王官属流","1","1","2"
"王官属流徙","1","1","2"
"官属流徙远","1","1","2"
"属流徙远地","1","1","2"
"籍者二十四","1","1","2"
"者二十四人","1","1","2"
"蒙古大千户","1","1","2"
"古大千户部","1","1","2"
"漳州二路水","1","1","2"
"佛事大明殿","2","0","2"
"都护高昌王","1","1","2"
"护高昌王铁","1","1","2"
"诏百司遵守","1","1","2"
"百司遵守世","1","1","2"
"司遵守世祖","1","1","2"
"遵守世祖成","1","1","2"
"西平王二部","1","1","2"
"平王二部卫","1","1","2"
"王二部卫士","1","1","2"
"二部卫士饥","1","1","2"
"十一月己丑","2","0","2"
"坐党铁失免","2","0","2"
"党铁失免官","2","0","2"
"遁甲五福神","1","1","2"
"诸王怯遣使","2","0","2"
"御史中丞速","1","1","2"
"史中丞速速","1","1","2"
"广州路新会","1","1","2"
"州路新会县","1","1","2"
"广东副元帅","1","1","2"
"东副元帅乌","1","1","2"
"副元帅乌马","1","1","2"
"开南州大阿","1","1","2"
"南州大阿哀","1","1","2"
"寇哀卜白盐","1","1","2"
"哀卜白盐井","1","1","2"
"袁州路宜春","1","1","2"
"州路宜春县","1","1","2"
"镇江路丹徒","1","1","2"
"江路丹徒县","1","1","2"
"路丹徒县饥","1","1","2"
"米四万九千","1","1","2"
"四万九千石","1","1","2"
"沅州黔阳县","1","1","2"
"州黔阳县饥","1","1","2"
"十二月己未","2","0","2"
"史台经历朵","1","1","2"
"宦者刚答里","1","1","2"
"金七百余锭","1","1","2"
"银三万三千","1","1","2"
"三万三千锭","1","1","2"
"遣使祀海神","2","0","2"
"慈圣皇后金","1","1","2"
"德庆路泷水","1","1","2"
"庆路泷水县","1","1","2"
"命道士吴全","1","1","2"
"道士吴全节","1","1","2"
"士吴全节修","1","1","2"
"吴全节修醮","2","0","2"
"全节修醮事","2","0","2"
"监察御史脱","1","1","2"
"察御史脱脱","1","1","2"
"使先帝孤立","1","1","2"
"守边诸王彻","1","1","2"
"边诸王彻彻","1","1","2"
"驸马哈伯等","1","1","2"
"马哈伯等岁","1","1","2"
"哈伯等岁赐","1","1","2"
"伯等岁赐金","1","1","2"
"安路总管岑","1","1","2"
"路总管岑世","1","1","2"
"总管岑世兴","1","1","2"
"岑世兴遣弟","2","0","2"
"王买奴逃赴","1","1","2"
"买奴逃赴潜","1","1","2"
"奴逃赴潜邸","1","1","2"
"枢密院事马","1","1","2"
"宣政院使锁","1","1","2"
"政院使锁秃","1","1","2"
"加授光禄大","1","1","2"
"八番等处戍","1","1","2"
"云南花脚蛮","1","1","2"
"辽阳答阳失","1","1","2"
"阳答阳失蛮","1","1","2"
"济宁五路属","1","1","2"
"宁五路属县","1","1","2"
"忠翊侍卫屯","1","1","2"
"翊侍卫屯田","1","1","2"
"侍卫屯田所","1","1","2"
"卫屯田所营","1","1","2"
"屯田所营田","1","1","2"
"象食屯田所","1","1","2"
"土番岷州春","1","1","2"
"定元年春正","1","1","2"
"请立皇太子","1","1","2"
"宗仁卫亲军","1","1","2"
"仁卫亲军都","1","1","2"
"称海屯田万","1","1","2"
"海屯田万户","1","1","2"
"近侍忽都帖","1","1","2"
"侍忽都帖木","1","1","2"
"使西域诸王","1","1","2"
"八番生蛮韦","1","1","2"
"番生蛮韦光","1","1","2"
"生蛮韦光正","1","1","2"
"布二千五百","1","1","2"
"诸王远徙者","1","1","2"
"赐故监察御","2","0","2"
"咬哈迷失妻","2","0","2"
"封解州盐池","1","1","2"
"星吉思吃剌","1","1","2"
"飒间卜里喃","1","1","2"
"间卜里喃家","1","1","2"
"经僧四十人","1","1","2"
"监察御史傅","1","1","2"
"察御史傅岩","1","1","2"
"行省左丞赵","1","1","2"
"省左丞赵简","1","1","2"
"诸王大臣子","1","1","2"
"王大臣子孙","1","1","2"
"学士承旨忽","1","1","2"
"士承旨忽都","1","1","2"
"承旨忽都鲁","1","1","2"
"旨忽都鲁都","1","1","2"
"贤直学士邓","1","1","2"
"直学士邓文","1","1","2"
"学士邓文原","1","1","2"
"御史李嘉宾","1","1","2"
"史李嘉宾劾","1","1","2"
"逆党左阿速","1","1","2"
"指挥使脱帖","1","1","2"
"挥使脱帖木","1","1","2"
"宣徽使秃满","1","1","2"
"徽使秃满迭","1","1","2"
"太尉丑驴答","1","1","2"
"尉丑驴答剌","1","1","2"
"丑驴答剌罕","1","1","2"
"蒙古流民粮","1","1","2"
"王彻彻秃永","1","1","2"
"彻彻秃永福","1","1","2"
"彻秃永福县","1","1","2"
"张益等八十","1","1","2"
"益等八十四","1","1","2"
"等八十四人","1","1","2"
"章政事马台","2","0","2"
"间卜嗣封晋","1","1","2"
"卜嗣封晋王","1","1","2"
"泰宁王买奴","1","1","2"
"钞四万七千","1","1","2"
"四万七千锭","1","1","2"
"寡妇古哈强","1","1","2"
"元圣皇后御","1","1","2"
"圣皇后御容","1","1","2"
"皇后御容殿","1","1","2"
"命昌王八剌","1","1","2"
"右丞善僧等","1","1","2"
"八剌失里牛","1","1","2"
"剌失里牛马","1","1","2"
"遣诸王捏古","1","1","2"
"诸王捏古伯","1","1","2"
"王捏古伯等","1","1","2"
"太子詹事秃","1","1","2"
"子詹事秃满","1","1","2"
"詹事秃满迭","1","1","2"
"秃满迭中书","2","0","2"
"手诏戒饬百","1","1","2"
"诏戒饬百官","1","1","2"
"江陵路属县","1","1","2"
"陵路属县饥","1","1","2"
"监察御史董","1","1","2"
"察御史董鹏","1","1","2"
"御史董鹏南","1","1","2"
"宣徽院使帖","1","1","2"
"徽院使帖木","1","1","2"
"詹事秃满答","1","1","2"
"里矫制乱法","1","1","2"
"丞相旭迈杰","1","1","2"
"宣徽使詹事","1","1","2"
"徽使詹事丞","1","1","2"
"使詹事丞回","1","1","2"
"詹事丞回回","1","1","2"
"大都诸路属","1","1","2"
"都诸路属县","1","1","2"
"诸路属县水","1","1","2"
"遣诸王阔阔","1","1","2"
"蒙化州高兰","1","1","2"
"化州高兰神","1","1","2"
"州高兰神场","1","1","2"
"高兰神场寨","1","1","2"
"兰神场寨主","1","1","2"
"神场寨主照","1","1","2"
"场寨主照明","1","1","2"
"寨主照明罗","1","1","2"
"主照明罗九","1","1","2"
"照明罗九等","1","1","2"
"招谕参卜郎","1","1","2"
"取女子三十","1","1","2"
"女子三十人","1","1","2"
"广西左右两","1","1","2"
"西左右两江","1","1","2"
"左右两江黄","1","1","2"
"右两江黄胜","1","1","2"
"两江黄胜许","1","1","2"
"镇雷坐静佛","1","1","2"
"置海剌秃屯","1","1","2"
"海剌秃屯田","1","1","2"
"剌秃屯田总","1","1","2"
"秃屯田总管","1","1","2"
"蛮答哥佛事","1","1","2"
"买杂役三年","1","1","2"
"户差税一年","1","1","2"
"云南大理路","1","1","2"
"河渠营田等","1","1","2"
"渠营田等处","1","1","2"
"大司农屯田","1","1","2"
"汴梁等路雨","1","1","2"
"东平等二十","1","1","2"
"平等二十一","1","1","2"
"龙兴等处饥","2","0","2"
"渠州江水皆","1","1","2"
"思州平茶杨","1","1","2"
"州平茶杨大","1","1","2"
"平茶杨大车","1","1","2"
"酉阳州冉世","1","1","2"
"阳州冉世昌","1","1","2"
"诸王薛彻秃","1","1","2"
"王薛彻秃袭","1","1","2"
"二十九万锭","1","1","2"
"撒忒迷失率","1","1","2"
"佐太师按塔","1","1","2"
"福建等处采","1","1","2"
"翙星上都司","2","0","2"
"星上都司天","2","0","2"
"奉元路朝邑","1","1","2"
"元路朝邑县","1","1","2"
"大名路开州","1","1","2"
"名路开州濮","1","1","2"
"路开州濮阳","1","1","2"
"开州濮阳县","1","1","2"
"大都路固安","1","1","2"
"都路固安州","1","1","2"
"路固安州清","1","1","2"
"固安州清河","1","1","2"
"顺德路任县","1","1","2"
"德路任县沙","1","1","2"
"庐州等十一","1","1","2"
"河渠营田租","1","1","2"
"潘父绢等率","1","1","2"
"父绢等率众","1","1","2"
"诸王八里台","1","1","2"
"士承旨斡赤","1","1","2"
"睿宗御容普","2","0","2"
"宗御容普庆","2","0","2"
"御容普庆寺","2","0","2"
"中宫金脊殿","1","1","2"
"浚玉泉山河","1","1","2"
"属县雨水伤","1","1","2"
"潭州等十二","1","1","2"
"州等十二郡","2","0","2"
"诸王哈伯等","1","1","2"
"王哈伯等部","1","1","2"
"哈伯等部饥","1","1","2"
"结鲁思伴卜","1","1","2"
"鲁思伴卜总","1","1","2"
"思伴卜总统","1","1","2"
"伴卜总统所","1","1","2"
"置临洮总管","1","1","2"
"临洮总管府","1","1","2"
"葺太祖神御","1","1","2"
"太祖神御殿","1","1","2"
"元圣皇后忌","1","1","2"
"圣皇后忌日","1","1","2"
"皇后忌日修","1","1","2"
"后忌日修佛","1","1","2"
"忌日修佛事","1","1","2"
"恤武卫军一","1","1","2"
"武卫军一年","1","1","2"
"奉元路长安","1","1","2"
"元路长安县","1","1","2"
"延安路洛水","1","1","2"
"濮州馆陶县","1","1","2"
"绍兴二路饥","1","1","2"
"州成纪县赵","1","1","2"
"成纪县赵氏","1","1","2"
"纪县赵氏妇","1","1","2"
"监察御史王","1","1","2"
"察御史王士","1","1","2"
"御史王士元","1","1","2"
"立寿福总管","1","1","2"
"累朝神御殿","1","1","2"
"源延圣寺总","1","1","2"
"延圣寺总管","1","1","2"
"圣寺总管府","1","1","2"
"缅国王子吾","1","1","2"
"国王子吾者","1","1","2"
"发义仓粟赈","2","0","2"
"路江夏县饥","1","1","2"
"南廉访使买","1","1","2"
"廉访使买奴","1","1","2"
"道士修醮事","1","1","2"
"术温台知枢","1","1","2"
"温台知枢密","1","1","2"
"歇山鹿顶楼","1","1","2"
"答失蛮差役","1","1","2"
"百七十五团","1","1","2"
"赣州等路饥","1","1","2"
"上思州知州","1","1","2"
"行省督兵捕","2","0","2"
"盐官州海水","1","1","2"
"国史院修纂","1","1","2"
"行朝贺等礼","1","1","2"
"路容米洞蛮","1","1","2"
"延安路雹灾","1","1","2"
"温州路乐清","1","1","2"
"州路乐清县","1","1","2"
"路乐清县盐","1","1","2"
"乐清县盐场","1","1","2"
"清县盐场水","1","1","2"
"六万四千三","1","1","2"
"乞剌失思八","1","1","2"
"剌失思八班","1","1","2"
"失思八班藏","1","1","2"
"思八班藏卜","1","1","2"
"土蕃等路宣","1","1","2"
"蕃等路宣慰","1","1","2"
"朵思麻等管","1","1","2"
"思麻等管军","1","1","2"
"镇抚参卜郎","1","1","2"
"人民共享安","1","1","2"
"民共享安乐","1","1","2"
"松江都水庸","1","1","2"
"江都水庸田","1","1","2"
"南廉访使帖","1","1","2"
"廉访使帖木","1","1","2"
"访使帖木哥","1","1","2"
"请削降铁失","1","1","2"
"诸王忽塔梯","1","1","2"
"王忽塔梯迷","1","1","2"
"忽塔梯迷失","1","1","2"
"塔梯迷失等","1","1","2"
"瑞州四路饥","1","1","2"
"巩昌总帅府","1","1","2"
"昌总帅府调","1","1","2"
"粮万五千石","2","0","2"
"六百五十户","1","1","2"
"棣州等处水","1","1","2"
"衡州衡阳县","1","1","2"
"瑞州蒙山银","1","1","2"
"州蒙山银场","1","1","2"
"天下名山宫","1","1","2"
"下名山宫观","1","1","2"
"土官三百六","1","1","2"
"官三百六十","1","1","2"
"三百六十人","1","1","2"
"百六十人请","1","1","2"
"湖广行省请","2","0","2"
"娘等四十六","1","1","2"
"等四十六人","1","1","2"
"四十六人入","1","1","2"
"三十九代天","1","1","2"
"十九代天师","1","1","2"
"九代天师张","1","1","2"
"代天师张嗣","1","1","2"
"天师张嗣成","1","1","2"
"班部军粮三","1","1","2"
"昔剌僧迦里","1","1","2"
"封阿里迷失","1","1","2"
"中书右丞善","1","1","2"
"书右丞善僧","1","1","2"
"参知政事泼","1","1","2"
"知政事泼皮","1","1","2"
"五福太一神","1","1","2"
"庆元路象山","1","1","2"
"甘州蒙古驿","1","1","2"
"州蒙古驿户","1","1","2"
"蒙古驿户饥","1","1","2"
"曹州济阴县","1","1","2"
"八千五百人","1","1","2"
"赐诸王帖木","2","0","2"
"木花等钞差","2","0","2"
"咸平府清河","1","1","2"
"言城西尧冢","1","1","2"
"城西尧冢上","1","1","2"
"皇姊大长公","1","1","2"
"姊大长公主","1","1","2"
"父火里兀察","1","1","2"
"奉元路白水","1","1","2"
"元路白水县","1","1","2"
"巩昌路伏羌","1","1","2"
"昌路伏羌县","1","1","2"
"车里陶剌孟","1","1","2"
"大阿哀蛮兵","1","1","2"
"陷朵剌等十","1","1","2"
"朵剌等十四","1","1","2"
"剌等十四寨","1","1","2"
"陷倒八汉寨","1","1","2"
"周王世〈王","2","0","2"
"王世〈王束","2","0","2"
"融州否泉洞","1","1","2"
"广西元帅府","1","1","2"
"潜邸怯怜口","1","1","2"
"都水庸田司","1","1","2"
"水庸田司兴","1","1","2"
"置谏议书院","1","1","2"
"汴梁路十五","1","1","2"
"梁路十五县","1","1","2"
"平江等十二","1","1","2"
"等十二郡饥","2","0","2"
"米三十二万","1","1","2"
"三十二万五","1","1","2"
"都监姚泰亨","1","1","2"
"改封嘉王晃","1","1","2"
"封嘉王晃火","1","1","2"
"参知政事左","1","1","2"
"知政事左塔","1","1","2"
"先帖木知枢","2","0","2"
"庆远安抚司","1","1","2"
"远安抚司蛮","1","1","2"
"柳州马平县","1","1","2"
"湖广行省督","1","1","2"
"立都水庸田","1","1","2"
"云南行省督","1","1","2"
"通州三河县","1","1","2"
"潼川府绵江","1","1","2"
"冀宁路汾河","1","1","2"
"秦州秦安山","1","1","2"
"济民等署雨","1","1","2"
"归州等十二","1","1","2"
"西武靖王部","1","1","2"
"水达达路饥","1","1","2"
"诸王燕大等","1","1","2"
"镇康路土官","1","1","2"
"谋粘路土官","1","1","2"
"粘路土官赛","1","1","2"
"路土官赛丘","1","1","2"
"土官赛丘罗","1","1","2"
"邦路土官八","1","1","2"
"路土官八庙","1","1","2"
"皇太子观览","1","1","2"
"诏播州宣抚","1","1","2"
"播州宣抚使","1","1","2"
"州宣抚使杨","1","1","2"
"置车里军民","1","1","2"
"车里军民总","1","1","2"
"里军民总管","1","1","2"
"请廉访司官","1","1","2"
"兵部尚书李","1","1","2"
"部尚书李大","1","1","2"
"尚书李大成","1","1","2"
"中书舍人买","1","1","2"
"书舍人买驴","1","1","2"
"斡耳朵罕监","1","1","2"
"江西行省督","1","1","2"
"普颜实立等","1","1","2"
"思州洞蛮杨","1","1","2"
"州洞蛮杨银","1","1","2"
"洞蛮杨银千","1","1","2"
"蛮杨银千等","1","1","2"
"立河南行都","1","1","2"
"河南行都水","1","1","2"
"南行都水监","1","1","2"
"太保秃忽鲁","1","1","2"
"命广西守将","1","1","2"
"祀岳渎名山","2","0","2"
"阿塔赤所掌","1","1","2"
"巩昌府静宁","1","1","2"
"昌府静宁县","1","1","2"
"延安路安塞","1","1","2"
"安路安塞县","1","1","2"
"卫辉路汲县","1","1","2"
"米一万三千","1","1","2"
"十五万石贮","1","1","2"
"海运江南粮","1","1","2"
"百七十万石","1","1","2"
"汉人监贰官","1","1","2"
"部员外郎元","1","1","2"
"员外郎元永","1","1","2"
"外郎元永贞","1","1","2"
"汉中道文州","1","1","2"
"成都路酿酒","1","1","2"
"恩平王塔思","1","1","2"
"填星退犯井","2","0","2"
"播州凯黎苗","1","1","2"
"宁远知州添","1","1","2"
"远知州添插","1","1","2"
"安南国土官","1","1","2"
"南国土官押","1","1","2"
"曹州属县水","1","1","2"
"皇后上都营","1","1","2"
"幸大承华普","1","1","2"
"大承华普庆","1","1","2"
"承华普庆寺","1","1","2"
"祀昭献元圣","1","1","2"
"班光金等合","1","1","2"
"光金等合兵","1","1","2"
"金等合兵攻","1","1","2"
"星退犯井宿","1","1","2"
"退犯井宿钺","1","1","2"
"广西道宣慰","1","1","2"
"左丞乞住捕","1","1","2"
"蒙山银冶提","1","1","2"
"山银冶提举","1","1","2"
"银冶提举司","1","1","2"
"命斡耳朵罕","1","1","2"
"斡耳朵罕等","1","1","2"
"流民就食通","1","1","2"
"镇南王脱花","2","0","2"
"南王脱花薨","2","0","2"
"遣中书平章","1","1","2"
"加纽泽知枢","1","1","2"
"纽泽知枢密","1","1","2"
"泽知枢密院","1","1","2"
"瑞州路酒禁","1","1","2"
"斡耳朵罕征","1","1","2"
"元江路土官","1","1","2"
"江路土官普","1","1","2"
"路土官普山","1","1","2"
"救荒活民书","1","1","2"
"中政使普颜","1","1","2"
"政使普颜笃","1","1","2"
"指挥使卜颜","1","1","2"
"挥使卜颜忽","1","1","2"
"使卜颜忽里","1","1","2"
"明宗翼献景","1","1","2"
"宗翼献景孝","1","1","2"
"成宗大德三","1","1","2"
"宗大德三年","1","1","2"
"武宗入继大","2","0","2"
"立仁宗皇太","2","0","2"
"时丞相铁木","1","1","2"
"欲固位取宠","2","0","2"
"议立英宗皇","2","0","2"
"立英宗皇太","2","0","2"
"武宗旧臣厘","1","1","2"
"宗旧臣厘日","1","1","2"
"陕西行省丞","1","1","2"
"西行省丞相","1","1","2"
"史大夫脱里","1","1","2"
"大夫脱里伯","1","1","2"
"脱欢袭杀阿","1","1","2"
"欢袭杀阿思","1","1","2"
"袭杀阿思罕","1","1","2"
"西北诸王察","1","1","2"
"北诸王察阿","1","1","2"
"王察阿台等","1","1","2"
"斡罗斡察山","1","1","2"
"大夫铁失等","1","1","2"
"泰定皇帝崩","2","0","2"
"定皇帝崩上","2","0","2"
"皇帝崩上都","2","0","2"
"倒剌沙专权","1","1","2"
"平章乌伯都","1","1","2"
"章乌伯都剌","1","1","2"
"中书左丞朵","1","1","2"
"书左丞朵朵","1","1","2"
"知政事王士","1","1","2"
"政事王士熙","1","1","2"
"事王士熙等","1","1","2"
"倒剌沙上都","2","0","2"
"立泰定皇帝","1","1","2"
"右丞相答失","1","1","2"
"丞相答失铁","1","1","2"
"相答失铁木","1","1","2"
"奉皇帝宝降","2","0","2"
"沿边元帅朵","1","1","2"
"边元帅朵烈","1","1","2"
"元帅朵烈捏","1","1","2"
"万户买驴等","1","1","2"
"平章政事泼","1","1","2"
"章政事泼皮","1","1","2"
"政事泼皮奉","1","1","2"
"事泼皮奉迎","1","1","2"
"枢密院事帖","1","1","2"
"密院事帖木","1","1","2"
"旧臣争先迎","1","1","2"
"天历二年正","1","1","2"
"历二年正月","1","1","2"
"学士承旨答","2","0","2"
"士承旨答失","2","0","2"
"承旨答失里","2","0","2"
"追尊皇妣乞","2","0","2"
"尊皇妣乞烈","2","0","2"
"皇妣乞烈氏","2","0","2"
"妣乞烈氏曰","2","0","2"
"乞烈氏曰仁","2","0","2"
"烈氏曰仁献","2","0","2"
"氏曰仁献章","2","0","2"
"立奎章阁学","1","1","2"
"洁坚察罕地","1","1","2"
"遣右丞相燕","1","1","2"
"宗藩诸王必","1","1","2"
"卿等朕意谕","2","0","2"
"章政事伯帖","1","1","2"
"政事伯帖木","1","1","2"
"集律令章程","1","1","2"
"史大夫铁木","1","1","2"
"日命中书左","1","1","2"
"书左丞相铁","1","1","2"
"丞相铁木补","2","0","2"
"相铁木补化","2","0","2"
"官吏送宝者","1","1","2"
"五月丁巳朔","2","0","2"
"遣西安王阿","1","1","2"
"新武宗幄殿","1","1","2"
"西木邻等四","1","1","2"
"木邻等四十","1","1","2"
"邻等四十三","1","1","2"
"计八千二百","1","1","2"
"八千二百石","1","1","2"
"马二百八十","1","1","2"
"二百八十匹","1","1","2"
"秃忽剌河东","1","1","2"
"马札罕部落","1","1","2"
"民五万五千","1","1","2"
"东宣慰司赈","1","1","2"
"铁木补化等","2","0","2"
"木补化等帝","2","0","2"
"补化等帝位","2","0","2"
"忽剌火失温","1","1","2"
"六月丁亥朔","2","0","2"
"陕西行省告","1","1","2"
"皇太子遣使","2","0","2"
"阔朵杰阿剌","1","1","2"
"朵杰阿剌伦","1","1","2"
"赈陕西临潼","2","0","2"
"华阴二十三","1","1","2"
"二十三驿钞","2","0","2"
"晋宁路十五","1","1","2"
"同翰林国史","1","1","2"
"睿宗三朝御","1","1","2"
"宗三朝御容","1","1","2"
"卫军六千完","2","0","2"
"军六千完京","2","0","2"
"六千完京城","2","0","2"
"八月乙酉朔","2","0","2"
"皇太子入见","1","1","2"
"尊谥曰翼献","2","0","2"
"谥曰翼献景","2","0","2"
"曰翼献景孝","2","0","2"
"文宗圣明元","1","1","2"
"宗圣明元孝","1","1","2"
"圣明元孝皇","1","1","2"
"明元孝皇帝","1","1","2"
"曰文献昭圣","2","0","2"
"武宗总兵北","2","0","2"
"宗总兵北边","2","0","2"
"铁木迭复丞","2","0","2"
"木迭复丞相","2","0","2"
"治元年五月","1","1","2"
"中政使咬住","1","1","2"
"太常礼仪使","1","1","2"
"常礼仪使哈","1","1","2"
"礼仪使哈海","1","1","2"
"紥鲁忽赤阔","2","0","2"
"忽赤阔阔等","2","0","2"
"鲁忽赤雍古","1","1","2"
"忽赤雍古台","1","1","2"
"赤雍古台迁","1","1","2"
"孛伦赤等十","1","1","2"
"伦赤等十七","1","1","2"
"赤等十七人","1","1","2"
"忒纳失里共","1","1","2"
"参知政事明","1","1","2"
"知政事明里","1","1","2"
"宣政使答里","1","1","2"
"政使答里麻","1","1","2"
"使答里麻失","1","1","2"
"遣左卫率使","1","1","2"
"左卫率使秃","1","1","2"
"卫率使秃鲁","1","1","2"
"遣万户彻里","1","1","2"
"明里董阿等","1","1","2"
"召镇南王铁","1","1","2"
"章政事高昌","1","1","2"
"政事高昌王","1","1","2"
"事高昌王铁","1","1","2"
"行省左丞马","1","1","2"
"省左丞马合","1","1","2"
"钞七万一千","1","1","2"
"七万一千锭","1","1","2"
"命司造乘舆","2","0","2"
"遣隆镇卫指","1","1","2"
"挥使速台将","2","0","2"
"使速台将兵","2","0","2"
"平章政事探","1","1","2"
"章政事探马","1","1","2"
"政事探马赤","1","1","2"
"台御史剌马","1","1","2"
"御史剌马黑","1","1","2"
"史剌马黑巴","1","1","2"
"万户孛罗等","1","1","2"
"侍读学士兀","1","1","2"
"读学士兀鲁","1","1","2"
"学士兀鲁思","1","1","2"
"礼仪院使哈","1","1","2"
"仪院使哈海","1","1","2"
"院使哈海赤","1","1","2"
"使哈海赤等","1","1","2"
"哈海赤等十","1","1","2"
"海赤等十八","1","1","2"
"赤等十八人","1","1","2"
"指挥使脱脱","1","1","2"
"挥使脱脱木","1","1","2"
"命守古北口","2","0","2"
"分道犯京畿","2","0","2"
"留辽王脱脱","1","1","2"
"上都诸王失","1","1","2"
"都诸王失剌","1","1","2"
"贵赤卫指挥","1","1","2"
"赤卫指挥使","1","1","2"
"指挥使脱迭","1","1","2"
"大夫纽泽等","1","1","2"
"卫指挥使黑","1","1","2"
"指挥使黑汉","1","1","2"
"王灭里铁木","1","1","2"
"七十人币帛","1","1","2"
"回回人哈哈","1","1","2"
"居庸关军士","1","1","2"
"赐镇南王铁","2","0","2"
"河南行省军","1","1","2"
"定两万户号","1","1","2"
"两万户号称","1","1","2"
"万户号称精","1","1","2"
"户号称精锐","1","1","2"
"参政郑昂霄","1","1","2"
"万户脱脱木","1","1","2"
"诸王先帖木","2","0","2"
"平章秃满迭","1","1","2"
"元帅阿兀剌","1","1","2"
"大司农明里","1","1","2"
"司农明里董","1","1","2"
"农明里董阿","1","1","2"
"大都留守阔","1","1","2"
"都留守阔阔","1","1","2"
"留守阔阔台","1","1","2"
"鄢陵县河西","1","1","2"
"陵县河西军","1","1","2"
"海道万户府","1","1","2"
"米三百一十","1","1","2"
"造金符八十","1","1","2"
"枢密院事速","2","0","2"
"密院事速台","2","0","2"
"速台知行枢","2","0","2"
"台知行枢密","2","0","2"
"六万五千石","1","1","2"
"孟定路土官","1","1","2"
"祖皇帝混一","2","0","2"
"敢妄生觊觎","1","1","2"
"权臣倒剌沙","1","1","2"
"变乱祖宗法","1","1","2"
"元年九月十","1","1","2"
"年九月十三","1","1","2"
"封燕铁木太","2","0","2"
"太平路食邑","2","0","2"
"官地五百顷","1","1","2"
"伯颜加太尉","2","0","2"
"御史大夫朵","1","1","2"
"淮西道肃政","1","1","2"
"政廉访使阿","1","1","2"
"左右两阿速","1","1","2"
"右两阿速卫","1","1","2"
"两阿速卫军","1","1","2"
"宗神御殿祠","1","1","2"
"神御殿祠祭","1","1","2"
"上都王禅兵","1","1","2"
"燕铁木军次","2","0","2"
"京城游民敢","1","1","2"
"命高昌僧作","2","0","2"
"高昌僧作佛","2","0","2"
"昌僧作佛事","2","0","2"
"密副使阿剌","1","1","2"
"挥使忽都帖","1","1","2"
"使忽都帖木","1","1","2"
"乡贡进士参","1","1","2"
"脱木辽东军","2","0","2"
"木辽东军战","2","0","2"
"辽东军战蓟","2","0","2"
"东军战蓟州","2","0","2"
"蓟州檀子山","1","1","2"
"获上都颁诏","1","1","2"
"上都颁诏使","1","1","2"
"都颁诏使者","1","1","2"
"辽东征兵使","1","1","2"
"东征兵使者","1","1","2"
"大将旗鼓督","1","1","2"
"将旗鼓督战","1","1","2"
"乡贡进士四","1","1","2"
"贡进士四人","1","1","2"
"台译史通事","1","1","2"
"潼关南水门","1","1","2"
"万户孛罗弃","1","1","2"
"户孛罗弃关","1","1","2"
"岭北行省左","1","1","2"
"北行省左丞","1","1","2"
"行省左丞燕","1","1","2"
"邻知枢密院","1","1","2"
"募丁壮千人","1","1","2"
"丁壮千人守","1","1","2"
"枢密院事竹","1","1","2"
"密院事竹温","1","1","2"
"院事竹温台","1","1","2"
"追封乳母完","1","1","2"
"封乳母完者","1","1","2"
"遣撒敦倍道","1","1","2"
"平章蒙古塔","1","1","2"
"章蒙古塔失","1","1","2"
"将作院使撒","1","1","2"
"河南蒙古军","1","1","2"
"老幼五万人","1","1","2"
"临清万户府","1","1","2"
"清万户府运","1","1","2"
"万户府运粮","1","1","2"
"户府运粮军","1","1","2"
"山东丁壮万","1","1","2"
"东丁壮万人","1","1","2"
"丁壮万人守","1","1","2"
"壮万人守御","1","1","2"
"万人守御益","1","1","2"
"人守御益都","1","1","2"
"燕铁木引兵","2","0","2"
"令京城里长","1","1","2"
"河南廉访副","1","1","2"
"南廉访副使","1","1","2"
"十月己丑朔","2","0","2"
"路事阿里沙","1","1","2"
"故平章张珪","2","0","2"
"平章张珪子","2","0","2"
"子武昌万户","1","1","2"
"武昌万户景","1","1","2"
"昌万户景武","1","1","2"
"万户景武等","1","1","2"
"张景武兄弟","1","1","2"
"景武兄弟五","1","1","2"
"武兄弟五人","1","1","2"
"姻家长芦盐","1","1","2"
"家长芦盐运","1","1","2"
"长芦盐运司","1","1","2"
"芦盐运司判","1","1","2"
"忽剌台游兵","1","1","2"
"剌台游兵进","1","1","2"
"台游兵进逼","1","1","2"
"令京城居民","1","1","2"
"阳翟王太平","1","1","2"
"国王朵罗台","1","1","2"
"王朵罗台等","1","1","2"
"檀子山枣林","1","1","2"
"燕铁木大军","2","0","2"
"赐宴兴圣殿","1","1","2"
"裕宗神御殿","1","1","2"
"听便宜行事","2","0","2"
"秃满迭军复","2","0","2"
"满迭军复入","2","0","2"
"迭军复入古","2","0","2"
"军复入古北","2","0","2"
"复入古北口","2","0","2"
"保定万户张","1","1","2"
"定万户张昌","1","1","2"
"帅花帖木等","2","0","2"
"先捏知行枢","1","1","2"
"捏知行枢密","1","1","2"
"西击潼关军","1","1","2"
"故徽政使失","1","1","2"
"徽政使失烈","1","1","2"
"政使失烈门","1","1","2"
"通州知州赵","1","1","2"
"州知州赵义","1","1","2"
"知州赵义能","1","1","2"
"本路官皆遁","2","0","2"
"古者罪人孥","2","0","2"
"玥璐花中丞","2","0","2"
"豆二十万石","1","1","2"
"巩县黑石渡","1","1","2"
"银沙罗甸土","1","1","2"
"沙罗甸土官","1","1","2"
"罗甸土官哀","1","1","2"
"甸土官哀赞","1","1","2"
"土官哀赞等","1","1","2"
"刑部郎中大","1","1","2"
"部郎中大都","1","1","2"
"广东佥事张","1","1","2"
"东佥事张世","1","1","2"
"佥事张世荣","1","1","2"
"事张世荣追","1","1","2"
"乌伯都剌家","1","1","2"
"户杨克忠等","1","1","2"
"云南彻里路","1","1","2"
"南彻里路土","1","1","2"
"彻里路土官","1","1","2"
"里路土官刁","1","1","2"
"路土官刁赛","1","1","2"
"土官刁赛等","1","1","2"
"宦者米薛迷","2","0","2"
"米薛迷奴婢","1","1","2"
"继母公主察","1","1","2"
"母公主察吉","1","1","2"
"叔父东路蒙","1","1","2"
"父东路蒙古","1","1","2"
"蒙古塔失等","1","1","2"
"古塔失等三","1","1","2"
"塔失等三十","1","1","2"
"失等三十人","1","1","2"
"四宿卫阿塔","1","1","2"
"宿卫阿塔赤","1","1","2"
"中宫阿塔赤","1","1","2"
"上都仓库钱","1","1","2"
"内侍王伯颜","1","1","2"
"逆臣赤斤铁","1","1","2"
"臣赤斤铁木","1","1","2"
"铁木哥兵入","2","0","2"
"右穆第二室","1","1","2"
"右穆第三室","1","1","2"
"宗祔左昭第","2","0","2"
"左昭第三室","1","1","2"
"左昭第四室","1","1","2"
"右穆第四室","1","1","2"
"燕铁木答剌","2","0","2"
"铁木答剌罕","2","0","2"
"平章曲列等","1","1","2"
"章曲列等二","1","1","2"
"曲列等二十","1","1","2"
"列等二十三","1","1","2"
"二十三人田","1","1","2"
"忒纳失里等","1","1","2"
"纳失里等二","1","1","2"
"失里等二十","1","1","2"
"里等二十三","1","1","2"
"诏谕廷臣曰","2","0","2"
"八月二十一","1","1","2"
"命太保伯答","1","1","2"
"太保伯答沙","1","1","2"
"保伯答沙升","1","1","2"
"侍御史左吉","1","1","2"
"行台御史王","1","1","2"
"台御史王琚","1","1","2"
"木八剌沙等","1","1","2"
"伯都剌等三","1","1","2"
"都剌等三十","1","1","2"
"剌等三十人","1","1","2"
"思等三十人","1","1","2"
"察罕脑宣慰","2","0","2"
"御史撒里花","2","0","2"
"故平章黑驴","1","1","2"
"百媳妇国使","1","1","2"
"媳妇国使者","1","1","2"
"妇国使者昭","1","1","2"
"国使者昭哀","1","1","2"
"九十九寨土","1","1","2"
"十九寨土官","1","1","2"
"九寨土官必","1","1","2"
"枢密同知阿","1","1","2"
"密同知阿乞","1","1","2"
"同知阿乞剌","1","1","2"
"知阿乞剌等","1","1","2"
"江浙行省赈","1","1","2"
"诸王朵列帖","1","1","2"
"王朵列帖木","1","1","2"
"御史中丞玥","2","0","2"
"史中丞玥璐","2","0","2"
"中丞玥璐花","2","0","2"
"丞玥璐花太","2","0","2"
"玥璐花太禧","2","0","2"
"璐花太禧使","2","0","2"
"州县丁壮所","1","1","2"
"迎皇兄明宗","1","1","2"
"脱脱等三人","1","1","2"
"大司农买住","1","1","2"
"诏行枢密院","1","1","2"
"中丞赵世延","1","1","2"
"阿鲁灰帖木","1","1","2"
"府县达鲁花","1","1","2"
"正府紥鲁忽","2","0","2"
"府紥鲁忽赤","2","0","2"
"行省平章囊","1","1","2"
"省平章囊加","1","1","2"
"平章囊加台","1","1","2"
"省左丞脱脱","1","1","2"
"廉访使杨静","1","1","2"
"省平章宽彻","1","1","2"
"平章宽彻等","1","1","2"
"章宽彻等官","1","1","2"
"沙等九人田","1","1","2"
"谒武宗神御","1","1","2"
"武宗神御殿","1","1","2"
"立龙翊侍卫","1","1","2"
"龙翊侍卫亲","1","1","2"
"指挥使三人","1","1","2"
"忽答等十三","1","1","2"
"答等十三人","1","1","2"
"姚州知州高","1","1","2"
"州知州高明","1","1","2"
"付皇子阿剌","1","1","2"
"皇子阿剌忒","1","1","2"
"书侍御史撒","1","1","2"
"侍御史撒迪","1","1","2"
"颜秃古思奉","1","1","2"
"秃古思奉迎","1","1","2"
"古思奉迎皇","1","1","2"
"思奉迎皇兄","1","1","2"
"金珠首饰归","1","1","2"
"封西安王阿","1","1","2"
"囊加台拒命","2","0","2"
"许囊加台等","1","1","2"
"教坊司达鲁","1","1","2"
"坊司达鲁花","1","1","2"
"鲁花赤撒剌","1","1","2"
"司徒颜真卿","1","1","2"
"正烈文忠公","1","1","2"
"天历二年春","1","1","2"
"历二年春正","1","1","2"
"子答邻答里","1","1","2"
"命太府太监","1","1","2"
"封朵列帖木","1","1","2"
"遣火里忽达","1","1","2"
"火里忽达孙","1","1","2"
"赐鲁国大长","2","0","2"
"大长公主钞","2","0","2"
"长公主钞二","2","0","2"
"公主钞二万","2","0","2"
"主钞二万锭","2","0","2"
"钞二万锭营","1","1","2"
"西域诸王燕","2","0","2"
"域诸王燕吉","2","0","2"
"诸王燕吉台","2","0","2"
"吉台海东鹘","1","1","2"
"台海东鹘二","1","1","2"
"献海东鹘皇","2","0","2"
"海东鹘皇兄","2","0","2"
"东鹘皇兄行","2","0","2"
"鹘皇兄行所","2","0","2"
"内外军士四","1","1","2"
"外军士四万","1","1","2"
"军士四万二","1","1","2"
"士四万二千","1","1","2"
"四万二千二","1","1","2"
"二千二百七","1","1","2"
"二百七十人","1","1","2"
"遣近侍星吉","1","1","2"
"近侍星吉班","1","1","2"
"四川招谕囊","1","1","2"
"川招谕囊加","1","1","2"
"招谕囊加台","1","1","2"
"肇州三万户","1","1","2"
"太仆卿教化","1","1","2"
"张住童等七","1","1","2"
"住童等七人","1","1","2"
"侍讲学士等","1","1","2"
"讲学士等官","1","1","2"
"川囊加台攻","1","1","2"
"囊加台攻破","1","1","2"
"加台攻破播","1","1","2"
"台攻破播州","1","1","2"
"攻破播州猫","1","1","2"
"陕西蒙古军","1","1","2"
"西蒙古军都","1","1","2"
"三千八百锭","1","1","2"
"六百二十八","1","1","2"
"百二十八户","1","1","2"
"二千四百户","1","1","2"
"银六千二百","1","1","2"
"六千二百两","1","1","2"
"五万六千二","1","1","2"
"币帛三万四","1","1","2"
"帛三万四千","1","1","2"
"三万四千余","2","0","2"
"刘道衡等四","1","1","2"
"道衡等四人","1","1","2"
"衡等四人官","1","1","2"
"薛允等十六","1","1","2"
"允等十六人","1","1","2"
"等十六人官","1","1","2"
"中书左丞史","1","1","2"
"书左丞史惟","1","1","2"
"左丞史惟良","1","1","2"
"御史大夫阿","1","1","2"
"遣常侍孛罗","1","1","2"
"遣内侍秃教","1","1","2"
"内侍秃教化","1","1","2"
"播州杨万户","1","1","2"
"州杨万户引","1","1","2"
"破乌江北岸","1","1","2"
"乌江北岸贼","1","1","2"
"江北岸贼兵","1","1","2"
"遣宣靖王买","1","1","2"
"川囊加台焚","1","1","2"
"鸡武关大桥","1","1","2"
"者三十四人","1","1","2"
"粮三十万石","1","1","2"
"钞三十万锭","1","1","2"
"钞十四万锭","1","1","2"
"粮万三千石","2","0","2"
"赦四川囊加","1","1","2"
"册命皇后雍","1","1","2"
"命皇后雍吉","1","1","2"
"广西思明路","1","1","2"
"西思明路军","1","1","2"
"思明路军民","1","1","2"
"明路军民总","1","1","2"
"军民总管黄","1","1","2"
"民总管黄克","1","1","2"
"总管黄克顺","1","1","2"
"遣翰林侍讲","1","1","2"
"侍讲学士曹","1","1","2"
"讲学士曹元","1","1","2"
"诱巩昌总帅","1","1","2"
"王搠思班等","1","1","2"
"宣慰使撒忒","1","1","2"
"慰使撒忒迷","1","1","2"
"使撒忒迷失","1","1","2"
"本部蒙古军","1","1","2"
"西武靖王等","1","1","2"
"议追尊皇妣","1","1","2"
"游皇城佛事","1","1","2"
"南行省蒙通","1","1","2"
"行省蒙通蒙","1","1","2"
"省蒙通蒙算","1","1","2"
"蒙通蒙算甸","1","1","2"
"通蒙算甸土","1","1","2"
"蒙算甸土官","1","1","2"
"算甸土官阿","1","1","2"
"甸土官阿三","1","1","2"
"土官阿三木","1","1","2"
"开南土官哀","1","1","2"
"南土官哀放","1","1","2"
"吴王木楠子","1","1","2"
"西宁王忽答","1","1","2"
"囊加台分兵","1","1","2"
"广行省调兵","1","1","2"
"凡二月二十","1","1","2"
"二月二十一","1","1","2"
"月鲁帖木等","2","0","2"
"左右翼蒙古","1","1","2"
"右翼蒙古侍","1","1","2"
"翼蒙古侍卫","1","1","2"
"古侍卫军二","1","1","2"
"置银沙罗甸","1","1","2"
"罗甸等处宣","1","1","2"
"甸等处宣慰","1","1","2"
"万三千锭赈","1","1","2"
"五千四百石","1","1","2"
"千四百石赈","1","1","2"
"上都云需两","1","1","2"
"都云需两府","1","1","2"
"宣政等院所","1","1","2"
"政等院所贮","1","1","2"
"云南诸王答","1","1","2"
"南诸王答失","1","1","2"
"平章马思忽","1","1","2"
"章马思忽等","1","1","2"
"吉尼专擅十","1","1","2"
"尼专擅十罪","1","1","2"
"伪署参知政","1","1","2"
"署参知政事","1","1","2"
"参知政事等","1","1","2"
"知政事等官","1","1","2"
"建大龙翔集","1","1","2"
"近侍年幼者","1","1","2"
"山东都万户","1","1","2"
"命明里董阿","1","1","2"
"昭圣皇后神","1","1","2"
"囊加台所遣","1","1","2"
"安抚使布答","1","1","2"
"抚使布答思","1","1","2"
"使布答思监","1","1","2"
"布答思监等","1","1","2"
"枢密院事傅","1","1","2"
"密院事傅岩","1","1","2"
"分五十人直","1","1","2"
"集庆大龙翔","1","1","2"
"庆大龙翔寺","1","1","2"
"大龙翔寺置","1","1","2"
"四番卫士旧","1","1","2"
"参知政事孛","1","1","2"
"知政事孛罗","1","1","2"
"政事孛罗奉","1","1","2"
"事孛罗奉诏","1","1","2"
"百二十三万","1","1","2"
"二十三万四","1","1","2"
"汉中廉访司","1","1","2"
"中廉访司所","1","1","2"
"廉访司所贮","1","1","2"
"德安府屯田","1","1","2"
"卫辉路饥民","1","1","2"
"互相奏请玺","1","1","2"
"相奏请玺书","1","1","2"
"邑达鲁花赤","2","0","2"
"四千五百一","1","1","2"
"五百一十人","1","1","2"
"觉者五十一","1","1","2"
"者五十一人","1","1","2"
"九百五十人","1","1","2"
"江浙行省言","2","0","2"
"饥民六十七","1","1","2"
"民六十七万","1","1","2"
"六十七万六","1","1","2"
"九千八百石","1","1","2"
"州鄄城县蚕","1","1","2"
"鄄城县蚕灾","1","1","2"
"储庆司所贮","1","1","2"
"中书六部官","1","1","2"
"世祖神御殿","1","1","2"
"北迎明宗皇","1","1","2"
"王鼎八入朝","1","1","2"
"置江淮财赋","1","1","2"
"九万七千九","1","1","2"
"七千九百人","1","1","2"
"万户府军士","1","1","2"
"保定路定兴","1","1","2"
"定路定兴驿","1","1","2"
"路定兴驿车","1","1","2"
"定兴驿车马","1","1","2"
"百四十五户","1","1","2"
"四十五户粮","1","1","2"
"二千七百四","1","1","2"
"百四十八户","1","1","2"
"遣近侍马驹","1","1","2"
"皇帝远居沙","1","1","2"
"帝远居沙漠","1","1","2"
"一万八千九","1","1","2"
"万八千九十","1","1","2"
"八千九十户","1","1","2"
"行台御史孔","1","1","2"
"台御史孔思","1","1","2"
"御史孔思迪","1","1","2"
"朝旌表贞节","1","1","2"
"没奴婢财产","1","1","2"
"百四十万九","1","1","2"
"四十万九千","1","1","2"
"十万九千一","1","1","2"
"祀周文宪王","1","1","2"
"三万一千四","1","1","2"
"万一千四百","1","1","2"
"一千四百户","1","1","2"
"九百七十石","1","1","2"
"田二百六十","1","1","2"
"二百六十顷","1","1","2"
"大都国子监","1","1","2"
"大行皇帝山","1","1","2"
"行皇帝山陵","1","1","2"
"皇帝山陵官","1","1","2"
"大夫孛罗等","1","1","2"
"监察御史徐","1","1","2"
"世安提调通","1","1","2"
"安提调通政","1","1","2"
"提调通政院","1","1","2"
"调通政院事","1","1","2"
"太祖皇帝肇","2","0","2"
"命阿剌忒纳","1","1","2"
"奉皇帝宝玺","1","1","2"
"明宗宫分事","1","1","2"
"遣道士苗道","1","1","2"
"上都南屏山","1","1","2"
"遣钦察台先","1","1","2"
"英宗潜邸宿","1","1","2"
"宗潜邸宿卫","1","1","2"
"封牙纳失里","1","1","2"
"官米五万石","1","1","2"
"坐涂毁诏书","1","1","2"
"千八百三十","1","1","2"
"八百三十人","1","1","2"
"怯薛官十二","1","1","2"
"薛官十二人","1","1","2"
"中政使哈撒","1","1","2"
"子詹事丞霄","1","1","2"
"詹事丞霄云","1","1","2"
"事丞霄云世","1","1","2"
"丞霄云世月","1","1","2"
"霄云世月思","1","1","2"
"储庆使姚炜","1","1","2"
"东宣慰使哈","1","1","2"
"宣慰使哈散","1","1","2"
"置隆祥总管","1","1","2"
"呼日者推测","1","1","2"
"日者推测圣","1","1","2"
"者推测圣算","1","1","2"
"本府屯田租","1","1","2"
"安丰务递运","1","1","2"
"丰务递运粮","1","1","2"
"二万一千石","1","1","2"
"晋宁路饥民","1","1","2"
"故宋太后全","1","1","2"
"太后全氏田","1","1","2"
"天护圣寺永","1","1","2"
"护圣寺永业","1","1","2"
"万寿营缮提","1","1","2"
"寿营缮提点","1","1","2"
"海南营缮提","1","1","2"
"南营缮提点","1","1","2"
"隶隆祥总管","2","0","2"
"甘肃行省沙","1","1","2"
"肃行省沙州","1","1","2"
"宣徽院所储","1","1","2"
"云南乌撒土","1","1","2"
"南乌撒土官","1","1","2"
"乌撒土官禄","1","1","2"
"撒土官禄余","1","1","2"
"曲靖土官举","1","1","2"
"靖土官举精","1","1","2"
"土官举精衣","1","1","2"
"同奎章阁学","1","1","2"
"召威顺王宽","1","1","2"
"士二十人赐","1","1","2"
"密院事塔失","1","1","2"
"院事塔失帖","1","1","2"
"怯薛官武备","1","1","2"
"薛官武备卿","1","1","2"
"官武备卿定","1","1","2"
"武备卿定住","1","1","2"
"备卿定住特","1","1","2"
"诸子锁住等","1","1","2"
"二百八十万","1","1","2"
"百八十万石","1","1","2"
"广西思明州","1","1","2"
"西思明州土","1","1","2"
"思明州土官","1","1","2"
"明州土官黄","1","1","2"
"州土官黄宗","1","1","2"
"土官黄宗永","1","1","2"
"史惟良上疏","1","1","2"
"宜遵世祖成","2","0","2"
"输米二千石","1","1","2"
"陕西临潼等","1","1","2"
"所居诸王八","1","1","2"
"居诸王八剌","1","1","2"
"忽都火者等","1","1","2"
"阔干忽剌秃","1","1","2"
"干忽剌秃地","1","1","2"
"镇南王孛罗","1","1","2"
"枢密院事昭","1","1","2"
"密院事昭武","1","1","2"
"院事昭武王","1","1","2"
"事昭武王火","1","1","2"
"昭武王火沙","1","1","2"
"武王火沙知","1","1","2"
"王火沙知行","1","1","2"
"火沙知行枢","1","1","2"
"沙知行枢密","1","1","2"
"立大承天护","1","1","2"
"天护圣寺营","1","1","2"
"护圣寺营缮","1","1","2"
"圣寺营缮提","1","1","2"
"寺营缮提点","1","1","2"
"立大都等处","1","1","2"
"平江等处田","1","1","2"
"江等处田赋","1","1","2"
"等处田赋提","1","1","2"
"处田赋提举","1","1","2"
"田赋提举司","1","1","2"
"赋提举司二","1","1","2"
"申饬海道转","1","1","2"
"饬海道转漕","1","1","2"
"吏部尚书八","1","1","2"
"护都笃皇帝","1","1","2"
"钞十五万锭","1","1","2"
"护国庇民广","1","1","2"
"福惠明著天","1","1","2"
"惠明著天妃","1","1","2"
"申饬都水监","1","1","2"
"饬都水监河","1","1","2"
"怯怜口诸色","1","1","2"
"怜口诸色民","1","1","2"
"口诸色民匠","1","1","2"
"诸色民匠总","1","1","2"
"色民匠总管","1","1","2"
"民匠总管府","1","1","2"
"发中政院财","1","1","2"
"中政院财赋","1","1","2"
"政院财赋总","1","1","2"
"院财赋总管","1","1","2"
"命道士苗道","1","1","2"
"琼州军民安","1","1","2"
"乾宁军民安","1","1","2"
"宁军民安抚","1","1","2"
"海北元帅府","1","1","2"
"南建洞主王","1","1","2"
"建洞主王官","1","1","2"
"洞主王官知","1","1","2"
"主王官知州","1","1","2"
"王官知州事","1","1","2"
"王士熙等十","1","1","2"
"士熙等十二","1","1","2"
"熙等十二人","1","1","2"
"民间拖欠官","1","1","2"
"命通政院官","1","1","2"
"旭麦怯诸驿","1","1","2"
"免征奉元路","1","1","2"
"征奉元路民","1","1","2"
"奉元路民间","1","1","2"
"元路民间商","1","1","2"
"路民间商税","1","1","2"
"民间商税一","1","1","2"
"间商税一年","1","1","2"
"设置常平仓","1","1","2"
"处煎盐灶户","1","1","2"
"祀岳渎山川","1","1","2"
"永平屯田总","1","1","2"
"平屯田总管","1","1","2"
"陕西凤翔府","1","1","2"
"西凤翔府饥","1","1","2"
"四万七千户","1","1","2"
"答邻答里知","1","1","2"
"邻答里知行","1","1","2"
"答里知行枢","1","1","2"
"里知行枢密","1","1","2"
"诏列圣诸宫","1","1","2"
"列圣诸宫后","1","1","2"
"圣诸宫后妃","1","1","2"
"封国公冲卜","1","1","2"
"弟监藏班臧","1","1","2"
"监藏班臧卜","1","1","2"
"学士承旨阔","1","1","2"
"士承旨阔彻","1","1","2"
"承旨阔彻伯","1","1","2"
"旨阔彻伯知","1","1","2"
"普庆修寺人","1","1","2"
"庆修寺人匠","1","1","2"
"修寺人匠提","1","1","2"
"寺人匠提举","1","1","2"
"崇祥总管府","1","1","2"
"毁广平王木","1","1","2"
"广平王木剌","1","1","2"
"平王木剌忽","1","1","2"
"父越王秃剌","1","1","2"
"立孟定路军","1","1","2"
"孟定路军民","1","1","2"
"定路军民总","1","1","2"
"元江路军民","1","1","2"
"江路军民总","1","1","2"
"行省平章刘","1","1","2"
"省平章刘脱","1","1","2"
"平章刘脱欢","1","1","2"
"倒剌沙款伏","1","1","2"
"丽国王王焘","1","1","2"
"东廉访司按","1","1","2"
"廉访司按治","1","1","2"
"诏豫王阿剌","1","1","2"
"豳王忽塔忒","1","1","2"
"王忽塔忒迷","1","1","2"
"忽塔忒迷失","1","1","2"
"塔忒迷失王","1","1","2"
"忒迷失王傅","1","1","2"
"西僧辇真吃","1","1","2"
"诏百官一品","1","1","2"
"阿荣辑录所","1","1","2"
"荣辑录所上","1","1","2"
"辑录所上章","1","1","2"
"录所上章疏","1","1","2"
"子孛罗花幼","2","0","2"
"皇姑鲁国大","1","1","2"
"姑鲁国大长","1","1","2"
"转运司盐引","1","1","2"
"运司盐引六","1","1","2"
"司盐引六万","1","1","2"
"蕲州路夏秋","1","1","2"
"汉僧三百四","1","1","2"
"僧三百四十","1","1","2"
"三百四十人","1","1","2"
"元钞四十五","1","1","2"
"钞四十五万","1","1","2"
"四十五万锭","1","1","2"
"中统钞五万","1","1","2"
"统钞五万锭","1","1","2"
"酒坊五十四","1","1","2"
"坊五十四所","1","1","2"
"巡捕都元帅","1","1","2"
"捕都元帅府","1","1","2"
"都留守司八","1","1","2"
"留守司八剌","1","1","2"
"守司八剌哈","1","1","2"
"司八剌哈赤","1","1","2"
"八剌哈赤二","1","1","2"
"剌哈赤二千","1","1","2"
"哈赤二千二","1","1","2"
"赤二千二百","1","1","2"
"烛剌赤八百","1","1","2"
"祥总管府事","1","1","2"
"诏兴举中政","1","1","2"
"兴举中政院","1","1","2"
"举中政院事","1","1","2"
"上都馒头山","1","1","2"
"仪同三司者","1","1","2"
"乏者二百七","1","1","2"
"者二百七十","1","1","2"
"金三百二十","1","1","2"
"三百二十七","1","1","2"
"百二十七锭","1","1","2"
"钞九百二十","1","1","2"
"九百二十九","1","1","2"
"百二十九万","1","1","2"
"二十九万七","1","1","2"
"九万七千八","1","1","2"
"七千八百锭","1","1","2"
"币帛四十万","1","1","2"
"帛四十万七","1","1","2"
"四十万七千","1","1","2"
"十万七千五","1","1","2"
"七千五百匹","1","1","2"
"丝八十八万","1","1","2"
"八十八万四","1","1","2"
"八万四千四","1","1","2"
"四千四百五","1","1","2"
"四百五十斤","1","1","2"
"七万六百四","1","1","2"
"万六百四十","1","1","2"
"六百四十五","1","1","2"
"百四十五斤","1","1","2"
"宁宗冲圣嗣","1","1","2"
"宗冲圣嗣孝","1","1","2"
"武宗子二人","2","0","2"
"天历三年二","1","1","2"
"历三年二月","1","1","2"
"时妥欢帖木","1","1","2"
"赏赐金银币","1","1","2"
"金银币帛等","1","1","2"
"银币帛等物","1","1","2"
"子欢忒哈赤","1","1","2"
"太尉孛兰奚","1","1","2"
"妃公主台忽","1","1","2"
"公主台忽都","1","1","2"
"主台忽都鲁","1","1","2"
"妃公主完者","1","1","2"
"公主完者台","1","1","2"
"皇太后仪仗","1","1","2"
"紥牙笃皇帝","2","0","2"
"院事伯颜等","1","1","2"
"召诸王宗亲","1","1","2"
"顺三年十月","1","1","2"
"三年十月初","1","1","2"
"年十月初四","1","1","2"
"十月初四日","1","1","2"
"余一切罪犯","1","1","2"
"政廉访司官","1","1","2"
"守令者一人","1","1","2"
"作两宫幄殿","1","1","2"
"妇人犯私盐","1","1","2"
"人犯私盐罪","1","1","2"
"贡塔里牙八","1","1","2"
"塔里牙八十","1","1","2"
"里牙八十八","1","1","2"
"牙八十八斤","1","1","2"
"钞三千三百","1","1","2"
"三千三百锭","1","1","2"
"汉军三万人","1","1","2"
"军三万人御","1","1","2"
"三万人御寒","1","1","2"
"诸妃后大朝","1","1","2"
"妃后大朝会","1","1","2"
"王忽剌台贫","1","1","2"
"楚丘县河堤","1","1","2"
"二千三百五","1","1","2"
"三百五十人","1","1","2"
"议先皇帝庙","1","1","2"
"先皇帝庙号","1","1","2"
"王彻彻秃海","1","1","2"
"彻彻秃海宁","1","1","2"
"彻秃海宁州","1","1","2"
"王彻彻秃镇","1","1","2"
"遣宿卫官阿","1","1","2"
"宿卫官阿察","1","1","2"
"卫官阿察赤","1","1","2"
"上皇太后玉","2","0","2"
"太后玉册告","1","1","2"
"后玉册告祭","1","1","2"
"章政事伯撒","1","1","2"
"政事伯撒里","1","1","2"
"事伯撒里告","1","1","2"
"伯撒里告祭","1","1","2"
"左钦察卫士","1","1","2"
"钦察卫士饥","1","1","2"
"明宗长子妥","1","1","2"
"宗长子妥欢","1","1","2"
"长子妥欢帖","1","1","2"
"元四年三月","1","1","2"
"关保固守晋","1","1","2"
"保固守晋宁","1","1","2"
"大明兵取广","2","0","2"
"左丞相失列","1","1","2"
"丞相失列门","1","1","2"
"相失列门传","1","1","2"
"礼仪院使阿","1","1","2"
"仪院使阿鲁","1","1","2"
"院使阿鲁浑","1","1","2"
"使阿鲁浑等","1","1","2"
"位三十六年","1","1","2"
"四怯薛官奏","1","1","2"
"时宋太后全","1","1","2"
"八年二月崩","1","1","2"
"顺宗妃答吉","1","1","2"
"王阿难答失","1","1","2"
"阿难答失里","1","1","2"
"后见所遗衣","1","1","2"
"三世皆追封","1","1","2"
"世皆追封王","1","1","2"
"皆追封王爵","1","1","2"
"徽政院使秃","1","1","2"
"政院使秃满","1","1","2"
"院使秃满迭","1","1","2"
"御史大夫佛","1","1","2"
"史大夫佛家","1","1","2"
"大夫佛家奴","1","1","2"
"密院事崔帖","1","1","2"
"院事崔帖木","1","1","2"
"二十四年七","1","1","2"
"十四年七月","1","1","2"
"木称兵犯阙","2","0","2"
"孛罗帖木怒","2","0","2"
"监察御史武","1","1","2"
"二十五年三","1","1","2"
"诸色总管府","1","1","2"
"京城三十里","1","1","2"
"忽都皇后崩","1","1","2"
"凤翔渡渭水","1","1","2"
"大将合达设","1","1","2"
"将合达设伏","1","1","2"
"半渡入真定","1","1","2"
"遣侍臣李众","1","1","2"
"太子命王庆","1","1","2"
"子命王庆端","1","1","2"
"顺圣皇后崩","1","1","2"
"赞善王恂卒","1","1","2"
"二千五百缗","1","1","2"
"盗知阿合马","1","1","2"
"知阿合马所","1","1","2"
"卫辉总管董","1","1","2"
"辉总管董文","1","1","2"
"按察副使王","1","1","2"
"江西龙兴路","1","1","2"
"钞四十七万","1","1","2"
"四十七万缗","1","1","2"
"十七万缗献","1","1","2"
"参政刘思敬","1","1","2"
"政刘思敬遣","1","1","2"
"乌蒙宣抚司","1","1","2"
"吏部郎中夹","1","1","2"
"部郎中夹谷","1","1","2"
"左赞善大夫","1","1","2"
"吾闻金章宗","1","1","2"
"闻金章宗时","1","1","2"
"子阿八赤入","1","1","2"
"阿八赤入见","1","1","2"
"学汉人文字","1","1","2"
"工部侍郎倪","1","1","2"
"部侍郎倪坚","1","1","2"
"王磐告老归","1","1","2"
"责张九思学","1","1","2"
"张九思学圣","1","1","2"
"九思学圣人","1","1","2"
"祖母昭睿顺","1","1","2"
"母昭睿顺圣","1","1","2"
"未尝离左右","2","0","2"
"觐世祖上京","2","0","2"
"都指挥使梭","1","1","2"
"指挥使梭都","1","1","2"
"爱育黎拔力","1","1","2"
"育黎拔力八","1","1","2"
"黎拔力八达","1","1","2"
"玉玺木华黎","2","0","2"
"木华黎国王","1","1","2"
"华黎国王曾","1","1","2"
"黎国王曾孙","1","1","2"
"国王曾孙世","1","1","2"
"王曾孙世德","1","1","2"
"曾孙世德家","1","1","2"
"后手授成宗","2","0","2"
"鲁罕皇后秉","1","1","2"
"罕皇后秉政","1","1","2"
"右丞相答剌","1","1","2"
"丞相答剌罕","1","1","2"
"相答剌罕哈","1","1","2"
"答剌罕哈剌","1","1","2"
"剌罕哈剌哈","1","1","2"
"罕哈剌哈孙","1","1","2"
"昭懿寿元皇","1","1","2"
"懿寿元皇太","1","1","2"
"寿元皇太后","1","1","2"
"尊号太皇太","2","0","2"
"号太皇太后","2","0","2"
"教宫中侍女","1","1","2"
"蒙古百姓三","1","1","2"
"古百姓三千","1","1","2"
"百姓三千户","1","1","2"
"州二城户一","2","0","2"
"二城户一万","2","0","2"
"加赐信州路","1","1","2"
"铅山州二城","1","1","2"
"京师数万里","1","1","2"
"急行二百余","1","1","2"
"行二百余日","1","1","2"
"弟忙哥帖木","1","1","2"
"弟脱脱忙哥","1","1","2"
"德十一年春","1","1","2"
"左丞相阿忽","1","1","2"
"丞相阿忽台","1","1","2"
"相阿忽台等","1","1","2"
"阿忽台等潜","1","1","2"
"忽台等潜谋","1","1","2"
"台等潜谋立","1","1","2"
"等潜谋立安","1","1","2"
"潜谋立安西","1","1","2"
"谋立安西王","1","1","2"
"皇后伯岳吾","1","1","2"
"后伯岳吾氏","1","1","2"
"命楚王牙忽","1","1","2"
"楚王牙忽都","1","1","2"
"子西安王阿","1","1","2"
"拨绰骁勇善","1","1","2"
"绰骁勇善骑","1","1","2"
"牙忽都年十","1","1","2"
"忽都年十三","1","1","2"
"八鲁浑拔都","1","1","2"
"王遣牙忽都","1","1","2"
"遣牙忽都将","1","1","2"
"牙忽都将兵","1","1","2"
"忽都将兵追","1","1","2"
"擒八鲁浑等","1","1","2"
"八鲁浑等献","1","1","2"
"牙忽都先进","1","1","2"
"所俘掠军民","1","1","2"
"怯绿怜河大","1","1","2"
"绿怜河大帐","1","1","2"
"诱蒙古军二","1","1","2"
"蒙古军二万","1","1","2"
"朵哈方居守","1","1","2"
"哈方居守大","1","1","2"
"思哈剌岭上","1","1","2"
"命牙忽都常","1","1","2"
"太祖皇帝削","1","1","2"
"祖皇帝削平","1","1","2"
"皇帝削平四","1","1","2"
"帝削平四方","1","1","2"
"陛下洪福齐","1","1","2"
"下洪福齐天","1","1","2"
"赐宽彻普化","1","1","2"
"宽彻普化金","1","1","2"
"彻普化金银","1","1","2"
"怯薛等官侵","1","1","2"
"薛等官侵夺","1","1","2"
"等官侵夺民","1","1","2"
"官侵夺民利","1","1","2"
"宽彻普化恃","1","1","2"
"彻普化恃宗","1","1","2"
"普化恃宗室","1","1","2"
"追夺宽彻普","1","1","2"
"夺宽彻普化","1","1","2"
"宽彻普化印","1","1","2"
"本部怯薛丹","1","1","2"
"诏宽彻普化","1","1","2"
"彻普化复镇","1","1","2"
"大船四十余","1","1","2"
"侯伯颜答失","1","1","2"
"诏淮王帖木","1","1","2"
"淮王帖木花","2","0","2"
"王帖木花监","2","0","2"
"世祖第九子","1","1","2"
"祖第九子脱","1","1","2"
"第九子脱欢","1","1","2"
"饶州牧地一","1","1","2"
"州牧地一百","1","1","2"
"牧地一百顷","1","1","2"
"地一百顷赐","1","1","2"
"西廉访使陈","1","1","2"
"廉访使陈思","1","1","2"
"使摧锋陷阵","1","1","2"
"诸王乞塔歹","1","1","2"
"王乞塔歹等","1","1","2"
"调芍陂屯军","1","1","2"
"明兵逼京师","1","1","2"
"庆童中书左","2","0","2"
"童中书左丞","2","0","2"
"书左丞相辅","2","0","2"
"札赤剌歹札","1","1","2"
"赤剌歹札木","1","1","2"
"剌歹札木哈","1","1","2"
"兵三万入寇","1","1","2"
"王木华黎略","2","0","2"
"娶皇子斡赤","1","1","2"
"女安秃公主","1","1","2"
"女伯牙鲁罕","1","1","2"
"伯牙鲁罕公","1","1","2"
"牙鲁罕公主","1","1","2"
"世祖命忽怜","1","1","2"
"爱牙失里公","1","1","2"
"牙失里公主","1","1","2"
"阔里吉思曰","2","0","2"
"度使武贵迎","1","1","2"
"使武贵迎降","1","1","2"
"遣步兵二万","1","1","2"
"步兵二万袭","1","1","2"
"夏国主李王","1","1","2"
"命天倪弟天","1","1","2"
"倪弟天泽代","1","1","2"
"诏封功臣户","1","1","2"
"封功臣户口","1","1","2"
"元帅张琳送","1","1","2"
"郡王带孙率","1","1","2"
"王带孙率兵","1","1","2"
"带孙率兵围","1","1","2"
"先遣李喜孙","1","1","2"
"部将田世荣","1","1","2"
"首七千余级","2","0","2"
"山东未降者","1","1","2"
"东未降者尚","1","1","2"
"未降者尚多","1","1","2"
"主上亲督大","1","1","2"
"上亲督大军","1","1","2"
"平定西域数","1","1","2"
"定西域数年","1","1","2"
"台统蒙古军","1","1","2"
"统蒙古军屯","1","1","2"
"千户按札统","1","1","2"
"户按札统大","1","1","2"
"按札统大军","1","1","2"
"札统大军驻","1","1","2"
"统大军驻河","1","1","2"
"大军驻河北","1","1","2"
"一名查剌温","1","1","2"
"叛将武仙围","1","1","2"
"将武仙围潞","1","1","2"
"武仙围潞州","1","1","2"
"退军十余里","1","1","2"
"命塔思守潼","1","1","2"
"塔思守潼关","1","1","2"
"金元帅完颜","1","1","2"
"元帅完颜火","1","1","2"
"帅完颜火燎","1","1","2"
"完颜合达单","1","1","2"
"颜合达单骑","1","1","2"
"忽都虎统兵","1","1","2"
"愿分攻汴城","1","1","2"
"分攻汴城一","1","1","2"
"攻汴城一隅","1","1","2"
"癸巳秋九月","2","0","2"
"回鹘诸国皆","1","1","2"
"惟东南一隅","1","1","2"
"引骑兵沿岸","1","1","2"
"骑兵沿岸迎","1","1","2"
"兵沿岸迎射","1","1","2"
"遣使献金帛","1","1","2"
"守臣刘甫置","1","1","2"
"臣刘甫置酒","1","1","2"
"故金主所居","1","1","2"
"主将黄舜卿","1","1","2"
"塔思攻大苏","1","1","2"
"思攻大苏山","1","1","2"
"宋汪统制率","1","1","2"
"汪统制率兵","1","1","2"
"统制率兵三","1","1","2"
"制率兵三千","1","1","2"
"弟速浑察袭","1","1","2"
"速浑察袭爵","1","1","2"
"行省监镇事","1","1","2"
"勤劳四十余","1","1","2"
"劳四十余年","1","1","2"
"命霸突鲁率","1","1","2"
"霸突鲁率诸","1","1","2"
"突鲁率诸军","1","1","2"
"留霸突鲁总","1","1","2"
"中统二年卒","1","1","2"
"顺圣皇后同","1","1","2"
"圣皇后同母","1","1","2"
"闻一善言善","1","1","2"
"一善言善行","1","1","2"
"甲率家奴数","1","1","2"
"率家奴数十","1","1","2"
"家奴数十人","1","1","2"
"顾谓近臣曰","2","0","2"
"脱脱弟阿老","1","1","2"
"脱弟阿老瓦","1","1","2"
"弟阿老瓦丁","1","1","2"
"阿老瓦丁奋","1","1","2"
"老瓦丁奋戈","1","1","2"
"瓦丁奋戈冲","1","1","2"
"虎贲卫亲军","1","1","2"
"贲卫亲军都","1","1","2"
"江浙行省地","1","1","2"
"浙行省地大","1","1","2"
"行省地大人","1","1","2"
"省地大人众","1","1","2"
"神元皇帝接","1","1","2"
"元皇帝接境","1","1","2"
"斤部卒盗牧","1","1","2"
"部卒盗牧马","1","1","2"
"下令殊死战","1","1","2"
"赐号月吕鲁","1","1","2"
"诏赐内府七","1","1","2"
"赐内府七宝","1","1","2"
"内府七宝冠","1","1","2"
"府七宝冠带","1","1","2"
"赐尚方玉带","1","1","2"
"尚方玉带宝","1","1","2"
"方玉带宝服","1","1","2"
"元贞元年冬","1","1","2"
"妻秃忽鲁宴","1","1","2"
"秃忽鲁宴服","1","1","2"
"性仁厚勤俭","1","1","2"
"史大夫月吕","1","1","2"
"大夫月吕禄","1","1","2"
"桑哥立尚书","2","0","2"
"帝语近臣曰","2","0","2"
"左右部宗王","1","1","2"
"右部宗王诸","1","1","2"
"部宗王诸帅","1","1","2"
"阿答罕三撒","1","1","2"
"答罕三撒海","1","1","2"
"罕三撒海地","1","1","2"
"省兵马都元","1","1","2"
"下河东诸州","1","1","2"
"河东诸州郡","1","1","2"
"察罕武勇过","1","1","2"
"罕武勇过人","1","1","2"
"御帐前首千","1","1","2"
"帐前首千户","1","1","2"
"剌丁拒守铁","1","1","2"
"丁拒守铁门","1","1","2"
"拒守铁门关","1","1","2"
"一万四千五","1","1","2"
"四千五百余","1","1","2"
"千五百余顷","1","1","2"
"赠推忠开济","1","1","2"
"推忠开济翊","1","1","2"
"忠开济翊运","1","1","2"
"开济翊运功","1","1","2"
"济翊运功臣","1","1","2"
"河东提刑按","1","1","2"
"平阳路达鲁","1","1","2"
"达鲁花赤泰","1","1","2"
"劾江淮释教","1","1","2"
"江淮释教总","1","1","2"
"淮释教总摄","1","1","2"
"释教总摄杨","1","1","2"
"教总摄杨辇","1","1","2"
"总摄杨辇真","1","1","2"
"摄杨辇真加","1","1","2"
"立智理威曰","2","0","2"
"小吏诬告漕","1","1","2"
"吏诬告漕臣","1","1","2"
"诬告漕臣刘","1","1","2"
"告漕臣刘献","1","1","2"
"漕臣刘献盗","1","1","2"
"省费数万贯","1","1","2"
"太祖令札八","1","1","2"
"诸将守中都","1","1","2"
"诸王百官大","1","1","2"
"王百官大会","1","1","2"
"赐恩州一千","1","1","2"
"恩州一千户","1","1","2"
"收天下童男","1","1","2"
"天下童男童","1","1","2"
"下童男童女","1","1","2"
"秃伯怯烈氏","1","1","2"
"授天泽兄天","1","1","2"
"天泽兄天倪","1","1","2"
"河北西路都","1","1","2"
"北西路都元","1","1","2"
"西路都元帅","1","1","2"
"天泽合兵进","1","1","2"
"泽合兵进围","1","1","2"
"合兵进围中","1","1","2"
"兵进围中山","1","1","2"
"北京总管都","1","1","2"
"京总管都元","1","1","2"
"总管都元帅","1","1","2"
"撒里答征高","1","1","2"
"里答征高丽","1","1","2"
"开元府七路","1","1","2"
"元府七路征","1","1","2"
"府七路征行","1","1","2"
"七路征行兵","1","1","2"
"路征行兵马","1","1","2"
"遇金将合达","1","1","2"
"步骑数十万","2","0","2"
"骑数十万待","2","0","2"
"数十万待战","2","0","2"
"复南走归德","1","1","2"
"南走归德府","1","1","2"
"选哈必赤军","1","1","2"
"哈必赤军怯","1","1","2"
"必赤军怯怜","1","1","2"
"赤军怯怜口","1","1","2"
"军怯怜口等","1","1","2"
"怯怜口等五","1","1","2"
"怜口等五十","1","1","2"
"口等五十人","1","1","2"
"进攻秃里思","1","1","2"
"攻秃里思哥","1","1","2"
"秃里思哥城","1","1","2"
"经哈咂里山","1","1","2"
"效忠宣力佐","1","1","2"
"拔都征钦察","1","1","2"
"定宗皇后问","1","1","2"
"兀良合台言","2","0","2"
"岭入云南境","1","1","2"
"转攻合剌章","1","1","2"
"鲁鲁厮国大","1","1","2"
"鲁厮国大惧","1","1","2"
"军银五千两","1","1","2"
"二万四千匹","1","1","2"
"皇子察合台","1","1","2"
"子察合台部","1","1","2"
"西征寻思干","1","1","2"
"宋制置使桂","1","1","2"
"武休关东抵","1","1","2"
"休关东抵邓","1","1","2"
"关东抵邓州","1","1","2"
"平章完颜合","1","1","2"
"章完颜合达","1","1","2"
"枢密使移剌","1","1","2"
"密使移剌蒲","1","1","2"
"使移剌蒲阿","1","1","2"
"王按赤台等","1","1","2"
"令宗王穆直","1","1","2"
"宗王穆直等","1","1","2"
"宋制置使陈","1","1","2"
"制置使陈隆","1","1","2"
"本部断事官","1","1","2"
"忙兀一军围","1","1","2"
"金吾卫上将","1","1","2"
"吾卫上将军","1","1","2"
"元帅兀良哈","1","1","2"
"帅兀良哈台","1","1","2"
"蒙古诸万户","1","1","2"
"古诸万户府","1","1","2"
"诸万户府奥","1","1","2"
"万户府奥鲁","1","1","2"
"户府奥鲁总","1","1","2"
"府奥鲁总管","1","1","2"
"平章政事程","1","1","2"
"章政事程鹏","1","1","2"
"事程鹏飞建","1","1","2"
"程鹏飞建议","1","1","2"
"鹏飞建议征","1","1","2"
"飞建议征日","1","1","2"
"建议征日本","1","1","2"
"征东省郎中","1","1","2"
"右丞相顺德","1","1","2"
"丞相顺德王","1","1","2"
"相顺德王答","1","1","2"
"顺德王答剌","1","1","2"
"德王答剌罕","1","1","2"
"西海北道副","1","1","2"
"海北道副使","1","1","2"
"七品印章敕","1","1","2"
"品印章敕授","1","1","2"
"印章敕授局","1","1","2"
"章敕授局官","1","1","2"
"敕授局官五","1","1","2"
"授局官五十","1","1","2"
"局官五十一","1","1","2"
"官五十一员","1","1","2"
"增中统课缗","1","1","2"
"中统课缗五","1","1","2"
"统课缗五十","1","1","2"
"课缗五十万","1","1","2"
"转正议大夫","1","1","2"
"授中书直省","1","1","2"
"迁中书客省","2","0","2"
"中书客省副","1","1","2"
"书客省副使","1","1","2"
"赐中统钞五","1","1","2"
"中统钞五百","1","1","2"
"统钞五百锭","1","1","2"
"林行省理问","1","1","2"
"行省理问所","1","1","2"
"省理问所官","1","1","2"
"蒙古军前锋","1","1","2"
"左右万户长","1","1","2"
"乞石烈氏拥","1","1","2"
"石烈氏拥兵","1","1","2"
"烈氏拥兵数","1","1","2"
"帅石天应守","1","1","2"
"石天应守河","1","1","2"
"天应守河中","1","1","2"
"应守河中府","1","1","2"
"金侯将军率","1","1","2"
"兵十余万夜","1","1","2"
"十余万夜袭","1","1","2"
"余万夜袭河","1","1","2"
"万夜袭河中","1","1","2"
"皇弟四太子","1","1","2"
"河南三峰山","1","1","2"
"诸道兵攻汴","1","1","2"
"宗王拔都西","1","1","2"
"讨兀鲁思部","1","1","2"
"选五百余人","1","1","2"
"王旭烈兀征","1","1","2"
"旭烈兀征剌","1","1","2"
"烈兀征剌里","1","1","2"
"兀征剌里西","1","1","2"
"征剌里西番","1","1","2"
"速卜带征西","1","1","2"
"卜带征西域","1","1","2"
"宽田吉思海","1","1","2"
"都征斡罗斯","1","1","2"
"钤部率敢死","1","1","2"
"麻等二十四","1","1","2"
"等二十四寨","1","1","2"
"中庆路达鲁","1","1","2"
"庆路达鲁花","1","1","2"
"赛典赤信任","1","1","2"
"广南西道左","1","1","2"
"南西道左右","1","1","2"
"西道左右两","1","1","2"
"道左右两江","1","1","2"
"右两江宣抚","1","1","2"
"两江宣抚使","1","1","2"
"行尚书右丞","1","1","2"
"交趾将昭文","1","1","2"
"趾将昭文王","1","1","2"
"兵四万守木","1","1","2"
"四万守木兀","1","1","2"
"万守木兀门","1","1","2"
"诸军会战二","1","1","2"
"军会战二十","1","1","2"
"会战二十余","1","1","2"
"王木华黎前","1","1","2"
"木华黎前锋","1","1","2"
"哈率诸部兵","1","1","2"
"率诸部兵作","1","1","2"
"诸部兵作乱","1","1","2"
"按摊脱脱里","1","1","2"
"摊脱脱里氏","1","1","2"
"七十二万户","1","1","2"
"子东哥马袭","1","1","2"
"赐名八都鲁","1","1","2"
"剌军一千六","1","1","2"
"军一千六百","1","1","2"
"塔海甘卜同","1","1","2"
"海甘卜同征","1","1","2"
"甘卜同征关","1","1","2"
"卜同征关西","1","1","2"
"元帅纽邻进","1","1","2"
"延八都鲁镇","1","1","2"
"命延八都鲁","2","0","2"
"元帅纽邻上","1","1","2"
"蒙古奥鲁官","1","1","2"
"信安等处军","1","1","2"
"安等处军马","1","1","2"
"奉诏征占城","1","1","2"
"邳州万户府","1","1","2"
"州万户府万","1","1","2"
"思乌思臧掇","1","1","2"
"乌思臧掇族","1","1","2"
"获蜀船三百","1","1","2"
"蜀船三百艘","1","1","2"
"宋制置使刘","1","1","2"
"制置使刘雄","1","1","2"
"置使刘雄飞","1","1","2"
"使刘雄飞进","1","1","2"
"刘雄飞进攻","1","1","2"
"雄飞进攻青","1","1","2"
"飞进攻青居","1","1","2"
"大小五十余","1","1","2"
"小五十余战","1","1","2"
"守将王坚夜","1","1","2"
"阿哥潘率壮","1","1","2"
"哥潘率壮士","1","1","2"
"种粟二千余","1","1","2"
"粟二千余石","1","1","2"
"芜菁子百石","1","1","2"
"二十四处宣","1","1","2"
"十四处宣慰","1","1","2"
"四处宣慰使","1","1","2"
"征西域诸国","1","1","2"
"益都行省军","1","1","2"
"都行省军民","1","1","2"
"行省军民达","1","1","2"
"省军民达鲁","1","1","2"
"京兆行省都","1","1","2"
"兆行省都达","1","1","2"
"行省都达鲁","1","1","2"
"省都达鲁花","1","1","2"
"喜礼伯伦闻","1","1","2"
"金将高都尉","1","1","2"
"白金酒器一","1","1","2"
"宋兵败走西","1","1","2"
"兵败走西山","1","1","2"
"蔡州蒙古汉","1","1","2"
"州蒙古汉军","1","1","2"
"蒙古汉军万","1","1","2"
"古汉军万户","1","1","2"
"安庆入庐州","1","1","2"
"襄阳安阳滩","1","1","2"
"滁州总管府","1","1","2"
"改宣武将军","2","0","2"
"滁州路总管","1","1","2"
"功升昭毅大","1","1","2"
"太宗七年南","1","1","2"
"宗七年南伐","1","1","2"
"大夫博罗罕","1","1","2"
"夫博罗罕平","1","1","2"
"率兵一千骑","1","1","2"
"兵一千骑攻","1","1","2"
"一千骑攻淮","1","1","2"
"千骑攻淮安","1","1","2"
"元帅博罗罕","1","1","2"
"汉人三万户","1","1","2"
"相兀速率本","1","1","2"
"兀速率本部","1","1","2"
"速率本部兵","1","1","2"
"丞相阿术袭","1","1","2"
"金鞍弓矢等","1","1","2"
"宋兵围正阳","1","1","2"
"太宗征钦察","1","1","2"
"诸军战舰冲","1","1","2"
"山东诸军顺","1","1","2"
"东诸军顺流","1","1","2"
"诸军顺流东","1","1","2"
"将校三十七","1","1","2"
"校三十七人","1","1","2"
"鏖战八十余","1","1","2"
"战八十余里","1","1","2"
"丞相伯颜命","1","1","2"
"相伯颜命忽","1","1","2"
"伯颜命忽剌","1","1","2"
"湖州路达鲁","1","1","2"
"阿术鲁拔都","1","1","2"
"者七十余人","2","0","2"
"本万户府副","1","1","2"
"万户府副镇","1","1","2"
"户府副镇抚","1","1","2"
"瑞安县达鲁","1","1","2"
"升忠显校尉","1","1","2"
"宣慰唐兀台","1","1","2"
"选充侍卫亲","1","1","2"
"宋五设托陀","1","1","2"
"行省都元帅","1","1","2"
"小哥等作乱","1","1","2"
"平滦路总管","1","1","2"
"滦路总管府","1","1","2"
"平滦路达鲁","1","1","2"
"滦路达鲁花","1","1","2"
"酒等税课八","1","1","2"
"费银七千五","1","1","2"
"献马五百匹","1","1","2"
"国王月仙帖","1","1","2"
"王月仙帖木","1","1","2"
"都督等四人","1","1","2"
"唆里迷国时","1","1","2"
"朵失野讷佩","1","1","2"
"失野讷佩金","1","1","2"
"野讷佩金符","1","1","2"
"赐月朵失野","1","1","2"
"独山城达鲁","1","1","2"
"山城达鲁花","1","1","2"
"城达鲁花赤","1","1","2"
"护驾士五人","1","1","2"
"山西大达鲁","1","1","2"
"西大达鲁花","1","1","2"
"大达鲁花赤","1","1","2"
"宗王八都罕","1","1","2"
"先皇后立定","1","1","2"
"皇后立定宗","1","1","2"
"后立定宗时","1","1","2"
"八都罕奉宪","1","1","2"
"都罕奉宪宗","1","1","2"
"高祖赤老温","1","1","2"
"察哈台阿哈","1","1","2"
"追封忙哥撒","1","1","2"
"古北庭都护","1","1","2"
"赡思丁率千","1","1","2"
"思丁率千骑","1","1","2"
"云内三州都","1","1","2"
"内三州都达","1","1","2"
"三州都达鲁","1","1","2"
"州都达鲁花","1","1","2"
"燕京路总管","1","1","2"
"置陕西五路","1","1","2"
"蜀四川行中","1","1","2"
"增户九千五","1","1","2"
"户九千五百","1","1","2"
"九千五百六","1","1","2"
"五百六十五","1","1","2"
"军一万二千","1","1","2"
"二千二百五","1","1","2"
"钞六千二百","1","1","2"
"六千二百二","1","1","2"
"千二百二十","1","1","2"
"二百二十五","1","1","2"
"百二十五锭","1","1","2"
"屯田粮九万","1","1","2"
"田粮九万七","1","1","2"
"粮九万七千","1","1","2"
"九万七千二","1","1","2"
"万七千二十","1","1","2"
"七千二十一","1","1","2"
"千二十一石","1","1","2"
"钞三百三十","1","1","2"
"三百三十一","1","1","2"
"百三十一锭","1","1","2"
"赏银五千两","1","1","2"
"命陕西五路","1","1","2"
"路四川行院","1","1","2"
"四川行院大","1","1","2"
"川行院大小","1","1","2"
"行院大小官","1","1","2"
"将昝万寿拥","1","1","2"
"昝万寿拥强","1","1","2"
"万寿拥强兵","1","1","2"
"赛典赤军对","1","1","2"
"赛典赤笑曰","1","1","2"
"郑鼎率兵水","1","1","2"
"鼎率兵水陆","1","1","2"
"获战舰二十","1","1","2"
"战舰二十八","1","1","2"
"舰二十八艘","1","1","2"
"知云南地理","1","1","2"
"云南地理者","1","1","2"
"钞五十万缗","1","1","2"
"宗王脱忽鲁","1","1","2"
"子纳速剌丁","1","1","2"
"纳速剌丁先","1","1","2"
"所赐金宝饮","1","1","2"
"二人大喜过","1","1","2"
"人大喜过望","1","1","2"
"云南诸夷未","1","1","2"
"子弟知读书","2","0","2"
"谕逆顺祸福","2","0","2"
"元十六年卒","1","1","2"
"一谓云南省","2","0","2"
"元帅府尚存","1","1","2"
"云南官员子","1","1","2"
"南官员子弟","1","1","2"
"俸金九百余","1","1","2"
"金九百余两","1","1","2"
"路宣慰司同","1","1","2"
"授燕南河北","1","1","2"
"旨令宗王协","1","1","2"
"令宗王协力","1","1","2"
"宗王协力施","1","1","2"
"王协力施行","1","1","2"
"忽辛按朝廷","1","1","2"
"云南平章时","1","1","2"
"老赛典赤平","1","1","2"
"布鲁海牙扈","1","1","2"
"赐羊马毡帐","1","1","2"
"居民商贾甚","1","1","2"
"民商贾甚多","1","1","2"
"叔父阿里普","1","1","2"
"父阿里普海","1","1","2"
"弟益特思海","1","1","2"
"益特思海牙","1","1","2"
"大都督府尹","1","1","2"
"中兴等路提","1","1","2"
"兴等路提刑","1","1","2"
"等路提刑按","1","1","2"
"路提刑按察","1","1","2"
"西北藩王遣","1","1","2"
"北藩王遣使","1","1","2"
"藩王遣使入","1","1","2"
"王遣使入朝","1","1","2"
"江东道提刑","1","1","2"
"知朝廷重农","1","1","2"
"世祖追录元","1","1","2"
"祖追录元勋","1","1","2"
"二年秋八月","2","0","2"
"一一留心参","1","1","2"
"一留心参考","1","1","2"
"十三人免死","1","1","2"
"行中书省枢","1","1","2"
"省枢密院事","1","1","2"
"太子北平王","1","1","2"
"二十三年夏","1","1","2"
"司诸官姓名","1","1","2"
"复立尚书省","1","1","2"
"见天下大权","1","1","2"
"天下大权尽","1","1","2"
"下大权尽归","1","1","2"
"大权尽归尚","1","1","2"
"权尽归尚书","1","1","2"
"京师乐安里","1","1","2"
"开国元勋命","1","1","2"
"国元勋命世","1","1","2"
"元勋命世大","1","1","2"
"勋命世大臣","1","1","2"
"希宪宣抚使","2","0","2"
"京兆控制陇","1","1","2"
"兆控制陇蜀","1","1","2"
"宗室诸王劝","1","1","2"
"行秦蜀省事","1","1","2"
"浑都海闻京","1","1","2"
"都海闻京兆","1","1","2"
"降人费正寅","1","1","2"
"命希宪受戒","1","1","2"
"加赠推忠佐","1","1","2"
"推忠佐理翊","1","1","2"
"忠佐理翊运","1","1","2"
"佐理翊运功","1","1","2"
"理翊运功臣","1","1","2"
"王旭烈兀开","1","1","2"
"诏改淮西行","1","1","2"
"改淮西行省","1","1","2"
"命断事官杨","1","1","2"
"守将王虎臣","1","1","2"
"水军十七人","1","1","2"
"命吕文焕招","1","1","2"
"户忙古歹生","1","1","2"
"忙古歹生擒","1","1","2"
"古歹生擒虎","1","1","2"
"歹生擒虎臣","1","1","2"
"令万户帖木","1","1","2"
"副都统制任","1","1","2"
"都统制任宁","1","1","2"
"总管李庭攻","1","1","2"
"管李庭攻破","1","1","2"
"置使夏贵等","1","1","2"
"王达守阳逻","1","1","2"
"达守阳逻堡","1","1","2"
"京湖宣抚朱","1","1","2"
"通沙芜入江","1","1","2"
"引船入沦河","1","1","2"
"先遣万户阿","1","1","2"
"遣万户阿剌","1","1","2"
"大军水陆东","1","1","2"
"军水陆东下","1","1","2"
"武略将军囊","1","1","2"
"略将军囊加","1","1","2"
"将军囊加歹","1","1","2"
"军囊加歹同","1","1","2"
"步军指挥使","1","1","2"
"军指挥使孙","1","1","2"
"指挥使孙虎","1","1","2"
"挥使孙虎臣","1","1","2"
"夏贵战舰二","2","0","2"
"贵战舰二千","2","0","2"
"知镇巢军曹","1","1","2"
"镇巢军曹旺","1","1","2"
"沿江制置赵","1","1","2"
"都统徐王荣","1","1","2"
"命招讨使唆","1","1","2"
"讨使唆都守","1","1","2"
"江东诸郡皆","1","1","2"
"淮西滁州诸","1","1","2"
"西滁州诸郡","1","1","2"
"严忠范等奉","1","1","2"
"遣左右司员","1","1","2"
"司员外郎石","1","1","2"
"员外郎石天","1","1","2"
"外郎石天麟","1","1","2"
"书徐王荣等","1","1","2"
"事官张羽等","1","1","2"
"官张羽等持","1","1","2"
"张羽等持王","1","1","2"
"羽等持王荣","1","1","2"
"调淮东都元","1","1","2"
"东都元帅孛","1","1","2"
"元帅阿里伯","1","1","2"
"参政阿剌罕","1","1","2"
"政阿剌罕等","1","1","2"
"政董文炳等","1","1","2"
"游介实奉诏","1","1","2"
"介实奉诏书","1","1","2"
"实奉诏书副","1","1","2"
"奉诏书副本","1","1","2"
"遣囊加歹同","1","1","2"
"遣宁玉修吴","1","1","2"
"宁玉修吴江","1","1","2"
"玉修吴江长","1","1","2"
"修吴江长桥","1","1","2"
"加歹同宋尚","1","1","2"
"歹同宋尚书","1","1","2"
"同宋尚书夏","1","1","2"
"宋尚书夏士","1","1","2"
"侍郎吕师孟","1","1","2"
"宗正少卿陆","1","1","2"
"正少卿陆秀","1","1","2"
"少卿陆秀夫","1","1","2"
"帛二十五万","1","1","2"
"二十五万匹","1","1","2"
"遣宁玉守长","1","1","2"
"宁玉守长桥","1","1","2"
"范文虎巡视","1","1","2"
"文虎巡视城","1","1","2"
"虎巡视城堡","1","1","2"
"遣吕文焕持","1","1","2"
"吕文焕持黄","1","1","2"
"文焕持黄榜","1","1","2"
"吕文焕等入","1","1","2"
"文焕等入城","1","1","2"
"章阿合马先","1","1","2"
"宋宝玉固多","1","1","2"
"二十九年秋","1","1","2"
"宗王明理铁","1","1","2"
"王明理铁木","1","1","2"
"帅兀良合台","1","1","2"
"范文虎相继","1","1","2"
"文虎相继率","1","1","2"
"虎相继率兵","1","1","2"
"回舟沦河口","1","1","2"
"堡西沙芜口","1","1","2"
"西沙芜口入","1","1","2"
"宋将程鹏飞","1","1","2"
"重兵皆驻扬","1","1","2"
"兵皆驻扬州","1","1","2"
"命阿术分兵","1","1","2"
"阿术分兵围","1","1","2"
"宋两淮镇将","1","1","2"
"两淮镇将张","1","1","2"
"淮镇将张世","1","1","2"
"镇将张世杰","1","1","2"
"泰兴县二千","1","1","2"
"兴县二千户","1","1","2"
"迁参议中书","1","1","2"
"廉希宪守江","1","1","2"
"希宪守江陵","1","1","2"
"促阿里海牙","1","1","2"
"大者众数万","1","1","2"
"正阳取安丰","1","1","2"
"兵二万攻扬","1","1","2"
"二万攻扬子","1","1","2"
"万攻扬子桥","1","1","2"
"兵十万航海","1","1","2"
"十万航海征","1","1","2"
"中途遇土土","1","1","2"
"途遇土土哈","1","1","2"
"德元年正月","1","1","2"
"海都所遣援","1","1","2"
"北边诸王都","1","1","2"
"集诸王军将","1","1","2"
"钦察左卫指","1","1","2"
"察左卫指挥","1","1","2"
"忒海迷失地","1","1","2"
"宋都统甘顺","1","1","2"
"命阿八赤督","1","1","2"
"授通奉大夫","1","1","2"
"都等路宣慰","1","1","2"
"胶莱海道漕","1","1","2"
"莱海道漕运","1","1","2"
"海道漕运使","1","1","2"
"广等处行尚","1","1","2"
"中卫亲军千","1","1","2"
"率陕西西海","1","1","2"
"都统制张实","1","1","2"
"利州下白水","1","1","2"
"元帅阿答胡","1","1","2"
"宋制置使蒲","1","1","2"
"制置使蒲择","1","1","2"
"都统制段元","1","1","2"
"统制段元鉴","1","1","2"
"制段元鉴等","1","1","2"
"延八都鲁等","1","1","2"
"八都鲁等守","1","1","2"
"都鲁等守成","1","1","2"
"鲁等守成都","1","1","2"
"行枢密院火","1","1","2"
"枢密院火都","1","1","2"
"密院火都赤","1","1","2"
"败宋安抚昝","1","1","2"
"宋安抚昝万","1","1","2"
"授六翼达鲁","1","1","2"
"六翼达鲁花","1","1","2"
"翼达鲁花赤","1","1","2"
"枢密院合答","1","1","2"
"命行枢密副","1","1","2"
"二十余骑攻","1","1","2"
"授西川蒙古","1","1","2"
"川蒙古军马","1","1","2"
"蒙古军马六","1","1","2"
"古军马六翼","1","1","2"
"军马六翼新","1","1","2"
"马六翼新附","1","1","2"
"六翼新附军","1","1","2"
"翼新附军招","1","1","2"
"新附军招讨","1","1","2"
"附军招讨使","1","1","2"
"四川西道宣","1","1","2"
"川西道宣慰","1","1","2"
"薛遣先锋阿","1","1","2"
"遣先锋阿麻","1","1","2"
"率所部五万","1","1","2"
"所部五万余","1","1","2"
"部五万余户","1","1","2"
"加赐金帛鞍","1","1","2"
"赐金帛鞍辔","1","1","2"
"西南夷雄左","1","1","2"
"阿剌罕同断","1","1","2"
"剌罕同断事","1","1","2"
"罕同断事官","1","1","2"
"同断事官杨","1","1","2"
"米四十万斛","1","1","2"
"统左翼军顺","1","1","2"
"左翼军顺流","1","1","2"
"蒙古军四十","1","1","2"
"古军四十万","1","1","2"
"军四十万征","1","1","2"
"功授镇国上","1","1","2"
"筑正阳东西","1","1","2"
"正阳东西城","1","1","2"
"宋将夏贵乘","1","1","2"
"将夏贵乘淮","1","1","2"
"阿塔海率众","1","1","2"
"石祖忠遣使","1","1","2"
"祖忠遣使乞","1","1","2"
"忠遣使乞降","1","1","2"
"扬州守将李","1","1","2"
"将李庭芝闻","1","1","2"
"阿塔海率师","1","1","2"
"宋兵望风退","1","1","2"
"兵望风退走","1","1","2"
"平章阿术登","1","1","2"
"章阿术登南","1","1","2"
"阿术登南岸","1","1","2"
"术登南岸督","1","1","2"
"统刘师勇袭","1","1","2"
"十五年二月","1","1","2"
"行江西中书","1","1","2"
"江西中书省","1","1","2"
"西中书省事","1","1","2"
"诸王哈必赤","1","1","2"
"王哈必赤平","1","1","2"
"命唆都巡逻","1","1","2"
"宋金刚台寨","1","1","2"
"命唆都入城","1","1","2"
"建康安抚使","1","1","2"
"章知府等二","1","1","2"
"知府等二十","1","1","2"
"府等二十二","1","1","2"
"等二十二人","1","1","2"
"败宋将陈路","1","1","2"
"宋将陈路钤","1","1","2"
"斩首三千级","1","1","2"
"唆都取道泉","1","1","2"
"都取道泉州","1","1","2"
"南剑州都督","1","1","2"
"剑州都督张","1","1","2"
"率战船千艘","1","1","2"
"唆都率敢死","1","1","2"
"溺死者五万","1","1","2"
"死者五万余","1","1","2"
"者五万余人","1","1","2"
"元帅阿术攻","1","1","2"
"帅阿术攻襄","1","1","2"
"阿术攻襄阳","1","1","2"
"丞相伯颜麾","1","1","2"
"相伯颜麾下","1","1","2"
"宋都统赵五","1","1","2"
"千户薛赤干","1","1","2"
"宋平章贾似","1","1","2"
"平章贾似道","1","1","2"
"夺战船五艘","1","1","2"
"擒宋统制王","1","1","2"
"宋统制王文","1","1","2"
"统制王文虎","1","1","2"
"附军守镇江","1","1","2"
"平章博鲁欢","1","1","2"
"章博鲁欢攻","1","1","2"
"博鲁欢攻泰","1","1","2"
"兵攻泰州新","1","1","2"
"阿术攻下扬","1","1","2"
"术攻下扬州","1","1","2"
"攻下扬州诸","1","1","2"
"下扬州诸郡","1","1","2"
"宋制置李庭","1","1","2"
"功升武略将","1","1","2"
"高邮白马湖","1","1","2"
"同安县答关","1","1","2"
"安县答关寨","1","1","2"
"海外诸蕃宣","1","1","2"
"外诸蕃宣慰","1","1","2"
"诸蕃宣慰使","1","1","2"
"福建道市舶","1","1","2"
"建道市舶提","1","1","2"
"道市舶提举","1","1","2"
"福建道长司","1","1","2"
"建道长司宣","1","1","2"
"道长司宣慰","1","1","2"
"长司宣慰使","1","1","2"
"司宣慰使都","1","1","2"
"唐末赐姓李","1","1","2"
"益都淄莱新","1","1","2"
"都淄莱新军","1","1","2"
"淄莱新军万","1","1","2"
"莱新军万户","1","1","2"
"赐白金五百","1","1","2"
"都元帅逊都","1","1","2"
"元帅逊都台","1","1","2"
"宋丞相陈宜","1","1","2"
"大将张世杰","1","1","2"
"世杰遣都统","1","1","2"
"杰遣都统张","1","1","2"
"遣都统张文","1","1","2"
"都统张文虎","1","1","2"
"浚合兵十万","1","1","2"
"遣镇抚孔遵","1","1","2"
"镇抚孔遵追","1","1","2"
"同知江西宣","1","1","2"
"知江西宣慰","1","1","2"
"江西宣慰司","1","1","2"
"令右丞阿里","1","1","2"
"右丞阿里罕","1","1","2"
"丞董文炳合","1","1","2"
"董文炳合兵","1","1","2"
"文炳合兵追","1","1","2"
"运使王道夫","1","1","2"
"皇子镇南王","1","1","2"
"子镇南王征","1","1","2"
"权臣阿合马","1","1","2"
"桑哥奸贪误","1","1","2"
"哥奸贪误国","1","1","2"
"奸贪误国害","1","1","2"
"贪误国害民","1","1","2"
"江浙省臣乌","1","1","2"
"浙省臣乌马","1","1","2"
"湖广省臣要","1","1","2"
"广省臣要束","1","1","2"
"省臣要束木","1","1","2"
"臣要束木等","1","1","2"
"所过秋毫犯","2","0","2"
"召都事贾钧","1","1","2"
"朝廷命行省","1","1","2"
"康里部大人","1","1","2"
"宣政使桑哥","1","1","2"
"桑哥奏立尚","1","1","2"
"哥奏立尚书","1","1","2"
"奏立尚书省","1","1","2"
"诬杀参政杨","1","1","2"
"杀参政杨居","1","1","2"
"内府财物私","1","1","2"
"命太弟睿宗","1","1","2"
"成宗皇孙抚","2","0","2"
"宗皇孙抚军","2","0","2"
"皇孙抚军北","2","0","2"
"完泽受遗诏","1","1","2"
"建议加上祖","1","1","2"
"议加上祖宗","1","1","2"
"加上祖宗尊","1","1","2"
"上祖宗尊谥","1","1","2"
"祖宗尊谥庙","1","1","2"
"宗尊谥庙号","1","1","2"
"追封兴元王","1","1","2"
"太祖定西域","1","1","2"
"鲁浑萨理曰","2","0","2"
"集贤馆学士","1","1","2"
"二十八年秋","1","1","2"
"国家灾祥事","1","1","2"
"问阿鲁浑萨","1","1","2"
"遣阿鲁浑萨","1","1","2"
"鲁浑萨理奉","1","1","2"
"浑萨理奉皇","1","1","2"
"萨理奉皇太","1","1","2"
"理奉皇太子","1","1","2"
"观画师何澄","1","1","2"
"画师何澄画","1","1","2"
"陶母剪发图","1","1","2"
"岳柱指陶母","1","1","2"
"柱指陶母手","1","1","2"
"丞相答失蛮","1","1","2"
"阶正议大夫","1","1","2"
"日接见儒生","1","1","2"
"授江西等处","1","1","2"
"败宋将刘整","1","1","2"
"破云顶山城","1","1","2"
"行尚书省员","1","1","2"
"尚书省员外","1","1","2"
"书省员外郎","1","1","2"
"陕西等处万","1","1","2"
"西等处万户","1","1","2"
"等处万户府","1","1","2"
"处万户府达","1","1","2"
"追封梁国公","1","1","2"
"都元帅府经","1","1","2"
"元帅府经历","1","1","2"
"伯颜南攻鄂","1","1","2"
"颜南攻鄂州","1","1","2"
"阿术北攻汉","1","1","2"
"术北攻汉阳","1","1","2"
"宋将相文武","1","1","2"
"将相文武百","1","1","2"
"相文武百官","1","1","2"
"遣贾余庆等","1","1","2"
"昭献元圣太","1","1","2"
"献元圣太后","1","1","2"
"太后召囊加","1","1","2"
"后召囊加歹","1","1","2"
"皇后欲立安","1","1","2"
"后欲立安西","1","1","2"
"欲立安西王","1","1","2"
"尽力奉二皇","1","1","2"
"力奉二皇子","1","1","2"
"授蕲县万户","1","1","2"
"蕲县万户府","1","1","2"
"县万户府达","1","1","2"
"博州路奥鲁","1","1","2"
"州路奥鲁总","1","1","2"
"同宋安抚吕","1","1","2"
"抚吕文焕入","1","1","2"
"平章阿术南","1","1","2"
"章阿术南征","1","1","2"
"率舟师经斗","1","1","2"
"舟师经斗龙","1","1","2"
"师经斗龙口","1","1","2"
"宋降将范文","1","1","2"
"降将范文虎","1","1","2"
"忙兀台奉旨","1","1","2"
"兀台奉旨率","1","1","2"
"台奉旨率诸","1","1","2"
"奉旨率诸军","1","1","2"
"江西右丞塔","1","1","2"
"降宋守将何","1","1","2"
"宋守将何清","1","1","2"
"致南剑等路","1","1","2"
"蒙古军四万","1","1","2"
"古军四万户","1","1","2"
"诏丞相伯颜","2","0","2"
"荆湖等处行","1","1","2"
"湖等处行枢","1","1","2"
"授同知湖广","1","1","2"
"同知湖广等","1","1","2"
"知湖广等处","1","1","2"
"广等处行枢","1","1","2"
"卫亲军副都","1","1","2"
"亲军副都指","1","1","2"
"合必赤讨李","2","0","2"
"必赤讨李璮","2","0","2"
"赤讨李璮济","2","0","2"
"讨李璮济南","2","0","2"
"万户木花里","1","1","2"
"丞相阿术围","1","1","2"
"沙芜口渡江","1","1","2"
"孙虎臣战丁","2","0","2"
"虎臣战丁家","2","0","2"
"臣战丁家洲","2","0","2"
"授信武将军","1","1","2"
"高邮军达鲁","1","1","2"
"邮军达鲁花","1","1","2"
"进怀远大将","2","0","2"
"高邮路总管","1","1","2"
"邮路总管府","1","1","2"
"福建等处征","1","1","2"
"建等处征蛮","1","1","2"
"等处征蛮都","1","1","2"
"处征蛮都元","1","1","2"
"征蛮都元帅","1","1","2"
"十二年八月","1","1","2"
"授武节将军","1","1","2"
"札剌马秃河","1","1","2"
"授显武将军","1","1","2"
"兀剌河等处","1","1","2"
"阿秃八剌哈","1","1","2"
"秃八剌哈赤","1","1","2"
"身中三十余","1","1","2"
"中三十余箭","1","1","2"
"驸马阿剌浑","1","1","2"
"纳兀河东等","1","1","2"
"兀河东等处","1","1","2"
"党乞答真一","1","1","2"
"乞答真一千","1","1","2"
"答真一千户","1","1","2"
"撒等五百余","1","1","2"
"等五百余户","1","1","2"
"伯颜女茶伦","1","1","2"
"升怀远大将","1","1","2"
"所管女直户","1","1","2"
"管女直户五","1","1","2"
"女直户五百","1","1","2"
"直户五百余","1","1","2"
"俘二百余人","1","1","2"
"诏赐金虎符","1","1","2"
"邳州监战万","1","1","2"
"州监战万户","1","1","2"
"夺战舰二十","1","1","2"
"战舰二十余","1","1","2"
"舰二十余艘","1","1","2"
"将夏贵攻正","1","1","2"
"护焦山江岸","1","1","2"
"东新附军民","1","1","2"
"同元帅撒里","1","1","2"
"元帅撒里蛮","1","1","2"
"温州白塔屯","1","1","2"
"州白塔屯寨","1","1","2"
"处行中书参","1","1","2"
"行中书参知","1","1","2"
"使海外僧迦","1","1","2"
"海外僧迦剌","1","1","2"
"外僧迦剌国","1","1","2"
"罕必阇耶降","2","0","2"
"南宿州镇将","1","1","2"
"丞相阿术南","1","1","2"
"相阿术南攻","1","1","2"
"阿术南攻襄","1","1","2"
"术南攻襄阳","1","1","2"
"尚书省都镇","1","1","2"
"书省都镇抚","1","1","2"
"丞相忙兀台","1","1","2"
"相忙兀台讨","1","1","2"
"庆元路治中","1","1","2"
"浙盐运司同","1","1","2"
"盐运司同知","1","1","2"
"运司同知范","1","1","2"
"授河东民赋","1","1","2"
"河东民赋副","1","1","2"
"东民赋副总","1","1","2"
"民赋副总管","1","1","2"
"河中猗氏县","1","1","2"
"行军府奥鲁","1","1","2"
"军府奥鲁千","1","1","2"
"府奥鲁千户","1","1","2"
"都万户府知","1","1","2"
"万户府知事","1","1","2"
"成宗大德四","1","1","2"
"宗大德四年","1","1","2"
"武昌路治中","1","1","2"
"河南省郎中","1","1","2"
"行省参政河","1","1","2"
"省参政河南","1","1","2"
"参政河南淮","1","1","2"
"政河南淮北","1","1","2"
"河南淮北蒙","1","1","2"
"南淮北蒙古","1","1","2"
"淮北蒙古军","1","1","2"
"北蒙古军都","1","1","2"
"军都万户朵","1","1","2"
"都万户朵列","1","1","2"
"万户朵列图","1","1","2"
"使万家闾犒","1","1","2"
"哈率小汪总","1","1","2"
"率小汪总帅","1","1","2"
"保定两翼军","1","1","2"
"蒙古两都万","1","1","2"
"古两都万户","1","1","2"
"廉访使董守","1","1","2"
"访使董守中","1","1","2"
"右丞脱帖木","1","1","2"
"廉访使卜颜","1","1","2"
"阿礼海牙亲","1","1","2"
"粟二十万石","1","1","2"
"兵甲五十五","1","1","2"
"甲五十五万","1","1","2"
"朝廷置行枢","2","0","2"
"廷置行枢密","2","0","2"
"西人北行者","1","1","2"
"十一月六日","1","1","2"
"遣骁将率精","1","1","2"
"数千上龙门","1","1","2"
"遣都护月鲁","1","1","2"
"都护月鲁帖","1","1","2"
"护月鲁帖木","1","1","2"
"十余人奉诏","1","1","2"
"靖安王遣使","1","1","2"
"安王遣使四","1","1","2"
"江西行省员","1","1","2"
"转中奉大夫","2","0","2"
"曾祖阔华八","1","1","2"
"祖阔华八撒","1","1","2"
"阔华八撒术","1","1","2"
"江西胡参政","1","1","2"
"西胡参政杀","1","1","2"
"脱烈海牙一","1","1","2"
"圣贤图像赐","1","1","2"
"武宗亲率大","1","1","2"
"宗亲率大军","1","1","2"
"服武宗威名","1","1","2"
"中外翕然称","2","0","2"
"外翕然称贤","2","0","2"
"翕然称贤相","2","0","2"
"立仁宗子英","1","1","2"
"仁宗子英宗","1","1","2"
"召御史大夫","2","0","2"
"改江南行台","2","0","2"
"指挥阿剌铁","1","1","2"
"挥阿剌铁木","1","1","2"
"金腰带等物","1","1","2"
"东路蒙古万","1","1","2"
"路蒙古万户","1","1","2"
"蒙古万户哈","1","1","2"
"古万户哈剌","1","1","2"
"隆福太后宫","1","1","2"
"武宗命伯颜","1","1","2"
"宗命伯颜追","1","1","2"
"武宗大会诸","1","1","2"
"宗大会诸王","1","1","2"
"八百顷助宿","1","1","2"
"百顷助宿卫","1","1","2"
"分赐虎士三","1","1","2"
"赐虎士三百","1","1","2"
"皇后伯牙吾","1","1","2"
"后伯牙吾氏","1","1","2"
"莱芜冶铁一","1","1","2"
"芜冶铁一年","1","1","2"
"十八万五千","1","1","2"
"南北饥民千","1","1","2"
"太皇太后赐","1","1","2"
"纳邻三道驿","1","1","2"
"枢密知院汪","1","1","2"
"密知院汪家","1","1","2"
"知院汪家奴","1","1","2"
"翰林承旨沙","1","1","2"
"林承旨沙剌","1","1","2"
"承旨沙剌班","1","1","2"
"兵巡行红城","1","1","2"
"巡行红城诸","1","1","2"
"行红城诸处","1","1","2"
"宣王帖木花","2","0","2"
"请太子燕帖","1","1","2"
"太子燕帖古","1","1","2"
"子燕帖古思","1","1","2"
"黜丞相一人","1","1","2"
"曾见子杀父","1","1","2"
"南恩州阳春","1","1","2"
"恩州阳春县","1","1","2"
"迁吏部郎中","1","1","2"
"同知典瑞院","1","1","2"
"知典瑞院事","1","1","2"
"佩元降虎符","2","0","2"
"加提调武备","1","1","2"
"提调武备寺","1","1","2"
"调武备寺事","1","1","2"
"加镇守海口","1","1","2"
"镇守海口侍","1","1","2"
"守海口侍卫","1","1","2"
"海口侍卫亲","1","1","2"
"口侍卫亲军","1","1","2"
"侍卫亲军屯","1","1","2"
"卫亲军屯储","1","1","2"
"处船户提举","1","1","2"
"右卫阿速军","1","1","2"
"特命改封德","1","1","2"
"命改封德王","1","1","2"
"令翰林儒臣","1","1","2"
"赐旌忠昭德","1","1","2"
"帝王端居九","1","1","2"
"王端居九重","1","1","2"
"绍熙宣抚使","1","1","2"
"科举取士法","2","0","2"
"太庙四时祭","1","1","2"
"雪郯王彻彻","1","1","2"
"参议孛罗帖","1","1","2"
"议孛罗帖木","1","1","2"
"都城外开河","1","1","2"
"祭酒吕思诚","1","1","2"
"河决白茅堤","1","1","2"
"弟御史大夫","1","1","2"
"诸卫兵十余","1","1","2"
"卫兵十余万","1","1","2"
"兵十余万讨","1","1","2"
"十三年三月","1","1","2"
"左丞乌古孙","1","1","2"
"丞乌古孙良","1","1","2"
"乌古孙良桢","1","1","2"
"右丞悟良哈","1","1","2"
"丞悟良哈台","1","1","2"
"省左丞相太","1","1","2"
"章政事月阔","1","1","2"
"政事月阔察","1","1","2"
"枢密院事雪","1","1","2"
"密院事雪雪","1","1","2"
"院事雪雪代","1","1","2"
"云南大理宣","1","1","2"
"南大理宣慰","1","1","2"
"大理宣慰司","1","1","2"
"理宣慰司镇","1","1","2"
"宣慰司镇西","1","1","2"
"慰司镇西路","1","1","2"
"长子哈剌章","1","1","2"
"次子三宝奴","1","1","2"
"罪者侥幸求","1","1","2"
"者侥幸求免","1","1","2"
"督责户部详","1","1","2"
"山东田赋总","1","1","2"
"东田赋总管","1","1","2"
"田赋总管府","1","1","2"
"御史大夫撒","1","1","2"
"史大夫撒迪","1","1","2"
"大夫撒迪传","1","1","2"
"夫撒迪传旨","1","1","2"
"撒迪传旨免","1","1","2"
"御史大夫唐","1","1","2"
"何面目见人","2","0","2"
"钦察亲军指","1","1","2"
"察亲军指挥","1","1","2"
"阁学士院供","1","1","2"
"学士院供奉","1","1","2"
"士院供奉学","1","1","2"
"院供奉学士","1","1","2"
"正府紥鲁火","2","0","2"
"府紥鲁火赤","2","0","2"
"同僚年老者","1","1","2"
"淮东肃政廉","1","1","2"
"怜真班江浙","2","0","2"
"西台御史张","1","1","2"
"台御史张桓","1","1","2"
"左司郎中汝","1","1","2"
"司郎中汝中","1","1","2"
"郎中汝中柏","1","1","2"
"员外郎伯帖","1","1","2"
"外郎伯帖木","1","1","2"
"西台御史蒙","1","1","2"
"台御史蒙古","1","1","2"
"御史蒙古鲁","1","1","2"
"史蒙古鲁海","1","1","2"
"蒙古鲁海牙","1","1","2"
"范文等十二","1","1","2"
"文等十二人","1","1","2"
"达剌罕军帅","1","1","2"
"剌罕军帅王","1","1","2"
"曾祖忙怯秃","1","1","2"
"国子学诸生","2","0","2"
"迁中书右司","2","0","2"
"复江浙行省","2","0","2"
"徽政院副使","1","1","2"
"二万三千余","1","1","2"
"万三千余户","1","1","2"
"二百五十缗","1","1","2"
"福建盐课十","1","1","2"
"建盐课十三","1","1","2"
"盐课十三万","1","1","2"
"课十三万引","1","1","2"
"江浙左丞相","1","1","2"
"擢陕西汉中","2","0","2"
"西汉中道廉","1","1","2"
"汉中道廉访","1","1","2"
"中道廉访副","1","1","2"
"管奎章阁工","1","1","2"
"奎章阁工事","1","1","2"
"上都留守同","1","1","2"
"都留守同知","1","1","2"
"顺帝元统初","1","1","2"
"御史祁君璧","1","1","2"
"守令多失职","1","1","2"
"台阁名臣充","1","1","2"
"特命太平同","1","1","2"
"命太平同监","1","1","2"
"太平同监修","1","1","2"
"平同监修国","1","1","2"
"同监修国史","1","1","2"
"请赐经筵讲","1","1","2"
"赐经筵讲官","1","1","2"
"经筵讲官坐","1","1","2"
"举隐士完者","1","1","2"
"隐士完者笃","1","1","2"
"中书参政孔","1","1","2"
"书参政孔思","1","1","2"
"政孔思立等","1","1","2"
"汝兄弟若违","1","1","2"
"侍御史撒马","1","1","2"
"御史撒马笃","1","1","2"
"御史欲害正","1","1","2"
"史欲害正人","1","1","2"
"改淮南行省","2","0","2"
"密院事刘哈","1","1","2"
"院事刘哈剌","1","1","2"
"时右丞相搠","1","1","2"
"家人造伪钞","1","1","2"
"人造伪钞事","1","1","2"
"二皇后奇氏","1","1","2"
"宦者资正院","2","0","2"
"者资正院使","2","0","2"
"御史中丞秃","1","1","2"
"史中丞秃鲁","1","1","2"
"中丞秃鲁铁","1","1","2"
"丞秃鲁铁木","1","1","2"
"枢密院事纽","1","1","2"
"监察御史买","1","1","2"
"察御史买住","1","1","2"
"参政赵中等","1","1","2"
"同知太常院","1","1","2"
"知太常院事","1","1","2"
"太常院事脱","1","1","2"
"常院事脱欢","1","1","2"
"赐田若干顷","1","1","2"
"令伯撒里留","1","1","2"
"伯撒里留太","1","1","2"
"撒里留太平","1","1","2"
"同知都护府","1","1","2"
"知都护府事","1","1","2"
"迁礼部尚书","2","0","2"
"进参议中书","1","1","2"
"擢陕西行台","2","0","2"
"江浙行省请","1","1","2"
"铁木塔识奏","2","0","2"
"近畿饥民争","1","1","2"
"畿饥民争赴","1","1","2"
"饥民争赴京","1","1","2"
"民争赴京城","1","1","2"
"四十万石置","1","1","2"
"张元朴等四","1","1","2"
"元朴等四人","1","1","2"
"塔识天性忠","1","1","2"
"太府监提点","1","1","2"
"靖州路总管","1","1","2"
"靖州军民安","1","1","2"
"台州方国珍","1","1","2"
"方国珍海上","2","0","2"
"识帖睦迩奉","1","1","2"
"帖睦迩奉诏","1","1","2"
"知政事樊执","1","1","2"
"政事樊执敬","1","1","2"
"海北宣慰使","1","1","2"
"北宣慰使都","1","1","2"
"识帖睦迩方","2","0","2"
"帖睦迩方倚","2","0","2"
"识帖睦迩曰","2","0","2"
"招安张士诚","1","1","2"
"强娶平章政","1","1","2"
"娶平章政事","1","1","2"
"平章政事庆","1","1","2"
"章政事庆童","1","1","2"
"政事庆童女","1","1","2"
"士诚定计除","1","1","2"
"潭国忠愍公","1","1","2"
"衡国忠烈公","1","1","2"
"发浙西诸郡","1","1","2"
"朝廷遣使征","1","1","2"
"廷遣使征粮","1","1","2"
"士诚运米十","1","1","2"
"诚运米十余","1","1","2"
"运米十余万","1","1","2"
"米十余万石","1","1","2"
"识帖睦迩徒","1","1","2"
"称吴王令旨","1","1","2"
"大夫普化帖","1","1","2"
"夫普化帖木","1","1","2"
"花河南行省","2","0","2"
"太尉月阔察","1","1","2"
"枢密知院雪","1","1","2"
"密知院雪雪","1","1","2"
"天子下诏尽","1","1","2"
"子下诏尽夺","1","1","2"
"章政事答失","1","1","2"
"政事答失八","1","1","2"
"事答失八都","1","1","2"
"失八都鲁征","1","1","2"
"枢密院事完","1","1","2"
"密院事完者","1","1","2"
"院事完者帖","1","1","2"
"事完者帖木","1","1","2"
"监察御史迷","1","1","2"
"枢密院事悟","1","1","2"
"密院事悟良","1","1","2"
"院事悟良哈","1","1","2"
"事悟良哈台","1","1","2"
"悟良哈台总","1","1","2"
"曾祖阔阔台","1","1","2"
"元初随大军","1","1","2"
"烽火数千里","1","1","2"
"陕西行省右","1","1","2"
"同知河南行","1","1","2"
"知河南行枢","1","1","2"
"河南行枢密","1","1","2"
"本部探马赤","1","1","2"
"平章咬住讨","2","0","2"
"章咬住讨贼","2","0","2"
"失八都鲁请","1","1","2"
"令屈万户率","1","1","2"
"屈万户率奇","1","1","2"
"万户率奇兵","1","1","2"
"加答失八都","1","1","2"
"襄阳达鲁花","1","1","2"
"阳达鲁花赤","1","1","2"
"乌撒乌蒙元","1","1","2"
"撒乌蒙元帅","1","1","2"
"乌蒙元帅成","1","1","2"
"蒙元帅成都","1","1","2"
"四川行省右","1","1","2"
"川行省右丞","1","1","2"
"花会军讨安","1","1","2"
"会军讨安丰","1","1","2"
"命答失八都","1","1","2"
"诸王藩将兵","1","1","2"
"王藩将兵马","1","1","2"
"驻汴梁东南","1","1","2"
"朝廷差脱欢","1","1","2"
"廷差脱欢知","1","1","2"
"差脱欢知院","1","1","2"
"失八都鲁父","1","1","2"
"八都鲁父子","1","1","2"
"都鲁父子亲","1","1","2"
"刘福通对敌","1","1","2"
"太康三十里","1","1","2"
"知院达理麻","1","1","2"
"院达理麻失","1","1","2"
"刘福通所杀","1","1","2"
"元帅方家奴","1","1","2"
"所辖诸道皆","1","1","2"
"子刚僧私通","1","1","2"
"刚僧私通宫","1","1","2"
"僧私通宫人","1","1","2"
"李思齐拥兵","1","1","2"
"二十八年七","1","1","2"
"十八年七月","1","1","2"
"历尚乘寺提","1","1","2"
"尚乘寺提点","1","1","2"
"宣政院参议","1","1","2"
"太师脱脱南","1","1","2"
"师脱脱南征","1","1","2"
"太尉征淮东","1","1","2"
"淮南行枢密","1","1","2"
"安水等五十","1","1","2"
"水等五十三","1","1","2"
"等五十三寨","1","1","2"
"升知枢密院","1","1","2"
"调右丞忽林","1","1","2"
"右丞忽林台","1","1","2"
"丞忽林台提","1","1","2"
"忽林台提兵","1","1","2"
"留兵守大同","1","1","2"
"皇太子统兵","1","1","2"
"太子统兵迎","1","1","2"
"统兵迎清河","2","0","2"
"皇太子驰入","2","0","2"
"太子驰入城","2","0","2"
"孛罗帖木传","2","0","2"
"太原扩廓帖","1","1","2"
"原扩廓帖木","1","1","2"
"罗帖木大恐","2","0","2"
"孛罗帖木先","2","0","2"
"部将哈剌章","1","1","2"
"山东转运司","1","1","2"
"东转运司副","1","1","2"
"转刑部尚书","2","0","2"
"升中书平章","1","1","2"
"监察御史吕","1","1","2"
"察御史吕思","1","1","2"
"御史吕思诚","1","1","2"
"御史三十人","1","1","2"
"妻弟阿鲁浑","1","1","2"
"弟阿鲁浑沙","1","1","2"
"监察御史野","1","1","2"
"察御史野仙","1","1","2"
"御史野仙帖","1","1","2"
"史野仙帖木","1","1","2"
"寒食国公追","1","1","2"
"食国公追封","1","1","2"
"国公追封王","1","1","2"
"公追封王爵","1","1","2"
"两道廉访使","1","1","2"
"杭州路总管","1","1","2"
"江西廉访使","1","1","2"
"江西行省难","1","1","2"
"召刑部尚书","2","0","2"
"章政事失列","1","1","2"
"政事失列门","1","1","2"
"事失列门引","1","1","2"
"失列门引兵","1","1","2"
"书侍御史左","1","1","2"
"侍御史左答","1","1","2"
"御史左答纳","1","1","2"
"史左答纳失","1","1","2"
"左答纳失理","1","1","2"
"答纳失理守","1","1","2"
"纳失理守城","1","1","2"
"失理守城中","1","1","2"
"中丞伯家奴","1","1","2"
"丞伯家奴戍","1","1","2"
"时湖广行省","1","1","2"
"十六年九月","1","1","2"
"江南行台移","1","1","2"
"凤翔兵马判","1","1","2"
"翔兵马判官","1","1","2"
"赠恒州刺史","1","1","2"
"同知漳州路","1","1","2"
"知漳州路总","1","1","2"
"将家子弟骄","1","1","2"
"四方士大夫","1","1","2"
"时中书平章","1","1","2"
"正五年五月","1","1","2"
"曰太皇太后","2","0","2"
"太后称太皇","1","1","2"
"后称太皇太","1","1","2"
"称太皇太后","1","1","2"
"中书客省使","1","1","2"
"改同佥宣政","1","1","2"
"同佥宣政院","1","1","2"
"佥宣政院事","1","1","2"
"封太保伯颜","1","1","2"
"福建都转运","1","1","2"
"建都转运盐","1","1","2"
"左司郎中时","1","1","2"
"赐中书参议","1","1","2"
"中书参议撒","1","1","2"
"书参议撒迪","1","1","2"
"杭州达鲁花","1","1","2"
"达鲁花赤位","1","1","2"
"人告买买等","1","1","2"
"谋害太师伯","1","1","2"
"害太师伯颜","1","1","2"
"佥会福院事","1","1","2"
"复吏部尚书","2","0","2"
"寻参议中书","2","0","2"
"奇男子烈丈","1","1","2"
"男子烈丈夫","1","1","2"
"天历三年春","1","1","2"
"楚国忠惠公","1","1","2"
"淮万户府达","1","1","2"
"弟忽都海涯","1","1","2"
"黄金虎符佩","1","1","2"
"将相家子弟","1","1","2"
"偶过梁山泺","1","1","2"
"泰定元年五","1","1","2"
"定元年五月","1","1","2"
"元年五月八","1","1","2"
"初名达普化","1","1","2"
"台州录事判","1","1","2"
"州录事判官","1","1","2"
"授集贤修撰","1","1","2"
"秘书监著作","1","1","2"
"书监著作郎","1","1","2"
"泰华语众曰","2","0","2"
"玉白马致祭","1","1","2"
"白马致祭河","1","1","2"
"马致祭河神","1","1","2"
"台州黄岩民","1","1","2"
"州黄岩民方","1","1","2"
"黄岩民方国","1","1","2"
"岩民方国珍","1","1","2"
"海道千户德","1","1","2"
"道千户德流","1","1","2"
"江浙参政朵","1","1","2"
"福州五虎门","1","1","2"
"烧掠沿海州","1","1","2"
"掠沿海州郡","1","1","2"
"大司农达识","1","1","2"
"司农达识帖","1","1","2"
"农达识帖木","1","1","2"
"识帖木迩等","1","1","2"
"华欲命壮士","1","1","2"
"欲命壮士袭","1","1","2"
"命壮士袭杀","1","1","2"
"朝廷征徐州","1","1","2"
"父沙剌臧卜","1","1","2"
"吴澄弟子张","1","1","2"
"澄弟子张恒","1","1","2"
"中书刑部主","1","1","2"
"书刑部主事","1","1","2"
"改中书礼部","1","1","2"
"中书礼部员","1","1","2"
"书礼部员外","1","1","2"
"佥浙东道廉","1","1","2"
"广西猫军五","1","1","2"
"西猫军五万","1","1","2"
"元帅阿思兰","1","1","2"
"帅阿思兰沿","1","1","2"
"连战三日败","1","1","2"
"怀宁县达鲁","1","1","2"
"宁县达鲁花","1","1","2"
"达鲁花赤伯","1","1","2"
"鲁花赤伯家","1","1","2"
"花赤伯家奴","1","1","2"
"赤伯家奴战","1","1","2"
"伯家奴战死","1","1","2"
"赵普胜同青","1","1","2"
"普胜同青军","1","1","2"
"胜同青军两","1","1","2"
"元帅胡伯颜","1","1","2"
"帅胡伯颜统","1","1","2"
"胡伯颜统水","1","1","2"
"伯颜统水军","1","1","2"
"颜统水军戍","1","1","2"
"沔阳陈友谅","1","1","2"
"上游直捣小","1","1","2"
"游直捣小孤","1","1","2"
"直捣小孤山","1","1","2"
"饶州祝寇攻","1","1","2"
"州祝寇攻西","1","1","2"
"祝寇攻西门","1","1","2"
"攻东西二门","1","1","2"
"知尊君亲上","1","1","2"
"授御药院达","1","1","2"
"御药院达鲁","1","1","2"
"药院达鲁花","1","1","2"
"回回药物院","1","1","2"
"山南两道廉","1","1","2"
"两道廉访司","1","1","2"
"召监察御史","2","0","2"
"擢河东道廉","2","0","2"
"醉殴杀姚甲","1","1","2"
"燕南道廉访","1","1","2"
"南道廉访副","1","1","2"
"开州达鲁花","1","1","2"
"民妻俞氏饮","1","1","2"
"答里麻察知","1","1","2"
"朝廷遣宦官","1","1","2"
"廷遣宦官伯","1","1","2"
"遣宦官伯颜","1","1","2"
"宦官伯颜催","1","1","2"
"官伯颜催督","1","1","2"
"伯颜催督绣","1","1","2"
"宣政院判官","1","1","2"
"政院判官术","1","1","2"
"院判官术邻","1","1","2"
"上都同知留","1","1","2"
"都同知留守","1","1","2"
"天历二年八","1","1","2"
"历二年八月","1","1","2"
"帝特赐锦衣","1","1","2"
"赐黄金腰带","1","1","2"
"新李白昼杀","1","1","2"
"李白昼杀掠","1","1","2"
"大都路留守","1","1","2"
"特赐答里麻","1","1","2"
"赐答里麻白","1","1","2"
"答里麻白鹰","1","1","2"
"时年六十九","2","0","2"
"商议中书平","1","1","2"
"议中书平章","1","1","2"
"命脱忽台传","1","1","2"
"脱忽台传旨","1","1","2"
"忽台传旨四","1","1","2"
"台传旨四怯","1","1","2"
"传旨四怯薛","1","1","2"
"赐月鲁帖木","1","1","2"
"朕闻前代皆","1","1","2"
"御史中丞蛮","1","1","2"
"史中丞蛮子","1","1","2"
"翰林学士明","1","1","2"
"林学士明里","1","1","2"
"学士明里董","1","1","2"
"士明里董阿","1","1","2"
"所谓太上皇","1","1","2"
"参议乞失监","1","1","2"
"月鲁帖木御","2","0","2"
"鲁帖木御史","2","0","2"
"帖木御史时","2","0","2"
"皇太后命丞","1","1","2"
"太后命丞相","1","1","2"
"后命丞相哈","1","1","2"
"本省参知政","1","1","2"
"谪月鲁帖木","1","1","2"
"宁安抚司安","1","1","2"
"安抚司安置","1","1","2"
"帖木平章政","2","0","2"
"复淳安等县","1","1","2"
"俘获万余人","1","1","2"
"复业者三万","1","1","2"
"业者三万余","1","1","2"
"者三万余家","1","1","2"
"湖东佥事三","1","1","2"
"东佥事三宝","1","1","2"
"佥事三宝住","1","1","2"
"湖广地连江","1","1","2"
"广地连江北","1","1","2"
"所谓伯父叔","1","1","2"
"谓伯父叔父","1","1","2"
"长宁寺少卿","1","1","2"
"升知侍仪使","1","1","2"
"淮西廉访副","1","1","2"
"决议调兵五","1","1","2"
"议调兵五百","1","1","2"
"遣卫官哈剌","1","1","2"
"卫官哈剌章","1","1","2"
"升本省平章","1","1","2"
"政事秃坚理","1","1","2"
"右司郎中普","1","1","2"
"司郎中普颜","1","1","2"
"弃城退保抚","1","1","2"
"城退保抚州","1","1","2"
"退保抚州路","1","1","2"
"寻陕西行省","2","0","2"
"子丞相脱脱","1","1","2"
"平章政事道","1","1","2"
"章政事道童","1","1","2"
"父阿鲁浑海","1","1","2"
"阿鲁浑海牙","1","1","2"
"广德路达鲁","1","1","2"
"德路达鲁花","1","1","2"
"同知顺州事","1","1","2"
"弓匠提举马","1","1","2"
"匠提举马都","1","1","2"
"会福总管府","1","1","2"
"福总管府治","1","1","2"
"迁崇文太监","2","0","2"
"除佥江浙行","2","0","2"
"江浙行枢密","1","1","2"
"浙行枢密院","1","1","2"
"首建孔子庙","2","0","2"
"行都水监丞","1","1","2"
"粟二十四万","1","1","2"
"二十四万石","1","1","2"
"丞相脱脱南","1","1","2"
"相脱脱南征","1","1","2"
"升吏部侍郎","1","1","2"
"长芦置局造","1","1","2"
"芦置局造海","1","1","2"
"置局造海船","1","1","2"
"局造海船三","1","1","2"
"造海船三百","1","1","2"
"五省八卫军","1","1","2"
"黑军数千人","1","1","2"
"团结西山八","1","1","2"
"结西山八十","1","1","2"
"西山八十二","1","1","2"
"山八十二寨","1","1","2"
"转补御史台","1","1","2"
"补御史台译","1","1","2"
"御史台译史","1","1","2"
"佥山北道肃","1","1","2"
"山北道肃政","1","1","2"
"南北兵马司","1","1","2"
"北兵马司巡","1","1","2"
"礼麻识理能","1","1","2"
"改授塔世帖","1","1","2"
"授塔世帖木","1","1","2"
"留守善安集","1","1","2"
"守善安集兵","1","1","2"
"密遣前宗正","1","1","2"
"鲁忽赤月鲁","1","1","2"
"忽赤月鲁帖","1","1","2"
"赤月鲁帖木","1","1","2"
"罕哈哈剌海","1","1","2"
"哈哈剌海行","1","1","2"
"哈剌海行枢","1","1","2"
"剌海行枢密","1","1","2"
"海行枢密知","1","1","2"
"行枢密知院","1","1","2"
"枢密知院益","1","1","2"
"密知院益老","1","1","2"
"知院益老答","1","1","2"
"皇太子冀宁","2","0","2"
"立上都分省","1","1","2"
"东西手八剌","1","1","2"
"西手八剌哈","1","1","2"
"手八剌哈赤","1","1","2"
"授中书平章","1","1","2"
"辽东丹王突","1","1","2"
"东丹王突欲","1","1","2"
"丹王突欲八","1","1","2"
"王突欲八世","1","1","2"
"突欲八世孙","1","1","2"
"西讨回回国","1","1","2"
"多误触禁网","1","1","2"
"陛下将南伐","1","1","2"
"后命近臣麻","1","1","2"
"命近臣麻里","1","1","2"
"遗文数千卷","1","1","2"
"经国议制寅","1","1","2"
"国议制寅亮","1","1","2"
"议制寅亮佐","1","1","2"
"制寅亮佐运","1","1","2"
"寅亮佐运功","1","1","2"
"亮佐运功臣","1","1","2"
"时年二十三","1","1","2"
"八十一章进","1","1","2"
"奏定法令三","1","1","2"
"定法令三十","1","1","2"
"法令三十七","1","1","2"
"令三十七章","1","1","2"
"诏监修国史","1","1","2"
"二十二年卒","1","1","2"
"使西域三十","1","1","2"
"西域三十余","1","1","2"
"域三十余国","1","1","2"
"名士数十人","1","1","2"
"立宋大儒周","1","1","2"
"平阳道断事","1","1","2"
"阳道断事官","1","1","2"
"道断事官斜","1","1","2"
"断事官斜彻","1","1","2"
"立河南道经","1","1","2"
"河南道经略","1","1","2"
"南道经略司","1","1","2"
"监河桥万户","1","1","2"
"河桥万户刘","1","1","2"
"桥万户刘福","1","1","2"
"河南道总管","1","1","2"
"遗民二十余","1","1","2"
"民二十余年","1","1","2"
"陕右四川宣","1","1","2"
"右四川宣抚","1","1","2"
"四川宣抚使","1","1","2"
"世祖总统东","2","0","2"
"祖总统东师","2","0","2"
"江淮京湖南","1","1","2"
"淮京湖南北","1","1","2"
"京湖南北路","1","1","2"
"湖南北路宣","1","1","2"
"易州定兴人","1","1","2"
"中都经略使","1","1","2"
"都经略使苗","1","1","2"
"经略使苗道","1","1","2"
"略使苗道润","1","1","2"
"清州防御使","1","1","2"
"永定军节度","1","1","2"
"雄州管内观","1","1","2"
"金真定帅武","1","1","2"
"真定帅武仙","1","1","2"
"授柔行军千","1","1","2"
"黄陵冈渡河","1","1","2"
"崔立汴京降","2","0","2"
"大帅太赤攻","1","1","2"
"诏屯兵曹武","1","1","2"
"大帅察罕攻","1","1","2"
"帅察罕攻滁","1","1","2"
"察罕攻滁州","1","1","2"
"柔等八万户","1","1","2"
"等八万户伐","1","1","2"
"八万户伐宋","1","1","2"
"判行工部事","1","1","2"
"授弘略金虎","1","1","2"
"弘略金虎符","1","1","2"
"顺天路管民","1","1","2"
"天路管民总","1","1","2"
"弘略率战船","1","1","2"
"筑宫城总管","1","1","2"
"赐内帑金扣","1","1","2"
"时东海县储","1","1","2"
"能载粟十石","1","1","2"
"载粟十石者","1","1","2"
"粟八万石赈","1","1","2"
"附者十余万","1","1","2"
"者十余万家","1","1","2"
"辽水东西诸","1","1","2"
"水东西诸郡","1","1","2"
"清乐社四十","1","1","2"
"乐社四十余","1","1","2"
"选壮勇万人","1","1","2"
"授马步军都","1","1","2"
"马步军都统","1","1","2"
"二十四万户","1","1","2"
"木华黎攻高","1","1","2"
"华黎攻高州","1","1","2"
"金怀州元帅","1","1","2"
"怀州元帅王","1","1","2"
"州元帅王荣","1","1","2"
"州元帅裴守","1","1","2"
"元帅裴守谦","1","1","2"
"泽州太守王","1","1","2"
"州太守王珍","1","1","2"
"命天倪回军","1","1","2"
"天倪回军真","1","1","2"
"倪回军真定","1","1","2"
"天倪赴真定","1","1","2"
"枢年二十余","1","1","2"
"东京路总管","1","1","2"
"东东西道宣","1","1","2"
"东西道宣慰","1","1","2"
"武勇者二百","1","1","2"
"勇者二百人","1","1","2"
"长山等二十","1","1","2"
"山等二十余","1","1","2"
"等二十余城","1","1","2"
"富庶等十五","1","1","2"
"庶等十五城","1","1","2"
"获金将完颜","1","1","2"
"金将完颜胡","1","1","2"
"将完颜胡速","1","1","2"
"北京留守银","1","1","2"
"京留守银答","1","1","2"
"留守银答忽","1","1","2"
"同知乌古伦","1","1","2"
"说降城子崖","1","1","2"
"楼子崖等二","1","1","2"
"子崖等二十","1","1","2"
"崖等二十余","1","1","2"
"等二十余寨","1","1","2"
"大小百余战","1","1","2"
"西山总帅兵","1","1","2"
"山总帅兵马","1","1","2"
"使赵守玉反","1","1","2"
"复聚众攻龙","1","1","2"
"聚众攻龙山","1","1","2"
"斩首八千级","1","1","2"
"进克中兴府","1","1","2"
"斩首五十级","1","1","2"
"锦州旧将杜","1","1","2"
"州旧将杜节","1","1","2"
"黑军五百人","1","1","2"
"授提控元帅","1","1","2"
"耶律神都马","1","1","2"
"迁镇国上将","2","0","2"
"利州节度使","1","1","2"
"所部降民都","1","1","2"
"部降民都总","1","1","2"
"监军兵马元","1","1","2"
"军兵马元帅","1","1","2"
"等八十余城","1","1","2"
"坊等五十余","1","1","2"
"等五十余城","1","1","2"
"木华黎攻青","1","1","2"
"华黎攻青龙","1","1","2"
"获壮士五千","1","1","2"
"壮士五千人","1","1","2"
"木华黎上功","2","0","2"
"授右副北京","1","1","2"
"右副北京等","1","1","2"
"副北京等七","1","1","2"
"北京等七路","1","1","2"
"京等七路兵","1","1","2"
"等七路兵马","1","1","2"
"利州等处总","1","1","2"
"州等处总管","1","1","2"
"霸州御衣局","1","1","2"
"州御衣局人","1","1","2"
"御衣局人匠","1","1","2"
"衣局人匠都","1","1","2"
"局人匠都达","1","1","2"
"人匠都达鲁","1","1","2"
"匠都达鲁花","1","1","2"
"行北京七路","1","1","2"
"北京七路兵","1","1","2"
"京七路兵马","1","1","2"
"马都元帅府","1","1","2"
"真定藁城人","1","1","2"
"金将武仙真","2","0","2"
"永安节度使","1","1","2"
"安节度使刘","1","1","2"
"节度使刘成","1","1","2"
"度使刘成叛","1","1","2"
"河西征云南","1","1","2"
"西征云南大","1","1","2"
"征云南大理","1","1","2"
"发沿边蒙古","1","1","2"
"持诏宣谕边","1","1","2"
"诏宣谕边郡","1","1","2"
"丞张文谦宣","2","0","2"
"帅阔阔带统","1","1","2"
"阔阔带统兵","1","1","2"
"兴等路行省","1","1","2"
"等路行省郎","1","1","2"
"路行省郎中","1","1","2"
"东东西道巡","1","1","2"
"东西道巡行","1","1","2"
"西道巡行劝","1","1","2"
"天下劝农使","1","1","2"
"侍世祖潜邸","2","0","2"
"卢甲盗剪官","1","1","2"
"甲盗剪官布","1","1","2"
"近臣突满分","1","1","2"
"士承旨王磐","1","1","2"
"授正议大夫","1","1","2"
"金东平行台","1","1","2"
"东平行台调","1","1","2"
"平行台调民","1","1","2"
"泰安张汝楫","1","1","2"
"遣将攻长清","1","1","2"
"功授长清尉","1","1","2"
"金河南军攻","1","1","2"
"河南军攻彰","1","1","2"
"南军攻彰德","1","1","2"
"实请主将张","1","1","2"
"请主将张林","1","1","2"
"谒太师木华","1","1","2"
"彭义斌率师","1","1","2"
"取京东州县","1","1","2"
"义斌下真定","1","1","2"
"逃归益都者","1","1","2"
"归益都者数","1","1","2"
"益都者数十","1","1","2"
"都者数十人","1","1","2"
"奉旨讨女真","1","1","2"
"留哥率所部","1","1","2"
"立妻姚里氏","1","1","2"
"著拨行元帅","1","1","2"
"拨行元帅府","1","1","2"
"遣宣抚万奴","1","1","2"
"安东同知阿","1","1","2"
"东同知阿怜","1","1","2"
"金左副元帅","1","1","2"
"左副元帅移","1","1","2"
"副元帅移剌","1","1","2"
"元帅移剌都","1","1","2"
"特哥娶万奴","1","1","2"
"等劝留哥称","1","1","2"
"劝留哥称帝","1","1","2"
"附大蒙古国","1","1","2"
"金币九十车","1","1","2"
"金银牌五百","1","1","2"
"按坦孛都罕","1","1","2"
"坦孛都罕入","1","1","2"
"留哥仗义效","1","1","2"
"凡留哥所献","1","1","2"
"命赐金虎符","1","1","2"
"蒙古三百人","1","1","2"
"留哥遣大夫","1","1","2"
"哥遣大夫乞","1","1","2"
"遣大夫乞奴","1","1","2"
"留哥兄独剌","1","1","2"
"推丞相乞奴","1","1","2"
"东夏国元帅","1","1","2"
"夏国元帅胡","1","1","2"
"威宁防城千","1","1","2"
"宁防城千户","1","1","2"
"兵马副元帅","1","1","2"
"同国王木华","1","1","2"
"木华黎攻破","1","1","2"
"华黎攻破燕","1","1","2"
"黎攻破燕京","1","1","2"
"大军攻下山","1","1","2"
"军攻下山东","1","1","2"
"攻下山东诸","1","1","2"
"下山东诸州","1","1","2"
"赐名马二十","1","1","2"
"名马二十匹","1","1","2"
"闻喜诸州县","1","1","2"
"大小数百战","1","1","2"
"本部十三人","1","1","2"
"杀金兵数人","1","1","2"
"木华黎攻凤","1","1","2"
"华黎攻凤翔","1","1","2"
"延攻破东平","1","1","2"
"金降将武仙","1","1","2"
"金将忽察虎","1","1","2"
"兵四十万复","1","1","2"
"四十万复取","1","1","2"
"十万复取山","1","1","2"
"万复取山后","1","1","2"
"复取山后诸","1","1","2"
"取山后诸州","1","1","2"
"斩首数万级","1","1","2"
"乘胜攻破香","1","1","2"
"胜攻破香山","1","1","2"
"攻破香山寨","1","1","2"
"同都元帅答","1","1","2"
"都元帅答海","1","1","2"
"元帅答海绀","1","1","2"
"帅答海绀卜","1","1","2"
"答海绀卜征","1","1","2"
"海绀卜征西","1","1","2"
"绀卜征西川","1","1","2"
"改授都总管","1","1","2"
"授都总管万","1","1","2"
"都总管万户","1","1","2"
"陕西诸军万","1","1","2"
"西诸军万户","1","1","2"
"夹谷忙古歹","1","1","2"
"应州郭志全","1","1","2"
"州郭志全反","1","1","2"
"时密力火者","1","1","2"
"密力火者握","1","1","2"
"力火者握重","1","1","2"
"火者握重兵","1","1","2"
"成都路军民","1","1","2"
"都路军民经","1","1","2"
"路军民经略","1","1","2"
"宋泸州守将","1","1","2"
"泸州守将刘","1","1","2"
"州守将刘整","1","1","2"
"献金六千两","1","1","2"
"金分赐将士","1","1","2"
"宋泸州主帅","1","1","2"
"泸州主帅俞","1","1","2"
"州主帅俞兴","1","1","2"
"左右劝元振","1","1","2"
"斩都统一人","1","1","2"
"陈擅造金银","1","1","2"
"擅造金银牌","1","1","2"
"授成都军民","1","1","2"
"成都军民经","1","1","2"
"都军民经略","1","1","2"
"成都副万户","1","1","2"
"潼川路副招","1","1","2"
"川路副招讨","1","1","2"
"路副招讨使","1","1","2"
"京兆路奥鲁","1","1","2"
"兆路奥鲁万","1","1","2"
"路奥鲁万户","1","1","2"
"置夏贵率军","1","1","2"
"夏贵率军五","1","1","2"
"贵率军五万","1","1","2"
"潼川非国家","1","1","2"
"生擒千余人","1","1","2"
"赐锦衣二袭","1","1","2"
"成都三百六","1","1","2"
"都三百六十","1","1","2"
"三百六十里","1","1","2"
"命平章赵宝","1","1","2"
"平章赵宝臣","1","1","2"
"延安路总管","1","1","2"
"华州郑县人","1","1","2"
"木华黎引见","1","1","2"
"华黎引见太","1","1","2"
"黎引见太祖","1","1","2"
"问宝玉攻取","1","1","2"
"抄马都镇抚","1","1","2"
"木华黎取永","1","1","2"
"华黎取永清","1","1","2"
"讨契丹遗族","1","1","2"
"古徐鬼国讹","1","1","2"
"徐鬼国讹夷","1","1","2"
"鬼国讹夷朵","1","1","2"
"国讹夷朵等","1","1","2"
"讹夷朵等城","1","1","2"
"斩大将佐里","1","1","2"
"收马里四城","1","1","2"
"弗叉国唯算","1","1","2"
"叉国唯算端","1","1","2"
"国唯算端罕","1","1","2"
"吐蕃帅尼伦","1","1","2"
"回纥帅阿必","1","1","2"
"纥帅阿必丁","1","1","2"
"帅阿必丁反","1","1","2"
"直捣风陵渡","1","1","2"
"捣风陵渡寨","1","1","2"
"破南山八十","1","1","2"
"南山八十三","1","1","2"
"山八十三寨","1","1","2"
"导大将魁欲","1","1","2"
"金将武仙军","1","1","2"
"将武仙军十","1","1","2"
"武仙军十万","1","1","2"
"仙军十万遇","1","1","2"
"斩首二万余","1","1","2"
"首二万余级","1","1","2"
"移剌粘哥军","1","1","2"
"试天下僧尼","1","1","2"
"天下僧尼道","1","1","2"
"下僧尼道士","1","1","2"
"选精通经文","1","1","2"
"精通经文者","1","1","2"
"通经文者千","1","1","2"
"经文者千人","1","1","2"
"小通事合住","1","1","2"
"相史天泽所","1","1","2"
"史天泽所器","1","1","2"
"天泽所器重","1","1","2"
"元帅崔立降","1","1","2"
"王旭烈兀西","1","1","2"
"旭烈兀西征","1","1","2"
"守将火者纳","1","1","2"
"将火者纳失","1","1","2"
"旭烈兀遣侃","1","1","2"
"破游兵三万","1","1","2"
"地方八千里","1","1","2"
"父子相传四","1","1","2"
"子相传四十","1","1","2"
"相传四十二","1","1","2"
"传四十二世","1","1","2"
"七十二弦琵","1","1","2"
"十二弦琵琶","1","1","2"
"五尺珊瑚灯","1","1","2"
"西行三千里","1","1","2"
"将住石致书","1","1","2"
"住石致书请","1","1","2"
"石致书请降","1","1","2"
"旭烈兀命侃","1","1","2"
"烈兀命侃西","1","1","2"
"兀命侃西渡","1","1","2"
"命侃西渡海","1","1","2"
"兴学校等二","1","1","2"
"学校等二十","1","1","2"
"校等二十五","1","1","2"
"等二十五事","1","1","2"
"汉大都督府","1","1","2"
"大都督府理","1","1","2"
"都督府理问","1","1","2"
"督府理问官","1","1","2"
"徐州总管李","1","1","2"
"州总管李杲","1","1","2"
"邳二州总管","1","1","2"
"夺战舰二百","1","1","2"
"立屯田三百","1","1","2"
"屯田三百六","1","1","2"
"田三百六十","1","1","2"
"三百六十所","1","1","2"
"屯置牛三百","1","1","2"
"置牛三百六","1","1","2"
"牛三百六十","1","1","2"
"三百六十具","1","1","2"
"武城等五县","1","1","2"
"济南道士胡","1","1","2"
"南道士胡王","1","1","2"
"道士胡王反","1","1","2"
"大小二百余","1","1","2"
"小二百余战","1","1","2"
"常身先士卒","1","1","2"
"木华黎征陕","1","1","2"
"陕西河东路","1","1","2"
"西河东路行","1","1","2"
"河东路行台","1","1","2"
"东路行台兵","1","1","2"
"路行台兵马","1","1","2"
"行台兵马都","1","1","2"
"台兵马都元","1","1","2"
"劲兵五千留","1","1","2"
"兵五千留守","1","1","2"
"五千留守葭","1","1","2"
"千留守葭芦","1","1","2"
"闻太祖举兵","1","1","2"
"锦等二十六","1","1","2"
"等二十六城","1","1","2"
"破五十四寨","1","1","2"
"平利州贼刘","1","1","2"
"利州贼刘四","1","1","2"
"州贼刘四禄","1","1","2"
"马都提控元","1","1","2"
"都提控元帅","1","1","2"
"木华黎攻益","1","1","2"
"华黎攻益都","1","1","2"
"等三十二城","1","1","2"
"义州开义人","1","1","2"
"杨伯杰等掠","1","1","2"
"伯杰等掠义","1","1","2"
"杰等掠义州","1","1","2"
"川等州节度","1","1","2"
"等州节度使","1","1","2"
"崇义军节度","1","1","2"
"义军节度使","1","1","2"
"义州管内观","1","1","2"
"金平章政事","1","1","2"
"平章政事葛","1","1","2"
"咸平路宣抚","1","1","2"
"路宣抚使蒲","1","1","2"
"撒里台进讨","1","1","2"
"宣城等十余","1","1","2"
"城等十余城","1","1","2"
"兄淮安公奉","1","1","2"
"淮安公奉表","1","1","2"
"安公奉表纳","1","1","2"
"公奉表纳贡","1","1","2"
"大将唐兀台","1","1","2"
"将唐兀台讨","1","1","2"
"卿父子勤劳","1","1","2"
"主帅察罕伐","1","1","2"
"帅察罕伐宋","1","1","2"
"师次阳罗堡","2","0","2"
"夏贵率战舰","1","1","2"
"夺舟千余艘","1","1","2"
"太平路军民","1","1","2"
"平路军民达","1","1","2"
"路军民达鲁","1","1","2"
"擢参议中书","2","0","2"
"察御史郭章","1","1","2"
"哈剌哈孙受","1","1","2"
"剌哈孙受赃","1","1","2"
"赐黑貂裘一","1","1","2"
"建诸葛亮祠","1","1","2"
"河东南路兵","1","1","2"
"东南路兵马","1","1","2"
"南路兵马都","1","1","2"
"知平阳府事","1","1","2"
"本路兵马都","1","1","2"
"北面凿城先","1","1","2"
"元七年正月","1","1","2"
"七年正月卒","1","1","2"
"尚书奏事官","1","1","2"
"书奏事官脱","1","1","2"
"奏事官脱迭","1","1","2"
"阿海兄弟皆","1","1","2"
"进攻西夏诸","1","1","2"
"攻西夏诸国","1","1","2"
"攻下紫荆关","1","1","2"
"木华黎取中","1","1","2"
"华黎取中原","1","1","2"
"寻斯干等城","1","1","2"
"元帅左监军","1","1","2"
"织匠五百户","1","1","2"
"郡王迄忒麾","1","1","2"
"王迄忒麾下","1","1","2"
"九原府主帅","1","1","2"
"都元帅塔海","1","1","2"
"元帅塔海征","1","1","2"
"帅塔海征蜀","1","1","2"
"重兵守剑阁","1","1","2"
"疮痕二十一","1","1","2"
"延安五路万","1","1","2"
"安五路万户","1","1","2"
"河东北路行","1","1","2"
"东北路行省","1","1","2"
"云中蔚州人","1","1","2"
"王木华黎驻","1","1","2"
"木华黎驻兵","1","1","2"
"华黎驻兵桓","1","1","2"
"黎驻兵桓州","1","1","2"
"授冀州行军","1","1","2"
"冀州行军都","1","1","2"
"州行军都元","1","1","2"
"行军都元帅","1","1","2"
"真定二路达","1","1","2"
"定二路达鲁","1","1","2"
"立十道宣慰","1","1","2"
"顺天宣慰使","1","1","2"
"行右三部事","1","1","2"
"授秘书少监","1","1","2"
"购求天下秘","1","1","2"
"求天下秘书","1","1","2"
"京南建春宫","1","1","2"
"遣右副元帅","1","1","2"
"右副元帅神","1","1","2"
"副元帅神撒","1","1","2"
"将完颜合住","1","1","2"
"监军阿兴松","1","1","2"
"军阿兴松哥","1","1","2"
"兵万二千人","2","0","2"
"涿州宣封寨","1","1","2"
"士卒均劳逸","1","1","2"
"山东地广人","1","1","2"
"东地广人稠","1","1","2"
"大将阿术鲁","1","1","2"
"将阿术鲁恐","1","1","2"
"荣单骑入城","1","1","2"
"单骑入城抚","1","1","2"
"真定宁晋人","1","1","2"
"金将李伯祥","1","1","2"
"大军南取钜","1","1","2"
"军南取钜鹿","1","1","2"
"遇金监军纳","1","1","2"
"金监军纳兰","1","1","2"
"监军纳兰率","1","1","2"
"军纳兰率冀","1","1","2"
"纳兰率冀州","1","1","2"
"兰率冀州节","1","1","2"
"率冀州节度","1","1","2"
"冀州节度使","1","1","2"
"州节度使柴","1","1","2"
"度使柴茂等","1","1","2"
"兵万余北行","1","1","2"
"顺天都元帅","1","1","2"
"天都元帅张","1","1","2"
"都元帅张柔","1","1","2"
"元帅张柔上","1","1","2"
"深州节度使","1","1","2"
"赵三州招抚","1","1","2"
"三州招抚使","1","1","2"
"小数十战皆","1","1","2"
"数十战皆捷","1","1","2"
"遣使送银牌","1","1","2"
"使送银牌十","1","1","2"
"安武军节度","1","1","2"
"冀二州元帅","1","1","2"
"二州元帅府","1","1","2"
"州元帅府事","1","1","2"
"伯祥退保沥","1","1","2"
"祥退保沥城","1","1","2"
"元帅府监军","1","1","2"
"赵州四十寨","1","1","2"
"将彭义斌大","2","0","2"
"彭义斌大名","2","0","2"
"史天泽诸将","1","1","2"
"真定五路万","1","1","2"
"定五路万户","1","1","2"
"赵州庆源军","1","1","2"
"州庆源军节","1","1","2"
"源军节度副","1","1","2"
"军节度副使","1","1","2"
"家奴二百余","1","1","2"
"奴二百余口","1","1","2"
"驸马伯忽里","1","1","2"
"算大小一切","1","1","2"
"大小一切诸","1","1","2"
"小一切诸衙","1","1","2"
"一切诸衙门","1","1","2"
"切诸衙门等","1","1","2"
"诸衙门等事","1","1","2"
"官吏数百人","1","1","2"
"同知节度使","1","1","2"
"知节度使事","1","1","2"
"男女千余人","1","1","2"
"恒州等处都","1","1","2"
"太宗攻河南","1","1","2"
"攻河南诸郡","1","1","2"
"招降民十余","1","1","2"
"降民十余万","1","1","2"
"诸路元差军","1","1","2"
"路元差军五","1","1","2"
"元差军五千","1","1","2"
"差军五千人","1","1","2"
"部属肖撤八","1","1","2"
"耨邻金银符","1","1","2"
"赣州崖石寨","1","1","2"
"密令知府李","1","1","2"
"令知府李济","1","1","2"
"同知中山府","1","1","2"
"中山真定等","1","1","2"
"山真定等路","1","1","2"
"真定等路招","1","1","2"
"定等路招讨","1","1","2"
"加右副元帅","1","1","2"
"骠骑大将军","1","1","2"
"善行帅府事","1","1","2"
"金吾卫大将","1","1","2"
"吾卫大将军","1","1","2"
"仙狼子野心","1","1","2"
"俘老幼四千","1","1","2"
"老幼四千人","1","1","2"
"幼四千人南","1","1","2"
"将马伯坚素","1","1","2"
"马伯坚素闻","1","1","2"
"藁城王元帅","1","1","2"
"伯坚果率众","1","1","2"
"西路兵马副","1","1","2"
"路兵马副都","1","1","2"
"兵马副都总","1","1","2"
"马副都总管","1","1","2"
"授知中山府","1","1","2"
"汾州西河人","1","1","2"
"上党公张开","1","1","2"
"金守将突围","1","1","2"
"沁源诸县皆","1","1","2"
"霸州平曲水","1","1","2"
"州平曲水寨","1","1","2"
"平曲水寨管","1","1","2"
"曲水寨管民","1","1","2"
"水寨管民官","1","1","2"
"京都元帅吾","1","1","2"
"锦州红罗山","1","1","2"
"北京东路汉","1","1","2"
"京东路汉军","1","1","2"
"东路汉军二","1","1","2"
"路汉军二万","1","1","2"
"令兵士屯田","1","1","2"
"国王塔思征","1","1","2"
"王塔思征河","1","1","2"
"塔思征河南","1","1","2"
"木华黎麾下","1","1","2"
"锦州张鲸兄","1","1","2"
"州张鲸兄弟","1","1","2"
"镇戎军节度","1","1","2"
"戎军节度使","1","1","2"
"汾西霍山诸","1","1","2"
"西霍山诸栅","1","1","2"
"攻破桢州雷","1","1","2"
"破桢州雷家","1","1","2"
"桢州雷家堡","1","1","2"
"总管京兆等","1","1","2"
"管京兆等路","1","1","2"
"京兆等路事","1","1","2"
"后追封西秦","1","1","2"
"追封西秦王","1","1","2"
"同知大名路","1","1","2"
"知大名路兵","1","1","2"
"大名路兵马","1","1","2"
"名路兵马都","1","1","2"
"马都总管事","1","1","2"
"袭行军千户","2","0","2"
"野人原写山","1","1","2"
"人原写山寨","1","1","2"
"修白河新城","1","1","2"
"张世杰大战","1","1","2"
"功升宣武将","1","1","2"
"升宣武将军","1","1","2"
"处州路总管","1","1","2"
"万户忽都台","1","1","2"
"掠子女金帛","1","1","2"
"龙泉县张三","1","1","2"
"泉县张三八","1","1","2"
"杀庆元县达","1","1","2"
"庆元县达鲁","1","1","2"
"元县达鲁花","1","1","2"
"三千余人战","1","1","2"
"斩首三百余","1","1","2"
"首三百余级","1","1","2"
"晁海相继降","1","1","2"
"海相继降宋","1","1","2"
"国王孛罗征","1","1","2"
"行台马步军","1","1","2"
"台马步军都","1","1","2"
"马步军都总","1","1","2"
"镇国大将军","1","1","2"
"平路行军千","1","1","2"
"路行军千户","1","1","2"
"将士十五人","1","1","2"
"知东平府事","1","1","2"
"欲赐晋亨金","1","1","2"
"赐晋亨金虎","1","1","2"
"晋亨金虎符","1","1","2"
"恩州管民万","1","1","2"
"州管民万户","1","1","2"
"本道奥鲁万","1","1","2"
"道奥鲁万户","1","1","2"
"太祖遣兵攻","1","1","2"
"祖遣兵攻破","1","1","2"
"遣兵攻破河","1","1","2"
"兵攻破河朔","1","1","2"
"军前都弹压","1","1","2"
"浚等处行元","1","1","2"
"等处行元帅","1","1","2"
"处行元帅府","1","1","2"
"大名路安抚","1","1","2"
"名路安抚使","1","1","2"
"元帅梁仲先","1","1","2"
"帅梁仲先发","1","1","2"
"破金将武仙","1","1","2"
"国王命仲妻","1","1","2"
"王命仲妻冉","1","1","2"
"命仲妻冉守","1","1","2"
"仲妻冉守真","1","1","2"
"大名路尚书","1","1","2"
"名路尚书省","1","1","2"
"路尚书省下","1","1","2"
"尚书省下都","1","1","2"
"书省下都元","1","1","2"
"省下都元帅","1","1","2"
"授同佥大名","1","1","2"
"同佥大名行","1","1","2"
"佥大名行省","1","1","2"
"大名行省事","1","1","2"
"珍常身先诸","1","1","2"
"本路军马管","1","1","2"
"路军马管民","1","1","2"
"军马管民次","1","1","2"
"马管民次官","1","1","2"
"燕京宝坻人","1","1","2"
"元帅阿术鲁","1","1","2"
"定西夏诸部","1","1","2"
"阿术鲁攻信","1","1","2"
"术鲁攻信安","1","1","2"
"帅张进数月","1","1","2"
"地方数千里","1","1","2"
"率劲卒数人","1","1","2"
"太弟国王驻","1","1","2"
"弟国王驻兵","1","1","2"
"国王驻兵河","1","1","2"
"王驻兵河上","1","1","2"
"命总管新附","1","1","2"
"总管新附军","1","1","2"
"管新附军民","1","1","2"
"哥种田民户","1","1","2"
"种田民户租","1","1","2"
"田民户租赋","1","1","2"
"阿术鲁攻归","1","1","2"
"术鲁攻归德","1","1","2"
"东平军马攻","1","1","2"
"平军马攻钓","1","1","2"
"军马攻钓鱼","1","1","2"
"马攻钓鱼山","1","1","2"
"攻钓鱼山苦","1","1","2"
"钓鱼山苦竹","1","1","2"
"鱼山苦竹寨","1","1","2"
"德州军民总","1","1","2"
"武卫军副都","1","1","2"
"卫军副都指","1","1","2"
"遣使招复亨","1","1","2"
"征东左副都","1","1","2"
"招降淮南诸","1","1","2"
"降淮南诸郡","1","1","2"
"淮南诸郡邑","1","1","2"
"加奉国上将","1","1","2"
"授进义副尉","1","1","2"
"屯田总管下","1","1","2"
"田总管下丁","1","1","2"
"颍州副万户","1","1","2"
"绍兴浙江五","1","1","2"
"兴浙江五翼","1","1","2"
"浙江五翼军","1","1","2"
"子良率千余","1","1","2"
"良率千余人","1","1","2"
"新城数万口","1","1","2"
"总管陕西东","1","1","2"
"管陕西东路","1","1","2"
"陕西东路兵","1","1","2"
"西东路兵马","1","1","2"
"东路都总帅","1","1","2"
"升京东路行","1","1","2"
"京东路行尚","1","1","2"
"东路行尚书","1","1","2"
"管元附军民","2","0","2"
"归德府总管","1","1","2"
"丞相阿术军","1","1","2"
"济南诸路新","1","1","2"
"南诸路新军","1","1","2"
"诸路新军千","1","1","2"
"路新军千户","1","1","2"
"同知淮西道","1","1","2"
"知淮西道宣","1","1","2"
"七年二月卒","1","1","2"
"权行军万户","1","1","2"
"改本路诸军","1","1","2"
"本路诸军镇","1","1","2"
"路诸军镇抚","1","1","2"
"提控经历司","1","1","2"
"平路总管府","1","1","2"
"路总管府参","1","1","2"
"总管府参议","1","1","2"
"博州防御使","1","1","2"
"东平路元帅","1","1","2"
"孛里海率兵","1","1","2"
"皇太弟拖雷","1","1","2"
"太弟拖雷南","1","1","2"
"弟拖雷南渡","1","1","2"
"改授征行千","1","1","2"
"授征行千户","1","1","2"
"单三州管民","1","1","2"
"三州管民总","1","1","2"
"州管民总管","1","1","2"
"紥剌温火赤","2","0","2"
"济南历城县","1","1","2"
"南历城县人","1","1","2"
"功授中翼都","1","1","2"
"授中翼都统","1","1","2"
"陈州七十里","1","1","2"
"斌知青陵多","1","1","2"
"升济南新旧","1","1","2"
"济南新旧军","1","1","2"
"南新旧军万","1","1","2"
"赐银六十锭","1","1","2"
"攻破盘山寨","1","1","2"
"将赵牛子降","1","1","2"
"改四川北道","2","0","2"
"德兴禅房山","1","1","2"
"赐世亨银章","1","1","2"
"入终南山读","1","1","2"
"终南山读书","1","1","2"
"缙山元帅府","1","1","2"
"招集山西溃","1","1","2"
"大军破紫荆","1","1","2"
"军破紫荆关","1","1","2"
"节度使孙吴","1","1","2"
"度使孙吴坚","1","1","2"
"使孙吴坚守","1","1","2"
"行尚书六部","1","1","2"
"尚书六部事","1","1","2"
"太傅猛安率","1","1","2"
"傅猛安率兵","1","1","2"
"猛安率兵南","1","1","2"
"安率兵南征","1","1","2"
"仁义取天下","1","1","2"
"命驸马孛秃","1","1","2"
"太弟国王分","1","1","2"
"诸侯王城邑","1","1","2"
"判三司副使","1","1","2"
"旧人王宣抚","1","1","2"
"率诸生行释","2","0","2"
"诸生行释菜","2","0","2"
"生行释菜礼","2","0","2"
"士卒运木石","1","1","2"
"守谦率军讨","1","1","2"
"愿入城访求","1","1","2"
"入城访求亲","1","1","2"
"城访求亲族","1","1","2"
"族人数十口","1","1","2"
"人数十口归","1","1","2"
"奉命持国书","1","1","2"
"命持国书使","1","1","2"
"吏多乘乱贪","1","1","2"
"多乘乱贪暴","1","1","2"
"山公武仙降","1","1","2"
"史天倪副帅","1","1","2"
"源军节度使","1","1","2"
"真定等路万","1","1","2"
"定等路万户","1","1","2"
"等路万户府","1","1","2"
"路万户府参","1","1","2"
"万户府参谋","1","1","2"
"追封寿国公","1","1","2"
"东平路奏差","1","1","2"
"平路奏差官","1","1","2"
"本府总管代","1","1","2"
"府总管代行","1","1","2"
"冠氏等十七","1","1","2"
"氏等十七城","1","1","2"
"等十七城改","1","1","2"
"十七城改隶","1","1","2"
"泰定军节度","1","1","2"
"兖州管内观","1","1","2"
"宋丞相富弼","1","1","2"
"丞相富弼镇","1","1","2"
"守雄州北门","1","1","2"
"州人开南门","1","1","2"
"金将武仙杀","1","1","2"
"诏赐井陉北","1","1","2"
"世祖命德裕","1","1","2"
"焦山寺主僧","1","1","2"
"丞相伯颜杀","1","1","2"
"相伯颜杀丁","1","1","2"
"伯颜杀丁家","1","1","2"
"颜杀丁家洲","1","1","2"
"杀丁家洲降","1","1","2"
"丁家洲降卒","1","1","2"
"郡守许定国","1","1","2"
"守许定国等","1","1","2"
"许定国等四","1","1","2"
"定国等四人","1","1","2"
"二十五年卒","1","1","2"
"帝命中书令","1","1","2"
"命中书令耶","1","1","2"
"赐名蒙古台","1","1","2"
"边将劫皇子","1","1","2"
"将劫皇子北","1","1","2"
"劫皇子北安","1","1","2"
"逆顺祸福理","2","0","2"
"况臣才识浅","1","1","2"
"臣才识浅薄","1","1","2"
"丞相安童尝","2","0","2"
"金龙头杖赐","1","1","2"
"乾州奉天人","1","1","2"
"况河南兵荒","1","1","2"
"参议京兆宣","1","1","2"
"议京兆宣抚","1","1","2"
"京兆宣抚司","1","1","2"
"兆宣抚司事","1","1","2"
"贿赂相交结","1","1","2"
"监筑上都城","1","1","2"
"留右丞阿里","1","1","2"
"室子孙流寓","1","1","2"
"南安李梓发","1","1","2"
"安李梓发作","1","1","2"
"李梓发作乱","1","1","2"
"遣才子八人","1","1","2"
"太祖命哈赤","1","1","2"
"祖命哈赤吉","1","1","2"
"杀所置达鲁","1","1","2"
"福源招集北","1","1","2"
"四十余城遗","1","1","2"
"十余城遗民","1","1","2"
"复遣撒礼塔","2","0","2"
"王京处仁城","1","1","2"
"归附高丽军","1","1","2"
"附高丽军民","1","1","2"
"高丽军民长","1","1","2"
"丽军民长官","1","1","2"
"命唐古拔都","1","1","2"
"洞三州山城","1","1","2"
"定宗命阿母","1","1","2"
"宗命阿母罕","1","1","2"
"威州平虏城","1","1","2"
"高丽族子王","1","1","2"
"王头辇哥讨","1","1","2"
"头辇哥讨平","1","1","2"
"命茶丘率兵","1","1","2"
"帝遣侍卫亲","1","1","2"
"亲军千户王","1","1","2"
"军千户王岑","1","1","2"
"罗州道监造","1","1","2"
"州道监造战","1","1","2"
"道监造战船","1","1","2"
"侄金永等七","1","1","2"
"金永等七人","1","1","2"
"欣都率兵渡","1","1","2"
"都率兵渡海","1","1","2"
"授东征右副","1","1","2"
"东征右副都","1","1","2"
"征右副都元","1","1","2"
"都元帅忽敦","1","1","2"
"元帅忽敦等","1","1","2"
"丞相伯颜北","1","1","2"
"相伯颜北征","1","1","2"
"伯颜北征叛","1","1","2"
"颜北征叛臣","1","1","2"
"高丽金州合","1","1","2"
"丽金州合浦","1","1","2"
"丞范文虎等","1","1","2"
"定海等处渡","1","1","2"
"海等处渡海","1","1","2"
"监造战船七","1","1","2"
"造战船七百","1","1","2"
"二十一年十","1","1","2"
"颜骑兵万余","1","1","2"
"叛王哈丹等","1","1","2"
"王哈丹等窜","1","1","2"
"哈丹等窜入","1","1","2"
"丹等窜入高","1","1","2"
"等窜入高丽","1","1","2"
"辽阳二千里","1","1","2"
"赐金字圆符","1","1","2"
"高丽民三百","1","1","2"
"丽民三百人","1","1","2"
"帅孛鲁罕袭","1","1","2"
"命伯颜伐宋","1","1","2"
"命右卫指挥","1","1","2"
"右卫指挥使","1","1","2"
"卫指挥使秃","1","1","2"
"挥使秃满歹","1","1","2"
"使秃满歹率","1","1","2"
"秃满歹率轻","1","1","2"
"二万攻淮安","1","1","2"
"古汉军都镇","1","1","2"
"汉军都镇抚","1","1","2"
"帝命秃满歹","1","1","2"
"宋黄州制置","1","1","2"
"黄州制置使","1","1","2"
"州制置使陈","1","1","2"
"制置使陈奕","1","1","2"
"置使陈奕降","1","1","2"
"帅孛鲁罕攻","1","1","2"
"海州安抚丁","1","1","2"
"州安抚丁顺","1","1","2"
"安抚丁顺约","1","1","2"
"孛鲁罕令君","1","1","2"
"鲁罕令君祥","1","1","2"
"加辅国上将","2","0","2"
"授辽阳行省","1","1","2"
"东南海口辛","1","1","2"
"南海口辛桥","1","1","2"
"裁减久任官","1","1","2"
"知枢密院暗","1","1","2"
"枢密院暗伯","1","1","2"
"密院暗伯等","1","1","2"
"院暗伯等奏","1","1","2"
"君祥始终一","1","1","2"
"祥始终一心","1","1","2"
"设儒学提举","1","1","2"
"儒学提举官","1","1","2"
"商议辽阳等","1","1","2"
"议辽阳等处","1","1","2"
"改商议行省","1","1","2"
"商议行省事","1","1","2"
"攻二里散关","1","1","2"
"宋将余侍郎","1","1","2"
"将余侍郎烧","1","1","2"
"鼎率众修复","1","1","2"
"阳城县军民","1","1","2"
"城县军民长","1","1","2"
"县军民长官","1","1","2"
"六盘山经临","1","1","2"
"盘山经临洮","1","1","2"
"下西蕃诸城","1","1","2"
"太原两路万","1","1","2"
"原两路万户","1","1","2"
"北两路宣抚","1","1","2"
"两路宣抚使","1","1","2"
"改佥书西蜀","1","1","2"
"佥书西蜀四","1","1","2"
"书西蜀四川","1","1","2"
"改授淮西宣","1","1","2"
"授淮西宣慰","1","1","2"
"帝顾左右曰","2","0","2"
"战功授怀远","1","1","2"
"功授怀远大","1","1","2"
"赐白金五千","1","1","2"
"内台侍御史","1","1","2"
"广行枢密副","1","1","2"
"道经庐陵永","1","1","2"
"经庐陵永新","1","1","2"
"万户张柔屯","1","1","2"
"时荆山西九","1","1","2"
"荆山西九十","1","1","2"
"山西九十里","1","1","2"
"河南经略大","1","1","2"
"南经略大使","1","1","2"
"进伐木开道","1","1","2"
"伐木开道七","1","1","2"
"木开道七百","1","1","2"
"开道七百余","1","1","2"
"道七百余里","1","1","2"
"战舰三百余","1","1","2"
"泊黑石峡东","1","1","2"
"河西中兴府","1","1","2"
"改授左翼屯","1","1","2"
"授左翼屯田","1","1","2"
"左翼屯田万","1","1","2"
"巩昌盐川人","1","1","2"
"镇远军节度","1","1","2"
"远军节度使","1","1","2"
"巩昌便宜总","1","1","2"
"昌便宜总帅","1","1","2"
"敢背主失节","1","1","2"
"斩首三千余","1","1","2"
"首三千余级","1","1","2"
"巩等二十余","1","1","2"
"等二十余州","1","1","2"
"二十余州事","1","1","2"
"十余州事皆","1","1","2"
"余州事皆听","1","1","2"
"骁将葛铁枪","1","1","2"
"生擒葛铁枪","1","1","2"
"天泽遣锐卒","1","1","2"
"泽遣锐卒五","1","1","2"
"遣锐卒五十","1","1","2"
"者三百余人","2","0","2"
"西山抱犊寨","1","1","2"
"济南五路万","1","1","2"
"南五路万户","1","1","2"
"将完颜合达","1","1","2"
"败一都尉军","1","1","2"
"斩金将完颜","1","1","2"
"金将完颜庆","1","1","2"
"将完颜庆山","1","1","2"
"完颜庆山奴","1","1","2"
"令完颜白撒","1","1","2"
"天泽率轻骑","1","1","2"
"白撒等败走","1","1","2"
"撒等败走蒲","1","1","2"
"等败走蒲城","1","1","2"
"新卫达鲁花","1","1","2"
"卫达鲁花赤","1","1","2"
"鲁花赤撒吉","1","1","2"
"花赤撒吉思","1","1","2"
"筏潜渡汝水","1","1","2"
"宪宗赐卫州","1","1","2"
"宗赐卫州五","1","1","2"
"赐卫州五城","1","1","2"
"宋将吕文德","1","1","2"
"问治国安民","1","1","2"
"定省规十条","1","1","2"
"一子管民政","1","1","2"
"一子掌兵权","1","1","2"
"天泽举唐韦","1","1","2"
"泽举唐韦澳","1","1","2"
"举唐韦澳告","1","1","2"
"文炳率义士","1","1","2"
"炳率义士四","1","1","2"
"率义士四十","1","1","2"
"义士四十六","1","1","2"
"士四十六骑","1","1","2"
"山东东路宣","1","1","2"
"东东路宣抚","1","1","2"
"东路宣抚使","1","1","2"
"立侍卫亲军","1","1","2"
"山东东路经","1","1","2"
"东东路经略","1","1","2"
"金银符五十","1","1","2"
"代史氏两万","1","1","2"
"史氏两万户","1","1","2"
"邓州光化行","1","1","2"
"州光化行军","1","1","2"
"光化行军万","1","1","2"
"化行军万户","1","1","2"
"河南等路统","1","1","2"
"南等路统军","1","1","2"
"等路统军副","1","1","2"
"皆列栅筑堡","1","1","2"
"臣所部千户","1","1","2"
"所部千户私","1","1","2"
"部千户私役","1","1","2"
"千户私役兵","1","1","2"
"私役兵士四","1","1","2"
"役兵士四人","1","1","2"
"东路统军副","1","1","2"
"子士选请代","1","1","2"
"守将范文虎","1","1","2"
"知州事王喜","1","1","2"
"命伯颜军驻","1","1","2"
"孙虎臣约真","1","1","2"
"获战船七百","1","1","2"
"本军安抚使","1","1","2"
"文炳命招讨","1","1","2"
"炳命招讨使","1","1","2"
"命招讨使王","1","1","2"
"招讨使王世","1","1","2"
"讨使王世强","1","1","2"
"伯颜命文炳","1","1","2"
"颜命文炳入","1","1","2"
"翰林学士李","1","1","2"
"天下三百余","1","1","2"
"下三百余年","1","1","2"
"宋宗室福王","1","1","2"
"伯颜入朝奏","1","1","2"
"臣等奉天威","1","1","2"
"等奉天威平","1","1","2"
"奉天威平宋","1","1","2"
"董文炳居多","1","1","2"
"忠勤朕所素","1","1","2"
"勤朕所素知","1","1","2"
"张世杰奉吉","1","1","2"
"世杰奉吉王","1","1","2"
"阿里伯奉诏","1","1","2"
"命文忠护丧","1","1","2"
"文蔚率邓州","1","1","2"
"蔚率邓州一","1","1","2"
"率邓州一军","1","1","2"
"邓州一军西","1","1","2"
"州一军西行","1","1","2"
"太师博鲁欢","1","1","2"
"师博鲁欢攻","1","1","2"
"博鲁欢攻扬","1","1","2"
"鲁欢攻扬州","1","1","2"
"行省阿里代","1","1","2"
"守将姜才乘","1","1","2"
"率轻骑数百","1","1","2"
"昼战必能制","1","1","2"
"战必能制敌","1","1","2"
"侍卫亲军诸","1","1","2"
"卫亲军诸卫","1","1","2"
"前卫指挥使","1","1","2"
"主将观望退","1","1","2"
"将观望退缩","1","1","2"
"时丞相完泽","1","1","2"
"师征八百媳","1","1","2"
"然后聚粮选","1","1","2"
"后聚粮选兵","1","1","2"
"致百万生灵","1","1","2"
"汴梁行省平","1","1","2"
"梁行省平章","1","1","2"
"顺天路总管","1","1","2"
"亲王合必赤","1","1","2"
"涨送衣粮入","1","1","2"
"送衣粮入城","1","1","2"
"弘范兵千人","1","1","2"
"宋将吕文焕","2","0","2"
"宋相贾似道","1","1","2"
"相贾似道督","1","1","2"
"贾似道督兵","1","1","2"
"殿帅孙虎臣","1","1","2"
"弘范转战前","1","1","2"
"圣恩待士卒","1","1","2"
"恩待士卒诚","1","1","2"
"待士卒诚厚","1","1","2"
"都统姜才所","1","1","2"
"统姜才所统","1","1","2"
"夺战舰八十","1","1","2"
"战舰八十艘","1","1","2"
"后赐名拔都","1","1","2"
"乘虚破北门","1","1","2"
"宋军千余艘","1","1","2"
"崖山东西对","1","1","2"
"山东西对峙","1","1","2"
"违令者斩先","1","1","2"
"北面一军乘","1","1","2"
"面一军乘潮","1","1","2"
"李恒等顺潮","1","1","2"
"余将吏皆降","1","1","2"
"邢台节度使","1","1","2"
"台节度使府","1","1","2"
"节度使府令","1","1","2"
"度使府令史","1","1","2"
"天生成吉思","1","1","2"
"生成吉思皇","1","1","2"
"侍读学士窦","1","1","2"
"读学士窦默","1","1","2"
"保刘秉忠同","1","1","2"
"刘秉忠同学","1","1","2"
"世祖居潜邸","2","0","2"
"初分二千户","1","1","2"
"文谦秉忠言","2","0","2"
"秉忠言世祖","2","0","2"
"选近侍脱兀","1","1","2"
"近侍脱兀脱","1","1","2"
"田十数万顷","1","1","2"
"淄州妖人胡","1","1","2"
"州妖人胡王","1","1","2"
"妖人胡王惑","1","1","2"
"人胡王惑众","1","1","2"
"世祖皇弟开","2","0","2"
"江淮荆湖南","1","1","2"
"淮荆湖南北","1","1","2"
"荆湖南北等","1","1","2"
"南北等路宣","1","1","2"
"北等路宣抚","1","1","2"
"公同受命南","1","1","2"
"同受命南征","1","1","2"
"使血脉断绝","1","1","2"
"知进退存亡","1","1","2"
"举天下兵力","1","1","2"
"越沿海巨舶","1","1","2"
"沿海巨舶大","1","1","2"
"海巨舶大舰","1","1","2"
"西域诸胡窥","1","1","2"
"遣使召旭烈","1","1","2"
"召真金太子","1","1","2"
"真金太子镇","1","1","2"
"守帅贾似道","1","1","2"
"遣副使刘仁","1","1","2"
"副使刘仁杰","1","1","2"
"淮帅李庭芝","1","1","2"
"伯颜奉诏南","1","1","2"
"颜奉诏南伐","1","1","2"
"礼部尚书中","1","1","2"
"部尚书中都","1","1","2"
"尚书中都海","1","1","2"
"书中都海牙","1","1","2"
"弟行枢密院","1","1","2"
"密院都事郝","1","1","2"
"院都事郝庸","1","1","2"
"都事郝庸入","1","1","2"
"事郝庸入宋","1","1","2"
"易春秋外传","1","1","2"
"燕京行台郎","1","1","2"
"京行台郎中","1","1","2"
"置屯田经略","1","1","2"
"宋太祖遣曹","1","1","2"
"太祖遣曹彬","1","1","2"
"祖遣曹彬取","1","1","2"
"遣曹彬取南","1","1","2"
"曹彬取南唐","1","1","2"
"检察二人监","1","1","2"
"宣抚三使司","1","1","2"
"知枢密院伯","1","1","2"
"枢密院伯颜","1","1","2"
"衡太子太保","2","0","2"
"刘秉忠等奏","1","1","2"
"俘者三十人","1","1","2"
"遇名医李浩","1","1","2"
"中书杨惟中","1","1","2"
"杨惟中奉旨","1","1","2"
"惟中奉旨招","1","1","2"
"奉旨招集儒","1","1","2"
"许衡朝暮讲","1","1","2"
"衡朝暮讲习","1","1","2"
"命皇子真金","1","1","2"
"陛下十余年","1","1","2"
"敢先受太傅","1","1","2"
"窦汉卿一人","1","1","2"
"加昭文馆大","1","1","2"
"朕求贤三十","1","1","2"
"求贤三十年","1","1","2"
"李俊民二人","1","1","2"
"将彭义斌守","1","1","2"
"彭义斌守大","1","1","2"
"义斌守大名","1","1","2"
"安抚司计议","1","1","2"
"抚司计议官","1","1","2"
"子贞率众归","1","1","2"
"东平行台严","1","1","2"
"平行台严实","1","1","2"
"丞相耶律楚","1","1","2"
"相耶律楚材","1","1","2"
"子贞多方赈","1","1","2"
"贞多方赈救","1","1","2"
"活者万余人","1","1","2"
"故东平一时","1","1","2"
"东平一时人","1","1","2"
"子贞仿前代","1","1","2"
"贞仿前代观","1","1","2"
"仿前代观察","1","1","2"
"前代观察采","1","1","2"
"代观察采访","1","1","2"
"分三道纠察","1","1","2"
"三道纠察官","1","1","2"
"道纠察官吏","1","1","2"
"参议东平路","1","1","2"
"议东平路事","1","1","2"
"提举太常礼","1","1","2"
"举太常礼乐","1","1","2"
"诏子贞参议","1","1","2"
"子贞参议军","1","1","2"
"贞参议军前","1","1","2"
"参议军前行","1","1","2"
"议军前行中","1","1","2"
"军前行中书","1","1","2"
"前行中书省","1","1","2"
"宜增筑外城","1","1","2"
"彼粮尽援绝","1","1","2"
"三年一贡举","1","1","2"
"相耶律铸行","1","1","2"
"卿气力未衰","1","1","2"
"三年十一月","1","1","2"
"东平严实聘","1","1","2"
"受京兆分地","1","1","2"
"八州十二县","1","1","2"
"汪良臣发兵","1","1","2"
"浑都海合军","1","1","2"
"都海合军南","1","1","2"
"良臣令军士","1","1","2"
"臣令军士下","1","1","2"
"令军士下马","1","1","2"
"兴元判官费","1","1","2"
"元判官费寅","1","1","2"
"臣素知文统","1","1","2"
"枢副合答等","1","1","2"
"行四川行枢","1","1","2"
"二十八类进","1","1","2"
"定军官品级","1","1","2"
"四千人屯田","1","1","2"
"封皇子忙阿","1","1","2"
"皇子忙阿剌","1","1","2"
"子阿难答嗣","1","1","2"
"姑行王相府","1","1","2"
"行王相府事","1","1","2"
"威胜军节度","1","1","2"
"胜军节度使","1","1","2"
"立邢州安抚","1","1","2"
"邢州安抚司","1","1","2"
"陕西省左丞","1","1","2"
"西省左丞相","1","1","2"
"死者二十余","2","0","2"
"江淮安抚使","1","1","2"
"浑都海屯军","1","1","2"
"汪惟正兄弟","1","1","2"
"断事官八春","1","1","2"
"浑都海日夜","1","1","2"
"刘黑马二宣","1","1","2"
"黑马二宣抚","1","1","2"
"良弼舍舟登","1","1","2"
"弼舍舟登岸","1","1","2"
"隋文帝遣裴","1","1","2"
"文帝遣裴清","1","1","2"
"大军先捣钱","1","1","2"
"江南士人多","1","1","2"
"南士人多废","1","1","2"
"宜设经史科","1","1","2"
"能忍所难忍","1","1","2"
"后亲制衣赐","1","1","2"
"聘名士王鹗","1","1","2"
"名士王鹗等","1","1","2"
"断事官牙老","1","1","2"
"事官牙老瓦","1","1","2"
"官牙老瓦赤","1","1","2"
"牙老瓦赤持","1","1","2"
"河南经略使","1","1","2"
"河南刘万户","1","1","2"
"南刘万户贪","1","1","2"
"刘万户贪淫","1","1","2"
"者三十余人","2","0","2"
"江淮荆湖经","1","1","2"
"淮荆湖经略","1","1","2"
"贾似道遣使","1","1","2"
"何益贾制置","1","1","2"
"燕京宣慰使","1","1","2"
"议加答剌罕","1","1","2"
"改枢密副使","2","0","2"
"同行汉军都","1","1","2"
"行汉军都元","1","1","2"
"行二十余里","1","1","2"
"士卒溺死甚","1","1","2"
"卒溺死甚众","1","1","2"
"夺战舰五十","1","1","2"
"将士三百余","1","1","2"
"士三百余人","1","1","2"
"东京等路中","1","1","2"
"京等路中书","1","1","2"
"迁居江华岛","1","1","2"
"若朝廷遣兵","1","1","2"
"朝廷遣兵护","1","1","2"
"广平永年人","1","1","2"
"正大四年经","1","1","2"
"大四年经义","1","1","2"
"四年经义进","1","1","2"
"年经义进士","1","1","2"
"授归德府录","1","1","2"
"归德府录事","1","1","2"
"德府录事判","1","1","2"
"府录事判官","1","1","2"
"荆湖制置司","1","1","2"
"湖制置司素","1","1","2"
"东平总管严","1","1","2"
"平总管严实","1","1","2"
"总管严实兴","1","1","2"
"管严实兴学","1","1","2"
"严实兴学养","1","1","2"
"实兴学养士","1","1","2"
"等路宣抚副","1","1","2"
"路宣抚副使","1","1","2"
"命磐参议行","1","1","2"
"磐参议行省","1","1","2"
"衡水县达鲁","1","1","2"
"水县达鲁花","1","1","2"
"达鲁花赤忙","1","1","2"
"鲁花赤忙兀","1","1","2"
"朝廷遣使者","1","1","2"
"宜令宣徽院","1","1","2"
"听通事舍人","1","1","2"
"通事舍人传","1","1","2"
"事舍人传呼","1","1","2"
"殿中司纠察","1","1","2"
"林庙户百家","1","1","2"
"祭酒许衡将","1","1","2"
"京师御史台","1","1","2"
"史台纠察朝","1","1","2"
"台纠察朝廷","1","1","2"
"纠察朝廷百","1","1","2"
"察朝廷百官","1","1","2"
"宰相执政者","1","1","2"
"相执政者二","1","1","2"
"执政者二十","1","1","2"
"政者二十余","1","1","2"
"赐五等爵号","1","1","2"
"曹州东明人","1","1","2"
"中进士第一","1","1","2"
"进士第一甲","1","1","2"
"士第一甲第","1","1","2"
"第一甲第一","1","1","2"
"授应奉翰林","1","1","2"
"同知申州事","1","1","2"
"行蔡州汝阳","1","1","2"
"蔡州汝阳令","1","1","2"
"金正大四年","1","1","2"
"正大四年进","1","1","2"
"大四年进士","1","1","2"
"四年进士第","2","0","2"
"燕京路课税","1","1","2"
"京路课税官","1","1","2"
"定内外官制","1","1","2"
"山东提刑按","1","1","2"
"巩昌石门山","1","1","2"
"总帅府知事","1","1","2"
"承制命忽兰","2","0","2"
"制命忽兰吉","2","0","2"
"忽兰吉佩银","1","1","2"
"兰吉佩银符","1","1","2"
"取合江大获","1","1","2"
"合江大获山","1","1","2"
"元帅阿答忽","1","1","2"
"本帅府经历","1","1","2"
"军民都弹压","1","1","2"
"俘将校五人","1","1","2"
"攻苦竹隘山","1","1","2"
"苦竹隘山寨","1","1","2"
"斩守将杨立","1","1","2"
"臣恐上劳圣","1","1","2"
"宪宗命忽兰","1","1","2"
"宗命忽兰吉","1","1","2"
"粮船四百艘","1","1","2"
"汉军二千五","1","1","2"
"军二千五百","1","1","2"
"世祖遣忽兰","1","1","2"
"祖遣忽兰吉","1","1","2"
"二十四州兵","1","1","2"
"十四州兵追","1","1","2"
"宗王哈必赤","1","1","2"
"王哈必赤等","1","1","2"
"合纳忽石温","1","1","2"
"纳忽石温地","1","1","2"
"总帅军一千","1","1","2"
"首将答剌海","1","1","2"
"同佥总帅汪","1","1","2"
"佥总帅汪良","1","1","2"
"陷大梁平山","1","1","2"
"大梁平山寨","1","1","2"
"夔东路招讨","1","1","2"
"东路招讨使","1","1","2"
"立章广平山","1","1","2"
"军官皆年少","1","1","2"
"凤翔三路管","1","1","2"
"翔三路管军","1","1","2"
"三路管军都","1","1","2"
"路管军都尉","1","1","2"
"屯田守卫事","1","1","2"
"同知利州宣","1","1","2"
"知利州宣抚","1","1","2"
"利州宣抚使","1","1","2"
"授四川北道","1","1","2"
"谕诸蛮酋长","1","1","2"
"诸蛮酋长率","1","1","2"
"蛮酋长率众","1","1","2"
"商议本省军","1","1","2"
"议本省军事","1","1","2"
"将夏贵率战","1","1","2"
"夏贵率战船","1","1","2"
"贵率战船三","1","1","2"
"率战船三千","1","1","2"
"船三千艘援","1","1","2"
"胖山王总管","1","1","2"
"土牛填城壕","1","1","2"
"沙芜口入江","1","1","2"
"功加宣威将","1","1","2"
"加宣威将军","1","1","2"
"断真州江路","1","1","2"
"伯颜命庭等","1","1","2"
"余党兀斤末","1","1","2"
"党兀斤末台","1","1","2"
"庭调阿速军","1","1","2"
"颜余党哈丹","1","1","2"
"余党哈丹秃","1","1","2"
"党哈丹秃鲁","1","1","2"
"枢密副使哈","1","1","2"
"密副使哈答","1","1","2"
"潼关守将王","1","1","2"
"关守将王彦","1","1","2"
"守将王彦弼","1","1","2"
"火里台见弼","1","1","2"
"里台见弼所","1","1","2"
"台见弼所挽","1","1","2"
"伯颜登南岸","1","1","2"
"定远大将军","1","1","2"
"伯颜授弼三","1","1","2"
"颜授弼三千","1","1","2"
"授弼三千人","1","1","2"
"将姜才倔强","1","1","2"
"十三年六月","1","1","2"
"黄州等路宣","2","0","2"
"州等路宣慰","2","0","2"
"淮西司空山","1","1","2"
"黄华反建宁","2","0","2"
"行淮东宣慰","1","1","2"
"爱二十七年","1","1","2"
"遥授尚书省","1","1","2"
"授尚书省左","1","1","2"
"行浙东宣慰","1","1","2"
"士卒皆数日","1","1","2"
"入混沌大洋","1","1","2"
"退保麻喏八","1","1","2"
"保麻喏八歇","1","1","2"
"葛郎兵十余","1","1","2"
"郎兵十余万","1","1","2"
"所藏珍宝入","1","1","2"
"藏珍宝入朝","1","1","2"
"兵二百人护","1","1","2"
"行六十八日","1","1","2"
"六十八日夜","1","1","2"
"渡海二十五","1","1","2"
"海二十五万","1","1","2"
"二十五万里","1","1","2"
"元十一年冬","1","1","2"
"宋制置陈奕","1","1","2"
"使者严忠范","1","1","2"
"者严忠范等","1","1","2"
"相持四十余","1","1","2"
"持四十余日","1","1","2"
"宋参知政事","1","1","2"
"知政事陈文","1","1","2"
"政事陈文龙","1","1","2"
"制置印德傅","1","1","2"
"置印德傅等","1","1","2"
"衢婺招讨使","1","1","2"
"都元帅忙古","1","1","2"
"元帅忙古台","1","1","2"
"帅忙古台平","1","1","2"
"邵武人高日","1","1","2"
"武人高日新","1","1","2"
"招讨使行右","1","1","2"
"讨使行右副","1","1","2"
"使行右副都","1","1","2"
"行右副都元","1","1","2"
"吊眼聚众十","1","1","2"
"眼聚众十万","1","1","2"
"捕斩柳分司","1","1","2"
"知政事行福","1","1","2"
"政事行福建","1","1","2"
"事行福建宣","1","1","2"
"行福建宣慰","1","1","2"
"进攻葛郎国","1","1","2"
"合逃入山谷","1","1","2"
"汀州总管府","1","1","2"
"管府同知阿","1","1","2"
"府同知阿里","1","1","2"
"都新军千户","1","1","2"
"转战数千里","1","1","2"
"取黄家湾堡","1","1","2"
"加武节将军","1","1","2"
"阿术率诸军","1","1","2"
"术率诸军进","1","1","2"
"王脱脱木反","1","1","2"
"脱脱木屡战","1","1","2"
"征东行省左","1","1","2"
"东行省左丞","1","1","2"
"江淮参政伯","1","1","2"
"淮参政伯颜","1","1","2"
"罗鬼女子蛇","1","1","2"
"鬼女子蛇节","1","1","2"
"女子蛇节反","1","1","2"
"侍裕宗讲读","1","1","2"
"结死党杀人","1","1","2"
"山西宣慰使","1","1","2"
"子安西王镇","1","1","2"
"贫民二千家","1","1","2"
"西川相观望","1","1","2"
"天子威德远","1","1","2"
"罗施鬼国降","1","1","2"
"四川合兵三","1","1","2"
"川合兵三万","1","1","2"
"进士王宝英","1","1","2"
"问处士罗英","1","1","2"
"太子天下本","2","0","2"
"前丞相塔察","1","1","2"
"枢密院事费","1","1","2"
"密院事费正","1","1","2"
"院事费正寅","1","1","2"
"同知京兆总","1","1","2"
"知京兆总管","1","1","2"
"京兆总管府","1","1","2"
"兆总管府事","1","1","2"
"宗室公主家","1","1","2"
"奴妻妻父母","2","0","2"
"降民三千八","1","1","2"
"民三千八百","1","1","2"
"三千八百户","1","1","2"
"千八百户没","1","1","2"
"雄飞入朝奏","1","1","2"
"忽辛中书右","2","0","2"
"辛中书右丞","2","0","2"
"命参政温迪","1","1","2"
"参政温迪罕","1","1","2"
"谕丞相安童","2","0","2"
"命近臣伯颜","1","1","2"
"中书左丞耶","1","1","2"
"书左丞耶律","1","1","2"
"左丞耶律老","1","1","2"
"丞耶律老哥","1","1","2"
"耶律老哥劝","1","1","2"
"律老哥劝雄","1","1","2"
"老哥劝雄飞","1","1","2"
"光州荜山农","1","1","2"
"州荜山农民","1","1","2"
"殿下能行圣","1","1","2"
"下能行圣人","1","1","2"
"精选白金良","1","1","2"
"选白金良匠","1","1","2"
"李冶等二十","1","1","2"
"冶等二十余","1","1","2"
"等二十余人","1","1","2"
"河东南北路","1","1","2"
"东南北路宣","1","1","2"
"豆粟二十万","1","1","2"
"粟二十万斛","1","1","2"
"御史台条例","1","1","2"
"始建十路征","1","1","2"
"建十路征收","1","1","2"
"十路征收课","1","1","2"
"路征收课税","1","1","2"
"征收课税使","1","1","2"
"河北东西路","1","1","2"
"北东西路使","1","1","2"
"东西路使王","1","1","2"
"西路使王晋","1","1","2"
"授转运司知","1","1","2"
"转运司知事","1","1","2"
"京兆榷课所","1","1","2"
"兆榷课所长","1","1","2"
"榷课所长官","1","1","2"
"竹课分例钱","1","1","2"
"课分例钱充","1","1","2"
"赐银三十二","1","1","2"
"银三十二铤","1","1","2"
"西宣抚司事","1","1","2"
"迁陕西四川","2","0","2"
"陕西四川规","1","1","2"
"西四川规措","1","1","2"
"四川规措军","1","1","2"
"川规措军储","1","1","2"
"规措军储转","1","1","2"
"措军储转运","1","1","2"
"军储转运使","1","1","2"
"西蜀四川廉","1","1","2"
"蜀四川廉访","1","1","2"
"四川廉访都","1","1","2"
"川廉访都转","1","1","2"
"廉访都转运","1","1","2"
"访都转运使","1","1","2"
"考课定赏罚","1","1","2"
"南行省调发","1","1","2"
"行省调发军","1","1","2"
"省调发军饷","1","1","2"
"女真乌古部","1","1","2"
"淮东大都督","1","1","2"
"东大都督府","1","1","2"
"杀守臣张清","1","1","2"
"行参知政事","1","1","2"
"泽行省都事","1","1","2"
"俘获五百余","1","1","2"
"获五百余人","1","1","2"
"者三十一人","1","1","2"
"丞相桑哥建","1","1","2"
"相桑哥建议","1","1","2"
"平章政事阔","1","1","2"
"章政事阔里","1","1","2"
"政事阔里吉","1","1","2"
"事阔里吉思","1","1","2"
"左右两江道","1","1","2"
"归广西宣慰","1","1","2"
"置都元帅府","1","1","2"
"江道宣慰副","1","1","2"
"贺州官粟三","1","1","2"
"州官粟三千","1","1","2"
"官粟三千五","1","1","2"
"粟三千五百","1","1","2"
"三千五百石","1","1","2"
"五百石赈饥","2","0","2"
"时行省平章","1","1","2"
"行省平章哈","1","1","2"
"省平章哈剌","1","1","2"
"平章哈剌哈","1","1","2"
"章哈剌哈孙","1","1","2"
"哈剌哈孙察","1","1","2"
"稻田若干亩","1","1","2"
"收谷若干石","1","1","2"
"海北元帅薛","1","1","2"
"北元帅薛赤","1","1","2"
"元帅薛赤干","1","1","2"
"掠男女四百","1","1","2"
"男女四百八","1","1","2"
"女四百八十","1","1","2"
"四百八十二","1","1","2"
"百八十二口","1","1","2"
"乌古孙泽奉","1","1","2"
"古孙泽奉使","1","1","2"
"擢海北海南","2","0","2"
"海北海南廉","1","1","2"
"北海南廉访","1","1","2"
"海南廉访使","1","1","2"
"京宣抚司事","1","1","2"
"北京控制辽","1","1","2"
"京控制辽东","1","1","2"
"济南妖民作","1","1","2"
"南妖民作乱","1","1","2"
"加昭勇大将","1","1","2"
"帝念关中重","1","1","2"
"念关中重地","1","1","2"
"京兆路总管","1","1","2"
"子安西王开","1","1","2"
"安西王开府","1","1","2"
"王府吏卒横","1","1","2"
"府吏卒横暴","1","1","2"
"吏卒横暴扰","1","1","2"
"卒横暴扰民","1","1","2"
"横暴扰民者","1","1","2"
"二十余万缗","1","1","2"
"西蜀四川课","1","1","2"
"蜀四川课程","1","1","2"
"四川课程屯","1","1","2"
"川课程屯田","1","1","2"
"课程屯田事","1","1","2"
"世祖遣国王","1","1","2"
"保刘秉忠北","1","1","2"
"刘秉忠北上","1","1","2"
"中书左丞许","1","1","2"
"书左丞许衡","1","1","2"
"面陈水利六","1","1","2"
"陈水利六事","1","1","2"
"省雇车钱六","1","1","2"
"雇车钱六万","1","1","2"
"车钱六万缗","1","1","2"
"榆河口径直","1","1","2"
"河口径直开","1","1","2"
"蒙村跳梁务","1","1","2"
"水开修成河","1","1","2"
"小王村经滹","1","1","2"
"王村经滹沱","1","1","2"
"丹河余水相","1","1","2"
"河余水相合","1","1","2"
"提举诸路河","1","1","2"
"举诸路河渠","1","1","2"
"长二百五十","1","1","2"
"二百五十里","1","1","2"
"皆长二百里","1","1","2"
"支渠大小六","1","1","2"
"渠大小六十","1","1","2"
"大小六十八","1","1","2"
"灌田九万余","1","1","2"
"田九万余顷","1","1","2"
"兀郎海古渠","1","1","2"
"郎海古渠甚","1","1","2"
"海古渠甚多","1","1","2"
"量南北二极","1","1","2"
"仰规覆矩图","1","1","2"
"日月交食分","1","1","2"
"月交食分数","1","1","2"
"交食分数时","1","1","2"
"食分数时刻","1","1","2"
"先南北立表","1","1","2"
"设监候官一","1","1","2"
"监候官一十","1","1","2"
"候官一十四","1","1","2"
"官一十四员","1","1","2"
"水利十一事","1","1","2"
"大都运粮河","1","1","2"
"引北山白浮","1","1","2"
"北山白浮泉","1","1","2"
"山白浮泉水","1","1","2"
"西水门入城","1","1","2"
"合入旧运粮","1","1","2"
"入旧运粮河","1","1","2"
"十里置一闸","1","1","2"
"赐守敬钞万","1","1","2"
"守敬钞万二","1","1","2"
"敬钞万二千","1","1","2"
"通惠河漕运","1","1","2"
"惠河漕运事","1","1","2"
"澄清闸稍东","1","1","2"
"议开铁幡竿","1","1","2"
"开铁幡竿渠","1","1","2"
"水频年暴下","1","1","2"
"太史院校书","1","1","2"
"史院校书郎","1","1","2"
"楮币千五百","1","1","2"
"币千五百缗","1","1","2"
"木华黎曾孙","1","1","2"
"华黎曾孙硕","1","1","2"
"黎曾孙硕德","1","1","2"
"曾孙硕德家","1","1","2"
"四曰朝见群","1","1","2"
"曰朝见群臣","1","1","2"
"十二曰访求","1","1","2"
"侍郎宁端甫","1","1","2"
"云南三十七","1","1","2"
"南三十七部","1","1","2"
"三十七部都","1","1","2"
"十七部都元","1","1","2"
"七部都元帅","1","1","2"
"部都元帅宝","1","1","2"
"匠提举张忠","1","1","2"
"大夫博罗欢","1","1","2"
"中庆路总管","1","1","2"
"劝士人子弟","1","1","2"
"西道宣抚使","1","1","2"
"管军招讨使","1","1","2"
"禾泥路大首","1","1","2"
"金齿甸七十","1","1","2"
"齿甸七十城","1","1","2"
"安广西道军","1","1","2"
"广西道军民","1","1","2"
"西道军民宣","1","1","2"
"道军民宣抚","1","1","2"
"何惟岩等随","1","1","2"
"惟岩等随立","1","1","2"
"岩等随立道","1","1","2"
"四川南道宣","1","1","2"
"川南道宣慰","1","1","2"
"临潢全州人","1","1","2"
"商州南仓使","1","1","2"
"北京都转运","1","1","2"
"京都转运使","1","1","2"
"庭珍金银数","1","1","2"
"珍金银数千","1","1","2"
"金银数千两","1","1","2"
"西京入漠南","1","1","2"
"安南国达鲁","1","1","2"
"南国达鲁花","1","1","2"
"庭珍解所佩","1","1","2"
"遣使随庭珍","1","1","2"
"使随庭珍入","1","1","2"
"襄阳行省郎","1","1","2"
"阳行省郎中","1","1","2"
"迁中顺大夫","2","0","2"
"授知归德府","1","1","2"
"知归德府行","1","1","2"
"归德府行枢","1","1","2"
"德府行枢密","1","1","2"
"府行枢密院","1","1","2"
"复二州达鲁","1","1","2"
"二州达鲁花","1","1","2"
"平江路达鲁","1","1","2"
"江路达鲁花","1","1","2"
"同知浙东宣","1","1","2"
"知浙东宣慰","1","1","2"
"东宣慰使司","1","1","2"
"鹤军士十余","1","1","2"
"军士十余人","1","1","2"
"赁大宅聚居","1","1","2"
"水入善利门","1","1","2"
"庭瑞字天表","1","1","2"
"胡世雄等五","1","1","2"
"世雄等五人","1","1","2"
"功授奉议大","1","1","2"
"西四川道按","1","1","2"
"四川道按察","1","1","2"
"川道按察副","1","1","2"
"屯田经略副","1","1","2"
"田经略副使","1","1","2"
"行枢密院发","1","1","2"
"枢密院发兵","1","1","2"
"密院发兵围","1","1","2"
"朝廷知庭瑞","1","1","2"
"诸蛮夷部宣","1","1","2"
"蛮夷部宣慰","1","1","2"
"夷部宣慰使","1","1","2"
"丞汪惟正问","1","1","2"
"行省命庭瑞","1","1","2"
"省命庭瑞讨","1","1","2"
"叙州等处蛮","1","1","2"
"州等处蛮夷","1","1","2"
"等处蛮夷部","1","1","2"
"处蛮夷部宣","1","1","2"
"蛮夷部宣抚","1","1","2"
"夷部宣抚使","1","1","2"
"潭州路总管","1","1","2"
"人橘皮一石","1","1","2"
"东鲁王博文","1","1","2"
"百五十余章","1","1","2"
"官粮四十余","1","1","2"
"粮四十余万","1","1","2"
"太平县民陈","1","1","2"
"平县民陈氏","1","1","2"
"福建所辖郡","1","1","2"
"建所辖郡县","1","1","2"
"所辖郡县五","1","1","2"
"辖郡县五十","1","1","2"
"郡县五十余","1","1","2"
"朝廷一视同","1","1","2"
"廷一视同仁","1","1","2"
"使彼势穷力","1","1","2"
"彼势穷力竭","1","1","2"
"加通议大夫","1","1","2"
"赵州宁晋人","1","1","2"
"谥曰茂行先","1","1","2"
"曰茂行先生","1","1","2"
"父母银十铤","1","1","2"
"名士李国维","1","1","2"
"免征西军数","1","1","2"
"征西军数百","1","1","2"
"西军数百家","1","1","2"
"随制置夏贵","1","1","2"
"男女数千口","1","1","2"
"天祥字吉甫","1","1","2"
"河北河南宣","1","1","2"
"北河南宣慰","1","1","2"
"贾居贞所器","1","1","2"
"居贞所器重","1","1","2"
"行省命天祥","1","1","2"
"李必聪山寨","1","1","2"
"司郎中周戭","2","0","2"
"将见民间凋","2","0","2"
"见民间凋耗","2","0","2"
"始言能令钞","2","0","2"
"言能令钞法","2","0","2"
"能令钞法旧","2","0","2"
"始言能令百","2","0","2"
"言能令百物","2","0","2"
"能令百物贱","2","0","2"
"始言课程增","2","0","2"
"擢吏部郎中","2","0","2"
"平阴县女子","1","1","2"
"阴县女子刘","1","1","2"
"县女子刘金","1","1","2"
"女子刘金莲","1","1","2"
"大德三年六","1","1","2"
"德三年六月","1","1","2"
"河北河南廉","1","1","2"
"北河南廉访","1","1","2"
"云南西南数","1","1","2"
"南西南数千","1","1","2"
"西南数千里","1","1","2"
"群蛮知大军","1","1","2"
"蛮知大军将","1","1","2"
"圣朝数十年","1","1","2"
"人事失宜所","1","1","2"
"宣抚张德辉","1","1","2"
"祭酒许衡讲","1","1","2"
"平章阿术统","1","1","2"
"章阿术统军","1","1","2"
"阿术统军平","1","1","2"
"同知浙西宣","1","1","2"
"知浙西宣慰","1","1","2"
"淮行省参议","1","1","2"
"江西湖东道","1","1","2"
"西湖东道提","1","1","2"
"湖东道提刑","1","1","2"
"入礼部尚书","2","0","2"
"江浙军民欢","1","1","2"
"浙军民欢声","1","1","2"
"边帅生事兴","1","1","2"
"帅生事兴兵","1","1","2"
"一夫担米五","1","1","2"
"夫担米五斗","1","1","2"
"湖南调度频","1","1","2"
"远涉江海瘴","1","1","2"
"高丽平壤诸","1","1","2"
"丽平壤诸城","1","1","2"
"时江浙行省","1","1","2"
"行省丞相忙","1","1","2"
"省丞相忙古","1","1","2"
"丞相忙古台","1","1","2"
"知行省官所","1","1","2"
"令建康酒务","1","1","2"
"追封彭城郡","1","1","2"
"封彭城郡公","1","1","2"
"擢御史台都","2","0","2"
"监察御史范","1","1","2"
"察御史范方","1","1","2"
"御史范方等","1","1","2"
"山东按察使","1","1","2"
"参政耿仁杰","1","1","2"
"河南按察使","1","1","2"
"南人二十余","1","1","2"
"安西行省欲","1","1","2"
"东东西道按","1","1","2"
"东西道按察","1","1","2"
"预中书省事","1","1","2"
"子秘书少监","1","1","2"
"命廉希宪等","1","1","2"
"阿合马怒目","1","1","2"
"命中书省总","1","1","2"
"同知高唐州","1","1","2"
"知高唐州事","1","1","2"
"同知绍兴路","1","1","2"
"知绍兴路总","1","1","2"
"同知两浙都","1","1","2"
"知两浙都转","1","1","2"
"浙都转运司","1","1","2"
"都转运司事","1","1","2"
"调陕西汉中","1","1","2"
"淘金户三千","1","1","2"
"大德五年冬","1","1","2"
"河东道提刑","1","1","2"
"湖北道按察","1","1","2"
"北道按察使","1","1","2"
"扬州路总管","1","1","2"
"授陕西汉中","1","1","2"
"绛州节度使","1","1","2"
"荣州节度判","1","1","2"
"州节度判官","1","1","2"
"嵩州永宁县","1","1","2"
"良药苦口利","1","1","2"
"忠言逆耳利","1","1","2"
"提点太医院","1","1","2"
"点太医院事","1","1","2"
"内外诸王大","1","1","2"
"外诸王大臣","1","1","2"
"文谦宣抚河","2","0","2"
"西夏行中书","1","1","2"
"凡文武仪仗","1","1","2"
"七年春二月","1","1","2"
"右直侍仪使","1","1","2"
"卫竹税提举","1","1","2"
"竹税提举司","1","1","2"
"行台御史上","1","1","2"
"禅位皇太子","2","0","2"
"古阿散等知","1","1","2"
"命宗正薛彻","1","1","2"
"宗正薛彻干","1","1","2"
"时行台御史","1","1","2"
"劾江浙行省","1","1","2"
"成宗命省台","1","1","2"
"宗命省台大","1","1","2"
"命省台大臣","1","1","2"
"河北河南肃","1","1","2"
"北河南肃政","1","1","2"
"河南肃政廉","1","1","2"
"南岸旧河口","1","1","2"
"岸旧河口十","1","1","2"
"旧河口十一","1","1","2"
"河北桑田尽","1","1","2"
"钞八百五十","1","1","2"
"八百五十余","1","1","2"
"百五十余万","1","1","2"
"五十余万贯","1","1","2"
"湖经略使乞","1","1","2"
"经略司知事","1","1","2"
"御史台辟掾","2","0","2"
"安府安抚司","1","1","2"
"府安抚司经","1","1","2"
"安抚司经历","1","1","2"
"守藏吏姚溶","1","1","2"
"儒学教授彭","1","1","2"
"学教授彭宏","1","1","2"
"寿昌府判官","1","1","2"
"江淮行省宣","2","0","2"
"平章忙兀台","1","1","2"
"劾平章要束","1","1","2"
"省平章马合","1","1","2"
"平章马合谋","1","1","2"
"佥江东建康","1","1","2"
"召翰林待制","2","0","2"
"金监察御史","1","1","2"
"膺北归浑源","1","1","2"
"相史天泽镇","1","1","2"
"万户府掌书","1","1","2"
"户府掌书记","1","1","2"
"参议左壁总","1","1","2"
"议左壁总帅","1","1","2"
"左壁总帅府","1","1","2"
"壁总帅府事","1","1","2"
"同知恩州事","1","1","2"
"正朝廷百官","1","1","2"
"淮西江北道","1","1","2"
"西江北道提","1","1","2"
"江北道提刑","1","1","2"
"按察使二人","1","1","2"
"二十万石赈","1","1","2"
"地理指掌图","1","1","2"
"赠太中大夫","1","1","2"
"陈时政十六","1","1","2"
"时政十六策","1","1","2"
"右三部令史","1","1","2"
"相伯颜攻宋","1","1","2"
"道宣慰司经","1","1","2"
"宣慰司经历","1","1","2"
"潼川路治中","1","1","2"
"同知保宁路","1","1","2"
"知保宁路事","1","1","2"
"蜀四川道提","1","1","2"
"西汉中道巡","1","1","2"
"汉中道巡行","1","1","2"
"中道巡行劝","1","1","2"
"保定容城人","1","1","2"
"七岁能属文","2","0","2"
"翰林待制杨","1","1","2"
"林待制杨恕","1","1","2"
"诸葛孔明静","1","1","2"
"文集十余卷","1","1","2"
"小学四书语","1","1","2"
"学四书语录","1","1","2"
"皆门生故友","1","1","2"
"门生故友所","1","1","2"
"生故友所录","1","1","2"
"奉诏求贤江","2","0","2"
"诏求贤江南","2","0","2"
"按察司经历","1","1","2"
"察司经历郝","1","1","2"
"司经历郝文","1","1","2"
"经历郝文迎","1","1","2"
"学校贡举私","1","1","2"
"校贡举私议","1","1","2"
"特授奉议大","1","1","2"
"进阶太中大","1","1","2"
"问丞相周勃","1","1","2"
"治行省平章","1","1","2"
"行省平章家","1","1","2"
"省平章家奴","1","1","2"
"钜夫应诏陈","1","1","2"
"尚文等十六","1","1","2"
"文等十六人","1","1","2"
"等十六人同","1","1","2"
"浙东海右道","1","1","2"
"东海右道肃","1","1","2"
"海右道肃政","1","1","2"
"右道肃政廉","1","1","2"
"参知政事许","1","1","2"
"知政事许师","1","1","2"
"政事许师敬","1","1","2"
"五世祖秀安","1","1","2"
"世祖秀安僖","1","1","2"
"祖秀安僖王","1","1","2"
"秀安僖王子","1","1","2"
"真州司户参","1","1","2"
"州司户参军","1","1","2"
"台侍御史程","1","1","2"
"钜夫奉诏搜","1","1","2"
"夫奉诏搜访","1","1","2"
"二十四年六","1","1","2"
"召国子司业","2","0","2"
"桐庐人戴汝","1","1","2"
"庐人戴汝惟","1","1","2"
"人戴汝惟家","1","1","2"
"弟谋杀汝惟","1","1","2"
"江浙省臣赵","1","1","2"
"浙省臣赵简","1","1","2"
"岭北湖南道","1","1","2"
"北湖南道肃","1","1","2"
"湖南道肃政","1","1","2"
"天历元年卒","1","1","2"
"镇江路儒学","1","1","2"
"江路儒学正","1","1","2"
"翰林承旨阎","1","1","2"
"林承旨阎复","1","1","2"
"清河元明善","2","0","2"
"授太常礼仪","1","1","2"
"常礼仪院经","1","1","2"
"礼仪院经历","1","1","2"
"贼党赤斤铁","1","1","2"
"党赤斤铁木","1","1","2"
"召两院学士","1","1","2"
"两院学士北","1","1","2"
"院学士北上","1","1","2"
"奉旨纂集甲","1","1","2"
"旨纂集甲令","1","1","2"
"曹子贞尽忠","1","1","2"
"太史王恂问","1","1","2"
"日蚀五十七","1","1","2"
"蚀五十七秒","1","1","2"
"授时郎秋官","1","1","2"
"时郎秋官正","1","1","2"
"教国学子弟","1","1","2"
"擢国子监丞","2","0","2"
"改授奉直大","1","1","2"
"授奉直大夫","1","1","2"
"佥太史院事","1","1","2"
"斋置伴读一","1","1","2"
"置伴读一人","1","1","2"
"大学四传小","1","1","2"
"学四传小注","1","1","2"
"中庸章句续","1","1","2"
"庸章句续解","1","1","2"
"论语言仁通","1","1","2"
"语言仁通旨","1","1","2"
"易系辞旨略","1","1","2"
"春秋诸国统","1","1","2"
"卜怜吉带甚","1","1","2"
"转嘉议大夫","2","0","2"
"斌攻西北铁","1","1","2"
"攻西北铁坝","1","1","2"
"阿里海牙中","1","1","2"
"阿里海牙持","1","1","2"
"里海牙持酒","1","1","2"
"土地人民皆","1","1","2"
"合马擅权日","2","0","2"
"马擅权日甚","2","0","2"
"帝令御史大","1","1","2"
"天下转运司","1","1","2"
"凡阿合马所","1","1","2"
"复刑部尚书","2","0","2"
"多听阿合马","1","1","2"
"凡丞相安童","1","1","2"
"江西四省军","1","1","2"
"西四省军需","1","1","2"
"彧劾奏卢世","1","1","2"
"劾奏卢世荣","1","1","2"
"甘肃行省右","1","1","2"
"肃行省右丞","1","1","2"
"桑哥所设衙","1","1","2"
"哥所设衙门","1","1","2"
"太医院使刘","1","1","2"
"医院使刘岳","1","1","2"
"院使刘岳臣","1","1","2"
"宁路总管马","1","1","2"
"路总管马谋","1","1","2"
"监察御史周","1","1","2"
"察御史周祚","1","1","2"
"宜令中书省","1","1","2"
"松州达鲁花","1","1","2"
"达鲁花赤长","1","1","2"
"鲁花赤长孙","1","1","2"
"令木八剌沙","1","1","2"
"鄂州等九郡","1","1","2"
"诸道廉访司","1","1","2"
"监察御史塔","1","1","2"
"令本处廉访","1","1","2"
"本处廉访司","1","1","2"
"间盐运司官","1","1","2"
"盐运司官吏","1","1","2"
"运司官吏盗","1","1","2"
"二万二千余","1","1","2"
"征八千九百","1","1","2"
"八千九百余","1","1","2"
"欠一万三千","1","1","2"
"一万三千一","1","1","2"
"三千一百余","1","1","2"
"千一百余锭","1","1","2"
"三千一百锭","1","1","2"
"西廉访司官","1","1","2"
"廉访司官术","1","1","2"
"河东廉访司","1","1","2"
"东廉访司官","1","1","2"
"廉访司官忽","1","1","2"
"扬州盐运司","1","1","2"
"州盐运司受","1","1","2"
"多付商贾盐","1","1","2"
"二千八百锭","1","1","2"
"答失蛮传旨","1","1","2"
"宝泉提举张","1","1","2"
"泉提举张简","1","1","2"
"监察御史斡","1","1","2"
"察御史斡罗","1","1","2"
"御史斡罗失","1","1","2"
"史斡罗失剌","1","1","2"
"劾奏中丞崔","1","1","2"
"奏中丞崔彧","1","1","2"
"都路总管沙","1","1","2"
"计五千三百","1","1","2"
"五千三百缗","1","1","2"
"里浑撒里同","1","1","2"
"浑撒里同翰","1","1","2"
"撒里同翰林","1","1","2"
"太学博士义","1","1","2"
"学博士义乌","1","1","2"
"博士义乌施","1","1","2"
"士义乌施南","1","1","2"
"义乌施南学","1","1","2"
"常等郡教授","1","1","2"
"世祖命御史","1","1","2"
"祖命御史大","1","1","2"
"浙西道儒学","1","1","2"
"西道儒学提","1","1","2"
"帝王失成败","2","0","2"
"监察御史奏","1","1","2"
"江西粮十七","1","1","2"
"西粮十七万","1","1","2"
"平江田四千","1","1","2"
"江田四千亩","1","1","2"
"扬州儒学正","1","1","2"
"州儒学正李","1","1","2"
"儒学正李淦","1","1","2"
"学正李淦上","1","1","2"
"正李淦上书","1","1","2"
"杀参政郭佑","1","1","2"
"御史中丞刘","1","1","2"
"史中丞刘宣","1","1","2"
"御史大夫门","1","1","2"
"史大夫门答","1","1","2"
"大夫门答占","1","1","2"
"李上表力辞","1","1","2"
"江阴路教授","1","1","2"
"问兵部郎中","1","1","2"
"兵部郎中赵","1","1","2"
"部郎中赵孟","1","1","2"
"吉州路总管","1","1","2"
"佥江浙行中","1","1","2"
"佥江淮行尚","1","1","2"
"江淮行尚书","1","1","2"
"淮行尚书省","1","1","2"
"八道劝农营","1","1","2"
"农营田司事","1","1","2"
"劾江西营田","1","1","2"
"江西营田使","1","1","2"
"西营田使沙","1","1","2"
"陈天祥等十","1","1","2"
"天祥等十人","1","1","2"
"六万九千八","1","1","2"
"万九千八百","1","1","2"
"九千八百六","1","1","2"
"百六十二顷","1","1","2"
"粟十五万一","1","1","2"
"五万一千一","1","1","2"
"一千一百斛","1","1","2"
"二千六百贯","1","1","2"
"麻丝二千七","1","1","2"
"丝二千七百","1","1","2"
"二千七百斤","1","1","2"
"转运司判官","1","1","2"
"运司判官唐","1","1","2"
"司判官唐申","1","1","2"
"济州金乡人","1","1","2"
"章政事张启","1","1","2"
"政事张启元","1","1","2"
"李移住妄言","1","1","2"
"移住妄言惑","1","1","2"
"住妄言惑众","1","1","2"
"宗亲海都作","1","1","2"
"亲海都作乱","1","1","2"
"马左丞爱惜","1","1","2"
"左丞爱惜汉","1","1","2"
"丞爱惜汉人","1","1","2"
"集诸路总管","1","1","2"
"诸路总管三","1","1","2"
"路总管三十","1","1","2"
"总管三十人","1","1","2"
"都城种苜蓿","1","1","2"
"城种苜蓿地","1","1","2"
"燧年三十八","1","1","2"
"秦王府文学","1","1","2"
"调山南湖北","1","1","2"
"遣正字吕洙","1","1","2"
"国统离合表","1","1","2"
"故三十年间","1","1","2"
"国朝名臣世","1","1","2"
"朝名臣世勋","1","1","2"
"高丽沈阳王","1","1","2"
"丽沈阳王父","1","1","2"
"沈阳王父子","1","1","2"
"辽东丹王十","1","1","2"
"东丹王十世","1","1","2"
"丹王十世孙","1","1","2"
"始立国子监","1","1","2"
"除集贤学士","2","0","2"
"太常乐师流","1","1","2"
"授户部员外","1","1","2"
"南京总管府","1","1","2"
"京总管府判","1","1","2"
"佥四川道提","1","1","2"
"知保定路总","1","1","2"
"保定路总管","1","1","2"
"定路总管府","1","1","2"
"张孔孙二人","1","1","2"
"政廉访司使","1","1","2"
"民尹执中兄","1","1","2"
"尹执中兄弟","1","1","2"
"修建京师庙","1","1","2"
"建京师庙学","1","1","2"
"设国子生徒","1","1","2"
"摄管军万户","1","1","2"
"枢密副使暗","1","1","2"
"淮行枢密副","1","1","2"
"遣使巡行天","1","1","2"
"使巡行天下","1","1","2"
"府史胥徒数","1","1","2"
"史胥徒数百","1","1","2"
"仁宗时东宫","2","0","2"
"教坊使曹咬","1","1","2"
"坊使曹咬住","1","1","2"
"列门传皇太","1","1","2"
"门传皇太后","1","1","2"
"遣参议中书","1","1","2"
"中书省事换","1","1","2"
"书省事换住","1","1","2"
"子治书侍御","1","1","2"
"泰定元年六","1","1","2"
"定元年六月","1","1","2"
"保禄养祸所","1","1","2"
"禄养祸所致","1","1","2"
"前宰相铁木","1","1","2"
"宰相铁木迭","1","1","2"
"权奸失列门","1","1","2"
"任太子太师","1","1","2"
"阿合马贪残","1","1","2"
"臣作福作威","2","0","2"
"杀亲王妃主","1","1","2"
"亲王妃主百","1","1","2"
"王妃主百余","1","1","2"
"妃主百余人","1","1","2"
"分羊马畜产","1","1","2"
"令鹰师强收","1","1","2"
"鹰师强收郑","1","1","2"
"师强收郑国","1","1","2"
"强收郑国宝","1","1","2"
"收郑国宝妻","1","1","2"
"郑国宝妻古","1","1","2"
"国宝妻古哈","1","1","2"
"三十余万锭","1","1","2"
"平章政事萧","1","1","2"
"命省台选官","1","1","2"
"广州东莞县","1","1","2"
"州东莞县大","1","1","2"
"东莞县大步","1","1","2"
"莞县大步海","1","1","2"
"户七百余家","1","1","2"
"仅获小珠五","1","1","2"
"获小珠五两","1","1","2"
"小珠五两六","1","1","2"
"珠五两六两","1","1","2"
"虫鱼伤死者","1","1","2"
"后同知广州","1","1","2"
"同知广州路","1","1","2"
"知广州路事","1","1","2"
"广州路事塔","1","1","2"
"州路事塔塔","1","1","2"
"创设提举司","1","1","2"
"设提举司监","1","1","2"
"提举司监采","1","1","2"
"内正少卿魏","1","1","2"
"正少卿魏暗","1","1","2"
"少卿魏暗都","1","1","2"
"卿魏暗都剌","1","1","2"
"院使秃古思","1","1","2"
"御史徐元素","1","1","2"
"朝斡耳朵所","1","1","2"
"钞数千万锭","1","1","2"
"帝王治国理","1","1","2"
"王治国理财","1","1","2"
"河间路守臣","1","1","2"
"公主桑哥剌","1","1","2"
"主桑哥剌吉","1","1","2"
"朝所赐僧寺","1","1","2"
"所赐僧寺田","1","1","2"
"僧道畜妻子","2","0","2"
"国家金银珠","1","1","2"
"家金银珠玉","1","1","2"
"翰林学士吴","1","1","2"
"林学士吴澄","1","1","2"
"学士吴澄等","1","1","2"
"泰定二年夏","1","1","2"
"珪商议中书","1","1","2"
"四年十二月","1","1","2"
"潞州宣抚使","1","1","2"
"晋原县主簿","1","1","2"
"哈剌哈孙称","1","1","2"
"剌哈孙称病","1","1","2"
"先发者制人","1","1","2"
"皇后深居九","1","1","2"
"后深居九重","1","1","2"
"安西王府中","1","1","2"
"赖天地祖宗","1","1","2"
"天地祖宗神","1","1","2"
"地祖宗神灵","1","1","2"
"皇庆元年正","1","1","2"
"庆元年正月","1","1","2"
"改封韩国公","1","1","2"
"铁木迭复相","2","0","2"
"李道复肯俯","1","1","2"
"道复肯俯就","1","1","2"
"复肯俯就集","1","1","2"
"肯俯就集贤","1","1","2"
"改集贤司直","2","0","2"
"孙答剌罕奏","1","1","2"
"授吏部郎中","1","1","2"
"康路总管侯","1","1","2"
"山北廉访副","1","1","2"
"北廉访副使","1","1","2"
"两淮盐法久","2","0","2"
"大夫脱欢答","1","1","2"
"夫脱欢答剌","1","1","2"
"陕西诸道行","2","0","2"
"西诸道行御","2","0","2"
"常州路推官","1","1","2"
"关陕许衡倡","1","1","2"
"陕许衡倡道","1","1","2"
"许衡倡道学","1","1","2"
"四川廉访佥","1","1","2"
"川廉访佥事","1","1","2"
"廉访佥事阔","1","1","2"
"访佥事阔阔","1","1","2"
"使法忽鲁丁","1","1","2"
"朝廷遣使督","1","1","2"
"山北廉访使","1","1","2"
"史观音保等","1","1","2"
"云南佥事范","1","1","2"
"南佥事范震","1","1","2"
"真州知州吕","1","1","2"
"州知州吕世","1","1","2"
"知州吕世英","1","1","2"
"裕宗文惠明","1","1","2"
"宗文惠明孝","1","1","2"
"守祖宗成法","1","1","2"
"佛本西方圣","1","1","2"
"本西方圣人","1","1","2"
"授兵部员外","1","1","2"
"大二年三月","1","1","2"
"世祖选良家","1","1","2"
"祖选良家子","1","1","2"
"太子裁决天","1","1","2"
"子裁决天下","1","1","2"
"裁决天下事","1","1","2"
"迁尚书户部","1","1","2"
"尚书户部令","1","1","2"
"书户部令史","1","1","2"
"升参议枢密","1","1","2"
"河间盐运官","1","1","2"
"间盐运官亏","1","1","2"
"济南张同知","1","1","2"
"改同佥枢密","2","0","2"
"右丞忙兀突","1","1","2"
"丞忙兀突鲁","1","1","2"
"忙兀突鲁迷","1","1","2"
"兀突鲁迷失","1","1","2"
"突鲁迷失请","1","1","2"
"二百七十万","1","1","2"
"百七十万索","1","1","2"
"平章忽都丁","2","0","2"
"能明察奸邪","1","1","2"
"廉访司权太","1","1","2"
"章政事哈剌","1","1","2"
"政事哈剌哈","1","1","2"
"事哈剌哈孙","1","1","2"
"司员外郎高","1","1","2"
"劾江浙省臣","1","1","2"
"江浙省臣听","1","1","2"
"浙省臣听诏","1","1","2"
"迁户部员外","1","1","2"
"民赖全活者","2","0","2"
"时广西两江","1","1","2"
"广西两江岑","1","1","2"
"西两江岑雄","1","1","2"
"湖广宣慰使","1","1","2"
"广宣慰使张","1","1","2"
"宣慰使张国","1","1","2"
"慰使张国纪","1","1","2"
"军二十余万","1","1","2"
"命中书省纂","1","1","2"
"中书省纂集","1","1","2"
"书省纂集典","1","1","2"
"省纂集典章","1","1","2"
"迁留守司都","1","1","2"
"留守司都事","1","1","2"
"迁刑部郎中","1","1","2"
"改刑部侍郎","1","1","2"
"河间等路囚","1","1","2"
"湖广省参知","1","1","2"
"广省参知政","1","1","2"
"时左丞相倒","1","1","2"
"计奏左丞相","1","1","2"
"奏左丞相倒","1","1","2"
"河南省左丞","1","1","2"
"文宗平内难","1","1","2"
"书省检校官","1","1","2"
"江右制雅乐","1","1","2"
"元三年九月","1","1","2"
"三年九月卒","1","1","2"
"中书省宣使","1","1","2"
"内宰司照磨","1","1","2"
"升奉训大夫","1","1","2"
"知大都路都","1","1","2"
"大都路都总","1","1","2"
"都路都总管","1","1","2"
"路都总管府","1","1","2"
"都总管府事","1","1","2"
"迁家令司丞","1","1","2"
"东山西道宣","1","1","2"
"山西道宣慰","1","1","2"
"命威顺王征","1","1","2"
"威顺王征八","1","1","2"
"顺王征八番","1","1","2"
"贱买县官屋","1","1","2"
"迁都漕运使","1","1","2"
"侍仪司舍人","1","1","2"
"迁两浙盐运","1","1","2"
"入参议枢密","1","1","2"
"中书省左司","1","1","2"
"书省左司郎","1","1","2"
"省左司郎中","1","1","2"
"万亿库提举","1","1","2"
"左丞相哈散","1","1","2"
"丞相哈散辞","1","1","2"
"相哈散辞职","1","1","2"
"琐咬哈迷失","2","0","2"
"李谦亨强谏","1","1","2"
"蒙古子女口","1","1","2"
"古子女口粮","1","1","2"
"饿死四百人","1","1","2"
"文宗天历元","1","1","2"
"宗天历元年","1","1","2"
"中书拨江浙","1","1","2"
"书拨江浙盐","1","1","2"
"拨江浙盐运","1","1","2"
"江浙盐运司","1","1","2"
"俺伯进西蕃","1","1","2"
"伯进西蕃铠","1","1","2"
"进西蕃铠甲","1","1","2"
"迁工部尚书","1","1","2"
"河朔连年水","1","1","2"
"赐钞五千缗","1","1","2"
"辽东道廉访","1","1","2"
"发海道粮十","1","1","2"
"海道粮十八","1","1","2"
"道粮十八万","1","1","2"
"粮十八万石","1","1","2"
"山东道廉访","1","1","2"
"知经筵事召","1","1","2"
"婺州路军民","1","1","2"
"州路军民人","1","1","2"
"路军民人匠","1","1","2"
"军民人匠提","1","1","2"
"民人匠提举","1","1","2"
"举梦解才德","1","1","2"
"江浙行省委","1","1","2"
"书侍御史苟","1","1","2"
"侍御史苟宗","1","1","2"
"御史苟宗道","1","1","2"
"同知桂阳路","1","1","2"
"知桂阳路总","1","1","2"
"桂阳路总管","1","1","2"
"广西肃政廉","1","1","2"
"江路总管李","1","1","2"
"路总管李倜","1","1","2"
"湖南宣慰副","1","1","2"
"南宣慰副使","1","1","2"
"记诵千百言","1","1","2"
"国子学弟子","1","1","2"
"子学弟子员","1","1","2"
"同考试国子","1","1","2"
"上都西门外","1","1","2"
"素恶铁木迭","2","0","2"
"御史玉龙帖","1","1","2"
"史玉龙帖木","1","1","2"
"胜乘赐车迎","1","1","2"
"乘赐车迎诏","1","1","2"
"中书平章李","1","1","2"
"书平章李孟","1","1","2"
"上书论朝政","1","1","2"
"英宗犹东宫","2","0","2"
"徽政使失里","1","1","2"
"政使失里门","1","1","2"
"夫秃忒哈杂","2","0","2"
"秃忒哈杂问","2","0","2"
"责前违太后","2","0","2"
"前违太后旨","2","0","2"
"觉所谮毁者","2","0","2"
"贤大学士张","1","1","2"
"中书参议回","1","1","2"
"书参议回回","1","1","2"
"特赠思顺佐","1","1","2"
"赠思顺佐理","1","1","2"
"思顺佐理功","1","1","2"
"顺佐理功臣","1","1","2"
"契丹石抹氏","1","1","2"
"特授檀州知","1","1","2"
"授檀州知州","1","1","2"
"萧知府奔丧","1","1","2"
"河间路总管","1","1","2"
"赤帖吉氏归","1","1","2"
"帖吉氏归铸","1","1","2"
"希亮独留燕","1","1","2"
"希亮将辎重","1","1","2"
"铸说浑都海","1","1","2"
"说浑都海等","1","1","2"
"抵沙州北川","1","1","2"
"定宗幼子大","1","1","2"
"宗幼子大名","1","1","2"
"幼子大名王","1","1","2"
"阿体八升山","1","1","2"
"入觐世祖上","2","0","2"
"世祖命希亮","1","1","2"
"祖命希亮问","1","1","2"
"命希亮问诸","1","1","2"
"希亮问诸降","1","1","2"
"亮问诸降将","1","1","2"
"汉人盗钞六","1","1","2"
"人盗钞六文","1","1","2"
"盗钞六文者","1","1","2"
"钞六文者杀","1","1","2"
"蒙古汉军征","1","1","2"
"古汉军征行","1","1","2"
"汉军征行大","1","1","2"
"军征行大元","1","1","2"
"征行大元帅","1","1","2"
"功袭父元帅","1","1","2"
"袭父元帅职","1","1","2"
"文州吐蕃万","1","1","2"
"州吐蕃万户","1","1","2"
"吐蕃万户达","1","1","2"
"蕃万户达鲁","1","1","2"
"万户达鲁花","1","1","2"
"澧阳县坏堤","1","1","2"
"澧掠卖良民","1","1","2"
"行御史台都","1","1","2"
"奉诏汉人参","1","1","2"
"诏汉人参政","1","1","2"
"特命御史台","1","1","2"
"守大都留守","1","1","2"
"巴县闲田七","1","1","2"
"县闲田七百","1","1","2"
"闲田七百八","1","1","2"
"田七百八十","1","1","2"
"百八十三顷","1","1","2"
"万一千七百","1","1","2"
"一千七百石","1","1","2"
"世延年高多","1","1","2"
"许乘小车入","1","1","2"
"乘小车入内","1","1","2"
"改封凉国公","1","1","2"
"享年七十七","1","1","2"
"范阳儒学教","1","1","2"
"阳儒学教谕","1","1","2"
"孔氏族人相","1","1","2"
"特授中议大","1","1","2"
"廉访副使王","1","1","2"
"访副使王鹏","1","1","2"
"副使王鹏南","1","1","2"
"角楼围墙未","1","1","2"
"置尼山书院","1","1","2"
"诏加封圣父","1","1","2"
"米三十斛送","1","1","2"
"三十斛送元","1","1","2"
"十斛送元复","1","1","2"
"斛送元复初","1","1","2"
"升翰林直学","1","1","2"
"二帝三王道","2","0","2"
"兴圣太后受","1","1","2"
"圣太后受尊","1","1","2"
"太后受尊号","1","1","2"
"钞万二千锭","2","0","2"
"升翰林侍讲","1","1","2"
"士选下马入","1","1","2"
"真人吴全节","1","1","2"
"丞相允文五","1","1","2"
"大成殿新赐","1","1","2"
"成殿新赐登","1","1","2"
"殿新赐登歌","1","1","2"
"新赐登歌乐","1","1","2"
"侍读学士王","1","1","2"
"读学士王结","1","1","2"
"俄国子祭酒","2","0","2"
"部尚书马祖","1","1","2"
"尚书马祖常","1","1","2"
"国子司业杨","1","1","2"
"翰林修撰谢","1","1","2"
"林修撰谢端","1","1","2"
"应奉苏天爵","1","1","2"
"国子助教陈","1","1","2"
"子助教陈旅","1","1","2"
"通事舍人王","1","1","2"
"事舍人王士","1","1","2"
"舍人王士点","1","1","2"
"中丞赵世安","1","1","2"
"丞赵世安乘","1","1","2"
"时世家子孙","1","1","2"
"立妥欢帖穆","1","1","2"
"妥欢帖穆太","2","0","2"
"欢帖穆太子","2","0","2"
"老臣赴上都","1","1","2"
"臣赴上都议","1","1","2"
"阁大学士忽","1","1","2"
"士忽都鲁笃","1","1","2"
"湖南帅赵淇","1","1","2"
"授翰林国史","2","0","2"
"时平章李孟","1","1","2"
"平章李孟监","1","1","2"
"章李孟监修","1","1","2"
"李孟监修国","1","1","2"
"孟监修国史","1","1","2"
"集贤学士王","1","1","2"
"贤学士王约","1","1","2"
"戚大臣子孙","1","1","2"
"太平政要策","1","1","2"
"授经郎揭曼","1","1","2"
"经郎揭曼硕","1","1","2"
"郎揭曼硕所","1","1","2"
"时秦王伯颜","1","1","2"
"奎章阁供奉","1","1","2"
"章阁供奉学","1","1","2"
"阁供奉学士","1","1","2"
"品进阶中奉","1","1","2"
"傒斯进四等","1","1","2"
"明宗神御殿","1","1","2"
"宗神御殿碑","1","1","2"
"行新旧铜钱","1","1","2"
"学问文章知","2","0","2"
"问文章知史","2","0","2"
"文章知史事","2","0","2"
"转国子博士","2","0","2"
"等处儒学提","1","1","2"
"处儒学提举","1","1","2"
"除翰林直学","2","0","2"
"兰溪金履祥","1","1","2"
"江山县儒学","1","1","2"
"山县儒学教","1","1","2"
"退居深袅山","1","1","2"
"居深袅山中","1","1","2"
"春秋世变图","1","1","2"
"春秋传授谱","1","1","2"
"孟子弟子列","1","1","2"
"子弟子列传","1","1","2"
"胡氏传证误","1","1","2"
"调长芗书院","1","1","2"
"长芗书院山","1","1","2"
"芗书院山长","1","1","2"
"福山县学教","1","1","2"
"山县学教谕","1","1","2"
"值县官捕蝗","1","1","2"
"中书参政杨","1","1","2"
"书参政杨廷","1","1","2"
"参政杨廷玉","1","1","2"
"世皇建台阁","1","1","2"
"进左司郎中","1","1","2"
"太子右赞善","1","1","2"
"燕王府司马","1","1","2"
"江南行台侍","1","1","2"
"南行台侍御","1","1","2"
"凡远近调发","1","1","2"
"编修四朝实","1","1","2"
"修四朝实录","1","1","2"
"赠崇仁昭德","1","1","2"
"崇仁昭德推","1","1","2"
"仁昭德推忠","1","1","2"
"昭德推忠守","1","1","2"
"德推忠守正","1","1","2"
"推忠守正功","1","1","2"
"忠守正功臣","1","1","2"
"凡宗庙朝廷","1","1","2"
"读书一目五","1","1","2"
"书一目五行","1","1","2"
"授开宁路学","1","1","2"
"开宁路学正","1","1","2"
"同知辽州事","2","0","2"
"壬独率弓箭","1","1","2"
"独率弓箭手","1","1","2"
"大夫纽泽先","1","1","2"
"都转运盐司","1","1","2"
"转运盐司使","1","1","2"
"阁学士院侍","1","1","2"
"学士院侍书","1","1","2"
"士院侍书学","1","1","2"
"院侍书学士","1","1","2"
"达鲁花赤完","1","1","2"
"鲁花赤完卜","1","1","2"
"御史大夫家","1","1","2"
"封赠祖父母","1","1","2"
"政事彻理帖","1","1","2"
"事彻理帖木","1","1","2"
"李老君太子","1","1","2"
"长芦韩公溥","1","1","2"
"囊加庆善八","1","1","2"
"开西山金口","1","1","2"
"监察御史答","1","1","2"
"察御史答兰","1","1","2"
"二十四年九","1","1","2"
"四年九月二","1","1","2"
"年九月二十","1","1","2"
"九月二十一","1","1","2"
"二十一日卒","1","1","2"
"江陵王奎文","1","1","2"
"逆贼铁失等","1","1","2"
"蒙古千户使","1","1","2"
"铁失余党未","1","1","2"
"兵征郁林州","1","1","2"
"征郁林州徭","1","1","2"
"郁林州徭民","1","1","2"
"枢密副使王","1","1","2"
"密副使王卜","1","1","2"
"副使王卜邻","1","1","2"
"使王卜邻吉","1","1","2"
"王卜邻吉台","1","1","2"
"河东廉访副","1","1","2"
"迁太常博士","2","0","2"
"第八室黄金","1","1","2"
"除翰林修撰","2","0","2"
"宁宗三朝实","1","1","2"
"宗三朝实录","1","1","2"
"朝功臣列传","1","1","2"
"大都留守答","1","1","2"
"南都元帅述","1","1","2"
"都元帅述律","1","1","2"
"元帅述律铎","1","1","2"
"宜宾县尹杨","1","1","2"
"宾县尹杨济","1","1","2"
"县尹杨济亨","1","1","2"
"蟠龙山建宪","1","1","2"
"龙山建宪宗","1","1","2"
"山建宪宗神","1","1","2"
"建宪宗神御","1","1","2"
"宪宗神御殿","1","1","2"
"儒学提举谢","1","1","2"
"学提举谢晋","1","1","2"
"提举谢晋贤","1","1","2"
"举谢晋贤请","1","1","2"
"复文翁石室","1","1","2"
"山西道肃政","1","1","2"
"安西王月鲁","1","1","2"
"西王月鲁帖","1","1","2"
"枢密院掾史","1","1","2"
"密院掾史田","1","1","2"
"院掾史田甲","1","1","2"
"登治元年进","2","0","2"
"入翰林国史","2","0","2"
"迁国子博士","2","0","2"
"迁河东道廉","1","1","2"
"除江南行台","2","0","2"
"廉访使曾文","1","1","2"
"访使曾文博","1","1","2"
"奉使代天子","1","1","2"
"使代天子行","1","1","2"
"代天子行事","1","1","2"
"求二帝三王","1","1","2"
"集历代帝王","1","1","2"
"取前代帝王","1","1","2"
"学士承旨一","1","1","2"
"士承旨一品","1","1","2"
"襄阳县儒学","1","1","2"
"阳县儒学教","1","1","2"
"汴梁路儒学","1","1","2"
"梁路儒学正","1","1","2"
"中书参议元","1","1","2"
"书参议元明","1","1","2"
"参议元明善","1","1","2"
"中书右司都","1","1","2"
"书右司都事","1","1","2"
"经筵参赞官","1","1","2"
"召集贤侍讲","2","0","2"
"山东道肃政","1","1","2"
"京畿奉使宣","1","1","2"
"畿奉使宣抚","1","1","2"
"九百四十九","1","1","2"
"宝章阁学士","1","1","2"
"福建制置使","1","1","2"
"南剑路顺昌","1","1","2"
"剑路顺昌县","1","1","2"
"路顺昌县尹","1","1","2"
"赐平江田八","1","1","2"
"平江田八千","1","1","2"
"江田八千亩","1","1","2"
"特授都中少","1","1","2"
"授都中少中","1","1","2"
"都中少中大","1","1","2"
"中少中大夫","1","1","2"
"江路总管府","1","1","2"
"路总管府治","1","1","2"
"北道宣慰副","1","1","2"
"郴州路总管","1","1","2"
"邻州茶陵富","1","1","2"
"州茶陵富民","1","1","2"
"茶陵富民覃","1","1","2"
"陵富民覃乙","1","1","2"
"富民覃乙死","1","1","2"
"建闽海道肃","1","1","2"
"整点七路军","1","1","2"
"点七路军马","1","1","2"
"佩元降金虎","1","1","2"
"元降金虎符","1","1","2"
"丞相完泽见","1","1","2"
"克敬独孜孜","1","1","2"
"江浙行省照","1","1","2"
"浙行省照磨","1","1","2"
"总管王都中","1","1","2"
"书侍御史张","1","1","2"
"侍御史张伯","1","1","2"
"御史张伯高","1","1","2"
"两浙煎盐户","1","1","2"
"减盐五千引","1","1","2"
"江西道廉访","1","1","2"
"浙盐运司使","1","1","2"
"湖南道廉访","1","1","2"
"南道廉访使","1","1","2"
"调海道都漕","1","1","2"
"海道都漕运","1","1","2"
"道都漕运万","1","1","2"
"都漕运万户","1","1","2"
"大长公主供","1","1","2"
"松江田赋中","1","1","2"
"提调军马官","1","1","2"
"臣朝夕痛心","1","1","2"
"金陵迁江陵","1","1","2"
"安丰路总管","1","1","2"
"寿福府总管","1","1","2"
"皇极经世书","1","1","2"
"丞相高昌王","1","1","2"
"典宝监经历","1","1","2"
"禧宗禋院都","2","0","2"
"宗禋院都事","2","0","2"
"上下三千余","1","1","2"
"下三千余年","1","1","2"
"承祖宗艰难","1","1","2"
"设置群牧使","1","1","2"
"置群牧使司","1","1","2"
"受郎官御史","1","1","2"
"三考连任京","1","1","2"
"考连任京官","1","1","2"
"元统二年五","1","1","2"
"元元年五月","1","1","2"
"湖南廉访使","1","1","2"
"命庐州路总","1","1","2"
"庐州路总管","1","1","2"
"州路总管杭","1","1","2"
"路总管杭州","1","1","2"
"唐检校司空","1","1","2"
"检校司空赠","1","1","2"
"校司空赠司","1","1","2"
"司空赠司徒","1","1","2"
"空赠司徒充","1","1","2"
"宣武军节度","1","1","2"
"燕南肃政廉","1","1","2"
"参知政事韩","1","1","2"
"知政事韩镛","1","1","2"
"右丞玉枢虎","1","1","2"
"历台阁三十","1","1","2"
"台阁三十余","1","1","2"
"阁三十余年","1","1","2"
"效范文正公","1","1","2"
"买田六百亩","1","1","2"
"山南廉访司","1","1","2"
"御史台察院","1","1","2"
"史台察院书","1","1","2"
"台察院书吏","1","1","2"
"徽政院掾史","1","1","2"
"授刑部主事","1","1","2"
"文宗后皇太","1","1","2"
"宗后皇太后","1","1","2"
"念皇弟燕帖","1","1","2"
"燕帖古思太","1","1","2"
"帖古思太子","1","1","2"
"谏天子巡幸","1","1","2"
"天子巡幸上","1","1","2"
"子巡幸上都","1","1","2"
"历代珍宝分","1","1","2"
"北廉访司事","1","1","2"
"诸路宝钞提","1","1","2"
"路宝钞提举","1","1","2"
"济宁军民屯","1","1","2"
"宁军民屯田","1","1","2"
"军民屯田使","1","1","2"
"章政事答兰","1","1","2"
"参知政事俺","1","1","2"
"知政事俺普","1","1","2"
"河北燕南士","1","1","2"
"北燕南士民","1","1","2"
"积粟百万石","1","1","2"
"山东行枢密","1","1","2"
"宗礼生仲堪","1","1","2"
"擢翰林国史","2","0","2"
"林国史院检","1","1","2"
"国史院检阅","1","1","2"
"史院检阅官","1","1","2"
"旨取国史阅","1","1","2"
"行省平章左","1","1","2"
"省平章左吉","1","1","2"
"平章左吉贪","1","1","2"
"盗杀河南省","2","0","2"
"访使段辅入","1","1","2"
"使段辅入行","1","1","2"
"段辅入行省","1","1","2"
"升左司郎中","1","1","2"
"会平章政事","2","0","2"
"平章政事巩","1","1","2"
"章政事巩卜","1","1","2"
"政事巩卜班","1","1","2"
"河东廉访使","1","1","2"
"中授湖北廉","1","1","2"
"授湖北廉访","1","1","2"
"湖北廉访使","1","1","2"
"转御史中丞","1","1","2"
"御史大夫纳","1","1","2"
"史大夫纳麟","1","1","2"
"政孔思立受","1","1","2"
"左司都事武","1","1","2"
"司都事武祺","1","1","2"
"都事武祺等","1","1","2"
"劾思诚狂妄","1","1","2"
"遣太医院宣","1","1","2"
"太医院宣使","1","1","2"
"医院宣使秦","1","1","2"
"院宣使秦初","1","1","2"
"参议龚伯遂","1","1","2"
"能杀吕左丞","1","1","2"
"授宁国路儒","1","1","2"
"宁国路儒学","1","1","2"
"国路儒学正","1","1","2"
"朝廷征江南","1","1","2"
"廷征江南包","1","1","2"
"征江南包银","1","1","2"
"迁南安路总","1","1","2"
"南安路总管","1","1","2"
"安路总管府","1","1","2"
"镇守万户朵","1","1","2"
"持官府短长","2","0","2"
"殴伤属县长","1","1","2"
"伤属县长官","1","1","2"
"赂巡按御史","1","1","2"
"潮州府判官","1","1","2"
"州府判官钱","1","1","2"
"府判官钱珍","1","1","2"
"奸淫事杀推","1","1","2"
"淫事杀推官","1","1","2"
"事杀推官梁","1","1","2"
"杀推官梁楫","1","1","2"
"连广东廉访","1","1","2"
"广东廉访副","1","1","2"
"廉访副使刘","1","1","2"
"调济宁路兖","1","1","2"
"济宁路兖州","1","1","2"
"宁路兖州知","1","1","2"
"路兖州知州","1","1","2"
"示褒崇宣圣","1","1","2"
"礼部尚书致","2","0","2"
"东廉访使道","1","1","2"
"廉访使道童","1","1","2"
"长枪军琐南","1","1","2"
"枪军琐南班","1","1","2"
"军琐南班等","1","1","2"
"琐南班等叛","1","1","2"
"饶州慈湖书","1","1","2"
"州慈湖书院","1","1","2"
"慈湖书院山","1","1","2"
"湖书院山长","1","1","2"
"登延祐二年","1","1","2"
"延祐二年乙","1","1","2"
"祐二年乙科","1","1","2"
"授同知昌国","1","1","2"
"同知昌国州","1","1","2"
"知昌国州事","1","1","2"
"创行助役法","1","1","2"
"文传令妾抱","1","1","2"
"宋大儒朱熹","1","1","2"
"佥浙西廉访","2","0","2"
"延祐五年中","1","1","2"
"祐五年中进","1","1","2"
"五年中进士","1","1","2"
"年中进士第","1","1","2"
"迁集贤都事","1","1","2"
"中书参议傅","1","1","2"
"书参议傅岩","1","1","2"
"举乌程县尹","1","1","2"
"乌程县尹干","1","1","2"
"程县尹干文","1","1","2"
"县尹干文传","1","1","2"
"迁南行台治","1","1","2"
"朝廷慎选守","1","1","2"
"廷慎选守令","1","1","2"
"参知政事魏","1","1","2"
"知政事魏中","1","1","2"
"政事魏中立","1","1","2"
"八岁能记诵","1","1","2"
"岁能记诵经","1","1","2"
"能记诵经史","1","1","2"
"盗邻村王甲","1","1","2"
"擢御史台照","2","0","2"
"言事官须优","1","1","2"
"事官须优加","1","1","2"
"天护圣寺火","1","1","2"
"迁治书侍御","2","0","2"
"迁中书参知","1","1","2"
"命大都路总","1","1","2"
"中丞任择善","1","1","2"
"大名元城人","1","1","2"
"民五十余人","1","1","2"
"左司仅十八","1","1","2"
"御史大夫欲","1","1","2"
"朝廷建一府","1","1","2"
"廷建一府六","1","1","2"
"建一府六所","1","1","2"
"授彰德路录","1","1","2"
"彰德路录事","1","1","2"
"桢初娶祁氏","1","1","2"
"章政事月鲁","1","1","2"
"政事月鲁帖","1","1","2"
"事月鲁帖木","1","1","2"
"郎中虎者秃","1","1","2"
"中政院判官","1","1","2"
"劾太尉阿乞","1","1","2"
"太尉阿乞剌","1","1","2"
"尉阿乞剌欺","1","1","2"
"郯王一十二","1","1","2"
"王一十二口","1","1","2"
"所谓根本祸","2","0","2"
"臣伏见陛下","1","1","2"
"陛下宜卧薪","1","1","2"
"下宜卧薪尝","1","1","2"
"宜卧薪尝胆","1","1","2"
"臣伏见调兵","1","1","2"
"伏见调兵六","1","1","2"
"见调兵六年","1","1","2"
"郡县星罗棋","1","1","2"
"县星罗棋布","1","1","2"
"山南道肃政","1","1","2"
"劾中书参知","1","1","2"
"密院副使脱","1","1","2"
"院副使脱脱","1","1","2"
"副使脱脱木","1","1","2"
"书侍御史奴","1","1","2"
"侍御史奴奴","1","1","2"
"御史奴奴弄","1","1","2"
"史奴奴弄权","1","1","2"
"奴奴弄权误","1","1","2"
"奴弄权误国","1","1","2"
"绕曲数千里","1","1","2"
"使两军日夜","1","1","2"
"两军日夜仇","1","1","2"
"军日夜仇杀","1","1","2"
"河中安邑山","1","1","2"
"同知颍州事","1","1","2"
"都路儒学提","1","1","2"
"路儒学提举","1","1","2"
"元五年十一","1","1","2"
"五年十一月","1","1","2"
"杞县人范孟","1","1","2"
"杀平章月鲁","1","1","2"
"平章月鲁帖","1","1","2"
"章月鲁帖木","1","1","2"
"廉访使完者","1","1","2"
"总管撒里麻","1","1","2"
"使旸北守黄","1","1","2"
"旸北守黄河","1","1","2"
"北守黄河口","1","1","2"
"赵王府官属","1","1","2"
"元帅述律遵","1","1","2"
"帅述律遵道","1","1","2"
"行省左丞沙","1","1","2"
"省左丞沙班","1","1","2"
"思播杨元帅","1","1","2"
"夷狄攻夷狄","1","1","2"
"楮币五百万","1","1","2"
"币五百万锭","1","1","2"
"时方国珍未","1","1","2"
"迁御史台都","1","1","2"
"皇太子就学","1","1","2"
"皇太子东西","1","1","2"
"太子东西相","1","1","2"
"子东西相向","1","1","2"
"东西相向授","1","1","2"
"西相向授书","1","1","2"
"遣左司郎中","1","1","2"
"左司郎中赵","1","1","2"
"司郎中赵琏","1","1","2"
"郎中赵琏赐","1","1","2"
"中赵琏赐白","1","1","2"
"赵琏赐白金","1","1","2"
"中书参议赵","1","1","2"
"书参议赵期","1","1","2"
"参议赵期颐","1","1","2"
"员外郎李稷","1","1","2"
"伴送安南使","1","1","2"
"送安南使者","1","1","2"
"丞相忽剌歹","1","1","2"
"北廉访司举","1","1","2"
"升同佥太常","1","1","2"
"同佥太常礼","1","1","2"
"中大夫升礼","1","1","2"
"大夫升礼部","1","1","2"
"夫升礼部尚","1","1","2"
"学者争相传","1","1","2"
"者争相传诵","1","1","2"
"旨令南士皆","1","1","2"
"察御史刘希","1","1","2"
"御史刘希曾","1","1","2"
"史刘希曾等","1","1","2"
"刘希曾等十","1","1","2"
"曾等十人共","1","1","2"
"长枪锁南班","1","1","2"
"除兵部尚书","2","0","2"
"监察御史余","1","1","2"
"察御史余观","1","1","2"
"伯琦失陷宁","1","1","2"
"琦失陷宁国","1","1","2"
"行省丞相达","1","1","2"
"省丞相达识","1","1","2"
"诗文稿若干","1","1","2"
"文稿若干卷","1","1","2"
"精通经史百","1","1","2"
"通经史百家","1","1","2"
"授万亿四库","1","1","2"
"万亿四库照","1","1","2"
"亿四库照磨","1","1","2"
"诏特授江西","1","1","2"
"特授江西肃","1","1","2"
"授江西肃政","1","1","2"
"兵部尚书黄","1","1","2"
"部尚书黄昭","1","1","2"
"江西境建昌","1","1","2"
"西境建昌界","1","1","2"
"知政事朵歹","1","1","2"
"陈友谅陷江","2","0","2"
"友谅陷江西","2","0","2"
"陷江西诸郡","1","1","2"
"隐居庐陵吉","1","1","2"
"居庐陵吉水","1","1","2"
"探马赤军户","1","1","2"
"失八都鲁军","1","1","2"
"袭答失八都","2","0","2"
"失八都鲁平","1","1","2"
"枢密副使达","1","1","2"
"密副使达国","1","1","2"
"副使达国珍","1","1","2"
"使达国珍战","1","1","2"
"达国珍战死","1","1","2"
"左丞相太平","1","1","2"
"丞相太平执","1","1","2"
"信州人倪晦","1","1","2"
"沿海上副万","1","1","2"
"海上副万户","1","1","2"
"宜孙守温州","1","1","2"
"浙东宣慰副","1","1","2"
"东宣慰副使","1","1","2"
"省左丞相达","1","1","2"
"左丞相达识","1","1","2"
"丞相达识铁","1","1","2"
"相达识铁睦","1","1","2"
"达识铁睦迩","1","1","2"
"升宜孙行枢","1","1","2"
"宜孙行枢密","1","1","2"
"孙行枢密院","1","1","2"
"江浙儒学副","1","1","2"
"浙儒学副提","1","1","2"
"学副提举刘","1","1","2"
"副提举刘基","1","1","2"
"萧山县尹苏","1","1","2"
"山县尹苏友","1","1","2"
"县尹苏友龙","1","1","2"
"十八年十二","1","1","2"
"时经略使李","1","1","2"
"经略使李国","1","1","2"
"略使李国凤","1","1","2"
"推诚宣力效","1","1","2"
"诚宣力效节","1","1","2"
"宣力效节功","1","1","2"
"力效节功臣","1","1","2"
"追封越国公","1","1","2"
"吴越钱武肃","1","1","2"
"越钱武肃王","1","1","2"
"张清献海运","1","1","2"
"居金华山中","1","1","2"
"秘书丞刘恕","1","1","2"
"皇极经世历","1","1","2"
"大学章句疏","1","1","2"
"学章句疏义","1","1","2"
"论语孟子集","1","1","2"
"语孟子集注","1","1","2"
"孟子集注考","1","1","2"
"子集注考证","1","1","2"
"廉访使郑允","1","1","2"
"访使郑允中","1","1","2"
"母陶氏口授","1","1","2"
"四书章句集","1","1","2"
"书章句集注","1","1","2"
"吕祖谦点校","1","1","2"
"廉访使刘庭","1","1","2"
"访使刘庭直","1","1","2"
"副使赵宏伟","1","1","2"
"建四贤书院","1","1","2"
"陕西儒学提","1","1","2"
"西儒学提举","1","1","2"
"改集贤侍读","1","1","2"
"太子右谕德","1","1","2"
"台侍御史赵","1","1","2"
"侍御史赵世","1","1","2"
"御史赵世延","1","1","2"
"置鲁斋书院","1","1","2"
"外舅徐道隆","1","1","2"
"荆湖四川宣","1","1","2"
"湖四川宣抚","1","1","2"
"四川宣抚参","1","1","2"
"川宣抚参议","1","1","2"
"宣抚参议官","1","1","2"
"监重庆府酒","1","1","2"
"重庆府酒务","1","1","2"
"湖广军马钱","1","1","2"
"广军马钱粮","1","1","2"
"军马钱粮所","1","1","2"
"马钱粮所佥","1","1","2"
"钱粮所佥厅","1","1","2"
"运盐使司长","1","1","2"
"盐使司长山","1","1","2"
"使司长山场","1","1","2"
"司长山场盐","1","1","2"
"长山场盐司","1","1","2"
"山场盐司丞","1","1","2"
"青田余学古","1","1","2"
"传龙泉叶味","1","1","2"
"龙泉叶味道","1","1","2"
"登进士第第","1","1","2"
"进士第第四","1","1","2"
"宝庆府佥书","1","1","2"
"庆府佥书判","1","1","2"
"府佥书判官","1","1","2"
"佥书判官厅","1","1","2"
"书判官厅公","1","1","2"
"判官厅公事","1","1","2"
"状元王龙泽","1","1","2"
"群贤讲论经","1","1","2"
"贤讲论经义","1","1","2"
"朝廷遣治书","1","1","2"
"廷遣治书侍","1","1","2"
"书侍御史王","1","1","2"
"侍御史王构","1","1","2"
"考古篆籀文","1","1","2"
"古篆籀文字","1","1","2"
"建安县主簿","1","1","2"
"福清州判官","1","1","2"
"翰林学士元","1","1","2"
"林学士元明","1","1","2"
"学士元明善","1","1","2"
"家集三十卷","1","1","2"
"南台监察御","1","1","2"
"宁国路录事","1","1","2"
"池州建德县","1","1","2"
"州建德县尹","1","1","2"
"侍御史孔思","1","1","2"
"御史孔思立","1","1","2"
"士承旨王思","1","1","2"
"承旨王思廉","1","1","2"
"侍御史赵承","1","1","2"
"御史赵承庆","1","1","2"
"史赵承庆见","1","1","2"
"绍熙府故地","1","1","2"
"绍熙土饶利","1","1","2"
"熙土饶利厚","1","1","2"
"置绍熙宣抚","1","1","2"
"绍熙宣抚司","1","1","2"
"江东肃政廉","1","1","2"
"追封恒山郡","1","1","2"
"封恒山郡侯","1","1","2"
"中书耶律楚","1","1","2"
"书耶律楚材","1","1","2"
"四川佥省严","1","1","2"
"川佥省严忠","1","1","2"
"省严忠范守","1","1","2"
"严忠范守成","1","1","2"
"忠范守成都","1","1","2"
"西南夷罗罗","1","1","2"
"南夷罗罗斯","1","1","2"
"择文武全才","1","1","2"
"同知宣慰使","1","1","2"
"河东宣抚司","1","1","2"
"贤良方正孝","1","1","2"
"良方正孝廉","1","1","2"
"中书省架阁","1","1","2"
"书省架阁库","1","1","2"
"省架阁库管","1","1","2"
"架阁库管勾","1","1","2"
"陕西道劝农","1","1","2"
"西道劝农使","1","1","2"
"命平章廉希","1","1","2"
"平章廉希宪","1","1","2"
"章廉希宪行","1","1","2"
"廉希宪行中","1","1","2"
"希宪行中书","1","1","2"
"江西道提刑","1","1","2"
"行省右丞教","1","1","2"
"省右丞教化","1","1","2"
"参政高兴代","1","1","2"
"梁路总管府","1","1","2"
"王成等五人","1","1","2"
"河南孔目官","1","1","2"
"民兵二千户","1","1","2"
"升真定路管","1","1","2"
"饥民数万人","1","1","2"
"劝总管张国","1","1","2"
"总管张国宝","1","1","2"
"河南按察副","1","1","2"
"时兴圣太后","1","1","2"
"臣待罪刑部","1","1","2"
"待罪刑部郎","1","1","2"
"罪刑部郎中","1","1","2"
"永新州判官","1","1","2"
"江西行省照","1","1","2"
"西行省照磨","1","1","2"
"转抚州路宜","1","1","2"
"抚州路宜黄","1","1","2"
"州路宜黄县","1","1","2"
"路宜黄县尹","1","1","2"
"升抚州路总","1","1","2"
"金溪县民陶","1","1","2"
"溪县民陶甲","1","1","2"
"转湖州路归","1","1","2"
"湖州路归安","1","1","2"
"州路归安县","1","1","2"
"路归安县尹","1","1","2"
"妻女十一人","1","1","2"
"道州路总管","1","1","2"
"时湖南副使","1","1","2"
"湖南副使哈","1","1","2"
"南副使哈剌","1","1","2"
"副使哈剌帖","1","1","2"
"使哈剌帖木","1","1","2"
"木华黎率兵","1","1","2"
"华黎率兵攻","1","1","2"
"能斩攸兴哥","1","1","2"
"木华黎命兴","1","1","2"
"华黎命兴哥","1","1","2"
"徒单登城督","1","1","2"
"单登城督战","1","1","2"
"河东北路兵","1","1","2"
"东北路兵马","1","1","2"
"北路兵马都","1","1","2"
"哈剌拔都修","1","1","2"
"剌拔都修城","1","1","2"
"拔都修城池","1","1","2"
"葭州渡河西","1","1","2"
"攻寿阳县王","1","1","2"
"寿阳县王胡","1","1","2"
"阳县王胡庄","1","1","2"
"攻太谷县桑","1","1","2"
"太谷县桑梓","1","1","2"
"谷县桑梓寨","1","1","2"
"哈剌拔都设","1","1","2"
"盂州陵井寨","1","1","2"
"忻州清泉寨","1","1","2"
"清泉寨酋长","1","1","2"
"泉寨酋长王","1","1","2"
"寨酋长王壳","1","1","2"
"攸哈剌拔都","1","1","2"
"将何面目见","2","0","2"
"哈剌拔都誓","1","1","2"
"誓城同存亡","2","0","2"
"张御史真铁","1","1","2"
"御史真铁汉","1","1","2"
"太庙唯二祭","1","1","2"
"转江西行省","1","1","2"
"江西行省郎","1","1","2"
"西行省郎中","1","1","2"
"乘胜破瑞昌","1","1","2"
"右丞孛罗帖","1","1","2"
"丞孛罗帖木","1","1","2"
"时黄梅县主","1","1","2"
"黄梅县主簿","1","1","2"
"年进士第一","1","1","2"
"河南淮西廉","1","1","2"
"南淮西廉访","1","1","2"
"淮西廉访司","1","1","2"
"州人秦观保","1","1","2"
"人秦观保造","1","1","2"
"秦观保造兵","1","1","2"
"泰州白驹场","1","1","2"
"州白驹场亭","1","1","2"
"白驹场亭民","1","1","2"
"驹场亭民张","1","1","2"
"场亭民张士","1","1","2"
"亭民张士诚","1","1","2"
"杀参知政事","1","1","2"
"参知政事赵","1","1","2"
"知政事赵琏","1","1","2"
"蔓延入宝应","1","1","2"
"延入宝应县","1","1","2"
"隰州石楼人","1","1","2"
"退入哈剌章","1","1","2"
"入哈剌章营","1","1","2"
"杀廉访副使","1","1","2"
"元帅张存义","1","1","2"
"运粮万斛入","1","1","2"
"粮万斛入河","1","1","2"
"城中饿者仆","1","1","2"
"中饿者仆道","1","1","2"
"饿者仆道上","1","1","2"
"华守淮安五","1","1","2"
"守淮安五年","1","1","2"
"追封卫国公","1","1","2"
"立水军万户","1","1","2"
"衣服财物犒","1","1","2"
"大司农钱木","1","1","2"
"兵驻诸葛庵","1","1","2"
"赠南阳路判","1","1","2"
"南阳路判官","1","1","2"
"丁壮数百人","1","1","2"
"阳曲两县教","1","1","2"
"曲两县教谕","1","1","2"
"滁州全椒县","1","1","2"
"州全椒县尹","1","1","2"
"朝服坐堂上","1","1","2"
"立淮南江北","1","1","2"
"淮南江北行","1","1","2"
"命高邮知府","1","1","2"
"高邮知府李","1","1","2"
"邮知府李齐","1","1","2"
"槊撞琏坠地","1","1","2"
"朝廷择乌马","1","1","2"
"士诚部将张","1","1","2"
"诚部将张茂","1","1","2"
"部将张茂先","1","1","2"
"枢密院事董","1","1","2"
"密院事董钥","1","1","2"
"丞相脱脱讨","1","1","2"
"升枢密院都","1","1","2"
"枢密院官守","1","1","2"
"密院官守淮","1","1","2"
"院官守淮安","1","1","2"
"兵万户府事","1","1","2"
"听淮南行省","1","1","2"
"乘胜拔十余","1","1","2"
"胜拔十余寨","1","1","2"
"将抵高邮城","1","1","2"
"蒙古军千骑","1","1","2"
"仗剑大呼曰","1","1","2"
"者仅三十人","1","1","2"
"复步战数合","1","1","2"
"张士诚入平","1","1","2"
"士诚入平江","1","1","2"
"士诚遣张经","1","1","2"
"经平日读书","1","1","2"
"一小吏致身","1","1","2"
"小吏致身显","1","1","2"
"吏致身显官","1","1","2"
"同知信州路","1","1","2"
"知信州路事","1","1","2"
"功升本路总","1","1","2"
"升本路总管","1","1","2"
"密院判官阿","1","1","2"
"院判官阿鲁","1","1","2"
"判官阿鲁灰","1","1","2"
"官阿鲁灰引","1","1","2"
"阿鲁灰引兵","1","1","2"
"鲁灰引兵经","1","1","2"
"灰引兵经衢","1","1","2"
"引兵经衢州","1","1","2"
"浙东都元帅","1","1","2"
"绕城植木栅","1","1","2"
"万户周伯嘉","1","1","2"
"主闻信州久","1","1","2"
"太常典簿枢","1","1","2"
"朝廷赐谥曰","1","1","2"
"必俯伏作礼","1","1","2"
"平章政事定","1","1","2"
"章政事定定","1","1","2"
"太师汪家奴","1","1","2"
"师汪家奴擅","1","1","2"
"汪家奴擅权","1","1","2"
"然气节益振","1","1","2"
"总管哈海赤","1","1","2"
"普庵撒里斩","1","1","2"
"力战凡四月","1","1","2"
"沙欲举城降","1","1","2"
"赠谥曰儆哀","1","1","2"
"授衡阳县丞","1","1","2"
"四川行省儒","1","1","2"
"川行省儒学","1","1","2"
"行省儒学提","1","1","2"
"省儒学提举","1","1","2"
"宝庆路推官","1","1","2"
"行省右丞秃","1","1","2"
"省右丞秃赤","1","1","2"
"分省理问官","1","1","2"
"桂阳路临武","1","1","2"
"阳路临武县","1","1","2"
"翰林书写考","1","1","2"
"林书写考满","1","1","2"
"调广东元帅","1","1","2"
"广东元帅府","1","1","2"
"东元帅府都","1","1","2"
"元帅府都事","1","1","2"
"沔阳府推官","1","1","2"
"兵守绿水洪","1","1","2"
"赠奉训大夫","1","1","2"
"京畿漕运副","1","1","2"
"畿漕运副使","1","1","2"
"丑闾募兵数","1","1","2"
"闾募兵数百","1","1","2"
"募兵数百人","1","1","2"
"宁夏郡夫人","1","1","2"
"江东廉访副","1","1","2"
"郧县人田端","1","1","2"
"县人田端子","1","1","2"
"聚众杀官吏","1","1","2"
"遣樊城主簿","1","1","2"
"樊城主簿脱","1","1","2"
"廉访分司王","1","1","2"
"访分司王佥","1","1","2"
"分司王佥事","1","1","2"
"本路总管柴","1","1","2"
"路总管柴顺","1","1","2"
"总管柴顺礼","1","1","2"
"遇沔阳府达","1","1","2"
"沔阳府达鲁","1","1","2"
"阳府达鲁花","1","1","2"
"达鲁花赤咬","1","1","2"
"鲁花赤咬住","1","1","2"
"荆襄提举相","1","1","2"
"襄提举相哥","1","1","2"
"提举相哥失","1","1","2"
"举相哥失力","1","1","2"
"水工五千余","1","1","2"
"工五千余人","1","1","2"
"获船二十七","1","1","2"
"船二十七艘","1","1","2"
"毁牛皇神祠","1","1","2"
"建宁路崇安","1","1","2"
"宁路崇安县","1","1","2"
"路崇安县尹","1","1","2"
"庭坚率民兵","1","1","2"
"邵武路总管","1","1","2"
"武路总管吴","1","1","2"
"路总管吴按","1","1","2"
"总管吴按摊","1","1","2"
"庭坚设云梯","1","1","2"
"坚设云梯火","1","1","2"
"设云梯火炮","1","1","2"
"总兵官江浙","1","1","2"
"兵官江浙参","1","1","2"
"官江浙参政","1","1","2"
"江浙参政章","1","1","2"
"浙参政章嘉","1","1","2"
"升同知福建","1","1","2"
"宣慰使司副","1","1","2"
"慰使司副都","1","1","2"
"使司副都元","1","1","2"
"司副都元帅","1","1","2"
"吴铎督军建","1","1","2"
"铎督军建宁","1","1","2"
"时镇抚万户","1","1","2"
"镇抚万户岳","1","1","2"
"抚万户岳焕","1","1","2"
"福建盐运副","1","1","2"
"建盐运副使","1","1","2"
"监州阿撒都","1","1","2"
"州阿撒都剌","1","1","2"
"阿撒都剌募","1","1","2"
"鏖战三时顷","1","1","2"
"结死士百人","1","1","2"
"浑沙等分道","1","1","2"
"沙等分道进","1","1","2"
"黄州路总管","1","1","2"
"靖安县达鲁","1","1","2"
"进士胡斗元","1","1","2"
"项甲破东门","1","1","2"
"蕲黄徐寿辉","1","1","2"
"授益都路达","1","1","2"
"益都路达鲁","1","1","2"
"书侍御史李","1","1","2"
"江西陈友谅","1","1","2"
"章政事阿鲁","1","1","2"
"政事阿鲁温","1","1","2"
"事阿鲁温沙","1","1","2"
"阿鲁温沙等","1","1","2"
"封齐国夫人","1","1","2"
"元中奉大夫","1","1","2"
"侍讲学士闵","1","1","2"
"讲学士闵本","1","1","2"
"学士闵本死","1","1","2"
"林国史院都","1","1","2"
"国史院都事","1","1","2"
"调大乐署令","1","1","2"
"建行省左右","1","1","2"
"缢死者六人","1","1","2"
"授行宣政院","1","1","2"
"行宣政院崇","1","1","2"
"宣政院崇教","1","1","2"
"漳州路达鲁","1","1","2"
"迭里弥实仰","1","1","2"
"里弥实仰天","1","1","2"
"获独步丁者","1","1","2"
"利器库提点","1","1","2"
"资正院判官","1","1","2"
"全罗等处军","1","1","2"
"罗等处军民","1","1","2"
"等处军民万","1","1","2"
"处军民万户","1","1","2"
"军民万户都","1","1","2"
"民万户都元","1","1","2"
"万户都元帅","1","1","2"
"皇太子立大","1","1","2"
"太子立大抚","1","1","2"
"子立大抚军","1","1","2"
"立大抚军院","1","1","2"
"迁同佥将作","1","1","2"
"同佥将作院","1","1","2"
"佥将作院事","1","1","2"
"庸守骆驼谷","1","1","2"
"寨民李世杰","1","1","2"
"民李世杰执","1","1","2"
"李世杰执庸","1","1","2"
"京畿漕运使","1","1","2"
"父子相食者","1","1","2"
"大名等路提","1","1","2"
"名等路提举","1","1","2"
"等路提举学","1","1","2"
"能溯流求源","1","1","2"
"缑山杜处士","1","1","2"
"宣德州司候","1","1","2"
"五将军率家","1","1","2"
"将军率家奴","1","1","2"
"尚书右丞颜","1","1","2"
"书右丞颜盏","1","1","2"
"右丞颜盏石","1","1","2"
"丞颜盏石鲁","1","1","2"
"参知政事徒","1","1","2"
"知政事徒单","1","1","2"
"政事徒单兀","1","1","2"
"事徒单兀典","1","1","2"
"前监察御史","1","1","2"
"监察御史张","1","1","2"
"察御史张特","1","1","2"
"御史张特立","1","1","2"
"行省丞相忽","1","1","2"
"省丞相忽剌","1","1","2"
"顷刻数千言","1","1","2"
"浙东部使者","1","1","2"
"修本朝后妃","1","1","2"
"春秋三传归","1","1","2"
"秋三传归一","1","1","2"
"三传归一义","1","1","2"
"刊定三国志","1","1","2"
"曲江张公年","1","1","2"
"江张公年谱","1","1","2"
"待亲戚乡里","1","1","2"
"江西行省特","1","1","2"
"家藏书万卷","1","1","2"
"神童游学江","1","1","2"
"童游学江南","1","1","2"
"江西儒学副","1","1","2"
"西儒学副提","1","1","2"
"若向京师发","1","1","2"
"向京师发一","1","1","2"
"京师发一箭","1","1","2"
"秘书监典簿","1","1","2"
"中瑞司典簿","1","1","2"
"花佥枢密院","1","1","2"
"重阳王真人","1","1","2"
"弟子十八人","1","1","2"
"子十八人同","1","1","2"
"朕常念神仙","1","1","2"
"太液池岸北","1","1","2"
"徒尹志平等","1","1","2"
"尹志平等世","1","1","2"
"云州金阁山","1","1","2"
"同列者何人","2","0","2"
"令王一清访","1","1","2"
"赐玉芙蓉冠","1","1","2"
"袭掌江南道","1","1","2"
"掌江南道教","1","1","2"
"信州贵溪人","1","1","2"
"信州路治中","1","1","2"
"江东道同知","1","1","2"
"东道同知宣","1","1","2"
"道同知宣慰","1","1","2"
"同知集贤院","1","1","2"
"加号辅成赞","1","1","2"
"号辅成赞化","1","1","2"
"赞化保运玄","1","1","2"
"化保运玄教","1","1","2"
"保运玄教大","1","1","2"
"运玄教大宗","1","1","2"
"治元年十二","1","1","2"
"道祖神德真","1","1","2"
"祖神德真君","1","1","2"
"崇文弘道玄","1","1","2"
"文弘道玄德","1","1","2"
"弘道玄德真","1","1","2"
"道玄德真人","1","1","2"
"江淮荆襄等","1","1","2"
"淮荆襄等处","1","1","2"
"太守卢挚平","1","1","2"
"守卢挚平易","1","1","2"
"翰林学士阎","1","1","2"
"林学士阎复","1","1","2"
"燕城天宝宫","1","1","2"
"希成太玄真","1","1","2"
"成太玄真人","1","1","2"
"演教大宗师","1","1","2"
"凝神冲妙玄","1","1","2"
"神冲妙玄应","1","1","2"
"冲妙玄应真","1","1","2"
"妙玄应真人","1","1","2"
"救活者甚众","1","1","2"
"道士萧抱珍","1","1","2"
"太一三元法","1","1","2"
"继太保刘秉","1","1","2"
"十六年十月","1","1","2"
"宜参预国政","1","1","2"
"典瑞董文忠","1","1","2"
"太子参决朝","1","1","2"
"子参决朝政","1","1","2"
"赠集贤大学","1","1","2"
"累迁秘书监","1","1","2"
"设阴阳教官","1","1","2"
"凡攻战取胜","1","1","2"
"凡集议政事","1","1","2"
"议通政院事","1","1","2"
"世祖遣中丞","1","1","2"
"祖遣中丞崔","1","1","2"
"湖南行省参","1","1","2"
"十五年夏四","1","1","2"
"五年夏四月","1","1","2"
"内嫔松夫人","1","1","2"
"顺天安平怀","2","0","2"
"天安平怀州","2","0","2"
"安平怀州河","2","0","2"
"平怀州河南","2","0","2"
"平阳诸路工","1","1","2"
"阳诸路工匠","1","1","2"
"诸路工匠都","1","1","2"
"路工匠都总","1","1","2"
"工匠都总管","1","1","2"
"河南等路甲","1","1","2"
"南等路甲匠","1","1","2"
"等路甲匠都","1","1","2"
"路甲匠都总","1","1","2"
"甲匠都总管","1","1","2"
"甲二百八十","1","1","2"
"议开仓赈民","1","1","2"
"发粟四千五","1","1","2"
"粟四千五百","1","1","2"
"四千五百石","1","1","2"
"大都路军器","1","1","2"
"都路军器人","1","1","2"
"路军器人匠","1","1","2"
"军器人匠总","1","1","2"
"器人匠总管","1","1","2"
"里海牙遣使","1","1","2"
"海牙遣使求","1","1","2"
"牙遣使求炮","1","1","2"
"命阿老瓦丁","1","1","2"
"子马哈马沙","1","1","2"
"重一百五十","1","1","2"
"一百五十斤","1","1","2"
"赐银二百五","1","1","2"
"回回炮手总","1","1","2"
"回炮手总管","1","1","2"
"子布伯袭职","1","1","2"
"回回炮手都","1","1","2"
"回炮手都元","1","1","2"
"匠万户府万","1","1","2"
"进通奉大夫","1","1","2"
"赐钞二万五","1","1","2"
"命帝师八合","1","1","2"
"帝师八合斯","1","1","2"
"师八合斯巴","1","1","2"
"八合斯巴建","1","1","2"
"合斯巴建黄","1","1","2"
"斯巴建黄金","1","1","2"
"巴建黄金塔","1","1","2"
"阿尼哥年十","1","1","2"
"尼哥年十七","1","1","2"
"帝命取明堂","1","1","2"
"命取明堂针","1","1","2"
"取明堂针灸","1","1","2"
"明堂针灸铜","1","1","2"
"堂针灸铜像","1","1","2"
"使宋时所进","1","1","2"
"七宝镔铁法","1","1","2"
"宝镔铁法轮","1","1","2"
"阿尼哥学西","1","1","2"
"尼哥学西天","1","1","2"
"后大都南城","1","1","2"
"造仁圣帝像","1","1","2"
"离左右者十","1","1","2"
"左右者十余","1","1","2"
"右者十余月","1","1","2"
"赠银青光禄","1","1","2"
"集贤院大学","1","1","2"
"贤院大学士","1","1","2"
"赐钞七千锭","1","1","2"
"米三十四斛","1","1","2"
"万安寿庆寺","1","1","2"
"钞二万七千","1","1","2"
"米五百六十","1","1","2"
"五百六十余","1","1","2"
"百六十余石","1","1","2"
"学士承旨张","1","1","2"
"士承旨张翥","1","1","2"
"时帝益厌政","2","0","2"
"内外百官趋","1","1","2"
"外百官趋附","1","1","2"
"百官趋附者","1","1","2"
"官趋附者十","1","1","2"
"宣政院使脱","1","1","2"
"政院使脱欢","1","1","2"
"史大夫老沙","2","0","2"
"上书皇太子","1","1","2"
"怨孛罗帖木","1","1","2"
"孛罗帖木匿","2","0","2"
"阿合马同知","1","1","2"
"合马同知开","1","1","2"
"马同知开平","1","1","2"
"同知开平府","1","1","2"
"知开平府事","1","1","2"
"制国使司奏","2","0","2"
"桓州峪所采","1","1","2"
"州峪所采银","1","1","2"
"峪所采银矿","1","1","2"
"史天泽等争","1","1","2"
"尚书省一切","1","1","2"
"初立尚书省","1","1","2"
"立尚书省时","1","1","2"
"丞相安童言","2","0","2"
"迁上路总管","1","1","2"
"丞相安童见","1","1","2"
"相安童见阿","1","1","2"
"安童见阿合","1","1","2"
"童见阿合马","1","1","2"
"省左司都事","1","1","2"
"左司都事周","1","1","2"
"司都事周祥","1","1","2"
"中书省奏议","1","1","2"
"书省奏议裁","1","1","2"
"省奏议裁处","1","1","2"
"左丞崔斌奏","1","1","2"
"将作院达鲁","1","1","2"
"作院达鲁花","1","1","2"
"立宣课提举","1","1","2"
"右丞燕帖木","1","1","2"
"支粮四十七","1","1","2"
"粮四十七万","1","1","2"
"四十七万石","1","1","2"
"宿卫士秦长","1","1","2"
"卫士秦长卿","1","1","2"
"阿合马所害","1","1","2"
"千户王著者","1","1","2"
"指挥使颜义","1","1","2"
"遣右司郎中","1","1","2"
"右司郎中脱","1","1","2"
"司郎中脱欢","1","1","2"
"郎中脱欢察","1","1","2"
"北行十余里","1","1","2"
"南入健德门","1","1","2"
"司徒礼霍孙","2","0","2"
"参政阿里等","1","1","2"
"画甲骑数重","1","1","2"
"世祖裕国足","1","1","2"
"祖裕国足民","1","1","2"
"同右丞相安","1","1","2"
"路正官提举","1","1","2"
"襄淮屯田事","1","1","2"
"禁百姓私相","1","1","2"
"系百姓栽植","1","1","2"
"致南北竹货","1","1","2"
"后除驿马外","1","1","2"
"一引卖八十","1","1","2"
"引卖八十贯","1","1","2"
"世荣居中书","2","0","2"
"九十三万二","1","1","2"
"十三万二千","1","1","2"
"三万二千六","1","1","2"
"立四品提举","1","1","2"
"四品提举司","1","1","2"
"四百四十锭","1","1","2"
"必能使物价","1","1","2"
"都立市易司","1","1","2"
"四十分取一","1","1","2"
"选蒙古人牧","1","1","2"
"中书省请行","2","0","2"
"请行御史台","1","1","2"
"子忽辛行省","1","1","2"
"奏令按察司","1","1","2"
"令按察司总","1","1","2"
"江淮等处宣","1","1","2"
"淮等处宣慰","1","1","2"
"办钞七十五","1","1","2"
"七十五万锭","1","1","2"
"中书才数月","1","1","2"
"史陈天祥上","1","1","2"
"世祖始大悟","1","1","2"
"遣唆都八都","1","1","2"
"白三色囊转","1","1","2"
"三色囊转行","1","1","2"
"色囊转行文","1","1","2"
"万二千人置","1","1","2"
"委漕运使陈","1","1","2"
"漕运使陈柔","1","1","2"
"合马党人潘","1","1","2"
"马党人潘杰","1","1","2"
"鄂二行省参","1","1","2"
"二行省参政","1","1","2"
"县官钞八十","1","1","2"
"岁办钞三百","1","1","2"
"办钞三百万","1","1","2"
"钞三百万锭","1","1","2"
"翰林学士赵","1","1","2"
"林学士赵孟","1","1","2"
"世荣对世祖","1","1","2"
"传旨中书省","1","1","2"
"命丞相安童","1","1","2"
"世祖问忽剌","1","1","2"
"二十四年闰","1","1","2"
"十四年闰二","1","1","2"
"四年闰二月","1","1","2"
"奉旨检核中","1","1","2"
"旨检核中书","1","1","2"
"检核中书省","1","1","2"
"核中书省事","1","1","2"
"钞四千七百","1","1","2"
"七百七十锭","1","1","2"
"三百四十五","1","1","2"
"百四十五锭","1","1","2"
"参议王巨济","1","1","2"
"世祖令丞相","1","1","2"
"祖令丞相安","1","1","2"
"令丞相安童","1","1","2"
"中书参政郭","1","1","2"
"书参政郭佑","1","1","2"
"中书台院札","1","1","2"
"书台院札鲁","1","1","2"
"台院札鲁忽","1","1","2"
"院札鲁忽赤","1","1","2"
"集贤诸臣所","1","1","2"
"平章桑哥能","1","1","2"
"参政马绍升","1","1","2"
"府州县官吏","1","1","2"
"真定宣慰使","1","1","2"
"定宣慰使速","1","1","2"
"宣慰使速哥","1","1","2"
"南京宣慰使","1","1","2"
"京宣慰使答","1","1","2"
"宣慰使答失","1","1","2"
"慰使答失蛮","1","1","2"
"书省参政铁","1","1","2"
"省参政铁木","1","1","2"
"参政铁木哥","1","1","2"
"政事忽都铁","1","1","2"
"事忽都铁木","1","1","2"
"兵部尚书忽","1","1","2"
"部尚书忽都","1","1","2"
"尚书忽都答","1","1","2"
"伯银二万五","1","1","2"
"漕运司达鲁","1","1","2"
"运司达鲁花","1","1","2"
"达鲁花赤怯","1","1","2"
"兵部侍郎塔","1","1","2"
"部侍郎塔察","1","1","2"
"西蕃诸宣慰","1","1","2"
"蕃诸宣慰司","1","1","2"
"益都淄莱淘","1","1","2"
"都淄莱淘金","1","1","2"
"淄莱淘金总","1","1","2"
"莱淘金总管","1","1","2"
"佥省赵仁荣","1","1","2"
"总管明里等","1","1","2"
"凡经监察御","1","1","2"
"经监察御史","1","1","2"
"监察御史四","1","1","2"
"遣小吏持文","1","1","2"
"小吏持文簿","1","1","2"
"吏持文簿置","1","1","2"
"持文簿置案","1","1","2"
"省左丞相忙","1","1","2"
"中统钞三十","1","1","2"
"统钞三十贯","1","1","2"
"协济户十八","1","1","2"
"济户十八万","1","1","2"
"御史李渠等","1","1","2"
"令侍御史杜","1","1","2"
"侍御史杜思","1","1","2"
"御史杜思敬","1","1","2"
"史杜思敬等","1","1","2"
"杜思敬等勘","1","1","2"
"思敬等勘验","1","1","2"
"尚书两省官","1","1","2"
"平章完泽等","1","1","2"
"唆海翊运宣","1","1","2"
"海翊运宣力","1","1","2"
"翊运宣力保","1","1","2"
"运宣力保大","1","1","2"
"宣力保大功","1","1","2"
"力保大功臣","1","1","2"
"左右司六部","1","1","2"
"右司六部官","1","1","2"
"江浙右丞曹","1","1","2"
"浙右丞曹立","1","1","2"
"左丞阿卜海","1","1","2"
"丞阿卜海牙","1","1","2"
"参政赵世延","2","0","2"
"总宣政院事","1","1","2"
"太师右丞相","1","1","2"
"胁留守贺伯","1","1","2"
"内外监察御","1","1","2"
"外监察御史","1","1","2"
"取晋王田千","1","1","2"
"晋王田千余","1","1","2"
"王田千余亩","1","1","2"
"园地三十亩","1","1","2"
"卫兵牧地二","1","1","2"
"兵牧地二十","1","1","2"
"牧地二十余","1","1","2"
"地二十余亩","1","1","2"
"钞十四万贯","1","1","2"
"计钞十余万","1","1","2"
"钞十余万贯","1","1","2"
"张弼钞五万","1","1","2"
"弼钞五万贯","1","1","2"
"子八里吉思","1","1","2"
"辅导东宫者","1","1","2"
"复入中书右","2","0","2"
"入中书右丞","2","0","2"
"徽政院使失","1","1","2"
"政院使失里","1","1","2"
"院使失里门","1","1","2"
"京仓库所贮","1","1","2"
"亏七十八万","1","1","2"
"七十八万石","1","1","2"
"人谋害老臣","1","1","2"
"御史盖继元","1","1","2"
"铁失弑英宗","1","1","2"
"哈麻声势日","1","1","2"
"麻声势日盛","1","1","2"
"提调宁徽寺","1","1","2"
"入脱忽思皇","1","1","2"
"忽思皇后宫","1","1","2"
"思皇后宫闱","1","1","2"
"忽思皇后钱","1","1","2"
"思皇后钱粮","1","1","2"
"陕西廉访副","1","1","2"
"复御史大夫","1","1","2"
"时脱脱方信","1","1","2"
"脱脱方信任","1","1","2"
"脱方信任汝","1","1","2"
"方信任汝中","1","1","2"
"信任汝中柏","1","1","2"
"秘密大喜乐","1","1","2"
"密大喜乐禅","1","1","2"
"大喜乐禅定","1","1","2"
"子桑哥实里","1","1","2"
"客明理明古","1","1","2"
"监察御史袁","1","1","2"
"察御史袁赛","1","1","2"
"收御史台印","1","1","2"
"兄弟位居宰","1","1","2"
"弟位居宰辅","1","1","2"
"天下士大夫","1","1","2"
"下士大夫必","1","1","2"
"士大夫必讥","1","1","2"
"大夫必讥笑","1","1","2"
"上日趋昏暗","1","1","2"
"皇太子年长","1","1","2"
"帝遣使传旨","1","1","2"
"御史大夫搠","1","1","2"
"史大夫搠思","1","1","2"
"大夫搠思监","1","1","2"
"雪雪兄弟二","1","1","2"
"雪兄弟二人","1","1","2"
"质班皇帝实","1","1","2"
"书右丞相定","1","1","2"
"右丞相定住","1","1","2"
"政事桑哥失","1","1","2"
"事桑哥失里","1","1","2"
"害脱脱兄弟","1","1","2"
"三百余万石","1","1","2"
"迁陕西行省","1","1","2"
"大司农分司","1","1","2"
"御史答里麻","1","1","2"
"史答里麻失","1","1","2"
"二十年三月","1","1","2"
"命扩廓帖木","1","1","2"
"扩廓帖木兵","2","0","2"
"宗王颜帖木","2","0","2"
"秃坚帖木等","2","0","2"
"奸臣阿合马","1","1","2"
"臣阿合马死","1","1","2"
"子宣徽使观","1","1","2"
"宣徽使观音","1","1","2"
"徽使观音奴","1","1","2"
"鋋本衢州徐","1","1","2"
"本衢州徐氏","1","1","2"
"扬州司理参","1","1","2"
"州司理参军","1","1","2"
"举山东州郡","1","1","2"
"山东州郡归","1","1","2"
"东州郡归附","1","1","2"
"国王孛鲁承","1","1","2"
"王孛鲁承制","1","1","2"
"山东淮南楚","1","1","2"
"东淮南楚州","1","1","2"
"淮南楚州行","1","1","2"
"南楚州行省","1","1","2"
"取涟海数州","1","1","2"
"调兵将攻涟","1","1","2"
"兵将攻涟水","1","1","2"
"赐银三百锭","1","1","2"
"淮南兵七万","1","1","2"
"南兵七万五","1","1","2"
"兵七万五千","1","1","2"
"蔡诸军攻荆","1","1","2"
"诸军攻荆山","1","1","2"
"将校冯泰等","1","1","2"
"益都官银分","1","1","2"
"都官银分赏","1","1","2"
"银符二十九","1","1","2"
"京师质子营","1","1","2"
"中书平章王","1","1","2"
"书平章王文","1","1","2"
"犹日夜拒守","1","1","2"
"取城中子女","1","1","2"
"城中子女赏","1","1","2"
"中子女赏将","1","1","2"
"子女赏将士","1","1","2"
"蒙古军官囊","1","1","2"
"古军官囊家","1","1","2"
"行中统交钞","1","1","2"
"文统等裁处","1","1","2"
"花赤管民官","1","1","2"
"相耶律铸监","1","1","2"
"遣人持文统","1","1","2"
"人持文统三","1","1","2"
"持文统三书","1","1","2"
"太宗生七子","1","1","2"
"灭里生脱忽","1","1","2"
"脱忽生俺都","1","1","2"
"忽生俺都剌","1","1","2"
"俺都剌生秃","1","1","2"
"都剌生秃满","1","1","2"
"始封阳翟王","1","1","2"
"赐金印螭纽","1","1","2"
"秃满传曲春","1","1","2"
"曲春传太平","1","1","2"
"太平传帖木","1","1","2"
"密院事秃坚","1","1","2"
"院事秃坚帖","1","1","2"
"哈剌赤万人","1","1","2"
"弟忽都帖木","1","1","2"
"知辽阳行枢","1","1","2"
"辽阳行枢密","1","1","2"
"阳行枢密院","1","1","2"
"袭封阳翟王","1","1","2"
"宗王囊加等","1","1","2"
"诏加封老章","1","1","2"
"岭北行省丞","1","1","2"
"北行省丞相","1","1","2"
"行省丞相知","1","1","2"
"省丞相知行","1","1","2"
"丞相知行枢","1","1","2"
"相知行枢密","1","1","2"
"中都威卫指","1","1","2"
"都威卫指挥","1","1","2"
"威卫指挥使","1","1","2"
"秋八月癸亥","1","1","2"
"大司农失秃","1","1","2"
"前云南行省","1","1","2"
"平章政事完","1","1","2"
"章政事完者","1","1","2"
"前治书侍御","1","1","2"
"典瑞院使脱","1","1","2"
"瑞院使脱火","1","1","2"
"院使脱火赤","1","1","2"
"枢密院事章","1","1","2"
"密院事章台","1","1","2"
"引兵退驻井","1","1","2"
"兵退驻井陉","1","1","2"
"退驻井陉口","1","1","2"
"正十八年正","1","1","2"
"命统诸军夹","1","1","2"
"遣参政匡福","1","1","2"
"参政匡福统","1","1","2"
"大都督兵农","1","1","2"
"都督兵农司","1","1","2"
"诏遣平章月","1","1","2"
"遣平章月鲁","1","1","2"
"枢密同知八","1","1","2"
"密同知八剌","1","1","2"
"同知八剌火","1","1","2"
"知八剌火者","1","1","2"
"二十年正月","1","1","2"
"飞狐县东关","1","1","2"
"石岭关直趋","1","1","2"
"部将脱列伯","1","1","2"
"二十一年正","1","1","2"
"命平章答失","1","1","2"
"平章答失帖","1","1","2"
"章答失帖木","1","1","2"
"二十二年二","1","1","2"
"二十三年十","1","1","2"
"南侵扩廓帖","1","1","2"
"侵扩廓帖木","1","1","2"
"朝廷立卫屯","1","1","2"
"廷立卫屯田","1","1","2"
"四川省丞相","1","1","2"
"川省丞相察","1","1","2"
"省丞相察罕","1","1","2"
"助秃坚帖木","1","1","2"
"军分讨大同","1","1","2"
"父察罕帖木","1","1","2"
"青军杨同佥","1","1","2"
"胁东宫官僚","1","1","2"
"驻健德门外","1","1","2"
"欲追袭皇太","1","1","2"
"追袭皇太子","1","1","2"
"臣秃鲁帖木","1","1","2"
"禁西番僧人","1","1","2"
"西番僧人佛","1","1","2"
"番僧人佛事","1","1","2"
"遣使请皇太","1","1","2"
"使请皇太子","1","1","2"
"遣秃坚帖木","1","1","2"
"速南御扩廓","1","1","2"
"南御扩廓帖","1","1","2"
"御扩廓帖木","1","1","2"
"结勇士上都","1","1","2"
"勇士上都马","1","1","2"
"延春阁李树","1","1","2"
"春阁李树下","1","1","2"
"诸道兵闻诏","1","1","2"
"获秃坚帖木","1","1","2"
"本箕子所封","2","0","2"
"箕子所封地","2","0","2"
"后辟地益广","1","1","2"
"句丽三国一","2","0","2"
"学士承旨赵","1","1","2"
"士承旨赵冲","1","1","2"
"承旨赵冲共","1","1","2"
"旨赵冲共讨","1","1","2"
"赵冲共讨灭","1","1","2"
"冲共讨灭六","1","1","2"
"共讨灭六哥","1","1","2"
"送米一千斛","1","1","2"
"御史朴时允","1","1","2"
"十五年九月","1","1","2"
"十七年十月","1","1","2"
"古欤等十二","1","1","2"
"欤等十二人","1","1","2"
"十八年八月","1","1","2"
"古欤等复使","1","1","2"
"十二月一日","1","1","2"
"遣中郎将池","1","1","2"
"中郎将池义","1","1","2"
"录事洪巨源","1","1","2"
"将军赵叔昌","1","1","2"
"御史薛慎等","1","1","2"
"史薛慎等奉","1","1","2"
"薛慎等奉表","1","1","2"
"慎等奉表入","1","1","2"
"皞遣将军金","2","0","2"
"遣将军金宝","2","0","2"
"郎中赵瑞章","1","1","2"
"万奴民户杀","1","1","2"
"令汝弼入朝","1","1","2"
"降民迁居东","1","1","2"
"民迁居东京","1","1","2"
"等率二千人","1","1","2"
"二千人迎降","1","1","2"
"受洪福源节","1","1","2"
"洪福源节制","1","1","2"
"招未降民户","1","1","2"
"李君式等十","1","1","2"
"君式等十二","1","1","2"
"式等十二人","1","1","2"
"等十二人降","1","1","2"
"御史宋彦琦","1","1","2"
"史宋彦琦等","1","1","2"
"宋彦琦等奉","1","1","2"
"彦琦等奉表","1","1","2"
"礼宾卿卢演","1","1","2"
"礼宾少卿金","1","1","2"
"宾少卿金谦","1","1","2"
"百四十八人","1","1","2"
"四十八人奉","1","1","2"
"十八人奉表","1","1","2"
"八人奉表入","1","1","2"
"遣礼宾少卿","1","1","2"
"礼宾少卿宋","1","1","2"
"宾少卿宋彦","1","1","2"
"少卿宋彦琦","1","1","2"
"侍御史权韪","1","1","2"
"行李使入贡","1","1","2"
"中统元年三","1","1","2"
"统元年三月","1","1","2"
"遣侍卫将军","1","1","2"
"侍卫将军孛","1","1","2"
"中高逸民护","1","1","2"
"侍御史张镒","1","1","2"
"御史张镒奉","1","1","2"
"史张镒奉表","1","1","2"
"赐西锦三段","1","1","2"
"间金熟绫六","1","1","2"
"金熟绫六段","1","1","2"
"禃遣使入贡","2","0","2"
"翰林学士韩","1","1","2"
"林学士韩就","1","1","2"
"学士韩就奉","1","1","2"
"士韩就奉表","1","1","2"
"遣使奉表入","1","1","2"
"使奉表入贺","1","1","2"
"北诸王率众","1","1","2"
"国子祭酒张","1","1","2"
"子祭酒张镒","1","1","2"
"改中统五年","1","1","2"
"郎将康允绍","1","1","2"
"世祖三十一","1","1","2"
"祖三十一年","1","1","2"
"元三年二月","1","1","2"
"遣国信使兵","1","1","2"
"国信使兵部","1","1","2"
"信使兵部侍","1","1","2"
"使兵部侍郎","1","1","2"
"计议官伯德","1","1","2"
"议官伯德孝","1","1","2"
"官伯德孝先","1","1","2"
"伯德孝先等","1","1","2"
"德孝先等使","1","1","2"
"孝先等使日","1","1","2"
"先等使日本","1","1","2"
"遣枢密院副","2","0","2"
"郎金赞等导","2","0","2"
"金赞等导诏","2","0","2"
"赞等导诏使","2","0","2"
"等导诏使黑","2","0","2"
"特遣北京路","1","1","2"
"三十余年间","1","1","2"
"大将军崔东","1","1","2"
"将军崔东秀","1","1","2"
"遣重臣导送","1","1","2"
"遣大将军康","1","1","2"
"大将军康允","1","1","2"
"将军康允绍","1","1","2"
"军康允绍奉","1","1","2"
"康允绍奉表","1","1","2"
"遣世子愖入","2","0","2"
"世子愖入朝","2","0","2"
"遣使臣斡朵","1","1","2"
"使臣斡朵思","1","1","2"
"密院副使金","1","1","2"
"院副使金方","1","1","2"
"副使金方庆","1","1","2"
"使金方庆奉","1","1","2"
"遣中宪大夫","1","1","2"
"官徐世雄诏","1","1","2"
"遣国王头辇","1","1","2"
"头辇哥等率","1","1","2"
"辇哥等率兵","1","1","2"
"洪茶丘所管","1","1","2"
"实科差户内","1","1","2"
"三千三百人","1","1","2"
"前枢密院经","1","1","2"
"密院经历马","1","1","2"
"院经历马希","1","1","2"
"经历马希骥","1","1","2"
"遣借礼部侍","1","1","2"
"遣行省率兵","1","1","2"
"行省率兵东","1","1","2"
"省率兵东下","1","1","2"
"高丽国官吏","1","1","2"
"丽国官吏军","1","1","2"
"特遣兵护送","1","1","2"
"遣兵护送国","1","1","2"
"兵护送国王","1","1","2"
"达鲁花赤同","1","1","2"
"旨令头辇哥","1","1","2"
"东京行尚书","1","1","2"
"京行尚书省","1","1","2"
"行尚书省军","1","1","2"
"彻彻都等同","1","1","2"
"高丽国令公","1","1","2"
"丽国令公林","1","1","2"
"国令公林衍","1","1","2"
"侍郎洪文系","1","1","2"
"衍婿崔宗绍","1","1","2"
"王京西关城","1","1","2"
"江华岛居民","1","1","2"
"叛兵乘船候","1","1","2"
"兵乘船候风","1","1","2"
"丞相安童等","1","1","2"
"相安童等言","1","1","2"
"陪臣元傅等","1","1","2"
"臣元傅等妄","1","1","2"
"元傅等妄奏","1","1","2"
"傅等妄奏头","1","1","2"
"等妄奏头辇","1","1","2"
"妄奏头辇哥","1","1","2"
"奏头辇哥国","1","1","2"
"司发卒屯田","1","1","2"
"遣少中大夫","1","1","2"
"茶丘将兵送","2","0","2"
"丘将兵送抵","2","0","2"
"将兵送抵海","2","0","2"
"兵送抵海上","2","0","2"
"姑令金州等","2","0","2"
"令金州等处","2","0","2"
"金州等处屯","2","0","2"
"州等处屯驻","2","0","2"
"遣枢密使金","1","1","2"
"遣上将军郑","1","1","2"
"上将军郑子","1","1","2"
"率尚书右丞","1","1","2"
"军器监薛公","1","1","2"
"器监薛公俭","1","1","2"
"监薛公俭等","1","1","2"
"二十八人入","1","1","2"
"禃遣通事将","2","0","2"
"遣通事将徐","2","0","2"
"通事将徐称","2","0","2"
"事将徐称导","2","0","2"
"将徐称导送","2","0","2"
"枢密院事李","1","1","2"
"密院事李昌","1","1","2"
"院事李昌庆","1","1","2"
"事李昌庆奉","1","1","2"
"李昌庆奉表","1","1","2"
"昌庆奉表谢","1","1","2"
"将白琚偕张","1","1","2"
"白琚偕张铎","1","1","2"
"琚偕张铎等","1","1","2"
"偕张铎等十","1","1","2"
"张铎等十二","1","1","2"
"铎等十二人","1","1","2"
"等十二人奉","1","1","2"
"十二人奉表","1","1","2"
"国尚书右丞","1","1","2"
"父上将军宗","1","1","2"
"上将军宗礼","1","1","2"
"遣西京属城","1","1","2"
"略使忻都同","1","1","2"
"使忻都同洪","1","1","2"
"忻都同洪茶","1","1","2"
"都同洪茶丘","1","1","2"
"攻拔耽罗城","1","1","2"
"大将军金忻","1","1","2"
"一年正月己","1","1","2"
"年正月己卯","1","1","2"
"遣木速塔八","1","1","2"
"五千六百人","1","1","2"
"千六百人助","1","1","2"
"密院副使奇","1","1","2"
"院副使奇蕴","1","1","2"
"副使奇蕴奉","1","1","2"
"使奇蕴奉表","1","1","2"
"高丽国王宗","1","1","2"
"丽国王宗族","1","1","2"
"大小官员百","1","1","2"
"小官员百姓","1","1","2"
"官员百姓人","1","1","2"
"员百姓人等","1","1","2"
"遣齐安侯王","1","1","2"
"安侯王淑上","1","1","2"
"侯王淑上表","1","1","2"
"王淑上表谢","1","1","2"
"淑上表谢恩","1","1","2"
"门事李信孙","1","1","2"
"事李信孙等","1","1","2"
"李信孙等奉","1","1","2"
"信孙等奉表","1","1","2"
"孙等奉表入","1","1","2"
"等奉表入谢","2","0","2"
"遣带方侯王","1","1","2"
"子弟二十人","1","1","2"
"弟二十人入","1","1","2"
"二十人入侍","1","1","2"
"十三年七月","1","1","2"
"赞金方庆奉","1","1","2"
"遣判秘书寺","1","1","2"
"判秘书寺事","1","1","2"
"秘书寺事朱","1","1","2"
"书寺事朱悦","1","1","2"
"寺事朱悦奉","1","1","2"
"事朱悦奉表","1","1","2"
"十五年一月","1","1","2"
"鲁花赤石抹","1","1","2"
"花赤石抹天","1","1","2"
"赤石抹天衢","1","1","2"
"然高丽初附","1","1","2"
"卒二千七百","1","1","2"
"二千七百人","1","1","2"
"改铸驸马高","1","1","2"
"铸驸马高丽","1","1","2"
"马高丽王印","1","1","2"
"高丽王印赐","1","1","2"
"二十年五月","1","1","2"
"二十八年五","1","1","2"
"十八年五月","1","1","2"
"米二十万斛","1","1","2"
"三十年二月","1","1","2"
"赐号推忠宣","1","1","2"
"号推忠宣力","1","1","2"
"推忠宣力定","1","1","2"
"大德元年十","1","1","2"
"德元年十一","1","1","2"
"元年十一月","1","1","2"
"昛遣使入贡","2","0","2"
"丞相完泽等","1","1","2"
"两位下怯薛","1","1","2"
"位下怯薛合","1","1","2"
"擅杀千户金","1","1","2"
"杀千户金吕","1","1","2"
"巩昌两路安","1","1","2"
"昌两路安置","1","1","2"
"哈散使高丽","1","1","2"
"命阔里吉思","1","1","2"
"高丽行省平","1","1","2"
"丽行省平章","1","1","2"
"征东行省平","1","1","2"
"东行省平章","1","1","2"
"行省平章阔","1","1","2"
"省平章阔里","1","1","2"
"平章阔里吉","1","1","2"
"章阔里吉思","1","1","2"
"署官府三百","1","1","2"
"官府三百五","1","1","2"
"府三百五十","1","1","2"
"三百五十八","1","1","2"
"百五十八所","1","1","2"
"昔居海岛时","1","1","2"
"后改呼千秋","1","1","2"
"官府九十余","1","1","2"
"府九十余所","1","1","2"
"官吏二百七","1","1","2"
"吏二百七十","1","1","2"
"大德二年复","1","1","2"
"德二年复位","1","1","2"
"宝塔实怜公","1","1","2"
"塔实怜公主","1","1","2"
"皇庆二年四","1","1","2"
"庆二年四月","1","1","2"
"余党金通精","1","1","2"
"命经略使忻","1","1","2"
"地立耽罗国","1","1","2"
"立耽罗国招","1","1","2"
"罗国招讨司","1","1","2"
"尹邦宝充招","1","1","2"
"邦宝充招讨","1","1","2"
"宝充招讨副","1","1","2"
"充招讨副使","1","1","2"
"古称倭奴国","1","1","2"
"宋雍熙元年","1","1","2"
"献铜器十余","1","1","2"
"高丽人赵彝","1","1","2"
"丽人赵彝等","1","1","2"
"大蒙古国皇","1","1","2"
"蒙古国皇帝","1","1","2"
"古国皇帝奉","1","1","2"
"国皇帝奉书","1","1","2"
"高丽君臣感","1","1","2"
"人潘阜等持","1","1","2"
"潘阜等持书","1","1","2"
"弥二郎二人","1","1","2"
"命秘书监赵","1","1","2"
"监赵良弼使","1","1","2"
"特命少中大","1","1","2"
"命少中大夫","1","1","2"
"少中大夫秘","1","1","2"
"中大夫秘书","1","1","2"
"大夫秘书监","1","1","2"
"夫秘书监赵","1","1","2"
"七年十二月","1","1","2"
"送国信使赵","1","1","2"
"国信使赵良","1","1","2"
"信使赵良弼","1","1","2"
"使赵良弼通","1","1","2"
"日本通事曹","1","1","2"
"本通事曹介","1","1","2"
"通事曹介升","1","1","2"
"事曹介升等","1","1","2"
"曹介升等上","1","1","2"
"介升等上言","1","1","2"
"路导引国使","1","1","2"
"日本始遣弥","1","1","2"
"本始遣弥四","1","1","2"
"始遣弥四郎","1","1","2"
"人弥四郎等","1","1","2"
"太宰府西守","1","1","2"
"宰府西守护","1","1","2"
"府西守护所","1","1","2"
"使二十六人","1","1","2"
"兵部侍郎何","1","1","2"
"部侍郎何文","1","1","2"
"侍郎何文著","1","1","2"
"计议官撒都","1","1","2"
"议官撒都鲁","1","1","2"
"官撒都鲁丁","1","1","2"
"撒都鲁丁使","1","1","2"
"日本遣商人","1","1","2"
"本遣商人持","1","1","2"
"遣商人持金","1","1","2"
"若尽杀百姓","1","1","2"
"近太宰府西","1","1","2"
"欲攻太宰府","1","1","2"
"万户厉德彪","1","1","2"
"招讨王国佐","1","1","2"
"水手总管陆","1","1","2"
"手总管陆文","1","1","2"
"总管陆文政","1","1","2"
"管陆文政等","1","1","2"
"文虎等诸将","1","1","2"
"弃士卒十余","1","1","2"
"士卒十余万","1","1","2"
"众议推张百","1","1","2"
"议推张百户","1","1","2"
"成宗大德二","1","1","2"
"宗大德二年","1","1","2"
"江浙省平章","1","1","2"
"浙省平章政","1","1","2"
"妙慈弘济大","1","1","2"
"慈弘济大师","1","1","2"
"李公蕴所夺","1","1","2"
"李氏传八世","1","1","2"
"兀良合台兵","1","1","2"
"安南京北洮","1","1","2"
"南京北洮江","1","1","2"
"京北洮江上","1","1","2"
"遣讷剌丁谕","2","0","2"
"大理国守臣","1","1","2"
"理国守臣安","1","1","2"
"国守臣安抚","1","1","2"
"守臣安抚聂","1","1","2"
"国官僚士庶","2","0","2"
"凡衣冠典礼","1","1","2"
"衣冠典礼风","1","1","2"
"冠典礼风俗","1","1","2"
"交趾遣子弟","1","1","2"
"趾遣子弟入","1","1","2"
"遣子弟入觐","1","1","2"
"族人通侍大","1","1","2"
"人通侍大夫","1","1","2"
"通侍大夫陈","1","1","2"
"侍大夫陈奉","1","1","2"
"大夫陈奉公","1","1","2"
"员外郎诸卫","1","1","2"
"外郎诸卫寄","1","1","2"
"郎诸卫寄班","1","1","2"
"诸卫寄班阮","1","1","2"
"卫寄班阮琛","1","1","2"
"员外郎阮演","1","1","2"
"通阴阳卜筮","1","1","2"
"白磁盏等物","1","1","2"
"磁盏等物同","1","1","2"
"光昺遣杨安","2","0","2"
"昺遣杨安养","2","0","2"
"遣杨安养充","1","1","2"
"杨安养充员","1","1","2"
"安养充员外","1","1","2"
"养充员外郎","1","1","2"
"内令武复桓","1","1","2"
"中翼郎范举","1","1","2"
"遣杨安养上","1","1","2"
"杨安养上表","1","1","2"
"安养上表三","1","1","2"
"愿请讷剌丁","1","1","2"
"请讷剌丁长","1","1","2"
"忽笼海牙代","1","1","2"
"笼海牙代讷","1","1","2"
"海牙代讷剌","1","1","2"
"牙代讷剌丁","1","1","2"
"六年十一月","1","1","2"
"凡天朝所遣","1","1","2"
"免达鲁花赤","1","1","2"
"遣中侍大夫","1","1","2"
"中侍大夫周","1","1","2"
"侍大夫周仲","1","1","2"
"大夫周仲彦","1","1","2"
"中亮大夫吴","1","1","2"
"亮大夫吴德","1","1","2"
"大夫吴德邵","1","1","2"
"江陵直抵邕","1","1","2"
"陵直抵邕州","1","1","2"
"邕州永平寨","1","1","2"
"礼部尚书等","1","1","2"
"部尚书等官","1","1","2"
"尚书等官奉","1","1","2"
"江陵抵邕州","1","1","2"
"陵抵邕州入","1","1","2"
"抵邕州入安","1","1","2"
"邕州入安南","1","1","2"
"差御史中赞","1","1","2"
"知审刑院事","1","1","2"
"审刑院事杜","1","1","2"
"刑院事杜国","1","1","2"
"院事杜国计","1","1","2"
"事杜国计先","1","1","2"
"太尉率百官","1","1","2"
"富良江岸奉","1","1","2"
"良江岸奉迎","1","1","2"
"江岸奉迎入","1","1","2"
"十二月二日","1","1","2"
"日烜遣范明","2","0","2"
"烜遣范明字","2","0","2"
"宋主年未十","1","1","2"
"主年未十岁","1","1","2"
"中赞杜国计","1","1","2"
"赞杜国计奉","1","1","2"
"杜国计奉表","1","1","2"
"国计奉表陈","1","1","2"
"恐道路艰难","1","1","2"
"十六年三月","1","1","2"
"椿等先达京","1","1","2"
"等先达京师","1","1","2"
"遣柴椿等四","1","1","2"
"柴椿等四人","1","1","2"
"杜国计持诏","1","1","2"
"诏谕日烜朝","2","0","2"
"十八年十月","1","1","2"
"立安南宣慰","1","1","2"
"安南宣慰司","1","1","2"
"行宣慰使都","1","1","2"
"二十年七月","1","1","2"
"城行省平章","1","1","2"
"遣鄂州达鲁","1","1","2"
"赵翥抵安南","1","1","2"
"况孤子生长","1","1","2"
"孤子宗族官","1","1","2"
"子宗族官吏","1","1","2"
"致书荆湖占","1","1","2"
"书荆湖占城","1","1","2"
"缅诸国接壤","1","1","2"
"毗兰三道屯","1","1","2"
"遣左丞唐兀","1","1","2"
"遣理问官曲","1","1","2"
"理问官曲烈","1","1","2"
"宣使塔海撒","1","1","2"
"使塔海撒里","1","1","2"
"塔海撒里同","1","1","2"
"海撒里同安","1","1","2"
"撒里同安南","1","1","2"
"里同安南国","1","1","2"
"同安南国使","1","1","2"
"安南国使阮","1","1","2"
"南国使阮道","1","1","2"
"国使阮道学","1","1","2"
"使阮道学等","1","1","2"
"镇南王路经","1","1","2"
"兄兴道王陈","1","1","2"
"兴道王陈峻","1","1","2"
"塔海撒里引","1","1","2"
"海撒里引安","1","1","2"
"撒里引安南","1","1","2"
"中亮大夫陈","1","1","2"
"亮大夫陈德","1","1","2"
"大夫陈德钧","1","1","2"
"朝散郎陈嗣","1","1","2"
"散郎陈嗣宗","1","1","2"
"力奉献军粮","1","1","2"
"行省命万户","1","1","2"
"省命万户赵","1","1","2"
"命万户赵修","1","1","2"
"万户赵修己","1","1","2"
"调兵拒守丘","1","1","2"
"兵拒守丘温","1","1","2"
"丘急岭隘路","1","1","2"
"善忠大夫阮","1","1","2"
"忠大夫阮德","1","1","2"
"大夫阮德舆","1","1","2"
"朝请郎阮文","1","1","2"
"请郎阮文翰","1","1","2"
"郎阮文翰奉","1","1","2"
"阮文翰奉书","1","1","2"
"管军奉御杜","1","1","2"
"军奉御杜尾","1","1","2"
"始知兴道王","1","1","2"
"知兴道王果","1","1","2"
"奉令旨令人","1","1","2"
"官军遂分六","1","1","2"
"将大僚班段","1","1","2"
"大僚班段台","1","1","2"
"兵船千余艘","1","1","2"
"镇南王行省","2","0","2"
"朝廷调兵讨","1","1","2"
"船二十余艘","1","1","2"
"兴道王败走","1","1","2"
"行省复移文","2","0","2"
"阮效锐奉书","1","1","2"
"效锐奉书谢","1","1","2"
"锐奉书谢罪","1","1","2"
"遂调兵渡江","1","1","2"
"南北边将报","1","1","2"
"大越国主宪","1","1","2"
"越国主宪天","1","1","2"
"国主宪天体","1","1","2"
"主宪天体道","1","1","2"
"宪天体道大","1","1","2"
"天体道大明","1","1","2"
"体道大明光","1","1","2"
"道大明光孝","1","1","2"
"大明光孝皇","1","1","2"
"明光孝皇帝","1","1","2"
"光孝皇帝陈","1","1","2"
"孝皇帝陈威","1","1","2"
"皇帝陈威晃","1","1","2"
"显慈顺天皇","1","1","2"
"慈顺天皇太","1","1","2"
"顺天皇太后","1","1","2"
"所居宫室五","1","1","2"
"居宫室五门","1","1","2"
"凡国内郡县","1","1","2"
"驻西路永平","1","1","2"
"取地二千余","1","1","2"
"地二千余里","1","1","2"
"大僚护皆死","1","1","2"
"昭明王远遁","1","1","2"
"建德侯陈仲","1","1","2"
"宗族文义侯","1","1","2"
"镇南王令唆","1","1","2"
"南王令唆都","1","1","2"
"长安等处就","1","1","2"
"弃舟楫甲仗","1","1","2"
"军获船一万","1","1","2"
"获船一万艘","1","1","2"
"军一千三百","1","1","2"
"战船六十艘","1","1","2"
"助唆都袭击","1","1","2"
"复令唐兀沿","1","1","2"
"令唐兀沿海","1","1","2"
"唐兀沿海追","1","1","2"
"兀沿海追日","1","1","2"
"弟昭国王陈","1","1","2"
"昭国王陈益","1","1","2"
"王陈益稷率","1","1","2"
"义国侯脱身","1","1","2"
"二十三年正","1","1","2"
"安南官吏百","1","1","2"
"南官吏百姓","1","1","2"
"左丞相阿里","1","1","2"
"里海牙平定","1","1","2"
"忙古台麾下","1","1","2"
"鄂州行省军","1","1","2"
"州行省军同","1","1","2"
"行省军同征","1","1","2"
"遣使纳表称","1","1","2"
"使纳表称藩","1","1","2"
"所存者皆老","1","1","2"
"存者皆老弱","1","1","2"
"年平章阿里","1","1","2"
"输粮三万石","1","1","2"
"命右丞程鹏","1","1","2"
"右丞程鹏飞","1","1","2"
"交趾兴道王","1","1","2"
"阿八赤等分","1","1","2"
"八赤等分道","1","1","2"
"赤等分道入","1","1","2"
"等分道入山","1","1","2"
"大滂口趋塔","1","1","2"
"滂口趋塔山","1","1","2"
"遇交趾船三","1","1","2"
"交趾船三十","1","1","2"
"趾船三十艘","1","1","2"
"万奴等使安","1","1","2"
"奴等使安南","1","1","2"
"二十六年二","1","1","2"
"二十八年十","1","1","2"
"十八年十一","1","1","2"
"八年十一月","1","1","2"
"镇守永州两","1","1","2"
"守永州两淮","1","1","2"
"永州两淮万","1","1","2"
"州两淮万户","1","1","2"
"淮万户府上","1","1","2"
"万户府上千","1","1","2"
"户府上千户","1","1","2"
"府上千户蔡","1","1","2"
"上千户蔡荣","1","1","2"
"千户蔡荣上","1","1","2"
"户蔡荣上书","1","1","2"
"言军事大要","1","1","2"
"二十九年九","1","1","2"
"十九年九月","1","1","2"
"吏部尚书梁","1","1","2"
"部尚书梁曾","1","1","2"
"礼部郎中陈","1","1","2"
"部郎中陈孚","1","1","2"
"郎中陈孚持","1","1","2"
"中陈孚持诏","1","1","2"
"臣陶子奇等","1","1","2"
"吉里等同征","1","1","2"
"里等同征安","1","1","2"
"等同征安南","1","1","2"
"立湖广安南","1","1","2"
"湖广安南行","1","1","2"
"广安南行省","1","1","2"
"军五万六千","1","1","2"
"五万六千五","1","1","2"
"六千五百七","1","1","2"
"五百七十人","1","1","2"
"粮三十五万","1","1","2"
"三十五万石","1","1","2"
"马料二万石","1","1","2"
"盐二十一万","1","1","2"
"二十一万斤","1","1","2"
"密院副使彻","1","1","2"
"院副使彻里","1","1","2"
"副使彻里蛮","1","1","2"
"三十一年五","1","1","2"
"陶子奇归国","2","0","2"
"中萧泰登持","1","1","2"
"萧泰登持诏","1","1","2"
"大德五年二","1","1","2"
"德五年二月","1","1","2"
"太傅完泽等","1","1","2"
"傅完泽等奏","1","1","2"
"画宫苑图本","1","1","2"
"征收交趾文","1","1","2"
"收交趾文书","1","1","2"
"私记北边军","1","1","2"
"记北边军情","1","1","2"
"取万户张荣","1","1","2"
"户张荣实等","1","1","2"
"张荣实等二","1","1","2"
"荣实等二人","1","1","2"
"皇庆二年正","1","1","2"
"庆二年正月","1","1","2"
"交趾军约三","1","1","2"
"趾军约三万","1","1","2"
"军约三万余","1","1","2"
"镇安州云洞","1","1","2"
"湖广行省发","1","1","2"
"广行省发兵","1","1","2"
"交趾世子亲","1","1","2"
"右江归顺州","1","1","2"
"思浪州商人","1","1","2"
"侵田一千余","1","1","2"
"田一千余顷","1","1","2"
"部员外郎阿","1","1","2"
"员外郎阿里","1","1","2"
"外郎阿里温","1","1","2"
"郎阿里温沙","1","1","2"
"千户刘元亨","1","1","2"
"同赴湖广行","1","1","2"
"赴湖广行省","1","1","2"
"赐田二百顷","1","1","2"
"复加仪同三","1","1","2"
"加仪同三司","1","1","2"
"鄯阐等路宣","1","1","2"
"阐等路宣慰","1","1","2"
"路宣慰司都","1","1","2"
"都元帅府遣","1","1","2"
"元帅府遣乞","1","1","2"
"帅府遣乞脱","1","1","2"
"遣勘马剌失","1","1","2"
"礼部郎中国","1","1","2"
"郎中国信使","1","1","2"
"中国信使乞","1","1","2"
"国信使乞脱","1","1","2"
"工部郎中国","1","1","2"
"郎中国信副","1","1","2"
"中国信副使","1","1","2"
"十二年四月","1","1","2"
"建宁路安抚","1","1","2"
"宁路安抚使","1","1","2"
"路安抚使贺","1","1","2"
"安抚使贺天","1","1","2"
"抚使贺天爵","1","1","2"
"元九年三月","1","1","2"
"人犹群狗耳","1","1","2"
"亲戚阿提犯","1","1","2"
"阿郭愿先招","1","1","2"
"郭愿先招阿","1","1","2"
"愿先招阿提","1","1","2"
"先招阿提犯","1","1","2"
"云南省始报","1","1","2"
"遣金齿千额","1","1","2"
"金齿千额总","1","1","2"
"齿千额总管","1","1","2"
"千额总管阿","1","1","2"
"额总管阿禾","1","1","2"
"忽都等昼夜","1","1","2"
"两旁挟大竹","1","1","2"
"置短枪数十","1","1","2"
"纳速剌丁等","1","1","2"
"速剌丁等上","1","1","2"
"重庆诸郡平","1","1","2"
"丞相脱里夺","1","1","2"
"相脱里夺海","1","1","2"
"下士卒六万","1","1","2"
"士卒六万人","1","1","2"
"卒六万人征","1","1","2"
"六万人征缅","1","1","2"
"二十年十一","1","1","2"
"十年十一月","1","1","2"
"达镇西阿禾","1","1","2"
"镇西阿禾江","1","1","2"
"断缅人水路","1","1","2"
"二十二年十","1","1","2"
"十二年十一","1","1","2"
"缅王遣盐井","1","1","2"
"王遣盐井大","1","1","2"
"遣盐井大官","1","1","2"
"盐井大官阿","1","1","2"
"井大官阿必","1","1","2"
"大官阿必立","1","1","2"
"官阿必立相","1","1","2"
"镇西平缅宣","1","1","2"
"西平缅宣抚","1","1","2"
"平缅宣抚司","1","1","2"
"缅宣抚司达","1","1","2"
"世子奉表入","1","1","2"
"命间岁贡象","1","1","2"
"令忙完秃鲁","1","1","2"
"百媳妇国通","1","1","2"
"秃鲁迷失请","1","1","2"
"万二千人征","1","1","2"
"令诸王阔阔","1","1","2"
"诸王阔阔节","1","1","2"
"王阔阔节制","1","1","2"
"缅国阿散吉","1","1","2"
"国阿散吉牙","1","1","2"
"阿散吉牙等","1","1","2"
"云南参知政","1","1","2"
"南参知政事","1","1","2"
"知政事高庆","1","1","2"
"宣抚使察罕","1","1","2"
"道宣慰使马","1","1","2"
"宣慰使马成","1","1","2"
"慰使马成旺","1","1","2"
"封占城郡王","1","1","2"
"兵部侍郎教","1","1","2"
"部侍郎教化","1","1","2"
"总管孟庆元","1","1","2"
"唆都等使占","1","1","2"
"都等使占城","1","1","2"
"遂命右丞唆","1","1","2"
"命右丞唆都","1","1","2"
"右丞唆都等","1","1","2"
"万户何子志","1","1","2"
"千户皇甫杰","1","1","2"
"宣慰使尤永","1","1","2"
"慰使尤永贤","1","1","2"
"依曹彬故事","1","1","2"
"四面约二十","1","1","2"
"面约二十余","1","1","2"
"约二十余里","1","1","2"
"回回三梢炮","1","1","2"
"回三梢炮百","1","1","2"
"三梢炮百余","1","1","2"
"梢炮百余座","1","1","2"
"者吾亲率重","1","1","2"
"吾亲率重兵","1","1","2"
"行省遣都镇","1","1","2"
"省遣都镇抚","1","1","2"
"遣都镇抚李","1","1","2"
"都镇抚李天","1","1","2"
"招真腊国使","1","1","2"
"真腊国使速","1","1","2"
"腊国使速鲁","1","1","2"
"国使速鲁蛮","1","1","2"
"遣琼州安抚","1","1","2"
"琼州安抚使","1","1","2"
"州安抚使陈","1","1","2"
"水路攻木城","1","1","2"
"路攻木城北","1","1","2"
"攻木城北面","1","1","2"
"三百人攻东","1","1","2"
"百人攻东面","1","1","2"
"人攻东面沙","1","1","2"
"开木城南门","1","1","2"
"乘象者数十","1","1","2"
"东北二军合","1","1","2"
"北二军合击","1","1","2"
"遣报答者回","1","1","2"
"遣博思兀鲁","1","1","2"
"博思兀鲁班","1","1","2"
"思兀鲁班者","1","1","2"
"舅宝脱秃花","1","1","2"
"宝脱秃花等","1","1","2"
"脱秃花等三","1","1","2"
"秃花等三十","1","1","2"
"花等三十余","1","1","2"
"等三十余人","1","1","2"
"奉国王信物","1","1","2"
"国王信物杂","1","1","2"
"王信物杂布","1","1","2"
"信物杂布二","1","1","2"
"物杂布二百","1","1","2"
"杂布二百匹","1","1","2"
"小银五十七","1","1","2"
"银五十七锭","1","1","2"
"献金叶九节","1","1","2"
"金叶九节标","1","1","2"
"叶九节标枪","1","1","2"
"第四子利世","1","1","2"
"四子利世麻","1","1","2"
"子利世麻八","1","1","2"
"利世麻八都","1","1","2"
"世麻八都八","1","1","2"
"麻八都八德","1","1","2"
"八都八德剌","1","1","2"
"第五子世利","1","1","2"
"五子世利印","1","1","2"
"子世利印德","1","1","2"
"故先遣二子","1","1","2"
"遣千户林子","1","1","2"
"千户林子全","1","1","2"
"子全等入山","1","1","2"
"补剌者吾杀","1","1","2"
"唐人曾延等","1","1","2"
"大州西北鸦","1","1","2"
"州西北鸦候","1","1","2"
"西北鸦候山","1","1","2"
"宝脱秃花同","1","1","2"
"北门乘象遁","1","1","2"
"门乘象遁入","1","1","2"
"乘象遁入山","1","1","2"
"鸦候山立寨","1","1","2"
"婆等国借兵","1","1","2"
"木城二十里","1","1","2"
"军皆殊死战","1","1","2"
"遣总管刘金","1","1","2"
"唆都旧制行","1","1","2"
"都旧制行省","1","1","2"
"旧制行省舒","1","1","2"
"制行省舒眉","1","1","2"
"行省舒眉莲","1","1","2"
"省舒眉莲港","1","1","2"
"父子奉表进","1","1","2"
"遣文劳邛大","1","1","2"
"令嫡子入朝","1","1","2"
"阿里海牙奉","1","1","2"
"里海牙奉镇","1","1","2"
"海牙奉镇南","1","1","2"
"牙奉镇南王","1","1","2"
"奉镇南王脱","1","1","2"
"南王脱欢发","1","1","2"
"王脱欢发兵","1","1","2"
"成宗元贞元","1","1","2"
"宗元贞元年","1","1","2"
"设左右军都","1","1","2"
"左右军都元","1","1","2"
"征行上万户","1","1","2"
"行上万户四","1","1","2"
"万户张塔剌","1","1","2"
"户张塔剌赤","1","1","2"
"张塔剌赤等","1","1","2"
"塔剌赤等五","1","1","2"
"剌赤等五百","1","1","2"
"赤等五百余","1","1","2"
"等五百余人","1","1","2"
"都元帅郑镇","1","1","2"
"元帅郑镇国","1","1","2"
"万户脱欢等","1","1","2"
"户脱欢等马","1","1","2"
"脱欢等马步","1","1","2"
"副元帅土虎","1","1","2"
"元帅土虎登","1","1","2"
"帅土虎登哥","1","1","2"
"万户褚怀远","1","1","2"
"宰相昔剌难","1","1","2"
"相昔剌难答","1","1","2"
"昔剌难答吒","1","1","2"
"剌难答吒耶","1","1","2"
"难答吒耶等","1","1","2"
"答吒耶等五","1","1","2"
"吒耶等五十","1","1","2"
"耶等五十余","1","1","2"
"涧上接杜马","1","1","2"
"上接杜马班","1","1","2"
"接杜马班王","1","1","2"
"杜马班王府","1","1","2"
"下通莆奔大","1","1","2"
"通莆奔大海","1","1","2"
"谋臣希宁官","1","1","2"
"臣希宁官沿","1","1","2"
"希宁官沿河","1","1","2"
"宁官沿河泊","1","1","2"
"官沿河泊舟","1","1","2"
"安慰土罕必","1","1","2"
"孙参政率万","1","1","2"
"参政率万户","1","1","2"
"政率万户李","1","1","2"
"率万户李明","1","1","2"
"万户李明迎","1","1","2"
"死者数万人","1","1","2"
"花率兵二百","1","1","2"
"西南北岸皆","1","1","2"
"南北岸皆水","1","1","2"
"遇飓风发作","1","1","2"
"二十八年九","1","1","2"
"十八年九月","1","1","2"
"海船副万户","1","1","2"
"船副万户杨","1","1","2"
"副万户杨祥","1","1","2"
"万户杨祥请","1","1","2"
"书生吴志斗","1","1","2"
"生吴志斗者","1","1","2"
"熟知海道利","1","1","2"
"命杨祥充宣","1","1","2"
"杨祥充宣抚","1","1","2"
"祥充宣抚使","1","1","2"
"九年三月二","1","1","2"
"海洋中正东","1","1","2"
"等二百余人","1","1","2"
"成宗元贞三","1","1","2"
"宗元贞三年","1","1","2"
"福建省平章","1","1","2"
"建省平章政","1","1","2"
"章政事高兴","1","1","2"
"兴请就近试","1","1","2"
"政事伯颜等","1","1","2"
"书省左丞唆","1","1","2"
"省左丞唆都","1","1","2"
"遣广东招讨","1","1","2"
"广东招讨司","1","1","2"
"东招讨司达","1","1","2"
"达鲁花赤杨","1","1","2"
"鲁花赤杨庭","1","1","2"
"花赤杨庭璧","1","1","2"
"俱蓝国宣慰","1","1","2"
"蓝国宣慰使","1","1","2"
"抵僧伽耶山","1","1","2"
"札马里丁入","1","1","2"
"马里丁入朝","1","1","2"
"使人持书招","1","1","2"
"相马合麻等","1","1","2"
"马合麻等迎","1","1","2"
"速里蛮二人","1","1","2"
"里蛮二人入","1","1","2"
"蛮二人入朝","1","1","2"
"像先前一样","0","2","2"
"全都投降了","0","2","2"
"立蒙哥为帝","0","2","2"
"皇帝派使者","0","2","2"
"使者去招降","0","2","2"
"还没有归顺","0","2","2"
"没有归顺的","0","2","2"
"得清清楚楚","0","2","2"
"下诏通报全","0","2","2"
"诏通报全国","0","2","2"
"以后的事情","0","2","2"
"皇上下诏全","0","2","2"
"汉人担任的","0","2","2"
"人担任的镇","0","2","2"
"担任的镇守","0","2","2"
"任的镇守官","0","2","2"
"把他们全都","0","2","2"
"流放服苦役","0","2","2"
"皇帝认为这","0","2","2"
"设立咸平到","0","2","2"
"应当把他们","0","2","2"
"把他们都遣","0","2","2"
"他们都遣送","0","2","2"
"未交的钱粮","0","2","2"
"派官员前去","0","2","2"
"官员前去审","0","2","2"
"员前去审讯","0","2","2"
"当时佥枢密","0","2","2"
"事燕铁木儿","0","2","2"
"划农田为牧","0","2","2"
"就让他们回","0","2","2"
"让他们回到","0","2","2"
"望陛下明察","0","2","2"
"男女各行其","0","2","2"
"女各行其道","0","2","2"
"昔帖木儿奏","0","2","2"
"自带着武器","0","2","2"
"向太祖报告","0","2","2"
"一直战斗到","0","2","2"
"朝后世祖对","0","2","2"
"城大闹饥荒","0","2","2"
"让百姓北渡","0","2","2"
"百姓北渡黄","0","2","2"
"姓北渡黄河","0","2","2"
"往官府人员","0","2","2"
"父子二人都","0","2","2"
"过了一会儿","0","2","2"
"朕已考虑成","0","2","2"
"已考虑成熟","0","2","2"
"皇帝的诏书","0","2","2"
"二月二十五","0","2","2"
"世祖看了奏","0","2","2"
"山战败宋军","0","2","2"
"为湖广平章","0","2","2"
"但不久因母","0","2","2"
"木儿塔识请","0","2","2"
"不放在心上","0","2","2"
"这些意见虽","0","2","2"
"些意见虽未","0","2","2"
"有见识的人","0","2","2"
"都受到顺帝","0","2","2"
"受到顺帝的","0","2","2"
"恢复他们的","0","2","2"
"府逮捕了一","0","2","2"
"逮捕了一些","0","2","2"
"百姓因此保","0","2","2"
"姓因此保住","0","2","2"
"地方长官的","0","2","2"
"为世祖采纳","0","2","2"
"世祖怜悯他","0","2","2"
"了他们的罪","0","2","2"
"祖准备征伐","0","2","2"
"东平御史台","0","2","2"
"掌书记之职","0","2","2"
"有人劝他说","0","2","2"
"世祖沉默了","0","2","2"
"祖沉默了许","0","2","2"
"沉默了许久","0","2","2"
"了许久才说","0","2","2"
"日火尊跪拜","0","2","2"
"便托病辞官","0","2","2"
"把他释放了","0","2","2"
"防水的劳役","0","2","2"
"们所掌握的","0","2","2"
"军讲明祸福","0","2","2"
"表示自己的","0","2","2"
"使他们不得","0","2","2"
"详细审查其","0","2","2"
"对他的建议","0","2","2"
"裁汰多余的","0","2","2"
"遵行世祖成","0","2","2"
"行世祖成法","0","2","2"
"每月的俸禄","0","2","2"
"御史多次上","0","2","2"
"铁木迭儿对","0","2","2"
"铁木迭儿要","0","2","2"
"皇帝采纳了","0","2","2"
"帝同意了他","0","2","2"
"同意了他的","0","2","2"
"听到这件事","0","2","2"
"都办得很好","0","2","2"
"是我所希望","0","2","2"
"升任监察御","0","2","2"
"们都认为这","0","2","2"
"都认为这是","0","2","2"
"认为这是一","0","2","2"
"世祖便下令","0","2","2"
"罢了他们的","0","2","2"
"了他们的官","0","2","2"
"治理天下的","0","2","2"
"他们斩首示","0","2","2"
"们斩首示众","0","2","2"
"营地犒赏蒙","0","2","2"
"地犒赏蒙军","0","2","2"
"自己的想法","0","2","2"
"蒙军的高丽","0","2","2"
"及妻室儿女","0","2","2"
"忄甚回高丽","0","2","2"
"派这些人来","0","2","2"
"皇子拖雷攻","0","2","2"
"子拖雷攻占","0","2","2"
"命廉希宪为","0","2","2"
"希宪为京兆","0","2","2"
"任命不花为","0","2","2"
"不花为中书","0","2","2"
"花为中书右","0","2","2"
"铸为中书左","0","2","2"
"制造神臂弓","0","2","2"
"命伯颜为中","0","2","2"
"颜为中书右","0","2","2"
"任命河南等","0","2","2"
"命河南等路","0","2","2"
"合剌合孙为","0","2","2"
"剌合孙为中","0","2","2"
"合孙为中书","0","2","2"
"孙为中书右","0","2","2"
"诸侯王也不","0","2","2"
"阿合马请求","0","2","2"
"设立大宗正","0","2","2"
"失里咱牙信","0","2","2"
"里咱牙信合","0","2","2"
"咱牙信合八","0","2","2"
"赐给礼部尚","0","2","2"
"给礼部尚书","0","2","2"
"任命甘肃行","0","2","2"
"建造帝师八","0","2","2"
"诸侯王也里","0","2","2"
"侯王也里干","0","2","2"
"察司改为广","0","2","2"
"为福建闽海","0","2","2"
"为河西陇北","0","2","2"
"定发生蝗灾","0","2","2"
"派遣合撒儿","0","2","2"
"遣合撒儿海","0","2","2"
"元帅乌马儿","0","2","2"
"为江西榷茶","0","2","2"
"各道儒学提","0","2","2"
"漕运司改为","0","2","2"
"为都转运盐","0","2","2"
"派遣参知政","0","2","2"
"忻都为尚书","0","2","2"
"为尚书左丞","0","2","2"
"事何荣祖为","0","2","2"
"等出使缅国","0","2","2"
"里为中书右","0","2","2"
"共同出使安","0","2","2"
"同出使安南","0","2","2"
"减免田租一","0","2","2"
"设立海北海","0","2","2"
"在位三十五","0","2","2"
"诸侯王帖木","0","2","2"
"白银四千两","0","2","2"
"钱钞一千六","0","2","2"
"绢帛各一百","0","2","2"
"加授平章政","0","2","2"
"麦术丁为平","0","2","2"
"术丁为平章","0","2","2"
"荣祖为昭文","0","2","2"
"祖为昭文馆","0","2","2"
"降职为岭北","0","2","2"
"职为岭北行","0","2","2"
"皆为正四品","0","2","2"
"不花钱钞一","0","2","2"
"花钱钞一万","0","2","2"
"钱钞七十五","0","2","2"
"命中书省参","0","2","2"
"中都威卫改","0","2","2"
"都威卫改为","0","2","2"
"威卫改为忠","0","2","2"
"卫改为忠翊","0","2","2"
"改为忠翊侍","0","2","2"
"为忠翊侍卫","0","2","2"
"赐予黄金五","0","2","2"
"予黄金五百","0","2","2"
"并为御史大","0","2","2"
"夫一万三千","0","2","2"
"铁木儿于云","0","2","2"
"木儿于云南","0","2","2"
"授予开府仪","0","2","2"
"予开府仪同","0","2","2"
"江淮地区创","0","2","2"
"淮地区创科","0","2","2"
"地区创科包","0","2","2"
"区创科包银","0","2","2"
"诸侯王彻彻","0","2","2"
"侯王彻彻秃","0","2","2"
"高昌王亦都","0","2","2"
"昌王亦都护","0","2","2"
"赐予寿宁公","0","2","2"
"予寿宁公主","0","2","2"
"任宣政院使","0","2","2"
"撤销宣慰司","0","2","2"
"事也儿吉你","0","2","2"
"王不赛因遣","0","2","2"
"不赛因遣使","0","2","2"
"遣使前来进","0","2","2"
"使前来进贡","0","2","2"
"赈济蒙古族","0","2","2"
"蒙古族饥民","0","2","2"
"赐予云南王","0","2","2"
"赐予钱钞三","0","2","2"
"予钱钞三千","0","2","2"
"钞各一千五","0","2","2"
"各一千五百","0","2","2"
"一千二百锭","0","2","2"
"钞一千五百","0","2","2"
"至元钞四十","0","2","2"
"三处驿站饥","0","2","2"
"赈济粮食二","0","2","2"
"粮食二千石","0","2","2"
"钱钞四千锭","0","2","2"
"赈济粮食五","0","2","2"
"济粮食五万","0","2","2"
"济钱钞三万","0","2","2"
"间盐运司改","0","2","2"
"盐运司改为","0","2","2"
"济钱钞五万","0","2","2"
"前往云南行","0","2","2"
"前往四川行","0","2","2"
"为同知行枢","0","2","2"
"派遣武宁王","0","2","2"
"立文宗为皇","0","2","2"
"文宗为皇太","0","2","2"
"撤销储庆司","0","2","2"
"彻里铁木儿","0","2","2"
"里铁木儿为","0","2","2"
"铁木儿为中","0","2","2"
"为甘肃行省","0","2","2"
"南行省杀掉","0","2","2"
"以发给军士","0","2","2"
"丞相伯颜为","0","2","2"
"任命高昌王","0","2","2"
"命高昌王铁","0","2","2"
"赐予西安王","0","2","2"
"予西安王阿","0","2","2"
"王买奴等人","0","2","2"
"事脱脱木儿","0","2","2"
"以中书平章","0","2","2"
"御史中丞亦","0","2","2"
"史中丞亦列","0","2","2"
"中丞亦列赤","0","2","2"
"神御殿修作","0","2","2"
"御殿修作佛","0","2","2"
"征召云南行","0","2","2"
"省左丞相也","0","2","2"
"丞相也儿吉","0","2","2"
"相也儿吉尼","0","2","2"
"燕铁木儿太","0","2","2"
"铁木儿太平","0","2","2"
"木儿太平王","0","2","2"
"亦列赤为御","0","2","2"
"列赤为御史","0","2","2"
"姚炜并为储","0","2","2"
"炜并为储庆","0","2","2"
"并为储庆使","0","2","2"
"将也先铁木","0","2","2"
"儿为中书左","0","2","2"
"人田宅赐给","0","2","2"
"枢密院事不","0","2","2"
"密院事不花","0","2","2"
"木儿为太尉","0","2","2"
"跃里铁木儿","0","2","2"
"铁木儿为左","0","2","2"
"赈济大都路","0","2","2"
"派遣燕铁木","0","2","2"
"遣燕铁木儿","0","2","2"
"燕铁木儿恭","0","2","2"
"铁木儿恭奉","0","2","2"
"木儿恭奉皇","0","2","2"
"儿恭奉皇帝","0","2","2"
"奉皇帝之宝","0","2","2"
"往明宗行在","0","2","2"
"明宗行在处","0","2","2"
"宗行在处所","0","2","2"
"命令知枢密","0","2","2"
"令知枢密院","0","2","2"
"史中丞八即","0","2","2"
"中丞八即剌","0","2","2"
"阿儿思兰海","0","2","2"
"儿思兰海牙","0","2","2"
"塔失铁木儿","0","2","2"
"一百五十顷","0","2","2"
"七十户粮食","0","2","2"
"户粮食三个","0","2","2"
"撒迪为中书","0","2","2"
"铁木儿知枢","0","2","2"
"帖木儿之女","0","2","2"
"裕宗为燕王","0","2","2"
"后尊号为仪","0","2","2"
"尊号为仪天","0","2","2"
"号为仪天兴","0","2","2"
"为仪天兴圣","0","2","2"
"拜为礼部尚","0","2","2"
"至中奉大夫","0","2","2"
"兼管枢密院","0","2","2"
"至元二年七","0","2","2"
"床兀儿入朝","0","2","2"
"入朝商议中","0","2","2"
"朝商议中书","0","2","2"
"伯颜与阿术","0","2","2"
"升为福建行","0","2","2"
"万户忽剌出","0","2","2"
"帖木儿追击","0","2","2"
"他为开府仪","0","2","2"
"怀王即皇帝","0","2","2"
"王即皇帝位","0","2","2"
"兼知行枢密","0","2","2"
"失八都鲁镇","0","2","2"
"八都鲁镇守","0","2","2"
"讨伐孛罗帖","0","2","2"
"伐孛罗帖木","0","2","2"
"为翰林侍读","0","2","2"
"有文集若干","0","2","2"
"以太皇太后","0","2","2"
"太皇太后之","0","2","2"
"授绍兴路总","0","2","2"
"诏令孛罗帖","0","2","2"
"帖木儿为江","0","2","2"
"木儿为江浙","0","2","2"
"儿为江浙行","0","2","2"
"为都元帅府","0","2","2"
"任福建廉访","0","2","2"
"为中书右司","0","2","2"
"立武宗为帝","0","2","2"
"怜真班为江","0","2","2"
"年七十九岁","0","2","2"
"又加赠推忠","0","2","2"
"元振为成都","0","2","2"
"任大名路总","0","2","2"
"不久授镇国","0","2","2"
"久授镇国上","0","2","2"
"右丞别乞里","0","2","2"
"丞别乞里迷","0","2","2"
"因功授武德","0","2","2"
"为管军千户","0","2","2"
"为西夏中兴","0","2","2"
"屯驻于六盘","0","2","2"
"驻于六盘山","0","2","2"
"诏令天泽与","0","2","2"
"王文统为平","0","2","2"
"文统为平章","0","2","2"
"统为平章政","0","2","2"
"以便就近奉","0","2","2"
"便就近奉养","0","2","2"
"察司改为肃","0","2","2"
"司改为肃政","0","2","2"
"改为肃政廉","0","2","2"
"改任淮东宣","0","2","2"
"改安抚司为","0","2","2"
"安抚司为总","0","2","2"
"抚司为总管","0","2","2"
"司为总管府","0","2","2"
"为达鲁花赤","0","2","2"
"五十两及金","0","2","2"
"可灌田二千","0","2","2"
"授治书侍御","0","2","2"
"为河北河南","0","2","2"
"同知制诰兼","0","2","2"
"知制诰兼国","0","2","2"
"制诰兼国史","0","2","2"
"拜集贤学士","0","2","2"
"年改任太常","0","2","2"
"任翰林侍读","0","2","2"
"任江南湖北","0","2","2"
"拜山南江北","0","2","2"
"京为翰林学","0","2","2"
"任尚书省右","0","2","2"
"陛下即位之","0","2","2"
"下即位之初","0","2","2"
"后升为江南","0","2","2"
"改任吏部尚","0","2","2"
"提拔为监察","0","2","2"
"出任湖广行","0","2","2"
"享年八十一","0","2","2"
"至大元年授","0","2","2"
"升迁为翰林","0","2","2"
"迁为翰林待","0","2","2"
"迁为户部尚","0","2","2"
"他的著作有","0","2","2"
"朝廷得报告","0","2","2"
"官阶中奉大","0","2","2"
"四川省平章","0","2","2"
"川省平章政","0","2","2"
"任江西廉访","0","2","2"
"帖木儿军中","0","2","2"
"平章政事兼","0","2","2"
"尚书省并入","0","2","2"
"书省并入中","0","2","2"
"省并入中书","0","2","2"
"并入中书省","0","2","2"
"又以阿合马","0","2","2"
"以阿合马为","0","2","2"
"阿合马为中","0","2","2"
"合马为中书","0","2","2"
"马为中书平","0","2","2"
"世祖在上都","0","2","2"
"升六部为二","0","2","2"
"六部为二品","0","2","2"
"任同知宣徽","0","2","2"
"波迪哇儿等","0","2","2"
"官阶光禄大","0","2","2"
"阶银青荣禄","0","2","2"
"任太医院使","0","2","2"
"亲自祭祀太","0","2","2"
"左丞相拜住","0","2","2"
"丞相拜住为","0","2","2"
"相拜住为亚","0","2","2"
"拜住为亚献","0","2","2"
"铁失以御史","0","2","2"
"失以御史大","0","2","2"
"以御史大夫","0","2","2"
"守卫石岭关","0","2","2"
"卫石岭关以","0","2","2"
"以孛罗帖木","0","2","2"
"木儿为太保","0","2","2"
"又遣使入贡","0","2","2"
"起居舍人潘","0","2","2"
"黑的等赴日","0","2","2"
"的等赴日本","0","2","2"
"命忽都答儿","0","2","2"
"金州等处设","0","2","2"
"等处设置镇","0","2","2"
"处设置镇边","0","2","2"
"设置镇边万","0","2","2"
"将军都统领","0","2","2"
"军都统领脱","0","2","2"
"统领刘杰视","0","2","2"
"领刘杰视察","0","2","2"
"告高丽国王","0","2","2"
"司改为军民","0","2","2"
"使臣杜世忠","0","2","2"
"臣杜世忠等","0","2","2"
"命阿塔海为","0","2","2"
"书告日火亘","0","2","2"
"元朝见皇帝","0","2","2"
"令海道运粮","0","2","2"
"兵水陆并进","0","2","2"
"万人为前锋","0","2","2"
"孛罗合答儿","0","2","2"
"子陈日火广","0","2","2"
"陈日火广遣","0","2","2"
"行省官员率","0","2","2"
"省官员率兵","0","2","2"
"兵分三路进","0","2","2"
"分三路进攻","0","2","2"
"土罕必耶之","0","2","2"
"谥号为法天","0","2","2"
"号为法天启","0","2","2"
"为法天启运","0","2","2"
"蒙古部族人","0","2","2"
"孛端叉儿的","0","2","2"
"地方住了下","0","2","2"
"方住了下来","0","2","2"
"急里忽鲁的","0","2","2"
"和他们一起","0","2","2"
"认为他的话","0","2","2"
"为他的话很","0","2","2"
"他的话很对","0","2","2"
"把他们全部","0","2","2"
"咩扌然笃敦","0","2","2"
"听说了这件","0","2","2"
"一户百姓家","0","2","2"
"经过的地方","0","2","2"
"先前一样的","0","2","2"
"祖至元三年","0","2","2"
"至元三年十","0","2","2"
"烈祖也速该","0","2","2"
"伐塔塔儿部","0","2","2"
"当时太祖部","0","2","2"
"太祖部下的","0","2","2"
"共同谋划以","0","2","2"
"当时太祖正","0","2","2"
"把军队驻扎","0","2","2"
"的军队全部","0","2","2"
"木合的部众","0","2","2"
"太祖对他说","0","2","2"
"领部属来归","0","2","2"
"泰赤乌部的","0","2","2"
"他们的主子","0","2","2"
"札阿绀孛来","0","2","2"
"叔父菊儿罕","0","2","2"
"汪罕的部众","0","2","2"
"来又重新叛","0","2","2"
"蔑里乞部落","0","2","2"
"到八儿忽真","0","2","2"
"和汪罕一起","0","2","2"
"了乃蛮部的","0","2","2"
"也的脱孛鲁","0","2","2"
"自己的营垒","0","2","2"
"约定第二天","0","2","2"
"到别的地方","0","2","2"
"汪罕的儿子","0","2","2"
"弟弟札阿绀","0","2","2"
"亦剌合逃到","0","2","2"
"的东西全部","0","2","2"
"东西全部夺","0","2","2"
"乃蛮被打得","0","2","2"
"蛮被打得大","0","2","2"
"他们打得大","0","2","2"
"们打得大败","0","2","2"
"不知道他们","0","2","2"
"打败了他们","0","2","2"
"散只兀等部","0","2","2"
"转移到别处","0","2","2"
"汪罕听了这","0","2","2"
"移到别处去","0","2","2"
"到别处去了","0","2","2"
"对亦剌合说","0","2","2"
"太子铁木真","0","2","2"
"的几个儿子","0","2","2"
"派使者来说","0","2","2"
"太祖的军队","0","2","2"
"派阿里海去","0","2","2"
"阿里海去责","0","2","2"
"里海去责备","0","2","2"
"海去责备汪","0","2","2"
"去责备汪罕","0","2","2"
"窘迫中来归","0","2","2"
"迫中来归附","0","2","2"
"蔑里乞部的","0","2","2"
"进行突然袭","0","2","2"
"行突然袭击","0","2","2"
"胜了就吞并","0","2","2"
"人既然已经","0","2","2"
"又想要拥立","0","2","2"
"想要拥立你","0","2","2"
"你又坚决推","0","2","2"
"又坚决推辞","0","2","2"
"我现在离去","0","2","2"
"现在离去了","0","2","2"
"弘吉剌部的","0","2","2"
"有一个名叫","0","2","2"
"斡难河的发","0","2","2"
"难河的发源","0","2","2"
"河的发源处","0","2","2"
"在帖麦该川","0","2","2"
"大规模狩猎","0","2","2"
"军驻扎在建","0","2","2"
"首领和群臣","0","2","2"
"也儿的石河","0","2","2"
"俘获了敌军","0","2","2"
"获了他们的","0","2","2"
"太祖命令遮","0","2","2"
"祖命令遮别","0","2","2"
"金国皇帝派","0","2","2"
"金国皇帝完","0","2","2"
"国皇帝完颜","0","2","2"
"皇帝完颜王","0","2","2"
"金国使臣说","0","2","2"
"军讨伐南方","0","2","2"
"击败了金军","0","2","2"
"进入居庸关","0","2","2"
"等前来归降","0","2","2"
"蒙古军队攻","0","2","2"
"州这两个州","0","2","2"
"河北各郡县","0","2","2"
"太祖九年春","0","2","2"
"抹扌然尽忠","0","2","2"
"太子完颜守","0","2","2"
"子完颜守忠","0","2","2"
"自立为临海","0","2","2"
"为北京留守","0","2","2"
"都元帅镇守","0","2","2"
"天应为兴中","0","2","2"
"应为兴中府","0","2","2"
"为兴中府尹","0","2","2"
"入朝侍奉太","0","2","2"
"朝侍奉太祖","0","2","2"
"祖十一年春","0","2","2"
"命木华黎为","0","2","2"
"蒙古军出紫","0","2","2"
"古军出紫荆","0","2","2"
"军出紫荆口","0","2","2"
"祖十四年春","0","2","2"
"亲自率军征","0","2","2"
"祖十五年春","0","2","2"
"木华黎攻占","0","2","2"
"攻占的土地","0","2","2"
"出城投降了","0","2","2"
"东平府的严","0","2","2"
"执掌尚书省","0","2","2"
"掌尚书省事","0","2","2"
"派遣乌古孙","0","2","2"
"苟梦玉前来","0","2","2"
"部下前来归","0","2","2"
"下前来归降","0","2","2"
"州三州总管","0","2","2"
"的军队攻占","0","2","2"
"让你主子当","0","2","2"
"你主子当河","0","2","2"
"主子当河南","0","2","2"
"子当河南王","0","2","2"
"为兵马都元","0","2","2"
"于是平定了","0","2","2"
"宋朝再次派","0","2","2"
"彭义斌率军","0","2","2"
"渡过黄河进","0","2","2"
"过黄河进攻","0","2","2"
"聚集在一起","0","2","2"
"率军渡过黄","0","2","2"
"对大臣们说","0","2","2"
"由皇子拖雷","0","2","2"
"的第三个儿","0","2","2"
"太宗四年春","0","2","2"
"由白坡渡过","0","2","2"
"白坡渡过黄","0","2","2"
"坡渡过黄河","0","2","2"
"拖雷渡过汉","0","2","2"
"来到蒙古军","0","2","2"
"到蒙古军营","0","2","2"
"把他们送到","0","2","2"
"儿率兵包围","0","2","2"
"进行大规模","0","2","2"
"享年五十六","0","2","2"
"宗皇后元年","0","2","2"
"皇后乃马真","0","2","2"
"后乃马真氏","0","2","2"
"五河口渡过","0","2","2"
"河口渡过淮","0","2","2"
"口渡过淮河","0","2","2"
"进攻宋朝的","0","2","2"
"宋朝的扬州","0","2","2"
"分出一部分","0","2","2"
"耶律楚材去","0","2","2"
"律楚材去世","0","2","2"
"宋朝制置使","0","2","2"
"姓乃马真氏","0","2","2"
"太宗皇帝曾","0","2","2"
"宗皇帝曾经","0","2","2"
"诸侯王按只","0","2","2"
"侯王按只带","0","2","2"
"立皇孙失烈","0","2","2"
"失烈门为继","0","2","2"
"烈门为继承","0","2","2"
"门为继承人","0","2","2"
"皇后临朝听","0","2","2"
"后临朝听政","0","2","2"
"于是决定立","0","2","2"
"和林觐见皇","0","2","2"
"地方即皇帝","0","2","2"
"方即皇帝位","0","2","2"
"暂署万户史","0","2","2"
"署万户史权","0","2","2"
"宿卫的士兵","0","2","2"
"定宗三年春","0","2","2"
"诸侯王以及","0","2","2"
"宗去世之后","0","2","2"
"事不能决定","0","2","2"
"部落的酋长","0","2","2"
"是一国之主","0","2","2"
"征伐斡罗思","0","2","2"
"朝廷内外议","0","2","2"
"廷内外议论","0","2","2"
"太宗皇帝命","0","2","2"
"宗皇帝命令","0","2","2"
"皇帝命令以","0","2","2"
"方的诸侯王","0","2","2"
"的诸侯王也","0","2","2"
"诸侯王也古","0","2","2"
"方的各大将","0","2","2"
"和他的弟弟","0","2","2"
"族地区的民","0","2","2"
"地区的民户","0","2","2"
"忙哥撒儿为","0","2","2"
"马丁协助他","0","2","2"
"丁协助他们","0","2","2"
"等处的蒙古","0","2","2"
"处的蒙古军","0","2","2"
"教方面的事","0","2","2"
"诸侯王随意","0","2","2"
"全部予以收","0","2","2"
"也不能超过","0","2","2"
"不许擅自招","0","2","2"
"许擅自招纳","0","2","2"
"擅自招纳民","0","2","2"
"自招纳民户","0","2","2"
"并抄没他的","0","2","2"
"末来的吉儿","0","2","2"
"来的吉儿都","0","2","2"
"的吉儿都怯","0","2","2"
"吉儿都怯寨","0","2","2"
"皇帝至和林","0","2","2"
"命令忽必烈","0","2","2"
"忽必烈征伐","0","2","2"
"下诏晓谕宋","0","2","2"
"诏晓谕宋朝","0","2","2"
"晓谕宋朝的","0","2","2"
"他们前来归","0","2","2"
"命令总帅汪","0","2","2"
"十二月初八","0","2","2"
"皇帝在怯蹇","0","2","2"
"帝在怯蹇叉","0","2","2"
"在怯蹇叉罕","0","2","2"
"诸侯王塔剌","0","2","2"
"蒙古军击败","0","2","2"
"古军击败了","0","2","2"
"军击败了他","0","2","2"
"侯王旭烈兀","0","2","2"
"来到皇帝驻","0","2","2"
"到皇帝驻跸","0","2","2"
"诏晓谕他说","0","2","2"
"对诸侯王的","0","2","2"
"赏赐的数目","0","2","2"
"和洪福源一","0","2","2"
"洪福源一起","0","2","2"
"清理核算钱","0","2","2"
"理核算钱粮","0","2","2"
"核算钱粮的","0","2","2"
"算钱粮的官","0","2","2"
"蜡封的书信","0","2","2"
"书信来投降","0","2","2"
"各自的部队","0","2","2"
"皇帝下诏征","0","2","2"
"拖欠的钱粮","0","2","2"
"月儿灭怯土","0","2","2"
"巡逻的士兵","0","2","2"
"地方会见诸","0","2","2"
"方会见诸侯","0","2","2"
"数目各不相","0","2","2"
"目各不相同","0","2","2"
"的钱粮数目","0","2","2"
"帝驻跸的地","0","2","2"
"各自返回自","0","2","2"
"自返回自己","0","2","2"
"派使者前去","0","2","2"
"投降的百姓","0","2","2"
"分赐给诸侯","0","2","2"
"兵征伐宋朝","0","2","2"
"兵征伐南方","0","2","2"
"宗王塔察儿","0","2","2"
"塔察儿率领","0","2","2"
"兀良合台便","0","2","2"
"遣阿蓝答儿","0","2","2"
"子陈光日丙","0","2","2"
"来朝见皇帝","0","2","2"
"良合台送他","0","2","2"
"合台送他们","0","2","2"
"台送他们到","0","2","2"
"送他们到皇","0","2","2"
"他们到皇帝","0","2","2"
"等率领部下","0","2","2"
"继前来投降","0","2","2"
"东胜渡过黄","0","2","2"
"胜渡过黄河","0","2","2"
"派参知政事","0","2","2"
"的要冲之地","0","2","2"
"对百姓秋毫","0","2","2"
"所到之处都","0","2","2"
"皇上驻跸在","0","2","2"
"留下来镇守","0","2","2"
"宋朝的制置","0","2","2"
"朝的制置使","0","2","2"
"皇帝赐给汪","0","2","2"
"帝赐给汪田","0","2","2"
"赐给汪田哥","0","2","2"
"他率领自己","0","2","2"
"侯王莫哥都","0","2","2"
"王塔察儿攻","0","2","2"
"军征伐宋朝","0","2","2"
"十二月初七","0","2","2"
"宋朝的降将","0","2","2"
"派人去招降","0","2","2"
"在宋朝境内","0","2","2"
"渠州的礼义","0","2","2"
"杨大渊请求","0","2","2"
"俘获男女人","0","2","2"
"获男女人口","0","2","2"
"夜间登上外","0","2","2"
"间登上外城","0","2","2"
"皇帝身体不","0","2","2"
"帝身体不适","0","2","2"
"三千名精锐","0","2","2"
"千名精锐的","0","2","2"
"名精锐的士","0","2","2"
"精锐的士卒","0","2","2"
"规定的制度","0","2","2"
"所有的诏令","0","2","2"
"祖宗的规矩","0","2","2"
"的第四个儿","0","2","2"
"第四个儿子","0","2","2"
"为庄圣太后","0","2","2"
"年八月二十","0","2","2"
"的贾似道派","0","2","2"
"向朝廷请求","0","2","2"
"率领西路的","0","2","2"
"领西路的诸","0","2","2"
"西路的诸侯","0","2","2"
"东路的诸侯","0","2","2"
"而诸侯王和","0","2","2"
"王和大臣们","0","2","2"
"为燕京路宣","0","2","2"
"商挺为陕西","0","2","2"
"路的宣抚使","0","2","2"
"弼为参议司","0","2","2"
"为参议司事","0","2","2"
"晓谕高丽国","0","2","2"
"的百姓以及","0","2","2"
"以及逃亡在","0","2","2"
"及逃亡在外","0","2","2"
"亡在外的人","0","2","2"
"忧国忧民之","0","2","2"
"国忧民之心","0","2","2"
"王和百官的","0","2","2"
"以翰林待制","0","2","2"
"做他的副手","0","2","2"
"内外官吏的","0","2","2"
"千五百人前","0","2","2"
"人前往京师","0","2","2"
"军设立贸易","0","2","2"
"设立贸易市","0","2","2"
"阿里不哥在","0","2","2"
"忙古带统率","0","2","2"
"为中统元年","0","2","2"
"因此朝廷内","0","2","2"
"任命赛典赤","0","2","2"
"德辉为燕京","0","2","2"
"任命河南路","0","2","2"
"使史天泽为","0","2","2"
"为湖南宣抚","0","2","2"
"湖南宣抚使","0","2","2"
"为北京等路","0","2","2"
"姚枢为东平","0","2","2"
"丞张文谦为","0","2","2"
"张文谦为大","0","2","2"
"文谦为大名","0","2","2"
"任巩昌元帅","0","2","2"
"地的安抚使","0","2","2"
"米十万石到","0","2","2"
"为江淮大都","0","2","2"
"派人去察看","0","2","2"
"五千人前往","0","2","2"
"千人前往开","0","2","2"
"人前往开平","0","2","2"
"的宣抚司制","0","2","2"
"子永安公王","0","2","2"
"司宰事韩即","0","2","2"
"的印信以及","0","2","2"
"益都等路的","0","2","2"
"的百姓返回","0","2","2"
"返回京兆府","0","2","2"
"大都督李王","0","2","2"
"命燕京路宣","0","2","2"
"王鹗为翰林","0","2","2"
"鹗为翰林学","0","2","2"
"士承旨兼修","0","2","2"
"和交钞纸币","0","2","2"
"光化军设立","0","2","2"
"忙古带率领","0","2","2"
"皇上亲自统","0","2","2"
"诏令都元帅","0","2","2"
"令都元帅纽","0","2","2"
"宪为中书省","0","2","2"
"再次请求进","0","2","2"
"次请求进攻","0","2","2"
"诸侯王合丹","0","2","2"
"阿蓝答儿及","0","2","2"
"蓝答儿及浑","0","2","2"
"答儿及浑都","0","2","2"
"儿及浑都海","0","2","2"
"十月十三日","0","2","2"
"上的车驾驻","0","2","2"
"的车驾驻跸","0","2","2"
"米粮一万石","0","2","2"
"管佛教事务","0","2","2"
"的绸缎各三","0","2","2"
"绸缎各三百","0","2","2"
"缎各三百匹","0","2","2"
"钱钞各五十","0","2","2"
"绢五千零九","0","2","2"
"零九十八匹","0","2","2"
"二十三锭多","0","2","2"
"从此以后每","0","2","2"
"此以后每年","0","2","2"
"以后每年成","0","2","2"
"后每年成为","0","2","2"
"每年成为常","0","2","2"
"年成为常例","0","2","2"
"中统二年春","0","2","2"
"军前往涟水","0","2","2"
"上的车驾抵","0","2","2"
"的车驾抵达","0","2","2"
"百姓的钱财","0","2","2"
"各路宣抚使","0","2","2"
"他们赎身为","0","2","2"
"们赎身为民","0","2","2"
"问民生疾苦","0","2","2"
"品德高尚的","0","2","2"
"百名弓箭手","0","2","2"
"在什么地方","0","2","2"
"私自宰杀马","0","2","2"
"自宰杀马牛","0","2","2"
"贩卖马匹的","0","2","2"
"史天泽为中","0","2","2"
"天泽为中书","0","2","2"
"泽为中书右","0","2","2"
"施惠于百姓","0","2","2"
"惠于百姓的","0","2","2"
"于百姓的药","0","2","2"
"之战中的战","0","2","2"
"征收百姓的","0","2","2"
"阴星干犯角","0","2","2"
"星干犯角宿","0","2","2"
"任命严忠范","0","2","2"
"命严忠范为","0","2","2"
"为东平路行","0","2","2"
"官员全部听","0","2","2"
"员全部听从","0","2","2"
"定朝廷内外","0","2","2"
"下有功的军","0","2","2"
"功的军官二","0","2","2"
"的军官二千","0","2","2"
"军官二千五","0","2","2"
"官二千五百","0","2","2"
"百两白银及","0","2","2"
"两白银及数","0","2","2"
"白银及数量","0","2","2"
"银及数量不","0","2","2"
"数量不同的","0","2","2"
"担任翰林侍","0","2","2"
"王塔察儿部","0","2","2"
"者从严治罪","0","2","2"
"甲及铁装器","0","2","2"
"及铁装器具","0","2","2"
"安抚当地百","0","2","2"
"抚当地百姓","0","2","2"
"中书省上报","0","2","2"
"城县升格为","0","2","2"
"持诏书前往","0","2","2"
"为转运副使","0","2","2"
"建立翰林国","0","2","2"
"诸侯王昌童","0","2","2"
"的民户五百","0","2","2"
"军队的官员","0","2","2"
"州的百姓迁","0","2","2"
"的百姓迁居","0","2","2"
"百姓迁居到","0","2","2"
"制造船只以","0","2","2"
"做长远打算","0","2","2"
"布我的意思","0","2","2"
"明确地告诉","0","2","2"
"了我的命令","0","2","2"
"任命宣抚使","0","2","2"
"任命宋朝的","0","2","2"
"姚枢为太子","0","2","2"
"许衡为太子","0","2","2"
"窦默为太子","0","2","2"
"各五十两白","0","2","2"
"的重刑犯人","0","2","2"
"归顺的军民","0","2","2"
"向朝廷奏报","0","2","2"
"京运粮食到","0","2","2"
"一千二百两","0","2","2"
"发还给他们","0","2","2"
"中书省衙署","0","2","2"
"他的儿子张","0","2","2"
"抚恤他们的","0","2","2"
"恤他们的家","0","2","2"
"氏一胎生下","0","2","2"
"因为甘肃等","0","2","2"
"给予中书省","0","2","2"
"宣抚司管辖","0","2","2"
"借贷的官钱","0","2","2"
"贫穷而无力","0","2","2"
"而无力偿还","0","2","2"
"无力偿还的","0","2","2"
"诏令把凤翔","0","2","2"
"令把凤翔府","0","2","2"
"种田的民户","0","2","2"
"民户隶属于","0","2","2"
"身强力壮的","0","2","2"
"有马的全部","0","2","2"
"怯烈门率领","0","2","2"
"扎在燕京的","0","2","2"
"为江汉大都","0","2","2"
"东平的严忠","0","2","2"
"二千匹绢帛","0","2","2"
"一千匹绢帛","0","2","2"
"一千人前往","0","2","2"
"前来皇上驻","0","2","2"
"来皇上驻地","0","2","2"
"诏令霍木海","0","2","2"
"政事塔察儿","0","2","2"
"除今年的赋","0","2","2"
"皇上驻跸于","0","2","2"
"兼任大都督","0","2","2"
"官府供给粮","0","2","2"
"无马的士兵","0","2","2"
"各路宣抚司","0","2","2"
"皇子真金为","0","2","2"
"子真金为燕","0","2","2"
"真金为燕王","0","2","2"
"管理中书省","0","2","2"
"惑星干犯钩","0","2","2"
"免除今年租","0","2","2"
"行中书省供","0","2","2"
"中书省供给","0","2","2"
"州等处的屯","0","2","2"
"等处的屯田","0","2","2"
"俸禄为正三","0","2","2"
"王塔察儿请","0","2","2"
"生铁的工场","0","2","2"
"又请求设立","0","2","2"
"的百姓饥荒","0","2","2"
"那些贫穷的","0","2","2"
"饰有骆驼钮","0","2","2"
"有骆驼钮的","0","2","2"
"的镀金银印","0","2","2"
"表章前来谢","0","2","2"
"章前来谢恩","0","2","2"
"城献给宋朝","0","2","2"
"定朝内外官","0","2","2"
"任命赵璧为","0","2","2"
"掌管宣抚司","0","2","2"
"管宣抚司事","0","2","2"
"因为散布妖","0","2","2"
"为散布妖言","0","2","2"
"令各地核查","0","2","2"
"令他们返回","0","2","2"
"屯田的地方","0","2","2"
"李王占据济","0","2","2"
"王占据济南","0","2","2"
"的百姓迁徙","0","2","2"
"百姓迁徙到","0","2","2"
"留下一部分","0","2","2"
"兵戍守宿州","0","2","2"
"其余的士兵","0","2","2"
"书省的文书","0","2","2"
"户的男丁为","0","2","2"
"的男丁为兵","0","2","2"
"除他们的赋","0","2","2"
"他们的赋税","0","2","2"
"执掌宣慰司","0","2","2"
"掌宣慰司的","0","2","2"
"掌管行中书","0","2","2"
"管行中书省","0","2","2"
"事赛典赤兼","0","2","2"
"赛典赤兼管","0","2","2"
"王的军队遭","0","2","2"
"的军队遭遇","0","2","2"
"把李王的军","0","2","2"
"王的军队打","0","2","2"
"禁止民间私","0","2","2"
"止民间私藏","0","2","2"
"民间私藏武","0","2","2"
"间私藏武器","0","2","2"
"玉玺的诏书","0","2","2"
"各路的管民","0","2","2"
"路的管民官","0","2","2"
"等地的军民","0","2","2"
"赦免其罪行","0","2","2"
"的一千名士","0","2","2"
"皇上下诏安","0","2","2"
"上下诏安抚","0","2","2"
"的士兵以及","0","2","2"
"的镇守官和","0","2","2"
"管军管民的","0","2","2"
"属于开平府","0","2","2"
"全部被处死","0","2","2"
"千户张好古","0","2","2"
"并禁止蒙古","0","2","2"
"汉军的士兵","0","2","2"
"的士兵抢劫","0","2","2"
"邳州的总管","0","2","2"
"宋朝将领夏","0","2","2"
"朝将领夏贵","0","2","2"
"路今年田租","0","2","2"
"到开平设置","0","2","2"
"兼任中书省","0","2","2"
"等人被处死","0","2","2"
"命令史天泽","0","2","2"
"投降蒙古军","0","2","2"
"带头作乱的","0","2","2"
"头作乱的人","0","2","2"
"作乱的人处","0","2","2"
"乱的人处死","0","2","2"
"地区隶属于","0","2","2"
"率军进攻宋","0","2","2"
"军进攻宋军","0","2","2"
"濒临海边的","0","2","2"
"屯田的军队","0","2","2"
"以防守海路","0","2","2"
"西行省上奏","0","2","2"
"事情发觉之","0","2","2"
"情发觉之后","0","2","2"
"发觉之后被","0","2","2"
"觉之后被处","0","2","2"
"之后被处死","0","2","2"
"河西的百姓","0","2","2"
"钞以赈济他","0","2","2"
"钱钞四十三","0","2","2"
"站户的差役","0","2","2"
"差役和赋税","0","2","2"
"令他们交纳","0","2","2"
"百姓交纳赋","0","2","2"
"姓交纳赋税","0","2","2"
"私自买卖金","0","2","2"
"自买卖金银","0","2","2"
"给海东青符","0","2","2"
"向朝廷奏闻","0","2","2"
"和蒙古军的","0","2","2"
"路执掌中书","0","2","2"
"任命侍卫亲","0","2","2"
"命侍卫亲军","0","2","2"
"董文炳共同","0","2","2"
"礼部尚书之","0","2","2"
"予安南国王","0","2","2"
"敕令济南的","0","2","2"
"蒙古军和汉","0","2","2"
"古军和汉军","0","2","2"
"的百姓饥饿","0","2","2"
"十万石粮食","0","2","2"
"的二千名士","0","2","2"
"沦陷在宋朝","0","2","2"
"为益都路总","0","2","2"
"下诏责备高","0","2","2"
"诏责备高丽","0","2","2"
"赐予高丽国","0","2","2"
"因为立下战","0","2","2"
"为立下战功","0","2","2"
"下战功而赏","0","2","2"
"帅钦察戍守","0","2","2"
"汪惟正率领","0","2","2"
"分为左右二","0","2","2"
"迁回原来的","0","2","2"
"回原来的地","0","2","2"
"春宫设立金","0","2","2"
"宫设立金周","0","2","2"
"设立金周天","0","2","2"
"真定的百姓","0","2","2"
"今年的租税","0","2","2"
"派官员去审","0","2","2"
"官员去审理","0","2","2"
"一百六十户","0","2","2"
"不能养活自","0","2","2"
"能养活自己","0","2","2"
"养活自己的","0","2","2"
"三千名兵卒","0","2","2"
"属于隆兴府","0","2","2"
"暂署中书令","0","2","2"
"塔察儿等人","0","2","2"
"等人属下的","0","2","2"
"向他们征收","0","2","2"
"隶属于他们","0","2","2"
"属于他们管","0","2","2"
"于他们管辖","0","2","2"
"为山东路统","0","2","2"
"设立十路宣","0","2","2"
"任命真定路","0","2","2"
"命真定路镇","0","2","2"
"应当处死的","0","2","2"
"为转运司使","0","2","2"
"重新设置息","0","2","2"
"新设置息州","0","2","2"
"等路的宣慰","0","2","2"
"路的宣慰使","0","2","2"
"严禁屠宰牛","0","2","2"
"禁屠宰牛马","0","2","2"
"牛马的禁令","0","2","2"
"皇上有诏令","0","2","2"
"上有诏令说","0","2","2"
"工匠事务的","0","2","2"
"隶属于归德","0","2","2"
"属于归德府","0","2","2"
"全年判死刑","0","2","2"
"年判死刑的","0","2","2"
"刑的罪犯六","0","2","2"
"的罪犯六十","0","2","2"
"贾似道派遣","0","2","2"
"下诏将其处","0","2","2"
"诏将其处死","0","2","2"
"请求重新设","0","2","2"
"所改为转运","0","2","2"
"所属的地区","0","2","2"
"赈济益都路","0","2","2"
"陷没在宋朝","0","2","2"
"宋朝的蒙古","0","2","2"
"东平等路的","0","2","2"
"他所统辖的","0","2","2"
"出征的士卒","0","2","2"
"的士卒去戍","0","2","2"
"陕西行省的","0","2","2"
"隶属于各万","0","2","2"
"属于各万户","0","2","2"
"隶属于统军","0","2","2"
"属于统军司","0","2","2"
"重老营的官","0","2","2"
"老营的官员","0","2","2"
"兵充实武卫","0","2","2"
"充实武卫军","0","2","2"
"让他们成为","0","2","2"
"命令他的儿","0","2","2"
"他的儿子忙","0","2","2"
"的儿子忙兀","0","2","2"
"儿子忙兀带","0","2","2"
"承袭他的官","0","2","2"
"袭他的官职","0","2","2"
"宣慰司购买","0","2","2"
"子弟入朝做","0","2","2"
"弟入朝做人","0","2","2"
"免除其家的","0","2","2"
"除其家的赋","0","2","2"
"其家的赋税","0","2","2"
"的将士二千","0","2","2"
"皇帝诏命说","0","2","2"
"交给官府的","0","2","2"
"把他们的妻","0","2","2"
"贩私盐的人","0","2","2"
"平价购买粮","0","2","2"
"价购买粮食","0","2","2"
"用钞币交纳","0","2","2"
"为钱钞四两","0","2","2"
"令他们各自","0","2","2"
"乘坐驿车前","0","2","2"
"七千零九十","0","2","2"
"调遣二千名","0","2","2"
"完颜端的田","0","2","2"
"颜端的田地","0","2","2"
"阿只吉部下","0","2","2"
"因为东平府","0","2","2"
"镇守官兀良","0","2","2"
"守官兀良吉","0","2","2"
"担任上都路","0","2","2"
"派礼部尚书","0","2","2"
"书马月合乃","0","2","2"
"马月合乃兼","0","2","2"
"铁一百零三","0","2","2"
"一百零三万","0","2","2"
"百零三万七","0","2","2"
"零三万七千","0","2","2"
"农具二十万","0","2","2"
"具二十万件","0","2","2"
"换取粮食四","0","2","2"
"取粮食四万","0","2","2"
"粮食四万石","0","2","2"
"人钱钞二千","0","2","2"
"赐给拜忽公","0","2","2"
"给拜忽公主","0","2","2"
"属钱钞一千","0","2","2"
"儿为中书省","0","2","2"
"令各投下州","0","2","2"
"州县的官吏","0","2","2"
"是为王事而","0","2","2"
"属于西川行","0","2","2"
"令山东经略","0","2","2"
"皇上诏令阿","0","2","2"
"县降下冰雹","0","2","2"
"州设立总管","0","2","2"
"前出使大理","0","2","2"
"中书省给予","0","2","2"
"以购买耕牛","0","2","2"
"的一部分军","0","2","2"
"一部分军队","0","2","2"
"军队去戍守","0","2","2"
"的府第赐给","0","2","2"
"必帖木儿部","0","2","2"
"的百姓贫穷","0","2","2"
"设置传送紧","0","2","2"
"置传送紧急","0","2","2"
"传送紧急公","0","2","2"
"送紧急公文","0","2","2"
"紧急公文的","0","2","2"
"急公文的急","0","2","2"
"真定路发生","0","2","2"
"定路发生旱","0","2","2"
"赐给衣服遣","0","2","2"
"派遣使者向","0","2","2"
"十一月初八","0","2","2"
"大名等路发","0","2","2"
"名等路发生","0","2","2"
"皇上在太庙","0","2","2"
"上在太庙举","0","2","2"
"王王礻直因","0","2","2"
"五年的历书","0","2","2"
"民户的先例","0","2","2"
"的先例收取","0","2","2"
"常例赐给诸","0","2","2"
"各路宣慰司","0","2","2"
"命他的弟弟","0","2","2"
"益都的一千","0","2","2"
"都的一千名","0","2","2"
"的一千名武","0","2","2"
"一千名武卫","0","2","2"
"供给耕牛农","0","2","2"
"给耕牛农具","0","2","2"
"诸侯王部下","0","2","2"
"斯兰教士等","0","2","2"
"的部落酋长","0","2","2"
"百姓前来归","0","2","2"
"府购买平价","0","2","2"
"平价粮食以","0","2","2"
"登户籍的民","0","2","2"
"户籍的民户","0","2","2"
"给他们官职","0","2","2"
"廷的大臣们","0","2","2"
"臣们认为他","0","2","2"
"钱钞给他们","0","2","2"
"俸禄以赡养","0","2","2"
"禄以赡养他","0","2","2"
"以赡养他们","0","2","2"
"派遣北京路","0","2","2"
"令各路总管","0","2","2"
"皇上下诏奖","0","2","2"
"下诏给四川","0","2","2"
"诏给四川行","0","2","2"
"设立漕运司","0","2","2"
"水灌溉农田","0","2","2"
"府发生旱灾","0","2","2"
"的赋税充作","0","2","2"
"赋税充作军","0","2","2"
"为这件事没","0","2","2"
"这件事没有","0","2","2"
"皇帝下诏说","0","2","2"
"没有田地的","0","2","2"
"给新归附的","0","2","2"
"宋朝的私商","0","2","2"
"贫穷困乏的","0","2","2"
"万户石抹札","0","2","2"
"户石抹札剌","0","2","2"
"照阿合马的","0","2","2"
"安抚司的事","0","2","2"
"抚司的事务","0","2","2"
"侯王也速不","0","2","2"
"王也速不花","0","2","2"
"上面的文字","0","2","2"
"面的文字是","0","2","2"
"的文字是皇","0","2","2"
"的谋臣不鲁","0","2","2"
"谋臣不鲁花","0","2","2"
"是太祖皇帝","0","2","2"
"太祖皇帝的","0","2","2"
"西行省的大","0","2","2"
"的供给他们","0","2","2"
"皇上全部允","0","2","2"
"上全部允从","0","2","2"
"供给边境地","0","2","2"
"给边境地区","0","2","2"
"管行省事务","0","2","2"
"定条令规格","0","2","2"
"不得擅自征","0","2","2"
"路的总管府","0","2","2"
"的总管府兼","0","2","2"
"枢密院的事","0","2","2"
"他们的财产","0","2","2"
"的士兵六十","0","2","2"
"士兵六十人","0","2","2"
"新军一千名","0","2","2"
"下的士兵戍","0","2","2"
"的士兵戍守","0","2","2"
"的事下诏告","0","2","2"
"事下诏告知","0","2","2"
"的两个儿子","0","2","2"
"一起被处死","0","2","2"
"在上都的近","0","2","2"
"十一月初五","0","2","2"
"人前来归顺","0","2","2"
"前来归顺的","0","2","2"
"和州等处的","0","2","2"
"人进入高丽","0","2","2"
"合并到中书","0","2","2"
"并到中书省","0","2","2"
"任命领中书","0","2","2"
"命领中书省","0","2","2"
"省左右部兼","0","2","2"
"左右部兼诸","0","2","2"
"右部兼诸路","0","2","2"
"太府监事务","0","2","2"
"给予他们数","0","2","2"
"予他们数量","0","2","2"
"量不等的赏","0","2","2"
"不等的赏赐","0","2","2"
"他的儿子王","0","2","2"
"路总管府兼","0","2","2"
"都发生水灾","0","2","2"
"百九十五户","0","2","2"
"的罪犯七十","0","2","2"
"罢免他的官","0","2","2"
"免他的官职","0","2","2"
"马匹的禁令","0","2","2"
"王塔察儿的","0","2","2"
"二千石粮食","0","2","2"
"中书省的六","0","2","2"
"书省的六部","0","2","2"
"任命麦术丁","0","2","2"
"命麦术丁为","0","2","2"
"丁为平章政","0","2","2"
"官仓的粮米","0","2","2"
"府付给他们","0","2","2"
"四月十九日","0","2","2"
"五月十四日","0","2","2"
"将犯人处死","0","2","2"
"守边境的军","0","2","2"
"每人每月给","0","2","2"
"人每月给米","0","2","2"
"每月给米二","0","2","2"
"月给米二斗","0","2","2"
"处理这件事","0","2","2"
"设置录事司","0","2","2"
"希望全部予","0","2","2"
"望全部予以","0","2","2"
"马价钱钞一","0","2","2"
"价钱钞一千","0","2","2"
"统军司迁移","0","2","2"
"军司迁移到","0","2","2"
"修筑十字路","0","2","2"
"粮食以赈济","0","2","2"
"表章前来进","0","2","2"
"章前来进贡","0","2","2"
"至元三年的","0","2","2"
"元三年的历","0","2","2"
"三年的历书","0","2","2"
"进献灵芝草","0","2","2"
"颜为中书左","0","2","2"
"从东平召来","0","2","2"
"树立木栅栏","0","2","2"
"十月十四日","0","2","2"
"因战功而赏","0","2","2"
"赏给他的部","0","2","2"
"六百两白银","0","2","2"
"及数量不等","0","2","2"
"禁止中书省","0","2","2"
"任侍卫亲军","0","2","2"
"全国共一百","0","2","2"
"州等地降下","0","2","2"
"州等地发生","0","2","2"
"等地发生蝗","0","2","2"
"地发生蝗灾","0","2","2"
"发生蝗灾和","0","2","2"
"生蝗灾和旱","0","2","2"
"蝗灾和旱灾","0","2","2"
"使臣前来恭","0","2","2"
"臣前来恭贺","0","2","2"
"携带诏书前","0","2","2"
"请求增派军","0","2","2"
"求增派军队","0","2","2"
"重新担任中","0","2","2"
"新担任中书","0","2","2"
"史天泽担任","0","2","2"
"天泽担任枢","0","2","2"
"泽担任枢密","0","2","2"
"担任枢密院","0","2","2"
"以安置高丽","0","2","2"
"妖言蛊惑百","0","2","2"
"任制国用使","0","2","2"
"国用使司副","0","2","2"
"用使司副使","0","2","2"
"今年包银税","0","2","2"
"年包银税的","0","2","2"
"所俘获的人","0","2","2"
"俘获的人口","0","2","2"
"以及他们的","0","2","2"
"国用使司制","0","2","2"
"内外的官吏","0","2","2"
"派遣使臣到","0","2","2"
"囚犯的情况","0","2","2"
"西夏中兴府","0","2","2"
"将子弟组成","0","2","2"
"的百姓迁移","0","2","2"
"恢复原来的","0","2","2"
"派遣使臣祭","0","2","2"
"遣使臣祭祀","0","2","2"
"使臣祭祀五","0","2","2"
"臣祭祀五岳","0","2","2"
"所属的地方","0","2","2"
"我想自古以","0","2","2"
"想自古以来","0","2","2"
"无辜的百姓","0","2","2"
"已经知道了","0","2","2"
"圣人以四海","0","2","2"
"人以四海为","0","2","2"
"驾从上都到","0","2","2"
"兴府降格为","0","2","2"
"因为王礻直","0","2","2"
"王礻直患病","0","2","2"
"禁止在京畿","0","2","2"
"京畿地区狩","0","2","2"
"畿地区狩猎","0","2","2"
"的官员俸禄","0","2","2"
"忽都答儿为","0","2","2"
"都答儿为中","0","2","2"
"诏令四川行","0","2","2"
"他们流离失","0","2","2"
"们流离失所","0","2","2"
"行枢密院改","0","2","2"
"枢密院改为","0","2","2"
"密院改为行","0","2","2"
"院改为行中","0","2","2"
"也速带儿等","0","2","2"
"并入宣徽院","0","2","2"
"赐给高丽至","0","2","2"
"给高丽至元","0","2","2"
"押送到京师","0","2","2"
"申令严禁平","0","2","2"
"上赐给他们","0","2","2"
"目不等的锦","0","2","2"
"为枢密院副","0","2","2"
"臣前来朝见","0","2","2"
"的平章政事","0","2","2"
"任中书省右","0","2","2"
"统计西夏的","0","2","2"
"征收其赋税","0","2","2"
"近来中书省","0","2","2"
"下诏赐名为","0","2","2"
"州发生大水","0","2","2"
"十一个部族","0","2","2"
"一个部族前","0","2","2"
"个部族前来","0","2","2"
"部族前来归","0","2","2"
"加盖玺印的","0","2","2"
"户的丝税银","0","2","2"
"再度任命史","0","2","2"
"度任命史天","0","2","2"
"任命史天泽","0","2","2"
"降职为中书","0","2","2"
"职为中书省","0","2","2"
"到日本去宣","0","2","2"
"把他治下的","0","2","2"
"他治下的百","0","2","2"
"治下的百姓","0","2","2"
"下的百姓隶","0","2","2"
"隶属于南京","0","2","2"
"大名路镇守","0","2","2"
"名路镇守官","0","2","2"
"将他们撤职","0","2","2"
"申令严禁在","0","2","2"
"令严禁在京","0","2","2"
"严禁在京畿","0","2","2"
"禁在京畿地","0","2","2"
"由官府代为","0","2","2"
"百人充当侍","0","2","2"
"土星干犯天","0","2","2"
"星干犯天缶","0","2","2"
"干犯天缶尊","0","2","2"
"饰有骆驼形","0","2","2"
"有骆驼形钮","0","2","2"
"骆驼形钮键","0","2","2"
"怯绵征伐建","0","2","2"
"绵征伐建都","0","2","2"
"派遣他的秘","0","2","2"
"遣他的秘书","0","2","2"
"他的秘书监","0","2","2"
"贺皇帝的寿","0","2","2"
"派遣步兵骑","0","2","2"
"遣步兵骑兵","0","2","2"
"步兵骑兵前","0","2","2"
"臣前来朝贡","0","2","2"
"云南王太傅","0","2","2"
"又下诏晓谕","0","2","2"
"下诏晓谕安","0","2","2"
"诏晓谕安南","0","2","2"
"实行科举考","0","2","2"
"行科举考试","0","2","2"
"便搁置下来","0","2","2"
"他们的百姓","0","2","2"
"的文书和金","0","2","2"
"原来所接受","0","2","2"
"来所接受的","0","2","2"
"进献嘉禾二","0","2","2"
"献嘉禾二株","0","2","2"
"下的将士战","0","2","2"
"的将士战功","0","2","2"
"阿术部下有","0","2","2"
"术部下有功","0","2","2"
"女真水达达","0","2","2"
"真水达达部","0","2","2"
"霸州的益津","0","2","2"
"州的益津县","0","2","2"
"等路发生蝗","0","2","2"
"除他们的租","0","2","2"
"他们的租税","0","2","2"
"共一百一十","0","2","2"
"他的弟弟王","0","2","2"
"的弟弟王氵","0","2","2"
"弟弟王氵昌","0","2","2"
"诏书前往晓","0","2","2"
"贫困的士兵","0","2","2"
"的士兵钱钞","0","2","2"
"敕令处以杖","0","2","2"
"令阿里等人","0","2","2"
"阿里等人前","0","2","2"
"里等人前往","0","2","2"
"军队的名册","0","2","2"
"管辎重老营","0","2","2"
"丞相塔察儿","0","2","2"
"相塔察儿为","0","2","2"
"塔察儿为御","0","2","2"
"察儿为御史","0","2","2"
"立两处驿站","0","2","2"
"的打捕鹰坊","0","2","2"
"令转运司兼","0","2","2"
"派遣都统领","0","2","2"
"遣都统领脱","0","2","2"
"造一百艘船","0","2","2"
"行省的赛典","0","2","2"
"省的赛典赤","0","2","2"
"与都元帅阿","0","2","2"
"派遣使者奏","0","2","2"
"千名士卒征","0","2","2"
"都路发生水","0","2","2"
"敕令长春宫","0","2","2"
"千石粮米赈","0","2","2"
"担任枢密副","0","2","2"
"任命和礼霍","0","2","2"
"嘉定新归附","0","2","2"
"定新归附的","0","2","2"
"领中书省事","0","2","2"
"宋军从襄阳","0","2","2"
"杀死和俘获","0","2","2"
"俘获了很多","0","2","2"
"下战功的将","0","2","2"
"处发生水灾","0","2","2"
"交今年的田","0","2","2"
"派遣使臣把","0","2","2"
"处死权臣金","0","2","2"
"死权臣金俊","0","2","2"
"阿术的军队","0","2","2"
"政事杨果为","0","2","2"
"为怀孟路总","0","2","2"
"赈济这些地","0","2","2"
"马忽剌出到","0","2","2"
"忽剌出到襄","0","2","2"
"剌出到襄阳","0","2","2"
"的蒙古文字","0","2","2"
"蒙古文字颁","0","2","2"
"古文字颁行","0","2","2"
"颁行于全国","0","2","2"
"宣德府的税","0","2","2"
"德府的税课","0","2","2"
"税减征一半","0","2","2"
"给予河南行","0","2","2"
"行省钱钞一","0","2","2"
"每人给予钱","0","2","2"
"人给予钱钞","0","2","2"
"予钱钞二十","0","2","2"
"钱钞二十五","0","2","2"
"使者祭祀五","0","2","2"
"者祭祀五岳","0","2","2"
"粮米十万石","0","2","2"
"的一千六百","0","2","2"
"一千六百二","0","2","2"
"各州郡发生","0","2","2"
"州郡发生蝗","0","2","2"
"郡发生蝗灾","0","2","2"
"各路发生旱","0","2","2"
"的赋税全部","0","2","2"
"税全部免除","0","2","2"
"忄甚前来朝","0","2","2"
"甚前来朝见","0","2","2"
"不等的银两","0","2","2"
"等的银两和","0","2","2"
"率领二万二","0","2","2"
"领二万二千","0","2","2"
"二万二千名","0","2","2"
"万二千名士","0","2","2"
"东昌路发生","0","2","2"
"七月十三日","0","2","2"
"的银两和钱","0","2","2"
"银两和钱钞","0","2","2"
"等前往高丽","0","2","2"
"州县的官员","0","2","2"
"高丽国的世","0","2","2"
"丽国的世子","0","2","2"
"国的世子王","0","2","2"
"子王忄甚上","0","2","2"
"王忄甚上奏","0","2","2"
"弟安庆公王","0","2","2"
"公王氵昌为","0","2","2"
"王氵昌为国","0","2","2"
"氵昌为国王","0","2","2"
"东安公的尊","0","2","2"
"安公的尊号","0","2","2"
"史天泽均担","0","2","2"
"天泽均担任","0","2","2"
"管河南等路","0","2","2"
"河南等路的","0","2","2"
"的中书省事","0","2","2"
"赛典赤掌管","0","2","2"
"征召高丽国","0","2","2"
"蒙古国王头","0","2","2"
"古国王头辇","0","2","2"
"赵璧在东京","0","2","2"
"高丽的军民","0","2","2"
"都统领崔坦","0","2","2"
"统领崔坦等","0","2","2"
"的三千名士","0","2","2"
"各路的鳏寡","0","2","2"
"人每月发给","0","2","2"
"部侍郎朴休","0","2","2"
"侍郎朴休灬","0","2","2"
"随黑的入朝","0","2","2"
"二月十七日","0","2","2"
"浑河的堤防","0","2","2"
"在太庙做佛","0","2","2"
"太庙做佛事","0","2","2"
"二万零六百","0","2","2"
"建立尚书省","0","2","2"
"谋划尚书省","0","2","2"
"划尚书省事","0","2","2"
"参与掌管尚","0","2","2"
"与掌管尚书","0","2","2"
"管尚书省事","0","2","2"
"丽国王派遣","0","2","2"
"高丽安抚使","0","2","2"
"宋军统制朱","0","2","2"
"因为年岁饥","0","2","2"
"申令严格禁","0","2","2"
"令严格禁止","0","2","2"
"兵骑兵共一","0","2","2"
"骑兵共一万","0","2","2"
"同数量的金","0","2","2"
"王礻直请求","0","2","2"
"排在诸侯王","0","2","2"
"在诸侯王的","0","2","2"
"进入高丽的","0","2","2"
"再增加他的","0","2","2"
"及陕西五路","0","2","2"
"等路的行中","0","2","2"
"路的行中书","0","2","2"
"省改为行尚","0","2","2"
"改为行尚书","0","2","2"
"书省大臣进","0","2","2"
"省大臣进言","0","2","2"
"作为首要任","0","2","2"
"为首要任务","0","2","2"
"可授职为各","0","2","2"
"官的子弟则","0","2","2"
"各县镇守官","0","2","2"
"了他父亲的","0","2","2"
"书宋宗礼杀","0","2","2"
"都出来投降","0","2","2"
"已经把他们","0","2","2"
"又重新聚集","0","2","2"
"县天降大雨","0","2","2"
"佥省也速带","0","2","2"
"统军司率军","0","2","2"
"减免今年丝","0","2","2"
"免今年丝税","0","2","2"
"丝税银的十","0","2","2"
"税银的十分","0","2","2"
"银的十分之","0","2","2"
"任命枢密院","0","2","2"
"命枢密院同","0","2","2"
"十个月为一","0","2","2"
"个月为一个","0","2","2"
"月为一个阶","0","2","2"
"为一个阶段","0","2","2"
"王派遣使者","0","2","2"
"从今以后都","0","2","2"
"官府的公文","0","2","2"
"任命宣徽使","0","2","2"
"打捕鹰坊总","0","2","2"
"的士兵返回","0","2","2"
"他们耕牛农","0","2","2"
"们耕牛农具","0","2","2"
"设立上林署","0","2","2"
"侯王拜答寒","0","2","2"
"军中的官员","0","2","2"
"有车马的人","0","2","2"
"为枢密院同","0","2","2"
"入籍为民户","0","2","2"
"宋军将领范","0","2","2"
"军将领范文","0","2","2"
"将领范文虎","0","2","2"
"领范文虎率","0","2","2"
"军一千多人","0","2","2"
"西京发生饥","0","2","2"
"京发生饥荒","0","2","2"
"以十分之二","0","2","2"
"蒙古文字书","0","2","2"
"古文字书写","0","2","2"
"在高丽屯田","0","2","2"
"屯田的事务","0","2","2"
"下诏给高丽","0","2","2"
"诏给高丽国","0","2","2"
"设立侍仪司","0","2","2"
"闰十一月初","0","2","2"
"皇帝赐给高","0","2","2"
"帝赐给高丽","0","2","2"
"赐给河西行","0","2","2"
"为大司农司","0","2","2"
"巡行的劝农","0","2","2"
"懂得这一点","0","2","2"
"禄提升为正","0","2","2"
"来归附朝廷","0","2","2"
"献驯象三头","0","2","2"
"都水监隶属","0","2","2"
"水监隶属于","0","2","2"
"大司农司管","0","2","2"
"司农司管辖","0","2","2"
"常例赐给先","0","2","2"
"例赐给先朝","0","2","2"
"赐给先朝的","0","2","2"
"给先朝的后","0","2","2"
"先朝的后妃","0","2","2"
"朝的后妃以","0","2","2"
"的后妃以及","0","2","2"
"后妃以及诸","0","2","2"
"妃以及诸侯","0","2","2"
"及诸侯王黄","0","2","2"
"河南行省的","0","2","2"
"行省的阿里","0","2","2"
"们返回原籍","0","2","2"
"从现在起全","0","2","2"
"现在起全部","0","2","2"
"抚使阿海占","0","2","2"
"使阿海占领","0","2","2"
"阿海占领珍","0","2","2"
"海占领珍岛","0","2","2"
"撤销各路转","0","2","2"
"销各路转运","0","2","2"
"归并到总管","0","2","2"
"并到总管府","0","2","2"
"带着诏书去","0","2","2"
"着诏书去招","0","2","2"
"林衍的余党","0","2","2"
"阔阔带等人","0","2","2"
"揭发了这件","0","2","2"
"发了这件事","0","2","2"
"内朝外的官","0","2","2"
"佩戴金银牌","0","2","2"
"戴金银牌符","0","2","2"
"州等州隶属","0","2","2"
"等州隶属于","0","2","2"
"为陕西四川","0","2","2"
"为山北辽东","0","2","2"
"上下诏将他","0","2","2"
"因年老多病","0","2","2"
"年老多病辞","0","2","2"
"设立国子学","0","2","2"
"路的行尚书","0","2","2"
"等路的饥民","0","2","2"
"王国昌分路","0","2","2"
"国昌分路进","0","2","2"
"省一年的经","0","2","2"
"一年的经费","0","2","2"
"取了他们的","0","2","2"
"他们的武器","0","2","2"
"今年的丝料","0","2","2"
"年的丝料税","0","2","2"
"以牵制宋军","0","2","2"
"在兴元执掌","0","2","2"
"的三十七个","0","2","2"
"划军国重大","0","2","2"
"军事方面的","0","2","2"
"事方面的事","0","2","2"
"宋军一百多","0","2","2"
"发生粘虫灾","0","2","2"
"生粘虫灾害","0","2","2"
"书省请求增","0","2","2"
"增加太原的","0","2","2"
"加太原的盐","0","2","2"
"太原的盐税","0","2","2"
"不要有什么","0","2","2"
"率领他部下","0","2","2"
"领他部下的","0","2","2"
"部下的士卒","0","2","2"
"五百锭钱钞","0","2","2"
"千六百锭钱","0","2","2"
"六百锭钱钞","0","2","2"
"执掌四川行","0","2","2"
"挑选贵族子","0","2","2"
"太庙的殿柱","0","2","2"
"庙的殿柱朽","0","2","2"
"的殿柱朽烂","0","2","2"
"请允许我们","0","2","2"
"免征四川的","0","2","2"
"古以来都是","0","2","2"
"作为自己的","0","2","2"
"自古以来所","0","2","2"
"古以来所没","0","2","2"
"以来所没有","0","2","2"
"来所没有的","0","2","2"
"漏登册籍的","0","2","2"
"登册籍的民","0","2","2"
"册籍的民户","0","2","2"
"官员们的俸","0","2","2"
"员们的俸禄","0","2","2"
"人羊马价钱","0","2","2"
"的罪犯共一","0","2","2"
"罪犯共一百","0","2","2"
"犯共一百零","0","2","2"
"兼奉献每年","0","2","2"
"均任中书省","0","2","2"
"省请求增兵","0","2","2"
"兵卒三万人","0","2","2"
"阿鲁帖木儿","0","2","2"
"也速带儿的","0","2","2"
"建立行中书","0","2","2"
"的田地有多","0","2","2"
"田地有多的","0","2","2"
"派遣使者带","0","2","2"
"改为行枢密","0","2","2"
"任命也速带","0","2","2"
"命也速带儿","0","2","2"
"使日本的赵","0","2","2"
"日本的赵良","0","2","2"
"本的赵良弼","0","2","2"
"的赵良弼派","0","2","2"
"位在百官之","0","2","2"
"在百官之上","0","2","2"
"这些地方的","0","2","2"
"在大都建立","0","2","2"
"祭祀神农氏","0","2","2"
"派来的使者","0","2","2"
"遣发他们返","0","2","2"
"发他们返回","0","2","2"
"随便产生怀","0","2","2"
"便产生怀疑","0","2","2"
"生怀疑和恐","0","2","2"
"怀疑和恐惧","0","2","2"
"攻破樊城的","0","2","2"
"破樊城的外","0","2","2"
"樊城的外城","0","2","2"
"下诏免除医","0","2","2"
"诏免除医户","0","2","2"
"爱牙赤部下","0","2","2"
"奥鲁赤的部","0","2","2"
"赐给阔阔出","0","2","2"
"州的丁壮一","0","2","2"
"令他们帮助","0","2","2"
"金星干犯毕","0","2","2"
"田所收入的","0","2","2"
"所收入的田","0","2","2"
"收入的田租","0","2","2"
"所储备的粮","0","2","2"
"储备的粮食","0","2","2"
"按照功劳的","0","2","2"
"给以不同数","0","2","2"
"沿边境地区","0","2","2"
"内地的州郡","0","2","2"
"折合成钱钞","0","2","2"
"侯王八八部","0","2","2"
"蒙古文字的","0","2","2"
"吾儿文字的","0","2","2"
"五万石粮食","0","2","2"
"止所有的人","0","2","2"
"襄阳的援兵","0","2","2"
"将士不同数","0","2","2"
"士不同数量","0","2","2"
"等地的饥民","0","2","2"
"顺流而下进","0","2","2"
"逃避兵役的","0","2","2"
"赏赐给他们","0","2","2"
"赐给他们不","0","2","2"
"给他们不同","0","2","2"
"他们不同数","0","2","2"
"同数量的银","0","2","2"
"数量的银两","0","2","2"
"他们家庭的","0","2","2"
"们家庭的徭","0","2","2"
"家庭的徭役","0","2","2"
"星干犯御女","0","2","2"
"干犯御女星","0","2","2"
"剌为安西王","0","2","2"
"使臣带着诏","0","2","2"
"臣带着诏书","0","2","2"
"欠官府的钱","0","2","2"
"有入籍的士","0","2","2"
"入籍的士卒","0","2","2"
"司合并为一","0","2","2"
"宋朝的京湖","0","2","2"
"朝的京湖制","0","2","2"
"的京湖制置","0","2","2"
"京湖制置使","0","2","2"
"和他的同党","0","2","2"
"县的镇守官","0","2","2"
"等处的驿站","0","2","2"
"侯王忽剌出","0","2","2"
"还没有安定","0","2","2"
"赐给北平王","0","2","2"
"给北平王南","0","2","2"
"都用蒙古文","0","2","2"
"在牛头山修","0","2","2"
"牛头山修筑","0","2","2"
"头山修筑堡","0","2","2"
"淮的粮食运","0","2","2"
"如果现在不","0","2","2"
"陈光日丙说","0","2","2"
"赐给皇子北","0","2","2"
"给皇子北平","0","2","2"
"也速带儿部","0","2","2"
"速带儿部下","0","2","2"
"带儿部下的","0","2","2"
"令诸侯王阿","0","2","2"
"诸侯王阿不","0","2","2"
"有功的人员","0","2","2"
"府新签征的","0","2","2"
"千名士兵派","0","2","2"
"派太常卿合","0","2","2"
"到太庙去祭","0","2","2"
"令当地官府","0","2","2"
"吕文焕率领","0","2","2"
"别隶属于各","0","2","2"
"册封的文书","0","2","2"
"封的文书和","0","2","2"
"太子接受册","0","2","2"
"子接受册封","0","2","2"
"五车星座的","0","2","2"
"担任中书右","0","2","2"
"罪而被免职","0","2","2"
"阿里海牙带","0","2","2"
"单公履等人","0","2","2"
"任命平章军","0","2","2"
"等路的行枢","0","2","2"
"路的行枢密","0","2","2"
"都元帅塔出","0","2","2"
"归附的军民","0","2","2"
"南方的儒士","0","2","2"
"撤销四川行","0","2","2"
"四处便宜行","0","2","2"
"便宜行事总","0","2","2"
"宜行事总帅","0","2","2"
"行枢密院同","0","2","2"
"自行前来大","0","2","2"
"行前来大都","0","2","2"
"再向他们征","0","2","2"
"阵亡的士兵","0","2","2"
"隶属于大都","0","2","2"
"等人不同数","0","2","2"
"钱钞和衣服","0","2","2"
"以宽舒民力","0","2","2"
"阿里海牙不","0","2","2"
"把他们的军","0","2","2"
"建造战船一","0","2","2"
"忻都等人的","0","2","2"
"为都指挥司","0","2","2"
"名士卒隶属","0","2","2"
"士卒隶属于","0","2","2"
"妻子儿女的","0","2","2"
"南发生水灾","0","2","2"
"的典礼完成","0","2","2"
"共二十二人","0","2","2"
"胎生下三个","0","2","2"
"生下三个儿","0","2","2"
"下三个儿子","0","2","2"
"的军需物资","0","2","2"
"襄阳的生券","0","2","2"
"阳的生券军","0","2","2"
"听任他们自","0","2","2"
"任他们自己","0","2","2"
"率领他们的","0","2","2"
"令东京路运","0","2","2"
"运送粮米二","0","2","2"
"米二万石以","0","2","2"
"二万石以赈","0","2","2"
"万石以赈济","0","2","2"
"十万石米给","0","2","2"
"合答的军队","0","2","2"
"西川的民户","0","2","2"
"没收的赃款","0","2","2"
"三百锭钱钞","0","2","2"
"皇帝下诏赐","0","2","2"
"帝下诏赐给","0","2","2"
"因为京畿地","0","2","2"
"为京畿地区","0","2","2"
"重复地耕种","0","2","2"
"皇帝认为有","0","2","2"
"总管府的权","0","2","2"
"管府的权力","0","2","2"
"各军的辎重","0","2","2"
"另外设置官","0","2","2"
"卒钱钞一千","0","2","2"
"行枢密院将","0","2","2"
"赈济粮米五","0","2","2"
"王和百官朝","0","2","2"
"和百官朝贺","0","2","2"
"一千人戍守","0","2","2"
"派遣忙古带","0","2","2"
"五百人戍守","0","2","2"
"千人隶属于","0","2","2"
"其余的胁从","0","2","2"
"帝立即召见","0","2","2"
"此机会上奏","0","2","2"
"十万名士兵","0","2","2"
"赐给阿术部","0","2","2"
"给阿术部下","0","2","2"
"阿术部下的","0","2","2"
"人不同数额","0","2","2"
"宫门的钥匙","0","2","2"
"宪为中书右","0","2","2"
"京等地行中","0","2","2"
"吕文焕的随","0","2","2"
"文焕的随司","0","2","2"
"他们的妻子","0","2","2"
"他们迁往内","0","2","2"
"们迁往内地","0","2","2"
"共一万五千","0","2","2"
"地的行枢密","0","2","2"
"夺取百姓的","0","2","2"
"设置提刑按","0","2","2"
"也速带儿率","0","2","2"
"率领一千名","0","2","2"
"新近签征的","0","2","2"
"部予以免除","0","2","2"
"部下的蒙古","0","2","2"
"下的蒙古军","0","2","2"
"请求停止战","0","2","2"
"求停止战争","0","2","2"
"实在是因为","0","2","2"
"是因为没有","0","2","2"
"给予升迁奖","0","2","2"
"予升迁奖赏","0","2","2"
"百家奴率领","0","2","2"
"道宣慰司的","0","2","2"
"行省的事务","0","2","2"
"命上都留守","0","2","2"
"都留守司同","0","2","2"
"留守司同知","0","2","2"
"没有攻下的","0","2","2"
"有攻下的州","0","2","2"
"派遣他的枢","0","2","2"
"遣他的枢密","0","2","2"
"谕令枢密院","0","2","2"
"遣使者分别","0","2","2"
"州郡的官吏","0","2","2"
"黄家湾有一","0","2","2"
"有一条小河","0","2","2"
"三千人交给","0","2","2"
"行枢密院也","0","2","2"
"枢密院也速","0","2","2"
"密院也速带","0","2","2"
"院也速带儿","0","2","2"
"也速带儿攻","0","2","2"
"郎董文忠上","0","2","2"
"董文忠上奏","0","2","2"
"文忠上奏说","0","2","2"
"复州安抚使","0","2","2"
"州安抚使翟","0","2","2"
"宋朝嘉定安","0","2","2"
"朝嘉定安抚","0","2","2"
"于是攻下了","0","2","2"
"中卫的屯田","0","2","2"
"万户帖木儿","0","2","2"
"十二月初四","0","2","2"
"伯颜的大军","0","2","2"
"奖赏忻都等","0","2","2"
"赏忻都等人","0","2","2"
"宋军都统王","0","2","2"
"知府来兴国","0","2","2"
"伯颜按照旧","0","2","2"
"颜按照旧制","0","2","2"
"派侍卫亲军","0","2","2"
"行中书省把","0","2","2"
"把渡过长江","0","2","2"
"黄州知府陈","0","2","2"
"州知府陈奕","0","2","2"
"阳新归附的","0","2","2"
"共一千五百","0","2","2"
"的将士钱钞","0","2","2"
"钱钞三百锭","0","2","2"
"安西王的相","0","2","2"
"锭钱钞作为","0","2","2"
"敕令赐给他","0","2","2"
"也速带儿所","0","2","2"
"速带儿所统","0","2","2"
"带儿所统辖","0","2","2"
"儿所统辖的","0","2","2"
"去招降他们","0","2","2"
"囊加带率领","0","2","2"
"汉军一万人","0","2","2"
"军一万人前","0","2","2"
"一万人前往","0","2","2"
"前去招降郢","0","2","2"
"去招降郢州","0","2","2"
"招降郢州的","0","2","2"
"护送唐永坚","0","2","2"
"前往行中书","0","2","2"
"往行中书省","0","2","2"
"归附州郡的","0","2","2"
"帖木儿率领","0","2","2"
"派遣兵部尚","0","2","2"
"儿入朝觐见","0","2","2"
"听由行中书","0","2","2"
"中书省节制","0","2","2"
"文虎献城投","0","2","2"
"怀孕的野兽","0","2","2"
"统制张林献","0","2","2"
"制张林献城","0","2","2"
"张林献城投","0","2","2"
"林献城投降","0","2","2"
"宋朝的交会","0","2","2"
"朝的交会钞","0","2","2"
"的交会钞币","0","2","2"
"止不在籍而","0","2","2"
"不同身份地","0","2","2"
"同身份地位","0","2","2"
"身份地位的","0","2","2"
"到行中书省","0","2","2"
"中书省衙门","0","2","2"
"令他们跟随","0","2","2"
"东元帅府征","0","2","2"
"元帅府征伐","0","2","2"
"派遣礼部侍","0","2","2"
"降宋朝淮东","0","2","2"
"氵名磁路总","0","2","2"
"名磁路总管","0","2","2"
"皇上敕令将","0","2","2"
"元朝的州郡","0","2","2"
"每年向元朝","0","2","2"
"对贾似道说","0","2","2"
"当权的大臣","0","2","2"
"蒙圣上仁慈","0","2","2"
"祭祀的香火","0","2","2"
"士兵五百人","0","2","2"
"携带诏书招","0","2","2"
"带诏书招降","0","2","2"
"宋朝贾似道","0","2","2"
"置使夏贵率","0","2","2"
"宋军的阵地","0","2","2"
"杀宋军一百","0","2","2"
"先不花上奏","0","2","2"
"带着皇上的","0","2","2"
"上的诏书前","0","2","2"
"的诏书前去","0","2","2"
"知州孟之缙","0","2","2"
"以下的官吏","0","2","2"
"中书省决定","0","2","2"
"和州知州王","0","2","2"
"州知州王喜","0","2","2"
"的官吏和百","0","2","2"
"宋朝的沿江","0","2","2"
"朝的沿江制","0","2","2"
"的沿江制置","0","2","2"
"制置使赵氵","0","2","2"
"置使赵氵晋","0","2","2"
"他前来朝见","0","2","2"
"李德和代表","0","2","2"
"德和代表皇","0","2","2"
"和代表皇帝","0","2","2"
"前去祭祀五","0","2","2"
"去祭祀五岳","0","2","2"
"率领精兵一","0","2","2"
"令诸将各守","0","2","2"
"给皇子安西","0","2","2"
"被宋人杀害","0","2","2"
"各军的战船","0","2","2"
"里海牙把军","0","2","2"
"海牙把军队","0","2","2"
"派遣郎中张","0","2","2"
"士承旨撒的","0","2","2"
"承旨撒的迷","0","2","2"
"旨撒的迷底","0","2","2"
"撒的迷底里","0","2","2"
"仍旧纂修国","0","2","2"
"的和礼霍孙","0","2","2"
"和礼霍孙主","0","2","2"
"攻下的州郡","0","2","2"
"峡州知州赵","0","2","2"
"州知州赵真","0","2","2"
"中书省议事","0","2","2"
"城中的居民","0","2","2"
"孛罗为御史","0","2","2"
"罗为御史大","0","2","2"
"们的职司归","0","2","2"
"携带诏书去","0","2","2"
"汉朝张道陵","0","2","2"
"令中书右丞","0","2","2"
"应当对他们","0","2","2"
"对他们加以","0","2","2"
"湖南的州郡","0","2","2"
"派使臣前去","0","2","2"
"臣前去招降","0","2","2"
"河西的军队","0","2","2"
"皇帝下诏追","0","2","2"
"宣抚使陈岩","0","2","2"
"去招降安丰","0","2","2"
"士兵和百姓","0","2","2"
"了他的罪过","0","2","2"
"年轻力壮的","0","2","2"
"的猎户二千","0","2","2"
"猎户二千人","0","2","2"
"让他们自己","0","2","2"
"依从他们的","0","2","2"
"涪州观察使","0","2","2"
"州观察使阳","0","2","2"
"观察使阳立","0","2","2"
"率领军队退","0","2","2"
"军奋力战斗","0","2","2"
"步兵和骑兵","0","2","2"
"耽罗国镇守","0","2","2"
"罗国镇守官","0","2","2"
"撤销山东经","0","2","2"
"销山东经略","0","2","2"
"各军万户的","0","2","2"
"军万户的战","0","2","2"
"万户的战船","0","2","2"
"户的战船到","0","2","2"
"进行到中午","0","2","2"
"声震天动地","0","2","2"
"从此以后再","0","2","2"
"百名蒙古军","0","2","2"
"士兵隶属于","0","2","2"
"百名汉军士","0","2","2"
"名汉军士兵","0","2","2"
"军士兵跟随","0","2","2"
"下诏派遣使","0","2","2"
"诏派遣使臣","0","2","2"
"直接进军临","0","2","2"
"接进军临安","0","2","2"
"路今年的丝","0","2","2"
"宋朝的君臣","0","2","2"
"国家经费不","0","2","2"
"家经费不足","0","2","2"
"一千两白银","0","2","2"
"一百锭钱钞","0","2","2"
"撤销襄阳统","0","2","2"
"销襄阳统军","0","2","2"
"都统姜才率","0","2","2"
"进攻湾头堡","0","2","2"
"命玉昔帖木","0","2","2"
"昔帖木儿为","0","2","2"
"一百零五万","0","2","2"
"军抵达常州","0","2","2"
"签征的二千","0","2","2"
"凡是杀人的","0","2","2"
"辕星座的大","0","2","2"
"星座的大星","0","2","2"
"爵敬献给太","0","2","2"
"敬献给太庙","0","2","2"
"凡是中书省","0","2","2"
"密院佥事昝","0","2","2"
"院佥事昝顺","0","2","2"
"佥事昝顺上","0","2","2"
"事昝顺上奏","0","2","2"
"昝顺上奏说","0","2","2"
"的军队屯驻","0","2","2"
"杰献城投降","0","2","2"
"地今年的田","0","2","2"
"领司改为通","0","2","2"
"司改为通政","0","2","2"
"改为通政院","0","2","2"
"将他流放到","0","2","2"
"已经投降又","0","2","2"
"经投降又重","0","2","2"
"投降又重新","0","2","2"
"降又重新叛","0","2","2"
"的军队进驻","0","2","2"
"军队进驻到","0","2","2"
"宁府升格为","0","2","2"
"设置马湖路","0","2","2"
"千二百零六","0","2","2"
"共四百七十","0","2","2"
"四千零七十","0","2","2"
"元十三年春","0","2","2"
"招降尚未归","0","2","2"
"降尚未归附","0","2","2"
"未归附的人","0","2","2"
"取得一个府","0","2","2"
"安抚使刘汉","0","2","2"
"抚使刘汉杰","0","2","2"
"设立回易库","0","2","2"
"带着宋朝皇","0","2","2"
"着宋朝皇帝","0","2","2"
"宋朝皇帝称","0","2","2"
"朝皇帝称臣","0","2","2"
"皇帝称臣的","0","2","2"
"的表章来到","0","2","2"
"表章来到军","0","2","2"
"社稷和百姓","0","2","2"
"稷和百姓们","0","2","2"
"令云南行中","0","2","2"
"大军进驻到","0","2","2"
"的四千名士","0","2","2"
"四千名士兵","0","2","2"
"董文炳率军","0","2","2"
"率军前来会","0","2","2"
"军前来会合","0","2","2"
"帝派遣他的","0","2","2"
"两国的盟约","0","2","2"
"一个人的身","0","2","2"
"到什么地方","0","2","2"
"什么地方去","0","2","2"
"囊加带带着","0","2","2"
"刘师勇等人","0","2","2"
"只有太皇太","0","2","2"
"有太皇太后","0","2","2"
"没有追上而","0","2","2"
"有追上而返","0","2","2"
"追上而返回","0","2","2"
"进入临安城","0","2","2"
"内外的军民","0","2","2"
"朝皇帝的祖","0","2","2"
"皇帝的祖母","0","2","2"
"带着宋朝的","0","2","2"
"万零五千一","0","2","2"
"零五千一百","0","2","2"
"一百八十户","0","2","2"
"朝的宗室大","0","2","2"
"的宗室大臣","0","2","2"
"下诏晓谕各","0","2","2"
"的五百名士","0","2","2"
"五百名士兵","0","2","2"
"百名士兵戍","0","2","2"
"济州漕运的","0","2","2"
"派遣右丞相","0","2","2"
"也奉上表章","0","2","2"
"行中书省按","0","2","2"
"中书省按照","0","2","2"
"书省按照旧","0","2","2"
"省按照旧制","0","2","2"
"钱粮的数目","0","2","2"
"百七十二户","0","2","2"
"伯颜派遣使","0","2","2"
"颜派遣使者","0","2","2"
"使者前来奏","0","2","2"
"应当各自安","0","2","2"
"天文历法的","0","2","2"
"他们的名字","0","2","2"
"们的名字都","0","2","2"
"所管辖的州","0","2","2"
"在东郊祭祀","0","2","2"
"东郊祭祀农","0","2","2"
"郊祭祀农神","0","2","2"
"遣发宋朝的","0","2","2"
"对不起你们","0","2","2"
"们所说的那","0","2","2"
"密院副使张","0","2","2"
"院副使张易","0","2","2"
"副使张易兼","0","2","2"
"使张易兼管","0","2","2"
"张易兼管秘","0","2","2"
"易兼管秘书","0","2","2"
"兼管秘书监","0","2","2"
"一个接着一","0","2","2"
"个接着一个","0","2","2"
"宗室福王赵","0","2","2"
"室福王赵与","0","2","2"
"一起入朝觐","0","2","2"
"起入朝觐见","0","2","2"
"谢大元皇帝","0","2","2"
"万户府事务","0","2","2"
"行中书省佥","0","2","2"
"中书省佥事","0","2","2"
"张守智共同","0","2","2"
"的阿里海牙","0","2","2"
"木儿前来朝","0","2","2"
"等人前往上","0","2","2"
"蒙古军将领","0","2","2"
"泰州的新城","0","2","2"
"来进行贸易","0","2","2"
"令把他们隶","0","2","2"
"他们回家休","0","2","2"
"水达达部的","0","2","2"
"每年交纳皮","0","2","2"
"因为平定了","0","2","2"
"为平定了宋","0","2","2"
"平定了宋朝","0","2","2"
"大都督府的","0","2","2"
"赐给伯颜部","0","2","2"
"给伯颜部下","0","2","2"
"缴获战船七","0","2","2"
"中书省派兵","0","2","2"
"他们的党羽","0","2","2"
"率领他的军","0","2","2"
"领他的军队","0","2","2"
"他的军队前","0","2","2"
"军队前来归","0","2","2"
"队前来归顺","0","2","2"
"俸禄为三品","0","2","2"
"充当侍卫军","0","2","2"
"同样地交纳","0","2","2"
"样地交纳赋","0","2","2"
"地交纳赋税","0","2","2"
"命令阿里海","0","2","2"
"阿里海牙出","0","2","2"
"里海牙出征","0","2","2"
"里海牙请求","0","2","2"
"三万名士兵","0","2","2"
"的官员掌管","0","2","2"
"命令太子赞","0","2","2"
"令太子赞善","0","2","2"
"的官员一起","0","2","2"
"许衡这样的","0","2","2"
"路运输粮食","0","2","2"
"粮米三千石","0","2","2"
"张世杰在福","0","2","2"
"世杰在福建","0","2","2"
"担任管军总","0","2","2"
"任管军总管","0","2","2"
"皇帝下诏招","0","2","2"
"的大小官员","0","2","2"
"在北京处置","0","2","2"
"北京处置中","0","2","2"
"京处置中书","0","2","2"
"自己的家乡","0","2","2"
"的儿子阳嗣","0","2","2"
"儿子阳嗣荣","0","2","2"
"诸侯王孛罗","0","2","2"
"相继前来归","0","2","2"
"继前来归附","0","2","2"
"三十三个县","0","2","2"
"带着香烛钱","0","2","2"
"二千名侍卫","0","2","2"
"奥鲁赤为参","0","2","2"
"鲁赤为参知","0","2","2"
"赤为参知政","0","2","2"
"令佛教国师","0","2","2"
"其余的听任","0","2","2"
"听任他们回","0","2","2"
"千名屯田军","0","2","2"
"转运粮食到","0","2","2"
"金星进入斗","0","2","2"
"进入斗宿天","0","2","2"
"入斗宿天区","0","2","2"
"赐给他黄金","0","2","2"
"给他黄金五","0","2","2"
"立下战功者","0","2","2"
"和战死者不","0","2","2"
"改名为贝春","0","2","2"
"妻子儿女可","0","2","2"
"让这些百姓","0","2","2"
"湖泊的赋税","0","2","2"
"升格为上路","0","2","2"
"州重新设置","0","2","2"
"千七百一十","0","2","2"
"均免征今年","0","2","2"
"十四年春季","0","2","2"
"交纳的丝税","0","2","2"
"纳的丝税银","0","2","2"
"命令高丽国","0","2","2"
"精兵一万人","0","2","2"
"的福王赵与","0","2","2"
"师张宗演在","0","2","2"
"在长春宫建","0","2","2"
"长春宫建立","0","2","2"
"们的家属被","0","2","2"
"给予一千锭","0","2","2"
"予一千锭钱","0","2","2"
"收取利息以","0","2","2"
"王只必铁木","0","2","2"
"只必铁木儿","0","2","2"
"的一百二十","0","2","2"
"一百八十锭","0","2","2"
"慰使塔海攻","0","2","2"
"使塔海攻占","0","2","2"
"州二州的城","0","2","2"
"前去讨伐他","0","2","2"
"兼领侍仪司","0","2","2"
"领侍仪司事","0","2","2"
"皇上派使者","0","2","2"
"有利于百姓","0","2","2"
"把行中书省","0","2","2"
"的一万名侍","0","2","2"
"侍卫军返回","0","2","2"
"卫军返回京","0","2","2"
"军返回京师","0","2","2"
"令他们回家","0","2","2"
"派人来上奏","0","2","2"
"的一百四十","0","2","2"
"陈岩入朝觐","0","2","2"
"岩入朝觐见","0","2","2"
"重新设置南","0","2","2"
"违犯者没收","0","2","2"
"犯者没收其","0","2","2"
"他的儿子忽","0","2","2"
"归附的降官","0","2","2"
"并赐予钱钞","0","2","2"
"赐予钱钞一","0","2","2"
"予钱钞一百","0","2","2"
"任命行中书","0","2","2"
"暂署江东道","0","2","2"
"署江东道宣","0","2","2"
"使阿剌罕为","0","2","2"
"阿剌罕为中","0","2","2"
"剌罕为中书","0","2","2"
"罕为中书左","0","2","2"
"均处以死刑","0","2","2"
"诸侯王昔里","0","2","2"
"侯王昔里吉","0","2","2"
"领他的部属","0","2","2"
"伯颜等人的","0","2","2"
"的军队会合","0","2","2"
"任命都元帅","0","2","2"
"西设置行中","0","2","2"
"署理江西宣","0","2","2"
"理江西宣慰","0","2","2"
"慰使塔出为","0","2","2"
"使塔出为右","0","2","2"
"塔出为右丞","0","2","2"
"招讨使也的","0","2","2"
"讨使也的迷","0","2","2"
"使也的迷失","0","2","2"
"蒲寿庚均任","0","2","2"
"攻打司空山","0","2","2"
"使吕文焕为","0","2","2"
"吕文焕为中","0","2","2"
"文焕为中书","0","2","2"
"西川的军队","0","2","2"
"事情被觉察","0","2","2"
"去讨伐他们","0","2","2"
"俘获了他的","0","2","2"
"挑选精锐的","0","2","2"
"没有登记入","0","2","2"
"有登记入籍","0","2","2"
"记入籍的士","0","2","2"
"政事忽都帖","0","2","2"
"事忽都帖木","0","2","2"
"均任中书左","0","2","2"
"文天祥和他","0","2","2"
"皇上下诏把","0","2","2"
"的妻儿送到","0","2","2"
"妻儿送到京","0","2","2"
"儿送到京师","0","2","2"
"给他钱钞一","0","2","2"
"令中书省发","0","2","2"
"江南既然已","0","2","2"
"南既然已经","0","2","2"
"既然已经平","0","2","2"
"然已经平定","0","2","2"
"任命吏部尚","0","2","2"
"别都鲁丁为","0","2","2"
"丁为参知政","0","2","2"
"粮食一万石","0","2","2"
"余党全部被","0","2","2"
"县发生大水","0","2","2"
"例赏赐诸侯","0","2","2"
"钞一百三十","0","2","2"
"一百三十锭","0","2","2"
"一万零一百","0","2","2"
"被判处死刑","0","2","2"
"刑的罪犯三","0","2","2"
"的罪犯三十","0","2","2"
"人到中书省","0","2","2"
"聚流落无主","0","2","2"
"落无主的汉","0","2","2"
"免去他们的","0","2","2"
"事奏闻皇上","0","2","2"
"饮酒的禁令","0","2","2"
"西王相府上","0","2","2"
"仓库的官吏","0","2","2"
"有才能的官","0","2","2"
"才能的官员","0","2","2"
"御史台的文","0","2","2"
"重庆等地的","0","2","2"
"庆等地的州","0","2","2"
"宋的广王赵","0","2","2"
"命令扬州行","0","2","2"
"行中书省挑","0","2","2"
"中书省挑选","0","2","2"
"当兵打仗的","0","2","2"
"让他们屯田","0","2","2"
"道宣慰司派","0","2","2"
"令参知政事","0","2","2"
"司农司的事","0","2","2"
"万名士卒征","0","2","2"
"们钱钞二万","0","2","2"
"能干的官员","0","2","2"
"宣徽院同知","0","2","2"
"子前来京师","0","2","2"
"所辖地区的","0","2","2"
"派遣使者到","0","2","2"
"近来因为江","0","2","2"
"官只能担任","0","2","2"
"慰司的官员","0","2","2"
"的官员不得","0","2","2"
"臣共同商议","0","2","2"
"附近的州郡","0","2","2"
"由行御史台","0","2","2"
"按察司勘问","0","2","2"
"由提刑按察","0","2","2"
"于云南行中","0","2","2"
"诏令行御史","0","2","2"
"设置的官员","0","2","2"
"的官员数目","0","2","2"
"所带的宰相","0","2","2"
"它的事务隶","0","2","2"
"原来的官员","0","2","2"
"任执政大臣","0","2","2"
"官吏太冗杂","0","2","2"
"左右的人说","0","2","2"
"于是命平章","0","2","2"
"是命平章政","0","2","2"
"宣谕中书省","0","2","2"
"佩戴虎符的","0","2","2"
"一千名蒙古","0","2","2"
"以及张世杰","0","2","2"
"行中书省调","0","2","2"
"一千二百七","0","2","2"
"路总管府改","0","2","2"
"没有识字的","0","2","2"
"州行省任职","0","2","2"
"政事李恒为","0","2","2"
"名士兵交付","0","2","2"
"士兵交付给","0","2","2"
"任湖北道宣","0","2","2"
"所接受的委","0","2","2"
"接受的委任","0","2","2"
"受的委任状","0","2","2"
"出使安南国","0","2","2"
"受了张世杰","0","2","2"
"了张世杰的","0","2","2"
"没收了他的","0","2","2"
"收了他的家","0","2","2"
"一共三十三","0","2","2"
"十分之二的","0","2","2"
"分之二的家","0","2","2"
"些依仗权势","0","2","2"
"各户的余丁","0","2","2"
"北京等地宣","0","2","2"
"京等地宣慰","0","2","2"
"等地宣慰司","0","2","2"
"善良的百姓","0","2","2"
"万户府上奏","0","2","2"
"户府上奏说","0","2","2"
"任荆湖北道","0","2","2"
"军队和百姓","0","2","2"
"纳了这个意","0","2","2"
"马的儿子忽","0","2","2"
"二千锭钱钞","0","2","2"
"兵前去讨伐","0","2","2"
"氏鬼国国王","0","2","2"
"鬼国国王阿","0","2","2"
"中书省的一","0","2","2"
"经过的州县","0","2","2"
"骑兵五百人","0","2","2"
"俘获文天祥","0","2","2"
"共一百三十","0","2","2"
"依旧隶属于","0","2","2"
"举行七天七","0","2","2"
"行七天七夜","0","2","2"
"七天七夜的","0","2","2"
"降下冰雹伤","0","2","2"
"下冰雹伤害","0","2","2"
"他的佥议中","0","2","2"
"的佥议中赞","0","2","2"
"汪良臣上奏","0","2","2"
"良臣上奏说","0","2","2"
"依从他的请","0","2","2"
"从他的请求","0","2","2"
"里海牙入朝","0","2","2"
"海牙入朝觐","0","2","2"
"牙入朝觐见","0","2","2"
"随从大军征","0","2","2"
"诏令赐给他","0","2","2"
"令赐给他们","0","2","2"
"量不等的钱","0","2","2"
"进献地方特","0","2","2"
"王的丞相李","0","2","2"
"的丞相李德","0","2","2"
"到合州城下","0","2","2"
"的前因后果","0","2","2"
"为四川北道","0","2","2"
"庆等路为四","0","2","2"
"为四川南道","0","2","2"
"钱钞三万九","0","2","2"
"的金银财宝","0","2","2"
"赐给皇子奥","0","2","2"
"给皇子奥鲁","0","2","2"
"的籍田中祭","0","2","2"
"籍田中祭祀","0","2","2"
"用以赈济饥","0","2","2"
"中书省检查","0","2","2"
"御史台呈报","0","2","2"
"征伐日本国","0","2","2"
"遣五千名士","0","2","2"
"亡宋的降臣","0","2","2"
"令道教宗师","0","2","2"
"道教宗师张","0","2","2"
"运司的文卷","0","2","2"
"饶州路镇守","0","2","2"
"由官府供应","0","2","2"
"南逃亡百姓","0","2","2"
"一千零七十","0","2","2"
"千零七十八","0","2","2"
"大臣请求任","0","2","2"
"臣请求任命","0","2","2"
"钱钞五万锭","0","2","2"
"归附的州郡","0","2","2"
"四渎和后土","0","2","2"
"们全部前往","0","2","2"
"招降西南各","0","2","2"
"减免这年的","0","2","2"
"年的田租三","0","2","2"
"的田租三千","0","2","2"
"田租三千一","0","2","2"
"路镇守官阿","0","2","2"
"土星干犯键","0","2","2"
"应当让这些","0","2","2"
"专管赋税方","0","2","2"
"管赋税方面","0","2","2"
"赋税方面的","0","2","2"
"税方面的事","0","2","2"
"招降海外各","0","2","2"
"降海外各藩","0","2","2"
"减免今年田","0","2","2"
"免今年田租","0","2","2"
"按数交纳租","0","2","2"
"数交纳租税","0","2","2"
"司所管辖的","0","2","2"
"白银二十五","0","2","2"
"敕令江南的","0","2","2"
"通安等十处","0","2","2"
"安等十处驿","0","2","2"
"等十处驿站","0","2","2"
"其乘坐驿传","0","2","2"
"往来的使臣","0","2","2"
"钱钞一千八","0","2","2"
"予钱钞五十","0","2","2"
"共五天五夜","0","2","2"
"亲王的相府","0","2","2"
"各少数民族","0","2","2"
"为浙东宣慰","0","2","2"
"敕令建造战","0","2","2"
"令建造战船","0","2","2"
"帖木儿上奏","0","2","2"
"新归附的民","0","2","2"
"归附的民户","0","2","2"
"纳速剌丁率","0","2","2"
"速剌丁率领","0","2","2"
"十一万零二","0","2","2"
"向皇帝献上","0","2","2"
"一千人疏浚","0","2","2"
"千人疏浚河","0","2","2"
"的差役繁重","0","2","2"
"户充当驿站","0","2","2"
"等奋力作战","0","2","2"
"人白银五十","0","2","2"
"白银一百两","0","2","2"
"任命阿合马","0","2","2"
"给钱钞十锭","0","2","2"
"江南地区的","0","2","2"
"二千名蒙古","0","2","2"
"十万零一千","0","2","2"
"下诏派遣牙","0","2","2"
"到江南访求","0","2","2"
"生水旱灾害","0","2","2"
"减免今年的","0","2","2"
"免今年的田","0","2","2"
"范文虎上奏","0","2","2"
"文虎上奏说","0","2","2"
"命征伐日本","0","2","2"
"一起带着诏","0","2","2"
"起带着诏书","0","2","2"
"海盗贺文达","0","2","2"
"赐给范文虎","0","2","2"
"儿为监印官","0","2","2"
"王阿只吉粮","0","2","2"
"出征的军人","0","2","2"
"的士卒一千","0","2","2"
"士卒一千人","0","2","2"
"亲王相府的","0","2","2"
"总管这件事","0","2","2"
"诏派使臣去","0","2","2"
"派使臣去招","0","2","2"
"领自己的部","0","2","2"
"行中书省钱","0","2","2"
"中书省钱钞","0","2","2"
"书省钱钞一","0","2","2"
"干犯太微垣","0","2","2"
"犯太微垣西","0","2","2"
"御史台以及","0","2","2"
"史台以及各","0","2","2"
"再奏闻皇帝","0","2","2"
"中一百四十","0","2","2"
"如果不依法","0","2","2"
"前往晓谕安","0","2","2"
"往晓谕安南","0","2","2"
"外各藩国的","0","2","2"
"回回等族人","0","2","2"
"下诏禁止他","0","2","2"
"诏禁止他们","0","2","2"
"禁止他们这","0","2","2"
"止他们这样","0","2","2"
"他们这样做","0","2","2"
"晓谕占城国","0","2","2"
"他亲自前来","0","2","2"
"州路降格为","0","2","2"
"百零八人在","0","2","2"
"处死刑的囚","0","2","2"
"死刑的囚徒","0","2","2"
"命令万户綦","0","2","2"
"令万户綦公","0","2","2"
"使百姓不安","0","2","2"
"遣放他们为","0","2","2"
"放他们为民","0","2","2"
"命令和礼霍","0","2","2"
"令和礼霍孙","0","2","2"
"和礼霍孙率","0","2","2"
"往北部边疆","0","2","2"
"行省的军队","0","2","2"
"令纳速剌丁","0","2","2"
"兵一万人征","0","2","2"
"人征伐缅国","0","2","2"
"请求告老还","0","2","2"
"求告老还乡","0","2","2"
"皇帝同意了","0","2","2"
"的行省长官","0","2","2"
"的贫民以及","0","2","2"
"秩禄为从二","0","2","2"
"禄为从二品","0","2","2"
"向皇帝上奏","0","2","2"
"伐罗氏鬼国","0","2","2"
"在畏兀儿境","0","2","2"
"畏兀儿境内","0","2","2"
"忙古带等人","0","2","2"
"子南木合部","0","2","2"
"南木合部下","0","2","2"
"等路的百姓","0","2","2"
"的百姓重新","0","2","2"
"州的灵壁县","0","2","2"
"敕令阿里海","0","2","2"
"千名士兵戍","0","2","2"
"木儿请求在","0","2","2"
"沙州的民户","0","2","2"
"的汉军士兵","0","2","2"
"药剌海率领","0","2","2"
"王王贝春因","0","2","2"
"令他们屯田","0","2","2"
"大家的意见","0","2","2"
"诏令御史台","0","2","2"
"令御史台选","0","2","2"
"去检查核实","0","2","2"
"撤销上都的","0","2","2"
"辎重营官员","0","2","2"
"讨伐日本的","0","2","2"
"派遣不鲁合","0","2","2"
"遣不鲁合答","0","2","2"
"改属于淮安","0","2","2"
"属于淮安路","0","2","2"
"力作战的将","0","2","2"
"作战的将士","0","2","2"
"使帖木儿不","0","2","2"
"不让他们服","0","2","2"
"司把治所迁","0","2","2"
"把治所迁回","0","2","2"
"阴星掩蔽房","0","2","2"
"星掩蔽房宿","0","2","2"
"因为高丽国","0","2","2"
"侍卫军士兵","0","2","2"
"卫军士兵修","0","2","2"
"等立下战功","0","2","2"
"到军中效力","0","2","2"
"府改为蒙古","0","2","2"
"均派遣使臣","0","2","2"
"路总管之职","0","2","2"
"给西平王的","0","2","2"
"王王贝春前","0","2","2"
"王贝春前来","0","2","2"
"贝春前来朝","0","2","2"
"春前来朝见","0","2","2"
"里吉思等人","0","2","2"
"供给饮食的","0","2","2"
"加授高丽国","0","2","2"
"士兵征伐日","0","2","2"
"兵征伐日本","0","2","2"
"征伐亦奚不","0","2","2"
"伐亦奚不薛","0","2","2"
"给右丞洪茶","0","2","2"
"的征伐日本","0","2","2"
"伐日本的新","0","2","2"
"日本的新附","0","2","2"
"本的新附军","0","2","2"
"把司署设置","0","2","2"
"司署设置在","0","2","2"
"官府供给他","0","2","2"
"府供给他们","0","2","2"
"不花为右丞","0","2","2"
"令亦奚不薛","0","2","2"
"派遣使臣招","0","2","2"
"遣使臣招降","0","2","2"
"招降爪哇国","0","2","2"
"孙等人上奏","0","2","2"
"国都派遣使","0","2","2"
"都派遣使臣","0","2","2"
"予他们钱钞","0","2","2"
"地方的百姓","0","2","2"
"令他的子弟","0","2","2"
"高丽国征伐","0","2","2"
"丽国征伐日","0","2","2"
"国征伐日本","0","2","2"
"予征伐日本","0","2","2"
"出使木剌由","0","2","2"
"使木剌由国","0","2","2"
"木剌由国的","0","2","2"
"罗氏鬼国的","0","2","2"
"遣一千名士","0","2","2"
"新恢复为民","0","2","2"
"恢复为民户","0","2","2"
"免征他们三","0","2","2"
"征他们三年","0","2","2"
"征伐也可不","0","2","2"
"伐也可不薛","0","2","2"
"不薛的军队","0","2","2"
"举行盛大的","0","2","2"
"颁发给各路","0","2","2"
"监的秩禄提","0","2","2"
"庆路隶属于","0","2","2"
"王阿只吉等","0","2","2"
"阿只吉等人","0","2","2"
"贝春派遣使","0","2","2"
"春派遣使臣","0","2","2"
"车驾临幸柳","0","2","2"
"驾临幸柳林","0","2","2"
"赈济受灾的","0","2","2"
"于安西行省","0","2","2"
"升为从二品","0","2","2"
"调发粮食一","0","2","2"
"余石赈济饥","0","2","2"
"本的军队衣","0","2","2"
"通政院官员","0","2","2"
"具姓名上奏","0","2","2"
"姓名上奏朝","0","2","2"
"名上奏朝廷","0","2","2"
"车驾返回皇","0","2","2"
"驾返回皇宫","0","2","2"
"使兼招讨使","0","2","2"
"也的迷失为","0","2","2"
"迷失为参知","0","2","2"
"失为参知政","0","2","2"
"租税的一半","0","2","2"
"把军器监的","0","2","2"
"云南的军队","0","2","2"
"千六百石粮","0","2","2"
"六百石粮食","0","2","2"
"百石粮食赈","0","2","2"
"别十八里设","0","2","2"
"木星干犯右","0","2","2"
"一百四十二","0","2","2"
"赐给他们粮","0","2","2"
"为他们赎回","0","2","2"
"隶属于四川","0","2","2"
"和百姓同样","0","2","2"
"田以自给自","0","2","2"
"以自给自足","0","2","2"
"征讨日本的","0","2","2"
"日本的行中","0","2","2"
"本的行中书","0","2","2"
"因为阿剌罕","0","2","2"
"署理御史台","0","2","2"
"赐给皇子南","0","2","2"
"给皇子南木","0","2","2"
"的汉军一千","0","2","2"
"回回族炮手","0","2","2"
"数以万计的","0","2","2"
"占城国前来","0","2","2"
"城国前来进","0","2","2"
"命令天师张","0","2","2"
"令天师张宗","0","2","2"
"惑星干犯司","0","2","2"
"阿塔海请求","0","2","2"
"升格为从三","0","2","2"
"格为从三品","0","2","2"
"中书省裁减","0","2","2"
"国进贡地方","0","2","2"
"的军人钱钞","0","2","2"
"安西王府的","0","2","2"
"帖木儿为参","0","2","2"
"下诏晓谕天","0","2","2"
"诏晓谕天下","0","2","2"
"海船一百艘","0","2","2"
"和礼霍孙的","0","2","2"
"礼霍孙的意","0","2","2"
"霍孙的意见","0","2","2"
"派翰林学士","0","2","2"
"等地的屯田","0","2","2"
"从北部边境","0","2","2"
"征伐日本回","0","2","2"
"二十三名将","0","2","2"
"以及数额不","0","2","2"
"及数额不等","0","2","2"
"丽国王请求","0","2","2"
"锭钱钞以进","0","2","2"
"钱钞以进行","0","2","2"
"返回的军队","0","2","2"
"阴星遮蔽心","0","2","2"
"星遮蔽心宿","0","2","2"
"遮蔽心宿的","0","2","2"
"蔽心宿的东","0","2","2"
"心宿的东星","0","2","2"
"的新附军钱","0","2","2"
"任命瓮吉剌","0","2","2"
"命瓮吉剌带","0","2","2"
"瓮吉剌带为","0","2","2"
"吉剌带为中","0","2","2"
"剌带为中书","0","2","2"
"付给他们工","0","2","2"
"元十八年以","0","2","2"
"十八年以前","0","2","2"
"税全部免征","0","2","2"
"抄没家产的","0","2","2"
"没家产的民","0","2","2"
"家产的民户","0","2","2"
"给别十八里","0","2","2"
"没有征收的","0","2","2"
"有二十七万","0","2","2"
"监的俸禄升","0","2","2"
"的俸禄升格","0","2","2"
"俸禄升格为","0","2","2"
"撤销提举司","0","2","2"
"人私藏武器","0","2","2"
"忽都答儿等","0","2","2"
"自己的私财","0","2","2"
"每年交纳的","0","2","2"
"任枢密院同","0","2","2"
"他们前来京","0","2","2"
"们前来京师","0","2","2"
"立即将他们","0","2","2"
"任期届满即","0","2","2"
"掌工部的事","0","2","2"
"由于阿合马","0","2","2"
"帖木儿统率","0","2","2"
"统率军队的","0","2","2"
"县发生饥荒","0","2","2"
"担任右丞相","0","2","2"
"史台上奏说","0","2","2"
"降附的百姓","0","2","2"
"官府的钱粮","0","2","2"
"登记江南的","0","2","2"
"他们交纳赋","0","2","2"
"以代替他们","0","2","2"
"朝内外的官","0","2","2"
"从今以后不","0","2","2"
"书省各部的","0","2","2"
"共七百一十","0","2","2"
"七百一十四","0","2","2"
"一百三十三","0","2","2"
"的五百八十","0","2","2"
"收阿合马的","0","2","2"
"阿合马的罪","0","2","2"
"砍斫他的尸","0","2","2"
"斫他的尸体","0","2","2"
"运司及财赋","0","2","2"
"司及财赋府","0","2","2"
"用锁链羁押","0","2","2"
"由官府付给","0","2","2"
"他们的赋役","0","2","2"
"中书省集中","0","2","2"
"阿合马随意","0","2","2"
"的官府二百","0","2","2"
"南宣慰司的","0","2","2"
"供给衣服粮","0","2","2"
"给衣服粮食","0","2","2"
"官府没收的","0","2","2"
"儿为都元帅","0","2","2"
"士兵一千名","0","2","2"
"昌路镇守官","0","2","2"
"速帖木儿为","0","2","2"
"乞里吉思的","0","2","2"
"赐给新附军","0","2","2"
"仍旧佩戴虎","0","2","2"
"旧佩戴虎符","0","2","2"
"任管军万户","0","2","2"
"罗罗斯部的","0","2","2"
"和礼霍孙请","0","2","2"
"礼霍孙请求","0","2","2"
"粮米以赈济","0","2","2"
"他们返回家","0","2","2"
"们返回家乡","0","2","2"
"阿合马的党","0","2","2"
"淘汰多余的","0","2","2"
"依从了他的","0","2","2"
"扬州行省的","0","2","2"
"使节奉上表","0","2","2"
"节奉上表章","0","2","2"
"掌管仓库的","0","2","2"
"管仓库的官","0","2","2"
"者处以杖刑","0","2","2"
"军中的站户","0","2","2"
"奚不薛的军","0","2","2"
"的军队前往","0","2","2"
"参知政事之","0","2","2"
"黄金五千两","0","2","2"
"阿合马党羽","0","2","2"
"各道的提刑","0","2","2"
"任命完泽为","0","2","2"
"没收的财产","0","2","2"
"其余的交给","0","2","2"
"赐给他衣服","0","2","2"
"管军万户兼","0","2","2"
"军万户兼管","0","2","2"
"四川的民户","0","2","2"
"宣慰司迁到","0","2","2"
"五品以下的","0","2","2"
"耶律铸上奏","0","2","2"
"律铸上奏说","0","2","2"
"他们的父母","0","2","2"
"封为衍圣公","0","2","2"
"奴仆杀害主","0","2","2"
"犯有死罪的","0","2","2"
"府重新隶属","0","2","2"
"派遣使臣携","0","2","2"
"遣使臣携带","0","2","2"
"方特产前来","0","2","2"
"特产前来进","0","2","2"
"原郡公赵与","0","2","2"
"郡公赵与芮","0","2","2"
"赐给瀛国公","0","2","2"
"史中丞崔上","0","2","2"
"中丞崔上奏","0","2","2"
"丞崔上奏说","0","2","2"
"王公将相也","0","2","2"
"臣认为御史","0","2","2"
"认为御史台","0","2","2"
"为御史台的","0","2","2"
"用汉人十六","0","2","2"
"用蒙古人十","0","2","2"
"把它的职责","0","2","2"
"运司的官员","0","2","2"
"的田租赋税","0","2","2"
"元二十年春","0","2","2"
"从今以后所","0","2","2"
"让皇上知道","0","2","2"
"任命阿塔海","0","2","2"
"担任征东行","0","2","2"
"千锭钱钞在","0","2","2"
"去年发生旱","0","2","2"
"年发生旱灾","0","2","2"
"令中书省和","0","2","2"
"百姓疲于运","0","2","2"
"姓疲于运输","0","2","2"
"马赤军一万","0","2","2"
"赤军一万人","0","2","2"
"钱钞八千锭","0","2","2"
"隶属于皇太","0","2","2"
"属于皇太子","0","2","2"
"别十八里的","0","2","2"
"金星干犯昴","0","2","2"
"军官的规格","0","2","2"
"酋长派遣他","0","2","2"
"长派遣他的","0","2","2"
"情况自行处","0","2","2"
"诸侯王胜纳","0","2","2"
"侯王胜纳合","0","2","2"
"王胜纳合儿","0","2","2"
"福建归附之","0","2","2"
"任命新归附","0","2","2"
"命新归附的","0","2","2"
"和中书省的","0","2","2"
"戍守甘州的","0","2","2"
"为湖南宣慰","0","2","2"
"中丞也先帖","0","2","2"
"丞也先帖木","0","2","2"
"立别十八里","0","2","2"
"万名侍卫亲","0","2","2"
"共同征伐日","0","2","2"
"同征伐日本","0","2","2"
"招讨使张王","0","2","2"
"讨使张王宣","0","2","2"
"日本的事宜","0","2","2"
"允许按察司","0","2","2"
"核实万亿库","0","2","2"
"被监禁的人","0","2","2"
"军征伐日本","0","2","2"
"万名士兵前","0","2","2"
"建立征东行","0","2","2"
"的军队衣服","0","2","2"
"民不聊生所","0","2","2"
"伐缅国的军","0","2","2"
"处驿站供给","0","2","2"
"马价钱钞十","0","2","2"
"请求增兵讨","0","2","2"
"求增兵讨伐","0","2","2"
"兵讨伐占城","0","2","2"
"忙古带请求","0","2","2"
"古带请求增","0","2","2"
"增加官吏的","0","2","2"
"加官吏的俸","0","2","2"
"取十分之一","0","2","2"
"大都的城垣","0","2","2"
"等人的意见","0","2","2"
"他们的酋长","0","2","2"
"在这些地方","0","2","2"
"这些地方建","0","2","2"
"些地方建立","0","2","2"
"没有交纳的","0","2","2"
"设立亦奚不","0","2","2"
"立亦奚不薛","0","2","2"
"把亦奚不薛","0","2","2"
"犯司怪星官","0","2","2"
"一百四十人","0","2","2"
"取六十分之","0","2","2"
"六十分之一","0","2","2"
"南国派遣使","0","2","2"
"以当地特产","0","2","2"
"木星干犯钩","0","2","2"
"王子北安王","0","2","2"
"行省合并为","0","2","2"
"省合并为一","0","2","2"
"遣一万名士","0","2","2"
"惑星干犯鬼","0","2","2"
"消除盗贼的","0","2","2"
"盗贼的办法","0","2","2"
"把这件事交","0","2","2"
"给鹰坊中的","0","2","2"
"的新附军三","0","2","2"
"散为枢密院","0","2","2"
"的士兵回家","0","2","2"
"士兵回家准","0","2","2"
"兵回家准备","0","2","2"
"把从占城逃","0","2","2"
"从占城逃回","0","2","2"
"占城逃回的","0","2","2"
"领扬州行省","0","2","2"
"的贫困户钱","0","2","2"
"贫困户钱钞","0","2","2"
"认为这样做","0","2","2"
"归附朝廷后","0","2","2"
"的二十四城","0","2","2"
"的权豪势要","0","2","2"
"从诸侯王术","0","2","2"
"以表彰他们","0","2","2"
"表彰他们的","0","2","2"
"诸侯王浑都","0","2","2"
"侯王浑都帖","0","2","2"
"万锭钱钞在","0","2","2"
"把新归附的","0","2","2"
"到内地的州","0","2","2"
"撤销云南都","0","2","2"
"销云南都元","0","2","2"
"京师做人质","0","2","2"
"罪犯共二百","0","2","2"
"犯共二百七","0","2","2"
"共二百七十","0","2","2"
"驾临大明殿","0","2","2"
"丞相和礼霍","0","2","2"
"相和礼霍孙","0","2","2"
"原来所管辖","0","2","2"
"来所管辖的","0","2","2"
"阔阔你敦上","0","2","2"
"阔你敦上奏","0","2","2"
"你敦上奏说","0","2","2"
"在芍陂屯田","0","2","2"
"万五千多石","0","2","2"
"士兵二千人","0","2","2"
"当时诸侯王","0","2","2"
"造二百艘船","0","2","2"
"官员各一人","0","2","2"
"携带诏书出","0","2","2"
"带诏书出使","0","2","2"
"们所说的话","0","2","2"
"的话固然是","0","2","2"
"话固然是对","0","2","2"
"固然是对的","0","2","2"
"中难道没有","0","2","2"
"由皇上决定","0","2","2"
"告诫他们说","0","2","2"
"河道的工程","0","2","2"
"艘战船协助","0","2","2"
"战船协助征","0","2","2"
"船协助征伐","0","2","2"
"命令江西行","0","2","2"
"令江西行省","0","2","2"
"淮行省的治","0","2","2"
"以一万锭钱","0","2","2"
"前来朝见皇","0","2","2"
"向什么地方","0","2","2"
"人奉上表章","0","2","2"
"章前来朝廷","0","2","2"
"赋的十分之","0","2","2"
"的十分之二","0","2","2"
"以前拖欠未","0","2","2"
"前拖欠未交","0","2","2"
"欠未交的赋","0","2","2"
"未交的赋税","0","2","2"
"事情觉察后","0","2","2"
"马儿等人的","0","2","2"
"派遣河西的","0","2","2"
"行御史台从","0","2","2"
"各地按察司","0","2","2"
"按察司不得","0","2","2"
"火亘派遣他","0","2","2"
"亘派遣他的","0","2","2"
"派遣他的中","0","2","2"
"遣他的中大","0","2","2"
"他的中大夫","0","2","2"
"派遣使臣分","0","2","2"
"制定历法的","0","2","2"
"都元帅府改","0","2","2"
"为蒙古都万","0","2","2"
"为回回炮手","0","2","2"
"自己的部下","0","2","2"
"设立衍福司","0","2","2"
"当地特产前","0","2","2"
"地特产前来","0","2","2"
"汪惟正上奏","0","2","2"
"惟正上奏说","0","2","2"
"玉龙帖木儿","0","2","2"
"云南行省上","0","2","2"
"南行省上奏","0","2","2"
"万户府镇守","0","2","2"
"户府镇守官","0","2","2"
"与蒙古人相","0","2","2"
"蒙古人相同","0","2","2"
"与汉人相同","0","2","2"
"把市舶司合","0","2","2"
"舶司合并入","0","2","2"
"建行省的军","0","2","2"
"该行省左丞","0","2","2"
"左丞忽剌出","0","2","2"
"总管杨琏真","0","2","2"
"管杨琏真加","0","2","2"
"二千名探马","0","2","2"
"命中书省讨","0","2","2"
"粮食的钱钞","0","2","2"
"钱钞一万四","0","2","2"
"十一月十一","0","2","2"
"一月十一日","0","2","2"
"命范文虎为","0","2","2"
"卢世荣上奏","0","2","2"
"世荣上奏说","0","2","2"
"省派遣使者","0","2","2"
"产前来朝贡","0","2","2"
"年的租税和","0","2","2"
"钱钞十二万","0","2","2"
"设置万户府","0","2","2"
"赐给贫困的","0","2","2"
"迁徙到京师","0","2","2"
"派遣五卫军","0","2","2"
"祀天的祭坛","0","2","2"
"密院事务的","0","2","2"
"丞撒里蛮为","0","2","2"
"属于行御史","0","2","2"
"于行御史台","0","2","2"
"的按察司隶","0","2","2"
"司隶属于御","0","2","2"
"隶属于御史","0","2","2"
"属于御史台","0","2","2"
"的意见办理","0","2","2"
"卢世荣请求","0","2","2"
"中书省设立","0","2","2"
"师的近郊行","0","2","2"
"的近郊行猎","0","2","2"
"驻扎在富良","0","2","2"
"扎在富良江","0","2","2"
"在富良江北","0","2","2"
"日火亘率领","0","2","2"
"一千多艘战","0","2","2"
"千多艘战船","0","2","2"
"陈日火亘逃","0","2","2"
"增加济州漕","0","2","2"
"加济州漕运","0","2","2"
"漕运的船只","0","2","2"
"人的一轮回","0","2","2"
"的一轮回家","0","2","2"
"月再来服役","0","2","2"
"隶属于荆湖","0","2","2"
"罗甸隶属于","0","2","2"
"江淮的粮米","0","2","2"
"为提刑转运","0","2","2"
"安童和老臣","0","2","2"
"童和老臣们","0","2","2"
"户百姓赐给","0","2","2"
"书省大臣说","0","2","2"
"江南的盗贼","0","2","2"
"御史台进行","0","2","2"
"御史台与江","0","2","2"
"史台与江浙","0","2","2"
"台与江浙行","0","2","2"
"宣慰司兼都","0","2","2"
"慰司兼都转","0","2","2"
"司兼都转运","0","2","2"
"兼都转运使","0","2","2"
"们的姓名上","0","2","2"
"职俸为从五","0","2","2"
"俸为从五品","0","2","2"
"上都经商的","0","2","2"
"在畏兀儿地","0","2","2"
"畏兀儿地区","0","2","2"
"派遣中书省","0","2","2"
"撒的迷失等","0","2","2"
"六部的官员","0","2","2"
"质子军士兵","0","2","2"
"行御史台重","0","2","2"
"御史台重新","0","2","2"
"敬献灵芝草","0","2","2"
"千锭钱钞前","0","2","2"
"锭钱钞前往","0","2","2"
"往马八儿国","0","2","2"
"屯田的新附","0","2","2"
"田的新附军","0","2","2"
"亦集乃地方","0","2","2"
"伐安南的士","0","2","2"
"安南的士兵","0","2","2"
"兵回家休息","0","2","2"
"令他们自己","0","2","2"
"及征伐缅国","0","2","2"
"属于夔州路","0","2","2"
"官府祭祀北","0","2","2"
"府祭祀北斗","0","2","2"
"职俸为从二","0","2","2"
"俸为从二品","0","2","2"
"恐怕会因此","0","2","2"
"一石米的酒","0","2","2"
"由政府收取","0","2","2"
"任百姓自己","0","2","2"
"有固定产业","0","2","2"
"固定产业的","0","2","2"
"是当地所产","0","2","2"
"当地所产的","0","2","2"
"敕令征伐安","0","2","2"
"令征伐安南","0","2","2"
"派遣三百名","0","2","2"
"用五千锭钱","0","2","2"
"令晓谕他们","0","2","2"
"南王也先帖","0","2","2"
"杨兀鲁带率","0","2","2"
"兀鲁带率领","0","2","2"
"鲁带率领一","0","2","2"
"带率领一万","0","2","2"
"领一万人征","0","2","2"
"忙兀带担任","0","2","2"
"史台大臣认","0","2","2"
"台大臣认为","0","2","2"
"州的百姓饥","0","2","2"
"万零四百石","0","2","2"
"个月的口粮","0","2","2"
"月的口粮赈","0","2","2"
"的口粮赈济","0","2","2"
"蛮夷的宣抚","0","2","2"
"从平定江南","0","2","2"
"自己的职责","0","2","2"
"钱粮的官员","0","2","2"
"阻挠这件事","0","2","2"
"行省的军用","0","2","2"
"省的军用物","0","2","2"
"一百二十三","0","2","2"
"江淮行省以","0","2","2"
"皇太子去世","0","2","2"
"裁减合剌章","0","2","2"
"的军队回来","0","2","2"
"赏赐皇子脱","0","2","2"
"赐诸侯王阿","0","2","2"
"总计羊马价","0","2","2"
"计羊马价钱","0","2","2"
"钱钞三万七","0","2","2"
"省右丞的职","0","2","2"
"右丞的职务","0","2","2"
"宋朝皇室的","0","2","2"
"伐安南的事","0","2","2"
"名新附军在","0","2","2"
"州降格为县","0","2","2"
"侯王小薛部","0","2","2"
"合剌章地方","0","2","2"
"剌章地方的","0","2","2"
"院的职俸升","0","2","2"
"的职俸升格","0","2","2"
"职俸升格为","0","2","2"
"俸升格为正","0","2","2"
"升格为正二","0","2","2"
"格为正二品","0","2","2"
"大臣的意见","0","2","2"
"的官员每年","0","2","2"
"四个地方的","0","2","2"
"个行省的士","0","2","2"
"行省的士兵","0","2","2"
"平章政事奥","0","2","2"
"章政事奥鲁","0","2","2"
"政事奥鲁赤","0","2","2"
"参用南方人","0","2","2"
"铁木儿回答","0","2","2"
"益稷为安南","0","2","2"
"稷为安南国","0","2","2"
"秀山爰为辅","0","2","2"
"山爰为辅义","0","2","2"
"爰为辅义公","0","2","2"
"隶属于东宫","0","2","2"
"与行御史台","0","2","2"
"公正廉洁的","0","2","2"
"的知名之士","0","2","2"
"饮食的费用","0","2","2"
"从官员们的","0","2","2"
"各路的财赋","0","2","2"
"速剌丁上奏","0","2","2"
"现在诸侯王","0","2","2"
"木为平章政","0","2","2"
"我的意思告","0","2","2"
"的意思告诉","0","2","2"
"北方的汉人","0","2","2"
"帖木儿商议","0","2","2"
"及诸侯王阿","0","2","2"
"太微西垣的","0","2","2"
"微西垣的上","0","2","2"
"西垣的上将","0","2","2"
"垣的上将星","0","2","2"
"迁移到重庆","0","2","2"
"各路的马匹","0","2","2"
"为中书省平","0","2","2"
"高丽国派遣","0","2","2"
"丽国派遣使","0","2","2"
"蛮等人出使","0","2","2"
"采纳中书省","0","2","2"
"书省大臣的","0","2","2"
"属于官府的","0","2","2"
"被豪强所占","0","2","2"
"豪强所占有","0","2","2"
"绢帛各二千","0","2","2"
"省忙兀带上","0","2","2"
"忙兀带上奏","0","2","2"
"兀带上奏说","0","2","2"
"的百姓发生","0","2","2"
"百姓发生饥","0","2","2"
"姓发生饥馑","0","2","2"
"米粮赈济他","0","2","2"
"运送一万石","0","2","2"
"送一万石米","0","2","2"
"一万石米前","0","2","2"
"万石米前去","0","2","2"
"一千石米赈","0","2","2"
"右丞均为一","0","2","2"
"丞均为一人","0","2","2"
"知政事二人","0","2","2"
"佥事均为二","0","2","2"
"事均为二人","0","2","2"
"行御史台相","0","2","2"
"钱钞二万九","0","2","2"
"光州隶属于","0","2","2"
"表章前来觐","0","2","2"
"章前来觐见","0","2","2"
"所迁移到杭","0","2","2"
"阴星干犯建","0","2","2"
"星干犯建星","0","2","2"
"千名士卒戍","0","2","2"
"名士卒戍守","0","2","2"
"赐给合迷里","0","2","2"
"耕牛和种子","0","2","2"
"合迷里的百","0","2","2"
"迷里的百姓","0","2","2"
"数目奏闻皇","0","2","2"
"其余的按照","0","2","2"
"余的按照你","0","2","2"
"遣新归附的","0","2","2"
"别十八里屯","0","2","2"
"就在当地设","0","2","2"
"先铁木儿为","0","2","2"
"金星干犯亢","0","2","2"
"阿八赤为征","0","2","2"
"为征讨安南","0","2","2"
"税二万五千","0","2","2"
"广行省的钱","0","2","2"
"降低价格卖","0","2","2"
"低价格卖给","0","2","2"
"价格卖给贫","0","2","2"
"格卖给贫苦","0","2","2"
"卖给贫苦百","0","2","2"
"钱钞五万六","0","2","2"
"刑的罪囚共","0","2","2"
"疏浚河西务","0","2","2"
"用于漕运的","0","2","2"
"于漕运的河","0","2","2"
"的徭役和赋","0","2","2"
"徭役和赋税","0","2","2"
"接受诸侯王","0","2","2"
"新附军士卒","0","2","2"
"随阿八赤讨","0","2","2"
"阿八赤讨伐","0","2","2"
"八赤讨伐安","0","2","2"
"赤讨伐安南","0","2","2"
"令调遣江淮","0","2","2"
"给六千石米","0","2","2"
"粮仓的粮食","0","2","2"
"行省大司农","0","2","2"
"省大司农司","0","2","2"
"奏请皇上赏","0","2","2"
"请皇上赏赐","0","2","2"
"马八儿国进","0","2","2"
"八儿国进贡","0","2","2"
"年发生饥荒","0","2","2"
"改为尚书省","0","2","2"
"便上奏皇帝","0","2","2"
"一百二十人","0","2","2"
"隶属于集贤","0","2","2"
"属于集贤院","0","2","2"
"所授予的宣","0","2","2"
"授予的宣命","0","2","2"
"为尚书省参","0","2","2"
"交钞为标准","0","2","2"
"捕鱼的禁令","0","2","2"
"钞十一万零","0","2","2"
"十一万零六","0","2","2"
"万零六百锭","0","2","2"
"们进行贸易","0","2","2"
"诸侯王乃颜","0","2","2"
"隶属于乃颜","0","2","2"
"宣慰司的治","0","2","2"
"慰司的治所","0","2","2"
"治所迁到大","0","2","2"
"书省的政务","0","2","2"
"沙不丁上奏","0","2","2"
"不丁上奏说","0","2","2"
"从上都出发","0","2","2"
"王王贝春请","0","2","2"
"王贝春请求","0","2","2"
"献给皇帝的","0","2","2"
"乃颜的党羽","0","2","2"
"诸侯王失都","0","2","2"
"侯王失都儿","0","2","2"
"丝税银和田","0","2","2"
"税银和田租","0","2","2"
"县连降大雨","0","2","2"
"爱鲁上奏说","0","2","2"
"求归附朝廷","0","2","2"
"所署理的官","0","2","2"
"署理的官职","0","2","2"
"探马赤军出","0","2","2"
"马赤军出征","0","2","2"
"行省的五千","0","2","2"
"省的五千名","0","2","2"
"叛乱的诸侯","0","2","2"
"安南是小国","0","2","2"
"诸侯王阿赤","0","2","2"
"免除该地今","0","2","2"
"除该地今年","0","2","2"
"该地今年的","0","2","2"
"的贫穷者钱","0","2","2"
"贫穷者钱钞","0","2","2"
"平滦路发生","0","2","2"
"五万石赈济","0","2","2"
"赈济该地区","0","2","2"
"西垣上将星","0","2","2"
"垣上将星官","0","2","2"
"江南的茶税","0","2","2"
"枢密院月的","0","2","2"
"密院月的迷","0","2","2"
"院月的迷失","0","2","2"
"任行尚书省","0","2","2"
"十一月初六","0","2","2"
"金星干犯垒","0","2","2"
"行省右丞爱","0","2","2"
"东垣上相星","0","2","2"
"继承安西王","0","2","2"
"秦王的印信","0","2","2"
"按摊不花所","0","2","2"
"王屯驻在思","0","2","2"
"屯驻在思明","0","2","2"
"阿八赤率领","0","2","2"
"年的田租十","0","2","2"
"以及程鹏飞","0","2","2"
"平息盗贼的","0","2","2"
"从了他的意","0","2","2"
"惑星干犯进","0","2","2"
"禄升格为四","0","2","2"
"升格为四品","0","2","2"
"诸侯王薛彻","0","2","2"
"镇南王率领","0","2","2"
"南王率领诸","0","2","2"
"王率领诸军","0","2","2"
"渡过富良江","0","2","2"
"死刑的囚犯","0","2","2"
"一百二十一","0","2","2"
"年田租的十","0","2","2"
"田租的十分","0","2","2"
"租的十分之","0","2","2"
"压死了许多","0","2","2"
"死了许多人","0","2","2"
"再次逃入海","0","2","2"
"命令乌马儿","0","2","2"
"迎接张文虎","0","2","2"
"张文虎等人","0","2","2"
"文虎等人的","0","2","2"
"兵进攻安南","0","2","2"
"省辖区内均","0","2","2"
"天台祭祀太","0","2","2"
"台祭祀太阳","0","2","2"
"诸侯王火你","0","2","2"
"侯王火你赤","0","2","2"
"所统辖的地","0","2","2"
"中统交钞的","0","2","2"
"循州贼寇一","0","2","2"
"州贼寇一万","0","2","2"
"贼寇一万多","0","2","2"
"寇一万多人","0","2","2"
"诸侯王也只","0","2","2"
"随从诸侯王","0","2","2"
"给诸侯王亦","0","2","2"
"诸侯王亦怜","0","2","2"
"侯王亦怜真","0","2","2"
"连年发生大","0","2","2"
"年发生大水","0","2","2"
"特别贫困的","0","2","2"
"发放十万石","0","2","2"
"听从他们的","0","2","2"
"不交纳赋税","0","2","2"
"等处发生饥","0","2","2"
"处发生饥馑","0","2","2"
"刑按察司并","0","2","2"
"按察司并入","0","2","2"
"十五万石米","0","2","2"
"米赈济该地","0","2","2"
"王也先铁木","0","2","2"
"先铁木儿率","0","2","2"
"向官府交纳","0","2","2"
"向皇帝请求","0","2","2"
"率领探马赤","0","2","2"
"领探马赤军","0","2","2"
"建造尚书省","0","2","2"
"造尚书省衙","0","2","2"
"张文虎的粮","0","2","2"
"文虎的粮船","0","2","2"
"帛各一万匹","0","2","2"
"镇南王便由","0","2","2"
"南王便由单","0","2","2"
"他们的风俗","0","2","2"
"奥鲁赤领兵","0","2","2"
"火亘派遣使","0","2","2"
"亘派遣使臣","0","2","2"
"进献金人以","0","2","2"
"内均听从行","0","2","2"
"均听从行尚","0","2","2"
"听从行尚书","0","2","2"
"从行尚书省","0","2","2"
"千人进犯长","0","2","2"
"人进犯长泰","0","2","2"
"欠未交的租","0","2","2"
"回家休息一","0","2","2"
"家休息一年","0","2","2"
"三百名新附","0","2","2"
"书省官员都","0","2","2"
"用至元钱钞","0","2","2"
"以赈济京师","0","2","2"
"黄金一百五","0","2","2"
"绢帛纱罗等","0","2","2"
"听由平章政","0","2","2"
"命令昔宝赤","0","2","2"
"汴梁路发生","0","2","2"
"梁路发生蝗","0","2","2"
"州二州连降","0","2","2"
"二州连降大","0","2","2"
"州连降大雨","0","2","2"
"降大雨损害","0","2","2"
"大雨损害庄","0","2","2"
"诸侯王也真","0","2","2"
"诏令辽阳行","0","2","2"
"率领本部蒙","0","2","2"
"领本部蒙古","0","2","2"
"粮食给他们","0","2","2"
"他们赈济饥","0","2","2"
"们赈济饥民","0","2","2"
"惑星干犯天","0","2","2"
"立尚书省以","0","2","2"
"尚书省以来","0","2","2"
"升格为从五","0","2","2"
"格为从五品","0","2","2"
"湖广行省上","0","2","2"
"广行省上奏","0","2","2"
"的名单上奏","0","2","2"
"因为谋反被","0","2","2"
"为谋反被处","0","2","2"
"谋反被处死","0","2","2"
"荣祖为中书","0","2","2"
"祖为中书省","0","2","2"
"有分地的大","0","2","2"
"分地的大臣","0","2","2"
"诏令福建行","0","2","2"
"为兵部郎中","0","2","2"
"日火亘亲自","0","2","2"
"火亘亲自入","0","2","2"
"亘亲自入朝","0","2","2"
"次派兵征讨","0","2","2"
"派遣使臣入","0","2","2"
"遣使臣入朝","0","2","2"
"改为宣政院","0","2","2"
"一千二百五","0","2","2"
"海都的军队","0","2","2"
"都的军队进","0","2","2"
"军队进犯边","0","2","2"
"队进犯边境","0","2","2"
"户的总管府","0","2","2"
"自己做决定","0","2","2"
"兵讨伐也速","0","2","2"
"六十天口粮","0","2","2"
"诸侯王爱牙","0","2","2"
"周济贫困的","0","2","2"
"百二十五匹","0","2","2"
"淮行省的忙","0","2","2"
"行省的忙兀","0","2","2"
"省的忙兀带","0","2","2"
"以及月的迷","0","2","2"
"及月的迷失","0","2","2"
"一千一百五","0","2","2"
"转运使司的","0","2","2"
"每年交纳珍","0","2","2"
"贼寇钟明亮","0","2","2"
"居于江南的","0","2","2"
"粮食一千石","0","2","2"
"一千石赈济","0","2","2"
"了他的死罪","0","2","2"
"刘德禄上奏","0","2","2"
"德禄上奏说","0","2","2"
"领五千名士","0","2","2"
"共同担任都","0","2","2"
"同担任都元","0","2","2"
"担任都元帅","0","2","2"
"未交纳的田","0","2","2"
"合丹的军队","0","2","2"
"巩昌便宜行","0","2","2"
"昌便宜行事","0","2","2"
"所部一万名","0","2","2"
"部一万名士","0","2","2"
"当令监察御","0","2","2"
"万石赈济饥","0","2","2"
"遣其中大夫","0","2","2"
"夫陈克用等","0","2","2"
"清算江淮行","0","2","2"
"司的秩禄升","0","2","2"
"一万七千五","0","2","2"
"恐怕会发生","0","2","2"
"的饥民转移","0","2","2"
"饥民转移到","0","2","2"
"把利用监的","0","2","2"
"利用监的秩","0","2","2"
"用监的秩禄","0","2","2"
"监的秩禄升","0","2","2"
"六品以下的","0","2","2"
"诸侯王乃蛮","0","2","2"
"侯王乃蛮带","0","2","2"
"重新设立云","0","2","2"
"新设立云南","0","2","2"
"部发生饥馑","0","2","2"
"这是自古以","0","2","2"
"设置提举司","0","2","2"
"十户归附朝","0","2","2"
"命令辽阳行","0","2","2"
"发生大水伤","0","2","2"
"生大水伤害","0","2","2"
"月的迷失把","0","2","2"
"贫困的民户","0","2","2"
"家产的一半","0","2","2"
"水灾伤害庄","0","2","2"
"灾伤害庄稼","0","2","2"
"定等路发生","0","2","2"
"湖泊的禁令","0","2","2"
"车驾返回大","0","2","2"
"驾返回大都","0","2","2"
"四百斤为一","0","2","2"
"百斤为一引","0","2","2"
"河西务发生","0","2","2"
"发放粮米赈","0","2","2"
"放粮米赈济","0","2","2"
"部众一万人","0","2","2"
"众一万人进","0","2","2"
"一万人进犯","0","2","2"
"八千人进犯","0","2","2"
"水星干犯房","0","2","2"
"屯田发生水","0","2","2"
"田发生水灾","0","2","2"
"行省平章不","0","2","2"
"任命史弼为","0","2","2"
"武平路发生","0","2","2"
"发放粮米一","0","2","2"
"放粮米一千","0","2","2"
"人前来进贡","0","2","2"
"枢密院讨论","0","2","2"
"的民户饥馑","0","2","2"
"收聚全国的","0","2","2"
"聚全国的马","0","2","2"
"六品以下官","0","2","2"
"都万户也速","0","2","2"
"发放义仓的","0","2","2"
"放义仓的粮","0","2","2"
"义仓的粮食","0","2","2"
"仓的粮食赈","0","2","2"
"供给九十天","0","2","2"
"给九十天口","0","2","2"
"严霜冻死庄","0","2","2"
"们返回本营","0","2","2"
"打鱼自给自","0","2","2"
"鱼自给自足","0","2","2"
"年的惯例赏","0","2","2"
"的惯例赏赐","0","2","2"
"设置都水监","0","2","2"
"的官员按照","0","2","2"
"请予以撤销","0","2","2"
"每年的收入","0","2","2"
"都隶属于河","0","2","2"
"隶属于河南","0","2","2"
"属于河南行","0","2","2"
"于河南行省","0","2","2"
"全都隶属于","0","2","2"
"进贡的马匹","0","2","2"
"海船五百艘","0","2","2"
"给亦黑迷失","0","2","2"
"月儿鲁等人","0","2","2"
"儿鲁等人上","0","2","2"
"鲁等人上奏","0","2","2"
"奉命到江南","0","2","2"
"命到江南去","0","2","2"
"到江南去清","0","2","2"
"江南去清理","0","2","2"
"帝下诏命他","0","2","2"
"撰写辅政碑","0","2","2"
"写辅政碑的","0","2","2"
"史大夫月儿","0","2","2"
"今年的公赋","0","2","2"
"百姓的钱钞","0","2","2"
"皇帝认为他","0","2","2"
"给钱钞二千","0","2","2"
"领尚膳监事","0","2","2"
"参与商议中","0","2","2"
"与商议中书","0","2","2"
"设立都元帅","0","2","2"
"他们的军籍","0","2","2"
"的田租一万","0","2","2"
"专其贩卖之","0","2","2"
"其贩卖之利","0","2","2"
"从海路运送","0","2","2"
"臣有什么罪","0","2","2"
"有什么罪过","0","2","2"
"的事务合并","0","2","2"
"事务合并到","0","2","2"
"减免田租四","0","2","2"
"等路发生水","0","2","2"
"路发生大水","0","2","2"
"千石米交给","0","2","2"
"州华容县发","0","2","2"
"华容县发生","0","2","2"
"容县发生水","0","2","2"
"米赈济饥民","0","2","2"
"运到京师的","0","2","2"
"到京师的粮","0","2","2"
"京师的粮食","0","2","2"
"隶属于军籍","0","2","2"
"征伐爪哇的","0","2","2"
"伐爪哇的军","0","2","2"
"爪哇的军队","0","2","2"
"御史台委派","0","2","2"
"史台委派官","0","2","2"
"台委派官员","0","2","2"
"姓名奏闻朝","0","2","2"
"名奏闻朝廷","0","2","2"
"皇帝从上都","0","2","2"
"廉访司的治","0","2","2"
"访司的治所","0","2","2"
"鲁迷失率军","0","2","2"
"迷失率军征","0","2","2"
"钱钞一百二","0","2","2"
"钞一百二十","0","2","2"
"新近归附的","0","2","2"
"有别的意图","0","2","2"
"大臣前来朝","0","2","2"
"财力足以准","0","2","2"
"力足以准备","0","2","2"
"足以准备车","0","2","2"
"每一甲令其","0","2","2"
"一甲令其准","0","2","2"
"甲令其准备","0","2","2"
"阴星干犯垒","0","2","2"
"洞的酋长杨","0","2","2"
"梁王的印信","0","2","2"
"计钱钞四十","0","2","2"
"木星干犯左","0","2","2"
"大都今年的","0","2","2"
"隶属于詹事","0","2","2"
"属于詹事院","0","2","2"
"士卒三千人","0","2","2"
"明安答儿统","0","2","2"
"迁徙到内地","0","2","2"
"枢密院知事","0","2","2"
"范文虎监督","0","2","2"
"文虎监督疏","0","2","2"
"虎监督疏浚","0","2","2"
"与中书省各","0","2","2"
"皇太子的印","0","2","2"
"太子的印信","0","2","2"
"州降下冰雹","0","2","2"
"诸侯王亦吉","0","2","2"
"侯王亦吉里","0","2","2"
"出征的士兵","0","2","2"
"派人回来报","0","2","2"
"人回来报告","0","2","2"
"令把御史台","0","2","2"
"五万锭钱钞","0","2","2"
"万锭钱钞赐","0","2","2"
"任上都留守","0","2","2"
"妻子入官为","0","2","2"
"子入官为奴","0","2","2"
"十二月初六","0","2","2"
"平章政事亦","0","2","2"
"的三分之一","0","2","2"
"人钱钞三万","0","2","2"
"平章政事不","0","2","2"
"章政事不忽","0","2","2"
"政事不忽木","0","2","2"
"在南郊请求","0","2","2"
"敬奉尊谥为","0","2","2"
"尊谥为圣德","0","2","2"
"谥为圣德神","0","2","2"
"为圣德神功","0","2","2"
"尊谥为昭睿","0","2","2"
"家中得到一","0","2","2"
"给徽仁裕圣","0","2","2"
"授予我皇太","0","2","2"
"予我皇太子","0","2","2"
"派遣署理太","0","2","2"
"遣署理太尉","0","2","2"
"署理太尉兀","0","2","2"
"理太尉兀都","0","2","2"
"上已故皇帝","0","2","2"
"前来贡献地","0","2","2"
"来贡献地方","0","2","2"
"改为隆福宫","0","2","2"
"詹事院改为","0","2","2"
"转运司的官","0","2","2"
"五月二十一","0","2","2"
"五月二十三","0","2","2"
"五月二十九","0","2","2"
"丽国王王日","0","2","2"
"国王王日巨","0","2","2"
"白银七千五","0","2","2"
"廉访司的官","0","2","2"
"访司的官员","0","2","2"
"书省共同商","0","2","2"
"省共同商议","0","2","2"
"的钱钞只有","0","2","2"
"远王阔阔出","0","2","2"
"及也先帖木","0","2","2"
"先帖木儿在","0","2","2"
"绢帛各二百","0","2","2"
"帛各二百匹","0","2","2"
"江淮以南地","0","2","2"
"淮以南地区","0","2","2"
"按照世祖时","0","2","2"
"里吉思为高","0","2","2"
"重新设立平","0","2","2"
"新设立平阳","0","2","2"
"廉访司没收","0","2","2"
"访司没收的","0","2","2"
"诏令朝内外","0","2","2"
"戍守北部边","0","2","2"
"等县发生水","0","2","2"
"疏浚通惠河","0","2","2"
"阴星掩蔽土","0","2","2"
"星掩蔽土星","0","2","2"
"江浙行省大","0","2","2"
"浙行省大臣","0","2","2"
"免除今年田","0","2","2"
"除今年田租","0","2","2"
"帝在隆福宫","0","2","2"
"们返回本部","0","2","2"
"令河西的僧","0","2","2"
"不要再说了","0","2","2"
"采纳帝师的","0","2","2"
"纳帝师的建","0","2","2"
"帝师的建议","0","2","2"
"刑的罪囚三","0","2","2"
"的罪囚三十","0","2","2"
"阴星干犯土","0","2","2"
"在大圣寿万","0","2","2"
"钱钞二十万","0","2","2"
"降下严霜冻","0","2","2"
"下严霜冻死","0","2","2"
"阿老瓦丁为","0","2","2"
"为副都元帅","0","2","2"
"正月二十九","0","2","2"
"为鲁国大长","0","2","2"
"章政事也先","0","2","2"
"政事也先不","0","2","2"
"事也先不花","0","2","2"
"因为探马赤","0","2","2"
"子陈日火尊","0","2","2"
"匠户的徭役","0","2","2"
"驿户钱钞一","0","2","2"
"户钱钞一万","0","2","2"
"代理兵部尚","0","2","2"
"理兵部尚书","0","2","2"
"监督其工程","0","2","2"
"增加结余的","0","2","2"
"加结余的盐","0","2","2"
"结余的盐钞","0","2","2"
"余的盐钞钱","0","2","2"
"他们的才能","0","2","2"
"及水灾的缘","0","2","2"
"水灾的缘故","0","2","2"
"行省所辖的","0","2","2"
"为广西两江","0","2","2"
"廉访司每年","0","2","2"
"贪赃罪论处","0","2","2"
"兵所到之处","0","2","2"
"哇国派遣使","0","2","2"
"将此事奏闻","0","2","2"
"神主附祭于","0","2","2"
"主附祭于太","0","2","2"
"酋长的弟弟","0","2","2"
"司天台祭星","0","2","2"
"官府雇佣工","0","2","2"
"府雇佣工匠","0","2","2"
"不颜铁木儿","0","2","2"
"年十二月十","0","2","2"
"十二月十九","0","2","2"
"受到太子的","0","2","2"
"对中书省官","0","2","2"
"年春正月十","0","2","2"
"师铁木迭儿","0","2","2"
"氵郭州蒙古","0","2","2"
"郭州蒙古族","0","2","2"
"密院事官员","0","2","2"
"凌犯轩辕御","0","2","2"
"答失铁木儿","0","2","2"
"地屯田耕种","0","2","2"
"嘉定州饥荒","0","2","2"
"国派遣使者","0","2","2"
"阴星凌犯酒","0","2","2"
"星凌犯酒旗","0","2","2"
"火星凌犯进","0","2","2"
"星凌犯进贤","0","2","2"
"流亡在外的","0","2","2"
"伟大的太祖","0","2","2"
"大的太祖皇","0","2","2"
"的太祖皇帝","0","2","2"
"赦免天下罪","0","2","2"
"皇太后在兴","0","2","2"
"太后在兴圣","0","2","2"
"后在兴圣宫","0","2","2"
"金银钱帛不","0","2","2"
"银钱帛不等","0","2","2"
"派遣知枢密","0","2","2"
"事也儿吉尼","0","2","2"
"诏朝廷内外","0","2","2"
"告以即皇帝","0","2","2"
"以即皇帝位","0","2","2"
"行省丞相也","0","2","2"
"丞相也先铁","0","2","2"
"相也先铁木","0","2","2"
"山祭祀遁甲","0","2","2"
"祭祀遁甲神","0","2","2"
"拜住为中书","0","2","2"
"蒙古族流民","0","2","2"
"接受这项建","0","2","2"
"受这项建议","0","2","2"
"调发粮食五","0","2","2"
"发粮食五千","0","2","2"
"儿哈郎为中","0","2","2"
"哈郎为中书","0","2","2"
"葬死者遗骸","0","2","2"
"予钱钞一万","0","2","2"
"贯加以赈济","0","2","2"
"已故皇帝谥","0","2","2"
"故皇帝谥号","0","2","2"
"皇帝谥号于","0","2","2"
"帝谥号于南","0","2","2"
"及为非作歹","0","2","2"
"及御史大夫","0","2","2"
"铁木儿脱为","0","2","2"
"铁木迭儿等","0","2","2"
"木迭儿等人","0","2","2"
"不花知枢密","0","2","2"
"人钱钞各一","0","2","2"
"使者到京师","0","2","2"
"阴星凌犯垒","0","2","2"
"阴星凌犯昴","0","2","2"
"星凌犯昴宿","0","2","2"
"人钱钞各二","0","2","2"
"三个月的粮","0","2","2"
"做醮事活动","0","2","2"
"给予钱钞十","0","2","2"
"予钱钞十五","0","2","2"
"钱钞三十万","0","2","2"
"火星凌犯房","0","2","2"
"任命江南行","0","2","2"
"赐予公主扎","0","2","2"
"予公主扎牙","0","2","2"
"公主扎牙八","0","2","2"
"主扎牙八剌","0","2","2"
"钱钞七万五","0","2","2"
"铁木迭儿因","0","2","2"
"未得到批准","0","2","2"
"火星凌犯天","0","2","2"
"星凌犯天江","0","2","2"
"流放于奴儿","0","2","2"
"放于奴儿干","0","2","2"
"于奴儿干地","0","2","2"
"卖给京师贫","0","2","2"
"给京师贫民","0","2","2"
"修建寿安山","0","2","2"
"寿安山寺庙","0","2","2"
"阴星凌犯鬼","0","2","2"
"冬十月初二","0","2","2"
"在文德殿做","0","2","2"
"文德殿做佛","0","2","2"
"德殿做佛事","0","2","2"
"太常院官员","0","2","2"
"贡当地物品","0","2","2"
"阴星凌犯井","0","2","2"
"建造寿安山","0","2","2"
"江浙行省用","0","2","2"
"祀太庙礼完","0","2","2"
"太庙礼完成","0","2","2"
"火星凌犯垒","0","2","2"
"右丞高日方","0","2","2"
"河泊的禁令","0","2","2"
"典卖给人的","0","2","2"
"人民陷入重","0","2","2"
"因太皇太后","0","2","2"
"皇太后加尊","0","2","2"
"太后加尊号","0","2","2"
"后加尊号礼","0","2","2"
"加尊号礼完","0","2","2"
"尊号礼完成","0","2","2"
"明殿接受百","0","2","2"
"在回回司天","0","2","2"
"在延春阁修","0","2","2"
"延春阁修作","0","2","2"
"粮食加以赈","0","2","2"
"食加以赈济","0","2","2"
"福监降格为","0","2","2"
"寿安山建造","0","2","2"
"星凌犯外屏","0","2","2"
"星相聚于奎","0","2","2"
"相聚于奎宿","0","2","2"
"归德府饥荒","0","2","2"
"调发粮食十","0","2","2"
"发粮食十万","0","2","2"
"粮食五万石","0","2","2"
"军士三千五","0","2","2"
"士三千五百","0","2","2"
"奴儿干地区","0","2","2"
"官阶为荣禄","0","2","2"
"阶为荣禄大","0","2","2"
"遣使者赐予","0","2","2"
"增添寿安山","0","2","2"
"孛罗铁木儿","0","2","2"
"任忠翊侍卫","0","2","2"
"夏四月初三","0","2","2"
"秩为从三品","0","2","2"
"石减价出售","0","2","2"
"减价出售予","0","2","2"
"价出售予以","0","2","2"
"出售予以赈","0","2","2"
"售予以赈济","0","2","2"
"凌犯鬼宿积","0","2","2"
"有关部门予","0","2","2"
"关部门予以","0","2","2"
"领宣政院事","0","2","2"
"阴星凌犯虚","0","2","2"
"星凌犯虚梁","0","2","2"
"路属县水灾","0","2","2"
"予蒙古族子","0","2","2"
"火星凌犯亢","0","2","2"
"四千零五十","0","2","2"
"河间路饥荒","0","2","2"
"镇守北方边","0","2","2"
"守北方边地","0","2","2"
"统领太祖四","0","2","2"
"领太祖四大","0","2","2"
"大斡耳朵及","0","2","2"
"斡耳朵及军","0","2","2"
"耳朵及军马","0","2","2"
"承袭其爵位","0","2","2"
"并大赦天下","0","2","2"
"儿为大司农","0","2","2"
"赈济粮食十","0","2","2"
"路属县饥荒","0","2","2"
"星凌犯东咸","0","2","2"
"火星凌犯氐","0","2","2"
"别派遣使者","0","2","2"
"遣使者来朝","0","2","2"
"郭也先忽都","0","2","2"
"铁木迭儿专","0","2","2"
"为中政院使","0","2","2"
"使者祭祀海","0","2","2"
"者祭祀海神","0","2","2"
"祭祀海神天","0","2","2"
"盗贼入太庙","0","2","2"
"督率有关部","0","2","2"
"率有关部门","0","2","2"
"铁木迭儿在","0","2","2"
"请正定其罪","0","2","2"
"来安路总管","0","2","2"
"岑世兴派遣","0","2","2"
"世兴派遣其","0","2","2"
"兴派遣其弟","0","2","2"
"下诏加以招","0","2","2"
"诏加以招谕","0","2","2"
"先铁木儿之","0","2","2"
"诸卫屯田处","0","2","2"
"其部属二万","0","2","2"
"每人八十锭","0","2","2"
"失帖木儿等","0","2","2"
"赐予已故监","0","2","2"
"予已故监察","0","2","2"
"已故监察御","0","2","2"
"路及南恩州","0","2","2"
"事活动于寿","0","2","2"
"李嘉宾上言","0","2","2"
"太子及诸王","0","2","2"
"使秃满迭儿","0","2","2"
"为太子詹事","0","2","2"
"书省官员奏","0","2","2"
"政事乃马台","0","2","2"
"州瑶人入寇","0","2","2"
"修佛事活动","0","2","2"
"屯田处水灾","0","2","2"
"即帝位以来","0","2","2"
"为左右丞相","0","2","2"
"钱钞一万三","0","2","2"
"士钱钞一万","0","2","2"
"延安路饥荒","0","2","2"
"同意这项请","0","2","2"
"意这项请求","0","2","2"
"四品以下者","0","2","2"
"三品以上官","0","2","2"
"赈济粮食三","0","2","2"
"济粮食三个","0","2","2"
"路雨水伤害","0","2","2"
"龙兴等路饥","0","2","2"
"兴等路饥荒","0","2","2"
"兵马予以剿","0","2","2"
"马予以剿捕","0","2","2"
"赠予钱钞五","0","2","2"
"现已增至一","0","2","2"
"已增至一万","0","2","2"
"县黄河水溢","0","2","2"
"瑶人首领潘","0","2","2"
"者奏闻朝廷","0","2","2"
"州等十二路","0","2","2"
"金星凌犯斗","0","2","2"
"阴星凌犯土","0","2","2"
"平卖粮食不","0","2","2"
"行省官员督","0","2","2"
"省官员督率","0","2","2"
"予钱钞五百","0","2","2"
"共同商议后","0","2","2"
"后再行奏闻","0","2","2"
"接受这项提","0","2","2"
"受这项提议","0","2","2"
"图帖睦尔出","0","2","2"
"帖睦尔出居","0","2","2"
"睦尔出居于","0","2","2"
"尔出居于建","0","2","2"
"出居于建康","0","2","2"
"星凌犯建星","0","2","2"
"遣使进贡物","0","2","2"
"使进贡物品","0","2","2"
"创业的艰难","0","2","2"
"统一天下的","0","2","2"
"廉访司上言","0","2","2"
"粮食一万五","0","2","2"
"食一万五千","0","2","2"
"湖广行省奏","0","2","2"
"广行省奏请","0","2","2"
"及当地物产","0","2","2"
"当地物产前","0","2","2"
"地物产前来","0","2","2"
"予以赈济或","0","2","2"
"以赈济或平","0","2","2"
"不花等人钱","0","2","2"
"花等人钱钞","0","2","2"
"人钱钞不一","0","2","2"
"蒙古族军士","0","2","2"
"周王和世王","0","2","2"
"王和世王束","0","2","2"
"因国家财用","0","2","2"
"一千人钱钞","0","2","2"
"江浙行省与","0","2","2"
"等十二路饥","0","2","2"
"十二路饥荒","0","2","2"
"县瑶人作乱","0","2","2"
"史大夫之职","0","2","2"
"帖木儿以知","0","2","2"
"以知枢密院","0","2","2"
"及河南行省","0","2","2"
"行省督率所","0","2","2"
"省督率所属","0","2","2"
"西僧修作佛","0","2","2"
"僧修作佛事","0","2","2"
"遣使者宣谕","0","2","2"
"使者宣谕抚","0","2","2"
"者宣谕抚治","0","2","2"
"有关部门不","0","2","2"
"关部门不能","0","2","2"
"于沿河各仓","0","2","2"
"即派遣使者","0","2","2"
"的杖责一百","0","2","2"
"任命倒剌沙","0","2","2"
"命倒剌沙为","0","2","2"
"派遣使者以","0","2","2"
"王不赛因派","0","2","2"
"不赛因派遣","0","2","2"
"赛因派遣使","0","2","2"
"因派遣使者","0","2","2"
"帝师处接受","0","2","2"
"师处接受佛","0","2","2"
"镇南王脱不","0","2","2"
"南王脱不花","0","2","2"
"金星凌犯垒","0","2","2"
"是武宗的长","0","2","2"
"武宗的长子","0","2","2"
"年十一月十","0","2","2"
"月十一日出","0","2","2"
"十一日出生","0","2","2"
"立仁宗为皇","0","2","2"
"妥欢帖木儿","0","2","2"
"三年八月初","0","2","2"
"改年号为泰","0","2","2"
"年号为泰定","0","2","2"
"八不沙皇后","0","2","2"
"三年三月二","0","2","2"
"大兄在北方","0","2","2"
"全都溃败而","0","2","2"
"都溃败而逃","0","2","2"
"率兵包围上","0","2","2"
"兵包围上都","0","2","2"
"捧皇帝宝出","0","2","2"
"诸侯王察阿","0","2","2"
"侯王察阿台","0","2","2"
"即皇帝位于","0","2","2"
"学士承旨不","0","2","2"
"士承旨不答","0","2","2"
"承旨不答失","0","2","2"
"旨不答失里","0","2","2"
"的闲暇时间","0","2","2"
"从京师前来","0","2","2"
"追尊皇妣亦","0","2","2"
"尊皇妣亦乞","0","2","2"
"皇妣亦乞烈","0","2","2"
"妣亦乞烈氏","0","2","2"
"亦乞烈氏为","0","2","2"
"乞烈氏为仁","0","2","2"
"烈氏为仁献","0","2","2"
"氏为仁献章","0","2","2"
"为仁献章圣","0","2","2"
"必定都来会","0","2","2"
"定都来会集","0","2","2"
"燕铁木儿来","0","2","2"
"燕铁木儿等","0","2","2"
"你们要把我","0","2","2"
"们要把我的","0","2","2"
"要把我的意","0","2","2"
"宗认为他说","0","2","2"
"帖木儿知枢","0","2","2"
"大臣于行殿","0","2","2"
"史台官员说","0","2","2"
"命陕西行台","0","2","2"
"设立都督府","0","2","2"
"丞相铁木儿","0","2","2"
"相铁木儿补","0","2","2"
"察御史上言","0","2","2"
"国家的根本","0","2","2"
"史台官员以","0","2","2"
"台官员以此","0","2","2"
"官员以此奏","0","2","2"
"员以此奏闻","0","2","2"
"皇太子派遣","0","2","2"
"其余官员一","0","2","2"
"到达秃忽剌","0","2","2"
"大都中书省","0","2","2"
"从京师出发","0","2","2"
"木儿补化等","0","2","2"
"儿补化等人","0","2","2"
"补化等人以","0","2","2"
"化等人以明","0","2","2"
"等人以明宗","0","2","2"
"人以明宗即","0","2","2"
"以明宗即皇","0","2","2"
"皇帝位之事","0","2","2"
"代为告祭于","0","2","2"
"火失温之地","0","2","2"
"为大都督府","0","2","2"
"南平定之后","0","2","2"
"赈济陕西临","0","2","2"
"济陕西临潼","0","2","2"
"二十三所驿","0","2","2"
"十三所驿站","0","2","2"
"三所驿站钱","0","2","2"
"木儿补化因","0","2","2"
"共同商议一","0","2","2"
"按旧制规定","0","2","2"
"民众遑遑不","0","2","2"
"众遑遑不安","0","2","2"
"认为这正是","0","2","2"
"高兴地接受","0","2","2"
"文宗接受皇","0","2","2"
"宗接受皇太","0","2","2"
"受皇太子之","0","2","2"
"卫军士六千","0","2","2"
"军士六千人","0","2","2"
"士六千人修","0","2","2"
"葬于起辇谷","0","2","2"
"再次即皇帝","0","2","2"
"尊谥为翼献","0","2","2"
"谥为翼献景","0","2","2"
"为翼献景孝","0","2","2"
"庙号为明宗","0","2","2"
"总管兵马于","0","2","2"
"管兵马于北","0","2","2"
"兵马于北方","0","2","2"
"居于朔漠地","0","2","2"
"于朔漠地区","0","2","2"
"铁木迭儿再","0","2","2"
"木迭儿再次","0","2","2"
"英宗在上都","0","2","2"
"人挑拨离间","0","2","2"
"兄弟迁徙流","0","2","2"
"弟迁徙流移","0","2","2"
"迁徙流移于","0","2","2"
"泰定帝车驾","0","2","2"
"扎鲁忽赤阔","0","2","2"
"忽赤阔阔出","0","2","2"
"赤阔阔出等","0","2","2"
"在上都逝世","0","2","2"
"武宗皇帝有","0","2","2"
"宗皇帝有两","0","2","2"
"燕铁木儿和","0","2","2"
"前任河南行","0","2","2"
"赴江陵迎接","0","2","2"
"燕铁木儿入","0","2","2"
"燕铁木儿的","0","2","2"
"从上都来归","0","2","2"
"马黑巴等人","0","2","2"
"阿不海牙为","0","2","2"
"任命燕铁木","0","2","2"
"命燕铁木儿","0","2","2"
"使脱脱木儿","0","2","2"
"脱脱木儿统","0","2","2"
"脱木儿统率","0","2","2"
"进犯京师地","0","2","2"
"犯京师地区","0","2","2"
"万户也速台","0","2","2"
"户也速台儿","0","2","2"
"率兵袭击上","0","2","2"
"兵袭击上都","0","2","2"
"脱木儿等人","0","2","2"
"燕铁木儿请","0","2","2"
"发给居庸关","0","2","2"
"赐给镇南王","0","2","2"
"给镇南王铁","0","2","2"
"广行省参政","0","2","2"
"诸王也先帖","0","2","2"
"诸王和大臣","0","2","2"
"燕铁木儿说","0","2","2"
"行枢密院于","0","2","2"
"密院事也速","0","2","2"
"院事也速台","0","2","2"
"事也速台儿","0","2","2"
"也速台儿知","0","2","2"
"速台儿知行","0","2","2"
"台儿知行枢","0","2","2"
"儿知行枢密","0","2","2"
"太行山各关","0","2","2"
"行山各关隘","0","2","2"
"都诸侯王忽","0","2","2"
"忽剌台等人","0","2","2"
"剌台等人率","0","2","2"
"台等人率兵","0","2","2"
"将乌伯都剌","0","2","2"
"他们的家产","0","2","2"
"太祖皇帝始","0","2","2"
"宗室亲王与","0","2","2"
"等人暗通阴","0","2","2"
"人暗通阴谋","0","2","2"
"伯都剌等人","0","2","2"
"祖宗制定的","0","2","2"
"庙社稷的重","0","2","2"
"全都予以赦","0","2","2"
"都予以赦免","0","2","2"
"木儿为太平","0","2","2"
"儿为太平王","0","2","2"
"供奉祖宗神","0","2","2"
"攻破居庸关","0","2","2"
"将士全都败","0","2","2"
"令司天监祭","0","2","2"
"高昌僧人在","0","2","2"
"木儿率兵与","0","2","2"
"监察御史及","0","2","2"
"儿与辽东军","0","2","2"
"军不敢进犯","0","2","2"
"和脱脱木儿","0","2","2"
"命令御史台","0","2","2"
"令御史台说","0","2","2"
"封为云国公","0","2","2"
"燕铁木儿派","0","2","2"
"雅失帖木儿","0","2","2"
"燕铁木儿领","0","2","2"
"铁木儿领兵","0","2","2"
"帖木儿军队","0","2","2"
"军队溃败而","0","2","2"
"队溃败而逃","0","2","2"
"先帖木儿军","0","2","2"
"木儿军队到","0","2","2"
"木儿等人率","0","2","2"
"儿等人率兵","0","2","2"
"和已故平章","0","2","2"
"已故平章张","0","2","2"
"故平章张王","0","2","2"
"平章张王圭","0","2","2"
"章张王圭的","0","2","2"
"有关部门买","0","2","2"
"关部门买马","0","2","2"
"称燕铁木儿","0","2","2"
"派使者颁布","0","2","2"
"颁布诏书于","0","2","2"
"帖木儿等到","0","2","2"
"木儿等到达","0","2","2"
"花帖木儿等","0","2","2"
"晋王和辽王","0","2","2"
"花为御史中","0","2","2"
"去知枢密院","0","2","2"
"密院事官职","0","2","2"
"临御兴圣殿","0","2","2"
"宦官米薛迷","0","2","2"
"沙宅第赐给","0","2","2"
"赐给燕铁木","0","2","2"
"给燕铁木儿","0","2","2"
"品秩为正二","0","2","2"
"上都方面的","0","2","2"
"的宅第赐给","0","2","2"
"礻付祭于左","0","2","2"
"付祭于左昭","0","2","2"
"祭于左昭第","0","2","2"
"十三人田地","0","2","2"
"三人田地宅","0","2","2"
"人田地宅第","0","2","2"
"田地宅第赐","0","2","2"
"地宅第赐给","0","2","2"
"赐给西安王","0","2","2"
"给西安王阿","0","2","2"
"下诏晓谕廷","0","2","2"
"诏晓谕廷臣","0","2","2"
"晓谕廷臣说","0","2","2"
"二十一日以","0","2","2"
"居庸关以北","0","2","2"
"庸关以北地","0","2","2"
"关以北地区","0","2","2"
"兴和路官员","0","2","2"
"是不恰当的","0","2","2"
"有关部门追","0","2","2"
"任御史台官","0","2","2"
"也先捏率兵","0","2","2"
"命伯颜兼任","0","2","2"
"察罕脑儿宣","0","2","2"
"罕脑儿宣慰","0","2","2"
"有关部门刻","0","2","2"
"御史撒里不","0","2","2"
"史撒里不花","0","2","2"
"告祭社稷之","0","2","2"
"帖木儿黄金","0","2","2"
"朵列帖木儿","0","2","2"
"王也速也不","0","2","2"
"御史中丞王","0","2","2"
"史中丞王月","0","2","2"
"中丞王月璐","0","2","2"
"璐不花为太","0","2","2"
"不花为太禧","0","2","2"
"花为太禧使","0","2","2"
"寺修作佛事","0","2","2"
"派遣使者恭","0","2","2"
"于漠北地区","0","2","2"
"在上都准备","0","2","2"
"御史上言说","0","2","2"
"命令通政院","0","2","2"
"与燕铁木儿","0","2","2"
"临幸大崇恩","0","2","2"
"振御史台纲","0","2","2"
"一百五十人","0","2","2"
"皇兄行在处","0","2","2"
"兄行在处所","0","2","2"
"皇兄明宗派","0","2","2"
"兄明宗派遣","0","2","2"
"伯帖木儿随","0","2","2"
"前往行在处","0","2","2"
"帖木儿逝世","0","2","2"
"大长公主钱","0","2","2"
"长公主钱钞","0","2","2"
"西域诸侯王","0","2","2"
"域诸侯王燕","0","2","2"
"侯王燕只吉","0","2","2"
"王燕只吉台","0","2","2"
"献海东鹘于","0","2","2"
"海东鹘于皇","0","2","2"
"东鹘于皇兄","0","2","2"
"于皇兄明宗","0","2","2"
"因册命皇后","0","2","2"
"被授予集贤","0","2","2"
"授予集贤侍","0","2","2"
"予集贤侍讲","0","2","2"
"杨延里不花","0","2","2"
"三万四千多","0","2","2"
"人官阶为从","0","2","2"
"文宗临御大","0","2","2"
"将此意著为","0","2","2"
"此意著为法","0","2","2"
"意著为法令","0","2","2"
"忽答的迷失","0","2","2"
"朝廷官员说","0","2","2"
"任命的官员","0","2","2"
"鲁帖木儿等","0","2","2"
"里不花及其","0","2","2"
"平卖粮食一","0","2","2"
"卖粮食一万","0","2","2"
"北上迎接明","0","2","2"
"上迎接明宗","0","2","2"
"及行省平章","0","2","2"
"及各部门官","0","2","2"
"各部门官员","0","2","2"
"一万三千人","0","2","2"
"纳粮而与之","0","2","2"
"司所贮藏的","0","2","2"
"诸侯王封地","0","2","2"
"侯王封地达","0","2","2"
"王封地达鲁","0","2","2"
"封地达鲁花","0","2","2"
"州各县遭受","0","2","2"
"各县遭受兵","0","2","2"
"县遭受兵祸","0","2","2"
"遭受兵祸的","0","2","2"
"户粮食两个","0","2","2"
"旱灾造成饥","0","2","2"
"灾造成饥荒","0","2","2"
"江浙行省上","0","2","2"
"浙行省上言","0","2","2"
"行省上言说","0","2","2"
"共有饥民六","0","2","2"
"有饥民六十","0","2","2"
"五千石予以","0","2","2"
"州蝗虫成灾","0","2","2"
"予鲁国大长","0","2","2"
"迎明宗大驾","0","2","2"
"白银一百锭","0","2","2"
"奏闻于行在","0","2","2"
"闻于行在所","0","2","2"
"彻彻秃黄金","0","2","2"
"征召诸侯王","0","2","2"
"锭予以赈济","0","2","2"
"平民遭受兵","0","2","2"
"民遭受兵祸","0","2","2"
"进驻上都路","0","2","2"
"驻上都路的","0","2","2"
"一百四十万","0","2","2"
"于千里之外","0","2","2"
"征发各卫军","0","2","2"
"发各卫军士","0","2","2"
"世祖皇帝既","0","2","2"
"民休养生息","0","2","2"
"明宗皇后八","0","2","2"
"宗皇后八不","0","2","2"
"皇后八不沙","0","2","2"
"幄殿举行除","0","2","2"
"殿举行除灾","0","2","2"
"举行除灾求","0","2","2"
"行除灾求福","0","2","2"
"除灾求福的","0","2","2"
"灾求福的祭","0","2","2"
"求福的祭祀","0","2","2"
"福的祭祀活","0","2","2"
"的祭祀活动","0","2","2"
"诸王与百官","0","2","2"
"减三分之一","0","2","2"
"宁路所辖的","0","2","2"
"按贪赃枉法","0","2","2"
"贪赃枉法罪","0","2","2"
"赃枉法罪论","0","2","2"
"枉法罪论处","0","2","2"
"隶属于隆祥","0","2","2"
"属于隆祥总","0","2","2"
"于隆祥总管","0","2","2"
"驿站钱钞各","0","2","2"
"隶属于储政","0","2","2"
"属于储政院","0","2","2"
"省臣上言说","0","2","2"
"全都予以蠲","0","2","2"
"都予以蠲免","0","2","2"
"令所在官府","0","2","2"
"乳母的丈夫","0","2","2"
"路因旱灾发","0","2","2"
"因旱灾发生","0","2","2"
"旱灾发生饥","0","2","2"
"灾发生饥荒","0","2","2"
"将山东河北","0","2","2"
"奏请朝廷命","0","2","2"
"按旧制办理","0","2","2"
"木儿不花为","0","2","2"
"儿不花为宣","0","2","2"
"不花为宣让","0","2","2"
"花为宣让王","0","2","2"
"其子孛罗不","0","2","2"
"子孛罗不花","0","2","2"
"木儿不花请","0","2","2"
"钞多寡不一","0","2","2"
"有两个儿子","0","2","2"
"至顺三年八","0","2","2"
"一再推让的","0","2","2"
"再推让的初","0","2","2"
"是派遣使者","0","2","2"
"使者征召诸","0","2","2"
"于天下臣民","0","2","2"
"皇后为皇太","0","2","2"
"后为皇太后","0","2","2"
"兴圣殿接受","0","2","2"
"第二年六月","0","2","2"
"四月二十日","0","2","2"
"顺帝至正二","0","2","2"
"帝至正二十","0","2","2"
"至正二十六","0","2","2"
"正二十六年","0","2","2"
"明的军队占","0","2","2"
"的军队占领","0","2","2"
"二月十八日","0","2","2"
"大明军队攻","0","2","2"
"军队占领广","0","2","2"
"和主管官员","0","2","2"
"又过了一年","0","2","2"
"十三年平定","0","2","2"
"三年平定宋","0","2","2"
"上都朝见世","0","2","2"
"有流言蜚语","0","2","2"
"把他们安置","0","2","2"
"他们安置在","0","2","2"
"安置在京师","0","2","2"
"大德年间的","0","2","2"
"就不再提了","0","2","2"
"当时武宗在","0","2","2"
"时武宗在北","0","2","2"
"武宗在北边","0","2","2"
"迁居于东安","0","2","2"
"居于东安州","0","2","2"
"大夫唐其势","0","2","2"
"唐其势谋反","0","2","2"
"为第二皇后","0","2","2"
"朴不花去示","0","2","2"
"不花去示意","0","2","2"
"自己的意见","0","2","2"
"明自己的意","0","2","2"
"他们斩尽杀","0","2","2"
"们斩尽杀绝","0","2","2"
"对皇太子说","0","2","2"
"帖木儿为丞","0","2","2"
"木儿为丞相","0","2","2"
"使监察御史","0","2","2"
"给孛罗帖木","0","2","2"
"令扩廓帖木","0","2","2"
"所依恃的是","0","2","2"
"兼为中书令","0","2","2"
"理枢密院事","0","2","2"
"裕宗为太子","0","2","2"
"得世祖宠爱","0","2","2"
"裕宗太子说","0","2","2"
"太子告诫说","0","2","2"
"置于中书省","0","2","2"
"为太子裕宗","0","2","2"
"左右侍臣说","0","2","2"
"有尚为国子","0","2","2"
"尚为国子司","0","2","2"
"的经验教训","0","2","2"
"亦遣使求和","0","2","2"
"使百姓安居","0","2","2"
"是报效国家","0","2","2"
"德家中得到","0","2","2"
"文是受命于","0","2","2"
"亲手授与成","0","2","2"
"手授与成宗","0","2","2"
"田地的官员","0","2","2"
"皇太后答己","0","2","2"
"朝拜皇太后","0","2","2"
"尊皇太后为","0","2","2"
"州二城百姓","0","2","2"
"二城百姓一","0","2","2"
"城百姓一万","0","2","2"
"忙哥帖木儿","0","2","2"
"帖木儿继承","0","2","2"
"王阿难答为","0","2","2"
"阿难答为帝","0","2","2"
"文宗即位之","0","2","2"
"明理帖木儿","0","2","2"
"帖木儿企图","0","2","2"
"完成统一大","0","2","2"
"成统一大业","0","2","2"
"宗天历初年","0","2","2"
"宽彻普化与","0","2","2"
"木儿不花留","0","2","2"
"已长大成人","0","2","2"
"庐州人民起","0","2","2"
"木儿不花说","0","2","2"
"庆童为中书","0","2","2"
"童为中书左","0","2","2"
"为辅佐之臣","0","2","2"
"木华黎攻取","0","2","2"
"脱黑帖木儿","0","2","2"
"世祖大加称","0","2","2"
"祖大加称赞","0","2","2"
"等州三十万","0","2","2"
"州三十万户","0","2","2"
"木华黎之子","0","2","2"
"二十二年三","0","2","2"
"死者不可胜","0","2","2"
"与亲王按赤","0","2","2"
"太宗五年九","0","2","2"
"宗五年九月","0","2","2"
"万奴于辽东","0","2","2"
"速浑察之子","0","2","2"
"熟悉典章制","0","2","2"
"悉典章制度","0","2","2"
"祖对左右侍","0","2","2"
"宪宗九年秋","0","2","2"
"宪宗在蜀驾","0","2","2"
"宗在蜀驾崩","0","2","2"
"左右近臣道","0","2","2"
"朝臣们认为","0","2","2"
"知寡不敌众","0","2","2"
"为左右万户","0","2","2"
"帖木儿再次","0","2","2"
"皇位不可久","0","2","2"
"桑哥设立尚","0","2","2"
"哥设立尚书","0","2","2"
"刑罚和爵位","0","2","2"
"为月赤察儿","0","2","2"
"臣服于朝廷","0","2","2"
"防守的军队","0","2","2"
"命月赤察儿","0","2","2"
"大明殿设宴","0","2","2"
"优厚礼节待","0","2","2"
"厚礼节待他","0","2","2"
"太宗即位后","0","2","2"
"他秀才而不","0","2","2"
"世祖嘉奖亦","0","2","2"
"改任四川行","0","2","2"
"立智理威说","0","2","2"
"立智理威回","0","2","2"
"因此得罪了","0","2","2"
"为江东道宣","0","2","2"
"任湖南宣慰","0","2","2"
"多损公肥私","0","2","2"
"不以礼相待","0","2","2"
"的山川形势","0","2","2"
"之所以能到","0","2","2"
"暗中与他们","0","2","2"
"不久拜为中","0","2","2"
"久拜为中书","0","2","2"
"织工匠三百","0","2","2"
"年八十四岁","0","2","2"
"十四岁而卒","0","2","2"
"从太祖征河","0","2","2"
"太祖征河西","0","2","2"
"京朝见皇帝","0","2","2"
"丽王遣其子","0","2","2"
"王遣其子纟","0","2","2"
"遣其子纟享","0","2","2"
"骑兵数十万","0","2","2"
"部归附蒙古","0","2","2"
"不台为先锋","0","2","2"
"兀良合台因","0","2","2"
"宪宗三年秋","0","2","2"
"兀良合台遣","0","2","2"
"使向朝廷报","0","2","2"
"向朝廷报捷","0","2","2"
"朝廷采纳这","0","2","2"
"二人最知名","0","2","2"
"李王在山东","0","2","2"
"丞相纟泉真","0","2","2"
"世祖认为可","0","2","2"
"祖认为可以","0","2","2"
"诸国的战争","0","2","2"
"国的战争中","0","2","2"
"拜为湖广行","0","2","2"
"朝觐见皇帝","0","2","2"
"为中书客省","0","2","2"
"百姓向官府","0","2","2"
"姓得以安居","0","2","2"
"为太师国王","0","2","2"
"不敢轻举妄","0","2","2"
"敢轻举妄动","0","2","2"
"蒙古军元帅","0","2","2"
"大军屯驻于","0","2","2"
"诸州相继投","0","2","2"
"随大军攻河","0","2","2"
"赛典赤主持","0","2","2"
"太宗四年正","0","2","2"
"宗四年正月","0","2","2"
"守将马伯坚","0","2","2"
"自黄陵冈渡","0","2","2"
"待他如同家","0","2","2"
"他如同家人","0","2","2"
"登记其姓名","0","2","2"
"幼就侍奉太","0","2","2"
"延八都鲁奉","0","2","2"
"八都鲁奉命","0","2","2"
"都鲁奉命领","0","2","2"
"汪德臣建立","0","2","2"
"德臣建立利","0","2","2"
"臣建立利州","0","2","2"
"八都鲁平定","0","2","2"
"从蒙古大军","0","2","2"
"蒙古大军征","0","2","2"
"世祖以皇弟","0","2","2"
"为益都行省","0","2","2"
"太子的分地","0","2","2"
"本部人马镇","0","2","2"
"部人马镇守","0","2","2"
"包扎好伤口","0","2","2"
"将王荣的妻","0","2","2"
"王荣的妻子","0","2","2"
"荣的妻子儿","0","2","2"
"自己丝毫不","0","2","2"
"己丝毫不取","0","2","2"
"深受百姓称","0","2","2"
"受百姓称赞","0","2","2"
"大将速不台","0","2","2"
"彻拔都儿率","0","2","2"
"州的战斗中","0","2","2"
"拔都儿与宋","0","2","2"
"随元帅阿术","0","2","2"
"阿术围攻襄","0","2","2"
"年老请求退","0","2","2"
"率本部兵马","0","2","2"
"随丞相阿术","0","2","2"
"随御史大夫","0","2","2"
"病卧床不起","0","2","2"
"第二年五月","0","2","2"
"祖嘉奖其功","0","2","2"
"奉行省命令","0","2","2"
"军进至安庆","0","2","2"
"战于丁家洲","0","2","2"
"随大军攻克","0","2","2"
"领新归附军","0","2","2"
"这不是皇上","0","2","2"
"者全部释放","0","2","2"
"于是许多人","0","2","2"
"哈赤北鲁的","0","2","2"
"祖高兴地说","0","2","2"
"在即位前就","0","2","2"
"自己一无所","0","2","2"
"己一无所取","0","2","2"
"大将军之职","0","2","2"
"侍奉皇太后","0","2","2"
"阴谋被粉碎","0","2","2"
"听从朕的教","0","2","2"
"帖不儿不花","0","2","2"
"诸王塔察儿","0","2","2"
"大夫月鲁那","0","2","2"
"太祖西征时","0","2","2"
"参加宿卫军","0","2","2"
"宪宗即位后","0","2","2"
"为燕京宣抚","0","2","2"
"省上报朝廷","0","2","2"
"为他设宴饯","0","2","2"
"他设宴饯行","0","2","2"
"谨慎厚道的","0","2","2"
"不敢专断独","0","2","2"
"敢专断独行","0","2","2"
"这些建议都","0","2","2"
"被朝廷采纳","0","2","2"
"适当地方建","0","2","2"
"当地方建立","0","2","2"
"忧的是你们","0","2","2"
"不禁叹息道","0","2","2"
"无不心悦诚","0","2","2"
"不心悦诚服","0","2","2"
"赡思丁死后","0","2","2"
"纳速剌丁为","0","2","2"
"不久升为右","0","2","2"
"久升为右丞","0","2","2"
"不久任命为","0","2","2"
"为南京总管","0","2","2"
"后改任陕西","0","2","2"
"改任陕西行","0","2","2"
"于民的政务","0","2","2"
"军粮的供应","0","2","2"
"出任四川行","0","2","2"
"至大三年正","0","2","2"
"大三年正月","0","2","2"
"海牙年幼丧","0","2","2"
"牙年幼丧父","0","2","2"
"十八岁时随","0","2","2"
"国国王归附","0","2","2"
"许配他为妻","0","2","2"
"生杀予夺之","0","2","2"
"布鲁海牙为","0","2","2"
"真定的金银","0","2","2"
"不能发行流","0","2","2"
"能发行流通","0","2","2"
"如何办理政","0","2","2"
"何办理政事","0","2","2"
"听取了他的","0","2","2"
"取了他的意","0","2","2"
"他们无可奈","0","2","2"
"为同佥行枢","0","2","2"
"拜为江南行","0","2","2"
"升御史中丞","0","2","2"
"从世祖征乃","0","2","2"
"以个人恩怨","0","2","2"
"有人从中离","0","2","2"
"人从中离间","0","2","2"
"大家都以为","0","2","2"
"以惩戒其他","0","2","2"
"惩戒其他人","0","2","2"
"世荣所任用","0","2","2"
"荣所任用的","0","2","2"
"害于民的事","0","2","2"
"祖沉吟了许","0","2","2"
"沉吟了许久","0","2","2"
"大政方针的","0","2","2"
"政方针的制","0","2","2"
"方针的制定","0","2","2"
"号称难治之","0","2","2"
"称难治之地","0","2","2"
"世祖采纳了","0","2","2"
"祖采纳了这","0","2","2"
"纳了这个建","0","2","2"
"阿蓝答儿自","0","2","2"
"蓝答儿自和","0","2","2"
"答儿自和林","0","2","2"
"说他的不是","0","2","2"
"当时阿合马","0","2","2"
"叫他们如何","0","2","2"
"御史台和按","0","2","2"
"史台和按察","0","2","2"
"台和按察司","0","2","2"
"自古以来的","0","2","2"
"察民间疾苦","0","2","2"
"设立门下省","0","2","2"
"最重要的是","0","2","2"
"元军大举伐","0","2","2"
"军大举伐宋","0","2","2"
"与平章阿术","0","2","2"
"攻城是下策","0","2","2"
"十月二十二","0","2","2"
"元十一年十","0","2","2"
"以战舰万艘","0","2","2"
"汉阳两城大","0","2","2"
"阳两城大恐","0","2","2"
"元十二年正","0","2","2"
"宋都统制张","0","2","2"
"道遣宋京来","0","2","2"
"贵以战舰二","0","2","2"
"以战舰二千","0","2","2"
"贾似道率军","0","2","2"
"也相继投降","0","2","2"
"为宋人所杀","0","2","2"
"姓得以安生","0","2","2"
"会师于临安","0","2","2"
"率步兵骑兵","0","2","2"
"董文炳等为","0","2","2"
"军进至临安","0","2","2"
"挟益王赵曰","0","2","2"
"下令禁止军","0","2","2"
"令禁止军士","0","2","2"
"攻克的州郡","0","2","2"
"宗即位于上","0","2","2"
"双方大战于","0","2","2"
"断绝其援兵","0","2","2"
"阿里海牙与","0","2","2"
"宋益王赵曰","0","2","2"
"人民也相继","0","2","2"
"伯颜会师于","0","2","2"
"守北部边疆","0","2","2"
"是怎么回事","0","2","2"
"成宗对他说","0","2","2"
"拜床兀儿为","0","2","2"
"反对元朝的","0","2","2"
"对元朝的统","0","2","2"
"元朝的统治","0","2","2"
"把自己的衣","0","2","2"
"遣使来约降","0","2","2"
"枢密副使不","0","2","2"
"也速答儿奉","0","2","2"
"都掌蛮反叛","0","2","2"
"仍为平章政","0","2","2"
"大军攻克襄","0","2","2"
"军顺流而下","0","2","2"
"理行省事务","0","2","2"
"兼江东宣慰","0","2","2"
"统领蒙古军","0","2","2"
"领蒙古军四","0","2","2"
"襄阳攻克后","0","2","2"
"丞相伯颜会","0","2","2"
"相伯颜会师","0","2","2"
"塔出命唆都","0","2","2"
"州人民起兵","0","2","2"
"百人埋伏于","0","2","2"
"升为镇国上","0","2","2"
"领本部人马","0","2","2"
"为宣武将军","0","2","2"
"为明威将军","0","2","2"
"元军分三路","0","2","2"
"民免于死亡","0","2","2"
"访求宋朝遗","0","2","2"
"连到亲戚邻","0","2","2"
"到亲戚邻里","0","2","2"
"怒而不敢言","0","2","2"
"乱至此平息","0","2","2"
"入朝为中书","0","2","2"
"朝为中书平","0","2","2"
"年四十七岁","0","2","2"
"任燕南河北","0","2","2"
"人民均受其","0","2","2"
"民均受其害","0","2","2"
"直到至元二","0","2","2"
"到至元二十","0","2","2"
"不忽木的意","0","2","2"
"忽木的意见","0","2","2"
"他为吏部尚","0","2","2"
"中书省的权","0","2","2"
"书省的权力","0","2","2"
"在宫中侍奉","0","2","2"
"太祖起兵于","0","2","2"
"祖起兵于北","0","2","2"
"起兵于北方","0","2","2"
"升为都元帅","0","2","2"
"裕宗为皇太","0","2","2"
"容易得到的","0","2","2"
"成宗以皇孙","0","2","2"
"启奏皇太后","0","2","2"
"定的典章制","0","2","2"
"终年五十八","0","2","2"
"鲁浑萨理忙","0","2","2"
"问他何以知","0","2","2"
"他何以知道","0","2","2"
"江南刚刚平","0","2","2"
"南刚刚平定","0","2","2"
"深有感慨地","0","2","2"
"来治理天下","0","2","2"
"采纳这一意","0","2","2"
"纳这一意见","0","2","2"
"设立集贤馆","0","2","2"
"任阿鲁浑萨","0","2","2"
"鲁浑萨理辞","0","2","2"
"高望重的人","0","2","2"
"命阿鲁浑萨","0","2","2"
"他力辞未准","0","2","2"
"拜荣禄大夫","0","2","2"
"撤废征理司","0","2","2"
"百姓奔走相","0","2","2"
"主持太史院","0","2","2"
"持太史院事","0","2","2"
"能日记千言","0","2","2"
"年授集贤学","0","2","2"
"是国家根本","0","2","2"
"又随都元帅","0","2","2"
"为陕西五路","0","2","2"
"随也速带儿","0","2","2"
"又升为江东","0","2","2"
"他们的策划","0","2","2"
"由仁宗监国","0","2","2"
"朝拜见世祖","0","2","2"
"丞塔出会兵","0","2","2"
"为昭毅大将","0","2","2"
"以参知政事","0","2","2"
"为湖北道宣","0","2","2"
"拜湖广行省","0","2","2"
"合必赤讨伐","0","2","2"
"京拜见世祖","0","2","2"
"勇士之美称","0","2","2"
"升为怀远大","0","2","2"
"伯帖木儿军","0","2","2"
"伯帖木儿领","0","2","2"
"出使马八儿","0","2","2"
"使马八儿国","0","2","2"
"驸马土罕必","0","2","2"
"马土罕必耶","0","2","2"
"是身先士卒","0","2","2"
"州县官吏因","0","2","2"
"官吏因受贿","0","2","2"
"因父亲去世","0","2","2"
"礼海牙召集","0","2","2"
"朝廷设立行","0","2","2"
"来侵犯我们","0","2","2"
"初为中书省","0","2","2"
"抵雅尔丁说","0","2","2"
"抵雅尔丁认","0","2","2"
"雅尔丁认为","0","2","2"
"此案判决有","0","2","2"
"案判决有误","0","2","2"
"未曾参与此","0","2","2"
"曾参与此案","0","2","2"
"任左司郎中","0","2","2"
"升为翰林侍","0","2","2"
"朝廷任命的","0","2","2"
"廷任命的官","0","2","2"
"后任监察御","0","2","2"
"监察御史时","0","2","2"
"任户部郎中","0","2","2"
"当时人们认","0","2","2"
"时人们认为","0","2","2"
"起用为吏部","0","2","2"
"用为吏部尚","0","2","2"
"命立即起程","0","2","2"
"他为同知枢","0","2","2"
"武宗即位前","0","2","2"
"宗即位前曾","0","2","2"
"武宗即位后","0","2","2"
"脱脱劝谏道","0","2","2"
"升为中书平","0","2","2"
"调任江南行","0","2","2"
"称赞他为贤","0","2","2"
"赞他为贤相","0","2","2"
"朝廷设尚书","0","2","2"
"廷设尚书省","0","2","2"
"为正奉大夫","0","2","2"
"为佥书枢密","0","2","2"
"又加开府仪","0","2","2"
"燕铁木儿急","0","2","2"
"答剌罕的称","0","2","2"
"剌罕的称号","0","2","2"
"随宪宗伐宋","0","2","2"
"宗之命侍奉","0","2","2"
"又拜御史中","0","2","2"
"任南台御史","0","2","2"
"实际上是要","0","2","2"
"宣让王帖木","0","2","2"
"让王帖木儿","0","2","2"
"二月十五日","0","2","2"
"派他出京为","0","2","2"
"他出京为河","0","2","2"
"出京为河南","0","2","2"
"京为河南行","0","2","2"
"向皇帝辞行","0","2","2"
"任吏部郎中","0","2","2"
"听从了他的","0","2","2"
"亲自主持其","0","2","2"
"自主持其事","0","2","2"
"罗帖木儿等","0","2","2"
"儿怯不花为","0","2","2"
"吏部尚书亻","0","2","2"
"部尚书亻契","0","2","2"
"尚书亻契哲","0","2","2"
"书亻契哲笃","0","2","2"
"先帖木儿为","0","2","2"
"先帖木儿不","0","2","2"
"请求自己率","0","2","2"
"求自己率兵","0","2","2"
"任大司农卿","0","2","2"
"张士诚起兵","0","2","2"
"均受他节制","0","2","2"
"亲就去世了","0","2","2"
"帝亲自祭祀","0","2","2"
"为国效力之","0","2","2"
"国效力之臣","0","2","2"
"中书省派官","0","2","2"
"书省派官员","0","2","2"
"在百官之后","0","2","2"
"朵尔直班说","0","2","2"
"百姓拍手称","0","2","2"
"姓拍手称快","0","2","2"
"朵尔直班调","0","2","2"
"改任奎章阁","0","2","2"
"任奎章阁学","0","2","2"
"以儒家学说","0","2","2"
"命朵尔直班","0","2","2"
"朵尔直班任","0","2","2"
"任大宗正府","0","2","2"
"正府也可扎","0","2","2"
"府也可扎鲁","0","2","2"
"也可扎鲁火","0","2","2"
"可扎鲁火赤","0","2","2"
"朵尔直班认","0","2","2"
"尔直班认为","0","2","2"
"接受他的意","0","2","2"
"受他的意见","0","2","2"
"拜为御史中","0","2","2"
"贬御史大夫","0","2","2"
"懿怜真班为","0","2","2"
"像这样则御","0","2","2"
"这样则御史","0","2","2"
"样则御史台","0","2","2"
"则御史台的","0","2","2"
"他首先提出","0","2","2"
"而朵尔直班","0","2","2"
"人民起义军","0","2","2"
"入国子学学","0","2","2"
"国子学学习","0","2","2"
"将附近居民","0","2","2"
"出京为江浙","0","2","2"
"升为陕西汉","0","2","2"
"命为枢密副","0","2","2"
"升为同知枢","0","2","2"
"调任御史中","0","2","2"
"令还俗为民","0","2","2"
"都是当时名","0","2","2"
"儿子也先忽","0","2","2"
"子也先忽都","0","2","2"
"知道这些事","0","2","2"
"道这些事后","0","2","2"
"不久委任为","0","2","2"
"义军张士诚","0","2","2"
"察罕铁木儿","0","2","2"
"为一般平民","0","2","2"
"被弹劾罢官","0","2","2"
"将自己的俸","0","2","2"
"多次称病辞","0","2","2"
"次称病辞职","0","2","2"
"把他安置于","0","2","2"
"年拜中书右","0","2","2"
"树立自己的","0","2","2"
"立自己的声","0","2","2"
"各州郡官吏","0","2","2"
"与一般平民","0","2","2"
"孔子的后裔","0","2","2"
"程颢的著作","0","2","2"
"有这样的人","0","2","2"
"因出身于官","0","2","2"
"出身于官宦","0","2","2"
"身于官宦之","0","2","2"
"于官宦之家","0","2","2"
"官宦之家而","0","2","2"
"又升为中书","0","2","2"
"的少数民族","0","2","2"
"当时中书省","0","2","2"
"处理一切事","0","2","2"
"理一切事务","0","2","2"
"识帖睦迩任","0","2","2"
"他为江浙行","0","2","2"
"识帖睦迩说","0","2","2"
"识帖睦迩对","0","2","2"
"识帖睦迩又","0","2","2"
"反元义军攻","0","2","2"
"庆童女为妻","0","2","2"
"将此事上报","0","2","2"
"上报于朝廷","0","2","2"
"张士诚占据","0","2","2"
"的军政大权","0","2","2"
"士诚令其部","0","2","2"
"向朝廷奏请","0","2","2"
"普化帖木儿","0","2","2"
"帖木儿不听","0","2","2"
"立即派人去","0","2","2"
"入朝任中书","0","2","2"
"太不花为河","0","2","2"
"不花为河南","0","2","2"
"花为河南行","0","2","2"
"脱脱以太师","0","2","2"
"右丞相之职","0","2","2"
"监察御史也","0","2","2"
"均为起义军","0","2","2"
"起义军所有","0","2","2"
"弹劾太不花","0","2","2"
"朝廷知道后","0","2","2"
"顺帝下诏削","0","2","2"
"朝廷有诏要","0","2","2"
"哈剌不花那","0","2","2"
"剌不花那里","0","2","2"
"镇压起义军","0","2","2"
"不敢再说什","0","2","2"
"敢再说什么","0","2","2"
"再说什么了","0","2","2"
"事不可挽救","0","2","2"
"不可挽救了","0","2","2"
"至正十九年","0","2","2"
"至正二十一","0","2","2"
"军内部不和","0","2","2"
"失八都鲁为","0","2","2"
"为四川行省","0","2","2"
"二人从城上","0","2","2"
"诏答失八都","0","2","2"
"失八都鲁与","0","2","2"
"军刘福通所","0","2","2"
"战斗从巳时","0","2","2"
"州一带人民","0","2","2"
"有牵连者都","0","2","2"
"女儿许配给","0","2","2"
"在那里住了","0","2","2"
"召拜翰林学","0","2","2"
"军久攻不下","0","2","2"
"也速为中书","0","2","2"
"兵迎战于清","0","2","2"
"迎战于清河","0","2","2"
"帖木儿进入","0","2","2"
"罗帖木儿传","0","2","2"
"帖木儿大恐","0","2","2"
"现在又失去","0","2","2"
"在又失去姚","0","2","2"
"又失去姚伯","0","2","2"
"失去姚伯颜","0","2","2"
"大明军夺取","0","2","2"
"帖木儿自幼","0","2","2"
"后又出任河","0","2","2"
"的百姓就不","0","2","2"
"先开仓赈济","0","2","2"
"召他回朝拜","0","2","2"
"他回朝拜为","0","2","2"
"朝廷大小官","0","2","2"
"廷大小官员","0","2","2"
"理中书平章","0","2","2"
"为彻里帖木","0","2","2"
"帖木儿为朝","0","2","2"
"木儿为朝廷","0","2","2"
"到中书省任","0","2","2"
"中书省任职","0","2","2"
"第二年改任","0","2","2"
"弹劾而罢官","0","2","2"
"未到任又改","0","2","2"
"召回朝拜中","0","2","2"
"回朝拜中书","0","2","2"
"为浙西廉访","0","2","2"
"为南台御史","0","2","2"
"当时人们都","0","2","2"
"的文章写得","0","2","2"
"文章写得好","0","2","2"
"巎巎进谏说","0","2","2"
"帝非常同意","0","2","2"
"终年五十一","0","2","2"
"上报御史台","0","2","2"
"听取他的意","0","2","2"
"取他的意见","0","2","2"
"弹劾平章政","0","2","2"
"劾平章政事","0","2","2"
"朝廷不仅不","0","2","2"
"任工部员外","0","2","2"
"任吏部员外","0","2","2"
"皇太后之号","0","2","2"
"自当为中书","0","2","2"
"皇帝新即位","0","2","2"
"将如何对待","0","2","2"
"召回朝廷为","0","2","2"
"不好向天下","0","2","2"
"母亲去世后","0","2","2"
"调任湖广行","0","2","2"
"在朝廷会考","0","2","2"
"当时御史大","0","2","2"
"他辞不赴任","0","2","2"
"改任礼部侍","0","2","2"
"任礼部侍郎","0","2","2"
"此事上报朝","0","2","2"
"事上报朝廷","0","2","2"
"为江东廉访","0","2","2"
"受天子之命","0","2","2"
"天子之命为","0","2","2"
"又调任翰林","0","2","2"
"任翰林待制","0","2","2"
"州反元义军","0","2","2"
"朝拜监察御","0","2","2"
"木迭儿专权","0","2","2"
"任河东道廉","0","2","2"
"木迭儿复为","0","2","2"
"迭儿复为丞","0","2","2"
"儿复为丞相","0","2","2"
"后调任浙西","0","2","2"
"调任浙西廉","0","2","2"
"嘉奖其劳苦","0","2","2"
"受张弼贿赂","0","2","2"
"任命为兵部","0","2","2"
"不得已而为","0","2","2"
"得已而为之","0","2","2"
"弹劾明里董","0","2","2"
"劾明里董阿","0","2","2"
"正府也可札","0","2","2"
"府也可札鲁","0","2","2"
"出京任湖广","0","2","2"
"京任湖广行","0","2","2"
"没有什么好","0","2","2"
"有什么好处","0","2","2"
"任命为大司","0","2","2"
"命为大司农","0","2","2"
"也可札鲁忽","0","2","2"
"可札鲁忽赤","0","2","2"
"为江南行御","0","2","2"
"调任信州路","0","2","2"
"任信州路总","0","2","2"
"至正元年任","0","2","2"
"任大都路达","0","2","2"
"秃坚理不花","0","2","2"
"境内安然无","0","2","2"
"内安然无事","0","2","2"
"为义军所杀","0","2","2"
"出京任江浙","0","2","2"
"京任江浙行","0","2","2"
"惠山海牙上","0","2","2"
"对同僚们说","0","2","2"
"要征发民夫","0","2","2"
"衙门所在地","0","2","2"
"选月鲁不花","0","2","2"
"月鲁不花为","0","2","2"
"召他回京任","0","2","2"
"又改任集贤","0","2","2"
"月鲁不花在","0","2","2"
"奉命到江浙","0","2","2"
"月鲁不花上","0","2","2"
"做御敌准备","0","2","2"
"帖木儿暗中","0","2","2"
"皇太子在冀","0","2","2"
"太子在冀宁","0","2","2"
"木儿为平章","0","2","2"
"坚帖木儿的","0","2","2"
"楚材知道后","0","2","2"
"太宗采纳了","0","2","2"
"宗采纳了他","0","2","2"
"于国家无用","0","2","2"
"宗还是犹豫","0","2","2"
"还是犹豫不","0","2","2"
"是犹豫不定","0","2","2"
"乃马真皇后","0","2","2"
"马真皇后三","0","2","2"
"真皇后三年","0","2","2"
"年五十五岁","0","2","2"
"里不哥反叛","0","2","2"
"祖嘉奖其忠","0","2","2"
"以军法从事","0","2","2"
"杨惟中为江","0","2","2"
"惟中为江淮","0","2","2"
"宣布皇帝恩","0","2","2"
"布皇帝恩德","0","2","2"
"为元帅左都","0","2","2"
"军围攻汴京","0","2","2"
"随宪宗征蜀","0","2","2"
"随世祖攻鄂","0","2","2"
"柔之第八子","0","2","2"
"修建大都城","0","2","2"
"宋广王赵籨","0","2","2"
"千人去戍守","0","2","2"
"把他们迁往","0","2","2"
"为他说得对","0","2","2"
"因为是勋臣","0","2","2"
"为是勋臣之","0","2","2"
"中山府知府","0","2","2"
"因功赐金虎","0","2","2"
"与我们为敌","0","2","2"
"而赐金虎符","0","2","2"
"余口为良民","0","2","2"
"金将武仙占","0","2","2"
"将武仙占据","0","2","2"
"附于蒙古军","0","2","2"
"然若无其事","0","2","2"
"有德行的人","0","2","2"
"把他们都释","0","2","2"
"他们都释放","0","2","2"
"随元帅阔阔","0","2","2"
"按朝廷旨意","0","2","2"
"为山东东西","0","2","2"
"养鹰的太监","0","2","2"
"治文用的罪","0","2","2"
"百姓疲惫不","0","2","2"
"姓疲惫不堪","0","2","2"
"大臣们讨论","0","2","2"
"百姓贫困不","0","2","2"
"姓贫困不堪","0","2","2"
"太府监官员","0","2","2"
"向皇帝陈奏","0","2","2"
"皇帝陈奏道","0","2","2"
"为典瑞监卿","0","2","2"
"十万户归附","0","2","2"
"听了他的劝","0","2","2"
"兵十万再度","0","2","2"
"娶万奴之妻","0","2","2"
"蒙古大军围","0","2","2"
"古大军围攻","0","2","2"
"只诛其为首","0","2","2"
"诛其为首者","0","2","2"
"赏有功之人","0","2","2"
"嘉奖他善于","0","2","2"
"都镇抚之职","0","2","2"
"随木华黎取","0","2","2"
"太祖崩后第","0","2","2"
"祖崩后第二","0","2","2"
"崩后第二年","0","2","2"
"兀鲁兀乃王","0","2","2"
"随大军南征","0","2","2"
"华黎上报其","0","2","2"
"黎上报其功","0","2","2"
"年四十八岁","0","2","2"
"于近卫亲军","0","2","2"
"又随大军征","0","2","2"
"缴获战舰千","0","2","2"
"夏贵率水军","0","2","2"
"升为参议中","0","2","2"
"嘉奖并采纳","0","2","2"
"成宗深以为","0","2","2"
"辞中书左丞","0","2","2"
"升为河南行","0","2","2"
"蒙古军南伐","0","2","2"
"纳了他的建","0","2","2"
"了他的建议","0","2","2"
"在金朝做官","0","2","2"
"十一年归顺","0","2","2"
"杀敌三百余","0","2","2"
"敌三百余人","0","2","2"
"和尚拔都率","0","2","2"
"有权自行决","0","2","2"
"权自行决定","0","2","2"
"祖认为他说","0","2","2"
"为他说得好","0","2","2"
"仅释放了他","0","2","2"
"为蒙古军所","0","2","2"
"张柔上报其","0","2","2"
"柔上报其功","0","2","2"
"生擒彭义斌","0","2","2"
"他绳之以法","0","2","2"
"任河北河南","0","2","2"
"他奏请朝廷","0","2","2"
"罢了他的官","0","2","2"
"藁城为永安","0","2","2"
"城为永安州","0","2","2"
"于宪宗二年","0","2","2"
"率众归附于","0","2","2"
"藏于地窖中","0","2","2"
"袭父亲官职","0","2","2"
"终年六十一","0","2","2"
"年六十一岁","0","2","2"
"军坚守不下","0","2","2"
"不能继续前","0","2","2"
"随大军平定","0","2","2"
"木华黎奉命","0","2","2"
"致力于农业","0","2","2"
"随大军征宋","0","2","2"
"父职为行军","0","2","2"
"职为行军千","0","2","2"
"为行军千户","0","2","2"
"为征行千户","0","2","2"
"在攻樊城的","0","2","2"
"攻樊城的战","0","2","2"
"樊城的战斗","0","2","2"
"城的战斗中","0","2","2"
"与宋将孙虎","0","2","2"
"蒙古朝为人","0","2","2"
"古朝为人质","0","2","2"
"随严实入朝","0","2","2"
"天世祖召见","0","2","2"
"为辅国上将","0","2","2"
"随阿术鲁攻","0","2","2"
"我军进不得","0","2","2"
"安抚百姓之","0","2","2"
"宗赐他金符","0","2","2"
"军重重包围","0","2","2"
"授他为荣禄","0","2","2"
"他为荣禄大","0","2","2"
"宗命子良为","0","2","2"
"名路总管兼","0","2","2"
"路总管兼府","0","2","2"
"不到二十岁","0","2","2"
"懋率其军镇","0","2","2"
"王在济南反","0","2","2"
"在济南反叛","0","2","2"
"的利害祸福","0","2","2"
"使他们知道","0","2","2"
"也超不过他","0","2","2"
"元十七年二","0","2","2"
"授他为东平","0","2","2"
"极力向朝廷","0","2","2"
"扎剌温火儿","0","2","2"
"剌温火儿赤","0","2","2"
"有什么话要","0","2","2"
"什么话要说","0","2","2"
"不可失信于","0","2","2"
"可失信于民","0","2","2"
"都不知如何","0","2","2"
"是臣的故乡","0","2","2"
"及下属官吏","0","2","2"
"守道为真定","0","2","2"
"天泽入朝拜","0","2","2"
"入朝拜为右","0","2","2"
"拜为右丞相","0","2","2"
"代行其职务","0","2","2"
"子忠济承袭","0","2","2"
"人民负担不","0","2","2"
"选派廷臣中","0","2","2"
"死报效朝廷","0","2","2"
"选拔贤能者","0","2","2"
"拔贤能者为","0","2","2"
"海都的官爵","0","2","2"
"年九十二岁","0","2","2"
"金哀宗天兴","0","2","2"
"河南兵荒马","0","2","2"
"南兵荒马乱","0","2","2"
"享年七十岁","0","2","2"
"大军渡江后","0","2","2"
"他们原来的","0","2","2"
"太宗皇后四","0","2","2"
"宗皇后四年","0","2","2"
"族子王纟享","0","2","2"
"归顺元朝的","0","2","2"
"为征东行省","0","2","2"
"京朝见世祖","0","2","2"
"随元帅孛鲁","0","2","2"
"的生活起居","0","2","2"
"召他为同知","0","2","2"
"随世祖征大","0","2","2"
"定宗皇后二","0","2","2"
"皇后二年春","0","2","2"
"为河南经略","0","2","2"
"大战于三槽","0","2","2"
"战于三槽山","0","2","2"
"于三槽山之","0","2","2"
"军相距一里","0","2","2"
"郡县相继投","0","2","2"
"释放了这些","0","2","2"
"十万大军来","0","2","2"
"撒吉思不花","0","2","2"
"金哀宗迁都","0","2","2"
"哀宗迁都蔡","0","2","2"
"宗迁都蔡州","0","2","2"
"世祖当时在","0","2","2"
"国安民之道","0","2","2"
"为中书省的","0","2","2"
"李王暗中勾","0","2","2"
"与驸马忽剌","0","2","2"
"些人后来多","0","2","2"
"人后来多成","0","2","2"
"人们把他比","0","2","2"
"们把他比作","0","2","2"
"第二年世祖","0","2","2"
"二年世祖即","0","2","2"
"炳为山东东","0","2","2"
"为山东东路","0","2","2"
"任文炳为山","0","2","2"
"州宋军坚守","0","2","2"
"文炳是我朝","0","2","2"
"过问中书省","0","2","2"
"时平章政事","0","2","2"
"其不法行为","0","2","2"
"士元与哈剌","0","2","2"
"元与哈剌秃","0","2","2"
"他以中书左","0","2","2"
"而地方官吏","0","2","2"
"地方官吏又","0","2","2"
"他们依法惩","0","2","2"
"们依法惩处","0","2","2"
"他们都以文","0","2","2"
"们都以文学","0","2","2"
"是其中之一","0","2","2"
"敌气势已衰","0","2","2"
"相距一里多","0","2","2"
"世祖在内殿","0","2","2"
"家世代为官","0","2","2"
"与太保刘秉","0","2","2"
"秉忠向世祖","0","2","2"
"皆不知如何","0","2","2"
"人民承受不","0","2","2"
"民承受不了","0","2","2"
"向皇帝建议","0","2","2"
"左丞之职行","0","2","2"
"丞之职行大","0","2","2"
"之职行大名","0","2","2"
"职行大名等","0","2","2"
"得以休养生","0","2","2"
"以休养生息","0","2","2"
"怎么会不足","0","2","2"
"减十分之二","0","2","2"
"与窦默一同","0","2","2"
"贵族子弟进","0","2","2"
"族子弟进行","0","2","2"
"子弟进行教","0","2","2"
"弟进行教育","0","2","2"
"御史中丞之","0","2","2"
"史中丞之职","0","2","2"
"为江淮荆湖","0","2","2"
"用兵之道在","0","2","2"
"兵之道在于","0","2","2"
"是不得已而","0","2","2"
"不得已而用","0","2","2"
"军合力向一","0","2","2"
"是不当进而","0","2","2"
"吕文德集中","0","2","2"
"询问治国之","0","2","2"
"问治国之道","0","2","2"
"东平宣抚使","0","2","2"
"制定朝廷礼","0","2","2"
"拜为翰林学","0","2","2"
"不是自己的","0","2","2"
"元年世祖即","0","2","2"
"当时王文统","0","2","2"
"世祖面前说","0","2","2"
"世祖命他与","0","2","2"
"贤大学士兼","0","2","2"
"把女儿许配","0","2","2"
"魏征这样的","0","2","2"
"征这样的人","0","2","2"
"有宰相之才","0","2","2"
"此人学术不","0","2","2"
"人学术不正","0","2","2"
"任命他为翰","0","2","2"
"命他为翰林","0","2","2"
"病请求回归","0","2","2"
"请求回归家","0","2","2"
"求回归家乡","0","2","2"
"征求他的意","0","2","2"
"求他的意见","0","2","2"
"学校培养人","0","2","2"
"享年八十五","0","2","2"
"年八十五岁","0","2","2"
"都为之震惊","0","2","2"
"士都投奔而","0","2","2"
"都投奔而来","0","2","2"
"相史天泽说","0","2","2"
"教育贵族子","0","2","2"
"育贵族子弟","0","2","2"
"世祖在王府","0","2","2"
"人民安居乐","0","2","2"
"哈剌不花与","0","2","2"
"与阿蓝答儿","0","2","2"
"有这样的事","0","2","2"
"的大政方针","0","2","2"
"世祖认为王","0","2","2"
"科举中进士","0","2","2"
"死二十余人","0","2","2"
"大家都感到","0","2","2"
"平定李王之","0","2","2"
"他出使日本","0","2","2"
"日本太宰府","0","2","2"
"到你们国王","0","2","2"
"学孔孟之书","0","2","2"
"良弼回答说","0","2","2"
"事情才办得","0","2","2"
"情才办得好","0","2","2"
"仗势为非作","0","2","2"
"势为非作歹","0","2","2"
"时人认为是","0","2","2"
"蒙古大军伐","0","2","2"
"古大军伐宋","0","2","2"
"世祖看了大","0","2","2"
"祖看了大喜","0","2","2"
"金哀宗正大","0","2","2"
"朝廷派大军","0","2","2"
"廷派大军征","0","2","2"
"派大军征讨","0","2","2"
"朝拜为翰林","0","2","2"
"拜为翰林直","0","2","2"
"向官府控告","0","2","2"
"回朝为翰林","0","2","2"
"丞相安童为","0","2","2"
"诏令朝臣讨","0","2","2"
"令朝臣讨论","0","2","2"
"朝廷的礼节","0","2","2"
"朝廷也不认","0","2","2"
"廷也不认为","0","2","2"
"认为这样是","0","2","2"
"于他们不利","0","2","2"
"吏侵害百姓","0","2","2"
"金朝皇帝迁","0","2","2"
"能统一天下","0","2","2"
"典册都出自","0","2","2"
"曾在金朝为","0","2","2"
"任佥河北河","0","2","2"
"能轻易与人","0","2","2"
"忽兰吉领兵","0","2","2"
"兰吉回答说","0","2","2"
"与怯里马哥","0","2","2"
"六盘山反叛","0","2","2"
"千余骑进攻","0","2","2"
"失败的原因","0","2","2"
"行省发兵征","0","2","2"
"省发兵征讨","0","2","2"
"襄阳随即投","0","2","2"
"阳随即投降","0","2","2"
"对我们有利","0","2","2"
"百姓刻碑歌","0","2","2"
"姓刻碑歌颂","0","2","2"
"东宣慰使之","0","2","2"
"葛郎国王哈","0","2","2"
"郎国王哈只","0","2","2"
"王哈只葛当","0","2","2"
"甘州不花率","0","2","2"
"州不花率兵","0","2","2"
"招降附近小","0","2","2"
"降附近小国","0","2","2"
"没收的家产","0","2","2"
"等一百四十","0","2","2"
"女婿土罕必","0","2","2"
"婿土罕必耶","0","2","2"
"昔剌丹不合","0","2","2"
"日本无功而","0","2","2"
"负责军粮的","0","2","2"
"责军粮的供","0","2","2"
"报告中书省","0","2","2"
"诉讼于官府","0","2","2"
"德辉为安西","0","2","2"
"不会比宋朝","0","2","2"
"他们带信给","0","2","2"
"拯救合州人","0","2","2"
"四川平定后","0","2","2"
"他对当时政","0","2","2"
"世祖点头称","0","2","2"
"祖点头称是","0","2","2"
"的事是什么","0","2","2"
"为天下之根","0","2","2"
"天下之根本","0","2","2"
"凡政事得失","0","2","2"
"负责制国用","0","2","2"
"责制国用司","0","2","2"
"严厉地绳之","0","2","2"
"厉地绳之以","0","2","2"
"地绳之以法","0","2","2"
"官府不敢过","0","2","2"
"府不敢过问","0","2","2"
"阿合马之子","0","2","2"
"合马之子忽","0","2","2"
"马之子忽辛","0","2","2"
"之子忽辛为","0","2","2"
"辛为中书右","0","2","2"
"拜为参知政","0","2","2"
"阿合马执政","0","2","2"
"到中书省去","0","2","2"
"用阿合马党","0","2","2"
"又有什么可","0","2","2"
"世祖高兴地","0","2","2"
"罢黜贪官污","0","2","2"
"黜贪官污吏","0","2","2"
"升为侍御史","0","2","2"
"邦济世之才","0","2","2"
"一看就知道","0","2","2"
"非常孝敬母","0","2","2"
"常孝敬母亲","0","2","2"
"让他们看见","0","2","2"
"了阿蓝答儿","0","2","2"
"兵于甲子门","0","2","2"
"百姓征为兵","0","2","2"
"姓征为兵卒","0","2","2"
"上下议论纷","0","2","2"
"下议论纷纷","0","2","2"
"们反抗之心","0","2","2"
"天下骚动不","0","2","2"
"下骚动不安","0","2","2"
"向朝廷举荐","0","2","2"
"员外郎之职","0","2","2"
"御史台奏称","0","2","2"
"为海北海南","0","2","2"
"入朝任刑部","0","2","2"
"任刑部侍郎","0","2","2"
"也不认为他","0","2","2"
"不认为他有","0","2","2"
"百姓皆大欢","0","2","2"
"姓皆大欢喜","0","2","2"
"为太子赞善","0","2","2"
"为嘉议大夫","0","2","2"
"守敬受任为","0","2","2"
"中所见到的","0","2","2"
"年八十六岁","0","2","2"
"又升为秘书","0","2","2"
"为秘书监丞","0","2","2"
"增加国库收","0","2","2"
"加国库收入","0","2","2"
"任命他为必","0","2","2"
"命他为必赤","0","2","2"
"的御史大夫","0","2","2"
"向北方再拜","0","2","2"
"与阿里海牙","0","2","2"
"升中顺大夫","0","2","2"
"兼开封府尹","0","2","2"
"使百姓免于","0","2","2"
"是想让他们","0","2","2"
"都感到方便","0","2","2"
"以剥削百姓","0","2","2"
"金正大初年","0","2","2"
"善于管理财","0","2","2"
"于管理财政","0","2","2"
"管理财政的","0","2","2"
"任山东东西","0","2","2"
"世代以农为","0","2","2"
"代以农为业","0","2","2"
"为河南西路","0","2","2"
"当时州县官","0","2","2"
"百姓为他立","0","2","2"
"达鲁花赤及","0","2","2"
"司郎中周寅","0","2","2"
"郎中周寅戈","0","2","2"
"大小官员都","0","2","2"
"以苛征百姓","0","2","2"
"听说因百姓","0","2","2"
"所言与所行","0","2","2"
"说他能使百","0","2","2"
"世祖看了这","0","2","2"
"祖看了这个","0","2","2"
"看了这个奏","0","2","2"
"了这个奏章","0","2","2"
"升为吏部郎","0","2","2"
"为吏部郎中","0","2","2"
"拜为集贤大","0","2","2"
"执政者认为","0","2","2"
"他还是不肯","0","2","2"
"多出谋划策","0","2","2"
"升为御史台","0","2","2"
"为左右司都","0","2","2"
"失口乱言之","0","2","2"
"口乱言之罪","0","2","2"
"向皇帝报告","0","2","2"
"桑哥倒台后","0","2","2"
"请求解除他","0","2","2"
"求解除他的","0","2","2"
"参预中书省","0","2","2"
"还未来得及","0","2","2"
"转任湖北道","0","2","2"
"任真定路总","0","2","2"
"总管兼大兴","0","2","2"
"管兼大兴府","0","2","2"
"兼大兴府尹","0","2","2"
"得到很好的","0","2","2"
"到很好的治","0","2","2"
"很好的治理","0","2","2"
"终年七十六","0","2","2"
"皇太子的事","0","2","2"
"报告了世祖","0","2","2"
"宗采纳这些","0","2","2"
"来赈济饥民","0","2","2"
"的第一件事","0","2","2"
"认为这些人","0","2","2"
"因母亲年高","0","2","2"
"臣僚的职责","0","2","2"
"改任同知保","0","2","2"
"京任国子司","0","2","2"
"祖父和父亲","0","2","2"
"奉诏至江南","0","2","2"
"诏至江南求","0","2","2"
"至江南求贤","0","2","2"
"以德性修养","0","2","2"
"德性修养为","0","2","2"
"性修养为本","0","2","2"
"为集贤直学","0","2","2"
"搜访隐居于","0","2","2"
"御史台政事","0","2","2"
"到任后首先","0","2","2"
"请求辞职归","0","2","2"
"求辞职归家","0","2","2"
"他所写的文","0","2","2"
"所写的文章","0","2","2"
"清河的元明","0","2","2"
"河的元明善","0","2","2"
"任应奉翰林","0","2","2"
"废除尚书省","0","2","2"
"廷臣商议消","0","2","2"
"臣商议消灾","0","2","2"
"皇帝的称赞","0","2","2"
"宗非常高兴","0","2","2"
"按历法推算","0","2","2"
"时应有日蚀","0","2","2"
"发生大地震","0","2","2"
"宰臣中有人","0","2","2"
"任命履谦为","0","2","2"
"人努力学习","0","2","2"
"对当时政治","0","2","2"
"次在帝面前","0","2","2"
"百姓都认为","0","2","2"
"为他立生祠","0","2","2"
"人多不称职","0","2","2"
"御史台臣僚","0","2","2"
"中书省进行","0","2","2"
"刑部尚书之","0","2","2"
"都安置在要","0","2","2"
"安置在要害","0","2","2"
"有十之七八","0","2","2"
"奏疏进呈后","0","2","2"
"讨日本的事","0","2","2"
"出任甘肃行","0","2","2"
"他为翰林学","0","2","2"
"彧又同御史","0","2","2"
"又同御史大","0","2","2"
"让他们回去","0","2","2"
"祖宗的规定","0","2","2"
"年桑哥倒台","0","2","2"
"阿合马死后","0","2","2"
"御史台与中","0","2","2"
"史台与中书","0","2","2"
"台与中书省","0","2","2"
"官至集贤学","0","2","2"
"至集贤学士","0","2","2"
"是年九月卒","0","2","2"
"相威举荐了","0","2","2"
"威举荐了叶","0","2","2"
"举荐了叶李","0","2","2"
"成败的原因","0","2","2"
"要培养人才","0","2","2"
"的治国之道","0","2","2"
"是天子的耳","0","2","2"
"天子的耳目","0","2","2"
"为尚书右丞","0","2","2"
"以莫须有的","0","2","2"
"莫须有的罪","0","2","2"
"须有的罪名","0","2","2"
"罢黜御史大","0","2","2"
"完泽为丞相","0","2","2"
"为江浙行中","0","2","2"
"人免于死刑","0","2","2"
"行至元宝钞","0","2","2"
"从容不迫地","0","2","2"
"去朝见皇帝","0","2","2"
"使百姓贫困","0","2","2"
"为其中之一","0","2","2"
"人们佩服他","0","2","2"
"佩服他英明","0","2","2"
"时仁宗为太","0","2","2"
"为太子宾客","0","2","2"
"享年七十六","0","2","2"
"问他为何如","0","2","2"
"他为何如此","0","2","2"
"了很长时间","0","2","2"
"他为秘书监","0","2","2"
"出任蓟州知","0","2","2"
"任蓟州知州","0","2","2"
"任集贤学士","0","2","2"
"集贤学士兼","0","2","2"
"贤学士兼国","0","2","2"
"升为湖北道","0","2","2"
"拜为侍御史","0","2","2"
"孔孙为礼部","0","2","2"
"享年七十五","0","2","2"
"盐法的施行","0","2","2"
"均按律治罪","0","2","2"
"灾异发生的","0","2","2"
"异发生的原","0","2","2"
"木迭儿为太","0","2","2"
"迭儿为太师","0","2","2"
"别薛为参知","0","2","2"
"薛为参知行","0","2","2"
"为参知行省","0","2","2"
"而铁木迭儿","0","2","2"
"对他施以杖","0","2","2"
"他施以杖刑","0","2","2"
"杀君谋反之","0","2","2"
"只有君王能","0","2","2"
"有君王能作","0","2","2"
"以孝治天下","0","2","2"
"自至元三十","0","2","2"
"以答谢天意","0","2","2"
"极力辞去职","0","2","2"
"年十二月逝","0","2","2"
"十二月逝世","0","2","2"
"自己的见解","0","2","2"
"做宰相的人","0","2","2"
"镇戍北部边","0","2","2"
"戍北部边疆","0","2","2"
"与仁宗的关","0","2","2"
"仁宗的关系","0","2","2"
"的大经大法","0","2","2"
"仁宗入朝平","0","2","2"
"宗入朝平定","0","2","2"
"入朝平定内","0","2","2"
"朝平定内难","0","2","2"
"随从他的人","0","2","2"
"木迭儿的儿","0","2","2"
"迭儿的儿子","0","2","2"
"改任集贤司","0","2","2"
"任集贤司直","0","2","2"
"遣官去处理","0","2","2"
"人意见不一","0","2","2"
"调任中书左","0","2","2"
"行省与御史","0","2","2"
"省与御史台","0","2","2"
"为山北廉访","0","2","2"
"与宰相意见","0","2","2"
"宰相意见不","0","2","2"
"相意见不合","0","2","2"
"书省的弊政","0","2","2"
"真正的盗贼","0","2","2"
"朝廷派使臣","0","2","2"
"廷派使臣去","0","2","2"
"任山北廉访","0","2","2"
"任中书省属","0","2","2"
"中书省属官","0","2","2"
"享年五十三","0","2","2"
"召入朝为左","0","2","2"
"为左右司员","0","2","2"
"提拔为中书","0","2","2"
"议中书省的","0","2","2"
"授刑部尚书","0","2","2"
"为御史台属","0","2","2"
"提拔为工部","0","2","2"
"任枢密院佥","0","2","2"
"出任河间路","0","2","2"
"加重他们的","0","2","2"
"任抚州路总","0","2","2"
"因年老辞官","0","2","2"
"这个人可以","0","2","2"
"任中书省检","0","2","2"
"升迁为户部","0","2","2"
"又改任中书","0","2","2"
"任两浙盐运","0","2","2"
"每年征收赋","0","2","2"
"年征收赋税","0","2","2"
"使天下的人","0","2","2"
"琐咬儿哈的","0","2","2"
"告诉丞相说","0","2","2"
"自祖宗以来","0","2","2"
"又任枢密副","0","2","2"
"任汝宁知府","0","2","2"
"任淮西道廉","0","2","2"
"二年任陕西","0","2","2"
"年任陕西行","0","2","2"
"出任山东道","0","2","2"
"书辞官退隐","0","2","2"
"自己的身体","0","2","2"
"还有什么忧","0","2","2"
"有什么忧虑","0","2","2"
"铁木迭儿贪","0","2","2"
"告诉了御史","0","2","2"
"不久又任中","0","2","2"
"英宗还在东","0","2","2"
"都是先帝的","0","2","2"
"人应该知道","0","2","2"
"怎么知道他","0","2","2"
"到叶密里城","0","2","2"
"世祖同意他","0","2","2"
"祖同意他的","0","2","2"
"年授江浙行","0","2","2"
"年召回朝廷","0","2","2"
"应该承袭封","0","2","2"
"该承袭封爵","0","2","2"
"朝廷接受了","0","2","2"
"廷接受了这","0","2","2"
"首先提拔他","0","2","2"
"先提拔他为","0","2","2"
"二帝三王之","0","2","2"
"帝三王之道","0","2","2"
"命为大都路","0","2","2"
"英宗即位后","0","2","2"
"不久又兼国","0","2","2"
"久又兼国子","0","2","2"
"又兼国子祭","0","2","2"
"建立奎章阁","0","2","2"
"妥欢帖穆尔","0","2","2"
"欢帖穆尔太","0","2","2"
"帖穆尔太子","0","2","2"
"他为授经郎","0","2","2"
"金交给官府","0","2","2"
"如果不是这","0","2","2"
"有学问能写","0","2","2"
"学问能写文","0","2","2"
"问能写文章","0","2","2"
"事情才作罢","0","2","2"
"家侍奉双亲","0","2","2"
"君子都称赞","0","2","2"
"子都称赞他","0","2","2"
"人们称他们","0","2","2"
"们称他们为","0","2","2"
"岁能写文章","0","2","2"
"们还有什么","0","2","2"
"拜礼部尚书","0","2","2"
"丞相认为他","0","2","2"
"不久提拔为","0","2","2"
"不能这样做","0","2","2"
"至荣禄大夫","0","2","2"
"他草拟诏书","0","2","2"
"为侍讲学士","0","2","2"
"后至元五年","0","2","2"
"是为了防止","0","2","2"
"至顺二年二","0","2","2"
"召入朝参议","0","2","2"
"入朝参议中","0","2","2"
"朝参议中书","0","2","2"
"集大臣们议","0","2","2"
"接受此建议","0","2","2"
"拜为河南行","0","2","2"
"像平时一样","0","2","2"
"做官的父亲","0","2","2"
"任国子监丞","0","2","2"
"任河东廉访","0","2","2"
"不久又任命","0","2","2"
"久又任命为","0","2","2"
"又任命为翰","0","2","2"
"为太常博士","0","2","2"
"国子监的学","0","2","2"
"子监的学生","0","2","2"
"为兵部侍郎","0","2","2"
"升迁为国子","0","2","2"
"进京任翰林","0","2","2"
"京任翰林国","0","2","2"
"已故皇帝灵","0","2","2"
"故皇帝灵位","0","2","2"
"皇帝灵位牌","0","2","2"
"弹劾中书参","0","2","2"
"靠官吏推荐","0","2","2"
"任左司都事","0","2","2"
"人的老师啊","0","2","2"
"三年升迁为","0","2","2"
"任湖广参知","0","2","2"
"湖广参知政","0","2","2"
"广参知政事","0","2","2"
"任集贤侍讲","0","2","2"
"并被任命为","0","2","2"
"先王的礼乐","0","2","2"
"任饶州路总","0","2","2"
"到他的家中","0","2","2"
"对他感恩戴","0","2","2"
"他感恩戴德","0","2","2"
"敬愤怒地说","0","2","2"
"任淮东廉访","0","2","2"
"廷得知此事","0","2","2"
"有古侠之风","0","2","2"
"不久又出任","0","2","2"
"先帖木儿说","0","2","2"
"告诉他们说","0","2","2"
"以嘉议大夫","0","2","2"
"年调任国子","0","2","2"
"调任国子博","0","2","2"
"他为中书省","0","2","2"
"提拔为御史","0","2","2"
"拔为御史台","0","2","2"
"为陕西行省","0","2","2"
"为大都路总","0","2","2"
"修缮的任务","0","2","2"
"出任山东廉","0","2","2"
"这就是征讨","0","2","2"
"到了那里就","0","2","2"
"抱病登车至","0","2","2"
"终年六十五","0","2","2"
"任广东廉访","0","2","2"
"任国子助教","0","2","2"
"时答失八都","0","2","2"
"失八都鲁的","0","2","2"
"哈剌不花说","0","2","2"
"袭击答失八","0","2","2"
"击答失八都","0","2","2"
"而哈剌不花","0","2","2"
"任同知枢密","0","2","2"
"又是朱熹的","0","2","2"
"及诸子百家","0","2","2"
"他博览群书","0","2","2"
"他出来做官","0","2","2"
"终年七十五","0","2","2"
"在龙泽之下","0","2","2"
"虞集转告赡","0","2","2"
"集转告赡思","0","2","2"
"终年七十四","0","2","2"
"任交城县令","0","2","2"
"使百姓都能","0","2","2"
"又推举他为","0","2","2"
"皇上命平章","0","2","2"
"哈剌拔都的","0","2","2"
"造朝廷的反","0","2","2"
"日给一顿饭","0","2","2"
"普庵撒里乃","0","2","2"
"朝廷得报后","0","2","2"
"黄民众起义","0","2","2"
"任京畿漕运","0","2","2"
"已无法控制","0","2","2"
"罗帖木儿率","0","2","2"
"还有船千余","0","2","2"
"有船千余艘","0","2","2"
"斩起义军将","0","2","2"
"起义军突然","0","2","2"
"征讨反元义","0","2","2"
"讨反元义军","0","2","2"
"起义军主将","0","2","2"
"同时自缢死","0","2","2"
"这时皇太子","0","2","2"
"为宣政院使","0","2","2"
"京城大饥荒","0","2","2"
"不直呼其名","0","2","2"
"日与你同朝","0","2","2"
"与你同朝办","0","2","2"
"你同朝办事","0","2","2"
"同朝办事的","0","2","2"
"朱衣长髯的","0","2","2"
"衣长髯的人","0","2","2"
"梦中所见的","0","2","2"
"中所见的人","0","2","2"
"为玄教大宗","0","2","2"
"及仁宗即位","0","2","2"
"时人认为他","0","2","2"
"宋朝吕文德","0","2","2"
"在衡山隐居","0","2","2"
"隐于经络之","0","2","2"
"于经络之间","0","2","2"
"脉在一呼一","0","2","2"
"在一呼一吸","0","2","2"
"一呼一吸间","0","2","2"
"官阶金紫光","0","2","2"
"不花和脱欢","0","2","2"
"史大夫老的","0","2","2"
"大夫老的沙","0","2","2"
"向皇帝上书","0","2","2"
"在顺帝面前","0","2","2"
"廓帖木儿为","0","2","2"
"罗帖木儿官","0","2","2"
"阿合马请帝","0","2","2"
"又对皇上说","0","2","2"
"子弟的职务","0","2","2"
"撤消此机构","0","2","2"
"成立行省以","0","2","2"
"派人向世祖","0","2","2"
"人向世祖报","0","2","2"
"司徒和礼霍","0","2","2"
"徒和礼霍孙","0","2","2"
"阿合马死时","0","2","2"
"说的几件事","0","2","2"
"在皇上面前","0","2","2"
"但没有实现","0","2","2"
"这个机构的","0","2","2"
"望陛下可怜","0","2","2"
"开始说能令","0","2","2"
"他的所作所","0","2","2"
"天祥的揭发","0","2","2"
"丞相安童与","0","2","2"
"诸老臣商议","0","2","2"
"和礼霍孙说","0","2","2"
"听到这些话","0","2","2"
"领功德使司","0","2","2"
"监察御史到","0","2","2"
"察御史到省","0","2","2"
"御史到省部","0","2","2"
"有皇太后的","0","2","2"
"上奏仁宗说","0","2","2"
"木迭儿上奏","0","2","2"
"参政赵世炎","0","2","2"
"铁木迭儿说","0","2","2"
"入中书为右","0","2","2"
"中书为右丞","0","2","2"
"在大赦之前","0","2","2"
"无君臣之分","0","2","2"
"君臣之分的","0","2","2"
"哈麻与雪雪","0","2","2"
"将他安置在","0","2","2"
"皇太子为帝","0","2","2"
"麻和雪雪的","0","2","2"
"不停地弹劾","0","2","2"
"皇上下诏书","0","2","2"
"朴不花相勾","0","2","2"
"不花相勾结","0","2","2"
"帖木儿带兵","0","2","2"
"坚帖木儿等","0","2","2"
"向皇上说明","0","2","2"
"海三城献给","0","2","2"
"听说李鋋反","0","2","2"
"派遣自己的","0","2","2"
"辉帖木儿承","0","2","2"
"辉帖木儿军","0","2","2"
"加封老章为","0","2","2"
"铁失奏请皇","0","2","2"
"失奏请皇上","0","2","2"
"书侍御史琐","0","2","2"
"侍御史琐南","0","2","2"
"罗帖木儿便","0","2","2"
"蔚州捕杨诚","0","2","2"
"日孛罗帖木","0","2","2"
"坚帖木儿及","0","2","2"
"帖木儿及老","0","2","2"
"木儿及老的","0","2","2"
"儿及老的沙","0","2","2"
"子亲自带兵","0","2","2"
"皇太子回朝","0","2","2"
"国王的书信","0","2","2"
"王的书信催","0","2","2"
"的书信催促","0","2","2"
"书信催促高","0","2","2"
"信催促高丽","0","2","2"
"有信使往来","0","2","2"
"高丽王又遣","0","2","2"
"朝拜蒙古皇","0","2","2"
"拜蒙古皇帝","0","2","2"
"在高丽境内","0","2","2"
"奉表向世祖","0","2","2"
"帝赐礻直玉","0","2","2"
"赐礻直玉带","0","2","2"
"直玉带一条","0","2","2"
"认为王礻直","0","2","2"
"王礻直遣使","0","2","2"
"王礻直亲自","0","2","2"
"礻直亲自来","0","2","2"
"直亲自来京","0","2","2"
"亲自来京朝","0","2","2"
"王礻直遣其","0","2","2"
"其枢密院副","0","2","2"
"到达日本便","0","2","2"
"达日本便回","0","2","2"
"日本便回来","0","2","2"
"本便回来了","0","2","2"
"有生人的事","0","2","2"
"礻直遣大将","0","2","2"
"直遣大将军","0","2","2"
"礻直遣世子","0","2","2"
"直遣世子忄","0","2","2"
"世子忄甚入","0","2","2"
"子忄甚入朝","0","2","2"
"高丽枢密院","0","2","2"
"丽枢密院副","0","2","2"
"高丽世子忄","0","2","2"
"丽世子忄甚","0","2","2"
"黑的等至高","0","2","2"
"的等至高丽","0","2","2"
"朕即位以来","0","2","2"
"相距约五十","0","2","2"
"距约五十里","0","2","2"
"朝廷诏告王","0","2","2"
"廷诏告王礻","0","2","2"
"诏告王礻直","0","2","2"
"洪茶丘带兵","0","2","2"
"茶丘带兵送","0","2","2"
"驻金州等处","0","2","2"
"党金通精逃","0","2","2"
"子奉表入朝","0","2","2"
"贵族子弟二","0","2","2"
"族子弟二十","0","2","2"
"通事别将徐","0","2","2"
"事别将徐翶","0","2","2"
"别将徐翶导","0","2","2"
"将徐翶导送","0","2","2"
"高丽王忄甚","0","2","2"
"高丽王贝春","0","2","2"
"王日巨遣使","0","2","2"
"日巨遣使入","0","2","2"
"巨遣使入贡","0","2","2"
"身份来的人","0","2","2"
"份来的人叫","0","2","2"
"世祖至元二","0","2","2"
"已派出使者","0","2","2"
"守护所的人","0","2","2"
"等来贡方物","0","2","2"
"同意了他们","0","2","2"
"意了他们的","0","2","2"
"了他们的请","0","2","2"
"为安南达鲁","0","2","2"
"安南达鲁花","0","2","2"
"南达鲁花赤","0","2","2"
"撒儿海牙为","0","2","2"
"在善阝阐交","0","2","2"
"善阝阐交纳","0","2","2"
"日火亘遣范","0","2","2"
"火亘遣范明","0","2","2"
"亘遣范明字","0","2","2"
"镇南王到达","0","2","2"
"兴道王逃走","0","2","2"
"给镇南王及","0","2","2"
"镇南王及行","0","2","2"
"南王及行省","0","2","2"
"下诏书告安","0","2","2"
"诏书告安南","0","2","2"
"停止征讨安","0","2","2"
"止征讨安南","0","2","2"
"至灵山的木","0","2","2"
"灵山的木栅","0","2","2"
"命乌马儿率","0","2","2"
"乌马儿率水","0","2","2"
"马儿率水兵","0","2","2"
"日火尊遣使","0","2","2"
"陶子奇回国","0","2","2"
"破坏边境安","0","2","2"
"世祖至元年","0","2","2"
"祖至元年间","0","2","2"
"国王孛由补","0","2","2"
"王孛由补剌","0","2","2"
"孛由补剌者","0","2","2"
"由补剌者吾","0","2","2"
"孛由补刺者","0","2","2"
"由补刺者吾","0","2","2"
"宝脱秃花又","0","2","2"
"宝脱秃花对","0","2","2"
"与宝脱秃花","0","2","2"
"的宣慰司官","0","2","2"
"在八节涧会","0","2","2"
"至麻喏巴歇","0","2","2"
"采纳了这意","0","2","2"
"纳了这意见","0","2","2"
