"N-gram","原文","翻译","Total"
"开府仪同三","29","31","60"
"府仪同三司","29","31","60"
"武卫大将军","19","19","38"
"通直散骑常","17","17","34"
"直散骑常侍","17","17","34"
"尚书右仆射","17","16","33"
"左卫大将军","16","16","32"
"高祖为北周","0","31","31"
"尚书左仆射","15","15","30"
"冢宰宇文护","15","15","30"
"右卫大将军","15","14","29"
"为北周丞相","0","29","29"
"大冢宰宇文","14","14","28"
"祖为北周丞","0","28","28"
"翊卫大将军","13","14","27"
"隋高祖为北","0","26","26"
"河南洛阳人","12","12","24"
"车骑大将军","11","11","22"
"银青光禄大","11","11","22"
"青光禄大夫","11","11","22"
"道行台尚书","11","10","21"
"左翊卫大将","10","11","21"
"以行军总管","0","21","21"
"州总管长史","10","10","20"
"大将军宇文","10","10","20"
"左光禄大夫","10","10","20"
"过了一年多","0","20","20"
"遣使贡方物","18","0","18"
"右武卫大将","9","9","18"
"进位上柱国","16","2","18"
"紫光禄大夫","9","9","18"
"金紫光禄大","9","8","17"
"将军宇文述","8","9","17"
"高祖受北周","0","17","17"
"炀帝即位后","0","17","17"
"进位大将军","14","2","16"
"州总管司马","8","8","16"
"左武卫大将","8","8","16"
"骁卫大将军","8","8","16"
"右光禄大夫","8","8","16"
"治书侍御史","8","8","16"
"任命上柱国","0","16","16"
"祖受北周禅","0","16","16"
"受北周禅让","0","16","16"
"军总管身份","0","16","16"
"骠骑大将军","7","8","15"
"南道行台尚","8","7","15"
"遣散骑常侍","13","2","15"
"以本官身份","0","15","15"
"行军总管身","0","15","15"
"北周丞相时","0","14","14"
"北周丞相后","0","14","14"
"高祖受禅后","0","14","14"
"为行军总管","0","14","14"
"进位上开府","11","2","13"
"兼通直散骑","0","13","13"
"任行军总管","0","13","13"
"河北道行台","6","6","12"
"散骑常侍王","6","6","12"
"左仆射高颎","12","0","12"
"行台尚书令","6","6","12"
"吏部尚书牛","6","6","12"
"部尚书牛弘","6","6","12"
"卫大将军宇","5","7","12"
"仪同大将军","6","6","12"
"帝亲总万机","9","3","12"
"御正下大夫","6","6","12"
"内史下大夫","6","6","12"
"派遣兼散骑","0","12","12"
"派遣使者来","0","12","12"
"左仆射高赹","0","12","12"
"高祖文皇帝","5","6","11"
"屯卫大将军","6","5","11"
"授仪同三司","7","4","11"
"周大冢宰宇","7","4","11"
"遣使者来朝","0","11","11"
"齐王宇文宪","0","11","11"
"晋王杨广为","0","11","11"
"遣兼散骑常","0","11","11"
"兼散骑常侍","0","11","11"
"为仪同三司","0","11","11"
"为上大将军","0","11","11"
"内史上大夫","5","5","10"
"左仆射杨素","5","5","10"
"民部尚书樊","5","5","10"
"部尚书樊子","5","5","10"
"尚书樊子盖","5","5","10"
"左武卫将军","5","5","10"
"四州诸军事","5","5","10"
"武帝亲总万","7","3","10"
"打败了他们","0","10","10"
"大赦天下囚","0","10","10"
"赦天下囚犯","0","10","10"
"年正月初一","0","10","10"
"领军大将军","0","10","10"
"为礼部尚书","0","10","10"
"食邑一千户","0","10","10"
"北周禅让后","0","10","10"
"在官任上去","0","10","10"
"官任上去世","0","10","10"
"武候大将军","8","1","9"
"突厥沙钵略","6","3","9"
"右骁卫大将","5","4","9"
"二千五百户","5","4","9"
"进位上大将","9","0","9"
"位上大将军","9","0","9"
"开皇十七年","1","8","9"
"宰宇文护引","7","2","9"
"一千五百户","1","8","9"
"安定乌氏人","5","4","9"
"他就是这样","0","9","9"
"周宣帝即位","0","9","9"
"尉迟迥作乱","0","9","9"
"高祖任命上","0","9","9"
"为行军元帅","0","9","9"
"食邑三千户","0","9","9"
"他为大将军","0","9","9"
"一天比一天","0","9","9"
"北周武帝时","0","9","9"
"炀帝继位后","0","9","9"
"杨玄感造反","0","9","9"
"隋高祖受禅","0","9","9"
"宇文护执政","4","4","8"
"行台尚书省","4","4","8"
"部尚书苏威","4","4","8"
"州总管宇文","4","4","8"
"部尚书卫玄","4","4","8"
"候卫大将军","7","1","8"
"左屯卫大将","4","4","8"
"礼部尚书杨","4","4","8"
"部尚书杨玄","4","4","8"
"尚书杨玄感","4","4","8"
"将军屈突通","4","4","8"
"上仪同三司","4","4","8"
"内史中大夫","4","4","8"
"上柱国元谐","4","4","8"
"十四州诸军","4","4","8"
"卫大将军元","4","4","8"
"道行军总管","4","4","8"
"员外散骑侍","4","4","8"
"外散骑侍郎","4","4","8"
"食邑五千户","1","7","8"
"鸿胪监护丧","5","3","8"
"胪监护丧事","5","3","8"
"民部中大夫","4","4","8"
"益州总管长","4","4","8"
"时年六十八","4","4","8"
"中外府记室","4","4","8"
"复行军总管","8","0","8"
"邑一千二百","2","6","8"
"一千二百户","2","6","8"
"武侯大将军","1","7","8"
"周武帝平定","0","8","8"
"武帝平定北","0","8","8"
"帝平定北齐","0","8","8"
"为尚书右仆","0","8","8"
"派遣使者上","0","8","8"
"遣使者上贡","0","8","8"
"祖任命上柱","0","8","8"
"皇太子杨勇","0","8","8"
"品以上官员","0","8","8"
"为开府仪同","0","8","8"
"升任上柱国","0","8","8"
"累次升迁到","0","8","8"
"食邑五百户","0","8","8"
"食邑二千户","0","8","8"
"隋高祖受北","0","8","8"
"尉迟迥造反","0","8","8"
"在平定陈国","0","8","8"
"平定陈国的","0","8","8"
"赐他缣纟采","0","8","8"
"陈遣散骑常","7","0","7"
"右军大将军","7","0","7"
"总管宇文弼","3","4","7"
"周武帝平齐","6","1","7"
"陈将吴明彻","5","2","7"
"正月十五日","3","4","7"
"开皇十九年","2","5","7"
"开皇十八年","1","6","7"
"开皇十一年","3","4","7"
"使者来朝上","0","7","7"
"者来朝上贡","0","7","7"
"的两个儿子","0","7","7"
"平定尉迟迥","0","7","7"
"任命晋王杨","0","7","7"
"使者上贡土","0","7","7"
"者上贡土产","0","7","7"
"按等级赏赐","0","7","7"
"沙钵略可汗","0","7","7"
"月二十一日","0","7","7"
"为工部尚书","0","7","7"
"巡幸仁寿宫","0","7","7"
"侯卫大将军","0","7","7"
"以防备胡人","0","7","7"
"随炀帝征讨","0","7","7"
"继而授他为","0","7","7"
"平定陈国后","0","7","7"
"县公的爵位","0","7","7"
"定陈国的战","0","7","7"
"陈国的战争","0","7","7"
"国的战争中","0","7","7"
"征讨吐谷浑","0","7","7"
"食邑一千五","0","7","7"
"邑一千五百","0","7","7"
"兼任行军总","0","7","7"
"炀帝巡幸江","0","7","7"
"帝巡幸江都","0","7","7"
"上柱国王谊","3","3","6"
"北道行台尚","3","3","6"
"河南道行台","3","3","6"
"刺史皇甫绩","3","3","6"
"卫大将军李","3","3","6"
"行军总管李","3","3","6"
"上柱国宇文","3","3","6"
"邳国公苏威","3","3","6"
"申国公李穆","3","3","6"
"州总管韦世","3","3","6"
"总管韦世康","3","3","6"
"工部尚书杨","3","3","6"
"太平公史万","3","3","6"
"平公史万岁","3","3","6"
"上柱国王世","3","3","6"
"柱国王世积","3","3","6"
"遣行军总管","3","3","6"
"书左仆射杨","3","3","6"
"右武卫将军","3","3","6"
"尚书令杨素","3","3","6"
"部尚书宇文","3","3","6"
"兵部尚书段","3","3","6"
"部尚书段文","3","3","6"
"尚书段文振","3","3","6"
"右屯卫将军","3","3","6"
"刑部尚书卫","3","3","6"
"兵部侍郎斛","3","3","6"
"部侍郎斛斯","3","3","6"
"侍郎斛斯政","3","3","6"
"卫将军屈突","3","3","6"
"右御卫大将","3","3","6"
"御卫大将军","3","3","6"
"右御卫将军","3","3","6"
"御卫将军陈","3","3","6"
"卫将军陈棱","3","3","6"
"右翊卫大将","3","3","6"
"太子西征吐","3","3","6"
"子西征吐谷","3","3","6"
"西征吐谷浑","3","3","6"
"官府都上士","3","3","6"
"二州诸军事","3","3","6"
"时年五十二","4","2","6"
"二十四州诸","3","3","6"
"赐物二千段","5","1","6"
"州道行军总","3","3","6"
"宰宇文护见","3","3","6"
"进位光禄大","6","0","6"
"位光禄大夫","6","0","6"
"道行军元帅","3","3","6"
"邑千五百户","6","0","6"
"京兆杜陵人","3","3","6"
"杨玄感作乱","4","2","6"
"兵部尚书柳","3","3","6"
"部尚书柳述","3","3","6"
"陇西狄道人","3","3","6"
"员外散骑常","3","3","6"
"外散骑常侍","3","3","6"
"扬州总管司","3","3","6"
"时年六十三","3","3","6"
"汉王谅作乱","6","0","6"
"事黄门侍郎","3","3","6"
"赞治裴弘策","3","3","6"
"韦孝宽经略","3","3","6"
"孝宽经略淮","3","3","6"
"宽经略淮南","3","3","6"
"黄门侍郎裴","3","3","6"
"门侍郎裴矩","3","3","6"
"月二十九日","1","5","6"
"博陵安平人","3","3","6"
"就是这样被","0","6","6"
"合我的心意","0","6","6"
"越王宇文盛","0","6","6"
"为益州总管","0","6","6"
"任命大将军","0","6","6"
"命晋王杨广","0","6","6"
"为并州总管","0","6","6"
"河间王杨弘","0","6","6"
"为信州总管","0","6","6"
"右领军大将","0","6","6"
"为吏部尚书","0","6","6"
"十一月初三","0","6","6"
"突厥进犯边","0","6","6"
"为刑部尚书","0","6","6"
"山以东地区","0","6","6"
"宇文述等人","0","6","6"
"任并州总管","0","6","6"
"上表请求退","0","6","6"
"表请求退休","0","6","6"
"卫王宇文直","0","6","6"
"周宣帝继位","0","6","6"
"食邑三百户","0","6","6"
"为扬州总管","0","6","6"
"对侍臣们说","0","6","6"
"炀帝不高兴","0","6","6"
"任光禄大夫","0","6","6"
"他的弟弟杨","0","6","6"
"本官身份兼","0","6","6"
"官身份兼任","0","6","6"
"食邑一千二","0","6","6"
"升任上开府","0","6","6"
"长期观测积","0","6","6"
"期观测积累","0","6","6"
"二年春正月","4","1","5"
"年春正月癸","5","0","5"
"年春正月甲","5","0","5"
"年春正月乙","5","0","5"
"年春正月壬","5","0","5"
"国遣使贡方","5","0","5"
"民部尚书韦","2","3","5"
"上表乞骸骨","5","0","5"
"赐奴婢百口","4","1","5"
"加授上开府","2","3","5"
"上开府仪同","2","3","5"
"高智慧等作","5","0","5"
"智慧等作乱","5","0","5"
"奴婢二百口","3","2","5"
"邗国公杨惠","3","2","5"
"宇文化弑逆","5","0","5"
"邑二千五百","3","2","5"
"赐奴婢六十","3","2","5"
"二月十五日","1","4","5"
"右武侯大将","1","4","5"
"大业十三年","1","4","5"
"深末怛室韦","2","3","5"
"十二月初三","0","5","5"
"突厥派遣使","0","5","5"
"厥派遣使者","0","5","5"
"符合我的心","0","5","5"
"皇上十分高","0","5","5"
"上十分高兴","0","5","5"
"在皇上面前","0","5","5"
"一年多以后","0","5","5"
"高祖的母亲","0","5","5"
"赵王宇文招","0","5","5"
"陈王宇文纯","0","5","5"
"于是下诏书","0","5","5"
"高祖下诏令","0","5","5"
"打败突厥军","0","5","5"
"为兵部尚书","0","5","5"
"高丽国派遣","0","5","5"
"丽国派遣使","0","5","5"
"国派遣使者","0","5","5"
"陈朝派遣兼","0","5","5"
"朝派遣兼散","0","5","5"
"梁国国君萧","0","5","5"
"为安州总管","0","5","5"
"高祖从仁寿","0","5","5"
"祖从仁寿宫","0","5","5"
"高祖巡幸仁","0","5","5"
"祖巡幸仁寿","0","5","5"
"厥进犯边塞","0","5","5"
"高智慧等人","0","5","5"
"将军来护儿","0","5","5"
"为民部尚书","0","5","5"
"皇上嘉奖他","0","5","5"
"大业十一年","0","5","5"
"增加食邑一","0","5","5"
"加食邑一千","0","5","5"
"授他为大将","0","5","5"
"为光禄大夫","0","5","5"
"授为仪同三","0","5","5"
"升任大将军","0","5","5"
"于骑马射箭","0","5","5"
"宣帝继位后","0","5","5"
"任银青光禄","0","5","5"
"给他的赏赐","0","5","5"
"有诏书调他","0","5","5"
"就成了孤儿","0","5","5"
"对群臣们说","0","5","5"
"周齐王宇文","0","5","5"
"封他的儿子","0","5","5"
"平定北齐后","0","5","5"
"升任上大将","0","5","5"
"任上大将军","0","5","5"
"高祖受禅登","0","5","5"
"因遭母丧而","0","5","5"
"遭母丧而离","0","5","5"
"母丧而离职","0","5","5"
"升任光禄大","0","5","5"
"玄感造反时","0","5","5"
"有文才武略","0","5","5"
"宇文化及杀","0","5","5"
"宣帝即位后","0","5","5"
"任工部尚书","0","5","5"
"了他的意见","0","5","5"
"又以行军总","0","5","5"
"行军总管的","0","5","5"
"越级提拔他","0","5","5"
"级提拔他当","0","5","5"
"他以行军总","0","5","5"
"晋王杨广镇","0","5","5"
"王杨广镇守","0","5","5"
"高祖即位后","0","5","5"
"任尚书左丞","0","5","5"
"上亲录囚徒","4","0","4"
"都督内外诸","3","1","4"
"督内外诸军","3","1","4"
"内外诸军事","3","1","4"
"相州总管尉","2","2","4"
"郧国公韦孝","2","2","4"
"国公韦孝宽","2","2","4"
"雍州牧毕王","2","2","4"
"州总管贺若","2","2","4"
"东京小冢宰","2","2","4"
"左武候大将","3","1","4"
"幸安成长公","2","2","4"
"安成长公主","2","2","4"
"西南道行台","2","2","4"
"上柱国李充","2","2","4"
"州刺史皇甫","2","2","4"
"上柱国叱李","2","2","4"
"柱国叱李长","2","2","4"
"国叱李长叉","2","2","4"
"三年春正月","4","0","4"
"高丽遣使朝","4","0","4"
"散骑常侍贺","2","2","4"
"上柱国达奚","2","2","4"
"柱国达奚长","2","2","4"
"国达奚长儒","2","2","4"
"散骑常侍薛","2","2","4"
"元帅窦荣定","2","2","4"
"夏四月己亥","4","0","4"
"邓国公窦炽","2","2","4"
"总管贺娄子","2","2","4"
"管贺娄子干","2","2","4"
"书左仆射高","2","2","4"
"左军大将军","4","0","4"
"遣民部尚书","2","2","4"
"散骑常侍崔","2","2","4"
"朔州总管吐","2","2","4"
"州总管吐万","2","2","4"
"总管吐万绪","2","2","4"
"民部尚书苏","2","2","4"
"上柱国崔弘","2","2","4"
"柱国崔弘度","2","2","4"
"散骑常侍周","2","2","4"
"州刺史段文","2","2","4"
"刺史段文振","2","2","4"
"国公梁士彦","2","2","4"
"国公宇文忻","2","2","4"
"山南道行台","2","2","4"
"厥沙钵略汗","4","0","4"
"吏部尚书苏","2","2","4"
"淮南行台省","2","2","4"
"清河公杨素","2","2","4"
"素行军元帅","4","0","4"
"州刺史刘仁","2","2","4"
"刺史刘仁恩","2","2","4"
"宜阳公王世","2","2","4"
"阳公王世积","2","2","4"
"新义公韩擒","2","2","4"
"襄邑公贺若","2","2","4"
"邑公贺若弼","2","2","4"
"落丛公燕荣","2","2","4"
"州总管杨素","2","2","4"
"州刺史豆卢","2","2","4"
"刺史豆卢通","2","2","4"
"右武候大将","4","0","4"
"州总管周摇","2","2","4"
"沛国公郑译","2","2","4"
"年春正月辛","4","0","4"
"达头汗犯塞","4","0","4"
"太常卿牛弘","2","2","4"
"部尚书杨达","2","2","4"
"将军段文振","2","2","4"
"吴州总管宇","2","2","4"
"将作大匠宇","2","2","4"
"作大匠宇文","2","2","4"
"大匠宇文恺","2","2","4"
"卫大将军郭","2","2","4"
"大将军郭衍","2","2","4"
"大将军李景","2","2","4"
"内史侍郎虞","2","2","4"
"史侍郎虞世","2","2","4"
"侍郎虞世基","2","2","4"
"大将军姚辩","2","2","4"
"左屯卫将军","2","2","4"
"尚书宇文弼","2","2","4"
"三千五百人","2","2","4"
"右候卫大将","4","0","4"
"意利珍豆启","2","2","4"
"太仆卿杨义","2","2","4"
"仆卿杨义臣","2","2","4"
"右屯卫大将","2","2","4"
"贲郎将陈棱","2","2","4"
"左骁卫大将","2","2","4"
"武威太守樊","2","2","4"
"威太守樊子","2","2","4"
"太守樊子盖","2","2","4"
"左候卫大将","3","1","4"
"内史令元寿","2","2","4"
"尚书右丞刘","2","2","4"
"书右丞刘士","2","2","4"
"右丞刘士龙","2","2","4"
"军屈突通等","2","2","4"
"贲郎将费青","2","2","4"
"郎将费青奴","2","2","4"
"将军吐万绪","2","2","4"
"贼帅司马长","2","2","4"
"帅司马长安","2","2","4"
"将军潘长文","2","2","4"
"江都郡丞王","2","2","4"
"都郡丞王世","2","2","4"
"郡丞王世充","2","2","4"
"贼帅卢明月","2","2","4"
"光禄大夫段","2","2","4"
"禄大夫段达","2","2","4"
"太府卿元文","2","2","4"
"府卿元文都","2","2","4"
"部尚书韦津","2","2","4"
"武卫将军皇","2","2","4"
"卫将军皇甫","2","2","4"
"贼帅徐圆朗","2","2","4"
"聚众万余人","2","2","4"
"遣武贲郎将","4","0","4"
"贲郎将刘长","2","2","4"
"郎将刘长恭","2","2","4"
"淮阳太守赵","2","2","4"
"武阳郡丞元","2","2","4"
"阳郡丞元宝","2","2","4"
"郡丞元宝藏","2","2","4"
"贼帅李文相","2","2","4"
"贲郎将高毗","2","2","4"
"贲郎将裴仁","2","2","4"
"郎将裴仁基","2","2","4"
"御史大夫裴","2","2","4"
"史大夫裴蕴","2","2","4"
"英果中大夫","2","2","4"
"检校襄州总","2","2","4"
"校襄州总管","2","2","4"
"太府中大夫","2","2","4"
"司武上大夫","2","2","4"
"率行军总管","3","1","4"
"御正中大夫","2","2","4"
"正中大夫颜","2","2","4"
"高祖令韦孝","2","2","4"
"祖令韦孝宽","2","2","4"
"书侍御史梁","2","2","4"
"侍御史梁毗","2","2","4"
"慧等作乱江","4","0","4"
"等作乱江南","4","0","4"
"十二州诸军","2","2","4"
"太子左庶子","2","2","4"
"赐奴婢二百","3","1","4"
"宰宇文护执","2","2","4"
"桂州人李光","2","2","4"
"州人李光仕","2","2","4"
"行军总管讨","4","0","4"
"刺史上官政","2","2","4"
"稍伯下大夫","2","2","4"
"国子博士何","2","2","4"
"子博士何妥","2","2","4"
"部尚书卢恺","2","2","4"
"侍郎薛道衡","2","2","4"
"时天下大乱","2","2","4"
"南道行军元","2","2","4"
"大将军刘建","2","2","4"
"授开府仪同","2","2","4"
"御正上大夫","2","2","4"
"宰宇文护召","1","3","4"
"司会中大夫","2","2","4"
"道行台兵部","2","2","4"
"行台兵部尚","2","2","4"
"台兵部尚书","2","2","4"
"突厥达头汗","4","0","4"
"吏部尚书事","2","2","4"
"周骠骑大将","2","2","4"
"宇文护引中","4","0","4"
"文护引中外","4","0","4"
"邑千二百户","4","0","4"
"开皇十五年","1","3","4"
"时年五十八","2","2","4"
"时年六十六","2","2","4"
"州刺史宇文","2","2","4"
"魏武帝入关","2","2","4"
"斩首千馀级","4","0","4"
"职方中大夫","2","2","4"
"上党文宣王","2","2","4"
"时年六十二","2","2","4"
"汝南公宇文","2","2","4"
"南公宇文神","2","2","4"
"右骁卫将军","2","2","4"
"州总管司录","2","2","4"
"夏官府都上","2","2","4"
"进位银青光","4","0","4"
"位银青光禄","4","0","4"
"掌朝下大夫","2","2","4"
"南道大行台","2","2","4"
"天官都上士","2","2","4"
"行军总管率","3","1","4"
"赐物三千段","4","0","4"
"杨义臣率兵","1","3","4"
"左御卫将军","2","2","4"
"武卫将军屈","2","2","4"
"行台右仆射","2","2","4"
"奴婢三百口","2","2","4"
"应州刺史唐","2","2","4"
"州刺史唐君","2","2","4"
"刺史唐君明","2","2","4"
"右仆射杨素","2","2","4"
"河南赞治裴","2","2","4"
"南赞治裴弘","2","2","4"
"影一丈二尺","2","2","4"
"第一纪甲子","3","1","4"
"十一月庚戌","2","2","4"
"十一月二十","1","3","4"
"奴婢二十口","2","2","4"
"通守张须陀","2","2","4"
"计一百八十","2","2","4"
"一百八十二","2","2","4"
"行一百七十","2","2","4"
"大业十二年","1","3","4"
"贲郎将司马","2","2","4"
"郎将司马德","2","2","4"
"将司马德戡","2","2","4"
"武贲郎将元","2","2","4"
"贲郎将元礼","2","2","4"
"直阁裴虔通","2","2","4"
"内史舍人元","2","2","4"
"史舍人元敏","2","2","4"
"鹰扬郎将孟","2","2","4"
"符玺郎李覆","2","2","4"
"直长许弘仁","2","2","4"
"城门郎唐奉","2","2","4"
"门郎唐奉义","2","2","4"
"医正张恺等","2","2","4"
"涿郡范阳人","2","2","4"
"河东汾阴人","2","2","4"
"河东闻喜人","2","2","4"
"被调回京师","0","4","4"
"的儿子玄感","0","4","4"
"那里的百姓","0","4","4"
"了非常高兴","0","4","4"
"调泛滥就会","0","4","4"
"秦王杨俊为","0","4","4"
"为右武卫大","0","4","4"
"败突厥军队","0","4","4"
"为都官尚书","0","4","4"
"为徐州总管","0","4","4"
"高祖派遣兼","0","4","4"
"祖派遣兼散","0","4","4"
"打败吐谷浑","0","4","4"
"在太庙祭祀","0","4","4"
"在南郊祭祀","0","4","4"
"为囚徒减罪","0","4","4"
"为夏州总管","0","4","4"
"为云州总管","0","4","4"
"左领军大将","0","4","4"
"为朔州总管","0","4","4"
"高祖下诏说","0","4","4"
"为左卫大将","0","4","4"
"来朝上贡土","0","4","4"
"朝上贡土产","0","4","4"
"开皇十二年","0","4","4"
"杨素为尚书","0","4","4"
"开皇十三年","0","4","4"
"月二十七日","0","4","4"
"九品以上官","0","4","4"
"为荆州总管","0","4","4"
"开皇二十年","0","4","4"
"第二个儿子","0","4","4"
"黄河以北地","0","4","4"
"河以北地区","0","4","4"
"来贡献土产","0","4","4"
"右侯卫大将","0","4","4"
"吐谷浑国主","0","4","4"
"玄感在黎阳","0","4","4"
"太子之位的","0","4","4"
"没有比这更","0","4","4"
"增加食邑三","0","4","4"
"到这个地步","0","4","4"
"的有一百多","0","4","4"
"有一百多人","0","4","4"
"食邑八百户","0","4","4"
"郡公的爵位","0","4","4"
"任怀州刺史","0","4","4"
"韦孝宽讨伐","0","4","4"
"被疏远猜忌","0","4","4"
"文武百官都","0","4","4"
"不久授他为","0","4","4"
"在家中去世","0","4","4"
"采纳了他的","0","4","4"
"亲近的人说","0","4","4"
"北周齐王宇","0","4","4"
"任北周丞相","0","4","4"
"吐谷浑进犯","0","4","4"
"发起辽东战","0","4","4"
"起辽东战争","0","4","4"
"任右卫大将","0","4","4"
"郁郁不得志","0","4","4"
"为尚书左仆","0","4","4"
"皇上对高颎","0","4","4"
"过了一个多","0","4","4"
"了一个多月","0","4","4"
"突厥人包围","0","4","4"
"授他上开府","0","4","4"
"的女儿嫁给","0","4","4"
"于是派使者","0","4","4"
"年六十八岁","0","4","4"
"升任银青光","0","4","4"
"州二州刺史","0","4","4"
"任相州刺史","0","4","4"
"能干的名声","0","4","4"
"任兵部尚书","0","4","4"
"周武帝亲理","0","4","4"
"武帝亲理万","0","4","4"
"帝亲理万机","0","4","4"
"皇上认为他","0","4","4"
"因母丧离职","0","4","4"
"祖受禅登基","0","4","4"
"加授上仪同","0","4","4"
"皇上很高兴","0","4","4"
"北周大冢宰","0","4","4"
"的弟弟杨约","0","4","4"
"高祖拜杨素","0","4","4"
"升为上大将","0","4","4"
"对他很亲近","0","4","4"
"高祖很高兴","0","4","4"
"军总管的身","0","4","4"
"总管的身份","0","4","4"
"斩首一千多","0","4","4"
"首一千多级","0","4","4"
"令有关部门","0","4","4"
"突厥人进犯","0","4","4"
"精锐的骑兵","0","4","4"
"隋高祖即位","0","4","4"
"皇上很赞赏","0","4","4"
"上很赞赏他","0","4","4"
"任刑部尚书","0","4","4"
"被亲近重用","0","4","4"
"这是必克江","0","4","4"
"是必克江南","0","4","4"
"必克江南的","0","4","4"
"克江南的第","0","4","4"
"的妻子儿女","0","4","4"
"他又以行军","0","4","4"
"赐他缣帛三","0","4","4"
"他缣帛三千","0","4","4"
"炀帝很高兴","0","4","4"
"炀帝征讨吐","0","4","4"
"帝征讨吐谷","0","4","4"
"辽东战争中","0","4","4"
"缣纟采二千","0","4","4"
"至日影长一","0","4","4"
"胄玄根据长","0","4","4"
"玄根据长期","0","4","4"
"根据长期观","0","4","4"
"据长期观测","0","4","4"
"时军国多务","3","0","3"
"授散骑常侍","2","1","3"
"转亳州总管","3","0","3"
"州总管尉迟","1","2","3"
"总管尉迟迥","1","2","3"
"四年春正月","3","0","3"
"五年春正月","3","0","3"
"六年春正月","3","0","3"
"舒国公刘昉","2","1","3"
"八年春正月","3","0","3"
"义公韩擒虎","1","2","3"
"九年春正月","3","0","3"
"苏威尚书右","3","0","3"
"威尚书右仆","3","0","3"
"卫大将军虞","2","1","3"
"大将军虞庆","2","1","3"
"十年春正月","3","0","3"
"年春正月丁","3","0","3"
"遣通事舍人","2","1","3"
"靺鞨遣使贡","3","0","3"
"鞨遣使贡方","3","0","3"
"州刺史席代","1","2","3"
"刺史席代雅","1","2","3"
"冬十月己丑","3","0","3"
"国王世积讨","2","1","3"
"谅行军元帅","3","0","3"
"死者十八九","3","0","3"
"熙州人李英","1","2","3"
"州人李英林","1","2","3"
"晋王广皇太","3","0","3"
"王广皇太子","3","0","3"
"六月十三日","1","2","3"
"大将军段文","2","1","3"
"淮南道行台","2","1","3"
"郡男女百余","2","1","3"
"男女百余万","2","1","3"
"遣黄门侍郎","2","1","3"
"大理卿梁毗","2","1","3"
"卫大将军张","2","1","3"
"伊吾吐屯设","2","1","3"
"吾吐屯设等","2","1","3"
"武贲郎将陈","2","1","3"
"改封安德王","2","1","3"
"女华容公主","2","1","3"
"左候卫将军","2","1","3"
"余杭人刘元","1","2","3"
"杭人刘元进","1","2","3"
"武贲郎将高","3","0","3"
"虏男女数千","1","2","3"
"聚众十余万","1","2","3"
"武贲郎将王","2","1","3"
"天下精兵处","3","0","3"
"粟麦二千斛","2","1","3"
"前后部羽葆","2","1","3"
"后部羽葆鼓","2","1","3"
"部羽葆鼓吹","2","1","3"
"后齐州刺史","3","0","3"
"加光禄大夫","3","0","3"
"武贲郎将裴","2","1","3"
"授上开府仪","2","1","3"
"帝复征辽东","3","0","3"
"周闵帝受禅","2","1","3"
"赐物五千段","3","0","3"
"高祖扬州总","3","0","3"
"祖扬州总管","3","0","3"
"受高祖节度","2","1","3"
"内史令李德","1","2","3"
"史令李德林","1","2","3"
"时司马消难","1","2","3"
"知高祖非常","3","0","3"
"顾谓群臣曰","3","0","3"
"时年七十二","2","1","3"
"将吴明彻吕","3","0","3"
"吴明彻吕梁","3","0","3"
"授相州刺史","2","1","3"
"豫章太守徐","2","1","3"
"功进位柱国","3","0","3"
"大将军元旻","3","0","3"
"时突厥屡寇","3","0","3"
"突厥屡寇患","3","0","3"
"加上大将军","3","0","3"
"进位左光禄","3","0","3"
"位左光禄大","3","0","3"
"时年八十二","2","1","3"
"令黄门侍郎","3","0","3"
"丞相府司马","1","2","3"
"总管二十四","1","2","3"
"管二十四州","1","2","3"
"宇文化杀逆","3","0","3"
"请西岳华山","2","1","3"
"仁寿中卒官","3","0","3"
"护引中外府","3","0","3"
"引中外府记","3","0","3"
"太子右卫率","2","1","3"
"率步骑二万","3","0","3"
"周汾州刺史","2","1","3"
"厥达头汗犯","3","0","3"
"武帝拔晋州","3","0","3"
"随魏武帝入","1","2","3"
"高祖定州总","3","0","3"
"祖定州总管","3","0","3"
"率精骑五千","3","0","3"
"授银青光禄","2","1","3"
"男女万馀口","3","0","3"
"行军总管击","3","0","3"
"突厥雍虞闾","2","1","3"
"晋王广镇州","3","0","3"
"王谅作乱州","3","0","3"
"授扬州总管","3","0","3"
"赐物三百段","3","0","3"
"赐奴婢一百","2","1","3"
"伊阙令皇甫","2","1","3"
"阙令皇甫诩","2","1","3"
"弘农华阴人","2","1","3"
"世祖明皇帝","1","2","3"
"赐缣三千匹","3","0","3"
"晋王广镇扬","3","0","3"
"王广镇扬州","3","0","3"
"授光禄大夫","2","1","3"
"迁黄门侍郎","2","1","3"
"迁治书侍御","3","0","3"
"食邑七百户","1","2","3"
"进位金紫光","3","0","3"
"位金紫光禄","3","0","3"
"时代州总管","2","1","3"
"食邑四千户","1","2","3"
"时年五十九","1","2","3"
"奴婢六十口","2","1","3"
"日影一丈二","1","2","3"
"一月庚戌冬","2","1","3"
"十二月十五","1","2","3"
"杨玄感黎阳","3","0","3"
"平原贼帅郝","2","1","3"
"原贼帅郝孝","2","1","3"
"贼帅郝孝德","2","1","3"
"番禺人王仲","1","2","3"
"禺人王仲宣","1","2","3"
"武贲郎将司","2","1","3"
"义宁二年三","1","2","3"
"宁二年三月","1","2","3"
"弘农郡华阴","1","2","3"
"派使者来朝","0","3","3"
"符合朕的心","0","3","3"
"合朕的心意","0","3","3"
"是这样被看","0","3","3"
"这样被看重","0","3","3"
"对李德林说","0","3","3"
"他复职管事","0","3","3"
"他的儿子玄","0","3","3"
"优厚的待遇","0","3","3"
"皇上为之动","0","3","3"
"上为之动容","0","3","3"
"帝听了他的","0","3","3"
"了他的建议","0","3","3"
"皇上同意了","0","3","3"
"住在驿站里","0","3","3"
"泛滥就会产","0","3","3"
"滥就会产生","0","3","3"
"庾质回答说","0","3","3"
"这个孩子的","0","3","3"
"国公的爵位","0","3","3"
"任城王高氵","0","3","3"
"城王高氵皆","0","3","3"
"为定州总管","0","3","3"
"任亳州总管","0","3","3"
"滕王宇文荄","0","3","3"
"首级传到京","0","3","3"
"级传到京师","0","3","3"
"二年正月初","0","3","3"
"命蜀王杨秀","0","3","3"
"都派遣使者","0","3","3"
"为度支尚书","0","3","3"
"任命豫州刺","0","3","3"
"命豫州刺史","0","3","3"
"任国公于翼","0","3","3"
"为兰州总管","0","3","3"
"达奚长儒为","0","3","3"
"高祖任命尚","0","3","3"
"祖任命尚书","0","3","3"
"任命尚书右","0","3","3"
"命尚书右仆","0","3","3"
"高祖任命豫","0","3","3"
"高祖在太庙","0","3","3"
"祖在太庙祭","0","3","3"
"国国君萧岿","0","3","3"
"高祖任命柱","0","3","3"
"祖任命柱国","0","3","3"
"并按等级赏","0","3","3"
"高祖亲自讯","0","3","3"
"祖亲自讯视","0","3","3"
"为左领军大","0","3","3"
"为右领军大","0","3","3"
"厥沙钵略可","0","3","3"
"钵略可汗派","0","3","3"
"黄河以南各","0","3","3"
"十二月二十","0","3","3"
"为襄州总管","0","3","3"
"万人修筑长","0","3","3"
"人修筑长城","0","3","3"
"九月十三日","0","3","3"
"九年正月初","0","3","3"
"为右卫大将","0","3","3"
"管韦世康为","0","3","3"
"命吏部尚书","0","3","3"
"广平王杨雄","0","3","3"
"月二十二日","0","3","3"
"柱国杜彦为","0","3","3"
"为广州总管","0","3","3"
"汉王杨谅为","0","3","3"
"命工部尚书","0","3","3"
"为吴州总管","0","3","3"
"十一月初九","0","3","3"
"开皇十六年","0","3","3"
"以上官员的","0","3","3"
"五品以上官","0","3","3"
"杨谅为行军","0","3","3"
"谅为行军元","0","3","3"
"十分之八九","0","3","3"
"派遣行军总","0","3","3"
"王杨日柬为","0","3","3"
"管宇文弼为","0","3","3"
"高祖的灵柩","0","3","3"
"平定了他们","0","3","3"
"的第二个儿","0","3","3"
"容貌仪表很","0","3","3"
"升为上柱国","0","3","3"
"善于写文章","0","3","3"
"京朝见天子","0","3","3"
"任行军元帅","0","3","3"
"平定了叛乱","0","3","3"
"征调成年男","0","3","3"
"调成年男子","0","3","3"
"为右武侯大","0","3","3"
"进入太微星","0","3","3"
"为太子太师","0","3","3"
"安德王杨雄","0","3","3"
"为太子太保","0","3","3"
"各自的才能","0","3","3"
"自古以来的","0","3","3"
"崤山以东地","0","3","3"
"启民可汗派","0","3","3"
"都派使臣来","0","3","3"
"齐王杨日柬","0","3","3"
"派使臣前来","0","3","3"
"来朝见天子","0","3","3"
"十多个国家","0","3","3"
"在天下太平","0","3","3"
"黄河以南地","0","3","3"
"河以南地区","0","3","3"
"左侯卫大将","0","3","3"
"皇上到东都","0","3","3"
"以宗室之女","0","3","3"
"人数多达数","0","3","3"
"数多达数万","0","3","3"
"杨玄感在黎","0","3","3"
"皇上车驾驻","0","3","3"
"上车驾驻扎","0","3","3"
"车驾驻扎在","0","3","3"
"全部俘虏了","0","3","3"
"虎贲郎将高","0","3","3"
"击败了他们","0","3","3"
"有夺取太子","0","3","3"
"夺取太子之","0","3","3"
"取太子之位","0","3","3"
"子之位的计","0","3","3"
"理国家大事","0","3","3"
"进位为大将","0","3","3"
"位为大将军","0","3","3"
"落到这个地","0","3","3"
"转任并州总","0","3","3"
"增加食邑到","0","3","3"
"祖为北周宰","0","3","3"
"为北周宰相","0","3","3"
"北周宰相时","0","3","3"
"迟迥作乱造","0","3","3"
"迥作乱造反","0","3","3"
"任荆州总管","0","3","3"
"爵位为公爵","0","3","3"
"因功被授为","0","3","3"
"授为上仪同","0","3","3"
"对皇太子说","0","3","3"
"派武贲郎将","0","3","3"
"的妻子宇文","0","3","3"
"妻子宇文氏","0","3","3"
"全部流放到","0","3","3"
"为元帅长史","0","3","3"
"承袭他的官","0","3","3"
"袭他的官爵","0","3","3"
"爵位为郡公","0","3","3"
"善于骑马射","0","3","3"
"次升迁到任","0","3","3"
"随齐王宇文","0","3","3"
"王宇文宪在","0","3","3"
"率领行军总","0","3","3"
"领行军总管","0","3","3"
"有大名于天","0","3","3"
"大名于天下","0","3","3"
"听了他的话","0","3","3"
"成为国家的","0","3","3"
"令文武百官","0","3","3"
"为御正下大","0","3","3"
"高祖为扬州","0","3","3"
"祖为扬州总","0","3","3"
"高祖为丞相","0","3","3"
"高祖卧室之","0","3","3"
"子郑元王寿","0","3","3"
"他为上柱国","0","3","3"
"高祖悄悄地","0","3","3"
"他的赏赐很","0","3","3"
"的赏赐很多","0","3","3"
"是什么意思","0","3","3"
"诏书调他回","0","3","3"
"书调他回京","0","3","3"
"年少时就很","0","3","3"
"时就很聪明","0","3","3"
"任御史大夫","0","3","3"
"这事记载在","0","3","3"
"升为上开府","0","3","3"
"任豫州刺史","0","3","3"
"智慧等人在","0","3","3"
"慧等人在江","0","3","3"
"等人在江南","0","3","3"
"在江南造反","0","3","3"
"年五十二岁","0","3","3"
"食邑四百户","0","3","3"
"当时隋高祖","0","3","3"
"心里很不服","0","3","3"
"里很不服气","0","3","3"
"尉迟迥叛乱","0","3","3"
"黄河以北的","0","3","3"
"拜授仪同三","0","3","3"
"陈国将领吴","0","3","3"
"国将领吴明","0","3","3"
"将领吴明彻","0","3","3"
"听从了他的","0","3","3"
"到高祖受北","0","3","3"
"对他更加礼","0","3","3"
"他更加礼遇","0","3","3"
"皇上以为然","0","3","3"
"皇上对他的","0","3","3"
"当时吐谷浑","0","3","3"
"英雄豪杰的","0","3","3"
"雄豪杰的仪","0","3","3"
"豪杰的仪表","0","3","3"
"随韦孝宽讨","0","3","3"
"出精兵的地","0","3","3"
"精兵的地方","0","3","3"
"有一千多人","0","3","3"
"授他上柱国","0","3","3"
"高祖对群臣","0","3","3"
"他的两个儿","0","3","3"
"对他更加亲","0","3","3"
"任他为相府","0","3","3"
"皇上不许可","0","3","3"
"高颎为元帅","0","3","3"
"皇上慰劳他","0","3","3"
"上对高颎说","0","3","3"
"皇上巡幸并","0","3","3"
"上巡幸并州","0","3","3"
"当时皇太子","0","3","3"
"时皇太子杨","0","3","3"
"长城的劳役","0","3","3"
"宇文护见了","0","3","3"
"任吏部尚书","0","3","3"
"随皇上征讨","0","3","3"
"被突厥人包","0","3","3"
"宇文化及失","0","3","3"
"文化及失败","0","3","3"
"让他的儿子","0","3","3"
"授为奉朝请","0","3","3"
"为员外散骑","0","3","3"
"在中书省值","0","3","3"
"中书省值班","0","3","3"
"掌管军国机","0","3","3"
"管军国机密","0","3","3"
"因母亲去世","0","3","3"
"母亲去世而","0","3","3"
"被授为仪同","0","3","3"
"军队驻扎在","0","3","3"
"第二天早晨","0","3","3"
"加授他上开","0","3","3"
"世充称帝后","0","3","3"
"封他的弟弟","0","3","3"
"让鸿胪监护","0","3","3"
"房陵王杨勇","0","3","3"
"立为皇太子","0","3","3"
"难道不是你","0","3","3"
"皇上不同意","0","3","3"
"十几万人马","0","3","3"
"文化及杀了","0","3","3"
"化及杀了炀","0","3","3"
"及杀了炀帝","0","3","3"
"杀了炀帝后","0","3","3"
"交给司法部","0","3","3"
"给司法部门","0","3","3"
"升为大将军","0","3","3"
"因忤逆圣旨","0","3","3"
"授他开府仪","0","3","3"
"他开府仪同","0","3","3"
"宇文护召他","0","3","3"
"到太学学习","0","3","3"
"任礼部尚书","0","3","3"
"刺史任上去","0","3","3"
"史任上去世","0","3","3"
"把他送到京","0","3","3"
"他送到京师","0","3","3"
"转任工部尚","0","3","3"
"派使者来请","0","3","3"
"使者来请求","0","3","3"
"有能干的名","0","3","3"
"因事被免职","0","3","3"
"北周的大冢","0","3","3"
"周的大冢宰","0","3","3"
"的大冢宰宇","0","3","3"
"华山以东地","0","3","3"
"之女为王妃","0","3","3"
"即使只有一","0","3","3"
"到现在已经","0","3","3"
"让他出京任","0","3","3"
"平定陈国时","0","3","3"
"受禅登基后","0","3","3"
"任右侍上士","0","3","3"
"因他父亲的","0","3","3"
"他父亲的军","0","3","3"
"父亲的军功","0","3","3"
"因病调回京","0","3","3"
"病调回京师","0","3","3"
"并赏赐给他","0","3","3"
"祖拜杨素为","0","3","3"
"杨素为行军","0","3","3"
"杨素的儿子","0","3","3"
"可汗进犯边","0","3","3"
"汗进犯边塞","0","3","3"
"献皇后去世","0","3","3"
"没有不怕他","0","3","3"
"他为光禄大","0","3","3"
"任散骑常侍","0","3","3"
"所能赶得上","0","3","3"
"能赶得上的","0","3","3"
"他为开府仪","0","3","3"
"西魏大统中","0","3","3"
"授他上仪同","0","3","3"
"任车骑将军","0","3","3"
"他为上开府","0","3","3"
"仍兼任行军","0","3","3"
"厥人进犯边","0","3","3"
"人进犯边塞","0","3","3"
"北周宣帝时","0","3","3"
"食邑二百户","0","3","3"
"任开府仪同","0","3","3"
"又派长孙晟","0","3","3"
"因此上奏说","0","3","3"
"所在的地方","0","3","3"
"炀帝巡幸榆","0","3","3"
"帝巡幸榆林","0","3","3"
"追赠他为司","0","3","3"
"锐的骑兵五","0","3","3"
"若弼的军队","0","3","3"
"任车骑大将","0","3","3"
"因战功升任","0","3","3"
"与宇文述等","0","3","3"
"总管身份随","0","3","3"
"来请求投降","0","3","3"
"是下诏书说","0","3","3"
"武帝攻占晋","0","3","3"
"帝攻占晋州","0","3","3"
"杨广镇守并","0","3","3"
"广镇守并州","0","3","3"
"年六十三岁","0","3","3"
"炀帝派使者","0","3","3"
"追赠他为大","0","3","3"
"赠他为大将","0","3","3"
"有能干之名","0","3","3"
"食邑六百户","0","3","3"
"并州总管司","0","3","3"
"升任鸿胪卿","0","3","3"
"随武帝平定","0","3","3"
"巡视黄河以","0","3","3"
"缣采三百段","0","3","3"
"给事黄门侍","0","3","3"
"炀帝到榆林","0","3","3"
"的父老乡亲","0","3","3"
"越王杨侗为","0","3","3"
"都感到很惊","0","3","3"
"又以本官身","0","3","3"
"渐渐被亲近","0","3","3"
"渐被亲近重","0","3","3"
"提拔他当上","0","3","3"
"过了几个月","0","3","3"
"任内史侍郎","0","3","3"
"被王世充所","0","3","3"
"王世充所杀","0","3","3"
"王世充称帝","0","3","3"
"让他乘驿车","0","3","3"
"总管身份讨","0","3","3"
"辽东战争爆","0","3","3"
"东战争爆发","0","3","3"
"部队驻扎在","0","3","3"
"授为上开府","0","3","3"
"打跑了他们","0","3","3"
"任右光禄大","0","3","3"
"时就很骁勇","0","3","3"
"缣帛三千匹","0","3","3"
"宇文述率领","0","3","3"
"宇文述的部","0","3","3"
"文述的部队","0","3","3"
"炀帝对他说","0","3","3"
"到了鸭绿江","0","3","3"
"碰上杨玄感","0","3","3"
"炀帝到江都","0","3","3"
"士文的堂妹","0","3","3"
"汉王杨谅造","0","3","3"
"王杨谅造反","0","3","3"
"北周武帝平","0","3","3"
"裴矩回答说","0","3","3"
"为左光禄大","0","3","3"
"他缣纟采五","0","3","3"
"为右光禄大","0","3","3"
"他缣纟采三","0","3","3"
"缣纟采三千","0","3","3"
"纟采三千段","0","3","3"
"讨伐辽东的","0","3","3"
"炀帝命令裴","0","3","3"
"帝命令裴矩","0","3","3"
"炀帝又命令","0","3","3"
"裴矩随从炀","0","3","3"
"矩随从炀帝","0","3","3"
"夏至日影长","0","3","3"
"日影长一尺","0","3","3"
"武帝平定齐","0","3","3"
"拜辛彦之为","0","3","3"
"就没有不和","0","3","3"
"听说这件事","0","3","3"
"二月甲子日","0","3","3"
"太阳运行的","0","3","3"
"天运行一百","0","3","3"
"册封夫人为","0","3","3"
"知道这件事","0","3","3"
"蔽贤蒙显戮","2","0","2"
"武川镇司马","1","1","2"
"元寿生太原","1","1","2"
"寿生太原太","1","1","2"
"生太原太守","1","1","2"
"嘏生平原太","1","1","2"
"生平原太守","1","1","2"
"烈生宁远将","1","1","2"
"生宁远将军","1","1","2"
"赐姓普六茹","2","0","2"
"姓普六茹氏","2","0","2"
"大统七年六","1","1","2"
"统七年六月","1","1","2"
"冯翊般若寺","1","1","2"
"京兆尹薛善","1","1","2"
"迁骠骑大将","2","0","2"
"封大兴郡公","1","1","2"
"大将军侯伏","1","1","2"
"武帝聘高祖","1","1","2"
"帝聘高祖长","1","1","2"
"聘高祖长女","1","1","2"
"女皇太子妃","2","0","2"
"普六茹坚相","1","1","2"
"六茹坚相貌","1","1","2"
"皇太子非社","1","1","2"
"太子非社稷","1","1","2"
"子非社稷主","1","1","2"
"率水军三万","1","1","2"
"齐任城王高","1","1","2"
"定州城西门","1","1","2"
"州城西门久","1","1","2"
"城西门久闭","1","1","2"
"齐文宣帝时","1","1","2"
"史上大夫郑","1","1","2"
"上大夫郑译","1","1","2"
"御正大夫刘","1","1","2"
"引高祖入总","2","0","2"
"州牧毕王贤","2","0","2"
"广陵人杜乔","1","1","2"
"陵人杜乔生","1","1","2"
"人杜乔生聚","1","1","2"
"杜乔生聚众","1","1","2"
"韦孝宽破尉","2","0","2"
"郧州总管司","1","1","2"
"总管司马消","1","1","2"
"管司马消难","1","1","2"
"命襄州总管","1","1","2"
"襄州总管王","1","1","2"
"州总管王谊","1","1","2"
"亳州总管贺","1","1","2"
"总管贺若谊","1","1","2"
"上柱国王谦","1","1","2"
"王谦益州总","2","0","2"
"谦益州总管","2","0","2"
"上柱国梁睿","1","1","2"
"位诸侯王上","2","0","2"
"开皇元年二","1","1","2"
"皇元年二月","1","1","2"
"年二月甲子","1","1","2"
"八使巡省风","2","0","2"
"使巡省风俗","2","0","2"
"金城郡公赵","1","1","2"
"济阳侯伊娄","1","1","2"
"阳侯伊娄彦","1","1","2"
"侯伊娄彦恭","1","1","2"
"弟同安郡公","1","1","2"
"陈留郡公杨","1","1","2"
"留郡公杨智","1","1","2"
"郡公杨智积","1","1","2"
"兴城郡公杨","1","1","2"
"城郡公杨静","1","1","2"
"宣仁门槐树","1","1","2"
"仁门槐树连","1","1","2"
"门槐树连理","1","1","2"
"神武郡公窦","1","1","2"
"武郡公窦毅","1","1","2"
"太子少保苏","1","1","2"
"子少保苏威","1","1","2"
"幸上柱国王","1","1","2"
"成长公主第","2","0","2"
"置河北道行","1","1","2"
"晋王广尚书","2","0","2"
"王广尚书令","2","0","2"
"置河南道行","1","1","2"
"秦王俊尚书","2","0","2"
"王俊尚书令","2","0","2"
"置西南道行","1","1","2"
"幸赵国公独","1","1","2"
"赵国公独孤","1","1","2"
"国公独孤陀","1","1","2"
"宁州刺史窦","1","1","2"
"州刺史窦荣","1","1","2"
"刺史窦荣定","1","1","2"
"大将军韩僧","1","1","2"
"将军韩僧寿","1","1","2"
"柱国李充破","2","0","2"
"国李充破突","2","0","2"
"李充破突厥","2","0","2"
"开府长孙平","1","1","2"
"豫州刺史皇","1","1","2"
"太府卿苏孝","1","1","2"
"府卿苏孝慈","1","1","2"
"骑常侍贺彻","1","1","2"
"散骑常侍萧","1","1","2"
"骑常侍萧褒","1","1","2"
"大将军李礼","1","1","2"
"将军李礼成","1","1","2"
"鲜虞县公谢","1","1","2"
"虞县公谢庆","1","1","2"
"县公谢庆恩","1","1","2"
"洮州刺史皮","1","1","2"
"州刺史皮子","1","1","2"
"刺史皮子信","1","1","2"
"书右仆射赵","1","1","2"
"行军总管阴","1","1","2"
"军总管阴寿","1","1","2"
"济北郡公梁","1","1","2"
"北郡公梁远","1","1","2"
"骑常侍薛舒","1","1","2"
"骑常侍王劭","1","1","2"
"突厥遣使朝","2","0","2"
"军总管李晃","1","1","2"
"幽州总管阴","1","1","2"
"州总管阴寿","1","1","2"
"行军元帅窦","1","1","2"
"军元帅窦荣","1","1","2"
"行军总管梁","1","1","2"
"军总管梁远","1","1","2"
"晋州刺史燕","1","1","2"
"州刺史燕荣","1","1","2"
"豫州刺史周","1","1","2"
"州刺史周摇","1","1","2"
"春正月甲子","2","0","2"
"突厥苏尼部","1","1","2"
"厥苏尼部男","1","1","2"
"苏尼部男女","1","1","2"
"吐谷浑使者","1","1","2"
"上大将军贺","1","1","2"
"大将军贺娄","1","1","2"
"将军贺娄子","1","1","2"
"军贺娄子干","1","1","2"
"汴州刺史吕","1","1","2"
"州刺史吕仲","1","1","2"
"刺史吕仲泉","1","1","2"
"鸿胪卿乙弗","1","1","2"
"上柱国豆卢","1","1","2"
"散骑常侍谢","1","1","2"
"骑常侍谢泉","1","1","2"
"骑常侍贺德","1","1","2"
"常侍贺德基","1","1","2"
"幸襄国公主","1","1","2"
"冬十一月壬","2","0","2"
"骑常侍薛道","1","1","2"
"常侍薛道衡","1","1","2"
"散骑常侍豆","1","1","2"
"骑常侍豆卢","1","1","2"
"榆关总管贺","1","1","2"
"关总管贺娄","1","1","2"
"柱国宇文忻","1","1","2"
"柱国王谊谋","1","1","2"
"国王谊谋反","1","1","2"
"山东马荣伯","1","1","2"
"东马荣伯等","1","1","2"
"马荣伯等六","1","1","2"
"遣上大将军","1","1","2"
"上大将军元","1","1","2"
"大将军元契","1","1","2"
"使突厥阿波","1","1","2"
"骑常侍王话","1","1","2"
"散骑常侍阮","1","1","2"
"骑常侍阮卓","1","1","2"
"柱国宇文庆","1","1","2"
"沙钵略汗遣","2","0","2"
"子库合真特","1","1","2"
"库合真特勤","1","1","2"
"河南诸州水","2","0","2"
"民部尚书邳","1","1","2"
"部尚书邳国","1","1","2"
"尚书邳国公","1","1","2"
"书邳国公苏","1","1","2"
"国公苏威赈","1","1","2"
"仪同三司费","1","1","2"
"同三司费宝","1","1","2"
"三司费宝首","1","1","2"
"散骑常侍李","1","1","2"
"骑常侍李若","1","1","2"
"骑常侍崔君","1","1","2"
"常侍崔君赡","1","1","2"
"上柱国杨素","1","1","2"
"上大将军源","1","1","2"
"大将军源雄","1","1","2"
"源雄朔州总","2","0","2"
"雄朔州总管","2","0","2"
"尚书苏威巡","1","1","2"
"遣前工部尚","1","1","2"
"前工部尚书","1","1","2"
"工部尚书长","1","1","2"
"部尚书长孙","1","1","2"
"尚书长孙毗","1","1","2"
"书长孙毗赈","1","1","2"
"十一万修筑","1","1","2"
"一万修筑长","1","1","2"
"万修筑长城","1","1","2"
"洛阳男子高","1","1","2"
"阳男子高德","1","1","2"
"男子高德上","1","1","2"
"子高德上书","1","1","2"
"散骑常侍江","1","1","2"
"骑常侍江椿","1","1","2"
"秋七月辛亥","2","0","2"
"散骑常侍裴","1","1","2"
"骑常侍裴豪","1","1","2"
"散骑常侍刘","1","1","2"
"河州刺史段","1","1","2"
"郕国公梁士","2","0","2"
"杞国公宇文","1","1","2"
"许国公宇文","1","1","2"
"国公宇文善","1","1","2"
"梁士彦三家","1","1","2"
"士彦三家资","2","0","2"
"彦三家资物","2","0","2"
"宋安郡公元","1","1","2"
"安郡公元景","1","1","2"
"郡公元景山","1","1","2"
"上柱国李询","1","1","2"
"置山南道行","1","1","2"
"芳州刺史骆","1","1","2"
"州刺史骆平","1","1","2"
"刺史骆平难","1","1","2"
"衡州总管周","1","1","2"
"州总管周法","1","1","2"
"总管周法尚","1","1","2"
"七年春正月","2","0","2"
"骑常侍王亨","1","1","2"
"发丁男十万","2","0","2"
"散骑常侍杨","1","1","2"
"骑常侍杨同","1","1","2"
"苏威吏部尚","2","0","2"
"威吏部尚书","2","0","2"
"秋七月己丑","2","0","2"
"怀州刺史源","1","1","2"
"州刺史源雄","1","1","2"
"安平王萧岩","1","1","2"
"平王萧岩掠","1","1","2"
"散骑常侍袁","1","1","2"
"骑常侍袁雅","1","1","2"
"骑常侍周止","1","1","2"
"常侍周止水","1","1","2"
"陇西郡公李","1","1","2"
"西郡公李询","1","1","2"
"成州刺史姜","1","1","2"
"州刺史姜须","1","1","2"
"刺史姜须达","1","1","2"
"散骑常侍程","1","1","2"
"骑常侍程尚","1","1","2"
"常侍程尚贤","1","1","2"
"散骑常侍韦","1","1","2"
"骑常侍韦恽","1","1","2"
"遣吏部尚书","1","1","2"
"尚书苏威赈","1","1","2"
"置淮南行台","1","1","2"
"骑常侍王琬","1","1","2"
"散骑常侍许","1","1","2"
"骑常侍许善","1","1","2"
"常侍许善心","1","1","2"
"杨素行军元","2","0","2"
"荆州刺史刘","1","1","2"
"公韩擒虎庐","2","0","2"
"五十一万八","1","1","2"
"十一万八千","1","1","2"
"十二月庚子","2","0","2"
"书右仆射虞","1","1","2"
"右仆射虞庆","1","1","2"
"襄州总管韦","1","1","2"
"陈都官尚书","2","0","2"
"都官尚书孔","1","1","2"
"官尚书孔范","1","1","2"
"御史中丞沈","1","1","2"
"史中丞沈观","1","1","2"
"中丞沈观等","1","1","2"
"安州总管韦","1","1","2"
"荆州总管杨","1","1","2"
"吏部侍郎卢","1","1","2"
"部侍郎卢恺","1","1","2"
"考使定州刺","1","1","2"
"使定州刺史","1","1","2"
"定州刺史豆","1","1","2"
"史豆卢通等","1","1","2"
"豆卢通等上","1","1","2"
"卢通等上表","1","1","2"
"十一年春正","2","0","2"
"一年春正月","2","0","2"
"皇太子妃元","1","1","2"
"太子妃元氏","1","1","2"
"吐谷浑遣使","2","0","2"
"大将军苏孝","1","1","2"
"将军苏孝慈","1","1","2"
"临颍令刘旷","1","1","2"
"通事舍人若","1","1","2"
"事舍人若干","1","1","2"
"舍人若干洽","1","1","2"
"幽州总管周","1","1","2"
"右卫将军元","1","1","2"
"十二年春正","2","0","2"
"春正月壬子","2","0","2"
"苏州刺史皇","1","1","2"
"宣州刺史席","1","1","2"
"寿州总管周","1","1","2"
"容城县侯卢","1","1","2"
"城县侯卢恺","1","1","2"
"楚国公豆卢","1","1","2"
"部尚书杨异","1","1","2"
"冬十月丁丑","2","0","2"
"新义郡公韩","1","1","2"
"义郡公韩擒","1","1","2"
"郡公韩擒虎","1","1","2"
"豫州刺史权","1","1","2"
"州刺史权武","1","1","2"
"大射武德殿","2","0","2"
"内史令杨素","1","1","2"
"十三年春正","2","0","2"
"春正月乙巳","2","0","2"
"郇国公韩建","1","1","2"
"国公韩建业","1","1","2"
"信州总管韦","1","1","2"
"南阳郡公贾","1","1","2"
"阳郡公贾悉","1","1","2"
"郡公贾悉达","1","1","2"
"抚宁郡公韩","1","1","2"
"宁郡公韩延","1","1","2"
"郡公韩延等","1","1","2"
"藏纬候图谶","1","1","2"
"夏四月癸未","2","0","2"
"钜鹿郡公贺","1","1","2"
"鹿郡公贺娄","1","1","2"
"郡公贺娄子","1","1","2"
"公贺娄子干","1","1","2"
"邵国公杨纶","1","1","2"
"冬十月乙卯","2","0","2"
"华阳郡公梁","1","1","2"
"阳郡公梁彦","1","1","2"
"郡公梁彦光","1","1","2"
"蒋国公梁睿","1","1","2"
"营州总管韦","1","1","2"
"州总管韦艺","1","1","2"
"赵州刺史杨","1","1","2"
"州刺史杨达","1","1","2"
"仪同三司韦","1","1","2"
"同三司韦冲","1","1","2"
"京官五品上","2","0","2"
"相州刺史豆","1","1","2"
"遣邳国公苏","1","1","2"
"国公苏威巡","1","1","2"
"冬十月戊子","2","0","2"
"部尚书韦世","1","1","2"
"尚书韦世康","1","1","2"
"怀州刺史庞","1","1","2"
"州刺史庞晃","1","1","2"
"蔡阳县公姚","1","1","2"
"阳县公姚辩","1","1","2"
"水陆三十万","1","1","2"
"蒋州刺史郭","1","1","2"
"州刺史郭衍","1","1","2"
"高丽王高元","1","1","2"
"任城郡公王","1","1","2"
"城郡公王景","1","1","2"
"总管长史宇","1","1","2"
"管长史宇文","1","1","2"
"长史宇文弼","1","1","2"
"行军总管史","1","1","2"
"军总管史万","1","1","2"
"总管史万岁","1","1","2"
"皖城郡公张","1","1","2"
"城郡公张威","1","1","2"
"城阳郡公李","1","1","2"
"阳郡公李彻","1","1","2"
"筑大利城处","2","0","2"
"朔州总管宇","1","1","2"
"春正月辛酉","2","0","2"
"代州总管宇","1","1","2"
"弼吴州总管","2","0","2"
"行军总管张","1","1","2"
"军总管张衡","1","1","2"
"吴州总管杨","1","1","2"
"州总管杨异","1","1","2"
"杀左卫大将","1","1","2"
"五原郡公元","1","1","2"
"元年春正月","2","0","2"
"遣柱国韩洪","1","1","2"
"邢州刺史侯","1","1","2"
"州刺史侯莫","1","1","2"
"刺史侯莫陈","1","1","2"
"齐州刺史张","1","1","2"
"州刺史张乔","1","1","2"
"原州总管独","1","1","2"
"州总管独孤","1","1","2"
"总管独孤楷","1","1","2"
"遣工部尚书","1","1","2"
"尚书杨达赈","1","1","2"
"金水郡公周","1","1","2"
"水郡公周摇","1","1","2"
"诏尚书左仆","2","0","2"
"阳县公庞晃","1","1","2"
"蔡阳郡公姚","1","1","2"
"阳郡公姚辩","1","1","2"
"元明皇后断","1","1","2"
"明皇后断屠","1","1","2"
"年春正月丙","2","0","2"
"中特所钟爱","2","0","2"
"高祖令项城","1","1","2"
"祖令项城公","1","1","2"
"安道公李彻","1","1","2"
"晋王眉上双","1","1","2"
"王眉上双骨","1","1","2"
"眉上双骨隆","1","1","2"
"江南高智慧","1","1","2"
"南高智慧等","1","1","2"
"等相聚作乱","2","0","2"
"州总管汉王","1","1","2"
"备身将军崔","1","1","2"
"身将军崔彭","1","1","2"
"卫将军护兒","2","0","2"
"右卫率周罗","1","1","2"
"宇文弼刑部","2","0","2"
"文弼刑部尚","2","0","2"
"弼刑部尚书","2","0","2"
"仆射杨素尚","2","0","2"
"射杨素尚书","2","0","2"
"诏尚书令杨","2","0","2"
"匠宇文恺营","1","1","2"
"宇文恺营建","1","1","2"
"文恺营建东","1","1","2"
"恺营建东京","1","1","2"
"诸郡男女百","2","0","2"
"大将军刘方","1","1","2"
"民部尚书义","1","1","2"
"部尚书义丰","1","1","2"
"尚书义丰侯","1","1","2"
"书义丰侯韦","1","1","2"
"义丰侯韦冲","1","1","2"
"荧惑入太微","2","0","2"
"将军李景后","2","0","2"
"大将军崔仲","1","1","2"
"将军崔仲方","1","1","2"
"礼部侍郎许","1","1","2"
"部侍郎许善","1","1","2"
"侍郎许善心","1","1","2"
"郎许善心制","1","1","2"
"许善心制定","1","1","2"
"太府少卿何","1","1","2"
"府少卿何稠","1","1","2"
"太府丞云定","1","1","2"
"府丞云定兴","1","1","2"
"夏四月庚戌","2","0","2"
"冀州刺史杨","1","1","2"
"州刺史杨文","1","1","2"
"刺史杨文思","1","1","2"
"兵部尚书李","1","1","2"
"部尚书李通","1","1","2"
"太子太师杨","1","1","2"
"子太师杨素","1","1","2"
"秋七月癸丑","2","0","2"
"卫尉卿卫玄","1","1","2"
"罗等二十七","1","1","2"
"等二十七人","1","1","2"
"楚国公杨素","1","1","2"
"灵州刺史段","1","1","2"
"春正月癸亥","2","0","2"
"刑部尚书宇","1","1","2"
"故太师李穆","1","1","2"
"突厥启民汗","2","0","2"
"子毗黎伽特","1","1","2"
"毗黎伽特勤","1","1","2"
"部落三千五","1","1","2"
"落三千五百","1","1","2"
"杀光禄大夫","1","1","2"
"光禄大夫贺","1","1","2"
"禄大夫贺若","1","1","2"
"大夫贺若弼","1","1","2"
"礼部尚书宇","1","1","2"
"书左仆射苏","1","1","2"
"左仆射苏威","1","1","2"
"余万筑长城","2","0","2"
"死者十五六","2","0","2"
"御史大夫张","1","1","2"
"史大夫张衡","1","1","2"
"民部尚书杨","1","1","2"
"部尚书杨文","1","1","2"
"尚书杨文思","1","1","2"
"太府卿元寿","1","1","2"
"鸿胪卿杨玄","1","1","2"
"胪卿杨玄感","1","1","2"
"工部尚书卫","1","1","2"
"大理卿长孙","1","1","2"
"理卿长孙炽","1","1","2"
"遣司朝谒者","1","1","2"
"司朝谒者崔","1","1","2"
"使突厥处罗","1","1","2"
"屯田主事常","1","1","2"
"田主事常骏","1","1","2"
"河内太守张","1","1","2"
"内太守张定","1","1","2"
"突厥意利珍","1","1","2"
"厥意利珍豆","1","1","2"
"利珍豆启民","1","1","2"
"男子史永遵","1","1","2"
"朝散大夫黄","1","1","2"
"散大夫黄亘","1","1","2"
"吐谷浑王率","1","1","2"
"内史元寿南","1","1","2"
"史元寿南屯","1","1","2"
"元寿南屯金","1","1","2"
"寿南屯金山","1","1","2"
"书段文振北","1","1","2"
"段文振北屯","1","1","2"
"文振北屯雪","1","1","2"
"振北屯雪山","1","1","2"
"卿杨义臣东","1","1","2"
"杨义臣东屯","1","1","2"
"义臣东屯琵","1","1","2"
"臣东屯琵琶","1","1","2"
"东屯琵琶峡","1","1","2"
"将军张寿西","1","1","2"
"军张寿西屯","1","1","2"
"张寿西屯泥","1","1","2"
"寿西屯泥岭","1","1","2"
"斩首数百级","1","1","2"
"男女十余万","1","1","2"
"光禄大夫梁","1","1","2"
"禄大夫梁默","1","1","2"
"右翊卫将军","1","1","2"
"翊卫将军李","1","1","2"
"卫将军李琼","1","1","2"
"将军李琼等","1","1","2"
"军李琼等追","1","1","2"
"高昌王麹伯","2","0","2"
"昌王麹伯雅","2","0","2"
"吐屯设等献","1","1","2"
"屯设等献西","1","1","2"
"设等献西域","1","1","2"
"等献西域数","1","1","2"
"献西域数千","1","1","2"
"西域数千里","1","1","2"
"设鱼龙曼延","2","0","2"
"朝请大夫张","1","1","2"
"请大夫张镇","1","1","2"
"大夫张镇州","1","1","2"
"鸿胪卿史祥","1","1","2"
"雁门贼帅尉","1","1","2"
"文通聚众三","1","1","2"
"通聚众三千","1","1","2"
"刑部尚书梁","1","1","2"
"部尚书梁毗","1","1","2"
"光禄大夫长","1","1","2"
"禄大夫长孙","1","1","2"
"大夫长孙炽","1","1","2"
"十二月己未","2","0","2"
"陇西太守韩","1","1","2"
"西太守韩洪","1","1","2"
"太守韩洪讨","1","1","2"
"真定侯郭衍","1","1","2"
"卫大将军姚","1","1","2"
"夏四月庚午","2","0","2"
"东平太守吐","1","1","2"
"平太守吐万","1","1","2"
"太守吐万绪","1","1","2"
"西面突厥处","1","1","2"
"面突厥处罗","1","1","2"
"突厥处罗多","1","1","2"
"厥处罗多利","1","1","2"
"时辽东战士","1","1","2"
"一百一十三","1","1","2"
"百一十三万","1","1","2"
"一十三万三","1","1","2"
"十三万三千","1","1","2"
"三万三千八","1","1","2"
"万三千八百","1","1","2"
"卫大将军卫","1","1","2"
"大将军卫玄","1","1","2"
"光禄大夫观","1","1","2"
"禄大夫观王","1","1","2"
"卫大将军段","1","1","2"
"屯卫将军辛","1","1","2"
"卫将军辛世","1","1","2"
"将军辛世雄","1","1","2"
"工部尚书宇","1","1","2"
"尚书宇文恺","1","1","2"
"宗女华容公","2","0","2"
"华容公主嫁","1","1","2"
"光禄大夫韩","1","1","2"
"禄大夫韩寿","1","1","2"
"败将宇文述","1","1","2"
"贼帅杜彦冰","1","1","2"
"雄武等郎将","1","1","2"
"武等郎将官","1","1","2"
"平原李德逸","1","1","2"
"原李德逸聚","1","1","2"
"尚书卫玄镇","1","1","2"
"右骁骑将军","1","1","2"
"骁骑将军李","1","1","2"
"骑将军李浑","1","1","2"
"济北人韩进","1","1","2"
"北人韩进洛","1","1","2"
"人韩进洛聚","1","1","2"
"复宇文述等","1","1","2"
"济阴人孟海","1","1","2"
"阴人孟海公","1","1","2"
"北海人郭方","1","1","2"
"海人郭方预","1","1","2"
"人郭方预聚","1","1","2"
"济北人甄宝","1","1","2"
"北人甄宝车","1","1","2"
"人甄宝车聚","1","1","2"
"玄感逼东都","2","0","2"
"河南赞务裴","1","1","2"
"南赞务裴弘","1","1","2"
"赞务裴弘策","1","1","2"
"郎斛斯政奔","2","0","2"
"斛斯政奔高","2","0","2"
"斯政奔高丽","2","0","2"
"候卫将军屈","1","1","2"
"人刘元进举","1","1","2"
"刘元进举兵","1","1","2"
"晋陵人管崇","1","1","2"
"葛国公赵元","1","1","2"
"国公赵元淑","1","1","2"
"济阴人吴海","1","1","2"
"阴人吴海流","1","1","2"
"东海人彭孝","1","1","2"
"海人彭孝才","1","1","2"
"贼帅梁慧尚","1","1","2"
"帅梁慧尚率","1","1","2"
"太守虞荷等","1","1","2"
"东阳人李三","1","1","2"
"上谓侍臣曰","2","0","2"
"贼帅吕明星","1","1","2"
"帅吕明星率","1","1","2"
"武贲郎将费","2","0","2"
"清河贼张金","1","1","2"
"河贼张金称","1","1","2"
"渤海贼帅格","1","1","2"
"海贼帅格谦","1","1","2"
"右候卫将军","2","0","2"
"卫将军郭荣","1","1","2"
"卫将军冯孝","1","1","2"
"将军冯孝慈","1","1","2"
"弟朝请大夫","1","1","2"
"扶风人向海","1","1","2"
"风人向海明","1","1","2"
"遣太仆卿杨","1","1","2"
"扶风人唐弼","1","1","2"
"彭城贼张大","1","1","2"
"城贼张大彪","1","1","2"
"贼张大彪聚","1","1","2"
"榆林太守董","1","1","2"
"林太守董纯","1","1","2"
"贼帅宋世谟","1","1","2"
"延安人刘迦","1","1","2"
"安人刘迦论","1","1","2"
"贼帅郑文雅","1","1","2"
"太守杨景祥","1","1","2"
"光禄大夫郑","1","1","2"
"禄大夫郑荣","1","1","2"
"司马长安破","2","0","2"
"离石胡刘苗","1","1","2"
"石胡刘苗王","1","1","2"
"军潘长文讨","2","0","2"
"贼帅王德仁","1","1","2"
"帅王德仁拥","1","1","2"
"春正月甲午","2","0","2"
"贲郎将高建","1","1","2"
"郎将高建毗","1","1","2"
"贼帅颜宣政","1","1","2"
"男女数千口","2","0","2"
"贼帅杨仲绪","1","1","2"
"帅杨仲绪率","1","1","2"
"杨仲绪率众","2","0","2"
"仲绪率众万","2","0","2"
"上谷人王须","1","1","2"
"谷人王须拔","1","1","2"
"杀右骁卫大","1","1","2"
"光禄大夫李","1","1","2"
"禄大夫李敏","1","1","2"
"大将军张寿","1","1","2"
"率骑数十万","2","0","2"
"樊子盖固谏","2","0","2"
"雁门郡死罪","1","1","2"
"彭城人魏骐","1","1","2"
"帅卢明月聚","1","1","2"
"卢明月聚众","1","1","2"
"明月聚众十","1","1","2"
"月聚众十余","1","1","2"
"东海贼帅李","1","1","2"
"海贼帅李子","1","1","2"
"贼帅李子通","1","1","2"
"帅李子通拥","1","1","2"
"李子通拥众","1","1","2"
"贼帅王须拔","1","1","2"
"绛郡贼敬盘","1","1","2"
"郡贼敬盘陀","1","1","2"
"汉南诸郡多","1","1","2"
"雁门人翟松","1","1","2"
"门人翟松柏","1","1","2"
"飞入大业殿","1","1","2"
"东海贼卢公","1","1","2"
"海贼卢公暹","1","1","2"
"贼卢公暹率","1","1","2"
"济北公樊子","1","1","2"
"北公樊子盖","1","1","2"
"将军皇甫逸","2","0","2"
"右司郎卢楚","1","1","2"
"司郎卢楚等","1","1","2"
"奉信郎崔民","1","1","2"
"信郎崔民象","1","1","2"
"建国门上表","1","1","2"
"冯翊人孙华","1","1","2"
"高凉通守洗","1","1","2"
"荧惑守羽林","2","0","2"
"奉信郎王爱","1","1","2"
"信郎王爱仁","1","1","2"
"贼帅赵万海","1","1","2"
"流星彳育攵","2","0","2"
"东海人杜扬","1","1","2"
"海人杜扬州","1","1","2"
"沈觅敌等作","1","1","2"
"觅敌等作乱","1","1","2"
"将军陈棱击","1","1","2"
"安定人荔非","1","1","2"
"定人荔非世","1","1","2"
"人荔非世雄","1","1","2"
"荔非世雄杀","1","1","2"
"非世雄杀临","1","1","2"
"世雄杀临泾","1","1","2"
"许公宇文述","1","1","2"
"鄱阳贼操天","1","1","2"
"阳贼操天成","1","1","2"
"攻陷豫章郡","1","1","2"
"卫大将军护","2","0","2"
"大将军护兒","2","0","2"
"行左翊卫大","1","1","2"
"齐郡贼杜伏","1","1","2"
"郡贼杜伏威","1","1","2"
"贼杜伏威率","1","1","2"
"攻陷历阳郡","1","1","2"
"勃海贼窦建","1","1","2"
"海贼窦建德","1","1","2"
"帅徐圆朗率","1","1","2"
"弘化人刘企","1","1","2"
"化人刘企成","1","1","2"
"人刘企成聚","1","1","2"
"刘企成聚众","1","1","2"
"企成聚众万","1","1","2"
"成聚众万余","1","1","2"
"朔方人梁师","1","1","2"
"方人梁师都","1","1","2"
"人梁师都杀","1","1","2"
"梁师都杀郡","1","1","2"
"师都杀郡丞","1","1","2"
"都杀郡丞唐","1","1","2"
"杀郡丞唐世","1","1","2"
"郡丞唐世宗","1","1","2"
"光禄大夫张","1","1","2"
"禄大夫张世","1","1","2"
"大夫张世隆","1","1","2"
"贼帅王子英","1","1","2"
"马邑校尉刘","1","1","2"
"邑校尉刘武","1","1","2"
"校尉刘武周","1","1","2"
"尉刘武周杀","1","1","2"
"刘武周杀太","1","1","2"
"武周杀太守","1","1","2"
"周杀太守王","1","1","2"
"杀太守王仁","1","1","2"
"太守王仁恭","1","1","2"
"武贲郎将刘","2","0","2"
"光禄少卿房","1","1","2"
"贲郎将王智","1","1","2"
"郎将王智辩","1","1","2"
"庐江人张子","1","1","2"
"江人张子路","1","1","2"
"贼帅李通德","1","1","2"
"屯卫将军张","1","1","2"
"卫将军张镇","1","1","2"
"将军张镇州","1","1","2"
"军张镇州击","1","1","2"
"金城校尉薛","1","1","2"
"城校尉薛举","1","1","2"
"校尉薛举率","1","1","2"
"尉薛举率众","1","1","2"
"称西秦霸王","1","1","2"
"攻陷陇右诸","1","1","2"
"陷陇右诸郡","1","1","2"
"夜入东都外","1","1","2"
"陷回洛东仓","1","1","2"
"贼帅房宪伯","1","1","2"
"光禄大夫裴","1","1","2"
"禄大夫裴仁","1","1","2"
"大夫裴仁基","1","1","2"
"阳太守赵佗","1","1","2"
"太守赵佗等","1","1","2"
"众叛归李密","1","1","2"
"武威人李轨","1","1","2"
"武牙郎将宋","1","1","2"
"牙郎将宋老","1","1","2"
"郎将宋老生","1","1","2"
"攻陷黎阳仓","1","1","2"
"鄱阳人董景","1","1","2"
"阳人董景珍","1","1","2"
"败济北郡贼","1","1","2"
"济北郡贼甄","1","1","2"
"北郡贼甄宝","1","1","2"
"郡贼甄宝车","1","1","2"
"江浮入扬子","1","1","2"
"信文献皇后","1","1","2"
"陇西成纪人","1","1","2"
"封安武郡公","2","0","2"
"邑一千七百","1","1","2"
"一千七百户","1","1","2"
"增邑三千户","2","0","2"
"三千七百户","1","1","2"
"植弟淅州刺","1","1","2"
"弟淅州刺史","1","1","2"
"所居天下精","2","0","2"
"居天下精兵","2","0","2"
"十三环金带","1","1","2"
"食成安县三","1","1","2"
"成安县三千","1","1","2"
"安县三千户","1","1","2"
"黄门侍郎监","1","1","2"
"门侍郎监护","1","1","2"
"侍郎监护丧","1","1","2"
"郎监护丧事","1","1","2"
"布绢一千匹","1","1","2"
"怀十州诸军","1","1","2"
"十州诸军事","1","1","2"
"遣太常卿牛","1","1","2"
"封西安县男","1","1","2"
"授瀛州刺史","2","0","2"
"迁荆州总管","2","0","2"
"授上仪同三","1","1","2"
"素行军总管","2","0","2"
"夏州北三百","1","1","2"
"州北三百里","1","1","2"
"破突厥阿勿","1","1","2"
"突厥阿勿俟","1","1","2"
"厥阿勿俟斤","1","1","2"
"斩首五百级","1","1","2"
"太子宗卫率","1","1","2"
"太子左卫率","1","1","2"
"子左卫率宇","1","1","2"
"左卫率宇文","1","1","2"
"卫率宇文述","1","1","2"
"左丞元文都","1","1","2"
"武帝幸云阳","2","0","2"
"帝幸云阳宫","2","0","2"
"卫王直作乱","2","0","2"
"累迁英果中","2","0","2"
"迁英果中大","2","0","2"
"加位大将军","2","0","2"
"引杜阳水灌","1","1","2"
"杜阳水灌三","2","0","2"
"襄州总管事","1","1","2"
"时年四十九","1","1","2"
"随宇文护伐","1","1","2"
"宇文护伐齐","1","1","2"
"小司金大夫","1","1","2"
"少侍伯大夫","1","1","2"
"少承御大夫","1","1","2"
"改封广宗县","1","1","2"
"封广宗县公","1","1","2"
"工部中大夫","1","1","2"
"左司武上大","1","1","2"
"开府仪同大","1","1","2"
"府仪同大将","1","1","2"
"率步骑三千","2","0","2"
"亳六州诸军","1","1","2"
"六州诸军事","1","1","2"
"乐平公主将","1","1","2"
"加仪同三司","2","0","2"
"本州大中正","1","1","2"
"齐将斛律明","1","1","2"
"将斛律明月","1","1","2"
"凉安二州总","1","1","2"
"安二州总管","1","1","2"
"高祖总百揆","2","0","2"
"开府李三王","1","1","2"
"府李三王等","1","1","2"
"秦会拥众十","1","1","2"
"会拥众十万","1","1","2"
"大将军赵达","1","1","2"
"睿进逼成都","1","1","2"
"亲率精兵五","1","1","2"
"率精兵五万","1","1","2"
"麾下三十骑","1","1","2"
"退谓所亲曰","2","0","2"
"东梁州刺史","1","1","2"
"中大夫颜仪","2","0","2"
"令韦孝宽讨","1","1","2"
"司马消难相","1","1","2"
"马消难相继","1","1","2"
"时柱国梁士","1","1","2"
"柱国梁士彦","1","1","2"
"劫调布牟甲","2","0","2"
"募盗贼战士","2","0","2"
"第三子叔谐","2","0","2"
"士彦情意偏","1","1","2"
"彦情意偏厚","1","1","2"
"然后北破晋","1","1","2"
"后北破晋阳","1","1","2"
"昉入佐相府","1","1","2"
"妻妾资财田","2","0","2"
"妾资财田宅","2","0","2"
"上仪同薛摩","1","1","2"
"上柱国府户","1","1","2"
"柱国府户曹","1","1","2"
"国府户曹参","1","1","2"
"府户曹参军","1","1","2"
"户曹参军事","1","1","2"
"曹参军事裴","1","1","2"
"参军事裴石","1","1","2"
"军事裴石达","1","1","2"
"令诸子游集","2","0","2"
"相府司录李","1","1","2"
"府司录李长","1","1","2"
"司录李长宗","1","1","2"
"史中大夫乌","1","1","2"
"中大夫乌丸","1","1","2"
"大夫乌丸轨","1","1","2"
"素知高祖相","1","1","2"
"正下大夫刘","1","1","2"
"引大将军宇","1","1","2"
"将军宇文仲","1","1","2"
"军宇文仲辅","1","1","2"
"宇文仲辅政","1","1","2"
"治内史上大","1","1","2"
"史上大夫事","1","1","2"
"天官都府司","1","1","2"
"官都府司会","1","1","2"
"司马消难等","1","1","2"
"令李德林立","1","1","2"
"天官府都上","1","1","2"
"皇甫绩同谋","1","1","2"
"州总管李穆","1","1","2"
"金九环带一","1","1","2"
"九环带一腰","1","1","2"
"陛下若命鹰","1","1","2"
"下若命鹰扬","1","1","2"
"州民顾子元","1","1","2"
"民顾子元发","1","1","2"
"顾子元发兵","1","1","2"
"尚书主爵郎","1","1","2"
"邑一千九百","1","1","2"
"一千九百户","1","1","2"
"高祖非常人","2","0","2"
"苏威共掌朝","1","1","2"
"威共掌朝政","1","1","2"
"华州刺史张","1","1","2"
"州刺史张宾","1","1","2"
"刺史张宾等","1","1","2"
"谓皇太子曰","2","0","2"
"愿察区区心","2","0","2"
"检校太常卿","1","1","2"
"古乐宫悬七","1","1","2"
"乐宫悬七八","1","1","2"
"伏惟陛下握","2","0","2"
"功仪同三司","2","0","2"
"迁熊州刺史","2","0","2"
"城东十余里","1","1","2"
"令家僮梁默","1","1","2"
"家僮梁默等","1","1","2"
"僮梁默等数","1","1","2"
"梁默等数人","1","1","2"
"子独擅高名","1","1","2"
"轨破陈将吴","2","0","2"
"破陈将吴明","2","0","2"
"高祖龙潜时","2","0","2"
"令高颎驰驿","2","0","2"
"忻率奇兵击","1","1","2"
"率奇兵击破","1","1","2"
"李密逼东都","2","0","2"
"周凤州刺史","1","1","2"
"左中侍上士","1","1","2"
"时大冢宰宇","1","1","2"
"司马消难举","1","1","2"
"马消难举兵","1","1","2"
"推渠帅兰雒","1","1","2"
"渠帅兰雒州","1","1","2"
"军总管李威","1","1","2"
"太常卿苏威","1","1","2"
"御史大夫杨","1","1","2"
"史大夫杨素","1","1","2"
"仪同王奉孝","1","1","2"
"时上柱国元","1","1","2"
"封乐安郡公","1","1","2"
"时吐谷浑寇","2","0","2"
"吐谷浑寇凉","2","0","2"
"谷浑寇凉州","2","0","2"
"行军总管贺","1","1","2"
"军总管贺娄","1","1","2"
"时贼将定城","1","1","2"
"贼将定城王","1","1","2"
"将定城王钟","1","1","2"
"定城王钟利","1","1","2"
"城王钟利房","1","1","2"
"王钟利房率","1","1","2"
"钟利房率骑","1","1","2"
"名王十七人","1","1","2"
"公侯十三人","1","1","2"
"封一子县公","2","0","2"
"时上柱国王","1","1","2"
"父弟上开府","1","1","2"
"临泽侯田鸾","1","1","2"
"上仪同祁绪","1","1","2"
"仪同祁绪等","1","1","2"
"时广平王雄","2","0","2"
"左执法星动","1","1","2"
"世积容貌魁","1","1","2"
"千金公权始","1","1","2"
"金公权始璋","1","1","2"
"江州司马黄","1","1","2"
"州司马黄亻","1","1","2"
"司马黄亻思","1","1","2"
"马黄亻思弃","1","1","2"
"黄亻思弃城","1","1","2"
"陈豫章太守","2","0","2"
"章太守徐璒","2","0","2"
"庐陵太守萧","1","1","2"
"陵太守萧廉","1","1","2"
"浔阳太守陆","1","1","2"
"阳太守陆仲","1","1","2"
"太守陆仲容","1","1","2"
"巴山太守王","1","1","2"
"山太守王诵","1","1","2"
"太原太守马","1","1","2"
"齐昌太守黄","1","1","2"
"昌太守黄正","1","1","2"
"太守黄正始","1","1","2"
"安成太守任","1","1","2"
"军总管讨平","2","0","2"
"都官员外郎","1","1","2"
"官员外郎辛","1","1","2"
"员外郎辛凯","1","1","2"
"外郎辛凯卿","1","1","2"
"总管令狐熙","1","1","2"
"大将军元胄","1","1","2"
"京兆栎阳人","1","1","2"
"周灵武太守","1","1","2"
"中外府行参","1","1","2"
"外府行参军","1","1","2"
"外兵参军事","1","1","2"
"史下大夫高","1","1","2"
"偏将达奚长","1","1","2"
"将达奚长儒","1","1","2"
"达奚长儒率","1","1","2"
"骑兵二千人","1","1","2"
"任城县千户","1","1","2"
"岭南人李贤","1","1","2"
"桂州道行军","1","1","2"
"扶高祖下床","1","1","2"
"迁右卫大将","2","0","2"
"正穷治东宫","2","0","2"
"时慈州刺史","1","1","2"
"慈州刺史上","1","1","2"
"州刺史上官","1","1","2"
"大司马独孤","1","1","2"
"司马独孤信","1","1","2"
"马独孤信引","1","1","2"
"周齐王宪引","2","0","2"
"齐王宪引记","2","0","2"
"王宪引记室","2","0","2"
"时长史郑译","1","1","2"
"令韦孝宽击","1","1","2"
"令崔仲方监","1","1","2"
"改封义宁县","1","1","2"
"封义宁县公","1","1","2"
"进贤受上赏","2","0","2"
"广大举伐陈","1","1","2"
"颎元帅长史","2","0","2"
"主宠姬张丽","1","1","2"
"宠姬张丽华","1","1","2"
"加授上柱国","1","1","2"
"右卫将军庞","1","1","2"
"卫将军庞晃","1","1","2"
"将军卢贲等","1","1","2"
"尚书都事姜","1","1","2"
"书都事姜晔","1","1","2"
"楚州行参军","1","1","2"
"州行参军李","1","1","2"
"行参军李君","1","1","2"
"参军李君才","1","1","2"
"赐缣五千匹","2","0","2"
"夫人贺拔氏","1","1","2"
"贺若弼先献","1","1","2"
"若弼先献十","1","1","2"
"弼先献十策","1","1","2"
"蒋山苦战破","1","1","2"
"大将军论功","1","1","2"
"前后赏赐胜","2","0","2"
"后赏赐胜计","2","0","2"
"独孤皇后知","1","1","2"
"颎心存爱妾","1","1","2"
"上欲成颎罪","2","0","2"
"太府卿何稠","1","1","2"
"魏度支尚书","1","1","2"
"苏威朝夕孜","1","1","2"
"威朝夕孜孜","1","1","2"
"礼部尚书卢","1","1","2"
"吏部侍郎薛","1","1","2"
"部侍郎薛道","1","1","2"
"尚书右丞王","1","1","2"
"书右丞王弘","1","1","2"
"考功侍郎李","1","1","2"
"功侍郎李同","1","1","2"
"国子学请荡","1","1","2"
"子学请荡阴","1","1","2"
"学请荡阴人","1","1","2"
"请荡阴人王","1","1","2"
"荡阴人王孝","1","1","2"
"阴人王孝逸","1","1","2"
"上柱国虞庆","1","1","2"
"威安抚关中","1","1","2"
"子鸿胪少卿","1","1","2"
"关中简黜大","1","1","2"
"中简黜大使","1","1","2"
"陛下万乘主","2","0","2"
"东都阊阖门","1","1","2"
"都阊阖门内","1","1","2"
"尚书令杨遵","1","1","2"
"书令杨遵彦","1","1","2"
"秀才李德林","1","1","2"
"吏部郎中陆","1","1","2"
"散骑常侍高","1","1","2"
"骑常侍高元","1","1","2"
"常侍高元海","1","1","2"
"侍高元海等","1","1","2"
"丞相府行参","1","1","2"
"相府行参军","1","1","2"
"加通直散骑","2","0","2"
"通直散骑侍","1","1","2"
"直散骑侍郎","1","1","2"
"中书侍郎宋","1","1","2"
"书侍郎宋士","1","1","2"
"侍郎宋士素","1","1","2"
"副侍中赵彦","1","1","2"
"侍中赵彦深","1","1","2"
"名医张子彦","1","1","2"
"医张子彦等","1","1","2"
"博士巴叔仁","1","1","2"
"时中书侍郎","1","1","2"
"中书侍郎杜","1","1","2"
"书侍郎杜台","1","1","2"
"侍郎杜台卿","1","1","2"
"世祖武成皇","1","1","2"
"祖武成皇帝","1","1","2"
"武成皇帝颂","1","1","2"
"书左仆射赵","1","1","2"
"左仆射赵彦","1","1","2"
"仆射赵彦深","1","1","2"
"黄门侍郎颜","1","1","2"
"黄门侍郎李","1","1","2"
"门侍郎李孝","1","1","2"
"侍郎李孝贞","1","1","2"
"中书侍郎李","1","1","2"
"书侍郎李若","1","1","2"
"假仪同三司","1","1","2"
"小司马唐道","1","1","2"
"神武公纥豆","1","1","2"
"高祖受顾命","1","1","2"
"祖受顾命辅","1","1","2"
"内外兵马事","1","1","2"
"郧公韦孝宽","1","1","2"
"大将梁士彦","1","1","2"
"乐毅所辞燕","2","0","2"
"太尉任国公","1","1","2"
"九环金带一","1","1","2"
"五百家乡正","2","0","2"
"六七百万户","1","1","2"
"令内外群官","1","1","2"
"陛下登封告","1","1","2"
"下登封告成","1","1","2"
"时年六十一","1","1","2"
"赠物三百段","2","0","2"
"迁开府仪同","2","0","2"
"寻加上开府","2","0","2"
"荥阳郡太守","1","1","2"
"世充僭伪号","2","0","2"
"帝幸汾阳宫","2","0","2"
"离石郡太守","1","1","2"
"子崇上表请","1","1","2"
"太子司旅下","1","1","2"
"子司旅下大","1","1","2"
"司旅下大夫","1","1","2"
"右司卫上大","1","1","2"
"司卫上大夫","1","1","2"
"元德太子薨","2","0","2"
"检校郑州刺","1","1","2"
"校郑州刺史","1","1","2"
"郑州刺史事","1","1","2"
"亲征吐谷浑","1","1","2"
"雄总管浇河","1","1","2"
"总管浇河道","1","1","2"
"检校左翊卫","1","1","2"
"校左翊卫大","1","1","2"
"长平等十郡","1","1","2"
"观前代帝王","1","1","2"
"太常少卿辛","1","1","2"
"褒公宇文述","1","1","2"
"新丰人王辅","1","1","2"
"丰人王辅贤","1","1","2"
"人王辅贤能","1","1","2"
"王辅贤能占","1","1","2"
"高祖使使责","2","0","2"
"太史令袁充","1","1","2"
"杨难敌五百","1","1","2"
"时文林郎杨","1","1","2"
"文林郎杨孝","1","1","2"
"林郎杨孝政","1","1","2"
"郎杨孝政上","1","1","2"
"杨孝政上书","1","1","2"
"贝州长史裴","1","1","2"
"州长史裴肃","1","1","2"
"俊仁恕慈爱","1","1","2"
"山南道行军","1","1","2"
"总管崔弘度","1","1","2"
"管崔弘度请","1","1","2"
"州总管二十","1","1","2"
"高祖闻大悦","2","0","2"
"相连坐者百","2","0","2"
"连坐者百余","2","0","2"
"坐者百余人","2","0","2"
"武卫将军刘","1","1","2"
"卫将军刘升","1","1","2"
"大都督皇甫","1","1","2"
"都督皇甫统","1","1","2"
"督皇甫统上","1","1","2"
"皇甫统上表","1","1","2"
"二十年六月","1","1","2"
"俊长女永丰","1","1","2"
"长女永丰公","1","1","2"
"女永丰公主","1","1","2"
"授骠骑将军","2","0","2"
"通事舍人吊","1","1","2"
"兵部侍郎元","1","1","2"
"部侍郎元衡","1","1","2"
"大将军刘哙","1","1","2"
"将军刘哙讨","1","1","2"
"高祖令上开","1","1","2"
"祖令上开府","1","1","2"
"令上开府杨","1","1","2"
"上开府杨武","1","1","2"
"开府杨武通","1","1","2"
"嬖人万智光","1","1","2"
"云请西岳华","2","0","2"
"西岳华山慈","2","0","2"
"岳华山慈父","2","0","2"
"神兵九亿万","1","1","2"
"兵九亿万骑","1","1","2"
"开化杨坚夫","1","1","2"
"化杨坚夫妻","1","1","2"
"请西岳神兵","1","1","2"
"西岳神兵收","1","1","2"
"岳神兵收杨","1","1","2"
"神兵收杨坚","1","1","2"
"总管司马皇","1","1","2"
"管司马皇甫","1","1","2"
"司马皇甫诞","1","1","2"
"马皇甫诞切","1","1","2"
"总管府兵曹","1","1","2"
"管府兵曹裴","1","1","2"
"府兵曹裴文","1","1","2"
"兵曹裴文安","1","1","2"
"所署大将军","2","0","2"
"大将军余公","1","1","2"
"将军余公理","1","1","2"
"大将军綦良","1","1","2"
"赵子开守高","1","1","2"
"子开守高壁","1","1","2"
"文化弑逆际","2","0","2"
"右仆射周惠","1","1","2"
"仆射周惠达","1","1","2"
"周太祖引相","2","0","2"
"太祖引相府","2","0","2"
"相府参军事","1","1","2"
"向天王聚众","1","1","2"
"天王聚众作","1","1","2"
"王聚众作乱","1","1","2"
"所部五百人","1","1","2"
"生蛮向武阳","1","1","2"
"吴朗等三人","1","1","2"
"功授开府仪","1","1","2"
"荆州总管长","1","1","2"
"入民部中大","2","0","2"
"迁御正上大","2","0","2"
"天官都司会","1","1","2"
"相府铠曹参","1","1","2"
"府铠曹参军","1","1","2"
"加开府仪同","2","0","2"
"吏部下大夫","1","1","2"
"东京小宗伯","1","1","2"
"司马消难阴","1","1","2"
"马消难阴谋","1","1","2"
"东京左仆射","1","1","2"
"郢国公王谊","1","1","2"
"尝亲临释奠","2","0","2"
"历太学博士","2","0","2"
"计部中大夫","1","1","2"
"东京司宪中","1","1","2"
"京司宪中大","1","1","2"
"司宪中大夫","1","1","2"
"南道行台兵","1","1","2"
"所谓民少官","1","1","2"
"谓民少官多","1","1","2"
"转礼部尚书","2","0","2"
"时年五十七","1","1","2"
"小宗伯赵芬","1","1","2"
"宗伯赵芬分","1","1","2"
"时贺若弼镇","1","1","2"
"平见天下州","1","1","2"
"见天下州县","1","1","2"
"天下州县多","1","1","2"
"转工部尚书","2","0","2"
"人告大都督","1","1","2"
"告大都督邴","1","1","2"
"大都督邴绍","1","1","2"
"未堪作大家","1","1","2"
"堪作大家翁","1","1","2"
"后突厥达头","2","0","2"
"赐缣三百匹","2","0","2"
"检校汴州事","1","1","2"
"除汴州刺史","2","0","2"
"判吏部尚书","1","1","2"
"渤海郡主簿","1","1","2"
"朔二州刺史","1","1","2"
"武伯下大夫","1","1","2"
"宾部下大夫","1","1","2"
"千乘公崔睦","1","1","2"
"振威中大夫","1","1","2"
"转司宪大夫","2","0","2"
"决杜阳水灌","1","1","2"
"俗山川险易","2","0","2"
"北道行台兵","1","1","2"
"上柱国韩擒","1","1","2"
"功进位开府","2","0","2"
"赐爵文安县","2","0","2"
"工部上大夫","1","1","2"
"太子右庶子","1","1","2"
"迁洪州总管","2","0","2"
"南幽州刺史","1","1","2"
"女襄乐公主","1","1","2"
"典祠下大夫","1","1","2"
"授司州总管","1","1","2"
"司州总管长","1","1","2"
"复吏部尚书","2","0","2"
"时年六十七","1","1","2"
"长史冯世基","1","1","2"
"夜率所部二","1","1","2"
"率所部二千","1","1","2"
"所部二千人","1","1","2"
"部二千人袭","1","1","2"
"二千人袭击","1","1","2"
"女子洗氏率","1","1","2"
"子洗氏率众","1","1","2"
"洗氏率众迎","1","1","2"
"公鸿勋大业","2","0","2"
"渝州都督王","1","1","2"
"州都督王猛","1","1","2"
"王仲宣聚众","1","1","2"
"封武威县公","2","0","2"
"卫公府礼曹","1","1","2"
"公府礼曹参","1","1","2"
"府礼曹参军","1","1","2"
"大将军元定","1","1","2"
"将军元定渡","1","1","2"
"军元定渡江","1","1","2"
"开府贺拔华","1","1","2"
"府贺拔华等","1","1","2"
"贺拔华等五","1","1","2"
"拔华等五十","1","1","2"
"华等五十人","1","1","2"
"少御伯下大","1","1","2"
"御伯下大夫","1","1","2"
"征散骑常侍","2","0","2"
"发南汾州胡","1","1","2"
"人北筑长城","1","1","2"
"柱国王长述","1","1","2"
"益州长史元","1","1","2"
"州长史元岩","1","1","2"
"时东阳贼帅","1","1","2"
"东阳贼帅陶","1","1","2"
"阳贼帅陶子","1","1","2"
"贼帅陶子定","1","1","2"
"吴州贼帅罗","1","1","2"
"州贼帅罗慧","1","1","2"
"贼帅罗慧方","1","1","2"
"征民部尚书","2","0","2"
"武帝亲征高","1","1","2"
"帝亲征高氏","1","1","2"
"寿仪同三司","1","1","2"
"时年四十二","1","1","2"
"魏尚书仆射","2","0","2"
"牛弘同志学","2","0","2"
"荥州刺史宇","1","1","2"
"刺史宇文胄","1","1","2"
"南康内史吕","1","1","2"
"康内史吕仲","1","1","2"
"内史吕仲肃","1","1","2"
"史吕仲肃屯","1","1","2"
"信州刺史顾","1","1","2"
"州刺史顾觉","1","1","2"
"刺史顾觉镇","1","1","2"
"荆州刺史陈","1","1","2"
"州刺史陈纪","1","1","2"
"刺史陈纪镇","1","1","2"
"岳阳王陈叔","1","1","2"
"阳王陈叔慎","1","1","2"
"称南徐州刺","1","1","2"
"南徐州刺史","1","1","2"
"都督鲍迁等","1","1","2"
"东扬州刺史","1","1","2"
"泉州人王国","1","1","2"
"州人王国庆","1","1","2"
"将军独孤陀","1","1","2"
"赐黄金四十","1","1","2"
"黄金四十斤","1","1","2"
"灵州道行军","1","1","2"
"高颎尚书左","2","0","2"
"颎尚书左仆","2","0","2"
"妾曳绮罗者","2","0","2"
"素作威作福","1","1","2"
"黄门侍郎元","1","1","2"
"门侍郎元岩","1","1","2"
"侍郎元岩等","1","1","2"
"帖上台宿卫","2","0","2"
"河北安抚大","1","1","2"
"北安抚大使","1","1","2"
"介州刺史梁","1","1","2"
"州刺史梁修","1","1","2"
"刺史梁修罗","1","1","2"
"谅妓妾二十","1","1","2"
"妓妾二十人","1","1","2"
"赠光禄大夫","2","0","2"
"弘农河东绛","1","1","2"
"农河东绛郡","1","1","2"
"河东绛郡临","1","1","2"
"东绛郡临汾","1","1","2"
"绛郡临汾文","1","1","2"
"郡临汾文城","1","1","2"
"临汾文城河","1","1","2"
"汾文城河内","1","1","2"
"文城河内汲","1","1","2"
"城河内汲郡","1","1","2"
"河内汲郡长","1","1","2"
"内汲郡长平","1","1","2"
"汲郡长平上","1","1","2"
"郡长平上党","1","1","2"
"长平上党西","1","1","2"
"平上党西河","1","1","2"
"上党西河十","1","1","2"
"党西河十郡","1","1","2"
"西河十郡太","1","1","2"
"河十郡太守","1","1","2"
"班剑四十人","2","0","2"
"袭封临泾公","1","1","2"
"转内史下大","2","0","2"
"吏部侍郎高","1","1","2"
"部侍郎高孝","1","1","2"
"侍郎高孝基","1","1","2"
"晋家山吏部","1","1","2"
"魏世卢尚书","1","1","2"
"莫言先哲异","1","1","2"
"赠开府仪同","2","0","2"
"征南大将军","1","1","2"
"迁车骑大将","2","0","2"
"兰陵太守荥","1","1","2"
"陵太守荥阳","1","1","2"
"席毗罗率精","1","1","2"
"北徐州刺史","1","1","2"
"南丰州刺史","1","1","2"
"益州总管司","1","1","2"
"陈将任蛮奴","1","1","2"
"转泾州刺史","2","0","2"
"刺史杜达召","1","1","2"
"长湖公元定","1","1","2"
"车骑将军元","1","1","2"
"晃白高祖曰","2","0","2"
"转车骑将军","2","0","2"
"陛下应天顺","1","1","2"
"下应天顺民","1","1","2"
"少师右上士","1","1","2"
"周赵王谋害","1","1","2"
"赵王谋害高","1","1","2"
"王谋害高祖","1","1","2"
"左左右将军","2","0","2"
"安兄弟灭亲","1","1","2"
"兄弟灭亲奉","1","1","2"
"弟灭亲奉国","1","1","2"
"封顺阳郡公","1","1","2"
"时年五十三","1","1","2"
"后坐事除名","2","0","2"
"泾二州刺史","1","1","2"
"东南道行军","1","1","2"
"吴州总管贺","1","1","2"
"总管贺若弼","1","1","2"
"管贺若弼等","1","1","2"
"通道馆学士","1","1","2"
"丞相府功曹","1","1","2"
"相府功曹参","1","1","2"
"府功曹参军","1","1","2"
"信州总管王","1","1","2"
"州总管王长","1","1","2"
"总管王长述","1","1","2"
"管王长述溯","1","1","2"
"王长述溯江","1","1","2"
"伪总管荆山","1","1","2"
"总管荆山公","1","1","2"
"管荆山公元","1","1","2"
"荆山公元振","1","1","2"
"东宫右庶子","1","1","2"
"迁雍州赞治","2","0","2"
"改封饶良县","1","1","2"
"封饶良县子","1","1","2"
"河南道二十","1","1","2"
"南道二十八","1","1","2"
"道二十八州","1","1","2"
"功授银青光","1","1","2"
"长孙郎武艺","1","1","2"
"送千金公主","1","1","2"
"察山川形势","1","1","2"
"迁奉车都尉","2","0","2"
"高宝宁攻陷","1","1","2"
"宝宁攻陷临","1","1","2"
"宁攻陷临渝","1","1","2"
"攻陷临渝镇","1","1","2"
"八道元帅分","1","1","2"
"左勋卫车骑","1","1","2"
"勋卫车骑将","1","1","2"
"卫车骑将军","1","1","2"
"乐安公元谐","1","1","2"
"武阳公李充","1","1","2"
"诈言彭公刘","1","1","2"
"言彭公刘昶","1","1","2"
"宇文氏女谋","1","1","2"
"杀大义公主","1","1","2"
"染干率众南","1","1","2"
"诏发六总管","1","1","2"
"左勋卫骠骑","1","1","2"
"勋卫骠骑将","1","1","2"
"卫骠骑将军","1","1","2"
"利珍豆启人","1","1","2"
"安义公主死","1","1","2"
"持节送义城","1","1","2"
"节送义城公","1","1","2"
"送义城公主","1","1","2"
"秦川行军总","1","1","2"
"川行军总管","1","1","2"
"送染干北伐","1","1","2"
"贼帅思力俟","1","1","2"
"帅思力俟斤","1","1","2"
"思力俟斤等","1","1","2"
"大将军梁默","1","1","2"
"官相州刺史","1","1","2"
"炀帝幸榆林","2","0","2"
"突厥围雁门","2","0","2"
"河南东垣人","1","1","2"
"等八州刺史","1","1","2"
"齐将独孤永","1","1","2"
"将独孤永业","1","1","2"
"军总管击破","2","0","2"
"行军总管杜","1","1","2"
"赐物八千段","2","0","2"
"上柱国乌丸","1","1","2"
"柱国乌丸轨","1","1","2"
"寿州总管源","1","1","2"
"州总管源雄","1","1","2"
"下开府员明","1","1","2"
"开府员明擒","1","1","2"
"魏定州刺史","1","1","2"
"增邑三百户","2","0","2"
"功进位大将","2","0","2"
"上柱国杨永","1","1","2"
"柱国杨永安","1","1","2"
"子干行军总","2","0","2"
"干行军总管","2","0","2"
"通事舍人曹","1","1","2"
"事舍人曹威","1","1","2"
"榆关总管十","1","1","2"
"关总管十镇","1","1","2"
"总管十镇诸","1","1","2"
"管十镇诸军","1","1","2"
"十镇诸军事","1","1","2"
"等四州刺史","1","1","2"
"周沧州刺史","1","1","2"
"万岁令左右","2","0","2"
"诣辕门请效","2","0","2"
"功加上开府","2","0","2"
"行军总管杨","2","0","2"
"军总管杨素","2","0","2"
"总管杨素击","2","0","2"
"万岁行军总","2","0","2"
"岁行军总管","2","0","2"
"行军总管备","2","0","2"
"军总管备胡","2","0","2"
"大将军李药","1","1","2"
"将军李药王","1","1","2"
"宇文护引亲","2","0","2"
"文护引亲信","2","0","2"
"护子中山公","2","0","2"
"子中山公训","2","0","2"
"中山公训蒲","2","0","2"
"山公训蒲州","2","0","2"
"公训蒲州刺","2","0","2"
"训蒲州刺史","2","0","2"
"皇太子西征","1","1","2"
"宪引兵西上","1","1","2"
"骁将贺兰豹","1","1","2"
"将贺兰豹子","1","1","2"
"贺兰豹子率","1","1","2"
"兰豹子率劲","1","1","2"
"韦孝宽略定","1","1","2"
"孝宽略定淮","1","1","2"
"宽略定淮南","1","1","2"
"转云州刺史","2","0","2"
"蜀王秀镇益","2","0","2"
"王秀镇益州","2","0","2"
"军总管李充","1","1","2"
"突厥胜多败","1","1","2"
"厥胜多败少","1","1","2"
"率精骑一万","1","1","2"
"精骑一万赴","1","1","2"
"徙封城阳郡","1","1","2"
"封城阳郡公","1","1","2"
"魏殷州刺史","1","1","2"
"周荆州总管","1","1","2"
"齐州三十里","1","1","2"
"赐爵安阳县","1","1","2"
"爵安阳县男","1","1","2"
"赐绢五百匹","2","0","2"
"小吏部大夫","1","1","2"
"染工上士王","1","1","2"
"工上士王神","1","1","2"
"上士王神欢","1","1","2"
"计部下大夫","1","1","2"
"襄州总管司","1","1","2"
"东京吏部大","1","1","2"
"京吏部大夫","1","1","2"
"加上仪同三","2","0","2"
"尚书吏部侍","1","1","2"
"书吏部侍郎","1","1","2"
"赐钱二十万","1","1","2"
"摄吏部尚书","2","0","2"
"右仆射苏威","1","1","2"
"通事舍人苏","1","1","2"
"事舍人苏夔","1","1","2"
"职方下大夫","1","1","2"
"邑二千一百","1","1","2"
"二千一百户","1","1","2"
"增邑六百户","2","0","2"
"吏部二曹中","1","1","2"
"部二曹中大","1","1","2"
"二曹中大夫","1","1","2"
"司徒左长史","1","1","2"
"元帅元谐讨","1","1","2"
"北道行台度","1","1","2"
"道行台度支","1","1","2"
"行台度支尚","1","1","2"
"台度支尚书","1","1","2"
"行军总管刘","1","1","2"
"军总管刘方","1","1","2"
"周蔡州刺史","1","1","2"
"检校庐州总","1","1","2"
"校庐州总管","1","1","2"
"庐州总管事","1","1","2"
"司马王君馥","1","1","2"
"前后俱惠政","2","0","2"
"迁刑部尚书","2","0","2"
"时左仆射高","1","1","2"
"魏巨鹿太守","1","1","2"
"周宕州刺史","1","1","2"
"公田十二顷","1","1","2"
"物千五百段","2","0","2"
"奴婢百五十","2","0","2"
"婢百五十口","2","0","2"
"司州总管司","1","1","2"
"左守庙大夫","1","1","2"
"突厥寇甘州","2","0","2"
"帝令侯莫陈","1","1","2"
"令侯莫陈昶","1","1","2"
"侯莫陈昶率","1","1","2"
"莫陈昶率兵","1","1","2"
"南司州刺史","1","1","2"
"司马消难奔","2","0","2"
"马消难奔陈","2","0","2"
"南定州刺史","1","1","2"
"转吏部侍郎","2","0","2"
"太子虞候率","1","1","2"
"顾谓侍臣曰","2","0","2"
"元帅汉王府","1","1","2"
"帅汉王府司","1","1","2"
"汉王府司马","1","1","2"
"持节巡省河","2","0","2"
"节巡省河北","2","0","2"
"所著辞赋二","1","1","2"
"著辞赋二十","1","1","2"
"魏河阳太守","1","1","2"
"周万州刺史","1","1","2"
"迁掌朝大夫","2","0","2"
"度支二曹郎","1","1","2"
"李英林聚众","1","1","2"
"奴婢一百三","1","1","2"
"婢一百三十","1","1","2"
"一百三十口","1","1","2"
"年劳役繁多","1","1","2"
"将伊阙令皇","1","1","2"
"江都丞王世","1","1","2"
"都丞王世充","1","1","2"
"迁掌朝下大","2","0","2"
"部二曹侍郎","2","0","2"
"秦州总管长","1","1","2"
"谏议大夫王","1","1","2"
"议大夫王达","1","1","2"
"赐良马一匹","2","0","2"
"留守樊子盖","1","1","2"
"推越王侗主","2","0","2"
"左仆射杨遵","1","1","2"
"仆射杨遵彦","1","1","2"
"司空行参军","1","1","2"
"作挽歌十首","1","1","2"
"历太子舍人","2","0","2"
"司徒录事参","1","1","2"
"徒录事参军","1","1","2"
"五言诗见意","2","0","2"
"待诏文林馆","2","0","2"
"内史侍郎事","1","1","2"
"见子产相郑","1","1","2"
"太尉府主簿","1","1","2"
"尚书左外兵","1","1","2"
"书左外兵郎","1","1","2"
"赠诗五十韵","1","1","2"
"李德林齐名","1","1","2"
"寻中书侍郎","2","0","2"
"御史二命士","1","1","2"
"弘北征突厥","1","1","2"
"陛下圣德天","1","1","2"
"下圣德天挺","1","1","2"
"行台尚书吏","1","1","2"
"台尚书吏部","1","1","2"
"尚书吏部郎","1","1","2"
"尚书令江总","1","1","2"
"司隶刺史房","1","1","2"
"隶刺史房彦","1","1","2"
"刺史房彦谦","1","1","2"
"昭留守京师","1","1","2"
"常留守东都","1","1","2"
"称段达等七","1","1","2"
"遂遣使请降","2","0","2"
"祖文皇帝圣","1","1","2"
"文皇帝圣略","1","1","2"
"皇帝圣略神","1","1","2"
"帝圣略神功","1","1","2"
"应解甲倒戈","1","1","2"
"记室陆士季","1","1","2"
"室陆士季谋","1","1","2"
"云定兴等十","1","1","2"
"定兴等十人","1","1","2"
"求声色狗马","1","1","2"
"御史韦德裕","1","1","2"
"益州长史韩","1","1","2"
"州长史韩伯","1","1","2"
"始州刺史屈","1","1","2"
"州刺史屈突","1","1","2"
"刺史屈突尚","1","1","2"
"邑三千五百","1","1","2"
"三千五百户","1","1","2"
"仪同宇文威","1","1","2"
"将宇文胄渡","1","1","2"
"人赫连僧伽","1","1","2"
"赐彩五百段","2","0","2"
"黄金二百两","1","1","2"
"河南道行军","1","1","2"
"南道行军总","1","1","2"
"总管宇文忻","1","1","2"
"管宇文忻颇","1","1","2"
"刘浴德等相","1","1","2"
"浴德等相遇","1","1","2"
"斩首七百级","1","1","2"
"守将刘子宽","1","1","2"
"将刘子宽弃","1","1","2"
"刘子宽弃城","1","1","2"
"刺史李仲康","1","1","2"
"上仪同房劲","1","1","2"
"河南道大行","1","1","2"
"仲文率兵屯","1","1","2"
"郢州刺史荀","1","1","2"
"州刺史荀法","1","1","2"
"刺史荀法尚","1","1","2"
"鲁山城主诞","1","1","2"
"山城主诞法","1","1","2"
"城主诞法澄","1","1","2"
"邓沙弥等请","1","1","2"
"督晋王军府","1","1","2"
"乙支文德诈","1","1","2"
"支文德诈降","1","1","2"
"时尚书右丞","1","1","2"
"神策究天文","1","1","2"
"妙算穷地理","1","1","2"
"宇文护见器","2","0","2"
"开府元绍贵","1","1","2"
"上仪同毛猛","1","1","2"
"仪同毛猛等","1","1","2"
"守将许约惧","1","1","2"
"东广州刺史","1","1","2"
"总管赵文表","1","1","2"
"太傅窦炽等","1","1","2"
"右勋曹中大","1","1","2"
"勋曹中大夫","1","1","2"
"检校江陵总","1","1","2"
"校江陵总管","1","1","2"
"魏沧州刺史","1","1","2"
"宇文护亲信","1","1","2"
"中外府兵曹","1","1","2"
"海昌王尉相","1","1","2"
"昌王尉相贵","1","1","2"
"亚将侯子钦","1","1","2"
"爽北征突厥","1","1","2"
"改封龙岗县","1","1","2"
"封龙岗县公","1","1","2"
"文振行军总","2","0","2"
"振行军总管","2","0","2"
"东接杨义臣","1","1","2"
"合围浑主覆","2","0","2"
"围浑主覆袁","2","0","2"
"浑主覆袁川","2","0","2"
"进位右光禄","2","0","2"
"位右光禄大","2","0","2"
"兵曹郎斛斯","1","1","2"
"曹郎斛斯政","1","1","2"
"郎斛斯政专","1","1","2"
"斛斯政专掌","1","1","2"
"斯政专掌兵","1","1","2"
"赐物一千段","1","1","2"
"本姓破野头","1","1","2"
"鲜卑俟豆归","1","1","2"
"述行军总管","2","0","2"
"军总管率步","2","0","2"
"总管率步骑","2","0","2"
"管率步骑三","2","0","2"
"贺若弼两军","1","1","2"
"行军总管元","1","1","2"
"军总管元契","1","1","2"
"永新侯陈君","1","1","2"
"新侯陈君范","1","1","2"
"司马曹勒叉","1","1","2"
"寿州刺史总","1","1","2"
"州刺史总管","1","1","2"
"士尚南阳公","2","0","2"
"尚南阳公主","2","0","2"
"鹰扬郎将梁","1","1","2"
"扬郎将梁元","1","1","2"
"郎将梁元礼","1","1","2"
"将军二百人","1","1","2"
"左卫将军张","1","1","2"
"卫将军张瑾","1","1","2"
"四百五十里","1","1","2"
"三十万五千","1","1","2"
"十万五千人","1","1","2"
"二千七百人","1","1","2"
"将军杨义臣","1","1","2"
"军杨义臣率","1","1","2"
"会杨玄感作","2","0","2"
"司宫魏氏问","1","1","2"
"功加授开府","1","1","2"
"赐姓叱罗氏","1","1","2"
"开漕渠大监","1","1","2"
"凿渠引渭水","1","1","2"
"经大兴城北","1","1","2"
"授朔州总管","1","1","2"
"太原晋阳人","1","1","2"
"迁内史中大","2","0","2"
"元帅府司马","1","1","2"
"赐奴婢三百","1","1","2"
"绵绢五千段","1","1","2"
"魏敷州刺史","1","1","2"
"京兆郡丞乐","1","1","2"
"兆郡丞乐运","1","1","2"
"北道行台右","1","1","2"
"道行台右仆","1","1","2"
"见西羌鼠窃","1","1","2"
"西羌鼠窃狗","1","1","2"
"羌鼠窃狗盗","1","1","2"
"左卫率长史","1","1","2"
"卫率长史夏","1","1","2"
"率长史夏侯","1","1","2"
"长史夏侯福","1","1","2"
"布宪下大夫","1","1","2"
"行军总管长","1","1","2"
"军总管长史","1","1","2"
"西宁州刺史","1","1","2"
"毗见左仆射","1","1","2"
"见左仆射杨","1","1","2"
"尚书右丞李","1","1","2"
"书右丞李纲","1","1","2"
"劾宇文述私","1","1","2"
"宁州总管掾","1","1","2"
"尚书虞部侍","1","1","2"
"书虞部侍郎","1","1","2"
"雍州长史库","1","1","2"
"州长史库狄","1","1","2"
"长史库狄士","1","1","2"
"史库狄士文","1","1","2"
"请颁行天下","1","1","2"
"绢布二百匹","1","1","2"
"太原道十九","1","1","2"
"原道十九州","1","1","2"
"彧心怀两端","1","1","2"
"性质直刚毅","1","1","2"
"夏官府下士","1","1","2"
"尚书都官侍","1","1","2"
"书都官侍郎","1","1","2"
"陈将萧摩诃","1","1","2"
"刑部侍郎辛","1","1","2"
"命左仆射高","1","1","2"
"书侍御史柳","1","1","2"
"光禄少卿柳","1","1","2"
"禄少卿柳謇","1","1","2"
"大业三年入","1","1","2"
"米麦六千石","1","1","2"
"杨玄感作逆","2","0","2"
"国子祭酒杨","1","1","2"
"子祭酒杨汪","1","1","2"
"玄感尽锐攻","2","0","2"
"检校河南内","1","1","2"
"校河南内史","1","1","2"
"高祖留萧何","1","1","2"
"越王留守东","1","1","2"
"王留守东都","1","1","2"
"纳言苏威追","1","1","2"
"言苏威追论","1","1","2"
"太子车右中","1","1","2"
"子车右中士","1","1","2"
"使富贵功名","1","1","2"
"富贵功名永","1","1","2"
"贵功名永垂","1","1","2"
"足使李广惭","1","1","2"
"太行下河内","1","1","2"
"夏侯亲遇深","1","1","2"
"贵耳唯闻古","1","1","2"
"祥上表辞谢","1","1","2"
"奴婢六十人","1","1","2"
"左骁卫将军","1","1","2"
"知高祖相貌","1","1","2"
"高祖相貌非","1","1","2"
"祖相貌非常","1","1","2"
"高祖下书慰","1","1","2"
"行军总管达","1","1","2"
"军总管达奚","1","1","2"
"总管达奚长","1","1","2"
"管达奚长儒","1","1","2"
"赐钱三万贯","1","1","2"
"代州总管李","1","1","2"
"州总管李景","1","1","2"
"车骑将军杨","1","1","2"
"骑将军杨思","1","1","2"
"将军杨思恩","1","1","2"
"军杨思恩请","1","1","2"
"北连段文振","1","1","2"
"妖贼向海公","1","1","2"
"贼向海公聚","1","1","2"
"向海公聚众","1","1","2"
"海公聚众作","1","1","2"
"公聚众作乱","1","1","2"
"封同轨郡公","1","1","2"
"赐物五百段","2","0","2"
"侑留守京师","1","1","2"
"杨玄感围逼","1","1","2"
"玄感围逼东","1","1","2"
"感围逼东都","1","1","2"
"武贲郎将张","1","1","2"
"贲郎将张峻","1","1","2"
"通议大夫斛","1","1","2"
"议大夫斛斯","1","1","2"
"大夫斛斯万","1","1","2"
"夫斛斯万善","1","1","2"
"监门直阁庞","1","1","2"
"门直阁庞玉","1","1","2"
"宇文述等合","1","1","2"
"文述等合击","1","1","2"
"述等合击破","1","1","2"
"玄安抚关中","1","1","2"
"内史舍人封","1","1","2"
"史舍人封德","1","1","2"
"舍人封德彝","1","1","2"
"宗庙园陵所","1","1","2"
"时年七十七","1","1","2"
"庐桂二州刺","1","1","2"
"桂二州刺史","1","1","2"
"部曲督韩明","1","1","2"
"猛陈兵挑战","1","1","2"
"司马消难作","1","1","2"
"良马十五匹","1","1","2"
"桂州刺史钱","1","1","2"
"州刺史钱季","1","1","2"
"刺史钱季卿","1","1","2"
"南康内史柳","1","1","2"
"西衡州刺史","1","1","2"
"衡州刺史邓","1","1","2"
"阳山太守毛","1","1","2"
"山太守毛爽","1","1","2"
"太守毛爽等","1","1","2"
"定州刺史吕","1","1","2"
"州刺史吕子","1","1","2"
"刺史吕子廓","1","1","2"
"奴婢五十口","1","1","2"
"岭南安抚大","1","1","2"
"南安抚大使","1","1","2"
"人李光仕举","1","1","2"
"李光仕举兵","1","1","2"
"光仕举兵作","1","1","2"
"仕举兵作乱","1","1","2"
"世积所部多","1","1","2"
"积所部多遇","1","1","2"
"所部多遇瘴","1","1","2"
"蜀马二十匹","1","1","2"
"检校潞州事","1","1","2"
"黔安夷向思","1","1","2"
"安夷向思多","1","1","2"
"将军李景分","1","1","2"
"军李景分路","1","1","2"
"李景分路讨","1","1","2"
"奴婢一百口","1","1","2"
"赐物九百段","1","1","2"
"齐郡人王薄","1","1","2"
"长史崔君肃","1","1","2"
"戎二州刺史","1","1","2"
"赐爵平寇县","1","1","2"
"爵平寇县公","1","1","2"
"上明公杨纪","1","1","2"
"明公杨纪送","1","1","2"
"公杨纪送义","1","1","2"
"杨纪送义成","1","1","2"
"纪送义成公","1","1","2"
"送义成公主","1","1","2"
"代州总管韩","1","1","2"
"州总管韩洪","1","1","2"
"检校代州总","1","1","2"
"校代州总管","1","1","2"
"岚州刺史乔","1","1","2"
"州刺史乔钟","1","1","2"
"刺史乔钟葵","1","1","2"
"史乔钟葵率","1","1","2"
"乔钟葵率劲","1","1","2"
"司马冯孝慈","1","1","2"
"司法参军吕","1","1","2"
"法参军吕玉","1","1","2"
"仪同三司侯","1","1","2"
"同三司侯莫","1","1","2"
"三司侯莫陈","1","1","2"
"朔州总管杨","1","1","2"
"州总管杨义","1","1","2"
"总管杨义臣","1","1","2"
"叛蛮向思多","2","0","2"
"赐奴婢八十","1","1","2"
"奴婢八十口","1","1","2"
"赐爵苑丘侯","1","1","2"
"高丽追兵大","1","1","2"
"贼杨仲绪率","1","1","2"
"武贲郎将罗","1","1","2"
"贲郎将罗艺","1","1","2"
"辽西太守邓","1","1","2"
"谔见礼教凋","1","1","2"
"见礼教凋敝","1","1","2"
"泗州刺史司","1","1","2"
"州刺史司马","1","1","2"
"刺史司马幼","1","1","2"
"史司马幼文","1","1","2"
"天下莫汝争","2","0","2"
"刺史入京朝","1","1","2"
"史入京朝觐","1","1","2"
"谔前后所奏","1","1","2"
"前后所奏颁","1","1","2"
"后所奏颁示","1","1","2"
"所奏颁示天","1","1","2"
"奏颁示天下","1","1","2"
"岂容一朝废","1","1","2"
"太子中庶子","1","1","2"
"中书令孔奂","1","1","2"
"书令孔奂见","1","1","2"
"法曹参军事","1","1","2"
"祠部殿中二","1","1","2"
"部殿中二曹","1","1","2"
"殿中二曹郎","1","1","2"
"太子中舍人","1","1","2"
"柳顾言博学","1","1","2"
"迁内史侍郎","2","0","2"
"大夫裴蕴等","1","1","2"
"时天下多事","1","1","2"
"赐爵江夏郡","1","1","2"
"爵江夏郡公","1","1","2"
"后异技淫声","1","1","2"
"丁二十四万","1","1","2"
"二十四万三","1","1","2"
"十四万三千","1","1","2"
"六十四万一","1","1","2"
"十四万一千","1","1","2"
"四万一千五","1","1","2"
"万一千五百","1","1","2"
"奴婢十五口","1","1","2"
"司隶大夫薛","1","1","2"
"隶大夫薛道","1","1","2"
"大夫薛道衡","1","1","2"
"帝问苏威讨","1","1","2"
"张金称等头","1","1","2"
"司马德戡将","1","1","2"
"逆党宇文化","1","1","2"
"齐太子舍人","1","1","2"
"高平王文学","1","1","2"
"相府记室事","1","1","2"
"诏巡抚岭南","1","1","2"
"帅王仲宣逼","1","1","2"
"部将周师举","1","1","2"
"将周师举围","1","1","2"
"大将军鹿愿","1","1","2"
"蒲类海铁勒","1","1","2"
"类海铁勒部","1","1","2"
"南婆罗门国","1","1","2"
"婆罗门国等","1","1","2"
"随使者入朝","1","1","2"
"卫大将军屈","1","1","2"
"大将军屈突","1","1","2"
"江都境内寡","1","1","2"
"都境内寡妇","1","1","2"
"河北道安抚","1","1","2"
"北道安抚大","1","1","2"
"道安抚大使","1","1","2"
"曹旦长史李","1","1","2"
"旦长史李公","1","1","2"
"长史李公淹","1","1","2"
"大唐使人魏","1","1","2"
"一丈二尺七","1","1","2"
"丈二尺七寸","1","1","2"
"二尺七寸二","1","1","2"
"尺七寸二分","1","1","2"
"一丈二尺六","1","1","2"
"丈二尺六寸","1","1","2"
"二尺六寸三","1","1","2"
"尺六寸三分","1","1","2"
"一丈二尺八","1","1","2"
"丈二尺八寸","1","1","2"
"二尺八寸八","1","1","2"
"尺八寸八分","1","1","2"
"夏影一尺四","2","0","2"
"影一尺四寸","2","0","2"
"一尺四寸八","1","1","2"
"尺四寸八分","1","1","2"
"一尺四寸五","1","1","2"
"尺四寸五分","1","1","2"
"太史丞高智","1","1","2"
"史丞高智宝","1","1","2"
"上元第一纪","2","0","2"
"元第一纪甲","2","0","2"
"天正十一月","2","0","2"
"正十一月庚","2","0","2"
"月二十八日","1","1","2"
"八月二十九","1","1","2"
"二十九日夜","1","1","2"
"九月四日夜","1","1","2"
"年十一月二","1","1","2"
"一月二十日","1","1","2"
"月二十日夜","1","1","2"
"帅卢明月营","1","1","2"
"月十五日夜","1","1","2"
"父谓所亲曰","2","0","2"
"玄感世荷国","2","0","2"
"感世荷国恩","2","0","2"
"贲郎将王仲","1","1","2"
"郎将王仲伯","1","1","2"
"汲郡赞治赵","1","1","2"
"郡赞治赵怀","1","1","2"
"赞治赵怀义","1","1","2"
"治赵怀义等","1","1","2"
"赵怀义等谋","1","1","2"
"怀义等谋议","1","1","2"
"弟武贲郎将","1","1","2"
"武贲郎将玄","1","1","2"
"贲郎将玄纵","1","1","2"
"鹰扬郎将万","1","1","2"
"扬郎将万硕","1","1","2"
"东光县尉元","1","1","2"
"光县尉元务","1","1","2"
"县尉元务本","1","1","2"
"河内郡主簿","1","1","2"
"内郡主簿唐","1","1","2"
"令河南赞治","1","1","2"
"顾破家灭族","1","1","2"
"霍光废刘贺","1","1","2"
"军宇文述发","1","1","2"
"宇文述发兵","1","1","2"
"文述发兵继","1","1","2"
"述发兵继进","1","1","2"
"前民部尚书","1","1","2"
"民部尚书李","1","1","2"
"部尚书李子","1","1","2"
"尚书李子雄","1","1","2"
"屈突通晓习","1","1","2"
"弟积善步行","1","1","2"
"梁郡人韩相","1","1","2"
"郡人韩相国","1","1","2"
"人韩相国举","1","1","2"
"韩相国举兵","1","1","2"
"河南道元帅","1","1","2"
"乡人高仲密","1","1","2"
"加授光禄大","1","1","2"
"元进知天下","1","1","2"
"进知天下思","1","1","2"
"知天下思乱","1","1","2"
"令将军吐万","1","1","2"
"光禄大夫鱼","1","1","2"
"禄大夫鱼俱","1","1","2"
"大夫鱼俱罗","1","1","2"
"夫鱼俱罗率","1","1","2"
"鱼俱罗率兵","1","1","2"
"帝令江都郡","1","1","2"
"令江都郡丞","1","1","2"
"丞王世充发","1","1","2"
"王世充发淮","1","1","2"
"世充发淮南","1","1","2"
"充发淮南兵","1","1","2"
"退保延陵栅","1","1","2"
"俱世充所杀","2","0","2"
"袭父爵蒲山","1","1","2"
"父爵蒲山公","1","1","2"
"国子助教包","1","1","2"
"子助教包恺","1","1","2"
"亲卫大都督","1","1","2"
"时李子雄劝","1","1","2"
"东郡贼帅翟","1","1","2"
"荥阳太守郇","1","1","2"
"阳太守郇王","1","1","2"
"密分兵千余","1","1","2"
"分兵千余人","1","1","2"
"精兵七千人","1","1","2"
"业十三年春","1","1","2"
"将刘长恭率","1","1","2"
"二万五千讨","1","1","2"
"密攻下巩县","1","1","2"
"仁基等大败","1","1","2"
"仁基守回洛","1","1","2"
"密流矢所中","2","0","2"
"黎阳贼帅李","1","1","2"
"阳贼帅李文","1","1","2"
"洹水贼帅张","1","1","2"
"水贼帅张升","1","1","2"
"清河贼帅赵","1","1","2"
"河贼帅赵君","1","1","2"
"贼帅赵君德","1","1","2"
"帅郝孝德归","1","1","2"
"周法明举江","1","1","2"
"齐郡贼帅徐","1","1","2"
"郡贼帅徐圆","1","1","2"
"任城大侠徐","1","1","2"
"城大侠徐师","1","1","2"
"大侠徐师仁","1","1","2"
"单雄信等率","1","1","2"
"左右数百人","1","1","2"
"世充夜袭仓","1","1","2"
"充夜袭仓城","1","1","2"
"洛水造浮桥","1","1","2"
"贲郎将杨威","1","1","2"
"董智通等诸","1","1","2"
"智通等诸将","1","1","2"
"东南道大行","1","1","2"
"张童仁等所","1","1","2"
"刑部尚书王","1","1","2"
"部尚书王轨","1","1","2"
"记室参军李","1","1","2"
"室参军李俭","1","1","2"
"邴元真守兴","1","1","2"
"元真守兴洛","1","1","2"
"真守兴洛仓","1","1","2"
"世充夜围偃","1","1","2"
"充夜围偃师","1","1","2"
"入洛口仓城","1","1","2"
"河南道讨捕","1","1","2"
"南道讨捕大","1","1","2"
"道讨捕大使","1","1","2"
"荥阳通守张","1","1","2"
"阳通守张须","1","1","2"
"监军御史萧","1","1","2"
"军御史萧怀","1","1","2"
"御史萧怀静","1","1","2"
"左辅大将军","1","1","2"
"尚书左丞宇","1","1","2"
"书左丞宇文","1","1","2"
"左丞宇文儒","1","1","2"
"丞宇文儒童","1","1","2"
"尚食直长陈","1","1","2"
"食直长陈谦","1","1","2"
"秘书丞崔德","1","1","2"
"书丞崔德本","1","1","2"
"丞崔德本等","1","1","2"
"将军张童仁","1","1","2"
"军张童仁知","1","1","2"
"周隋州刺史","1","1","2"
"河南道大使","1","1","2"
"转尚书左丞","2","0","2"
"陈武帝所杀","1","1","2"
"见陈武帝须","1","1","2"
"小驭下大夫","1","1","2"
"衣冠士人多","2","0","2"
"薛国公长孙","1","1","2"
"国公长孙览","1","1","2"
"周敷州刺史","1","1","2"
"公宇文神举","1","1","2"
"公韦孝宽经","1","1","2"
"化政公宇文","1","1","2"
"政公宇文忻","1","1","2"
"司水贺娄子","1","1","2"
"水贺娄子干","1","1","2"
"守将吴文立","1","1","2"
"弘度行军总","2","0","2"
"度行军总管","2","0","2"
"检校原州事","1","1","2"
"弘度一一问","1","1","2"
"宁饮三升酢","1","1","2"
"征北大将军","1","1","2"
"魏凉州刺史","1","1","2"
"中外府礼曹","1","1","2"
"少宗伯卢辩","1","1","2"
"宗伯卢辩专","1","1","2"
"御正四曹大","1","1","2"
"正四曹大夫","1","1","2"
"改封任城郡","1","1","2"
"封任城郡公","1","1","2"
"秘书监牛弘","1","1","2"
"潞州刺史辛","1","1","2"
"州刺史辛彦","1","1","2"
"威定考文学","1","1","2"
"魏文侯问子","1","1","2"
"文侯问子夏","1","1","2"
"汉高祖庙奏","1","1","2"
"吏部尚书卢","1","1","2"
"郎薛道衡等","1","1","2"
"瀛州刺史宇","1","1","2"
"刺史宇文亢","1","1","2"
"著作郎王劭","1","1","2"
"太极真人徐","1","1","2"
"极真人徐君","1","1","2"
"南郡江陵县","1","1","2"
"吏部尚书宗","1","1","2"
"部尚书宗懔","1","1","2"
"尚书宗懔等","1","1","2"
"周太祖一见","1","1","2"
"武帝亲临检","1","1","2"
"太史中大夫","1","1","2"
"大定元年正","1","1","2"
"定元年正月","1","1","2"
"冀州刺史赵","1","1","2"
"太史令刘晖","1","1","2"
"史令刘晖等","1","1","2"
"立议六十一","1","1","2"
"内史通事颜","1","1","2"
"史通事颜敏","1","1","2"
"通事颜敏楚","1","1","2"
"事颜敏楚上","1","1","2"
"时落下闳改","1","1","2"
"七百一十年","1","1","2"
"一百八十六","1","1","2"
"百八十六年","1","1","2"
"八十六年冬","1","1","2"
"令合朔加时","2","0","2"
"前代加时早","1","1","2"
"代加时早晚","1","1","2"
"百八十二日","2","0","2"
"八十二日行","2","0","2"
"十二日行一","2","0","2"
"二日行一百","2","0","2"
"行一百八十","1","1","2"
"一百八十度","1","1","2"
"日行一百七","2","0","2"
"一百七十六","1","1","2"
"百七十六度","1","1","2"
"一百七十七","1","1","2"
"百七十七度","1","1","2"
"行九十二度","1","1","2"
"遣大将军戚","1","1","2"
"大将军戚昕","1","1","2"
"置江陵总管","1","1","2"
"大将军许世","1","1","2"
"将军许世武","1","1","2"
"陈将宜黄侯","1","1","2"
"将宜黄侯陈","1","1","2"
"宜黄侯陈纪","1","1","2"
"武乡公崔弘","1","1","2"
"乡公崔弘度","1","1","2"
"遣左仆射高","1","1","2"
"内史令杨约","1","1","2"
"南梁州刺史","1","1","2"
"罗州刺史冯","1","1","2"
"州刺史冯融","1","1","2"
"子高凉太守","1","1","2"
"广州都督萧","1","1","2"
"州都督萧勃","1","1","2"
"都督萧勃征","1","1","2"
"高州刺史李","1","1","2"
"州刺史李迁","1","1","2"
"刺史李迁仕","1","1","2"
"遣主帅杜平","1","1","2"
"主帅杜平虏","1","1","2"
"帅杜平虏率","1","1","2"
"长城侯陈霸","1","1","2"
"城侯陈霸先","1","1","2"
"陈永定二年","1","1","2"
"广州刺史欧","1","1","2"
"州刺史欧阳","1","1","2"
"刺史欧阳纥","1","1","2"
"史欧阳纥谋","1","1","2"
"欧阳纥谋反","1","1","2"
"百越酋长迎","1","1","2"
"平越中郎将","1","1","2"
"石龙太夫人","1","1","2"
"魂仪同三司","1","1","2"
"宋康郡夫人","1","1","2"
"逆党陈佛智","1","1","2"
"裴矩巡抚诸","1","1","2"
"矩巡抚诸州","1","1","2"
"开谯国夫人","1","1","2"
"谯国夫人幕","1","1","2"
"国夫人幕府","1","1","2"
"部落六州兵","1","1","2"
"落六州兵马","1","1","2"
"时番州总管","1","1","2"
"番州总管赵","1","1","2"
"州总管赵讷","1","1","2"
"长史张融上","1","1","2"
"赐夫人临振","1","1","2"
"夫人临振县","1","1","2"
"人临振县汤","1","1","2"
"临振县汤沐","1","1","2"
"振县汤沐邑","1","1","2"
"大莫弗瞒咄","1","1","2"
"五香七宝床","1","1","2"
"头戴金宝花","1","1","2"
"陵伽钵婆山","1","1","2"
"车师前王庭","1","1","2"
"蠕蠕立阚伯","1","1","2"
"蠕立阚伯周","1","1","2"
"敦煌人张孟","1","1","2"
"煌人张孟明","1","1","2"
"金城榆中人","1","1","2"
"一千八百四","1","1","2"
"千八百四十","1","1","2"
"八百四十步","1","1","2"
"高昌王伯雅","1","1","2"
"伯雅逾沙忘","1","1","2"
"雅逾沙忘阻","1","1","2"
"令取悦中华","1","1","2"
"绕吐纥山居","1","1","2"
"乞引莫贺咄","1","1","2"
"校尉元武达","1","1","2"
"阁裴虔通互","1","1","2"
"裴虔通互相","1","1","2"
"转告内史舍","1","1","2"
"告内史舍人","1","1","2"
"扬郎将孟秉","1","1","2"
"勋侍杨士览","1","1","2"
"三月十五日","1","1","2"
"月十五日举","1","1","2"
"十五日举兵","1","1","2"
"五日举兵同","1","1","2"
"日举兵同叛","1","1","2"
"十二卫武马","1","1","2"
"候卫武贲冯","1","1","2"
"卫武贲冯普","1","1","2"
"武贲冯普乐","1","1","2"
"将军独孤盛","1","1","2"
"宿公麦孟才","1","1","2"
"折冲郎将沈","1","1","2"
"冲郎将沈光","1","1","2"
"郎将沈光等","1","1","2"
"将陈智略率","1","1","2"
"淮安王神通","1","1","2"
"安王神通安","1","1","2"
"王神通安抚","1","1","2"
"神通安抚山","1","1","2"
"通安抚山东","1","1","2"
"齐州贼帅王","1","1","2"
"州贼帅王薄","1","1","2"
"突厥义成公","1","1","2"
"厥义成公主","1","1","2"
"农郡华阴人","1","1","2"
"大象二年五","1","1","2"
"象二年五月","1","1","2"
"上柱国元景","1","1","2"
"柱国元景山","1","1","2"
"雍二州地震","1","1","2"
"湘州刺史施","1","1","2"
"州刺史施文","1","1","2"
"刺史施文庆","1","1","2"
"散骑常侍沈","1","1","2"
"骑常侍沈客","1","1","2"
"常侍沈客卿","1","1","2"
"市令阳慧朗","1","1","2"
"刑法监徐析","1","1","2"
"尚书都令史","1","1","2"
"书都令史暨","1","1","2"
"都令史暨慧","1","1","2"
"军宇文述等","1","1","2"
"攻陷信安郡","1","1","2"
"博陵望都人","1","1","2"
"巳国公宇文","1","1","2"
"国公刘昉等","1","1","2"
"荥阳开封人","1","1","2"
"绛二州诸军","1","1","2"
"阐熙新渼人","1","1","2"
"时上柱国贺","1","1","2"
"上柱国贺若","1","1","2"
"柱国贺若弼","1","1","2"
"刑部尚书薛","1","1","2"
"民部尚书斛","1","1","2"
"部尚书斛律","1","1","2"
"尚书斛律孝","1","1","2"
"书斛律孝卿","1","1","2"
"尚书柳述等","1","1","2"
"京兆武功人","1","1","2"
"令大将军刘","1","1","2"
"大将军刘仁","1","1","2"
"将军刘仁恩","1","1","2"
"军刘仁恩率","1","1","2"
"安定鹑觚人","1","1","2"
"骁将刘景率","1","1","2"
"将刘景率劲","1","1","2"
"朔方岩绿人","1","1","2"
"交州渠帅李","1","1","2"
"州渠帅李佛","1","1","2"
"渠帅李佛子","1","1","2"
"帅李佛子入","1","1","2"
"李佛子入朝","1","1","2"
"柱国宇文神","1","1","2"
"国宇文神举","1","1","2"
"北海期原人","1","1","2"
"代郡武川人","1","1","2"
"太原介休人","1","1","2"
"汝南安成人","1","1","2"
"城州刺史熊","1","1","2"
"州刺史熊门","1","1","2"
"刺史熊门超","1","1","2"
"天水休官人","1","1","2"
"会稽余姚人","1","1","2"
"陈郡阳夏人","1","1","2"
"加授金紫光","1","1","2"
"授金紫光禄","1","1","2"
"河间景城人","1","1","2"
"渤海郡公高","1","1","2"
"源县公虞庆","1","1","2"
"咸安县男李","1","1","2"
"安县男李德","1","1","2"
"县男李德林","1","1","2"
"汉安县公韦","1","1","2"
"安县公韦世","1","1","2"
"县公韦世康","1","1","2"
"义宁县公元","1","1","2"
"宁县公元晖","1","1","2"
"昌国县公元","1","1","2"
"国县公元岩","1","1","2"
"司宗长孙毗","1","1","2"
"司会杨尚希","1","1","2"
"立王后独孤","1","1","2"
"王后独孤氏","1","1","2"
"皇子雁门公","1","1","2"
"观国公田仁","1","1","2"
"国公田仁恭","1","1","2"
"武德郡公柳","1","1","2"
"德郡公柳敏","1","1","2"
"济南郡公孙","1","1","2"
"南郡公孙恕","1","1","2"
"亭县公贺若","1","1","2"
"县公贺若弼","1","1","2"
"新义县公韩","1","1","2"
"义县公韩擒","1","1","2"
"县公韩擒虎","1","1","2"
"吏部尚书虞","1","1","2"
"部尚书虞庆","1","1","2"
"瀛州刺史杨","1","1","2"
"州刺史杨尚","1","1","2"
"刺史杨尚希","1","1","2"
"毛州刺史刘","1","1","2"
"信州总管杨","1","1","2"
"吏部侍郎宇","1","1","2"
"部侍郎宇文","1","1","2"
"侍郎宇文弼","1","1","2"
"宗正少卿杨","1","1","2"
"正少卿杨异","1","1","2"
"书右仆射杨","1","1","2"
"柱国宇文述","1","1","2"
"宇文述左卫","1","1","2"
"文述左卫大","1","1","2"
"述左卫大将","1","1","2"
"上柱国郭衍","1","1","2"
"郭衍左武卫","1","1","2"
"衍左武卫大","1","1","2"
"光禄大夫麦","1","1","2"
"禄大夫麦铁","1","1","2"
"大夫麦铁杖","1","1","2"
"贲郎将钱士","1","1","2"
"郎将钱士雄","1","1","2"
"书樊子盖留","1","1","2"
"樊子盖留守","1","1","2"
"子盖留守东","1","1","2"
"盖留守东都","1","1","2"
"鄱阳人林士","1","1","2"
"阳人林士弘","1","1","2"
"屯卫将军宇","1","1","2"
"卫将军宇文","1","1","2"
"将军宇文化","1","1","2"
"监门直阁裴","1","1","2"
"门直阁裴虔","1","1","2"
"将作少监宇","1","1","2"
"作少监宇文","1","1","2"
"少监宇文智","1","1","2"
"武勇郎将赵","1","1","2"
"勇郎将赵行","1","1","2"
"郎将赵行枢","1","1","2"
"扬郎将孟景","1","1","2"
"千牛左右李","1","1","2"
"牛左右李孝","1","1","2"
"左右李孝本","1","1","2"
"穆风神警俊","1","1","2"
"奉迎魏武帝","1","1","2"
"改封经城县","1","1","2"
"封经城县公","1","1","2"
"太子小宫尹","1","1","2"
"东南道行台","1","1","2"
"三十二州诸","1","1","2"
"授仪同大将","2","0","2"
"颎节度诸军","1","1","2"
"赐姓叱吕引","1","1","2"
"姓叱吕引氏","1","1","2"
"高祖第三子","1","1","2"
"扬州总管四","1","1","2"
"州总管四十","1","1","2"
"总管四十四","1","1","2"
"管四十四州","1","1","2"
"四十四州诸","1","1","2"
"柱国乔钟葵","1","1","2"
"淅三州刺史","1","1","2"
"左旅下大夫","1","1","2"
"灵朔道行军","1","1","2"
"朔道行军元","1","1","2"
"学行敦时俗","1","1","2"
"纳言云阁上","1","1","2"
"礼仪皇运初","1","1","2"
"文集十三卷","1","1","2"
"集十三卷行","1","1","2"
"安内史侍郎","1","1","2"
"周开府仪同","1","1","2"
"熊绛二州刺","1","1","2"
"绛二州刺史","1","1","2"
"左前军勇猛","1","1","2"
"前军勇猛中","1","1","2"
"军勇猛中大","1","1","2"
"勇猛中大夫","1","1","2"
"内史都上士","1","1","2"
"总管辛明瑾","1","1","2"
"段谐等二万","1","1","2"
"谐等二万人","1","1","2"
"扬州总管长","1","1","2"
"右中军熊渠","1","1","2"
"中军熊渠中","1","1","2"
"军熊渠中大","1","1","2"
"熊渠中大夫","1","1","2"
"等十州刺史","1","1","2"
"女乐五十人","1","1","2"
"宣纳下大夫","1","1","2"
"黄州兵三千","1","1","2"
"州兵三千五","1","1","2"
"兵三千五百","1","1","2"
"景容貌奇伟","1","1","2"
"晋安王文学","1","1","2"
"小内史下大","1","1","2"
"检校太府卿","1","1","2"
"三十六科鬼","1","1","2"
"十六科鬼神","1","1","2"
"六科鬼神感","1","1","2"
"科鬼神感应","1","1","2"
"鬼神感应等","1","1","2"
"神感应等大","1","1","2"
"感应等大义","1","1","2"
"一百二十卷","1","1","2"
"一百四十二","1","1","2"
"百四十二卷","1","1","2"
"白天出现太","0","2","2"
"天出现太白","0","2","2"
"出现太白星","0","2","2"
"契丹派使者","0","2","2"
"贤明的君王","0","2","2"
"朝官的行列","0","2","2"
"众多的人才","0","2","2"
"化很少传播","0","2","2"
"很少传播到","0","2","2"
"他们的后代","0","2","2"
"这才符合朕","0","2","2"
"才符合朕的","0","2","2"
"家人没官为","0","2","2"
"人没官为奴","0","2","2"
"主管官员要","0","2","2"
"我冒昧地把","0","2","2"
"登基前的朋","0","2","2"
"基前的朋友","0","2","2"
"被废为庶民","0","2","2"
"不符合我的","0","2","2"
"酒杯为高祖","0","2","2"
"杯为高祖祝","0","2","2"
"为高祖祝寿","0","2","2"
"周宣帝发丧","0","2","2"
"没有第二个","0","2","2"
"高赹的儿子","0","2","2"
"的儿子娶了","0","2","2"
"杨勇的女儿","0","2","2"
"事情已经这","0","2","2"
"情已经这样","0","2","2"
"没有敢说话","0","2","2"
"有敢说话的","0","2","2"
"皇上知道了","0","2","2"
"他见机行事","0","2","2"
"陈国人非常","0","2","2"
"事托付给他","0","2","2"
"帝的那一天","0","2","2"
"被亲近看重","0","2","2"
"这两个人的","0","2","2"
"我的糊涂想","0","2","2"
"的糊涂想法","0","2","2"
"这才符合我","0","2","2"
"有关部门为","0","2","2"
"关部门为他","0","2","2"
"部门为他修","0","2","2"
"十几个骑兵","0","2","2"
"炀帝听了他","0","2","2"
"能达到目的","0","2","2"
"了这个建议","0","2","2"
"文帝看了非","0","2","2"
"帝看了非常","0","2","2"
"看了非常高","0","2","2"
"当时国家多","0","2","2"
"时国家多事","0","2","2"
"用这种方法","0","2","2"
"自炀帝处逃","0","2","2"
"这说明他不","0","2","2"
"奉皇帝诏令","0","2","2"
"没有加以详","0","2","2"
"有加以详细","0","2","2"
"贡地方特产","0","2","2"
"接收了他们","0","2","2"
"派使者到隋","0","2","2"
"使者到隋朝","0","2","2"
"的骁勇之士","0","2","2"
"司马德戡知","0","2","2"
"马德戡知道","0","2","2"
"高祖的父亲","0","2","2"
"周太祖在关","0","2","2"
"赐他姓普六","0","2","2"
"他姓普六茹","0","2","2"
"父亲的功勋","0","2","2"
"周太祖看见","0","2","2"
"周武帝即位","0","2","2"
"为皇太子妃","0","2","2"
"对周武帝说","0","2","2"
"深深地隐藏","0","2","2"
"深地隐藏自","0","2","2"
"地隐藏自己","0","2","2"
"会有圣人来","0","2","2"
"皇后之父的","0","2","2"
"当时周宣帝","0","2","2"
"高祖的女儿","0","2","2"
"大夫刘日方","0","2","2"
"高祖担心他","0","2","2"
"以赵王宇文","0","2","2"
"响应尉迟迥","0","2","2"
"州牧毕王宇","0","2","2"
"牧毕王宇文","0","2","2"
"毕王宇文贤","0","2","2"
"谋划造反作","0","2","2"
"划造反作乱","0","2","2"
"韦孝宽在相","0","2","2"
"孝宽在相州","0","2","2"
"宽在相州打","0","2","2"
"在相州打败","0","2","2"
"相州打败尉","0","2","2"
"州打败尉迟","0","2","2"
"打败尉迟迥","0","2","2"
"的首级传到","0","2","2"
"迟迥作乱时","0","2","2"
"等到平定尉","0","2","2"
"到平定尉迟","0","2","2"
"定尉迟迥后","0","2","2"
"的所作所为","0","2","2"
"高祖杀了赵","0","2","2"
"祖杀了赵王","0","2","2"
"地位在诸侯","0","2","2"
"位在诸侯王","0","2","2"
"在诸侯王之","0","2","2"
"诸侯王之上","0","2","2"
"国公杨惠为","0","2","2"
"其余官职不","0","2","2"
"余官职不变","0","2","2"
"巡幸安成长","0","2","2"
"成长公主府","0","2","2"
"长公主府第","0","2","2"
"王杨广为尚","0","2","2"
"杨广为尚书","0","2","2"
"广为尚书令","0","2","2"
"任命秦王杨","0","2","2"
"命秦王杨俊","0","2","2"
"王杨俊为尚","0","2","2"
"杨俊为尚书","0","2","2"
"俊为尚书令","0","2","2"
"任命蜀王杨","0","2","2"
"蜀王杨秀为","0","2","2"
"下诏令天下","0","2","2"
"为左武卫大","0","2","2"
"为左武侯大","0","2","2"
"左武侯大将","0","2","2"
"柱国李充在","0","2","2"
"史皇甫绩为","0","2","2"
"高祖任命太","0","2","2"
"任命太府卿","0","2","2"
"卫王杨爽为","0","2","2"
"为原州总管","0","2","2"
"命上柱国叱","0","2","2"
"叱李长叉为","0","2","2"
"任命上开府","0","2","2"
"入新都大兴","0","2","2"
"新都大兴城","0","2","2"
"突厥侵犯边","0","2","2"
"厥侵犯边境","0","2","2"
"命上柱国达","0","2","2"
"滕王杨王赞","0","2","2"
"高祖认为已","0","2","2"
"高祖亲自祭","0","2","2"
"吐谷浑的军","0","2","2"
"谷浑的军队","0","2","2"
"高祖任命晋","0","2","2"
"为青州总管","0","2","2"
"间王杨弘为","0","2","2"
"为宁州总管","0","2","2"
"祖任命豫州","0","2","2"
"为幽州总管","0","2","2"
"四年正月初","0","2","2"
"二月十三日","0","2","2"
"男女一万多","0","2","2"
"女一万多人","0","2","2"
"一万多人来","0","2","2"
"十五岁以上","0","2","2"
"五岁以上的","0","2","2"
"殿设宴款待","0","2","2"
"任命上大将","0","2","2"
"命上大将军","0","2","2"
"贺娄子干为","0","2","2"
"五月十二日","0","2","2"
"拜为大将军","0","2","2"
"任命鸿胪卿","0","2","2"
"派遣十位使","0","2","2"
"遣十位使臣","0","2","2"
"按级别赏赐","0","2","2"
"亲自讯视囚","0","2","2"
"子干为云州","0","2","2"
"干为云州总","0","2","2"
"任命尚书左","0","2","2"
"命尚书左仆","0","2","2"
"命上柱国宇","0","2","2"
"为凉州总管","0","2","2"
"略可汗派遣","0","2","2"
"派遣民部尚","0","2","2"
"高祖巡幸栗","0","2","2"
"祖巡幸栗园","0","2","2"
"高祖从栗园","0","2","2"
"祖从栗园归","0","2","2"
"杨素为信州","0","2","2"
"素为信州总","0","2","2"
"管吐万绪为","0","2","2"
"源雄为朔州","0","2","2"
"雄为朔州总","0","2","2"
"晋王杨广来","0","2","2"
"王杨广来朝","0","2","2"
"二月二十五","0","2","2"
"月二十五日","0","2","2"
"派遣民工十","0","2","2"
"二十天结束","0","2","2"
"命上柱国崔","0","2","2"
"国崔弘度为","0","2","2"
"育黎民百姓","0","2","2"
"还担心不能","0","2","2"
"派遣散骑常","0","2","2"
"史段文振为","0","2","2"
"杨勇镇守洛","0","2","2"
"勇镇守洛阳","0","2","2"
"成阝国公梁","0","2","2"
"阝国公梁士","0","2","2"
"牵连而被免","0","2","2"
"七年正月十","0","2","2"
"向朝廷推荐","0","2","2"
"巡幸礼泉宫","0","2","2"
"他的儿子雍","0","2","2"
"任命民部尚","0","2","2"
"命民部尚书","0","2","2"
"尚书苏威为","0","2","2"
"任命怀州刺","0","2","2"
"命怀州刺史","0","2","2"
"国国君萧琮","0","2","2"
"因情况特殊","0","2","2"
"月二十三日","0","2","2"
"八年正月初","0","2","2"
"年正月初五","0","2","2"
"黄河以北各","0","2","2"
"九月十一日","0","2","2"
"高祖设宴款","0","2","2"
"祖设宴款待","0","2","2"
"晋王杨广出","0","2","2"
"晋王杨广指","0","2","2"
"王杨广指挥","0","2","2"
"陈国的军队","0","2","2"
"攻下陈国的","0","2","2"
"虞庆则为右","0","2","2"
"国都官尚书","0","2","2"
"放到边远地","0","2","2"
"任命吏部尚","0","2","2"
"总管杨素为","0","2","2"
"没有听说过","0","2","2"
"杨雄为司空","0","2","2"
"高祖任命皇","0","2","2"
"祖任命皇孙","0","2","2"
"任命皇孙杨","0","2","2"
"十一年正月","0","2","2"
"年正月十四","0","2","2"
"正月十四日","0","2","2"
"吐谷浑派遣","0","2","2"
"谷浑派遣使","0","2","2"
"浑派遣使者","0","2","2"
"高祖任命大","0","2","2"
"祖任命大将","0","2","2"
"总管周摇为","0","2","2"
"为寿州总管","0","2","2"
"任命朔州总","0","2","2"
"命朔州总管","0","2","2"
"任命柱国杜","0","2","2"
"命柱国杜彦","0","2","2"
"为洪州总管","0","2","2"
"十二月初九","0","2","2"
"十二年正月","0","2","2"
"皇甫绩为信","0","2","2"
"甫绩为信州","0","2","2"
"绩为信州总","0","2","2"
"四月十六日","0","2","2"
"高祖巡幸昆","0","2","2"
"祖巡幸昆明","0","2","2"
"巡幸昆明池","0","2","2"
"任命工部尚","0","2","2"
"高祖在南郊","0","2","2"
"祖在南郊祭","0","2","2"
"为潭州总管","0","2","2"
"十三年正月","0","2","2"
"三年正月初","0","2","2"
"都派使者来","0","2","2"
"任命信州总","0","2","2"
"命信州总管","0","2","2"
"杨日柬为豫","0","2","2"
"高祖下令凡","0","2","2"
"月二十四日","0","2","2"
"九月十九日","0","2","2"
"五年正月初","0","2","2"
"高祖祭祀泰","0","2","2"
"祖祭祀泰山","0","2","2"
"为营州总管","0","2","2"
"五品以上的","0","2","2"
"十一月初七","0","2","2"
"上官员的妻","0","2","2"
"官员的妻子","0","2","2"
"上奏朝廷后","0","2","2"
"河南王杨昭","0","2","2"
"九月二十一","0","2","2"
"从仁寿宫回","0","2","2"
"年正月初七","0","2","2"
"并州总管长","0","2","2"
"达头可汗侵","0","2","2"
"头可汗侵犯","0","2","2"
"可汗侵犯边","0","2","2"
"高祖派遣行","0","2","2"
"祖派遣行军","0","2","2"
"任命豫章王","0","2","2"
"命豫章王杨","0","2","2"
"豫章王杨日","0","2","2"
"章王杨日柬","0","2","2"
"修筑大利城","0","2","2"
"十二月初一","0","2","2"
"可汗被部下","0","2","2"
"弼为吴州总","0","2","2"
"从仁寿宫还","0","2","2"
"立晋王杨广","0","2","2"
"王杨广为皇","0","2","2"
"杨广为皇太","0","2","2"
"广为皇太子","0","2","2"
"元年正月初","0","2","2"
"晋王杨昭为","0","2","2"
"令尚书左仆","0","2","2"
"北周的旧臣","0","2","2"
"民间的疾苦","0","2","2"
"整整一个月","0","2","2"
"阵亡将士的","0","2","2"
"亡将士的家","0","2","2"
"都安居乐业","0","2","2"
"是隋高祖的","0","2","2"
"貌仪表很美","0","2","2"
"又晋升为上","0","2","2"
"他为并州总","0","2","2"
"炀帝再次出","0","2","2"
"太子杨勇被","0","2","2"
"讨伐平定了","0","2","2"
"卫将军来护","0","2","2"
"军来护儿为","0","2","2"
"隐居不仕的","0","2","2"
"分头派遣使","0","2","2"
"巡视各地风","0","2","2"
"视各地风俗","0","2","2"
"无辜被囚的","0","2","2"
"给他们粮食","0","2","2"
"宇文弼为刑","0","2","2"
"文弼为刑部","0","2","2"
"弼为刑部尚","0","2","2"
"仆射杨素为","0","2","2"
"射杨素为尚","0","2","2"
"素为尚书令","0","2","2"
"令尚书令杨","0","2","2"
"那里的风俗","0","2","2"
"征调黄河以","0","2","2"
"河以南各郡","0","2","2"
"荧惑星进入","0","2","2"
"惑星进入太","0","2","2"
"星进入太微","0","2","2"
"任命尚书令","0","2","2"
"德王杨雄为","0","2","2"
"杨雄为太子","0","2","2"
"雄为太子太","0","2","2"
"为太子太傅","0","2","2"
"先王的教令","0","2","2"
"今天下太平","0","2","2"
"的文武官员","0","2","2"
"品以上的供","0","2","2"
"以上的供给","0","2","2"
"船只首尾相","0","2","2"
"只首尾相接","0","2","2"
"内免除徭役","0","2","2"
"免除徭役三","0","2","2"
"除徭役三年","0","2","2"
"三品以上官","0","2","2"
"月二十六日","0","2","2"
"因事获罪被","0","2","2"
"德高望重的","0","2","2"
"为他们修建","0","2","2"
"杨素为司徒","0","2","2"
"的官职爵位","0","2","2"
"秦孝王杨俊","0","2","2"
"的儿子杨浩","0","2","2"
"杨浩为秦王","0","2","2"
"掠过文昌星","0","2","2"
"安抚黄河以","0","2","2"
"抚黄河以北","0","2","2"
"按规矩办事","0","2","2"
"治理国家的","0","2","2"
"有德有才的","0","2","2"
"德有才的人","0","2","2"
"是立身的基","0","2","2"
"立身的基础","0","2","2"
"据各自的才","0","2","2"
"主管官员应","0","2","2"
"被占土地的","0","2","2"
"民可汗派遣","0","2","2"
"可汗派使者","0","2","2"
"文献典籍散","0","2","2"
"献典籍散失","0","2","2"
"代祖先的庙","0","2","2"
"祖文皇帝承","0","2","2"
"文皇帝承受","0","2","2"
"的法令制度","0","2","2"
"这难道不是","0","2","2"
"可汗前来朝","0","2","2"
"等国都派使","0","2","2"
"国都派使臣","0","2","2"
"派使臣来贡","0","2","2"
"使臣来贡献","0","2","2"
"臣来贡献土","0","2","2"
"启民及其部","0","2","2"
"民及其部落","0","2","2"
"余万人修筑","0","2","2"
"十分之五六","0","2","2"
"皇上的车驾","0","2","2"
"黄河北部各","0","2","2"
"河北部各郡","0","2","2"
"为右侯卫大","0","2","2"
"为左屯卫大","0","2","2"
"八月二十一","0","2","2"
"车驾停留在","0","2","2"
"派使者前来","0","2","2"
"前来贡献土","0","2","2"
"在武德殿宴","0","2","2"
"武德殿宴请","0","2","2"
"高昌王曲伯","0","2","2"
"昌王曲伯雅","0","2","2"
"前来朝见天","0","2","2"
"有三十多个","0","2","2"
"三十多个国","0","2","2"
"给予优厚的","0","2","2"
"予优厚的待","0","2","2"
"庶可使他们","0","2","2"
"就杀了他们","0","2","2"
"的有一千多","0","2","2"
"现在天下太","0","2","2"
"王的儿子杨","0","2","2"
"尚书牛弘去","0","2","2"
"应有的礼节","0","2","2"
"克敌制胜的","0","2","2"
"敌制胜的谋","0","2","2"
"制胜的谋略","0","2","2"
"炀帝到涿郡","0","2","2"
"运送物资的","0","2","2"
"送物资的人","0","2","2"
"灭亡的征兆","0","2","2"
"那还有什么","0","2","2"
"还有什么不","0","2","2"
"有什么不可","0","2","2"
"同敌人作战","0","2","2"
"任命右侯卫","0","2","2"
"无拘无束地","0","2","2"
"宇文述等在","0","2","2"
"处理政务的","0","2","2"
"由于这个原","0","2","2"
"于这个原因","0","2","2"
"大肆掳掠后","0","2","2"
"肆掳掠后离","0","2","2"
"掳掠后离去","0","2","2"
"皇上派将军","0","2","2"
"聚集数万人","0","2","2"
"恢复宇文述","0","2","2"
"文述等人的","0","2","2"
"等人的官职","0","2","2"
"修筑大兴城","0","2","2"
"聚集万余人","0","2","2"
"郎斛斯政逃","0","2","2"
"讨伐杨玄感","0","2","2"
"起兵当强盗","0","2","2"
"虎贲郎将费","0","2","2"
"建立基业的","0","2","2"
"立基业的地","0","2","2"
"基业的地方","0","2","2"
"死罪以下犯","0","2","2"
"罪以下犯人","0","2","2"
"纳言苏威为","0","2","2"
"占据长白山","0","2","2"
"右侯卫将军","0","2","2"
"率兵打败了","0","2","2"
"兵打败了他","0","2","2"
"进攻高丽的","0","2","2"
"司马长安攻","0","2","2"
"马长安攻破","0","2","2"
"王世充打败","0","2","2"
"俘虏男女数","0","2","2"
"男女数千人","0","2","2"
"自称历山飞","0","2","2"
"十余万之众","0","2","2"
"领数十万骑","0","2","2"
"数十万骑兵","0","2","2"
"骑兵突围出","0","2","2"
"兵突围出去","0","2","2"
"雁门的包围","0","2","2"
"众万余人当","0","2","2"
"万余人当强","0","2","2"
"余人当强盗","0","2","2"
"驾临江都宫","0","2","2"
"命越王杨侗","0","2","2"
"将军皇甫无","0","2","2"
"军皇甫无逸","0","2","2"
"荧惑星停在","0","2","2"
"在羽林星座","0","2","2"
"卫大将军来","0","2","2"
"大将军来护","0","2","2"
"唐公李渊在","0","2","2"
"虎贲郎将刘","0","2","2"
"江都百姓的","0","2","2"
"入太微星座","0","2","2"
"没有不称赞","0","2","2"
"与文献皇后","0","2","2"
"杨勇立杨广","0","2","2"
"勇立杨广的","0","2","2"
"曾参与谋划","0","2","2"
"这都是因为","0","2","2"
"他所到之处","0","2","2"
"不知犯了什","0","2","2"
"知犯了什么","0","2","2"
"的造反队伍","0","2","2"
"尊贵的地位","0","2","2"
"很早就死了","0","2","2"
"恕他十次死","0","2","2"
"他十次死罪","0","2","2"
"不久又让他","0","2","2"
"是佐命功臣","0","2","2"
"任雍州刺史","0","2","2"
"加食邑三千","0","2","2"
"封一个儿子","0","2","2"
"一个儿子为","0","2","2"
"因此免于一","0","2","2"
"此免于一死","0","2","2"
"任原州总管","0","2","2"
"拜授他为太","0","2","2"
"当时无人可","0","2","2"
"时无人可比","0","2","2"
"府第中去世","0","2","2"
"年七十七岁","0","2","2"
"不能陪皇上","0","2","2"
"就是因为这","0","2","2"
"皇上下诏派","0","2","2"
"上下诏派遣","0","2","2"
"太牢之礼祭","0","2","2"
"在北周为官","0","2","2"
"步兵骑兵二","0","2","2"
"他奴婢百口","0","2","2"
"封他一子为","0","2","2"
"为齐州刺史","0","2","2"
"征调他还京","0","2","2"
"授他为瀛州","0","2","2"
"他为瀛州刺","0","2","2"
"为瀛州刺史","0","2","2"
"还京后授他","0","2","2"
"尉迟迥在邺","0","2","2"
"高祖十分高","0","2","2"
"祖十分高兴","0","2","2"
"晋王杨广被","0","2","2"
"王杨广被立","0","2","2"
"杨广被立为","0","2","2"
"被立为太子","0","2","2"
"杨素任行军","0","2","2"
"为成阝国公","0","2","2"
"于是派武贲","0","2","2"
"是派武贲郎","0","2","2"
"他们谋反的","0","2","2"
"无论年龄大","0","2","2"
"论年龄大小","0","2","2"
"任内史上士","0","2","2"
"武帝巡幸云","0","2","2"
"帝巡幸云阳","0","2","2"
"巡幸云阳宫","0","2","2"
"拜授他为司","0","2","2"
"帝听说此事","0","2","2"
"累功升任英","0","2","2"
"功升任英果","0","2","2"
"升任英果中","0","2","2"
"任英果中大","0","2","2"
"诸将行动不","0","2","2"
"将行动不一","0","2","2"
"秘密告诉高","0","2","2"
"密告诉高祖","0","2","2"
"赏赐布帛上","0","2","2"
"赐布帛上千","0","2","2"
"杜阳水灌溉","0","2","2"
"阳水灌溉三","0","2","2"
"水灌溉三原","0","2","2"
"任检校襄州","0","2","2"
"因为他的父","0","2","2"
"为他的父亲","0","2","2"
"皇上的恩宠","0","2","2"
"加食邑到二","0","2","2"
"食邑到二千","0","2","2"
"与尉迟迥相","0","2","2"
"尉迟迥相应","0","2","2"
"率步兵骑兵","0","2","2"
"步兵骑兵三","0","2","2"
"知道难免一","0","2","2"
"道难免一死","0","2","2"
"朝廷追赠他","0","2","2"
"廷追赠他为","0","2","2"
"每天都有数","0","2","2"
"天都有数以","0","2","2"
"都有数以百","0","2","2"
"有数以百计","0","2","2"
"数以百计的","0","2","2"
"公主回答说","0","2","2"
"本官身份在","0","2","2"
"在皇宫值班","0","2","2"
"得到的赏赐","0","2","2"
"跟随炀帝征","0","2","2"
"炀帝征讨高","0","2","2"
"帝征讨高丽","0","2","2"
"在黎阳督运","0","2","2"
"黎阳督运粮","0","2","2"
"阳督运粮草","0","2","2"
"后上奏皇上","0","2","2"
"时年仅三十","0","2","2"
"他的妻子宇","0","2","2"
"是功臣之子","0","2","2"
"任仪同三司","0","2","2"
"宇文宪在洛","0","2","2"
"文宪在洛阳","0","2","2"
"每次作战都","0","2","2"
"次作战都有","0","2","2"
"作战都有战","0","2","2"
"战都有战功","0","2","2"
"俘虏几千人","0","2","2"
"人非常害怕","0","2","2"
"南全部平定","0","2","2"
"引他拜见皇","0","2","2"
"他拜见皇上","0","2","2"
"皇上赐给他","0","2","2"
"请求让自己","0","2","2"
"北周宣帝继","0","2","2"
"中大夫颜之","0","2","2"
"大夫颜之仪","0","2","2"
"于是听了他","0","2","2"
"是听了他的","0","2","2"
"有定策之功","0","2","2"
"当时的人都","0","2","2"
"孝宽讨伐他","0","2","2"
"的恩宠和礼","0","2","2"
"恩宠和礼遇","0","2","2"
"高祖很担忧","0","2","2"
"他升任柱国","0","2","2"
"心里很不安","0","2","2"
"朝廷的大恩","0","2","2"
"路人都知道","0","2","2"
"他的叛逆之","0","2","2"
"想在蒲州起","0","2","2"
"士彦为晋州","0","2","2"
"宇文忻和刘","0","2","2"
"文忻和刘昉","0","2","2"
"到了如此地","0","2","2"
"了如此地步","0","2","2"
"很怜悯他们","0","2","2"
"的妻妾及家","0","2","2"
"妻妾及家产","0","2","2"
"流放到远方","0","2","2"
"是梁士彦的","0","2","2"
"对宇文忻说","0","2","2"
"亲总万机后","0","2","2"
"心里总是不","0","2","2"
"是皇上的爱","0","2","2"
"皇上的爱子","0","2","2"
"更加亲近他","0","2","2"
"这就是周宣","0","2","2"
"就是周宣帝","0","2","2"
"被削职为民","0","2","2"
"兼管内史事","0","2","2"
"郑译回答说","0","2","2"
"以讨伐陈国","0","2","2"
"刘日方商议","0","2","2"
"出入于高祖","0","2","2"
"入于高祖卧","0","2","2"
"于高祖卧室","0","2","2"
"祖卧室之内","0","2","2"
"高祖对郑译","0","2","2"
"等人造反作","0","2","2"
"人造反作乱","0","2","2"
"以上柱国和","0","2","2"
"到他的府第","0","2","2"
"儿子郑元王","0","2","2"
"搞旁门左道","0","2","2"
"皇上下诏书","0","2","2"
"让郑译参加","0","2","2"
"论音乐之事","0","2","2"
"大隋受命以","0","2","2"
"隋受命以来","0","2","2"
"派使者去吊","0","2","2"
"少时就很聪","0","2","2"
"封为昌乐县","0","2","2"
"为昌乐县公","0","2","2"
"尉迟迥反叛","0","2","2"
"迟迥反叛时","0","2","2"
"官吏和百姓","0","2","2"
"岁就成了孤","0","2","2"
"北周武帝在","0","2","2"
"曾在云阳宫","0","2","2"
"隋高祖总理","0","2","2"
"转任内史中","0","2","2"
"任内史中大","0","2","2"
"晋爵为郡公","0","2","2"
"而授他为都","0","2","2"
"国家的大恩","0","2","2"
"而打发他去","0","2","2"
"人在江南造","0","2","2"
"有诏调他回","0","2","2"
"诏调他回京","0","2","2"
"增加食邑四","0","2","2"
"时隋高祖为","0","2","2"
"与他深深地","0","2","2"
"在高祖身边","0","2","2"
"高祖深以为","0","2","2"
"祖深以为然","0","2","2"
"刘日方等人","0","2","2"
"于是上表说","0","2","2"
"以林钟为宫","0","2","2"
"灌溉盐碱地","0","2","2"
"任齐州刺史","0","2","2"
"到东都洛阳","0","2","2"
"我推心置腹","0","2","2"
"让他们入朝","0","2","2"
"任熊州刺史","0","2","2"
"周武帝认为","0","2","2"
"纳了他的建","0","2","2"
"他为行军总","0","2","2"
"把他调回京","0","2","2"
"他调回京师","0","2","2"
"人图谋反叛","0","2","2"
"年七十二岁","0","2","2"
"认识他的人","0","2","2"
"感到很惊奇","0","2","2"
"常对所亲近","0","2","2"
"对所亲近的","0","2","2"
"所亲近的人","0","2","2"
"宇文宪讨伐","0","2","2"
"武帝讨伐北","0","2","2"
"帝讨伐北齐","0","2","2"
"等到周武帝","0","2","2"
"到周武帝攻","0","2","2"
"诸将大多劝","0","2","2"
"等到平定北","0","2","2"
"到平定北齐","0","2","2"
"布帛上千段","0","2","2"
"轨在吕梁击","0","2","2"
"跟随韦孝宽","0","2","2"
"派五百骑兵","0","2","2"
"骑兵袭击他","0","2","2"
"与官军大战","0","2","2"
"的有几万人","0","2","2"
"他奴婢二百","0","2","2"
"回头对宇文","0","2","2"
"的儿子宇文","0","2","2"
"逼近东都洛","0","2","2"
"近东都洛阳","0","2","2"
"慷慨有大志","0","2","2"
"武帝即位后","0","2","2"
"跟随武帝讨","0","2","2"
"随武帝讨伐","0","2","2"
"授他为相州","0","2","2"
"他为相州刺","0","2","2"
"为相州刺史","0","2","2"
"高祖任丞相","0","2","2"
"是前代旧臣","0","2","2"
"女儿嫁给他","0","2","2"
"儿子王奉孝","0","2","2"
"等到高祖受","0","2","2"
"高祖亲自来","0","2","2"
"我担心的是","0","2","2"
"苏威的建议","0","2","2"
"中最大的事","0","2","2"
"交有关部门","0","2","2"
"有关部门治","0","2","2"
"关部门治罪","0","2","2"
"上对他的恩","0","2","2"
"于是下诏说","0","2","2"
"心里实际上","0","2","2"
"高祖任北周","0","2","2"
"祖任北周丞","0","2","2"
"时吐谷浑进","0","2","2"
"谷浑进犯凉","0","2","2"
"浑进犯凉州","0","2","2"
"人十分惊恐","0","2","2"
"很符合我的","0","2","2"
"另封一子为","0","2","2"
"曾对皇上说","0","2","2"
"当时上柱国","0","2","2"
"高祖登基前","0","2","2"
"对他的恩典","0","2","2"
"皇上下令调","0","2","2"
"上下令调查","0","2","2"
"有关部门上","0","2","2"
"关部门上奏","0","2","2"
"当时广平王","0","2","2"
"时广平王杨","0","2","2"
"太守徐王登","0","2","2"
"因功升任柱","0","2","2"
"功升任柱国","0","2","2"
"讨平了他们","0","2","2"
"天下出精兵","0","2","2"
"下出精兵的","0","2","2"
"有胆略有气","0","2","2"
"胆略有气概","0","2","2"
"在北周开始","0","2","2"
"虞庆则镇守","0","2","2"
"却按兵不动","0","2","2"
"他为尚书右","0","2","2"
"庆则出使突","0","2","2"
"则出使突厥","0","2","2"
"并且下诏书","0","2","2"
"他的第二个","0","2","2"
"祖对群臣说","0","2","2"
"皇上派人调","0","2","2"
"上派人调查","0","2","2"
"是河南洛阳","0","2","2"
"官至大将军","0","2","2"
"当了丞相后","0","2","2"
"两个儿子宇","0","2","2"
"个儿子宇文","0","2","2"
"所佩带的刀","0","2","2"
"有什么不好","0","2","2"
"什么不好的","0","2","2"
"这样做了几","0","2","2"
"样做了几次","0","2","2"
"恨自己没有","0","2","2"
"总管的职务","0","2","2"
"他更加亲密","0","2","2"
"皇上对他说","0","2","2"
"流放到岭南","0","2","2"
"平定了尉迟","0","2","2"
"定了尉迟迥","0","2","2"
"而不叫他的","0","2","2"
"不叫他的名","0","2","2"
"叫他的名字","0","2","2"
"拜授他为左","0","2","2"
"当时突厥屡","0","2","2"
"被朝廷看重","0","2","2"
"适逢陈宣帝","0","2","2"
"任高颎为元","0","2","2"
"颎为元帅长","0","2","2"
"上慰劳他说","0","2","2"
"你见识远大","0","2","2"
"皇上面前进","0","2","2"
"为他的儿子","0","2","2"
"太子杨勇的","0","2","2"
"皇后对皇上","0","2","2"
"后对皇上说","0","2","2"
"陛下怎能不","0","2","2"
"后十分高兴","0","2","2"
"王世积因罪","0","2","2"
"世积因罪被","0","2","2"
"积因罪被杀","0","2","2"
"皇上对侍臣","0","2","2"
"上对侍臣们","0","2","2"
"他的儿子高","0","2","2"
"亲告诫他说","0","2","2"
"修筑长城的","0","2","2"
"筑长城的劳","0","2","2"
"改封爵位为","0","2","2"
"周武帝亲总","0","2","2"
"授他为开府","0","2","2"
"苏威为太子","0","2","2"
"威为太子少","0","2","2"
"为太子少保","0","2","2"
"追赠他的父","0","2","2"
"赠他的父亲","0","2","2"
"他的父亲为","0","2","2"
"又让他兼任","0","2","2"
"皇上气极了","0","2","2"
"回头对苏威","0","2","2"
"头对苏威说","0","2","2"
"御史大夫之","0","2","2"
"不久他又转","0","2","2"
"久他又转任","0","2","2"
"转任吏部尚","0","2","2"
"理民间诉讼","0","2","2"
"一起结成朋","0","2","2"
"起结成朋党","0","2","2"
"的堂弟苏彻","0","2","2"
"虞庆则等人","0","2","2"
"被免去官职","0","2","2"
"又拜授他为","0","2","2"
"授他为太常","0","2","2"
"他为太常卿","0","2","2"
"皇上征讨吐","0","2","2"
"上征讨吐谷","0","2","2"
"升任左光禄","0","2","2"
"任左光禄大","0","2","2"
"让他以本官","0","2","2"
"炀帝把苏威","0","2","2"
"国家的忧患","0","2","2"
"没什么可担","0","2","2"
"可与他相比","0","2","2"
"后随炀帝到","0","2","2"
"随炀帝到雁","0","2","2"
"炀帝到雁门","0","2","2"
"陛下是万乘","0","2","2"
"下是万乘之","0","2","2"
"是万乘之主","0","2","2"
"他而放了他","0","2","2"
"宇文化及叛","0","2","2"
"李德林年幼","0","2","2"
"德林年幼时","0","2","2"
"有名望的人","0","2","2"
"写了一封信","0","2","2"
"李德林起草","0","2","2"
"欣赏他的才","0","2","2"
"赏他的才能","0","2","2"
"李德林被授","0","2","2"
"德林被授为","0","2","2"
"为通直散骑","0","2","2"
"亲去世而离","0","2","2"
"去世而离职","0","2","2"
"李德林因为","0","2","2"
"为中书侍郎","0","2","2"
"令他与黄门","0","2","2"
"他与黄门侍","0","2","2"
"与黄门侍郎","0","2","2"
"不久又升任","0","2","2"
"得到麒麟凤","0","2","2"
"到麒麟凤凰","0","2","2"
"管理国家大","0","2","2"
"各位将领的","0","2","2"
"派遣的将领","0","2","2"
"为各位将领","0","2","2"
"军队驻扎地","0","2","2"
"李德林为内","0","2","2"
"德林为内史","0","2","2"
"林为内史令","0","2","2"
"不能这样做","0","2","2"
"诏令李德林","0","2","2"
"李德林认为","0","2","2"
"管理五百家","0","2","2"
"皇太子以下","0","2","2"
"以下的官员","0","2","2"
"李德林的父","0","2","2"
"德林的父亲","0","2","2"
"下了一道诏","0","2","2"
"了一道诏书","0","2","2"
"皇上对高赹","0","2","2"
"王谦的住宅","0","2","2"
"皇上就下令","0","2","2"
"已经设置了","0","2","2"
"皇上的旨意","0","2","2"
"皇上没有答","0","2","2"
"布帛三百段","0","2","2"
"升为开府仪","0","2","2"
"追赠他父亲","0","2","2"
"赠他父亲为","0","2","2"
"为蒲州刺史","0","2","2"
"李密占据洛","0","2","2"
"密占据洛口","0","2","2"
"城中的豪杰","0","2","2"
"他妻子对他","0","2","2"
"妻子对他说","0","2","2"
"任宜州刺史","0","2","2"
"次侵犯边塞","0","2","2"
"杀了几千人","0","2","2"
"任左卫将军","0","2","2"
"得众人之心","0","2","2"
"改封他为安","0","2","2"
"元德太子去","0","2","2"
"德太子去世","0","2","2"
"发病而去世","0","2","2"
"因他去世而","0","2","2"
"他去世而不","0","2","2"
"于是赐给他","0","2","2"
"过去齐国的","0","2","2"
"沿袭旧的习","0","2","2"
"知道了这事","0","2","2"
"夺太子之位","0","2","2"
"越国公杨素","0","2","2"
"细小的事情","0","2","2"
"杨勇的罪过","0","2","2"
"接受了他的","0","2","2"
"就是这个缘","0","2","2"
"是这个缘故","0","2","2"
"因他的儿子","0","2","2"
"逮捕了他的","0","2","2"
"皇太子应当","0","2","2"
"太子应当废","0","2","2"
"子应当废除","0","2","2"
"杨素对皇上","0","2","2"
"素对皇上说","0","2","2"
"高祖在仁寿","0","2","2"
"祖在仁寿宫","0","2","2"
"在伐陈战争","0","2","2"
"伐陈战争中","0","2","2"
"高祖知道了","0","2","2"
"下诏书奖励","0","2","2"
"心中很不平","0","2","2"
"按你的意思","0","2","2"
"秦王之子杨","0","2","2"
"王之子杨浩","0","2","2"
"因此被废黜","0","2","2"
"上谗言害他","0","2","2"
"皇太子杨广","0","2","2"
"他交给司法","0","2","2"
"在华山之下","0","2","2"
"与妻子儿女","0","2","2"
"妻子儿女相","0","2","2"
"什么好兆头","0","2","2"
"华山的慈父","0","2","2"
"山的慈父圣","0","2","2"
"的慈父圣母","0","2","2"
"后来又让他","0","2","2"
"任左卫大将","0","2","2"
"出京任并州","0","2","2"
"京任并州总","0","2","2"
"以杨谅为行","0","2","2"
"蜀王因罪被","0","2","2"
"王因罪被废","0","2","2"
"因罪被废黜","0","2","2"
"上高祖去世","0","2","2"
"华山以东的","0","2","2"
"山以东的兵","0","2","2"
"以东的兵马","0","2","2"
"可指挥而平","0","2","2"
"指挥而平定","0","2","2"
"派大将军刘","0","2","2"
"杨素打跑了","0","2","2"
"素打跑了他","0","2","2"
"杨素进兵包","0","2","2"
"素进兵包围","0","2","2"
"进兵包围了","0","2","2"
"兵包围了他","0","2","2"
"北周太祖任","0","2","2"
"周太祖任他","0","2","2"
"太祖任他为","0","2","2"
"祖任他为相","0","2","2"
"北周孝闵帝","0","2","2"
"周孝闵帝受","0","2","2"
"北周武帝出","0","2","2"
"有人上谗言","0","2","2"
"宗伯斛斯征","0","2","2"
"授他为天官","0","2","2"
"他为天官都","0","2","2"
"不久升他为","0","2","2"
"食邑二千五","0","2","2"
"被官吏抓住","0","2","2"
"有什么罪过","0","2","2"
"皇上巡幸洛","0","2","2"
"上巡幸洛阳","0","2","2"
"很读了一些","0","2","2"
"读了一些经","0","2","2"
"加授他开府","0","2","2"
"文护召他为","0","2","2"
"护召他为中","0","2","2"
"召他为中外","0","2","2"
"他为中外府","0","2","2"
"晋爵位为郡","0","2","2"
"出京任蒲州","0","2","2"
"京任蒲州刺","0","2","2"
"任蒲州刺史","0","2","2"
"为金紫光禄","0","2","2"
"几年后去世","0","2","2"
"行尊师之礼","0","2","2"
"历任太学博","0","2","2"
"任太学博士","0","2","2"
"安抚华山以","0","2","2"
"抚华山以东","0","2","2"
"蜀公尉迟迥","0","2","2"
"他于是回到","0","2","2"
"高祖因为杨","0","2","2"
"尚希为度支","0","2","2"
"希为度支尚","0","2","2"
"晋爵位为公","0","2","2"
"任河南道行","0","2","2"
"这就是所谓","0","2","2"
"高祖看了奏","0","2","2"
"祖看了奏章","0","2","2"
"转任礼部尚","0","2","2"
"当时贺若弼","0","2","2"
"怕他有二心","0","2","2"
"所以能成就","0","2","2"
"以能成就其","0","2","2"
"突厥的达头","0","2","2"
"厥的达头可","0","2","2"
"的达头可汗","0","2","2"
"长孙平到了","0","2","2"
"很有能干的","0","2","2"
"仁寿中在官","0","2","2"
"寿中在官任","0","2","2"
"中在官任上","0","2","2"
"的中兵参军","0","2","2"
"屡屡进犯边","0","2","2"
"屡进犯边塞","0","2","2"
"加授元晖为","0","2","2"
"转任司宪大","0","2","2"
"任司宪大夫","0","2","2"
"元晖为都官","0","2","2"
"晖为都官尚","0","2","2"
"在京师去世","0","2","2"
"时年六十岁","0","2","2"
"北周骠骑大","0","2","2"
"任中外府记","0","2","2"
"到周武帝亲","0","2","2"
"亲理万机时","0","2","2"
"授他为吏部","0","2","2"
"为吏部侍郎","0","2","2"
"任河北道行","0","2","2"
"时晋王杨广","0","2","2"
"弟弟韦世约","0","2","2"
"在刺史任上","0","2","2"
"使只有一点","0","2","2"
"只有一点点","0","2","2"
"把他们全部","0","2","2"
"他兵部尚书","0","2","2"
"兵部尚书的","0","2","2"
"仍旧担任工","0","2","2"
"旧担任工部","0","2","2"
"担任工部尚","0","2","2"
"以下的官吏","0","2","2"
"升任洪州总","0","2","2"
"任洪州总管","0","2","2"
"家世世代代","0","2","2"
"世世代代都","0","2","2"
"世代代都是","0","2","2"
"随周武帝平","0","2","2"
"担任北周丞","0","2","2"
"韦世康生性","0","2","2"
"我应该好好","0","2","2"
"升为礼部尚","0","2","2"
"授他为安州","0","2","2"
"他为安州总","0","2","2"
"没有什么作","0","2","2"
"皇上听到消","0","2","2"
"上听到消息","0","2","2"
"生性孝顺友","0","2","2"
"仕途不通达","0","2","2"
"官至内史舍","0","2","2"
"至内史舍人","0","2","2"
"任通事舍人","0","2","2"
"小叔父韦孝","0","2","2"
"叔父韦孝宽","0","2","2"
"进攻尉迟迥","0","2","2"
"因战功授为","0","2","2"
"为江陵总管","0","2","2"
"在阵前活捉","0","2","2"
"你功勋很大","0","2","2"
"被流矢射中","0","2","2"
"为修武县侯","0","2","2"
"因功升任上","0","2","2"
"封为武威县","0","2","2"
"为武威县公","0","2","2"
"怀念他的恩","0","2","2"
"不敢抬头看","0","2","2"
"年五十八岁","0","2","2"
"合皇上旨意","0","2","2"
"因此授他为","0","2","2"
"当散骑常侍","0","2","2"
"慰劳勉励他","0","2","2"
"皇上下诏说","0","2","2"
"韦冲率兵打","0","2","2"
"冲率兵打败","0","2","2"
"年六十六岁","0","2","2"
"授他为京兆","0","2","2"
"不久因父丧","0","2","2"
"久因父丧离","0","2","2"
"因父丧离职","0","2","2"
"娶他女儿为","0","2","2"
"有远大的志","0","2","2"
"远大的志向","0","2","2"
"的尚书仆射","0","2","2"
"不是一般的","0","2","2"
"是一般的人","0","2","2"
"牛弘志同道","0","2","2"
"弘志同道合","0","2","2"
"有一副英雄","0","2","2"
"一副英雄豪","0","2","2"
"副英雄豪杰","0","2","2"
"为车骑大将","0","2","2"
"平定北齐时","0","2","2"
"兵于鸡栖原","0","2","2"
"帝又封他的","0","2","2"
"又封他的弟","0","2","2"
"高祖当丞相","0","2","2"
"高祖很看重","0","2","2"
"进位为柱国","0","2","2"
"的妻子郑氏","0","2","2"
"他因此被免","0","2","2"
"素为行军元","0","2","2"
"杨素率领水","0","2","2"
"素率领水军","0","2","2"
"杨素为荆州","0","2","2"
"素为荆州总","0","2","2"
"儿子玄感为","0","2","2"
"险要的地方","0","2","2"
"百多次战斗","0","2","2"
"乘驿车回朝","0","2","2"
"加封他的儿","0","2","2"
"杨素回到京","0","2","2"
"素回到京城","0","2","2"
"素的儿子玄","0","2","2"
"突厥达头可","0","2","2"
"厥达头可汗","0","2","2"
"达头可汗进","0","2","2"
"头可汗进犯","0","2","2"
"赐给他织物","0","2","2"
"给他织物两","0","2","2"
"织物两千段","0","2","2"
"听了非常高","0","2","2"
"杀死杀伤的","0","2","2"
"高祖下诏书","0","2","2"
"升为上仪同","0","2","2"
"点小小的功","0","2","2"
"小小的功劳","0","2","2"
"又拜杨素为","0","2","2"
"投降的突厥","0","2","2"
"降的突厥人","0","2","2"
"文献皇后去","0","2","2"
"赐给他良田","0","2","2"
"高祖驾临仁","0","2","2"
"祖驾临仁寿","0","2","2"
"驾临仁寿宫","0","2","2"
"率领几万人","0","2","2"
"隋炀帝大业","0","2","2"
"不久又拜为","0","2","2"
"杨素依仗自","0","2","2"
"素依仗自己","0","2","2"
"在襁褓之中","0","2","2"
"转任内史下","0","2","2"
"任内史下大","0","2","2"
"升任使持节","0","2","2"
"纳了他的意","0","2","2"
"授礼部尚书","0","2","2"
"事情记载在","0","2","2"
"杨素对牛弘","0","2","2"
"素对牛弘说","0","2","2"
"随同隋炀帝","0","2","2"
"隋炀帝巡幸","0","2","2"
"追赠他为开","0","2","2"
"赠他为开府","0","2","2"
"怎么能长久","0","2","2"
"据守险要的","0","2","2"
"出其不意地","0","2","2"
"为骠骑大将","0","2","2"
"跟从武帝攻","0","2","2"
"任宁州总管","0","2","2"
"府的军中事","0","2","2"
"的军中事务","0","2","2"
"一点也没有","0","2","2"
"没有什么不","0","2","2"
"亲常对亲近","0","2","2"
"常对亲近的","0","2","2"
"对亲近的人","0","2","2"
"高祖非同常","0","2","2"
"祖非同常人","0","2","2"
"升他为上大","0","2","2"
"他为上大将","0","2","2"
"为陕州刺史","0","2","2"
"宇文护被杀","0","2","2"
"转任泾州刺","0","2","2"
"任泾州刺史","0","2","2"
"年五十九岁","0","2","2"
"升任骠骑大","0","2","2"
"任骠骑大将","0","2","2"
"他才得以回","0","2","2"
"庞晃对高祖","0","2","2"
"晃对高祖说","0","2","2"
"转任车骑将","0","2","2"
"加封他为上","0","2","2"
"善骑马射箭","0","2","2"
"为职方中大","0","2","2"
"下令有关部","0","2","2"
"黄台县男爵","0","2","2"
"朝廷以李安","0","2","2"
"廷以李安为","0","2","2"
"高祖嘉奖他","0","2","2"
"你亲率所部","0","2","2"
"官军的士气","0","2","2"
"出京任宁州","0","2","2"
"为卫州刺史","0","2","2"
"李安子李琼","0","2","2"
"于是病重而","0","2","2"
"是病重而死","0","2","2"
"因事受牵连","0","2","2"
"牵连被除名","0","2","2"
"随皇上平定","0","2","2"
"应该明白我","0","2","2"
"该明白我的","0","2","2"
"明白我的意","0","2","2"
"白我的意思","0","2","2"
"州三州刺史","0","2","2"
"功拜授仪同","0","2","2"
"授他内史舍","0","2","2"
"他内史舍人","0","2","2"
"任雍州赞治","0","2","2"
"年六十二岁","0","2","2"
"都在他之下","0","2","2"
"女嫁给他为","0","2","2"
"嫁给他为妻","0","2","2"
"他一起游猎","0","2","2"
"长孙晟于是","0","2","2"
"摄图的弟弟","0","2","2"
"的弟弟处罗","0","2","2"
"弟弟处罗侯","0","2","2"
"被摄图忌恨","0","2","2"
"当奉车都尉","0","2","2"
"到玷厥那里","0","2","2"
"当时长孙晟","0","2","2"
"是突厥人的","0","2","2"
"长孙晟入朝","0","2","2"
"长孙晟出使","0","2","2"
"孙晟出使突","0","2","2"
"晟出使突厥","0","2","2"
"朝廷派长孙","0","2","2"
"廷派长孙晟","0","2","2"
"请长孙晟上","0","2","2"
"长孙晟上奏","0","2","2"
"你以为如何","0","2","2"
"向朝廷上贡","0","2","2"
"朝廷又派长","0","2","2"
"廷又派长孙","0","2","2"
"长孙晟又上","0","2","2"
"孙晟又上奏","0","2","2"
"晟又上奏说","0","2","2"
"的男女人口","0","2","2"
"男女人口一","0","2","2"
"女人口一万","0","2","2"
"人口一万多","0","2","2"
"皇上都听从","0","2","2"
"上都听从了","0","2","2"
"左领军将军","0","2","2"
"贼人的势力","0","2","2"
"你对国家有","0","2","2"
"炀帝的意思","0","2","2"
"任右骁卫将","0","2","2"
"隋文帝开皇","0","2","2"
"有吞并江南","0","2","2"
"为庐州总管","0","2","2"
"后非常高兴","0","2","2"
"的骑兵五百","0","2","2"
"骑兵五百人","0","2","2"
"你们的功劳","0","2","2"
"做事不密就","0","2","2"
"骠骑将军的","0","2","2"
"偷袭陈国的","0","2","2"
"命令左右推","0","2","2"
"迎接并慰劳","0","2","2"
"接并慰劳他","0","2","2"
"是你的功劳","0","2","2"
"升任车骑大","0","2","2"
"加食邑三百","0","2","2"
"长儒于是用","0","2","2"
"突厥的沙钵","0","2","2"
"厥的沙钵略","0","2","2"
"的沙钵略可","0","2","2"
"迟迥造反作","0","2","2"
"迥造反作乱","0","2","2"
"造反作乱时","0","2","2"
"子干与宇文","0","2","2"
"大破突厥军","0","2","2"
"突厥人又进","0","2","2"
"厥人又进犯","0","2","2"
"人又进犯边","0","2","2"
"又进犯边塞","0","2","2"
"时吐谷浑又","0","2","2"
"吐谷浑又进","0","2","2"
"谷浑又进犯","0","2","2"
"他们的男女","0","2","2"
"什么可担心","0","2","2"
"么可担心的","0","2","2"
"他出来管事","0","2","2"
"长骑马射箭","0","2","2"
"身边的士兵","0","2","2"
"由平民百姓","0","2","2"
"没有不心悦","0","2","2"
"有不心悦诚","0","2","2"
"不心悦诚服","0","2","2"
"心悦诚服的","0","2","2"
"流放到敦煌","0","2","2"
"万岁任行军","0","2","2"
"岁任行军总","0","2","2"
"管晋王府的","0","2","2"
"晋王府的军","0","2","2"
"宇文护的儿","0","2","2"
"文护的儿子","0","2","2"
"中山公宇文","0","2","2"
"山公宇文训","0","2","2"
"随周武帝攻","0","2","2"
"周武帝攻占","0","2","2"
"又随周武帝","0","2","2"
"打败北齐军","0","2","2"
"都出了大力","0","2","2"
"前后的功勋","0","2","2"
"每次都当先","0","2","2"
"次都当先锋","0","2","2"
"调他当左武","0","2","2"
"他当左武卫","0","2","2"
"当左武卫将","0","2","2"
"驻扎在平凉","0","2","2"
"晋王杨广转","0","2","2"
"王杨广转而","0","2","2"
"杨广转而镇","0","2","2"
"广转而镇守","0","2","2"
"北周陈王宇","0","2","2"
"周陈王宇文","0","2","2"
"转任骠骑将","0","2","2"
"任骠骑将军","0","2","2"
"又派使者来","0","2","2"
"绢帛五百匹","0","2","2"
"出使陈国的","0","2","2"
"国礼节行事","0","2","2"
"晋爵位为侯","0","2","2"
"爵位为侯爵","0","2","2"
"他都侃然正","0","2","2"
"都侃然正色","0","2","2"
"缣帛三百匹","0","2","2"
"苏威的儿子","0","2","2"
"令狐熙生性","0","2","2"
"都有能干之","0","2","2"
"在道义上不","0","2","2"
"增加食邑六","0","2","2"
"加食邑六百","0","2","2"
"以行军长史","0","2","2"
"行军长史身","0","2","2"
"军长史身份","0","2","2"
"长史身份随","0","2","2"
"身份随元帅","0","2","2"
"后以本官身","0","2","2"
"皇上很信任","0","2","2"
"上很信任他","0","2","2"
"当时有个叫","0","2","2"
"升任刑部尚","0","2","2"
"汉王杨谅在","0","2","2"
"王杨谅在并","0","2","2"
"杨谅在并州","0","2","2"
"又率兵攻打","0","2","2"
"有两个儿子","0","2","2"
"曾奉命出使","0","2","2"
"采一千五百","0","2","2"
"一千五百段","0","2","2"
"奴婢一百五","0","2","2"
"婢一百五十","0","2","2"
"一百五十口","0","2","2"
"他们的人马","0","2","2"
"缣采六百段","0","2","2"
"司马消难投","0","2","2"
"马消难投奔","0","2","2"
"消难投奔陈","0","2","2"
"难投奔陈国","0","2","2"
"陈国将领樊","0","2","2"
"任尚书右丞","0","2","2"
"转任吏部侍","0","2","2"
"任吏部侍郎","0","2","2"
"他当刑部尚","0","2","2"
"当刑部尚书","0","2","2"
"持节巡视黄","0","2","2"
"节巡视黄河","0","2","2"
"视黄河以北","0","2","2"
"历任职务都","0","2","2"
"任职务都很","0","2","2"
"任掌朝大夫","0","2","2"
"之位的计谋","0","2","2"
"设置文武百","0","2","2"
"置文武百官","0","2","2"
"晋王为皇太","0","2","2"
"王为皇太子","0","2","2"
"为皇太子后","0","2","2"
"任给事黄门","0","2","2"
"炀帝很喜欢","0","2","2"
"炀帝到汾阳","0","2","2"
"帝到汾阳宫","0","2","2"
"修江都宫的","0","2","2"
"是弘农郡华","0","2","2"
"当时人都称","0","2","2"
"时人都称赞","0","2","2"
"人都称赞他","0","2","2"
"炀帝很赞赏","0","2","2"
"为银青光禄","0","2","2"
"杀了裴弘策","0","2","2"
"推举越王杨","0","2","2"
"举越王杨侗","0","2","2"
"历任太子舍","0","2","2"
"任太子舍人","0","2","2"
"写了一首五","0","2","2"
"了一首五言","0","2","2"
"一首五言诗","0","2","2"
"待诏于文林","0","2","2"
"诏于文林馆","0","2","2"
"高兴地采纳","0","2","2"
"兴地采纳了","0","2","2"
"他兼任散骑","0","2","2"
"兼任散骑常","0","2","2"
"接待陈国使","0","2","2"
"待陈国使者","0","2","2"
"他渐渐被亲","0","2","2"
"到北齐灭亡","0","2","2"
"回京后授他","0","2","2"
"道而又势力","0","2","2"
"在内史省值","0","2","2"
"内史省值班","0","2","2"
"晋王杨广因","0","2","2"
"有人持戟站","0","2","2"
"人持戟站岗","0","2","2"
"于是提拔他","0","2","2"
"是提拔他当","0","2","2"
"国家的大事","0","2","2"
"因此让他出","0","2","2"
"此让他出京","0","2","2"
"对大臣们说","0","2","2"
"守京师长安","0","2","2"
"代理民部尚","0","2","2"
"理民部尚书","0","2","2"
"任黄门侍郎","0","2","2"
"是派使者来","0","2","2"
"者来请求投","0","2","2"
"授李密为太","0","2","2"
"李密为太尉","0","2","2"
"抵抗宇文化","0","2","2"
"抗宇文化及","0","2","2"
"谋划杀王世","0","2","2"
"划杀王世充","0","2","2"
"不吓得流汗","0","2","2"
"一个多月后","0","2","2"
"读了不少经","0","2","2"
"人家有美女","0","2","2"
"进献给杨暕","0","2","2"
"有见识的人","0","2","2"
"的人认为是","0","2","2"
"跟随炀帝到","0","2","2"
"随炀帝到榆","0","2","2"
"有三个儿子","0","2","2"
"到边远地方","0","2","2"
"是这样的话","0","2","2"
"炀帝在江都","0","2","2"
"而不知疲倦","0","2","2"
"任御正下大","0","2","2"
"功被授为开","0","2","2"
"被授为开府","0","2","2"
"于是杀了他","0","2","2"
"引他到内室","0","2","2"
"这是丞相有","0","2","2"
"与尉迟迥的","0","2","2"
"于仲文挑选","0","2","2"
"仲文活捉了","0","2","2"
"他的部下会","0","2","2"
"的部下会自","0","2","2"
"部下会自动","0","2","2"
"里设下埋伏","0","2","2"
"到京师朝见","0","2","2"
"让于仲文率","0","2","2"
"于仲文率兵","0","2","2"
"于仲文的军","0","2","2"
"上嘉奖他的","0","2","2"
"接受他们投","0","2","2"
"受他们投降","0","2","2"
"管身份讨伐","0","2","2"
"身份讨伐他","0","2","2"
"份讨伐他们","0","2","2"
"因此被除名","0","2","2"
"兵马驻扎在","0","2","2"
"因于仲文有","0","2","2"
"参与掌管选","0","2","2"
"兵袭击他的","0","2","2"
"放了乙支文","0","2","2"
"了乙支文德","0","2","2"
"军营而逃走","0","2","2"
"随韦孝宽经","0","2","2"
"赐他布帛上","0","2","2"
"在州里几年","0","2","2"
"有儿子名叫","0","2","2"
"州四州刺史","0","2","2"
"周武帝在晋","0","2","2"
"武帝在晋州","0","2","2"
"周武帝十分","0","2","2"
"武帝十分高","0","2","2"
"帝十分高兴","0","2","2"
"他前后的功","0","2","2"
"被加授上开","0","2","2"
"令他复职管","0","2","2"
"段文振以行","0","2","2"
"文振以行军","0","2","2"
"振以行军总","0","2","2"
"军于是大败","0","2","2"
"把吐谷浑国","0","2","2"
"功升任右光","0","2","2"
"升任右光禄","0","2","2"
"超过了同辈","0","2","2"
"过了同辈人","0","2","2"
"革末革曷人","0","2","2"
"小时就很骁","0","2","2"
"会位极人臣","0","2","2"
"本官身份当","0","2","2"
"朝廷越级提","0","2","2"
"廷越级提拔","0","2","2"
"拔他当上柱","0","2","2"
"他当上柱国","0","2","2"
"述的部队快","0","2","2"
"的部队快到","0","2","2"
"部队快到了","0","2","2"
"宇文述进兵","0","2","2"
"缣帛三千段","0","2","2"
"杨广镇守扬","0","2","2"
"广镇守扬州","0","2","2"
"是国家的大","0","2","2"
"一个人罢了","0","2","2"
"了很多金宝","0","2","2"
"这是为什么","0","2","2"
"是为什么呢","0","2","2"
"宇文述的儿","0","2","2"
"文述的儿子","0","2","2"
"宇文士及娶","0","2","2"
"文士及娶南","0","2","2"
"士及娶南阳","0","2","2"
"及娶南阳公","0","2","2"
"娶南阳公主","0","2","2"
"宇文述一向","0","2","2"
"他随炀帝到","0","2","2"
"败了吐谷浑","0","2","2"
"宇文述率兵","0","2","2"
"斩首三千多","0","2","2"
"首三千多级","0","2","2"
"的宫中使者","0","2","2"
"想班师回朝","0","2","2"
"来假装投降","0","2","2"
"司法部门处","0","2","2"
"上杨玄感作","0","2","2"
"他又随炀帝","0","2","2"
"儿子宇文化","0","2","2"
"子宇文化及","0","2","2"
"宇文述因此","0","2","2"
"文述因此上","0","2","2"
"述因此上奏","0","2","2"
"我不会忘记","0","2","2"
"赠他为司徒","0","2","2"
"送给宇文述","0","2","2"
"任卫尉少卿","0","2","2"
"尉迟迥的儿","0","2","2"
"迟迥的儿子","0","2","2"
"随晋王杨广","0","2","2"
"又随炀帝征","0","2","2"
"白白地劳累","0","2","2"
"随炀帝到江","0","2","2"
"炀帝追赠他","0","2","2"
"自称是太原","0","2","2"
"感到很惊异","0","2","2"
"缣采五百匹","0","2","2"
"他乘驿车回","0","2","2"
"乌丸轨结党","0","2","2"
"每次有上奏","0","2","2"
"父老乡亲们","0","2","2"
"没有不伤心","0","2","2"
"有不伤心落","0","2","2"
"不伤心落泪","0","2","2"
"伤心落泪的","0","2","2"
"杨秀得罪被","0","2","2"
"秀得罪被废","0","2","2"
"得罪被废后","0","2","2"
"一起归顺北","0","2","2"
"起归顺北周","0","2","2"
"亲理万机后","0","2","2"
"我的话如是","0","2","2"
"被太子亲近","0","2","2"
"任大兴县令","0","2","2"
"官吏百姓都","0","2","2"
"有称职之名","0","2","2"
"百官都怕他","0","2","2"
"有不怕他的","0","2","2"
"他当御史大","0","2","2"
"当御史大夫","0","2","2"
"为中外府记","0","2","2"
"留守京都的","0","2","2"
"守京都的官","0","2","2"
"京都的官员","0","2","2"
"柳彧上表说","0","2","2"
"就在台阶下","0","2","2"
"每到正月十","0","2","2"
"到正月十五","0","2","2"
"形成了风俗","0","2","2"
"提升他为员","0","2","2"
"升他为员外","0","2","2"
"他为员外散","0","2","2"
"杨素上奏说","0","2","2"
"素上奏说柳","0","2","2"
"上奏说柳彧","0","2","2"
"杨谅失败后","0","2","2"
"随行军总管","0","2","2"
"赵绰进谏说","0","2","2"
"皇上非常高","0","2","2"
"上非常高兴","0","2","2"
"江南造反作","0","2","2"
"南造反作乱","0","2","2"
"不满二十岁","0","2","2"
"赦免萧摩诃","0","2","2"
"让赵绰退下","0","2","2"
"到底怎么样","0","2","2"
"他缣采三百","0","2","2"
"在司法部门","0","2","2"
"为政的得失","0","2","2"
"侯景之乱时","0","2","2"
"授为民部尚","0","2","2"
"辽东战争开","0","2","2"
"东战争开始","0","2","2"
"战争开始后","0","2","2"
"炀帝回东都","0","2","2"
"适逢杨玄感","0","2","2"
"来护儿的援","0","2","2"
"护儿的援兵","0","2","2"
"是这样的人","0","2","2"
"这两位贤人","0","2","2"
"勇士注重防","0","2","2"
"士注重防身","0","2","2"
"炀帝被突厥","0","2","2"
"帝被突厥人","0","2","2"
"有几万之众","0","2","2"
"你骠骑将军","0","2","2"
"我所知道的","0","2","2"
"惭愧于你的","0","2","2"
"愧于你的大","0","2","2"
"让我当了太","0","2","2"
"我当了太子","0","2","2"
"驻扎在河阳","0","2","2"
"炀帝赐他奴","0","2","2"
"帝赐他奴婢","0","2","2"
"也不足以表","0","2","2"
"不足以表彰","0","2","2"
"足以表彰他","0","2","2"
"与贼人相遇","0","2","2"
"有诏让义臣","0","2","2"
"于是全部上","0","2","2"
"思恩的随从","0","2","2"
"恩的随从骑","0","2","2"
"的随从骑兵","0","2","2"
"转任太仆卿","0","2","2"
"炀帝征讨辽","0","2","2"
"帝征讨辽东","0","2","2"
"炀帝派将军","0","2","2"
"炀帝厌恶他","0","2","2"
"有诏让卫玄","0","2","2"
"有十几万人","0","2","2"
"纟采二千匹","0","2","2"
"缣纟采五百","0","2","2"
"纟采五百段","0","2","2"
"拜授卫玄为","0","2","2"
"授他为右光","0","2","2"
"他为右光禄","0","2","2"
"给鼓吹一部","0","2","2"
"缣纟采三百","0","2","2"
"纟采三百段","0","2","2"
"赐法尚奴婢","0","2","2"
"升任金紫光","0","2","2"
"任金紫光禄","0","2","2"
"法尚与将军","0","2","2"
"布帛二百段","0","2","2"
"他冲锋陷阵","0","2","2"
"缣纟采一千","0","2","2"
"他侍奉汉王","0","2","2"
"的军用物资","0","2","2"
"任治书侍御","0","2","2"
"纟采二千段","0","2","2"
"天下人才不","0","2","2"
"下人才不能","0","2","2"
"人才不能与","0","2","2"
"才不能与你","0","2","2"
"不能与你争","0","2","2"
"录附市籍充","0","2","2"
"附市籍充公","0","2","2"
"人都很高兴","0","2","2"
"盗贼一天比","0","2","2"
"贼一天比一","0","2","2"
"天比一天厉","0","2","2"
"比一天厉害","0","2","2"
"世基知道炀","0","2","2"
"基知道炀帝","0","2","2"
"知道炀帝厌","0","2","2"
"道炀帝厌恶","0","2","2"
"得到的宠爱","0","2","2"
"到的宠爱超","0","2","2"
"的宠爱超过","0","2","2"
"宠爱超过了","0","2","2"
"为民部侍郎","0","2","2"
"就命令裴矩","0","2","2"
"黄河以西地","0","2","2"
"河以西地区","0","2","2"
"各自不同的","0","2","2"
"最后到达西","0","2","2"
"后到达西海","0","2","2"
"凭借国家的","0","2","2"
"借国家的威","0","2","2"
"又命令裴矩","0","2","2"
"命令裴矩前","0","2","2"
"令裴矩前往","0","2","2"
"来朝廷上贡","0","2","2"
"炀帝到东都","0","2","2"
"在伊吾建造","0","2","2"
"伊吾建造城","0","2","2"
"吾建造城市","0","2","2"
"裴矩回到朝","0","2","2"
"矩回到朝廷","0","2","2"
"炀帝非常高","0","2","2"
"帝非常高兴","0","2","2"
"随从炀帝到","0","2","2"
"于是上奏皇","0","2","2"
"是上奏皇上","0","2","2"
"他们的国王","0","2","2"
"带领他的部","0","2","2"
"知道其中情","0","2","2"
"随从炀帝驾","0","2","2"
"跟从炀帝的","0","2","2"
"从炀帝的骁","0","2","2"
"炀帝的骁勇","0","2","2"
"骁勇之士都","0","2","2"
"听从了他们","0","2","2"
"崤山以东的","0","2","2"
"冬至日影一","0","2","2"
"至日影一丈","0","2","2"
"自此一天天","0","2","2"
"此一天天变","0","2","2"
"一天天变短","0","2","2"
"日影长一丈","0","2","2"
"影长一尺四","0","2","2"
"长一尺四寸","0","2","2"
"至日影的长","0","2","2"
"日影的长度","0","2","2"
"影的长度比","0","2","2"
"的长度比以","0","2","2"
"长度比以前","0","2","2"
"度比以前短","0","2","2"
"比以前短了","0","2","2"
"年冬至日影","0","2","2"
"在内道运行","0","2","2"
"平年代太阳","0","2","2"
"年代太阳在","0","2","2"
"现在大隋朝","0","2","2"
"能与他相比","0","2","2"
"是十一月庚","0","2","2"
"甲子相符合","0","2","2"
"大流星如斗","0","2","2"
"连续两颗大","0","2","2"
"续两颗大流","0","2","2"
"两颗大流星","0","2","2"
"敢隐瞒欺骗","0","2","2"
"人数到了十","0","2","2"
"到了十几万","0","2","2"
"你独守孤城","0","2","2"
"玄感的弟弟","0","2","2"
"玄感以为然","0","2","2"
"随北周武帝","0","2","2"
"了一千多人","0","2","2"
"任幽州总管","0","2","2"
"玄感失败后","0","2","2"
"家产被登记","0","2","2"
"为骠骑将军","0","2","2"
"大多逃跑了","0","2","2"
"杨玄感起兵","0","2","2"
"都被王世充","0","2","2"
"结为生死之","0","2","2"
"为生死之交","0","2","2"
"知道他的意","0","2","2"
"他而被疏远","0","2","2"
"住在村庄中","0","2","2"
"从了他的意","0","2","2"
"李密与翟让","0","2","2"
"又对翟让说","0","2","2"
"李密率部迎","0","2","2"
"翟让的部下","0","2","2"
"翟让的哥哥","0","2","2"
"让的哥哥翟","0","2","2"
"的哥哥翟宽","0","2","2"
"全部人马来","0","2","2"
"知宇文化及","0","2","2"
"宇文化及的","0","2","2"
"宇文化及大","0","2","2"
"与李密在童","0","2","2"
"李密在童山","0","2","2"
"归附李密的","0","2","2"
"王世充的部","0","2","2"
"世充的部队","0","2","2"
"转任尚书左","0","2","2"
"因皇甫诞以","0","2","2"
"周朝的军队","0","2","2"
"帝平定齐国","0","2","2"
"为华州刺史","0","2","2"
"有身份的人","0","2","2"
"剩余的财物","0","2","2"
"以崔弘度为","0","2","2"
"弘度为行军","0","2","2"
"度为行军总","0","2","2"
"他弟弟弘升","0","2","2"
"总管身份出","0","2","2"
"没有不吓得","0","2","2"
"归杨素指挥","0","2","2"
"为国子祭酒","0","2","2"
"只有辛彦之","0","2","2"
"怎么能没有","0","2","2"
"何妥应声说","0","2","2"
"湘东王萧绎","0","2","2"
"征求大家的","0","2","2"
"求大家的意","0","2","2"
"大家的意见","0","2","2"
"即使他已经","0","2","2"
"自负有傅岩","0","2","2"
"不必担心无","0","2","2"
"气进一步扩","0","2","2"
"进一步扩展","0","2","2"
"乐于是产生","0","2","2"
"于是产生了","0","2","2"
"卫国的音乐","0","2","2"
"制定礼乐的","0","2","2"
"没有不和睦","0","2","2"
"不可和他谈","0","2","2"
"可和他谈礼","0","2","2"
"和他谈礼乐","0","2","2"
"的妻子不能","0","2","2"
"是什么原因","0","2","2"
"什么原因呢","0","2","2"
"刘炫回答说","0","2","2"
"不过几十个","0","2","2"
"祖父名叫庾","0","2","2"
"了庾季才的","0","2","2"
"为什么要这","0","2","2"
"什么要这样","0","2","2"
"在二月甲子","0","2","2"
"高祖对季才","0","2","2"
"祖对季才说","0","2","2"
"儿子侍奉齐","0","2","2"
"子侍奉齐王","0","2","2"
"我亲自出征","0","2","2"
"太阳运动速","0","2","2"
"阳运动速度","0","2","2"
"百八十二天","0","2","2"
"八十二天运","0","2","2"
"十二天运行","0","2","2"
"二天运行一","0","2","2"
"运行一百七","0","2","2"
"如果月亮在","0","2","2"
"即在黄道以","0","2","2"
"比如荧惑星","0","2","2"
"出现在雨水","0","2","2"
"胄玄经过长","0","2","2"
"玄经过长期","0","2","2"
"经过长期观","0","2","2"
"过长期观测","0","2","2"
"平均在早晨","0","2","2"
"均在早晨出","0","2","2"
"在早晨出现","0","2","2"
"早晨出现在","0","2","2"
"完全遮掩住","0","2","2"
"全遮掩住太","0","2","2"
"遮掩住太阳","0","2","2"
"日蚀的时间","0","2","2"
"我们的国君","0","2","2"
"们的国君将","0","2","2"
"萧琮叔父萧","0","2","2"
"有什么不同","0","2","2"
"领军队侵入","0","2","2"
"军队侵入氵","0","2","2"
"队侵入氵赣","0","2","2"
"侵入氵赣石","0","2","2"
"他们的部落","0","2","2"
"使者前来朝","0","2","2"
"者前来朝廷","0","2","2"
"度地稽带领","0","2","2"
"地稽带领他","0","2","2"
"稽带领他的","0","2","2"
"果实像李子","0","2","2"
"使者向隋朝","0","2","2"
"向隋朝进贡","0","2","2"
"立他的儿子","0","2","2"
"立做高昌王","0","2","2"
"百里的地方","0","2","2"
"五个小部落","0","2","2"
"被化及杀害","0","2","2"
"他的部将陈","0","2","2"
"弑君的罪名","0","2","2"
"运行十三日","0","2","2"
"行十三日有","0","2","2"
"十三日有奇","0","2","2"
"三日有奇而","0","2","2"
"都流传于世","0","2","2"
