"N-gram","原文","翻译","Total"
"开府仪同三司","29","31","60"
"通直散骑常侍","17","17","34"
"大冢宰宇文护","14","14","28"
"高祖为北周丞","0","28","28"
"祖为北周丞相","0","28","28"
"隋高祖为北周","0","26","26"
"银青光禄大夫","11","11","22"
"左翊卫大将军","10","11","21"
"右武卫大将军","9","9","18"
"金紫光禄大夫","9","8","17"
"左武卫大将军","8","8","16"
"高祖受北周禅","0","16","16"
"南道行台尚书","8","7","15"
"大将军宇文述","7","8","15"
"祖受北周禅让","0","15","15"
"以行军总管身","0","15","15"
"行军总管身份","0","15","15"
"兼通直散骑常","0","13","13"
"为北周丞相后","0","13","13"
"道行台尚书令","6","6","12"
"吏部尚书牛弘","6","6","12"
"翊卫大将军宇","5","7","12"
"卫大将军宇文","5","7","12"
"为北周丞相时","0","12","12"
"周大冢宰宇文","7","4","11"
"派遣使者来朝","0","11","11"
"派遣兼散骑常","0","11","11"
"遣兼散骑常侍","0","11","11"
"民部尚书樊子","5","5","10"
"部尚书樊子盖","5","5","10"
"武帝亲总万机","7","3","10"
"大赦天下囚犯","0","10","10"
"受北周禅让后","0","10","10"
"在官任上去世","0","10","10"
"右骁卫大将军","5","4","9"
"进位上大将军","9","0","9"
"冢宰宇文护引","7","2","9"
"道行台尚书省","4","4","8"
"左屯卫大将军","4","4","8"
"礼部尚书杨玄","4","4","8"
"部尚书杨玄感","4","4","8"
"十四州诸军事","4","4","8"
"员外散骑侍郎","4","4","8"
"鸿胪监护丧事","5","3","8"
"益州总管长史","4","4","8"
"邑一千二百户","2","6","8"
"武帝平定北齐","0","8","8"
"为尚书右仆射","0","8","8"
"派遣使者上贡","0","8","8"
"高祖任命上柱","0","8","8"
"祖任命上柱国","0","8","8"
"为开府仪同三","0","8","8"
"隋高祖受北周","0","8","8"
"陈遣散骑常侍","7","0","7"
"州总管宇文弼","3","4","7"
"使者来朝上贡","0","7","7"
"遣使者上贡土","0","7","7"
"使者上贡土产","0","7","7"
"在平定陈国的","0","7","7"
"平定陈国的战","0","7","7"
"定陈国的战争","0","7","7"
"陈国的战争中","0","7","7"
"食邑一千五百","0","7","7"
"邑一千五百户","0","7","7"
"兼任行军总管","0","7","7"
"炀帝巡幸江都","0","7","7"
"河北道行台尚","3","3","6"
"北道行台尚书","3","3","6"
"州总管韦世康","3","3","6"
"太平公史万岁","3","3","6"
"上柱国王世积","3","3","6"
"尚书左仆射杨","3","3","6"
"书左仆射杨素","3","3","6"
"兵部尚书段文","3","3","6"
"部尚书段文振","3","3","6"
"刑部尚书卫玄","3","3","6"
"兵部侍郎斛斯","3","3","6"
"部侍郎斛斯政","3","3","6"
"卫将军屈突通","3","3","6"
"右御卫大将军","3","3","6"
"右御卫将军陈","3","3","6"
"御卫将军陈棱","3","3","6"
"右翊卫大将军","3","3","6"
"太子西征吐谷","3","3","6"
"子西征吐谷浑","3","3","6"
"二十四州诸军","3","3","6"
"左卫大将军元","3","3","6"
"州道行军总管","3","3","6"
"冢宰宇文护见","3","3","6"
"进位光禄大夫","6","0","6"
"兵部尚书柳述","3","3","6"
"员外散骑常侍","3","3","6"
"扬州总管司马","3","3","6"
"韦孝宽经略淮","3","3","6"
"孝宽经略淮南","3","3","6"
"黄门侍郎裴矩","3","3","6"
"周武帝平定北","0","6","6"
"任命晋王杨广","0","6","6"
"右领军大将军","0","6","6"
"上表请求退休","0","6","6"
"以本官身份兼","0","6","6"
"本官身份兼任","0","6","6"
"食邑一千二百","0","6","6"
"长期观测积累","0","6","6"
"国遣使贡方物","5","0","5"
"高智慧等作乱","5","0","5"
"邑二千五百户","3","2","5"
"右武侯大将军","1","4","5"
"突厥派遣使者","0","5","5"
"符合我的心意","0","5","5"
"皇上十分高兴","0","5","5"
"命晋王杨广为","0","5","5"
"高丽国派遣使","0","5","5"
"丽国派遣使者","0","5","5"
"陈朝派遣兼散","0","5","5"
"朝派遣兼散骑","0","5","5"
"高祖从仁寿宫","0","5","5"
"高祖巡幸仁寿","0","5","5"
"祖巡幸仁寿宫","0","5","5"
"突厥进犯边塞","0","5","5"
"增加食邑一千","0","5","5"
"授他为大将军","0","5","5"
"授为仪同三司","0","5","5"
"任银青光禄大","0","5","5"
"周齐王宇文宪","0","5","5"
"升任上大将军","0","5","5"
"因遭母丧而离","0","5","5"
"遭母丧而离职","0","5","5"
"升任光禄大夫","0","5","5"
"杨玄感造反时","0","5","5"
"周宣帝即位后","0","5","5"
"隋高祖受禅后","0","5","5"
"又以行军总管","0","5","5"
"以行军总管的","0","5","5"
"越级提拔他当","0","5","5"
"晋王杨广镇守","0","5","5"
"都督内外诸军","3","1","4"
"督内外诸军事","3","1","4"
"郧国公韦孝宽","2","2","4"
"左武候大将军","3","1","4"
"幸安成长公主","2","2","4"
"河南道行台尚","2","2","4"
"西南道行台尚","2","2","4"
"州刺史皇甫绩","2","2","4"
"上柱国叱李长","2","2","4"
"柱国叱李长叉","2","2","4"
"上柱国达奚长","2","2","4"
"柱国达奚长儒","2","2","4"
"直散骑常侍王","2","2","4"
"总管贺娄子干","2","2","4"
"尚书左仆射高","2","2","4"
"直散骑常侍崔","2","2","4"
"朔州总管吐万","2","2","4"
"州总管吐万绪","2","2","4"
"民部尚书苏威","2","2","4"
"上柱国崔弘度","2","2","4"
"州刺史段文振","2","2","4"
"山南道行台尚","2","2","4"
"突厥沙钵略汗","4","0","4"
"吏部尚书苏威","2","2","4"
"州刺史刘仁恩","2","2","4"
"宜阳公王世积","2","2","4"
"襄邑公贺若弼","2","2","4"
"州刺史豆卢通","2","2","4"
"右武候大将军","4","0","4"
"工部尚书杨达","2","2","4"
"吴州总管宇文","2","2","4"
"将作大匠宇文","2","2","4"
"作大匠宇文恺","2","2","4"
"武卫大将军郭","2","2","4"
"卫大将军郭衍","2","2","4"
"武卫大将军李","2","2","4"
"卫大将军李景","2","2","4"
"内史侍郎虞世","2","2","4"
"史侍郎虞世基","2","2","4"
"部尚书宇文弼","2","2","4"
"右候卫大将军","4","0","4"
"太仆卿杨义臣","2","2","4"
"左骁卫大将军","2","2","4"
"武威太守樊子","2","2","4"
"威太守樊子盖","2","2","4"
"左候卫大将军","3","1","4"
"尚书右丞刘士","2","2","4"
"书右丞刘士龙","2","2","4"
"将军屈突通等","2","2","4"
"贲郎将费青奴","2","2","4"
"贼帅司马长安","2","2","4"
"江都郡丞王世","2","2","4"
"都郡丞王世充","2","2","4"
"光禄大夫段达","2","2","4"
"太府卿元文都","2","2","4"
"民部尚书韦津","2","2","4"
"右武卫将军皇","2","2","4"
"武卫将军皇甫","2","2","4"
"贲郎将刘长恭","2","2","4"
"武阳郡丞元宝","2","2","4"
"阳郡丞元宝藏","2","2","4"
"贲郎将裴仁基","2","2","4"
"御史大夫裴蕴","2","2","4"
"检校襄州总管","2","2","4"
"御正中大夫颜","2","2","4"
"高祖令韦孝宽","2","2","4"
"治书侍御史梁","2","2","4"
"书侍御史梁毗","2","2","4"
"智慧等作乱江","4","0","4"
"慧等作乱江南","4","0","4"
"十二州诸军事","2","2","4"
"赐奴婢二百口","3","1","4"
"冢宰宇文护执","2","2","4"
"宰宇文护执政","2","2","4"
"桂州人李光仕","2","2","4"
"国子博士何妥","2","2","4"
"南道行军元帅","2","2","4"
"授开府仪同三","2","2","4"
"冢宰宇文护召","1","3","4"
"道行台兵部尚","2","2","4"
"行台兵部尚书","2","2","4"
"周骠骑大将军","2","2","4"
"宰宇文护引中","4","0","4"
"宇文护引中外","4","0","4"
"汝南公宇文神","2","2","4"
"夏官府都上士","2","2","4"
"进位银青光禄","4","0","4"
"位银青光禄大","4","0","4"
"武卫将军屈突","2","2","4"
"应州刺史唐君","2","2","4"
"州刺史唐君明","2","2","4"
"河南赞治裴弘","2","2","4"
"南赞治裴弘策","2","2","4"
"计一百八十二","2","2","4"
"贲郎将司马德","2","2","4"
"郎将司马德戡","2","2","4"
"武贲郎将元礼","2","2","4"
"内史舍人元敏","2","2","4"
"城门郎唐奉义","2","2","4"
"他就是这样被","0","4","4"
"为右武卫大将","0","4","4"
"打败突厥军队","0","4","4"
"国派遣使者来","0","4","4"
"高祖派遣兼散","0","4","4"
"祖派遣兼散骑","0","4","4"
"左领军大将军","0","4","4"
"遣使者来朝上","0","4","4"
"为左卫大将军","0","4","4"
"者来朝上贡土","0","4","4"
"来朝上贡土产","0","4","4"
"黄河以北地区","0","4","4"
"右侯卫大将军","0","4","4"
"的有一百多人","0","4","4"
"周宣帝继位后","0","4","4"
"北周齐王宇文","0","4","4"
"发起辽东战争","0","4","4"
"任右卫大将军","0","4","4"
"为尚书左仆射","0","4","4"
"过了一个多月","0","4","4"
"时年六十八岁","0","4","4"
"升任银青光禄","0","4","4"
"周武帝亲理万","0","4","4"
"武帝亲理万机","0","4","4"
"高祖受禅登基","0","4","4"
"北周大冢宰宇","0","4","4"
"他的弟弟杨约","0","4","4"
"升为上大将军","0","4","4"
"行军总管的身","0","4","4"
"军总管的身份","0","4","4"
"斩首一千多级","0","4","4"
"他以行军总管","0","4","4"
"隋高祖即位后","0","4","4"
"皇上很赞赏他","0","4","4"
"这是必克江南","0","4","4"
"是必克江南的","0","4","4"
"必克江南的第","0","4","4"
"他又以行军总","0","4","4"
"赐他缣帛三千","0","4","4"
"随炀帝征讨吐","0","4","4"
"炀帝征讨吐谷","0","4","4"
"帝征讨吐谷浑","0","4","4"
"胄玄根据长期","0","4","4"
"玄根据长期观","0","4","4"
"根据长期观测","0","4","4"
"据长期观测积","0","4","4"
"相州总管尉迟","1","2","3"
"州总管尉迟迥","1","2","3"
"遣散骑常侍王","3","0","3"
"新义公韩擒虎","1","2","3"
"苏威尚书右仆","3","0","3"
"威尚书右仆射","3","0","3"
"右卫大将军虞","2","1","3"
"卫大将军虞庆","2","1","3"
"靺鞨遣使贡方","3","0","3"
"鞨遣使贡方物","3","0","3"
"州刺史席代雅","1","2","3"
"柱国王世积讨","2","1","3"
"熙州人李英林","1","2","3"
"晋王广皇太子","3","0","3"
"大将军段文振","2","1","3"
"淮南道行台尚","2","1","3"
"郡男女百余万","2","1","3"
"右屯卫大将军","2","1","3"
"伊吾吐屯设等","2","1","3"
"武贲郎将陈棱","2","1","3"
"余杭人刘元进","1","2","3"
"前后部羽葆鼓","2","1","3"
"后部羽葆鼓吹","2","1","3"
"武贲郎将裴仁","2","1","3"
"授上开府仪同","2","1","3"
"高祖扬州总管","3","0","3"
"内史令李德林","1","2","3"
"陈将吴明彻吕","3","0","3"
"将吴明彻吕梁","3","0","3"
"卫大将军元旻","3","0","3"
"时突厥屡寇患","3","0","3"
"进位左光禄大","3","0","3"
"位左光禄大夫","3","0","3"
"总管二十四州","1","2","3"
"管二十四州诸","1","2","3"
"文护引中外府","3","0","3"
"护引中外府记","3","0","3"
"引中外府记室","3","0","3"
"突厥达头汗犯","3","0","3"
"厥达头汗犯塞","3","0","3"
"随魏武帝入关","1","2","3"
"高祖定州总管","3","0","3"
"授银青光禄大","2","1","3"
"上开府仪同三","1","2","3"
"汉王谅作乱州","3","0","3"
"伊阙令皇甫诩","2","1","3"
"晋王广镇扬州","3","0","3"
"迁治书侍御史","3","0","3"
"进位金紫光禄","3","0","3"
"位金紫光禄大","3","0","3"
"赐奴婢六十口","2","1","3"
"日影一丈二尺","1","2","3"
"十一月庚戌冬","2","1","3"
"十二月十五日","1","2","3"
"平原贼帅郝孝","2","1","3"
"原贼帅郝孝德","2","1","3"
"番禺人王仲宣","1","2","3"
"武贲郎将司马","2","1","3"
"义宁二年三月","1","2","3"
"派使者来朝上","0","3","3"
"厥派遣使者来","0","3","3"
"符合朕的心意","0","3","3"
"就是这样被看","0","3","3"
"是这样被看重","0","3","3"
"他的儿子玄感","0","3","3"
"皇上为之动容","0","3","3"
"调泛滥就会产","0","3","3"
"泛滥就会产生","0","3","3"
"任城王高氵皆","0","3","3"
"首级传到京师","0","3","3"
"任命豫州刺史","0","3","3"
"高祖任命尚书","0","3","3"
"任命尚书右仆","0","3","3"
"命尚书右仆射","0","3","3"
"高祖在太庙祭","0","3","3"
"祖在太庙祭祀","0","3","3"
"梁国国君萧岿","0","3","3"
"高祖任命柱国","0","3","3"
"并按等级赏赐","0","3","3"
"高祖亲自讯视","0","3","3"
"为左领军大将","0","3","3"
"为右领军大将","0","3","3"
"兼散骑常侍王","0","3","3"
"突厥沙钵略可","0","3","3"
"厥沙钵略可汗","0","3","3"
"沙钵略可汗派","0","3","3"
"万人修筑长城","0","3","3"
"为右卫大将军","0","3","3"
"总管韦世康为","0","3","3"
"九品以上官员","0","3","3"
"品以上官员的","0","3","3"
"五品以上官员","0","3","3"
"杨谅为行军元","0","3","3"
"谅为行军元帅","0","3","3"
"派遣行军总管","0","3","3"
"总管宇文弼为","0","3","3"
"的第二个儿子","0","3","3"
"征调成年男子","0","3","3"
"为右武侯大将","0","3","3"
"崤山以东地区","0","3","3"
"黄河以南地区","0","3","3"
"左侯卫大将军","0","3","3"
"人数多达数万","0","3","3"
"杨玄感在黎阳","0","3","3"
"皇上车驾驻扎","0","3","3"
"上车驾驻扎在","0","3","3"
"有夺取太子之","0","3","3"
"夺取太子之位","0","3","3"
"取太子之位的","0","3","3"
"太子之位的计","0","3","3"
"进位为大将军","0","3","3"
"落到这个地步","0","3","3"
"转任并州总管","0","3","3"
"高祖为北周宰","0","3","3"
"祖为北周宰相","0","3","3"
"为北周宰相时","0","3","3"
"尉迟迥作乱造","0","3","3"
"迟迥作乱造反","0","3","3"
"的妻子宇文氏","0","3","3"
"承袭他的官爵","0","3","3"
"善于骑马射箭","0","3","3"
"累次升迁到任","0","3","3"
"随齐王宇文宪","0","3","3"
"齐王宇文宪在","0","3","3"
"率领行军总管","0","3","3"
"有大名于天下","0","3","3"
"为御正下大夫","0","3","3"
"高祖为扬州总","0","3","3"
"祖为扬州总管","0","3","3"
"给他的赏赐很","0","3","3"
"他的赏赐很多","0","3","3"
"有诏书调他回","0","3","3"
"诏书调他回京","0","3","3"
"高智慧等人在","0","3","3"
"智慧等人在江","0","3","3"
"慧等人在江南","0","3","3"
"心里很不服气","0","3","3"
"拜授仪同三司","0","3","3"
"陈国将领吴明","0","3","3"
"国将领吴明彻","0","3","3"
"到高祖受北周","0","3","3"
"对他更加礼遇","0","3","3"
"英雄豪杰的仪","0","3","3"
"雄豪杰的仪表","0","3","3"
"出精兵的地方","0","3","3"
"他的两个儿子","0","3","3"
"皇上对高颎说","0","3","3"
"皇上巡幸并州","0","3","3"
"当时皇太子杨","0","3","3"
"宰宇文护见了","0","3","3"
"被突厥人包围","0","3","3"
"宇文化及失败","0","3","3"
"在中书省值班","0","3","3"
"掌管军国机密","0","3","3"
"因母亲去世而","0","3","3"
"加授他上开府","0","3","3"
"封他的弟弟杨","0","3","3"
"宇文化及杀了","0","3","3"
"文化及杀了炀","0","3","3"
"化及杀了炀帝","0","3","3"
"及杀了炀帝后","0","3","3"
"交给司法部门","0","3","3"
"授他开府仪同","0","3","3"
"他开府仪同三","0","3","3"
"宰宇文护召他","0","3","3"
"刺史任上去世","0","3","3"
"把他送到京师","0","3","3"
"转任工部尚书","0","3","3"
"派使者来请求","0","3","3"
"有能干的名声","0","3","3"
"北周的大冢宰","0","3","3"
"周的大冢宰宇","0","3","3"
"的大冢宰宇文","0","3","3"
"华山以东地区","0","3","3"
"祖受禅登基后","0","3","3"
"因他父亲的军","0","3","3"
"他父亲的军功","0","3","3"
"因病调回京师","0","3","3"
"高祖拜杨素为","0","3","3"
"可汗进犯边塞","0","3","3"
"他为光禄大夫","0","3","3"
"所能赶得上的","0","3","3"
"他为开府仪同","0","3","3"
"仍兼任行军总","0","3","3"
"突厥人进犯边","0","3","3"
"厥人进犯边塞","0","3","3"
"任开府仪同三","0","3","3"
"炀帝巡幸榆林","0","3","3"
"精锐的骑兵五","0","3","3"
"任车骑大将军","0","3","3"
"隋高祖受禅登","0","3","3"
"军总管身份随","0","3","3"
"于是下诏书说","0","3","3"
"武帝攻占晋州","0","3","3"
"王杨广镇守并","0","3","3"
"杨广镇守并州","0","3","3"
"时年六十三岁","0","3","3"
"追赠他为大将","0","3","3"
"赠他为大将军","0","3","3"
"为益州总管长","0","3","3"
"并州总管司马","0","3","3"
"给事黄门侍郎","0","3","3"
"又以本官身份","0","3","3"
"渐渐被亲近重","0","3","3"
"渐被亲近重用","0","3","3"
"被王世充所杀","0","3","3"
"军总管身份讨","0","3","3"
"辽东战争爆发","0","3","3"
"任右光禄大夫","0","3","3"
"他缣帛三千匹","0","3","3"
"宇文述的部队","0","3","3"
"汉王杨谅造反","0","3","3"
"北周武帝平定","0","3","3"
"为左光禄大夫","0","3","3"
"赐他缣纟采五","0","3","3"
"为右光禄大夫","0","3","3"
"赐他缣纟采三","0","3","3"
"缣纟采三千段","0","3","3"
"炀帝命令裴矩","0","3","3"
"裴矩随从炀帝","0","3","3"
"夏至日影长一","0","3","3"
"至日影长一尺","0","3","3"
"元寿生太原太","1","1","2"
"寿生太原太守","1","1","2"
"嘏生平原太守","1","1","2"
"烈生宁远将军","1","1","2"
"赐姓普六茹氏","2","0","2"
"大统七年六月","1","1","2"
"迁骠骑大将军","2","0","2"
"武帝聘高祖长","1","1","2"
"帝聘高祖长女","1","1","2"
"普六茹坚相貌","1","1","2"
"皇太子非社稷","1","1","2"
"太子非社稷主","1","1","2"
"定州城西门久","1","1","2"
"州城西门久闭","1","1","2"
"内史上大夫郑","1","1","2"
"史上大夫郑译","1","1","2"
"雍州牧毕王贤","2","0","2"
"广陵人杜乔生","1","1","2"
"陵人杜乔生聚","1","1","2"
"人杜乔生聚众","1","1","2"
"郧州总管司马","1","1","2"
"州总管司马消","1","1","2"
"总管司马消难","1","1","2"
"襄州总管王谊","1","1","2"
"亳州总管贺若","1","1","2"
"州总管贺若谊","1","1","2"
"王谦益州总管","2","0","2"
"开皇元年二月","1","1","2"
"八使巡省风俗","2","0","2"
"济阳侯伊娄彦","1","1","2"
"阳侯伊娄彦恭","1","1","2"
"陈留郡公杨智","1","1","2"
"留郡公杨智积","1","1","2"
"兴城郡公杨静","1","1","2"
"宣仁门槐树连","1","1","2"
"仁门槐树连理","1","1","2"
"神武郡公窦毅","1","1","2"
"太子少保苏威","1","1","2"
"幸上柱国王谊","1","1","2"
"安成长公主第","2","0","2"
"置河北道行台","1","1","2"
"晋王广尚书令","2","0","2"
"置河南道行台","1","1","2"
"秦王俊尚书令","2","0","2"
"置西南道行台","1","1","2"
"幸赵国公独孤","1","1","2"
"赵国公独孤陀","1","1","2"
"宁州刺史窦荣","1","1","2"
"州刺史窦荣定","1","1","2"
"大将军韩僧寿","1","1","2"
"上柱国李充破","2","0","2"
"柱国李充破突","2","0","2"
"国李充破突厥","2","0","2"
"豫州刺史皇甫","1","1","2"
"太府卿苏孝慈","1","1","2"
"散骑常侍贺彻","1","1","2"
"直散骑常侍萧","1","1","2"
"散骑常侍萧褒","1","1","2"
"左卫大将军李","1","1","2"
"卫大将军李礼","1","1","2"
"大将军李礼成","1","1","2"
"鲜虞县公谢庆","1","1","2"
"虞县公谢庆恩","1","1","2"
"洮州刺史皮子","1","1","2"
"州刺史皮子信","1","1","2"
"尚书右仆射赵","1","1","2"
"行军总管阴寿","1","1","2"
"济北郡公梁远","1","1","2"
"遣散骑常侍薛","2","0","2"
"散骑常侍薛舒","1","1","2"
"散骑常侍王劭","1","1","2"
"行军总管李晃","1","1","2"
"幽州总管阴寿","1","1","2"
"行军元帅窦荣","1","1","2"
"军元帅窦荣定","1","1","2"
"行军总管梁远","1","1","2"
"晋州刺史燕荣","1","1","2"
"豫州刺史周摇","1","1","2"
"年春正月甲子","2","0","2"
"突厥苏尼部男","1","1","2"
"厥苏尼部男女","1","1","2"
"上大将军贺娄","1","1","2"
"大将军贺娄子","1","1","2"
"将军贺娄子干","1","1","2"
"汴州刺史吕仲","1","1","2"
"州刺史吕仲泉","1","1","2"
"散骑常侍谢泉","1","1","2"
"直散骑常侍贺","1","1","2"
"散骑常侍贺德","1","1","2"
"骑常侍贺德基","1","1","2"
"散骑常侍薛道","1","1","2"
"骑常侍薛道衡","1","1","2"
"直散骑常侍豆","1","1","2"
"散骑常侍豆卢","1","1","2"
"榆关总管贺娄","1","1","2"
"关总管贺娄子","1","1","2"
"书左仆射高颎","2","0","2"
"上柱国宇文忻","1","1","2"
"上柱国王谊谋","1","1","2"
"柱国王谊谋反","1","1","2"
"山东马荣伯等","1","1","2"
"东马荣伯等六","1","1","2"
"遣上大将军元","1","1","2"
"上大将军元契","1","1","2"
"散骑常侍王话","1","1","2"
"直散骑常侍阮","1","1","2"
"散骑常侍阮卓","1","1","2"
"上柱国宇文庆","1","1","2"
"子库合真特勤","1","1","2"
"遣民部尚书邳","1","1","2"
"民部尚书邳国","1","1","2"
"部尚书邳国公","1","1","2"
"尚书邳国公苏","1","1","2"
"书邳国公苏威","1","1","2"
"邳国公苏威赈","1","1","2"
"仪同三司费宝","1","1","2"
"同三司费宝首","1","1","2"
"散骑常侍李若","1","1","2"
"散骑常侍崔君","1","1","2"
"骑常侍崔君赡","1","1","2"
"上大将军源雄","1","1","2"
"源雄朔州总管","2","0","2"
"遣民部尚书苏","1","1","2"
"部尚书苏威巡","1","1","2"
"遣前工部尚书","1","1","2"
"前工部尚书长","1","1","2"
"工部尚书长孙","1","1","2"
"部尚书长孙毗","1","1","2"
"尚书长孙毗赈","1","1","2"
"十一万修筑长","1","1","2"
"一万修筑长城","1","1","2"
"洛阳男子高德","1","1","2"
"阳男子高德上","1","1","2"
"男子高德上书","1","1","2"
"直散骑常侍江","1","1","2"
"散骑常侍江椿","1","1","2"
"遣散骑常侍裴","1","1","2"
"散骑常侍裴豪","1","1","2"
"直散骑常侍刘","1","1","2"
"河州刺史段文","1","1","2"
"郕国公梁士彦","2","0","2"
"杞国公宇文忻","1","1","2"
"许国公宇文善","1","1","2"
"士彦三家资物","2","0","2"
"宋安郡公元景","1","1","2"
"安郡公元景山","1","1","2"
"置山南道行台","1","1","2"
"芳州刺史骆平","1","1","2"
"州刺史骆平难","1","1","2"
"衡州总管周法","1","1","2"
"州总管周法尚","1","1","2"
"散骑常侍王亨","1","1","2"
"散骑常侍杨同","1","1","2"
"苏威吏部尚书","2","0","2"
"怀州刺史源雄","1","1","2"
"安平王萧岩掠","1","1","2"
"遣散骑常侍袁","1","1","2"
"散骑常侍袁雅","1","1","2"
"直散骑常侍周","1","1","2"
"散骑常侍周止","1","1","2"
"骑常侍周止水","1","1","2"
"陇西郡公李询","1","1","2"
"成州刺史姜须","1","1","2"
"州刺史姜须达","1","1","2"
"散骑常侍程尚","1","1","2"
"骑常侍程尚贤","1","1","2"
"直散骑常侍韦","1","1","2"
"散骑常侍韦恽","1","1","2"
"遣吏部尚书苏","1","1","2"
"部尚书苏威赈","1","1","2"
"置淮南行台省","1","1","2"
"散骑常侍王琬","1","1","2"
"直散骑常侍许","1","1","2"
"散骑常侍许善","1","1","2"
"骑常侍许善心","1","1","2"
"杨素行军元帅","2","0","2"
"荆州刺史刘仁","1","1","2"
"五十一万八千","1","1","2"
"尚书右仆射虞","1","1","2"
"书右仆射虞庆","1","1","2"
"襄州总管韦世","1","1","2"
"都官尚书孔范","1","1","2"
"御史中丞沈观","1","1","2"
"史中丞沈观等","1","1","2"
"安州总管韦世","1","1","2"
"荆州总管杨素","1","1","2"
"吏部侍郎卢恺","1","1","2"
"考使定州刺史","1","1","2"
"使定州刺史豆","1","1","2"
"定州刺史豆卢","1","1","2"
"刺史豆卢通等","1","1","2"
"史豆卢通等上","1","1","2"
"豆卢通等上表","1","1","2"
"十一年春正月","2","0","2"
"皇太子妃元氏","1","1","2"
"大将军苏孝慈","1","1","2"
"遣通事舍人若","1","1","2"
"通事舍人若干","1","1","2"
"事舍人若干洽","1","1","2"
"幽州总管周摇","1","1","2"
"十二年春正月","2","0","2"
"年春正月壬子","2","0","2"
"苏州刺史皇甫","1","1","2"
"宣州刺史席代","1","1","2"
"寿州总管周摇","1","1","2"
"容城县侯卢恺","1","1","2"
"工部尚书杨异","1","1","2"
"新义郡公韩擒","1","1","2"
"义郡公韩擒虎","1","1","2"
"豫州刺史权武","1","1","2"
"十三年春正月","2","0","2"
"年春正月乙巳","2","0","2"
"郇国公韩建业","1","1","2"
"信州总管韦世","1","1","2"
"南阳郡公贾悉","1","1","2"
"阳郡公贾悉达","1","1","2"
"抚宁郡公韩延","1","1","2"
"宁郡公韩延等","1","1","2"
"钜鹿郡公贺娄","1","1","2"
"鹿郡公贺娄子","1","1","2"
"郡公贺娄子干","1","1","2"
"华阳郡公梁彦","1","1","2"
"阳郡公梁彦光","1","1","2"
"营州总管韦艺","1","1","2"
"赵州刺史杨达","1","1","2"
"府仪同三司韦","1","1","2"
"仪同三司韦冲","1","1","2"
"相州刺史豆卢","1","1","2"
"遣邳国公苏威","1","1","2"
"邳国公苏威巡","1","1","2"
"部尚书韦世康","1","1","2"
"怀州刺史庞晃","1","1","2"
"蔡阳县公姚辩","1","1","2"
"八年春正月辛","2","0","2"
"蒋州刺史郭衍","1","1","2"
"任城郡公王景","1","1","2"
"州总管长史宇","1","1","2"
"总管长史宇文","1","1","2"
"管长史宇文弼","1","1","2"
"遣行军总管史","1","1","2"
"行军总管史万","1","1","2"
"军总管史万岁","1","1","2"
"皖城郡公张威","1","1","2"
"城阳郡公李彻","1","1","2"
"朔州总管宇文","1","1","2"
"年春正月辛酉","2","0","2"
"代州总管宇文","1","1","2"
"遣行军总管张","1","1","2"
"行军总管张衡","1","1","2"
"吴州总管杨异","1","1","2"
"杀左卫大将军","1","1","2"
"邢州刺史侯莫","1","1","2"
"州刺史侯莫陈","1","1","2"
"齐州刺史张乔","1","1","2"
"原州总管独孤","1","1","2"
"州总管独孤楷","1","1","2"
"遣工部尚书杨","1","1","2"
"部尚书杨达赈","1","1","2"
"金水郡公周摇","1","1","2"
"诏尚书左仆射","2","0","2"
"蔡阳郡公姚辩","1","1","2"
"元明皇后断屠","1","1","2"
"高祖令项城公","1","1","2"
"晋王眉上双骨","1","1","2"
"王眉上双骨隆","1","1","2"
"江南高智慧等","1","1","2"
"备身将军崔彭","1","1","2"
"宇文弼刑部尚","2","0","2"
"文弼刑部尚书","2","0","2"
"仆射杨素尚书","2","0","2"
"诏尚书令杨素","2","0","2"
"大匠宇文恺营","1","1","2"
"匠宇文恺营建","1","1","2"
"宇文恺营建东","1","1","2"
"文恺营建东京","1","1","2"
"诸郡男女百余","2","0","2"
"民部尚书义丰","1","1","2"
"部尚书义丰侯","1","1","2"
"尚书义丰侯韦","1","1","2"
"书义丰侯韦冲","1","1","2"
"大将军李景后","2","0","2"
"大将军崔仲方","1","1","2"
"礼部侍郎许善","1","1","2"
"部侍郎许善心","1","1","2"
"侍郎许善心制","1","1","2"
"郎许善心制定","1","1","2"
"太府少卿何稠","1","1","2"
"太府丞云定兴","1","1","2"
"冀州刺史杨文","1","1","2"
"州刺史杨文思","1","1","2"
"兵部尚书李通","1","1","2"
"太子太师杨素","1","1","2"
"罗等二十七人","1","1","2"
"灵州刺史段文","1","1","2"
"年春正月癸亥","2","0","2"
"刑部尚书宇文","1","1","2"
"子毗黎伽特勤","1","1","2"
"部落三千五百","1","1","2"
"落三千五百人","1","1","2"
"杀光禄大夫贺","1","1","2"
"光禄大夫贺若","1","1","2"
"禄大夫贺若弼","1","1","2"
"礼部尚书宇文","1","1","2"
"尚书左仆射苏","1","1","2"
"书左仆射苏威","1","1","2"
"御史大夫张衡","1","1","2"
"民部尚书杨文","1","1","2"
"部尚书杨文思","1","1","2"
"鸿胪卿杨玄感","1","1","2"
"工部尚书卫玄","1","1","2"
"大理卿长孙炽","1","1","2"
"遣司朝谒者崔","1","1","2"
"屯田主事常骏","1","1","2"
"河内太守张定","1","1","2"
"突厥意利珍豆","1","1","2"
"厥意利珍豆启","1","1","2"
"意利珍豆启民","1","1","2"
"朝散大夫黄亘","1","1","2"
"内史元寿南屯","1","1","2"
"史元寿南屯金","1","1","2"
"元寿南屯金山","1","1","2"
"尚书段文振北","1","1","2"
"书段文振北屯","1","1","2"
"段文振北屯雪","1","1","2"
"文振北屯雪山","1","1","2"
"仆卿杨义臣东","1","1","2"
"卿杨义臣东屯","1","1","2"
"杨义臣东屯琵","1","1","2"
"义臣东屯琵琶","1","1","2"
"臣东屯琵琶峡","1","1","2"
"将军张寿西屯","1","1","2"
"军张寿西屯泥","1","1","2"
"张寿西屯泥岭","1","1","2"
"左光禄大夫梁","1","1","2"
"光禄大夫梁默","1","1","2"
"右翊卫将军李","1","1","2"
"翊卫将军李琼","1","1","2"
"卫将军李琼等","1","1","2"
"将军李琼等追","1","1","2"
"高昌王麹伯雅","2","0","2"
"吾吐屯设等献","1","1","2"
"吐屯设等献西","1","1","2"
"屯设等献西域","1","1","2"
"设等献西域数","1","1","2"
"等献西域数千","1","1","2"
"献西域数千里","1","1","2"
"朝请大夫张镇","1","1","2"
"请大夫张镇州","1","1","2"
"文通聚众三千","1","1","2"
"刑部尚书梁毗","1","1","2"
"青光禄大夫长","1","1","2"
"光禄大夫长孙","1","1","2"
"禄大夫长孙炽","1","1","2"
"陇西太守韩洪","1","1","2"
"西太守韩洪讨","1","1","2"
"屯卫大将军姚","1","1","2"
"卫大将军姚辩","1","1","2"
"东平太守吐万","1","1","2"
"平太守吐万绪","1","1","2"
"西面突厥处罗","1","1","2"
"面突厥处罗多","1","1","2"
"突厥处罗多利","1","1","2"
"一百一十三万","1","1","2"
"百一十三万三","1","1","2"
"一十三万三千","1","1","2"
"十三万三千八","1","1","2"
"三万三千八百","1","1","2"
"卫大将军卫玄","1","1","2"
"光禄大夫观王","1","1","2"
"候卫大将军段","1","1","2"
"卫大将军段文","1","1","2"
"右屯卫将军辛","1","1","2"
"屯卫将军辛世","1","1","2"
"卫将军辛世雄","1","1","2"
"工部尚书宇文","1","1","2"
"部尚书宇文恺","1","1","2"
"宗女华容公主","2","0","2"
"女华容公主嫁","1","1","2"
"光禄大夫韩寿","1","1","2"
"雄武等郎将官","1","1","2"
"平原李德逸聚","1","1","2"
"部尚书卫玄镇","1","1","2"
"右骁骑将军李","1","1","2"
"骁骑将军李浑","1","1","2"
"济北人韩进洛","1","1","2"
"北人韩进洛聚","1","1","2"
"济阴人孟海公","1","1","2"
"北海人郭方预","1","1","2"
"海人郭方预聚","1","1","2"
"济北人甄宝车","1","1","2"
"北人甄宝车聚","1","1","2"
"河南赞务裴弘","1","1","2"
"南赞务裴弘策","1","1","2"
"侍郎斛斯政奔","2","0","2"
"郎斛斯政奔高","2","0","2"
"斛斯政奔高丽","2","0","2"
"左候卫将军屈","1","1","2"
"候卫将军屈突","1","1","2"
"杭人刘元进举","1","1","2"
"人刘元进举兵","1","1","2"
"葛国公赵元淑","1","1","2"
"济阴人吴海流","1","1","2"
"东海人彭孝才","1","1","2"
"贼帅梁慧尚率","1","1","2"
"贼帅吕明星率","1","1","2"
"武贲郎将费青","2","0","2"
"清河贼张金称","1","1","2"
"渤海贼帅格谦","1","1","2"
"卫将军冯孝慈","1","1","2"
"扶风人向海明","1","1","2"
"遣太仆卿杨义","1","1","2"
"彭城贼张大彪","1","1","2"
"城贼张大彪聚","1","1","2"
"榆林太守董纯","1","1","2"
"延安人刘迦论","1","1","2"
"左光禄大夫郑","1","1","2"
"光禄大夫郑荣","1","1","2"
"帅司马长安破","2","0","2"
"离石胡刘苗王","1","1","2"
"将军潘长文讨","2","0","2"
"贼帅王德仁拥","1","1","2"
"年春正月甲午","2","0","2"
"贲郎将高建毗","1","1","2"
"贼帅杨仲绪率","1","1","2"
"杨仲绪率众万","2","0","2"
"上谷人王须拔","1","1","2"
"杀右骁卫大将","1","1","2"
"光禄大夫李敏","1","1","2"
"御卫大将军张","1","1","2"
"卫大将军张寿","1","1","2"
"贼帅卢明月聚","1","1","2"
"帅卢明月聚众","1","1","2"
"卢明月聚众十","1","1","2"
"明月聚众十余","1","1","2"
"月聚众十余万","1","1","2"
"东海贼帅李子","1","1","2"
"海贼帅李子通","1","1","2"
"贼帅李子通拥","1","1","2"
"帅李子通拥众","1","1","2"
"绛郡贼敬盘陀","1","1","2"
"雁门人翟松柏","1","1","2"
"东海贼卢公暹","1","1","2"
"海贼卢公暹率","1","1","2"
"济北公樊子盖","1","1","2"
"卫将军皇甫逸","2","0","2"
"右司郎卢楚等","1","1","2"
"奉信郎崔民象","1","1","2"
"奉信郎王爱仁","1","1","2"
"东海人杜扬州","1","1","2"
"沈觅敌等作乱","1","1","2"
"卫将军陈棱击","1","1","2"
"安定人荔非世","1","1","2"
"定人荔非世雄","1","1","2"
"人荔非世雄杀","1","1","2"
"荔非世雄杀临","1","1","2"
"非世雄杀临泾","1","1","2"
"鄱阳贼操天成","1","1","2"
"卫大将军护兒","2","0","2"
"行左翊卫大将","1","1","2"
"齐郡贼杜伏威","1","1","2"
"郡贼杜伏威率","1","1","2"
"勃海贼窦建德","1","1","2"
"贼帅徐圆朗率","1","1","2"
"弘化人刘企成","1","1","2"
"化人刘企成聚","1","1","2"
"人刘企成聚众","1","1","2"
"刘企成聚众万","1","1","2"
"企成聚众万余","1","1","2"
"成聚众万余人","1","1","2"
"朔方人梁师都","1","1","2"
"方人梁师都杀","1","1","2"
"人梁师都杀郡","1","1","2"
"梁师都杀郡丞","1","1","2"
"师都杀郡丞唐","1","1","2"
"都杀郡丞唐世","1","1","2"
"杀郡丞唐世宗","1","1","2"
"青光禄大夫张","1","1","2"
"光禄大夫张世","1","1","2"
"禄大夫张世隆","1","1","2"
"马邑校尉刘武","1","1","2"
"邑校尉刘武周","1","1","2"
"校尉刘武周杀","1","1","2"
"尉刘武周杀太","1","1","2"
"刘武周杀太守","1","1","2"
"武周杀太守王","1","1","2"
"周杀太守王仁","1","1","2"
"杀太守王仁恭","1","1","2"
"武贲郎将刘长","2","0","2"
"贲郎将王智辩","1","1","2"
"庐江人张子路","1","1","2"
"左屯卫将军张","1","1","2"
"屯卫将军张镇","1","1","2"
"卫将军张镇州","1","1","2"
"将军张镇州击","1","1","2"
"金城校尉薛举","1","1","2"
"城校尉薛举率","1","1","2"
"校尉薛举率众","1","1","2"
"攻陷陇右诸郡","1","1","2"
"光禄大夫裴仁","1","1","2"
"禄大夫裴仁基","1","1","2"
"淮阳太守赵佗","1","1","2"
"阳太守赵佗等","1","1","2"
"武牙郎将宋老","1","1","2"
"牙郎将宋老生","1","1","2"
"鄱阳人董景珍","1","1","2"
"武贲郎将高毗","2","0","2"
"败济北郡贼甄","1","1","2"
"济北郡贼甄宝","1","1","2"
"北郡贼甄宝车","1","1","2"
"邑一千七百户","1","1","2"
"植弟淅州刺史","1","1","2"
"所居天下精兵","2","0","2"
"居天下精兵处","2","0","2"
"食成安县三千","1","1","2"
"成安县三千户","1","1","2"
"遣黄门侍郎监","1","1","2"
"黄门侍郎监护","1","1","2"
"门侍郎监护丧","1","1","2"
"侍郎监护丧事","1","1","2"
"怀十州诸军事","1","1","2"
"遣太常卿牛弘","1","1","2"
"授上仪同三司","1","1","2"
"夏州北三百里","1","1","2"
"破突厥阿勿俟","1","1","2"
"突厥阿勿俟斤","1","1","2"
"太子左卫率宇","1","1","2"
"子左卫率宇文","1","1","2"
"左卫率宇文述","1","1","2"
"累迁英果中大","2","0","2"
"迁英果中大夫","2","0","2"
"校襄州总管事","1","1","2"
"随宇文护伐齐","1","1","2"
"改封广宗县公","1","1","2"
"左司武上大夫","1","1","2"
"加授上开府仪","1","1","2"
"上开府仪同大","1","1","2"
"开府仪同大将","1","1","2"
"府仪同大将军","1","1","2"
"亳六州诸军事","1","1","2"
"齐将斛律明月","1","1","2"
"凉安二州总管","1","1","2"
"开府李三王等","1","1","2"
"秦会拥众十万","1","1","2"
"亲率精兵五万","1","1","2"
"正中大夫颜仪","2","0","2"
"祖令韦孝宽讨","1","1","2"
"司马消难相继","1","1","2"
"时柱国梁士彦","1","1","2"
"士彦情意偏厚","1","1","2"
"然后北破晋阳","1","1","2"
"妻妾资财田宅","2","0","2"
"上柱国府户曹","1","1","2"
"柱国府户曹参","1","1","2"
"国府户曹参军","1","1","2"
"府户曹参军事","1","1","2"
"户曹参军事裴","1","1","2"
"曹参军事裴石","1","1","2"
"参军事裴石达","1","1","2"
"相府司录李长","1","1","2"
"府司录李长宗","1","1","2"
"内史中大夫乌","1","1","2"
"史中大夫乌丸","1","1","2"
"中大夫乌丸轨","1","1","2"
"御正下大夫刘","1","1","2"
"引大将军宇文","1","1","2"
"大将军宇文仲","1","1","2"
"将军宇文仲辅","1","1","2"
"军宇文仲辅政","1","1","2"
"治内史上大夫","1","1","2"
"内史上大夫事","1","1","2"
"天官都府司会","1","1","2"
"史令李德林立","1","1","2"
"天官府都上士","1","1","2"
"金九环带一腰","1","1","2"
"陛下若命鹰扬","1","1","2"
"州民顾子元发","1","1","2"
"民顾子元发兵","1","1","2"
"邑一千九百户","1","1","2"
"知高祖非常人","2","0","2"
"苏威共掌朝政","1","1","2"
"华州刺史张宾","1","1","2"
"州刺史张宾等","1","1","2"
"古乐宫悬七八","1","1","2"
"令家僮梁默等","1","1","2"
"家僮梁默等数","1","1","2"
"僮梁默等数人","1","1","2"
"轨破陈将吴明","2","0","2"
"破陈将吴明彻","2","0","2"
"忻率奇兵击破","1","1","2"
"时大冢宰宇文","1","1","2"
"司马消难举兵","1","1","2"
"推渠帅兰雒州","1","1","2"
"行军总管李威","1","1","2"
"御史大夫杨素","1","1","2"
"时上柱国元谐","1","1","2"
"吐谷浑寇凉州","2","0","2"
"率行军总管贺","1","1","2"
"行军总管贺娄","1","1","2"
"军总管贺娄子","1","1","2"
"时贼将定城王","1","1","2"
"贼将定城王钟","1","1","2"
"将定城王钟利","1","1","2"
"定城王钟利房","1","1","2"
"城王钟利房率","1","1","2"
"王钟利房率骑","1","1","2"
"时上柱国王谊","1","1","2"
"上仪同祁绪等","1","1","2"
"千金公权始璋","1","1","2"
"江州司马黄亻","1","1","2"
"州司马黄亻思","1","1","2"
"司马黄亻思弃","1","1","2"
"马黄亻思弃城","1","1","2"
"陈豫章太守徐","2","0","2"
"豫章太守徐璒","2","0","2"
"庐陵太守萧廉","1","1","2"
"浔阳太守陆仲","1","1","2"
"阳太守陆仲容","1","1","2"
"巴山太守王诵","1","1","2"
"齐昌太守黄正","1","1","2"
"昌太守黄正始","1","1","2"
"行军总管讨平","2","0","2"
"都官员外郎辛","1","1","2"
"官员外郎辛凯","1","1","2"
"员外郎辛凯卿","1","1","2"
"右卫大将军元","1","1","2"
"卫大将军元胄","1","1","2"
"中外府行参军","1","1","2"
"内史下大夫高","1","1","2"
"偏将达奚长儒","1","1","2"
"将达奚长儒率","1","1","2"
"桂州道行军总","1","1","2"
"迁右卫大将军","2","0","2"
"时慈州刺史上","1","1","2"
"慈州刺史上官","1","1","2"
"州刺史上官政","1","1","2"
"大司马独孤信","1","1","2"
"司马独孤信引","1","1","2"
"周齐王宪引记","2","0","2"
"齐王宪引记室","2","0","2"
"祖令韦孝宽击","1","1","2"
"改封义宁县公","1","1","2"
"主宠姬张丽华","1","1","2"
"右卫将军庞晃","1","1","2"
"尚书都事姜晔","1","1","2"
"楚州行参军李","1","1","2"
"州行参军李君","1","1","2"
"行参军李君才","1","1","2"
"贺若弼先献十","1","1","2"
"若弼先献十策","1","1","2"
"前后赏赐胜计","2","0","2"
"苏威朝夕孜孜","1","1","2"
"礼部尚书卢恺","1","1","2"
"吏部侍郎薛道","1","1","2"
"部侍郎薛道衡","1","1","2"
"尚书右丞王弘","1","1","2"
"考功侍郎李同","1","1","2"
"国子学请荡阴","1","1","2"
"子学请荡阴人","1","1","2"
"学请荡阴人王","1","1","2"
"请荡阴人王孝","1","1","2"
"荡阴人王孝逸","1","1","2"
"关中简黜大使","1","1","2"
"东都阊阖门内","1","1","2"
"尚书令杨遵彦","1","1","2"
"散骑常侍高元","1","1","2"
"骑常侍高元海","1","1","2"
"常侍高元海等","1","1","2"
"丞相府行参军","1","1","2"
"通直散骑侍郎","1","1","2"
"中书侍郎宋士","1","1","2"
"书侍郎宋士素","1","1","2"
"副侍中赵彦深","1","1","2"
"名医张子彦等","1","1","2"
"时中书侍郎杜","1","1","2"
"中书侍郎杜台","1","1","2"
"书侍郎杜台卿","1","1","2"
"世祖武成皇帝","1","1","2"
"祖武成皇帝颂","1","1","2"
"尚书左仆射赵","1","1","2"
"书左仆射赵彦","1","1","2"
"左仆射赵彦深","1","1","2"
"黄门侍郎李孝","1","1","2"
"门侍郎李孝贞","1","1","2"
"中书侍郎李若","1","1","2"
"高祖受顾命辅","1","1","2"
"陛下登封告成","1","1","2"
"迁开府仪同三","2","0","2"
"太子司旅下大","1","1","2"
"子司旅下大夫","1","1","2"
"右司卫上大夫","1","1","2"
"检校郑州刺史","1","1","2"
"校郑州刺史事","1","1","2"
"雄总管浇河道","1","1","2"
"检校左翊卫大","1","1","2"
"校左翊卫大将","1","1","2"
"新丰人王辅贤","1","1","2"
"丰人王辅贤能","1","1","2"
"人王辅贤能占","1","1","2"
"时文林郎杨孝","1","1","2"
"文林郎杨孝政","1","1","2"
"林郎杨孝政上","1","1","2"
"郎杨孝政上书","1","1","2"
"贝州长史裴肃","1","1","2"
"山南道行军元","1","1","2"
"总管崔弘度请","1","1","2"
"州总管二十四","1","1","2"
"相连坐者百余","2","0","2"
"连坐者百余人","2","0","2"
"左武卫将军刘","1","1","2"
"武卫将军刘升","1","1","2"
"大都督皇甫统","1","1","2"
"都督皇甫统上","1","1","2"
"督皇甫统上表","1","1","2"
"俊长女永丰公","1","1","2"
"长女永丰公主","1","1","2"
"兵部侍郎元衡","1","1","2"
"大将军刘哙讨","1","1","2"
"高祖令上开府","1","1","2"
"祖令上开府杨","1","1","2"
"令上开府杨武","1","1","2"
"上开府杨武通","1","1","2"
"云请西岳华山","2","0","2"
"请西岳华山慈","2","0","2"
"西岳华山慈父","2","0","2"
"神兵九亿万骑","1","1","2"
"开化杨坚夫妻","1","1","2"
"请西岳神兵收","1","1","2"
"西岳神兵收杨","1","1","2"
"岳神兵收杨坚","1","1","2"
"总管司马皇甫","1","1","2"
"管司马皇甫诞","1","1","2"
"司马皇甫诞切","1","1","2"
"总管府兵曹裴","1","1","2"
"管府兵曹裴文","1","1","2"
"府兵曹裴文安","1","1","2"
"大将军余公理","1","1","2"
"赵子开守高壁","1","1","2"
"宇文化弑逆际","2","0","2"
"右仆射周惠达","1","1","2"
"周太祖引相府","2","0","2"
"向天王聚众作","1","1","2"
"天王聚众作乱","1","1","2"
"功授开府仪同","1","1","2"
"荆州总管长史","1","1","2"
"入民部中大夫","2","0","2"
"迁御正上大夫","2","0","2"
"相府铠曹参军","1","1","2"
"加开府仪同三","2","0","2"
"司马消难阴谋","1","1","2"
"东京司宪中大","1","1","2"
"京司宪中大夫","1","1","2"
"河南道行台兵","1","1","2"
"南道行台兵部","1","1","2"
"所谓民少官多","1","1","2"
"小宗伯赵芬分","1","1","2"
"平见天下州县","1","1","2"
"见天下州县多","1","1","2"
"人告大都督邴","1","1","2"
"告大都督邴绍","1","1","2"
"未堪作大家翁","1","1","2"
"后突厥达头汗","2","0","2"
"判吏部尚书事","1","1","2"
"河北道行台兵","1","1","2"
"北道行台兵部","1","1","2"
"司州总管长史","1","1","2"
"夜率所部二千","1","1","2"
"率所部二千人","1","1","2"
"所部二千人袭","1","1","2"
"部二千人袭击","1","1","2"
"女子洗氏率众","1","1","2"
"子洗氏率众迎","1","1","2"
"渝州都督王猛","1","1","2"
"卫公府礼曹参","1","1","2"
"公府礼曹参军","1","1","2"
"大将军元定渡","1","1","2"
"将军元定渡江","1","1","2"
"开府贺拔华等","1","1","2"
"府贺拔华等五","1","1","2"
"贺拔华等五十","1","1","2"
"拔华等五十人","1","1","2"
"少御伯下大夫","1","1","2"
"益州长史元岩","1","1","2"
"时东阳贼帅陶","1","1","2"
"东阳贼帅陶子","1","1","2"
"阳贼帅陶子定","1","1","2"
"吴州贼帅罗慧","1","1","2"
"州贼帅罗慧方","1","1","2"
"武帝亲征高氏","1","1","2"
"荥州刺史宇文","1","1","2"
"州刺史宇文胄","1","1","2"
"南康内史吕仲","1","1","2"
"康内史吕仲肃","1","1","2"
"内史吕仲肃屯","1","1","2"
"信州刺史顾觉","1","1","2"
"州刺史顾觉镇","1","1","2"
"荆州刺史陈纪","1","1","2"
"州刺史陈纪镇","1","1","2"
"岳阳王陈叔慎","1","1","2"
"称南徐州刺史","1","1","2"
"泉州人王国庆","1","1","2"
"赐黄金四十斤","1","1","2"
"灵州道行军总","1","1","2"
"高颎尚书左仆","2","0","2"
"颎尚书左仆射","2","0","2"
"黄门侍郎元岩","1","1","2"
"门侍郎元岩等","1","1","2"
"河北安抚大使","1","1","2"
"介州刺史梁修","1","1","2"
"州刺史梁修罗","1","1","2"
"谅妓妾二十人","1","1","2"
"弘农河东绛郡","1","1","2"
"农河东绛郡临","1","1","2"
"河东绛郡临汾","1","1","2"
"东绛郡临汾文","1","1","2"
"绛郡临汾文城","1","1","2"
"郡临汾文城河","1","1","2"
"临汾文城河内","1","1","2"
"汾文城河内汲","1","1","2"
"文城河内汲郡","1","1","2"
"城河内汲郡长","1","1","2"
"河内汲郡长平","1","1","2"
"内汲郡长平上","1","1","2"
"汲郡长平上党","1","1","2"
"郡长平上党西","1","1","2"
"长平上党西河","1","1","2"
"平上党西河十","1","1","2"
"上党西河十郡","1","1","2"
"党西河十郡太","1","1","2"
"西河十郡太守","1","1","2"
"转内史下大夫","2","0","2"
"吏部侍郎高孝","1","1","2"
"部侍郎高孝基","1","1","2"
"赠开府仪同三","2","0","2"
"迁车骑大将军","2","0","2"
"兰陵太守荥阳","1","1","2"
"益州总管司马","1","1","2"
"陛下应天顺民","1","1","2"
"周赵王谋害高","1","1","2"
"赵王谋害高祖","1","1","2"
"安兄弟灭亲奉","1","1","2"
"兄弟灭亲奉国","1","1","2"
"东南道行军元","1","1","2"
"吴州总管贺若","1","1","2"
"州总管贺若弼","1","1","2"
"总管贺若弼等","1","1","2"
"丞相府功曹参","1","1","2"
"相府功曹参军","1","1","2"
"信州总管王长","1","1","2"
"州总管王长述","1","1","2"
"总管王长述溯","1","1","2"
"管王长述溯江","1","1","2"
"伪总管荆山公","1","1","2"
"总管荆山公元","1","1","2"
"管荆山公元振","1","1","2"
"改封饶良县子","1","1","2"
"河南道二十八","1","1","2"
"南道二十八州","1","1","2"
"功授银青光禄","1","1","2"
"高宝宁攻陷临","1","1","2"
"宝宁攻陷临渝","1","1","2"
"宁攻陷临渝镇","1","1","2"
"左勋卫车骑将","1","1","2"
"勋卫车骑将军","1","1","2"
"诈言彭公刘昶","1","1","2"
"左勋卫骠骑将","1","1","2"
"勋卫骠骑将军","1","1","2"
"意利珍豆启人","1","1","2"
"持节送义城公","1","1","2"
"节送义城公主","1","1","2"
"秦川行军总管","1","1","2"
"贼帅思力俟斤","1","1","2"
"帅思力俟斤等","1","1","2"
"齐将独孤永业","1","1","2"
"行军总管击破","2","0","2"
"遣行军总管杜","1","1","2"
"上柱国乌丸轨","1","1","2"
"寿州总管源雄","1","1","2"
"下开府员明擒","1","1","2"
"功进位大将军","2","0","2"
"上柱国杨永安","1","1","2"
"子干行军总管","2","0","2"
"通事舍人曹威","1","1","2"
"榆关总管十镇","1","1","2"
"关总管十镇诸","1","1","2"
"总管十镇诸军","1","1","2"
"管十镇诸军事","1","1","2"
"行军总管杨素","2","0","2"
"军总管杨素击","2","0","2"
"万岁行军总管","2","0","2"
"行军总管备胡","2","0","2"
"大将军李药王","1","1","2"
"宰宇文护引亲","2","0","2"
"宇文护引亲信","2","0","2"
"护子中山公训","2","0","2"
"子中山公训蒲","2","0","2"
"中山公训蒲州","2","0","2"
"山公训蒲州刺","2","0","2"
"公训蒲州刺史","2","0","2"
"皇太子西征吐","1","1","2"
"骁将贺兰豹子","1","1","2"
"将贺兰豹子率","1","1","2"
"贺兰豹子率劲","1","1","2"
"韦孝宽略定淮","1","1","2"
"孝宽略定淮南","1","1","2"
"蜀王秀镇益州","2","0","2"
"行军总管李充","1","1","2"
"突厥胜多败少","1","1","2"
"率精骑一万赴","1","1","2"
"徙封城阳郡公","1","1","2"
"赐爵安阳县男","1","1","2"
"染工上士王神","1","1","2"
"工上士王神欢","1","1","2"
"襄州总管司录","1","1","2"
"东京吏部大夫","1","1","2"
"加上仪同三司","2","0","2"
"尚书吏部侍郎","1","1","2"
"通事舍人苏夔","1","1","2"
"邑二千一百户","1","1","2"
"吏部二曹中大","1","1","2"
"部二曹中大夫","1","1","2"
"河北道行台度","1","1","2"
"北道行台度支","1","1","2"
"道行台度支尚","1","1","2"
"行台度支尚书","1","1","2"
"行军总管刘方","1","1","2"
"检校庐州总管","1","1","2"
"校庐州总管事","1","1","2"
"奴婢百五十口","2","0","2"
"司州总管司录","1","1","2"
"帝令侯莫陈昶","1","1","2"
"令侯莫陈昶率","1","1","2"
"侯莫陈昶率兵","1","1","2"
"司马消难奔陈","2","0","2"
"元帅汉王府司","1","1","2"
"帅汉王府司马","1","1","2"
"持节巡省河北","2","0","2"
"所著辞赋二十","1","1","2"
"授扬州总管司","2","0","2"
"赐奴婢一百三","1","1","2"
"奴婢一百三十","1","1","2"
"婢一百三十口","1","1","2"
"将伊阙令皇甫","1","1","2"
"江都丞王世充","1","1","2"
"迁掌朝下大夫","2","0","2"
"秦州总管长史","1","1","2"
"谏议大夫王达","1","1","2"
"左仆射杨遵彦","1","1","2"
"司徒录事参军","1","1","2"
"尚书左外兵郎","1","1","2"
"陛下圣德天挺","1","1","2"
"行台尚书吏部","1","1","2"
"台尚书吏部郎","1","1","2"
"司隶刺史房彦","1","1","2"
"隶刺史房彦谦","1","1","2"
"紫光禄大夫段","1","1","2"
"高祖文皇帝圣","1","1","2"
"祖文皇帝圣略","1","1","2"
"文皇帝圣略神","1","1","2"
"皇帝圣略神功","1","1","2"
"记室陆士季谋","1","1","2"
"云定兴等十人","1","1","2"
"益州长史韩伯","1","1","2"
"始州刺史屈突","1","1","2"
"州刺史屈突尚","1","1","2"
"邑三千五百户","1","1","2"
"河南道行军总","1","1","2"
"南道行军总管","1","1","2"
"总管宇文忻颇","1","1","2"
"刘浴德等相遇","1","1","2"
"守将刘子宽弃","1","1","2"
"将刘子宽弃城","1","1","2"
"河南道大行台","1","1","2"
"郢州刺史荀法","1","1","2"
"州刺史荀法尚","1","1","2"
"鲁山城主诞法","1","1","2"
"山城主诞法澄","1","1","2"
"复行军总管讨","2","0","2"
"乙支文德诈降","1","1","2"
"时尚书右丞刘","1","1","2"
"宰宇文护见器","2","0","2"
"上仪同毛猛等","1","1","2"
"右勋曹中大夫","1","1","2"
"检校江陵总管","1","1","2"
"海昌王尉相贵","1","1","2"
"改封龙岗县公","1","1","2"
"文振行军总管","2","0","2"
"合围浑主覆袁","2","0","2"
"围浑主覆袁川","2","0","2"
"进位右光禄大","2","0","2"
"位右光禄大夫","2","0","2"
"兵曹郎斛斯政","1","1","2"
"曹郎斛斯政专","1","1","2"
"郎斛斯政专掌","1","1","2"
"斛斯政专掌兵","1","1","2"
"行军总管率步","2","0","2"
"军总管率步骑","2","0","2"
"总管率步骑三","2","0","2"
"行军总管元契","1","1","2"
"永新侯陈君范","1","1","2"
"寿州刺史总管","1","1","2"
"士尚南阳公主","2","0","2"
"鹰扬郎将梁元","1","1","2"
"扬郎将梁元礼","1","1","2"
"左卫将军张瑾","1","1","2"
"三十万五千人","1","1","2"
"将军杨义臣率","1","1","2"
"军杨义臣率兵","1","1","2"
"会杨玄感作乱","2","0","2"
"迁内史中大夫","2","0","2"
"赐奴婢三百口","1","1","2"
"京兆郡丞乐运","1","1","2"
"河北道行台右","1","1","2"
"北道行台右仆","1","1","2"
"道行台右仆射","1","1","2"
"见西羌鼠窃狗","1","1","2"
"西羌鼠窃狗盗","1","1","2"
"左卫率长史夏","1","1","2"
"卫率长史夏侯","1","1","2"
"率长史夏侯福","1","1","2"
"行军总管长史","1","1","2"
"毗见左仆射杨","1","1","2"
"见左仆射杨素","1","1","2"
"尚书右丞李纲","1","1","2"
"尚书虞部侍郎","1","1","2"
"雍州长史库狄","1","1","2"
"州长史库狄士","1","1","2"
"长史库狄士文","1","1","2"
"太原道十九州","1","1","2"
"尚书都官侍郎","1","1","2"
"治书侍御史柳","1","1","2"
"光禄少卿柳謇","1","1","2"
"国子祭酒杨汪","1","1","2"
"检校河南内史","1","1","2"
"越王留守东都","1","1","2"
"纳言苏威追论","1","1","2"
"太子车右中士","1","1","2"
"使富贵功名永","1","1","2"
"富贵功名永垂","1","1","2"
"高祖相貌非常","1","1","2"
"行军总管达奚","1","1","2"
"军总管达奚长","1","1","2"
"总管达奚长儒","1","1","2"
"代州总管李景","1","1","2"
"车骑将军杨思","1","1","2"
"骑将军杨思恩","1","1","2"
"将军杨思恩请","1","1","2"
"妖贼向海公聚","1","1","2"
"贼向海公聚众","1","1","2"
"向海公聚众作","1","1","2"
"海公聚众作乱","1","1","2"
"杨玄感围逼东","1","1","2"
"玄感围逼东都","1","1","2"
"武贲郎将张峻","1","1","2"
"通议大夫斛斯","1","1","2"
"议大夫斛斯万","1","1","2"
"大夫斛斯万善","1","1","2"
"监门直阁庞玉","1","1","2"
"宇文述等合击","1","1","2"
"文述等合击破","1","1","2"
"内史舍人封德","1","1","2"
"史舍人封德彝","1","1","2"
"庐桂二州刺史","1","1","2"
"桂州刺史钱季","1","1","2"
"州刺史钱季卿","1","1","2"
"西衡州刺史邓","1","1","2"
"阳山太守毛爽","1","1","2"
"山太守毛爽等","1","1","2"
"定州刺史吕子","1","1","2"
"州刺史吕子廓","1","1","2"
"岭南安抚大使","1","1","2"
"州人李光仕举","1","1","2"
"人李光仕举兵","1","1","2"
"李光仕举兵作","1","1","2"
"光仕举兵作乱","1","1","2"
"世积所部多遇","1","1","2"
"积所部多遇瘴","1","1","2"
"黔安夷向思多","1","1","2"
"将军李景分路","1","1","2"
"军李景分路讨","1","1","2"
"赐爵平寇县公","1","1","2"
"上明公杨纪送","1","1","2"
"明公杨纪送义","1","1","2"
"公杨纪送义成","1","1","2"
"杨纪送义成公","1","1","2"
"纪送义成公主","1","1","2"
"时代州总管韩","1","1","2"
"代州总管韩洪","1","1","2"
"检校代州总管","1","1","2"
"岚州刺史乔钟","1","1","2"
"州刺史乔钟葵","1","1","2"
"刺史乔钟葵率","1","1","2"
"史乔钟葵率劲","1","1","2"
"司法参军吕玉","1","1","2"
"仪同三司侯莫","1","1","2"
"同三司侯莫陈","1","1","2"
"朔州总管杨义","1","1","2"
"州总管杨义臣","1","1","2"
"赐奴婢八十口","1","1","2"
"武贲郎将罗艺","1","1","2"
"谔见礼教凋敝","1","1","2"
"泗州刺史司马","1","1","2"
"州刺史司马幼","1","1","2"
"刺史司马幼文","1","1","2"
"刺史入京朝觐","1","1","2"
"谔前后所奏颁","1","1","2"
"前后所奏颁示","1","1","2"
"后所奏颁示天","1","1","2"
"所奏颁示天下","1","1","2"
"中书令孔奂见","1","1","2"
"祠部殿中二曹","1","1","2"
"部殿中二曹郎","1","1","2"
"史大夫裴蕴等","1","1","2"
"赐爵江夏郡公","1","1","2"
"丁二十四万三","1","1","2"
"二十四万三千","1","1","2"
"六十四万一千","1","1","2"
"十四万一千五","1","1","2"
"四万一千五百","1","1","2"
"司隶大夫薛道","1","1","2"
"隶大夫薛道衡","1","1","2"
"部将周师举围","1","1","2"
"蒲类海铁勒部","1","1","2"
"南婆罗门国等","1","1","2"
"骁卫大将军屈","1","1","2"
"卫大将军屈突","1","1","2"
"大将军屈突通","1","1","2"
"江都境内寡妇","1","1","2"
"河北道安抚大","1","1","2"
"北道安抚大使","1","1","2"
"曹旦长史李公","1","1","2"
"旦长史李公淹","1","1","2"
"影一丈二尺七","1","1","2"
"一丈二尺七寸","1","1","2"
"丈二尺七寸二","1","1","2"
"二尺七寸二分","1","1","2"
"影一丈二尺六","1","1","2"
"一丈二尺六寸","1","1","2"
"丈二尺六寸三","1","1","2"
"二尺六寸三分","1","1","2"
"一丈二尺八寸","1","1","2"
"丈二尺八寸八","1","1","2"
"二尺八寸八分","1","1","2"
"夏影一尺四寸","2","0","2"
"一尺四寸八分","1","1","2"
"一尺四寸五分","1","1","2"
"太史丞高智宝","1","1","2"
"上元第一纪甲","2","0","2"
"元第一纪甲子","2","0","2"
"天正十一月庚","2","0","2"
"正十一月庚戌","2","0","2"
"八月二十九日","1","1","2"
"月二十九日夜","1","1","2"
"年十一月二十","1","1","2"
"十一月二十日","1","1","2"
"一月二十日夜","1","1","2"
"贼帅卢明月营","1","1","2"
"玄感世荷国恩","2","0","2"
"武贲郎将王仲","1","1","2"
"贲郎将王仲伯","1","1","2"
"汲郡赞治赵怀","1","1","2"
"郡赞治赵怀义","1","1","2"
"赞治赵怀义等","1","1","2"
"治赵怀义等谋","1","1","2"
"赵怀义等谋议","1","1","2"
"弟武贲郎将玄","1","1","2"
"武贲郎将玄纵","1","1","2"
"鹰扬郎将万硕","1","1","2"
"东光县尉元务","1","1","2"
"光县尉元务本","1","1","2"
"河内郡主簿唐","1","1","2"
"令河南赞治裴","1","1","2"
"将军宇文述发","1","1","2"
"军宇文述发兵","1","1","2"
"宇文述发兵继","1","1","2"
"文述发兵继进","1","1","2"
"前民部尚书李","1","1","2"
"民部尚书李子","1","1","2"
"部尚书李子雄","1","1","2"
"梁郡人韩相国","1","1","2"
"郡人韩相国举","1","1","2"
"人韩相国举兵","1","1","2"
"加授光禄大夫","1","1","2"
"元进知天下思","1","1","2"
"进知天下思乱","1","1","2"
"令将军吐万绪","1","1","2"
"光禄大夫鱼俱","1","1","2"
"禄大夫鱼俱罗","1","1","2"
"大夫鱼俱罗率","1","1","2"
"夫鱼俱罗率兵","1","1","2"
"帝令江都郡丞","1","1","2"
"令江都郡丞王","1","1","2"
"郡丞王世充发","1","1","2"
"丞王世充发淮","1","1","2"
"王世充发淮南","1","1","2"
"世充发淮南兵","1","1","2"
"袭父爵蒲山公","1","1","2"
"国子助教包恺","1","1","2"
"荥阳太守郇王","1","1","2"
"密分兵千余人","1","1","2"
"大业十三年春","1","1","2"
"郎将刘长恭率","1","1","2"
"黎阳贼帅李文","1","1","2"
"阳贼帅李文相","1","1","2"
"洹水贼帅张升","1","1","2"
"清河贼帅赵君","1","1","2"
"河贼帅赵君德","1","1","2"
"贼帅郝孝德归","1","1","2"
"齐郡贼帅徐圆","1","1","2"
"郡贼帅徐圆朗","1","1","2"
"任城大侠徐师","1","1","2"
"城大侠徐师仁","1","1","2"
"世充夜袭仓城","1","1","2"
"董智通等诸将","1","1","2"
"东南道大行台","1","1","2"
"刑部尚书王轨","1","1","2"
"记室参军李俭","1","1","2"
"邴元真守兴洛","1","1","2"
"元真守兴洛仓","1","1","2"
"世充夜围偃师","1","1","2"
"河南道讨捕大","1","1","2"
"南道讨捕大使","1","1","2"
"荥阳通守张须","1","1","2"
"阳通守张须陀","1","1","2"
"监军御史萧怀","1","1","2"
"军御史萧怀静","1","1","2"
"尚书左丞宇文","1","1","2"
"书左丞宇文儒","1","1","2"
"左丞宇文儒童","1","1","2"
"尚食直长陈谦","1","1","2"
"秘书丞崔德本","1","1","2"
"书丞崔德本等","1","1","2"
"将军张童仁知","1","1","2"
"薛国公长孙览","1","1","2"
"南公宇文神举","1","1","2"
"国公韦孝宽经","1","1","2"
"公韦孝宽经略","1","1","2"
"化政公宇文忻","1","1","2"
"司水贺娄子干","1","1","2"
"弘度行军总管","2","0","2"
"少宗伯卢辩专","1","1","2"
"御正四曹大夫","1","1","2"
"改封任城郡公","1","1","2"
"潞州刺史辛彦","1","1","2"
"魏文侯问子夏","1","1","2"
"吏部尚书卢恺","1","1","2"
"侍郎薛道衡等","1","1","2"
"瀛州刺史宇文","1","1","2"
"州刺史宇文亢","1","1","2"
"太极真人徐君","1","1","2"
"吏部尚书宗懔","1","1","2"
"部尚书宗懔等","1","1","2"
"大定元年正月","1","1","2"
"太史令刘晖等","1","1","2"
"内史通事颜敏","1","1","2"
"史通事颜敏楚","1","1","2"
"通事颜敏楚上","1","1","2"
"一百八十六年","1","1","2"
"百八十六年冬","1","1","2"
"前代加时早晚","1","1","2"
"一百八十二日","2","0","2"
"百八十二日行","2","0","2"
"八十二日行一","2","0","2"
"十二日行一百","2","0","2"
"行一百八十度","1","1","2"
"日行一百七十","2","0","2"
"行一百七十六","1","1","2"
"一百七十六度","1","1","2"
"行一百七十七","1","1","2"
"一百七十七度","1","1","2"
"遣大将军戚昕","1","1","2"
"大将军许世武","1","1","2"
"陈将宜黄侯陈","1","1","2"
"将宜黄侯陈纪","1","1","2"
"武乡公崔弘度","1","1","2"
"罗州刺史冯融","1","1","2"
"广州都督萧勃","1","1","2"
"州都督萧勃征","1","1","2"
"高州刺史李迁","1","1","2"
"州刺史李迁仕","1","1","2"
"遣主帅杜平虏","1","1","2"
"主帅杜平虏率","1","1","2"
"长城侯陈霸先","1","1","2"
"广州刺史欧阳","1","1","2"
"州刺史欧阳纥","1","1","2"
"刺史欧阳纥谋","1","1","2"
"史欧阳纥谋反","1","1","2"
"裴矩巡抚诸州","1","1","2"
"开谯国夫人幕","1","1","2"
"谯国夫人幕府","1","1","2"
"部落六州兵马","1","1","2"
"时番州总管赵","1","1","2"
"番州总管赵讷","1","1","2"
"赐夫人临振县","1","1","2"
"夫人临振县汤","1","1","2"
"人临振县汤沐","1","1","2"
"临振县汤沐邑","1","1","2"
"蠕蠕立阚伯周","1","1","2"
"敦煌人张孟明","1","1","2"
"一千八百四十","1","1","2"
"千八百四十步","1","1","2"
"伯雅逾沙忘阻","1","1","2"
"直阁裴虔通互","1","1","2"
"阁裴虔通互相","1","1","2"
"转告内史舍人","1","1","2"
"告内史舍人元","1","1","2"
"鹰扬郎将孟秉","1","1","2"
"三月十五日举","1","1","2"
"月十五日举兵","1","1","2"
"十五日举兵同","1","1","2"
"五日举兵同叛","1","1","2"
"候卫武贲冯普","1","1","2"
"卫武贲冯普乐","1","1","2"
"折冲郎将沈光","1","1","2"
"冲郎将沈光等","1","1","2"
"淮安王神通安","1","1","2"
"安王神通安抚","1","1","2"
"王神通安抚山","1","1","2"
"神通安抚山东","1","1","2"
"齐州贼帅王薄","1","1","2"
"突厥义成公主","1","1","2"
"弘农郡华阴人","1","1","2"
"大象二年五月","1","1","2"
"上柱国元景山","1","1","2"
"湘州刺史施文","1","1","2"
"州刺史施文庆","1","1","2"
"散骑常侍沈客","1","1","2"
"骑常侍沈客卿","1","1","2"
"尚书都令史暨","1","1","2"
"书都令史暨慧","1","1","2"
"将军宇文述等","1","1","2"
"巳国公宇文忻","1","1","2"
"舒国公刘昉等","1","1","2"
"绛二州诸军事","1","1","2"
"时上柱国贺若","1","1","2"
"上柱国贺若弼","1","1","2"
"民部尚书斛律","1","1","2"
"部尚书斛律孝","1","1","2"
"尚书斛律孝卿","1","1","2"
"部尚书柳述等","1","1","2"
"令大将军刘仁","1","1","2"
"大将军刘仁恩","1","1","2"
"将军刘仁恩率","1","1","2"
"骁将刘景率劲","1","1","2"
"交州渠帅李佛","1","1","2"
"州渠帅李佛子","1","1","2"
"渠帅李佛子入","1","1","2"
"帅李佛子入朝","1","1","2"
"柱国宇文神举","1","1","2"
"城州刺史熊门","1","1","2"
"州刺史熊门超","1","1","2"
"加授金紫光禄","1","1","2"
"授金紫光禄大","1","1","2"
"咸安县男李德","1","1","2"
"安县男李德林","1","1","2"
"汉安县公韦世","1","1","2"
"安县公韦世康","1","1","2"
"义宁县公元晖","1","1","2"
"昌国县公元岩","1","1","2"
"立王后独孤氏","1","1","2"
"观国公田仁恭","1","1","2"
"武德郡公柳敏","1","1","2"
"济南郡公孙恕","1","1","2"
"亭县公贺若弼","1","1","2"
"新义县公韩擒","1","1","2"
"义县公韩擒虎","1","1","2"
"吏部尚书虞庆","1","1","2"
"瀛州刺史杨尚","1","1","2"
"州刺史杨尚希","1","1","2"
"毛州刺史刘仁","1","1","2"
"信州总管杨素","1","1","2"
"吏部侍郎宇文","1","1","2"
"部侍郎宇文弼","1","1","2"
"宗正少卿杨异","1","1","2"
"尚书右仆射杨","1","1","2"
"书右仆射杨素","1","1","2"
"上柱国宇文述","1","1","2"
"宇文述左卫大","1","1","2"
"文述左卫大将","1","1","2"
"述左卫大将军","1","1","2"
"郭衍左武卫大","1","1","2"
"衍左武卫大将","1","1","2"
"左光禄大夫麦","1","1","2"
"光禄大夫麦铁","1","1","2"
"禄大夫麦铁杖","1","1","2"
"贲郎将钱士雄","1","1","2"
"尚书樊子盖留","1","1","2"
"书樊子盖留守","1","1","2"
"樊子盖留守东","1","1","2"
"子盖留守东都","1","1","2"
"鄱阳人林士弘","1","1","2"
"右屯卫将军宇","1","1","2"
"屯卫将军宇文","1","1","2"
"卫将军宇文化","1","1","2"
"监门直阁裴虔","1","1","2"
"门直阁裴虔通","1","1","2"
"将作少监宇文","1","1","2"
"作少监宇文智","1","1","2"
"武勇郎将赵行","1","1","2"
"勇郎将赵行枢","1","1","2"
"鹰扬郎将孟景","1","1","2"
"千牛左右李孝","1","1","2"
"牛左右李孝本","1","1","2"
"改封经城县公","1","1","2"
"三十二州诸军","1","1","2"
"授仪同大将军","2","0","2"
"赐姓叱吕引氏","1","1","2"
"扬州总管四十","1","1","2"
"州总管四十四","1","1","2"
"总管四十四州","1","1","2"
"管四十四州诸","1","1","2"
"四十四州诸军","1","1","2"
"灵朔道行军元","1","1","2"
"朔道行军元帅","1","1","2"
"文集十三卷行","1","1","2"
"周开府仪同三","1","1","2"
"熊绛二州刺史","1","1","2"
"左前军勇猛中","1","1","2"
"前军勇猛中大","1","1","2"
"军勇猛中大夫","1","1","2"
"段谐等二万人","1","1","2"
"扬州总管长史","1","1","2"
"右中军熊渠中","1","1","2"
"中军熊渠中大","1","1","2"
"军熊渠中大夫","1","1","2"
"黄州兵三千五","1","1","2"
"州兵三千五百","1","1","2"
"兵三千五百人","1","1","2"
"小内史下大夫","1","1","2"
"三十六科鬼神","1","1","2"
"十六科鬼神感","1","1","2"
"六科鬼神感应","1","1","2"
"科鬼神感应等","1","1","2"
"鬼神感应等大","1","1","2"
"神感应等大义","1","1","2"
"一百四十二卷","1","1","2"
"白天出现太白","0","2","2"
"天出现太白星","0","2","2"
"化很少传播到","0","2","2"
"这才符合朕的","0","2","2"
"才符合朕的心","0","2","2"
"家人没官为奴","0","2","2"
"登基前的朋友","0","2","2"
"酒杯为高祖祝","0","2","2"
"杯为高祖祝寿","0","2","2"
"事情已经这样","0","2","2"
"没有敢说话的","0","2","2"
"我的糊涂想法","0","2","2"
"有关部门为他","0","2","2"
"关部门为他修","0","2","2"
"炀帝听了他的","0","2","2"
"文帝看了非常","0","2","2"
"帝看了非常高","0","2","2"
"看了非常高兴","0","2","2"
"当时国家多事","0","2","2"
"没有加以详细","0","2","2"
"派使者到隋朝","0","2","2"
"司马德戡知道","0","2","2"
"赐他姓普六茹","0","2","2"
"深深地隐藏自","0","2","2"
"深地隐藏自己","0","2","2"
"以赵王宇文招","0","2","2"
"雍州牧毕王宇","0","2","2"
"州牧毕王宇文","0","2","2"
"牧毕王宇文贤","0","2","2"
"谋划造反作乱","0","2","2"
"韦孝宽在相州","0","2","2"
"孝宽在相州打","0","2","2"
"宽在相州打败","0","2","2"
"在相州打败尉","0","2","2"
"相州打败尉迟","0","2","2"
"州打败尉迟迥","0","2","2"
"的首级传到京","0","2","2"
"尉迟迥作乱时","0","2","2"
"等到平定尉迟","0","2","2"
"到平定尉迟迥","0","2","2"
"平定尉迟迥后","0","2","2"
"高祖杀了赵王","0","2","2"
"地位在诸侯王","0","2","2"
"位在诸侯王之","0","2","2"
"在诸侯王之上","0","2","2"
"其余官职不变","0","2","2"
"巡幸安成长公","0","2","2"
"安成长公主府","0","2","2"
"成长公主府第","0","2","2"
"晋王杨广为尚","0","2","2"
"王杨广为尚书","0","2","2"
"杨广为尚书令","0","2","2"
"任命秦王杨俊","0","2","2"
"命秦王杨俊为","0","2","2"
"秦王杨俊为尚","0","2","2"
"王杨俊为尚书","0","2","2"
"杨俊为尚书令","0","2","2"
"任命蜀王杨秀","0","2","2"
"命蜀王杨秀为","0","2","2"
"都派遣使者上","0","2","2"
"为左武卫大将","0","2","2"
"为左武侯大将","0","2","2"
"左武侯大将军","0","2","2"
"上柱国李充在","0","2","2"
"刺史皇甫绩为","0","2","2"
"任命上柱国叱","0","2","2"
"命上柱国叱李","0","2","2"
"国叱李长叉为","0","2","2"
"入新都大兴城","0","2","2"
"突厥侵犯边境","0","2","2"
"任命上柱国达","0","2","2"
"命上柱国达奚","0","2","2"
"国达奚长儒为","0","2","2"
"祖任命尚书右","0","2","2"
"兼散骑常侍薛","0","2","2"
"吐谷浑的军队","0","2","2"
"河间王杨弘为","0","2","2"
"高祖任命豫州","0","2","2"
"祖任命豫州刺","0","2","2"
"四年正月初一","0","2","2"
"男女一万多人","0","2","2"
"十五岁以上的","0","2","2"
"任命上大将军","0","2","2"
"派遣十位使臣","0","2","2"
"祖亲自讯视囚","0","2","2"
"子干为云州总","0","2","2"
"干为云州总管","0","2","2"
"任命尚书左仆","0","2","2"
"命尚书左仆射","0","2","2"
"书左仆射高赹","0","2","2"
"任命上柱国宇","0","2","2"
"命上柱国宇文","0","2","2"
"钵略可汗派遣","0","2","2"
"派遣民部尚书","0","2","2"
"高祖巡幸栗园","0","2","2"
"高祖从栗园归","0","2","2"
"杨素为信州总","0","2","2"
"素为信州总管","0","2","2"
"总管吐万绪为","0","2","2"
"源雄为朔州总","0","2","2"
"雄为朔州总管","0","2","2"
"晋王杨广来朝","0","2","2"
"十二月二十五","0","2","2"
"二月二十五日","0","2","2"
"任命上柱国崔","0","2","2"
"命上柱国崔弘","0","2","2"
"柱国崔弘度为","0","2","2"
"派遣散骑常侍","0","2","2"
"刺史段文振为","0","2","2"
"杨勇镇守洛阳","0","2","2"
"成阝国公梁士","0","2","2"
"阝国公梁士彦","0","2","2"
"任命民部尚书","0","2","2"
"部尚书苏威为","0","2","2"
"任命怀州刺史","0","2","2"
"梁国国君萧琮","0","2","2"
"高祖设宴款待","0","2","2"
"晋王杨广指挥","0","2","2"
"任命吏部尚书","0","2","2"
"州总管杨素为","0","2","2"
"高祖任命皇孙","0","2","2"
"祖任命皇孙杨","0","2","2"
"年正月十四日","0","2","2"
"吐谷浑派遣使","0","2","2"
"谷浑派遣使者","0","2","2"
"高祖任命大将","0","2","2"
"祖任命大将军","0","2","2"
"州总管周摇为","0","2","2"
"任命朔州总管","0","2","2"
"任命柱国杜彦","0","2","2"
"命柱国杜彦为","0","2","2"
"十二年正月初","0","2","2"
"皇甫绩为信州","0","2","2"
"甫绩为信州总","0","2","2"
"绩为信州总管","0","2","2"
"高祖巡幸昆明","0","2","2"
"祖巡幸昆明池","0","2","2"
"任命工部尚书","0","2","2"
"命工部尚书杨","0","2","2"
"高祖在南郊祭","0","2","2"
"祖在南郊祭祀","0","2","2"
"十三年正月初","0","2","2"
"任命信州总管","0","2","2"
"高祖祭祀泰山","0","2","2"
"以上官员的妻","0","2","2"
"九月二十一日","0","2","2"
"祖从仁寿宫回","0","2","2"
"并州总管长史","0","2","2"
"达头可汗侵犯","0","2","2"
"头可汗侵犯边","0","2","2"
"高祖派遣行军","0","2","2"
"祖派遣行军总","0","2","2"
"任命豫章王杨","0","2","2"
"命豫章王杨日","0","2","2"
"豫章王杨日柬","0","2","2"
"章王杨日柬为","0","2","2"
"弼为吴州总管","0","2","2"
"祖从仁寿宫还","0","2","2"
"立晋王杨广为","0","2","2"
"晋王杨广为皇","0","2","2"
"王杨广为皇太","0","2","2"
"杨广为皇太子","0","2","2"
"元年正月初一","0","2","2"
"令尚书左仆射","0","2","2"
"阵亡将士的家","0","2","2"
"容貌仪表很美","0","2","2"
"他为并州总管","0","2","2"
"卫将军来护儿","0","2","2"
"将军来护儿为","0","2","2"
"巡视各地风俗","0","2","2"
"宇文弼为刑部","0","2","2"
"文弼为刑部尚","0","2","2"
"弼为刑部尚书","0","2","2"
"仆射杨素为尚","0","2","2"
"射杨素为尚书","0","2","2"
"杨素为尚书令","0","2","2"
"令尚书令杨素","0","2","2"
"黄河以南各郡","0","2","2"
"荧惑星进入太","0","2","2"
"惑星进入太微","0","2","2"
"星进入太微星","0","2","2"
"安德王杨雄为","0","2","2"
"杨雄为太子太","0","2","2"
"雄为太子太傅","0","2","2"
"品以上的供给","0","2","2"
"船只首尾相接","0","2","2"
"内免除徭役三","0","2","2"
"免除徭役三年","0","2","2"
"三品以上官员","0","2","2"
"安抚黄河以北","0","2","2"
"抚黄河以北地","0","2","2"
"有德有才的人","0","2","2"
"是立身的基础","0","2","2"
"据各自的才能","0","2","2"
"启民可汗派遣","0","2","2"
"文献典籍散失","0","2","2"
"高祖文皇帝承","0","2","2"
"祖文皇帝承受","0","2","2"
"等国都派使臣","0","2","2"
"都派使臣来贡","0","2","2"
"派使臣来贡献","0","2","2"
"使臣来贡献土","0","2","2"
"臣来贡献土产","0","2","2"
"启民及其部落","0","2","2"
"余万人修筑长","0","2","2"
"黄河北部各郡","0","2","2"
"为右侯卫大将","0","2","2"
"为左屯卫大将","0","2","2"
"八月二十一日","0","2","2"
"前来贡献土产","0","2","2"
"在武德殿宴请","0","2","2"
"高昌王曲伯雅","0","2","2"
"前来朝见天子","0","2","2"
"有三十多个国","0","2","2"
"三十多个国家","0","2","2"
"给予优厚的待","0","2","2"
"予优厚的待遇","0","2","2"
"现在天下太平","0","2","2"
"部尚书牛弘去","0","2","2"
"克敌制胜的谋","0","2","2"
"敌制胜的谋略","0","2","2"
"运送物资的人","0","2","2"
"那还有什么不","0","2","2"
"还有什么不可","0","2","2"
"由于这个原因","0","2","2"
"大肆掳掠后离","0","2","2"
"肆掳掠后离去","0","2","2"
"宇文述等人的","0","2","2"
"侍郎斛斯政逃","0","2","2"
"虎贲郎将费青","0","2","2"
"建立基业的地","0","2","2"
"立基业的地方","0","2","2"
"死罪以下犯人","0","2","2"
"率兵打败了他","0","2","2"
"帅司马长安攻","0","2","2"
"司马长安攻破","0","2","2"
"俘虏男女数千","0","2","2"
"虏男女数千人","0","2","2"
"领数十万骑兵","0","2","2"
"骑兵突围出去","0","2","2"
"聚众万余人当","0","2","2"
"众万余人当强","0","2","2"
"万余人当强盗","0","2","2"
"卫将军皇甫无","0","2","2"
"将军皇甫无逸","0","2","2"
"卫大将军来护","0","2","2"
"大将军来护儿","0","2","2"
"虎贲郎将刘长","0","2","2"
"虎贲郎将高毗","0","2","2"
"杨勇立杨广的","0","2","2"
"不知犯了什么","0","2","2"
"恕他十次死罪","0","2","2"
"加食邑一千户","0","2","2"
"增加食邑三千","0","2","2"
"加食邑三千户","0","2","2"
"因此免于一死","0","2","2"
"当时无人可比","0","2","2"
"皇上下诏派遣","0","2","2"
"授他为瀛州刺","0","2","2"
"他为瀛州刺史","0","2","2"
"高祖十分高兴","0","2","2"
"晋王杨广被立","0","2","2"
"王杨广被立为","0","2","2"
"于是派武贲郎","0","2","2"
"是派武贲郎将","0","2","2"
"无论年龄大小","0","2","2"
"武帝巡幸云阳","0","2","2"
"帝巡幸云阳宫","0","2","2"
"累功升任英果","0","2","2"
"功升任英果中","0","2","2"
"升任英果中大","0","2","2"
"任英果中大夫","0","2","2"
"诸将行动不一","0","2","2"
"秘密告诉高祖","0","2","2"
"赏赐布帛上千","0","2","2"
"杜阳水灌溉三","0","2","2"
"阳水灌溉三原","0","2","2"
"任检校襄州总","0","2","2"
"因为他的父亲","0","2","2"
"增加食邑到二","0","2","2"
"加食邑到二千","0","2","2"
"知道难免一死","0","2","2"
"朝廷追赠他为","0","2","2"
"每天都有数以","0","2","2"
"天都有数以百","0","2","2"
"都有数以百计","0","2","2"
"有数以百计的","0","2","2"
"以本官身份在","0","2","2"
"跟随炀帝征讨","0","2","2"
"随炀帝征讨高","0","2","2"
"炀帝征讨高丽","0","2","2"
"在黎阳督运粮","0","2","2"
"黎阳督运粮草","0","2","2"
"他的妻子宇文","0","2","2"
"王宇文宪在洛","0","2","2"
"宇文宪在洛阳","0","2","2"
"每次作战都有","0","2","2"
"次作战都有战","0","2","2"
"作战都有战功","0","2","2"
"引他拜见皇上","0","2","2"
"北周宣帝继位","0","2","2"
"正中大夫颜之","0","2","2"
"中大夫颜之仪","0","2","2"
"于是听了他的","0","2","2"
"韦孝宽讨伐他","0","2","2"
"的恩宠和礼遇","0","2","2"
"宇文忻和刘昉","0","2","2"
"到了如此地步","0","2","2"
"的妻妾及家产","0","2","2"
"帝亲总万机后","0","2","2"
"是皇上的爱子","0","2","2"
"这就是周宣帝","0","2","2"
"出入于高祖卧","0","2","2"
"入于高祖卧室","0","2","2"
"于高祖卧室之","0","2","2"
"高祖卧室之内","0","2","2"
"等人造反作乱","0","2","2"
"儿子郑元王寿","0","2","2"
"大隋受命以来","0","2","2"
"年少时就很聪","0","2","2"
"少时就很聪明","0","2","2"
"封为昌乐县公","0","2","2"
"尉迟迥反叛时","0","2","2"
"岁就成了孤儿","0","2","2"
"任内史中大夫","0","2","2"
"继而授他为都","0","2","2"
"等人在江南造","0","2","2"
"人在江南造反","0","2","2"
"有诏调他回京","0","2","2"
"时年五十二岁","0","2","2"
"当时隋高祖为","0","2","2"
"高祖深以为然","0","2","2"
"采纳了他的建","0","2","2"
"纳了他的建议","0","2","2"
"他为行军总管","0","2","2"
"把他调回京师","0","2","2"
"常对所亲近的","0","2","2"
"对所亲近的人","0","2","2"
"所亲近的人说","0","2","2"
"武帝讨伐北齐","0","2","2"
"等到周武帝攻","0","2","2"
"等到平定北齐","0","2","2"
"逼近东都洛阳","0","2","2"
"跟随武帝讨伐","0","2","2"
"授他为相州刺","0","2","2"
"他为相州刺史","0","2","2"
"等到高祖受北","0","2","2"
"交有关部门治","0","2","2"
"有关部门治罪","0","2","2"
"皇上对他的恩","0","2","2"
"高祖任北周丞","0","2","2"
"祖任北周丞相","0","2","2"
"当时吐谷浑进","0","2","2"
"时吐谷浑进犯","0","2","2"
"吐谷浑进犯凉","0","2","2"
"谷浑进犯凉州","0","2","2"
"很符合我的心","0","2","2"
"皇上下令调查","0","2","2"
"有关部门上奏","0","2","2"
"当时广平王杨","0","2","2"
"时广平王杨雄","0","2","2"
"随韦孝宽讨伐","0","2","2"
"因功升任柱国","0","2","2"
"天下出精兵的","0","2","2"
"下出精兵的地","0","2","2"
"有胆略有气概","0","2","2"
"他为尚书右仆","0","2","2"
"庆则出使突厥","0","2","2"
"他的第二个儿","0","2","2"
"高祖对群臣说","0","2","2"
"皇上派人调查","0","2","2"
"是河南洛阳人","0","2","2"
"的两个儿子宇","0","2","2"
"两个儿子宇文","0","2","2"
"有什么不好的","0","2","2"
"这样做了几次","0","2","2"
"平定了尉迟迥","0","2","2"
"而不叫他的名","0","2","2"
"不叫他的名字","0","2","2"
"任高颎为元帅","0","2","2"
"高颎为元帅长","0","2","2"
"颎为元帅长史","0","2","2"
"皇上慰劳他说","0","2","2"
"在皇上面前进","0","2","2"
"皇太子杨勇的","0","2","2"
"时皇太子杨勇","0","2","2"
"皇后对皇上说","0","2","2"
"王世积因罪被","0","2","2"
"世积因罪被杀","0","2","2"
"皇上对侍臣们","0","2","2"
"上对侍臣们说","0","2","2"
"修筑长城的劳","0","2","2"
"筑长城的劳役","0","2","2"
"周武帝亲总万","0","2","2"
"苏威为太子少","0","2","2"
"威为太子少保","0","2","2"
"追赠他的父亲","0","2","2"
"赠他的父亲为","0","2","2"
"回头对苏威说","0","2","2"
"不久他又转任","0","2","2"
"转任吏部尚书","0","2","2"
"一起结成朋党","0","2","2"
"授他为太常卿","0","2","2"
"随皇上征讨吐","0","2","2"
"皇上征讨吐谷","0","2","2"
"上征讨吐谷浑","0","2","2"
"升任左光禄大","0","2","2"
"任左光禄大夫","0","2","2"
"后随炀帝到雁","0","2","2"
"随炀帝到雁门","0","2","2"
"陛下是万乘之","0","2","2"
"下是万乘之主","0","2","2"
"李德林年幼时","0","2","2"
"欣赏他的才能","0","2","2"
"李德林被授为","0","2","2"
"为员外散骑侍","0","2","2"
"母亲去世而离","0","2","2"
"亲去世而离职","0","2","2"
"令他与黄门侍","0","2","2"
"他与黄门侍郎","0","2","2"
"被授为仪同三","0","2","2"
"得到麒麟凤凰","0","2","2"
"管理国家大事","0","2","2"
"李德林为内史","0","2","2"
"德林为内史令","0","2","2"
"李德林的父亲","0","2","2"
"下了一道诏书","0","2","2"
"升为开府仪同","0","2","2"
"追赠他父亲为","0","2","2"
"李密占据洛口","0","2","2"
"他妻子对他说","0","2","2"
"元德太子去世","0","2","2"
"因他去世而不","0","2","2"
"就是这个缘故","0","2","2"
"皇太子应当废","0","2","2"
"太子应当废除","0","2","2"
"杨素对皇上说","0","2","2"
"高祖在仁寿宫","0","2","2"
"在伐陈战争中","0","2","2"
"秦王之子杨浩","0","2","2"
"他交给司法部","0","2","2"
"与妻子儿女相","0","2","2"
"华山的慈父圣","0","2","2"
"山的慈父圣母","0","2","2"
"任左卫大将军","0","2","2"
"出京任并州总","0","2","2"
"京任并州总管","0","2","2"
"以杨谅为行军","0","2","2"
"蜀王因罪被废","0","2","2"
"王因罪被废黜","0","2","2"
"华山以东的兵","0","2","2"
"山以东的兵马","0","2","2"
"可指挥而平定","0","2","2"
"派大将军刘建","0","2","2"
"杨素打跑了他","0","2","2"
"杨素进兵包围","0","2","2"
"素进兵包围了","0","2","2"
"进兵包围了他","0","2","2"
"北周太祖任他","0","2","2"
"周太祖任他为","0","2","2"
"太祖任他为相","0","2","2"
"祖任他为相府","0","2","2"
"北周孝闵帝受","0","2","2"
"授他为天官都","0","2","2"
"食邑二千五百","0","2","2"
"皇上巡幸洛阳","0","2","2"
"很读了一些经","0","2","2"
"宇文护召他为","0","2","2"
"文护召他为中","0","2","2"
"护召他为中外","0","2","2"
"召他为中外府","0","2","2"
"晋爵位为郡公","0","2","2"
"出京任蒲州刺","0","2","2"
"京任蒲州刺史","0","2","2"
"为金紫光禄大","0","2","2"
"历任太学博士","0","2","2"
"安抚华山以东","0","2","2"
"尚希为度支尚","0","2","2"
"希为度支尚书","0","2","2"
"高祖看了奏章","0","2","2"
"转任礼部尚书","0","2","2"
"所以能成就其","0","2","2"
"突厥的达头可","0","2","2"
"厥的达头可汗","0","2","2"
"很有能干的名","0","2","2"
"仁寿中在官任","0","2","2"
"寿中在官任上","0","2","2"
"中在官任上去","0","2","2"
"屡屡进犯边塞","0","2","2"
"转任司宪大夫","0","2","2"
"元晖为都官尚","0","2","2"
"晖为都官尚书","0","2","2"
"北周骠骑大将","0","2","2"
"任中外府记室","0","2","2"
"到周武帝亲理","0","2","2"
"帝亲理万机时","0","2","2"
"任河北道行台","0","2","2"
"在刺史任上去","0","2","2"
"加食邑一千二","0","2","2"
"即使只有一点","0","2","2"
"使只有一点点","0","2","2"
"仍旧担任工部","0","2","2"
"旧担任工部尚","0","2","2"
"担任工部尚书","0","2","2"
"升任洪州总管","0","2","2"
"家世世代代都","0","2","2"
"世世代代都是","0","2","2"
"担任北周丞相","0","2","2"
"升为礼部尚书","0","2","2"
"授他为安州总","0","2","2"
"他为安州总管","0","2","2"
"皇上听到消息","0","2","2"
"官至内史舍人","0","2","2"
"小叔父韦孝宽","0","2","2"
"封为武威县公","0","2","2"
"时年五十八岁","0","2","2"
"韦冲率兵打败","0","2","2"
"时年六十六岁","0","2","2"
"不久因父丧离","0","2","2"
"久因父丧离职","0","2","2"
"有远大的志向","0","2","2"
"不是一般的人","0","2","2"
"牛弘志同道合","0","2","2"
"有一副英雄豪","0","2","2"
"一副英雄豪杰","0","2","2"
"副英雄豪杰的","0","2","2"
"为车骑大将军","0","2","2"
"帝又封他的弟","0","2","2"
"又封他的弟弟","0","2","2"
"杨素为行军元","0","2","2"
"素为行军元帅","0","2","2"
"杨素率领水军","0","2","2"
"杨素为荆州总","0","2","2"
"素为荆州总管","0","2","2"
"封他的儿子玄","0","2","2"
"的儿子玄感为","0","2","2"
"加封他的儿子","0","2","2"
"杨素回到京城","0","2","2"
"杨素的儿子玄","0","2","2"
"突厥达头可汗","0","2","2"
"厥达头可汗进","0","2","2"
"达头可汗进犯","0","2","2"
"头可汗进犯边","0","2","2"
"赐给他织物两","0","2","2"
"听了非常高兴","0","2","2"
"点小小的功劳","0","2","2"
"投降的突厥人","0","2","2"
"文献皇后去世","0","2","2"
"高祖驾临仁寿","0","2","2"
"祖驾临仁寿宫","0","2","2"
"杨素依仗自己","0","2","2"
"转任内史下大","0","2","2"
"任内史下大夫","0","2","2"
"采纳了他的意","0","2","2"
"纳了他的意见","0","2","2"
"杨素对牛弘说","0","2","2"
"隋炀帝巡幸江","0","2","2"
"追赠他为开府","0","2","2"
"赠他为开府仪","0","2","2"
"为骠骑大将军","0","2","2"
"府的军中事务","0","2","2"
"亲常对亲近的","0","2","2"
"常对亲近的人","0","2","2"
"对亲近的人说","0","2","2"
"高祖非同常人","0","2","2"
"升他为上大将","0","2","2"
"他为上大将军","0","2","2"
"转任泾州刺史","0","2","2"
"时年五十九岁","0","2","2"
"升任骠骑大将","0","2","2"
"任骠骑大将军","0","2","2"
"庞晃对高祖说","0","2","2"
"转任车骑将军","0","2","2"
"为职方中大夫","0","2","2"
"下令有关部门","0","2","2"
"朝廷以李安为","0","2","2"
"于是病重而死","0","2","2"
"应该明白我的","0","2","2"
"明白我的意思","0","2","2"
"功拜授仪同三","0","2","2"
"授他内史舍人","0","2","2"
"时年六十二岁","0","2","2"
"女嫁给他为妻","0","2","2"
"的弟弟处罗侯","0","2","2"
"长孙晟出使突","0","2","2"
"孙晟出使突厥","0","2","2"
"朝廷派长孙晟","0","2","2"
"请长孙晟上奏","0","2","2"
"朝廷又派长孙","0","2","2"
"廷又派长孙晟","0","2","2"
"长孙晟又上奏","0","2","2"
"孙晟又上奏说","0","2","2"
"男女人口一万","0","2","2"
"女人口一万多","0","2","2"
"皇上都听从了","0","2","2"
"任右骁卫将军","0","2","2"
"锐的骑兵五百","0","2","2"
"的骑兵五百人","0","2","2"
"迎接并慰劳他","0","2","2"
"升任车骑大将","0","2","2"
"增加食邑三百","0","2","2"
"加食邑三百户","0","2","2"
"突厥的沙钵略","0","2","2"
"厥的沙钵略可","0","2","2"
"的沙钵略可汗","0","2","2"
"尉迟迥造反作","0","2","2"
"迟迥造反作乱","0","2","2"
"与宇文述等人","0","2","2"
"突厥人又进犯","0","2","2"
"厥人又进犯边","0","2","2"
"人又进犯边塞","0","2","2"
"时吐谷浑又进","0","2","2"
"吐谷浑又进犯","0","2","2"
"什么可担心的","0","2","2"
"没有不心悦诚","0","2","2"
"有不心悦诚服","0","2","2"
"不心悦诚服的","0","2","2"
"万岁任行军总","0","2","2"
"岁任行军总管","0","2","2"
"管晋王府的军","0","2","2"
"宇文护的儿子","0","2","2"
"中山公宇文训","0","2","2"
"周武帝攻占晋","0","2","2"
"每次都当先锋","0","2","2"
"调他当左武卫","0","2","2"
"他当左武卫将","0","2","2"
"当左武卫将军","0","2","2"
"晋王杨广转而","0","2","2"
"王杨广转而镇","0","2","2"
"杨广转而镇守","0","2","2"
"为扬州总管司","0","2","2"
"北周陈王宇文","0","2","2"
"周陈王宇文纯","0","2","2"
"转任骠骑将军","0","2","2"
"晋爵位为侯爵","0","2","2"
"他都侃然正色","0","2","2"
"都有能干之名","0","2","2"
"增加食邑六百","0","2","2"
"加食邑六百户","0","2","2"
"以行军长史身","0","2","2"
"行军长史身份","0","2","2"
"军长史身份随","0","2","2"
"后以本官身份","0","2","2"
"皇上很信任他","0","2","2"
"升任刑部尚书","0","2","2"
"汉王杨谅在并","0","2","2"
"王杨谅在并州","0","2","2"
"随武帝平定北","0","2","2"
"采一千五百段","0","2","2"
"奴婢一百五十","0","2","2"
"婢一百五十口","0","2","2"
"司马消难投奔","0","2","2"
"马消难投奔陈","0","2","2"
"消难投奔陈国","0","2","2"
"转任吏部侍郎","0","2","2"
"他当刑部尚书","0","2","2"
"持节巡视黄河","0","2","2"
"节巡视黄河以","0","2","2"
"巡视黄河以北","0","2","2"
"历任职务都很","0","2","2"
"子之位的计谋","0","2","2"
"设置文武百官","0","2","2"
"晋王为皇太子","0","2","2"
"王为皇太子后","0","2","2"
"任给事黄门侍","0","2","2"
"炀帝到汾阳宫","0","2","2"
"是弘农郡华阴","0","2","2"
"当时人都称赞","0","2","2"
"时人都称赞他","0","2","2"
"为银青光禄大","0","2","2"
"推举越王杨侗","0","2","2"
"举越王杨侗为","0","2","2"
"历任太子舍人","0","2","2"
"写了一首五言","0","2","2"
"了一首五言诗","0","2","2"
"待诏于文林馆","0","2","2"
"高兴地采纳了","0","2","2"
"他兼任散骑常","0","2","2"
"兼任散骑常侍","0","2","2"
"接待陈国使者","0","2","2"
"他渐渐被亲近","0","2","2"
"在内史省值班","0","2","2"
"有人持戟站岗","0","2","2"
"于是提拔他当","0","2","2"
"因此让他出京","0","2","2"
"此让他出京任","0","2","2"
"代理民部尚书","0","2","2"
"于是派使者来","0","2","2"
"是派使者来请","0","2","2"
"使者来请求投","0","2","2"
"者来请求投降","0","2","2"
"授李密为太尉","0","2","2"
"抵抗宇文化及","0","2","2"
"谋划杀王世充","0","2","2"
"王世充称帝后","0","2","2"
"随炀帝到榆林","0","2","2"
"任御正下大夫","0","2","2"
"因功被授为开","0","2","2"
"功被授为开府","0","2","2"
"他的部下会自","0","2","2"
"的部下会自动","0","2","2"
"让于仲文率兵","0","2","2"
"皇上嘉奖他的","0","2","2"
"接受他们投降","0","2","2"
"总管身份讨伐","0","2","2"
"管身份讨伐他","0","2","2"
"身份讨伐他们","0","2","2"
"放了乙支文德","0","2","2"
"随韦孝宽经略","0","2","2"
"周武帝在晋州","0","2","2"
"武帝十分高兴","0","2","2"
"被加授上开府","0","2","2"
"令他复职管事","0","2","2"
"段文振以行军","0","2","2"
"文振以行军总","0","2","2"
"振以行军总管","0","2","2"
"把吐谷浑国主","0","2","2"
"功升任右光禄","0","2","2"
"升任右光禄大","0","2","2"
"超过了同辈人","0","2","2"
"小时就很骁勇","0","2","2"
"以本官身份当","0","2","2"
"朝廷越级提拔","0","2","2"
"廷越级提拔他","0","2","2"
"级提拔他当上","0","2","2"
"提拔他当上柱","0","2","2"
"拔他当上柱国","0","2","2"
"文述的部队快","0","2","2"
"述的部队快到","0","2","2"
"的部队快到了","0","2","2"
"王杨广镇守扬","0","2","2"
"杨广镇守扬州","0","2","2"
"这是为什么呢","0","2","2"
"宇文述的儿子","0","2","2"
"宇文士及娶南","0","2","2"
"文士及娶南阳","0","2","2"
"士及娶南阳公","0","2","2"
"及娶南阳公主","0","2","2"
"斩首三千多级","0","2","2"
"给司法部门处","0","2","2"
"碰上杨玄感作","0","2","2"
"上杨玄感作乱","0","2","2"
"儿子宇文化及","0","2","2"
"宇文述因此上","0","2","2"
"文述因此上奏","0","2","2"
"述因此上奏说","0","2","2"
"追赠他为司徒","0","2","2"
"让鸿胪监护丧","0","2","2"
"尉迟迥的儿子","0","2","2"
"又随炀帝征讨","0","2","2"
"随炀帝到江都","0","2","2"
"都感到很惊异","0","2","2"
"的父老乡亲们","0","2","2"
"没有不伤心落","0","2","2"
"有不伤心落泪","0","2","2"
"不伤心落泪的","0","2","2"
"杨秀得罪被废","0","2","2"
"秀得罪被废后","0","2","2"
"一起归顺北周","0","2","2"
"帝亲理万机后","0","2","2"
"没有不怕他的","0","2","2"
"他当御史大夫","0","2","2"
"为中外府记室","0","2","2"
"留守京都的官","0","2","2"
"守京都的官员","0","2","2"
"每到正月十五","0","2","2"
"到正月十五日","0","2","2"
"提升他为员外","0","2","2"
"升他为员外散","0","2","2"
"他为员外散骑","0","2","2"
"杨素上奏说柳","0","2","2"
"素上奏说柳彧","0","2","2"
"皇上非常高兴","0","2","2"
"在江南造反作","0","2","2"
"江南造反作乱","0","2","2"
"他缣采三百段","0","2","2"
"帝平定北齐后","0","2","2"
"授为民部尚书","0","2","2"
"辽东战争开始","0","2","2"
"东战争开始后","0","2","2"
"来护儿的援兵","0","2","2"
"勇士注重防身","0","2","2"
"炀帝被突厥人","0","2","2"
"帝被突厥人包","0","2","2"
"惭愧于你的大","0","2","2"
"让我当了太子","0","2","2"
"炀帝赐他奴婢","0","2","2"
"也不足以表彰","0","2","2"
"不足以表彰他","0","2","2"
"思恩的随从骑","0","2","2"
"恩的随从骑兵","0","2","2"
"炀帝征讨辽东","0","2","2"
"缣纟采二千匹","0","2","2"
"他缣纟采五百","0","2","2"
"缣纟采五百段","0","2","2"
"授他为右光禄","0","2","2"
"他为右光禄大","0","2","2"
"缣纟采三百段","0","2","2"
"升任金紫光禄","0","2","2"
"任金紫光禄大","0","2","2"
"他缣纟采三千","0","2","2"
"任治书侍御史","0","2","2"
"缣纟采二千段","0","2","2"
"天下人才不能","0","2","2"
"下人才不能与","0","2","2"
"人才不能与你","0","2","2"
"才不能与你争","0","2","2"
"录附市籍充公","0","2","2"
"盗贼一天比一","0","2","2"
"贼一天比一天","0","2","2"
"一天比一天厉","0","2","2"
"天比一天厉害","0","2","2"
"世基知道炀帝","0","2","2"
"知道炀帝厌恶","0","2","2"
"得到的宠爱超","0","2","2"
"到的宠爱超过","0","2","2"
"的宠爱超过了","0","2","2"
"黄河以西地区","0","2","2"
"最后到达西海","0","2","2"
"凭借国家的威","0","2","2"
"又命令裴矩前","0","2","2"
"命令裴矩前往","0","2","2"
"在伊吾建造城","0","2","2"
"伊吾建造城市","0","2","2"
"裴矩回到朝廷","0","2","2"
"炀帝非常高兴","0","2","2"
"矩随从炀帝到","0","2","2"
"于是上奏皇上","0","2","2"
"跟从炀帝的骁","0","2","2"
"从炀帝的骁勇","0","2","2"
"冬至日影一丈","0","2","2"
"至日影一丈二","0","2","2"
"自此一天天变","0","2","2"
"此一天天变短","0","2","2"
"日影长一尺四","0","2","2"
"影长一尺四寸","0","2","2"
"至日影的长度","0","2","2"
"日影的长度比","0","2","2"
"影的长度比以","0","2","2"
"的长度比以前","0","2","2"
"长度比以前短","0","2","2"
"度比以前短了","0","2","2"
"平年代太阳在","0","2","2"
"是十一月庚戌","0","2","2"
"连续两颗大流","0","2","2"
"续两颗大流星","0","2","2"
"都被王世充所","0","2","2"
"结为生死之交","0","2","2"
"听从了他的意","0","2","2"
"从了他的意见","0","2","2"
"翟让的哥哥翟","0","2","2"
"让的哥哥翟宽","0","2","2"
"与李密在童山","0","2","2"
"王世充的部队","0","2","2"
"转任尚书左丞","0","2","2"
"武帝平定齐国","0","2","2"
"周武帝平定齐","0","2","2"
"弘度为行军总","0","2","2"
"度为行军总管","0","2","2"
"军总管身份出","0","2","2"
"征求大家的意","0","2","2"
"求大家的意见","0","2","2"
"气进一步扩展","0","2","2"
"乐于是产生了","0","2","2"
"就没有不和睦","0","2","2"
"不可和他谈礼","0","2","2"
"可和他谈礼乐","0","2","2"
"是什么原因呢","0","2","2"
"为什么要这样","0","2","2"
"在二月甲子日","0","2","2"
"高祖对季才说","0","2","2"
"儿子侍奉齐王","0","2","2"
"太阳运动速度","0","2","2"
"一百八十二天","0","2","2"
"百八十二天运","0","2","2"
"八十二天运行","0","2","2"
"十二天运行一","0","2","2"
"二天运行一百","0","2","2"
"天运行一百七","0","2","2"
"运行一百七十","0","2","2"
"胄玄经过长期","0","2","2"
"玄经过长期观","0","2","2"
"经过长期观测","0","2","2"
"过长期观测积","0","2","2"
"平均在早晨出","0","2","2"
"均在早晨出现","0","2","2"
"在早晨出现在","0","2","2"
"完全遮掩住太","0","2","2"
"全遮掩住太阳","0","2","2"
"我们的国君将","0","2","2"
"领军队侵入氵","0","2","2"
"军队侵入氵赣","0","2","2"
"队侵入氵赣石","0","2","2"
"使者前来朝廷","0","2","2"
"度地稽带领他","0","2","2"
"地稽带领他的","0","2","2"
"运行十三日有","0","2","2"
"行十三日有奇","0","2","2"
"十三日有奇而","0","2","2"
