"N-gram","原文","翻译","Total"
"派使者前来","0","224","224"
"北院枢密使","103","108","211"
"南院枢密使","95","96","191"
"年春正月初","0","140","140"
"行宫都部署","62","62","124"
"院枢密使事","54","56","110"
"使者前来进","0","100","100"
"者前来进贡","0","95","95"
"西北路招讨","44","44","88"
"西南面招讨","39","39","78"
"知北院枢密","39","39","78"
"北路招讨使","37","37","74"
"知枢密院事","31","30","61"
"汉人行宫都","30","30","60"
"人行宫都部","30","30","60"
"门下平章事","29","29","58"
"定军节度使","28","28","56"
"德军节度使","27","27","54"
"南面招讨使","26","28","54"
"武定军节度","27","27","54"
"义军节度使","26","26","52"
"契丹行宫都","26","26","52"
"丹行宫都部","26","26","52"
"院枢密副使","28","24","52"
"知南院枢密","26","25","51"
"冬十月初一","0","51","51"
"春正月初一","0","51","51"
"二年春正月","23","23","46"
"青牛白马祭","23","23","46"
"北院枢密副","24","21","45"
"三年春正月","21","23","44"
"五年春正月","22","22","44"
"枢密直学士","22","22","44"
"四年春正月","21","22","43"
"节度使耶律","20","20","40"
"辽兴军节度","20","20","40"
"兴军节度使","20","20","40"
"枢密使耶律","20","20","40"
"同知枢密院","20","20","40"
"院大王耶律","17","22","39"
"秋七月初一","0","39","39"
"为北院枢密","0","39","39"
"七年春正月","19","19","38"
"北府宰相萧","18","20","38"
"殿前都点检","19","19","38"
"奚六部大王","19","19","38"
"夏国派使者","0","38","38"
"九年春正月","18","18","36"
"南京统军使","18","18","36"
"看犯人口供","0","36","36"
"国军节度使","17","17","34"
"院枢密使萧","15","19","34"
"驸马都尉萧","17","17","34"
"国派使者前","0","34","34"
"南府宰相耶","15","18","33"
"府宰相耶律","15","18","33"
"政事门下平","16","17","33"
"事门下平章","16","17","33"
"夏四月初一","0","33","33"
"六年春正月","16","16","32"
"八年春正月","16","16","32"
"月二十一日","0","32","32"
"高丽派使者","0","32","32"
"为南院枢密","0","32","32"
"同政事门下","15","16","31"
"春正月初二","0","31","31"
"武军节度使","15","15","30"
"大同军节度","15","15","30"
"南院宣徽使","15","15","30"
"为北府宰相","0","30","30"
"为南府宰相","0","30","30"
"北院宣徽使","14","15","29"
"十二月初一","0","29","29"
"十一月初一","0","29","29"
"同军节度使","14","14","28"
"皇上歇驾于","0","28","28"
"牛白马祭天","23","4","27"
"为参知政事","0","27","27"
"元年春正月","13","13","26"
"南京留守事","13","13","26"
"女真派使者","0","26","26"
"朝见皇太后","0","26","26"
"丽派使者前","0","26","26"
"白马祭天地","22","3","25"
"燕国王延禧","14","11","25"
"同知南院枢","12","13","25"
"派使者进献","0","25","25"
"京留守耶律","12","12","24"
"右皮室详稳","12","12","24"
"知南京留守","12","12","24"
"驻跸藕丝淀","24","0","24"
"歇驾于藕丝","0","24","24"
"驾于藕丝淀","0","24","24"
"十年春正月","12","11","23"
"月二十二日","0","23","23"
"为南院大王","0","23","23"
"天下兵马大","11","11","22"
"下兵马大元","11","11","22"
"兵马大元帅","11","11","22"
"军节度使萧","11","11","22"
"军节度使耶","11","11","22"
"阿萨兰回鹘","11","11","22"
"同知南京留","11","11","22"
"知右夷离毕","11","11","22"
"察看犯人口","0","22","22"
"祭祀木叶山","0","22","22"
"派使者请求","0","22","22"
"为北院大王","0","22","22"
"黑车子室韦","10","11","21"
"女直遣使贡","21","0","21"
"高丽遣使贡","21","0","21"
"蒲卢毛朵部","11","10","21"
"皇太弟重元","11","10","21"
"月二十三日","0","21","21"
"派使者来进","0","21","21"
"使者来进贡","0","21","21"
"年春正月甲","20","0","20"
"年春正月乙","20","0","20"
"迭剌部夷离","10","10","20"
"剌部夷离堇","10","10","20"
"中书门下平","10","10","20"
"书门下平章","10","10","20"
"使耶律斜轸","10","10","20"
"院枢密使耶","10","10","20"
"北院大王耶","9","11","20"
"顺义军节度","10","10","20"
"同知北院枢","10","10","20"
"乌古敌烈部","10","10","20"
"东北路统军","10","10","20"
"女真前来进","0","20","20"
"真前来进贡","0","20","20"
"铁骊前来进","0","20","20"
"骊前来进贡","0","20","20"
"月二十五日","0","20","20"
"白马祭祀天","0","20","20"
"马祭祀天地","0","20","20"
"同中书门下","10","9","19"
"南院大王耶","8","11","19"
"月二十八日","0","19","19"
"月二十七日","0","19","19"
"阻卜前来进","0","19","19"
"秋七月二十","0","19","19"
"用青牛白马","0","19","19"
"牛白马祭祀","0","19","19"
"为上京留守","0","19","19"
"西南路招讨","9","9","18"
"彰国军节度","9","9","18"
"军都指挥使","9","9","18"
"宁军节度使","9","9","18"
"顺军节度使","9","9","18"
"路招讨使萧","9","9","18"
"古部节度使","9","9","18"
"招讨使耶律","9","9","18"
"枢密使事萧","9","9","18"
"右夷离毕事","9","9","18"
"枢密使事耶","9","9","18"
"密使事耶律","9","9","18"
"回鹘前来进","0","18","18"
"鹘前来进贡","0","18","18"
"拜谒太祖庙","0","18","18"
"卜前来进贡","0","18","18"
"举行再生礼","0","18","18"
"年春正月庚","17","0","17"
"年春正月戊","16","1","17"
"封漆水郡王","11","6","17"
"年春正月辛","17","0","17"
"派使者前往","0","17","17"
"十一月二十","0","17","17"
"月二十六日","0","17","17"
"十二月初三","0","17","17"
"为中京留守","0","17","17"
"年春正月癸","15","1","16"
"年春正月丙","16","0","16"
"海军节度使","8","8","16"
"彰德军节度","8","8","16"
"密使耶律斜","8","8","16"
"开府仪同三","8","8","16"
"府仪同三司","8","8","16"
"东京留守萧","8","8","16"
"长宁军节度","8","8","16"
"夏国遣使贡","16","0","16"
"封兰陵郡王","12","4","16"
"广德军节度","8","8","16"
"乌古部节度","8","8","16"
"枢密副使萧","9","7","16"
"都部署耶律","8","8","16"
"北院枢密事","8","8","16"
"使者前来朝","0","16","16"
"回鹘派使者","0","16","16"
"汉派使者前","0","16","16"
"放榜录进士","0","16","16"
"皇上到混同","0","16","16"
"上到混同江","0","16","16"
"夷离毕耶律","8","7","15"
"夏四月二十","0","15","15"
"德前来进贡","0","15","15"
"春正月初三","0","15","15"
"祝贺千龄节","0","15","15"
"为汉人行宫","0","15","15"
"为武定军节","0","15","15"
"任北院枢密","0","15","15"
"年春正月壬","14","0","14"
"回鹘阿萨兰","7","7","14"
"宣政殿学士","7","7","14"
"回鹘遣使贡","14","0","14"
"枢密副使耶","7","7","14"
"密副使耶律","7","7","14"
"南京副留守","7","7","14"
"左夷离毕萧","7","7","14"
"东北路详稳","7","7","14"
"忠顺军节度","7","7","14"
"行宫副部署","7","7","14"
"南面招讨都","7","7","14"
"面招讨都监","7","7","14"
"宫都部署耶","7","7","14"
"知东京留守","7","7","14"
"查看犯人口","0","14","14"
"年春正月十","0","14","14"
"十二月二十","0","14","14"
"派使者来访","0","14","14"
"月二十四日","0","14","14"
"使者前来告","0","14","14"
"放榜录取进","0","14","14"
"榜录取进士","0","14","14"
"来祝贺千龄","0","14","14"
"年春正月己","13","0","13"
"年春正月丁","13","0","13"
"夏国王李乾","6","7","13"
"国王李乾顺","6","7","13"
"春正月初五","0","13","13"
"鼻骨德前来","0","13","13"
"使者前来祝","0","13","13"
"者前来祝贺","0","13","13"
"使者前来致","0","13","13"
"者前来致谢","0","13","13"
"皇上派使者","0","13","13"
"为西北路招","0","13","13"
"秋七月初七","0","13","13"
"前来祝贺千","0","13","13"
"大元帅尧骨","6","6","12"
"南院夷离堇","6","6","12"
"卢龙军节度","6","6","12"
"龙军节度使","6","6","12"
"十一年春正","6","6","12"
"一年春正月","6","6","12"
"十二年春正","6","6","12"
"临海军节度","6","6","12"
"金吾卫大将","6","6","12"
"吾卫大将军","6","6","12"
"南路招讨使","5","7","12"
"本部夷离堇","6","6","12"
"东京统军使","6","6","12"
"秦王韩匡嗣","6","6","12"
"统军使耶律","6","6","12"
"东京留守耶","6","6","12"
"监门卫上将","6","6","12"
"门卫上将军","6","6","12"
"监门卫大将","6","6","12"
"门卫大将军","6","6","12"
"夏国王李德","6","6","12"
"国王李德昭","6","6","12"
"彰武军节度","6","6","12"
"汉人行宫副","6","6","12"
"人行宫副部","6","6","12"
"北路统军司","6","6","12"
"北路统军使","6","6","12"
"冬十月初二","0","12","12"
"冬十月二十","0","12","12"
"夏四月初三","0","12","12"
"十二月初二","0","12","12"
"月二十九日","0","12","12"
"使者前来报","0","12","12"
"真派使者前","0","12","12"
"派使者前去","0","12","12"
"为南京留守","0","12","12"
"为左夷离毕","0","12","12"
"为右夷离毕","0","12","12"
"来祝贺正旦","0","12","12"
"宰相耶律沙","5","6","11"
"承天皇太后","5","6","11"
"祗候郎君详","5","6","11"
"候郎君详稳","5","6","11"
"知兴中府事","10","1","11"
"秋七月初二","0","11","11"
"使者前来求","0","11","11"
"二月十三日","0","11","11"
"骨德前来进","0","11","11"
"南唐派使者","0","11","11"
"派使者进贡","0","11","11"
"财物各若干","0","11","11"
"为西南面招","0","11","11"
"皇上朝见皇","0","11","11"
"上朝见皇太","0","11","11"
"为驸马都尉","0","11","11"
"为枢密副使","0","11","11"
"前来祝贺正","0","11","11"
"任南院枢密","0","11","11"
"兴中府知府","0","11","11"
"南面招讨司","6","4","10"
"群臣上尊号","7","3","10"
"兴国军节度","5","5","10"
"义武军节度","5","5","10"
"应天皇太后","5","5","10"
"上京留守耶","5","5","10"
"平军节度使","5","5","10"
"十三年春正","5","5","10"
"十四年春正","5","5","10"
"州刺史耶律","5","5","10"
"步军都指挥","5","5","10"
"保静军节度","5","5","10"
"静军节度使","5","5","10"
"特进检校太","5","5","10"
"圣军节度使","5","5","10"
"卫上将军耶","5","5","10"
"上将军耶律","5","5","10"
"贺宋正旦使","8","2","10"
"秦晋国王隆","5","5","10"
"晋国王隆庆","5","5","10"
"阻卜酋长乌","5","5","10"
"卜酋长乌八","5","5","10"
"国舅详稳萧","5","5","10"
"前都点检萧","5","5","10"
"面林牙耶律","5","5","10"
"左皮室详稳","5","5","10"
"府宰相萧孝","5","5","10"
"左祗候郎君","5","5","10"
"吴国王萧孝","5","5","10"
"国王萧孝穆","5","5","10"
"院宣徽使萧","5","5","10"
"燕赵国王洪","5","5","10"
"赵国王洪基","5","5","10"
"枢密使萧革","4","6","10"
"知左夷离毕","5","5","10"
"左夷离毕事","5","5","10"
"东京留守事","5","5","10"
"江军节度使","5","5","10"
"左夷离毕耶","5","5","10"
"知奚六部大","5","5","10"
"六部大王事","5","5","10"
"崇义军节度","5","5","10"
"乌林答赞谟","5","5","10"
"重熙二十一","5","5","10"
"熙二十一年","5","5","10"
"护卫萧忽古","5","5","10"
"同知南院宣","5","5","10"
"知南院宣徽","5","5","10"
"殿前副点检","5","5","10"
"十一月初二","0","10","10"
"夏四月初二","0","10","10"
"后临朝称制","0","10","10"
"派使者奉上","0","10","10"
"为之停止上","0","10","10"
"之停止上朝","0","10","10"
"为契丹行宫","0","10","10"
"十一月初六","0","10","10"
"十一月初四","0","10","10"
"春正月初四","0","10","10"
"为兰陵郡王","0","10","10"
"酋长前来进","0","10","10"
"为奚六部大","0","10","10"
"正旦正副使","0","10","10"
"旦正副使者","0","10","10"
"皇上到秋山","0","10","10"
"谅祚派使者","0","10","10"
"为知北院枢","0","10","10"
"任北院大王","0","10","10"
"臣上尊号曰","7","2","9"
"皇太后上尊","1","8","9"
"夏国王李继","4","5","9"
"国王李继迁","4","5","9"
"遣使谢封册","9","0","9"
"贺宋生辰正","4","5","9"
"北南院枢密","4","5","9"
"夏国李谅祚","5","4","9"
"五国部长贡","9","0","9"
"三韩国公王","4","5","9"
"加同政事门","5","4","9"
"冬十月初八","0","9","9"
"夏四月初四","0","9","9"
"十二月初四","0","9","9"
"古前来进贡","0","9","9"
"秋七月初四","0","9","9"
"分赐给群臣","0","9","9"
"冬十月初七","0","9","9"
"奉上蜡丸书","0","9","9"
"上蜡丸书信","0","9","9"
"夏四月十一","0","9","9"
"四月十一日","0","9","9"
"为翰林学士","0","9","9"
"十二月初七","0","9","9"
"鹘派使者前","0","9","9"
"使者前来感","0","9","9"
"者前来感谢","0","9","9"
"为辽兴军节","0","9","9"
"长前来进贡","0","9","9"
"德昭派使者","0","9","9"
"皇上出猎于","0","9","9"
"皇上到鸭子","0","9","9"
"上到鸭子河","0","9","9"
"部酋长前来","0","9","9"
"为东京留守","0","9","9"
"前来祝贺永","0","9","9"
"来祝贺永寿","0","9","9"
"祝贺永寿节","0","9","9"
"耶律仁先为","0","9","9"
"国王耶律淳","0","9","9"
"河东节度使","4","4","8"
"黑白羊祭天","6","2","8"
"十二月庚辰","8","0","8"
"中台省右相","4","4","8"
"上皇太后尊","7","1","8"
"皇太后尊号","7","1","8"
"遣使奉蜡丸","8","0","8"
"使奉蜡丸书","8","0","8"
"使耶律化哥","4","4","8"
"天平军节度","4","4","8"
"昭德军节度","4","4","8"
"宣武军节度","4","4","8"
"上尊号曰天","5","3","8"
"枢密使高勋","4","4","8"
"大行皇太后","4","4","8"
"南京留守萧","4","4","8"
"兵马都总管","4","4","8"
"十五年春正","4","4","8"
"都点检耶律","4","4","8"
"十七年春正","4","4","8"
"十八年春正","4","4","8"
"十九年春正","4","4","8"
"黄皮室详稳","4","4","8"
"部节度使耶","4","4","8"
"统军使颇德","4","4","8"
"招讨使韩德","4","4","8"
"讨使韩德威","4","4","8"
"天德军节度","4","4","8"
"平章事萧道","4","4","8"
"章事萧道宁","4","4","8"
"太后上尊号","1","7","8"
"枢密使韩德","4","4","8"
"宣徽使耶律","4","4","8"
"枢密使斜轸","4","4","8"
"进检校太师","4","4","8"
"宋将杨继业","4","4","8"
"太宗皇帝庙","4","4","8"
"军节度使韩","4","4","8"
"问安皇太后","8","0","8"
"祗候郎君班","4","4","8"
"候郎君班详","4","4","8"
"郎君班详稳","4","4","8"
"贺宋主生辰","2","6","8"
"皇弟楚国王","4","4","8"
"弟楚国王隆","4","4","8"
"驸马萧绍宗","4","4","8"
"宋正旦使副","8","0","8"
"上京副留守","4","4","8"
"旗鼓拽剌详","4","4","8"
"鼓拽剌详稳","4","4","8"
"宫都部署王","4","4","8"
"充贺宋生辰","8","0","8"
"院枢密使韩","4","4","8"
"贺宋生辰使","6","2","8"
"参知政事吴","4","4","8"
"清暑永安山","8","0","8"
"归义军节度","4","4","8"
"北路招讨司","4","4","8"
"右祗候郎君","4","4","8"
"阻卜大王屯","4","4","8"
"卜大王屯秃","4","4","8"
"大王屯秃古","4","4","8"
"王屯秃古斯","4","4","8"
"知黄龙府事","6","2","8"
"韩国王萧惠","4","4","8"
"路招讨使耶","4","4","8"
"护卫太保耶","4","4","8"
"卫太保耶律","4","4","8"
"王耶律仁先","1","7","8"
"夷离毕事耶","4","4","8"
"离毕事耶律","4","4","8"
"驻跸纳葛泺","8","0","8"
"知南院大王","4","4","8"
"南院大王事","4","4","8"
"古敌烈部都","4","4","8"
"怀化军节度","4","4","8"
"化军节度使","4","4","8"
"静江军节度","4","4","8"
"枢密副使王","4","4","8"
"王耶律乙辛","4","4","8"
"参知政事王","4","4","8"
"翰林学士承","4","4","8"
"林学士承旨","4","4","8"
"补祗候郎君","8","0","8"
"使耶律乙辛","4","4","8"
"命北院枢密","1","7","8"
"淳钦皇后弟","4","4","8"
"听从了他的","0","8","8"
"皇上听从了","0","8","8"
"正月十三日","0","8","8"
"使者前往吊","0","8","8"
"者前往吊唁","0","8","8"
"年春正月二","0","8","8"
"春正月二十","0","8","8"
"国前来进贡","0","8","8"
"真派使者来","0","8","8"
"车驾暂驻于","0","8","8"
"于平地松林","0","8","8"
"者前来报告","0","8","8"
"十一月初十","0","8","8"
"任北府宰相","0","8","8"
"等二人及第","0","8","8"
"国派使者进","0","8","8"
"充任祝贺宋","0","8","8"
"皇上到春水","0","8","8"
"为南京统军","0","8","8"
"李谅祚派使","0","8","8"
"派遣使者前","0","8","8"
"歇驾于纳葛","0","8","8"
"驾于纳葛泊","0","8","8"
"部首领前来","0","8","8"
"首领前来进","0","8","8"
"领前来进贡","0","8","8"
"为祗候郎君","0","8","8"
"讨黑车子室","5","2","7"
"吴越王遣使","7","0","7"
"秋七月辛亥","7","0","7"
"十一月乙未","7","0","7"
"军节度使王","3","4","7"
"南唐遣使奉","7","0","7"
"唐遣使奉蜡","7","0","7"
"猎平地松林","7","0","7"
"秋七月辛丑","7","0","7"
"面招讨使韩","3","4","7"
"太后尊号曰","6","1","7"
"北大王蒲奴","3","4","7"
"大王蒲奴宁","3","4","7"
"南院枢密副","4","3","7"
"王耶律斜轸","3","4","7"
"宋生辰正旦","4","3","7"
"驻跸中会川","7","0","7"
"枢密使萧孝","3","4","7"
"夏国王李谅","3","4","7"
"皇太后称制","7","0","7"
"钦皇后弟阿","4","3","7"
"皇后弟阿古","4","3","7"
"审理积压案","0","7","7"
"理积压案件","0","7","7"
"向皇太后请","0","7","7"
"皇太后请安","0","7","7"
"春正月十三","0","7","7"
"冬十月初四","0","7","7"
"为天下兵马","0","7","7"
"冬十一月十","0","7","7"
"人皇王耶律","0","7","7"
"皇王耶律倍","0","7","7"
"及各国使者","0","7","7"
"乌古前来进","0","7","7"
"十一月初五","0","7","7"
"冬十月初九","0","7","7"
"均派使者前","0","7","7"
"十二月初六","0","7","7"
"再次派使者","0","7","7"
"给皇太后上","0","7","7"
"晋派使者进","0","7","7"
"使者奉上蜡","0","7","7"
"者奉上蜡丸","0","7","7"
"征发诸道兵","0","7","7"
"发诸道兵马","0","7","7"
"二月十四日","0","7","7"
"出巡途中暂","0","7","7"
"猎于平地松","0","7","7"
"十二月初十","0","7","7"
"为漆水郡王","0","7","7"
"二月十七日","0","7","7"
"六月二十一","0","7","7"
"者前来告知","0","7","7"
"前往吊唁祭","0","7","7"
"往吊唁祭祀","0","7","7"
"二月十五日","0","7","7"
"封为兰陵郡","0","7","7"
"国派使者来","0","7","7"
"冬十月初三","0","7","7"
"为知南院枢","0","7","7"
"酋长前来朝","0","7","7"
"出猎于黑岭","0","7","7"
"歇驾于中会","0","7","7"
"驾于中会川","0","7","7"
"以南府宰相","0","7","7"
"耶律乙辛为","0","7","7"
"五国部首领","0","7","7"
"国部首领前","0","7","7"
"以参知政事","0","7","7"
"任南院大王","0","7","7"
"补为祗候郎","0","7","7"
"拜为驸马都","0","7","7"
"任东京留守","0","7","7"
"秋七月乙酉","6","0","6"
"沧州节度使","3","3","6"
"州节度使刘","3","3","6"
"晋王李存勖","3","3","6"
"白羊祭天地","5","1","6"
"冬十月甲子","6","0","6"
"迭烈部夷离","3","3","6"
"烈部夷离堇","3","3","6"
"秋七月壬申","6","0","6"
"夏四月甲寅","6","0","6"
"冬十月丁卯","6","0","6"
"淳钦皇后萧","3","3","6"
"钦皇后萧氏","3","3","6"
"唐义武军节","3","3","6"
"化州节度使","3","3","6"
"唐卢龙军节","3","3","6"
"军节度使赵","3","3","6"
"林牙迪离毕","3","3","6"
"皇太弟李胡","3","3","6"
"上皇帝尊号","6","0","6"
"金吾卫上将","3","3","6"
"吾卫上将军","3","3","6"
"春正月甲戌","6","0","6"
"晋将杜重威","3","3","6"
"皇帝位柩前","6","0","6"
"泰宁王察割","3","3","6"
"太平王罨撒","3","3","6"
"平王罨撒葛","3","3","6"
"政事令耶律","3","3","6"
"留守萧思温","3","3","6"
"夏四月丙戌","6","0","6"
"十六年春正","3","3","6"
"前都点检耶","3","3","6"
"春正月乙酉","6","0","6"
"飞龙使女里","3","3","6"
"院枢密使高","3","3","6"
"枢密使萧思","3","3","6"
"密使萧思温","3","3","6"
"中台省左相","3","3","6"
"涿州刺史耶","3","3","6"
"驸马都尉卢","3","3","6"
"马都尉卢俊","3","3","6"
"命南院大王","1","5","6"
"北院大王奚","3","3","6"
"院大王奚底","3","3","6"
"千牛卫大将","3","3","6"
"牛卫大将军","3","3","6"
"马步军都指","3","3","6"
"燕王韩匡嗣","3","3","6"
"昌军节度使","3","3","6"
"部节度使萧","3","3","6"
"文武大孝宣","3","3","6"
"武大孝宣皇","3","3","6"
"大孝宣皇帝","3","3","6"
"十一月甲午","6","0","6"
"京统军使耶","3","3","6"
"节度使萧闼","3","3","6"
"度使萧闼览","3","3","6"
"武卫大将军","3","3","6"
"定难军节度","3","3","6"
"难军节度使","3","3","6"
"观察处置等","3","3","6"
"察处置等使","3","3","6"
"使耶律颇德","3","3","6"
"漆水郡王耶","3","3","6"
"水郡王耶律","3","3","6"
"奉陵军节度","3","3","6"
"陵军节度使","3","3","6"
"军节度使李","3","3","6"
"京留守萧恒","3","3","6"
"留守萧恒德","3","3","6"
"节度使韩德","3","3","6"
"启圣军节度","3","3","6"
"军节度使刘","3","3","6"
"兀惹乌昭度","3","3","6"
"夏国遣使进","6","0","6"
"朔方军节度","3","3","6"
"方军节度使","3","3","6"
"面招讨司奏","4","2","6"
"京统军使萧","3","3","6"
"统军使萧挞","3","3","6"
"楚国王隆祐","6","0","6"
"西平王李德","3","3","6"
"平王李德昭","3","3","6"
"圣神宣献皇","3","3","6"
"神宣献皇后","3","3","6"
"密直学士高","3","3","6"
"晋国王耶律","2","4","6"
"王耶律室鲁","3","3","6"
"兰陵郡王萧","3","3","6"
"密使耶律化","3","3","6"
"北路招讨都","3","3","6"
"路招讨都监","3","3","6"
"密使耶律世","3","3","6"
"使耶律世良","3","3","6"
"留守耶律八","3","3","6"
"守耶律八哥","3","3","6"
"前北院大王","3","3","6"
"诸行宫都部","3","3","6"
"宫都部署事","3","3","6"
"枢密使萧合","3","3","6"
"密使萧合卓","3","3","6"
"都部署王继","3","3","6"
"部署王继忠","3","3","6"
"宋生辰使副","6","0","6"
"舍利军详稳","3","3","6"
"贺宋太后生","4","2","6"
"知政事吴叔","3","3","6"
"政事吴叔达","3","3","6"
"枢密副使杨","3","3","6"
"信军节度使","3","3","6"
"燕王萧孝穆","3","3","6"
"中山郡王查","3","3","6"
"乐安郡王遂","3","3","6"
"安郡王遂哥","3","3","6"
"参知政事刘","3","3","6"
"军节度使张","3","3","6"
"同知上京留","3","3","6"
"知上京留守","3","3","6"
"匡义军节度","3","3","6"
"长沙郡王谢","3","3","6"
"沙郡王谢家","3","3","6"
"郡王谢家奴","3","3","6"
"京留守萧孝","3","3","6"
"王耶律敌烈","3","3","6"
"知中京留守","3","3","6"
"详稳萧匹敌","3","3","6"
"宫都部署萧","3","3","6"
"耶律高家奴","3","3","6"
"马都尉萧胡","3","3","6"
"都尉萧胡睹","3","3","6"
"面招讨使萧","3","3","6"
"同知北院宣","3","3","6"
"知北院宣徽","3","3","6"
"耶律敌鲁古","3","3","6"
"右护卫太保","3","3","6"
"李谅祚遣使","6","0","6"
"倒塌岭都监","3","3","6"
"孝成康靖皇","3","3","6"
"成康靖皇帝","3","3","6"
"夷离毕萧谟","3","3","6"
"离毕萧谟鲁","3","3","6"
"皇太叔重元","3","3","6"
"倒塌岭节度","3","3","6"
"塌岭节度使","3","3","6"
"楚国王涅鲁","3","3","6"
"国王涅鲁古","3","3","6"
"同知东京留","3","3","6"
"同知点检司","3","3","6"
"知点检司事","3","3","6"
"夏国王李秉","3","3","6"
"国王李秉常","3","3","6"
"乌古敌烈统","3","3","6"
"古敌烈统军","3","3","6"
"敌烈统军使","3","3","6"
"驻跸散水原","6","0","6"
"高丽三韩国","3","3","6"
"丽三韩国公","3","3","6"
"知中丞司事","3","3","6"
"奚六部秃里","3","3","6"
"西北路贫民","3","3","6"
"拔思母二部","3","3","6"
"耶律陈家奴","3","3","6"
"耶律斡特剌","3","3","6"
"西北路统军","3","3","6"
"参知政事赵","3","3","6"
"北面林牙耶","3","3","6"
"耶律大悲奴","3","3","6"
"参知政事牛","3","3","6"
"知政事牛温","3","3","6"
"政事牛温舒","3","3","6"
"南府宰相斡","3","3","6"
"府宰相斡特","3","3","6"
"宰相斡特剌","3","3","6"
"夷离毕事萧","3","3","6"
"事萧药师奴","3","3","6"
"大孝顺圣皇","3","3","6"
"孝顺圣皇帝","3","3","6"
"遣李造福等","4","2","6"
"枢密使萧奉","3","3","6"
"密使萧奉先","3","3","6"
"耶律斡里朵","3","3","6"
"耶律张家奴","3","3","6"
"留守萧保先","3","3","6"
"上京留守萧","3","3","6"
"京留守萧挞","3","3","6"
"遣乌林答赞","3","3","6"
"迁翰林学士","4","2","6"
"枢密院侍御","3","3","6"
"加同中书门","3","3","6"
"密使耶律乙","3","3","6"
"枢密都承旨","3","3","6"
"耶律撒剌等","3","3","6"
"宗皇帝长子","3","3","6"
"知元帅府事","3","3","6"
"院宣徽使事","3","3","6"
"太祖为于越","0","6","6"
"八月十三日","0","6","6"
"五月二十日","0","6","6"
"正月初一朔","0","6","6"
"分别派使者","0","6","6"
"停止上朝三","0","6","6"
"冬十二月初","0","6","6"
"赏赐十分丰","0","6","6"
"赐十分丰厚","0","6","6"
"夏四月初五","0","6","6"
"吴越王派使","0","6","6"
"越王派使者","0","6","6"
"王派使者前","0","6","6"
"遣使者前来","0","6","6"
"春正月初九","0","6","6"
"十一月初八","0","6","6"
"闰十二月初","0","6","6"
"者前来求援","0","6","6"
"十二月十三","0","6","6"
"唐派使者来","0","6","6"
"派使者出使","0","6","6"
"党项前来进","0","6","6"
"项前来进贡","0","6","6"
"部前来进贡","0","6","6"
"秋七月初五","0","6","6"
"皇上下诏令","0","6","6"
"者前来朝贺","0","6","6"
"上党项俘虏","0","6","6"
"秋七月初六","0","6","6"
"五月二十一","0","6","6"
"上派使者前","0","6","6"
"十一月初三","0","6","6"
"以枢密副使","0","6","6"
"汉派使者进","0","6","6"
"者前来朝贡","0","6","6"
"用酒脯祭祀","0","6","6"
"使者前来奏","0","6","6"
"为右皮室详","0","6","6"
"十一月初七","0","6","6"
"任命北院枢","0","6","6"
"出猎于平地","0","6","6"
"宋派使者前","0","6","6"
"遥祭木叶山","0","6","6"
"三月二十七","0","6","6"
"皇上与皇太","0","6","6"
"上与皇太后","0","6","6"
"太后临朝称","0","6","6"
"为枢密直学","0","6","6"
"继迁派使者","0","6","6"
"没有得到允","0","6","6"
"有得到允许","0","6","6"
"录取进士张","0","6","6"
"在炭山避暑","0","6","6"
"昭派使者前","0","6","6"
"楚国王隆佑","0","6","6"
"冬十月初五","0","6","6"
"参知政事兼","0","6","6"
"祝贺宋正旦","0","6","6"
"阻卜酋长前","0","6","6"
"卜酋长前来","0","6","6"
"任命左夷离","0","6","6"
"命左夷离毕","0","6","6"
"冬十月初六","0","6","6"
"为顺义军节","0","6","6"
"的正副使者","0","6","6"
"派使者向宋","0","6","6"
"任命南院枢","0","6","6"
"命南院枢密","0","6","6"
"罪以下犯人","0","6","6"
"者前来告哀","0","6","6"
"为兴中府知","0","6","6"
"拜为南院枢","0","6","6"
"秉常派使者","0","6","6"
"萧挞不也为","0","6","6"
"歇驾于散水","0","6","6"
"驾于散水原","0","6","6"
"以汉人行宫","0","6","6"
"以同知南院","0","6","6"
"以左夷离毕","0","6","6"
"为迭剌部夷","0","6","6"
"任北面林牙","0","6","6"
"春正月庚寅","5","0","5"
"春正月癸酉","5","0","5"
"十一月壬午","5","0","5"
"十二月戊子","4","1","5"
"元年春二月","2","3","5"
"梁遣郎公远","3","2","5"
"夏四月乙巳","5","0","5"
"制契丹大字","3","2","5"
"冬十月辛未","5","0","5"
"十二月癸丑","5","0","5"
"越王遣使贡","5","0","5"
"十一月壬戌","5","0","5"
"皇太后生日","1","4","5"
"谒太祖行宫","3","2","5"
"冬十月乙卯","5","0","5"
"十一月丁亥","5","0","5"
"十一月辛丑","5","0","5"
"十二月乙酉","5","0","5"
"南唐遣使贡","5","0","5"
"冬十月丁未","5","0","5"
"命惕隐耶律","1","4","5"
"夏四月己卯","4","1","5"
"弟李胡率兵","2","3","5"
"冬十月己酉","5","0","5"
"冬十月丙子","5","0","5"
"春正月乙卯","5","0","5"
"十二月甲子","5","0","5"
"命南府宰相","1","4","5"
"封西平郡王","4","1","5"
"秋七月戊午","5","0","5"
"大行皇帝梓","3","2","5"
"行皇帝梓宫","3","2","5"
"群臣上皇帝","5","0","5"
"臣上皇帝尊","5","0","5"
"皇帝尊号曰","5","0","5"
"皇太后行生","5","0","5"
"太后行生礼","5","0","5"
"秋七月甲辰","5","0","5"
"十一月甲戌","5","0","5"
"等州观察处","3","2","5"
"州观察处置","3","2","5"
"春正月辛巳","5","0","5"
"十一月壬辰","5","0","5"
"杂犯死罪下","5","0","5"
"阁门使丁振","2","3","5"
"招讨使萧图","3","2","5"
"讨使萧图玉","3","2","5"
"春正月辛亥","5","0","5"
"伐甘州回鹘","2","3","5"
"皮室详稳耶","2","3","5"
"室详稳耶律","2","3","5"
"加开府仪同","3","2","5"
"命北府宰相","1","4","5"
"成军节度使","3","2","5"
"十一月乙卯","5","0","5"
"赐保节功臣","4","1","5"
"十二月辛丑","5","0","5"
"前南院大王","2","3","5"
"岁正旦使副","5","0","5"
"北院宣徽事","3","2","5"
"国李谅祚遣","5","0","5"
"密副使萧惟","3","2","5"
"副使萧惟信","3","2","5"
"国王李谅祚","3","2","5"
"吐蕃遣使贡","5","0","5"
"文惠孝敬广","2","3","5"
"惠孝敬广爱","2","3","5"
"耶律乙辛知","4","1","5"
"驻跸拖古烈","5","0","5"
"民租赋一年","3","2","5"
"韩国公王勋","2","3","5"
"副部署萧阿","2","3","5"
"部署萧阿鲁","2","3","5"
"署萧阿鲁带","2","3","5"
"路统军司奏","2","3","5"
"遣使请尚公","5","0","5"
"使请尚公主","5","0","5"
"田若水求援","4","1","5"
"淳钦皇后称","3","2","5"
"钦皇后称制","3","2","5"
"加特进检校","3","2","5"
"迁北院大王","4","1","5"
"累迁翰林学","3","2","5"
"迁政事舍人","3","2","5"
"补牌印郎君","5","0","5"
"迁护卫太保","4","1","5"
"南京统军都","2","3","5"
"京统军都监","2","3","5"
"从了他的建","0","5","5"
"了他的建议","0","5","5"
"上听从了他","0","5","5"
"了他的请求","0","5","5"
"二月十一日","0","5","5"
"鬼箭射杀之","0","5","5"
"二月二十一","0","5","5"
"十月初一朔","0","5","5"
"别派使者前","0","5","5"
"皇太后病重","0","5","5"
"十月十二日","0","5","5"
"五月十五日","0","5","5"
"十一月十五","0","5","5"
"一月十五日","0","5","5"
"为兴国军节","0","5","5"
"祭祀太祖庙","0","5","5"
"以皇上生日","0","5","5"
"秋七月十三","0","5","5"
"七月十三日","0","5","5"
"派使者赐给","0","5","5"
"六月十六日","0","5","5"
"使者前来请","0","5","5"
"者前来请求","0","5","5"
"浑前来进贡","0","5","5"
"回头对左右","0","5","5"
"头对左右说","0","5","5"
"在土河钓鱼","0","5","5"
"吐谷浑前来","0","5","5"
"秋七月初九","0","5","5"
"派使者贡献","0","5","5"
"使者出使晋","0","5","5"
"冬十月初十","0","5","5"
"一月二十日","0","5","5"
"派使者祝贺","0","5","5"
"唐派使者奉","0","5","5"
"献上党项俘","0","5","5"
"皇上为之停","0","5","5"
"上为之停止","0","5","5"
"巡途中暂住","0","5","5"
"途中暂住于","0","5","5"
"十二月初五","0","5","5"
"春正月初八","0","5","5"
"冬十一月初","0","5","5"
"兵大肆抢掠","0","5","5"
"物各有等差","0","5","5"
"召集群臣商","0","5","5"
"集群臣商议","0","5","5"
"老人星出现","0","5","5"
"十二月初八","0","5","5"
"夏四月初十","0","5","5"
"为殿前都点","0","5","5"
"耶律敌烈为","0","5","5"
"九月十三日","0","5","5"
"用黑白羊祭","0","5","5"
"二月十八日","0","5","5"
"止上朝三天","0","5","5"
"春正月初六","0","5","5"
"派使者献上","0","5","5"
"真派使者进","0","5","5"
"与宋军交战","0","5","5"
"夏四月初八","0","5","5"
"出猎于赤山","0","5","5"
"皇太后举行","0","5","5"
"太后举行再","0","5","5"
"后举行再生","0","5","5"
"宣徽使蒲领","0","5","5"
"被削夺官职","0","5","5"
"为御史大夫","0","5","5"
"皇上赐给他","0","5","5"
"后上尊号为","0","5","5"
"九月二十六","0","5","5"
"者前来进献","0","5","5"
"的赋税徭役","0","5","5"
"得到皇上允","0","5","5"
"到皇上允许","0","5","5"
"至炭山避暑","0","5","5"
"派使者册封","0","5","5"
"任知北院枢","0","5","5"
"李德昭派使","0","5","5"
"部前来降附","0","5","5"
"十一月十三","0","5","5"
"一月十三日","0","5","5"
"歇驾于中京","0","5","5"
"任命驸马萧","0","5","5"
"讨伐平定之","0","5","5"
"长前来朝见","0","5","5"
"十二月初九","0","5","5"
"为长宁军节","0","5","5"
"给皇上上尊","0","5","5"
"皇上上尊号","0","5","5"
"贺宋正旦正","0","5","5"
"宋正旦正副","0","5","5"
"十七人及第","0","5","5"
"生辰正副使","0","5","5"
"辰正副使者","0","5","5"
"前来祝贺顺","0","5","5"
"来祝贺顺天","0","5","5"
"祝贺顺天节","0","5","5"
"歇驾于辽河","0","5","5"
"皇上到鸳鸯","0","5","5"
"上到鸳鸯泊","0","5","5"
"及来年正旦","0","5","5"
"八月二十五","0","5","5"
"上歇驾于中","0","5","5"
"六月十三日","0","5","5"
"皇上到鱼儿","0","5","5"
"上到鱼儿泊","0","5","5"
"吐蕃派使者","0","5","5"
"蕃派使者前","0","5","5"
"为淳钦皇后","0","5","5"
"兼同知枢密","0","5","5"
"国王和鲁斡","0","5","5"
"王和鲁斡为","0","5","5"
"五国部酋长","0","5","5"
"国部酋长前","0","5","5"
"皇上到春州","0","5","5"
"歇驾于拖古","0","5","5"
"驾于拖古烈","0","5","5"
"临幸鸳鸯泊","0","5","5"
"任汉人行宫","0","5","5"
"宋国派使者","0","5","5"
"耶律慎思为","0","5","5"
"为知右夷离","0","5","5"
"以枢密直学","0","5","5"
"出猎于沙岭","0","5","5"
"以辽兴军节","0","5","5"
"等人前来进","0","5","5"
"为北面林牙","0","5","5"
"魏国王耶律","0","5","5"
"拜为北府宰","0","5","5"
"这是你的第","0","5","5"
"皇太后临朝","0","5","5"
"补为牌印郎","0","5","5"
"为牌印郎君","0","5","5"
"为北院宣徽","0","5","5"
"任南京统军","0","5","5"
"任同知南院","0","5","5"
"派使者向夏","0","5","5"
"大圣大明神","2","2","4"
"圣大明神烈","2","2","4"
"大明神烈天","2","2","4"
"明神烈天皇","2","2","4"
"神烈天皇帝","2","2","4"
"唐河东节度","2","2","4"
"遥辇氏九帐","2","2","4"
"迭烈府夷离","2","2","4"
"烈府夷离堇","2","2","4"
"梁王朱全忠","2","2","4"
"节度使刘守","2","2","4"
"度使刘守文","2","2","4"
"夏四月乙卯","4","0","4"
"安端妻粘睦","2","2","4"
"端妻粘睦姑","2","2","4"
"秋七月壬午","4","0","4"
"冬十月戊寅","4","0","4"
"涅里衮阿钵","2","2","4"
"神册元年春","2","2","4"
"夷离堇耶律","1","3","4"
"夷离堇曷鲁","2","2","4"
"幽州节度使","2","2","4"
"节度使周德","2","2","4"
"度使周德威","2","2","4"
"宰相萧敌鲁","1","3","4"
"冬十月丙午","4","0","4"
"新州防御使","2","2","4"
"夏四月己酉","4","0","4"
"院夷离堇迭","2","2","4"
"夷离堇迭里","2","2","4"
"夏四月甲子","4","0","4"
"纵五坊鹰鹘","4","0","4"
"宰相萧阿古","2","2","4"
"北院夷离堇","2","2","4"
"左大相迭剌","2","2","4"
"母淳钦皇后","4","0","4"
"冬十一月壬","4","0","4"
"惕隐涅里衮","2","2","4"
"春正月壬申","4","0","4"
"冬十月壬寅","4","0","4"
"命大内惕隐","2","2","4"
"十二月戊申","4","0","4"
"龙化州节度","2","2","4"
"夏四月乙未","4","0","4"
"春正月甲子","4","0","4"
"十二月甲寅","4","0","4"
"节度使赵德","2","2","4"
"度使赵德钧","2","2","4"
"夏四月甲戌","4","0","4"
"春正月戊子","4","0","4"
"命皇太弟李","2","2","4"
"夏四月戊午","4","0","4"
"太皇太后崩","2","2","4"
"十二月丁卯","4","0","4"
"冬十月丁亥","4","0","4"
"十二月壬辰","4","0","4"
"春正月戊申","4","0","4"
"斩首数万级","2","2","4"
"春正月丙辰","4","0","4"
"冬十月庚辰","4","0","4"
"同元年春正","2","2","4"
"圣德神功碑","2","2","4"
"西南边大详","2","2","4"
"南边大详稳","2","2","4"
"左散骑常侍","2","2","4"
"仁昭烈崇简","2","2","4"
"昭烈崇简应","2","2","4"
"烈崇简应天","2","2","4"
"崇简应天皇","2","2","4"
"简应天皇太","2","2","4"
"秋七月戊申","4","0","4"
"奚王劳骨宁","2","2","4"
"党项俘获数","4","0","4"
"镇州安重荣","2","2","4"
"控鹤指挥使","2","2","4"
"天城军节度","1","3","4"
"城军节度使","1","3","4"
"六年春二月","2","2","4"
"十一月辛卯","4","0","4"
"博等州节度","2","2","4"
"等州节度使","2","2","4"
"平卢军节度","2","2","4"
"卢军节度使","2","2","4"
"夏四月癸丑","4","0","4"
"度使耶律孔","2","2","4"
"使耶律孔阿","2","2","4"
"诏征诸道兵","4","0","4"
"十二月癸卯","4","0","4"
"春正月庚子","4","0","4"
"云州节度使","2","2","4"
"十一月戊子","4","0","4"
"命御史大夫","1","3","4"
"镇国军节度","2","2","4"
"春正月丁亥","4","0","4"
"枢密副使刘","2","2","4"
"郑州防御使","2","2","4"
"昭义军节度","2","2","4"
"太弟李胡率","2","2","4"
"五院夷离堇","2","2","4"
"置北院枢密","2","2","4"
"大汉神武皇","2","2","4"
"汉神武皇帝","2","2","4"
"孝安敬正皇","2","2","4"
"安敬正皇帝","2","2","4"
"南院大王挞","2","2","4"
"院大王挞烈","2","2","4"
"京留守萧思","2","2","4"
"十二月戊寅","4","0","4"
"宣徽使海思","2","2","4"
"御史大夫萧","2","2","4"
"思北院枢密","4","0","4"
"命南京留守","1","3","4"
"南京留守高","2","2","4"
"京留守高勋","2","2","4"
"冬十月丙申","4","0","4"
"点检耶律夷","2","2","4"
"检耶律夷腊","2","2","4"
"耶律夷腊葛","2","2","4"
"前都点检夷","2","2","4"
"都点检夷腊","2","2","4"
"点检夷腊葛","2","2","4"
"冬十月辛亥","4","0","4"
"司请帝生日","4","0","4"
"右夷离毕奚","2","2","4"
"夏四月丁卯","4","0","4"
"枢密使贤适","2","2","4"
"十一月庚子","4","0","4"
"齐王罨撒葛","2","2","4"
"萨兰回鹘贡","4","0","4"
"保大军节度","2","2","4"
"大军节度使","2","2","4"
"冬十月丁酉","4","0","4"
"加检校太尉","4","0","4"
"望祠木叶山","4","0","4"
"节度使刘继","2","2","4"
"春正月丙寅","4","0","4"
"驻跸沿柳湖","4","0","4"
"乾亨元年春","2","2","4"
"乙室王撒合","2","2","4"
"卫大将军韩","2","2","4"
"使耶律善补","2","2","4"
"都指挥使耶","2","2","4"
"指挥使耶律","2","2","4"
"政事令郭袭","2","2","4"
"晋昌军节度","2","2","4"
"招讨副使耶","2","2","4"
"讨副使耶律","2","2","4"
"四捷军详稳","2","2","4"
"上京留守除","2","2","4"
"京留守除室","2","2","4"
"留守除室擒","2","2","4"
"皇后皇太后","4","0","4"
"奉大行皇帝","2","2","4"
"军使颇德等","2","2","4"
"路招讨使大","2","2","4"
"招讨使大汉","2","2","4"
"下平章事萧","2","2","4"
"耶律蒲奴宁","2","2","4"
"率群臣上皇","4","0","4"
"群臣上皇太","4","0","4"
"臣上皇太后","4","0","4"
"南京留守奏","2","2","4"
"平章事耶律","2","2","4"
"京留守侍中","3","1","4"
"翰林学士邢","2","2","4"
"林学士邢抱","2","2","4"
"学士邢抱朴","2","2","4"
"北皮室详稳","2","2","4"
"奚王府监军","2","2","4"
"都督夏州诸","2","2","4"
"督夏州诸军","2","2","4"
"夏州诸军事","2","2","4"
"平州节度使","2","2","4"
"州防御使大","2","2","4"
"马都尉萧继","2","2","4"
"都尉萧继远","2","2","4"
"林牙谋鲁姑","2","2","4"
"秋七月丙子","4","0","4"
"节度使化哥","2","2","4"
"皮室详稳乞","2","2","4"
"楮特部节度","2","2","4"
"特部节度使","2","2","4"
"睿德神略应","2","2","4"
"德神略应运","2","2","4"
"神略应运启","2","2","4"
"略应运启化","2","2","4"
"应运启化承","2","2","4"
"运启化承天","2","2","4"
"启化承天皇","2","2","4"
"化承天皇太","2","2","4"
"德广孝昭圣","2","2","4"
"广孝昭圣天","2","2","4"
"孝昭圣天辅","2","2","4"
"昭圣天辅皇","2","2","4"
"圣天辅皇帝","2","2","4"
"秋七月戊辰","4","0","4"
"李继迁遣使","4","0","4"
"政殿学士马","2","2","4"
"宰相萧继远","2","2","4"
"相萧继远等","2","2","4"
"谒景宗皇帝","2","2","4"
"景宗皇帝庙","2","2","4"
"王子帐耶律","2","2","4"
"子帐耶律襄","2","2","4"
"翰林承旨邢","2","2","4"
"林承旨邢抱","2","2","4"
"承旨邢抱朴","2","2","4"
"节度使李继","2","2","4"
"度使李继捧","2","2","4"
"推忠效顺启","2","2","4"
"忠效顺启圣","2","2","4"
"效顺启圣定","2","2","4"
"顺启圣定难","2","2","4"
"启圣定难功","2","2","4"
"圣定难功臣","2","2","4"
"韩德威持诏","2","2","4"
"守萧恒德等","2","2","4"
"南京统军司","2","2","4"
"夏四月辛卯","4","0","4"
"永兴宫分军","2","2","4"
"冬十月乙酉","4","0","4"
"参知政事邢","2","2","4"
"知政事邢抱","2","2","4"
"政事邢抱朴","2","2","4"
"宣徽使阿没","2","2","4"
"徽使阿没里","2","2","4"
"冬十月乙亥","4","0","4"
"萨兰回鹘遣","4","0","4"
"兰回鹘遣使","4","0","4"
"度使韩德凝","2","2","4"
"夏国遣使谢","4","0","4"
"院枢密使魏","2","2","4"
"枢密使魏王","2","2","4"
"密使魏王耶","2","2","4"
"使魏王耶律","2","2","4"
"魏王耶律斜","2","2","4"
"西平王李继","2","2","4"
"平王李继迁","2","2","4"
"拽剌详稳耶","2","2","4"
"剌详稳耶律","2","2","4"
"冬十月己亥","4","0","4"
"二十年春正","2","2","4"
"二十一年春","2","2","4"
"西上阁门使","2","2","4"
"上阁门使丁","2","2","4"
"阻卜铁剌里","2","2","4"
"二十二年春","2","2","4"
"马军都指挥","2","2","4"
"二十三年春","2","2","4"
"大丞相耶律","2","2","4"
"丞相耶律德","2","2","4"
"相耶律德昌","2","2","4"
"二十四年春","2","2","4"
"皇太妃胡辇","2","2","4"
"龙虎卫上将","2","2","4"
"虎卫上将军","2","2","4"
"皇太后遗物","2","2","4"
"节度使萧虚","2","2","4"
"军卫上将军","2","2","4"
"直学士高正","2","2","4"
"大丞相晋国","2","2","4"
"丞相晋国王","2","2","4"
"相晋国王耶","2","2","4"
"国王耶律隆","2","2","4"
"王耶律隆运","2","2","4"
"大王耶律室","2","2","4"
"孟父房敞稳","2","2","4"
"加上尊号曰","4","0","4"
"德崇仁广孝","2","2","4"
"昭圣神赞天","2","2","4"
"圣神赞天辅","2","2","4"
"神赞天辅皇","2","2","4"
"赞天辅皇帝","2","2","4"
"太师阿里底","2","2","4"
"本部节度使","2","2","4"
"上京五鸾殿","2","2","4"
"加检校太师","3","1","4"
"遣北院枢密","4","0","4"
"取六州旧地","2","2","4"
"西南招讨使","2","2","4"
"引进使李延","2","2","4"
"进使李延弘","2","2","4"
"使李延弘赐","2","2","4"
"义成公主车","2","2","4"
"成公主车马","2","2","4"
"拽剌详稳题","2","2","4"
"剌详稳题里","2","2","4"
"详稳题里姑","2","2","4"
"耶律世良讨","2","2","4"
"北府宰相刘","2","2","4"
"都点检萧屈","2","2","4"
"点检萧屈烈","2","2","4"
"封秦晋国王","3","1","4"
"北面林牙萧","2","2","4"
"知制诰仇正","2","2","4"
"制诰仇正己","2","2","4"
"生辰正旦使","3","1","4"
"节度使萧普","2","2","4"
"度使萧普达","2","2","4"
"东平郡王萧","2","2","4"
"平郡王萧排","2","2","4"
"郡王萧排押","2","2","4"
"天云军详稳","2","2","4"
"回跋部太师","2","2","4"
"渤海承奉官","2","2","4"
"曷苏馆惕隐","2","2","4"
"苏馆惕隐阿","2","2","4"
"南面林牙耶","2","2","4"
"北路详稳耶","2","2","4"
"路详稳耶律","2","2","4"
"沙州回鹘敦","2","2","4"
"州回鹘敦煌","2","2","4"
"回鹘敦煌郡","2","2","4"
"鹘敦煌郡王","2","2","4"
"敦煌郡王曹","2","2","4"
"煌郡王曹顺","2","2","4"
"王府舍利军","2","2","4"
"王子班郎君","2","2","4"
"馈先帝遗物","4","0","4"
"贺夏国王李","2","2","4"
"王李德昭生","2","2","4"
"充贺宋太后","4","0","4"
"充贺宋正旦","4","0","4"
"右丞相马保","2","2","4"
"丞相马保忠","2","2","4"
"等四十七人","2","2","4"
"院宣徽使刘","2","2","4"
"归德军节度","2","2","4"
"宰相萧孝穆","2","2","4"
"中京副留守","2","2","4"
"漆水郡王敌","2","2","4"
"水郡王敌烈","2","2","4"
"宋太后生辰","3","1","4"
"郎君详稳萧","2","2","4"
"侍卫亲军马","2","2","4"
"卫亲军马步","2","2","4"
"亲军马步军","2","2","4"
"兵马都部署","2","2","4"
"契丹节度使","2","2","4"
"招讨使萧惠","2","2","4"
"路招讨司奏","2","2","4"
"山郡王查葛","2","2","4"
"千牛卫上将","2","2","4"
"牛卫上将军","2","2","4"
"留守萧孝穆","2","2","4"
"大王耶律敌","2","2","4"
"崇德宫都部","2","2","4"
"德宫都部署","2","2","4"
"等五十七人","2","2","4"
"舅详稳萧匹","2","2","4"
"京留守燕王","2","2","4"
"留守燕王萧","2","2","4"
"守燕王萧孝","2","2","4"
"充岁贺宋正","4","0","4"
"岁贺宋正旦","4","0","4"
"神圣孝章皇","2","2","4"
"圣孝章皇帝","2","2","4"
"围场都太师","2","2","4"
"宰相萧孝先","2","2","4"
"南府宰相萧","2","2","4"
"右监门卫上","2","2","4"
"皇太后听政","2","2","4"
"夏国遣使贺","4","0","4"
"圣宫使耶律","2","2","4"
"耶律胡睹衮","2","2","4"
"太弟重元生","2","2","4"
"弟重元生子","2","2","4"
"幸皇太弟重","2","2","4"
"北院承旨耶","2","2","4"
"院承旨耶律","2","2","4"
"承旨耶律庶","2","2","4"
"旨耶律庶成","2","2","4"
"耶律庶成持","2","2","4"
"律庶成持诏","2","2","4"
"夏国王李元","2","2","4"
"国王李元昊","2","2","4"
"刘六符使宋","4","0","4"
"政殿学士杨","2","2","4"
"殿学士杨佶","2","2","4"
"军节度使事","2","2","4"
"宣徽使萧特","2","2","4"
"徽使萧特末","2","2","4"
"重元子涅鲁","4","0","4"
"元子涅鲁古","4","0","4"
"同知析津府","2","2","4"
"知析津府事","2","2","4"
"析津府事耶","2","2","4"
"津府事耶律","2","2","4"
"府事耶律敌","2","2","4"
"事耶律敌烈","2","2","4"
"都承旨王惟","2","2","4"
"承旨王惟吉","2","2","4"
"耶律敌烈等","2","2","4"
"院枢密使吴","2","2","4"
"参知政事韩","2","2","4"
"延昌宫使高","2","2","4"
"昌宫使高家","2","2","4"
"宫使高家奴","2","2","4"
"参知政事杜","2","2","4"
"知政事杜防","2","2","4"
"置契丹警巡","2","2","4"
"山西部族节","2","2","4"
"西部族节度","2","2","4"
"部族节度使","2","2","4"
"族节度使屈","2","2","4"
"节度使屈烈","2","2","4"
"招讨使萧普","2","2","4"
"讨使萧普达","2","2","4"
"翰林都林牙","2","2","4"
"元昊上表谢","2","2","4"
"昊上表谢罪","2","2","4"
"屯秃古斯率","2","2","4"
"讨使耶律敌","2","2","4"
"右监门卫大","2","2","4"
"永兴宫使耶","2","2","4"
"兴宫使耶律","2","2","4"
"行军都部署","2","2","4"
"驻跸独卢金","4","0","4"
"五国节度使","2","2","4"
"左监门卫上","2","2","4"
"道行军都统","2","2","4"
"赵王萧孝友","2","2","4"
"律高家奴等","2","2","4"
"都点检萧迭","2","2","4"
"点检萧迭里","2","2","4"
"招讨使萧蒲","2","2","4"
"讨使萧蒲奴","2","2","4"
"北院大王宜","2","2","4"
"院大王宜新","2","2","4"
"南府宰相韩","2","2","4"
"翰林学士王","2","2","4"
"林牙高家奴","2","2","4"
"西平郡王萧","2","2","4"
"平郡王萧阿","2","2","4"
"郡王萧阿剌","2","2","4"
"奴南院大王","4","0","4"
"参知政事同","4","0","4"
"知政事同知","4","0","4"
"知西南面招","2","2","4"
"赵国王查葛","2","2","4"
"王涅鲁古进","2","2","4"
"涅鲁古进封","2","2","4"
"鲁古进封楚","2","2","4"
"爱宗天皇太","2","2","4"
"宗天皇太后","2","2","4"
"枢密院事萧","2","2","4"
"鸭子河钓鱼","1","3","4"
"保安军节度","2","2","4"
"安军节度使","2","2","4"
"南京兵马副","2","2","4"
"京兵马副元","2","2","4"
"兵马副元帅","2","2","4"
"监修国史耶","2","2","4"
"修国史耶律","2","2","4"
"等三百余人","2","2","4"
"六院部太保","2","2","4"
"太保耶律合","2","2","4"
"院枢密使姚","2","2","4"
"枢密使姚景","2","2","4"
"密使姚景行","2","2","4"
"四方馆副使","2","2","4"
"魏王耶律乙","2","2","4"
"奉先军节度","2","2","4"
"先军节度使","2","2","4"
"知政事刘诜","2","2","4"
"耶律特里底","2","2","4"
"流民租赋一","2","2","4"
"女直贡良马","4","0","4"
"围场使涅葛","2","2","4"
"马都尉萧酬","2","2","4"
"都尉萧酬斡","2","2","4"
"知契丹行宫","2","2","4"
"迁上京留守","3","1","4"
"知制诰王师","2","2","4"
"制诰王师儒","2","2","4"
"知北院大王","2","2","4"
"北院大王事","2","2","4"
"高丽遣使谢","4","0","4"
"隈乌古部贫","2","2","4"
"乌古部贫民","2","2","4"
"南府宰相王","2","2","4"
"秦越国王阿","2","2","4"
"越国王阿琏","2","2","4"
"命燕国王延","3","1","4"
"使事耶律阿","2","2","4"
"事耶律阿思","2","2","4"
"知西北路招","2","2","4"
"路招讨使事","2","2","4"
"知乙室大王","2","2","4"
"乙室大王事","2","2","4"
"春正月癸未","3","1","4"
"阻卜磨古斯","2","2","4"
"事耶律吐朵","2","2","4"
"彰圣军节度","2","2","4"
"离毕耶律秃","2","2","4"
"毕耶律秃朵","2","2","4"
"围场都管撒","2","2","4"
"场都管撒八","2","2","4"
"西北路行军","2","2","4"
"北路行军都","2","2","4"
"掠西路群牧","2","2","4"
"四捷军都监","2","2","4"
"山北路副部","2","2","4"
"北路副部署","2","2","4"
"路副部署萧","2","2","4"
"度使耶律陈","2","2","4"
"使耶律陈家","2","2","4"
"事耶律斡特","2","2","4"
"密副使王师","2","2","4"
"副使王师儒","2","2","4"
"权参知政事","2","2","4"
"知政事赵孝","2","2","4"
"政事赵孝严","2","2","4"
"林牙耶律大","2","2","4"
"宫都部署赵","2","2","4"
"都部署赵孝","2","2","4"
"部署赵孝严","2","2","4"
"军节度使梁","2","2","4"
"节度使梁援","2","2","4"
"医巫闾山僧","2","2","4"
"中京留守事","2","2","4"
"离毕事萧药","2","2","4"
"毕事萧药师","2","2","4"
"密直学士耶","2","2","4"
"直学士耶律","2","2","4"
"学士耶律俨","2","2","4"
"京留守事萧","2","2","4"
"仁圣大孝文","2","2","4"
"圣大孝文皇","2","2","4"
"大孝文皇帝","2","2","4"
"耶律乙辛所","2","2","4"
"密使耶律阿","2","2","4"
"使耶律阿思","2","2","4"
"翰林学士张","2","2","4"
"夏国遣李造","4","0","4"
"国遣李造福","4","0","4"
"族女南仙封","2","2","4"
"成安公主生","2","2","4"
"幸混同江钓","2","2","4"
"混同江钓鱼","2","2","4"
"枢密院事耶","2","2","4"
"密院事耶律","2","2","4"
"讨使耶律斡","2","2","4"
"使耶律斡里","2","2","4"
"萧谢佛留等","2","2","4"
"东面行军副","2","2","4"
"面行军副统","2","2","4"
"都元帅秦晋","2","2","4"
"西京留守萧","2","2","4"
"京留守萧乙","2","2","4"
"留守萧乙薛","2","2","4"
"等军节度使","2","2","4"
"回离保知北","3","1","4"
"离保知北院","3","1","4"
"六院司大王","2","2","4"
"院司大王萧","2","2","4"
"司大王萧斡","2","2","4"
"大王萧斡里","2","2","4"
"王萧斡里剌","2","2","4"
"护卫冯家奴","2","2","4"
"立少子重元","2","2","4"
"敦睦宫使耶","2","2","4"
"睦宫使耶律","2","2","4"
"宫使耶律良","2","2","4"
"文献钦义皇","2","2","4"
"献钦义皇帝","2","2","4"
"太保耶律查","2","2","4"
"保耶律查剌","2","2","4"
"耶律查剌诬","2","2","4"
"律查剌诬告","2","2","4"
"牌印郎君萧","2","2","4"
"印郎君萧讹","2","2","4"
"郎君萧讹都","2","2","4"
"君萧讹都斡","2","2","4"
"萧讹都斡等","2","2","4"
"夷离堇雅里","2","2","4"
"南京三司使","2","2","4"
"守太子太傅","2","2","4"
"都督中外诸","2","2","4"
"督中外诸军","2","2","4"
"中外诸军事","2","2","4"
"天显十一年","2","2","4"
"使辖戛斯国","2","2","4"
"晋主石重贵","1","3","4"
"大王耶律洼","1","3","4"
"知宣徽院事","2","2","4"
"迁北院枢密","4","0","4"
"宰相耶律奴","2","2","4"
"相耶律奴瓜","2","2","4"
"武卫上将军","2","2","4"
"行军副部署","2","2","4"
"遥授彰德军","2","2","4"
"授彰德军节","2","2","4"
"敌烈部都详","2","2","4"
"烈部都详稳","2","2","4"
"归化州刺史","2","2","4"
"远军节度使","2","2","4"
"群牧都林牙","2","2","4"
"军兵马都指","2","2","4"
"兵马都指挥","2","2","4"
"马都指挥使","2","2","4"
"南院宣徽事","2","2","4"
"耶律阿没里","2","2","4"
"二军节度使","2","2","4"
"四时逸乐赋","2","2","4"
"晋国长公主","2","2","4"
"南京侍卫亲","2","2","4"
"京侍卫亲军","2","2","4"
"军马步军都","2","2","4"
"古敌烈部统","2","2","4"
"敌烈部统军","2","2","4"
"烈部统军使","2","2","4"
"时北院枢密","2","2","4"
"迁东京留守","2","2","4"
"子涅鲁古谋","2","2","4"
"迁大理少卿","2","2","4"
"提点大理寺","2","2","4"
"加谏议大夫","2","2","4"
"枢密使乙辛","2","2","4"
"六部秃里太","2","2","4"
"部秃里太尉","2","2","4"
"州观察判官","2","2","4"
"累迁枢密直","3","1","4"
"迁枢密直学","3","1","4"
"告耶律撒剌","3","1","4"
"乙辛知南院","3","1","4"
"辛知南院大","3","1","4"
"卫萧忽古等","2","2","4"
"陈国王陈六","2","2","4"
"知咸州路兵","2","2","4"
"咸州路兵马","2","2","4"
"州路兵马事","2","2","4"
"详稳萧慈氏","2","2","4"
"稳萧慈氏奴","2","2","4"
"南克耶律斡","2","2","4"
"克耶律斡里","2","2","4"
"二十六年七","2","2","4"
"十六年七月","2","2","4"
"翰林学士吴","2","2","4"
"礼部员外郎","2","2","4"
"河西军节度","2","2","4"
"西军节度使","2","2","4"
"钦哀皇后萧","2","2","4"
"哀皇后萧氏","2","2","4"
"王子郎君详","2","2","4"
"子郎君详稳","2","2","4"
"同知元帅府","2","2","4"
"副使耶律仁","2","2","4"
"使耶律仁先","2","2","4"
"懿皇后萧氏","2","2","4"
"京留守宿国","2","2","4"
"留守宿国王","2","2","4"
"守宿国王陈","2","2","4"
"宿国王陈留","2","2","4"
"后弟阿古五","4","0","4"
"弟阿古五世","4","0","4"
"阿古五世孙","4","0","4"
"夷离堇蒲古","2","2","4"
"举进士第一","2","2","4"
"知三司使事","2","2","4"
"北院副部署","2","2","4"
"皇上察看犯","0","4","4"
"上察看犯人","0","4","4"
"时聪慧过人","0","4","4"
"屋质回答说","0","4","4"
"讨伐黑车子","0","4","4"
"伐黑车子室","0","4","4"
"秋七月初十","0","4","4"
"夏四月十八","0","4","4"
"四月十八日","0","4","4"
"以青牛白马","0","4","4"
"以鬼箭射杀","0","4","4"
"九月二十三","0","4","4"
"将他们全部","0","4","4"
"年春二月初","0","4","4"
"请求奉上尊","0","4","4"
"求奉上尊号","0","4","4"
"奉上尊号曰","0","4","4"
"秋七月十九","0","4","4"
"为大内惕隐","0","4","4"
"七月十四日","0","4","4"
"五月十四日","0","4","4"
"冬十月十二","0","4","4"
"夏五月初一","0","4","4"
"当即派使者","0","4","4"
"祠祭木叶山","0","4","4"
"六月十二日","0","4","4"
"皇后临朝称","0","4","4"
"了他们的请","0","4","4"
"他们的请求","0","4","4"
"举行柴册礼","0","4","4"
"幸人皇王府","0","4","4"
"人皇王府第","0","4","4"
"派使者赠送","0","4","4"
"皇上觉得有","0","4","4"
"上觉得有理","0","4","4"
"议军国大事","0","4","4"
"为同中书门","0","4","4"
"皇上到南京","0","4","4"
"三月十三日","0","4","4"
"二月二十日","0","4","4"
"四月二十二","0","4","4"
"三月十五日","0","4","4"
"唐派使者前","0","4","4"
"夏四月十二","0","4","4"
"四月十二日","0","4","4"
"三月二十四","0","4","4"
"二月十九日","0","4","4"
"谷浑前来进","0","4","4"
"监军寅你已","0","4","4"
"晋派使者前","0","4","4"
"晋派使者请","0","4","4"
"皇帝上尊号","0","4","4"
"上尊号为睿","0","4","4"
"为检校太尉","0","4","4"
"御临元和殿","0","4","4"
"秋七月初八","0","4","4"
"冬十月十九","0","4","4"
"十月十九日","0","4","4"
"十二月十四","0","4","4"
"五月二十二","0","4","4"
"迁徙到内地","0","4","4"
"为本部夷离","0","4","4"
"为天平军节","0","4","4"
"为昭德军节","0","4","4"
"七月二十五","0","4","4"
"封为漆水郡","0","4","4"
"皇上当即派","0","4","4"
"十二月十七","0","4","4"
"使者前来会","0","4","4"
"者前来会葬","0","4","4"
"十一月十四","0","4","4"
"一月十四日","0","4","4"
"派使者奏告","0","4","4"
"酒脯祭祀天","0","4","4"
"脯祭祀天地","0","4","4"
"车驾至潢河","0","4","4"
"思为北院枢","0","4","4"
"死罪以下的","0","4","4"
"任命枢密使","0","4","4"
"七月二十日","0","4","4"
"妃萧氏为皇","0","4","4"
"萧氏为皇后","0","4","4"
"置祭品祭祀","0","4","4"
"萨兰回鹘前","0","4","4"
"兰回鹘前来","0","4","4"
"宋派使者来","0","4","4"
"宋国祝贺宋","0","4","4"
"者前来奏报","0","4","4"
"六月二十六","0","4","4"
"鹘派使者来","0","4","4"
"二月十二日","0","4","4"
"祭品祭祀太","0","4","4"
"不部节度使","0","4","4"
"为同政事门","0","4","4"
"战于高梁河","0","4","4"
"王韩匡嗣为","0","4","4"
"秋七月十七","0","4","4"
"七月十七日","0","4","4"
"九月十二日","0","4","4"
"在行宫驾崩","0","4","4"
"皇后为皇太","0","4","4"
"后为皇太后","0","4","4"
"皇太后亲自","0","4","4"
"诏褒奖称美","0","4","4"
"耶律斜轸为","0","4","4"
"皇太后拜谒","0","4","4"
"派使者分头","0","4","4"
"答应了他的","0","4","4"
"应了他的请","0","4","4"
"为保静军节","0","4","4"
"俘虏及缴获","0","4","4"
"虏及缴获物","0","4","4"
"财物各有等","0","4","4"
"李继迁派使","0","4","4"
"夏四月初九","0","4","4"
"领部众前来","0","4","4"
"临幸延芳淀","0","4","4"
"任命南院大","0","4","4"
"以南院枢密","0","4","4"
"等前来进贡","0","4","4"
"请求让他留","0","4","4"
"奚王和朔奴","0","4","4"
"使者进献马","0","4","4"
"使者前来为","0","4","4"
"祝贺宋主生","0","4","4"
"前来吊唁祭","0","4","4"
"来吊唁祭祀","0","4","4"
"任命北院大","0","4","4"
"命北院大王","0","4","4"
"祝贺宋生辰","0","4","4"
"文武百官给","0","4","4"
"武百官给皇","0","4","4"
"百官给皇上","0","4","4"
"派北院枢密","0","4","4"
"为彰国军节","0","4","4"
"九月十四日","0","4","4"
"人进士及第","0","4","4"
"任命上京留","0","4","4"
"命上京留守","0","4","4"
"皇上田猎于","0","4","4"
"任命参知政","0","4","4"
"命参知政事","0","4","4"
"为同知枢密","0","4","4"
"为国舅详稳","0","4","4"
"十二月十五","0","4","4"
"三月二十三","0","4","4"
"阻卜前来朝","0","4","4"
"来祝贺来年","0","4","4"
"皇上立即派","0","4","4"
"上上尊号为","0","4","4"
"歇驾于鱼儿","0","4","4"
"驾于鱼儿泊","0","4","4"
"其先帝遗物","0","4","4"
"任祝贺宋正","0","4","4"
"上歇驾于辽","0","4","4"
"为广德军节","0","4","4"
"任命北府宰","0","4","4"
"诸部酋长前","0","4","4"
"为乌古敌烈","0","4","4"
"皇上到黑岭","0","4","4"
"王萧孝穆为","0","4","4"
"来年贺宋正","0","4","4"
"年贺宋正旦","0","4","4"
"二月二十七","0","4","4"
"前来祝贺应","0","4","4"
"来祝贺应圣","0","4","4"
"祝贺应圣节","0","4","4"
"赠送助丧钱","0","4","4"
"送助丧钱物","0","4","4"
"耶律马六为","0","4","4"
"御临清凉殿","0","4","4"
"避暑于永安","0","4","4"
"暑于永安山","0","4","4"
"刘六符出使","0","4","4"
"六符出使宋","0","4","4"
"符出使宋国","0","4","4"
"等出使夏国","0","4","4"
"燕国王耶律","0","4","4"
"国李谅祚派","0","4","4"
"歇驾于独卢","0","4","4"
"驾于独卢金","0","4","4"
"封为燕国王","0","4","4"
"不直呼其名","0","4","4"
"为太皇太后","0","4","4"
"奴为南院大","0","4","4"
"政事兼同知","0","4","4"
"律仁先为南","0","4","4"
"为知枢密院","0","4","4"
"派使者赈济","0","4","4"
"李秉常派使","0","4","4"
"为辽西郡王","0","4","4"
"耶律颇德为","0","4","4"
"王耶律延禧","0","4","4"
"为同知北院","0","4","4"
"女真贡献良","0","4","4"
"真贡献良马","0","4","4"
"萧挞不也兼","0","4","4"
"挞不也兼任","0","4","4"
"任殿前都点","0","4","4"
"伤害了庄稼","0","4","4"
"以契丹行宫","0","4","4"
"发放粟米赈","0","4","4"
"放粟米赈济","0","4","4"
"李乾顺派使","0","4","4"
"乾顺派使者","0","4","4"
"为同知南京","0","4","4"
"州服劳役者","0","4","4"
"人前来进贡","0","4","4"
"以知北院枢","0","4","4"
"以西北路招","0","4","4"
"派使者求援","0","4","4"
"斡特剌兼任","0","4","4"
"任契丹行宫","0","4","4"
"任西北路招","0","4","4"
"王耶律淳为","0","4","4"
"派遣李造福","0","4","4"
"使萧得里底","0","4","4"
"带着书信前","0","4","4"
"着书信前来","0","4","4"
"与之交战于","0","4","4"
"任上京留守","0","4","4"
"提升为翰林","0","4","4"
"天祚帝流亡","0","4","4"
"祖为于越时","0","4","4"
"任南京留守","0","4","4"
"升为翰林学","0","4","4"
"迁任北院枢","0","4","4"
"任西南面招","0","4","4"
"随从枢密使","0","4","4"
"从枢密使耶","0","4","4"
"俘虏缴获甚","0","4","4"
"为南院宣徽","0","4","4"
"任国舅详稳","0","4","4"
"更加看重他","0","4","4"
"挞马狘沙里","3","0","3"
"冬十月乙巳","3","0","3"
"百官诸国使","3","0","3"
"秋七月戊子","3","0","3"
"春正月甲辰","3","0","3"
"前北宰相萧","1","2","3"
"冬十月庚午","3","0","3"
"寅底石妻涅","2","1","3"
"遣使贡方物","3","0","3"
"年春二月丙","3","0","3"
"部夷离堇耶","1","2","3"
"离堇耶律曷","1","2","3"
"堇耶律曷鲁","1","2","3"
"耶律曷鲁等","1","2","3"
"冬十月癸未","3","0","3"
"十月癸未朔","3","0","3"
"春正月丙申","3","0","3"
"十二月庚子","3","0","3"
"二月庚子朔","3","0","3"
"府宰相萧敌","1","2","3"
"春正月乙丑","3","0","3"
"党项诸部叛","2","1","3"
"十二月己未","3","0","3"
"春正月丙午","3","0","3"
"康默记攻长","2","1","3"
"十一月壬寅","3","0","3"
"夏五月丙午","3","0","3"
"一月乙未朔","3","0","3"
"春正月壬寅","3","0","3"
"前北府宰相","2","1","3"
"府宰相萧阿","2","1","3"
"夜围忽汗城","3","0","3"
"率东丹国僚","1","2","3"
"东丹国僚属","1","2","3"
"秋七月丙辰","3","0","3"
"春正月己酉","3","0","3"
"秋七月丁未","3","0","3"
"幸人皇王第","3","0","3"
"群臣诸国使","3","0","3"
"正月壬申朔","3","0","3"
"秋七月庚辰","3","0","3"
"十一月丙寅","3","0","3"
"冬十月戊戌","3","0","3"
"十一月戊寅","3","0","3"
"冬十月丁丑","3","0","3"
"十一月乙酉","3","0","3"
"秋七月乙卯","3","0","3"
"夏四月庚申","3","0","3"
"秋七月辛卯","3","0","3"
"赵德钧父子","1","2","3"
"夏四月甲申","3","0","3"
"七月辛亥朔","3","0","3"
"十二月甲申","3","0","3"
"六月丙子朔","3","0","3"
"秋七月癸亥","3","0","3"
"冬十月甲戌","3","0","3"
"十月甲戌朔","3","0","3"
"册上尊号曰","3","0","3"
"尊号曰广德","2","1","3"
"十二月戊戌","3","0","3"
"春正月乙巳","3","0","3"
"遣金吾卫大","2","1","3"
"左金吾卫上","2","1","3"
"夏四月乙亥","3","0","3"
"冬十月辛丑","3","0","3"
"二月壬辰朔","3","0","3"
"春正月壬戌","3","0","3"
"冬十月己巳","3","0","3"
"十二月癸亥","3","0","3"
"十二月丁未","3","0","3"
"正月甲戌朔","3","0","3"
"杜重威率兵","2","1","3"
"十一月戊戌","3","0","3"
"十二月丙寅","3","0","3"
"大同元年春","1","2","3"
"九月壬子朔","3","0","3"
"四年春二月","2","1","3"
"册皇后萧氏","3","0","3"
"春正月戊午","3","0","3"
"命中台省右","1","2","3"
"冬十月甲申","3","0","3"
"嗣圣皇帝旧","1","2","3"
"天皇太后崩","2","1","3"
"二月乙丑朔","3","0","3"
"十一月庚午","3","0","3"
"秋七月壬辰","3","0","3"
"幸殿前都点","2","1","3"
"正月乙卯朔","3","0","3"
"皇帝第二子","2","1","3"
"夏四月戊申","3","0","3"
"妃萧氏皇后","3","0","3"
"请帝生日天","3","0","3"
"十一月辛亥","3","0","3"
"耶律曷里必","1","2","3"
"十一月丙子","3","0","3"
"春正月癸丑","3","0","3"
"秋七月庚戌","3","0","3"
"南院大王斜","2","1","3"
"院大王斜轸","2","1","3"
"室王撒合等","1","2","3"
"突吕部节度","3","0","3"
"吕部节度使","3","0","3"
"夏四月辛亥","3","0","3"
"遥授晋昌军","2","1","3"
"授晋昌军节","2","1","3"
"二月庚午朔","3","0","3"
"春正月己亥","3","0","3"
"冬十月己未","3","0","3"
"十月己未朔","3","0","3"
"公主胡骨典","2","1","3"
"内外命妇进","2","1","3"
"先帝遗物赐","2","1","3"
"四月丙戌朔","3","0","3"
"公主胡古典","1","2","3"
"尊号曰承天","2","1","3"
"号曰承天皇","2","1","3"
"曰承天皇太","2","1","3"
"十一月壬子","3","0","3"
"十二月壬午","3","0","3"
"秋七月癸丑","3","0","3"
"东京留守侍","2","1","3"
"王韩匡嗣葬","2","1","3"
"冬十一月甲","3","0","3"
"林牙勤德等","1","2","3"
"部节度使卢","2","1","3"
"州节度副使","2","1","3"
"皇太后生辰","3","0","3"
"封义成公主","3","0","3"
"继迁遣使贡","3","0","3"
"宋国王休哥","2","1","3"
"十一月甲申","3","0","3"
"下嫁李继迁","1","2","3"
"古北院大王","3","0","3"
"幸炭山清暑","3","0","3"
"秋七月乙巳","3","0","3"
"国遣使进马","3","0","3"
"十一月乙巳","3","0","3"
"十二月己卯","3","0","3"
"铁骊遣使贡","3","0","3"
"鹘阿萨兰遣","3","0","3"
"阿萨兰遣使","3","0","3"
"国遣使谢封","3","0","3"
"冬十月壬辰","3","0","3"
"十二月乙巳","3","0","3"
"鼻骨德酋长","1","2","3"
"秋七月丁巳","3","0","3"
"耶律斜轸薨","2","1","3"
"冬十月癸酉","3","0","3"
"门使丁振吊","2","1","3"
"夏国李德昭","2","1","3"
"李德昭遣使","3","0","3"
"德昭遣使谢","3","0","3"
"秋七月甲申","3","0","3"
"十二月丙申","3","0","3"
"帝率群臣上","3","0","3"
"遣使报哀宋","3","0","3"
"谥圣神宣献","2","1","3"
"高丽遣使会","3","0","3"
"使萧图玉奏","2","1","3"
"土隗口故城","2","1","3"
"遣枢密直学","2","1","3"
"春正月乙亥","3","0","3"
"耶律资忠使","3","0","3"
"律资忠使高","3","0","3"
"资忠使高丽","3","0","3"
"使宋贺生辰","3","0","3"
"彗星见西方","3","0","3"
"耶律世良等","1","2","3"
"天成军节度","2","1","3"
"十一月庚申","3","0","3"
"辰正旦使副","3","0","3"
"秋七月甲子","3","0","3"
"夏四月戊子","3","0","3"
"葛南府宰相","3","0","3"
"十二月丁亥","3","0","3"
"宰臣吕德懋","2","1","3"
"夏四月癸酉","3","0","3"
"皇太子纳妃","2","1","3"
"敌烈部节度","1","2","3"
"烈部节度使","1","2","3"
"十一月丙申","3","0","3"
"遣使赐高丽","3","0","3"
"生辰岁正旦","3","0","3"
"辰岁正旦使","3","0","3"
"南京留守燕","2","1","3"
"加太子太师","2","1","3"
"迪烈都详稳","2","1","3"
"大行皇帝御","2","1","3"
"行皇帝御容","2","1","3"
"下嫁夏国王","2","1","3"
"嫁夏国王李","2","1","3"
"子夏国公元","2","1","3"
"夏国公元昊","2","1","3"
"十二月庚戌","3","0","3"
"春正月庚辰","3","0","3"
"兴圣宫使耶","2","1","3"
"十二月乙未","3","0","3"
"潞王查葛南","3","0","3"
"使耶律马六","1","2","3"
"幸礼部贡院","2","1","3"
"晋王萧孝先","1","2","3"
"春正月戊戌","2","1","3"
"十一月甲子","3","0","3"
"皇太后射获","3","0","3"
"进封燕赵国","2","1","3"
"封燕赵国王","2","1","3"
"密使萧孝穆","1","2","3"
"遣延昌宫使","3","0","3"
"十一月丁丑","3","0","3"
"黄龙府事耶","2","1","3"
"龙府事耶律","2","1","3"
"五部叛入西","2","1","3"
"部叛入西夏","2","1","3"
"驻跸永安山","3","0","3"
"诏北院枢密","3","0","3"
"密副使萧革","2","1","3"
"元昊亲率党","2","1","3"
"昊亲率党项","2","1","3"
"亲率党项三","2","1","3"
"率党项三部","2","1","3"
"封辽西郡王","3","0","3"
"院宣徽事萧","2","1","3"
"北女直详稳","3","0","3"
"赦杂犯死罪","3","0","3"
"高家奴等破","2","1","3"
"阻卜酋长豁","1","2","3"
"剌西北路招","3","0","3"
"命西北路招","1","2","3"
"政事同知枢","3","0","3"
"事同知枢密","3","0","3"
"尊号曰天佑","2","1","3"
"号曰天佑皇","2","1","3"
"曰天佑皇帝","2","1","3"
"曰钦哀皇后","3","0","3"
"复北院枢密","3","0","3"
"律乙辛知北","2","1","3"
"乙辛知北院","2","1","3"
"辛知北院枢","2","1","3"
"事萧图古辞","2","1","3"
"冬十月戊辰","3","0","3"
"李秉常遣使","3","0","3"
"仁先西北路","3","0","3"
"先西北路招","3","0","3"
"枢密使萧惟","1","2","3"
"密使萧惟信","1","2","3"
"春正月甲午","3","0","3"
"封混同郡王","2","1","3"
"耶律颇德南","3","0","3"
"获宋将张天","2","1","3"
"秋七月甲午","3","0","3"
"导燕国王延","2","1","3"
"秉常遣使报","3","0","3"
"诏燕国王延","3","0","3"
"召南府宰相","3","0","3"
"李乾顺遣使","3","0","3"
"驻跸赤勒岭","3","0","3"
"国王延禧生","3","0","3"
"王延禧生子","3","0","3"
"总北南院枢","2","1","3"
"冬十月庚戌","3","0","3"
"烈统军使萧","1","2","3"
"统军使萧朽","1","2","3"
"军使萧朽哥","1","2","3"
"斡特剌奏讨","3","0","3"
"召医巫闾山","1","2","3"
"拔思母等部","1","2","3"
"进封燕国王","3","0","3"
"宋魏国王鲁","3","0","3"
"魏国王鲁斡","3","0","3"
"复遣使请尚","3","0","3"
"命北面林牙","1","2","3"
"进封越国王","2","1","3"
"春正月辛丑","3","0","3"
"牛温舒使宋","3","0","3"
"安公主生子","2","1","3"
"耶律章奴反","1","2","3"
"贵族二百余","2","1","3"
"族二百余人","2","1","3"
"路行军都统","1","2","3"
"遣奴哥使金","3","0","3"
"林答赞谟持","3","0","3"
"答赞谟持书","3","0","3"
"世宗位镇阳","3","0","3"
"仁德皇后萧","2","1","3"
"授西南面招","2","1","3"
"卫萧忽古谋","2","1","3"
"耶律乙辛等","1","2","3"
"遣养子赵霸","2","1","3"
"群臣奉遗命","2","1","3"
"臣奉遗命请","2","1","3"
"奉遗命请立","2","1","3"
"遗命请立太","2","1","3"
"命请立太祖","2","1","3"
"佐命功臣一","3","0","3"
"晋主石敬瑭","1","2","3"
"改北院大王","3","0","3"
"唐遣张敬达","2","1","3"
"人皇王嫡长","2","1","3"
"败张敬达军","1","2","3"
"时耶律屋质","1","2","3"
"汉主刘继元","1","2","3"
"转枢密院侍","3","0","3"
"摄中京留守","2","1","3"
"尚越国公主","3","0","3"
"迁殿前都点","3","0","3"
"迁南院大王","3","0","3"
"大王耶律斜","1","2","3"
"迁国舅详稳","2","1","3"
"改南京统军","3","0","3"
"伐蒲卢毛朵","1","2","3"
"重熙十六年","1","2","3"
"遗命家人薄","2","1","3"
"命家人薄葬","2","1","3"
"迁北面林牙","2","1","3"
"复南院枢密","3","0","3"
"迁汉人行宫","2","1","3"
"耶律章奴叛","2","1","3"
"诬陷皇太子","1","2","3"
"攻陷宁江州","1","2","3"
"斩首数千级","1","2","3"
"结驸马萧昱","2","1","3"
"涅鲁古中流","1","2","3"
"鲁古中流矢","1","2","3"
"遣使报哀夏","3","0","3"
"节度使王处","1","2","3"
"度使王处直","1","2","3"
"睿智皇后萧","1","2","3"
"智皇后萧氏","1","2","3"
"右卫大将军","2","1","3"
"骁卫大将军","1","2","3"
"时南院枢密","1","2","3"
"迁同知北院","2","1","3"
"孝敬广爱宗","1","2","3"
"敬广爱宗天","1","2","3"
"广爱宗天皇","1","2","3"
"八月十九日","0","3","3"
"皇上又派使","0","3","3"
"上又派使者","0","3","3"
"皇上没有答","0","3","3"
"皇上觉得他","0","3","3"
"为宣简皇后","0","3","3"
"相约为兄弟","0","3","3"
"百官及各国","0","3","3"
"官及各国使","0","3","3"
"四月二十日","0","3","3"
"对他们加以","0","3","3"
"让他们居住","0","3","3"
"二月初一朔","0","3","3"
"全数获得其","0","3","3"
"到皇上行宫","0","3","3"
"途中歇驾于","0","3","3"
"别人的过失","0","3","3"
"由官府拨给","0","3","3"
"遣使者进献","0","3","3"
"四月初一朔","0","3","3"
"遣郎公远来","0","3","3"
"正月二十二","0","3","3"
"秋七月十四","0","3","3"
"二月二十八","0","3","3"
"一月二十二","0","3","3"
"五月二十八","0","3","3"
"赏赐各有等","0","3","3"
"赐各有等差","0","3","3"
"派使者晓谕","0","3","3"
"攻下扶余城","0","3","3"
"夜里包围了","0","3","3"
"里包围了忽","0","3","3"
"包围了忽汗","0","3","3"
"围了忽汗城","0","3","3"
"刑以下犯人","0","3","3"
"理军国大事","0","3","3"
"坚守壁垒不","0","3","3"
"群臣奉上尊","0","3","3"
"臣奉上尊号","0","3","3"
"讨伐乌古部","0","3","3"
"有司请求以","0","3","3"
"司请求以皇","0","3","3"
"请求以皇上","0","3","3"
"求以皇上生","0","3","3"
"皇上生日作","0","3","3"
"上生日作为","0","3","3"
"皇上率群臣","0","3","3"
"群臣及各国","0","3","3"
"臣及各国使","0","3","3"
"各国使者朝","0","3","3"
"宴饮群臣及","0","3","3"
"商议军国大","0","3","3"
"任天下兵马","0","3","3"
"敌烈德前来","0","3","3"
"德前来朝贡","0","3","3"
"秋七月十一","0","3","3"
"七月十一日","0","3","3"
"十一月十九","0","3","3"
"一月十九日","0","3","3"
"十月二十三","0","3","3"
"又派使者来","0","3","3"
"九月二十一","0","3","3"
"十一月初九","0","3","3"
"物品分赐给","0","3","3"
"八月十四日","0","3","3"
"十月二十日","0","3","3"
"七月二十三","0","3","3"
"率兵前来拒","0","3","3"
"兵前来拒战","0","3","3"
"十一月十二","0","3","3"
"一月十二日","0","3","3"
"使者请求奉","0","3","3"
"者请求奉上","0","3","3"
"秋七月十八","0","3","3"
"七月十八日","0","3","3"
"给皇帝上尊","0","3","3"
"派使者报告","0","3","3"
"位各有等差","0","3","3"
"用鬼箭射杀","0","3","3"
"晋派使者贡","0","3","3"
"问候皇上起","0","3","3"
"候皇上起居","0","3","3"
"九月十五日","0","3","3"
"彗星出现于","0","3","3"
"唐派使者进","0","3","3"
"十一月十七","0","3","3"
"一月十七日","0","3","3"
"皇上驻扎于","0","3","3"
"下诏征发诸","0","3","3"
"诏征发诸道","0","3","3"
"军与之交战","0","3","3"
"殿接受百官","0","3","3"
"纵兵大肆抢","0","3","3"
"为宣武军节","0","3","3"
"太宗讨伐晋","0","3","3"
"崩逝于栾城","0","3","3"
"即皇帝位于","0","3","3"
"群臣都喝醉","0","3","3"
"臣都喝醉了","0","3","3"
"上尊号为天","0","3","3"
"五月二十四","0","3","3"
"南京发生水","0","3","3"
"京发生水灾","0","3","3"
"鼻骨德派使","0","3","3"
"骨德派使者","0","3","3"
"德派使者前","0","3","3"
"九月二十九","0","3","3"
"任命南京留","0","3","3"
"五月十三日","0","3","3"
"七月十九日","0","3","3"
"夷离堇之子","0","3","3"
"使者前去责","0","3","3"
"赐给他们金","0","3","3"
"射柳以祈雨","0","3","3"
"八月十一日","0","3","3"
"前来祝贺皇","0","3","3"
"前来报告宋","0","3","3"
"冬十月十七","0","3","3"
"十月十七日","0","3","3"
"十二月十八","0","3","3"
"使者前来禀","0","3","3"
"者前来禀报","0","3","3"
"派使者来求","0","3","3"
"等出使宋国","0","3","3"
"夏五月初十","0","3","3"
"告宋之国事","0","3","3"
"再度派使者","0","3","3"
"十二月十二","0","3","3"
"突吕不部节","0","3","3"
"吕不部节度","0","3","3"
"献上俘虏及","0","3","3"
"等前来朝见","0","3","3"
"赐给他们财","0","3","3"
"给他们财物","0","3","3"
"为西平郡王","0","3","3"
"三月十八日","0","3","3"
"奉上尊谥为","0","3","3"
"探视其疾病","0","3","3"
"给于越休哥","0","3","3"
"下诏褒奖称","0","3","3"
"皇上下诏褒","0","3","3"
"上下诏褒奖","0","3","3"
"帝上尊号为","0","3","3"
"皇上下诏允","0","3","3"
"京留守奏称","0","3","3"
"皇上答应了","0","3","3"
"派东京留守","0","3","3"
"献上俘获的","0","3","3"
"大军驻扎于","0","3","3"
"爵财物各有","0","3","3"
"率领群臣给","0","3","3"
"皇上下诏命","0","3","3"
"耶律襄之女","0","3","3"
"为义成公主","0","3","3"
"为开府仪同","0","3","3"
"为大同军节","0","3","3"
"里前来朝见","0","3","3"
"祭祀太宗皇","0","3","3"
"祀太宗皇帝","0","3","3"
"黑白羊祭祀","0","3","3"
"白羊祭祀天","0","3","3"
"羊祭祀天地","0","3","3"
"休哥击败宋","0","3","3"
"皇上知道他","0","3","3"
"党项前来朝","0","3","3"
"年的赋税徭","0","3","3"
"前来感谢辽","0","3","3"
"临幸炭山避","0","3","3"
"幸炭山避暑","0","3","3"
"皇上下诏让","0","3","3"
"下诏命令诸","0","3","3"
"者进献马匹","0","3","3"
"萨兰回鹘派","0","3","3"
"兰回鹘派使","0","3","3"
"铁骊派使者","0","3","3"
"录取进士王","0","3","3"
"京积压案件","0","3","3"
"鹘阿萨兰派","0","3","3"
"阿萨兰派使","0","3","3"
"萨兰派使者","0","3","3"
"兰派使者前","0","3","3"
"等三人及第","0","3","3"
"皇上向皇太","0","3","3"
"上向皇太后","0","3","3"
"继迁为西平","0","3","3"
"迁为西平王","0","3","3"
"每年向辽进","0","3","3"
"年向辽进贡","0","3","3"
"停止上朝五","0","3","3"
"兼任知北院","0","3","3"
"赏赐有功将","0","3","3"
"为齐天皇后","0","3","3"
"为乙室大王","0","3","3"
"国王隆佑为","0","3","3"
"来报告攻下","0","3","3"
"任命楚国王","0","3","3"
"带着书信回","0","3","3"
"给阵亡将士","0","3","3"
"国与宋讲和","0","3","3"
"前去祝贺宋","0","3","3"
"出使宋国祝","0","3","3"
"使宋国祝贺","0","3","3"
"群臣给皇太","0","3","3"
"臣给皇太后","0","3","3"
"使者前往宋","0","3","3"
"统和二十八","0","3","3"
"和二十八年","0","3","3"
"消息告知宋","0","3","3"
"息告知宋国","0","3","3"
"耶律世良为","0","3","3"
"命驸马萧绍","0","3","3"
"马萧绍宗为","0","3","3"
"官给皇上加","0","3","3"
"耶律资忠出","0","3","3"
"律资忠出使","0","3","3"
"资忠出使高","0","3","3"
"忠出使高丽","0","3","3"
"任命惕隐耶","0","3","3"
"萧孝穆为北","0","3","3"
"进士及第出","0","3","3"
"士及第出身","0","3","3"
"征讨高丽回","0","3","3"
"三月十一日","0","3","3"
"任命前北院","0","3","3"
"命前北院大","0","3","3"
"四月二十三","0","3","3"
"秋七月十五","0","3","3"
"七月十五日","0","3","3"
"为彰武军节","0","3","3"
"军节度使兼","0","3","3"
"五月十六日","0","3","3"
"葛为南府宰","0","3","3"
"任命东北路","0","3","3"
"举行大册礼","0","3","3"
"前来进贡马","0","3","3"
"为左皮室详","0","3","3"
"为高丽国王","0","3","3"
"耶律信宁为","0","3","3"
"在永安山避","0","3","3"
"永安山避暑","0","3","3"
"为彰德军节","0","3","3"
"正旦的正副","0","3","3"
"旦的正副使","0","3","3"
"生辰的正副","0","3","3"
"辰的正副使","0","3","3"
"四月二十五","0","3","3"
"招讨司奏称","0","3","3"
"担任祝贺宋","0","3","3"
"前来祝贺来","0","3","3"
"生辰及来年","0","3","3"
"辰及来年正","0","3","3"
"充任来年贺","0","3","3"
"任来年贺宋","0","3","3"
"为易州知州","0","3","3"
"十一月十一","0","3","3"
"一月十一日","0","3","3"
"群臣给皇上","0","3","3"
"率领部众前","0","3","3"
"六月十一日","0","3","3"
"来年正旦正","0","3","3"
"年正旦正副","0","3","3"
"五月十七日","0","3","3"
"任命耶律信","0","3","3"
"贺宋生辰及","0","3","3"
"潞王查葛为","0","3","3"
"王查葛为南","0","3","3"
"九月十八日","0","3","3"
"对进士进行","0","3","3"
"进士进行殿","0","3","3"
"士进行殿试","0","3","3"
"为贺宋生辰","0","3","3"
"斯前来朝见","0","3","3"
"三月十七日","0","3","3"
"萧胡睹担任","0","3","3"
"为吏部尚书","0","3","3"
"下诏晓谕诸","0","3","3"
"诏晓谕诸道","0","3","3"
"十一月十八","0","3","3"
"一月十八日","0","3","3"
"皇上拜谒庆","0","3","3"
"上拜谒庆陵","0","3","3"
"派延昌宫使","0","3","3"
"歇驾于永安","0","3","3"
"驾于永安山","0","3","3"
"皇上举行再","0","3","3"
"上举行再生","0","3","3"
"元昊派使者","0","3","3"
"前来进贡土","0","3","3"
"来进贡土产","0","3","3"
"萧阿剌为北","0","3","3"
"阿剌为北府","0","3","3"
"剌为北府宰","0","3","3"
"北女真详稳","0","3","3"
"出贬为武定","0","3","3"
"贬为武定军","0","3","3"
"的杂罪犯人","0","3","3"
"徒罪以下犯","0","3","3"
"祚派使者前","0","3","3"
"耶律义先为","0","3","3"
"死罪以下犯","0","3","3"
"九月十七日","0","3","3"
"都部署别古","0","3","3"
"部署别古得","0","3","3"
"出使夏国回","0","3","3"
"和文惠孝敬","0","3","3"
"进封为燕国","0","3","3"
"知政事兼同","0","3","3"
"事兼同知枢","0","3","3"
"国王查葛为","0","3","3"
"仁先为南院","0","3","3"
"国王阿琏为","0","3","3"
"为钦哀皇后","0","3","3"
"仁先为北院","0","3","3"
"九月二十八","0","3","3"
"担任汉人行","0","3","3"
"馈赠其先帝","0","3","3"
"赠其先帝遗","0","3","3"
"黄龙府知府","0","3","3"
"常派使者前","0","3","3"
"以惕隐耶律","0","3","3"
"律颇德为南","0","3","3"
"耶律世迁为","0","3","3"
"以翰林学士","0","3","3"
"不也兼任知","0","3","3"
"国王耶律延","0","3","3"
"事耶律那也","0","3","3"
"耶律那也为","0","3","3"
"以知右夷离","0","3","3"
"乾顺为夏国","0","3","3"
"歇驾于赤勒","0","3","3"
"驾于赤勒岭","0","3","3"
"兼任同知枢","0","3","3"
"任同知枢密","0","3","3"
"国王延禧得","0","3","3"
"王延禧得子","0","3","3"
"耶律吐朵为","0","3","3"
"赈济西北路","0","3","3"
"耶律挞不也","0","3","3"
"以南院大王","0","3","3"
"宋国派遣使","0","3","3"
"国派遣使者","0","3","3"
"即派遣使者","0","3","3"
"遣使者前往","0","3","3"
"部前来进犯","0","3","3"
"为本部大王","0","3","3"
"歇驾于撒里","0","3","3"
"驾于撒里乃","0","3","3"
"相斡特剌兼","0","3","3"
"萧得里底为","0","3","3"
"以北府宰相","0","3","3"
"宋魏国王和","0","3","3"
"魏国王和鲁","0","3","3"
"王耶律淳晋","0","3","3"
"耶律淳晋封","0","3","3"
"律淳晋封为","0","3","3"
"请求下嫁公","0","3","3"
"求下嫁公主","0","3","3"
"夏国派遣李","0","3","3"
"国派遣李造","0","3","3"
"出猎于南山","0","3","3"
"国再次派遣","0","3","3"
"牛温舒出使","0","3","3"
"温舒出使宋","0","3","3"
"榜录进士李","0","3","3"
"斡里朵等人","0","3","3"
"前往广平淀","0","3","3"
"出猎于秋山","0","3","3"
"州募得者称","0","3","3"
"以兄长之礼","0","3","3"
"奴哥出使金","0","3","3"
"哥出使金国","0","3","3"
"派遣乌林答","0","3","3"
"林答赞谟带","0","3","3"
"答赞谟带着","0","3","3"
"赞谟带着书","0","3","3"
"谟带着书信","0","3","3"
"皇上释免其","0","3","3"
"回离保为知","0","3","3"
"耶律淳为帝","0","3","3"
"太祖平定渤","0","3","3"
"祖平定渤海","0","3","3"
"仁德皇后与","0","3","3"
"谋划告知于","0","3","3"
"其子涅鲁古","0","3","3"
"不久又反叛","0","3","3"
"于医巫闾山","0","3","3"
"太后回头对","0","3","3"
"皇上回头对","0","3","3"
"详细地陈说","0","3","3"
"痕德堇可汗","0","3","3"
"斩首俘获甚","0","3","3"
"首俘获甚众","0","3","3"
"嘉赏其忠心","0","3","3"
"人前来拒战","0","3","3"
"将女儿嫁给","0","3","3"
"女儿嫁给他","0","3","3"
"升任政事令","0","3","3"
"赐给他宫户","0","3","3"
"于潢河横渡","0","3","3"
"兼北府宰相","0","3","3"
"任枢密副使","0","3","3"
"请求辞官归","0","3","3"
"求辞官归田","0","3","3"
"升为政事令","0","3","3"
"任北院宣徽","0","3","3"
"皇上怜悯他","0","3","3"
"随从皇上伐","0","3","3"
"转任枢密院","0","3","3"
"任枢密院侍","0","3","3"
"大肆抢掠而","0","3","3"
"肆抢掠而回","0","3","3"
"得知他贤能","0","3","3"
"娶越国公主","0","3","3"
"密使韩德让","0","3","3"
"官府拨给葬","0","3","3"
"府拨给葬具","0","3","3"
"不久起用为","0","3","3"
"拜为上京留","0","3","3"
"迁任南院大","0","3","3"
"耶律沙率兵","0","3","3"
"用什么办法","0","3","3"
"拜为参知政","0","3","3"
"年老请求辞","0","3","3"
"老请求辞官","0","3","3"
"擅长骑马射","0","3","3"
"长骑马射箭","0","3","3"
"改任北面林","0","3","3"
"为上京副留","0","3","3"
"皇上更加看","0","3","3"
"上更加看重","0","3","3"
"不久征召为","0","3","3"
"任左夷离毕","0","3","3"
"为柳城郡王","0","3","3"
"合皇上心意","0","3","3"
"胁迫弩手军","0","3","3"
"派使者来谢","0","3","3"
"使者来谢册","0","3","3"
"者来谢册封","0","3","3"
"使者向夏报","0","3","3"
"者向夏报哀","0","3","3"
"夏派使者前","0","3","3"
"王谢家奴为","0","3","3"
"后弟阿古只","0","3","3"
"拜为北院枢","0","3","3"
"太祖大圣大","1","1","2"
"祖大圣大明","1","1","2"
"契丹迭剌部","1","1","2"
"丹迭剌部霞","1","1","2"
"迭剌部霞濑","1","1","2"
"剌部霞濑益","1","1","2"
"部霞濑益石","1","1","2"
"霞濑益石烈","1","1","2"
"耶律弥里人","1","1","2"
"德祖皇帝长","1","1","2"
"祖皇帝长子","1","1","2"
"宣简皇后萧","1","1","2"
"简皇后萧氏","1","1","2"
"咸通十三年","1","1","2"
"通十三年生","1","1","2"
"祖母简献皇","1","1","2"
"母简献皇后","1","1","2"
"小黄室韦附","2","0","2"
"生口九万五","1","1","2"
"口九万五千","1","1","2"
"总知军国事","1","1","2"
"龙化州东城","1","1","2"
"室韦人牟里","1","1","2"
"韦人牟里诈","1","1","2"
"人牟里诈称","1","1","2"
"乘胜大破室","1","1","2"
"胜大破室韦","1","1","2"
"东节度使李","1","1","2"
"节度使李克","1","1","2"
"通事康令德","1","1","2"
"汴州朱全忠","1","1","2"
"迂王集会埚","1","1","2"
"皇族承遥辇","1","1","2"
"族承遥辇氏","1","1","2"
"承遥辇氏九","1","1","2"
"夏四月丁未","2","0","2"
"四月丁未朔","2","0","2"
"唐梁王朱全","1","1","2"
"王朱全忠废","1","1","2"
"兄平州刺史","1","1","2"
"守奇率众数","1","1","2"
"奇率众数千","1","1","2"
"率众数千人","1","1","2"
"受百官诸国","2","0","2"
"命皇弟舍利","1","1","2"
"夷离堇萧敌","1","1","2"
"离堇萧敌鲁","1","1","2"
"横海军近淀","1","1","2"
"左仆射韩知","1","1","2"
"仆射韩知古","1","1","2"
"射韩知古建","1","1","2"
"韩知古建碑","1","1","2"
"龙化州大广","1","1","2"
"化州大广寺","1","1","2"
"四年秋七月","1","1","2"
"七月戊子朔","2","0","2"
"后兄萧敌鲁","1","1","2"
"敌鲁北府宰","2","0","2"
"鲁北府宰相","2","0","2"
"上亲征西部","1","1","2"
"亲征西部奚","1","1","2"
"妻粘睦姑知","1","1","2"
"诸弟登山刑","1","1","2"
"弟登山刑牲","1","1","2"
"七月壬午朔","2","0","2"
"亲征刘守光","1","1","2"
"秋七月丙午","2","0","2"
"命弟剌葛分","1","1","2"
"弟剌葛分兵","1","1","2"
"剌葛分兵攻","1","1","2"
"剌葛破平州","1","1","2"
"崇文等五十","1","1","2"
"文等五十人","1","1","2"
"将军耶律乐","1","1","2"
"军耶律乐姑","1","1","2"
"辖剌仅阿钵","1","1","2"
"夷离毕直里","1","1","2"
"离毕直里姑","1","1","2"
"毕直里姑总","1","1","2"
"夏四月戊寅","2","0","2"
"木叶山射鬼","1","1","2"
"叶山射鬼箭","1","1","2"
"山射鬼箭厌","1","1","2"
"执叛人解里","1","1","2"
"迪里姑等伏","1","1","2"
"遣北宰相迪","1","1","2"
"北宰相迪辇","1","1","2"
"宰相迪辇率","1","1","2"
"相迪辇率骁","1","1","2"
"迪辇率骁骑","1","1","2"
"辇率骁骑先","1","1","2"
"北宰相萧实","1","1","2"
"宰相萧实鲁","1","1","2"
"辖赖县人扫","1","1","2"
"赖县人扫古","1","1","2"
"县人扫古非","1","1","2"
"人扫古非法","1","1","2"
"扫古非法残","1","1","2"
"上登都庵山","1","1","2"
"狱官涅离擅","1","1","2"
"获逆党雅里","1","1","2"
"铜河南轨下","1","1","2"
"骁将分道追","1","1","2"
"将分道追袭","1","1","2"
"养子涅里思","1","1","2"
"子涅里思附","1","1","2"
"厥掠生口者","1","1","2"
"掠生口者三","1","1","2"
"生口者三十","1","1","2"
"夷离堇涅里","1","1","2"
"离堇涅里衮","1","1","2"
"堇涅里衮附","1","1","2"
"逆党二十九","1","1","2"
"党二十九人","1","1","2"
"乙室府人迪","1","1","2"
"室府人迪里","1","1","2"
"府人迪里古","1","1","2"
"迷骨离部人","1","1","2"
"骨离部人特","1","1","2"
"离部人特里","1","1","2"
"骨里部人特","1","1","2"
"里部人特离","1","1","2"
"部人特离敏","1","1","2"
"杖杀首恶怖","1","1","2"
"杀首恶怖胡","1","1","2"
"剌葛妻辖剌","1","1","2"
"底石妻涅离","1","1","2"
"北宰相实鲁","1","1","2"
"宰相实鲁妻","1","1","2"
"幽州军校齐","1","1","2"
"州军校齐行","1","1","2"
"军校齐行本","1","1","2"
"部曲男女三","1","1","2"
"曲男女三千","1","1","2"
"男女三千人","1","1","2"
"女三千人请","1","1","2"
"遣滕彦休贡","2","0","2"
"君基太一神","1","1","2"
"册元年春二","1","1","2"
"二月丙戌朔","2","0","2"
"律曷鲁等率","1","1","2"
"曷鲁等率百","1","1","2"
"上尊号曰大","1","1","2"
"尊号曰大圣","1","1","2"
"号曰大圣大","1","1","2"
"曰大圣大明","1","1","2"
"大圣大明天","1","1","2"
"圣大明天皇","1","1","2"
"大明天皇帝","1","1","2"
"后曰应天大","1","1","2"
"曰应天大明","1","1","2"
"应天大明地","1","1","2"
"天大明地皇","1","1","2"
"大明地皇后","1","1","2"
"夏四月乙酉","2","0","2"
"晋幽州节度","1","1","2"
"州节度使卢","1","1","2"
"节度使卢国","1","1","2"
"幽州兵马留","1","1","2"
"州兵马留后","1","1","2"
"万五千六百","1","1","2"
"赐滕彦休名","1","1","2"
"滕彦休名曰","1","1","2"
"彦休名曰述","1","1","2"
"休名曰述吕","1","1","2"
"刺史安金全","1","1","2"
"文进部将刘","1","1","2"
"进部将刘殷","1","1","2"
"李嗣源等救","1","1","2"
"嗣源等救幽","1","1","2"
"源等救幽州","1","1","2"
"礼部尚书康","1","1","2"
"部尚书康默","1","1","2"
"尚书康默记","1","1","2"
"皇弟迭烈哥","1","1","2"
"涅里衮能代","1","1","2"
"冬十二月庚","2","0","2"
"幸辽阳故城","1","1","2"
"相萧敌鲁薨","1","1","2"
"闻皇太后豫","2","0","2"
"先锋军进击","1","1","2"
"万四千二百","1","1","2"
"遣郎公远聘","2","0","2"
"皇太子率迭","1","1","2"
"太子率迭剌","1","1","2"
"子率迭剌部","1","1","2"
"率迭剌部夷","1","1","2"
"节度使宋瑶","1","1","2"
"度使宋瑶降","1","1","2"
"晋新州防御","1","1","2"
"州防御使王","1","1","2"
"防御使王郁","1","1","2"
"所部山北兵","1","1","2"
"部山北兵马","1","1","2"
"山北兵马内","1","1","2"
"北兵马内附","1","1","2"
"十一月癸卯","2","0","2"
"皇太子率王","1","1","2"
"太子率王郁","1","1","2"
"默记攻长芦","1","1","2"
"刺史李嗣弼","1","1","2"
"军秃馁五千","1","1","2"
"秃馁五千骑","1","1","2"
"天赞元年春","1","1","2"
"赞元年春二","1","1","2"
"赦军前殊死","1","1","2"
"擒刺史胡琼","1","1","2"
"命皇子尧骨","1","1","2"
"刺史赵思温","1","1","2"
"部夷离堇觌","1","1","2"
"夷离堇觌烈","1","1","2"
"觌烈徇山西","2","0","2"
"节度使符存","1","1","2"
"度使符存审","1","1","2"
"将裴信父子","1","1","2"
"登阿里典压","1","1","2"
"南府宰相苏","2","0","2"
"破胡母思山","1","1","2"
"胡母思山诸","1","1","2"
"母思山诸蕃","1","1","2"
"思山诸蕃部","1","1","2"
"赤牛青马祭","1","1","2"
"牛青马祭天","1","1","2"
"青马祭天地","1","1","2"
"回鹘霸里遣","1","1","2"
"鹘霸里遣使","1","1","2"
"获野兽数千","1","1","2"
"获甘州回鹘","1","1","2"
"甘州回鹘都","1","1","2"
"州回鹘都督","1","1","2"
"回鹘都督毕","1","1","2"
"鹘都督毕离","1","1","2"
"都督毕离遏","1","1","2"
"尧骨献党项","1","1","2"
"骨献党项俘","1","1","2"
"回鹘乌母主","1","1","2"
"十一月丁酉","2","0","2"
"十二月乙亥","2","0","2"
"天显元年春","1","1","2"
"显元年春正","1","1","2"
"春正月己未","2","0","2"
"命惕隐安端","1","1","2"
"院夷离堇斜","1","1","2"
"夷离堇斜涅","1","1","2"
"离堇斜涅赤","1","1","2"
"率僚属三百","1","1","2"
"谕渤海郡县","1","1","2"
"近侍康末怛","1","1","2"
"侍康末怛等","1","1","2"
"康末怛等十","1","1","2"
"末怛等十三","1","1","2"
"怛等十三人","1","1","2"
"倍人皇王主","2","0","2"
"夷离毕康默","1","1","2"
"离毕康默记","1","1","2"
"左仆射韩延","1","1","2"
"仆射韩延徽","1","1","2"
"幸人皇王宫","1","1","2"
"安边府叛帅","1","1","2"
"边府叛帅二","1","1","2"
"府叛帅二人","1","1","2"
"东丹国僚佐","1","1","2"
"夏四月丁亥","2","0","2"
"人皇王率东","1","1","2"
"皇王率东丹","1","1","2"
"王率东丹国","1","1","2"
"丹国僚属辞","1","1","2"
"唐养子李嗣","1","1","2"
"养子李嗣源","1","1","2"
"元帅尧骨讨","1","1","2"
"铁州刺史卫","1","1","2"
"州刺史卫钧","1","1","2"
"刺史卫钧反","1","1","2"
"东丹国左大","1","1","2"
"丹国左大相","1","1","2"
"国左大相迭","1","1","2"
"大相迭剌卒","1","1","2"
"肃祖生萨剌","1","1","2"
"祖生萨剌德","1","1","2"
"黄室韦挑战","1","1","2"
"懿祖生匀德","1","1","2"
"祖生匀德实","1","1","2"
"玄祖生撒剌","1","1","2"
"契丹遥辇氏","1","1","2"
"唐天复二年","1","1","2"
"天复二年生","1","1","2"
"裨将裴信等","1","1","2"
"将裴信等数","1","1","2"
"裴信等数十","1","1","2"
"信等数十人","1","1","2"
"下山西诸镇","1","1","2"
"破达卢古部","1","1","2"
"天显元年七","1","1","2"
"显元年七月","1","1","2"
"皇子大元帅","1","1","2"
"诸道将帅辞","1","1","2"
"客省诸局官","1","1","2"
"省诸局官属","1","1","2"
"选遥辇氏九","1","1","2"
"辇氏九帐子","1","1","2"
"氏九帐子弟","1","1","2"
"黄龙府罗涅","1","1","2"
"龙府罗涅河","1","1","2"
"府罗涅河女","1","1","2"
"隐涅里衮进","1","1","2"
"节度使王都","1","1","2"
"命奚秃里铁","1","1","2"
"奚秃里铁剌","1","1","2"
"败唐将王晏","1","1","2"
"唐将王晏球","1","1","2"
"命惕隐涅里","1","1","2"
"命林牙突吕","1","1","2"
"唐兵破定州","1","1","2"
"查剌等数十","1","1","2"
"剌等数十人","1","1","2"
"天皇太后诞","1","1","2"
"皇太后诞圣","1","1","2"
"太后诞圣碑","1","1","2"
"上率群臣上","2","0","2"
"宴群臣诸国","2","0","2"
"阅遥辇氏户","1","1","2"
"遥辇氏户籍","1","1","2"
"云中郡县未","1","1","2"
"一月丙寅朔","2","0","2"
"春正月庚午","2","0","2"
"臣议军国事","2","0","2"
"皇弟李胡请","1","1","2"
"宗室舍利郎","1","1","2"
"室舍利郎君","1","1","2"
"幸皇叔安端","1","1","2"
"人皇王献白","1","1","2"
"寿昌皇太弟","1","1","2"
"节度使刘居","1","1","2"
"度使刘居言","1","1","2"
"人皇王僚属","1","1","2"
"人皇王先赴","1","1","2"
"皇王先赴祖","1","1","2"
"王先赴祖陵","1","1","2"
"荐时果太祖","2","0","2"
"时果太祖庙","2","0","2"
"抚慰人皇王","1","1","2"
"置人皇王仪","1","1","2"
"人皇王仪卫","1","1","2"
"太祖圣功碑","1","1","2"
"迂正集会埚","1","1","2"
"辖戛斯国人","1","1","2"
"王倍妃萧氏","2","0","2"
"倍妃萧氏率","1","1","2"
"秋七月丁亥","2","0","2"
"二月甲寅朔","2","0","2"
"春正月壬辰","2","0","2"
"征西将军课","1","1","2"
"西将军课里","1","1","2"
"拽剌铎括奏","1","1","2"
"牙迪离毕指","1","1","2"
"上率群臣朝","1","1","2"
"五月壬午朔","2","0","2"
"太祖建国碑","1","1","2"
"秋七月辛巳","2","0","2"
"海东青鹘三","1","1","2"
"东青鹘三十","1","1","2"
"青鹘三十连","1","1","2"
"十二月辛亥","2","0","2"
"泥离衮家口","1","1","2"
"离衮家口分","1","1","2"
"衮家口分赐","1","1","2"
"左威卫上将","1","1","2"
"威卫上将军","1","1","2"
"卫上将军撒","1","1","2"
"上将军撒割","1","1","2"
"将军撒割率","1","1","2"
"军撒割率兵","1","1","2"
"物分赐群臣","2","0","2"
"惕隐迪辇所","1","1","2"
"隐迪辇所乘","1","1","2"
"秋七月戊寅","2","0","2"
"皇子提离古","1","1","2"
"乌古吐鲁没","1","1","2"
"日遣使吊祭","2","0","2"
"葬太皇太后","1","1","2"
"括所俘丁壮","1","1","2"
"皇子阿钵撒","1","1","2"
"子阿钵撒葛","1","1","2"
"阿钵撒葛里","1","1","2"
"宰相涅里衮","1","1","2"
"皇太后父族","1","1","2"
"谥曰彰德皇","1","1","2"
"曰彰德皇后","1","1","2"
"舍利王庭鹗","1","1","2"
"十一月丙午","2","0","2"
"阿鲁扫姑等","1","1","2"
"清暑沿柳湖","2","0","2"
"六月戊午朔","2","0","2"
"东节度使石","1","1","2"
"节度使石敬","1","1","2"
"度使石敬瑭","1","1","2"
"南路招讨卢","1","1","2"
"南府夷离堇","1","1","2"
"府夷离堇曷","1","1","2"
"离堇曷鲁恩","1","1","2"
"唐将高行周","1","1","2"
"唐将张敬达","1","1","2"
"南宰相鹘离","1","1","2"
"宰相鹘离底","1","1","2"
"将军陪阿临","1","1","2"
"军陪阿临阵","1","1","2"
"幽州赵德钧","1","1","2"
"命惕隐迪辇","1","1","2"
"惕隐迪辇洼","1","1","2"
"隐迪辇洼拒","1","1","2"
"仆射萧酷古","1","1","2"
"夜发兵追击","1","1","2"
"五千骑送入","1","1","2"
"千骑送入洛","1","1","2"
"晋命桑维翰","1","1","2"
"遣近侍挞鲁","1","1","2"
"郎君解里德","1","1","2"
"阅降将赵德","1","1","2"
"降将赵德钧","1","1","2"
"将赵德钧父","1","1","2"
"德钧父子兵","1","1","2"
"钧父子兵马","1","1","2"
"沙太保所部","1","1","2"
"太保所部兵","1","1","2"
"振武三节度","1","1","2"
"武三节度使","1","1","2"
"三节度使迎","1","1","2"
"唐大同军节","1","1","2"
"同军节度判","1","1","2"
"军节度判官","1","1","2"
"节度判官吴","1","1","2"
"度判官吴峦","1","1","2"
"判官吴峦闭","1","1","2"
"官吴峦闭城","1","1","2"
"吴峦闭城拒","1","1","2"
"诸部休养士","1","1","2"
"部休养士卒","1","1","2"
"晋天雄军节","1","1","2"
"天雄军节度","1","1","2"
"雄军节度使","1","1","2"
"军节度使范","1","1","2"
"节度使范延","1","1","2"
"度使范延广","1","1","2"
"幸平地松林","1","1","2"
"户部尚书聂","1","1","2"
"部尚书聂延","1","1","2"
"尚书聂延祚","1","1","2"
"书聂延祚等","1","1","2"
"聂延祚等请","1","1","2"
"帛三十万匹","1","1","2"
"范延广叛晋","1","1","2"
"告范延广反","1","1","2"
"太原刘知远","1","1","2"
"皇太后永宁","1","1","2"
"太后永宁节","1","1","2"
"遣蒲里骨皮","1","1","2"
"蒲里骨皮室","1","1","2"
"里骨皮室胡","1","1","2"
"骨皮室胡末","1","1","2"
"皮室胡末里","1","1","2"
"会同元年春","1","1","2"
"边大详稳耶","1","1","2"
"大详稳耶律","1","1","2"
"详稳耶律鲁","1","1","2"
"遣使请上尊","2","0","2"
"使请上尊号","2","0","2"
"日月四时堂","1","1","2"
"台省右相耶","1","1","2"
"省右相耶律","1","1","2"
"右相耶律述","1","1","2"
"相耶律述兰","1","1","2"
"耶律述兰迭","1","1","2"
"律述兰迭烈","1","1","2"
"述兰迭烈哥","1","1","2"
"节度使赵思","1","1","2"
"度使赵思温","1","1","2"
"英武明义皇","1","1","2"
"武明义皇帝","1","1","2"
"车子室韦贡","2","0","2"
"守司空冯道","1","1","2"
"散骑常侍韦","1","1","2"
"骑常侍韦勋","1","1","2"
"右谏议大夫","1","1","2"
"谏议大夫卢","1","1","2"
"议大夫卢重","1","1","2"
"郎君迪里姑","1","1","2"
"君迪里姑等","1","1","2"
"十一月甲辰","2","0","2"
"一月甲辰朔","2","0","2"
"命南北宰相","1","1","2"
"宰相夷离堇","2","0","2"
"晋使冯道下","2","0","2"
"上尊号曰广","2","0","2"
"号曰广德仁","2","0","2"
"曰广德仁昭","2","0","2"
"广德仁昭烈","2","0","2"
"德仁昭烈崇","2","0","2"
"行生柴册礼","2","0","2"
"上尊号曰睿","2","0","2"
"尊号曰睿文","2","0","2"
"睿文神武法","1","1","2"
"文神武法天","1","1","2"
"神武法天启","1","1","2"
"武法天启运","1","1","2"
"法天启运明","1","1","2"
"天启运明德","1","1","2"
"启运明德章","1","1","2"
"运明德章信","1","1","2"
"道广敬昭孝","1","1","2"
"广敬昭孝嗣","1","1","2"
"敬昭孝嗣圣","1","1","2"
"昭孝嗣圣皇","1","1","2"
"孝嗣圣皇帝","1","1","2"
"制加晋冯道","1","1","2"
"刘昫守太保","2","0","2"
"晋遣金吾卫","2","0","2"
"卫大将军马","1","1","2"
"考功郎中刘","1","1","2"
"功郎中刘知","1","1","2"
"郎中刘知新","1","1","2"
"沿边四州钱","1","1","2"
"边四州钱币","1","1","2"
"内外群臣官","1","1","2"
"卫上将军王","1","1","2"
"封皇子述律","1","1","2"
"思奴古多里","1","1","2"
"奴古多里等","1","1","2"
"晋遣使进犀","2","0","2"
"晋乌古良马","1","1","2"
"南王府二刺","1","1","2"
"王府二刺史","1","1","2"
"府二刺史贪","1","1","2"
"阻卜阿离底","1","1","2"
"乌古部水草","1","1","2"
"古部水草肥","1","1","2"
"部水草肥美","1","1","2"
"王劳骨宁率","1","1","2"
"献伏鹿国俘","1","1","2"
"部夷离堇旗","1","1","2"
"夷离堇旗鼓","1","1","2"
"墨离鹘末里","1","1","2"
"使回鹘阿萨","1","1","2"
"鸭渌江女直","2","0","2"
"惕隐耶律涅","1","1","2"
"隐耶律涅离","1","1","2"
"耶律涅离骨","1","1","2"
"律涅离骨德","1","1","2"
"涅离骨德率","1","1","2"
"夏四月庚子","2","0","2"
"幸留守赵延","1","1","2"
"留守赵延寿","1","1","2"
"宣徽使杨端","1","1","2"
"遣使进茶药","2","0","2"
"检校司徒邸","1","1","2"
"东京宰相耶","1","1","2"
"京宰相耶律","1","1","2"
"宰相耶律羽","1","1","2"
"渤海相大素","1","1","2"
"海相大素贤","1","1","2"
"命中书令萧","1","1","2"
"中书令萧僧","1","1","2"
"书令萧僧隐","1","1","2"
"秋七月己巳","2","0","2"
"视人皇王妃","1","1","2"
"人皇王妃萧","1","1","2"
"皇王妃萧氏","1","1","2"
"王妃萧氏薨","1","1","2"
"人皇王行宫","1","1","2"
"南院欧堇突","1","1","2"
"院欧堇突吕","1","1","2"
"北院温纳何","1","1","2"
"院温纳何剌","1","1","2"
"侍中崔穷古","1","1","2"
"遣使贡名马","2","0","2"
"契丹人授汉","1","1","2"
"丹人授汉官","1","1","2"
"人授汉官者","1","1","2"
"燕京皇城西","1","1","2"
"京皇城西南","1","1","2"
"献党项俘获","2","0","2"
"州安重荣跋","1","1","2"
"安重荣跋扈","1","1","2"
"晋镇州安重","1","1","2"
"特授回鹘使","1","1","2"
"吐谷浑夷离","1","1","2"
"谷浑夷离堇","1","1","2"
"振武军节度","1","1","2"
"武军节度副","1","1","2"
"军节度副使","1","1","2"
"节度副使赵","1","1","2"
"度副使赵崇","1","1","2"
"度使耶律画","1","1","2"
"使耶律画里","1","1","2"
"告山南节度","1","1","2"
"山南节度使","1","1","2"
"南节度使安","1","1","2"
"惕隐朔古班","1","1","2"
"隐朔古班师","1","1","2"
"鹤指挥使谐","1","1","2"
"指挥使谐里","1","1","2"
"正月丙辰朔","2","0","2"
"诸道贡物进","1","1","2"
"北王府郎君","1","1","2"
"王府郎君耶","1","1","2"
"府郎君耶律","1","1","2"
"郎君耶律海","1","1","2"
"君耶律海思","1","1","2"
"耶律海思应","1","1","2"
"律海思应诏","1","1","2"
"政事令僧隐","1","1","2"
"事令僧隐等","1","1","2"
"客省使耶律","1","1","2"
"省使耶律化","1","1","2"
"明王隈恩代","1","1","2"
"三月乙卯朔","2","0","2"
"齐州防御使","1","1","2"
"州防御使宋","1","1","2"
"防御使宋晖","1","1","2"
"御使宋晖业","1","1","2"
"翰林茶酒使","1","1","2"
"林茶酒使张","1","1","2"
"茶酒使张言","1","1","2"
"四月甲寅朔","2","0","2"
"六月癸丑朔","2","0","2"
"卫大将军梁","1","1","2"
"大将军梁言","1","1","2"
"判四方馆事","1","1","2"
"四方馆事朱","1","1","2"
"方馆事朱崇","1","1","2"
"馆事朱崇节","1","1","2"
"客省使乔荣","1","1","2"
"将军闼德里","1","1","2"
"蒲骨等率降","1","1","2"
"骨等率降将","1","1","2"
"等率降将辖","1","1","2"
"率降将辖德","1","1","2"
"东节度使刘","1","1","2"
"节度使刘知","1","1","2"
"度使刘知远","1","1","2"
"使刘知远送","1","1","2"
"刘知远送叛","1","1","2"
"知远送叛臣","1","1","2"
"远送叛臣乌","1","1","2"
"送叛臣乌古","1","1","2"
"叛臣乌古指","1","1","2"
"臣乌古指挥","1","1","2"
"乌古指挥使","1","1","2"
"将军密骨德","1","1","2"
"年春二月乙","2","0","2"
"六月丁未朔","2","0","2"
"奚锄骨里部","1","1","2"
"锄骨里部进","1","1","2"
"冬十一月辛","2","0","2"
"留守耶律迪","1","1","2"
"守耶律迪辇","1","1","2"
"延昭率前锋","1","1","2"
"昭率前锋五","1","1","2"
"率前锋五万","1","1","2"
"前锋五万骑","1","1","2"
"开南门纳辽","2","0","2"
"太守吴峦投","1","1","2"
"守吴峦投井","1","1","2"
"二月甲辰朔","2","0","2"
"晋平卢军节","1","1","2"
"军节度使杨","1","1","2"
"节度使杨光","1","1","2"
"度使杨光远","1","1","2"
"骑兵万人守","1","1","2"
"前军高行周","1","1","2"
"留赵延昭守","1","1","2"
"赵延昭守贝","1","1","2"
"延昭守贝州","1","1","2"
"将吏二十七","1","1","2"
"吏二十七人","1","1","2"
"秋七月己卯","2","0","2"
"回鹘遣使请","2","0","2"
"十一月壬申","2","0","2"
"相州安阳水","1","1","2"
"濮州刺史慕","1","1","2"
"州刺史慕容","1","1","2"
"刺史慕容彦","1","1","2"
"史慕容彦超","1","1","2"
"彦超力战百","1","1","2"
"将杜重威率","1","1","2"
"李守贞攻泰","1","1","2"
"守贞攻泰州","1","1","2"
"赵延寿率前","1","1","2"
"延寿率前锋","1","1","2"
"命铁鹞军下","1","1","2"
"铁鹞军下马","1","1","2"
"顺风纵火扬","1","1","2"
"上乘奚车退","1","1","2"
"鼻骨德皆贡","2","0","2"
"侍卫萧素撒","1","1","2"
"问军国要务","1","1","2"
"州节度使耶","1","1","2"
"献生口千户","1","1","2"
"夏四月辛酉","2","0","2"
"将孙方简请","1","1","2"
"阻卜酋长曷","1","1","2"
"卜酋长曷剌","1","1","2"
"冬十一月戊","2","0","2"
"先遣候骑报","1","1","2"
"南院大王迪","1","1","2"
"院大王迪辇","1","1","2"
"将军高模翰","1","1","2"
"军高模翰分","1","1","2"
"高模翰分兵","1","1","2"
"贝州节度使","1","1","2"
"州节度使梁","1","1","2"
"节度使梁汉","1","1","2"
"度使梁汉璋","1","1","2"
"使梁汉璋率","1","1","2"
"中渡寨三里","1","1","2"
"大内惕隐耶","1","1","2"
"内惕隐耶律","1","1","2"
"惕隐耶律朔","1","1","2"
"隐耶律朔骨","1","1","2"
"耶律朔骨里","1","1","2"
"赵延寿分兵","1","1","2"
"张彦泽等率","1","1","2"
"所部二十万","1","1","2"
"御史大夫解","1","1","2"
"史大夫解里","1","1","2"
"张彦泽持诏","1","1","2"
"留骑兵千人","1","1","2"
"骑兵千人守","1","1","2"
"兵千人守魏","1","1","2"
"鹤指挥使李","1","1","2"
"指挥使李荣","1","1","2"
"挥使李荣督","1","1","2"
"元殿受百官","2","0","2"
"殿受百官贺","2","0","2"
"密副使刘敏","1","1","2"
"州防御使杨","1","1","2"
"防御使杨承","1","1","2"
"御使杨承勋","1","1","2"
"三百骑送负","1","1","2"
"百骑送负义","1","1","2"
"骑送负义侯","1","1","2"
"黄龙府安置","1","1","2"
"丞相政事令","2","0","2"
"外官僚将士","1","1","2"
"东节度使北","1","1","2"
"节度使北平","1","1","2"
"度使北平王","1","1","2"
"使北平王刘","1","1","2"
"北平王刘知","1","1","2"
"平王刘知远","1","1","2"
"河阳军节度","1","1","2"
"阳军节度使","1","1","2"
"命高唐英讨","1","1","2"
"夏四月丙辰","2","0","2"
"兵二十万降","1","1","2"
"孝庄宪皇帝","2","0","2"
"柔贞皇后萧","1","1","2"
"贞皇后萧氏","1","1","2"
"夏四月丁丑","2","0","2"
"太宗崩栾城","2","0","2"
"院夷离堇安","1","1","2"
"夷离堇安端","1","1","2"
"郎君勤德等","1","1","2"
"萧氏皇太后","2","0","2"
"北院大王洼","2","0","2"
"南院大王吼","2","0","2"
"铁剌子孙先","1","1","2"
"葬嗣圣皇帝","1","1","2"
"尊号曰天授","1","1","2"
"号曰天授皇","1","1","2"
"曰天授皇帝","1","1","2"
"汉主刘知远","1","1","2"
"夏四月庚辰","2","0","2"
"南京留守魏","1","1","2"
"京留守魏王","1","1","2"
"留守魏王赵","1","1","2"
"守魏王赵延","1","1","2"
"魏王赵延寿","1","1","2"
"台省右相牒","1","1","2"
"牒〈虫葛〉","2","0","2"
"敞史耶律胡","1","1","2"
"史耶律胡离","1","1","2"
"耶律胡离轸","1","1","2"
"轸北院大王","2","0","2"
"三月戊戌朔","2","0","2"
"夏五月壬戌","2","0","2"
"五月壬戌朔","2","0","2"
"太子太傅赵","1","1","2"
"子太傅赵莹","1","1","2"
"州县录事参","1","1","2"
"县录事参军","1","1","2"
"密使高勋册","1","1","2"
"九月庚申朔","2","0","2"
"归化州祥古","1","1","2"
"化州祥古山","1","1","2"
"祭国皇帝行","2","0","2"
"国皇帝行宫","2","0","2"
"穆宗孝安敬","1","1","2"
"宗孝安敬正","1","1","2"
"天禄五年秋","1","1","2"
"禄五年秋九","1","1","2"
"五年秋九月","1","1","2"
"十二月甲辰","2","0","2"
"正月戊午朔","2","0","2"
"太尉忽古质","1","1","2"
"尉忽古质谋","1","1","2"
"烈南院大王","2","0","2"
"五月丙辰朔","2","0","2"
"国舅政事令","1","1","2"
"舅政事令萧","1","1","2"
"政事令萧眉","1","1","2"
"事令萧眉古","1","1","2"
"政殿学士李","1","1","2"
"台省右相高","1","1","2"
"省右相高模","1","1","2"
"右相高模翰","1","1","2"
"阿速石烈夷","1","1","2"
"速石烈夷离","1","1","2"
"石烈夷离堇","1","1","2"
"政事令娄国","1","1","2"
"郎君海里等","1","1","2"
"娄国等伏诛","1","1","2"
"十月甲申朔","2","0","2"
"汉遣使进葡","2","0","2"
"遣使进葡萄","2","0","2"
"使进葡萄酒","2","0","2"
"司徒老古等","1","1","2"
"十二月癸未","2","0","2"
"太保敌烈修","1","1","2"
"保敌烈修易","1","1","2"
"敌烈修易州","1","1","2"
"烈修易州城","1","1","2"
"汉遣使求援","2","0","2"
"命太师唐骨","1","1","2"
"太师唐骨德","1","1","2"
"治大行皇太","1","1","2"
"郎君新罗等","1","1","2"
"驻跸奉圣州","2","0","2"
"春正月戊寅","2","0","2"
"嵇干等伏诛","1","1","2"
"养子晋王柴","1","1","2"
"子晋王柴荣","1","1","2"
"命政事令耶","1","1","2"
"事令耶律敌","1","1","2"
"令耶律敌禄","1","1","2"
"败周将符彦","1","1","2"
"周将符彦卿","1","1","2"
"节度使萧敌","1","1","2"
"度使萧敌烈","1","1","2"
"十二月辛酉","2","0","2"
"二月辛酉朔","2","0","2"
"春正月辛未","2","0","2"
"命郎君萧海","1","1","2"
"秋九月庚辰","1","1","2"
"冬十月壬申","2","0","2"
"子承钧遣使","1","1","2"
"汉遣使议军","2","0","2"
"遣使议军事","2","0","2"
"二月己未朔","2","0","2"
"上延年药方","1","1","2"
"十二月丁巳","2","0","2"
"守萧思温攻","1","1","2"
"萧思温攻下","1","1","2"
"思温攻下沿","1","1","2"
"温攻下沿边","1","1","2"
"思温请益兵","2","0","2"
"十一月辛酉","2","0","2"
"前宣徽使海","1","1","2"
"萧达干等谋","1","1","2"
"达干等谋反","1","1","2"
"军节度使阿","1","1","2"
"节度使阿剌","1","1","2"
"度使阿剌率","1","1","2"
"秋七月己亥","2","0","2"
"七月己亥朔","2","0","2"
"事令耶律寿","1","1","2"
"令耶律寿远","1","1","2"
"镇茵石狻猊","1","1","2"
"子喜隐谋反","2","0","2"
"子迭剌哥诬","1","1","2"
"迭剌哥诬告","1","1","2"
"奏老人星见","2","0","2"
"二月己丑朔","2","0","2"
"史大夫萧护","1","1","2"
"大夫萧护思","1","1","2"
"夏五月庚午","2","0","2"
"命左右水相","2","0","2"
"左右水相沃","2","0","2"
"宋欲城益津","2","0","2"
"统军使崔廷","1","1","2"
"军使崔廷勋","1","1","2"
"杀兽人海里","1","1","2"
"杀鹿人弥里","1","1","2"
"鹿人弥里吉","1","1","2"
"夏四月壬寅","2","0","2"
"斡朗改国所","1","1","2"
"朗改国所进","1","1","2"
"杀獐人霞马","1","1","2"
"酒脯祭天地","2","0","2"
"杀彘人曷主","1","1","2"
"面招讨使挞","1","1","2"
"招讨使挞烈","1","1","2"
"讨使挞烈进","1","1","2"
"使挞烈进兵","1","1","2"
"挞烈进兵援","1","1","2"
"解鹿人没答","1","1","2"
"虞人女瑰等","1","1","2"
"近侍乌古者","1","1","2"
"侍乌古者进","1","1","2"
"白金二百五","1","1","2"
"金二百五十","1","1","2"
"二百五十两","1","1","2"
"掌鹿矧思代","1","1","2"
"杀近侍小六","1","1","2"
"十二月丙午","2","0","2"
"枢密使雅里","1","1","2"
"密使雅里斯","1","1","2"
"虎军详稳楚","1","1","2"
"军详稳楚思","1","1","2"
"乌古夷离堇","1","1","2"
"子勃勒底独","1","1","2"
"除鹰坊刺面","1","1","2"
"大黄室韦酋","1","1","2"
"黄室韦酋长","1","1","2"
"室韦酋长寅","1","1","2"
"韦酋长寅尼","1","1","2"
"酋长寅尼吉","1","1","2"
"长寅尼吉叛","1","1","2"
"五坊人四十","1","1","2"
"坊人四十户","1","1","2"
"人四十户叛","1","1","2"
"令挞马寻吉","1","1","2"
"挞马寻吉里","1","1","2"
"马寻吉里持","1","1","2"
"寻吉里持诏","1","1","2"
"苏二群牧兵","1","1","2"
"秋七月甲戌","2","0","2"
"夷离毕常思","1","1","2"
"北榆林峪居","1","1","2"
"榆林峪居民","1","1","2"
"近侍喜哥私","1","1","2"
"杀近侍随鲁","1","1","2"
"春正月丁卯","2","0","2"
"杀近侍白海","1","1","2"
"幸酒人拔剌","1","1","2"
"酒人拔剌哥","1","1","2"
"人拔剌哥家","1","1","2"
"正月庚寅朔","2","0","2"
"郎君耶律贤","1","1","2"
"君耶律贤适","1","1","2"
"耶律贤适讨","1","1","2"
"夷离毕骨欲","1","1","2"
"夏四月戊辰","2","0","2"
"府宰相萧海","1","1","2"
"解雉人寿哥","1","1","2"
"杀鹿人四十","1","1","2"
"鹿人四十四","1","1","2"
"人四十四人","1","1","2"
"冬十月乙丑","2","0","2"
"杀近侍廷寿","1","1","2"
"杀鹿人唐果","1","1","2"
"幸五坊使霞","1","1","2"
"五坊使霞实","1","1","2"
"坊使霞实里","1","1","2"
"使霞实里家","1","1","2"
"鹘人胡特鲁","1","1","2"
"政事令萧排","1","1","2"
"事令萧排押","1","1","2"
"杀鹿人颇德","1","1","2"
"杀彘人屯奴","1","1","2"
"杀详稳八剌","1","1","2"
"拽剌痕笃等","1","1","2"
"剌痕笃等四","1","1","2"
"痕笃等四人","1","1","2"
"谕西南面都","1","1","2"
"西南面都统","1","1","2"
"唤鹿人铺姑","1","1","2"
"黑山东抹真","2","0","2"
"山东抹真地","2","0","2"
"地数十里赐","1","1","2"
"发诸道兵救","2","0","2"
"杀酒人搭烈","1","1","2"
"酒人搭烈葛","1","1","2"
"命殿前都点","1","1","2"
"检夷腊葛代","1","1","2"
"夷腊葛代行","1","1","2"
"腊葛代行击","1","1","2"
"葛代行击土","1","1","2"
"代行击土牛","1","1","2"
"行击土牛礼","1","1","2"
"汉刘继元嗣","1","1","2"
"遣使乞封册","2","0","2"
"庖人辛古等","1","1","2"
"人辛古等六","1","1","2"
"辛古等六人","1","1","2"
"世宗皇帝第","1","1","2"
"宗皇帝第二","1","1","2"
"怀节皇后萧","1","1","2"
"节皇后萧氏","1","1","2"
"应历十九年","1","1","2"
"历十九年春","1","1","2"
"十九年春二","1","1","2"
"九年春二月","1","1","2"
"率飞龙使女","1","1","2"
"侍中萧思温","1","1","2"
"皮室详稳萧","1","1","2"
"室详稳萧乌","1","1","2"
"详稳萧乌里","1","1","2"
"夷离毕粘木","1","1","2"
"离毕粘木衮","1","1","2"
"罨撒葛入朝","1","1","2"
"四月戊申朔","2","0","2"
"进封太平王","1","1","2"
"封太平王罨","1","1","2"
"立贵妃萧氏","1","1","2"
"北院大王屋","1","1","2"
"院大王屋质","1","1","2"
"大王屋质加","1","1","2"
"春正月丁未","2","0","2"
"国皇帝世宗","2","0","2"
"皇帝世宗庙","2","0","2"
"十二月庚午","2","0","2"
"春正月甲寅","2","0","2"
"夷离毕奚底","1","1","2"
"置登闻鼓院","1","1","2"
"京统军使魏","1","1","2"
"统军使魏国","1","1","2"
"军使魏国公","1","1","2"
"使魏国公韩","1","1","2"
"魏国公韩匡","1","1","2"
"国公韩匡美","1","1","2"
"使阿萨兰回","1","1","2"
"院枢密使贤","1","1","2"
"傅父侍中达","1","1","2"
"父侍中达里","1","1","2"
"侍中达里迭","1","1","2"
"押雅等户口","1","1","2"
"越延尼里等","1","1","2"
"延尼里等率","1","1","2"
"十二月癸酉","2","0","2"
"十月丁亥朔","2","0","2"
"十二月甲午","2","0","2"
"五凤楼观灯","1","1","2"
"近侍实鲁里","1","1","2"
"越王必摄献","1","1","2"
"夏四月丙申","2","0","2"
"都监达里迭","1","1","2"
"拽剌斡里鲁","1","1","2"
"掠边民牛马","1","1","2"
"女直宰相夷","2","0","2"
"直宰相夷离","2","0","2"
"度使耶律斜","1","1","2"
"使耶律斜里","1","1","2"
"耶律斜里底","1","1","2"
"长曷鲁挞览","1","1","2"
"获应历逆党","1","1","2"
"应历逆党近","1","1","2"
"历逆党近侍","1","1","2"
"逆党近侍小","1","1","2"
"党近侍小哥","1","1","2"
"刺史耶律昌","1","1","2"
"史耶律昌术","1","1","2"
"遥授陇州防","1","1","2"
"授陇州防御","1","1","2"
"陇州防御使","1","1","2"
"三京诸道僧","1","1","2"
"京诸道僧尼","1","1","2"
"诸道僧尼都","1","1","2"
"道僧尼都总","1","1","2"
"僧尼都总管","1","1","2"
"汉雁门节度","1","1","2"
"雁门节度使","1","1","2"
"门节度使刘","1","1","2"
"度使刘继文","1","1","2"
"耶律速撒等","1","1","2"
"律速撒等献","1","1","2"
"等献党项俘","2","0","2"
"黄龙府卫将","1","1","2"
"龙府卫将燕","1","1","2"
"府卫将燕颇","1","1","2"
"卫将燕颇杀","1","1","2"
"都监张琚叛","1","1","2"
"敞史耶律曷","1","1","2"
"史耶律曷里","1","1","2"
"余党千余户","1","1","2"
"谕史馆学士","1","1","2"
"秋七月丙寅","2","0","2"
"七月丙寅朔","2","0","2"
"贵德州东境","1","1","2"
"京统军使察","1","1","2"
"统军使察邻","1","1","2"
"挞马涅木古","1","1","2"
"马涅木古等","1","1","2"
"复礼部贡院","1","1","2"
"致先帝遗物","2","0","2"
"汉复遣使宋","2","0","2"
"复遣使宋事","2","0","2"
"遣使宋事告","2","0","2"
"子陈哥谋害","1","1","2"
"陈哥谋害父","1","1","2"
"亨元年春正","1","1","2"
"诏南府宰相","2","0","2"
"相耶律沙都","2","0","2"
"耶律沙都统","2","0","2"
"枢密副使抹","1","1","2"
"左千牛卫大","1","1","2"
"度使耶律善","1","1","2"
"部节度使都","1","1","2"
"节度使都敏","1","1","2"
"皮室详稳唐","1","1","2"
"士卒死伤甚","1","1","2"
"五月己卯朔","2","0","2"
"统军使萧讨","1","1","2"
"军使萧讨古","1","1","2"
"权知南京留","1","1","2"
"京留守事韩","1","1","2"
"留守事韩德","1","1","2"
"权南京马步","1","1","2"
"南京马步军","1","1","2"
"京马步军都","1","1","2"
"挥使耶律学","1","1","2"
"使耶律学古","1","1","2"
"知三司事刘","1","1","2"
"三司事刘弘","1","1","2"
"阻卜惕隐曷","1","1","2"
"卜惕隐曷鲁","1","1","2"
"夷离堇阿里","1","1","2"
"离堇阿里睹","1","1","2"
"堇阿里睹等","1","1","2"
"耶律沙等献","1","1","2"
"命大同军节","1","1","2"
"军节度使善","1","1","2"
"节度使善补","1","1","2"
"枢密使政事","2","0","2"
"密使政事令","2","0","2"
"事令郭袭上","1","1","2"
"令郭袭上书","1","1","2"
"哥北院大王","2","0","2"
"前枢密使贤","1","1","2"
"南面招讨副","1","1","2"
"面招讨副使","1","1","2"
"副使耶律王","1","1","2"
"使耶律王六","1","1","2"
"十月辛未朔","2","0","2"
"节度使萧干","1","1","2"
"捷军详稳耶","1","1","2"
"军详稳耶律","1","1","2"
"详稳耶律痕","1","1","2"
"稳耶律痕德","1","1","2"
"立子留礼寿","2","0","2"
"诸王大臣较","2","0","2"
"王大臣较射","2","0","2"
"守太尉奚瓦","1","1","2"
"太尉奚瓦里","1","1","2"
"尉奚瓦里中","1","1","2"
"奚瓦里中流","1","1","2"
"遗诏梁王隆","1","1","2"
"诏梁王隆绪","1","1","2"
"军国大事听","1","1","2"
"圣宗文武大","1","1","2"
"宗文武大孝","1","1","2"
"四年秋九月","1","1","2"
"上尊号曰昭","1","1","2"
"尊号曰昭圣","1","1","2"
"号曰昭圣皇","1","1","2"
"曰昭圣皇帝","1","1","2"
"尊皇后皇太","2","0","2"
"十二月戊午","2","0","2"
"耶律速撒讨","2","0","2"
"南京留守荆","1","1","2"
"京留守荆王","1","1","2"
"留守荆王道","1","1","2"
"守荆王道隐","1","1","2"
"荆王道隐奏","1","1","2"
"面招讨使秦","1","1","2"
"招讨使秦王","1","1","2"
"讨使秦王韩","1","1","2"
"使秦王韩匡","1","1","2"
"皇帝梓宫菆","2","0","2"
"帝梓宫菆涂","2","0","2"
"梓宫菆涂殿","2","0","2"
"召先帝庶兄","1","1","2"
"先帝庶兄质","1","1","2"
"帝庶兄质睦","1","1","2"
"乌隈乌骨里","1","1","2"
"隈乌骨里部","1","1","2"
"乌骨里部节","1","1","2"
"骨里部节度","1","1","2"
"里部节度使","1","1","2"
"度使耶律章","1","1","2"
"使耶律章瓦","1","1","2"
"南面行营总","1","1","2"
"面行营总管","1","1","2"
"行营总管印","1","1","2"
"营总管印绶","1","1","2"
"渤海挞马解","1","1","2"
"海挞马解里","1","1","2"
"受先帝厚恩","1","1","2"
"恳笃持送休","1","1","2"
"笃持送休哥","1","1","2"
"涿州刺史安","1","1","2"
"州刺史安吉","1","1","2"
"刺史安吉奏","1","1","2"
"留守越休哥","2","0","2"
"北大王普奴","1","1","2"
"大王普奴宁","1","1","2"
"使韩德威奏","1","1","2"
"党项十五部","1","1","2"
"项十五部侵","1","1","2"
"讨党项诸部","1","1","2"
"政事令室昉","2","0","2"
"葬景宗皇帝","1","1","2"
"掌饮伶人挞","1","1","2"
"饮伶人挞鲁","1","1","2"
"伶人挞鲁殉","1","1","2"
"军使耶律善","1","1","2"
"耶律善补奏","1","1","2"
"奏讨党项捷","2","0","2"
"寿公主下嫁","1","1","2"
"公主下嫁国","1","1","2"
"主下嫁国舅","1","1","2"
"下嫁国舅宰","1","1","2"
"嫁国舅宰相","1","1","2"
"国舅宰相萧","1","1","2"
"舅宰相萧婆","1","1","2"
"宰相萧婆项","1","1","2"
"军节度使颓","1","1","2"
"节度使颓剌","1","1","2"
"度使颓剌父","1","1","2"
"使颓剌父子","1","1","2"
"赏西南面功","2","0","2"
"西南面功将","2","0","2"
"南面功将士","2","0","2"
"耶律曷鲁宁","1","1","2"
"同平章事萧","1","1","2"
"忠亮佐理功","1","1","2"
"亮佐理功臣","1","1","2"
"平章耶律河","1","1","2"
"章耶律河阳","1","1","2"
"耶律河阳墓","1","1","2"
"幸夫人乌骨","1","1","2"
"夫人乌骨里","1","1","2"
"幸公主胡古","1","1","2"
"父母家行礼","1","1","2"
"南路招讨请","2","0","2"
"西突厥诸部","1","1","2"
"北王府耶律","1","1","2"
"王府耶律蒲","1","1","2"
"府耶律蒲奴","1","1","2"
"迭烈二部兵","1","1","2"
"耶律善补招","1","1","2"
"王子药师奴","1","1","2"
"子药师奴墓","1","1","2"
"密使韩德度","1","1","2"
"后汉太后临","1","1","2"
"汉太后临朝","1","1","2"
"讨使大汉奏","1","1","2"
"拽剌跋剌哥","1","1","2"
"谕党项诸部","1","1","2"
"路招讨使奏","1","1","2"
"党项酋长执","1","1","2"
"副使耶律斜","1","1","2"
"王子司徒娄","1","1","2"
"子司徒娄国","1","1","2"
"楚国王萧思","1","1","2"
"国王萧思温","1","1","2"
"王萧思温墓","1","1","2"
"政事令孙桢","1","1","2"
"国舅小翁帐","1","1","2"
"舅小翁帐郎","1","1","2"
"小翁帐郎君","1","1","2"
"翁帐郎君桃","1","1","2"
"帐郎君桃隈","1","1","2"
"公主淑哥下","1","1","2"
"主淑哥下嫁","1","1","2"
"淑哥下嫁国","1","1","2"
"哥下嫁国舅","1","1","2"
"下嫁国舅详","1","1","2"
"嫁国舅详稳","1","1","2"
"国舅详稳照","1","1","2"
"舅详稳照姑","1","1","2"
"行临潢尹事","1","1","2"
"阅东京留守","1","1","2"
"留守耶律末","1","1","2"
"一月壬子朔","2","0","2"
"谕三京左右","1","1","2"
"三京左右相","1","1","2"
"左右平章事","1","1","2"
"副留守判官","1","1","2"
"诸道节度使","1","1","2"
"道节度使判","1","1","2"
"节度使判官","1","1","2"
"诸军事判官","1","1","2"
"录事参军等","1","1","2"
"显州岁贡绫","1","1","2"
"州岁贡绫锦","1","1","2"
"岁贡绫锦分","1","1","2"
"贡绫锦分赐","1","1","2"
"国舅帐彰德","1","1","2"
"舅帐彰德军","1","1","2"
"帐彰德军节","1","1","2"
"将军耶律敌","1","1","2"
"徽使耶律蒲","1","1","2"
"使耶律蒲宁","1","1","2"
"耶律蒲宁奏","1","1","2"
"厥节度使耶","1","1","2"
"度使耶律隗","1","1","2"
"使耶律隗洼","1","1","2"
"所辖诸部难","1","1","2"
"故同平章事","1","1","2"
"同平章事赵","1","1","2"
"平章事赵延","1","1","2"
"章事赵延煦","1","1","2"
"同平章事耶","1","1","2"
"章事耶律普","1","1","2"
"事耶律普宁","1","1","2"
"都监萧勤德","1","1","2"
"神武卫大将","1","1","2"
"侍中耶律末","1","1","2"
"左拾遗知制","1","1","2"
"拾遗知制诰","1","1","2"
"遗知制诰刘","1","1","2"
"知制诰刘景","1","1","2"
"吏部郎中知","1","1","2"
"部郎中知制","1","1","2"
"郎中知制诰","1","1","2"
"中知制诰牛","1","1","2"
"知制诰牛藏","1","1","2"
"二月丙子朔","2","0","2"
"乌隈二部户","1","1","2"
"凤州刺史赵","1","1","2"
"州刺史赵匡","1","1","2"
"刺史赵匡符","1","1","2"
"国舅萧道宁","1","1","2"
"知沈州军州","1","1","2"
"沈州军州事","1","1","2"
"七月甲辰朔","2","0","2"
"诏诸道缮甲","2","0","2"
"诸道缮甲兵","2","0","2"
"韩匡嗣葬物","1","1","2"
"命枢密使耶","1","1","2"
"马都尉萧恳","1","1","2"
"都尉萧恳德","1","1","2"
"皮室详稳进","1","1","2"
"故南院大王","1","1","2"
"南院大王谐","1","1","2"
"群臣菊花酒","1","1","2"
"谕东征将帅","1","1","2"
"东北路兵马","1","1","2"
"北路兵马监","1","1","2"
"路兵马监军","1","1","2"
"都统萧闼览","1","1","2"
"林牙耶律谋","1","1","2"
"牙耶律谋鲁","1","1","2"
"耶律谋鲁姑","1","1","2"
"节度使闼览","1","1","2"
"统军使室罗","1","1","2"
"王府监军迪","1","1","2"
"府监军迪烈","1","1","2"
"近侍泥里吉","1","1","2"
"西夏李继迁","1","1","2"
"夏李继迁叛","1","1","2"
"李继迁叛宋","1","1","2"
"银夏绥宥等","1","1","2"
"夏绥宥等州","1","1","2"
"绥宥等州观","1","1","2"
"宥等州观察","1","1","2"
"谋鲁姑等族","1","1","2"
"鲁姑等族帅","1","1","2"
"遣东京留守","2","0","2"
"留守耶律抹","1","1","2"
"军使耶律颇","1","1","2"
"寰州刺史赵","1","1","2"
"州刺史赵彦","1","1","2"
"刺史赵彦章","1","1","2"
"皇太后驻兵","1","1","2"
"州节度使迪","1","1","2"
"节度使迪里","1","1","2"
"度使迪里姑","1","1","2"
"冀州防御使","1","1","2"
"防御使大鹏","1","1","2"
"御使大鹏翼","1","1","2"
"康州刺史马","1","1","2"
"马军指挥使","1","1","2"
"军指挥使何","1","1","2"
"指挥使何万","1","1","2"
"挥使何万通","1","1","2"
"山西兵马都","1","1","2"
"西兵马都统","1","1","2"
"院宣徽使蒲","1","1","2"
"军节度使艾","1","1","2"
"节度使艾正","1","1","2"
"观察判官宋","1","1","2"
"察判官宋雄","1","1","2"
"飞龙使亚剌","1","1","2"
"文班吏亚达","1","1","2"
"班吏亚达哥","1","1","2"
"诏驸马都尉","2","0","2"
"牙谋鲁姑旗","1","1","2"
"谋鲁姑旗鼓","1","1","2"
"鲁姑旗鼓四","1","1","2"
"都指挥使穆","1","1","2"
"指挥使穆超","1","1","2"
"密使斜轸密","1","1","2"
"使斜轸密旨","1","1","2"
"军节度使杓","1","1","2"
"夏四月己亥","2","0","2"
"皮室详稳解","1","1","2"
"室详稳解里","1","1","2"
"详稳解里等","1","1","2"
"横帐郎君老","1","1","2"
"帐郎君老君","1","1","2"
"郎君老君奴","1","1","2"
"君老君奴率","1","1","2"
"诸路兵马都","1","1","2"
"路兵马都统","1","1","2"
"兵马副部署","1","1","2"
"朔州节度副","1","1","2"
"奚军小校隘","1","1","2"
"军小校隘离","1","1","2"
"小校隘离辖","1","1","2"
"渤海小校贯","1","1","2"
"海小校贯海","1","1","2"
"小校贯海等","1","1","2"
"校贯海等叛","1","1","2"
"召林牙勤德","1","1","2"
"近侍粘米里","1","1","2"
"侍粘米里所","1","1","2"
"粘米里所进","1","1","2"
"谕诸路京镇","1","1","2"
"遣详稳排亚","1","1","2"
"详稳排亚率","1","1","2"
"招讨韩德威","1","1","2"
"讨韩德威等","1","1","2"
"韩德威赴阙","1","1","2"
"军使颇德检","1","1","2"
"使颇德检校","1","1","2"
"颇德检校太","1","1","2"
"德检校太师","1","1","2"
"南京留守休","1","1","2"
"京留守休哥","1","1","2"
"夷离毕侄里","1","1","2"
"离毕侄里古","1","1","2"
"毕侄里古部","1","1","2"
"侄里古部送","1","1","2"
"里古部送辎","1","1","2"
"古部送辎重","1","1","2"
"节度使韩毗","1","1","2"
"度使韩毗哥","1","1","2"
"士邢抱朴等","1","1","2"
"邢抱朴等充","1","1","2"
"云州宣谕招","1","1","2"
"州宣谕招抚","1","1","2"
"宣谕招抚使","1","1","2"
"太尉王八所","1","1","2"
"尉王八所俘","1","1","2"
"王八所俘生","1","1","2"
"八所俘生口","1","1","2"
"所俘生口分","1","1","2"
"越迪辇乙里","1","1","2"
"迪辇乙里婉","1","1","2"
"侍御涅里底","1","1","2"
"上所获将校","1","1","2"
"所获将校印","1","1","2"
"获将校印绶","1","1","2"
"涅里底等酒","1","1","2"
"二百四十人","1","1","2"
"百四十人分","1","1","2"
"四十人分赐","1","1","2"
"上京开龙寺","1","1","2"
"杀守城吏卒","1","1","2"
"朔州三十里","1","1","2"
"详稳辖麦室","1","1","2"
"稳辖麦室传","1","1","2"
"捷宣谕南京","1","1","2"
"置先离闼览","1","1","2"
"先离闼览官","1","1","2"
"乙室帐宰相","1","1","2"
"室帐宰相安","1","1","2"
"帐宰相安宁","1","1","2"
"宰相安宁功","1","1","2"
"相安宁功过","1","1","2"
"安宁功过相","1","1","2"
"朔州节度使","1","1","2"
"州节度使慎","1","1","2"
"节度使慎思","1","1","2"
"应州节度使","1","1","2"
"州节度使骨","1","1","2"
"州节度使化","1","1","2"
"军校李元迪","1","1","2"
"蔚州节度使","1","1","2"
"州节度使佛","1","1","2"
"节度使佛留","1","1","2"
"国舅军王六","1","1","2"
"所部将校前","1","1","2"
"纳皇后萧氏","1","1","2"
"郎君拽剌先","1","1","2"
"召北大王蒲","1","1","2"
"十月丙申朔","2","0","2"
"乙室王帐郎","1","1","2"
"室王帐郎君","1","1","2"
"王帐郎君吴","1","1","2"
"帐郎君吴留","1","1","2"
"命新州节度","1","1","2"
"新州节度使","1","1","2"
"州节度使蒲","1","1","2"
"节度使蒲里","2","0","2"
"北大王帐郎","1","1","2"
"大王帐郎君","1","1","2"
"王帐郎君曷","1","1","2"
"帐郎君曷葛","1","1","2"
"本府王蒲奴","1","1","2"
"府王蒲奴宁","1","1","2"
"王蒲奴宁十","1","1","2"
"蒲奴宁十七","1","1","2"
"横帐太保核","1","1","2"
"帐太保核国","1","1","2"
"太保核国底","1","1","2"
"东京延芳淀","1","1","2"
"南院大王留","1","1","2"
"院大王留宁","1","1","2"
"上大臣分朋","2","0","2"
"大臣分朋击","2","0","2"
"臣分朋击鞠","2","0","2"
"政事令韩德","1","1","2"
"王蒲奴宁居","1","1","2"
"驸马都尉勤","1","1","2"
"马都尉勤德","1","1","2"
"都尉勤德祈","1","1","2"
"太尉林八等","1","1","2"
"尉林八等固","1","1","2"
"林八等固守","1","1","2"
"皮室详稳排","1","1","2"
"室详稳排亚","1","1","2"
"详稳排亚献","1","1","2"
"献所获宋谍","2","0","2"
"节度使卢补","1","1","2"
"度使卢补古","1","1","2"
"卢补古临阵","1","1","2"
"郎君拽剌双","1","1","2"
"君拽剌双骨","1","1","2"
"拽剌双骨里","1","1","2"
"御盏郎君化","1","1","2"
"盏郎君化哥","1","1","2"
"横帐郎君佛","1","1","2"
"帐郎君佛留","1","1","2"
"国舅军桃畏","1","1","2"
"舅军桃畏请","1","1","2"
"宋将贺令图","1","1","2"
"王子帐节度","1","1","2"
"子帐节度使","1","1","2"
"帐节度使耶","1","1","2"
"度使耶律襄","1","1","2"
"牡丹遍赐近","1","1","2"
"丹遍赐近臣","1","1","2"
"谛居部下拽","1","1","2"
"居部下拽剌","1","1","2"
"部下拽剌解","1","1","2"
"下拽剌解里","1","1","2"
"拽剌解里侦","1","1","2"
"入御盏郎君","1","1","2"
"御盏郎君班","1","1","2"
"夏四月癸巳","2","0","2"
"四月癸巳朔","2","0","2"
"后尊号曰睿","2","0","2"
"尊号曰睿德","2","0","2"
"号曰睿德神","2","0","2"
"曰睿德神略","2","0","2"
"帝尊号曰德","2","0","2"
"尊号曰德广","2","0","2"
"号曰德广孝","2","0","2"
"曰德广孝昭","2","0","2"
"涅剌部节度","1","1","2"
"剌部节度使","1","1","2"
"部节度使撒","1","1","2"
"节度使撒葛","1","1","2"
"度使撒葛里","1","1","2"
"春正月庚申","2","0","2"
"同平章政事","1","1","2"
"平章政事刘","1","1","2"
"章政事刘京","1","1","2"
"司天赵宗德","1","1","2"
"幸宋国王休","1","1","2"
"党项太保阿","1","1","2"
"项太保阿剌","1","1","2"
"太保阿剌恍","1","1","2"
"谕诸道兵马","1","1","2"
"夷离堇阿鲁","1","1","2"
"离堇阿鲁勃","1","1","2"
"送沙州节度","1","1","2"
"沙州节度使","1","1","2"
"州节度使曹","1","1","2"
"节度使曹恭","1","1","2"
"度使曹恭顺","1","1","2"
"秋七月丙戌","2","0","2"
"郡王耶律抹","1","1","2"
"遣使祭木叶","2","0","2"
"使祭木叶山","2","0","2"
"西北路管押","1","1","2"
"北路管押详","1","1","2"
"路管押详稳","1","1","2"
"管押详稳速","1","1","2"
"押详稳速撒","1","1","2"
"详稳速撒哥","1","1","2"
"东路林牙萧","1","1","2"
"路林牙萧勤","1","1","2"
"林牙萧勤德","1","1","2"
"统军石老击","1","1","2"
"军石老击败","1","1","2"
"石老击败女","1","1","2"
"度使耶律抹","1","1","2"
"详稳意德里","1","1","2"
"稳意德里献","1","1","2"
"驸马萧勤德","1","1","2"
"排亚等追击","1","1","2"
"殿学士马臣","2","0","2"
"进军长城口","1","1","2"
"宋定州守将","1","1","2"
"定州守将李","1","1","2"
"州守将李兴","1","1","2"
"大军四面进","1","1","2"
"军四面进攻","1","1","2"
"国舅郎君桃","1","1","2"
"舅郎君桃委","1","1","2"
"详稳十哥击","1","1","2"
"横帐郎君达","1","1","2"
"奚详稳耶鲁","1","1","2"
"北宰相萧继","1","1","2"
"侍卫马军司","1","1","2"
"卫马军司奏","1","1","2"
"都头刘赞等","1","1","2"
"头刘赞等三","1","1","2"
"刘赞等三十","1","1","2"
"赞等三十人","1","1","2"
"宋鸡壁砦守","1","1","2"
"鸡壁砦守将","1","1","2"
"壁砦守将郭","1","1","2"
"砦守将郭荣","1","1","2"
"东京骑将夏","1","1","2"
"京骑将夏贞","1","1","2"
"骑将夏贞显","1","1","2"
"刺史耶律守","1","1","2"
"史耶律守雄","1","1","2"
"二月壬子朔","2","0","2"
"皇子佛宝奴","1","1","2"
"宋进士十七","1","1","2"
"进士十七人","1","1","2"
"越宋国王红","1","1","2"
"宋国王红珠","1","1","2"
"国王红珠筋","1","1","2"
"王红珠筋线","1","1","2"
"成廷朗等八","1","1","2"
"廷朗等八户","1","1","2"
"乙室王贯宁","1","1","2"
"郎君高四纵","1","1","2"
"君高四纵马","1","1","2"
"帐耶律襄女","2","0","2"
"耶律襄女封","2","0","2"
"律襄女封义","2","0","2"
"襄女封义成","2","0","2"
"女封义成公","2","0","2"
"国舅太师萧","1","1","2"
"舅太师萧闼","1","1","2"
"太师萧闼览","1","1","2"
"皇女延寿公","1","1","2"
"女延寿公主","1","1","2"
"谒太宗皇帝","1","1","2"
"御史大夫乌","1","1","2"
"史大夫乌骨","1","1","2"
"幸延寿寺饭","2","0","2"
"延寿寺饭僧","2","0","2"
"谏议大夫马","1","1","2"
"吐蕃独朵等","1","1","2"
"舍利军耶律","1","1","2"
"利军耶律杳","1","1","2"
"等率兵分道","1","1","2"
"儒州白马村","1","1","2"
"中丞耶律核","1","1","2"
"丞耶律核麦","1","1","2"
"耶律核麦哥","1","1","2"
"横帐郎君耶","1","1","2"
"帐郎君耶律","1","1","2"
"郎君耶律延","1","1","2"
"君耶律延寿","1","1","2"
"劳南征将士","1","1","2"
"进士高正等","1","1","2"
"士高正等二","1","1","2"
"高正等二人","1","1","2"
"阗张文宝进","1","1","2"
"夏四月丙午","2","0","2"
"四月丙午朔","2","0","2"
"严州刺史李","1","1","2"
"州刺史李寿","1","1","2"
"刺史李寿英","1","1","2"
"北面林牙磨","1","1","2"
"面林牙磨鲁","1","1","2"
"林牙磨鲁古","1","1","2"
"平山等八县","1","1","2"
"继迁夏国王","2","0","2"
"监修国史室","1","1","2"
"夏国遣使告","2","0","2"
"遣使告伐宋","2","0","2"
"使告伐宋捷","2","0","2"
"刺史耶律王","1","1","2"
"史耶律王六","1","1","2"
"三司使李嗣","1","1","2"
"政事舍人张","1","1","2"
"事舍人张干","1","1","2"
"京副留守吴","1","1","2"
"副留守吴浩","1","1","2"
"留守吴浩分","1","1","2"
"分决诸道滞","2","0","2"
"决诸道滞狱","2","0","2"
"库部员外郎","1","1","2"
"部员外郎马","1","1","2"
"员外郎马守","1","1","2"
"外郎马守琪","1","1","2"
"仓部员外郎","1","1","2"
"部员外郎祁","1","1","2"
"员外郎祁正","1","1","2"
"虞部员外郎","1","1","2"
"部员外郎崔","1","1","2"
"蓟北县令崔","1","1","2"
"北县令崔简","1","1","2"
"县令崔简等","1","1","2"
"令崔简等分","1","1","2"
"王李继迁遣","2","0","2"
"王韩匡嗣私","1","1","2"
"韩匡嗣私城","1","1","2"
"秋七月癸卯","2","0","2"
"宋所授敕命","2","0","2"
"使李继捧附","2","0","2"
"十一月己亥","2","0","2"
"继迁潜附宋","2","0","2"
"使韩德威持","1","1","2"
"德威持诏谕","2","0","2"
"春正月丁酉","2","0","2"
"夏四月乙丑","2","0","2"
"幸五台山金","1","1","2"
"五台山金河","1","1","2"
"台山金河寺","1","1","2"
"赐南京统军","2","0","2"
"京统军司军","1","1","2"
"进士王熙载","1","1","2"
"士王熙载等","1","1","2"
"王熙载等二","1","1","2"
"熙载等二人","1","1","2"
"下平章事耶","1","1","2"
"章事耶律硕","1","1","2"
"事耶律硕老","1","1","2"
"郎君耶律鼻","1","1","2"
"君耶律鼻舍","1","1","2"
"耶律鼻舍等","1","1","2"
"大王耶律景","1","1","2"
"密直学士刘","1","1","2"
"直学士刘恕","1","1","2"
"度使韩德冲","1","1","2"
"诏州县长吏","2","0","2"
"汗州刺史贾","1","1","2"
"州刺史贾俊","1","1","2"
"刺史贾俊进","1","1","2"
"院枢密使室","1","1","2"
"西北路乌古","1","1","2"
"北路乌古等","1","1","2"
"路乌古等部","1","1","2"
"国舅帐克萧","1","1","2"
"舅帐克萧徒","1","1","2"
"帐克萧徒骨","1","1","2"
"谕中外官吏","1","1","2"
"十一月戊申","2","0","2"
"诏南京决滞","2","0","2"
"卫德升等六","1","1","2"
"德升等六人","1","1","2"
"奚王府奥理","1","1","2"
"进士吕德懋","1","1","2"
"士吕德懋等","1","1","2"
"吕德懋等二","1","1","2"
"德懋等二人","1","1","2"
"春正月壬子","2","0","2"
"遂城等县赋","1","1","2"
"节度使萧解","1","1","2"
"度使萧解里","1","1","2"
"乙室三府请","1","1","2"
"度使刘继琛","1","1","2"
"使阿没里私","1","1","2"
"阿没里私城","1","1","2"
"渤海燕颇等","1","1","2"
"海燕颇等侵","1","1","2"
"朔等州龙卫","1","1","2"
"南京太学生","1","1","2"
"京太学生员","1","1","2"
"皇太后石像","1","1","2"
"遣童子十人","2","0","2"
"童子十人学","2","0","2"
"子十人学本","2","0","2"
"十人学本国","2","0","2"
"人学本国语","2","0","2"
"使阿没里家","1","1","2"
"阿没里家奴","1","1","2"
"没里家奴阎","1","1","2"
"里家奴阎贵","1","1","2"
"驸马萧恒德","1","1","2"
"刘守光所藏","1","1","2"
"守光所藏钱","1","1","2"
"萧恒德等五","1","1","2"
"恒德等五人","1","1","2"
"朔州威胜军","1","1","2"
"州威胜军一","1","1","2"
"威胜军一百","1","1","2"
"南京神武军","1","1","2"
"京神武军士","1","1","2"
"阿鲁敦等六","1","1","2"
"鲁敦等六十","1","1","2"
"敦等六十人","1","1","2"
"进士张俭等","1","1","2"
"士张俭等三","1","1","2"
"张俭等三人","1","1","2"
"河西党项叛","1","1","2"
"封夏国王李","1","1","2"
"继迁西平王","2","0","2"
"括宫分人户","1","1","2"
"敌烈八部杀","1","1","2"
"萧挞凛追击","1","1","2"
"奏讨阻卜捷","2","0","2"
"十月壬辰朔","2","0","2"
"进士陈鼎等","1","1","2"
"士陈鼎等二","1","1","2"
"陈鼎等二人","1","1","2"
"将军耶律喜","1","1","2"
"军耶律喜罗","1","1","2"
"夏四月癸卯","2","0","2"
"六月戊子朔","2","0","2"
"高丽国王诵","1","1","2"
"十二月丙戌","2","0","2"
"韩德知北院","2","0","2"
"攻狼山镇石","1","1","2"
"狼山镇石砦","1","1","2"
"进士初锡等","1","1","2"
"士初锡等四","1","1","2"
"初锡等四人","1","1","2"
"夏四月己未","2","0","2"
"进士南承保","1","1","2"
"士南承保等","1","1","2"
"南承保等三","1","1","2"
"承保等三人","1","1","2"
"君班详稳观","1","1","2"
"班详稳观音","1","1","2"
"大丞相韩德","1","1","2"
"幸吴国王隆","1","1","2"
"吴国王隆祐","2","0","2"
"千拽剌详稳","1","1","2"
"详稳耶律王","1","1","2"
"稳耶律王奴","1","1","2"
"俘宋将康昭","1","1","2"
"宋将康昭裔","1","1","2"
"昭顺军节度","1","1","2"
"军使耶律奴","1","1","2"
"使耶律奴瓜","1","1","2"
"招讨司奏讨","2","0","2"
"封吴国王隆","1","1","2"
"梁国王隆庆","1","1","2"
"虞人招古击","1","1","2"
"人招古击败","1","1","2"
"诏安抚西南","1","1","2"
"安抚西南面","1","1","2"
"宰相夷离底","1","1","2"
"府宰相萧继","1","1","2"
"萧继远等南","1","1","2"
"继远等南伐","1","1","2"
"夏四月丙寅","2","0","2"
"文班太保达","1","1","2"
"班太保达里","1","1","2"
"太保达里底","1","1","2"
"军使萧挞凛","1","1","2"
"遣刘仁勖告","2","0","2"
"刘仁勖告下","2","0","2"
"仁勖告下灵","2","0","2"
"勖告下灵州","2","0","2"
"冬十月癸亥","2","0","2"
"进士邢祥等","1","1","2"
"士邢祥等六","1","1","2"
"邢祥等六人","1","1","2"
"越里吉等五","1","1","2"
"里吉等五部","1","1","2"
"获宋将王继","1","1","2"
"宋将王继忠","1","1","2"
"子德昭遣使","2","0","2"
"德昭遣使告","2","0","2"
"赠继迁尚书","2","0","2"
"继迁尚书令","2","0","2"
"遣西上阁门","2","0","2"
"使丁振吊慰","2","0","2"
"卜铁剌里率","1","1","2"
"铁剌里率诸","1","1","2"
"剌里率诸部","1","1","2"
"王府监军耶","1","1","2"
"府监军耶律","1","1","2"
"监军耶律室","1","1","2"
"军耶律室鲁","1","1","2"
"昭遣使谢吊","2","0","2"
"遣使谢吊赠","2","0","2"
"幸女河汤泉","1","1","2"
"驻跸七渡河","2","0","2"
"越耶律休哥","1","1","2"
"院枢密使邢","1","1","2"
"枢密使邢抱","1","1","2"
"密使邢抱朴","1","1","2"
"西夏李德昭","1","1","2"
"德昭遣使上","2","0","2"
"昭遣使上继","2","0","2"
"遣使上继迁","2","0","2"
"使上继迁遗","2","0","2"
"上继迁遗物","1","1","2"
"奥里米等部","1","1","2"
"阻卜酋铁剌","2","0","2"
"卜酋铁剌里","2","0","2"
"北院大王磨","1","1","2"
"院大王磨鲁","1","1","2"
"大王磨鲁古","1","1","2"
"太尉老君奴","1","1","2"
"命楚国王隆","1","1","2"
"国王隆祐留","2","0","2"
"王隆祐留守","2","0","2"
"隆祐留守京","2","0","2"
"祐留守京师","2","0","2"
"挥使耶律课","1","1","2"
"使耶律课里","1","1","2"
"京留守萧排","1","1","2"
"留守萧排押","1","1","2"
"宋魏府官吏","1","1","2"
"魏府官吏田","1","1","2"
"府官吏田逢","1","1","2"
"官吏田逢吉","1","1","2"
"攻破德清军","1","1","2"
"攻破通利军","1","1","2"
"崇仪副使曹","1","1","2"
"仪副使曹利","1","1","2"
"飞龙使韩杞","1","1","2"
"二月庚辰朔","2","0","2"
"卫大将军姚","1","1","2"
"大将军姚柬","1","1","2"
"绢二十万匹","1","1","2"
"大丞相齐王","1","1","2"
"丞相齐王韩","1","1","2"
"相齐王韩德","1","1","2"
"齐王韩德昌","1","1","2"
"易州飞狐招","1","1","2"
"州飞狐招安","1","1","2"
"飞狐招安使","1","1","2"
"贺皇太后生","1","1","2"
"阵亡将士家","1","1","2"
"政事舍人高","1","1","2"
"事舍人高正","1","1","2"
"使宋贺正旦","2","0","2"
"遣张若谷等","1","1","2"
"南京宫宣教","1","1","2"
"京宫宣教门","1","1","2"
"沙州敦煌王","1","1","2"
"州敦煌王曹","1","1","2"
"敦煌王曹寿","1","1","2"
"进士杨佶等","1","1","2"
"士杨佶等二","1","1","2"
"杨佶等二十","1","1","2"
"佶等二十三","1","1","2"
"等二十三人","1","1","2"
"王李德昭母","1","1","2"
"使萧图玉讨","1","1","2"
"振饶州饥民","2","0","2"
"二十六年春","1","1","2"
"十六年春二","1","1","2"
"进士史克忠","1","1","2"
"士史克忠等","1","1","2"
"二十七年春","1","1","2"
"霸州处置司","1","1","2"
"秋七月甲寅","2","0","2"
"七月甲寅朔","2","0","2"
"刘二宜等三","1","1","2"
"二宜等三人","1","1","2"
"二十八年春","1","1","2"
"正月辛亥朔","2","0","2"
"左龙虎卫上","1","1","2"
"卫上将军萧","1","1","2"
"上将军萧合","1","1","2"
"将军萧合卓","1","1","2"
"行皇太后遗","1","1","2"
"度使萧虚列","1","1","2"
"卫上将军张","1","1","2"
"上将军张崇","1","1","2"
"将军张崇济","1","1","2"
"高丽西京留","1","1","2"
"丽西京留守","1","1","2"
"西京留守康","1","1","2"
"京留守康肇","1","1","2"
"留守康肇弑","1","1","2"
"德昭夏国王","2","0","2"
"引进使韩杞","1","1","2"
"宣问高丽王","1","1","2"
"详稳耶律敌","1","1","2"
"稳耶律敌鲁","1","1","2"
"太子太师乙","1","1","2"
"子太师乙凛","1","1","2"
"送保佑等赴","1","1","2"
"守将卓思正","1","1","2"
"将卓思正杀","1","1","2"
"辽使者韩喜","1","1","2"
"使者韩喜孙","1","1","2"
"者韩喜孙等","1","1","2"
"韩喜孙等十","1","1","2"
"喜孙等十人","1","1","2"
"盆奴等攻开","1","1","2"
"奴等攻开京","1","1","2"
"二十九年春","1","1","2"
"贵州南峻岭","1","1","2"
"州南峻岭谷","1","1","2"
"北院郎君耶","1","1","2"
"院郎君耶律","1","1","2"
"郎君耶律世","1","1","2"
"君耶律世良","1","1","2"
"耶律世良北","2","0","2"
"律世良北院","2","0","2"
"前三司使刘","1","1","2"
"三司使刘慎","1","1","2"
"司使刘慎行","1","1","2"
"行参知政事","2","0","2"
"参知政事知","2","0","2"
"南府宰相邢","1","1","2"
"府宰相邢抱","1","1","2"
"宰相邢抱质","1","1","2"
"韩王耶律室","1","1","2"
"南院大王化","1","1","2"
"院大王化哥","1","1","2"
"哥北院枢密","2","0","2"
"马都尉萧图","1","1","2"
"都尉萧图玉","1","1","2"
"尉萧图玉安","1","1","2"
"萧图玉安抚","1","1","2"
"图玉安抚西","1","1","2"
"赠大丞相晋","1","1","2"
"枢密使事邢","1","1","2"
"密使事邢抱","1","1","2"
"使事邢抱质","1","1","2"
"事邢抱质年","1","1","2"
"邢抱质年老","1","1","2"
"乘小车入朝","2","0","2"
"高承颜等二","1","1","2"
"承颜等二人","1","1","2"
"开泰元年春","1","1","2"
"泰元年春正","1","1","2"
"春正月己巳","2","0","2"
"长白山三十","1","1","2"
"白山三十部","1","1","2"
"山三十部女","1","1","2"
"曷苏馆大王","1","1","2"
"苏馆大王曷","1","1","2"
"馆大王曷里","1","1","2"
"大王曷里喜","1","1","2"
"封皇女八人","1","1","2"
"陵郡王萧宁","1","1","2"
"司空邢抱质","1","1","2"
"空邢抱质督","1","1","2"
"徙封齐国王","2","0","2"
"遣使进良马","2","0","2"
"前孟父房敞","1","1","2"
"父房敞稳萧","1","1","2"
"房敞稳萧佛","1","1","2"
"敞稳萧佛奴","1","1","2"
"进士史简等","1","1","2"
"士史简等十","1","1","2"
"史简等十九","1","1","2"
"简等十九人","1","1","2"
"命耶律释身","1","1","2"
"耶律释身奴","1","1","2"
"进士康文昭","1","1","2"
"论知贡举裴","1","1","2"
"知贡举裴玄","1","1","2"
"贡举裴玄感","1","1","2"
"秘书省正字","1","1","2"
"书省正字李","1","1","2"
"省正字李万","1","1","2"
"正字李万上","1","1","2"
"字李万上书","1","1","2"
"护国仁王佛","1","1","2"
"国仁王佛像","1","1","2"
"高丽王询遣","2","0","2"
"文武百官加","2","0","2"
"武百官加上","2","0","2"
"百官加上尊","2","0","2"
"官加上尊号","2","0","2"
"弘文宣武尊","1","1","2"
"文宣武尊道","1","1","2"
"道德崇仁广","2","0","2"
"崇仁广孝聪","1","1","2"
"仁广孝聪睿","1","1","2"
"广孝聪睿昭","1","1","2"
"孝聪睿昭圣","1","1","2"
"聪睿昭圣神","1","1","2"
"睿昭圣神赞","1","1","2"
"东头供奉官","1","1","2"
"头供奉官曹","1","1","2"
"供奉官曹文","1","1","2"
"奉官曹文斌","1","1","2"
"前辽州录事","1","1","2"
"辽州录事张","1","1","2"
"州录事张庭","1","1","2"
"录事张庭美","1","1","2"
"事张庭美六","1","1","2"
"仪坤州刘兴","1","1","2"
"坤州刘兴胤","1","1","2"
"州刘兴胤四","1","1","2"
"刘兴胤四世","1","1","2"
"兴胤四世同","1","1","2"
"西北招讨使","1","1","2"
"北招讨使萧","1","1","2"
"七部太师阿","1","1","2"
"部太师阿里","1","1","2"
"部节度使霸","1","1","2"
"节度使霸暗","1","1","2"
"南京诸帝石","1","1","2"
"京诸帝石像","1","1","2"
"中京观德殿","1","1","2"
"奉圣州饥民","1","1","2"
"皇弟秦晋国","1","1","2"
"弟秦晋国王","1","1","2"
"国王隆庆铁","1","1","2"
"王隆庆铁券","1","1","2"
"中京留守推","1","1","2"
"京留守推官","1","1","2"
"留守推官李","1","1","2"
"户部侍郎刘","1","1","2"
"部侍郎刘泾","1","1","2"
"侍郎刘泾加","1","1","2"
"马萧绍宗加","1","1","2"
"耶律控温加","1","1","2"
"枢密副使高","1","1","2"
"密副使高正","1","1","2"
"二万五千四","1","1","2"
"万五千四百","1","1","2"
"遣中丞耶律","2","0","2"
"中丞耶律资","1","1","2"
"丞耶律资忠","1","1","2"
"政事令斜轸","1","1","2"
"事令斜轸奏","1","1","2"
"惕隐耶律涤","1","1","2"
"隐耶律涤洌","1","1","2"
"破阻卜酋长","1","1","2"
"李延弘赐夏","2","0","2"
"延弘赐夏国","2","0","2"
"弘赐夏国王","2","0","2"
"赐夏国王李","2","0","2"
"王李德昭义","2","0","2"
"李德昭义成","2","0","2"
"德昭义成公","2","0","2"
"昭义成公主","2","0","2"
"耶律阿营等","1","1","2"
"详稳张马留","1","1","2"
"稳张马留献","1","1","2"
"枢密使豳王","1","1","2"
"密使豳王化","1","1","2"
"使豳王化哥","1","1","2"
"大王耶律世","1","1","2"
"王耶律世良","1","1","2"
"宰臣刘晟监","1","1","2"
"臣刘晟监修","1","1","2"
"刘晟监修国","1","1","2"
"晟监修国史","1","1","2"
"茂昭等六人","1","1","2"
"京副留守耶","1","1","2"
"副留守耶律","1","1","2"
"留守耶律资","1","1","2"
"守耶律资忠","1","1","2"
"沙州回鹘曹","1","1","2"
"州回鹘曹顺","1","1","2"
"曹顺遣使贡","2","0","2"
"招讨都监萧","1","1","2"
"讨都监萧孝","1","1","2"
"都监萧孝穆","1","1","2"
"乙室夷离毕","1","1","2"
"室夷离毕萧","1","1","2"
"夷离毕萧敌","1","1","2"
"离毕萧敌烈","1","1","2"
"封皇侄胡都","1","1","2"
"皇侄胡都古","1","1","2"
"舅详稳萧敌","1","1","2"
"详稳萧敌烈","1","1","2"
"留守耶律团","1","1","2"
"守耶律团石","1","1","2"
"耶律团石等","1","1","2"
"律团石等讨","1","1","2"
"八部敌烈杀","1","1","2"
"宰相耶律吾","1","1","2"
"相耶律吾剌","1","1","2"
"耶律吾剌葛","1","1","2"
"行等三十一","1","1","2"
"等三十一人","1","1","2"
"耶律世良伐","2","0","2"
"命详稳拔姑","1","1","2"
"东京留守善","1","1","2"
"京留守善宁","1","1","2"
"平章涅里衮","1","1","2"
"章涅里衮奏","1","1","2"
"女直诸部兵","2","0","2"
"曷苏馆部请","1","1","2"
"枢密使贯宁","1","1","2"
"密使贯宁奏","1","1","2"
"大破八部迪","1","1","2"
"破八部迪烈","1","1","2"
"府宰相刘晟","1","1","2"
"检萧屈烈都","2","0","2"
"萧屈烈都监","2","0","2"
"兵部尚书萧","1","1","2"
"部尚书萧荣","1","1","2"
"尚书萧荣宁","1","1","2"
"精兵五万五","1","1","2"
"兵五万五千","1","1","2"
"五万五千人","1","1","2"
"前东京统军","1","1","2"
"军使耶律韩","1","1","2"
"使耶律韩留","1","1","2"
"大王耶律敬","1","1","2"
"王耶律敬温","1","1","2"
"夷离毕萧合","1","1","2"
"离毕萧合卓","1","1","2"
"萧合卓北院","2","0","2"
"合卓北院枢","2","0","2"
"卓北院枢密","2","0","2"
"尚书萧姬隐","1","1","2"
"政事舍人吴","1","1","2"
"事舍人吴克","1","1","2"
"舍人吴克昌","1","1","2"
"察霸州刑狱","1","1","2"
"皇弟南京留","1","1","2"
"弟南京留守","1","1","2"
"南京留守秦","1","1","2"
"京留守秦晋","1","1","2"
"留守秦晋国","1","1","2"
"守秦晋国王","1","1","2"
"国王隆庆长","1","1","2"
"王隆庆长子","1","1","2"
"隆庆长子查","1","1","2"
"庆长子查割","1","1","2"
"参知政事马","1","1","2"
"知政事马保","1","1","2"
"政事马保忠","1","1","2"
"德贺千龄节","2","0","2"
"进士孙杰等","1","1","2"
"士孙杰等四","1","1","2"
"孙杰等四十","1","1","2"
"杰等四十八","1","1","2"
"等四十八人","1","1","2"
"驸马萧图玉","1","1","2"
"图玉同平章","1","1","2"
"玉同平章事","1","1","2"
"国舅帐详稳","1","1","2"
"舅帐详稳萧","1","1","2"
"帐详稳萧隗","1","1","2"
"详稳萧隗洼","1","1","2"
"南面林牙涅","1","1","2"
"面林牙涅合","1","1","2"
"葬秦晋国王","1","1","2"
"封隆庆少子","1","1","2"
"隆庆少子谢","1","1","2"
"庆少子谢家","1","1","2"
"少子谢家奴","1","1","2"
"枢密使漆水","1","1","2"
"密使漆水郡","1","1","2"
"使漆水郡王","1","1","2"
"郡王耶律制","1","1","2"
"王耶律制心","1","1","2"
"耶律制心权","1","1","2"
"律制心权知","1","1","2"
"制心权知诸","1","1","2"
"心权知诸行","1","1","2"
"权知诸行宫","1","1","2"
"知诸行宫都","1","1","2"
"命枢密使萧","1","1","2"
"四帐都详稳","1","1","2"
"统军使萧惠","1","1","2"
"攻高丽兴化","1","1","2"
"高丽兴化军","1","1","2"
"建州节度使","1","1","2"
"州节度使石","1","1","2"
"节度使石匡","1","1","2"
"度使石匡弼","1","1","2"
"东北越里笃","1","1","2"
"贡貂皮六万","1","1","2"
"貂皮六万五","1","1","2"
"皮六万五千","1","1","2"
"三司使吕德","1","1","2"
"司使吕德懋","1","1","2"
"鲁瑰部节度","1","1","2"
"瑰部节度使","1","1","2"
"部节度使勃","1","1","2"
"节度使勃鲁","1","1","2"
"度使勃鲁里","1","1","2"
"翰林待诏陈","1","1","2"
"林待诏陈升","1","1","2"
"驻跸土河川","2","0","2"
"军节度使石","1","1","2"
"萧排押都统","2","0","2"
"都点检萧虚","1","1","2"
"点检萧虚列","1","1","2"
"右皮室二军","1","1","2"
"遥辇帐详稳","1","1","2"
"辇帐详稳阿","1","1","2"
"帐详稳阿果","1","1","2"
"详稳阿果达","1","1","2"
"客省使酌古","1","1","2"
"渤海详稳高","1","1","2"
"海详稳高清","1","1","2"
"详稳高清明","1","1","2"
"云军详稳海","1","1","2"
"军详稳海里","1","1","2"
"前南院枢密","1","1","2"
"枢密使韩制","1","1","2"
"密使韩制心","1","1","2"
"东平王萧韩","1","1","2"
"平王萧韩宁","1","1","2"
"国舅平章事","1","1","2"
"舅平章事萧","1","1","2"
"平章事萧排","1","1","2"
"章事萧排押","1","1","2"
"跋部太师踏","1","1","2"
"部太师踏剌","1","1","2"
"太师踏剌葛","1","1","2"
"置东京渤海","1","1","2"
"东京渤海承","1","1","2"
"京渤海承奉","1","1","2"
"海承奉官都","1","1","2"
"承奉官都知","1","1","2"
"奉官都知押","1","1","2"
"官都知押班","1","1","2"
"驸马萧克忠","1","1","2"
"忠长宁军节","2","0","2"
"征高丽战殁","2","0","2"
"夷离毕萧解","1","1","2"
"离毕萧解里","1","1","2"
"史大夫萧要","1","1","2"
"惕隐耶律合","1","1","2"
"隐耶律合葛","1","1","2"
"林牙耶律韩","1","1","2"
"牙耶律韩留","1","1","2"
"大摆山猿岭","1","1","2"
"南皮室军校","1","1","2"
"皮室军校等","1","1","2"
"详稳耶律独","1","1","2"
"稳耶律独迭","1","1","2"
"涅哥二奚军","1","1","2"
"驼四百四十","1","1","2"
"青鼠皮二万","1","1","2"
"鼠皮二万五","1","1","2"
"皮二万五千","1","1","2"
"回跋部太保","1","1","2"
"跋部太保麻","1","1","2"
"部太保麻门","1","1","2"
"诏横帐三房","1","1","2"
"北院大王建","1","1","2"
"院大王建福","1","1","2"
"改东路耗里","1","1","2"
"东路耗里太","1","1","2"
"路耗里太保","1","1","2"
"耗里太保城","1","1","2"
"十一月甲寅","2","0","2"
"置云州宣德","1","1","2"
"云州宣德县","1","1","2"
"十二月辛卯","2","0","2"
"广平郡王宗","1","1","2"
"平郡王宗业","1","1","2"
"郡王曹顺衣","1","1","2"
"王曹顺衣物","1","1","2"
"年贺宋生辰","1","1","2"
"文武百僚奉","2","0","2"
"夷离毕延宁","1","1","2"
"兵马副都部","1","1","2"
"马副都部署","1","1","2"
"北王府舍利","1","1","2"
"府舍利军详","1","1","2"
"西南招讨奏","1","1","2"
"节度使韩留","1","1","2"
"漆水郡王韩","1","1","2"
"水郡王韩制","1","1","2"
"郡王韩制心","1","1","2"
"夷离毕萧孝","1","1","2"
"离毕萧孝顺","1","1","2"
"南面诸行宫","1","1","2"
"面诸行宫都","1","1","2"
"进士张仲举","1","1","2"
"士张仲举等","1","1","2"
"张仲举等四","1","1","2"
"仲举等四十","1","1","2"
"举等四十五","1","1","2"
"等四十五人","1","1","2"
"太平元年春","1","1","2"
"平元年春正","1","1","2"
"春正月丁丑","2","0","2"
"马都尉萧绍","1","1","2"
"都尉萧绍业","1","1","2"
"封王子班郎","1","1","2"
"子班郎君胡","1","1","2"
"班郎君胡思","1","1","2"
"郎君胡思里","1","1","2"
"东京留守奏","1","1","2"
"三十部酋长","1","1","2"
"十部酋长请","1","1","2"
"敌烈酋长颇","1","1","2"
"烈酋长颇白","1","1","2"
"耶律罗汉奴","1","1","2"
"西北路金吾","1","1","2"
"睿文英武遵","1","1","2"
"文英武遵道","1","1","2"
"崇仁广孝功","1","1","2"
"仁广孝功成","1","1","2"
"广孝功成治","1","1","2"
"孝功成治定","1","1","2"
"功成治定昭","1","1","2"
"成治定昭圣","1","1","2"
"治定昭圣神","1","1","2"
"定昭圣神赞","1","1","2"
"外官进级差","2","0","2"
"皇子梁王宗","1","1","2"
"子梁王宗真","1","1","2"
"二月辛丑朔","2","0","2"
"点检耶律僧","1","1","2"
"检耶律僧隐","1","1","2"
"耶律僧隐等","1","1","2"
"律僧隐等充","1","1","2"
"林牙萧日新","1","1","2"
"观察冯延休","1","1","2"
"察冯延休充","1","1","2"
"宋后吊慰使","1","1","2"
"金吾耶律谐","1","1","2"
"引进姚居信","1","1","2"
"进姚居信充","1","1","2"
"宋主吊慰使","1","1","2"
"参知政事石","1","1","2"
"等馈先帝遗","2","0","2"
"堂后官张克","1","1","2"
"后官张克恭","1","1","2"
"官张克恭充","1","1","2"
"充贺夏国王","2","0","2"
"李德昭生日","1","1","2"
"德昭生日使","1","1","2"
"宋太后生日","1","1","2"
"胡鲁古思淀","1","1","2"
"密副使杨玄","2","0","2"
"相马保忠钱","1","1","2"
"马保忠钱物","1","1","2"
"进士张渐等","1","1","2"
"士张渐等四","1","1","2"
"张渐等四十","1","1","2"
"渐等四十七","1","1","2"
"南王府都监","1","1","2"
"林牙耶律信","1","1","2"
"牙耶律信宁","1","1","2"
"耶律信宁西","2","0","2"
"赐越国公主","1","1","2"
"越国公主私","1","1","2"
"国公主私城","1","1","2"
"公主私城名","1","1","2"
"武信军节度","1","1","2"
"西南面都招","1","1","2"
"南面都招讨","1","1","2"
"宣徽使刘泾","1","1","2"
"沿边巡检使","1","1","2"
"宰相耶律合","1","1","2"
"相耶律合葛","1","1","2"
"葛上京留守","2","0","2"
"九月壬辰朔","2","0","2"
"常衮课奴率","1","1","2"
"将大匡逸等","1","1","2"
"南京留守韩","1","1","2"
"京留守韩制","1","1","2"
"留守韩制心","1","1","2"
"燕京转运使","1","1","2"
"十二月壬戌","2","0","2"
"西山转运使","1","1","2"
"封皇子重元","1","1","2"
"昭信军节度","1","1","2"
"南院大王韩","1","1","2"
"院大王韩制","1","1","2"
"大王韩制心","1","1","2"
"千牛卫将军","1","1","2"
"山郡王查哥","1","1","2"
"军节度使周","1","1","2"
"节度使周王","1","1","2"
"度使周王胡","1","1","2"
"使周王胡都","1","1","2"
"周王胡都古","1","1","2"
"驸马萧匹敌","1","1","2"
"沙冈四十里","1","1","2"
"太后生辰使","2","0","2"
"后生辰使副","2","0","2"
"幸内果园宴","1","1","2"
"张昱等一十","1","1","2"
"昱等一十四","1","1","2"
"等一十四人","1","1","2"
"太子校书郎","1","1","2"
"韩栾等五十","1","1","2"
"栾等五十八","1","1","2"
"等五十八人","1","1","2"
"崇文馆校书","1","1","2"
"文馆校书郎","1","1","2"
"君详稳萧罗","1","1","2"
"详稳萧罗罗","1","1","2"
"点检侍卫亲","1","1","2"
"检侍卫亲军","1","1","2"
"府宰相萧普","1","1","2"
"宰相萧普古","1","1","2"
"古北院枢密","2","0","2"
"知政事刘京","1","1","2"
"工匠销毁金","1","1","2"
"匠销毁金银","1","1","2"
"销毁金银器","1","1","2"
"春正月己卯","2","0","2"
"东京留守八","1","1","2"
"京留守八哥","1","1","2"
"留守八哥奏","1","1","2"
"户二百七十","1","1","2"
"国舅帐萧柳","1","1","2"
"舅帐萧柳氏","1","1","2"
"西北路十二","1","1","2"
"北路十二班","1","1","2"
"路十二班军","1","1","2"
"奚王府舍利","1","1","2"
"设契丹节度","1","1","2"
"节度使张俭","1","1","2"
"度使张俭入","1","1","2"
"入南院枢密","2","0","2"
"度使耶律洪","1","1","2"
"使耶律洪古","1","1","2"
"监军涅里姑","1","1","2"
"国舅帐太保","1","1","2"
"舅帐太保曷","1","1","2"
"惕隐耶律洪","1","1","2"
"隐耶律洪古","1","1","2"
"曷苏馆诸部","1","1","2"
"院大王直鲁","1","1","2"
"大王直鲁衮","1","1","2"
"乌古敌烈都","1","1","2"
"古敌烈都详","1","1","2"
"敌烈都详稳","1","1","2"
"驸马萧绍业","1","1","2"
"南院大王胡","1","1","2"
"院大王胡睹","1","1","2"
"大王胡睹堇","1","1","2"
"王胡睹堇同","1","1","2"
"胡睹堇同知","1","1","2"
"睹堇同知上","1","1","2"
"堇同知上京","1","1","2"
"通化州节度","1","1","2"
"十一月乙丑","2","0","2"
"路招讨司小","1","1","2"
"招讨司小校","1","1","2"
"讨司小校扫","1","1","2"
"司小校扫姑","1","1","2"
"招讨萧惠三","1","1","2"
"都监奥骨祯","1","1","2"
"诏北南诸部","1","1","2"
"岩母部太师","1","1","2"
"卢毛朵部遣","2","0","2"
"毛朵部遣使","2","0","2"
"朵部遣使贡","2","0","2"
"南路招讨司","1","1","2"
"公主粘米衮","1","1","2"
"军节度使中","1","1","2"
"节度使中山","1","1","2"
"度使中山郡","1","1","2"
"使中山郡王","1","1","2"
"保宁军节度","1","1","2"
"军节度使长","1","1","2"
"节度使长沙","1","1","2"
"度使长沙郡","1","1","2"
"使长沙郡王","1","1","2"
"军节度使乐","1","1","2"
"节度使乐安","1","1","2"
"度使乐安郡","1","1","2"
"使乐安郡王","1","1","2"
"郡王遂哥奏","1","1","2"
"左千牛卫上","1","1","2"
"将军耶律古","1","1","2"
"军耶律古昱","1","1","2"
"金吾萧高六","1","1","2"
"奚舍利军详","1","1","2"
"州县长吏劝","1","1","2"
"燕京留守萧","1","1","2"
"置戍长巡察","1","1","2"
"驻跸长春河","2","0","2"
"李德昭生辰","1","1","2"
"德昭生辰使","1","1","2"
"大王耶律郑","1","1","2"
"王耶律郑留","1","1","2"
"耶律郑留奏","1","1","2"
"十一月皇太","1","1","2"
"一月皇太子","1","1","2"
"月皇太子纳","1","1","2"
"秋七月丁酉","2","0","2"
"遥辇帐郎君","1","1","2"
"辇帐郎君陈","1","1","2"
"帐郎君陈哥","1","1","2"
"西北路巡检","1","1","2"
"渤海宰相罗","1","1","2"
"海宰相罗汉","1","1","2"
"北敌烈部节","1","1","2"
"度使耶律延","1","1","2"
"使耶律延寿","1","1","2"
"耶律延寿请","1","1","2"
"遥辇太尉谢","1","1","2"
"辇太尉谢佛","1","1","2"
"太尉谢佛留","1","1","2"
"大王耶律留","1","1","2"
"王耶律留宁","1","1","2"
"双州节度使","1","1","2"
"永兴宫都部","1","1","2"
"兴宫都部署","1","1","2"
"宜州节度使","1","1","2"
"辽州节度使","1","1","2"
"同知中京留","1","1","2"
"耶律曷鲁突","1","1","2"
"律曷鲁突愧","1","1","2"
"进士张宥等","1","1","2"
"士张宥等五","1","1","2"
"张宥等五十","1","1","2"
"宥等五十七","1","1","2"
"赐高丽王钦","1","1","2"
"遥辇谢佛留","1","1","2"
"贺宋两宫生","1","1","2"
"宋两宫生辰","1","1","2"
"七月戊午朔","2","0","2"
"东京舍利军","1","1","2"
"京舍利军详","1","1","2"
"利军详稳大","1","1","2"
"军详稳大延","1","1","2"
"详稳大延琳","1","1","2"
"稳大延琳囚","1","1","2"
"马都尉萧孝","1","1","2"
"都尉萧孝先","1","1","2"
"杀户部使韩","1","1","2"
"户部使韩绍","1","1","2"
"部使韩绍勋","1","1","2"
"四捷军都指","1","1","2"
"捷军都指挥","1","1","2"
"都指挥使萧","1","1","2"
"指挥使萧颇","1","1","2"
"韩绍勋相继","1","1","2"
"户部副使王","1","1","2"
"部副使王嘉","1","1","2"
"副留守王道","1","1","2"
"留守王道平","1","1","2"
"时国舅详稳","1","1","2"
"稳萧匹敌治","1","1","2"
"渤海太保夏","1","1","2"
"海太保夏行","1","1","2"
"太保夏行美","1","1","2"
"保夏行美旧","1","1","2"
"统帅耶律蒲","1","1","2"
"帅耶律蒲古","1","1","2"
"渤海兵八百","1","1","2"
"海兵八百人","1","1","2"
"节度使萧王","1","1","2"
"度使萧王六","1","1","2"
"冬十月丙戌","2","0","2"
"六部大王萧","1","1","2"
"部大王萧蒲","1","1","2"
"大王萧蒲奴","1","1","2"
"节度副使张","1","1","2"
"度副使张杰","1","1","2"
"皇城进士张","1","1","2"
"城进士张人","1","1","2"
"进士张人纪","1","1","2"
"赵睦等二十","1","1","2"
"睦等二十二","1","1","2"
"等二十二人","1","1","2"
"二十二人入","1","1","2"
"十二人入朝","1","1","2"
"保州戍将夏","1","1","2"
"州戍将夏行","1","1","2"
"戍将夏行美","1","1","2"
"驸马刘四端","1","1","2"
"都统萧孝穆","1","1","2"
"广平军节度","1","1","2"
"驻跸长宁淀","2","0","2"
"东征将士凯","1","1","2"
"马都尉萧匹","1","1","2"
"都尉萧匹敌","1","1","2"
"权燕京留守","1","1","2"
"燕京统军使","1","1","2"
"枢密使马保","1","1","2"
"密使马保忠","1","1","2"
"权知燕京留","1","1","2"
"知燕京留守","1","1","2"
"奚王府都监","1","1","2"
"王府都监萧","1","1","2"
"府都监萧阿","1","1","2"
"都监萧阿古","1","1","2"
"监萧阿古轸","1","1","2"
"景福元年闰","1","1","2"
"福元年闰十","1","1","2"
"元年闰十月","1","1","2"
"兴宗神圣孝","1","1","2"
"宗神圣孝章","1","1","2"
"母元妃萧氏","1","1","2"
"遣使告哀宋","2","0","2"
"永安山太平","1","1","2"
"安山太平殿","1","1","2"
"场都太师女","1","1","2"
"君详稳萧延","1","1","2"
"详稳萧延留","1","1","2"
"稳萧延留等","1","1","2"
"萧延留等七","1","1","2"
"延留等七人","1","1","2"
"上召晋王萧","1","1","2"
"召晋王萧普","1","1","2"
"晋王萧普古","1","1","2"
"王萧普古等","1","1","2"
"萧普古等饮","1","1","2"
"里左祗候郎","2","0","2"
"横帐郎君乐","1","1","2"
"帐郎君乐古","1","1","2"
"厥迪烈都详","1","1","2"
"观察姚居信","1","1","2"
"东京统军司","1","1","2"
"京统军司粮","1","1","2"
"谒大行皇帝","1","1","2"
"相萧孝穆像","1","1","2"
"幸晋王普古","1","1","2"
"晋王普古第","1","1","2"
"时奥隈萧氏","1","1","2"
"夏国遣使慰","2","0","2"
"御史中丞耶","1","1","2"
"史中丞耶律","1","1","2"
"中丞耶律翥","1","1","2"
"司农卿张确","1","1","2"
"详稳耶律励","1","1","2"
"四方馆使高","1","1","2"
"方馆使高维","1","1","2"
"馆使高维翰","1","1","2"
"工部尚书高","1","1","2"
"部尚书高德","1","1","2"
"尚书高德顺","1","1","2"
"将军耶律逊","1","1","2"
"少府监马惮","1","1","2"
"府监马惮充","1","1","2"
"皇太后谢宋","1","1","2"
"太后谢宋使","1","1","2"
"将军耶律元","1","1","2"
"军耶律元载","1","1","2"
"引进使魏永","1","1","2"
"进使魏永充","1","1","2"
"皇帝谢宋使","1","1","2"
"生辰应圣节","2","0","2"
"黄龙府饥民","1","1","2"
"兴平公主下","1","1","2"
"平公主下嫁","1","1","2"
"公主下嫁夏","1","1","2"
"主下嫁夏国","1","1","2"
"重熙元年春","1","1","2"
"熙元年春正","1","1","2"
"三月壬申朔","2","0","2"
"法天应运仁","1","1","2"
"天应运仁德","1","1","2"
"应运仁德章","1","1","2"
"运仁德章圣","1","1","2"
"仁德章圣皇","1","1","2"
"德章圣皇太","1","1","2"
"章圣皇太后","1","1","2"
"文武仁圣昭","1","1","2"
"武仁圣昭孝","1","1","2"
"仁圣昭孝皇","1","1","2"
"圣昭孝皇帝","1","1","2"
"五国酋长贡","2","0","2"
"册子夏国公","2","0","2"
"北大王耶律","1","1","2"
"大王耶律求","1","1","2"
"王耶律求翰","1","1","2"
"进士刘师贞","1","1","2"
"士刘师贞等","1","1","2"
"刘师贞等五","1","1","2"
"师贞等五十","1","1","2"
"贞等五十七","1","1","2"
"详稳台押率","1","1","2"
"宫使耶律寿","1","1","2"
"使耶律寿宁","1","1","2"
"事中知制诰","1","1","2"
"中知制诰李","1","1","2"
"知制诰李奎","1","1","2"
"充贺宋岁正","2","0","2"
"贺宋岁正旦","2","0","2"
"宋岁正旦使","2","0","2"
"禁夏国使沿","2","0","2"
"夏国使沿路","2","0","2"
"国使沿路私","2","0","2"
"使沿路私市","2","0","2"
"沿路私市金","2","0","2"
"贺永寿节岁","2","0","2"
"永寿节岁正","2","0","2"
"寿节岁正旦","2","0","2"
"枢密使萧普","1","1","2"
"密使萧普古","1","1","2"
"耶律大师奴","1","1","2"
"五月庚申朔","2","0","2"
"立皇后萧氏","1","1","2"
"皇子宝信奴","1","1","2"
"贺宋生辰岁","2","0","2"
"宋生辰岁正","2","0","2"
"南京总管府","1","1","2"
"张士禹贺永","2","0","2"
"士禹贺永寿","2","0","2"
"禹贺永寿节","2","0","2"
"春正月甲申","2","0","2"
"枢密使萧延","1","1","2"
"密使萧延宁","1","1","2"
"使萧延宁请","1","1","2"
"小功帐敞史","1","1","2"
"崇德宫使耶","1","1","2"
"德宫使耶律","1","1","2"
"宫使耶律马","1","1","2"
"幸北院大王","1","1","2"
"北院大王高","1","1","2"
"院大王高十","1","1","2"
"大王高十行","1","1","2"
"王高十行帐","1","1","2"
"南京宫阙府","1","1","2"
"京宫阙府署","1","1","2"
"弟韩哥谋杀","1","1","2"
"赦析津府境","1","1","2"
"析津府境内","1","1","2"
"日射三十六","1","1","2"
"射三十六熊","1","1","2"
"四十九人进","1","1","2"
"十九人进士","1","1","2"
"秦王萧孝穆","1","1","2"
"王萧孝穆北","2","0","2"
"萧孝穆北院","2","0","2"
"孝穆北院枢","2","0","2"
"穆北院枢密","2","0","2"
"先南京留守","2","0","2"
"龙门县西山","1","1","2"
"南大王耶律","1","1","2"
"大王耶律信","1","1","2"
"王耶律信宁","1","1","2"
"赐皇太弟重","2","0","2"
"留守耶律胡","1","1","2"
"守耶律胡睹","1","1","2"
"平章事萧查","1","1","2"
"章事萧查剌","1","1","2"
"事萧查剌宁","1","1","2"
"留守耶律洪","1","1","2"
"守耶律洪古","1","1","2"
"宰相萧撒八","1","1","2"
"大王耶律胡","1","1","2"
"王耶律胡睹","1","1","2"
"北院大王侯","1","1","2"
"院大王侯哂","1","1","2"
"七月辛丑朔","2","0","2"
"南枢密院狱","1","1","2"
"北枢密院言","2","0","2"
"越棘等五国","1","1","2"
"棘等五国酋","1","1","2"
"等五国酋帅","1","1","2"
"丹节度使一","1","1","2"
"都部署萧惠","1","1","2"
"南面行宫副","1","1","2"
"面行宫副部","1","1","2"
"幸晋国公主","1","1","2"
"晋国公主行","1","1","2"
"国公主行帐","1","1","2"
"贺正旦永寿","2","0","2"
"正旦永寿节","2","0","2"
"太弟重元行","1","1","2"
"弟重元行帐","1","1","2"
"遣北院承旨","2","0","2"
"庶成持诏问","2","0","2"
"问夏国王李","1","1","2"
"下五十五人","1","1","2"
"阻卜酋长屯","1","1","2"
"卜酋长屯秃","1","1","2"
"酋长屯秃古","1","1","2"
"长屯秃古斯","1","1","2"
"屯秃古斯朝","2","0","2"
"南面侍御壮","1","1","2"
"面侍御壮骨","1","1","2"
"侍御壮骨里","1","1","2"
"御壮骨里诈","1","1","2"
"壮骨里诈取","1","1","2"
"骨里诈取女","1","1","2"
"视吴国王萧","1","1","2"
"王萧孝穆疾","1","1","2"
"宋遣郭祯伐","2","0","2"
"遣郭祯伐夏","2","0","2"
"郭祯伐夏报","2","0","2"
"枢密使杜防","1","1","2"
"发黄龙府铁","1","1","2"
"黄龙府铁骊","1","1","2"
"龙府铁骊军","1","1","2"
"北大王府布","1","1","2"
"本帐萧胡睹","1","1","2"
"诸部节度侍","1","1","2"
"部节度侍卫","1","1","2"
"节度侍卫祗","1","1","2"
"度侍卫祗候","1","1","2"
"侍卫祗候郎","1","1","2"
"卫祗候郎君","1","1","2"
"京留守萧撒","1","1","2"
"留守萧撒八","1","1","2"
"六月戊寅朔","2","0","2"
"诸帐郎君等","1","1","2"
"医者邓延贞","1","1","2"
"者邓延贞治","1","1","2"
"详稳萧留宁","1","1","2"
"太后射获熊","2","0","2"
"夏国献宋俘","2","0","2"
"硬砦太保郭","1","1","2"
"砦太保郭三","1","1","2"
"留守萧孝忠","1","1","2"
"曷苏馆都大","1","1","2"
"苏馆都大王","1","1","2"
"皇子胡卢斡","1","1","2"
"子胡卢斡里","1","1","2"
"驸马撒八宁","1","1","2"
"马都尉萧忽","1","1","2"
"都尉萧忽列","1","1","2"
"北枢密吴国","1","1","2"
"枢密吴国王","1","1","2"
"密吴国王萧","1","1","2"
"赵国王萧贯","1","1","2"
"国王萧贯宁","1","1","2"
"王萧贯宁谋","1","1","2"
"关南十县地","1","1","2"
"判顺义军节","1","1","2"
"奉迎皇太后","1","1","2"
"翰林学士刘","1","1","2"
"林学士刘六","1","1","2"
"学士刘六符","1","1","2"
"南征赏罚令","1","1","2"
"等六十四人","1","1","2"
"秋七月壬寅","2","0","2"
"七月壬寅朔","2","0","2"
"冬十一月丁","2","0","2"
"聪文圣武英","1","1","2"
"文圣武英略","1","1","2"
"圣武英略神","1","1","2"
"武英略神功","1","1","2"
"英略神功睿","1","1","2"
"略神功睿哲","1","1","2"
"神功睿哲仁","1","1","2"
"功睿哲仁孝","1","1","2"
"睿哲仁孝皇","1","1","2"
"哲仁孝皇帝","1","1","2"
"皇后萧氏曰","2","0","2"
"后萧氏曰贞","2","0","2"
"萧氏曰贞懿","2","0","2"
"贞懿宣慈崇","1","1","2"
"懿宣慈崇圣","1","1","2"
"宣慈崇圣皇","1","1","2"
"慈崇圣皇后","1","1","2"
"封皇太弟重","1","1","2"
"宣献皇后忌","1","1","2"
"献皇后忌日","1","1","2"
"诸部租税一","1","1","2"
"部租税一年","1","1","2"
"遣同知析津","2","0","2"
"枢密院都承","1","1","2"
"密院都承旨","1","1","2"
"院都承旨王","1","1","2"
"旨王惟吉谕","2","0","2"
"王惟吉谕夏","2","0","2"
"惟吉谕夏国","2","0","2"
"吉谕夏国宋","2","0","2"
"武清寨苇淀","1","1","2"
"国加上尊号","2","0","2"
"律敌烈等使","2","0","2"
"敌烈等使夏","2","0","2"
"烈等使夏国","2","0","2"
"诏汉人宫分","1","1","2"
"汉人宫分户","1","1","2"
"弟太尉撒葛","1","1","2"
"太尉撒葛里","1","1","2"
"枢密使吴国","1","1","2"
"密使吴国王","1","1","2"
"使吴国王萧","1","1","2"
"密使萧孝忠","1","1","2"
"知北南院枢","1","1","2"
"前西北路招","1","1","2"
"招讨使萧塔","1","1","2"
"讨使萧塔烈","1","1","2"
"使萧塔烈葛","1","1","2"
"越耶律洪古","1","1","2"
"追赠大丞相","1","1","2"
"知政事韩绍","1","1","2"
"政事韩绍芳","1","1","2"
"三司使刘六","1","1","2"
"司使刘六符","1","1","2"
"夏人侵党项","2","0","2"
"追封楚王萧","1","1","2"
"封楚王萧孝","1","1","2"
"楚王萧孝忠","1","1","2"
"契丹警巡院","1","1","2"
"留守耶律侯","1","1","2"
"守耶律侯哂","1","1","2"
"府事耶律欧","1","1","2"
"事耶律欧里","1","1","2"
"耶律欧里斯","1","1","2"
"大王耶律高","1","1","2"
"王耶律高十","1","1","2"
"耶律高十奏","1","1","2"
"党项等部叛","1","1","2"
"招讨都监罗","1","1","2"
"讨都监罗汉","1","1","2"
"都监罗汉奴","1","1","2"
"详稳斡鲁母","1","1","2"
"稳斡鲁母等","1","1","2"
"斡鲁母等奏","1","1","2"
"度使屈烈五","2","0","2"
"使屈烈五部","2","0","2"
"屈烈五部叛","2","0","2"
"烈五部叛入","2","0","2"
"捷军详稳张","1","1","2"
"军详稳张佛","1","1","2"
"详稳张佛奴","1","1","2"
"酋长乌八遣","2","0","2"
"长乌八遣子","2","0","2"
"乌八遣子执","2","0","2"
"八遣子执元","2","0","2"
"遣子执元昊","2","0","2"
"子执元昊所","2","0","2"
"执元昊所遣","2","0","2"
"元昊所遣求","2","0","2"
"昊所遣求援","2","0","2"
"所遣求援使","2","0","2"
"遣求援使窊","2","0","2"
"求援使窊邑","2","0","2"
"援使窊邑改","2","0","2"
"延昌宫使耶","1","1","2"
"昌宫使耶律","1","1","2"
"宫使耶律高","1","1","2"
"使耶律高家","1","1","2"
"大王耶律谷","1","1","2"
"王耶律谷欲","1","1","2"
"林都林牙耶","1","1","2"
"都林牙耶律","1","1","2"
"林牙耶律庶","1","1","2"
"牙耶律庶成","1","1","2"
"耶律庶成等","1","1","2"
"香河县民李","1","1","2"
"河县民李宜","1","1","2"
"夏国复遣使","2","0","2"
"枢密使韩国","1","1","2"
"密使韩国王","1","1","2"
"使韩国王萧","1","1","2"
"李元昊上表","1","1","2"
"副使萧革迓","2","0","2"
"诘纳叛背盟","2","0","2"
"尉萧胡睹夏","2","0","2"
"萧胡睹夏人","2","0","2"
"胡睹夏人所","2","0","2"
"睹夏人所执","2","0","2"
"诏所留夏使","2","0","2"
"所留夏使国","2","0","2"
"副使耶律敌","1","1","2"
"使耶律敌烈","1","1","2"
"侍中萧虚烈","1","1","2"
"南院统军使","1","1","2"
"卫大将军敌","1","1","2"
"大将军敌鲁","1","1","2"
"将军敌鲁古","1","1","2"
"秃古斯率诸","2","0","2"
"使萧普达战","1","1","2"
"赠同中书门","2","0","2"
"望祀木叶山","2","0","2"
"萨兰遣使贡","2","0","2"
"宣徽事萧阿","1","1","2"
"徽事萧阿剌","1","1","2"
"萧阿剌北府","2","0","2"
"阿剌北府宰","2","0","2"
"剌北府宰相","2","0","2"
"蒲卢毛朵界","1","1","2"
"五京吏民击","1","1","2"
"京吏民击鞠","1","1","2"
"遥辇帐戍军","1","1","2"
"女直详稳萧","2","0","2"
"详稳萧高六","1","1","2"
"六奚六部大","2","0","2"
"蒲卢毛朵曷","1","1","2"
"卢毛朵曷懒","1","1","2"
"毛朵曷懒河","1","1","2"
"西京留守耶","1","1","2"
"留守耶律马","1","1","2"
"守耶律马六","1","1","2"
"参知政事杨","1","1","2"
"知政事杨佶","1","1","2"
"进士王棠等","1","1","2"
"士王棠等六","1","1","2"
"王棠等六十","1","1","2"
"棠等六十八","1","1","2"
"等六十八人","1","1","2"
"使耶律敌鲁","1","1","2"
"院宣徽使旅","1","1","2"
"宣徽使旅坟","1","1","2"
"前南府宰相","1","1","2"
"宰相耶律喜","1","1","2"
"相耶律喜孙","1","1","2"
"振南京贫民","2","0","2"
"曲赦徒下罪","2","0","2"
"加右监门卫","2","0","2"
"太宗收晋图","1","1","2"
"南府宰相杜","1","1","2"
"府宰相杜防","1","1","2"
"韩绍荣奏事","1","1","2"
"子谅祚遣使","2","0","2"
"谅祚遣使告","2","0","2"
"太保耶律兴","1","1","2"
"保耶律兴老","1","1","2"
"将作少监王","1","1","2"
"作少监王全","1","1","2"
"谅祚遣使上","2","0","2"
"乞本部军助","2","0","2"
"本部军助攻","2","0","2"
"部军助攻夏","2","0","2"
"军助攻夏国","2","0","2"
"夏四月辛未","2","0","2"
"军节度使杜","1","1","2"
"节度使杜防","1","1","2"
"卢毛朵部大","1","1","2"
"毛朵部大王","1","1","2"
"朵部大王蒲","1","1","2"
"部大王蒲辇","1","1","2"
"长白山太师","1","1","2"
"白山太师柴","1","1","2"
"山太师柴葛","1","1","2"
"跋部太师撒","1","1","2"
"部太师撒剌","1","1","2"
"太师撒剌都","1","1","2"
"婆离八部夷","1","1","2"
"离八部夷离","1","1","2"
"八部夷离堇","1","1","2"
"部夷离堇虎","1","1","2"
"减杂犯死罪","2","0","2"
"点检耶律义","1","1","2"
"检耶律义先","1","1","2"
"军节度使夏","1","1","2"
"节度使夏行","1","1","2"
"度使夏行美","1","1","2"
"东北面详稳","1","1","2"
"北面详稳耶","1","1","2"
"面详稳耶律","1","1","2"
"详稳耶律术","1","1","2"
"稳耶律术者","1","1","2"
"伐蒲奴里酋","1","1","2"
"大王耶律韩","1","1","2"
"王耶律韩八","1","1","2"
"弟重元金券","1","1","2"
"使萧惟信伐","2","0","2"
"萧惟信伐夏","2","0","2"
"惟信伐夏告","2","0","2"
"信伐夏告宋","2","0","2"
"耶律义先奏","1","1","2"
"幸燕赵国王","1","1","2"
"国王洪基帐","1","1","2"
"耶律义先等","1","1","2"
"宰相耶律高","1","1","2"
"相耶律高十","1","1","2"
"国节度使耶","1","1","2"
"度使耶律仙","1","1","2"
"使耶律仙童","1","1","2"
"降乌古叛人","1","1","2"
"河南道行军","1","1","2"
"南道行军都","1","1","2"
"行十二神纛","1","1","2"
"十二神纛礼","1","1","2"
"北道行军都","1","1","2"
"行军都统耶","1","1","2"
"军都统耶律","1","1","2"
"都统耶律敌","1","1","2"
"统耶律敌鲁","1","1","2"
"律敌鲁古率","1","1","2"
"敌鲁古率阻","1","1","2"
"鲁古率阻卜","1","1","2"
"古率阻卜诸","1","1","2"
"率阻卜诸军","1","1","2"
"获李元昊妻","2","0","2"
"阻卜等部酋","1","1","2"
"卜等部酋长","1","1","2"
"遣使问罪夏","2","0","2"
"等攻金肃城","2","0","2"
"林牙耶律高","1","1","2"
"牙耶律高家","1","1","2"
"南招讨使萧","1","1","2"
"林牙萧撒抹","1","1","2"
"牙萧撒抹等","1","1","2"
"等帅师伐夏","2","0","2"
"宫都部署古","2","0","2"
"都部署古监","2","0","2"
"部署古监战","2","0","2"
"尉萧胡睹帐","1","1","2"
"卢毛朵部惕","1","1","2"
"毛朵部惕隐","1","1","2"
"朵部惕隐信","1","1","2"
"部惕隐信笃","1","1","2"
"萧蒲奴等入","2","0","2"
"蒲奴等入夏","2","0","2"
"奴等入夏境","2","0","2"
"远夷拔思母","1","1","2"
"夷拔思母部","1","1","2"
"六月丙辰朔","2","0","2"
"置倒塌岭都","1","1","2"
"北南枢密院","1","1","2"
"夷离毕萧唐","1","1","2"
"离毕萧唐古","1","1","2"
"阻卜酋长喘","1","1","2"
"六院军将海","1","1","2"
"院军将海里","1","1","2"
"军将海里击","1","1","2"
"将海里击败","1","1","2"
"李谅祚母遣","2","0","2"
"谅祚母遣使","2","0","2"
"祚母遣使乞","2","0","2"
"母遣使乞依","2","0","2"
"遣使乞依旧","2","0","2"
"使乞依旧称","2","0","2"
"府宰相韩知","1","1","2"
"宰相韩知白","1","1","2"
"密副使杨绩","1","1","2"
"林学士王纲","1","1","2"
"知制诰周白","1","1","2"
"海北州刺史","1","1","2"
"密使事萧革","1","1","2"
"萧革南院枢","2","0","2"
"革南院枢密","2","0","2"
"大王耶律仁","1","1","2"
"前北院都监","1","1","2"
"北院都监萧","1","1","2"
"院都监萧友","1","1","2"
"都监萧友括","1","1","2"
"监萧友括等","1","1","2"
"萧友括等使","2","0","2"
"友括等使夏","2","0","2"
"索党项叛户","2","0","2"
"党项权进马","2","0","2"
"乞所建城邑","2","0","2"
"冬十月己卯","2","0","2"
"惕隐都监萧","1","1","2"
"隐都监萧谟","1","1","2"
"都监萧谟鲁","1","1","2"
"萧谟鲁左夷","2","0","2"
"谟鲁左夷离","2","0","2"
"鲁左夷离毕","2","0","2"
"东京留守司","1","1","2"
"京留守司总","1","1","2"
"夏四月癸未","2","0","2"
"舅详稳萧阿","1","1","2"
"详稳萧阿剌","1","1","2"
"召北府宰相","1","1","2"
"府宰相萧塔","1","1","2"
"宰相萧塔烈","1","1","2"
"相萧塔烈葛","1","1","2"
"南府宰相汉","1","1","2"
"府宰相汉王","1","1","2"
"宰相汉王贴","1","1","2"
"枢密使事仁","1","1","2"
"密使事仁先","1","1","2"
"使事仁先等","1","1","2"
"近侍小底卢","1","1","2"
"侍小底卢宝","1","1","2"
"谥齐天皇后","1","1","2"
"谥贞烈皇后","1","1","2"
"谅祚遣使乞","2","0","2"
"祚遣使乞弛","2","0","2"
"遣使乞弛边","2","0","2"
"萧友括奉诏","1","1","2"
"谥世宗孝烈","1","1","2"
"世宗孝烈皇","1","1","2"
"宗孝烈皇后","1","1","2"
"孝成皇帝谥","1","1","2"
"北府宰相塔","1","1","2"
"府宰相塔烈","1","1","2"
"宰相塔烈葛","1","1","2"
"部署耶律义","1","1","2"
"署耶律义先","1","1","2"
"谅祚遣使进","2","0","2"
"南面林牙高","1","1","2"
"面林牙高家","1","1","2"
"牙高家奴等","1","1","2"
"高家奴等奉","1","1","2"
"家奴等奉诏","1","1","2"
"二月丙申朔","2","0","2"
"回鹘部副使","1","1","2"
"谅祚遣使求","2","0","2"
"祚遣使求婚","2","0","2"
"仁慈圣善钦","1","1","2"
"慈圣善钦孝","1","1","2"
"圣善钦孝广","1","1","2"
"善钦孝广德","1","1","2"
"钦孝广德安","1","1","2"
"孝广德安静","1","1","2"
"广德安静贞","1","1","2"
"德安静贞纯","1","1","2"
"安静贞纯懿","1","1","2"
"宽厚崇觉仪","1","1","2"
"厚崇觉仪天","1","1","2"
"崇觉仪天皇","1","1","2"
"觉仪天皇太","1","1","2"
"仪天皇太后","1","1","2"
"钦天奉道佑","1","1","2"
"天奉道佑世","1","1","2"
"奉道佑世兴","1","1","2"
"道佑世兴历","1","1","2"
"佑世兴历武","1","1","2"
"世兴历武定","1","1","2"
"兴历武定文","1","1","2"
"历武定文成","1","1","2"
"武定文成圣","1","1","2"
"定文成圣神","1","1","2"
"文成圣神仁","1","1","2"
"成圣神仁孝","1","1","2"
"圣神仁孝皇","1","1","2"
"神仁孝皇帝","1","1","2"
"孝敬广爱崇","1","1","2"
"敬广爱崇圣","1","1","2"
"广爱崇圣皇","1","1","2"
"爱崇圣皇后","1","1","2"
"春正月癸亥","2","0","2"
"镇北二州徒","1","1","2"
"清宁元年十","1","1","2"
"宁元年十月","1","1","2"
"道宗孝文皇","1","1","2"
"宗孝文皇帝","1","1","2"
"六岁封梁王","2","0","2"
"重熙十一年","1","1","2"
"二十四年秋","1","1","2"
"十四年秋八","1","1","2"
"四年秋八月","1","1","2"
"路招讨使西","1","1","2"
"招讨使西平","1","1","2"
"讨使西平郡","1","1","2"
"使西平郡王","1","1","2"
"王萧阿剌北","2","0","2"
"权知南院枢","1","1","2"
"府宰相萧虚","1","1","2"
"宰相萧虚烈","1","1","2"
"承应诸职事","1","1","2"
"应诸职事人","1","1","2"
"赐内外臣僚","1","1","2"
"尊皇太后太","2","0","2"
"皇太后太皇","2","0","2"
"太后太皇太","2","0","2"
"后太皇太后","2","0","2"
"翰林学士韩","1","1","2"
"林学士韩运","1","1","2"
"夏国先帝遗","1","1","2"
"国先帝遗物","1","1","2"
"军节度使十","1","1","2"
"节度使十神","1","1","2"
"度使十神奴","1","1","2"
"葬兴宗皇帝","1","1","2"
"南院大王侯","1","1","2"
"院大王侯古","1","1","2"
"北府宰相西","1","1","2"
"府宰相西平","1","1","2"
"宰相西平郡","1","1","2"
"相西平郡王","1","1","2"
"王萧阿剌进","1","1","2"
"萧阿剌进封","1","1","2"
"阿剌进封韩","1","1","2"
"剌进封韩王","1","1","2"
"令内外百官","1","1","2"
"知涿州杨绩","1","1","2"
"绩参知政事","2","0","2"
"圣宗时生辰","2","0","2"
"御清凉殿放","2","0","2"
"清凉殿放进","2","0","2"
"凉殿放进士","2","0","2"
"进士张孝杰","1","1","2"
"士张孝杰等","1","1","2"
"张孝杰等四","1","1","2"
"孝杰等四十","1","1","2"
"杰等四十四","1","1","2"
"等四十四人","1","1","2"
"招讨都监事","1","1","2"
"行东京所铸","1","1","2"
"东京所铸钱","1","1","2"
"院枢密使赵","1","1","2"
"枢密使赵国","1","1","2"
"密使赵国王","1","1","2"
"使赵国王查","1","1","2"
"京留守事吴","1","1","2"
"留守事吴王","1","1","2"
"守事吴王仁","1","1","2"
"事吴王仁先","1","1","2"
"吴王仁先南","2","0","2"
"王仁先南院","2","0","2"
"仁先南院枢","2","0","2"
"先南院枢密","2","0","2"
"毕事耶律划","1","1","2"
"事耶律划里","1","1","2"
"大王耶律仙","1","1","2"
"王耶律仙童","1","1","2"
"封赵国王查","1","1","2"
"陈国王阿琏","1","1","2"
"国王阿琏秦","2","0","2"
"吴王涅鲁古","1","1","2"
"古进封楚国","1","1","2"
"进封楚国王","1","1","2"
"尊号曰慈懿","2","0","2"
"号曰慈懿仁","2","0","2"
"曰慈懿仁文","2","0","2"
"慈懿仁文惠","2","0","2"
"懿仁文惠孝","2","0","2"
"置倒塌岭节","1","1","2"
"魏国王查葛","1","1","2"
"密院事萧唐","1","1","2"
"院事萧唐古","1","1","2"
"古南府宰相","2","0","2"
"君臣同志华","1","1","2"
"臣同志华夷","1","1","2"
"同志华夷同","1","1","2"
"志华夷同风","1","1","2"
"五百里内囚","1","1","2"
"知易州事耶","1","1","2"
"易州事耶律","1","1","2"
"州事耶律颇","1","1","2"
"东胜等处勇","1","1","2"
"夏四月甲辰","2","0","2"
"大行太皇太","1","1","2"
"行太皇太后","1","1","2"
"谥曰钦哀皇","2","0","2"
"枢密使吴王","1","1","2"
"王仁先北院","2","0","2"
"仁先北院枢","2","0","2"
"先北院枢密","2","0","2"
"京留守事侯","1","1","2"
"留守事侯古","1","1","2"
"古南院大王","2","0","2"
"军节度使奚","1","1","2"
"节度使奚底","1","1","2"
"御清风殿受","2","0","2"
"王仁先南京","2","0","2"
"院枢密使楚","1","1","2"
"枢密使楚王","1","1","2"
"密使楚王萧","1","1","2"
"使楚王萧革","1","1","2"
"太叔重元金","1","1","2"
"叔重元金券","1","1","2"
"乌古敌烈详","1","1","2"
"古敌烈详稳","1","1","2"
"敌烈详稳萧","1","1","2"
"烈详稳萧谟","1","1","2"
"详稳萧谟鲁","1","1","2"
"北院林牙奚","1","1","2"
"院林牙奚马","1","1","2"
"林牙奚马六","1","1","2"
"知政事吴湛","1","1","2"
"进士梁援等","1","1","2"
"百一十五人","1","1","2"
"夏五月戊子","2","0","2"
"国史耶律白","1","1","2"
"史耶律白请","1","1","2"
"详稳高家奴","1","1","2"
"七年春三月","1","1","2"
"杀东京留守","1","1","2"
"东京留守陈","1","1","2"
"京留守陈王","1","1","2"
"留守陈王萧","1","1","2"
"守陈王萧阿","1","1","2"
"陈王萧阿剌","1","1","2"
"冬十二月壬","2","0","2"
"里南院大王","2","0","2"
"吾独婉惕隐","1","1","2"
"独婉惕隐屯","1","1","2"
"婉惕隐屯秃","1","1","2"
"惕隐屯秃葛","1","1","2"
"隐屯秃葛等","1","1","2"
"夷离毕奚马","1","1","2"
"离毕奚马六","1","1","2"
"进士王鼎等","1","1","2"
"士王鼎等九","1","1","2"
"王鼎等九十","1","1","2"
"鼎等九十三","1","1","2"
"等九十三人","1","1","2"
"密使事萧图","1","1","2"
"使事萧图古","1","1","2"
"涅鲁古跃马","1","1","2"
"护卫苏射杀","1","1","2"
"耶律乙辛南","2","0","2"
"律乙辛南院","2","0","2"
"乙辛南院枢","2","0","2"
"辛南院枢密","2","0","2"
"奴殿前都点","2","0","2"
"伞子等三百","1","1","2"
"子等三百余","1","1","2"
"横帐夷离堇","1","1","2"
"帐夷离堇房","1","1","2"
"重元等所胁","1","1","2"
"宫使耶律塔","1","1","2"
"院部太保耶","1","1","2"
"部太保耶律","1","1","2"
"保耶律合术","1","1","2"
"耶律合术知","1","1","2"
"律合术知南","1","1","2"
"合术知南院","1","1","2"
"术知南院大","1","1","2"
"宣徽使萧九","1","1","2"
"徽使萧九哥","1","1","2"
"哥北府宰相","2","0","2"
"故富春郡王","1","1","2"
"富春郡王耶","1","1","2"
"春郡王耶律","1","1","2"
"郡王耶律义","1","1","2"
"王耶律义先","1","1","2"
"求乾文阁所","1","1","2"
"命儒臣校雠","1","1","2"
"节度使韩谢","1","1","2"
"度使韩谢十","1","1","2"
"北院大王萧","1","1","2"
"院大王萧兀","1","1","2"
"大王萧兀古","1","1","2"
"王萧兀古匿","1","1","2"
"咸雍元年春","1","1","2"
"雍元年春正","1","1","2"
"圣文神武全","1","1","2"
"文神武全功","1","1","2"
"神武全功大","1","1","2"
"武全功大略","1","1","2"
"全功大略广","1","1","2"
"功大略广智","1","1","2"
"仁睿孝天佑","1","1","2"
"睿孝天佑皇","1","1","2"
"孝天佑皇帝","1","1","2"
"枢密院事张","1","1","2"
"密院事张嗣","1","1","2"
"院事张嗣复","1","1","2"
"改知兴中府","2","0","2"
"清暑拖古烈","2","0","2"
"幸医巫闾山","1","1","2"
"京留守萧惟","1","1","2"
"留守萧惟信","1","1","2"
"贺正使王严","1","1","2"
"军节度使姚","1","1","2"
"节度使姚景","1","1","2"
"度使姚景行","1","1","2"
"详稳耶律韩","1","1","2"
"稳耶律韩福","1","1","2"
"耶律韩福奴","1","1","2"
"户部使刘诜","1","1","2"
"刘诜枢密副","2","0","2"
"诜枢密副使","2","0","2"
"西京留守合","1","1","2"
"京留守合术","1","1","2"
"进士张臻等","1","1","2"
"安流殿钓鱼","1","1","2"
"遣右护卫太","1","1","2"
"护卫太保萧","1","1","2"
"卫太保萧挞","1","1","2"
"翰林学士陈","1","1","2"
"林学士陈觉","1","1","2"
"驻跸春州北","2","0","2"
"宋遣使馈先","2","0","2"
"遣使馈先帝","2","0","2"
"使馈先帝遗","2","0","2"
"中书舍人马","1","1","2"
"书舍人马铉","1","1","2"
"府宰相韩王","1","1","2"
"宰相韩王萧","1","1","2"
"相韩王萧唐","1","1","2"
"韩王萧唐古","1","1","2"
"度使耶律蕊","1","1","2"
"使耶律蕊奴","1","1","2"
"耶律蕊奴南","2","0","2"
"度支使赵徽","1","1","2"
"遣使进回鹘","2","0","2"
"使进回鹘僧","2","0","2"
"改易州兵马","1","1","2"
"易州兵马使","1","1","2"
"谅祚子秉常","2","0","2"
"祚子秉常遣","2","0","2"
"子秉常遣使","2","0","2"
"御制华严经","1","1","2"
"制华严经赞","1","1","2"
"夏国李秉常","1","1","2"
"北院林牙耶","1","1","2"
"院林牙耶律","1","1","2"
"林牙耶律赵","1","1","2"
"牙耶律赵三","1","1","2"
"右夷离毕萧","1","1","2"
"夷离毕萧素","1","1","2"
"离毕萧素飒","1","1","2"
"置乌古敌烈","1","1","2"
"敌烈部都统","1","1","2"
"烈部都统军","1","1","2"
"部都统军司","1","1","2"
"秉常夏国王","2","0","2"
"十一月丁卯","2","0","2"
"五国剖阿里","1","1","2"
"国剖阿里部","1","1","2"
"剖阿里部叛","1","1","2"
"王李秉常遣","2","0","2"
"诏百官廷议","2","0","2"
"惕隐耶律白","1","1","2"
"进士赵廷睦","1","1","2"
"士赵廷睦等","1","1","2"
"百三十八人","1","1","2"
"追封辽西郡","2","0","2"
"马希白诗才","1","1","2"
"希白诗才敏","1","1","2"
"五国部长朝","2","0","2"
"路招讨司擒","1","1","2"
"军节度使高","1","1","2"
"节度使高元","1","1","2"
"度使高元纪","1","1","2"
"易州观察使","1","1","2"
"州观察使高","1","1","2"
"观察使高正","1","1","2"
"国节度使萧","1","1","2"
"节度使萧陶","1","1","2"
"度使萧陶苏","1","1","2"
"使萧陶苏斡","1","1","2"
"宁江州防御","1","1","2"
"江州防御使","1","1","2"
"防御使大荣","1","1","2"
"南院大王高","1","1","2"
"院大王高八","1","1","2"
"宰相耶律蕊","1","1","2"
"相耶律蕊奴","1","1","2"
"百官廷议军","1","1","2"
"官廷议军国","1","1","2"
"南京流民租","1","1","2"
"宫都部署李","1","1","2"
"都部署李仲","1","1","2"
"部署李仲禧","1","1","2"
"密副使王观","1","1","2"
"都承旨杨兴","1","1","2"
"承旨杨兴工","1","1","2"
"赐宰相耶律","1","1","2"
"宰相耶律孝","1","1","2"
"相耶律孝杰","1","1","2"
"耶律孝杰名","1","1","2"
"百一十三人","1","1","2"
"太宗神功碑","1","1","2"
"耶律乙辛降","1","1","2"
"律乙辛降封","1","1","2"
"吴王萧韩家","1","1","2"
"王萧韩家奴","1","1","2"
"召沙门守道","1","1","2"
"南京流民差","1","1","2"
"京流民差役","1","1","2"
"流民差役三","1","1","2"
"民差役三年","1","1","2"
"度使耶律颇","1","1","2"
"户部使陈毅","1","1","2"
"度支使王绩","1","1","2"
"旗鼓拽剌六","1","1","2"
"鼓拽剌六人","1","1","2"
"同知广德军","1","1","2"
"知广德军节","1","1","2"
"萧挞北府宰","2","0","2"
"挞北府宰相","2","0","2"
"耶律慎思同","1","1","2"
"西京流民租","1","1","2"
"京流民租赋","1","1","2"
"景宗御容殿","1","1","2"
"阻卜余古赧","1","1","2"
"林学士王言","1","1","2"
"学士王言敷","1","1","2"
"封北院宣徽","1","1","2"
"院宣徽使石","1","1","2"
"宣徽使石笃","1","1","2"
"加围场使涅","2","0","2"
"幸驸马都尉","1","1","2"
"度使耶律仁","1","1","2"
"使耶律仁杰","1","1","2"
"宋将张天一","1","1","2"
"耶律慎思知","2","0","2"
"导梁王延禧","1","1","2"
"烈统军使耶","1","1","2"
"军使耶律马","1","1","2"
"耶律慎思北","2","0","2"
"律慎思北院","2","0","2"
"慎思北院枢","2","0","2"
"都部署王绩","1","1","2"
"绩南院枢密","2","0","2"
"左金吾卫大","1","1","2"
"子三韩国公","1","1","2"
"南枢密院官","1","1","2"
"院枢密使刘","1","1","2"
"枢密使刘筠","1","1","2"
"混同郡王耶","1","1","2"
"同郡王耶律","1","1","2"
"郡王耶律乙","1","1","2"
"进士李君裕","1","1","2"
"士李君裕等","1","1","2"
"李君裕等五","1","1","2"
"君裕等五十","1","1","2"
"裕等五十一","1","1","2"
"等五十一人","1","1","2"
"建南京奉福","1","1","2"
"南京奉福寺","1","1","2"
"萌古国遣使","2","0","2"
"古国遣使聘","2","0","2"
"牌印郎君耶","1","1","2"
"印郎君耶律","1","1","2"
"郎君耶律固","1","1","2"
"傅导燕国王","2","0","2"
"降国舅详稳","1","1","2"
"改庆州大安","1","1","2"
"庆州大安军","1","1","2"
"大安元年春","1","1","2"
"安元年春正","1","1","2"
"密直学士杜","1","1","2"
"直学士杜公","1","1","2"
"学士杜公谓","1","1","2"
"遣使贺宋主","2","0","2"
"常遣使报母","2","0","2"
"萧挞南院枢","2","0","2"
"挞南院枢密","2","0","2"
"详稳萧袍里","1","1","2"
"五国诸部长","2","0","2"
"国诸部长贡","2","0","2"
"权翰林学士","1","1","2"
"翰林学士赵","1","1","2"
"林学士赵孝","1","1","2"
"学士赵孝严","1","1","2"
"诰王师儒等","1","1","2"
"统军使萧讹","1","1","2"
"军使萧讹都","1","1","2"
"使萧讹都斡","1","1","2"
"进士张毂等","1","1","2"
"士张毂等二","1","1","2"
"张毂等二十","1","1","2"
"毂等二十六","1","1","2"
"等二十六人","1","1","2"
"京留守事耶","1","1","2"
"留守事耶律","1","1","2"
"事耶律知右","2","0","2"
"耶律知右夷","2","0","2"
"律知右夷离","2","0","2"
"阻卜酋长余","1","1","2"
"卜酋长余古","1","1","2"
"酋长余古赧","1","1","2"
"部署耶律阿","1","1","2"
"署耶律阿思","1","1","2"
"母燕国夫人","1","1","2"
"燕国夫人削","1","1","2"
"国夫人削古","1","1","2"
"子兰陵郡王","1","1","2"
"陵郡王萧酬","1","1","2"
"郡王萧酬斡","1","1","2"
"积庆二宫贫","1","1","2"
"庆二宫贫民","1","1","2"
"枢密副使窦","1","1","2"
"密副使窦景","1","1","2"
"副使窦景庸","1","1","2"
"遣使诏子乾","2","0","2"
"使诏子乾顺","2","0","2"
"诏子乾顺知","2","0","2"
"子乾顺知国","2","0","2"
"乾顺知国事","2","0","2"
"国王延禧行","2","0","2"
"王延禧行生","2","0","2"
"延禧行生礼","2","0","2"
"懿四州贫民","1","1","2"
"乾顺遣使上","2","0","2"
"顺遣使上父","2","0","2"
"府宰相王绩","1","1","2"
"兴圣宫贫民","1","1","2"
"知政事王经","1","1","2"
"追封秦越国","1","1","2"
"封秦越国王","1","1","2"
"惕隐耶律坦","1","1","2"
"度使耶律王","1","1","2"
"使耶律王九","1","1","2"
"密直学士吕","1","1","2"
"直学士吕嗣","1","1","2"
"学士吕嗣立","1","1","2"
"铁五州贫民","1","1","2"
"立入粟补官","1","1","2"
"入粟补官法","1","1","2"
"使事耶律聂","1","1","2"
"事耶律聂里","1","1","2"
"密使耶律颇","1","1","2"
"乾顺夏国王","2","0","2"
"耶律阿思封","1","1","2"
"乙室大王耶","1","1","2"
"室大王耶律","1","1","2"
"权知西北路","1","1","2"
"招讨使事萧","1","1","2"
"讨使事萧朽","1","1","2"
"使事萧朽哥","1","1","2"
"诸部长官亲","1","1","2"
"宰相耶律王","1","1","2"
"相耶律王九","1","1","2"
"孟父敞稳耶","1","1","2"
"父敞稳耶律","1","1","2"
"敞稳耶律慎","1","1","2"
"稳耶律慎思","1","1","2"
"大定二府精","1","1","2"
"南府枢密使","2","0","2"
"府枢密使事","2","0","2"
"君班详稳耶","1","1","2"
"班详稳耶律","1","1","2"
"详稳耶律涅","1","1","2"
"稳耶律涅里","1","1","2"
"知政事王言","1","1","2"
"政事王言敷","1","1","2"
"前枢密副使","1","1","2"
"枢密副使贾","1","1","2"
"密副使贾士","1","1","2"
"副使贾士勋","1","1","2"
"秋七月庚午","2","0","2"
"遣使遗宋鹿","2","0","2"
"使遗宋鹿脯","2","0","2"
"军节度使何","1","1","2"
"节度使何葛","1","1","2"
"夏四月丁酉","2","0","2"
"路统军司设","1","1","2"
"使事耶律吐","1","1","2"
"遣使决五京","2","0","2"
"南府宰相窦","1","1","2"
"府宰相窦景","1","1","2"
"宰相窦景庸","1","1","2"
"进士文充等","1","1","2"
"士文充等七","1","1","2"
"文充等七十","1","1","2"
"充等七十二","1","1","2"
"等七十二人","1","1","2"
"渭州贫民耕","1","1","2"
"州贫民耕牛","1","1","2"
"宫副部署耶","1","1","2"
"副部署耶律","1","1","2"
"部署耶律谷","1","1","2"
"署耶律谷欲","1","1","2"
"倒塌岭人进","1","1","2"
"权知东京留","1","1","2"
"京留守萧陶","1","1","2"
"应范等二十","1","1","2"
"范等二十八","1","1","2"
"等二十八人","1","1","2"
"卜磨古斯杀","1","1","2"
"金吾吐古斯","1","1","2"
"遣奚六部秃","1","1","2"
"六部秃里耶","1","1","2"
"部秃里耶律","1","1","2"
"秃里耶律郭","1","1","2"
"里耶律郭三","1","1","2"
"发诸蕃部兵","1","1","2"
"府宰相王经","1","1","2"
"离毕耶律涅","1","1","2"
"毕耶律涅里","1","1","2"
"北院大王合","1","1","2"
"院大王合鲁","1","1","2"
"进士冠尊文","1","1","2"
"士冠尊文等","1","1","2"
"冠尊文等五","1","1","2"
"尊文等五十","1","1","2"
"文等五十三","1","1","2"
"等五十三人","1","1","2"
"讨使耶律阿","1","1","2"
"使耶律阿鲁","1","1","2"
"耶律阿鲁扫","1","1","2"
"律阿鲁扫古","1","1","2"
"阿鲁扫古追","1","1","2"
"都监萧张九","1","1","2"
"振西北路贫","2","0","2"
"讨使耶律挞","1","1","2"
"阻卜乌古札","1","1","2"
"卜乌古札叛","1","1","2"
"南院大王特","2","0","2"
"院大王特末","2","0","2"
"郑家奴率兵","1","1","2"
"路行军都监","1","1","2"
"密直学士赵","1","1","2"
"使萧朽哥奏","1","1","2"
"讨阻卜等部","1","1","2"
"捷军都监特","1","1","2"
"军都监特抹","1","1","2"
"萧阿鲁带奏","1","1","2"
"春州北平淀","1","1","2"
"律陈家奴奏","1","1","2"
"使事耶律斡","1","1","2"
"将军耶律胡","1","1","2"
"军耶律胡吕","1","1","2"
"积庆宫使萧","1","1","2"
"密云流民租","1","1","2"
"云流民租赋","1","1","2"
"敦睦宫太师","1","1","2"
"睦宫太师耶","1","1","2"
"宫太师耶律","1","1","2"
"太师耶律爱","1","1","2"
"师耶律爱奴","1","1","2"
"知国舅详稳","1","1","2"
"国舅详稳事","1","1","2"
"舅详稳事萧","1","1","2"
"详稳事萧阿","1","1","2"
"稳事萧阿烈","1","1","2"
"事萧阿烈同","1","1","2"
"北路行军事","1","1","2"
"秋七月庚子","2","0","2"
"路统军使耶","1","1","2"
"军使耶律石","1","1","2"
"使耶律石柳","1","1","2"
"山北副部署","1","1","2"
"阿鲁带击败","1","1","2"
"录西北路功","2","0","2"
"西北路功将","2","0","2"
"北路功将士","2","0","2"
"除贫民租赋","1","1","2"
"统军司奏讨","2","0","2"
"讨磨古斯捷","1","1","2"
"萧阿鲁带等","1","1","2"
"阿鲁带等击","1","1","2"
"鲁带等击破","1","1","2"
"奉圣州贫民","1","1","2"
"右二皮室贫","1","1","2"
"二皮室贫民","1","1","2"
"东北路贫民","1","1","2"
"北路贫民绢","1","1","2"
"特剌奏讨耶","2","0","2"
"剌奏讨耶睹","2","0","2"
"奏讨耶睹刮","2","0","2"
"讨耶睹刮捷","2","0","2"
"离毕耶律吐","1","1","2"
"毕耶律吐朵","1","1","2"
"南京宣徽使","1","1","2"
"京宣徽使耶","1","1","2"
"徽使耶律特","1","1","2"
"使耶律特末","1","1","2"
"部大王事回","1","1","2"
"大王事回里","1","1","2"
"事赵孝严汉","2","0","2"
"赵孝严汉人","2","0","2"
"孝严汉人行","2","0","2"
"严汉人行宫","2","0","2"
"镇国大将军","1","1","2"
"西北路汉军","1","1","2"
"牙耶律大悲","1","1","2"
"奴右夷离毕","2","0","2"
"知政事王师","1","1","2"
"政事王师儒","1","1","2"
"贝多叶佛经","1","1","2"
"进士陈衡甫","1","1","2"
"士陈衡甫等","1","1","2"
"面招讨司讨","1","1","2"
"颇里八部进","1","1","2"
"宰相耶律铎","1","1","2"
"相耶律铎鲁","1","1","2"
"耶律铎鲁斡","1","1","2"
"尚书右仆射","1","1","2"
"长忽鲁八等","1","1","2"
"南府宰相赵","1","1","2"
"部署耶律吾","1","1","2"
"奏讨梅里急","2","0","2"
"讨梅里急捷","2","0","2"
"路招讨使斡","1","1","2"
"招讨使斡特","1","1","2"
"讨使斡特剌","1","1","2"
"巫闾山僧志","2","0","2"
"闾山僧志达","2","0","2"
"事牛温舒知","2","0","2"
"十月乙亥朔","2","0","2"
"复遣使求援","2","0","2"
"斡特剌西北","2","0","2"
"特剌西北路","2","0","2"
"宫使耶律郝","1","1","2"
"使耶律郝家","1","1","2"
"耶律郝家奴","1","1","2"
"十月己亥朔","2","0","2"
"里底知北院","2","0","2"
"底知北院枢","2","0","2"
"大王耶律吾","1","1","2"
"东京留守何","1","1","2"
"京留守何鲁","1","1","2"
"留守何鲁扫","1","1","2"
"守何鲁扫古","1","1","2"
"宣徽使萧常","1","1","2"
"徽使萧常哥","1","1","2"
"夺宰相郑颛","1","1","2"
"御史中丞韩","1","1","2"
"史中丞韩君","1","1","2"
"中丞韩君义","1","1","2"
"广顺军节度","1","1","2"
"三班院祗候","1","1","2"
"夷离毕事郝","1","1","2"
"离毕事郝家","1","1","2"
"毕事郝家奴","1","1","2"
"国王延禧拟","1","1","2"
"顺宗大孝顺","1","1","2"
"宗大孝顺圣","1","1","2"
"贞顺皇后萧","1","1","2"
"顺皇后萧氏","1","1","2"
"律乙辛所诬","1","1","2"
"乙辛所诬陷","1","1","2"
"辛所诬陷者","1","1","2"
"府宰相萧兀","1","1","2"
"宰相萧兀纳","1","1","2"
"追谥懿德皇","1","1","2"
"谥懿德皇后","1","1","2"
"耶律阿思加","1","1","2"
"葬仁圣大孝","1","1","2"
"上皇考昭怀","1","1","2"
"皇考昭怀太","1","1","2"
"考昭怀太子","1","1","2"
"昭怀太子谥","1","1","2"
"曰大孝顺圣","1","1","2"
"曰贞顺皇后","1","1","2"
"枢密副使张","1","1","2"
"密副使张琳","1","1","2"
"林学士张奉","1","1","2"
"献耶睹刮等","1","1","2"
"耶睹刮等部","1","1","2"
"王李乾顺复","2","0","2"
"李乾顺复遣","2","0","2"
"乾顺复遣使","2","0","2"
"顺复遣使请","2","0","2"
"南院大王陈","1","1","2"
"院大王陈家","1","1","2"
"大王陈家奴","1","1","2"
"李乾顺宋所","2","0","2"
"乾顺宋所攻","2","0","2"
"北面林牙郝","1","1","2"
"面林牙郝家","1","1","2"
"林牙郝家奴","1","1","2"
"萧海里亡入","2","0","2"
"入陪术水阿","1","1","2"
"陪术水阿典","1","1","2"
"术水阿典部","1","1","2"
"留守耶律慎","1","1","2"
"守耶律慎思","1","1","2"
"惠文智武圣","1","1","2"
"文智武圣孝","1","1","2"
"智武圣孝天","1","1","2"
"武圣孝天祚","1","1","2"
"圣孝天祚皇","1","1","2"
"孝天祚皇帝","1","1","2"
"惕隐耶律何","1","1","2"
"隐耶律何鲁","1","1","2"
"耶律何鲁扫","1","1","2"
"律何鲁扫古","1","1","2"
"曾祖曰庄敬","1","1","2"
"祖曰庄敬皇","1","1","2"
"曰庄敬皇帝","1","1","2"
"妣曰庄敬皇","1","1","2"
"曰庄敬皇后","1","1","2"
"进士马恭回","1","1","2"
"士马恭回等","1","1","2"
"燕国王挞鲁","1","1","2"
"招讨使萧里","2","0","2"
"讨使萧里底","2","0","2"
"副使耶律慎","1","1","2"
"使耶律慎思","1","1","2"
"密使事萧敌","1","1","2"
"使事萧敌里","1","1","2"
"里西北路招","2","0","2"
"节度使萧常","1","1","2"
"度使萧常哥","1","1","2"
"直学士高端","1","1","2"
"学士高端礼","1","1","2"
"士高端礼等","1","1","2"
"女南仙封成","2","0","2"
"南仙封成安","2","0","2"
"仙封成安公","2","0","2"
"封成安公主","2","0","2"
"十二月己巳","2","0","2"
"遣知北院枢","1","1","2"
"枢密使事牛","1","1","2"
"密使事牛温","1","1","2"
"使事牛温舒","1","1","2"
"归所侵夏地","2","0","2"
"清暑散水原","2","0","2"
"家奴南院大","2","0","2"
"奴奚六部大","2","0","2"
"仁圣皇太叔","1","1","2"
"国王淳进封","2","0","2"
"封皇子敖卢","1","1","2"
"皇子敖卢斡","1","1","2"
"钓鱼鸭子河","2","0","2"
"驻跸大鱼泺","2","0","2"
"进士李石等","1","1","2"
"招讨使萧敌","1","1","2"
"讨使萧敌里","1","1","2"
"使萧敌里率","1","1","2"
"乾顺成安公","2","0","2"
"顺成安公主","2","0","2"
"正月丙午朔","2","0","2"
"清暑特礼岭","2","0","2"
"进士刘桢等","1","1","2"
"士刘桢等九","1","1","2"
"刘桢等九十","1","1","2"
"桢等九十人","1","1","2"
"李造福等贡","2","0","2"
"天庆元年春","1","1","2"
"庆元年春正","1","1","2"
"生女直酋长","2","0","2"
"女直酋长千","2","0","2"
"直酋长千里","2","0","2"
"酋长千里内","2","0","2"
"长千里内者","2","0","2"
"秋七月乙丑","2","0","2"
"详稳司送北","1","1","2"
"稳司送北枢","1","1","2"
"司送北枢密","1","1","2"
"送北枢密院","1","1","2"
"韩国公王俣","1","1","2"
"等七十七人","1","1","2"
"禁僧尼破戒","1","1","2"
"大牢古山围","1","1","2"
"牢古山围场","1","1","2"
"古山围场地","1","1","2"
"日率五百骑","1","1","2"
"密直学士马","1","1","2"
"直学士马人","1","1","2"
"学士马人望","1","1","2"
"院事耶律俨","1","1","2"
"纥石烈部人","1","1","2"
"石烈部人阿","1","1","2"
"烈部人阿疏","1","1","2"
"侍御阿息保","1","1","2"
"上多建城堡","1","1","2"
"遣海州刺史","1","1","2"
"海州刺史高","1","1","2"
"州刺史高仙","1","1","2"
"刺史高仙寿","1","1","2"
"史高仙寿统","1","1","2"
"守司空萧嗣","1","1","2"
"司空萧嗣先","1","1","2"
"东北路都统","1","1","2"
"节度使萧挞","1","1","2"
"发契丹奚军","1","1","2"
"契丹奚军三","1","1","2"
"丹奚军三千","1","1","2"
"奚军三千人","1","1","2"
"虞候崔公义","1","1","2"
"控鹤指挥邢","1","1","2"
"鹤指挥邢颖","1","1","2"
"潜渡混同江","2","0","2"
"萧嗣先军溃","1","1","2"
"奏东征溃军","2","0","2"
"都统萧敌里","1","1","2"
"统萧敌里等","1","1","2"
"副点检萧乙","1","1","2"
"点检萧乙薛","1","1","2"
"使事耶律章","1","1","2"
"事耶律章奴","1","1","2"
"耶律章奴副","2","0","2"
"南军诸将实","1","1","2"
"军诸将实娄","1","1","2"
"若归叛人阿","2","0","2"
"归叛人阿疏","2","0","2"
"都统耶律斡","1","1","2"
"统耶律斡里","1","1","2"
"律斡里朵等","1","1","2"
"斡里朵等女","2","0","2"
"里朵等女直","2","0","2"
"遣耶律张家","1","1","2"
"律张家奴等","1","1","2"
"张家奴等六","1","1","2"
"家奴等六人","1","1","2"
"南面副部署","1","1","2"
"面副部署萧","1","1","2"
"副部署萧陶","1","1","2"
"部署萧陶苏","1","1","2"
"署萧陶苏斡","1","1","2"
"惕隐耶律末","1","1","2"
"隐耶律末里","1","1","2"
"里北院大王","2","0","2"
"都统斡里朵","1","1","2"
"统斡里朵等","1","1","2"
"诸行营都部","1","1","2"
"行营都部署","1","1","2"
"营都部署耶","1","1","2"
"部署耶律章","1","1","2"
"署耶律章奴","1","1","2"
"都点检萧胡","1","1","2"
"点检萧胡睹","1","1","2"
"检萧胡睹姑","1","1","2"
"密直学士柴","1","1","2"
"直学士柴谊","1","1","2"
"枢密使萧里","2","0","2"
"密使萧里底","2","0","2"
"叛人阿疏等","1","1","2"
"谋迎立魏国","1","1","2"
"迎立魏国王","1","1","2"
"立魏国王淳","2","0","2"
"行宫小底乙","1","1","2"
"宫小底乙信","1","1","2"
"王妃亲弟萧","1","1","2"
"妃亲弟萧谛","1","1","2"
"亲弟萧谛里","1","1","2"
"广平淀待罪","1","1","2"
"顺国女直阿","2","0","2"
"国女直阿鹘","2","0","2"
"女直阿鹘产","2","0","2"
"擒贵族二百","2","0","2"
"妻子配役绣","2","0","2"
"子配役绣院","2","0","2"
"散诸近侍婢","2","0","2"
"章奴诈使者","2","0","2"
"锦州刺史耶","1","1","2"
"刺史耶律术","1","1","2"
"史耶律术者","1","1","2"
"耶律术者叛","1","1","2"
"林牙耶律马","1","1","2"
"牙耶律马哥","1","1","2"
"正月丙寅朔","2","0","2"
"恶少年十余","1","1","2"
"少年十余人","1","1","2"
"户部使大公","1","1","2"
"部使大公鼎","1","1","2"
"副留守高清","1","1","2"
"留守高清明","1","1","2"
"守高清明集","1","1","2"
"太祖力战二","1","1","2"
"祖力战二十","1","1","2"
"力战二十余","1","1","2"
"战二十余年","1","1","2"
"裨将渤海高","1","1","2"
"将渤海高永","1","1","2"
"渤海高永昌","1","1","2"
"称隆基元年","1","1","2"
"贵德州守将","1","1","2"
"德州守将耶","1","1","2"
"州守将耶律","1","1","2"
"守将耶律余","1","1","2"
"将耶律余睹","1","1","2"
"侍御司徒挞","1","1","2"
"遣汉人行宫","1","1","2"
"都部署萧特","1","1","2"
"部署萧特末","1","1","2"
"署萧特末率","1","1","2"
"诱饶州渤海","1","1","2"
"亲征张家奴","1","1","2"
"军攻下沈州","1","1","2"
"酬斡等十三","1","1","2"
"斡等十三人","1","1","2"
"进封秦晋国","2","0","2"
"密使事萧韩","1","1","2"
"使事萧韩家","1","1","2"
"事萧韩家奴","1","1","2"
"春州渤海二","1","1","2"
"州渤海二千","1","1","2"
"渤海二千余","1","1","2"
"海二千余户","1","1","2"
"中丞耶律挞","1","1","2"
"封庶人萧氏","1","1","2"
"副统耶律马","1","1","2"
"统耶律马哥","1","1","2"
"东北面诸军","1","1","2"
"东北面行军","1","1","2"
"北面行军诸","1","1","2"
"面行军诸将","1","1","2"
"行军诸将涅","1","1","2"
"军诸将涅里","1","1","2"
"枢密院事余","1","1","2"
"密院事余里","1","1","2"
"命都元帅秦","1","1","2"
"元帅秦晋王","1","1","2"
"四路兵马防","1","1","2"
"置怨军八营","1","1","2"
"二万八千余","1","1","2"
"万八千余人","1","1","2"
"卫州蒺藜山","1","1","2"
"元帅秦晋国","1","1","2"
"帅秦晋国王","1","1","2"
"秦晋国王淳","2","0","2"
"遣夷离毕查","1","1","2"
"夷离毕查剌","1","1","2"
"东北路行军","1","1","2"
"行军都统奚","1","1","2"
"军都统奚霞","1","1","2"
"都统奚霞末","1","1","2"
"遣耶律奴哥","1","1","2"
"耶律奴哥等","1","1","2"
"节度使张崇","1","1","2"
"双州二百户","1","1","2"
"州二百户降","1","1","2"
"东路诸州盗","1","1","2"
"路诸州盗贼","1","1","2"
"诸州盗贼蜂","1","1","2"
"兴中府三路","1","1","2"
"复遣奴哥使","2","0","2"
"聚众二十万","1","1","2"
"耶律马哥等","1","1","2"
"军帅回离保","1","1","2"
"帅回离保等","1","1","2"
"兴中府所属","1","1","2"
"中府所属州","1","1","2"
"府所属州郡","1","1","2"
"讹里等十五","1","1","2"
"里等十五人","1","1","2"
"副元帅萧挞","1","1","2"
"宁昌军节度","1","1","2"
"节度使刘宏","1","1","2"
"时山前诸路","1","1","2"
"诱中京射粮","1","1","2"
"中京射粮军","1","1","2"
"南面军帅余","1","1","2"
"面军帅余睹","1","1","2"
"军帅余睹擒","1","1","2"
"遣知右夷离","1","1","2"
"离毕事萧习","1","1","2"
"毕事萧习泥","1","1","2"
"事萧习泥烈","1","1","2"
"萧习泥烈等","1","1","2"
"东怀国皇帝","1","1","2"
"金复遣乌林","2","0","2"
"复遣乌林答","2","0","2"
"复遣习泥烈","2","0","2"
"耶律陈图奴","1","1","2"
"律陈图奴等","1","1","2"
"陈图奴等二","1","1","2"
"图奴等二十","1","1","2"
"奴等二十余","1","1","2"
"等二十余人","1","1","2"
"二十余人谋","1","1","2"
"十余人谋反","1","1","2"
"送乌林答赞","1","1","2"
"十年春二月","1","1","2"
"选精兵三千","1","1","2"
"府宰相萧乙","1","1","2"
"宰相萧乙薛","1","1","2"
"知盐铁内省","1","1","2"
"盐铁内省两","1","1","2"
"铁内省两司","1","1","2"
"东北统军司","1","1","2"
"北统军司事","1","1","2"
"党项小斛禄","1","1","2"
"金人完颜娄","1","1","2"
"人完颜娄室","1","1","2"
"完颜娄室等","1","1","2"
"位二十四年","1","1","2"
"怒耶律白斯","1","1","2"
"彰圣等军节","1","1","2"
"圣等军节度","1","1","2"
"子阿撒等三","1","1","2"
"阿撒等三百","1","1","2"
"撒等三百余","1","1","2"
"三百余人亡","2","0","2"
"百余人亡归","2","0","2"
"队长武朝彦","1","1","2"
"长武朝彦作","1","1","2"
"武朝彦作乱","1","1","2"
"南京刻石纪","1","1","2"
"京刻石纪功","1","1","2"
"奚王回离保","1","1","2"
"牙耶律大石","1","1","2"
"耶律大石等","1","1","2"
"南北路两都","1","1","2"
"北路两都招","1","1","2"
"路两都招讨","1","1","2"
"两都招讨府","1","1","2"
"诸蕃部族等","1","1","2"
"保知北院枢","2","0","2"
"遗命遥立秦","1","1","2"
"命遥立秦王","1","1","2"
"进士李球等","1","1","2"
"宰相李纯等","1","1","2"
"太保特母哥","1","1","2"
"队帅耶律敌","1","1","2"
"帅耶律敌列","1","1","2"
"耶律敌列等","1","1","2"
"林牙资忠所","1","1","2"
"迭烈部统军","1","1","2"
"烈部统军挞","1","1","2"
"劾西北路招","1","1","2"
"大臣立秦晋","1","1","2"
"臣立秦晋王","1","1","2"
"皆太祖子孙","2","0","2"
"白达达详稳","1","1","2"
"达达详稳床","1","1","2"
"达详稳床古","1","1","2"
"北庭都护府","1","1","2"
"毕十八部王","1","1","2"
"回鹘王毕勒","1","1","2"
"鹘王毕勒哥","1","1","2"
"太祖皇帝北","1","1","2"
"祖皇帝北征","1","1","2"
"过卜古罕城","1","1","2"
"副使耶律松","1","1","2"
"使耶律松山","1","1","2"
"耶律松山等","1","1","2"
"等将兵二千","2","0","2"
"将兵二千五","2","0","2"
"兵二千五百","2","0","2"
"二千五百攻","2","0","2"
"密副使萧剌","1","1","2"
"副使萧剌阿","1","1","2"
"讨使耶律术","1","1","2"
"使耶律术薛","1","1","2"
"耶律术薛等","1","1","2"
"等四十九人","1","1","2"
"马行二十日","1","1","2"
"虎思斡耳朵","1","1","2"
"元帅斡里剌","1","1","2"
"数康国十年","1","1","2"
"子夷列年幼","1","1","2"
"八万四千五","1","1","2"
"万四千五百","1","1","2"
"四千五百户","1","1","2"
"号承天太后","1","1","2"
"射杀普速完","1","1","2"
"都元帅留守","1","1","2"
"元帅留守南","1","1","2"
"帅留守南京","1","1","2"
"慕汉高皇帝","1","1","2"
"辽史·后妃","1","1","2"
"史·后妃传","1","1","2"
"太祖淳钦皇","1","1","2"
"祖淳钦皇后","1","1","2"
"淳钦皇后述","1","1","2"
"钦皇后述律","1","1","2"
"皇后述律氏","1","1","2"
"尊号曰地皇","1","1","2"
"号曰地皇后","1","1","2"
"室韦乘虚袭","1","1","2"
"幽州刘守光","1","1","2"
"韩延徽求援","1","1","2"
"李胡兵逆击","2","0","2"
"应历三年崩","1","1","2"
"休哥南边事","2","0","2"
"圣宗仁德皇","1","1","2"
"宗仁德皇后","1","1","2"
"德皇后萧氏","1","1","2"
"置龙首鸱尾","1","1","2"
"耨斤生兴宗","1","1","2"
"诬告北府宰","1","1","2"
"告北府宰相","1","1","2"
"府宰相萧浞","1","1","2"
"宰相萧浞卜","1","1","2"
"国舅萧匹敌","1","1","2"
"舅萧匹敌谋","1","1","2"
"先帝四十年","1","1","2"
"萧匹敌等谋","2","0","2"
"见崇圣皇后","1","1","2"
"哀痛清宁初","1","1","2"
"时太祖问侍","1","1","2"
"太祖问侍臣","1","1","2"
"皇太子春秋","1","1","2"
"贡布十五万","1","1","2"
"布十五万端","1","1","2"
"命王继远撰","1","1","2"
"太宗立石敬","1","1","2"
"宗立石敬瑭","1","1","2"
"壮士李彦绅","1","1","2"
"时年三十八","1","1","2"
"文武元皇王","1","1","2"
"重熙二十年","1","1","2"
"谥二后曰端","2","0","2"
"二后曰端顺","2","0","2"
"太祖第三子","1","1","2"
"耶律屋质入","1","1","2"
"太后顾李胡","2","0","2"
"后顾李胡曰","2","0","2"
"玉峰山西谷","1","1","2"
"上顾左右曰","2","0","2"
"副点检萧十","1","1","2"
"点检萧十三","1","1","2"
"十三谓乙辛","2","0","2"
"三谓乙辛曰","2","0","2"
"事萧特里特","1","1","2"
"查剌诬告都","1","1","2"
"剌诬告都宫","1","1","2"
"诬告都宫使","1","1","2"
"告都宫使耶","1","1","2"
"都宫使耶律","1","1","2"
"宫使耶律撒","1","1","2"
"使耶律撒剌","1","1","2"
"知院萧速撒","1","1","2"
"令牌印郎君","2","0","2"
"杀耶律乙辛","1","1","2"
"何罪十三叱","2","0","2"
"乙辛阴遣人","2","0","2"
"辛阴遣人杀","2","0","2"
"时本部夷离","2","0","2"
"太祖挞马狘","2","0","2"
"祖挞马狘沙","2","0","2"
"参预部族事","1","1","2"
"奚言语相通","1","1","2"
"夷离堇受命","1","1","2"
"养子赵霸率","1","1","2"
"会李克云州","2","0","2"
"遥辇痕德堇","1","1","2"
"命曷鲁总军","2","0","2"
"诸弟剌葛等","1","1","2"
"太祖命曷鲁","1","1","2"
"祖命曷鲁总","1","1","2"
"伐西南诸夷","1","1","2"
"唐节度使周","1","1","2"
"二十一功臣","1","1","2"
"剌葛等作乱","1","1","2"
"敌鲁率轻骑","1","1","2"
"鲁率轻骑追","1","1","2"
"神册三年十","1","1","2"
"册三年十二","1","1","2"
"三年十二月","1","1","2"
"逆党迭里特","1","1","2"
"山西诸郡县","1","1","2"
"败周德威军","1","1","2"
"进军破回跋","1","1","2"
"军破回跋城","1","1","2"
"耶律欲稳严","1","1","2"
"张敬达军太","2","0","2"
"敬达军太原","2","0","2"
"达军太原北","2","0","2"
"改迭剌部夷","1","1","2"
"臣伏见官制","1","1","2"
"南院大王品","1","1","2"
"奚迭剌部夷","1","1","2"
"默记将汉军","2","0","2"
"汉军进逼长","1","1","2"
"军进逼长芦","1","1","2"
"进逼长芦水","1","1","2"
"逼长芦水寨","1","1","2"
"迁南府宰相","1","1","2"
"天禄五年六","1","1","2"
"禄五年六月","1","1","2"
"淳钦皇后兄","1","1","2"
"改南京留守","2","0","2"
"改西南面招","2","0","2"
"睿智皇后闻","1","1","2"
"追赠尚书令","1","1","2"
"时大元帅率","1","1","2"
"迁中台省左","1","1","2"
"左次相渤海","1","1","2"
"耶律狼德等","1","1","2"
"佐右皮室详","1","1","2"
"幽州马步军","1","1","2"
"州马步军指","1","1","2"
"马步军指挥","1","1","2"
"步军指挥使","1","1","2"
"军指挥使王","1","1","2"
"指挥使王千","1","1","2"
"挥使王千率","1","1","2"
"使王千率众","1","1","2"
"突吕大元帅","2","0","2"
"大元帅东归","1","1","2"
"大元帅攻破","1","1","2"
"送晋主石敬","1","1","2"
"进检校太尉","1","1","2"
"都知兵马使","1","1","2"
"天赞二年秋","1","1","2"
"攻下磁窑务","1","1","2"
"杜重威拥十","1","1","2"
"重威拥十万","1","1","2"
"威拥十万余","1","1","2"
"拥十万余众","1","1","2"
"十万余众拒","1","1","2"
"降将张彦泽","1","1","2"
"将张彦泽率","1","1","2"
"张彦泽率骑","1","1","2"
"彦泽率骑兵","1","1","2"
"泽率骑兵三","1","1","2"
"率骑兵三千","1","1","2"
"加守太子太","2","0","2"
"置本部令稳","1","1","2"
"延寿族人赵","1","1","2"
"寿族人赵行","1","1","2"
"族人赵行实","1","1","2"
"延寿龙凤赭","1","1","2"
"寿龙凤赭袍","1","1","2"
"上命迁延寿","1","1","2"
"学士承旨张","1","1","2"
"士承旨张砺","1","1","2"
"太祖平渤海","2","0","2"
"显十一年七","1","1","2"
"十一年七月","1","1","2"
"光远斩敬达","1","1","2"
"朕统一天下","1","1","2"
"左右铁鹞子","1","1","2"
"右铁鹞子军","1","1","2"
"下关南城邑","1","1","2"
"关南城邑数","1","1","2"
"南城邑数十","1","1","2"
"敕虎官杨覃","1","1","2"
"州节度使田","1","1","2"
"节度使田武","1","1","2"
"度使田武名","1","1","2"
"魏府节度使","1","1","2"
"府节度使杜","1","1","2"
"节度使杜重","1","1","2"
"度使杜重威","1","1","2"
"麾下三百人","1","1","2"
"先锋梁汉璋","1","1","2"
"召模翰问计","1","1","2"
"模翰守中渡","1","1","2"
"翰守中渡桥","1","1","2"
"燕帅刘仁恭","1","1","2"
"帅刘仁恭幕","1","1","2"
"汉军都团练","1","1","2"
"军都团练使","1","1","2"
"管内观察处","1","1","2"
"内观察处置","1","1","2"
"协谋静乱翊","1","1","2"
"谋静乱翊圣","1","1","2"
"静乱翊圣功","1","1","2"
"乱翊圣功臣","1","1","2"
"寻改临海军","2","0","2"
"改临海军节","2","0","2"
"敌烈皮室军","1","1","2"
"擢翰林学士","2","0","2"
"通事高彦英","1","1","2"
"诸大臣立世","1","1","2"
"大臣立世宗","1","1","2"
"万一永康王","1","1","2"
"徽使耶律海","1","1","2"
"使耶律海思","1","1","2"
"托先帝遗命","1","1","2"
"愿立永康王","1","1","2"
"惕隐刘哥弟","2","0","2"
"隐刘哥弟盆","2","0","2"
"刘哥弟盆都","2","0","2"
"盆都使辖戛","2","0","2"
"都使辖戛斯","2","0","2"
"宁王察割阴","1","1","2"
"王察割阴谋","1","1","2"
"禁卫长皮室","1","1","2"
"卫长皮室等","1","1","2"
"长皮室等同","1","1","2"
"皮室等同力","1","1","2"
"室等同力讨","1","1","2"
"赐宫户五十","2","0","2"
"欲永康王储","2","0","2"
"永康王贤明","1","1","2"
"太后问安抟","1","1","2"
"年四十未仕","2","0","2"
"尚钧等率精","1","1","2"
"钧等率精骑","1","1","2"
"等率精骑拒","1","1","2"
"夷腊葛谏曰","2","0","2"
"命夷腊葛射","1","1","2"
"族弟忽没里","1","1","2"
"军退渡滹沱","1","1","2"
"李崇进等分","1","1","2"
"夷离毕牙里","1","1","2"
"离毕牙里斯","1","1","2"
"毕牙里斯等","1","1","2"
"南京留守判","1","1","2"
"京留守判官","1","1","2"
"发民夫二十","1","1","2"
"民夫二十万","1","1","2"
"耶律斜轸相","1","1","2"
"林学士张干","1","1","2"
"遥授宁江军","1","1","2"
"授宁江军节","1","1","2"
"宁江军节度","1","1","2"
"推忠协力功","1","1","2"
"忠协力功臣","1","1","2"
"大丞相高勋","1","1","2"
"宫都部署女","1","1","2"
"都部署女里","1","1","2"
"集禁兵五百","1","1","2"
"北汉主刘继","1","1","2"
"耶律斜轸参","1","1","2"
"律斜轸参预","1","1","2"
"斜轸参预国","1","1","2"
"累迁同知枢","1","1","2"
"迁同知枢密","1","1","2"
"受遗诏辅立","1","1","2"
"遗诏辅立太","1","1","2"
"诏辅立太子","1","1","2"
"贞亮弘靖保","1","1","2"
"亮弘靖保义","1","1","2"
"弘靖保义守","1","1","2"
"靖保义守节","1","1","2"
"保义守节耆","1","1","2"
"义守节耆德","1","1","2"
"守节耆德功","1","1","2"
"节耆德功臣","1","1","2"
"复翰林学士","2","0","2"
"臣闻唐太宗","2","0","2"
"赠太子太保","1","1","2"
"朴知部署院","1","1","2"
"知部署院事","1","1","2"
"迁太后庆州","2","0","2"
"会宋将曹彬","2","0","2"
"上命东平王","1","1","2"
"命东平王萧","1","1","2"
"东平王萧排","1","1","2"
"平王萧排押","1","1","2"
"西北路都监","1","1","2"
"军使萧挞览","1","1","2"
"推诚竭节保","1","1","2"
"诚竭节保义","1","1","2"
"竭节保义功","1","1","2"
"节保义功臣","1","1","2"
"殿前都虞候","1","1","2"
"耶律奴瓜等","1","1","2"
"左武卫上将","1","1","2"
"遣合卓伐高","2","0","2"
"合卓伐高丽","2","0","2"
"渤海人击球","1","1","2"
"南院枢密治","1","1","2"
"奚拽剌详稳","1","1","2"
"敦睦宫太保","1","1","2"
"开泰五年秋","1","1","2"
"上命卫士追","1","1","2"
"升北院枢密","2","0","2"
"院枢密使王","1","1","2"
"枢密使王继","1","1","2"
"密使王继忠","1","1","2"
"府宰相萧朴","1","1","2"
"加东头承奉","1","1","2"
"东头承奉官","1","1","2"
"补枢密院通","1","1","2"
"枢密院通事","1","1","2"
"转上京皇城","1","1","2"
"上京皇城使","1","1","2"
"代父守南京","1","1","2"
"宋兵取河东","1","1","2"
"统军萧讨古","1","1","2"
"军萧讨古等","1","1","2"
"萧讨古等败","1","1","2"
"北府宰相室","1","1","2"
"遣北院宣徽","1","1","2"
"院宣徽使赵","1","1","2"
"宣徽使赵智","1","1","2"
"十二年六月","1","1","2"
"横帐季父房","1","1","2"
"帐季父房后","1","1","2"
"改西北路招","2","0","2"
"三千二百八","1","1","2"
"千二百八十","1","1","2"
"二百八十人","1","1","2"
"改乌古敌烈","2","0","2"
"年老乞骸骨","2","0","2"
"南京步军都","1","1","2"
"京步军都指","1","1","2"
"密副使萧合","1","1","2"
"副使萧合卓","1","1","2"
"武安州观察","1","1","2"
"安州观察使","1","1","2"
"虎古能料事","1","1","2"
"监军耶律抹","1","1","2"
"耶律斜轸兵","1","1","2"
"汉驸马都尉","1","1","2"
"韩匡嗣伐宋","2","0","2"
"都统韩匡嗣","1","1","2"
"南海军节度","1","1","2"
"开远军节度","1","1","2"
"宰相敌鲁子","2","0","2"
"迁北府宰相","2","0","2"
"耶律休哥等","1","1","2"
"耶律匀骨战","1","1","2"
"徽使海思谋","1","1","2"
"使海思谋反","1","1","2"
"大王奚底拒","1","1","2"
"资忠保义匡","1","1","2"
"忠保义匡国","1","1","2"
"保义匡国功","1","1","2"
"义匡国功臣","1","1","2"
"杨继业率兵","1","1","2"
"诸军副部署","1","1","2"
"擒继业朔州","2","0","2"
"兴宫分军讨","1","1","2"
"阻卜都详稳","1","1","2"
"敌烈部人杀","1","1","2"
"命林牙耶律","1","1","2"
"林牙耶律昭","1","1","2"
"耶律斜轸击","1","1","2"
"宋将范庭召","1","1","2"
"排押留守东","1","1","2"
"押留守东京","1","1","2"
"四军兵马都","1","1","2"
"耶律观音奴","1","1","2"
"南院枢密事","1","1","2"
"南京郊内多","1","1","2"
"马都尉萧啜","1","1","2"
"都尉萧啜里","1","1","2"
"害尚书令萧","1","1","2"
"尚书令萧思","1","1","2"
"书令萧思温","1","1","2"
"奚六部二宰","1","1","2"
"六部二宰相","1","1","2"
"命大常衮班","1","1","2"
"酋长五房族","1","1","2"
"长五房族属","1","1","2"
"副部署萧恒","1","1","2"
"部署萧恒德","1","1","2"
"时留守韩匡","1","1","2"
"留守韩匡嗣","1","1","2"
"一矢毙双鹿","1","1","2"
"矢毙双鹿赋","1","1","2"
"本朝兵强将","1","1","2"
"朝兵强将勇","1","1","2"
"六符参知政","2","0","2"
"符参知政事","2","0","2"
"娶秦晋长公","1","1","2"
"秦晋长公主","1","1","2"
"召同知南院","2","0","2"
"复参知政事","2","0","2"
"二十一年秋","1","1","2"
"大行皇帝山","1","1","2"
"行皇帝山陵","1","1","2"
"皇帝山陵使","1","1","2"
"迁西南面招","2","0","2"
"宋国生辰使","1","1","2"
"嗣圣皇帝俘","1","1","2"
"五群牧长查","1","1","2"
"群牧长查剌","1","1","2"
"副部署萧匹","1","1","2"
"部署萧匹敌","1","1","2"
"都监萧蒲奴","1","1","2"
"延琳走入城","2","0","2"
"将杨详世等","1","1","2"
"杨详世等擒","1","1","2"
"详世等擒延","1","1","2"
"世等擒延琳","1","1","2"
"加太子太傅","2","0","2"
"左武卫大将","1","1","2"
"赐效节宣庸","1","1","2"
"效节宣庸定","1","1","2"
"节宣庸定远","1","1","2"
"宣庸定远功","1","1","2"
"庸定远功臣","1","1","2"
"加赐翊圣协","1","1","2"
"赐翊圣协穆","1","1","2"
"翊圣协穆保","1","1","2"
"圣协穆保义","1","1","2"
"协穆保义功","1","1","2"
"穆保义功臣","1","1","2"
"复北府宰相","2","0","2"
"枢密使萧惠","1","1","2"
"萧惠失利河","2","0","2"
"惠失利河南","2","0","2"
"赐纯德功臣","1","1","2"
"迁奚六部大","2","0","2"
"大延琳东京","2","0","2"
"延琳东京叛","2","0","2"
"左翼军夹攻","1","1","2"
"巨舰数十艘","1","1","2"
"统二十八年","2","0","2"
"国家连年征","1","1","2"
"家连年征讨","1","1","2"
"同知左夷离","1","1","2"
"时夷离堇部","1","1","2"
"夷离堇部下","1","1","2"
"离堇部下闸","1","1","2"
"堇部下闸撒","1","1","2"
"乌古部详稳","1","1","2"
"耶律弘古击","1","1","2"
"律弘古击破","1","1","2"
"弘古击破三","1","1","2"
"古击破三水","1","1","2"
"击破三水营","1","1","2"
"二皮室等军","1","1","2"
"耶律斜轸收","1","1","2"
"律斜轸收复","1","1","2"
"斜轸收复山","1","1","2"
"轸收复山西","1","1","2"
"专任南面事","1","1","2"
"徽使耶律阿","1","1","2"
"使耶律阿没","1","1","2"
"律阿没里征","1","1","2"
"改北面林牙","2","0","2"
"击东南诸部","1","1","2"
"宫人贤释侍","1","1","2"
"秦晋王公主","1","1","2"
"渤海大延琳","1","1","2"
"时护卫冯家","1","1","2"
"高丽上表谢","1","1","2"
"丽上表谢罪","1","1","2"
"昭德二军节","1","1","2"
"德二军节度","1","1","2"
"唐景福旧号","1","1","2"
"四蕃部详稳","1","1","2"
"时招讨使耶","1","1","2"
"讨使耶律颇","1","1","2"
"上命庶成译","1","1","2"
"林牙萧韩家","1","1","2"
"牙萧韩家奴","1","1","2"
"萧韩家奴等","1","1","2"
"密副使萧德","1","1","2"
"副使萧德修","1","1","2"
"使萧德修定","1","1","2"
"萧德修定法","1","1","2"
"德修定法令","1","1","2"
"乌衍突厥部","1","1","2"
"衍突厥部节","1","1","2"
"突厥部节度","1","1","2"
"厥部节度使","1","1","2"
"诵契丹大字","1","1","2"
"摄御院通进","1","1","2"
"迁乌古敌烈","1","1","2"
"敌烈部都监","1","1","2"
"枢密使萧解","1","1","2"
"密使萧解里","1","1","2"
"使萧解里所","1","1","2"
"佶同知南京","1","1","2"
"吕望遇文王","1","1","2"
"中京路按问","1","1","2"
"京路按问使","1","1","2"
"秦晋国王公","1","1","2"
"晋国王公主","1","1","2"
"改北院枢密","2","0","2"
"萧革同掌国","1","1","2"
"革同掌国政","1","1","2"
"皇太后营救","1","1","2"
"改南院宣徽","2","0","2"
"上命群臣博","1","1","2"
"负者罚一巨","1","1","2"
"者罚一巨觥","1","1","2"
"义先天性忠","1","1","2"
"国中三父房","1","1","2"
"累迁契丹行","1","1","2"
"迁契丹行宫","1","1","2"
"萧斡特剌二","1","1","2"
"斡特剌二人","1","1","2"
"择重臣镇抚","1","1","2"
"萧阿忽带诬","1","1","2"
"阿忽带诬奏","1","1","2"
"忽带诬奏贼","1","1","2"
"掠漠南牧马","1","1","2"
"塌母城节度","1","1","2"
"母城节度使","1","1","2"
"叔祖台哂谋","1","1","2"
"祖台哂谋杀","1","1","2"
"没入弘义宫","1","1","2"
"葛北府宰相","2","0","2"
"北院部人韩","1","1","2"
"院部人韩八","1","1","2"
"上京崇孝寺","1","1","2"
"加监门卫上","1","1","2"
"重熙十三年","1","1","2"
"迁兴圣宫使","2","0","2"
"都统耶律义","1","1","2"
"统耶律义先","1","1","2"
"封柳城郡王","2","0","2"
"同签南京留","1","1","2"
"签南京留守","1","1","2"
"皇弟秦国王","1","1","2"
"枢密使萧朴","1","1","2"
"密使萧朴荐","1","1","2"
"宰相赵惟节","1","1","2"
"相赵惟节总","1","1","2"
"边城桥道刍","1","1","2"
"城桥道刍粟","1","1","2"
"匡义二军节","1","1","2"
"义二军节度","1","1","2"
"伯父排押征","1","1","2"
"奴古达北岭","1","1","2"
"惠知东京留","1","1","2"
"讨回鹘阿萨","1","1","2"
"鹘阿萨兰部","1","1","2"
"阻卜酋长直","1","1","2"
"卜酋长直剌","1","1","2"
"酋长直剌后","1","1","2"
"都监涅鲁古","1","1","2"
"突举部节度","1","1","2"
"举部节度使","1","1","2"
"部节度使谐","1","1","2"
"节度使谐理","1","1","2"
"陛下亲率六","1","1","2"
"下亲率六军","1","1","2"
"夏国李元昊","1","1","2"
"诱山南党项","1","1","2"
"山南党项诸","1","1","2"
"南党项诸部","1","1","2"
"军士死伤尤","1","1","2"
"历官节度使","2","0","2"
"知殿前副点","1","1","2"
"前副点检事","1","1","2"
"乌古敌烈兵","1","1","2"
"总知乌古敌","1","1","2"
"知乌古敌烈","1","1","2"
"都监耶律独","1","1","2"
"监耶律独迭","1","1","2"
"迂鲁率精骑","1","1","2"
"鲁率精骑四","1","1","2"
"率精骑四百","1","1","2"
"掠附近部落","1","1","2"
"五百余骑劫","1","1","2"
"统两皮室军","1","1","2"
"两皮室军屯","1","1","2"
"北路统军都","1","1","2"
"路统军都监","1","1","2"
"事北院知圣","1","1","2"
"北院知圣旨","1","1","2"
"院知圣旨事","1","1","2"
"复孔子时哉","1","1","2"
"乌古部都监","1","1","2"
"速母缕等部","1","1","2"
"开泰元年十","1","1","2"
"泰元年十一","1","1","2"
"元年十一月","1","1","2"
"石烈太师阿","1","1","2"
"烈太师阿里","1","1","2"
"师阿里底杀","1","1","2"
"奔窝鲁朵城","1","1","2"
"古敌烈部详","1","1","2"
"敌烈部详稳","1","1","2"
"破宋将杨继","1","1","2"
"将杨继业军","1","1","2"
"都部署奚王","1","1","2"
"伐兀惹乌昭","1","1","2"
"昭度率众死","1","1","2"
"度率众死守","1","1","2"
"复北院大王","2","0","2"
"诸卫小将军","1","1","2"
"招讨都监耶","1","1","2"
"讨都监耶律","1","1","2"
"都监耶律胡","1","1","2"
"监耶律胡吕","1","1","2"
"族弟敌烈争","1","1","2"
"敌烈部人夷","1","1","2"
"烈部人夷剌","1","1","2"
"部人夷剌杀","1","1","2"
"攻陷巨母古","1","1","2"
"陷巨母古城","1","1","2"
"都统刘慎行","1","1","2"
"统刘慎行逗","1","1","2"
"刘慎行逗留","1","1","2"
"时耶律仁先","1","1","2"
"耶律仁先荐","1","1","2"
"燕国王射鹿","1","1","2"
"王时年九岁","1","1","2"
"陈家奴应制","1","1","2"
"疑陈家奴党","1","1","2"
"陈家奴党附","1","1","2"
"时西北诸部","1","1","2"
"部节度使行","1","1","2"
"节度使行军","1","1","2"
"度使行军都","1","1","2"
"使行军都监","1","1","2"
"陈家奴率兵","1","1","2"
"家奴率兵三","1","1","2"
"迁殿前副点","2","0","2"
"鹤剌唐古部","1","1","2"
"剌唐古部节","1","1","2"
"唐古部节度","1","1","2"
"召北面林牙","2","0","2"
"南院枢密官","1","1","2"
"院枢密官涅","1","1","2"
"枢密官涅鲁","1","1","2"
"密官涅鲁古","1","1","2"
"近侍三十余","1","1","2"
"侍三十余骑","1","1","2"
"五院部萧塔","1","1","2"
"院部萧塔剌","1","1","2"
"追杀二十余","1","1","2"
"杀二十余里","1","1","2"
"阻卜塔里干","1","1","2"
"追杀八十余","1","1","2"
"杀八十余里","1","1","2"
"知部署司事","1","1","2"
"权知皇太后","1","1","2"
"知皇太后宫","1","1","2"
"皇太后宫诸","1","1","2"
"太后宫诸局","1","1","2"
"后宫诸局事","1","1","2"
"迁右夷离毕","2","0","2"
"累迁倒塌岭","1","1","2"
"迁倒塌岭节","1","1","2"
"燕赵国王傅","1","1","2"
"左右夷离毕","1","1","2"
"燕赵国王教","1","1","2"
"赵国王教授","1","1","2"
"改朔方军节","1","1","2"
"西南面拽剌","1","1","2"
"夷离毕萧陶","1","1","2"
"离毕萧陶隗","1","1","2"
"令兀纳辅导","1","1","2"
"兀纳辅导燕","1","1","2"
"纳辅导燕王","1","1","2"
"改南院枢密","2","0","2"
"佛殿小底王","1","1","2"
"殿小底王华","1","1","2"
"小底王华诬","1","1","2"
"宁边州刺史","1","1","2"
"改东北路统","1","1","2"
"三百骑渡混","1","1","2"
"百骑渡混同","1","1","2"
"骑渡混同江","1","1","2"
"渡混同江西","1","1","2"
"功授副元帅","1","1","2"
"契丹都宫使","1","1","2"
"中书省令史","1","1","2"
"同签部署司","1","1","2"
"签部署司事","1","1","2"
"同知宣徽院","1","1","2"
"经邦佐运功","1","1","2"
"邦佐运功臣","1","1","2"
"院枢密使阿","1","1","2"
"枢密使阿思","1","1","2"
"擢枢密都承","2","0","2"
"权中京副留","1","1","2"
"改崇义军节","2","0","2"
"余钱三十万","1","1","2"
"钱三十万缗","1","1","2"
"院枢密使乙","1","1","2"
"守太子太保","1","1","2"
"乙辛皇太子","2","0","2"
"乙辛中京留","2","0","2"
"辛中京留守","2","0","2"
"近臣耶律白","1","1","2"
"臣耶律白斯","1","1","2"
"耶律白斯本","1","1","2"
"律白斯本赐","1","1","2"
"乙辛复入枢","2","0","2"
"何能久长三","1","1","2"
"能久长三年","1","1","2"
"兴圣宫副使","1","1","2"
"同知中丞司","1","1","2"
"燕王妃生子","1","1","2"
"宁远军节度","1","1","2"
"改同知南京","2","0","2"
"治乙辛余党","1","1","2"
"夏王李乾顺","1","1","2"
"院枢密使牛","1","1","2"
"枢密使牛温","1","1","2"
"密使牛温舒","1","1","2"
"召北院枢密","2","0","2"
"习骑撒跋等","1","1","2"
"立晋王敖卢","1","1","2"
"晋王敖卢斡","1","1","2"
"耶律高山奴","1","1","2"
"知内客省事","1","1","2"
"天祚亲征女","1","1","2"
"妻兄萧敌里","1","1","2"
"甥萧延留等","1","1","2"
"行宫使者乙","1","1","2"
"宫使者乙信","1","1","2"
"诱草寇数百","1","1","2"
"耶律女古等","1","1","2"
"阿鹘产率兵","1","1","2"
"鹘产率兵追","1","1","2"
"耶律弥里直","1","1","2"
"漠北滑水马","1","1","2"
"北滑水马群","1","1","2"
"滑水马群太","1","1","2"
"水马群太保","1","1","2"
"漠南马群太","1","1","2"
"南马群太保","1","1","2"
"天齐殿宿卫","1","1","2"
"留守耶律大","1","1","2"
"守耶律大悲","1","1","2"
"耶律章奴等","1","1","2"
"敌烈皮室详","1","1","2"
"烈皮室详稳","1","1","2"
"余睹结驸马","2","0","2"
"睹结驸马萧","2","0","2"
"余睹军中闻","2","0","2"
"余睹女直监","2","0","2"
"睹女直监军","2","0","2"
"三千里直捣","1","1","2"
"千里直捣云","1","1","2"
"里直捣云中","1","1","2"
"累官参知政","1","1","2"
"官参知政事","1","1","2"
"北枢密使萧","1","1","2"
"执政十余年","1","1","2"
"都统萧干谋","1","1","2"
"魏王府劝进","1","1","2"
"称天锡皇帝","1","1","2"
"处能直枢密","1","1","2"
"能直枢密院","1","1","2"
"汉马步军都","1","1","2"
"马步军都元","1","1","2"
"步军都元帅","1","1","2"
"南面宰执入","1","1","2"
"立王妃萧氏","1","1","2"
"永清人傅遵","1","1","2"
"清人傅遵说","1","1","2"
"人傅遵说随","1","1","2"
"傅遵说随郭","1","1","2"
"遵说随郭药","1","1","2"
"说随郭药师","1","1","2"
"易州富民赵","1","1","2"
"州富民赵履","1","1","2"
"富民赵履仁","1","1","2"
"民赵履仁书","1","1","2"
"文妃生晋王","1","1","2"
"耶律挞葛里","1","1","2"
"韩家奴对曰","2","0","2"
"陛下轻徭省","1","1","2"
"下轻徭省役","1","1","2"
"西南副都部","1","1","2"
"南副都部署","1","1","2"
"副都部署乌","1","1","2"
"都部署乌古","1","1","2"
"部署乌古敌","1","1","2"
"署乌古敌烈","1","1","2"
"隗乌古等部","1","1","2"
"南京总管兵","1","1","2"
"晓天星月诗","1","1","2"
"迁六院部太","1","1","2"
"高州观察使","1","1","2"
"学士刘嗣昌","1","1","2"
"辽阳率宾县","1","1","2"
"沈州观察判","1","1","2"
"北枢密院大","1","1","2"
"长春州钱帛","1","1","2"
"春州钱帛都","1","1","2"
"州钱帛都提","1","1","2"
"钱帛都提点","1","1","2"
"加赐保节功","1","1","2"
"奴贼张撒八","1","1","2"
"贼张撒八率","1","1","2"
"中京留守萧","1","1","2"
"京留守萧吐","1","1","2"
"留守萧吐浑","1","1","2"
"涿州新城县","1","1","2"
"中京度支司","1","1","2"
"京度支司盐","1","1","2"
"度支司盐铁","1","1","2"
"支司盐铁判","1","1","2"
"司盐铁判官","1","1","2"
"南京三司度","1","1","2"
"京三司度支","1","1","2"
"三司度支判","1","1","2"
"司度支判官","1","1","2"
"同知留守萧","1","1","2"
"知留守萧保","1","1","2"
"密使乙辛窃","1","1","2"
"人望率众捕","1","1","2"
"宰相耶律俨","1","1","2"
"南京诸宫提","1","1","2"
"京诸宫提辖","1","1","2"
"诸宫提辖制","1","1","2"
"宫提辖制置","1","1","2"
"迁中京度支","1","1","2"
"中京度支使","1","1","2"
"粟十五万斛","1","1","2"
"判南京三司","1","1","2"
"京三司使事","1","1","2"
"手书宣马宣","1","1","2"
"书宣马宣徽","1","1","2"
"宣马宣徽四","1","1","2"
"马宣徽四字","1","1","2"
"宣徽四字诏","1","1","2"
"择一路节度","1","1","2"
"一路节度使","1","1","2"
"加归义军节","1","1","2"
"欧里部人萧","1","1","2"
"黄幡绰罗衣","1","1","2"
"幡绰罗衣轻","1","1","2"
"绰罗衣轻应","1","1","2"
"罗衣轻应声","1","1","2"
"睿智皇后南","1","1","2"
"智皇后南征","1","1","2"
"内侍左厢押","1","1","2"
"侍左厢押班","1","1","2"
"秦晋国王府","1","1","2"
"晋国王府祗","1","1","2"
"国王府祗候","1","1","2"
"内侍省押班","1","1","2"
"契丹汉人渤","1","1","2"
"丹汉人渤海","1","1","2"
"汉人渤海内","1","1","2"
"人渤海内侍","1","1","2"
"渤海内侍都","1","1","2"
"海内侍都知","1","1","2"
"皇后见乙辛","1","1","2"
"马都尉萧霞","1","1","2"
"都尉萧霞抹","1","1","2"
"时护卫萧忽","1","1","2"
"卫萧忽古知","1","1","2"
"林牙萧岩寿","1","1","2"
"宰相张孝杰","1","1","2"
"召萧里特谋","2","0","2"
"查剌诬告耶","1","1","2"
"剌诬告耶律","1","1","2"
"诬告耶律撒","1","1","2"
"耶律查剌前","2","0","2"
"律查剌前告","2","0","2"
"查剌前告耶","2","0","2"
"剌前告耶律","2","0","2"
"前告耶律撒","2","0","2"
"律撒剌等事","2","0","2"
"撒剌等事皆","2","0","2"
"剌等事皆实","2","0","2"
"同知点检萧","1","1","2"
"知点检萧兀","1","1","2"
"点检萧兀纳","1","1","2"
"耶律燕哥独","1","1","2"
"律燕哥独奏","1","1","2"
"知户部司事","1","1","2"
"皇太子党人","1","1","2"
"放海东青鹘","1","1","2"
"百万两黄金","1","1","2"
"萧忽古等谋","2","0","2"
"令萧讹都斡","1","1","2"
"离毕耶律燕","1","1","2"
"毕耶律燕哥","1","1","2"
"保州统军使","1","1","2"
"令党人大呼","1","1","2"
"党人大呼曰","1","1","2"
"越耶律释鲁","1","1","2"
"耶律释鲁同","1","1","2"
"二子迭里特","1","1","2"
"伐西南诸部","1","1","2"
"西南面大详","1","1","2"
"南面大详稳","1","1","2"
"详稳耶律屋","1","1","2"
"稳耶律屋质","1","1","2"
"耶律屋质察","1","1","2"
"天禄五年七","1","1","2"
"禄五年七月","1","1","2"
"夷离堇划者","1","1","2"
"时林牙耶律","1","1","2"
"林牙耶律敌","1","1","2"
"牙耶律敌猎","1","1","2"
"钦哀皇后称","1","1","2"
"哀皇后称制","1","1","2"
"密谋立重元","1","1","2"
"重元所谋白","2","0","2"
"契丹人犯法","1","1","2"
"契丹警巡使","1","1","2"
"同党陈国王","1","1","2"
"党陈国王陈","1","1","2"
"院枢密事萧","1","1","2"
"枢密事萧胡","1","1","2"
"密事萧胡睹","1","1","2"
"事萧胡睹等","1","1","2"
"诱胁弩手军","2","0","2"
"节度使张文","1","1","2"
"度使张文礼","1","1","2"
"杀将李嗣昭","2","0","2"
"初耶律屋质","1","1","2"
"耶律石剌告","1","1","2"
"结明王安端","1","1","2"
"累迁西南边","1","1","2"
"迁西南边大","1","1","2"
"时太后命皇","1","1","2"
"太后命皇太","1","1","2"
"后命皇太弟","1","1","2"
"李胡率兵南","1","1","2"
"太后问刘哥","1","1","2"
"侍卫萧翰谋","1","1","2"
"卫萧翰谋反","1","1","2"
"太后诸局事","1","1","2"
"国舅房林牙","1","1","2"
"国舅萧阿剌","1","1","2"
"舅萧阿剌同","1","1","2"
"萧阿剌同掌","1","1","2"
"秦国长公主","1","1","2"
"授驸马都尉","1","1","2"
"代族兄术哲","1","1","2"
"荐国舅详稳","1","1","2"
"舅详稳萧胡","1","1","2"
"详稳萧胡笃","1","1","2"
"胁弩手军犯","2","0","2"
"弩手军犯行","2","0","2"
"手军犯行宫","2","0","2"
"同党耶律撒","1","1","2"
"党耶律撒剌","1","1","2"
"耶律撒剌竹","1","1","2"
"兄鳖里剌齐","1","1","2"
"鳖里剌齐名","1","1","2"
"铁鹞军详稳","1","1","2"
"总知东路兵","1","1","2"
"知东路兵马","1","1","2"
"东路兵马事","1","1","2"
"吏民立秦晋","1","1","2"
"民立秦晋国","1","1","2"
"立秦晋国王","1","1","2"
"号奚国皇帝","1","1","2"
"时奚人巴辄","1","1","2"
"耶律阿古哲","1","1","2"
"甥乙室八斤","1","1","2"
"乙室八斤等","1","1","2"
"室八斤等杀","1","1","2"
"西二十五驿","1","1","2"
"太一金鉴诀","1","1","2"
"番书十二卷","1","1","2"
"设官分文武","1","1","2"
"兵三人共一","1","1","2"
"十五年三月","1","1","2"
"二十二年三","1","1","2"
"十二年三月","1","1","2"
"德昭遣使进","2","0","2"
"元昊上表请","1","1","2"
"十九年正月","1","1","2"
"夏将洼普等","1","1","2"
"杀猥货乙灵","1","1","2"
"猥货乙灵纪","1","1","2"
"二十年二月","1","1","2"
"马驼牛羊等","1","1","2"
"驼牛羊等物","1","1","2"
"二十一年十","1","1","2"
"十一年十月","1","1","2"
"二十二年七","1","1","2"
"十二年七月","1","1","2"
"二十三年正","1","1","2"
"十三年正月","1","1","2"
"三年十一月","1","1","2"
"大康二年正","1","1","2"
"康二年正月","1","1","2"
"仁懿皇后崩","1","1","2"
"太后遗物赐","1","1","2"
"宋将张天益","1","1","2"
"寿隆三年六","1","1","2"
"隆三年六月","1","1","2"
"乾顺率兵援","1","1","2"
"册乾顺夏国","2","0","2"
"唐天复元年","1","1","2"
"奚帅辖剌哥","1","1","2"
"大迭烈府夷","1","1","2"
"始建开教寺","1","1","2"
"节度使刘仁","1","1","2"
"度使刘仁恭","1","1","2"
"使刘仁恭发","1","1","2"
"刘仁恭发兵","1","1","2"
"仁恭发兵数","1","1","2"
"恭发兵数万","1","1","2"
"北宰相萧辖","1","1","2"
"宰相萧辖剌","1","1","2"
"南宰相耶律","1","1","2"
"宰相耶律欧","1","1","2"
"相耶律欧里","1","1","2"
"耶律欧里思","1","1","2"
"律欧里思率","1","1","2"
"欧里思率群","1","1","2"
"里思率群臣","1","1","2"
"思率群臣上","1","1","2"
"率群臣上尊","1","1","2"
"尊号曰天皇","1","1","2"
"号曰天皇帝","1","1","2"
"后曰地皇后","1","1","2"
"称幽州卢龙","1","1","2"
"幽州卢龙军","1","1","2"
"州卢龙军节","1","1","2"
"乌马山奚库","1","1","2"
"马山奚库支","1","1","2"
"吐浑酋长拔","1","1","2"
"浑酋长拔剌","1","1","2"
"迪里姑等五","1","1","2"
"里姑等五人","1","1","2"
"姑等五人分","1","1","2"
"等五人分兵","1","1","2"
"命北宰相迪","1","1","2"
"北宰相迪里","1","1","2"
"宰相迪里古","1","1","2"
"马二千三百","1","1","2"
"二千三百分","1","1","2"
"千三百分赐","1","1","2"
"曷鲁迭剌部","2","0","2"
"鲁迭剌部夷","2","0","2"
"擒节度使李","1","1","2"
"节度使李嗣","1","1","2"
"度使李嗣本","1","1","2"
"万四千七百","1","1","2"
"二年春二月","1","1","2"
"将卢文进杀","1","1","2"
"卢文进杀节","1","1","2"
"文进杀节度","1","1","2"
"进杀节度使","1","1","2"
"杀节度使李","1","1","2"
"节度使李存","1","1","2"
"度使李存矩","1","1","2"
"子赛保里叛","1","1","2"
"赛保里叛入","1","1","2"
"保里叛入幽","1","1","2"
"里叛入幽州","1","1","2"
"使王处直养","1","1","2"
"王处直养子","1","1","2"
"李存勖围镇","1","1","2"
"存勖围镇州","1","1","2"
"张文礼求援","1","1","2"
"命郎君迭烈","1","1","2"
"将军康末怛","1","1","2"
"分北大浓兀","1","1","2"
"立两节度使","1","1","2"
"刺史张秀实","1","1","2"
"皇太子监国","1","1","2"
"乌剌邪里山","1","1","2"
"将军陪阿先","1","1","2"
"乙室夷离堇","1","1","2"
"诸宫院世烛","1","1","2"
"国舅帐郎君","1","1","2"
"舅帐郎君官","1","1","2"
"二室韦闼林","1","1","2"
"晋将景延广","1","1","2"
"将景延广命","1","1","2"
"宫女五十人","1","1","2"
"东西班五十","1","1","2"
"西班五十人","1","1","2"
"茶酒司三人","1","1","2"
"统二十六年","2","0","2"
"二十一年九","1","1","2"
"十一年九月","1","1","2"
"孝武惠文皇","1","1","2"
"武惠文皇帝","1","1","2"
"改大同元年","1","1","2"
"盆都等谋反","1","1","2"
"遣诸将率兵","1","1","2"
"诸将率兵攻","1","1","2"
"将率兵攻下","1","1","2"
"率兵攻下贝","1","1","2"
"兵攻下贝州","1","1","2"
"攻下贝州高","1","1","2"
"下贝州高老","1","1","2"
"贝州高老镇","1","1","2"
"杀深州刺史","1","1","2"
"深州刺史史","1","1","2"
"州刺史史万","1","1","2"
"刺史史万山","1","1","2"
"太宗皇帝长","1","1","2"
"靖安皇后萧","1","1","2"
"安皇后萧氏","1","1","2"
"逆臣察割等","1","1","2"
"周殿前都点","1","1","2"
"前都点检赵","1","1","2"
"都点检赵匡","1","1","2"
"点检赵匡胤","1","1","2"
"检赵匡胤废","1","1","2"
"赵匡胤废周","1","1","2"
"皮室详稳贤","1","1","2"
"室详稳贤适","1","1","2"
"追封皇后祖","1","1","2"
"面招讨使耶","1","1","2"
"讨使耶律斜","1","1","2"
"院枢密使郭","1","1","2"
"枢密使郭袭","1","1","2"
"景宗皇帝长","1","1","2"
"皇后奉遗诏","1","1","2"
"后奉遗诏摄","1","1","2"
"奉遗诏摄政","1","1","2"
"南院大王勃","1","1","2"
"院大王勃古","1","1","2"
"大王勃古哲","1","1","2"
"王勃古哲总","1","1","2"
"山西诸州事","1","1","2"
"南面行军都","1","1","2"
"面行军都统","1","1","2"
"宣徽南院使","1","1","2"
"徽南院使刘","1","1","2"
"南院使刘承","1","1","2"
"院使刘承规","1","1","2"
"承德军节度","1","1","2"
"保义军节度","1","1","2"
"节度使张德","1","1","2"
"度使张德筠","1","1","2"
"宣徽北院使","1","1","2"
"速撒等讨阻","1","1","2"
"撒等讨阻卜","1","1","2"
"酋长挞剌干","1","1","2"
"学士承旨马","1","1","2"
"东京中台省","1","1","2"
"京中台省右","1","1","2"
"中台省右平","1","1","2"
"台省右平章","1","1","2"
"省右平章事","1","1","2"
"左监门卫大","1","1","2"
"卫大将军王","1","1","2"
"大将军王庭","1","1","2"
"将军王庭勖","1","1","2"
"节度使王希","1","1","2"
"度使王希严","1","1","2"
"守太子太师","1","1","2"
"政事令刘延","1","1","2"
"事令刘延构","1","1","2"
"义成军节度","1","1","2"
"赠尚父秦王","1","1","2"
"尚父秦王韩","1","1","2"
"父秦王韩匡","1","1","2"
"四番都统军","1","1","2"
"番都统军李","1","1","2"
"都统军李继","1","1","2"
"统军李继忠","1","1","2"
"西番酋帅瓦","1","1","2"
"番酋帅瓦泥","1","1","2"
"酋帅瓦泥乞","1","1","2"
"帅瓦泥乞移","1","1","2"
"坊等州观察","1","1","2"
"武定军马步","1","1","2"
"定军马步军","1","1","2"
"郢州防御使","1","1","2"
"州防御使吕","1","1","2"
"防御使吕行","1","1","2"
"御使吕行德","1","1","2"
"副都指挥使","1","1","2"
"都指挥使张","1","1","2"
"指挥使张继","1","1","2"
"都指挥使刘","1","1","2"
"指挥使刘知","1","1","2"
"挥使刘知进","1","1","2"
"使刘知进等","1","1","2"
"将军化哥统","1","1","2"
"横帐郎君奴","1","1","2"
"帐郎君奴哥","1","1","2"
"黄皮室都监","1","1","2"
"米信北渡拒","1","1","2"
"信北渡拒马","1","1","2"
"北渡拒马河","1","1","2"
"越休哥对垒","1","1","2"
"山后五州都","1","1","2"
"后五州都管","1","1","2"
"谛居部节度","1","1","2"
"居部节度使","1","1","2"
"部节度使佛","1","1","2"
"节度使佛奴","1","1","2"
"臣命妇菊花","1","1","2"
"命妇菊花酒","1","1","2"
"国舅详稳挞","1","1","2"
"舅详稳挞烈","1","1","2"
"详稳挞烈哥","1","1","2"
"马都尉萧宁","1","1","2"
"都尉萧宁远","1","1","2"
"遥辇副使控","1","1","2"
"辇副使控骨","1","1","2"
"副使控骨离","1","1","2"
"舍利拽剌详","1","1","2"
"利拽剌详稳","1","1","2"
"东京路诸宫","1","1","2"
"京路诸宫分","1","1","2"
"路诸宫分提","1","1","2"
"诸宫分提辖","1","1","2"
"宫分提辖司","1","1","2"
"进封皇弟恒","1","1","2"
"封皇弟恒王","1","1","2"
"皇弟恒王隆","1","1","2"
"弟恒王隆庆","1","1","2"
"奚王府五帐","1","1","2"
"王府五帐六","1","1","2"
"府五帐六节","1","1","2"
"五帐六节度","1","1","2"
"帐六节度献","1","1","2"
"七金山土河","1","1","2"
"金山土河川","1","1","2"
"哥南院大王","2","0","2"
"行军都监老","1","1","2"
"军都监老君","1","1","2"
"都监老君奴","1","1","2"
"二十五年春","1","1","2"
"谥皇太弟李","1","1","2"
"马都尉萧排","1","1","2"
"都尉萧排押","1","1","2"
"北面林牙僧","1","1","2"
"面林牙僧奴","1","1","2"
"政事舍人马","1","1","2"
"事舍人马保","1","1","2"
"舍人马保佑","1","1","2"
"安州团练使","1","1","2"
"州团练使王","1","1","2"
"团练使王八","1","1","2"
"高丽礼部郎","1","1","2"
"丽礼部郎中","1","1","2"
"礼部郎中渤","1","1","2"
"部郎中渤海","1","1","2"
"郎中渤海陀","1","1","2"
"中渤海陀失","1","1","2"
"置阻卜诸部","1","1","2"
"阻卜诸部节","1","1","2"
"卜诸部节度","1","1","2"
"诸部节度使","1","1","2"
"皮室详稳延","1","1","2"
"室详稳延寿","1","1","2"
"详稳延寿率","1","1","2"
"稳延寿率兵","1","1","2"
"封皇子宗训","1","1","2"
"礼部尚书刘","1","1","2"
"部尚书刘京","1","1","2"
"林学士吴叔","1","1","2"
"学士吴叔达","1","1","2"
"居舍人程翥","1","1","2"
"吏部员外郎","1","1","2"
"部员外郎南","1","1","2"
"员外郎南承","1","1","2"
"外郎南承颜","1","1","2"
"部员外郎王","1","1","2"
"员外郎王景","1","1","2"
"外郎王景运","1","1","2"
"郎王景运分","1","1","2"
"永清军节度","1","1","2"
"清军节度使","1","1","2"
"左骁卫大将","1","1","2"
"绛州节度使","1","1","2"
"濮州观察使","1","1","2"
"曹州防御使","1","1","2"
"平章萧弘义","1","1","2"
"吕德懋知吏","1","1","2"
"德懋知吏部","1","1","2"
"懋知吏部尚","1","1","2"
"知吏部尚书","1","1","2"
"玄知详覆院","1","1","2"
"霸州节度使","1","1","2"
"府宰相刘慎","1","1","2"
"宰相刘慎行","1","1","2"
"进士张克恭","1","1","2"
"士张克恭等","1","1","2"
"张克恭等三","1","1","2"
"克恭等三十","1","1","2"
"恭等三十七","1","1","2"
"等三十七人","1","1","2"
"契丹弘义宫","1","1","2"
"丹弘义宫使","1","1","2"
"弘义宫使赫","1","1","2"
"义宫使赫石","1","1","2"
"兴圣宫都部","1","1","2"
"圣宫都部署","1","1","2"
"前遥恩拈部","1","1","2"
"遥恩拈部节","1","1","2"
"恩拈部节度","1","1","2"
"拈部节度使","1","1","2"
"部节度使控","1","1","2"
"节度使控骨","1","1","2"
"度使控骨里","1","1","2"
"积庆宫都部","1","1","2"
"庆宫都部署","1","1","2"
"祗候郎君耶","1","1","2"
"候郎君耶律","1","1","2"
"郎君耶律罕","1","1","2"
"高丽国参知","1","1","2"
"丽国参知政","1","1","2"
"国参知政事","1","1","2"
"知政事王同","1","1","2"
"政事王同显","1","1","2"
"静海军节度","1","1","2"
"安国军节度","1","1","2"
"节度使萧匹","1","1","2"
"度使萧匹敌","1","1","2"
"道士冯若谷","1","1","2"
"士冯若谷加","1","1","2"
"冯若谷加太","1","1","2"
"若谷加太子","1","1","2"
"谷加太子中","1","1","2"
"加太子中允","1","1","2"
"彰信军节度","1","1","2"
"都部署萧孝","1","1","2"
"部署萧孝先","1","1","2"
"保定军节度","1","1","2"
"郡王耶律敌","1","1","2"
"乙室部大王","1","1","2"
"尚书左仆射","1","1","2"
"书左仆射萧","1","1","2"
"左仆射萧琳","1","1","2"
"度使耶律卿","1","1","2"
"使耶律卿宁","1","1","2"
"度使耶律嵩","1","1","2"
"引进使马世","1","1","2"
"进使马世卿","1","1","2"
"尚父耶律信","1","1","2"
"父耶律信宁","1","1","2"
"事令耶律求","1","1","2"
"令耶律求翰","1","1","2"
"耆宿赞翊功","1","1","2"
"宿赞翊功臣","1","1","2"
"郎君详稳鼻","1","1","2"
"君详稳鼻姑","1","1","2"
"签北面事耶","1","1","2"
"北面事耶律","1","1","2"
"面事耶律涅","1","1","2"
"事耶律涅哥","1","1","2"
"耶律涅哥同","1","1","2"
"律涅哥同签","1","1","2"
"涅哥同签点","1","1","2"
"哥同签点检","1","1","2"
"同签点检司","1","1","2"
"保耶律合住","1","1","2"
"耶律乌鲁斡","1","1","2"
"封皇子洪基","1","1","2"
"北府宰相撒","1","1","2"
"府宰相撒八","1","1","2"
"宰相撒八宁","1","1","2"
"乾州节度使","1","1","2"
"王子帐冠哥","1","1","2"
"宰臣张克恭","1","1","2"
"宰臣韩绍芳","1","1","2"
"惕隐耶律马","1","1","2"
"隐耶律马六","1","1","2"
"傅父耶律喜","1","1","2"
"父耶律喜孙","1","1","2"
"宰相萧孝忠","1","1","2"
"八南院大王","2","0","2"
"面林牙萧革","1","1","2"
"萧革北院枢","2","0","2"
"革北院枢密","2","0","2"
"府宰相萧惠","1","1","2"
"惕隐敌鲁古","1","1","2"
"隐敌鲁古封","1","1","2"
"敌鲁古封漆","1","1","2"
"鲁古封漆水","1","1","2"
"古封漆水郡","1","1","2"
"密副使萧阿","1","1","2"
"副使萧阿剌","1","1","2"
"密使萧孝友","1","1","2"
"部署耶律仁","1","1","2"
"署耶律仁先","1","1","2"
"府宰相萧革","1","1","2"
"知夷离毕事","1","1","2"
"毕事耶律信","1","1","2"
"事耶律信先","1","1","2"
"左夷离毕旅","1","1","2"
"夷离毕旅坟","1","1","2"
"部署耶律敌","1","1","2"
"署耶律敌烈","1","1","2"
"留守事萧塔","1","1","2"
"守事萧塔烈","1","1","2"
"事萧塔烈葛","1","1","2"
"夷离毕事唐","1","1","2"
"离毕事唐古","1","1","2"
"军节度使谢","1","1","2"
"节度使谢家","1","1","2"
"度使谢家奴","1","1","2"
"西京留守贴","1","1","2"
"军节度使侯","1","1","2"
"节度使侯古","1","1","2"
"安定郡王涅","1","1","2"
"定郡王涅鲁","1","1","2"
"郡王涅鲁古","1","1","2"
"古进封楚王","1","1","2"
"部都详稳萧","1","1","2"
"都详稳萧慈","1","1","2"
"耶律斡里死","1","1","2"
"京留守萧塔","1","1","2"
"留守萧塔列","1","1","2"
"守萧塔列葛","1","1","2"
"王查葛南院","2","0","2"
"度使萧虚烈","1","1","2"
"使萧虚烈封","1","1","2"
"萧虚烈封郑","1","1","2"
"虚烈封郑王","1","1","2"
"兴宗皇帝长","1","1","2"
"仁懿皇后萧","1","1","2"
"上京留守宿","1","1","2"
"陈王涂孛特","1","1","2"
"进封皇弟越","1","1","2"
"封皇弟越王","1","1","2"
"楚王涅鲁古","1","1","2"
"枢密副使姚","1","1","2"
"密副使姚景","1","1","2"
"副使姚景行","1","1","2"
"林学士吴湛","1","1","2"
"枢密院事韩","1","1","2"
"密院事韩绍","1","1","2"
"院事韩绍文","1","1","2"
"韩王萧阿剌","1","1","2"
"剌北院枢密","2","0","2"
"东京留守宿","1","1","2"
"秦国王阿琏","1","1","2"
"枢密使萧阿","1","1","2"
"密使萧阿速","1","1","2"
"副使耶律乙","1","1","2"
"鲁王谢家奴","1","1","2"
"东京留守吴","1","1","2"
"京留守吴王","1","1","2"
"留守吴王贴","1","1","2"
"子楚国王涅","1","1","2"
"密使事萧胡","1","1","2"
"使事萧胡睹","1","1","2"
"林牙涅剌溥","1","1","2"
"牙涅剌溥古","1","1","2"
"统军使萧迭","1","1","2"
"军使萧迭里","1","1","2"
"驸马都尉参","1","1","2"
"详稳耶律郭","1","1","2"
"稳耶律郭九","1","1","2"
"文班太保奚","1","1","2"
"班太保奚叔","1","1","2"
"内藏提点乌","1","1","2"
"藏提点乌骨","1","1","2"
"护卫左太保","1","1","2"
"卫左太保敌","1","1","2"
"副宫使韩家","1","1","2"
"宫使韩家奴","1","1","2"
"院枢密使许","1","1","2"
"枢密使许王","1","1","2"
"密使许王仁","1","1","2"
"使许王仁先","1","1","2"
"知北枢密院","1","1","2"
"北枢密院事","1","1","2"
"枢密院事赵","1","1","2"
"密院事赵王","1","1","2"
"院事赵王耶","1","1","2"
"事赵王耶律","1","1","2"
"赵王耶律乙","1","1","2"
"府宰相萧唐","1","1","2"
"宰相萧唐古","1","1","2"
"宣徽使萧韩","1","1","2"
"徽使萧韩家","1","1","2"
"使萧韩家奴","1","1","2"
"使耶律良等","1","1","2"
"耶律良等率","1","1","2"
"律良等率宿","1","1","2"
"良等率宿卫","1","1","2"
"等率宿卫士","1","1","2"
"率宿卫士卒","1","1","2"
"宿卫士卒数","1","1","2"
"卫士卒数千","1","1","2"
"士卒数千人","1","1","2"
"耶律冯家奴","1","1","2"
"宿卫官萧乙","1","1","2"
"卫官萧乙辛","1","1","2"
"宫分人急里","1","1","2"
"分人急里哥","1","1","2"
"招讨使萧术","1","1","2"
"讨使萧术者","1","1","2"
"夷离毕萧惟","1","1","2"
"离毕萧惟信","1","1","2"
"使事耶律白","1","1","2"
"枢密院事杨","1","1","2"
"密院事杨绩","1","1","2"
"密副使刘诜","1","1","2"
"北路详稳高","1","1","2"
"路详稳高八","1","1","2"
"密直学士张","1","1","2"
"直学士张孝","1","1","2"
"学士张孝杰","1","1","2"
"部署耶律胡","1","1","2"
"署耶律胡睹","1","1","2"
"密使事萧惟","1","1","2"
"使事萧惟信","1","1","2"
"副使耶律特","1","1","2"
"使耶律特里","1","1","2"
"离毕耶律世","1","1","2"
"毕耶律世迁","1","1","2"
"部署耶律燕","1","1","2"
"署耶律燕哥","1","1","2"
"哥南府宰相","2","0","2"
"林牙耶律永","1","1","2"
"牙耶律永宁","1","1","2"
"密使事萧挞","1","1","2"
"辽西郡王萧","1","1","2"
"西郡王萧余","1","1","2"
"郡王萧余里","1","1","2"
"夷离毕奚抄","1","1","2"
"乙室大王萧","1","1","2"
"室大王萧何","1","1","2"
"大王萧何葛","1","1","2"
"权知奚六部","1","1","2"
"部大王事图","1","1","2"
"大王事图赶","1","1","2"
"进封梁王延","1","1","2"
"封梁王延禧","1","1","2"
"宣徽使萧何","1","1","2"
"徽使萧何葛","1","1","2"
"三司使王经","1","1","2"
"离毕耶律坦","1","1","2"
"院事耶律斡","1","1","2"
"陵郡王萧挞","1","1","2"
"召枢密直学","1","1","2"
"士耶律俨讲","1","1","2"
"部大王事涅","1","1","2"
"大王事涅葛","1","1","2"
"惕德酋长胡","1","1","2"
"德酋长胡里","1","1","2"
"知政事韩资","1","1","2"
"宫都部署奚","1","1","2"
"都部署奚回","1","1","2"
"部署奚回离","1","1","2"
"署奚回离保","1","1","2"
"军节度使荣","1","1","2"
"节度使荣哥","1","1","2"
"毕事耶律吐","1","1","2"
"都统斡特剌","1","1","2"
"中京留守韩","1","1","2"
"京留守韩资","1","1","2"
"密使事萧药","1","1","2"
"使事萧药师","1","1","2"
"军节度使涅","1","1","2"
"节度使涅里","1","1","2"
"前知惕隐事","1","1","2"
"知惕隐事耶","1","1","2"
"惕隐事耶律","1","1","2"
"隐事耶律郭","1","1","2"
"事耶律郭三","1","1","2"
"六部大王回","1","1","2"
"部大王回离","1","1","2"
"大王回离保","1","1","2"
"宫都部署梁","1","1","2"
"都部署梁援","1","1","2"
"部节度使陈","1","1","2"
"节度使陈家","1","1","2"
"度使陈家奴","1","1","2"
"进士康秉俭","1","1","2"
"士康秉俭等","1","1","2"
"康秉俭等八","1","1","2"
"秉俭等八十","1","1","2"
"俭等八十七","1","1","2"
"等八十七人","1","1","2"
"尊号曰天祚","1","1","2"
"号曰天祚皇","1","1","2"
"曰天祚皇帝","1","1","2"
"宰相耶律斡","1","1","2"
"相耶律斡特","1","1","2"
"召监修国史","1","1","2"
"国史耶律俨","1","1","2"
"史耶律俨纂","1","1","2"
"三司使虞融","1","1","2"
"招讨使萧乐","1","1","2"
"讨使萧乐古","1","1","2"
"饶州渤海古","1","1","2"
"州渤海古欲","1","1","2"
"渤海古欲等","1","1","2"
"行军副统马","1","1","2"
"军副统马哥","1","1","2"
"副统马哥等","1","1","2"
"统军都监查","1","1","2"
"军都监查剌","1","1","2"
"执招讨使耶","1","1","2"
"都监萧斜里","1","1","2"
"金皇统元年","1","1","2"
"皇统元年二","1","1","2"
"统元年二月","1","1","2"
"广宁府闾阳","1","1","2"
"宁府闾阳县","1","1","2"
"府闾阳县乾","1","1","2"
"闾阳县乾陵","1","1","2"
"兴宗第四孙","1","1","2"
"改保大二年","1","1","2"
"进士李宝信","1","1","2"
"士李宝信等","1","1","2"
"李宝信等一","1","1","2"
"宝信等一十","1","1","2"
"信等一十九","1","1","2"
"等一十九人","1","1","2"
"曰孝章皇帝","1","1","2"
"香山永安陵","1","1","2"
"大石字重德","1","1","2"
"祥二州刺史","1","1","2"
"文武百官册","1","1","2"
"武百官册立","1","1","2"
"百官册立大","1","1","2"
"官册立大石","1","1","2"
"甲辰岁二月","1","1","2"
"辰岁二月五","1","1","2"
"岁二月五日","1","1","2"
"兵马都元帅","1","1","2"
"敌剌部前同","1","1","2"
"剌部前同知","1","1","2"
"部前同知枢","1","1","2"
"前同知枢密","1","1","2"
"密院事萧查","1","1","2"
"院事萧查剌","1","1","2"
"事萧查剌阿","1","1","2"
"茶赤剌部秃","1","1","2"
"赤剌部秃鲁","1","1","2"
"剌部秃鲁耶","1","1","2"
"部秃鲁耶律","1","1","2"
"秃鲁耶律燕","1","1","2"
"鲁耶律燕山","1","1","2"
"护卫耶律铁","1","1","2"
"卫耶律铁哥","1","1","2"
"号感天皇后","1","1","2"
"驸马萧朵鲁","1","1","2"
"回鹘人糯思","1","1","2"
"魏宁生慎思","1","1","2"
"宁生慎思梅","1","1","2"
"生慎思梅里","1","1","2"
"慎思生婆姑","1","1","2"
"思生婆姑梅","1","1","2"
"生婆姑梅里","1","1","2"
"婆姑娶匀德","1","1","2"
"姑娶匀德恝","1","1","2"
"娶匀德恝王","1","1","2"
"契丹右大部","1","1","2"
"上尊号曰承","1","1","2"
"二十七年崩","1","1","2"
"谥曰圣神宣","1","1","2"
"曰圣神宣献","1","1","2"
"圣宗钦哀皇","1","1","2"
"宗钦哀皇后","1","1","2"
"小山压大山","1","1","2"
"瑞慎等州观","1","1","2"
"慎等州观察","1","1","2"
"等州观察使","1","1","2"
"留礼寿伏诛","1","1","2"
"宣懿皇后萧","1","1","2"
"耶律斜涅赤","1","1","2"
"六院部舍利","1","1","2"
"下宗室称院","1","1","2"
"德祖宗室号","1","1","2"
"皇都夷离毕","1","1","2"
"遥授彰武军","1","1","2"
"授彰武军节","1","1","2"
"中台省右次","1","1","2"
"台省右次相","1","1","2"
"初名霞马葛","1","1","2"
"攻唐军霞沙","1","1","2"
"唐军霞沙寨","1","1","2"
"耶律图鲁窘","1","1","2"
"稗将赵德钧","1","1","2"
"晋将李守贞","1","1","2"
"高行周率兵","1","1","2"
"汴州巡检使","1","1","2"
"蓟三州都指","1","1","2"
"三州都指挥","1","1","2"
"州都指挥使","1","1","2"
"六院部夷离","1","1","2"
"院部夷离堇","1","1","2"
"部夷离堇蒲","1","1","2"
"离堇蒲古后","2","0","2"
"隋国王释鲁","1","1","2"
"院夷离堇绾","1","1","2"
"夷离堇绾思","1","1","2"
"六院部郎君","1","1","2"
"本宫分人检","1","1","2"
"宫分人检校","1","1","2"
"分人检校太","1","1","2"
"人检校太师","1","1","2"
"检校太师合","1","1","2"
"校太师合鲁","1","1","2"
"奚秃里太尉","1","1","2"
"龙使女里等","1","1","2"
"卢龙巡捕官","1","1","2"
"保宁二年秋","1","1","2"
"西北路兵马","1","1","2"
"北路兵马都","1","1","2"
"路兵马都部","1","1","2"
"大鹰三军详","1","1","2"
"鹰三军详稳","1","1","2"
"古敌烈部屯","1","1","2"
"敌烈部屯田","1","1","2"
"烈部屯田太","1","1","2"
"部屯田太保","1","1","2"
"彰信等军节","1","1","2"
"信等军节度","1","1","2"
"权知东北路","1","1","2"
"知东北路统","1","1","2"
"路统军使事","1","1","2"
"官南府宰相","1","1","2"
"侍卫亲军都","1","1","2"
"卫亲军都指","1","1","2"
"亲军都指挥","1","1","2"
"西边详稳耶","1","1","2"
"边详稳耶律","1","1","2"
"详稳耶律速","1","1","2"
"稳耶律速撒","1","1","2"
"东路统军使","1","1","2"
"授四方馆使","1","1","2"
"南面行军副","1","1","2"
"面行军副部","1","1","2"
"燕王赵延寿","1","1","2"
"幽都府文学","1","1","2"
"膳部员外郎","1","1","2"
"部员外郎累","1","1","2"
"员外郎累迁","1","1","2"
"六院夷离堇","1","1","2"
"院夷离堇蒲","1","1","2"
"累迁同知点","1","1","2"
"迁同知点检","1","1","2"
"累迁户部使","1","1","2"
"迁忠顺军节","1","1","2"
"赐贞良功臣","1","1","2"
"累迁西北路","2","0","2"
"迁西北路招","2","0","2"
"功迁九水诸","1","1","2"
"迁九水诸部","1","1","2"
"九水诸部安","1","1","2"
"水诸部安抚","1","1","2"
"诸部安抚使","1","1","2"
"忠穆熙霸功","1","1","2"
"穆熙霸功臣","1","1","2"
"改东京留守","2","0","2"
"赐佐国功臣","1","1","2"
"北阻卜副部","1","1","2"
"阻卜副部署","1","1","2"
"惕隐涅鲁古","1","1","2"
"国舅少父房","1","1","2"
"破宋将曹彬","1","1","2"
"迁南面林牙","1","1","2"
"十二年八月","1","1","2"
"启圣竭力功","1","1","2"
"圣竭力功臣","1","1","2"
"统二十四年","2","0","2"
"武等州观察","1","1","2"
"累迁同知北","1","1","2"
"述屋质安民","1","1","2"
"屋质安民治","1","1","2"
"质安民治盗","1","1","2"
"迁西南面巡","1","1","2"
"西南面巡检","1","1","2"
"唐古部详稳","1","1","2"
"隗衍党项部","1","1","2"
"衍党项部节","1","1","2"
"党项部节度","1","1","2"
"项部节度使","1","1","2"
"孝穆弟高九","1","1","2"
"律乙辛所忌","1","1","2"
"知北院副部","1","1","2"
"院副部署事","1","1","2"
"耶律仆里笃","1","1","2"
"六院林牙突","1","1","2"
"院林牙突吕","1","1","2"
"摄西南面招","1","1","2"
"斩首万余级","1","1","2"
"右武卫上将","1","1","2"
"推诚协谋竭","1","1","2"
"诚协谋竭节","1","1","2"
"协谋竭节功","1","1","2"
"谋竭节功臣","1","1","2"
"帝姊秦晋国","1","1","2"
"姊秦晋国长","1","1","2"
"秦晋国长公","1","1","2"
"西北招讨都","1","1","2"
"北招讨都监","1","1","2"
"都统耶律赵","1","1","2"
"统耶律赵三","1","1","2"
"耶律赵三征","1","1","2"
"律赵三征讨","1","1","2"
"彰义军节度","1","1","2"
"北府宰相海","1","1","2"
"三韩郡王合","1","1","2"
"韩郡王合鲁","1","1","2"
"女骨浴公主","1","1","2"
"徒鲁古皮室","1","1","2"
"鲁古皮室详","1","1","2"
"古皮室详稳","1","1","2"
"耶律乙辛共","1","1","2"
"犯滦河行宫","1","1","2"
"竭忠定乱功","1","1","2"
"忠定乱功臣","1","1","2"
"都部署判官","1","1","2"
"山西路都转","1","1","2"
"西路都转运","1","1","2"
"路都转运使","1","1","2"
"军节度使掌","1","1","2"
"节度使掌书","1","1","2"
"度使掌书记","1","1","2"
"西京副留守","1","1","2"
"牌印宿直事","1","1","2"
"同知咸州路","1","1","2"
"奥隗部节度","1","1","2"
"隗部节度使","1","1","2"
"累迁祗候郎","1","1","2"
"迁祗候郎君","1","1","2"
"讨耶律章奴","1","1","2"
"军卫大将军","1","1","2"
"路统军使萧","1","1","2"
"遣知奚王府","1","1","2"
"知奚王府萧","1","1","2"
"奚王府萧遐","1","1","2"
"王府萧遐买","1","1","2"
"北宰相萧德","1","1","2"
"宰相萧德恭","1","1","2"
"大常衮耶律","1","1","2"
"常衮耶律谛","1","1","2"
"衮耶律谛里","1","1","2"
"耶律谛里姑","1","1","2"
"归州观察使","1","1","2"
"州观察使萧","1","1","2"
"四军太师萧","1","1","2"
"军太师萧干","1","1","2"
"太师萧干追","1","1","2"
"师萧干追捕","1","1","2"
"同知三司使","1","1","2"
"迁天成军节","1","1","2"
"易州观察判","1","1","2"
"改涞水县令","1","1","2"
"东京户部使","1","1","2"
"晋青州刺史","1","1","2"
"中京文思使","1","1","2"
"灵州观察使","1","1","2"
"内库都提点","1","1","2"
"重熙二十四","1","1","2"
"熙二十四年","1","1","2"
"加工部侍郎","1","1","2"
"败晋将杜重","1","1","2"
"冀王敌烈谋","1","1","2"
"王敌烈谋反","1","1","2"
"妻普贤女摄","1","1","2"
"炮手二百人","1","1","2"
"献所俘宋将","1","1","2"
"十二年正月","1","1","2"
"密都承旨王","1","1","2"
"十三年四月","1","1","2"
"使耶律敌古","1","1","2"
"耶律敌古率","1","1","2"
"律敌古率阻","1","1","2"
"敌古率阻卜","1","1","2"
"古率阻卜军","1","1","2"
"大王宜新等","1","1","2"
"咸雍元年五","1","1","2"
"雍元年五月","1","1","2"
"大安元年十","1","1","2"
"安元年十月","1","1","2"
"天庆三年六","1","1","2"
"庆三年六月","1","1","2"
"娘改部族进","1","1","2"
"名曰乌鲁古","1","1","2"
"选轻骑数千","1","1","2"
"二月癸亥朔","2","0","2"
"节度使李殷","1","1","2"
"杀彘人抄里","1","1","2"
"景宗孝成康","1","1","2"
"宗孝成康靖","1","1","2"
"追封萧思温","1","1","2"
"统军使善补","1","1","2"
"化州刺史耶","1","1","2"
"刺史耶律普","1","1","2"
"史耶律普宁","1","1","2"
"右武卫大将","1","1","2"
"大将军韩倬","1","1","2"
"侍卫亲军兵","1","1","2"
"卫亲军兵马","1","1","2"
"亲军兵马都","1","1","2"
"蔚州左右都","1","1","2"
"州左右都押","1","1","2"
"左右都押衙","1","1","2"
"右都押衙李","1","1","2"
"都押衙李存","1","1","2"
"押衙李存璋","1","1","2"
"许彦钦等杀","1","1","2"
"节度使萧啜","1","1","2"
"度使萧啜里","1","1","2"
"铜州节度使","1","1","2"
"州节度使耿","1","1","2"
"节度使耿绍","1","1","2"
"度使耿绍忠","1","1","2"
"宫副部署刘","1","1","2"
"副部署刘六","1","1","2"
"部署刘六符","1","1","2"
"增谥文献皇","1","1","2"
"谥文献皇帝","1","1","2"
"北路详稳合","1","1","2"
"路详稳合里","1","1","2"
"面招讨使拾","1","1","2"
"天祚皇帝第","1","1","2"
"祚皇帝第二","1","1","2"
"庆州七括宫","1","1","2"
"肃祖孙夷离","1","1","2"
"祖孙夷离堇","1","1","2"
"六年十一月","1","1","2"
"又有什么值","0","2","2"
"有什么值得","0","2","2"
"了他们的建","0","2","2"
"他们的建议","0","2","2"
"诏令诸道每","0","2","2"
"皇上查看犯","0","2","2"
"上查看犯人","0","2","2"
"派使者察看","0","2","2"
"使者察看犯","0","2","2"
"者察看犯人","0","2","2"
"像先前一样","0","2","2"
"将他立即斩","0","2","2"
"他立即斩首","0","2","2"
"少时聪慧过","0","2","2"
"必定不会让","0","2","2"
"采纳他的建","0","2","2"
"纳他的建议","0","2","2"
"上没有答复","0","2","2"
"事托付给他","0","2","2"
"次请求辞官","0","2","2"
"皇上无言以","0","2","2"
"上无言以对","0","2","2"
"母为宣简皇","0","2","2"
"任挞马笰沙","0","2","2"
"挞马笰沙里","0","2","2"
"牛羊不计其","0","2","2"
"羊不计其数","0","2","2"
"太祖便答应","0","2","2"
"祖便答应了","0","2","2"
"攻打刘仁恭","0","2","2"
"征讨黑车子","0","2","2"
"诏令将他们","0","2","2"
"受百官及各","0","2","2"
"前往吊唁慰","0","2","2"
"往吊唁慰问","0","2","2"
"夏五月初三","0","2","2"
"七月初一朔","0","2","2"
"敌鲁为北府","0","2","2"
"鲁为北府宰","0","2","2"
"派人出使至","0","2","2"
"人出使至梁","0","2","2"
"皇上身着素","0","2","2"
"上身着素服","0","2","2"
"夏四月初六","0","2","2"
"祖奇首可汗","0","2","2"
"附从诸皇弟","0","2","2"
"不能偿还者","0","2","2"
"和州回鹘前","0","2","2"
"州回鹘前来","0","2","2"
"行不义之事","0","2","2"
"使者贡献土","0","2","2"
"者贡献土产","0","2","2"
"派遣滕彦休","0","2","2"
"遣滕彦休前","0","2","2"
"滕彦休前来","0","2","2"
"彦休前来进","0","2","2"
"休前来进贡","0","2","2"
"赏各有等差","0","2","2"
"子耶律倍为","0","2","2"
"兵马拒战于","0","2","2"
"斩首三万余","0","2","2"
"首三万余级","0","2","2"
"六月二十八","0","2","2"
"曷鲁等因兵","0","2","2"
"鲁等因兵少","0","2","2"
"梁遣使来访","0","2","2"
"罪将被处死","0","2","2"
"夏五月十四","0","2","2"
"又回到军中","0","2","2"
"夏五月初五","0","2","2"
"打发他回去","0","2","2"
"以皇弟耶律","0","2","2"
"皇弟耶律苏","0","2","2"
"弟耶律苏为","0","2","2"
"秋八月初一","0","2","2"
"八月初一朔","0","2","2"
"九月初一朔","0","2","2"
"郎公远来访","0","2","2"
"冬十月十三","0","2","2"
"十月十三日","0","2","2"
"从这时开始","0","2","2"
"的原因所在","0","2","2"
"拜迎于马前","0","2","2"
"殊死刑以下","0","2","2"
"冬十月十八","0","2","2"
"十月十八日","0","2","2"
"一月二十六","0","2","2"
"皇子尧骨为","0","2","2"
"六月二十九","0","2","2"
"宰相耶律苏","0","2","2"
"耶律苏等人","0","2","2"
"乌母主可汗","0","2","2"
"胜利的消息","0","2","2"
"十二月十六","0","2","2"
"二月十六日","0","2","2"
"相萧阿古只","0","2","2"
"以草绳肉袒","0","2","2"
"草绳肉袒自","0","2","2"
"绳肉袒自缚","0","2","2"
"皇太子耶律","0","2","2"
"太子耶律倍","0","2","2"
"耶律倍为人","0","2","2"
"律倍为人皇","0","2","2"
"倍为人皇王","0","2","2"
"年五十五岁","0","2","2"
"于黄河之滨","0","2","2"
"于是建立了","0","2","2"
"第二个儿子","0","2","2"
"人们都认为","0","2","2"
"暂时摄理军","0","2","2"
"时摄理军国","0","2","2"
"摄理军国大","0","2","2"
"皇后答应了","0","2","2"
"答应了他们","0","2","2"
"应了他们的","0","2","2"
"宗即皇帝位","0","2","2"
"驾临宣政殿","0","2","2"
"奉上尊号为","0","2","2"
"达卢古前来","0","2","2"
"卢古前来进","0","2","2"
"林牙突吕不","0","2","2"
"举行瑟瑟礼","0","2","2"
"献上讨伐乌","0","2","2"
"上讨伐乌古","0","2","2"
"突厥前来进","0","2","2"
"厥前来进贡","0","2","2"
"将俘虏分赐","0","2","2"
"俘虏分赐给","0","2","2"
"派人出使唐","0","2","2"
"生日作为天","0","2","2"
"太后生日为","0","2","2"
"殿接受群臣","0","2","2"
"国使者朝贺","0","2","2"
"民户以充实","0","2","2"
"饮群臣及各","0","2","2"
"三月十二日","0","2","2"
"拜谒太祖行","0","2","2"
"于太祖行宫","0","2","2"
"进献乌古俘","0","2","2"
"献乌古俘虏","0","2","2"
"特赦在押囚","0","2","2"
"赦在押囚犯","0","2","2"
"临幸人皇王","0","2","2"
"降附的郡县","0","2","2"
"事祭告天地","0","2","2"
"臣商议军国","0","2","2"
"从南京起驾","0","2","2"
"献时令鲜果","0","2","2"
"时令鲜果于","0","2","2"
"令鲜果于太","0","2","2"
"鲜果于太祖","0","2","2"
"果于太祖庙","0","2","2"
"烈德前来进","0","2","2"
"四月二十一","0","2","2"
"拜谒太祖陵","0","2","2"
"春正月初十","0","2","2"
"王耶律倍之","0","2","2"
"物品各若干","0","2","2"
"派使者馈赠","0","2","2"
"派使者慰问","0","2","2"
"品分赐给群","0","2","2"
"皇太后崩逝","0","2","2"
"二月二十五","0","2","2"
"正月十七日","0","2","2"
"者前来报丧","0","2","2"
"皇上于当日","0","2","2"
"去吊唁祭祀","0","2","2"
"皇上亲自率","0","2","2"
"亲自率军南","0","2","2"
"自率军南伐","0","2","2"
"二月二十六","0","2","2"
"十二月十九","0","2","2"
"给回鹘使者","0","2","2"
"乌古前来朝","0","2","2"
"李从珂弑君","0","2","2"
"从珂弑君自","0","2","2"
"珂弑君自立","0","2","2"
"皇上亲自统","0","2","2"
"待到交战时","0","2","2"
"首尾不能相","0","2","2"
"奚监军寅你","0","2","2"
"皇上召见他","0","2","2"
"封石敬瑭为","0","2","2"
"石敬瑭为晋","0","2","2"
"到行宫所在","0","2","2"
"皇上从容地","0","2","2"
"上从容地对","0","2","2"
"从容地对他","0","2","2"
"容地对他说","0","2","2"
"张敬达出降","0","2","2"
"闰十一月初","0","2","2"
"又命皇太子","0","2","2"
"相约为父子","0","2","2"
"耶律倍与他","0","2","2"
"律倍与他同","0","2","2"
"倍与他同死","0","2","2"
"人请求内附","0","2","2"
"晋使者及各","0","2","2"
"使者及各国","0","2","2"
"者及各国使","0","2","2"
"者前来朝见","0","2","2"
"派人出使晋","0","2","2"
"皇上狩猎于","0","2","2"
"次派使者请","0","2","2"
"使者前来谢","0","2","2"
"者前来谢册","0","2","2"
"宰相及夷离","0","2","2"
"相及夷离堇","0","2","2"
"奉册礼上皇","0","2","2"
"广德至仁昭","0","2","2"
"德至仁昭烈","0","2","2"
"至仁昭烈崇","0","2","2"
"尊号为睿文","0","2","2"
"刘日旬为守","0","2","2"
"日旬为守太","0","2","2"
"旬为守太保","0","2","2"
"临幸木叶山","0","2","2"
"晋派遣使者","0","2","2"
"派遣使者进","0","2","2"
"使者进献犀","0","2","2"
"八月二十七","0","2","2"
"离底前来进","0","2","2"
"底前来进贡","0","2","2"
"派使者来朝","0","2","2"
"乌古派使者","0","2","2"
"以表彰其功","0","2","2"
"表彰其功劳","0","2","2"
"鸭绿江女真","0","2","2"
"者前来朝觐","0","2","2"
"南唐分别派","0","2","2"
"唐分别派使","0","2","2"
"前来问候皇","0","2","2"
"来问候皇上","0","2","2"
"物赐给群臣","0","2","2"
"使者进献弓","0","2","2"
"者进献弓箭","0","2","2"
"在南郊检阅","0","2","2"
"驻于奉圣州","0","2","2"
"等国前来朝","0","2","2"
"国前来朝贡","0","2","2"
"使者请求赐","0","2","2"
"擒获其酋长","0","2","2"
"诏令契丹人","0","2","2"
"上听信他的","0","2","2"
"听信他的话","0","2","2"
"临幸归化州","0","2","2"
"冬十月十五","0","2","2"
"十月十五日","0","2","2"
"安重荣事前","0","2","2"
"重荣事前来","0","2","2"
"荣事前来报","0","2","2"
"事前来报告","0","2","2"
"使者请求撤","0","2","2"
"者请求撤去","0","2","2"
"接受群臣朝","0","2","2"
"为西南路招","0","2","2"
"讨伐吐谷浑","0","2","2"
"停止上朝七","0","2","2"
"使者前往晋","0","2","2"
"者前往晋国","0","2","2"
"得知皇太后","0","2","2"
"分别贡献土","0","2","2"
"别贡献土产","0","2","2"
"九月十一日","0","2","2"
"三月初一朔","0","2","2"
"六月初一朔","0","2","2"
"州分路进发","0","2","2"
"屯驻于南京","0","2","2"
"骑兵冲击其","0","2","2"
"民户迁徙到","0","2","2"
"户迁徙到内","0","2","2"
"回师驻于南","0","2","2"
"师驻于南京","0","2","2"
"车子室韦前","0","2","2"
"子室韦前来","0","2","2"
"室韦前来进","0","2","2"
"韦前来进贡","0","2","2"
"检阅诸道兵","0","2","2"
"阅诸道兵马","0","2","2"
"夏四月十九","0","2","2"
"四月十九日","0","2","2"
"鼻骨德均来","0","2","2"
"骨德均来进","0","2","2"
"德均来进贡","0","2","2"
"七月二十一","0","2","2"
"皇上到凉陉","0","2","2"
"亲自统兵南","0","2","2"
"军包围镇州","0","2","2"
"据守中渡桥","0","2","2"
"杀其将王清","0","2","2"
"为金吾卫上","0","2","2"
"我是不会忘","0","2","2"
"为镇国军节","0","2","2"
"列举其罪状","0","2","2"
"驾进入汴京","0","2","2"
"接受百官朝","0","2","2"
"受百官朝贺","0","2","2"
"石重贵到开","0","2","2"
"重贵到开封","0","2","2"
"任命张砺为","0","2","2"
"为太子太保","0","2","2"
"为太子少保","0","2","2"
"丞相兼政事","0","2","2"
"相兼政事令","0","2","2"
"为昭义军节","0","2","2"
"孝和庄宪皇","0","2","2"
"和庄宪皇帝","0","2","2"
"随从太宗讨","0","2","2"
"从太宗讨伐","0","2","2"
"太宗崩逝于","0","2","2"
"宗崩逝于栾","0","2","2"
"皇帝位于柩","0","2","2"
"帝位于柩前","0","2","2"
"皇上派郎君","0","2","2"
"萧氏为皇太","0","2","2"
"氏为皇太后","0","2","2"
"大王耶律吼","0","2","2"
"设置北院枢","0","2","2"
"由安抟担任","0","2","2"
"夏六月初六","0","2","2"
"轸为北院大","0","2","2"
"被封为漆水","0","2","2"
"秋九月初一","0","2","2"
"建立政事省","0","2","2"
"等前来祝贺","0","2","2"
"高勋册封刘","0","2","2"
"勋册封刘崇","0","2","2"
"册封刘崇为","0","2","2"
"封刘崇为大","0","2","2"
"刘崇为大汉","0","2","2"
"崇为大汉神","0","2","2"
"为大汉神武","0","2","2"
"祭祀让国皇","0","2","2"
"祀让国皇帝","0","2","2"
"让国皇帝于","0","2","2"
"国皇帝于行","0","2","2"
"皇帝于行宫","0","2","2"
"使者前来吊","0","2","2"
"又派使者前","0","2","2"
"烈为南院大","0","2","2"
"等密谋叛乱","0","2","2"
"杖责后被释","0","2","2"
"责后被释放","0","2","2"
"日南使者到","0","2","2"
"使者进贡药","0","2","2"
"者进贡药物","0","2","2"
"李胡子耶律","0","2","2"
"于是将他们","0","2","2"
"是将他们全","0","2","2"
"进献俘虏及","0","2","2"
"九月二十五","0","2","2"
"歇驾于杏埚","0","2","2"
"派使者来告","0","2","2"
"使者前去吊","0","2","2"
"者前去吊唁","0","2","2"
"使者前来商","0","2","2"
"者前来商议","0","2","2"
"前来商议军","0","2","2"
"来商议军事","0","2","2"
"春正月十二","0","2","2"
"正月十二日","0","2","2"
"歇驾于潢河","0","2","2"
"汉派使者奏","0","2","2"
"为兵马都总","0","2","2"
"群臣商议时","0","2","2"
"子耶律喜隐","0","2","2"
"耶律喜隐谋","0","2","2"
"律喜隐谋反","0","2","2"
"供辞牵涉到","0","2","2"
"辞牵涉到李","0","2","2"
"牵涉到李胡","0","2","2"
"利国合宜之","0","2","2"
"国合宜之事","0","2","2"
"任命御史大","0","2","2"
"在益津关筑","0","2","2"
"益津关筑城","0","2","2"
"令南京留守","0","2","2"
"赏赐各若干","0","2","2"
"五月十一日","0","2","2"
"放飞五坊鹰","0","2","2"
"飞五坊鹰鹘","0","2","2"
"者前来奏告","0","2","2"
"人财物各若","0","2","2"
"州击败宋兵","0","2","2"
"春正月初七","0","2","2"
"为行军都统","0","2","2"
"者前去责问","0","2","2"
"与乌古交战","0","2","2"
"冬十月十一","0","2","2"
"十月十一日","0","2","2"
"歇驾于黑山","0","2","2"
"不一会儿便","0","2","2"
"在宫中宴饮","0","2","2"
"特赦京郊囚","0","2","2"
"赦京郊囚犯","0","2","2"
"派人前来报","0","2","2"
"兼任政事令","0","2","2"
"黑山以东抹","0","2","2"
"山以东抹真","0","2","2"
"处理事务有","0","2","2"
"年三十九岁","0","2","2"
"为怀节皇后","0","2","2"
"察割之乱时","0","2","2"
"高勋被封为","0","2","2"
"有司奏请以","0","2","2"
"司奏请以皇","0","2","2"
"奏请以皇上","0","2","2"
"请以皇上生","0","2","2"
"皇上生日为","0","2","2"
"上生日为天","0","2","2"
"宁二年春正","0","2","2"
"让国皇帝及","0","2","2"
"国皇帝及世","0","2","2"
"皇帝及世宗","0","2","2"
"帝及世宗庙","0","2","2"
"设置祭品祭","0","2","2"
"将他们一并","0","2","2"
"三月二十一","0","2","2"
"派使者问候","0","2","2"
"密使贤适为","0","2","2"
"使贤适为西","0","2","2"
"户前来归附","0","2","2"
"赏赐打发他","0","2","2"
"十二月十一","0","2","2"
"巡途中暂驻","0","2","2"
"途中暂驻于","0","2","2"
"车驾至南京","0","2","2"
"惕隐耶律休","0","2","2"
"隐耶律休哥","0","2","2"
"依法当处死","0","2","2"
"来报告宋国","0","2","2"
"报告宋国国","0","2","2"
"告宋国国事","0","2","2"
"七月二十九","0","2","2"
"为中台省左","0","2","2"
"等献上党项","0","2","2"
"皇上将他们","0","2","2"
"被除去名籍","0","2","2"
"都尉卢俊前","0","2","2"
"尉卢俊前来","0","2","2"
"派使者送来","0","2","2"
"报告宋之国","0","2","2"
"皇上赐诏安","0","2","2"
"上赐诏安抚","0","2","2"
"次派使者前","0","2","2"
"夏四月十三","0","2","2"
"四月十三日","0","2","2"
"驾暂驻于沿","0","2","2"
"暂驻于沿柳","0","2","2"
"驻于沿柳湖","0","2","2"
"品祭祀太祖","0","2","2"
"诏令南府宰","0","2","2"
"令南府宰相","0","2","2"
"相耶律沙为","0","2","2"
"前来感谢我","0","2","2"
"来感谢我国","0","2","2"
"令北院大王","0","2","2"
"卢俊前来投","0","2","2"
"俊前来投奔","0","2","2"
"宋军交战于","0","2","2"
"交战于高梁","0","2","2"
"派人献上俘","0","2","2"
"人献上俘虏","0","2","2"
"上俘虏及财","0","2","2"
"俘虏及财物","0","2","2"
"他们财物各","0","2","2"
"们财物各若","0","2","2"
"枢密使兼政","0","2","2"
"密使兼政事","0","2","2"
"使兼政事令","0","2","2"
"兼政事令郭","0","2","2"
"皇上嘉许并","0","2","2"
"封皇子耶律","0","2","2"
"哥为北院大","0","2","2"
"三月十四日","0","2","2"
"燕子城避暑","0","2","2"
"囚禁于祖州","0","2","2"
"八月二十八","0","2","2"
"乘夜偷袭我","0","2","2"
"夜偷袭我军","0","2","2"
"土二河之间","0","2","2"
"立其子留礼","0","2","2"
"其子留礼寿","0","2","2"
"秋九月二十","0","2","2"
"九月二十四","0","2","2"
"尊皇后为皇","0","2","2"
"论罪当处死","0","2","2"
"大行皇帝灵","0","2","2"
"行皇帝灵柩","0","2","2"
"宰相室日方","0","2","2"
"于越休哥为","0","2","2"
"越休哥为南","0","2","2"
"赐给于越休","0","2","2"
"留守于越休","0","2","2"
"守于越休哥","0","2","2"
"韩德威奏称","0","2","2"
"政事令室日","0","2","2"
"事令室日方","0","2","2"
"十多个村庄","0","2","2"
"惕隐化哥为","0","2","2"
"化哥为北院","0","2","2"
"西南面有功","0","2","2"
"南面有功将","0","2","2"
"面有功将士","0","2","2"
"事萧道宁为","0","2","2"
"诏令近臣商","0","2","2"
"令近臣商议","0","2","2"
"其夷离堇之","0","2","2"
"诏令让他们","0","2","2"
"为承天皇太","0","2","2"
"任命枢密副","0","2","2"
"命枢密副使","0","2","2"
"皇上与诸王","0","2","2"
"分组击鞠球","0","2","2"
"皇太后祭祀","0","2","2"
"与皇太后拜","0","2","2"
"后拜谒怀陵","0","2","2"
"诏令于越休","0","2","2"
"令于越休哥","0","2","2"
"上表请求讨","0","2","2"
"表请求讨伐","0","2","2"
"上下诏允许","0","2","2"
"任命吴王耶","0","2","2"
"命吴王耶律","0","2","2"
"吴王耶律稍","0","2","2"
"下诏晓谕三","0","2","2"
"诏晓谕三京","0","2","2"
"拜谒凝神殿","0","2","2"
"他便宜行事","0","2","2"
"上答应了他","0","2","2"
"向皇上献俘","0","2","2"
"夏四月初七","0","2","2"
"为兼政事令","0","2","2"
"太后亲自前","0","2","2"
"后亲自前往","0","2","2"
"京留守兼侍","0","2","2"
"留守兼侍中","0","2","2"
"任命枢密直","0","2","2"
"命枢密直学","0","2","2"
"为政事舍人","0","2","2"
"为同平章事","0","2","2"
"诏令诸道修","0","2","2"
"令诸道修缮","0","2","2"
"诸道修缮甲","0","2","2"
"歇驾于土河","0","2","2"
"诏令有司资","0","2","2"
"令有司资助","0","2","2"
"河观看捕鱼","0","2","2"
"所获的俘虏","0","2","2"
"的俘虏及缴","0","2","2"
"诏令驸马都","0","2","2"
"令驸马都尉","0","2","2"
"赶赴皇上行","0","2","2"
"赴皇上行宫","0","2","2"
"兵赶赴蔚州","0","2","2"
"赶赴蔚州援","0","2","2"
"赴蔚州援助","0","2","2"
"籍没其家产","0","2","2"
"皇上赐诏褒","0","2","2"
"上赐诏褒奖","0","2","2"
"等商议军事","0","2","2"
"放纵士兵大","0","2","2"
"纵士兵大肆","0","2","2"
"官爵财物各","0","2","2"
"不要让他们","0","2","2"
"诏令韩德威","0","2","2"
"然后大宴群","0","2","2"
"后大宴群臣","0","2","2"
"分赐给臣下","0","2","2"
"节度使蒲打","0","2","2"
"度使蒲打里","0","2","2"
"后得到释放","0","2","2"
"皇上与大臣","0","2","2"
"上与大臣分","0","2","2"
"与大臣分组","0","2","2"
"大臣分组击","0","2","2"
"臣分组击鞠","0","2","2"
"哥暂时代理","0","2","2"
"节度使之职","0","2","2"
"皇上亲率大","0","2","2"
"上亲率大军","0","2","2"
"士兵大肆抢","0","2","2"
"皇上回南京","0","2","2"
"临幸长春宫","0","2","2"
"皇上率领百","0","2","2"
"上率领百官","0","2","2"
"尊号为睿德","0","2","2"
"号为睿德神","0","2","2"
"为睿德神略","0","2","2"
"上尊号为至","0","2","2"
"尊号为至德","0","2","2"
"号为至德广","0","2","2"
"为至德广孝","0","2","2"
"至德广孝昭","0","2","2"
"百姓请求他","0","2","2"
"姓请求他留","0","2","2"
"请求他留任","0","2","2"
"无罪之人李","0","2","2"
"罪之人李浩","0","2","2"
"听从了这个","0","2","2"
"迁派使者来","0","2","2"
"皇上下诏从","0","2","2"
"使者前去祭","0","2","2"
"里前来朝贡","0","2","2"
"获的宋国间","0","2","2"
"的宋国间谍","0","2","2"
"为奉陵军节","0","2","2"
"殿学士马得","0","2","2"
"学士马得臣","0","2","2"
"进攻长城口","0","2","2"
"让他们隶属","0","2","2"
"拜谒景宗皇","0","2","2"
"军解除戒严","0","2","2"
"解除戒严状","0","2","2"
"除戒严状态","0","2","2"
"项前来朝贡","0","2","2"
"帐耶律襄之","0","2","2"
"临幸延寿寺","0","2","2"
"幸延寿寺斋","0","2","2"
"延寿寺斋僧","0","2","2"
"这是一不宜","0","2","2"
"免除十年的","0","2","2"
"在泰州击败","0","2","2"
"泰州击败宋","0","2","2"
"御临含凉殿","0","2","2"
"并赐给他们","0","2","2"
"八月二十二","0","2","2"
"胡土白山避","0","2","2"
"土白山避暑","0","2","2"
"任命北面林","0","2","2"
"古为北院大","0","2","2"
"派使者来奏","0","2","2"
"使者来奏告","0","2","2"
"上歇驾于大","0","2","2"
"星白天出现","0","2","2"
"继迁为夏国","0","2","2"
"迁为夏国王","0","2","2"
"免除三京诸","0","2","2"
"除三京诸道","0","2","2"
"三京诸道的","0","2","2"
"诸道的赋税","0","2","2"
"分头审理诸","0","2","2"
"头审理诸道","0","2","2"
"审理诸道积","0","2","2"
"理诸道积压","0","2","2"
"诸道积压案","0","2","2"
"道积压案件","0","2","2"
"王李继迁派","0","2","2"
"出巡途中歇","0","2","2"
"巡途中歇驾","0","2","2"
"使李继捧前","0","2","2"
"李继捧前来","0","2","2"
"为推忠效顺","0","2","2"
"继迁托故不","0","2","2"
"三年的赋税","0","2","2"
"赐给南京统","0","2","2"
"给南京统军","0","2","2"
"皇上下诏赐","0","2","2"
"下诏赐给他","0","2","2"
"鸭绿江以东","0","2","2"
"秋七月初三","0","2","2"
"榜录进士王","0","2","2"
"派使者安抚","0","2","2"
"治下百姓请","0","2","2"
"下百姓请求","0","2","2"
"统领西北路","0","2","2"
"犯死罪以下","0","2","2"
"次派使者求","0","2","2"
"诏命令诸道","0","2","2"
"令南京审理","0","2","2"
"南京审理积","0","2","2"
"京审理积压","0","2","2"
"诏令诸道劝","0","2","2"
"百姓请求让","0","2","2"
"姓请求让他","0","2","2"
"求让他留下","0","2","2"
"到炭山避暑","0","2","2"
"太后石像安","0","2","2"
"白前来进贡","0","2","2"
"骨德前来朝","0","2","2"
"使者册封王","0","2","2"
"派童子十人","0","2","2"
"童子十人前","0","2","2"
"子十人前来","0","2","2"
"十人前来学","0","2","2"
"人前来学习","0","2","2"
"前来学习本","0","2","2"
"来学习本国","0","2","2"
"学习本国语","0","2","2"
"骊派使者前","0","2","2"
"韩德威奏报","0","2","2"
"德威奏报讨","0","2","2"
"威奏报讨伐","0","2","2"
"奏报讨伐党","0","2","2"
"报讨伐党项","0","2","2"
"伐党项获得","0","2","2"
"党项获得胜","0","2","2"
"项获得胜利","0","2","2"
"丽派使者来","0","2","2"
"时派使者前","0","2","2"
"被封为兰陵","0","2","2"
"向皇太后问","0","2","2"
"皇太后问安","0","2","2"
"李继迁为西","0","2","2"
"向辽进贡麇","0","2","2"
"下诏允许他","0","2","2"
"米赈济南京","0","2","2"
"求让他留任","0","2","2"
"品祭祀太宗","0","2","2"
"下诏令南京","0","2","2"
"在平地松林","0","2","2"
"献祭品祭祀","0","2","2"
"歇驾于驼山","0","2","2"
"统和十六年","0","2","2"
"夏四月十五","0","2","2"
"四月十五日","0","2","2"
"祭品祭祀祖","0","2","2"
"止上朝五天","0","2","2"
"赐有功将士","0","2","2"
"令诸军各自","0","2","2"
"为朔方军节","0","2","2"
"派李文贵前","0","2","2"
"李文贵前来","0","2","2"
"面招讨使奏","0","2","2"
"招讨使奏称","0","2","2"
"吴国王隆佑","0","2","2"
"让他留守京","0","2","2"
"他留守京师","0","2","2"
"辽军与宋军","0","2","2"
"军与宋军在","0","2","2"
"与宋军在遂","0","2","2"
"宋军在遂城","0","2","2"
"军在遂城交","0","2","2"
"在遂城交战","0","2","2"
"闰十一月十","0","2","2"
"报告攻下了","0","2","2"
"告攻下了宋","0","2","2"
"攻下了宋的","0","2","2"
"等六人及第","0","2","2"
"部派使者前","0","2","2"
"其子李德昭","0","2","2"
"子李德昭派","0","2","2"
"继迁为尚书","0","2","2"
"迁为尚书令","0","2","2"
"派西上阁门","0","2","2"
"耶律室鲁为","0","2","2"
"铁剌里前来","0","2","2"
"剌里前来朝","0","2","2"
"歇驾于七渡","0","2","2"
"驾于七渡河","0","2","2"
"昭派使者进","0","2","2"
"夏四月十四","0","2","2"
"四月十四日","0","2","2"
"阻卜酋长铁","0","2","2"
"卜酋长铁剌","0","2","2"
"酋长铁剌里","0","2","2"
"国王隆佑留","0","2","2"
"王隆佑留守","0","2","2"
"隆佑留守京","0","2","2"
"佑留守京师","0","2","2"
"令王继忠与","0","2","2"
"王继忠与宋","0","2","2"
"没有归还土","0","2","2"
"有归还土地","0","2","2"
"归还土地之","0","2","2"
"还土地之意","0","2","2"
"着书信回访","0","2","2"
"改封为晋王","0","2","2"
"录取进士李","0","2","2"
"赐给他们官","0","2","2"
"给他们官爵","0","2","2"
"使为安抚使","0","2","2"
"前来祝贺我","0","2","2"
"来祝贺我国","0","2","2"
"祝贺我国与","0","2","2"
"贺我国与宋","0","2","2"
"国与宋言和","0","2","2"
"部派使者来","0","2","2"
"去祝贺宋主","0","2","2"
"大年初一正","0","2","2"
"年初一正旦","0","2","2"
"将皇太妃胡","0","2","2"
"八月十六日","0","2","2"
"使者进献大","0","2","2"
"十三人及第","0","2","2"
"赈济饶州饥","0","2","2"
"济饶州饥民","0","2","2"
"陈列祭品祭","0","2","2"
"讨伐甘州回","0","2","2"
"将大行皇太","0","2","2"
"等前来吊唁","0","2","2"
"领军卫上将","0","2","2"
"前去感谢宋","0","2","2"
"去感谢宋国","0","2","2"
"感谢宋国的","0","2","2"
"谢宋国的吊","0","2","2"
"城让他们居","0","2","2"
"他们居住下","0","2","2"
"们居住下来","0","2","2"
"皇上将亲征","0","2","2"
"将消息告知","0","2","2"
"德昭为夏国","0","2","2"
"昭为夏国王","0","2","2"
"王询派使者","0","2","2"
"询派使者请","0","2","2"
"大军渡过鸭","0","2","2"
"王询上表请","0","2","2"
"询上表请求","0","2","2"
"律世良为北","0","2","2"
"世良为北院","0","2","2"
"行为参知政","0","2","2"
"知政事兼知","0","2","2"
"交主管部门","0","2","2"
"哥为北院枢","0","2","2"
"不再隶属于","0","2","2"
"使者进献良","0","2","2"
"者进献良马","0","2","2"
"任祝贺宋生","0","2","2"
"高丽王询派","0","2","2"
"给皇上加尊","0","2","2"
"皇上加尊号","0","2","2"
"上加尊号为","0","2","2"
"道至德崇仁","0","2","2"
"至德崇仁广","0","2","2"
"官爵各有等","0","2","2"
"爵各有等差","0","2","2"
"赈济奉圣州","0","2","2"
"皇上下诏答","0","2","2"
"为翰林承旨","0","2","2"
"皇上到缅山","0","2","2"
"派中丞耶律","0","2","2"
"索取六州旧","0","2","2"
"现在他们又","0","2","2"
"派引进使李","0","2","2"
"李延弘赐给","0","2","2"
"延弘赐给夏","0","2","2"
"弘赐给夏国","0","2","2"
"赐给夏国王","0","2","2"
"给夏国王李","0","2","2"
"出使高丽回","0","2","2"
"使高丽回国","0","2","2"
"皇上到浑河","0","2","2"
"猎于瑞鹿原","0","2","2"
"使以下官员","0","2","2"
"再次出使高","0","2","2"
"次出使高丽","0","2","2"
"耶律世良在","0","2","2"
"曹顺派使者","0","2","2"
"顺派使者前","0","2","2"
"任命西北路","0","2","2"
"在缅山避暑","0","2","2"
"任命旗鼓拽","0","2","2"
"命旗鼓拽剌","0","2","2"
"稳题里姑为","0","2","2"
"等征讨高丽","0","2","2"
"讨高丽回国","0","2","2"
"歇驾于沿柳","0","2","2"
"驾于沿柳湖","0","2","2"
"检萧屈烈为","0","2","2"
"萧屈烈为都","0","2","2"
"屈烈为都监","0","2","2"
"耶律八哥为","0","2","2"
"军队驻扎于","0","2","2"
"耶律韩留为","0","2","2"
"为阿扎割只","0","2","2"
"萧合卓为北","0","2","2"
"合卓为北院","0","2","2"
"卓为北院枢","0","2","2"
"命政事舍人","0","2","2"
"上田猎于赤","0","2","2"
"田猎于赤山","0","2","2"
"德前来祝贺","0","2","2"
"十八人及第","0","2","2"
"署王继忠为","0","2","2"
"任出使宋国","0","2","2"
"一月二十一","0","2","2"
"张纶前来祝","0","2","2"
"纶前来祝贺","0","2","2"
"任命顺义军","0","2","2"
"命顺义军节","0","2","2"
"任命东平郡","0","2","2"
"命东平郡王","0","2","2"
"王萧排押为","0","2","2"
"萧排押为都","0","2","2"
"排押为都统","0","2","2"
"任命前南院","0","2","2"
"忠为长宁军","0","2","2"
"馆惕隐阿不","0","2","2"
"耶律合葛为","0","2","2"
"征讨高丽有","0","2","2"
"讨高丽有功","0","2","2"
"命东北路详","0","2","2"
"特赦关押于","0","2","2"
"九月十六日","0","2","2"
"得到皇上批","0","2","2"
"到皇上批准","0","2","2"
"为启圣军节","0","2","2"
"为太子太傅","0","2","2"
"为来年贺宋","0","2","2"
"文武百官奉","0","2","2"
"任命夷离毕","0","2","2"
"按时交纳贡","0","2","2"
"皇上下诏说","0","2","2"
"不再按时送","0","2","2"
"韩制心为南","0","2","2"
"者前来求婚","0","2","2"
"皇上诏令他","0","2","2"
"来进贡马匹","0","2","2"
"上立即派萧","0","2","2"
"临幸通天观","0","2","2"
"均加官进爵","0","2","2"
"前来告知宋","0","2","2"
"祝贺宋主即","0","2","2"
"贺宋主即位","0","2","2"
"充任祝贺夏","0","2","2"
"任祝贺夏国","0","2","2"
"祝贺夏国王","0","2","2"
"任祝贺宋太","0","2","2"
"祝贺宋太后","0","2","2"
"密副使杨又","0","2","2"
"副使杨又玄","0","2","2"
"志前来祝贺","0","2","2"
"四十七人及","0","2","2"
"律信宁为西","0","2","2"
"任命南院宣","0","2","2"
"命南院宣徽","0","2","2"
"为东京统军","0","2","2"
"秋七月十六","0","2","2"
"七月十六日","0","2","2"
"任命南府宰","0","2","2"
"葛为上京留","0","2","2"
"充任庆贺宋","0","2","2"
"宋主生辰正","0","2","2"
"主生辰正副","0","2","2"
"岭进入敌境","0","2","2"
"皇侄宗范为","0","2","2"
"为归德军节","0","2","2"
"萧孝穆为南","0","2","2"
"为太子太师","0","2","2"
"夏四月十六","0","2","2"
"四月十六日","0","2","2"
"萧孝穆之子","0","2","2"
"郡王遂哥为","0","2","2"
"为临海军节","0","2","2"
"为归义军节","0","2","2"
"贺宋正旦的","0","2","2"
"宋正旦的正","0","2","2"
"琪充任祝贺","0","2","2"
"任祝贺宋国","0","2","2"
"祝贺宋国太","0","2","2"
"贺宋国太后","0","2","2"
"宋国太后生","0","2","2"
"国太后生辰","0","2","2"
"太后生辰的","0","2","2"
"后生辰的正","0","2","2"
"古为北院枢","0","2","2"
"节度使以统","0","2","2"
"入京任南院","0","2","2"
"京任南院枢","0","2","2"
"耶律洪古为","0","2","2"
"皇上到永安","0","2","2"
"上到永安山","0","2","2"
"如果能够以","0","2","2"
"担任贺宋生","0","2","2"
"任贺宋生辰","0","2","2"
"驸马萧锄不","0","2","2"
"萧高六为奚","0","2","2"
"二月二十三","0","2","2"
"上歇驾于长","0","2","2"
"歇驾于长春","0","2","2"
"驾于长春河","0","2","2"
"任东京统军","0","2","2"
"耶律求翰为","0","2","2"
"五十七人及","0","2","2"
"沈州节度使","0","2","2"
"孝穆为都统","0","2","2"
"为忠顺军节","0","2","2"
"渤海之乱平","0","2","2"
"歇驾于长宁","0","2","2"
"驾于长宁淀","0","2","2"
"年六十一岁","0","2","2"
"十月二十八","0","2","2"
"元妃萧氏为","0","2","2"
"使前来吊唁","0","2","2"
"任命耶律韩","0","2","2"
"命耶律韩八","0","2","2"
"耶律韩八为","0","2","2"
"里为左祗候","0","2","2"
"为左祗候郎","0","2","2"
"拜谒神主帐","0","2","2"
"将大行皇帝","0","2","2"
"使者前来慰","0","2","2"
"送先帝遗物","0","2","2"
"先帝遗物给","0","2","2"
"帝遗物给宋","0","2","2"
"遗物给宋国","0","2","2"
"元昊为夏国","0","2","2"
"范前来祝贺","0","2","2"
"皇上率领群","0","2","2"
"上率领群臣","0","2","2"
"领群臣给皇","0","2","2"
"臣给皇上上","0","2","2"
"任命杨佶为","0","2","2"
"长前来朝贡","0","2","2"
"其子夏国公","0","2","2"
"祝贺来年正","0","2","2"
"贺来年正旦","0","2","2"
"宋生辰正副","0","2","2"
"禁止夏国使","0","2","2"
"止夏国使者","0","2","2"
"沿路私自买","0","2","2"
"路私自买卖","0","2","2"
"私自买卖金","0","2","2"
"贺永寿节及","0","2","2"
"永寿节及来","0","2","2"
"寿节及来年","0","2","2"
"节及来年正","0","2","2"
"杜赞前来祝","0","2","2"
"赞前来祝贺","0","2","2"
"宋生辰及来","0","2","2"
"张士禹前来","0","2","2"
"士禹前来祝","0","2","2"
"禹前来祝贺","0","2","2"
"皇上行猎于","0","2","2"
"孝穆为北院","0","2","2"
"穆为北院枢","0","2","2"
"先为南京留","0","2","2"
"命耶律信宁","0","2","2"
"取出飞龙厩","0","2","2"
"出飞龙厩马","0","2","2"
"皇上亲自拟","0","2","2"
"赐给他御诗","0","2","2"
"枢密院官员","0","2","2"
"实前来祝贺","0","2","2"
"祝贺正旦及","0","2","2"
"贺正旦及永","0","2","2"
"正旦及永寿","0","2","2"
"旦及永寿节","0","2","2"
"临幸皇太弟","0","2","2"
"派北院承旨","0","2","2"
"向大安宫进","0","2","2"
"大安宫进献","0","2","2"
"屯秃古斯前","0","2","2"
"秃古斯前来","0","2","2"
"古斯前来朝","0","2","2"
"因为是应圣","0","2","2"
"为是应圣节","0","2","2"
"私自取用官","0","2","2"
"皇太后祝寿","0","2","2"
"令东京留守","0","2","2"
"成为边境患","0","2","2"
"为边境患害","0","2","2"
"任命宣政殿","0","2","2"
"命宣政殿学","0","2","2"
"学士杨佶为","0","2","2"
"闰九月十三","0","2","2"
"给皇上加上","0","2","2"
"皇上加上尊","0","2","2"
"上加上尊号","0","2","2"
"加上尊号为","0","2","2"
"册封皇后萧","0","2","2"
"封皇后萧氏","0","2","2"
"皇后萧氏为","0","2","2"
"后萧氏为贞","0","2","2"
"萧氏为贞懿","0","2","2"
"重元之子涅","0","2","2"
"元之子涅鲁","0","2","2"
"之子涅鲁古","0","2","2"
"派同知析津","0","2","2"
"夏国与宋讲","0","2","2"
"前来祝贺辽","0","2","2"
"辽群臣加皇","0","2","2"
"群臣加皇上","0","2","2"
"律敌烈等出","0","2","2"
"敌烈等出使","0","2","2"
"烈等出使夏","0","2","2"
"世代任宰相","0","2","2"
"派使者上表","0","2","2"
"使者上表请","0","2","2"
"者上表请求","0","2","2"
"请求讨伐宋","0","2","2"
"求讨伐宋国","0","2","2"
"萧塔烈葛为","0","2","2"
"六符为长宁","0","2","2"
"符为长宁军","0","2","2"
"设置契丹警","0","2","2"
"酋长乌八派","0","2","2"
"长乌八派其","0","2","2"
"乌八派其子","0","2","2"
"送来送行的","0","2","2"
"来送行的礼","0","2","2"
"送行的礼金","0","2","2"
"命皇太弟重","0","2","2"
"诏令北院枢","0","2","2"
"令北院枢密","0","2","2"
"党项三部前","0","2","2"
"项三部前来","0","2","2"
"秃古斯率领","0","2","2"
"古斯率领诸","0","2","2"
"斯率领诸部","0","2","2"
"率领诸部酋","0","2","2"
"领诸部酋长","0","2","2"
"追赠他为同","0","2","2"
"赠他为同中","0","2","2"
"他为同中书","0","2","2"
"任命同知北","0","2","2"
"命同知北院","0","2","2"
"女真详稳萧","0","2","2"
"六为奚六部","0","2","2"
"耶律喜孙为","0","2","2"
"九月二十七","0","2","2"
"赈济南京贫","0","2","2"
"济南京贫民","0","2","2"
"特赦徒刑以","0","2","2"
"赦徒刑以下","0","2","2"
"徒刑以下犯","0","2","2"
"皇上到黑水","0","2","2"
"上到黑水泊","0","2","2"
"赦免在押囚","0","2","2"
"免在押囚犯","0","2","2"
"诏令士庶上","0","2","2"
"令士庶上书","0","2","2"
"士庶上书言","0","2","2"
"为右监门卫","0","2","2"
"杂罪犯人减","0","2","2"
"犯人减罪一","0","2","2"
"人减罪一等","0","2","2"
"其子李谅祚","0","2","2"
"子李谅祚派","0","2","2"
"使者前来献","0","2","2"
"请求以本部","0","2","2"
"八月二十日","0","2","2"
"讨伐蒲奴里","0","2","2"
"帐下探视其","0","2","2"
"下探视其疾","0","2","2"
"部众前来归","0","2","2"
"众前来归附","0","2","2"
"国王萧惠为","0","2","2"
"汉王贴不为","0","2","2"
"为夏人击败","0","2","2"
"李元昊之妻","0","2","2"
"元昊之妻及","0","2","2"
"二月三十日","0","2","2"
"检萧迭里得","0","2","2"
"宫都部署别","0","2","2"
"大肆俘掠而","0","2","2"
"设置倒塌岭","0","2","2"
"卜酋长豁得","0","2","2"
"酋长豁得剌","0","2","2"
"出猎于候里","0","2","2"
"猎于候里吉","0","2","2"
"十月十六日","0","2","2"
"请求依旧称","0","2","2"
"求依旧称臣","0","2","2"
"任长宁军节","0","2","2"
"萧革为南院","0","2","2"
"革为南院枢","0","2","2"
"友括等出使","0","2","2"
"括等出使夏","0","2","2"
"皇上临幸黑","0","2","2"
"上临幸黑水","0","2","2"
"萧谟鲁为左","0","2","2"
"谟鲁为左夷","0","2","2"
"鲁为左夷离","0","2","2"
"剌为西北路","0","2","2"
"追尊太祖之","0","2","2"
"为仁德皇后","0","2","2"
"祚派使者请","0","2","2"
"为孝成康靖","0","2","2"
"为睿智皇后","0","2","2"
"秋七月十二","0","2","2"
"七月十二日","0","2","2"
"长前来进献","0","2","2"
"前来进献马","0","2","2"
"九月三十日","0","2","2"
"特赦行宫所","0","2","2"
"赦行宫所在","0","2","2"
"皇上在行宫","0","2","2"
"王萧阿剌为","0","2","2"
"尊皇太后为","0","2","2"
"皇太后为太","0","2","2"
"太后为太皇","0","2","2"
"后为太皇太","0","2","2"
"立妃萧氏为","0","2","2"
"绩为参知政","0","2","2"
"圣宗诞辰日","0","2","2"
"临幸鱼儿泊","0","2","2"
"毕萧谟鲁为","0","2","2"
"百里内囚犯","0","2","2"
"吴王仁先为","0","2","2"
"先为南院枢","0","2","2"
"王阿琏为秦","0","2","2"
"上尊号为慈","0","2","2"
"尊号为慈懿","0","2","2"
"号为慈懿仁","0","2","2"
"为慈懿仁和","0","2","2"
"慈懿仁和文","0","2","2"
"懿仁和文惠","0","2","2"
"仁和文惠孝","0","2","2"
"命楚国王涅","0","2","2"
"王涅鲁古为","0","2","2"
"古为南府宰","0","2","2"
"宋派遣使者","0","2","2"
"使者吊唁祭","0","2","2"
"者吊唁祭祀","0","2","2"
"谥为钦哀皇","0","2","2"
"永安山消夏","0","2","2"
"密使萧革为","0","2","2"
"吴王耶律仁","0","2","2"
"律仁先为北","0","2","2"
"先为北院枢","0","2","2"
"古为南院大","0","2","2"
"御临清风殿","0","2","2"
"临清风殿接","0","2","2"
"清风殿接受","0","2","2"
"仁先为南京","0","2","2"
"为南京兵马","0","2","2"
"担任北院枢","0","2","2"
"皇子耶律浚","0","2","2"
"等一百一十","0","2","2"
"任命隋王耶","0","2","2"
"命隋王耶律","0","2","2"
"隋王耶律仁","0","2","2"
"律乙辛为知","0","2","2"
"里只为南院","0","2","2"
"只为南院大","0","2","2"
"三月二十九","0","2","2"
"律乙辛为南","0","2","2"
"乙辛为南院","0","2","2"
"辛为南院枢","0","2","2"
"奴为殿前都","0","2","2"
"哥为北府宰","0","2","2"
"萧兀古匿为","0","2","2"
"以兴中府知","0","2","2"
"任为兴中府","0","2","2"
"在拖古烈消","0","2","2"
"拖古烈消夏","0","2","2"
"射得一只熊","0","2","2"
"为孟父敞稳","0","2","2"
"星出现于西","0","2","2"
"出现于西方","0","2","2"
"刘诜为枢密","0","2","2"
"诜为枢密副","0","2","2"
"皇上到藕丝","0","2","2"
"上到藕丝淀","0","2","2"
"升任守司徒","0","2","2"
"以西京留守","0","2","2"
"御临永安殿","0","2","2"
"临永安殿录","0","2","2"
"永安殿录用","0","2","2"
"安殿录用进","0","2","2"
"殿录用进士","0","2","2"
"歇驾于春州","0","2","2"
"驾于春州北","0","2","2"
"耶律蕊奴为","0","2","2"
"律蕊奴为南","0","2","2"
"使者进献回","0","2","2"
"者进献回鹘","0","2","2"
"进献回鹘僧","0","2","2"
"献回鹘僧人","0","2","2"
"赦免死罪以","0","2","2"
"免死罪以下","0","2","2"
"国王李谅诈","0","2","2"
"在炭山打猎","0","2","2"
"国吊唁祭祀","0","2","2"
"夏四月十七","0","2","2"
"四月十七日","0","2","2"
"秉常为夏国","0","2","2"
"常为夏国王","0","2","2"
"前来感谢封","0","2","2"
"来感谢封册","0","2","2"
"王李秉常派","0","2","2"
"请求赐予印","0","2","2"
"求赐予印绶","0","2","2"
"五国部前来","0","2","2"
"卜前来朝见","0","2","2"
"等一百三十","0","2","2"
"追封为辽西","0","2","2"
"封为辽西郡","0","2","2"
"司擒获阻卜","0","2","2"
"使姚景行为","0","2","2"
"部立有战功","0","2","2"
"六月十四日","0","2","2"
"出贬耶律乙","0","2","2"
"贬耶律乙辛","0","2","2"
"律特里底为","0","2","2"
"任命萧挞不","0","2","2"
"命萧挞不也","0","2","2"
"挞不也为北","0","2","2"
"不也为北府","0","2","2"
"也为北府宰","0","2","2"
"迁为知北院","0","2","2"
"先期举行正","0","2","2"
"期举行正旦","0","2","2"
"举行正旦典","0","2","2"
"行正旦典礼","0","2","2"
"夏五月二十","0","2","2"
"五月二十六","0","2","2"
"宫都部署兼","0","2","2"
"升任围场使","0","2","2"
"任围场使涅","0","2","2"
"场使涅葛为","0","2","2"
"为静江军节","0","2","2"
"命皇后拜谒","0","2","2"
"因为有罪被","0","2","2"
"耶律乙辛因","0","2","2"
"律乙辛因为","0","2","2"
"进贡新熟稻","0","2","2"
"贡新熟稻米","0","2","2"
"任命耶律颇","0","2","2"
"命耶律颇德","0","2","2"
"迁为上京留","0","2","2"
"律马六为北","0","2","2"
"马六为北院","0","2","2"
"六月十五日","0","2","2"
"耶律阿思为","0","2","2"
"律慎思为北","0","2","2"
"慎思为北院","0","2","2"
"为昭怀太子","0","2","2"
"绩为南院枢","0","2","2"
"宿于百姓家","0","2","2"
"于百姓家中","0","2","2"
"图谋逃奔宋","0","2","2"
"谋逃奔宋国","0","2","2"
"萌古国派使","0","2","2"
"古国派使者","0","2","2"
"辅导燕国王","0","2","2"
"六月二十四","0","2","2"
"改明年年号","0","2","2"
"罪以下的杂","0","2","2"
"以下的杂罪","0","2","2"
"下的杂罪犯","0","2","2"
"任命王绩为","0","2","2"
"前来贡献良","0","2","2"
"前来馈赠其","0","2","2"
"来馈赠其先","0","2","2"
"使者祝贺宋","0","2","2"
"者祝贺宋主","0","2","2"
"者前来为其","0","2","2"
"前来为其母","0","2","2"
"挞不也为南","0","2","2"
"不也为南院","0","2","2"
"也为南院枢","0","2","2"
"前来感谢吊","0","2","2"
"来感谢吊唁","0","2","2"
"感谢吊唁祭","0","2","2"
"谢吊唁祭祀","0","2","2"
"加号为金吾","0","2","2"
"号为金吾卫","0","2","2"
"以同知南京","0","2","2"
"律那也为知","0","2","2"
"那也为知右","0","2","2"
"也为知右夷","0","2","2"
"令燕国王延","0","2","2"
"派使者诏令","0","2","2"
"其子李乾顺","0","2","2"
"延禧举行再","0","2","2"
"禧举行再生","0","2","2"
"王李乾顺派","0","2","2"
"顺派使者奉","0","2","2"
"使者奉上其","0","2","2"
"者奉上其父","0","2","2"
"减免为五年","0","2","2"
"李乾顺为夏","0","2","2"
"顺为夏国王","0","2","2"
"以乙室大王","0","2","2"
"为知乙室大","0","2","2"
"父亲和兄长","0","2","2"
"又下诏晓谕","0","2","2"
"出猎于北山","0","2","2"
"鹘派使者贡","0","2","2"
"耶律涅里为","0","2","2"
"使者赠送鹿","0","2","2"
"者赠送鹿脯","0","2","2"
"赠送鹿脯给","0","2","2"
"送鹿脯给宋","0","2","2"
"爵位各有等","0","2","2"
"歇驾于双山","0","2","2"
"四月二十七","0","2","2"
"使者前来贡","0","2","2"
"者前来贡献","0","2","2"
"出猎于西山","0","2","2"
"磨古斯前来","0","2","2"
"古斯前来进","0","2","2"
"济西北路贫","0","2","2"
"南院大王萧","0","2","2"
"院大王萧特","0","2","2"
"大王萧特末","0","2","2"
"王萧特末为","0","2","2"
"掳掠西路群","0","2","2"
"萧朽哥奏称","0","2","2"
"奏称攻讨阻","0","2","2"
"称攻讨阻卜","0","2","2"
"当即派遣使","0","2","2"
"惕德前来进","0","2","2"
"等前来归降","0","2","2"
"思母二部前","0","2","2"
"母二部前来","0","2","2"
"攻讨拔思母","0","2","2"
"讨达里底之","0","2","2"
"等人分别率","0","2","2"
"人分别率领","0","2","2"
"律斡特剌为","0","2","2"
"颇里八部前","0","2","2"
"里八部前来","0","2","2"
"兵与之交战","0","2","2"
"使王师儒为","0","2","2"
"西北路有功","0","2","2"
"北路有功将","0","2","2"
"路有功将士","0","2","2"
"统军司奏称","0","2","2"
"斡特剌奏上","0","2","2"
"攻讨耶睹刮","0","2","2"
"将士授予官","0","2","2"
"士授予官职","0","2","2"
"以知奚六部","0","2","2"
"以权参知政","0","2","2"
"事赵孝严为","0","2","2"
"赵孝严为汉","0","2","2"
"孝严为汉人","0","2","2"
"严为汉人行","0","2","2"
"阻卜首领猛","0","2","2"
"九月二十二","0","2","2"
"以北面林牙","0","2","2"
"律大悲奴为","0","2","2"
"奴为右夷离","0","2","2"
"高丽王王昱","0","2","2"
"九月二十日","0","2","2"
"斡特剌讨伐","0","2","2"
"请求回归故","0","2","2"
"事牛温舒兼","0","2","2"
"牛温舒兼任","0","2","2"
"谕宋人与夏","0","2","2"
"度使梁援为","0","2","2"
"斡特剌奏称","0","2","2"
"特剌奏称攻","0","2","2"
"剌奏称攻讨","0","2","2"
"奏称攻讨梅","0","2","2"
"称攻讨梅里","0","2","2"
"攻讨梅里急","0","2","2"
"讨梅里急告","0","2","2"
"梅里急告捷","0","2","2"
"征召医巫闾","0","2","2"
"巫闾山僧人","0","2","2"
"闾山僧人志","0","2","2"
"山僧人志达","0","2","2"
"使者前来馈","0","2","2"
"者前来馈赠","0","2","2"
"任知中京留","0","2","2"
"兼任契丹行","0","2","2"
"事萧得里底","0","2","2"
"里底为知北","0","2","2"
"底为知北院","0","2","2"
"夏国因为宋","0","2","2"
"任奚六部大","0","2","2"
"以东京留守","0","2","2"
"何鲁扫古为","0","2","2"
"以南院宣徽","0","2","2"
"使萧常哥为","0","2","2"
"为崇义军节","0","2","2"
"顺派使者请","0","2","2"
"使者请求皇","0","2","2"
"者请求皇上","0","2","2"
"请求皇上下","0","2","2"
"求皇上下嫁","0","2","2"
"皇上下嫁公","0","2","2"
"上下嫁公主","0","2","2"
"由燕国王延","0","2","2"
"封高丽王王","0","2","2"
"王俣为三韩","0","2","2"
"俣为三韩国","0","2","2"
"为三韩国公","0","2","2"
"勉强支撑病","0","2","2"
"强支撑病体","0","2","2"
"为贞顺皇后","0","2","2"
"恢复其官职","0","2","2"
"兀纳为辽兴","0","2","2"
"纳为辽兴军","0","2","2"
"兼任南院枢","0","2","2"
"为宣懿皇后","0","2","2"
"以宋魏国王","0","2","2"
"他们的家属","0","2","2"
"天雨停止狩","0","2","2"
"雨停止狩猎","0","2","2"
"王李乾顺再","0","2","2"
"使者请求下","0","2","2"
"者请求下嫁","0","2","2"
"下嫁公主于","0","2","2"
"嫁公主于他","0","2","2"
"李乾顺遭到","0","2","2"
"乾顺遭到宋","0","2","2"
"田若水前来","0","2","2"
"若水前来求","0","2","2"
"水前来求援","0","2","2"
"被免去官职","0","2","2"
"以上京留守","0","2","2"
"夏国再次派","0","2","2"
"尊太祖之高","0","2","2"
"太祖之高祖","0","2","2"
"等一百零三","0","2","2"
"一百零三人","0","2","2"
"招讨使萧得","0","2","2"
"讨使萧得里","0","2","2"
"李造福等人","0","2","2"
"造福等人前","0","2","2"
"福等人前来","0","2","2"
"以族女南仙","0","2","2"
"女南仙封为","0","2","2"
"南仙封为成","0","2","2"
"仙封为成安","0","2","2"
"封为成安公","0","2","2"
"为成安公主","0","2","2"
"消夏于南崖","0","2","2"
"舒出使宋国","0","2","2"
"归还所侵占","0","2","2"
"还所侵占的","0","2","2"
"所侵占的夏","0","2","2"
"侵占的夏国","0","2","2"
"占的夏国土","0","2","2"
"的夏国土地","0","2","2"
"消夏于散水","0","2","2"
"夏于散水原","0","2","2"
"李造福等前","0","2","2"
"造福等前来","0","2","2"
"越国王耶律","0","2","2"
"家奴为南院","0","2","2"
"奴为奚六部","0","2","2"
"为饶乐郡王","0","2","2"
"在鸭子河钓","0","2","2"
"歇驾于大鱼","0","2","2"
"驾于大鱼泊","0","2","2"
"在医巫闾山","0","2","2"
"派李造福等","0","2","2"
"和鲁斡逝世","0","2","2"
"临幸混同江","0","2","2"
"生女真酋长","0","2","2"
"女真酋长在","0","2","2"
"真酋长在千","0","2","2"
"酋长在千里","0","2","2"
"长在千里以","0","2","2"
"在千里以内","0","2","2"
"千里以内者","0","2","2"
"适逢头鱼宴","0","2","2"
"位酋长依次","0","2","2"
"推辞说不会","0","2","2"
"皇上私下对","0","2","2"
"没有大的过","0","2","2"
"有大的过错","0","2","2"
"向慕归化之","0","2","2"
"慕归化之心","0","2","2"
"又能有什么","0","2","2"
"能有什么作","0","2","2"
"有什么作为","0","2","2"
"什么作为呢","0","2","2"
"次派使者来","0","2","2"
"阿息保责问","0","2","2"
"使萧挞不也","0","2","2"
"屯驻于出河","0","2","2"
"驻于出河店","0","2","2"
"暗渡混同江","0","2","2"
"奉先害怕其","0","2","2"
"先害怕其弟","0","2","2"
"便奏称东征","0","2","2"
"奏称东征溃","0","2","2"
"称东征溃败","0","2","2"
"东征溃败之","0","2","2"
"征溃败之军","0","2","2"
"如果不赦免","0","2","2"
"互相传言说","0","2","2"
"因兵败免官","0","2","2"
"耶律章奴为","0","2","2"
"律章奴为副","0","2","2"
"章奴为副统","0","2","2"
"为女真击败","0","2","2"
"里朵等人与","0","2","2"
"朵等人与女","0","2","2"
"等人与女真","0","2","2"
"人挟带书信","0","2","2"
"张家奴等人","0","2","2"
"个月的军粮","0","2","2"
"枢密使萧得","0","2","2"
"密使萧得里","0","2","2"
"律章奴反叛","0","2","2"
"立魏国王耶","0","2","2"
"废父立子之","0","2","2"
"父立子之事","0","2","2"
"顺国女真阿","0","2","2"
"国女真阿鹘","0","2","2"
"女真阿鹘产","0","2","2"
"真阿鹘产率","0","2","2"
"配到绣院服","0","2","2"
"想投奔女真","0","2","2"
"攻讨张家奴","0","2","2"
"我军击败之","0","2","2"
"封为秦晋国","0","2","2"
"为秦晋国王","0","2","2"
"乌古部反叛","0","2","2"
"削夺其官职","0","2","2"
"募得者称前","0","2","2"
"秦晋国王耶","0","2","2"
"为知奚六部","0","2","2"
"兄长之礼事","0","2","2"
"长之礼事奉","0","2","2"
"可以按约行","0","2","2"
"以按约行事","0","2","2"
"派奴哥出使","0","2","2"
"封册之礼仪","0","2","2"
"金国再次派","0","2","2"
"再次派遣乌","0","2","2"
"次派遣乌林","0","2","2"
"然后才可以","0","2","2"
"耶律白斯不","0","2","2"
"便在马前叩","0","2","2"
"年五十四岁","0","2","2"
"进位为郑王","0","2","2"
"拜为南府宰","0","2","2"
"三百余人逃","0","2","2"
"百余人逃回","0","2","2"
"以废天祚立","0","2","2"
"废天祚立淳","0","2","2"
"天祚立淳之","0","2","2"
"上释免其罪","0","2","2"
"扶立耶律淳","0","2","2"
"其妻普贤女","0","2","2"
"离保为知北","0","2","2"
"保为知北院","0","2","2"
"向金国上表","0","2","2"
"士气日益高","0","2","2"
"气日益高涨","0","2","2"
"有见识者认","0","2","2"
"见识者认为","0","2","2"
"车赔偿一头","0","2","2"
"都是太祖的","0","2","2"
"是太祖的子","0","2","2"
"太祖的子孙","0","2","2"
"心中不能自","0","2","2"
"中不能自安","0","2","2"
"子孙为人质","0","2","2"
"率兵两千五","0","2","2"
"兵两千五百","0","2","2"
"两千五百人","0","2","2"
"千五百人攻","0","2","2"
"天下土崩瓦","0","2","2"
"下土崩瓦解","0","2","2"
"整顿兵马回","0","2","2"
"在位十三年","0","2","2"
"朴古只沙里","0","2","2"
"贬天祚为王","0","2","2"
"在遥辇氏时","0","2","2"
"世宗即位于","0","2","2"
"宗即位于镇","0","2","2"
"即位于镇阳","0","2","2"
"派李胡率兵","0","2","2"
"年七十五岁","0","2","2"
"不久册立为","0","2","2"
"久册立为皇","0","2","2"
"册立为皇后","0","2","2"
"很大程度上","0","2","2"
"自立为皇太","0","2","2"
"立为皇太后","0","2","2"
"萧匹敌谋反","0","2","2"
"把他当亲生","0","2","2"
"他当亲生子","0","2","2"
"德皇后与萧","0","2","2"
"皇后与萧浞","0","2","2"
"后与萧浞卜","0","2","2"
"告知于皇上","0","2","2"
"亲自驾车迎","0","2","2"
"重元与其子","0","2","2"
"元与其子涅","0","2","2"
"与其子涅鲁","0","2","2"
"涅鲁古谋反","0","2","2"
"为仁懿皇后","0","2","2"
"母为淳钦皇","0","2","2"
"幼时聪明敏","0","2","2"
"时聪明敏慧","0","2","2"
"外表宽厚内","0","2","2"
"表宽厚内心","0","2","2"
"立为皇太子","0","2","2"
"诏令皇太子","0","2","2"
"担任先锋都","0","2","2"
"任先锋都统","0","2","2"
"随太祖征讨","0","2","2"
"太祖征讨渤","0","2","2"
"祖征讨渤海","0","2","2"
"大元帅耶律","0","2","2"
"元帅耶律德","0","2","2"
"帅耶律德光","0","2","2"
"在夜里包围","0","2","2"
"百姓全部迁","0","2","2"
"年三十八岁","0","2","2"
"石敬瑭进入","0","2","2"
"敬瑭进入洛","0","2","2"
"瑭进入洛阳","0","2","2"
"为文献钦义","0","2","2"
"兀欲怎么能","0","2","2"
"后回头对李","0","2","2"
"回头对李胡","0","2","2"
"头对李胡说","0","2","2"
"葬于玉峰山","0","2","2"
"为钦顺皇帝","0","2","2"
"便赦免了他","0","2","2"
"皇后的姐姐","0","2","2"
"上回头对左","0","2","2"
"十三对乙辛","0","2","2"
"三对乙辛说","0","2","2"
"又让牌印郎","0","2","2"
"让牌印郎君","0","2","2"
"讹都斡等人","0","2","2"
"也参与其谋","0","2","2"
"参与其谋划","0","2","2"
"律乙辛等人","0","2","2"
"恐怕事情败","0","2","2"
"怕事情败露","0","2","2"
"耶律燕哥审","0","2","2"
"太子详细地","0","2","2"
"子详细地陈","0","2","2"
"落到这步田","0","2","2"
"到这步田地","0","2","2"
"留守萧挞得","0","2","2"
"乙辛暗里派","0","2","2"
"辛暗里派人","0","2","2"
"暗里派人杀","0","2","2"
"在遥辇时任","0","2","2"
"任本部夷离","0","2","2"
"着他的手说","0","2","2"
"可委以重任","0","2","2"
"太祖任挞马","0","2","2"
"险阻修筑工","0","2","2"
"阻修筑工事","0","2","2"
"与李克用相","0","2","2"
"心存非分之","0","2","2"
"诸弟之乱发","0","2","2"
"弟之乱发生","0","2","2"
"讨伐西南诸","0","2","2"
"率轻骑追赶","0","2","2"
"赏赐十分优","0","2","2"
"赐十分优厚","0","2","2"
"征讨西南夷","0","2","2"
"王郁掠地于","0","2","2"
"郁掠地于燕","0","2","2"
"兵势十分嚣","0","2","2"
"势十分嚣张","0","2","2"
"天显年间去","0","2","2"
"显年间去世","0","2","2"
"为佐命功臣","0","2","2"
"佐命功臣之","0","2","2"
"命功臣之一","0","2","2"
"次立有战功","0","2","2"
"任左皮室详","0","2","2"
"任南院夷离","0","2","2"
"张敬达军于","0","2","2"
"敬达军于太","0","2","2"
"达军于太原","0","2","2"
"军于太原北","0","2","2"
"年四十九岁","0","2","2"
"更加嘉赏其","0","2","2"
"拜为左仆射","0","2","2"
"韩匡嗣因为","0","2","2"
"宗在藩国时","0","2","2"
"分迭剌部为","0","2","2"
"迭剌部为北","0","2","2"
"当时人心不","0","2","2"
"时人心不安","0","2","2"
"木铁盐鱼之","0","2","2"
"怎么能就把","0","2","2"
"一带攻城略","0","2","2"
"带攻城略地","0","2","2"
"他所说去做","0","2","2"
"创制契丹大","0","2","2"
"党项立有战","0","2","2"
"项立有战功","0","2","2"
"总管礼仪事","0","2","2"
"管礼仪事务","0","2","2"
"晋王李克用","0","2","2"
"守壁垒不出","0","2","2"
"壁垒不出战","0","2","2"
"身侍奉太后","0","2","2"
"后高兴地说","0","2","2"
"皇上高兴地","0","2","2"
"上高兴地说","0","2","2"
"入汴京之后","0","2","2"
"任守太子太","0","2","2"
"内外官员无","0","2","2"
"外官员无不","0","2","2"
"之为中京留","0","2","2"
"兵锋十分锐","0","2","2"
"锋十分锐利","0","2","2"
"适逢石敬瑭","0","2","2"
"为特进检校","0","2","2"
"升为检校太","0","2","2"
"为检校太保","0","2","2"
"改任临海军","0","2","2"
"任临海军节","0","2","2"
"你为什么要","0","2","2"
"总是郁郁不","0","2","2"
"是郁郁不乐","0","2","2"
"宗讨伐晋国","0","2","2"
"相遇于泰德","0","2","2"
"遇于泰德泉","0","2","2"
"当时耶律屋","0","2","2"
"是这样的吗","0","2","2"
"只是一个劲","0","2","2"
"是一个劲地","0","2","2"
"了一根筹签","0","2","2"
"嗣圣皇帝之","0","2","2"
"惕隐刘哥及","0","2","2"
"隐刘哥及其","0","2","2"
"刘哥及其弟","0","2","2"
"哥及其弟盆","0","2","2"
"及其弟盆都","0","2","2"
"将情况告知","0","2","2"
"盆都出使辖","0","2","2"
"都出使辖戛","0","2","2"
"出使辖戛斯","0","2","2"
"杀害了皇上","0","2","2"
"对他给以特","0","2","2"
"他给以特别","0","2","2"
"给以特别的","0","2","2"
"倚重和任用","0","2","2"
"不知如何是","0","2","2"
"知如何是好","0","2","2"
"军讨伐阻卜","0","2","2"
"俘虏斩首甚","0","2","2"
"皇后称制摄","0","2","2"
"后称制摄政","0","2","2"
"显得像个成","0","2","2"
"得像个成人","0","2","2"
"见到的人都","0","2","2"
"则大事去矣","0","2","2"
"内外官员都","0","2","2"
"迁任北院大","0","2","2"
"未出来做官","0","2","2"
"马前往援救","0","2","2"
"担任行军都","0","2","2"
"任行军都统","0","2","2"
"年七十九岁","0","2","2"
"皇上想杀他","0","2","2"
"怎么能因为","0","2","2"
"就把他杀了","0","2","2"
"相萧敌鲁之","0","2","2"
"两千人前来","0","2","2"
"千人前来拒","0","2","2"
"太宗入汴京","0","2","2"
"任政事舍人","0","2","2"
"他为南京副","0","2","2"
"为南京副留","0","2","2"
"拜为枢密使","0","2","2"
"请求告老还","0","2","2"
"求告老还乡","0","2","2"
"百姓得到休","0","2","2"
"姓得到休养","0","2","2"
"得到休养生","0","2","2"
"到休养生息","0","2","2"
"曾经对人说","0","2","2"
"景宗为藩王","0","2","2"
"宠恣意妄为","0","2","2"
"上奏于皇上","0","2","2"
"封为西平郡","0","2","2"
"年五十三岁","0","2","2"
"任南院宣徽","0","2","2"
"与耶律斜轸","0","2","2"
"米信等人侵","0","2","2"
"信等人侵犯","0","2","2"
"人侵犯燕地","0","2","2"
"不知情者也","0","2","2"
"谋身治世之","0","2","2"
"身治世之事","0","2","2"
"兴宗皇上亲","0","2","2"
"宗皇上亲临","0","2","2"
"皇上命他为","0","2","2"
"听说唐太宗","0","2","2"
"希望皇上能","0","2","2"
"希望陛下能","0","2","2"
"为南面林牙","0","2","2"
"适逢宋将曹","0","2","2"
"逢宋将曹彬","0","2","2"
"米信侵犯燕","0","2","2"
"信侵犯燕地","0","2","2"
"听从他的话","0","2","2"
"宋朝使者来","0","2","2"
"朝使者来访","0","2","2"
"合卓讨伐高","0","2","2"
"卓讨伐高丽","0","2","2"
"还未来得及","0","2","2"
"到皇上面前","0","2","2"
"升任北院枢","0","2","2"
"大多依附于","0","2","2"
"多依附于他","0","2","2"
"担任枢密使","0","2","2"
"遭逢母丧离","0","2","2"
"逢母丧离职","0","2","2"
"又过了好久","0","2","2"
"有什么要求","0","2","2"
"遇日益隆盛","0","2","2"
"识见与器度","0","2","2"
"不高兴地说","0","2","2"
"制心回答说","0","2","2"
"任中京留守","0","2","2"
"汉两种文字","0","2","2"
"任本班郎君","0","2","2"
"宋军攻打河","0","2","2"
"军攻打河东","0","2","2"
"得以入宫侍","0","2","2"
"以干练敏捷","0","2","2"
"干练敏捷著","0","2","2"
"练敏捷著称","0","2","2"
"与宋军接战","0","2","2"
"宋军接战于","0","2","2"
"诏加以褒奖","0","2","2"
"与耶律休哥","0","2","2"
"皇上嘉赏其","0","2","2"
"上嘉赏其忠","0","2","2"
"为群牧都林","0","2","2"
"接战于高梁","0","2","2"
"年七十四岁","0","2","2"
"亲自前往探","0","2","2"
"自前往探视","0","2","2"
"因功升为兼","0","2","2"
"功升为兼侍","0","2","2"
"升为兼侍中","0","2","2"
"道路狭窄无","0","2","2"
"路狭窄无法","0","2","2"
"虏缴获甚多","0","2","2"
"任北女真详","0","2","2"
"院枢密事务","0","2","2"
"可汗的后代","0","2","2"
"宗皇上亲自","0","2","2"
"虏缴获甚众","0","2","2"
"顺着高丽北","0","2","2"
"任南京副留","0","2","2"
"与他的儿子","0","2","2"
"交法官审讯","0","2","2"
"出使宋庆贺","0","2","2"
"得知重元叛","0","2","2"
"知重元叛乱","0","2","2"
"提升为进士","0","2","2"
"任参知政事","0","2","2"
"们都认为他","0","2","2"
"都认为他有","0","2","2"
"延琳逃入城","0","2","2"
"琳逃入城中","0","2","2"
"为政致力于","0","2","2"
"政致力于宽","0","2","2"
"致力于宽厚","0","2","2"
"请求辞官回","0","2","2"
"求辞官回乡","0","2","2"
"部边境筑城","0","2","2"
"及至钦哀摄","0","2","2"
"迁为奚六部","0","2","2"
"所推许尊重","0","2","2"
"圣宗得知他","0","2","2"
"宗得知他贤","0","2","2"
"前往责问其","0","2","2"
"往责问其缘","0","2","2"
"责问其缘故","0","2","2"
"通晓为政之","0","2","2"
"晓为政之要","0","2","2"
"为政之要领","0","2","2"
"一路设营于","0","2","2"
"改任南京统","0","2","2"
"升任同政事","0","2","2"
"任同政事门","0","2","2"
"皇上嘉许他","0","2","2"
"随从都部署","0","2","2"
"和朔奴讨伐","0","2","2"
"朔奴讨伐兀","0","2","2"
"奴讨伐兀惹","0","2","2"
"还强似空手","0","2","2"
"强似空手而","0","2","2"
"似空手而回","0","2","2"
"高丽北部边","0","2","2"
"丽北部边境","0","2","2"
"任殿前副点","0","2","2"
"逃奔女真国","0","2","2"
"以保全性命","0","2","2"
"在皇上面前","0","2","2"
"参与决断疑","0","2","2"
"与决断疑难","0","2","2"
"任牌印郎君","0","2","2"
"律世良讨伐","0","2","2"
"为千牛卫大","0","2","2"
"兴宗皇上正","0","2","2"
"侍奉皇上宴","0","2","2"
"奉皇上宴饮","0","2","2"
"改任北院枢","0","2","2"
"当时萧革与","0","2","2"
"言词十分激","0","2","2"
"词十分激烈","0","2","2"
"得到选拔任","0","2","2"
"到选拔任用","0","2","2"
"本来就知道","0","2","2"
"皇上跟他交","0","2","2"
"上跟他交谈","0","2","2"
"改任北院大","0","2","2"
"喜怒不形于","0","2","2"
"怒不形于色","0","2","2"
"有警报急事","0","2","2"
"年七十八岁","0","2","2"
"随从都统耶","0","2","2"
"从都统耶律","0","2","2"
"用官府粟米","0","2","2"
"征召为北院","0","2","2"
"封为柳城郡","0","2","2"
"任辽兴军节","0","2","2"
"以耶律玦为","0","2","2"
"为南京侍卫","0","2","2"
"至北府宰相","0","2","2"
"任行军都监","0","2","2"
"任东北路统","0","2","2"
"为乌古部节","0","2","2"
"为护卫太保","0","2","2"
"拜为西北路","0","2","2"
"再任北院大","0","2","2"
"拜为中京留","0","2","2"
"当时北院枢","0","2","2"
"拜北院枢密","0","2","2"
"杀死其酋长","0","2","2"
"适逢兴宗皇","0","2","2"
"逢兴宗皇上","0","2","2"
"兴宗皇上出","0","2","2"
"宗皇上出猎","0","2","2"
"父房之后裔","0","2","2"
"觉得他有才","0","2","2"
"征召为北面","0","2","2"
"召为北面林","0","2","2"
"任同知南京","0","2","2"
"出贬为南京","0","2","2"
"当时南院枢","0","2","2"
"乙辛上奏说","0","2","2"
"上出猎于太","0","2","2"
"出猎于太子","0","2","2"
"猎于太子山","0","2","2"
"前来攻打行","0","2","2"
"来攻打行宫","0","2","2"
"任右夷离毕","0","2","2"
"甚合皇上心","0","2","2"
"改任燕赵国","0","2","2"
"任燕赵国王","0","2","2"
"问治国之道","0","2","2"
"遭逢父丧去","0","2","2"
"逢父丧去职","0","2","2"
"王和鲁斡之","0","2","2"
"和鲁斡之子","0","2","2"
"皇上开始怀","0","2","2"
"上开始怀疑","0","2","2"
"开始怀疑乙","0","2","2"
"始怀疑乙辛","0","2","2"
"改任南院枢","0","2","2"
"因误奏事情","0","2","2"
"误奏事情获","0","2","2"
"奏事情获罪","0","2","2"
"任少府少监","0","2","2"
"升任大理卿","0","2","2"
"平反了很多","0","2","2"
"反了很多冤","0","2","2"
"了很多冤案","0","2","2"
"任知枢密院","0","2","2"
"与北院枢密","0","2","2"
"提升为枢密","0","2","2"
"升为枢密都","0","2","2"
"为枢密都承","0","2","2"
"改任崇义军","0","2","2"
"任崇义军节","0","2","2"
"随耶律仁先","0","2","2"
"乙辛为中京","0","2","2"
"辛为中京留","0","2","2"
"与南院枢密","0","2","2"
"兵前往讨伐","0","2","2"
"萧得里底出","0","2","2"
"图谋扶立晋","0","2","2"
"谋扶立晋王","0","2","2"
"人心更加离","0","2","2"
"心更加离散","0","2","2"
"萧得里底说","0","2","2"
"边兵屡次败","0","2","2"
"会结伙为盗","0","2","2"
"皇上派遣阿","0","2","2"
"上派遣阿息","0","2","2"
"派遣阿息保","0","2","2"
"任奚六部秃","0","2","2"
"余睹在军中","0","2","2"
"睹在军中听","0","2","2"
"在军中听说","0","2","2"
"军中听说后","0","2","2"
"到了这一步","0","2","2"
"之妻在军中","0","2","2"
"统和十四年","0","2","2"
"陈说治国之","0","2","2"
"说治国之道","0","2","2"
"什么办法可","0","2","2"
"么办法可以","0","2","2"
"法可以恢复","0","2","2"
"韩家奴回答","0","2","2"
"家奴回答说","0","2","2"
"已经好久了","0","2","2"
"公家和私人","0","2","2"
"拜参知政事","0","2","2"
"支出和收入","0","2","2"
"律撒剌等人","0","2","2"
"耶律查剌上","0","2","2"
"律查剌上次","0","2","2"
"查剌上次告","0","2","2"
"剌上次告发","0","2","2"
"上次告发耶","0","2","2"
"次告发耶律","0","2","2"
"告发耶律撒","0","2","2"
"发耶律撒剌","0","2","2"
"萧忽古等人","0","2","2"
"迁任殿前都","0","2","2"
"为知南院大","0","2","2"
"引诱胁迫弩","0","2","2"
"诱胁迫弩手","0","2","2"
"康末怛前往","0","2","2"
"你有何怨恨","0","2","2"
"屋质坚持谏","0","2","2"
"质坚持谏诤","0","2","2"
"世宗在军中","0","2","2"
"生千顶疽而","0","2","2"
"千顶疽而死","0","2","2"
"任同知北院","0","2","2"
"以击败宋军","0","2","2"
"派使者吊唁","0","2","2"
"使夏国回来","0","2","2"
"奉上其父遗","0","2","2"
"上其父遗物","0","2","2"
"曷鲁为迭剌","0","2","2"
"鲁为迭剌部","0","2","2"
"统和二十六","0","2","2"
"和二十六年","0","2","2"
"为南面行军","0","2","2"
"哥为南院大","0","2","2"
"到纳水钓鱼","0","2","2"
"为匡义军节","0","2","2"
"理北南院枢","0","2","2"
"八为南院大","0","2","2"
"仁先为同知","0","2","2"
"萧革为北院","0","2","2"
"革为北院枢","0","2","2"
"署别古得为","0","2","2"
"查葛为南院","0","2","2"
"国王陈留为","0","2","2"
"剌为北院枢","0","2","2"
"萧惟信为南","0","2","2"
"以东北路详","0","2","2"
"以北院枢密","0","2","2"
"哥为南府宰","0","2","2"
"萧何葛为南","0","2","2"
"萧药师奴为","0","2","2"
"以西南面招","0","2","2"
"统和十九年","0","2","2"
"弟阿古只的","0","2","2"
"阿古只的五","0","2","2"
"古只的五世","0","2","2"
"只的五世孙","0","2","2"
"为怀化军节","0","2","2"
"为中台省右","0","2","2"
"离堇蒲古只","0","2","2"
"赐为保节功","0","2","2"
"为保节功臣","0","2","2"
"弟阿古只五","0","2","2"
"阿古只五世","0","2","2"
"古只五世孙","0","2","2"
"累迁至同知","0","2","2"
"统和二十四","0","2","2"
"和二十四年","0","2","2"
"知我者谓我","0","2","2"
