"N-gram","原文","翻译","Total"
"派使者前来进贡","0","93","93"
"汉人行宫都部署","30","30","60"
"知北院枢密使事","26","27","53"
"契丹行宫都部署","26","26","52"
"知南院枢密使事","24","24","48"
"政事门下平章事","16","17","33"
"同政事门下平章","15","16","31"
"高丽派使者前来","0","26","26"
"青牛白马祭天地","22","3","25"
"同知南院枢密使","12","13","25"
"夏国派使者前来","0","23","23"
"天下兵马大元帅","11","11","22"
"同知南京留守事","11","11","22"
"中书门下平章事","10","10","20"
"北院枢密使耶律","10","10","20"
"同中书门下平章","10","9","19"
"用青牛白马祭祀","0","19","19"
"青牛白马祭祀天","0","19","19"
"牛白马祭祀天地","0","19","19"
"西北路招讨使萧","9","9","18"
"院枢密使事耶律","8","9","17"
"枢密使耶律斜轸","8","8","16"
"丽派使者前来进","0","16","16"
"为武定军节度使","0","15","15"
"西南面招讨都监","7","7","14"
"同知北院枢密使","7","7","14"
"行宫都部署耶律","7","7","14"
"国派使者前来进","0","14","14"
"为汉人行宫都部","0","14","14"
"派使者前来致谢","0","13","13"
"前来祝贺千龄节","0","13","13"
"北院枢密使事萧","6","6","12"
"丹行宫都部署耶","6","6","12"
"汉人行宫副部署","6","6","12"
"派使者前来祝贺","0","12","12"
"女真派使者前来","0","12","12"
"为西北路招讨使","0","12","12"
"南府宰相耶律沙","5","6","11"
"鼻骨德前来进贡","0","11","11"
"皇上朝见皇太后","0","11","11"
"北院枢密副使耶","5","5","10"
"院枢密副使耶律","5","5","10"
"知奚六部大王事","5","5","10"
"为契丹行宫都部","0","10","10"
"真派使者前来进","0","10","10"
"为西南面招讨使","0","10","10"
"北南院枢密使事","4","5","9"
"南院枢密使事耶","4","5","9"
"加同政事门下平","5","4","9"
"七年春正月初一","0","9","9"
"回鹘派使者前来","0","9","9"
"派使者前来感谢","0","9","9"
"为辽兴军节度使","0","9","9"
"前来祝贺永寿节","0","9","9"
"为知北院枢密使","0","9","9"
"祗候郎君班详稳","4","4","8"
"人行宫都部署王","4","4","8"
"阻卜大王屯秃古","4","4","8"
"卜大王屯秃古斯","4","4","8"
"北院枢密副使萧","5","3","8"
"西北路招讨使耶","4","4","8"
"北路招讨使耶律","4","4","8"
"北院枢密使事耶","4","4","8"
"女真派使者来进","0","8","8"
"真派使者来进贡","0","8","8"
"派使者前来报告","0","8","8"
"南唐遣使奉蜡丸","7","0","7"
"唐遣使奉蜡丸书","7","0","7"
"上皇太后尊号曰","6","1","7"
"淳钦皇后弟阿古","4","3","7"
"年春正月十三日","0","7","7"
"为天下兵马大元","0","7","7"
"元年春正月初一","0","7","7"
"给皇太后上尊号","0","7","7"
"使者奉上蜡丸书","0","7","7"
"者奉上蜡丸书信","0","7","7"
"派使者前来告知","0","7","7"
"鹘派使者前来进","0","7","7"
"为知南院枢密使","0","7","7"
"五国部首领前来","0","7","7"
"部首领前来进贡","0","7","7"
"唐义武军节度使","3","3","6"
"唐卢龙军节度使","3","3","6"
"大同军节度使耶","3","3","6"
"同军节度使耶律","3","3","6"
"殿前都点检耶律","3","3","6"
"南院枢密使高勋","3","3","6"
"马步军都指挥使","3","3","6"
"文武大孝宣皇帝","3","3","6"
"南面招讨使韩德","3","3","6"
"面招讨使韩德威","3","3","6"
"彰德军节度使萧","3","3","6"
"德军节度使萧闼","3","3","6"
"军节度使萧闼览","3","3","6"
"院枢密使耶律斜","3","3","6"
"东京留守萧恒德","3","3","6"
"西南面招讨司奏","4","2","6"
"院枢密使耶律化","3","3","6"
"枢密使耶律化哥","3","3","6"
"西北路招讨都监","3","3","6"
"枢密使耶律世良","3","3","6"
"京留守耶律八哥","3","3","6"
"行宫都部署王继","3","3","6"
"宫都部署王继忠","3","3","6"
"参知政事吴叔达","3","3","6"
"左祗候郎君详稳","3","3","6"
"长沙郡王谢家奴","3","3","6"
"驸马都尉萧胡睹","3","3","6"
"西南面招讨使萧","3","3","6"
"北院枢密使萧革","2","4","6"
"左夷离毕萧谟鲁","3","3","6"
"同知东京留守事","3","3","6"
"乌古敌烈统军使","3","3","6"
"高丽三韩国公王","3","3","6"
"参知政事牛温舒","3","3","6"
"南府宰相斡特剌","3","3","6"
"知右夷离毕事萧","3","3","6"
"南院枢密使事萧","3","3","6"
"加同中书门下平","3","3","6"
"枢密使耶律乙辛","3","3","6"
"同知北院枢密事","3","3","6"
"同知南院宣徽使","3","3","6"
"二年春正月初一","0","6","6"
"派使者前往吊唁","0","6","6"
"年春正月初一朔","0","6","6"
"五年春正月初二","0","6","6"
"派使者前来求援","0","6","6"
"派使者前来朝贺","0","6","6"
"派使者奉上蜡丸","0","6","6"
"派使者前来朝贡","0","6","6"
"使者前往吊唁祭","0","6","6"
"者前往吊唁祭祀","0","6","6"
"出猎于平地松林","0","6","6"
"德昭派使者前来","0","6","6"
"为北院枢密副使","0","6","6"
"为顺义军节度使","0","6","6"
"任命南院枢密使","0","6","6"
"派使者前来告哀","0","6","6"
"国部首领前来进","0","6","6"
"以同知南院枢密","0","6","6"
"为迭剌部夷离堇","0","6","6"
"义武军节度使王","2","3","5"
"群臣上尊号曰天","4","1","5"
"西南面招讨使韩","2","3","5"
"群臣上皇帝尊号","5","0","5"
"臣上皇帝尊号曰","5","0","5"
"右皮室详稳耶律","2","3","5"
"加开府仪同三司","3","2","5"
"右祗候郎君详稳","2","3","5"
"北院枢密使萧孝","2","3","5"
"同知北院宣徽事","3","2","5"
"夏国李谅祚遣使","5","0","5"
"院枢密副使萧惟","3","2","5"
"枢密副使萧惟信","3","2","5"
"副部署萧阿鲁带","2","3","5"
"知南院宣徽使事","3","2","5"
"听从了他的建议","0","5","5"
"分别派使者前来","0","5","5"
"吴越王派使者前","0","5","5"
"越王派使者前来","0","5","5"
"王派使者前来进","0","5","5"
"三年春正月初二","0","5","5"
"为兴国军节度使","0","5","5"
"四年春正月初一","0","5","5"
"十二年春正月初","0","5","5"
"国派使者前来朝","0","5","5"
"南唐派使者奉上","0","5","5"
"唐派使者奉上蜡","0","5","5"
"皇上为之停止上","0","5","5"
"上为之停止上朝","0","5","5"
"出巡途中暂住于","0","5","5"
"均派使者前来进","0","5","5"
"三年春正月初一","0","5","5"
"汉派使者前来进","0","5","5"
"任命北院枢密使","0","5","5"
"皇太后举行再生","0","5","5"
"太后举行再生礼","0","5","5"
"皇太后上尊号为","0","5","5"
"派使者前来进献","0","5","5"
"夏国派使者进献","0","5","5"
"放榜录取进士张","0","5","5"
"任命左夷离毕萧","0","5","5"
"为长宁军节度使","0","5","5"
"贺宋正旦正副使","0","5","5"
"宋正旦正副使者","0","5","5"
"前来祝贺顺天节","0","5","5"
"吐蕃派使者前来","0","5","5"
"蕃派使者前来进","0","5","5"
"兼同知枢密院事","0","5","5"
"五国部酋长前来","0","5","5"
"拜为南院枢密使","0","5","5"
"以辽兴军节度使","0","5","5"
"以左夷离毕耶律","0","5","5"
"皇太后临朝称制","0","5","5"
"任北院枢密副使","0","5","5"
"大圣大明神烈天","2","2","4"
"圣大明神烈天皇","2","2","4"
"大明神烈天皇帝","2","2","4"
"沧州节度使刘守","2","2","4"
"州节度使刘守文","2","2","4"
"南院夷离堇迭里","2","2","4"
"卢龙军节度使赵","2","2","4"
"龙军节度使赵德","2","2","4"
"军节度使赵德钧","2","2","4"
"仁昭烈崇简应天","2","2","4"
"昭烈崇简应天皇","2","2","4"
"烈崇简应天皇太","2","2","4"
"崇简应天皇太后","2","2","4"
"节度使耶律孔阿","2","2","4"
"南京留守萧思温","2","2","4"
"前都点检耶律夷","2","2","4"
"都点检耶律夷腊","2","2","4"
"殿前都点检夷腊","2","2","4"
"前都点检夷腊葛","2","2","4"
"北院枢密使萧思","2","2","4"
"院枢密使萧思温","2","2","4"
"命南府宰相耶律","1","3","4"
"军都指挥使耶律","2","2","4"
"上京留守除室擒","2","2","4"
"西南路招讨使大","2","2","4"
"南路招讨使大汉","2","2","4"
"事门下平章事萧","2","2","4"
"门下平章事萧道","2","2","4"
"下平章事萧道宁","2","2","4"
"率群臣上皇太后","4","0","4"
"群臣上皇太后尊","4","0","4"
"臣上皇太后尊号","4","0","4"
"翰林学士邢抱朴","2","2","4"
"等州观察处置等","2","2","4"
"州观察处置等使","2","2","4"
"都督夏州诸军事","2","2","4"
"驸马都尉萧继远","2","2","4"
"睿德神略应运启","2","2","4"
"德神略应运启化","2","2","4"
"神略应运启化承","2","2","4"
"略应运启化承天","2","2","4"
"应运启化承天皇","2","2","4"
"运启化承天皇太","2","2","4"
"启化承天皇太后","2","2","4"
"德广孝昭圣天辅","2","2","4"
"广孝昭圣天辅皇","2","2","4"
"孝昭圣天辅皇帝","2","2","4"
"翰林承旨邢抱朴","2","2","4"
"定难军节度使李","2","2","4"
"难军节度使李继","2","2","4"
"军节度使李继捧","2","2","4"
"推忠效顺启圣定","2","2","4"
"忠效顺启圣定难","2","2","4"
"效顺启圣定难功","2","2","4"
"顺启圣定难功臣","2","2","4"
"京留守萧恒德等","2","2","4"
"参知政事邢抱朴","2","2","4"
"阿萨兰回鹘遣使","4","0","4"
"军节度使韩德凝","2","2","4"
"监门卫上将军耶","2","2","4"
"门卫上将军耶律","2","2","4"
"北院枢密使魏王","2","2","4"
"院枢密使魏王耶","2","2","4"
"枢密使魏王耶律","2","2","4"
"东京统军使耶律","2","2","4"
"二十一年春正月","2","2","4"
"西上阁门使丁振","2","2","4"
"二十二年春正月","2","2","4"
"二十三年春正月","2","2","4"
"大丞相耶律德昌","2","2","4"
"二十四年春正月","2","2","4"
"枢密直学士高正","2","2","4"
"皇弟楚国王隆祐","4","0","4"
"大丞相晋国王耶","2","2","4"
"丞相晋国王耶律","2","2","4"
"相晋国王耶律隆","2","2","4"
"晋国王耶律隆运","2","2","4"
"北院大王耶律室","2","2","4"
"院大王耶律室鲁","2","2","4"
"昭圣神赞天辅皇","2","2","4"
"圣神赞天辅皇帝","2","2","4"
"遣北院枢密副使","4","0","4"
"引进使李延弘赐","2","2","4"
"旗鼓拽剌详稳题","2","2","4"
"鼓拽剌详稳题里","2","2","4"
"拽剌详稳题里姑","2","2","4"
"殿前都点检萧屈","2","2","4"
"前都点检萧屈烈","2","2","4"
"前北院大王耶律","2","2","4"
"贺宋生辰正旦使","3","1","4"
"乌古部节度使萧","2","2","4"
"古部节度使萧普","2","2","4"
"部节度使萧普达","2","2","4"
"东平郡王萧排押","2","2","4"
"东京留守耶律八","2","2","4"
"东北路详稳耶律","2","2","4"
"充贺宋生辰使副","4","0","4"
"沙州回鹘敦煌郡","2","2","4"
"州回鹘敦煌郡王","2","2","4"
"回鹘敦煌郡王曹","2","2","4"
"鹘敦煌郡王曹顺","2","2","4"
"贺夏国王李德昭","2","2","4"
"夏国王李德昭生","2","2","4"
"充贺宋正旦使副","4","0","4"
"祗候郎君详稳萧","2","2","4"
"侍卫亲军马步军","2","2","4"
"北路招讨使萧惠","2","2","4"
"武定军节度使耶","2","2","4"
"定军节度使耶律","2","2","4"
"国舅详稳萧匹敌","2","2","4"
"京留守燕王萧孝","2","2","4"
"留守燕王萧孝穆","2","2","4"
"北府宰相萧孝先","2","2","4"
"右监门卫上将军","2","2","4"
"皇太弟重元生子","2","2","4"
"北院承旨耶律庶","2","2","4"
"院承旨耶律庶成","2","2","4"
"承旨耶律庶成持","2","2","4"
"旨耶律庶成持诏","2","2","4"
"宣政殿学士杨佶","2","2","4"
"同知析津府事耶","2","2","4"
"知析津府事耶律","2","2","4"
"析津府事耶律敌","2","2","4"
"津府事耶律敌烈","2","2","4"
"延昌宫使高家奴","2","2","4"
"山西部族节度使","2","2","4"
"西部族节度使屈","2","2","4"
"部族节度使屈烈","2","2","4"
"大王屯秃古斯率","2","2","4"
"右监门卫大将军","2","2","4"
"右护卫太保耶律","2","2","4"
"左监门卫上将军","2","2","4"
"殿前都点检萧迭","2","2","4"
"前都点检萧迭里","2","2","4"
"知北院枢密使萧","2","2","4"
"南院枢密使萧革","2","2","4"
"西平郡王萧阿剌","2","2","4"
"知左夷离毕事耶","2","2","4"
"左夷离毕事耶律","2","2","4"
"王涅鲁古进封楚","2","2","4"
"同知枢密院事萧","2","2","4"
"南京兵马副元帅","2","2","4"
"南院枢密使姚景","2","2","4"
"院枢密使姚景行","2","2","4"
"德军节度使耶律","2","2","4"
"驸马都尉萧酬斡","2","2","4"
"知契丹行宫都部","2","2","4"
"丹行宫都部署事","2","2","4"
"枢密使事耶律阿","2","2","4"
"密使事耶律阿思","2","2","4"
"知西北路招讨使","2","2","4"
"西北路招讨使事","2","2","4"
"夷离毕耶律秃朵","2","2","4"
"山北路副部署萧","2","2","4"
"北路副部署萧阿","2","2","4"
"路副部署萧阿鲁","2","2","4"
"乌古部节度使耶","2","2","4"
"古部节度使耶律","2","2","4"
"部节度使耶律陈","2","2","4"
"节度使耶律陈家","2","2","4"
"度使耶律陈家奴","2","2","4"
"枢密副使王师儒","2","2","4"
"西北路统军司奏","2","2","4"
"参知政事赵孝严","2","2","4"
"人行宫都部署赵","2","2","4"
"行宫都部署赵孝","2","2","4"
"宫都部署赵孝严","2","2","4"
"右夷离毕事萧药","2","2","4"
"夷离毕事萧药师","2","2","4"
"离毕事萧药师奴","2","2","4"
"枢密直学士耶律","2","2","4"
"密直学士耶律俨","2","2","4"
"知南京留守事萧","2","2","4"
"仁圣大孝文皇帝","2","2","4"
"院枢密使耶律阿","2","2","4"
"枢密使耶律阿思","2","2","4"
"辽兴军节度使萧","2","2","4"
"知枢密院事耶律","2","2","4"
"招讨使耶律斡里","2","2","4"
"讨使耶律斡里朵","2","2","4"
"人行宫都部署萧","2","2","4"
"西京留守萧乙薛","2","2","4"
"六院司大王萧斡","2","2","4"
"院司大王萧斡里","2","2","4"
"司大王萧斡里剌","2","2","4"
"敦睦宫使耶律良","2","2","4"
"护卫太保耶律查","2","2","4"
"卫太保耶律查剌","2","2","4"
"太保耶律查剌诬","2","2","4"
"保耶律查剌诬告","2","2","4"
"牌印郎君萧讹都","2","2","4"
"印郎君萧讹都斡","2","2","4"
"都督中外诸军事","2","2","4"
"北院大王耶律洼","1","3","4"
"南府宰相耶律奴","2","2","4"
"府宰相耶律奴瓜","2","2","4"
"北院枢密使韩德","2","2","4"
"遥授彰德军节度","2","2","4"
"授彰德军节度使","2","2","4"
"乌古敌烈部都详","2","2","4"
"古敌烈部都详稳","2","2","4"
"军兵马都指挥使","2","2","4"
"同知南院宣徽事","2","2","4"
"军马步军都指挥","2","2","4"
"乌古敌烈部统军","2","2","4"
"古敌烈部统军使","2","2","4"
"奚六部秃里太尉","2","2","4"
"累迁枢密直学士","3","1","4"
"乙辛知南院大王","3","1","4"
"辛知南院大王事","3","1","4"
"知咸州路兵马事","2","2","4"
"枢密副使耶律仁","2","2","4"
"密副使耶律仁先","2","2","4"
"京留守宿国王陈","2","2","4"
"留守宿国王陈留","2","2","4"
"钦皇后弟阿古五","4","0","4"
"皇后弟阿古五世","4","0","4"
"后弟阿古五世孙","4","0","4"
"皇上察看犯人口","0","4","4"
"上察看犯人口供","0","4","4"
"皇上听从了他的","0","4","4"
"讨伐黑车子室韦","0","4","4"
"以青牛白马祭天","0","4","4"
"为同中书门下平","0","4","4"
"夏四月二十二日","0","4","4"
"派使者前来请求","0","4","4"
"吐谷浑前来进贡","0","4","4"
"二年春正月初三","0","4","4"
"四年春正月初三","0","4","4"
"皇上派使者前去","0","4","4"
"五年春正月初一","0","4","4"
"为天平军节度使","0","4","4"
"为昭德军节度使","0","4","4"
"秋七月二十五日","0","4","4"
"用酒脯祭祀天地","0","4","4"
"十四年春正月初","0","4","4"
"八年春正月初一","0","4","4"
"十九年春正月初","0","4","4"
"九年春正月初一","0","4","4"
"阿萨兰回鹘前来","0","4","4"
"萨兰回鹘前来进","0","4","4"
"兰回鹘前来进贡","0","4","4"
"派使者前来奏报","0","4","4"
"回鹘派使者来进","0","4","4"
"鹘派使者来进贡","0","4","4"
"为同政事门下平","0","4","4"
"答应了他的请求","0","4","4"
"为保静军节度使","0","4","4"
"十三年春正月初","0","4","4"
"国派使者前来感","0","4","4"
"任知北院枢密使","0","4","4"
"李德昭派使者前","0","4","4"
"二年春正月初二","0","4","4"
"皇弟楚国王隆佑","0","4","4"
"文武百官给皇上","0","4","4"
"为彰国军节度使","0","4","4"
"给皇上上尊号为","0","4","4"
"皇上歇驾于辽河","0","4","4"
"为广德军节度使","0","4","4"
"前来祝贺应圣节","0","4","4"
"刘六符出使宋国","0","4","4"
"皇上歇驾于中会","0","4","4"
"上歇驾于中会川","0","4","4"
"夏国李谅祚派使","0","4","4"
"国李谅祚派使者","0","4","4"
"部酋长前来进贡","0","4","4"
"以汉人行宫都部","0","4","4"
"以契丹行宫都部","0","4","4"
"为同知南京留守","0","4","4"
"以知北院枢密使","0","4","4"
"以西北路招讨使","0","4","4"
"任契丹行宫都部","0","4","4"
"任西北路招讨使","0","4","4"
"随从枢密使耶律","0","4","4"
"迭烈部夷离堇耶","1","2","3"
"烈部夷离堇耶律","1","2","3"
"部夷离堇耶律曷","1","2","3"
"夷离堇耶律曷鲁","1","2","3"
"北府宰相萧敌鲁","1","2","3"
"前北府宰相萧阿","2","1","3"
"北府宰相萧阿古","2","1","3"
"母淳钦皇后萧氏","3","0","3"
"年春正月壬申朔","3","0","3"
"遣金吾卫大将军","2","1","3"
"左金吾卫上将军","2","1","3"
"年春正月甲戌朔","3","0","3"
"年春正月乙卯朔","3","0","3"
"遥授晋昌军节度","2","1","3"
"授晋昌军节度使","2","1","3"
"奉大行皇帝梓宫","2","1","3"
"尊号曰承天皇太","2","1","3"
"号曰承天皇太后","2","1","3"
"萨兰回鹘遣使贡","3","0","3"
"回鹘阿萨兰遣使","3","0","3"
"夏国遣使谢封册","3","0","3"
"上阁门使丁振吊","2","1","3"
"帝率群臣上皇太","3","0","3"
"北路招讨使萧图","2","1","3"
"路招讨使萧图玉","2","1","3"
"谥圣神宣献皇后","2","1","3"
"招讨使萧图玉奏","2","1","3"
"遣枢密直学士高","2","1","3"
"耶律资忠使高丽","3","0","3"
"宋生辰正旦使副","3","0","3"
"充贺宋太后生辰","3","0","3"
"生辰岁正旦使副","3","0","3"
"南京留守燕王萧","2","1","3"
"充岁贺宋正旦使","3","0","3"
"岁贺宋正旦使副","3","0","3"
"院枢密使萧孝穆","1","2","3"
"知黄龙府事耶律","2","1","3"
"院枢密副使萧革","2","1","3"
"元昊亲率党项三","2","1","3"
"昊亲率党项三部","2","1","3"
"知北院宣徽事萧","2","1","3"
"耶律高家奴等破","2","1","3"
"剌西北路招讨使","3","0","3"
"参知政事同知枢","3","0","3"
"知政事同知枢密","3","0","3"
"政事同知枢密院","3","0","3"
"事同知枢密院事","3","0","3"
"尊号曰天佑皇帝","2","1","3"
"耶律乙辛知北院","2","1","3"
"律乙辛知北院枢","2","1","3"
"乙辛知北院枢密","2","1","3"
"仁先西北路招讨","3","0","3"
"先西北路招讨使","3","0","3"
"院枢密使萧惟信","1","2","3"
"燕国王延禧生子","3","0","3"
"总北南院枢密使","2","1","3"
"古敌烈统军使萧","1","2","3"
"敌烈统军使萧朽","1","2","3"
"烈统军使萧朽哥","1","2","3"
"复遣使请尚公主","3","0","3"
"夏国遣李造福等","3","0","3"
"乌林答赞谟持书","3","0","3"
"群臣奉遗命请立","2","1","3"
"臣奉遗命请立太","2","1","3"
"奉遗命请立太祖","2","1","3"
"加特进检校太师","2","1","3"
"迁北院枢密副使","3","0","3"
"院大王耶律斜轸","1","2","3"
"密使耶律世良讨","1","2","3"
"迁汉人行宫都部","2","1","3"
"命北院枢密副使","1","2","3"
"武军节度使王处","1","2","3"
"军节度使王处直","1","2","3"
"迁同知北院枢密","2","1","3"
"文惠孝敬广爱宗","1","2","3"
"惠孝敬广爱宗天","1","2","3"
"孝敬广爱宗天皇","1","2","3"
"敬广爱宗天皇太","1","2","3"
"广爱宗天皇太后","1","2","3"
"年春正月二十二","0","3","3"
"春正月二十二日","0","3","3"
"别派使者前来进","0","3","3"
"十一月二十二日","0","3","3"
"元年春正月初二","0","3","3"
"夜里包围了忽汗","0","3","3"
"里包围了忽汗城","0","3","3"
"冬十一月十五日","0","3","3"
"有司请求以皇上","0","3","3"
"司请求以皇上生","0","3","3"
"请求以皇上生日","0","3","3"
"求以皇上生日作","0","3","3"
"以皇上生日作为","0","3","3"
"群臣及各国使者","0","3","3"
"五年春正月初五","0","3","3"
"任天下兵马大元","0","3","3"
"冬十月二十三日","0","3","3"
"九年春正月初二","0","3","3"
"秋七月二十三日","0","3","3"
"派使者请求奉上","0","3","3"
"使者请求奉上尊","0","3","3"
"者请求奉上尊号","0","3","3"
"下诏征发诸道兵","0","3","3"
"诏征发诸道兵马","0","3","3"
"为宣武军节度使","0","3","3"
"派使者前来会葬","0","3","3"
"鼻骨德派使者前","0","3","3"
"骨德派使者前来","0","3","3"
"德派使者前来进","0","3","3"
"十五年春正月初","0","3","3"
"十六年春正月初","0","3","3"
"六年春正月初一","0","3","3"
"十八年春正月初","0","3","3"
"命北院枢密使萧","0","3","3"
"派使者前来禀报","0","3","3"
"女真派使者进贡","0","3","3"
"命南院大王耶律","0","3","3"
"突吕不部节度使","0","3","3"
"为之停止上朝三","0","3","3"
"之停止上朝三天","0","3","3"
"爵财物各有等差","0","3","3"
"为开府仪同三司","0","3","3"
"为大同军节度使","0","3","3"
"祭祀太宗皇帝庙","0","3","3"
"用黑白羊祭祀天","0","3","3"
"黑白羊祭祀天地","0","3","3"
"国派使者进献马","0","3","3"
"派使者进献马匹","0","3","3"
"阿萨兰回鹘派使","0","3","3"
"萨兰回鹘派使者","0","3","3"
"回鹘阿萨兰派使","0","3","3"
"鹘阿萨兰派使者","0","3","3"
"阿萨兰派使者前","0","3","3"
"萨兰派使者前来","0","3","3"
"夏国派使者来进","0","3","3"
"国派使者来进贡","0","3","3"
"为之停止上朝五","0","3","3"
"出使宋国祝贺宋","0","3","3"
"群臣给皇太后上","0","3","3"
"臣给皇太后上尊","0","3","3"
"任命驸马萧绍宗","0","3","3"
"命驸马萧绍宗为","0","3","3"
"武百官给皇上加","0","3","3"
"派北院枢密副使","0","3","3"
"耶律资忠出使高","0","3","3"
"律资忠出使高丽","0","3","3"
"任命上京留守耶","0","3","3"
"命上京留守耶律","0","3","3"
"阻卜酋长前来朝","0","3","3"
"任命前北院大王","0","3","3"
"为同知枢密院事","0","3","3"
"夏四月二十三日","0","3","3"
"为彰武军节度使","0","3","3"
"丽派使者前来朝","0","3","3"
"充任祝贺宋正旦","0","3","3"
"为彰德军节度使","0","3","3"
"正旦的正副使者","0","3","3"
"生辰的正副使者","0","3","3"
"任命北府宰相萧","0","3","3"
"部酋长前来朝见","0","3","3"
"生辰及来年正旦","0","3","3"
"充任来年贺宋正","0","3","3"
"任来年贺宋正旦","0","3","3"
"十年春正月初一","0","3","3"
"十二月二十七日","0","3","3"
"十一年春正月初","0","3","3"
"来年正旦正副使","0","3","3"
"年正旦正副使者","0","3","3"
"对进士进行殿试","0","3","3"
"阿剌为北府宰相","0","3","3"
"出贬为武定军节","0","3","3"
"贬为武定军节度","0","3","3"
"李谅祚派使者前","0","3","3"
"谅祚派使者前来","0","3","3"
"阻卜酋长前来进","0","3","3"
"和文惠孝敬广爱","0","3","3"
"为参知政事兼同","0","3","3"
"参知政事兼同知","0","3","3"
"政事兼同知枢密","0","3","3"
"事兼同知枢密院","0","3","3"
"国部酋长前来进","0","3","3"
"王耶律仁先为南","0","3","3"
"任汉人行宫都部","0","3","3"
"馈赠其先帝遗物","0","3","3"
"秉常派使者前来","0","3","3"
"为同知北院枢密","0","3","3"
"萧挞不也兼任知","0","3","3"
"为知右夷离毕事","0","3","3"
"燕国王耶律延禧","0","3","3"
"以知右夷离毕事","0","3","3"
"兼任同知枢密院","0","3","3"
"任同知枢密院事","0","3","3"
"燕国王延禧得子","0","3","3"
"即派遣使者前往","0","3","3"
"宋国派使者前来","0","3","3"
"以南府宰相斡特","0","3","3"
"府宰相斡特剌兼","0","3","3"
"宰相斡特剌兼任","0","3","3"
"宋魏国王和鲁斡","0","3","3"
"王耶律淳晋封为","0","3","3"
"夏国派遣李造福","0","3","3"
"派遣乌林答赞谟","0","3","3"
"乌林答赞谟带着","0","3","3"
"林答赞谟带着书","0","3","3"
"答赞谟带着书信","0","3","3"
"转任枢密院侍御","0","3","3"
"皇上更加看重他","0","3","3"
"任同知南院枢密","0","3","3"
"派使者来谢册封","0","3","3"
"派使者向夏报哀","0","3","3"
"命南院枢密使萧","0","3","3"
"钦皇后弟阿古只","0","3","3"
"拜为北院枢密使","0","3","3"
"太祖大圣大明神","1","1","2"
"祖大圣大明神烈","1","1","2"
"契丹迭剌部霞濑","1","1","2"
"丹迭剌部霞濑益","1","1","2"
"迭剌部霞濑益石","1","1","2"
"剌部霞濑益石烈","1","1","2"
"室韦人牟里诈称","1","1","2"
"唐河东节度使李","1","1","2"
"河东节度使李克","1","1","2"
"皇族承遥辇氏九","1","1","2"
"族承遥辇氏九帐","1","1","2"
"唐梁王朱全忠废","1","1","2"
"守奇率众数千人","1","1","2"
"左仆射韩知古建","1","1","2"
"仆射韩知古建碑","1","1","2"
"安端妻粘睦姑知","1","1","2"
"命弟剌葛分兵攻","1","1","2"
"七年春正月甲辰","2","0","2"
"夷离毕直里姑总","1","1","2"
"木叶山射鬼箭厌","1","1","2"
"遣北宰相迪辇率","1","1","2"
"北宰相迪辇率骁","1","1","2"
"宰相迪辇率骁骑","1","1","2"
"相迪辇率骁骑先","1","1","2"
"前北宰相萧实鲁","1","1","2"
"辖赖县人扫古非","1","1","2"
"赖县人扫古非法","1","1","2"
"县人扫古非法残","1","1","2"
"厥掠生口者三十","1","1","2"
"夷离堇涅里衮附","1","1","2"
"乙室府人迪里古","1","1","2"
"迷骨离部人特里","1","1","2"
"骨里部人特离敏","1","1","2"
"幽州军校齐行本","1","1","2"
"部曲男女三千人","1","1","2"
"曲男女三千人请","1","1","2"
"神册元年春二月","1","1","2"
"离堇耶律曷鲁等","1","1","2"
"堇耶律曷鲁等率","1","1","2"
"耶律曷鲁等率百","1","1","2"
"上尊号曰大圣大","1","1","2"
"尊号曰大圣大明","1","1","2"
"号曰大圣大明天","1","1","2"
"曰大圣大明天皇","1","1","2"
"大圣大明天皇帝","1","1","2"
"后曰应天大明地","1","1","2"
"曰应天大明地皇","1","1","2"
"应天大明地皇后","1","1","2"
"晋幽州节度使卢","1","1","2"
"幽州节度使卢国","1","1","2"
"赐滕彦休名曰述","1","1","2"
"滕彦休名曰述吕","1","1","2"
"李嗣源等救幽州","1","1","2"
"礼部尚书康默记","1","1","2"
"府宰相萧敌鲁薨","1","1","2"
"五年春正月乙丑","2","0","2"
"皇太子率迭剌部","1","1","2"
"太子率迭剌部夷","1","1","2"
"子率迭剌部夷离","1","1","2"
"率迭剌部夷离堇","1","1","2"
"晋新州防御使王","1","1","2"
"新州防御使王郁","1","1","2"
"所部山北兵马内","1","1","2"
"部山北兵马内附","1","1","2"
"天赞元年春二月","1","1","2"
"迭剌部夷离堇觌","1","1","2"
"剌部夷离堇觌烈","1","1","2"
"破胡母思山诸蕃","1","1","2"
"胡母思山诸蕃部","1","1","2"
"赤牛青马祭天地","1","1","2"
"获甘州回鹘都督","1","1","2"
"甘州回鹘都督毕","1","1","2"
"州回鹘都督毕离","1","1","2"
"回鹘都督毕离遏","1","1","2"
"天显元年春正月","1","1","2"
"北院夷离堇斜涅","1","1","2"
"院夷离堇斜涅赤","1","1","2"
"近侍康末怛等十","1","1","2"
"侍康末怛等十三","1","1","2"
"康末怛等十三人","1","1","2"
"安边府叛帅二人","1","1","2"
"人皇王率东丹国","1","1","2"
"皇王率东丹国僚","1","1","2"
"王率东丹国僚属","1","1","2"
"率东丹国僚属辞","1","1","2"
"铁州刺史卫钧反","1","1","2"
"东丹国左大相迭","1","1","2"
"丹国左大相迭剌","1","1","2"
"国左大相迭剌卒","1","1","2"
"裨将裴信等数十","1","1","2"
"将裴信等数十人","1","1","2"
"选遥辇氏九帐子","1","1","2"
"遥辇氏九帐子弟","1","1","2"
"黄龙府罗涅河女","1","1","2"
"武军节度使王都","1","1","2"
"应天皇太后诞圣","1","1","2"
"天皇太后诞圣碑","1","1","2"
"四年春正月壬申","2","0","2"
"五年春正月庚午","2","0","2"
"龙化州节度使刘","1","1","2"
"化州节度使刘居","1","1","2"
"州节度使刘居言","1","1","2"
"人皇王先赴祖陵","1","1","2"
"海东青鹘三十连","1","1","2"
"泥离衮家口分赐","1","1","2"
"左威卫上将军撒","1","1","2"
"威卫上将军撒割","1","1","2"
"卫上将军撒割率","1","1","2"
"上将军撒割率兵","1","1","2"
"皇子阿钵撒葛里","1","1","2"
"唐河东节度使石","1","1","2"
"河东节度使石敬","1","1","2"
"东节度使石敬瑭","1","1","2"
"南府夷离堇曷鲁","1","1","2"
"府夷离堇曷鲁恩","1","1","2"
"命惕隐迪辇洼拒","1","1","2"
"阅降将赵德钧父","1","1","2"
"降将赵德钧父子","1","1","2"
"将赵德钧父子兵","1","1","2"
"赵德钧父子兵马","1","1","2"
"振武三节度使迎","1","1","2"
"二年春正月丙辰","2","0","2"
"唐大同军节度判","1","1","2"
"大同军节度判官","1","1","2"
"同军节度判官吴","1","1","2"
"军节度判官吴峦","1","1","2"
"节度判官吴峦闭","1","1","2"
"度判官吴峦闭城","1","1","2"
"判官吴峦闭城拒","1","1","2"
"晋天雄军节度使","1","1","2"
"天雄军节度使范","1","1","2"
"雄军节度使范延","1","1","2"
"军节度使范延广","1","1","2"
"户部尚书聂延祚","1","1","2"
"部尚书聂延祚等","1","1","2"
"尚书聂延祚等请","1","1","2"
"遣蒲里骨皮室胡","1","1","2"
"蒲里骨皮室胡末","1","1","2"
"里骨皮室胡末里","1","1","2"
"会同元年春正月","1","1","2"
"西南边大详稳耶","1","1","2"
"南边大详稳耶律","1","1","2"
"边大详稳耶律鲁","1","1","2"
"中台省右相耶律","1","1","2"
"台省右相耶律述","1","1","2"
"省右相耶律述兰","1","1","2"
"右相耶律述兰迭","1","1","2"
"相耶律述兰迭烈","1","1","2"
"耶律述兰迭烈哥","1","1","2"
"临海军节度使赵","1","1","2"
"海军节度使赵思","1","1","2"
"军节度使赵思温","1","1","2"
"左散骑常侍韦勋","1","1","2"
"右谏议大夫卢重","1","1","2"
"上尊号曰广德仁","2","0","2"
"尊号曰广德仁昭","2","0","2"
"号曰广德仁昭烈","2","0","2"
"曰广德仁昭烈崇","2","0","2"
"广德仁昭烈崇简","2","0","2"
"德仁昭烈崇简应","2","0","2"
"册上尊号曰睿文","2","0","2"
"睿文神武法天启","1","1","2"
"文神武法天启运","1","1","2"
"神武法天启运明","1","1","2"
"武法天启运明德","1","1","2"
"法天启运明德章","1","1","2"
"天启运明德章信","1","1","2"
"道广敬昭孝嗣圣","1","1","2"
"广敬昭孝嗣圣皇","1","1","2"
"敬昭孝嗣圣皇帝","1","1","2"
"二年春正月乙巳","2","0","2"
"晋遣金吾卫大将","2","0","2"
"金吾卫大将军马","1","1","2"
"考功郎中刘知新","1","1","2"
"金吾卫上将军王","1","1","2"
"南王府二刺史贪","1","1","2"
"乌古部水草肥美","1","1","2"
"命惕隐耶律涅离","1","1","2"
"惕隐耶律涅离骨","1","1","2"
"隐耶律涅离骨德","1","1","2"
"耶律涅离骨德率","1","1","2"
"东京宰相耶律羽","1","1","2"
"命中书令萧僧隐","1","1","2"
"人皇王妃萧氏薨","1","1","2"
"契丹人授汉官者","1","1","2"
"镇州安重荣跋扈","1","1","2"
"振武军节度副使","1","1","2"
"武军节度副使赵","1","1","2"
"军节度副使赵崇","1","1","2"
"节度使耶律画里","1","1","2"
"告山南节度使安","1","1","2"
"控鹤指挥使谐里","1","1","2"
"年春正月丙辰朔","2","0","2"
"北王府郎君耶律","1","1","2"
"王府郎君耶律海","1","1","2"
"府郎君耶律海思","1","1","2"
"郎君耶律海思应","1","1","2"
"君耶律海思应诏","1","1","2"
"客省使耶律化哥","1","1","2"
"齐州防御使宋晖","1","1","2"
"州防御使宋晖业","1","1","2"
"翰林茶酒使张言","1","1","2"
"金吾卫大将军梁","1","1","2"
"吾卫大将军梁言","1","1","2"
"判四方馆事朱崇","1","1","2"
"四方馆事朱崇节","1","1","2"
"蒲骨等率降将辖","1","1","2"
"骨等率降将辖德","1","1","2"
"河东节度使刘知","1","1","2"
"东节度使刘知远","1","1","2"
"节度使刘知远送","1","1","2"
"度使刘知远送叛","1","1","2"
"使刘知远送叛臣","1","1","2"
"刘知远送叛臣乌","1","1","2"
"知远送叛臣乌古","1","1","2"
"远送叛臣乌古指","1","1","2"
"送叛臣乌古指挥","1","1","2"
"叛臣乌古指挥使","1","1","2"
"天城军节度使萧","1","1","2"
"上京留守耶律迪","1","1","2"
"京留守耶律迪辇","1","1","2"
"七年春正月甲戌","2","0","2"
"延昭率前锋五万","1","1","2"
"昭率前锋五万骑","1","1","2"
"晋平卢军节度使","1","1","2"
"平卢军节度使杨","1","1","2"
"卢军节度使杨光","1","1","2"
"军节度使杨光远","1","1","2"
"留赵延昭守贝州","1","1","2"
"军节度使耶律孔","1","1","2"
"濮州刺史慕容彦","1","1","2"
"州刺史慕容彦超","1","1","2"
"晋将杜重威率兵","1","1","2"
"云州节度使耶律","1","1","2"
"州节度使耶律孔","1","1","2"
"将军高模翰分兵","1","1","2"
"贝州节度使梁汉","1","1","2"
"州节度使梁汉璋","1","1","2"
"节度使梁汉璋率","1","1","2"
"命大内惕隐耶律","1","1","2"
"大内惕隐耶律朔","1","1","2"
"内惕隐耶律朔骨","1","1","2"
"惕隐耶律朔骨里","1","1","2"
"命御史大夫解里","1","1","2"
"留骑兵千人守魏","1","1","2"
"控鹤指挥使李荣","1","1","2"
"鹤指挥使李荣督","1","1","2"
"大同元年春正月","1","1","2"
"郑州防御使杨承","1","1","2"
"州防御使杨承勋","1","1","2"
"三百骑送负义侯","1","1","2"
"河东节度使北平","1","1","2"
"东节度使北平王","1","1","2"
"节度使北平王刘","1","1","2"
"度使北平王刘知","1","1","2"
"使北平王刘知远","1","1","2"
"五院夷离堇安端","1","1","2"
"上尊号曰天授皇","1","1","2"
"尊号曰天授皇帝","1","1","2"
"南京留守魏王赵","1","1","2"
"京留守魏王赵延","1","1","2"
"留守魏王赵延寿","1","1","2"
"敞史耶律胡离轸","1","1","2"
"穆宗孝安敬正皇","1","1","2"
"宗孝安敬正皇帝","1","1","2"
"天禄五年秋九月","1","1","2"
"年春正月戊午朔","2","0","2"
"国舅政事令萧眉","1","1","2"
"舅政事令萧眉古","1","1","2"
"命中台省右相高","1","1","2"
"中台省右相高模","1","1","2"
"台省右相高模翰","1","1","2"
"阿速石烈夷离堇","1","1","2"
"汉遣使进葡萄酒","2","0","2"
"太保敌烈修易州","1","1","2"
"保敌烈修易州城","1","1","2"
"四年春正月戊寅","2","0","2"
"命政事令耶律敌","1","1","2"
"政事令耶律敌禄","1","1","2"
"彰国军节度使萧","1","1","2"
"国军节度使萧敌","1","1","2"
"军节度使萧敌烈","1","1","2"
"京留守萧思温攻","1","1","2"
"留守萧思温攻下","1","1","2"
"守萧思温攻下沿","1","1","2"
"萧思温攻下沿边","1","1","2"
"大同军节度使阿","1","1","2"
"同军节度使阿剌","1","1","2"
"军节度使阿剌率","1","1","2"
"政事令耶律寿远","1","1","2"
"御史大夫萧护思","1","1","2"
"西南面招讨使挞","1","1","2"
"南面招讨使挞烈","1","1","2"
"面招讨使挞烈进","1","1","2"
"招讨使挞烈进兵","1","1","2"
"讨使挞烈进兵援","1","1","2"
"白金二百五十两","1","1","2"
"十五年春正月乙","2","0","2"
"大黄室韦酋长寅","1","1","2"
"黄室韦酋长寅尼","1","1","2"
"室韦酋长寅尼吉","1","1","2"
"韦酋长寅尼吉叛","1","1","2"
"五坊人四十户叛","1","1","2"
"令挞马寻吉里持","1","1","2"
"挞马寻吉里持诏","1","1","2"
"幸酒人拔剌哥家","1","1","2"
"点检耶律夷腊葛","1","1","2"
"年春正月庚寅朔","2","0","2"
"郎君耶律贤适讨","1","1","2"
"杀鹿人四十四人","1","1","2"
"八年春正月乙酉","2","0","2"
"幸五坊使霞实里","1","1","2"
"五坊使霞实里家","1","1","2"
"拽剌痕笃等四人","1","1","2"
"十九年春正月乙","2","0","2"
"命殿前都点检夷","1","1","2"
"都点检夷腊葛代","1","1","2"
"点检夷腊葛代行","1","1","2"
"检夷腊葛代行击","1","1","2"
"夷腊葛代行击土","1","1","2"
"腊葛代行击土牛","1","1","2"
"葛代行击土牛礼","1","1","2"
"庖人辛古等六人","1","1","2"
"应历十九年春二","1","1","2"
"历十九年春二月","1","1","2"
"右皮室详稳萧乌","1","1","2"
"皮室详稳萧乌里","1","1","2"
"进封太平王罨撒","1","1","2"
"封太平王罨撒葛","1","1","2"
"北院大王屋质加","1","1","2"
"南京统军使魏国","1","1","2"
"京统军使魏国公","1","1","2"
"统军使魏国公韩","1","1","2"
"军使魏国公韩匡","1","1","2"
"使魏国公韩匡美","1","1","2"
"北院枢密使贤适","1","1","2"
"傅父侍中达里迭","1","1","2"
"保大军节度使耶","1","1","2"
"大军节度使耶律","1","1","2"
"军节度使耶律斜","1","1","2"
"节度使耶律斜里","1","1","2"
"度使耶律斜里底","1","1","2"
"获应历逆党近侍","1","1","2"
"应历逆党近侍小","1","1","2"
"历逆党近侍小哥","1","1","2"
"涿州刺史耶律昌","1","1","2"
"州刺史耶律昌术","1","1","2"
"遥授陇州防御使","1","1","2"
"三京诸道僧尼都","1","1","2"
"京诸道僧尼都总","1","1","2"
"诸道僧尼都总管","1","1","2"
"汉雁门节度使刘","1","1","2"
"雁门节度使刘继","1","1","2"
"门节度使刘继文","1","1","2"
"黄龙府卫将燕颇","1","1","2"
"龙府卫将燕颇杀","1","1","2"
"敞史耶律曷里必","1","1","2"
"东京统军使察邻","1","1","2"
"汉复遣使宋事告","2","0","2"
"乾亨元年春正月","1","1","2"
"诏南府宰相耶律","2","0","2"
"府宰相耶律沙都","2","0","2"
"宰相耶律沙都统","2","0","2"
"左千牛卫大将军","1","1","2"
"千牛卫大将军韩","1","1","2"
"军节度使耶律善","1","1","2"
"节度使耶律善补","1","1","2"
"权知南京留守事","1","1","2"
"知南京留守事韩","1","1","2"
"南京留守事韩德","1","1","2"
"权南京马步军都","1","1","2"
"南京马步军都指","1","1","2"
"京马步军都指挥","1","1","2"
"步军都指挥使耶","1","1","2"
"都指挥使耶律学","1","1","2"
"指挥使耶律学古","1","1","2"
"夷离堇阿里睹等","1","1","2"
"命大同军节度使","1","1","2"
"大同军节度使善","1","1","2"
"同军节度使善补","1","1","2"
"政事令郭袭上书","1","1","2"
"西南面招讨副使","1","1","2"
"南面招讨副使耶","1","1","2"
"面招讨副使耶律","1","1","2"
"招讨副使耶律王","1","1","2"
"讨副使耶律王六","1","1","2"
"四捷军详稳耶律","1","1","2"
"捷军详稳耶律痕","1","1","2"
"军详稳耶律痕德","1","1","2"
"守太尉奚瓦里中","1","1","2"
"太尉奚瓦里中流","1","1","2"
"圣宗文武大孝宣","1","1","2"
"宗文武大孝宣皇","1","1","2"
"群臣上尊号曰昭","1","1","2"
"臣上尊号曰昭圣","1","1","2"
"上尊号曰昭圣皇","1","1","2"
"尊号曰昭圣皇帝","1","1","2"
"南京留守荆王道","1","1","2"
"京留守荆王道隐","1","1","2"
"留守荆王道隐奏","1","1","2"
"西南面招讨使秦","1","1","2"
"南面招讨使秦王","1","1","2"
"面招讨使秦王韩","1","1","2"
"招讨使秦王韩匡","1","1","2"
"讨使秦王韩匡嗣","1","1","2"
"大行皇帝梓宫菆","2","0","2"
"行皇帝梓宫菆涂","2","0","2"
"皇帝梓宫菆涂殿","2","0","2"
"召先帝庶兄质睦","1","1","2"
"乌隈乌骨里部节","1","1","2"
"隈乌骨里部节度","1","1","2"
"乌骨里部节度使","1","1","2"
"骨里部节度使耶","1","1","2"
"里部节度使耶律","1","1","2"
"部节度使耶律章","1","1","2"
"节度使耶律章瓦","1","1","2"
"南面行营总管印","1","1","2"
"面行营总管印绶","1","1","2"
"涿州刺史安吉奏","1","1","2"
"招讨使韩德威奏","1","1","2"
"掌饮伶人挞鲁殉","1","1","2"
"南京统军使耶律","1","1","2"
"京统军使耶律善","1","1","2"
"统军使耶律善补","1","1","2"
"军使耶律善补奏","1","1","2"
"寿公主下嫁国舅","1","1","2"
"公主下嫁国舅宰","1","1","2"
"主下嫁国舅宰相","1","1","2"
"下嫁国舅宰相萧","1","1","2"
"嫁国舅宰相萧婆","1","1","2"
"国舅宰相萧婆项","1","1","2"
"天德军节度使颓","1","1","2"
"德军节度使颓剌","1","1","2"
"军节度使颓剌父","1","1","2"
"节度使颓剌父子","1","1","2"
"赏西南面功将士","2","0","2"
"同平章事萧道宁","1","1","2"
"平章耶律河阳墓","1","1","2"
"北王府耶律蒲奴","1","1","2"
"王府耶律蒲奴宁","1","1","2"
"路招讨使大汉奏","1","1","2"
"西南路招讨使奏","1","1","2"
"枢密副使耶律斜","1","1","2"
"密副使耶律斜轸","1","1","2"
"楚国王萧思温墓","1","1","2"
"国舅小翁帐郎君","1","1","2"
"舅小翁帐郎君桃","1","1","2"
"小翁帐郎君桃隈","1","1","2"
"公主淑哥下嫁国","1","1","2"
"主淑哥下嫁国舅","1","1","2"
"淑哥下嫁国舅详","1","1","2"
"哥下嫁国舅详稳","1","1","2"
"下嫁国舅详稳照","1","1","2"
"嫁国舅详稳照姑","1","1","2"
"阅东京留守耶律","1","1","2"
"东京留守耶律末","1","1","2"
"诸道节度使判官","1","1","2"
"显州岁贡绫锦分","1","1","2"
"州岁贡绫锦分赐","1","1","2"
"国舅帐彰德军节","1","1","2"
"舅帐彰德军节度","1","1","2"
"帐彰德军节度使","1","1","2"
"宣徽使耶律蒲宁","1","1","2"
"徽使耶律蒲宁奏","1","1","2"
"厥节度使耶律隗","1","1","2"
"节度使耶律隗洼","1","1","2"
"故同平章事赵延","1","1","2"
"同平章事赵延煦","1","1","2"
"同平章事耶律普","1","1","2"
"平章事耶律普宁","1","1","2"
"左拾遗知制诰刘","1","1","2"
"拾遗知制诰刘景","1","1","2"
"吏部郎中知制诰","1","1","2"
"部郎中知制诰牛","1","1","2"
"郎中知制诰牛藏","1","1","2"
"凤州刺史赵匡符","1","1","2"
"秦王韩匡嗣葬物","1","1","2"
"命枢密使耶律斜","1","1","2"
"驸马都尉萧恳德","1","1","2"
"东北路兵马监军","1","1","2"
"四年春正月甲戌","2","0","2"
"林牙耶律谋鲁姑","1","1","2"
"奚王府监军迪烈","1","1","2"
"西夏李继迁叛宋","1","1","2"
"银夏绥宥等州观","1","1","2"
"夏绥宥等州观察","1","1","2"
"绥宥等州观察处","1","1","2"
"宥等州观察处置","1","1","2"
"遣东京留守耶律","2","0","2"
"东京留守耶律抹","1","1","2"
"统军使耶律颇德","1","1","2"
"寰州刺史赵彦章","1","1","2"
"平州节度使迪里","1","1","2"
"州节度使迪里姑","1","1","2"
"冀州防御使大鹏","1","1","2"
"州防御使大鹏翼","1","1","2"
"马军指挥使何万","1","1","2"
"军指挥使何万通","1","1","2"
"彰国军节度使艾","1","1","2"
"国军节度使艾正","1","1","2"
"诏驸马都尉萧继","2","0","2"
"林牙谋鲁姑旗鼓","1","1","2"
"牙谋鲁姑旗鼓四","1","1","2"
"步军都指挥使穆","1","1","2"
"军都指挥使穆超","1","1","2"
"枢密使斜轸密旨","1","1","2"
"彰国军节度使杓","1","1","2"
"黄皮室详稳解里","1","1","2"
"皮室详稳解里等","1","1","2"
"横帐郎君老君奴","1","1","2"
"帐郎君老君奴率","1","1","2"
"奚军小校隘离辖","1","1","2"
"渤海小校贯海等","1","1","2"
"海小校贯海等叛","1","1","2"
"近侍粘米里所进","1","1","2"
"统军使颇德检校","1","1","2"
"军使颇德检校太","1","1","2"
"使颇德检校太师","1","1","2"
"夷离毕侄里古部","1","1","2"
"离毕侄里古部送","1","1","2"
"毕侄里古部送辎","1","1","2"
"侄里古部送辎重","1","1","2"
"林学士邢抱朴等","1","1","2"
"学士邢抱朴等充","1","1","2"
"云州宣谕招抚使","1","1","2"
"太尉王八所俘生","1","1","2"
"尉王八所俘生口","1","1","2"
"王八所俘生口分","1","1","2"
"上所获将校印绶","1","1","2"
"二百四十人分赐","1","1","2"
"乙室帐宰相安宁","1","1","2"
"室帐宰相安宁功","1","1","2"
"帐宰相安宁功过","1","1","2"
"宰相安宁功过相","1","1","2"
"朔州节度使慎思","1","1","2"
"云州节度使化哥","1","1","2"
"蔚州节度使佛留","1","1","2"
"召北大王蒲奴宁","1","1","2"
"乙室王帐郎君吴","1","1","2"
"室王帐郎君吴留","1","1","2"
"命新州节度使蒲","1","1","2"
"北大王帐郎君曷","1","1","2"
"大王帐郎君曷葛","1","1","2"
"本府王蒲奴宁十","1","1","2"
"府王蒲奴宁十七","1","1","2"
"横帐太保核国底","1","1","2"
"上大臣分朋击鞠","2","0","2"
"北大王蒲奴宁居","1","1","2"
"驸马都尉勤德祈","1","1","2"
"太尉林八等固守","1","1","2"
"北皮室详稳排亚","1","1","2"
"皮室详稳排亚献","1","1","2"
"楮特部节度使卢","1","1","2"
"特部节度使卢补","1","1","2"
"部节度使卢补古","1","1","2"
"郎君拽剌双骨里","1","1","2"
"王子帐节度使耶","1","1","2"
"子帐节度使耶律","1","1","2"
"帐节度使耶律襄","1","1","2"
"谛居部下拽剌解","1","1","2"
"居部下拽剌解里","1","1","2"
"部下拽剌解里侦","1","1","2"
"皇太后尊号曰睿","2","0","2"
"太后尊号曰睿德","2","0","2"
"后尊号曰睿德神","2","0","2"
"尊号曰睿德神略","2","0","2"
"号曰睿德神略应","2","0","2"
"曰睿德神略应运","2","0","2"
"上皇帝尊号曰德","2","0","2"
"皇帝尊号曰德广","2","0","2"
"帝尊号曰德广孝","2","0","2"
"尊号曰德广孝昭","2","0","2"
"号曰德广孝昭圣","2","0","2"
"曰德广孝昭圣天","2","0","2"
"涅剌部节度使撒","1","1","2"
"剌部节度使撒葛","1","1","2"
"部节度使撒葛里","1","1","2"
"同平章政事刘京","1","1","2"
"党项太保阿剌恍","1","1","2"
"送沙州节度使曹","1","1","2"
"沙州节度使曹恭","1","1","2"
"州节度使曹恭顺","1","1","2"
"漆水郡王耶律抹","1","1","2"
"西北路管押详稳","1","1","2"
"北路管押详稳速","1","1","2"
"路管押详稳速撒","1","1","2"
"管押详稳速撒哥","1","1","2"
"东路林牙萧勤德","1","1","2"
"统军石老击败女","1","1","2"
"军节度使耶律抹","1","1","2"
"宣政殿学士马臣","2","0","2"
"宋定州守将李兴","1","1","2"
"北宰相萧继远等","1","1","2"
"都头刘赞等三十","1","1","2"
"头刘赞等三十人","1","1","2"
"宋鸡壁砦守将郭","1","1","2"
"鸡壁砦守将郭荣","1","1","2"
"东京骑将夏贞显","1","1","2"
"涿州刺史耶律守","1","1","2"
"州刺史耶律守雄","1","1","2"
"越宋国王红珠筋","1","1","2"
"宋国王红珠筋线","1","1","2"
"王子帐耶律襄女","2","0","2"
"子帐耶律襄女封","2","0","2"
"帐耶律襄女封义","2","0","2"
"耶律襄女封义成","2","0","2"
"律襄女封义成公","2","0","2"
"襄女封义成公主","2","0","2"
"国舅太师萧闼览","1","1","2"
"中丞耶律核麦哥","1","1","2"
"横帐郎君耶律延","1","1","2"
"帐郎君耶律延寿","1","1","2"
"进士高正等二人","1","1","2"
"严州刺史李寿英","1","1","2"
"北面林牙磨鲁古","1","1","2"
"涿州刺史耶律王","1","1","2"
"州刺史耶律王六","1","1","2"
"南京副留守吴浩","1","1","2"
"京副留守吴浩分","1","1","2"
"库部员外郎马守","1","1","2"
"部员外郎马守琪","1","1","2"
"仓部员外郎祁正","1","1","2"
"蓟北县令崔简等","1","1","2"
"北县令崔简等分","1","1","2"
"夏国王李继迁遣","2","0","2"
"秦王韩匡嗣私城","1","1","2"
"节度使李继捧附","2","0","2"
"招讨使韩德威持","1","1","2"
"讨使韩德威持诏","1","1","2"
"幸五台山金河寺","1","1","2"
"进士王熙载等二","1","1","2"
"士王熙载等二人","1","1","2"
"事门下平章事耶","1","1","2"
"门下平章事耶律","1","1","2"
"下平章事耶律硕","1","1","2"
"平章事耶律硕老","1","1","2"
"郎君耶律鼻舍等","1","1","2"
"南院大王耶律景","1","1","2"
"枢密直学士刘恕","1","1","2"
"武定军节度使韩","1","1","2"
"定军节度使韩德","1","1","2"
"军节度使韩德冲","1","1","2"
"汗州刺史贾俊进","1","1","2"
"西北路乌古等部","1","1","2"
"国舅帐克萧徒骨","1","1","2"
"进士吕德懋等二","1","1","2"
"士吕德懋等二人","1","1","2"
"长宁军节度使萧","1","1","2"
"宁军节度使萧解","1","1","2"
"军节度使萧解里","1","1","2"
"启圣军节度使刘","1","1","2"
"圣军节度使刘继","1","1","2"
"军节度使刘继琛","1","1","2"
"宣徽使阿没里私","1","1","2"
"徽使阿没里私城","1","1","2"
"遣童子十人学本","2","0","2"
"童子十人学本国","2","0","2"
"子十人学本国语","2","0","2"
"宣徽使阿没里家","1","1","2"
"徽使阿没里家奴","1","1","2"
"使阿没里家奴阎","1","1","2"
"阿没里家奴阎贵","1","1","2"
"留守萧恒德等五","1","1","2"
"守萧恒德等五人","1","1","2"
"朔州威胜军一百","1","1","2"
"阿鲁敦等六十人","1","1","2"
"进士张俭等三人","1","1","2"
"封夏国王李继迁","1","1","2"
"广德军节度使韩","1","1","2"
"德军节度使韩德","1","1","2"
"进士陈鼎等二人","1","1","2"
"卫上将军耶律喜","1","1","2"
"上将军耶律喜罗","1","1","2"
"密使魏王耶律斜","1","1","2"
"使魏王耶律斜轸","1","1","2"
"进士初锡等四人","1","1","2"
"进士南承保等三","1","1","2"
"士南承保等三人","1","1","2"
"九年春正月辛巳","2","0","2"
"候郎君班详稳观","1","1","2"
"郎君班详稳观音","1","1","2"
"千拽剌详稳耶律","1","1","2"
"拽剌详稳耶律王","1","1","2"
"剌详稳耶律王奴","1","1","2"
"京统军使耶律奴","1","1","2"
"统军使耶律奴瓜","1","1","2"
"南面招讨司奏讨","2","0","2"
"北府宰相萧继远","1","1","2"
"府宰相萧继远等","1","1","2"
"宰相萧继远等南","1","1","2"
"相萧继远等南伐","1","1","2"
"文班太保达里底","1","1","2"
"南京统军使萧挞","1","1","2"
"京统军使萧挞凛","1","1","2"
"遣刘仁勖告下灵","2","0","2"
"刘仁勖告下灵州","2","0","2"
"进士邢祥等六人","1","1","2"
"遣西上阁门使丁","2","0","2"
"阁门使丁振吊慰","2","0","2"
"阻卜铁剌里率诸","1","1","2"
"卜铁剌里率诸部","1","1","2"
"奚王府监军耶律","1","1","2"
"王府监军耶律室","1","1","2"
"府监军耶律室鲁","1","1","2"
"德昭遣使谢吊赠","2","0","2"
"南院枢密使邢抱","1","1","2"
"院枢密使邢抱朴","1","1","2"
"德昭遣使上继迁","2","0","2"
"昭遣使上继迁遗","2","0","2"
"北院大王磨鲁古","1","1","2"
"楚国王隆祐留守","2","0","2"
"国王隆祐留守京","2","0","2"
"王隆祐留守京师","2","0","2"
"马军都指挥使耶","1","1","2"
"都指挥使耶律课","1","1","2"
"指挥使耶律课里","1","1","2"
"东京留守萧排押","1","1","2"
"宋魏府官吏田逢","1","1","2"
"魏府官吏田逢吉","1","1","2"
"监门卫大将军姚","1","1","2"
"门卫大将军姚柬","1","1","2"
"大丞相齐王韩德","1","1","2"
"丞相齐王韩德昌","1","1","2"
"易州飞狐招安使","1","1","2"
"沙州敦煌王曹寿","1","1","2"
"进士杨佶等二十","1","1","2"
"士杨佶等二十三","1","1","2"
"杨佶等二十三人","1","1","2"
"西平王李德昭母","1","1","2"
"招讨使萧图玉讨","1","1","2"
"二十六年春二月","1","1","2"
"二十七年春正月","1","1","2"
"二十八年春正月","1","1","2"
"年春正月辛亥朔","2","0","2"
"左龙虎卫上将军","1","1","2"
"龙虎卫上将军萧","1","1","2"
"虎卫上将军萧合","1","1","2"
"卫上将军萧合卓","1","1","2"
"大行皇太后遗物","1","1","2"
"临海军节度使萧","1","1","2"
"海军节度使萧虚","1","1","2"
"军节度使萧虚列","1","1","2"
"军卫上将军张崇","1","1","2"
"卫上将军张崇济","1","1","2"
"高丽西京留守康","1","1","2"
"丽西京留守康肇","1","1","2"
"西京留守康肇弑","1","1","2"
"皮室详稳耶律敌","1","1","2"
"室详稳耶律敌鲁","1","1","2"
"辽使者韩喜孙等","1","1","2"
"使者韩喜孙等十","1","1","2"
"者韩喜孙等十人","1","1","2"
"二十九年春正月","1","1","2"
"北院郎君耶律世","1","1","2"
"院郎君耶律世良","1","1","2"
"前三司使刘慎行","1","1","2"
"南府宰相邢抱质","1","1","2"
"驸马都尉萧图玉","1","1","2"
"马都尉萧图玉安","1","1","2"
"都尉萧图玉安抚","1","1","2"
"尉萧图玉安抚西","1","1","2"
"赠大丞相晋国王","1","1","2"
"南院枢密使事邢","1","1","2"
"院枢密使事邢抱","1","1","2"
"枢密使事邢抱质","1","1","2"
"密使事邢抱质年","1","1","2"
"使事邢抱质年老","1","1","2"
"开泰元年春正月","1","1","2"
"长白山三十部女","1","1","2"
"曷苏馆大王曷里","1","1","2"
"苏馆大王曷里喜","1","1","2"
"前孟父房敞稳萧","1","1","2"
"孟父房敞稳萧佛","1","1","2"
"父房敞稳萧佛奴","1","1","2"
"进士史简等十九","1","1","2"
"士史简等十九人","1","1","2"
"论知贡举裴玄感","1","1","2"
"秘书省正字李万","1","1","2"
"书省正字李万上","1","1","2"
"省正字李万上书","1","1","2"
"文武百官加上尊","2","0","2"
"武百官加上尊号","2","0","2"
"百官加上尊号曰","2","0","2"
"德崇仁广孝聪睿","1","1","2"
"崇仁广孝聪睿昭","1","1","2"
"仁广孝聪睿昭圣","1","1","2"
"广孝聪睿昭圣神","1","1","2"
"孝聪睿昭圣神赞","1","1","2"
"聪睿昭圣神赞天","1","1","2"
"睿昭圣神赞天辅","1","1","2"
"东头供奉官曹文","1","1","2"
"头供奉官曹文斌","1","1","2"
"前辽州录事张庭","1","1","2"
"辽州录事张庭美","1","1","2"
"州录事张庭美六","1","1","2"
"仪坤州刘兴胤四","1","1","2"
"坤州刘兴胤四世","1","1","2"
"州刘兴胤四世同","1","1","2"
"西北招讨使萧图","1","1","2"
"北招讨使萧图玉","1","1","2"
"七部太师阿里底","1","1","2"
"本部节度使霸暗","1","1","2"
"皇弟秦晋国王隆","1","1","2"
"弟秦晋国王隆庆","1","1","2"
"秦晋国王隆庆铁","1","1","2"
"晋国王隆庆铁券","1","1","2"
"中京留守推官李","1","1","2"
"户部侍郎刘泾加","1","1","2"
"北院枢密副使高","1","1","2"
"院枢密副使高正","1","1","2"
"破阻卜酋长乌八","1","1","2"
"进使李延弘赐夏","2","0","2"
"使李延弘赐夏国","2","0","2"
"李延弘赐夏国王","2","0","2"
"延弘赐夏国王李","2","0","2"
"弘赐夏国王李德","2","0","2"
"赐夏国王李德昭","2","0","2"
"夏国王李德昭义","2","0","2"
"国王李德昭义成","2","0","2"
"王李德昭义成公","2","0","2"
"李德昭义成公主","2","0","2"
"德昭义成公主车","2","0","2"
"昭义成公主车马","2","0","2"
"枢密使豳王化哥","1","1","2"
"北院大王耶律世","1","1","2"
"院大王耶律世良","1","1","2"
"宰臣刘晟监修国","1","1","2"
"臣刘晟监修国史","1","1","2"
"上京副留守耶律","1","1","2"
"京副留守耶律资","1","1","2"
"副留守耶律资忠","1","1","2"
"北路招讨都监萧","1","1","2"
"路招讨都监萧孝","1","1","2"
"招讨都监萧孝穆","1","1","2"
"乙室夷离毕萧敌","1","1","2"
"室夷离毕萧敌烈","1","1","2"
"国舅详稳萧敌烈","1","1","2"
"东京留守耶律团","1","1","2"
"京留守耶律团石","1","1","2"
"留守耶律团石等","1","1","2"
"守耶律团石等讨","1","1","2"
"南府宰相耶律吾","1","1","2"
"府宰相耶律吾剌","1","1","2"
"宰相耶律吾剌葛","1","1","2"
"都点检萧屈烈都","2","0","2"
"点检萧屈烈都监","2","0","2"
"上京留守耶律八","1","1","2"
"兵部尚书萧荣宁","1","1","2"
"精兵五万五千人","1","1","2"
"前东京统军使耶","1","1","2"
"京统军使耶律韩","1","1","2"
"统军使耶律韩留","1","1","2"
"北院大王耶律敬","1","1","2"
"院大王耶律敬温","1","1","2"
"左夷离毕萧合卓","1","1","2"
"萧合卓北院枢密","2","0","2"
"合卓北院枢密使","2","0","2"
"政事舍人吴克昌","1","1","2"
"皇弟南京留守秦","1","1","2"
"弟南京留守秦晋","1","1","2"
"南京留守秦晋国","1","1","2"
"京留守秦晋国王","1","1","2"
"留守秦晋国王隆","1","1","2"
"守秦晋国王隆庆","1","1","2"
"封秦晋国王隆庆","1","1","2"
"秦晋国王隆庆长","1","1","2"
"晋国王隆庆长子","1","1","2"
"国王隆庆长子查","1","1","2"
"王隆庆长子查割","1","1","2"
"参知政事马保忠","1","1","2"
"进士孙杰等四十","1","1","2"
"士孙杰等四十八","1","1","2"
"孙杰等四十八人","1","1","2"
"国舅帐详稳萧隗","1","1","2"
"舅帐详稳萧隗洼","1","1","2"
"葬秦晋国王隆庆","1","1","2"
"封隆庆少子谢家","1","1","2"
"隆庆少子谢家奴","1","1","2"
"枢密使漆水郡王","1","1","2"
"密使漆水郡王耶","1","1","2"
"使漆水郡王耶律","1","1","2"
"漆水郡王耶律制","1","1","2"
"水郡王耶律制心","1","1","2"
"郡王耶律制心权","1","1","2"
"王耶律制心权知","1","1","2"
"耶律制心权知诸","1","1","2"
"律制心权知诸行","1","1","2"
"制心权知诸行宫","1","1","2"
"心权知诸行宫都","1","1","2"
"权知诸行宫都部","1","1","2"
"知诸行宫都部署","1","1","2"
"诸行宫都部署事","1","1","2"
"命枢密使萧合卓","1","1","2"
"南京统军使萧惠","1","1","2"
"充贺宋生辰正旦","2","0","2"
"建州节度使石匡","1","1","2"
"州节度使石匡弼","1","1","2"
"贡貂皮六万五千","1","1","2"
"鲁瑰部节度使勃","1","1","2"
"瑰部节度使勃鲁","1","1","2"
"部节度使勃鲁里","1","1","2"
"顺义军节度使石","1","1","2"
"殿前都点检萧虚","1","1","2"
"前都点检萧虚列","1","1","2"
"遥辇帐详稳阿果","1","1","2"
"辇帐详稳阿果达","1","1","2"
"渤海详稳高清明","1","1","2"
"天云军详稳海里","1","1","2"
"前南院枢密使韩","1","1","2"
"南院枢密使韩制","1","1","2"
"院枢密使韩制心","1","1","2"
"国舅平章事萧排","1","1","2"
"舅平章事萧排押","1","1","2"
"回跋部太师踏剌","1","1","2"
"跋部太师踏剌葛","1","1","2"
"置东京渤海承奉","1","1","2"
"东京渤海承奉官","1","1","2"
"京渤海承奉官都","1","1","2"
"渤海承奉官都知","1","1","2"
"海承奉官都知押","1","1","2"
"承奉官都知押班","1","1","2"
"忠长宁军节度使","2","0","2"
"左夷离毕萧解里","1","1","2"
"南面林牙耶律韩","1","1","2"
"面林牙耶律韩留","1","1","2"
"北路详稳耶律独","1","1","2"
"路详稳耶律独迭","1","1","2"
"青鼠皮二万五千","1","1","2"
"回跋部太保麻门","1","1","2"
"前北院大王建福","1","1","2"
"改东路耗里太保","1","1","2"
"东路耗里太保城","1","1","2"
"敦煌郡王曹顺衣","1","1","2"
"煌郡王曹顺衣物","1","1","2"
"年贺宋生辰正旦","1","1","2"
"北王府舍利军详","1","1","2"
"王府舍利军详稳","1","1","2"
"漆水郡王韩制心","1","1","2"
"南面诸行宫都部","1","1","2"
"面诸行宫都部署","1","1","2"
"进士张仲举等四","1","1","2"
"士张仲举等四十","1","1","2"
"张仲举等四十五","1","1","2"
"仲举等四十五人","1","1","2"
"太平元年春正月","1","1","2"
"驸马都尉萧绍业","1","1","2"
"封王子班郎君胡","1","1","2"
"王子班郎君胡思","1","1","2"
"子班郎君胡思里","1","1","2"
"德崇仁广孝功成","1","1","2"
"崇仁广孝功成治","1","1","2"
"仁广孝功成治定","1","1","2"
"广孝功成治定昭","1","1","2"
"孝功成治定昭圣","1","1","2"
"功成治定昭圣神","1","1","2"
"成治定昭圣神赞","1","1","2"
"治定昭圣神赞天","1","1","2"
"定昭圣神赞天辅","1","1","2"
"都点检耶律僧隐","1","1","2"
"点检耶律僧隐等","1","1","2"
"检耶律僧隐等充","1","1","2"
"堂后官张克恭充","1","1","2"
"充贺夏国王李德","2","0","2"
"国王李德昭生日","1","1","2"
"王李德昭生日使","1","1","2"
"右丞相马保忠钱","1","1","2"
"丞相马保忠钱物","1","1","2"
"进士张渐等四十","1","1","2"
"士张渐等四十七","1","1","2"
"张渐等四十七人","1","1","2"
"赐越国公主私城","1","1","2"
"越国公主私城名","1","1","2"
"南院宣徽使刘泾","1","1","2"
"南府宰相耶律合","1","1","2"
"府宰相耶律合葛","1","1","2"
"北府宰相萧孝穆","1","1","2"
"南京留守韩制心","1","1","2"
"四年春正月庚寅","2","0","2"
"南院大王韩制心","1","1","2"
"辽兴军节度使周","1","1","2"
"兴军节度使周王","1","1","2"
"军节度使周王胡","1","1","2"
"节度使周王胡都","1","1","2"
"度使周王胡都古","1","1","2"
"五年春正月乙酉","2","0","2"
"贺宋太后生辰使","2","0","2"
"宋太后生辰使副","2","0","2"
"张昱等一十四人","1","1","2"
"韩栾等五十八人","1","1","2"
"候郎君详稳萧罗","1","1","2"
"郎君详稳萧罗罗","1","1","2"
"点检侍卫亲军马","1","1","2"
"检侍卫亲军马步","1","1","2"
"北院枢密使萧合","1","1","2"
"院枢密使萧合卓","1","1","2"
"北府宰相萧普古","1","1","2"
"工匠销毁金银器","1","1","2"
"六年春正月己卯","2","0","2"
"东京留守八哥奏","1","1","2"
"西北路十二班军","1","1","2"
"大同军节度使张","1","1","2"
"同军节度使张俭","1","1","2"
"军节度使张俭入","1","1","2"
"军节度使耶律洪","1","1","2"
"节度使耶律洪古","1","1","2"
"乌古敌烈都详稳","1","1","2"
"前南院大王胡睹","1","1","2"
"南院大王胡睹堇","1","1","2"
"院大王胡睹堇同","1","1","2"
"大王胡睹堇同知","1","1","2"
"王胡睹堇同知上","1","1","2"
"胡睹堇同知上京","1","1","2"
"睹堇同知上京留","1","1","2"
"堇同知上京留守","1","1","2"
"西北路招讨司小","1","1","2"
"北路招讨司小校","1","1","2"
"路招讨司小校扫","1","1","2"
"招讨司小校扫姑","1","1","2"
"蒲卢毛朵部遣使","2","0","2"
"卢毛朵部遣使贡","2","0","2"
"西南路招讨司奏","1","1","2"
"匡义军节度使中","1","1","2"
"义军节度使中山","1","1","2"
"军节度使中山郡","1","1","2"
"节度使中山郡王","1","1","2"
"度使中山郡王查","1","1","2"
"使中山郡王查葛","1","1","2"
"保宁军节度使长","1","1","2"
"宁军节度使长沙","1","1","2"
"军节度使长沙郡","1","1","2"
"节度使长沙郡王","1","1","2"
"度使长沙郡王谢","1","1","2"
"使长沙郡王谢家","1","1","2"
"广德军节度使乐","1","1","2"
"德军节度使乐安","1","1","2"
"军节度使乐安郡","1","1","2"
"节度使乐安郡王","1","1","2"
"度使乐安郡王遂","1","1","2"
"使乐安郡王遂哥","1","1","2"
"乐安郡王遂哥奏","1","1","2"
"左千牛卫上将军","1","1","2"
"千牛卫上将军耶","1","1","2"
"牛卫上将军耶律","1","1","2"
"卫上将军耶律古","1","1","2"
"上将军耶律古昱","1","1","2"
"燕京留守萧孝穆","1","1","2"
"国王李德昭生辰","1","1","2"
"王李德昭生辰使","1","1","2"
"北院大王耶律郑","1","1","2"
"院大王耶律郑留","1","1","2"
"大王耶律郑留奏","1","1","2"
"十一月皇太子纳","1","1","2"
"一月皇太子纳妃","1","1","2"
"遥辇帐郎君陈哥","1","1","2"
"南院大王耶律敌","1","1","2"
"院大王耶律敌烈","1","1","2"
"北敌烈部节度使","1","1","2"
"敌烈部节度使耶","1","1","2"
"烈部节度使耶律","1","1","2"
"部节度使耶律延","1","1","2"
"节度使耶律延寿","1","1","2"
"度使耶律延寿请","1","1","2"
"遥辇太尉谢佛留","1","1","2"
"北院大王耶律留","1","1","2"
"院大王耶律留宁","1","1","2"
"进士张宥等五十","1","1","2"
"士张宥等五十七","1","1","2"
"张宥等五十七人","1","1","2"
"东京舍利军详稳","1","1","2"
"京舍利军详稳大","1","1","2"
"舍利军详稳大延","1","1","2"
"利军详稳大延琳","1","1","2"
"军详稳大延琳囚","1","1","2"
"驸马都尉萧孝先","1","1","2"
"杀户部使韩绍勋","1","1","2"
"四捷军都指挥使","1","1","2"
"捷军都指挥使萧","1","1","2"
"军都指挥使萧颇","1","1","2"
"时国舅详稳萧匹","1","1","2"
"舅详稳萧匹敌治","1","1","2"
"渤海太保夏行美","1","1","2"
"海太保夏行美旧","1","1","2"
"奚六部大王萧蒲","1","1","2"
"六部大王萧蒲奴","1","1","2"
"皇城进士张人纪","1","1","2"
"赵睦等二十二人","1","1","2"
"睦等二十二人入","1","1","2"
"等二十二人入朝","1","1","2"
"保州戍将夏行美","1","1","2"
"驸马都尉萧匹敌","1","1","2"
"奚王府都监萧阿","1","1","2"
"王府都监萧阿古","1","1","2"
"府都监萧阿古轸","1","1","2"
"景福元年闰十月","1","1","2"
"兴宗神圣孝章皇","1","1","2"
"宗神圣孝章皇帝","1","1","2"
"候郎君详稳萧延","1","1","2"
"郎君详稳萧延留","1","1","2"
"君详稳萧延留等","1","1","2"
"详稳萧延留等七","1","1","2"
"稳萧延留等七人","1","1","2"
"上召晋王萧普古","1","1","2"
"召晋王萧普古等","1","1","2"
"晋王萧普古等饮","1","1","2"
"里左祗候郎君详","2","0","2"
"谒大行皇帝御容","1","1","2"
"南府宰相萧孝穆","1","1","2"
"府宰相萧孝穆像","1","1","2"
"御史中丞耶律翥","1","1","2"
"四方馆使高维翰","1","1","2"
"工部尚书高德顺","1","1","2"
"军卫上将军耶律","1","1","2"
"卫上将军耶律逊","1","1","2"
"卫上将军耶律元","1","1","2"
"上将军耶律元载","1","1","2"
"兴平公主下嫁夏","1","1","2"
"平公主下嫁夏国","1","1","2"
"公主下嫁夏国王","1","1","2"
"主下嫁夏国王李","1","1","2"
"下嫁夏国王李德","1","1","2"
"嫁夏国王李德昭","1","1","2"
"重熙元年春正月","1","1","2"
"法天应运仁德章","1","1","2"
"天应运仁德章圣","1","1","2"
"应运仁德章圣皇","1","1","2"
"运仁德章圣皇太","1","1","2"
"仁德章圣皇太后","1","1","2"
"文武仁圣昭孝皇","1","1","2"
"武仁圣昭孝皇帝","1","1","2"
"册子夏国公元昊","2","0","2"
"北大王耶律求翰","1","1","2"
"进士刘师贞等五","1","1","2"
"士刘师贞等五十","1","1","2"
"刘师贞等五十七","1","1","2"
"师贞等五十七人","1","1","2"
"圣宫使耶律寿宁","1","1","2"
"事中知制诰李奎","1","1","2"
"充贺宋岁正旦使","2","0","2"
"贺宋岁正旦使副","2","0","2"
"禁夏国使沿路私","2","0","2"
"夏国使沿路私市","2","0","2"
"国使沿路私市金","2","0","2"
"贺永寿节岁正旦","2","0","2"
"北院枢密使萧普","1","1","2"
"院枢密使萧普古","1","1","2"
"充贺宋生辰岁正","2","0","2"
"贺宋生辰岁正旦","2","0","2"
"宋生辰岁正旦使","2","0","2"
"张士禹贺永寿节","2","0","2"
"枢密使萧延宁请","1","1","2"
"崇德宫使耶律马","1","1","2"
"德宫使耶律马六","1","1","2"
"幸北院大王高十","1","1","2"
"北院大王高十行","1","1","2"
"院大王高十行帐","1","1","2"
"王萧孝穆北院枢","2","0","2"
"萧孝穆北院枢密","2","0","2"
"孝穆北院枢密使","2","0","2"
"南大王耶律信宁","1","1","2"
"上京留守耶律胡","1","1","2"
"京留守耶律胡睹","1","1","2"
"留守耶律胡睹衮","1","1","2"
"平章事萧查剌宁","1","1","2"
"上京留守耶律洪","1","1","2"
"京留守耶律洪古","1","1","2"
"南院大王耶律胡","1","1","2"
"院大王耶律胡睹","1","1","2"
"大王耶律胡睹衮","1","1","2"
"越棘等五国酋帅","1","1","2"
"丹行宫都部署萧","1","1","2"
"行宫都部署萧惠","1","1","2"
"南面行宫副部署","1","1","2"
"幸晋国公主行帐","1","1","2"
"幸皇太弟重元行","1","1","2"
"皇太弟重元行帐","1","1","2"
"遣北院承旨耶律","2","0","2"
"耶律庶成持诏问","2","0","2"
"问夏国王李元昊","1","1","2"
"阻卜酋长屯秃古","1","1","2"
"卜酋长屯秃古斯","1","1","2"
"南面侍御壮骨里","1","1","2"
"面侍御壮骨里诈","1","1","2"
"侍御壮骨里诈取","1","1","2"
"御壮骨里诈取女","1","1","2"
"视吴国王萧孝穆","1","1","2"
"吴国王萧孝穆疾","1","1","2"
"宋遣郭祯伐夏报","2","0","2"
"发黄龙府铁骊军","1","1","2"
"诸部节度侍卫祗","1","1","2"
"部节度侍卫祗候","1","1","2"
"节度侍卫祗候郎","1","1","2"
"度侍卫祗候郎君","1","1","2"
"东京留守萧撒八","1","1","2"
"东京留守萧孝忠","1","1","2"
"驸马都尉萧忽列","1","1","2"
"北枢密吴国王萧","1","1","2"
"枢密吴国王萧孝","1","1","2"
"密吴国王萧孝穆","1","1","2"
"赵国王萧贯宁谋","1","1","2"
"判顺义军节度使","1","1","2"
"顺义军节度使事","1","1","2"
"南院宣徽使萧特","1","1","2"
"院宣徽使萧特末","1","1","2"
"翰林学士刘六符","1","1","2"
"聪文圣武英略神","1","1","2"
"文圣武英略神功","1","1","2"
"圣武英略神功睿","1","1","2"
"武英略神功睿哲","1","1","2"
"英略神功睿哲仁","1","1","2"
"略神功睿哲仁孝","1","1","2"
"神功睿哲仁孝皇","1","1","2"
"功睿哲仁孝皇帝","1","1","2"
"册皇后萧氏曰贞","2","0","2"
"皇后萧氏曰贞懿","2","0","2"
"贞懿宣慈崇圣皇","1","1","2"
"懿宣慈崇圣皇后","1","1","2"
"遣同知析津府事","2","0","2"
"枢密院都承旨王","1","1","2"
"密院都承旨王惟","1","1","2"
"院都承旨王惟吉","1","1","2"
"都承旨王惟吉谕","2","0","2"
"承旨王惟吉谕夏","2","0","2"
"旨王惟吉谕夏国","2","0","2"
"王惟吉谕夏国宋","2","0","2"
"耶律敌烈等使夏","2","0","2"
"律敌烈等使夏国","2","0","2"
"南院枢密使吴国","1","1","2"
"院枢密使吴国王","1","1","2"
"枢密使吴国王萧","1","1","2"
"密使吴国王萧孝","1","1","2"
"使吴国王萧孝穆","1","1","2"
"院枢密使萧孝忠","1","1","2"
"知北南院枢密使","1","1","2"
"前西北路招讨使","1","1","2"
"北路招讨使萧塔","1","1","2"
"路招讨使萧塔烈","1","1","2"
"招讨使萧塔烈葛","1","1","2"
"参知政事韩绍芳","1","1","2"
"遣延昌宫使高家","2","0","2"
"追封楚王萧孝忠","1","1","2"
"东京留守耶律侯","1","1","2"
"京留守耶律侯哂","1","1","2"
"黄龙府事耶律欧","1","1","2"
"龙府事耶律欧里","1","1","2"
"府事耶律欧里斯","1","1","2"
"南院大王耶律高","1","1","2"
"院大王耶律高十","1","1","2"
"大王耶律高十奏","1","1","2"
"南面招讨都监罗","1","1","2"
"面招讨都监罗汉","1","1","2"
"招讨都监罗汉奴","1","1","2"
"详稳斡鲁母等奏","1","1","2"
"族节度使屈烈五","2","0","2"
"节度使屈烈五部","2","0","2"
"度使屈烈五部叛","2","0","2"
"使屈烈五部叛入","2","0","2"
"屈烈五部叛入西","2","0","2"
"烈五部叛入西夏","2","0","2"
"四捷军详稳张佛","1","1","2"
"捷军详稳张佛奴","1","1","2"
"阻卜酋长乌八遣","2","0","2"
"卜酋长乌八遣子","2","0","2"
"酋长乌八遣子执","2","0","2"
"长乌八遣子执元","2","0","2"
"乌八遣子执元昊","2","0","2"
"八遣子执元昊所","2","0","2"
"遣子执元昊所遣","2","0","2"
"子执元昊所遣求","2","0","2"
"执元昊所遣求援","2","0","2"
"元昊所遣求援使","2","0","2"
"昊所遣求援使窊","2","0","2"
"所遣求援使窊邑","2","0","2"
"遣求援使窊邑改","2","0","2"
"延昌宫使耶律高","1","1","2"
"昌宫使耶律高家","1","1","2"
"宫使耶律高家奴","1","1","2"
"前南院大王耶律","1","1","2"
"南院大王耶律谷","1","1","2"
"院大王耶律谷欲","1","1","2"
"翰林都林牙耶律","1","1","2"
"林都林牙耶律庶","1","1","2"
"都林牙耶律庶成","1","1","2"
"林牙耶律庶成等","1","1","2"
"北院枢密使韩国","1","1","2"
"院枢密使韩国王","1","1","2"
"枢密使韩国王萧","1","1","2"
"密使韩国王萧惠","1","1","2"
"李元昊上表谢罪","1","1","2"
"枢密副使萧革迓","2","0","2"
"马都尉萧胡睹夏","2","0","2"
"都尉萧胡睹夏人","2","0","2"
"尉萧胡睹夏人所","2","0","2"
"萧胡睹夏人所执","2","0","2"
"枢密副使耶律敌","1","1","2"
"密副使耶律敌烈","1","1","2"
"金吾卫大将军敌","1","1","2"
"吾卫大将军敌鲁","1","1","2"
"卫大将军敌鲁古","1","1","2"
"王屯秃古斯率诸","2","0","2"
"南面招讨使萧普","1","1","2"
"面招讨使萧普达","1","1","2"
"招讨使萧普达战","1","1","2"
"赠同中书门下平","2","0","2"
"鹘阿萨兰遣使贡","2","0","2"
"北院宣徽事萧阿","1","1","2"
"院宣徽事萧阿剌","1","1","2"
"萧阿剌北府宰相","2","0","2"
"蒲卢毛朵曷懒河","1","1","2"
"西京留守耶律马","1","1","2"
"京留守耶律马六","1","1","2"
"进士王棠等六十","1","1","2"
"士王棠等六十八","1","1","2"
"王棠等六十八人","1","1","2"
"路招讨使耶律敌","1","1","2"
"招讨使耶律敌鲁","1","1","2"
"讨使耶律敌鲁古","1","1","2"
"北院宣徽使旅坟","1","1","2"
"前南府宰相耶律","1","1","2"
"南府宰相耶律喜","1","1","2"
"府宰相耶律喜孙","1","1","2"
"护卫太保耶律兴","1","1","2"
"卫太保耶律兴老","1","1","2"
"国李谅祚遣使上","2","0","2"
"乞本部军助攻夏","2","0","2"
"本部军助攻夏国","2","0","2"
"武定军节度使杜","1","1","2"
"定军节度使杜防","1","1","2"
"蒲卢毛朵部大王","1","1","2"
"卢毛朵部大王蒲","1","1","2"
"毛朵部大王蒲辇","1","1","2"
"长白山太师柴葛","1","1","2"
"回跋部太师撒剌","1","1","2"
"跋部太师撒剌都","1","1","2"
"婆离八部夷离堇","1","1","2"
"离八部夷离堇虎","1","1","2"
"前都点检耶律义","1","1","2"
"都点检耶律义先","1","1","2"
"忠顺军节度使夏","1","1","2"
"顺军节度使夏行","1","1","2"
"军节度使夏行美","1","1","2"
"东北面详稳耶律","1","1","2"
"北面详稳耶律术","1","1","2"
"面详稳耶律术者","1","1","2"
"南院大王耶律韩","1","1","2"
"院大王耶律韩八","1","1","2"
"密副使萧惟信伐","2","0","2"
"副使萧惟信伐夏","2","0","2"
"使萧惟信伐夏告","2","0","2"
"萧惟信伐夏告宋","2","0","2"
"幸燕赵国王洪基","1","1","2"
"燕赵国王洪基帐","1","1","2"
"南府宰相耶律高","1","1","2"
"府宰相耶律高十","1","1","2"
"五国节度使耶律","1","1","2"
"国节度使耶律仙","1","1","2"
"节度使耶律仙童","1","1","2"
"河南道行军都统","1","1","2"
"北道行军都统耶","1","1","2"
"道行军都统耶律","1","1","2"
"行军都统耶律敌","1","1","2"
"军都统耶律敌鲁","1","1","2"
"都统耶律敌鲁古","1","1","2"
"统耶律敌鲁古率","1","1","2"
"耶律敌鲁古率阻","1","1","2"
"律敌鲁古率阻卜","1","1","2"
"敌鲁古率阻卜诸","1","1","2"
"鲁古率阻卜诸军","1","1","2"
"南面林牙耶律高","1","1","2"
"面林牙耶律高家","1","1","2"
"林牙耶律高家奴","1","1","2"
"牙耶律高家奴等","1","1","2"
"西南招讨使萧蒲","1","1","2"
"南招讨使萧蒲奴","1","1","2"
"幸殿前都点检萧","1","1","2"
"马都尉萧胡睹帐","1","1","2"
"蒲卢毛朵部惕隐","1","1","2"
"卢毛朵部惕隐信","1","1","2"
"毛朵部惕隐信笃","1","1","2"
"萧蒲奴等入夏境","2","0","2"
"左夷离毕萧唐古","1","1","2"
"六院军将海里击","1","1","2"
"院军将海里击败","1","1","2"
"李谅祚母遣使乞","2","0","2"
"谅祚母遣使乞依","2","0","2"
"祚母遣使乞依旧","2","0","2"
"母遣使乞依旧称","2","0","2"
"南府宰相韩知白","1","1","2"
"院枢密使事萧革","1","1","2"
"萧革南院枢密使","2","0","2"
"南院大王耶律仁","1","1","2"
"院大王耶律仁先","1","1","2"
"二十年春正月戊","1","1","2"
"十年春正月戊戌","1","1","2"
"前北院都监萧友","1","1","2"
"北院都监萧友括","1","1","2"
"院都监萧友括等","1","1","2"
"惕隐都监萧谟鲁","1","1","2"
"萧谟鲁左夷离毕","2","0","2"
"国舅详稳萧阿剌","1","1","2"
"召北府宰相萧塔","1","1","2"
"北府宰相萧塔烈","1","1","2"
"府宰相萧塔烈葛","1","1","2"
"南府宰相汉王贴","1","1","2"
"北院枢密使事仁","1","1","2"
"院枢密使事仁先","1","1","2"
"枢密使事仁先等","1","1","2"
"谅祚遣使乞弛边","2","0","2"
"谥世宗孝烈皇后","1","1","2"
"北府宰相塔烈葛","1","1","2"
"宫都部署耶律义","1","1","2"
"都部署耶律义先","1","1","2"
"南面林牙高家奴","1","1","2"
"面林牙高家奴等","1","1","2"
"林牙高家奴等奉","1","1","2"
"牙高家奴等奉诏","1","1","2"
"仁慈圣善钦孝广","1","1","2"
"慈圣善钦孝广德","1","1","2"
"圣善钦孝广德安","1","1","2"
"善钦孝广德安静","1","1","2"
"钦孝广德安静贞","1","1","2"
"孝广德安静贞纯","1","1","2"
"广德安静贞纯懿","1","1","2"
"宽厚崇觉仪天皇","1","1","2"
"厚崇觉仪天皇太","1","1","2"
"崇觉仪天皇太后","1","1","2"
"钦天奉道佑世兴","1","1","2"
"天奉道佑世兴历","1","1","2"
"奉道佑世兴历武","1","1","2"
"道佑世兴历武定","1","1","2"
"佑世兴历武定文","1","1","2"
"世兴历武定文成","1","1","2"
"兴历武定文成圣","1","1","2"
"历武定文成圣神","1","1","2"
"武定文成圣神仁","1","1","2"
"定文成圣神仁孝","1","1","2"
"文成圣神仁孝皇","1","1","2"
"成圣神仁孝皇帝","1","1","2"
"文惠孝敬广爱崇","1","1","2"
"惠孝敬广爱崇圣","1","1","2"
"孝敬广爱崇圣皇","1","1","2"
"敬广爱崇圣皇后","1","1","2"
"二十四年秋八月","1","1","2"
"命西北路招讨使","1","1","2"
"西北路招讨使西","1","1","2"
"北路招讨使西平","1","1","2"
"路招讨使西平郡","1","1","2"
"招讨使西平郡王","1","1","2"
"讨使西平郡王萧","1","1","2"
"使西平郡王萧阿","1","1","2"
"权知南院枢密使","1","1","2"
"北府宰相萧虚烈","1","1","2"
"尊皇太后太皇太","2","0","2"
"皇太后太皇太后","2","0","2"
"顺义军节度使十","1","1","2"
"义军节度使十神","1","1","2"
"军节度使十神奴","1","1","2"
"北府宰相西平郡","1","1","2"
"府宰相西平郡王","1","1","2"
"宰相西平郡王萧","1","1","2"
"相西平郡王萧阿","1","1","2"
"平郡王萧阿剌进","1","1","2"
"郡王萧阿剌进封","1","1","2"
"王萧阿剌进封韩","1","1","2"
"萧阿剌进封韩王","1","1","2"
"御清凉殿放进士","2","0","2"
"进士张孝杰等四","1","1","2"
"士张孝杰等四十","1","1","2"
"张孝杰等四十四","1","1","2"
"孝杰等四十四人","1","1","2"
"知西南面招讨都","1","1","2"
"南面招讨都监事","1","1","2"
"南院枢密使赵国","1","1","2"
"院枢密使赵国王","1","1","2"
"枢密使赵国王查","1","1","2"
"密使赵国王查葛","1","1","2"
"知南京留守事吴","1","1","2"
"南京留守事吴王","1","1","2"
"京留守事吴王仁","1","1","2"
"留守事吴王仁先","1","1","2"
"王仁先南院枢密","2","0","2"
"仁先南院枢密使","2","0","2"
"夷离毕事耶律划","1","1","2"
"离毕事耶律划里","1","1","2"
"北院大王耶律仙","1","1","2"
"院大王耶律仙童","1","1","2"
"吴王涅鲁古进封","1","1","2"
"涅鲁古进封楚国","1","1","2"
"鲁古进封楚国王","1","1","2"
"尊号曰慈懿仁文","2","0","2"
"号曰慈懿仁文惠","2","0","2"
"曰慈懿仁文惠孝","2","0","2"
"置倒塌岭节度使","1","1","2"
"知枢密院事萧唐","1","1","2"
"枢密院事萧唐古","1","1","2"
"君臣同志华夷同","1","1","2"
"臣同志华夷同风","1","1","2"
"知易州事耶律颇","1","1","2"
"南院枢密使吴王","1","1","2"
"仁先北院枢密使","2","0","2"
"知东京留守事侯","1","1","2"
"东京留守事侯古","1","1","2"
"保安军节度使奚","1","1","2"
"安军节度使奚底","1","1","2"
"南院枢密使楚王","1","1","2"
"院枢密使楚王萧","1","1","2"
"枢密使楚王萧革","1","1","2"
"皇太叔重元金券","1","1","2"
"乌古敌烈详稳萧","1","1","2"
"古敌烈详稳萧谟","1","1","2"
"敌烈详稳萧谟鲁","1","1","2"
"北院林牙奚马六","1","1","2"
"监修国史耶律白","1","1","2"
"修国史耶律白请","1","1","2"
"杀东京留守陈王","1","1","2"
"东京留守陈王萧","1","1","2"
"京留守陈王萧阿","1","1","2"
"留守陈王萧阿剌","1","1","2"
"吾独婉惕隐屯秃","1","1","2"
"独婉惕隐屯秃葛","1","1","2"
"婉惕隐屯秃葛等","1","1","2"
"右夷离毕奚马六","1","1","2"
"进士王鼎等九十","1","1","2"
"士王鼎等九十三","1","1","2"
"王鼎等九十三人","1","1","2"
"院枢密使事萧图","1","1","2"
"枢密使事萧图古","1","1","2"
"密使事萧图古辞","1","1","2"
"耶律乙辛南院枢","2","0","2"
"律乙辛南院枢密","2","0","2"
"乙辛南院枢密使","2","0","2"
"伞子等三百余人","1","1","2"
"永兴宫使耶律塔","1","1","2"
"六院部太保耶律","1","1","2"
"院部太保耶律合","1","1","2"
"部太保耶律合术","1","1","2"
"太保耶律合术知","1","1","2"
"保耶律合术知南","1","1","2"
"耶律合术知南院","1","1","2"
"律合术知南院大","1","1","2"
"合术知南院大王","1","1","2"
"术知南院大王事","1","1","2"
"南院宣徽使萧九","1","1","2"
"院宣徽使萧九哥","1","1","2"
"故富春郡王耶律","1","1","2"
"富春郡王耶律义","1","1","2"
"春郡王耶律义先","1","1","2"
"彰国军节度使韩","1","1","2"
"国军节度使韩谢","1","1","2"
"军节度使韩谢十","1","1","2"
"北院大王萧兀古","1","1","2"
"院大王萧兀古匿","1","1","2"
"咸雍元年春正月","1","1","2"
"圣文神武全功大","1","1","2"
"文神武全功大略","1","1","2"
"神武全功大略广","1","1","2"
"武全功大略广智","1","1","2"
"仁睿孝天佑皇帝","1","1","2"
"知枢密院事张嗣","1","1","2"
"枢密院事张嗣复","1","1","2"
"南京留守萧惟信","1","1","2"
"武定军节度使姚","1","1","2"
"定军节度使姚景","1","1","2"
"军节度使姚景行","1","1","2"
"北路详稳耶律韩","1","1","2"
"路详稳耶律韩福","1","1","2"
"详稳耶律韩福奴","1","1","2"
"遣右护卫太保萧","1","1","2"
"右护卫太保萧挞","1","1","2"
"宋遣使馈先帝遗","2","0","2"
"遣使馈先帝遗物","2","0","2"
"南府宰相韩王萧","1","1","2"
"府宰相韩王萧唐","1","1","2"
"宰相韩王萧唐古","1","1","2"
"广德军节度使耶","1","1","2"
"军节度使耶律蕊","1","1","2"
"节度使耶律蕊奴","1","1","2"
"谅祚子秉常遣使","2","0","2"
"北院林牙耶律赵","1","1","2"
"院林牙耶律赵三","1","1","2"
"右夷离毕萧素飒","1","1","2"
"置乌古敌烈部都","1","1","2"
"乌古敌烈部都统","1","1","2"
"古敌烈部都统军","1","1","2"
"敌烈部都统军司","1","1","2"
"南院枢密使萧惟","1","1","2"
"五国剖阿里部叛","1","1","2"
"夏国王李秉常遣","2","0","2"
"国王李秉常遣使","2","0","2"
"西北路招讨司擒","1","1","2"
"怀化军节度使高","1","1","2"
"化军节度使高元","1","1","2"
"军节度使高元纪","1","1","2"
"易州观察使高正","1","1","2"
"五国节度使萧陶","1","1","2"
"国节度使萧陶苏","1","1","2"
"节度使萧陶苏斡","1","1","2"
"宁江州防御使大","1","1","2"
"江州防御使大荣","1","1","2"
"南府宰相耶律蕊","1","1","2"
"府宰相耶律蕊奴","1","1","2"
"人行宫都部署李","1","1","2"
"行宫都部署李仲","1","1","2"
"宫都部署李仲禧","1","1","2"
"赐宰相耶律孝杰","1","1","2"
"宰相耶律孝杰名","1","1","2"
"魏王耶律乙辛降","1","1","2"
"王耶律乙辛降封","1","1","2"
"南京流民差役三","1","1","2"
"京流民差役三年","1","1","2"
"六年春正月癸酉","2","0","2"
"忠顺军节度使耶","1","1","2"
"顺军节度使耶律","1","1","2"
"军节度使耶律颇","1","1","2"
"节度使耶律颇德","1","1","2"
"同知广德军节度","1","1","2"
"知广德军节度使","1","1","2"
"广德军节度使事","1","1","2"
"西京流民租赋一","1","1","2"
"京流民租赋一年","1","1","2"
"翰林学士王言敷","1","1","2"
"封北院宣徽使石","1","1","2"
"北院宣徽使石笃","1","1","2"
"幸驸马都尉萧酬","1","1","2"
"军节度使耶律仁","1","1","2"
"节度使耶律仁杰","1","1","2"
"古敌烈统军使耶","1","1","2"
"敌烈统军使耶律","1","1","2"
"烈统军使耶律马","1","1","2"
"耶律慎思北院枢","2","0","2"
"律慎思北院枢密","2","0","2"
"慎思北院枢密副","2","0","2"
"思北院枢密副使","2","0","2"
"行宫都部署王绩","1","1","2"
"左金吾卫大将军","1","1","2"
"南院枢密使刘筠","1","1","2"
"混同郡王耶律乙","1","1","2"
"同郡王耶律乙辛","1","1","2"
"丽三韩国公王勋","1","1","2"
"进士李君裕等五","1","1","2"
"士李君裕等五十","1","1","2"
"李君裕等五十一","1","1","2"
"君裕等五十一人","1","1","2"
"牌印郎君耶律固","1","1","2"
"傅导燕国王延禧","2","0","2"
"大安元年春正月","1","1","2"
"枢密直学士杜公","1","1","2"
"密直学士杜公谓","1","1","2"
"萧挞南院枢密使","2","0","2"
"权翰林学士赵孝","1","1","2"
"翰林学士赵孝严","1","1","2"
"知制诰王师儒等","1","1","2"
"统军使萧讹都斡","1","1","2"
"进士张毂等二十","1","1","2"
"士张毂等二十六","1","1","2"
"张毂等二十六人","1","1","2"
"知南京留守事耶","1","1","2"
"南京留守事耶律","1","1","2"
"事耶律知右夷离","2","0","2"
"耶律知右夷离毕","2","0","2"
"律知右夷离毕事","2","0","2"
"阻卜酋长余古赧","1","1","2"
"宫都部署耶律阿","1","1","2"
"都部署耶律阿思","1","1","2"
"母燕国夫人削古","1","1","2"
"子兰陵郡王萧酬","1","1","2"
"兰陵郡王萧酬斡","1","1","2"
"枢密副使窦景庸","1","1","2"
"遣使诏子乾顺知","2","0","2"
"使诏子乾顺知国","2","0","2"
"诏子乾顺知国事","2","0","2"
"燕国王延禧行生","2","0","2"
"国王延禧行生礼","2","0","2"
"李乾顺遣使上父","2","0","2"
"追封秦越国王阿","1","1","2"
"封秦越国王阿琏","1","1","2"
"辽兴军节度使耶","1","1","2"
"兴军节度使耶律","1","1","2"
"军节度使耶律王","1","1","2"
"节度使耶律王九","1","1","2"
"枢密直学士吕嗣","1","1","2"
"密直学士吕嗣立","1","1","2"
"枢密使事耶律聂","1","1","2"
"密使事耶律聂里","1","1","2"
"知右夷离毕事耶","1","1","2"
"右夷离毕事耶律","1","1","2"
"院枢密使耶律颇","1","1","2"
"枢密使耶律颇德","1","1","2"
"使事耶律阿思封","1","1","2"
"乙室大王耶律敌","1","1","2"
"室大王耶律敌烈","1","1","2"
"权知西北路招讨","1","1","2"
"北路招讨使事萧","1","1","2"
"路招讨使事萧朽","1","1","2"
"招讨使事萧朽哥","1","1","2"
"南府宰相耶律王","1","1","2"
"府宰相耶律王九","1","1","2"
"孟父敞稳耶律慎","1","1","2"
"父敞稳耶律慎思","1","1","2"
"左祗候郎君班详","1","1","2"
"候郎君班详稳耶","1","1","2"
"郎君班详稳耶律","1","1","2"
"君班详稳耶律涅","1","1","2"
"班详稳耶律涅里","1","1","2"
"参知政事王言敷","1","1","2"
"前枢密副使贾士","1","1","2"
"枢密副使贾士勋","1","1","2"
"辽兴军节度使何","1","1","2"
"兴军节度使何葛","1","1","2"
"东北路统军司设","1","1","2"
"枢密使事耶律吐","1","1","2"
"密使事耶律吐朵","1","1","2"
"南府宰相窦景庸","1","1","2"
"进士文充等七十","1","1","2"
"士文充等七十二","1","1","2"
"文充等七十二人","1","1","2"
"七年春正月壬戌","2","0","2"
"人行宫副部署耶","1","1","2"
"行宫副部署耶律","1","1","2"
"宫副部署耶律谷","1","1","2"
"副部署耶律谷欲","1","1","2"
"权知东京留守萧","1","1","2"
"知东京留守萧陶","1","1","2"
"应范等二十八人","1","1","2"
"遣奚六部秃里耶","1","1","2"
"奚六部秃里耶律","1","1","2"
"六部秃里耶律郭","1","1","2"
"部秃里耶律郭三","1","1","2"
"左夷离毕耶律涅","1","1","2"
"夷离毕耶律涅里","1","1","2"
"进士冠尊文等五","1","1","2"
"士冠尊文等五十","1","1","2"
"冠尊文等五十三","1","1","2"
"尊文等五十三人","1","1","2"
"路招讨使耶律阿","1","1","2"
"招讨使耶律阿鲁","1","1","2"
"讨使耶律阿鲁扫","1","1","2"
"使耶律阿鲁扫古","1","1","2"
"耶律阿鲁扫古追","1","1","2"
"路招讨使耶律挞","1","1","2"
"左夷离毕耶律秃","1","1","2"
"西北路行军都监","1","1","2"
"统军使萧朽哥奏","1","1","2"
"四捷军都监特抹","1","1","2"
"部署萧阿鲁带奏","1","1","2"
"使耶律陈家奴奏","1","1","2"
"枢密使事耶律斡","1","1","2"
"密使事耶律斡特","1","1","2"
"使事耶律斡特剌","1","1","2"
"龙虎卫上将军耶","1","1","2"
"虎卫上将军耶律","1","1","2"
"卫上将军耶律胡","1","1","2"
"上将军耶律胡吕","1","1","2"
"密云流民租赋一","1","1","2"
"云流民租赋一年","1","1","2"
"西北路招讨司奏","1","1","2"
"敦睦宫太师耶律","1","1","2"
"睦宫太师耶律爱","1","1","2"
"宫太师耶律爱奴","1","1","2"
"知国舅详稳事萧","1","1","2"
"国舅详稳事萧阿","1","1","2"
"舅详稳事萧阿烈","1","1","2"
"详稳事萧阿烈同","1","1","2"
"东北路统军使耶","1","1","2"
"北路统军使耶律","1","1","2"
"路统军使耶律石","1","1","2"
"统军使耶律石柳","1","1","2"
"录西北路功将士","2","0","2"
"北路统军司奏讨","2","0","2"
"萧阿鲁带等击破","1","1","2"
"斡特剌奏讨耶睹","2","0","2"
"特剌奏讨耶睹刮","2","0","2"
"剌奏讨耶睹刮捷","2","0","2"
"左夷离毕耶律吐","1","1","2"
"夷离毕耶律吐朵","1","1","2"
"南京宣徽使耶律","1","1","2"
"京宣徽使耶律特","1","1","2"
"宣徽使耶律特末","1","1","2"
"奚六部大王事回","1","1","2"
"六部大王事回里","1","1","2"
"权参知政事赵孝","1","1","2"
"知政事赵孝严汉","2","0","2"
"政事赵孝严汉人","2","0","2"
"事赵孝严汉人行","2","0","2"
"赵孝严汉人行宫","2","0","2"
"孝严汉人行宫都","2","0","2"
"严汉人行宫都部","2","0","2"
"北面林牙耶律大","1","1","2"
"面林牙耶律大悲","1","1","2"
"林牙耶律大悲奴","1","1","2"
"参知政事王师儒","1","1","2"
"西南面招讨司讨","1","1","2"
"南府宰相耶律铎","1","1","2"
"府宰相耶律铎鲁","1","1","2"
"宰相耶律铎鲁斡","1","1","2"
"宫都部署耶律吾","1","1","2"
"武定军节度使梁","1","1","2"
"定军节度使梁援","1","1","2"
"西北路招讨使斡","1","1","2"
"北路招讨使斡特","1","1","2"
"路招讨使斡特剌","1","1","2"
"医巫闾山僧志达","2","0","2"
"知政事牛温舒知","2","0","2"
"斡特剌西北路招","2","0","2"
"特剌西北路招讨","2","0","2"
"兴圣宫使耶律郝","1","1","2"
"圣宫使耶律郝家","1","1","2"
"宫使耶律郝家奴","1","1","2"
"里底知北院枢密","2","0","2"
"底知北院枢密使","2","0","2"
"南院大王耶律吾","1","1","2"
"东京留守何鲁扫","1","1","2"
"京留守何鲁扫古","1","1","2"
"南院宣徽使萧常","1","1","2"
"院宣徽使萧常哥","1","1","2"
"御史中丞韩君义","1","1","2"
"辽兴军节度使梁","1","1","2"
"兴军节度使梁援","1","1","2"
"知右夷离毕事郝","1","1","2"
"右夷离毕事郝家","1","1","2"
"夷离毕事郝家奴","1","1","2"
"顺宗大孝顺圣皇","1","1","2"
"宗大孝顺圣皇帝","1","1","2"
"耶律乙辛所诬陷","1","1","2"
"律乙辛所诬陷者","1","1","2"
"北府宰相萧兀纳","1","1","2"
"密使耶律阿思加","1","1","2"
"葬仁圣大孝文皇","1","1","2"
"上皇考昭怀太子","1","1","2"
"皇考昭怀太子谥","1","1","2"
"曰大孝顺圣皇帝","1","1","2"
"夏国王李乾顺复","2","0","2"
"国王李乾顺复遣","2","0","2"
"王李乾顺复遣使","2","0","2"
"李乾顺复遣使请","2","0","2"
"乾顺复遣使请尚","2","0","2"
"顺复遣使请尚公","2","0","2"
"南院大王陈家奴","1","1","2"
"北面林牙郝家奴","1","1","2"
"入陪术水阿典部","1","1","2"
"上京留守耶律慎","1","1","2"
"京留守耶律慎思","1","1","2"
"惠文智武圣孝天","1","1","2"
"文智武圣孝天祚","1","1","2"
"智武圣孝天祚皇","1","1","2"
"武圣孝天祚皇帝","1","1","2"
"惕隐耶律何鲁扫","1","1","2"
"隐耶律何鲁扫古","1","1","2"
"曾祖曰庄敬皇帝","1","1","2"
"枢密副使耶律慎","1","1","2"
"密副使耶律慎思","1","1","2"
"院枢密使事萧敌","1","1","2"
"枢密使事萧敌里","1","1","2"
"里西北路招讨使","2","0","2"
"兴军节度使萧常","1","1","2"
"军节度使萧常哥","1","1","2"
"枢密直学士高端","1","1","2"
"密直学士高端礼","1","1","2"
"直学士高端礼等","1","1","2"
"族女南仙封成安","2","0","2"
"女南仙封成安公","2","0","2"
"南仙封成安公主","2","0","2"
"遣知北院枢密使","1","1","2"
"南院枢密使事牛","1","1","2"
"院枢密使事牛温","1","1","2"
"枢密使事牛温舒","1","1","2"
"北路招讨使萧敌","1","1","2"
"路招讨使萧敌里","1","1","2"
"招讨使萧敌里率","1","1","2"
"乾顺成安公主生","2","0","2"
"顺成安公主生子","2","0","2"
"年春正月丙午朔","2","0","2"
"进士刘桢等九十","1","1","2"
"士刘桢等九十人","1","1","2"
"十年春正月辛丑","2","0","2"
"天庆元年春正月","1","1","2"
"生女直酋长千里","2","0","2"
"女直酋长千里内","2","0","2"
"直酋长千里内者","2","0","2"
"详稳司送北枢密","1","1","2"
"稳司送北枢密院","1","1","2"
"丽三韩国公王俣","1","1","2"
"三年春正月丙寅","2","0","2"
"大牢古山围场地","1","1","2"
"枢密直学士马人","1","1","2"
"密直学士马人望","1","1","2"
"枢密院事耶律俨","1","1","2"
"纥石烈部人阿疏","1","1","2"
"遣海州刺史高仙","1","1","2"
"海州刺史高仙寿","1","1","2"
"州刺史高仙寿统","1","1","2"
"静江军节度使萧","1","1","2"
"江军节度使萧挞","1","1","2"
"发契丹奚军三千","1","1","2"
"契丹奚军三千人","1","1","2"
"路招讨使耶律斡","1","1","2"
"枢密使事耶律章","1","1","2"
"密使事耶律章奴","1","1","2"
"都统耶律斡里朵","1","1","2"
"统耶律斡里朵等","1","1","2"
"遣耶律张家奴等","1","1","2"
"耶律张家奴等六","1","1","2"
"律张家奴等六人","1","1","2"
"南面副部署萧陶","1","1","2"
"面副部署萧陶苏","1","1","2"
"副部署萧陶苏斡","1","1","2"
"诸行营都部署耶","1","1","2"
"行营都部署耶律","1","1","2"
"营都部署耶律章","1","1","2"
"都部署耶律章奴","1","1","2"
"都点检萧胡睹姑","1","1","2"
"枢密直学士柴谊","1","1","2"
"北院枢密使萧里","2","0","2"
"院枢密使萧里底","2","0","2"
"王妃亲弟萧谛里","1","1","2"
"顺国女直阿鹘产","2","0","2"
"擒贵族二百余人","2","0","2"
"锦州刺史耶律术","1","1","2"
"州刺史耶律术者","1","1","2"
"刺史耶律术者叛","1","1","2"
"北面林牙耶律马","1","1","2"
"面林牙耶律马哥","1","1","2"
"年春正月丙寅朔","2","0","2"
"副留守高清明集","1","1","2"
"太祖力战二十余","1","1","2"
"祖力战二十余年","1","1","2"
"裨将渤海高永昌","1","1","2"
"贵德州守将耶律","1","1","2"
"德州守将耶律余","1","1","2"
"州守将耶律余睹","1","1","2"
"遣汉人行宫都部","1","1","2"
"行宫都部署萧特","1","1","2"
"宫都部署萧特末","1","1","2"
"都部署萧特末率","1","1","2"
"院枢密使事萧韩","1","1","2"
"枢密使事萧韩家","1","1","2"
"密使事萧韩家奴","1","1","2"
"春州渤海二千余","1","1","2"
"州渤海二千余户","1","1","2"
"东北面行军诸将","1","1","2"
"北面行军诸将涅","1","1","2"
"面行军诸将涅里","1","1","2"
"同知枢密院事余","1","1","2"
"知枢密院事余里","1","1","2"
"命都元帅秦晋王","1","1","2"
"都元帅秦晋国王","1","1","2"
"东北路行军都统","1","1","2"
"北路行军都统奚","1","1","2"
"路行军都统奚霞","1","1","2"
"行军都统奚霞末","1","1","2"
"保安军节度使张","1","1","2"
"安军节度使张崇","1","1","2"
"东路诸州盗贼蜂","1","1","2"
"兴中府所属州郡","1","1","2"
"宁昌军节度使刘","1","1","2"
"昌军节度使刘宏","1","1","2"
"遣乌林答赞谟持","2","0","2"
"南面军帅余睹擒","1","1","2"
"遣知右夷离毕事","1","1","2"
"右夷离毕事萧习","1","1","2"
"夷离毕事萧习泥","1","1","2"
"离毕事萧习泥烈","1","1","2"
"毕事萧习泥烈等","1","1","2"
"金复遣乌林答赞","2","0","2"
"复遣乌林答赞谟","2","0","2"
"耶律陈图奴等二","1","1","2"
"律陈图奴等二十","1","1","2"
"陈图奴等二十余","1","1","2"
"图奴等二十余人","1","1","2"
"奴等二十余人谋","1","1","2"
"等二十余人谋反","1","1","2"
"北府宰相萧乙薛","1","1","2"
"知盐铁内省两司","1","1","2"
"金人完颜娄室等","1","1","2"
"彰圣等军节度使","1","1","2"
"子阿撒等三百余","1","1","2"
"阿撒等三百余人","1","1","2"
"队长武朝彦作乱","1","1","2"
"林牙耶律大石等","1","1","2"
"南北路两都招讨","1","1","2"
"北路两都招讨府","1","1","2"
"回离保知北院枢","2","0","2"
"离保知北院枢密","2","0","2"
"队帅耶律敌列等","1","1","2"
"劾西北路招讨使","1","1","2"
"白达达详稳床古","1","1","2"
"招讨副使耶律松","1","1","2"
"讨副使耶律松山","1","1","2"
"副使耶律松山等","1","1","2"
"等将兵二千五百","2","0","2"
"将兵二千五百攻","2","0","2"
"枢密副使萧剌阿","1","1","2"
"招讨使耶律术薛","1","1","2"
"讨使耶律术薛等","1","1","2"
"八万四千五百户","1","1","2"
"都元帅留守南京","1","1","2"
"太祖淳钦皇后述","1","1","2"
"祖淳钦皇后述律","1","1","2"
"淳钦皇后述律氏","1","1","2"
"圣宗仁德皇后萧","1","1","2"
"宗仁德皇后萧氏","1","1","2"
"诬告北府宰相萧","1","1","2"
"告北府宰相萧浞","1","1","2"
"北府宰相萧浞卜","1","1","2"
"耶律查剌诬告都","1","1","2"
"律查剌诬告都宫","1","1","2"
"查剌诬告都宫使","1","1","2"
"剌诬告都宫使耶","1","1","2"
"诬告都宫使耶律","1","1","2"
"告都宫使耶律撒","1","1","2"
"都宫使耶律撒剌","1","1","2"
"令牌印郎君萧讹","2","0","2"
"郎君萧讹都斡等","1","1","2"
"太祖挞马狘沙里","2","0","2"
"唐节度使周德威","1","1","2"
"神册三年十二月","1","1","2"
"张敬达军太原北","2","0","2"
"改迭剌部夷离堇","1","1","2"
"奚迭剌部夷离堇","1","1","2"
"汉军进逼长芦水","1","1","2"
"军进逼长芦水寨","1","1","2"
"改西南面招讨使","2","0","2"
"幽州马步军指挥","1","1","2"
"州马步军指挥使","1","1","2"
"马步军指挥使王","1","1","2"
"步军指挥使王千","1","1","2"
"军指挥使王千率","1","1","2"
"指挥使王千率众","1","1","2"
"加特进检校太尉","1","1","2"
"杜重威拥十万余","1","1","2"
"重威拥十万余众","1","1","2"
"威拥十万余众拒","1","1","2"
"降将张彦泽率骑","1","1","2"
"将张彦泽率骑兵","1","1","2"
"张彦泽率骑兵三","1","1","2"
"彦泽率骑兵三千","1","1","2"
"延寿族人赵行实","1","1","2"
"翰林学士承旨张","1","1","2"
"林学士承旨张砺","1","1","2"
"天显十一年七月","1","1","2"
"下关南城邑数十","1","1","2"
"沧州节度使田武","1","1","2"
"州节度使田武名","1","1","2"
"魏府节度使杜重","1","1","2"
"府节度使杜重威","1","1","2"
"管内观察处置等","1","1","2"
"内观察处置等使","1","1","2"
"协谋静乱翊圣功","1","1","2"
"谋静乱翊圣功臣","1","1","2"
"寻改临海军节度","2","0","2"
"改临海军节度使","2","0","2"
"宣徽使耶律海思","1","1","2"
"惕隐刘哥弟盆都","2","0","2"
"盆都使辖戛斯国","2","0","2"
"泰宁王察割阴谋","1","1","2"
"禁卫长皮室等同","1","1","2"
"卫长皮室等同力","1","1","2"
"长皮室等同力讨","1","1","2"
"尚钧等率精骑拒","1","1","2"
"夷离毕牙里斯等","1","1","2"
"遥授宁江军节度","1","1","2"
"授宁江军节度使","1","1","2"
"丹行宫都部署女","1","1","2"
"行宫都部署女里","1","1","2"
"耶律斜轸参预国","1","1","2"
"累迁同知枢密院","1","1","2"
"迁同知枢密院事","1","1","2"
"受遗诏辅立太子","1","1","2"
"贞亮弘靖保义守","1","1","2"
"亮弘靖保义守节","1","1","2"
"弘靖保义守节耆","1","1","2"
"靖保义守节耆德","1","1","2"
"保义守节耆德功","1","1","2"
"义守节耆德功臣","1","1","2"
"上命东平王萧排","1","1","2"
"命东平王萧排押","1","1","2"
"推诚竭节保义功","1","1","2"
"诚竭节保义功臣","1","1","2"
"宰相耶律奴瓜等","1","1","2"
"南院枢密使王继","1","1","2"
"院枢密使王继忠","1","1","2"
"统军萧讨古等败","1","1","2"
"遣北院宣徽使赵","1","1","2"
"北院宣徽使赵智","1","1","2"
"密使耶律斜轸薨","1","1","2"
"改西北路招讨使","2","0","2"
"三千二百八十人","1","1","2"
"南京步军都指挥","1","1","2"
"京步军都指挥使","1","1","2"
"枢密副使萧合卓","1","1","2"
"北院大王耶律斜","1","1","2"
"大王耶律斜轸兵","1","1","2"
"汉驸马都尉卢俊","1","1","2"
"宣徽使海思谋反","1","1","2"
"北院大王奚底拒","1","1","2"
"资忠保义匡国功","1","1","2"
"忠保义匡国功臣","1","1","2"
"密使耶律斜轸击","1","1","2"
"授西南面招讨都","1","1","2"
"四军兵马都指挥","1","1","2"
"驸马都尉萧啜里","1","1","2"
"害尚书令萧思温","1","1","2"
"右祗候郎君班详","1","1","2"
"大行皇帝山陵使","1","1","2"
"迁西南面招讨都","2","0","2"
"将杨详世等擒延","1","1","2"
"杨详世等擒延琳","1","1","2"
"赐效节宣庸定远","1","1","2"
"效节宣庸定远功","1","1","2"
"节宣庸定远功臣","1","1","2"
"加赐翊圣协穆保","1","1","2"
"赐翊圣协穆保义","1","1","2"
"翊圣协穆保义功","1","1","2"
"圣协穆保义功臣","1","1","2"
"同知左夷离毕事","1","1","2"
"时夷离堇部下闸","1","1","2"
"夷离堇部下闸撒","1","1","2"
"耶律弘古击破三","1","1","2"
"律弘古击破三水","1","1","2"
"弘古击破三水营","1","1","2"
"密使耶律斜轸收","1","1","2"
"使耶律斜轸收复","1","1","2"
"耶律斜轸收复山","1","1","2"
"律斜轸收复山西","1","1","2"
"宣徽使耶律阿没","1","1","2"
"徽使耶律阿没里","1","1","2"
"使耶律阿没里征","1","1","2"
"南京留守萧孝穆","1","1","2"
"昭德二军节度使","1","1","2"
"时招讨使耶律颇","1","1","2"
"林牙萧韩家奴等","1","1","2"
"枢密副使萧德修","1","1","2"
"密副使萧德修定","1","1","2"
"副使萧德修定法","1","1","2"
"使萧德修定法令","1","1","2"
"乌衍突厥部节度","1","1","2"
"衍突厥部节度使","1","1","2"
"乌古敌烈部都监","1","1","2"
"枢密使萧解里所","1","1","2"
"佶同知南京留守","1","1","2"
"累迁契丹行宫都","1","1","2"
"迁契丹行宫都部","1","1","2"
"萧阿忽带诬奏贼","1","1","2"
"加监门卫上将军","1","1","2"
"同签南京留守事","1","1","2"
"匡义二军节度使","1","1","2"
"惠知东京留守事","1","1","2"
"讨回鹘阿萨兰部","1","1","2"
"阻卜酋长直剌后","1","1","2"
"突举部节度使谐","1","1","2"
"举部节度使谐理","1","1","2"
"南京侍卫亲军马","1","1","2"
"京侍卫亲军马步","1","1","2"
"卫亲军马步军都","1","1","2"
"亲军马步军都指","1","1","2"
"诱山南党项诸部","1","1","2"
"知殿前副点检事","1","1","2"
"总知乌古敌烈部","1","1","2"
"迂鲁率精骑四百","1","1","2"
"东北路统军都监","1","1","2"
"事北院知圣旨事","1","1","2"
"开泰元年十一月","1","1","2"
"石烈太师阿里底","1","1","2"
"烈太师阿里底杀","1","1","2"
"乌古敌烈部详稳","1","1","2"
"破宋将杨继业军","1","1","2"
"招讨都监耶律胡","1","1","2"
"讨都监耶律胡吕","1","1","2"
"时北院枢密使韩","1","1","2"
"诏北院枢密使耶","2","0","2"
"敌烈部人夷剌杀","1","1","2"
"都统刘慎行逗留","1","1","2"
"乌古部节度使行","1","1","2"
"古部节度使行军","1","1","2"
"部节度使行军都","1","1","2"
"节度使行军都监","1","1","2"
"鹤剌唐古部节度","1","1","2"
"剌唐古部节度使","1","1","2"
"南院枢密官涅鲁","1","1","2"
"院枢密官涅鲁古","1","1","2"
"权知皇太后宫诸","1","1","2"
"知皇太后宫诸局","1","1","2"
"皇太后宫诸局事","1","1","2"
"重元子涅鲁古谋","2","0","2"
"累迁倒塌岭节度","1","1","2"
"迁倒塌岭节度使","1","1","2"
"改朔方军节度使","1","1","2"
"令兀纳辅导燕王","1","1","2"
"佛殿小底王华诬","1","1","2"
"改东北路统军使","1","1","2"
"三百骑渡混同江","1","1","2"
"百骑渡混同江西","1","1","2"
"北院枢密使阿思","1","1","2"
"改崇义军节度使","2","0","2"
"时北院枢密使乙","1","1","2"
"北院枢密使乙辛","1","1","2"
"近臣耶律白斯本","1","1","2"
"臣耶律白斯本赐","1","1","2"
"改同知南京留守","2","0","2"
"南院枢密使牛温","1","1","2"
"院枢密使牛温舒","1","1","2"
"漠北滑水马群太","1","1","2"
"北滑水马群太保","1","1","2"
"留守耶律大悲奴","1","1","2"
"余睹结驸马萧昱","2","0","2"
"三千里直捣云中","1","1","2"
"北枢密使萧奉先","1","1","2"
"汉马步军都元帅","1","1","2"
"永清人傅遵说随","1","1","2"
"清人傅遵说随郭","1","1","2"
"人傅遵说随郭药","1","1","2"
"傅遵说随郭药师","1","1","2"
"易州富民赵履仁","1","1","2"
"州富民赵履仁书","1","1","2"
"西南副都部署乌","1","1","2"
"南副都部署乌古","1","1","2"
"副都部署乌古敌","1","1","2"
"都部署乌古敌烈","1","1","2"
"长春州钱帛都提","1","1","2"
"春州钱帛都提点","1","1","2"
"中京留守萧吐浑","1","1","2"
"中京度支司盐铁","1","1","2"
"京度支司盐铁判","1","1","2"
"度支司盐铁判官","1","1","2"
"南京三司度支判","1","1","2"
"京三司度支判官","1","1","2"
"同知留守萧保先","1","1","2"
"南京诸宫提辖制","1","1","2"
"京诸宫提辖制置","1","1","2"
"判南京三司使事","1","1","2"
"手书宣马宣徽四","1","1","2"
"书宣马宣徽四字","1","1","2"
"宣马宣徽四字诏","1","1","2"
"加归义军节度使","1","1","2"
"黄幡绰罗衣轻应","1","1","2"
"幡绰罗衣轻应声","1","1","2"
"秦晋国王府祗候","1","1","2"
"契丹汉人渤海内","1","1","2"
"丹汉人渤海内侍","1","1","2"
"汉人渤海内侍都","1","1","2"
"人渤海内侍都知","1","1","2"
"驸马都尉萧霞抹","1","1","2"
"时护卫萧忽古知","1","1","2"
"耶律查剌诬告耶","1","1","2"
"律查剌诬告耶律","1","1","2"
"查剌诬告耶律撒","1","1","2"
"剌诬告耶律撒剌","1","1","2"
"诬告耶律撒剌等","1","1","2"
"耶律查剌前告耶","2","0","2"
"律查剌前告耶律","2","0","2"
"查剌前告耶律撒","2","0","2"
"剌前告耶律撒剌","2","0","2"
"前告耶律撒剌等","2","0","2"
"告耶律撒剌等事","2","0","2"
"耶律撒剌等事皆","2","0","2"
"律撒剌等事皆实","2","0","2"
"同知点检萧兀纳","1","1","2"
"护卫萧忽古等谋","2","0","2"
"夷离毕耶律燕哥","1","1","2"
"皮室详稳耶律屋","1","1","2"
"室详稳耶律屋质","1","1","2"
"详稳耶律屋质察","1","1","2"
"时林牙耶律敌猎","1","1","2"
"同党陈国王陈六","1","1","2"
"知北院枢密事萧","1","1","2"
"北院枢密事萧胡","1","1","2"
"院枢密事萧胡睹","1","1","2"
"枢密事萧胡睹等","1","1","2"
"累迁西南边大详","1","1","2"
"迁西南边大详稳","1","1","2"
"时太后命皇太弟","1","1","2"
"太后命皇太弟李","1","1","2"
"后命皇太弟李胡","1","1","2"
"命皇太弟李胡率","1","1","2"
"皇太弟李胡率兵","1","1","2"
"太弟李胡率兵南","1","1","2"
"国舅萧阿剌同掌","1","1","2"
"荐国舅详稳萧胡","1","1","2"
"国舅详稳萧胡笃","1","1","2"
"辛知北院枢密事","1","1","2"
"胁弩手军犯行宫","2","0","2"
"同党耶律撒剌竹","1","1","2"
"总知东路兵马事","1","1","2"
"吏民立秦晋国王","1","1","2"
"甥乙室八斤等杀","1","1","2"
"大迭烈府夷离堇","1","1","2"
"卢龙军节度使刘","1","1","2"
"龙军节度使刘仁","1","1","2"
"军节度使刘仁恭","1","1","2"
"节度使刘仁恭发","1","1","2"
"度使刘仁恭发兵","1","1","2"
"使刘仁恭发兵数","1","1","2"
"刘仁恭发兵数万","1","1","2"
"南宰相耶律欧里","1","1","2"
"宰相耶律欧里思","1","1","2"
"相耶律欧里思率","1","1","2"
"耶律欧里思率群","1","1","2"
"律欧里思率群臣","1","1","2"
"欧里思率群臣上","1","1","2"
"里思率群臣上尊","1","1","2"
"思率群臣上尊号","1","1","2"
"率群臣上尊号曰","1","1","2"
"臣上尊号曰天皇","1","1","2"
"上尊号曰天皇帝","1","1","2"
"称幽州卢龙军节","1","1","2"
"幽州卢龙军节度","1","1","2"
"州卢龙军节度使","1","1","2"
"迪里姑等五人分","1","1","2"
"里姑等五人分兵","1","1","2"
"命北宰相迪里古","1","1","2"
"马二千三百分赐","1","1","2"
"曷鲁迭剌部夷离","2","0","2"
"鲁迭剌部夷离堇","2","0","2"
"擒节度使李嗣本","1","1","2"
"将卢文进杀节度","1","1","2"
"卢文进杀节度使","1","1","2"
"文进杀节度使李","1","1","2"
"进杀节度使李存","1","1","2"
"杀节度使李存矩","1","1","2"
"子赛保里叛入幽","1","1","2"
"赛保里叛入幽州","1","1","2"
"节度使王处直养","1","1","2"
"度使王处直养子","1","1","2"
"统二十六年七月","2","0","2"
"重熙二十一年九","1","1","2"
"熙二十一年九月","1","1","2"
"遣诸将率兵攻下","1","1","2"
"诸将率兵攻下贝","1","1","2"
"将率兵攻下贝州","1","1","2"
"率兵攻下贝州高","1","1","2"
"兵攻下贝州高老","1","1","2"
"攻下贝州高老镇","1","1","2"
"杀深州刺史史万","1","1","2"
"深州刺史史万山","1","1","2"
"周殿前都点检赵","1","1","2"
"殿前都点检赵匡","1","1","2"
"前都点检赵匡胤","1","1","2"
"都点检赵匡胤废","1","1","2"
"点检赵匡胤废周","1","1","2"
"右皮室详稳贤适","1","1","2"
"六年春正月癸未","1","1","2"
"西南面招讨使耶","1","1","2"
"南面招讨使耶律","1","1","2"
"面招讨使耶律斜","1","1","2"
"招讨使耶律斜轸","1","1","2"
"南院枢密使郭袭","1","1","2"
"皇后奉遗诏摄政","1","1","2"
"南院大王勃古哲","1","1","2"
"院大王勃古哲总","1","1","2"
"宣徽南院使刘承","1","1","2"
"徽南院使刘承规","1","1","2"
"保义军节度使张","1","1","2"
"义军节度使张德","1","1","2"
"军节度使张德筠","1","1","2"
"翰林学士承旨马","1","1","2"
"东京中台省右平","1","1","2"
"京中台省右平章","1","1","2"
"中台省右平章事","1","1","2"
"左监门卫大将军","1","1","2"
"监门卫大将军王","1","1","2"
"门卫大将军王庭","1","1","2"
"卫大将军王庭勖","1","1","2"
"彰武军节度使韩","1","1","2"
"武军节度使韩德","1","1","2"
"归义军节度使王","1","1","2"
"义军节度使王希","1","1","2"
"军节度使王希严","1","1","2"
"赠尚父秦王韩匡","1","1","2"
"尚父秦王韩匡嗣","1","1","2"
"四番都统军李继","1","1","2"
"番都统军李继忠","1","1","2"
"西番酋帅瓦泥乞","1","1","2"
"番酋帅瓦泥乞移","1","1","2"
"坊等州观察处置","1","1","2"
"武定军马步军都","1","1","2"
"定军马步军都指","1","1","2"
"郢州防御使吕行","1","1","2"
"州防御使吕行德","1","1","2"
"副都指挥使张继","1","1","2"
"马军都指挥使刘","1","1","2"
"军都指挥使刘知","1","1","2"
"都指挥使刘知进","1","1","2"
"指挥使刘知进等","1","1","2"
"米信北渡拒马河","1","1","2"
"谛居部节度使佛","1","1","2"
"居部节度使佛奴","1","1","2"
"国舅详稳挞烈哥","1","1","2"
"驸马都尉萧宁远","1","1","2"
"遥辇副使控骨离","1","1","2"
"东京路诸宫分提","1","1","2"
"京路诸宫分提辖","1","1","2"
"路诸宫分提辖司","1","1","2"
"进封皇弟恒王隆","1","1","2"
"封皇弟恒王隆庆","1","1","2"
"奚王府五帐六节","1","1","2"
"王府五帐六节度","1","1","2"
"府五帐六节度献","1","1","2"
"行军都监老君奴","1","1","2"
"二十五年春正月","1","1","2"
"驸马都尉萧排押","1","1","2"
"政事舍人马保佑","1","1","2"
"安州团练使王八","1","1","2"
"高丽礼部郎中渤","1","1","2"
"丽礼部郎中渤海","1","1","2"
"礼部郎中渤海陀","1","1","2"
"部郎中渤海陀失","1","1","2"
"置阻卜诸部节度","1","1","2"
"阻卜诸部节度使","1","1","2"
"右皮室详稳延寿","1","1","2"
"皮室详稳延寿率","1","1","2"
"室详稳延寿率兵","1","1","2"
"翰林学士吴叔达","1","1","2"
"吏部员外郎南承","1","1","2"
"部员外郎南承颜","1","1","2"
"礼部员外郎王景","1","1","2"
"部员外郎王景运","1","1","2"
"员外郎王景运分","1","1","2"
"吕德懋知吏部尚","1","1","2"
"德懋知吏部尚书","1","1","2"
"北府宰相刘慎行","1","1","2"
"进士张克恭等三","1","1","2"
"士张克恭等三十","1","1","2"
"张克恭等三十七","1","1","2"
"克恭等三十七人","1","1","2"
"契丹弘义宫使赫","1","1","2"
"丹弘义宫使赫石","1","1","2"
"前遥恩拈部节度","1","1","2"
"遥恩拈部节度使","1","1","2"
"恩拈部节度使控","1","1","2"
"拈部节度使控骨","1","1","2"
"部节度使控骨里","1","1","2"
"左祗候郎君耶律","1","1","2"
"祗候郎君耶律罕","1","1","2"
"高丽国参知政事","1","1","2"
"丽国参知政事王","1","1","2"
"国参知政事王同","1","1","2"
"参知政事王同显","1","1","2"
"武定军节度使萧","1","1","2"
"定军节度使萧匹","1","1","2"
"军节度使萧匹敌","1","1","2"
"道士冯若谷加太","1","1","2"
"士冯若谷加太子","1","1","2"
"冯若谷加太子中","1","1","2"
"若谷加太子中允","1","1","2"
"行宫都部署萧孝","1","1","2"
"宫都部署萧孝先","1","1","2"
"漆水郡王耶律敌","1","1","2"
"水郡王耶律敌烈","1","1","2"
"尚书左仆射萧琳","1","1","2"
"天德军节度使耶","1","1","2"
"军节度使耶律卿","1","1","2"
"节度使耶律卿宁","1","1","2"
"河西军节度使耶","1","1","2"
"西军节度使耶律","1","1","2"
"军节度使耶律嵩","1","1","2"
"政事令耶律求翰","1","1","2"
"王子郎君详稳鼻","1","1","2"
"子郎君详稳鼻姑","1","1","2"
"签北面事耶律涅","1","1","2"
"北面事耶律涅哥","1","1","2"
"面事耶律涅哥同","1","1","2"
"事耶律涅哥同签","1","1","2"
"耶律涅哥同签点","1","1","2"
"律涅哥同签点检","1","1","2"
"涅哥同签点检司","1","1","2"
"护卫太保耶律合","1","1","2"
"卫太保耶律合住","1","1","2"
"北府宰相撒八宁","1","1","2"
"北府宰相萧孝忠","1","1","2"
"惕隐敌鲁古封漆","1","1","2"
"隐敌鲁古封漆水","1","1","2"
"敌鲁古封漆水郡","1","1","2"
"鲁古封漆水郡王","1","1","2"
"枢密副使萧阿剌","1","1","2"
"南院枢密使萧孝","1","1","2"
"院枢密使萧孝友","1","1","2"
"宫都部署耶律仁","1","1","2"
"都部署耶律仁先","1","1","2"
"知夷离毕事耶律","1","1","2"
"夷离毕事耶律信","1","1","2"
"离毕事耶律信先","1","1","2"
"人行宫都部署耶","1","1","2"
"宫都部署耶律敌","1","1","2"
"都部署耶律敌烈","1","1","2"
"南京留守事萧塔","1","1","2"
"京留守事萧塔烈","1","1","2"
"留守事萧塔烈葛","1","1","2"
"知右夷离毕事唐","1","1","2"
"右夷离毕事唐古","1","1","2"
"忠顺军节度使谢","1","1","2"
"顺军节度使谢家","1","1","2"
"军节度使谢家奴","1","1","2"
"奉陵军节度使侯","1","1","2"
"陵军节度使侯古","1","1","2"
"安定郡王涅鲁古","1","1","2"
"定郡王涅鲁古进","1","1","2"
"郡王涅鲁古进封","1","1","2"
"涅鲁古进封楚王","1","1","2"
"敌烈部都详稳萧","1","1","2"
"烈部都详稳萧慈","1","1","2"
"部都详稳萧慈氏","1","1","2"
"都详稳萧慈氏奴","1","1","2"
"南克耶律斡里死","1","1","2"
"东京留守萧塔列","1","1","2"
"京留守萧塔列葛","1","1","2"
"兴军节度使萧虚","1","1","2"
"军节度使萧虚烈","1","1","2"
"节度使萧虚烈封","1","1","2"
"度使萧虚烈封郑","1","1","2"
"使萧虚烈封郑王","1","1","2"
"上京留守宿国王","1","1","2"
"枢密副使姚景行","1","1","2"
"同知枢密院事韩","1","1","2"
"知枢密院事韩绍","1","1","2"
"枢密院事韩绍文","1","1","2"
"东京留守宿国王","1","1","2"
"南院枢密使萧阿","1","1","2"
"院枢密使萧阿速","1","1","2"
"枢密副使耶律乙","1","1","2"
"密副使耶律乙辛","1","1","2"
"东京留守吴王贴","1","1","2"
"子楚国王涅鲁古","1","1","2"
"院枢密使事萧胡","1","1","2"
"枢密使事萧胡睹","1","1","2"
"旗鼓拽剌详稳耶","1","1","2"
"鼓拽剌详稳耶律","1","1","2"
"拽剌详稳耶律郭","1","1","2"
"剌详稳耶律郭九","1","1","2"
"时南院枢密使许","1","1","2"
"南院枢密使许王","1","1","2"
"院枢密使许王仁","1","1","2"
"枢密使许王仁先","1","1","2"
"知北枢密院事赵","1","1","2"
"北枢密院事赵王","1","1","2"
"枢密院事赵王耶","1","1","2"
"密院事赵王耶律","1","1","2"
"院事赵王耶律乙","1","1","2"
"事赵王耶律乙辛","1","1","2"
"南府宰相萧唐古","1","1","2"
"北院宣徽使萧韩","1","1","2"
"院宣徽使萧韩家","1","1","2"
"宣徽使萧韩家奴","1","1","2"
"睦宫使耶律良等","1","1","2"
"宫使耶律良等率","1","1","2"
"使耶律良等率宿","1","1","2"
"耶律良等率宿卫","1","1","2"
"律良等率宿卫士","1","1","2"
"良等率宿卫士卒","1","1","2"
"等率宿卫士卒数","1","1","2"
"率宿卫士卒数千","1","1","2"
"宿卫士卒数千人","1","1","2"
"北路招讨使萧术","1","1","2"
"路招讨使萧术者","1","1","2"
"左夷离毕萧惟信","1","1","2"
"枢密使事耶律白","1","1","2"
"知枢密院事杨绩","1","1","2"
"东北路详稳高八","1","1","2"
"枢密直学士张孝","1","1","2"
"密直学士张孝杰","1","1","2"
"宫都部署耶律胡","1","1","2"
"都部署耶律胡睹","1","1","2"
"院枢密使事萧惟","1","1","2"
"枢密使事萧惟信","1","1","2"
"密使魏王耶律乙","1","1","2"
"使魏王耶律乙辛","1","1","2"
"枢密副使耶律特","1","1","2"
"密副使耶律特里","1","1","2"
"副使耶律特里底","1","1","2"
"左夷离毕耶律世","1","1","2"
"夷离毕耶律世迁","1","1","2"
"宫都部署耶律燕","1","1","2"
"都部署耶律燕哥","1","1","2"
"北面林牙耶律永","1","1","2"
"面林牙耶律永宁","1","1","2"
"院枢密使事萧挞","1","1","2"
"辽西郡王萧余里","1","1","2"
"乙室大王萧何葛","1","1","2"
"权知奚六部大王","1","1","2"
"奚六部大王事图","1","1","2"
"六部大王事图赶","1","1","2"
"南院宣徽使萧何","1","1","2"
"院宣徽使萧何葛","1","1","2"
"左夷离毕耶律坦","1","1","2"
"枢密院事耶律斡","1","1","2"
"密院事耶律斡特","1","1","2"
"院事耶律斡特剌","1","1","2"
"召枢密直学士耶","1","1","2"
"直学士耶律俨讲","1","1","2"
"奚六部大王事涅","1","1","2"
"六部大王事涅葛","1","1","2"
"权参知政事韩资","1","1","2"
"人行宫都部署奚","1","1","2"
"行宫都部署奚回","1","1","2"
"宫都部署奚回离","1","1","2"
"都部署奚回离保","1","1","2"
"辽兴军节度使荣","1","1","2"
"兴军节度使荣哥","1","1","2"
"夷离毕事耶律吐","1","1","2"
"离毕事耶律吐朵","1","1","2"
"院枢密使事萧药","1","1","2"
"枢密使事萧药师","1","1","2"
"密使事萧药师奴","1","1","2"
"辽兴军节度使涅","1","1","2"
"兴军节度使涅里","1","1","2"
"前知惕隐事耶律","1","1","2"
"知惕隐事耶律郭","1","1","2"
"惕隐事耶律郭三","1","1","2"
"奚六部大王回离","1","1","2"
"六部大王回离保","1","1","2"
"人行宫都部署梁","1","1","2"
"行宫都部署梁援","1","1","2"
"乌古部节度使陈","1","1","2"
"古部节度使陈家","1","1","2"
"部节度使陈家奴","1","1","2"
"进士康秉俭等八","1","1","2"
"士康秉俭等八十","1","1","2"
"康秉俭等八十七","1","1","2"
"秉俭等八十七人","1","1","2"
"上尊号曰天祚皇","1","1","2"
"尊号曰天祚皇帝","1","1","2"
"南府宰相耶律斡","1","1","2"
"府宰相耶律斡特","1","1","2"
"宰相耶律斡特剌","1","1","2"
"召监修国史耶律","1","1","2"
"监修国史耶律俨","1","1","2"
"修国史耶律俨纂","1","1","2"
"南面招讨使萧乐","1","1","2"
"面招讨使萧乐古","1","1","2"
"饶州渤海古欲等","1","1","2"
"东面行军副统马","1","1","2"
"面行军副统马哥","1","1","2"
"行军副统马哥等","1","1","2"
"南京统军都监查","1","1","2"
"京统军都监查剌","1","1","2"
"执招讨使耶律斡","1","1","2"
"金皇统元年二月","1","1","2"
"广宁府闾阳县乾","1","1","2"
"宁府闾阳县乾陵","1","1","2"
"进士李宝信等一","1","1","2"
"士李宝信等一十","1","1","2"
"李宝信等一十九","1","1","2"
"宝信等一十九人","1","1","2"
"文武百官册立大","1","1","2"
"武百官册立大石","1","1","2"
"甲辰岁二月五日","1","1","2"
"敌剌部前同知枢","1","1","2"
"剌部前同知枢密","1","1","2"
"部前同知枢密院","1","1","2"
"前同知枢密院事","1","1","2"
"知枢密院事萧查","1","1","2"
"枢密院事萧查剌","1","1","2"
"密院事萧查剌阿","1","1","2"
"茶赤剌部秃鲁耶","1","1","2"
"赤剌部秃鲁耶律","1","1","2"
"剌部秃鲁耶律燕","1","1","2"
"部秃鲁耶律燕山","1","1","2"
"魏宁生慎思梅里","1","1","2"
"慎思生婆姑梅里","1","1","2"
"婆姑娶匀德恝王","1","1","2"
"上尊号曰承天皇","1","1","2"
"谥曰圣神宣献皇","1","1","2"
"曰圣神宣献皇后","1","1","2"
"圣宗钦哀皇后萧","1","1","2"
"宗钦哀皇后萧氏","1","1","2"
"瑞慎等州观察使","1","1","2"
"遥授彰武军节度","1","1","2"
"授彰武军节度使","1","1","2"
"蓟三州都指挥使","1","1","2"
"六院部夷离堇蒲","1","1","2"
"院部夷离堇蒲古","1","1","2"
"南院夷离堇绾思","1","1","2"
"本宫分人检校太","1","1","2"
"宫分人检校太师","1","1","2"
"分人检校太师合","1","1","2"
"人检校太师合鲁","1","1","2"
"西北路兵马都部","1","1","2"
"北路兵马都部署","1","1","2"
"乌古敌烈部屯田","1","1","2"
"古敌烈部屯田太","1","1","2"
"敌烈部屯田太保","1","1","2"
"彰信等军节度使","1","1","2"
"权知东北路统军","1","1","2"
"知东北路统军使","1","1","2"
"东北路统军使事","1","1","2"
"南京侍卫亲军都","1","1","2"
"京侍卫亲军都指","1","1","2"
"侍卫亲军都指挥","1","1","2"
"卫亲军都指挥使","1","1","2"
"西边详稳耶律速","1","1","2"
"边详稳耶律速撒","1","1","2"
"南面行军副部署","1","1","2"
"膳部员外郎累迁","1","1","2"
"六院夷离堇蒲古","1","1","2"
"累迁同知点检司","1","1","2"
"迁同知点检司事","1","1","2"
"迁忠顺军节度使","1","1","2"
"累迁西北路招讨","2","0","2"
"功迁九水诸部安","1","1","2"
"迁九水诸部安抚","1","1","2"
"九水诸部安抚使","1","1","2"
"知西南面招讨使","1","1","2"
"累迁同知北院枢","1","1","2"
"述屋质安民治盗","1","1","2"
"隗衍党项部节度","1","1","2"
"衍党项部节度使","1","1","2"
"院枢密使耶律乙","1","1","2"
"密使耶律乙辛所","1","1","2"
"使耶律乙辛所忌","1","1","2"
"知北院副部署事","1","1","2"
"摄西南面招讨使","1","1","2"
"推诚协谋竭节功","1","1","2"
"诚协谋竭节功臣","1","1","2"
"帝姊秦晋国长公","1","1","2"
"姊秦晋国长公主","1","1","2"
"都统耶律赵三征","1","1","2"
"统耶律赵三征讨","1","1","2"
"徒鲁古皮室详稳","1","1","2"
"山西路都转运使","1","1","2"
"彰武军节度使掌","1","1","2"
"武军节度使掌书","1","1","2"
"军节度使掌书记","1","1","2"
"同知咸州路兵马","1","1","2"
"东北路统军使萧","1","1","2"
"北路统军使萧挞","1","1","2"
"遣知奚王府萧遐","1","1","2"
"知奚王府萧遐买","1","1","2"
"大常衮耶律谛里","1","1","2"
"常衮耶律谛里姑","1","1","2"
"四军太师萧干追","1","1","2"
"军太师萧干追捕","1","1","2"
"迁天成军节度使","1","1","2"
"枢密都承旨王惟","1","1","2"
"密都承旨王惟吉","1","1","2"
"招讨使耶律敌古","1","1","2"
"讨使耶律敌古率","1","1","2"
"使耶律敌古率阻","1","1","2"
"耶律敌古率阻卜","1","1","2"
"律敌古率阻卜军","1","1","2"
"北院大王宜新等","1","1","2"
"义武军节度使李","1","1","2"
"武军节度使李殷","1","1","2"
"景宗孝成康靖皇","1","1","2"
"宗孝成康靖皇帝","1","1","2"
"归化州刺史耶律","1","1","2"
"化州刺史耶律普","1","1","2"
"州刺史耶律普宁","1","1","2"
"右武卫大将军韩","1","1","2"
"武卫大将军韩倬","1","1","2"
"侍卫亲军兵马都","1","1","2"
"卫亲军兵马都指","1","1","2"
"亲军兵马都指挥","1","1","2"
"蔚州左右都押衙","1","1","2"
"州左右都押衙李","1","1","2"
"左右都押衙李存","1","1","2"
"右都押衙李存璋","1","1","2"
"铜州节度使耿绍","1","1","2"
"州节度使耿绍忠","1","1","2"
"人行宫副部署刘","1","1","2"
"行宫副部署刘六","1","1","2"
"宫副部署刘六符","1","1","2"
"东北路详稳合里","1","1","2"
"西南面招讨使拾","1","1","2"
"天祚皇帝第二子","1","1","2"
"皇上查看犯人口","0","2","2"
"上查看犯人口供","0","2","2"
"派使者察看犯人","0","2","2"
"使者察看犯人口","0","2","2"
"者察看犯人口供","0","2","2"
"征讨黑车子室韦","0","2","2"
"受百官及各国使","0","2","2"
"敌鲁为北府宰相","0","2","2"
"和州回鹘前来进","0","2","2"
"州回鹘前来进贡","0","2","2"
"十二月二十一日","0","2","2"
"派遣滕彦休前来","0","2","2"
"遣滕彦休前来进","0","2","2"
"滕彦休前来进贡","0","2","2"
"三年春正月二十","0","2","2"
"以皇弟耶律苏为","0","2","2"
"梁遣郎公远来访","0","2","2"
"十一月二十六日","0","2","2"
"南府宰相耶律苏","0","2","2"
"以草绳肉袒自缚","0","2","2"
"耶律倍为人皇王","0","2","2"
"暂时摄理军国大","0","2","2"
"时摄理军国大事","0","2","2"
"答应了他们的请","0","2","2"
"应了他们的请求","0","2","2"
"达卢古前来进贡","0","2","2"
"皇上生日作为天","0","2","2"
"及各国使者朝贺","0","2","2"
"宴饮群臣及各国","0","2","2"
"饮群臣及各国使","0","2","2"
"临幸人皇王府第","0","2","2"
"臣商议军国大事","0","2","2"
"献时令鲜果于太","0","2","2"
"时令鲜果于太祖","0","2","2"
"令鲜果于太祖庙","0","2","2"
"六年春正月初五","0","2","2"
"敌烈德前来进贡","0","2","2"
"夏四月二十一日","0","2","2"
"七年春正月初十","0","2","2"
"物品分赐给群臣","0","2","2"
"十二月二十五日","0","2","2"
"派使者前来报丧","0","2","2"
"十二月二十六日","0","2","2"
"李从珂弑君自立","0","2","2"
"皇上从容地对他","0","2","2"
"上从容地对他说","0","2","2"
"耶律倍与他同死","0","2","2"
"晋使者及各国使","0","2","2"
"使者及各国使者","0","2","2"
"晋派使者前来报","0","2","2"
"同元年春正月初","0","2","2"
"再次派使者请求","0","2","2"
"派使者前来谢册","0","2","2"
"广德至仁昭烈崇","0","2","2"
"德至仁昭烈崇简","0","2","2"
"至仁昭烈崇简应","0","2","2"
"刘日旬为守太保","0","2","2"
"南唐派使者前来","0","2","2"
"唐派使者前来进","0","2","2"
"晋派遣使者进献","0","2","2"
"派使者前来朝觐","0","2","2"
"南唐分别派使者","0","2","2"
"唐分别派使者前","0","2","2"
"前来问候皇上起","0","2","2"
"来问候皇上起居","0","2","2"
"派使者进献弓箭","0","2","2"
"安重荣事前来报","0","2","2"
"重荣事前来报告","0","2","2"
"派使者请求撤去","0","2","2"
"为西南路招讨使","0","2","2"
"为之停止上朝七","0","2","2"
"派使者前往晋国","0","2","2"
"民户迁徙到内地","0","2","2"
"黑车子室韦前来","0","2","2"
"车子室韦前来进","0","2","2"
"子室韦前来进贡","0","2","2"
"八年春正月初三","0","2","2"
"鼻骨德均来进贡","0","2","2"
"秋七月二十一日","0","2","2"
"九年春正月初八","0","2","2"
"为金吾卫上将军","0","2","2"
"为镇国军节度使","0","2","2"
"殿接受百官朝贺","0","2","2"
"为昭义军节度使","0","2","2"
"随从太宗讨伐晋","0","2","2"
"太宗崩逝于栾城","0","2","2"
"即皇帝位于柩前","0","2","2"
"南院大王耶律吼","0","2","2"
"设置北院枢密使","0","2","2"
"群臣奉上尊号曰","0","2","2"
"臣奉上尊号曰天","0","2","2"
"被封为漆水郡王","0","2","2"
"高勋册封刘崇为","0","2","2"
"勋册封刘崇为大","0","2","2"
"册封刘崇为大汉","0","2","2"
"封刘崇为大汉神","0","2","2"
"刘崇为大汉神武","0","2","2"
"崇为大汉神武皇","0","2","2"
"为大汉神武皇帝","0","2","2"
"祭祀让国皇帝于","0","2","2"
"祀让国皇帝于行","0","2","2"
"让国皇帝于行宫","0","2","2"
"南唐派使者进贡","0","2","2"
"汉派使者前来求","0","2","2"
"汉派使者进贡药","0","2","2"
"派使者进贡药物","0","2","2"
"于是将他们全部","0","2","2"
"派使者前去吊唁","0","2","2"
"汉派使者前来商","0","2","2"
"派使者前来商议","0","2","2"
"使者前来商议军","0","2","2"
"者前来商议军事","0","2","2"
"年春正月十二日","0","2","2"
"召集群臣商议时","0","2","2"
"汉派使者前来告","0","2","2"
"子耶律喜隐谋反","0","2","2"
"供辞牵涉到李胡","0","2","2"
"思为北院枢密使","0","2","2"
"派使者前来奏告","0","2","2"
"派使者前去责问","0","2","2"
"十七年春正月初","0","2","2"
"上听从了他的建","0","2","2"
"皇上派使者前往","0","2","2"
"上派使者前往吊","0","2","2"
"有司奏请以皇上","0","2","2"
"司奏请以皇上生","0","2","2"
"奏请以皇上生日","0","2","2"
"请以皇上生日为","0","2","2"
"以皇上生日为天","0","2","2"
"宁二年春正月初","0","2","2"
"让国皇帝及世宗","0","2","2"
"国皇帝及世宗庙","0","2","2"
"枢密使贤适为西","0","2","2"
"出巡途中暂驻于","0","2","2"
"四年春正月初二","0","2","2"
"五年春正月初九","0","2","2"
"前来报告宋国国","0","2","2"
"来报告宋国国事","0","2","2"
"秋七月二十九日","0","2","2"
"宋派使者前来朝","0","2","2"
"等献上党项俘虏","0","2","2"
"宋派使者前来祝","0","2","2"
"驸马都尉卢俊前","0","2","2"
"马都尉卢俊前来","0","2","2"
"九年春正月初五","0","2","2"
"再次派使者前来","0","2","2"
"车驾暂驻于沿柳","0","2","2"
"驾暂驻于沿柳湖","0","2","2"
"祭品祭祀太祖庙","0","2","2"
"诏令南府宰相耶","0","2","2"
"令南府宰相耶律","0","2","2"
"府宰相耶律沙为","0","2","2"
"使者前来感谢我","0","2","2"
"者前来感谢我国","0","2","2"
"献上俘虏及财物","0","2","2"
"赐给他们财物各","0","2","2"
"给他们财物各若","0","2","2"
"他们财物各若干","0","2","2"
"枢密使兼政事令","0","2","2"
"尊皇后为皇太后","0","2","2"
"西南面有功将士","0","2","2"
"平章事萧道宁为","0","2","2"
"皇上下诏褒奖称","0","2","2"
"上下诏褒奖称美","0","2","2"
"皇上与皇太后拜","0","2","2"
"上与皇太后拜谒","0","2","2"
"二年春正月十三","0","2","2"
"皇上答应了他的","0","2","2"
"上答应了他的请","0","2","2"
"任命枢密直学士","0","2","2"
"诏令诸道修缮甲","0","2","2"
"密使耶律斜轸为","0","2","2"
"四年春正月初五","0","2","2"
"的俘虏及缴获物","0","2","2"
"派东京留守耶律","0","2","2"
"诏令驸马都尉萧","0","2","2"
"令驸马都尉萧继","0","2","2"
"兵赶赴蔚州援助","0","2","2"
"官爵财物各有等","0","2","2"
"皇上与大臣分组","0","2","2"
"上与大臣分组击","0","2","2"
"与大臣分组击鞠","0","2","2"
"太后上尊号为睿","0","2","2"
"后上尊号为睿德","0","2","2"
"上尊号为睿德神","0","2","2"
"尊号为睿德神略","0","2","2"
"号为睿德神略应","0","2","2"
"为睿德神略应运","0","2","2"
"给皇帝上尊号为","0","2","2"
"皇帝上尊号为至","0","2","2"
"帝上尊号为至德","0","2","2"
"上尊号为至德广","0","2","2"
"尊号为至德广孝","0","2","2"
"号为至德广孝昭","0","2","2"
"为至德广孝昭圣","0","2","2"
"至德广孝昭圣天","0","2","2"
"六年春正月初二","0","2","2"
"李继迁派使者来","0","2","2"
"继迁派使者来进","0","2","2"
"迁派使者来进贡","0","2","2"
"为奉陵军节度使","0","2","2"
"宣政殿学士马得","0","2","2"
"政殿学士马得臣","0","2","2"
"拜谒景宗皇帝庙","0","2","2"
"军解除戒严状态","0","2","2"
"王子帐耶律襄之","0","2","2"
"子帐耶律襄之女","0","2","2"
"临幸延寿寺斋僧","0","2","2"
"免除三京诸道的","0","2","2"
"分头审理诸道积","0","2","2"
"头审理诸道积压","0","2","2"
"审理诸道积压案","0","2","2"
"理诸道积压案件","0","2","2"
"夏国王李继迁派","0","2","2"
"出巡途中歇驾于","0","2","2"
"节度使李继捧前","0","2","2"
"度使李继捧前来","0","2","2"
"为推忠效顺启圣","0","2","2"
"十年春正月初二","0","2","2"
"三年的赋税徭役","0","2","2"
"赐给南京统军司","0","2","2"
"任命南院大王耶","0","2","2"
"令南京审理积压","0","2","2"
"南京审理积压案","0","2","2"
"京审理积压案件","0","2","2"
"百姓请求让他留","0","2","2"
"夏国派使者进贡","0","2","2"
"鼻骨德前来朝贡","0","2","2"
"派童子十人前来","0","2","2"
"童子十人前来学","0","2","2"
"子十人前来学习","0","2","2"
"十人前来学习本","0","2","2"
"人前来学习本国","0","2","2"
"前来学习本国语","0","2","2"
"铁骊派使者前来","0","2","2"
"骊派使者前来进","0","2","2"
"韩德威奏报讨伐","0","2","2"
"德威奏报讨伐党","0","2","2"
"威奏报讨伐党项","0","2","2"
"伐党项获得胜利","0","2","2"
"被封为兰陵郡王","0","2","2"
"皇上向皇太后问","0","2","2"
"上向皇太后问安","0","2","2"
"李继迁为西平王","0","2","2"
"每年向辽进贡麇","0","2","2"
"祭品祭祀太宗皇","0","2","2"
"品祭祀太宗皇帝","0","2","2"
"之停止上朝五天","0","2","2"
"兼任知北院枢密","0","2","2"
"为朔方军节度使","0","2","2"
"西南面招讨使奏","0","2","2"
"南面招讨使奏称","0","2","2"
"与宋军在遂城交","0","2","2"
"宋军在遂城交战","0","2","2"
"来报告攻下了宋","0","2","2"
"报告攻下了宋的","0","2","2"
"部派使者前来进","0","2","2"
"其子李德昭派使","0","2","2"
"子李德昭派使者","0","2","2"
"派西上阁门使丁","0","2","2"
"昭派使者前来感","0","2","2"
"德昭派使者进献","0","2","2"
"阻卜酋长铁剌里","0","2","2"
"女真派使者进献","0","2","2"
"楚国王隆佑留守","0","2","2"
"国王隆佑留守京","0","2","2"
"王隆佑留守京师","0","2","2"
"没有归还土地之","0","2","2"
"有归还土地之意","0","2","2"
"放榜录取进士李","0","2","2"
"使者前来祝贺我","0","2","2"
"者前来祝贺我国","0","2","2"
"前来祝贺我国与","0","2","2"
"来祝贺我国与宋","0","2","2"
"兰回鹘派使者前","0","2","2"
"等前来吊唁祭祀","0","2","2"
"前去感谢宋国的","0","2","2"
"去感谢宋国的吊","0","2","2"
"丽派使者前来会","0","2","2"
"城让他们居住下","0","2","2"
"让他们居住下来","0","2","2"
"将消息告知宋国","0","2","2"
"王询派使者请求","0","2","2"
"任命北院大王耶","0","2","2"
"命北院大王耶律","0","2","2"
"耶律世良为北院","0","2","2"
"为参知政事兼知","0","2","2"
"哥为北院枢密使","0","2","2"
"派使者进献良马","0","2","2"
"百官给皇上加尊","0","2","2"
"官给皇上加尊号","0","2","2"
"给皇上加尊号为","0","2","2"
"道至德崇仁广孝","0","2","2"
"派引进使李延弘","0","2","2"
"进使李延弘赐给","0","2","2"
"使李延弘赐给夏","0","2","2"
"李延弘赐给夏国","0","2","2"
"延弘赐给夏国王","0","2","2"
"弘赐给夏国王李","0","2","2"
"赐给夏国王李德","0","2","2"
"给夏国王李德昭","0","2","2"
"资忠出使高丽回","0","2","2"
"忠出使高丽回国","0","2","2"
"曹顺派使者前来","0","2","2"
"顺派使者前来进","0","2","2"
"任命西北路招讨","0","2","2"
"任命旗鼓拽剌详","0","2","2"
"命旗鼓拽剌详稳","0","2","2"
"剌详稳题里姑为","0","2","2"
"人进士及第出身","0","2","2"
"四年春正月初四","0","2","2"
"都点检萧屈烈为","0","2","2"
"点检萧屈烈为都","0","2","2"
"检萧屈烈为都监","0","2","2"
"留守耶律八哥为","0","2","2"
"卜酋长前来朝见","0","2","2"
"命前北院大王耶","0","2","2"
"萧合卓为北院枢","0","2","2"
"合卓为北院枢密","0","2","2"
"卓为北院枢密使","0","2","2"
"皇上田猎于赤山","0","2","2"
"德前来祝贺千龄","0","2","2"
"都部署王继忠为","0","2","2"
"十一月二十一日","0","2","2"
"任命顺义军节度","0","2","2"
"命顺义军节度使","0","2","2"
"任命东平郡王萧","0","2","2"
"命东平郡王萧排","0","2","2"
"平郡王萧排押为","0","2","2"
"忠为长宁军节度","0","2","2"
"曷苏馆惕隐阿不","0","2","2"
"任命东北路详稳","0","2","2"
"命东北路详稳耶","0","2","2"
"为启圣军节度使","0","2","2"
"派使者前来求婚","0","2","2"
"充任祝贺夏国王","0","2","2"
"任祝贺夏国王李","0","2","2"
"祝贺夏国王李德","0","2","2"
"任祝贺宋太后生","0","2","2"
"任祝贺宋正旦正","0","2","2"
"祝贺宋正旦正副","0","2","2"
"枢密副使杨又玄","0","2","2"
"等四十七人及第","0","2","2"
"任命南院宣徽使","0","2","2"
"任命南府宰相耶","0","2","2"
"贺宋主生辰正副","0","2","2"
"宋主生辰正副使","0","2","2"
"主生辰正副使者","0","2","2"
"为归德军节度使","0","2","2"
"乐安郡王遂哥为","0","2","2"
"为临海军节度使","0","2","2"
"为归义军节度使","0","2","2"
"任祝贺宋正旦的","0","2","2"
"祝贺宋正旦的正","0","2","2"
"贺宋正旦的正副","0","2","2"
"宋正旦的正副使","0","2","2"
"任祝贺宋国太后","0","2","2"
"祝贺宋国太后生","0","2","2"
"贺宋国太后生辰","0","2","2"
"太后生辰的正副","0","2","2"
"后生辰的正副使","0","2","2"
"入京任南院枢密","0","2","2"
"诸部酋长前来朝","0","2","2"
"夏四月二十五日","0","2","2"
"大王耶律敌烈为","0","2","2"
"等五十七人及第","0","2","2"
"为忠顺军节度使","0","2","2"
"任命耶律韩八为","0","2","2"
"里为左祗候郎君","0","2","2"
"为左祗候郎君详","0","2","2"
"送先帝遗物给宋","0","2","2"
"先帝遗物给宋国","0","2","2"
"来年贺宋正旦正","0","2","2"
"年贺宋正旦正副","0","2","2"
"皇上率领群臣给","0","2","2"
"上率领群臣给皇","0","2","2"
"率领群臣给皇太","0","2","2"
"领群臣给皇太后","0","2","2"
"群臣给皇上上尊","0","2","2"
"臣给皇上上尊号","0","2","2"
"前来祝贺来年正","0","2","2"
"来祝贺来年正旦","0","2","2"
"贺宋生辰正副使","0","2","2"
"宋生辰正副使者","0","2","2"
"沿路私自买卖金","0","2","2"
"贺永寿节及来年","0","2","2"
"永寿节及来年正","0","2","2"
"寿节及来年正旦","0","2","2"
"贺宋生辰及来年","0","2","2"
"宋生辰及来年正","0","2","2"
"辰及来年正旦正","0","2","2"
"及来年正旦正副","0","2","2"
"张士禹前来祝贺","0","2","2"
"士禹前来祝贺永","0","2","2"
"禹前来祝贺永寿","0","2","2"
"六年春正月初四","0","2","2"
"王萧孝穆为北院","0","2","2"
"萧孝穆为北院枢","0","2","2"
"孝穆为北院枢密","0","2","2"
"穆为北院枢密使","0","2","2"
"任命耶律信宁为","0","2","2"
"来祝贺正旦及永","0","2","2"
"祝贺正旦及永寿","0","2","2"
"贺正旦及永寿节","0","2","2"
"临幸皇太弟重元","0","2","2"
"派北院承旨耶律","0","2","2"
"屯秃古斯前来朝","0","2","2"
"秃古斯前来朝见","0","2","2"
"任命宣政殿学士","0","2","2"
"命宣政殿学士杨","0","2","2"
"政殿学士杨佶为","0","2","2"
"冬十一月十八日","0","2","2"
"给皇上加上尊号","0","2","2"
"皇上加上尊号为","0","2","2"
"册封皇后萧氏为","0","2","2"
"封皇后萧氏为贞","0","2","2"
"皇后萧氏为贞懿","0","2","2"
"重元之子涅鲁古","0","2","2"
"派同知析津府事","0","2","2"
"使者前来祝贺辽","0","2","2"
"耶律敌烈等出使","0","2","2"
"律敌烈等出使夏","0","2","2"
"敌烈等出使夏国","0","2","2"
"命南院枢密使吴","0","2","2"
"吴国王萧孝穆为","0","2","2"
"派使者上表请求","0","2","2"
"六符为长宁军节","0","2","2"
"符为长宁军节度","0","2","2"
"派延昌宫使高家","0","2","2"
"阻卜酋长乌八派","0","2","2"
"卜酋长乌八派其","0","2","2"
"酋长乌八派其子","0","2","2"
"皇上举行再生礼","0","2","2"
"送来送行的礼金","0","2","2"
"使者前来进贡土","0","2","2"
"者前来进贡土产","0","2","2"
"诏令北院枢密使","0","2","2"
"王屯秃古斯率领","0","2","2"
"屯秃古斯率领诸","0","2","2"
"秃古斯率领诸部","0","2","2"
"古斯率领诸部酋","0","2","2"
"斯率领诸部酋长","0","2","2"
"率领诸部酋长前","0","2","2"
"领诸部酋长前来","0","2","2"
"追赠他为同中书","0","2","2"
"赠他为同中书门","0","2","2"
"他为同中书门下","0","2","2"
"兰派使者前来进","0","2","2"
"萧阿剌为北府宰","0","2","2"
"六为奚六部大王","0","2","2"
"特赦徒刑以下犯","0","2","2"
"赦徒刑以下犯人","0","2","2"
"诏令士庶上书言","0","2","2"
"为右监门卫大将","0","2","2"
"其子李谅祚派使","0","2","2"
"子李谅祚派使者","0","2","2"
"帐下探视其疾病","0","2","2"
"都点检萧迭里得","0","2","2"
"行宫都部署别古","0","2","2"
"宫都部署别古得","0","2","2"
"阻卜酋长豁得剌","0","2","2"
"任长宁军节度使","0","2","2"
"萧革为南院枢密","0","2","2"
"革为南院枢密使","0","2","2"
"友括等出使夏国","0","2","2"
"萧谟鲁为左夷离","0","2","2"
"谟鲁为左夷离毕","0","2","2"
"剌为西北路招讨","0","2","2"
"谅祚派使者请求","0","2","2"
"为孝成康靖皇帝","0","2","2"
"诸部酋长前来进","0","2","2"
"卜酋长前来进贡","0","2","2"
"尊皇太后为太皇","0","2","2"
"皇太后为太皇太","0","2","2"
"太后为太皇太后","0","2","2"
"立妃萧氏为皇后","0","2","2"
"知政事兼同知枢","0","2","2"
"命左夷离毕萧谟","0","2","2"
"夷离毕萧谟鲁为","0","2","2"
"仁先为南院枢密","0","2","2"
"先为南院枢密使","0","2","2"
"上尊号为慈懿仁","0","2","2"
"尊号为慈懿仁和","0","2","2"
"号为慈懿仁和文","0","2","2"
"为慈懿仁和文惠","0","2","2"
"慈懿仁和文惠孝","0","2","2"
"懿仁和文惠孝敬","0","2","2"
"仁和文惠孝敬广","0","2","2"
"任命楚国王涅鲁","0","2","2"
"命楚国王涅鲁古","0","2","2"
"楚国王涅鲁古为","0","2","2"
"院枢密使萧革为","0","2","2"
"吴王耶律仁先为","0","2","2"
"王耶律仁先为北","0","2","2"
"耶律仁先为北院","0","2","2"
"仁先为北院枢密","0","2","2"
"先为北院枢密使","0","2","2"
"御临清风殿接受","0","2","2"
"耶律仁先为南京","0","2","2"
"为南京兵马副元","0","2","2"
"担任北院枢密使","0","2","2"
"任命隋王耶律仁","0","2","2"
"命隋王耶律仁先","0","2","2"
"隋王耶律仁先为","0","2","2"
"里只为南院大王","0","2","2"
"耶律仁先为南院","0","2","2"
"耶律乙辛为南院","0","2","2"
"律乙辛为南院枢","0","2","2"
"乙辛为南院枢密","0","2","2"
"辛为南院枢密使","0","2","2"
"奴为殿前都点检","0","2","2"
"任为兴中府知府","0","2","2"
"彗星出现于西方","0","2","2"
"刘诜为枢密副使","0","2","2"
"御临永安殿录用","0","2","2"
"临永安殿录用进","0","2","2"
"永安殿录用进士","0","2","2"
"派使者进献回鹘","0","2","2"
"使者进献回鹘僧","0","2","2"
"者进献回鹘僧人","0","2","2"
"赦免死罪以下犯","0","2","2"
"免死罪以下犯人","0","2","2"
"使者前来感谢封","0","2","2"
"者前来感谢封册","0","2","2"
"夏国王李秉常派","0","2","2"
"国王李秉常派使","0","2","2"
"王李秉常派使者","0","2","2"
"追封为辽西郡王","0","2","2"
"七年春正月初二","0","2","2"
"以南府宰相耶律","0","2","2"
"出贬耶律乙辛为","0","2","2"
"任命萧挞不也为","0","2","2"
"萧挞不也为北府","0","2","2"
"挞不也为北府宰","0","2","2"
"不也为北府宰相","0","2","2"
"先期举行正旦典","0","2","2"
"期举行正旦典礼","0","2","2"
"七年春正月二十","0","2","2"
"升任围场使涅葛","0","2","2"
"任围场使涅葛为","0","2","2"
"为静江军节度使","0","2","2"
"八年春正月初二","0","2","2"
"任命耶律颇德为","0","2","2"
"耶律马六为北院","0","2","2"
"耶律慎思为北院","0","2","2"
"律慎思为北院枢","0","2","2"
"慎思为北院枢密","0","2","2"
"思为北院枢密副","0","2","2"
"以汉人行宫副部","0","2","2"
"为南院枢密副使","0","2","2"
"萌古国派使者来","0","2","2"
"古国派使者来访","0","2","2"
"死罪以下的杂罪","0","2","2"
"罪以下的杂罪犯","0","2","2"
"以下的杂罪犯人","0","2","2"
"前来馈赠其先帝","0","2","2"
"来馈赠其先帝遗","0","2","2"
"派使者祝贺宋主","0","2","2"
"李秉常派使者前","0","2","2"
"使者前来为其母","0","2","2"
"萧挞不也为南院","0","2","2"
"挞不也为南院枢","0","2","2"
"不也为南院枢密","0","2","2"
"也为南院枢密使","0","2","2"
"前来感谢吊唁祭","0","2","2"
"来感谢吊唁祭祀","0","2","2"
"以同知南京留守","0","2","2"
"事耶律那也为知","0","2","2"
"耶律那也为知右","0","2","2"
"律那也为知右夷","0","2","2"
"那也为知右夷离","0","2","2"
"也为知右夷离毕","0","2","2"
"延禧举行再生礼","0","2","2"
"夏国王李乾顺派","0","2","2"
"国王李乾顺派使","0","2","2"
"王李乾顺派使者","0","2","2"
"李乾顺派使者奉","0","2","2"
"乾顺派使者奉上","0","2","2"
"顺派使者奉上其","0","2","2"
"派使者奉上其父","0","2","2"
"李乾顺为夏国王","0","2","2"
"为知乙室大王事","0","2","2"
"回鹘派使者贡献","0","2","2"
"派使者赠送鹿脯","0","2","2"
"使者赠送鹿脯给","0","2","2"
"者赠送鹿脯给宋","0","2","2"
"夏四月二十七日","0","2","2"
"派使者前来贡献","0","2","2"
"赈济西北路贫民","0","2","2"
"以南院大王萧特","0","2","2"
"南院大王萧特末","0","2","2"
"院大王萧特末为","0","2","2"
"宋国派遣使者前","0","2","2"
"国派遣使者前来","0","2","2"
"当即派遣使者前","0","2","2"
"派遣使者前往吊","0","2","2"
"遣使者前往吊唁","0","2","2"
"拔思母二部前来","0","2","2"
"密副使王师儒为","0","2","2"
"西北路有功将士","0","2","2"
"北路统军司奏称","0","2","2"
"以知奚六部大王","0","2","2"
"知政事赵孝严为","0","2","2"
"政事赵孝严为汉","0","2","2"
"事赵孝严为汉人","0","2","2"
"赵孝严为汉人行","0","2","2"
"孝严为汉人行宫","0","2","2"
"严为汉人行宫都","0","2","2"
"以北面林牙耶律","0","2","2"
"知政事牛温舒兼","0","2","2"
"政事牛温舒兼任","0","2","2"
"军节度使梁援为","0","2","2"
"斡特剌奏称攻讨","0","2","2"
"奏称攻讨梅里急","0","2","2"
"称攻讨梅里急告","0","2","2"
"攻讨梅里急告捷","0","2","2"
"征召医巫闾山僧","0","2","2"
"召医巫闾山僧人","0","2","2"
"医巫闾山僧人志","0","2","2"
"巫闾山僧人志达","0","2","2"
"任知中京留守事","0","2","2"
"兼任契丹行宫都","0","2","2"
"里底为知北院枢","0","2","2"
"底为知北院枢密","0","2","2"
"以南院宣徽使萧","0","2","2"
"为崇义军节度使","0","2","2"
"李乾顺派使者请","0","2","2"
"派使者请求皇上","0","2","2"
"使者请求皇上下","0","2","2"
"者请求皇上下嫁","0","2","2"
"请求皇上下嫁公","0","2","2"
"求皇上下嫁公主","0","2","2"
"国派使者前来致","0","2","2"
"王俣为三韩国公","0","2","2"
"百官及各国使者","0","2","2"
"兀纳为辽兴军节","0","2","2"
"纳为辽兴军节度","0","2","2"
"兼任南院枢密使","0","2","2"
"以宋魏国王和鲁","0","2","2"
"魏国王和鲁斡为","0","2","2"
"夏国王李乾顺再","0","2","2"
"派使者请求下嫁","0","2","2"
"使者请求下嫁公","0","2","2"
"者请求下嫁公主","0","2","2"
"田若水前来求援","0","2","2"
"招讨使萧得里底","0","2","2"
"国派遣李造福等","0","2","2"
"李造福等人前来","0","2","2"
"以族女南仙封为","0","2","2"
"族女南仙封为成","0","2","2"
"女南仙封为成安","0","2","2"
"南仙封为成安公","0","2","2"
"仙封为成安公主","0","2","2"
"牛温舒出使宋国","0","2","2"
"归还所侵占的夏","0","2","2"
"还所侵占的夏国","0","2","2"
"所侵占的夏国土","0","2","2"
"侵占的夏国土地","0","2","2"
"家奴为南院大王","0","2","2"
"奴为奚六部大王","0","2","2"
"国王耶律淳晋封","0","2","2"
"临幸混同江钓鱼","0","2","2"
"生女真酋长在千","0","2","2"
"女真酋长在千里","0","2","2"
"真酋长在千里以","0","2","2"
"酋长在千里以内","0","2","2"
"长在千里以内者","0","2","2"
"又能有什么作为","0","2","2"
"能有什么作为呢","0","2","2"
"丽派使者前来感","0","2","2"
"便奏称东征溃败","0","2","2"
"奏称东征溃败之","0","2","2"
"称东征溃败之军","0","2","2"
"耶律章奴为副统","0","2","2"
"斡里朵等人与女","0","2","2"
"里朵等人与女真","0","2","2"
"北院枢密使萧得","0","2","2"
"院枢密使萧得里","0","2","2"
"枢密使萧得里底","0","2","2"
"立魏国王耶律淳","0","2","2"
"顺国女真阿鹘产","0","2","2"
"国女真阿鹘产率","0","2","2"
"秦晋国王耶律淳","0","2","2"
"为知奚六部大王","0","2","2"
"以兄长之礼事奉","0","2","2"
"派奴哥出使金国","0","2","2"
"遣乌林答赞谟带","0","2","2"
"金国再次派遣乌","0","2","2"
"国再次派遣乌林","0","2","2"
"再次派遣乌林答","0","2","2"
"次派遣乌林答赞","0","2","2"
"以废天祚立淳之","0","2","2"
"回离保为知北院","0","2","2"
"离保为知北院枢","0","2","2"
"保为知北院枢密","0","2","2"
"都是太祖的子孙","0","2","2"
"率兵两千五百人","0","2","2"
"兵两千五百人攻","0","2","2"
"世宗即位于镇阳","0","2","2"
"不久册立为皇后","0","2","2"
"仁德皇后与萧浞","0","2","2"
"德皇后与萧浞卜","0","2","2"
"重元与其子涅鲁","0","2","2"
"元与其子涅鲁古","0","2","2"
"母为淳钦皇后萧","0","2","2"
"为淳钦皇后萧氏","0","2","2"
"随太祖征讨渤海","0","2","2"
"大元帅耶律德光","0","2","2"
"在夜里包围了忽","0","2","2"
"石敬瑭进入洛阳","0","2","2"
"为文献钦义皇帝","0","2","2"
"太后回头对李胡","0","2","2"
"后回头对李胡说","0","2","2"
"皇上回头对左右","0","2","2"
"上回头对左右说","0","2","2"
"又让牌印郎君萧","0","2","2"
"让牌印郎君萧讹","0","2","2"
"太子详细地陈说","0","2","2"
"上京留守萧挞得","0","2","2"
"乙辛暗里派人杀","0","2","2"
"为佐命功臣之一","0","2","2"
"败张敬达军于太","0","2","2"
"张敬达军于太原","0","2","2"
"敬达军于太原北","0","2","2"
"坚守壁垒不出战","0","2","2"
"为特进检校太师","0","2","2"
"改任临海军节度","0","2","2"
"任临海军节度使","0","2","2"
"提升为翰林学士","0","2","2"
"惕隐刘哥及其弟","0","2","2"
"隐刘哥及其弟盆","0","2","2"
"刘哥及其弟盆都","0","2","2"
"盆都出使辖戛斯","0","2","2"
"都出使辖戛斯国","0","2","2"
"对他给以特别的","0","2","2"
"他为南京副留守","0","2","2"
"百姓得到休养生","0","2","2"
"姓得到休养生息","0","2","2"
"为翰林学士承旨","0","2","2"
"迁任北院枢密使","0","2","2"
"任西南面招讨都","0","2","2"
"院枢密使韩德让","0","2","2"
"由官府拨给葬具","0","2","2"
"以干练敏捷著称","0","2","2"
"皇上嘉赏其忠心","0","2","2"
"从枢密使耶律斜","0","2","2"
"因功升为兼侍中","0","2","2"
"为政致力于宽厚","0","2","2"
"迁为奚六部大王","0","2","2"
"圣宗得知他贤能","0","2","2"
"前往责问其缘故","0","2","2"
"通晓为政之要领","0","2","2"
"升任同政事门下","0","2","2"
"任同政事门下平","0","2","2"
"和朔奴讨伐兀惹","0","2","2"
"还强似空手而回","0","2","2"
"从枢密使耶律世","0","2","2"
"使耶律世良讨伐","0","2","2"
"为千牛卫大将军","0","2","2"
"改任北院枢密使","0","2","2"
"任辽兴军节度使","0","2","2"
"为南京侍卫亲军","0","2","2"
"为乌古部节度使","0","2","2"
"拜为西北路招讨","0","2","2"
"担任汉人行宫副","0","2","2"
"任汉人行宫副部","0","2","2"
"当时北院枢密使","0","2","2"
"适逢兴宗皇上出","0","2","2"
"逢兴宗皇上出猎","0","2","2"
"征召为北面林牙","0","2","2"
"任同知南京留守","0","2","2"
"皇上出猎于太子","0","2","2"
"上出猎于太子山","0","2","2"
"迁任北院枢密副","0","2","2"
"皇上开始怀疑乙","0","2","2"
"上开始怀疑乙辛","0","2","2"
"改任南院枢密使","0","2","2"
"因误奏事情获罪","0","2","2"
"平反了很多冤案","0","2","2"
"提升为枢密都承","0","2","2"
"升为枢密都承旨","0","2","2"
"改任崇义军节度","0","2","2"
"任崇义军节度使","0","2","2"
"乙辛为中京留守","0","2","2"
"皇上派遣阿息保","0","2","2"
"任奚六部秃里太","0","2","2"
"余睹在军中听说","0","2","2"
"睹在军中听说后","0","2","2"
"用什么办法可以","0","2","2"
"耶律查剌上次告","0","2","2"
"律查剌上次告发","0","2","2"
"查剌上次告发耶","0","2","2"
"剌上次告发耶律","0","2","2"
"上次告发耶律撒","0","2","2"
"次告发耶律撒剌","0","2","2"
"告发耶律撒剌等","0","2","2"
"护卫萧忽古等人","0","2","2"
"迁任殿前都点检","0","2","2"
"为知南院大王事","0","2","2"
"引诱胁迫弩手军","0","2","2"
"任同知北院枢密","0","2","2"
"曷鲁为迭剌部夷","0","2","2"
"鲁为迭剌部夷离","0","2","2"
"统和二十六年七","0","2","2"
"和二十六年七月","0","2","2"
"沙郡王谢家奴为","0","2","2"
"为匡义军节度使","0","2","2"
"理北南院枢密使","0","2","2"
"萧革为北院枢密","0","2","2"
"都部署别古得为","0","2","2"
"潞王查葛为南院","0","2","2"
"守宿国王陈留为","0","2","2"
"剌为北院枢密使","0","2","2"
"以西南面招讨使","0","2","2"
"弟阿古只的五世","0","2","2"
"阿古只的五世孙","0","2","2"
"为怀化军节度使","0","2","2"
"皇后弟阿古只五","0","2","2"
"后弟阿古只五世","0","2","2"
"弟阿古只五世孙","0","2","2"
"任西南面招讨使","0","2","2"
"任同知南院宣徽","0","2","2"
