"N-gram","原文","翻译","Total"
"用青牛白马祭祀天地","0","19","19"
"高丽派使者前来进贡","0","16","16"
"契丹行宫都部署耶律","6","6","12"
"夏国派使者前来进贡","0","11","11"
"女真派使者前来进贡","0","10","10"
"同知南院枢密使事耶","4","5","9"
"知南院枢密使事耶律","4","5","9"
"加同政事门下平章事","5","4","9"
"知北院枢密使事耶律","4","4","8"
"回鹘派使者前来进贡","0","7","7"
"彰德军节度使萧闼览","3","3","6"
"北院枢密使耶律斜轸","3","3","6"
"北院枢密使耶律化哥","3","3","6"
"汉人行宫都部署王继","3","3","6"
"人行宫都部署王继忠","3","3","6"
"同知南院枢密使事萧","3","3","6"
"加同中书门下平章事","3","3","6"
"派使者奉上蜡丸书信","0","6","6"
"五国部首领前来进贡","0","6","6"
"以同知南院枢密使事","0","6","6"
"北院枢密副使萧惟信","3","2","5"
"吴越王派使者前来进","0","5","5"
"越王派使者前来进贡","0","5","5"
"南唐派使者奉上蜡丸","0","5","5"
"唐派使者奉上蜡丸书","0","5","5"
"吐蕃派使者前来进贡","0","5","5"
"大圣大明神烈天皇帝","2","2","4"
"唐卢龙军节度使赵德","2","2","4"
"卢龙军节度使赵德钧","2","2","4"
"仁昭烈崇简应天皇太","2","2","4"
"昭烈崇简应天皇太后","2","2","4"
"殿前都点检耶律夷腊","2","2","4"
"西南面招讨使韩德威","2","2","4"
"政事门下平章事萧道","2","2","4"
"事门下平章事萧道宁","2","2","4"
"率群臣上皇太后尊号","4","0","4"
"群臣上皇太后尊号曰","4","0","4"
"睿德神略应运启化承","2","2","4"
"德神略应运启化承天","2","2","4"
"神略应运启化承天皇","2","2","4"
"略应运启化承天皇太","2","2","4"
"应运启化承天皇太后","2","2","4"
"德广孝昭圣天辅皇帝","2","2","4"
"定难军节度使李继捧","2","2","4"
"推忠效顺启圣定难功","2","2","4"
"忠效顺启圣定难功臣","2","2","4"
"北院枢密使魏王耶律","2","2","4"
"大丞相晋国王耶律隆","2","2","4"
"丞相晋国王耶律隆运","2","2","4"
"旗鼓拽剌详稳题里姑","2","2","4"
"乌古部节度使萧普达","2","2","4"
"沙州回鹘敦煌郡王曹","2","2","4"
"州回鹘敦煌郡王曹顺","2","2","4"
"北院承旨耶律庶成持","2","2","4"
"院承旨耶律庶成持诏","2","2","4"
"同知析津府事耶律敌","2","2","4"
"知析津府事耶律敌烈","2","2","4"
"山西部族节度使屈烈","2","2","4"
"阻卜大王屯秃古斯率","2","2","4"
"同知北院枢密使事萧","2","2","4"
"知契丹行宫都部署事","2","2","4"
"北院枢密使事耶律阿","2","2","4"
"院枢密使事耶律阿思","2","2","4"
"山北路副部署萧阿鲁","2","2","4"
"北路副部署萧阿鲁带","2","2","4"
"乌古部节度使耶律陈","2","2","4"
"古部节度使耶律陈家","2","2","4"
"部节度使耶律陈家奴","2","2","4"
"汉人行宫都部署赵孝","2","2","4"
"人行宫都部署赵孝严","2","2","4"
"知右夷离毕事萧药师","2","2","4"
"右夷离毕事萧药师奴","2","2","4"
"北院枢密使耶律阿思","2","2","4"
"六院司大王萧斡里剌","2","2","4"
"护卫太保耶律查剌诬","2","2","4"
"卫太保耶律查剌诬告","2","2","4"
"北院枢密副使耶律仁","2","2","4"
"院枢密副使耶律仁先","2","2","4"
"淳钦皇后弟阿古五世","4","0","4"
"钦皇后弟阿古五世孙","4","0","4"
"为同中书门下平章事","0","4","4"
"派使者前往吊唁祭祀","0","4","4"
"阿萨兰回鹘前来进贡","0","4","4"
"为同政事门下平章事","0","4","4"
"以契丹行宫都部署耶","0","4","4"
"迭烈部夷离堇耶律曷","1","2","3"
"烈部夷离堇耶律曷鲁","1","2","3"
"帝率群臣上皇太后尊","3","0","3"
"西北路招讨使萧图玉","2","1","3"
"南京留守燕王萧孝穆","2","1","3"
"参知政事同知枢密院","3","0","3"
"知政事同知枢密院事","3","0","3"
"耶律乙辛知北院枢密","2","1","3"
"乌古敌烈统军使萧朽","1","2","3"
"古敌烈统军使萧朽哥","1","2","3"
"群臣奉遗命请立太祖","2","1","3"
"唐义武军节度使王处","1","2","3"
"义武军节度使王处直","1","2","3"
"文惠孝敬广爱宗天皇","1","2","3"
"惠孝敬广爱宗天皇太","1","2","3"
"孝敬广爱宗天皇太后","1","2","3"
"分别派使者前来进贡","0","3","3"
"有司请求以皇上生日","0","3","3"
"司请求以皇上生日作","0","3","3"
"请求以皇上生日作为","0","3","3"
"派使者请求奉上尊号","0","3","3"
"鼻骨德派使者前来进","0","3","3"
"骨德派使者前来进贡","0","3","3"
"回鹘阿萨兰派使者前","0","3","3"
"鹘阿萨兰派使者前来","0","3","3"
"夏国派使者前来感谢","0","3","3"
"群臣给皇太后上尊号","0","3","3"
"臣给皇太后上尊号为","0","3","3"
"高丽派使者前来朝贡","0","3","3"
"出贬为武定军节度使","0","3","3"
"政事兼同知枢密院事","0","3","3"
"五国部酋长前来进贡","0","3","3"
"为同知北院枢密使事","0","3","3"
"以知北院枢密使事耶","0","3","3"
"以南府宰相斡特剌兼","0","3","3"
"南府宰相斡特剌兼任","0","3","3"
"乌林答赞谟带着书信","0","3","3"
"任同知南院枢密使事","0","3","3"
"太祖大圣大明神烈天","1","1","2"
"祖大圣大明神烈天皇","1","1","2"
"契丹迭剌部霞濑益石","1","1","2"
"丹迭剌部霞濑益石烈","1","1","2"
"遣北宰相迪辇率骁骑","1","1","2"
"北宰相迪辇率骁骑先","1","1","2"
"辖赖县人扫古非法残","1","1","2"
"部夷离堇耶律曷鲁等","1","1","2"
"夷离堇耶律曷鲁等率","1","1","2"
"离堇耶律曷鲁等率百","1","1","2"
"上尊号曰大圣大明天","1","1","2"
"尊号曰大圣大明天皇","1","1","2"
"号曰大圣大明天皇帝","1","1","2"
"后曰应天大明地皇后","1","1","2"
"皇太子率迭剌部夷离","1","1","2"
"太子率迭剌部夷离堇","1","1","2"
"获甘州回鹘都督毕离","1","1","2"
"甘州回鹘都督毕离遏","1","1","2"
"近侍康末怛等十三人","1","1","2"
"人皇王率东丹国僚属","1","1","2"
"皇王率东丹国僚属辞","1","1","2"
"东丹国左大相迭剌卒","1","1","2"
"唐义武军节度使王都","1","1","2"
"龙化州节度使刘居言","1","1","2"
"左威卫上将军撒割率","1","1","2"
"威卫上将军撒割率兵","1","1","2"
"唐河东节度使石敬瑭","1","1","2"
"阅降将赵德钧父子兵","1","1","2"
"降将赵德钧父子兵马","1","1","2"
"唐大同军节度判官吴","1","1","2"
"大同军节度判官吴峦","1","1","2"
"同军节度判官吴峦闭","1","1","2"
"军节度判官吴峦闭城","1","1","2"
"节度判官吴峦闭城拒","1","1","2"
"晋天雄军节度使范延","1","1","2"
"天雄军节度使范延广","1","1","2"
"户部尚书聂延祚等请","1","1","2"
"遣蒲里骨皮室胡末里","1","1","2"
"西南边大详稳耶律鲁","1","1","2"
"中台省右相耶律述兰","1","1","2"
"台省右相耶律述兰迭","1","1","2"
"省右相耶律述兰迭烈","1","1","2"
"右相耶律述兰迭烈哥","1","1","2"
"临海军节度使赵思温","1","1","2"
"上尊号曰广德仁昭烈","2","0","2"
"尊号曰广德仁昭烈崇","2","0","2"
"号曰广德仁昭烈崇简","2","0","2"
"曰广德仁昭烈崇简应","2","0","2"
"广德仁昭烈崇简应天","2","0","2"
"德仁昭烈崇简应天皇","2","0","2"
"睿文神武法天启运明","1","1","2"
"文神武法天启运明德","1","1","2"
"神武法天启运明德章","1","1","2"
"武法天启运明德章信","1","1","2"
"道广敬昭孝嗣圣皇帝","1","1","2"
"命惕隐耶律涅离骨德","1","1","2"
"惕隐耶律涅离骨德率","1","1","2"
"振武军节度副使赵崇","1","1","2"
"北王府郎君耶律海思","1","1","2"
"王府郎君耶律海思应","1","1","2"
"府郎君耶律海思应诏","1","1","2"
"河东节度使刘知远送","1","1","2"
"东节度使刘知远送叛","1","1","2"
"节度使刘知远送叛臣","1","1","2"
"度使刘知远送叛臣乌","1","1","2"
"使刘知远送叛臣乌古","1","1","2"
"刘知远送叛臣乌古指","1","1","2"
"知远送叛臣乌古指挥","1","1","2"
"远送叛臣乌古指挥使","1","1","2"
"晋平卢军节度使杨光","1","1","2"
"平卢军节度使杨光远","1","1","2"
"大同军节度使耶律孔","1","1","2"
"同军节度使耶律孔阿","1","1","2"
"云州节度使耶律孔阿","1","1","2"
"贝州节度使梁汉璋率","1","1","2"
"命大内惕隐耶律朔骨","1","1","2"
"大内惕隐耶律朔骨里","1","1","2"
"河东节度使北平王刘","1","1","2"
"东节度使北平王刘知","1","1","2"
"节度使北平王刘知远","1","1","2"
"南京留守魏王赵延寿","1","1","2"
"命中台省右相高模翰","1","1","2"
"彰国军节度使萧敌烈","1","1","2"
"南京留守萧思温攻下","1","1","2"
"京留守萧思温攻下沿","1","1","2"
"留守萧思温攻下沿边","1","1","2"
"大同军节度使阿剌率","1","1","2"
"西南面招讨使挞烈进","1","1","2"
"南面招讨使挞烈进兵","1","1","2"
"面招讨使挞烈进兵援","1","1","2"
"大黄室韦酋长寅尼吉","1","1","2"
"黄室韦酋长寅尼吉叛","1","1","2"
"前都点检耶律夷腊葛","1","1","2"
"命殿前都点检夷腊葛","1","1","2"
"殿前都点检夷腊葛代","1","1","2"
"前都点检夷腊葛代行","1","1","2"
"都点检夷腊葛代行击","1","1","2"
"点检夷腊葛代行击土","1","1","2"
"检夷腊葛代行击土牛","1","1","2"
"夷腊葛代行击土牛礼","1","1","2"
"南京统军使魏国公韩","1","1","2"
"京统军使魏国公韩匡","1","1","2"
"统军使魏国公韩匡美","1","1","2"
"保大军节度使耶律斜","1","1","2"
"大军节度使耶律斜里","1","1","2"
"军节度使耶律斜里底","1","1","2"
"获应历逆党近侍小哥","1","1","2"
"三京诸道僧尼都总管","1","1","2"
"汉雁门节度使刘继文","1","1","2"
"南府宰相耶律沙都统","2","0","2"
"大同军节度使耶律善","1","1","2"
"同军节度使耶律善补","1","1","2"
"权知南京留守事韩德","1","1","2"
"权南京马步军都指挥","1","1","2"
"南京马步军都指挥使","1","1","2"
"京马步军都指挥使耶","1","1","2"
"马步军都指挥使耶律","1","1","2"
"步军都指挥使耶律学","1","1","2"
"军都指挥使耶律学古","1","1","2"
"西南面招讨副使耶律","1","1","2"
"南面招讨副使耶律王","1","1","2"
"面招讨副使耶律王六","1","1","2"
"四捷军详稳耶律痕德","1","1","2"
"圣宗文武大孝宣皇帝","1","1","2"
"群臣上尊号曰昭圣皇","1","1","2"
"臣上尊号曰昭圣皇帝","1","1","2"
"南京留守荆王道隐奏","1","1","2"
"西南面招讨使秦王韩","1","1","2"
"南面招讨使秦王韩匡","1","1","2"
"面招讨使秦王韩匡嗣","1","1","2"
"大行皇帝梓宫菆涂殿","2","0","2"
"乌隈乌骨里部节度使","1","1","2"
"隈乌骨里部节度使耶","1","1","2"
"乌骨里部节度使耶律","1","1","2"
"骨里部节度使耶律章","1","1","2"
"里部节度使耶律章瓦","1","1","2"
"南面招讨使韩德威奏","1","1","2"
"南京统军使耶律善补","1","1","2"
"京统军使耶律善补奏","1","1","2"
"寿公主下嫁国舅宰相","1","1","2"
"公主下嫁国舅宰相萧","1","1","2"
"主下嫁国舅宰相萧婆","1","1","2"
"下嫁国舅宰相萧婆项","1","1","2"
"天德军节度使颓剌父","1","1","2"
"德军节度使颓剌父子","1","1","2"
"西南路招讨使大汉奏","1","1","2"
"国舅小翁帐郎君桃隈","1","1","2"
"公主淑哥下嫁国舅详","1","1","2"
"主淑哥下嫁国舅详稳","1","1","2"
"淑哥下嫁国舅详稳照","1","1","2"
"哥下嫁国舅详稳照姑","1","1","2"
"国舅帐彰德军节度使","1","1","2"
"舅帐彰德军节度使萧","1","1","2"
"帐彰德军节度使萧闼","1","1","2"
"吏部郎中知制诰牛藏","1","1","2"
"银夏绥宥等州观察处","1","1","2"
"夏绥宥等州观察处置","1","1","2"
"绥宥等州观察处置等","1","1","2"
"宥等州观察处置等使","1","1","2"
"统军使颇德检校太师","1","1","2"
"夷离毕侄里古部送辎","1","1","2"
"离毕侄里古部送辎重","1","1","2"
"翰林学士邢抱朴等充","1","1","2"
"太尉王八所俘生口分","1","1","2"
"乙室帐宰相安宁功过","1","1","2"
"室帐宰相安宁功过相","1","1","2"
"楮特部节度使卢补古","1","1","2"
"王子帐节度使耶律襄","1","1","2"
"谛居部下拽剌解里侦","1","1","2"
"上皇太后尊号曰睿德","2","0","2"
"皇太后尊号曰睿德神","2","0","2"
"太后尊号曰睿德神略","2","0","2"
"后尊号曰睿德神略应","2","0","2"
"尊号曰睿德神略应运","2","0","2"
"号曰睿德神略应运启","2","0","2"
"曰睿德神略应运启化","2","0","2"
"群臣上皇帝尊号曰德","2","0","2"
"臣上皇帝尊号曰德广","2","0","2"
"上皇帝尊号曰德广孝","2","0","2"
"皇帝尊号曰德广孝昭","2","0","2"
"帝尊号曰德广孝昭圣","2","0","2"
"尊号曰德广孝昭圣天","2","0","2"
"号曰德广孝昭圣天辅","2","0","2"
"曰德广孝昭圣天辅皇","2","0","2"
"涅剌部节度使撒葛里","1","1","2"
"送沙州节度使曹恭顺","1","1","2"
"西北路管押详稳速撒","1","1","2"
"北路管押详稳速撒哥","1","1","2"
"大同军节度使耶律抹","1","1","2"
"王子帐耶律襄女封义","2","0","2"
"子帐耶律襄女封义成","2","0","2"
"帐耶律襄女封义成公","2","0","2"
"耶律襄女封义成公主","2","0","2"
"难军节度使李继捧附","2","0","2"
"同政事门下平章事耶","1","1","2"
"政事门下平章事耶律","1","1","2"
"事门下平章事耶律硕","1","1","2"
"门下平章事耶律硕老","1","1","2"
"武定军节度使韩德冲","1","1","2"
"长宁军节度使萧解里","1","1","2"
"启圣军节度使刘继琛","1","1","2"
"遣童子十人学本国语","2","0","2"
"宣徽使阿没里家奴阎","1","1","2"
"徽使阿没里家奴阎贵","1","1","2"
"东京留守萧恒德等五","1","1","2"
"京留守萧恒德等五人","1","1","2"
"广德军节度使韩德凝","1","1","2"
"监门卫上将军耶律喜","1","1","2"
"门卫上将军耶律喜罗","1","1","2"
"院枢密使魏王耶律斜","1","1","2"
"枢密使魏王耶律斜轸","1","1","2"
"祗候郎君班详稳观音","1","1","2"
"千拽剌详稳耶律王奴","1","1","2"
"东京统军使耶律奴瓜","1","1","2"
"北府宰相萧继远等南","1","1","2"
"府宰相萧继远等南伐","1","1","2"
"遣西上阁门使丁振吊","2","0","2"
"西上阁门使丁振吊慰","2","0","2"
"奚王府监军耶律室鲁","1","1","2"
"楚国王隆祐留守京师","2","0","2"
"马军都指挥使耶律课","1","1","2"
"军都指挥使耶律课里","1","1","2"
"进士杨佶等二十三人","1","1","2"
"北路招讨使萧图玉讨","1","1","2"
"左龙虎卫上将军萧合","1","1","2"
"龙虎卫上将军萧合卓","1","1","2"
"临海军节度使萧虚列","1","1","2"
"高丽西京留守康肇弑","1","1","2"
"右皮室详稳耶律敌鲁","1","1","2"
"辽使者韩喜孙等十人","1","1","2"
"驸马都尉萧图玉安抚","1","1","2"
"马都尉萧图玉安抚西","1","1","2"
"赠大丞相晋国王耶律","1","1","2"
"知南院枢密使事邢抱","1","1","2"
"南院枢密使事邢抱质","1","1","2"
"院枢密使事邢抱质年","1","1","2"
"枢密使事邢抱质年老","1","1","2"
"前孟父房敞稳萧佛奴","1","1","2"
"秘书省正字李万上书","1","1","2"
"文武百官加上尊号曰","2","0","2"
"德崇仁广孝聪睿昭圣","1","1","2"
"崇仁广孝聪睿昭圣神","1","1","2"
"仁广孝聪睿昭圣神赞","1","1","2"
"广孝聪睿昭圣神赞天","1","1","2"
"孝聪睿昭圣神赞天辅","1","1","2"
"聪睿昭圣神赞天辅皇","1","1","2"
"睿昭圣神赞天辅皇帝","1","1","2"
"前辽州录事张庭美六","1","1","2"
"仪坤州刘兴胤四世同","1","1","2"
"西北招讨使萧图玉奏","1","1","2"
"皇弟秦晋国王隆庆铁","1","1","2"
"弟秦晋国王隆庆铁券","1","1","2"
"引进使李延弘赐夏国","2","0","2"
"进使李延弘赐夏国王","2","0","2"
"使李延弘赐夏国王李","2","0","2"
"李延弘赐夏国王李德","2","0","2"
"延弘赐夏国王李德昭","2","0","2"
"弘赐夏国王李德昭义","2","0","2"
"赐夏国王李德昭义成","2","0","2"
"夏国王李德昭义成公","2","0","2"
"国王李德昭义成公主","2","0","2"
"王李德昭义成公主车","2","0","2"
"李德昭义成公主车马","2","0","2"
"上京副留守耶律资忠","1","1","2"
"西北路招讨都监萧孝","1","1","2"
"北路招讨都监萧孝穆","1","1","2"
"东京留守耶律团石等","1","1","2"
"京留守耶律团石等讨","1","1","2"
"南府宰相耶律吾剌葛","1","1","2"
"殿前都点检萧屈烈都","2","0","2"
"前都点检萧屈烈都监","2","0","2"
"前东京统军使耶律韩","1","1","2"
"东京统军使耶律韩留","1","1","2"
"前北院大王耶律敬温","1","1","2"
"皇弟南京留守秦晋国","1","1","2"
"弟南京留守秦晋国王","1","1","2"
"南京留守秦晋国王隆","1","1","2"
"京留守秦晋国王隆庆","1","1","2"
"封秦晋国王隆庆长子","1","1","2"
"秦晋国王隆庆长子查","1","1","2"
"晋国王隆庆长子查割","1","1","2"
"进士孙杰等四十八人","1","1","2"
"枢密使漆水郡王耶律","1","1","2"
"密使漆水郡王耶律制","1","1","2"
"使漆水郡王耶律制心","1","1","2"
"漆水郡王耶律制心权","1","1","2"
"水郡王耶律制心权知","1","1","2"
"郡王耶律制心权知诸","1","1","2"
"王耶律制心权知诸行","1","1","2"
"耶律制心权知诸行宫","1","1","2"
"律制心权知诸行宫都","1","1","2"
"制心权知诸行宫都部","1","1","2"
"心权知诸行宫都部署","1","1","2"
"权知诸行宫都部署事","1","1","2"
"充贺宋生辰正旦使副","2","0","2"
"鲁瑰部节度使勃鲁里","1","1","2"
"前南院枢密使韩制心","1","1","2"
"置东京渤海承奉官都","1","1","2"
"东京渤海承奉官都知","1","1","2"
"京渤海承奉官都知押","1","1","2"
"渤海承奉官都知押班","1","1","2"
"东北路详稳耶律独迭","1","1","2"
"回鹘敦煌郡王曹顺衣","1","1","2"
"鹘敦煌郡王曹顺衣物","1","1","2"
"进士张仲举等四十五","1","1","2"
"士张仲举等四十五人","1","1","2"
"封王子班郎君胡思里","1","1","2"
"德崇仁广孝功成治定","1","1","2"
"崇仁广孝功成治定昭","1","1","2"
"仁广孝功成治定昭圣","1","1","2"
"广孝功成治定昭圣神","1","1","2"
"孝功成治定昭圣神赞","1","1","2"
"功成治定昭圣神赞天","1","1","2"
"成治定昭圣神赞天辅","1","1","2"
"治定昭圣神赞天辅皇","1","1","2"
"定昭圣神赞天辅皇帝","1","1","2"
"都点检耶律僧隐等充","1","1","2"
"充贺夏国王李德昭生","2","0","2"
"贺夏国王李德昭生日","1","1","2"
"夏国王李德昭生日使","1","1","2"
"进士张渐等四十七人","1","1","2"
"辽兴军节度使周王胡","1","1","2"
"兴军节度使周王胡都","1","1","2"
"军节度使周王胡都古","1","1","2"
"充贺宋太后生辰使副","2","0","2"
"左祗候郎君详稳萧罗","1","1","2"
"祗候郎君详稳萧罗罗","1","1","2"
"点检侍卫亲军马步军","1","1","2"
"大同军节度使张俭入","1","1","2"
"武定军节度使耶律洪","1","1","2"
"定军节度使耶律洪古","1","1","2"
"前南院大王胡睹堇同","1","1","2"
"南院大王胡睹堇同知","1","1","2"
"院大王胡睹堇同知上","1","1","2"
"大王胡睹堇同知上京","1","1","2"
"王胡睹堇同知上京留","1","1","2"
"胡睹堇同知上京留守","1","1","2"
"西北路招讨司小校扫","1","1","2"
"北路招讨司小校扫姑","1","1","2"
"匡义军节度使中山郡","1","1","2"
"义军节度使中山郡王","1","1","2"
"军节度使中山郡王查","1","1","2"
"节度使中山郡王查葛","1","1","2"
"保宁军节度使长沙郡","1","1","2"
"宁军节度使长沙郡王","1","1","2"
"军节度使长沙郡王谢","1","1","2"
"节度使长沙郡王谢家","1","1","2"
"度使长沙郡王谢家奴","1","1","2"
"广德军节度使乐安郡","1","1","2"
"德军节度使乐安郡王","1","1","2"
"军节度使乐安郡王遂","1","1","2"
"节度使乐安郡王遂哥","1","1","2"
"度使乐安郡王遂哥奏","1","1","2"
"左千牛卫上将军耶律","1","1","2"
"千牛卫上将军耶律古","1","1","2"
"牛卫上将军耶律古昱","1","1","2"
"贺夏国王李德昭生辰","1","1","2"
"夏国王李德昭生辰使","1","1","2"
"北院大王耶律郑留奏","1","1","2"
"北敌烈部节度使耶律","1","1","2"
"敌烈部节度使耶律延","1","1","2"
"烈部节度使耶律延寿","1","1","2"
"部节度使耶律延寿请","1","1","2"
"前北院大王耶律留宁","1","1","2"
"进士张宥等五十七人","1","1","2"
"东京舍利军详稳大延","1","1","2"
"京舍利军详稳大延琳","1","1","2"
"舍利军详稳大延琳囚","1","1","2"
"四捷军都指挥使萧颇","1","1","2"
"时国舅详稳萧匹敌治","1","1","2"
"赵睦等二十二人入朝","1","1","2"
"奚王府都监萧阿古轸","1","1","2"
"右祗候郎君详稳萧延","1","1","2"
"祗候郎君详稳萧延留","1","1","2"
"候郎君详稳萧延留等","1","1","2"
"郎君详稳萧延留等七","1","1","2"
"君详稳萧延留等七人","1","1","2"
"上召晋王萧普古等饮","1","1","2"
"右监门卫上将军耶律","1","1","2"
"监门卫上将军耶律元","1","1","2"
"门卫上将军耶律元载","1","1","2"
"兴平公主下嫁夏国王","1","1","2"
"平公主下嫁夏国王李","1","1","2"
"公主下嫁夏国王李德","1","1","2"
"主下嫁夏国王李德昭","1","1","2"
"法天应运仁德章圣皇","1","1","2"
"天应运仁德章圣皇太","1","1","2"
"应运仁德章圣皇太后","1","1","2"
"进士刘师贞等五十七","1","1","2"
"士刘师贞等五十七人","1","1","2"
"禁夏国使沿路私市金","2","0","2"
"充贺宋生辰岁正旦使","2","0","2"
"贺宋生辰岁正旦使副","2","0","2"
"幸北院大王高十行帐","1","1","2"
"王萧孝穆北院枢密使","2","0","2"
"上京留守耶律胡睹衮","1","1","2"
"南院大王耶律胡睹衮","1","1","2"
"契丹行宫都部署萧惠","1","1","2"
"遣北院承旨耶律庶成","2","0","2"
"承旨耶律庶成持诏问","2","0","2"
"南面侍御壮骨里诈取","1","1","2"
"面侍御壮骨里诈取女","1","1","2"
"诸部节度侍卫祗候郎","1","1","2"
"部节度侍卫祗候郎君","1","1","2"
"北枢密吴国王萧孝穆","1","1","2"
"聪文圣武英略神功睿","1","1","2"
"文圣武英略神功睿哲","1","1","2"
"圣武英略神功睿哲仁","1","1","2"
"武英略神功睿哲仁孝","1","1","2"
"英略神功睿哲仁孝皇","1","1","2"
"略神功睿哲仁孝皇帝","1","1","2"
"遣同知析津府事耶律","2","0","2"
"枢密院都承旨王惟吉","1","1","2"
"都承旨王惟吉谕夏国","2","0","2"
"承旨王惟吉谕夏国宋","2","0","2"
"南院枢密使吴国王萧","1","1","2"
"院枢密使吴国王萧孝","1","1","2"
"枢密使吴国王萧孝穆","1","1","2"
"前西北路招讨使萧塔","1","1","2"
"西北路招讨使萧塔烈","1","1","2"
"北路招讨使萧塔烈葛","1","1","2"
"知黄龙府事耶律欧里","1","1","2"
"黄龙府事耶律欧里斯","1","1","2"
"南院大王耶律高十奏","1","1","2"
"西南面招讨都监罗汉","1","1","2"
"南面招讨都监罗汉奴","1","1","2"
"西部族节度使屈烈五","2","0","2"
"部族节度使屈烈五部","2","0","2"
"族节度使屈烈五部叛","2","0","2"
"节度使屈烈五部叛入","2","0","2"
"度使屈烈五部叛入西","2","0","2"
"使屈烈五部叛入西夏","2","0","2"
"阻卜酋长乌八遣子执","2","0","2"
"卜酋长乌八遣子执元","2","0","2"
"酋长乌八遣子执元昊","2","0","2"
"长乌八遣子执元昊所","2","0","2"
"乌八遣子执元昊所遣","2","0","2"
"八遣子执元昊所遣求","2","0","2"
"遣子执元昊所遣求援","2","0","2"
"子执元昊所遣求援使","2","0","2"
"执元昊所遣求援使窊","2","0","2"
"元昊所遣求援使窊邑","2","0","2"
"昊所遣求援使窊邑改","2","0","2"
"延昌宫使耶律高家奴","1","1","2"
"前南院大王耶律谷欲","1","1","2"
"翰林都林牙耶律庶成","1","1","2"
"林都林牙耶律庶成等","1","1","2"
"北院枢密使韩国王萧","1","1","2"
"院枢密使韩国王萧惠","1","1","2"
"北院枢密副使萧革迓","2","0","2"
"驸马都尉萧胡睹夏人","2","0","2"
"马都尉萧胡睹夏人所","2","0","2"
"都尉萧胡睹夏人所执","2","0","2"
"北院枢密副使耶律敌","1","1","2"
"院枢密副使耶律敌烈","1","1","2"
"金吾卫大将军敌鲁古","1","1","2"
"卜大王屯秃古斯率诸","2","0","2"
"西南面招讨使萧普达","1","1","2"
"南面招讨使萧普达战","1","1","2"
"赠同中书门下平章事","2","0","2"
"同知北院宣徽事萧阿","1","1","2"
"知北院宣徽事萧阿剌","1","1","2"
"进士王棠等六十八人","1","1","2"
"西北路招讨使耶律敌","1","1","2"
"北路招讨使耶律敌鲁","1","1","2"
"路招讨使耶律敌鲁古","1","1","2"
"前南府宰相耶律喜孙","1","1","2"
"右护卫太保耶律兴老","1","1","2"
"蒲卢毛朵部大王蒲辇","1","1","2"
"殿前都点检耶律义先","1","1","2"
"忠顺军节度使夏行美","1","1","2"
"东北面详稳耶律术者","1","1","2"
"遣北院枢密副使萧惟","2","0","2"
"院枢密副使萧惟信伐","2","0","2"
"枢密副使萧惟信伐夏","2","0","2"
"密副使萧惟信伐夏告","2","0","2"
"副使萧惟信伐夏告宋","2","0","2"
"五国节度使耶律仙童","1","1","2"
"北道行军都统耶律敌","1","1","2"
"道行军都统耶律敌鲁","1","1","2"
"行军都统耶律敌鲁古","1","1","2"
"军都统耶律敌鲁古率","1","1","2"
"都统耶律敌鲁古率阻","1","1","2"
"统耶律敌鲁古率阻卜","1","1","2"
"耶律敌鲁古率阻卜诸","1","1","2"
"律敌鲁古率阻卜诸军","1","1","2"
"南面林牙耶律高家奴","1","1","2"
"面林牙耶律高家奴等","1","1","2"
"同知北院枢密使萧革","1","1","2"
"幸殿前都点检萧迭里","1","1","2"
"蒲卢毛朵部惕隐信笃","1","1","2"
"李谅祚母遣使乞依旧","2","0","2"
"谅祚母遣使乞依旧称","2","0","2"
"知北院枢密使事萧革","1","1","2"
"前北院都监萧友括等","1","1","2"
"召北府宰相萧塔烈葛","1","1","2"
"知北院枢密使事仁先","1","1","2"
"北院枢密使事仁先等","1","1","2"
"丹行宫都部署耶律义","1","1","2"
"行宫都部署耶律义先","1","1","2"
"南面林牙高家奴等奉","1","1","2"
"面林牙高家奴等奉诏","1","1","2"
"仁慈圣善钦孝广德安","1","1","2"
"慈圣善钦孝广德安静","1","1","2"
"圣善钦孝广德安静贞","1","1","2"
"善钦孝广德安静贞纯","1","1","2"
"钦孝广德安静贞纯懿","1","1","2"
"宽厚崇觉仪天皇太后","1","1","2"
"钦天奉道佑世兴历武","1","1","2"
"天奉道佑世兴历武定","1","1","2"
"奉道佑世兴历武定文","1","1","2"
"道佑世兴历武定文成","1","1","2"
"佑世兴历武定文成圣","1","1","2"
"世兴历武定文成圣神","1","1","2"
"兴历武定文成圣神仁","1","1","2"
"历武定文成圣神仁孝","1","1","2"
"武定文成圣神仁孝皇","1","1","2"
"定文成圣神仁孝皇帝","1","1","2"
"文惠孝敬广爱崇圣皇","1","1","2"
"惠孝敬广爱崇圣皇后","1","1","2"
"命西北路招讨使西平","1","1","2"
"西北路招讨使西平郡","1","1","2"
"北路招讨使西平郡王","1","1","2"
"路招讨使西平郡王萧","1","1","2"
"招讨使西平郡王萧阿","1","1","2"
"讨使西平郡王萧阿剌","1","1","2"
"顺义军节度使十神奴","1","1","2"
"北府宰相西平郡王萧","1","1","2"
"府宰相西平郡王萧阿","1","1","2"
"宰相西平郡王萧阿剌","1","1","2"
"相西平郡王萧阿剌进","1","1","2"
"西平郡王萧阿剌进封","1","1","2"
"平郡王萧阿剌进封韩","1","1","2"
"郡王萧阿剌进封韩王","1","1","2"
"进士张孝杰等四十四","1","1","2"
"士张孝杰等四十四人","1","1","2"
"知西南面招讨都监事","1","1","2"
"南院枢密使赵国王查","1","1","2"
"院枢密使赵国王查葛","1","1","2"
"同知南京留守事吴王","1","1","2"
"知南京留守事吴王仁","1","1","2"
"南京留守事吴王仁先","1","1","2"
"知左夷离毕事耶律划","1","1","2"
"左夷离毕事耶律划里","1","1","2"
"吴王涅鲁古进封楚国","1","1","2"
"王涅鲁古进封楚国王","1","1","2"
"尊号曰慈懿仁文惠孝","2","0","2"
"同知枢密院事萧唐古","1","1","2"
"同知东京留守事侯古","1","1","2"
"南院枢密使楚王萧革","1","1","2"
"乌古敌烈详稳萧谟鲁","1","1","2"
"杀东京留守陈王萧阿","1","1","2"
"东京留守陈王萧阿剌","1","1","2"
"吾独婉惕隐屯秃葛等","1","1","2"
"进士王鼎等九十三人","1","1","2"
"知北院枢密使事萧图","1","1","2"
"北院枢密使事萧图古","1","1","2"
"院枢密使事萧图古辞","1","1","2"
"耶律乙辛南院枢密使","2","0","2"
"六院部太保耶律合术","1","1","2"
"院部太保耶律合术知","1","1","2"
"部太保耶律合术知南","1","1","2"
"太保耶律合术知南院","1","1","2"
"保耶律合术知南院大","1","1","2"
"耶律合术知南院大王","1","1","2"
"律合术知南院大王事","1","1","2"
"故富春郡王耶律义先","1","1","2"
"彰国军节度使韩谢十","1","1","2"
"圣文神武全功大略广","1","1","2"
"文神武全功大略广智","1","1","2"
"武定军节度使姚景行","1","1","2"
"东北路详稳耶律韩福","1","1","2"
"北路详稳耶律韩福奴","1","1","2"
"南府宰相韩王萧唐古","1","1","2"
"广德军节度使耶律蕊","1","1","2"
"德军节度使耶律蕊奴","1","1","2"
"置乌古敌烈部都统军","1","1","2"
"乌古敌烈部都统军司","1","1","2"
"怀化军节度使高元纪","1","1","2"
"五国节度使萧陶苏斡","1","1","2"
"汉人行宫都部署李仲","1","1","2"
"人行宫都部署李仲禧","1","1","2"
"忠顺军节度使耶律颇","1","1","2"
"顺军节度使耶律颇德","1","1","2"
"同知广德军节度使事","1","1","2"
"武定军节度使耶律仁","1","1","2"
"定军节度使耶律仁杰","1","1","2"
"乌古敌烈统军使耶律","1","1","2"
"古敌烈统军使耶律马","1","1","2"
"耶律慎思北院枢密副","2","0","2"
"律慎思北院枢密副使","2","0","2"
"汉人行宫都部署王绩","1","1","2"
"进士李君裕等五十一","1","1","2"
"士李君裕等五十一人","1","1","2"
"进士张毂等二十六人","1","1","2"
"同知南京留守事耶律","1","1","2"
"事耶律知右夷离毕事","2","0","2"
"丹行宫都部署耶律阿","1","1","2"
"行宫都部署耶律阿思","1","1","2"
"遣使诏子乾顺知国事","2","0","2"
"辽兴军节度使耶律王","1","1","2"
"兴军节度使耶律王九","1","1","2"
"南院枢密使事耶律聂","1","1","2"
"院枢密使事耶律聂里","1","1","2"
"北院枢密使耶律颇德","1","1","2"
"枢密使事耶律阿思封","1","1","2"
"权知西北路招讨使事","1","1","2"
"知西北路招讨使事萧","1","1","2"
"西北路招讨使事萧朽","1","1","2"
"北路招讨使事萧朽哥","1","1","2"
"左祗候郎君班详稳耶","1","1","2"
"祗候郎君班详稳耶律","1","1","2"
"候郎君班详稳耶律涅","1","1","2"
"郎君班详稳耶律涅里","1","1","2"
"南院枢密使事耶律吐","1","1","2"
"院枢密使事耶律吐朵","1","1","2"
"进士文充等七十二人","1","1","2"
"汉人行宫副部署耶律","1","1","2"
"人行宫副部署耶律谷","1","1","2"
"行宫副部署耶律谷欲","1","1","2"
"遣奚六部秃里耶律郭","1","1","2"
"奚六部秃里耶律郭三","1","1","2"
"进士冠尊文等五十三","1","1","2"
"士冠尊文等五十三人","1","1","2"
"西北路招讨使耶律阿","1","1","2"
"北路招讨使耶律阿鲁","1","1","2"
"路招讨使耶律阿鲁扫","1","1","2"
"招讨使耶律阿鲁扫古","1","1","2"
"讨使耶律阿鲁扫古追","1","1","2"
"西北路招讨使耶律挞","1","1","2"
"敌烈统军使萧朽哥奏","1","1","2"
"路副部署萧阿鲁带奏","1","1","2"
"节度使耶律陈家奴奏","1","1","2"
"北院枢密使事耶律斡","1","1","2"
"院枢密使事耶律斡特","1","1","2"
"枢密使事耶律斡特剌","1","1","2"
"龙虎卫上将军耶律胡","1","1","2"
"虎卫上将军耶律胡吕","1","1","2"
"敦睦宫太师耶律爱奴","1","1","2"
"知国舅详稳事萧阿烈","1","1","2"
"国舅详稳事萧阿烈同","1","1","2"
"东北路统军使耶律石","1","1","2"
"北路统军使耶律石柳","1","1","2"
"斡特剌奏讨耶睹刮捷","2","0","2"
"南京宣徽使耶律特末","1","1","2"
"知奚六部大王事回里","1","1","2"
"参知政事赵孝严汉人","2","0","2"
"知政事赵孝严汉人行","2","0","2"
"政事赵孝严汉人行宫","2","0","2"
"事赵孝严汉人行宫都","2","0","2"
"赵孝严汉人行宫都部","2","0","2"
"孝严汉人行宫都部署","2","0","2"
"北面林牙耶律大悲奴","1","1","2"
"南府宰相耶律铎鲁斡","1","1","2"
"丹行宫都部署耶律吾","1","1","2"
"西北路招讨使斡特剌","1","1","2"
"斡特剌西北路招讨使","2","0","2"
"兴圣宫使耶律郝家奴","1","1","2"
"里底知北院枢密使事","2","0","2"
"知右夷离毕事郝家奴","1","1","2"
"院枢密使耶律阿思加","1","1","2"
"夏国王李乾顺复遣使","2","0","2"
"国王李乾顺复遣使请","2","0","2"
"王李乾顺复遣使请尚","2","0","2"
"李乾顺复遣使请尚公","2","0","2"
"乾顺复遣使请尚公主","2","0","2"
"惠文智武圣孝天祚皇","1","1","2"
"文智武圣孝天祚皇帝","1","1","2"
"北院枢密副使耶律慎","1","1","2"
"院枢密副使耶律慎思","1","1","2"
"知南院枢密使事萧敌","1","1","2"
"南院枢密使事萧敌里","1","1","2"
"辽兴军节度使萧常哥","1","1","2"
"遣枢密直学士高端礼","1","1","2"
"枢密直学士高端礼等","1","1","2"
"族女南仙封成安公主","2","0","2"
"遣知北院枢密使事萧","1","1","2"
"知南院枢密使事牛温","1","1","2"
"南院枢密使事牛温舒","1","1","2"
"西北路招讨使萧敌里","1","1","2"
"北路招讨使萧敌里率","1","1","2"
"生女直酋长千里内者","2","0","2"
"遣海州刺史高仙寿统","1","1","2"
"西北路招讨使耶律斡","1","1","2"
"北路招讨使耶律斡里","1","1","2"
"路招讨使耶律斡里朵","1","1","2"
"南院枢密使事耶律章","1","1","2"
"院枢密使事耶律章奴","1","1","2"
"遣耶律张家奴等六人","1","1","2"
"南面副部署萧陶苏斡","1","1","2"
"诸行营都部署耶律章","1","1","2"
"行营都部署耶律章奴","1","1","2"
"锦州刺史耶律术者叛","1","1","2"
"贵德州守将耶律余睹","1","1","2"
"遣汉人行宫都部署萧","1","1","2"
"汉人行宫都部署萧特","1","1","2"
"人行宫都部署萧特末","1","1","2"
"行宫都部署萧特末率","1","1","2"
"知北院枢密使事萧韩","1","1","2"
"北院枢密使事萧韩家","1","1","2"
"院枢密使事萧韩家奴","1","1","2"
"东北面行军诸将涅里","1","1","2"
"东北路行军都统奚霞","1","1","2"
"北路行军都统奚霞末","1","1","2"
"遣知右夷离毕事萧习","1","1","2"
"知右夷离毕事萧习泥","1","1","2"
"右夷离毕事萧习泥烈","1","1","2"
"夷离毕事萧习泥烈等","1","1","2"
"耶律陈图奴等二十余","1","1","2"
"律陈图奴等二十余人","1","1","2"
"陈图奴等二十余人谋","1","1","2"
"图奴等二十余人谋反","1","1","2"
"招讨副使耶律松山等","1","1","2"
"太祖淳钦皇后述律氏","1","1","2"
"诬告北府宰相萧浞卜","1","1","2"
"右护卫太保耶律查剌","1","1","2"
"太保耶律查剌诬告都","1","1","2"
"保耶律查剌诬告都宫","1","1","2"
"耶律查剌诬告都宫使","1","1","2"
"律查剌诬告都宫使耶","1","1","2"
"查剌诬告都宫使耶律","1","1","2"
"剌诬告都宫使耶律撒","1","1","2"
"诬告都宫使耶律撒剌","1","1","2"
"令牌印郎君萧讹都斡","2","0","2"
"牌印郎君萧讹都斡等","1","1","2"
"幽州马步军指挥使王","1","1","2"
"州马步军指挥使王千","1","1","2"
"马步军指挥使王千率","1","1","2"
"步军指挥使王千率众","1","1","2"
"杜重威拥十万余众拒","1","1","2"
"降将张彦泽率骑兵三","1","1","2"
"将张彦泽率骑兵三千","1","1","2"
"禁卫长皮室等同力讨","1","1","2"
"契丹行宫都部署女里","1","1","2"
"贞亮弘靖保义守节耆","1","1","2"
"亮弘靖保义守节耆德","1","1","2"
"弘靖保义守节耆德功","1","1","2"
"靖保义守节耆德功臣","1","1","2"
"南府宰相耶律奴瓜等","1","1","2"
"院枢密使耶律斜轸薨","1","1","2"
"北院大王耶律斜轸兵","1","1","2"
"赐效节宣庸定远功臣","1","1","2"
"加赐翊圣协穆保义功","1","1","2"
"赐翊圣协穆保义功臣","1","1","2"
"耶律弘古击破三水营","1","1","2"
"枢密使耶律斜轸收复","1","1","2"
"密使耶律斜轸收复山","1","1","2"
"使耶律斜轸收复山西","1","1","2"
"宣徽使耶律阿没里征","1","1","2"
"枢密副使萧德修定法","1","1","2"
"密副使萧德修定法令","1","1","2"
"累迁契丹行宫都部署","1","1","2"
"南京侍卫亲军马步军","1","1","2"
"京侍卫亲军马步军都","1","1","2"
"侍卫亲军马步军都指","1","1","2"
"卫亲军马步军都指挥","1","1","2"
"亲军马步军都指挥使","1","1","2"
"乌古部节度使行军都","1","1","2"
"古部节度使行军都监","1","1","2"
"权知皇太后宫诸局事","1","1","2"
"永清人傅遵说随郭药","1","1","2"
"清人傅遵说随郭药师","1","1","2"
"西南副都部署乌古敌","1","1","2"
"南副都部署乌古敌烈","1","1","2"
"中京度支司盐铁判官","1","1","2"
"手书宣马宣徽四字诏","1","1","2"
"契丹汉人渤海内侍都","1","1","2"
"丹汉人渤海内侍都知","1","1","2"
"太保耶律查剌诬告耶","1","1","2"
"保耶律查剌诬告耶律","1","1","2"
"耶律查剌诬告耶律撒","1","1","2"
"律查剌诬告耶律撒剌","1","1","2"
"查剌诬告耶律撒剌等","1","1","2"
"耶律查剌前告耶律撒","2","0","2"
"律查剌前告耶律撒剌","2","0","2"
"查剌前告耶律撒剌等","2","0","2"
"剌前告耶律撒剌等事","2","0","2"
"前告耶律撒剌等事皆","2","0","2"
"告耶律撒剌等事皆实","2","0","2"
"右皮室详稳耶律屋质","1","1","2"
"皮室详稳耶律屋质察","1","1","2"
"知北院枢密事萧胡睹","1","1","2"
"北院枢密事萧胡睹等","1","1","2"
"时太后命皇太弟李胡","1","1","2"
"太后命皇太弟李胡率","1","1","2"
"后命皇太弟李胡率兵","1","1","2"
"命皇太弟李胡率兵南","1","1","2"
"律乙辛知北院枢密事","1","1","2"
"命北院枢密副使萧革","1","1","2"
"唐卢龙军节度使刘仁","1","1","2"
"卢龙军节度使刘仁恭","1","1","2"
"龙军节度使刘仁恭发","1","1","2"
"军节度使刘仁恭发兵","1","1","2"
"节度使刘仁恭发兵数","1","1","2"
"度使刘仁恭发兵数万","1","1","2"
"南宰相耶律欧里思率","1","1","2"
"宰相耶律欧里思率群","1","1","2"
"相耶律欧里思率群臣","1","1","2"
"耶律欧里思率群臣上","1","1","2"
"律欧里思率群臣上尊","1","1","2"
"欧里思率群臣上尊号","1","1","2"
"里思率群臣上尊号曰","1","1","2"
"思率群臣上尊号曰天","1","1","2"
"率群臣上尊号曰天皇","1","1","2"
"群臣上尊号曰天皇帝","1","1","2"
"称幽州卢龙军节度使","1","1","2"
"将卢文进杀节度使李","1","1","2"
"卢文进杀节度使李存","1","1","2"
"文进杀节度使李存矩","1","1","2"
"武军节度使王处直养","1","1","2"
"军节度使王处直养子","1","1","2"
"遣诸将率兵攻下贝州","1","1","2"
"诸将率兵攻下贝州高","1","1","2"
"将率兵攻下贝州高老","1","1","2"
"率兵攻下贝州高老镇","1","1","2"
"周殿前都点检赵匡胤","1","1","2"
"殿前都点检赵匡胤废","1","1","2"
"前都点检赵匡胤废周","1","1","2"
"西南面招讨使耶律斜","1","1","2"
"南面招讨使耶律斜轸","1","1","2"
"同政事门下平章事萧","1","1","2"
"保义军节度使张德筠","1","1","2"
"东京中台省右平章事","1","1","2"
"左监门卫大将军王庭","1","1","2"
"监门卫大将军王庭勖","1","1","2"
"彰武军节度使韩德凝","1","1","2"
"归义军节度使王希严","1","1","2"
"坊等州观察处置等使","1","1","2"
"武定军马步军都指挥","1","1","2"
"定军马步军都指挥使","1","1","2"
"马军都指挥使刘知进","1","1","2"
"军都指挥使刘知进等","1","1","2"
"东京路诸宫分提辖司","1","1","2"
"奚王府五帐六节度献","1","1","2"
"高丽礼部郎中渤海陀","1","1","2"
"丽礼部郎中渤海陀失","1","1","2"
"右皮室详稳延寿率兵","1","1","2"
"礼部员外郎王景运分","1","1","2"
"进士张克恭等三十七","1","1","2"
"士张克恭等三十七人","1","1","2"
"前遥恩拈部节度使控","1","1","2"
"遥恩拈部节度使控骨","1","1","2"
"恩拈部节度使控骨里","1","1","2"
"高丽国参知政事王同","1","1","2"
"丽国参知政事王同显","1","1","2"
"武定军节度使萧匹敌","1","1","2"
"道士冯若谷加太子中","1","1","2"
"士冯若谷加太子中允","1","1","2"
"汉人行宫都部署萧孝","1","1","2"
"人行宫都部署萧孝先","1","1","2"
"天德军节度使耶律卿","1","1","2"
"德军节度使耶律卿宁","1","1","2"
"河西军节度使耶律嵩","1","1","2"
"签北面事耶律涅哥同","1","1","2"
"北面事耶律涅哥同签","1","1","2"
"面事耶律涅哥同签点","1","1","2"
"事耶律涅哥同签点检","1","1","2"
"耶律涅哥同签点检司","1","1","2"
"惕隐敌鲁古封漆水郡","1","1","2"
"隐敌鲁古封漆水郡王","1","1","2"
"丹行宫都部署耶律仁","1","1","2"
"行宫都部署耶律仁先","1","1","2"
"知夷离毕事耶律信先","1","1","2"
"汉人行宫都部署耶律","1","1","2"
"人行宫都部署耶律敌","1","1","2"
"行宫都部署耶律敌烈","1","1","2"
"同知南京留守事萧塔","1","1","2"
"知南京留守事萧塔烈","1","1","2"
"南京留守事萧塔烈葛","1","1","2"
"忠顺军节度使谢家奴","1","1","2"
"安定郡王涅鲁古进封","1","1","2"
"定郡王涅鲁古进封楚","1","1","2"
"郡王涅鲁古进封楚王","1","1","2"
"乌古敌烈部都详稳萧","1","1","2"
"古敌烈部都详稳萧慈","1","1","2"
"敌烈部都详稳萧慈氏","1","1","2"
"烈部都详稳萧慈氏奴","1","1","2"
"辽兴军节度使萧虚烈","1","1","2"
"兴军节度使萧虚烈封","1","1","2"
"军节度使萧虚烈封郑","1","1","2"
"节度使萧虚烈封郑王","1","1","2"
"上京留守宿国王陈留","1","1","2"
"同知枢密院事韩绍文","1","1","2"
"东京留守宿国王陈留","1","1","2"
"知北院枢密使事萧胡","1","1","2"
"北院枢密使事萧胡睹","1","1","2"
"旗鼓拽剌详稳耶律郭","1","1","2"
"鼓拽剌详稳耶律郭九","1","1","2"
"时南院枢密使许王仁","1","1","2"
"南院枢密使许王仁先","1","1","2"
"知北枢密院事赵王耶","1","1","2"
"北枢密院事赵王耶律","1","1","2"
"枢密院事赵王耶律乙","1","1","2"
"密院事赵王耶律乙辛","1","1","2"
"北院宣徽使萧韩家奴","1","1","2"
"敦睦宫使耶律良等率","1","1","2"
"睦宫使耶律良等率宿","1","1","2"
"宫使耶律良等率宿卫","1","1","2"
"使耶律良等率宿卫士","1","1","2"
"耶律良等率宿卫士卒","1","1","2"
"律良等率宿卫士卒数","1","1","2"
"良等率宿卫士卒数千","1","1","2"
"等率宿卫士卒数千人","1","1","2"
"西北路招讨使萧术者","1","1","2"
"南院枢密使事耶律白","1","1","2"
"丹行宫都部署耶律胡","1","1","2"
"行宫都部署耶律胡睹","1","1","2"
"知北院枢密使事萧惟","1","1","2"
"北院枢密使事萧惟信","1","1","2"
"院枢密使魏王耶律乙","1","1","2"
"枢密使魏王耶律乙辛","1","1","2"
"北院枢密副使耶律特","1","1","2"
"院枢密副使耶律特里","1","1","2"
"枢密副使耶律特里底","1","1","2"
"丹行宫都部署耶律燕","1","1","2"
"行宫都部署耶律燕哥","1","1","2"
"知南院枢密使事萧挞","1","1","2"
"权知奚六部大王事图","1","1","2"
"知奚六部大王事图赶","1","1","2"
"知枢密院事耶律斡特","1","1","2"
"枢密院事耶律斡特剌","1","1","2"
"召枢密直学士耶律俨","1","1","2"
"枢密直学士耶律俨讲","1","1","2"
"知奚六部大王事涅葛","1","1","2"
"汉人行宫都部署奚回","1","1","2"
"人行宫都部署奚回离","1","1","2"
"行宫都部署奚回离保","1","1","2"
"知左夷离毕事耶律吐","1","1","2"
"左夷离毕事耶律吐朵","1","1","2"
"知南院枢密使事萧药","1","1","2"
"南院枢密使事萧药师","1","1","2"
"院枢密使事萧药师奴","1","1","2"
"前知惕隐事耶律郭三","1","1","2"
"汉人行宫都部署梁援","1","1","2"
"乌古部节度使陈家奴","1","1","2"
"进士康秉俭等八十七","1","1","2"
"士康秉俭等八十七人","1","1","2"
"南府宰相耶律斡特剌","1","1","2"
"召监修国史耶律俨纂","1","1","2"
"西南面招讨使萧乐古","1","1","2"
"东面行军副统马哥等","1","1","2"
"执招讨使耶律斡里朵","1","1","2"
"进士李宝信等一十九","1","1","2"
"士李宝信等一十九人","1","1","2"
"敌剌部前同知枢密院","1","1","2"
"剌部前同知枢密院事","1","1","2"
"部前同知枢密院事萧","1","1","2"
"前同知枢密院事萧查","1","1","2"
"同知枢密院事萧查剌","1","1","2"
"知枢密院事萧查剌阿","1","1","2"
"茶赤剌部秃鲁耶律燕","1","1","2"
"赤剌部秃鲁耶律燕山","1","1","2"
"上尊号曰承天皇太后","1","1","2"
"本宫分人检校太师合","1","1","2"
"宫分人检校太师合鲁","1","1","2"
"乌古敌烈部屯田太保","1","1","2"
"权知东北路统军使事","1","1","2"
"南京侍卫亲军都指挥","1","1","2"
"京侍卫亲军都指挥使","1","1","2"
"功迁九水诸部安抚使","1","1","2"
"累迁同知北院枢密使","1","1","2"
"北院枢密使耶律乙辛","1","1","2"
"院枢密使耶律乙辛所","1","1","2"
"枢密使耶律乙辛所忌","1","1","2"
"彰武军节度使掌书记","1","1","2"
"招讨使耶律敌古率阻","1","1","2"
"讨使耶律敌古率阻卜","1","1","2"
"使耶律敌古率阻卜军","1","1","2"
"归化州刺史耶律普宁","1","1","2"
"侍卫亲军兵马都指挥","1","1","2"
"卫亲军兵马都指挥使","1","1","2"
"蔚州左右都押衙李存","1","1","2"
"州左右都押衙李存璋","1","1","2"
"汉人行宫副部署刘六","1","1","2"
"人行宫副部署刘六符","1","1","2"
"派使者察看犯人口供","0","2","2"
"派遣滕彦休前来进贡","0","2","2"
"三年春正月二十二日","0","2","2"
"求以皇上生日作为天","0","2","2"
"宴饮群臣及各国使者","0","2","2"
"献时令鲜果于太祖庙","0","2","2"
"广德至仁昭烈崇简应","0","2","2"
"德至仁昭烈崇简应天","0","2","2"
"至仁昭烈崇简应天皇","0","2","2"
"南唐派使者前来进贡","0","2","2"
"南唐分别派使者前来","0","2","2"
"黑车子室韦前来进贡","0","2","2"
"高勋册封刘崇为大汉","0","2","2"
"勋册封刘崇为大汉神","0","2","2"
"册封刘崇为大汉神武","0","2","2"
"封刘崇为大汉神武皇","0","2","2"
"刘崇为大汉神武皇帝","0","2","2"
"祭祀让国皇帝于行宫","0","2","2"
"汉派使者前来商议军","0","2","2"
"派使者前来商议军事","0","2","2"
"皇上听从了他的建议","0","2","2"
"皇上派使者前往吊唁","0","2","2"
"上派使者前往吊唁祭","0","2","2"
"有司奏请以皇上生日","0","2","2"
"司奏请以皇上生日为","0","2","2"
"奏请以皇上生日为天","0","2","2"
"派使者前来感谢我国","0","2","2"
"赐给他们财物各若干","0","2","2"
"皇上为之停止上朝三","0","2","2"
"上为之停止上朝三天","0","2","2"
"皇上答应了他的请求","0","2","2"
"诏令驸马都尉萧继远","0","2","2"
"皇上与大臣分组击鞠","0","2","2"
"给皇太后上尊号为睿","0","2","2"
"皇太后上尊号为睿德","0","2","2"
"太后上尊号为睿德神","0","2","2"
"后上尊号为睿德神略","0","2","2"
"上尊号为睿德神略应","0","2","2"
"尊号为睿德神略应运","0","2","2"
"号为睿德神略应运启","0","2","2"
"为睿德神略应运启化","0","2","2"
"给皇帝上尊号为至德","0","2","2"
"皇帝上尊号为至德广","0","2","2"
"帝上尊号为至德广孝","0","2","2"
"上尊号为至德广孝昭","0","2","2"
"尊号为至德广孝昭圣","0","2","2"
"号为至德广孝昭圣天","0","2","2"
"为至德广孝昭圣天辅","0","2","2"
"至德广孝昭圣天辅皇","0","2","2"
"李继迁派使者来进贡","0","2","2"
"分头审理诸道积压案","0","2","2"
"头审理诸道积压案件","0","2","2"
"难军节度使李继捧前","0","2","2"
"军节度使李继捧前来","0","2","2"
"为推忠效顺启圣定难","0","2","2"
"令南京审理积压案件","0","2","2"
"夏国派使者进献马匹","0","2","2"
"派童子十人前来学习","0","2","2"
"童子十人前来学习本","0","2","2"
"子十人前来学习本国","0","2","2"
"十人前来学习本国语","0","2","2"
"铁骊派使者前来进贡","0","2","2"
"韩德威奏报讨伐党项","0","2","2"
"祭品祭祀太宗皇帝庙","0","2","2"
"皇上为之停止上朝五","0","2","2"
"上为之停止上朝五天","0","2","2"
"兼任知北院枢密使事","0","2","2"
"其子李德昭派使者前","0","2","2"
"子李德昭派使者前来","0","2","2"
"李德昭派使者前来感","0","2","2"
"德昭派使者前来感谢","0","2","2"
"楚国王隆佑留守京师","0","2","2"
"派使者前来祝贺我国","0","2","2"
"使者前来祝贺我国与","0","2","2"
"者前来祝贺我国与宋","0","2","2"
"阿萨兰回鹘派使者前","0","2","2"
"萨兰回鹘派使者前来","0","2","2"
"高丽派使者前来会葬","0","2","2"
"文武百官给皇上加尊","0","2","2"
"武百官给皇上加尊号","0","2","2"
"百官给皇上加尊号为","0","2","2"
"派引进使李延弘赐给","0","2","2"
"引进使李延弘赐给夏","0","2","2"
"进使李延弘赐给夏国","0","2","2"
"使李延弘赐给夏国王","0","2","2"
"李延弘赐给夏国王李","0","2","2"
"延弘赐给夏国王李德","0","2","2"
"弘赐给夏国王李德昭","0","2","2"
"耶律资忠出使高丽回","0","2","2"
"律资忠出使高丽回国","0","2","2"
"曹顺派使者前来进贡","0","2","2"
"任命旗鼓拽剌详稳题","0","2","2"
"命旗鼓拽剌详稳题里","0","2","2"
"鼓拽剌详稳题里姑为","0","2","2"
"殿前都点检萧屈烈为","0","2","2"
"前都点检萧屈烈为都","0","2","2"
"都点检萧屈烈为都监","0","2","2"
"任命前北院大王耶律","0","2","2"
"萧合卓为北院枢密使","0","2","2"
"行宫都部署王继忠为","0","2","2"
"任命东平郡王萧排押","0","2","2"
"命东平郡王萧排押为","0","2","2"
"任命东北路详稳耶律","0","2","2"
"充任祝贺夏国王李德","0","2","2"
"任祝贺夏国王李德昭","0","2","2"
"祝贺夏国王李德昭生","0","2","2"
"任祝贺宋正旦正副使","0","2","2"
"祝贺宋正旦正副使者","0","2","2"
"贺宋主生辰正副使者","0","2","2"
"充任祝贺宋正旦的正","0","2","2"
"任祝贺宋正旦的正副","0","2","2"
"祝贺宋正旦的正副使","0","2","2"
"贺宋正旦的正副使者","0","2","2"
"任祝贺宋国太后生辰","0","2","2"
"太后生辰的正副使者","0","2","2"
"里为左祗候郎君详稳","0","2","2"
"充任来年贺宋正旦正","0","2","2"
"任来年贺宋正旦正副","0","2","2"
"来年贺宋正旦正副使","0","2","2"
"年贺宋正旦正副使者","0","2","2"
"皇上率领群臣给皇太","0","2","2"
"上率领群臣给皇太后","0","2","2"
"率领群臣给皇太后上","0","2","2"
"领群臣给皇太后上尊","0","2","2"
"群臣给皇上上尊号为","0","2","2"
"贺永寿节及来年正旦","0","2","2"
"贺宋生辰及来年正旦","0","2","2"
"宋生辰及来年正旦正","0","2","2"
"生辰及来年正旦正副","0","2","2"
"辰及来年正旦正副使","0","2","2"
"及来年正旦正副使者","0","2","2"
"张士禹前来祝贺永寿","0","2","2"
"士禹前来祝贺永寿节","0","2","2"
"王萧孝穆为北院枢密","0","2","2"
"萧孝穆为北院枢密使","0","2","2"
"来祝贺正旦及永寿节","0","2","2"
"派北院承旨耶律庶成","0","2","2"
"任命宣政殿学士杨佶","0","2","2"
"命宣政殿学士杨佶为","0","2","2"
"册封皇后萧氏为贞懿","0","2","2"
"派同知析津府事耶律","0","2","2"
"耶律敌烈等出使夏国","0","2","2"
"六符为长宁军节度使","0","2","2"
"阻卜酋长乌八派其子","0","2","2"
"派使者前来进贡土产","0","2","2"
"卜大王屯秃古斯率领","0","2","2"
"大王屯秃古斯率领诸","0","2","2"
"王屯秃古斯率领诸部","0","2","2"
"屯秃古斯率领诸部酋","0","2","2"
"秃古斯率领诸部酋长","0","2","2"
"古斯率领诸部酋长前","0","2","2"
"斯率领诸部酋长前来","0","2","2"
"追赠他为同中书门下","0","2","2"
"赠他为同中书门下平","0","2","2"
"他为同中书门下平章","0","2","2"
"阿萨兰派使者前来进","0","2","2"
"萨兰派使者前来进贡","0","2","2"
"夏国李谅祚派使者前","0","2","2"
"国李谅祚派使者前来","0","2","2"
"殿前都点检萧迭里得","0","2","2"
"夏国派使者前来朝贺","0","2","2"
"尊皇太后为太皇太后","0","2","2"
"为参知政事兼同知枢","0","2","2"
"参知政事兼同知枢密","0","2","2"
"知政事兼同知枢密院","0","2","2"
"任命左夷离毕萧谟鲁","0","2","2"
"命左夷离毕萧谟鲁为","0","2","2"
"上尊号为慈懿仁和文","0","2","2"
"尊号为慈懿仁和文惠","0","2","2"
"号为慈懿仁和文惠孝","0","2","2"
"为慈懿仁和文惠孝敬","0","2","2"
"慈懿仁和文惠孝敬广","0","2","2"
"懿仁和文惠孝敬广爱","0","2","2"
"仁和文惠孝敬广爱宗","0","2","2"
"和文惠孝敬广爱宗天","0","2","2"
"任命楚国王涅鲁古为","0","2","2"
"任命隋王耶律仁先为","0","2","2"
"耶律乙辛为南院枢密","0","2","2"
"律乙辛为南院枢密使","0","2","2"
"御临永安殿录用进士","0","2","2"
"派使者进献回鹘僧人","0","2","2"
"国派使者前来感谢封","0","2","2"
"派使者前来感谢封册","0","2","2"
"夏国王李秉常派使者","0","2","2"
"萧挞不也为北府宰相","0","2","2"
"耶律慎思为北院枢密","0","2","2"
"律慎思为北院枢密副","0","2","2"
"慎思为北院枢密副使","0","2","2"
"死罪以下的杂罪犯人","0","2","2"
"前来馈赠其先帝遗物","0","2","2"
"萧挞不也为南院枢密","0","2","2"
"挞不也为南院枢密使","0","2","2"
"事耶律那也为知右夷","0","2","2"
"耶律那也为知右夷离","0","2","2"
"律那也为知右夷离毕","0","2","2"
"那也为知右夷离毕事","0","2","2"
"夏国王李乾顺派使者","0","2","2"
"李乾顺派使者奉上其","0","2","2"
"乾顺派使者奉上其父","0","2","2"
"派使者赠送鹿脯给宋","0","2","2"
"以南院大王萧特末为","0","2","2"
"即派遣使者前往吊唁","0","2","2"
"派遣使者前往吊唁祭","0","2","2"
"遣使者前往吊唁祭祀","0","2","2"
"参知政事赵孝严为汉","0","2","2"
"知政事赵孝严为汉人","0","2","2"
"政事赵孝严为汉人行","0","2","2"
"事赵孝严为汉人行宫","0","2","2"
"赵孝严为汉人行宫都","0","2","2"
"孝严为汉人行宫都部","0","2","2"
"严为汉人行宫都部署","0","2","2"
"参知政事牛温舒兼任","0","2","2"
"奏称攻讨梅里急告捷","0","2","2"
"征召医巫闾山僧人志","0","2","2"
"召医巫闾山僧人志达","0","2","2"
"兼任契丹行宫都部署","0","2","2"
"里底为知北院枢密使","0","2","2"
"底为知北院枢密使事","0","2","2"
"派使者请求皇上下嫁","0","2","2"
"使者请求皇上下嫁公","0","2","2"
"者请求皇上下嫁公主","0","2","2"
"兀纳为辽兴军节度使","0","2","2"
"以宋魏国王和鲁斡为","0","2","2"
"派使者请求下嫁公主","0","2","2"
"以族女南仙封为成安","0","2","2"
"族女南仙封为成安公","0","2","2"
"女南仙封为成安公主","0","2","2"
"归还所侵占的夏国土","0","2","2"
"还所侵占的夏国土地","0","2","2"
"生女真酋长在千里以","0","2","2"
"女真酋长在千里以内","0","2","2"
"真酋长在千里以内者","0","2","2"
"高丽派使者前来感谢","0","2","2"
"便奏称东征溃败之军","0","2","2"
"北院枢密使萧得里底","0","2","2"
"派遣乌林答赞谟带着","0","2","2"
"遣乌林答赞谟带着书","0","2","2"
"金国再次派遣乌林答","0","2","2"
"国再次派遣乌林答赞","0","2","2"
"再次派遣乌林答赞谟","0","2","2"
"回离保为知北院枢密","0","2","2"
"在夜里包围了忽汗城","0","2","2"
"又让牌印郎君萧讹都","0","2","2"
"让牌印郎君萧讹都斡","0","2","2"
"败张敬达军于太原北","0","2","2"
"惕隐刘哥及其弟盆都","0","2","2"
"随从枢密使耶律斜轸","0","2","2"
"升任同政事门下平章","0","2","2"
"任同政事门下平章事","0","2","2"
"随从枢密使耶律世良","0","2","2"
"从枢密使耶律世良讨","0","2","2"
"枢密使耶律世良讨伐","0","2","2"
"担任汉人行宫副部署","0","2","2"
"耶律查剌上次告发耶","0","2","2"
"律查剌上次告发耶律","0","2","2"
"查剌上次告发耶律撒","0","2","2"
"剌上次告发耶律撒剌","0","2","2"
"上次告发耶律撒剌等","0","2","2"
"曷鲁为迭剌部夷离堇","0","2","2"
"京留守宿国王陈留为","0","2","2"
"淳钦皇后弟阿古只五","0","2","2"
"钦皇后弟阿古只五世","0","2","2"
"皇后弟阿古只五世孙","0","2","2"
