"N-gram","宋史原文","宋史翻译","Total"
"二十","971","6039","7010"
"朝廷","601","3642","4243"
"将军","1901","2130","4031"
"没有","4","3564","3568"
"刺史","1581","1692","3273"
"十二","1032","2188","3220"
"于是","459","2625","3084"
"十一","937","2101","3038"
"州刺","1467","1532","2999"
"皇帝","447","2535","2982"
"下诏","101","2704","2805"
"他们","0","2731","2731"
"皇上","7","2693","2700"
"天下","1300","1374","2674"
"尚书","1295","1373","2668"
"月初","3","2662","2665"
"枢密","1276","1353","2629"
"的人","0","2609","2609"
"学士","1275","1296","2571"
"任命","0","2559","2559"
"他的","0","2460","2460"
"不能","698","1744","2442"
"二月","1190","1218","2408"
"二年","1012","1312","2324"
"陛下","1016","1277","2293"
"三年","1046","1118","2164"
"请求","3","2128","2131"
"百姓","139","1985","2124"
"命令","25","2028","2053"
"元年","1004","1040","2044"
"十五","428","1425","1853"
"太后","756","1056","1812"
"金人","1148","652","1800"
"十四","337","1439","1776"
"节度","865","908","1773"
"御史","839","926","1765"
"可以","313","1436","1749"
"十三","313","1421","1734"
"十七","288","1444","1732"
"自己","6","1692","1698"
"大臣","477","1202","1679"
"十八","280","1390","1670"
"太祖","534","1127","1661"
"当时","75","1575","1650"
"不可","1024","593","1617"
"侍郎","798","814","1612"
"以为","1224","376","1600"
"太子","702","879","1581"
"密院","746","818","1564"
"十六","286","1273","1559"
"中书","765","792","1557"
"认为","1","1541","1542"
"出现","0","1514","1514"
"政事","595","918","1513"
"国家","178","1333","1511"
"正月","733","765","1498"
"一日","191","1269","1460"
"五月","705","710","1415"
"太守","661","747","1408"
"诏令","46","1360","1406"
"司马","493","911","1404"
"大夫","654","740","1394"
"军队","2","1380","1382"
"四月","684","695","1379"
"所以","415","963","1378"
"宰相","460","906","1366"
"十九","229","1137","1366"
"派遣","0","1350","1350"
"不久","6","1342","1348"
"军节","670","673","1343"
"现在","0","1342","1342"
"六月","665","668","1333"
"三日","130","1189","1319"
"三月","667","649","1316"
"七月","657","659","1316"
"皇后","470","841","1311"
"一月","624","649","1273"
"七日","61","1212","1273"
"度使","589","682","1271"
"四年","621","633","1254"
"二日","60","1177","1237"
"十月","618","617","1235"
"八日","36","1159","1195"
"院事","590","595","1185"
"八月","584","595","1179"
"四日","33","1140","1173"
"三十","504","665","1169"
"五年","570","591","1161"
"皇太","533","626","1159"
"五日","93","1063","1156"
"安抚","511","631","1142"
"如果","1","1132","1133"
"祭祀","30","1100","1130"
"九月","560","570","1130"
"副使","534","586","1120"
"儿子","1","1112","1113"
"上奏","17","1092","1109"
"因为","9","1080","1089"
"六日","43","1041","1084"
"敌人","29","1034","1063"
"遣使","620","416","1036"
"契丹","470","565","1035"
"制置","508","518","1026"
"进士","476","546","1022"
"武帝","390","631","1021"
"金军","21","977","998"
"元嘉","461","530","991"
"参知","486","505","991"
"九日","27","964","991"
"发生","0","984","984"
"这样","0","984","984"
"得到","0","984","984"
"知政","481","500","981"
"不得","534","440","974"
"初一","1","971","972"
"年十","508","462","970"
"那么","0","967","967"
"抚使","435","530","965"
"转运","452","506","958"
"去世","0","957","957"
"知道","4","936","940"
"太白","588","342","930"
"应该","0","926","926"
"侵犯","4","917","921"
"太宗","351","565","916"
"京城","148","767","915"
"不是","6","909","915"
"等人","8","907","915"
"这是","0","908","908"
"因此","26","869","895"
"高宗","207","687","894"
"年春","434","448","882"
"统制","440","440","880"
"高祖","420","457","877"
"部侍","429","446","875"
"知州","89","781","870"
"一年","212","657","869"
"天子","411","455","866"
"军将","388","476","864"
"赐给","3","859","862"
"什么","0","862","862"
"参军","426","433","859"
"部尚","416","423","839"
"而不","406","431","837"
"张浚","232","603","835"
"的事","0","833","833"
"宣抚","403","425","828"
"仆射","406","415","821"
"议论","53","767","820"
"扬州","381","436","817"
"年正","427","390","817"
"主管","146","671","817"
"三司","403","410","813"
"战争","2","811","813"
"设置","0","811","811"
"即位","375","431","806"
"大将","391","414","805"
"官吏","151","652","803"
"人的","0","801","801"
"秦桧","157","641","798"
"不知","299","498","797"
"不敢","347","450","797"
"官员","10","784","794"
"以下","398","395","793"
"世忠","339","454","793"
"开始","2","783","785"
"六年","386","395","781"
"提举","390","391","781"
"一个","0","781","781"
"为太","282","496","778"
"四川","345","428","773"
"们的","0","773","773"
"应当","1","771","772"
"这个","0","772","772"
"月十","39","732","771"
"知枢","381","389","770"
"岳飞","145","618","763"
"进入","6","753","759"
"七年","377","379","756"
"恢复","71","680","751"
"河北","368","382","750"
"月甲","578","158","736"
"第二","78","655","733"
"吏部","355","376","731"
"真宗","201","530","731"
"安石","330","397","727"
"十万","358","368","726"
"十年","353","363","716"
"使者","166","546","712"
"月戊","558","152","710"
"月壬","552","154","706"
"以来","289","414","703"
"月乙","555","146","701"
"升为","4","693","697"
"官职","21","674","695"
"国公","338","356","694"
"就是","0","692","692"
"州知","1","686","687"
"作为","6","679","685"
"都是","0","684","684"
"我们","0","680","680"
"一定","7","671","678"
"年五","340","334","674"
"十日","124","550","674"
"给他","1","672","673"
"月丁","531","140","671"
"亲自","6","665","671"
"左右","366","304","670"
"月己","519","151","670"
"事情","4","664","668"
"舍人","325","336","661"
"月癸","529","132","661"
"希望","2","659","661"
"文帝","198","462","660"
"太平","266","392","658"
"担任","0","654","654"
"门下","303","350","653"
"绍兴","207","445","652"
"上书","199","451","650"
"月辛","517","133","650"
"冬十","325","324","649"
"荧惑","413","236","649"
"军事","234","410","644"
"免除","0","643","643"
"率领","4","638","642"
"月庚","505","137","642"
"孝宗","183","458","641"
"地方","1","639","640"
"月丙","506","132","638"
"已经","9","628","637"
"五十","314","323","637"
"陕西","310","327","637"
"听说","0","635","635"
"殿学","316","318","634"
"有人","30","602","632"
"年六","323","309","632"
"春正","326","305","631"
"接受","0","631","631"
"他为","1","629","630"
"秋七","313","312","625"
"金国","111","514","625"
"置使","303","321","624"
"六十","304","319","623"
"礼部","307","313","620"
"八年","303","312","615"
"以后","53","561","614"
"这些","0","614","614"
"占据","0","614","614"
"夏四","309","304","613"
"二州","275","335","610"
"翰林","300","307","607"
"百官","253","348","601"
"韩世","144","455","599"
"州县","278","320","598"
"有一","60","537","597"
"运使","276","320","596"
"王安","125","471","596"
"的意","0","596","596"
"郡王","291","302","593"
"不同","119","472","591"
"之后","145","445","590"
"明年","441","146","587"
"初三","32","555","587"
"的官","0","587","587"
"一百","122","464","586"
"大学","288","296","584"
"京师","328","254","582"
"员外","290","291","581"
"全部","0","581","581"
"年四","293","286","579"
"虽然","8","569","577"
"判官","280","297","577"
"丞相","322","254","576"
"淮南","285","291","576"
"星犯","353","223","576"
"后来","7","569","576"
"宗庙","210","365","575"
"上疏","210","362","572"
"进攻","26","545","571"
"守臣","260","303","563"
"光世","263","299","562"
"的儿","0","562","562"
"监司","281","279","560"
"年七","291","268","559"
"户部","274","285","559"
"都统","277","281","558"
"初五","4","551","555"
"士兵","1","553","554"
"初二","27","526","553"
"神宗","184","368","552"
"让他","0","551","551"
"四十","274","276","550"
"指挥","198","347","545"
"河南","268","275","543"
"同知","275","266","541"
"李全","42","499","541"
"地区","0","540","540"
"太尉","267","271","538"
"己的","0","538","538"
"执政","237","298","535"
"诸军","384","150","534"
"太常","263","269","532"
"个月","0","532","532"
"如此","263","268","531"
"秘书","258","273","531"
"平章","266","265","531"
"张俊","156","373","529"
"初四","9","517","526"
"天地","211","314","525"
"初八","2","522","524"
"观察","180","341","521"
"人民","28","492","520"
"怎么","0","520","520"
"时候","2","517","519"
"然后","207","311","518"
"至于","262","256","518"
"密使","250","268","518"
"大明","255","261","516"
"初六","4","512","516"
"徐州","233","281","514"
"千人","212","300","512"
"初七","3","509","512"
"罢免","7","505","512"
"之事","228","282","510"
"星侵","0","510","510"
"使臣","39","469","508"
"通判","240","266","506"
"江州","244","260","504"
"不要","1","503","504"
"下的","0","504","504"
"父亲","0","501","501"
"中丞","283","217","500"
"政殿","249","251","500"
"改任","1","499","500"
"台谏","230","268","498"
"豫州","245","252","497"
"被罢","1","496","497"
"刘光","146","347","493"
"一起","0","493","493"
"建康","244","248","492"
"将士","196","295","491"
"初九","0","490","490"
"将领","12","476","488"
"签书","245","242","487"
"二人","246","241","487"
"仁宗","150","337","487"
"年二","244","240","484"
"制度","35","449","484"
"的地","0","484","484"
"开封","214","268","482"
"七十","239","241","480"
"处理","0","480","480"
"意见","2","477","479"
"事中","234","244","478"
"十分","22","456","478"
"非常","41","436","477"
"一人","221","254","475"
"平定","28","447","475"
"帝元","240","235","475"
"也不","0","475","475"
"率兵","92","382","474"
"诸将","343","130","473"
"年间","28","445","473"
"的时","0","473","473"
"到了","0","473","473"
"孝武","207","265","472"
"河东","234","238","472"
"太康","233","238","471"
"情况","0","471","471"
"颗星","0","471","471"
"流星","223","246","469"
"章事","235","234","469"
"临安","229","240","469"
"年三","238","229","467"
"水灾","87","379","466"
"直学","234","231","465"
"彗星","132","329","461"
"多次","0","461","461"
"九年","226","234","460"
"月二","41","418","459"
"盗贼","88","371","459"
"给事","229","228","457"
"有所","210","245","455"
"而已","223","231","454"
"内外","195","259","454"
"襄阳","214","240","454"
"林学","225","228","453"
"上报","2","451","453"
"了他","0","453","453"
"占辞","0","453","453"
"为皇","156","296","452"
"宗即","179","273","452"
"外郎","223","229","452"
"忧患","6","445","451"
"大赦","209","242","451"
"之间","146","303","449"
"有忧","90","359","449"
"投降","0","448","448"
"东西","139","308","447"
"嘉二","209","237","446"
"帝的","0","445","445"
"封为","6","435","441"
"举行","19","422","441"
"大理","214","226","440"
"攻打","0","440","440"
"万人","165","274","439"
"二百","219","220","439"
"书枢","219","220","439"
"一样","0","439","439"
"都督","212","226","438"
"报告","1","437","438"
"打败","0","437","437"
"不足","238","198","436"
"人不","128","307","435"
"三百","214","221","435"
"之为","231","203","434"
"人们","0","432","432"
"家的","0","431","431"
"殿大","212","218","430"
"待制","215","215","430"
"回答","0","430","430"
"之人","157","270","427"
"侍中","212","215","427"
"讨伐","7","418","425"
"王刘","2","423","425"
"荆州","191","233","424"
"江陵","208","215","423"
"得以","83","340","423"
"这一","0","423","423"
"只有","1","421","422"
"上的","0","422","422"
"为尚","193","228","421"
"居住","106","315","421"
"无所","291","129","420"
"朱熹","87","333","420"
"的大","0","420","420"
"群臣","270","149","419"
"母亲","3","416","419"
"有的","0","419","419"
"兼任","0","419","419"
"蔡京","111","307","418"
"似道","188","228","416"
"太庙","183","233","416"
"下之","322","93","415"
"中的","4","411","415"
"允许","0","415","415"
"客星","188","226","414"
"很多","0","414","414"
"君主","0","414","414"
"四方","190","223","413"
"十余","305","107","412"
"明帝","178","234","412"
"史中","193","219","412"
"的话","0","412","412"
"又说","2","409","411"
"以闻","407","3","410"
"之地","141","269","410"
"这种","0","410","410"
"百人","187","222","409"
"才能","16","393","409"
"侍从","184","225","409"
"以上","196","212","408"
"回到","0","407","407"
"为之","295","111","406"
"辞说","1","405","406"
"谏官","134","272","406"
"推荐","2","404","406"
"有司","376","29","405"
"同三","203","202","405"
"逝世","0","405","405"
"以前","98","304","402"
"大水","194","207","401"
"文章","58","342","400"
"开府","201","199","400"
"司徒","196","204","400"
"镇江","202","198","400"
"出来","1","399","400"
"人都","0","400","400"
"打算","0","400","400"
"有不","139","260","399"
"五百","198","201","399"
"八十","200","199","399"
"告诉","3","396","399"
"杀死","1","398","399"
"人之","254","144","398"
"建议","47","349","396"
"你们","0","396","396"
"升任","1","394","395"
"修撰","158","236","394"
"有大","166","227","393"
"仪同","197","196","393"
"光禄","195","198","393"
"安置","141","252","393"
"马光","108","285","393"
"为他","9","383","392"
"占曰","391","0","391"
"团练","194","197","391"
"博士","196","195","391"
"命为","62","329","391"
"来的","0","391","391"
"囚犯","0","391","391"
"书令","192","198","390"
"赵鼎","110","279","389"
"汝愚","171","218","389"
"侂胄","286","102","388"
"一千","85","303","388"
"祝贺","0","388","388"
"主簿","182","205","387"
"礼仪","34","352","386"
"春秋","194","192","386"
"兼侍","212","174","386"
"起居","195","191","386"
"有关","5","381","386"
"二千","198","187","385"
"帝太","191","194","385"
"文武","167","217","384"
"我的","0","384","384"
"府仪","191","192","383"
"泰始","189","194","383"
"年八","200","182","382"
"资政","191","191","382"
"江西","196","185","381"
"诸路","357","24","381"
"之所","268","112","380"
"文殿","188","192","380"
"弹劾","6","374","380"
"派人","0","380","380"
"允文","166","213","379"
"分别","7","372","379"
"这时","0","379","379"
"江南","171","207","378"
"其中","68","310","378"
"曾经","7","371","378"
"甘露","191","186","377"
"太学","182","195","377"
"一天","3","373","376"
"对他","0","376","376"
"甲子","335","40","375"
"内侍","189","186","375"
"赏赐","10","364","374"
"前往","1","373","374"
"人心","147","226","373"
"攸之","177","195","372"
"乙亥","340","32","372"
"诸侯","168","203","371"
"侍御","183","188","371"
"部郎","185","186","371"
"抚司","174","197","371"
"准备","10","361","371"
"初年","3","368","371"
"重新","0","371","371"
"出使","17","353","370"
"地震","150","219","369"
"实行","5","364","369"
"骑兵","25","344","369"
"彭城","183","185","368"
"叛乱","1","367","368"
"时间","0","368","368"
"州团","183","184","367"
"各路","0","367","367"
"犯之","356","10","366"
"到达","0","365","365"
"再次","0","364","364"
"己亥","327","36","363"
"诏书","52","311","363"
"湖南","177","185","362"
"书省","128","234","362"
"祖宗","173","188","361"
"边境","18","343","361"
"现于","0","361","361"
"总管","162","198","360"
"甲申","321","38","359"
"入朝","80","279","359"
"兵部","177","182","359"
"为右","135","224","359"
"仲淹","158","201","359"
"禁止","10","349","359"
"太微","177","181","358"
"是不","38","320","358"
"晋武","175","182","357"
"上皇","156","201","357"
"淮西","180","177","357"
"停止","0","357","357"
"书左","176","180","356"
"议大","176","180","356"
"颐浩","173","183","356"
"部队","0","356","356"
"辛卯","322","33","355"
"任用","9","346","355"
"殿中","169","184","353"
"大军","122","231","353"
"部署","167","186","353"
"世祖","172","180","352"
"郎中","176","176","352"
"乙巳","311","41","352"
"留守","168","184","352"
"工部","175","177","352"
"子孙","155","197","352"
"能够","0","352","352"
"行在","195","156","351"
"壬寅","324","27","351"
"知府","23","328","351"
"进封","169","180","349"
"高兴","0","349","349"
"丁巳","310","38","348"
"乙未","324","24","348"
"己酉","315","33","348"
"然而","30","318","348"
"上下","101","246","347"
"丁丑","302","45","347"
"领军","122","225","347"
"阁待","172","175","347"
"黄河","26","321","347"
"并且","0","347","347"
"把他","0","347","347"
"戊寅","321","25","346"
"乙卯","306","40","346"
"国子","167","179","346"
"甲寅","304","42","346"
"有什","0","346","346"
"州的","0","346","346"
"初十","0","346","346"
"小人","129","216","345"
"安定","53","292","345"
"刑狱","164","181","345"
"将帅","132","212","344"
"陵王","169","175","344"
"今天","19","325","344"
"庚午","305","39","344"
"挥使","169","175","344"
"进贡","1","343","344"
"安国","146","197","343"
"癸酉","310","32","342"
"今日","208","134","342"
"加以","30","312","342"
"丁亥","317","25","342"
"太阳","18","324","342"
"样的","0","342","342"
"不应","70","271","341"
"上表","90","251","341"
"诸州","322","19","341"
"兴元","169","172","341"
"庚子","309","32","341"
"皇子","170","171","341"
"其他","15","326","341"
"改变","2","338","340"
"月犯","202","137","339"
"增加","5","334","339"
"来进","3","336","339"
"人才","64","273","337"
"右仆","166","171","337"
"钦若","151","186","337"
"军中","134","203","337"
"臣下","68","269","337"
"的军","0","337","337"
"东南","164","172","336"
"戊戌","306","30","336"
"岁星","205","131","336"
"各州","1","335","336"
"宫中","82","253","335"
"赦免","2","333","335"
"龙图","167","167","334"
"白星","1","333","334"
"被任","1","333","334"
"进行","0","334","334"
"丙午","298","35","333"
"青州","158","175","333"
"观文","166","167","333"
"使金","141","192","333"
"兴国","140","193","333"
"收复","24","309","333"
"帝王","65","267","332"
"为大","179","153","332"
"为中","142","190","332"
"是月","320","12","332"
"奏说","0","332","332"
"辛丑","302","29","331"
"乙酉","301","29","330"
"癸未","311","19","330"
"不过","125","205","330"
"就会","0","330","330"
"戊子","297","32","329"
"书舍","161","168","329"
"中有","84","245","329"
"刘豫","80","249","329"
"两淮","160","168","328"
"三千","168","159","327"
"广州","149","178","327"
"苏轼","59","268","327"
"之曰","325","1","326"
"壬辰","293","33","326"
"丁卯","295","31","326"
"徽宗","119","207","326"
"被杀","6","319","325"
"癸亥","296","28","324"
"甲午","293","31","324"
"之士","158","165","323"
"明堂","156","167","323"
"戊午","291","32","323"
"壬子","282","41","323"
"帝位","64","259","323"
"号为","30","293","323"
"守之","296","26","322"
"甲戌","299","23","322"
"书右","157","165","322"
"太原","148","174","322"
"提点","157","165","322"
"治理","0","322","322"
"不许","233","88","321"
"甲辰","291","30","321"
"县令","94","227","321"
"明殿","159","162","321"
"卫将","157","163","320"
"出身","144","175","319"
"身份","0","319","319"
"壬午","281","37","318"
"丙戌","293","25","318"
"赵汝","48","270","318"
"丁酉","299","18","317"
"江东","161","156","317"
"大元","199","118","317"
"福建","152","165","317"
"士大","120","197","317"
"之不","240","76","316"
"京东","159","157","316"
"回来","0","316","316"
"丙申","289","26","315"
"中外","205","110","315"
"庚寅","283","32","315"
"中原","108","207","315"
"太师","156","159","315"
"图阁","156","159","315"
"两浙","155","160","315"
"不以","227","87","314"
"戊辰","286","28","314"
"丙辰","281","33","314"
"京西","151","163","314"
"一等","160","154","314"
"属于","12","302","314"
"金兵","99","215","314"
"司空","157","156","313"
"又有","108","204","312"
"己未","289","23","312"
"会稽","161","151","312"
"防御","128","184","312"
"淮东","155","157","312"
"而且","1","311","312"
"长史","156","155","311"
"检校","157","154","311"
"件事","0","311","311"
"丙寅","281","29","310"
"将有","53","257","310"
"王义","229","81","310"
"忠义","141","169","310"
"百万","155","155","310"
"戊申","282","27","309"
"庚申","278","31","309"
"五千","154","155","309"
"谏议","151","158","309"
"日食","55","254","309"
"为兵","238","70","308"
"先帝","117","191","308"
"壬申","285","23","308"
"己丑","274","34","308"
"大事","73","234","307"
"成都","150","157","307"
"为枢","141","166","307"
"丁未","278","28","306"
"军都","137","169","306"
"此事","40","266","306"
"失败","0","306","306"
"少保","153","152","305"
"节制","156","149","305"
"大败","89","216","305"
"互相","17","288","305"
"即使","5","300","305"
"为不","137","167","304"
"经略","162","142","304"
"丙子","277","27","304"
"同意","0","304","304"
"而死","53","250","303"
"禄大","149","154","303"
"的一","0","303","303"
"数十","182","120","302"
"乙丑","267","35","302"
"监察","140","162","302"
"记载","0","302","302"
"书门","148","153","301"
"辛未","285","16","301"
"安府","155","146","301"
"他说","0","301","301"
"桓玄","104","196","300"
"公主","133","167","300"
"十人","158","142","300"
"五星","166","133","299"
"兵马","117","182","299"
"辛亥","274","25","299"
"辛酉","279","20","299"
"癸巳","271","28","299"
"己巳","268","31","299"
"寇准","62","237","299"
"战死","62","237","299"
"陈述","2","297","299"
"了一","0","299","299"
"余人","219","79","298"
"第一","108","190","298"
"下令","38","260","298"
"每年","0","298","298"
"一万","55","242","297"
"壬戌","274","23","297"
"用兵","129","167","296"
"攻破","12","284","296"
"太傅","147","149","296"
"上朝","1","295","296"
"过去","0","296","296"
"辛巳","271","24","295"
"阳王","139","156","295"
"人说","6","289","295"
"子的","0","295","295"
"说的","0","295","295"
"献上","0","295","295"
"粮食","4","290","294"
"己卯","265","29","294"
"殿前","137","157","294"
"相同","2","292","294"
"职务","2","292","294"
"建立","7","287","294"
"都不","6","288","294"
"喜欢","1","292","293"
"兄弟","117","176","293"
"是以","158","134","292"
"夫人","145","147","292"
"足以","143","148","291"
"起来","0","291","291"
"到朝","0","291","291"
"贾似","62","228","290"
"的罪","0","290","290"
"运行","5","284","289"
"以此","127","162","289"
"之中","83","206","289"
"数千","175","114","289"
"刘义","20","269","289"
"左仆","144","144","288"
"西京","146","141","287"
"雍州","129","158","287"
"人来","69","218","287"
"哲宗","119","168","287"
"当初","0","287","287"
"死者","172","114","286"
"癸丑","264","22","286"
"一曰","280","6","286"
"经过","6","280","286"
"其子","201","84","285"
"任职","8","277","285"
"它的","0","285","285"
"立即","0","285","285"
"护军","142","142","284"
"罢除","0","284","284"
"土地","19","264","283"
"近臣","154","128","282"
"察御","141","141","282"
"北方","43","239","282"
"不如","87","195","282"
"饥荒","4","278","282"
"白天","0","282","282"
"庚戌","263","18","281"
"散骑","140","141","281"
"刑部","137","144","281"
"为天","155","126","281"
"以献","275","5","280"
"书侍","140","140","280"
"州郡","108","172","280"
"害怕","0","280","280"
"担心","0","280","280"
"彦博","128","151","279"
"庚辰","256","22","278"
"二万","141","137","278"
"察使","136","142","278"
"金星","1","277","278"
"离开","0","278","278"
"为人","95","182","277"
"侍读","136","141","277"
"代理","0","277","277"
"是天","14","261","275"
"癸卯","246","29","275"
"神主","63","212","275"
"封府","121","154","275"
"称为","26","249","275"
"故事","228","46","274"
"成功","39","235","274"
"数百","160","114","274"
"朝政","44","230","274"
"帝永","139","135","274"
"部员","135","139","274"
"云气","118","156","274"
"士卒","108","166","274"
"由于","13","261","274"
"社稷","191","82","273"
"以及","19","254","273"
"为一","106","167","273"
"集贤","135","138","273"
"范仲","66","207","273"
"星出","74","198","272"
"有功","102","170","272"
"多人","2","270","272"
"君子","126","145","271"
"兖州","37","234","271"
"个人","0","271","271"
"难道","0","271","271"
"等到","0","271","271"
"其余","64","206","270"
"弥远","122","148","270"
"义熙","129","141","270"
"光宗","68","202","270"
"之心","139","130","269"
"宗室","127","142","269"
"太上","123","146","269"
"成为","9","260","269"
"授予","0","269","269"
"人为","124","144","268"
"为左","100","168","268"
"官府","7","260","267"
"赵普","53","214","267"
"讨论","27","240","267"
"纯仁","118","149","267"
"郡守","117","150","267"
"报朝","1","266","267"
"到这","0","267","267"
"使兼","133","133","266"
"命他","1","265","266"
"下来","1","264","265"
"有战","16","249","265"
"大的","0","265","265"
"将要","0","265","265"
"都被","0","265","265"
"常平","131","133","264"
"是一","14","250","264"
"上天","22","242","264"
"凡是","1","263","264"
"露降","134","129","263"
"湖北","127","136","263"
"州城","74","189","263"
"夏人","167","96","263"
"金主","132","131","263"
"江夏","131","131","262"
"密副","128","133","261"
"王旦","40","221","261"
"在京","69","192","261"
"楚州","110","151","261"
"部门","1","260","261"
"郊祀","79","181","260"
"不为","183","77","260"
"车驾","181","79","260"
"书郎","127","133","260"
"世宗","115","145","260"
"虞允","57","203","260"
"全国","1","259","260"
"时的","0","260","260"
"兵起","255","4","259"
"其家","177","82","259"
"改为","46","213","259"
"年九","131","128","259"
"大风","118","141","259"
"平兴","104","155","259"
"的礼","0","259","259"
"有差","230","28","258"
"丁谓","62","196","258"
"更加","6","252","258"
"出兵","45","213","258"
"之以","210","47","257"
"为国","92","165","257"
"召见","56","201","257"
"西南","127","130","257"
"史馆","124","133","257"
"校尉","128","128","256"
"和议","119","137","256"
"用来","3","253","256"
"根据","1","255","256"
"代的","0","256","256"
"人主","158","97","255"
"教授","122","133","255"
"右丞","176","79","255"
"都指","123","132","255"
"利用","94","161","255"
"选择","7","248","255"
"必大","103","151","254"
"端明","127","127","254"
"星色","6","248","254"
"的部","0","254","254"
"丧事","13","240","253"
"事兼","128","125","253"
"制诰","133","120","253"
"事务","12","241","253"
"俊卿","99","154","253"
"郡县","117","135","252"
"其后","214","38","252"
"国之","163","89","252"
"施行","70","182","252"
"圣人","112","140","252"
"中军","123","129","252"
"洛阳","79","173","252"
"著作","109","143","252"
"知制","126","126","252"
"谥号","3","249","252"
"只是","3","249","252"
"极力","9","243","252"
"废除","0","252","252"
"预示","0","252","252"
"奏请","30","221","251"
"存中","116","135","251"
"被贬","2","249","251"
"平江","124","126","250"
"王赵","4","246","250"
"弟弟","0","250","250"
"衣服","25","224","249"
"人以","153","96","249"
"在朝","42","207","249"
"西将","115","134","249"
"西北","123","126","249"
"副都","124","125","249"
"都部","124","125","249"
"州观","124","125","249"
"委任","16","233","249"
"三人","130","118","248"
"反叛","22","226","248"
"丧服","13","235","248"
"所在","114","133","247"
"从事","115","132","247"
"太元","124","123","247"
"左丞","161","86","247"
"攻陷","8","239","247"
"致仕","224","23","247"
"功劳","3","244","247"
"的名","0","247","247"
"死了","0","247","247"
"建安","121","125","246"
"尊号","118","128","246"
"王钦","61","185","246"
"州军","119","127","246"
"等来","158","88","246"
"民间","86","159","245"
"嘉十","111","134","245"
"废帝","104","141","245"
"下平","120","125","245"
"老百","2","243","245"
"恐怕","0","245","245"
"其所","191","53","244"
"少卿","122","122","244"
"进献","4","240","244"
"天命","66","177","243"
"九十","122","121","243"
"氏为","113","130","243"
"与金","80","163","243"
"从此","3","240","243"
"推举","1","242","243"
"王者","166","76","242"
"郡国","129","113","242"
"南北","124","118","242"
"军攻","12","230","242"
"商议","3","239","242"
"受到","0","242","242"
"安帝","119","122","241"
"就不","0","241","241"
"要求","0","241","241"
"西路","110","130","240"
"斩首","59","181","240"
"王子","147","93","240"
"练使","119","121","240"
"宋朝","10","230","240"
"国的","0","240","240"
"规定","0","240","240"
"的心","0","240","240"
"之道","155","84","239"
"辅国","119","120","239"
"为参","44","195","239"
"因而","27","212","239"
"火灾","39","200","239"
"是因","2","237","239"
"军马","122","116","238"
"邦昌","115","123","238"
"过了","0","238","238"
"一说","8","229","237"
"感到","0","237","237"
"王的","0","237","237"
"共同","0","237","237"
"晋安","116","120","236"
"未几","235","1","236"
"三万","117","119","236"
"同中","119","117","236"
"浙西","117","119","236"
"租税","37","199","236"
"废罢","5","231","236"
"天的","0","236","236"
"所不","154","81","235"
"未尝","217","18","235"
"国将","111","124","235"
"留下","0","235","235"
"的职","0","235","235"
"答应","0","235","235"
"百余","173","61","234"
"义恭","114","120","234"
"阁直","118","116","234"
"古代","2","232","234"
"逃走","2","232","234"
"释放","2","232","234"
"的方","0","234","234"
"不出","89","144","233"
"康元","117","116","233"
"实录","115","118","233"
"同时","12","221","233"
"犯罪","10","223","233"
"众人","8","225","233"
"月亮","0","233","233"
"以不","119","113","232"
"王之","130","102","232"
"日有","227","5","232"
"公事","108","124","232"
"不安","74","158","232"
"潭州","107","125","232"
"的是","0","232","232"
"况且","0","232","232"
"别人","0","232","232"
"惠帝","109","122","231"
"文阁","115","116","231"
"考试","12","219","231"
"元兵","119","112","231"
"不到","1","230","231"
"进人","5","225","230"
"中郎","115","115","230"
"豫章","91","139","230"
"秘阁","116","114","230"
"以其","192","37","229"
"刘子","33","196","229"
"福州","110","119","229"
"推官","114","115","229"
"们都","0","229","229"
"十多","0","229","229"
"既而","205","23","228"
"无不","109","119","228"
"星入","137","91","228"
"德秀","78","150","228"
"天象","13","215","228"
"的功","0","228","228"
"所谓","138","89","227"
"前后","104","123","227"
"三省","114","113","227"
"丹阳","118","109","227"
"追封","106","121","227"
"国史","112","115","227"
"水军","91","136","227"
"州安","118","109","227"
"景灵","113","114","227"
"平王","114","112","226"
"宗正","105","121","226"
"决定","2","224","226"
"令他","1","225","226"
"采纳","3","223","226"
"两个","0","226","226"
"攻击","5","220","225"
"官至","48","177","225"
"上将","111","114","225"
"行营","107","118","225"
"童贯","70","155","225"
"不行","137","88","225"
"一次","2","223","225"
"来到","0","225","225"
"也是","0","225","225"
"从之","218","6","224"
"与之","169","55","224"
"千余","172","52","224"
"郎官","104","120","224"
"惑星","1","223","224"
"常常","1","223","224"
"国派","0","224","224"
"之上","92","131","223"
"分之","46","177","223"
"人也","137","86","223"
"受命","131","92","223"
"沈攸","34","189","223"
"败之","208","15","223"
"连理","116","107","223"
"胜非","109","114","223"
"方法","2","221","223"
"推辞","1","222","223"
"金朝","0","223","223"
"元昊","100","122","222"
"驻扎","15","207","222"
"之职","47","175","222"
"正旦","172","50","222"
"西夏","32","190","222"
"宗泽","36","186","222"
"大概","7","215","222"
"未有","189","32","221"
"其事","185","36","221"
"穆之","99","122","221"
"本来","2","219","221"
"的身","0","221","221"
"调任","0","221","221"
"如今","7","213","220"
"元帝","106","114","220"
"为南","117","103","220"
"道路","62","158","220"
"郡太","94","126","220"
"追赠","58","162","220"
"御使","112","108","220"
"承旨","111","109","220"
"置司","117","103","220"
"之臣","120","99","219"
"五万","109","110","219"
"州防","108","111","219"
"使用","2","217","219"
"必须","11","208","219"
"减少","2","217","219"
"贩济","0","219","219"
"是时","202","16","218"
"至是","215","3","218"
"不及","143","75","218"
"永兴","108","110","218"
"为同","20","198","218"
"意思","1","217","218"
"二天","1","217","218"
"考虑","0","218","218"
"如故","205","12","217"
"长江","12","205","217"
"总领","101","116","217"
"万缗","138","79","217"
"询问","3","214","217"
"实际","0","217","217"
"杀了","0","217","217"
"子弟","98","118","216"
"法令","33","183","216"
"率军","22","194","216"
"用他","4","212","216"
"还没","0","216","216"
"设立","0","216","216"
"超过","0","216","216"
"失去","0","216","216"
"下有","111","104","215"
"常侍","107","108","215"
"作乱","79","136","215"
"明亮","3","212","215"
"之礼","118","96","214"
"抚军","107","107","214"
"秦州","95","119","214"
"益州","101","113","214"
"州为","109","105","214"
"及第","106","108","214"
"弃城","104","110","214"
"后宫","82","132","214"
"行事","102","111","213"
"城下","99","114","213"
"十卷","107","106","213"
"民众","4","209","213"
"不会","2","211","213"
"庐州","95","118","213"
"果然","12","201","213"
"继承","0","213","213"
"一时","124","88","212"
"官军","92","120","212"
"听从","3","209","212"
"广陵","109","103","212"
"为安","86","126","212"
"步军","109","103","212"
"李纲","82","130","212"
"不用","88","124","212"
"与他","6","206","212"
"完颜","60","152","212"
"最终","0","212","212"
"谓之","203","8","211"
"人所","98","113","211"
"之意","141","70","211"
"为江","102","109","211"
"文字","79","132","211"
"富弼","56","155","211"
"太皇","103","108","211"
"微垣","45","166","211"
"表示","1","210","211"
"回朝","1","210","211"
"逃跑","0","211","211"
"鄂州","90","120","210"
"文彦","61","149","210"
"考察","8","202","210"
"父母","74","136","210"
"诏曰","208","1","209"
"太保","105","104","209"
"元帅","91","118","209"
"旱灾","11","198","209"
"各种","0","209","209"
"但是","0","209","209"
"特别","0","209","209"
"奏事","107","101","208"
"有兵","178","30","208"
"是岁","208","0","208"
"骑将","98","110","208"
"钦宗","69","139","208"
"点刑","98","110","208"
"三公","90","118","208"
"灵宫","104","104","208"
"授任","3","205","208"
"事的","0","208","208"
"的文","0","208","208"
"四百","102","105","207"
"沿江","100","107","207"
"军统","93","114","207"
"不等","2","205","207"
"的情","0","207","207"
"不从","161","45","206"
"不合","72","134","206"
"又以","133","73","206"
"臣之","139","67","206"
"出入","129","77","206"
"兼枢","107","99","206"
"中国","121","85","206"
"另外","0","206","206"
"管理","0","206","206"
"遇到","0","206","206"
"地的","0","206","206"
"读书","71","134","205"
"于朝","151","54","205"
"少师","102","103","205"
"依旧","108","97","205"
"宜中","98","107","205"
"数万","120","85","205"
"惠卿","98","107","205"
"次上","1","204","205"
"答说","0","205","205"
"清之","90","114","204"
"君臣","93","111","204"
"石头","82","122","204"
"符合","1","203","204"
"怀疑","3","201","204"
"用的","0","204","204"
"事不","102","101","203"
"而去","104","99","203"
"玄谟","99","104","203"
"军司","102","101","203"
"留正","45","158","203"
"首先","1","202","203"
"罪状","11","192","203"
"中进","17","186","203"
"到京","0","203","203"
"齐王","104","98","202"
"为三","107","95","202"
"骠骑","100","102","202"
"诸葛","84","118","202"
"在太","30","172","202"
"以太","119","83","202"
"是我","3","199","202"
"姓的","0","202","202"
"火星","0","202","202"
"之时","83","118","201"
"王休","119","82","201"
"中为","89","112","201"
"所部","121","80","201"
"办法","0","201","201"
"按照","0","201","201"
"是为","58","142","200"
"城中","77","123","200"
"大名","97","103","200"
"直言","88","112","200"
"死后","9","191","200"
"退休","1","199","200"
"隶属","0","200","200"
"又不","77","122","199"
"执法","88","111","199"
"赵葵","49","150","199"
"作战","1","198","199"
"行的","0","199","199"
"汉代","9","189","198"
"者不","134","64","198"
"南徐","98","100","198"
"三州","97","101","198"
"十里","83","115","198"
"下侍","96","102","198"
"郎兼","100","98","198"
"国军","96","102","198"
"英宗","61","137","198"
"不明","89","109","198"
"饥民","72","126","198"
"宋军","5","193","198"
"不再","4","194","198"
"还是","0","198","198"
"听到","0","198","198"
"兗州","190","7","197"
"不见","133","64","197"
"言者","173","24","197"
"大雨","96","101","197"
"州之","137","60","197"
"武军","97","100","197"
"都监","97","100","197"
"上说","3","194","197"
"这年","0","197","197"
"之言","138","58","196"
"根本","49","147","196"
"之法","137","59","196"
"不听","99","97","196"
"先是","170","26","196"
"相继","66","130","196"
"宗说","0","196","196"
"言之","167","28","195"
"内史","97","98","195"
"军刘","88","107","195"
"闰月","135","60","195"
"为少","67","128","195"
"提刑","99","96","195"
"前来","1","194","195"
"蔡确","40","155","195"
"敌军","3","192","195"
"臣们","0","195","195"
"年的","0","195","195"
"子之","119","75","194"
"冬至","80","114","194"
"服丧","4","190","194"
"朝拜","4","190","194"
"供给","8","186","194"
"的士","0","194","194"
"获得","0","194","194"
"东宫","103","90","193"
"出于","102","91","193"
"有时","18","175","193"
"荆湖","91","102","193"
"南郊","90","103","193"
"守卫","6","187","193"
"这件","0","193","193"
"每次","0","193","193"
"难以","25","167","192"
"于天","115","77","192"
"永嘉","95","97","192"
"交战","14","178","192"
"潜善","93","99","192"
"在外","56","136","192"
"承天","85","107","192"
"星进","1","191","192"
"韩胄","0","192","192"
"各军","0","192","192"
"天之","121","70","191"
"义宣","91","100","191"
"杀之","169","22","191"
"帝曰","191","0","191"
"黄门","96","95","191"
"国王","79","112","191"
"史弥","53","138","191"
"望陛","24","167","191"
"晚上","0","191","191"
"一旦","73","117","190"
"破之","189","1","190"
"之等","93","97","190"
"持节","94","96","190"
"为什","1","189","190"
"出发","1","189","190"
"道理","1","189","190"
"盱眙","101","88","189"
"江府","100","89","189"
"上帝","80","109","189"
"理寺","63","126","189"
"陈俊","36","153","189"
"自然","27","161","188"
"昼见","188","0","188"
"臧质","36","152","188"
"而后","130","58","188"
"史刘","90","98","188"
"为镇","73","115","188"
"年冬","59","129","188"
"屯田","90","98","188"
"在天","57","131","188"
"理宗","48","140","188"
"嘉定","67","121","188"
"召为","133","55","188"
"北伐","67","121","188"
"考中","1","187","188"
"使他","2","186","188"
"一些","0","188","188"
"仍然","0","188","188"
"在这","0","188","188"
"死之","171","16","187"
"为司","82","105","187"
"赦天","114","73","187"
"广西","93","94","187"
"学生","54","133","187"
"大怒","60","127","187"
"起用","1","186","187"
"面的","0","187","187"
"用之","156","30","186"
"行之","162","24","186"
"大小","61","125","186"
"措置","113","73","186"
"长沙","94","92","186"
"国事","76","110","186"
"高丽","88","98","186"
"兼权","140","46","186"
"周必","39","147","186"
"诏以","157","29","186"
"起兵","67","119","186"
"相应","28","158","186"
"诛杀","4","182","186"
"又曰","185","0","185"
"首领","61","124","185"
"不在","76","109","185"
"为四","88","97","185"
"以大","123","62","185"
"妻子","43","142","185"
"星白","1","184","185"
"参加","1","184","185"
"确定","0","185","185"
"返回","0","185","185"
"年之","95","89","184"
"曹彬","52","132","184"
"郢州","96","88","184"
"今年","74","110","184"
"公著","77","107","184"
"正言","96","88","184"
"阳军","92","92","184"
"大使","96","88","184"
"死亡","17","167","184"
"后又","24","160","184"
"有三","45","139","184"
"学习","0","184","184"
"么能","0","184","184"
"个儿","0","184","184"
"父子","87","96","183"
"不当","112","71","183"
"师道","73","110","183"
"诏命","18","165","183"
"终年","1","182","183"
"降临","3","180","183"
"刘锜","57","126","183"
"宦官","27","156","183"
"暗中","0","183","183"
"往往","61","121","182"
"吴兴","93","89","182"
"木连","90","92","182"
"宁军","90","92","182"
"广南","88","94","182"
"各自","9","173","182"
"马上","6","176","182"
"元军","11","171","182"
"加官","1","181","182"
"派使","0","182","182"
"定要","0","182","182"
"到他","0","182","182"
"从前","0","182","182"
"每天","0","182","182"
"者以","157","24","181"
"天文","44","137","181"
"千里","85","96","181"
"南面","19","162","181"
"南平","91","90","181"
"侍卫","81","100","181"
"敏中","83","98","181"
"宁宗","71","110","181"
"人有","68","113","181"
"日夜","52","129","181"
"南方","18","163","181"
"写信","0","181","181"
"元康","91","89","180"
"京都","102","78","180"
"知其","165","15","180"
"使人","107","73","180"
"天祥","100","80","180"
"夏王","90","90","180"
"晋惠","89","91","180"
"安军","89","91","180"
"统领","56","124","180"
"流民","79","101","180"
"宾客","71","109","180"
"北面","25","155","180"
"自从","3","177","180"
"奏章","5","175","180"
"关部","2","178","180"
"那样","0","180","180"
"那些","0","180","180"
"很久","0","180","180"
"给予","0","180","180"
"之说","92","87","179"
"镇军","91","88","179"
"入宫","46","133","179"
"李继","69","110","179"
"贡举","89","90","179"
"吕颐","77","102","179"
"李成","60","119","179"
"在东","46","133","179"
"礼制","9","170","179"
"提升","0","179","179"
"朝的","0","179","179"
"是他","0","179","179"
"死罪","75","103","178"
"德军","89","89","178"
"罢为","93","85","178"
"为开","71","107","178"
"齐贤","85","93","178"
"辅佐","7","171","178"
"解除","0","178","178"
"并不","43","134","177"
"始兴","84","93","177"
"巡检","88","89","177"
"书监","88","89","177"
"寻阳","90","87","177"
"孔子","77","100","177"
"观使","87","90","177"
"大中","73","104","177"
"风俗","63","114","177"
"帝时","38","139","177"
"俘获","16","161","177"
"论说","2","175","177"
"这天","0","177","177"
"渡过","0","177","177"
"臣子","46","130","176"
"不至","130","46","176"
"填星","139","37","176"
"应辰","67","109","176"
"州居","75","101","176"
"阁门","153","23","176"
"是战","2","174","176"
"见到","0","176","176"
"三个","0","176","176"
"谋划","0","176","176"
"以致","55","120","175"
"祈祷","4","171","175"
"四州","79","96","175"
"前军","91","84","175"
"孟珙","16","159","175"
"正直","23","152","175"
"斩杀","2","173","175"
"赋税","9","166","175"
"兵攻","66","109","175"
"吴曦","29","146","175"
"原因","0","175","175"
"前去","1","173","174"
"帝咸","91","83","174"
"侍讲","86","88","174"
"修筑","7","167","174"
"百里","70","104","174"
"部下","12","162","174"
"大多","1","173","174"
"的恩","0","174","174"
"是这","0","174","174"
"安王","85","88","173"
"人在","22","151","173"
"安都","75","98","173"
"过失","28","145","173"
"朝服","84","89","173"
"不受","110","63","173"
"食邑","89","84","173"
"谢晦","32","141","173"
"二星","130","43","173"
"右谏","85","88","173"
"利州","80","93","173"
"辅臣","101","72","173"
"缗钱","130","43","173"
"南府","85","88","173"
"被召","13","160","173"
"任知","2","171","173"
"的道","0","173","173"
"者也","157","15","172"
"中兴","87","85","172"
"永初","86","86","172"
"战功","52","120","172"
"上不","52","120","172"
"为知","19","153","172"
"下不","66","106","172"
"山阳","87","85","172"
"兼知","121","51","172"
"以王","128","44","172"
"开宝","74","98","172"
"不通","77","95","172"
"归附","22","150","172"
"削夺","8","164","172"
"朝见","4","168","172"
"交给","0","172","172"
"等待","0","172","172"
"言事","97","74","171"
"路转","81","90","171"
"必定","1","170","171"
"王伦","55","116","171"
"战斗","12","159","171"
"忧虑","1","170","171"
"又派","0","171","171"
"前的","0","171","171"
"之外","75","95","170"
"应天","74","96","170"
"重华","81","89","170"
"或者","9","161","170"
"入太","90","80","170"
"书说","3","167","170"
"官为","45","125","170"
"安世","74","96","170"
"夏国","68","102","170"
"所说","3","167","170"
"任为","7","163","170"
"看见","0","170","170"
"后的","0","170","170"
"来祝","0","170","170"
"以自","104","65","169"
"在于","31","138","169"
"不复","160","9","169"
"征讨","16","153","169"
"不相","73","96","169"
"守将","57","112","169"
"特进","85","84","169"
"嘉禾","82","87","169"
"世杰","81","88","169"
"惑犯","169","0","169"
"随从","6","163","169"
"刘邵","1","168","169"
"廷的","0","169","169"
"突然","0","169","169"
"提拔","0","169","169"
"溢号","0","169","169"
"参议","106","62","168"
"然不","35","133","168"
"是用","10","158","168"
"督府","84","84","168"
"成帝","83","85","168"
"寿春","85","83","168"
"后汉","67","101","168"
"为秘","64","104","168"
"东路","75","93","168"
"为是","22","146","168"
"后代","13","155","168"
"镇守","1","167","168"
"辞不","101","66","167"
"当年","3","164","167"
"我不","21","146","167"
"四海","87","80","167"
"冠军","83","84","167"
"湘州","81","86","167"
"泰山","71","96","167"
"泾原","104","63","167"
"欧阳","45","122","167"
"张邦","45","122","167"
"熙宁","73","94","167"
"士人","35","132","167"
"将相","83","84","167"
"动摇","49","118","167"
"击败","41","126","167"
"看到","0","167","167"
"说是","0","167","167"
"战于","117","49","166"
"之内","55","111","166"
"六百","84","82","166"
"沂中","81","85","166"
"思退","82","84","166"
"章阁","83","83","166"
"兵力","19","147","166"
"臣有","70","96","166"
"白犯","166","0","166"
"举荐","3","163","166"
"吴璘","56","110","166"
"各地","0","166","166"
"之罪","99","66","165"
"终于","24","141","165"
"以安","86","79","165"
"阳县","74","91","165"
"进犯","6","159","165"
"使王","79","86","165"
"韩琦","68","97","165"
"举人","78","87","165"
"征兆","1","164","165"
"颁布","0","165","165"
"东海","92","72","164"
"是有","16","148","164"
"姓名","62","102","164"
"吕公","46","118","164"
"山东","79","85","164"
"真德","30","134","164"
"赵元","14","150","164"
"康王","56","108","164"
"荆南","80","84","164"
"罢去","22","142","164"
"一直","0","164","164"
"奖赏","0","164","164"
"自今","140","23","163"
"日之","134","29","163"
"事之","122","41","163"
"及其","82","81","163"
"武将","57","106","163"
"北将","81","82","163"
"义军","52","111","163"
"又上","23","140","163"
"违背","2","161","163"
"都有","2","161","163"
"还有","3","160","163"
"这里","0","163","163"
"十天","0","163","163"
"日月","92","70","162"
"之一","67","95","162"
"以一","87","75","162"
"利害","86","76","162"
"王玄","52","110","162"
"孝建","83","79","162"
"追击","23","139","162"
"来归","77","85","162"
"巨源","79","83","162"
"统帅","7","155","162"
"应验","0","162","162"
"所得","85","76","161"
"白昼","156","5","161"
"于此","100","61","161"
"所有","9","152","161"
"吴郡","74","87","161"
"王德","67","94","161"
"文德","79","82","161"
"中侍","77","84","161"
"又言","160","1","161"
"渡江","81","80","161"
"来贺","161","0","161"
"奏疏","18","143","161"
"关系","1","160","161"
"刘裕","0","161","161"
"住在","0","161","161"
"为这","0","161","161"
"代替","0","161","161"
"宁朔","81","79","160"
"臣僚","67","93","160"
"湛之","76","84","160"
"为武","53","107","160"
"骑常","79","81","160"
"并为","103","57","160"
"边防","37","123","160"
"最后","10","150","160"
"是在","2","158","160"
"的征","0","160","160"
"到的","0","160","160"
"臣不","93","66","159"
"车骑","81","78","159"
"史王","76","83","159"
"交州","74","85","159"
"帝泰","81","78","159"
"兴二","55","104","159"
"宁府","87","72","159"
"士院","79","80","159"
"川宣","78","81","159"
"贵妃","75","84","159"
"杨存","28","131","159"
"必然","6","153","159"
"去的","0","159","159"
"道的","0","159","159"
"定的","0","159","159"
"臣的","0","159","159"
"早灾","0","159","159"
"召他","0","159","159"
"死于","61","97","158"
"征伐","15","143","158"
"羡之","77","81","158"
"镇抚","72","86","158"
"之前","32","126","158"
"南京","72","86","158"
"兴府","84","74","158"
"不上","17","141","158"
"前进","6","152","158"
"朝中","5","153","158"
"一半","2","156","158"
"流放","1","157","158"
"原来","0","158","158"
"了解","0","158","158"
"的制","0","158","158"
"天出","0","158","158"
"你的","0","158","158"
"相互","0","158","158"
"亦不","148","9","157"
"上言","96","61","157"
"卢循","45","112","157"
"晋朝","11","146","157"
"远军","79","78","157"
"在大","34","123","157"
"史台","59","98","157"
"于太","94","63","157"
"城池","27","130","157"
"制造","5","152","157"
"善于","12","145","157"
"子羽","72","85","157"
"行动","0","157","157"
"照旧","0","157","157"
"争发","0","157","157"
"之处","16","140","156"
"之功","93","63","156"
"之子","84","72","156"
"昌言","81","75","156"
"西安","75","81","156"
"校太","79","77","156"
"谥曰","154","2","156"
"录用","13","143","156"
"宗皇","28","128","156"
"运判","78","78","156"
"军民","78","78","156"
"记录","3","153","156"
"在一","10","146","156"
"以便","40","116","156"
"出任","1","155","156"
"加封","12","144","156"
"巡视","4","152","156"
"韩侂","54","102","156"
"招募","0","156","156"
"冰雹","0","156","156"
"长安","77","78","155"
"东北","77","78","155"
"食之","145","10","155"
"前代","53","102","155"
"杭州","63","92","155"
"复为","118","37","155"
"有五","59","96","155"
"有二","63","92","155"
"使来","140","15","155"
"正是","3","152","155"
"曲端","21","134","155"
"了这","0","155","155"
"呈上","0","155","155"
"何以","144","10","154"
"修之","75","79","154"
"出知","123","31","154"
"孙权","57","97","154"
"右司","78","76","154"
"成大","57","97","154"
"拓跋","13","141","154"
"防守","10","144","154"
"下人","16","138","154"
"李光","40","114","154"
"送给","1","153","154"
"淮河","1","153","154"
"负责","0","154","154"
"既然","0","154","154"
"其言","138","15","153"
"形势","35","118","153"
"华宫","68","85","153"
"城内","66","87","153"
"从官","66","87","153"
"琅邪","99","54","153"
"潘美","43","110","153"
"东京","73","80","153"
"少傅","76","77","153"
"帅臣","79","74","153"
"上面","4","149","153"
"旧制","70","83","153"
"法度","48","105","153"
"俸禄","4","149","153"
"有才","34","119","153"
"道不","42","111","153"
"又被","3","150","153"
"叛军","1","152","153"
"则不","105","47","152"
"下大","41","111","152"
"是大","14","138","152"
"名为","36","116","152"
"为平","50","102","152"
"元十","75","77","152"
"继迁","74","78","152"
"御前","80","72","152"
"安丙","20","132","152"
"不成","75","77","152"
"灭亡","13","139","152"
"在南","22","130","152"
"林子","62","90","152"
"亲临","15","137","152"
"攻克","2","150","152"
"方的","0","152","152"
"的东","0","152","152"
"之于","121","30","151"
"龙骧","77","74","151"
"一星","130","21","151"
"又为","100","51","151"
"宣使","76","75","151"
"来贡","146","5","151"
"州都","68","83","151"
"学问","18","133","151"
"不断","5","146","151"
"将他","1","150","151"
"边事","88","63","151"
"坚决","0","151","151"
"官的","0","151","151"
"地说","0","151","151"
"所为","96","54","150"
"久之","138","12","150"
"义康","70","80","150"
"朔将","75","75","150"
"文书","36","114","150"
"了翁","61","89","150"
"得不","46","104","150"
"不利","64","86","150"
"子中","71","79","150"
"神武","80","70","150"
"建炎","66","84","150"
"知县","35","115","150"
"军士","67","83","150"
"加上","16","134","150"
"庆元","66","84","150"
"赤道","72","78","150"
"都知","46","104","150"
"家人","57","93","150"
"为此","33","117","150"
"它们","0","150","150"
"图谋","0","150","150"
"说他","0","150","150"
"他被","0","150","150"
"进升","0","150","150"
"的弟","0","150","150"
"任他","0","150","150"
"之日","127","22","149"
"不已","84","65","149"
"不肯","60","89","149"
"州司","72","77","149"
"子为","53","96","149"
"大家","9","140","149"
"时年","92","57","149"
"京口","68","81","149"
"马军","82","67","149"
"执中","68","81","149"
"饮食","38","111","149"
"元丰","64","85","149"
"先生","62","87","149"
"以备","101","48","149"
"京湖","74","75","149"
"赏罚","68","81","149"
"殿修","75","74","149"
"出自","20","129","149"
"汉朝","3","146","149"
"龟年","62","87","149"
"防备","1","148","149"
"率众","101","47","148"
"得其","124","24","148"
"一同","3","145","148"
"以至","59","89","148"
"年以","49","99","148"
"同平","73","75","148"
"宰执","78","70","148"
"不允","88","60","148"
"境内","28","120","148"
"白色","6","142","148"
"祖父","10","138","148"
"的议","0","148","148"
"导致","0","148","148"
"接着","0","148","148"
"拿出","0","148","148"
"以兵","132","15","147"
"有十","13","134","147"
"运司","73","74","147"
"南豫","71","76","147"
"南斗","75","72","147"
"阳太","75","72","147"
"子监","72","75","147"
"淳熙","57","90","147"
"泉州","64","83","147"
"全斌","72","75","147"
"司谏","74","73","147"
"奸邪","39","108","147"
"留在","1","146","147"
"王庶","34","113","147"
"他不","2","145","147"
"今以","40","106","146"
"之制","109","37","146"
"议者","121","25","146"
"攻城","56","90","146"
"百八","76","70","146"
"州大","94","52","146"
"和州","69","77","146"
"供奉","58","88","146"
"咸平","60","86","146"
"教化","6","140","146"
"即皇","35","111","146"
"分野","17","129","146"
"主生","74","72","146"
"攻取","6","140","146"
"三衙","73","73","146"
"围攻","1","145","146"
"宗的","0","146","146"
"告说","0","146","146"
"公卿","72","73","145"
"冀州","65","80","145"
"百二","74","71","145"
"安郡","68","77","145"
"旧县","70","75","145"
"事官","35","110","145"
"王公","52","93","145"
"制作","5","140","145"
"金遣","145","0","145"
"出去","0","145","145"
"之议","104","40","144"
"由是","139","5","144"
"世子","78","66","144"
"左卫","73","71","144"
"八百","72","72","144"
"为文","77","67","144"
"河阳","71","73","144"
"用为","30","114","144"
"除名","75","69","144"
"东方","48","96","144"
"玉津","72","72","144"
"袭击","7","137","144"
"胡安","21","123","144"
"聚集","2","142","144"
"就可","1","143","144"
"好的","0","144","144"
"指责","0","144","144"
"的将","0","144","144"
"问他","0","144","144"
"武昌","78","65","143"
"后为","66","77","143"
"帝以","106","37","143"
"降为","16","127","143"
"南安","72","71","143"
"兼中","74","69","143"
"来朝","56","87","143"
"编管","68","75","143"
"军进","16","127","143"
"疾病","19","124","143"
"一切","58","85","143"
"杀人","74","69","143"
"吴玠","66","77","143"
"败金","29","114","143"
"兀术","125","18","143"
"一带","1","142","143"
"怎能","0","143","143"
"称赞","0","143","143"
"帮助","0","143","143"
"归顺","36","106","142"
"万余","99","43","142"
"百六","74","68","142"
"一度","63","79","142"
"王曾","30","112","142"
"有罪","69","73","142"
"明白","10","132","142"
"希亮","66","76","142"
"任太","2","140","142"
"一点","0","142","142"
"的命","0","142","142"
"去了","0","142","142"
"军的","0","142","142"
"被授","0","142","142"
"此而","34","107","141"
"宗之","104","37","141"
"他日","104","37","141"
"百五","76","65","141"
"东安","73","68","141"
"州路","61","80","141"
"使李","66","75","141"
"昌朝","64","77","141"
"伪齐","59","82","141"
"不宜","108","33","141"
"到一","1","140","141"
"他人","27","114","141"
"兴起","9","132","141"
"下释","69","72","141"
"费用","8","133","141"
"秘密","1","140","141"
"些人","0","141","141"
"这事","0","141","141"
"百多","0","141","141"
"的兵","0","141","141"
"自古","66","74","140"
"器械","65","75","140"
"上曰","140","0","140"
"之计","87","53","140"
"马步","75","65","140"
"宣和","61","79","140"
"为御","75","65","140"
"诏诸","137","3","140"
"津园","70","70","140"
"贬为","5","135","140"
"屯驻","16","124","140"
"愿意","0","140","140"
"精兵","57","82","139"
"之大","116","23","139"
"无以","121","18","139"
"刘毅","48","91","139"
"自是","137","2","139"
"骧将","69","70","139"
"万一","73","66","139"
"下邳","68","71","139"
"宣徽","68","71","139"
"兴军","70","69","139"
"宫观","49","90","139"
"承宣","70","69","139"
"阁学","68","71","139"
"编修","66","73","139"
"刑以","6","133","139"
"祭天","27","112","139"
"黑色","6","133","139"
"兵进","15","124","139"
"依照","0","139","139"
"多少","16","122","138"
"古今","72","66","138"
"上之","105","33","138"
"往来","67","71","138"
"皆不","128","10","138"
"大破","102","36","138"
"京留","67","71","138"
"王黼","52","86","138"
"伯彦","64","74","138"
"星在","31","107","138"
"士第","97","41","138"
"十岁","19","119","138"
"家有","25","113","138"
"末年","16","122","138"
"一律","4","134","138"
"向朝","1","137","138"
"方面","5","133","138"
"容易","3","135","138"
"确实","2","136","138"
"掌管","0","138","138"
"的不","0","138","138"
"定会","0","138","138"
"千多","0","138","138"
"他又","0","138","138"
"时朝","48","89","137"
"遣人","128","9","137"
"十有","129","8","137"
"反而","3","134","137"
"听政","54","83","137"
"慕容","56","81","137"
"帝大","63","74","137"
"黄龙","67","70","137"
"分兵","66","71","137"
"招抚","59","78","137"
"隆兴","65","72","137"
"在宫","14","123","137"
"周礼","69","68","137"
"白鹿","69","68","137"
"引兵","124","13","137"
"议和","35","102","137"
"的原","0","137","137"
"这就","0","137","137"
"一颗","0","137","137"
"时有","59","77","136"
"救援","8","128","136"
"其不","105","31","136"
"复以","129","7","136"
"万石","63","73","136"
"桂阳","69","67","136"
"吴孙","70","66","136"
"度支","68","68","136"
"中兵","65","71","136"
"邦彦","63","73","136"
"郑清","29","107","136"
"中大","50","86","136"
"祀天","55","81","136"
"对于","7","129","136"
"贺金","67","69","136"
"入侵","14","122","136"
"重要","0","136","136"
"的百","0","136","136"
"明的","0","136","136"
"为了","0","136","136"
"如同","0","136","136"
"理政","0","136","136"
"平之","110","25","135"
"发兵","64","71","135"
"不必","42","93","135"
"入见","122","13","135"
"军王","67","68","135"
"城县","63","72","135"
"晋孝","68","67","135"
"蒙正","61","74","135"
"苗傅","30","105","135"
"川制","69","66","135"
"沿边","53","82","135"
"黄道","50","85","135"
"德行","12","123","135"
"消灭","1","134","135"
"予以","3","132","135"
"吕惠","30","105","135"
"职位","4","131","135"
"靖康","62","73","135"
"放弃","1","134","135"
"几个","0","135","135"
"也没","0","135","135"
"的应","0","135","135"
"的父","0","135","135"
"则有","107","27","134"
"女主","74","60","134"
"闻之","134","0","134"
"人一","15","119","134"
"羽林","66","68","134"
"南东","65","69","134"
"黄潜","38","96","134"
"制司","67","67","134"
"人及","66","68","134"
"太一","65","69","134"
"恐惧","17","117","134"
"果不","12","122","134"
"不接","6","128","134"
"可能","0","134","134"
"告诫","0","134","134"
"咸和","67","66","133"
"得失","59","74","133"
"归还","2","131","133"
"一十","62","71","133"
"关中","57","76","133"
"鼓吹","73","60","133"
"若水","61","72","133"
"修建","8","125","133"
"钤辖","93","40","133"
"路安","66","67","133"
"浙东","66","67","133"
"吕文","61","72","133"
"新书","66","67","133"
"举进","107","26","133"
"可用","84","49","133"
"起义","28","105","133"
"政治","8","125","133"
"长久","9","124","133"
"诸王","73","60","133"
"历任","3","130","133"
"章惇","60","73","133"
"送到","1","132","133"
"达到","0","133","133"
"详细","0","133","133"
"那里","0","133","133"
"而无","91","41","132"
"为资","45","87","132"
"是非","57","75","132"
"百年","63","69","132"
"元祐","130","2","132"
"立为","40","92","132"
"信军","67","65","132"
"议官","66","66","132"
"右正","66","66","132"
"州守","52","80","132"
"官一","66","66","132"
"迎接","3","129","132"
"步兵","30","102","132"
"获罪","14","118","132"
"位后","2","130","132"
"抚恤","5","127","132"
"宗亲","27","105","132"
"降雨","1","131","132"
"参与","1","131","132"
"的学","0","132","132"
"书信","0","132","132"
"为后","72","59","131"
"立功","48","83","131"
"星守","92","39","131"
"第三","50","81","131"
"兴三","49","82","131"
"人攻","64","67","131"
"抚制","63","68","131"
"景德","57","74","131"
"凤翔","66","65","131"
"改元","77","54","131"
"家中","1","130","131"
"经常","4","127","131"
"时代","2","129","131"
"先前","0","131","131"
"的后","0","131","131"
"这不","0","131","131"
"跟随","0","131","131"
"献给","0","131","131"
"的旧","0","131","131"
"系囚","127","3","130"
"阴阳","59","71","130"
"实在","8","122","130"
"道德","14","116","130"
"对曰","130","0","130"
"富贵","49","81","130"
"征虏","66","64","130"
"晋陵","65","65","130"
"贫民","59","71","130"
"城门","32","98","130"
"为王","45","85","130"
"白雀","65","65","130"
"熙元","66","64","130"
"佐郎","65","65","130"
"院使","65","65","130"
"阳郡","59","71","130"
"军承","64","66","130"
"范晔","12","118","130"
"不满","33","97","130"
"授给","2","128","130"
"还未","0","130","130"
"的小","0","130","130"
"停留","0","130","130"
"视察","0","130","130"
"必有","102","27","129"
"四星","92","37","129"
"帝之","81","48","129"
"臣以","94","35","129"
"其父","64","65","129"
"民之","103","26","129"
"令各","4","125","129"
"为东","68","61","129"
"变化","7","122","129"
"雨雹","127","2","129"
"虞候","64","65","129"
"为河","59","70","129"
"汪应","21","108","129"
"相兼","64","65","129"
"崇政","66","63","129"
"陈宜","25","104","129"
"马都","59","70","129"
"黄白","52","77","129"
"法律","5","124","129"
"再兴","63","66","129"
"爵位","7","122","129"
"是上","10","119","129"
"武臣","67","62","129"
"命王","25","104","129"
"辞谢","4","125","129"
"侍奉","1","128","129"
"的计","0","129","129"
"诏说","0","129","129"
"都没","0","129","129"
"守丧","0","129","129"
"有这","0","129","129"
"三次","0","129","129"
"罢了","0","129","129"
"做官","0","129","129"
"之的","0","129","129"
"把这","0","129","129"
"们不","0","129","129"
"抵御","0","129","129"
"起初","0","129","129"
"亲近","9","119","128"
"四人","68","60","128"
"庐陵","65","63","128"
"延之","50","78","128"
"右卫","64","64","128"
"为宣","50","78","128"
"始二","63","65","128"
"练副","63","65","128"
"贤殿","62","66","128"
"方平","55","73","128"
"杨沂","48","80","128"
"乾道","50","78","128"
"雍熙","56","72","128"
"阴谋","18","110","128"
"处死","4","124","128"
"采用","10","118","128"
"召回","2","126","128"
"厌恶","2","126","128"
"主持","2","126","128"
"免去","1","127","128"
"消失","0","128","128"
"刘浚","0","128","128"
"转任","0","128","128"
"莫不","109","18","127"
"然有","22","105","127"
"京邑","115","12","127"
"人人","39","88","127"
"二郡","63","64","127"
"作佐","62","65","127"
"居舍","63","64","127"
"夷简","61","66","127"
"化军","62","65","127"
"为观","42","85","127"
"安南","61","66","127"
"赠太","83","44","127"
"祥符","54","73","127"
"由此","49","78","127"
"给朝","2","125","127"
"深入","57","70","127"
"升官","2","125","127"
"范镇","16","111","127"
"向皇","1","126","127"
"完全","1","126","127"
"久又","0","127","127"
"的奏","0","127","127"
"人君","69","57","126"
"事者","98","28","126"
"恶之","108","18","126"
"可不","82","44","126"
"忠诚","7","119","126"
"余万","87","39","126"
"人于","91","35","126"
"征西","61","65","126"
"建武","62","64","126"
"东平","67","59","126"
"光祖","49","77","126"
"招讨","62","64","126"
"中正","54","72","126"
"有赦","63","63","126"
"民饥","77","49","126"
"罪一","84","42","126"
"无事","75","51","126"
"为相","78","48","126"
"行为","11","115","126"
"校书","63","63","126"
"讲和","32","94","126"
"斯得","44","82","126"
"专门","6","120","126"
"除去","2","124","126"
"帝下","3","123","126"
"间的","0","126","126"
"结果","0","126","126"
"拜见","0","126","126"
"的建","0","126","126"
"遭受","0","126","126"
"帝不","66","59","125"
"不然","90","35","125"
"以待","89","36","125"
"兵不","66","59","125"
"太和","63","62","125"
"使持","64","61","125"
"财赋","61","64","125"
"泗州","72","53","125"
"生日","17","108","125"
"生大","5","120","125"
"部分","11","114","125"
"是国","2","123","125"
"有流","64","61","125"
"州通","15","110","125"
"药师","58","67","125"
"位置","0","125","125"
"的才","0","125","125"
"疏说","0","125","125"
"冬天","0","125","125"
"抵抗","0","125","125"
"明日","115","9","124"
"远近","51","73","124"
"能不","12","112","124"
"之才","56","68","124"
"七百","62","62","124"
"武陵","59","65","124"
"而为","80","44","124"
"又请","48","76","124"
"卫大","60","64","124"
"南唐","45","79","124"
"六人","63","61","124"
"行宫","57","67","124"
"徽猷","78","46","124"
"两省","62","62","124"
"国有","81","43","124"
"为忠","39","85","124"
"同修","63","61","124"
"兵士","23","101","124"
"县官","50","74","124"
"与王","48","76","124"
"在西","16","108","124"
"正在","9","115","124"
"贼寇","5","119","124"
"星明","42","82","124"
"安宁","4","120","124"
"论述","3","121","124"
"登上","3","121","124"
"却不","2","122","124"
"前面","2","122","124"
"派兵","0","124","124"
"死去","0","124","124"
"当地","0","124","124"
"之下","51","72","123"
"郊祭","9","114","123"
"布衣","76","47","123"
"有文","47","76","123"
"不一","36","87","123"
"八千","62","61","123"
"咸宁","69","54","123"
"守刘","62","61","123"
"定州","59","64","123"
"康军","62","61","123"
"度副","62","61","123"
"将作","60","63","123"
"建宁","62","61","123"
"泉观","62","61","123"
"是皇","4","119","123"
"星占","3","120","123"
"使之","75","48","123"
"继勋","55","68","123"
"地位","2","121","123"
"还不","1","122","123"
"回京","1","122","123"
"离去","0","123","123"
"来了","0","123","123"
"万物","44","78","122"
"之际","58","64","122"
"兵至","103","19","122"
"斩之","120","2","122"
"为自","13","109","122"
"南郡","61","61","122"
"军主","74","48","122"
"四千","62","60","122"
"江宁","58","64","122"
"都虞","60","62","122"
"多逊","59","63","122"
"万寿","62","60","122"
"营田","60","62","122"
"消息","9","113","122"
"学者","63","59","122"
"贺正","82","40","122"
"贺明","61","61","122"
"考核","7","115","122"
"死的","0","122","122"
"古人","42","79","121"
"山陵","66","55","121"
"礼官","61","60","121"
"见之","104","17","121"
"生辰","97","24","121"
"在此","36","85","121"
"不动","38","83","121"
"傅亮","30","91","121"
"子太","61","60","121"
"大星","60","61","121"
"明元","60","61","121"
"出为","108","13","121"
"铁钱","58","63","121"
"等州","51","70","121"
"校少","60","61","121"
"左司","61","60","121"
"罢官","8","113","121"
"迅速","1","120","121"
"得已","53","68","121"
"到任","3","118","121"
"尤其","1","120","121"
"宗在","20","101","121"
"子赵","3","118","121"
"臣来","1","120","121"
"回去","0","121","121"
"跟从","0","121","121"
"圣明","34","86","120"
"进退","65","55","120"
"人情","80","40","120"
"以示","84","36","120"
"而有","51","69","120"
"禁中","94","26","120"
"罢之","118","2","120"
"后不","46","74","120"
"人多","58","62","120"
"帝亲","41","79","120"
"郎将","58","62","120"
"文馆","58","62","120"
"洪皓","14","106","120"
"汤思","41","79","120"
"平州","58","62","120"
"民力","63","57","120"
"醴泉","78","42","120"
"大全","51","69","120"
"议参","60","60","120"
"大功","47","73","120"
"少年","30","90","120"
"甚至","16","104","120"
"焚烧","9","111","120"
"时政","57","63","120"
"部众","4","116","120"
"俘虏","6","114","120"
"池州","55","65","120"
"正好","1","119","120"
"惩罚","1","119","120"
"机会","9","111","120"
"严重","5","115","120"
"祸患","2","118","120"
"一向","0","120","120"
"下面","0","120","120"
"之义","96","23","119"
"康府","63","56","119"
"兵之","90","29","119"
"从容","65","54","119"
"饮酒","33","86","119"
"亳州","65","54","119"
"部将","27","92","119"
"流亡","28","91","119"
"京兆","58","61","119"
"曹利","28","91","119"
"金银","46","73","119"
"邓州","46","73","119"
"为金","59","60","119"
"猷阁","74","45","119"
"之望","67","52","119"
"一官","51","68","119"
"州人","42","77","119"
"欲以","116","3","119"
"金紫","63","56","119"
"在后","19","100","119"
"宗以","85","34","119"
"亲戚","21","98","119"
"一名","18","101","119"
"有得","12","107","119"
"怨恨","2","117","119"
"求罢","19","100","119"
"李焘","12","107","119"
"回家","0","119","119"
"边的","0","119","119"
"恰逢","0","119","119"
"代之","95","23","118"
"官不","33","85","118"
"生于","46","72","118"
"精锐","31","87","118"
"建平","62","56","118"
"帝建","54","64","118"
"魏国","34","84","118"
"谟阁","66","52","118"
"有丧","46","72","118"
"皆以","111","7","118"
"自称","32","86","118"
"释之","117","1","118"
"二帝","55","63","118"
"又在","5","113","118"
"不下","55","63","118"
"兵入","93","25","118"
"熙河","59","59","118"
"多年","1","117","118"
"就有","0","118","118"
"的政","0","118","118"
"罪行","0","118","118"
"人到","0","118","118"
"见他","0","118","118"
"又任","0","118","118"
"光武","56","61","117"
"之祸","65","52","117"
"以天","85","32","117"
"兴王","59","58","117"
"东井","79","38","117"
"后有","55","62","117"
"右军","59","58","117"
"嘉王","55","62","117"
"咸康","60","57","117"
"郡公","31","86","117"
"河中","46","71","117"
"吴潜","53","64","117"
"改名","28","89","117"
"岭南","55","62","117"
"礼记","38","79","117"
"何承","28","89","117"
"跋焘","11","106","117"
"制定","2","115","117"
"木星","2","115","117"
"戍守","6","111","117"
"罢职","7","110","117"
"十朋","37","80","117"
"近来","3","114","117"
"的规","0","117","117"
"月的","0","117","117"
"色的","0","117","117"
"的家","0","117","117"
"的法","0","117","117"
"许多","0","117","117"
"拖欠","0","117","117"
"不报","100","16","116"
"于上","87","29","116"
"和元","56","60","116"
"元徽","55","61","116"
"宋文","55","61","116"
"文学","54","62","116"
"任中","15","101","116"
"赐礼","61","55","116"
"长子","42","74","116"
"魏了","27","89","116"
"朝请","63","53","116"
"封禅","41","75","116"
"有四","39","77","116"
"武官","40","76","116"
"被废","8","108","116"
"感动","19","97","116"
"李沆","27","89","116"
"恩惠","5","111","116"
"长官","9","107","116"
"廷内","0","116","116"
"长期","0","116","116"
"问题","0","116","116"
"的本","0","116","116"
"标准","0","116","116"
"生的","0","116","116"
"名声","0","116","116"
"杀掉","0","116","116"
"里的","0","116","116"
"以所","93","22","115"
"骑侍","58","57","115"
"王师","87","28","115"
"月晕","49","66","115"
"年夏","52","63","115"
"李迪","18","97","115"
"上尊","62","53","115"
"夏竦","35","80","115"
"御营","58","57","115"
"黄州","46","69","115"
"霄宫","56","59","115"
"寺丞","58","57","115"
"主有","22","93","115"
"领兵","44","71","115"
"财物","7","108","115"
"凤凰","32","83","115"
"也有","1","114","115"
"言论","12","103","115"
"用以","7","108","115"
"是说","2","113","115"
"产生","0","115","115"
"依靠","0","115","115"
"完毕","0","115","115"
"兵的","0","115","115"
"有以","99","15","114"
"之策","67","47","114"
"不与","81","33","114"
"终不","68","46","114"
"表请","33","81","114"
"千户","55","59","114"
"南兗","111","3","114"
"百三","59","55","114"
"百一","51","63","114"
"发运","57","57","114"
"州蛮","57","57","114"
"钱三","67","47","114"
"宣仁","55","59","114"
"程颐","40","74","114"
"乾德","46","68","114"
"少监","57","57","114"
"上殿","25","89","114"
"当天","10","104","114"
"谋反","27","87","114"
"上有","34","80","114"
"辰星","61","53","114"
"毁坏","5","109","114"
"会有","19","95","114"
"两人","14","100","114"
"上章","65","49","114"
"粘罕","55","59","114"
"任宰","1","113","114"
"放在","1","113","114"
"女儿","0","114","114"
"的书","0","114","114"
"他当","0","114","114"
"夜晚","0","114","114"
"恭敬","0","114","114"
"为名","64","49","113"
"与其","62","51","113"
"之象","104","9","113"
"岁时","33","80","113"
"后世","42","71","113"
"于东","67","46","113"
"刑罚","28","85","113"
"当以","85","28","113"
"之势","74","39","113"
"居中","58","55","113"
"宗为","45","68","113"
"百九","60","53","113"
"分为","47","66","113"
"江淮","37","76","113"
"王府","43","70","113"
"王淮","24","89","113"
"子不","41","72","113"
"象新","57","56","113"
"所著","77","36","113"
"宰臣","67","46","113"
"运副","55","58","113"
"朋党","51","62","113"
"在城","9","104","113"
"亲属","33","80","113"
"州发","3","110","113"
"豪杰","45","68","113"
"吕祖","27","86","113"
"会合","3","110","113"
"辞官","7","106","113"
"说法","1","112","113"
"的亲","0","113","113"
"哪里","0","113","113"
"的钱","0","113","113"
"他回","0","113","113"
"新春","0","113","113"
"军国","61","51","112"
"各有","61","51","112"
"以成","59","53","112"
"大如","63","49","112"
"勤王","58","54","112"
"而出","49","63","112"
"司州","50","62","112"
"征北","58","54","112"
"开国","45","67","112"
"又改","25","87","112"
"永和","55","57","112"
"州诸","65","47","112"
"命张","31","81","112"
"许国","24","88","112"
"政和","45","67","112"
"濠州","68","44","112"
"退走","18","94","112"
"而被","6","106","112"
"之民","93","19","112"
"河水","27","85","112"
"魏人","3","109","112"
"年时","1","111","112"
"是人","9","103","112"
"海州","52","60","112"
"青苗","53","59","112"
"饶州","51","61","112"
"谈论","4","108","112"
"时期","0","112","112"
"的母","0","112","112"
"在的","0","112","112"
"欺骗","0","112","112"
"之应","103","8","111"
"无法","5","106","111"
"今之","98","13","111"
"前汉","57","54","111"
"应麟","40","71","111"
"都尉","53","58","111"
"心中","5","106","111"
"西方","45","66","111"
"占城","56","55","111"
"昭文","55","56","111"
"茶盐","56","55","111"
"路提","53","58","111"
"显忠","55","56","111"
"荐举","33","78","111"
"州兵","58","53","111"
"于世","65","46","111"
"功臣","43","68","111"
"天上","23","88","111"
"平时","30","81","111"
"执行","1","110","111"
"决口","1","110","111"
"灾祸","0","111","111"
"世之","76","34","110"
"未能","65","45","110"
"当今","25","85","110"
"愿陛","95","15","110"
"之学","68","42","110"
"为主","50","60","110"
"武皇","54","56","110"
"子勋","51","59","110"
"进号","95","15","110"
"道济","54","56","110"
"为广","49","61","110"
"战败","38","72","110"
"百四","59","51","110"
"帝即","51","59","110"
"舆鬼","53","57","110"
"北路","51","59","110"
"奏议","37","73","110"
"等十","50","60","110"
"遣将","77","33","110"
"此时","14","96","110"
"中间","6","104","110"
"已而","106","4","110"
"杨亿","22","88","110"
"英殿","54","56","110"
"贤能","10","100","110"
"集中","1","109","110"
"逐渐","0","110","110"
"皇位","0","110","110"
"要的","0","110","110"
"他在","0","110","110"
"和他","0","110","110"
"的老","0","110","110"
"战事","0","110","110"
"南兖","0","110","110"
"去年","38","71","109"
"以文","75","34","109"
"本朝","46","63","109"
"外散","55","54","109"
"百户","54","55","109"
"允恭","50","59","109"
"徐羡","35","74","109"
"四时","66","43","109"
"百七","56","53","109"
"青龙","57","52","109"
"元元","59","50","109"
"太宰","55","54","109"
"上供","50","59","109"
"训练","13","96","109"
"寿宫","53","56","109"
"天锡","51","58","109"
"张世","41","68","109"
"万里","53","56","109"
"色黄","43","66","109"
"王彦","49","60","109"
"汴京","37","72","109"
"司农","55","54","109"
"迁徙","4","105","109"
"不忍","56","53","109"
"五行","41","68","109"
"几乎","2","107","109"
"年老","18","91","109"
"岩叟","53","56","109"
"春天","1","108","109"
"坚持","2","107","109"
"余的","0","109","109"
"城的","0","109","109"
"射箭","0","109","109"
"之类","32","76","108"
"不高","3","105","108"
"许之","108","0","108"
"灾害","8","100","108"
"索虏","59","49","108"
"各一","57","51","108"
"并州","44","64","108"
"诸郡","91","17","108"
"孝皇","54","54","108"
"中使","65","43","108"
"司户","54","54","108"
"为军","48","60","108"
"宗实","50","58","108"
"兴十","19","89","108"
"召试","78","30","108"
"而行","68","40","108"
"地上","9","99","108"
"学博","53","55","108"
"说不","13","95","108"
"城南","51","57","108"
"声音","2","106","108"
"他所","3","105","108"
"常州","48","60","108"
"路上","6","102","108"
"县的","0","108","108"
"有些","0","108","108"
"把它","0","108","108"
"虽有","74","33","107"
"贵人","56","51","107"
"之徒","52","55","107"
"为我","20","87","107"
"修国","55","52","107"
"七人","56","51","107"
"蔡州","41","66","107"
"各举","93","14","107"
"为签","2","105","107"
"文天","27","80","107"
"手诏","69","38","107"
"名称","10","97","107"
"聪明","31","76","107"
"从今","1","106","107"
"帝说","2","105","107"
"西川","53","54","107"
"出战","40","67","107"
"延州","47","60","107"
"王继","34","73","107"
"略使","51","56","107"
"在皇","2","105","107"
"对应","1","106","107"
"督促","3","104","107"
"承相","0","107","107"
"自以","69","37","106"
"知之","95","11","106"
"不容","64","42","106"
"如何","30","76","106"
"之家","53","53","106"
"后军","53","53","106"
"安西","54","52","106"
"天市","51","55","106"
"有天","45","61","106"
"宣帝","50","56","106"
"汉旧","104","2","106"
"使赵","39","67","106"
"为都","50","56","106"
"耶律","44","62","106"
"为淮","48","58","106"
"朱胜","44","62","106"
"人犯","92","14","106"
"居郎","53","53","106"
"宣谕","48","58","106"
"招集","32","74","106"
"房宿","11","95","106"
"州民","82","24","106"
"淳化","45","61","106"
"竟陵","56","50","106"
"尽力","30","76","106"
"色云","18","88","106"
"护之","51","55","106"
"水旱","69","37","106"
"庙祭","14","92","106"
"边疆","3","103","106"
"亲征","53","53","106"
"军在","8","98","106"
"人进","10","96","106"
"入城","57","49","106"
"而没","4","102","106"
"召用","15","91","106"
"建造","1","105","106"
"的办","0","106","106"
"的神","0","106","106"
"直到","0","106","106"
"病情","0","106","106"
"都在","0","106","106"
"言不","75","30","105"
"将王","48","57","105"
"伏诛","101","4","105"
"人而","39","66","105"
"无一","78","27","105"
"求去","65","40","105"
"金帛","59","46","105"
"不就","68","37","105"
"人相","31","74","105"
"人出","44","61","105"
"王氏","53","52","105"
"宁元","52","53","105"
"晋成","52","53","105"
"雄州","48","57","105"
"为建","37","68","105"
"大司","52","53","105"
"号令","47","58","105"
"先王","43","62","105"
"在位","47","58","105"
"天意","42","63","105"
"一宫","47","58","105"
"集英","54","51","105"
"为官","10","95","105"
"有食","104","1","105"
"为保","35","70","105"
"进兵","51","54","105"
"台州","48","57","105"
"温州","48","57","105"
"制官","48","57","105"
"江上","51","54","105"
"独自","1","104","105"
"到南","0","105","105"
"有个","0","105","105"
"夏军","0","105","105"
"其人","96","8","104"
"长吏","65","39","104"
"家之","69","35","104"
"应也","104","0","104"
"国用","67","37","104"
"所知","74","30","104"
"谨慎","3","101","104"
"有过","27","77","104"
"山川","45","59","104"
"时人","45","59","104"
"父老","54","50","104"
"威将","48","56","104"
"卫上","53","51","104"
"经筵","53","51","104"
"置副","52","52","104"
"抚副","50","54","104"
"浑仪","51","53","104"
"天书","49","55","104"
"一种","2","102","104"
"为翰","52","52","104"
"相国","52","52","104"
"忠臣","42","62","104"
"遣王","65","39","104"
"宫殿","13","91","104"
"任官","4","100","104"
"到江","3","101","104"
"吉祥","3","101","104"
"取得","4","100","104"
"主张","9","95","104"
"乡里","38","66","104"
"保全","22","82","104"
"种放","18","86","104"
"入对","87","17","104"
"民兵","52","52","104"
"误国","55","49","104"
"祀的","0","104","104"
"阳的","0","104","104"
"写的","0","104","104"
"的长","0","104","104"
"晋升","0","104","104"
"可得","71","32","103"
"命之","69","34","103"
"太史","50","53","103"
"便宜","89","14","103"
"以疾","95","8","103"
"赴行","92","11","103"
"帝崩","93","10","103"
"以知","67","36","103"
"以死","35","68","103"
"大战","48","55","103"
"临川","51","52","103"
"年秋","36","67","103"
"康二","50","53","103"
"自立","45","58","103"
"前司","47","56","103"
"入内","52","51","103"
"军器","53","50","103"
"苍白","51","52","103"
"离职","3","100","103"
"在北","28","75","103"
"万计","56","47","103"
"为宰","26","77","103"
"兵权","20","83","103"
"拒绝","3","100","103"
"后才","2","101","103"
"的诏","0","103","103"
"清楚","0","103","103"
"就在","0","103","103"
"了很","0","103","103"
"络钱","0","103","103"
"任右","0","103","103"
"乃以","102","0","102"
"合于","55","47","102"
"而以","68","34","102"
"能自","55","47","102"
"将来","25","77","102"
"相见","38","64","102"
"南康","51","51","102"
"民不","62","40","102"
"用人","37","65","102"
"少帝","42","60","102"
"骑大","52","50","102"
"阳尹","50","52","102"
"王僧","35","67","102"
"射兼","51","51","102"
"明州","48","54","102"
"宫使","50","52","102"
"南仲","48","54","102"
"汪伯","29","73","102"
"光州","47","55","102"
"沿海","45","57","102"
"夔州","41","61","102"
"上亲","27","75","102"
"又是","10","92","102"
"神灵","13","89","102"
"妇人","54","48","102"
"在江","17","85","102"
"汉时","4","98","102"
"治国","11","91","102"
"赤色","11","91","102"
"军粮","27","75","102"
"河决","69","33","102"
"彭龟","23","79","102"
"见皇","2","100","102"
"统率","3","99","102"
"右承","1","101","102"
"身体","0","102","102"
"外的","0","102","102"
"的有","0","102","102"
"城墙","0","102","102"
"未必","52","49","101"
"其一","64","37","101"
"但不","7","94","101"
"之而","83","18","101"
"为宁","43","58","101"
"之数","88","13","101"
"守王","54","47","101"
"行参","53","48","101"
"州水","60","41","101"
"为检","26","75","101"
"为定","48","53","101"
"先锋","32","69","101"
"吕夷","36","65","101"
"岁币","45","56","101"
"之名","57","44","101"
"入为","84","17","101"
"中祥","42","59","101"
"人入","69","32","101"
"于南","54","47","101"
"军大","31","70","101"
"官有","63","38","101"
"令有","35","66","101"
"是水","2","99","101"
"其罪","75","26","101"
"何况","4","97","101"
"远方","17","84","101"
"始终","20","81","101"
"权力","1","100","101"
"北汉","45","56","101"
"出师","63","38","101"
"金使","54","47","101"
"保护","12","89","101"
"二个","0","101","101"
"人认","0","101","101"
"好像","0","101","101"
"他家","0","101","101"
"他到","0","101","101"
"的祭","0","101","101"
"上任","0","101","101"
"扎在","0","101","101"
"带着","0","101","101"
"江左","74","26","100"
"其为","75","25","100"
"年不","50","50","100"
"守令","53","47","100"
"王诞","55","45","100"
"三尺","50","50","100"
"犯太","51","49","100"
"王元","79","21","100"
"遣统","58","42","100"
"馆职","51","49","100"
"令不","30","70","100"
"为应","14","86","100"
"我军","12","88","100"
"历阳","51","49","100"
"平民","11","89","100"
"是从","7","93","100"
"祖庙","23","77","100"
"人大","31","69","100"
"愤怒","5","95","100"
"大权","10","90","100"
"好学","48","52","100"
"人就","6","94","100"
"发动","4","96","100"
"和尚","26","74","100"
"王应","17","83","100"
"庆节","50","50","100"
"副总","50","50","100"
"旨意","4","96","100"
"廷命","7","93","100"
"是被","1","99","100"
"朋友","2","98","100"
"他就","0","100","100"
"遭到","0","100","100"
"谷物","0","100","100"
"现了","0","100","100"
"到来","0","100","100"
"瘟疫","0","100","100"
"擅自","0","100","100"
"万络","0","100","100"
"有事","59","40","99"
"立庙","57","42","99"
"使其","50","49","99"
"子有","33","66","99"
"元景","46","53","99"
"兵败","45","54","99"
"民流","51","48","99"
"得罪","65","34","99"
"州事","61","38","99"
"为西","46","53","99"
"年为","49","50","99"
"黄初","53","46","99"
"立皇","37","62","99"
"兵参","46","53","99"
"使张","48","51","99"
"湖州","42","57","99"
"三班","50","49","99"
"郑州","40","59","99"
"为乱","93","6","99"
"三官","42","57","99"
"德寿","50","49","99"
"为端","24","75","99"
"田租","44","55","99"
"司使","49","50","99"
"招降","24","75","99"
"慰劳","18","81","99"
"新法","38","61","99"
"为将","42","57","99"
"下一","19","80","99"
"五谷","47","52","99"
"众将","1","98","99"
"有病","4","95","99"
"政大","12","87","99"
"攻下","5","94","99"
"赵雄","23","76","99"
"在他","2","97","99"
"位的","0","99","99"
"同的","0","99","99"
"的过","0","99","99"
"的君","0","99","99"
"府的","0","99","99"
"郡的","0","99","99"
"过错","0","99","99"
"对待","0","99","99"
"宗到","0","99","99"
"不尽","66","32","98"
"司奏","95","3","98"
"腹心","77","21","98"
"灵运","39","59","98"
"将不","50","48","98"
"改封","41","57","98"
"千三","56","42","98"
"帝为","65","33","98"
"王为","38","60","98"
"穆帝","49","49","98"
"南阳","51","47","98"
"为副","28","70","98"
"五人","50","48","98"
"建隆","46","52","98"
"检阅","8","90","98"
"反复","15","83","98"
"皇甫","39","59","98"
"复置","98","0","98"
"州府","22","76","98"
"军到","8","90","98"
"请以","91","7","98"
"崇宁","43","55","98"
"出行","16","82","98"
"中不","30","68","98"
"馆阁","46","52","98"
"来不","6","92","98"
"兴州","47","51","98"
"曾布","26","72","98"
"减去","1","97","98"
"法的","0","98","98"
"早晨","0","98","98"
"安排","0","98","98"
"我认","0","98","98"
"安葬","0","98","98"
"包围","0","98","98"
"暂时","0","98","98"
"缘故","0","98","98"
"急忙","0","98","98"
"为言","88","9","97"
"仍旧","45","52","97"
"景初","49","48","97"
"多不","61","36","97"
"主之","76","21","97"
"敕令","40","57","97"
"敢言","80","17","97"
"城王","50","47","97"
"门侍","48","49","97"
"北斗","47","50","97"
"月食","34","63","97"
"轩辕","47","50","97"
"熙二","44","53","97"
"固守","45","52","97"
"平郡","45","52","97"
"幽州","45","52","97"
"为侍","46","51","97"
"诏侍","62","35","97"
"力战","63","34","97"
"以城","64","33","97"
"历代","32","65","97"
"景仁","41","56","97"
"统一","5","92","97"
"王十","18","79","97"
"逆行","63","34","97"
"公正","13","84","97"
"彭年","34","63","97"
"理国","5","92","97"
"名字","4","93","97"
"刘珙","18","79","97"
"崇尚","5","92","97"
"慰问","1","96","97"
"他是","0","97","97"
"的根","0","97","97"
"的祸","0","97","97"
"迁移","0","97","97"
"房屋","0","97","97"
"渐渐","0","97","97"
"小余","46","50","96"
"为其","62","34","96"
"为有","38","58","96"
"封爵","16","80","96"
"方物","96","0","96"
"兴太","50","46","96"
"王景","40","56","96"
"文王","37","59","96"
"四分","47","49","96"
"平元","49","47","96"
"三星","72","24","96"
"西蕃","49","47","96"
"刘向","50","46","96"
"晋元","46","50","96"
"前都","47","49","96"
"为朝","24","72","96"
"内殿","49","47","96"
"补官","40","56","96"
"以礼","52","44","96"
"权知","62","34","96"
"武密","49","47","96"
"玉清","46","50","96"
"丁大","30","66","96"
"三天","3","93","96"
"以三","61","35","96"
"为帝","27","69","96"
"在上","21","75","96"
"音乐","6","90","96"
"在地","4","92","96"
"恩泽","22","74","96"
"年后","4","92","96"
"控制","5","91","96"
"蕃部","49","47","96"
"都城","24","72","96"
"毕宿","6","90","96"
"种谔","20","76","96"
"杜范","15","81","96"
"造成","0","96","96"
"就像","0","96","96"
"也就","0","96","96"
"的日","0","96","96"
"道是","0","96","96"
"给皇","0","96","96"
"充任","0","96","96"
"道之","71","24","95"
"以金","79","16","95"
"不去","30","65","95"
"为先","54","41","95"
"礼节","4","91","95"
"以进","71","24","95"
"是日","82","13","95"
"子也","84","11","95"
"泰州","44","51","95"
"庶子","48","47","95"
"建元","50","45","95"
"禾生","50","45","95"
"德殿","47","48","95"
"杨氏","43","52","95"
"臣为","57","38","95"
"退保","53","42","95"
"同签","49","46","95"
"洞霄","47","48","95"
"宁远","47","48","95"
"哭泣","22","73","95"
"文集","41","54","95"
"配享","27","68","95"
"西转","46","49","95"
"正字","46","49","95"
"有成","27","68","95"
"过一","14","81","95"
"一级","18","77","95"
"屯兵","49","46","95"
"用事","78","17","95"
"受朝","44","51","95"
"依据","3","92","95"
"渡河","57","38","95"
"纷纷","15","80","95"
"其党","77","18","95"
"兵讨","42","53","95"
"树木","5","90","95"
"正人","54","41","95"
"治所","10","85","95"
"兵二","43","52","95"
"祖下","5","90","95"
"下囚","46","49","95"
"议事","36","59","95"
"绍圣","45","50","95"
"顺昌","41","54","95"
"士气","29","66","95"
"升迁","1","94","95"
"唐朝","1","94","95"
"逮捕","7","88","95"
"规模","12","83","95"
"提出","0","95","95"
"一般","0","95","95"
"错误","0","95","95"
"替他","0","95","95"
"以求","39","55","94"
"圣德","49","45","94"
"乘舆","86","8","94"
"学官","46","48","94"
"所至","75","19","94"
"有余","60","34","94"
"叛逆","7","87","94"
"时就","1","93","94"
"赐予","22","72","94"
"日不","69","25","94"
"王司","11","83","94"
"初元","50","44","94"
"万五","47","47","94"
"魏文","42","52","94"
"魏明","43","51","94"
"女子","30","64","94"
"本官","54","40","94"
"庆历","42","52","94"
"击之","93","1","94"
"谢方","22","72","94"
"直史","47","47","94"
"吴越","46","48","94"
"门外","42","52","94"
"以身","56","38","94"
"而下","48","46","94"
"都水","51","43","94"
"不答","36","58","94"
"承受","20","74","94"
"治罪","3","91","94"
"星合","40","54","94"
"后一","16","78","94"
"不改","34","60","94"
"大人","53","41","94"
"努力","4","90","94"
"形成","1","93","94"
"帝在","33","61","94"
"有水","33","61","94"
"示众","7","87","94"
"处置","27","67","94"
"杜衍","20","74","94"
"校理","46","48","94"
"新任","7","87","94"
"杨巨","11","83","94"
"的形","0","94","94"
"都很","0","94","94"
"象预","0","94","94"
"不想","0","94","94"
"完成","0","94","94"
"志向","0","94","94"
"的上","0","94","94"
"诉讼","0","94","94"
"处罚","0","94","94"
"荐他","0","94","94"
"不自","72","21","93"
"人皆","81","12","93"
"等级","7","86","93"
"举兵","71","22","93"
"去职","32","61","93"
"有两","17","76","93"
"稍稍","9","84","93"
"知白","39","54","93"
"既不","58","35","93"
"所杀","64","29","93"
"华林","51","42","93"
"后废","49","44","93"
"蜀地","2","91","93"
"道士","38","55","93"
"密直","46","47","93"
"易简","47","46","93"
"环庆","42","51","93"
"宁国","45","48","93"
"捕获","5","88","93"
"赵范","20","73","93"
"一子","62","31","93"
"兼领","33","60","93"
"黄帝","39","54","93"
"步天","46","47","93"
"永州","44","49","93"
"王禹","12","81","93"
"合兵","46","47","93"
"录事","48","45","93"
"班师","47","46","93"
"商人","27","66","93"
"宴会","7","86","93"
"年中","16","77","93"
"中出","17","76","93"
"破坏","6","87","93"
"者来","4","89","93"
"王圭","3","90","93"
"处以","10","83","93"
"民的","0","93","93"
"成的","0","93","93"
"刚刚","0","93","93"
"的分","0","93","93"
"的主","0","93","93"
"亡的","0","93","93"
"下雨","0","93","93"
"危害","0","93","93"
"的言","0","93","93"
"身边","0","93","93"
"工程","0","93","93"
"都说","0","93","93"
"二颗","0","93","93"
"阻止","0","93","93"
"大义","35","57","92"
"之有","81","11","92"
"未至","90","2","92"
"圣旨","12","80","92"
"断绝","10","82","92"
"是也","85","7","92"
"又遣","89","3","92"
"而归","50","42","92"
"自为","57","35","92"
"岂不","65","27","92"
"不起","37","55","92"
"不止","46","46","92"
"之利","62","30","92"
"遂以","88","4","92"
"贿赂","6","86","92"
"南将","46","46","92"
"义阳","47","45","92"
"孙皓","38","54","92"
"太兴","46","46","92"
"二县","45","47","92"
"范质","16","76","92"
"加恩","39","53","92"
"居注","44","48","92"
"吴国","22","70","92"
"宣州","42","50","92"
"刚中","39","53","92"
"天歌","46","46","92"
"相州","41","51","92"
"张孝","19","73","92"
"兵大","62","30","92"
"学校","22","70","92"
"宋太","8","84","92"
"秀之","42","50","92"
"为水","77","15","92"
"其分","78","14","92"
"生火","1","91","92"
"兵器","12","80","92"
"是太","11","81","92"
"久不","59","33","92"
"大计","43","49","92"
"将其","5","87","92"
"罪过","2","90","92"
"掌握","2","90","92"
"而又","22","70","92"
"重任","4","88","92"
"样做","0","92","92"
"内的","0","92","92"
"危险","0","92","92"
"政的","0","92","92"
"到太","0","92","92"
"批准","0","92","92"
"弊端","0","92","92"
"被处","0","92","92"
"田地","0","92","92"
"诉他","0","92","92"
"叫他","0","92","92"
"祖的","0","92","92"
"岂可","85","6","91"
"灾异","37","54","91"
"熙十","30","61","91"
"知所","74","17","91"
"一二","58","33","91"
"所作","24","67","91"
"北边","28","63","91"
"义之","39","52","91"
"人马","24","67","91"
"取之","72","19","91"
"乘胜","46","45","91"
"二府","49","42","91"
"以事","73","18","91"
"余年","65","26","91"
"召还","73","18","91"
"刘道","31","60","91"
"虏将","48","43","91"
"休仁","44","47","91"
"七千","49","42","91"
"大举","33","58","91"
"军副","48","43","91"
"为殿","42","49","91"
"陈尧","42","49","91"
"忠为","41","50","91"
"以张","76","15","91"
"广东","46","45","91"
"又命","31","60","91"
"敷文","46","45","91"
"赐名","48","43","91"
"随州","43","48","91"
"宗不","30","61","91"
"守道","37","54","91"
"金将","46","45","91"
"之初","58","33","91"
"主上","52","39","91"
"艰难","25","66","91"
"时事","44","47","91"
"得一","53","38","91"
"颜色","11","80","91"
"心腹","9","82","91"
"以防","34","57","91"
"兵来","43","48","91"
"号称","7","84","91"
"宿州","39","52","91"
"亲的","1","90","91"
"需要","0","91","91"
"力量","0","91","91"
"死刑","0","91","91"
"很好","0","91","91"
"有很","0","91","91"
"他一","0","91","91"
"分割","0","91","91"
"带领","0","91","91"
"廷任","0","91","91"
"非所","88","2","90"
"以资","59","31","90"
"见其","85","5","90"
"不愿","26","64","90"
"王室","39","51","90"
"上大","35","55","90"
"弃疾","38","52","90"
"重兵","45","45","90"
"母丧","31","59","90"
"钱粮","40","50","90"
"令王","23","67","90"
"四面","28","62","90"
"自杀","25","65","90"
"授官","26","64","90"
"都总","44","46","90"
"正彦","45","45","90"
"洪州","43","47","90"
"州兼","46","44","90"
"诏各","7","83","90"
"宫室","43","47","90"
"虔州","42","48","90"
"检讨","43","47","90"
"世代","3","87","90"
"刘胡","18","72","90"
"宫内","16","74","90"
"不言","69","21","90"
"能得","14","76","90"
"历法","7","83","90"
"不被","7","83","90"
"相当","16","74","90"
"兵将","23","67","90"
"祸乱","16","74","90"
"弓箭","22","68","90"
"亲信","16","74","90"
"遣官","51","39","90"
"李昉","22","68","90"
"汉阳","43","47","90"
"出一","17","73","90"
"后说","2","88","90"
"际上","0","90","90"
"总是","0","90","90"
"观看","0","90","90"
"哥哥","0","90","90"
"家里","0","90","90"
"的女","0","90","90"
"信给","0","90","90"
"史官","40","49","89"
"何必","27","62","89"
"可为","72","17","89"
"人自","51","38","89"
"骑马","4","85","89"
"弟子","48","41","89"
"知江","65","24","89"
"书仆","42","47","89"
"平二","41","48","89"
"淮阳","43","46","89"
"祭酒","44","45","89"
"六万","45","44","89"
"和二","39","50","89"
"隆安","47","42","89"
"长公","43","46","89"
"庞籍","22","67","89"
"僚属","38","51","89"
"职事","40","49","89"
"元府","48","41","89"
"为京","39","50","89"
"西提","45","44","89"
"山阴","44","45","89"
"直秘","43","46","89"
"直龙","45","44","89"
"五代","41","48","89"
"追究","3","86","89"
"常少","44","45","89"
"监军","42","47","89"
"乐舞","8","81","89"
"以重","42","47","89"
"陵墓","2","87","89"
"圆丘","21","68","89"
"家大","5","84","89"
"不停","1","88","89"
"危急","9","80","89"
"钱二","47","42","89"
"垂帘","44","45","89"
"科举","28","61","89"
"任尚","1","88","89"
"书写","2","87","89"
"就能","0","89","89"
"种情","0","89","89"
"屡次","0","89","89"
"皇宫","0","89","89"
"手下","0","89","89"
"除了","0","89","89"
"的弊","0","89","89"
"计划","0","89","89"
"职的","0","89","89"
"万多","0","89","89"
"逃到","0","89","89"
"的门","0","89","89"
"之情","46","42","88"
"此为","39","49","88"
"数日","72","16","88"
"出内","48","40","88"
"天后","5","83","88"
"之命","65","23","88"
"人无","53","35","88"
"国遣","84","4","88"
"大兵","69","19","88"
"甚众","84","4","88"
"河间","47","41","88"
"号曰","77","11","88"
"奏名","46","42","88"
"寿观","44","44","88"
"将死","48","40","88"
"显德","39","49","88"
"知古","39","49","88"
"累迁","72","16","88"
"作郎","44","44","88"
"左军","46","42","88"
"即日","82","6","88"
"为正","42","46","88"
"淮北","46","42","88"
"谘议","43","45","88"
"坚守","20","68","88"
"其有","78","10","88"
"子朔","86","2","88"
"前锋","41","47","88"
"在中","21","67","88"
"卫士","36","52","88"
"黄色","6","82","88"
"到后","1","87","88"
"忽然","3","85","88"
"决断","3","85","88"
"一下","3","85","88"
"宴射","48","40","88"
"陈州","38","50","88"
"谋略","6","82","88"
"福宫","43","45","88"
"韩绛","23","65","88"
"役法","31","57","88"
"政府","28","60","88"
"是由","0","88","88"
"监狱","0","88","88"
"很少","0","88","88"
"写了","0","88","88"
"通过","0","88","88"
"直接","0","88","88"
"丰收","0","88","88"
"们说","0","88","88"
"乱的","0","88","88"
"的缘","0","88","88"
"他以","0","88","88"
"相的","0","88","88"
"的财","0","88","88"
"到金","0","88","88"
"想要","0","88","88"
"奈何","78","9","87"
"至今","48","39","87"
"不胜","58","29","87"
"于人","46","41","87"
"熙先","38","49","87"
"至此","49","38","87"
"之师","66","21","87"
"国人","26","61","87"
"西阳","45","42","87"
"军长","42","45","87"
"进贤","43","44","87"
"犯房","42","45","87"
"五色","48","39","87"
"临江","47","40","87"
"贤院","41","46","87"
"殿直","44","43","87"
"滑州","38","49","87"
"置大","43","44","87"
"部进","40","47","87"
"作监","43","44","87"
"州太","38","49","87"
"三分","33","54","87"
"民为","59","28","87"
"易传","44","43","87"
"居民","35","52","87"
"朝官","31","56","87"
"钱十","47","40","87"
"臣所","69","18","87"
"诏不","50","37","87"
"文志","2","85","87"
"归于","43","44","87"
"宫廷","1","86","87"
"军营","13","74","87"
"政令","18","69","87"
"守城","23","64","87"
"同列","72","15","87"
"风气","3","84","87"
"出城","19","68","87"
"君王","1","86","87"
"赵德","13","74","87"
"命刘","24","63","87"
"西边","11","76","87"
"州编","42","45","87"
"比较","8","79","87"
"贪赃","6","81","87"
"井宿","6","81","87"
"日益","7","80","87"
"设宴","7","80","87"
"是对","1","86","87"
"的数","0","87","87"
"象征","0","87","87"
"另一","0","87","87"
"全的","0","87","87"
"的衣","0","87","87"
"重用","0","87","87"
"三代","38","48","86"
"于外","65","21","86"
"不幸","32","54","86"
"之位","29","57","86"
"官之","51","35","86"
"下以","56","30","86"
"在我","19","67","86"
"庆之","45","41","86"
"起复","72","14","86"
"献方","86","0","86"
"乘机","5","81","86"
"不加","26","60","86"
"得之","72","14","86"
"詹事","43","43","86"
"彦之","43","43","86"
"史张","43","43","86"
"四万","43","43","86"
"主事","7","79","86"
"镇星","21","65","86"
"兼太","45","41","86"
"世为","39","47","86"
"资善","44","42","86"
"名府","40","46","86"
"再遇","39","47","86"
"震动","14","72","86"
"遣兵","79","7","86"
"武王","32","54","86"
"都要","1","85","86"
"响应","14","72","86"
"以说","2","84","86"
"奏曰","83","3","86"
"遵循","1","85","86"
"出征","9","77","86"
"同年","17","69","86"
"被诛","12","74","86"
"星大","49","37","86"
"以他","16","70","86"
"祖禹","39","47","86"
"信孺","34","52","86"
"高斯","4","82","86"
"使是","2","84","86"
"驻守","0","86","86"
"的行","0","86","86"
"对此","0","86","86"
"应的","0","86","86"
"严格","0","86","86"
"远的","0","86","86"
"长时","0","86","86"
"打开","0","86","86"
"道他","0","86","86"
"堵塞","0","86","86"
"去之","78","7","85"
"臣等","62","23","85"
"可知","42","43","85"
"新安","40","45","85"
"有可","35","50","85"
"有异","57","28","85"
"有诏","52","33","85"
"若不","65","20","85"
"以往","25","60","85"
"恩德","4","81","85"
"从中","19","66","85"
"有谋","51","34","85"
"王道","44","41","85"
"为北","49","36","85"
"有声","49","36","85"
"林园","45","40","85"
"水溢","39","46","85"
"大雪","35","50","85"
"公孙","35","50","85"
"章帝","44","41","85"
"武大","52","33","85"
"彦进","42","43","85"
"盐铁","42","43","85"
"筑城","16","69","85"
"建州","40","45","85"
"海军","42","43","85"
"兼参","47","38","85"
"金带","42","43","85"
"以李","63","22","85"
"江军","40","45","85"
"太府","43","42","85"
"星不","35","50","85"
"留后","43","42","85"
"帅府","37","48","85"
"奉官","41","44","85"
"拾遗","43","42","85"
"分司","58","27","85"
"昭应","41","44","85"
"天章","42","43","85"
"为监","31","54","85"
"郦琼","35","50","85"
"而天","50","35","85"
"京房","44","41","85"
"五帝","38","47","85"
"拜官","3","82","85"
"大为","21","64","85"
"祖亲","9","76","85"
"兵在","16","69","85"
"生地","2","83","85"
"求直","44","41","85"
"申严","48","37","85"
"是命","11","74","85"
"书籍","17","68","85"
"史浩","35","50","85"
"各郡","1","84","85"
"是想","1","84","85"
"造反","1","84","85"
"有了","0","85","85"
"的位","0","85","85"
"就把","0","85","85"
"的风","0","85","85"
"挑选","0","85","85"
"兵到","0","85","85"
"新设","0","85","85"
"之者","84","0","84"
"地之","50","34","84"
"此之","38","46","84"
"自此","64","20","84"
"一军","50","34","84"
"不顾","36","48","84"
"镇西","41","43","84"
"中央","28","56","84"
"有木","4","80","84"
"周世","23","61","84"
"为高","35","49","84"
"为崇","32","52","84"
"不正","30","54","84"
"铜钱","38","46","84"
"抚谕","47","37","84"
"府中","15","69","84"
"年进","47","37","84"
"是朝","5","79","84"
"征召","2","82","84"
"讨之","81","3","84"
"军为","49","35","84"
"每月","11","73","84"
"后就","8","76","84"
"时不","23","61","84"
"之乐","41","43","84"
"兵出","41","43","84"
"战而","35","49","84"
"之兵","55","29","84"
"杀害","6","78","84"
"废黜","5","79","84"
"为吏","35","49","84"
"自行","7","77","84"
"都以","2","82","84"
"左承","5","79","84"
"行祭","3","81","84"
"气入","84","0","84"
"权势","13","71","84"
"心意","1","83","84"
"加任","1","83","84"
"势力","1","83","84"
"全都","0","84","84"
"后面","0","84","84"
"案件","0","84","84"
"世的","0","84","84"
"外面","0","84","84"
"移到","0","84","84"
"很高","0","84","84"
"的子","0","84","84"
"祷降","0","84","84"
"之官","60","23","83"
"太妃","40","43","83"
"不欲","82","1","83"
"而自","34","49","83"
"有能","28","55","83"
"在不","15","68","83"
"然是","1","82","83"
"土木","26","57","83"
"天府","42","41","83"
"军政","36","47","83"
"为徐","40","43","83"
"谯王","44","39","83"
"巴陵","43","40","83"
"柳元","34","49","83"
"白虎","41","42","83"
"田子","37","46","83"
"路都","37","46","83"
"戌朔","83","0","83"
"九人","46","37","83"
"谕使","41","42","83"
"应宫","39","44","83"
"兵一","10","73","83"
"之战","30","53","83"
"受禅","53","30","83"
"之气","40","43","83"
"匹马","6","77","83"
"进用","28","55","83"
"纪纲","64","19","83"
"接连","3","80","83"
"韩维","16","67","83"
"疏请","20","63","83"
"说有","2","81","83"
"辞职","6","77","83"
"定后","3","80","83"
"计策","1","82","83"
"区的","0","83","83"
"造就","0","83","83"
"推算","0","83","83"
"说话","0","83","83"
"武器","0","83","83"
"的战","0","83","83"
"轻易","0","83","83"
"他有","0","83","83"
"打雷","0","83","83"
"城逃","0","83","83"
"其实","40","42","82"
"有其","37","45","82"
"平生","42","40","82"
"无人","32","50","82"
"而来","23","59","82"
"录囚","12","70","82"
"千五","42","40","82"
"年闰","42","40","82"
"休之","38","44","82"
"理生","77","5","82"
"安丰","41","41","82"
"南下","23","59","82"
"厢都","41","41","82"
"重进","40","42","82"
"为门","34","48","82"
"内附","46","36","82"
"尧佐","34","48","82"
"善堂","41","41","82"
"继忠","39","43","82"
"宝文","41","41","82"
"士出","42","40","82"
"李宗","25","57","82"
"吉州","36","46","82"
"赐谥","46","36","82"
"以本","50","32","82"
"仪制","12","70","82"
"与大","41","41","82"
"求解","20","62","82"
"以南","49","33","82"
"称臣","33","49","82"
"事宜","21","61","82"
"将兵","67","15","82"
"后妃","40","42","82"
"待罪","54","28","82"
"果有","18","64","82"
"内地","23","59","82"
"任大","9","73","82"
"燕山","37","45","82"
"周葵","10","72","82"
"言说","2","80","82"
"时出","13","69","82"
"重的","0","82","82"
"混乱","0","82","82"
"的灾","0","82","82"
"的典","0","82","82"
"交付","0","82","82"
"真是","0","82","82"
"么不","0","82","82"
"过是","0","82","82"
"的天","0","82","82"
"得很","0","82","82"
"私下","0","82","82"
"的请","0","82","82"
"派他","0","82","82"
"无忌","38","43","81"
"丹徒","44","37","81"
"缓急","57","24","81"
"于民","52","29","81"
"与太","29","52","81"
"以通","49","32","81"
"治道","43","38","81"
"学之","51","30","81"
"为上","48","33","81"
"书曰","80","1","81"
"有几","9","72","81"
"从而","31","50","81"
"王浚","57","24","81"
"籍田","31","50","81"
"太阴","65","16","81"
"大喜","50","31","81"
"道怜","36","45","81"
"文为","39","42","81"
"九百","41","40","81"
"州有","28","53","81"
"明二","39","42","81"
"千二","41","40","81"
"海王","39","42","81"
"李显","34","47","81"
"信州","35","46","81"
"四度","37","44","81"
"城人","31","50","81"
"修官","41","40","81"
"兵以","54","27","81"
"本州","32","49","81"
"鹿卿","37","44","81"
"于江","58","23","81"
"于西","52","29","81"
"有数","19","62","81"
"五岁","18","63","81"
"刘延","27","54","81"
"理参","17","64","81"
"典礼","28","53","81"
"在内","17","64","81"
"在前","13","68","81"
"丧期","1","80","81"
"事而","22","59","81"
"县尉","25","56","81"
"人对","5","76","81"
"信任","11","70","81"
"政绩","9","72","81"
"宋白","12","69","81"
"出生","3","78","81"
"祭奠","8","73","81"
"会庆","41","40","81"
"李宪","18","63","81"
"蔡卞","18","63","81"
"郭药","20","61","81"
"范成","16","65","81"
"说明","1","80","81"
"许他","1","80","81"
"书的","0","81","81"
"做的","0","81","81"
"选拔","0","81","81"
"绶带","0","81","81"
"亮侵","0","81","81"
"心不","24","56","80"
"天不","13","67","80"
"此后","6","74","80"
"所属","20","60","80"
"仁义","12","68","80"
"以使","19","61","80"
"日一","53","27","80"
"婺州","45","35","80"
"相之","36","44","80"
"尧臣","28","52","80"
"涟水","37","43","80"
"檀道","29","51","80"
"左光","40","40","80"
"为征","32","48","80"
"愍帝","38","42","80"
"临海","37","43","80"
"子少","41","39","80"
"馆大","40","40","80"
"定郡","40","40","80"
"耕种","11","69","80"
"寿皇","45","35","80"
"咨夔","34","46","80"
"从太","17","63","80"
"字子","40","40","80"
"为永","35","45","80"
"能为","48","32","80"
"北郊","33","47","80"
"大行","39","41","80"
"张邵","16","64","80"
"铸钱","34","46","80"
"丧礼","7","73","80"
"孝祖","38","42","80"
"出外","9","71","80"
"擒获","3","77","80"
"风雨","45","35","80"
"乐器","10","70","80"
"司天","36","44","80"
"数月","61","19","80"
"仲舒","39","41","80"
"宫门","28","52","80"
"七星","50","30","80"
"相位","38","42","80"
"又与","32","48","80"
"人陷","79","1","80"
"三岁","29","51","80"
"侥幸","27","53","80"
"相公","42","38","80"
"险要","15","65","80"
"讲读","35","45","80"
"祖先","1","79","80"
"秀州","36","44","80"
"条例","23","57","80"
"两河","39","41","80"
"进呈","10","70","80"
"孝祥","31","49","80"
"台臣","43","37","80"
"心宿","1","79","80"
"慢慢","0","80","80"
"征收","0","80","80"
"的声","0","80","80"
"别的","0","80","80"
"的国","0","80","80"
"的粮","0","80","80"
"代表","0","80","80"
"的好","0","80","80"
"的忠","0","80","80"
"的土","0","80","80"
"因病","0","80","80"
"拿着","0","80","80"
"世后","0","80","80"
"他任","0","80","80"
"轻重","38","41","79"
"梓宫","53","26","79"
"后之","53","26","79"
"以归","67","12","79"
"其意","69","10","79"
"旧法","43","36","79"
"后悔","9","70","79"
"之政","56","23","79"
"奉朝","48","31","79"
"尚之","41","38","79"
"汝南","40","39","79"
"居正","39","40","79"
"为礼","33","46","79"
"其名","59","20","79"
"僧达","32","47","79"
"张永","36","43","79"
"二分","32","47","79"
"将校","39","40","79"
"元兴","40","39","79"
"金陵","40","39","79"
"吕蒙","22","57","79"
"挺之","36","43","79"
"丽国","39","40","79"
"刘正","26","53","79"
"元符","40","39","79"
"师古","39","40","79"
"职任","24","55","79"
"万两","38","41","79"
"皇城","36","43","79"
"略安","41","38","79"
"以保","24","55","79"
"著有","18","61","79"
"粮草","5","74","79"
"不克","72","7","79"
"失守","35","44","79"
"致使","11","68","79"
"年而","48","31","79"
"流行","5","74","79"
"五等","39","40","79"
"是年","70","9","79"
"北极","33","46","79"
"兄长","2","77","79"
"黄金","27","52","79"
"专权","15","64","79"
"大旱","33","46","79"
"色赤","32","47","79"
"在河","14","65","79"
"不好","10","69","79"
"顺从","5","74","79"
"安危","33","46","79"
"论事","49","30","79"
"在黄","3","76","79"
"进军","19","60","79"
"据此","1","78","79"
"禁军","28","51","79"
"武百","7","72","79"
"处耘","37","42","79"
"汝州","37","42","79"
"通行","5","74","79"
"入贡","73","6","79"
"知军","11","68","79"
"陈东","22","57","79"
"书请","19","60","79"
"张宪","23","56","79"
"流传","2","77","79"
"任左","1","78","79"
"小的","1","78","79"
"职责","0","79","79"
"的乐","0","79","79"
"明确","0","79","79"
"士的","0","79","79"
"次出","0","79","79"
"使的","0","79","79"
"召集","0","79","79"
"排列","0","79","79"
"显现","0","79","79"
"以担","0","79","79"
"气进","0","79","79"
"天道","32","46","78"
"除之","74","4","78"
"于大","51","27","78"
"为行","43","35","78"
"能以","39","39","78"
"事有","48","30","78"
"此不","31","47","78"
"以功","71","7","78"
"者多","64","14","78"
"见于","65","13","78"
"以书","73","5","78"
"使献","78","0","78"
"不平","37","41","78"
"其众","70","8","78"
"以告","65","13","78"
"祖为","38","40","78"
"以右","58","20","78"
"二子","63","15","78"
"元二","35","43","78"
"鲜卑","40","38","78"
"又进","15","63","78"
"府事","42","36","78"
"武功","32","46","78"
"都承","39","39","78"
"卫马","39","39","78"
"圣皇","33","45","78"
"女真","39","39","78"
"以观","49","29","78"
"真定","39","39","78"
"讨使","37","41","78"
"制王","40","38","78"
"为两","34","44","78"
"军前","31","47","78"
"城降","60","18","78"
"外国","27","51","78"
"又奏","52","26","78"
"端平","36","42","78"
"万俟","23","55","78"
"过淮","19","59","78"
"疾苦","28","50","78"
"遣中","61","17","78"
"以御","66","12","78"
"元和","40","38","78"
"之役","60","18","78"
"是王","7","71","78"
"小事","15","63","78"
"孙子","6","72","78"
"与李","26","52","78"
"千万","34","44","78"
"白气","44","34","78"
"妖异","1","77","78"
"在长","6","72","78"
"已被","5","73","78"
"国来","26","52","78"
"形状","2","76","78"
"出击","3","75","78"
"生活","1","77","78"
"鄜延","77","1","78"
"秦凤","40","38","78"
"奏对","13","65","78"
"羌人","7","71","78"
"任侍","1","77","78"
"嵩之","58","20","78"
"方向","2","76","78"
"于他","3","75","78"
"缺乏","1","77","78"
"各位","0","78","78"
"消除","0","78","78"
"天空","0","78","78"
"损害","0","78","78"
"求辞","0","78","78"
"但他","0","78","78"
"计谋","0","78","78"
"迁任","0","78","78"
"府知","0","78","78"
"野地","0","78","78"
"城之","49","28","77"
"廷尉","40","37","77"
"蚀之","76","1","77"
"者数","69","8","77"
"象也","77","0","77"
"其说","71","6","77"
"能使","12","65","77"
"南国","39","38","77"
"道为","34","43","77"
"诸子","62","15","77"
"下官","25","52","77"
"不便","50","27","77"
"酉朔","76","1","77"
"澶州","48","29","77"
"知节","37","40","77"
"六千","39","38","77"
"月入","48","29","77"
"建兴","41","36","77"
"寿阳","38","39","77"
"钱塘","32","45","77"
"水陆","41","36","77"
"兵三","39","38","77"
"刘氏","37","40","77"
"经制","42","35","77"
"西制","38","39","77"
"曹成","22","55","77"
"郎王","37","40","77"
"南军","38","39","77"
"赐金","61","16","77"
"如太","41","36","77"
"大宗","39","38","77"
"庆州","32","45","77"
"法不","27","50","77"
"陕州","34","43","77"
"常寺","30","47","77"
"改知","55","22","77"
"以应","51","26","77"
"建威","38","39","77"
"祸害","2","75","77"
"后曰","77","0","77"
"奸臣","26","51","77"
"帝命","27","50","77"
"老人","10","67","77"
"安中","42","35","77"
"江水","23","54","77"
"不战","43","34","77"
"清河","40","37","77"
"再三","27","50","77"
"贤良","35","42","77"
"进取","40","37","77"
"被攻","4","73","77"
"召对","61","16","77"
"丹使","39","38","77"
"诏求","49","28","77"
"落职","65","12","77"
"推行","6","71","77"
"敌兵","24","53","77"
"允则","31","46","77"
"价贵","1","76","77"
"面前","0","77","77"
"的仪","0","77","77"
"忠心","0","77","77"
"说这","0","77","77"
"值得","0","77","77"
"的都","0","77","77"
"被免","0","77","77"
"的要","0","77","77"
"么可","0","77","77"
"生病","0","77","77"
"秋天","0","77","77"
"中说","0","77","77"
"之变","56","20","76"
"以报","47","29","76"
"当之","67","9","76"
"是其","44","32","76"
"楚王","38","38","76"
"有德","30","46","76"
"方明","32","44","76"
"先朝","40","36","76"
"宣城","40","36","76"
"不称","26","50","76"
"者十","64","12","76"
"二三","48","28","76"
"贤人","14","62","76"
"论不","25","51","76"
"下所","40","36","76"
"而还","57","19","76"
"公私","46","30","76"
"主帅","22","54","76"
"一部","20","56","76"
"推恩","56","20","76"
"叹曰","74","2","76"
"民田","47","29","76"
"以万","40","36","76"
"德明","39","37","76"
"都府","43","33","76"
"八人","37","39","76"
"复州","39","37","76"
"郴州","33","43","76"
"李横","31","45","76"
"滁州","34","42","76"
"唐州","34","42","76"
"以吴","50","26","76"
"一岁","34","42","76"
"二度","40","36","76"
"朝会","31","45","76"
"狄青","16","60","76"
"评事","38","38","76"
"为龙","25","51","76"
"率部","19","57","76"
"争之","57","19","76"
"策试","11","65","76"
"又攻","13","63","76"
"国君","11","65","76"
"则是","21","55","76"
"亲王","20","56","76"
"曾祖","38","38","76"
"昼夜","48","28","76"
"器物","13","63","76"
"众多","5","71","76"
"计议","25","51","76"
"留之","70","6","76"
"宗御","49","27","76"
"罢黜","9","67","76"
"附会","22","54","76"
"叛贼","2","74","76"
"痛哭","6","70","76"
"陈希","1","75","76"
"研究","2","74","76"
"几十","3","73","76"
"下了","1","75","76"
"赈济","0","76","76"
"年轻","0","76","76"
"到皇","0","76","76"
"正的","0","76","76"
"兴地","0","76","76"
"勾结","0","76","76"
"劝说","0","76","76"
"特产","0","76","76"
"的妻","0","76","76"
"既至","74","1","75"
"其弟","46","29","75"
"逃亡","15","60","75"
"此以","19","56","75"
"不乐","54","21","75"
"大业","20","55","75"
"称之","36","39","75"
"出京","10","65","75"
"而上","31","44","75"
"世人","8","67","75"
"之三","41","34","75"
"于国","35","40","75"
"家庭","3","72","75"
"外官","24","51","75"
"待之","69","6","75"
"上为","28","47","75"
"第十","32","43","75"
"卫尉","36","39","75"
"陵县","34","41","75"
"单衣","37","38","75"
"荆门","35","40","75"
"颍川","46","29","75"
"军参","34","41","75"
"卫军","27","48","75"
"庆军","36","39","75"
"阳修","31","44","75"
"范纯","29","46","75"
"官爵","31","44","75"
"命赵","8","67","75"
"两路","29","46","75"
"方叔","36","39","75"
"差遣","21","54","75"
"铜仪","36","39","75"
"枣阳","35","40","75"
"傅良","27","48","75"
"言曰","75","0","75"
"自率","18","57","75"
"后将","28","47","75"
"叹息","20","55","75"
"古之","65","10","75"
"卯朔","73","2","75"
"建昌","37","38","75"
"刑法","17","58","75"
"符瑞","19","56","75"
"有六","26","49","75"
"府第","3","72","75"
"大乱","24","51","75"
"王韶","16","59","75"
"惑入","75","0","75"
"人家","10","65","75"
"不多","8","67","75"
"人物","22","53","75"
"统治","2","73","75"
"得知","14","61","75"
"同僚","10","65","75"
"与敌","24","51","75"
"方略","38","37","75"
"南路","34","41","75"
"张齐","32","43","75"
"群盗","45","30","75"
"宗曰","74","1","75"
"余靖","16","59","75"
"保甲","36","39","75"
"安礼","32","43","75"
"宗召","26","49","75"
"高登","2","73","75"
"又因","9","66","75"
"相比","1","74","75"
"的那","0","75","75"
"么办","0","75","75"
"主的","0","75","75"
"会出","0","75","75"
"几天","0","75","75"
"性格","0","75","75"
"的说","0","75","75"
"溃败","0","75","75"
"连续","0","75","75"
"的水","0","75","75"
"期满","0","75","75"
"论的","0","75","75"
"臣被","0","75","75"
"免官","38","36","74"
"疏远","13","61","74"
"是后","44","30","74"
"人者","66","8","74"
"阳城","29","45","74"
"谓曰","74","0","74"
"为贵","36","38","74"
"为陛","37","37","74"
"其二","53","21","74"
"是任","1","73","74"
"治之","64","10","74"
"王贵","26","48","74"
"此人","37","37","74"
"慷慨","33","41","74"
"汉文","35","39","74"
"六合","41","33","74"
"上官","18","56","74"
"身上","1","73","74"
"报答","5","69","74"
"为盗","48","26","74"
"海上","21","53","74"
"其间","59","15","74"
"力争","32","42","74"
"庆福","35","39","74"
"别驾","37","37","74"
"南谯","39","35","74"
"衡阳","37","37","74"
"康三","38","36","74"
"晋太","37","37","74"
"高邮","37","37","74"
"仁赡","35","39","74"
"拱辰","33","41","74"
"为户","30","44","74"
"未朔","73","1","74"
"西宣","37","37","74"
"克家","37","37","74"
"市垣","27","47","74"
"五度","35","39","74"
"祠部","37","37","74"
"缘边","50","24","74"
"知贡","43","31","74"
"民心","16","58","74"
"多死","42","32","74"
"不堪","31","43","74"
"午朔","74","0","74"
"奉表","42","32","74"
"薛安","18","56","74"
"越州","33","41","74"
"其将","57","17","74"
"后周","3","71","74"
"朝后","1","73","74"
"来是","1","73","74"
"使不","42","32","74"
"骚扰","5","69","74"
"不问","47","27","74"
"篡位","27","47","74"
"白金","42","32","74"
"青色","2","72","74"
"有蚀","74","0","74"
"南门","36","38","74"
"人被","5","69","74"
"令说","1","73","74"
"黎州","36","38","74"
"同一","2","72","74"
"傅等","38","36","74"
"两次","1","73","74"
"几千","6","68","74"
"有被","3","71","74"
"有听","4","70","74"
"诬陷","1","73","74"
"的志","0","74","74"
"发出","0","74","74"
"做到","0","74","74"
"的重","0","74","74"
"距离","0","74","74"
"乞求","0","74","74"
"不仅","0","74","74"
"能的","0","74","74"
"行了","0","74","74"
"都认","0","74","74"
"写文","0","74","74"
"亲去","0","74","74"
"兼代","0","74","74"
"廷派","0","74","74"
"被提","0","74","74"
"恰好","0","74","74"
"变星","0","74","74"
"法兴","35","38","73"
"国主","35","38","73"
"帝义","37","36","73"
"生之","50","23","73"
"人曰","73","0","73"
"之用","46","27","73"
"终身","38","35","73"
"性命","17","56","73"
"不和","14","59","73"
"定国","29","44","73"
"不变","18","55","73"
"为吴","38","35","73"
"后以","48","25","73"
"数人","49","24","73"
"时之","55","18","73"
"子曰","34","39","73"
"为荆","44","29","73"
"王弘","25","48","73"
"宁州","36","37","73"
"平西","36","37","73"
"五分","36","37","73"
"嘉三","33","40","73"
"又犯","41","32","73"
"和四","29","44","73"
"新城","36","37","73"
"临淮","37","36","73"
"地志","33","40","73"
"东莞","37","36","73"
"大防","36","37","73"
"路宣","36","37","73"
"京畿","55","18","73"
"钱五","40","33","73"
"紫微","33","40","73"
"行于","45","28","73"
"庙之","50","23","73"
"有八","27","46","73"
"千石","38","35","73"
"四岁","14","59","73"
"州百","3","70","73"
"又出","12","61","73"
"废弃","2","71","73"
"更改","4","69","73"
"丧三","17","56","73"
"奉诏","39","34","73"
"定是","2","71","73"
"近郊","36","37","73"
"王王","10","63","73"
"守备","24","49","73"
"官位","4","69","73"
"灵州","32","41","73"
"赵方","11","62","73"
"斗宿","2","71","73"
"宗时","24","49","73"
"授为","2","71","73"
"责任","4","69","73"
"又升","3","70","73"
"土星","1","72","73"
"的使","0","73","73"
"显示","0","73","73"
"新的","0","73","73"
"没能","0","73","73"
"庄稼","0","73","73"
"动乱","0","73","73"
"很长","0","73","73"
"的权","0","73","73"
"的各","0","73","73"
"的丧","0","73","73"
"对皇","0","73","73"
"生下","0","73","73"
"党羽","0","73","73"
"杖刑","0","73","73"
"朝任","0","73","73"
"壮士","31","41","72"
"可谓","55","17","72"
"事于","56","16","72"
"归正","37","35","72"
"议不","46","26","72"
"其年","71","1","72"
"与人","31","41","72"
"怀帝","33","39","72"
"妇女","14","58","72"
"审官","35","37","72"
"御之","68","4","72"
"言于","70","2","72"
"人言","56","16","72"
"皆有","69","3","72"
"中之","34","38","72"
"令人","19","53","72"
"日晕","36","36","72"
"莫敢","71","1","72"
"中以","35","37","72"
"七万","37","35","72"
"而得","27","45","72"
"入南","37","35","72"
"为豫","42","30","72"
"秦二","36","36","72"
"中护","36","36","72"
"赐死","37","35","72"
"三军","36","36","72"
"晋穆","35","37","72"
"汉武","29","43","72"
"熙三","29","43","72"
"延安","35","37","72"
"奉迎","34","38","72"
"追复","39","33","72"
"等二","33","39","72"
"府路","35","37","72"
"转官","24","48","72"
"说书","36","36","72"
"沈括","11","61","72"
"命李","14","58","72"
"谥文","68","4","72"
"经史","34","38","72"
"举常","37","35","72"
"阳人","32","40","72"
"义士","30","42","72"
"所言","57","15","72"
"先后","27","45","72"
"辰朔","71","1","72"
"邓琬","11","61","72"
"有名","18","54","72"
"受诏","37","35","72"
"大略","37","35","72"
"虽不","59","13","72"
"失其","61","11","72"
"者为","61","11","72"
"日行","68","4","72"
"八万","36","36","72"
"又到","3","69","72"
"有变","19","53","72"
"为忧","56","16","72"
"流涕","43","29","72"
"帝又","23","49","72"
"名山","33","39","72"
"有为","43","29","72"
"诏赐","44","28","72"
"名士","31","41","72"
"内有","29","43","72"
"将刘","27","45","72"
"我是","5","67","72"
"来献","52","20","72"
"仪仗","11","61","72"
"放纵","3","69","72"
"物不","21","51","72"
"是指","2","70","72"
"要害","31","41","72"
"贬降","4","68","72"
"我所","3","69","72"
"我国","4","68","72"
"使契","40","32","72"
"毋得","72","0","72"
"章献","33","39","72"
"王岩","13","59","72"
"有利","3","69","72"
"张栻","26","46","72"
"伪学","32","40","72"
"开禧","32","40","72"
"赠少","43","29","72"
"余玠","31","41","72"
"讯问","1","71","72"
"表现","0","72","72"
"钱财","0","72","72"
"伤害","0","72","72"
"他上","0","72","72"
"表明","0","72","72"
"的表","0","72","72"
"在路","0","72","72"
"了三","0","72","72"
"补任","0","72","72"
"四个","0","72","72"
"学的","0","72","72"
"所上","41","30","71"
"而言","37","34","71"
"之半","68","3","71"
"政之","50","21","71"
"事也","56","15","71"
"时王","32","39","71"
"诋毁","5","66","71"
"示将","2","69","71"
"以谢","46","25","71"
"德祖","34","37","71"
"强盗","16","55","71"
"于金","50","21","71"
"军不","21","50","71"
"言其","70","1","71"
"犯南","35","36","71"
"有星","49","22","71"
"为前","37","34","71"
"河西","33","38","71"
"岳州","33","38","71"
"衡州","32","39","71"
"为昭","23","48","71"
"路兵","35","36","71"
"修起","34","37","71"
"忠武","35","36","71"
"张方","17","54","71"
"金州","33","38","71"
"讲学","34","37","71"
"宗尹","37","34","71"
"等以","59","12","71"
"崇信","36","35","71"
"虎臣","37","34","71"
"常丞","36","35","71"
"都转","34","37","71"
"孙恩","25","46","71"
"逾年","70","1","71"
"安北","38","33","71"
"廷不","21","50","71"
"奉行","31","40","71"
"不时","48","23","71"
"申朔","71","0","71"
"去极","70","1","71"
"祖在","7","64","71"
"一篇","21","50","71"
"畏惧","3","68","71"
"遣张","47","24","71"
"井中","33","38","71"
"城西","31","40","71"
"人得","17","54","71"
"出朝","3","68","71"
"恩宠","10","61","71"
"任其","21","50","71"
"与刘","35","36","71"
"自强","35","36","71"
"依附","1","70","71"
"夏税","35","36","71"
"祗候","41","30","71"
"囚罪","68","3","71"
"德音","39","32","71"
"都堂","41","30","71"
"宗下","3","68","71"
"近年","10","61","71"
"世衡","33","38","71"
"来说","2","69","71"
"方便","1","70","71"
"端正","1","70","71"
"理的","0","71","71"
"成了","0","71","71"
"觉得","0","71","71"
"就要","0","71","71"
"的两","0","71","71"
"下达","0","71","71"
"到东","0","71","71"
"的三","0","71","71"
"大火","29","41","70"
"以十","48","22","70"
"使有","30","40","70"
"谓其","70","0","70"
"日而","63","7","70"
"乱之","39","31","70"
"不悦","64","6","70"
"为长","37","33","70"
"去官","21","49","70"
"王世","42","28","70"
"至京","58","12","70"
"不法","47","23","70"
"讨平","43","27","70"
"于其","45","25","70"
"将官","22","48","70"
"南秦","34","36","70"
"书丞","39","31","70"
"葛亮","28","42","70"
"明五","33","37","70"
"永安","35","35","70"
"永昌","35","35","70"
"宁二","32","38","70"
"州地","42","28","70"
"其地","54","16","70"
"出宫","21","49","70"
"江制","35","35","70"
"宿之","15","55","70"
"责授","65","5","70"
"军府","29","41","70"
"五路","40","30","70"
"诸司","51","19","70"
"迁太","65","5","70"
"休息","16","54","70"
"汉高","32","38","70"
"登城","34","36","70"
"五六","36","34","70"
"章郡","7","63","70"
"皆为","65","5","70"
"亥朔","70","0","70"
"而逃","6","64","70"
"应对","7","63","70"
"到十","16","54","70"
"李氏","35","35","70"
"代旧","2","68","70"
"里之","31","39","70"
"地有","20","50","70"
"赤乌","33","37","70"
"为旱","66","4","70"
"谷不","49","21","70"
"中山","35","35","70"
"龙见","70","0","70"
"月一","11","59","70"
"府库","27","43","70"
"在家","8","62","70"
"勇敢","9","61","70"
"严禁","6","64","70"
"中承","1","69","70"
"精通","1","69","70"
"旧例","5","65","70"
"王济","2","68","70"
"日子","1","69","70"
"死在","0","70","70"
"每每","0","70","70"
"的生","0","70","70"
"的第","0","70","70"
"带来","0","70","70"
"减轻","0","70","70"
"的头","0","70","70"
"走了","0","70","70"
"所生","56","13","69"
"魏王","32","37","69"
"德之","44","25","69"
"其次","32","37","69"
"者有","40","29","69"
"路有","5","64","69"
"君之","57","12","69"
"相与","57","12","69"
"恐不","44","25","69"
"人将","16","53","69"
"官以","39","30","69"
"两官","25","44","69"
"之忧","48","21","69"
"亦以","68","1","69"
"而退","37","32","69"
"上流","46","23","69"
"之患","45","24","69"
"冀二","35","34","69"
"镇北","35","34","69"
"袁粲","15","54","69"
"史沈","35","34","69"
"成王","31","38","69"
"下至","38","31","69"
"第四","26","43","69"
"马休","26","43","69"
"明七","34","35","69"
"高平","35","34","69"
"东阳","34","35","69"
"为给","24","45","69"
"惟忠","35","34","69"
"智高","32","37","69"
"中等","23","46","69"
"澶渊","35","34","69"
"保宁","34","35","69"
"以赵","51","18","69"
"国宫","34","35","69"
"仓库","16","53","69"
"西上","35","34","69"
"天禧","30","39","69"
"清昭","34","35","69"
"士及","29","40","69"
"常博","35","34","69"
"必不","61","8","69"
"以实","36","33","69"
"见不","8","61","69"
"紫光","35","34","69"
"军校","34","35","69"
"梁山","34","35","69"
"击破","25","44","69"
"典章","10","59","69"
"改正","18","51","69"
"御殿","51","18","69"
"以刘","45","24","69"
"同上","31","38","69"
"已有","15","54","69"
"保卫","2","67","69"
"在军","12","57","69"
"来就","2","67","69"
"手书","38","31","69"
"守御","36","33","69"
"后被","4","65","69"
"八岁","8","61","69"
"割地","34","35","69"
"用一","11","58","69"
"夺取","2","67","69"
"不拜","64","5","69"
"一方","15","54","69"
"用不","28","41","69"
"成就","5","64","69"
"进一","30","39","69"
"是到","1","68","69"
"七岁","11","58","69"
"左谏","35","34","69"
"张咏","9","60","69"
"陈彭","8","61","69"
"蕲州","39","30","69"
"道学","28","41","69"
"仇悆","8","61","69"
"贫困","2","67","69"
"是出","4","65","69"
"正确","1","68","69"
"就应","0","69","69"
"弊病","0","69","69"
"出的","0","69","69"
"星的","0","69","69"
"的这","0","69","69"
"期间","0","69","69"
"庙的","0","69","69"
"是就","0","69","69"
"继续","0","69","69"
"到天","0","69","69"
"审讯","0","69","69"
"到大","0","69","69"
"劾他","0","69","69"
"担忧","0","69","69"
"联合","0","69","69"
"降冰","0","69","69"
"以北","39","29","68"
"神明","24","44","68"
"之书","41","27","68"
"之世","47","21","68"
"黄钟","33","35","68"
"则天","58","10","68"
"多有","16","52","68"
"民多","43","25","68"
"亡之","48","20","68"
"以有","27","41","68"
"之弊","57","11","68"
"以中","54","14","68"
"将以","52","16","68"
"两宫","40","28","68"
"为奸","38","30","68"
"以言","61","7","68"
"谕之","67","1","68"
"为二","36","32","68"
"置之","48","20","68"
"沙王","33","35","68"
"为元","37","31","68"
"到彦","28","40","68"
"思话","33","35","68"
"二尺","34","34","68"
"宣王","29","39","68"
"武冠","35","33","68"
"以四","46","22","68"
"始元","34","34","68"
"安二","35","33","68"
"陈留","34","34","68"
"济南","33","35","68"
"齐国","19","49","68"
"陵太","35","33","68"
"兼门","36","32","68"
"卢多","27","41","68"
"房州","32","36","68"
"李允","12","56","68"
"权参","62","6","68"
"李壁","11","57","68"
"阳府","37","31","68"
"府参","35","33","68"
"带御","33","35","68"
"御器","34","34","68"
"阁校","33","35","68"
"主忧","61","7","68"
"以军","42","26","68"
"理评","35","33","68"
"书少","35","33","68"
"绍定","21","47","68"
"县人","19","49","68"
"延年","30","38","68"
"周翰","20","48","68"
"万匹","34","34","68"
"伏兵","28","40","68"
"国内","13","55","68"
"头城","10","58","68"
"元凶","33","35","68"
"功业","11","57","68"
"所居","47","21","68"
"贡献","7","61","68"
"王华","15","53","68"
"都为","4","64","68"
"为使","35","33","68"
"及诸","54","14","68"
"失误","1","67","68"
"东门","37","31","68"
"一句","13","55","68"
"能用","20","48","68"
"驱逐","4","64","68"
"财产","5","63","68"
"在淮","8","60","68"
"丧失","3","65","68"
"坐在","2","66","68"
"国寺","33","35","68"
"上诏","5","63","68"
"又下","4","64","68"
"争相","6","62","68"
"入寇","59","9","68"
"告祭","3","65","68"
"钱物","14","54","68"
"夏州","31","37","68"
"政务","2","66","68"
"蔡攸","24","44","68"
"又论","41","27","68"
"康伯","34","34","68"
"言路","34","34","68"
"给金","4","64","68"
"凌犯","5","63","68"
"昴宿","6","62","68"
"也可","1","67","68"
"人口","1","67","68"
"是将","4","64","68"
"陈亮","2","66","68"
"私自","3","65","68"
"想到","0","68","68"
"惭愧","0","68","68"
"平常","0","68","68"
"确的","0","68","68"
"士们","0","68","68"
"祖到","0","68","68"
"长的","0","68","68"
"胜利","0","68","68"
"队的","0","68","68"
"定下","0","68","68"
"存在","0","68","68"
"他自","0","68","68"
"紧急","0","68","68"
"着说","0","68","68"
"很不","0","68","68"
"守的","0","68","68"
"宗对","0","68","68"
"暂且","0","68","68"
"的星","0","68","68"
"治乱","34","33","67"
"论之","59","8","67"
"为首","29","38","67"
"阳之","52","15","67"
"见高","7","60","67"
"言语","17","50","67"
"和之","42","25","67"
"所用","30","37","67"
"从征","58","9","67"
"民有","39","28","67"
"余党","38","29","67"
"无罪","36","31","67"
"论其","62","5","67"
"九渊","15","52","67"
"中领","34","33","67"
"以左","53","14","67"
"西大","33","34","67"
"为卫","24","43","67"
"军费","24","43","67"
"仁为","30","37","67"
"追尊","29","38","67"
"杀其","47","20","67"
"进为","22","45","67"
"冯拯","29","38","67"
"检使","34","33","67"
"德皇","32","35","67"
"张知","15","52","67"
"宫女","24","43","67"
"事以","47","20","67"
"浚为","29","38","67"
"士王","32","35","67"
"浑天","22","45","67"
"路军","21","46","67"
"官其","62","5","67"
"昌军","35","32","67"
"抚州","32","35","67"
"使刘","35","32","67"
"德初","33","34","67"
"与张","27","40","67"
"元显","35","32","67"
"孟昶","30","37","67"
"事参","31","36","67"
"第五","27","40","67"
"下为","35","32","67"
"礼乐","29","38","67"
"郑玄","26","41","67"
"雨雪","49","18","67"
"禁兵","33","34","67"
"子女","29","38","67"
"是又","6","61","67"
"月三","13","54","67"
"广德","34","33","67"
"驾车","2","65","67"
"以图","42","25","67"
"白入","66","1","67"
"有言","51","16","67"
"宴饮","8","59","67"
"并说","1","66","67"
"史书","3","64","67"
"能成","12","55","67"
"招致","5","62","67"
"诏谕","36","31","67"
"蜀人","34","33","67"
"和殿","32","35","67"
"师中","33","34","67"
"叔夜","32","35","67"
"彦舟","33","34","67"
"国书","23","44","67"
"力辞","52","15","67"
"法星","3","64","67"
"饥饿","5","62","67"
"边地","5","62","67"
"轻视","2","65","67"
"才得","3","64","67"
"臣说","1","66","67"
"占验","2","65","67"
"向西","1","66","67"
"享受","0","67","67"
"忘记","0","67","67"
"的内","0","67","67"
"的车","0","67","67"
"进去","0","67","67"
"向他","0","67","67"
"稍微","0","67","67"
"的赏","0","67","67"
"被封","0","67","67"
"也被","0","67","67"
"制的","0","67","67"
"大规","0","67","67"
"异之","57","9","66"
"存亡","35","31","66"
"议以","59","7","66"
"以尚","53","13","66"
"其文","56","10","66"
"之众","50","16","66"
"而至","34","32","66"
"定不","6","60","66"
"士民","40","26","66"
"官者","44","22","66"
"时为","44","22","66"
"可也","64","2","66"
"旗帜","13","53","66"
"城东","32","34","66"
"沈庆","29","37","66"
"义兴","32","34","66"
"游击","33","33","66"
"万四","34","32","66"
"布帛","14","52","66"
"在山","6","60","66"
"帝升","34","32","66"
"明三","31","35","66"
"和三","22","44","66"
"知开","39","27","66"
"南院","33","33","66"
"向敏","29","37","66"
"三路","28","38","66"
"部落","22","44","66"
"元佐","30","36","66"
"都巡","33","33","66"
"李若","23","43","66"
"著为","39","27","66"
"抚大","32","34","66"
"官属","41","25","66"
"兼同","36","30","66"
"下省","23","43","66"
"者二","47","19","66"
"南转","32","34","66"
"功郎","33","33","66"
"隐居","17","49","66"
"行军","23","43","66"
"宋臣","31","35","66"
"济王","32","34","66"
"六度","33","33","66"
"知河","42","24","66"
"祥瑞","13","53","66"
"绍熙","27","39","66"
"言官","12","54","66"
"松年","31","35","66"
"日以","59","7","66"
"军之","39","27","66"
"北军","41","25","66"
"寅朔","65","1","66"
"后人","21","45","66"
"令刘","7","59","66"
"度数","10","56","66"
"行一","15","51","66"
"既已","22","44","66"
"功德","17","49","66"
"王时","23","43","66"
"南渡","30","36","66"
"为君","26","40","66"
"合并","1","65","66"
"交趾","12","54","66"
"方正","31","35","66"
"便殿","33","33","66"
"家属","14","52","66"
"廷大","10","56","66"
"生长","6","60","66"
"道义","3","63","66"
"人知","25","41","66"
"年来","12","54","66"
"人请","22","44","66"
"徽州","29","37","66"
"路监","34","32","66"
"总制","32","34","66"
"待遇","7","59","66"
"大渊","31","35","66"
"居仁","24","42","66"
"通晓","2","64","66"
"起草","3","63","66"
"后再","3","63","66"
"性情","1","65","66"
"赴任","1","65","66"
"的关","0","66","66"
"类的","0","66","66"
"的变","0","66","66"
"概是","0","66","66"
"人很","0","66","66"
"服的","0","66","66"
"更换","0","66","66"
"答复","0","66","66"
"了十","0","66","66"
"仅仅","0","66","66"
"南的","0","66","66"
"败敌","0","66","66"
"到行","0","66","66"
"道也","48","17","65"
"即以","62","3","65"
"以济","60","5","65"
"是与","13","52","65"
"延孙","28","37","65"
"常以","45","20","65"
"步骑","50","15","65"
"催促","3","62","65"
"减膳","46","19","65"
"以免","16","49","65"
"上前","28","37","65"
"听命","26","39","65"
"县侯","32","33","65"
"德为","34","31","65"
"萧思","30","35","65"
"道覆","32","33","65"
"帝景","34","31","65"
"凉州","31","34","65"
"鲁国","26","39","65"
"高阳","32","33","65"
"阳令","36","29","65"
"怀德","35","30","65"
"记室","32","33","65"
"时在","17","48","65"
"守信","27","38","65"
"乾元","34","31","65"
"为内","36","29","65"
"廷召","12","53","65"
"彦为","26","39","65"
"李邦","24","41","65"
"浩为","27","38","65"
"汪澈","11","54","65"
"舒州","29","36","65"
"进秩","54","11","65"
"定十","14","51","65"
"又兼","15","50","65"
"端拱","29","36","65"
"环州","30","35","65"
"山县","27","38","65"
"院编","33","32","65"
"定元","31","34","65"
"而在","15","50","65"
"等率","24","41","65"
"所过","39","26","65"
"兵于","48","17","65"
"为益","32","33","65"
"正当","14","51","65"
"又加","25","40","65"
"太极","34","31","65"
"以给","45","20","65"
"汉章","33","32","65"
"星是","2","63","65"
"在三","17","48","65"
"行大","10","55","65"
"北地","30","35","65"
"府君","22","43","65"
"殷祭","12","53","65"
"奉祀","6","59","65"
"吴王","17","48","65"
"他出","1","64","65"
"水中","14","51","65"
"古以","9","56","65"
"人上","13","52","65"
"四字","35","30","65"
"为己","38","27","65"
"军于","48","17","65"
"奢侈","4","61","65"
"发大","7","58","65"
"不予","8","57","65"
"庙庭","33","32","65"
"刘安","12","53","65"
"刘诞","1","64","65"
"宠爱","2","63","65"
"遂幸","65","0","65"
"州推","31","34","65"
"丹军","3","62","65"
"合祭","12","53","65"
"市易","34","31","65"
"御笔","37","28","65"
"孔彦","29","36","65"
"世将","33","32","65"
"时金","32","33","65"
"西和","30","35","65"
"减免","3","62","65"
"叶颙","13","52","65"
"测验","33","32","65"
"铸造","1","64","65"
"一一","8","57","65"
"策略","1","64","65"
"的十","1","64","65"
"广泛","0","65","65"
"很快","0","65","65"
"内容","0","65","65"
"者的","0","65","65"
"考查","0","65","65"
"物品","0","65","65"
"撰写","0","65","65"
"的就","0","65","65"
"的先","0","65","65"
"他对","0","65","65"
"纳了","0","65","65"
"已故","0","65","65"
"四颗","0","65","65"
"押囚","0","65","65"
"是旱","0","65","65"
"得人","38","26","64"
"史臣","34","30","64"
"门生","32","32","64"
"所见","42","22","64"
"海西","34","30","64"
"心之","52","12","64"
"乘之","56","8","64"
"一朝","40","24","64"
"当有","33","31","64"
"罪人","29","35","64"
"处之","51","13","64"
"与天","32","32","64"
"失利","29","35","64"
"之志","52","12","64"
"觊之","26","38","64"
"于中","47","17","64"
"约束","15","49","64"
"诏三","39","25","64"
"应之","45","19","64"
"攻之","59","5","64"
"子詹","31","33","64"
"四郡","34","30","64"
"王燮","34","30","64"
"张氏","25","39","64"
"铜印","38","26","64"
"星孛","64","0","64"
"以皇","38","26","64"
"白兔","32","32","64"
"为山","33","31","64"
"胜军","31","33","64"
"副之","64","0","64"
"忠厚","24","40","64"
"校勘","29","35","64"
"荫补","28","36","64"
"至道","30","34","64"
"州王","32","32","64"
"谥忠","62","2","64"
"崇矩","31","33","64"
"彦约","21","43","64"
"东下","19","45","64"
"入之","59","5","64"
"遣其","56","8","64"
"等使","58","6","64"
"诸生","49","15","64"
"朝臣","26","38","64"
"歌咏","5","59","64"
"取其","46","18","64"
"可见","21","43","64"
"者一","35","29","64"
"人是","2","62","64"
"省官","25","39","64"
"人数","14","50","64"
"袁顗","13","51","64"
"贫穷","3","61","64"
"二次","3","61","64"
"还在","2","62","64"
"在任","11","53","64"
"赠给","2","62","64"
"祖谦","23","41","64"
"人能","4","60","64"
"宗因","6","58","64"
"之宿","2","62","64"
"宣祖","28","36","64"
"小吏","21","43","64"
"等上","47","17","64"
"诏两","43","21","64"
"劝谏","1","63","64"
"上召","7","57","64"
"可行","33","31","64"
"遵守","3","61","64"
"师旦","30","34","64"
"牛皋","17","47","64"
"诽谤","4","60","64"
"犯法","14","50","64"
"是请","4","60","64"
"显贵","4","60","64"
"从他","1","63","64"
"验证","1","63","64"
"州时","1","63","64"
"等的","0","64","64"
"上是","0","64","64"
"演奏","0","64","64"
"的安","0","64","64"
"的度","0","64","64"
"反对","0","64","64"
"近的","0","64","64"
"措施","0","64","64"
"做了","0","64","64"
"是你","0","64","64"
"原先","0","64","64"
"进宫","0","64","64"
"的正","0","64","64"
"的中","0","64","64"
"靠近","0","64","64"
"得了","0","64","64"
"的称","0","64","64"
"认识","0","64","64"
"任秘","0","64","64"
"配祭","0","64","64"
"于时","58","5","63"
"于一","26","37","63"
"臣闻","58","5","63"
"代以","20","43","63"
"诏大","42","21","63"
"不免","41","22","63"
"其应","46","17","63"
"之任","41","22","63"
"之谋","52","11","63"
"之术","48","15","63"
"能有","16","47","63"
"正为","22","41","63"
"子以","40","23","63"
"发怒","6","57","63"
"当世","31","32","63"
"东郡","34","29","63"
"岁月","38","25","63"
"士知","46","17","63"
"民户","28","35","63"
"母忧","63","0","63"
"以旱","60","3","63"
"命中","21","42","63"
"者皆","62","1","63"
"诛之","62","1","63"
"廷之","38","25","63"
"以用","21","42","63"
"官田","31","32","63"
"录尚","32","31","63"
"万七","32","31","63"
"文皇","36","27","63"
"长民","30","33","63"
"右执","32","31","63"
"庐江","33","30","63"
"诏监","40","23","63"
"使以","44","19","63"
"显谟","37","26","63"
"东提","31","32","63"
"司公","31","32","63"
"吴猎","12","51","63"
"东转","31","32","63"
"夔路","34","29","63"
"夏贵","28","35","63"
"乾象","63","0","63"
"贵臣","32","31","63"
"同心","20","43","63"
"县主","23","40","63"
"万斛","35","28","63"
"物资","2","61","63"
"相遇","6","57","63"
"同党","4","59","63"
"事无","39","24","63"
"海道","38","25","63"
"大礼","29","34","63"
"音律","10","53","63"
"侵扰","9","54","63"
"不忘","31","32","63"
"各部","1","62","63"
"正殿","33","30","63"
"有白","29","34","63"
"大宋","18","45","63"
"令张","6","57","63"
"称帝","6","57","63"
"生在","2","61","63"
"数年","45","18","63"
"不少","29","34","63"
"主不","26","37","63"
"方之","38","25","63"
"经营","13","50","63"
"入京","13","50","63"
"有军","7","56","63"
"圣贤","18","45","63"
"不喜","19","44","63"
"又将","10","53","63"
"子和","5","58","63"
"溢出","1","62","63"
"土功","59","4","63"
"谗言","4","59","63"
"张畅","1","62","63"
"还朝","42","21","63"
"召入","33","30","63"
"是可","5","58","63"
"三镇","31","32","63"
"诸道","56","7","63"
"郓州","33","30","63"
"颍州","34","29","63"
"潮州","31","32","63"
"庆殿","31","32","63"
"湖制","31","32","63"
"一路","27","36","63"
"人战","47","16","63"
"门事","32","31","63"
"师成","28","35","63"
"方腊","20","43","63"
"胡铨","33","30","63"
"金贺","63","0","63"
"来报","6","57","63"
"师点","22","41","63"
"约定","1","62","63"
"宗立","52","11","63"
"传达","4","59","63"
"上对","2","61","63"
"莘老","24","39","63"
"降职","1","62","63"
"满足","0","63","63"
"想让","0","63","63"
"过的","0","63","63"
"叫做","0","63","63"
"顺应","0","63","63"
"是要","0","63","63"
"但没","0","63","63"
"来后","0","63","63"
"予他","0","63","63"
"曾说","0","63","63"
"色绶","0","63","63"
"下冰","0","63","63"
"被调","0","63","63"
"名叫","0","63","63"
"弹勃","0","63","63"
"道规","30","32","62"
"不服","20","42","62"
"降大","4","58","62"
"一家","25","37","62"
"事为","36","26","62"
"则以","48","14","62"
"兴之","43","19","62"
"问之","59","3","62"
"州治","25","37","62"
"无复","61","1","62"
"处分","45","17","62"
"之机","35","27","62"
"无为","30","32","62"
"行赏","26","36","62"
"公论","33","29","62"
"止之","61","1","62"
"者之","51","11","62"
"视疾","62","0","62"
"而复","55","7","62"
"祠禄","20","42","62"
"知名","37","25","62"
"而用","37","25","62"
"宋国","8","54","62"
"骁骑","33","29","62"
"南蛮","32","30","62"
"南侵","19","43","62"
"兴宗","32","30","62"
"太社","26","36","62"
"南西","25","37","62"
"如雷","34","28","62"
"苻坚","21","41","62"
"山崩","29","33","62"
"滑台","31","31","62"
"侍省","30","32","62"
"国长","30","32","62"
"天圣","26","36","62"
"吕大","26","36","62"
"驻军","18","44","62"
"领所","21","41","62"
"宜州","28","34","62"
"行简","30","32","62"
"淮制","31","31","62"
"以陈","41","21","62"
"为福","18","44","62"
"永元","32","30","62"
"延钊","30","32","62"
"会要","32","30","62"
"参政","34","28","62"
"兼国","37","25","62"
"干办","31","31","62"
"江阴","31","31","62"
"战士","30","32","62"
"军人","24","38","62"
"还京","48","14","62"
"不进","27","35","62"
"吏不","29","33","62"
"臣请","38","24","62"
"钱一","23","39","62"
"刘秀","16","46","62"
"受天","6","56","62"
"男女","27","35","62"
"人与","24","38","62"
"其母","43","19","62"
"说后","1","61","62"
"以表","5","57","62"
"而使","22","40","62"
"王不","22","40","62"
"法官","20","42","62"
"又主","29","33","62"
"日期","2","60","62"
"户口","22","40","62"
"浚以","50","12","62"
"谢灵","4","58","62"
"连年","14","48","62"
"南地","23","39","62"
"赐钱","41","21","62"
"门不","22","40","62"
"是同","1","61","62"
"陆路","4","58","62"
"为直","6","56","62"
"拜为","3","59","62"
"武胜","30","32","62"
"门祗","36","26","62"
"封事","41","21","62"
"部兵","47","15","62"
"举所","32","30","62"
"居于","7","55","62"
"赋役","15","47","62"
"遵裕","24","38","62"
"事都","3","59","62"
"工作","5","57","62"
"李彦","25","37","62"
"人又","6","56","62"
"兵数","36","26","62"
"后退","3","59","62"
"李椿","7","55","62"
"任将","10","52","62"
"史嵩","42","20","62"
"此星","1","61","62"
"说出","1","61","62"
"前一","6","56","62"
"牵连","3","59","62"
"就以","3","59","62"
"蒙受","1","61","62"
"商量","1","61","62"
"越来","0","62","62"
"来越","0","62","62"
"人没","0","62","62"
"目的","0","62","62"
"发布","0","62","62"
"学说","0","62","62"
"从未","0","62","62"
"迁到","0","62","62"
"擅长","0","62","62"
"估计","0","62","62"
"人员","0","62","62"
"利的","0","62","62"
"接近","0","62","62"
"委托","0","62","62"
"承担","0","62","62"
"双方","0","62","62"
"的马","0","62","62"
"平息","0","62","62"
"刮大","0","62","62"
"蝗灾","0","62","62"
"干象","0","62","62"
"献特","0","62","62"
"乘坐","0","62","62"
"上以","50","11","61"
"多所","57","4","61"
"人士","11","50","61"
"世不","36","25","61"
"未及","56","5","61"
"乃止","60","1","61"
"一事","32","29","61"
"或有","43","18","61"
"以久","55","6","61"
"而生","38","23","61"
"之也","47","14","61"
"籍没","10","51","61"
"为世","32","29","61"
"东将","33","28","61"
"秣陵","30","31","61"
"交会","18","43","61"
"和六","27","34","61"
"犯左","29","32","61"
"三县","23","38","61"
"平阳","30","31","61"
"封尹","31","30","61"
"山南","31","30","61"
"雷州","29","32","61"
"阁修","28","33","61"
"兴化","31","30","61"
"参谋","27","34","61"
"陵府","38","23","61"
"州教","28","33","61"
"知审","32","29","61"
"许州","26","35","61"
"洪咨","16","45","61"
"辛弃","9","52","61"
"保持","4","57","61"
"无功","39","22","61"
"宫人","35","26","61"
"公议","38","23","61"
"时以","37","24","61"
"随时","18","43","61"
"人从","10","51","61"
"国大","23","38","61"
"守文","29","32","61"
"上寿","46","15","61"
"报国","32","29","61"
"出其","43","18","61"
"他入","1","60","61"
"西门","30","31","61"
"中允","31","30","61"
"人和","5","56","61"
"以直","33","28","61"
"张林","13","48","61"
"博学","26","35","61"
"实是","2","59","61"
"时正","4","57","61"
"为政","34","27","61"
"交结","20","41","61"
"知永","36","25","61"
"裁减","7","54","61"
"密州","27","34","61"
"地于","57","4","61"
"是没","1","60","61"
"请皇","8","53","61"
"徐禧","10","51","61"
"赠官","22","39","61"
"副将","12","49","61"
"调遣","14","47","61"
"陈康","28","33","61"
"曾觌","29","32","61"
"洪迈","6","55","61"
"星属","27","34","61"
"河在","3","58","61"
"下去","2","59","61"
"到宫","1","60","61"
"逼近","3","58","61"
"旁边","0","61","61"
"物的","0","61","61"
"就没","0","61","61"
"实现","0","61","61"
"永远","0","61","61"
"的成","0","61","61"
"干旱","0","61","61"
"只要","0","61","61"
"的遗","0","61","61"
"到处","0","61","61"
"十个","0","61","61"
"患病","0","61","61"
"辅助","0","61","61"
"置在","0","61","61"
"令的","0","61","61"
"三颗","0","61","61"
"到玉","0","61","61"
"到建","0","61","61"
"问记","0","61","61"
"年新","0","61","61"
"为所","44","16","60"
"书以","48","12","60"
"月之","39","21","60"
"讲武","33","27","60"
"班固","29","31","60"
"王敦","28","32","60"
"知人","32","28","60"
"临朝","26","34","60"
"人臣","37","23","60"
"不豫","60","0","60"
"新亭","30","30","60"
"为重","33","27","60"
"身不","26","34","60"
"臣在","16","44","60"
"解释","7","53","60"
"为然","37","23","60"
"诚心","13","47","60"
"论奏","23","37","60"
"为雍","31","29","60"
"蛮校","29","31","60"
"吐谷","23","37","60"
"谷浑","23","37","60"
"军沈","31","29","60"
"虎贲","31","29","60"
"下都","5","55","60"
"桓温","32","28","60"
"康四","30","30","60"
"建三","28","32","60"
"都大","33","27","60"
"白虹","37","23","60"
"康地","28","32","60"
"王文","19","41","60"
"为本","25","35","60"
"淑妃","30","30","60"
"通问","35","25","60"
"为湖","28","32","60"
"封还","35","25","60"
"散关","27","33","60"
"赵与","17","43","60"
"举江","30","30","60"
"监丞","31","29","60"
"疏言","59","1","60"
"府兼","31","29","60"
"华文","30","30","60"
"梦炎","29","31","60"
"一寸","26","34","60"
"有喜","20","40","60"
"铁骑","32","28","60"
"馆修","30","30","60"
"以正","39","21","60"
"邢昺","8","52","60"
"代州","25","35","60"
"泸州","35","25","60"
"祖以","51","9","60"
"得志","33","27","60"
"复之","47","13","60"
"敢不","30","30","60"
"朝堂","30","30","60"
"为宋","20","40","60"
"年租","27","33","60"
"垣护","10","50","60"
"子在","10","50","60"
"令以","30","30","60"
"又从","22","38","60"
"纲纪","20","40","60"
"分道","37","23","60"
"位之","27","33","60"
"子一","12","48","60"
"庙中","6","54","60"
"越王","30","30","60"
"议定","6","54","60"
"功名","27","33","60"
"被斩","1","59","60"
"却之","59","1","60"
"常有","18","42","60"
"向上","2","58","60"
"引用","9","51","60"
"援兵","22","38","60"
"遁去","60","0","60"
"渭州","26","34","60"
"后殿","29","31","60"
"遗留","17","43","60"
"尹洙","12","48","60"
"边备","38","22","60"
"知潭","42","18","60"
"谏院","25","35","60"
"林栗","7","53","60"
"汝砺","27","33","60"
"主和","39","21","60"
"制张","29","31","60"
"吕祉","16","44","60"
"遣完","35","25","60"
"不符","1","59","60"
"利于","17","43","60"
"恳切","8","52","60"
"为第","19","41","60"
"是自","2","58","60"
"对人","2","58","60"
"家都","2","58","60"
"仪式","1","59","60"
"盟约","1","59","60"
"义的","0","60","60"
"的同","0","60","60"
"都应","0","60","60"
"是什","0","60","60"
"的记","0","60","60"
"乐的","0","60","60"
"是否","0","60","60"
"占卜","0","60","60"
"确立","0","60","60"
"用这","0","60","60"
"的惩","0","60","60"
"客人","0","60","60"
"抓住","0","60","60"
"击敌","0","60","60"
"见的","0","60","60"
"的气","0","60","60"
"好处","0","60","60"
"的利","0","60","60"
"战的","0","60","60"
"直的","0","60","60"
"着他","0","60","60"
"的西","0","60","60"
"铃辖","0","60","60"
"预先","0","60","60"
"这预","0","60","60"
"被降","0","60","60"
"何为","57","2","59"
"之二","28","31","59"
"之无","51","8","59"
"非其","54","5","59"
"人事","34","25","59"
"护送","17","42","59"
"亦有","58","1","59"
"故不","48","11","59"
"论者","36","23","59"
"其才","44","15","59"
"以生","28","31","59"
"士之","33","26","59"
"得免","46","13","59"
"而能","28","31","59"
"而进","36","23","59"
"使天","22","37","59"
"劫掠","8","51","59"
"二岁","12","47","59"
"虑囚","59","0","59"
"兴以","37","22","59"
"宗谅","26","33","59"
"大体","25","34","59"
"用其","34","25","59"
"主人","10","49","59"
"拒之","57","2","59"
"为特","20","39","59"
"义兵","31","28","59"
"八度","29","30","59"
"正始","32","27","59"
"可胜","38","21","59"
"升平","31","28","59"
"声如","37","22","59"
"门出","21","38","59"
"永宁","30","29","59"
"城令","33","26","59"
"旧名","29","30","59"
"安县","27","32","59"
"千八","33","26","59"
"武宁","30","29","59"
"名进","29","30","59"
"方田","29","30","59"
"士承","29","30","59"
"王渊","28","31","59"
"俊为","24","35","59"
"濮王","46","13","59"
"荆襄","27","32","59"
"镇州","27","32","59"
"论语","27","32","59"
"朝奉","27","32","59"
"而我","8","51","59"
"来攻","21","38","59"
"于京","38","21","59"
"遣军","38","21","59"
"严肃","3","56","59"
"戒严","25","34","59"
"之语","46","13","59"
"道隆","30","29","59"
"在其","19","40","59"
"帝于","39","20","59"
"罪以","32","27","59"
"昌县","28","31","59"
"河朔","31","28","59"
"给钱","25","34","59"
"祖之","45","14","59"
"代为","18","41","59"
"为小","27","32","59"
"宣布","4","55","59"
"为五","25","34","59"
"时也","25","34","59"
"天时","17","42","59"
"拜谒","1","58","59"
"应诏","35","24","59"
"万世","31","28","59"
"以守","40","19","59"
"诸县","46","13","59"
"而大","32","27","59"
"太清","29","30","59"
"天运","6","53","59"
"渡淮","46","13","59"
"而成","19","40","59"
"显著","8","51","59"
"门人","30","29","59"
"德政","11","48","59"
"和年","2","57","59"
"于我","14","45","59"
"对策","13","46","59"
"选用","7","52","59"
"求和","15","44","59"
"生出","3","56","59"
"卿为","24","35","59"
"采石","29","30","59"
"得上","6","53","59"
"龙出","1","58","59"
"罢诸","59","0","59"
"英州","28","31","59"
"刘钅","1","58","59"
"盐法","26","33","59"
"程颢","17","42","59"
"退兵","2","57","59"
"击金","17","42","59"
"范琼","20","39","59"
"杜充","22","37","59"
"京镗","11","48","59"
"宪圣","30","29","59"
"方信","8","51","59"
"祖俭","27","32","59"
"奏言","35","24","59"
"向南","3","56","59"
"说在","1","58","59"
"假如","1","58","59"
"像这","0","59","59"
"见了","0","59","59"
"也应","0","59","59"
"他做","0","59","59"
"天就","0","59","59"
"的任","0","59","59"
"随同","0","59","59"
"凭借","0","59","59"
"定了","0","59","59"
"天晚","0","59","59"
"赶到","0","59","59"
"侦察","0","59","59"
"做法","0","59","59"
"名义","0","59","59"
"临于","0","59","59"
"驻屯","0","59","59"
"草拟","0","59","59"
"特地","0","59","59"
"的旨","0","59","59"
"除各","0","59","59"
"离极","0","59","59"
"关押","0","59","59"
"逋负","58","0","58"
"庙堂","39","19","58"
"一条","4","54","58"
"以周","39","19","58"
"知也","58","0","58"
"天降","9","49","58"
"起于","30","28","58"
"正之","40","18","58"
"宫之","35","23","58"
"明之","37","21","58"
"之舞","27","31","58"
"有此","39","19","58"
"少有","29","29","58"
"新起","1","57","58"
"为通","25","33","58"
"谓为","38","20","58"
"广固","28","30","58"
"天性","20","38","58"
"人中","12","46","58"
"升明","29","29","58"
"公之","38","20","58"
"为神","24","34","58"
"后于","40","18","58"
"以朝","35","23","58"
"视事","47","11","58"
"此地","9","49","58"
"奉使","40","18","58"
"不屈","24","34","58"
"病不","14","44","58"
"为青","26","32","58"
"休范","28","30","58"
"刘怀","19","39","58"
"美人","31","27","58"
"贼众","30","28","58"
"高贵","22","36","58"
"仲堪","27","31","58"
"立国","22","36","58"
"济阴","28","30","58"
"汉属","57","1","58"
"为工","19","39","58"
"庙号","22","36","58"
"种师","24","34","58"
"戚方","25","33","58"
"又诏","39","19","58"
"举洞","29","29","58"
"寿圣","29","29","58"
"大散","25","33","58"
"贾涉","9","49","58"
"下将","10","48","58"
"庆府","33","25","58"
"开元","32","26","58"
"秦王","25","33","58"
"门使","28","30","58"
"光大","6","52","58"
"大都","15","43","58"
"五卷","29","29","58"
"为学","36","22","58"
"阳守","8","50","58"
"处州","27","31","58"
"率所","28","30","58"
"收集","4","54","58"
"皇室","5","53","58"
"季高","30","28","58"
"以长","33","25","58"
"率大","17","41","58"
"巳朔","57","1","58"
"范泰","9","49","58"
"弃市","53","5","58"
"戍兵","30","28","58"
"人张","31","27","58"
"以五","37","21","58"
"在斗","26","32","58"
"改革","7","51","58"
"前日","47","11","58"
"徐爰","24","34","58"
"身为","19","39","58"
"宁三","28","30","58"
"无名","31","27","58"
"于永","37","21","58"
"事奉","1","57","58"
"视朝","47","11","58"
"又属","24","34","58"
"外之","42","16","58"
"相对","7","51","58"
"仙人","25","33","58"
"下兵","43","15","58"
"侵略","9","49","58"
"王在","12","46","58"
"黑子","29","29","58"
"不守","19","39","58"
"相信","3","55","58"
"聚敛","17","41","58"
"要有","5","53","58"
"被除","2","56","58"
"不决","36","22","58"
"运送","1","57","58"
"迷惑","3","55","58"
"交纳","1","57","58"
"拯救","4","54","58"
"幸玉","58","0","58"
"年号","5","53","58"
"嘉奖","16","42","58"
"清宫","27","31","58"
"犯边","28","30","58"
"镇戎","29","29","58"
"任御","3","55","58"
"惟演","28","30","58"
"崇勋","28","30","58"
"贤校","30","28","58"
"经界","30","28","58"
"辞去","3","55","58"
"辽国","7","51","58"
"员上","1","57","58"
"在金","9","49","58"
"马伸","10","48","58"
"洪遵","5","53","58"
"守边","14","44","58"
"功绩","2","56","58"
"移动","2","56","58"
"在是","6","52","58"
"取胜","4","54","58"
"他都","1","57","58"
"领部","1","57","58"
"几年","1","57","58"
"宗听","3","55","58"
"度的","0","58","58"
"日的","0","58","58"
"的消","0","58","58"
"造的","0","58","58"
"处在","0","58","58"
"的手","0","58","58"
"就被","0","58","58"
"埋葬","0","58","58"
"成熟","0","58","58"
"的机","0","58","58"
"赠他","0","58","58"
"吃饭","0","58","58"
"句话","0","58","58"
"命的","0","58","58"
"的德","0","58","58"
"待他","0","58","58"
"检查","0","58","58"
"加强","0","58","58"
"此被","0","58","58"
"册封","0","58","58"
"京任","0","58","58"
"祖派","0","58","58"
"吉利","0","58","58"
"夏天","0","58","58"
"住宅","0","58","58"
"复旧","31","26","57"
"殷仲","23","34","57"
"未闻","53","4","57"
"不易","39","18","57"
"朝议","42","15","57"
"天人","34","23","57"
"于皇","11","46","57"
"升降","14","43","57"
"于后","39","18","57"
"之败","42","15","57"
"本意","9","48","57"
"其大","41","16","57"
"和中","50","7","57"
"何不","28","29","57"
"将吏","31","26","57"
"宗社","46","11","57"
"逼迫","6","51","57"
"亡命","31","26","57"
"大庆","28","29","57"
"犯死","25","32","57"
"纳之","53","4","57"
"外任","17","40","57"
"好义","29","28","57"
"有出","9","48","57"
"赐之","52","5","57"
"陆九","6","51","57"
"令所","28","29","57"
"川王","27","30","57"
"都官","26","31","57"
"帝黄","32","25","57"
"犯舆","27","30","57"
"左执","28","29","57"
"前将","27","30","57"
"帝初","35","22","57"
"汉宣","26","31","57"
"康五","28","29","57"
"长宁","28","29","57"
"宋孝","21","36","57"
"淮阴","28","29","57"
"祖征","18","39","57"
"边将","33","24","57"
"王溥","13","44","57"
"光义","24","33","57"
"济州","27","30","57"
"继隆","28","29","57"
"诏中","40","17","57"
"州来","31","26","57"
"陈执","22","35","57"
"安州","29","28","57"
"耿南","25","32","57"
"会子","25","32","57"
"赵善","13","44","57"
"殿说","28","29","57"
"游仪","28","29","57"
"恭帝","27","30","57"
"加给","16","41","57"
"越国","25","32","57"
"宝庆","25","32","57"
"漳州","24","33","57"
"经天","42","15","57"
"人因","8","49","57"
"军至","38","19","57"
"自新","27","30","57"
"以平","33","24","57"
"独不","41","16","57"
"节俭","7","50","57"
"事实","9","48","57"
"合肥","28","29","57"
"六岁","7","50","57"
"白乌","28","29","57"
"谓不","50","7","57"
"书言","34","23","57"
"大余","28","29","57"
"曰天","56","1","57"
"车马","10","47","57"
"奉命","16","41","57"
"天气","5","52","57"
"心怀","4","53","57"
"是三","9","48","57"
"我也","12","45","57"
"食不","27","30","57"
"获以","55","2","57"
"过于","22","35","57"
"之在","27","30","57"
"时一","6","51","57"
"几百","5","52","57"
"人去","15","42","57"
"不说","2","55","57"
"全军","15","42","57"
"转为","4","53","57"
"求退","12","45","57"
"山谷","24","33","57"
"器币","30","27","57"
"赴阙","55","2","57"
"京为","26","31","57"
"单州","28","29","57"
"节省","1","56","57"
"路经","25","32","57"
"郭逵","6","51","57"
"永乐","25","32","57"
"令侍","9","48","57"
"张觉","8","49","57"
"迎合","20","37","57"
"姚仲","15","42","57"
"宗大","21","36","57"
"被俘","5","52","57"
"请罢","43","14","57"
"持不","24","33","57"
"带兵","1","56","57"
"杨简","8","49","57"
"陈自","26","31","57"
"宝谟","31","26","57"
"鬼宿","2","55","57"
"光芒","3","54","57"
"成年","1","56","57"
"示天","19","38","57"
"不适","2","55","57"
"进谏","4","53","57"
"上加","1","56","57"
"是陛","5","52","57"
"我一","2","55","57"
"英明","5","52","57"
"汝谈","17","40","57"
"必愿","14","43","57"
"颜亮","4","53","57"
"才知","1","56","57"
"面有","1","56","57"
"毛修","1","56","57"
"求朝","1","56","57"
"的用","0","57","57"
"的南","0","57","57"
"季节","0","57","57"
"德的","0","57","57"
"小孩","0","57","57"
"隐瞒","0","57","57"
"邪恶","0","57","57"
"们一","0","57","57"
"赞他","0","57","57"
"穿着","0","57","57"
"掉了","0","57","57"
"被他","0","57","57"
"所到","0","57","57"
"恰遇","0","57","57"
"退回","0","57","57"
"周代","0","57","57"
"任参","0","57","57"
"任枢","0","57","57"
"开支","0","57","57"
"每句","0","57","57"
"兵为","41","15","56"
"位于","29","27","56"
"以明","42","14","56"
"于河","38","18","56"
"而卒","51","5","56"
"之将","38","18","56"
"于前","47","9","56"
"统军","34","22","56"
"以少","35","21","56"
"奉国","29","27","56"
"北征","32","24","56"
"九州","23","33","56"
"以国","32","24","56"
"大食","29","27","56"
"有疾","38","18","56"
"耳目","33","23","56"
"义真","28","28","56"
"皇弟","30","26","56"
"万二","29","27","56"
"平县","27","29","56"
"令史","24","32","56"
"掖门","29","27","56"
"犯东","36","20","56"
"康八","28","28","56"
"孙亮","22","34","56"
"海陵","28","28","56"
"平原","28","28","56"
"北院","28","28","56"
"秦国","18","38","56"
"张士","26","30","56"
"晏殊","22","34","56"
"贤妃","28","28","56"
"颍昌","33","23","56"
"服饰","12","44","56"
"令诸","37","19","56"
"德安","28","28","56"
"州镇","23","33","56"
"汝为","30","26","56"
"保康","29","27","56"
"张说","20","36","56"
"许奕","8","48","56"
"凤州","27","29","56"
"知建","42","14","56"
"将李","27","29","56"
"董槐","22","34","56"
"策应","24","32","56"
"重庆","27","29","56"
"日为","31","25","56"
"将出","26","30","56"
"主于","48","8","56"
"官院","26","30","56"
"雄军","28","28","56"
"银台","28","28","56"
"通鉴","28","28","56"
"军驻","15","41","56"
"俟禼","20","36","56"
"破贼","44","12","56"
"徐道","25","31","56"
"城上","31","25","56"
"兵屯","30","26","56"
"力不","26","30","56"
"中流","35","21","56"
"王镇","15","41","56"
"之力","47","9","56"
"行而","26","30","56"
"立太","10","46","56"
"水路","4","52","56"
"之禁","43","13","56"
"有失","17","39","56"
"以制","34","22","56"
"圜丘","52","4","56"
"历数","30","26","56"
"数以","23","33","56"
"行星","19","37","56"
"侍臣","23","33","56"
"归来","3","53","56"
"颜延","7","49","56"
"视之","54","2","56"
"句句","55","1","56"
"兴盛","1","55","56"
"大饥","31","25","56"
"六七","29","27","56"
"军法","26","30","56"
"决战","19","37","56"
"振之","56","0","56"
"有叛","23","33","56"
"以任","14","42","56"
"玉带","25","31","56"
"相以","28","28","56"
"为陕","33","23","56"
"罢知","47","9","56"
"效法","1","55","56"
"良臣","27","29","56"
"免役","27","29","56"
"弥逊","19","37","56"
"罢相","28","28","56"
"龙大","23","33","56"
"楼钥","9","47","56"
"河道","3","53","56"
"罪被","2","54","56"
"完备","1","55","56"
"接见","1","55","56"
"杀他","1","55","56"
"元定","17","39","56"
"来又","1","55","56"
"不了","0","56","56"
"传到","0","56","56"
"时机","0","56","56"
"还给","0","56","56"
"很大","0","56","56"
"民族","0","56","56"
"受了","0","56","56"
"他曾","0","56","56"
"数量","0","56","56"
"继位","0","56","56"
"五天","0","56","56"
"忍心","0","56","56"
"末日","0","56","56"
"为民","40","15","55"
"乐之","35","20","55"
"情不","14","41","55"
"之主","44","11","55"
"奉祠","39","16","55"
"丧乱","16","39","55"
"书之","45","10","55"
"安之","44","11","55"
"并非","5","50","55"
"奉上","19","36","55"
"之分","38","17","55"
"所能","23","32","55"
"千匹","25","30","55"
"成之","36","19","55"
"嘉之","50","5","55"
"诏罢","42","13","55"
"几万","8","47","55"
"私人","12","43","55"
"相率","40","15","55"
"有旨","44","11","55"
"喜事","4","51","55"
"淮安","23","32","55"
"并入","6","49","55"
"以江","43","12","55"
"军行","28","27","55"
"千六","29","26","55"
"刘穆","14","41","55"
"和五","22","33","55"
"更名","51","4","55"
"并进","30","25","55"
"来降","49","6","55"
"补阙","32","23","55"
"均州","27","28","55"
"为十","30","25","55"
"处士","28","27","55"
"财用","30","25","55"
"静江","27","28","55"
"东制","28","27","55"
"向北","4","51","55"
"天理","23","32","55"
"赞善","27","28","55"
"群牧","28","27","55"
"省正","27","28","55"
"邵雍","10","45","55"
"高帝","26","29","55"
"阳门","27","28","55"
"固辞","55","0","55"
"中将","22","33","55"
"梁州","21","34","55"
"书吏","28","27","55"
"思考","9","46","55"
"有小","26","29","55"
"诏京","36","19","55"
"于城","44","11","55"
"一分","26","29","55"
"其下","47","8","55"
"有奇","41","14","55"
"者曰","55","0","55"
"九岁","7","48","55"
"从小","5","50","55"
"为令","36","19","55"
"是古","2","53","55"
"经典","7","48","55"
"帝诏","9","46","55"
"拜太","35","20","55"
"后嗣","10","45","55"
"以父","45","10","55"
"后神","22","33","55"
"赵氏","25","30","55"
"可是","1","54","55"
"争论","9","46","55"
"外戚","19","36","55"
"称其","49","6","55"
"又一","4","51","55"
"廷上","1","54","55"
"为从","24","31","55"
"人归","28","27","55"
"极星","23","32","55"
"败而","7","48","55"
"有光","17","38","55"
"过人","27","28","55"
"有见","11","44","55"
"西部","1","54","55"
"军已","18","37","55"
"共有","1","54","55"
"军从","9","46","55"
"为承","10","45","55"
"孔熙","6","49","55"
"斌等","27","28","55"
"能保","13","42","55"
"营寨","3","52","55"
"褒奖","2","53","55"
"诏自","50","5","55"
"守素","24","31","55"
"月后","2","53","55"
"募兵","31","24","55"
"苏州","22","33","55"
"丹主","27","28","55"
"丁钱","25","30","55"
"久雨","30","25","55"
"上封","34","21","55"
"四路","25","30","55"
"文臣","21","34","55"
"御敌","11","44","55"
"北兵","49","6","55"
"陕宣","27","28","55"
"感叹","2","53","55"
"陈傅","11","44","55"
"核实","9","46","55"
"鸣复","25","30","55"
"温叟","25","30","55"
"不对","5","50","55"
"起知","46","9","55"
"徒刑","2","53","55"
"储备","1","54","55"
"法则","5","50","55"
"当面","1","54","55"
"汪纲","1","54","55"
"任南","1","54","55"
"告朝","1","54","55"
"的臣","0","55","55"
"困难","0","55","55"
"呢?","0","55","55"
"衹是","0","55","55"
"常的","0","55","55"
"止了","0","55","55"
"保存","0","55","55"
"红色","0","55","55"
"只能","0","55","55"
"刘王","0","55","55"
"生了","0","55","55"
"活捉","0","55","55"
"个地","0","55","55"
"的金","0","55","55"
"发现","0","55","55"
"了大","0","55","55"
"败了","0","55","55"
"调为","0","55","55"
"汇报","0","55","55"
"放到","0","55","55"
"宋真","0","55","55"
"且说","0","55","55"
"吏的","0","55","55"
"你不","0","55","55"
"埋伏","0","55","55"
"建成","0","55","55"
"张阐","0","55","55"
"至江","49","5","54"
"武之","44","10","54"
"与不","37","17","54"
"星聚","24","30","54"
"不实","24","30","54"
"则为","46","8","54"
"之声","29","25","54"
"定有","3","51","54"
"诣阙","54","0","54"
"不回","12","42","54"
"必能","34","20","54"
"自我","6","48","54"
"安民","31","23","54"
"忠孝","27","27","54"
"与我","14","40","54"
"老师","4","50","54"
"行不","17","37","54"
"请于","53","1","54"
"能与","10","44","54"
"犯心","28","26","54"
"军张","26","28","54"
"康七","27","27","54"
"端门","28","26","54"
"宗族","16","38","54"
"五州","27","27","54"
"徽南","26","28","54"
"使曹","26","28","54"
"城国","24","30","54"
"高琼","9","45","54"
"西面","4","50","54"
"部奏","25","29","54"
"昌为","29","25","54"
"置三","24","30","54"
"马进","17","37","54"
"南诸","46","8","54"
"下四","23","31","54"
"使司","25","29","54"
"王后","19","35","54"
"秀夫","24","30","54"
"不恭","17","37","54"
"在二","20","34","54"
"德二","19","35","54"
"仪使","27","27","54"
"余庆","29","25","54"
"善大","27","27","54"
"出镇","35","19","54"
"信阳","27","27","54"
"赵必","5","49","54"
"其职","29","25","54"
"远将","26","28","54"
"州以","35","19","54"
"修治","9","45","54"
"兴兵","15","39","54"
"之要","45","9","54"
"虎牢","24","30","54"
"陵寝","31","23","54"
"及太","35","19","54"
"以作","17","37","54"
"复用","50","4","54"
"九万","27","27","54"
"求得","5","49","54"
"城北","23","31","54"
"不经","18","36","54"
"今不","41","13","54"
"祖母","22","32","54"
"汾阴","28","26","54"
"最为","18","36","54"
"大政","21","33","54"
"乘车","9","45","54"
"在陛","17","37","54"
"装饰","1","53","54"
"修成","5","49","54"
"夜不","25","29","54"
"两军","18","36","54"
"城投","1","53","54"
"光明","13","41","54"
"中一","11","43","54"
"强大","4","50","54"
"子日","5","49","54"
"居在","5","49","54"
"事史","27","27","54"
"戎军","27","27","54"
"本是","3","51","54"
"可惜","14","40","54"
"气节","16","38","54"
"宗命","16","38","54"
"册宝","26","28","54"
"宗神","23","31","54"
"金明","27","27","54"
"官二","22","32","54"
"粮饷","6","48","54"
"宽恤","27","27","54"
"大王","25","29","54"
"孙觉","8","46","54"
"贬谪","4","50","54"
"景衡","25","29","54"
"为提","11","43","54"
"定为","12","42","54"
"令宰","10","44","54"
"中行","17","37","54"
"昌裔","16","38","54"
"进言","7","47","54"
"退朝","9","45","54"
"晚年","9","45","54"
"争辩","1","53","54"
"队长","3","51","54"
"免职","1","53","54"
"修缮","1","53","54"
"功勋","1","53","54"
"多数","1","53","54"
"久以","1","53","54"
"悲痛","1","53","54"
"内心","0","54","54"
"我想","0","54","54"
"几次","0","54","54"
"这两","0","54","54"
"的打","0","54","54"
"都用","0","54","54"
"的谋","0","54","54"
"道这","0","54","54"
"的妖","0","54","54"
"有到","0","54","54"
"君的","0","54","54"
"各个","0","54","54"
"厚的","0","54","54"
"山的","0","54","54"
"州和","0","54","54"
"是派","0","54","54"
"的前","0","54","54"
"单独","0","54","54"
"立的","0","54","54"
"百零","0","54","54"
"封他","0","54","54"
"赠为","0","54","54"
"上到","0","54","54"
"的五","0","54","54"
"执掌","0","54","54"
"的四","0","54","54"
"观测","0","54","54"
"在圆","0","54","54"
"升他","0","54","54"
"捕捉","0","54","54"
"叫作","0","54","54"
"为法","25","28","53"
"明德","27","26","53"
"盛德","29","24","53"
"有后","18","35","53"
"遂为","50","3","53"
"以行","42","11","53"
"之德","39","14","53"
"所未","43","10","53"
"罪恶","4","49","53"
"皇圣","30","23","53"
"之甚","49","4","53"
"此其","43","10","53"
"服从","5","48","53"
"二王","25","28","53"
"重大","3","50","53"
"经义","26","27","53"
"之重","46","7","53"
"调兵","24","29","53"
"名之","41","12","53"
"丈夫","13","40","53"
"无益","34","19","53"
"自言","49","4","53"
"于道","32","21","53"
"为公","27","26","53"
"元德","26","27","53"
"史南","29","24","53"
"右将","25","28","53"
"新除","53","0","53"
"为魏","18","35","53"
"后崩","52","1","53"
"星见","52","1","53"
"上相","23","30","53"
"童谣","25","28","53"
"寺观","26","27","53"
"士逊","26","27","53"
"得象","23","30","53"
"直讲","26","27","53"
"承制","45","8","53"
"以白","39","14","53"
"军一","10","43","53"
"左藏","26","27","53"
"有七","21","32","53"
"检正","27","26","53"
"主将","15","38","53"
"行府","29","24","53"
"应援","25","28","53"
"诏改","33","20","53"
"角宿","8","45","53"
"亢宿","3","50","53"
"廷美","27","26","53"
"苏辙","19","34","53"
"官兼","23","30","53"
"仍兼","27","26","53"
"迁尚","50","3","53"
"后二","36","17","53"
"徙知","51","2","53"
"判大","29","24","53"
"甲科","26","27","53"
"廷以","29","24","53"
"上清","27","26","53"
"录院","26","27","53"
"孟子","19","34","53"
"士不","30","23","53"
"江北","26","27","53"
"言辞","3","50","53"
"督江","27","26","53"
"奔走","32","21","53"
"千两","25","28","53"
"不疑","36","17","53"
"将佐","34","19","53"
"公平","3","50","53"
"无故","26","27","53"
"月在","18","35","53"
"为秦","25","28","53"
"民以","44","9","53"
"为父","11","42","53"
"遇上","1","52","53"
"州行","27","26","53"
"而止","41","12","53"
"又用","9","44","53"
"祀之","20","33","53"
"子出","24","29","53"
"雷电","24","29","53"
"时则","37","16","53"
"下太","14","39","53"
"祀太","4","49","53"
"等五","20","33","53"
"乐曲","2","51","53"
"事业","7","46","53"
"三字","26","27","53"
"其国","45","8","53"
"景祐","48","5","53"
"臣忧","49","4","53"
"色青","21","32","53"
"积累","11","42","53"
"我有","18","35","53"
"所向","33","20","53"
"孝伯","27","26","53"
"时大","19","34","53"
"来上","34","19","53"
"灾变","12","41","53"
"县五","32","21","53"
"兵前","2","51","53"
"方有","25","28","53"
"人告","10","43","53"
"坚固","3","50","53"
"狱中","8","45","53"
"未曾","2","51","53"
"等出","5","48","53"
"人送","6","47","53"
"战舰","24","29","53"
"王全","25","28","53"
"商州","25","28","53"
"相赵","25","28","53"
"合州","21","32","53"
"内臣","30","23","53"
"与契","20","33","53"
"受贿","2","51","53"
"原路","23","30","53"
"降官","14","39","53"
"详定","37","16","53"
"后在","8","45","53"
"薛向","6","47","53"
"天申","26","27","53"
"潼川","36","17","53"
"桥梁","6","47","53"
"陈规","5","48","53"
"何铸","15","38","53"
"苏师","19","34","53"
"恩赏","8","45","53"
"权臣","24","29","53"
"度宗","22","31","53"
"孝顺","1","52","53"
"各将","1","52","53"
"计算","1","52","53"
"办理","1","52","53"
"的太","0","53","53"
"的标","0","53","53"
"的进","0","53","53"
"们所","0","53","53"
"孩子","0","53","53"
"从这","0","53","53"
"那个","0","53","53"
"讨厌","0","53","53"
"的私","0","53","53"
"子们","0","53","53"
"友好","0","53","53"
"奖励","0","53","53"
"管辖","0","53","53"
"供应","0","53","53"
"地对","0","53","53"
"淹死","0","53","53"
"又叫","0","53","53"
"因早","0","53","53"
"被追","0","53","53"
"来投","0","53","53"
"号文","0","53","53"
"的二","0","53","53"
"的田","0","53","53"
"五次","0","53","53"
"句每","0","53","53"
"人称","15","37","52"
"救之","49","3","52"
"晋代","5","47","52"
"以孝","31","21","52"
"答曰","49","3","52"
"闻其","52","0","52"
"朝士","43","9","52"
"为臣","27","25","52"
"上又","11","41","52"
"居之","45","7","52"
"吉凶","24","28","52"
"于北","29","23","52"
"书记","25","27","52"
"授以","40","12","52"
"七庙","29","23","52"
"上所","23","29","52"
"以是","49","3","52"
"复有","50","2","52"
"是所","8","44","52"
"是中","13","39","52"
"为交","22","30","52"
"军南","21","31","52"
"镇南","27","25","52"
"长三","25","27","52"
"周天","25","27","52"
"以二","37","15","52"
"距星","15","37","52"
"帝隆","27","25","52"
"前废","25","27","52"
"有死","25","27","52"
"广平","28","24","52"
"平太","28","24","52"
"汝阴","28","24","52"
"感激","10","42","52"
"进讨","25","27","52"
"书中","7","45","52"
"以吏","43","9","52"
"密都","26","26","52"
"道州","23","29","52"
"昌府","24","28","52"
"有九","24","28","52"
"督战","24","28","52"
"家财","14","38","52"
"司郎","26","26","52"
"桑仲","21","31","52"
"海制","26","26","52"
"命官","22","30","52"
"招安","24","28","52"
"兼直","26","26","52"
"改官","22","30","52"
"以高","26","26","52"
"曾伯","26","26","52"
"复其","43","9","52"
"咸淳","15","37","52"
"者三","41","11","52"
"按汉","26","26","52"
"官都","3","49","52"
"藏库","22","30","52"
"本路","26","26","52"
"考课","29","23","52"
"灵武","26","26","52"
"知杂","27","25","52"
"泾州","26","26","52"
"子左","25","27","52"
"年岁","6","46","52"
"开门","26","26","52"
"为何","13","39","52"
"相连","14","38","52"
"走之","51","1","52"
"姚兴","17","35","52"
"长驱","25","27","52"
"于新","35","17","52"
"余里","38","14","52"
"鄱阳","26","26","52"
"多万","1","51","52"
"左将","23","29","52"
"刘德","20","32","52"
"刘湛","17","35","52"
"下狱","41","11","52"
"时太","21","31","52"
"刘休","2","50","52"
"年一","21","31","52"
"旧臣","23","29","52"
"天而","20","32","52"
"否则","12","40","52"
"山后","22","30","52"
"用于","12","40","52"
"有疑","18","34","52"
"先例","2","50","52"
"不举","26","26","52"
"旧有","13","39","52"
"作诗","26","26","52"
"从西","11","41","52"
"体仁","20","32","52"
"告谕","2","50","52"
"尽忠","17","35","52"
"天天","1","51","52"
"边兵","46","6","52"
"军死","18","34","52"
"一大","11","41","52"
"大惊","29","23","52"
"处于","2","50","52"
"疏曰","52","0","52"
"宁初","25","27","52"
"盐城","24","28","52"
"来会","26","26","52"
"农民","8","44","52"
"高遵","9","43","52"
"移任","2","50","52"
"遣李","28","24","52"
"管军","16","36","52"
"藩镇","14","38","52"
"翌日","52","0","52"
"安化","25","27","52"
"马监","25","27","52"
"令中","13","39","52"
"阙失","38","14","52"
"部使","29","23","52"
"延庆","25","27","52"
"选人","24","28","52"
"宁殿","25","27","52"
"迩英","26","26","52"
"二名","5","47","52"
"学术","19","33","52"
"两国","17","35","52"
"淮甸","27","25","52"
"撒离","24","28","52"
"赏给","2","50","52"
"秀王","26","26","52"
"庆贺","3","49","52"
"族人","4","48","52"
"宠幸","2","50","52"
"义理","21","31","52"
"敌国","22","30","52"
"人敢","3","49","52"
"行郊","2","50","52"
"有好","4","48","52"
"成后","4","48","52"
"能说","1","51","52"
"勉励","2","50","52"
"少数","1","51","52"
"抑制","0","52","52"
"指出","0","52","52"
"登记","0","52","52"
"任的","0","52","52"
"的费","0","52","52"
"的教","0","52","52"
"葬在","0","52","52"
"关键","0","52","52"
"的年","0","52","52"
"在那","0","52","52"
"又怎","0","52","52"
"贵的","0","52","52"
"的皇","0","52","52"
"舆论","0","52","52"
"关官","0","52","52"
"不够","0","52","52"
"的治","0","52","52"
"的结","0","52","52"
"深深","0","52","52"
"机构","0","52","52"
"利益","0","52","52"
"的威","0","52","52"
"的祖","0","52","52"
"那天","0","52","52"
"罪的","0","52","52"
"赶快","0","52","52"
"他与","0","52","52"
"宫的","0","52","52"
"迁升","0","52","52"
"一并","0","52","52"
"祖说","0","52","52"
"到王","0","52","52"
"打退","0","52","52"
"来没","0","52","52"
"付给","0","52","52"
"意图","0","52","52"
"屈服","0","52","52"
"不获","51","0","51"
"谓宜","51","0","51"
"卤簿","37","14","51"
"鬼神","22","29","51"
"草木","23","28","51"
"极言","41","10","51"
"所宜","47","4","51"
"见识","1","50","51"
"录其","48","3","51"
"及之","39","12","51"
"之本","36","15","51"
"有之","45","6","51"
"笑曰","51","0","51"
"起为","40","11","51"
"若有","37","14","51"
"山之","31","20","51"
"义庆","27","24","51"
"而罢","28","23","51"
"未得","29","22","51"
"圣上","9","42","51"
"引诱","1","50","51"
"是下","1","50","51"
"服之","38","13","51"
"部曲","41","10","51"
"申明","15","36","51"
"地下","14","37","51"
"出了","1","50","51"
"振武","25","26","51"
"王仲","27","24","51"
"为扬","28","23","51"
"殷琰","4","47","51"
"献帝","24","27","51"
"是改","7","44","51"
"平三","22","29","51"
"众军","42","9","51"
"犯右","25","26","51"
"六星","41","10","51"
"晋愍","26","25","51"
"宁陵","26","25","51"
"海太","25","26","51"
"蝗虫","2","49","51"
"兵五","19","32","51"
"作乐","28","23","51"
"三城","26","25","51"
"元殿","25","26","51"
"崇德","27","24","51"
"侬智","11","40","51"
"忠彦","25","26","51"
"州平","25","26","51"
"举官","26","25","51"
"洪适","12","39","51"
"司参","26","25","51"
"高达","21","30","51"
"宗子","31","20","51"
"府教","25","26","51"
"元铜","27","24","51"
"空虚","9","42","51"
"在正","6","45","51"
"环绕","11","40","51"
"国府","23","28","51"
"国初","29","22","51"
"果州","25","26","51"
"党人","22","29","51"
"直集","26","25","51"
"命知","44","7","51"
"子祭","24","27","51"
"添差","28","23","51"
"奉郎","25","26","51"
"右文","26","25","51"
"长短","25","26","51"
"祐元","44","7","51"
"迎战","9","42","51"
"丑朔","51","0","51"
"率百","39","12","51"
"丞王","29","22","51"
"万户","25","26","51"
"不绝","33","18","51"
"留不","24","27","51"
"年少","17","34","51"
"天长","23","28","51"
"扰乱","7","44","51"
"相王","26","25","51"
"六军","25","26","51"
"疾不","47","4","51"
"雨水","25","26","51"
"被水","43","8","51"
"应在","12","39","51"
"巡幸","22","29","51"
"中所","10","41","51"
"时又","11","40","51"
"与皇","5","46","51"
"又迁","18","33","51"
"山林","20","31","51"
"十数","48","3","51"
"位将","2","49","51"
"周围","1","50","51"
"南山","21","30","51"
"一只","1","50","51"
"拥有","1","50","51"
"人交","7","44","51"
"一位","1","50","51"
"背叛","2","49","51"
"咨议","27","24","51"
"谢罪","10","41","51"
"有用","11","40","51"
"使我","4","47","51"
"贸易","15","36","51"
"次序","3","48","51"
"复官","21","30","51"
"信说","1","50","51"
"募民","32","19","51"
"州境","13","38","51"
"年纪","1","50","51"
"我朝","10","41","51"
"宗问","18","33","51"
"士李","24","27","51"
"败契","16","35","51"
"押班","28","23","51"
"兵十","25","26","51"
"忠州","25","26","51"
"讲求","18","33","51"
"重修","23","28","51"
"读学","24","27","51"
"经费","18","33","51"
"人围","34","17","51"
"兵退","18","33","51"
"刘全","23","28","51"
"如圭","18","33","51"
"赣州","21","30","51"
"宿南","12","39","51"
"上命","14","37","51"
"每人","1","50","51"
"属官","5","46","51"
"不让","1","50","51"
"震惊","5","46","51"
"警告","1","50","51"
"流刑","1","50","51"
"教育","1","50","51"
"一道","4","47","51"
"竭力","2","49","51"
"败坏","3","48","51"
"刘宰","3","48","51"
"事物","4","47","51"
"结束","1","50","51"
"能力","1","50","51"
"的外","0","51","51"
"方官","0","51","51"
"那就","0","51","51"
"员的","0","51","51"
"的高","0","51","51"
"的下","0","51","51"
"品德","0","51","51"
"陵的","0","51","51"
"就叫","0","51","51"
"严厉","0","51","51"
"具体","0","51","51"
"心的","0","51","51"
"兴的","0","51","51"
"这都","0","51","51"
"了皇","0","51","51"
"中没","0","51","51"
"的病","0","51","51"
"五个","0","51","51"
"让我","0","51","51"
"他去","0","51","51"
"想法","0","51","51"
"十几","0","51","51"
"的俸","0","51","51"
"讯察","0","51","51"
"探视","0","51","51"
"调出","0","51","51"
"姓都","0","51","51"
"领有","0","51","51"
"后到","0","51","51"
"她的","0","51","51"
"人把","0","51","51"
"告发","0","51","51"
"暂代","0","51","51"
"如之","49","1","50"
"无穷","27","23","50"
"徒以","49","1","50"
"大者","42","8","50"
"过三","17","33","50"
"识之","31","19","50"
"之物","23","27","50"
"魏主","22","28","50"
"城外","19","31","50"
"景平","26","24","50"
"托付","5","45","50"
"尽心","19","31","50"
"祖即","28","22","50"
"器重","6","44","50"
"有如","25","25","50"
"宋初","32","18","50"
"给其","28","22","50"
"贤明","3","47","50"
"若为","25","25","50"
"百司","38","12","50"
"大于","25","25","50"
"以建","28","22","50"
"子才","22","28","50"
"州别","25","25","50"
"亮为","25","25","50"
"义季","25","25","50"
"为湘","28","22","50"
"曲赦","50","0","50"
"守张","26","24","50"
"景文","25","25","50"
"星主","24","26","50"
"七八","24","26","50"
"占同","50","0","50"
"有圣","20","30","50"
"白雉","25","25","50"
"为新","21","29","50"
"徐湛","21","29","50"
"关南","25","25","50"
"米信","16","34","50"
"西军","23","27","50"
"事王","24","26","50"
"事李","23","27","50"
"诸科","35","15","50"
"时中","26","24","50"
"韶州","24","26","50"
"郭仲","23","27","50"
"问使","24","26","50"
"建路","24","26","50"
"二官","24","26","50"
"职田","24","26","50"
"州李","26","24","50"
"宝章","25","25","50"
"为宗","20","30","50"
"生灵","29","21","50"
"庭芝","24","26","50"
"邵武","25","25","50"
"剑州","24","26","50"
"参宿","3","47","50"
"加检","46","4","50"
"等三","25","25","50"
"司理","25","25","50"
"周公","20","30","50"
"人分","16","34","50"
"从者","40","10","50"
"败于","38","12","50"
"将被","2","48","50"
"而实","19","31","50"
"败绩","49","1","50"
"一战","28","22","50"
"以官","35","15","50"
"之风","32","18","50"
"西诸","44","6","50"
"府州","25","25","50"
"卫率","31","19","50"
"帝所","24","26","50"
"男子","19","31","50"
"乘以","2","48","50"
"劳役","5","45","50"
"初不","34","16","50"
"太仆","25","25","50"
"人前","4","46","50"
"合朔","24","26","50"
"七度","24","26","50"
"再拜","35","15","50"
"汉书","9","41","50"
"道有","7","43","50"
"兴四","20","30","50"
"少时","22","28","50"
"警戒","5","45","50"
"兵事","20","30","50"
"不死","31","19","50"
"三京","25","25","50"
"不测","23","27","50"
"为节","15","35","50"
"心思","2","48","50"
"谣言","9","41","50"
"梦见","1","49","50"
"财力","12","38","50"
"人已","10","40","50"
"就死","8","42","50"
"当权","5","45","50"
"是先","4","46","50"
"人共","14","36","50"
"归田","32","18","50"
"令大","7","43","50"
"月四","9","41","50"
"云中","24","26","50"
"兵从","9","41","50"
"沈璞","3","47","50"
"明大","41","9","50"
"官三","27","23","50"
"窦仪","12","38","50"
"京官","21","29","50"
"流以","48","2","50"
"京朝","23","27","50"
"公赵","2","48","50"
"路招","24","26","50"
"给舍","26","24","50"
"经历","5","45","50"
"灾民","6","44","50"
"差役","17","33","50"
"苟且","9","41","50"
"梁师","15","35","50"
"时雍","25","25","50"
"吴敏","22","28","50"
"正道","10","40","50"
"庭坚","17","33","50"
"宣赞","25","25","50"
"兵渡","20","30","50"
"真州","23","27","50"
"崇福","25","25","50"
"尚原","21","29","50"
"汀州","23","27","50"
"指使","8","42","50"
"施师","9","41","50"
"贤士","20","30","50"
"人用","12","38","50"
"和平","10","40","50"
"星凌","2","48","50"
"树立","1","49","50"
"依赖","1","49","50"
"任河","1","49","50"
"驾驭","7","43","50"
"全力","3","47","50"
"次请","1","49","50"
"是当","2","48","50"
"在世","1","49","50"
"请他","1","49","50"
"思念","1","49","50"
"衹有","0","50","50"
"都可","0","50","50"
"怎样","0","50","50"
"同样","0","50","50"
"和刘","0","50","50"
"灾难","0","50","50"
"现的","0","50","50"
"熟悉","0","50","50"
"的精","0","50","50"
"好坏","0","50","50"
"怕他","0","50","50"
"耻辱","0","50","50"
"的民","0","50","50"
"笑着","0","50","50"
"被朝","0","50","50"
"喜好","0","50","50"
"都得","0","50","50"
"向运","0","50","50"
"排挤","0","50","50"
"奏道","0","50","50"
"借口","0","50","50"
"后去","0","50","50"
"降元","0","50","50"
"五颗","0","50","50"
"怕不","0","50","50"
"都感","0","50","50"
"到中","0","50","50"
"补为","0","50","50"
"于地","29","20","49"
"之行","44","5","49"
"万国","31","18","49"
"明道","22","27","49"
"不识","40","9","49"
"知天","32","17","49"
"为允","37","12","49"
"之文","37","12","49"
"非为","26","23","49"
"化为","30","19","49"
"祸福","31","18","49"
"而未","38","11","49"
"制之","39","10","49"
"城不","26","23","49"
"其首","38","11","49"
"近习","43","6","49"
"相持","30","19","49"
"生事","33","16","49"
"赐以","44","5","49"
"使还","45","4","49"
"出之","39","10","49"
"以无","43","6","49"
"幕府","24","25","49"
"归降","7","42","49"
"建国","19","30","49"
"勤劳","16","33","49"
"臣曰","47","2","49"
"门卫","23","26","49"
"舟师","45","4","49"
"湘东","24","25","49"
"一尺","11","38","49"
"梁冠","24","25","49"
"月令","17","32","49"
"千四","25","24","49"
"一丈","17","32","49"
"将张","18","31","49"
"牵牛","24","25","49"
"永康","26","23","49"
"顺帝","21","28","49"
"始四","25","24","49"
"司事","25","24","49"
"美为","21","28","49"
"曹翰","7","42","49"
"士张","24","25","49"
"部贡","24","25","49"
"济阳","27","22","49"
"募人","29","20","49"
"范宗","22","27","49"
"东宣","24","25","49"
"书院","22","27","49"
"王刚","10","39","49"
"川安","26","23","49"
"峡州","22","27","49"
"卿监","23","26","49"
"城去","37","12","49"
"千牛","25","24","49"
"奉安","45","4","49"
"遣刘","30","19","49"
"自有","30","19","49"
"拜右","42","7","49"
"曹彦","5","44","49"
"枋得","23","26","49"
"有官","14","35","49"
"医官","24","25","49"
"贼兵","8","41","49"
"其军","39","10","49"
"纠察","20","29","49"
"其城","40","9","49"
"旌旗","12","37","49"
"不给","16","33","49"
"凡十","49","0","49"
"国使","15","34","49"
"雅乐","20","29","49"
"吏民","32","17","49"
"无子","40","9","49"
"乃命","49","0","49"
"事告","7","42","49"
"营造","17","32","49"
"登进","37","12","49"
"因言","29","20","49"
"自陈","38","11","49"
"以供","23","26","49"
"麒麟","20","29","49"
"犯岁","41","8","49"
"守太","31","18","49"
"赵王","24","25","49"
"郡人","22","27","49"
"而朝","23","26","49"
"以能","12","37","49"
"清明","12","37","49"
"即帝","5","44","49"
"山下","21","28","49"
"平观","24","25","49"
"败亡","11","38","49"
"有上","6","43","49"
"所致","19","30","49"
"之当","12","37","49"
"投奔","1","48","49"
"威严","3","46","49"
"多是","3","46","49"
"使自","26","23","49"
"姓不","6","43","49"
"檄文","4","45","49"
"权贵","12","37","49"
"人向","6","43","49"
"决不","14","35","49"
"叔宝","25","24","49"
"百匹","22","27","49"
"任子","29","20","49"
"安全","4","45","49"
"间谍","9","40","49"
"命诸","48","1","49"
"良方","24","25","49"
"途中","2","47","49"
"天节","24","25","49"
"杖以","48","1","49"
"卫国","18","31","49"
"宴请","1","48","49"
"两朝","21","28","49"
"水利","20","29","49"
"箭手","18","31","49"
"刘挚","23","26","49"
"招纳","18","31","49"
"极论","43","6","49"
"和王","4","45","49"
"瓜洲","24","25","49"
"杨政","24","25","49"
"刘麟","7","42","49"
"死守","15","34","49"
"贺新","1","48","49"
"窥伺","13","36","49"
"优厚","2","47","49"
"思虑","9","40","49"
"尚且","1","48","49"
"责备","2","47","49"
"向来","3","46","49"
"将会","1","48","49"
"的策","0","49","49"
"革除","0","49","49"
"的条","0","49","49"
"样就","0","49","49"
"却没","0","49","49"
"高的","0","49","49"
"现象","0","49","49"
"对的","0","49","49"
"的运","0","49","49"
"说过","0","49","49"
"的美","0","49","49"
"依从","0","49","49"
"从了","0","49","49"
"还要","0","49","49"
"抛弃","0","49","49"
"为的","0","49","49"
"又把","0","49","49"
"竟然","0","49","49"
"也都","0","49","49"
"这次","0","49","49"
"到西","0","49","49"
"很有","0","49","49"
"送他","0","49","49"
"任上","0","49","49"
"引起","0","49","49"
"么样","0","49","49"
"整顿","0","49","49"
"们有","0","49","49"
"领的","0","49","49"
"抵挡","0","49","49"
"寻求","0","49","49"
"欠的","0","49","49"
"召来","0","49","49"
"说了","0","49","49"
"首示","0","49","49"
"的象","0","49","49"
"走到","0","49","49"
"闹市","0","49","49"
"职衔","0","49","49"
"朝派","0","49","49"
"鼎说","0","49","49"
"以法","29","19","48"
"然无","24","24","48"
"得而","38","10","48"
"一生","5","43","48"
"至尊","40","8","48"
"便可","16","32","48"
"之国","25","23","48"
"之矣","48","0","48"
"君父","29","19","48"
"等四","22","26","48"
"妖贼","26","22","48"
"朝夕","31","17","48"
"为和","13","35","48"
"为义","34","14","48"
"明君","20","28","48"
"大内","31","17","48"
"诏内","32","16","48"
"和好","17","31","48"
"三秩","34","14","48"
"具备","4","44","48"
"以得","24","24","48"
"相传","19","29","48"
"牵制","13","35","48"
"中人","27","21","48"
"交通","25","23","48"
"书事","20","28","48"
"为梁","24","24","48"
"为晋","24","24","48"
"鲁爽","16","32","48"
"蔡兴","24","24","48"
"征南","25","23","48"
"天一","9","39","48"
"千九","25","23","48"
"石虎","26","22","48"
"犯毕","23","25","48"
"南海","22","26","48"
"康九","24","24","48"
"明四","22","26","48"
"属下","12","36","48"
"使高","24","24","48"
"赵彦","19","29","48"
"徽北","24","24","48"
"保静","24","24","48"
"户参","24","24","48"
"治平","25","23","48"
"审刑","24","24","48"
"楚国","14","34","48"
"熙载","24","24","48"
"提领","24","24","48"
"马钤","31","17","48"
"北京","23","25","48"
"迪功","24","24","48"
"北安","22","26","48"
"淮军","25","23","48"
"严州","23","25","48"
"李曾","22","26","48"
"为宝","12","36","48"
"董宋","14","34","48"
"知太","31","17","48"
"石为","26","22","48"
"之神","16","32","48"
"陵郡","21","27","48"
"国夫","23","25","48"
"樊知","4","44","48"
"事迹","11","37","48"
"天大","20","28","48"
"襄州","22","26","48"
"世时","1","47","48"
"办公","16","32","48"
"史院","24","24","48"
"黄干","6","42","48"
"曲直","24","24","48"
"非不","35","13","48"
"刘庆","6","42","48"
"大众","42","6","48"
"遥远","1","47","48"
"兵击","33","15","48"
"如有","10","38","48"
"不解","32","16","48"
"不失","28","20","48"
"未可","48","0","48"
"骄横","4","44","48"
"是小","4","44","48"
"镇东","28","20","48"
"人可","16","32","48"
"随后","2","46","48"
"夏至","18","30","48"
"城邑","14","34","48"
"州饥","27","21","48"
"自守","30","18","48"
"亦为","46","2","48"
"二寸","24","24","48"
"可任","29","19","48"
"度而","22","26","48"
"一书","19","29","48"
"长一","11","37","48"
"祭之","30","18","48"
"王大","21","27","48"
"天帝","9","39","48"
"荐之","47","1","48"
"且不","19","29","48"
"安车","23","25","48"
"万骑","24","24","48"
"晋王","21","27","48"
"变成","2","46","48"
"关外","22","26","48"
"有黄","22","26","48"
"地不","16","32","48"
"不来","12","36","48"
"有反","16","32","48"
"名将","20","28","48"
"仁后","33","15","48"
"然自","24","24","48"
"牛马","24","24","48"
"陷害","2","46","48"
"击退","5","43","48"
"求离","1","47","48"
"臣王","24","24","48"
"胡藩","1","47","48"
"次在","4","44","48"
"田里","38","10","48"
"仁德","7","41","48"
"晋书","1","47","48"
"郡中","5","43","48"
"在明","4","44","48"
"以在","7","41","48"
"水战","25","23","48"
"周祖","30","18","48"
"从臣","27","21","48"
"大宴","24","24","48"
"诏修","25","23","48"
"遣内","29","19","48"
"于圜","48","0","48"
"避殿","32","16","48"
"夺官","16","32","48"
"和籴","30","18","48"
"结为","9","39","48"
"贪污","2","46","48"
"武举","24","24","48"
"官兵","18","30","48"
"兼管","6","42","48"
"降诏","29","19","48"
"定策","26","22","48"
"刑一","1","47","48"
"人再","24","24","48"
"娄宿","13","35","48"
"挞懒","20","28","48"
"年幼","2","46","48"
"兵驻","9","39","48"
"各县","1","47","48"
"张载","16","32","48"
"在应","3","45","48"
"此天","9","39","48"
"久任","8","40","48"
"我听","1","47","48"
"用了","1","47","48"
"职为","1","47","48"
"全家","0","48","48"
"藏在","0","48","48"
"爆发","0","48","48"
"的信","0","48","48"
"找到","0","48","48"
"的器","0","48","48"
"种事","0","48","48"
"秋季","0","48","48"
"情的","0","48","48"
"废止","0","48","48"
"一件","0","48","48"
"的诗","0","48","48"
"的赋","0","48","48"
"查考","0","48","48"
"这么","0","48","48"
"驾崩","0","48","48"
"醒悟","0","48","48"
"气的","0","48","48"
"给我","0","48","48"
"援助","0","48","48"
"座位","0","48","48"
"又没","0","48","48"
"喝酒","0","48","48"
"都因","0","48","48"
"任江","0","48","48"
"所写","0","48","48"
"的党","0","48","48"
"复原","0","48","48"
"马匹","0","48","48"
"臣到","0","48","48"
"到北","0","48","48"
"称他","0","48","48"
"派官","0","48","48"
"回国","0","48","48"
"牢之","29","18","47"
"后出","13","34","47"
"所归","32","15","47"
"下三","24","23","47"
"于王","25","22","47"
"不立","29","18","47"
"祀明","20","27","47"
"衣冠","34","13","47"
"服役","1","46","47"
"门之","22","25","47"
"影响","8","39","47"
"使相","31","16","47"
"便不","3","44","47"
"远之","27","20","47"
"书不","27","20","47"
"尝有","46","1","47"
"逆向","1","46","47"
"我在","3","44","47"
"匈奴","20","27","47"
"其可","41","6","47"
"止于","41","6","47"
"与诸","35","12","47"
"一见","27","20","47"
"者谓","43","4","47"
"从天","11","36","47"
"以对","17","30","47"
"大有","22","25","47"
"为非","35","12","47"
"租赋","23","24","47"
"其心","36","11","47"
"且曰","46","1","47"
"以司","31","16","47"
"平北","25","22","47"
"休祐","36","11","47"
"县开","24","23","47"
"魏武","22","25","47"
"四尺","23","24","47"
"中太","23","24","47"
"军以","24","23","47"
"南王","22","25","47"
"万岁","22","25","47"
"三寸","23","24","47"
"南星","25","22","47"
"孛于","47","0","47"
"斗魁","22","25","47"
"芝草","17","30","47"
"初郡","23","24","47"
"使吴","21","26","47"
"蛮来","25","22","47"
"禹锡","23","24","47"
"升之","26","21","47"
"疏论","25","22","47"
"韩忠","22","25","47"
"德府","25","22","47"
"要地","14","33","47"
"义人","22","25","47"
"直宝","24","23","47"
"举太","23","24","47"
"月为","28","19","47"
"氐宿","4","43","47"
"八宿","24","23","47"
"子博","24","23","47"
"潞州","18","29","47"
"武德","22","25","47"
"四厢","24","23","47"
"驸马","27","20","47"
"自号","31","16","47"
"安人","26","21","47"
"司都","22","25","47"
"百卷","23","24","47"
"名曰","46","1","47"
"宋绶","13","34","47"
"平初","24","23","47"
"未行","44","3","47"
"骑校","24","23","47"
"遣大","27","20","47"
"遭遇","5","42","47"
"驾临","9","38","47"
"并以","34","13","47"
"辅政","30","17","47"
"贷给","5","42","47"
"是冬","43","4","47"
"明皇","18","29","47"
"殷孝","11","36","47"
"朝贺","15","32","47"
"天神","11","36","47"
"之和","13","34","47"
"又问","18","29","47"
"余数","6","41","47"
"节气","4","43","47"
"到三","2","45","47"
"成人","17","30","47"
"祭礼","9","38","47"
"必以","41","6","47"
"吴氏","20","27","47"
"情理","9","38","47"
"尊贵","3","44","47"
"等七","22","25","47"
"其书","45","2","47"
"制书","11","36","47"
"强盛","11","36","47"
"用乐","19","28","47"
"大声","3","44","47"
"人生","14","33","47"
"玉衡","12","35","47"
"转移","8","39","47"
"相有","14","33","47"
"兵围","27","20","47"
"帝坐","40","7","47"
"西太","26","21","47"
"臣民","6","41","47"
"来告","33","14","47"
"飞为","21","26","47"
"望见","23","24","47"
"诏天","37","10","47"
"臣也","29","18","47"
"人杀","13","34","47"
"声势","16","31","47"
"敢于","3","44","47"
"王宫","23","24","47"
"公辅","27","20","47"
"留意","19","28","47"
"接待","4","43","47"
"不若","47","0","47"
"然在","3","44","47"
"适宜","1","46","47"
"参预","5","42","47"
"才可","5","42","47"
"州官","19","28","47"
"不任","26","21","47"
"劾之","45","2","47"
"横行","9","38","47"
"自身","1","46","47"
"效力","5","42","47"
"朝献","46","1","47"
"钱帛","24","23","47"
"铠甲","10","37","47"
"命吴","11","36","47"
"邕州","29","18","47"
"钱惟","12","35","47"
"陈抟","6","41","47"
"两京","22","25","47"
"转对","34","13","47"
"北转","23","24","47"
"致书","21","26","47"
"强壮","18","29","47"
"掠夺","1","46","47"
"内库","19","28","47"
"分给","7","40","47"
"复命","39","8","47"
"为起","9","38","47"
"部属","2","45","47"
"商英","23","24","47"
"大观","19","28","47"
"且言","46","1","47"
"为浙","19","28","47"
"为进","12","35","47"
"胡世","20","27","47"
"郭浩","23","24","47"
"赵逵","4","43","47"
"当中","2","45","47"
"贬官","5","42","47"
"语言","9","38","47"
"杨允","3","44","47"
"蔡襄","4","43","47"
"晓谕","3","44","47"
"章制","2","45","47"
"数目","1","46","47"
"而是","1","46","47"
"梁周","2","45","47"
"大肆","1","46","47"
"动不","2","45","47"
"是李","1","46","47"
"任殿","1","46","47"
"禁令","1","46","47"
"或许","2","45","47"
"列举","0","47","47"
"取消","0","47","47"
"名的","0","47","47"
"审理","0","47","47"
"是把","0","47","47"
"一致","0","47","47"
"上了","0","47","47"
"任何","0","47","47"
"起的","0","47","47"
"变的","0","47","47"
"给你","0","47","47"
"住的","0","47","47"
"恶的","0","47","47"
"写成","0","47","47"
"寒冷","0","47","47"
"赏他","0","47","47"
"求皇","0","47","47"
"政权","0","47","47"
"被赐","0","47","47"
"京的","0","47","47"
"附近","0","47","47"
"被削","0","47","47"
"发给","0","47","47"
"天在","0","47","47"
"宿出","0","47","47"
"时他","0","47","47"
"唐代","0","47","47"
"元朝","0","47","47"
"士庶","35","11","46"
"犹不","43","3","46"
"以新","40","6","46"
"之故","35","11","46"
"此则","40","6","46"
"则其","39","7","46"
"以从","27","19","46"
"不由","34","12","46"
"后生","20","26","46"
"外出","3","43","46"
"为常","24","22","46"
"足下","31","15","46"
"位次","4","42","46"
"不全","6","40","46"
"本中","22","24","46"
"则人","44","2","46"
"义为","22","24","46"
"文辞","14","32","46"
"惊异","10","36","46"
"冲之","24","22","46"
"何如","43","3","46"
"死而","22","24","46"
"复出","32","14","46"
"邪正","35","11","46"
"我以","10","36","46"
"赋诗","25","21","46"
"嘉纳","43","3","46"
"之害","34","12","46"
"也因","1","45","46"
"以出","31","15","46"
"不公","11","35","46"
"都王","20","26","46"
"强弩","21","25","46"
"安东","24","22","46"
"击将","22","24","46"
"千一","26","20","46"
"积尸","24","22","46"
"月掩","11","35","46"
"帝孝","23","23","46"
"月朔","35","11","46"
"濮阳","23","23","46"
"生命","5","41","46"
"北海","22","24","46"
"上都","6","40","46"
"事张","24","22","46"
"武成","23","23","46"
"会灵","24","22","46"
"后尊","18","28","46"
"监修","23","23","46"
"官王","18","28","46"
"上舍","23","23","46"
"之死","30","16","46"
"南雄","23","23","46"
"命韩","13","33","46"
"牛卫","23","23","46"
"赐进","27","19","46"
"于下","35","11","46"
"立于","18","28","46"
"犯上","19","27","46"
"坟墓","7","39","46"
"润州","21","25","46"
"战守","25","21","46"
"字仲","23","23","46"
"杂事","20","26","46"
"上赐","9","37","46"
"宗政","23","23","46"
"院检","23","23","46"
"徐鹿","2","44","46"
"之率","15","31","46"
"郎刘","23","23","46"
"后还","13","33","46"
"任之","34","12","46"
"无辜","19","27","46"
"母后","23","23","46"
"征发","4","42","46"
"史武","24","22","46"
"给以","11","35","46"
"萧斌","20","26","46"
"大祭","5","41","46"
"王进","17","29","46"
"给太","2","44","46"
"四五","23","23","46"
"上生","18","28","46"
"典制","3","43","46"
"为可","29","17","46"
"纪法","18","28","46"
"上元","23","23","46"
"定大","22","24","46"
"三度","20","26","46"
"徐广","13","33","46"
"徭役","12","34","46"
"祖不","15","31","46"
"生母","8","38","46"
"后庙","16","30","46"
"修复","17","29","46"
"置于","15","31","46"
"岁以","24","22","46"
"周文","13","33","46"
"受皇","3","43","46"
"奉大","24","22","46"
"子王","2","44","46"
"合乎","2","44","46"
"权宜","11","35","46"
"按时","1","45","46"
"尊崇","4","42","46"
"是晋","3","43","46"
"祈雨","39","7","46"
"在官","19","27","46"
"关于","7","39","46"
"大抵","29","17","46"
"句三","23","23","46"
"惑守","45","1","46"
"闰十","10","36","46"
"三等","24","22","46"
"危宿","6","40","46"
"境上","29","17","46"
"有黑","33","13","46"
"宗越","9","37","46"
"臣上","21","25","46"
"书来","29","17","46"
"之权","34","12","46"
"复中","15","31","46"
"位以","14","32","46"
"都一","3","43","46"
"即命","28","18","46"
"公大","3","43","46"
"举动","8","38","46"
"商贾","26","20","46"
"过分","3","43","46"
"自任","28","18","46"
"鹿出","1","45","46"
"依然","1","45","46"
"任同","3","43","46"
"门客","7","39","46"
"陶谷","4","42","46"
"银绢","25","21","46"
"登闻","24","22","46"
"边臣","29","17","46"
"延路","21","25","46"
"进官","18","28","46"
"善良","11","35","46"
"知谏","23","23","46"
"辽人","27","19","46"
"张宗","20","26","46"
"梁焘","12","34","46"
"遗表","25","21","46"
"知福","33","13","46"
"远地","2","44","46"
"孙傅","13","33","46"
"在相","14","32","46"
"李弥","5","41","46"
"基业","6","40","46"
"人必","22","24","46"
"讲解","4","42","46"
"贺会","23","23","46"
"毕再","2","44","46"
"文信","19","27","46"
"佑观","11","35","46"
"蒙蔽","7","39","46"
"下安","18","28","46"
"任开","1","45","46"
"能让","1","45","46"
"柳开","5","41","46"
"激励","1","45","46"
"到河","1","45","46"
"被采","0","46","46"
"的城","0","46","46"
"嫁给","0","46","46"
"祥的","0","46","46"
"业的","0","46","46"
"作的","0","46","46"
"就说","0","46","46"
"上就","0","46","46"
"思想","0","46","46"
"是很","0","46","46"
"的圣","0","46","46"
"只好","0","46","46"
"尸体","0","46","46"
"被平","0","46","46"
"了几","0","46","46"
"数民","0","46","46"
"追求","0","46","46"
"主要","0","46","46"
"烧掉","0","46","46"
"降的","0","46","46"
"的节","0","46","46"
"的贤","0","46","46"
"补充","0","46","46"
"救济","0","46","46"
"这也","0","46","46"
"向东","0","46","46"
"分出","0","46","46"
"氏的","0","46","46"
"桧的","0","46","46"
"了王","0","46","46"
"石的","0","46","46"
"水的","0","46","46"
"京瓷","0","46","46"
"壕州","0","46","46"
"的孙","0","46","46"
"不准","0","46","46"
"的船","0","46","46"
"张木","0","46","46"
"七天","0","46","46"
"言的","0","46","46"
"同金","0","46","46"
"制止","0","46","46"
"辽朝","0","46","46"
"说金","0","46","46"
"钅奇","0","46","46"
"光说","0","46","46"
"祖曰","45","0","45"
"区别","5","40","45"
"于今","41","4","45"
"物之","36","9","45"
"之未","44","1","45"
"不果","43","2","45"
"氏之","38","7","45"
"无常","14","31","45"
"下皆","41","4","45"
"迁都","18","27","45"
"以私","33","12","45"
"机宜","23","22","45"
"居丧","24","21","45"
"亡者","26","19","45"
"从其","38","7","45"
"官各","22","23","45"
"以相","37","8","45"
"当为","28","17","45"
"不闻","39","6","45"
"人间","17","28","45"
"在郡","19","26","45"
"弃之","37","8","45"
"其数","29","16","45"
"一言","31","14","45"
"赭圻","23","22","45"
"之典","44","1","45"
"夫之","32","13","45"
"后也","22","23","45"
"之则","37","8","45"
"权柄","5","40","45"
"所经","21","24","45"
"未见","35","10","45"
"重之","37","8","45"
"遇事","22","23","45"
"时而","28","17","45"
"安得","45","0","45"
"初历","11","34","45"
"随王","21","24","45"
"立第","22","23","45"
"除太","38","7","45"
"北秦","23","22","45"
"穆皇","21","24","45"
"府司","25","20","45"
"嘉四","20","25","45"
"嘉八","20","25","45"
"康六","23","22","45"
"太宁","23","22","45"
"燕王","24","21","45"
"兴县","22","23","45"
"浙江","18","27","45"
"领县","44","1","45"
"梁郡","22","23","45"
"等官","21","24","45"
"为集","16","29","45"
"静军","23","22","45"
"保吉","22","23","45"
"华州","20","25","45"
"章得","14","31","45"
"并兼","27","18","45"
"赵挺","18","27","45"
"为沿","20","25","45"
"以忠","30","15","45"
"梁克","19","26","45"
"大不","20","25","45"
"鼎为","19","26","45"
"督视","24","21","45"
"有道","15","30","45"
"正事","22","23","45"
"多病","14","31","45"
"臣死","26","19","45"
"在赤","19","26","45"
"眉州","18","27","45"
"位在","8","37","45"
"圣太","13","32","45"
"有传","21","24","45"
"礼院","20","25","45"
"兼淮","26","19","45"
"万年","16","29","45"
"言为","32","13","45"
"遂宁","22","23","45"
"引进","20","25","45"
"迁右","38","7","45"
"讨官","21","24","45"
"然可","14","31","45"
"力请","16","29","45"
"官司","14","31","45"
"斩其","44","1","45"
"望风","24","21","45"
"当是","19","26","45"
"求免","6","39","45"
"六州","23","22","45"
"水之","24","21","45"
"归之","40","5","45"
"征求","2","43","45"
"是四","10","35","45"
"未知","45","0","45"
"邪王","30","15","45"
"以时","40","5","45"
"又分","17","28","45"
"备不","20","25","45"
"骑射","32","13","45"
"刘遵","20","25","45"
"安陆","24","21","45"
"殷景","20","25","45"
"元皇","18","27","45"
"近代","14","31","45"
"一匹","10","35","45"
"在殿","5","40","45"
"刘勔","19","26","45"
"珍奇","16","29","45"
"成一","8","37","45"
"有意","14","31","45"
"用三","12","33","45"
"三王","26","19","45"
"行皇","24","21","45"
"诏赠","29","16","45"
"如不","14","31","45"
"而起","13","32","45"
"有改","8","37","45"
"王国","18","27","45"
"矛盾","5","40","45"
"问曰","45","0","45"
"使郭","22","23","45"
"于不","15","30","45"
"南蕃","24","21","45"
"起事","5","40","45"
"人死","18","27","45"
"星为","43","2","45"
"爵禄","18","27","45"
"平地","21","24","45"
"为灾","35","10","45"
"邪说","20","25","45"
"相不","19","26","45"
"去京","35","10","45"
"间不","7","38","45"
"此得","13","32","45"
"诏旨","16","29","45"
"变乱","4","41","45"
"爱惜","10","35","45"
"米价","7","38","45"
"老弱","16","29","45"
"臣恐","42","3","45"
"亲人","1","44","45"
"表达","1","44","45"
"一死","13","32","45"
"竭尽","1","44","45"
"罪而","18","27","45"
"经术","24","21","45"
"而设","3","42","45"
"诏免","12","33","45"
"杂犯","23","22","45"
"唐太","21","24","45"
"举可","19","26","45"
"往行","2","43","45"
"两制","23","22","45"
"殿减","27","18","45"
"漕运","15","30","45"
"蛮人","4","41","45"
"谕以","45","0","45"
"官任","3","42","45"
"宇文","32","13","45"
"敏求","22","23","45"
"年成","2","43","45"
"燕京","7","38","45"
"威望","11","34","45"
"幕僚","5","40","45"
"人关","18","27","45"
"审查","1","44","45"
"考官","13","32","45"
"扈再","12","33","45"
"物价","11","34","45"
"孛犯","45","0","45"
"上一","5","40","45"
"变更","8","37","45"
"年举","22","23","45"
"惶恐","2","43","45"
"任西","2","43","45"
"桧死","25","20","45"
"是正","2","43","45"
"哀悼","1","44","45"
"给王","1","44","45"
"耗费","2","43","45"
"上游","3","42","45"
"祀景","1","44","45"
"夏全","18","27","45"
"年龄","1","44","45"
"表面","0","45","45"
"到我","0","45","45"
"历史","0","45","45"
"准许","0","45","45"
"旧的","0","45","45"
"然没","0","45","45"
"害的","0","45","45"
"战乱","0","45","45"
"过长","0","45","45"
"厉害","0","45","45"
"就用","0","45","45"
"都受","0","45","45"
"境的","0","45","45"
"的封","0","45","45"
"久了","0","45","45"
"任后","0","45","45"
"虑到","0","45","45"
"被流","0","45","45"
"贬斥","0","45","45"
"出动","0","45","45"
"他很","0","45","45"
"罪犯","0","45","45"
"轻时","0","45","45"
"去他","0","45","45"
"对国","0","45","45"
"复了","0","45","45"
"求把","0","45","45"
"留他","0","45","45"
"敢说","0","45","45"
"逃奔","0","45","45"
"任翰","0","45","45"
"割让","0","45","45"
"趁机","0","45","45"
"到赵","0","45","45"
"眼睛","0","45","45"
"免了","0","45","45"
"的忧","0","45","45"
"力推","0","45","45"
"另见","0","45","45"
"免全","0","45","45"
"东府","22","22","44"
"命以","39","5","44"
"子尚","21","23","44"
"为无","34","10","44"
"功之","24","20","44"
"使为","30","14","44"
"之罚","44","0","44"
"之理","31","13","44"
"为守","26","18","44"
"随之","22","22","44"
"来之","25","19","44"
"已久","21","23","44"
"朝野","24","20","44"
"之恩","26","18","44"
"以称","15","29","44"
"顺之","27","17","44"
"不肖","25","19","44"
"成败","25","19","44"
"汉之","30","14","44"
"兄子","40","4","44"
"愿以","30","14","44"
"闲居","10","34","44"
"为州","24","20","44"
"之明","30","14","44"
"上嘉","34","10","44"
"罪之","31","13","44"
"以处","28","16","44"
"下无","30","14","44"
"西山","23","21","44"
"史萧","22","22","44"
"休若","22","22","44"
"兴世","20","24","44"
"安成","22","22","44"
"千七","24","20","44"
"汉献","20","24","44"
"尊皇","20","24","44"
"宣皇","22","22","44"
"左角","21","23","44"
"犯轩","21","23","44"
"葛长","17","27","44"
"孝经","22","22","44"
"魏郡","22","22","44"
"史始","23","21","44"
"虹贯","31","13","44"
"江都","22","22","44"
"何尚","20","24","44"
"书都","17","27","44"
"陇西","20","24","44"
"内都","19","25","44"
"为寿","11","33","44"
"涪州","17","27","44"
"尧叟","30","14","44"
"清远","22","22","44"
"东道","24","20","44"
"隐士","16","28","44"
"官上","19","25","44"
"为成","15","29","44"
"延康","23","21","44"
"后王","23","21","44"
"护卫","3","41","44"
"范汝","20","24","44"
"成皇","19","25","44"
"同进","20","24","44"
"宗勉","17","27","44"
"通好","23","21","44"
"道以","29","15","44"
"以两","30","14","44"
"北门","22","22","44"
"尾宿","4","40","44"
"在五","9","35","44"
"卫王","20","24","44"
"广顺","21","23","44"
"怀敏","21","23","44"
"安太","27","17","44"
"通进","21","23","44"
"增置","27","17","44"
"庶人","29","15","44"
"承明","22","22","44"
"三卷","22","22","44"
"知平","29","15","44"
"嘉兴","22","22","44"
"鸿庆","22","22","44"
"未成","14","30","44"
"一类","1","43","44"
"胡松","10","34","44"
"请和","31","13","44"
"人问","15","29","44"
"喜曰","43","1","44"
"聚众","27","17","44"
"已定","18","26","44"
"天以","9","35","44"
"尚未","17","27","44"
"定之","21","23","44"
"之余","36","8","44"
"当于","7","37","44"
"海内","23","21","44"
"法驾","25","19","44"
"并赐","21","23","44"
"县民","36","8","44"
"月七","8","36","44"
"八音","25","19","44"
"为乐","20","24","44"
"昊天","27","17","44"
"璇玑","7","37","44"
"从大","13","31","44"
"月五","16","28","44"
"丑日","2","42","44"
"是汉","5","39","44"
"图书","15","29","44"
"日中","42","2","44"
"以取","30","14","44"
"所陈","27","17","44"
"宗又","7","37","44"
"访求","11","33","44"
"相承","23","21","44"
"父丧","15","29","44"
"人同","15","29","44"
"禁卫","17","27","44"
"与陈","13","31","44"
"典籍","4","40","44"
"帝对","1","43","44"
"以显","21","23","44"
"于淮","29","15","44"
"国土","1","43","44"
"服除","41","3","44"
"而其","26","18","44"
"白马","21","23","44"
"火烧","7","37","44"
"美德","1","43","44"
"排斥","7","37","44"
"安居","8","36","44"
"臣诛","42","2","44"
"北流","24","20","44"
"城而","20","24","44"
"又转","6","38","44"
"有灾","9","35","44"
"王恭","19","25","44"
"食物","3","41","44"
"其门","35","9","44"
"南朝","22","22","44"
"法之","21","23","44"
"以经","26","18","44"
"县有","14","30","44"
"门上","5","39","44"
"而人","22","22","44"
"死时","9","35","44"
"浮桥","9","35","44"
"庐舍","22","22","44"
"从东","7","37","44"
"一心","11","33","44"
"袁淑","6","38","44"
"骚动","18","26","44"
"游骑","26","18","44"
"就职","16","28","44"
"评论","1","43","44"
"狱官","21","23","44"
"与同","27","17","44"
"人劝","3","41","44"
"领三","16","28","44"
"货物","2","42","44"
"农业","4","40","44"
"一行","19","25","44"
"引去","43","1","44"
"三佛","21","23","44"
"佛齐","21","23","44"
"晋州","20","24","44"
"薛居","17","27","44"
"营前","21","23","44"
"试进","17","27","44"
"李之","10","34","44"
"乞罢","44","0","44"
"贼李","19","25","44"
"归葬","22","22","44"
"宗谔","23","21","44"
"济饥","8","36","44"
"延和","22","22","44"
"德顺","21","23","44"
"迁官","15","29","44"
"裁定","18","26","44"
"密奏","26","18","44"
"新州","22","22","44"
"张商","21","23","44"
"郑居","20","24","44"
"自便","29","15","44"
"张叔","18","26","44"
"召赴","37","7","44"
"赞舍","22","22","44"
"申节","22","22","44"
"离间","8","36","44"
"举万","23","21","44"
"河池","22","22","44"
"吴挺","15","29","44"
"及时","5","39","44"
"访问","10","34","44"
"陈居","4","40","44"
"汝翼","21","23","44"
"间有","18","26","44"
"收回","1","43","44"
"多盗","22","22","44"
"声称","1","43","44"
"下即","18","26","44"
"用金","2","42","44"
"深厚","8","36","44"
"复仇","17","27","44"
"廉洁","1","43","44"
"被金","1","43","44"
"从皇","2","42","44"
"犯减","0","44","44"
"的故","0","44","44"
"门的","0","44","44"
"礼的","0","44","44"
"丧的","0","44","44"
"寻找","0","44","44"
"让人","0","44","44"
"也很","0","44","44"
"得的","0","44","44"
"到现","0","44","44"
"特殊","0","44","44"
"的北","0","44","44"
"久就","0","44","44"
"灾的","0","44","44"
"过来","0","44","44"
"任给","0","44","44"
"打仗","0","44","44"
"重视","0","44","44"
"的奸","0","44","44"
"给了","0","44","44"
"遗憾","0","44","44"
"里面","0","44","44"
"品行","0","44","44"
"么人","0","44","44"
"运输","0","44","44"
"权的","0","44","44"
"回报","0","44","44"
"收入","0","44","44"
"们就","0","44","44"
"住宿","0","44","44"
"抵达","0","44","44"
"巳曰","0","44","44"
"泅州","0","44","44"
"想以","0","44","44"
"擢升","0","44","44"
"的哥","0","44","44"
"都由","0","44","44"
"整治","0","44","44"
"实情","0","44","44"
"臣都","0","44","44"
"减罪","0","44","44"
"宗曾","0","44","44"
"罪刑","0","44","44"
"我将","7","36","43"
"圣帝","23","20","43"
"法制","7","36","43"
"然则","42","1","43"
"愚谓","43","0","43"
"命于","19","24","43"
"遂不","40","3","43"
"之服","37","6","43"
"大阅","31","12","43"
"城郭","25","18","43"
"卒不","34","9","43"
"或以","39","4","43"
"高尚","4","39","43"
"同事","22","21","43"
"问其","30","13","43"
"立之","36","7","43"
"为护","22","21","43"
"四夷","30","13","43"
"家不","13","30","43"
"赵伯","12","31","43"
"有高","14","29","43"
"地为","25","18","43"
"夫以","27","16","43"
"沙门","29","14","43"
"便有","10","33","43"
"海之","21","22","43"
"险阻","11","32","43"
"如其","39","4","43"
"使得","15","28","43"
"奸人","19","24","43"
"当作","4","39","43"
"行礼","16","27","43"
"入氐","37","6","43"
"虚实","20","23","43"
"入境","29","14","43"
"得无","25","18","43"
"子庙","22","21","43"
"庶几","40","3","43"
"去一","6","37","43"
"以没","9","34","43"
"阙下","40","3","43"
"日历","27","16","43"
"外患","20","23","43"
"战胜","7","36","43"
"为领","20","23","43"
"县公","24","19","43"
"褚渊","20","23","43"
"五寸","22","21","43"
"始三","20","23","43"
"五时","24","19","43"
"中庶","22","21","43"
"名号","11","32","43"
"犯天","20","23","43"
"乌程","22","21","43"
"熙四","13","30","43"
"等六","18","25","43"
"景和","21","22","43"
"以西","29","14","43"
"属东","22","21","43"
"为抚","19","24","43"
"石守","14","29","43"
"德昭","17","26","43"
"国信","23","20","43"
"诏礼","25","18","43"
"德妃","21","22","43"
"公亮","21","22","43"
"以户","29","14","43"
"关师","21","22","43"
"随军","18","25","43"
"春府","22","21","43"
"宁武","22","21","43"
"山水","22","21","43"
"乔行","17","26","43"
"知扬","31","12","43"
"著书","26","17","43"
"并加","23","20","43"
"诏四","27","16","43"
"箕宿","5","38","43"
"宫有","18","25","43"
"知大","23","20","43"
"后改","15","28","43"
"次子","20","23","43"
"上阁","38","5","43"
"流内","22","21","43"
"德元","18","25","43"
"士兼","20","23","43"
"玉牒","36","7","43"
"庆宫","20","23","43"
"益王","19","24","43"
"小学","21","22","43"
"时皇","2","41","43"
"时议","26","17","43"
"州及","27","16","43"
"战不","26","17","43"
"德等","22","21","43"
"击走","38","5","43"
"为始","29","14","43"
"可轻","23","20","43"
"谢天","25","18","43"
"镇恶","20","23","43"
"以公","35","8","43"
"之常","32","11","43"
"零陵","22","21","43"
"在心","5","38","43"
"三郡","22","21","43"
"公田","23","20","43"
"给之","41","2","43"
"之南","29","14","43"
"六郡","22","21","43"
"不收","17","26","43"
"国以","22","21","43"
"在十","7","36","43"
"第七","18","25","43"
"李道","18","25","43"
"杀戮","11","32","43"
"顾琛","4","39","43"
"宗崩","43","0","43"
"史陈","21","22","43"
"史李","22","21","43"
"朝为","11","32","43"
"尺二","22","21","43"
"之如","36","7","43"
"并在","9","34","43"
"官署","2","41","43"
"自上","21","22","43"
"之丧","25","18","43"
"于宫","24","19","43"
"曹郎","22","21","43"
"为光","9","34","43"
"将之","32","11","43"
"西都","18","25","43"
"营建","5","38","43"
"昭皇","20","23","43"
"百家","20","23","43"
"是君","2","41","43"
"称皇","20","23","43"
"主祭","4","39","43"
"未到","2","41","43"
"有赤","25","18","43"
"之失","33","10","43"
"能改","7","36","43"
"有记","4","39","43"
"人作","6","37","43"
"所欲","33","10","43"
"三句","20","23","43"
"大兴","13","30","43"
"忠良","15","28","43"
"悲伤","5","38","43"
"星变","12","31","43"
"军退","5","38","43"
"有急","31","12","43"
"兵法","18","25","43"
"从命","5","38","43"
"吴昌","4","39","43"
"色苍","15","28","43"
"叔父","12","31","43"
"鹿见","43","0","43"
"与义","17","26","43"
"中都","12","31","43"
"与赵","15","28","43"
"不雨","39","4","43"
"人欲","35","8","43"
"兵民","26","17","43"
"不顺","10","33","43"
"师之","31","12","43"
"县男","21","22","43"
"安边","23","20","43"
"潼关","22","21","43"
"人听","3","40","43"
"闭门","15","28","43"
"充实","3","40","43"
"客省","22","21","43"
"凶险","2","41","43"
"始时","1","42","43"
"蠲其","43","0","43"
"征太","36","7","43"
"又召","9","34","43"
"泄露","1","42","43"
"宗于","12","31","43"
"请托","11","32","43"
"州盐","21","22","43"
"仲甫","21","22","43"
"为刑","15","28","43"
"封驳","19","24","43"
"章奏","18","25","43"
"李顺","16","27","43"
"官制","18","25","43"
"绥州","17","26","43"
"农田","12","31","43"
"战马","9","34","43"
"王中","9","34","43"
"彦等","21","22","43"
"中与","16","27","43"
"大猷","15","28","43"
"给刘","2","41","43"
"社会","2","41","43"
"身丁","21","22","43"
"关隘","8","35","43"
"李孟","3","40","43"
"知绍","28","15","43"
"咨询","2","41","43"
"横山","21","22","43"
"理由","1","42","43"
"失地","12","31","43"
"廷中","3","40","43"
"援引","2","41","43"
"随即","3","40","43"
"去华","16","27","43"
"果能","6","37","43"
"孟传","10","33","43"
"办事","4","39","43"
"进逼","5","38","43"
"时青","9","34","43"
"黄震","1","42","43"
"年多","1","42","43"
"时到","1","42","43"
"的租","0","43","43"
"的历","0","43","43"
"星都","0","43","43"
"的了","0","43","43"
"曹魏","0","43","43"
"表彰","0","43","43"
"怜悯","0","43","43"
"喜爱","0","43","43"
"船只","0","43","43"
"们为","0","43","43"
"不需","0","43","43"
"下属","0","43","43"
"要他","0","43","43"
"已很","0","43","43"
"只不","0","43","43"
"次被","0","43","43"
"意了","0","43","43"
"交往","0","43","43"
"快乐","0","43","43"
"都能","0","43","43"
"的样","0","43","43"
"任司","0","43","43"
"侵入","0","43","43"
"被加","0","43","43"
"到重","0","43","43"
"的州","0","43","43"
"应付","0","43","43"
"果真","0","43","43"
"过黄","0","43","43"
"他请","0","43","43"
"国祝","0","43","43"
"上也","14","28","42"
"将在","5","37","42"
"以义","32","10","42"
"无敢","42","0","42"
"不息","24","18","42"
"之君","27","15","42"
"有常","29","13","42"
"皆得","41","1","42"
"世以","32","10","42"
"为当","18","24","42"
"易之","38","4","42"
"大官","10","32","42"
"所当","33","9","42"
"兵丧","42","0","42"
"行者","37","5","42"
"之美","39","3","42"
"之使","41","1","42"
"帝问","31","11","42"
"吴人","25","17","42"
"悉以","42","0","42"
"尝为","42","0","42"
"之得","33","9","42"
"因其","25","17","42"
"万机","28","14","42"
"送之","37","5","42"
"朝之","31","11","42"
"天祚","25","17","42"
"有何","25","17","42"
"等皆","41","1","42"
"大用","33","9","42"
"一面","12","30","42"
"可使","28","14","42"
"理之","28","14","42"
"受任","6","36","42"
"义不","20","22","42"
"之始","38","4","42"
"八州","22","20","42"
"有志","24","18","42"
"自安","34","8","42"
"有自","21","21","42"
"之令","33","9","42"
"谋不","14","28","42"
"竟不","37","5","42"
"如是","42","0","42"
"一不","29","13","42"
"卿等","35","7","42"
"事已","19","23","42"
"下马","17","25","42"
"赏之","38","4","42"
"以母","38","4","42"
"外臣","24","18","42"
"台司","22","20","42"
"事上","21","21","42"
"子学","19","23","42"
"必胜","25","17","42"
"后可","25","17","42"
"可与","29","13","42"
"籍其","41","1","42"
"遣之","40","2","42"
"为车","17","25","42"
"夫王","22","20","42"
"北中","20","22","42"
"南大","20","22","42"
"太医","21","21","42"
"九千","22","20","42"
"太安","23","19","42"
"帝座","5","37","42"
"桓帝","20","22","42"
"嘉六","19","23","42"
"陵令","24","18","42"
"县之","35","7","42"
"钟离","20","22","42"
"通直","20","22","42"
"郡诸","24","18","42"
"阳公","20","22","42"
"贵州","21","21","42"
"道节","21","21","42"
"乡兵","21","21","42"
"吕端","17","25","42"
"阳关","21","21","42"
"监门","21","21","42"
"安仁","22","20","42"
"宗从","6","36","42"
"以吕","32","10","42"
"为制","23","19","42"
"诏江","25","17","42"
"司统","19","23","42"
"端礼","21","21","42"
"品官","7","35","42"
"封子","39","3","42"
"象祖","21","21","42"
"献太","18","24","42"
"应龙","21","21","42"
"参赞","20","22","42"
"子名","7","35","42"
"子宾","21","21","42"
"南剑","21","21","42"
"晋志","42","0","42"
"同日","20","22","42"
"遗诏","19","23","42"
"银器","19","23","42"
"天雄","21","21","42"
"钱百","31","11","42"
"复知","38","4","42"
"中舍","21","21","42"
"诗文","18","24","42"
"为百","17","25","42"
"不亲","20","22","42"
"被重","12","30","42"
"开辟","12","30","42"
"求归","11","31","42"
"怀远","23","19","42"
"为著","10","32","42"
"臣中","7","35","42"
"事一","9","33","42"
"殿门","20","22","42"
"军又","2","40","42"
"论功","16","26","42"
"在近","8","34","42"
"沈怀","18","24","42"
"死不","21","21","42"
"制使","21","21","42"
"甚多","22","20","42"
"忌讳","4","38","42"
"秋冬","25","17","42"
"春夏","25","17","42"
"八尺","21","21","42"
"阴气","13","29","42"
"不中","26","16","42"
"钟磬","14","28","42"
"五官","18","24","42"
"所建","22","20","42"
"下者","39","3","42"
"私情","9","33","42"
"继元","22","20","42"
"在四","5","37","42"
"则大","34","8","42"
"可守","30","12","42"
"帝出","12","30","42"
"条上","33","9","42"
"会见","1","41","42"
"因事","13","29","42"
"闻鼓","24","18","42"
"古时","2","40","42"
"句四","21","21","42"
"色白","19","23","42"
"星从","5","37","42"
"出河","5","37","42"
"一夕","37","5","42"
"在高","5","37","42"
"干宝","29","13","42"
"上太","19","23","42"
"军及","24","18","42"
"大震","32","10","42"
"能决","15","27","42"
"帐下","28","14","42"
"百两","21","21","42"
"观望","15","27","42"
"不发","10","32","42"
"来援","24","18","42"
"使命","12","30","42"
"知有","29","13","42"
"队出","1","41","42"
"狂妄","10","32","42"
"征调","1","41","42"
"富人","15","27","42"
"职官","18","24","42"
"每一","10","32","42"
"有比","1","41","42"
"是火","1","41","42"
"地人","3","39","42"
"求回","1","41","42"
"天旱","2","40","42"
"西兵","25","17","42"
"传檄","16","26","42"
"舍生","18","24","42"
"寿州","17","25","42"
"长春","21","21","42"
"州节","17","25","42"
"礼物","6","36","42"
"极谏","20","22","42"
"官进","15","27","42"
"李穆","10","32","42"
"等贺","42","0","42"
"同州","20","22","42"
"令吴","4","38","42"
"光化","21","21","42"
"振恤","41","1","42"
"神御","30","12","42"
"内藏","21","21","42"
"对宰","2","40","42"
"录系","42","0","42"
"命吕","14","28","42"
"选举","11","31","42"
"东兵","22","20","42"
"买马","14","28","42"
"仁太","12","30","42"
"王似","22","20","42"
"土兵","23","19","42"
"疆土","7","35","42"
"山府","19","23","42"
"朱勔","18","24","42"
"十事","34","8","42"
"特赠","27","15","42"
"事堂","13","29","42"
"狱案","3","39","42"
"李鸣","12","30","42"
"转一","9","33","42"
"病请","5","37","42"
"奎宿","3","39","42"
"申日","1","41","42"
"挽留","4","38","42"
"任京","1","41","42"
"请示","2","40","42"
"宗朝","12","30","42"
"处厚","17","25","42"
"边界","1","41","42"
"要以","6","36","42"
"奸佞","2","40","42"
"除以","1","41","42"
"淮地","1","41","42"
"修养","2","40","42"
"限制","2","40","42"
"接纳","1","41","42"
"是刘","2","40","42"
"才干","2","40","42"
"置的","0","42","42"
"备的","0","42","42"
"美的","0","42","42"
"冬季","0","42","42"
"的物","0","42","42"
"那时","0","42","42"
"这以","0","42","42"
"小时","0","42","42"
"掉他","0","42","42"
"公的","0","42","42"
"多的","0","42","42"
"的副","0","42","42"
"赞赏","0","42","42"
"应了","0","42","42"
"敌寇","0","42","42"
"不做","0","42","42"
"开朝","0","42","42"
"责他","0","42","42"
"辞同","0","42","42"
"任宣","0","42","42"
"放出","0","42","42"
"才开","0","42","42"
"任礼","0","42","42"
"子刘","0","42","42"
"四季","0","42","42"
"宿的","0","42","42"
"适逢","0","42","42"
"相说","0","42","42"
"增援","0","42","42"
"就任","0","42","42"
"吴瞒","0","42","42"
"在所","13","28","41"
"不作","16","25","41"
"而一","26","15","41"
"天有","13","28","41"
"于汉","22","19","41"
"无可","26","15","41"
"十丈","20","21","41"
"贵贱","21","20","41"
"胜之","28","13","41"
"芜湖","21","20","41"
"独立","9","32","41"
"寻以","39","2","41"
"宰辅","23","18","41"
"其自","20","21","41"
"首级","4","37","41"
"后进","19","22","41"
"为诸","32","9","41"
"顷之","41","0","41"
"己任","18","23","41"
"莫若","39","2","41"
"人至","38","3","41"
"变色","27","14","41"
"足为","30","11","41"
"上闻","41","0","41"
"取士","19","22","41"
"若以","36","5","41"
"在人","22","19","41"
"上者","34","7","41"
"医药","21","20","41"
"此非","32","9","41"
"为害","19","22","41"
"所奏","24","17","41"
"不意","29","12","41"
"斥逐","19","22","41"
"老幼","23","18","41"
"王敬","17","24","41"
"千秋","18","23","41"
"张兴","15","26","41"
"万八","21","20","41"
"景帝","16","25","41"
"为奉","15","26","41"
"乡公","19","22","41"
"东上","21","20","41"
"至三","22","19","41"
"六宫","21","20","41"
"武元","21","20","41"
"宋武","18","23","41"
"扶风","20","21","41"
"西公","15","26","41"
"上党","20","21","41"
"口一","20","21","41"
"时分","2","39","41"
"三国","16","25","41"
"成军","17","24","41"
"依前","29","12","41"
"州西","18","23","41"
"班院","21","20","41"
"后苑","21","20","41"
"贝州","18","23","41"
"陵使","19","22","41"
"武学","20","21","41"
"官及","27","14","41"
"深为","18","23","41"
"营都","21","20","41"
"营中","8","33","41"
"王权","12","29","41"
"吴益","13","28","41"
"勇军","19","22","41"
"补外","31","10","41"
"工役","15","26","41"
"讨捕","24","17","41"
"领财","20","21","41"
"备边","22","19","41"
"外宗","21","20","41"
"二广","23","18","41"
"军赵","15","26","41"
"高州","19","22","41"
"宿十","13","28","41"
"常礼","17","24","41"
"礼法","8","33","41"
"至太","21","20","41"
"周易","16","25","41"
"祖命","8","33","41"
"与杨","19","22","41"
"十篇","18","23","41"
"习惯","2","39","41"
"退而","31","10","41"
"议军","18","23","41"
"州分","20","21","41"
"南征","15","26","41"
"过江","23","18","41"
"当与","24","17","41"
"玄篡","17","24","41"
"从弟","37","4","41"
"北归","26","15","41"
"兵守","18","23","41"
"不分","14","27","41"
"拒战","29","12","41"
"文思","20","21","41"
"康之","19","22","41"
"一郡","20","21","41"
"许昌","15","26","41"
"军如","34","7","41"
"遵考","20","21","41"
"陷没","22","19","41"
"原之","28","13","41"
"以广","34","7","41"
"颜竣","9","32","41"
"奏乐","6","35","41"
"因循","18","23","41"
"张敬","15","26","41"
"人力","11","30","41"
"为黄","18","23","41"
"有长","11","30","41"
"至之","31","10","41"
"得大","9","32","41"
"定四","14","27","41"
"太初","21","20","41"
"刘洪","19","22","41"
"见东","39","2","41"
"度半","18","23","41"
"到四","1","40","41"
"日影","8","33","41"
"颇有","16","25","41"
"庙社","24","17","41"
"终没","1","40","41"
"为今","18","23","41"
"传说","3","38","41"
"列于","21","20","41"
"凤皇","39","2","41"
"旧为","8","33","41"
"崇班","21","20","41"
"正等","20","21","41"
"贤者","26","15","41"
"国中","18","23","41"
"一段","2","39","41"
"一会","2","39","41"
"人各","16","25","41"
"从不","3","38","41"
"臣多","20","21","41"
"淮水","11","30","41"
"禅让","2","39","41"
"下百","7","34","41"
"日当","33","8","41"
"里有","4","37","41"
"长大","2","39","41"
"有乱","23","18","41"
"光照","10","31","41"
"其兄","22","19","41"
"军军","19","22","41"
"讨贼","26","15","41"
"称号","2","39","41"
"道而","13","28","41"
"富民","22","19","41"
"官民","19","22","41"
"给百","4","37","41"
"事先","5","36","41"
"后晋","2","39","41"
"时张","17","24","41"
"在青","10","31","41"
"毫不","5","36","41"
"来往","6","35","41"
"北人","26","15","41"
"偏将","16","25","41"
"就命","9","32","41"
"还之","40","1","41"
"本郡","6","35","41"
"大安","22","19","41"
"兵分","14","27","41"
"用大","5","36","41"
"果是","1","40","41"
"及金","38","3","41"
"在新","2","39","41"
"进见","13","28","41"
"祷雨","40","1","41"
"试礼","22","19","41"
"兰州","18","23","41"
"命侍","19","22","41"
"颁行","7","34","41"
"平仓","15","26","41"
"天监","16","25","41"
"属吏","24","17","41"
"交子","19","22","41"
"再任","11","30","41"
"小臣","20","21","41"
"谴责","3","38","41"
"参酌","6","35","41"
"金帅","31","10","41"
"蜡书","22","19","41"
"人侵","9","32","41"
"入奏","33","8","41"
"奏报","1","40","41"
"请朝","9","32","41"
"李好","12","29","41"
"原有","4","37","41"
"淳祐","30","11","41"
"积蓄","4","37","41"
"期限","2","39","41"
"同他","1","40","41"
"求取","2","39","41"
"成绩","2","39","41"
"会被","1","40","41"
"任三","3","38","41"
"地形","4","37","41"
"用意","6","35","41"
"文仲","17","24","41"
"入敌","2","39","41"
"欲望","10","31","41"
"杜莘","3","38","41"
"变故","2","39","41"
"生饥","1","40","41"
"犯人","1","40","41"
"木式","1","40","41"
"步行","2","39","41"
"不认","1","40","41"
"么会","1","40","41"
"南宋","1","40","41"
"当皇","2","39","41"
"到刘","0","41","41"
"心里","0","41","41"
"打猎","0","41","41"
"谈到","0","41","41"
"亮的","0","41","41"
"正遇","0","41","41"
"了我","0","41","41"
"么就","0","41","41"
"是个","0","41","41"
"来临","0","41","41"
"仔细","0","41","41"
"的全","0","41","41"
"住了","0","41","41"
"些事","0","41","41"
"驻在","0","41","41"
"丢下","0","41","41"
"充足","0","41","41"
"是前","0","41","41"
"的敌","0","41","41"
"举的","0","41","41"
"是最","0","41","41"
"的所","0","41","41"
"大量","0","41","41"
"真正","0","41","41"
"识的","0","41","41"
"免他","0","41","41"
"有多","0","41","41"
"人看","0","41","41"
"他还","0","41","41"
"接到","0","41","41"
"到各","0","41","41"
"初次","0","41","41"
"到回","0","41","41"
"氏宿","0","41","41"
"哭着","0","41","41"
"对王","0","41","41"
"都出","0","41","41"
"辰日","0","41","41"
"南各","0","41","41"
"都属","0","41","41"
"上派","0","41","41"
"北的","0","41","41"
"个时","0","41","41"
"帝到","0","41","41"
"初期","0","41","41"
"祭的","0","41","41"
"到城","0","41","41"
"等都","0","41","41"
"他担","0","41","41"
"治的","0","41","41"
"恶这","0","41","41"
"队进","0","41","41"
"社翟","0","41","41"
"命左","13","27","40"
"一代","14","26","40"
"得为","28","12","40"
"各二","24","16","40"
"识者","40","0","40"
"哀帝","19","21","40"
"并同","35","5","40"
"异议","20","20","40"
"任使","18","22","40"
"事多","27","13","40"
"自处","11","29","40"
"有识","16","24","40"
"兵自","30","10","40"
"逆之","23","17","40"
"有生","13","27","40"
"石之","25","15","40"
"三台","20","20","40"
"以宣","29","11","40"
"以亲","26","14","40"
"到之","1","39","40"
"为庆","17","23","40"
"殿下","17","23","40"
"之难","33","7","40"
"无他","32","8","40"
"以辅","33","7","40"
"有心","16","24","40"
"于诸","31","9","40"
"安远","19","21","40"
"为贼","36","4","40"
"如旧","28","12","40"
"议之","28","12","40"
"求以","9","31","40"
"大雅","20","20","40"
"而可","29","11","40"
"因上","19","21","40"
"嘉元","20","20","40"
"东王","19","21","40"
"晋熙","19","21","40"
"景素","19","21","40"
"为兴","16","24","40"
"见太","16","24","40"
"月又","17","23","40"
"贵乡","19","21","40"
"景元","18","22","40"
"紫宫","22","18","40"
"败走","30","10","40"
"在房","17","23","40"
"第六","16","24","40"
"建业","19","21","40"
"嘉五","17","23","40"
"孝怀","19","21","40"
"简文","18","22","40"
"阳平","20","20","40"
"沙州","19","21","40"
"崔彦","20","20","40"
"武卫","20","20","40"
"以翰","33","7","40"
"榷场","17","23","40"
"剑南","20","20","40"
"科及","21","19","40"
"磁州","14","26","40"
"清臣","20","20","40"
"宗回","12","28","40"
"离不","17","23","40"
"诏河","23","17","40"
"州贼","18","22","40"
"在都","7","33","40"
"世雄","19","21","40"
"军还","20","20","40"
"刘宝","20","20","40"
"御书","24","16","40"
"有违","10","30","40"
"义仓","19","21","40"
"器监","20","20","40"
"守法","8","32","40"
"官张","17","23","40"
"承信","20","20","40"
"留梦","11","29","40"
"李庭","14","26","40"
"宿北","6","34","40"
"五车","20","20","40"
"正少","20","20","40"
"淮宁","20","20","40"
"以东","28","12","40"
"兴初","21","19","40"
"五岳","19","21","40"
"国朝","25","15","40"
"贾黯","1","39","40"
"本末","25","15","40"
"六经","20","20","40"
"锋军","19","21","40"
"大帅","23","17","40"
"死伤","17","23","40"
"马元","14","26","40"
"兴复","30","10","40"
"汉以","25","15","40"
"于长","28","12","40"
"军留","20","20","40"
"将至","32","8","40"
"延寿","20","20","40"
"下也","23","17","40"
"强弱","21","19","40"
"西讨","27","13","40"
"前殿","18","22","40"
"禁锢","15","25","40"
"宿卫","27","13","40"
"至日","20","20","40"
"以助","30","10","40"
"瓜步","20","20","40"
"领大","4","36","40"
"师伯","18","22","40"
"渊为","15","25","40"
"以宽","19","21","40"
"伯玉","18","22","40"
"以淮","28","12","40"
"逃避","5","35","40"
"天生","11","29","40"
"者各","27","13","40"
"等不","23","17","40"
"减一","22","18","40"
"加一","5","35","40"
"令在","5","35","40"
"而王","18","22","40"
"尊重","1","39","40"
"礼相","3","37","40"
"官议","27","13","40"
"同月","2","38","40"
"卿大","14","26","40"
"有子","20","20","40"
"共一","5","35","40"
"以外","12","28","40"
"数不","13","27","40"
"保佑","7","33","40"
"以道","25","15","40"
"车上","2","38","40"
"祠庙","12","28","40"
"明天","7","33","40"
"上去","2","38","40"
"在宗","8","32","40"
"二曰","40","0","40"
"三曰","38","2","40"
"以问","37","3","40"
"东之","28","12","40"
"统兵","13","27","40"
"自相","18","22","40"
"盛世","4","36","40"
"难之","26","14","40"
"突围","17","23","40"
"积聚","7","33","40"
"乱臣","17","23","40"
"于市","31","9","40"
"在左","10","30","40"
"战船","8","32","40"
"当涂","21","19","40"
"南城","18","22","40"
"白麞","39","1","40"
"雀见","40","0","40"
"州东","19","21","40"
"从南","11","29","40"
"西城","19","21","40"
"人打","1","39","40"
"实不","17","23","40"
"是五","3","37","40"
"水土","5","35","40"
"肃皇","17","23","40"
"便是","3","37","40"
"急于","20","20","40"
"使百","6","34","40"
"广渊","18","22","40"
"奏上","6","34","40"
"残害","9","31","40"
"本性","1","39","40"
"拱手","13","27","40"
"自写","1","39","40"
"上问","18","22","40"
"毫无","3","37","40"
"少不","6","34","40"
"中庸","20","20","40"
"李元","16","24","40"
"来得","2","38","40"
"州副","20","20","40"
"觉察","16","24","40"
"继恩","20","20","40"
"贺州","18","22","40"
"前任","1","39","40"
"宋琪","15","25","40"
"赵光","1","39","40"
"为谏","19","21","40"
"惟清","19","21","40"
"给军","15","25","40"
"听任","1","39","40"
"路副","19","21","40"
"州将","18","22","40"
"进对","20","20","40"
"侍立","17","23","40"
"刘恕","2","38","40"
"臣一","8","32","40"
"廷对","12","28","40"
"筠州","26","14","40"
"门宣","20","20","40"
"张所","10","30","40"
"邦乂","22","18","40"
"夹击","17","23","40"
"贺天","20","20","40"
"汪藻","5","35","40"
"劾罢","20","20","40"
"面上","1","39","40"
"授职","2","38","40"
"西各","2","38","40"
"天都","2","38","40"
"赖以","29","11","40"
"郊外","3","37","40"
"廷下","4","36","40"
"练习","5","35","40"
"舜钦","17","23","40"
"李定","8","32","40"
"告老","11","29","40"
"儿女","4","36","40"
"援救","1","39","40"
"附和","10","30","40"
"金营","12","28","40"
"哀伤","2","38","40"
"黄庭","8","32","40"
"一止","19","21","40"
"人还","5","35","40"
"说得","0","40","40"
"击他","0","40","40"
"世了","0","40","40"
"多了","0","40","40"
"样子","0","40","40"
"认真","0","40","40"
"解决","0","40","40"
"看不","0","40","40"
"帝逝","0","40","40"
"在哪","0","40","40"
"年了","0","40","40"
"正常","0","40","40"
"的几","0","40","40"
"赞同","0","40","40"
"的死","0","40","40"
"望皇","0","40","40"
"幸的","0","40","40"
"马的","0","40","40"
"们这","0","40","40"
"帅的","0","40","40"
"被敌","0","40","40"
"的朝","0","40","40"
"劝他","0","40","40"
"住他","0","40","40"
"好比","0","40","40"
"掌权","0","40","40"
"贼的","0","40","40"
"逃回","0","40","40"
"政策","0","40","40"
"带的","0","40","40"
"边区","0","40","40"
"被打","0","40","40"
"论处","0","40","40"
"祈求","0","40","40"
"的爵","0","40","40"
"依次","0","40","40"
"财政","0","40","40"
"策划","0","40","40"
"他进","0","40","40"
"决心","0","40","40"
"卯日","0","40","40"
"卯曰","0","40","40"
"川的","0","40","40"
"惊恐","0","40","40"
"亲手","0","40","40"
"的符","0","40","40"
"的守","0","40","40"
"斥责","0","40","40"
"共十","0","40","40"
"佩服","0","40","40"
"揭发","0","40","40"
"丘祭","0","40","40"
"防止","0","40","40"
"给张","0","40","40"
"殿接","0","40","40"
"任户","0","40","40"
"旦说","0","40","40"
"一无","23","16","39"
"官也","21","18","39"
"咸熙","21","18","39"
"各以","30","9","39"
"犹有","38","1","39"
"之至","37","2","39"
"至和","18","21","39"
"大同","20","19","39"
"反覆","37","2","39"
"以补","23","16","39"
"甚厚","36","3","39"
"异姓","20","19","39"
"之北","25","14","39"
"以内","24","15","39"
"方来","17","22","39"
"智渊","17","22","39"
"司所","26","13","39"
"衣食","20","19","39"
"而知","22","17","39"
"应有","17","22","39"
"文之","27","12","39"
"复大","24","15","39"
"入卫","31","8","39"
"于帝","34","5","39"
"之论","33","6","39"
"所亲","28","11","39"
"称疾","34","5","39"
"得自","26","13","39"
"涂炭","22","17","39"
"闻于","35","4","39"
"公侯","20","19","39"
"侯之","23","16","39"
"其利","33","6","39"
"帝有","16","23","39"
"为利","20","19","39"
"以救","24","15","39"
"子而","21","18","39"
"臣言","37","2","39"
"为难","22","17","39"
"凡三","38","1","39"
"月而","28","11","39"
"其势","32","7","39"
"次第","28","11","39"
"毛德","5","34","39"
"顺阳","20","19","39"
"军建","19","20","39"
"谒者","18","21","39"
"天王","17","22","39"
"已死","13","26","39"
"雁门","19","20","39"
"贯日","34","5","39"
"怀玉","17","22","39"
"阳三","19","20","39"
"三上","34","5","39"
"王超","17","22","39"
"顺军","18","21","39"
"旦为","17","22","39"
"加太","25","14","39"
"曹玮","13","26","39"
"慈圣","20","19","39"
"博文","18","21","39"
"为济","17","22","39"
"韩缜","13","26","39"
"威武","16","23","39"
"郎张","19","20","39"
"宗元","16","23","39"
"连州","19","20","39"
"守忠","19","20","39"
"忠勇","20","19","39"
"之仪","31","8","39"
"东总","19","20","39"
"陆秀","9","30","39"
"元游","22","17","39"
"道元","20","19","39"
"师雄","20","19","39"
"作坊","19","20","39"
"合为","20","19","39"
"昭州","20","19","39"
"磨勘","22","17","39"
"庆寿","19","20","39"
"先为","20","19","39"
"杀伤","19","20","39"
"入东","28","11","39"
"为楚","14","25","39"
"我方","1","38","39"
"并没","6","33","39"
"是得","13","26","39"
"陵城","14","25","39"
"以千","27","12","39"
"赐其","32","7","39"
"用王","14","25","39"
"五郡","19","20","39"
"在国","4","35","39"
"丰厚","3","36","39"
"所造","32","7","39"
"诏太","24","15","39"
"高下","23","16","39"
"长于","17","22","39"
"鲜于","3","36","39"
"年又","5","34","39"
"至十","29","10","39"
"星之","20","19","39"
"而与","29","10","39"
"时刻","1","38","39"
"失之","33","6","39"
"应以","18","21","39"
"下应","3","36","39"
"不使","30","9","39"
"臣又","15","24","39"
"子及","26","13","39"
"宋高","3","36","39"
"一举","14","25","39"
"服制","7","32","39"
"之门","28","11","39"
"何偃","9","30","39"
"有先","12","27","39"
"魏朝","4","35","39"
"者五","34","5","39"
"求下","1","38","39"
"人议","13","26","39"
"从行","29","10","39"
"国都","4","35","39"
"职者","21","18","39"
"流血","21","18","39"
"奇兵","17","22","39"
"英雄","10","29","39"
"退之","29","10","39"
"人忧","31","8","39"
"围城","21","18","39"
"为赵","7","32","39"
"北行","22","17","39"
"自将","38","1","39"
"怀肃","14","25","39"
"军出","16","23","39"
"其主","36","3","39"
"人如","13","26","39"
"之去","15","24","39"
"王即","17","22","39"
"树上","4","35","39"
"又降","14","25","39"
"润泽","13","26","39"
"郡城","14","25","39"
"以治","21","18","39"
"祭太","2","37","39"
"军北","12","27","39"
"胡人","6","33","39"
"上来","2","37","39"
"南之","24","15","39"
"有任","3","36","39"
"所荐","29","10","39"
"奇之","37","2","39"
"恭谨","4","35","39"
"相待","8","31","39"
"军功","17","22","39"
"人乘","17","22","39"
"劳苦","10","29","39"
"游玩","2","37","39"
"刻石","21","18","39"
"后任","3","36","39"
"杀敌","5","34","39"
"意不","21","18","39"
"上在","4","35","39"
"事时","6","33","39"
"麾下","36","3","39"
"五军","21","18","39"
"直不","8","31","39"
"乡人","22","17","39"
"度不","18","21","39"
"土豪","22","17","39"
"然如","6","33","39"
"以我","9","30","39"
"是金","2","37","39"
"失实","17","22","39"
"司法","20","19","39"
"钱米","20","19","39"
"言极","19","20","39"
"甘州","17","22","39"
"人率","3","36","39"
"指斥","11","28","39"
"中府","18","21","39"
"军储","22","17","39"
"阆州","23","16","39"
"知成","27","12","39"
"令两","3","36","39"
"李福","3","36","39"
"家族","7","32","39"
"戚纶","2","37","39"
"后垂","19","20","39"
"不曾","1","38","39"
"典故","20","19","39"
"审察","12","27","39"
"解潜","19","20","39"
"为徽","11","28","39"
"杨惟","19","20","39"
"书上","6","33","39"
"决策","13","26","39"
"抚处","19","20","39"
"降金","14","25","39"
"张琪","14","25","39"
"任直","1","38","39"
"夺三","12","27","39"
"下后","6","33","39"
"学教","18","21","39"
"程松","15","24","39"
"退去","1","38","39"
"寅日","6","33","39"
"午日","1","38","39"
"上听","4","35","39"
"捐躯","5","34","39"
"朝时","1","38","39"
"监督","1","38","39"
"说自","1","38","39"
"去丧","1","38","39"
"泛滥","2","37","39"
"号忠","3","36","39"
"将此","2","37","39"
"被人","1","38","39"
"又调","1","38","39"
"巳日","1","38","39"
"固然","1","38","39"
"退却","1","38","39"
"美好","0","39","39"
"程度","0","39","39"
"传来","0","39","39"
"到国","0","39","39"
"加了","0","39","39"
"去掉","0","39","39"
"就去","0","39","39"
"病重","0","39","39"
"高低","0","39","39"
"歌唱","0","39","39"
"能做","0","39","39"
"向天","0","39","39"
"作了","0","39","39"
"祭品","0","39","39"
"的指","0","39","39"
"的服","0","39","39"
"观点","0","39","39"
"大地","0","39","39"
"到五","0","39","39"
"的颜","0","39","39"
"长出","0","39","39"
"亮进","0","39","39"
"的性","0","39","39"
"去做","0","39","39"
"说大","0","39","39"
"贬到","0","39","39"
"通的","0","39","39"
"说到","0","39","39"
"他升","0","39","39"
"赶上","0","39","39"
"段时","0","39","39"
"奏的","0","39","39"
"偿还","0","39","39"
"惯例","0","39","39"
"务的","0","39","39"
"宗去","0","39","39"
"被起","0","39","39"
"听取","0","39","39"
"购买","0","39","39"
"的势","0","39","39"
"州设","0","39","39"
"闻名","0","39","39"
"的首","0","39","39"
"生战","0","39","39"
"范围","0","39","39"
"述了","0","39","39"
"随着","0","39","39"
"的考","0","39","39"
"去除","0","39","39"
"马驾","0","39","39"
"四次","0","39","39"
"惊奇","0","39","39"
"暗淡","0","39","39"
"附祭","0","39","39"
"史篙","0","39","39"
"篙之","0","39","39"
"传之","26","12","38"
"详议","29","9","38"
"为逆","26","12","38"
"而当","19","19","38"
"马彪","20","18","38"
"具有","3","35","38"
"有无","20","18","38"
"受其","26","12","38"
"观之","31","7","38"
"周之","34","4","38"
"道上","9","29","38"
"至元","23","15","38"
"不入","26","12","38"
"于礼","25","13","38"
"教之","36","2","38"
"委以","21","17","38"
"身之","20","18","38"
"允中","20","18","38"
"为宜","27","11","38"
"黜陟","37","1","38"
"未之","38","0","38"
"欲为","34","4","38"
"政以","25","13","38"
"大逆","20","18","38"
"生存","1","37","38"
"有实","7","31","38"
"无异","30","8","38"
"将自","14","24","38"
"辎重","23","15","38"
"九江","20","18","38"
"不觉","20","18","38"
"令之","31","7","38"
"自保","11","27","38"
"广大","8","30","38"
"枉法","14","24","38"
"攻守","21","17","38"
"岁饥","36","2","38"
"力学","20","18","38"
"月不","24","14","38"
"与战","32","6","38"
"上进","5","33","38"
"狱讼","26","12","38"
"责之","36","2","38"
"叩头","10","28","38"
"下事","28","10","38"
"仓卒","29","9","38"
"事理","5","33","38"
"听讼","30","8","38"
"其徒","37","1","38"
"奉天","16","22","38"
"仲德","19","19","38"
"史江","19","19","38"
"汝阳","17","21","38"
"以河","35","3","38"
"给五","14","24","38"
"太中","19","19","38"
"月奄","38","0","38"
"熙五","16","22","38"
"汉光","17","21","38"
"武康","19","19","38"
"熙初","19","19","38"
"四县","18","20","38"
"户一","20","18","38"
"属临","19","19","38"
"不论","8","30","38"
"顾觊","3","35","38"
"章太","17","21","38"
"室参","19","19","38"
"始平","21","17","38"
"信为","16","22","38"
"守司","18","20","38"
"卫步","19","19","38"
"以黄","26","12","38"
"州进","9","29","38"
"婕妤","21","17","38"
"州牧","17","21","38"
"除其","16","22","38"
"贾昌","18","20","38"
"曾孙","19","19","38"
"等事","15","23","38"
"路制","16","22","38"
"贯为","17","21","38"
"建阳","19","19","38"
"平南","21","17","38"
"制科","20","18","38"
"制李","19","19","38"
"加食","18","20","38"
"徐清","19","19","38"
"元凤","18","20","38"
"于会","20","18","38"
"信郎","19","19","38"
"十度","18","20","38"
"郡夫","19","19","38"
"子妃","17","21","38"
"惟吉","19","19","38"
"州上","18","20","38"
"知兴","28","10","38"
"国三","17","21","38"
"内铨","21","17","38"
"常山","20","18","38"
"曹州","15","23","38"
"梓州","18","20","38"
"三朝","19","19","38"
"传授","3","35","38"
"孝子","17","21","38"
"洪天","5","33","38"
"泽州","17","21","38"
"能守","18","20","38"
"义斌","18","20","38"
"退还","18","20","38"
"一处","8","30","38"
"之弟","23","15","38"
"从子","29","9","38"
"纵火","26","12","38"
"以兴","30","8","38"
"所败","34","4","38"
"回避","4","34","38"
"胜负","18","20","38"
"而回","1","37","38"
"有应","6","32","38"
"慧度","16","22","38"
"为刘","13","25","38"
"驾幸","33","5","38"
"之进","22","16","38"
"或不","31","7","38"
"魏军","3","35","38"
"营阳","18","20","38"
"称职","9","29","38"
"右光","19","19","38"
"事刘","20","18","38"
"史临","19","19","38"
"改用","9","29","38"
"昌王","19","19","38"
"之西","24","14","38"
"新蔡","19","19","38"
"败退","10","28","38"
"上于","16","22","38"
"颜师","15","23","38"
"子顼","20","18","38"
"御制","21","17","38"
"其上","33","5","38"
"圣王","18","20","38"
"刘歆","17","21","38"
"以定","31","7","38"
"以节","17","21","38"
"在下","9","29","38"
"纠正","4","34","38"
"年有","12","26","38"
"为火","38","0","38"
"谢综","6","32","38"
"为权","6","32","38"
"满三","10","28","38"
"夫不","24","14","38"
"以子","34","4","38"
"又议","23","15","38"
"后大","7","31","38"
"服他","1","37","38"
"月六","5","33","38"
"车服","22","16","38"
"外有","12","26","38"
"安于","19","19","38"
"人当","15","23","38"
"吊祭","22","16","38"
"中从","14","24","38"
"诏从","22","16","38"
"星辰","11","27","38"
"人王","18","20","38"
"欢乐","5","33","38"
"故乡","7","31","38"
"兵卒","13","25","38"
"盖天","18","20","38"
"差不","4","34","38"
"变为","6","32","38"
"向说","18","20","38"
"内乱","15","23","38"
"人氏","1","37","38"
"翼宿","5","33","38"
"头上","2","36","38"
"不道","16","22","38"
"终日","26","12","38"
"不追","6","32","38"
"州出","2","36","38"
"过之","22","16","38"
"余杭","19","19","38"
"白燕","19","19","38"
"边城","21","17","38"
"生水","2","36","38"
"不附","21","17","38"
"洪水","2","36","38"
"州一","4","34","38"
"叛兵","11","27","38"
"时已","19","19","38"
"守江","12","26","38"
"溃散","5","33","38"
"节钺","29","9","38"
"力于","8","30","38"
"二宿","2","36","38"
"军用","12","26","38"
"同文","15","23","38"
"溺死","22","16","38"
"下自","14","24","38"
"复职","11","27","38"
"尝言","38","0","38"
"令杨","2","36","38"
"兵与","14","24","38"
"职守","5","33","38"
"名马","19","19","38"
"河以","9","29","38"
"者斩","23","15","38"
"其官","28","10","38"
"府尹","8","30","38"
"登州","16","22","38"
"齐州","16","22","38"
"州判","16","22","38"
"诏褒","25","13","38"
"州赵","20","18","38"
"侵占","1","37","38"
"明肃","19","19","38"
"王尧","7","31","38"
"福宁","19","19","38"
"司条","18","20","38"
"王宗","22","16","38"
"察访","16","22","38"
"景园","19","19","38"
"营使","19","19","38"
"循州","19","19","38"
"平安","1","37","38"
"帅守","19","19","38"
"臣刘","17","21","38"
"川陕","15","23","38"
"在建","4","34","38"
"不按","1","37","38"
"义问","18","20","38"
"调发","15","23","38"
"祖泰","18","20","38"
"崔与","17","21","38"
"到官","5","33","38"
"时常","2","36","38"
"草制","26","12","38"
"员都","2","36","38"
"再用","5","33","38"
"某人","10","28","38"
"通达","3","35","38"
"起大","6","32","38"
"廷议","15","23","38"
"旦曰","38","0","38"
"沉默","2","36","38"
"捷报","1","37","38"
"千言","24","14","38"
"判决","1","37","38"
"阿谀","4","34","38"
"触犯","1","37","38"
"辰曰","4","34","38"
"力陈","12","26","38"
"而他","3","35","38"
"宽容","1","37","38"
"功升","1","37","38"
"慎重","1","37","38"
"他也","2","36","38"
"任吏","1","37","38"
"半夜","2","36","38"
"祝寿","1","37","38"
"兵和","1","37","38"
"等地","1","37","38"
"的尸","0","38","38"
"不管","0","38","38"
"没收","0","38","38"
"正式","0","38","38"
"的品","0","38","38"
"神的","0","38","38"
"路的","0","38","38"
"众的","0","38","38"
"载的","0","38","38"
"先的","0","38","38"
"室的","0","38","38"
"天早","0","38","38"
"越过","0","38","38"
"下雪","0","38","38"
"话的","0","38","38"
"会儿","0","38","38"
"的力","0","38","38"
"价格","0","38","38"
"般的","0","38","38"
"好了","0","38","38"
"集在","0","38","38"
"功的","0","38","38"
"的骑","0","38","38"
"著的","0","38","38"
"的实","0","38","38"
"你是","0","38","38"
"力的","0","38","38"
"司的","0","38","38"
"守孝","0","38","38"
"河的","0","38","38"
"为借","0","38","38"
"病的","0","38","38"
"绝了","0","38","38"
"谣说","0","38","38"
"午曰","0","38","38"
"攫王","0","38","38"
"任提","0","38","38"
"人担","0","38","38"
"截断","0","38","38"
"最初","0","38","38"
"暗地","0","38","38"
"即将","0","38","38"
"队攻","0","38","38"
"劝勉","0","38","38"
"的推","0","38","38"
"么天","0","38","38"
"裹说","0","38","38"
"的宗","0","38","38"
"伏在","0","38","38"
"次到","0","38","38"
"白獐","0","38","38"
"雀出","0","38","38"
"决辞","0","38","38"
"军侵","0","38","38"
"他推","0","38","38"
"子沈","0","38","38"
"在闹","0","38","38"
"阎门","0","38","38"
"去其","24","13","37"
"农事","9","28","37"
"未拜","30","7","37"
"朔方","20","17","37"
"正声","17","20","37"
"虫之","19","18","37"
"以臣","28","9","37"
"以龙","25","12","37"
"夺其","33","4","37"
"之谓","37","0","37"
"其义","35","2","37"
"皇天","12","25","37"
"平日","21","16","37"
"行其","27","10","37"
"心丧","16","21","37"
"生民","32","5","37"
"并用","15","22","37"
"国不","22","15","37"
"者众","33","4","37"
"众皆","37","0","37"
"自谓","36","1","37"
"所闻","23","14","37"
"举之","29","8","37"
"岂能","19","18","37"
"进之","27","10","37"
"虚心","15","22","37"
"之手","10","27","37"
"以与","20","17","37"
"必死","21","16","37"
"于内","28","9","37"
"惊扰","17","20","37"
"有明","10","27","37"
"以人","22","15","37"
"可复","33","4","37"
"自去","11","26","37"
"器甲","25","12","37"
"国通","19","18","37"
"王莽","14","23","37"
"则无","34","3","37"
"马大","17","20","37"
"昭穆","21","16","37"
"谏之","25","12","37"
"道育","18","19","37"
"有同","6","31","37"
"遭母","7","30","37"
"至自","34","3","37"
"食国","18","19","37"
"以赐","34","3","37"
"乃遣","37","0","37"
"巢穴","16","21","37"
"其形","25","12","37"
"其租","28","9","37"
"其亲","28","9","37"
"国四","15","22","37"
"当国","30","7","37"
"集议","34","3","37"
"特立","23","14","37"
"言而","27","10","37"
"之备","36","1","37"
"其月","35","2","37"
"刘粹","17","20","37"
"敬弘","15","22","37"
"北大","19","18","37"
"稽太","17","20","37"
"被害","14","23","37"
"建二","18","19","37"
"南昌","20","17","37"
"晋海","19","18","37"
"晋明","18","19","37"
"葛恪","12","25","37"
"直郎","18","19","37"
"王钱","13","24","37"
"田重","16","21","37"
"代都","5","32","37"
"王昭","11","26","37"
"多疾","28","9","37"
"世孙","18","19","37"
"准为","15","22","37"
"烈皇","19","18","37"
"公弼","18","19","37"
"刑院","18","19","37"
"等进","14","23","37"
"者四","29","8","37"
"之奇","18","19","37"
"中王","17","20","37"
"许翰","11","26","37"
"命御","11","26","37"
"聂昌","8","29","37"
"宜文","18","19","37"
"以钱","29","8","37"
"更不","13","24","37"
"代行","10","27","37"
"卒以","34","3","37"
"人复","34","3","37"
"兴等","18","19","37"
"善湘","16","21","37"
"观兼","19","18","37"
"奉太","14","23","37"
"靖州","17","20","37"
"环卫","17","20","37"
"天门","16","21","37"
"除旧","15","22","37"
"其先","32","5","37"
"判河","22","15","37"
"迁为","10","27","37"
"判吏","20","17","37"
"又徙","31","6","37"
"益柔","16","21","37"
"再迁","31","6","37"
"理财","14","23","37"
"指南","12","25","37"
"及三","30","7","37"
"大志","16","21","37"
"旬日","35","2","37"
"复还","34","3","37"
"死战","20","17","37"
"封赏","6","31","37"
"失色","21","16","37"
"分军","27","10","37"
"分遣","31","6","37"
"班剑","19","18","37"
"父之","27","10","37"
"方兴","22","15","37"
"园陵","19","18","37"
"无礼","18","19","37"
"为战","11","26","37"
"必先","30","7","37"
"之长","26","11","37"
"令陈","9","28","37"
"之月","20","17","37"
"常在","11","26","37"
"朔日","10","27","37"
"相约","3","34","37"
"古者","36","1","37"
"为丧","31","6","37"
"刘备","11","26","37"
"时是","2","35","37"
"后土","20","17","37"
"以同","17","20","37"
"有终","21","16","37"
"家事","19","18","37"
"正义","3","34","37"
"慨然","26","11","37"
"文昌","19","18","37"
"言以","26","11","37"
"有警","25","12","37"
"以全","28","9","37"
"有故","33","4","37"
"已上","32","5","37"
"送往","4","33","37"
"牺牲","5","32","37"
"人意","14","23","37"
"中官","20","17","37"
"武泰","19","18","37"
"爱好","5","32","37"
"以修","20","17","37"
"言行","9","28","37"
"光为","16","21","37"
"天水","18","19","37"
"宦者","32","5","37"
"在洛","10","27","37"
"政者","10","27","37"
"在扬","11","26","37"
"杀王","10","27","37"
"在临","5","32","37"
"军有","13","24","37"
"犯木","2","35","37"
"职不","3","34","37"
"嵩山","16","21","37"
"之孽","18","19","37"
"威福","28","9","37"
"宽厚","9","28","37"
"时刘","8","29","37"
"子上","5","32","37"
"留任","4","33","37"
"文宣","20","17","37"
"使陈","19","18","37"
"江口","19","18","37"
"义勇","17","20","37"
"回师","3","34","37"
"镇之","19","18","37"
"以病","28","9","37"
"政不","22","15","37"
"引导","1","36","37"
"捕之","35","2","37"
"亲政","23","14","37"
"不求","25","12","37"
"州中","7","30","37"
"争夺","2","35","37"
"世传","18","19","37"
"求在","1","36","37"
"抗拒","3","34","37"
"出境","19","18","37"
"国政","11","26","37"
"周太","8","29","37"
"常参","18","19","37"
"麟州","13","24","37"
"士安","18","19","37"
"与宰","17","20","37"
"濮州","19","18","37"
"赃吏","19","18","37"
"察官","18","19","37"
"令州","9","28","37"
"请降","29","8","37"
"卢斌","1","36","37"
"成州","18","19","37"
"嘉州","17","20","37"
"荣州","18","19","37"
"衢州","25","12","37"
"通州","16","21","37"
"方军","2","35","37"
"晁迥","9","28","37"
"离京","1","36","37"
"顺行","4","33","37"
"运粮","13","24","37"
"请祠","36","1","37"
"御集","29","8","37"
"请对","28","9","37"
"西经","17","20","37"
"任监","3","34","37"
"吕诲","15","22","37"
"辽主","18","19","37"
"垂拱","20","17","37"
"招谕","19","18","37"
"试中","20","17","37"
"李常","9","28","37"
"今后","7","30","37"
"酒税","18","19","37"
"德宫","18","19","37"
"正中","13","24","37"
"和皇","5","32","37"
"宗诏","9","28","37"
"翔府","19","18","37"
"张去","8","29","37"
"干预","3","34","37"
"胡寅","15","22","37"
"驻兵","13","24","37"
"并将","2","35","37"
"论时","15","22","37"
"该以","1","36","37"
"知阁","32","5","37"
"嘉泰","15","22","37"
"暴露","7","30","37"
"二秩","27","10","37"
"府少","18","19","37"
"胡瑗","7","30","37"
"敦颐","10","27","37"
"宗将","16","21","37"
"手持","2","35","37"
"分路","10","27","37"
"时任","4","33","37"
"勉强","4","33","37"
"袁枢","2","35","37"
"手中","1","36","37"
"尊敬","1","36","37"
"在边","5","32","37"
"蔡元","2","35","37"
"子说","1","36","37"
"时便","1","36","37"
"是应","1","36","37"
"为由","2","35","37"
"著名","1","36","37"
"我自","3","34","37"
"在永","3","34","37"
"五种","1","36","37"
"奏书","2","35","37"
"活着","0","37","37"
"宽恕","0","37","37"
"盛的","0","37","37"
"立了","0","37","37"
"人想","0","37","37"
"所做","0","37","37"
"夏季","0","37","37"
"周朝","0","37","37"
"敬献","0","37","37"
"现今","0","37","37"
"的福","0","37","37"
"和的","0","37","37"
"观赏","0","37","37"
"僭越","0","37","37"
"人回","0","37","37"
"上没","0","37","37"
"活动","0","37","37"
"失的","0","37","37"
"实的","0","37","37"
"们在","0","37","37"
"望的","0","37","37"
"除他","0","37","37"
"看重","0","37","37"
"流泪","0","37","37"
"结交","0","37","37"
"才的","0","37","37"
"恨他","0","37","37"
"宗没","0","37","37"
"祠观","0","37","37"
"离朝","0","37","37"
"邪的","0","37","37"
"诉了","0","37","37"
"用它","0","37","37"
"束井","0","37","37"
"酉曰","0","37","37"
"时属","0","37","37"
"附朝","0","37","37"
"夜里","0","37","37"
"在石","0","37","37"
"秉承","0","37","37"
"他交","0","37","37"
"他和","0","37","37"
"重他","0","37","37"
"扩大","0","37","37"
"的决","0","37","37"
"都的","0","37","37"
"振兴","0","37","37"
"也在","0","37","37"
"发表","0","37","37"
"部的","0","37","37"
"等候","0","37","37"
"享年","0","37","37"
"次派","0","37","37"
"部边","0","37","37"
"醛泉","0","37","37"
"钦二","0","37","37"
"县知","0","37","37"
"次任","0","37","37"
"诸君","28","8","36"
"大晋","20","16","36"
"之方","30","6","36"
"以名","33","3","36"
"以昭","19","17","36"
"郊庙","23","13","36"
"之辞","23","13","36"
"会通","13","23","36"
"制服","8","28","36"
"宜以","36","0","36"
"以立","26","10","36"
"时用","7","29","36"
"于文","23","13","36"
"所乘","22","14","36"
"以配","20","16","36"
"军旅","29","7","36"
"领之","34","2","36"
"万安","20","16","36"
"为多","29","7","36"
"事变","10","26","36"
"此言","32","4","36"
"凡有","19","17","36"
"以德","27","9","36"
"以奉","33","3","36"
"其性","30","6","36"
"为德","18","18","36"
"且以","21","15","36"
"金石","24","12","36"
"之举","21","15","36"
"谁能","6","30","36"
"而入","18","18","36"
"则可","22","14","36"
"而动","20","16","36"
"书奏","21","15","36"
"幼时","7","29","36"
"疆场","21","15","36"
"或是","4","32","36"
"意也","33","3","36"
"忧去","36","0","36"
"去位","33","3","36"
"故有","32","4","36"
"升州","17","19","36"
"以恩","26","10","36"
"修德","25","11","36"
"是军","4","32","36"
"茂良","18","18","36"
"继之","29","7","36"
"之请","25","11","36"
"家为","17","19","36"
"童子","21","15","36"
"或谓","36","0","36"
"贼将","21","15","36"
"义欣","19","17","36"
"朔望","27","9","36"
"夏侯","17","19","36"
"议郎","18","18","36"
"张衡","15","21","36"
"嘉平","18","18","36"
"平五","16","20","36"
"汉桓","18","18","36"
"帝延","18","18","36"
"延光","19","17","36"
"帝始","31","5","36"
"王铄","28","8","36"
"亲军","18","18","36"
"右厢","18","18","36"
"内部","4","32","36"
"桂州","17","19","36"
"知院","22","14","36"
"赵安","16","20","36"
"十之","26","10","36"
"灵观","17","19","36"
"曰文","30","6","36"
"郎李","18","18","36"
"第出","16","20","36"
"孙复","7","29","36"
"为贤","20","16","36"
"曾公","18","18","36"
"为华","13","23","36"
"管勾","20","16","36"
"县为","20","16","36"
"治中","17","19","36"
"少宰","17","19","36"
"兵所","23","13","36"
"吉阳","18","18","36"
"不急","19","17","36"
"急之","16","20","36"
"天仪","9","27","36"
"安庆","18","18","36"
"焕章","18","18","36"
"时被","3","33","36"
"潜为","16","20","36"
"下各","9","27","36"
"卫官","15","21","36"
"天变","18","18","36"
"在危","14","22","36"
"勾巳","19","17","36"
"家庙","18","18","36"
"年改","7","29","36"
"在战","2","34","36"
"支判","18","18","36"
"河州","18","18","36"
"权同","24","12","36"
"孙甫","4","32","36"
"士甲","16","20","36"
"东封","19","17","36"
"外制","17","19","36"
"司干","18","18","36"
"相史","18","18","36"
"嘉熙","13","23","36"
"守者","29","7","36"
"时方","33","3","36"
"家贫","28","8","36"
"初为","33","3","36"
"廷有","10","26","36"
"疾疫","29","7","36"
"为会","19","17","36"
"降服","3","33","36"
"州主","14","22","36"
"进至","21","15","36"
"名位","19","17","36"
"屯骑","18","18","36"
"射之","32","4","36"
"伐蜀","22","14","36"
"之末","23","13","36"
"大角","15","21","36"
"于吴","15","21","36"
"赐爵","16","20","36"
"前所","13","23","36"
"来年","15","21","36"
"诏有","29","7","36"
"以百","28","8","36"
"书于","30","6","36"
"沈文","16","20","36"
"除江","11","25","36"
"人追","11","25","36"
"尝以","36","0","36"
"阳气","9","27","36"
"学于","21","15","36"
"能知","11","25","36"
"其法","34","2","36"
"四寸","18","18","36"
"服其","34","2","36"
"代不","9","27","36"
"太过","7","29","36"
"在帝","16","20","36"
"聚于","14","22","36"
"假使","5","31","36"
"注意","2","34","36"
"有在","9","27","36"
"所论","22","14","36"
"水不","17","19","36"
"居官","24","12","36"
"谦之","19","17","36"
"治天","15","21","36"
"明文","17","19","36"
"后三","15","21","36"
"又云","36","0","36"
"始有","18","18","36"
"唯独","1","35","36"
"以集","18","18","36"
"事可","12","24","36"
"此可","10","26","36"
"王以","20","16","36"
"时天","15","21","36"
"奇怪","1","35","36"
"通天","17","19","36"
"赤黄","18","18","36"
"武备","22","14","36"
"官而","18","18","36"
"万民","11","25","36"
"诏御","22","14","36"
"人并","20","16","36"
"九成","17","19","36"
"自到","1","35","36"
"降之","30","6","36"
"亡国","13","23","36"
"传于","17","19","36"
"长寿","9","27","36"
"歌诗","12","24","36"
"何澹","15","21","36"
"制以","28","8","36"
"为执","15","21","36"
"气出","18","18","36"
"兵乱","29","7","36"
"退守","13","23","36"
"为饥","35","1","36"
"残破","14","22","36"
"饿死","10","26","36"
"有阴","11","25","36"
"师出","17","19","36"
"力以","23","13","36"
"怒曰","35","1","36"
"入其","30","6","36"
"正值","1","35","36"
"祥也","36","0","36"
"固执","11","25","36"
"中得","16","20","36"
"历城","17","19","36"
"民家","29","7","36"
"军使","16","20","36"
"时宰","17","19","36"
"堂上","14","22","36"
"女人","7","29","36"
"主意","6","30","36"
"表称","18","18","36"
"东军","19","17","36"
"奔赴","3","33","36"
"用钱","13","23","36"
"百骑","23","13","36"
"能一","5","31","36"
"冤枉","2","34","36"
"在州","9","27","36"
"同为","10","26","36"
"掌书","20","16","36"
"威名","13","23","36"
"抚慰","8","28","36"
"江以","14","22","36"
"为敌","15","21","36"
"边郡","17","19","36"
"能容","10","26","36"
"有怨","10","26","36"
"以复","30","6","36"
"分散","2","34","36"
"论以","23","13","36"
"增兵","10","26","36"
"是宋","2","34","36"
"我已","6","30","36"
"送来","1","35","36"
"赵昌","16","20","36"
"地势","8","28","36"
"迁居","4","32","36"
"制成","3","33","36"
"米一","15","21","36"
"令李","4","32","36"
"官李","16","20","36"
"诏州","23","13","36"
"州回","12","24","36"
"参官","18","18","36"
"命陈","7","29","36"
"经学","10","26","36"
"李煜","14","22","36"
"进来","2","34","36"
"臣进","14","22","36"
"读官","17","19","36"
"元份","18","18","36"
"赵保","17","19","36"
"殿崇","18","18","36"
"诏陕","22","14","36"
"除两","5","31","36"
"交阯","36","0","36"
"抚河","16","20","36"
"教阅","18","18","36"
"河流","3","33","36"
"祀汾","19","17","36"
"税一","12","24","36"
"责罚","3","33","36"
"令御","8","28","36"
"嘉祐","32","4","36"
"上门","4","32","36"
"曾任","3","33","36"
"请行","31","5","36"
"买卖","2","34","36"
"以端","20","16","36"
"忠锐","18","18","36"
"小官","3","33","36"
"屈己","18","18","36"
"年上","8","28","36"
"军居","16","20","36"
"除知","33","3","36"
"犒赏","9","27","36"
"面对","11","25","36"
"友龙","18","18","36"
"事势","21","15","36"
"柴中","4","32","36"
"军交","3","33","36"
"星消","2","34","36"
"修身","12","24","36"
"胃宿","2","34","36"
"拜谢","8","28","36"
"宗征","8","28","36"
"都校","18","18","36"
"人果","13","23","36"
"相时","3","33","36"
"轻率","3","33","36"
"曾对","2","34","36"
"盗窃","4","32","36"
"力主","15","21","36"
"一是","1","35","36"
"名分","8","28","36"
"诚意","6","30","36"
"贤才","2","34","36"
"答皇","1","35","36"
"名人","8","28","36"
"堡垒","1","35","36"
"井之","1","35","36"
"役的","0","36","36"
"事件","0","36","36"
"涉及","0","36","36"
"取的","0","36","36"
"回归","0","36","36"
"合适","0","36","36"
"称呼","0","36","36"
"的宫","0","36","36"
"明显","0","36","36"
"对这","0","36","36"
"的和","0","36","36"
"赶走","0","36","36"
"的对","0","36","36"
"远远","0","36","36"
"干的","0","36","36"
"舍弃","0","36","36"
"对我","0","36","36"
"坏的","0","36","36"
"我这","0","36","36"
"的想","0","36","36"
"想把","0","36","36"
"了太","0","36","36"
"告给","0","36","36"
"把自","0","36","36"
"没被","0","36","36"
"一共","0","36","36"
"降雪","0","36","36"
"多久","0","36","36"
"犯了","0","36","36"
"他写","0","36","36"
"的禁","0","36","36"
"九个","0","36","36"
"旧担","0","36","36"
"禹翶","0","36","36"
"捉住","0","36","36"
"到海","0","36","36"
"急迫","0","36","36"
"到临","0","36","36"
"因功","0","36","36"
"兵打","0","36","36"
"到军","0","36","36"
"子都","0","36","36"
"求的","0","36","36"
"去拜","0","36","36"
"仿效","0","36","36"
"丢弃","0","36","36"
"指着","0","36","36"
"求让","0","36","36"
"仁说","0","36","36"
"后蜀","0","36","36"
"星叫","0","36","36"
"何所","32","3","35"
"门户","12","23","35"
"林苑","15","20","35"
"法而","20","15","35"
"行天","17","18","35"
"今皇","18","17","35"
"所依","7","28","35"
"之与","32","3","35"
"治兵","28","7","35"
"而国","18","17","35"
"尽其","23","12","35"
"子房","19","16","35"
"犹未","34","1","35"
"文以","27","8","35"
"是帝","9","26","35"
"岂有","33","2","35"
"与宋","5","30","35"
"尚方","23","12","35"
"爱民","19","16","35"
"我之","15","20","35"
"不远","16","19","35"
"远为","17","18","35"
"其情","31","4","35"
"一世","20","15","35"
"之急","22","13","35"
"以居","29","6","35"
"本不","10","25","35"
"所求","22","13","35"
"成其","28","7","35"
"其志","26","9","35"
"前朝","8","27","35"
"心于","21","14","35"
"见天","16","19","35"
"他事","13","22","35"
"至而","30","5","35"
"下而","19","16","35"
"来有","2","33","35"
"便于","16","19","35"
"是依","6","29","35"
"以仁","17","18","35"
"所领","33","2","35"
"国者","32","3","35"
"用心","8","27","35"
"追之","34","1","35"
"边民","23","12","35"
"王珪","35","0","35"
"其在","26","9","35"
"以光","26","9","35"
"公道","16","19","35"
"则兵","34","1","35"
"召之","31","4","35"
"命吏","13","22","35"
"勉之","18","17","35"
"见者","30","5","35"
"兴五","12","23","35"
"以小","29","6","35"
"图之","34","1","35"
"林邑","16","19","35"
"军柳","18","17","35"
"书王","18","17","35"
"万六","19","16","35"
"西征","10","25","35"
"王正","17","18","35"
"氏崩","34","1","35"
"永平","18","17","35"
"和九","17","18","35"
"光三","17","18","35"
"鹦鹉","16","19","35"
"又大","16","19","35"
"徽三","17","18","35"
"顿丘","17","18","35"
"新兴","16","19","35"
"国志","5","30","35"
"永光","18","17","35"
"南中","17","18","35"
"天赐","13","22","35"
"寿昌","17","18","35"
"王庙","17","18","35"
"仁孝","18","17","35"
"王李","16","19","35"
"圣文","19","16","35"
"任福","6","29","35"
"注官","17","18","35"
"命宰","28","7","35"
"林侍","18","17","35"
"普安","16","19","35"
"士为","23","12","35"
"余深","16","19","35"
"为道","17","18","35"
"道君","17","18","35"
"斡离","17","18","35"
"善为","23","12","35"
"常德","17","18","35"
"张守","16","19","35"
"臣李","17","18","35"
"鼎州","18","17","35"
"忠等","17","18","35"
"海贼","11","24","35"
"武安","16","19","35"
"刑司","17","18","35"
"人材","17","18","35"
"钱象","15","20","35"
"从龙","16","19","35"
"官资","17","18","35"
"正心","17","18","35"
"叶梦","17","18","35"
"浙转","17","18","35"
"不敬","16","19","35"
"布新","13","22","35"
"国安","18","17","35"
"居家","14","21","35"
"沧州","16","19","35"
"右拾","17","18","35"
"之号","31","4","35"
"守不","17","18","35"
"敌情","10","25","35"
"德骧","15","20","35"
"书工","18","17","35"
"请大","16","19","35"
"左氏","19","16","35"
"试馆","21","14","35"
"徽之","18","17","35"
"暴风","18","17","35"
"鼓噪","18","17","35"
"是饥","2","33","35"
"必将","15","20","35"
"沛郡","13","22","35"
"有重","12","23","35"
"役使","4","31","35"
"之盛","32","3","35"
"边患","15","20","35"
"势不","23","12","35"
"告急","16","19","35"
"无能","10","25","35"
"在道","12","23","35"
"收其","24","11","35"
"公不","17","18","35"
"定制","18","17","35"
"为孝","13","22","35"
"自大","18","17","35"
"战场","5","30","35"
"品以","15","20","35"
"有土","19","16","35"
"将进","15","20","35"
"巡行","13","22","35"
"州所","14","21","35"
"禽兽","13","22","35"
"定三","11","24","35"
"为辅","17","18","35"
"家门","5","30","35"
"以当","20","15","35"
"状如","18","17","35"
"于黄","20","15","35"
"长二","16","19","35"
"用黄","8","27","35"
"历元","5","30","35"
"臣议","23","12","35"
"余日","32","3","35"
"有损","9","26","35"
"酉日","1","34","35"
"同在","14","21","35"
"逾月","35","0","35"
"浅薄","2","33","35"
"子与","24","11","35"
"他官","8","27","35"
"于明","31","4","35"
"蛮夷","21","14","35"
"周官","20","15","35"
"赞扬","2","33","35"
"变通","12","23","35"
"致力","1","34","35"
"非有","31","4","35"
"亲为","14","21","35"
"已不","10","25","35"
"帝车","5","30","35"
"服装","1","34","35"
"降下","3","32","35"
"有来","6","29","35"
"不具","27","8","35"
"能否","22","13","35"
"不清","2","33","35"
"二字","17","18","35"
"大致","4","31","35"
"恶其","33","2","35"
"礼义","10","25","35"
"承平","24","11","35"
"龙二","18","17","35"
"兵万","29","6","35"
"城陷","25","10","35"
"在紫","10","25","35"
"入羽","18","17","35"
"于平","16","19","35"
"人屯","18","17","35"
"进击","13","22","35"
"州后","3","32","35"
"水而","10","25","35"
"仲孙","15","20","35"
"门前","2","33","35"
"默不","10","25","35"
"重臣","12","23","35"
"安静","15","20","35"
"离散","8","27","35"
"外人","14","21","35"
"仍为","17","18","35"
"归家","3","32","35"
"为恭","8","27","35"
"省事","19","16","35"
"之被","3","32","35"
"抚养","2","33","35"
"持重","18","17","35"
"要用","1","34","35"
"飨太","35","0","35"
"陈说","4","31","35"
"以宗","23","12","35"
"要使","1","34","35"
"上诸","28","7","35"
"胡宿","6","29","35"
"日方","2","33","35"
"在平","8","27","35"
"养兵","18","17","35"
"更是","2","33","35"
"邀击","19","16","35"
"修城","19","16","35"
"祐中","32","3","35"
"鞍马","20","15","35"
"一员","28","7","35"
"进等","17","18","35"
"两川","18","17","35"
"州驻","15","20","35"
"涿州","18","17","35"
"不取","25","10","35"
"仍不","1","34","35"
"温仲","14","21","35"
"诏奖","21","14","35"
"引咎","17","18","35"
"元节","15","20","35"
"木工","3","32","35"
"张九","15","20","35"
"用度","10","25","35"
"因战","2","33","35"
"内降","23","12","35"
"令监","10","25","35"
"吴充","14","21","35"
"知青","21","14","35"
"与夏","19","16","35"
"过自","3","32","35"
"检举","10","25","35"
"秦观","5","30","35"
"杨再","12","23","35"
"赐第","30","5","35"
"虚中","20","15","35"
"张宿","6","29","35"
"兵追","12","23","35"
"夺职","23","12","35"
"江中","11","24","35"
"刘猊","9","26","35"
"破敌","10","25","35"
"范如","4","31","35"
"改称","2","33","35"
"给官","4","31","35"
"张威","16","19","35"
"主完","4","31","35"
"都会","3","32","35"
"两年","2","33","35"
"人全","2","33","35"
"任都","2","33","35"
"籴贵","35","0","35"
"次年","3","32","35"
"位时","1","34","35"
"作文","6","29","35"
"鼓声","7","28","35"
"输纳","2","33","35"
"到此","1","34","35"
"又对","2","33","35"
"进驻","3","32","35"
"全被","1","34","35"
"王觌","6","29","35"
"奴仆","1","34","35"
"一概","1","34","35"
"进城","1","34","35"
"陆游","1","34","35"
"和太","1","34","35"
"者都","0","35","35"
"个州","0","35","35"
"愿望","0","35","35"
"叙述","0","35","35"
"违反","0","35","35"
"的阴","0","35","35"
"预兆","0","35","35"
"就得","0","35","35"
"然的","0","35","35"
"经很","0","35","35"
"排在","0","35","35"
"显赫","0","35","35"
"在各","0","35","35"
"平的","0","35","35"
"懂得","0","35","35"
"故意","0","35","35"
"这正","0","35","35"
"没听","0","35","35"
"房子","0","35","35"
"的流","0","35","35"
"抢劫","0","35","35"
"们也","0","35","35"
"派出","0","35","35"
"当的","0","35","35"
"例子","0","35","35"
"们认","0","35","35"
"的问","0","35","35"
"因他","0","35","35"
"族的","0","35","35"
"开了","0","35","35"
"傍晚","0","35","35"
"到淮","0","35","35"
"被推","0","35","35"
"接济","0","35","35"
"们自","0","35","35"
"廷没","0","35","35"
"廷诏","0","35","35"
"集合","0","35","35"
"强迫","0","35","35"
"买粮","0","35","35"
"了五","0","35","35"
"赠送","0","35","35"
"的府","0","35","35"
"回宫","0","35","35"
"六个","0","35","35"
"税的","0","35","35"
"六颗","0","35","35"
"任兵","0","35","35"
"撤退","0","35","35"
"假装","0","35","35"
"者到","0","35","35"
"占领","0","35","35"
"面力","0","35","35"
"将这","0","35","35"
"夫的","0","35","35"
"给各","0","35","35"
"亥曰","0","35","35"
"充当","0","35","35"
"议说","0","35","35"
"事没","0","35","35"
"跪拜","0","35","35"
"佩带","0","35","35"
"理军","0","35","35"
"有答","0","35","35"
"浚的","0","35","35"
"百名","0","35","35"
"还能","0","35","35"
"的危","0","35","35"
"区有","0","35","35"
"丹派","0","35","35"
"打边","0","35","35"
"被升","0","35","35"
"皇家","6","28","34"
"主者","33","1","34"
"存者","30","4","34"
"所长","25","9","34"
"礼之","28","6","34"
"乃得","34","0","34"
"能尽","14","20","34"
"为宫","18","16","34"
"夜半","22","12","34"
"分也","31","3","34"
"降于","31","3","34"
"故也","34","0","34"
"大驾","18","16","34"
"之首","17","17","34"
"尤甚","33","1","34"
"自知","26","8","34"
"兹谓","34","0","34"
"求之","28","6","34"
"兴师","19","15","34"
"于义","22","12","34"
"说王","3","31","34"
"流寓","24","10","34"
"来者","30","4","34"
"辞以","30","4","34"
"骨肉","15","19","34"
"臣赵","16","18","34"
"伯符","16","18","34"
"衣裳","12","22","34"
"病而","3","31","34"
"固不","30","4","34"
"钱溪","16","18","34"
"闻者","34","0","34"
"先圣","18","16","34"
"常不","12","22","34"
"之贤","27","7","34"
"害民","17","17","34"
"所取","24","10","34"
"之路","19","15","34"
"民者","30","4","34"
"之私","28","6","34"
"激赏","18","16","34"
"察其","25","9","34"
"此大","19","15","34"
"令三","5","29","34"
"臣愿","32","2","34"
"以和","22","12","34"
"袁州","15","19","34"
"凡所","29","5","34"
"则曰","34","0","34"
"相去","27","7","34"
"失势","23","11","34"
"令其","19","15","34"
"容于","32","2","34"
"下州","19","15","34"
"名于","12","22","34"
"兵而","16","18","34"
"补之","20","14","34"
"军檀","16","18","34"
"农夫","13","21","34"
"史晋","16","18","34"
"兵赴","30","4","34"
"第八","14","20","34"
"夏五","17","17","34"
"到二","2","32","34"
"而张","11","23","34"
"马越","15","19","34"
"石勒","18","16","34"
"等八","16","18","34"
"临沂","18","16","34"
"临平","17","17","34"
"国时","7","27","34"
"年复","30","4","34"
"兴郡","14","20","34"
"洗马","17","17","34"
"置江","19","15","34"
"雅州","17","17","34"
"简为","14","20","34"
"东面","5","29","34"
"韩亿","4","30","34"
"据城","10","24","34"
"宋庠","16","18","34"
"城来","11","23","34"
"仁圣","18","16","34"
"康郡","16","18","34"
"宰兼","17","17","34"
"免行","16","18","34"
"昭化","17","17","34"
"淮宣","17","17","34"
"人子","20","14","34"
"承州","17","17","34"
"兼提","20","14","34"
"宫留","17","17","34"
"卖盐","14","20","34"
"宏渊","17","17","34"
"李宝","14","20","34"
"地界","15","19","34"
"管内","22","12","34"
"使安","30","4","34"
"以宝","21","13","34"
"劝农","18","16","34"
"荣王","17","17","34"
"伯为","12","22","34"
"湖广","17","17","34"
"提兵","31","3","34"
"天关","17","17","34"
"七州","18","16","34"
"与吕","13","21","34"
"郭进","17","17","34"
"判三","18","16","34"
"西州","16","18","34"
"汾州","17","17","34"
"省著","17","17","34"
"臣奏","20","14","34"
"义郎","17","17","34"
"迁秘","33","1","34"
"司业","17","17","34"
"一体","14","20","34"
"常之","19","15","34"
"故地","20","14","34"
"再加","4","30","34"
"叔似","17","17","34"
"众数","26","8","34"
"者甚","32","2","34"
"又破","33","1","34"
"陈郡","17","17","34"
"日出","16","18","34"
"等并","33","1","34"
"历年","14","20","34"
"入蜀","24","10","34"
"坚壁","17","17","34"
"大治","14","20","34"
"被征","6","28","34"
"败后","1","33","34"
"焚其","31","3","34"
"恤其","19","15","34"
"本无","25","9","34"
"以世","27","7","34"
"假借","11","23","34"
"伦之","15","19","34"
"军三","18","16","34"
"不祥","23","11","34"
"用铁","6","28","34"
"工匠","6","28","34"
"祖文","14","20","34"
"恤民","24","10","34"
"少府","17","17","34"
"南丰","17","17","34"
"比年","34","0","34"
"王宏","24","10","34"
"改谥","19","15","34"
"营垒","9","25","34"
"粟帛","19","15","34"
"为临","17","17","34"
"以利","19","15","34"
"卫兵","12","22","34"
"道固","16","18","34"
"府城","12","22","34"
"立后","13","21","34"
"士以","23","11","34"
"立法","15","19","34"
"以武","20","14","34"
"是无","8","26","34"
"律历","15","19","34"
"荀勖","13","21","34"
"太乐","16","18","34"
"至孝","23","11","34"
"不遵","6","28","34"
"后没","2","32","34"
"为明","12","22","34"
"以日","22","12","34"
"则减","1","33","34"
"不值","1","33","34"
"为张","7","27","34"
"营室","17","17","34"
"周年","4","30","34"
"礼服","4","30","34"
"其本","17","17","34"
"后临","17","17","34"
"至则","34","0","34"
"自卫","19","15","34"
"告皇","3","31","34"
"于祖","15","19","34"
"神位","4","30","34"
"人莫","33","1","34"
"成等","14","20","34"
"宁五","15","19","34"
"为得","22","12","34"
"献皇","10","24","34"
"举一","15","19","34"
"苑中","16","18","34"
"诏给","15","19","34"
"意义","1","33","34"
"每有","21","13","34"
"三品","17","17","34"
"祖又","10","24","34"
"者是","7","27","34"
"世上","5","29","34"
"无余","24","10","34"
"畿内","32","2","34"
"色不","18","16","34"
"臣安","6","28","34"
"帝因","8","26","34"
"说以","17","17","34"
"圣主","14","20","34"
"奇异","4","30","34"
"怀忠","16","18","34"
"最近","2","32","34"
"说应","1","33","34"
"军相","8","26","34"
"卒于","32","2","34"
"臣强","22","12","34"
"臣相","16","18","34"
"诛灭","12","22","34"
"贾后","20","14","34"
"相距","9","25","34"
"若曰","34","0","34"
"又发","2","32","34"
"河上","16","18","34"
"和七","15","19","34"
"才智","5","29","34"
"始至","26","8","34"
"麞见","34","0","34"
"康初","17","17","34"
"大溃","27","7","34"
"南归","18","16","34"
"南人","20","14","34"
"重赏","11","23","34"
"占有","2","32","34"
"有回","3","31","34"
"因与","14","20","34"
"罪己","21","13","34"
"为郡","17","17","34"
"皇恩","2","32","34"
"备御","29","5","34"
"次进","4","30","34"
"罪于","14","20","34"
"练兵","14","20","34"
"遣萧","21","13","34"
"赫连","7","27","34"
"蔡廓","3","31","34"
"所推","8","26","34"
"朝以","11","23","34"
"辟为","30","4","34"
"是臣","6","28","34"
"结党","4","30","34"
"报效","4","30","34"
"都人","29","5","34"
"而获","4","30","34"
"前行","2","32","34"
"并杀","4","30","34"
"弓弩","13","21","34"
"效忠","8","26","34"
"求将","2","32","34"
"任建","1","33","34"
"与韩","15","19","34"
"造船","10","24","34"
"器皿","7","27","34"
"省使","17","17","34"
"容州","17","17","34"
"堂吏","19","15","34"
"传位","16","18","34"
"睦州","16","18","34"
"明池","17","17","34"
"德和","11","23","34"
"胥吏","14","20","34"
"城堡","7","27","34"
"洋州","14","20","34"
"等各","16","18","34"
"直之","9","25","34"
"急务","15","19","34"
"刘筠","7","27","34"
"灾伤","20","14","34"
"任事","22","12","34"
"远大","8","26","34"
"来求","9","25","34"
"恩数","31","3","34"
"唐介","13","21","34"
"从祀","20","14","34"
"败夏","11","23","34"
"登第","27","7","34"
"各转","12","22","34"
"良嗣","15","19","34"
"内禅","24","10","34"
"用李","10","24","34"
"关陕","15","19","34"
"兵已","17","17","34"
"副元","16","18","34"
"视师","30","4","34"
"洪道","17","17","34"
"忠军","14","20","34"
"贼平","21","13","34"
"孟庾","30","4","34"
"知泉","27","7","34"
"库钱","14","20","34"
"鼎曰","34","0","34"
"以教","17","17","34"
"康年","3","31","34"
"军作","1","33","34"
"一秩","29","5","34"
"官两","27","7","34"
"奋勇","3","31","34"
"雨不","6","28","34"
"转两","8","26","34"
"创作","1","33","34"
"祐初","28","6","34"
"非是","20","14","34"
"曰在","30","4","34"
"老成","16","18","34"
"协力","7","27","34"
"纪律","11","23","34"
"久被","3","31","34"
"果断","3","31","34"
"文告","1","33","34"
"自得","11","23","34"
"被皇","1","33","34"
"宽大","7","27","34"
"好名","15","19","34"
"忠直","9","25","34"
"在枢","14","20","34"
"职而","3","31","34"
"信用","6","28","34"
"不因","5","29","34"
"论纷","4","30","34"
"廷用","5","29","34"
"采取","2","32","34"
"分数","3","31","34"
"求任","1","33","34"
"苗法","7","27","34"
"困苦","2","32","34"
"是向","2","32","34"
"在崇","1","33","34"
"傲慢","1","33","34"
"繁多","1","33","34"
"说皇","1","33","34"
"于侁","1","33","34"
"民百","0","34","34"
"发展","0","34","34"
"的歌","0","34","34"
"人了","0","34","34"
"的经","0","34","34"
"的余","0","34","34"
"季的","0","34","34"
"到时","0","34","34"
"祀时","0","34","34"
"现出","0","34","34"
"了人","0","34","34"
"都依","0","34","34"
"来作","0","34","34"
"很是","0","34","34"
"作用","0","34","34"
"有谁","0","34","34"
"两位","0","34","34"
"到很","0","34","34"
"损失","0","34","34"
"胁迫","0","34","34"
"来看","0","34","34"
"我没","0","34","34"
"的兄","0","34","34"
"坏了","0","34","34"
"地步","0","34","34"
"败逃","0","34","34"
"个大","0","34","34"
"您的","0","34","34"
"些都","0","34","34"
"的失","0","34","34"
"们以","0","34","34"
"定能","0","34","34"
"华丽","0","34","34"
"站在","0","34","34"
"这难","0","34","34"
"退了","0","34","34"
"告知","0","34","34"
"浚说","0","34","34"
"数额","0","34","34"
"荐的","0","34","34"
"收取","0","34","34"
"亥日","0","34","34"
"丑曰","0","34","34"
"降霜","0","34","34"
"又打","0","34","34"
"调到","0","34","34"
"践踏","0","34","34"
"的郡","0","34","34"
"不超","0","34","34"
"意愿","0","34","34"
"动的","0","34","34"
"了白","0","34","34"
"个女","0","34","34"
"令停","0","34","34"
"随便","0","34","34"
"东的","0","34","34"
"獐出","0","34","34"
"的宰","0","34","34"
"叫天","0","34","34"
"各道","0","34","34"
"份任","0","34","34"
"公以","19","14","33"
"必为","29","4","33"
"今当","33","0","33"
"具以","32","1","33"
"事行","6","27","33"
"化之","20","13","33"
"为度","21","12","33"
"迟疾","12","21","33"
"此二","22","11","33"
"而废","12","21","33"
"议为","30","3","33"
"时节","5","28","33"
"之资","30","3","33"
"之旨","30","3","33"
"其时","25","8","33"
"复入","33","0","33"
"史令","17","16","33"
"至者","33","0","33"
"稷之","29","4","33"
"其奸","32","1","33"
"且有","13","20","33"
"以马","23","10","33"
"所行","20","13","33"
"为戒","22","11","33"
"以先","20","13","33"
"所出","28","5","33"
"既有","23","10","33"
"行至","21","12","33"
"不协","27","6","33"
"其正","14","19","33"
"能干","4","29","33"
"入于","24","9","33"
"去就","17","16","33"
"陈师","8","25","33"
"圣朝","21","12","33"
"于军","14","19","33"
"汉中","18","15","33"
"水死","27","6","33"
"移书","32","1","33"
"天也","16","17","33"
"引见","18","15","33"
"士有","21","12","33"
"国体","19","14","33"
"为用","21","12","33"
"之四","18","15","33"
"三馆","17","16","33"
"者所","23","10","33"
"方以","25","8","33"
"为信","14","19","33"
"志在","24","9","33"
"先行","11","22","33"
"而立","17","16","33"
"疏奏","23","10","33"
"能平","14","19","33"
"将为","23","10","33"
"定官","14","19","33"
"重申","4","29","33"
"月中","19","14","33"
"子仁","17","16","33"
"子元","21","12","33"
"度为","13","20","33"
"杜叔","6","27","33"
"督护","17","16","33"
"出天","21","12","33"
"属县","14","19","33"
"始六","16","17","33"
"雷震","18","15","33"
"为下","11","22","33"
"光元","16","17","33"
"通事","16","17","33"
"点检","17","16","33"
"审琦","16","17","33"
"川路","16","17","33"
"宁节","16","17","33"
"签署","9","24","33"
"上圣","11","22","33"
"韩国","16","17","33"
"李公","17","16","33"
"溪洞","17","16","33"
"坑冶","17","16","33"
"为嘉","13","20","33"
"中上","8","25","33"
"城走","33","0","33"
"兼御","19","14","33"
"浙路","16","17","33"
"为真","13","20","33"
"书人","7","26","33"
"等为","23","10","33"
"嗣濮","33","0","33"
"益为","16","17","33"
"雄武","16","17","33"
"水砦","28","5","33"
"袭封","18","15","33"
"使杨","17","16","33"
"谋官","14","19","33"
"极为","3","30","33"
"曾从","15","18","33"
"雄飞","17","16","33"
"来安","5","28","33"
"五尺","17","16","33"
"三大","18","15","33"
"诏立","20","13","33"
"告天","16","17","33"
"崇仪","16","17","33"
"成德","17","16","33"
"其妻","25","8","33"
"川峡","16","17","33"
"人院","15","18","33"
"王洙","5","28","33"
"盗起","31","2","33"
"铁判","17","16","33"
"知孝","17","16","33"
"师孟","14","19","33"
"地理","11","22","33"
"董先","16","17","33"
"不治","19","14","33"
"信之","27","6","33"
"设伏","23","10","33"
"白石","18","15","33"
"都已","2","31","33"
"是真","1","32","33"
"多被","8","25","33"
"以之","20","13","33"
"外诸","23","10","33"
"为边","20","13","33"
"容超","7","26","33"
"于建","17","16","33"
"使至","31","2","33"
"三吴","17","16","33"
"军乘","8","25","33"
"卿以","23","10","33"
"以赏","14","19","33"
"室之","21","12","33"
"了不","2","31","33"
"外大","15","18","33"
"为庐","14","19","33"
"与民","23","10","33"
"出东","30","3","33"
"加号","7","26","33"
"有皇","7","26","33"
"使上","19","14","33"
"孙为","19","14","33"
"降德","19","14","33"
"书一","14","19","33"
"帝自","19","14","33"
"帝将","17","16","33"
"不孝","17","16","33"
"过度","6","27","33"
"除中","25","8","33"
"流散","11","22","33"
"黄回","14","19","33"
"意志","4","29","33"
"世隆","15","18","33"
"卿之","26","7","33"
"庙乐","16","17","33"
"定以","8","25","33"
"以祭","11","22","33"
"之正","27","6","33"
"不思","25","8","33"
"又推","3","30","33"
"使大","17","16","33"
"日在","24","9","33"
"久远","5","28","33"
"太多","3","30","33"
"以岁","28","5","33"
"有进","13","20","33"
"至大","23","10","33"
"月余","23","10","33"
"在蜀","11","22","33"
"以代","23","10","33"
"从来","5","28","33"
"望之","20","13","33"
"劳之","28","5","33"
"在春","10","23","33"
"水上","11","22","33"
"除丧","8","25","33"
"傅玄","16","17","33"
"成风","17","16","33"
"膺之","18","15","33"
"已为","26","7","33"
"功者","24","9","33"
"无用","21","12","33"
"官分","15","18","33"
"玄注","8","25","33"
"达于","29","4","33"
"于陛","17","16","33"
"信等","16","17","33"
"是内","8","25","33"
"使国","3","30","33"
"二位","1","32","33"
"寒暑","21","12","33"
"不载","20","13","33"
"所指","12","21","33"
"于阗","28","5","33"
"在当","2","31","33"
"位不","8","25","33"
"差别","2","31","33"
"后省","21","12","33"
"朝觐","9","24","33"
"姓家","2","31","33"
"供养","3","30","33"
"首尾","20","13","33"
"斥退","2","31","33"
"大捷","10","23","33"
"安知","10","23","33"
"己不","6","27","33"
"军兵","12","21","33"
"兵袭","11","22","33"
"于张","15","18","33"
"丧亡","1","32","33"
"赤气","25","8","33"
"在秦","6","27","33"
"甲兵","22","11","33"
"将大","14","19","33"
"读之","28","5","33"
"帝被","3","30","33"
"县城","10","23","33"
"而金","24","9","33"
"南来","16","17","33"
"后与","13","20","33"
"党之","22","11","33"
"家子","19","14","33"
"胜任","5","28","33"
"所请","21","12","33"
"焚毁","5","28","33"
"射中","6","27","33"
"罚不","11","22","33"
"至城","29","4","33"
"时相","18","15","33"
"危难","5","28","33"
"可取","18","15","33"
"一州","16","17","33"
"不拘","11","22","33"
"连坐","14","19","33"
"乘驿","14","19","33"
"我为","13","20","33"
"意外","8","25","33"
"属文","33","0","33"
"时与","9","24","33"
"加重","5","28","33"
"因父","2","31","33"
"队在","1","32","33"
"不忠","13","20","33"
"永不","16","17","33"
"曰忠","31","2","33"
"力攻","12","21","33"
"寅曰","1","32","33"
"冠服","8","25","33"
"士子","9","24","33"
"人争","13","20","33"
"米三","18","15","33"
"疑惑","3","30","33"
"军职","12","21","33"
"掩击","21","12","33"
"通和","19","14","33"
"自奉","15","18","33"
"命太","13","20","33"
"命出","9","24","33"
"代帝","10","23","33"
"将杨","16","17","33"
"制举","16","17","33"
"幕职","16","17","33"
"除租","2","31","33"
"州降","20","13","33"
"酋长","9","24","33"
"臣和","7","26","33"
"归者","26","7","33"
"府判","15","18","33"
"州被","16","17","33"
"来迎","4","29","33"
"诏戒","32","1","33"
"御容","31","2","33"
"发米","16","17","33"
"两府","15","18","33"
"谅祚","18","15","33"
"殿策","16","17","33"
"令格","17","16","33"
"东边","3","30","33"
"经书","1","32","33"
"修造","2","31","33"
"夹攻","16","17","33"
"月九","3","30","33"
"改换","1","32","33"
"纲为","14","19","33"
"卫四","14","19","33"
"茶马","16","17","33"
"领王","11","22","33"
"忠率","5","28","33"
"梅州","15","18","33"
"屏障","2","31","33"
"魏良","13","20","33"
"借贷","2","31","33"
"勇猛","1","32","33"
"烧毁","1","32","33"
"贪婪","3","30","33"
"合在","5","28","33"
"南边","1","32","33"
"没人","1","32","33"
"州报","1","32","33"
"升职","1","32","33"
"失陷","2","31","33"
"军围","3","30","33"
"受水","5","28","33"
"相交","4","29","33"
"申曰","8","25","33"
"牛宿","4","29","33"
"室宿","4","29","33"
"章请","13","20","33"
"官服","1","32","33"
"权直","18","15","33"
"精神","5","28","33"
"是平","2","31","33"
"圣意","21","12","33"
"当然","2","31","33"
"合礼","1","32","33"
"朝代","1","32","33"
"举崇","17","16","33"
"使节","2","31","33"
"济抚","1","32","33"
"曾有","2","31","33"
"充满","4","29","33"
"家安","4","29","33"
"满后","1","32","33"
"时都","1","32","33"
"是如","1","32","33"
"距京","1","32","33"
"时才","2","31","33"
"审问","2","31","33"
"兵抵","2","31","33"
"立在","1","32","33"
"残暴","2","31","33"
"深感","1","32","33"
"邓绾","10","23","33"
"每当","1","32","33"
"要在","2","31","33"
"上他","1","32","33"
"会使","1","32","33"
"开启","1","32","33"
"隐匿","2","31","33"
"威胁","1","32","33"
"的姓","0","33","33"
"的多","0","33","33"
"情形","0","33","33"
"些话","0","33","33"
"们全","0","33","33"
"秦朝","0","33","33"
"嘉年","0","33","33"
"奸诈","0","33","33"
"的处","0","33","33"
"望能","0","33","33"
"赐他","0","33","33"
"们应","0","33","33"
"看望","0","33","33"
"任期","0","33","33"
"节操","0","33","33"
"了二","0","33","33"
"这才","0","33","33"
"普通","0","33","33"
"避开","0","33","33"
"的做","0","33","33"
"他因","0","33","33"
"作罢","0","33","33"
"缺少","0","33","33"
"值班","0","33","33"
"被允","0","33","33"
"个小","0","33","33"
"问的","0","33","33"
"的边","0","33","33"
"给的","0","33","33"
"阻挠","0","33","33"
"辨别","0","33","33"
"这三","0","33","33"
"宗很","0","33","33"
"到地","0","33","33"
"的王","0","33","33"
"财富","0","33","33"
"于这","0","33","33"
"的准","0","33","33"
"右的","0","33","33"
"看他","0","33","33"
"害了","0","33","33"
"嗣攫","0","33","33"
"败他","0","33","33"
"押送","0","33","33"
"助他","0","33","33"
"的玉","0","33","33"
"就地","0","33","33"
"对答","0","33","33"
"的开","0","33","33"
"的很","0","33","33"
"的住","0","33","33"
"觐见","0","33","33"
"撤除","0","33","33"
"春季","0","33","33"
"鞭打","0","33","33"
"攻占","0","33","33"
"派王","0","33","33"
"宗派","0","33","33"
"对话","0","33","33"
"棒禄","0","33","33"
"敬安","0","33","33"
"宫探","0","33","33"
"封儿","0","33","33"
"探病","0","33","33"
"事关","14","18","32"
"举贤","17","15","32"
"亦如","32","0","32"
"度量","12","20","32"
"中星","21","11","32"
"先天","20","12","32"
"又使","20","12","32"
"旧典","27","5","32"
"王则","12","20","32"
"丧之","21","11","32"
"未立","27","5","32"
"致远","15","17","32"
"仰慕","1","31","32"
"其功","26","6","32"
"视其","20","12","32"
"失所","15","17","32"
"高堂","17","15","32"
"大丧","20","12","32"
"专政","23","9","32"
"上意","28","4","32"
"流离","12","20","32"
"而民","26","6","32"
"能出","14","18","32"
"为经","19","13","32"
"依法","4","28","32"
"于君","20","12","32"
"又何","10","22","32"
"爱之","27","5","32"
"己之","22","10","32"
"而忘","18","14","32"
"久而","24","8","32"
"其身","24","8","32"
"以才","16","16","32"
"贤之","22","10","32"
"之军","18","14","32"
"事例","2","30","32"
"及在","15","17","32"
"有方","17","15","32"
"神仙","9","23","32"
"其长","22","10","32"
"莫能","32","0","32"
"心为","14","18","32"
"临事","26","6","32"
"诏史","16","16","32"
"王显","14","18","32"
"大悦","29","3","32"
"然曰","31","1","32"
"遂罢","32","0","32"
"朝重","28","4","32"
"知鄂","25","7","32"
"示之","31","1","32"
"而发","8","24","32"
"敢以","25","7","32"
"以养","28","4","32"
"士皆","29","3","32"
"复遣","32","0","32"
"军谢","16","16","32"
"军官","11","21","32"
"谟为","18","14","32"
"元为","17","15","32"
"史建","15","17","32"
"徒左","16","16","32"
"长水","17","15","32"
"晋时","7","25","32"
"高山","12","20","32"
"辽东","16","16","32"
"神雀","16","16","32"
"七尺","16","16","32"
"门内","17","15","32"
"上星","16","16","32"
"王谧","14","18","32"
"入中","21","11","32"
"八寸","16","16","32"
"襄城","16","16","32"
"始五","16","16","32"
"孙渊","13","19","32"
"陵内","17","15","32"
"西王","16","16","32"
"镇安","18","14","32"
"兆府","11","21","32"
"隆为","17","15","32"
"国二","18","14","32"
"右监","16","16","32"
"西凉","16","16","32"
"允升","16","16","32"
"元俨","16","16","32"
"龟兹","16","16","32"
"逊为","15","17","32"
"武圣","16","16","32"
"家钱","16","16","32"
"陈升","15","17","32"
"平军","16","16","32"
"章军","16","16","32"
"为清","10","22","32"
"市舶","16","16","32"
"高密","15","17","32"
"虞部","16","16","32"
"乱兵","21","11","32"
"银青","16","16","32"
"青光","16","16","32"
"向子","16","16","32"
"在职","12","20","32"
"控扼","16","16","32"
"令江","8","24","32"
"统司","17","15","32"
"和买","13","19","32"
"兼江","14","18","32"
"诏转","15","17","32"
"赞军","16","16","32"
"知镇","21","11","32"
"以枢","25","7","32"
"以向","17","15","32"
"等路","16","16","32"
"以夏","26","6","32"
"江万","13","19","32"
"夫为","16","16","32"
"巳占","16","16","32"
"王廷","20","12","32"
"定二","12","20","32"
"道都","12","20","32"
"进位","24","8","32"
"患在","12","20","32"
"怀政","16","16","32"
"有王","8","24","32"
"旦有","12","20","32"
"乾兴","16","16","32"
"一卷","16","16","32"
"加直","25","7","32"
"彭州","13","19","32"
"钱四","18","14","32"
"孟宗","8","24","32"
"子司","12","20","32"
"风度","6","26","32"
"佐为","13","19","32"
"治通","15","17","32"
"文士","18","14","32"
"左拾","16","16","32"
"众大","13","19","32"
"与贼","22","10","32"
"于广","19","13","32"
"我当","9","23","32"
"以徇","32","0","32"
"事未","29","3","32"
"家无","22","10","32"
"以孟","25","7","32"
"臣及","20","12","32"
"单骑","24","8","32"
"数为","13","19","32"
"北讨","27","5","32"
"军战","14","18","32"
"勇士","9","23","32"
"人守","14","18","32"
"不先","17","15","32"
"军败","21","11","32"
"考为","18","14","32"
"之宜","32","0","32"
"明中","24","8","32"
"辅之","21","11","32"
"配天","26","6","32"
"爵一","16","16","32"
"者必","29","3","32"
"上出","4","28","32"
"世道","10","22","32"
"台省","15","17","32"
"为夏","17","15","32"
"兼并","12","20","32"
"于崇","26","6","32"
"文秀","17","15","32"
"维持","9","23","32"
"泰豫","16","16","32"
"豫元","16","16","32"
"大吕","15","17","32"
"二律","15","17","32"
"为变","28","4","32"
"张华","15","17","32"
"其三","24","8","32"
"便利","3","29","32"
"旧职","18","14","32"
"至二","18","14","32"
"小分","15","17","32"
"相符","2","30","32"
"事事","7","25","32"
"临终","6","26","32"
"复三","24","8","32"
"除服","13","19","32"
"为善","22","10","32"
"不降","14","18","32"
"士徐","16","16","32"
"朝命","16","16","32"
"宗伯","15","17","32"
"为吉","20","12","32"
"国侯","16","16","32"
"正议","17","15","32"
"成例","1","31","32"
"王位","5","27","32"
"有神","12","20","32"
"祀礼","6","26","32"
"能制","22","10","32"
"年考","1","31","32"
"庙于","23","9","32"
"后从","12","20","32"
"人既","15","17","32"
"从王","11","21","32"
"后十","11","21","32"
"之流","14","18","32"
"是秦","4","28","32"
"得白","9","23","32"
"敢有","11","21","32"
"不食","27","5","32"
"舞歌","10","22","32"
"百岁","15","17","32"
"世间","3","29","32"
"解围","12","20","32"
"将星","5","27","32"
"权赤","16","16","32"
"犯填","23","9","32"
"有内","14","18","32"
"军讨","12","20","32"
"星南","10","22","32"
"星北","11","21","32"
"摇动","8","24","32"
"大雷","18","14","32"
"洪范","15","17","32"
"人应","4","28","32"
"贵之","11","21","32"
"黄昏","1","31","32"
"有立","10","22","32"
"略司","16","16","32"
"集市","1","31","32"
"及此","21","11","32"
"有益","8","24","32"
"国运","2","30","32"
"在两","3","29","32"
"水一","18","14","32"
"省校","17","15","32"
"加赠","16","16","32"
"是重","2","30","32"
"复他","1","31","32"
"好事","9","23","32"
"迁左","31","1","32"
"跃马","17","15","32"
"以精","21","11","32"
"擢为","31","1","32"
"流矢","24","8","32"
"将赵","10","22","32"
"未决","28","4","32"
"一职","2","30","32"
"奔逃","4","28","32"
"是张","2","30","32"
"罢兵","18","14","32"
"罪囚","12","20","32"
"去不","11","21","32"
"并命","15","17","32"
"事就","1","31","32"
"妄动","4","28","32"
"逆贼","5","27","32"
"礼遇","8","24","32"
"垦田","16","16","32"
"察之","29","3","32"
"回军","9","23","32"
"经理","24","8","32"
"军来","9","23","32"
"献计","4","28","32"
"下发","4","28","32"
"免罪","5","27","32"
"而前","24","8","32"
"到广","1","31","32"
"与元","8","24","32"
"头发","1","31","32"
"都来","1","31","32"
"军籍","13","19","32"
"浚上","8","24","32"
"人李","12","20","32"
"累官","20","12","32"
"习水","23","9","32"
"称贺","26","6","32"
"巡察","3","29","32"
"臣张","13","19","32"
"官钱","18","14","32"
"共三","1","31","32"
"崇文","15","17","32"
"改明","18","14","32"
"扈从","24","8","32"
"召诸","24","8","32"
"银州","14","18","32"
"崇道","16","16","32"
"青城","16","16","32"
"来侵","10","22","32"
"领一","1","31","32"
"裁决","7","25","32"
"民事","18","14","32"
"至死","17","15","32"
"宫视","32","0","32"
"忠言","14","18","32"
"司以","21","11","32"
"邵州","15","17","32"
"留物","16","16","32"
"兵官","21","11","32"
"占书","3","29","32"
"上告","3","29","32"
"台官","11","21","32"
"特奏","16","16","32"
"路马","16","16","32"
"承务","16","16","32"
"务郎","16","16","32"
"理狱","12","20","32"
"庄重","7","25","32"
"试法","17","15","32"
"官给","13","19","32"
"罢祠","22","10","32"
"祖皇","13","19","32"
"各官","23","9","32"
"州酒","17","15","32"
"阳澈","9","23","32"
"杨进","12","20","32"
"领官","11","21","32"
"宿犯","1","31","32"
"召张","8","24","32"
"轮对","22","10","32"
"宿二","5","27","32"
"陈与","7","25","32"
"孔文","8","24","32"
"平年","2","30","32"
"李文","14","18","32"
"贬所","17","15","32"
"诬告","5","27","32"
"聚景","16","16","32"
"汪大","2","30","32"
"道观","15","17","32"
"知常","20","12","32"
"推赏","25","7","32"
"谕旨","21","11","32"
"沔州","22","10","32"
"求言","26","6","32"
"未上","21","11","32"
"开边","23","9","32"
"己有","2","30","32"
"和各","1","31","32"
"开庆","16","16","32"
"张珏","4","28","32"
"老臣","11","21","32"
"每日","2","30","32"
"星曰","32","0","32"
"星动","4","28","32"
"柳宿","2","30","32"
"未下","17","15","32"
"后对","2","30","32"
"再有","3","29","32"
"保证","1","31","32"
"府推","16","16","32"
"适当","1","31","32"
"到边","1","31","32"
"上还","9","23","32"
"传播","3","29","32"
"自推","3","29","32"
"穆修","7","25","32"
"马池","1","31","32"
"激烈","7","25","32"
"猜疑","2","30","32"
"分析","5","27","32"
"是进","4","28","32"
"直捣","9","23","32"
"培养","2","30","32"
"蛊惑","5","27","32"
"亲年","1","31","32"
"全在","2","30","32"
"家乡","1","31","32"
"镇压","2","30","32"
"征战","1","31","32"
"退出","1","31","32"
"最大","1","31","32"
"开列","1","31","32"
"迁出","1","31","32"
"想杀","0","32","32"
"收的","0","32","32"
"反的","0","32","32"
"的思","0","32","32"
"智慧","0","32","32"
"哪一","0","32","32"
"在已","0","32","32"
"欣赏","0","32","32"
"的真","0","32","32"
"的观","0","32","32"
"剩下","0","32","32"
"钱的","0","32","32"
"么大","0","32","32"
"说刘","0","32","32"
"丢失","0","32","32"
"看了","0","32","32"
"今的","0","32","32"
"辜负","0","32","32"
"捉拿","0","32","32"
"个官","0","32","32"
"始的","0","32","32"
"的依","0","32","32"
"就上","0","32","32"
"问候","0","32","32"
"到新","0","32","32"
"的武","0","32","32"
"道了","0","32","32"
"然会","0","32","32"
"意的","0","32","32"
"的基","0","32","32"
"能被","0","32","32"
"谈话","0","32","32"
"不怕","0","32","32"
"到高","0","32","32"
"来时","0","32","32"
"早晚","0","32","32"
"着朝","0","32","32"
"刚到","0","32","32"
"励他","0","32","32"
"二是","0","32","32"
"感谢","0","32","32"
"们到","0","32","32"
"巩固","0","32","32"
"谏的","0","32","32"
"食的","0","32","32"
"加为","0","32","32"
"天夜","0","32","32"
"径直","0","32","32"
"侄儿","0","32","32"
"曰月","0","32","32"
"没到","0","32","32"
"当月","0","32","32"
"到下","0","32","32"
"多天","0","32","32"
"妨碍","0","32","32"
"县百","0","32","32"
"派将","0","32","32"
"也说","0","32","32"
"期的","0","32","32"
"到家","0","32","32"
"氏逝","0","32","32"
"的白","0","32","32"
"仪的","0","32","32"
"气侵","0","32","32"
"罪名","0","32","32"
"的营","0","32","32"
"贬滴","0","32","32"
"等呈","0","32","32"
"飞派","0","32","32"
"颗叫","0","32","32"
"买米","0","32","32"
"姜才","0","32","32"
"何无","17","14","31"
"将何","28","3","31"
"于自","9","22","31"
"欲使","31","0","31"
"于事","21","10","31"
"奏之","28","3","31"
"以何","25","6","31"
"得出","15","16","31"
"未详","31","0","31"
"当一","15","16","31"
"正位","16","15","31"
"有位","6","25","31"
"用者","28","3","31"
"是陈","4","27","31"
"祖武","15","16","31"
"灵帝","15","16","31"
"加之","18","13","31"
"一再","4","27","31"
"日蚀","17","14","31"
"河之","21","10","31"
"体不","5","26","31"
"其议","30","1","31"
"民情","10","21","31"
"因以","29","2","31"
"以理","17","14","31"
"正色","25","6","31"
"称病","5","26","31"
"典签","16","15","31"
"执事","23","8","31"
"异常","12","19","31"
"利之","23","8","31"
"必至","27","4","31"
"其过","25","6","31"
"在庭","4","27","31"
"外夷","19","12","31"
"相为","24","7","31"
"有相","9","22","31"
"不重","10","21","31"
"全之","19","12","31"
"战之","21","10","31"
"闻而","29","2","31"
"复来","31","0","31"
"有建","8","23","31"
"之同","24","7","31"
"天平","15","16","31"
"姑息","17","14","31"
"朝不","13","18","31"
"行人","14","17","31"
"宜有","29","2","31"
"之旧","29","2","31"
"大呼","22","9","31"
"以见","24","7","31"
"耕籍","13","18","31"
"为请","27","4","31"
"然以","17","14","31"
"而所","19","12","31"
"龚茂","14","17","31"
"正以","15","16","31"
"礼不","17","14","31"
"莫大","23","8","31"
"之相","19","12","31"
"举止","8","23","31"
"先人","5","26","31"
"授之","27","4","31"
"顾忌","7","24","31"
"患之","22","9","31"
"二级","4","27","31"
"范为","14","17","31"
"前右","17","14","31"
"国为","8","23","31"
"姑洗","14","17","31"
"封魏","22","9","31"
"景王","15","16","31"
"送神","12","19","31"
"公府","13","18","31"
"史谢","15","16","31"
"史周","15","16","31"
"宁康","17","14","31"
"龄石","16","15","31"
"入舆","15","16","31"
"河内","15","16","31"
"弘农","15","16","31"
"荥阳","21","10","31"
"北有","21","10","31"
"改年","8","23","31"
"吴地","3","28","31"
"复立","29","2","31"
"属南","18","13","31"
"阴太","15","16","31"
"济北","16","15","31"
"子洗","15","16","31"
"下二","15","16","31"
"王仁","14","17","31"
"右武","16","15","31"
"中立","16","15","31"
"州置","25","6","31"
"为延","6","25","31"
"原郡","13","18","31"
"赵野","14","17","31"
"朱震","8","23","31"
"司官","12","19","31"
"年丧","11","20","31"
"兼崇","18","13","31"
"龙为","11","20","31"
"视江","13","18","31"
"任依","14","17","31"
"程元","15","16","31"
"诏抚","18","13","31"
"殿最","30","1","31"
"守军","4","27","31"
"我心","6","25","31"
"四曰","31","0","31"
"普为","15","16","31"
"拱初","16","15","31"
"进银","15","16","31"
"书礼","14","17","31"
"时令","6","25","31"
"使事","18","13","31"
"字元","16","15","31"
"诏与","24","7","31"
"书为","16","15","31"
"权礼","20","11","31"
"进屯","19","12","31"
"历官","15","16","31"
"资治","16","15","31"
"以侍","23","8","31"
"敬宣","15","16","31"
"声援","16","15","31"
"反正","15","16","31"
"先在","3","28","31"
"者相","21","10","31"
"当大","12","19","31"
"与众","15","16","31"
"代还","26","5","31"
"大国","10","21","31"
"者乎","31","0","31"
"功而","10","21","31"
"无大","23","8","31"
"口不","9","22","31"
"至公","23","8","31"
"之出","19","12","31"
"外都","6","25","31"
"可一","17","14","31"
"善之","26","5","31"
"稽郡","13","18","31"
"过五","9","22","31"
"下在","6","25","31"
"役者","24","7","31"
"有法","15","16","31"
"遣送","6","25","31"
"二等","16","15","31"
"朝贡","12","19","31"
"恭为","16","15","31"
"王遣","30","1","31"
"难当","16","15","31"
"人寇","31","0","31"
"所获","22","9","31"
"表里","21","10","31"
"军兼","10","21","31"
"军陈","16","15","31"
"定天","9","22","31"
"之来","27","4","31"
"军安","15","16","31"
"又令","20","11","31"
"不精","12","19","31"
"之自","25","6","31"
"晋以","14","17","31"
"先祖","2","29","31"
"以六","21","10","31"
"子舍","15","16","31"
"吕本","7","24","31"
"尺寸","18","13","31"
"所施","23","8","31"
"令一","8","23","31"
"而太","14","17","31"
"帝召","8","23","31"
"平四","12","19","31"
"当先","19","12","31"
"虞舜","8","23","31"
"以考","12","19","31"
"如前","24","7","31"
"合月","15","16","31"
"日后","9","22","31"
"三四","17","14","31"
"文曰","31","0","31"
"独断","15","16","31"
"郑国","10","21","31"
"弃官","14","17","31"
"遣司","20","11","31"
"心一","11","20","31"
"何时","18","13","31"
"厚恩","12","19","31"
"犹以","31","0","31"
"齐衰","15","16","31"
"有公","11","20","31"
"为功","18","13","31"
"子所","20","11","31"
"当在","9","22","31"
"明六","15","16","31"
"臣将","11","20","31"
"命不","15","16","31"
"帝业","4","27","31"
"太牢","18","13","31"
"天与","10","21","31"
"敬重","4","27","31"
"有他","12","19","31"
"一有","18","13","31"
"以达","14","17","31"
"继宗","12","19","31"
"对朝","2","29","31"
"长者","15","16","31"
"又多","12","19","31"
"上因","7","24","31"
"同姓","15","16","31"
"宗有","11","20","31"
"近世","20","11","31"
"在襄","9","22","31"
"奸恶","5","26","31"
"不轨","12","19","31"
"以分","11","20","31"
"陈王","15","16","31"
"西平","17","14","31"
"大起","27","4","31"
"求为","15","16","31"
"求自","7","24","31"
"梁成","14","17","31"
"兵救","7","24","31"
"承祖","14","17","31"
"解职","14","17","31"
"建中","16","15","31"
"远离","1","30","31"
"得天","15","16","31"
"车盖","7","24","31"
"流通","6","25","31"
"熙八","13","18","31"
"规矩","3","28","31"
"复国","5","26","31"
"献明","16","15","31"
"王朝","2","29","31"
"淮之","21","10","31"
"然被","2","29","31"
"万钱","4","27","31"
"等九","14","17","31"
"攻讨","9","22","31"
"州经","18","13","31"
"气不","10","21","31"
"为妻","6","25","31"
"国势","16","15","31"
"兵家","12","19","31"
"四处","2","29","31"
"相张","14","17","31"
"为圣","10","21","31"
"水县","14","17","31"
"等在","3","28","31"
"小船","3","28","31"
"遗书","20","11","31"
"据险","14","17","31"
"多出","17","14","31"
"防卫","3","28","31"
"中在","4","27","31"
"至有","18","13","31"
"又欲","30","1","31"
"处治","1","30","31"
"惊骇","1","30","31"
"共事","15","16","31"
"上各","9","22","31"
"复召","28","3","31"
"来救","5","26","31"
"招之","30","1","31"
"各进","21","10","31"
"出降","20","11","31"
"被围","5","26","31"
"可乎","31","0","31"
"两天","2","29","31"
"千骑","17","14","31"
"困乏","3","28","31"
"将所","12","19","31"
"奉养","11","20","31"
"连接","1","30","31"
"使韩","16","15","31"
"金器","15","16","31"
"新修","8","23","31"
"者给","16","15","31"
"归州","15","16","31"
"原城","5","26","31"
"奇才","8","23","31"
"土产","4","27","31"
"二税","15","16","31"
"命翰","7","24","31"
"丹遣","31","0","31"
"党进","7","24","31"
"刘廷","15","16","31"
"州言","31","0","31"
"定法","6","25","31"
"按察","13","18","31"
"等请","20","11","31"
"兵援","19","12","31"
"左正","15","16","31"
"武艺","9","22","31"
"收获","1","30","31"
"功大","14","17","31"
"诏授","15","16","31"
"诏上","17","14","31"
"迎奉","14","17","31"
"赐宴","14","17","31"
"符三","12","19","31"
"地里","6","25","31"
"代时","4","27","31"
"官和","1","30","31"
"英阁","15","16","31"
"拱殿","15","16","31"
"水患","14","17","31"
"知延","19","12","31"
"人渡","14","17","31"
"苏颂","15","16","31"
"政官","11","20","31"
"复元","26","5","31"
"省试","14","17","31"
"戌日","3","28","31"
"人安","12","19","31"
"收藏","1","30","31"
"诗赋","14","17","31"
"田师","15","16","31"
"权吏","22","9","31"
"溃兵","13","18","31"
"有敢","6","25","31"
"翟进","5","26","31"
"问罪","12","19","31"
"邵青","14","17","31"
"命杨","11","20","31"
"桧为","11","20","31"
"皇祐","25","6","31"
"军务","7","24","31"
"杰出","2","29","31"
"除职","6","25","31"
"州等","3","28","31"
"新政","12","19","31"
"带行","16","15","31"
"令将","3","28","31"
"在水","3","28","31"
"色明","1","30","31"
"关闭","1","30","31"
"所学","14","17","31"
"下亲","9","22","31"
"召至","25","6","31"
"停职","1","30","31"
"边远","1","30","31"
"荐其","30","1","31"
"中而","13","18","31"
"而陛","16","15","31"
"是赵","1","30","31"
"是十","2","29","31"
"容纳","3","28","31"
"学识","4","27","31"
"下命","3","28","31"
"我死","8","23","31"
"分高","1","30","31"
"坚定","2","29","31"
"仇敌","7","24","31"
"一片","1","30","31"
"奉承","3","28","31"
"局面","1","30","31"
"教导","3","28","31"
"嫌疑","4","27","31"
"缺失","1","30","31"
"说天","1","30","31"
"仲微","13","18","31"
"要职","1","30","31"
"一到","1","30","31"
"忄乇","15","16","31"
"詹体","1","30","31"
"严密","2","29","31"
"任陕","1","30","31"
"复任","1","30","31"
"交替","0","31","31"
"到不","0","31","31"
"刚开","0","31","31"
"队一","0","31","31"
"么呢","0","31","31"
"归属","0","31","31"
"过几","0","31","31"
"两种","0","31","31"
"的差","0","31","31"
"态度","0","31","31"
"被消","0","31","31"
"列在","0","31","31"
"携带","0","31","31"
"同情","0","31","31"
"天说","0","31","31"
"堆积","0","31","31"
"以这","0","31","31"
"业刺","0","31","31"
"思是","0","31","31"
"受他","0","31","31"
"我希","0","31","31"
"任务","0","31","31"
"与你","0","31","31"
"到长","0","31","31"
"死他","0","31","31"
"望他","0","31","31"
"只因","0","31","31"
"便会","0","31","31"
"当了","0","31","31"
"行走","0","31","31"
"在自","0","31","31"
"难的","0","31","31"
"对方","0","31","31"
"将到","0","31","31"
"到上","0","31","31"
"毁掉","0","31","31"
"从的","0","31","31"
"知晓","0","31","31"
"是好","0","31","31"
"鼓励","0","31","31"
"都想","0","31","31"
"拜访","0","31","31"
"到秦","0","31","31"
"治他","0","31","31"
"他看","0","31","31"
"谋求","0","31","31"
"他父","0","31","31"
"述说","0","31","31"
"外当","0","31","31"
"徽酞","0","31","31"
"酞阁","0","31","31"
"疏浚","0","31","31"
"任判","0","31","31"
"附的","0","31","31"
"南逃","0","31","31"
"派刘","0","31","31"
"堂弟","0","31","31"
"对付","0","31","31"
"王派","0","31","31"
"沿袭","0","31","31"
"的山","0","31","31"
"的公","0","31","31"
"些地","0","31","31"
"屡屡","0","31","31"
"逃脱","0","31","31"
"展开","0","31","31"
"诏让","0","31","31"
"的只","0","31","31"
"派张","0","31","31"
"廷推","0","31","31"
"薪州","0","31","31"
"刘倚","0","31","31"
"军知","0","31","31"
"亮光","0","31","31"
"不避","17","13","30"
"德文","14","16","30"
"非一","24","6","30"
"人道","19","11","30"
"于兵","18","12","30"
"在今","9","21","30"
"宣德","17","13","30"
"之党","24","6","30"
"皆如","30","0","30"
"蔡邕","15","15","30"
"前说","10","20","30"
"此也","22","8","30"
"上古","11","19","30"
"未足","28","2","30"
"以降","24","6","30"
"民无","21","9","30"
"复起","23","7","30"
"妖也","30","0","30"
"罚也","28","2","30"
"自出","14","16","30"
"制不","11","19","30"
"而事","18","12","30"
"起自","13","17","30"
"马之","20","10","30"
"教训","2","28","30"
"之属","30","0","30"
"以威","22","8","30"
"为寇","26","4","30"
"万全","17","13","30"
"去岁","28","2","30"
"之性","23","7","30"
"以尽","21","9","30"
"能立","15","15","30"
"意于","16","14","30"
"名器","24","6","30"
"人见","18","12","30"
"之可","27","3","30"
"受之","26","4","30"
"此三","18","12","30"
"密谋","10","20","30"
"其私","26","4","30"
"之形","22","8","30"
"于家","23","7","30"
"往年","9","21","30"
"向士","14","16","30"
"之过","21","9","30"
"江之","23","7","30"
"能言","24","6","30"
"分地","9","21","30"
"州学","12","18","30"
"王事","22","8","30"
"无主","20","10","30"
"还为","27","3","30"
"归朝","19","11","30"
"可否","19","11","30"
"以入","23","7","30"
"湖湘","16","14","30"
"兵者","27","3","30"
"辞免","17","13","30"
"声色","16","14","30"
"贻书","30","0","30"
"可保","20","10","30"
"罪者","22","8","30"
"目前","5","25","30"
"史徐","16","14","30"
"邑二","19","11","30"
"号征","22","8","30"
"以宁","24","6","30"
"王伯","15","15","30"
"幼文","15","15","30"
"为景","12","18","30"
"银印","15","15","30"
"一步","5","25","30"
"马懿","13","17","30"
"破其","28","2","30"
"又杀","12","18","30"
"余家","19","11","30"
"星又","7","23","30"
"进爵","15","15","30"
"苍天","3","27","30"
"太始","20","10","30"
"驯象","16","14","30"
"康十","14","16","30"
"一蒂","12","18","30"
"生陈","19","11","30"
"和末","15","15","30"
"安元","17","13","30"
"吴县","13","17","30"
"帝立","22","8","30"
"乐平","14","16","30"
"而南","22","8","30"
"翰为","13","17","30"
"汉琼","15","15","30"
"兼判","17","13","30"
"朝元","12","18","30"
"文明","15","15","30"
"难军","15","15","30"
"彬为","14","16","30"
"明节","16","14","30"
"以工","20","10","30"
"水为","16","14","30"
"琼等","15","15","30"
"凉府","15","15","30"
"保州","14","16","30"
"睿圣","18","12","30"
"五品","15","15","30"
"岁贡","22","8","30"
"以韩","26","4","30"
"定王","14","16","30"
"同安","15","15","30"
"张遇","13","17","30"
"永丰","15","15","30"
"阶州","14","16","30"
"马友","13","17","30"
"举茶","14","16","30"
"兼行","20","10","30"
"士陈","16","14","30"
"邵宏","14","16","30"
"礼为","16","14","30"
"制陈","15","15","30"
"以杨","19","11","30"
"右千","15","15","30"
"监兼","16","14","30"
"知襄","20","10","30"
"袭衣","21","9","30"
"五字","16","14","30"
"士璧","15","15","30"
"削去","2","28","30"
"五大","5","25","30"
"汉永","28","2","30"
"受封","6","24","30"
"度观","15","15","30"
"子崧","15","15","30"
"字伯","15","15","30"
"司封","15","15","30"
"知兵","24","6","30"
"化三","12","18","30"
"祖实","16","14","30"
"改太","26","4","30"
"右赞","16","14","30"
"军头","15","15","30"
"刘平","10","20","30"
"为群","20","10","30"
"史知","15","15","30"
"十匹","14","16","30"
"四朝","18","12","30"
"心以","18","12","30"
"定六","11","19","30"
"迁起","27","3","30"
"国重","16","14","30"
"重事","17","13","30"
"府主","14","16","30"
"谢枋","4","26","30"
"熙中","25","5","30"
"驻泊","16","14","30"
"阴军","16","14","30"
"三篇","14","16","30"
"薛叔","13","17","30"
"功曹","15","15","30"
"海盐","15","15","30"
"奋击","19","11","30"
"祖因","4","26","30"
"已去","19","11","30"
"子于","25","5","30"
"其日","30","0","30"
"见大","12","18","30"
"后事","19","11","30"
"见杀","30","0","30"
"官奉","24","6","30"
"官人","15","15","30"
"之乱","18","12","30"
"而任","10","20","30"
"死士","20","10","30"
"众不","18","12","30"
"城以","17","13","30"
"蒯恩","3","27","30"
"余丈","16","14","30"
"德以","18","12","30"
"令百","9","21","30"
"跋扈","14","16","30"
"正不","12","18","30"
"马头","13","17","30"
"督诸","26","4","30"
"三子","26","4","30"
"王导","19","11","30"
"驾亲","19","11","30"
"州并","18","12","30"
"后及","17","13","30"
"诸陵","21","9","30"
"子即","12","18","30"
"摄提","13","17","30"
"不备","16","14","30"
"加中","24","6","30"
"遭水","3","27","30"
"登之","16","14","30"
"霖雨","23","7","30"
"子鸾","16","14","30"
"与朝","5","25","30"
"才之","19","11","30"
"超越","3","27","30"
"儒士","2","28","30"
"自取","17","13","30"
"乘马","17","13","30"
"自汉","25","5","30"
"地而","10","20","30"
"汉志","24","6","30"
"又当","4","26","30"
"假托","7","23","30"
"意而","12","18","30"
"令太","3","27","30"
"仪注","22","8","30"
"即上","14","16","30"
"度法","12","18","30"
"得有","12","18","30"
"弘之","15","15","30"
"夏秋","13","17","30"
"晋宣","13","17","30"
"帝至","25","5","30"
"等又","15","15","30"
"以权","25","5","30"
"而今","12","18","30"
"以年","14","16","30"
"是魏","3","27","30"
"年年","2","28","30"
"时运","9","21","30"
"夷人","15","15","30"
"司命","14","16","30"
"司之","25","5","30"
"八方","5","25","30"
"还乡","11","19","30"
"立一","8","22","30"
"在庙","10","20","30"
"苏峻","14","16","30"
"官拜","6","24","30"
"而祭","14","16","30"
"果以","13","17","30"
"无有","28","2","30"
"为判","12","18","30"
"祭器","14","16","30"
"致祭","18","12","30"
"九卿","13","17","30"
"用法","8","22","30"
"是公","6","24","30"
"舞蹈","4","26","30"
"身而","12","18","30"
"长城","14","16","30"
"驱使","5","25","30"
"言无","19","11","30"
"乱不","5","25","30"
"退为","16","14","30"
"礼成","22","8","30"
"轻举","7","23","30"
"犯井","14","16","30"
"见王","9","21","30"
"王良","15","15","30"
"杨太","15","15","30"
"则在","6","24","30"
"国宝","15","15","30"
"是主","2","28","30"
"宝等","16","14","30"
"又占","16","14","30"
"有火","13","17","30"
"到今","2","28","30"
"百步","15","15","30"
"害之","17","13","30"
"而受","9","21","30"
"涌出","1","29","30"
"有节","8","22","30"
"令孙","14","16","30"
"边有","10","20","30"
"能轻","3","27","30"
"困于","23","7","30"
"作威","9","21","30"
"在荆","5","25","30"
"其精","15","15","30"
"年卒","30","0","30"
"帝听","3","27","30"
"中又","3","27","30"
"从平","13","17","30"
"在广","4","26","30"
"儒学","7","23","30"
"迁中","28","2","30"
"臣与","16","14","30"
"东吴","1","29","30"
"已到","1","29","30"
"决于","15","15","30"
"自固","25","5","30"
"为生","12","18","30"
"州任","5","25","30"
"为荣","8","22","30"
"新建","5","25","30"
"才不","9","21","30"
"沈邵","3","27","30"
"归路","20","10","30"
"帝前","19","11","30"
"意旨","1","29","30"
"军屯","14","16","30"
"命有","23","7","30"
"寇盗","9","21","30"
"武人","14","16","30"
"欣然","17","13","30"
"其部","12","18","30"
"宗嘉","19","11","30"
"请罪","11","19","30"
"官在","4","26","30"
"生时","6","24","30"
"我与","2","28","30"
"人害","6","24","30"
"僖祖","16","14","30"
"彦卿","15","15","30"
"师傅","12","18","30"
"谓宰","30","0","30"
"检详","15","15","30"
"等一","5","25","30"
"开垦","4","26","30"
"昭素","11","19","30"
"州长","13","17","30"
"宝寺","15","15","30"
"败江","15","15","30"
"不事","22","8","30"
"章疏","18","12","30"
"宗尝","30","0","30"
"廷让","10","20","30"
"度判","15","15","30"
"刘继","10","20","30"
"田锡","4","26","30"
"琼州","16","14","30"
"保忠","15","15","30"
"州张","16","14","30"
"臣兼","15","15","30"
"宜行","26","4","30"
"以劝","16","14","30"
"御试","22","8","30"
"决系","30","0","30"
"誓书","15","15","30"
"诏淮","19","11","30"
"遵勖","12","18","30"
"城市","3","27","30"
"宝训","20","10","30"
"灾州","5","25","30"
"伤州","22","8","30"
"杨崇","7","23","30"
"会兵","22","8","30"
"漕臣","24","6","30"
"恩州","14","16","30"
"取名","3","27","30"
"命尚","7","23","30"
"河兰","15","15","30"
"李稷","8","22","30"
"城壕","2","28","30"
"贬逐","4","26","30"
"出钱","11","19","30"
"智谋","8","22","30"
"泰军","15","15","30"
"王厚","3","27","30"
"何执","13","17","30"
"访使","14","16","30"
"神霄","15","15","30"
"熙州","12","18","30"
"小儿","7","23","30"
"庆远","15","15","30"
"遥郡","17","13","30"
"佑神","15","15","30"
"神观","15","15","30"
"言金","27","3","30"
"神卫","16","14","30"
"泽为","15","15","30"
"同都","15","15","30"
"叛将","13","17","30"
"小校","14","16","30"
"企宗","15","15","30"
"程昌","15","15","30"
"司员","15","15","30"
"事被","2","28","30"
"军和","1","29","30"
"后回","3","27","30"
"遇敌","21","9","30"
"义端","13","17","30"
"帘听","6","24","30"
"事端","5","25","30"
"功行","9","21","30"
"周敦","3","27","30"
"陛辞","30","0","30"
"王坚","14","16","30"
"苦于","4","26","30"
"北朝","15","15","30"
"精密","4","26","30"
"臣叛","21","9","30"
"一云","30","0","30"
"在文","3","27","30"
"宿在","4","26","30"
"力言","27","3","30"
"指为","23","7","30"
"相后","1","29","30"
"从京","1","29","30"
"对大","2","28","30"
"使职","2","28","30"
"孙何","6","24","30"
"事下","20","10","30"
"得胜","3","27","30"
"受国","6","24","30"
"是阴","1","29","30"
"苏舜","7","23","30"
"田京","2","28","30"
"流俗","15","15","30"
"因母","1","29","30"
"从易","12","18","30"
"对时","1","29","30"
"幸免","4","26","30"
"是神","3","27","30"
"扶持","8","22","30"
"以了","1","29","30"
"己也","2","28","30"
"赏识","1","29","30"
"得及","1","29","30"
"悲哀","1","29","30"
"一动","10","20","30"
"亮在","2","28","30"
"冲击","1","29","30"
"吴处","6","24","30"
"穷困","3","27","30"
"升一","1","29","30"
"街市","1","29","30"
"丝毫","1","29","30"
"来自","3","27","30"
"是第","1","29","30"
"就将","0","30","30"
"想起","0","30","30"
"放回","0","30","30"
"灵柩","0","30","30"
"弘扬","0","30","30"
"述的","0","30","30"
"记述","0","30","30"
"断地","0","30","30"
"背了","0","30","30"
"献出","0","30","30"
"岁的","0","30","30"
"又想","0","30","30"
"遵从","0","30","30"
"全面","0","30","30"
"证明","0","30","30"
"车子","0","30","30"
"们是","0","30","30"
"也一","0","30","30"
"的光","0","30","30"
"帽子","0","30","30"
"金的","0","30","30"
"送回","0","30","30"
"个字","0","30","30"
"马伦","0","30","30"
"独揽","0","30","30"
"身的","0","30","30"
"居的","0","30","30"
"到自","0","30","30"
"了两","0","30","30"
"投入","0","30","30"
"的吗","0","30","30"
"败的","0","30","30"
"罚的","0","30","30"
"们对","0","30","30"
"送信","0","30","30"
"从没","0","30","30"
"间长","0","30","30"
"的远","0","30","30"
"章的","0","30","30"
"的为","0","30","30"
"当他","0","30","30"
"命运","0","30","30"
"那是","0","30","30"
"做不","0","30","30"
"质的","0","30","30"
"他没","0","30","30"
"的宠","0","30","30"
"队中","0","30","30"
"赐的","0","30","30"
"侯的","0","30","30"
"害百","0","30","30"
"到开","0","30","30"
"毫州","0","30","30"
"结盟","0","30","30"
"的房","0","30","30"
"责问","0","30","30"
"么事","0","30","30"
"曾在","0","30","30"
"赶赴","0","30","30"
"戴武","0","30","30"
"时隶","0","30","30"
"径原","0","30","30"
"有儿","0","30","30"
"任淮","0","30","30"
"任龙","0","30","30"
"的司","0","30","30"
"陷落","0","30","30"
"还可","0","30","30"
"要再","0","30","30"
"折断","0","30","30"
"熙年","0","30","30"
"叛变","0","30","30"
"适合","0","30","30"
"受的","0","30","30"
"年去","0","30","30"
"十件","0","30","30"
"空缺","0","30","30"
"到安","0","30","30"
"固定","0","30","30"
"的最","0","30","30"
"生性","0","30","30"
"邀请","0","30","30"
"棺材","0","30","30"
"他死","0","30","30"
"都称","0","30","30"
"她们","0","30","30"
"我担","0","30","30"
"忌恨","0","30","30"
"师的","0","30","30"
"脑袋","0","30","30"
"他兼","0","30","30"
"到镇","0","30","30"
"名骑","0","30","30"
"轻兵","15","14","29"
"还本","22","7","29"
"职方","15","14","29"
"取舍","11","18","29"
"法为","16","13","29"
"度分","12","17","29"
"以章","21","8","29"
"有定","18","11","29"
"方今","26","3","29"
"以推","10","19","29"
"不异","29","0","29"
"以俟","29","0","29"
"或曰","29","0","29"
"于心","11","18","29"
"祖平","10","19","29"
"入河","21","8","29"
"近之","19","10","29"
"堂隆","15","14","29"
"持久","13","16","29"
"宜加","25","4","29"
"乞归","28","1","29"
"陵之","22","7","29"
"之会","24","5","29"
"然之","28","1","29"
"下多","16","13","29"
"之由","26","3","29"
"不纳","25","4","29"
"并有","16","13","29"
"今所","25","4","29"
"有知","17","12","29"
"之征","23","6","29"
"议所","21","8","29"
"我本","3","26","29"
"之业","23","6","29"
"逆顺","22","7","29"
"江而","12","17","29"
"为统","11","18","29"
"所破","26","3","29"
"能因","2","27","29"
"获其","22","7","29"
"此心","20","9","29"
"年月","13","16","29"
"善恶","14","15","29"
"与官","21","8","29"
"郡有","18","11","29"
"与三","13","16","29"
"能无","24","5","29"
"以次","28","1","29"
"乃与","29","0","29"
"违法","5","24","29"
"第视","29","0","29"
"衮冕","19","10","29"
"不之","27","2","29"
"之福","25","4","29"
"去国","27","2","29"
"亦曰","28","1","29"
"其直","27","2","29"
"以继","12","17","29"
"异时","28","1","29"
"时论","20","9","29"
"命大","14","15","29"
"于二","17","12","29"
"如一","11","18","29"
"请为","23","6","29"
"兵也","13","16","29"
"为冀","13","16","29"
"明为","15","14","29"
"史桂","15","14","29"
"寸二","14","15","29"
"差率","12","17","29"
"万三","15","14","29"
"给四","14","15","29"
"太官","13","16","29"
"威仪","16","13","29"
"之祥","25","4","29"
"五里","13","16","29"
"所害","16","13","29"
"犯昴","17","12","29"
"斗第","17","12","29"
"和十","11","18","29"
"五凤","15","14","29"
"康帝","14","15","29"
"东大","16","13","29"
"入石","16","13","29"
"始七","14","15","29"
"永世","14","15","29"
"广武","14","15","29"
"加兵","13","16","29"
"华山","11","18","29"
"军卫","14","15","29"
"以参","20","9","29"
"钱若","12","17","29"
"邢州","12","17","29"
"六世","15","14","29"
"奉职","15","14","29"
"宝元","12","17","29"
"州税","16","13","29"
"府为","12","17","29"
"南水","16","13","29"
"改授","17","12","29"
"棣州","13","16","29"
"以京","22","7","29"
"薛庆","7","22","29"
"李知","11","18","29"
"移屯","19","10","29"
"制刘","14","15","29"
"夺二","11","18","29"
"阳为","23","6","29"
"选为","14","15","29"
"别之","17","12","29"
"知临","23","6","29"
"西湖","12","17","29"
"保信","15","14","29"
"子同","16","13","29"
"请立","18","11","29"
"继明","15","14","29"
"忠以","23","6","29"
"杰为","10","19","29"
"八分","15","14","29"
"曰太","24","5","29"
"月上","13","16","29"
"宁郡","13","16","29"
"察留","15","14","29"
"后五","17","12","29"
"易州","12","17","29"
"原州","13","16","29"
"移知","15","14","29"
"部流","13","16","29"
"书有","15","14","29"
"拜尚","27","2","29"
"迁著","26","3","29"
"禹偁","29","0","29"
"祈请","17","12","29"
"人兼","14","15","29"
"学事","14","15","29"
"梦得","14","15","29"
"刘牢","17","12","29"
"轻骑","17","12","29"
"是夜","27","2","29"
"民皆","28","1","29"
"意以","10","19","29"
"吏士","15","14","29"
"于石","27","2","29"
"佐命","22","7","29"
"及王","20","9","29"
"聚兵","16","13","29"
"于安","14","15","29"
"百僚","29","0","29"
"又亲","5","24","29"
"兗二","29","0","29"
"闻有","29","0","29"
"不信","19","10","29"
"守以","21","8","29"
"追至","25","4","29"
"命而","15","14","29"
"争先","11","18","29"
"秀才","12","17","29"
"不反","21","8","29"
"凡二","29","0","29"
"故其","29","0","29"
"万事","14","15","29"
"官僚","6","23","29"
"史赵","13","16","29"
"赵伦","12","17","29"
"先有","13","16","29"
"园听","15","14","29"
"仇池","15","14","29"
"道子","14","15","29"
"破金","13","16","29"
"州立","17","12","29"
"千顷","15","14","29"
"新野","14","15","29"
"贵戚","16","13","29"
"开仓","3","26","29"
"为襄","13","16","29"
"虽未","24","5","29"
"之代","14","15","29"
"举为","13","16","29"
"以充","15","14","29"
"门以","16","13","29"
"王广","8","21","29"
"金根","15","14","29"
"根车","11","18","29"
"为六","16","13","29"
"于都","21","8","29"
"平中","25","4","29"
"当用","17","12","29"
"以纪","21","8","29"
"在张","6","23","29"
"吴中","16","13","29"
"以故","27","2","29"
"事当","19","10","29"
"帝临","13","16","29"
"因是","12","17","29"
"等同","12","17","29"
"外表","3","26","29"
"事君","21","8","29"
"则应","14","15","29"
"德三","9","20","29"
"是诏","9","20","29"
"庭中","8","21","29"
"禅位","9","20","29"
"与中","12","17","29"
"陈公","13","16","29"
"辞行","3","26","29"
"后稷","13","16","29"
"文正","15","14","29"
"帝也","5","24","29"
"封泰","17","12","29"
"丁夫","17","12","29"
"庙室","8","21","29"
"为亲","9","20","29"
"伯父","8","21","29"
"则必","17","12","29"
"士刘","14","15","29"
"臣于","26","3","29"
"德泽","13","16","29"
"为邪","14","15","29"
"兵战","22","7","29"
"当官","8","21","29"
"代有","7","22","29"
"何事","24","5","29"
"人服","16","13","29"
"河堤","10","19","29"
"印绶","5","24","29"
"为汉","12","17","29"
"将陈","12","17","29"
"八九","15","14","29"
"尔雅","14","15","29"
"稍有","2","27","29"
"前人","7","22","29"
"时还","3","26","29"
"舟船","5","24","29"
"至诚","12","17","29"
"和气","14","15","29"
"白鸠","10","19","29"
"同天","13","16","29"
"白云","24","5","29"
"二句","14","15","29"
"地中","14","15","29"
"者在","15","14","29"
"史胡","14","15","29"
"壁宿","5","24","29"
"是百","6","23","29"
"天中","11","18","29"
"入天","14","15","29"
"病死","8","21","29"
"欲杀","28","1","29"
"升殿","16","13","29"
"小民","14","15","29"
"洛水","7","22","29"
"见一","5","24","29"
"求不","8","21","29"
"后因","5","24","29"
"人十","6","23","29"
"人持","21","8","29"
"水流","5","24","29"
"说之","22","7","29"
"力求","14","15","29"
"信于","13","16","29"
"大而","14","15","29"
"则至","28","1","29"
"人三","13","16","29"
"如山","9","20","29"
"度以","11","18","29"
"园丞","15","14","29"
"山中","8","21","29"
"清廉","2","27","29"
"水平","8","21","29"
"衰弱","5","24","29"
"而中","20","9","29"
"相攻","10","19","29"
"大之","19","10","29"
"事发","12","17","29"
"子小","17","12","29"
"感悟","17","12","29"
"损伤","1","28","29"
"兵祸","4","25","29"
"腹之","4","25","29"
"大半","5","24","29"
"当死","22","7","29"
"弄权","6","23","29"
"又重","2","27","29"
"为治","21","8","29"
"新乐","13","16","29"
"立大","10","19","29"
"犹豫","5","24","29"
"服阕","29","0","29"
"小心","6","23","29"
"示以","22","7","29"
"当自","23","6","29"
"除秘","28","1","29"
"之险","21","8","29"
"州文","14","15","29"
"恨不","12","17","29"
"失礼","16","13","29"
"沈田","3","26","29"
"自请","18","11","29"
"道出","15","14","29"
"寻除","29","0","29"
"拘留","4","25","29"
"著称","7","22","29"
"交易","7","22","29"
"位为","3","26","29"
"阳在","1","28","29"
"赞成","4","25","29"
"焘又","10","19","29"
"人常","3","26","29"
"任东","1","28","29"
"丁母","29","0","29"
"知是","3","26","29"
"违犯","1","28","29"
"用自","3","26","29"
"发觉","3","26","29"
"与范","12","17","29"
"安逸","4","25","29"
"语人","29","0","29"
"不继","22","7","29"
"心术","11","18","29"
"恸哭","25","4","29"
"原本","1","28","29"
"求出","3","26","29"
"上路","1","28","29"
"故旧","8","21","29"
"寡言","16","13","29"
"下士","13","16","29"
"仲贤","15","14","29"
"以论","27","2","29"
"为陈","5","24","29"
"天资","13","16","29"
"武力","4","25","29"
"衰微","5","24","29"
"牧马","13","16","29"
"昌盛","1","28","29"
"至行","27","2","29"
"沈林","1","28","29"
"上城","2","27","29"
"讨李","19","10","29"
"臣祈","9","20","29"
"耀州","12","17","29"
"城楼","8","21","29"
"终南","13","16","29"
"忻州","13","16","29"
"丧葬","6","23","29"
"武士","10","19","29"
"部族","7","22","29"
"州盗","10","19","29"
"翟守","1","28","29"
"赃罪","9","20","29"
"份为","2","27","29"
"除官","9","20","29"
"闲田","16","13","29"
"政得","9","20","29"
"理少","15","14","29"
"妄言","16","13","29"
"苗钱","12","17","29"
"塞门","14","15","29"
"遣耶","16","13","29"
"礼书","6","23","29"
"上其","29","0","29"
"中伤","10","19","29"
"从古","2","27","29"
"其赋","21","8","29"
"草诏","9","20","29"
"均输","14","15","29"
"役钱","13","16","29"
"副统","14","15","29"
"入相","28","1","29"
"来议","12","17","29"
"龙德","14","15","29"
"瞎征","14","15","29"
"治绩","7","22","29"
"花石","13","16","29"
"试学","18","11","29"
"荐为","23","6","29"
"哀痛","8","21","29"
"胡舜","12","17","29"
"好问","15","14","29"
"周望","14","15","29"
"召募","5","24","29"
"王","29","0","29"
"燮","29","0","29"
"山砦","23","6","29"
"俊率","4","25","29"
"定远","14","15","29"
"湖贼","14","15","29"
"王爵","14","15","29"
"忠定","14","15","29"
"飞遣","29","0","29"
"时设","1","28","29"
"人退","13","16","29"
"受书","19","10","29"
"石烈","14","15","29"
"进奏","10","19","29"
"讲明","8","21","29"
"伴使","12","17","29"
"晞稷","28","1","29"
"朝使","3","26","29"
"则国","18","11","29"
"青黑","10","19","29"
"民安","12","17","29"
"梁不","14","15","29"
"说一","2","27","29"
"隐藏","1","28","29"
"宗赐","4","25","29"
"再相","26","3","29"
"任镇","1","28","29"
"招来","6","23","29"
"崇高","2","27","29"
"问王","2","27","29"
"勾当","11","18","29"
"复故","13","16","29"
"是开","2","27","29"
"外地","1","28","29"
"突出","4","25","29"
"再除","4","25","29"
"私心","4","25","29"
"任天","3","26","29"
"警报","7","22","29"
"说张","1","28","29"
"宗遗","4","25","29"
"气势","2","27","29"
"却有","1","28","29"
"疑问","1","28","29"
"地神","2","27","29"
"谋取","2","27","29"
"拒不","10","19","29"
"论国","4","25","29"
"相合","1","28","29"
"兵都","1","28","29"
"能再","1","28","29"
"离喝","12","17","29"
"向前","2","27","29"
"地将","1","28","29"
"原则","1","28","29"
"蔡挺","1","28","29"
"文的","0","29","29"
"话说","0","29","29"
"的疾","0","29","29"
"富裕","0","29","29"
"你一","0","29","29"
"的传","0","29","29"
"终究","0","29","29"
"的相","0","29","29"
"律的","0","29","29"
"的刑","0","29","29"
"的诚","0","29","29"
"疑虑","0","29","29"
"下葬","0","29","29"
"他知","0","29","29"
"记下","0","29","29"
"在束","0","29","29"
"良的","0","29","29"
"理解","0","29","29"
"往的","0","29","29"
"又恢","0","29","29"
"史的","0","29","29"
"整天","0","29","29"
"说道","0","29","29"
"屠杀","0","29","29"
"士都","0","29","29"
"过这","0","29","29"
"面是","0","29","29"
"备好","0","29","29"
"多余","0","29","29"
"光的","0","29","29"
"禀告","0","29","29"
"的统","0","29","29"
"下子","0","29","29"
"么这","0","29","29"
"拖延","0","29","29"
"也许","0","29","29"
"露出","0","29","29"
"存的","0","29","29"
"痛苦","0","29","29"
"变了","0","29","29"
"的例","0","29","29"
"支持","0","29","29"
"要让","0","29","29"
"诚的","0","29","29"
"也要","0","29","29"
"原谅","0","29","29"
"做皇","0","29","29"
"完了","0","29","29"
"派一","0","29","29"
"做出","0","29","29"
"身穿","0","29","29"
"争的","0","29","29"
"是谁","0","29","29"
"常高","0","29","29"
"擅州","0","29","29"
"视他","0","29","29"
"贪图","0","29","29"
"连绵","0","29","29"
"听后","0","29","29"
"起火","0","29","29"
"江的","0","29","29"
"德年","0","29","29"
"共二","0","29","29"
"还说","0","29","29"
"妃子","0","29","29"
"器具","0","29","29"
"受灾","0","29","29"
"到平","0","29","29"
"躲避","0","29","29"
"了刘","0","29","29"
"卿的","0","29","29"
"了四","0","29","29"
"伐的","0","29","29"
"官到","0","29","29"
"愤恨","0","29","29"
"退下","0","29","29"
"四位","0","29","29"
"的常","0","29","29"
"是吉","0","29","29"
"仅是","0","29","29"
"西的","0","29","29"
"才停","0","29","29"
"佐大","0","29","29"
"举他","0","29","29"
"经说","0","29","29"
"借鉴","0","29","29"
"因贪","0","29","29"
"女婿","0","29","29"
"廷请","0","29","29"
"奖他","0","29","29"
"市被","0","29","29"
"堡寨","0","29","29"
"宋仁","0","29","29"
"景佑","0","29","29"
"贬任","0","29","29"
"王卓","0","29","29"
"晋之","23","5","28"
"随宜","26","2","28"
"懈怠","3","25","28"
"不暇","26","2","28"
"为日","21","7","28"
"月蚀","28","0","28"
"所称","20","8","28"
"将一","10","18","28"
"位居","7","21","28"
"百世","17","11","28"
"于庙","21","7","28"
"不存","13","15","28"
"极之","23","5","28"
"宋之","22","6","28"
"望于","17","11","28"
"心而","13","15","28"
"必欲","26","2","28"
"动静","13","15","28"
"以诚","16","12","28"
"而反","20","8","28"
"自东","27","1","28"
"崇之","18","10","28"
"实为","19","9","28"
"其故","28","0","28"
"亦何","28","0","28"
"若此","28","0","28"
"有主","12","16","28"
"寻复","28","0","28"
"为修","13","15","28"
"先登","16","12","28"
"隆重","5","23","28"
"故能","26","2","28"
"亦可","27","1","28"
"有礼","14","14","28"
"若能","17","11","28"
"出不","14","14","28"
"已成","13","15","28"
"以收","14","14","28"
"多以","17","11","28"
"开拓","5","23","28"
"始以","23","5","28"
"之节","24","4","28"
"意为","6","22","28"
"文人","7","21","28"
"以慰","20","8","28"
"病者","19","9","28"
"手足","13","15","28"
"谓人","27","1","28"
"故以","25","3","28"
"武库","16","12","28"
"鹊尾","13","15","28"
"军门","18","10","28"
"日久","18","10","28"
"抚之","21","7","28"
"在身","7","21","28"
"道中","20","8","28"
"诸公","20","8","28"
"以还","23","5","28"
"此乃","17","11","28"
"君不","24","4","28"
"解去","16","12","28"
"美女","6","22","28"
"我皇","14","14","28"
"世无","16","12","28"
"以镇","24","4","28"
"信使","14","14","28"
"别庙","17","11","28"
"儒者","13","15","28"
"是夕","28","0","28"
"因不","2","26","28"
"钱之","23","5","28"
"其请","27","1","28"
"以消","7","21","28"
"者论","23","5","28"
"违者","19","9","28"
"势必","12","16","28"
"以女","26","2","28"
"臣窃","27","1","28"
"献纳","11","17","28"
"巴西","14","14","28"
"迁职","23","5","28"
"邵陵","14","14","28"
"熙王","12","16","28"
"为骠","14","14","28"
"第九","12","16","28"
"始安","15","13","28"
"超之","15","13","28"
"九寸","15","13","28"
"青绶","27","1","28"
"贤一","13","15","28"
"墨绶","28","0","28"
"万九","15","13","28"
"钩钤","14","14","28"
"为齐","13","15","28"
"阳羡","15","13","28"
"安四","15","13","28"
"上虞","14","14","28"
"始皇","14","14","28"
"江县","11","17","28"
"祖镇","18","10","28"
"王绍","21","7","28"
"泰宁","14","14","28"
"相范","12","16","28"
"留司","15","13","28"
"西道","15","13","28"
"彰德","14","14","28"
"城节","14","14","28"
"右补","13","15","28"
"晋国","7","21","28"
"昭远","14","14","28"
"曹氏","13","15","28"
"曾为","9","19","28"
"人内","7","21","28"
"董毡","14","14","28"
"邵亢","2","26","28"
"载为","12","16","28"
"致虚","13","15","28"
"王云","11","17","28"
"君皇","14","14","28"
"金吾","14","14","28"
"宗受","17","11","28"
"仁皇","10","18","28"
"张用","11","17","28"
"兀","28","0","28"
"州统","13","15","28"
"范冲","13","15","28"
"改命","15","13","28"
"王炎","12","16","28"
"下户","15","13","28"
"赏钱","11","17","28"
"愚以","22","6","28"
"兼都","14","14","28"
"修武","16","12","28"
"渊子","14","14","28"
"县丞","14","14","28"
"帝号","9","19","28"
"知南","19","9","28"
"震电","27","1","28"
"宫及","21","7","28"
"旧布","13","15","28"
"后上","2","26","28"
"赠中","18","10","28"
"质等","14","14","28"
"坊使","14","14","28"
"城司","14","14","28"
"民租","26","2","28"
"瀛州","16","12","28"
"度推","16","12","28"
"国八","11","17","28"
"圣政","17","11","28"
"院同","15","13","28"
"著述","12","16","28"
"为耻","6","22","28"
"是多","3","25","28"
"寻迁","28","0","28"
"田员","14","14","28"
"杨震","8","20","28"
"陵人","13","15","28"
"海郡","9","19","28"
"能取","4","24","28"
"入海","15","13","28"
"敢死","9","19","28"
"必败","18","10","28"
"令左","11","17","28"
"于临","19","9","28"
"帅张","17","11","28"
"晋室","10","18","28"
"徒王","16","12","28"
"任城","14","14","28"
"其谋","28","0","28"
"生气","2","26","28"
"时无","12","16","28"
"以清","20","8","28"
"于华","24","4","28"
"有因","10","18","28"
"南太","13","15","28"
"船舰","4","24","28"
"淮上","18","10","28"
"相视","19","9","28"
"重镇","13","15","28"
"乘间","23","5","28"
"庾悦","4","24","28"
"孙季","9","19","28"
"以水","24","4","28"
"焚之","27","1","28"
"于行","24","4","28"
"豪强","4","24","28"
"疑其","24","4","28"
"令自","21","7","28"
"不逊","19","9","28"
"任集","2","26","28"
"夏口","16","12","28"
"元熙","16","12","28"
"有权","10","18","28"
"南为","20","8","28"
"贤堂","14","14","28"
"堂听","13","15","28"
"过二","12","16","28"
"荒废","4","24","28"
"金玉","15","13","28"
"为过","14","14","28"
"安平","13","15","28"
"安上","14","14","28"
"子就","3","25","28"
"巴东","15","13","28"
"成灾","3","25","28"
"阳山","13","15","28"
"监官","11","17","28"
"亲率","8","20","28"
"从军","12","16","28"
"初置","22","6","28"
"前太","13","15","28"
"宰江","14","14","28"
"其死","27","1","28"
"戴法","10","18","28"
"以特","15","13","28"
"莫知","28","0","28"
"之体","25","3","28"
"卫京","5","23","28"
"州三","9","19","28"
"于景","22","6","28"
"有君","7","21","28"
"丁壮","17","11","28"
"不离","9","19","28"
"之费","26","2","28"
"之作","16","12","28"
"史记","13","15","28"
"天官","9","19","28"
"调和","2","26","28"
"为七","13","15","28"
"度之","18","10","28"
"嘉九","12","16","28"
"时所","11","17","28"
"日也","25","3","28"
"中孚","14","14","28"
"为强","13","15","28"
"万分","4","24","28"
"考取","1","27","28"
"姓有","1","27","28"
"代制","3","25","28"
"下就","3","25","28"
"白衣","21","7","28"
"下既","18","10","28"
"帝意","27","1","28"
"公除","13","15","28"
"助教","14","14","28"
"在王","9","19","28"
"为土","24","4","28"
"是和","1","27","28"
"秋传","13","15","28"
"所应","6","22","28"
"不限","14","14","28"
"始祖","13","15","28"
"谦让","4","24","28"
"王有","10","18","28"
"而杀","16","12","28"
"而改","9","19","28"
"用四","9","19","28"
"奏弹","3","25","28"
"议曰","28","0","28"
"在门","5","23","28"
"选将","17","11","28"
"应奉","14","14","28"
"元初","8","20","28"
"司南","20","8","28"
"欲与","28","0","28"
"马不","12","16","28"
"自如","13","15","28"
"南向","18","10","28"
"乐官","10","18","28"
"以依","1","27","28"
"乐于","8","20","28"
"宣化","14","14","28"
"泰之","16","12","28"
"来一","3","25","28"
"寇边","28","0","28"
"永年","15","13","28"
"樊城","14","14","28"
"封建","23","5","28"
"充军","10","18","28"
"道自","9","19","28"
"曲有","14","14","28"
"郭氏","14","14","28"
"见南","26","2","28"
"夷族","1","27","28"
"内宫","4","24","28"
"入北","13","15","28"
"军渡","6","22","28"
"祖北","15","13","28"
"金钱","7","21","28"
"有龙","14","14","28"
"雷雨","16","12","28"
"相吕","15","13","28"
"直至","8","20","28"
"有武","15","13","28"
"右曰","28","0","28"
"人二","8","20","28"
"安吉","14","14","28"
"有奸","9","19","28"
"奸谋","17","11","28"
"说此","3","25","28"
"起而","13","15","28"
"位而","8","20","28"
"建都","12","16","28"
"幸太","27","1","28"
"蜀之","19","9","28"
"灾荒","3","25","28"
"自随","24","4","28"
"东诸","24","4","28"
"其要","21","7","28"
"时吴","12","16","28"
"秉政","23","5","28"
"从江","3","25","28"
"专任","19","9","28"
"贼之","17","11","28"
"城时","2","26","28"
"殆尽","19","9","28"
"所任","12","16","28"
"帝北","16","12","28"
"青为","13","15","28"
"博览","9","19","28"
"正司","14","14","28"
"诚实","5","23","28"
"等侯","14","14","28"
"内东","14","14","28"
"胁从","18","10","28"
"以方","19","9","28"
"城垒","15","13","28"
"祖赐","6","22","28"
"贼不","23","5","28"
"琳之","10","18","28"
"鞫之","28","0","28"
"我家","5","23","28"
"得官","14","14","28"
"尝谓","28","0","28"
"使一","9","19","28"
"敌不","17","11","28"
"百艘","10","18","28"
"解官","20","8","28"
"于治","9","19","28"
"上呈","2","26","28"
"大方","13","15","28"
"地土","2","26","28"
"小小","2","26","28"
"吏事","17","11","28"
"仁曰","28","0","28"
"孔道","11","17","28"
"通经","14","14","28"
"传送","3","25","28"
"路行","13","15","28"
"以奖","3","25","28"
"厉声","16","12","28"
"有学","10","18","28"
"赴援","17","11","28"
"济河","14","14","28"
"时李","9","19","28"
"城被","2","26","28"
"保守","4","24","28"
"随意","1","27","28"
"罗汉","14","14","28"
"求治","10","18","28"
"有盗","14","14","28"
"不赴","18","10","28"
"夜袭","13","15","28"
"后唐","11","17","28"
"德门","14","14","28"
"州火","22","6","28"
"州叛","11","17","28"
"功将","14","14","28"
"丹兵","14","14","28"
"剑门","13","15","28"
"行庆","12","16","28"
"春殿","14","14","28"
"蜀州","7","21","28"
"州岁","22","6","28"
"州各","5","23","28"
"诏减","15","13","28"
"彬等","14","14","28"
"绵州","12","16","28"
"号册","14","14","28"
"殿试","12","16","28"
"宁德","14","14","28"
"东饥","14","14","28"
"赵士","4","24","28"
"诏百","17","11","28"
"帅者","20","8","28"
"入禁","21","7","28"
"温成","14","14","28"
"昭庆","14","14","28"
"路帅","14","14","28"
"遣赵","14","14","28"
"六曹","14","14","28"
"奖谕","21","7","28"
"范祖","11","17","28"
"人官","8","20","28"
"害国","3","25","28"
"侯蒙","6","22","28"
"才有","2","26","28"
"退师","28","0","28"
"有威","8","20","28"
"李回","14","14","28"
"荐人","2","26","28"
"怀州","12","16","28"
"使召","20","8","28"
"扬言","9","19","28"
"为显","4","24","28"
"慰抚","12","16","28"
"兵南","10","18","28"
"赵令","6","22","28"
"康履","6","22","28"
"辛企","14","14","28"
"书论","13","15","28"
"论列","20","8","28"
"为李","8","20","28"
"孙近","14","14","28"
"令制","3","25","28"
"应试","1","27","28"
"七司","15","13","28"
"叶义","11","17","28"
"不难","13","15","28"
"渡口","1","27","28"
"章论","18","10","28"
"嗣秀","14","14","28"
"瑞庆","14","14","28"
"张福","12","16","28"
"疏乞","27","1","28"
"吴渊","14","14","28"
"全子","13","15","28"
"向太","2","26","28"
"于政","9","19","28"
"相陈","13","15","28"
"弘范","14","14","28"
"常规","2","26","28"
"微小","4","24","28"
"入犯","28","0","28"
"横贯","1","27","28"
"堤防","8","20","28"
"在君","6","22","28"
"在玉","6","22","28"
"廷试","14","14","28"
"名望","5","23","28"
"过多","3","25","28"
"朝永","1","27","28"
"赏不","9","19","28"
"怨言","5","23","28"
"索取","1","27","28"
"赎罪","7","21","28"
"谢绝","3","25","28"
"残酷","2","26","28"
"而求","17","11","28"
"称是","4","24","28"
"未被","1","27","28"
"言词","1","27","28"
"李蘩","4","24","28"
"关礼","4","24","28"
"外族","1","27","28"
"人质","1","27","28"
"上令","4","24","28"
"中了","1","27","28"
"子李","2","26","28"
"是忠","1","27","28"
"在敌","2","26","28"
"藩王","1","27","28"
"中途","1","27","28"
"任国","1","27","28"
"张惠","3","25","28"
"但我","1","27","28"
"修改","1","27","28"
"信服","2","26","28"
"扰百","1","27","28"
"令韩","1","27","28"
"心愿","1","27","28"
"他将","1","27","28"
"来与","1","27","28"
"结成","1","27","28"
"信的","0","28","28"
"母的","0","28","28"
"行到","0","28","28"
"使它","0","28","28"
"的特","0","28","28"
"的庙","0","28","28"
"俗的","0","28","28"
"就下","0","28","28"
"延续","0","28","28"
"和睦","0","28","28"
"终被","0","28","28"
"挽救","0","28","28"
"车的","0","28","28"
"败露","0","28","28"
"家政","0","28","28"
"此他","0","28","28"
"的呢","0","28","28"
"宋的","0","28","28"
"提议","0","28","28"
"无论","0","28","28"
"算是","0","28","28"
"运的","0","28","28"
"犯的","0","28","28"
"处的","0","28","28"
"的朋","0","28","28"
"碰到","0","28","28"
"为它","0","28","28"
"被刘","0","28","28"
"我应","0","28","28"
"帝去","0","28","28"
"而对","0","28","28"
"的防","0","28","28"
"顺朝","0","28","28"
"的价","0","28","28"
"对外","0","28","28"
"刑的","0","28","28"
"少饮","0","28","28"
"恼怒","0","28","28"
"能攻","0","28","28"
"宗认","0","28","28"
"罪责","0","28","28"
"实施","0","28","28"
"围困","0","28","28"
"一齐","0","28","28"
"据守","0","28","28"
"缴获","0","28","28"
"到张","0","28","28"
"获胜","0","28","28"
"作所","0","28","28"
"名额","0","28","28"
"务必","0","28","28"
"军打","0","28","28"
"徙到","0","28","28"
"将它","0","28","28"
"了它","0","28","28"
"这二","0","28","28"
"了天","0","28","28"
"安慰","0","28","28"
"的体","0","28","28"
"的侍","0","28","28"
"的云","0","28","28"
"跟着","0","28","28"
"到山","0","28","28"
"起身","0","28","28"
"到黄","0","28","28"
"取出","0","28","28"
"胄的","0","28","28"
"久他","0","28","28"
"听见","0","28","28"
"赞许","0","28","28"
"和张","0","28","28"
"激战","0","28","28"
"发配","0","28","28"
"支援","0","28","28"
"级官","0","28","28"
"等祝","0","28","28"
"因久","0","28","28"
"拜重","0","28","28"
"动战","0","28","28"
"土工","0","28","28"
"索湘","0","28","28"
"徐稷","0","28","28"
"家所","12","15","27"
"著于","22","5","27"
"非礼","27","0","27"
"有前","11","16","27"
"斟酌","12","15","27"
"于魏","13","14","27"
"恤之","21","6","27"
"处事","4","23","27"
"其来","25","2","27"
"便应","14","13","27"
"最先","2","25","27"
"府之","17","10","27"
"晋氏","22","5","27"
"于高","18","9","27"
"上而","11","16","27"
"收敛","7","20","27"
"不悟","21","6","27"
"愍怀","13","14","27"
"不预","23","4","27"
"西人","18","9","27"
"其弊","21","6","27"
"何人","18","9","27"
"能胜","7","20","27"
"大辟","23","4","27"
"临时","6","21","27"
"有未","19","8","27"
"为患","21","6","27"
"不妄","19","8","27"
"西之","20","7","27"
"异志","21","6","27"
"论议","19","8","27"
"惟恐","15","12","27"
"有征","19","8","27"
"名节","14","13","27"
"无定","21","6","27"
"未尽","23","4","27"
"公家","8","19","27"
"好读","14","13","27"
"天为","8","19","27"
"吾不","27","0","27"
"都市","14","13","27"
"直以","21","6","27"
"虑不","13","14","27"
"军所","16","11","27"
"逃窜","6","21","27"
"无厌","10","17","27"
"于白","19","8","27"
"与日","20","7","27"
"亮等","12","15","27"
"由来","15","12","27"
"为汝","15","12","27"
"亦无","26","1","27"
"其能","23","4","27"
"置官","11","16","27"
"宗祀","24","3","27"
"令下","8","19","27"
"得与","19","8","27"
"月八","3","24","27"
"天兴","13","14","27"
"下情","18","9","27"
"相望","18","9","27"
"家以","14","13","27"
"其民","26","1","27"
"年者","16","11","27"
"贼所","23","4","27"
"是知","14","13","27"
"首恶","15","12","27"
"其非","26","1","27"
"之交","15","12","27"
"亦未","27","0","27"
"言也","22","5","27"
"委曲","19","8","27"
"行伍","15","12","27"
"为也","23","4","27"
"已失","9","18","27"
"删定","13","14","27"
"即为","9","18","27"
"见而","20","7","27"
"者无","23","4","27"
"有机","13","14","27"
"机而","8","19","27"
"数有","22","5","27"
"使在","9","18","27"
"引荐","2","25","27"
"置诸","25","2","27"
"尝不","21","6","27"
"素为","17","10","27"
"军追","9","18","27"
"真为","14","13","27"
"射王","13","14","27"
"庆为","12","15","27"
"弩将","12","15","27"
"青冀","13","14","27"
"子伯","16","11","27"
"合数","16","11","27"
"太夫","13","14","27"
"令从","7","20","27"
"七寸","14","13","27"
"曹爽","13","14","27"
"入毕","14","13","27"
"星西","8","19","27"
"和八","13","14","27"
"自成","15","12","27"
"闭城","11","16","27"
"邑大","25","2","27"
"元三","9","18","27"
"乐安","14","13","27"
"湖水","9","18","27"
"为燕","16","11","27"
"官郎","14","13","27"
"兵四","14","13","27"
"圭为","11","16","27"
"刘昌","12","15","27"
"端为","11","16","27"
"院学","13","14","27"
"表上","15","12","27"
"为韩","6","21","27"
"孙抃","8","19","27"
"资格","5","22","27"
"行钱","13","14","27"
"和以","8","19","27"
"厚为","10","17","27"
"仲威","13","14","27"
"诚之","11","16","27"
"为雄","12","15","27"
"用军","3","24","27"
"军隶","15","12","27"
"传旨","16","11","27"
"还其","22","5","27"
"经武","16","11","27"
"以郑","19","8","27"
"权兵","19","8","27"
"邑一","7","20","27"
"葵为","8","19","27"
"正寺","14","13","27"
"臣同","12","15","27"
"迁兵","22","5","27"
"知庆","18","9","27"
"居谊","13","14","27"
"丞徐","16","11","27"
"陈文","12","15","27"
"景定","11","16","27"
"子三","12","15","27"
"周广","13","14","27"
"顺初","14","13","27"
"拜中","25","2","27"
"本以","22","5","27"
"道初","14","13","27"
"德中","25","2","27"
"子右","13","14","27"
"召拜","25","2","27"
"同判","13","14","27"
"圣祖","13","14","27"
"知通","14","13","27"
"壮丁","6","21","27"
"曹参","14","13","27"
"拜同","25","2","27"
"之围","9","18","27"
"等书","10","17","27"
"干官","13","14","27"
"特授","17","10","27"
"监主","13","14","27"
"宽民","17","10","27"
"为师","12","15","27"
"李筠","12","15","27"
"道行","15","12","27"
"前驱","23","4","27"
"死人","7","20","27"
"贼于","24","3","27"
"以步","21","6","27"
"以抚","17","10","27"
"不凡","6","21","27"
"先以","21","6","27"
"小字","17","10","27"
"又设","4","23","27"
"心所","11","16","27"
"度有","15","12","27"
"被执","23","4","27"
"刘敬","11","16","27"
"千载","18","9","27"
"玉玺","7","20","27"
"为界","13","14","27"
"欲自","27","0","27"
"自当","20","7","27"
"又自","19","8","27"
"余级","22","5","27"
"史杜","13","14","27"
"之表","23","4","27"
"于古","15","12","27"
"是罢","5","22","27"
"能之","7","20","27"
"各五","17","10","27"
"有难","13","14","27"
"崩于","26","1","27"
"松滋","14","13","27"
"奉皇","5","22","27"
"乘船","4","23","27"
"马王","9","18","27"
"兵校","14","13","27"
"泽之","19","8","27"
"忌之","25","2","27"
"兴祖","13","14","27"
"永为","16","11","27"
"所统","16","11","27"
"事如","16","11","27"
"以强","21","6","27"
"城为","18","9","27"
"明八","10","17","27"
"佃夫","13","14","27"
"帝欲","27","0","27"
"合谋","11","16","27"
"王延","12","15","27"
"常珍","10","17","27"
"领中","16","11","27"
"与执","15","12","27"
"贼党","21","6","27"
"显达","11","16","27"
"民俗","6","21","27"
"出游","11","16","27"
"严道","7","20","27"
"事则","19","8","27"
"记注","15","12","27"
"其声","20","7","27"
"九分","14","13","27"
"而作","8","19","27"
"颛顼","15","12","27"
"积分","13","14","27"
"积月","10","17","27"
"以减","11","16","27"
"法者","20","7","27"
"中也","8","19","27"
"月数","7","20","27"
"行三","17","10","27"
"孙氏","14","13","27"
"考校","7","20","27"
"烦扰","10","17","27"
"宜如","25","2","27"
"临轩","25","2","27"
"丧制","3","24","27"
"无过","24","3","27"
"石以","19","8","27"
"帝从","18","9","27"
"死一","8","19","27"
"殇服","5","22","27"
"居其","18","9","27"
"时改","1","26","27"
"及至","16","11","27"
"而降","12","15","27"
"入而","16","11","27"
"松之","10","17","27"
"求进","16","11","27"
"甘泉","14","13","27"
"唐尧","6","21","27"
"朕不","20","7","27"
"未出","14","13","27"
"仪礼","9","18","27"
"轨道","2","25","27"
"之实","22","5","27"
"周武","4","23","27"
"姓之","12","15","27"
"立新","9","18","27"
"其祖","11","16","27"
"东向","14","13","27"
"成以","17","10","27"
"断其","22","5","27"
"许以","22","5","27"
"事大","13","14","27"
"荐于","24","3","27"
"从汉","1","26","27"
"公安","15","12","27"
"而安","20","7","27"
"诏赵","14","13","27"
"二篇","13","14","27"
"元气","13","14","27"
"东晋","4","23","27"
"殿受","26","1","27"
"争斗","5","22","27"
"以手","22","5","27"
"战没","26","1","27"
"车轮","5","22","27"
"与秦","8","19","27"
"单于","13","14","27"
"次升","4","23","27"
"驰骋","10","17","27"
"而失","8","19","27"
"西行","18","9","27"
"能相","7","20","27"
"交恶","8","19","27"
"主兵","25","2","27"
"行入","19","8","27"
"彗出","27","0","27"
"拥兵","11","16","27"
"星昼","27","0","27"
"是丧","1","26","27"
"受兵","4","23","27"
"有归","11","16","27"
"生一","12","15","27"
"之精","20","7","27"
"为流","15","12","27"
"到楚","1","26","27"
"尝与","27","0","27"
"贵不","15","12","27"
"岁余","27","0","27"
"家在","9","18","27"
"为子","19","8","27"
"道所","14","13","27"
"子张","4","23","27"
"相貌","1","26","27"
"水涌","4","23","27"
"二见","27","0","27"
"梁国","13","14","27"
"于郡","8","19","27"
"戒之","26","1","27"
"从四","1","26","27"
"富平","14","13","27"
"自焚","12","15","27"
"南州","15","12","27"
"廷又","1","26","27"
"州士","5","22","27"
"与此","6","21","27"
"兵作","3","24","27"
"政在","15","12","27"
"失业","16","11","27"
"二军","16","11","27"
"太湖","13","14","27"
"之仇","16","11","27"
"以改","2","25","27"
"以老","20","7","27"
"难于","12","15","27"
"当使","14","13","27"
"行都","9","18","27"
"奉事","1","26","27"
"要是","1","26","27"
"率步","11","16","27"
"下如","7","20","27"
"坐下","2","25","27"
"兵突","4","23","27"
"人虽","12","15","27"
"刚直","6","21","27"
"时上","15","12","27"
"友善","12","15","27"
"有政","8","19","27"
"以谓","27","0","27"
"兵戍","10","17","27"
"当即","5","22","27"
"旨令","6","21","27"
"方山","11","16","27"
"又要","2","25","27"
"兵叛","7","20","27"
"治病","5","22","27"
"要之","7","20","27"
"所举","16","11","27"
"前在","7","20","27"
"相接","11","16","27"
"求留","1","26","27"
"免死","2","25","27"
"支军","4","23","27"
"箭射","2","25","27"
"多名","5","22","27"
"宋兵","3","24","27"
"为万","13","14","27"
"严明","3","24","27"
"捍御","26","1","27"
"多为","12","15","27"
"免于","5","22","27"
"世事","11","16","27"
"名臣","13","14","27"
"宗率","2","25","27"
"汉军","10","17","27"
"诏亲","14","13","27"
"外文","14","13","27"
"宸殿","26","1","27"
"不视","26","1","27"
"诏申","16","11","27"
"知秦","17","10","27"
"十恶","14","13","27"
"石延","4","23","27"
"浮梁","24","3","27"
"相曰","27","0","27"
"州黄","11","16","27"
"州刘","14","13","27"
"黎桓","13","14","27"
"获献","1","26","27"
"陈恕","10","17","27"
"臣举","18","9","27"
"追捕","5","22","27"
"冗官","11","16","27"
"路进","5","22","27"
"报谢","18","9","27"
"恩百","14","13","27"
"千缗","15","12","27"
"诏知","20","7","27"
"居室","9","18","27"
"贻永","11","16","27"
"五事","22","5","27"
"条陈","8","19","27"
"凤路","11","16","27"
"任守","9","18","27"
"取旨","18","9","27"
"宗孟","12","15","27"
"大河","13","14","27"
"半年","11","16","27"
"敬畏","4","23","27"
"元老","12","15","27"
"许将","12","15","27"
"党籍","14","13","27"
"使辽","10","17","27"
"后所","11","16","27"
"大后","1","26","27"
"原地","5","22","27"
"治事","12","15","27"
"人破","22","5","27"
"入援","22","5","27"
"王兵","15","12","27"
"平仲","13","14","27"
"攻金","13","14","27"
"人要","3","24","27"
"持书","17","10","27"
"定府","15","12","27"
"用张","6","21","27"
"谍报","13","14","27"
"赴朝","5","22","27"
"兵去","6","21","27"
"格式","14","13","27"
"大帝","10","17","27"
"预借","13","14","27"
"张焘","16","11","27"
"放逐","2","25","27"
"恩典","2","25","27"
"种田","2","25","27"
"贬窜","8","19","27"
"荒政","17","10","27"
"勤于","8","19","27"
"相留","12","15","27"
"中请","12","15","27"
"邓友","13","14","27"
"原官","1","26","27"
"诏削","9","18","27"
"阴犯","27","0","27"
"武仙","8","19","27"
"再出","5","22","27"
"税收","1","26","27"
"一块","1","26","27"
"远不","5","22","27"
"斗星","1","26","27"
"祐测","27","0","27"
"变动","4","23","27"
"多水","13","14","27"
"灌溉","5","22","27"
"用贤","8","19","27"
"任权","1","26","27"
"未定","20","7","27"
"禧二","12","15","27"
"家居","16","11","27"
"生死","8","19","27"
"列阵","5","22","27"
"气质","4","23","27"
"其学","19","8","27"
"钱不","6","21","27"
"是宰","2","25","27"
"边塞","2","25","27"
"下能","7","20","27"
"未满","5","22","27"
"尚气","14","13","27"
"时没","1","26","27"
"理天","1","26","27"
"论大","6","21","27"
"使陛","10","17","27"
"意向","9","18","27"
"上马","10","17","27"
"疏通","1","26","27"
"马射","2","25","27"
"拔为","3","24","27"
"求一","2","25","27"
"邪佞","4","23","27"
"出众","2","25","27"
"点也","1","26","27"
"切中","2","25","27"
"张尧","3","24","27"
"借助","1","26","27"
"高官","4","23","27"
"己说","1","26","27"
"遣他","1","26","27"
"地百","1","26","27"
"府通","2","25","27"
"杨么","8","19","27"
"悟室","12","15","27"
"再来","2","25","27"
"队到","0","27","27"
"条文","0","27","27"
"情都","0","27","27"
"除掉","0","27","27"
"规律","0","27","27"
"变得","0","27","27"
"的音","0","27","27"
"分的","0","27","27"
"强行","0","27","27"
"享祭","0","27","27"
"致的","0","27","27"
"惧怕","0","27","27"
"的次","0","27","27"
"看来","0","27","27"
"夹祭","0","27","27"
"浪费","0","27","27"
"后都","0","27","27"
"冤屈","0","27","27"
"花纹","0","27","27"
"粮仓","0","27","27"
"异的","0","27","27"
"的出","0","27","27"
"不住","0","27","27"
"也会","0","27","27"
"我曾","0","27","27"
"巨大","0","27","27"
"停地","0","27","27"
"心情","0","27","27"
"有像","0","27","27"
"遵照","0","27","27"
"回乡","0","27","27"
"平庸","0","27","27"
"恰当","0","27","27"
"联系","0","27","27"
"的举","0","27","27"
"公开","0","27","27"
"的树","0","27","27"
"是文","0","27","27"
"的案","0","27","27"
"能这","0","27","27"
"着皇","0","27","27"
"嫉妒","0","27","27"
"左边","0","27","27"
"的资","0","27","27"
"只知","0","27","27"
"贤的","0","27","27"
"期望","0","27","27"
"怀有","0","27","27"
"人选","0","27","27"
"狩猎","0","27","27"
"牌位","0","27","27"
"做成","0","27","27"
"的左","0","27","27"
"三是","0","27","27"
"对李","0","27","27"
"到敌","0","27","27"
"安的","0","27","27"
"向下","0","27","27"
"观的","0","27","27"
"义上","0","27","27"
"勒令","0","27","27"
"就已","0","27","27"
"录取","0","27","27"
"他才","0","27","27"
"警惕","0","27","27"
"戌曰","0","27","27"
"中被","0","27","27"
"朝开","0","27","27"
"站立","0","27","27"
"哪能","0","27","27"
"多里","0","27","27"
"小路","0","27","27"
"少的","0","27","27"
"七个","0","27","27"
"撤销","0","27","27"
"放的","0","27","27"
"帝派","0","27","27"
"右边","0","27","27"
"疆的","0","27","27"
"阳中","0","27","27"
"此预","0","27","27"
"队驻","0","27","27"
"淹没","0","27","27"
"对张","0","27","27"
"索要","0","27","27"
"调查","0","27","27"
"再当","0","27","27"
"到宋","0","27","27"
"求恢","0","27","27"
"僚们","0","27","27"
"士考","0","27","27"
"阻击","0","27","27"
"遗像","0","27","27"
"察囚","0","27","27"
"讼案","0","27","27"
"孟庚","0","27","27"
"久改","0","27","27"
"九颗","0","27","27"
"任起","0","27","27"
"理不","10","16","26"
"并免","10","16","26"
"所议","12","14","26"
"薄之","22","4","26"
"因之","18","8","26"
"是故","20","6","26"
"定其","16","10","26"
"改作","20","6","26"
"之庙","19","7","26"
"和为","10","16","26"
"中者","24","2","26"
"所入","24","2","26"
"外不","11","15","26"
"惟陛","26","0","26"
"如所","24","2","26"
"不废","14","12","26"
"于所","17","9","26"
"别立","20","6","26"
"祭于","12","14","26"
"贵等","13","13","26"
"臣无","19","7","26"
"汉末","17","9","26"
"理有","7","19","26"
"年大","8","18","26"
"置酒","20","6","26"
"是受","6","20","26"
"兵革","22","4","26"
"纵横","13","13","26"
"寻为","25","1","26"
"士多","21","5","26"
"此皆","23","3","26"
"前世","19","7","26"
"甚者","23","3","26"
"者恶","26","0","26"
"母以","21","5","26"
"饥寒","15","11","26"
"执不","21","5","26"
"异同","21","5","26"
"于理","17","9","26"
"语曰","26","0","26"
"有理","5","21","26"
"没其","9","17","26"
"能通","12","14","26"
"交游","7","19","26"
"当其","22","4","26"
"今乃","25","1","26"
"无遗","20","6","26"
"大节","15","11","26"
"惑众","12","14","26"
"其无","23","3","26"
"先代","16","10","26"
"复相","22","4","26"
"于殿","21","5","26"
"哭之","21","5","26"
"平素","3","23","26"
"自天","18","8","26"
"剽掠","13","13","26"
"农桑","14","12","26"
"节不","13","13","26"
"能执","12","14","26"
"一至","22","4","26"
"不定","6","20","26"
"越等","10","16","26"
"养之","22","4","26"
"和亲","12","14","26"
"母曰","26","0","26"
"而从","15","11","26"
"浚曰","26","0","26"
"允当","1","25","26"
"何也","26","0","26"
"思之","22","4","26"
"并罢","21","5","26"
"司不","13","13","26"
"诏皇","15","11","26"
"当如","21","5","26"
"滕宗","5","21","26"
"戍卒","13","13","26"
"家世","12","14","26"
"其任","21","5","26"
"史以","14","12","26"
"出而","18","8","26"
"言及","21","5","26"
"惟有","16","10","26"
"高明","7","19","26"
"其道","17","9","26"
"利病","21","5","26"
"民疾","21","5","26"
"出奇","13","13","26"
"遂与","26","0","26"
"而治","14","12","26"
"诞为","15","11","26"
"鲁秀","11","15","26"
"王讳","24","2","26"
"史殷","13","13","26"
"左长","13","13","26"
"时三","11","15","26"
"尺五","11","15","26"
"告太","11","15","26"
"杀我","12","14","26"
"分四","15","11","26"
"六寸","13","13","26"
"魏齐","14","12","26"
"犯斗","13","13","26"
"闰三","9","17","26"
"冯翊","13","13","26"
"徽元","12","14","26"
"谣曰","26","0","26"
"史吴","13","13","26"
"水入","22","4","26"
"以合","12","14","26"
"入官","17","9","26"
"事舍","13","13","26"
"令安","11","15","26"
"加散","20","6","26"
"在会","4","22","26"
"卫亲","12","14","26"
"少微","13","13","26"
"飞狐","13","13","26"
"以殿","18","8","26"
"马知","12","14","26"
"狱空","15","11","26"
"女为","19","7","26"
"襄邑","12","14","26"
"邑县","10","16","26"
"天福","12","14","26"
"白时","11","15","26"
"千级","21","5","26"
"古为","15","11","26"
"奏补","14","12","26"
"仲荀","13","13","26"
"朝散","13","13","26"
"马家","13","13","26"
"翊善","17","9","26"
"诏王","16","10","26"
"钱端","12","14","26"
"文同","6","20","26"
"恭王","13","13","26"
"天体","11","15","26"
"满二","9","17","26"
"命将","17","9","26"
"各赐","14","12","26"
"沈炎","12","14","26"
"葬于","11","15","26"
"信王","13","13","26"
"年田","13","13","26"
"南外","14","12","26"
"刘黻","4","22","26"
"亲耕","9","17","26"
"林军","11","15","26"
"道二","9","17","26"
"书刘","13","13","26"
"国元","13","13","26"
"赠司","15","11","26"
"营马","13","13","26"
"馆事","13","13","26"
"衣带","12","14","26"
"在关","8","18","26"
"通远","13","13","26"
"同学","11","15","26"
"国五","10","16","26"
"赠侍","16","10","26"
"都军","14","12","26"
"判太","12","14","26"
"气盛","10","16","26"
"改朝","4","22","26"
"一字","16","10","26"
"事郎","13","13","26"
"学录","13","13","26"
"相府","13","13","26"
"兼四","14","12","26"
"京作","13","13","26"
"手不","10","16","26"
"威权","12","14","26"
"李孝","9","17","26"
"军无","18","8","26"
"嗣之","13","13","26"
"楼船","12","14","26"
"得进","18","8","26"
"祖从","13","13","26"
"之从","18","8","26"
"子韶","13","13","26"
"直入","11","15","26"
"祖遣","25","1","26"
"等谋","22","4","26"
"事败","14","12","26"
"无成","22","4","26"
"建大","19","7","26"
"殊死","16","10","26"
"众议","17","9","26"
"赴之","26","0","26"
"神人","12","14","26"
"于万","16","10","26"
"之灵","16","10","26"
"力之","20","6","26"
"是兵","6","20","26"
"之安","22","4","26"
"用命","24","2","26"
"军二","11","15","26"
"守兵","6","20","26"
"至广","20","6","26"
"产业","11","15","26"
"党与","26","0","26"
"郡为","18","8","26"
"羽葆","13","13","26"
"蜀王","11","15","26"
"又得","10","16","26"
"始知","24","2","26"
"幸建","24","2","26"
"帝后","12","14","26"
"史庐","12","14","26"
"得过","12","14","26"
"皇族","8","18","26"
"北之","18","8","26"
"为营","12","14","26"
"又听","2","24","26"
"籍之","15","11","26"
"杜骥","5","21","26"
"年所","12","14","26"
"幼年","3","23","26"
"宗悫","16","10","26"
"令官","2","24","26"
"令何","8","18","26"
"等攻","12","14","26"
"侯王","12","14","26"
"复一","19","7","26"
"司隶","13","13","26"
"后亲","8","18","26"
"城郡","13","13","26"
"中下","12","14","26"
"长乐","13","13","26"
"并无","10","16","26"
"兰陵","13","13","26"
"众十","20","6","26"
"刘亮","10","16","26"
"世而","11","15","26"
"遣吏","23","3","26"
"孝友","16","10","26"
"上自","6","20","26"
"令给","3","23","26"
"喜怒","11","15","26"
"则出","24","2","26"
"王出","13","13","26"
"谢氏","12","14","26"
"旄头","12","14","26"
"右史","13","13","26"
"一县","13","13","26"
"应钟","14","12","26"
"三之","26","0","26"
"一为","18","8","26"
"又辞","18","8","26"
"知此","8","18","26"
"子正","16","10","26"
"阳不","14","12","26"
"当改","9","17","26"
"有效","6","20","26"
"日日","21","5","26"
"春分","11","15","26"
"余上","2","24","26"
"九度","13","13","26"
"以土","22","4","26"
"为章","10","16","26"
"从上","9","17","26"
"会时","2","24","26"
"公羊","13","13","26"
"宗所","11","15","26"
"赦令","15","11","26"
"以副","25","1","26"
"礼也","24","2","26"
"稽王","14","12","26"
"郎徐","14","12","26"
"一周","4","22","26"
"渊之","15","11","26"
"赠谥","12","14","26"
"官详","15","11","26"
"宜从","25","1","26"
"为母","2","24","26"
"山为","17","9","26"
"中宫","17","9","26"
"追贬","12","14","26"
"追上","2","24","26"
"于百","7","19","26"
"王于","15","11","26"
"而败","20","6","26"
"日南","22","4","26"
"此官","9","17","26"
"于三","17","9","26"
"得用","9","17","26"
"辟雍","13","13","26"
"载之","23","3","26"
"江海","14","12","26"
"祖大","13","13","26"
"所改","9","17","26"
"后至","24","2","26"
"宝鼎","14","12","26"
"入西","14","12","26"
"七世","13","13","26"
"不祭","13","13","26"
"彼此","16","10","26"
"人谓","26","0","26"
"是春","21","5","26"
"子承","22","4","26"
"诏出","14","12","26"
"正统","5","21","26"
"已是","2","24","26"
"官所","14","12","26"
"用此","15","11","26"
"之天","17","9","26"
"南车","5","21","26"
"御大","21","5","26"
"战车","2","24","26"
"泗水","9","17","26"
"队不","2","24","26"
"封王","8","18","26"
"婚姻","10","16","26"
"子宫","10","16","26"
"酒食","12","14","26"
"语在","25","1","26"
"为急","15","11","26"
"声震","9","17","26"
"阁下","5","21","26"
"此来","1","25","26"
"极其","10","16","26"
"安乐","9","17","26"
"徘徊","6","20","26"
"天安","12","14","26"
"飞龙","12","14","26"
"句五","13","13","26"
"在灵","3","23","26"
"蜀郡","13","13","26"
"放肆","2","24","26"
"芒角","25","1","26"
"在参","11","15","26"
"楚之","15","11","26"
"不有","17","9","26"
"白守","23","3","26"
"主失","13","13","26"
"是秋","25","1","26"
"而北","22","4","26"
"时司","12","14","26"
"北河","14","12","26"
"熙七","11","15","26"
"臣当","21","5","26"
"子被","2","24","26"
"为嗣","13","13","26"
"至中","17","9","26"
"惊曰","25","1","26"
"龙在","6","20","26"
"天灾","10","16","26"
"行中","8","18","26"
"门也","14","12","26"
"人骑","1","25","26"
"见金","15","11","26"
"令赵","2","24","26"
"城里","1","25","26"
"汴水","16","10","26"
"流入","10","16","26"
"一边","1","25","26"
"天戒","24","2","26"
"疑不","12","14","26"
"出门","5","21","26"
"又过","3","23","26"
"篡夺","6","20","26"
"从北","6","20","26"
"学有","14","12","26"
"兵向","7","19","26"
"涡口","13","13","26"
"陷入","1","25","26"
"失职","14","12","26"
"求见","5","21","26"
"声言","21","5","26"
"此书","9","17","26"
"可信","10","16","26"
"道存","11","15","26"
"望不","5","21","26"
"之亲","14","12","26"
"马前","7","19","26"
"落在","3","23","26"
"不遣","21","5","26"
"无知","8","18","26"
"忠节","17","9","26"
"以攻","11","15","26"
"敌之","18","8","26"
"之入","21","5","26"
"肆意","4","22","26"
"在华","5","21","26"
"是长","2","24","26"
"领百","5","21","26"
"乘势","16","10","26"
"逆不","8","18","26"
"是相","2","24","26"
"在先","7","19","26"
"江河","4","22","26"
"军五","14","12","26"
"百斛","13","13","26"
"刘顺","8","18","26"
"于闻","2","24","26"
"以回","7","19","26"
"间道","25","1","26"
"国进","5","21","26"
"都与","1","25","26"
"败被","5","21","26"
"谋杀","11","15","26"
"又知","11","15","26"
"家产","4","22","26"
"郑兵","13","13","26"
"近城","9","17","26"
"行使","4","22","26"
"急速","1","25","26"
"授右","24","2","26"
"退居","10","16","26"
"春苑","13","13","26"
"李重","11","15","26"
"紫宸","24","2","26"
"丹州","13","13","26"
"诏文","18","8","26"
"用等","12","14","26"
"州不","13","13","26"
"宋州","11","15","26"
"武池","13","13","26"
"道入","20","6","26"
"官舍","11","15","26"
"浙诸","22","4","26"
"死事","26","0","26"
"元杰","13","13","26"
"鼓院","13","13","26"
"左武","13","13","26"
"琼林","13","13","26"
"有彗","2","24","26"
"令四","3","23","26"
"请复","25","1","26"
"班殿","13","13","26"
"州建","9","17","26"
"苛刻","3","23","26"
"汉州","10","16","26"
"匿不","10","16","26"
"虢州","17","9","26"
"梁颢","6","20","26"
"里外","9","17","26"
"犒劳","2","24","26"
"诏复","26","0","26"
"诏张","16","10","26"
"人充","11","15","26"
"为兖","5","21","26"
"唃厮","26","0","26"
"来祭","3","23","26"
"浮费","17","9","26"
"体量","19","7","26"
"任内","3","23","26"
"圣宫","13","13","26"
"讲官","13","13","26"
"奉慈","13","13","26"
"府界","13","13","26"
"还政","13","13","26"
"路总","13","13","26"
"丁度","10","16","26"
"凶恶","3","23","26"
"立战","9","17","26"
"谢使","13","13","26"
"农寺","11","15","26"
"振济","26","0","26"
"吏有","11","15","26"
"戒饬","23","3","26"
"城后","1","25","26"
"秉常","13","13","26"
"再上","20","6","26"
"以师","20","6","26"
"考功","14","12","26"
"献景","26","0","26"
"鬼章","11","15","26"
"李贵","13","13","26"
"变法","8","18","26"
"田法","5","21","26"
"巩州","10","16","26"
"弟之","13","13","26"
"为蜀","9","17","26"
"钱为","13","13","26"
"保大","13","13","26"
"勒停","24","2","26"
"集流","10","16","26"
"世世","4","22","26"
"九星","25","1","26"
"调度","12","14","26"
"文虚","14","12","26"
"河地","3","23","26"
"家一","2","24","26"
"人发","5","21","26"
"再贬","16","10","26"
"李邴","7","19","26"
"为隆","8","18","26"
"世修","13","13","26"
"欠钱","7","19","26"
"溪县","10","16","26"
"赤云","25","1","26"
"用臣","14","12","26"
"赵密","12","14","26"
"飞率","2","24","26"
"荐可","3","23","26"
"飞军","11","15","26"
"罢政","23","3","26"
"盐钞","12","14","26"
"攻拔","3","23","26"
"府和","1","25","26"
"受金","15","11","26"
"郑刚","13","13","26"
"慈宁","13","13","26"
"次翁","13","13","26"
"制兼","12","14","26"
"之辈","10","16","26"
"世安","12","14","26"
"是高","1","25","26"
"恩荫","2","24","26"
"来请","7","19","26"
"任刑","1","25","26"
"价钱","1","25","26"
"歌颂","2","24","26"
"日朝","2","24","26"
"禧元","13","13","26"
"世兴","12","14","26"
"统辖","3","23","26"
"偶然","2","24","26"
"职罢","12","14","26"
"两转","26","0","26"
"令任","1","25","26"
"邦永","13","13","26"
"滞留","2","24","26"
"进直","20","6","26"
"军饷","6","20","26"
"谢恩","1","25","26"
"于用","10","16","26"
"全不","8","18","26"
"人召","7","19","26"
"其北","20","6","26"
"天枢","9","17","26"
"宿与","2","24","26"
"八星","18","8","26"
"气犯","26","0","26"
"变异","4","22","26"
"拜左","24","2","26"
"李崧","3","23","26"
"扈蒙","8","18","26"
"能进","5","21","26"
"其忠","21","5","26"
"恳求","7","19","26"
"握兵","12","14","26"
"辨明","4","22","26"
"就改","8","18","26"
"交相","5","21","26"
"李士","9","17","26"
"预政","14","12","26"
"钱币","1","25","26"
"本义","2","24","26"
"整齐","1","25","26"
"使敌","6","20","26"
"青唐","12","14","26"
"守京","4","22","26"
"书法","1","25","26"
"令修","3","23","26"
"兴七","3","23","26"
"是圣","1","25","26"
"时曾","3","23","26"
"爱护","1","25","26"
"害处","1","25","26"
"方人","1","25","26"
"持国","8","18","26"
"优待","1","25","26"
"后他","1","25","26"
"又来","2","24","26"
"桧不","13","13","26"
"求用","1","25","26"
"官时","1","25","26"
"例司","11","15","26"
"相处","1","25","26"
"尊奉","1","25","26"
"戒备","1","25","26"
"久的","0","26","26"
"却又","0","26","26"
"虑的","0","26","26"
"会发","0","26","26"
"却是","0","26","26"
"土的","0","26","26"
"吗?","0","26","26"
"各方","0","26","26"
"在又","0","26","26"
"该在","0","26","26"
"定在","0","26","26"
"的仁","0","26","26"
"的作","0","26","26"
"就更","0","26","26"
"藏起","0","26","26"
"竞相","0","26","26"
"这话","0","26","26"
"姓中","0","26","26"
"到外","0","26","26"
"不把","0","26","26"
"议的","0","26","26"
"的路","0","26","26"
"经在","0","26","26"
"效果","0","26","26"
"很难","0","26","26"
"法规","0","26","26"
"规的","0","26","26"
"说什","0","26","26"
"是让","0","26","26"
"样不","0","26","26"
"而现","0","26","26"
"才华","0","26","26"
"编成","0","26","26"
"疲惫","0","26","26"
"的可","0","26","26"
"是老","0","26","26"
"纳他","0","26","26"
"要把","0","26","26"
"肯定","0","26","26"
"弱的","0","26","26"
"受这","0","26","26"
"道你","0","26","26"
"毁谤","0","26","26"
"便被","0","26","26"
"我怎","0","26","26"
"口的","0","26","26"
"顺的","0","26","26"
"答道","0","26","26"
"一支","0","26","26"
"民都","0","26","26"
"国捐","0","26","26"
"密封","0","26","26"
"我就","0","26","26"
"个意","0","26","26"
"他再","0","26","26"
"说李","0","26","26"
"就想","0","26","26"
"担当","0","26","26"
"追认","0","26","26"
"天样","0","26","26"
"副手","0","26","26"
"三位","0","26","26"
"伐李","0","26","26"
"玄的","0","26","26"
"集结","0","26","26"
"惟独","0","26","26"
"原职","0","26","26"
"止他","0","26","26"
"都加","0","26","26"
"必要","0","26","26"
"取代","0","26","26"
"到延","0","26","26"
"兖二","0","26","26"
"整个","0","26","26"
"优秀","0","26","26"
"了六","0","26","26"
"长度","0","26","26"
"医生","0","26","26"
"条件","0","26","26"
"坐着","0","26","26"
"个叫","0","26","26"
"照礼","0","26","26"
"么要","0","26","26"
"依仗","0","26","26"
"的御","0","26","26"
"一座","0","26","26"
"到崇","0","26","26"
"是停","0","26","26"
"表意","0","26","26"
"承他","0","26","26"
"一套","0","26","26"
"把她","0","26","26"
"的脑","0","26","26"
"乌出","0","26","26"
"到惊","0","26","26"
"天到","0","26","26"
"攻入","0","26","26"
"了数","0","26","26"
"辖区","0","26","26"
"任相","0","26","26"
"他向","0","26","26"
"是敌","0","26","26"
"子儿","0","26","26"
"到李","0","26","26"
"银子","0","26","26"
"宗看","0","26","26"
"谕他","0","26","26"
"阳知","0","26","26"
"给李","0","26","26"
"从金","0","26","26"
"退金","0","26","26"
"召到","0","26","26"
"事后","0","26","26"
"扌卞","0","26","26"
"弼说","0","26","26"
"固请","25","0","25"
"之耳","25","0","25"
"以轻","17","8","25"
"名闻","21","4","25"
"之必","24","1","25"
"创立","6","19","25"
"以魏","20","5","25"
"以神","18","7","25"
"以数","20","5","25"
"之灾","12","13","25"
"籍为","11","14","25"
"不察","19","6","25"
"以去","20","5","25"
"之多","10","15","25"
"在日","21","4","25"
"允迪","13","12","25"
"此一","17","8","25"
"举哀","19","6","25"
"损益","20","5","25"
"秦始","13","12","25"
"既入","24","1","25"
"亲奉","25","0","25"
"废之","20","5","25"
"无极","16","9","25"
"律令","5","20","25"
"无其","19","6","25"
"藏于","15","10","25"
"当食","21","4","25"
"杯盘","12","13","25"
"数里","20","5","25"
"康中","24","1","25"
"王承","14","11","25"
"师不","16","9","25"
"众官","12","13","25"
"城守","16","9","25"
"本属","17","8","25"
"喧哗","6","19","25"
"异于","19","6","25"
"冒犯","1","24","25"
"之诚","22","3","25"
"群小","19","6","25"
"之诏","19","6","25"
"以罪","15","10","25"
"复不","22","3","25"
"素不","23","2","25"
"为心","16","9","25"
"民生","12","13","25"
"己所","4","21","25"
"世有","19","6","25"
"毁之","24","1","25"
"无度","11","14","25"
"不善","16","9","25"
"何由","24","1","25"
"此又","17","8","25"
"讨刘","11","14","25"
"遇之","21","4","25"
"归罪","15","10","25"
"于武","14","11","25"
"诸人","25","0","25"
"但当","17","8","25"
"因罪","2","23","25"
"无君","17","8","25"
"于学","18","7","25"
"后已","15","10","25"
"又无","20","5","25"
"不依","9","16","25"
"延贤","13","12","25"
"逐之","22","3","25"
"于四","15","10","25"
"而加","10","15","25"
"然已","2","23","25"
"立志","6","19","25"
"考之","24","1","25"
"去后","3","22","25"
"如初","19","6","25"
"上谓","25","0","25"
"成服","17","8","25"
"无几","20","5","25"
"有旧","16","9","25"
"意在","12","13","25"
"围之","15","10","25"
"有害","4","21","25"
"者亦","24","1","25"
"帝亦","24","1","25"
"已至","24","1","25"
"行成","10","15","25"
"废立","14","11","25"
"后皆","24","1","25"
"丁内","24","1","25"
"在乎","16","9","25"
"取于","19","6","25"
"于有","11","14","25"
"画像","10","15","25"
"以余","22","3","25"
"久矣","24","1","25"
"为出","13","12","25"
"益之","18","7","25"
"至郡","25","0","25"
"知者","25","0","25"
"祥之","9","16","25"
"随其","15","10","25"
"用而","13","12","25"
"遣还","19","6","25"
"患不","18","7","25"
"人刘","8","17","25"
"同谋","8","17","25"
"王昶","16","9","25"
"吕安","8","17","25"
"游戏","3","22","25"
"地道","13","12","25"
"浑象","11","14","25"
"龙三","13","12","25"
"北星","16","9","25"
"阁道","13","12","25"
"熙六","12","13","25"
"杀太","16","9","25"
"当立","11","14","25"
"庾亮","12","13","25"
"道人","15","10","25"
"汉安","13","12","25"
"树连","12","13","25"
"草生","13","12","25"
"孙休","12","13","25"
"太行","12","13","25"
"水出","18","7","25"
"户二","14","11","25"
"刘遇","10","15","25"
"钱俶","24","1","25"
"者六","21","4","25"
"征为","21","4","25"
"抚陕","15","10","25"
"刘沆","13","12","25"
"田税","10","15","25"
"王孝","11","14","25"
"显仁","13","12","25"
"浙州","12","13","25"
"孟忠","10","15","25"
"陈过","12","13","25"
"翟兴","9","16","25"
"兴为","13","12","25"
"弓手","13","12","25"
"罢江","17","8","25"
"张忠","12","13","25"
"诏李","13","12","25"
"家渡","12","13","25"
"问以","17","8","25"
"望为","12","13","25"
"运河","10","15","25"
"元都","12","13","25"
"丙为","10","15","25"
"陈贵","11","14","25"
"之杰","13","12","25"
"邑五","14","11","25"
"封信","8","17","25"
"文及","12","13","25"
"阴县","8","17","25"
"文焕","12","13","25"
"于子","18","7","25"
"白帝","15","10","25"
"成行","4","21","25"
"金城","14","11","25"
"子至","20","5","25"
"日新","17","8","25"
"济国","14","11","25"
"卫州","10","15","25"
"弘文","12","13","25"
"化二","11","14","25"
"王贻","7","18","25"
"赐绯","21","4","25"
"入觐","24","1","25"
"都省","14","11","25"
"二卷","13","12","25"
"直舍","13","12","25"
"知凤","15","10","25"
"察推","12","13","25"
"有古","14","11","25"
"郡军","8","17","25"
"问安","11","14","25"
"字道","12","13","25"
"要略","12","13","25"
"下流","15","10","25"
"率三","7","18","25"
"士也","15","10","25"
"兵破","23","2","25"
"先发","10","15","25"
"似为","12","13","25"
"彭义","5","20","25"
"余众","20","5","25"
"于晋","13","12","25"
"与弟","19","6","25"
"报之","23","2","25"
"自效","20","5","25"
"其兵","21","4","25"
"集于","8","17","25"
"百代","10","15","25"
"谋主","24","1","25"
"长围","17","8","25"
"是使","4","21","25"
"我知","4","21","25"
"别有","16","9","25"
"复言","25","0","25"
"孝廉","11","14","25"
"亲民","16","9","25"
"有气","11","14","25"
"汉人","6","19","25"
"奏表","2","23","25"
"既平","25","0","25"
"遂至","24","1","25"
"畏天","17","8","25"
"多难","12","13","25"
"副车","9","16","25"
"巡狩","16","9","25"
"终无","14","11","25"
"晋世","18","7","25"
"中二","13","12","25"
"立祠","7","18","25"
"又幸","25","0","25"
"以徐","17","8","25"
"平公","12","13","25"
"上三","10","15","25"
"亲执","13","12","25"
"有遗","10","15","25"
"封南","17","8","25"
"延陵","12","13","25"
"此城","13","12","25"
"总统","19","6","25"
"以振","21","4","25"
"不关","13","12","25"
"时日","10","15","25"
"水使","12","13","25"
"以将","15","10","25"
"军东","12","13","25"
"到元","3","22","25"
"子子","15","10","25"
"宫城","10","15","25"
"子绥","14","11","25"
"勋为","11","14","25"
"在民","8","17","25"
"崔道","10","15","25"
"承皇","2","23","25"
"畏服","15","10","25"
"宪皇","13","12","25"
"南流","14","11","25"
"文献","9","16","25"
"给三","4","21","25"
"戎服","19","6","25"
"郢城","11","14","25"
"为随","12","13","25"
"虽为","21","4","25"
"之器","21","4","25"
"先儒","14","11","25"
"当上","6","19","25"
"分有","21","4","25"
"传记","6","19","25"
"与周","4","21","25"
"章为","8","17","25"
"增减","8","17","25"
"乃复","25","0","25"
"天正","15","10","25"
"法也","19","6","25"
"中气","3","22","25"
"星与","2","23","25"
"合之","11","14","25"
"日与","20","5","25"
"与一","16","9","25"
"二者","14","11","25"
"之七","4","21","25"
"犯守","25","0","25"
"虽是","3","22","25"
"为白","13","12","25"
"以诸","20","5","25"
"生而","18","7","25"
"其十","19","6","25"
"幸之","12","13","25"
"内出","13","12","25"
"附于","11","14","25"
"屯戍","15","10","25"
"此上","8","17","25"
"无数","9","16","25"
"终丧","25","0","25"
"臣服","3","22","25"
"北向","12","13","25"
"等议","23","2","25"
"其使","21","4","25"
"中无","8","17","25"
"不设","11","14","25"
"宁四","11","14","25"
"神之","17","8","25"
"献之","18","7","25"
"所记","6","19","25"
"斋戒","4","21","25"
"载在","3","22","25"
"龙飞","13","12","25"
"前有","11","14","25"
"以兄","18","7","25"
"年至","12","13","25"
"国无","19","6","25"
"王嗣","13","12","25"
"章皇","11","14","25"
"乃可","25","0","25"
"景侯","13","12","25"
"于山","13","12","25"
"从人","11","14","25"
"三种","6","19","25"
"文官","4","21","25"
"呼曰","25","0","25"
"正夫","13","12","25"
"其属","20","5","25"
"异己","14","11","25"
"舍利","12","13","25"
"四是","1","24","25"
"六尺","12","13","25"
"西戎","13","12","25"
"元龟","13","12","25"
"百禄","14","11","25"
"六句","10","15","25"
"又能","6","19","25"
"万军","1","24","25"
"背弃","1","24","25"
"正与","9","16","25"
"玑玉","4","21","25"
"西汉","7","18","25"
"有远","5","20","25"
"秦地","8","17","25"
"臣谋","22","3","25"
"巴蜀","10","15","25"
"时赵","11","14","25"
"星亡","25","0","25"
"同前","3","22","25"
"擅权","13","12","25"
"是杀","4","21","25"
"能达","7","18","25"
"哭星","12","13","25"
"楚地","3","22","25"
"仅以","17","8","25"
"黑气","15","10","25"
"降者","21","4","25"
"人则","12","13","25"
"是东","5","20","25"
"兵捕","14","11","25"
"下又","8","17","25"
"游说","7","18","25"
"后果","9","16","25"
"人或","16","9","25"
"布德","4","21","25"
"清静","5","20","25"
"德而","8","17","25"
"生有","8","17","25"
"城太","11","14","25"
"田令","13","12","25"
"人头","7","18","25"
"诏在","7","18","25"
"紫色","2","23","25"
"木冰","15","10","25"
"之治","17","8","25"
"大失","12","13","25"
"委之","24","1","25"
"窃弄","14","11","25"
"狱吏","7","18","25"
"作天","11","14","25"
"万众","23","2","25"
"人逃","4","21","25"
"节约","1","24","25"
"及两","16","9","25"
"将入","18","7","25"
"不杀","8","17","25"
"后家","12","13","25"
"溧阳","15","10","25"
"政时","3","22","25"
"闽中","13","12","25"
"在晋","5","20","25"
"县境","5","20","25"
"城有","6","19","25"
"且令","19","6","25"
"至都","21","4","25"
"拜表","20","5","25"
"以诏","17","8","25"
"又给","3","22","25"
"廷将","2","23","25"
"是司","2","23","25"
"为罪","17","8","25"
"战阵","9","16","25"
"道还","5","20","25"
"之财","18","7","25"
"群书","9","16","25"
"起家","17","8","25"
"坐不","24","1","25"
"者请","16","9","25"
"是北","3","22","25"
"境外","6","19","25"
"领精","5","20","25"
"在政","10","15","25"
"宫禁","17","8","25"
"在寿","4","21","25"
"为期","7","18","25"
"嘉其","24","1","25"
"与宗","10","15","25"
"奔驰","2","23","25"
"当前","3","22","25"
"泣曰","25","0","25"
"大祸","6","19","25"
"府王","13","12","25"
"时进","7","18","25"
"徐庆","11","14","25"
"计事","22","3","25"
"送粮","2","23","25"
"密书","18","7","25"
"同等","4","21","25"
"中最","3","22","25"
"道南","7","18","25"
"丰富","1","24","25"
"后官","7","18","25"
"动用","1","24","25"
"州录","14","11","25"
"米二","16","9","25"
"迎击","7","18","25"
"己率","2","23","25"
"逃散","2","23","25"
"首以","20","5","25"
"像于","8","17","25"
"退屯","18","7","25"
"使入","24","1","25"
"择人","13","12","25"
"护国","11","14","25"
"弩手","12","13","25"
"所献","12","13","25"
"浚在","9","16","25"
"黄中","13","12","25"
"人未","17","8","25"
"边关","5","20","25"
"英武","9","16","25"
"官告","16","9","25"
"李景","9","16","25"
"面都","5","20","25"
"用官","4","21","25"
"雷有","11","14","25"
"新制","5","20","25"
"秦淮","5","20","25"
"镇海","12","13","25"
"德四","8","17","25"
"张美","7","18","25"
"门观","12","13","25"
"破契","15","10","25"
"使范","11","14","25"
"素来","1","24","25"
"论罪","9","16","25"
"州田","12","13","25"
"付史","13","12","25"
"贤为","12","13","25"
"峡路","13","12","25"
"戎人","12","13","25"
"沿淮","10","15","25"
"王均","10","15","25"
"任一","6","19","25"
"益兵","25","0","25"
"陷于","8","17","25"
"将都","1","24","25"
"而却","4","21","25"
"安用","17","8","25"
"刘师","12","13","25"
"玉皇","13","12","25"
"诏举","22","3","25"
"雪寒","13","12","25"
"万州","12","13","25"
"越职","10","15","25"
"减省","4","21","25"
"封册","13","12","25"
"道三","8","17","25"
"命右","3","22","25"
"吴育","11","14","25"
"令都","3","22","25"
"选官","10","15","25"
"流落","6","19","25"
"妃嫔","4","21","25"
"文州","12","13","25"
"思恭","12","13","25"
"团结","8","17","25"
"绛州","10","15","25"
"史事","11","14","25"
"祠官","6","19","25"
"怀奸","10","15","25"
"升太","7","18","25"
"领枢","14","11","25"
"赴都","20","5","25"
"赵良","9","16","25"
"佞之","5","20","25"
"宗法","11","14","25"
"一出","15","10","25"
"舜陟","16","9","25"
"决意","14","11","25"
"艺祖","20","5","25"
"请太","11","14","25"
"知庐","18","7","25"
"钟相","6","19","25"
"州崇","13","12","25"
"茂实","11","14","25"
"成闵","12","13","25"
"强敌","13","12","25"
"为备","24","1","25"
"王次","12","13","25"
"颜宗","9","16","25"
"行决","2","23","25"
"寿礼","11","14","25"
"外四","11","14","25"
"检验","3","22","25"
"上高","2","23","25"
"任湖","1","24","25"
"钱数","11","14","25"
"彦逾","12","13","25"
"寺主","12","13","25"
"举临","13","12","25"
"力为","9","16","25"
"节义","7","18","25"
"洞庭","4","21","25"
"徒步","13","12","25"
"大约","2","23","25"
"色黑","5","20","25"
"则将","8","17","25"
"在楚","7","18","25"
"下御","17","8","25"
"当从","4","21","25"
"士砫","9","16","25"
"都十","1","24","25"
"帐中","12","13","25"
"部判","12","13","25"
"后患","8","17","25"
"禄寺","13","12","25"
"兵柄","25","0","25"
"奏罢","22","3","25"
"为转","12","13","25"
"书生","9","16","25"
"谢不","8","17","25"
"深刻","2","23","25"
"圣初","13","12","25"
"虚名","12","13","25"
"为馆","14","11","25"
"不讲","5","20","25"
"数上","11","14","25"
"廷已","8","17","25"
"遇有","3","22","25"
"注释","3","22","25"
"有张","7","18","25"
"官中","6","19","25"
"天是","1","24","25"
"内批","17","8","25"
"管官","3","22","25"
"建置","5","20","25"
"至曰","1","24","25"
"国明","12","13","25"
"行时","2","23","25"
"胸怀","1","24","25"
"此更","3","22","25"
"窃取","2","23","25"
"为校","7","18","25"
"光曰","24","1","25"
"传给","1","24","25"
"是全","3","22","25"
"就出","1","24","25"
"是死","1","24","25"
"贯穿","1","24","25"
"讥讽","1","24","25"
"事来","1","24","25"
"宋敏","4","21","25"
"辩论","1","24","25"
"果我","1","24","25"
"他处","1","24","25"
"任安","2","23","25"
"任地","1","24","25"
"齐军","1","24","25"
"刘一","4","21","25"
"敌将","7","18","25"
"亲笔","1","24","25"
"廷正","1","24","25"
"惩戒","2","23","25"
"他认","0","25","25"
"减刑","0","25","25"
"衰落","0","25","25"
"穿上","0","25","25"
"薄的","0","25","25"
"和谐","0","25","25"
"去看","0","25","25"
"达的","0","25","25"
"你能","0","25","25"
"满了","0","25","25"
"到远","0","25","25"
"明了","0","25","25"
"献祭","0","25","25"
"节的","0","25","25"
"准则","0","25","25"
"种说","0","25","25"
"查占","0","25","25"
"来拜","0","25","25"
"事和","0","25","25"
"他手","0","25","25"
"都和","0","25","25"
"衰败","0","25","25"
"锐部","0","25","25"
"本人","0","25","25"
"保住","0","25","25"
"公布","0","25","25"
"各人","0","25","25"
"产的","0","25","25"
"长了","0","25","25"
"速度","0","25","25"
"哪个","0","25","25"
"着一","0","25","25"
"以让","0","25","25"
"他亲","0","25","25"
"他来","0","25","25"
"他同","0","25","25"
"再也","0","25","25"
"侮辱","0","25","25"
"了自","0","25","25"
"反省","0","25","25"
"中到","0","25","25"
"秩序","0","25","25"
"个多","0","25","25"
"多月","0","25","25"
"疑他","0","25","25"
"的英","0","25","25"
"谄媚","0","25","25"
"的叛","0","25","25"
"了国","0","25","25"
"该有","0","25","25"
"辖的","0","25","25"
"城发","0","25","25"
"察他","0","25","25"
"但也","0","25","25"
"姑且","0","25","25"
"再回","0","25","25"
"调动","0","25","25"
"们分","0","25","25"
"侍候","0","25","25"
"杀的","0","25","25"
"被迫","0","25","25"
"要到","0","25","25"
"真的","0","25","25"
"们没","0","25","25"
"刚强","0","25","25"
"合的","0","25","25"
"斥他","0","25","25"
"问道","0","25","25"
"据的","0","25","25"
"求到","0","25","25"
"就多","0","25","25"
"的新","0","25","25"
"穿戴","0","25","25"
"就率","0","25","25"
"佩铜","0","25","25"
"千零","0","25","25"
"王敞","0","25","25"
"被立","0","25","25"
"歼灭","0","25","25"
"的侄","0","25","25"
"越发","0","25","25"
"先派","0","25","25"
"种植","0","25","25"
"封的","0","25","25"
"中百","0","25","25"
"济灾","0","25","25"
"的占","0","25","25"
"刘面","0","25","25"
"们二","0","25","25"
"笛子","0","25","25"
"宜的","0","25","25"
"律管","0","25","25"
"祭祖","0","25","25"
"筹划","0","25","25"
"又认","0","25","25"
"和百","0","25","25"
"以抵","0","25","25"
"自认","0","25","25"
"兴年","0","25","25"
"易经","0","25","25"
"争爆","0","25","25"
"行殷","0","25","25"
"两条","0","25","25"
"交还","0","25","25"
"祖被","0","25","25"
"星宿","0","25","25"
"这和","0","25","25"
"加进","0","25","25"
"七颗","0","25","25"
"控告","0","25","25"
"就让","0","25","25"
"久因","0","25","25"
"天显","0","25","25"
"连夜","0","25","25"
"姓租","0","25","25"
"给赵","0","25","25"
"星离","0","25","25"
"依恃","0","25","25"
"被赠","0","25","25"
"名者","19","5","24"
"皆当","24","0","24"
"行也","22","2","24"
"知不","21","3","24"
"朝飨","24","0","24"
"乐章","12","12","24"
"本之","14","10","24"
"形制","4","20","24"
"故相","20","4","24"
"二至","13","11","24"
"圣哲","10","14","24"
"条奏","20","4","24"
"之度","20","4","24"
"之感","12","12","24"
"以圣","12","12","24"
"名而","16","8","24"
"奉之","19","5","24"
"施用","19","5","24"
"可言","16","8","24"
"复何","22","2","24"
"安心","1","23","24"
"晏驾","24","0","24"
"之之","20","4","24"
"同于","6","18","24"
"听不","5","19","24"
"不深","12","12","24"
"之异","23","1","24"
"本心","13","11","24"
"不迁","17","7","24"
"倾覆","8","16","24"
"此者","20","4","24"
"效死","14","10","24"
"是谓","24","0","24"
"俭约","12","12","24"
"未易","24","0","24"
"而更","11","13","24"
"良马","9","15","24"
"可施","13","11","24"
"不待","18","6","24"
"用也","18","6","24"
"表曰","24","0","24"
"节之","19","5","24"
"年也","12","12","24"
"以招","9","15","24"
"之水","17","7","24"
"存之","20","4","24"
"称善","23","1","24"
"道在","6","18","24"
"亲之","14","10","24"
"皇朝","8","16","24"
"有国","9","15","24"
"以布","18","6","24"
"不朝","16","8","24"
"视听","9","15","24"
"有别","7","17","24"
"而欲","24","0","24"
"干戈","17","7","24"
"爪牙","12","12","24"
"路之","17","7","24"
"当不","15","9","24"
"其未","23","1","24"
"乃出","23","1","24"
"上衣","3","21","24"
"寇贼","7","17","24"
"年出","7","17","24"
"勿以","24","0","24"
"动天","11","13","24"
"大典","9","15","24"
"顿首","23","1","24"
"驻跸","23","1","24"
"久旱","18","6","24"
"雨土","24","0","24"
"奴婢","11","13","24"
"问所","22","2","24"
"后命","14","10","24"
"能对","13","11","24"
"外则","14","10","24"
"以非","17","7","24"
"中事","5","19","24"
"父忧","24","0","24"
"乘其","20","4","24"
"之称","20","4","24"
"皆从","22","2","24"
"谢曰","24","0","24"
"爵赏","16","8","24"
"籴米","20","4","24"
"为意","14","10","24"
"舆服","17","7","24"
"其第","16","8","24"
"申前","17","7","24"
"丰县","9","15","24"
"史彭","14","10","24"
"话为","12","12","24"
"质为","12","12","24"
"军江","12","12","24"
"军湘","12","12","24"
"军齐","12","12","24"
"某官","7","17","24"
"两梁","12","12","24"
"中黄","13","11","24"
"之十","15","9","24"
"尺六","12","12","24"
"心大","11","13","24"
"废为","11","13","24"
"入月","15","9","24"
"南第","14","10","24"
"出西","17","7","24"
"获白","22","2","24"
"芙蓉","12","12","24"
"军庾","13","11","24"
"安陵","12","12","24"
"城大","14","10","24"
"嘉七","9","15","24"
"乡县","13","11","24"
"属广","14","10","24"
"玉为","15","9","24"
"几何","23","1","24"
"虎捷","12","12","24"
"李汉","11","13","24"
"殿为","10","14","24"
"石保","11","13","24"
"武定","13","11","24"
"庆路","10","14","24"
"原府","14","10","24"
"为夫","9","15","24"
"室子","9","15","24"
"盐事","12","12","24"
"使钱","12","12","24"
"富阳","12","12","24"
"邮军","11","13","24"
"县事","15","9","24"
"路各","9","15","24"
"彦质","12","12","24"
"平司","12","12","24"
"下五","11","13","24"
"书兼","12","12","24"
"命江","10","14","24"
"万之","13","11","24"
"隆观","12","12","24"
"以铁","19","5","24"
"恭谢","13","11","24"
"寿成","12","12","24"
"封皇","4","20","24"
"心传","11","13","24"
"朝大","7","17","24"
"副尉","12","12","24"
"山大","7","17","24"
"朱熠","12","12","24"
"应使","8","16","24"
"文虎","12","12","24"
"十顷","11","13","24"
"人杨","9","15","24"
"良贵","12","12","24"
"孝忠","12","12","24"
"天纪","12","12","24"
"道外","13","11","24"
"又赐","10","14","24"
"权户","17","7","24"
"钱氏","12","12","24"
"诏告","4","20","24"
"子继","14","10","24"
"仓部","12","12","24"
"师为","13","11","24"
"严谨","1","23","24"
"元城","15","9","24"
"王益","5","19","24"
"昊反","15","9","24"
"昭德","13","11","24"
"度牒","14","10","24"
"加大","18","6","24"
"权刑","16","8","24"
"讲义","9","15","24"
"六卷","12","12","24"
"禧观","12","12","24"
"程师","5","19","24"
"方为","12","12","24"
"不释","13","11","24"
"周显","12","12","24"
"阳武","12","12","24"
"琼为","10","14","24"
"武殿","12","12","24"
"龙虎","12","12","24"
"兴宁","12","12","24"
"继母","11","13","24"
"之东","21","3","24"
"举事","12","12","24"
"规为","11","13","24"
"神器","19","5","24"
"蜂起","14","10","24"
"于宣","16","8","24"
"自江","20","4","24"
"之基","19","5","24"
"天亮","1","23","24"
"而元","13","11","24"
"谯纵","11","13","24"
"两翼","9","15","24"
"为游","17","7","24"
"有经","7","17","24"
"并力","20","4","24"
"陈于","24","0","24"
"命参","14","10","24"
"不救","13","11","24"
"治水","8","16","24"
"为防","9","15","24"
"力而","6","18","24"
"之建","13","11","24"
"县吏","14","10","24"
"骁勇","6","18","24"
"复兴","8","16","24"
"正朔","17","7","24"
"王太","9","15","24"
"事闻","24","0","24"
"王曹","7","17","24"
"参详","20","4","24"
"在郊","3","21","24"
"攻京","10","14","24"
"得入","20","4","24"
"祖受","19","5","24"
"下罪","12","12","24"
"有加","14","10","24"
"上行","9","15","24"
"还宫","18","6","24"
"不恤","23","1","24"
"高年","18","6","24"
"山泽","15","9","24"
"匮乏","9","15","24"
"演之","11","13","24"
"军彭","13","11","24"
"杜坦","8","16","24"
"大钱","11","13","24"
"郡事","15","9","24"
"之五","13","11","24"
"秀为","8","16","24"
"子率","10","14","24"
"有田","12","12","24"
"驾出","8","16","24"
"南彭","12","12","24"
"通古","13","11","24"
"作大","15","9","24"
"严加","5","19","24"
"北二","16","8","24"
"不长","2","22","24"
"帝子","16","8","24"
"有发","2","22","24"
"事在","16","8","24"
"臣奉","15","9","24"
"专用","10","14","24"
"子时","6","18","24"
"至治","16","8","24"
"间一","5","19","24"
"福殿","12","12","24"
"人立","14","10","24"
"陈显","11","13","24"
"不书","19","5","24"
"嗣位","24","0","24"
"过目","11","13","24"
"广之","16","8","24"
"宜兴","13","11","24"
"尤为","9","15","24"
"为准","9","15","24"
"后知","18","6","24"
"经传","11","13","24"
"国而","9","15","24"
"日所","19","5","24"
"相上","12","12","24"
"出三","11","13","24"
"改定","10","14","24"
"纪年","7","17","24"
"余满","16","8","24"
"后年","12","12","24"
"行十","9","15","24"
"之母","12","12","24"
"以秦","16","8","24"
"须女","12","12","24"
"年被","2","22","24"
"在营","6","18","24"
"诏遣","23","1","24"
"传令","6","18","24"
"永寿","12","12","24"
"复膳","20","4","24"
"人制","7","17","24"
"不除","16","8","24"
"于私","14","10","24"
"与国","11","13","24"
"及皇","10","14","24"
"后行","14","10","24"
"陈氏","11","13","24"
"之又","6","18","24"
"主为","11","13","24"
"过十","9","15","24"
"应用","6","18","24"
"官正","12","12","24"
"下其","23","1","24"
"在尚","6","18","24"
"列为","7","17","24"
"张超","8","16","24"
"帝继","7","17","24"
"方泽","12","12","24"
"用正","10","14","24"
"以传","11","13","24"
"汉明","11","13","24"
"国学","11","13","24"
"以比","11","13","24"
"有受","6","18","24"
"写诏","1","23","24"
"有朝","8","16","24"
"迎神","7","17","24"
"川府","11","13","24"
"者前","1","23","24"
"帝率","16","8","24"
"其位","14","10","24"
"孙也","21","3","24"
"帝尝","24","0","24"
"言大","20","4","24"
"会之","17","7","24"
"太祝","12","12","24"
"证据","2","22","24"
"敢为","15","9","24"
"司言","24","0","24"
"改建","6","18","24"
"用太","5","19","24"
"有安","4","20","24"
"范阳","12","12","24"
"崩溃","3","21","24"
"执之","22","2","24"
"位者","22","2","24"
"加不","5","19","24"
"辞让","3","21","24"
"黄裳","13","11","24"
"以授","22","2","24"
"专以","18","6","24"
"有金","12","12","24"
"月星","3","21","24"
"是吴","3","21","24"
"得意","7","17","24"
"别为","14","10","24"
"送行","8","16","24"
"迎春","11","13","24"
"三家","11","13","24"
"得十","5","19","24"
"见有","8","16","24"
"得专","18","6","24"
"又向","2","22","24"
"入井","19","5","24"
"犯西","12","12","24"
"而东","17","7","24"
"右掖","12","12","24"
"之戒","19","5","24"
"攻掠","4","20","24"
"有诛","21","3","24"
"后两","9","15","24"
"五诸","12","12","24"
"来犯","9","15","24"
"州归","7","17","24"
"在海","4","20","24"
"在吴","5","19","24"
"之兆","8","16","24"
"备之","19","5","24"
"魏兵","1","23","24"
"谷贵","23","1","24"
"和而","11","13","24"
"收养","9","15","24"
"人感","5","19","24"
"姓为","4","20","24"
"汹汹","18","6","24"
"与汉","17","7","24"
"西有","14","10","24"
"金山","12","12","24"
"去为","13","11","24"
"怪异","3","21","24"
"正而","11","13","24"
"山上","3","21","24"
"与西","6","18","24"
"义而","8","16","24"
"白龙","12","12","24"
"细微","7","17","24"
"郁林","13","11","24"
"渤海","13","11","24"
"如渊","12","12","24"
"一首","5","19","24"
"听之","22","2","24"
"折树","2","22","24"
"有智","10","14","24"
"子是","1","23","24"
"良田","11","13","24"
"歌舞","2","22","24"
"石门","12","12","24"
"与内","12","12","24"
"元吉","11","13","24"
"危之","22","2","24"
"等因","1","23","24"
"子将","8","16","24"
"先见","12","12","24"
"坠落","1","23","24"
"涪陵","11","13","24"
"地以","12","12","24"
"分上","4","20","24"
"县三","20","4","24"
"帝还","12","12","24"
"蜀中","11","13","24"
"人便","2","22","24"
"为援","15","9","24"
"宗一","4","20","24"
"官请","10","14","24"
"强兵","10","14","24"
"府兵","12","12","24"
"员不","1","23","24"
"有危","5","19","24"
"率先","9","15","24"
"不早","10","14","24"
"州北","11","13","24"
"以严","12","12","24"
"司上","13","11","24"
"主客","12","12","24"
"文恭","12","12","24"
"所掠","18","6","24"
"上怒","22","2","24"
"学不","18","6","24"
"以宰","13","11","24"
"欲得","24","0","24"
"满意","1","23","24"
"儒生","6","18","24"
"来见","6","18","24"
"始到","1","23","24"
"与胡","10","14","24"
"水草","10","14","24"
"与蔡","9","15","24"
"换代","1","23","24"
"万以","19","5","24"
"书张","14","10","24"
"功赏","18","6","24"
"名以","21","3","24"
"狡诈","1","23","24"
"遣陈","14","10","24"
"击杀","7","17","24"
"遭父","4","20","24"
"人推","6","18","24"
"戴颙","4","20","24"
"而将","9","15","24"
"上请","5","19","24"
"兵还","15","9","24"
"杜绝","3","21","24"
"犯淮","11","13","24"
"放还","14","10","24"
"兵趋","23","1","24"
"烽火","7","17","24"
"城镇","8","16","24"
"岁久","19","5","24"
"孤军","11","13","24"
"皆属","24","0","24"
"敌众","8","16","24"
"是官","4","20","24"
"朗州","12","12","24"
"洪进","12","12","24"
"压死","9","15","24"
"后谥","21","3","24"
"昭宪","12","12","24"
"三泉","12","12","24"
"澧州","19","5","24"
"扰民","14","10","24"
"钱有","17","7","24"
"盐钱","12","12","24"
"嗣宗","12","12","24"
"犀带","11","13","24"
"羡余","19","5","24"
"诏发","16","8","24"
"文院","12","12","24"
"官刘","11","13","24"
"清楼","12","12","24"
"静海","12","12","24"
"封卫","18","6","24"
"阵亡","3","21","24"
"威虏","12","12","24"
"答谢","1","23","24"
"减价","10","14","24"
"飞白","12","12","24"
"按视","21","3","24"
"施州","10","14","24"
"一转","24","0","24"
"溪峒","17","7","24"
"为泾","13","11","24"
"帝谓","24","0","24"
"赵为","1","23","24"
"罗支","12","12","24"
"流窜","4","20","24"
"修葺","7","17","24"
"知广","14","10","24"
"曲宴","17","7","24"
"显符","12","12","24"
"圣节","12","12","24"
"厮啰","24","0","24"
"诏进","12","12","24"
"祷于","23","1","24"
"农卿","12","12","24"
"慈庙","12","12","24"
"化州","12","12","24"
"兼沿","13","11","24"
"西招","11","13","24"
"水洛","11","13","24"
"有治","10","14","24"
"为岳","5","19","24"
"守护","3","21","24"
"王陶","10","14","24"
"殿听","4","20","24"
"诏将","7","17","24"
"经出","3","21","24"
"宁以","13","11","24"
"门军","12","12","24"
"买田","11","13","24"
"部不","7","17","24"
"为蔡","8","16","24"
"邪等","10","14","24"
"九鼎","11","13","24"
"开德","13","11","24"
"叙州","12","12","24"
"路分","12","12","24"
"罔上","23","1","24"
"制杨","12","12","24"
"路允","12","12","24"
"命资","1","23","24"
"奉宁","12","12","24"
"立异","11","13","24"
"遂命","22","2","24"
"州制","12","12","24"
"王善","10","14","24"
"王俊","9","15","24"
"庆阳","12","12","24"
"积欠","16","8","24"
"迎敌","11","13","24"
"沈与","12","12","24"
"与求","12","12","24"
"天皇","8","16","24"
"命后","6","18","24"
"内帑","20","4","24"
"参考","4","20","24"
"自劾","24","0","24"
"思谋","12","12","24"
"书和","1","23","24"
"桧以","14","10","24"
"资产","2","22","24"
"又贬","11","13","24"
"折帛","12","12","24"
"丰军","12","12","24"
"蒲察","12","12","24"
"储蓄","7","17","24"
"萧振","9","15","24"
"用旧","8","16","24"
"灵壁","12","12","24"
"陈源","11","13","24"
"通知","9","15","24"
"慈福","12","12","24"
"力行","15","9","24"
"休养","1","23","24"
"荐士","13","11","24"
"贺瑞","12","12","24"
"馆伴","12","12","24"
"知隆","18","6","24"
"和金","1","23","24"
"管南","4","20","24"
"免征","3","21","24"
"予祠","16","8","24"
"战役","1","23","24"
"因论","15","9","24"
"大入","22","2","24"
"项安","4","20","24"
"冲佑","11","13","24"
"出关","12","12","24"
"吕师","9","15","24"
"黎明","9","15","24"
"在福","2","22","24"
"有攻","3","21","24"
"在司","7","17","24"
"燕地","1","23","24"
"又十","3","21","24"
"下拜","3","21","24"
"祖对","1","23","24"
"墓碑","5","19","24"
"传诵","12","12","24"
"迁殿","24","0","24"
"蜀军","6","18","24"
"是两","8","16","24"
"举而","16","8","24"
"给宰","2","22","24"
"宗闻","23","1","24"
"良将","10","14","24"
"心有","3","21","24"
"上诉","2","22","24"
"名目","1","23","24"
"有亲","3","21","24"
"任州","2","22","24"
"对其","1","23","24"
"听其","19","5","24"
"使和","3","21","24"
"联络","4","20","24"
"质问","2","22","24"
"改过","1","23","24"
"宗山","6","18","24"
"朝论","21","3","24"
"时韩","9","15","24"
"且命","5","19","24"
"自举","2","22","24"
"东汉","8","16","24"
"养育","4","20","24"
"宗称","8","16","24"
"敏捷","1","23","24"
"待敌","7","17","24"
"去权","1","23","24"
"庇护","2","22","24"
"有恩","7","17","24"
"右相","11","13","24"
"不丰","3","21","24"
"是极","1","23","24"
"为考","6","18","24"
"兵火","4","20","24"
"救助","1","23","24"
"敌阵","2","22","24"
"敌营","7","17","24"
"敌方","6","18","24"
"次推","2","22","24"
"明察","1","23","24"
"经有","1","23","24"
"是周","1","23","24"
"行进","1","23","24"
"同乡","2","22","24"
"有结","2","22","24"
"年才","1","23","24"
"人太","2","22","24"
"一封","1","23","24"
"训导","3","21","24"
"设在","1","23","24"
"年人","2","22","24"
"补助","2","22","24"
"分辨","1","23","24"
"然大","1","23","24"
"出他","1","23","24"
"批示","1","23","24"
"凭藉","1","23","24"
"又侵","1","23","24"
"有根","1","23","24"
"字的","0","24","24"
"的愿","0","24","24"
"的灵","0","24","24"
"碰上","0","24","24"
"的旗","0","24","24"
"缺点","0","24","24"
"的感","0","24","24"
"感情","0","24","24"
"会的","0","24","24"
"写在","0","24","24"
"道就","0","24","24"
"这之","0","24","24"
"束晋","0","24","24"
"一贯","0","24","24"
"很明","0","24","24"
"的错","0","24","24"
"书可","0","24","24"
"不懂","0","24","24"
"来对","0","24","24"
"能超","0","24","24"
"足的","0","24","24"
"饰的","0","24","24"
"失了","0","24","24"
"守住","0","24","24"
"个道","0","24","24"
"灾是","0","24","24"
"去见","0","24","24"
"都向","0","24","24"
"的月","0","24","24"
"全是","0","24","24"
"都到","0","24","24"
"上回","0","24","24"
"端的","0","24","24"
"的期","0","24","24"
"做事","0","24","24"
"些不","0","24","24"
"出这","0","24","24"
"规劝","0","24","24"
"朝处","0","24","24"
"要轻","0","24","24"
"禅的","0","24","24"
"抱着","0","24","24"
"们很","0","24","24"
"麻烦","0","24","24"
"到其","0","24","24"
"把我","0","24","24"
"的工","0","24","24"
"姻亲","0","24","24"
"日常","0","24","24"
"能写","0","24","24"
"样一","0","24","24"
"的缺","0","24","24"
"和我","0","24","24"
"们进","0","24","24"
"微的","0","24","24"
"下认","0","24","24"
"跑到","0","24","24"
"们各","0","24","24"
"要大","0","24","24"
"到你","0","24","24"
"叛的","0","24","24"
"关心","0","24","24"
"关的","0","24","24"
"为你","0","24","24"
"愚蠢","0","24","24"
"征集","0","24","24"
"不方","0","24","24"
"代代","0","24","24"
"你应","0","24","24"
"奋力","0","24","24"
"托给","0","24","24"
"主牌","0","24","24"
"天才","0","24","24"
"韩青","0","24","24"
"要杀","0","24","24"
"个方","0","24","24"
"赶往","0","24","24"
"就与","0","24","24"
"征用","0","24","24"
"们看","0","24","24"
"台的","0","24","24"
"有接","0","24","24"
"来做","0","24","24"
"做好","0","24","24"
"了李","0","24","24"
"表影","0","24","24"
"戴进","0","24","24"
"诗经","0","24","24"
"国说","0","24","24"
"退他","0","24","24"
"随他","0","24","24"
"弟的","0","24","24"
"法纪","0","24","24"
"表说","0","24","24"
"栅栏","0","24","24"
"建筑","0","24","24"
"就派","0","24","24"
"十名","0","24","24"
"不妥","0","24","24"
"追到","0","24","24"
"向外","0","24","24"
"自策","0","24","24"
"久升","0","24","24"
"粟米","0","24","24"
"琅王","0","24","24"
"王牙","0","24","24"
"好久","0","24","24"
"的字","0","24","24"
"列出","0","24","24"
"呜叫","0","24","24"
"了的","0","24","24"
"仪器","0","24","24"
"月份","0","24","24"
"份出","0","24","24"
"数的","0","24","24"
"毕后","0","24","24"
"们相","0","24","24"
"的警","0","24","24"
"替代","0","24","24"
"双亲","0","24","24"
"令把","0","24","24"
"到答","0","24","24"
"称作","0","24","24"
"到扬","0","24","24"
"抓获","0","24","24"
"二地","0","24","24"
"有瘟","0","24","24"
"你为","0","24","24"
"路过","0","24","24"
"开凿","0","24","24"
"奏朝","0","24","24"
"诉说","0","24","24"
"领们","0","24","24"
"还照","0","24","24"
"忠的","0","24","24"
"劝皇","0","24","24"
"荐给","0","24","24"
"哀殿","0","24","24"
"园设","0","24","24"
"庙附","0","24","24"
"门合","0","24","24"
"抗金","0","24","24"
"令岳","0","24","24"
"士身","0","24","24"
"桧说","0","24","24"
"其同","6","17","23"
"沦陷","1","22","23"
"以征","16","7","23"
"之身","16","7","23"
"朕以","22","1","23"
"以听","16","7","23"
"践阼","22","1","23"
"省之","19","4","23"
"马迁","9","14","23"
"任意","1","22","23"
"不该","3","20","23"
"岂以","23","0","23"
"人后","6","17","23"
"人先","10","13","23"
"于无","13","10","23"
"藏之","21","2","23"
"入庙","11","12","23"
"谓也","21","2","23"
"施于","21","2","23"
"业之","11","12","23"
"言是","16","7","23"
"帝中","12","11","23"
"得此","18","5","23"
"景阳","12","11","23"
"危亡","13","10","23"
"人亦","22","1","23"
"动众","13","10","23"
"后听","7","16","23"
"二事","20","3","23"
"日乃","23","0","23"
"侨立","19","4","23"
"位大","4","19","23"
"今朝","15","8","23"
"文义","18","5","23"
"所系","22","1","23"
"后得","9","14","23"
"官方","6","17","23"
"务农","7","16","23"
"诚为","14","9","23"
"默然","18","5","23"
"若使","21","2","23"
"以古","14","9","23"
"大道","5","18","23"
"又称","11","12","23"
"遣子","22","1","23"
"在有","4","19","23"
"武中","12","11","23"
"之年","12","11","23"
"乃上","21","2","23"
"情状","11","12","23"
"无得","23","0","23"
"者悉","23","0","23"
"大德","6","17","23"
"之具","23","0","23"
"可称","15","8","23"
"养生","6","17","23"
"曾不","18","5","23"
"无愧","12","11","23"
"台阶","2","21","23"
"祖所","18","5","23"
"陵庙","14","9","23"
"告之","21","2","23"
"晋阳","11","12","23"
"上旨","18","5","23"
"为台","14","9","23"
"贼军","5","18","23"
"其锋","20","3","23"
"普天","10","13","23"
"先到","1","22","23"
"圣心","18","5","23"
"岂非","21","2","23"
"陈从","4","19","23"
"加赏","11","12","23"
"三纲","10","13","23"
"一隅","14","9","23"
"人神","18","5","23"
"今若","23","0","23"
"流而","10","13","23"
"一以","22","1","23"
"赤心","14","9","23"
"帝嘉","18","5","23"
"阴入","23","0","23"
"弃盟","1","22","23"
"内艰","23","0","23"
"一也","23","0","23"
"论罢","15","8","23"
"三五","13","10","23"
"右之","14","9","23"
"淮民","18","5","23"
"而轻","14","9","23"
"疏其","23","0","23"
"尚可","19","4","23"
"之状","18","5","23"
"斥去","16","7","23"
"立不","13","10","23"
"以元","20","3","23"
"极一","6","17","23"
"奏陈","7","16","23"
"东归","15","8","23"
"二圣","19","4","23"
"今既","21","2","23"
"深远","5","18","23"
"世所","14","9","23"
"不义","9","14","23"
"所顾","11","12","23"
"小利","11","12","23"
"与世","15","8","23"
"有中","9","14","23"
"故人","19","4","23"
"遗民","13","10","23"
"冗从","12","11","23"
"容延","11","12","23"
"檀和","11","12","23"
"号镇","21","2","23"
"建王","11","12","23"
"军褚","12","11","23"
"刘秉","7","16","23"
"武都","11","12","23"
"杨文","11","12","23"
"昭太","13","10","23"
"一梁","12","11","23"
"宣威","13","10","23"
"央大","11","12","23"
"犯亢","10","13","23"
"破军","16","7","23"
"贼大","17","6","23"
"天江","11","12","23"
"世率","4","19","23"
"临朐","12","11","23"
"天渊","11","12","23"
"安三","12","11","23"
"言有","19","4","23"
"尺八","11","12","23"
"生不","10","13","23"
"帝青","13","10","23"
"飞上","3","20","23"
"熙九","10","13","23"
"宁令","12","11","23"
"毗陵","11","12","23"
"时名","9","14","23"
"领护","17","6","23"
"志气","4","19","23"
"前副","12","11","23"
"使河","12","11","23"
"彰信","12","11","23"
"以卫","16","7","23"
"骁卫","14","9","23"
"等分","8","15","23"
"奉礼","11","12","23"
"加礼","14","9","23"
"为各","1","22","23"
"集庆","11","12","23"
"班奉","13","10","23"
"中同","13","10","23"
"博为","10","13","23"
"烈武","12","11","23"
"初名","14","9","23"
"四辅","11","12","23"
"蜀国","4","19","23"
"榷货","12","11","23"
"同提","11","12","23"
"路为","12","11","23"
"置都","11","12","23"
"至镇","20","3","23"
"中自","11","12","23"
"选精","11","12","23"
"兼给","13","10","23"
"之知","20","3","23"
"王与","16","7","23"
"补转","11","12","23"
"章鉴","11","12","23"
"孙虎","8","15","23"
"前诸","15","8","23"
"刘雄","8","15","23"
"正将","12","11","23"
"文龙","12","11","23"
"以留","11","12","23"
"惠州","11","12","23"
"天津","11","12","23"
"唐开","21","2","23"
"死丧","12","11","23"
"成勾","5","18","23"
"尊为","12","11","23"
"生子","15","8","23"
"牙校","13","10","23"
"竹木","11","12","23"
"在镇","9","14","23"
"告哀","17","6","23"
"书仪","12","11","23"
"府长","10","13","23"
"定武","11","12","23"
"入翰","14","9","23"
"大发","12","11","23"
"道宫","10","13","23"
"有奏","11","12","23"
"承事","12","11","23"
"九经","13","10","23"
"词学","12","11","23"
"郎赵","9","14","23"
"边军","10","13","23"
"苏洵","4","19","23"
"治世","6","17","23"
"散大","11","12","23"
"孝纯","11","12","23"
"韩肖","10","13","23"
"行台","13","10","23"
"绢二","12","11","23"
"长七","14","9","23"
"惧而","11","12","23"
"所没","9","14","23"
"史袁","12","11","23"
"饥馑","16","7","23"
"北去","8","15","23"
"我还","1","22","23"
"将用","14","9","23"
"后当","11","12","23"
"逆党","13","10","23"
"桓谦","8","15","23"
"山以","16","7","23"
"以增","10","13","23"
"将也","18","5","23"
"得二","18","5","23"
"曲阿","12","11","23"
"入殿","16","7","23"
"徐兗","23","0","23"
"新之","17","6","23"
"后数","19","4","23"
"将行","22","1","23"
"领骑","8","15","23"
"三重","15","8","23"
"乃请","23","0","23"
"掩袭","14","9","23"
"率精","8","15","23"
"大势","6","17","23"
"决胜","14","9","23"
"有百","1","22","23"
"中多","6","17","23"
"能行","9","14","23"
"杜慧","4","19","23"
"谢混","10","13","23"
"不减","10","13","23"
"国所","10","13","23"
"推崇","2","21","23"
"留京","14","9","23"
"前事","19","4","23"
"是率","2","21","23"
"使分","20","3","23"
"权制","22","1","23"
"王肃","10","13","23"
"用铜","6","17","23"
"月以","15","8","23"
"不须","18","5","23"
"使朝","8","15","23"
"吹一","13","10","23"
"位太","16","7","23"
"据有","9","14","23"
"南新","12","11","23"
"芮芮","15","8","23"
"学业","3","20","23"
"千斛","12","11","23"
"千家","11","12","23"
"伐之","12","11","23"
"置武","10","13","23"
"王及","14","9","23"
"江郡","11","12","23"
"岁不","19","4","23"
"领太","13","10","23"
"害者","17","6","23"
"史山","11","12","23"
"尊卑","11","12","23"
"自太","20","3","23"
"诸大","18","5","23"
"平为","15","8","23"
"下相","11","12","23"
"兵北","4","19","23"
"少而","9","14","23"
"军帅","11","12","23"
"有父","11","12","23"
"父兄","12","11","23"
"为马","8","15","23"
"敬兒","23","0","23"
"东城","10","13","23"
"附之","18","5","23"
"祭地","7","16","23"
"蕤宾","13","10","23"
"于正","9","14","23"
"制也","16","7","23"
"一两","5","18","23"
"室中","5","18","23"
"当日","2","21","23"
"斗分","13","10","23"
"堂之","15","8","23"
"地得","10","13","23"
"而称","8","15","23"
"乃诏","23","0","23"
"侯不","11","12","23"
"数乘","10","13","23"
"法得","13","10","23"
"后四","13","10","23"
"月日","19","4","23"
"容不","10","13","23"
"者又","13","10","23"
"华盖","10","13","23"
"今又","16","7","23"
"在翼","9","14","23"
"欲令","23","0","23"
"离宫","11","12","23"
"某事","12","11","23"
"正如","9","14","23"
"之色","14","9","23"
"吏以","17","6","23"
"议立","11","12","23"
"服而","9","14","23"
"为限","14","9","23"
"晋文","9","14","23"
"复行","18","5","23"
"宫掖","21","2","23"
"于为","12","11","23"
"为祖","9","14","23"
"葬之","15","8","23"
"徐邈","10","13","23"
"王罗","9","14","23"
"是成","1","22","23"
"闰二","6","17","23"
"前议","15","8","23"
"母子","12","11","23"
"不计","7","16","23"
"书下","10","13","23"
"能见","4","19","23"
"行太","11","12","23"
"功于","15","8","23"
"命三","16","7","23"
"诚信","3","20","23"
"所立","14","9","23"
"多事","8","15","23"
"有准","5","18","23"
"海外","12","11","23"
"光熙","12","11","23"
"一庙","7","16","23"
"三牲","4","19","23"
"庙神","10","13","23"
"长在","3","20","23"
"远而","11","12","23"
"方不","8","15","23"
"以失","15","8","23"
"文公","10","13","23"
"汉初","13","10","23"
"诏追","8","15","23"
"所引","13","10","23"
"汉东","13","10","23"
"不奉","16","7","23"
"安时","8","15","23"
"田猎","4","19","23"
"有是","21","2","23"
"殿庭","15","8","23"
"以战","16","7","23"
"求改","4","19","23"
"史者","15","8","23"
"所从","17","6","23"
"会不","1","22","23"
"而居","10","13","23"
"示不","8","15","23"
"长之","19","4","23"
"大海","5","18","23"
"知礼","12","11","23"
"东壁","15","8","23"
"和其","5","18","23"
"乃是","5","18","23"
"相似","5","18","23"
"丈人","12","11","23"
"人谋","14","9","23"
"安能","23","0","23"
"清水","9","14","23"
"孝道","3","20","23"
"羽毛","3","20","23"
"帝用","6","17","23"
"夏禹","6","17","23"
"是贵","3","20","23"
"在角","8","15","23"
"覆盖","1","22","23"
"高于","8","15","23"
"侯有","12","11","23"
"斗中","3","20","23"
"征淮","19","4","23"
"廷臣","16","7","23"
"东行","13","10","23"
"守东","10","13","23"
"小星","12","11","23"
"守南","13","10","23"
"攻战","13","10","23"
"主死","12","11","23"
"隔绝","10","13","23"
"子可","10","13","23"
"堂邑","12","11","23"
"受宠","3","20","23"
"领其","15","8","23"
"之见","14","9","23"
"身免","16","7","23"
"不吉","2","21","23"
"与前","4","19","23"
"于公","12","11","23"
"舜举","12","11","23"
"其手","17","6","23"
"北山","11","12","23"
"有将","8","15","23"
"园中","4","19","23"
"昌元","12","11","23"
"暴虐","4","19","23"
"羽虫","11","12","23"
"在武","2","21","23"
"折木","23","0","23"
"刻薄","3","20","23"
"实之","17","6","23"
"事与","12","11","23"
"如人","19","4","23"
"十倍","11","12","23"
"由中","10","13","23"
"不赦","11","12","23"
"旱伤","23","0","23"
"次下","2","21","23"
"南奔","18","5","23"
"罪不","12","11","23"
"祖神","6","17","23"
"水泛","6","17","23"
"州蝗","14","9","23"
"飞蝗","12","11","23"
"不熟","8","15","23"
"不统","3","20","23"
"又再","2","21","23"
"事平","16","7","23"
"不归","10","13","23"
"得病","2","21","23"
"宗初","15","8","23"
"分派","1","22","23"
"部都","2","21","23"
"五县","7","16","23"
"密令","9","14","23"
"甚急","23","0","23"
"代管","1","22","23"
"以语","23","0","23"
"愤愤","5","18","23"
"四道","13","10","23"
"有愧","9","14","23"
"合门","2","21","23"
"及到","3","20","23"
"大说","3","20","23"
"绝人","17","6","23"
"为敷","4","19","23"
"子宗","17","6","23"
"都上","2","21","23"
"虏军","9","14","23"
"封吴","13","10","23"
"既得","22","1","23"
"以火","16","7","23"
"朝宗","11","12","23"
"更多","1","22","23"
"在小","1","22","23"
"军皆","22","1","23"
"临幸","6","17","23"
"到有","1","22","23"
"劾奏","17","6","23"
"此职","3","20","23"
"医术","6","17","23"
"未来","4","19","23"
"府不","7","16","23"
"归国","10","13","23"
"不完","3","20","23"
"常宝","11","12","23"
"能安","6","17","23"
"令内","6","17","23"
"大罪","7","16","23"
"素与","18","5","23"
"领数","2","21","23"
"统王","12","11","23"
"人闻","20","3","23"
"都同","2","21","23"
"以拒","16","7","23"
"下城","8","15","23"
"追还","14","9","23"
"军失","6","17","23"
"人南","8","15","23"
"留心","10","13","23"
"令皇","6","17","23"
"降其","19","4","23"
"出嫁","2","21","23"
"徙居","15","8","23"
"攻其","20","3","23"
"官检","3","20","23"
"叙复","20","3","23"
"回鹘","20","3","23"
"辽州","9","14","23"
"使赐","18","5","23"
"失火","2","21","23"
"捕盗","12","11","23"
"继冲","11","12","23"
"幸金","19","4","23"
"耕作","2","21","23"
"试制","7","16","23"
"地图","6","17","23"
"城使","11","12","23"
"道兵","17","6","23"
"德裕","11","12","23"
"禁诸","23","0","23"
"代史","10","13","23"
"州决","7","16","23"
"邠州","21","2","23"
"相等","1","22","23"
"归业","12","11","23"
"为银","7","16","23"
"右侍","4","19","23"
"设法","4","19","23"
"诏宰","18","5","23"
"以秘","14","9","23"
"小波","9","14","23"
"挥军","2","21","23"
"削籍","13","10","23"
"幸元","23","0","23"
"河外","13","10","23"
"司岁","21","2","23"
"请诛","19","4","23"
"潘罗","11","12","23"
"领各","1","22","23"
"史朱","6","17","23"
"边安","12","11","23"
"民疫","23","0","23"
"路钤","16","7","23"
"军被","2","21","23"
"享乐","1","22","23"
"济贫","1","22","23"
"宝册","11","12","23"
"在安","3","20","23"
"仍命","18","5","23"
"雷允","5","18","23"
"京囚","10","13","23"
"仍令","21","2","23"
"人遣","21","2","23"
"平钱","12","11","23"
"边人","13","10","23"
"葛怀","10","13","23"
"州而","12","11","23"
"弹奏","10","13","23"
"吏之","18","5","23"
"马司","11","12","23"
"而溃","14","9","23"
"文忠","12","11","23"
"疏陈","7","16","23"
"在旁","4","19","23"
"知荆","14","9","23"
"令吕","3","20","23"
"马承","10","13","23"
"人任","4","19","23"
"令户","3","20","23"
"瀛国","14","9","23"
"萧干","13","10","23"
"有收","1","22","23"
"是蔡","1","22","23"
"告辞","1","22","23"
"司录","11","12","23"
"封赵","1","22","23"
"许景","10","13","23"
"大本","12","11","23"
"停官","13","10","23"
"预朝","5","18","23"
"以徽","15","8","23"
"六部","9","14","23"
"官讨","5","18","23"
"伊阳","11","12","23"
"修政","13","10","23"
"领四","9","14","23"
"杨钦","7","16","23"
"席益","10","13","23"
"民聚","1","22","23"
"田使","10","13","23"
"州马","12","11","23"
"职名","11","12","23"
"呼延","7","16","23"
"孛堇","12","11","23"
"夺一","4","19","23"
"司军","11","12","23"
"范同","10","13","23"
"审议","4","19","23"
"给大","1","22","23"
"海船","4","19","23"
"祥祭","2","21","23"
"四事","18","5","23"
"定罪","2","21","23"
"叶适","11","12","23"
"取一","7","16","23"
"陈贾","9","14","23"
"命名","2","21","23"
"祠堂","2","21","23"
"官回","1","22","23"
"自责","8","15","23"
"张岩","11","12","23"
"帐前","15","8","23"
"移居","4","19","23"
"元砺","13","10","23"
"董居","11","12","23"
"权星","11","12","23"
"在行","5","18","23"
"残忍","4","19","23"
"翁应","10","13","23"
"叛臣","13","10","23"
"谋叛","6","17","23"
"星去","23","0","23"
"隆二","11","12","23"
"而停","1","22","23"
"死力","11","12","23"
"庭下","14","9","23"
"而京","16","7","23"
"复上","18","5","23"
"一发","10","13","23"
"右亲","3","20","23"
"博通","10","13","23"
"在御","3","20","23"
"人开","4","19","23"
"玉帛","9","14","23"
"废弛","5","18","23"
"不严","7","16","23"
"自用","7","16","23"
"争不","11","12","23"
"老之","13","10","23"
"蛮族","1","22","23"
"万言","14","9","23"
"廷重","2","21","23"
"仆人","1","22","23"
"而士","11","12","23"
"赵宗","1","22","23"
"又增","3","20","23"
"两汉","5","18","23"
"废去","2","21","23"
"力论","5","18","23"
"布满","4","19","23"
"有偏","6","17","23"
"能回","2","21","23"
"急时","2","21","23"
"追逐","1","22","23"
"贵族","3","20","23"
"欢心","8","15","23"
"阴险","2","21","23"
"为根","4","19","23"
"掳掠","1","22","23"
"为标","2","21","23"
"臣没","1","22","23"
"刘爚","1","22","23"
"加倍","1","22","23"
"熊克","2","21","23"
"炎二","9","14","23"
"下他","2","21","23"
"与自","1","22","23"
"天黑","1","22","23"
"成进","7","16","23"
"人互","1","22","23"
"更大","1","22","23"
"外敌","1","22","23"
"清晨","1","22","23"
"察军","1","22","23"
"下手","1","22","23"
"是女","1","22","23"
"者说","1","22","23"
"刻的","0","23","23"
"企图","0","23","23"
"假若","0","23","23"
"有完","0","23","23"
"协调","0","23","23"
"仿照","0","23","23"
"的见","0","23","23"
"是亲","0","23","23"
"质朴","0","23","23"
"同商","0","23","23"
"保留","0","23","23"
"拊庙","0","23","23"
"用作","0","23","23"
"俭朴","0","23","23"
"呈现","0","23","23"
"境地","0","23","23"
"求他","0","23","23"
"欺凌","0","23","23"
"承帝","0","23","23"
"这大","0","23","23"
"得好","0","23","23"
"婢女","0","23","23"
"时辰","0","23","23"
"的无","0","23","23"
"最好","0","23","23"
"落入","0","23","23"
"在你","0","23","23"
"你这","0","23","23"
"胜的","0","23","23"
"的盛","0","23","23"
"发誓","0","23","23"
"做得","0","23","23"
"他这","0","23","23"
"到底","0","23","23"
"穿的","0","23","23"
"的收","0","23","23"
"体的","0","23","23"
"写下","0","23","23"
"赞叹","0","23","23"
"当成","0","23","23"
"途径","0","23","23"
"尚的","0","23","23"
"很重","0","23","23"
"听信","0","23","23"
"商讨","0","23","23"
"个不","0","23","23"
"没什","0","23","23"
"的得","0","23","23"
"把王","0","23","23"
"的黄","0","23","23"
"斗的","0","23","23"
"知的","0","23","23"
"齐备","0","23","23"
"次都","0","23","23"
"阅读","0","23","23"
"们回","0","23","23"
"跑了","0","23","23"
"年都","0","23","23"
"他母","0","23","23"
"材料","0","23","23"
"书给","0","23","23"
"上交","0","23","23"
"降土","0","23","23"
"你可","0","23","23"
"的程","0","23","23"
"举考","0","23","23"
"为没","0","23","23"
"遮蔽","0","23","23"
"开京","0","23","23"
"连累","0","23","23"
"样才","0","23","23"
"才被","0","23","23"
"势的","0","23","23"
"际情","0","23","23"
"惊慌","0","23","23"
"并把","0","23","23"
"向的","0","23","23"
"墓地","0","23","23"
"留的","0","23","23"
"亲是","0","23","23"
"到德","0","23","23"
"名讳","0","23","23"
"梁鼎","0","23","23"
"到吴","0","23","23"
"会集","0","23","23"
"的堂","0","23","23"
"到晋","0","23","23"
"来表","0","23","23"
"密的","0","23","23"
"阵势","0","23","23"
"密地","0","23","23"
"挟持","0","23","23"
"宅第","0","23","23"
"臣认","0","23","23"
"诫他","0","23","23"
"派中","0","23","23"
"获的","0","23","23"
"到武","0","23","23"
"规章","0","23","23"
"敬儿","0","23","23"
"在白","0","23","23"
"泉水","0","23","23"
"又回","0","23","23"
"可说","0","23","23"
"平均","0","23","23"
"到相","0","23","23"
"到晚","0","23","23"
"他便","0","23","23"
"亲死","0","23","23"
"后逝","0","23","23"
"辞别","0","23","23"
"位给","0","23","23"
"祭上","0","23","23"
"庆祝","0","23","23"
"栖息","0","23","23"
"藏的","0","23","23"
"是忧","0","23","23"
"理事","0","23","23"
"写道","0","23","23"
"竖立","0","23","23"
"好几","0","23","23"
"倘若","0","23","23"
"陨落","0","23","23"
"责的","0","23","23"
"被解","0","23","23"
"北部","0","23","23"
"她为","0","23","23"
"的曾","0","23","23"
"帝当","0","23","23"
"施加","0","23","23"
"廷就","0","23","23"
"现黑","0","23","23"
"让王","0","23","23"
"一看","0","23","23"
"天便","0","23","23"
"念他","0","23","23"
"夫们","0","23","23"
"熹的","0","23","23"
"允准","0","23","23"
"沪州","0","23","23"
"没得","0","23","23"
"缺额","0","23","23"
"举妄","0","23","23"
"盯胎","0","23","23"
"么战","0","23","23"
"把此","0","23","23"
"奉召","0","23","23"
"不常","16","6","22"
"又于","15","7","22"
"意者","20","2","22"
"赐帛","15","7","22"
"念之","16","6","22"
"贡士","12","10","22"
"惠民","12","10","22"
"后发","12","10","22"
"所及","17","5","22"
"多士","14","8","22"
"刑政","14","8","22"
"律吕","16","6","22"
"于经","14","8","22"
"在唐","3","19","22"
"以加","7","15","22"
"在里","7","15","22"
"非天","21","1","22"
"于左","12","10","22"
"抵罪","17","5","22"
"通议","14","8","22"
"情之","16","6","22"
"遵奉","7","15","22"
"其礼","18","4","22"
"或云","22","0","22"
"以常","15","7","22"
"伤人","12","10","22"
"谁敢","8","14","22"
"兴衰","6","16","22"
"使知","18","4","22"
"灵台","10","12","22"
"唯有","17","5","22"
"甚于","19","3","22"
"木为","16","6","22"
"还都","20","2","22"
"名也","21","1","22"
"此与","15","7","22"
"能救","12","10","22"
"以家","20","2","22"
"应时","6","16","22"
"时即","3","19","22"
"佛佛","14","8","22"
"常为","14","8","22"
"肉刑","11","11","22"
"用刑","3","19","22"
"军食","19","3","22"
"有劳","19","3","22"
"帅之","14","8","22"
"人伦","10","12","22"
"问疾","21","1","22"
"谁不","8","14","22"
"未已","22","0","22"
"卑贱","2","20","22"
"惜之","20","2","22"
"其行","22","0","22"
"无此","15","7","22"
"加赐","13","9","22"
"可久","19","3","22"
"而取","12","10","22"
"为未","18","4","22"
"其以","21","1","22"
"论是","3","19","22"
"信不","12","10","22"
"故曰","22","0","22"
"道可","3","19","22"
"卿言","21","1","22"
"人投","5","17","22"
"时世","10","12","22"
"昭示","5","17","22"
"就一","1","21","22"
"人往","12","10","22"
"吴喜","9","13","22"
"百战","13","9","22"
"不周","10","12","22"
"特赐","14","8","22"
"臣三","11","11","22"
"相知","14","8","22"
"边之","18","4","22"
"名不","14","8","22"
"若是","11","11","22"
"卿说","1","21","22"
"势而","10","12","22"
"庶民","10","12","22"
"陆并","10","12","22"
"世袭","11","11","22"
"不达","15","7","22"
"有深","5","17","22"
"去留","12","10","22"
"来取","7","15","22"
"谏臣","11","11","22"
"者并","20","2","22"
"臣庶","17","5","22"
"帝闻","22","0","22"
"皆可","22","0","22"
"乃为","22","0","22"
"册府","11","11","22"
"人赐","9","13","22"
"多矣","22","0","22"
"礼毕","17","5","22"
"书成","16","6","22"
"之高","16","6","22"
"流之","20","2","22"
"全活","21","1","22"
"顺流","9","13","22"
"于庭","20","2","22"
"为立","20","2","22"
"以解","9","13","22"
"使民","13","9","22"
"民大","17","5","22"
"以诗","15","7","22"
"身任","14","8","22"
"追讨","17","5","22"
"从仆","11","11","22"
"邑三","12","10","22"
"史檀","11","11","22"
"克之","19","3","22"
"史臧","11","11","22"
"东扬","13","9","22"
"秦河","11","11","22"
"僧虔","12","10","22"
"贤两","10","12","22"
"大长","10","12","22"
"国太","8","14","22"
"金印","9","13","22"
"吴将","11","11","22"
"军杀","11","11","22"
"于奎","6","16","22"
"齐郡","12","10","22"
"殿后","7","15","22"
"无锡","11","11","22"
"定陵","11","11","22"
"权黄","11","11","22"
"安五","11","11","22"
"阖门","15","7","22"
"咸安","11","11","22"
"淮陵","11","11","22"
"庐山","10","12","22"
"山西","11","11","22"
"户三","13","9","22"
"尉参","11","11","22"
"禄勋","11","11","22"
"军西","9","13","22"
"义成","12","10","22"
"武信","11","11","22"
"龙捷","11","11","22"
"以开","13","9","22"
"伦为","11","11","22"
"司兼","11","11","22"
"使潘","12","10","22"
"分命","20","2","22"
"南都","10","12","22"
"傅潜","9","13","22"
"南饥","13","9","22"
"者赐","11","11","22"
"能杀","8","14","22"
"茶法","11","11","22"
"溪州","11","11","22"
"杜氏","11","11","22"
"安康","8","14","22"
"向宗","9","13","22"
"康殿","11","11","22"
"仲为","9","13","22"
"扬祖","11","11","22"
"城壁","18","4","22"
"郎陈","11","11","22"
"城二","11","11","22"
"司主","11","11","22"
"军杨","12","10","22"
"事赵","10","12","22"
"臣向","9","13","22"
"赞读","11","11","22"
"西两","7","15","22"
"折彦","11","11","22"
"管殿","11","11","22"
"西总","10","12","22"
"并与","16","6","22"
"内安","10","12","22"
"和市","14","8","22"
"姜特","9","13","22"
"备战","4","18","22"
"官赵","10","12","22"
"军孟","11","11","22"
"改赐","11","11","22"
"清叟","19","3","22"
"范钟","11","11","22"
"湖安","11","11","22"
"广总","11","11","22"
"兼制","12","10","22"
"武郎","11","11","22"
"孟之","11","11","22"
"文福","11","11","22"
"令淮","4","18","22"
"右角","10","12","22"
"深甫","11","11","22"
"人钱","13","9","22"
"库使","12","10","22"
"库部","11","11","22"
"与苏","9","13","22"
"迁户","22","0","22"
"迁侍","21","1","22"
"中直","10","12","22"
"路刑","11","11","22"
"马氏","8","14","22"
"若干","13","9","22"
"宏词","10","12","22"
"差通","14","8","22"
"权工","16","6","22"
"弋阳","12","10","22"
"而议","13","9","22"
"汉制","20","2","22"
"杨徽","8","14","22"
"为周","7","15","22"
"所犯","9","13","22"
"自给","8","14","22"
"互市","13","9","22"
"明经","12","10","22"
"为冠","13","9","22"
"乃退","22","0","22"
"众以","21","1","22"
"至矣","22","0","22"
"兵杀","4","18","22"
"敢动","14","8","22"
"济江","13","9","22"
"成而","13","9","22"
"连结","9","13","22"
"肃然","12","10","22"
"持之","20","2","22"
"谋之","21","1","22"
"则臣","19","3","22"
"勿复","22","0","22"
"弟也","20","2","22"
"其旧","20","2","22"
"军并","13","9","22"
"召王","5","17","22"
"尚有","13","9","22"
"为异","20","2","22"
"皆是","16","6","22"
"小节","8","14","22"
"孤独","8","14","22"
"人怀","9","13","22"
"为彭","7","15","22"
"臣观","11","11","22"
"王业","9","13","22"
"天仓","11","11","22"
"时帝","19","3","22"
"为辞","18","4","22"
"答天","12","10","22"
"公相","12","10","22"
"军入","14","8","22"
"虏所","20","2","22"
"履行","8","14","22"
"军萧","11","11","22"
"田宅","16","6","22"
"秦郡","11","11","22"
"从简","11","11","22"
"存问","20","2","22"
"州去","4","18","22"
"不交","9","13","22"
"仓米","12","10","22"
"舜之","17","5","22"
"建树","1","21","22"
"可畏","16","6","22"
"不均","12","10","22"
"少好","20","2","22"
"霍光","9","13","22"
"有图","3","19","22"
"下国","14","8","22"
"不登","20","2","22"
"愍孙","9","13","22"
"西地","8","14","22"
"事黄","11","11","22"
"子官","11","11","22"
"实有","10","12","22"
"十以","16","6","22"
"北国","7","15","22"
"子夜","14","8","22"
"丈余","13","9","22"
"讹言","21","1","22"
"国亡","14","8","22"
"五篇","10","12","22"
"钟之","16","6","22"
"情有","8","14","22"
"相生","12","10","22"
"气之","15","7","22"
"其四","15","7","22"
"则中","19","3","22"
"所增","14","8","22"
"出御","16","6","22"
"用十","8","14","22"
"令部","4","18","22"
"之笛","11","11","22"
"生变","6","16","22"
"方士","11","11","22"
"汉元","10","12","22"
"皆知","15","7","22"
"见西","18","4","22"
"下第","13","9","22"
"明时","4","18","22"
"于郊","15","7","22"
"农时","9","13","22"
"而重","12","10","22"
"求其","17","5","22"
"数也","20","2","22"
"余为","15","7","22"
"为合","9","13","22"
"国也","13","9","22"
"宋金","1","21","22"
"在井","7","15","22"
"暴乱","6","16","22"
"魏氏","18","4","22"
"日下","15","7","22"
"每岁","21","1","22"
"不读","10","12","22"
"令者","14","8","22"
"克己","10","12","22"
"礼文","17","5","22"
"夺之","19","3","22"
"而终","14","8","22"
"小功","7","15","22"
"祔庙","22","0","22"
"以尊","13","9","22"
"既没","11","11","22"
"元六","6","16","22"
"元四","8","14","22"
"上陵","12","10","22"
"乃不","22","0","22"
"士孙","12","10","22"
"事应","2","20","22"
"然为","12","10","22"
"为家","9","13","22"
"享有","1","21","22"
"此说","7","15","22"
"曹操","8","14","22"
"祀昊","12","10","22"
"奏其","21","1","22"
"左传","7","15","22"
"江湖","13","9","22"
"则民","20","2","22"
"今陛","18","4","22"
"身先","8","14","22"
"帝幸","22","0","22"
"时祭","5","17","22"
"已下","13","9","22"
"犹在","22","0","22"
"君为","12","10","22"
"觞爵","10","12","22"
"以废","7","15","22"
"仍以","14","8","22"
"在冬","5","17","22"
"知为","20","2","22"
"独以","15","7","22"
"有乐","11","11","22"
"君有","18","4","22"
"王立","14","8","22"
"上特","6","16","22"
"称太","12","10","22"
"大川","7","15","22"
"不修","14","8","22"
"谋逆","8","14","22"
"魏时","5","17","22"
"为九","11","11","22"
"大会","10","12","22"
"有青","11","11","22"
"白玉","9","13","22"
"鹰扬","12","10","22"
"令文","4","18","22"
"而皇","2","20","22"
"有条","4","18","22"
"鼓舞","6","16","22"
"和初","11","11","22"
"远人","18","4","22"
"五曰","20","2","22"
"按礼","1","21","22"
"或言","21","1","22"
"诏近","15","7","22"
"遗漏","1","21","22"
"增修","10","12","22"
"集会","4","18","22"
"有贤","9","13","22"
"走马","12","10","22"
"合天","8","14","22"
"如张","10","12","22"
"时和","13","9","22"
"之回","5","17","22"
"能去","9","13","22"
"泣下","19","3","22"
"今第","11","11","22"
"四句","11","11","22"
"用武","9","13","22"
"帝圣","8","14","22"
"其材","20","2","22"
"无道","11","11","22"
"飞来","4","18","22"
"固有","16","6","22"
"勇气","4","18","22"
"三方","7","15","22"
"本书","1","21","22"
"而明","15","7","22"
"宿中","4","18","22"
"犯五","10","12","22"
"后郭","11","11","22"
"时诸","13","9","22"
"君忧","19","3","22"
"南行","13","9","22"
"未敢","17","5","22"
"进二","14","8","22"
"称制","18","4","22"
"犯哭","11","11","22"
"民丁","13","9","22"
"星东","11","11","22"
"等讨","15","7","22"
"率二","8","14","22"
"运转","4","18","22"
"九真","11","11","22"
"南河","11","11","22"
"起上","3","19","22"
"相星","8","14","22"
"讨司","11","11","22"
"姚泓","7","15","22"
"人面","9","13","22"
"民死","11","11","22"
"有云","16","6","22"
"良久","19","3","22"
"帝曾","1","21","22"
"方任","1","21","22"
"生成","2","20","22"
"生产","4","18","22"
"惊动","5","17","22"
"虎见","22","0","22"
"黄气","13","9","22"
"有开","10","12","22"
"于井","12","10","22"
"州道","11","11","22"
"南台","11","11","22"
"能长","3","19","22"
"耕田","2","20","22"
"请教","3","19","22"
"乌见","22","0","22"
"除灾","3","19","22"
"性而","11","11","22"
"被发","4","18","22"
"领五","7","15","22"
"韩氏","10","12","22"
"中止","8","14","22"
"变而","13","9","22"
"不畏","17","5","22"
"氏子","12","10","22"
"会州","11","11","22"
"两边","2","20","22"
"能听","3","19","22"
"望以","9","13","22"
"时四","10","12","22"
"赋敛","14","8","22"
"溺于","9","13","22"
"至南","16","6","22"
"上作","10","12","22"
"县不","8","14","22"
"去州","18","4","22"
"十县","9","13","22"
"世居","16","6","22"
"我虽","2","20","22"
"一毫","9","13","22"
"封国","4","18","22"
"以学","11","11","22"
"上欲","20","2","22"
"又谓","22","0","22"
"周超","8","14","22"
"东太","11","11","22"
"临死","8","14","22"
"是外","2","20","22"
"是士","5","17","22"
"援之","21","1","22"
"州部","5","17","22"
"在公","5","17","22"
"骆驼","7","15","22"
"劳而","7","15","22"
"深得","5","17","22"
"灵宝","9","13","22"
"特命","11","11","22"
"于得","7","15","22"
"役夫","6","16","22"
"有伤","6","16","22"
"达之","9","13","22"
"机要","5","17","22"
"嗜好","4","18","22"
"以讨","12","10","22"
"报复","9","13","22"
"州新","11","11","22"
"刚正","7","15","22"
"修理","3","19","22"
"为熙","12","10","22"
"在延","2","20","22"
"大任","8","14","22"
"守石","5","17","22"
"直前","15","7","22"
"民怨","15","7","22"
"中死","6","16","22"
"四周","3","19","22"
"及张","15","7","22"
"城出","5","17","22"
"百口","14","8","22"
"历朝","3","19","22"
"卿不","18","4","22"
"家将","3","19","22"
"有太","6","16","22"
"帝知","8","14","22"
"建明","15","7","22"
"除一","1","21","22"
"求援","8","14","22"
"获甚","17","5","22"
"开城","6","16","22"
"慧文","10","12","22"
"珍宝","7","15","22"
"助之","19","3","22"
"至不","15","7","22"
"投诚","1","21","22"
"与黄","6","16","22"
"自由","1","21","22"
"张子","10","12","22"
"富有","3","19","22"
"大加","4","18","22"
"北诸","18","4","22"
"号叫","1","21","22"
"名上","6","16","22"
"使萧","15","7","22"
"举者","17","5","22"
"时兼","3","19","22"
"祭告","4","18","22"
"南节","10","12","22"
"贤臣","7","15","22"
"败北","8","14","22"
"追册","12","10","22"
"门岛","11","11","22"
"发廪","22","0","22"
"自首","7","15","22"
"诏翰","16","6","22"
"受赏","10","12","22"
"率府","11","11","22"
"知颍","13","9","22"
"左监","11","11","22"
"修好","5","17","22"
"海岛","11","11","22"
"门副","11","11","22"
"保安","11","11","22"
"纳款","16","6","22"
"州监","5","17","22"
"支使","11","11","22"
"州与","5","17","22"
"元偓","22","0","22"
"张灯","14","8","22"
"忠于","12","10","22"
"罢京","14","8","22"
"释杖","22","0","22"
"诏罪","12","10","22"
"雍王","11","11","22"
"英为","9","13","22"
"蕃汉","13","9","22"
"象州","11","11","22"
"本府","3","19","22"
"诏官","14","8","22"
"府元","11","11","22"
"端王","9","13","22"
"税钱","10","12","22"
"受册","12","10","22"
"请自","21","1","22"
"省押","11","11","22"
"京鸿","11","11","22"
"延福","11","11","22"
"宗及","11","11","22"
"达州","9","13","22"
"殿奏","8","14","22"
"助军","11","11","22"
"布为","9","13","22"
"六符","11","11","22"
"后召","8","14","22"
"机密","5","17","22"
"廷赐","5","17","22"
"朝内","1","21","22"
"税赋","8","14","22"
"察不","3","19","22"
"琦等","11","11","22"
"蔡抗","10","12","22"
"旧人","13","9","22"
"殿复","16","6","22"
"行新","6","16","22"
"六路","11","11","22"
"逗留","7","15","22"
"曲珍","9","13","22"
"确为","8","14","22"
"用新","4","18","22"
"世清","11","11","22"
"人招","10","12","22"
"钦圣","11","11","22"
"六典","11","11","22"
"吴居","11","11","22"
"居厚","11","11","22"
"条具","20","2","22"
"上等","2","20","22"
"司于","17","5","22"
"命户","10","12","22"
"寺监","10","12","22"
"兵勤","10","12","22"
"六事","18","4","22"
"城遁","22","0","22"
"令守","7","15","22"
"请帝","21","1","22"
"拟诏","3","19","22"
"制军","13","9","22"
"谋议","11","11","22"
"吕好","10","12","22"
"上十","8","14","22"
"使士","11","11","22"
"靳赛","11","11","22"
"以阻","3","19","22"
"军溃","10","12","22"
"军制","12","10","22"
"分其","17","5","22"
"奏乞","21","1","22"
"浚命","11","11","22"
"用赵","7","15","22"
"巨师","10","12","22"
"将各","8","14","22"
"芦场","11","11","22"
"官轮","5","17","22"
"学宏","10","12","22"
"中兼","10","12","22"
"卿兼","11","11","22"
"奏不","15","7","22"
"进发","4","18","22"
"程氏","11","11","22"
"出巡","4","18","22"
"杀金","9","13","22"
"命前","2","20","22"
"廉吏","10","12","22"
"赵惟","1","21","22"
"藤州","11","11","22"
"为朋","10","12","22"
"平茶","12","10","22"
"益国","11","11","22"
"张大","8","14","22"
"沙田","11","11","22"
"招军","12","10","22"
"武翼","11","11","22"
"有请","13","9","22"
"谪居","17","5","22"
"举佑","11","11","22"
"强勇","11","11","22"
"万贯","7","15","22"
"光言","22","0","22"
"位皇","2","20","22"
"逢吉","11","11","22"
"保伍","11","11","22"
"甫斌","11","11","22"
"郭倪","8","14","22"
"兼京","12","10","22"
"次山","11","11","22"
"蛮攻","1","21","22"
"择其","14","8","22"
"进而","8","14","22"
"季先","3","19","22"
"相近","5","17","22"
"瑞州","11","11","22"
"等第","11","11","22"
"直华","11","11","22"
"王遂","11","11","22"
"经死","7","15","22"
"布告","5","17","22"
"劝谕","4","18","22"
"师勇","11","11","22"
"字为","4","18","22"
"目不","12","10","22"
"军也","9","13","22"
"南一","9","13","22"
"兵少","11","11","22"
"路不","7","15","22"
"果实","4","18","22"
"在秋","2","20","22"
"异日","22","0","22"
"绝不","5","17","22"
"手札","18","4","22"
"被选","1","21","22"
"一语","18","4","22"
"疏导","1","21","22"
"宝二","8","14","22"
"其策","20","2","22"
"拜枢","22","0","22"
"迁礼","22","0","22"
"四起","9","13","22"
"好恶","12","10","22"
"白交","1","21","22"
"昏暗","1","21","22"
"欲用","22","0","22"
"两地","2","20","22"
"散去","7","15","22"
"人望","16","6","22"
"出力","5","17","22"
"是南","2","20","22"
"报仇","3","19","22"
"然出","5","17","22"
"范讽","8","14","22"
"不参","2","20","22"
"用在","2","20","22"
"得太","5","17","22"
"官陈","7","15","22"
"求增","1","21","22"
"求对","2","20","22"
"复失","3","19","22"
"大力","3","19","22"
"时弊","6","16","22"
"登位","4","18","22"
"家军","5","17","22"
"能忍","2","20","22"
"法行","7","15","22"
"和一","1","21","22"
"奋起","1","21","22"
"本原","8","14","22"
"传下","1","21","22"
"重地","2","20","22"
"廷授","1","21","22"
"野心","3","19","22"
"根源","1","21","22"
"儿童","3","19","22"
"率一","1","21","22"
"待人","3","19","22"
"愤不","3","19","22"
"盛大","1","21","22"
"汉津","9","13","22"
"病辞","4","18","22"
"称道","1","21","22"
"他用","1","21","22"
"为止","7","15","22"
"声望","1","21","22"
"会再","1","21","22"
"在便","1","21","22"
"早年","1","21","22"
"三级","1","21","22"
"陈桷","2","20","22"
"兼程","3","19","22"
"拥护","1","21","22"
"早已","0","22","22"
"相反","0","22","22"
"划分","0","22","22"
"能到","0","22","22"
"的史","0","22","22"
"相差","0","22","22"
"交点","0","22","22"
"水星","0","22","22"
"照顾","0","22","22"
"辛曰","0","22","22"
"卓著","0","22","22"
"时开","0","22","22"
"了后","0","22","22"
"的豪","0","22","22"
"充分","0","22","22"
"的境","0","22","22"
"哪儿","0","22","22"
"察看","0","22","22"
"么地","0","22","22"
"魏的","0","22","22"
"化的","0","22","22"
"揽朝","0","22","22"
"麦子","0","22","22"
"误的","0","22","22"
"发放","0","22","22"
"大恩","0","22","22"
"是仁","0","22","22"
"动了","0","22","22"
"责怪","0","22","22"
"损坏","0","22","22"
"的希","0","22","22"
"足够","0","22","22"
"说我","0","22","22"
"听了","0","22","22"
"就行","0","22","22"
"快速","0","22","22"
"彻底","0","22","22"
"的图","0","22","22"
"急的","0","22","22"
"看法","0","22","22"
"的交","0","22","22"
"恰巧","0","22","22"
"到别","0","22","22"
"平静","0","22","22"
"低下","0","22","22"
"在马","0","22","22"
"同刘","0","22","22"
"都逃","0","22","22"
"见解","0","22","22"
"细地","0","22","22"
"了敌","0","22","22"
"哥的","0","22","22"
"通常","0","22","22"
"忧愁","0","22","22"
"看看","0","22","22"
"地都","0","22","22"
"该用","0","22","22"
"进的","0","22","22"
"的发","0","22","22"
"佛教","0","22","22"
"布的","0","22","22"
"盼望","0","22","22"
"到正","0","22","22"
"人呢","0","22","22"
"侄子","0","22","22"
"们互","0","22","22"
"送上","0","22","22"
"便将","0","22","22"
"搜集","0","22","22"
"八个","0","22","22"
"子到","0","22","22"
"了金","0","22","22"
"取他","0","22","22"
"花费","0","22","22"
"送的","0","22","22"
"为很","0","22","22"
"叹说","0","22","22"
"宋廷","0","22","22"
"的清","0","22","22"
"法处","0","22","22"
"谢说","0","22","22"
"容忍","0","22","22"
"打击","0","22","22"
"中午","0","22","22"
"是发","0","22","22"
"抓到","0","22","22"
"赵仲","0","22","22"
"再升","0","22","22"
"任本","0","22","22"
"走的","0","22","22"
"然到","0","22","22"
"慢地","0","22","22"
"情就","0","22","22"
"天没","0","22","22"
"剩余","0","22","22"
"进到","0","22","22"
"敌的","0","22","22"
"闪电","0","22","22"
"回头","0","22","22"
"追赶","0","22","22"
"拨给","0","22","22"
"过他","0","22","22"
"又写","0","22","22"
"过问","0","22","22"
"任金","0","22","22"
"掩埋","0","22","22"
"的税","0","22","22"
"表的","0","22","22"
"子叫","0","22","22"
"在押","0","22","22"
"该依","0","22","22"
"朝初","0","22","22"
"除的","0","22","22"
"了朝","0","22","22"
"的墓","0","22","22"
"次奏","0","22","22"
"他派","0","22","22"
"怎敢","0","22","22"
"时说","0","22","22"
"恭的","0","22","22"
"暗示","0","22","22"
"来辅","0","22","22"
"辗转","0","22","22"
"雷鸣","0","22","22"
"他从","0","22","22"
"他带","0","22","22"
"交谈","0","22","22"
"起他","0","22","22"
"前线","0","22","22"
"转到","0","22","22"
"朝外","0","22","22"
"运到","0","22","22"
"轮流","0","22","22"
"系到","0","22","22"
"紫哀","0","22","22"
"赦全","0","22","22"
"州遭","0","22","22"
"宗才","0","22","22"
"救令","0","22","22"
"山寨","0","22","22"
"国回","0","22","22"
"赵是","0","22","22"
"并占","0","22","22"
"忤逆","0","22","22"
"耿直","0","22","22"
"被差","0","22","22"
"今有","15","6","21"
"之期","18","3","21"
"凡诸","21","0","21"
"逋租","21","0","21"
"不调","11","10","21"
"日法","17","4","21"
"鳏寡","11","10","21"
"今世","16","5","21"
"复制","12","9","21"
"一纪","12","9","21"
"爰议","18","3","21"
"非人","19","2","21"
"无二","14","7","21"
"是今","4","17","21"
"其制","19","2","21"
"明诏","19","2","21"
"无状","20","1","21"
"是则","21","0","21"
"以易","20","1","21"
"发之","15","6","21"
"僚佐","11","10","21"
"异也","20","1","21"
"虽复","21","0","21"
"夷之","19","2","21"
"询之","11","10","21"
"既久","19","2","21"
"欲尽","21","0","21"
"暢曰","21","0","21"
"遂得","18","3","21"
"经世","13","8","21"
"惮之","21","0","21"
"忠烈","12","9","21"
"正大","13","8","21"
"贼臣","10","11","21"
"同异","15","6","21"
"治其","15","6","21"
"无意","9","12","21"
"章之","9","12","21"
"以未","20","1","21"
"所载","11","10","21"
"盖以","20","1","21"
"于众","18","3","21"
"有守","12","9","21"
"时发","7","14","21"
"用天","3","18","21"
"其气","18","3","21"
"不患","20","1","21"
"为体","12","9","21"
"理所","7","14","21"
"台之","17","4","21"
"若无","16","5","21"
"队主","17","4","21"
"湖之","17","4","21"
"之运","21","0","21"
"己以","9","12","21"
"于圣","10","11","21"
"殷勤","10","11","21"
"白水","10","11","21"
"运之","13","8","21"
"有日","12","9","21"
"然发","2","19","21"
"俗之","13","8","21"
"策之","15","6","21"
"令就","6","15","21"
"主以","15","6","21"
"闻知","13","8","21"
"乃自","21","0","21"
"国法","7","14","21"
"相关","4","17","21"
"复除","19","2","21"
"有饥","4","17","21"
"知无","15","6","21"
"答之","18","3","21"
"唯恐","9","12","21"
"寝食","13","8","21"
"臣各","11","10","21"
"军兴","18","3","21"
"洛之","10","11","21"
"即斩","12","9","21"
"天心","16","5","21"
"日起","3","18","21"
"所措","8","13","21"
"皆其","21","0","21"
"祠之","18","3","21"
"上从","4","17","21"
"逃去","6","15","21"
"入谢","20","1","21"
"因奏","16","5","21"
"其力","17","4","21"
"犒师","19","2","21"
"美官","11","10","21"
"名誉","7","14","21"
"实以","19","2","21"
"足矣","20","1","21"
"则自","17","4","21"
"司议","17","4","21"
"尚在","12","9","21"
"给还","9","12","21"
"绳之","8","13","21"
"皆曰","20","1","21"
"田三","12","9","21"
"臣者","18","3","21"
"养其","17","4","21"
"益急","21","0","21"
"来也","12","9","21"
"率诸","19","2","21"
"秋八","10","11","21"
"邑国","7","14","21"
"拾寅","10","11","21"
"举义","14","7","21"
"赞为","9","12","21"
"杜幼","9","12","21"
"官尚","8","13","21"
"属各","3","18","21"
"尺九","11","10","21"
"七分","10","11","21"
"通数","12","9","21"
"十郡","10","11","21"
"景皇","9","12","21"
"巫山","10","11","21"
"尺三","11","10","21"
"犯积","11","10","21"
"天已","3","18","21"
"雀二","12","9","21"
"魏元","11","10","21"
"东莱","12","9","21"
"公太","10","11","21"
"浚仪","11","10","21"
"城固","9","12","21"
"东地","10","11","21"
"城阳","10","11","21"
"符离","10","11","21"
"出守","14","7","21"
"欣之","12","9","21"
"书通","11","10","21"
"州豫","12","9","21"
"海而","9","12","21"
"功成","9","12","21"
"屯卫","10","11","21"
"受尊","10","11","21"
"节为","10","11","21"
"永德","10","11","21"
"院为","12","9","21"
"保裔","10","11","21"
"迪为","8","13","21"
"为衡","7","14","21"
"置宣","6","15","21"
"梁适","8","13","21"
"吴奎","8","13","21"
"弼为","8","13","21"
"史兼","11","10","21"
"书李","10","11","21"
"李清","10","11","21"
"赐上","10","11","21"
"范致","9","12","21"
"赏功","9","12","21"
"大金","10","11","21"
"南尹","10","11","21"
"刘忠","7","14","21"
"兼资","12","9","21"
"郎朱","9","12","21"
"诏广","15","6","21"
"为静","8","13","21"
"官卖","10","11","21"
"元官","19","2","21"
"田之","16","5","21"
"与外","7","14","21"
"玉隆","10","11","21"
"犯赃","16","5","21"
"诏辅","12","9","21"
"陈孝","8","13","21"
"孝庆","10","11","21"
"杨辅","9","12","21"
"出居","16","5","21"
"李心","8","13","21"
"余天","6","15","21"
"告以","17","4","21"
"沂王","10","11","21"
"加授","6","15","21"
"之立","17","4","21"
"诏宗","13","8","21"
"移司","12","9","21"
"范文","10","11","21"
"川总","11","10","21"
"以孙","12","9","21"
"杨栋","9","12","21"
"臣尝","21","0","21"
"南道","11","10","21"
"赵延","10","11","21"
"尉王","10","11","21"
"至殿","12","9","21"
"司西","15","6","21"
"前忠","12","9","21"
"供备","10","11","21"
"列宿","12","9","21"
"下民","11","10","21"
"判尚","10","11","21"
"司度","11","10","21"
"擢知","21","0","21"
"察判","10","11","21"
"司盐","10","11","21"
"宗特","5","16","21"
"试第","10","11","21"
"粮料","11","10","21"
"兼史","12","9","21"
"命秦","7","14","21"
"先自","14","7","21"
"革之","19","2","21"
"淄州","9","12","21"
"归故","11","10","21"
"知洪","12","9","21"
"遣韩","13","8","21"
"王嵩","6","15","21"
"翼之","15","6","21"
"不习","16","5","21"
"疲劳","6","15","21"
"领水","4","17","21"
"三战","14","7","21"
"克京","12","9","21"
"人下","12","9","21"
"我大","4","17","21"
"都邑","15","6","21"
"忠贞","6","15","21"
"与高","10","11","21"
"进战","16","5","21"
"民失","11","10","21"
"期不","9","12","21"
"密以","21","0","21"
"等于","13","8","21"
"人代","4","17","21"
"器之","20","1","21"
"军向","9","12","21"
"先遣","20","1","21"
"全为","9","12","21"
"按兵","10","11","21"
"孟怀","5","16","21"
"既去","20","1","21"
"并列","7","14","21"
"前命","16","5","21"
"表求","20","1","21"
"民所","16","5","21"
"每事","16","5","21"
"贤德","3","18","21"
"督南","13","8","21"
"主迁","3","18","21"
"拨乱","11","10","21"
"有犯","10","11","21"
"在台","6","15","21"
"三将","12","9","21"
"号安","17","4","21"
"蠲租","21","0","21"
"备礼","12","9","21"
"以今","16","5","21"
"诸房","11","10","21"
"一身","12","9","21"
"州南","9","12","21"
"运米","7","14","21"
"皆在","20","1","21"
"追随","2","19","21"
"业者","14","7","21"
"创业","10","11","21"
"走出","3","18","21"
"给鼓","16","5","21"
"德进","8","13","21"
"及大","14","7","21"
"武为","10","11","21"
"立南","11","10","21"
"三皇","8","13","21"
"本号","17","4","21"
"丞何","13","8","21"
"新历","10","11","21"
"贼攻","13","8","21"
"凡五","20","1","21"
"老病","10","11","21"
"除吏","19","2","21"
"尉江","11","10","21"
"祖于","12","9","21"
"相残","8","13","21"
"年长","4","17","21"
"禁绝","10","11","21"
"为郢","12","9","21"
"张悦","7","14","21"
"令建","6","15","21"
"矢石","17","4","21"
"南琅","11","10","21"
"禄官","2","19","21"
"闰五","5","16","21"
"德高","1","20","21"
"谭金","10","11","21"
"师大","19","2","21"
"使到","1","20","21"
"既无","20","1","21"
"此相","4","17","21"
"师以","17","4","21"
"殿上","8","13","21"
"县子","10","11","21"
"佩玉","9","12","21"
"侯刘","6","15","21"
"在诸","9","12","21"
"初建","15","6","21"
"盖为","13","8","21"
"人传","6","15","21"
"之阙","21","0","21"
"无射","10","11","21"
"不生","9","12","21"
"以八","15","6","21"
"秋分","9","12","21"
"用玉","2","19","21"
"裁制","10","11","21"
"旧不","9","12","21"
"器用","15","6","21"
"分三","10","11","21"
"扬雄","8","13","21"
"两端","9","12","21"
"魏之","12","9","21"
"立秋","10","11","21"
"分不","8","13","21"
"其节","17","4","21"
"中去","3","18","21"
"星所","6","15","21"
"说者","19","2","21"
"道者","20","1","21"
"南至","21","0","21"
"官考","8","13","21"
"东巡","15","6","21"
"万秋","11","10","21"
"董仲","10","11","21"
"贾充","10","11","21"
"万乘","14","7","21"
"之尊","17","4","21"
"而除","16","5","21"
"因自","15","6","21"
"武太","17","4","21"
"后李","11","10","21"
"后无","15","6","21"
"王制","12","9","21"
"服大","11","10","21"
"臣皆","20","1","21"
"士周","11","10","21"
"者与","12","9","21"
"然未","14","7","21"
"而辞","7","14","21"
"等物","9","12","21"
"魏高","11","10","21"
"害人","3","18","21"
"求立","2","19","21"
"有贵","9","12","21"
"传国","9","12","21"
"孙之","14","7","21"
"所据","18","3","21"
"而推","7","14","21"
"自书","5","16","21"
"以祖","15","6","21"
"地大","13","8","21"
"以帝","16","5","21"
"所受","13","8","21"
"配飨","21","0","21"
"地也","18","3","21"
"名儒","11","10","21"
"马相","11","10","21"
"帝平","6","15","21"
"是过","3","18","21"
"仁厚","8","13","21"
"之先","13","8","21"
"出人","5","16","21"
"声威","2","19","21"
"年问","1","20","21"
"享祀","7","14","21"
"改容","16","5","21"
"父为","13","8","21"
"正元","13","8","21"
"之因","7","14","21"
"皇之","16","5","21"
"殷祠","18","3","21"
"建太","12","9","21"
"在七","9","12","21"
"始不","10","11","21"
"有举","3","18","21"
"恭等","10","11","21"
"大飨","19","2","21"
"愚意","3","18","21"
"于女","9","12","21"
"陈列","1","20","21"
"忠正","10","11","21"
"二国","10","11","21"
"法于","15","6","21"
"可举","13","8","21"
"以舟","21","0","21"
"圣之","18","3","21"
"祀孔","11","10","21"
"以孔","12","9","21"
"位至","7","14","21"
"属车","8","13","21"
"一车","9","12","21"
"苦之","16","5","21"
"传闻","7","14","21"
"帝没","1","20","21"
"而官","11","10","21"
"与士","10","11","21"
"定五","5","16","21"
"始与","11","10","21"
"又作","8","13","21"
"以发","11","10","21"
"发其","18","3","21"
"三世","14","7","21"
"中和","4","17","21"
"置太","6","15","21"
"因袭","1","20","21"
"建城","5","16","21"
"其语","18","3","21"
"仪之","15","6","21"
"四种","4","17","21"
"汉灵","10","11","21"
"自金","21","0","21"
"夷山","11","10","21"
"威风","4","17","21"
"不怀","3","18","21"
"有它","5","16","21"
"须臾","19","2","21"
"高台","6","15","21"
"于柳","5","16","21"
"天庭","10","11","21"
"秋时","6","15","21"
"汉曲","12","9","21"
"睦亲","9","12","21"
"庆三","9","12","21"
"危机","3","18","21"
"在奎","7","14","21"
"周三","5","16","21"
"行相","4","17","21"
"次之","13","8","21"
"又明","20","1","21"
"大疫","20","1","21"
"斧钺","16","5","21"
"灭之","21","0","21"
"遂定","21","0","21"
"轸宿","7","14","21"
"专制","13","8","21"
"军与","10","11","21"
"雄等","10","11","21"
"闰八","6","15","21"
"以忧","16","5","21"
"岁大","17","4","21"
"家而","11","10","21"
"西向","9","12","21"
"有哭","11","10","21"
"衰亡","5","16","21"
"行经","7","14","21"
"屯守","4","17","21"
"犯进","8","13","21"
"索头","11","10","21"
"竺夔","6","15","21"
"悉平","21","0","21"
"河鼓","10","11","21"
"并向","1","20","21"
"贼子","7","14","21"
"及宗","10","11","21"
"至以","20","1","21"
"华阳","11","10","21"
"而阴","17","4","21"
"率群","19","2","21"
"书而","12","9","21"
"以佐","19","2","21"
"有老","7","14","21"
"方在","9","12","21"
"阳有","6","15","21"
"宫为","9","12","21"
"贫贱","8","13","21"
"能推","5","16","21"
"年矣","21","0","21"
"见后","5","16","21"
"分明","3","18","21"
"民也","16","5","21"
"昏时","1","20","21"
"者日","18","3","21"
"当太","3","18","21"
"二将","12","9","21"
"人陈","10","11","21"
"虽小","15","6","21"
"古文","10","11","21"
"仁以","15","6","21"
"诸暨","10","11","21"
"上明","6","15","21"
"乐业","4","17","21"
"兔见","21","0","21"
"者至","21","0","21"
"仗队","1","20","21"
"山有","10","11","21"
"河清","12","9","21"
"到永","1","20","21"
"我从","2","19","21"
"岁旱","21","0","21"
"率水","3","18","21"
"以逃","4","17","21"
"北来","14","7","21"
"歌谣","2","19","21"
"上时","6","15","21"
"卢龙","8","13","21"
"相告","6","15","21"
"从高","8","13","21"
"首者","15","6","21"
"不虞","21","0","21"
"时贾","11","10","21"
"城自","14","7","21"
"放火","4","17","21"
"弊政","6","15","21"
"面而","9","12","21"
"外者","19","2","21"
"相大","5","16","21"
"在将","9","12","21"
"元五","8","13","21"
"冻死","3","18","21"
"会上","5","16","21"
"平人","11","10","21"
"为海","7","14","21"
"河为","13","8","21"
"为县","12","9","21"
"郡之","15","6","21"
"会自","1","20","21"
"大字","7","14","21"
"配给","2","19","21"
"祖元","12","9","21"
"几人","8","13","21"
"王小","6","15","21"
"祖问","10","11","21"
"众来","14","7","21"
"岭表","13","8","21"
"收兵","10","11","21"
"大相","13","8","21"
"兴率","5","16","21"
"亲兵","10","11","21"
"府转","11","10","21"
"明不","6","15","21"
"有风","8","13","21"
"不倦","9","12","21"
"政为","10","11","21"
"给人","3","18","21"
"好人","4","17","21"
"亏损","6","15","21"
"老少","5","16","21"
"但因","1","20","21"
"兵有","11","10","21"
"有私","6","15","21"
"行义","12","9","21"
"流人","9","12","21"
"到洛","1","20","21"
"滥赏","11","10","21"
"今已","14","7","21"
"顾问","12","9","21"
"令知","3","18","21"
"吏为","15","6","21"
"队伍","1","20","21"
"长瑜","8","13","21"
"文才","4","17","21"
"州从","9","12","21"
"富足","2","19","21"
"不快","6","15","21"
"江湛","9","12","21"
"犯权","10","11","21"
"以富","17","4","21"
"又随","5","16","21"
"出军","8","13","21"
"不遗","10","11","21"
"青溪","10","11","21"
"闻命","17","4","21"
"归农","11","10","21"
"越多","1","20","21"
"下亦","20","1","21"
"孟虬","10","11","21"
"于战","4","17","21"
"银帛","11","10","21"
"在座","1","20","21"
"薛索","1","20","21"
"者进","8","13","21"
"煽动","1","20","21"
"寄托","1","20","21"
"被送","1","20","21"
"将皆","21","0","21"
"隐逸","4","17","21"
"辞之","19","2","21"
"成法","12","9","21"
"奏以","13","8","21"
"民居","15","6","21"
"领不","1","20","21"
"有胆","9","12","21"
"此岂","21","0","21"
"承王","1","20","21"
"又移","10","11","21"
"给一","4","17","21"
"则边","16","5","21"
"筑堤","6","15","21"
"上知","10","11","21"
"是二","4","17","21"
"时江","10","11","21"
"浚不","8","13","21"
"子嘉","12","9","21"
"子仪","10","11","21"
"后应","5","16","21"
"军数","7","14","21"
"关右","11","10","21"
"勤俭","5","16","21"
"恩信","13","8","21"
"功迁","19","2","21"
"符彦","8","13","21"
"守上","6","15","21"
"园宴","20","1","21"
"高继","10","11","21"
"屏风","5","16","21"
"陈洪","10","11","21"
"川行","11","10","21"
"巡抚","15","6","21"
"士钱","11","10","21"
"配隶","13","8","21"
"士致","19","2","21"
"赐诸","19","2","21"
"兵会","13","8","21"
"封刘","3","18","21"
"熙古","10","11","21"
"监押","10","11","21"
"失当","8","13","21"
"榷酤","14","7","21"
"皆罢","21","0","21"
"命孟","3","18","21"
"州屯","10","11","21"
"贼王","11","10","21"
"赐白","19","2","21"
"为帅","18","3","21"
"承矩","11","10","21"
"钱监","8","13","21"
"幸大","14","7","21"
"宗配","13","8","21"
"兵八","9","12","21"
"诏许","18","3","21"
"兵拒","18","3","21"
"州铸","10","11","21"
"诏开","10","11","21"
"令翰","5","16","21"
"日上","10","11","21"
"进奉","6","15","21"
"宝应","10","11","21"
"若等","13","8","21"
"两月","19","2","21"
"李遵","2","19","21"
"增筑","11","10","21"
"周怀","7","14","21"
"刺配","7","14","21"
"堡砦","19","2","21"
"荒田","8","13","21"
"钱谷","12","9","21"
"定川","9","12","21"
"与议","13","8","21"
"对天","3","18","21"
"神宝","11","10","21"
"命曾","6","15","21"
"王拱","9","12","21"
"道总","10","11","21"
"官弹","1","20","21"
"知陈","16","5","21"
"多寡","19","2","21"
"司及","11","10","21"
"知杭","14","7","21"
"正官","10","11","21"
"用司","6","15","21"
"岷州","10","11","21"
"忠进","5","16","21"
"检察","9","12","21"
"狱事","10","11","21"
"要进","1","20","21"
"任台","3","18","21"
"齐安","10","11","21"
"官升","2","19","21"
"王襄","9","12","21"
"用物","4","17","21"
"驾部","10","11","21"
"帅司","11","10","21"
"大振","9","12","21"
"命守","14","7","21"
"府官","8","13","21"
"制吴","10","11","21"
"子没","2","19","21"
"浩等","10","11","21"
"使守","11","10","21"
"海中","7","14","21"
"杜湛","10","11","21"
"判建","16","5","21"
"赏军","5","16","21"
"词科","10","11","21"
"金字","9","12","21"
"忠信","11","10","21"
"县都","1","20","21"
"囚禁","1","20","21"
"桧所","11","10","21"
"都司","10","11","21"
"人更","6","15","21"
"制钱","8","13","21"
"逃归","11","10","21"
"且请","11","10","21"
"为在","2","19","21"
"讲究","4","17","21"
"改判","11","10","21"
"红巾","6","15","21"
"秦埙","3","18","21"
"钞盐","10","11","21"
"求外","10","11","21"
"语及","21","0","21"
"余缗","18","3","21"
"便居","10","11","21"
"得请","19","2","21"
"力强","2","19","21"
"就给","1","20","21"
"熹以","12","9","21"
"资历","2","19","21"
"说友","10","11","21"
"追夺","4","17","21"
"军分","6","15","21"
"开言","7","14","21"
"罗世","5","16","21"
"子述","11","10","21"
"统张","11","10","21"
"为朕","16","5","21"
"壁垒","8","13","21"
"之盟","11","10","21"
"欺君","12","9","21"
"解体","11","10","21"
"赵楷","5","16","21"
"大作","9","12","21"
"就知","4","17","21"
"刘整","9","12","21"
"用重","3","18","21"
"朝纲","6","15","21"
"枢府","16","5","21"
"国各","2","19","21"
"外廷","12","9","21"
"差知","19","2","21"
"中还","6","15","21"
"战皆","15","6","21"
"淳风","11","10","21"
"击鼓","1","20","21"
"北各","2","19","21"
"能全","1","20","21"
"近大","1","20","21"
"臣作","3","18","21"
"堂祭","1","20","21"
"兵先","11","10","21"
"路一","2","19","21"
"宗也","2","19","21"
"助役","11","10","21"
"宁知","1","20","21"
"痊愈","1","20","21"
"往返","5","16","21"
"力进","3","18","21"
"残杀","1","20","21"
"臣百","1","20","21"
"相李","10","11","21"
"上则","5","16","21"
"归宋","5","16","21"
"罢废","1","20","21"
"朝奏","1","20","21"
"宗询","2","19","21"
"除三","5","16","21"
"选任","3","18","21"
"策论","6","15","21"
"曾上","4","17","21"
"震恐","13","8","21"
"再举","14","7","21"
"不阿","6","15","21"
"传言","5","16","21"
"隋书","1","20","21"
"对自","2","19","21"
"知湖","13","8","21"
"用水","1","20","21"
"能和","1","20","21"
"籍中","3","18","21"
"方出","1","20","21"
"私利","3","18","21"
"养成","7","14","21"
"忧国","10","11","21"
"贯通","3","18","21"
"文饰","4","17","21"
"军情","3","18","21"
"谋利","1","20","21"
"兼职","7","14","21"
"命安","2","19","21"
"各不","3","18","21"
"在和","5","16","21"
"惋惜","1","20","21"
"不前","3","18","21"
"弟赵","1","20","21"
"道成","3","18","21"
"最多","5","16","21"
"论政","3","18","21"
"能前","1","20","21"
"常同","8","13","21"
"用两","2","19","21"
"运用","2","19","21"
"逐出","1","20","21"
"人接","3","18","21"
"长远","1","20","21"
"从刘","2","19","21"
"推究","1","20","21"
"中相","5","16","21"
"布置","2","19","21"
"羊欣","1","20","21"
"就大","1","20","21"
"全族","1","20","21"
"气焰","2","19","21"
"凋敝","1","20","21"
"拔起","1","20","21"
"中率","2","19","21"
"他相","1","20","21"
"是修","1","20","21"
"陈禾","1","20","21"
"在刘","0","21","21"
"促他","0","21","21"
"榜样","0","21","21"
"在没","0","21","21"
"想着","0","21","21"
"承了","0","21","21"
"的帝","0","21","21"
"点的","0","21","21"
"就很","0","21","21"
"说没","0","21","21"
"和汉","0","21","21"
"弃了","0","21","21"
"普遍","0","21","21"
"果这","0","21","21"
"带回","0","21","21"
"伤的","0","21","21"
"朝换","0","21","21"
"应允","0","21","21"
"伟大","0","21","21"
"的现","0","21","21"
"会来","0","21","21"
"心他","0","21","21"
"都非","0","21","21"
"的责","0","21","21"
"险的","0","21","21"
"也未","0","21","21"
"活的","0","21","21"
"现日","0","21","21"
"委屈","0","21","21"
"直没","0","21","21"
"们又","0","21","21"
"省的","0","21","21"
"来回","0","21","21"
"让给","0","21","21"
"朴素","0","21","21"
"很清","0","21","21"
"贫寒","0","21","21"
"脸上","0","21","21"
"畅说","0","21","21"
"方针","0","21","21"
"愚昧","0","21","21"
"逆的","0","21","21"
"要被","0","21","21"
"获取","0","21","21"
"叫人","0","21","21"
"真诚","0","21","21"
"做文","0","21","21"
"的论","0","21","21"
"但却","0","21","21"
"吏们","0","21","21"
"长处","0","21","21"
"他改","0","21","21"
"大大","0","21","21"
"看待","0","21","21"
"也无","0","21","21"
"他开","0","21","21"
"们知","0","21","21"
"想使","0","21","21"
"官每","0","21","21"
"主动","0","21","21"
"少了","0","21","21"
"要因","0","21","21"
"聚饮","0","21","21"
"当政","0","21","21"
"奏自","0","21","21"
"复的","0","21","21"
"能在","0","21","21"
"了许","0","21","21"
"奏给","0","21","21"
"夺去","0","21","21"
"劳他","0","21","21"
"绩的","0","21","21"
"把军","0","21","21"
"他辞","0","21","21"
"等他","0","21","21"
"降了","0","21","21"
"脸色","0","21","21"
"放松","0","21","21"
"秀的","0","21","21"
"任荆","0","21","21"
"任护","0","21","21"
"束海","0","21","21"
"姿州","0","21","21"
"水寨","0","21","21"
"直径","0","21","21"
"任永","0","21","21"
"编撰","0","21","21"
"散的","0","21","21"
"奉他","0","21","21"
"刘藩","0","21","21"
"夜间","0","21","21"
"资助","0","21","21"
"射击","0","21","21"
"况是","0","21","21"
"的平","0","21","21"
"之派","0","21","21"
"抚他","0","21","21"
"休的","0","21","21"
"到襄","0","21","21"
"任长","0","21","21"
"祭坛","0","21","21"
"国库","0","21","21"
"的河","0","21","21"
"听诉","0","21","21"
"体恤","0","21","21"
"阅军","0","21","21"
"房舍","0","21","21"
"衙门","0","21","21"
"个郡","0","21","21"
"尽快","0","21","21"
"斩了","0","21","21"
"的范","0","21","21"
"来观","0","21","21"
"到都","0","21","21"
"说它","0","21","21"
"极的","0","21","21"
"管天","0","21","21"
"八天","0","21","21"
"郎的","0","21","21"
"的邪","0","21","21"
"事交","0","21","21"
"敬地","0","21","21"
"提问","0","21","21"
"的陵","0","21","21"
"也知","0","21","21"
"人却","0","21","21"
"来治","0","21","21"
"们还","0","21","21"
"官们","0","21","21"
"的石","0","21","21"
"虔诚","0","21","21"
"父庙","0","21","21"
"善的","0","21","21"
"束面","0","21","21"
"派大","0","21","21"
"者认","0","21","21"
"写作","0","21","21"
"看着","0","21","21"
"吹折","0","21","21"
"结冰","0","21","21"
"派军","0","21","21"
"生旱","0","21","21"
"的囚","0","21","21"
"次战","0","21","21"
"担负","0","21","21"
"此感","0","21","21"
"去救","0","21","21"
"姓因","0","21","21"
"人派","0","21","21"
"上想","0","21","21"
"是韩","0","21","21"
"辞了","0","21","21"
"犯有","0","21","21"
"惩治","0","21","21"
"不只","0","21","21"
"退到","0","21","21"
"益处","0","21","21"
"出卖","0","21","21"
"有紧","0","21","21"
"羌族","0","21","21"
"把所","0","21","21"
"驿站","0","21","21"
"宗想","0","21","21"
"索儿","0","21","21"
"求投","0","21","21"
"拔他","0","21","21"
"兴知","0","21","21"
"派李","0","21","21"
"队大","0","21","21"
"飞的","0","21","21"
"浚到","0","21","21"
"殿处","0","21","21"
"郊打","0","21","21"
"视病","0","21","21"
"相职","0","21","21"
"各科","0","21","21"
"到岭","0","21","21"
"回访","0","21","21"
"米贩","0","21","21"
"宁文","0","21","21"
"寻访","0","21","21"
"轼说","0","21","21"
"不晴","0","21","21"
"伐太","0","21","21"
"奏皇","0","21","21"
"请让","0","21","21"
"同敌","0","21","21"
"石王","0","21","21"
"姚罛","0","21","21"
"见刘","8","12","20"
"事推","9","11","20"
"容之","18","2","20"
"县以","12","8","20"
"旧章","16","4","20"
"想得","1","19","20"
"制一","6","14","20"
"其用","15","5","20"
"应不","5","15","20"
"始于","10","10","20"
"有制","7","13","20"
"生也","14","6","20"
"余皆","20","0","20"
"连日","12","8","20"
"宣为","12","8","20"
"既行","20","0","20"
"司行","20","0","20"
"下诸","18","2","20"
"二庙","11","9","20"
"从祖","11","9","20"
"而谓","20","0","20"
"丰年","3","17","20"
"射阳","10","10","20"
"积年","16","4","20"
"往视","19","1","20"
"治民","13","7","20"
"初以","15","5","20"
"始自","14","6","20"
"其状","19","1","20"
"宫车","17","3","20"
"实而","8","12","20"
"窃发","20","0","20"
"与吴","10","10","20"
"之符","20","0","20"
"风大","7","13","20"
"俄而","20","0","20"
"上公","10","10","20"
"深相","18","2","20"
"于房","7","13","20"
"天威","13","7","20"
"之诛","16","4","20"
"自归","18","2","20"
"典刑","13","7","20"
"亦当","20","0","20"
"周旋","14","6","20"
"重以","18","2","20"
"股肱","15","5","20"
"为诗","16","4","20"
"起之","15","5","20"
"阙上","17","3","20"
"下及","14","6","20"
"又去","4","16","20"
"一介","11","9","20"
"区区","12","8","20"
"不流","7","13","20"
"了此","4","16","20"
"且使","15","5","20"
"致之","20","0","20"
"虽在","17","3","20"
"不禁","10","10","20"
"坐之","18","2","20"
"必使","15","5","20"
"何足","16","4","20"
"建言","20","0","20"
"不移","14","6","20"
"人居","7","13","20"
"而高","8","12","20"
"曾无","19","1","20"
"与兄","16","4","20"
"过半","12","8","20"
"与为","18","2","20"
"誓不","12","8","20"
"志于","13","7","20"
"功效","3","17","20"
"出所","12","8","20"
"奄至","20","0","20"
"其神","12","8","20"
"吾之","20","0","20"
"之非","10","10","20"
"倜傥","14","6","20"
"幸而","13","7","20"
"使官","4","16","20"
"之威","16","4","20"
"忌惮","7","13","20"
"大惧","20","0","20"
"长生","9","11","20"
"土人","17","3","20"
"羁縻","15","5","20"
"便当","10","10","20"
"岂宜","20","0","20"
"甲胄","11","9","20"
"威灵","11","9","20"
"我今","4","16","20"
"共为","15","5","20"
"罚之","15","5","20"
"易以","17","3","20"
"见郡","19","1","20"
"燮之","11","9","20"
"而兵","15","5","20"
"于仁","12","8","20"
"之务","17","3","20"
"成于","14","6","20"
"道来","10","10","20"
"市之","16","4","20"
"与祠","17","3","20"
"近者","17","3","20"
"器也","17","3","20"
"黜之","19","1","20"
"激怒","7","13","20"
"王命","11","9","20"
"无实","13","7","20"
"难得","9","11","20"
"有外","6","14","20"
"而难","10","10","20"
"沐浴","7","13","20"
"之效","19","1","20"
"输钱","11","9","20"
"发泄","8","12","20"
"坐而","15","5","20"
"皆出","19","1","20"
"直指","8","12","20"
"服御","17","3","20"
"道进","9","11","20"
"宝为","11","9","20"
"贲中","10","10","20"
"昶为","11","9","20"
"封安","15","5","20"
"兴平","11","9","20"
"王嘉","9","11","20"
"辕大","10","10","20"
"三丈","10","10","20"
"致太","13","7","20"
"礼宾","11","9","20"
"番禺","10","10","20"
"陨霜","20","0","20"
"江乘","11","9","20"
"阴令","14","6","20"
"属琅","10","10","20"
"昌太","12","8","20"
"德令","16","4","20"
"门郎","10","10","20"
"归德","11","9","20"
"野蚕","10","10","20"
"沈伦","10","10","20"
"表乞","20","0","20"
"虎翼","10","10","20"
"塞军","10","10","20"
"王化","11","9","20"
"礼郎","10","10","20"
"婉仪","10","10","20"
"加右","18","2","20"
"以丁","13","7","20"
"圣元","10","10","20"
"王博","3","17","20"
"品服","20","0","20"
"孙固","10","10","20"
"及江","9","11","20"
"舶司","9","11","20"
"文安","10","10","20"
"吏员","2","18","20"
"使令","17","3","20"
"过庭","11","9","20"
"副留","8","12","20"
"赵立","8","12","20"
"军贼","10","10","20"
"湖东","10","10","20"
"遇害","11","9","20"
"贼张","12","8","20"
"叛降","9","11","20"
"南提","11","9","20"
"武勇","10","10","20"
"萧琦","9","11","20"
"王琪","4","16","20"
"置淮","12","8","20"
"录黄","12","8","20"
"百十","16","4","20"
"外朝","7","13","20"
"服三","13","7","20"
"州布","12","8","20"
"李性","9","11","20"
"以贾","13","7","20"
"大提","9","11","20"
"领马","10","10","20"
"饶虎","10","10","20"
"陈奕","10","10","20"
"赐田","13","7","20"
"皮龙","10","10","20"
"龙荣","10","10","20"
"俞兴","9","11","20"
"管江","8","12","20"
"吴江","10","10","20"
"淮为","10","10","20"
"请命","11","9","20"
"阿里","10","10","20"
"时赏","9","11","20"
"不令","15","5","20"
"天纲","10","10","20"
"玉井","10","10","20"
"郭皇","8","12","20"
"昭慈","10","10","20"
"洺州","17","3","20"
"元之","15","5","20"
"诏封","10","10","20"
"下礼","18","2","20"
"改镇","16","4","20"
"为表","10","10","20"
"学究","10","10","20"
"迁西","18","2","20"
"康州","10","10","20"
"左赞","10","10","20"
"符初","10","10","20"
"徙河","18","2","20"
"古渭","10","10","20"
"文定","10","10","20"
"曾以","4","16","20"
"丧不","12","8","20"
"陈靖","1","19","20"
"年与","9","11","20"
"无恙","12","8","20"
"守淮","7","13","20"
"为府","14","6","20"
"惟德","13","7","20"
"南迁","6","14","20"
"频繁","1","19","20"
"罚金","10","10","20"
"用文","4","16","20"
"山人","8","12","20"
"在草","5","15","20"
"湖宣","9","11","20"
"武锋","10","10","20"
"肖胄","13","7","20"
"皇考","13","7","20"
"众寡","15","5","20"
"不敌","13","7","20"
"过数","13","7","20"
"引军","18","2","20"
"于娄","9","11","20"
"高大","2","18","20"
"有备","17","3","20"
"守节","11","9","20"
"嘉太","9","11","20"
"祖东","13","7","20"
"付以","19","1","20"
"时桓","11","9","20"
"以游","16","4","20"
"大航","11","9","20"
"在毕","8","12","20"
"安城","9","11","20"
"疑之","17","3","20"
"进据","13","7","20"
"等相","10","10","20"
"皆被","17","3","20"
"三辰","11","9","20"
"滔天","8","12","20"
"功高","7","13","20"
"史如","20","0","20"
"官如","12","8","20"
"军令","9","11","20"
"直趋","6","14","20"
"弓矢","13","7","20"
"禁之","16","4","20"
"南岸","9","11","20"
"人过","11","9","20"
"后方","5","15","20"
"后相","6","14","20"
"子又","6","14","20"
"授太","18","2","20"
"所遣","20","0","20"
"书陈","6","14","20"
"不感","5","15","20"
"望在","9","11","20"
"其风","14","6","20"
"地所","8","12","20"
"为兗","20","0","20"
"下书","8","12","20"
"元勋","10","10","20"
"氏以","14","6","20"
"推之","16","4","20"
"军李","10","10","20"
"合而","7","13","20"
"故自","12","8","20"
"百日","17","3","20"
"今为","17","3","20"
"马在","2","18","20"
"甲士","16","4","20"
"康县","8","12","20"
"明门","10","10","20"
"因皇","1","19","20"
"族之","7","13","20"
"帝配","9","11","20"
"后配","10","10","20"
"诸门","17","3","20"
"行幸","16","4","20"
"天竺","10","10","20"
"于秦","16","4","20"
"杨难","8","12","20"
"南顿","11","9","20"
"领司","15","5","20"
"庆以","17","3","20"
"属郡","9","11","20"
"公文","3","17","20"
"新作","13","7","20"
"事陈","13","7","20"
"刘康","8","12","20"
"外戒","13","7","20"
"宁蛮","10","10","20"
"硃修","20","0","20"
"定京","9","11","20"
"王昙","10","10","20"
"生为","12","8","20"
"善政","8","12","20"
"者官","10","10","20"
"内属","12","8","20"
"按行","18","2","20"
"复西","11","9","20"
"致敬","8","12","20"
"祸及","12","8","20"
"程天","9","11","20"
"景远","10","10","20"
"史巴","10","10","20"
"晋平","11","9","20"
"靖为","10","10","20"
"置新","8","12","20"
"史孙","10","10","20"
"同被","3","17","20"
"大位","17","3","20"
"任不","7","13","20"
"田者","13","7","20"
"佛荣","10","10","20"
"为越","8","12","20"
"令曰","19","1","20"
"回为","8","12","20"
"薛道","6","14","20"
"拥众","19","1","20"
"沟渠","4","16","20"
"嘉中","18","2","20"
"而文","11","9","20"
"云门","10","10","20"
"下生","13","7","20"
"一石","9","11","20"
"重而","9","11","20"
"十律","9","11","20"
"五声","10","10","20"
"工人","12","8","20"
"皆与","19","1","20"
"用六","4","16","20"
"权衡","10","10","20"
"首言","20","0","20"
"于六","14","6","20"
"在牵","10","10","20"
"而光","11","9","20"
"臣如","13","7","20"
"年数","6","14","20"
"在度","9","11","20"
"以月","12","8","20"
"大分","11","9","20"
"南角","6","14","20"
"在周","5","15","20"
"之并","18","2","20"
"赤帝","10","10","20"
"在牛","6","14","20"
"古礼","8","12","20"
"令图","11","9","20"
"寝庙","5","15","20"
"祠祀","6","14","20"
"绝之","18","2","20"
"都护","9","11","20"
"谒见","8","12","20"
"谒陵","6","14","20"
"中期","2","18","20"
"蔚之","11","9","20"
"为议","6","14","20"
"此必","18","2","20"
"又拜","5","15","20"
"宋明","8","12","20"
"封之","15","5","20"
"孙武","9","11","20"
"宜为","17","3","20"
"丞刘","11","9","20"
"史大","8","12","20"
"已行","18","2","20"
"权不","11","9","20"
"无疆","11","9","20"
"告于","16","4","20"
"于洛","16","4","20"
"今大","16","4","20"
"陇右","11","9","20"
"故太","15","5","20"
"后奏","10","10","20"
"雍之","12","8","20"
"木之","15","5","20"
"光美","10","10","20"
"华夏","5","15","20"
"以厚","14","6","20"
"又见","16","4","20"
"帝进","4","16","20"
"新庙","7","13","20"
"一室","12","8","20"
"迁庙","2","18","20"
"在宣","1","19","20"
"朝旧","5","15","20"
"又荐","16","4","20"
"太公","11","9","20"
"期而","16","4","20"
"牛羊","5","15","20"
"于宗","9","11","20"
"为祭","5","15","20"
"变之","15","5","20"
"犹可","18","2","20"
"有轻","9","11","20"
"后便","2","18","20"
"一国","9","11","20"
"之朝","20","0","20"
"其论","17","3","20"
"间之","12","8","20"
"在经","2","18","20"
"尽得","15","5","20"
"吏卒","13","7","20"
"令礼","4","16","20"
"使致","18","2","20"
"臣欲","20","0","20"
"代圣","6","14","20"
"八卦","9","11","20"
"士二","13","7","20"
"手指","3","17","20"
"人会","4","16","20"
"天冠","9","11","20"
"府及","16","4","20"
"五丈","10","10","20"
"以银","19","1","20"
"五彩","2","18","20"
"会诸","18","2","20"
"宴乐","11","9","20"
"于当","8","12","20"
"琵琶","10","10","20"
"手执","3","17","20"
"夙夜","15","5","20"
"七政","11","9","20"
"西蜀","10","10","20"
"书告","9","11","20"
"正其","18","2","20"
"和时","4","16","20"
"何长","5","15","20"
"敢与","8","12","20"
"水清","9","11","20"
"生擒","11","9","20"
"于官","12","8","20"
"四少","2","18","20"
"差一","5","15","20"
"又立","15","5","20"
"而吴","9","11","20"
"在胃","9","11","20"
"至六","15","5","20"
"建星","8","12","20"
"怒之","14","6","20"
"如雨","9","11","20"
"星也","14","6","20"
"康末","10","10","20"
"中台","10","10","20"
"而星","3","17","20"
"相忧","20","0","20"
"自西","18","2","20"
"子自","12","8","20"
"引退","12","8","20"
"有隙","19","1","20"
"发扬","4","16","20"
"别将","15","5","20"
"时文","8","12","20"
"逼京","8","12","20"
"之及","17","3","20"
"兵及","15","5","20"
"日生","18","2","20"
"有废","7","13","20"
"大丰","3","17","20"
"二心","5","15","20"
"尽言","17","3","20"
"自建","11","9","20"
"政教","8","12","20"
"成不","6","14","20"
"神马","10","10","20"
"三匹","4","16","20"
"国十","15","5","20"
"阳夏","10","10","20"
"徙封","15","5","20"
"王骏","9","11","20"
"不害","7","13","20"
"宛陵","11","9","20"
"盐官","10","10","20"
"雉见","20","0","20"
"宝曰","20","0","20"
"国相","3","17","20"
"未平","14","6","20"
"毒药","3","17","20"
"而守","13","7","20"
"同讨","6","14","20"
"非时","16","4","20"
"下忧","13","7","20"
"舒缓","8","12","20"
"修明","7","13","20"
"时孝","7","13","20"
"以答","15","5","20"
"久安","10","10","20"
"田不","12","8","20"
"方大","9","11","20"
"一头","3","17","20"
"家危","1","19","20"
"见此","8","12","20"
"导之","17","3","20"
"入江","11","9","20"
"宁宫","10","10","20"
"诘之","20","0","20"
"有采","1","19","20"
"口二","12","8","20"
"年更","12","8","20"
"安令","10","10","20"
"领十","3","17","20"
"康国","10","10","20"
"为老","8","12","20"
"宣示","9","11","20"
"于陈","10","10","20"
"昌之","11","9","20"
"失信","9","11","20"
"临阵","10","10","20"
"骑数","16","4","20"
"子恭","11","9","20"
"重复","5","15","20"
"涕泣","18","2","20"
"叹服","7","13","20"
"运不","11","9","20"
"举朝","16","4","20"
"异论","17","3","20"
"富国","8","12","20"
"之刑","15","5","20"
"民财","9","11","20"
"库藏","4","16","20"
"班次","6","14","20"
"最高","1","19","20"
"公为","8","12","20"
"即遣","20","0","20"
"令而","4","16","20"
"与语","20","0","20"
"进曰","20","0","20"
"嫡孙","6","14","20"
"字景","10","10","20"
"上即","10","10","20"
"官举","11","9","20"
"盗者","18","2","20"
"领二","7","13","20"
"进太","17","3","20"
"帝乘","5","15","20"
"宗人","13","7","20"
"国报","7","13","20"
"臣论","14","6","20"
"据天","1","19","20"
"举北","10","10","20"
"其辞","15","5","20"
"资粮","14","6","20"
"钱六","11","9","20"
"薛常","8","12","20"
"面陈","10","10","20"
"之再","9","11","20"
"文和","5","15","20"
"升朝","11","9","20"
"除大","7","13","20"
"母老","20","0","20"
"钱及","14","6","20"
"荒芜","4","16","20"
"下当","12","8","20"
"中取","7","13","20"
"乃欲","19","1","20"
"道辅","11","9","20"
"可恃","18","2","20"
"先攻","2","18","20"
"伦等","10","10","20"
"在庐","4","16","20"
"过河","10","10","20"
"灵越","9","11","20"
"都未","1","19","20"
"一意","8","12","20"
"傅说","6","14","20"
"专断","1","19","20"
"作一","3","17","20"
"疆界","5","15","20"
"赤子","15","5","20"
"以边","14","6","20"
"朝一","4","16","20"
"势已","8","12","20"
"懦弱","3","17","20"
"庆国","10","10","20"
"击贼","15","5","20"
"来问","4","16","20"
"浚入","15","5","20"
"正说","1","19","20"
"偷生","6","14","20"
"出仕","2","18","20"
"下虽","9","11","20"
"祭文","5","15","20"
"解说","2","18","20"
"以决","11","9","20"
"直抵","7","13","20"
"唐主","9","11","20"
"定难","8","12","20"
"主李","7","13","20"
"给复","20","0","20"
"武节","10","10","20"
"部举","11","9","20"
"书判","10","10","20"
"吐蕃","10","10","20"
"十州","10","10","20"
"习射","9","11","20"
"亲试","19","1","20"
"教船","10","10","20"
"船池","10","10","20"
"谏科","10","10","20"
"秋税","8","12","20"
"方员","10","10","20"
"河溢","17","3","20"
"部官","10","10","20"
"诏吴","16","4","20"
"军钱","12","8","20"
"养子","9","11","20"
"为恩","8","12","20"
"国号","6","14","20"
"杖杀","10","10","20"
"南丹","10","10","20"
"两县","9","11","20"
"其半","19","1","20"
"安殿","10","10","20"
"请留","14","6","20"
"常赦","12","8","20"
"观灯","9","11","20"
"广济","10","10","20"
"边诸","17","3","20"
"书诏","7","13","20"
"台观","8","12","20"
"正使","14","6","20"
"白沟","10","10","20"
"丰州","9","11","20"
"蠲诸","20","0","20"
"本军","12","8","20"
"之六","12","8","20"
"臣巡","1","19","20"
"者得","15","5","20"
"林大","9","11","20"
"人给","4","16","20"
"官转","10","10","20"
"边吏","15","5","20"
"赏格","17","3","20"
"用使","9","11","20"
"耕牛","4","16","20"
"为额","17","3","20"
"编敕","16","4","20"
"经度","12","8","20"
"仪卫","10","10","20"
"市上","1","19","20"
"行修","11","9","20"
"察在","11","9","20"
"官名","5","15","20"
"诏前","9","11","20"
"放归","9","11","20"
"修举","13","7","20"
"朝国","6","14","20"
"供米","10","10","20"
"辰州","9","11","20"
"薛奎","9","11","20"
"来吊","10","10","20"
"司一","4","16","20"
"亲宅","10","10","20"
"夏守","9","11","20"
"任者","13","7","20"
"曦为","7","13","20"
"法事","11","9","20"
"崇国","10","10","20"
"师还","20","0","20"
"不考","2","18","20"
"和药","7","13","20"
"同听","13","7","20"
"辽遣","20","0","20"
"于辽","14","6","20"
"光献","10","10","20"
"王宣","8","12","20"
"平等","8","12","20"
"食而","10","10","20"
"朱氏","10","10","20"
"高永","6","14","20"
"幽蓟","9","11","20"
"会计","10","10","20"
"为英","4","16","20"
"彭汝","10","10","20"
"复试","4","16","20"
"戚里","16","4","20"
"拱州","10","10","20"
"安德","10","10","20"
"播州","8","12","20"
"命蔡","3","17","20"
"义郡","10","10","20"
"督责","6","14","20"
"肃王","10","10","20"
"被贼","6","14","20"
"来索","10","10","20"
"军心","5","15","20"
"沮之","20","0","20"
"定军","9","11","20"
"直徽","10","10","20"
"感泣","19","1","20"
"一空","6","14","20"
"应于","1","19","20"
"赵不","5","15","20"
"人驻","1","19","20"
"俊以","15","5","20"
"降旨","7","13","20"
"攻淮","8","12","20"
"川财","10","10","20"
"张中","9","11","20"
"解元","10","10","20"
"具奏","20","0","20"
"帝赐","10","10","20"
"额钱","10","10","20"
"税场","10","10","20"
"泰二","6","14","20"
"入辞","19","1","20"
"杖脊","9","11","20"
"月桩","11","9","20"
"刘大","8","12","20"
"乌陵","8","12","20"
"陵思","8","12","20"
"璘为","12","8","20"
"以援","16","4","20"
"光远","10","10","20"
"利而","6","14","20"
"桧上","11","9","20"
"给秦","1","19","20"
"承接","1","19","20"
"恤诏","10","10","20"
"及他","4","16","20"
"百亩","8","12","20"
"事报","1","19","20"
"部七","10","10","20"
"所欠","4","16","20"
"营兵","10","10","20"
"顺序","1","19","20"
"强记","11","9","20"
"王抃","20","0","20"
"军离","1","19","20"
"安宅","10","10","20"
"长编","11","9","20"
"失于","9","11","20"
"文请","8","12","20"
"征税","7","13","20"
"慈明","10","10","20"
"交章","19","1","20"
"己见","4","16","20"
"猖獗","9","11","20"
"思州","8","12","20"
"熹为","5","15","20"
"酒库","10","10","20"
"徐谊","9","11","20"
"过宫","17","3","20"
"执丧","15","5","20"
"傅伯","9","11","20"
"部出","5","15","20"
"武要","10","10","20"
"李珏","11","9","20"
"捷闻","20","0","20"
"纲常","6","14","20"
"再入","15","5","20"
"任责","19","1","20"
"府卿","10","10","20"
"围有","2","18","20"
"同行","4","16","20"
"陵知","1","19","20"
"修注","11","9","20"
"给银","3","17","20"
"撤兵","1","19","20"
"之碑","10","10","20"
"书朝","1","19","20"
"之敝","20","0","20"
"及于","18","2","20"
"吴浚","8","12","20"
"能战","7","13","20"
"近日","8","12","20"
"出没","8","12","20"
"颇为","8","12","20"
"消长","14","6","20"
"在本","2","18","20"
"果用","3","17","20"
"而定","6","14","20"
"上正","1","19","20"
"在第","3","17","20"
"明正","6","14","20"
"求贤","8","12","20"
"下星","10","10","20"
"星一","7","13","20"
"下谋","10","10","20"
"在阳","4","16","20"
"虚宿","4","16","20"
"寿命","3","17","20"
"在汉","4","16","20"
"刘皇","1","19","20"
"预知","10","10","20"
"出示","1","19","20"
"亲生","1","19","20"
"宝六","6","14","20"
"仍在","1","19","20"
"敌骑","14","6","20"
"桧大","11","9","20"
"会大","13","7","20"
"风而","6","14","20"
"止用","5","15","20"
"上策","6","14","20"
"朝有","5","15","20"
"冲入","1","19","20"
"因议","3","17","20"
"金五","14","6","20"
"纯正","2","18","20"
"复拜","20","0","20"
"扰边","8","12","20"
"事得","7","13","20"
"简直","2","18","20"
"且还","2","18","20"
"有士","6","14","20"
"移文","17","3","20"
"下还","3","17","20"
"位上","1","19","20"
"择将","9","11","20"
"就使","2","18","20"
"以恢","7","13","20"
"田野","3","17","20"
"结怨","10","10","20"
"除兵","9","11","20"
"能任","3","17","20"
"除四","2","18","20"
"赵师","4","16","20"
"言和","15","5","20"
"君命","8","12","20"
"廉耻","6","14","20"
"官印","1","19","20"
"仕途","2","18","20"
"能免","5","15","20"
"许可","4","16","20"
"才消","1","19","20"
"报上","3","17","20"
"兵时","2","18","20"
"准的","1","19","20"
"得逞","4","16","20"
"是攻","1","19","20"
"制府","8","12","20"
"感应","1","19","20"
"是取","1","19","20"
"包括","2","18","20"
"编置","11","9","20"
"安然","2","18","20"
"张耒","2","18","20"
"有超","1","19","20"
"张致","4","16","20"
"钱乙","1","19","20"
"他多","1","19","20"
"野外","1","19","20"
"时时","3","17","20"
"用刘","4","16","20"
"细小","1","19","20"
"绍述","10","10","20"
"石说","1","19","20"
"乐城","1","19","20"
"开导","2","18","20"
"告他","1","19","20"
"忠被","1","19","20"
"是召","2","18","20"
"上和","1","19","20"
"是明","1","19","20"
"兴六","1","19","20"
"会在","1","19","20"
"是凶","1","19","20"
"年没","0","20","20"
"差错","0","20","20"
"他却","0","20","20"
"刚即","0","20","20"
"放了","0","20","20"
"制订","0","20","20"
"路途","0","20","20"
"差异","0","20","20"
"讲的","0","20","20"
"地和","0","20","20"
"很远","0","20","20"
"用什","0","20","20"
"我对","0","20","20"
"决请","0","20","20"
"的辅","0","20","20"
"坛台","0","20","20"
"牲畜","0","20","20"
"宣扬","0","20","20"
"极点","0","20","20"
"是现","0","20","20"
"探求","0","20","20"
"么一","0","20","20"
"起到","0","20","20"
"它为","0","20","20"
"么来","0","20","20"
"姓得","0","20","20"
"的局","0","20","20"
"是它","0","20","20"
"受伤","0","20","20"
"的宋","0","20","20"
"示着","0","20","20"
"作物","0","20","20"
"我又","0","20","20"
"铲除","0","20","20"
"他送","0","20","20"
"纵然","0","20","20"
"叫来","0","20","20"
"和人","0","20","20"
"那人","0","20","20"
"的提","0","20","20"
"人只","0","20","20"
"活下","0","20","20"
"每个","0","20","20"
"的优","0","20","20"
"我看","0","20","20"
"场上","0","20","20"
"就又","0","20","20"
"在如","0","20","20"
"该是","0","20","20"
"比这","0","20","20"
"老天","0","20","20"
"憎恨","0","20","20"
"是安","0","20","20"
"都归","0","20","20"
"这方","0","20","20"
"解他","0","20","20"
"他仍","0","20","20"
"理好","0","20","20"
"田的","0","20","20"
"厚道","0","20","20"
"于被","0","20","20"
"的世","0","20","20"
"廷给","0","20","20"
"发作","0","20","20"
"多都","0","20","20"
"回信","0","20","20"
"的知","0","20","20"
"到荆","0","20","20"
"他学","0","20","20"
"廷军","0","20","20"
"上让","0","20","20"
"们来","0","20","20"
"能抵","0","20","20"
"战火","0","20","20"
"的空","0","20","20"
"处都","0","20","20"
"立下","0","20","20"
"了就","0","20","20"
"注定","0","20","20"
"略的","0","20","20"
"历来","0","20","20"
"让皇","0","20","20"
"经被","0","20","20"
"原的","0","20","20"
"那一","0","20","20"
"济的","0","20","20"
"看成","0","20","20"
"的被","0","20","20"
"合皇","0","20","20"
"好地","0","20","20"
"们得","0","20","20"
"年到","0","20","20"
"放他","0","20","20"
"怕的","0","20","20"
"都给","0","20","20"
"贡当","0","20","20"
"们出","0","20","20"
"院的","0","20","20"
"父王","0","20","20"
"讲话","0","20","20"
"诉皇","0","20","20"
"呵斥","0","20","20"
"并对","0","20","20"
"他离","0","20","20"
"要来","0","20","20"
"是收","0","20","20"
"的理","0","20","20"
"却说","0","20","20"
"们大","0","20","20"
"就杀","0","20","20"
"周到","0","20","20"
"纳的","0","20","20"
"防的","0","20","20"
"储藏","0","20","20"
"后很","0","20","20"
"他三","0","20","20"
"米的","0","20","20"
"并派","0","20","20"
"堂的","0","20","20"
"海的","0","20","20"
"康的","0","20","20"
"刘铄","0","20","20"
"未日","0","20","20"
"追回","0","20","20"
"是白","0","20","20"
"任工","0","20","20"
"份知","0","20","20"
"就停","0","20","20"
"烧了","0","20","20"
"任扬","0","20","20"
"倡导","0","20","20"
"徐兖","0","20","20"
"劝告","0","20","20"
"老的","0","20","20"
"就请","0","20","20"
"他作","0","20","20"
"要出","0","20","20"
"代他","0","20","20"
"乐队","0","20","20"
"一的","0","20","20"
"正处","0","20","20"
"宫外","0","20","20"
"你所","0","20","20"
"任陈","0","20","20"
"勤勉","0","20","20"
"氏去","0","20","20"
"敬上","0","20","20"
"同伙","0","20","20"
"个县","0","20","20"
"县中","0","20","20"
"的律","0","20","20"
"就好","0","20","20"
"做过","0","20","20"
"来都","0","20","20"
"六天","0","20","20"
"象的","0","20","20"
"法说","0","20","20"
"宣读","0","20","20"
"每到","0","20","20"
"指向","0","20","20"
"愚的","0","20","20"
"着又","0","20","20"
"然应","0","20","20"
"人建","0","20","20"
"丧完","0","20","20"
"下没","0","20","20"
"勋的","0","20","20"
"在祭","0","20","20"
"幸运","0","20","20"
"的欢","0","20","20"
"之认","0","20","20"
"舞的","0","20","20"
"压制","0","20","20"
"而把","0","20","20"
"和李","0","20","20"
"星代","0","20","20"
"上把","0","20","20"
"在它","0","20","20"
"很惊","0","20","20"
"叹道","0","20","20"
"的储","0","20","20"
"宗任","0","20","20"
"兔出","0","20","20"
"的盗","0","20","20"
"似的","0","20","20"
"就自","0","20","20"
"事说","0","20","20"
"没成","0","20","20"
"他斩","0","20","20"
"行处","0","20","20"
"配到","0","20","20"
"交换","0","20","20"
"弃的","0","20","20"
"粮的","0","20","20"
"也只","0","20","20"
"统计","0","20","20"
"大米","0","20","20"
"上级","0","20","20"
"久兼","0","20","20"
"盐的","0","20","20"
"恶他","0","20","20"
"失掉","0","20","20"
"的虚","0","20","20"
"充州","0","20","20"
"州每","0","20","20"
"茶叶","0","20","20"
"能可","0","20","20"
"把李","0","20","20"
"年拖","0","20","20"
"罢各","0","20","20"
"宗逝","0","20","20"
"宗把","0","20","20"
"司每","0","20","20"
"别推","0","20","20"
"丹的","0","20","20"
"搞赏","0","20","20"
"到批","0","20","20"
"求学","0","20","20"
"将金","0","20","20"
"豫的","0","20","20"
"黎民","5","14","19"
"臣自","14","5","19"
"怀之","16","3","19"
"若一","13","6","19"
"方上","7","12","19"
"清浊","16","3","19"
"其器","17","2","19"
"声调","2","17","19"
"钟为","10","9","19"
"贵者","12","7","19"
"寿王","11","8","19"
"断大","12","7","19"
"得所","16","3","19"
"岁之","18","1","19"
"以请","16","3","19"
"司又","15","4","19"
"母之","12","7","19"
"以存","14","5","19"
"立明","10","9","19"
"与否","5","14","19"
"有怀","10","9","19"
"始出","9","10","19"
"烝尝","19","0","19"
"亲祠","19","0","19"
"何处","5","14","19"
"任重","6","13","19"
"所处","10","9","19"
"有命","15","4","19"
"今无","17","2","19"
"来苏","12","7","19"
"术数","8","11","19"
"人遂","18","1","19"
"所感","4","15","19"
"有钱","6","13","19"
"然也","14","5","19"
"乃令","19","0","19"
"又其","16","3","19"
"深思","6","13","19"
"夷灭","16","3","19"
"次发","3","16","19"
"威震","8","11","19"
"擒其","19","0","19"
"自征","2","17","19"
"更张","14","5","19"
"其善","14","5","19"
"犹如","4","15","19"
"但以","14","5","19"
"此任","6","13","19"
"治疗","1","18","19"
"与群","14","5","19"
"嗟叹","5","14","19"
"于小","11","8","19"
"自非","18","1","19"
"致其","19","0","19"
"言动","17","2","19"
"不谓","19","0","19"
"精微","9","10","19"
"整理","2","17","19"
"氏所","12","7","19"
"又闻","19","0","19"
"欲相","18","1","19"
"随事","13","6","19"
"体之","15","4","19"
"近于","5","14","19"
"所与","18","1","19"
"心者","18","1","19"
"盖有","15","4","19"
"以戒","15","4","19"
"在可","2","17","19"
"明有","10","9","19"
"厚之","13","6","19"
"使无","16","3","19"
"中散","10","9","19"
"己为","6","13","19"
"学为","12","7","19"
"财利","7","12","19"
"奔散","19","0","19"
"固已","19","0","19"
"官自","15","4","19"
"众而","11","8","19"
"贾谊","10","9","19"
"荣之","16","3","19"
"国门","14","5","19"
"去者","17","2","19"
"汉氏","18","1","19"
"其臣","18","1","19"
"不俟","19","0","19"
"皆谓","19","0","19"
"即便","11","8","19"
"不即","19","0","19"
"才是","1","18","19"
"疲倦","1","18","19"
"佞人","13","6","19"
"宜依","19","0","19"
"入台","15","4","19"
"欢呼","6","13","19"
"其责","15","4","19"
"统天","8","11","19"
"服用","10","9","19"
"死节","14","5","19"
"他可","2","17","19"
"草泽","13","6","19"
"以台","18","1","19"
"处决","1","18","19"
"复奏","17","2","19"
"帝顾","16","3","19"
"陈其","18","1","19"
"地在","5","14","19"
"可无","16","3","19"
"余言","12","7","19"
"肩舆","18","1","19"
"任贤","13","6","19"
"息民","15","4","19"
"执其","19","0","19"
"转而","7","12","19"
"马以","12","7","19"
"发而","10","9","19"
"后遂","18","1","19"
"令行","9","10","19"
"善类","18","1","19"
"所传","9","10","19"
"所隐","8","11","19"
"军道","13","6","19"
"崇宪","10","9","19"
"军垣","9","10","19"
"平晋","10","9","19"
"军武","9","10","19"
"阳秣","10","9","19"
"骑长","11","8","19"
"令书","13","6","19"
"怀皇","8","11","19"
"震为","7","12","19"
"尉司","9","10","19"
"裨将","13","6","19"
"龙门","10","9","19"
"史司","9","10","19"
"祖入","16","3","19"
"率其","17","2","19"
"帝神","6","13","19"
"西河","10","9","19"
"献白","18","1","19"
"地生","13","6","19"
"始八","10","9","19"
"江诸","15","4","19"
"有平","2","17","19"
"南沛","9","10","19"
"武进","11","8","19"
"平昌","10","9","19"
"方与","14","5","19"
"宗泰","10","9","19"
"西中","9","10","19"
"琦为","10","9","19"
"为关","6","13","19"
"州旱","19","0","19"
"苏易","8","11","19"
"内黄","9","10","19"
"镇宁","10","9","19"
"范廷","8","11","19"
"士赵","10","9","19"
"药物","3","16","19"
"后父","11","8","19"
"德用","9","10","19"
"高若","9","10","19"
"以曾","15","4","19"
"刑名","10","9","19"
"曹佾","10","9","19"
"镇国","9","10","19"
"中罢","13","6","19"
"字德","9","10","19"
"卢益","9","10","19"
"管机","9","10","19"
"中刘","9","10","19"
"康都","10","9","19"
"州管","8","11","19"
"民耕","13","6","19"
"辅为","8","11","19"
"盐井","9","10","19"
"宅之","11","8","19"
"司为","12","7","19"
"羁管","12","7","19"
"星如","13","6","19"
"马天","9","10","19"
"里以","8","11","19"
"光等","9","10","19"
"中知","12","7","19"
"府寺","9","10","19"
"加张","10","9","19"
"知安","13","6","19"
"许自","9","10","19"
"炎为","7","12","19"
"稼穑","13","6","19"
"主大","12","7","19"
"贯索","8","11","19"
"天田","7","12","19"
"在尾","10","9","19"
"燕国","6","13","19"
"之孙","19","0","19"
"妃为","8","11","19"
"谢深","8","11","19"
"至亲","8","11","19"
"献王","8","11","19"
"西头","10","9","19"
"忠献","10","9","19"
"责降","11","8","19"
"全州","8","11","19"
"能同","3","16","19"
"州招","7","12","19"
"附者","13","6","19"
"史编","10","9","19"
"历中","7","12","19"
"字公","10","9","19"
"户曹","10","9","19"
"阳翟","11","8","19"
"迁工","17","2","19"
"直昭","9","10","19"
"读史","10","9","19"
"诗歌","1","18","19"
"管侍","9","10","19"
"飞虎","8","11","19"
"事见","9","10","19"
"水部","10","9","19"
"司勋","10","9","19"
"礼说","2","17","19"
"河图","7","12","19"
"考证","3","16","19"
"至如","13","6","19"
"虹县","9","10","19"
"祐二","16","3","19"
"廷遣","18","1","19"
"退不","13","6","19"
"北平","9","10","19"
"平山","10","9","19"
"习战","16","3","19"
"斗志","6","13","19"
"从我","1","18","19"
"军镇","7","12","19"
"凭之","9","10","19"
"臧熹","1","18","19"
"士五","13","6","19"
"并被","3","16","19"
"未发","11","8","19"
"内应","8","11","19"
"白之","14","5","19"
"下何","14","5","19"
"扬武","8","11","19"
"军诸","11","8","19"
"感慨","4","15","19"
"一队","7","12","19"
"先士","8","11","19"
"子侄","8","11","19"
"得乎","19","0","19"
"复位","6","13","19"
"理应","5","14","19"
"皇极","14","5","19"
"据之","17","2","19"
"千计","11","8","19"
"于齐","9","10","19"
"见我","9","10","19"
"能当","12","7","19"
"姑孰","10","9","19"
"既定","15","4","19"
"二丈","11","8","19"
"军徐","9","10","19"
"先于","13","6","19"
"亲党","13","6","19"
"军十","7","12","19"
"不攻","7","12","19"
"今者","19","0","19"
"丧未","6","13","19"
"表天","4","15","19"
"尹刘","10","9","19"
"自京","17","2","19"
"子文","10","9","19"
"求告","2","17","19"
"登岸","12","7","19"
"东迁","12","7","19"
"康为","11","8","19"
"府所","5","14","19"
"所发","11","8","19"
"可立","15","4","19"
"无私","6","13","19"
"已出","13","6","19"
"先父","2","17","19"
"位二","12","7","19"
"有勇","6","13","19"
"汉川","9","10","19"
"使巡","18","1","19"
"尉刘","9","10","19"
"晋宁","10","9","19"
"虏寇","18","1","19"
"济之","16","3","19"
"以林","13","6","19"
"日大","12","7","19"
"忠肃","10","9","19"
"为虏","17","2","19"
"康祖","9","10","19"
"命司","5","14","19"
"临贺","10","9","19"
"建庙","6","13","19"
"马一","8","11","19"
"侨郡","4","15","19"
"小大","16","3","19"
"刘季","8","11","19"
"季之","12","7","19"
"法从","17","2","19"
"愚为","9","10","19"
"所由","17","2","19"
"孝悌","9","10","19"
"为历","10","9","19"
"令为","5","14","19"
"月给","15","4","19"
"氏薨","19","0","19"
"南巡","11","8","19"
"王侯","7","12","19"
"誓死","7","12","19"
"同逆","18","1","19"
"宣太","9","10","19"
"除右","16","3","19"
"为刺","13","6","19"
"今虽","18","1","19"
"临御","16","3","19"
"王蕴","8","11","19"
"道和","6","13","19"
"始建","7","12","19"
"于御","13","6","19"
"千钱","7","12","19"
"乐人","10","9","19"
"身于","3","16","19"
"夏之","12","7","19"
"不比","4","15","19"
"冬夏","10","9","19"
"律不","2","17","19"
"养马","6","13","19"
"昔日","9","10","19"
"等与","14","5","19"
"用二","13","6","19"
"声应","14","5","19"
"右手","8","11","19"
"比之","15","4","19"
"令吏","4","15","19"
"则一","13","6","19"
"徒府","5","14","19"
"始用","11","8","19"
"年始","17","2","19"
"置一","7","12","19"
"分满","10","9","19"
"岁中","11","8","19"
"下是","2","17","19"
"各得","9","10","19"
"为入","9","10","19"
"后而","5","14","19"
"以汉","9","10","19"
"臣因","2","17","19"
"命四","15","4","19"
"右方","2","17","19"
"关事","2","17","19"
"王所","12","7","19"
"自后","17","2","19"
"于水","11","8","19"
"文治","4","15","19"
"又开","6","13","19"
"犯者","12","7","19"
"文不","12","7","19"
"亦知","19","0","19"
"前奏","11","8","19"
"更重","1","18","19"
"人加","3","16","19"
"安有","12","7","19"
"加尊","8","11","19"
"草创","11","8","19"
"内官","11","8","19"
"之祭","14","5","19"
"京之","13","6","19"
"主在","7","12","19"
"母弟","9","10","19"
"水火","9","10","19"
"道与","11","8","19"
"祖配","10","9","19"
"有阙","16","3","19"
"有虞","12","7","19"
"所祭","7","12","19"
"帝都","2","17","19"
"使皇","1","18","19"
"上司","3","16","19"
"主天","18","1","19"
"稽山","10","9","19"
"管仲","7","12","19"
"桓公","4","15","19"
"明圣","9","10","19"
"下受","12","7","19"
"之劳","17","2","19"
"他年","2","17","19"
"于禁","14","5","19"
"声闻","17","2","19"
"氏春","10","9","19"
"臣愚","17","2","19"
"军会","10","9","19"
"则又","13","6","19"
"者自","13","6","19"
"就如","1","18","19"
"时晋","8","11","19"
"又告","5","14","19"
"自经","17","2","19"
"代相","3","16","19"
"不告","9","10","19"
"事是","3","16","19"
"故而","6","13","19"
"正名","10","9","19"
"继嗣","9","10","19"
"谥为","3","16","19"
"民而","16","3","19"
"川之","11","8","19"
"释奠","13","6","19"
"金华","11","8","19"
"人取","11","8","19"
"试之","15","4","19"
"之乎","19","0","19"
"是言","6","13","19"
"宋江","4","15","19"
"以采","2","17","19"
"入关","12","7","19"
"没于","16","3","19"
"黄赤","10","9","19"
"郡都","1","18","19"
"骑士","9","10","19"
"而尊","7","12","19"
"二舞","10","9","19"
"乐为","8","11","19"
"陈之","16","3","19"
"是祭","1","18","19"
"给诸","9","10","19"
"之女","8","11","19"
"帝尧","8","11","19"
"有力","9","10","19"
"终也","4","15","19"
"其副","15","4","19"
"亿万","7","12","19"
"东有","11","8","19"
"不理","7","12","19"
"愿为","14","5","19"
"马同","1","18","19"
"与唐","10","9","19"
"帝御","12","7","19"
"帝一","5","14","19"
"理万","4","15","19"
"制其","16","3","19"
"大皇","9","10","19"
"散发","3","16","19"
"极百","19","0","19"
"二道","8","11","19"
"地处","4","15","19"
"星于","6","13","19"
"日入","18","1","19"
"等将","8","11","19"
"为地","10","9","19"
"见吴","13","6","19"
"所书","13","6","19"
"又起","5","14","19"
"地动","15","4","19"
"废后","12","7","19"
"死矣","18","1","19"
"次相","11","8","19"
"关梁","18","1","19"
"及为","17","2","19"
"后称","13","6","19"
"犯氐","9","10","19"
"方等","8","11","19"
"帝如","17","2","19"
"见上","13","6","19"
"白经","19","0","19"
"于唐","14","5","19"
"之都","6","13","19"
"柳树","6","13","19"
"王长","6","13","19"
"众心","13","6","19"
"以信","11","8","19"
"又可","6","13","19"
"法天","11","8","19"
"风吹","4","15","19"
"还家","16","3","19"
"防之","10","9","19"
"兴八","4","15","19"
"梦中","5","14","19"
"丞陈","11","8","19"
"今我","5","14","19"
"都亭","10","9","19"
"先说","2","17","19"
"府吏","10","9","19"
"宁县","8","11","19"
"申令","6","13","19"
"以旧","16","3","19"
"便用","1","18","19"
"智勇","9","10","19"
"人使","11","8","19"
"号哭","8","11","19"
"当诛","9","10","19"
"南出","9","10","19"
"府发","1","18","19"
"是江","6","13","19"
"用力","7","12","19"
"乱者","16","3","19"
"西来","9","10","19"
"之字","6","13","19"
"极殿","8","11","19"
"是专","2","17","19"
"商旅","13","6","19"
"立张","8","11","19"
"后遣","13","6","19"
"下方","11","8","19"
"昏乱","4","15","19"
"动而","9","10","19"
"便去","3","16","19"
"都死","1","18","19"
"以升","5","14","19"
"约为","8","11","19"
"中地","6","13","19"
"遂安","14","5","19"
"寄居","4","15","19"
"令出","8","11","19"
"豫不","4","15","19"
"任便","11","8","19"
"士三","11","8","19"
"感恩","9","10","19"
"财货","10","9","19"
"之端","17","2","19"
"在远","8","11","19"
"小有","10","9","19"
"戍主","13","6","19"
"谁可","7","12","19"
"亲旧","19","0","19"
"营私","2","17","19"
"战有","12","7","19"
"伐刘","2","17","19"
"精骑","14","5","19"
"迁大","18","1","19"
"不充","8","11","19"
"孔琳","1","18","19"
"字彦","10","9","19"
"在彭","3","16","19"
"马文","7","12","19"
"与安","14","5","19"
"当南","2","17","19"
"友爱","6","13","19"
"为助","14","5","19"
"功不","13","6","19"
"为风","15","4","19"
"益于","9","10","19"
"立学","6","13","19"
"承袭","1","18","19"
"遇赦","17","2","19"
"计不","12","7","19"
"上与","6","13","19"
"输之","16","3","19"
"赐银","13","6","19"
"人迎","9","10","19"
"贤不","14","5","19"
"水道","8","11","19"
"与司","5","14","19"
"人周","7","12","19"
"命下","15","4","19"
"过不","8","11","19"
"近在","9","10","19"
"有向","5","14","19"
"不传","14","5","19"
"及刘","14","5","19"
"言兵","16","3","19"
"骑军","11","8","19"
"孙冲","4","15","19"
"厚赏","13","6","19"
"宗复","12","7","19"
"弼等","9","10","19"
"而让","1","18","19"
"相通","3","16","19"
"起讨","1","18","19"
"人曾","3","16","19"
"怯懦","4","15","19"
"任著","1","18","19"
"陶亮","7","12","19"
"宗遣","19","0","19"
"效命","4","15","19"
"赐三","15","4","19"
"苦战","6","13","19"
"狼狈","8","11","19"
"至数","16","3","19"
"索兒","19","0","19"
"宝于","18","1","19"
"退军","8","11","19"
"示大","3","16","19"
"以塞","17","2","19"
"举起","1","18","19"
"盖吴","6","13","19"
"金三","13","6","19"
"求补","10","9","19"
"能治","4","15","19"
"操行","4","15","19"
"帝年","2","17","19"
"应命","3","16","19"
"台阁","9","10","19"
"人正","2","17","19"
"焚掠","10","9","19"
"有杀","6","13","19"
"上后","1","18","19"
"叛亡","12","7","19"
"曲意","6","13","19"
"复与","15","4","19"
"白事","16","3","19"
"在乡","2","17","19"
"在兴","3","16","19"
"校司","10","9","19"
"赠武","12","7","19"
"其守","16","3","19"
"侵掠","6","13","19"
"流配","7","12","19"
"降将","10","9","19"
"春节","8","11","19"
"唐进","10","9","19"
"合格","5","14","19"
"坐赃","19","0","19"
"庆等","10","9","19"
"州陈","9","10","19"
"州河","13","6","19"
"部送","13","6","19"
"博州","9","10","19"
"中第","11","8","19"
"粟以","18","1","19"
"引对","13","6","19"
"丁德","9","10","19"
"招收","8","11","19"
"义副","10","9","19"
"置河","11","8","19"
"州巡","8","11","19"
"一本","4","15","19"
"东水","10","9","19"
"御正","18","1","19"
"别赐","5","14","19"
"私铸","10","9","19"
"为乡","14","5","19"
"使许","7","12","19"
"罢归","15","4","19"
"崖州","9","10","19"
"者还","10","9","19"
"帛不","3","16","19"
"资州","9","10","19"
"寺祈","5","14","19"
"江浙","4","15","19"
"昉为","9","10","19"
"元偁","19","0","19"
"毋以","19","0","19"
"置营","11","8","19"
"避正","18","1","19"
"光殿","9","10","19"
"复业","13","6","19"
"者上","7","12","19"
"使黄","10","9","19"
"命枢","7","12","19"
"贼首","3","16","19"
"在宰","4","15","19"
"州山","8","11","19"
"民被","15","4","19"
"诏户","14","5","19"
"练士","2","17","19"
"诏边","11","8","19"
"部军","3","16","19"
"于敌","9","10","19"
"麟府","9","10","19"
"经画","16","3","19"
"劳军","8","11","19"
"伪造","5","14","19"
"入粟","18","1","19"
"能直","9","10","19"
"杜镐","9","10","19"
"礼使","10","9","19"
"臣朝","10","9","19"
"明等","9","10","19"
"刘承","9","10","19"
"为继","5","14","19"
"言朝","8","11","19"
"皇大","9","10","19"
"给贫","5","14","19"
"牢城","9","10","19"
"市场","1","18","19"
"诏补","11","8","19"
"李德","8","11","19"
"过州","8","11","19"
"西运","5","14","19"
"封章","10","9","19"
"西四","10","9","19"
"命范","1","18","19"
"东经","10","9","19"
"捕杀","3","16","19"
"法是","1","18","19"
"任馆","2","17","19"
"又败","19","0","19"
"任两","1","18","19"
"赐诏","12","7","19"
"渝盟","19","0","19"
"李日","1","18","19"
"青涧","9","10","19"
"臣曾","5","14","19"
"即下","5","14","19"
"赵怀","9","10","19"
"遇大","8","11","19"
"理卿","9","10","19"
"朝辞","10","9","19"
"惇为","14","5","19"
"景思","9","10","19"
"宗愈","9","10","19"
"队将","5","14","19"
"命礼","5","14","19"
"悔过","5","14","19"
"禄卿","9","10","19"
"宗宝","9","10","19"
"养民","11","8","19"
"书进","7","12","19"
"建为","8","11","19"
"转三","3","16","19"
"按法","2","17","19"
"报聘","16","3","19"
"薛昂","9","10","19"
"下等","1","18","19"
"当三","10","9","19"
"纲运","9","10","19"
"领他","1","18","19"
"民困","10","9","19"
"令京","2","17","19"
"营司","9","10","19"
"权威","2","17","19"
"人叛","6","13","19"
"入都","11","8","19"
"管王","8","11","19"
"议割","11","8","19"
"命何","6","13","19"
"秉哲","10","9","19"
"技艺","4","15","19"
"且谓","19","0","19"
"责成","5","14","19"
"龙神","11","8","19"
"定议","16","3","19"
"明法","6","13","19"
"制陕","13","6","19"
"宝三","7","12","19"
"命朱","4","15","19"
"帝怒","18","1","19"
"陈思","9","10","19"
"被兵","18","1","19"
"崔增","8","11","19"
"江大","10","9","19"
"玠为","12","7","19"
"中发","2","17","19"
"国一","3","16","19"
"家与","7","12","19"
"钱司","9","10","19"
"在百","1","18","19"
"亲族","7","12","19"
"取河","9","10","19"
"王喜","9","10","19"
"视边","2","17","19"
"远等","9","10","19"
"本钱","5","14","19"
"欠租","1","18","19"
"纥石","12","7","19"
"奏院","9","10","19"
"自治","11","8","19"
"制胜","9","10","19"
"旧官","12","7","19"
"顺城","6","13","19"
"卢仲","7","12","19"
"忠顺","7","12","19"
"所招","10","9","19"
"正志","10","9","19"
"忠不","10","9","19"
"收租","4","15","19"
"行边","15","4","19"
"叶衡","9","10","19"
"吴琚","7","12","19"
"茶寇","8","11","19"
"任军","3","16","19"
"义役","9","10","19"
"抑配","9","10","19"
"德宗","9","10","19"
"要冲","6","13","19"
"下到","1","18","19"
"藩邸","15","4","19"
"人性","3","16","19"
"重明","10","9","19"
"对辅","5","14","19"
"帅不","5","14","19"
"会金","19","0","19"
"才二","5","14","19"
"势之","10","9","19"
"全以","13","6","19"
"贪吏","11","8","19"
"于危","3","16","19"
"儒家","2","17","19"
"八陵","10","9","19"
"赵邦","7","12","19"
"役之","15","4","19"
"右大","4","15","19"
"兵多","8","11","19"
"院兼","10","9","19"
"其害","14","5","19"
"府洞","10","9","19"
"急切","2","17","19"
"合力","2","17","19"
"宪宗","9","10","19"
"温和","2","17","19"
"四官","8","11","19"
"师夔","9","10","19"
"鏖战","12","7","19"
"令临","3","16","19"
"赵孟","7","12","19"
"赵世","4","15","19"
"先入","12","7","19"
"复壶","9","10","19"
"勾陈","7","12","19"
"口中","3","16","19"
"大狱","12","7","19"
"隋志","19","0","19"
"极九","10","9","19"
"先起","8","11","19"
"旧去","19","0","19"
"极八","10","9","19"
"聚会","1","18","19"
"信中","1","18","19"
"居相","14","5","19"
"外议","11","8","19"
"间没","1","18","19"
"善等","9","10","19"
"是奏","3","16","19"
"锐意","12","7","19"
"原人","4","15","19"
"承宗","9","10","19"
"将近","1","18","19"
"是行","7","12","19"
"父任","17","2","19"
"以荫","12","7","19"
"唐末","10","9","19"
"士论","15","4","19"
"此开","1","18","19"
"廷于","2","17","19"
"寻常","2","17","19"
"法相","2","17","19"
"为干","4","15","19"
"是立","1","18","19"
"林特","8","11","19"
"在学","2","17","19"
"莫如","10","9","19"
"而李","4","15","19"
"增设","1","18","19"
"以指","6","13","19"
"讲说","11","8","19"
"逐去","9","10","19"
"未报","11","8","19"
"殿召","1","18","19"
"譬如","11","8","19"
"下开","7","12","19"
"是分","2","17","19"
"在宋","1","18","19"
"迫使","2","17","19"
"手握","1","18","19"
"来为","3","16","19"
"曾与","2","17","19"
"一上","2","17","19"
"为严","3","16","19"
"任武","1","18","19"
"推广","4","15","19"
"率同","13","6","19"
"撤去","1","18","19"
"史册","2","17","19"
"然就","2","17","19"
"痛心","3","16","19"
"有去","3","16","19"
"人惊","5","14","19"
"最重","2","17","19"
"申请","5","14","19"
"别是","1","18","19"
"而遭","2","17","19"
"〈王","19","0","19"
"中时","4","15","19"
"拥立","2","17","19"
"张国","6","13","19"
"刘勉","3","16","19"
"真能","3","16","19"
"才出","1","18","19"
"体察","1","18","19"
"炎三","5","14","19"
"比不","1","18","19"
"使后","4","15","19"
"月举","1","18","19"
"是恢","1","18","19"
"所要","2","17","19"
"为以","1","18","19"
"从淮","1","18","19"
"及甫","10","9","19"
"货币","1","18","19"
"虎出","1","18","19"
"中游","1","18","19"
"梅尧","1","18","19"
"石曰","19","0","19"
"任谏","1","18","19"
"士宁","8","11","19"
"世军","6","13","19"
"己请","1","18","19"
"削弱","1","18","19"
"护城","1","18","19"
"飞曰","19","0","19"
"奸贼","1","18","19"
"治政","1","18","19"
"是名","1","18","19"
"面相","1","18","19"
"史上","1","18","19"
"我请","1","18","19"
"后消","1","18","19"
"劝阻","0","19","19"
"固的","0","19","19"
"早就","0","19","19"
"的诸","0","19","19"
"的羌","0","19","19"
"他地","0","19","19"
"着的","0","19","19"
"要想","0","19","19"
"的少","0","19","19"
"教诲","0","19","19"
"说你","0","19","19"
"比一","0","19","19"
"是担","0","19","19"
"派的","0","19","19"
"察到","0","19","19"
"的疆","0","19","19"
"靠的","0","19","19"
"旧时","0","19","19"
"赡养","0","19","19"
"功丧","0","19","19"
"我要","0","19","19"
"附属","0","19","19"
"围的","0","19","19"
"配合","0","19","19"
"状况","0","19","19"
"的目","0","19","19"
"登基","0","19","19"
"臣听","0","19","19"
"宴席","0","19","19"
"用手","0","19","19"
"备了","0","19","19"
"的能","0","19","19"
"祸的","0","19","19"
"现大","0","19","19"
"说完","0","19","19"
"击打","0","19","19"
"都对","0","19","19"
"女的","0","19","19"
"个国","0","19","19"
"个个","0","19","19"
"到过","0","19","19"
"得这","0","19","19"
"对着","0","19","19"
"朱修","0","19","19"
"苦的","0","19","19"
"制他","0","19","19"
"果你","0","19","19"
"们可","0","19","19"
"对百","0","19","19"
"白白","0","19","19"
"现有","0","19","19"
"没想","0","19","19"
"他能","0","19","19"
"写得","0","19","19"
"对刘","0","19","19"
"果他","0","19","19"
"知识","0","19","19"
"划定","0","19","19"
"忘掉","0","19","19"
"背离","0","19","19"
"易的","0","19","19"
"果没","0","19","19"
"完善","0","19","19"
"的回","0","19","19"
"威作","0","19","19"
"作福","0","19","19"
"搜刮","0","19","19"
"掩盖","0","19","19"
"的富","0","19","19"
"他身","0","19","19"
"管的","0","19","19"
"历的","0","19","19"
"表扬","0","19","19"
"不担","0","19","19"
"的还","0","19","19"
"抢夺","0","19","19"
"的干","0","19","19"
"尽职","0","19","19"
"到燕","0","19","19"
"是做","0","19","19"
"应他","0","19","19"
"闲职","0","19","19"
"们家","0","19","19"
"皇的","0","19","19"
"和上","0","19","19"
"骗皇","0","19","19"
"偷偷","0","19","19"
"这本","0","19","19"
"欢他","0","19","19"
"到极","0","19","19"
"沈亮","0","19","19"
"到那","0","19","19"
"而离","0","19","19"
"情发","0","19","19"
"么国","0","19","19"
"说赵","0","19","19"
"到州","0","19","19"
"更替","0","19","19"
"论认","0","19","19"
"住处","0","19","19"
"要发","0","19","19"
"发的","0","19","19"
"告的","0","19","19"
"动叛","0","19","19"
"个名","0","19","19"
"下说","0","19","19"
"佩银","0","19","19"
"地面","0","19","19"
"扼守","0","19","19"
"责令","0","19","19"
"升起","0","19","19"
"拜任","0","19","19"
"贼人","0","19","19"
"寇的","0","19","19"
"我身","0","19","19"
"获了","0","19","19"
"老虎","0","19","19"
"住所","0","19","19"
"试的","0","19","19"
"记在","0","19","19"
"膳食","0","19","19"
"伐他","0","19","19"
"任平","0","19","19"
"创建","0","19","19"
"都按","0","19","19"
"及各","0","19","19"
"划归","0","19","19"
"的江","0","19","19"
"伤了","0","19","19"
"进京","0","19","19"
"没答","0","19","19"
"被改","0","19","19"
"行瘟","0","19","19"
"兵逃","0","19","19"
"但都","0","19","19"
"害死","0","19","19"
"们多","0","19","19"
"秦代","0","19","19"
"了重","0","19","19"
"制了","0","19","19"
"夏的","0","19","19"
"行宴","0","19","19"
"就发","0","19","19"
"年份","0","19","19"
"利弊","0","19","19"
"书裹","0","19","19"
"池的","0","19","19"
"葬的","0","19","19"
"们议","0","19","19"
"礼完","0","19","19"
"更何","0","19","19"
"全备","0","19","19"
"的厚","0","19","19"
"令让","0","19","19"
"帝和","0","19","19"
"怕有","0","19","19"
"次献","0","19","19"
"帝征","0","19","19"
"到同","0","19","19"
"也以","0","19","19"
"坐的","0","19","19"
"灭了","0","19","19"
"我愿","0","19","19"
"深沉","0","19","19"
"放置","0","19","19"
"被迁","0","19","19"
"指的","0","19","19"
"的喜","0","19","19"
"怠慢","0","19","19"
"常说","0","19","19"
"外各","0","19","19"
"木材","0","19","19"
"招待","0","19","19"
"黑夜","0","19","19"
"替自","0","19","19"
"爱他","0","19","19"
"谓的","0","19","19"
"取来","0","19","19"
"昌的","0","19","19"
"再派","0","19","19"
"北进","0","19","19"
"了黄","0","19","19"
"报说","0","19","19"
"库的","0","19","19"
"刘骏","0","19","19"
"姓遭","0","19","19"
"到夏","0","19","19"
"那儿","0","19","19"
"把持","0","19","19"
"抢掠","0","19","19"
"也能","0","19","19"
"州是","0","19","19"
"稳定","0","19","19"
"他加","0","19","19"
"裕的","0","19","19"
"被抓","0","19","19"
"个职","0","19","19"
"拔的","0","19","19"
"统管","0","19","19"
"效国","0","19","19"
"他后","0","19","19"
"求杀","0","19","19"
"阐明","0","19","19"
"兵赶","0","19","19"
"有允","0","19","19"
"救活","0","19","19"
"生们","0","19","19"
"置各","0","19","19"
"中派","0","19","19"
"他前","0","19","19"
"止各","0","19","19"
"置到","0","19","19"
"份退","0","19","19"
"元翱","0","19","19"
"诏因","0","19","19"
"后溢","0","19","19"
"宗病","0","19","19"
"遭贬","0","19","19"
"选派","0","19","19"
"元党","0","19","19"
"动身","0","19","19"
"就退","0","19","19"
"一叫","0","19","19"
"担责","0","19","19"
"压抑","0","19","19"
"普的","0","19","19"
"寨的","0","19","19"
"的强","0","19","19"
"秦火","0","19","19"
"火喜","0","19","19"
"祖与","12","6","18"
"实由","16","2","18"
"遂使","15","3","18"
"北为","15","3","18"
"常数","12","6","18"
"因时","10","8","18"
"作有","2","16","18"
"悉皆","18","0","18"
"昭宣","10","8","18"
"亦非","18","0","18"
"复本","11","7","18"
"常想","1","17","18"
"敢出","10","8","18"
"前史","13","5","18"
"庶为","10","8","18"
"白于","16","2","18"
"以动","12","6","18"
"阳二","8","10","18"
"遂寝","18","0","18"
"而莫","17","1","18"
"余以","17","1","18"
"星皆","18","0","18"
"旧事","8","10","18"
"以追","3","15","18"
"有周","10","8","18"
"岂容","18","0","18"
"社之","17","1","18"
"所望","14","4","18"
"后乃","18","0","18"
"非也","18","0","18"
"数倍","11","7","18"
"景纯","9","9","18"
"并言","17","1","18"
"是元","1","17","18"
"室内","6","12","18"
"翩翩","8","10","18"
"虑其","17","1","18"
"此盖","17","1","18"
"之妖","16","2","18"
"故吏","9","9","18"
"者大","12","6","18"
"再至","17","1","18"
"莫之","18","0","18"
"非之","16","2","18"
"发屋","17","1","18"
"有非","8","10","18"
"日无","17","1","18"
"安在","15","3","18"
"正朝","10","8","18"
"陵上","16","2","18"
"震怒","11","7","18"
"凡此","16","2","18"
"戮之","15","3","18"
"如意","7","11","18"
"凶门","9","9","18"
"礼典","6","12","18"
"以逸","11","7","18"
"兴于","12","6","18"
"纳其","17","1","18"
"躬自","17","1","18"
"以微","13","5","18"
"伏愿","17","1","18"
"为轻","10","8","18"
"关西","10","8","18"
"财宝","7","11","18"
"爱其","18","0","18"
"同之","14","4","18"
"攻伐","5","13","18"
"任过","1","17","18"
"穷治","17","1","18"
"增损","13","5","18"
"中来","8","10","18"
"及长","18","0","18"
"上使","9","9","18"
"每以","16","2","18"
"沮丧","3","15","18"
"子者","13","5","18"
"之善","17","1","18"
"大意","3","15","18"
"之坐","16","2","18"
"为虚","13","5","18"
"有限","6","12","18"
"乞解","18","0","18"
"圣慈","10","8","18"
"之选","16","2","18"
"所执","17","1","18"
"风采","8","10","18"
"猖狂","7","11","18"
"上无","9","9","18"
"实无","14","4","18"
"之积","15","3","18"
"在臣","12","6","18"
"三光","12","6","18"
"公行","14","4","18"
"自来","13","5","18"
"性之","11","7","18"
"赫然","10","8","18"
"上国","13","5","18"
"当复","18","0","18"
"言天","18","0","18"
"之罢","16","2","18"
"善其","15","3","18"
"之共","10","8","18"
"应与","4","14","18"
"身以","12","6","18"
"应得","6","12","18"
"坐视","10","8","18"
"以谋","10","8","18"
"高皇","8","10","18"
"俯首","10","8","18"
"不才","14","4","18"
"搢绅","18","0","18"
"乌合","9","9","18"
"火之","9","9","18"
"时齐","9","9","18"
"谈笑","9","9","18"
"赴水","12","6","18"
"居士","10","8","18"
"卿士","11","7","18"
"宋氏","11","7","18"
"并行","11","7","18"
"令严","5","13","18"
"而犹","14","4","18"
"忧惧","11","7","18"
"入侍","14","4","18"
"遣部","7","11","18"
"政有","11","7","18"
"令上","7","11","18"
"年逋","18","0","18"
"乃还","18","0","18"
"参决","10","8","18"
"以交","11","7","18"
"于诗","10","8","18"
"次日","6","12","18"
"弘肇","8","10","18"
"而宰","9","9","18"
"簿书","11","7","18"
"复取","18","0","18"
"此举","11","7","18"
"民舍","13","5","18"
"将失","9","9","18"
"其政","12","6","18"
"袖中","6","12","18"
"以计","15","3","18"
"亲书","13","5","18"
"书大","10","8","18"
"事皆","18","0","18"
"事功","11","7","18"
"及行","14","4","18"
"谢事","16","2","18"
"居数","17","1","18"
"间出","9","9","18"
"则用","9","9","18"
"日至","14","4","18"
"加高","7","11","18"
"军何","10","8","18"
"子入","10","8","18"
"晦为","8","10","18"
"弘为","9","9","18"
"台城","6","12","18"
"讳为","15","3","18"
"垣闳","9","9","18"
"怀珍","10","8","18"
"军巴","9","9","18"
"西秦","9","9","18"
"守建","10","8","18"
"孙超","8","10","18"
"及中","11","7","18"
"水深","7","11","18"
"诸国","13","5","18"
"铙歌","7","11","18"
"洛书","8","10","18"
"寸四","9","9","18"
"犯箕","9","9","18"
"称天","8","10","18"
"宫西","8","10","18"
"祖讨","9","9","18"
"后六","10","8","18"
"徽四","8","10","18"
"下归","9","9","18"
"上五","9","9","18"
"国上","3","15","18"
"初宁","9","9","18"
"武四","9","9","18"
"昭帝","9","9","18"
"晋康","9","9","18"
"州又","6","12","18"
"阴雨","3","15","18"
"本名","11","7","18"
"时废","9","9","18"
"建初","9","9","18"
"平令","9","9","18"
"骑中","10","8","18"
"直勤","11","7","18"
"候王","8","10","18"
"二品","9","9","18"
"府将","7","11","18"
"密承","9","9","18"
"门为","6","12","18"
"德隆","9","9","18"
"使田","9","9","18"
"为均","4","14","18"
"为并","11","7","18"
"守本","9","9","18"
"锡为","6","12","18"
"领诸","8","10","18"
"葛霸","9","9","18"
"分屯","14","4","18"
"仪院","9","9","18"
"鲁宗","9","9","18"
"公蕴","9","9","18"
"王随","8","10","18"
"若谷","9","9","18"
"等内","10","8","18"
"建功","3","15","18"
"孙女","7","11","18"
"相韩","8","10","18"
"下吏","16","2","18"
"徐国","8","10","18"
"北宅","9","9","18"
"吾卫","9","9","18"
"留王","7","11","18"
"符末","9","9","18"
"西帅","11","7","18"
"各置","15","3","18"
"以敷","12","6","18"
"围田","9","9","18"
"更迭","7","11","18"
"权给","10","8","18"
"罢四","12","6","18"
"圣宪","9","9","18"
"文太","9","9","18"
"置广","9","9","18"
"李虎","8","10","18"
"督行","10","8","18"
"兵甲","11","7","18"
"以朱","11","7","18"
"以程","12","6","18"
"何梦","9","9","18"
"梦然","9","9","18"
"东州","9","9","18"
"归化","9","9","18"
"符宝","9","9","18"
"谢堂","8","10","18"
"曾渊","8","10","18"
"削一","18","0","18"
"为史","8","10","18"
"北宣","9","9","18"
"尺一","8","10","18"
"上旬","3","15","18"
"车中","7","11","18"
"及天","9","9","18"
"王存","9","9","18"
"子五","7","11","18"
"加兼","13","5","18"
"祁国","9","9","18"
"东川","9","9","18"
"雄为","6","12","18"
"方馆","9","9","18"
"德玄","9","9","18"
"改左","14","4","18"
"左补","10","8","18"
"都提","7","11","18"
"官知","8","10","18"
"判馆","9","9","18"
"居外","14","4","18"
"司判","9","9","18"
"绯鱼","11","7","18"
"忠之","11","7","18"
"备库","10","8","18"
"进使","10","8","18"
"知亳","13","5","18"
"进龙","16","2","18"
"阴人","8","10","18"
"发遣","12","6","18"
"集十","11","7","18"
"历三","11","7","18"
"后调","1","17","18"
"牧使","8","10","18"
"光山","8","10","18"
"练推","9","9","18"
"朝史","9","9","18"
"兼左","9","9","18"
"西常","9","9","18"
"盐司","9","9","18"
"歌词","2","16","18"
"架阁","9","9","18"
"右郎","9","9","18"
"江人","8","10","18"
"金部","9","9","18"
"邓艾","8","10","18"
"为丞","7","11","18"
"封人","9","9","18"
"兵复","16","2","18"
"身长","10","8","18"
"每战","11","7","18"
"然一","6","12","18"
"乃引","18","0","18"
"祖率","5","13","18"
"用我","5","13","18"
"称诏","10","8","18"
"密诏","10","8","18"
"等曰","18","0","18"
"交锋","5","13","18"
"刘籓","17","1","18"
"以虚","12","6","18"
"祖进","6","12","18"
"等共","9","9","18"
"大贵","10","8","18"
"张天","9","9","18"
"军殷","8","10","18"
"义旗","14","4","18"
"兵众","8","10","18"
"拔之","18","0","18"
"其变","14","4","18"
"为美","11","7","18"
"陈请","10","8","18"
"祖上","1","17","18"
"求救","8","10","18"
"献马","11","7","18"
"贼曹","9","9","18"
"斩于","12","6","18"
"黄钺","12","6","18"
"其必","17","1","18"
"众三","13","5","18"
"阳下","2","16","18"
"能禁","10","8","18"
"师于","14","4","18"
"终为","13","5","18"
"并于","9","9","18"
"配以","9","9","18"
"之兄","12","6","18"
"之迹","15","3","18"
"常人","7","11","18"
"鲁轨","6","12","18"
"授命","3","15","18"
"令天","7","11","18"
"逵之","10","8","18"
"领南","13","5","18"
"不名","17","1","18"
"入居","15","3","18"
"减半","9","9","18"
"祠南","17","1","18"
"文行","16","2","18"
"时秦","6","12","18"
"中任","1","17","18"
"天历","13","5","18"
"宋世","13","5","18"
"诏赦","10","8","18"
"跋嗣","1","17","18"
"昌郡","9","9","18"
"为庶","14","4","18"
"侍者","9","9","18"
"章后","4","14","18"
"民出","11","7","18"
"阅武","13","5","18"
"宏为","8","10","18"
"史长","9","9","18"
"守李","9","9","18"
"凡六","18","0","18"
"庾登","7","11","18"
"狱死","17","1","18"
"沈演","7","11","18"
"还至","18","0","18"
"往日","5","13","18"
"人身","5","13","18"
"亡而","7","11","18"
"斌为","10","8","18"
"邹山","9","9","18"
"于寿","16","2","18"
"人治","7","11","18"
"陆王","9","9","18"
"五兵","10","8","18"
"力田","14","4","18"
"成太","8","10","18"
"守沈","9","9","18"
"后者","16","2","18"
"阮佃","6","12","18"
"不仁","7","11","18"
"病人","2","16","18"
"郡长","5","13","18"
"中如","12","6","18"
"军吴","9","9","18"
"及河","11","7","18"
"冲王","8","10","18"
"并受","13","5","18"
"粮运","9","9","18"
"怀明","9","9","18"
"贫者","17","1","18"
"许人","13","5","18"
"立有","1","17","18"
"史范","9","9","18"
"物质","1","17","18"
"傅为","10","8","18"
"乘金","7","11","18"
"云罕","7","11","18"
"杨伟","7","11","18"
"书自","11","7","18"
"史之","9","9","18"
"太蔟","13","5","18"
"之深","12","6","18"
"中吕","9","9","18"
"五音","8","10","18"
"知何","11","7","18"
"用长","6","12","18"
"汉世","17","1","18"
"者用","6","12","18"
"历志","6","12","18"
"所制","9","9","18"
"既成","16","2","18"
"星度","8","10","18"
"改易","12","6","18"
"昏明","11","7","18"
"等言","18","0","18"
"大魏","11","7","18"
"同出","7","11","18"
"大才","9","9","18"
"复使","14","4","18"
"术曰","18","0","18"
"大寒","13","5","18"
"余不","12","6","18"
"所共","9","9","18"
"少为","11","7","18"
"则后","15","3","18"
"而留","11","7","18"
"留二","12","6","18"
"汉水","6","12","18"
"在昴","9","9","18"
"发不","13","5","18"
"旧礼","11","7","18"
"令长","9","9","18"
"臣礼","12","6","18"
"所服","17","1","18"
"于紫","13","5","18"
"道娱","10","8","18"
"上应","2","16","18"
"钟山","8","10","18"
"方进","8","10","18"
"惠王","9","9","18"
"得如","8","10","18"
"崇阳","9","9","18"
"中监","7","11","18"
"当依","2","16","18"
"传以","14","4","18"
"依礼","13","5","18"
"议已","8","10","18"
"可成","10","8","18"
"素服","12","6","18"
"礼有","12","6","18"
"廷所","7","11","18"
"成公","10","8","18"
"闰九","4","14","18"
"年在","4","14","18"
"阳国","9","9","18"
"玄云","14","4","18"
"伯子","8","10","18"
"京尹","9","9","18"
"遂有","17","1","18"
"有吴","5","13","18"
"天明","1","17","18"
"德不","12","6","18"
"与南","9","9","18"
"以酒","16","2","18"
"谷之","11","7","18"
"有分","4","14","18"
"外事","11","7","18"
"帝与","11","7","18"
"以崇","14","4","18"
"之别","12","6","18"
"谓有","12","6","18"
"内则","10","8","18"
"史籍","6","12","18"
"以风","15","3","18"
"家多","6","12","18"
"三祖","11","7","18"
"祔于","18","0","18"
"更新","5","13","18"
"弟为","9","9","18"
"帝上","1","17","18"
"于彭","12","6","18"
"以客","11","7","18"
"不共","8","10","18"
"无疑","9","9","18"
"则王","13","5","18"
"朝所","6","12","18"
"曰有","15","3","18"
"帝及","12","6","18"
"付之","17","1","18"
"启圣","10","8","18"
"由大","3","15","18"
"是合","1","17","18"
"同王","3","15","18"
"大统","14","4","18"
"陵国","8","10","18"
"而亲","5","13","18"
"立社","7","11","18"
"师而","12","6","18"
"以议","14","4","18"
"居多","13","5","18"
"复设","3","15","18"
"谓左","17","1","18"
"有追","4","14","18"
"诏依","11","7","18"
"用小","2","16","18"
"乘传","16","2","18"
"其君","15","3","18"
"首饰","5","13","18"
"自皇","8","10","18"
"以就","9","9","18"
"简易","11","7","18"
"服侍","2","16","18"
"书到","1","17","18"
"至极","5","13","18"
"房中","5","13","18"
"生等","9","9","18"
"光辉","3","15","18"
"千年","2","16","18"
"通用","7","11","18"
"帝已","5","13","18"
"二曲","10","8","18"
"作新","7","11","18"
"散亡","12","6","18"
"五斗","8","10","18"
"于两","8","10","18"
"有增","3","15","18"
"府内","8","10","18"
"谬误","4","14","18"
"无力","2","16","18"
"背上","2","16","18"
"睢阳","10","8","18"
"下临","10","8","18"
"其贤","15","3","18"
"章和","7","11","18"
"项城","8","10","18"
"弹琴","3","15","18"
"衍德","9","9","18"
"动物","4","14","18"
"屠城","10","8","18"
"自许","9","9","18"
"如神","8","10","18"
"命也","16","2","18"
"如天","13","5","18"
"先皇","7","11","18"
"除害","9","9","18"
"动军","1","17","18"
"尧咨","9","9","18"
"下知","12","6","18"
"史言","17","1","18"
"论天","8","10","18"
"极七","9","9","18"
"出二","6","12","18"
"衡为","11","7","18"
"则吉","15","3","18"
"疾而","17","1","18"
"王鉴","9","9","18"
"亮以","12","6","18"
"犯荧","13","5","18"
"有边","9","9","18"
"疑有","11","7","18"
"易政","17","1","18"
"西羌","8","10","18"
"杀后","1","17","18"
"相也","14","4","18"
"兵归","12","6","18"
"有强","7","11","18"
"人流","6","12","18"
"劲兵","10","8","18"
"市中","10","8","18"
"犯金","5","13","18"
"从河","2","16","18"
"在月","1","17","18"
"敢进","9","9","18"
"有行","6","12","18"
"大石","8","10","18"
"火光","8","10","18"
"武当","9","9","18"
"即是","2","16","18"
"知汉","13","5","18"
"世俗","3","15","18"
"而刘","7","11","18"
"必得","16","2","18"
"力也","18","0","18"
"布诏","1","17","18"
"孙以","13","5","18"
"即可","8","10","18"
"言黄","14","4","18"
"时称","4","14","18"
"之起","13","5","18"
"背负","3","15","18"
"西界","9","9","18"
"命胡","6","12","18"
"兴九","2","16","18"
"下则","8","10","18"
"刘衍","6","12","18"
"宁海","9","9","18"
"郡邑","14","4","18"
"二花","9","9","18"
"为时","13","5","18"
"行传","7","11","18"
"丁零","9","9","18"
"间隙","6","12","18"
"上长","2","16","18"
"人失","6","12","18"
"翕然","17","1","18"
"永熙","9","9","18"
"白祥","9","9","18"
"境之","4","14","18"
"大船","2","16","18"
"子澄","10","8","18"
"被烧","2","16","18"
"归京","9","9","18"
"后同","10","8","18"
"师北","8","10","18"
"灵秀","9","9","18"
"兵势","11","7","18"
"国灭","2","16","18"
"易妖","9","9","18"
"为丹","11","7","18"
"妻之","15","3","18"
"忧之","18","0","18"
"救灾","4","14","18"
"兵无","11","7","18"
"苍黑","5","13","18"
"欲其","18","0","18"
"决事","14","4","18"
"不原","17","1","18"
"杀无","5","13","18"
"州江","10","8","18"
"三道","9","9","18"
"年死","2","16","18"
"任转","4","14","18"
"法当","12","6","18"
"为女","16","2","18"
"怀孕","2","16","18"
"甚切","18","0","18"
"右两","3","15","18"
"属之","13","5","18"
"能发","2","16","18"
"才气","6","12","18"
"以赃","17","1","18"
"能如","7","11","18"
"建之","12","6","18"
"复二","13","5","18"
"到彭","1","17","18"
"雨连","2","16","18"
"任以","12","6","18"
"国难","5","13","18"
"子从","6","12","18"
"我得","5","13","18"
"子等","8","10","18"
"请假","3","15","18"
"信所","11","7","18"
"祖出","9","9","18"
"北岸","6","12","18"
"为书","13","5","18"
"俊与","13","5","18"
"申王","10","8","18"
"玄辅","9","9","18"
"纲目","9","9","18"
"死无","11","7","18"
"广博","1","17","18"
"明公","8","10","18"
"小过","6","12","18"
"补太","10","8","18"
"能独","9","9","18"
"便在","2","16","18"
"受先","5","13","18"
"推重","4","14","18"
"择之","11","7","18"
"自前","3","15","18"
"保之","13","5","18"
"扫除","5","13","18"
"年过","4","14","18"
"石不","10","8","18"
"子兄","7","11","18"
"帝登","7","11","18"
"除临","2","16","18"
"能作","3","15","18"
"为灵","7","11","18"
"对亲","1","17","18"
"必自","17","1","18"
"余力","8","10","18"
"兵深","10","8","18"
"相救","8","10","18"
"南戍","11","7","18"
"洛城","8","10","18"
"额为","7","11","18"
"外甥","3","15","18"
"受大","2","16","18"
"深切","6","12","18"
"同处","7","11","18"
"令后","4","14","18"
"东山","9","9","18"
"亦自","18","0","18"
"果大","9","9","18"
"当朝","2","16","18"
"官秩","7","11","18"
"狡猾","2","16","18"
"自代","17","1","18"
"令用","2","16","18"
"廷多","3","15","18"
"使南","9","9","18"
"吏能","12","6","18"
"使军","9","9","18"
"出南","11","7","18"
"冲突","10","8","18"
"且欲","18","0","18"
"及军","11","7","18"
"谏诤","10","8","18"
"相一","4","14","18"
"开天","7","11","18"
"诏安","9","9","18"
"逃出","2","16","18"
"共议","14","4","18"
"里为","8","10","18"
"治家","8","10","18"
"病愈","3","15","18"
"为便","13","5","18"
"为业","8","10","18"
"王素","4","14","18"
"分掌","10","8","18"
"河一","2","16","18"
"人逼","8","10","18"
"自督","7","11","18"
"军就","2","16","18"
"守在","2","16","18"
"连连","1","17","18"
"以专","9","9","18"
"晋爵","1","17","18"
"任边","5","13","18"
"上达","5","13","18"
"举国","6","12","18"
"刺杀","3","15","18"
"未解","12","6","18"
"以受","8","10","18"
"雷击","1","17","18"
"远去","5","13","18"
"下上","7","11","18"
"贼者","14","4","18"
"往京","5","13","18"
"人焚","10","8","18"
"子直","9","9","18"
"节用","9","9","18"
"乱而","4","14","18"
"想不","1","17","18"
"州里","4","14","18"
"可观","10","8","18"
"守三","11","7","18"
"国入","18","0","18"
"乾祐","13","5","18"
"护圣","10","8","18"
"徽使","8","10","18"
"祭享","2","16","18"
"郭崇","3","15","18"
"观习","14","4","18"
"削官","8","10","18"
"女直","10","8","18"
"不御","18","0","18"
"举堪","18","0","18"
"畋近","18","0","18"
"李兴","9","9","18"
"造战","5","13","18"
"茶药","11","7","18"
"汴河","8","10","18"
"莱州","6","12","18"
"上方","6","12","18"
"才德","1","17","18"
"赐京","13","5","18"
"盐禁","10","8","18"
"舜卿","9","9","18"
"度僧","10","8","18"
"南进","1","17","18"
"南盗","9","9","18"
"武冈","9","9","18"
"惟简","9","9","18"
"贺契","9","9","18"
"租十","15","3","18"
"符元","9","9","18"
"纳土","8","10","18"
"兴学","11","7","18"
"晋天","9","9","18"
"官马","9","9","18"
"丞李","12","6","18"
"州清","9","9","18"
"以断","10","8","18"
"石熙","9","9","18"
"德恭","9","9","18"
"疏极","10","8","18"
"蠲两","18","0","18"
"检院","9","9","18"
"圣院","9","9","18"
"拒马","9","9","18"
"督捕","10","8","18"
"京诸","15","3","18"
"州蕃","10","8","18"
"含光","9","9","18"
"擢右","18","0","18"
"二员","15","3","18"
"主吏","14","4","18"
"司钱","11","7","18"
"为鄂","4","14","18"
"昌龄","9","9","18"
"蛮寇","16","2","18"
"王惟","8","10","18"
"府副","9","9","18"
"盐税","6","12","18"
"贬死","9","9","18"
"秩一","12","6","18"
"以范","13","5","18"
"蕃族","9","9","18"
"乞免","18","0","18"
"对便","15","3","18"
"州曹","9","9","18"
"常卿","9","9","18"
"毕士","8","10","18"
"召宰","10","8","18"
"京以","11","7","18"
"遣监","9","9","18"
"南宫","9","9","18"
"舒王","9","9","18"
"士杨","9","9","18"
"贡物","6","12","18"
"廷为","4","14","18"
"州夷","9","9","18"
"岁举","16","2","18"
"一任","5","13","18"
"臣出","7","11","18"
"详审","3","15","18"
"井监","9","9","18"
"宫朝","3","15","18"
"图进","11","7","18"
"下进","7","11","18"
"改秩","15","3","18"
"命宝","8","10","18"
"诏凡","12","6","18"
"斋郎","9","9","18"
"贡院","6","12","18"
"恩例","11","7","18"
"范雍","7","11","18"
"请老","16","2","18"
"盐场","6","12","18"
"诏台","11","7","18"
"史里","9","9","18"
"里行","9","9","18"
"职知","11","7","18"
"化蛮","8","10","18"
"田事","9","9","18"
"翼军","8","10","18"
"西沿","5","13","18"
"诏湖","11","7","18"
"章懿","10","8","18"
"册命","8","10","18"
"及所","10","8","18"
"执奏","16","2","18"
"真卿","8","10","18"
"飨明","16","2","18"
"于福","17","1","18"
"后册","10","8","18"
"后下","3","15","18"
"贺辽","9","9","18"
"嵬名","6","12","18"
"圣光","9","9","18"
"六察","9","9","18"
"任满","6","12","18"
"曾巩","7","11","18"
"高士","6","12","18"
"知定","11","7","18"
"恩赐","1","17","18"
"沅州","11","7","18"
"贬秩","15","3","18"
"士一","2","16","18"
"洮州","13","5","18"
"谢景","5","13","18"
"敦逸","9","9","18"
"臣称","8","10","18"
"诏守","13","5","18"
"藏书","7","11","18"
"解池","6","12","18"
"河桥","7","11","18"
"以监","13","5","18"
"额外","6","12","18"
"谭稹","13","5","18"
"于边","6","12","18"
"表奏","1","17","18"
"燕云","7","11","18"
"玑衡","18","0","18"
"国城","7","11","18"
"得疾","18","0","18"
"得旨","13","5","18"
"袭金","10","8","18"
"伏阙","18","0","18"
"为醴","13","5","18"
"知应","12","6","18"
"集百","7","11","18"
"仲友","8","10","18"
"要亲","2","16","18"
"要上","1","17","18"
"不留","6","12","18"
"帝再","6","12","18"
"得地","15","3","18"
"命人","6","12","18"
"在湖","2","16","18"
"经上","3","15","18"
"莫俦","7","11","18"
"下台","10","8","18"
"出官","6","12","18"
"赵哲","8","10","18"
"山崇","9","9","18"
"管马","8","10","18"
"纵兵","11","7","18"
"寓居","6","12","18"
"俊等","8","10","18"
"求太","2","16","18"
"和县","7","11","18"
"自唐","12","6","18"
"世遣","18","0","18"
"彦先","9","9","18"
"副军","9","9","18"
"徐文","8","10","18"
"犒军","13","5","18"
"田官","9","9","18"
"崇安","9","9","18"
"志宁","9","9","18"
"失措","8","10","18"
"遍及","3","15","18"
"农少","9","9","18"
"直方","8","10","18"
"兵百","10","8","18"
"命史","7","11","18"
"权三","12","6","18"
"公佐","9","9","18"
"萧哲","6","12","18"
"苏符","8","10","18"
"韩常","8","10","18"
"兵迎","7","11","18"
"器少","9","9","18"
"养老","3","15","18"
"便民","13","5","18"
"从秦","1","17","18"
"避免","2","16","18"
"献酒","1","17","18"
"军额","9","9","18"
"预备","6","12","18"
"郑闻","9","9","18"
"振粜","18","0","18"
"陈良","8","10","18"
"曾怀","8","10","18"
"县决","7","11","18"
"宗玉","9","9","18"
"伯圭","9","9","18"
"知泸","14","4","18"
"争执","2","16","18"
"罗点","8","10","18"
"正论","13","5","18"
"献于","16","2","18"
"奸民","9","9","18"
"郡官","4","14","18"
"审定","1","17","18"
"国本","15","3","18"
"臣应","2","16","18"
"江面","9","9","18"
"出大","4","14","18"
"伯成","9","9","18"
"有隐","7","11","18"
"从义","6","12","18"
"时宋","2","16","18"
"守绪","9","9","18"
"削三","18","0","18"
"能支","9","9","18"
"彭大","9","9","18"
"全师","13","5","18"
"神臂","9","9","18"
"云梯","8","10","18"
"在廷","15","3","18"
"丧师","11","7","18"
"武夷","9","9","18"
"在鄂","4","14","18"
"有再","3","15","18"
"伯颜","9","9","18"
"成疾","9","9","18"
"石申","9","9","18"
"令瓒","9","9","18"
"入黄","5","13","18"
"彗犯","18","0","18"
"之久","7","11","18"
"有使","7","11","18"
"宿三","6","12","18"
"似乎","1","17","18"
"殡宫","2","16","18"
"星光","1","17","18"
"冤狱","6","12","18"
"帝宠","1","17","18"
"知阎","3","15","18"
"文应","8","10","18"
"定人","3","15","18"
"七卷","9","9","18"
"被斥","2","16","18"
"人卫","2","16","18"
"尝语","18","0","18"
"能亲","2","16","18"
"立他","1","17","18"
"平居","16","2","18"
"佛寺","8","10","18"
"拜少","17","1","18"
"人指","6","12","18"
"死地","8","10","18"
"左厢","9","9","18"
"宗感","4","14","18"
"用得","5","13","18"
"谦恭","2","16","18"
"有敌","4","14","18"
"因年","1","17","18"
"为属","7","11","18"
"先进","5","13","18"
"可图","11","7","18"
"切责","17","1","18"
"生父","5","13","18"
"给与","1","17","18"
"给京","2","16","18"
"拜礼","6","12","18"
"上用","4","14","18"
"遣为","1","17","18"
"在藩","9","9","18"
"拜参","17","1","18"
"耻之","15","3","18"
"敢违","5","13","18"
"至宰","10","8","18"
"相庆","8","10","18"
"除端","16","2","18"
"得成","4","14","18"
"在陕","5","13","18"
"治军","8","10","18"
"要道","4","14","18"
"然与","4","14","18"
"燕人","9","9","18"
"祖任","4","14","18"
"帘前","9","9","18"
"定自","3","15","18"
"应变","5","13","18"
"侵夺","3","15","18"
"连上","3","15","18"
"罢斥","9","9","18"
"国与","8","10","18"
"出产","1","17","18"
"子里","1","17","18"
"首谋","8","10","18"
"在开","1","17","18"
"所恃","18","0","18"
"又建","4","14","18"
"能及","12","6","18"
"左相","9","9","18"
"除直","17","1","18"
"通之","11","7","18"
"渊源","9","9","18"
"倚重","3","15","18"
"才为","7","11","18"
"倚仗","6","12","18"
"朝皇","2","16","18"
"沽名","8","10","18"
"列入","1","17","18"
"调集","1","17","18"
"西晋","3","15","18"
"且偷","1","17","18"
"任此","1","17","18"
"黑如","1","17","18"
"一来","2","16","18"
"转战","7","11","18"
"事相","3","15","18"
"大奸","8","10","18"
"增长","1","17","18"
"再进","2","16","18"
"毅然","9","9","18"
"废置","5","13","18"
"盛行","2","16","18"
"施恩","2","16","18"
"宗十","1","17","18"
"姓疾","1","17","18"
"然来","2","16","18"
"讲论","7","11","18"
"习俗","1","17","18"
"但其","3","15","18"
"抗衡","2","16","18"
"居处","6","12","18"
"炎初","9","9","18"
"仅有","1","17","18"
"见机","1","17","18"
"燮〉","18","0","18"
"一祠","1","17","18"
"是本","1","17","18"
"安儿","8","10","18"
"赵拱","2","16","18"
"彭忄","2","16","18"
"收赋","1","17","18"
"命郑","1","17","18"
"玄说","1","17","18"
"奏论","2","16","18"
"令改","1","17","18"
"用唐","1","17","18"
"专横","1","17","18"
"亲在","1","17","18"
"是选","2","16","18"
"后献","1","17","18"
"河边","1","17","18"
"上述","1","17","18"
"修饰","1","17","18"
"决推","0","18","18"
"地回","0","18","18"
"拥戴","0","18","18"
"儿嫁","0","18","18"
"的居","0","18","18"
"重重","0","18","18"
"的怨","0","18","18"
"都像","0","18","18"
"楚的","0","18","18"
"户籍","0","18","18"
"的草","0","18","18"
"样说","0","18","18"
"的竹","0","18","18"
"节令","0","18","18"
"到奇","0","18","18"
"的商","0","18","18"
"将怎","0","18","18"
"像是","0","18","18"
"理上","0","18","18"
"因在","0","18","18"
"松弛","0","18","18"
"妃的","0","18","18"
"的明","0","18","18"
"止的","0","18","18"
"理主","0","18","18"
"么时","0","18","18"
"那种","0","18","18"
"太大","0","18","18"
"示有","0","18","18"
"争及","0","18","18"
"但又","0","18","18"
"就认","0","18","18"
"误了","0","18","18"
"恣意","0","18","18"
"就此","0","18","18"
"拿来","0","18","18"
"然说","0","18","18"
"终还","0","18","18"
"借地","0","18","18"
"判处","0","18","18"
"入监","0","18","18"
"使这","0","18","18"
"但仍","0","18","18"
"把国","0","18","18"
"想在","0","18","18"
"方都","0","18","18"
"能把","0","18","18"
"他留","0","18","18"
"工具","0","18","18"
"哪有","0","18","18"
"昨天","0","18","18"
"而这","0","18","18"
"我和","0","18","18"
"想将","0","18","18"
"道我","0","18","18"
"而只","0","18","18"
"样式","0","18","18"
"并未","0","18","18"
"上写","0","18","18"
"定他","0","18","18"
"的困","0","18","18"
"忽视","0","18","18"
"扬他","0","18","18"
"的良","0","18","18"
"常担","0","18","18"
"们将","0","18","18"
"的智","0","18","18"
"次召","0","18","18"
"还很","0","18","18"
"和你","0","18","18"
"正要","0","18","18"
"自动","0","18","18"
"了官","0","18","18"
"反贼","0","18","18"
"要向","0","18","18"
"他参","0","18","18"
"真实","0","18","18"
"乱时","0","18","18"
"褒扬","0","18","18"
"乡亲","0","18","18"
"的野","0","18","18"
"们把","0","18","18"
"达数","0","18","18"
"忘了","0","18","18"
"老了","0","18","18"
"被大","0","18","18"
"够了","0","18","18"
"的义","0","18","18"
"的来","0","18","18"
"的著","0","18","18"
"都相","0","18","18"
"尼姑","0","18","18"
"墓的","0","18","18"
"拜他","0","18","18"
"动就","0","18","18"
"们交","0","18","18"
"写诗","0","18","18"
"惊讶","0","18","18"
"年发","0","18","18"
"的反","0","18","18"
"起了","0","18","18"
"有获","0","18","18"
"牛的","0","18","18"
"生灾","0","18","18"
"来任","0","18","18"
"适的","0","18","18"
"术的","0","18","18"
"大了","0","18","18"
"职期","0","18","18"
"着大","0","18","18"
"全和","0","18","18"
"经失","0","18","18"
"游历","0","18","18"
"犯土","0","18","18"
"给高","0","18","18"
"江知","0","18","18"
"元的","0","18","18"
"行宗","0","18","18"
"是退","0","18","18"
"呼喊","0","18","18"
"从海","0","18","18"
"达后","0","18","18"
"心协","0","18","18"
"解下","0","18","18"
"次攻","0","18","18"
"的短","0","18","18"
"任前","0","18","18"
"求派","0","18","18"
"刚好","0","18","18"
"现五","0","18","18"
"的陈","0","18","18"
"孤儿","0","18","18"
"收成","0","18","18"
"的元","0","18","18"
"除赋","0","18","18"
"由皇","0","18","18"
"孝期","0","18","18"
"的六","0","18","18"
"显露","0","18","18"
"的叔","0","18","18"
"面一","0","18","18"
"孙的","0","18","18"
"量的","0","18","18"
"用五","0","18","18"
"到六","0","18","18"
"五件","0","18","18"
"习的","0","18","18"
"么用","0","18","18"
"是回","0","18","18"
"纪的","0","18","18"
"的积","0","18","18"
"次的","0","18","18"
"含义","0","18","18"
"五是","0","18","18"
"的县","0","18","18"
"穿丧","0","18","18"
"的尊","0","18","18"
"该加","0","18","18"
"属的","0","18","18"
"的儒","0","18","18"
"连根","0","18","18"
"说要","0","18","18"
"武装","0","18","18"
"深受","0","18","18"
"强悍","0","18","18"
"朝祝","0","18","18"
"献的","0","18","18"
"廷追","0","18","18"
"去告","0","18","18"
"会成","0","18","18"
"被破","0","18","18"
"达十","0","18","18"
"到郊","0","18","18"
"妹妹","0","18","18"
"由他","0","18","18"
"来在","0","18","18"
"阴的","0","18","18"
"淮的","0","18","18"
"的米","0","18","18"
"给别","0","18","18"
"们称","0","18","18"
"年就","0","18","18"
"亮说","0","18","18"
"给吴","0","18","18"
"贬退","0","18","18"
"到蔡","0","18","18"
"被派","0","18","18"
"挑起","0","18","18"
"想用","0","18","18"
"常害","0","18","18"
"邵的","0","18","18"
"么敢","0","18","18"
"来防","0","18","18"
"到御","0","18","18"
"上看","0","18","18"
"他住","0","18","18"
"仍任","0","18","18"
"晋见","0","18","18"
"派部","0","18","18"
"州到","0","18","18"
"队来","0","18","18"
"阻塞","0","18","18"
"同张","0","18","18"
"制浩","0","18","18"
"的银","0","18","18"
"州投","0","18","18"
"政缺","0","18","18"
"衔退","0","18","18"
"背诵","0","18","18"
"细审","0","18","18"
"给络","0","18","18"
"职时","0","18","18"
"复饮","0","18","18"
"名册","0","18","18"
"越级","0","18","18"
"的升","0","18","18"
"蔡枚","0","18","18"
"撞川","0","18","18"
"派统","0","18","18"
"它分","0","18","18"
"曾规","0","18","18"
"见孝","0","18","18"
"八颗","0","18","18"
"前离","0","18","18"
"也请","0","18","18"
"做诗","0","18","18"
"调往","0","18","18"
"他提","0","18","18"
"正巧","0","18","18"
"正赶","0","18","18"
"轼的","0","18","18"
"相因","9","8","17"
"轻舟","13","4","17"
"所问","15","2","17"
"外无","12","5","17"
"自信","10","7","17"
"劝课","9","8","17"
"漏刻","11","6","17"
"明主","12","5","17"
"者欲","17","0","17"
"西流","9","8","17"
"其前","16","1","17"
"季夏","4","13","17"
"昭然","9","8","17"
"之遗","17","0","17"
"时变","11","6","17"
"用辛","10","7","17"
"昔之","17","0","17"
"游猎","9","8","17"
"明矣","17","0","17"
"升天","6","11","17"
"见为","7","10","17"
"乃下","16","1","17"
"飞入","11","6","17"
"皆无","17","0","17"
"未达","17","0","17"
"不肃","16","1","17"
"不终","15","2","17"
"日见","12","5","17"
"帝既","15","2","17"
"谓当","15","2","17"
"闲暇","9","8","17"
"得至","17","0","17"
"于宋","11","6","17"
"臣义","11","6","17"
"休戚","13","4","17"
"有忠","7","10","17"
"以希","10","7","17"
"处不","5","12","17"
"东土","13","4","17"
"咏之","12","5","17"
"至德","13","4","17"
"何可","16","1","17"
"容貌","4","13","17"
"礼无","17","0","17"
"有也","17","0","17"
"之宝","9","8","17"
"日就","5","12","17"
"于近","15","2","17"
"则死","12","5","17"
"君侧","7","10","17"
"非唯","17","0","17"
"易于","9","8","17"
"厚加","12","5","17"
"不往","16","1","17"
"还自","10","7","17"
"往东","4","13","17"
"者七","16","1","17"
"而致","13","4","17"
"以远","13","4","17"
"得在","2","15","17"
"而非","13","4","17"
"者几","16","1","17"
"而论","9","8","17"
"以君","12","5","17"
"多而","5","12","17"
"以己","14","3","17"
"何能","12","5","17"
"之贵","15","2","17"
"贵为","5","12","17"
"孟轲","11","6","17"
"郊野","6","11","17"
"时制","1","16","17"
"当出","11","6","17"
"国戚","4","13","17"
"勋臣","9","8","17"
"等参","12","5","17"
"统之","14","3","17"
"南陵","9","8","17"
"吏一","5","12","17"
"奋发","6","11","17"
"时宜","8","9","17"
"发明","12","5","17"
"伤之","11","6","17"
"于乡","12","5","17"
"观以","9","8","17"
"则反","11","6","17"
"饮之","15","2","17"
"场之","10","7","17"
"官长","10","7","17"
"以施","9","8","17"
"重者","12","5","17"
"到宣","1","16","17"
"区内","2","15","17"
"合战","15","2","17"
"子无","13","4","17"
"道虔","5","12","17"
"多得","5","12","17"
"为甚","16","1","17"
"自存","16","1","17"
"所收","6","11","17"
"自持","11","6","17"
"巫蛊","8","9","17"
"异心","3","14","17"
"发京","16","1","17"
"上至","10","7","17"
"法论","5","12","17"
"诸砦","16","1","17"
"诸臣","16","1","17"
"背气","8","9","17"
"重置","4","13","17"
"庶务","13","4","17"
"邻国","7","10","17"
"亦然","17","0","17"
"当得","14","3","17"
"皆感","16","1","17"
"纵之","16","1","17"
"前为","5","12","17"
"请如","15","2","17"
"荒之","8","9","17"
"为归","10","7","17"
"累日","15","2","17"
"不专","12","5","17"
"以命","8","9","17"
"则与","13","4","17"
"人何","11","6","17"
"为任","11","6","17"
"是范","2","15","17"
"备至","8","9","17"
"或请","17","0","17"
"赏有","15","2","17"
"中道","12","5","17"
"乃去","17","0","17"
"以举","9","8","17"
"说为","6","11","17"
"为对","4","13","17"
"筑室","14","3","17"
"尝曰","17","0","17"
"不厌","14","3","17"
"有诉","10","7","17"
"以渐","14","3","17"
"除授","12","5","17"
"壅蔽","14","3","17"
"疏入","13","4","17"
"后入","11","6","17"
"没官","9","8","17"
"如期","11","6","17"
"为至","13","4","17"
"而听","10","7","17"
"不穷","9","8","17"
"吾所","17","0","17"
"诚能","16","1","17"
"疾求","17","0","17"
"而西","14","3","17"
"以晋","12","5","17"
"以冠","15","2","17"
"限数","8","9","17"
"安十","9","8","17"
"魏公","8","9","17"
"王妃","9","8","17"
"奉圣","8","9","17"
"西域","8","9","17"
"诸署","10","7","17"
"正德","8","9","17"
"可当","10","7","17"
"远略","12","5","17"
"未央","9","8","17"
"尺七","9","8","17"
"强国","7","10","17"
"之卒","17","0","17"
"前星","9","8","17"
"爵为","10","7","17"
"献驯","13","4","17"
"始十","9","8","17"
"之墓","9","8","17"
"一茎","9","8","17"
"守萧","8","9","17"
"宫太","3","14","17"
"举出","2","15","17"
"晋哀","8","9","17"
"帝宁","8","9","17"
"昌二","9","8","17"
"隐之","10","7","17"
"桃李","7","10","17"
"太孙","9","8","17"
"兴大","9","8","17"
"徽二","9","8","17"
"改曰","17","0","17"
"新昌","7","10","17"
"等击","15","2","17"
"督徐","9","8","17"
"慕延","8","9","17"
"以田","14","3","17"
"海国","9","8","17"
"事吕","9","8","17"
"为代","5","12","17"
"进三","12","5","17"
"加左","16","1","17"
"朱能","8","9","17"
"南十","8","9","17"
"仁明","8","9","17"
"若讷","11","6","17"
"颍王","7","10","17"
"达为","7","10","17"
"又陷","17","0","17"
"野为","7","10","17"
"姚古","8","9","17"
"功至","10","7","17"
"文昭","8","9","17"
"淮发","9","8","17"
"淮州","8","9","17"
"货务","8","9","17"
"柳州","8","9","17"
"复李","7","10","17"
"馆校","8","9","17"
"领赵","5","12","17"
"捕贼","9","8","17"
"乡饮","9","8","17"
"正忠","8","9","17"
"王友","10","7","17"
"帛二","7","10","17"
"治行","16","1","17"
"李大","8","9","17"
"兼节","10","7","17"
"行可","8","9","17"
"并开","14","3","17"
"省检","8","9","17"
"薛极","8","9","17"
"身有","14","3","17"
"之兼","9","8","17"
"以别","13","4","17"
"以缗","17","0","17"
"安镇","8","9","17"
"补承","13","4","17"
"属天","16","1","17"
"大陵","8","9","17"
"库空","3","14","17"
"行列","6","11","17"
"嘉郡","8","9","17"
"大宁","8","9","17"
"彰化","8","9","17"
"至尚","7","10","17"
"改右","17","0","17"
"王可","4","13","17"
"崇义","9","8","17"
"知信","11","6","17"
"度都","1","16","17"
"至西","13","4","17"
"进在","3","14","17"
"王守","7","10","17"
"宫建","5","12","17"
"刻玉","8","9","17"
"大曰","16","1","17"
"宗故","14","3","17"
"关东","9","8","17"
"改秘","17","0","17"
"各三","11","6","17"
"宗北","7","10","17"
"官事","8","9","17"
"官太","2","15","17"
"擢进","17","0","17"
"士提","12","5","17"
"权中","11","6","17"
"谕德","9","8","17"
"计其","9","8","17"
"成书","10","7","17"
"外一","1","16","17"
"沿革","8","9","17"
"改制","8","9","17"
"德祐","15","2","17"
"武县","8","9","17"
"宝祐","15","2","17"
"帝讳","16","1","17"
"里人","5","12","17"
"而战","4","13","17"
"子敬","9","8","17"
"斩获","15","2","17"
"东征","9","8","17"
"一夜","4","13","17"
"之已","9","8","17"
"太半","17","0","17"
"其至","17","0","17"
"与卿","14","3","17"
"自元","15","2","17"
"帅以","9","8","17"
"不忧","12","5","17"
"毅等","8","9","17"
"玄之","14","3","17"
"虎口","8","9","17"
"逆战","17","0","17"
"有善","7","10","17"
"一当","8","9","17"
"等诸","14","3","17"
"字也","13","4","17"
"盛衰","7","10","17"
"二城","8","9","17"
"余一","11","6","17"
"其西","15","2","17"
"擢用","15","2","17"
"不退","10","7","17"
"公所","13","4","17"
"与徐","11","6","17"
"所忧","10","7","17"
"里不","3","14","17"
"罪也","14","3","17"
"查浦","9","8","17"
"西岸","5","12","17"
"自淮","15","2","17"
"解甲","14","3","17"
"石所","12","5","17"
"之遣","17","0","17"
"抚其","16","1","17"
"剑二","9","8","17"
"自中","11","6","17"
"藏匿","4","13","17"
"求从","3","14","17"
"于狱","12","5","17"
"州十","10","7","17"
"韩信","6","11","17"
"始得","15","2","17"
"辅弼","10","7","17"
"子来","6","11","17"
"公有","9","8","17"
"及朝","12","5","17"
"以多","10","7","17"
"谷五","9","8","17"
"皆用","16","1","17"
"谢安","7","10","17"
"谢玄","8","9","17"
"减降","5","12","17"
"行四","12","5","17"
"称旨","16","1","17"
"四品","9","8","17"
"神祇","9","8","17"
"庙而","8","9","17"
"幼主","11","6","17"
"时将","5","12","17"
"有迁","6","11","17"
"祀南","10","7","17"
"进围","8","9","17"
"室不","10","7","17"
"令傅","8","9","17"
"送京","10","7","17"
"与郡","15","2","17"
"守徐","8","9","17"
"马刘","8","9","17"
"位一","7","10","17"
"南汉","8","9","17"
"使周","8","9","17"
"湖熟","9","8","17"
"可采","14","3","17"
"罢大","12","5","17"
"陈宪","5","12","17"
"中宗","8","9","17"
"史竟","9","8","17"
"仲尼","13","4","17"
"朝听","3","14","17"
"隶校","8","9","17"
"六师","14","3","17"
"于玄","12","5","17"
"子云","14","3","17"
"南岳","9","8","17"
"德愿","8","9","17"
"帝左","3","14","17"
"祖考","14","3","17"
"流下","3","14","17"
"南讨","11","6","17"
"刘韫","8","9","17"
"行南","10","7","17"
"州义","8","9","17"
"景福","9","8","17"
"及即","17","0","17"
"加罪","8","9","17"
"先出","4","13","17"
"经国","15","2","17"
"人解","7","10","17"
"之游","17","0","17"
"敬则","9","8","17"
"元宝","9","8","17"
"郎胡","8","9","17"
"王入","13","4","17"
"擒之","16","1","17"
"事任","10","7","17"
"会太","13","4","17"
"二旒","8","9","17"
"世本","8","9","17"
"之境","11","6","17"
"帝使","13","4","17"
"钟律","9","8","17"
"周密","5","12","17"
"以木","12","5","17"
"方位","2","15","17"
"受学","9","8","17"
"为商","7","10","17"
"其族","14","3","17"
"六分","8","9","17"
"人时","6","11","17"
"明受","9","8","17"
"落下","2","15","17"
"常是","3","14","17"
"术不","6","11","17"
"分历","2","15","17"
"朔积","8","9","17"
"分设","1","16","17"
"司分","7","10","17"
"入纪","14","3","17"
"月也","15","2","17"
"为分","12","5","17"
"则上","16","1","17"
"复留","17","0","17"
"者云","16","1","17"
"付外","12","5","17"
"变革","1","16","17"
"仪表","1","16","17"
"平帝","6","11","17"
"并从","12","5","17"
"降丧","1","16","17"
"所告","13","4","17"
"后居","8","9","17"
"无服","17","0","17"
"还所","9","8","17"
"尽情","3","14","17"
"服齐","7","10","17"
"但一","1","16","17"
"之公","14","3","17"
"有服","11","6","17"
"在室","6","11","17"
"义大","8","9","17"
"孙盛","8","9","17"
"主所","13","4","17"
"忌日","2","15","17"
"永阳","9","8","17"
"大成","8","9","17"
"养母","6","11","17"
"亦谓","17","0","17"
"不讳","8","9","17"
"情而","3","14","17"
"而举","10","7","17"
"马道","6","11","17"
"虚伪","2","15","17"
"后既","11","6","17"
"土之","12","5","17"
"文采","5","12","17"
"深山","4","13","17"
"以彰","10","7","17"
"东郊","9","8","17"
"与百","5","12","17"
"于成","10","7","17"
"兴仁","9","8","17"
"神不","10","7","17"
"二郊","14","3","17"
"祀后","7","10","17"
"子居","11","6","17"
"有告","13","4","17"
"钱唐","10","7","17"
"凡四","17","0","17"
"间以","6","11","17"
"常典","8","9","17"
"三里","8","9","17"
"我者","14","3","17"
"帝虽","10","7","17"
"一区","14","3","17"
"归心","10","7","17"
"下议","3","14","17"
"而道","11","6","17"
"运动","2","15","17"
"又追","7","10","17"
"古制","10","7","17"
"以象","14","3","17"
"如平","14","3","17"
"立宗","7","10","17"
"其役","16","1","17"
"为阴","8","9","17"
"迁入","8","9","17"
"宋王","3","14","17"
"后迁","3","14","17"
"书无","11","6","17"
"不迎","9","8","17"
"人私","6","11","17"
"下十","7","10","17"
"精明","6","11","17"
"不详","9","8","17"
"则于","12","5","17"
"亮之","10","7","17"
"以疑","14","3","17"
"慈母","7","10","17"
"为别","8","9","17"
"后即","8","9","17"
"深以","8","9","17"
"入淮","10","7","17"
"祀典","9","8","17"
"略之","11","6","17"
"其五","12","5","17"
"大圣","9","8","17"
"衰老","4","13","17"
"士马","15","2","17"
"明末","8","9","17"
"天街","7","10","17"
"外而","9","8","17"
"龙以","12","5","17"
"行乡","8","9","17"
"国玺","6","11","17"
"不置","13","4","17"
"领步","6","11","17"
"弱之","7","10","17"
"之辨","14","3","17"
"吏将","7","10","17"
"封侯","7","10","17"
"为郑","4","13","17"
"好古","9","8","17"
"登哥","17","0","17"
"武始","9","8","17"
"其成","13","4","17"
"不致","1","16","17"
"者德","17","0","17"
"庆云","10","7","17"
"有李","3","14","17"
"代人","6","11","17"
"神农","8","9","17"
"自一","5","12","17"
"为祸","8","9","17"
"赫赫","8","9","17"
"四凶","10","7","17"
"不还","11","6","17"
"追念","8","9","17"
"养士","11","6","17"
"地平","3","14","17"
"止不","4","13","17"
"民得","9","8","17"
"关羽","8","9","17"
"行地","15","2","17"
"城地","2","15","17"
"交错","3","14","17"
"入水","4","13","17"
"旱不","10","7","17"
"至扬","15","2","17"
"凡八","16","1","17"
"于扬","8","9","17"
"出太","14","3","17"
"范等","8","9","17"
"井钺","17","0","17"
"见张","5","12","17"
"于襄","9","8","17"
"越之","3","14","17"
"是失","2","15","17"
"乌十","8","9","17"
"于营","6","11","17"
"师讨","12","5","17"
"失德","12","5","17"
"又三","11","6","17"
"于斗","7","10","17"
"吴分","11","6","17"
"群起","6","11","17"
"下乱","16","1","17"
"陈敏","7","10","17"
"亘天","17","0","17"
"交兵","12","5","17"
"间王","7","10","17"
"于昴","4","13","17"
"等大","6","11","17"
"死将","4","13","17"
"主恶","17","0","17"
"于亢","6","11","17"
"织女","8","9","17"
"权在","9","8","17"
"人戍","7","10","17"
"坚为","7","10","17"
"子忧","15","2","17"
"等举","14","3","17"
"攻广","5","12","17"
"以伐","17","0","17"
"下得","8","9","17"
"受害","6","11","17"
"天库","9","8","17"
"北东","8","9","17"
"致大","10","7","17"
"好文","8","9","17"
"生十","11","6","17"
"郁郁","6","11","17"
"当代","4","13","17"
"书及","11","6","17"
"子夏","7","10","17"
"不省","15","2","17"
"妖言","9","8","17"
"任光","1","16","17"
"分裂","4","13","17"
"沟壑","6","11","17"
"杀一","7","10","17"
"术士","8","9","17"
"言白","17","0","17"
"则我","11","6","17"
"定时","1","16","17"
"年代","2","15","17"
"照耀","1","16","17"
"以统","5","12","17"
"可作","1","16","17"
"往事","9","8","17"
"赞曰","17","0","17"
"在丹","2","15","17"
"定中","8","9","17"
"出北","12","5","17"
"守孟","8","9","17"
"州界","11","6","17"
"丞张","10","7","17"
"二莲","9","8","17"
"并上","5","12","17"
"有作","4","13","17"
"岸边","1","16","17"
"谷丰","7","10","17"
"株连","4","13","17"
"南夷","9","8","17"
"天应","4","13","17"
"一斛","10","7","17"
"海水","7","10","17"
"不曲","10","7","17"
"帝多","6","11","17"
"代王","5","12","17"
"为散","5","12","17"
"而百","7","10","17"
"正阳","9","8","17"
"亢阳","11","6","17"
"口舌","9","8","17"
"即死","13","4","17"
"始在","1","16","17"
"用白","2","15","17"
"于十","6","11","17"
"即授","12","5","17"
"将与","10","7","17"
"以主","10","7","17"
"所诛","16","1","17"
"边戍","12","5","17"
"张弘","7","10","17"
"又同","7","10","17"
"自不","13","4","17"
"显然","2","15","17"
"桑树","1","16","17"
"州杨","9","8","17"
"永久","1","16","17"
"司直","8","9","17"
"违逆","2","15","17"
"制于","13","4","17"
"兵营","2","15","17"
"是夏","8","9","17"
"风拔","14","3","17"
"许还","7","10","17"
"为念","10","7","17"
"北迁","11","6","17"
"建德","8","9","17"
"广阳","8","9","17"
"三事","13","4","17"
"去任","2","15","17"
"驾从","8","9","17"
"请见","11","6","17"
"言笑","9","8","17"
"邑四","9","8","17"
"咨访","13","4","17"
"日必","15","2","17"
"不惟","17","0","17"
"邪之","9","8","17"
"异人","10","7","17"
"骑五","15","2","17"
"用火","2","15","17"
"流言","3","14","17"
"人商","1","16","17"
"引为","10","7","17"
"之固","14","3","17"
"计也","17","0","17"
"为员","7","10","17"
"州在","3","14","17"
"防遏","14","3","17"
"与臣","10","7","17"
"领本","10","7","17"
"宫成","16","1","17"
"是近","2","15","17"
"又乞","15","2","17"
"端坐","9","8","17"
"及前","11","6","17"
"进知","16","1","17"
"有感","5","12","17"
"表臣","9","8","17"
"王微","1","16","17"
"便之","17","0","17"
"当尽","10","7","17"
"其归","14","3","17"
"优劣","8","9","17"
"而敌","11","6","17"
"密旨","9","8","17"
"沙漠","7","10","17"
"使于","16","1","17"
"觉悟","5","12","17"
"而坐","8","9","17"
"助于","2","15","17"
"老将","8","9","17"
"黜为","11","6","17"
"贼势","13","4","17"
"失人","13","4","17"
"攘兵","8","9","17"
"密遣","17","0","17"
"军击","9","8","17"
"以违","8","9","17"
"得于","13","4","17"
"终始","13","4","17"
"居安","8","9","17"
"文率","6","11","17"
"以起","12","5","17"
"被弹","2","15","17"
"侍养","9","8","17"
"顷刻","9","8","17"
"兵全","2","15","17"
"默默","4","13","17"
"为赏","9","8","17"
"有禁","8","9","17"
"地设","2","15","17"
"旧地","5","12","17"
"受业","12","5","17"
"司举","13","4","17"
"在元","2","15","17"
"之口","10","7","17"
"送军","5","12","17"
"僚吏","11","6","17"
"米五","9","8","17"
"宿将","12","5","17"
"宗欲","16","1","17"
"用将","5","12","17"
"诸城","12","5","17"
"众曰","17","0","17"
"知事","10","7","17"
"都将","3","14","17"
"王居","10","7","17"
"来应","3","14","17"
"丧父","5","12","17"
"棺椁","2","15","17"
"吏职","10","7","17"
"渊明","3","14","17"
"嫁娶","8","9","17"
"声誉","5","12","17"
"久在","10","7","17"
"君临","6","11","17"
"知书","10","7","17"
"论道","8","9","17"
"家也","5","12","17"
"举参","2","15","17"
"比得","2","15","17"
"等军","5","12","17"
"之守","10","7","17"
"北水","10","7","17"
"及国","8","9","17"
"与丁","6","11","17"
"养他","1","16","17"
"书数","11","6","17"
"惊愕","4","13","17"
"卿在","8","9","17"
"祖召","3","14","17"
"神色","3","14","17"
"是特","4","13","17"
"李守","6","11","17"
"莫州","8","9","17"
"败李","3","14","17"
"幸城","17","0","17"
"诏郡","14","3","17"
"私第","16","1","17"
"州高","8","9","17"
"军子","9","8","17"
"者听","13","4","17"
"命近","17","0","17"
"美等","8","9","17"
"县一","4","13","17"
"西水","9","8","17"
"出塞","12","5","17"
"进率","7","10","17"
"丹于","16","1","17"
"赵廷","2","15","17"
"者勿","16","1","17"
"寻诏","17","0","17"
"川都","9","8","17"
"发粟","12","5","17"
"知池","11","6","17"
"于州","11","6","17"
"宗见","9","8","17"
"命者","14","3","17"
"他儿","1","16","17"
"古书","6","11","17"
"水决","10","7","17"
"马来","5","12","17"
"丹之","11","6","17"
"库副","9","8","17"
"在别","1","16","17"
"僧人","2","15","17"
"节而","7","10","17"
"元僖","10","7","17"
"衍为","8","9","17"
"富顺","8","9","17"
"享太","8","9","17"
"便者","16","1","17"
"邛州","10","7","17"
"五上","17","0","17"
"学以","11","6","17"
"命两","15","2","17"
"大首","8","9","17"
"登临","1","16","17"
"张昭","8","9","17"
"授左","15","2","17"
"叛者","10","7","17"
"城百","1","16","17"
"钦州","8","9","17"
"因王","1","16","17"
"召李","5","12","17"
"十钱","9","8","17"
"息钱","3","14","17"
"学舍","8","9","17"
"京刑","11","6","17"
"被灾","17","0","17"
"修史","3","14","17"
"贫乏","7","10","17"
"裴度","7","10","17"
"徐王","8","9","17"
"诏全","2","15","17"
"定额","3","14","17"
"使各","7","10","17"
"夸耀","1","16","17"
"一开","5","12","17"
"讲筵","11","6","17"
"士林","8","9","17"
"九龄","9","8","17"
"试武","4","13","17"
"政阙","16","1","17"
"乃罢","17","0","17"
"万代","3","14","17"
"官范","8","9","17"
"知饶","13","4","17"
"戍边","10","7","17"
"刘六","6","11","17"
"罢其","13","4","17"
"纳粟","8","9","17"
"害政","10","7","17"
"林院","2","15","17"
"自制","7","10","17"
"深州","8","9","17"
"孙沔","8","9","17"
"行视","10","7","17"
"除河","3","14","17"
"冗费","9","8","17"
"得任","6","11","17"
"包拯","6","11","17"
"孝之","10","7","17"
"请建","15","2","17"
"建储","15","2","17"
"尧俞","8","9","17"
"才行","6","11","17"
"尉兼","8","9","17"
"涧城","7","10","17"
"次入","1","16","17"
"知邓","14","3","17"
"十策","10","7","17"
"冯京","7","10","17"
"殿宴","3","14","17"
"从学","8","9","17"
"从各","9","8","17"
"为祁","5","12","17"
"外侍","7","10","17"
"中举","6","11","17"
"所进","9","8","17"
"世等","8","9","17"
"湟州","12","5","17"
"继先","8","9","17"
"将中","8","9","17"
"石纲","6","11","17"
"定边","5","12","17"
"禁州","12","5","17"
"法并","1","16","17"
"权邦","9","8","17"
"高世","9","8","17"
"复燕","7","10","17"
"他职","4","13","17"
"张万","8","9","17"
"分两","5","12","17"
"攻太","4","13","17"
"令台","6","11","17"
"京所","10","7","17"
"为单","4","13","17"
"刘晏","8","9","17"
"取决","3","14","17"
"赵子","4","13","17"
"建提","8","9","17"
"祐太","17","0","17"
"宗自","10","7","17"
"谯定","3","14","17"
"抚判","9","8","17"
"通等","7","10","17"
"谢亮","7","10","17"
"新复","16","1","17"
"而遁","17","0","17"
"杀守","16","1","17"
"请令","14","3","17"
"迎拜","9","8","17"
"定海","8","9","17"
"正民","8","9","17"
"李山","6","11","17"
"通书","10","7","17"
"武后","9","8","17"
"炎以","9","8","17"
"寻改","17","0","17"
"徐俯","6","11","17"
"援淮","9","8","17"
"坊场","9","8","17"
"增收","7","10","17"
"杨时","8","9","17"
"试时","1","16","17"
"官参","5","12","17"
"供职","7","10","17"
"还河","4","13","17"
"蓝公","8","9","17"
"官胡","8","9","17"
"龙如","7","10","17"
"行铁","10","7","17"
"凤四","8","9","17"
"李师","8","9","17"
"蜀口","11","6","17"
"就第","15","2","17"
"文会","8","9","17"
"命临","14","3","17"
"詹大","8","9","17"
"置狱","14","3","17"
"谤讪","15","2","17"
"制田","9","8","17"
"私意","9","8","17"
"编辑","1","16","17"
"鹏举","8","9","17"
"贺允","8","9","17"
"仆散","8","9","17"
"中选","4","13","17"
"而请","5","12","17"
"御札","10","7","17"
"乞致","17","0","17"
"散忠","8","9","17"
"置屯","9","8","17"
"冗兵","8","9","17"
"新旧","7","10","17"
"郭雍","5","12","17"
"政记","9","8","17"
"希吕","8","9","17"
"翼日","17","0","17"
"定江","6","11","17"
"教养","7","10","17"
"阁之","11","6","17"
"社仓","8","9","17"
"王蔺","8","9","17"
"就问","5","12","17"
"因请","17","0","17"
"朕所","12","5","17"
"汪义","4","13","17"
"乞令","16","1","17"
"盐之","13","4","17"
"郭倬","8","9","17"
"书史","8","9","17"
"首论","16","1","17"
"李沐","7","10","17"
"彦呐","8","9","17"
"大言","15","2","17"
"郑损","8","9","17"
"两秩","14","3","17"
"权奸","8","9","17"
"赵胜","6","11","17"
"游似","15","2","17"
"向有","2","15","17"
"诏趣","17","0","17"
"退则","9","8","17"
"复襄","8","9","17"
"余晦","8","9","17"
"飞奏","14","3","17"
"报战","1","16","17"
"为许","2","15","17"
"给有","2","15","17"
"召陈","4","13","17"
"恭顺","4","13","17"
"从黄","1","16","17"
"或劝","17","0","17"
"窥测","5","12","17"
"泽上","5","12","17"
"李淳","7","10","17"
"面二","3","14","17"
"交出","1","16","17"
"两旁","4","13","17"
"对峙","2","15","17"
"迟缓","1","16","17"
"方去","2","15","17"
"为喜","13","4","17"
"宿四","6","11","17"
"食其","15","2","17"
"下和","5","12","17"
"论兵","7","10","17"
"国忧","16","1","17"
"暴死","6","11","17"
"不向","3","14","17"
"延德","9","8","17"
"先用","1","16","17"
"牢狱","2","15","17"
"积水","6","11","17"
"朱雀","1","16","17"
"登歌","1","16","17"
"知王","8","9","17"
"己意","9","8","17"
"得非","8","9","17"
"一钱","9","8","17"
"朝上","3","14","17"
"人手","2","15","17"
"权术","2","15","17"
"宗意","13","4","17"
"是宫","2","15","17"
"许诺","4","13","17"
"兵乘","5","12","17"
"职归","1","16","17"
"帝遣","16","1","17"
"疾请","16","1","17"
"下军","1","16","17"
"中曰","17","0","17"
"与光","9","8","17"
"多取","10","7","17"
"自主","2","15","17"
"接战","8","9","17"
"十条","3","14","17"
"论当","6","11","17"
"经对","1","16","17"
"宁年","1","16","17"
"责以","12","5","17"
"怡然","8","9","17"
"全与","10","7","17"
"能预","3","14","17"
"边各","1","16","17"
"分布","7","10","17"
"副职","1","16","17"
"询访","7","10","17"
"道安","7","10","17"
"此作","2","15","17"
"奏称","1","16","17"
"藩篱","11","6","17"
"以完","2","15","17"
"成效","2","15","17"
"不衰","9","8","17"
"以刚","8","9","17"
"刘沪","3","14","17"
"有唐","7","10","17"
"一将","10","7","17"
"隔一","2","15","17"
"总揽","2","15","17"
"润甫","8","9","17"
"敦厚","1","16","17"
"抗疏","15","2","17"
"谢绛","2","15","17"
"尝论","17","0","17"
"高位","4","13","17"
"亮死","9","8","17"
"接伴","9","8","17"
"李仲","6","11","17"
"于宰","8","9","17"
"圣中","13","4","17"
"规制","1","16","17"
"信义","5","12","17"
"向不","3","14","17"
"进读","12","5","17"
"行文","4","13","17"
"刘三","6","11","17"
"才以","7","10","17"
"为与","2","15","17"
"自若","9","8","17"
"纳谏","8","9","17"
"家法","5","12","17"
"监视","1","16","17"
"策问","5","12","17"
"宗登","4","13","17"
"去朝","8","9","17"
"四大","5","12","17"
"御批","9","8","17"
"臣希","1","16","17"
"荆棘","4","13","17"
"制知","14","3","17"
"后升","2","15","17"
"为好","4","13","17"
"中奏","8","9","17"
"不体","2","15","17"
"从张","4","13","17"
"圣学","10","7","17"
"管太","5","12","17"
"面目","7","10","17"
"诏任","1","16","17"
"两城","8","9","17"
"司机","6","11","17"
"子范","3","14","17"
"者去","7","10","17"
"纯之","8","9","17"
"任主","1","16","17"
"顾及","1","16","17"
"后用","3","14","17"
"去上","1","16","17"
"积粮","4","13","17"
"是心","3","14","17"
"果说","1","16","17"
"而说","2","15","17"
"好好","1","16","17"
"经由","2","15","17"
"地重","3","14","17"
"县里","1","16","17"
"梦莘","5","12","17"
"常惊","1","16","17"
"为兼","2","15","17"
"有许","2","15","17"
"在杭","3","14","17"
"梦玉","8","9","17"
"自决","2","15","17"
"承人","1","16","17"
"痛恨","1","16","17"
"要说","1","16","17"
"发挥","1","16","17"
"大顺","8","9","17"
"起进","2","15","17"
"向与","2","15","17"
"计较","1","16","17"
"交情","1","16","17"
"去相","2","15","17"
"有空","1","16","17"
"条列","3","14","17"
"诬蔑","1","16","17"
"降刘","4","13","17"
"子马","6","11","17"
"戒令","1","16","17"
"万兵","2","15","17"
"转告","1","16","17"
"搜求","1","16","17"
"逢迎","1","16","17"
"解救","1","16","17"
"任谅","1","16","17"
"拟定","0","17","17"
"有办","0","17","17"
"我亲","0","17","17"
"逐条","0","17","17"
"批评","0","17","17"
"是贤","0","17","17"
"就成","0","17","17"
"立起","0","17","17"
"组织","0","17","17"
"区分","0","17","17"
"白的","0","17","17"
"半时","0","17","17"
"部被","0","17","17"
"分开","0","17","17"
"这类","0","17","17"
"葬完","0","17","17"
"们共","0","17","17"
"让的","0","17","17"
"敬的","0","17","17"
"酒的","0","17","17"
"持祭","0","17","17"
"祭时","0","17","17"
"冬祭","0","17","17"
"循的","0","17","17"
"通报","0","17","17"
"且要","0","17","17"
"到百","0","17","17"
"他安","0","17","17"
"就因","0","17","17"
"到哪","0","17","17"
"被灭","0","17","17"
"类似","0","17","17"
"也曾","0","17","17"
"所想","0","17","17"
"兵们","0","17","17"
"是奸","0","17","17"
"灭他","0","17","17"
"很容","0","17","17"
"记住","0","17","17"
"着自","0","17","17"
"的影","0","17","17"
"们能","0","17","17"
"再说","0","17","17"
"不走","0","17","17"
"候就","0","17","17"
"深的","0","17","17"
"封地","0","17","17"
"驿车","0","17","17"
"着不","0","17","17"
"他本","0","17","17"
"的冤","0","17","17"
"怕会","0","17","17"
"会这","0","17","17"
"和谢","0","17","17"
"追查","0","17","17"
"将说","0","17","17"
"我说","0","17","17"
"护他","0","17","17"
"羡慕","0","17","17"
"越的","0","17","17"
"讥笑","0","17","17"
"人吃","0","17","17"
"凭着","0","17","17"
"来人","0","17","17"
"顺利","0","17","17"
"你说","0","17","17"
"此对","0","17","17"
"卫的","0","17","17"
"就到","0","17","17"
"能实","0","17","17"
"你有","0","17","17"
"幸福","0","17","17"
"作恶","0","17","17"
"异族","0","17","17"
"么多","0","17","17"
"们想","0","17","17"
"以满","0","17","17"
"脱下","0","17","17"
"跟他","0","17","17"
"都把","0","17","17"
"诚恳","0","17","17"
"而你","0","17","17"
"区百","0","17","17"
"是万","0","17","17"
"的农","0","17","17"
"病了","0","17","17"
"染病","0","17","17"
"地采","0","17","17"
"光圈","0","17","17"
"别处","0","17","17"
"赶紧","0","17","17"
"眼泪","0","17","17"
"完后","0","17","17"
"理宫","0","17","17"
"的盐","0","17","17"
"起作","0","17","17"
"程王","0","17","17"
"睡觉","0","17","17"
"流的","0","17","17"
"的语","0","17","17"
"望得","0","17","17"
"就回","0","17","17"
"劳的","0","17","17"
"千名","0","17","17"
"犯束","0","17","17"
"祖当","0","17","17"
"雯为","0","17","17"
"密说","0","17","17"
"任度","0","17","17"
"任史","0","17","17"
"残余","0","17","17"
"游览","0","17","17"
"打他","0","17","17"
"接他","0","17","17"
"给安","0","17","17"
"勤奋","0","17","17"
"发起","0","17","17"
"另有","0","17","17"
"打了","0","17","17"
"推测","0","17","17"
"就进","0","17","17"
"道后","0","17","17"
"廷官","0","17","17"
"忽略","0","17","17"
"因犯","0","17","17"
"回后","0","17","17"
"的淮","0","17","17"
"和大","0","17","17"
"委派","0","17","17"
"爱的","0","17","17"
"败叛","0","17","17"
"只用","0","17","17"
"嫔妃","0","17","17"
"他十","0","17","17"
"了以","0","17","17"
"详尽","0","17","17"
"刘宋","0","17","17"
"的瑞","0","17","17"
"情感","0","17","17"
"测量","0","17","17"
"了吗","0","17","17"
"混杂","0","17","17"
"下征","0","17","17"
"对金","0","17","17"
"到它","0","17","17"
"造了","0","17","17"
"的祥","0","17","17"
"法就","0","17","17"
"沿用","0","17","17"
"度又","0","17","17"
"解的","0","17","17"
"的告","0","17","17"
"启奏","0","17","17"
"到水","0","17","17"
"意他","0","17","17"
"的爱","0","17","17"
"容许","0","17","17"
"痛惜","0","17","17"
"想立","0","17","17"
"返归","0","17","17"
"非议","0","17","17"
"提高","0","17","17"
"到原","0","17","17"
"后派","0","17","17"
"的花","0","17","17"
"的近","0","17","17"
"刮起","0","17","17"
"示君","0","17","17"
"银河","0","17","17"
"亲眼","0","17","17"
"宿代","0","17","17"
"火的","0","17","17"
"文说","0","17","17"
"告示","0","17","17"
"两只","0","17","17"
"他大","0","17","17"
"的从","0","17","17"
"福气","0","17","17"
"的耻","0","17","17"
"六件","0","17","17"
"把大","0","17","17"
"屋顶","0","17","17"
"际是","0","17","17"
"也从","0","17","17"
"被淹","0","17","17"
"掌朝","0","17","17"
"被连","0","17","17"
"根拔","0","17","17"
"都流","0","17","17"
"让刘","0","17","17"
"急需","0","17","17"
"祖听","0","17","17"
"不这","0","17","17"
"他弟","0","17","17"
"他迁","0","17","17"
"起任","0","17","17"
"江边","0","17","17"
"到内","0","17","17"
"们两","0","17","17"
"郡里","0","17","17"
"怀恨","0","17","17"
"和赵","0","17","17"
"队前","0","17","17"
"事吗","0","17","17"
"们请","0","17","17"
"求调","0","17","17"
"除这","0","17","17"
"降他","0","17","17"
"都听","0","17","17"
"焘说","0","17","17"
"分管","0","17","17"
"第探","0","17","17"
"正副","0","17","17"
"副长","0","17","17"
"的监","0","17","17"
"士后","0","17","17"
"样符","0","17","17"
"琶州","0","17","17"
"盗寇","0","17","17"
"元握","0","17","17"
"瓷内","0","17","17"
"宗溢","0","17","17"
"数次","0","17","17"
"任秦","0","17","17"
"吊丧","0","17","17"
"音文","0","17","17"
"符年","0","17","17"
"被编","0","17","17"
"箔州","0","17","17"
"京后","0","17","17"
"世派","0","17","17"
"俊派","0","17","17"
"忠到","0","17","17"
"忠派","0","17","17"
"庭湖","0","17","17"
"向金","0","17","17"
"纸币","0","17","17"
"镇说","0","17","17"
"对赵","0","17","17"
"考进","0","17","17"
"短处","0","17","17"
"廷后","0","17","17"
"取进","0","17","17"
"说岳","0","17","17"
"任泉","0","17","17"
"吴瞞","0","17","17"
"胄被","0","17","17"
"陈仲","0","17","17"
"于丹","8","8","16"
"服也","14","2","16"
"民望","12","4","16"
"以地","14","2","16"
"方伯","13","3","16"
"诸镇","15","1","16"
"穷凶","8","8","16"
"守宰","14","2","16"
"之规","15","1","16"
"礼而","7","9","16"
"若夫","16","0","16"
"方所","9","7","16"
"为能","9","7","16"
"林钟","8","8","16"
"三府","8","8","16"
"与上","7","9","16"
"月行","14","2","16"
"不违","5","11","16"
"当给","4","12","16"
"告者","12","4","16"
"变易","11","5","16"
"今复","16","0","16"
"既葬","16","0","16"
"后复","11","5","16"
"同皇","5","11","16"
"未经","9","7","16"
"相推","8","8","16"
"别宫","8","8","16"
"君道","10","6","16"
"吉祭","5","11","16"
"岂得","16","0","16"
"之次","15","1","16"
"荣华","3","13","16"
"帝乃","14","2","16"
"明于","14","2","16"
"终以","13","3","16"
"终之","12","4","16"
"明旦","16","0","16"
"此何","16","0","16"
"类也","14","2","16"
"义也","12","4","16"
"物而","6","10","16"
"如常","14","2","16"
"以警","5","11","16"
"晋江","12","4","16"
"手写","2","14","16"
"宁可","8","8","16"
"之既","14","2","16"
"臣何","13","3","16"
"得还","14","2","16"
"又非","13","3","16"
"劫盗","11","5","16"
"于将","4","12","16"
"莫有","15","1","16"
"何得","14","2","16"
"得见","12","4","16"
"未为","15","1","16"
"立朝","13","3","16"
"老于","14","2","16"
"仰望","3","13","16"
"其财","13","3","16"
"心事","2","14","16"
"究其","7","9","16"
"闻此","15","1","16"
"将曰","15","1","16"
"关人","3","13","16"
"汝等","16","0","16"
"目之","15","1","16"
"义在","7","9","16"
"光泽","8","8","16"
"面见","3","13","16"
"善人","7","9","16"
"世务","13","3","16"
"未远","15","1","16"
"此意","11","5","16"
"之经","11","5","16"
"梁之","8","8","16"
"师入","14","2","16"
"则生","16","0","16"
"可遣","16","0","16"
"一而","10","6","16"
"因缘","13","3","16"
"定于","11","5","16"
"不逮","15","1","16"
"身死","6","10","16"
"食尽","12","4","16"
"之平","12","4","16"
"议遂","15","1","16"
"盛典","8","8","16"
"元琰","9","7","16"
"窃以","15","1","16"
"忧勤","12","4","16"
"臣非","14","2","16"
"行无","9","7","16"
"未获","7","9","16"
"解褐","14","2","16"
"无缘","5","11","16"
"分了","1","15","16"
"宇宙","8","8","16"
"下更","10","6","16"
"方式","1","15","16"
"及后","11","5","16"
"我常","3","13","16"
"以延","10","6","16"
"宠之","12","4","16"
"之能","14","2","16"
"下才","3","13","16"
"无日","13","3","16"
"食者","13","3","16"
"并起","9","7","16"
"而世","11","5","16"
"之远","13","3","16"
"者死","14","2","16"
"所忌","11","5","16"
"赐与","10","6","16"
"及五","9","7","16"
"今事","9","7","16"
"安出","9","7","16"
"得全","12","4","16"
"城四","8","8","16"
"天台","8","8","16"
"瓦解","5","11","16"
"与俱","15","1","16"
"已入","10","6","16"
"观其","16","0","16"
"复古","8","8","16"
"谓天","11","5","16"
"姓流","4","12","16"
"居前","13","3","16"
"当重","7","9","16"
"境土","11","5","16"
"诏起","11","5","16"
"其巢","13","3","16"
"语其","16","0","16"
"非便","16","0","16"
"业已","10","6","16"
"无虞","16","0","16"
"及闻","16","0","16"
"国六","4","12","16"
"请外","15","1","16"
"以固","12","4","16"
"军实","15","1","16"
"切直","11","5","16"
"事机","9","7","16"
"而易","6","10","16"
"贤否","12","4","16"
"举措","8","8","16"
"为动","13","3","16"
"而多","9","7","16"
"而尽","12","4","16"
"不乱","8","8","16"
"意所","10","6","16"
"人始","15","1","16"
"白太","15","1","16"
"皆死","16","0","16"
"大利","12","4","16"
"亲老","14","2","16"
"到如","1","15","16"
"时当","4","12","16"
"自他","3","13","16"
"郡府","7","9","16"
"济为","10","6","16"
"军随","5","11","16"
"褚湛","7","9","16"
"遗宝","8","8","16"
"兵反","9","7","16"
"九皇","8","8","16"
"刘崇","7","9","16"
"史蔡","8","8","16"
"赴京","6","10","16"
"侯伯","8","8","16"
"水校","8","8","16"
"又减","7","9","16"
"日冬","11","5","16"
"汉仪","11","5","16"
"关内","8","8","16"
"军城","9","7","16"
"灵之","9","7","16"
"斗二","13","3","16"
"露元","9","7","16"
"汲桑","9","7","16"
"平城","7","9","16"
"堪为","12","4","16"
"余姚","9","7","16"
"后星","8","8","16"
"逊位","13","3","16"
"人首","2","14","16"
"公刘","5","11","16"
"王天","10","6","16"
"中平","10","6","16"
"襄平","9","7","16"
"生中","5","11","16"
"万数","14","2","16"
"黄鹄","7","9","16"
"隆和","7","9","16"
"龙元","9","7","16"
"休永","8","8","16"
"金墉","8","8","16"
"分离","4","12","16"
"柴桑","8","8","16"
"康令","9","7","16"
"帝改","9","7","16"
"赵国","3","13","16"
"属济","8","8","16"
"恩以","11","5","16"
"使石","7","9","16"
"都点","7","9","16"
"子德","14","2","16"
"茶场","8","8","16"
"赡为","6","10","16"
"林为","9","7","16"
"威塞","8","8","16"
"为驾","7","9","16"
"吉为","9","7","16"
"显为","8","8","16"
"以山","12","4","16"
"加王","8","8","16"
"茶帛","8","8","16"
"书户","8","8","16"
"族军","2","14","16"
"朝参","9","7","16"
"州宣","8","8","16"
"圣烈","9","7","16"
"高氏","8","8","16"
"华阴","8","8","16"
"固知","14","2","16"
"丰五","7","9","16"
"使梁","7","9","16"
"首数","13","3","16"
"镇洮","10","6","16"
"太乙","10","6","16"
"郭京","4","12","16"
"人修","5","11","16"
"陈通","8","8","16"
"书黄","9","7","16"
"郎范","8","8","16"
"茶陵","8","8","16"
"置京","8","8","16"
"谢向","7","9","16"
"贼刘","5","11","16"
"司招","7","9","16"
"罢都","11","5","16"
"陈诚","8","8","16"
"东常","8","8","16"
"降授","10","6","16"
"士虞","8","8","16"
"兼湖","8","8","16"
"通为","10","6","16"
"扎御","7","9","16"
"降三","10","6","16"
"使薛","7","9","16"
"光尧","8","8","16"
"官法","8","8","16"
"东招","8","8","16"
"举玉","8","8","16"
"子后","6","10","16"
"有补","9","7","16"
"节郎","8","8","16"
"子进","5","11","16"
"与芮","14","2","16"
"兼夔","8","8","16"
"路策","8","8","16"
"正任","8","8","16"
"杰以","11","5","16"
"书兵","9","7","16"
"北制","8","8","16"
"独松","8","8","16"
"武以","15","1","16"
"克愚","8","8","16"
"州今","8","8","16"
"积翁","8","8","16"
"岁丰","12","4","16"
"库楼","8","8","16"
"北落","8","8","16"
"与五","6","10","16"
"封武","14","2","16"
"有集","13","3","16"
"比部","8","8","16"
"左领","8","8","16"
"魏咸","8","8","16"
"赠左","10","6","16"
"为彰","7","9","16"
"吕余","7","9","16"
"预修","13","3","16"
"以郭","13","3","16"
"为川","7","9","16"
"清军","8","8","16"
"部铨","8","8","16"
"天院","8","8","16"
"源观","8","8","16"
"抚招","8","8","16"
"丞兼","8","8","16"
"为祥","8","8","16"
"诰兼","8","8","16"
"赵州","7","9","16"
"铁副","8","8","16"
"书祠","8","8","16"
"通义","7","9","16"
"李雄","9","7","16"
"兼工","9","7","16"
"录检","8","8","16"
"国县","8","8","16"
"司审","7","9","16"
"事记","2","14","16"
"师友","9","7","16"
"四卷","8","8","16"
"有规","2","14","16"
"为如","5","11","16"
"如京","9","7","16"
"知宁","12","4","16"
"干当","8","8","16"
"北提","7","9","16"
"平府","9","7","16"
"生阳","8","8","16"
"至武","10","6","16"
"旗鼓","7","9","16"
"寻知","16","0","16"
"荆楚","8","8","16"
"震天","6","10","16"
"遣高","9","7","16"
"宣武","8","8","16"
"祖登","5","11","16"
"诛除","2","14","16"
"北府","8","8","16"
"举大","10","6","16"
"骁将","12","4","16"
"而走","10","6","16"
"宣阳","8","8","16"
"乱政","5","11","16"
"雄豪","3","13","16"
"以绝","15","1","16"
"遇于","15","1","16"
"华容","9","7","16"
"传首","15","1","16"
"等至","15","1","16"
"江津","9","7","16"
"陵平","8","8","16"
"而返","4","12","16"
"守赵","11","5","16"
"留府","11","5","16"
"大城","8","8","16"
"从长","2","14","16"
"卿所","12","4","16"
"不语","4","12","16"
"马二","11","5","16"
"恐其","16","0","16"
"蔡洲","10","6","16"
"是众","4","12","16"
"震慑","10","6","16"
"枝江","8","8","16"
"悉力","16","0","16"
"谨守","5","11","16"
"声不","5","11","16"
"断之","15","1","16"
"遣参","11","5","16"
"皆伏","16","0","16"
"送还","9","7","16"
"事尽","10","6","16"
"之极","11","5","16"
"集之","11","5","16"
"拜不","11","5","16"
"射刘","7","9","16"
"居东","11","5","16"
"因革","10","6","16"
"隆庆","9","7","16"
"清议","12","4","16"
"之祀","16","0","16"
"所减","8","8","16"
"军高","7","9","16"
"所对","8","8","16"
"止一","7","9","16"
"得复","15","1","16"
"于延","14","2","16"
"淮以","12","4","16"
"其祸","13","3","16"
"虏攻","11","5","16"
"乐府","9","7","16"
"驾还","16","0","16"
"是乎","15","1","16"
"职之","11","5","16"
"指陈","10","6","16"
"玄武","9","7","16"
"相周","8","8","16"
"军谘","6","10","16"
"绍为","9","7","16"
"县王","8","8","16"
"春二","8","8","16"
"赐王","10","6","16"
"白下","9","7","16"
"其方","13","3","16"
"济济","8","8","16"
"如也","15","1","16"
"景为","10","6","16"
"兵役","8","8","16"
"朕意","16","0","16"
"除御","9","7","16"
"淹为","9","7","16"
"今百","13","3","16"
"刘思","9","7","16"
"御府","9","7","16"
"章王","8","8","16"
"期亲","10","6","16"
"清台","9","7","16"
"霍山","6","10","16"
"乌江","8","8","16"
"郡大","12","4","16"
"史薛","8","8","16"
"宗与","6","10","16"
"庶事","14","2","16"
"不谨","9","7","16"
"余事","13","3","16"
"未即","15","1","16"
"军破","15","1","16"
"以青","15","1","16"
"灵遗","8","8","16"
"封新","14","2","16"
"减天","12","4","16"
"色曰","16","0","16"
"文词","8","8","16"
"如大","6","10","16"
"法以","13","3","16"
"之马","6","10","16"
"顺天","5","11","16"
"杨万","8","8","16"
"柳世","5","11","16"
"南宣","8","8","16"
"河渠","6","10","16"
"之瑞","15","1","16"
"虞书","8","8","16"
"和顺","1","15","16"
"乃奏","15","1","16"
"以感","7","9","16"
"分而","7","9","16"
"南吕","7","9","16"
"数四","16","0","16"
"人长","4","12","16"
"而四","10","6","16"
"历之","15","1","16"
"生者","14","2","16"
"六律","8","8","16"
"既上","14","2","16"
"讲习","5","11","16"
"歌声","3","13","16"
"乐也","14","2","16"
"可依","7","9","16"
"长四","7","9","16"
"辞曰","15","1","16"
"有凤","6","10","16"
"天相","9","7","16"
"元以","9","7","16"
"战国","9","7","16"
"今国","9","7","16"
"岁而","13","3","16"
"为积","10","6","16"
"日度","16","0","16"
"月合","9","7","16"
"合终","8","8","16"
"岁终","12","4","16"
"月法","7","9","16"
"水以","9","7","16"
"土德","8","8","16"
"远祖","2","14","16"
"十许","16","0","16"
"其冲","15","1","16"
"土圭","9","7","16"
"监国","9","7","16"
"书官","5","11","16"
"郎以","9","7","16"
"如水","4","12","16"
"上及","12","4","16"
"旦夕","14","2","16"
"此获","3","13","16"
"四渎","9","7","16"
"便除","4","12","16"
"行服","8","8","16"
"官复","3","13","16"
"武事","11","5","16"
"而身","8","8","16"
"以近","13","3","16"
"怀太","3","13","16"
"待命","8","8","16"
"子贵","12","4","16"
"相称","5","11","16"
"为兄","9","7","16"
"除不","3","13","16"
"服者","15","1","16"
"从政","7","9","16"
"制者","14","2","16"
"子皆","14","2","16"
"闰六","4","12","16"
"在六","4","12","16"
"王去","6","10","16"
"庾蔚","7","9","16"
"必无","14","2","16"
"身居","4","12","16"
"庶母","7","9","16"
"自作","10","6","16"
"成命","7","9","16"
"其象","15","1","16"
"帝复","10","6","16"
"等之","8","8","16"
"非国","14","2","16"
"宜与","13","3","16"
"借给","2","14","16"
"阴之","12","4","16"
"配上","10","6","16"
"四世","9","7","16"
"元日","11","5","16"
"为社","11","5","16"
"业不","6","10","16"
"坛场","4","12","16"
"在魏","3","13","16"
"经不","3","13","16"
"子当","11","5","16"
"其劳","14","2","16"
"于社","9","7","16"
"为失","12","4","16"
"遇雨","11","5","16"
"祀用","2","14","16"
"仁等","7","9","16"
"以避","10","6","16"
"所定","7","9","16"
"巍巍","9","7","16"
"自重","7","9","16"
"非臣","16","0","16"
"协和","4","12","16"
"明达","8","8","16"
"之列","4","12","16"
"文中","2","14","16"
"将使","5","11","16"
"泉之","10","6","16"
"金之","10","6","16"
"美之","13","3","16"
"有当","6","10","16"
"妃之","10","6","16"
"鼎元","9","7","16"
"子二","11","5","16"
"等入","16","0","16"
"毁弃","2","14","16"
"祖开","5","11","16"
"事从","8","8","16"
"守其","12","4","16"
"回复","2","14","16"
"非正","9","7","16"
"庙大","1","15","16"
"其原","5","11","16"
"出后","5","11","16"
"一城","10","6","16"
"列国","9","7","16"
"皇女","8","8","16"
"秋之","9","7","16"
"初无","16","0","16"
"恭以","15","1","16"
"祭法","8","8","16"
"不辨","13","3","16"
"隆以","13","3","16"
"卿有","8","8","16"
"君上","4","12","16"
"常道","6","10","16"
"国是","9","7","16"
"臣从","8","8","16"
"僧道","9","7","16"
"主即","5","11","16"
"于清","7","9","16"
"大祀","5","11","16"
"方诸","7","9","16"
"田中","5","11","16"
"咸阳","8","8","16"
"卫之","10","6","16"
"其墓","14","2","16"
"按旧","2","14","16"
"加爵","10","6","16"
"车前","4","12","16"
"造之","15","1","16"
"辇车","2","14","16"
"代所","3","13","16"
"中衣","7","9","16"
"路以","11","5","16"
"命妇","8","8","16"
"晋怀","7","9","16"
"简略","3","13","16"
"而长","6","10","16"
"中令","8","8","16"
"宋末","8","8","16"
"衣帽","2","14","16"
"待以","10","6","16"
"主王","11","5","16"
"两头","9","7","16"
"有东","8","8","16"
"黄袍","8","8","16"
"说高","1","15","16"
"氏及","8","8","16"
"非凡","5","11","16"
"天德","9","7","16"
"汉祖","9","7","16"
"使二","9","7","16"
"颂声","9","7","16"
"南土","8","8","16"
"为鲁","5","11","16"
"以接","3","13","16"
"出郊","12","4","16"
"人尚","10","6","16"
"有等","4","12","16"
"以惠","15","1","16"
"长六","8","8","16"
"事出","11","5","16"
"远被","4","12","16"
"其占","12","4","16"
"蚩尤","9","7","16"
"搜索","2","14","16"
"正南","7","9","16"
"其权","13","3","16"
"合时","2","14","16"
"入地","6","10","16"
"后园","9","7","16"
"无方","7","9","16"
"王到","1","15","16"
"醉酒","2","14","16"
"如孙","8","8","16"
"十句","8","8","16"
"应运","8","8","16"
"有石","10","6","16"
"晋德","8","8","16"
"是经","1","15","16"
"青云","11","5","16"
"如飞","9","7","16"
"乌林","7","9","16"
"怀不","9","7","16"
"以察","12","4","16"
"南极","8","8","16"
"最长","3","13","16"
"铸铜","9","7","16"
"案占","16","0","16"
"六安","8","8","16"
"白为","9","7","16"
"林中","4","12","16"
"又征","3","13","16"
"星陨","11","5","16"
"杀者","8","8","16"
"累月","12","4","16"
"昼陨","16","0","16"
"浚又","3","13","16"
"气亘","16","0","16"
"出奔","15","1","16"
"所攻","9","7","16"
"将忧","16","0","16"
"时尚","6","10","16"
"充为","7","9","16"
"相侵","9","7","16"
"帝疾","15","1","16"
"少子","12","4","16"
"立王","7","9","16"
"有刘","7","9","16"
"州失","8","8","16"
"气贯","8","8","16"
"臣贼","6","10","16"
"诛戮","13","3","16"
"牛多","8","8","16"
"下可","8","8","16"
"于常","12","4","16"
"登帝","3","13","16"
"知我","7","9","16"
"拔木","15","1","16"
"长有","2","14","16"
"来以","2","14","16"
"而过","6","10","16"
"子气","8","8","16"
"张良","2","14","16"
"所授","8","8","16"
"朝自","8","8","16"
"九穗","8","8","16"
"不谋","8","8","16"
"加于","8","8","16"
"下于","12","4","16"
"如以","8","8","16"
"必亡","10","6","16"
"改姓","6","10","16"
"三者","12","4","16"
"观者","12","4","16"
"布列","4","12","16"
"盛之","9","7","16"
"顾之","8","8","16"
"可大","12","4","16"
"都还","1","15","16"
"黑龙","8","8","16"
"郡江","11","5","16"
"书者","13","3","16"
"在常","2","14","16"
"故鄣","8","8","16"
"阳内","8","8","16"
"有甘","3","13","16"
"人奉","10","6","16"
"盛时","7","9","16"
"鸱尾","11","5","16"
"弥漫","2","14","16"
"蓉二","8","8","16"
"昌国","8","8","16"
"于梁","6","10","16"
"虎槛","8","8","16"
"是处","2","14","16"
"考城","8","8","16"
"东部","2","14","16"
"皓宝","8","8","16"
"蚕成","9","7","16"
"服妖","8","8","16"
"宠臣","1","15","16"
"才人","8","8","16"
"国必","7","9","16"
"再攻","9","7","16"
"晋末","9","7","16"
"然相","3","13","16"
"雌鸡","8","8","16"
"昌城","4","12","16"
"石穴","8","8","16"
"都之","8","8","16"
"常事","8","8","16"
"诏废","5","11","16"
"及京","10","6","16"
"已得","9","7","16"
"日得","11","5","16"
"满朝","3","13","16"
"等复","16","0","16"
"此正","14","2","16"
"乳母","6","10","16"
"是九","1","15","16"
"复无","4","12","16"
"时官","7","9","16"
"数尺","8","8","16"
"马而","8","8","16"
"此有","9","7","16"
"则百","12","4","16"
"围而","6","10","16"
"是杨","1","15","16"
"左迁","16","0","16"
"冲天","3","13","16"
"白鹭","7","9","16"
"头目","11","5","16"
"远在","5","11","16"
"位已","4","12","16"
"亦多","15","1","16"
"冢宰","14","2","16"
"明其","11","5","16"
"称庆","2","14","16"
"诘问","4","12","16"
"女色","4","12","16"
"王和","2","14","16"
"天来","3","13","16"
"门口","1","15","16"
"陆一","15","1","16"
"帝分","9","7","16"
"属太","10","6","16"
"谷熟","12","4","16"
"海县","7","9","16"
"皆由","15","1","16"
"短长","12","4","16"
"月卒","13","3","16"
"群蛮","10","6","16"
"之目","11","5","16"
"访以","15","1","16"
"疾辞","15","1","16"
"精力","3","13","16"
"请出","12","4","16"
"祖等","8","8","16"
"生所","8","8","16"
"自提","3","13","16"
"已平","10","6","16"
"字季","8","8","16"
"此贼","13","3","16"
"大雾","5","11","16"
"正员","8","8","16"
"至河","12","4","16"
"避之","14","2","16"
"所倚","8","8","16"
"聚合","2","14","16"
"年终","2","14","16"
"将无","11","5","16"
"本国","5","11","16"
"论而","3","13","16"
"又都","1","15","16"
"为郎","9","7","16"
"将马","8","8","16"
"声名","2","14","16"
"杜门","14","2","16"
"来使","6","10","16"
"急难","4","12","16"
"兵千","13","3","16"
"尝从","16","0","16"
"取为","5","11","16"
"时学","7","9","16"
"下时","1","15","16"
"陈时","12","4","16"
"仁爱","4","12","16"
"所弹","5","11","16"
"理在","1","15","16"
"户数","4","12","16"
"子守","8","8","16"
"便能","3","13","16"
"程式","1","15","16"
"为质","13","3","16"
"敢犯","13","3","16"
"往江","5","11","16"
"所爱","12","4","16"
"奖之","15","1","16"
"伤心","1","15","16"
"上陈","3","13","16"
"至平","14","2","16"
"以牵","5","11","16"
"人名","5","11","16"
"下决","3","13","16"
"有赏","4","12","16"
"奉化","9","7","16"
"分守","9","7","16"
"诉于","15","1","16"
"姬妾","3","13","16"
"又罢","7","9","16"
"帅刘","8","8","16"
"在夏","2","14","16"
"帝手","12","4","16"
"绢各","9","7","16"
"望重","4","12","16"
"苟安","8","8","16"
"飞以","15","1","16"
"得数","12","4","16"
"杀而","4","12","16"
"气概","2","14","16"
"晏然","13","3","16"
"饮宴","6","10","16"
"幸新","16","0","16"
"库中","1","15","16"
"税之","12","4","16"
"尽以","14","2","16"
"人坐","8","8","16"
"及百","8","8","16"
"造一","1","15","16"
"野兽","2","14","16"
"又率","4","12","16"
"蔡二","7","9","16"
"人处","2","14","16"
"死报","7","9","16"
"直兵","8","8","16"
"舟楫","14","2","16"
"挑战","6","10","16"
"何慧","4","12","16"
"嗣祖","8","8","16"
"外将","6","10","16"
"经为","4","12","16"
"周伯","6","10","16"
"千百","7","9","16"
"路出","5","11","16"
"有依","1","15","16"
"胜败","9","7","16"
"挺身","7","9","16"
"亲朋","2","14","16"
"职业","9","7","16"
"雍丘","6","10","16"
"置守","10","6","16"
"德率","5","11","16"
"备办","2","14","16"
"在之","2","14","16"
"都失","2","14","16"
"疆域","1","15","16"
"没入","15","1","16"
"参用","11","5","16"
"守门","6","10","16"
"是世","3","13","16"
"首于","9","7","16"
"仕进","11","5","16"
"事便","2","14","16"
"任四","1","15","16"
"空中","1","15","16"
"李通","8","8","16"
"使出","13","3","16"
"每见","15","1","16"
"成章","7","9","16"
"累年","15","1","16"
"汉乾","8","8","16"
"方议","15","1","16"
"陈桥","8","8","16"
"船务","8","8","16"
"修三","12","4","16"
"臣祷","16","0","16"
"民税","13","3","16"
"赐近","14","2","16"
"门进","1","15","16"
"二砦","16","0","16"
"寿星","8","8","16"
"水硙","16","0","16"
"诏西","10","6","16"
"米麦","9","7","16"
"龙卫","8","8","16"
"吕翰","6","10","16"
"田为","9","7","16"
"延通","8","8","16"
"商税","6","10","16"
"劫杀","7","9","16"
"才者","13","3","16"
"举文","10","6","16"
"度一","1","15","16"
"幸讲","16","0","16"
"阳监","8","8","16"
"丞吕","9","7","16"
"并其","13","3","16"
"臣诣","16","0","16"
"罢朝","8","8","16"
"命权","13","3","16"
"燕蓟","7","9","16"
"帝发","13","3","16"
"丹大","8","8","16"
"失律","13","3","16"
"器库","5","11","16"
"诏嘉","10","6","16"
"知蔡","12","4","16"
"来谢","11","5","16"
"琪为","3","13","16"
"除福","6","10","16"
"李至","7","9","16"
"泉县","6","10","16"
"浦城","8","8","16"
"罪减","7","9","16"
"再战","9","7","16"
"者家","6","10","16"
"部川","8","8","16"
"面奏","4","12","16"
"次对","5","11","16"
"诏释","12","4","16"
"安节","8","8","16"
"使等","5","11","16"
"之献","4","12","16"
"德五","4","12","16"
"人迁","5","11","16"
"官可","6","10","16"
"下减","5","11","16"
"其酋","15","1","16"
"司职","6","10","16"
"赃枉","1","15","16"
"破大","8","8","16"
"书赵","9","7","16"
"万来","8","8","16"
"官同","7","9","16"
"六谷","8","8","16"
"都战","2","14","16"
"实边","8","8","16"
"功状","12","4","16"
"正对","3","13","16"
"直官","7","9","16"
"正能","8","8","16"
"刘永","7","9","16"
"宗史","8","8","16"
"销金","12","4","16"
"皇亲","1","15","16"
"州市","11","5","16"
"给近","1","15","16"
"宗谥","15","1","16"
"使陕","8","8","16"
"元旦","1","15","16"
"日进","12","4","16"
"迁秩","15","1","16"
"云台","7","9","16"
"妃刘","8","8","16"
"婉容","8","8","16"
"奏告","3","13","16"
"给河","3","13","16"
"司考","6","10","16"
"官韩","8","8","16"
"旱蝗","16","0","16"
"削两","16","0","16"
"除军","5","11","16"
"解盐","10","6","16"
"边费","11","5","16"
"大乐","8","8","16"
"奏裁","10","6","16"
"置提","9","7","16"
"州下","3","13","16"
"融州","8","8","16"
"当十","8","8","16"
"王举","5","11","16"
"军判","8","8","16"
"置御","8","8","16"
"命任","2","14","16"
"章穆","8","8","16"
"罪当","10","6","16"
"州转","7","9","16"
"东刑","9","7","16"
"命余","3","13","16"
"税役","9","7","16"
"圣公","8","8","16"
"本草","7","9","16"
"钱和","1","15","16"
"柴氏","6","10","16"
"举诸","11","5","16"
"以胡","11","5","16"
"知宗","8","8","16"
"命皇","7","9","16"
"今名","10","6","16"
"即行","13","3","16"
"傅尧","7","9","16"
"文肃","8","8","16"
"税额","4","12","16"
"司御","8","8","16"
"李浩","8","8","16"
"等作","12","4","16"
"李舜","6","10","16"
"官吕","7","9","16"
"颖悟","10","6","16"
"间疾","7","9","16"
"主司","16","0","16"
"里骨","8","8","16"
"范百","5","11","16"
"士范","8","8","16"
"掊克","14","2","16"
"请不","11","5","16"
"长而","5","11","16"
"黄履","8","8","16"
"为怀","4","12","16"
"音于","16","0","16"
"良为","6","10","16"
"宫大","7","9","16"
"议司","7","9","16"
"缴纳","3","13","16"
"邹浩","7","9","16"
"追毁","8","8","16"
"书邪","10","6","16"
"亲卫","7","9","16"
"理司","7","9","16"
"为邓","2","14","16"
"承议","8","8","16"
"宝郎","8","8","16"
"文贵","8","8","16"
"龙州","7","9","16"
"钱买","4","12","16"
"漕司","9","7","16"
"讽谏","4","12","16"
"建各","1","15","16"
"使唤","2","14","16"
"校正","6","10","16"
"从以","11","5","16"
"流出","2","14","16"
"宗旧","8","8","16"
"姚平","5","11","16"
"学诸","12","4","16"
"用前","3","13","16"
"亲擢","15","1","16"
"在禁","5","11","16"
"徐秉","7","9","16"
"帝开","3","13","16"
"移军","12","4","16"
"已在","7","9","16"
"谢克","7","9","16"
"特旨","8","8","16"
"问为","6","10","16"
"琼率","4","12","16"
"命新","1","15","16"
"人决","5","11","16"
"捕斩","11","5","16"
"纳钱","6","10","16"
"丁进","7","9","16"
"充金","16","0","16"
"同主","5","11","16"
"钱引","8","8","16"
"赵开","7","9","16"
"教习","9","7","16"
"累朝","16","0","16"
"江防","7","9","16"
"不放","1","15","16"
"浚奏","13","3","16"
"五项","1","15","16"
"杨邦","7","9","16"
"知金","11","5","16"
"方战","1","15","16"
"合江","9","7","16"
"以岳","14","2","16"
"请益","16","0","16"
"家城","7","9","16"
"保江","11","5","16"
"忠与","7","9","16"
"建制","2","14","16"
"吴锡","8","8","16"
"弹压","12","4","16"
"命岳","2","14","16"
"左朝","8","8","16"
"政局","4","12","16"
"大仪","8","8","16"
"师回","4","12","16"
"定一","4","12","16"
"在交","1","15","16"
"子钱","4","12","16"
"在奏","3","13","16"
"汝嘉","8","8","16"
"所俘","7","9","16"
"加考","2","14","16"
"显肃","8","8","16"
"就和","2","14","16"
"朱松","4","12","16"
"勾龙","6","10","16"
"圣观","8","8","16"
"以赡","12","4","16"
"飞进","4","12","16"
"克敌","6","10","16"
"拱二","4","12","16"
"沈该","8","8","16"
"利路","9","7","16"
"以选","4","12","16"
"曹泳","6","10","16"
"岳阳","8","8","16"
"进义","8","8","16"
"主亮","16","0","16"
"盐酒","8","8","16"
"止上","2","14","16"
"汤鹏","7","9","16"
"以符","5","11","16"
"论边","6","10","16"
"广开","1","15","16"
"诏征","1","15","16"
"逃遁","3","13","16"
"刺面","5","11","16"
"阿附","6","10","16"
"林安","6","10","16"
"王佐","9","7","16"
"南库","8","8","16"
"汰冗","9","7","16"
"制国","9","7","16"
"幸聚","16","0","16"
"庄文","8","8","16"
"借补","9","7","16"
"八卷","8","8","16"
"文上","5","11","16"
"责为","5","11","16"
"管台","8","8","16"
"改江","12","4","16"
"彦颖","8","8","16"
"百言","10","6","16"
"佑圣","8","8","16"
"万亩","8","8","16"
"据实","2","14","16"
"欲言","12","4","16"
"叔椿","8","8","16"
"宗上","2","14","16"
"恕等","8","8","16"
"征敛","5","11","16"
"植党","8","8","16"
"行宽","9","7","16"
"聚粮","6","10","16"
"松为","5","11","16"
"求封","5","11","16"
"五条","2","14","16"
"黄牛","8","8","16"
"葛洪","8","8","16"
"按理","1","15","16"
"作少","8","8","16"
"道奏","3","13","16"
"盛夏","7","9","16"
"有特","2","14","16"
"宿距","1","15","16"
"因有","1","15","16"
"极陈","13","3","16"
"蜀帅","8","8","16"
"两州","1","15","16"
"自实","5","11","16"
"事体","8","8","16"
"经之","12","4","16"
"所讲","4","12","16"
"欺罔","8","8","16"
"相伯","8","8","16"
"宝玉","5","11","16"
"张全","6","10","16"
"罪论","1","15","16"
"道北","1","15","16"
"自考","1","15","16"
"于书","9","7","16"
"有半","9","7","16"
"壶之","12","4","16"
"建壶","8","8","16"
"而色","16","0","16"
"移徙","15","1","16"
"在九","3","13","16"
"多雨","7","9","16"
"者出","9","7","16"
"主考","1","15","16"
"多风","8","8","16"
"城一","3","13","16"
"所藏","6","10","16"
"为死","9","7","16"
"恩威","7","9","16"
"旦不","8","8","16"
"邢恕","6","10","16"
"至高","10","6","16"
"到洪","1","15","16"
"殿廷","3","13","16"
"一品","8","8","16"
"墙壁","1","15","16"
"和凝","4","12","16"
"命一","8","8","16"
"宗用","5","11","16"
"郁不","6","10","16"
"清介","10","6","16"
"以等","1","15","16"
"辽兵","6","10","16"
"强干","6","10","16"
"有求","11","5","16"
"琼与","8","8","16"
"致死","6","10","16"
"朝三","8","8","16"
"亲友","6","10","16"
"知许","11","5","16"
"人聚","5","11","16"
"正气","5","11","16"
"诰命","6","10","16"
"陈十","10","6","16"
"与朱","5","11","16"
"戎之","12","4","16"
"幸澶","14","2","16"
"遂请","15","1","16"
"大书","12","4","16"
"迁给","16","0","16"
"草书","5","11","16"
"蓝继","1","15","16"
"议请","10","6","16"
"是留","2","14","16"
"善应","5","11","16"
"令近","4","12","16"
"常用","3","13","16"
"十两","8","8","16"
"种不","1","15","16"
"守彭","3","13","16"
"天数","3","13","16"
"军势","4","12","16"
"疑而","6","10","16"
"贵而","4","12","16"
"用计","2","14","16"
"在成","3","13","16"
"束边","1","15","16"
"必争","8","8","16"
"世界","1","15","16"
"兴建","2","14","16"
"地建","1","15","16"
"善者","14","2","16"
"兵东","9","7","16"
"而命","8","8","16"
"行政","2","14","16"
"奉陛","3","13","16"
"是来","2","14","16"
"所需","1","15","16"
"加集","13","3","16"
"用车","1","15","16"
"愿得","13","3","16"
"钱易","5","11","16"
"是决","1","15","16"
"传布","1","15","16"
"不谈","1","15","16"
"当此","7","9","16"
"得他","1","15","16"
"改提","13","3","16"
"邑人","11","5","16"
"正法","3","13","16"
"蠲免","1","15","16"
"宗被","1","15","16"
"令枢","1","15","16"
"告别","1","15","16"
"李防","2","14","16"
"桧意","13","3","16"
"寻兼","16","0","16"
"讲经","5","11","16"
"不处","2","14","16"
"第进","16","0","16"
"论所","4","12","16"
"和战","5","11","16"
"达时","3","13","16"
"论相","1","15","16"
"良之","4","12","16"
"一变","8","8","16"
"胄不","7","9","16"
"笔书","3","13","16"
"学正","7","9","16"
"妄自","1","15","16"
"要领","4","12","16"
"真伪","7","9","16"
"以获","4","12","16"
"振作","2","14","16"
"节使","9","7","16"
"置不","7","9","16"
"太重","7","9","16"
"人朝","1","15","16"
"朝进","2","14","16"
"令已","4","12","16"
"廷进","4","12","16"
"以优","2","14","16"
"他得","1","15","16"
"赐不","4","12","16"
"曲调","2","14","16"
"灾旱","1","15","16"
"然从","3","13","16"
"布阵","3","13","16"
"行省","8","8","16"
"疾驰","10","6","16"
"是必","3","13","16"
"钓鱼","6","10","16"
"皆捷","14","2","16"
"京不","8","8","16"
"抗敌","1","15","16"
"残兵","3","13","16"
"湾头","8","8","16"
"称有","1","15","16"
"见时","1","15","16"
"二程","8","8","16"
"是喜","1","15","16"
"妄为","1","15","16"
"的也","2","14","16"
"理一","1","15","16"
"道其","8","8","16"
"姓受","1","15","16"
"于以","1","15","16"
"为儿","4","12","16"
"动辄","2","14","16"
"是少","1","15","16"
"丰初","8","8","16"
"晁补","4","12","16"
"再转","2","14","16"
"军征","2","14","16"
"阿术","8","8","16"
"合五","7","9","16"
"在承","2","14","16"
"敢前","2","14","16"
"纯粹","4","12","16"
"是木","1","15","16"
"时能","1","15","16"
"又提","1","15","16"
"弼曰","16","0","16"
"麟出","2","14","16"
"鼓槌","7","9","16"
"说国","1","15","16"
"人报","1","15","16"
"令开","4","12","16"
"范祥","1","15","16"
"上才","1","15","16"
"而向","1","15","16"
"军深","3","13","16"
"后裔","1","15","16"
"就离","1","15","16"
"免不","1","15","16"
"桧曰","16","0","16"
"梁兴","7","9","16"
"飞在","2","14","16"
"险隘","2","14","16"
"有红","1","15","16"
"张和","1","15","16"
"一小","2","14","16"
"攻敌","1","15","16"
"献媚","1","15","16"
"回了","0","16","16"
"受祭","0","16","16"
"落到","0","16","16"
"到几","0","16","16"
"跑的","0","16","16"
"发了","0","16","16"
"天比","0","16","16"
"任原","0","16","16"
"被判","0","16","16"
"挂在","0","16","16"
"迁的","0","16","16"
"也这","0","16","16"
"声的","0","16","16"
"置了","0","16","16"
"理各","0","16","16"
"算的","0","16","16"
"对太","0","16","16"
"重丧","0","16","16"
"会因","0","16","16"
"在同","0","16","16"
"己亲","0","16","16"
"安放","0","16","16"
"派有","0","16","16"
"合理","0","16","16"
"神庙","0","16","16"
"作祭","0","16","16"
"的木","0","16","16"
"的龙","0","16","16"
"说来","0","16","16"
"天还","0","16","16"
"害他","0","16","16"
"道它","0","16","16"
"的兴","0","16","16"
"竹子","0","16","16"
"频频","0","16","16"
"怀念","0","16","16"
"法都","0","16","16"
"数字","0","16","16"
"能像","0","16","16"
"的食","0","16","16"
"的牛","0","16","16"
"下陷","0","16","16"
"它作","0","16","16"
"帝驾","0","16","16"
"是错","0","16","16"
"到前","0","16","16"
"你在","0","16","16"
"想回","0","16","16"
"然很","0","16","16"
"只管","0","16","16"
"的去","0","16","16"
"境界","0","16","16"
"但还","0","16","16"
"你怎","0","16","16"
"就对","0","16","16"
"治好","0","16","16"
"他每","0","16","16"
"带一","0","16","16"
"沿着","0","16","16"
"敢再","0","16","16"
"流域","0","16","16"
"行这","0","16","16"
"断了","0","16","16"
"晔的","0","16","16"
"家没","0","16","16"
"会导","0","16","16"
"做臣","0","16","16"
"是各","0","16","16"
"体会","0","16","16"
"满一","0","16","16"
"写出","0","16","16"
"越是","0","16","16"
"做一","0","16","16"
"仇恨","0","16","16"
"的宝","0","16","16"
"们讲","0","16","16"
"益的","0","16","16"
"里去","0","16","16"
"的斗","0","16","16"
"歉收","0","16","16"
"地进","0","16","16"
"我私","0","16","16"
"道说","0","16","16"
"祖和","0","16","16"
"邵杀","0","16","16"
"便把","0","16","16"
"作出","0","16","16"
"大部","0","16","16"
"方边","0","16","16"
"以看","0","16","16"
"气愤","0","16","16"
"升到","0","16","16"
"幸好","0","16","16"
"对上","0","16","16"
"中注","0","16","16"
"弱小","0","16","16"
"的通","0","16","16"
"基础","0","16","16"
"和官","0","16","16"
"万大","0","16","16"
"尉的","0","16","16"
"人做","0","16","16"
"们怎","0","16","16"
"价值","0","16","16"
"让百","0","16","16"
"他常","0","16","16"
"别派","0","16","16"
"是哪","0","16","16"
"肥沃","0","16","16"
"被用","0","16","16"
"国囚","0","16","16"
"队失","0","16","16"
"宗身","0","16","16"
"青的","0","16","16"
"后把","0","16","16"
"上认","0","16","16"
"名利","0","16","16"
"怜惜","0","16","16"
"们因","0","16","16"
"取了","0","16","16"
"求说","0","16","16"
"宗让","0","16","16"
"算以","0","16","16"
"降低","0","16","16"
"户的","0","16","16"
"持续","0","16","16"
"向王","0","16","16"
"地加","0","16","16"
"是虚","0","16","16"
"要改","0","16","16"
"就足","0","16","16"
"负担","0","16","16"
"急躁","0","16","16"
"论这","0","16","16"
"旺盛","0","16","16"
"违抗","0","16","16"
"怕死","0","16","16"
"心机","0","16","16"
"款待","0","16","16"
"全说","0","16","16"
"任新","0","16","16"
"崩塌","0","16","16"
"年恢","0","16","16"
"尧雯","0","16","16"
"加衔","0","16","16"
"夏辣","0","16","16"
"割据","0","16","16"
"清雯","0","16","16"
"敢接","0","16","16"
"停下","0","16","16"
"逃往","0","16","16"
"弟刘","0","16","16"
"的舅","0","16","16"
"宣的","0","16","16"
"首的","0","16","16"
"殊的","0","16","16"
"沟通","0","16","16"
"这人","0","16","16"
"息传","0","16","16"
"把守","0","16","16"
"上岸","0","16","16"
"又让","0","16","16"
"当兵","0","16","16"
"这更","0","16","16"
"任行","0","16","16"
"划出","0","16","16"
"上驾","0","16","16"
"任广","0","16","16"
"党徒","0","16","16"
"祀他","0","16","16"
"到华","0","16","16"
"办丧","0","16","16"
"早先","0","16","16"
"首次","0","16","16"
"了好","0","16","16"
"器的","0","16","16"
"衡量","0","16","16"
"音的","0","16","16"
"影长","0","16","16"
"准确","0","16","16"
"的待","0","16","16"
"成立","0","16","16"
"该与","0","16","16"
"到汉","0","16","16"
"的丁","0","16","16"
"这又","0","16","16"
"阳位","0","16","16"
"愈加","0","16","16"
"数就","0","16","16"
"月就","0","16","16"
"到合","0","16","16"
"对高","0","16","16"
"话就","0","16","16"
"规划","0","16","16"
"知门","0","16","16"
"到殿","0","16","16"
"让大","0","16","16"
"切地","0","16","16"
"刘宏","0","16","16"
"为她","0","16","16"
"荣耀","0","16","16"
"朱红","0","16","16"
"给陈","0","16","16"
"地用","0","16","16"
"神时","0","16","16"
"祀宗","0","16","16"
"到治","0","16","16"
"清澈","0","16","16"
"止这","0","16","16"
"号是","0","16","16"
"人带","0","16","16"
"到石","0","16","16"
"到会","0","16","16"
"是给","0","16","16"
"乘的","0","16","16"
"分清","0","16","16"
"下裳","0","16","16"
"汉的","0","16","16"
"首名","0","16","16"
"了高","0","16","16"
"清除","0","16","16"
"到两","0","16","16"
"谀奉","0","16","16"
"中回","0","16","16"
"振奋","0","16","16"
"这篇","0","16","16"
"的轨","0","16","16"
"的族","0","16","16"
"宿又","0","16","16"
"领全","0","16","16"
"．占","0","16","16"
"贯天","0","16","16"
"想逃","0","16","16"
"畅通","0","16","16"
"祖刘","0","16","16"
"不吃","0","16","16"
"得像","0","16","16"
"色虹","0","16","16"
"他刚","0","16","16"
"的耳","0","16","16"
"的台","0","16","16"
"到龙","0","16","16"
"要死","0","16","16"
"七次","0","16","16"
"儆戒","0","16","16"
"枯竭","0","16","16"
"很严","0","16","16"
"从建","0","16","16"
"害庄","0","16","16"
"职权","0","16","16"
"争着","0","16","16"
"他各","0","16","16"
"回事","0","16","16"
"的卫","0","16","16"
"边一","0","16","16"
"息后","0","16","16"
"臣商","0","16","16"
"低贱","0","16","16"
"来增","0","16","16"
"的弓","0","16","16"
"队回","0","16","16"
"惜他","0","16","16"
"府衙","0","16","16"
"让你","0","16","16"
"了陈","0","16","16"
"迫他","0","16","16"
"养的","0","16","16"
"他治","0","16","16"
"到集","0","16","16"
"有决","0","16","16"
"以吗","0","16","16"
"事呢","0","16","16"
"他指","0","16","16"
"州没","0","16","16"
"到岳","0","16","16"
"遭州","0","16","16"
"到赦","0","16","16"
"浙各","0","16","16"
"瞥州","0","16","16"
"宗就","0","16","16"
"宗告","0","16","16"
"问抚","0","16","16"
"颁降","0","16","16"
"和来","0","16","16"
"绝他","0","16","16"
"槽臣","0","16","16"
"又担","0","16","16"
"司派","0","16","16"
"绳子","0","16","16"
"会失","0","16","16"
"索求","0","16","16"
"任门","0","16","16"
"窥视","0","16","16"
"张贴","0","16","16"
"次担","0","16","16"
"岳云","0","16","16"
"金和","0","16","16"
"到聚","0","16","16"
"书;","0","16","16"
"预料","0","16","16"
"那磨","0","16","16"
"区战","0","16","16"
"论他","0","16","16"
"想任","0","16","16"
"廷因","0","16","16"
"斌贝","0","16","16"
"任资","0","16","16"
"了张","0","16","16"
"任浙","0","16","16"
"肆虐","5","10","15"
"桓振","5","10","15"
"固让","15","0","15"
"诛其","15","0","15"
"袭之","14","1","15"
"数州","10","5","15"
"昔人","14","1","15"
"是旧","3","12","15"
"自养","7","8","15"
"吾与","15","0","15"
"庙以","10","5","15"
"何氏","6","9","15"
"象之","11","4","15"
"能辨","9","6","15"
"诏下","13","2","15"
"道术","8","7","15"
"后交","6","9","15"
"余如","8","7","15"
"七曜","11","4","15"
"请听","13","2","15"
"周人","11","4","15"
"以仲","14","1","15"
"月节","13","2","15"
"行有","4","11","15"
"宜使","14","1","15"
"亦在","13","2","15"
"于元","9","6","15"
"情于","8","7","15"
"推其","13","2","15"
"足之","8","7","15"
"臣案","10","5","15"
"之何","14","1","15"
"无兵","12","3","15"
"孝行","8","7","15"
"至明","11","4","15"
"劳民","9","6","15"
"者言","14","1","15"
"而诸","12","3","15"
"言曹","14","1","15"
"将分","7","8","15"
"之府","11","4","15"
"同占","12","3","15"
"殷浩","7","8","15"
"遐迩","12","3","15"
"闻见","7","8","15"
"景之","13","2","15"
"其异","14","1","15"
"射堂","7","8","15"
"臣亦","15","0","15"
"缮治","12","3","15"
"祐皇","15","0","15"
"乱朝","7","8","15"
"臣虽","11","4","15"
"无处","1","14","15"
"乡村","5","10","15"
"领将","4","11","15"
"则所","13","2","15"
"之益","15","0","15"
"以革","9","6","15"
"而就","6","9","15"
"若欲","15","0","15"
"之寇","12","3","15"
"以齐","11","4","15"
"掖庭","13","2","15"
"深重","4","11","15"
"朝正","6","9","15"
"相如","7","8","15"
"乃言","15","0","15"
"史二","11","4","15"
"所难","11","4","15"
"受恩","3","12","15"
"率土","13","2","15"
"许其","14","1","15"
"号泣","12","3","15"
"识其","14","1","15"
"为恨","11","4","15"
"不愧","12","3","15"
"至四","14","1","15"
"里巷","6","9","15"
"间者","14","1","15"
"意之","9","6","15"
"成名","7","8","15"
"之苦","8","7","15"
"以息","14","1","15"
"祖一","2","13","15"
"无间","11","4","15"
"相者","14","1","15"
"所聚","10","5","15"
"神道","9","6","15"
"将议","14","1","15"
"习之","13","2","15"
"可从","13","2","15"
"奔竞","14","1","15"
"白上","11","4","15"
"用有","4","11","15"
"祖笑","7","8","15"
"质以","12","3","15"
"专行","7","8","15"
"甘心","6","9","15"
"罪有","9","6","15"
"略不","9","6","15"
"中应","6","9","15"
"往南","1","14","15"
"浓湖","7","8","15"
"平也","13","2","15"
"书至","15","0","15"
"置天","7","8","15"
"常愤","2","13","15"
"与武","9","6","15"
"重其","13","2","15"
"夏兵","8","7","15"
"贪得","3","12","15"
"克复","13","2","15"
"智力","6","9","15"
"相属","11","4","15"
"盈虚","11","4","15"
"重伤","5","10","15"
"心动","6","9","15"
"不直","10","5","15"
"移之","11","4","15"
"今宜","15","0","15"
"鼓之","12","3","15"
"谋臣","8","7","15"
"轻者","9","6","15"
"自解","14","1","15"
"中年","5","10","15"
"冠冕","10","5","15"
"将安","14","1","15"
"若自","14","1","15"
"而独","8","7","15"
"以申","12","3","15"
"人赵","7","8","15"
"偏师","11","4","15"
"之渐","14","1","15"
"无战","10","5","15"
"复令","14","1","15"
"之居","11","4","15"
"年减","4","11","15"
"兵车","5","10","15"
"于别","10","5","15"
"躬耕","13","2","15"
"清野","8","7","15"
"实封","11","4","15"
"其奏","11","4","15"
"刍粟","15","0","15"
"旦所","6","9","15"
"荐者","8","7","15"
"其友","13","2","15"
"遣归","12","3","15"
"者何","15","0","15"
"好之","8","7","15"
"不私","9","6","15"
"宗浩","7","8","15"
"决之","15","0","15"
"出纳","11","4","15"
"因出","10","5","15"
"而必","12","3","15"
"集众","5","10","15"
"言罢","13","2","15"
"驰书","14","1","15"
"及知","12","3","15"
"以偿","8","7","15"
"揽权","4","11","15"
"于进","9","6","15"
"争以","12","3","15"
"无后","13","2","15"
"令民","11","4","15"
"廷方","15","0","15"
"重困","10","5","15"
"奇巧","6","9","15"
"如在","8","7","15"
"耕者","10","5","15"
"可测","7","8","15"
"具言","15","0","15"
"此外","8","7","15"
"甚力","15","0","15"
"之富","12","3","15"
"之责","11","4","15"
"邑千","13","2","15"
"申坦","7","8","15"
"史义","9","6","15"
"河二","8","7","15"
"各四","9","6","15"
"银章","7","8","15"
"佐史","11","4","15"
"守陵","7","8","15"
"犯中","5","10","15"
"军黄","7","8","15"
"大流","7","8","15"
"北徐","7","8","15"
"晋帝","4","11","15"
"北第","8","7","15"
"黄巾","8","7","15"
"龟出","3","12","15"
"汉成","7","8","15"
"平陵","9","6","15"
"章南","11","4","15"
"玉璧","4","11","15"
"陵有","5","10","15"
"化成","8","7","15"
"阳宫","7","8","15"
"者万","13","2","15"
"皇孙","7","8","15"
"八县","7","8","15"
"阳地","9","6","15"
"亮建","7","8","15"
"龙四","8","7","15"
"有南","5","10","15"
"楼烦","7","8","15"
"新平","7","8","15"
"邵为","9","6","15"
"中州","9","6","15"
"为泰","6","9","15"
"计度","9","6","15"
"使崔","7","8","15"
"解兵","13","2","15"
"正平","8","7","15"
"士苏","7","8","15"
"化基","8","7","15"
"超为","7","8","15"
"州献","11","4","15"
"士郑","7","8","15"
"官加","3","12","15"
"兼礼","9","6","15"
"使朱","7","8","15"
"拯为","7","8","15"
"官侍","1","14","15"
"圣孝","9","6","15"
"察事","5","10","15"
"文资","9","6","15"
"都路","7","8","15"
"立武","8","7","15"
"置四","7","8","15"
"为淑","7","8","15"
"白地","2","13","15"
"易服","12","3","15"
"姓氏","4","11","15"
"罢修","9","6","15"
"徐处","7","8","15"
"唐恪","9","6","15"
"复永","8","7","15"
"遣杨","9","6","15"
"京副","7","8","15"
"军编","7","8","15"
"罢上","11","4","15"
"军转","8","7","15"
"州退","6","9","15"
"族首","5","10","15"
"领张","5","10","15"
"罢两","12","3","15"
"以沈","9","6","15"
"叔侄","7","8","15"
"邪不","8","7","15"
"官子","8","7","15"
"敢轻","4","11","15"
"编类","10","5","15"
"史宅","7","8","15"
"石碑","4","11","15"
"淮兵","8","7","15"
"岩之","7","8","15"
"银五","7","8","15"
"祖同","6","9","15"
"升直","8","7","15"
"不仕","13","2","15"
"中天","8","7","15"
"天庆","8","7","15"
"淳元","2","13","15"
"州钱","7","8","15"
"王庭","8","7","15"
"府诸","11","4","15"
"兵保","4","11","15"
"至建","11","4","15"
"赵崇","6","9","15"
"于周","8","7","15"
"而微","11","4","15"
"天柱","7","8","15"
"失位","13","2","15"
"神也","13","2","15"
"俱属","15","0","15"
"食在","4","11","15"
"期一","6","9","15"
"陈国","7","8","15"
"封永","11","4","15"
"赠三","8","7","15"
"移镇","12","3","15"
"始封","8","7","15"
"使宋","5","10","15"
"至洛","12","3","15"
"洛苑","8","7","15"
"宝五","5","10","15"
"忠在","4","11","15"
"所患","13","2","15"
"知敌","7","8","15"
"在重","3","12","15"
"骄惰","8","7","15"
"户以","6","9","15"
"卜筮","5","10","15"
"知泾","10","5","15"
"帛五","6","9","15"
"则太","11","4","15"
"祝文","7","8","15"
"子嗣","7","8","15"
"兼修","8","7","15"
"将高","8","7","15"
"陈淳","2","13","15"
"发为","5","10","15"
"林逋","3","12","15"
"大晟","8","7","15"
"亿年","7","8","15"
"知东","10","5","15"
"府李","7","8","15"
"李邺","7","8","15"
"策进","13","2","15"
"复光","8","7","15"
"进不","7","8","15"
"小名","5","10","15"
"帝兴","8","7","15"
"而众","9","6","15"
"摧锋","9","6","15"
"姓所","1","14","15"
"震惧","11","4","15"
"虑之","9","6","15"
"投水","8","7","15"
"盖世","4","11","15"
"众攻","11","4","15"
"事必","11","4","15"
"众于","14","1","15"
"行二","7","8","15"
"与交","12","3","15"
"无相","12","3","15"
"既为","12","3","15"
"虽欲","14","1","15"
"王愉","6","9","15"
"祖起","7","8","15"
"遵为","5","10","15"
"欲求","14","1","15"
"自应","13","2","15"
"众二","12","3","15"
"二皇","6","9","15"
"子反","9","6","15"
"称大","6","9","15"
"亲幸","7","8","15"
"乃改","15","0","15"
"督荆","8","7","15"
"先上","3","12","15"
"待时","4","11","15"
"僭号","10","5","15"
"于青","10","5","15"
"远来","10","5","15"
"攻具","14","1","15"
"燕之","11","4","15"
"众至","14","1","15"
"于豫","6","9","15"
"面不","4","11","15"
"大开","5","10","15"
"义者","14","1","15"
"大至","13","2","15"
"越城","4","11","15"
"其从","15","0","15"
"赤特","8","7","15"
"川太","8","7","15"
"与林","9","6","15"
"方知","12","3","15"
"散卒","12","3","15"
"至为","8","7","15"
"屯军","10","5","15"
"还保","10","5","15"
"列上","9","6","15"
"实力","4","11","15"
"府舍","12","3","15"
"有由","14","1","15"
"过而","7","8","15"
"使胡","8","7","15"
"多言","11","4","15"
"军次","15","0","15"
"所容","8","7","15"
"会于","12","3","15"
"殊礼","8","7","15"
"不振","7","8","15"
"能持","7","8","15"
"寡孤","6","9","15"
"五斛","8","7","15"
"于德","13","2","15"
"求民","11","4","15"
"分行","13","2","15"
"令公","6","9","15"
"反者","10","5","15"
"南者","13","2","15"
"又制","5","10","15"
"尉官","3","12","15"
"上疾","5","10","15"
"珠玉","7","8","15"
"子开","5","10","15"
"乘时","13","2","15"
"恭皇","8","7","15"
"于氐","7","8","15"
"向大","4","11","15"
"后令","10","5","15"
"隶书","6","9","15"
"中堂","7","8","15"
"达四","5","10","15"
"衔命","13","2","15"
"吉翰","2","13","15"
"骑参","10","5","15"
"除尚","13","2","15"
"倭国","7","8","15"
"增广","10","5","15"
"当加","5","10","15"
"在野","2","13","15"
"之成","13","2","15"
"符为","8","7","15"
"寅为","9","6","15"
"宁太","7","8","15"
"芮国","8","7","15"
"梁南","6","9","15"
"仓廪","14","1","15"
"周为","10","5","15"
"僧朗","8","7","15"
"获金","3","12","15"
"门曰","15","0","15"
"悬瓠","6","9","15"
"军臧","7","8","15"
"至瓜","11","4","15"
"刘兴","7","8","15"
"民于","13","2","15"
"郡属","12","3","15"
"遣太","8","7","15"
"凶弑","15","0","15"
"至新","11","4","15"
"万邦","9","6","15"
"王祎","15","0","15"
"敬奉","3","12","15"
"顺为","10","5","15"
"百王","10","5","15"
"有马","9","6","15"
"免为","7","8","15"
"侍官","6","9","15"
"王畿","8","7","15"
"藉田","15","0","15"
"乏粮","7","8","15"
"为邵","5","10","15"
"文有","8","7","15"
"将见","14","1","15"
"将南","6","9","15"
"产之","9","6","15"
"八座","9","6","15"
"既往","12","3","15"
"一门","11","4","15"
"外为","8","7","15"
"上未","9","6","15"
"遣殿","11","4","15"
"之例","10","5","15"
"夫张","8","7","15"
"西海","7","8","15"
"方反","7","8","15"
"以禁","13","2","15"
"夫刘","7","8","15"
"南汝","7","8","15"
"丧去","13","2","15"
"守任","5","10","15"
"故得","14","1","15"
"优诏","12","3","15"
"回等","8","7","15"
"毕之","1","14","15"
"是民","5","10","15"
"私通","5","10","15"
"酒肉","5","10","15"
"驰至","15","0","15"
"入直","13","2","15"
"减死","11","4","15"
"官物","10","5","15"
"左史","6","9","15"
"残缺","4","11","15"
"而因","8","7","15"
"钟鼓","8","7","15"
"情深","6","9","15"
"扬子","7","8","15"
"依托","2","13","15"
"孟坚","7","8","15"
"下徵","15","0","15"
"宜用","12","3","15"
"周语","3","12","15"
"左手","6","9","15"
"行度","9","6","15"
"此改","3","12","15"
"氏有","9","6","15"
"百有","15","0","15"
"史职","3","12","15"
"下闳","6","9","15"
"述之","10","5","15"
"日数","11","4","15"
"平和","1","14","15"
"前者","13","2","15"
"光之","10","5","15"
"天曰","15","0","15"
"时月","2","13","15"
"臣前","3","12","15"
"尽为","15","0","15"
"年天","9","6","15"
"余乘","4","11","15"
"并之","11","4","15"
"在为","3","12","15"
"岁数","9","6","15"
"日合","15","0","15"
"大率","12","3","15"
"于五","8","7","15"
"则当","14","1","15"
"子行","9","6","15"
"者将","8","7","15"
"必当","14","1","15"
"改法","7","8","15"
"天所","7","8","15"
"在氐","7","8","15"
"常恐","1","14","15"
"者如","11","4","15"
"旧说","10","5","15"
"谓以","11","4","15"
"人少","8","7","15"
"少能","3","12","15"
"汉平","7","8","15"
"不逾","15","0","15"
"深衣","8","7","15"
"时务","9","6","15"
"便以","4","11","15"
"乃有","14","1","15"
"一如","10","5","15"
"事至","13","2","15"
"益增","5","10","15"
"是始","11","4","15"
"不亦","14","1","15"
"杨皇","7","8","15"
"非以","15","0","15"
"从重","5","10","15"
"应同","8","7","15"
"后依","4","11","15"
"周景","7","8","15"
"月末","6","9","15"
"士司","8","7","15"
"以终","11","4","15"
"子去","4","11","15"
"既失","14","1","15"
"帝作","8","7","15"
"为石","11","4","15"
"石室","8","7","15"
"寝殿","6","9","15"
"奉祭","1","14","15"
"立碑","6","9","15"
"臣节","8","7","15"
"有降","6","9","15"
"不居","11","4","15"
"妾为","8","7","15"
"承继","2","13","15"
"与君","10","5","15"
"繁昌","7","8","15"
"祀于","6","9","15"
"武二","9","6","15"
"日夕","15","0","15"
"又除","14","1","15"
"以群","12","3","15"
"贼已","11","4","15"
"用牲","5","10","15"
"事重","6","9","15"
"诸儒","13","2","15"
"而同","9","6","15"
"先农","7","8","15"
"与神","6","9","15"
"德在","3","12","15"
"祀先","3","12","15"
"规范","1","14","15"
"王而","6","9","15"
"未一","14","1","15"
"席卷","10","5","15"
"泽被","2","13","15"
"官相","6","9","15"
"警卫","1","14","15"
"尊高","4","11","15"
"方一","2","13","15"
"民人","13","2","15"
"曰明","15","0","15"
"寻又","15","0","15"
"以辨","9","6","15"
"执觞","5","10","15"
"君以","12","3","15"
"宜在","13","2","15"
"如先","6","9","15"
"帝正","3","12","15"
"自下","8","7","15"
"而修","8","7","15"
"失中","11","4","15"
"年再","7","8","15"
"而迁","9","6","15"
"在也","6","9","15"
"特诏","7","8","15"
"告其","12","3","15"
"免丧","12","3","15"
"于七","3","12","15"
"拜伏","4","11","15"
"五经","7","8","15"
"臣徐","8","7","15"
"成群","3","12","15"
"里所","9","6","15"
"氏传","8","7","15"
"言自","10","5","15"
"先蚕","6","9","15"
"以灾","10","5","15"
"妖孽","3","12","15"
"而正","12","3","15"
"鲁郡","7","8","15"
"又失","6","9","15"
"子并","11","4","15"
"金以","12","3","15"
"代典","3","12","15"
"始为","12","3","15"
"玉辂","6","9","15"
"如斗","8","7","15"
"改造","2","13","15"
"创造","2","13","15"
"马车","4","11","15"
"后亦","13","2","15"
"后葬","6","9","15"
"出则","9","6","15"
"传出","1","14","15"
"即自","13","2","15"
"车辕","1","14","15"
"领袖","9","6","15"
"贱人","8","7","15"
"祭神","1","14","15"
"是解","4","11","15"
"自在","1","14","15"
"以玉","14","1","15"
"门吏","6","9","15"
"权时","7","8","15"
"嘉末","7","8","15"
"客礼","8","7","15"
"延请","1","14","15"
"过六","4","11","15"
"文始","9","6","15"
"以著","8","7","15"
"大武","8","7","15"
"一章","7","8","15"
"则君","10","5","15"
"明也","12","3","15"
"在堂","3","12","15"
"重于","13","2","15"
"创制","4","11","15"
"相沿","3","12","15"
"物有","6","9","15"
"无非","6","9","15"
"日光","4","11","15"
"不学","8","7","15"
"追思","6","9","15"
"人善","7","8","15"
"杀刘","1","14","15"
"与时","8","7","15"
"以属","14","1","15"
"绝于","5","10","15"
"利以","12","3","15"
"遣乌","10","5","15"
"官并","13","2","15"
"求福","3","12","15"
"已高","1","14","15"
"和有","2","13","15"
"惧不","11","4","15"
"不但","2","13","15"
"故里","5","10","15"
"兴隆","2","13","15"
"人命","7","8","15"
"帝同","4","11","15"
"何用","11","4","15"
"被王","1","14","15"
"令我","4","11","15"
"汉第","11","4","15"
"原野","4","11","15"
"下治","8","7","15"
"九天","2","13","15"
"石城","8","7","15"
"武才","6","9","15"
"礼贤","7","8","15"
"有序","7","8","15"
"同其","5","10","15"
"交好","1","14","15"
"而建","8","7","15"
"中心","3","12","15"
"人群","1","14","15"
"不隐","6","9","15"
"度是","3","12","15"
"故日","14","1","15"
"法参","8","7","15"
"为阳","9","6","15"
"王蕃","5","10","15"
"天内","1","14","15"
"地相","5","10","15"
"或问","14","1","15"
"人远","8","7","15"
"国强","8","7","15"
"星相","2","13","15"
"于翼","6","9","15"
"渭南","8","7","15"
"兵应","11","4","15"
"者忧","13","2","15"
"坐罪","10","5","15"
"于毕","6","9","15"
"枉矢","7","8","15"
"宫阙","7","8","15"
"刘渊","8","7","15"
"豫为","7","8","15"
"帝光","7","8","15"
"东燕","8","7","15"
"时安","3","12","15"
"女之","7","8","15"
"郭景","6","9","15"
"杀数","12","3","15"
"骑二","11","4","15"
"虎大","8","7","15"
"送至","6","9","15"
"斗之","3","12","15"
"后失","7","8","15"
"至七","10","5","15"
"入汉","8","7","15"
"略地","4","11","15"
"宝以","13","2","15"
"军自","9","6","15"
"所存","11","4","15"
"武兴","9","6","15"
"人受","6","9","15"
"卷舌","7","8","15"
"臣起","8","7","15"
"齐地","2","13","15"
"车出","3","12","15"
"多于","8","7","15"
"皇集","15","0","15"
"地出","2","13","15"
"下已","6","9","15"
"追问","1","14","15"
"帝心","5","10","15"
"我会","2","13","15"
"有宠","13","2","15"
"足迹","3","12","15"
"信都","6","9","15"
"定河","6","9","15"
"于蜀","12","3","15"
"卒之","12","3","15"
"氏兄","3","12","15"
"囚徒","7","8","15"
"顾不","11","4","15"
"塞之","12","3","15"
"天阴","5","10","15"
"八字","8","7","15"
"嗜酒","10","5","15"
"兴中","14","1","15"
"川郡","7","8","15"
"无出","12","3","15"
"臣共","3","12","15"
"宣以","14","1","15"
"军督","8","7","15"
"华岳","6","9","15"
"云在","13","2","15"
"王说","1","14","15"
"徽五","7","8","15"
"府治","7","8","15"
"瑞应","7","8","15"
"而应","7","8","15"
"有下","4","11","15"
"寻加","15","0","15"
"臣杨","7","8","15"
"谏曰","15","0","15"
"非法","7","8","15"
"或至","15","0","15"
"相聚","3","12","15"
"下出","8","7","15"
"人终","4","11","15"
"致祸","5","10","15"
"有与","4","11","15"
"尽死","13","2","15"
"同类","1","14","15"
"及还","15","0","15"
"次于","6","9","15"
"中可","2","13","15"
"将守","9","6","15"
"内府","9","6","15"
"比至","15","0","15"
"兵人","3","12","15"
"妖人","7","8","15"
"来便","1","14","15"
"事何","10","5","15"
"蔽天","8","7","15"
"当会","4","11","15"
"上御","8","7","15"
"宫僚","11","4","15"
"等县","6","9","15"
"三江","8","7","15"
"愁怨","11","4","15"
"任张","1","14","15"
"无谋","9","6","15"
"兵占","1","14","15"
"大江","7","8","15"
"山一","4","11","15"
"于济","6","9","15"
"水二","12","3","15"
"又震","14","1","15"
"曰大","14","1","15"
"兴土","5","10","15"
"杀李","2","13","15"
"逢一","1","14","15"
"适中","5","10","15"
"海等","6","9","15"
"谏者","10","5","15"
"自明","13","2","15"
"能动","6","9","15"
"州武","7","8","15"
"当者","13","2","15"
"答以","10","5","15"
"则诸","13","2","15"
"南民","13","2","15"
"于湖","10","5","15"
"鄞县","6","9","15"
"新定","8","7","15"
"立以","7","8","15"
"鲁山","7","8","15"
"本为","7","8","15"
"军吏","8","7","15"
"敌势","10","5","15"
"供军","8","7","15"
"中作","5","10","15"
"杯酒","4","11","15"
"问有","3","12","15"
"民及","11","4","15"
"顾迈","2","13","15"
"领淮","7","8","15"
"与亲","8","7","15"
"不戒","10","5","15"
"入我","2","13","15"
"覆没","3","12","15"
"素无","14","1","15"
"恶人","3","12","15"
"恶而","7","8","15"
"置军","10","5","15"
"离任","3","12","15"
"并令","9","6","15"
"何罪","12","3","15"
"以陛","10","5","15"
"况今","12","3","15"
"谋为","15","0","15"
"持朝","1","14","15"
"无计","4","11","15"
"久居","9","6","15"
"事将","8","7","15"
"大变","7","8","15"
"为外","7","8","15"
"治城","8","7","15"
"到门","3","12","15"
"兴人","7","8","15"
"迁龙","14","1","15"
"笑之","12","3","15"
"没者","15","0","15"
"病去","5","10","15"
"为督","4","11","15"
"年未","12","3","15"
"千兵","7","8","15"
"沂人","8","7","15"
"郡阳","7","8","15"
"有必","9","6","15"
"之强","13","2","15"
"以要","6","9","15"
"巨万","5","10","15"
"不支","11","4","15"
"宗等","7","8","15"
"行以","7","8","15"
"为贺","7","8","15"
"事自","8","7","15"
"为城","7","8","15"
"因问","13","2","15"
"与共","15","0","15"
"由太","1","14","15"
"应答","3","12","15"
"众论","12","3","15"
"此议","5","10","15"
"足而","9","6","15"
"近侍","7","8","15"
"历时","3","12","15"
"孜孜","6","9","15"
"在陈","1","14","15"
"养病","1","14","15"
"议遣","14","1","15"
"主第","15","0","15"
"官直","2","13","15"
"恤百","1","14","15"
"天又","2","13","15"
"整肃","3","12","15"
"预闻","14","1","15"
"在史","2","13","15"
"万家","7","8","15"
"湖泽","2","13","15"
"用常","5","10","15"
"元时","3","12","15"
"不苟","7","8","15"
"至临","12","3","15"
"与萧","7","8","15"
"及士","6","9","15"
"无补","9","6","15"
"叱之","15","0","15"
"辛苦","2","13","15"
"修整","2","13","15"
"在虚","7","8","15"
"鹰犬","11","4","15"
"便与","4","11","15"
"射杀","4","11","15"
"拜司","14","1","15"
"两岸","6","9","15"
"城已","8","7","15"
"善战","6","9","15"
"继至","15","0","15"
"事去","11","4","15"
"秋毫","9","6","15"
"敌至","13","2","15"
"在万","5","10","15"
"臣每","6","9","15"
"所赐","11","4","15"
"贼杨","8","7","15"
"州土","4","11","15"
"与子","13","2","15"
"能入","8","7","15"
"后必","5","10","15"
"子十","8","7","15"
"钱以","7","8","15"
"者罢","11","4","15"
"不广","3","12","15"
"来从","3","12","15"
"可去","14","1","15"
"宜先","14","1","15"
"吏受","8","7","15"
"林等","8","7","15"
"释其","12","3","15"
"千艘","8","7","15"
"荣等","7","8","15"
"步卒","15","0","15"
"诬以","14","1","15"
"刘伯","7","8","15"
"粮道","7","8","15"
"即与","12","3","15"
"下两","5","10","15"
"所误","10","5","15"
"之助","14","1","15"
"就道","14","1","15"
"都从","2","13","15"
"使前","2","13","15"
"军发","6","9","15"
"率十","8","7","15"
"弥之","8","7","15"
"兵淮","10","5","15"
"之奉","13","2","15"
"对之","8","7","15"
"阳时","2","13","15"
"大象","2","13","15"
"子员","12","3","15"
"不耕","7","8","15"
"葬事","6","9","15"
"皆能","11","4","15"
"佛像","5","10","15"
"以幸","7","8","15"
"之嫌","8","7","15"
"权幸","13","2","15"
"随机","5","10","15"
"从朝","2","13","15"
"边州","9","6","15"
"全城","2","13","15"
"坏民","12","3","15"
"将率","3","12","15"
"子四","7","8","15"
"可嘉","10","5","15"
"潘淑","7","8","15"
"已无","11","4","15"
"上已","4","11","15"
"长孙","8","7","15"
"唐人","8","7","15"
"子渊","9","6","15"
"水淹","1","14","15"
"盗发","14","1","15"
"府也","9","6","15"
"西事","14","1","15"
"有议","4","11","15"
"臣实","12","3","15"
"翼祖","7","8","15"
"庄宗","7","8","15"
"督军","7","8","15"
"汉兵","8","7","15"
"胜攻","8","7","15"
"兵夜","10","5","15"
"从世","7","8","15"
"命周","5","10","15"
"州郭","8","7","15"
"捕鱼","4","11","15"
"彻乐","13","2","15"
"拔萃","8","7","15"
"张文","7","8","15"
"得州","11","4","15"
"军骑","3","12","15"
"南兵","10","5","15"
"者罪","15","0","15"
"免其","8","7","15"
"辍视","15","0","15"
"银二","8","7","15"
"臣陈","7","8","15"
"命兵","4","11","15"
"幸西","14","1","15"
"教练","2","13","15"
"州贡","7","8","15"
"部内","11","4","15"
"帛有","15","0","15"
"诏除","14","1","15"
"河大","4","11","15"
"普州","7","8","15"
"诏川","11","4","15"
"察民","6","9","15"
"州丁","8","7","15"
"奸赃","12","3","15"
"夺两","3","12","15"
"唐高","5","10","15"
"遂城","10","5","15"
"刘鋹","14","1","15"
"厢军","6","9","15"
"御马","7","8","15"
"上新","7","8","15"
"首谢","14","1","15"
"知潞","8","7","15"
"水河","6","9","15"
"殿西","7","8","15"
"光上","4","11","15"
"诏作","13","2","15"
"禁民","15","0","15"
"归其","12","3","15"
"请上","13","2","15"
"岭关","7","8","15"
"寺中","6","9","15"
"唐明","4","11","15"
"县长","7","8","15"
"建诸","13","2","15"
"令参","4","11","15"
"宫庭","9","6","15"
"为招","9","6","15"
"吏犯","9","6","15"
"减两","12","3","15"
"败刘","1","14","15"
"在以","3","12","15"
"顺监","7","8","15"
"常膳","14","1","15"
"贾黄","7","8","15"
"罢枢","11","4","15"
"令尚","4","11","15"
"决狱","12","3","15"
"曰法","5","10","15"
"以责","10","5","15"
"开州","6","9","15"
"降一","9","6","15"
"从镇","2","13","15"
"成诵","10","5","15"
"诏吕","9","6","15"
"营缮","12","3","15"
"定都","4","11","15"
"前知","11","4","15"
"决河","13","2","15"
"给田","7","8","15"
"人祝","1","14","15"
"城工","4","11","15"
"使魏","7","8","15"
"守官","1","14","15"
"前不","3","12","15"
"看详","10","5","15"
"内内","9","6","15"
"韩显","3","12","15"
"江守","7","8","15"
"金币","8","7","15"
"主进","6","9","15"
"赐对","12","3","15"
"亭户","7","8","15"
"钱粟","8","7","15"
"谢太","7","8","15"
"人罪","6","9","15"
"再生","1","14","15"
"朝谒","13","2","15"
"中谋","6","9","15"
"吏贪","5","10","15"
"抚淮","8","7","15"
"七条","7","8","15"
"丽使","6","9","15"
"路州","8","7","15"
"即引","12","3","15"
"兼吏","8","7","15"
"翰墨","11","4","15"
"发常","10","5","15"
"民输","14","1","15"
"牧地","8","7","15"
"原兵","9","6","15"
"诏吏","9","6","15"
"司各","11","4","15"
"言时","13","2","15"
"铨选","3","12","15"
"门请","5","10","15"
"民苦","7","8","15"
"者免","1","14","15"
"明镐","6","9","15"
"税十","5","10","15"
"略者","10","5","15"
"院考","1","14","15"
"前指","8","7","15"
"举武","7","8","15"
"中粮","4","11","15"
"间利","7","8","15"
"堂礼","7","8","15"
"吏治","5","10","15"
"石全","6","9","15"
"军各","4","11","15"
"民官","7","8","15"
"亲一","3","12","15"
"茂州","7","8","15"
"族来","4","11","15"
"祷天","3","12","15"
"高第","9","6","15"
"权罢","14","1","15"
"学行","14","1","15"
"易月","10","5","15"
"部选","8","7","15"
"臣讲","7","8","15"
"孟州","7","8","15"
"辽使","12","3","15"
"主秉","8","7","15"
"命郭","1","14","15"
"门二","6","9","15"
"仍赐","13","2","15"
"观官","1","14","15"
"银带","8","7","15"
"米脂","7","8","15"
"河经","8","7","15"
"珪等","14","1","15"
"以蔡","12","3","15"
"易法","3","12","15"
"蒲宗","2","13","15"
"永裕","8","7","15"
"裕陵","7","8","15"
"谕中","10","5","15"
"在选","6","9","15"
"法有","3","12","15"
"堂除","10","5","15"
"焘为","7","8","15"
"亲丧","5","10","15"
"令陕","2","13","15"
"天宁","8","7","15"
"罗撒","7","8","15"
"备将","6","9","15"
"邓洵","12","3","15"
"论定","6","9","15"
"官推","3","12","15"
"诏建","10","5","15"
"纪元","5","10","15"
"知郓","11","4","15"
"阁知","11","4","15"
"人执","10","5","15"
"封韩","10","5","15"
"官罢","7","8","15"
"傅致","10","5","15"
"西师","15","0","15"
"杨可","6","9","15"
"散官","7","8","15"
"使回","1","14","15"
"詹度","5","10","15"
"所管","1","14","15"
"田产","3","12","15"
"动地","3","12","15"
"殿帅","10","5","15"
"布政","6","9","15"
"敏为","7","8","15"
"当军","7","8","15"
"谏陈","7","8","15"
"冯澥","15","0","15"
"劝帝","15","0","15"
"出迎","12","3","15"
"北西","7","8","15"
"隆祐","15","0","15"
"报金","9","6","15"
"持诏","9","6","15"
"拒却","13","2","15"
"其姓","12","3","15"
"城成","10","5","15"
"马出","6","9","15"
"请使","9","6","15"
"军正","6","9","15"
"米十","7","8","15"
"钧甫","7","8","15"
"滕康","5","10","15"
"刘珏","5","10","15"
"兵相","6","9","15"
"将胡","7","8","15"
"昌寓","15","0","15"
"命其","10","5","15"
"舟为","8","7","15"
"杨华","7","8","15"
"李忠","7","8","15"
"分宁","8","7","15"
"李世","6","9","15"
"谕川","9","6","15"
"为伪","9","6","15"
"齐兵","14","1","15"
"饶风","7","8","15"
"离曷","11","4","15"
"通使","7","8","15"
"羽为","5","10","15"
"与别","1","14","15"
"长县","7","8","15"
"谕四","9","6","15"
"访得","7","8","15"
"武经","7","8","15"
"鼎上","4","11","15"
"梁汝","7","8","15"
"桩钱","7","8","15"
"楼炤","15","0","15"
"人引","5","10","15"
"飞于","4","11","15"
"上便","2","13","15"
"知台","11","4","15"
"巡尉","6","9","15"
"上同","1","14","15"
"徇私","8","7","15"
"时多","6","9","15"
"司将","6","9","15"
"巷战","8","7","15"
"大宝","9","6","15"
"命书","3","12","15"
"魏杞","11","4","15"
"公武","7","8","15"
"再增","2","13","15"
"挺为","6","9","15"
"史正","6","9","15"
"忠简","8","7","15"
"虎军","7","8","15"
"米振","15","0","15"
"余端","8","7","15"
"文绍","7","8","15"
"管西","5","10","15"
"必曰","15","0","15"
"外藩","4","11","15"
"宗手","9","6","15"
"判潭","12","3","15"
"颜守","5","10","15"
"丘崈","15","0","15"
"将才","1","14","15"
"庆二","6","9","15"
"是政","3","12","15"
"首倡","4","11","15"
"守一","4","11","15"
"李汝","6","9","15"
"郭杲","7","8","15"
"留一","5","10","15"
"龠","15","0","15"
"杨次","4","11","15"
"使董","7","8","15"
"聂子","5","10","15"
"请下","10","5","15"
"全率","1","14","15"
"皂郊","8","7","15"
"人粮","4","11","15"
"情相","1","14","15"
"与御","7","8","15"
"罚轻","9","6","15"
"能收","2","13","15"
"优礼","4","11","15"
"士风","4","11","15"
"用吉","6","9","15"
"赠开","10","5","15"
"襄之","6","9","15"
"制帅","7","8","15"
"进则","7","8","15"
"于死","5","10","15"
"造浮","6","9","15"
"等处","5","10","15"
"苏刘","7","8","15"
"命夏","1","14","15"
"以善","11","4","15"
"臣任","6","9","15"
"迁延","12","3","15"
"劾其","15","0","15"
"于参","5","10","15"
"宗同","2","13","15"
"和两","1","14","15"
"者予","4","11","15"
"来战","5","10","15"
"乞祠","14","1","15"
"令免","1","14","15"
"命文","3","12","15"
"背盟","4","11","15"
"知婺","13","2","15"
"宗南","6","9","15"
"循环","4","11","15"
"极高","4","11","15"
"而黄","6","9","15"
"端不","7","8","15"
"极度","3","12","15"
"求天","6","9","15"
"为固","10","5","15"
"以容","6","9","15"
"法与","4","11","15"
"司禄","7","8","15"
"谋上","14","1","15"
"年饥","2","13","15"
"而近","8","7","15"
"西第","7","8","15"
"王寿","1","14","15"
"伺候","3","12","15"
"与客","6","9","15"
"职也","8","7","15"
"受教","5","10","15"
"杨怀","5","10","15"
"即召","7","8","15"
"白其","11","4","15"
"他坐","1","14","15"
"明辨","6","9","15"
"兵中","5","10","15"
"谏不","5","10","15"
"大哭","1","14","15"
"亲吏","9","6","15"
"两镇","7","8","15"
"处斩","1","14","15"
"而召","9","6","15"
"行封","2","13","15"
"贡部","8","7","15"
"令分","7","8","15"
"推戴","5","10","15"
"边鄙","15","0","15"
"会诏","13","2","15"
"厚重","2","13","15"
"表率","2","13","15"
"氏家","3","12","15"
"俄兼","15","0","15"
"归服","1","14","15"
"次降","1","14","15"
"我师","15","0","15"
"与田","7","8","15"
"任节","1","14","15"
"进出","4","11","15"
"论及","2","13","15"
"有地","3","12","15"
"距州","3","12","15"
"并代","6","9","15"
"守成","7","8","15"
"蒙上","5","10","15"
"能文","14","1","15"
"知遇","3","12","15"
"弟李","1","14","15"
"归乡","5","10","15"
"都罢","1","14","15"
"称快","6","9","15"
"上遇","2","13","15"
"献文","6","9","15"
"得对","8","7","15"
"事托","2","13","15"
"收人","4","11","15"
"在泾","3","12","15"
"字希","8","7","15"
"当制","10","5","15"
"称王","2","13","15"
"制而","7","8","15"
"并召","6","9","15"
"捷于","15","0","15"
"兵扼","9","6","15"
"各司","1","14","15"
"以激","7","8","15"
"疆之","8","7","15"
"蜀士","12","3","15"
"基本","2","13","15"
"私党","2","13","15"
"兵变","4","11","15"
"疏上","8","7","15"
"公许","8","7","15"
"举入","2","13","15"
"然地","1","14","15"
"力排","8","7","15"
"地官","1","14","15"
"倍于","6","9","15"
"处有","4","11","15"
"张谊","1","14","15"
"对不","2","13","15"
"侦知","2","13","15"
"在龙","1","14","15"
"拒敌","6","9","15"
"次给","2","13","15"
"元大","5","10","15"
"求于","8","7","15"
"被逐","3","12","15"
"上再","2","13","15"
"国力","6","9","15"
"道诏","1","14","15"
"败盟","15","0","15"
"因天","3","12","15"
"年可","2","13","15"
"监簿","8","7","15"
"又极","4","11","15"
"更化","13","2","15"
"迁校","14","1","15"
"上万","3","12","15"
"上批","4","11","15"
"阻隔","2","13","15"
"中要","2","13","15"
"论朝","3","12","15"
"胄以","11","4","15"
"有统","2","13","15"
"操守","1","14","15"
"风旨","15","0","15"
"形迹","8","7","15"
"自选","3","12","15"
"能施","2","13","15"
"者治","4","11","15"
"共戴","7","8","15"
"戴天","7","8","15"
"淮各","2","13","15"
"自奋","10","5","15"
"相吴","8","7","15"
"收拾","6","9","15"
"营帐","1","14","15"
"廷和","1","14","15"
"弟王","1","14","15"
"然得","2","13","15"
"大凡","1","14","15"
"不爱","7","8","15"
"令沿","2","13","15"
"求降","1","14","15"
"又会","3","12","15"
"上心","9","6","15"
"行讨","1","14","15"
"亲密","3","12","15"
"王夔","1","14","15"
"才离","1","14","15"
"理人","3","12","15"
"为已","7","8","15"
"动一","4","11","15"
"时行","4","11","15"
"光在","3","12","15"
"部免","1","14","15"
"人轻","4","11","15"
"施以","1","14","15"
"要为","1","14","15"
"增多","2","13","15"
"管三","1","14","15"
"在全","2","13","15"
"游学","2","13","15"
"格非","4","11","15"
"水在","1","14","15"
"我能","1","14","15"
"周筠","7","8","15"
"任宗","1","14","15"
"坏人","3","12","15"
"湖中","6","9","15"
"也为","2","13","15"
"全得","6","9","15"
"往救","6","9","15"
"张甫","1","14","15"
"谋害","1","14","15"
"为震","1","14","15"
"孝义","4","11","15"
"象相","1","14","15"
"仲昌","7","8","15"
"可怜","1","14","15"
"粗疏","1","14","15"
"能没","1","14","15"
"人讲","1","14","15"
"不惜","5","10","15"
"留用","1","14","15"
"在与","1","14","15"
"守礼","2","13","15"
"除京","2","13","15"
"王一","1","14","15"
"外建","1","14","15"
"向敌","2","13","15"
"地分","3","12","15"
"算在","1","14","15"
"河岸","1","14","15"
"拐子","6","9","15"
"予金","1","14","15"
"从山","2","13","15"
"带上","1","14","15"
"就都","1","14","15"
"在商","1","14","15"
"和文","1","14","15"
"协助","1","14","15"
"两匹","1","14","15"
"即被","1","14","15"
"宗当","1","14","15"
"是西","1","14","15"
"任副","1","14","15"
"讲了","0","15","15"
"也率","0","15","15"
"需的","0","15","15"
"猎的","0","15","15"
"来交","0","15","15"
"眼前","0","15","15"
"育他","0","15","15"
"漠代","0","15","15"
"写有","0","15","15"
"以做","0","15","15"
"了起","0","15","15"
"细讨","0","15","15"
"次合","0","15","15"
"的确","0","15","15"
"的吉","0","15","15"
"是武","0","15","15"
"哪裹","0","15","15"
"理朝","0","15","15"
"果皇","0","15","15"
"束宫","0","15","15"
"向往","0","15","15"
"的态","0","15","15"
"殊情","0","15","15"
"错的","0","15","15"
"在车","0","15","15"
"悬挂","0","15","15"
"合实","0","15","15"
"啊!","0","15","15"
"称它","0","15","15"
"陈设","0","15","15"
"来供","0","15","15"
"被放","0","15","15"
"做这","0","15","15"
"意这","0","15","15"
"瑞的","0","15","15"
"的荣","0","15","15"
"赏的","0","15","15"
"跳舞","0","15","15"
"人暗","0","15","15"
"早上","0","15","15"
"亮时","0","15","15"
"官没","0","15","15"
"坏房","0","15","15"
"倒在","0","15","15"
"都发","0","15","15"
"的看","0","15","15"
"长达","0","15","15"
"话不","0","15","15"
"赶不","0","15","15"
"进谗","0","15","15"
"给后","0","15","15"
"早死","0","15","15"
"的措","0","15","15"
"便叫","0","15","15"
"简单","0","15","15"
"的深","0","15","15"
"果按","0","15","15"
"和陈","0","15","15"
"不像","0","15","15"
"慎地","0","15","15"
"头的","0","15","15"
"你了","0","15","15"
"听他","0","15","15"
"帝认","0","15","15"
"且他","0","15","15"
"岂页","0","15","15"
"界的","0","15","15"
"的存","0","15","15"
"险恶","0","15","15"
"书时","0","15","15"
"望你","0","15","15"
"见面","0","15","15"
"做人","0","15","15"
"的广","0","15","15"
"的供","0","15","15"
"友的","0","15","15"
"他应","0","15","15"
"诞的","0","15","15"
"卓越","0","15","15"
"要和","0","15","15"
"的在","0","15","15"
"年因","0","15","15"
"我很","0","15","15"
"溃逃","0","15","15"
"的险","0","15","15"
"佐朝","0","15","15"
"承蒙","0","15","15"
"们只","0","15","15"
"吃完","0","15","15"
"调他","0","15","15"
"述自","0","15","15"
"也认","0","15","15"
"对下","0","15","15"
"的动","0","15","15"
"夺的","0","15","15"
"比如","0","15","15"
"有丝","0","15","15"
"丽的","0","15","15"
"武的","0","15","15"
"的奖","0","15","15"
"是空","0","15","15"
"知他","0","15","15"
"萧道","0","15","15"
"县县","0","15","15"
"了你","0","15","15"
"野的","0","15","15"
"果要","0","15","15"
"活命","0","15","15"
"答他","0","15","15"
"的等","0","15","15"
"对敌","0","15","15"
"们如","0","15","15"
"的以","0","15","15"
"阳周","0","15","15"
"到杭","0","15","15"
"他管","0","15","15"
"种做","0","15","15"
"反映","0","15","15"
"回音","0","15","15"
"另立","0","15","15"
"辩解","0","15","15"
"来确","0","15","15"
"欢的","0","15","15"
"予官","0","15","15"
"官后","0","15","15"
"回的","0","15","15"
"么好","0","15","15"
"道没","0","15","15"
"的效","0","15","15"
"察觉","0","15","15"
"提供","0","15","15"
"赌博","0","15","15"
"漠阁","0","15","15"
"马铃","0","15","15"
"伐平","0","15","15"
"孟琪","0","15","15"
"赵簌","0","15","15"
"任崇","0","15","15"
"他修","0","15","15"
"他考","0","15","15"
"附在","0","15","15"
"直担","0","15","15"
"之到","0","15","15"
"攻向","0","15","15"
"才到","0","15","15"
"奔向","0","15","15"
"锋芒","0","15","15"
"谋的","0","15","15"
"到郡","0","15","15"
"经一","0","15","15"
"拼死","0","15","15"
"车辆","0","15","15"
"显得","0","15","15"
"史照","0","15","15"
"赶来","0","15","15"
"断他","0","15","15"
"驱直","0","15","15"
"一地","0","15","15"
"人占","0","15","15"
"能阻","0","15","15"
"阻挡","0","15","15"
"池塘","0","15","15"
"迹象","0","15","15"
"才回","0","15","15"
"些时","0","15","15"
"结的","0","15","15"
"充作","0","15","15"
"堂举","0","15","15"
"情报","0","15","15"
"据情","0","15","15"
"灾百","0","15","15"
"礻韦","0","15","15"
"共五","0","15","15"
"昂贵","0","15","15"
"虽说","0","15","15"
"过继","0","15","15"
"我只","0","15","15"
"参见","0","15","15"
"扣留","0","15","15"
"黥刑","0","15","15"
"文到","0","15","15"
"到明","0","15","15"
"参照","0","15","15"
"儿为","0","15","15"
"入的","0","15","15"
"示的","0","15","15"
"息的","0","15","15"
"选取","0","15","15"
"是羽","0","15","15"
"总共","0","15","15"
"合起","0","15","15"
"二件","0","15","15"
"来考","0","15","15"
"余都","0","15","15"
"并任","0","15","15"
"零三","0","15","15"
"朔时","0","15","15"
"祀祖","0","15","15"
"看作","0","15","15"
"致哀","0","15","15"
"忍受","0","15","15"
"纲的","0","15","15"
"要事","0","15","15"
"吹乐","0","15","15"
"想与","0","15","15"
"示国","0","15","15"
"乐歌","0","15","15"
"们与","0","15","15"
"赞美","0","15","15"
"和南","0","15","15"
"泽的","0","15","15"
"妥当","0","15","15"
"辛末","0","15","15"
"有缺","0","15","15"
"泛地","0","15","15"
"到文","0","15","15"
"的章","0","15","15"
"按常","0","15","15"
"及丧","0","15","15"
"国没","0","15","15"
"都取","0","15","15"
"宿是","0","15","15"
"种颜","0","15","15"
"戴的","0","15","15"
"历经","0","15","15"
"收到","0","15","15"
"令赐","0","15","15"
"又指","0","15","15"
"到白","0","15","15"
"饯行","0","15","15"
"穷究","0","15","15"
"承朝","0","15","15"
"飞到","0","15","15"
"中十","0","15","15"
"共六","0","15","15"
"阳运","0","15","15"
"把太","0","15","15"
"说吴","0","15","15"
"次侵","0","15","15"
"查问","0","15","15"
"十次","0","15","15"
"党的","0","15","15"
"巡逻","0","15","15"
"姓在","0","15","15"
"标志","0","15","15"
"雷闪","0","15","15"
"色是","0","15","15"
"谏说","0","15","15"
"军抵","0","15","15"
"幼小","0","15","15"
"队讨","0","15","15"
"他已","0","15","15"
"超人","0","15","15"
"替陛","0","15","15"
"贬职","0","15","15"
"飞回","0","15","15"
"国分","0","15","15"
"立刻","0","15","15"
"荐了","0","15","15"
"事才","0","15","15"
"握大","0","15","15"
"被赏","0","15","15"
"很赞","0","15","15"
"个任","0","15","15"
"探望","0","15","15"
"他随","0","15","15"
"很急","0","15","15"
"救他","0","15","15"
"都参","0","15","15"
"伯说","0","15","15"
"手里","0","15","15"
"杖打","0","15","15"
"他谈","0","15","15"
"久没","0","15","15"
"声说","0","15","15"
"砍下","0","15","15"
"成丰","0","15","15"
"阁的","0","15","15"
"到诏","0","15","15"
"道能","0","15","15"
"只得","0","15","15"
"按规","0","15","15"
"正被","0","15","15"
"浚认","0","15","15"
"开战","0","15","15"
"回鹊","0","15","15"
"答对","0","15","15"
"殿设","0","15","15"
"中样","0","15","15"
"东各","0","15","15"
"察记","0","15","15"
"到契","0","15","15"
"间州","0","15","15"
"分惊","0","15","15"
"求诛","0","15","15"
"忠说","0","15","15"
"角厮","0","15","15"
"到陈","0","15","15"
"清理","0","15","15"
"因金","0","15","15"
"轮番","0","15","15"
"求选","0","15","15"
"给韩","0","15","15"
"久占","0","15","15"
"贩桌","0","15","15"
"洒州","0","15","15"
"报传","0","15","15"
"说韩","0","15","15"
"的眼","0","15","15"
"载录","0","15","15"
"留住","0","15","15"
"算把","0","15","15"
"宝年","0","15","15"
"徙任","0","15","15"
"升至","0","15","15"
"撰的","0","15","15"
"任延","0","15","15"
"召任","0","15","15"
"圣年","0","15","15"
"他首","0","15","15"
"他极","0","15","15"
"王蚞","0","15","15"
"危稹","0","15","15"
"云何","14","0","14"
"而公","11","3","14"
"民瘼","14","0","14"
"遂令","14","0","14"
"冠带","12","2","14"
"宜令","14","0","14"
"自昔","13","1","14"
"以寡","14","0","14"
"民利","9","5","14"
"有章","7","7","14"
"上林","6","8","14"
"老疾","12","2","14"
"视不","8","6","14"
"立八","8","6","14"
"章服","8","6","14"
"为易","10","4","14"
"以宫","10","4","14"
"无患","10","4","14"
"律之","9","5","14"
"更相","12","2","14"
"于制","11","3","14"
"尊者","13","1","14"
"所寄","7","7","14"
"百工","8","6","14"
"如法","12","2","14"
"如日","11","3","14"
"章岁","7","7","14"
"君德","10","4","14"
"德也","12","2","14"
"出此","12","2","14"
"庶政","14","0","14"
"光被","5","9","14"
"何在","7","7","14"
"何有","11","3","14"
"载以","10","4","14"
"之比","12","2","14"
"今上","12","2","14"
"致斋","6","8","14"
"以祀","13","1","14"
"在无","6","8","14"
"本也","11","3","14"
"则四","10","4","14"
"无由","13","1","14"
"不臣","12","2","14"
"者矣","14","0","14"
"精华","2","12","14"
"顾谓","14","0","14"
"覆之","13","1","14"
"臣道","8","6","14"
"相谓","14","0","14"
"以祸","11","3","14"
"事故","8","6","14"
"与二","10","4","14"
"二公","8","6","14"
"小兒","14","0","14"
"思其","13","1","14"
"得去","14","0","14"
"往见","14","0","14"
"语所","11","3","14"
"宜还","14","0","14"
"涉猎","6","8","14"
"配之","13","1","14"
"器仗","9","5","14"
"山河","9","5","14"
"之赏","12","2","14"
"使与","12","2","14"
"顾命","14","0","14"
"孤贫","12","2","14"
"于权","6","8","14"
"而望","9","5","14"
"而思","8","6","14"
"表以","12","2","14"
"至重","11","3","14"
"更为","5","9","14"
"敢对","9","5","14"
"次与","1","13","14"
"随所","12","2","14"
"传诏","9","5","14"
"形于","7","7","14"
"于至","10","4","14"
"为器","9","5","14"
"其出","13","1","14"
"岂复","14","0","14"
"即用","10","4","14"
"之乃","14","0","14"
"孤城","8","6","14"
"兵食","14","0","14"
"其德","11","3","14"
"内省","9","5","14"
"素有","8","6","14"
"所无","12","2","14"
"怨愤","6","8","14"
"同恶","11","3","14"
"容有","10","4","14"
"投书","2","12","14"
"入狱","2","12","14"
"其狱","14","0","14"
"更有","8","6","14"
"咸以","14","0","14"
"有达","3","11","14"
"无心","5","9","14"
"是理","4","10","14"
"胜其","10","4","14"
"然失","1","13","14"
"犬马","8","6","14"
"会以","5","9","14"
"乐而","6","8","14"
"验之","11","3","14"
"子道","11","3","14"
"言所","9","5","14"
"彼之","14","0","14"
"不节","10","4","14"
"乃知","13","1","14"
"祖将","10","4","14"
"生口","12","2","14"
"不图","9","5","14"
"是事","6","8","14"
"下垂","4","10","14"
"之捷","10","4","14"
"广莫","7","7","14"
"为远","8","6","14"
"义感","3","11","14"
"本欲","13","1","14"
"其轻","10","4","14"
"而贪","8","6","14"
"获全","10","4","14"
"再见","8","6","14"
"自见","13","1","14"
"此请","3","11","14"
"朕心","11","3","14"
"未就","9","5","14"
"严为","9","5","14"
"情以","6","8","14"
"通人","6","8","14"
"乐以","11","3","14"
"忧不","12","2","14"
"吕之","11","3","14"
"但有","7","7","14"
"反以","14","0","14"
"交加","3","11","14"
"议正","13","1","14"
"长不","4","10","14"
"职以","2","12","14"
"得矣","14","0","14"
"之限","12","2","14"
"无闻","9","5","14"
"九服","14","0","14"
"更造","14","0","14"
"复安","9","5","14"
"明朝","1","13","14"
"国言","14","0","14"
"之纯","7","7","14"
"父祖","11","3","14"
"宗知","6","8","14"
"既还","14","0","14"
"临敌","9","5","14"
"受终","13","1","14"
"之小","12","2","14"
"已过","5","9","14"
"诛讨","7","7","14"
"大丈","5","9","14"
"涂地","7","7","14"
"此是","9","5","14"
"愿与","10","4","14"
"考其","11","3","14"
"甚为","4","10","14"
"及今","13","1","14"
"亦与","14","0","14"
"往朝","3","11","14"
"见帝","13","1","14"
"毋辄","14","0","14"
"侍禁","8","6","14"
"当更","8","6","14"
"罢内","13","1","14"
"胄之","12","2","14"
"周匝","14","0","14"
"入洛","8","6","14"
"如流","8","6","14"
"还镇","13","1","14"
"圣神","8","6","14"
"将成","7","7","14"
"任人","9","5","14"
"而三","12","2","14"
"内人","5","9","14"
"盛暑","9","5","14"
"遂改","12","2","14"
"终岁","10","4","14"
"无备","12","2","14"
"勋旧","8","6","14"
"虚额","9","5","14"
"宪之","11","3","14"
"其恶","12","2","14"
"得安","3","11","14"
"书责","8","6","14"
"得书","12","2","14"
"褒谕","12","2","14"
"可忧","8","6","14"
"人窥","8","6","14"
"待其","9","5","14"
"以肃","11","3","14"
"议礼","9","5","14"
"衣而","8","6","14"
"私之","11","3","14"
"岂无","14","0","14"
"未免","11","3","14"
"拜命","13","1","14"
"受而","12","2","14"
"所删","7","7","14"
"帝称","6","8","14"
"乃召","13","1","14"
"克而","9","5","14"
"卒无","13","1","14"
"同郡","5","9","14"
"略无","13","1","14"
"女谒","10","4","14"
"欲引","13","1","14"
"责其","8","6","14"
"急攻","9","5","14"
"己而","7","7","14"
"舍之","11","3","14"
"日望","13","1","14"
"边陲","8","6","14"
"封晋","10","4","14"
"置东","10","4","14"
"尉长","7","7","14"
"江夷","3","11","14"
"浑拾","7","7","14"
"虔为","7","7","14"
"守申","7","7","14"
"史广","7","7","14"
"虏南","8","6","14"
"八皇","7","7","14"
"兴公","6","8","14"
"并举","9","5","14"
"军孙","8","6","14"
"苍梧","8","6","14"
"置左","8","6","14"
"减为","6","8","14"
"会差","6","8","14"
"阴不","12","2","14"
"某甲","7","7","14"
"王夫","7","7","14"
"宗圣","8","6","14"
"羌夷","8","6","14"
"总章","8","6","14"
"尉以","8","6","14"
"德舞","7","7","14"
"古曲","8","6","14"
"我受","2","12","14"
"始九","7","7","14"
"代立","11","3","14"
"公被","1","13","14"
"胜数","4","10","14"
"微西","11","3","14"
"至下","11","3","14"
"又入","5","9","14"
"帝五","6","8","14"
"武建","10","4","14"
"中元","6","8","14"
"西堂","7","7","14"
"生东","12","2","14"
"黄武","7","7","14"
"铜钟","7","7","14"
"官家","6","8","14"
"子分","5","9","14"
"帝庙","5","9","14"
"桐庐","7","7","14"
"丘令","7","7","14"
"武孝","10","4","14"
"昌令","7","7","14"
"属阳","4","10","14"
"镇京","12","2","14"
"南百","3","11","14"
"虽无","11","3","14"
"王直","7","7","14"
"公义","10","4","14"
"高怀","7","7","14"
"军步","7","7","14"
"军者","14","0","14"
"仁浦","7","7","14"
"判留","7","7","14"
"封广","8","6","14"
"淮海","7","7","14"
"守中","7","7","14"
"元门","7","7","14"
"静难","7","7","14"
"杜彦","7","7","14"
"寿宁","7","7","14"
"勘官","7","7","14"
"张逊","5","9","14"
"柴禹","7","7","14"
"张洎","7","7","14"
"士冯","7","7","14"
"部副","7","7","14"
"置国","8","6","14"
"臣分","3","11","14"
"允言","7","7","14"
"命工","5","9","14"
"明仁","7","7","14"
"稽古","10","4","14"
"徒兼","7","7","14"
"元亨","8","6","14"
"黔州","6","8","14"
"并参","14","0","14"
"身八","7","7","14"
"殊为","8","6","14"
"祖曾","1","13","14"
"编排","5","9","14"
"蒋之","7","7","14"
"封伯","9","5","14"
"辅郡","7","7","14"
"密郡","7","7","14"
"冀国","7","7","14"
"构为","7","7","14"
"信安","6","8","14"
"圣像","6","8","14"
"彩色","1","13","14"
"场务","6","8","14"
"使何","9","5","14"
"赠右","10","4","14"
"乙宫","9","5","14"
"处仁","7","7","14"
"帝行","6","8","14"
"颜岐","7","7","14"
"乔仲","7","7","14"
"仲福","7","7","14"
"仲熊","7","7","14"
"丞范","8","6","14"
"溃卒","11","3","14"
"州永","7","7","14"
"复南","7","7","14"
"分荆","12","2","14"
"造浑","7","7","14"
"举士","7","7","14"
"护使","8","6","14"
"改葬","7","7","14"
"恺为","6","8","14"
"北招","6","8","14"
"朋为","2","12","14"
"尧寿","7","7","14"
"曰寿","14","0","14"
"杨石","6","8","14"
"士吴","7","7","14"
"视京","7","7","14"
"郑性","7","7","14"
"次说","1","13","14"
"郎吴","8","6","14"
"性传","7","7","14"
"伯大","7","7","14"
"招捕","9","5","14"
"甫之","7","7","14"
"行司","6","8","14"
"兼浙","7","7","14"
"使马","6","8","14"
"天骥","7","7","14"
"汪立","7","7","14"
"立信","7","7","14"
"顺化","7","7","14"
"城破","10","4","14"
"黄万","6","8","14"
"堂为","6","8","14"
"备差","7","7","14"
"松关","7","7","14"
"将吴","5","9","14"
"执守","13","1","14"
"赵时","5","9","14"
"皆弃","13","1","14"
"寿庚","7","7","14"
"厚五","7","7","14"
"寸五","7","7","14"
"密曰","14","0","14"
"曰上","13","1","14"
"师门","6","8","14"
"腾蛇","7","7","14"
"王光","7","7","14"
"州金","6","8","14"
"第宅","8","6","14"
"懿王","11","3","14"
"德崇","6","8","14"
"国七","4","10","14"
"位司","9","5","14"
"封员","7","7","14"
"骑都","7","7","14"
"捷军","6","8","14"
"宋德","7","7","14"
"李崇","5","9","14"
"窦神","3","11","14"
"咸信","7","7","14"
"镇定","5","9","14"
"谥武","13","1","14"
"院以","9","5","14"
"改同","10","4","14"
"为赤","9","5","14"
"隆三","6","8","14"
"客员","7","7","14"
"在原","3","11","14"
"居内","8","6","14"
"究出","7","7","14"
"禧初","7","7","14"
"攀附","5","9","14"
"次有","2","12","14"
"圣容","9","5","14"
"祥源","8","6","14"
"判国","7","7","14"
"见群","7","7","14"
"兼河","7","7","14"
"北都","6","8","14"
"岚州","7","7","14"
"北巡","7","7","14"
"被诏","7","7","14"
"子安","7","7","14"
"陶潜","3","11","14"
"方镇","9","5","14"
"谢世","3","11","14"
"号平","13","1","14"
"鄂渚","8","6","14"
"下正","4","10","14"
"政等","7","7","14"
"进宝","11","3","14"
"合二","8","6","14"
"料院","7","7","14"
"迁翰","13","1","14"
"升兼","9","5","14"
"院修","6","8","14"
"部架","7","7","14"
"乌古","7","7","14"
"管文","4","10","14"
"御戎","8","6","14"
"遵路","6","8","14"
"官论","8","6","14"
"字明","7","7","14"
"为屯","8","6","14"
"捷指","7","7","14"
"皆自","13","1","14"
"释卷","6","8","14"
"鸿胪","8","6","14"
"归一","6","8","14"
"知随","9","5","14"
"命高","4","10","14"
"为士","7","7","14"
"陷阵","5","9","14"
"吴兵","6","8","14"
"士十","9","5","14"
"去矣","14","0","14"
"我辈","9","5","14"
"重创","11","3","14"
"道民","6","8","14"
"未明","8","6","14"
"不执","7","7","14"
"安以","9","5","14"
"北主","12","2","14"
"史毛","8","6","14"
"史安","8","6","14"
"率数","11","3","14"
"祖知","8","6","14"
"意已","10","4","14"
"遣诸","11","3","14"
"玄败","12","2","14"
"还复","12","2","14"
"归咎","8","6","14"
"命辅","4","10","14"
"将郭","8","6","14"
"玺绶","11","3","14"
"甲仗","11","3","14"
"能夺","11","3","14"
"加领","13","1","14"
"是尚","3","11","14"
"绢三","7","7","14"
"邦国","7","7","14"
"大掠","13","1","14"
"车为","7","7","14"
"驰往","13","1","14"
"引众","14","0","14"
"是设","3","11","14"
"降附","4","10","14"
"诏加","10","4","14"
"伐燕","7","7","14"
"刘公","6","8","14"
"发自","7","7","14"
"之问","12","2","14"
"复攻","14","0","14"
"阳出","2","12","14"
"还屯","8","6","14"
"至五","9","5","14"
"留其","12","2","14"
"以海","12","2","14"
"请还","14","0","14"
"遣主","9","5","14"
"为孙","6","8","14"
"与公","10","4","14"
"雄才","5","9","14"
"子义","9","5","14"
"吏百","3","11","14"
"疾之","13","1","14"
"包藏","5","9","14"
"无德","4","10","14"
"前言","13","1","14"
"道未","9","5","14"
"游于","9","5","14"
"王允","7","7","14"
"昭告","8","6","14"
"靡不","13","1","14"
"宜同","14","0","14"
"因受","1","13","14"
"征东","8","6","14"
"百济","7","7","14"
"虽多","8","6","14"
"初限","7","7","14"
"置将","8","6","14"
"费财","8","6","14"
"监护","6","8","14"
"南入","12","2","14"
"将北","10","4","14"
"宋台","11","3","14"
"主出","8","6","14"
"锦绣","6","8","14"
"章公","4","10","14"
"骚然","14","0","14"
"于在","1","13","14"
"徒徐","6","8","14"
"除司","11","3","14"
"县今","7","7","14"
"城三","8","6","14"
"思所","13","1","14"
"徐豁","2","12","14"
"夫范","7","7","14"
"军申","7","7","14"
"简约","5","9","14"
"改领","14","0","14"
"徒参","7","7","14"
"军崔","7","7","14"
"孤老","9","5","14"
"殷氏","7","7","14"
"铄为","8","6","14"
"徐二","7","7","14"
"七皇","7","7","14"
"朗为","6","8","14"
"幸国","14","0","14"
"多可","6","8","14"
"宪为","6","8","14"
"随郡","7","7","14"
"胡崇","6","8","14"
"眙城","3","11","14"
"伐西","3","11","14"
"常称","4","10","14"
"妃王","8","6","14"
"史硃","13","1","14"
"有嘉","7","7","14"
"以维","4","10","14"
"御服","12","2","14"
"据广","8","6","14"
"宣等","7","7","14"
"灵符","8","6","14"
"使按","13","1","14"
"郡并","8","6","14"
"宕昌","7","7","14"
"切于","13","1","14"
"大以","7","7","14"
"休茂","7","7","14"
"兵尚","10","4","14"
"属徐","7","7","14"
"中建","5","9","14"
"署令","8","6","14"
"尹王","7","7","14"
"子业","8","6","14"
"越骑","7","7","14"
"以石","11","3","14"
"主也","12","2","14"
"子生","4","10","14"
"嫡长","4","10","14"
"业业","6","8","14"
"典以","14","0","14"
"祖西","7","7","14"
"五常","6","8","14"
"南伐","6","8","14"
"领众","6","8","14"
"州囚","7","7","14"
"史崔","7","7","14"
"徒建","8","6","14"
"刘袭","4","10","14"
"云雨","7","7","14"
"刘灵","7","7","14"
"军蔡","7","7","14"
"文靖","7","7","14"
"即大","12","2","14"
"百千","9","5","14"
"上尝","14","0","14"
"物色","10","4","14"
"有孝","8","6","14"
"曰皇","14","0","14"
"明自","3","11","14"
"林监","7","7","14"
"友为","3","11","14"
"除侍","13","1","14"
"行青","6","8","14"
"高道","5","9","14"
"手自","13","1","14"
"驰马","7","7","14"
"一乘","7","7","14"
"兴在","3","11","14"
"四条","2","12","14"
"造新","9","5","14"
"来已","2","12","14"
"至天","5","9","14"
"参差","11","3","14"
"中土","13","1","14"
"四望","11","3","14"
"皆降","14","0","14"
"极不","7","7","14"
"生角","11","3","14"
"即有","9","5","14"
"度也","11","3","14"
"封上","4","10","14"
"所动","1","13","14"
"是生","2","12","14"
"准之","10","4","14"
"能传","3","11","14"
"其六","10","4","14"
"列和","2","12","14"
"为作","9","5","14"
"于法","10","4","14"
"殿堂","1","13","14"
"以检","10","4","14"
"为者","13","1","14"
"尺四","7","7","14"
"寸九","7","7","14"
"行道","5","9","14"
"于牛","3","11","14"
"掘地","7","7","14"
"与古","6","8","14"
"而授","8","6","14"
"更以","14","0","14"
"宿度","4","10","14"
"立春","7","7","14"
"言当","14","0","14"
"日官","8","6","14"
"之诸","13","1","14"
"今中","10","4","14"
"没法","3","11","14"
"通法","6","8","14"
"算外","14","0","14"
"次月","11","3","14"
"后各","3","11","14"
"至后","9","5","14"
"相及","9","5","14"
"数岁","13","1","14"
"星二","10","4","14"
"行九","7","7","14"
"凡一","12","2","14"
"事非","10","4","14"
"祖有","8","6","14"
"领国","8","6","14"
"及二","12","2","14"
"羊传","3","11","14"
"屡有","10","4","14"
"关门","4","10","14"
"今月","13","1","14"
"荀万","7","7","14"
"代成","8","6","14"
"令高","4","10","14"
"此礼","11","3","14"
"则水","14","0","14"
"弟不","5","9","14"
"母服","6","8","14"
"未安","11","3","14"
"然多","3","11","14"
"大孝","7","7","14"
"益以","14","0","14"
"廓然","8","6","14"
"期服","7","7","14"
"犊车","10","4","14"
"险易","9","5","14"
"代礼","1","13","14"
"若因","10","4","14"
"卒哭","8","6","14"
"三夫","8","6","14"
"之太","14","0","14"
"嫡子","4","10","14"
"子长","4","10","14"
"为升","6","8","14"
"于父","8","6","14"
"服以","11","3","14"
"重有","8","6","14"
"后终","9","5","14"
"不遂","11","3","14"
"乃除","13","1","14"
"私亲","8","6","14"
"臣见","10","4","14"
"野王","7","7","14"
"服为","11","3","14"
"晋恭","7","7","14"
"先君","7","7","14"
"而显","1","13","14"
"意妄","3","11","14"
"丞庾","8","6","14"
"设有","9","5","14"
"而魏","7","7","14"
"人掌","5","9","14"
"物也","11","3","14"
"见也","11","3","14"
"不随","4","10","14"
"官五","10","4","14"
"外以","10","4","14"
"又复","8","6","14"
"送死","7","7","14"
"为序","8","6","14"
"期以","9","5","14"
"既以","11","3","14"
"尚不","11","3","14"
"每至","14","0","14"
"六门","7","7","14"
"壮之","14","0","14"
"游苑","8","6","14"
"世系","2","12","14"
"皇皇","8","6","14"
"臣孙","8","6","14"
"之左","13","1","14"
"德性","1","13","14"
"然称","7","7","14"
"二祖","8","6","14"
"泽不","7","7","14"
"及建","9","5","14"
"从和","6","8","14"
"将发","10","4","14"
"孝敬","2","12","14"
"同宗","5","9","14"
"谷梁","7","7","14"
"祀不","4","10","14"
"郑氏","9","5","14"
"从晋","2","12","14"
"据礼","4","10","14"
"岁一","14","0","14"
"吕后","7","7","14"
"可有","8","6","14"
"以职","9","5","14"
"同制","8","6","14"
"于室","7","7","14"
"祠祭","3","11","14"
"所主","10","4","14"
"帝世","14","0","14"
"史公","7","7","14"
"不宣","5","9","14"
"子对","2","12","14"
"禅之","10","4","14"
"告上","4","10","14"
"冒死","2","12","14"
"大禹","4","10","14"
"府上","3","11","14"
"告成","5","9","14"
"古圣","7","7","14"
"徽号","8","6","14"
"于轸","8","6","14"
"夫妇","8","6","14"
"朝太","5","9","14"
"命宗","6","8","14"
"为称","9","5","14"
"礼以","10","4","14"
"而开","7","7","14"
"万古","7","7","14"
"帝特","4","10","14"
"又特","6","8","14"
"以承","8","6","14"
"召公","5","9","14"
"为惠","6","8","14"
"于孝","9","5","14"
"及四","10","4","14"
"但未","3","11","14"
"以乘","6","8","14"
"于门","12","2","14"
"日用","10","4","14"
"都无","1","13","14"
"互不","1","13","14"
"而君","10","4","14"
"乃使","13","1","14"
"尉行","7","7","14"
"则就","2","12","14"
"就吉","1","13","14"
"于群","8","6","14"
"与四","7","7","14"
"事虽","7","7","14"
"后追","5","9","14"
"互有","8","6","14"
"痛之","10","4","14"
"常使","8","6","14"
"嘉祥","9","5","14"
"而江","10","4","14"
"而制","4","10","14"
"帝讲","4","10","14"
"诏为","11","3","14"
"私门","11","3","14"
"殿之","8","6","14"
"宋代","2","12","14"
"马者","14","0","14"
"此前","3","11","14"
"奉车","7","7","14"
"田赋","7","7","14"
"牛之","9","5","14"
"尝问","14","0","14"
"之冠","8","6","14"
"来无","8","6","14"
"介帻","13","1","14"
"时各","1","13","14"
"王粲","7","7","14"
"及进","8","6","14"
"官品","3","11","14"
"下旨","1","13","14"
"异等","10","4","14"
"郡丞","6","8","14"
"右都","5","9","14"
"故官","14","0","14"
"条目","3","11","14"
"人行","5","9","14"
"数是","1","13","14"
"会王","12","2","14"
"令臣","9","5","14"
"卿奏","10","4","14"
"贾之","8","6","14"
"德广","4","10","14"
"一曲","5","9","14"
"六曰","12","2","14"
"失也","12","2","14"
"至其","12","2","14"
"三言","11","3","14"
"修正","2","12","14"
"朝无","12","2","14"
"韶之","7","7","14"
"出地","7","7","14"
"帝非","3","11","14"
"变也","13","1","14"
"一列","2","12","14"
"复成","8","6","14"
"且多","9","5","14"
"尧之","11","3","14"
"中朝","7","7","14"
"关朝","6","8","14"
"动之","8","6","14"
"吹曲","4","10","14"
"之八","4","10","14"
"齐桓","2","12","14"
"测之","9","5","14"
"泪下","2","12","14"
"拜贺","5","9","14"
"福禄","1","13","14"
"致天","6","8","14"
"王凌","8","6","14"
"万方","9","5","14"
"肃清","3","11","14"
"南飞","6","8","14"
"但在","2","12","14"
"而变","8","6","14"
"和礼","1","13","14"
"上邪","6","8","14"
"兵征","5","9","14"
"八句","8","6","14"
"六字","7","7","14"
"辰为","10","4","14"
"孟氏","8","6","14"
"乱反","4","10","14"
"天成","7","7","14"
"以杀","10","4","14"
"崇仁","8","6","14"
"禅即","2","12","14"
"此篇","12","2","14"
"征也","14","0","14"
"来争","6","8","14"
"封疆","7","7","14"
"为范","2","12","14"
"于千","8","6","14"
"千金","8","6","14"
"明赏","10","4","14"
"述其","7","7","14"
"夜行","12","2","14"
"自南","10","4","14"
"间相","4","10","14"
"光耀","5","9","14"
"中华","5","9","14"
"案刘","14","0","14"
"守心","7","7","14"
"华殿","7","7","14"
"长星","7","7","14"
"悉为","14","0","14"
"犯大","6","8","14"
"日灭","14","0","14"
"出有","8","6","14"
"兵动","14","0","14"
"葛诞","7","7","14"
"特赦","2","12","14"
"于胃","3","11","14"
"偏裨","13","1","14"
"长十","10","4","14"
"死王","5","9","14"
"灾在","9","5","14"
"相死","7","7","14"
"指天","6","8","14"
"兵逼","7","7","14"
"兵冲","5","9","14"
"乃灭","14","0","14"
"钜鹿","12","2","14"
"久守","14","0","14"
"有福","7","7","14"
"方各","2","12","14"
"不休","4","10","14"
"国兵","11","3","14"
"攻没","12","2","14"
"星逆","3","11","14"
"河阴","8","6","14"
"姚苌","7","7","14"
"又陈","7","7","14"
"入紫","7","7","14"
"门有","7","7","14"
"处茂","7","7","14"
"等追","9","5","14"
"上饶","7","7","14"
"州战","5","9","14"
"初平","9","5","14"
"聚而","9","5","14"
"天苑","7","7","14"
"尾长","7","7","14"
"至东","13","1","14"
"出文","7","7","14"
"言人","13","1","14"
"星数","2","12","14"
"在娄","5","9","14"
"天清","5","9","14"
"东园","7","7","14"
"文成","10","4","14"
"林之","8","6","14"
"礼待","4","10","14"
"制命","7","7","14"
"命在","5","9","14"
"上常","6","8","14"
"向者","14","0","14"
"大蛇","6","8","14"
"即出","10","4","14"
"书与","12","2","14"
"病已","5","9","14"
"公时","5","9","14"
"有专","4","10","14"
"上起","4","10","14"
"栋梁","3","11","14"
"吾为","14","0","14"
"陵为","11","3","14"
"舍不","8","6","14"
"量力","5","9","14"
"记之","12","2","14"
"子受","5","9","14"
"以封","9","5","14"
"今二","12","2","14"
"大异","11","3","14"
"与小","7","7","14"
"忽有","14","0","14"
"厚待","2","12","14"
"在县","3","11","14"
"感德","8","6","14"
"而兴","7","7","14"
"为奇","8","6","14"
"与帝","11","3","14"
"满十","6","8","14"
"南洛","8","6","14"
"县大","8","6","14"
"闰四","4","10","14"
"州野","7","7","14"
"章安","7","7","14"
"黄光","6","8","14"
"暨阳","8","6","14"
"阳湖","8","6","14"
"符以","10","4","14"
"守历","4","10","14"
"生华","11","3","14"
"道兴","7","7","14"
"池二","7","7","14"
"坛上","4","10","14"
"梁王","8","6","14"
"一枚","4","10","14"
"皓天","7","7","14"
"尧时","4","10","14"
"妃有","4","10","14"
"诏二","11","3","14"
"色光","1","13","14"
"言得","13","1","14"
"安阳","7","7","14"
"成茧","8","6","14"
"亭山","7","7","14"
"入不","8","6","14"
"郡兵","8","6","14"
"而诛","11","3","14"
"久也","1","13","14"
"后多","6","8","14"
"戒若","14","0","14"
"而胜","9","5","14"
"流徙","9","5","14"
"为胡","5","9","14"
"而名","9","5","14"
"于府","10","4","14"
"侵边","7","7","14"
"上金","3","11","14"
"愚被","1","13","14"
"安宫","6","8","14"
"食人","12","2","14"
"易为","11","3","14"
"去冬","12","2","14"
"小将","6","8","14"
"妄加","5","9","14"
"悉众","12","2","14"
"势也","6","8","14"
"何若","8","6","14"
"众望","2","12","14"
"洛中","9","5","14"
"水从","2","12","14"
"兵同","5","9","14"
"兵诛","6","8","14"
"阳道","8","6","14"
"是草","1","13","14"
"无言","5","9","14"
"有万","3","11","14"
"赤祥","7","7","14"
"意欲","14","0","14"
"校官","5","9","14"
"伦篡","6","8","14"
"灵芝","4","10","14"
"信谗","5","9","14"
"飞翔","2","12","14"
"稽留","8","6","14"
"外兵","11","3","14"
"水暴","8","6","14"
"入大","6","8","14"
"时吕","7","7","14"
"三处","4","10","14"
"于色","8","6","14"
"时曹","6","8","14"
"权倾","7","7","14"
"后死","2","12","14"
"怀异","7","7","14"
"以飞","12","2","14"
"人诣","14","0","14"
"有凶","3","11","14"
"始宁","8","6","14"
"先属","7","7","14"
"德县","7","7","14"
"之广","12","2","14"
"州旧","6","8","14"
"北州","8","6","14"
"郡领","6","8","14"
"治郡","9","5","14"
"领州","8","6","14"
"事付","12","2","14"
"权重","7","7","14"
"一纸","6","8","14"
"独任","9","5","14"
"造大","4","10","14"
"床上","3","11","14"
"南二","10","4","14"
"言甚","14","0","14"
"今欲","14","0","14"
"结纳","4","10","14"
"马奔","4","10","14"
"马周","7","7","14"
"请解","10","4","14"
"弄威","11","3","14"
"臣推","1","13","14"
"守正","5","9","14"
"命征","3","11","14"
"昙首","7","7","14"
"害忠","5","9","14"
"位高","3","11","14"
"显要","3","11","14"
"不独","12","2","14"
"横海","7","7","14"
"筑长","10","4","14"
"田数","10","4","14"
"议欲","14","0","14"
"时延","6","8","14"
"巴州","7","7","14"
"阳已","5","9","14"
"权者","9","5","14"
"士与","7","7","14"
"人语","13","1","14"
"有纪","10","4","14"
"守如","14","0","14"
"石等","7","7","14"
"书劝","7","7","14"
"韩元","7","7","14"
"使同","8","6","14"
"道经","7","7","14"
"为职","4","10","14"
"而政","7","7","14"
"力竭","6","8","14"
"能归","6","8","14"
"成国","5","9","14"
"严刑","4","10","14"
"以省","9","5","14"
"为富","7","7","14"
"年丰","6","8","14"
"不妨","3","11","14"
"为留","9","5","14"
"以州","11","3","14"
"优异","4","10","14"
"致意","6","8","14"
"士在","2","12","14"
"上视","8","6","14"
"殊不","12","2","14"
"此所","13","1","14"
"人甚","2","12","14"
"军录","7","7","14"
"元太","4","10","14"
"莫先","13","1","14"
"圣虑","13","1","14"
"下思","7","7","14"
"表自","6","8","14"
"服药","6","8","14"
"卓然","9","5","14"
"以祈","8","6","14"
"至金","13","1","14"
"切齿","9","5","14"
"求全","2","12","14"
"就近","3","11","14"
"险固","6","8","14"
"望朝","1","13","14"
"帅杨","8","6","14"
"召不","13","1","14"
"是举","3","11","14"
"三关","7","7","14"
"祖诏","5","9","14"
"州合","6","8","14"
"继进","10","4","14"
"愚不","9","5","14"
"怨望","10","4","14"
"无行","12","2","14"
"来讨","2","12","14"
"觉为","8","6","14"
"意气","7","7","14"
"干犯","3","11","14"
"在狱","3","11","14"
"为谘","8","6","14"
"真有","4","10","14"
"化门","7","7","14"
"之是","6","8","14"
"令归","9","5","14"
"盖自","14","0","14"
"贵重","2","12","14"
"积粟","14","0","14"
"桑乾","7","7","14"
"又劝","5","9","14"
"尽归","10","4","14"
"从父","12","2","14"
"恨之","6","8","14"
"江方","4","10","14"
"复归","12","2","14"
"州早","1","13","14"
"岂敢","9","5","14"
"国男","7","7","14"
"保养","4","10","14"
"日可","7","7","14"
"后举","8","6","14"
"达一","1","13","14"
"司者","12","2","14"
"达三","1","13","14"
"许有","1","13","14"
"事委","6","8","14"
"守大","7","7","14"
"死生","10","4","14"
"治者","9","5","14"
"其税","12","2","14"
"能将","1","13","14"
"合围","8","6","14"
"负陛","8","6","14"
"道宪","7","7","14"
"表劝","6","8","14"
"柳伦","6","8","14"
"庞孟","3","11","14"
"掎角","11","3","14"
"当亲","5","9","14"
"乃加","13","1","14"
"万周","7","7","14"
"语之","14","0","14"
"宗谓","14","0","14"
"难而","6","8","14"
"天发","1","13","14"
"道标","7","7","14"
"举城","8","6","14"
"大骇","13","1","14"
"北还","11","3","14"
"傅灵","4","10","14"
"城起","1","13","14"
"于没","1","13","14"
"论人","9","5","14"
"在深","1","13","14"
"军守","5","9","14"
"城者","11","3","14"
"外城","3","11","14"
"人突","3","11","14"
"坐失","13","1","14"
"公度","7","7","14"
"勇于","8","6","14"
"攻不","3","11","14"
"内郡","10","4","14"
"再造","7","7","14"
"西六","7","7","14"
"遣左","9","5","14"
"士死","8","6","14"
"人目","13","1","14"
"博真","6","8","14"
"刘昶","1","13","14"
"以记","4","10","14"
"与浚","13","1","14"
"或出","7","7","14"
"是严","1","13","14"
"旨以","11","3","14"
"练军","3","11","14"
"势如","7","7","14"
"斌率","3","11","14"
"赐一","8","6","14"
"关大","5","9","14"
"余财","5","9","14"
"州围","8","6","14"
"复振","12","2","14"
"功也","12","2","14"
"郡不","6","8","14"
"屯河","9","5","14"
"求人","5","9","14"
"遣御","10","4","14"
"被责","2","12","14"
"光以","12","2","14"
"武睿","7","7","14"
"文神","7","7","14"
"宗怒","11","3","14"
"应募","7","7","14"
"西班","7","7","14"
"济师","14","0","14"
"张德","7","7","14"
"丹入","8","6","14"
"相顾","10","4","14"
"林承","7","7","14"
"谕诸","12","2","14"
"锦绮","7","7","14"
"陇州","6","8","14"
"直国","7","7","14"
"劝民","8","6","14"
"降人","9","5","14"
"赐从","12","2","14"
"民种","9","5","14"
"诏民","13","1","14"
"廷翰","7","7","14"
"金千","9","5","14"
"覆试","14","0","14"
"举劾","13","1","14"
"进副","9","5","14"
"置义","6","8","14"
"孙不","6","8","14"
"颖州","1","13","14"
"子惟","10","4","14"
"宪州","7","7","14"
"长堤","5","9","14"
"财者","12","2","14"
"两任","7","7","14"
"摄官","8","6","14"
"诏禁","8","6","14"
"浮屠","10","4","14"
"诏沿","8","6","14"
"沿河","7","7","14"
"辍朝","11","3","14"
"于讲","10","4","14"
"三经","7","7","14"
"臣武","1","13","14"
"旦使","7","7","14"
"见李","1","13","14"
"内客","7","7","14"
"朝于","9","5","14"
"凤楼","7","7","14"
"坏城","7","7","14"
"辰使","7","7","14"
"控鹤","7","7","14"
"罪在","7","7","14"
"功圣","7","7","14"
"破州","6","8","14"
"赦所","12","2","14"
"秩有","14","0","14"
"帝谥","13","1","14"
"通商","8","6","14"
"官衔","1","13","14"
"诏班","11","3","14"
"石岭","7","7","14"
"羊马","7","7","14"
"优赏","10","4","14"
"及契","12","2","14"
"封秦","6","8","14"
"禧等","7","7","14"
"师致","13","1","14"
"降封","7","7","14"
"王沔","6","8","14"
"中草","7","7","14"
"南招","7","7","14"
"击李","6","8","14"
"蠲江","14","0","14"
"杨业","6","8","14"
"军指","6","8","14"
"师至","13","1","14"
"甫为","6","8","14"
"廪给","12","2","14"
"许王","6","8","14"
"吏所","5","9","14"
"邓王","7","7","14"
"铁使","7","7","14"
"流罪","8","6","14"
"改大","11","3","14"
"白州","7","7","14"
"白书","8","6","14"
"坊副","7","7","14"
"帅师","14","0","14"
"再给","4","10","14"
"将韩","6","8","14"
"册皇","12","2","14"
"言李","10","4","14"
"副率","7","7","14"
"房公","7","7","14"
"郾城","8","6","14"
"熙陵","7","7","14"
"卒有","11","3","14"
"接踵","3","11","14"
"淮诸","14","0","14"
"州者","11","3","14"
"继英","7","7","14"
"置永","5","9","14"
"斩以","14","0","14"
"等族","7","7","14"
"祁州","7","7","14"
"挞览","7","7","14"
"抚问","11","3","14"
"路饥","7","7","14"
"辅导","7","7","14"
"庄穆","7","7","14"
"是表","2","12","14"
"为威","4","10","14"
"令转","5","9","14"
"主丧","8","6","14"
"年元","8","6","14"
"事太","12","2","14"
"劳问","13","1","14"
"论救","7","7","14"
"寇平","8","6","14"
"张从","6","8","14"
"上开","2","12","14"
"宗哥","7","7","14"
"拯等","7","7","14"
"西节","7","7","14"
"令兼","7","7","14"
"刘烨","3","11","14"
"王曙","7","7","14"
"永定","7","7","14"
"之听","4","10","14"
"制敌","2","12","14"
"全德","7","7","14"
"为靖","5","9","14"
"钱法","7","7","14"
"书刑","7","7","14"
"部详","7","7","14"
"岁输","13","1","14"
"于慈","10","4","14"
"给食","7","7","14"
"量安","11","3","14"
"自北","10","4","14"
"孙一","6","8","14"
"重罚","5","9","14"
"葬祭","8","6","14"
"一司","8","6","14"
"复淮","6","8","14"
"除今","3","11","14"
"给粮","2","12","14"
"举正","7","7","14"
"命河","3","11","14"
"臣荐","10","4","14"
"银三","7","7","14"
"郭子","6","8","14"
"司发","7","7","14"
"置保","6","8","14"
"保任","7","7","14"
"人提","1","13","14"
"府火","12","2","14"
"备军","8","6","14"
"会其","13","1","14"
"举广","7","7","14"
"颜真","6","8","14"
"命孙","2","12","14"
"广惠","7","7","14"
"惠仓","7","7","14"
"旧额","8","6","14"
"生员","2","12","14"
"路旱","13","1","14"
"中夜","11","3","14"
"刻之","9","5","14"
"诲等","7","7","14"
"侍都","7","7","14"
"集三","4","10","14"
"张师","4","10","14"
"就召","1","13","14"
"英国","7","7","14"
"诏入","10","4","14"
"对官","3","11","14"
"会死","1","13","14"
"判西","8","6","14"
"创置","6","8","14"
"田水","6","8","14"
"酒课","8","6","14"
"为供","5","9","14"
"为曹","4","10","14"
"韩愈","6","8","14"
"哭流","2","12","14"
"和国","2","12","14"
"著者","9","5","14"
"轼为","5","9","14"
"丰三","6","8","14"
"守各","4","10","14"
"书后","1","13","14"
"合道","3","11","14"
"在礼","3","11","14"
"遣吴","9","5","14"
"理官","5","9","14"
"举司","7","7","14"
"为沂","3","11","14"
"及监","9","5","14"
"以婉","8","6","14"
"任伯","6","8","14"
"伯雨","7","7","14"
"使程","7","7","14"
"心自","8","6","14"
"奸党","6","8","14"
"嘉国","7","7","14"
"得预","13","1","14"
"击却","14","0","14"
"献所","8","6","14"
"令劝","7","7","14"
"朋比","12","2","14"
"所储","9","5","14"
"清宝","7","7","14"
"廉访","7","7","14"
"道军","5","9","14"
"武义","7","7","14"
"独留","10","4","14"
"封崇","9","5","14"
"受围","12","2","14"
"啸聚","10","4","14"
"裁汰","1","13","14"
"总辖","7","7","14"
"浙制","8","6","14"
"供钱","6","8","14"
"粹中","6","8","14"
"堂审","8","6","14"
"阶官","8","6","14"
"入攻","8","6","14"
"五国","7","7","14"
"东等","6","8","14"
"李棁","14","0","14"
"割三","13","1","14"
"数其","14","0","14"
"下哀","8","6","14"
"都门","9","5","14"
"稽考","7","7","14"
"右金","7","7","14"
"府赵","7","7","14"
"国议","4","10","14"
"军而","9","5","14"
"弃地","7","7","14"
"知怀","9","5","14"
"南薰","7","7","14"
"人高","6","8","14"
"入贺","12","2","14"
"令推","2","12","14"
"下车","4","10","14"
"和军","2","12","14"
"兵取","11","3","14"
"陈淬","4","10","14"
"轻动","12","2","14"
"及是","14","0","14"
"劝进","11","3","14"
"恐有","11","3","14"
"遂决","13","1","14"
"进者","14","0","14"
"前通","7","7","14"
"城失","4","10","14"
"择日","7","7","14"
"犯江","5","9","14"
"宫祠","7","7","14"
"西抚","8","6","14"
"李复","6","8","14"
"法原","6","8","14"
"子桥","7","7","14"
"刘锡","7","7","14"
"史林","7","7","14"
"兵发","7","7","14"
"马柔","6","8","14"
"柔吉","7","7","14"
"详官","7","7","14"
"浚承","11","3","14"
"邦光","7","7","14"
"正诸","7","7","14"
"自镇","10","4","14"
"刘超","5","9","14"
"焦山","7","7","14"
"赵霖","6","8","14"
"李捧","6","8","14"
"李敦","6","8","14"
"敦仁","6","8","14"
"赵彬","6","8","14"
"支员","7","7","14"
"益昌","6","8","14"
"玉山","7","7","14"
"而攻","6","8","14"
"赏以","10","4","14"
"关子","7","7","14"
"同执","2","12","14"
"汝文","7","7","14"
"淮守","7","7","14"
"邵隆","7","7","14"
"成攻","1","13","14"
"官吴","6","8","14"
"飞与","8","6","14"
"俊军","8","6","14"
"丰二","7","7","14"
"腊家","6","8","14"
"路大","2","12","14"
"康直","7","7","14"
"宗颜","7","7","14"
"战备","3","11","14"
"行朝","4","10","14"
"人胡","5","9","14"
"守要","5","9","14"
"禀议","12","2","14"
"弃庐","5","9","14"
"藕塘","7","7","14"
"文彬","7","7","14"
"分治","9","5","14"
"左护","7","7","14"
"累疏","14","0","14"
"举子","9","5","14"
"地归","4","10","14"
"知渭","9","5","14"
"精于","6","8","14"
"于蔡","7","7","14"
"人败","7","7","14"
"张应","4","10","14"
"不主","7","7","14"
"合祀","14","0","14"
"州率","1","13","14"
"昭关","7","7","14"
"柘皋","7","7","14"
"许归","8","6","14"
"宫发","3","11","14"
"恩平","7","7","14"
"遣蒲","7","7","14"
"府丞","8","6","14"
"尧弼","7","7","14"
"扶掖","11","3","14"
"史才","7","7","14"
"才罢","1","13","14"
"复赵","5","9","14"
"官应","2","12","14"
"中前","2","12","14"
"以奏","12","2","14"
"官就","6","8","14"
"除湖","4","10","14"
"豪民","8","6","14"
"八条","4","10","14"
"锜军","8","6","14"
"命观","1","13","14"
"帝言","13","1","14"
"榻前","8","6","14"
"川蜀","3","11","14"
"岳庙","7","7","14"
"以史","13","1","14"
"次膺","7","7","14"
"淮都","5","9","14"
"魏祀","1","13","14"
"选德","7","7","14"
"左千","7","7","14"
"令二","2","12","14"
"尽出","13","1","14"
"河口","7","7","14"
"侍陈","7","7","14"
"号冲","4","10","14"
"谏言","3","11","14"
"门舍","7","7","14"
"点江","7","7","14"
"奴儿","7","7","14"
"儿结","7","7","14"
"统李","7","7","14"
"林光","7","7","14"
"免宰","1","13","14"
"人深","5","9","14"
"任宫","1","13","14"
"伐金","5","9","14"
"西盐","8","6","14"
"郑丙","7","7","14"
"道六","5","9","14"
"资质","3","11","14"
"问学","8","6","14"
"令进","1","13","14"
"章颖","5","9","14"
"年奏","9","5","14"
"为庄","3","11","14"
"陈景","7","7","14"
"攻唐","8","6","14"
"通谢","7","7","14"
"来督","3","11","14"
"进与","7","7","14"
"移驻","1","13","14"
"牛堡","7","7","14"
"为果","2","12","14"
"茂陵","7","7","14"
"师弥","7","7","14"
"缴奏","14","0","14"
"莫泽","7","7","14"
"帅蜀","10","4","14"
"兼福","6","8","14"
"胡梦","6","8","14"
"本身","1","13","14"
"傅会","14","0","14"
"孙忠","3","11","14"
"政恩","14","0","14"
"三转","14","0","14"
"战数","9","5","14"
"给种","6","8","14"
"行遥","7","7","14"
"再辞","12","2","14"
"诏贾","6","8","14"
"至黄","8","6","14"
"脱身","5","9","14"
"厚风","7","7","14"
"勉以","12","2","14"
"蒲择","7","7","14"
"松寿","7","7","14"
"卢允","6","8","14"
"戴庆","7","7","14"
"周国","6","8","14"
"邦杰","7","7","14"
"表谢","8","6","14"
"老不","9","5","14"
"宗梓","3","11","14"
"息兵","7","7","14"
"再成","6","8","14"
"镇以","8","6","14"
"飞请","6","8","14"
"李恒","6","8","14"
"杰不","7","7","14"
"继而","9","5","14"
"徐梦","1","13","14"
"德兴","7","7","14"
"天色","1","13","14"
"晚出","4","10","14"
"书天","2","12","14"
"刻数","6","8","14"
"阳进","2","12","14"
"法大","3","11","14"
"中设","3","11","14"
"本月","1","13","14"
"在侧","11","3","14"
"赤黑","7","7","14"
"贤以","9","5","14"
"上阶","7","7","14"
"量不","1","13","14"
"主受","6","8","14"
"在燕","4","10","14"
"下叛","2","12","14"
"下对","2","12","14"
"姓自","3","11","14"
"宿东","1","13","14"
"兵骑","1","13","14"
"中三","3","11","14"
"淹以","12","2","14"
"令召","3","11","14"
"至节","8","6","14"
"私恩","10","4","14"
"道家","4","10","14"
"诉太","1","13","14"
"后归","5","9","14"
"禧三","1","13","14"
"相争","2","12","14"
"全请","7","7","14"
"遂拜","13","1","14"
"恳请","2","12","14"
"号召","7","7","14"
"右班","7","7","14"
"岁能","11","3","14"
"即奏","12","2","14"
"奏为","11","3","14"
"丹侵","2","12","14"
"是礼","2","12","14"
"无忧","10","4","14"
"宽简","8","6","14"
"迁至","6","8","14"
"宝中","13","1","14"
"鱼关","7","7","14"
"阵以","6","8","14"
"等被","1","13","14"
"而全","6","8","14"
"宗再","2","12","14"
"被其","4","10","14"
"厚礼","3","11","14"
"令罢","2","12","14"
"王都","2","12","14"
"令军","7","7","14"
"他无","4","10","14"
"战则","10","4","14"
"咽喉","4","10","14"
"州粮","5","9","14"
"拒命","10","4","14"
"其境","9","5","14"
"曾因","2","12","14"
"重威","6","8","14"
"每隔","1","13","14"
"使江","6","8","14"
"繁盛","5","9","14"
"知陛","12","2","14"
"尽知","7","7","14"
"府以","7","7","14"
"僧舍","8","6","14"
"等部","2","12","14"
"坐贬","14","0","14"
"目为","11","3","14"
"破产","7","7","14"
"当罢","7","7","14"
"承翰","7","7","14"
"计有","2","12","14"
"良策","2","12","14"
"时边","6","8","14"
"费不","7","7","14"
"汉族","1","13","14"
"朝建","1","13","14"
"取行","4","10","14"
"体制","2","12","14"
"桀骜","7","7","14"
"为编","8","6","14"
"是去","3","11","14"
"未听","3","11","14"
"邓润","5","9","14"
"司开","5","9","14"
"礼教","1","13","14"
"马价","2","12","14"
"获一","3","11","14"
"就其","5","9","14"
"好大","4","10","14"
"前此","14","0","14"
"万万","3","11","14"
"谋者","9","5","14"
"借此","1","13","14"
"者犹","14","0","14"
"胜计","8","6","14"
"得闻","11","3","14"
"督察","2","12","14"
"人每","3","11","14"
"曾曰","14","0","14"
"真不","4","10","14"
"实事","2","12","14"
"大奏","7","7","14"
"为要","5","9","14"
"备他","4","10","14"
"四匹","1","13","14"
"王是","1","13","14"
"搜罗","2","12","14"
"史时","1","13","14"
"上虽","2","12","14"
"竟以","10","4","14"
"大盗","4","10","14"
"次举","1","13","14"
"略谓","14","0","14"
"丘合","1","13","14"
"精选","3","11","14"
"章乞","12","2","14"
"廷安","5","9","14"
"权而","5","9","14"
"停罢","2","12","14"
"是侍","1","13","14"
"三杰","7","7","14"
"胄大","10","4","14"
"仓皇","9","5","14"
"以它","1","13","14"
"心悦","4","10","14"
"持正","9","5","14"
"必再","3","11","14"
"不辞","6","8","14"
"战以","8","6","14"
"扰我","3","11","14"
"忧愤","6","8","14"
"慕恩","6","8","14"
"能吃","1","13","14"
"意行","5","9","14"
"所修","7","7","14"
"当广","3","11","14"
"衡老","6","8","14"
"来给","1","13","14"
"集军","1","13","14"
"部收","1","13","14"
"大法","5","9","14"
"姓多","1","13","14"
"全曰","14","0","14"
"仁政","3","11","14"
"敢议","7","7","14"
"不强","5","9","14"
"知宣","10","4","14"
"明智","2","12","14"
"条理","2","12","14"
"而分","7","7","14"
"兢业","4","10","14"
"只在","2","12","14"
"省一","3","11","14"
"合宜","2","12","14"
"行教","1","13","14"
"帝陛","2","12","14"
"要不","1","13","14"
"家用","1","13","14"
"放荡","1","13","14"
"反过","1","13","14"
"下身","1","13","14"
"窘迫","1","13","14"
"才三","4","10","14"
"守河","3","11","14"
"李涓","1","13","14"
"淳十","1","13","14"
"变出","1","13","14"
"分恳","1","13","14"
"又考","1","13","14"
"会招","1","13","14"
"郑衍","5","9","14"
"卢鼓","7","7","14"
"我如","1","13","14"
"包含","1","13","14"
"殿发","1","13","14"
"者厌","1","13","14"
"多岁","1","13","14"
"是治","1","13","14"
"志聪","7","7","14"
"然对","1","13","14"
"轼曰","14","0","14"
"种古","2","12","14"
"正因","1","13","14"
"有说","1","13","14"
"相蔡","7","7","14"
"南部","2","12","14"
"他非","1","13","14"
"令禁","2","12","14"
"嘉问","7","7","14"
"是宗","1","13","14"
"上曾","1","13","14"
"了其","1","13","14"
"书议","2","12","14"
"纷乱","1","13","14"
"任管","1","13","14"
"备出","1","13","14"
"炎四","4","10","14"
"气横","1","13","14"
"飞一","3","11","14"
"兵直","2","12","14"
"桧又","4","10","14"
"退位","1","13","14"
"会师","1","13","14"
"有弊","1","13","14"
"宠信","1","13","14"
"政方","1","13","14"
"张根","1","13","14"
"都免","0","14","14"
"概不","0","14","14"
"在还","0","14","14"
"能是","0","14","14"
"律规","0","14","14"
"像我","0","14","14"
"律免","0","14","14"
"记了","0","14","14"
"法来","0","14","14"
"格的","0","14","14"
"它就","0","14","14"
"商就","0","14","14"
"中运","0","14","14"
"切都","0","14","14"
"此我","0","14","14"
"便已","0","14","14"
"隆盛","0","14","14"
"建的","0","14","14"
"演习","0","14","14"
"能按","0","14","14"
"的肉","0","14","14"
"旋转","0","14","14"
"显的","0","14","14"
"是升","0","14","14"
"年设","0","14","14"
"用尽","0","14","14"
"在最","0","14","14"
"优美","0","14","14"
"姓安","0","14","14"
"到第","0","14","14"
"国被","0","14","14"
"是预","0","14","14"
"却能","0","14","14"
"筑巢","0","14","14"
"夭折","0","14","14"
"会说","0","14","14"
"深地","0","14","14"
"天这","0","14","14"
"的屋","0","14","14"
"巴结","0","14","14"
"我平","0","14","14"
"些小","0","14","14"
"员们","0","14","14"
"和老","0","14","14"
"晦的","0","14","14"
"被投","0","14","14"
"好时","0","14","14"
"的临","0","14","14"
"攻的","0","14","14"
"击的","0","14","14"
"连忙","0","14","14"
"直率","0","14","14"
"性的","0","14","14"
"而想","0","14","14"
"地改","0","14","14"
"葬礼","0","14","14"
"恐慌","0","14","14"
"也足","0","14","14"
"贵国","0","14","14"
"天我","0","14","14"
"封号","0","14","14"
"很近","0","14","14"
"很得","0","14","14"
"尽全","0","14","14"
"是轻","0","14","14"
"到人","0","14","14"
"抨击","0","14","14"
"诉我","0","14","14"
"有我","0","14","14"
"注解","0","14","14"
"的技","0","14","14"
"来我","0","14","14"
"比喻","0","14","14"
"范的","0","14","14"
"的途","0","14","14"
"救治","0","14","14"
"的立","0","14","14"
"这叫","0","14","14"
"种人","0","14","14"
"的面","0","14","14"
"进了","0","14","14"
"贱的","0","14","14"
"光荣","0","14","14"
"帝刘","0","14","14"
"他感","0","14","14"
"但最","0","14","14"
"卫帅","0","14","14"
"他起","0","14","14"
"的到","0","14","14"
"想和","0","14","14"
"没多","0","14","14"
"是那","0","14","14"
"困的","0","14","14"
"且是","0","14","14"
"官晋","0","14","14"
"的饥","0","14","14"
"只会","0","14","14"
"的词","0","14","14"
"玉的","0","14","14"
"提倡","0","14","14"
"都派","0","14","14"
"荒谬","0","14","14"
"帝面","0","14","14"
"退的","0","14","14"
"凶残","0","14","14"
"对你","0","14","14"
"该立","0","14","14"
"判死","0","14","14"
"人吗","0","14","14"
"应征","0","14","14"
"管部","0","14","14"
"涉王","0","14","14"
"都亲","0","14","14"
"快要","0","14","14"
"来当","0","14","14"
"的七","0","14","14"
"帝很","0","14","14"
"灵活","0","14","14"
"可怕","0","14","14"
"个部","0","14","14"
"个接","0","14","14"
"宏大","0","14","14"
"摇役","0","14","14"
"休假","0","14","14"
"疑的","0","14","14"
"反驳","0","14","14"
"宗生","0","14","14"
"的材","0","14","14"
"被批","0","14","14"
"说元","0","14","14"
"然像","0","14","14"
"奏折","0","14","14"
"借用","0","14","14"
"酷暑","0","14","14"
"饿的","0","14","14"
"耽误","0","14","14"
"次来","0","14","14"
"支撑","0","14","14"
"方设","0","14","14"
"到好","0","14","14"
"赞誉","0","14","14"
"他流","0","14","14"
"居乐","0","14","14"
"求担","0","14","14"
"的闲","0","14","14"
"仗的","0","14","14"
"的快","0","14","14"
"也必","0","14","14"
"照法","0","14","14"
"到实","0","14","14"
"想办","0","14","14"
"有想","0","14","14"
"财的","0","14","14"
"廷报","0","14","14"
"万零","0","14","14"
"封给","0","14","14"
"宿大","0","14","14"
"把皇","0","14","14"
"城刮","0","14","14"
"是宣","0","14","14"
"彭乘","0","14","14"
"间流","0","14","14"
"任朝","0","14","14"
"国出","0","14","14"
"到成","0","14","14"
"次打","0","14","14"
"队没","0","14","14"
"船上","0","14","14"
"叛逃","0","14","14"
"怕被","0","14","14"
"顾虑","0","14","14"
"该怎","0","14","14"
"就失","0","14","14"
"加固","0","14","14"
"延误","0","14","14"
"部杀","0","14","14"
"担保","0","14","14"
"愤慨","0","14","14"
"地发","0","14","14"
"几里","0","14","14"
"让张","0","14","14"
"装备","0","14","14"
"谨地","0","14","14"
"法推","0","14","14"
"欢喜","0","14","14"
"庆幸","0","14","14"
"迁往","0","14","14"
"软弱","0","14","14"
"施及","0","14","14"
"剥夺","0","14","14"
"限定","0","14","14"
"得超","0","14","14"
"的初","0","14","14"
"父的","0","14","14"
"此没","0","14","14"
"采集","0","14","14"
"病残","0","14","14"
"心尽","0","14","14"
"员一","0","14","14"
"撤走","0","14","14"
"此很","0","14","14"
"在监","0","14","14"
"帝就","0","14","14"
"教的","0","14","14"
"是根","0","14","14"
"的坟","0","14","14"
"俭的","0","14","14"
"都变","0","14","14"
"才作","0","14","14"
"出名","0","14","14"
"计的","0","14","14"
"到青","0","14","14"
"匹绢","0","14","14"
"事项","0","14","14"
"为依","0","14","14"
"改动","0","14","14"
"六次","0","14","14"
"己是","0","14","14"
"圭表","0","14","14"
"一根","0","14","14"
"聚在","0","14","14"
"被称","0","14","14"
"他主","0","14","14"
"再没","0","14","14"
"的笛","0","14","14"
"声与","0","14","14"
"到魏","0","14","14"
"都佩","0","14","14"
"来处","0","14","14"
"零五","0","14","14"
"其商","0","14","14"
"外推","0","14","14"
"四天","0","14","14"
"阳合","0","14","14"
"舅舅","0","14","14"
"得当","0","14","14"
"将的","0","14","14"
"的右","0","14","14"
"传的","0","14","14"
"帧巾","0","14","14"
"纯洁","0","14","14"
"能接","0","14","14"
"经命","0","14","14"
"统的","0","14","14"
"礼时","0","14","14"
"事态","0","14","14"
"媳妇","0","14","14"
"满期","0","14","14"
"认罪","0","14","14"
"成全","0","14","14"
"也同","0","14","14"
"饰物","0","14","14"
"把金","0","14","14"
"晋的","0","14","14"
"次拜","0","14","14"
"要与","0","14","14"
"宫回","0","14","14"
"的阳","0","14","14"
"的证","0","14","14"
"轻慢","0","14","14"
"位君","0","14","14"
"阻碍","0","14","14"
"庆的","0","14","14"
"的李","0","14","14"
"到就","0","14","14"
"也派","0","14","14"
"建了","0","14","14"
"砍伐","0","14","14"
"用木","0","14","14"
"职退","0","14","14"
"卿上","0","14","14"
"皮衣","0","14","14"
"退职","0","14","14"
"广阔","0","14","14"
"厅堂","0","14","14"
"他听","0","14","14"
"的保","0","14","14"
"开来","0","14","14"
"去管","0","14","14"
"地来","0","14","14"
"有看","0","14","14"
"摧毁","0","14","14"
"营门","0","14","14"
"水冲","0","14","14"
"星．","0","14","14"
"被魏","0","14","14"
"患的","0","14","14"
"都遭","0","14","14"
"州对","0","14","14"
"久后","0","14","14"
"知这","0","14","14"
"犯并","0","14","14"
"审判","0","14","14"
"亲名","0","14","14"
"都害","0","14","14"
"到吕","0","14","14"
"官认","0","14","14"
"才安","0","14","14"
"把女","0","14","14"
"向全","0","14","14"
"天儆","0","14","14"
"即派","0","14","14"
"姓十","0","14","14"
"草的","0","14","14"
"才没","0","14","14"
"不采","0","14","14"
"来被","0","14","14"
"又曾","0","14","14"
"赤红","0","14","14"
"谷的","0","14","14"
"怕而","0","14","14"
"关在","0","14","14"
"们才","0","14","14"
"道白","0","14","14"
"则说","0","14","14"
"吃的","0","14","14"
"吃了","0","14","14"
"老还","0","14","14"
"家探","0","14","14"
"马和","0","14","14"
"的勇","0","14","14"
"写上","0","14","14"
"当司","0","14","14"
"教他","0","14","14"
"有你","0","14","14"
"这句","0","14","14"
"他立","0","14","14"
"来他","0","14","14"
"把其","0","14","14"
"琅笽","0","14","14"
"独独","0","14","14"
"蜡烛","0","14","14"
"他统","0","14","14"
"怒地","0","14","14"
"官阶","0","14","14"
"呈给","0","14","14"
"也上","0","14","14"
"任临","0","14","14"
"念头","0","14","14"
"们三","0","14","14"
"息说","0","14","14"
"他跟","0","14","14"
"家境","0","14","14"
"搏斗","0","14","14"
"是危","0","14","14"
"的借","0","14","14"
"壕沟","0","14","14"
"袁靑","0","14","14"
"廷说","0","14","14"
"是奇","0","14","14"
"他共","0","14","14"
"么罪","0","14","14"
"熟习","0","14","14"
"子蔡","0","14","14"
"柔然","0","14","14"
"解到","0","14","14"
"圭的","0","14","14"
"中因","0","14","14"
"驳斥","0","14","14"
"州打","0","14","14"
"廷使","0","14","14"
"厌他","0","14","14"
"宗刚","0","14","14"
"降宋","0","14","14"
"编为","0","14","14"
"在擅","0","14","14"
"城寨","0","14","14"
"他退","0","14","14"
"汁水","0","14","14"
"到乾","0","14","14"
"给契","0","14","14"
"人井","0","14","14"
"赏标","0","14","14"
"才允","0","14","14"
"臣担","0","14","14"
"给溢","0","14","14"
"翟祈","0","14","14"
"南知","0","14","14"
"因特","0","14","14"
"贼兴","0","14","14"
"对宋","0","14","14"
"就从","0","14","14"
"密派","0","14","14"
"到浙","0","14","14"
"军再","0","14","14"
"职回","0","14","14"
"辩护","0","14","14"
"飞说","0","14","14"
"来米","0","14","14"
"游侣","0","14","14"
"次辞","0","14","14"
"各星","0","14","14"
";天","0","14","14"
"干宿","0","14","14"
"么军","0","14","14"
"此宿","0","14","14"
"仓的","0","14","14"
"宗打","0","14","14"
"湖的","0","14","14"
"责斥","0","14","14"
"机行","0","14","14"
"叟说","0","14","14"
"他金","0","14","14"
"维说","0","14","14"
"口角","0","14","14"
"被进","0","14","14"
"珙说","0","14","14"
"奏明","0","14","14"
"大拜","0","14","14"
"的贼","0","14","14"
"俊说","0","14","14"
"所重","13","0","13"
"终古","12","1","13"
"席上","1","12","13"
"地利","6","7","13"
"尚存","10","3","13"
"退无","7","6","13"
"葬者","9","4","13"
"犹为","13","0","13"
"牧守","10","3","13"
"群下","11","2","13"
"出者","11","2","13"
"灾不","5","8","13"
"之歌","4","9","13"
"生三","9","4","13"
"三而","9","4","13"
"乎天","6","7","13"
"制为","9","4","13"
"为详","7","6","13"
"气已","5","8","13"
"满会","6","7","13"
"去交","11","2","13"
"家者","12","1","13"
"伏惟","13","0","13"
"于未","8","5","13"
"情上","2","11","13"
"犹存","12","1","13"
"幸东","13","0","13"
"二汉","12","1","13"
"告庙","13","0","13"
"亦宜","13","0","13"
"若其","13","0","13"
"无亲","10","3","13"
"教人","9","4","13"
"安可","13","0","13"
"则宜","13","0","13"
"服于","5","8","13"
"常服","10","3","13"
"取以","11","2","13"
"则非","12","1","13"
"有北","5","8","13"
"氏曰","13","0","13"
"以散","9","4","13"
"傅之","6","7","13"
"位也","10","3","13"
"有固","3","10","13"
"归义","8","5","13"
"享国","7","6","13"
"其咎","13","0","13"
"其治","9","4","13"
"侵之","4","9","13"
"卒为","12","1","13"
"已甚","12","1","13"
"车晏","13","0","13"
"大也","8","5","13"
"与魏","5","8","13"
"取而","8","5","13"
"祸也","11","2","13"
"其处","12","1","13"
"有顷","13","0","13"
"公与","7","6","13"
"外所","10","3","13"
"皆一","13","0","13"
"又数","11","2","13"
"之怀","11","2","13"
"之宗","11","2","13"
"以顺","5","8","13"
"志士","5","8","13"
"家国","12","1","13"
"之衅","12","1","13"
"预焉","13","0","13"
"可乘","7","6","13"
"竟无","11","2","13"
"期会","10","3","13"
"德光","6","7","13"
"则未","12","1","13"
"遂成","11","2","13"
"图像","4","9","13"
"不尔","13","0","13"
"未应","6","7","13"
"使将","8","5","13"
"所须","12","1","13"
"衔之","13","0","13"
"风化","7","6","13"
"难为","8","5","13"
"日已","10","3","13"
"坚执","9","4","13"
"表其","13","0","13"
"其生","7","6","13"
"之好","10","3","13"
"明哲","4","9","13"
"之报","11","2","13"
"遂致","13","0","13"
"凡在","8","5","13"
"上议","9","4","13"
"谶纬","3","10","13"
"果得","10","3","13"
"亲故","12","1","13"
"甲乙","8","5","13"
"必多","11","2","13"
"高一","6","7","13"
"深夜","3","10","13"
"向之","12","1","13"
"为事","7","6","13"
"之休","13","0","13"
"则事","12","1","13"
"气而","6","7","13"
"前王","11","2","13"
"失在","3","10","13"
"间所","7","6","13"
"利者","11","2","13"
"在田","4","9","13"
"坐事","13","0","13"
"无已","12","1","13"
"才学","5","8","13"
"蔬食","9","4","13"
"入此","3","10","13"
"经籍","7","6","13"
"引之","12","1","13"
"诚不","11","2","13"
"之少","10","3","13"
"绝伦","9","4","13"
"臣大","6","7","13"
"令周","3","10","13"
"之敏","7","6","13"
"务在","11","2","13"
"失不","5","8","13"
"才略","6","7","13"
"兵未","12","1","13"
"戎狄","6","7","13"
"马兴","7","6","13"
"驱驰","8","5","13"
"遭逢","2","11","13"
"内职","8","5","13"
"表疏","9","4","13"
"纷纭","7","6","13"
"诛赏","10","3","13"
"此风","10","3","13"
"督之","8","5","13"
"于先","8","5","13"
"阴德","7","6","13"
"知卿","12","1","13"
"颠倒","5","8","13"
"以贤","9","4","13"
"谋军","5","8","13"
"举在","6","7","13"
"而善","9","4","13"
"粮种","5","8","13"
"游手","5","8","13"
"不亡","7","6","13"
"是何","6","7","13"
"诱之","13","0","13"
"下若","11","2","13"
"横流","11","2","13"
"推此","12","1","13"
"王率","3","10","13"
"惟新","13","0","13"
"物以","8","5","13"
"见知","13","0","13"
"减其","12","1","13"
"其好","10","3","13"
"宇内","9","4","13"
"复如","11","2","13"
"往有","7","6","13"
"殿省","12","1","13"
"可再","5","8","13"
"云集","7","6","13"
"往者","12","1","13"
"来至","11","2","13"
"主及","8","5","13"
"不审","9","4","13"
"号恸","12","1","13"
"衔枚","9","4","13"
"宽其","12","1","13"
"丧者","11","2","13"
"司毋","13","0","13"
"逋赋","13","0","13"
"诸帅","12","1","13"
"兵连","9","4","13"
"主水","13","0","13"
"惟其","11","2","13"
"震悼","13","0","13"
"是之","13","0","13"
"何故","11","2","13"
"遂出","12","1","13"
"愀然","11","2","13"
"者当","8","5","13"
"在沙","3","10","13"
"寇至","13","0","13"
"而内","9","4","13"
"其费","10","3","13"
"预防","5","8","13"
"军得","6","7","13"
"则军","8","5","13"
"发官","8","5","13"
"它日","10","3","13"
"益力","13","0","13"
"力疾","13","0","13"
"载于","2","11","13"
"以异","11","2","13"
"阴有","8","5","13"
"使归","11","2","13"
"裁抑","10","3","13"
"其去","13","0","13"
"伤国","6","7","13"
"何至","11","2","13"
"一夫","11","2","13"
"君相","12","1","13"
"然改","2","11","13"
"听纳","9","4","13"
"但见","9","4","13"
"敬之","8","5","13"
"上乃","13","0","13"
"恩礼","10","3","13"
"切之","7","6","13"
"战三","7","6","13"
"闻天","11","2","13"
"之景","12","1","13"
"托于","10","3","13"
"人礼","7","6","13"
"得归","11","2","13"
"开其","7","6","13"
"而曰","13","0","13"
"馈饷","13","0","13"
"宜都","8","5","13"
"以车","12","1","13"
"浑慕","7","6","13"
"平东","7","6","13"
"书六","7","6","13"
"以会","9","4","13"
"弟休","8","5","13"
"以始","10","3","13"
"除左","12","1","13"
"王杨","7","6","13"
"中常","5","8","13"
"紫绶","9","4","13"
"者太","10","3","13"
"门者","12","1","13"
"下中","6","7","13"
"大豫","6","7","13"
"远期","8","5","13"
"分分","5","8","13"
"头第","7","6","13"
"露二","7","6","13"
"争权","3","10","13"
"杀将","11","2","13"
"入昴","7","6","13"
"史庾","6","7","13"
"宋公","6","7","13"
"帝三","5","8","13"
"南越","6","7","13"
"泽县","6","7","13"
"渊池","7","6","13"
"苍玉","12","1","13"
"建和","7","6","13"
"小麦","3","10","13"
"六县","4","9","13"
"平湖","9","4","13"
"行山","4","9","13"
"吴时","5","8","13"
"锡以","9","4","13"
"钜野","7","6","13"
"邳太","6","7","13"
"县名","4","9","13"
"定陶","6","7","13"
"虞县","5","8","13"
"年立","12","1","13"
"营城","7","6","13"
"北长","6","7","13"
"石济","7","6","13"
"阮咸","5","8","13"
"浚后","6","7","13"
"德芳","6","7","13"
"制礼","6","7","13"
"威胜","7","6","13"
"沂州","6","7","13"
"右屯","6","7","13"
"详覆","9","4","13"
"罢守","9","4","13"
"驾前","6","7","13"
"锋都","6","7","13"
"赐出","10","3","13"
"州增","6","7","13"
"为契","5","8","13"
"至忠","7","6","13"
"赐茶","10","3","13"
"修仪","7","6","13"
"宗道","7","6","13"
"明孝","6","7","13"
"天法","7","6","13"
"竦为","8","5","13"
"以真","5","8","13"
"适为","5","8","13"
"曰宣","12","1","13"
"上给","1","12","13"
"武等","6","7","13"
"增为","5","8","13"
"为普","4","9","13"
"旨王","7","6","13"
"使种","6","7","13"
"丞许","8","5","13"
"宫奉","3","10","13"
"隆德","7","6","13"
"封赠","6","7","13"
"成忠","6","7","13"
"六甲","7","6","13"
"正兵","8","5","13"
"全功","8","5","13"
"管宫","1","12","13"
"东贼","8","5","13"
"彦及","8","5","13"
"罢淮","8","5","13"
"司增","7","6","13"
"沈介","6","7","13"
"盟誓","5","8","13"
"府直","6","7","13"
"李金","6","7","13"
"人耕","6","7","13"
"答诏","7","6","13"
"莫济","4","9","13"
"外宫","7","6","13"
"不录","7","6","13"
"再降","7","6","13"
"兴和","2","11","13"
"岁额","9","4","13"
"举改","7","6","13"
"前宰","7","6","13"
"祖兼","5","8","13"
"谏各","9","4","13"
"杨谷","5","8","13"
"殿司","7","6","13"
"各赠","7","6","13"
"陈韡","13","0","13"
"包恢","6","7","13"
"父李","1","12","13"
"梦鼎","7","6","13"
"承父","1","12","13"
"仍奉","11","2","13"
"然知","3","10","13"
"伯以","11","2","13"
"等奉","9","4","13"
"司准","7","6","13"
"起岩","7","6","13"
"王积","5","8","13"
"径四","7","6","13"
"七公","6","7","13"
"在亢","6","7","13"
"晕在","3","10","13"
"正卿","6","7","13"
"立贵","7","6","13"
"道四","5","8","13"
"中谢","7","6","13"
"谢皇","1","12","13"
"淳三","4","9","13"
"集二","7","6","13"
"头供","6","7","13"
"赠尚","9","4","13"
"隰州","8","5","13"
"由司","6","7","13"
"安行","7","6","13"
"历知","11","2","13"
"王遵","7","6","13"
"至安","8","5","13"
"守恩","7","6","13"
"集一","2","11","13"
"权御","8","5","13"
"令坤","6","7","13"
"过阙","12","1","13"
"又历","5","8","13"
"知光","10","3","13"
"东盗","5","8","13"
"兼户","7","6","13"
"书同","7","6","13"
"名籍","3","10","13"
"举上","4","9","13"
"赠光","11","2","13"
"氏说","3","10","13"
"书行","11","2","13"
"以壮","7","6","13"
"进少","13","0","13"
"进左","13","0","13"
"删修","6","7","13"
"议政","3","10","13"
"唐文","7","6","13"
"道卿","7","6","13"
"皆未","12","1","13"
"官守","7","6","13"
"下万","4","9","13"
"目送","6","7","13"
"是辅","1","12","13"
"羊祜","7","6","13"
"唐长","7","6","13"
"答问","4","9","13"
"京使","7","6","13"
"稍迁","12","1","13"
"子发","5","8","13"
"药以","11","2","13"
"征赋","5","8","13"
"经用","3","10","13"
"加同","11","2","13"
"豫以","8","5","13"
"得金","9","4","13"
"金一","5","8","13"
"常被","2","11","13"
"令明","8","5","13"
"走入","11","2","13"
"于海","9","4","13"
"短兵","6","7","13"
"连战","7","6","13"
"倍道","12","1","13"
"乃至","11","2","13"
"南走","12","1","13"
"恩于","5","8","13"
"大获","6","7","13"
"能从","2","11","13"
"我去","5","8","13"
"自缢","5","8","13"
"从兄","13","0","13"
"谓可","12","1","13"
"穷追","5","8","13"
"范之","7","6","13"
"安穆","6","7","13"
"率文","7","6","13"
"欲之","10","3","13"
"晨起","6","7","13"
"惊惧","5","8","13"
"而吾","13","0","13"
"振威","7","6","13"
"史郭","7","6","13"
"非古","13","0","13"
"与何","5","8","13"
"因命","13","0","13"
"仲文","7","6","13"
"众莫","13","0","13"
"官皆","12","1","13"
"命功","10","3","13"
"必尽","11","2","13"
"据理","1","12","13"
"本于","9","4","13"
"命所","8","5","13"
"若在","4","9","13"
"事由","9","4","13"
"军先","6","7","13"
"义于","9","4","13"
"其孙","10","3","13"
"大岘","6","7","13"
"旬月","12","1","13"
"晋军","4","9","13"
"则难","10","3","13"
"有车","2","11","13"
"乃大","13","0","13"
"高三","7","6","13"
"转输","8","5","13"
"楼上","5","8","13"
"为谋","10","3","13"
"见与","3","10","13"
"公曰","13","0","13"
"张之","12","1","13"
"段宏","7","6","13"
"自河","11","2","13"
"其根","6","7","13"
"欲退","12","1","13"
"时北","5","8","13"
"不济","10","3","13"
"北至","9","4","13"
"阳以","10","3","13"
"是功","2","11","13"
"皆大","13","0","13"
"勒兵","13","0","13"
"异端","6","7","13"
"绥抚","8","5","13"
"既诛","13","0","13"
"谓所","9","4","13"
"让太","2","11","13"
"无与","8","5","13"
"宫省","9","4","13"
"不伤","8","5","13"
"罪无","9","4","13"
"老母","6","7","13"
"风声","6","7","13"
"藏祸","6","7","13"
"德所","7","6","13"
"命西","3","10","13"
"中求","8","5","13"
"权以","7","6","13"
"内之","12","1","13"
"出江","9","4","13"
"鲜之","7","6","13"
"复称","8","5","13"
"奸宄","11","2","13"
"竭诚","6","7","13"
"及司","7","6","13"
"柴燎","6","7","13"
"后帝","9","4","13"
"听者","9","4","13"
"台府","7","6","13"
"征关","8","5","13"
"立制","6","7","13"
"情义","1","12","13"
"以储","8","5","13"
"使诣","13","0","13"
"驾三","11","2","13"
"诏刑","9","4","13"
"教学","3","10","13"
"戎马","13","0","13"
"属豫","8","5","13"
"明以","10","3","13"
"朝事","4","9","13"
"有盛","6","7","13"
"遣出","8","5","13"
"时徐","6","7","13"
"之柄","13","0","13"
"主威","11","2","13"
"自云","13","0","13"
"有御","7","6","13"
"为列","9","4","13"
"华为","7","6","13"
"冲为","7","6","13"
"确磝","13","0","13"
"郎为","9","4","13"
"西三","8","5","13"
"以食","10","3","13"
"行公","5","8","13"
"有年","7","6","13"
"租之","13","0","13"
"南还","12","1","13"
"行百","12","1","13"
"公何","11","2","13"
"见在","11","2","13"
"遣宁","8","5","13"
"积弩","6","7","13"
"攻围","13","0","13"
"督雍","7","6","13"
"镇彭","10","3","13"
"今诸","12","1","13"
"忧在","13","0","13"
"加尚","11","2","13"
"尚为","6","7","13"
"公者","12","1","13"
"十斛","7","6","13"
"尉寺","7","6","13"
"雀门","7","6","13"
"人谢","5","8","13"
"以厌","13","0","13"
"有鬼","6","7","13"
"帝幼","8","5","13"
"弑立","13","0","13"
"陵下","7","6","13"
"领徐","8","5","13"
"失淮","8","5","13"
"州四","5","8","13"
"以越","9","4","13"
"奉献","2","11","13"
"朕自","11","2","13"
"山高","6","7","13"
"常自","4","9","13"
"遗训","4","9","13"
"己者","11","2","13"
"史何","6","7","13"
"所撰","8","5","13"
"绢五","7","6","13"
"此行","6","7","13"
"夜出","10","3","13"
"马牛","8","5","13"
"直阁","9","4","13"
"殿东","5","8","13"
"门入","10","3","13"
"王既","9","4","13"
"盘龙","6","7","13"
"之攻","8","5","13"
"百揆","10","3","13"
"王孙","6","7","13"
"旧仪","12","1","13"
"沟洫","10","3","13"
"该举","1","12","13"
"及元","10","3","13"
"有赵","3","10","13"
"奏黄","6","7","13"
"听乐","6","7","13"
"分一","7","6","13"
"别其","11","2","13"
"平六","4","9","13"
"本源","2","11","13"
"杜夔","5","8","13"
"知夔","11","2","13"
"为精","5","8","13"
"乐不","8","5","13"
"作之","11","2","13"
"长五","7","6","13"
"尺余","10","3","13"
"相和","4","9","13"
"及也","13","0","13"
"亡后","6","7","13"
"治书","7","6","13"
"天行","3","10","13"
"服色","9","4","13"
"宜改","11","2","13"
"年用","5","8","13"
"或三","9","4","13"
"假称","1","12","13"
"防等","7","6","13"
"和帝","6","7","13"
"夏历","3","10","13"
"孝章","7","6","13"
"数之","12","1","13"
"用夏","5","8","13"
"而尚","8","5","13"
"在朔","4","9","13"
"使当","9","4","13"
"之岁","11","2","13"
"满日","12","1","13"
"命如","11","2","13"
"则日","10","3","13"
"一终","6","7","13"
"去二","6","7","13"
"次命","1","12","13"
"母为","8","5","13"
"氏在","3","10","13"
"用汉","6","7","13"
"臣按","9","4","13"
"周氏","7","6","13"
"是土","1","12","13"
"记其","9","4","13"
"诏使","12","1","13"
"度少","10","3","13"
"长为","4","9","13"
"在方","6","7","13"
"诸帝","6","7","13"
"心未","9","4","13"
"宫臣","8","5","13"
"未备","13","0","13"
"述天","3","10","13"
"不属","3","10","13"
"其令","13","0","13"
"流水","3","10","13"
"章句","7","6","13"
"及下","10","3","13"
"古有","9","4","13"
"帝天","8","5","13"
"五举","8","5","13"
"新都","6","7","13"
"祷祠","12","1","13"
"发丧","4","9","13"
"及文","10","3","13"
"军郭","6","7","13"
"衣之","9","4","13"
"思慕","7","6","13"
"尽哀","8","5","13"
"神和","3","10","13"
"行心","1","12","13"
"而臣","8","5","13"
"开一","2","11","13"
"发哀","9","4","13"
"若上","9","4","13"
"晋初","7","6","13"
"成文","6","7","13"
"朝制","5","8","13"
"在服","1","12","13"
"以临","9","4","13"
"拜陵","9","4","13"
"硃膺","13","0","13"
"依准","3","10","13"
"后服","5","8","13"
"服期","4","9","13"
"龙山","7","6","13"
"则下","12","1","13"
"妇之","8","5","13"
"元中","11","2","13"
"人比","4","9","13"
"国典","10","3","13"
"事并","5","8","13"
"追加","3","10","13"
"东国","8","5","13"
"未除","9","4","13"
"将合","4","9","13"
"系于","10","3","13"
"子命","6","7","13"
"是至","3","10","13"
"臣并","7","6","13"
"妾之","9","4","13"
"国母","6","7","13"
"何官","9","4","13"
"制令","8","5","13"
"是京","2","11","13"
"寒之","7","6","13"
"有臣","5","8","13"
"乐游","7","6","13"
"来制","1","12","13"
"登坛","9","4","13"
"复修","10","3","13"
"群公","12","1","13"
"正经","6","7","13"
"贺循","6","7","13"
"而帝","11","2","13"
"天者","13","0","13"
"曾子","6","7","13"
"独当","10","3","13"
"庙祠","7","6","13"
"亚献","13","0","13"
"与祭","3","10","13"
"明在","6","7","13"
"应符","6","7","13"
"延秀","7","6","13"
"始也","13","0","13"
"有祭","2","11","13"
"色之","10","3","13"
"名实","8","5","13"
"明而","7","6","13"
"而叹","9","4","13"
"吾有","12","1","13"
"助我","2","11","13"
"金德","6","7","13"
"目睹","5","8","13"
"山岳","3","10","13"
"景望","7","6","13"
"敢当","10","3","13"
"太王","7","6","13"
"使行","11","2","13"
"娱乐","1","12","13"
"刘禅","7","6","13"
"于昭","10","3","13"
"是追","4","9","13"
"时西","6","7","13"
"污辱","1","12","13"
"绝其","11","2","13"
"在寻","3","10","13"
"而升","6","7","13"
"夏主","7","6","13"
"始之","9","4","13"
"定南","5","8","13"
"先世","5","8","13"
"皆见","13","0","13"
"为宪","5","8","13"
"定日","2","11","13"
"内不","3","10","13"
"以设","4","9","13"
"仇耻","11","2","13"
"安神","11","2","13"
"祭统","6","7","13"
"于臣","7","6","13"
"使下","5","8","13"
"是制","1","12","13"
"戚之","7","6","13"
"后正","6","7","13"
"主应","3","10","13"
"之金","12","1","13"
"还临","12","1","13"
"子亲","4","9","13"
"为而","8","5","13"
"议而","8","5","13"
"帝社","5","8","13"
"方也","6","7","13"
"川大","5","8","13"
"又名","5","8","13"
"方用","12","1","13"
"以质","9","4","13"
"雨于","13","0","13"
"世大","5","8","13"
"子讲","4","9","13"
"施政","1","12","13"
"车之","10","3","13"
"有指","7","6","13"
"人郭","6","7","13"
"后转","3","10","13"
"大车","3","10","13"
"小驾","6","7","13"
"减损","2","11","13"
"臣谓","13","0","13"
"星经","2","11","13"
"四角","5","8","13"
"自秦","10","3","13"
"令条","3","10","13"
"强之","10","3","13"
"上降","2","11","13"
"应为","4","9","13"
"陪乘","4","9","13"
"降天","10","3","13"
"使四","5","8","13"
"特以","12","1","13"
"往昔","2","11","13"
"大合","7","6","13"
"举有","3","10","13"
"所思","6","7","13"
"曲折","4","9","13"
"于方","9","4","13"
"以乐","9","4","13"
"亦上","13","0","13"
"方而","5","8","13"
"夷狄","5","8","13"
"两者","1","12","13"
"之生","10","3","13"
"其喜","5","8","13"
"飞不","9","4","13"
"并出","9","4","13"
"有女","11","2","13"
"世宁","8","5","13"
"拂舞","5","8","13"
"酒酣","8","5","13"
"来知","2","11","13"
"后言","10","3","13"
"守谢","7","6","13"
"占之","10","3","13"
"威德","7","6","13"
"涉不","9","4","13"
"升王","4","9","13"
"忠恕","6","7","13"
"大朝","7","6","13"
"御龙","8","5","13"
"武烈","7","6","13"
"帝纪","8","5","13"
"深奥","1","12","13"
"皆言","12","1","13"
"承规","7","6","13"
"归我","12","1","13"
"乐成","10","3","13"
"高飞","5","8","13"
"战城","8","5","13"
"且为","5","8","13"
"弓射","7","6","13"
"和不","5","8","13"
"澄清","1","12","13"
"神龙","5","8","13"
"龙凤","5","8","13"
"未然","9","4","13"
"董卓","5","8","13"
"抚江","7","6","13"
"洪德","7","6","13"
"大度","6","7","13"
"常见","8","5","13"
"衡之","8","5","13"
"信以","6","7","13"
"大忧","7","6","13"
"鼎立","4","9","13"
"何地","10","3","13"
"是入","5","8","13"
"微上","9","4","13"
"陆议","5","8","13"
"屯江","10","3","13"
"塞外","6","7","13"
"再犯","11","2","13"
"等诛","12","1","13"
"后张","5","8","13"
"犯建","6","7","13"
"三河","8","5","13"
"兵又","3","10","13"
"王陵","6","7","13"
"有斩","8","5","13"
"经三","5","8","13"
"台星","3","10","13"
"因留","13","0","13"
"流于","7","6","13"
"居者","10","3","13"
"气如","11","2","13"
"生以","5","8","13"
"骑至","13","0","13"
"加司","13","0","13"
"上第","8","5","13"
"臣去","7","6","13"
"在箕","6","7","13"
"杀三","9","4","13"
"天将","2","11","13"
"等战","9","4","13"
"帝是","3","10","13"
"氐贼","7","6","13"
"军备","1","12","13"
"超等","7","6","13"
"阳民","9","4","13"
"廷从","8","5","13"
"改立","4","9","13"
"道天","1","12","13"
"及子","10","3","13"
"失土","2","11","13"
"犯执","5","8","13"
"戍将","7","6","13"
"至左","7","6","13"
"大出","9","4","13"
"司二","4","9","13"
"广三","13","0","13"
"相犯","6","7","13"
"有入","3","10","13"
"事觉","13","0","13"
"在屏","4","9","13"
"谷口","6","7","13"
"四塞","12","1","13"
"位十","6","7","13"
"大鸟","6","7","13"
"白鱼","5","8","13"
"人反","3","10","13"
"怀中","5","8","13"
"而两","8","5","13"
"阴为","13","0","13"
"请曰","13","0","13"
"县邑","3","10","13"
"子家","5","8","13"
"果败","12","1","13"
"麟见","13","0","13"
"其相","4","9","13"
"下幸","12","1","13"
"大梁","7","6","13"
"年青","1","12","13"
"历五","6","7","13"
"光不","7","6","13"
"于尚","10","3","13"
"孙坚","1","12","13"
"五马","7","6","13"
"有精","4","9","13"
"父也","11","2","13"
"有寇","9","4","13"
"一口","5","8","13"
"生还","8","5","13"
"见河","12","1","13"
"康以","9","4","13"
"为复","5","8","13"
"马也","8","5","13"
"驱之","12","1","13"
"时入","6","7","13"
"丞梅","7","6","13"
"梅道","7","6","13"
"秀以","6","7","13"
"郡治","8","5","13"
"稽永","7","6","13"
"里中","9","4","13"
"闰正","4","9","13"
"处处","5","8","13"
"竹林","4","9","13"
"常生","1","12","13"
"清暑","6","7","13"
"莲同","7","6","13"
"水泉","8","5","13"
"入御","7","6","13"
"出十","3","10","13"
"官将","3","10","13"
"中生","4","9","13"
"北宫","6","7","13"
"帝让","1","12","13"
"次论","6","7","13"
"夺民","10","3","13"
"及有","7","6","13"
"木不","7","6","13"
"木失","6","7","13"
"者少","10","3","13"
"之发","7","6","13"
"雨震","13","0","13"
"亮不","7","6","13"
"名无","7","6","13"
"服不","6","7","13"
"发者","9","4","13"
"不将","4","9","13"
"有陈","4","9","13"
"声曰","13","0","13"
"死也","7","6","13"
"有口","7","6","13"
"佩金","1","12","13"
"事泄","11","2","13"
"多说","2","11","13"
"颖为","2","11","13"
"人即","5","8","13"
"水门","7","6","13"
"行刑","3","10","13"
"事了","2","11","13"
"官御","7","6","13"
"度多","1","12","13"
"可长","7","6","13"
"我非","7","6","13"
"先定","10","3","13"
"陨石","6","7","13"
"前方","1","12","13"
"始发","6","7","13"
"台榭","6","7","13"
"遂复","13","0","13"
"禁旅","12","1","13"
"政于","7","6","13"
"崇礼","5","8","13"
"阳失","7","6","13"
"臣而","8","5","13"
"生多","5","8","13"
"救火","3","10","13"
"若何","12","1","13"
"州营","7","6","13"
"茂才","7","6","13"
"王起","5","8","13"
"受赇","13","0","13"
"造宫","3","10","13"
"者知","10","3","13"
"阴盛","7","6","13"
"是加","2","11","13"
"率师","12","1","13"
"害正","6","7","13"
"后权","7","6","13"
"营将","6","7","13"
"祸之","9","4","13"
"不养","6","7","13"
"牛死","5","8","13"
"入广","7","6","13"
"受重","1","12","13"
"人黄","6","7","13"
"地裂","5","8","13"
"侧目","6","7","13"
"复生","9","4","13"
"常理","1","12","13"
"有至","10","3","13"
"付狱","9","4","13"
"文在","2","11","13"
"以付","13","0","13"
"迎之","13","0","13"
"奏免","10","3","13"
"诏群","12","1","13"
"为幽","7","6","13"
"雍为","6","7","13"
"其详","12","1","13"
"有离","3","10","13"
"推求","3","10","13"
"建四","8","5","13"
"户五","8","5","13"
"相而","7","6","13"
"原为","4","9","13"
"山郡","5","8","13"
"问何","8","5","13"
"内事","6","7","13"
"祖每","6","7","13"
"无隐","10","3","13"
"义深","5","8","13"
"谋远","4","9","13"
"以弟","11","2","13"
"况不","2","11","13"
"书章","7","6","13"
"轻薄","4","9","13"
"转右","10","3","13"
"而散","5","8","13"
"府都","4","9","13"
"子世","9","4","13"
"背天","1","12","13"
"卒三","10","3","13"
"据要","8","5","13"
"水步","8","5","13"
"宠任","6","7","13"
"咫尺","8","5","13"
"军合","7","6","13"
"祖嘉","12","1","13"
"可代","10","3","13"
"夜兼","2","11","13"
"领刘","4","9","13"
"相得","10","3","13"
"军领","10","3","13"
"待士","6","7","13"
"于马","8","5","13"
"之还","10","3","13"
"始初","5","8","13"
"果行","13","0","13"
"得休","8","5","13"
"修为","7","6","13"
"同起","3","10","13"
"求先","2","11","13"
"自居","6","7","13"
"以委","8","5","13"
"寻拜","13","0","13"
"循旧","1","12","13"
"固当","13","0","13"
"丝绵","5","8","13"
"众所","11","2","13"
"王从","3","10","13"
"后朝","5","8","13"
"人独","1","12","13"
"纵不","8","5","13"
"手杀","4","9","13"
"下王","6","7","13"
"之邪","11","2","13"
"字少","7","6","13"
"少与","10","3","13"
"欲弃","13","0","13"
"乏食","10","3","13"
"欲去","13","0","13"
"当言","12","1","13"
"以骑","13","0","13"
"朕之","11","2","13"
"大笑","6","7","13"
"似不","8","5","13"
"令与","8","5","13"
"久为","4","9","13"
"清平","6","7","13"
"肆行","6","7","13"
"会议","9","4","13"
"诚然","2","11","13"
"宣司","9","4","13"
"寒心","7","6","13"
"愤懑","6","7","13"
"幸南","11","2","13"
"俨然","5","8","13"
"下改","3","10","13"
"有职","5","8","13"
"争利","5","8","13"
"习武","4","9","13"
"民赖","12","1","13"
"可备","11","2","13"
"好为","10","3","13"
"善属","13","0","13"
"削除","2","11","13"
"王用","3","10","13"
"亡不","10","3","13"
"登楼","7","6","13"
"里还","1","12","13"
"求而","6","7","13"
"刚愎","4","9","13"
"贫富","7","6","13"
"此辈","13","0","13"
"悉归","12","1","13"
"归河","13","0","13"
"耸夫","6","7","13"
"四子","13","0","13"
"归仁","8","5","13"
"伐木","9","4","13"
"郑望","5","8","13"
"道统","4","9","13"
"奸险","6","7","13"
"无赖","6","7","13"
"到府","1","12","13"
"杀于","2","11","13"
"主一","5","8","13"
"后手","9","4","13"
"命使","11","2","13"
"动人","6","7","13"
"可减","5","8","13"
"有退","3","10","13"
"用台","8","5","13"
"宣传","4","9","13"
"追兵","6","7","13"
"子相","7","6","13"
"官曹","4","9","13"
"军后","5","8","13"
"人赴","9","4","13"
"副本","4","9","13"
"西民","11","2","13"
"颠沛","8","5","13"
"刘攘","4","9","13"
"至州","9","4","13"
"之便","4","9","13"
"和等","6","7","13"
"时亲","6","7","13"
"多在","7","6","13"
"明示","6","7","13"
"士无","10","3","13"
"有封","3","10","13"
"传呼","7","6","13"
"之耻","9","4","13"
"沈正","1","12","13"
"使居","10","3","13"
"封邑","3","10","13"
"本职","3","10","13"
"能承","2","11","13"
"习经","3","10","13"
"骑三","11","2","13"
"则没","1","12","13"
"加龙","11","2","13"
"之叹","9","4","13"
"绥怀","8","5","13"
"称说","1","12","13"
"鼓动","2","11","13"
"兵交","6","7","13"
"粮尽","8","5","13"
"僧韶","6","7","13"
"胜追","5","8","13"
"钜万","11","2","13"
"同统","6","7","13"
"守西","8","5","13"
"宠待","2","11","13"
"幸天","13","0","13"
"南运","3","10","13"
"景度","7","6","13"
"瑗为","8","5","13"
"里间","6","7","13"
"留三","9","4","13"
"都率","1","12","13"
"都当","1","12","13"
"用师","9","4","13"
"都明","1","12","13"
"粮不","8","5","13"
"命梁","3","10","13"
"又尝","13","0","13"
"时去","1","12","13"
"惊叹","3","10","13"
"事修","8","5","13"
"毁灭","1","12","13"
"五部","6","7","13"
"友之","7","6","13"
"之厚","13","0","13"
"伤感","1","12","13"
"专管","2","11","13"
"空名","9","4","13"
"年已","4","9","13"
"官是","1","12","13"
"中入","8","5","13"
"孙表","4","9","13"
"翟广","6","7","13"
"沈叔","4","9","13"
"百级","10","3","13"
"川人","3","10","13"
"为颍","7","6","13"
"能坚","2","11","13"
"德兼","6","7","13"
"臣入","9","4","13"
"边寇","9","4","13"
"以七","12","1","13"
"夸大","2","11","13"
"以被","2","11","13"
"良民","6","7","13"
"万斤","6","7","13"
"尹弘","5","8","13"
"固等","6","7","13"
"行师","9","4","13"
"身高","1","12","13"
"先被","2","11","13"
"为仇","7","6","13"
"处可","2","11","13"
"始当","2","11","13"
"书传","5","8","13"
"北一","9","4","13"
"求召","1","12","13"
"密与","8","5","13"
"之对","2","11","13"
"威声","11","2","13"
"神像","5","8","13"
"戴白","1","12","13"
"事急","11","2","13"
"诣行","13","0","13"
"地多","5","8","13"
"海口","6","7","13"
"是复","8","5","13"
"剧贼","11","2","13"
"以儒","6","7","13"
"复参","12","1","13"
"姚绍","3","10","13"
"势危","3","10","13"
"卿也","7","6","13"
"退敌","3","10","13"
"蜀兵","8","5","13"
"西宫","6","7","13"
"节镇","10","3","13"
"与北","5","8","13"
"蔡河","6","7","13"
"使折","6","7","13"
"御崇","13","0","13"
"使留","6","7","13"
"邀功","5","8","13"
"修水","6","7","13"
"悔之","11","2","13"
"可汗","5","8","13"
"播种","4","9","13"
"宾佐","8","5","13"
"更定","12","1","13"
"幸开","13","0","13"
"降卒","6","7","13"
"外军","7","6","13"
"高锡","6","7","13"
"诏尚","8","5","13"
"南发","2","11","13"
"于潭","8","5","13"
"米以","7","6","13"
"翰等","7","6","13"
"使振","13","0","13"
"役兵","9","4","13"
"诏招","7","6","13"
"送阙","13","0","13"
"决澶","13","0","13"
"济水","3","10","13"
"命丁","4","9","13"
"章以","8","5","13"
"等钱","7","6","13"
"水灌","4","9","13"
"先知","3","10","13"
"钅长","1","12","13"
"宴于","8","5","13"
"命宣","4","9","13"
"加害","1","12","13"
"贯以","9","4","13"
"诏武","9","4","13"
"遣都","8","5","13"
"乞以","13","0","13"
"楼下","6","7","13"
"府民","11","2","13"
"轻出","12","1","13"
"杀韩","2","11","13"
"仪等","4","9","13"
"杜太","2","11","13"
"原者","13","0","13"
"道转","5","8","13"
"山洞","6","7","13"
"功以","7","6","13"
"破西","7","6","13"
"巡官","6","7","13"
"兵护","6","7","13"
"折御","6","7","13"
"御卿","6","7","13"
"池观","5","8","13"
"廉州","6","7","13"
"蠲临","13","0","13"
"德超","6","7","13"
"业为","4","9","13"
"瑞物","3","10","13"
"子杨","1","12","13"
"权交","1","12","13"
"于李","6","7","13"
"史马","7","6","13"
"阵图","6","7","13"
"襄王","4","9","13"
"远县","6","7","13"
"将于","7","6","13"
"祖吉","4","9","13"
"力役","7","6","13"
"御文","13","0","13"
"再遣","12","1","13"
"御河","6","7","13"
"总计","3","10","13"
"江等","6","7","13"
"追杀","5","8","13"
"至阙","13","0","13"
"余艘","7","6","13"
"求大","2","11","13"
"三部","5","8","13"
"宣诏","5","8","13"
"霸为","6","7","13"
"西鄙","12","1","13"
"寿于","13","0","13"
"民入","13","0","13"
"禄者","8","5","13"
"粟振","13","0","13"
"败贼","2","11","13"
"诏东","8","5","13"
"赐缗","12","1","13"
"洪湛","2","11","13"
"刍粮","13","0","13"
"臣赐","5","8","13"
"中传","4","9","13"
"领率","1","12","13"
"砦栅","10","3","13"
"州石","7","6","13"
"以讲","8","5","13"
"楼观","6","7","13"
"路官","7","6","13"
"北戍","6","7","13"
"北城","4","9","13"
"西饥","7","6","13"
"军纪","1","12","13"
"覆奏","11","2","13"
"度制","7","6","13"
"阴晦","4","9","13"
"废朝","11","2","13"
"上并","3","10","13"
"高品","6","7","13"
"汜水","8","5","13"
"给西","2","11","13"
"熟户","6","7","13"
"国贡","8","5","13"
"司请","10","3","13"
"诏允","2","11","13"
"近地","5","8","13"
"可疑","6","7","13"
"驾所","7","6","13"
"平夏","7","6","13"
"春郡","6","7","13"
"名流","3","10","13"
"始御","13","0","13"
"抚京","8","5","13"
"以杜","9","4","13"
"臣参","10","3","13"
"初御","13","0","13"
"举主","8","5","13"
"奏荐","6","7","13"
"后幸","13","0","13"
"朝文","5","8","13"
"会圣","6","7","13"
"毋过","13","0","13"
"御延","12","1","13"
"修内","8","5","13"
"表章","5","8","13"
"御紫","12","1","13"
"蕃来","6","7","13"
"江潮","7","6","13"
"许中","7","6","13"
"黄德","4","9","13"
"诏夏","6","7","13"
"济京","2","11","13"
"监直","6","7","13"
"荆王","6","7","13"
"役一","5","8","13"
"罢任","6","7","13"
"治状","13","0","13"
"官被","1","12","13"
"差官","8","5","13"
"隐然","9","4","13"
"命京","8","5","13"
"商胡","7","6","13"
"内供","6","7","13"
"敢因","2","11","13"
"诏后","7","6","13"
"敛之","9","4","13"
"宾州","6","7","13"
"臣知","10","3","13"
"伤而","5","8","13"
"中复","8","5","13"
"光朝","6","7","13"
"仕羲","6","7","13"
"官谢","7","6","13"
"违制","9","4","13"
"实惠","5","8","13"
"定内","5","8","13"
"功过","6","7","13"
"祐三","8","5","13"
"上仁","5","8","13"
"萧禧","4","9","13"
"书其","11","2","13"
"惟辅","6","7","13"
"劝戒","3","10","13"
"拜之","9","4","13"
"公使","7","6","13"
"钱岁","13","0","13"
"慈宫","6","7","13"
"其丧","12","1","13"
"温等","6","7","13"
"恩有","13","0","13"
"阵法","4","9","13"
"州卒","12","1","13"
"司遣","13","0","13"
"祀上","1","12","13"
"诏行","11","2","13"
"于真","5","8","13"
"察各","1","12","13"
"史一","5","8","13"
"京等","7","6","13"
"博以","6","7","13"
"诗以","9","4","13"
"子朱","3","10","13"
"辅相","10","3","13"
"李乾","6","7","13"
"立政","6","7","13"
"京国","7","6","13"
"兵备","5","8","13"
"官赐","4","9","13"
"京各","1","12","13"
"同母","3","10","13"
"玉器","3","10","13"
"遣谢","7","6","13"
"官均","5","8","13"
"讲议","7","6","13"
"得擅","4","9","13"
"变者","12","1","13"
"医学","6","7","13"
"仕郎","7","6","13"
"算学","6","7","13"
"京上","3","10","13"
"人求","10","3","13"
"逸之","3","10","13"
"子美","6","7","13"
"为向","3","10","13"
"中奉","7","6","13"
"任并","1","12","13"
"司督","6","7","13"
"定命","4","9","13"
"以童","11","2","13"
"川军","7","6","13"
"林灵","6","7","13"
"灵素","6","7","13"
"中起","3","10","13"
"和义","5","8","13"
"政由","2","11","13"
"物为","6","7","13"
"租课","5","8","13"
"书五","7","6","13"
"宗学","7","6","13"
"为康","5","8","13"
"遣徒","7","6","13"
"者从","7","6","13"
"遵行","3","10","13"
"至燕","12","1","13"
"焚香","7","6","13"
"军叛","6","7","13"
"民来","7","6","13"
"诏用","4","9","13"
"以勤","10","3","13"
"张彦","7","6","13"
"宫官","6","7","13"
"可求","6","7","13"
"攻南","2","11","13"
"渊圣","7","6","13"
"初政","12","1","13"
"人坚","1","12","13"
"籍籍","12","1","13"
"兵六","9","4","13"
"孙觌","6","7","13"
"置沿","7","6","13"
"赵万","6","7","13"
"类省","7","6","13"
"其赀","13","0","13"
"书正","5","8","13"
"得皇","1","12","13"
"复叛","12","1","13"
"知京","8","5","13"
"蓝珪","4","9","13"
"后撤","1","12","13"
"撤帘","6","7","13"
"浩请","5","8","13"
"鼎言","13","0","13"
"防秋","10","3","13"
"使夏","6","7","13"
"知三","8","5","13"
"遣杜","6","7","13"
"东野","7","6","13"
"诏降","9","4","13"
"后问","4","9","13"
"官四","9","4","13"
"论宰","6","7","13"
"兵奔","3","10","13"
"张荣","6","7","13"
"常熟","6","7","13"
"俊遣","13","0","13"
"与知","10","3","13"
"为绍","3","10","13"
"移跸","13","0","13"
"对内","3","10","13"
"于吕","6","7","13"
"忠遣","13","0","13"
"谕江","7","6","13"
"川盐","6","7","13"
"路沿","6","7","13"
"县和","2","11","13"
"馆检","7","6","13"
"制敕","8","5","13"
"海寇","7","6","13"
"路将","6","7","13"
"忠有","9","4","13"
"中至","9","4","13"
"陕右","7","6","13"
"知温","9","4","13"
"趾郡","1","12","13"
"晏敦","6","7","13"
"曾开","6","7","13"
"锜为","11","2","13"
"围解","9","4","13"
"背嵬","8","5","13"
"将命","11","2","13"
"条法","6","7","13"
"学宫","7","6","13"
"椿年","7","6","13"
"临奠","12","1","13"
"汪勃","6","7","13"
"共政","12","1","13"
"左翼","5","8","13"
"余尧","6","7","13"
"所回","4","9","13"
"桧在","5","8","13"
"中张","5","8","13"
"官居","4","9","13"
"风宪","11","2","13"
"眙军","9","4","13"
"水银","6","7","13"
"遣梁","7","6","13"
"从三","3","10","13"
"桧党","11","2","13"
"在盱","3","10","13"
"不次","13","0","13"
"经总","7","6","13"
"宗读","4","9","13"
"人捕","5","8","13"
"宗出","2","11","13"
"川口","6","7","13"
"帝朝","10","3","13"
"置局","10","3","13"
"议出","8","5","13"
"尹穑","8","5","13"
"用陈","3","10","13"
"置榷","5","8","13"
"要官","5","8","13"
"请置","12","1","13"
"复请","12","1","13"
"乞留","13","0","13"
"姚宪","6","7","13"
"王希","4","9","13"
"人非","4","9","13"
"杖之","12","1","13"
"军水","4","9","13"
"陆贽","6","7","13"
"岁已","3","10","13"
"收税","1","12","13"
"部上","2","11","13"
"留身","12","1","13"
"谕曰","13","0","13"
"诣重","13","0","13"
"子吴","1","12","13"
"后继","6","7","13"
"宫后","1","12","13"
"兵增","4","9","13"
"夺皇","3","10","13"
"权大","3","10","13"
"夏震","5","8","13"
"传为","3","10","13"
"人真","4","9","13"
"造事","3","10","13"
"州会","2","11","13"
"翟朝","4","9","13"
"贵诚","7","6","13"
"讣闻","11","2","13"
"削二","12","1","13"
"在进","1","12","13"
"故皇","2","11","13"
"不力","6","7","13"
"守而","8","5","13"
"知遂","10","3","13"
"而二","11","2","13"
"筵官","5","8","13"
"告金","2","11","13"
"还师","7","6","13"
"差除","11","2","13"
"连攻","2","11","13"
"赐额","8","5","13"
"实践","2","11","13"
"伯正","6","7","13"
"福等","5","8","13"
"阁职","6","7","13"
"诏整","3","10","13"
"感伤","2","11","13"
"任成","2","11","13"
"叔为","5","8","13"
"来出","1","12","13"
"机务","8","5","13"
"其严","6","7","13"
"以惩","4","9","13"
"再削","5","8","13"
"杨镇","4","9","13"
"久留","6","7","13"
"讳言","8","5","13"
"全氏","6","7","13"
"汝腾","7","6","13"
"韩震","4","9","13"
"潜说","6","7","13"
"黄镛","8","5","13"
"始命","5","8","13"
"多从","13","0","13"
"察天","1","12","13"
"能明","2","11","13"
"录为","3","10","13"
"唐李","8","5","13"
"疏略","6","7","13"
"省去","4","9","13"
"衡端","4","9","13"
"曰复","13","0","13"
"皆欲","13","0","13"
"吻合","3","10","13"
"两面","1","12","13"
"他二","1","12","13"
"而增","5","8","13"
"黄而","3","10","13"
"臣失","8","5","13"
"传舍","7","6","13"
"微细","5","8","13"
"则多","11","2","13"
"本就","1","12","13"
"人西","2","11","13"
"人四","2","11","13"
"为理","3","10","13"
"御外","3","10","13"
"兵罢","11","2","13"
"怒而","5","8","13"
"两相","3","10","13"
"出国","5","8","13"
"军四","5","8","13"
"被擒","3","10","13"
"小不","9","4","13"
"腐败","2","11","13"
"星中","3","10","13"
"来和","1","12","13"
"气在","1","12","13"
"在兵","5","8","13"
"符中","9","4","13"
"亦请","13","0","13"
"家老","2","11","13"
"仇人","1","12","13"
"美事","8","5","13"
"收用","5","8","13"
"郝随","6","7","13"
"常情","3","10","13"
"致国","1","12","13"
"密谕","11","2","13"
"红光","1","12","13"
"时光","6","7","13"
"过其","6","7","13"
"能属","12","1","13"
"幸其","13","0","13"
"居第","11","2","13"
"有通","2","11","13"
"从周","3","10","13"
"下深","4","9","13"
"命与","10","3","13"
"度外","10","3","13"
"求入","3","10","13"
"赐坐","11","2","13"
"尝奏","13","0","13"
"素恶","13","0","13"
"军多","6","7","13"
"敢自","5","8","13"
"则已","8","5","13"
"给宗","1","12","13"
"化初","6","7","13"
"忠曰","13","0","13"
"谋自","5","8","13"
"宝剑","3","10","13"
"符七","4","9","13"
"移兵","3","10","13"
"贬出","1","12","13"
"时号","7","6","13"
"就加","6","7","13"
"迁刑","13","0","13"
"归中","8","5","13"
"时国","4","9","13"
"在翰","7","6","13"
"有负","3","10","13"
"才而","5","8","13"
"持一","5","8","13"
"为报","5","8","13"
"文敏","8","5","13"
"以坐","6","7","13"
"望诏","3","10","13"
"上密","1","12","13"
"有城","4","9","13"
"汉地","5","8","13"
"然听","1","12","13"
"时范","5","8","13"
"吴为","2","11","13"
"下与","3","10","13"
"围出","2","11","13"
"恶不","6","7","13"
"喜悦","2","11","13"
"旦以","7","6","13"
"启发","1","12","13"
"避嫌","4","9","13"
"知朝","10","3","13"
"待我","3","10","13"
"有书","6","7","13"
"颇多","4","9","13"
"主谋","3","10","13"
"惠秦","6","7","13"
"迁吏","13","0","13"
"除枢","9","4","13"
"诏问","9","4","13"
"取皇","2","11","13"
"引疾","12","1","13"
"熟羌","7","6","13"
"平易","3","10","13"
"官孙","6","7","13"
"许我","3","10","13"
"力耕","2","11","13"
"地州","1","12","13"
"此曹","12","1","13"
"为总","5","8","13"
"而免","4","9","13"
"故道","8","5","13"
"朝在","1","12","13"
"死囚","6","7","13"
"不懈","6","7","13"
"宗令","3","10","13"
"岭外","6","7","13"
"官右","2","11","13"
"为罢","12","1","13"
"西用","7","6","13"
"有继","3","10","13"
"谢涛","1","12","13"
"能起","5","8","13"
"下用","5","8","13"
"他时","2","11","13"
"愚之","12","1","13"
"有从","1","12","13"
"料敌","6","7","13"
"丧一","1","12","13"
"饥渴","6","7","13"
"是边","1","12","13"
"州逃","1","12","13"
"下考","1","12","13"
"抚士","6","7","13"
"历算","3","10","13"
"下继","4","9","13"
"唐时","3","10","13"
"平津","6","7","13"
"兵几","1","12","13"
"因陈","9","4","13"
"他州","3","10","13"
"其略","13","0","13"
"管崇","6","7","13"
"凛然","5","8","13"
"死党","6","7","13"
"兵就","3","10","13"
"几倍","1","12","13"
"省察","3","10","13"
"置上","3","10","13"
"除起","13","0","13"
"忠所","7","6","13"
"两学","6","7","13"
"如欲","10","3","13"
"在仁","2","11","13"
"要先","1","12","13"
"愿诏","13","0","13"
"问对","2","11","13"
"能开","3","10","13"
"人献","4","9","13"
"出处","9","4","13"
"熹因","1","12","13"
"李祥","6","7","13"
"乞斩","13","0","13"
"宗批","2","11","13"
"郎召","9","4","13"
"吴拱","3","10","13"
"伪党","6","7","13"
"而消","3","10","13"
"先期","10","3","13"
"突入","7","6","13"
"廷告","1","12","13"
"来决","2","11","13"
"廷政","2","11","13"
"紊乱","2","11","13"
"皆天","9","4","13"
"豪夺","5","8","13"
"编纂","3","10","13"
"军威","2","11","13"
"是连","3","10","13"
"安无","1","12","13"
"果敢","2","11","13"
"挽回","1","12","13"
"居乡","6","7","13"
"楚城","13","0","13"
"如能","3","10","13"
"面来","1","12","13"
"下留","6","7","13"
"代与","1","12","13"
"见自","1","12","13"
"常出","1","12","13"
"地请","1","12","13"
"欢欣","1","12","13"
"地一","4","9","13"
"近边","6","7","13"
"自耕","1","12","13"
"要立","1","12","13"
"贱之","4","9","13"
"蹂躏","3","10","13"
"浮光","6","7","13"
"缮城","4","9","13"
"来天","1","12","13"
"全攻","5","8","13"
"葵率","3","10","13"
"水兵","1","12","13"
"同流","2","11","13"
"卿曰","13","0","13"
"惟说","6","7","13"
"市井","7","6","13"
"是能","2","11","13"
"于求","4","9","13"
"而亡","3","10","13"
"世出","6","7","13"
"是作","1","12","13"
"设防","1","12","13"
"是左","4","9","13"
"私欲","2","11","13"
"重病","1","12","13"
"为私","3","10","13"
"姓饥","1","12","13"
"议自","8","5","13"
"而喜","3","10","13"
"论经","6","7","13"
"致谢","1","12","13"
"杨安","2","11","13"
"吴表","6","7","13"
"有动","3","10","13"
"笼络","2","11","13"
"潜心","3","10","13"
"冠礼","3","10","13"
"北两","4","9","13"
"想见","2","11","13"
"心向","1","12","13"
"用牛","1","12","13"
"美酒","1","12","13"
"登高","4","9","13"
"愁苦","3","10","13"
"说人","1","12","13"
"然请","6","7","13"
"甫说","1","12","13"
"因张","1","12","13"
"原委","2","11","13"
"一遍","1","12","13"
"出无","6","7","13"
"在汴","2","11","13"
"符节","1","12","13"
"当过","1","12","13"
"魏汉","1","12","13"
"取中","6","7","13"
"故疆","6","7","13"
"就听","1","12","13"
"长枪","5","8","13"
"随行","1","12","13"
"争大","1","12","13"
"不缺","1","12","13"
"镇节","6","7","13"
"道陛","1","12","13"
"战必","4","9","13"
"有宰","2","11","13"
"合出","1","12","13"
"城河","1","12","13"
"仁请","3","10","13"
"私事","3","10","13"
"被宠","1","12","13"
"暴敛","1","12","13"
"间或","1","12","13"
"才一","2","11","13"
"是才","1","12","13"
"石工","2","11","13"
"来书","2","11","13"
"暴君","2","11","13"
"语说","1","12","13"
"明是","2","11","13"
"多由","1","12","13"
"过大","1","12","13"
"卿被","1","12","13"
"降敌","4","9","13"
"诡诈","2","11","13"
"林待","6","7","13"
"反被","1","12","13"
"兵收","1","12","13"
"拔营","3","10","13"
"护百","1","12","13"
"军才","2","11","13"
"锜曰","13","0","13"
"哲等","7","6","13"
"满天","2","11","13"
"置他","1","12","13"
"令使","1","12","13"
"他著","1","12","13"
"人世","1","12","13"
"自发","1","12","13"
"子陈","1","12","13"
"确说","1","12","13"
"军覆","1","12","13"
"度上","1","12","13"
"了些","0","13","13"
"聪颖","0","13","13"
"裕为","0","13","13"
"生息","0","13","13"
"们从","0","13","13"
"让其","0","13","13"
"的当","0","13","13"
"让天","0","13","13"
"被关","0","13","13"
"一丝","0","13","13"
"着这","0","13","13"
"丢掉","0","13","13"
"了进","0","13","13"
"有各","0","13","13"
"稷的","0","13","13"
"维护","0","13","13"
"的预","0","13","13"
"故土","0","13","13"
"的设","0","13","13"
"楚了","0","13","13"
"的偏","0","13","13"
"和朝","0","13","13"
"的与","0","13","13"
"的起","0","13","13"
"业绩","0","13","13"
"们呢","0","13","13"
"的哀","0","13","13"
"我因","0","13","13"
"道皇","0","13","13"
"知了","0","13","13"
"和宗","0","13","13"
"刘盏","0","13","13"
"洒酒","0","13","13"
"果一","0","13","13"
"头牛","0","13","13"
"动荡","0","13","13"
"受不","0","13","13"
"无奈","0","13","13"
"更严","0","13","13"
"下这","0","13","13"
"房间","0","13","13"
"的药","0","13","13"
"厨房","0","13","13"
"倾斜","0","13","13"
"的孝","0","13","13"
"的珍","0","13","13"
"的火","0","13","13"
"队也","0","13","13"
"么原","0","13","13"
"可贵","0","13","13"
"给自","0","13","13"
"去讨","0","13","13"
"到本","0","13","13"
"大好","0","13","13"
"庭贫","0","13","13"
"缓和","0","13","13"
"了对","0","13","13"
"被高","0","13","13"
"和赏","0","13","13"
"但这","0","13","13"
"投机","0","13","13"
"心理","0","13","13"
"像在","0","13","13"
"锐骑","0","13","13"
"就无","0","13","13"
"随皇","0","13","13"
"丝带","0","13","13"
"任学","0","13","13"
"嘱托","0","13","13"
"出谋","0","13","13"
"面出","0","13","13"
"马到","0","13","13"
"心地","0","13","13"
"归到","0","13","13"
"样大","0","13","13"
"且我","0","13","13"
"般人","0","13","13"
"容地","0","13","13"
"想出","0","13","13"
"庸的","0","13","13"
"养蚕","0","13","13"
"们便","0","13","13"
"分成","0","13","13"
"的习","0","13","13"
"判断","0","13","13"
"感觉","0","13","13"
"强的","0","13","13"
"的座","0","13","13"
"欢读","0","13","13"
"不打","0","13","13"
"向我","0","13","13"
"在派","0","13","13"
"上身","0","13","13"
"凶刘","0","13","13"
"他守","0","13","13"
"直奔","0","13","13"
"断的","0","13","13"
"的仆","0","13","13"
"吏中","0","13","13"
"都必","0","13","13"
"的管","0","13","13"
"路程","0","13","13"
"驿马","0","13","13"
"样有","0","13","13"
"果敌","0","13","13"
"有做","0","13","13"
"家被","0","13","13"
"个请","0","13","13"
"个城","0","13","13"
"也叫","0","13","13"
"仁的","0","13","13"
"遇的","0","13","13"
"所带","0","13","13"
"笑他","0","13","13"
"到学","0","13","13"
"当着","0","13","13"
"位先","0","13","13"
"弟们","0","13","13"
"福的","0","13","13"
"见过","0","13","13"
"堂兄","0","13","13"
"人拿","0","13","13"
"都请","0","13","13"
"难免","0","13","13"
"靠他","0","13","13"
"了回","0","13","13"
"互通","0","13","13"
"样呢","0","13","13"
"们加","0","13","13"
"是违","0","13","13"
"慕王","0","13","13"
"叫刘","0","13","13"
"荒年","0","13","13"
"给沈","0","13","13"
"风格","0","13","13"
"校的","0","13","13"
"因没","0","13","13"
"才退","0","13","13"
"因长","0","13","13"
"部平","0","13","13"
"了那","0","13","13"
"他呢","0","13","13"
"都考","0","13","13"
"达成","0","13","13"
"亲守","0","13","13"
"的攻","0","13","13"
"去征","0","13","13"
"又很","0","13","13"
"就暗","0","13","13"
"背着","0","13","13"
"到休","0","13","13"
"功被","0","13","13"
"切合","0","13","13"
"们中","0","13","13"
"才接","0","13","13"
"于你","0","13","13"
"在对","0","13","13"
"嚣张","0","13","13"
"王扌","0","13","13"
"呈献","0","13","13"
"想借","0","13","13"
"任征","0","13","13"
"而犯","0","13","13"
"颖川","0","13","13"
"涌入","0","13","13"
"尹赵","0","13","13"
"理知","0","13","13"
"只以","0","13","13"
"他特","0","13","13"
"任吴","0","13","13"
"都自","0","13","13"
"到尚","0","13","13"
"战鼓","0","13","13"
"战都","0","13","13"
"职照","0","13","13"
"和高","0","13","13"
"上竖","0","13","13"
"被御","0","13","13"
"根基","0","13","13"
"再度","0","13","13"
"们用","0","13","13"
"砍断","0","13","13"
"到小","0","13","13"
"相邻","0","13","13"
"军回","0","13","13"
"兵把","0","13","13"
"敢的","0","13","13"
"要严","0","13","13"
"到庐","0","13","13"
"了百","0","13","13"
"现一","0","13","13"
"到庆","0","13","13"
"怎会","0","13","13"
"可派","0","13","13"
"百天","0","13","13"
"的屏","0","13","13"
"大批","0","13","13"
"灾情","0","13","13"
"给文","0","13","13"
"又拿","0","13","13"
"继给","0","13","13"
"陪同","0","13","13"
"年任","0","13","13"
"冤案","0","13","13"
"以黥","0","13","13"
"方叛","0","13","13"
"的谷","0","13","13"
"卫队","0","13","13"
"换上","0","13","13"
"者们","0","13","13"
"编制","0","13","13"
"曲的","0","13","13"
"的夏","0","13","13"
"乡的","0","13","13"
"宫音","0","13","13"
"的区","0","13","13"
"影最","0","13","13"
"曰的","0","13","13"
"是像","0","13","13"
"唱歌","0","13","13"
"尺的","0","13","13"
"物都","0","13","13"
"的浑","0","13","13"
"初的","0","13","13"
"星运","0","13","13"
"弄清","0","13","13"
"来推","0","13","13"
"也出","0","13","13"
"录下","0","13","13"
"干支","0","13","13"
"法在","0","13","13"
"懒惰","0","13","13"
"天太","0","13","13"
"穷的","0","13","13"
"半的","0","13","13"
"卜的","0","13","13"
"帝便","0","13","13"
"限于","0","13","13"
"临近","0","13","13"
"都遵","0","13","13"
"吏和","0","13","13"
"订立","0","13","13"
"再一","0","13","13"
"塞童","0","13","13"
"然因","0","13","13"
"该让","0","13","13"
"亡了","0","13","13"
"伸张","0","13","13"
"该按","0","13","13"
"时限","0","13","13"
"朱膺","0","13","13"
"概都","0","13","13"
"妾的","0","13","13"
"在在","0","13","13"
"们安","0","13","13"
"是便","0","13","13"
"就立","0","13","13"
"国国","0","13","13"
"外祭","0","13","13"
"施展","0","13","13"
"各族","0","13","13"
"述这","0","13","13"
"了吴","0","13","13"
"要等","0","13","13"
"己末","0","13","13"
"孙和","0","13","13"
"庙时","0","13","13"
"我都","0","13","13"
"位府","0","13","13"
"以的","0","13","13"
"度规","0","13","13"
"星象","0","13","13"
"获后","0","13","13"
"决的","0","13","13"
"间门","0","13","13"
"中很","0","13","13"
"帝想","0","13","13"
"深红","0","13","13"
"的冠","0","13","13"
"战就","0","13","13"
"示他","0","13","13"
"明他","0","13","13"
"刚建","0","13","13"
"连同","0","13","13"
"是招","0","13","13"
"打得","0","13","13"
"这支","0","13","13"
"在途","0","13","13"
"萌生","0","13","13"
"让它","0","13","13"
"整饬","0","13","13"
"息在","0","13","13"
"吃人","0","13","13"
"能担","0","13","13"
"渐变","0","13","13"
"曹彪","0","13","13"
"垣中","0","13","13"
"队被","0","13","13"
"辞与","0","13","13"
"了上","0","13","13"
"病瘟","0","13","13"
"部归","0","13","13"
"佐他","0","13","13"
"下想","0","13","13"
"获利","0","13","13"
"柴草","0","13","13"
"怒说","0","13","13"
"对陈","0","13","13"
"府邸","0","13","13"
"队已","0","13","13"
"凰停","0","13","13"
"的报","0","13","13"
"那年","0","13","13"
"出逃","0","13","13"
"玩弄","0","13","13"
"是胡","0","13","13"
"在却","0","13","13"
"成这","0","13","13"
"异是","0","13","13"
"御的","0","13","13"
"集各","0","13","13"
"城任","0","13","13"
"廷在","0","13","13"
"流动","0","13","13"
"冲毁","0","13","13"
"木被","0","13","13"
"向导","0","13","13"
"来大","0","13","13"
"姓被","0","13","13"
"着天","0","13","13"
"廷听","0","13","13"
"并到","0","13","13"
"了宰","0","13","13"
"你只","0","13","13"
"污受","0","13","13"
"年他","0","13","13"
"力劝","0","13","13"
"当扬","0","13","13"
"是祖","0","13","13"
"加坚","0","13","13"
"快到","0","13","13"
"吏都","0","13","13"
"一项","0","13","13"
"让金","0","13","13"
"是按","0","13","13"
"部交","0","13","13"
"府任","0","13","13"
"时舆","0","13","13"
"超出","0","13","13"
"来补","0","13","13"
"见你","0","13","13"
"籍的","0","13","13"
"情很","0","13","13"
"粗略","0","13","13"
"被毁","0","13","13"
"经与","0","13","13"
"他先","0","13","13"
"手段","0","13","13"
"杀文","0","13","13"
"捉到","0","13","13"
"果再","0","13","13"
"他赶","0","13","13"
"当宰","0","13","13"
"章说","0","13","13"
"筑成","0","13","13"
"困扰","0","13","13"
"部废","0","13","13"
"伺机","0","13","13"
"上打","0","13","13"
"成和","0","13","13"
"又叛","0","13","13"
"背后","0","13","13"
"派内","0","13","13"
"像过","0","13","13"
"报他","0","13","13"
"沈警","0","13","13"
"和韩","0","13","13"
"李煌","0","13","13"
"水早","0","13","13"
"到讲","0","13","13"
"张榜","0","13","13"
"宗开","0","13","13"
"且免","0","13","13"
"门寨","0","13","13"
"宽免","0","13","13"
"李杭","0","13","13"
"遣回","0","13","13"
"久诏","0","13","13"
"到紫","0","13","13"
"查访","0","13","13"
"径源","0","13","13"
"犯贪","0","13","13"
"年推","0","13","13"
"求祠","0","13","13"
"玉碟","0","13","13"
"来买","0","13","13"
"己陈","0","13","13"
"所阻","0","13","13"
"升的","0","13","13"
"路颁","0","13","13"
"为醛","0","13","13"
"要挟","0","13","13"
"求高","0","13","13"
"浩派","0","13","13"
"他归","0","13","13"
"臼燮","0","13","13"
"到温","0","13","13"
"放杖","0","13","13"
"胡锉","0","13","13"
"秦嬉","0","13","13"
"官说","0","13","13"
"全派","0","13","13"
"避讳","0","13","13"
"专心","0","13","13"
"道年","0","13","13"
"阳面","0","13","13"
"犯它","0","13","13"
"方地","0","13","13"
"隘桥","0","13","13"
"历迁","0","13","13"
"王祚","0","13","13"
"任端","0","13","13"
"廷奏","0","13","13"
"上赞","0","13","13"
"一案","0","13","13"
"沆说","0","13","13"
"求设","0","13","13"
"道朝","0","13","13"
"珙的","0","13","13"
"卫边","0","13","13"
"要塞","0","13","13"
"珙被","0","13","13"
"要旨","0","13","13"
"我李","0","13","13"
"全就","0","13","13"
"博说","0","13","13"
"非大","11","1","12"
"与德","10","2","12"
"深矣","12","0","12"
"名其","12","0","12"
"使就","8","4","12"
"搜访","9","3","12"
"入者","12","0","12"
"滋甚","12","0","12"
"窜之","11","1","12"
"民政","6","6","12"
"未接","1","11","12"
"所虑","12","0","12"
"则岁","12","0","12"
"并皆","12","0","12"
"居上","9","3","12"
"去来","9","3","12"
"止息","4","8","12"
"生二","7","5","12"
"协律","8","4","12"
"在表","8","4","12"
"以除","11","1","12"
"亲行","6","6","12"
"不宁","9","3","12"
"复常","10","2","12"
"率由","11","1","12"
"大神","5","7","12"
"长得","1","11","12"
"未审","12","0","12"
"自兹","12","0","12"
"以策","10","2","12"
"可详","10","2","12"
"可废","9","3","12"
"以贵","10","2","12"
"道虽","7","5","12"
"须有","7","5","12"
"豹尾","6","6","12"
"之兴","10","2","12"
"为余","5","7","12"
"远矣","12","0","12"
"赠赐","5","7","12"
"欲加","11","1","12"
"明明","8","4","12"
"所云","12","0","12"
"按占","11","1","12"
"周曰","6","6","12"
"玄石","7","5","12"
"无远","12","0","12"
"之咎","11","1","12"
"文也","8","4","12"
"还大","6","6","12"
"还入","11","1","12"
"物者","9","3","12"
"亡失","9","3","12"
"众出","11","1","12"
"众之","9","3","12"
"乱也","11","1","12"
"问高","6","6","12"
"终其","8","4","12"
"迫近","4","8","12"
"而观","7","5","12"
"坐受","9","3","12"
"之亦","11","1","12"
"所遗","9","3","12"
"神州","8","4","12"
"言谈","1","11","12"
"深加","6","6","12"
"莫及","8","4","12"
"军资","7","5","12"
"甚盛","11","1","12"
"国恩","12","0","12"
"幼孤","10","2","12"
"得计","7","5","12"
"士众","5","7","12"
"遗命","4","8","12"
"恭俭","9","3","12"
"谷帛","11","1","12"
"其业","12","0","12"
"于商","9","3","12"
"收捕","5","7","12"
"其欲","12","0","12"
"野战","6","6","12"
"共知","7","5","12"
"微弱","5","7","12"
"近亲","5","7","12"
"冥冥","5","7","12"
"万无","9","3","12"
"候之","10","2","12"
"过此","6","6","12"
"众力","11","1","12"
"蕃王","8","4","12"
"可失","7","5","12"
"怀怨","4","8","12"
"谓同","10","2","12"
"不世","10","2","12"
"不增","4","8","12"
"能者","9","3","12"
"得也","12","0","12"
"故当","11","1","12"
"其词","10","2","12"
"观古","7","5","12"
"将仕","7","5","12"
"使问","11","1","12"
"无怨","8","4","12"
"役人","7","5","12"
"而远","8","4","12"
"言必","11","1","12"
"将受","7","5","12"
"浮华","4","8","12"
"易地","2","10","12"
"慕之","11","1","12"
"以劳","12","0","12"
"迫之","9","3","12"
"而食","8","4","12"
"可留","9","3","12"
"放不","3","9","12"
"亮五","7","5","12"
"将征","11","1","12"
"以送","9","3","12"
"令还","8","4","12"
"少主","7","5","12"
"心实","7","5","12"
"自开","9","3","12"
"之仁","10","2","12"
"使身","2","10","12"
"首之","8","4","12"
"弃众","10","2","12"
"之副","10","2","12"
"代者","12","0","12"
"加三","5","7","12"
"密迩","12","0","12"
"以抗","7","5","12"
"白日","8","4","12"
"所怀","10","2","12"
"者天","10","2","12"
"俄迁","12","0","12"
"四表","11","1","12"
"居常","11","1","12"
"不假","9","3","12"
"宣言","12","0","12"
"早卒","12","0","12"
"且又","1","11","12"
"又善","6","6","12"
"取悦","3","9","12"
"降恩","5","7","12"
"公旦","6","6","12"
"王臣","8","4","12"
"为卿","9","3","12"
"复陈","8","4","12"
"入燕","8","4","12"
"恩之","9","3","12"
"日矣","12","0","12"
"军部","6","6","12"
"月至","12","0","12"
"大熟","12","0","12"
"可矣","12","0","12"
"甚矣","12","0","12"
"此亦","12","0","12"
"而造","1","11","12"
"上亦","12","0","12"
"等所","10","2","12"
"文祖","7","5","12"
"祖定","8","4","12"
"无之","11","1","12"
"世称","10","2","12"
"以爱","7","5","12"
"国乱","10","2","12"
"二代","8","4","12"
"后每","3","9","12"
"得我","5","7","12"
"叶延","7","5","12"
"慕璝","12","0","12"
"此自","7","5","12"
"下降","3","9","12"
"境有","3","9","12"
"久废","11","1","12"
"天诛","8","4","12"
"以弱","10","2","12"
"心也","10","2","12"
"文简","7","5","12"
"笑而","8","4","12"
"旅之","8","4","12"
"令入","9","3","12"
"遂解","12","0","12"
"徙其","9","3","12"
"之赐","10","2","12"
"既归","12","0","12"
"其对","4","8","12"
"内修","10","2","12"
"赐衣","11","1","12"
"其疏","12","0","12"
"失期","10","2","12"
"贼而","4","8","12"
"是欲","12","0","12"
"兴利","8","4","12"
"民受","5","7","12"
"蔽日","1","11","12"
"缘为","9","3","12"
"报书","11","1","12"
"吾当","12","0","12"
"所恶","11","1","12"
"丐祠","11","1","12"
"得美","9","3","12"
"者惟","12","0","12"
"乃更","12","0","12"
"至相","9","3","12"
"伟之","7","5","12"
"恶者","8","4","12"
"权之","8","4","12"
"丁父","12","0","12"
"力赞","5","7","12"
"使复","12","0","12"
"其交","8","4","12"
"人矣","12","0","12"
"足恃","12","0","12"
"亮曰","12","0","12"
"而贵","8","4","12"
"告讦","12","0","12"
"民自","11","1","12"
"多大","2","10","12"
"既出","11","1","12"
"则使","10","2","12"
"潜邸","9","3","12"
"汲汲","7","5","12"
"清白","4","8","12"
"豪右","10","2","12"
"一失","5","7","12"
"劳者","9","3","12"
"疑难","2","10","12"
"宋兴","9","3","12"
"名家","6","6","12"
"善谈","10","2","12"
"利不","7","5","12"
"抗言","12","0","12"
"有论","8","4","12"
"帝遂","9","3","12"
"主其","12","0","12"
"广二","6","6","12"
"夏内","6","6","12"
"军裴","6","6","12"
"裴方","6","6","12"
"梓潼","6","6","12"
"史鲁","7","5","12"
"为顺","3","9","12"
"徙为","11","1","12"
"师将","6","6","12"
"右长","6","6","12"
"燮为","7","5","12"
"护羌","6","6","12"
"山冠","6","6","12"
"科单","6","6","12"
"部司","6","6","12"
"及守","7","5","12"
"陵者","8","4","12"
"尚食","7","5","12"
"古乐","3","9","12"
"国发","3","9","12"
"天狗","7","5","12"
"高雅","3","9","12"
"硃龄","12","0","12"
"从端","4","8","12"
"在轸","7","5","12"
"巾贼","7","5","12"
"降南","10","2","12"
"家园","2","10","12"
"松树","3","9","12"
"淳于","5","7","12"
"山道","6","6","12"
"萧惠","6","6","12"
"池中","4","8","12"
"国献","9","3","12"
"史垣","6","6","12"
"太熙","6","6","12"
"陵地","5","7","12"
"吴隐","5","7","12"
"晋简","6","6","12"
"阳建","2","10","12"
"海虞","6","6","12"
"县并","7","5","12"
"开阳","4","8","12"
"南高","6","6","12"
"鄄城","7","5","12"
"馆陶","6","6","12"
"陶令","6","6","12"
"有山","5","7","12"
"武阳","7","5","12"
"在滑","1","11","12"
"帷幄","6","6","12"
"王审","4","8","12"
"前守","11","1","12"
"魏仁","5","7","12"
"元尹","7","5","12"
"面进","1","11","12"
"为乾","4","8","12"
"铁林","6","6","12"
"士吕","6","6","12"
"王汉","6","6","12"
"周莹","6","6","12"
"犯河","5","7","12"
"排阵","6","6","12"
"阵使","6","6","12"
"霸州","5","7","12"
"署枢","6","6","12"
"二弟","7","5","12"
"中并","8","4","12"
"郎冯","6","6","12"
"州黎","6","6","12"
"南旱","11","1","12"
"天尊","6","6","12"
"道应","4","8","12"
"俨进","5","7","12"
"章圣","6","6","12"
"神功","6","6","12"
"三山","6","6","12"
"应元","7","5","12"
"德仁","6","6","12"
"仁寿","7","5","12"
"寿慈","6","6","12"
"下溪","6","6","12"
"端等","6","6","12"
"体天","7","5","12"
"法道","6","6","12"
"钦文","6","6","12"
"赵概","6","6","12"
"后高","3","9","12"
"殿承","7","5","12"
"防为","6","6","12"
"枢为","5","7","12"
"华原","6","6","12"
"曰恭","11","1","12"
"梁方","5","7","12"
"事蔡","6","6","12"
"蔡懋","7","5","12"
"阳等","5","7","12"
"命给","4","8","12"
"使姚","6","6","12"
"士何","7","5","12"
"敕书","4","8","12"
"忠郎","6","6","12"
"德圣","5","7","12"
"宗第","6","6","12"
"营统","6","6","12"
"道宗","6","6","12"
"宝钱","6","6","12"
"犯黄","5","7","12"
"射何","6","6","12"
"守平","7","5","12"
"散郎","6","6","12"
"允之","8","4","12"
"知寿","9","3","12"
"军千","10","2","12"
"罢御","8","4","12"
"盐赏","6","6","12"
"欑宫","12","0","12"
"增招","6","6","12"
"效用","5","7","12"
"神劲","6","6","12"
"仲通","6","6","12"
"澈为","4","8","12"
"放罢","8","4","12"
"命淮","8","4","12"
"与在","8","4","12"
"体道","6","6","12"
"帝尊","5","7","12"
"谢之","9","3","12"
"奕为","5","7","12"
"昭先","6","6","12"
"赐李","7","5","12"
"上文","2","10","12"
"以董","6","6","12"
"嗣荣","6","6","12"
"授少","11","1","12"
"赵希","4","8","12"
"上山","2","10","12"
"西刑","8","4","12"
"通道","3","9","12"
"史岩","5","7","12"
"巢县","6","6","12"
"南有","8","4","12"
"事权","9","3","12"
"廖莹","6","6","12"
"莹中","6","6","12"
"刘良","6","6","12"
"陈伯","6","6","12"
"张起","6","6","12"
"飞山","6","6","12"
"南镇","6","6","12"
"吴继","6","6","12"
"府行","6","6","12"
"围广","7","5","12"
"女床","6","6","12"
"渡水","5","7","12"
"仪十","10","2","12"
"造父","6","6","12"
"落师","5","7","12"
"月有","9","3","12"
"摄太","10","2","12"
"奉世","6","6","12"
"宪王","6","6","12"
"出阁","12","0","12"
"判宁","6","6","12"
"五世","6","6","12"
"命子","9","3","12"
"面行","6","6","12"
"德钧","6","6","12"
"富州","5","7","12"
"方城","6","6","12"
"天武","6","6","12"
"并坐","12","0","12"
"苑使","6","6","12"
"左神","6","6","12"
"至内","7","5","12"
"京左","6","6","12"
"三师","6","6","12"
"转左","10","2","12"
"开运","7","5","12"
"定民","4","8","12"
"南等","5","7","12"
"易其","11","1","12"
"敢近","12","0","12"
"拜给","12","0","12"
"田郎","6","6","12"
"为钱","8","4","12"
"永清","6","6","12"
"拜监","11","1","12"
"至御","8","4","12"
"忠至","12","0","12"
"相出","4","8","12"
"真君","6","6","12"
"为玉","6","6","12"
"留为","12","0","12"
"仪物","7","5","12"
"兼安","6","6","12"
"谋及","8","4","12"
"再调","7","5","12"
"秭归","6","6","12"
"凡七","12","0","12"
"功转","6","6","12"
"仙源","6","6","12"
"刘清","5","7","12"
"真气","6","6","12"
"行则","8","4","12"
"军推","6","6","12"
"庆初","6","6","12"
"修玉","7","5","12"
"还军","9","3","12"
"庄子","5","7","12"
"铨试","9","3","12"
"谋废","6","6","12"
"史实","4","8","12"
"古论","6","6","12"
"信国","6","6","12"
"拜殿","11","1","12"
"丰城","6","6","12"
"兼实","6","6","12"
"字君","6","6","12"
"点在","1","11","12"
"除天","4","8","12"
"路计","4","8","12"
"州龙","6","6","12"
"兵河","6","6","12"
"相梁","6","6","12"
"一府","8","4","12"
"颐之","7","5","12"
"则去","8","4","12"
"来谒","8","4","12"
"天无","8","4","12"
"心无","9","3","12"
"请去","10","2","12"
"井田","6","6","12"
"华亭","6","6","12"
"福王","6","6","12"
"兼用","6","6","12"
"眉山","6","6","12"
"举学","6","6","12"
"事司","6","6","12"
"又死","4","8","12"
"为客","8","4","12"
"安主","6","6","12"
"疾为","6","6","12"
"复兼","10","2","12"
"郡开","5","7","12"
"罢沿","7","5","12"
"徒县","6","6","12"
"乱于","10","2","12"
"请高","3","9","12"
"长刀","6","6","12"
"噪而","8","4","12"
"乃率","12","0","12"
"山松","6","6","12"
"娄县","6","6","12"
"修以","8","4","12"
"勋德","9","3","12"
"泛海","10","2","12"
"为玄","11","1","12"
"城开","1","11","12"
"驰入","10","2","12"
"佐吏","5","7","12"
"之郡","11","1","12"
"豺狼","5","7","12"
"宫于","10","2","12"
"当百","6","6","12"
"呼声","4","8","12"
"臣主","5","7","12"
"桓氏","8","4","12"
"众并","11","1","12"
"剪除","4","8","12"
"遣从","10","2","12"
"于杨","9","3","12"
"冀幽","6","6","12"
"命世","12","0","12"
"谦虚","2","10","12"
"请归","11","1","12"
"所余","6","6","12"
"桓冲","5","7","12"
"万不","4","8","12"
"号于","12","0","12"
"据大","3","9","12"
"公将","4","8","12"
"史道","8","4","12"
"檀韶","4","8","12"
"军胡","6","6","12"
"小城","3","9","12"
"张纲","4","8","12"
"马千","7","5","12"
"使告","10","2","12"
"平关","9","3","12"
"之闻","11","1","12"
"与谋","8","4","12"
"仍有","4","8","12"
"至淮","11","1","12"
"奸利","10","2","12"
"使报","8","4","12"
"军未","8","4","12"
"舟舰","11","1","12"
"悦为","6","6","12"
"人据","5","7","12"
"已没","5","7","12"
"火焚","6","6","12"
"至夜","12","0","12"
"等还","9","3","12"
"众乃","12","0","12"
"战亡","8","4","12"
"僧施","5","7","12"
"及谢","8","4","12"
"年事","5","7","12"
"今一","11","1","12"
"奉还","7","5","12"
"归本","8","4","12"
"祸心","5","7","12"
"专为","9","3","12"
"以过","9","3","12"
"徐逵","6","6","12"
"郑鲜","6","6","12"
"至襄","10","2","12"
"赞拜","8","4","12"
"义隆","4","8","12"
"定关","4","8","12"
"尹冲","5","7","12"
"一旅","7","5","12"
"至乃","12","0","12"
"天保","2","10","12"
"一皆","12","0","12"
"一依","12","0","12"
"之王","8","4","12"
"庶之","8","4","12"
"政刑","9","3","12"
"徙家","12","0","12"
"并听","8","4","12"
"民和","4","8","12"
"曹虔","3","9","12"
"为号","8","4","12"
"敬皇","5","7","12"
"自顷","12","0","12"
"阳蛮","6","6","12"
"兵合","9","3","12"
"帅大","6","6","12"
"沮渠","6","6","12"
"罚无","7","5","12"
"寡欲","5","7","12"
"严整","3","9","12"
"西明","6","6","12"
"公服","9","3","12"
"善骑","12","0","12"
"并遣","10","2","12"
"凶极","4","8","12"
"日增","7","5","12"
"士进","5","7","12"
"入守","10","2","12"
"受制","7","5","12"
"门关","4","8","12"
"博涉","8","4","12"
"民害","11","1","12"
"里内","7","5","12"
"洪业","9","3","12"
"上答","7","5","12"
"后百","5","7","12"
"寿张","6","6","12"
"赐五","10","2","12"
"王方","6","6","12"
"军杜","6","6","12"
"军临","6","6","12"
"种子","1","11","12"
"以民","11","1","12"
"节以","8","4","12"
"柴米","3","9","12"
"使及","10","2","12"
"文而","9","3","12"
"射孟","6","6","12"
"武湖","7","5","12"
"莫门","5","7","12"
"弱者","6","6","12"
"故司","10","2","12"
"江山","4","8","12"
"丰王","5","7","12"
"将武","6","6","12"
"今其","12","0","12"
"祖孝","5","7","12"
"字休","6","6","12"
"及上","8","4","12"
"庞秀","6","6","12"
"阳侯","6","6","12"
"减除","1","11","12"
"射建","6","6","12"
"守垣","6","6","12"
"西司","6","6","12"
"王翼","5","7","12"
"守袁","6","6","12"
"日昃","12","0","12"
"欲立","12","0","12"
"已立","6","6","12"
"仲子","7","5","12"
"疾者","11","1","12"
"硃雀","12","0","12"
"奉公","3","9","12"
"南梁","6","6","12"
"今岁","11","1","12"
"水师","2","10","12"
"田亩","5","7","12"
"于玉","10","2","12"
"被囚","1","11","12"
"御天","9","3","12"
"子真","5","7","12"
"不保","5","7","12"
"与左","7","5","12"
"仁不","6","6","12"
"夏桀","3","9","12"
"幼而","11","1","12"
"臣莫","10","2","12"
"每出","12","0","12"
"休炳","1","11","12"
"被留","3","9","12"
"等数","6","6","12"
"谒太","12","0","12"
"都进","1","11","12"
"讨诸","7","5","12"
"子孟","5","7","12"
"除广","2","10","12"
"将兴","5","7","12"
"守孙","6","6","12"
"东堂","7","5","12"
"奏举","6","6","12"
"九郡","7","5","12"
"使奉","10","2","12"
"蔡那","4","8","12"
"务以","8","4","12"
"众为","8","4","12"
"对左","1","11","12"
"务为","8","4","12"
"一物","9","3","12"
"世也","4","8","12"
"子亦","11","1","12"
"书称","6","6","12"
"李安","6","6","12"
"恤慰","1","11","12"
"江二","6","6","12"
"溃于","12","0","12"
"埋藏","2","10","12"
"材官","6","6","12"
"西二","5","7","12"
"据京","5","7","12"
"军任","4","8","12"
"段佛","8","4","12"
"道庆","6","6","12"
"登皇","1","11","12"
"夺人","4","8","12"
"行法","6","6","12"
"置佐","11","1","12"
"除元","4","8","12"
"录公","6","6","12"
"公齐","6","6","12"
"伯兴","6","6","12"
"九锡","7","5","12"
"驾六","9","3","12"
"记事","3","9","12"
"于楚","7","5","12"
"使三","8","4","12"
"汉兴","10","2","12"
"说已","1","11","12"
"两三","4","8","12"
"县而","7","5","12"
"乐者","12","0","12"
"故为","11","1","12"
"长八","9","3","12"
"于日","9","3","12"
"定数","3","9","12"
"九尺","6","6","12"
"部用","4","8","12"
"寸之","8","4","12"
"秀等","6","6","12"
"及左","8","4","12"
"合乐","4","8","12"
"但令","12","0","12"
"寸六","6","6","12"
"以调","3","9","12"
"期三","8","4","12"
"加时","12","0","12"
"为冬","4","8","12"
"一刻","6","6","12"
"下公","9","3","12"
"元用","7","5","12"
"不施","9","3","12"
"少之","10","2","12"
"故先","8","4","12"
"日余","11","1","12"
"纪差","6","6","12"
"如上","10","2","12"
"满纪","7","5","12"
"天去","3","9","12"
"度十","8","4","12"
"朔小","6","6","12"
"数加","9","3","12"
"盈缩","10","2","12"
"行五","5","7","12"
"星三","4","8","12"
"分半","7","5","12"
"以星","9","3","12"
"当行","11","1","12"
"知周","7","5","12"
"土为","7","5","12"
"行自","6","6","12"
"泰元","7","5","12"
"于难","5","7","12"
"此臣","12","0","12"
"在须","6","6","12"
"来用","3","9","12"
"日未","12","0","12"
"史所","7","5","12"
"告至","6","6","12"
"论正","6","6","12"
"岁上","11","1","12"
"天和","3","9","12"
"谓今","12","0","12"
"冠之","10","2","12"
"纳言","6","6","12"
"五郊","6","6","12"
"解其","5","7","12"
"后太","8","4","12"
"失常","4","8","12"
"及公","9","3","12"
"王行","4","8","12"
"礼见","12","0","12"
"者或","12","0","12"
"从权","11","1","12"
"下日","6","6","12"
"诚有","8","4","12"
"听断","9","3","12"
"以熙","10","2","12"
"能复","11","1","12"
"斩衰","5","7","12"
"尊之","9","3","12"
"如父","9","3","12"
"举以","10","2","12"
"其夫","10","2","12"
"昭公","5","7","12"
"临丧","4","8","12"
"五服","6","6","12"
"以即","7","5","12"
"及一","4","8","12"
"祸难","7","5","12"
"于龙","12","0","12"
"大匠","6","6","12"
"后学","7","5","12"
"盐公","6","6","12"
"则公","10","2","12"
"守旧","2","10","12"
"成三","1","11","12"
"衣领","9","3","12"
"领职","11","1","12"
"得服","10","2","12"
"便成","3","9","12"
"前例","2","10","12"
"亲服","3","9","12"
"士傅","6","6","12"
"已受","6","6","12"
"父名","8","4","12"
"则知","11","1","12"
"广为","3","9","12"
"终制","10","2","12"
"金玺","6","6","12"
"此诏","8","4","12"
"今未","11","1","12"
"虞愿","5","7","12"
"诚如","10","2","12"
"子诸","8","4","12"
"哀之","10","2","12"
"其太","10","2","12"
"既是","3","9","12"
"得同","7","5","12"
"之妻","5","7","12"
"士程","7","5","12"
"刘式","5","7","12"
"式之","5","7","12"
"季冬","1","11","12"
"策书","2","10","12"
"备也","9","3","12"
"天于","5","7","12"
"后自","6","6","12"
"伐纣","7","5","12"
"而郊","7","5","12"
"伏见","11","1","12"
"亲郊","11","1","12"
"郊礼","7","5","12"
"典也","11","1","12"
"帝居","7","5","12"
"修奉","8","4","12"
"月祭","2","10","12"
"时未","10","2","12"
"正应","2","10","12"
"告归","9","3","12"
"献捷","10","2","12"
"特牲","6","6","12"
"说三","3","9","12"
"然用","3","9","12"
"殷荐","12","0","12"
"此始","12","0","12"
"松江","5","7","12"
"郊迎","8","4","12"
"天度","10","2","12"
"清庙","7","5","12"
"于斯","12","0","12"
"应期","9","3","12"
"殿屋","4","8","12"
"于应","5","7","12"
"之父","5","7","12"
"报应","2","10","12"
"当废","4","8","12"
"吾何","12","0","12"
"来同","5","7","12"
"地险","8","4","12"
"扬名","1","11","12"
"而闻","5","7","12"
"于神","6","6","12"
"尊太","3","9","12"
"不毁","7","5","12"
"不列","6","6","12"
"得玉","11","1","12"
"之改","7","5","12"
"庙同","8","4","12"
"庙为","7","5","12"
"为古","6","6","12"
"诏省","9","3","12"
"以系","11","1","12"
"之序","11","1","12"
"尊位","7","5","12"
"当祭","3","9","12"
"当迁","7","5","12"
"同居","7","5","12"
"正太","7","5","12"
"理为","5","7","12"
"时高","3","9","12"
"所可","8","4","12"
"上祭","2","10","12"
"王忱","4","8","12"
"孔安","4","8","12"
"孟秋","6","6","12"
"国又","2","10","12"
"刘瑾","3","9","12"
"宗本","7","5","12"
"地社","4","8","12"
"又引","4","8","12"
"事毕","7","5","12"
"迎来","4","8","12"
"与今","9","3","12"
"后时","8","4","12"
"雄鸡","5","7","12"
"先下","5","7","12"
"不损","5","7","12"
"正典","8","4","12"
"母在","8","4","12"
"王法","5","7","12"
"王下","6","6","12"
"长兼","6","6","12"
"公子","5","7","12"
"祖姑","6","6","12"
"后加","7","5","12"
"为慈","3","9","12"
"出皇","2","10","12"
"关之","10","2","12"
"论王","6","6","12"
"论太","5","7","12"
"书召","8","4","12"
"乃立","12","0","12"
"大吏","6","6","12"
"可令","9","3","12"
"先去","3","9","12"
"稍加","4","8","12"
"升龙","4","8","12"
"龙旗","5","7","12"
"如金","9","3","12"
"皆坐","11","1","12"
"轼上","3","9","12"
"金鼓","8","4","12"
"地域","1","11","12"
"令狐","6","6","12"
"举手","6","6","12"
"疑是","5","7","12"
"散之","10","2","12"
"头之","9","3","12"
"今则","10","2","12"
"乾坤","4","8","12"
"衮衣","5","7","12"
"黑介","7","5","12"
"居高","7","5","12"
"胡乱","1","11","12"
"所好","6","6","12"
"金章","6","6","12"
"降朝","2","10","12"
"丈八","6","6","12"
"手板","3","9","12"
"请之","10","2","12"
"经以","5","7","12"
"加侍","9","3","12"
"听事","10","2","12"
"输送","2","10","12"
"王同","5","7","12"
"仆卿","6","6","12"
"子乘","2","10","12"
"乐事","5","7","12"
"数言","12","0","12"
"定公","5","7","12"
"年等","6","6","12"
"武舞","6","6","12"
"兴也","8","4","12"
"德教","5","7","12"
"青阳","6","6","12"
"并奏","6","6","12"
"四篇","5","7","12"
"十曰","6","6","12"
"不齐","4","8","12"
"并作","7","5","12"
"庾翼","5","7","12"
"乐工","3","9","12"
"肆夏","6","6","12"
"始设","1","11","12"
"扫地","8","4","12"
"知上","11","1","12"
"跳跃","4","8","12"
"丝绳","2","10","12"
"数丈","9","3","12"
"移风","5","7","12"
"平心","4","8","12"
"心正","4","8","12"
"乃作","12","0","12"
"民因","5","7","12"
"帝更","8","4","12"
"间为","6","6","12"
"事及","8","4","12"
"而晋","6","6","12"
"衣袖","1","11","12"
"起舞","1","11","12"
"思自","8","4","12"
"小者","11","1","12"
"击其","10","2","12"
"以鼓","7","5","12"
"舜时","3","9","12"
"考生","1","11","12"
"下长","3","9","12"
"人承","1","11","12"
"居无","11","1","12"
"至无","11","1","12"
"加刑","9","3","12"
"则地","12","0","12"
"神圣","2","10","12"
"立成","4","8","12"
"将复","12","0","12"
"来寇","10","2","12"
"计无","8","4","12"
"君所","7","5","12"
"偷安","3","9","12"
"还故","8","4","12"
"寿万","4","8","12"
"尧帝","1","11","12"
"在馆","5","7","12"
"见奇","10","2","12"
"花雪","5","7","12"
"言诗","5","7","12"
"所中","10","2","12"
"进酒","5","7","12"
"王将","5","7","12"
"曹公","7","5","12"
"飞扬","1","11","12"
"句六","6","6","12"
"不太","1","11","12"
"帝陵","3","9","12"
"才也","9","3","12"
"将如","6","6","12"
"逍遥","5","7","12"
"精妙","6","6","12"
"篇当","12","0","12"
"思立","6","6","12"
"蜀将","8","4","12"
"德与","6","6","12"
"均田","5","7","12"
"半在","5","7","12"
"去两","2","10","12"
"于角","6","6","12"
"十刻","6","6","12"
"此推","1","11","12"
"当去","8","4","12"
"十步","7","5","12"
"百川","7","5","12"
"有原","3","9","12"
"穿凿","5","7","12"
"虚文","8","4","12"
"为博","6","6","12"
"方圆","2","10","12"
"爵号","4","8","12"
"入三","7","5","12"
"长数","6","6","12"
"胡不","8","4","12"
"青白","6","6","12"
"犯角","6","6","12"
"谋泄","8","4","12"
"竟天","9","3","12"
"尤旗","5","7","12"
"多与","4","8","12"
"赵地","6","6","12"
"下从","2","10","12"
"贾谧","7","5","12"
"后杀","3","9","12"
"攻河","8","4","12"
"出走","5","7","12"
"其尸","11","1","12"
"郡以","10","2","12"
"将诛","12","0","12"
"时虽","7","5","12"
"在柳","4","8","12"
"通信","3","9","12"
"辄以","12","0","12"
"在赵","1","11","12"
"亦死","12","0","12"
"毕口","12","0","12"
"河津","11","1","12"
"蕃上","6","6","12"
"天船","6","6","12"
"奔溃","9","3","12"
"将姚","6","6","12"
"时河","6","6","12"
"窃据","6","6","12"
"并发","5","7","12"
"责而","3","9","12"
"西咸","6","6","12"
"杀内","7","5","12"
"将击","10","2","12"
"于野","9","3","12"
"江各","1","11","12"
"马国","6","6","12"
"杨承","5","7","12"
"文处","5","7","12"
"至蔡","11","1","12"
"能克","9","3","12"
"守杜","6","6","12"
"聚为","9","3","12"
"星有","1","11","12"
"兵聚","6","6","12"
"谢庄","6","6","12"
"之领","12","0","12"
"文穆","6","6","12"
"后仍","1","11","12"
"夜有","9","3","12"
"者失","6","6","12"
"之圣","11","1","12"
"河出","6","6","12"
"龙颜","7","5","12"
"麟在","3","9","12"
"而登","10","2","12"
"连珠","6","6","12"
"动则","5","7","12"
"有身","5","7","12"
"命已","8","4","12"
"甲而","6","6","12"
"而拜","8","4","12"
"帝追","4","8","12"
"先至","12","0","12"
"自起","6","6","12"
"为凤","5","7","12"
"真人","4","8","12"
"道旁","5","7","12"
"军万","10","2","12"
"而陈","7","5","12"
"于听","4","8","12"
"西入","8","4","12"
"复祖","7","5","12"
"国后","2","10","12"
"子明","8","4","12"
"为侯","5","7","12"
"下山","4","8","12"
"而白","5","7","12"
"有帝","3","9","12"
"一马","8","4","12"
"剡县","5","7","12"
"书十","7","5","12"
"时元","4","8","12"
"有酒","6","6","12"
"巩县","5","7","12"
"此金","9","3","12"
"戍军","6","6","12"
"命至","9","3","12"
"又白","10","2","12"
"五匹","3","9","12"
"李树","5","7","12"
"而诏","9","3","12"
"县井","8","4","12"
"亲往","11","1","12"
"宁之","8","4","12"
"道遇","10","2","12"
"道念","7","5","12"
"帝令","10","2","12"
"王成","4","8","12"
"陈袭","7","5","12"
"垣苗","4","8","12"
"后池","6","6","12"
"园池","7","5","12"
"酒泉","6","6","12"
"入后","1","11","12"
"国平","5","7","12"
"慈孝","7","5","12"
"长垣","6","6","12"
"生前","1","11","12"
"稽人","5","7","12"
"郫县","6","6","12"
"给天","2","10","12"
"知吉","7","5","12"
"汉和","4","8","12"
"行次","12","0","12"
"以释","8","4","12"
"雨而","3","9","12"
"以铜","11","1","12"
"时并","7","5","12"
"巨人","2","10","12"
"居三","10","2","12"
"阳也","8","4","12"
"人结","4","8","12"
"下始","10","2","12"
"散而","6","6","12"
"隶之","11","1","12"
"分发","1","11","12"
"祖尝","12","0","12"
"甚欢","8","4","12"
"右足","5","7","12"
"作声","3","9","12"
"从革","5","7","12"
"有犬","6","6","12"
"以败","11","1","12"
"邻人","4","8","12"
"其价","9","3","12"
"帝末","7","5","12"
"及淮","8","4","12"
"人授","7","5","12"
"乃先","11","1","12"
"木上","3","9","12"
"年即","4","8","12"
"朝称","3","9","12"
"是起","1","11","12"
"阿公","6","6","12"
"原大","4","8","12"
"等败","11","1","12"
"后如","7","5","12"
"是马","2","10","12"
"屋上","7","5","12"
"张茂","5","7","12"
"攻襄","5","7","12"
"郡上","3","9","12"
"弃法","5","7","12"
"灾之","6","6","12"
"婴城","11","1","12"
"此下","4","8","12"
"延及","5","7","12"
"征之","8","4","12"
"微之","6","6","12"
"有刺","5","7","12"
"门徒","2","10","12"
"黑白","5","7","12"
"可尽","5","7","12"
"西百","1","11","12"
"十大","5","7","12"
"年征","1","11","12"
"怨之","11","1","12"
"令南","7","5","12"
"军卒","7","5","12"
"人依","4","8","12"
"者千","11","1","12"
"汉景","5","7","12"
"月出","4","8","12"
"家祸","4","8","12"
"虏侵","3","9","12"
"军鼓","6","6","12"
"权归","8","4","12"
"野之","9","3","12"
"夏不","8","4","12"
"如刘","5","7","12"
"小而","8","4","12"
"牛生","6","6","12"
"宣公","6","6","12"
"国在","5","7","12"
"周南","4","8","12"
"中当","4","8","12"
"发水","4","8","12"
"姓也","3","9","12"
"黄氏","5","7","12"
"复王","5","7","12"
"顶上","1","11","12"
"像人","1","11","12"
"熙末","6","6","12"
"下作","3","9","12"
"无光","6","6","12"
"不算","1","11","12"
"寄治","12","0","12"
"移治","10","2","12"
"度属","8","4","12"
"陆同","12","0","12"
"下郡","6","6","12"
"人随","5","7","12"
"城及","7","5","12"
"湖陆","6","6","12"
"榆次","5","7","12"
"新立","7","5","12"
"郡同","5","7","12"
"居京","9","3","12"
"心服","5","7","12"
"容言","12","0","12"
"仕至","12","0","12"
"灵休","6","6","12"
"己上","4","8","12"
"密事","5","7","12"
"启太","11","1","12"
"迎太","6","6","12"
"将下","5","7","12"
"呜咽","6","6","12"
"上遣","11","1","12"
"之虑","11","1","12"
"能办","2","10","12"
"心已","3","9","12"
"情伪","12","0","12"
"然归","3","9","12"
"自领","6","6","12"
"权要","8","4","12"
"违诏","9","3","12"
"之统","5","7","12"
"取道","4","8","12"
"军孔","6","6","12"
"人合","6","6","12"
"所移","5","7","12"
"深察","8","4","12"
"是职","7","5","12"
"遣一","4","8","12"
"等死","9","3","12"
"略尽","10","2","12"
"敞为","3","9","12"
"子镇","4","8","12"
"郡相","6","6","12"
"因大","6","6","12"
"母兄","7","5","12"
"既死","12","0","12"
"又领","8","4","12"
"表陈","7","5","12"
"出继","3","9","12"
"未去","8","4","12"
"宗嗣","10","2","12"
"殉国","2","10","12"
"有嫌","6","6","12"
"厚赐","10","2","12"
"之劝","5","7","12"
"身被","8","4","12"
"怏怏","9","3","12"
"无及","12","0","12"
"乘小","7","5","12"
"往河","4","8","12"
"蒲坂","6","6","12"
"出戍","9","3","12"
"拘小","5","7","12"
"复随","7","5","12"
"坐论","11","1","12"
"号宁","3","9","12"
"即率","5","7","12"
"孙全","5","7","12"
"无才","4","8","12"
"武略","5","7","12"
"即州","1","11","12"
"其平","8","4","12"
"军今","6","6","12"
"非计","12","0","12"
"疑心","2","10","12"
"郡皆","12","0","12"
"贼至","12","0","12"
"义相","5","7","12"
"明知","6","6","12"
"正有","4","8","12"
"凡人","8","4","12"
"一倍","2","10","12"
"夜以","8","4","12"
"国侍","7","5","12"
"叫大","1","11","12"
"国威","7","5","12"
"性至","10","2","12"
"位相","3","9","12"
"公王","6","6","12"
"萧城","6","6","12"
"主自","8","4","12"
"应举","8","4","12"
"素所","9","3","12"
"伯曰","12","0","12"
"是常","1","11","12"
"走后","1","11","12"
"轻敌","5","7","12"
"焘自","9","3","12"
"孝孙","6","6","12"
"营救","4","8","12"
"时势","2","10","12"
"盛名","3","9","12"
"上宠","2","10","12"
"足疾","11","1","12"
"才堪","12","0","12"
"嗣君","7","5","12"
"过七","3","9","12"
"进德","8","4","12"
"楚昭","6","6","12"
"功兴","11","1","12"
"萧何","5","7","12"
"臧否","12","0","12"
"川内","5","7","12"
"者称","7","5","12"
"军郑","6","6","12"
"不写","1","11","12"
"以杖","3","9","12"
"行来","1","11","12"
"表辞","8","4","12"
"其计","11","1","12"
"士如","6","6","12"
"西不","5","7","12"
"尹嘉","2","10","12"
"者许","10","2","12"
"取信","8","4","12"
"不晚","2","10","12"
"代公","6","6","12"
"公等","7","5","12"
"性刚","9","3","12"
"能屈","9","3","12"
"而怀","4","8","12"
"然和","1","11","12"
"兵掩","7","5","12"
"之戍","9","3","12"
"将多","9","3","12"
"之赋","9","3","12"
"假节","7","5","12"
"再召","9","3","12"
"出就","9","3","12"
"之史","6","6","12"
"杂居","4","8","12"
"坐以","10","2","12"
"结婚","1","11","12"
"旧恩","7","5","12"
"吏因","4","8","12"
"得相","6","6","12"
"连及","5","7","12"
"过秦","2","10","12"
"变不","5","7","12"
"居不","5","7","12"
"僧绰","5","7","12"
"常与","5","7","12"
"劝上","11","1","12"
"上立","4","8","12"
"远郡","9","3","12"
"有参","1","11","12"
"敬慕","3","9","12"
"之病","7","5","12"
"幸有","5","7","12"
"纵容","1","11","12"
"给亲","2","10","12"
"从班","8","4","12"
"厚善","11","1","12"
"人北","6","6","12"
"减常","11","1","12"
"不返","7","5","12"
"未受","4","8","12"
"求前","2","10","12"
"田五","8","4","12"
"遣散","1","11","12"
"得升","4","8","12"
"怨仇","2","10","12"
"仇之","7","5","12"
"心离","3","9","12"
"母去","1","11","12"
"迫不","2","10","12"
"法如","7","5","12"
"边荣","1","11","12"
"鹊头","5","7","12"
"厚禄","4","8","12"
"名元","8","4","12"
"大坑","5","7","12"
"臣父","8","4","12"
"是求","3","9","12"
"两道","5","7","12"
"诵之","12","0","12"
"介意","6","6","12"
"刘泰","2","10","12"
"孙官","7","5","12"
"上深","8","4","12"
"迁之","10","2","12"
"口以","7","5","12"
"试以","9","3","12"
"上车","2","10","12"
"宝先","6","6","12"
"获贼","8","4","12"
"而暗","2","10","12"
"选一","1","11","12"
"将尽","6","6","12"
"为部","8","4","12"
"度日","2","10","12"
"不无","9","3","12"
"是益","9","3","12"
"郡将","7","5","12"
"论前","7","5","12"
"死前","1","11","12"
"陈庆","6","6","12"
"贩卖","1","11","12"
"钱八","6","6","12"
"等兵","10","2","12"
"城与","7","5","12"
"等领","8","4","12"
"数骑","8","4","12"
"经从","4","8","12"
"守为","4","8","12"
"从幸","12","0","12"
"兵械","7","5","12"
"被太","1","11","12"
"语不","8","4","12"
"甲以","10","2","12"
"劳将","5","7","12"
"能控","1","11","12"
"陈兵","6","6","12"
"阳一","3","9","12"
"外忧","7","5","12"
"道烈","6","6","12"
"兵防","5","7","12"
"相会","1","11","12"
"阳西","2","10","12"
"胜进","2","10","12"
"守北","4","8","12"
"法进","2","10","12"
"如云","4","8","12"
"永宗","6","6","12"
"十骑","9","3","12"
"都起","1","11","12"
"以干","8","4","12"
"性孝","7","5","12"
"以独","6","6","12"
"军同","3","9","12"
"州解","5","7","12"
"辐凑","11","1","12"
"渊等","5","7","12"
"诚可","8","4","12"
"吴逵","2","10","12"
"时病","7","5","12"
"兼通","8","4","12"
"忘食","4","8","12"
"斗米","3","9","12"
"欢迎","1","11","12"
"一张","3","9","12"
"时可","1","11","12"
"兄之","8","4","12"
"身处","2","10","12"
"田园","4","8","12"
"孤立","6","6","12"
"欲有","12","0","12"
"是孝","1","11","12"
"在云","3","9","12"
"阴山","6","6","12"
"盖欲","12","0","12"
"处所","3","9","12"
"龙等","5","7","12"
"城作","2","10","12"
"留兵","7","5","12"
"绢一","5","7","12"
"十道","6","6","12"
"往复","11","1","12"
"安为","7","5","12"
"国和","3","9","12"
"候不","3","9","12"
"换一","1","11","12"
"树洛","6","6","12"
"贪暴","6","6","12"
"取大","3","9","12"
"拜受","5","7","12"
"后皇","1","11","12"
"华门","6","6","12"
"军号","4","8","12"
"首都","1","11","12"
"逸待","5","7","12"
"能建","1","11","12"
"募勇","4","8","12"
"赐书","8","4","12"
"浚还","10","2","12"
"即加","3","9","12"
"缯帛","7","5","12"
"有独","1","11","12"
"字敬","6","6","12"
"亮又","3","9","12"
"累积","1","11","12"
"大集","10","2","12"
"诏录","8","4","12"
"城防","2","10","12"
"老而","6","6","12"
"下笔","6","6","12"
"浚出","5","7","12"
"所事","8","4","12"
"蹂践","11","1","12"
"不散","6","6","12"
"僧寺","7","5","12"
"橐驼","11","1","12"
"瓦桥","6","6","12"
"桥关","6","6","12"
"列校","7","5","12"
"郑王","5","7","12"
"与守","8","4","12"
"长平","6","6","12"
"以都","6","6","12"
"御衣","7","5","12"
"赃弃","12","0","12"
"幸相","11","1","12"
"令录","4","8","12"
"朝对","2","10","12"
"朕欲","12","0","12"
"减京","9","3","12"
"岳台","6","6","12"
"廪振","12","0","12"
"补殿","10","2","12"
"汪端","6","6","12"
"州沙","6","6","12"
"沟关","6","6","12"
"为感","2","10","12"
"孝明","5","7","12"
"乾州","6","6","12"
"幸北","12","0","12"
"燕子","2","10","12"
"山等","5","7","12"
"诏置","12","0","12"
"宪臣","7","5","12"
"园观","6","6","12"
"义等","4","8","12"
"溥为","5","7","12"
"龙院","6","6","12"
"化王","6","6","12"
"城砦","12","0","12"
"赃者","8","4","12"
"汾河","4","8","12"
"于富","7","5","12"
"田钦","6","6","12"
"安守","6","6","12"
"阳节","4","8","12"
"州保","5","7","12"
"司吏","6","6","12"
"帅兵","10","2","12"
"黥面","6","6","12"
"仍给","8","4","12"
"两林","6","6","12"
"徐铉","7","5","12"
"京宫","6","6","12"
"使耶","11","1","12"
"量移","11","1","12"
"等充","12","0","12"
"置而","7","5","12"
"蜀平","9","3","12"
"削平","6","6","12"
"儿戏","7","5","12"
"嗜学","9","3","12"
"东都","6","6","12"
"御乾","12","0","12"
"官出","5","7","12"
"贺即","11","1","12"
"梅山","5","7","12"
"贺乾","6","6","12"
"节等","5","7","12"
"按之","12","0","12"
"远处","1","11","12"
"曲阜","6","6","12"
"门砦","11","1","12"
"进大","7","5","12"
"使史","6","6","12"
"遂陷","12","0","12"
"建雄","6","6","12"
"三交","6","6","12"
"子侍","5","7","12"
"州妖","6","6","12"
"静戎","6","6","12"
"岐王","5","7","12"
"平戎","6","6","12"
"川诸","11","1","12"
"巫师","3","9","12"
"所贷","7","5","12"
"山隐","4","8","12"
"希夷","6","6","12"
"北道","6","6","12"
"校李","6","6","12"
"同军","5","7","12"
"承衍","6","6","12"
"鄜州","12","0","12"
"州禁","5","7","12"
"上举","2","10","12"
"命殿","7","5","12"
"特给","6","6","12"
"司中","5","7","12"
"西缘","10","2","12"
"收支","2","10","12"
"宫拜","3","9","12"
"者蠲","12","0","12"
"化五","5","7","12"
"蓬州","5","7","12"
"民钱","7","5","12"
"以襄","9","3","12"
"迁不","6","6","12"
"州左","6","6","12"
"使郑","6","6","12"
"破李","5","7","12"
"官诣","12","0","12"
"踵而","3","9","12"
"特异","3","9","12"
"就学","6","6","12"
"及门","11","1","12"
"放宫","8","4","12"
"递减","6","6","12"
"陵役","11","1","12"
"申饬","10","2","12"
"下听","4","8","12"
"给米","8","4","12"
"遗骸","8","4","12"
"定诸","8","4","12"
"班使","6","6","12"
"收瘗","12","0","12"
"峒蛮","9","3","12"
"杂御","6","6","12"
"张思","5","7","12"
"籍流","5","7","12"
"封州","6","6","12"
"份宫","6","6","12"
"宫祈","3","9","12"
"水州","10","2","12"
"阙政","12","0","12"
"特与","10","2","12"
"罢三","8","4","12"
"族帐","7","5","12"
"三表","11","1","12"
"以庆","9","3","12"
"给缗","11","1","12"
"蒲端","6","6","12"
"传信","5","7","12"
"攻西","5","7","12"
"县租","7","5","12"
"安集","10","2","12"
"定和","3","9","12"
"州死","7","5","12"
"州强","6","6","12"
"臣二","8","4","12"
"属不","4","8","12"
"恭孝","6","6","12"
"白居","6","6","12"
"居易","6","6","12"
"潘良","5","7","12"
"南官","7","5","12"
"偁宫","12","0","12"
"直有","3","9","12"
"修书","7","5","12"
"下再","3","9","12"
"下封","8","4","12"
"文宪","6","6","12"
"经明","7","5","12"
"明行","7","5","12"
"庙配","4","8","12"
"德大","7","5","12"
"为迎","6","6","12"
"源县","6","6","12"
"上玉","6","6","12"
"州无","7","5","12"
"天厩","6","6","12"
"官改","5","7","12"
"福国","6","6","12"
"大门","1","11","12"
"内副","6","6","12"
"诏陈","7","5","12"
"议皇","3","9","12"
"子务","6","6","12"
"给边","2","10","12"
"罢陕","8","4","12"
"减三","7","5","12"
"免河","3","9","12"
"宗真","6","6","12"
"朝宝","6","6","12"
"庄献","6","6","12"
"懿太","7","5","12"
"周王","4","8","12"
"仍诏","9","3","12"
"试举","5","7","12"
"取十","6","6","12"
"讥刺","1","11","12"
"保庆","6","6","12"
"阁侍","5","7","12"
"严边","8","4","12"
"以赦","6","6","12"
"及宫","8","4","12"
"边储","7","5","12"
"监学","6","6","12"
"元孙","6","6","12"
"西马","6","6","12"
"希求","2","10","12"
"求恩","4","8","12"
"年赋","1","11","12"
"洞蛮","6","6","12"
"知徽","7","5","12"
"复京","6","6","12"
"曩霄","11","1","12"
"使元","3","9","12"
"岁赐","10","2","12"
"城叛","5","7","12"
"章惠","6","6","12"
"官因","1","11","12"
"内寇","10","2","12"
"巨木","6","6","12"
"人夜","6","6","12"
"人收","2","10","12"
"命州","10","2","12"
"河兵","7","5","12"
"陈曙","5","7","12"
"战殁","11","1","12"
"贼盗","3","9","12"
"能招","5","7","12"
"司其","9","3","12"
"衍圣","6","6","12"
"为发","5","7","12"
"彭仕","5","7","12"
"食盐","3","9","12"
"吏人","2","10","12"
"人恩","7","5","12"
"制臣","6","6","12"
"浙水","7","5","12"
"昭陵","6","6","12"
"致于","5","7","12"
"诏同","7","5","12"
"疾未","12","0","12"
"疏谏","10","2","12"
"殿侍","6","6","12"
"杰等","6","6","12"
"魏征","4","8","12"
"贺同","6","6","12"
"乞弟","6","6","12"
"以纠","3","9","12"
"其统","9","3","12"
"人户","6","6","12"
"人举","6","6","12"
"忠愍","7","5","12"
"封楚","7","5","12"
"进讲","6","6","12"
"绛为","6","6","12"
"章写","1","11","12"
"图治","3","9","12"
"官高","3","9","12"
"检法","6","6","12"
"书命","5","7","12"
"朱光","5","7","12"
"胡宗","6","6","12"
"置解","6","6","12"
"失策","3","9","12"
"毋轻","12","0","12"
"董敦","4","8","12"
"文仁","6","6","12"
"早定","8","4","12"
"士黄","6","6","12"
"以遗","12","0","12"
"冗员","5","7","12"
"温益","6","6","12"
"恭州","6","6","12"
"瑶华","6","6","12"
"祐党","12","0","12"
"宁寺","6","6","12"
"洵武","10","2","12"
"化郡","6","6","12"
"审核","1","11","12"
"南守","5","7","12"
"昂为","6","6","12"
"贬蔡","4","8","12"
"李良","5","7","12"
"堂议","7","5","12"
"为温","3","9","12"
"十员","8","4","12"
"仔昔","5","7","12"
"马政","6","6","12"
"守自","3","9","12"
"较为","1","11","12"
"补上","3","9","12"
"分都","3","9","12"
"丰法","6","6","12"
"者赵","8","4","12"
"及御","8","4","12"
"贯等","5","7","12"
"命童","2","10","12"
"大恶","5","7","12"
"卢沟","6","6","12"
"平官","4","8","12"
"已废","4","8","12"
"而丧","4","8","12"
"院官","5","7","12"
"帅王","6","6","12"
"叛盟","5","7","12"
"府陈","5","7","12"
"企弓","6","6","12"
"之开","6","6","12"
"令提","3","9","12"
"合大","4","8","12"
"议改","9","3","12"
"之疾","7","5","12"
"纲罢","8","4","12"
"官集","4","8","12"
"兵尽","10","2","12"
"遣间","7","5","12"
"使两","5","7","12"
"成家","4","8","12"
"薰门","6","6","12"
"立赵","4","8","12"
"礼器","2","10","12"
"议使","7","5","12"
"炎元","5","7","12"
"泽等","6","6","12"
"伪命","7","5","12"
"尉少","6","6","12"
"告中","6","6","12"
"宗陵","4","8","12"
"诬谤","6","6","12"
"七将","7","5","12"
"张悫","9","3","12"
"臣吴","6","6","12"
"命湖","8","4","12"
"敢妄","6","6","12"
"幸者","9","3","12"
"将岳","3","9","12"
"纲不","8","4","12"
"将孙","6","6","12"
"据州","5","7","12"
"后族","11","1","12"
"马扩","6","6","12"
"卢法","6","6","12"
"置两","6","6","12"
"德州","5","7","12"
"守镇","6","6","12"
"驻江","5","7","12"
"据江","5","7","12"
"俊民","6","6","12"
"募土","9","3","12"
"以扼","8","4","12"
"军期","5","7","12"
"忠来","7","5","12"
"行仁","4","8","12"
"家自","8","4","12"
"命学","8","4","12"
"兵隶","8","4","12"
"崔纵","3","9","12"
"文节","6","6","12"
"子諲","12","0","12"
"陈邦","5","7","12"
"人斩","4","8","12"
"彭原","6","6","12"
"盗所","8","4","12"
"肆赦","10","2","12"
"召韩","4","8","12"
"金万","8","4","12"
"立刘","3","9","12"
"遥拜","6","6","12"
"知楚","11","1","12"
"李永","5","7","12"
"宣教","6","6","12"
"教郎","6","6","12"
"知泰","8","4","12"
"成在","3","9","12"
"李宏","5","7","12"
"士叶","6","6","12"
"王林","3","9","12"
"霍明","5","7","12"
"万顷","6","6","12"
"二相","8","4","12"
"州羁","7","5","12"
"金坛","6","6","12"
"权主","10","2","12"
"致尧","6","6","12"
"军朱","3","9","12"
"败伪","4","8","12"
"上津","6","6","12"
"平反","4","8","12"
"田多","6","6","12"
"知汝","9","3","12"
"援刘","7","5","12"
"远窜","12","0","12"
"大敌","7","5","12"
"正史","6","6","12"
"襄汉","6","6","12"
"军教","5","7","12"
"正丞","7","5","12"
"税三","4","8","12"
"镇淮","7","5","12"
"许在","3","9","12"
"持其","9","3","12"
"赡军","8","4","12"
"往招","6","6","12"
"宗死","2","10","12"
"张通","5","7","12"
"敦复","6","6","12"
"亻褭","12","0","12"
"复资","9","3","12"
"对籴","9","3","12"
"忠又","2","10","12"
"举廉","8","4","12"
"田晟","8","4","12"
"奇功","4","8","12"
"万攻","8","4","12"
"驻于","2","10","12"
"议成","8","4","12"
"翁为","4","8","12"
"懿节","8","4","12"
"程克","6","6","12"
"授秘","12","0","12"
"军市","6","6","12"
"求遗","5","7","12"
"蠲四","12","0","12"
"帛钱","5","7","12"
"竺寺","6","6","12"
"私史","6","6","12"
"大一","1","11","12"
"刘长","2","10","12"
"田所","7","5","12"
"游奕","6","6","12"
"师逊","6","6","12"
"长卿","6","6","12"
"令衿","8","4","12"
"郑侨","6","6","12"
"书读","6","6","12"
"望早","2","10","12"
"取息","6","6","12"
"密为","11","1","12"
"募商","5","7","12"
"退避","2","10","12"
"既又","12","0","12"
"翼郎","6","6","12"
"兼陕","9","3","12"
"免税","3","9","12"
"事十","2","10","12"
"杰之","6","6","12"
"左副","6","6","12"
"烈志","6","6","12"
"辛次","5","7","12"
"葵兼","5","7","12"
"不请","6","6","12"
"荣国","6","6","12"
"耕佃","7","5","12"
"徒单","6","6","12"
"同奏","10","2","12"
"雄请","5","7","12"
"置南","3","9","12"
"分隶","11","1","12"
"沈夏","6","6","12"
"判明","5","7","12"
"秉义","6","6","12"
"谢廓","6","6","12"
"理囚","4","8","12"
"言利","10","2","12"
"换官","2","10","12"
"释褐","10","2","12"
"省记","6","6","12"
"史志","5","7","12"
"诊视","8","4","12"
"然同","3","9","12"
"界会","5","7","12"
"高等","5","7","12"
"帅各","8","4","12"
"盐价","1","11","12"
"实未","12","0","12"
"府囚","5","7","12"
"于重","7","5","12"
"即令","7","5","12"
"官大","6","6","12"
"许及","6","6","12"
"赏酒","6","6","12"
"秩满","12","0","12"
"吴端","6","6","12"
"胡晋","6","6","12"
"晋臣","6","6","12"
"令追","3","9","12"
"子百","6","6","12"
"下请","2","10","12"
"路杖","6","6","12"
"请用","7","5","12"
"雨州","6","6","12"
"强等","6","6","12"
"军帐","2","10","12"
"人朱","5","7","12"
"知处","9","3","12"
"靖惠","6","6","12"
"江副","6","6","12"
"震仲","6","6","12"
"绍节","6","6","12"
"当首","3","9","12"
"细民","12","0","12"
"复建","5","7","12"
"褒忠","7","5","12"
"贵和","5","7","12"
"川地","5","7","12"
"昌祖","6","6","12"
"武休","6","6","12"
"程信","5","7","12"
"举南","5","7","12"
"奏札","3","9","12"
"袁韶","5","7","12"
"乡民","6","6","12"
"珙为","6","6","12"
"能合","8","4","12"
"俟命","12","0","12"
"招信","6","6","12"
"齐家","7","5","12"
"无耻","7","5","12"
"举西","6","6","12"
"梦昱","6","6","12"
"而各","3","9","12"
"杨义","5","7","12"
"虑者","11","1","12"
"于尾","3","9","12"
"战具","6","6","12"
"故实","11","1","12"
"兵财","7","5","12"
"机政","11","1","12"
"文惠","6","6","12"
"杨大","5","7","12"
"郡刺","6","6","12"
"用所","4","8","12"
"州州","3","9","12"
"下班","6","6","12"
"幼子","6","6","12"
"孟启","6","6","12"
"寝宫","2","10","12"
"士用","4","8","12"
"汉江","1","11","12"
"泰来","5","7","12"
"牟子","5","7","12"
"才与","4","8","12"
"忠王","6","6","12"
"实法","4","8","12"
"如赵","6","6","12"
"老鼠","1","11","12"
"林存","6","6","12"
"士判","8","4","12"
"叵测","10","2","12"
"山军","7","5","12"
"新繁","6","6","12"
"翟国","6","6","12"
"赵溍","12","0","12"
"先命","5","7","12"
"知德","9","3","12"
"褒之","12","0","12"
"与可","6","6","12"
"祥为","8","4","12"
"功人","2","10","12"
"下立","4","8","12"
"长兴","6","6","12"
"庆知","2","10","12"
"有欲","9","3","12"
"得报","10","2","12"
"乃已","12","0","12"
"巨舰","7","5","12"
"也已","2","10","12"
"然其","10","2","12"
"曰三","12","0","12"
"兵曹","6","6","12"
"辰刻","5","7","12"
"道又","2","10","12"
"别加","2","10","12"
"圆规","3","9","12"
"从一","2","10","12"
"求壶","6","6","12"
"则安","8","4","12"
"有冤","3","9","12"
"其宿","12","0","12"
"近一","2","10","12"
"中是","4","8","12"
"兵用","2","10","12"
"中阶","6","6","12"
"台属","6","6","12"
"微星","2","10","12"
"所占","4","8","12"
"谋国","8","4","12"
"诸星","12","0","12"
"宿西","2","10","12"
"廷也","1","11","12"
"与火","1","11","12"
"丝帛","2","10","12"
"道五","4","8","12"
"大灾","3","9","12"
"西一","6","6","12"
"匏瓜","6","6","12"
"在土","3","9","12"
"外屏","6","6","12"
"土司","6","6","12"
"日内","8","4","12"
"三柱","6","6","12"
"河而","6","6","12"
"觜宿","2","10","12"
"士职","2","10","12"
"散为","4","8","12"
"后徙","11","1","12"
"臣方","9","3","12"
"阎文","4","8","12"
"命坐","11","1","12"
"不怿","12","0","12"
"轼以","8","4","12"
"设施","5","7","12"
"先务","4","8","12"
"当御","5","7","12"
"福庆","1","11","12"
"构成","1","11","12"
"京再","4","8","12"
"京与","7","5","12"
"卫太","4","8","12"
"梁氏","5","7","12"
"宠遇","2","10","12"
"如唐","10","2","12"
"尊礼","8","4","12"
"御屏","8","4","12"
"天寒","4","8","12"
"与曹","5","7","12"
"先告","1","11","12"
"益加","10","2","12"
"尚何","12","0","12"
"未晚","12","0","12"
"下制","6","6","12"
"又采","3","9","12"
"援军","1","11","12"
"一鼓","6","6","12"
"守贞","5","7","12"
"邑令","8","4","12"
"及卒","12","0","12"
"捷左","6","6","12"
"延泽","6","6","12"
"泽曰","12","0","12"
"凯旋","3","9","12"
"而泣","7","5","12"
"臣已","6","6","12"
"富庶","6","6","12"
"于任","2","10","12"
"禄位","3","9","12"
"先一","7","5","12"
"刚毅","4","8","12"
"大器","5","7","12"
"敢隐","6","6","12"
"不挠","10","2","12"
"胆略","5","7","12"
"即入","8","4","12"
"谍知","12","0","12"
"为攻","3","9","12"
"谷中","2","10","12"
"中指","4","8","12"
"以宠","10","2","12"
"乐声","1","11","12"
"须在","6","6","12"
"延广","6","6","12"
"息而","6","6","12"
"士和","1","11","12"
"惟扬","8","4","12"
"忠实","5","7","12"
"熙导","6","6","12"
"得实","7","5","12"
"阅览","1","11","12"
"我无","5","7","12"
"勤政","3","9","12"
"人亲","3","9","12"
"足用","10","2","12"
"子大","7","5","12"
"不数","11","1","12"
"气量","1","11","12"
"任颍","1","11","12"
"中贵","9","3","12"
"互为","6","6","12"
"要处","1","11","12"
"常忧","2","10","12"
"两处","1","11","12"
"驳司","6","6","12"
"有曰","9","3","12"
"易制","8","4","12"
"待劳","5","7","12"
"是每","3","9","12"
"立堡","4","8","12"
"问不","5","7","12"
"任懿","2","10","12"
"问民","3","9","12"
"如古","6","6","12"
"试秘","8","4","12"
"军阵","1","11","12"
"同而","3","9","12"
"邻郡","4","8","12"
"中议","3","9","12"
"人畏","4","8","12"
"命直","6","6","12"
"沆曰","12","0","12"
"图取","1","11","12"
"庸人","5","7","12"
"重为","8","4","12"
"对陛","1","11","12"
"憾之","12","0","12"
"师德","6","6","12"
"讥议","4","8","12"
"唯唯","9","3","12"
"得中","9","3","12"
"祁睿","5","7","12"
"判礼","6","6","12"
"廷调","2","10","12"
"事进","4","8","12"
"判司","6","6","12"
"德妙","6","6","12"
"度地","5","7","12"
"以变","6","6","12"
"可归","5","7","12"
"牧判","6","6","12"
"东明","6","6","12"
"廷都","1","11","12"
"昊叛","3","9","12"
"有显","1","11","12"
"先正","8","4","12"
"逵曰","12","0","12"
"正相","1","11","12"
"过地","1","11","12"
"可忽","8","4","12"
"守贾","3","9","12"
"任黄","1","11","12"
"是学","2","10","12"
"和建","1","11","12"
"开拆","6","6","12"
"持平","3","9","12"
"判登","6","6","12"
"越境","7","5","12"
"俊杰","4","8","12"
"傅霖","3","9","12"
"何言","12","0","12"
"学多","2","10","12"
"馆中","7","5","12"
"亮有","4","8","12"
"士心","9","3","12"
"去而","4","8","12"
"用土","2","10","12"
"选贤","6","6","12"
"时使","5","7","12"
"谷间","7","5","12"
"里胥","6","6","12"
"京曰","12","0","12"
"鼎奏","12","0","12"
"所畏","5","7","12"
"宗深","4","8","12"
"集诸","7","5","12"
"字文","6","6","12"
"接一","1","11","12"
"晚节","8","4","12"
"助其","6","6","12"
"下江","7","5","12"
"百倍","5","7","12"
"当留","8","4","12"
"与通","9","3","12"
"荐引","6","6","12"
"良翰","6","6","12"
"求生","4","8","12"
"富强","5","7","12"
"是属","3","9","12"
"工于","4","8","12"
"取二","6","6","12"
"是执","1","11","12"
"指示","2","10","12"
"少从","11","1","12"
"图恢","7","5","12"
"祸起","4","8","12"
"罚是","1","11","12"
"下任","3","9","12"
"补益","3","9","12"
"侍张","6","6","12"
"当夜","1","11","12"
"常喜","1","11","12"
"在圣","3","9","12"
"能处","2","10","12"
"亲札","11","1","12"
"下全","2","10","12"
"边不","3","9","12"
"择一","5","7","12"
"黄度","5","7","12"
"免有","3","9","12"
"摄行","1","11","12"
"礼曰","12","0","12"
"卫南","4","8","12"
"书乞","9","3","12"
"能解","1","11","12"
"爱君","6","6","12"
"仁与","6","6","12"
"谭汝","1","11","12"
"夫有","3","9","12"
"与郑","3","9","12"
"义自","7","5","12"
"胄意","12","0","12"
"务不","3","9","12"
"饷不","6","6","12"
"力说","1","11","12"
"朝兴","1","11","12"
"豪爽","3","9","12"
"水势","3","9","12"
"使去","7","5","12"
"管玉","6","6","12"
"玉局","6","6","12"
"局观","6","6","12"
"曦叛","5","7","12"
"臣就","2","10","12"
"激昂","3","9","12"
"粮船","3","9","12"
"罗织","4","8","12"
"耿京","1","11","12"
"送葬","1","11","12"
"吴门","6","6","12"
"道八","4","8","12"
"集散","2","10","12"
"实上","2","10","12"
"法无","5","7","12"
"劾李","2","10","12"
"集忠","5","7","12"
"源于","2","10","12"
"财计","6","6","12"
"发一","4","8","12"
"廷意","4","8","12"
"用和","1","11","12"
"的骨","1","11","12"
"震撼","1","11","12"
"示臣","1","11","12"
"诗说","1","11","12"
"宽宥","1","11","12"
"可因","6","6","12"
"画有","1","11","12"
"酿成","1","11","12"
"中宴","1","11","12"
"地盘","1","11","12"
"达城","1","11","12"
"回天","4","8","12"
"年收","2","10","12"
"两部","1","11","12"
"刘仪","3","9","12"
"登山","6","6","12"
"柴潭","4","8","12"
"士说","2","10","12"
"旧主","4","8","12"
"合众","2","10","12"
"廷虽","6","6","12"
"骑入","10","2","12"
"月累","3","9","12"
"人背","1","11","12"
"得宠","1","11","12"
"抵城","8","4","12"
"我相","1","11","12"
"稀疏","2","10","12"
"临之","10","2","12"
"也得","1","11","12"
"开发","1","11","12"
"物成","3","9","12"
"浅陋","3","9","12"
"妄之","4","8","12"
"帝而","1","11","12"
"心志","3","9","12"
"法上","1","11","12"
"以误","9","3","12"
"上讲","1","11","12"
"先从","1","11","12"
"帝回","1","11","12"
"大仇","3","9","12"
"宗已","5","7","12"
"佥书","6","6","12"
"他如","2","10","12"
"适应","1","11","12"
"实效","4","8","12"
"口数","2","10","12"
"心安","1","11","12"
"臣视","1","11","12"
"善行","3","9","12"
"也如","2","10","12"
"精深","1","11","12"
"彦不","6","6","12"
"宗弼","5","7","12"
"存赵","6","6","12"
"赐号","7","5","12"
"居山","2","10","12"
"作歌","2","10","12"
"与桧","12","0","12"
"伏羲","3","9","12"
"吕氏","4","8","12"
"官要","1","11","12"
"除淮","1","11","12"
"称颂","2","10","12"
"成逃","1","11","12"
"豫兵","8","4","12"
"帝来","1","11","12"
"全归","5","7","12"
"密告","3","9","12"
"苟梦","3","9","12"
"山堂","6","6","12"
"激他","1","11","12"
"令全","1","11","12"
"廷知","4","8","12"
"绍云","6","6","12"
"宣差","6","6","12"
"夺回","1","11","12"
"敌手","3","9","12"
"杀头","1","11","12"
"民到","1","11","12"
"开创","1","11","12"
"示同","2","10","12"
"六漯","6","6","12"
"他过","1","11","12"
"丞邓","6","6","12"
"舜民","6","6","12"
"院中","1","11","12"
"吕嘉","5","7","12"
"披甲","1","11","12"
"用书","1","11","12"
"刚浪","6","6","12"
"是盗","2","10","12"
"来官","1","11","12"
"持丧","1","11","12"
"经臣","6","6","12"
"地授","1","11","12"
"混淆","2","10","12"
"下部","1","11","12"
"直达","2","10","12"
"断敌","2","10","12"
"中勾","1","11","12"
"中接","1","11","12"
"命镇","1","11","12"
"浚从","1","11","12"
"待聘","6","6","12"
"预言","1","11","12"
"逢金","1","11","12"
"本地","1","11","12"
"桧主","7","5","12"
"黄佐","3","9","12"
"募百","1","11","12"
"没立","3","9","12"
"地去","1","11","12"
"长矛","1","11","12"
"胡盏","5","7","12"
"高望","1","11","12"
"需求","1","11","12"
"己在","1","11","12"
"问李","1","11","12"
"空有","1","11","12"
"是假","1","11","12"
"他负","1","11","12"
"疏议","1","11","12"
"令到","1","11","12"
"且亲","1","11","12"
"元震","5","7","12"
"进上","1","11","12"
"桧因","1","11","12"
"讽刺","1","11","12"
"是守","1","11","12"
"想做","0","12","12"
"做什","0","12","12"
"祖回","0","12","12"
"仓促","0","12","12"
"暗暗","0","12","12"
"好话","0","12","12"
"当让","0","12","12"
"偏僻","0","12","12"
"没出","0","12","12"
"到秋","0","12","12"
"的欲","0","12","12"
"像你","0","12","12"
"的劳","0","12","12"
"快就","0","12","12"
"些有","0","12","12"
"尽管","0","12","12"
"也难","0","12","12"
"也大","0","12","12"
"衡的","0","12","12"
"华的","0","12","12"
"在清","0","12","12"
"劳累","0","12","12"
"妙的","0","12","12"
"报给","0","12","12"
"远了","0","12","12"
"曾参","0","12","12"
"抒发","0","12","12"
"员又","0","12","12"
"便没","0","12","12"
"在举","0","12","12"
"鳃麻","0","12","12"
"属都","0","12","12"
"的郊","0","12","12"
"推论","0","12","12"
"完美","0","12","12"
"谧号","0","12","12"
"么对","0","12","12"
"是实","0","12","12"
"庙裹","0","12","12"
"这真","0","12","12"
"酒宴","0","12","12"
"怕是","0","12","12"
"的雄","0","12","12"
"电闪","0","12","12"
"来接","0","12","12"
"色花","0","12","12"
"六是","0","12","12"
"么说","0","12","12"
"姓和","0","12","12"
"淳朴","0","12","12"
"它带","0","12","12"
"的属","0","12","12"
"人赶","0","12","12"
"复活","0","12","12"
"和小","0","12","12"
"的诉","0","12","12"
"种方","0","12","12"
"露了","0","12","12"
"这道","0","12","12"
"委婉","0","12","12"
"的客","0","12","12"
"空闲","0","12","12"
"我便","0","12","12"
"恨的","0","12","12"
"人遭","0","12","12"
"怪他","0","12","12"
"再向","0","12","12"
"西进","0","12","12"
"影子","0","12","12"
"曾被","0","12","12"
"时对","0","12","12"
"削减","0","12","12"
"消耗","0","12","12"
"么还","0","12","12"
"他服","0","12","12"
"在虽","0","12","12"
"集的","0","12","12"
"然又","0","12","12"
"用到","0","12","12"
"诸位","0","12","12"
"光了","0","12","12"
"说起","0","12","12"
"宽松","0","12","12"
"中记","0","12","12"
"灭的","0","12","12"
"用担","0","12","12"
"要派","0","12","12"
"细考","0","12","12"
"相隔","0","12","12"
"守时","0","12","12"
"位和","0","12","12"
"么话","0","12","12"
"特的","0","12","12"
"能了","0","12","12"
"种意","0","12","12"
"却很","0","12","12"
"余部","0","12","12"
"这只","0","12","12"
"要一","0","12","12"
"否定","0","12","12"
"据他","0","12","12"
"的痛","0","12","12"
"真假","0","12","12"
"的坏","0","12","12"
"的饮","0","12","12"
"果想","0","12","12"
"有错","0","12","12"
"想保","0","12","12"
"去进","0","12","12"
"沉溺","0","12","12"
"予的","0","12","12"
"他哥","0","12","12"
"开玩","0","12","12"
"玩笑","0","12","12"
"盔甲","0","12","12"
"一群","0","12","12"
"凶狠","0","12","12"
"然能","0","12","12"
"评定","0","12","12"
"很强","0","12","12"
"响声","0","12","12"
"胆小","0","12","12"
"拿下","0","12","12"
"信了","0","12","12"
"在头","0","12","12"
"力气","0","12","12"
"金子","0","12","12"
"严的","0","12","12"
"要放","0","12","12"
"宁的","0","12","12"
"的便","0","12","12"
"到陛","0","12","12"
"么功","0","12","12"
"骚乱","0","12","12"
"宫里","0","12","12"
"效劳","0","12","12"
"人赞","0","12","12"
"丝一","0","12","12"
"然要","0","12","12"
"开脱","0","12","12"
"种风","0","12","12"
"骗他","0","12","12"
"的疑","0","12","12"
"的凶","0","12","12"
"久便","0","12","12"
"月到","0","12","12"
"一份","0","12","12"
"的奴","0","12","12"
"昏君","0","12","12"
"抗争","0","12","12"
"的纲","0","12","12"
"乱了","0","12","12"
"把一","0","12","12"
"被当","0","12","12"
"还想","0","12","12"
"去这","0","12","12"
"简陋","0","12","12"
"在说","0","12","12"
"以把","0","12","12"
"们当","0","12","12"
"臣要","0","12","12"
"要动","0","12","12"
"到恩","0","12","12"
"干早","0","12","12"
"蒋莆","0","12","12"
"宗高","0","12","12"
"行占","0","12","12"
"死讯","0","12","12"
"用处","0","12","12"
"么是","0","12","12"
"旦的","0","12","12"
"的曲","0","12","12"
"三条","0","12","12"
"议都","0","12","12"
"回原","0","12","12"
"给宋","0","12","12"
"要加","0","12","12"
"上很","0","12","12"
"卖给","0","12","12"
"民没","0","12","12"
"足了","0","12","12"
"登说","0","12","12"
"就这","0","12","12"
"慕他","0","12","12"
"王向","0","12","12"
"偏远","0","12","12"
"些官","0","12","12"
"没来","0","12","12"
"换了","0","12","12"
"算不","0","12","12"
"己弹","0","12","12"
"后感","0","12","12"
"要服","0","12","12"
"这封","0","12","12"
"就按","0","12","12"
"淡泊","0","12","12"
"辈的","0","12","12"
"干净","0","12","12"
"这怎","0","12","12"
"久去","0","12","12"
"相勾","0","12","12"
"持他","0","12","12"
"从城","0","12","12"
"命宁","0","12","12"
"钢印","0","12","12"
"朱龄","0","12","12"
"乙末","0","12","12"
"该地","0","12","12"
"颖昌","0","12","12"
"赵构","0","12","12"
"打通","0","12","12"
"进进","0","12","12"
"十颗","0","12","12"
"是唐","0","12","12"
"任忠","0","12","12"
"他调","0","12","12"
"掌领","0","12","12"
"壮大","0","12","12"
"设下","0","12","12"
"各处","0","12","12"
"起战","0","12","12"
"但玄","0","12","12"
"奉君","0","12","12"
"必会","0","12","12"
"却一","0","12","12"
"安年","0","12","12"
"间就","0","12","12"
"看相","0","12","12"
"壶的","0","12","12"
"车都","0","12","12"
"．又","0","12","12"
"公说","0","12","12"
"已离","0","12","12"
"在集","0","12","12"
"城和","0","12","12"
"强劲","0","12","12"
"所率","0","12","12"
"他必","0","12","12"
"领轻","0","12","12"
"去迎","0","12","12"
"位显","0","12","12"
"参拜","0","12","12"
"乡间","0","12","12"
"韶令","0","12","12"
"都随","0","12","12"
"品级","0","12","12"
"汇集","0","12","12"
"定叛","0","12","12"
"都任","0","12","12"
"导的","0","12","12"
"测的","0","12","12"
"帝接","0","12","12"
"退后","0","12","12"
"临南","0","12","12"
"了叛","0","12","12"
"从荆","0","12","12"
"任徐","0","12","12"
"遣的","0","12","12"
"予奖","0","12","12"
"派太","0","12","12"
"中就","0","12","12"
"城郊","0","12","12"
"年开","0","12","12"
"少一","0","12","12"
"任青","0","12","12"
"就放","0","12","12"
"邑的","0","12","12"
"被委","0","12","12"
"戴着","0","12","12"
"任宁","0","12","12"
"想进","0","12","12"
"部释","0","12","12"
"称做","0","12","12"
"费开","0","12","12"
"府供","0","12","12"
"派来","0","12","12"
"里没","0","12","12"
"像平","0","12","12"
"情已","0","12","12"
"从魏","0","12","12"
"瑞兆","0","12","12"
"始年","0","12","12"
"是黄","0","12","12"
"重量","0","12","12"
"预测","0","12","12"
"祭献","0","12","12"
"种办","0","12","12"
"就称","0","12","12"
"征与","0","12","12"
"时因","0","12","12"
"也将","0","12","12"
"与实","0","12","12"
"来代","0","12","12"
"点不","0","12","12"
"秋祭","0","12","12"
"变这","0","12","12"
"零四","0","12","12"
"至的","0","12","12"
"望时","0","12","12"
"有停","0","12","12"
"岁就","0","12","12"
"假的","0","12","12"
"是赤","0","12","12"
"理得","0","12","12"
"门官","0","12","12"
"记．","0","12","12"
"冠的","0","12","12"
"事完","0","12","12"
"读了","0","12","12"
"要做","0","12","12"
"给子","0","12","12"
"许久","0","12","12"
"面说","0","12","12"
"到命","0","12","12"
"夫都","0","12","12"
"的显","0","12","12"
"许的","0","12","12"
"束平","0","12","12"
"让她","0","12","12"
"写好","0","12","12"
"庭院","0","12","12"
"于束","0","12","12"
"的背","0","12","12"
"助长","0","12","12"
"到深","0","12","12"
"书没","0","12","12"
"便派","0","12","12"
"号的","0","12","12"
"灵的","0","12","12"
"和将","0","12","12"
"顺服","0","12","12"
"品祭","0","12","12"
"到危","0","12","12"
"回时","0","12","12"
"说从","0","12","12"
"和北","0","12","12"
"的没","0","12","12"
"威势","0","12","12"
"地给","0","12","12"
"他生","0","12","12"
"求按","0","12","12"
"伯的","0","12","12"
"此的","0","12","12"
"选的","0","12","12"
"的羽","0","12","12"
"云彩","0","12","12"
"求给","0","12","12"
"估量","0","12","12"
"的祠","0","12","12"
"殿的","0","12","12"
"里是","0","12","12"
"给南","0","12","12"
"猪三","0","12","12"
"派司","0","12","12"
"愚见","0","12","12"
"按季","0","12","12"
"扶着","0","12","12"
"正规","0","12","12"
"求雨","0","12","12"
"毁了","0","12","12"
"和安","0","12","12"
"形象","0","12","12"
"是楚","0","12","12"
"到士","0","12","12"
"都成","0","12","12"
"的僚","0","12","12"
"是称","0","12","12"
"是再","0","12","12"
"了没","0","12","12"
"表演","0","12","12"
"严惩","0","12","12"
"定先","0","12","12"
"进食","0","12","12"
"三名","0","12","12"
"位名","0","12","12"
"站起","0","12","12"
"能打","0","12","12"
"称这","0","12","12"
"海边","0","12","12"
"堵住","0","12","12"
"危的","0","12","12"
"用战","0","12","12"
"篇相","0","12","12"
"游乐","0","12","12"
"干涸","0","12","12"
"怒的","0","12","12"
"家灭","0","12","12"
"劫持","0","12","12"
"队作","0","12","12"
"月去","0","12","12"
"泣的","0","12","12"
"扎营","0","12","12"
"但被","0","12","12"
"九次","0","12","12"
"要兴","0","12","12"
"略说","0","12","12"
"讲述","0","12","12"
"他讲","0","12","12"
"种现","0","12","12"
"始任","0","12","12"
"在光","0","12","12"
"的井","0","12","12"
"到常","0","12","12"
"的包","0","12","12"
"寺庙","0","12","12"
"的吏","0","12","12"
"了河","0","12","12"
"像没","0","12","12"
"就指","0","12","12"
"戒说","0","12","12"
"匆忙","0","12","12"
"个老","0","12","12"
"分恐","0","12","12"
"息了","0","12","12"
"心才","0","12","12"
"月开","0","12","12"
"情加","0","12","12"
"被拜","0","12","12"
"停息","0","12","12"
"姓财","0","12","12"
"继被","0","12","12"
"活了","0","12","12"
"当晚","0","12","12"
"派去","0","12","12"
"他乘","0","12","12"
"不恰","0","12","12"
"兵包","0","12","12"
"很深","0","12","12"
"的像","0","12","12"
"到寿","0","12","12"
"辖境","0","12","12"
"是会","0","12","12"
"厕所","0","12","12"
"报到","0","12","12"
"任就","0","12","12"
"系很","0","12","12"
"罢休","0","12","12"
"很早","0","12","12"
"加愤","0","12","12"
"松懈","0","12","12"
"假传","0","12","12"
"笑说","0","12","12"
"用你","0","12","12"
"久加","0","12","12"
"书认","0","12","12"
"信劝","0","12","12"
"退路","0","12","12"
"他率","0","12","12"
"当侍","0","12","12"
"亲和","0","12","12"
"个建","0","12","12"
"会写","0","12","12"
"重了","0","12","12"
"给蔡","0","12","12"
"孝服","0","12","12"
"镇的","0","12","12"
"拉着","0","12","12"
"兵员","0","12","12"
"慰他","0","12","12"
"讨好","0","12","12"
"职后","0","12","12"
"识他","0","12","12"
"在想","0","12","12"
"稳重","0","12","12"
"朝应","0","12","12"
"谁来","0","12","12"
"任王","0","12","12"
"对身","0","12","12"
"气度","0","12","12"
"悯他","0","12","12"
"挑拨","0","12","12"
"只怕","0","12","12"
"散布","0","12","12"
"里来","0","12","12"
"渐地","0","12","12"
"从哪","0","12","12"
"紧迫","0","12","12"
"傅的","0","12","12"
"掠取","0","12","12"
"族和","0","12","12"
"的援","0","12","12"
"只派","0","12","12"
"劝刘","0","12","12"
"位当","0","12","12"
"木头","0","12","12"
"练的","0","12","12"
"阻拦","0","12","12"
"各镇","0","12","12"
"怕人","0","12","12"
"都杀","0","12","12"
"顗的","0","12","12"
"一消","0","12","12"
"邻居","0","12","12"
"后援","0","12","12"
"的嫌","0","12","12"
"的谥","0","12","12"
"和杨","0","12","12"
"求与","0","12","12"
"次失","0","12","12"
"则的","0","12","12"
"围了","0","12","12"
"免的","0","12","12"
"屯在","0","12","12"
"干扰","0","12","12"
"除非","0","12","12"
"生早","0","12","12"
"草料","0","12","12"
"任这","0","12","12"
"在李","0","12","12"
"贪官","0","12","12"
"促各","0","12","12"
"辽军","0","12","12"
"到枢","0","12","12"
"由官","0","12","12"
"保职","0","12","12"
"各级","0","12","12"
"溪酮","0","12","12"
"以贩","0","12","12"
"视赵","0","12","12"
"廷讨","0","12","12"
"警卖","0","12","12"
"诏把","0","12","12"
"要交","0","12","12"
"国颁","0","12","12"
"司报","0","12","12"
"到福","0","12","12"
"赵颖","0","12","12"
"新近","0","12","12"
"令恢","0","12","12"
"况赦","0","12","12"
"军派","0","12","12"
"获他","0","12","12"
"述朝","0","12","12"
"到事","0","12","12"
"宗巡","0","12","12"
"防务","0","12","12"
"昌辨","0","12","12"
"拔任","0","12","12"
"给杨","0","12","12"
"给岳","0","12","12"
"分条","0","12","12"
"万侯","0","12","12"
"到采","0","12","12"
"纳税","0","12","12"
"向李","0","12","12"
"想说","0","12","12"
"逐他","0","12","12"
"曦的","0","12","12"
"回合","0","12","12"
"王抓","0","12","12"
"样为","0","12","12"
"来占","0","12","12"
"阴面","0","12","12"
"么年","0","12","12"
"林的","0","12","12"
"经因","0","12","12"
"师后","0","12","12"
"佐的","0","12","12"
"算让","0","12","12"
"读到","0","12","12"
"持贡","0","12","12"
"倾轧","0","12","12"
"任校","0","12","12"
"钱亻","0","12","12"
"任潭","0","12","12"
"曾向","0","12","12"
"加紧","0","12","12"
"叫李","0","12","12"
"他俩","0","12","12"
"口罗","0","12","12"
"入仕","0","12","12"
"任了","0","12","12"
"买进","0","12","12"
"地论","0","12","12"
"捆绑","0","12","12"
"京说","0","12","12"
"求加","0","12","12"
"宫对","0","12","12"
"辰说","0","12","12"
"金讲","0","12","12"
"防线","0","12","12"
"给敌","0","12","12"
"轮次","0","12","12"
"陈馞","0","12","12"
"就必","0","12","12"
"著说","0","12","12"
"欲何","10","1","11"
"并诛","10","1","11"
"威逼","1","10","11"
"赖之","9","2","11"
"无自","11","0","11"
"永怀","11","0","11"
"未息","11","0","11"
"弊之","11","0","11"
"赈恤","9","2","11"
"时士","4","7","11"
"非军","9","2","11"
"存恤","11","0","11"
"之科","11","0","11"
"之念","6","5","11"
"民庶","10","1","11"
"为实","7","4","11"
"永言","11","0","11"
"乎礼","1","10","11"
"学所","7","4","11"
"有清","7","4","11"
"情也","4","7","11"
"地祇","10","1","11"
"弹击","9","2","11"
"术者","10","1","11"
"退有","5","6","11"
"至也","11","0","11"
"水也","8","3","11"
"加岁","1","10","11"
"义无","9","2","11"
"自远","9","2","11"
"文物","7","4","11"
"宪章","11","0","11"
"之郊","11","0","11"
"两仪","8","3","11"
"于墓","8","3","11"
"于光","8","3","11"
"于情","8","3","11"
"疑于","11","0","11"
"于乐","8","3","11"
"诏可","10","1","11"
"食于","6","5","11"
"麻衣","5","6","11"
"皇宋","6","5","11"
"于何","6","5","11"
"器不","5","6","11"
"以盛","8","3","11"
"千亩","7","4","11"
"于燕","7","4","11"
"潜龙","6","5","11"
"愕然","9","2","11"
"入室","6","5","11"
"则见","10","1","11"
"四民","7","4","11"
"和所","3","8","11"
"于盛","6","5","11"
"瑞之","6","5","11"
"下莫","10","1","11"
"盖不","11","0","11"
"富室","6","5","11"
"起不","3","8","11"
"故帝","11","0","11"
"出过","5","6","11"
"言非","10","1","11"
"师旷","6","5","11"
"方得","9","2","11"
"为妖","9","2","11"
"济其","10","1","11"
"酬答","6","5","11"
"不大","4","7","11"
"闾里","10","1","11"
"及臣","5","6","11"
"同罪","6","5","11"
"讨逆","6","5","11"
"人百","4","7","11"
"害不","6","5","11"
"表闻","11","0","11"
"求诸","10","1","11"
"让之","6","5","11"
"即时","9","2","11"
"时宣","6","5","11"
"既多","9","2","11"
"相随","7","4","11"
"是风","2","9","11"
"有良","3","8","11"
"为申","4","7","11"
"给魏","1","10","11"
"不负","5","6","11"
"便为","7","4","11"
"民知","7","4","11"
"谓任","4","7","11"
"临哭","7","4","11"
"多之","10","1","11"
"理而","4","7","11"
"莫肯","11","0","11"
"时来","9","2","11"
"而弗","11","0","11"
"后则","2","9","11"
"区宇","11","0","11"
"之封","8","3","11"
"今三","10","1","11"
"微言","5","6","11"
"且大","6","5","11"
"臣受","7","4","11"
"之勋","11","0","11"
"兵犯","11","0","11"
"之元","11","0","11"
"机不","5","6","11"
"相济","5","6","11"
"身陷","3","8","11"
"遗弃","2","9","11"
"微有","5","6","11"
"器服","8","3","11"
"性不","7","4","11"
"此无","7","4","11"
"少于","3","8","11"
"古无","9","2","11"
"四更","3","8","11"
"之通","10","1","11"
"当由","4","7","11"
"存其","9","2","11"
"一目","5","6","11"
"尺之","9","2","11"
"不朽","6","5","11"
"以可","5","6","11"
"获之","11","0","11"
"而横","9","2","11"
"多方","3","8","11"
"雷霆","5","6","11"
"穷其","10","1","11"
"相倾","7","4","11"
"使言","10","1","11"
"不倾","6","5","11"
"亲不","3","8","11"
"意可","9","2","11"
"质之","10","1","11"
"于丁","7","4","11"
"合者","10","1","11"
"是除","3","8","11"
"远者","9","2","11"
"去则","9","2","11"
"纪之","9","2","11"
"谓是","7","4","11"
"上变","8","3","11"
"众事","11","0","11"
"答书","7","4","11"
"此未","9","2","11"
"祖自","7","4","11"
"闻国","3","8","11"
"元功","9","2","11"
"臣本","8","3","11"
"为务","6","5","11"
"之英","9","2","11"
"及受","11","0","11"
"枭首","6","5","11"
"汉王","7","4","11"
"而奔","7","4","11"
"人参","3","8","11"
"肯为","7","4","11"
"为吾","10","1","11"
"意甚","11","0","11"
"甚不","11","0","11"
"地居","2","9","11"
"豫之","9","2","11"
"又应","5","6","11"
"今四","10","1","11"
"中夏","8","3","11"
"明珠","5","6","11"
"若乃","11","0","11"
"显明","1","10","11"
"从所","9","2","11"
"至侍","6","5","11"
"不诛","8","3","11"
"令朝","2","9","11"
"复加","9","2","11"
"议于","8","3","11"
"止而","3","8","11"
"呼吸","3","8","11"
"谋而","5","6","11"
"言哉","11","0","11"
"已深","7","4","11"
"之音","8","3","11"
"何其","6","5","11"
"以服","7","4","11"
"本非","10","1","11"
"忤旨","11","0","11"
"其居","10","1","11"
"前典","11","0","11"
"沧海","7","4","11"
"宣告","1","10","11"
"三灵","9","2","11"
"称兵","9","2","11"
"圣世","8","3","11"
"见相","3","8","11"
"群凶","8","3","11"
"主幼","9","2","11"
"名教","7","4","11"
"是而","7","4","11"
"世与","5","6","11"
"人买","1","10","11"
"离心","4","7","11"
"申国","6","5","11"
"北境","10","1","11"
"者复","11","0","11"
"朝庭","9","2","11"
"罔极","11","0","11"
"肝脑","6","5","11"
"来所","3","8","11"
"宣旨","7","4","11"
"想当","1","10","11"
"宁不","9","2","11"
"忘其","10","1","11"
"普以","7","4","11"
"师溃","11","0","11"
"雪不","5","6","11"
"者毋","11","0","11"
"避兵","8","3","11"
"晕周","11","0","11"
"奏捷","8","3","11"
"它所","2","9","11"
"闻大","11","0","11"
"曰主","11","0","11"
"遂大","11","0","11"
"风教","7","4","11"
"知矣","10","1","11"
"前诏","9","2","11"
"束帛","6","5","11"
"予夺","6","5","11"
"乃从","11","0","11"
"其失","11","0","11"
"其是","4","7","11"
"此乎","11","0","11"
"欲留","11","0","11"
"大过","4","7","11"
"浩不","5","6","11"
"上称","6","5","11"
"人乎","11","0","11"
"必加","7","4","11"
"见义","8","3","11"
"言出","8","3","11"
"名言","5","6","11"
"马长","2","9","11"
"右近","8","3","11"
"旧之","6","5","11"
"摭其","11","0","11"
"意其","11","0","11"
"敬天","7","4","11"
"自入","11","0","11"
"论如","10","1","11"
"其高","8","3","11"
"案牍","6","5","11"
"唐之","9","2","11"
"既卒","11","0","11"
"约而","4","7","11"
"酌情","2","9","11"
"能大","5","6","11"
"钞法","5","6","11"
"没之","7","4","11"
"罪大","7","4","11"
"敢行","7","4","11"
"以深","7","4","11"
"尽之","8","3","11"
"物无","7","4","11"
"大患","5","6","11"
"以形","7","4","11"
"力有","5","6","11"
"誉之","11","0","11"
"尝自","11","0","11"
"考究","2","9","11"
"卒与","10","1","11"
"友人","6","5","11"
"赞之","9","2","11"
"而图","7","4","11"
"子重","5","6","11"
"军毛","6","5","11"
"封阳","7","4","11"
"崇为","6","5","11"
"以梁","10","1","11"
"军鲁","5","6","11"
"六条","6","5","11"
"以领","10","1","11"
"房为","7","4","11"
"乡侯","5","6","11"
"可特","7","4","11"
"王宽","5","6","11"
"通周","5","6","11"
"疾差","3","8","11"
"武骑","6","5","11"
"下左","4","7","11"
"烈之","6","5","11"
"秋万","3","8","11"
"阳和","7","4","11"
"图谶","6","5","11"
"犯镇","7","4","11"
"犯钩","5","6","11"
"于宁","6","5","11"
"祖伐","11","0","11"
"祖还","6","5","11"
"杂物","5","6","11"
"运期","7","4","11"
"白麟","6","5","11"
"降京","11","0","11"
"言甘","11","0","11"
"降太","9","2","11"
"降吴","9","2","11"
"兴乌","8","3","11"
"蓝田","7","4","11"
"梨树","5","6","11"
"下建","7","4","11"
"浚献","2","9","11"
"风起","7","4","11"
"汲郡","5","6","11"
"邪临","10","1","11"
"并三","6","5","11"
"策立","5","6","11"
"郡地","5","6","11"
"上庸","7","4","11"
"昌邑","5","6","11"
"北沛","5","6","11"
"梁父","5","6","11"
"金乡","6","5","11"
"书度","6","5","11"
"羊玄","5","6","11"
"江太","6","5","11"
"之梁","11","0","11"
"疆埸","11","0","11"
"北顾","7","4","11"
"穆夫","5","6","11"
"前部","7","4","11"
"山野","3","8","11"
"守兼","6","5","11"
"女工","5","6","11"
"兼兵","6","5","11"
"丹凤","5","6","11"
"捧日","6","5","11"
"中参","9","2","11"
"省内","9","2","11"
"亿为","4","7","11"
"彰国","6","5","11"
"面排","4","7","11"
"安肃","6","5","11"
"圣二","4","7","11"
"睿武","6","5","11"
"孝德","6","5","11"
"曰应","11","0","11"
"身一","2","9","11"
"置陕","6","5","11"
"城反","6","5","11"
"张昪","11","0","11"
"宗绍","3","8","11"
"使吕","5","6","11"
"坐言","11","0","11"
"授检","10","1","11"
"虚为","6","5","11"
"称姓","2","9","11"
"居十","5","6","11"
"孝迪","6","5","11"
"陈瓘","11","0","11"
"度余","6","5","11"
"书虞","5","6","11"
"滨州","5","6","11"
"置行","6","5","11"
"赠王","5","6","11"
"金通","6","5","11"
"化县","5","6","11"
"面山","4","7","11"
"章谊","5","6","11"
"忠自","8","3","11"
"自承","6","5","11"
"中分","4","7","11"
"器所","6","5","11"
"复张","5","6","11"
"赵汾","3","8","11"
"士法","6","5","11"
"平准","7","4","11"
"总护","6","5","11"
"望等","5","6","11"
"书韩","5","6","11"
"韩仲","5","6","11"
"违礼","4","7","11"
"礼经","4","7","11"
"道太","3","8","11"
"明广","6","5","11"
"郑昭","6","5","11"
"代孙","5","6","11"
"后弟","7","4","11"
"隆万","6","5","11"
"之参","7","4","11"
"知滁","9","2","11"
"司选","5","6","11"
"陈卓","5","6","11"
"定子","6","5","11"
"进勇","6","5","11"
"贵谦","5","6","11"
"王登","4","7","11"
"人补","5","6","11"
"堂直","4","7","11"
"举两","5","6","11"
"希得","6","5","11"
"制边","7","4","11"
"道同","6","5","11"
"同以","4","7","11"
"合同","7","4","11"
"编校","6","5","11"
"为环","4","7","11"
"昺为","8","3","11"
"芝为","3","8","11"
"知高","7","4","11"
"单环","5","6","11"
"上宰","6","5","11"
"王失","6","5","11"
"平道","5","6","11"
"后忧","8","3","11"
"册为","11","0","11"
"广国","5","6","11"
"思正","5","6","11"
"知淮","10","1","11"
"德业","7","4","11"
"德威","5","6","11"
"国华","6","5","11"
"知皇","4","7","11"
"时御","7","4","11"
"遵诲","6","5","11"
"兵居","8","3","11"
"侄孙","5","6","11"
"部南","4","7","11"
"祖崩","11","0","11"
"进右","9","2","11"
"韩令","4","7","11"
"同管","3","8","11"
"著文","8","3","11"
"宁中","9","2","11"
"禧四","4","7","11"
"改天","9","2","11"
"进尚","11","0","11"
"易说","3","8","11"
"昌人","5","6","11"
"侍右","6","5","11"
"清正","1","10","11"
"阴结","10","1","11"
"必守","7","4","11"
"江跻","5","6","11"
"考古","5","6","11"
"伯之","8","3","11"
"短之","7","4","11"
"救荒","6","5","11"
"百斤","5","6","11"
"史郑","6","5","11"
"开为","6","5","11"
"寺簿","6","5","11"
"张柬","3","8","11"
"据襄","5","6","11"
"南寿","6","5","11"
"谢琰","7","4","11"
"府军","5","6","11"
"恐为","11","0","11"
"弃甲","7","4","11"
"寡不","9","2","11"
"众万","6","5","11"
"鸣鼓","8","3","11"
"道兼","6","5","11"
"向京","5","6","11"
"风不","6","5","11"
"走向","5","6","11"
"于寻","6","5","11"
"至山","9","2","11"
"是桓","1","10","11"
"与无","8","3","11"
"聚徒","9","2","11"
"谋据","10","1","11"
"者百","10","1","11"
"因收","1","10","11"
"正于","7","4","11"
"弘等","6","5","11"
"已知","6","5","11"
"覆舟","6","5","11"
"守吴","5","6","11"
"为计","8","3","11"
"据石","7","4","11"
"以永","9","2","11"
"披靡","5","6","11"
"祖领","9","2","11"
"禁内","9","2","11"
"甚严","8","3","11"
"与相","9","2","11"
"承之","8","3","11"
"众向","6","5","11"
"永固","7","4","11"
"不造","6","5","11"
"而崇","5","6","11"
"督中","6","5","11"
"续上","2","9","11"
"谋作","7","4","11"
"追斩","9","2","11"
"而岁","10","1","11"
"公入","5","6","11"
"悉出","11","0","11"
"山太","5","6","11"
"求割","5","6","11"
"千数","9","2","11"
"史段","6","5","11"
"刘之","7","4","11"
"反掌","5","6","11"
"乘此","5","6","11"
"而保","4","7","11"
"同举","5","6","11"
"便自","5","6","11"
"药而","4","7","11"
"且一","3","8","11"
"然犹","9","2","11"
"济淮","2","9","11"
"伤者","8","3","11"
"日暮","7","4","11"
"当至","10","1","11"
"悦服","8","3","11"
"保其","10","1","11"
"乃受","11","0","11"
"望者","10","1","11"
"郗僧","5","6","11"
"相结","7","4","11"
"监太","6","5","11"
"渐不","7","4","11"
"寝疾","11","0","11"
"吏也","8","3","11"
"有干","7","4","11"
"复欲","11","0","11"
"宜复","11","0","11"
"诏公","7","4","11"
"礼敬","3","8","11"
"后天","6","5","11"
"济民","6","5","11"
"群议","10","1","11"
"府者","9","2","11"
"别遣","11","0","11"
"谓一","7","4","11"
"租布","8","3","11"
"烦苛","7","4","11"
"立德","5","6","11"
"诸处","11","0","11"
"淫祠","7","4","11"
"大沮","7","4","11"
"多故","10","1","11"
"风之","8","3","11"
"州运","5","6","11"
"马徐","6","5","11"
"阴室","6","5","11"
"能坐","3","8","11"
"室衰","3","8","11"
"望将","2","9","11"
"懿皇","7","4","11"
"后祔","11","0","11"
"于兴","8","3","11"
"政使","6","5","11"
"使使","8","3","11"
"使中","7","4","11"
"门开","5","6","11"
"朝未","7","4","11"
"监徐","7","4","11"
"又授","2","9","11"
"之淮","10","1","11"
"博采","7","4","11"
"将家","7","4","11"
"天谴","7","4","11"
"前中","6","5","11"
"北司","6","5","11"
"以护","9","2","11"
"五皇","5","6","11"
"赐谷","5","6","11"
"汉室","4","7","11"
"才在","2","9","11"
"中徐","5","6","11"
"与梁","5","6","11"
"申恬","5","6","11"
"用御","5","6","11"
"义宾","6","5","11"
"业有","5","6","11"
"路发","4","7","11"
"攻滑","6","5","11"
"日解","6","5","11"
"解严","11","0","11"
"绩者","7","4","11"
"王浑","6","5","11"
"保傅","6","5","11"
"授将","8","3","11"
"司雍","6","5","11"
"秦四","6","5","11"
"阳新","3","8","11"
"淑媛","6","5","11"
"门及","8","3","11"
"常度","7","4","11"
"复同","9","2","11"
"省都","5","6","11"
"置水","5","6","11"
"行征","2","9","11"
"以益","11","0","11"
"史宗","6","5","11"
"朕甚","11","0","11"
"妃主","10","1","11"
"余悉","11","0","11"
"约之","8","3","11"
"方长","2","9","11"
"前左","7","4","11"
"职司","5","6","11"
"顼为","8","3","11"
"并给","3","8","11"
"之讨","5","6","11"
"使请","8","3","11"
"以第","9","2","11"
"凌室","5","6","11"
"哀王","5","6","11"
"令如","7","4","11"
"杂税","2","9","11"
"志也","9","2","11"
"张牧","2","9","11"
"射声","6","5","11"
"外百","5","6","11"
"结人","9","2","11"
"帝每","5","6","11"
"见诸","9","2","11"
"中才","4","7","11"
"已与","8","3","11"
"下武","3","8","11"
"子产","5","6","11"
"华之","6","5","11"
"用古","3","8","11"
"裁断","4","7","11"
"要实","2","9","11"
"子延","6","5","11"
"时至","7","4","11"
"以隆","8","3","11"
"宫以","7","4","11"
"相刘","5","6","11"
"南义","6","5","11"
"除给","11","0","11"
"州五","5","6","11"
"平冲","5","6","11"
"患未","9","2","11"
"风姿","7","4","11"
"诸弟","10","1","11"
"来文","4","7","11"
"并授","3","8","11"
"多忌","7","4","11"
"好杀","6","5","11"
"积久","9","2","11"
"课之","10","1","11"
"等破","11","0","11"
"到诸","1","10","11"
"心存","2","9","11"
"存于","6","5","11"
"其体","10","1","11"
"右有","7","4","11"
"部伍","8","3","11"
"晨出","2","9","11"
"免者","7","4","11"
"所自","10","1","11"
"与右","5","6","11"
"捕得","11","0","11"
"公上","5","6","11"
"之疑","11","0","11"
"王宜","7","4","11"
"卜伯","3","8","11"
"孙方","4","7","11"
"灾者","8","3","11"
"不记","3","8","11"
"儒之","6","5","11"
"吹铙","6","5","11"
"自黄","11","0","11"
"泉出","9","2","11"
"百计","4","7","11"
"于荆","5","6","11"
"立郡","7","4","11"
"辨析","6","5","11"
"间而","6","5","11"
"为羽","8","3","11"
"琴瑟","5","6","11"
"而礼","4","7","11"
"夷则","6","5","11"
"夹钟","5","6","11"
"正音","4","7","11"
"有形","4","7","11"
"五乘","5","6","11"
"律以","4","7","11"
"律相","2","9","11"
"轻而","6","5","11"
"以度","7","4","11"
"长丈","8","3","11"
"续汉","5","6","11"
"生太","8","3","11"
"令和","1","10","11"
"乐时","5","6","11"
"等奏","10","1","11"
"奏可","9","2","11"
"当长","3","8","11"
"而令","9","2","11"
"令调","1","10","11"
"当举","4","7","11"
"九德","6","5","11"
"徵应","11","0","11"
"唱和","3","8","11"
"不差","6","5","11"
"常仪","8","3","11"
"而服","6","5","11"
"所失","10","1","11"
"邓平","5","6","11"
"分天","6","5","11"
"是皆","10","1","11"
"分日","8","3","11"
"诏迁","6","5","11"
"凤三","5","6","11"
"失天","8","3","11"
"官用","6","5","11"
"改行","7","4","11"
"日去","9","2","11"
"道去","4","7","11"
"忠上","5","6","11"
"始改","6","5","11"
"术之","4","7","11"
"能下","8","3","11"
"谷城","6","5","11"
"于境","11","0","11"
"日御","10","1","11"
"疏而","6","5","11"
"数则","3","8","11"
"则易","10","1","11"
"元首","8","3","11"
"求次","11","0","11"
"余则","10","1","11"
"积日","9","2","11"
"后月","9","2","11"
"大暑","6","5","11"
"事日","8","3","11"
"退一","6","5","11"
"月所","8","3","11"
"度二","7","4","11"
"定积","5","6","11"
"有留","3","8","11"
"之终","11","0","11"
"其虚","9","2","11"
"为木","5","6","11"
"则称","5","6","11"
"素善","10","1","11"
"斗十","9","2","11"
"在女","5","6","11"
"又如","6","5","11"
"非旧","9","2","11"
"吏曰","11","0","11"
"而待","7","4","11"
"亲见","9","2","11"
"隐讳","3","8","11"
"如礼","11","0","11"
"不建","4","7","11"
"上东","4","7","11"
"下位","7","4","11"
"书名","5","6","11"
"书三","6","5","11"
"光于","8","3","11"
"黄之","6","5","11"
"二女","10","1","11"
"一女","7","4","11"
"女巫","4","7","11"
"气和","3","8","11"
"于名","3","8","11"
"魏以","7","4","11"
"故使","11","0","11"
"衰绖","9","2","11"
"名天","6","5","11"
"服母","1","10","11"
"元后","5","6","11"
"避事","8","3","11"
"何曾","4","7","11"
"机事","11","0","11"
"激切","7","4","11"
"相从","8","3","11"
"胜言","11","0","11"
"衰服","8","3","11"
"给使","7","4","11"
"及武","8","3","11"
"臣得","7","4","11"
"有曾","5","6","11"
"行丧","3","8","11"
"纲之","8","3","11"
"杜预","4","7","11"
"称不","4","7","11"
"李太","6","5","11"
"衡以","11","0","11"
"命誓","1","10","11"
"永福","6","5","11"
"省并","7","4","11"
"仪曹","5","6","11"
"当阳","8","3","11"
"合作","3","8","11"
"始中","10","1","11"
"沙景","5","6","11"
"今应","2","9","11"
"及自","3","8","11"
"所厌","5","6","11"
"况在","7","4","11"
"不研","5","6","11"
"遂上","8","3","11"
"了无","4","7","11"
"陆澄","5","6","11"
"若用","11","0","11"
"日亲","7","4","11"
"或为","11","0","11"
"元会","7","4","11"
"又依","3","8","11"
"使太","6","5","11"
"简之","8","3","11"
"一入","8","3","11"
"虞祭","2","9","11"
"后陵","5","6","11"
"作主","4","7","11"
"为近","6","5","11"
"阴云","3","8","11"
"诏特","10","1","11"
"东朝","7","4","11"
"得体","4","7","11"
"可致","10","1","11"
"亲有","4","7","11"
"子死","2","9","11"
"命天","5","6","11"
"应立","4","7","11"
"制与","8","3","11"
"在颍","3","8","11"
"将东","5","6","11"
"祀文","7","4","11"
"虞氏","6","5","11"
"帝舜","5","6","11"
"所也","9","2","11"
"不享","7","4","11"
"汉家","9","2","11"
"议奏","7","4","11"
"文炳","6","5","11"
"可动","8","3","11"
"吉礼","3","8","11"
"以郊","9","2","11"
"至时","3","8","11"
"祀五","1","10","11"
"原不","8","3","11"
"用上","2","9","11"
"多用","3","8","11"
"又启","7","4","11"
"伪楚","5","6","11"
"宜之","2","9","11"
"四门","7","4","11"
"庙宇","1","10","11"
"可安","8","3","11"
"班行","7","4","11"
"成天","6","5","11"
"二主","8","3","11"
"过也","10","1","11"
"圣躬","11","0","11"
"死以","9","2","11"
"自生","9","2","11"
"未复","10","1","11"
"于夏","10","1","11"
"享天","4","7","11"
"可让","1","10","11"
"升中","4","7","11"
"明神","4","7","11"
"明者","11","0","11"
"五之","9","2","11"
"风流","4","7","11"
"辩明","3","8","11"
"建宗","4","7","11"
"下神","7","4","11"
"其左","10","1","11"
"自尊","7","4","11"
"奏文","4","7","11"
"分置","7","4","11"
"侯为","3","8","11"
"氏不","5","6","11"
"奉神","6","5","11"
"自近","9","2","11"
"上继","6","5","11"
"新造","7","4","11"
"西储","5","6","11"
"为简","5","6","11"
"初初","5","6","11"
"此论","9","2","11"
"长幼","6","5","11"
"祖也","2","9","11"
"于征","4","7","11"
"祖虽","6","5","11"
"本而","4","7","11"
"代也","2","9","11"
"时陈","4","7","11"
"问此","1","10","11"
"五方","4","7","11"
"于和","6","5","11"
"使京","6","5","11"
"此四","5","6","11"
"丧而","4","7","11"
"之哀","10","1","11"
"得行","10","1","11"
"宪司","6","5","11"
"准不","6","5","11"
"理同","4","7","11"
"同受","2","9","11"
"先事","10","1","11"
"领会","4","7","11"
"享之","8","3","11"
"来四","7","4","11"
"议用","7","4","11"
"以诛","6","5","11"
"迎送","6","5","11"
"尸于","4","7","11"
"季秋","8","3","11"
"共之","10","1","11"
"令徐","4","7","11"
"为废","4","7","11"
"以射","7","4","11"
"官通","7","4","11"
"皆人","11","0","11"
"为伯","5","6","11"
"于主","4","7","11"
"六代","5","6","11"
"及徐","6","5","11"
"典之","6","5","11"
"于赵","3","8","11"
"援立","6","5","11"
"百谷","6","5","11"
"二社","10","1","11"
"为籍","6","5","11"
"属也","7","4","11"
"口传","5","6","11"
"有义","7","4","11"
"而相","6","5","11"
"时宫","3","8","11"
"高四","5","6","11"
"在采","2","9","11"
"岳祠","6","5","11"
"岳渎","11","0","11"
"时会","5","6","11"
"以执","6","5","11"
"有玉","9","2","11"
"御驾","1","10","11"
"王度","7","4","11"
"后安","4","7","11"
"出也","8","3","11"
"使抚","11","0","11"
"辎车","4","7","11"
"旗九","7","4","11"
"辨其","9","2","11"
"姓苦","3","8","11"
"鸟兽","7","4","11"
"正者","8","3","11"
"人五","3","8","11"
"向曰","10","1","11"
"水苍","11","0","11"
"莫得","11","0","11"
"之印","2","9","11"
"始置","10","1","11"
"不检","9","2","11"
"斗不","4","7","11"
"府职","5","6","11"
"若所","8","3","11"
"由朝","1","10","11"
"佐之","7","4","11"
"礼数","6","5","11"
"将引","9","2","11"
"大农","6","5","11"
"袁绍","5","6","11"
"帛以","7","4","11"
"本未","9","2","11"
"文若","6","5","11"
"时谓","11","0","11"
"正冬","6","5","11"
"官则","7","4","11"
"庙斋","6","5","11"
"公九","4","7","11"
"平天","6","5","11"
"伐不","2","9","11"
"武平","8","3","11"
"章斌","5","6","11"
"大享","7","4","11"
"地宗","5","6","11"
"燕乐","8","3","11"
"入宗","1","10","11"
"食举","10","1","11"
"曲为","9","2","11"
"通利","6","5","11"
"石也","5","6","11"
"陆机","4","7","11"
"昭孙","6","5","11"
"奏登","5","6","11"
"太簇","1","10","11"
"则相","7","4","11"
"及东","7","4","11"
"害以","10","1","11"
"出水","2","9","11"
"而好","7","4","11"
"生天","8","3","11"
"学而","7","4","11"
"辱之","8","3","11"
"是此","2","9","11"
"作也","11","0","11"
"公莫","5","6","11"
"所敢","7","4","11"
"欲废","11","0","11"
"以共","6","5","11"
"人思","8","3","11"
"有暴","7","4","11"
"合法","1","10","11"
"为控","8","3","11"
"王母","6","5","11"
"于胡","4","7","11"
"仁慈","1","10","11"
"路人","3","8","11"
"如江","9","2","11"
"壮年","1","10","11"
"积如","2","9","11"
"乱天","8","3","11"
"人放","1","10","11"
"众星","6","5","11"
"为薪","5","6","11"
"无比","3","8","11"
"幸甚","11","0","11"
"将流","3","8","11"
"雉子","6","5","11"
"悲翁","5","6","11"
"吕布","6","5","11"
"家计","6","5","11"
"有魏","4","7","11"
"破三","6","5","11"
"飞自","8","3","11"
"芳树","5","6","11"
"察以","7","4","11"
"景星","6","5","11"
"遂围","11","0","11"
"害也","8","3","11"
"王军","2","9","11"
"其征","7","4","11"
"佐以","7","4","11"
"介胄","9","2","11"
"微中","10","1","11"
"简以","9","2","11"
"郡民","9","2","11"
"取乐","1","10","11"
"人畜","6","5","11"
"不贪","3","8","11"
"飞鸟","5","6","11"
"道内","7","4","11"
"最远","3","8","11"
"亦出","9","2","11"
"极六","6","5","11"
"最短","5","6","11"
"陆绩","5","6","11"
"径三","8","3","11"
"径一","6","5","11"
"之九","5","6","11"
"圭等","1","10","11"
"超然","6","5","11"
"白黑","7","4","11"
"访之","11","0","11"
"高而","4","7","11"
"而月","7","4","11"
"去人","4","7","11"
"小国","4","7","11"
"又日","8","3","11"
"主当","8","3","11"
"西奔","8","3","11"
"奔命","6","5","11"
"后主","4","7","11"
"军上","5","6","11"
"白与","5","6","11"
"下殿","7","4","11"
"国失","8","3","11"
"王死","4","7","11"
"谋立","7","4","11"
"丘俭","5","6","11"
"露三","6","5","11"
"子失","5","6","11"
"军田","6","5","11"
"伐吴","4","7","11"
"请死","7","4","11"
"谋其","8","3","11"
"境不","4","7","11"
"库兵","7","4","11"
"有枉","6","5","11"
"将起","9","2","11"
"王冏","11","0","11"
"时长","3","8","11"
"微贱","3","8","11"
"其土","10","1","11"
"据河","6","5","11"
"刘曜","5","6","11"
"伐淮","1","10","11"
"暴横","7","4","11"
"导大","5","6","11"
"赤光","10","1","11"
"行犯","8","3","11"
"翼大","6","5","11"
"兵谋","7","4","11"
"年初","4","7","11"
"还旧","9","2","11"
"数见","11","0","11"
"东蕃","9","2","11"
"如王","6","5","11"
"泣星","5","6","11"
"遂入","11","0","11"
"星同","6","5","11"
"有客","6","5","11"
"连岁","11","0","11"
"郡内","5","6","11"
"之降","10","1","11"
"复寇","10","1","11"
"伐广","5","6","11"
"仓粟","7","4","11"
"被甲","11","0","11"
"受罚","3","8","11"
"行矣","11","0","11"
"同也","9","2","11"
"魁中","7","4","11"
"见北","9","2","11"
"书谢","6","5","11"
"空竟","6","5","11"
"金水","6","5","11"
"伯等","5","6","11"
"南贼","10","1","11"
"诛罚","6","5","11"
"之归","11","0","11"
"朝而","7","4","11"
"德王","7","4","11"
"绿色","2","9","11"
"约以","9","2","11"
"成字","5","6","11"
"白环","5","6","11"
"踊跃","6","5","11"
"而逝","4","7","11"
"先得","5","6","11"
"为尧","5","6","11"
"又取","6","5","11"
"期在","4","7","11"
"发行","7","4","11"
"纣王","1","10","11"
"而会","5","6","11"
"王没","1","10","11"
"之图","8","3","11"
"子作","3","8","11"
"怪之","9","2","11"
"已先","6","5","11"
"枝叶","5","6","11"
"县界","10","1","11"
"元将","3","8","11"
"改铸","6","5","11"
"然上","4","7","11"
"南济","6","5","11"
"还以","4","7","11"
"自至","10","1","11"
"外家","8","3","11"
"逐而","5","6","11"
"厚利","6","5","11"
"犹能","11","0","11"
"多奇","8","3","11"
"命光","10","1","11"
"帝未","9","2","11"
"神光","6","5","11"
"承大","4","7","11"
"人起","3","8","11"
"而武","7","4","11"
"德于","8","3","11"
"以政","8","3","11"
"世家","6","5","11"
"有新","4","7","11"
"佐助","2","9","11"
"如李","5","6","11"
"问大","4","7","11"
"有和","3","8","11"
"上上","1","10","11"
"继为","2","9","11"
"民王","9","2","11"
"嘉初","4","7","11"
"王克","6","5","11"
"水所","8","3","11"
"初至","10","1","11"
"色而","7","4","11"
"立而","7","4","11"
"率五","6","5","11"
"见济","11","0","11"
"夏县","5","6","11"
"支部","1","10","11"
"见京","9","2","11"
"见安","8","3","11"
"奸猾","4","7","11"
"入国","5","6","11"
"西县","5","6","11"
"余步","5","6","11"
"祖时","4","7","11"
"及高","9","2","11"
"熟县","6","5","11"
"俊之","4","7","11"
"绍以","9","2","11"
"卞之","6","5","11"
"能过","4","7","11"
"堂前","5","6","11"
"康定","6","5","11"
"神降","5","6","11"
"盛美","2","9","11"
"会同","2","9","11"
"理三","3","8","11"
"僧爱","5","6","11"
"上改","4","7","11"
"又生","4","7","11"
"军范","5","6","11"
"望而","8","3","11"
"御后","11","0","11"
"以财","9","2","11"
"救民","6","5","11"
"泽以","9","2","11"
"县出","1","10","11"
"纂集","5","6","11"
"毛虫","5","6","11"
"即其","10","1","11"
"灾也","9","2","11"
"莲花","5","6","11"
"伊川","7","4","11"
"帝常","5","6","11"
"秋稼","11","0","11"
"伤秋","10","1","11"
"风雷","7","4","11"
"坚不","7","4","11"
"铜铸","3","8","11"
"皇不","7","4","11"
"余下","1","10","11"
"为园","6","5","11"
"于酒","4","7","11"
"及远","6","5","11"
"为饰","3","8","11"
"下因","3","8","11"
"之贼","7","4","11"
"羽翼","6","5","11"
"不效","7","4","11"
"制江","5","6","11"
"既立","11","0","11"
"金失","6","5","11"
"告官","5","6","11"
"并送","6","5","11"
"百顷","6","5","11"
"远图","10","1","11"
"王恺","8","3","11"
"所伤","9","2","11"
"魏将","2","9","11"
"胡寇","6","5","11"
"东还","8","3","11"
"吴平","7","4","11"
"益张","11","0","11"
"岸上","2","9","11"
"过者","10","1","11"
"斥之","10","1","11"
"之词","2","9","11"
"王因","2","9","11"
"州破","8","3","11"
"年曰","11","0","11"
"聊生","6","5","11"
"定成","2","9","11"
"败时","2","9","11"
"不惊","4","7","11"
"邑有","7","4","11"
"是方","4","7","11"
"动有","6","5","11"
"战者","11","0","11"
"天雨","8","3","11"
"始末","7","4","11"
"草妖","6","5","11"
"妻妾","4","7","11"
"设险","7","4","11"
"储积","4","7","11"
"号大","7","4","11"
"正得","5","6","11"
"朝将","2","9","11"
"汉上","9","2","11"
"多失","5","6","11"
"扬之","7","4","11"
"余岁","10","1","11"
"倾危","6","5","11"
"出手","7","4","11"
"其水","7","4","11"
"姓愁","5","6","11"
"初即","9","2","11"
"妨害","1","10","11"
"始上","2","9","11"
"下非","7","4","11"
"贾为","4","7","11"
"此应","3","8","11"
"潮水","2","9","11"
"在历","1","10","11"
"姓以","3","8","11"
"屋瓦","4","7","11"
"彪说","5","6","11"
"被收","3","8","11"
"南不","7","4","11"
"雾四","7","4","11"
"重刑","4","7","11"
"受祸","6","5","11"
"相克","1","10","11"
"中数","7","4","11"
"自觉","6","5","11"
"妒忌","1","10","11"
"日复","10","1","11"
"使也","6","5","11"
"闻人","10","1","11"
"惧之","8","3","11"
"而施","3","8","11"
"对以","7","4","11"
"如火","7","4","11"
"甄别","3","8","11"
"口三","6","5","11"
"口四","6","5","11"
"官令","6","5","11"
"立淮","7","4","11"
"郡及","9","2","11"
"临城","5","6","11"
"晋属","11","0","11"
"而广","6","5","11"
"阴国","9","2","11"
"州流","6","5","11"
"在何","3","8","11"
"起出","1","10","11"
"之直","10","1","11"
"陈奏","3","8","11"
"乃曰","11","0","11"
"军臣","8","3","11"
"为封","7","4","11"
"尝见","10","1","11"
"何勖","6","5","11"
"刘邕","1","10","11"
"事还","1","10","11"
"浚所","7","4","11"
"畏其","10","1","11"
"卒官","11","0","11"
"老矣","11","0","11"
"天日","5","6","11"
"萧欣","5","6","11"
"兵精","6","5","11"
"皆至","10","1","11"
"之退","7","4","11"
"侍左","8","3","11"
"成是","2","9","11"
"下德","11","0","11"
"以众","9","2","11"
"夫等","5","6","11"
"福为","4","7","11"
"傅弘","4","7","11"
"转太","9","2","11"
"远虑","5","6","11"
"军首","4","7","11"
"堤堰","3","8","11"
"又封","2","9","11"
"加宁","11","0","11"
"并得","6","5","11"
"有全","2","9","11"
"复得","11","0","11"
"超石","6","5","11"
"聚结","1","10","11"
"入青","6","5","11"
"下欲","11","0","11"
"劝分","10","1","11"
"军援","5","6","11"
"之略","11","0","11"
"中陈","3","8","11"
"二部","7","4","11"
"严峻","1","10","11"
"物一","1","10","11"
"开后","2","9","11"
"随府","10","1","11"
"惊喜","6","5","11"
"重罪","3","8","11"
"达旦","5","6","11"
"为祠","4","7","11"
"能弹","7","4","11"
"钱用","2","9","11"
"玺印","1","10","11"
"贵在","6","5","11"
"官多","5","6","11"
"子能","6","5","11"
"一味","1","10","11"
"左西","5","6","11"
"遗之","10","1","11"
"州自","6","5","11"
"赦文","6","5","11"
"下言","9","2","11"
"是私","1","10","11"
"共计","1","10","11"
"带到","1","10","11"
"奉二","6","5","11"
"疲乏","2","9","11"
"所送","6","5","11"
"于汝","7","4","11"
"魏师","5","6","11"
"便回","2","9","11"
"时下","2","9","11"
"此理","8","3","11"
"非难","6","5","11"
"独有","7","4","11"
"谢邈","1","10","11"
"以泰","9","2","11"
"祠事","9","2","11"
"容问","7","4","11"
"而学","7","4","11"
"收之","6","5","11"
"弱不","4","7","11"
"之狱","10","1","11"
"领江","5","6","11"
"作而","7","4","11"
"缄默","5","6","11"
"臣高","6","5","11"
"之忠","8","3","11"
"示其","4","7","11"
"复进","7","4","11"
"书画","7","4","11"
"此数","7","4","11"
"讨王","5","6","11"
"檄令","2","9","11"
"以华","6","5","11"
"即拜","9","2","11"
"女妻","11","0","11"
"举才","8","3","11"
"可改","5","6","11"
"尝出","10","1","11"
"从轻","4","7","11"
"可比","2","9","11"
"道生","4","7","11"
"非圣","8","3","11"
"颇以","7","4","11"
"劝之","11","0","11"
"入保","6","5","11"
"所住","4","7","11"
"法治","1","10","11"
"及私","6","5","11"
"能也","8","3","11"
"览群","2","9","11"
"为记","9","2","11"
"假日","6","5","11"
"惠连","5","6","11"
"客之","6","5","11"
"姓赵","5","6","11"
"夜中","2","9","11"
"开北","4","7","11"
"被黜","5","6","11"
"吾意","11","0","11"
"合不","3","8","11"
"上重","1","10","11"
"书疏","8","3","11"
"是徐","1","10","11"
"往不","4","7","11"
"为举","4","7","11"
"先令","8","3","11"
"可封","6","5","11"
"骄奢","4","7","11"
"事连","7","4","11"
"害我","1","10","11"
"诏狱","9","2","11"
"加修","4","7","11"
"丰盛","3","8","11"
"辞藻","3","8","11"
"下共","6","5","11"
"王球","3","8","11"
"锐之","5","6","11"
"要人","1","10","11"
"族子","6","5","11"
"是丁","1","10","11"
"已降","7","4","11"
"之尔","11","0","11"
"主北","10","1","11"
"贪虐","7","4","11"
"勋之","6","5","11"
"党也","11","0","11"
"军右","5","6","11"
"所抑","7","4","11"
"贼有","6","5","11"
"书招","9","2","11"
"等引","10","1","11"
"守下","5","6","11"
"执以","9","2","11"
"民李","6","5","11"
"刺客","6","5","11"
"令曹","3","8","11"
"又害","1","10","11"
"蕃兵","5","6","11"
"无使","11","0","11"
"法先","5","6","11"
"泰真","5","6","11"
"便改","2","9","11"
"论文","5","6","11"
"听民","11","0","11"
"偏方","7","4","11"
"愧于","4","7","11"
"又坐","10","1","11"
"属籍","7","4","11"
"不介","6","5","11"
"领前","4","7","11"
"县者","8","3","11"
"除建","5","6","11"
"禄二","2","9","11"
"母年","7","4","11"
"位号","5","6","11"
"之痛","7","4","11"
"为教","5","6","11"
"一长","2","9","11"
"满野","7","4","11"
"政而","6","5","11"
"马贵","11","0","11"
"可算","1","10","11"
"有令","5","6","11"
"是继","2","9","11"
"请加","9","2","11"
"市马","11","0","11"
"前功","7","4","11"
"以旌","10","1","11"
"寒士","5","6","11"
"是诸","5","6","11"
"绍宗","6","5","11"
"阎湛","4","7","11"
"主刘","6","5","11"
"击于","10","1","11"
"首送","7","4","11"
"且任","2","9","11"
"经大","5","6","11"
"都下","6","5","11"
"造天","2","9","11"
"千精","2","9","11"
"米车","6","5","11"
"上神","6","5","11"
"令时","1","10","11"
"乞降","11","0","11"
"阳被","1","10","11"
"增戍","10","1","11"
"距南","8","3","11"
"台二","7","4","11"
"刘弥","3","8","11"
"孙进","5","6","11"
"诏归","7","4","11"
"鱼肉","6","5","11"
"谓国","11","0","11"
"为狂","7","4","11"
"令亲","5","6","11"
"当事","9","2","11"
"方就","2","9","11"
"人通","5","6","11"
"道事","5","6","11"
"冢墓","7","4","11"
"于吏","7","4","11"
"使通","11","0","11"
"表待","9","2","11"
"年满","1","10","11"
"常感","1","10","11"
"可免","5","6","11"
"樵采","10","1","11"
"天晴","1","10","11"
"在事","1","10","11"
"马腾","2","9","11"
"使求","8","3","11"
"方遣","11","0","11"
"窦晃","3","8","11"
"并许","9","2","11"
"北三","6","5","11"
"从地","1","10","11"
"从青","1","10","11"
"将十","4","7","11"
"军戍","5","6","11"
"至上","5","6","11"
"命即","6","5","11"
"所侵","7","4","11"
"号太","7","4","11"
"穷人","3","8","11"
"直冲","2","9","11"
"所列","3","8","11"
"我正","1","10","11"
"任而","3","8","11"
"水人","5","6","11"
"屡败","9","2","11"
"州同","4","7","11"
"作书","8","3","11"
"得四","10","1","11"
"及将","9","2","11"
"分赐","7","4","11"
"败军","6","5","11"
"为方","6","5","11"
"献金","4","7","11"
"助国","4","7","11"
"应科","6","5","11"
"来此","4","7","11"
"伤过","4","7","11"
"诉其","8","3","11"
"其贪","7","4","11"
"可待","4","7","11"
"杀君","2","9","11"
"观天","6","5","11"
"甚可","11","0","11"
"去北","5","6","11"
"相制","6","5","11"
"碎奚","5","6","11"
"山岭","1","10","11"
"谢而","5","6","11"
"行守","8","3","11"
"浚自","9","2","11"
"薄赋","4","7","11"
"启告","1","10","11"
"缙绅","8","3","11"
"彬之","8","3","11"
"道相","4","7","11"
"年内","2","9","11"
"书所","6","5","11"
"使蔡","5","6","11"
"沈预","3","8","11"
"在众","2","9","11"
"事曰","11","0","11"
"书制","5","6","11"
"地接","3","8","11"
"军果","2","9","11"
"子思","4","7","11"
"不投","1","10","11"
"夜忧","3","8","11"
"有闻","11","0","11"
"神德","5","6","11"
"左骁","7","4","11"
"马直","5","6","11"
"营栅","5","6","11"
"召文","7","4","11"
"长贰","11","0","11"
"酒坊","5","6","11"
"池盐","4","7","11"
"鞍勒","6","5","11"
"判拔","6","5","11"
"萃科","5","6","11"
"令考","4","7","11"
"进马","7","4","11"
"掠者","6","5","11"
"愿归","10","1","11"
"勋等","5","6","11"
"簿籍","5","6","11"
"银万","8","3","11"
"生帝","6","5","11"
"诣阁","11","0","11"
"李进","5","6","11"
"中坐","8","3","11"
"本曹","8","3","11"
"税及","9","2","11"
"诏还","9","2","11"
"禄少","4","7","11"
"养一","2","9","11"
"滥杀","1","10","11"
"观新","10","1","11"
"钦祚","7","4","11"
"氏县","4","7","11"
"石振","11","0","11"
"射于","10","1","11"
"遣卢","6","5","11"
"诏常","7","4","11"
"限度","1","10","11"
"州免","5","6","11"
"北界","9","2","11"
"知桂","7","4","11"
"令佐","6","5","11"
"将朱","3","8","11"
"翠羽","6","5","11"
"移御","9","2","11"
"昭为","1","10","11"
"人论","5","6","11"
"遂宴","11","0","11"
"州两","4","7","11"
"表三","7","4","11"
"黥配","10","1","11"
"从近","2","9","11"
"崔翰","5","6","11"
"隆州","5","6","11"
"帅郭","6","5","11"
"若将","9","2","11"
"伐契","5","6","11"
"获马","7","4","11"
"蓟州","5","6","11"
"否以","10","1","11"
"课绩","7","4","11"
"医书","5","6","11"
"州留","5","6","11"
"韩王","6","5","11"
"诱杀","2","9","11"
"除十","4","7","11"
"天驷","8","3","11"
"邛部","10","1","11"
"安使","6","5","11"
"士战","5","6","11"
"释不","11","0","11"
"封许","8","3","11"
"实数","4","7","11"
"禁用","4","7","11"
"赐姓","8","3","11"
"蕃落","6","5","11"
"令河","3","8","11"
"在出","1","10","11"
"官入","8","3","11"
"狱具","10","1","11"
"理检","6","5","11"
"圣仁","5","6","11"
"合击","8","3","11"
"保致","8","3","11"
"斗杀","6","5","11"
"杨琼","5","6","11"
"使谕","11","0","11"
"令川","1","10","11"
"白池","5","6","11"
"李惟","5","6","11"
"取太","6","5","11"
"治功","8","3","11"
"诏访","5","6","11"
"官才","4","7","11"
"养父","2","9","11"
"宴含","7","4","11"
"州父","6","5","11"
"均为","7","4","11"
"帝方","11","0","11"
"言责","10","1","11"
"师地","11","0","11"
"濮安","10","1","11"
"吏进","3","8","11"
"谍者","11","0","11"
"调民","7","4","11"
"暴涨","3","8","11"
"岁给","9","2","11"
"付有","7","4","11"
"观酺","11","0","11"
"被旨","11","0","11"
"陈进","8","3","11"
"置监","6","5","11"
"使都","3","8","11"
"仪天","7","4","11"
"下传","5","6","11"
"帛三","6","5","11"
"服勤","6","5","11"
"修贡","6","5","11"
"节上","8","3","11"
"令废","1","10","11"
"诏明","7","4","11"
"请幸","11","0","11"
"诏执","7","4","11"
"国奉","6","5","11"
"田庐","9","2","11"
"置六","5","6","11"
"殿使","5","6","11"
"桧再","6","5","11"
"牛税","5","6","11"
"以唐","6","5","11"
"守斌","3","8","11"
"捕蝗","8","3","11"
"租钱","5","6","11"
"地听","1","10","11"
"权处","2","9","11"
"厌兵","10","1","11"
"道设","4","7","11"
"书从","3","8","11"
"海潮","4","7","11"
"司节","6","5","11"
"从本","2","9","11"
"洪福","5","6","11"
"州牢","5","6","11"
"察举","5","6","11"
"解州","4","7","11"
"飨景","11","0","11"
"监以","6","5","11"
"官犯","7","4","11"
"告身","10","1","11"
"官已","7","4","11"
"仕者","11","0","11"
"出金","3","8","11"
"诏臣","7","4","11"
"抑侥","7","4","11"
"军须","9","2","11"
"保荐","3","8","11"
"亦罢","11","0","11"
"佛经","4","7","11"
"初任","3","8","11"
"路岁","8","3","11"
"上保","3","8","11"
"阅试","7","4","11"
"守赟","11","0","11"
"石元","5","6","11"
"月进","7","4","11"
"分领","6","5","11"
"于岳","7","4","11"
"兵书","5","6","11"
"听便","9","2","11"
"司按","9","2","11"
"诏制","6","5","11"
"任文","2","9","11"
"义民","5","6","11"
"优加","5","6","11"
"钱绢","6","5","11"
"辖王","5","6","11"
"未还","9","2","11"
"须与","4","7","11"
"西发","2","9","11"
"出米","7","4","11"
"并边","11","0","11"
"守天","5","6","11"
"主谅","5","6","11"
"以淑","7","4","11"
"减冗","3","8","11"
"上中","4","7","11"
"科率","7","4","11"
"义公","5","6","11"
"唐书","5","6","11"
"扰而","6","5","11"
"宿为","5","6","11"
"事安","4","7","11"
"等告","5","6","11"
"告即","9","2","11"
"读经","3","8","11"
"臣谢","5","6","11"
"乐宴","3","8","11"
"官少","1","10","11"
"府旧","5","6","11"
"室有","5","6","11"
"必问","9","2","11"
"改集","8","3","11"
"诏提","8","3","11"
"主下","5","6","11"
"之邵","6","5","11"
"贺生","6","5","11"
"龙蕃","5","6","11"
"观祈","1","10","11"
"每季","4","7","11"
"臣再","3","8","11"
"国请","3","8","11"
"复平","5","6","11"
"借职","5","6","11"
"州入","8","3","11"
"监牧","6","5","11"
"州临","6","5","11"
"人遇","9","2","11"
"来追","4","7","11"
"全等","4","7","11"
"条制","8","3","11"
"减囚","10","1","11"
"任言","5","6","11"
"官十","6","5","11"
"等职","2","9","11"
"献礼","2","9","11"
"师文","5","6","11"
"册立","2","9","11"
"颜子","5","6","11"
"能显","2","9","11"
"地与","3","8","11"
"军通","2","9","11"
"外学","5","6","11"
"建转","5","6","11"
"分部","6","5","11"
"疑狱","9","2","11"
"复太","8","3","11"
"小使","7","4","11"
"少尹","5","6","11"
"诏重","3","8","11"
"西监","6","5","11"
"诏夺","10","1","11"
"士上","4","7","11"
"北盗","4","7","11"
"省审","3","8","11"
"军路","5","6","11"
"界法","3","8","11"
"禁卒","9","2","11"
"除监","8","3","11"
"封鲁","9","2","11"
"治边","7","4","11"
"达皇","1","10","11"
"领六","2","9","11"
"策功","8","3","11"
"王仔","3","8","11"
"诸盗","9","2","11"
"政一","2","9","11"
"得通","8","3","11"
"为榜","1","10","11"
"用蔡","3","8","11"
"犯京","6","5","11"
"二浙","7","4","11"
"为昌","4","7","11"
"缒城","11","0","11"
"责者","9","2","11"
"弟吴","1","10","11"
"弟亲","3","8","11"
"遁归","11","0","11"
"弃国","4","7","11"
"国破","8","3","11"
"马忠","5","6","11"
"民数","8","3","11"
"其乡","11","0","11"
"府张","5","6","11"
"迫于","4","7","11"
"惊溃","10","1","11"
"巡边","7","4","11"
"折可","4","7","11"
"诏编","5","6","11"
"余兵","6","5","11"
"石州","5","6","11"
"至军","10","1","11"
"大恐","8","3","11"
"能正","7","4","11"
"在澶","3","8","11"
"中火","9","2","11"
"伏地","7","4","11"
"上州","6","5","11"
"并分","3","8","11"
"部财","5","6","11"
"史斌","4","7","11"
"余大","2","9","11"
"臣康","6","5","11"
"邵成","5","6","11"
"刘惟","4","7","11"
"荀为","5","6","11"
"初命","10","1","11"
"浩遣","11","0","11"
"曾择","3","8","11"
"复辟","10","1","11"
"俱罢","10","1","11"
"条约","5","6","11"
"王钧","5","6","11"
"与辅","5","6","11"
"复直","9","2","11"
"犯和","4","7","11"
"飞等","5","6","11"
"航海","8","3","11"
"令朱","1","10","11"
"晁公","8","3","11"
"领陈","3","8","11"
"浚请","4","7","11"
"宋用","4","7","11"
"遇金","8","3","11"
"僭位","2","9","11"
"自楚","9","2","11"
"州渡","4","7","11"
"沙上","7","4","11"
"官遥","6","5","11"
"在越","4","7","11"
"任县","2","9","11"
"使向","3","8","11"
"帅赵","7","4","11"
"从自","1","10","11"
"征取","1","10","11"
"请选","6","5","11"
"在顺","3","8","11"
"中部","2","9","11"
"翟汝","4","7","11"
"及忠","7","4","11"
"中胡","6","5","11"
"至楚","11","0","11"
"判州","7","4","11"
"齐知","9","2","11"
"周十","5","6","11"
"十隆","5","6","11"
"王忠","5","6","11"
"原军","6","5","11"
"王翊","6","5","11"
"遣魏","6","5","11"
"置边","7","4","11"
"听读","5","6","11"
"世已","5","6","11"
"降敕","7","4","11"
"留屯","8","3","11"
"税折","5","6","11"
"欠税","4","7","11"
"屯镇","5","6","11"
"人封","3","8","11"
"安而","5","6","11"
"密行","6","5","11"
"莫将","5","6","11"
"领李","1","10","11"
"邓二","3","8","11"
"纳叛","5","6","11"
"选锋","7","4","11"
"朱弁","5","6","11"
"令殿","3","8","11"
"一作","9","2","11"
"其客","10","1","11"
"等户","6","5","11"
"遣钱","6","5","11"
"格天","7","4","11"
"酒礼","5","6","11"
"春耕","2","9","11"
"光所","4","7","11"
"上罢","2","9","11"
"子盖","5","6","11"
"力诋","4","7","11"
"条令","3","8","11"
"汪召","5","6","11"
"道碑","5","6","11"
"吏额","6","5","11"
"来加","1","10","11"
"宗两","4","7","11"
"加刘","3","8","11"
"禁宫","2","9","11"
"俊曰","11","0","11"
"中开","1","10","11"
"往北","1","10","11"
"道等","5","6","11"
"衣粮","6","5","11"
"费钱","6","5","11"
"诩善","2","9","11"
"储之","7","4","11"
"朝德","9","2","11"
"甫倜","7","4","11"
"吴盖","2","9","11"
"各陈","7","4","11"
"名次","1","10","11"
"弊事","6","5","11"
"以虞","9","2","11"
"械系","9","2","11"
"领殿","6","5","11"
"奏功","8","3","11"
"亲嫌","7","4","11"
"蒋芾","11","0","11"
"解送","1","10","11"
"家等","4","7","11"
"卿请","6","5","11"
"给衣","4","7","11"
"字牌","5","6","11"
"两广","2","9","11"
"解之","11","0","11"
"详文","5","6","11"
"林答","4","7","11"
"远小","7","4","11"
"帝玉","6","5","11"
"平米","5","6","11"
"得献","2","9","11"
"职如","6","5","11"
"苗米","6","5","11"
"命继","5","6","11"
"以争","6","5","11"
"买军","2","9","11"
"省部","5","6","11"
"宫问","5","6","11"
"是七","1","10","11"
"不轻","3","8","11"
"循道","3","8","11"
"吉服","4","7","11"
"代输","9","2","11"
"林郎","5","6","11"
"从寿","3","8","11"
"始对","1","10","11"
"力谏","7","4","11"
"沈有","7","4","11"
"下奏","3","8","11"
"擅离","4","7","11"
"口渡","5","6","11"
"府给","2","9","11"
"徐景","5","6","11"
"择可","5","6","11"
"鼎与","7","4","11"
"刘世","4","7","11"
"能参","1","10","11"
"省吏","7","4","11"
"小郡","5","6","11"
"田主","4","7","11"
"以捷","11","0","11"
"于泗","8","3","11"
"全自","6","5","11"
"全将","8","3","11"
"老儒","5","6","11"
"知袁","7","4","11"
"忠宣","6","5","11"
"有背","3","8","11"
"癸仲","6","5","11"
"撰知","8","3","11"
"近岁","11","0","11"
"定居","1","10","11"
"徐元","5","6","11"
"本家","4","7","11"
"朱扬","5","6","11"
"吴泳","4","7","11"
"罪重","6","5","11"
"离失","1","10","11"
"应军","2","9","11"
"压境","4","7","11"
"路合","3","8","11"
"总所","7","4","11"
"年生","7","4","11"
"其阵","9","2","11"
"清献","6","5","11"
"有保","3","8","11"
"诏余","4","7","11"
"是役","10","1","11"
"惇颐","11","0","11"
"足畏","7","4","11"
"丰之","7","4","11"
"谒告","10","1","11"
"又战","5","6","11"
"又力","7","4","11"
"属有","6","5","11"
"过百","2","9","11"
"都安","2","9","11"
"知嘉","8","3","11"
"立修","5","6","11"
"试用","3","8","11"
"薄城","11","0","11"
"抚王","7","4","11"
"孙孔","2","9","11"
"朱禩","11","0","11"
"禩孙","11","0","11"
"吾民","11","0","11"
"急事","4","7","11"
"判福","6","5","11"
"旧任","6","5","11"
"道防","1","10","11"
"蜀道","9","2","11"
"拱卫","4","7","11"
"居南","6","5","11"
"邳州","5","6","11"
"文翁","5","6","11"
"时给","4","7","11"
"知和","6","5","11"
"在迩","4","7","11"
"发策","8","3","11"
"命平","2","9","11"
"王","11","0","11"
"租户","3","8","11"
"路相","2","9","11"
"缴还","7","4","11"
"令福","1","10","11"
"兵皆","10","1","11"
"皋亭","6","5","11"
"伏望","9","2","11"
"同吴","1","10","11"
"其南","10","1","11"
"抑之","11","0","11"
"双规","6","5","11"
"法一","1","10","11"
"失传","1","10","11"
"平正","2","9","11"
"然当","4","7","11"
"玉权","3","8","11"
"唐以","8","3","11"
"门第","4","7","11"
"主危","6","5","11"
"臣黜","11","0","11"
"垣西","3","8","11"
"次将","5","6","11"
"斗杓","4","7","11"
"备以","4","7","11"
"主战","5","6","11"
"属张","7","4","11"
"骑官","5","6","11"
"宗得","2","9","11"
"族有","3","8","11"
"律制","1","10","11"
"宿上","3","8","11"
"民忧","6","5","11"
"则守","9","2","11"
"臣专","6","5","11"
"距西","10","1","11"
"解衣","6","5","11"
"急而","5","6","11"
"息之","7","4","11"
"有修","3","8","11"
"刍稾","8","3","11"
"在八","1","10","11"
"下图","2","9","11"
"下起","3","8","11"
"蓄积","2","9","11"
"理也","7","4","11"
"书属","8","3","11"
"贼在","3","8","11"
"于堂","5","6","11"
"有问","6","5","11"
"加四","2","9","11"
"政出","8","3","11"
"老妇","2","9","11"
"罗崇","4","7","11"
"帛书","5","6","11"
"用是","5","6","11"
"他受","1","10","11"
"选中","5","6","11"
"出声","2","9","11"
"断以","9","2","11"
"请先","8","3","11"
"厚有","8","3","11"
"丧祭","1","10","11"
"后受","5","6","11"
"道七","3","8","11"
"在德","3","8","11"
"李皇","2","9","11"
"后请","4","7","11"
"阴与","9","2","11"
"谥恭","10","1","11"
"任通","1","10","11"
"有援","3","8","11"
"琪等","5","6","11"
"奏留","10","1","11"
"宣召","4","7","11"
"下明","6","5","11"
"张声","1","10","11"
"维翰","5","6","11"
"乐善","6","5","11"
"位宰","5","6","11"
"年作","2","9","11"
"吝啬","2","9","11"
"卫都","5","6","11"
"宅一","4","7","11"
"朝与","6","5","11"
"念及","2","9","11"
"唐军","1","10","11"
"门而","6","5","11"
"握重","4","7","11"
"宗平","3","8","11"
"其爱","7","4","11"
"不尊","4","7","11"
"内制","6","5","11"
"召问","6","5","11"
"下审","6","5","11"
"安身","2","9","11"
"成算","9","2","11"
"乎不","3","8","11"
"咎于","5","6","11"
"司设","3","8","11"
"宗叹","3","8","11"
"矩为","5","6","11"
"又喜","2","9","11"
"素知","11","0","11"
"使蜀","7","4","11"
"妓女","3","8","11"
"敢发","9","2","11"
"升堂","3","8","11"
"束手","5","6","11"
"怒不","3","8","11"
"安敢","11","0","11"
"吾欲","11","0","11"
"势大","3","8","11"
"彬在","1","10","11"
"乃授","11","0","11"
"策也","11","0","11"
"领禁","2","9","11"
"而果","9","2","11"
"积功","4","7","11"
"居洛","6","5","11"
"叟曰","11","0","11"
"拜御","11","0","11"
"公用","5","6","11"
"论一","2","9","11"
"深信","4","7","11"
"臣开","3","8","11"
"世儒","7","4","11"
"中言","7","4","11"
"能忘","2","9","11"
"因对","11","0","11"
"位与","3","8","11"
"献策","6","5","11"
"欲置","11","0","11"
"丹不","4","7","11"
"倾心","4","7","11"
"既退","11","0","11"
"张正","5","6","11"
"他心","1","10","11"
"不小","3","8","11"
"康宁","4","7","11"
"还奏","9","2","11"
"老上","4","7","11"
"则官","6","5","11"
"好施","5","6","11"
"外郡","6","5","11"
"备敌","3","8","11"
"知陕","7","4","11"
"言一","5","6","11"
"之敌","4","7","11"
"去枢","1","10","11"
"锡又","4","7","11"
"再为","4","7","11"
"队有","1","10","11"
"类此","10","1","11"
"抄录","1","10","11"
"司库","5","6","11"
"所喜","2","9","11"
"扼其","9","2","11"
"家僮","5","6","11"
"士得","3","8","11"
"病未","2","9","11"
"一念","8","3","11"
"传有","3","8","11"
"且死","11","0","11"
"继以","11","0","11"
"中风","3","8","11"
"字不","4","7","11"
"薛映","5","6","11"
"谓辅","11","0","11"
"官交","5","6","11"
"求管","1","10","11"
"困敝","3","8","11"
"击众","6","5","11"
"利也","10","1","11"
"荡平","1","10","11"
"以葬","10","1","11"
"夫无","6","5","11"
"下数","4","7","11"
"者八","11","0","11"
"争议","5","6","11"
"词赋","5","6","11"
"因监","1","10","11"
"又代","2","9","11"
"犯颜","6","5","11"
"以罢","2","9","11"
"喜谈","7","4","11"
"慨有","7","4","11"
"判定","2","9","11"
"军没","1","10","11"
"恐自","10","1","11"
"词头","9","2","11"
"是令","1","10","11"
"以引","4","7","11"
"与文","5","6","11"
"伏发","11","0","11"
"无险","6","5","11"
"旨兼","6","5","11"
"御览","6","5","11"
"乡举","7","4","11"
"便籴","5","6","11"
"六卿","6","5","11"
"一命","4","7","11"
"祖非","1","10","11"
"司移","5","6","11"
"视同","2","9","11"
"从师","3","8","11"
"沈元","1","10","11"
"一问","2","9","11"
"恃以","10","1","11"
"山民","2","9","11"
"大修","5","6","11"
"者而","9","2","11"
"外补","7","4","11"
"而给","5","6","11"
"言边","9","2","11"
"隔阂","1","10","11"
"密上","1","10","11"
"自幼","6","5","11"
"而禁","7","4","11"
"是叛","1","10","11"
"迂阔","7","4","11"
"官又","2","9","11"
"图上","6","5","11"
"将上","6","5","11"
"劝讲","7","4","11"
"曾多","1","10","11"
"权右","8","3","11"
"方交","4","7","11"
"略曰","11","0","11"
"建节","9","2","11"
"胸中","6","5","11"
"驳之","10","1","11"
"塞言","4","7","11"
"督师","5","6","11"
"时应","3","8","11"
"避敌","3","8","11"
"中金","2","9","11"
"当论","6","5","11"
"是欺","1","10","11"
"又留","1","10","11"
"而提","1","10","11"
"能给","2","9","11"
"且用","3","8","11"
"空城","5","6","11"
"位官","1","10","11"
"王〈","11","0","11"
"先论","2","9","11"
"早有","3","8","11"
"诸羌","8","3","11"
"调护","10","1","11"
"以提","3","8","11"
"有陛","3","8","11"
"怠惰","1","10","11"
"如遇","2","9","11"
"誓言","1","10","11"
"因一","3","8","11"
"其指","7","4","11"
"冉氏","3","8","11"
"剀切","9","2","11"
"辟置","9","2","11"
"彦威","5","6","11"
"不贷","3","8","11"
"敌大","8","3","11"
"为接","3","8","11"
"臣争","5","6","11"
"诤之","8","3","11"
"党论","7","4","11"
"可计","5","6","11"
"土城","5","6","11"
"下动","1","10","11"
"上手","6","5","11"
"上白","1","10","11"
"府后","3","8","11"
"用老","3","8","11"
"杨畏","3","8","11"
"励精","2","9","11"
"补于","7","4","11"
"手而","4","7","11"
"桧与","7","4","11"
"仁上","3","8","11"
"发时","1","10","11"
"顺承","3","8","11"
"文风","2","9","11"
"就安","2","9","11"
"纳不","4","7","11"
"恶少","7","4","11"
"未赴","2","9","11"
"能逃","2","9","11"
"于忠","3","8","11"
"感化","1","10","11"
"史修","2","9","11"
"安失","4","7","11"
"葵以","6","5","11"
"自与","2","9","11"
"论和","3","8","11"
"日积","4","7","11"
"一新","4","7","11"
"敬夫","3","8","11"
"全兵","9","2","11"
"信大","1","10","11"
"当追","4","7","11"
"时征","2","9","11"
"大悟","6","5","11"
"石执","4","7","11"
"以挽","2","9","11"
"变迁","1","10","11"
"辞而","4","7","11"
"养性","2","9","11"
"门庭","1","10","11"
"巧为","6","5","11"
"而认","1","10","11"
"吉兆","1","10","11"
"下下","4","7","11"
"会聚","2","9","11"
"人日","3","8","11"
"其它","2","9","11"
"石介","4","7","11"
"得士","7","4","11"
"和进","2","9","11"
"上采","1","10","11"
"结好","5","6","11"
"黄龟","5","6","11"
"极盛","2","9","11"
"可听","6","5","11"
"章中","1","10","11"
"备粮","1","10","11"
"中称","1","10","11"
"断决","1","10","11"
"从远","1","10","11"
"好意","1","10","11"
"无敌","3","8","11"
"高洁","1","10","11"
"是首","2","9","11"
"中长","1","10","11"
"人假","3","8","11"
"成祸","3","8","11"
"入宣","4","7","11"
"便进","3","8","11"
"别设","1","10","11"
"重铠","8","3","11"
"入扬","5","6","11"
"恤国","5","6","11"
"众兵","2","9","11"
"且与","6","5","11"
"恃宠","3","8","11"
"清闲","2","9","11"
"而依","1","10","11"
"恬淡","1","10","11"
"鼎以","7","4","11"
"是显","1","10","11"
"意用","4","7","11"
"从后","1","10","11"
"挞辣","9","2","11"
"也自","1","10","11"
"敌使","1","10","11"
"先死","3","8","11"
"全又","4","7","11"
"府请","2","9","11"
"胶西","5","6","11"
"能消","1","10","11"
"卞整","4","7","11"
"使全","3","8","11"
"门接","2","9","11"
"帝巡","1","10","11"
"周朗","1","10","11"
"为秀","2","9","11"
"知润","6","5","11"
"石与","5","6","11"
"是未","3","8","11"
"启从","1","10","11"
"廷特","1","10","11"
"荐张","3","8","11"
"将三","4","7","11"
"对来","1","10","11"
"兵随","1","10","11"
"此两","2","9","11"
"守长","2","9","11"
"章不","2","9","11"
"而招","3","8","11"
"门谢","5","6","11"
"石对","3","8","11"
"是吕","2","9","11"
"灾地","2","9","11"
"在渭","1","10","11"
"地肥","1","10","11"
"龙珂","5","6","11"
"为最","3","8","11"
"诏向","2","9","11"
"法可","3","8","11"
"时五","2","9","11"
"二堡","5","6","11"
"取用","1","10","11"
"以活","1","10","11"
"像以","1","10","11"
"污吏","1","10","11"
"徒然","1","10","11"
"断专","1","10","11"
"换为","1","10","11"
"脱去","2","9","11"
"进任","1","10","11"
"世请","3","8","11"
"浚当","2","9","11"
"任赵","1","10","11"
"病为","1","10","11"
"蔡靖","3","8","11"
"因河","1","10","11"
"是通","1","10","11"
"持长","3","8","11"
"重处","2","9","11"
"桧同","3","8","11"
"令湖","1","10","11"
"老婆","1","10","11"
"于直","1","10","11"
"宪被","1","10","11"
"孙都","1","10","11"
"获敌","1","10","11"
"端说","1","10","11"
"是河","1","10","11"
"诈之","1","10","11"
"表中","1","10","11"
"别给","1","10","11"
"才进","1","10","11"
"任执","1","10","11"
"封书","1","10","11"
"山来","3","8","11"
"军需","1","10","11"
"桧独","5","6","11"
"家出","1","10","11"
"奉局","4","7","11"
"朱冲","1","10","11"
"因太","1","10","11"
"力加","1","10","11"
"孙谔","1","10","11"
"散乱","1","10","11"
"付他","1","10","11"
"迫的","0","11","11"
"都去","0","11","11"
"这实","0","11","11"
"免一","0","11","11"
"战祸","0","11","11"
"是强","0","11","11"
"动都","0","11","11"
"关进","0","11","11"
"力来","0","11","11"
"年迈","0","11","11"
"也像","0","11","11"
"外又","0","11","11"
"了八","0","11","11"
"传统","0","11","11"
"域的","0","11","11"
"站着","0","11","11"
"料的","0","11","11"
"们要","0","11","11"
"经离","0","11","11"
"它在","0","11","11"
"以曰","0","11","11"
"分子","0","11","11"
"加的","0","11","11"
"快慢","0","11","11"
"慢的","0","11","11"
"据这","0","11","11"
"综合","0","11","11"
"视四","0","11","11"
"到而","0","11","11"
"抑降","0","11","11"
"的轻","0","11","11"
"们同","0","11","11"
"挖掘","0","11","11"
"祀和","0","11","11"
"传扬","0","11","11"
"然进","0","11","11"
"了极","0","11","11"
"灵位","0","11","11"
"酌详","0","11","11"
"丧时","0","11","11"
"祀完","0","11","11"
"面八","0","11","11"
"的杂","0","11","11"
"姓就","0","11","11"
"这孩","0","11","11"
"壁的","0","11","11"
"才把","0","11","11"
"党营","0","11","11"
"尧的","0","11","11"
"倍的","0","11","11"
"的酒","0","11","11"
"能完","0","11","11"
"次受","0","11","11"
"滋润","0","11","11"
"平盛","0","11","11"
"天了","0","11","11"
"有仁","0","11","11"
"理百","0","11","11"
"要依","0","11","11"
"发髻","0","11","11"
"这很","0","11","11"
"马颖","0","11","11"
"了当","0","11","11"
"到什","0","11","11"
"给它","0","11","11"
"惩处","0","11","11"
"些情","0","11","11"
"亡时","0","11","11"
"再去","0","11","11"
"风灾","0","11","11"
"说和","0","11","11"
"不醒","0","11","11"
"报皇","0","11","11"
"派三","0","11","11"
"曾出","0","11","11"
"笑话","0","11","11"
"放下","0","11","11"
"渊博","0","11","11"
"和武","0","11","11"
"借着","0","11","11"
"很小","0","11","11"
"常悲","0","11","11"
"被禁","0","11","11"
"该把","0","11","11"
"以叫","0","11","11"
"的共","0","11","11"
"增进","0","11","11"
"请你","0","11","11"
"么知","0","11","11"
"我可","0","11","11"
"们已","0","11","11"
"场的","0","11","11"
"势很","0","11","11"
"除自","0","11","11"
"让三","0","11","11"
"仅不","0","11","11"
"多没","0","11","11"
"到目","0","11","11"
"他走","0","11","11"
"锐的","0","11","11"
"的队","0","11","11"
"个好","0","11","11"
"个机","0","11","11"
"天爷","0","11","11"
"带病","0","11","11"
"呆在","0","11","11"
"非曲","0","11","11"
"但皇","0","11","11"
"也多","0","11","11"
"只想","0","11","11"
"去皇","0","11","11"
"诱惑","0","11","11"
"能放","0","11","11"
"填满","0","11","11"
"么我","0","11","11"
"廷认","0","11","11"
"掉下","0","11","11"
"独特","0","11","11"
"经和","0","11","11"
"祖接","0","11","11"
"如他","0","11","11"
"养活","0","11","11"
"话而","0","11","11"
"摒弃","0","11","11"
"键在","0","11","11"
"的友","0","11","11"
"掩饰","0","11","11"
"有那","0","11","11"
"成他","0","11","11"
"辱骂","0","11","11"
"到老","0","11","11"
"划的","0","11","11"
"队溃","0","11","11"
"到盱","0","11","11"
"碎尸","0","11","11"
"赶得","0","11","11"
"行贿","0","11","11"
"承认","0","11","11"
"服和","0","11","11"
"被叛","0","11","11"
"中却","0","11","11"
"队都","0","11","11"
"照办","0","11","11"
"只应","0","11","11"
"经验","0","11","11"
"我再","0","11","11"
"却要","0","11","11"
"人怎","0","11","11"
"的刺","0","11","11"
"舜帝","0","11","11"
"撤掉","0","11","11"
"着时","0","11","11"
"力地","0","11","11"
"到便","0","11","11"
"有哪","0","11","11"
"当吴","0","11","11"
"的善","0","11","11"
"宠的","0","11","11"
"只一","0","11","11"
"的赞","0","11","11"
"超群","0","11","11"
"王们","0","11","11"
"便让","0","11","11"
"伐叛","0","11","11"
"的周","0","11","11"
"兴旺","0","11","11"
"个皇","0","11","11"
"他给","0","11","11"
"廷时","0","11","11"
"再追","0","11","11"
"做大","0","11","11"
"你去","0","11","11"
"究他","0","11","11"
"品的","0","11","11"
"都送","0","11","11"
"了之","0","11","11"
"指望","0","11","11"
"制裁","0","11","11"
"呼叫","0","11","11"
"和自","0","11","11"
"然死","0","11","11"
"不看","0","11","11"
"有批","0","11","11"
"次朝","0","11","11"
"夷的","0","11","11"
"经到","0","11","11"
"到政","0","11","11"
"圈环","0","11","11"
"很感","0","11","11"
"给儿","0","11","11"
"准说","0","11","11"
"羞愧","0","11","11"
"变换","0","11","11"
"军焚","0","11","11"
"的朔","0","11","11"
"派骑","0","11","11"
"就前","0","11","11"
"他并","0","11","11"
"造谣","0","11","11"
"来保","0","11","11"
"这与","0","11","11"
"没了","0","11","11"
"有对","0","11","11"
"受牵","0","11","11"
"副官","0","11","11"
"科考","0","11","11"
"请陛","0","11","11"
"渊的","0","11","11"
"归的","0","11","11"
"现他","0","11","11"
"的选","0","11","11"
"告了","0","11","11"
"要知","0","11","11"
"要从","0","11","11"
"很困","0","11","11"
"只需","0","11","11"
"个头","0","11","11"
"写着","0","11","11"
"的幕","0","11","11"
"为受","0","11","11"
"零一","0","11","11"
"用银","0","11","11"
"佩钢","0","11","11"
"周长","0","11","11"
"星向","0","11","11"
"兆的","0","11","11"
"的园","0","11","11"
"雀停","0","11","11"
"开花","0","11","11"
"载有","0","11","11"
"的梁","0","11","11"
"命钱","0","11","11"
"精简","0","11","11"
"康知","0","11","11"
"都兼","0","11","11"
"赵贵","0","11","11"
"与丙","0","11","11"
"前各","0","11","11"
"领都","0","11","11"
"都弃","0","11","11"
"个奏","0","11","11"
"任检","0","11","11"
"任彰","0","11","11"
"任祠","0","11","11"
"疏的","0","11","11"
"交的","0","11","11"
"很精","0","11","11"
"盾牌","0","11","11"
"散了","0","11","11"
"恩的","0","11","11"
"的妹","0","11","11"
"另加","0","11","11"
"拼命","0","11","11"
"集起","0","11","11"
"他杀","0","11","11"
"人兵","0","11","11"
"像他","0","11","11"
"众都","0","11","11"
"猛烈","0","11","11"
"继出","0","11","11"
"真心","0","11","11"
"廷陈","0","11","11"
"单人","0","11","11"
"他而","0","11","11"
"虑了","0","11","11"
"军赶","0","11","11"
"多艘","0","11","11"
"到保","0","11","11"
"的户","0","11","11"
"了江","0","11","11"
"监牢","0","11","11"
"廷征","0","11","11"
"划叛","0","11","11"
"病时","0","11","11"
"到允","0","11","11"
"件的","0","11","11"
"时派","0","11","11"
"自统","0","11","11"
"是尊","0","11","11"
"仪完","0","11","11"
"乐意","0","11","11"
"照前","0","11","11"
"份的","0","11","11"
"肃的","0","11","11"
"的末","0","11","11"
"男孩","0","11","11"
"议在","0","11","11"
"北魏","0","11","11"
"照汉","0","11","11"
"题写","0","11","11"
"天用","0","11","11"
"丧离","0","11","11"
"军照","0","11","11"
"候了","0","11","11"
"所辖","0","11","11"
"过皇","0","11","11"
"侍的","0","11","11"
"管事","0","11","11"
"任卫","0","11","11"
"缺粮","0","11","11"
"舜的","0","11","11"
"偷盗","0","11","11"
"废掉","0","11","11"
"我早","0","11","11"
"被世","0","11","11"
"条罪","0","11","11"
"爵的","0","11","11"
"济百","0","11","11"
"病没","0","11","11"
"被录","0","11","11"
"上千","0","11","11"
"久才","0","11","11"
"私的","0","11","11"
"的随","0","11","11"
"征暴","0","11","11"
"儿的","0","11","11"
"门用","0","11","11"
"六匹","0","11","11"
"了礼","0","11","11"
"是乐","0","11","11"
"偏差","0","11","11"
"短的","0","11","11"
"开的","0","11","11"
"在垂","0","11","11"
"系的","0","11","11"
"雨的","0","11","11"
"就再","0","11","11"
"就向","0","11","11"
"率地","0","11","11"
"查核","0","11","11"
"的岁","0","11","11"
"也随","0","11","11"
"衹能","0","11","11"
"本的","0","11","11"
"数和","0","11","11"
"是历","0","11","11"
"透彻","0","11","11"
"乱说","0","11","11"
"数据","0","11","11"
"国境","0","11","11"
"此看","0","11","11"
"周正","0","11","11"
"列的","0","11","11"
"接触","0","11","11"
"周的","0","11","11"
"时起","0","11","11"
"留了","0","11","11"
"并要","0","11","11"
"的含","0","11","11"
"是告","0","11","11"
"察的","0","11","11"
"每件","0","11","11"
"各城","0","11","11"
"式的","0","11","11"
"奉父","0","11","11"
"让自","0","11","11"
"当刘","0","11","11"
"服呢","0","11","11"
"的需","0","11","11"
"在守","0","11","11"
"奉侍","0","11","11"
"嗣的","0","11","11"
"他重","0","11","11"
"的啊","0","11","11"
"的嫡","0","11","11"
"裹的","0","11","11"
"都设","0","11","11"
"返穿","0","11","11"
"的妃","0","11","11"
"丧满","0","11","11"
"次议","0","11","11"
"么有","0","11","11"
"种制","0","11","11"
"状像","0","11","11"
"刻在","0","11","11"
"过参","0","11","11"
"．大","0","11","11"
"求升","0","11","11"
"员分","0","11","11"
"的印","0","11","11"
"日到","0","11","11"
"续到","0","11","11"
"据地","0","11","11"
"卒的","0","11","11"
"共四","0","11","11"
"境战","0","11","11"
"在泰","0","11","11"
"维系","0","11","11"
"的答","0","11","11"
"为处","0","11","11"
"比的","0","11","11"
"他那","0","11","11"
"降落","0","11","11"
"了魏","0","11","11"
"的吴","0","11","11"
"宗和","0","11","11"
"到世","0","11","11"
"放入","0","11","11"
"和晋","0","11","11"
"果因","0","11","11"
"制规","0","11","11"
"装载","0","11","11"
"会受","0","11","11"
"爵奉","0","11","11"
"见认","0","11","11"
"是关","0","11","11"
"是建","0","11","11"
"底座","0","11","11"
"滋生","0","11","11"
"情没","0","11","11"
"组成","0","11","11"
"辂车","0","11","11"
"上画","0","11","11"
"带苍","0","11","11"
"水色","0","11","11"
"它下","0","11","11"
"颁发","0","11","11"
"官退","0","11","11"
"从宫","0","11","11"
"带子","0","11","11"
"章法","0","11","11"
"身材","0","11","11"
"就辞","0","11","11"
"看的","0","11","11"
"投靠","0","11","11"
"他召","0","11","11"
"来感","0","11","11"
"领地","0","11","11"
"穷尽","0","11","11"
"掌政","0","11","11"
"见底","0","11","11"
"州多","0","11","11"
"都惊","0","11","11"
"滥用","0","11","11"
"怪罪","0","11","11"
"待机","0","11","11"
"壮的","0","11","11"
"界限","0","11","11"
"宿则","0","11","11"
"表皇","0","11","11"
"地被","0","11","11"
"却被","0","11","11"
"象表","0","11","11"
"光亮","0","11","11"
"伴有","0","11","11"
"到七","0","11","11"
"国去","0","11","11"
"军占","0","11","11"
"共八","0","11","11"
"两颗","0","11","11"
"兆头","0","11","11"
"诵读","0","11","11"
"起先","0","11","11"
"到济","0","11","11"
"家住","0","11","11"
"就打","0","11","11"
"缘无","0","11","11"
"是写","0","11","11"
"吃惊","0","11","11"
"面临","0","11","11"
"稽的","0","11","11"
"的侨","0","11","11"
"的粟","0","11","11"
"木的","0","11","11"
"编入","0","11","11"
"类人","0","11","11"
"犯占","0","11","11"
"运来","0","11","11"
"据刘","0","11","11"
"己家","0","11","11"
"是盛","0","11","11"
"祖很","0","11","11"
"被吹","0","11","11"
"宫和","0","11","11"
"族夷","0","11","11"
"案情","0","11","11"
"占的","0","11","11"
"过节","0","11","11"
"受饥","0","11","11"
"李意","0","11","11"
"正逢","0","11","11"
"是贾","0","11","11"
"也属","0","11","11"
"他命","0","11","11"
"都获","0","11","11"
"冒着","0","11","11"
"趁着","0","11","11"
"是防","0","11","11"
"终导","0","11","11"
"他见","0","11","11"
"年仅","0","11","11"
"到许","0","11","11"
"是法","0","11","11"
"冲坏","0","11","11"
"加严","0","11","11"
"灾和","0","11","11"
"挡住","0","11","11"
"次地","0","11","11"
"分愤","0","11","11"
"的游","0","11","11"
"都隶","0","11","11"
"是原","0","11","11"
"他转","0","11","11"
"定各","0","11","11"
"说太","0","11","11"
"沉重","0","11","11"
"分配","0","11","11"
"都做","0","11","11"
"鄙视","0","11","11"
"下打","0","11","11"
"湛的","0","11","11"
"便马","0","11","11"
"也想","0","11","11"
"就来","0","11","11"
"另派","0","11","11"
"回他","0","11","11"
"当参","0","11","11"
"到雍","0","11","11"
"有点","0","11","11"
"怕敌","0","11","11"
"堤坝","0","11","11"
"和骑","0","11","11"
"他太","0","11","11"
"吉的","0","11","11"
"速前","0","11","11"
"扩张","0","11","11"
"的戍","0","11","11"
"任晋","0","11","11"
"吏到","0","11","11"
"会更","0","11","11"
"姓一","0","11","11"
"去金","0","11","11"
"轻了","0","11","11"
"么皇","0","11","11"
"叔伯","0","11","11"
"营的","0","11","11"
"毛病","0","11","11"
"欢谈","0","11","11"
"对范","0","11","11"
"病逝","0","11","11"
"请将","0","11","11"
"你还","0","11","11"
"全权","0","11","11"
"下怎","0","11","11"
"写给","0","11","11"
"被补","0","11","11"
"拘禁","0","11","11"
"果只","0","11","11"
"廷商","0","11","11"
"姓大","0","11","11"
"姓感","0","11","11"
"脚病","0","11","11"
"和沈","0","11","11"
"还亲","0","11","11"
"综说","0","11","11"
"拿给","0","11","11"
"你父","0","11","11"
"和过","0","11","11"
"现钱","0","11","11"
"开他","0","11","11"
"主力","0","11","11"
"他五","0","11","11"
"机进","0","11","11"
"份兼","0","11","11"
"世离","0","11","11"
"他钱","0","11","11"
"次贬","0","11","11"
"他分","0","11","11"
"布命","0","11","11"
"们打","0","11","11"
"夜时","0","11","11"
"个骑","0","11","11"
"没一","0","11","11"
"表推","0","11","11"
"着诏","0","11","11"
"他告","0","11","11"
"宗都","0","11","11"
"官做","0","11","11"
"渡黄","0","11","11"
"自进","0","11","11"
"们投","0","11","11"
"他投","0","11","11"
"不稳","0","11","11"
"馈赠","0","11","11"
"地向","0","11","11"
"水进","0","11","11"
"于写","0","11","11"
"被认","0","11","11"
"都予","0","11","11"
"把黄","0","11","11"
"攫州","0","11","11"
"生蝗","0","11","11"
"官棒","0","11","11"
"经的","0","11","11"
"出售","0","11","11"
"郊狩","0","11","11"
"情绪","0","11","11"
"门抵","0","11","11"
"川各","0","11","11"
"听候","0","11","11"
"的口","0","11","11"
"红气","0","11","11"
"止两","0","11","11"
"貌州","0","11","11"
"宗多","0","11","11"
"的惯","0","11","11"
"收埋","0","11","11"
"翱宫","0","11","11"
"到慈","0","11","11"
"任修","0","11","11"
"确厮","0","11","11"
"任少","0","11","11"
"起商","0","11","11"
"任山","0","11","11"
"殿治","0","11","11"
"予恩","0","11","11"
"命担","0","11","11"
"虹横","0","11","11"
"星显","0","11","11"
"路早","0","11","11"
"区发","0","11","11"
"宋神","0","11","11"
"理关","0","11","11"
"向各","0","11","11"
"京被","0","11","11"
"天陨","0","11","11"
"来李","0","11","11"
"让赵","0","11","11"
"队隶","0","11","11"
"纲被","0","11","11"
"浩到","0","11","11"
"鼎的","0","11","11"
"道到","0","11","11"
"浚派","0","11","11"
"人越","0","11","11"
"队屯","0","11","11"
"业生","0","11","11"
"因台","0","11","11"
"应归","0","11","11"
"理刑","0","11","11"
"像唐","0","11","11"
"对说","0","11","11"
"个回","0","11","11"
"朱祀","0","11","11"
"祀孙","0","11","11"
"定让","0","11","11"
"太快","0","11","11"
"主厌","0","11","11"
"前次","0","11","11"
"氵解","0","11","11"
"解脱","0","11","11"
"吴千","0","11","11"
"千干","0","11","11"
"他罢","0","11","11"
"一栋","0","11","11"
"泽说","0","11","11"
"只令","0","11","11"
"亻叔","0","11","11"
"任邓","0","11","11"
"敌船","0","11","11"
"悄悄","0","11","11"
"廷加","0","11","11"
"任亳","0","11","11"
"简的","0","11","11"
"忧郁","0","11","11"
"何蒙","0","11","11"
"谕示","0","11","11"
"的愚","0","11","11"
"廷赠","0","11","11"
"赵扌","0","11","11"
"让李","0","11","11"
"年说","0","11","11"
"将敌","0","11","11"
"理力","0","11","11"
"珙派","0","11","11"
"他赴","0","11","11"
"的货","0","11","11"
"早日","0","11","11"
"心了","0","11","11"
"到汴","0","11","11"
"对秦","0","11","11"
"久金","0","11","11"
"王火","0","11","11"
"而蔡","0","11","11"
"非说","0","11","11"
"刘讳","9","1","10"
"而心","4","6","10"
"优容","10","0","10"
"望所","5","5","10"
"蠲除","8","2","10"
"情事","7","3","10"
"皇基","8","2","10"
"固非","10","0","10"
"用非","8","2","10"
"当道","7","3","10"
"于怀","7","3","10"
"若先","10","0","10"
"欲还","10","0","10"
"合葬","3","7","10"
"示民","3","7","10"
"日甚","8","2","10"
"朕亲","8","2","10"
"亲览","10","0","10"
"非公","9","1","10"
"咸有","9","1","10"
"版籍","7","3","10"
"无从","6","4","10"
"厌之","10","0","10"
"昔在","10","0","10"
"交度","10","0","10"
"则前","9","1","10"
"则今","10","0","10"
"愚臣","2","8","10"
"谓此","10","0","10"
"上通","3","7","10"
"上事","6","4","10"
"遗风","2","8","10"
"从至","8","2","10"
"固以","9","1","10"
"除释","7","3","10"
"代而","3","7","10"
"服后","1","9","10"
"博议","10","0","10"
"若得","8","2","10"
"迁日","9","1","10"
"请免","4","6","10"
"仲月","6","4","10"
"盖亦","10","0","10"
"实也","9","1","10"
"适时","3","7","10"
"舞之","6","4","10"
"次也","6","4","10"
"详所","10","0","10"
"所起","7","3","10"
"奏而","6","4","10"
"哀思","3","7","10"
"以傅","8","2","10"
"俯仰","8","2","10"
"官供","5","5","10"
"天径","5","5","10"
"孺子","9","1","10"
"房之","7","3","10"
"明王","7","3","10"
"于穆","8","2","10"
"降福","2","8","10"
"福以","10","0","10"
"亡也","10","0","10"
"为桓","4","6","10"
"遂兼","8","2","10"
"何而","8","2","10"
"悉诛","10","0","10"
"而异","8","2","10"
"宁有","7","3","10"
"帝由","8","2","10"
"浩以","6","4","10"
"蔡谟","5","5","10"
"有若","10","0","10"
"其类","10","0","10"
"厥风","10","0","10"
"乃进","10","0","10"
"说曰","9","1","10"
"晦朔","8","2","10"
"以腹","9","1","10"
"非可","9","1","10"
"校定","3","7","10"
"迈以","8","2","10"
"月于","3","7","10"
"二仪","9","1","10"
"群僚","8","2","10"
"宗臣","8","2","10"
"之镇","8","2","10"
"若非","9","1","10"
"下未","9","1","10"
"投袂","10","0","10"
"之室","9","1","10"
"武夫","6","4","10"
"诸贤","9","1","10"
"萧墙","6","4","10"
"人离","1","9","10"
"在昔","10","0","10"
"意乃","10","0","10"
"禁物","7","3","10"
"十载","10","0","10"
"之化","10","0","10"
"无恨","9","1","10"
"殆不","10","0","10"
"夫三","8","2","10"
"载籍","10","0","10"
"时更","1","9","10"
"我亦","8","2","10"
"遣信","10","0","10"
"命统","7","3","10"
"奔败","9","1","10"
"所资","10","0","10"
"窃谓","10","0","10"
"居重","7","3","10"
"既下","10","0","10"
"望其","9","1","10"
"在用","3","7","10"
"必由","9","1","10"
"河三","4","6","10"
"近事","7","3","10"
"归山","6","4","10"
"所纠","10","0","10"
"所加","9","1","10"
"之恶","8","2","10"
"臣昔","10","0","10"
"劝诱","3","7","10"
"以启","9","1","10"
"过重","6","4","10"
"以灭","7","3","10"
"灭族","3","7","10"
"见听","9","1","10"
"常谓","10","0","10"
"全了","1","9","10"
"之皆","9","1","10"
"事外","8","2","10"
"可及","8","2","10"
"不悛","9","1","10"
"自可","8","2","10"
"遽以","10","0","10"
"无时","6","4","10"
"时得","2","8","10"
"校之","9","1","10"
"不务","8","2","10"
"止以","8","2","10"
"以仆","6","4","10"
"情愿","3","7","10"
"及人","8","2","10"
"而养","5","5","10"
"厚而","4","6","10"
"辅以","7","3","10"
"通其","9","1","10"
"素之","6","4","10"
"数相","4","6","10"
"论也","8","2","10"
"而于","10","0","10"
"己发","4","6","10"
"无失","10","0","10"
"失度","8","2","10"
"四游","6","4","10"
"为丘","6","4","10"
"谁与","10","0","10"
"内怀","6","4","10"
"虚张","2","8","10"
"及义","9","1","10"
"遨游","3","7","10"
"力屈","9","1","10"
"宗戚","7","3","10"
"宜速","10","0","10"
"惟以","10","0","10"
"劳不","2","8","10"
"帑藏","8","2","10"
"凶祸","5","5","10"
"国士","7","3","10"
"位尊","4","6","10"
"毁其","9","1","10"
"乃心","9","1","10"
"乃就","9","1","10"
"咸谓","10","0","10"
"有逃","4","6","10"
"福之","7","3","10"
"无路","2","8","10"
"形胜","8","2","10"
"复明","7","3","10"
"非惟","10","0","10"
"略有","6","4","10"
"有素","8","2","10"
"其易","8","2","10"
"生平","6","4","10"
"识见","2","8","10"
"以闲","6","4","10"
"犯刑","3","7","10"
"愿效","6","4","10"
"荣宠","3","7","10"
"凶党","6","4","10"
"前出","3","7","10"
"军既","6","4","10"
"旷野","1","9","10"
"时或","8","2","10"
"身无","7","3","10"
"已多","7","3","10"
"其末","10","0","10"
"补其","7","3","10"
"战略","1","9","10"
"刺之","9","1","10"
"禄之","6","4","10"
"号之","7","3","10"
"而主","8","2","10"
"斯人","10","0","10"
"能而","2","8","10"
"在焉","10","0","10"
"大郡","5","5","10"
"可坐","9","1","10"
"有秩","4","6","10"
"心与","4","6","10"
"日国","6","4","10"
"沿流","8","2","10"
"则主","9","1","10"
"时艰","7","3","10"
"小子","5","5","10"
"有交","3","7","10"
"声伎","5","5","10"
"归去","3","7","10"
"非吾","10","0","10"
"良辰","4","6","10"
"辰以","8","2","10"
"苦心","4","6","10"
"祖践","10","0","10"
"一之","9","1","10"
"而辄","10","0","10"
"侵盗","7","3","10"
"依违","9","1","10"
"上当","4","6","10"
"正可","5","5","10"
"脑涂","5","5","10"
"所愿","9","1","10"
"物情","10","0","10"
"凶荒","8","2","10"
"郡境","4","6","10"
"行就","2","8","10"
"复见","10","0","10"
"害于","4","6","10"
"赐天","7","3","10"
"削秩","6","4","10"
"并推","2","8","10"
"从便","8","2","10"
"桧第","8","2","10"
"亦得","10","0","10"
"帝皆","9","1","10"
"银钱","4","6","10"
"怒甚","10","0","10"
"外艰","10","0","10"
"其知","10","0","10"
"何谓","10","0","10"
"福也","9","1","10"
"是八","2","8","10"
"二也","10","0","10"
"知言","9","1","10"
"边隙","7","3","10"
"乃听","10","0","10"
"糗粮","10","0","10"
"即不","7","3","10"
"帝益","10","0","10"
"遂止","10","0","10"
"闽人","6","4","10"
"洁身","3","7","10"
"行下","7","3","10"
"不乏","9","1","10"
"登曰","10","0","10"
"彭泽","5","5","10"
"有纳","5","5","10"
"几而","10","0","10"
"之求","9","1","10"
"世显","4","6","10"
"有窥","6","4","10"
"饮马","4","6","10"
"欲归","10","0","10"
"仪典","4","6","10"
"投之","9","1","10"
"起行","8","2","10"
"将欲","10","0","10"
"可喜","4","6","10"
"其发","7","3","10"
"为恶","7","3","10"
"事尚","8","2","10"
"则二","9","1","10"
"近而","5","5","10"
"惑人","3","7","10"
"疾甚","10","0","10"
"民休","4","6","10"
"吾得","10","0","10"
"造化","6","4","10"
"深于","9","1","10"
"朝旨","8","2","10"
"在告","10","0","10"
"断自","8","2","10"
"而见","9","1","10"
"是数","7","3","10"
"后实","3","7","10"
"此命","5","5","10"
"皆非","10","0","10"
"常时","5","5","10"
"引以","6","4","10"
"困之","7","3","10"
"指其","10","0","10"
"扁鹊","4","6","10"
"用时","1","9","10"
"幕属","9","1","10"
"取官","3","7","10"
"浮言","7","3","10"
"之加","4","6","10"
"旅贲","5","5","10"
"加开","10","0","10"
"刘真","4","6","10"
"真道","4","6","10"
"史衡","6","4","10"
"以荆","10","0","10"
"徐遗","3","7","10"
"郎参","6","4","10"
"祐为","10","0","10"
"琰为","6","4","10"
"任农","5","5","10"
"司王","5","5","10"
"辅师","5","5","10"
"融为","5","5","10"
"粲为","5","5","10"
"令袁","4","6","10"
"纵又","5","5","10"
"皇祖","5","5","10"
"妃张","5","5","10"
"武昭","5","5","10"
"门中","5","5","10"
"贤冠","5","5","10"
"武猛","5","5","10"
"印者","6","4","10"
"门鼓","4","6","10"
"黄云","6","4","10"
"有西","5","5","10"
"乐有","4","6","10"
"我欲","8","2","10"
"高楼","4","6","10"
"乐无","5","5","10"
"伯益","5","5","10"
"我君","5","5","10"
"神龟","5","5","10"
"井二","8","2","10"
"更制","8","2","10"
"星及","5","5","10"
"犯鬼","6","4","10"
"守毕","6","4","10"
"犯第","8","2","10"
"之薨","10","0","10"
"讨鲜","5","5","10"
"同元","5","5","10"
"国师","5","5","10"
"元狩","5","5","10"
"张掖","5","5","10"
"西十","5","5","10"
"兴武","6","4","10"
"里路","1","9","10"
"雀集","10","0","10"
"皇国","5","5","10"
"白沙","5","5","10"
"马死","6","4","10"
"亮太","5","5","10"
"高原","5","5","10"
"原陵","6","4","10"
"攻略","7","3","10"
"于潜","4","6","10"
"阊阖","8","2","10"
"墉城","3","7","10"
"涛水","10","0","10"
"郡临","4","6","10"
"城等","5","5","10"
"都地","9","1","10"
"地陷","10","0","10"
"石山","5","5","10"
"地本","5","5","10"
"吴立","9","1","10"
"合乡","6","4","10"
"乐令","5","5","10"
"武原","5","5","10"
"廪丘","5","5","10"
"本县","4","6","10"
"睢陵","5","5","10"
"尉氏","5","5","10"
"氏令","7","3","10"
"乡令","5","5","10"
"无盐","5","5","10"
"迁宣","9","1","10"
"离太","3","7","10"
"迁司","10","0","10"
"玄保","5","5","10"
"谁知","2","8","10"
"知非","9","1","10"
"封始","6","4","10"
"康大","7","3","10"
"景行","5","5","10"
"令齐","4","6","10"
"张令","4","6","10"
"捷右","5","5","10"
"吴廷","5","5","10"
"尹光","10","0","10"
"都留","4","6","10"
"权判","7","3","10"
"右骁","7","3","10"
"右领","5","5","10"
"书吕","5","5","10"
"并领","7","3","10"
"汉忠","5","5","10"
"丹犯","10","0","10"
"若加","6","4","10"
"允成","5","5","10"
"丹国","4","6","10"
"人戴","1","9","10"
"曰体","10","0","10"
"定章","5","5","10"
"空兼","5","5","10"
"为雷","4","6","10"
"文睿","5","5","10"
"本族","4","6","10"
"马副","5","5","10"
"诏南","6","4","10"
"象为","4","6","10"
"士并","7","3","10"
"复五","5","5","10"
"广源","5","5","10"
"高反","6","4","10"
"命修","9","1","10"
"侍经","7","3","10"
"英文","5","5","10"
"文烈","5","5","10"
"改今","7","3","10"
"相向","4","6","10"
"川首","5","5","10"
"兼编","5","5","10"
"院详","5","5","10"
"赐宗","7","3","10"
"楷为","5","5","10"
"栩为","5","5","10"
"师仁","5","5","10"
"述古","4","6","10"
"建宫","2","8","10"
"黼为","10","0","10"
"书范","5","5","10"
"封雍","5","5","10"
"雍国","5","5","10"
"文顺","5","5","10"
"丞赵","7","3","10"
"左金","5","5","10"
"韦氏","5","5","10"
"领东","4","6","10"
"制辛","5","5","10"
"辛道","5","5","10"
"臣钱","5","5","10"
"择仁","5","5","10"
"西贼","6","4","10"
"守郭","5","5","10"
"北贼","7","3","10"
"遣马","8","2","10"
"简等","4","6","10"
"武尉","5","5","10"
"所提","1","9","10"
"土丁","5","5","10"
"置转","5","5","10"
"以关","9","1","10"
"命保","1","9","10"
"为岁","7","3","10"
"南上","6","4","10"
"诣德","10","0","10"
"曰光","4","6","10"
"慈太","4","6","10"
"偿之","10","0","10"
"除绍","2","8","10"
"猎为","4","6","10"
"淮流","5","5","10"
"圣四","4","6","10"
"兼签","5","5","10"
"贵谊","5","5","10"
"善瀚","4","6","10"
"诏严","4","6","10"
"伯兼","5","5","10"
"承节","5","5","10"
"勇副","5","5","10"
"南制","5","5","10"
"命兼","9","1","10"
"援鄂","6","4","10"
"浙发","5","5","10"
"知重","9","1","10"
"进资","9","1","10"
"直敷","5","5","10"
"奉亲","7","3","10"
"诏董","4","6","10"
"加知","6","4","10"
"永坚","5","5","10"
"命浙","8","2","10"
"州孙","5","5","10"
"魏克","2","8","10"
"府处","2","8","10"
"杨亮","5","5","10"
"亮节","3","7","10"
"吉王","5","5","10"
"唆都","5","5","10"
"道夫","5","5","10"
"忧伤","2","8","10"
"宁七","2","8","10"
"阔一","6","4","10"
"公也","10","0","10"
"三孤","5","5","10"
"凿山","5","5","10"
"陶隐","5","5","10"
"星十","5","5","10"
"十星","10","0","10"
"外二","5","5","10"
"中及","7","3","10"
"教主","5","5","10"
"昭怀","5","5","10"
"贺皇","4","6","10"
"改京","10","0","10"
"封济","8","2","10"
"贻孙","5","5","10"
"判四","5","5","10"
"使杜","4","6","10"
"署兼","5","5","10"
"宾副","5","5","10"
"为次","7","3","10"
"汉超","5","5","10"
"何继","5","5","10"
"继筠","8","2","10"
"谦溥","5","5","10"
"在通","3","7","10"
"彦升","5","5","10"
"边巡","4","6","10"
"凭由","5","5","10"
"陵二","5","5","10"
"宗喜","4","6","10"
"宗庆","3","7","10"
"德六","1","9","10"
"奚屿","3","7","10"
"迁内","10","0","10"
"至济","8","2","10"
"德至","9","1","10"
"丧其","8","2","10"
"谥法","6","4","10"
"不勤","6","4","10"
"保平","5","5","10"
"州宁","5","5","10"
"遣三","7","3","10"
"诗三","5","5","10"
"宋城","5","5","10"
"兵制","3","7","10"
"直孺","5","5","10"
"分东","6","4","10"
"以刑","7","3","10"
"知相","7","3","10"
"中司","5","5","10"
"匹给","5","5","10"
"以门","7","3","10"
"溪集","5","5","10"
"凡百","10","0","10"
"尤袤","6","4","10"
"百篇","5","5","10"
"邪气","4","6","10"
"鸿禧","5","5","10"
"紫衣","5","5","10"
"都昌","5","5","10"
"授武","10","0","10"
"改兼","5","5","10"
"部兼","5","5","10"
"万山","5","5","10"
"审计","4","6","10"
"升侍","6","4","10"
"迁国","8","2","10"
"文苑","5","5","10"
"我宋","3","7","10"
"地间","4","6","10"
"吴遵","2","8","10"
"当责","5","5","10"
"应城","4","6","10"
"王会","5","5","10"
"转般","6","4","10"
"馆学","5","5","10"
"征李","9","1","10"
"吴安","4","6","10"
"以嘉","6","4","10"
"定应","1","9","10"
"忠毅","5","5","10"
"林医","5","5","10"
"元忠","5","5","10"
"子麟","10","0","10"
"令某","5","5","10"
"生郡","9","1","10"
"风骨","6","4","10"
"至吴","7","3","10"
"祖常","4","6","10"
"内兵","9","1","10"
"士数","7","3","10"
"人登","4","6","10"
"为声","6","4","10"
"追奔","10","0","10"
"散兵","2","8","10"
"浮海","8","2","10"
"仅得","8","2","10"
"恃其","10","0","10"
"至白","8","2","10"
"祖请","3","7","10"
"稽内","5","5","10"
"当反","6","4","10"
"自临","8","2","10"
"桓修","5","5","10"
"其八","7","3","10"
"托以","10","0","10"
"檀凭","4","6","10"
"阳相","3","7","10"
"我等","4","6","10"
"迈为","4","6","10"
"府人","5","5","10"
"安侯","6","4","10"
"谦等","5","5","10"
"万死","7","3","10"
"舟山","4","6","10"
"锐气","5","5","10"
"谓无","10","0","10"
"史弘","4","6","10"
"而并","8","2","10"
"深不","4","6","10"
"新主","6","4","10"
"定矣","8","2","10"
"法物","7","3","10"
"尝因","10","0","10"
"备位","8","2","10"
"桑落","5","5","10"
"发江","7","3","10"
"子还","3","7","10"
"与参","6","4","10"
"有众","8","2","10"
"首京","10","0","10"
"进平","7","3","10"
"而运","2","8","10"
"诗书","5","5","10"
"有晋","6","4","10"
"朕躬","10","0","10"
"可进","8","2","10"
"之佐","8","2","10"
"谋以","9","1","10"
"为身","9","1","10"
"以丹","9","1","10"
"壁清","3","7","10"
"能久","9","1","10"
"远出","6","4","10"
"之转","6","4","10"
"当遣","10","0","10"
"退者","10","0","10"
"日事","7","3","10"
"其见","9","1","10"
"此机","1","9","10"
"玺书","7","3","10"
"欲奉","10","0","10"
"与道","8","2","10"
"始还","7","3","10"
"投身","1","9","10"
"众我","5","5","10"
"弩射","6","4","10"
"万屯","9","1","10"
"列陈","6","4","10"
"荀林","3","7","10"
"其舟","10","0","10"
"左里","5","5","10"
"遣侍","6","4","10"
"疾患","8","2","10"
"才大","2","8","10"
"与尚","5","5","10"
"疾笃","10","0","10"
"尉留","5","5","10"
"多阙","8","2","10"
"赏平","6","4","10"
"十不","8","2","10"
"众溃","8","2","10"
"加殊","7","3","10"
"领平","8","2","10"
"马琅","5","5","10"
"设坛","7","3","10"
"帝主","4","6","10"
"兴废","7","3","10"
"宁民","7","3","10"
"之更","9","1","10"
"乐制","1","9","10"
"康乐","6","4","10"
"民物","9","1","10"
"禄不","6","4","10"
"此例","5","5","10"
"余官","4","6","10"
"又停","3","7","10"
"虔嗣","5","5","10"
"事三","5","5","10"
"制有","5","5","10"
"宣训","5","5","10"
"因军","2","8","10"
"勋劳","7","3","10"
"名贤","5","5","10"
"以扬","8","2","10"
"并下","4","6","10"
"驾于","9","1","10"
"得辄","10","0","10"
"王薨","10","0","10"
"帝服","7","3","10"
"州胡","5","5","10"
"蒙逊","5","5","10"
"壁上","2","8","10"
"复四","5","5","10"
"祸端","2","8","10"
"帝受","5","5","10"
"复合","9","1","10"
"阿豺","8","2","10"
"江阳","5","5","10"
"安泰","3","7","10"
"龙舟","5","5","10"
"杀二","7","3","10"
"勇力","6","4","10"
"昌门","5","5","10"
"至彭","9","1","10"
"之陈","8","2","10"
"厚德","6","4","10"
"守郑","5","5","10"
"嘉谋","9","1","10"
"郎萧","5","5","10"
"佩之","6","4","10"
"京陵","5","5","10"
"禁断","10","0","10"
"议也","9","1","10"
"其各","8","2","10"
"诃罗","5","5","10"
"罗单","5","5","10"
"单国","5","5","10"
"邑王","5","5","10"
"子国","4","6","10"
"国并","9","1","10"
"妃薨","10","0","10"
"及同","5","5","10"
"孟顗","10","0","10"
"疾愈","10","0","10"
"书何","6","4","10"
"宾为","6","4","10"
"史申","5","5","10"
"城府","5","5","10"
"制大","4","6","10"
"前交","4","6","10"
"校猎","10","0","10"
"川二","4","6","10"
"悉同","10","0","10"
"荐臻","10","0","10"
"应接","7","3","10"
"攻虎","4","6","10"
"含章","5","5","10"
"追改","7","3","10"
"昔汉","10","0","10"
"豫司","6","4","10"
"戍石","10","0","10"
"左以","8","2","10"
"祖欲","10","0","10"
"缘江","10","0","10"
"置殿","5","5","10"
"昙生","6","4","10"
"宜阳","6","4","10"
"悫为","6","4","10"
"于历","7","3","10"
"可开","4","6","10"
"庙制","5","5","10"
"始制","5","5","10"
"给医","4","6","10"
"皆听","9","1","10"
"茂为","6","4","10"
"荣为","4","6","10"
"州隶","6","4","10"
"亲御","10","0","10"
"男丁","4","6","10"
"初立","8","2","10"
"恬退","8","2","10"
"怀文","5","5","10"
"除南","5","5","10"
"前逋","10","0","10"
"见害","10","0","10"
"卒得","7","3","10"
"省诸","7","3","10"
"姜产","5","5","10"
"军八","5","5","10"
"钟爱","5","5","10"
"西巡","5","5","10"
"女有","3","7","10"
"下六","6","4","10"
"帝请","3","7","10"
"荣期","5","5","10"
"转中","9","1","10"
"童太","5","5","10"
"政所","5","5","10"
"史邓","5","5","10"
"镇历","8","2","10"
"开进","1","9","10"
"善明","5","5","10"
"赐各","1","9","10"
"亡将","4","6","10"
"玄载","5","5","10"
"宗进","2","8","10"
"奇为","5","5","10"
"江王","5","5","10"
"行湘","5","5","10"
"以骁","9","1","10"
"已来","6","4","10"
"修文","6","4","10"
"而和","4","6","10"
"上见","3","7","10"
"有祸","4","6","10"
"时经","5","5","10"
"空竭","7","3","10"
"服衮","9","1","10"
"孟次","5","5","10"
"击大","8","2","10"
"州逋","10","0","10"
"而军","7","3","10"
"就减","1","9","10"
"户不","6","4","10"
"令褚","5","5","10"
"开口","2","8","10"
"军全","3","7","10"
"全景","4","6","10"
"寿殿","5","5","10"
"自乘","6","4","10"
"从二","4","6","10"
"东阿","6","4","10"
"入无","6","4","10"
"除税","4","6","10"
"刘琨","4","6","10"
"后见","8","2","10"
"增封","5","5","10"
"食货","5","5","10"
"纷然","9","1","10"
"乐记","4","6","10"
"遗文","8","2","10"
"时同","6","4","10"
"二辰","5","5","10"
"道至","8","2","10"
"之宫","9","1","10"
"器有","7","3","10"
"盛而","3","7","10"
"奏太","4","6","10"
"咸池","5","5","10"
"其乐","7","3","10"
"十尺","5","5","10"
"十斤","5","5","10"
"以情","6","4","10"
"动者","10","0","10"
"张苍","5","5","10"
"日者","10","0","10"
"以类","9","1","10"
"还相","9","1","10"
"雨之","6","4","10"
"载其","7","3","10"
"以律","6","4","10"
"吕相","1","9","10"
"生黄","6","4","10"
"角为","10","0","10"
"所铸","5","5","10"
"与杜","4","6","10"
"二枚","5","5","10"
"作者","7","3","10"
"实非","7","3","10"
"和同","1","9","10"
"令德","8","2","10"
"角声","3","7","10"
"寸三","6","4","10"
"名官","6","4","10"
"以闰","7","3","10"
"袭秦","3","7","10"
"令司","4","6","10"
"都分","1","9","10"
"四气","8","2","10"
"逆天","7","3","10"
"及秦","7","3","10"
"余分","5","5","10"
"极远","6","4","10"
"郎蔡","5","5","10"
"争讼","5","5","10"
"则虽","9","1","10"
"及用","9","1","10"
"且三","6","4","10"
"通于","9","1","10"
"犹恐","7","3","10"
"而决","9","1","10"
"朔月","5","5","10"
"周室","7","3","10"
"则谓","10","0","10"
"孟冬","6","4","10"
"中节","10","0","10"
"不革","8","2","10"
"寅之","4","6","10"
"则近","6","4","10"
"纪月","5","5","10"
"余四","8","2","10"
"立夏","6","4","10"
"即去","4","6","10"
"其小","8","2","10"
"望日","1","9","10"
"先交","6","4","10"
"会者","9","1","10"
"以损","5","5","10"
"后定","6","4","10"
"终合","5","5","10"
"余之","8","2","10"
"者合","6","4","10"
"晨与","5","5","10"
"日退","10","0","10"
"日三","8","2","10"
"合一","4","6","10"
"据汉","4","6","10"
"子杀","3","7","10"
"秦以","7","3","10"
"道神","4","6","10"
"孟月","6","4","10"
"又四","5","5","10"
"嘉历","4","6","10"
"布在","2","8","10"
"至秦","8","2","10"
"望气","6","4","10"
"故虽","9","1","10"
"方水","5","5","10"
"问人","6","4","10"
"告报","5","5","10"
"有亏","6","4","10"
"书如","8","2","10"
"粪土","5","5","10"
"以令","5","5","10"
"年历","3","7","10"
"正见","7","3","10"
"各十","5","5","10"
"汉有","8","2","10"
"都赋","4","6","10"
"事父","7","3","10"
"上皆","10","0","10"
"临殿","2","8","10"
"期于","9","1","10"
"下宜","10","0","10"
"永无","4","6","10"
"宫所","7","3","10"
"之爱","9","1","10"
"当见","9","1","10"
"敢奉","6","4","10"
"既除","8","2","10"
"安也","9","1","10"
"致礼","4","6","10"
"乃许","10","0","10"
"阳陵","5","5","10"
"王准","4","6","10"
"是御","3","7","10"
"后名","4","6","10"
"门设","2","8","10"
"大祥","7","3","10"
"为服","6","4","10"
"缌麻","9","1","10"
"其葬","7","3","10"
"臣私","2","8","10"
"子助","5","5","10"
"有除","2","8","10"
"令典","6","4","10"
"子前","3","7","10"
"拜授","2","8","10"
"王服","7","3","10"
"金宝","7","3","10"
"用士","5","5","10"
"士礼","5","5","10"
"上台","5","5","10"
"是施","2","8","10"
"救于","8","2","10"
"王得","7","3","10"
"所司","10","0","10"
"用成","7","3","10"
"月薨","10","0","10"
"用后","3","7","10"
"戚不","4","6","10"
"修容","6","4","10"
"未修","6","4","10"
"又废","3","7","10"
"诏停","4","6","10"
"舆驾","9","1","10"
"军太","5","5","10"
"著明","9","1","10"
"义可","7","3","10"
"仪不","3","7","10"
"九嫔","5","5","10"
"郑伯","5","5","10"
"体例","1","9","10"
"立子","8","2","10"
"且禁","3","7","10"
"仲春","6","4","10"
"祀志","4","6","10"
"百神","4","6","10"
"故城","7","3","10"
"成礼","9","1","10"
"帝东","6","4","10"
"氏世","5","5","10"
"自正","9","1","10"
"今非","9","1","10"
"章武","5","5","10"
"凶逆","6","4","10"
"君长","4","6","10"
"尉李","4","6","10"
"思不","3","7","10"
"是群","5","5","10"
"设一","4","6","10"
"宜于","5","5","10"
"张皇","6","4","10"
"之独","7","3","10"
"祀也","7","3","10"
"侯相","5","5","10"
"求意","1","9","10"
"郑注","10","0","10"
"道升","3","7","10"
"且太","4","6","10"
"庙有","6","4","10"
"告退","1","9","10"
"孟春","8","2","10"
"形体","2","8","10"
"无取","10","0","10"
"者每","2","8","10"
"五湖","5","5","10"
"称首","8","2","10"
"常一","2","8","10"
"者祭","4","6","10"
"帝者","10","0","10"
"而功","7","3","10"
"敢欺","4","6","10"
"平吴","9","1","10"
"所被","6","4","10"
"若今","10","0","10"
"中岳","5","5","10"
"大化","9","1","10"
"当共","5","5","10"
"岐山","4","6","10"
"无外","8","2","10"
"可传","6","4","10"
"业兴","2","8","10"
"鬼之","2","8","10"
"立五","2","8","10"
"后赐","7","3","10"
"昭孝","6","4","10"
"后立","4","6","10"
"礼甚","8","2","10"
"父和","2","8","10"
"受赐","8","2","10"
"祖已","5","5","10"
"晋景","4","6","10"
"然于","7","3","10"
"乃定","10","0","10"
"庙不","3","7","10"
"迁主","10","0","10"
"弟一","4","6","10"
"而哀","6","4","10"
"一间","3","7","10"
"祠太","10","0","10"
"今圣","6","4","10"
"月殷","7","3","10"
"庙门","4","6","10"
"夹室","5","5","10"
"皇为","4","6","10"
"韦玄","3","7","10"
"此知","4","6","10"
"是奉","2","8","10"
"合食","9","1","10"
"后丧","4","6","10"
"策文","3","7","10"
"应明","5","5","10"
"泰和","5","5","10"
"为纯","7","3","10"
"亲也","4","6","10"
"月两","6","4","10"
"谢元","1","9","10"
"后告","2","8","10"
"是传","3","7","10"
"复申","8","2","10"
"之告","4","6","10"
"废祭","10","0","10"
"吉日","2","8","10"
"庙火","6","4","10"
"伯母","5","5","10"
"扬威","4","6","10"
"上杀","2","8","10"
"甚有","10","0","10"
"议其","9","1","10"
"主入","5","5","10"
"由而","8","2","10"
"在合","5","5","10"
"名存","6","4","10"
"史传","4","6","10"
"弟侄","5","5","10"
"拜而","9","1","10"
"在神","1","9","10"
"外蕃","8","2","10"
"求情","2","8","10"
"孝王","5","5","10"
"谁为","6","4","10"
"卿主","4","6","10"
"宣贵","5","5","10"
"新宫","7","3","10"
"王社","5","5","10"
"谷为","3","7","10"
"而别","8","2","10"
"故称","8","2","10"
"姓而","2","8","10"
"以景","7","3","10"
"为解","6","4","10"
"后未","5","5","10"
"有详","3","7","10"
"币之","7","3","10"
"社祭","3","7","10"
"章有","3","7","10"
"山王","5","5","10"
"爵秩","8","2","10"
"县多","6","4","10"
"饰车","2","8","10"
"车也","9","1","10"
"京赋","5","5","10"
"应劭","5","5","10"
"驾四","8","2","10"
"其车","6","4","10"
"车九","5","5","10"
"九乘","5","5","10"
"毛诗","5","5","10"
"而赤","8","2","10"
"以宾","6","4","10"
"注之","10","0","10"
"有鼓","4","6","10"
"曰余","1","9","10"
"青盖","6","4","10"
"封君","5","5","10"
"则乘","7","3","10"
"及安","7","3","10"
"则河","8","2","10"
"建五","2","8","10"
"王建","4","6","10"
"木牛","5","5","10"
"负重","2","8","10"
"轻车","4","6","10"
"从外","1","9","10"
"子位","2","8","10"
"长尺","9","1","10"
"青赤","5","5","10"
"皮弁","5","5","10"
"而外","5","5","10"
"而汉","7","3","10"
"佩刀","6","4","10"
"白蛇","5","5","10"
"于刘","6","4","10"
"佩水","10","0","10"
"之章","7","3","10"
"威远","5","5","10"
"牙门","6","4","10"
"职掌","5","5","10"
"事成","5","5","10"
"孰不","9","1","10"
"复给","7","3","10"
"事令","5","5","10"
"督以","7","3","10"
"服一","4","6","10"
"从广","2","8","10"
"雕饰","2","8","10"
"以葛","8","2","10"
"带为","1","9","10"
"冕服","3","7","10"
"车舆","3","7","10"
"故去","6","4","10"
"中祭","2","8","10"
"及应","6","4","10"
"左五","1","9","10"
"纱袍","5","5","10"
"谓金","10","0","10"
"但能","5","5","10"
"韶舞","5","5","10"
"孝惠","5","5","10"
"下被","2","8","10"
"其光","5","5","10"
"世同","6","4","10"
"三请","5","5","10"
"缪袭","3","7","10"
"享神","5","5","10"
"侍王","6","4","10"
"惧其","10","0","10"
"尽用","7","3","10"
"乃入","10","0","10"
"八曲","5","5","10"
"七曰","10","0","10"
"八曰","10","0","10"
"举乐","8","2","10"
"谢尚","5","5","10"
"不更","7","3","10"
"直为","8","2","10"
"是异","4","6","10"
"帝入","8","2","10"
"桂树","4","6","10"
"皮肤","1","9","10"
"白头","4","6","10"
"其曲","9","1","10"
"安初","4","6","10"
"因前","2","8","10"
"示后","5","5","10"
"王也","5","5","10"
"属者","9","1","10"
"今民","7","3","10"
"应是","1","9","10"
"王当","8","2","10"
"次行","1","9","10"
"赦书","7","3","10"
"太仓","5","5","10"
"在羽","5","5","10"
"鼙舞","5","5","10"
"廷无","8","2","10"
"积德","4","6","10"
"行诛","7","3","10"
"清和","5","5","10"
"不期","7","3","10"
"恩赦","4","6","10"
"献其","9","1","10"
"北辰","6","4","10"
"歌行","5","5","10"
"相辅","1","9","10"
"在千","1","9","10"
"相失","9","1","10"
"来何","8","2","10"
"高德","4","6","10"
"江安","5","5","10"
"人声","4","6","10"
"山出","3","7","10"
"不葬","7","3","10"
"臣马","6","4","10"
"目以","6","4","10"
"日没","1","9","10"
"中牟","5","5","10"
"五句","5","5","10"
"州也","8","2","10"
"时雨","6","4","10"
"受魏","4","6","10"
"吕望","5","5","10"
"业而","2","8","10"
"黄祖","5","5","10"
"逆击","10","0","10"
"破走","10","0","10"
"海滨","6","4","10"
"从历","3","7","10"
"盛也","10","0","10"
"不量","8","2","10"
"王人","9","1","10"
"是深","3","7","10"
"通衢","9","1","10"
"北庭","7","3","10"
"命同","4","6","10"
"我生","3","7","10"
"园林","2","8","10"
"归人","5","5","10"
"石上","2","8","10"
"志不","7","3","10"
"歌辞","1","9","10"
"宣夜","4","6","10"
"其入","8","2","10"
"上百","1","9","10"
"度强","5","5","10"
"与土","1","9","10"
"里而","4","6","10"
"制局","5","5","10"
"解机","10","0","10"
"斗七","4","6","10"
"然独","5","5","10"
"有浑","3","7","10"
"营之","7","3","10"
"殷商","1","9","10"
"俱入","9","1","10"
"安天","5","5","10"
"天高","5","5","10"
"炎热","1","9","10"
"将吕","5","5","10"
"为更","5","5","10"
"从右","4","6","10"
"屯于","2","8","10"
"南指","5","5","10"
"严兵","8","2","10"
"爽等","5","5","10"
"兵死","4","6","10"
"钟会","4","6","10"
"民归","4","6","10"
"女御","5","5","10"
"相都","2","8","10"
"田氏","5","5","10"
"遂亡","10","0","10"
"杨骏","7","3","10"
"按刘","8","2","10"
"奎为","4","6","10"
"有积","5","5","10"
"杀张","1","9","10"
"星失","4","6","10"
"王越","6","4","10"
"张昌","4","6","10"
"将攻","4","6","10"
"乐陵","6","4","10"
"是地","1","9","10"
"其强","8","2","10"
"又围","4","6","10"
"众五","8","2","10"
"亡地","10","0","10"
"国饥","8","2","10"
"闭关","6","4","10"
"容俊","5","5","10"
"幼冲","10","0","10"
"史梁","5","5","10"
"桓石","5","5","10"
"将梁","3","7","10"
"杀获","9","1","10"
"成矣","10","0","10"
"赦之","6","4","10"
"喉舌","6","4","10"
"发民","4","6","10"
"进破","10","0","10"
"鲁地","3","7","10"
"真太","5","5","10"
"虹见","10","0","10"
"是禁","2","8","10"
"军救","1","9","10"
"萧氏","5","5","10"
"四丈","5","5","10"
"过如","4","6","10"
"遂杀","9","1","10"
"历下","5","5","10"
"见人","3","7","10"
"直下","5","5","10"
"坐于","7","3","10"
"拜曰","10","0","10"
"龟书","4","6","10"
"精也","10","0","10"
"飞去","4","6","10"
"子事","6","4","10"
"歌曰","10","0","10"
"修己","9","1","10"
"商朝","1","9","10"
"有兴","3","7","10"
"周德","5","5","10"
"之邦","7","3","10"
"自爱","6","4","10"
"取天","6","4","10"
"是背","1","9","10"
"帝见","9","1","10"
"王又","3","7","10"
"右皆","10","0","10"
"公在","3","7","10"
"文与","5","5","10"
"与修","6","4","10"
"穆公","4","6","10"
"兴与","7","3","10"
"不根","5","5","10"
"火德","3","7","10"
"体貌","6","4","10"
"从谏","7","3","10"
"始受","8","2","10"
"越次","6","4","10"
"孙当","3","7","10"
"尝梦","10","0","10"
"有真","1","9","10"
"涂高","5","5","10"
"鹑火","5","5","10"
"制法","6","4","10"
"出营","5","5","10"
"无咎","8","2","10"
"人清","4","6","10"
"以许","8","2","10"
"昌以","6","4","10"
"两日","9","1","10"
"书台","1","9","10"
"路断","3","7","10"
"德昌","5","5","10"
"富春","5","5","10"
"葬其","9","1","10"
"青气","5","5","10"
"照室","7","3","10"
"者咸","10","0","10"
"得铜","8","2","10"
"枯死","2","8","10"
"西而","5","5","10"
"目中","3","7","10"
"吾以","10","0","10"
"义以","7","3","10"
"召人","4","6","10"
"云见","10","0","10"
"马足","6","4","10"
"帝本","4","6","10"
"鲜明","4","6","10"
"狱有","6","4","10"
"白龟","4","6","10"
"马山","5","5","10"
"耆老","10","0","10"
"平十","5","5","10"
"北园","5","5","10"
"费县","4","6","10"
"露频","9","1","10"
"频降","8","2","10"
"袭祖","6","4","10"
"治下","4","6","10"
"午时","2","8","10"
"令臧","4","6","10"
"林甫","5","5","10"
"人宫","2","8","10"
"西池","5","5","10"
"五城","6","4","10"
"台侍","5","5","10"
"公忠","7","3","10"
"府门","4","6","10"
"人获","3","7","10"
"及山","6","4","10"
"从仪","6","4","10"
"并修","4","6","10"
"中皆","10","0","10"
"阳江","5","5","10"
"胜一","4","6","10"
"南乡","6","4","10"
"李二","4","6","10"
"封二","5","5","10"
"一叶","3","7","10"
"郡各","5","5","10"
"见秦","3","7","10"
"奉书","8","2","10"
"至一","5","5","10"
"陵出","1","9","10"
"蒲圻","5","5","10"
"郡吏","6","4","10"
"源流","5","5","10"
"极恶","1","9","10"
"师征","6","4","10"
"幸臣","8","2","10"
"胜阳","5","5","10"
"将及","6","4","10"
"地二","6","4","10"
"相尚","9","1","10"
"下丰","4","6","10"
"害太","2","8","10"
"多者","9","1","10"
"聚之","6","4","10"
"宝说","1","9","10"
"在首","2","8","10"
"身自","7","3","10"
"又求","7","3","10"
"政也","8","2","10"
"风折","10","0","10"
"折之","10","0","10"
"刘斌","2","8","10"
"金不","4","6","10"
"修宫","6","4","10"
"东关","5","5","10"
"河王","5","5","10"
"霹雳","5","5","10"
"先主","5","5","10"
"对言","10","0","10"
"及经","8","2","10"
"而边","5","5","10"
"言已","9","1","10"
"充等","3","7","10"
"喜为","6","4","10"
"使左","9","1","10"
"并使","5","5","10"
"帅众","9","1","10"
"于伯","4","6","10"
"祖逖","5","5","10"
"史吕","5","5","10"
"贼破","4","6","10"
"汝曹","9","1","10"
"还当","3","7","10"
"上升","1","9","10"
"者因","4","6","10"
"遗余","4","6","10"
"道曰","10","0","10"
"西被","6","4","10"
"使君","5","5","10"
"谪而","2","8","10"
"民谣","3","7","10"
"下称","6","4","10"
"次曰","10","0","10"
"协同","1","9","10"
"败还","8","2","10"
"表为","8","2","10"
"将朝","6","4","10"
"及出","10","0","10"
"夫妻","3","7","10"
"连不","2","8","10"
"入建","7","3","10"
"邪人","6","4","10"
"火不","4","6","10"
"显而","3","7","10"
"增太","8","2","10"
"更之","10","0","10"
"臣名","4","6","10"
"照天","1","9","10"
"缓之","7","3","10"
"帝颇","8","2","10"
"乐县","6","4","10"
"蒺藜","5","5","10"
"举天","7","3","10"
"黑祥","5","5","10"
"者非","9","1","10"
"能名","9","1","10"
"时康","5","5","10"
"逆流","4","6","10"
"运事","7","3","10"
"专恣","9","1","10"
"十家","6","4","10"
"辱命","7","3","10"
"多杀","6","4","10"
"专一","5","5","10"
"时孙","3","7","10"
"俄为","10","0","10"
"如胡","5","5","10"
"治宫","7","3","10"
"无水","9","1","10"
"苑囿","4","6","10"
"州二","4","6","10"
"违命","4","6","10"
"为比","8","2","10"
"黄雾","5","5","10"
"军经","4","6","10"
"闰七","2","8","10"
"姓将","1","9","10"
"大木","5","5","10"
"见神","2","8","10"
"二大","5","5","10"
"盘旋","3","7","10"
"于远","5","5","10"
"作中","2","8","10"
"以适","4","6","10"
"各分","5","5","10"
"有毛","2","8","10"
"人唐","4","6","10"
"求通","5","5","10"
"令许","2","8","10"
"以缓","5","5","10"
"邦之","7","3","10"
"在朕","6","4","10"
"五重","5","5","10"
"之侧","5","5","10"
"黑水","5","5","10"
"郡时","2","8","10"
"领郡","8","2","10"
"户四","5","5","10"
"县十","8","2","10"
"为境","9","1","10"
"何志","7","3","10"
"分诸","10","0","10"
"土而","4","6","10"
"南清","5","5","10"
"而新","5","5","10"
"中六","3","7","10"
"改属","2","8","10"
"时曰","3","7","10"
"有叫","1","9","10"
"祖谓","10","0","10"
"密疏","8","2","10"
"非复","10","0","10"
"本所","4","6","10"
"彼必","10","0","10"
"坐客","8","2","10"
"我蒙","2","8","10"
"坐与","10","0","10"
"得百","4","6","10"
"加建","10","0","10"
"食时","1","9","10"
"字茂","5","5","10"
"卿于","3","7","10"
"出当","1","9","10"
"宣明","4","6","10"
"时望","8","2","10"
"疽发","7","3","10"
"年将","5","5","10"
"亮率","3","7","10"
"而问","7","3","10"
"信报","5","5","10"
"书示","8","2","10"
"使诸","6","4","10"
"赋之","6","4","10"
"弟都","1","9","10"
"判扬","7","3","10"
"美风","10","0","10"
"愧色","4","6","10"
"免祸","2","8","10"
"幼宗","5","5","10"
"虚妄","1","9","10"
"人书","5","5","10"
"徇国","10","0","10"
"独存","8","2","10"
"有今","5","5","10"
"州徐","6","4","10"
"禀性","1","9","10"
"速战","5","5","10"
"其夜","10","0","10"
"不舍","6","4","10"
"为廷","5","5","10"
"尉卿","5","5","10"
"书要","2","8","10"
"私仇","3","7","10"
"川蛮","5","5","10"
"欲取","10","0","10"
"贼帅","9","1","10"
"十户","3","7","10"
"军严","4","6","10"
"孙处","1","9","10"
"会天","6","4","10"
"指日","4","6","10"
"循进","1","9","10"
"力过","5","5","10"
"后功","4","6","10"
"胡虏","2","8","10"
"欲斩","10","0","10"
"失而","3","7","10"
"景等","5","5","10"
"及战","7","3","10"
"阳而","4","6","10"
"封益","6","4","10"
"挟私","6","4","10"
"寇掠","6","4","10"
"民患","10","0","10"
"险不","7","3","10"
"骑从","6","4","10"
"有防","3","7","10"
"且当","3","7","10"
"治体","6","4","10"
"文法","5","5","10"
"拜吏","10","0","10"
"西曹","5","5","10"
"大议","9","1","10"
"欲行","9","1","10"
"游荡","1","9","10"
"能顺","2","8","10"
"而传","3","7","10"
"无关","4","6","10"
"患者","9","1","10"
"奏劾","8","2","10"
"人难","2","8","10"
"议复","10","0","10"
"下嫁","4","6","10"
"与吏","9","1","10"
"议未","8","2","10"
"遣骑","8","2","10"
"为才","4","6","10"
"而河","3","7","10"
"攻彭","2","8","10"
"城都","2","8","10"
"加冠","4","6","10"
"实者","9","1","10"
"吏奸","9","1","10"
"书库","5","5","10"
"有足","6","4","10"
"入学","5","5","10"
"选之","4","6","10"
"姓争","2","8","10"
"职分","2","8","10"
"同高","1","9","10"
"姓怨","1","9","10"
"脚疾","8","2","10"
"消灾","1","9","10"
"是道","2","8","10"
"览经","4","6","10"
"弟谢","1","9","10"
"旧学","7","3","10"
"先归","6","4","10"
"子得","6","4","10"
"致有","4","6","10"
"道此","1","9","10"
"自省","7","3","10"
"写一","1","9","10"
"像不","1","9","10"
"宴集","8","2","10"
"与侍","4","6","10"
"见许","5","5","10"
"而忽","3","7","10"
"史百","5","5","10"
"晚也","9","1","10"
"补兵","6","4","10"
"制应","4","6","10"
"叔母","5","5","10"
"且自","4","6","10"
"城隍","8","2","10"
"今春","8","2","10"
"寇之","4","6","10"
"部有","4","6","10"
"不劳","6","4","10"
"据其","6","4","10"
"其师","10","0","10"
"诏敕","5","5","10"
"师范","5","5","10"
"遂移","10","0","10"
"至终","2","8","10"
"运载","1","9","10"
"旅客","2","8","10"
"寻召","9","1","10"
"以脚","5","5","10"
"奉旨","5","5","10"
"文史","6","4","10"
"与沈","7","3","10"
"府史","4","6","10"
"法静","5","5","10"
"晔等","5","5","10"
"及不","5","5","10"
"全身","2","8","10"
"辞气","7","3","10"
"综曰","10","0","10"
"来必","2","8","10"
"罪至","7","3","10"
"奉令","5","5","10"
"是疾","2","8","10"
"令立","1","9","10"
"及母","7","3","10"
"一顿","1","9","10"
"家长","2","8","10"
"子孝","7","3","10"
"意有","4","6","10"
"辞甚","10","0","10"
"能事","4","6","10"
"使神","4","6","10"
"马有","6","4","10"
"断而","5","5","10"
"真情","1","9","10"
"求道","5","5","10"
"以檄","7","3","10"
"师职","1","9","10"
"机之","8","2","10"
"金饰","4","6","10"
"兵寇","9","1","10"
"遁走","9","1","10"
"非我","8","2","10"
"斛兰","5","5","10"
"人叫","1","9","10"
"见钱","10","0","10"
"加征","6","4","10"
"将从","7","3","10"
"之就","1","9","10"
"是怀","2","8","10"
"兵刃","4","6","10"
"金等","4","6","10"
"各率","4","6","10"
"怀宝","5","5","10"
"之弃","5","5","10"
"文记","2","8","10"
"罢军","9","1","10"
"州取","7","3","10"
"攻郢","6","4","10"
"军游","3","7","10"
"累世","8","2","10"
"之贪","6","4","10"
"用数","3","7","10"
"之累","8","2","10"
"受节","8","2","10"
"是离","1","9","10"
"和弟","1","9","10"
"子法","7","3","10"
"是齐","2","8","10"
"用财","3","7","10"
"有顺","2","8","10"
"先杀","3","7","10"
"及家","6","4","10"
"属疾","10","0","10"
"与论","9","1","10"
"自负","6","4","10"
"当将","3","7","10"
"求还","6","4","10"
"尝胆","5","5","10"
"自引","9","1","10"
"不群","5","5","10"
"战将","3","7","10"
"副司","6","4","10"
"在汝","3","7","10"
"清要","7","3","10"
"非同","4","6","10"
"将二","6","4","10"
"孔觊","3","7","10"
"司兵","6","4","10"
"身在","2","8","10"
"厘正","9","1","10"
"因得","9","1","10"
"出诸","9","1","10"
"不遇","5","5","10"
"素著","9","1","10"
"惑不","3","7","10"
"前之","8","2","10"
"则更","6","4","10"
"有奉","3","7","10"
"怨怒","7","3","10"
"而五","3","7","10"
"之族","5","5","10"
"者才","6","4","10"
"于鬼","3","7","10"
"贫无","10","0","10"
"督司","5","5","10"
"御下","7","3","10"
"见闻","6","4","10"
"沈伯","3","7","10"
"陈绍","5","5","10"
"张灵","5","5","10"
"将徐","3","7","10"
"米四","5","5","10"
"胡率","4","6","10"
"策马","5","5","10"
"张继","5","5","10"
"度等","5","5","10"
"率轻","3","7","10"
"虞洽","2","8","10"
"令薛","3","7","10"
"集兵","3","7","10"
"军屡","4","6","10"
"恩封","4","6","10"
"白城","5","5","10"
"有缓","7","3","10"
"州青","4","6","10"
"以休","5","5","10"
"数郡","9","1","10"
"裴季","4","6","10"
"此出","4","6","10"
"有间","6","4","10"
"定光","5","5","10"
"人援","2","8","10"
"其营","10","0","10"
"门一","4","6","10"
"七县","4","6","10"
"宗起","5","5","10"
"崇奉","2","8","10"
"贼陈","5","5","10"
"能远","5","5","10"
"世守","6","4","10"
"已归","4","6","10"
"每进","9","1","10"
"宫事","4","6","10"
"谓诸","9","1","10"
"达等","5","5","10"
"切不","4","6","10"
"呼其","3","7","10"
"充数","3","7","10"
"乱被","1","9","10"
"修学","8","2","10"
"常欲","10","0","10"
"司检","5","5","10"
"恨而","2","8","10"
"禄以","5","5","10"
"养疾","10","0","10"
"达不","2","8","10"
"汝辈","10","0","10"
"除武","2","8","10"
"道则","6","4","10"
"以贿","9","1","10"
"闲时","1","9","10"
"黩货","10","0","10"
"请移","10","0","10"
"等也","1","9","10"
"反逆","4","6","10"
"报使","10","0","10"
"等归","9","1","10"
"小垒","5","5","10"
"士四","5","5","10"
"已进","2","8","10"
"兵弱","7","3","10"
"围内","2","8","10"
"离城","1","9","10"
"入长","3","7","10"
"兴及","8","2","10"
"月内","2","8","10"
"据三","1","9","10"
"来言","10","0","10"
"受我","1","9","10"
"苗之","7","3","10"
"人计","5","5","10"
"前使","6","4","10"
"今北","7","3","10"
"谓我","10","0","10"
"已杀","5","5","10"
"船一","1","9","10"
"有献","7","3","10"
"满五","4","6","10"
"横江","5","5","10"
"有毒","5","5","10"
"为疾","7","3","10"
"死效","1","9","10"
"德义","2","8","10"
"攻青","4","6","10"
"毒害","1","9","10"
"所迁","3","7","10"
"中遇","3","7","10"
"若洛","2","8","10"
"白兰","5","5","10"
"中则","5","5","10"
"朝归","1","9","10"
"阗国","9","1","10"
"复至","10","0","10"
"有处","5","5","10"
"率六","4","6","10"
"能背","1","9","10"
"浚与","8","2","10"
"营道","5","5","10"
"汉等","4","6","10"
"从武","2","8","10"
"图画","3","7","10"
"法瑜","5","5","10"
"承先","1","9","10"
"祸变","6","4","10"
"之恸","10","0","10"
"问计","6","4","10"
"骂之","8","2","10"
"尸首","1","9","10"
"就取","2","8","10"
"受处","1","9","10"
"馆于","10","0","10"
"而父","4","6","10"
"外祖","3","7","10"
"恩为","7","3","10"
"云子","5","5","10"
"弱冠","9","1","10"
"是贼","3","7","10"
"对众","1","9","10"
"未实","1","9","10"
"生徒","7","3","10"
"潜遣","10","0","10"
"军收","5","5","10"
"还内","10","0","10"
"复自","6","4","10"
"军缺","2","8","10"
"是拜","3","7","10"
"又经","1","9","10"
"道当","4","6","10"
"来向","1","9","10"
"德润","5","5","10"
"有物","6","4","10"
"而孤","10","0","10"
"次陈","3","7","10"
"昭辅","5","5","10"
"呼万","5","5","10"
"队以","1","9","10"
"罗彦","5","5","10"
"须得","3","7","10"
"者释","6","4","10"
"恩者","6","4","10"
"皆遁","10","0","10"
"昭义","5","5","10"
"崔氏","5","5","10"
"坐党","8","2","10"
"苑宴","9","1","10"
"诈称","4","6","10"
"臣韩","5","5","10"
"者赏","7","3","10"
"冲进","2","8","10"
"以湖","8","2","10"
"遣给","4","6","10"
"岐沟","6","4","10"
"关使","5","5","10"
"而释","7","3","10"
"贡白","3","7","10"
"祈雪","10","0","10"
"禽其","10","0","10"
"感生","5","5","10"
"幸教","10","0","10"
"徙永","7","3","10"
"试任","2","8","10"
"降兵","5","5","10"
"赐将","4","6","10"
"诏蜀","7","3","10"
"王治","4","6","10"
"杀降","8","2","10"
"任常","1","9","10"
"陕之","7","3","10"
"府率","5","5","10"
"川转","5","5","10"
"科出","5","5","10"
"被盗","1","9","10"
"免二","4","6","10"
"水害","6","4","10"
"司具","10","0","10"
"士廉","5","5","10"
"有邻","4","6","10"
"及李","7","3","10"
"减广","5","5","10"
"伐江","3","7","10"
"全兴","5","5","10"
"观为","4","6","10"
"来讲","2","8","10"
"隐没","3","7","10"
"官崔","5","5","10"
"使郝","5","5","10"
"年贡","4","6","10"
"缓师","8","2","10"
"俘其","10","0","10"
"贤宅","5","5","10"
"胡则","3","7","10"
"勋员","5","5","10"
"染院","5","5","10"
"教场","5","5","10"
"决大","8","2","10"
"者往","9","1","10"
"之秋","9","1","10"
"发号","4","6","10"
"总兵","9","1","10"
"县奉","6","4","10"
"辛仲","5","5","10"
"害稼","10","0","10"
"丹来","6","4","10"
"若愚","5","5","10"
"刘文","4","6","10"
"弟有","4","6","10"
"阜县","5","5","10"
"司推","4","6","10"
"郭守","5","5","10"
"助讨","6","4","10"
"都钤","8","2","10"
"岚军","5","5","10"
"乡导","10","0","10"
"东三","6","4","10"
"交口","4","6","10"
"丹战","7","3","10"
"继捧","5","5","10"
"仪副","5","5","10"
"元历","4","6","10"
"宥州","5","5","10"
"妃李","5","5","10"
"振饥","10","0","10"
"禁盐","5","5","10"
"民逋","10","0","10"
"忧者","10","0","10"
"彬与","4","6","10"
"延范","4","6","10"
"为飞","7","3","10"
"蔚州","4","6","10"
"后降","5","5","10"
"大山","2","8","10"
"子馆","5","5","10"
"建房","1","9","10"
"副部","5","5","10"
"敌所","10","0","10"
"唐河","5","5","10"
"言谢","4","6","10"
"徒为","10","0","10"
"州彭","5","5","10"
"进司","7","3","10"
"畿县","8","2","10"
"出攻","7","3","10"
"口砦","7","3","10"
"首三","5","5","10"
"张雍","4","6","10"
"绍钦","5","5","10"
"路及","7","3","10"
"勾院","5","5","10"
"下递","6","4","10"
"田绍","5","5","10"
"绍斌","5","5","10"
"殿册","5","5","10"
"柩前","7","3","10"
"赋以","8","2","10"
"仍判","6","4","10"
"推让","1","9","10"
"帝留","7","3","10"
"谥庄","10","0","10"
"已乃","10","0","10"
"宫名","5","5","10"
"宴近","8","2","10"
"沆为","9","1","10"
"次大","3","7","10"
"州牛","5","5","10"
"芳园","5","5","10"
"北饥","5","5","10"
"首五","6","4","10"
"锐兵","3","7","10"
"面部","2","8","10"
"益都","5","5","10"
"以粮","5","5","10"
"诏魏","6","4","10"
"继昌","5","5","10"
"戒诸","10","0","10"
"将卒","7","3","10"
"不整","3","7","10"
"吴元","5","5","10"
"于资","8","2","10"
"本经","6","4","10"
"复贤","4","6","10"
"六科","5","5","10"
"使贺","10","0","10"
"金二","6","4","10"
"制宜","1","9","10"
"试贤","4","6","10"
"放牧","1","9","10"
"录唐","10","0","10"
"军岁","8","2","10"
"贤等","5","5","10"
"士各","4","6","10"
"秋宴","5","5","10"
"司非","6","4","10"
"麦种","5","5","10"
"中权","6","4","10"
"吉宫","5","5","10"
"庆成","6","4","10"
"勤词","5","5","10"
"津渡","6","4","10"
"旦朝","2","8","10"
"射猎","3","7","10"
"卫副","5","5","10"
"草地","4","6","10"
"图经","5","5","10"
"日天","6","4","10"
"渭河","3","7","10"
"令法","3","7","10"
"诏振","10","0","10"
"许便","10","0","10"
"秀实","5","5","10"
"利军","5","5","10"
"稻种","5","5","10"
"教民","8","2","10"
"儒术","6","4","10"
"宫上","3","7","10"
"给饥","1","9","10"
"哥族","4","6","10"
"官冯","4","6","10"
"重阳","4","6","10"
"恳辞","10","0","10"
"钱给","4","6","10"
"过两","2","8","10"
"麻士","4","6","10"
"用同","1","9","10"
"盛度","5","5","10"
"唐制","6","4","10"
"忿争","8","2","10"
"议行","8","2","10"
"书宰","8","2","10"
"吊慰","5","5","10"
"殿垂","4","6","10"
"州交","3","7","10"
"后寿","8","2","10"
"属羌","8","2","10"
"诏士","8","2","10"
"流至","5","5","10"
"策制","10","0","10"
"得奏","8","2","10"
"杨偕","4","6","10"
"来致","3","7","10"
"齐圣","5","5","10"
"肃太","4","6","10"
"免租","1","9","10"
"蔡齐","5","5","10"
"无额","5","5","10"
"ＯＤ","10","0","10"
"职言","6","4","10"
"张观","5","5","10"
"州夏","5","5","10"
"瞎毡","5","5","10"
"磨毡","5","5","10"
"毡角","5","5","10"
"自择","10","0","10"
"管刘","5","5","10"
"边招","5","5","10"
"同议","6","4","10"
"书屯","5","5","10"
"诏范","5","5","10"
"三川","5","5","10"
"金堤","5","5","10"
"机为","1","9","10"
"入贼","6","4","10"
"楼橹","10","0","10"
"铸铁","6","4","10"
"兼营","6","4","10"
"官毋","10","0","10"
"来再","2","8","10"
"立四","3","7","10"
"于相","7","3","10"
"举法","5","5","10"
"伐夏","5","5","10"
"兵方","7","3","10"
"诏避","6","4","10"
"杂议","8","2","10"
"要务","4","6","10"
"阁官","4","6","10"
"募饥","5","5","10"
"部长","6","4","10"
"丁米","5","5","10"
"于路","7","3","10"
"敌而","7","3","10"
"贷常","5","5","10"
"并配","7","3","10"
"修六","7","3","10"
"六塔","5","5","10"
"方守","3","7","10"
"界河","5","5","10"
"实政","6","4","10"
"谏为","9","1","10"
"及民","7","3","10"
"令本","4","6","10"
"川节","5","5","10"
"官封","5","5","10"
"出缗","8","2","10"
"子已","2","8","10"
"四上","9","1","10"
"诏称","4","6","10"
"益坚","10","0","10"
"坚辞","1","9","10"
"卧内","10","0","10"
"御迩","10","0","10"
"颢为","8","2","10"
"渝州","5","5","10"
"安懿","9","1","10"
"诏责","7","3","10"
"后旨","5","5","10"
"赵瞻","5","5","10"
"颜等","5","5","10"
"继统","3","7","10"
"王颢","10","0","10"
"令征","1","9","10"
"陈荐","5","5","10"
"谋等","5","5","10"
"府各","3","7","10"
"宫学","5","5","10"
"御于","10","0","10"
"延赞","1","9","10"
"亮上","2","8","10"
"会为","3","7","10"
"禧来","5","5","10"
"民缘","10","0","10"
"程婴","5","5","10"
"边守","5","5","10"
"院议","7","3","10"
"诏蠲","10","0","10"
"再议","4","6","10"
"兰会","5","5","10"
"州边","3","7","10"
"言知","8","2","10"
"功员","5","5","10"
"更易","6","4","10"
"人击","4","6","10"
"管李","5","5","10"
"妃朱","6","4","10"
"扬王","4","6","10"
"成节","5","5","10"
"人苏","5","5","10"
"挚为","5","5","10"
"光庭","5","5","10"
"册礼","7","3","10"
"部修","3","7","10"
"计录","5","5","10"
"罢经","6","4","10"
"复洮","7","3","10"
"士许","5","5","10"
"后诏","8","2","10"
"郎彭","5","5","10"
"修神","6","4","10"
"州明","5","5","10"
"监酒","4","6","10"
"赏法","5","5","10"
"系人","6","4","10"
"死数","2","8","10"
"显孝","5","5","10"
"钦慈","5","5","10"
"符皇","5","5","10"
"邢氏","5","5","10"
"始听","7","3","10"
"王怀","4","6","10"
"灵西","5","5","10"
"泰陵","5","5","10"
"遣董","6","4","10"
"京出","2","8","10"
"以害","8","2","10"
"纯礼","5","5","10"
"中靖","5","5","10"
"靖国","5","5","10"
"延禧","5","5","10"
"宪肃","5","5","10"
"诏六","8","2","10"
"英等","4","6","10"
"宗院","5","5","10"
"外祠","9","1","10"
"刊定","5","5","10"
"行方","3","7","10"
"旨张","5","5","10"
"张康","5","5","10"
"夹锡","5","5","10"
"及边","4","6","10"
"惟不","10","0","10"
"复书","8","2","10"
"降御","6","4","10"
"尽复","10","0","10"
"本生","5","5","10"
"观元","5","5","10"
"梁子","5","5","10"
"仲御","5","5","10"
"间府","6","4","10"
"府学","5","5","10"
"户租","1","9","10"
"曹掾","7","3","10"
"积石","5","5","10"
"植为","5","5","10"
"宋将","1","9","10"
"书阁","3","7","10"
"巫咸","5","5","10"
"史局","5","5","10"
"昭信","5","5","10"
"京复","7","3","10"
"为舒","3","7","10"
"真相","3","7","10"
"保和","5","5","10"
"以福","7","3","10"
"谊为","4","6","10"
"训诫","1","9","10"
"德庆","5","5","10"
"权领","6","4","10"
"堂治","7","3","10"
"盗平","7","3","10"
"刘法","3","7","10"
"人伏","9","1","10"
"震武","5","5","10"
"和新","2","8","10"
"攸为","9","1","10"
"曹辅","5","5","10"
"书极","4","6","10"
"加少","8","2","10"
"中战","3","7","10"
"辛兴","5","5","10"
"及内","7","3","10"
"节皇","4","6","10"
"与辽","4","6","10"
"律淳","2","8","10"
"李靖","4","6","10"
"抚定","7","3","10"
"高居","3","7","10"
"南夫","5","5","10"
"彦以","8","2","10"
"纳免","3","7","10"
"文粹","4","6","10"
"物来","1","9","10"
"信德","5","5","10"
"六贼","5","5","10"
"帛数","3","7","10"
"间三","4","6","10"
"制姚","5","5","10"
"人军","2","8","10"
"蠹国","7","3","10"
"朝者","10","0","10"
"中往","8","2","10"
"往援","9","1","10"
"人迫","8","2","10"
"封太","3","7","10"
"制解","5","5","10"
"察安","1","9","10"
"责监","6","4","10"
"修敕","7","3","10"
"言相","3","7","10"
"兵溃","7","3","10"
"交作","6","4","10"
"甲法","2","8","10"
"托言","7","3","10"
"作法","4","6","10"
"士入","7","3","10"
"王开","4","6","10"
"开大","7","3","10"
"趣召","10","0","10"
"中安","2","8","10"
"教坊","5","5","10"
"及官","5","5","10"
"被命","6","4","10"
"请与","9","1","10"
"浚至","10","0","10"
"闻金","10","0","10"
"应选","4","6","10"
"浔州","5","5","10"
"勋在","1","9","10"
"援京","2","8","10"
"任郎","2","8","10"
"次要","2","8","10"
"李昱","5","5","10"
"端友","5","5","10"
"赵叔","5","5","10"
"后闻","10","0","10"
"宗闵","6","4","10"
"潍州","3","7","10"
"梧州","5","5","10"
"俊讨","6","4","10"
"叶浓","4","6","10"
"保义","5","5","10"
"川茶","6","4","10"
"州折","5","5","10"
"夫致","10","0","10"
"冯长","5","5","10"
"陈彦","5","5","10"
"制并","2","8","10"
"民直","4","6","10"
"延经","6","4","10"
"院文","5","5","10"
"司提","5","5","10"
"俊部","3","7","10"
"浚罢","7","3","10"
"州遁","10","0","10"
"选立","2","8","10"
"忠将","5","5","10"
"供银","5","5","10"
"窥江","10","0","10"
"世移","6","4","10"
"汤东","5","5","10"
"盗入","8","2","10"
"帅兀","5","5","10"
"攻楚","6","4","10"
"浚遣","10","0","10"
"合县","5","5","10"
"静安","4","6","10"
"武副","5","5","10"
"将举","7","3","10"
"诏岳","4","6","10"
"皆溃","10","0","10"
"中彦","5","5","10"
"鼎罢","6","4","10"
"命孔","2","8","10"
"仁县","4","6","10"
"赏绢","5","5","10"
"进职","5","5","10"
"分利","5","5","10"
"宿迁","5","5","10"
"夺李","5","5","10"
"令选","2","8","10"
"慈献","5","5","10"
"献烈","5","5","10"
"兴屯","6","4","10"
"武右","5","5","10"
"压盗","4","6","10"
"彦琪","5","5","10"
"专杀","6","4","10"
"王亨","5","5","10"
"州调","4","6","10"
"州杂","5","5","10"
"赐福","1","9","10"
"官班","7","3","10"
"回易","5","5","10"
"康行","5","5","10"
"伯琮","6","4","10"
"坛县","4","6","10"
"王令","6","4","10"
"籍民","9","1","10"
"程瑀","10","0","10"
"论驳","5","5","10"
"奔刘","4","6","10"
"师江","10","0","10"
"拔砦","9","1","10"
"孟邦","5","5","10"
"至庐","8","2","10"
"胄等","6","4","10"
"浚于","2","8","10"
"知明","8","2","10"
"贼黄","5","5","10"
"伯玖","5","5","10"
"奏至","10","0","10"
"令胡","1","9","10"
"场钱","5","5","10"
"以厉","9","1","10"
"和诸","1","9","10"
"兵平","3","7","10"
"再蠲","10","0","10"
"尽罢","10","0","10"
"殿行","4","6","10"
"命建","3","7","10"
"固始","5","5","10"
"防江","8","2","10"
"命飞","10","0","10"
"并兵","10","0","10"
"奏牍","7","3","10"
"去取","3","7","10"
"慰谕","8","2","10"
"滞狱","8","2","10"
"李天","5","5","10"
"臣未","9","1","10"
"廷实","3","7","10"
"州忠","5","5","10"
"交割","4","6","10"
"和众","3","7","10"
"国功","3","7","10"
"复左","8","2","10"
"贵以","8","2","10"
"世辅","5","5","10"
"璋等","5","5","10"
"所补","4","6","10"
"葛王","5","5","10"
"王胜","5","5","10"
"遂自","10","0","10"
"金有","7","3","10"
"忠植","5","5","10"
"文清","5","5","10"
"屈而","3","7","10"
"骆科","5","5","10"
"兵江","5","5","10"
"各屯","5","5","10"
"敌弓","5","5","10"
"四等","5","5","10"
"为濠","3","7","10"
"以士","5","5","10"
"韦渊","5","5","10"
"给度","6","4","10"
"教官","5","5","10"
"宗表","3","7","10"
"杨愿","5","5","10"
"克俊","5","5","10"
"昌化","5","5","10"
"法科","5","5","10"
"子赐","3","7","10"
"一德","5","5","10"
"密之","7","3","10"
"段拂","5","5","10"
"闻喜","5","5","10"
"放流","1","9","10"
"诵其","8","2","10"
"任统","1","9","10"
"召锡","5","5","10"
"郑仲","5","5","10"
"他罪","4","6","10"
"院校","4","6","10"
"附丽","9","1","10"
"郎林","5","5","10"
"一飞","5","5","10"
"命汤","3","7","10"
"精忠","5","5","10"
"无巨","5","5","10"
"续降","4","6","10"
"择监","5","5","10"
"愿中","5","5","10"
"抗章","8","2","10"
"民身","8","2","10"
"出命","6","4","10"
"折纳","5","5","10"
"王纶","5","5","10"
"内司","5","5","10"
"除州","3","7","10"
"包苴","9","1","10"
"连三","4","6","10"
"赏库","5","5","10"
"钱银","5","5","10"
"及归","9","1","10"
"宗还","2","8","10"
"攻德","4","6","10"
"李信","4","6","10"
"再减","2","8","10"
"金左","6","4","10"
"人留","2","8","10"
"右翼","5","5","10"
"至宿","7","3","10"
"从都","2","8","10"
"命虞","2","8","10"
"获李","2","8","10"
"械送","7","3","10"
"请斩","8","2","10"
"州戍","4","6","10"
"判兴","5","5","10"
"法式","3","7","10"
"备水","4","6","10"
"为带","3","7","10"
"字与","4","6","10"
"蜀二","5","5","10"
"秋苗","5","5","10"
"升差","6","4","10"
"行钞","6","4","10"
"边衅","10","0","10"
"兴修","1","9","10"
"戒敕","10","0","10"
"入湖","5","5","10"
"献言","8","2","10"
"命国","7","3","10"
"永国","5","5","10"
"钱良","5","5","10"
"试为","3","7","10"
"林州","5","5","10"
"军伍","7","3","10"
"经等","4","6","10"
"次为","2","8","10"
"命二","8","2","10"
"免四","2","8","10"
"者就","2","8","10"
"庆寺","5","5","10"
"淮等","5","5","10"
"马院","5","5","10"
"王信","5","5","10"
"上京","3","7","10"
"防边","5","5","10"
"次以","1","9","10"
"寺狱","2","8","10"
"于议","3","7","10"
"北使","9","1","10"
"师禹","5","5","10"
"宋人","3","7","10"
"上两","3","7","10"
"遇朝","3","7","10"
"宗三","4","6","10"
"及本","5","5","10"
"安贫","6","4","10"
"贺重","5","5","10"
"今边","8","2","10"
"折变","4","6","10"
"事失","4","6","10"
"为焕","2","8","10"
"复论","8","2","10"
"倪思","4","6","10"
"家待","4","6","10"
"谏交","7","3","10"
"遗诰","7","3","10"
"历事","5","5","10"
"泰安","4","6","10"
"相惊","6","4","10"
"封桩","5","5","10"
"将材","10","0","10"
"慈烈","5","5","10"
"立班","7","3","10"
"振给","10","0","10"
"邦宪","5","5","10"
"前大","1","9","10"
"李爽","5","5","10"
"仲不","5","5","10"
"守襄","1","9","10"
"兵端","8","2","10"
"充位","8","2","10"
"趣之","10","0","10"
"边所","6","4","10"
"远以","7","3","10"
"许俊","5","5","10"
"人讨","1","9","10"
"人原","3","7","10"
"宣制","8","2","10"
"各类","1","9","10"
"池堡","5","5","10"
"沈铎","2","8","10"
"和戎","8","2","10"
"之全","7","3","10"
"王仕","5","5","10"
"仕信","5","5","10"
"沂靖","5","5","10"
"免京","1","9","10"
"司守","4","6","10"
"免三","4","6","10"
"寿明","5","5","10"
"振赡","10","0","10"
"余推","8","2","10"
"旁有","4","6","10"
"新塘","5","5","10"
"诛求","6","4","10"
"其女","7","3","10"
"承奉","3","7","10"
"知黄","6","4","10"
"史洪","5","5","10"
"呐为","1","9","10"
"功自","3","7","10"
"国方","5","5","10"
"人夹","4","6","10"
"石大","5","5","10"
"徐敏","5","5","10"
"敏子","5","5","10"
"范用","4","6","10"
"府驻","5","5","10"
"告院","5","5","10"
"张顺","5","5","10"
"防事","2","8","10"
"忠文","5","5","10"
"国兴","3","7","10"
"功补","6","4","10"
"楮币","9","1","10"
"星俱","10","0","10"
"共七","1","9","10"
"夔门","4","6","10"
"事力","7","3","10"
"子寿","8","2","10"
"浙右","5","5","10"
"战十","4","6","10"
"定守","4","6","10"
"赠恤","7","3","10"
"功可","6","4","10"
"萧山","5","5","10"
"纳贿","4","6","10"
"灵山","5","5","10"
"上战","7","3","10"
"翁被","1","9","10"
"子各","7","3","10"
"婴儿","2","8","10"
"全蜀","7","3","10"
"重厚","7","3","10"
"转升","1","9","10"
"才四","4","6","10"
"为伍","5","5","10"
"者分","3","7","10"
"并赏","2","8","10"
"迅雷","1","9","10"
"可回","8","2","10"
"新命","5","5","10"
"培植","1","9","10"
"与各","1","9","10"
"民作","5","5","10"
"庄敏","5","5","10"
"逢年","2","8","10"
"劳绩","1","9","10"
"远州","5","5","10"
"年战","2","8","10"
"云顶","5","5","10"
"自备","4","6","10"
"飞升","1","9","10"
"朝回","1","9","10"
"李松","4","6","10"
"父死","8","2","10"
"王日","4","6","10"
"罪罢","4","6","10"
"贤相","6","4","10"
"郝经","3","7","10"
"举兴","5","5","10"
"请迁","7","3","10"
"定九","3","7","10"
"相章","5","5","10"
"旺荣","5","5","10"
"苗再","3","7","10"
"徐直","4","6","10"
"尹玉","4","6","10"
"士龙","5","5","10"
"吴坚","5","5","10"
"塘江","2","8","10"
"直谅","7","3","10"
"熊飞","4","6","10"
"至福","8","2","10"
"蒲寿","3","7","10"
"继祖","5","5","10"
"兵亦","10","0","10"
"井澳","5","5","10"
"崖山","10","0","10"
"有世","2","8","10"
"洛下","4","6","10"
"渡后","6","4","10"
"密室","5","5","10"
"微宫","8","2","10"
"上刻","2","8","10"
"于司","5","5","10"
"议可","7","3","10"
"能符","1","9","10"
"自祖","6","4","10"
"宿而","2","8","10"
"岁差","5","5","10"
"令丁","2","8","10"
"在秘","1","9","10"
"里远","4","6","10"
"而表","1","9","10"
"国皇","1","9","10"
"星则","2","8","10"
"为八","2","8","10"
"阳调","2","8","10"
"公死","4","6","10"
"书出","4","6","10"
"为赦","9","1","10"
"司怪","5","5","10"
"为凶","5","5","10"
"下阶","4","6","10"
"属柳","9","1","10"
"星众","8","2","10"
"无利","5","5","10"
"强暴","2","8","10"
"折威","5","5","10"
"梗河","4","6","10"
"若与","6","4","10"
"在阴","3","7","10"
"多土","6","4","10"
"则失","9","1","10"
"九坎","5","5","10"
"直而","4","6","10"
"左旗","5","5","10"
"女丧","6","4","10"
"离珠","5","5","10"
"以离","4","6","10"
"刀剑","2","8","10"
"同守","5","5","10"
"车府","5","5","10"
"以造","5","5","10"
"分忧","2","8","10"
"入成","5","5","10"
"蔬菜","1","9","10"
"船中","2","8","10"
"解者","9","1","10"
"天河","4","6","10"
"车主","5","5","10"
"宿前","1","9","10"
"壅塞","4","6","10"
"在酒","2","8","10"
"属七","8","2","10"
"周邦","2","8","10"
"人喜","2","8","10"
"交合","1","9","10"
"子因","1","9","10"
"之胜","7","3","10"
"青丘","5","5","10"
"正由","4","6","10"
"初议","7","3","10"
"后和","1","9","10"
"医诊","8","2","10"
"为必","7","3","10"
"时知","6","4","10"
"确自","6","4","10"
"宗既","8","2","10"
"后历","4","6","10"
"得贤","7","3","10"
"刘婕","1","9","10"
"后起","4","6","10"
"冤之","9","1","10"
"下本","5","5","10"
"论韩","3","7","10"
"在济","2","8","10"
"满百","6","4","10"
"月供","1","9","10"
"四明","5","5","10"
"是妇","1","9","10"
"再起","3","7","10"
"夜召","6","4","10"
"端重","3","7","10"
"定立","1","9","10"
"后处","5","5","10"
"艰险","2","8","10"
"被疾","10","0","10"
"任免","1","9","10"
"拜舞","5","5","10"
"误大","6","4","10"
"请王","5","5","10"
"他意","3","7","10"
"欲复","10","0","10"
"律条","1","9","10"
"阁中","5","5","10"
"面议","2","8","10"
"禀承","2","8","10"
"令多","3","7","10"
"晓之","7","3","10"
"心计","3","7","10"
"遂奏","10","0","10"
"廷未","8","2","10"
"奏他","1","9","10"
"既罢","10","0","10"
"请按","3","7","10"
"十艘","4","6","10"
"宗幸","9","1","10"
"并人","3","7","10"
"此进","2","8","10"
"女玉","6","4","10"
"时召","4","6","10"
"令按","2","8","10"
"事判","5","5","10"
"为推","3","7","10"
"手疏","9","1","10"
"别录","4","6","10"
"命代","1","9","10"
"命仁","3","7","10"
"充斥","7","3","10"
"从阮","4","6","10"
"遇贼","10","0","10"
"三砦","9","1","10"
"取幽","5","5","10"
"连下","3","7","10"
"会重","2","8","10"
"再往","5","5","10"
"在右","1","9","10"
"犯我","2","8","10"
"他郡","8","2","10"
"迁知","9","1","10"
"进征","1","9","10"
"免之","7","3","10"
"西洛","5","5","10"
"翰在","4","6","10"
"就养","8","2","10"
"拜刑","9","1","10"
"库所","4","6","10"
"带不","2","8","10"
"封郎","5","5","10"
"时盗","6","4","10"
"恃功","7","3","10"
"倚以","9","1","10"
"多才","1","9","10"
"受人","2","8","10"
"拜工","10","0","10"
"位久","8","2","10"
"令赴","8","2","10"
"昭雪","1","9","10"
"不聊","5","5","10"
"事敢","5","5","10"
"上退","1","9","10"
"同领","7","3","10"
"怒其","9","1","10"
"入口","4","6","10"
"转礼","2","8","10"
"大族","2","8","10"
"与以","1","9","10"
"须是","3","7","10"
"与寇","5","5","10"
"荒远","2","8","10"
"威慑","1","9","10"
"边上","1","9","10"
"光逢","5","5","10"
"对别","1","9","10"
"官从","1","9","10"
"多条","1","9","10"
"逾越","1","9","10"
"详断","6","4","10"
"州就","2","8","10"
"论策","2","8","10"
"经济","3","7","10"
"宗留","3","7","10"
"然所","8","2","10"
"因家","8","2","10"
"古学","5","5","10"
"过当","6","4","10"
"以赴","7","3","10"
"功利","4","6","10"
"其擅","1","9","10"
"道远","8","2","10"
"库务","5","5","10"
"耻于","2","8","10"
"对使","3","7","10"
"请召","7","3","10"
"求迁","1","9","10"
"刺字","3","7","10"
"将去","5","5","10"
"知舒","6","4","10"
"奸言","6","4","10"
"一枝","1","9","10"
"至前","8","2","10"
"旦被","1","9","10"
"求利","3","7","10"
"当各","4","6","10"
"过门","5","5","10"
"命敏","5","5","10"
"谢客","5","5","10"
"僧惠","2","8","10"
"怀信","5","5","10"
"吴植","2","8","10"
"用道","2","8","10"
"迁就","3","7","10"
"与孙","3","7","10"
"典雅","2","8","10"
"剿灭","1","9","10"
"时十","2","8","10"
"少击","4","6","10"
"兵各","5","5","10"
"相贾","5","5","10"
"张贵","5","5","10"
"之曾","5","5","10"
"示中","4","6","10"
"用亲","2","8","10"
"多就","3","7","10"
"择有","1","9","10"
"贼发","2","8","10"
"得名","4","6","10"
"有教","5","5","10"
"以控","2","8","10"
"国已","3","7","10"
"而州","5","5","10"
"即罢","3","7","10"
"谓得","10","0","10"
"来将","1","9","10"
"整军","5","5","10"
"夏使","3","7","10"
"必误","8","2","10"
"退人","4","6","10"
"招权","9","1","10"
"者可","7","3","10"
"求议","1","9","10"
"还词","8","2","10"
"万卷","4","6","10"
"调南","5","5","10"
"诀别","3","7","10"
"边经","4","6","10"
"合事","1","9","10"
"唐德","3","7","10"
"学进","6","4","10"
"拆司","5","5","10"
"繁杂","1","9","10"
"当遵","1","9","10"
"威并","3","7","10"
"任益","1","9","10"
"青社","5","5","10"
"以弹","1","9","10"
"谷粟","3","7","10"
"喜其","9","1","10"
"是燕","1","9","10"
"泰然","2","8","10"
"请减","2","8","10"
"治有","3","7","10"
"在书","2","8","10"
"科敛","6","4","10"
"在讲","2","8","10"
"青盐","5","5","10"
"李维","2","8","10"
"有美","4","6","10"
"水来","1","9","10"
"加器","2","8","10"
"点京","6","4","10"
"人表","3","7","10"
"绯衣","6","4","10"
"而流","4","6","10"
"弃不","2","8","10"
"当选","1","9","10"
"柔弱","1","9","10"
"建学","4","6","10"
"将任","3","7","10"
"仿古","6","4","10"
"置幕","7","3","10"
"陂塘","3","7","10"
"顺人","6","4","10"
"大害","1","9","10"
"租调","3","7","10"
"两方","1","9","10"
"时必","3","7","10"
"有史","5","5","10"
"华美","1","9","10"
"论为","3","7","10"
"渭水","1","9","10"
"与所","7","3","10"
"姻家","8","2","10"
"昊攻","1","9","10"
"曾请","3","7","10"
"力荐","6","4","10"
"颓废","1","9","10"
"直在","1","9","10"
"珙曰","10","0","10"
"外迎","1","9","10"
"者尚","9","1","10"
"珙进","4","6","10"
"上谕","10","0","10"
"除资","9","1","10"
"人忠","4","6","10"
"除礼","9","1","10"
"桧力","6","4","10"
"究治","4","6","10"
"定期","1","9","10"
"金安","4","6","10"
"是阳","1","9","10"
"即就","3","7","10"
"民争","7","3","10"
"为党","6","4","10"
"胡宪","5","5","10"
"师一","2","8","10"
"为泉","3","7","10"
"天背","1","9","10"
"议国","4","6","10"
"脉络","6","4","10"
"两得","7","3","10"
"臣结","3","7","10"
"未正","7","3","10"
"公无","5","5","10"
"年得","2","8","10"
"日录","4","6","10"
"备缓","6","4","10"
"桧之","9","1","10"
"兴末","5","5","10"
"桧当","4","6","10"
"坏法","3","7","10"
"千古","4","6","10"
"任辅","1","9","10"
"予之","9","1","10"
"意恢","5","5","10"
"端有","5","5","10"
"闲之","5","5","10"
"一指","4","6","10"
"解散","1","9","10"
"以伸","6","4","10"
"班位","1","9","10"
"熹与","7","3","10"
"之奸","8","2","10"
"退大","5","5","10"
"除户","8","2","10"
"仁言","10","0","10"
"同朝","3","7","10"
"郎之","2","8","10"
"门时","1","9","10"
"日兴","6","4","10"
"淮曰","10","0","10"
"唐仲","2","8","10"
"论恢","5","5","10"
"备进","1","9","10"
"又招","3","7","10"
"四总","5","5","10"
"简朴","2","8","10"
"贬损","6","4","10"
"管冲","5","5","10"
"有淮","3","7","10"
"秦琥","2","8","10"
"六项","5","5","10"
"项法","5","5","10"
"京大","3","7","10"
"力能","4","6","10"
"善长","1","9","10"
"监南","5","5","10"
"人罢","2","8","10"
"明军","3","7","10"
"趋向","2","8","10"
"鹿洞","5","5","10"
"而导","1","9","10"
"下刚","1","9","10"
"私谒","9","1","10"
"名门","1","9","10"
"功第","6","4","10"
"民可","6","4","10"
"踏白","5","5","10"
"陈安","4","6","10"
"而合","5","5","10"
"筑堡","3","7","10"
"下独","6","4","10"
"由三","1","9","10"
"为饶","1","9","10"
"示弱","4","6","10"
"书交","1","9","10"
"污秽","2","8","10"
"而益","8","2","10"
"沦落","1","9","10"
"陆地","1","9","10"
"触怒","2","8","10"
"平使","5","5","10"
"宗更","3","7","10"
"制是","1","9","10"
"徐侨","5","5","10"
"得应","3","7","10"
"自性","5","5","10"
"经商","1","9","10"
"仇怨","3","7","10"
"力讲","1","9","10"
"奢华","1","9","10"
"李韶","2","8","10"
"向为","3","7","10"
"年高","3","7","10"
"葵出","5","5","10"
"使指","7","3","10"
"疲敝","2","8","10"
"杨成","2","8","10"
"前时","2","8","10"
"高出","1","9","10"
"我用","2","8","10"
"势就","1","9","10"
"凶贼","1","9","10"
"守泗","5","5","10"
"而忧","6","4","10"
"人阻","1","9","10"
"全来","1","9","10"
"服在","2","8","10"
"是监","3","7","10"
"学中","6","4","10"
"嵘叟","5","5","10"
"中实","3","7","10"
"望我","2","8","10"
"中受","2","8","10"
"〈口","10","0","10"
"死有","3","7","10"
"尽弃","7","3","10"
"为被","1","9","10"
"邪小","1","9","10"
"诉大","2","8","10"
"发他","1","9","10"
"是更","1","9","10"
"程中","1","9","10"
"以博","6","4","10"
"求仕","3","7","10"
"轼不","6","4","10"
"王知","2","8","10"
"连而","3","7","10"
"广问","5","5","10"
"章进","4","6","10"
"令浙","1","9","10"
"时留","1","9","10"
"果人","1","9","10"
"心诚","3","7","10"
"兢兢","2","8","10"
"臣掌","1","9","10"
"而代","4","6","10"
"又变","2","8","10"
"来守","2","8","10"
"前与","2","8","10"
"士争","7","3","10"
"过前","4","6","10"
"卧病","2","8","10"
"家时","1","9","10"
"加追","2","8","10"
"方天","1","9","10"
"向背","6","4","10"
"游酢","4","6","10"
"下陈","1","9","10"
"合圣","2","8","10"
"渡以","1","9","10"
"最少","3","7","10"
"且出","2","8","10"
"与先","6","4","10"
"用黑","1","9","10"
"荐陈","3","7","10"
"是反","2","8","10"
"怨于","8","2","10"
"猛将","2","8","10"
"使时","1","9","10"
"垣出","1","9","10"
"兵挑","2","8","10"
"见敌","3","7","10"
"乱世","1","9","10"
"以敌","6","4","10"
"伊尹","2","8","10"
"陷阱","2","8","10"
"道高","1","9","10"
"能讲","2","8","10"
"千字","1","9","10"
"金议","3","7","10"
"从石","1","9","10"
"远见","1","9","10"
"绝口","5","5","10"
"出家","3","7","10"
"酒于","2","8","10"
"来两","1","9","10"
"用忠","3","7","10"
"摧折","2","8","10"
"深究","3","7","10"
"时蔡","3","7","10"
"后秦","1","9","10"
"太少","1","9","10"
"飞父","5","5","10"
"关机","1","9","10"
"骄傲","1","9","10"
"全知","4","6","10"
"切事","2","8","10"
"将商","1","9","10"
"不也","1","9","10"
"裴渊","2","8","10"
"告各","1","9","10"
"能获","1","9","10"
"兵说","1","9","10"
"屈辱","1","9","10"
"于全","3","7","10"
"看我","1","9","10"
"而延","4","6","10"
"绛色","1","9","10"
"正自","1","9","10"
"部从","3","7","10"
"前年","2","8","10"
"李格","1","9","10"
"博曰","10","0","10"
"除陕","1","9","10"
"贵也","3","7","10"
"示王","1","9","10"
"弼言","9","1","10"
"狭小","1","9","10"
"弱病","1","9","10"
"有更","3","7","10"
"管领","1","9","10"
"给不","1","9","10"
"任发","1","9","10"
"中毒","3","7","10"
"心国","1","9","10"
"官场","1","9","10"
"馆舍","1","9","10"
"推后","1","9","10"
"言进","1","9","10"
"章上","1","9","10"
"张舜","4","6","10"
"人怨","2","8","10"
"是灾","1","9","10"
"在封","2","8","10"
"按军","2","8","10"
"患无","7","3","10"
"保马","5","5","10"
"手实","4","6","10"
"倚为","2","8","10"
"复河","4","6","10"
"城附","1","9","10"
"取粮","4","6","10"
"势险","1","9","10"
"光彩","1","9","10"
"中已","3","7","10"
"然处","1","9","10"
"情来","1","9","10"
"者交","2","8","10"
"计可","1","9","10"
"宽三","1","9","10"
"镇曰","10","0","10"
"令宗","1","9","10"
"声而","2","8","10"
"是害","1","9","10"
"主而","1","9","10"
"颍河","3","7","10"
"识别","1","9","10"
"人厌","1","9","10"
"仲与","5","5","10"
"宗作","1","9","10"
"地已","2","8","10"
"仲武","5","5","10"
"人变","2","8","10"
"地守","1","9","10"
"死中","3","7","10"
"此将","2","8","10"
"雪耻","3","7","10"
"人城","1","9","10"
"于骑","2","8","10"
"光请","3","7","10"
"忠从","2","8","10"
"慨激","1","9","10"
"飞冤","4","6","10"
"飞部","2","8","10"
"得利","1","9","10"
"敬服","1","9","10"
"用高","1","9","10"
"人欺","1","9","10"
"桧请","4","6","10"
"将神","1","9","10"
"会和","1","9","10"
"制和","1","9","10"
"要我","1","9","10"
"地保","1","9","10"
"熟知","1","9","10"
"而完","1","9","10"
"中对","1","9","10"
"刘汜","1","9","10"
"州请","1","9","10"
"琼在","2","8","10"
"最早","1","9","10"
"和解","2","8","10"
"世才","2","8","10"
"张彬","3","7","10"
"经任","1","9","10"
"每家","1","9","10"
"时遇","1","9","10"
"员有","1","9","10"
"在府","1","9","10"
"几名","1","9","10"
"公然","1","9","10"
"不授","2","8","10"
"命金","1","9","10"
"令士","1","9","10"
"告刘","1","9","10"
"士充","3","7","10"
"所设","1","9","10"
"全才","1","9","10"
"扫荡","1","9","10"
"轻浮","1","9","10"
"管大","0","10","10"
"突发","0","10","10"
"廷外","0","10","10"
"从现","0","10","10"
"涉到","0","10","10"
"尽量","0","10","10"
"的必","0","10","10"
"首位","0","10","10"
"罚他","0","10","10"
"抓起","0","10","10"
"一晚","0","10","10"
"信息","0","10","10"
"要举","0","10","10"
"却无","0","10","10"
"的修","0","10","10"
"分类","0","10","10"
"个朝","0","10","10"
"况的","0","10","10"
"都各","0","10","10"
"种官","0","10","10"
"便的","0","10","10"
"在使","0","10","10"
"够用","0","10","10"
"们吗","0","10","10"
"的集","0","10","10"
"搁置","0","10","10"
"被安","0","10","10"
"的艰","0","10","10"
"接替","0","10","10"
"孝的","0","10","10"
"的伤","0","10","10"
"到损","0","10","10"
"依循","0","10","10"
"穿重","0","10","10"
"禅祭","0","10","10"
"要考","0","10","10"
"亲身","0","10","10"
"期没","0","10","10"
"人仍","0","10","10"
"样看","0","10","10"
"才派","0","10","10"
"员代","0","10","10"
"制没","0","10","10"
"个社","0","10","10"
"的距","0","10","10"
"些说","0","10","10"
"的贵","0","10","10"
"来皇","0","10","10"
"它是","0","10","10"
"的产","0","10","10"
"换成","0","10","10"
"不着","0","10","10"
"面没","0","10","10"
"跪着","0","10","10"
"示出","0","10","10"
"目标","0","10","10"
"福分","0","10","10"
"绩显","0","10","10"
"孝心","0","10","10"
"都担","0","10","10"
"存放","0","10","10"
"储君","0","10","10"
"辛劳","0","10","10"
"在孝","0","10","10"
"阻遏","0","10","10"
"不灵","0","10","10"
"是恒","0","10","10"
"到灾","0","10","10"
"现这","0","10","10"
"凌君","0","10","10"
"谦逊","0","10","10"
"就写","0","10","10"
"地做","0","10","10"
"我现","0","10","10"
"给谢","0","10","10"
"解我","0","10","10"
"我深","0","10","10"
"立业","0","10","10"
"太远","0","10","10"
"叫我","0","10","10"
"破了","0","10","10"
"了父","0","10","10"
"被逮","0","10","10"
"情势","0","10","10"
"垣询","0","10","10"
"一辈","0","10","10"
"了也","0","10","10"
"管制","0","10","10"
"布匹","0","10","10"
"对象","0","10","10"
"朴实","0","10","10"
"取巧","0","10","10"
"鼻子","0","10","10"
"大话","0","10","10"
"这儿","0","10","10"
"得住","0","10","10"
"但实","0","10","10"
"却与","0","10","10"
"精心","0","10","10"
"说好","0","10","10"
"度就","0","10","10"
"牢固","0","10","10"
"人最","0","10","10"
"落的","0","10","10"
"远超","0","10","10"
"孟凯","0","10","10"
"个命","0","10","10"
"荡不","0","10","10"
"想去","0","10","10"
"果被","0","10","10"
"诅咒","0","10","10"
"有矛","0","10","10"
"轮到","0","10","10"
"点小","0","10","10"
"案子","0","10","10"
"人好","0","10","10"
"巧妙","0","10","10"
"度和","0","10","10"
"素的","0","10","10"
"想为","0","10","10"
"个问","0","10","10"
"都写","0","10","10"
"然这","0","10","10"
"予追","0","10","10"
"一番","0","10","10"
"他更","0","10","10"
"听的","0","10","10"
"吃不","0","10","10"
"斧头","0","10","10"
"该不","0","10","10"
"技术","0","10","10"
"义气","0","10","10"
"但总","0","10","10"
"和石","0","10","10"
"真理","0","10","10"
"白这","0","10","10"
"妒他","0","10","10"
"我每","0","10","10"
"的顺","0","10","10"
"欠缺","0","10","10"
"都喜","0","10","10"
"们每","0","10","10"
"们送","0","10","10"
"运气","0","10","10"
"实没","0","10","10"
"亲国","0","10","10"
"代没","0","10","10"
"族被","0","10","10"
"一箭","0","10","10"
"荣誉","0","10","10"
"他要","0","10","10"
"了平","0","10","10"
"坏事","0","10","10"
"了元","0","10","10"
"把握","0","10","10"
"看得","0","10","10"
"应把","0","10","10"
"快地","0","10","10"
"布文","0","10","10"
"六种","0","10","10"
"昏庸","0","10","10"
"究不","0","10","10"
"下看","0","10","10"
"种种","0","10","10"
"空隙","0","10","10"
"人抓","0","10","10"
"供认","0","10","10"
"然去","0","10","10"
"该受","0","10","10"
"来源","0","10","10"
"除百","0","10","10"
"都集","0","10","10"
"兴得","0","10","10"
"道只","0","10","10"
"常好","0","10","10"
"么才","0","10","10"
"掉一","0","10","10"
"位低","0","10","10"
"嫉恨","0","10","10"
"食和","0","10","10"
"部到","0","10","10"
"纯朴","0","10","10"
"和天","0","10","10"
"的损","0","10","10"
"东进","0","10","10"
"了什","0","10","10"
"你家","0","10","10"
"牛车","0","10","10"
"算了","0","10","10"
"园的","0","10","10"
"便杀","0","10","10"
"包庇","0","10","10"
"天多","0","10","10"
"亲说","0","10","10"
"虏的","0","10","10"
"应按","0","10","10"
"要追","0","10","10"
"的容","0","10","10"
"盗的","0","10","10"
"程的","0","10","10"
"都叫","0","10","10"
"穿用","0","10","10"
"着对","0","10","10"
"了下","0","10","10"
"物和","0","10","10"
"有按","0","10","10"
"队士","0","10","10"
"民迁","0","10","10"
"肃地","0","10","10"
"逃兵","0","10","10"
"下把","0","10","10"
"等回","0","10","10"
"局的","0","10","10"
"买的","0","10","10"
"知怎","0","10","10"
"中各","0","10","10"
"管束","0","10","10"
"说范","0","10","10"
"是听","0","10","10"
"替王","0","10","10"
"他建","0","10","10"
"轿子","0","10","10"
"敢讲","0","10","10"
"就奏","0","10","10"
"干什","0","10","10"
"完整","0","10","10"
"报的","0","10","10"
"定说","0","10","10"
"面向","0","10","10"
"固自","0","10","10"
"期被","0","10","10"
"洁的","0","10","10"
"到书","0","10","10"
"愿的","0","10","10"
"好天","0","10","10"
"的馆","0","10","10"
"予赏","0","10","10"
"他发","0","10","10"
"就难","0","10","10"
"他擅","0","10","10"
"的男","0","10","10"
"斛米","0","10","10"
"劾自","0","10","10"
"气候","0","10","10"
"密切","0","10","10"
"但并","0","10","10"
"间房","0","10","10"
"了京","0","10","10"
"次向","0","10","10"
"这几","0","10","10"
"举报","0","10","10"
"个计","0","10","10"
"才会","0","10","10"
"媚的","0","10","10"
"们现","0","10","10"
"快马","0","10","10"
"书皇","0","10","10"
"夸奖","0","10","10"
"米芾","0","10","10"
"某一","0","10","10"
"派赵","0","10","10"
"色印","0","10","10"
"零六","0","10","10"
"五元","0","10","10"
"停集","0","10","10"
"的定","0","10","10"
"了七","0","10","10"
"外溢","0","10","10"
"头说","0","10","10"
"里处","0","10","10"
"祀为","0","10","10"
"命黄","0","10","10"
"显漠","0","10","10"
"陈擎","0","10","10"
"升兵","0","10","10"
"尉职","0","10","10"
"任北","0","10","10"
"任虞","0","10","10"
"同任","0","10","10"
"产担","0","10","10"
"次交","0","10","10"
"弘的","0","10","10"
"毅的","0","10","10"
"受挫","0","10","10"
"外派","0","10","10"
"身作","0","10","10"
"作则","0","10","10"
"造访","0","10","10"
"多时","0","10","10"
"后接","0","10","10"
"等等","0","10","10"
"得忧","0","10","10"
"地时","0","10","10"
"和徐","0","10","10"
"水边","0","10","10"
"创伤","0","10","10"
"果在","0","10","10"
"停泊","0","10","10"
"泊在","0","10","10"
"的入","0","10","10"
"他坚","0","10","10"
"到束","0","10","10"
"运回","0","10","10"
"派参","0","10","10"
"作军","0","10","10"
"捕了","0","10","10"
"前些","0","10","10"
"年派","0","10","10"
"愧疚","0","10","10"
"划策","0","10","10"
"撤消","0","10","10"
"了中","0","10","10"
"都赞","0","10","10"
"终结","0","10","10"
"理丧","0","10","10"
"十来","0","10","10"
"祭庙","0","10","10"
"这条","0","10","10"
"殿逝","0","10","10"
"不穿","0","10","10"
"贡奉","0","10","10"
"殴打","0","10","10"
"起床","0","10","10"
"幽禁","0","10","10"
"氐人","0","10","10"
"州划","0","10","10"
"通告","0","10","10"
"很可","0","10","10"
"姓开","0","10","10"
"坐车","0","10","10"
"接应","0","10","10"
"就算","0","10","10"
"却在","0","10","10"
"祖想","0","10","10"
"到兴","0","10","10"
"王礻","0","10","10"
"次设","0","10","10"
"都回","0","10","10"
"面积","0","10","10"
"到历","0","10","10"
"的乌","0","10","10"
"下做","0","10","10"
"凌辱","0","10","10"
"便向","0","10","10"
"却因","0","10","10"
"率各","0","10","10"
"管北","0","10","10"
"起被","0","10","10"
"化百","0","10","10"
"先要","0","10","10"
"的钟","0","10","10"
"朝担","0","10","10"
"抗击","0","10","10"
"员各","0","10","10"
"横征","0","10","10"
"游的","0","10","10"
"的妾","0","10","10"
"被捕","0","10","10"
"沿岸","0","10","10"
"了新","0","10","10"
"被分","0","10","10"
"均匀","0","10","10"
"感染","0","10","10"
"上产","0","10","10"
"而要","0","10","10"
"牲口","0","10","10"
"地安","0","10","10"
"乐律","0","10","10"
"讲到","0","10","10"
"书．","0","10","10"
"到九","0","10","10"
"寸的","0","10","10"
"杂在","0","10","10"
"器都","0","10","10"
"照古","0","10","10"
"典的","0","10","10"
"于使","0","10","10"
"敲击","0","10","10"
"要对","0","10","10"
"模拟","0","10","10"
"空的","0","10","10"
"别命","0","10","10"
"这裹","0","10","10"
"了秦","0","10","10"
"的八","0","10","10"
"们而","0","10","10"
"须先","0","10","10"
"确地","0","10","10"
"影的","0","10","10"
"到景","0","10","10"
"加在","0","10","10"
"在定","0","10","10"
"月时","0","10","10"
"体上","0","10","10"
"法应","0","10","10"
"女宿","0","10","10"
"续三","0","10","10"
"吏说","0","10","10"
"裹有","0","10","10"
"诏派","0","10","10"
"酌审","0","10","10"
"的如","0","10","10"
"在夜","0","10","10"
"后认","0","10","10"
"体现","0","10","10"
"色衣","0","10","10"
"郊举","0","10","10"
"概就","0","10","10"
"葬时","0","10","10"
"的棺","0","10","10"
"都停","0","10","10"
"的遣","0","10","10"
"生这","0","10","10"
"们听","0","10","10"
"而担","0","10","10"
"行殇","0","10","10"
"疑这","0","10","10"
"么它","0","10","10"
"月才","0","10","10"
"据了","0","10","10"
"藩国","0","10","10"
"现任","0","10","10"
"赠的","0","10","10"
"是玉","0","10","10"
"求命","0","10","10"
"了晋","0","10","10"
"天进","0","10","10"
"了安","0","10","10"
"子呢","0","10","10"
"被尊","0","10","10"
"给礼","0","10","10"
"领土","0","10","10"
"享用","0","10","10"
"难时","0","10","10"
"定被","0","10","10"
"着酒","0","10","10"
"博的","0","10","10"
"释说","0","10","10"
"义是","0","10","10"
"说北","0","10","10"
"各家","0","10","10"
"辩说","0","10","10"
"自祭","0","10","10"
"请把","0","10","10"
"意是","0","10","10"
"达八","0","10","10"
"兴了","0","10","10"
"丞的","0","10","10"
"见方","0","10","10"
"祷告","0","10","10"
"蠢的","0","10","10"
"朝又","0","10","10"
"到宗","0","10","10"
"始做","0","10","10"
"始接","0","10","10"
"前就","0","10","10"
"来太","0","10","10"
"这四","0","10","10"
"领悟","0","10","10"
"应派","0","10","10"
"都升","0","10","10"
"传承","0","10","10"
"做太","0","10","10"
"天亲","0","10","10"
"边是","0","10","10"
"门负","0","10","10"
"时值","0","10","10"
"宗来","0","10","10"
"帝任","0","10","10"
"车制","0","10","10"
"二只","0","10","10"
"都赐","0","10","10"
"稳固","0","10","10"
"人俘","0","10","10"
"令规","0","10","10"
"上发","0","10","10"
"珍贵","0","10","10"
"极尽","0","10","10"
"头巾","0","10","10"
"在厅","0","10","10"
"且能","0","10","10"
"服完","0","10","10"
"持的","0","10","10"
"方夷","0","10","10"
"他贬","0","10","10"
"么上","0","10","10"
"到和","0","10","10"
"是怎","0","10","10"
"气说","0","10","10"
"的铜","0","10","10"
"家家","0","10","10"
"来发","0","10","10"
"中拿","0","10","10"
"胜过","0","10","10"
"猎物","0","10","10"
"猛的","0","10","10"
"查实","0","10","10"
"收罗","0","10","10"
"载着","0","10","10"
"是朱","0","10","10"
"受惊","0","10","10"
"染上","0","10","10"
"座城","0","10","10"
"辰的","0","10","10"
"犯火","0","10","10"
"被动","0","10","10"
"诉王","0","10","10"
"表朝","0","10","10"
"入束","0","10","10"
"上被","0","10","10"
"来成","0","10","10"
"被击","0","10","10"
"终因","0","10","10"
"率骑","0","10","10"
"后逃","0","10","10"
"州相","0","10","10"
"的赤","0","10","10"
"情被","0","10","10"
"到万","0","10","10"
"烈的","0","10","10"
"史说","0","10","10"
"星星","0","10","10"
"把天","0","10","10"
"到日","0","10","10"
"背部","0","10","10"
"他代","0","10","10"
"唱道","0","10","10"
"停在","0","10","10"
"子很","0","10","10"
"给吕","0","10","10"
"会长","0","10","10"
"凰出","0","10","10"
"向着","0","10","10"
"与这","0","10","10"
"去向","0","10","10"
"己身","0","10","10"
"吝惜","0","10","10"
"老乡","0","10","10"
"话告","0","10","10"
"陪伴","0","10","10"
"的永","0","10","10"
"都看","0","10","10"
"枝干","0","10","10"
"祥物","0","10","10"
"的宅","0","10","10"
"来参","0","10","10"
"加宴","0","10","10"
"的庄","0","10","10"
"的自","0","10","10"
"候便","0","10","10"
"且把","0","10","10"
"乘着","0","10","10"
"了结","0","10","10"
"由自","0","10","10"
"的专","0","10","10"
"没过","0","10","10"
"派其","0","10","10"
"叛朝","0","10","10"
"到钱","0","10","10"
"挫败","0","10","10"
"旱情","0","10","10"
"多个","0","10","10"
"情败","0","10","10"
"逃向","0","10","10"
"的仇","0","10","10"
"他把","0","10","10"
"它并","0","10","10"
"击中","0","10","10"
"生叛","0","10","10"
"恣肆","0","10","10"
"呼应","0","10","10"
"悬殊","0","10","10"
"宫时","0","10","10"
"尸骨","0","10","10"
"现不","0","10","10"
"也受","0","10","10"
"府出","0","10","10"
"挖开","0","10","10"
"打破","0","10","10"
"着上","0","10","10"
"久张","0","10","10"
"县设","0","10","10"
"载隶","0","10","10"
"青时","0","10","10"
"些东","0","10","10"
"吃一","0","10","10"
"头衔","0","10","10"
"的怀","0","10","10"
"个消","0","10","10"
"正碰","0","10","10"
"员到","0","10","10"
"中把","0","10","10"
"中只","0","10","10"
"走过","0","10","10"
"父谢","0","10","10"
"京时","0","10","10"
"北上","0","10","10"
"有消","0","10","10"
"共得","0","10","10"
"和萧","0","10","10"
"蜀的","0","10","10"
"路旁","0","10","10"
"派萧","0","10","10"
"到死","0","10","10"
"流着","0","10","10"
"姓到","0","10","10"
"攻他","0","10","10"
"力抵","0","10","10"
"到蜀","0","10","10"
"开激","0","10","10"
"早点","0","10","10"
"奋战","0","10","10"
"会射","0","10","10"
"的退","0","10","10"
"当江","0","10","10"
"只剩","0","10","10"
"访他","0","10","10"
"想废","0","10","10"
"们做","0","10","10"
"要多","0","10","10"
"才说","0","10","10"
"品评","0","10","10"
"送去","0","10","10"
"他打","0","10","10"
"队还","0","10","10"
"常赞","0","10","10"
"并让","0","10","10"
"商汤","0","10","10"
"谢了","0","10","10"
"在只","0","10","10"
"我过","0","10","10"
"悼念","0","10","10"
"的念","0","10","10"
"议派","0","10","10"
"护皇","0","10","10"
"反抗","0","10","10"
"境贫","0","10","10"
"申辩","0","10","10"
"到马","0","10","10"
"点说","0","10","10"
"拔人","0","10","10"
"卫部","0","10","10"
"廷免","0","10","10"
"还会","0","10","10"
"顺便","0","10","10"
"婆婆","0","10","10"
"连到","0","10","10"
"常对","0","10","10"
"候他","0","10","10"
"冲出","0","10","10"
"率他","0","10","10"
"让老","0","10","10"
"他拜","0","10","10"
"船的","0","10","10"
"此升","0","10","10"
"范被","0","10","10"
"地记","0","10","10"
"和吕","0","10","10"
"当这","0","10","10"
"的视","0","10","10"
"是带","0","10","10"
"机攻","0","10","10"
"袁岂","0","10","10"
"宪的","0","10","10"
"备杀","0","10","10"
"去那","0","10","10"
"廷同","0","10","10"
"文化","0","10","10"
"地任","0","10","10"
"点头","0","10","10"
"正和","0","10","10"
"天傍","0","10","10"
"军俘","0","10","10"
"述他","0","10","10"
"理工","0","10","10"
"都采","0","10","10"
"来探","0","10","10"
"篇文","0","10","10"
"李箔","0","10","10"
"去援","0","10","10"
"被李","0","10","10"
"述时","0","10","10"
"复审","0","10","10"
"臣贩","0","10","10"
"税和","0","10","10"
"坏百","0","10","10"
"州拖","0","10","10"
"欠赋","0","10","10"
"民房","0","10","10"
"发射","0","10","10"
"核察","0","10","10"
"宗答","0","10","10"
"段黄","0","10","10"
"澈见","0","10","10"
"任蔡","0","10","10"
"仓贩","0","10","10"
"夺得","0","10","10"
"者按","0","10","10"
"欠官","0","10","10"
"降木","0","10","10"
"呈阵","0","10","10"
"积滞","0","10","10"
"在资","0","10","10"
"军每","0","10","10"
"因阴","0","10","10"
"给付","0","10","10"
"路铃","0","10","10"
"备作","0","10","10"
"别举","0","10","10"
"好转","0","10","10"
"淹的","0","10","10"
"和粮","0","10","10"
"访契","0","10","10"
"令处","0","10","10"
"况上","0","10","10"
"遮掩","0","10","10"
"打金","0","10","10"
"石米","0","10","10"
"次考","0","10","10"
"到迩","0","10","10"
"奏后","0","10","10"
"因违","0","10","10"
"诏要","0","10","10"
"受召","0","10","10"
"阳旁","0","10","10"
"行贩","0","10","10"
"被停","0","10","10"
"邓询","0","10","10"
"谭棋","0","10","10"
"应割","0","10","10"
"中投","0","10","10"
"泽派","0","10","10"
"元知","0","10","10"
"贼全","0","10","10"
"死金","0","10","10"
"俊的","0","10","10"
"多络","0","10","10"
"道要","0","10","10"
"完丧","0","10","10"
"讯他","0","10","10"
"桧开","0","10","10"
"八次","0","10","10"
"法实","0","10","10"
"让四","0","10","10"
"金派","0","10","10"
"就授","0","10","10"
"部投","0","10","10"
"替我","0","10","10"
"臣弹","0","10","10"
"政待","0","10","10"
"赠转","0","10","10"
"名单","0","10","10"
"就容","0","10","10"
"住不","0","10","10"
"说主","0","10","10"
"刑事","0","10","10"
"么王","0","10","10"
"宿口","0","10","10"
"急情","0","10","10"
"附合","0","10","10"
"任定","0","10","10"
"们争","0","10","10"
"全他","0","10","10"
"到苏","0","10","10"
"教给","0","10","10"
"送书","0","10","10"
"是些","0","10","10"
"就告","0","10","10"
"久授","0","10","10"
"斩敌","0","10","10"
"师任","0","10","10"
"逐到","0","10","10"
"彬说","0","10","10"
"人刚","0","10","10"
"的医","0","10","10"
"翰说","0","10","10"
"险了","0","10","10"
"任许","0","10","10"
"罢贬","0","10","10"
"数天","0","10","10"
"去参","0","10","10"
"逢朝","0","10","10"
"府时","0","10","10"
"心就","0","10","10"
"和约","0","10","10"
"若说","0","10","10"
"只说","0","10","10"
"算用","0","10","10"
"派宦","0","10","10"
"朝说","0","10","10"
"他读","0","10","10"
"逵说","0","10","10"
"被阻","0","10","10"
"迪说","0","10","10"
"上赠","0","10","10"
"拔重","0","10","10"
"他论","0","10","10"
"焘被","0","10","10"
"公众","0","10","10"
"丘宗","0","10","10"
"驿馆","0","10","10"
"逐走","0","10","10"
"我恐","0","10","10"
"檄命","0","10","10"
"巾军","0","10","10"
"就决","0","10","10"
"纲说","0","10","10"
"火龠","0","10","10"
"任宝","0","10","10"
"这六","0","10","10"
"廷拜","0","10","10"
"朱面","0","10","10"
"锜说","0","10","10"
