"N-gram","宋史原文","宋史翻译","Total"
"州刺史","1465","1531","2996"
"枢密院","734","818","1552"
"军节度","668","672","1340"
"节度使","584","678","1262"
"十一月","586","598","1184"
"十一日","27","1151","1178"
"十七日","14","1151","1165"
"密院事","567","581","1148"
"十二月","563","573","1136"
"十二日","21","1114","1135"
"十八日","19","1101","1120"
"十三日","8","1105","1113"
"十四日","20","1083","1103"
"十五日","25","992","1017"
"十六日","22","985","1007"
"知政事","481","499","980"
"参知政","480","499","979"
"十九日","17","906","923"
"部侍郎","429","446","875"
"月初一","0","854","854"
"部尚书","415","422","837"
"知枢密","380","389","769"
"二十四","94","668","762"
"军将军","364","395","759"
"年正月","359","386","745"
"二十一","80","656","736"
"二十七","71","662","733"
"皇太后","333","378","711"
"二十二","74","619","693"
"二十八","70","599","669"
"二十三","64","598","662"
"州知州","1","658","659"
"二十五","90","568","658"
"殿学士","315","318","633"
"年春正","326","305","631"
"春正月","326","305","631"
"秋七月","313","312","625"
"夏四月","309","304","613"
"二十六","53","553","606"
"冬十月","302","300","602"
"韩世忠","135","446","581"
"制置使","274","298","572"
"的儿子","0","554","554"
"大学士","272","276","548"
"自己的","0","534","534"
"年五月","263","269","532"
"大将军","260","264","524"
"转运使","236","280","516"
"枢密使","245","266","511"
"星侵犯","0","492","492"
"王安石","101","390","491"
"二十九","44","446","490"
"年四月","240","242","482"
"他们的","0","481","481"
"平章事","233","233","466"
"直学士","232","231","463"
"年二月","225","233","458"
"翰林学","224","228","452"
"员外郎","223","229","452"
"林学士","224","227","451"
"二月初","0","440","440"
"书枢密","218","220","438"
"元嘉二","205","231","436"
"年六月","215","216","431"
"签书枢","215","216","431"
"殿大学","211","215","426"
"安抚使","186","238","424"
"同知枢","209","210","419"
"给事中","203","213","416"
"为尚书","192","223","415"
"刘光世","127","287","414"
"年三月","205","205","410"
"嘉二十","193","216","409"
"年七月","203","201","404"
"御史中","191","212","403"
"月二十","31","367","398"
"同三司","197","198","395"
"仪同三","194","196","390"
"派遣使","0","390","390"
"皇太子","175","212","387"
"宗即位","173","212","385"
"开府仪","191","192","383"
"府仪同","191","192","383"
"占辞说","0","382","382"
"资政殿","188","190","378"
"侍御史","181","186","367"
"州团练","182","184","366"
"宣抚使","169","197","366"
"的地方","0","359","359"
"尚书左","176","180","356"
"出现于","0","356","356"
"议大夫","171","177","348"
"阁待制","172","175","347"
"司马光","86","261","347"
"有什么","0","346","346"
"月初二","0","346","346"
"有忧患","0","345","345"
"指挥使","168","175","343"
"史中丞","192","151","343"
"的时候","0","343","343"
"二十日","16","324","340"
"晋武帝","160","178","338"
"右仆射","165","171","336"
"太白星","1","333","334"
"中书舍","161","168","329"
"书舍人","161","168","329"
"观文殿","163","165","328"
"尚书右","157","165","322"
"孝武帝","102","218","320"
"卫将军","156","161","317"
"豫州刺","155","160","315"
"龙图阁","156","159","315"
"任命为","0","312","312"
"年十一","156","155","311"
"年十月","154","157","311"
"士大夫","119","192","311"
"年八月","153","157","310"
"为枢密","140","166","306"
"禄大夫","149","153","302"
"月初三","0","302","302"
"光禄大","149","152","301"
"书门下","148","153","301"
"国家的","0","301","301"
"中书门","147","151","298"
"上奏说","0","298","298"
"谏议大","146","151","297"
"第二年","0","295","295"
"都统制","145","146","291"
"贾似道","62","228","290"
"左仆射","144","144","288"
"吏部尚","141","144","285"
"年十二","145","140","285"
"徐州刺","142","140","282"
"察御史","141","141","282"
"遣使臣","3","279","282"
"监察御","140","141","281"
"中书侍","137","137","274"
"书侍郎","137","137","274"
"部员外","135","139","274"
"的意见","0","273","273"
"开封府","118","153","271"
"观察使","134","137","271"
"正月初","1","266","267"
"这个月","0","267","267"
"报朝廷","1","265","266"
"甘露降","134","128","262"
"被罢免","0","262","262"
"枢密副","128","133","261"
"范仲淹","60","200","260"
"虞允文","57","203","260"
"平兴国","104","155","259"
"太平兴","104","154","258"
"不知道","1","257","258"
"到朝廷","0","258","258"
"天下之","193","64","257"
"十一年","126","131","257"
"赵汝愚","39","217","256"
"上报朝","0","256","256"
"月初四","0","256","256"
"被任命","0","255","255"
"临安府","130","124","254"
"年九月","124","128","252"
"十二年","121","129","250"
"政殿学","125","125","250"
"州观察","124","125","249"
"明殿学","124","125","249"
"都指挥","123","125","248"
"都部署","123","124","247"
"端明殿","123","124","247"
"元嘉十","111","134","245"
"王钦若","61","184","245"
"十五年","121","123","244"
"老百姓","1","242","243"
"密副使","118","123","241"
"的军队","0","241","241"
"太上皇","100","139","239"
"月初五","0","238","238"
"的事情","0","237","237"
"西将军","108","128","236"
"团练使","117","119","236"
"阁直学","118","116","234"
"知制诰","124","109","233"
"同中书","116","116","232"
"门下平","116","116","232"
"下平章","116","116","232"
"皇帝的","0","229","229"
"武帝太","112","116","228"
"四月初","0","227","227"
"康元年","114","111","225"
"荧惑星","1","223","224"
"沈攸之","34","189","223"
"不可以","83","140","223"
"六月初","0","222","222"
"五月初","0","222","222"
"十四年","108","113","221"
"文殿大","110","111","221"
"这样的","0","221","221"
"一月初","0","220","220"
"尚书令","107","112","219"
"十三年","108","110","218"
"防御使","112","106","218"
"来进贡","0","218","218"
"郡太守","92","125","217"
"荆州刺","106","111","217"
"辅国将","105","109","214"
"国将军","105","109","214"
"七月初","0","214","214"
"州防御","105","108","213"
"三月初","1","212","213"
"九月初","1","210","211"
"八月初","0","211","211"
"文彦博","61","149","210"
"为参知","26","183","209"
"部郎中","104","105","209"
"十月初","0","209","209"
"提点刑","98","110","208"
"点刑狱","98","110","208"
"兼枢密","107","99","206"
"宣抚司","92","114","206"
"景灵宫","103","103","206"
"的官职","0","206","206"
"骑将军","94","110","204"
"是因为","0","201","201"
"月初六","0","200","200"
"太皇太","96","103","199"
"第二天","0","198","198"
"元年十","100","97","197"
"年六十","105","92","197"
"回答说","0","197","197"
"门下侍","96","100","196"
"下侍郎","96","100","196"
"兼侍读","103","93","196"
"扬州刺","93","101","194"
"十七年","92","101","193"
"帝元嘉","95","98","193"
"他的儿","0","193","193"
"雍州刺","96","96","192"
"望陛下","24","167","191"
"文帝元","93","97","190"
"陈俊卿","36","153","189"
"为什么","0","189","189"
"百姓的","0","189","189"
"的身份","0","189","189"
"书右仆","93","95","188"
"诸军事","103","85","188"
"这件事","0","188","188"
"皇上的","0","188","188"
"上朝廷","0","188","188"
"赦天下","114","73","187"
"大理寺","61","126","187"
"周必大","39","147","186"
"有战争","0","186","186"
"二州刺","95","90","185"
"史弥远","51","134","185"
"三十日","28","156","184"
"星白天","0","184","184"
"献上朝","0","184","184"
"户部侍","90","93","183"
"任命他","0","183","183"
"大臣们","0","181","181"
"为皇太","78","102","180"
"吕颐浩","77","102","179"
"江夏王","89","89","178"
"个儿子","0","178","178"
"晋惠帝","86","91","177"
"州安置","94","83","177"
"中进士","13","163","176"
"怎么能","0","176","176"
"有关部","0","176","176"
"关部门","0","176","176"
"木连理","90","85","175"
"江州刺","88","85","173"
"右谏议","85","88","173"
"为中书","62","110","172"
"州居住","72","100","172"
"的意思","0","172","172"
"赐给他","0","171","171"
"兴元年","83","87","170"
"路转运","81","89","170"
"太微垣","31","139","170"
"秘书省","81","88","169"
"荧惑犯","169","0","169"
"吏部侍","83","85","168"
"一定要","0","168","168"
"来祝贺","0","168","168"
"张邦昌","45","122","167"
"太白犯","166","0","166"
"出使金","0","166","166"
"晋安帝","80","85","165"
"为太子","62","103","165"
"书左仆","82","82","164"
"真德秀","30","134","164"
"北将军","80","82","162"
"帝太康","82","80","162"
"星犯之","158","3","161"
"这一年","0","161","161"
"中书令","79","81","160"
"是战争","0","160","160"
"骑常侍","78","81","159"
"学士院","79","80","159"
"四川宣","78","81","159"
"杨存中","28","131","159"
"的方法","0","159","159"
"皇上说","0","159","159"
"十六年","78","80","158"
"工部侍","78","80","158"
"朝廷的","0","158","158"
"星出现","0","158","158"
"制置司","74","83","157"
"御史台","59","98","157"
"大元兵","119","38","157"
"让他们","0","157","157"
"囚犯罪","0","157","157"
"战争发","0","157","157"
"散骑常","77","79","156"
"军统制","77","79","156"
"韩侂胄","54","102","156"
"争发生","0","156","156"
"希望陛","0","155","155"
"刺史刘","73","81","154"
"南徐州","70","84","154"
"太白昼","153","0","153"
"白昼见","153","0","153"
"检校太","77","76","153"
"礼部侍","76","77","153"
"年七十","87","66","153"
"殿中侍","75","77","152"
"宁朔将","75","75","150"
"朔将军","75","75","150"
"二年正","65","85","150"
"中侍御","74","76","150"
"了他的","0","150","150"
"将军刘","65","84","149"
"的情况","0","148","148"
"天出现","0","148","148"
"转运判","73","74","147"
"运判官","73","74","147"
"殿修撰","75","72","147"
"出现在","0","147","147"
"的议论","0","146","146"
"月初八","0","146","146"
"阳太守","74","71","145"
"同平章","72","73","145"
"川宣抚","71","74","145"
"白天出","0","145","145"
"王玄谟","45","99","144"
"皇帝位","37","107","144"
"二年春","69","75","144"
"月初七","0","144","144"
"吕公著","38","105","143"
"星进入","0","143","143"
"百二十","71","71","142"
"宁军节","70","71","141"
"宗皇帝","27","114","141"
"给他们","0","141","141"
"重华宫","62","78","140"
"百八十","70","70","140"
"玉津园","70","70","140"
"王刘义","0","140","140"
"金军攻","0","140","140"
"龙骧将","69","70","139"
"骧将军","69","70","139"
"年五十","76","63","139"
"天下的","0","139","139"
"还没有","0","139","139"
"帝泰始","71","67","138"
"阁学士","68","70","138"
"向朝廷","1","137","138"
"以下释","66","72","138"
"胡安国","18","120","138"
"的官员","0","138","138"
"的弟弟","0","138","138"
"二年十","68","69","137"
"为秘书","55","82","137"
"承宣使","69","68","137"
"进士第","97","40","137"
"刑以下","4","133","137"
"的制度","0","137","137"
"大赦天","64","72","136"
"兼中书","72","64","136"
"郑清之","29","107","136"
"在朝廷","10","126","136"
"陛下的","0","136","136"
"国派遣","0","136","136"
"命他为","0","136","136"
"冠军将","63","72","135"
"护军将","65","70","135"
"南豫州","63","72","135"
"月壬子","103","32","135"
"四川制","69","66","135"
"吕惠卿","30","105","135"
"月甲申","102","32","134"
"考中进","0","134","134"
"兗州刺","130","3","133"
"百六十","67","66","133"
"国子监","64","69","133"
"月癸亥","110","22","132"
"黄潜善","37","95","132"
"兖州刺","0","132","132"
"报告说","0","132","132"
"三年春","68","63","131"
"月甲戌","111","20","131"
"路安抚","64","67","131"
"抚制置","63","68","131"
"的百姓","0","131","131"
"没有什","0","131","131"
"太元十","66","64","130"
"熙元年","66","64","130"
"安抚司","64","66","130"
"即皇帝","34","96","130"
"十九年","64","65","129"
"月乙卯","98","31","129"
"书左丞","87","42","129"
"西安抚","62","67","129"
"汪应辰","21","108","129"
"陈宜中","25","104","129"
"贺金主","64","65","129"
"所说的","0","129","129"
"到京城","0","129","129"
"二十年","63","65","128"
"月戊午","99","29","128"
"礼部尚","62","66","128"
"团练副","63","65","128"
"杨沂中","48","80","128"
"月十一","3","125","128"
"的征兆","0","128","128"
"百五十","63","64","127"
"入太微","69","58","127"
"月戊戌","99","28","127"
"练副使","62","65","127"
"金国派","0","127","127"
"月庚午","94","32","126"
"月己亥","100","26","126"
"月戊子","97","29","126"
"著作佐","62","64","126"
"作佐郎","62","64","126"
"京留守","62","64","126"
"起居舍","63","63","126"
"居舍人","63","63","126"
"集贤殿","61","65","126"
"政殿大","62","64","126"
"的礼仪","0","126","126"
"的人都","0","126","126"
"不久又","0","126","126"
"始二年","62","63","125"
"月丁丑","92","33","125"
"永兴军","63","62","125"
"右正言","63","62","125"
"罪一等","83","42","125"
"遣使者","11","114","125"
"十八年","58","66","124"
"院事兼","62","62","124"
"派使者","0","124","124"
"月壬寅","99","24","123"
"节度副","62","61","123"
"为观文","40","83","123"
"兵部侍","59","64","123"
"的命令","0","123","123"
"露降临","0","123","123"
"三年十","62","60","122"
"月甲寅","93","29","122"
"都虞候","60","62","122"
"国军节","61","61","122"
"度副使","62","60","122"
"安抚制","59","63","122"
"贺明年","61","61","122"
"州通判","14","108","122"
"金主生","61","61","122"
"给朝廷","0","122","122"
"二月甲","96","25","121"
"月己丑","90","31","121"
"侍郎兼","61","60","121"
"武军节","61","60","121"
"军承宣","61","60","121"
"检校少","60","61","121"
"下诏说","0","121","121"
"我们的","0","121","121"
"月丁巳","93","27","120"
"使金国","11","109","120"
"都督府","58","62","120"
"汤思退","41","79","120"
"崇政殿","60","60","120"
"月壬辰","93","27","120"
"转运司","59","60","119"
"月甲午","92","27","119"
"月己酉","92","27","119"
"月辛卯","93","26","119"
"兵部尚","59","60","119"
"曹利用","28","91","119"
"月辛未","106","13","119"
"为资政","40","79","119"
"徽猷阁","74","45","119"
"川制置","61","58","119"
"议参军","59","60","119"
"皇上下","0","119","119"
"月壬午","87","31","118"
"彗星出","16","102","118"
"明元年","59","59","118"
"如果不","0","118","118"
"不足以","47","70","117"
"建康府","62","55","117"
"右丞相","83","34","117"
"举进士","107","10","117"
"天下人","4","113","117"
"发生大","0","117","117"
"抚军将","56","60","116"
"湘州刺","59","57","116"
"四年十","57","59","116"
"二月乙","95","21","116"
"月丙午","88","28","116"
"月甲子","93","23","116"
"马步军","57","59","116"
"魏了翁","27","89","116"
"遣使来","111","5","116"
"贺正旦","79","37","116"
"的父亲","0","116","116"
"的功劳","0","116","116"
"星占据","0","116","116"
"散骑侍","58","57","115"
"骑侍郎","58","57","115"
"太子中","57","58","115"
"月癸酉","90","25","115"
"赐礼部","61","54","115"
"河南府","56","59","115"
"二十万","56","59","115"
"拓跋焘","9","106","115"
"元年春","57","58","115"
"认为这","0","115","115"
"认为他","0","115","115"
"白星白","0","115","115"
"月庚寅","90","24","114"
"二月戊","89","25","114"
"月乙酉","94","20","114"
"和元年","56","58","114"
"月乙巳","93","21","114"
"宋文帝","54","60","114"
"使持节","55","59","114"
"上将军","58","56","114"
"等来贺","114","0","114"
"为同知","1","113","114"
"犯罪状","0","114","114"
"不接受","0","114","114"
"月戊辰","88","25","113"
"太守刘","54","59","113"
"二月十","4","109","113"
"的应验","0","113","113"
"一颗星","0","113","113"
"月乙亥","87","25","112"
"太子太","56","56","112"
"的原因","0","112","112"
"没有一","0","112","112"
"的士兵","0","112","112"
"月初九","0","112","112"
"使臣来","0","112","112"
"百三十","56","55","111"
"月甲辰","87","24","111"
"月丙申","92","19","111"
"三年正","54","57","111"
"月庚子","83","28","111"
"信军节","56","55","111"
"镇抚使","49","62","111"
"东安抚","55","56","111"
"象新书","56","55","111"
"祀天地","42","69","111"
"理政事","0","111","111"
"愿陛下","95","15","110"
"军司马","55","55","110"
"月乙丑","87","23","110"
"运副使","53","57","110"
"台谏官","8","102","110"
"也没有","0","110","110"
"的母亲","0","110","110"
"是这样","0","110","110"
"处理政","0","110","110"
"外散骑","55","54","109"
"武将军","52","57","109"
"徐羡之","35","74","109"
"镇军将","52","57","109"
"十余万","75","34","109"
"月丁卯","87","22","109"
"户部尚","54","55","109"
"泉观使","55","54","109"
"有流星","57","52","109"
"不得已","45","64","109"
"使他们","0","109","109"
"员外散","55","53","108"
"月丙辰","85","23","108"
"月辛丑","83","25","108"
"月壬申","89","19","108"
"月乙未","95","13","108"
"工部尚","54","54","108"
"孝皇帝","54","54","108"
"为开府","37","71","108"
"转运副","52","56","108"
"任宰相","1","107","108"
"的建议","0","108","108"
"这些人","0","108","108"
"议论说","0","108","108"
"百九十","54","53","107"
"月丙子","86","21","107"
"二月己","80","27","107"
"卫大将","53","54","107"
"安郡王","51","56","107"
"月戊寅","90","17","107"
"文殿学","53","54","107"
"尚书省","43","64","107"
"校书郎","53","54","107"
"经略使","51","56","107"
"的东西","0","107","107"
"月丁酉","91","15","106"
"三十年","53","53","106"
"百一十","46","60","106"
"月癸巳","84","22","106"
"成帝咸","55","51","106"
"月戊申","85","21","106"
"百七十","53","53","106"
"朱胜非","44","62","106"
"为皇后","40","66","106"
"绍兴十","18","88","106"
"学博士","52","54","106"
"的大臣","0","106","106"
"认为不","0","106","106"
"上疏说","0","106","106"
"南兖州","0","106","106"
"月丁亥","87","18","105"
"领军将","51","54","105"
"泰始二","52","53","105"
"晋成帝","52","53","105"
"起居郎","53","52","105"
"即位后","2","103","105"
"廷内外","0","105","105"
"王义恭","75","29","104"
"威将军","48","56","104"
"宁元年","52","52","104"
"月癸未","87","17","104"
"修国史","53","51","104"
"为签书","2","102","104"
"为翰林","52","52","104"
"有食之","104","0","104"
"帝下诏","2","102","104"
"朝廷内","0","104","104"
"没有得","0","104","104"
"命令他","0","104","104"
"金星犯","0","104","104"
"为太尉","45","58","103"
"中郎将","52","51","103"
"刺史王","50","53","103"
"月己巳","80","23","103"
"元年正","52","51","103"
"二月壬","80","23","103"
"月辛巳","82","21","103"
"昭文馆","49","54","103"
"人及第","52","51","103"
"抚副使","50","53","103"
"相兼枢","53","50","103"
"四年春","53","50","103"
"今以后","1","102","103"
"日有食","103","0","103"
"集英殿","53","50","103"
"上下诏","0","103","103"
"赴行在","92","10","102"
"仆射兼","51","51","102"
"汪伯彦","29","73","102"
"军都统","51","51","102"
"是国家","1","101","102"
"彭龟年","23","79","102"
"一定会","0","102","102"
"到这时","0","102","102"
"有得到","0","102","102"
"始兴王","50","51","101"
"夏王义","74","27","101"
"百四十","51","50","101"
"月癸卯","78","23","101"
"元元年","52","49","101"
"吕夷简","36","65","101"
"大中祥","42","59","101"
"中祥符","42","59","101"
"秘书郎","48","53","101"
"的道理","0","101","101"
"的办法","0","101","101"
"为自己","0","101","101"
"惑星侵","0","101","101"
"武皇帝","47","53","100"
"丹阳尹","50","50","100"
"南兗州","98","2","100"
"二月庚","82","18","100"
"秘书监","50","50","100"
"二月丙","82","18","100"
"益州刺","50","50","100"
"月庚申","81","19","100"
"卫上将","51","49","100"
"宗实录","46","54","100"
"数千人","44","56","100"
"何承天","21","79","100"
"刘子羽","17","83","100"
"朝廷命","7","93","100"
"都没有","0","100","100"
"敌人的","0","100","100"
"驻扎在","0","100","100"
"康二年","47","52","99"
"月壬戌","80","19","99"
"南平王","49","50","99"
"月丙寅","79","20","99"
"十五万","49","50","99"
"三十万","50","49","99"
"皇帝下","0","99","99"
"他的意","0","99","99"
"有一个","0","99","99"
"的文章","0","99","99"
"把他们","0","99","99"
"骑大将","48","50","98"
"月丁未","80","18","98"
"晋孝武","50","48","98"
"绍兴府","52","46","98"
"为宰相","22","76","98"
"副总管","49","49","98"
"就可以","1","97","98"
"认为是","0","98","98"
"青州刺","51","46","97"
"行参军","50","47","97"
"黄门侍","48","49","97"
"门侍郎","48","49","97"
"月丙戌","76","21","97"
"大明元","49","48","97"
"兵参军","46","51","97"
"李继迁","34","63","97"
"上尊号","54","43","97"
"置副使","48","49","97"
"诏侍从","62","35","97"
"的官吏","0","97","97"
"人认为","0","97","97"
"没有人","0","97","97"
"二月丁","81","15","96"
"二年二","42","54","96"
"平元年","49","47","96"
"月辛亥","77","19","96"
"月庚辰","79","17","96"
"熙二年","44","52","96"
"兴三年","42","54","96"
"武帝大","40","56","96"
"帝大明","40","56","96"
"州诸军","52","44","96"
"为御史","51","45","96"
"国家有","3","93","96"
"月十二","1","95","96"
"不高兴","0","96","96"
"不同意","0","96","96"
"月癸丑","78","17","95"
"元年四","48","47","95"
"二年六","47","48","95"
"兴二年","40","55","95"
"中兵参","45","50","95"
"太一宫","43","52","95"
"一个人","0","95","95"
"领军队","0","95","95"
"将军王","45","49","94"
"万五千","47","47","94"
"魏明帝","43","51","94"
"月庚戌","78","16","94"
"月己卯","75","19","94"
"嘉禾生","49","45","94"
"洞霄宫","46","48","94"
"直史馆","47","47","94"
"西转运","45","49","94"
"文武官","35","59","94"
"杨巨源","11","83","94"
"陛下之","82","12","94"
"我认为","0","94","94"
"天象预","0","94","94"
"象预示","0","94","94"
"这不是","0","94","94"
"有司奏","93","0","93"
"彭城王","47","46","93"
"广州刺","43","50","93"
"密直学","46","47","93"
"为四川","46","47","93"
"三司使","46","47","93"
"月十三","3","90","93"
"也不能","0","93","93"
"之所以","16","76","92"
"王司马","11","81","92"
"元年五","46","46","92"
"月己未","81","11","92"
"德军节","45","47","92"
"枢密直","45","47","92"
"起居注","44","48","92"
"同签书","48","44","92"
"千余人","70","22","92"
"文阁待","46","46","92"
"步天歌","46","46","92"
"丁大全","27","65","92"
"王十朋","15","77","92"
"败金军","0","92","92"
"二月癸","82","9","91"
"五百人","42","49","91"
"殿前都","45","46","91"
"太学博","47","44","91"
"从今以","1","90","91"
"大臣有","22","69","91"
"当时的","0","91","91"
"这就是","0","91","91"
"的部队","0","91","91"
"朝廷任","0","91","91"
"溢号为","0","91","91"
"兴太守","46","44","90"
"帝即位","43","47","90"
"参议官","45","45","90"
"醴泉观","62","28","90"
"这样做","0","90","90"
"实际上","0","90","90"
"告诉他","0","90","90"
"被授予","0","90","90"
"发生火","0","90","90"
"生火灾","0","90","90"
"尚书仆","42","47","89"
"书仆射","42","47","89"
"二月辛","69","20","89"
"晋元帝","40","49","89"
"都总管","44","45","89"
"州守臣","32","57","89"
"德寿宫","44","45","89"
"直龙图","45","44","89"
"对他说","0","89","89"
"任命王","0","89","89"
"初元年","47","41","88"
"明帝泰","45","43","88"
"月辛酉","74","14","88"
"为检校","20","68","88"
"殿前司","41","47","88"
"长公主","43","45","88"
"书右丞","63","25","88"
"敷文阁","44","44","88"
"万寿观","44","44","88"
"直秘阁","43","45","88"
"明年正","83","5","88"
"使者来","1","87","88"
"而没有","0","88","88"
"图阁直","44","43","87"
"制置副","43","44","87"
"将作监","43","44","87"
"常少卿","44","43","87"
"统制官","41","46","87"
"与金人","46","41","87"
"州编管","42","45","87"
"任尚书","1","86","87"
"没有不","0","87","87"
"的职务","0","87","87"
"任他为","0","87","87"
"请求罢","0","87","87"
"献方物","86","0","86"
"五月甲","60","26","86"
"后废帝","42","44","86"
"集贤院","41","45","86"
"章阁待","43","43","86"
"吕文德","41","45","86"
"张世杰","32","54","86"
"太学生","38","48","86"
"著作郎","44","42","86"
"五年春","46","40","86"
"二月二","10","76","86"
"天文志","2","84","86"
"高斯得","4","82","86"
"陛下不","30","56","86"
"以前的","0","86","86"
"有人说","0","86","86"
"的缘故","0","86","86"
"州发生","0","86","86"
"虏将军","42","43","85"
"为端明","21","64","85"
"大名府","40","45","85"
"太常少","43","42","85"
"一个月","0","85","85"
"了他们","0","85","85"
"提升为","0","85","85"
"太守王","42","42","84"
"建安王","41","43","84"
"千三百","43","41","84"
"四年正","41","43","84"
"镇江府","45","39","84"
"兼侍讲","46","38","84"
"氏为皇","38","46","84"
"中书省","3","81","84"
"上表请","9","75","84"
"过去的","0","84","84"
"这种情","0","84","84"
"率领军","0","84","84"
"出现了","0","84","84"
"祈祷降","0","84","84"
"武陵王","39","44","83"
"五月丁","55","28","83"
"车骑将","41","42","83"
"南将军","42","41","83"
"征虏将","41","42","83"
"兼参知","45","38","83"
"供奉官","40","43","83"
"昭应宫","39","44","83"
"刑部侍","39","44","83"
"年四十","48","35","83"
"不可不","52","31","83"
"以为不","64","19","83"
"天下有","40","43","83"
"主生辰","73","10","83"
"诏诸路","81","2","83"
"十分之","2","81","83"
"种情况","0","83","83"
"的祭祀","0","83","83"
"下诏各","0","83","83"
"二颗星","0","83","83"
"国遣使","79","3","82"
"魏文帝","37","45","82"
"遣统制","47","35","82"
"天章阁","41","41","82"
"太祖下","1","81","82"
"求直言","43","39","82"
"王应麟","12","70","82"
"发生地","0","82","82"
"军攻陷","0","82","82"
"星明亮","0","82","82"
"庐陵王","39","42","81"
"六月甲","63","18","81"
"资善堂","41","40","81"
"李显忠","34","47","81"
"上皇帝","30","51","81"
"文天祥","26","55","81"
"国家大","3","78","81"
"皇帝说","1","80","81"
"郭药师","20","61","81"
"绍兴二","20","61","81"
"皇上不","0","81","81"
"生地震","0","81","81"
"上书说","0","81","81"
"祖下诏","0","81","81"
"年冬天","0","81","81"
"月亮侵","0","81","81"
"檀道济","29","51","80"
"左光禄","40","40","80"
"千五百","40","40","80"
"帝元康","40","40","80"
"有木连","3","77","80"
"连理生","76","4","80"
"千二百","40","40","80"
"周世宗","20","60","80"
"校少保","41","39","80"
"副都统","39","41","80"
"太平州","39","41","80"
"太祖亲","6","74","80"
"兵马都","38","42","80"
"金人犯","80","0","80"
"为知枢","2","78","80"
"过了一","0","80","80"
"不过是","0","80","80"
"谥号为","0","80","80"
"生大水","0","80","80"
"重新设","0","80","80"
"亮侵犯","0","80","80"
"打败金","0","80","80"
"右卫将","39","40","79"
"二郡太","40","39","79"
"柳元景","32","47","79"
"华林园","43","36","79"
"文馆大","39","40","79"
"馆大学","39","40","79"
"高丽国","39","40","79"
"礼部进","40","39","79"
"经略安","41","38","79"
"略安抚","41","38","79"
"为吏部","30","49","79"
"文武百","7","72","79"
"色云气","1","78","79"
"原来的","0","79","79"
"现在的","0","79","79"
"新设置","0","79","79"
"气进入","0","79","79"
"七十二","38","40","78"
"五年十","39","39","78"
"犯太微","37","41","78"
"太康元","39","39","78"
"都承旨","39","39","78"
"侍卫马","39","39","78"
"贤殿大","39","39","78"
"招讨使","37","41","78"
"宝文阁","39","39","78"
"武百官","6","72","78"
"即使是","0","78","78"
"的人才","0","78","78"
"弃城逃","0","78","78"
"分野地","0","78","78"
"野地区","0","78","78"
"遣使献","77","0","77"
"七月壬","60","17","77"
"一月十","6","71","77"
"二年五","36","41","77"
"安定郡","39","38","77"
"西制置","38","39","77"
"制置大","39","38","77"
"置大使","39","38","77"
"大司马","38","39","77"
"太常寺","30","47","77"
"数十万","42","35","77"
"流星出","41","36","77"
"三千人","31","46","77"
"契丹使","39","38","77"
"天子的","0","77","77"
"他们都","0","77","77"
"长时间","0","77","77"
"的请求","0","77","77"
"知道他","0","77","77"
"中书监","38","38","76"
"建平王","39","37","76"
"和二年","36","40","76"
"六月壬","58","18","76"
"二年四","37","39","76"
"兼侍中","44","32","76"
"刑部尚","38","38","76"
"部进士","37","39","76"
"编修官","38","38","76"
"月十五","6","70","76"
"九月十","4","72","76"
"为不可","43","33","76"
"政大臣","7","69","76"
"陈希亮","1","75","76"
"祭祀的","0","76","76"
"的才能","0","76","76"
"晋升为","0","76","76"
"可以担","0","76","76"
"而不能","32","43","75"
"元年七","38","37","75"
"吕蒙正","20","55","75"
"数百人","43","32","75"
"谘议参","34","41","75"
"荧惑入","75","0","75"
"为天下","34","41","75"
"张齐贤","32","43","75"
"以下囚","32","43","75"
"为少保","23","52","75"
"在京城","1","74","75"
"不应当","0","75","75"
"高兴地","0","75","75"
"进封为","0","75","75"
"府知府","0","75","75"
"云气进","0","75","75"
"为陛下","37","37","74"
"司州刺","37","37","74"
"阳王休","43","31","74"
"郢州刺","37","37","74"
"明二年","35","39","74"
"成都府","42","32","74"
"欧阳修","31","43","74"
"金人攻","52","22","74"
"平江府","39","35","74"
"天市垣","27","47","74"
"月十四","4","70","74"
"日有蚀","74","0","74"
"有蚀之","74","0","74"
"执政大","7","67","74"
"金人陷","74","0","74"
"庙祭祀","1","73","74"
"地区的","0","74","74"
"古代的","0","74","74"
"都认为","0","74","74"
"亲去世","0","74","74"
"朝廷派","0","74","74"
"推荐他","0","74","74"
"安帝义","37","36","73"
"帝义熙","37","36","73"
"三年三","36","37","73"
"军参军","32","41","73"
"为户部","30","43","73"
"定郡王","37","36","73"
"上皇后","35","38","73"
"客星犯","73","0","73"
"百余人","54","19","73"
"因此而","1","72","73"
"不应该","0","73","73"
"对他们","0","73","73"
"年春天","0","73","73"
"以担任","0","73","73"
"今日之","60","12","72"
"冀州刺","35","37","72"
"四月癸","55","17","72"
"交州刺","35","37","72"
"一月癸","52","20","72"
"五年五","36","36","72"
"熙三年","29","43","72"
"五月癸","51","21","72"
"太子少","36","36","72"
"知贡举","43","29","72"
"中大夫","36","36","72"
"三月十","1","71","72"
"主有忧","3","69","72"
"使契丹","40","32","72"
"上疏请","14","58","72"
"将有战","0","72","72"
"他的部","0","72","72"
"一百多","0","72","72"
"等人来","0","72","72"
"下释放","0","72","72"
"使献方","71","0","71"
"骠骑将","30","41","71"
"中护军","36","35","71"
"月十六","9","62","71"
"武帝泰","36","35","71"
"康三年","36","35","71"
"步军都","35","36","71"
"阳郡王","35","36","71"
"远军节","36","35","71"
"太常丞","36","35","71"
"右司谏","36","35","71"
"州百姓","1","70","71"
"月十八","5","66","71"
"是朝廷","3","68","71"
"州县官","27","44","71"
"大水灾","0","71","71"
"对他的","0","71","71"
"客星侵","0","71","71"
"的妻子","0","71","71"
"军长史","34","36","70"
"四月戊","53","17","70"
"三年四","35","35","70"
"汉旧县","69","1","70"
"卫马军","35","35","70"
"十二人","33","37","70"
"统制王","36","34","70"
"丞相兼","53","17","70"
"年进士","46","24","70"
"朝廷不","20","50","70"
"三十六","34","36","70"
"图阁学","35","35","70"
"记录囚","0","70","70"
"于是以","10","59","69"
"冀二州","35","34","69"
"三十二","34","35","69"
"诸葛亮","27","42","69"
"元年二","35","34","69"
"晋穆帝","34","35","69"
"司马休","26","43","69"
"明五年","33","36","69"
"明七年","34","35","69"
"为门下","33","36","69"
"玉清昭","34","35","69"
"清昭应","34","35","69"
"太常博","35","34","69"
"常博士","35","34","69"
"金紫光","35","34","69"
"紫光禄","35","34","69"
"有才能","4","65","69"
"七月十","3","66","69"
"在宫中","5","64","69"
"陈彭年","8","61","69"
"侍从官","18","51","69"
"会庆节","35","34","69"
"为国家","14","55","69"
"廷命令","1","68","69"
"祭祀天","0","69","69"
"的君主","0","69","69"
"行祭祀","0","69","69"
"重要的","0","69","69"
"请求辞","0","69","69"
"是为了","0","69","69"
"录囚犯","0","69","69"
"又请求","0","69","69"
"弹劾他","0","69","69"
"军攻打","0","69","69"
"来进献","0","69","69"
"降冰雹","0","69","69"
"中军将","32","36","68"
"长沙王","33","35","68"
"到彦之","28","40","68"
"征西将","27","41","68"
"元年八","34","34","68"
"五月壬","53","15","68"
"马休之","26","42","68"
"建元年","34","34","68"
"大明五","33","35","68"
"惠帝元","34","34","68"
"明帝太","35","33","68"
"大明七","34","34","68"
"兼门下","36","32","68"
"卢多逊","27","41","68"
"兼太子","36","32","68"
"修起居","33","35","68"
"沿江制","34","34","68"
"江制置","34","34","68"
"御器械","34","34","68"
"兴国宫","34","34","68"
"如太白","35","33","68"
"以资政","46","22","68"
"都转运","34","34","68"
"大理评","35","33","68"
"理评事","35","33","68"
"五月戊","53","15","68"
"奉朝请","43","25","68"
"皇帝亲","3","65","68"
"人不能","18","50","68"
"下释之","68","0","68"
"左谏议","34","34","68"
"主事官","0","68","68"
"事官员","0","68","68"
"又上奏","0","68","68"
"这天象","0","68","68"
"其中的","0","68","68"
"陵王刘","0","68","68"
"任命张","0","68","68"
"兼代理","0","68","68"
"火星犯","0","68","68"
"祷降雨","0","68","68"
"祝贺金","0","68","68"
"秦二州","35","32","67"
"正月丙","47","20","67"
"四月乙","51","16","67"
"废帝元","35","32","67"
"帝元徽","35","32","67"
"五年正","32","35","67"
"陵太守","34","33","67"
"晋太康","31","36","67"
"张知白","15","52","67"
"路宣抚","33","34","67"
"左丞相","46","21","67"
"秘书少","34","33","67"
"书少监","34","33","67"
"数十人","44","23","67"
"豫章郡","7","60","67"
"薛安都","16","51","67"
"流星大","38","29","67"
"星大如","39","28","67"
"刘义恭","1","66","67"
"年正旦","67","0","67"
"王岩叟","13","54","67"
"部郎官","34","33","67"
"范成大","14","53","67"
"的位置","0","67","67"
"在一起","0","67","67"
"父亲的","0","67","67"
"会出现","0","67","67"
"宰相的","0","67","67"
"命令各","0","67","67"
"大规模","0","67","67"
"儿子赵","0","67","67"
"写文章","0","67","67"
"左卫将","33","33","66"
"平二年","30","36","66"
"沈庆之","29","37","66"
"骠骑大","32","34","66"
"安西将","32","34","66"
"五千人","26","40","66"
"厢都指","33","33","66"
"向敏中","29","37","66"
"都巡检","33","33","66"
"带御器","33","33","66"
"州都统","33","33","66"
"十万缗","47","19","66"
"大破之","66","0","66"
"石头城","9","57","66"
"可以不","14","52","66"
"的根本","0","66","66"
"什么不","0","66","66"
"大概是","0","66","66"
"一千多","0","66","66"
"回到京","0","66","66"
"宗亲自","0","66","66"
"皇上亲","0","66","66"
"李全的","0","66","66"
"平定后","0","66","66"
"萧思话","30","35","65"
"正月辛","56","9","65"
"四月己","46","19","65"
"明三年","30","35","65"
"为给事","22","43","65"
"年八十","40","25","65"
"李邦彦","24","41","65"
"发运使","30","35","65"
"抚大使","32","33","65"
"猷阁待","41","24","65"
"进士出","32","33","65"
"士出身","32","33","65"
"使兼侍","32","33","65"
"七年春","34","31","65"
"汉章帝","33","32","65"
"五月十","4","61","65"
"正月十","5","60","65"
"八月十","4","61","65"
"朝廷大","10","55","65"
"契丹军","3","62","65"
"囚罪一","63","2","65"
"路监司","33","32","65"
"执法星","2","63","65"
"云气入","65","0","65"
"不同的","0","65","65"
"难道不","0","65","65"
"千多人","0","65","65"
"没有听","0","65","65"
"于是就","0","65","65"
"押囚犯","0","65","65"
"是旱灾","0","65","65"
"太子詹","31","33","64"
"子詹事","31","33","64"
"第二星","34","30","64"
"始元年","32","32","64"
"正月戊","48","16","64"
"四月辛","45","19","64"
"四月甲","51","13","64"
"知开封","37","27","64"
"南院使","32","32","64"
"为兵部","21","43","64"
"巡检使","32","32","64"
"权参知","59","5","64"
"为太傅","20","44","64"
"南转运","31","33","64"
"分之一","7","57","64"
"为太师","11","53","64"
"兴元府","34","30","64"
"大如太","33","31","64"
"人们都","0","64","64"
"他的罪","0","64","64"
"上奏请","0","64","64"
"任中书","0","64","64"
"表请求","0","64","64"
"之应也","63","0","63"
"录尚书","32","31","63"
"南谯王","34","29","63"
"万四千","32","31","63"
"初三年","32","31","63"
"十月甲","51","12","63"
"岁星犯","63","0","63"
"孝建元","32","31","63"
"王之望","20","43","63"
"嘉定十","14","49","63"
"提举常","31","32","63"
"举常平","31","32","63"
"丧三年","14","49","63"
"月十七","1","62","63"
"使金贺","63","0","63"
"刘安世","11","52","63"
"怎么办","0","63","63"
"一万多","0","63","63"
"如果有","0","63","63"
"的言论","0","63","63"
"色绶带","0","63","63"
"去世后","0","63","63"
"平西将","30","32","62"
"秘书丞","34","28","62"
"六十五","31","31","62"
"惠帝永","32","30","62"
"六月辛","46","16","62"
"和四年","28","34","62"
"九月壬","50","12","62"
"三月己","44","18","62"
"三年二","30","32","62"
"吏部郎","30","32","62"
"京东西","32","30","62"
"刘正彦","18","44","62"
"章事兼","31","31","62"
"司公事","31","31","62"
"使兼知","51","11","62"
"以城降","53","9","62"
"殿中丞","33","29","62"
"院编修","31","31","62"
"左司谏","31","31","62"
"建威将","29","33","62"
"为太常","19","43","62"
"是天子","1","61","62"
"有不同","9","53","62"
"臣有忧","7","55","62"
"太白入","62","0","62"
"谢灵运","4","58","62"
"州推官","31","31","62"
"门祗候","36","26","62"
"王赵元","1","61","62"
"英殿修","33","29","62"
"史嵩之","42","20","62"
"越来越","0","62","62"
"下冰雹","0","62","62"
"刮大风","0","62","62"
"史中承","0","62","62"
"献特产","0","62","62"
"于是他","0","62","62"
"主生日","0","62","62"
"彗星侵","0","62","62"
"二年三","29","32","61"
"中领军","30","31","61"
"四月丙","46","15","61"
"正月乙","45","16","61"
"右执法","30","31","61"
"正月癸","50","11","61"
"四年七","31","30","61"
"开封尹","31","30","61"
"东京留","28","33","61"
"张方平","12","49","61"
"八月乙","52","9","61"
"显谟阁","35","26","61"
"宣抚副","29","32","61"
"江陵府","38","23","61"
"建宁府","35","26","61"
"星色黄","2","59","61"
"赠太师","41","20","61"
"真宗即","29","32","61"
"洪咨夔","16","45","61"
"辛弃疾","9","52","61"
"录事参","31","30","61"
"事参军","31","30","61"
"六年春","31","30","61"
"宗庙祭","4","57","61"
"数万人","21","40","61"
"孔彦舟","27","34","61"
"陈康伯","28","33","61"
"的将领","0","61","61"
"其余的","0","61","61"
"刘义康","0","61","61"
"的衣服","0","61","61"
"的土地","0","61","61"
"向皇帝","0","61","61"
"追封为","0","61","61"
"任命赵","0","61","61"
"者来进","0","61","61"
"进献特","0","61","61"
"的分野","0","61","61"
"皇上诏","0","61","61"
"祝贺明","0","61","61"
"年新春","0","61","61"
"等来祝","0","61","61"
"终年六","0","61","61"
"为广州","30","30","60"
"吐谷浑","23","37","60"
"正月庚","44","16","60"
"十月丙","49","11","60"
"三年七","30","30","60"
"三月戊","43","17","60"
"三月丁","51","9","60"
"汉武帝","20","40","60"
"康四年","30","30","60"
"元年六","30","30","60"
"元帝太","31","29","60"
"帝太兴","31","29","60"
"太康地","28","32","60"
"康地志","28","32","60"
"内侍省","29","31","60"
"光世为","25","35","60"
"提举江","30","30","60"
"东转运","30","30","60"
"五十万","30","30","60"
"观使兼","30","30","60"
"二十余","49","11","60"
"下诏书","1","59","60"
"应天府","28","32","60"
"来贺明","60","0","60"
"遣完颜","35","25","60"
"是什么","0","60","60"
"的人不","0","60","60"
"的罪行","0","60","60"
"他的父","0","60","60"
"有赦免","0","60","60"
"十月十","0","60","60"
"太祖到","0","60","60"
"占据此","0","60","60"
"讯问记","0","60","60"
"问记录","0","60","60"
"明年新","0","60","60"
"是水灾","0","60","60"
"十余年","43","16","59"
"蛮校尉","29","30","59"
"以尚书","46","13","59"
"三年五","29","30","59"
"正月丁","47","12","59"
"正月己","49","10","59"
"四月丁","45","14","59"
"军都指","29","30","59"
"范纯仁","23","36","59"
"学士承","29","30","59"
"士承旨","29","30","59"
"化军节","29","30","59"
"秘阁修","28","31","59"
"阁修撰","28","31","59"
"江宁府","29","30","59"
"宣谕使","29","30","59"
"保宁军","29","30","59"
"馆修撰","30","29","59"
"垣护之","10","49","59"
"章帝元","30","29","59"
"利州路","27","32","59"
"金贺正","59","0","59"
"上书请","11","48","59"
"于是请","4","55","59"
"治理国","0","59","59"
"在这里","0","59","59"
"本来是","0","59","59"
"献给朝","0","59","59"
"月初十","0","59","59"
"奏请求","0","59","59"
"这预示","0","59","59"
"十余人","50","8","58"
"是天下","4","54","58"
"和六年","27","31","58"
"犯南斗","31","27","58"
"太康二","30","28","58"
"州大水","46","12","58"
"正月甲","49","9","58"
"宁二年","26","32","58"
"庆军节","29","29","58"
"州司户","29","29","58"
"吕大防","24","34","58"
"十三人","27","31","58"
"提举洞","29","29","58"
"举洞霄","29","29","58"
"八月壬","45","13","58"
"华文阁","29","29","58"
"十二度","30","28","58"
"大宗正","29","29","58"
"史馆修","29","29","58"
"进士及","22","36","58"
"定元年","29","29","58"
"不以为","29","29","58"
"一月戊","47","11","58"
"七月乙","43","15","58"
"帝元和","30","28","58"
"天下大","19","39","58"
"王刘子","1","57","58"
"集贤校","30","28","58"
"贤校理","30","28","58"
"知潭州","41","17","58"
"统制张","29","29","58"
"于是上","6","52","58"
"认为应","0","58","58"
"的过失","0","58","58"
"大臣的","0","58","58"
"的赏赐","0","58","58"
"允许他","0","58","58"
"听说后","0","58","58"
"四颗星","0","58","58"
"的说法","0","58","58"
"人来祝","0","58","58"
"与金军","0","58","58"
"王义宣","42","15","57"
"八月戊","44","13","57"
"吴兴太","29","28","57"
"为特进","20","37","57"
"犯舆鬼","27","30","57"
"七月丙","43","14","57"
"元年三","29","28","57"
"六月乙","45","12","57"
"左执法","28","29","57"
"康五年","28","29","57"
"帝咸和","30","27","57"
"为礼部","19","38","57"
"陈执中","22","35","57"
"耿南仲","25","32","57"
"海军节","27","30","57"
"州教授","26","31","57"
"乾象新","57","0","57"
"千八百","31","26","57"
"七月戊","48","9","57"
"时朝廷","12","45","57"
"幸玉津","57","0","57"
"诏监司","36","21","57"
"宗下诏","3","54","57"
"刘光祖","9","48","57"
"方信孺","6","51","57"
"宝谟阁","31","26","57"
"十五岁","2","55","57"
"是陛下","5","52","57"
"完颜亮","4","53","57"
"毛修之","1","56","57"
"因为他","0","57","57"
"是一个","0","57","57"
"见皇上","0","57","57"
"示将有","0","57","57"
"很长时","0","57","57"
"别人的","0","57","57"
"的粮食","0","57","57"
"的一半","0","57","57"
"在路上","0","57","57"
"多次上","0","57","57"
"重新起","0","57","57"
"新起用","0","57","57"
"降临于","0","57","57"
"请求解","0","57","57"
"任秘书","0","57","57"
"任枢密","0","57","57"
"写信给","0","57","57"
"祖亲临","0","57","57"
"临川王","27","29","56"
"安王休","37","19","56"
"王休仁","37","19","56"
"六月丁","42","14","56"
"万七千","29","27","56"
"五年七","28","28","56"
"六月庚","41","15","56"
"七月辛","46","10","56"
"三月庚","45","11","56"
"吴孙权","28","28","56"
"康八年","28","28","56"
"七年十","28","28","56"
"六月丙","42","14","56"
"四十五","29","27","56"
"名进士","27","29","56"
"十七人","25","31","56"
"福建安","28","28","56"
"建安抚","28","28","56"
"南安抚","28","28","56"
"殿说书","28","28","56"
"谢方叔","18","38","56"
"县主簿","20","36","56"
"万俟禼","20","36","56"
"于太庙","46","10","56"
"章郡公","1","55","56"
"三十一","26","30","56"
"月二日","9","47","56"
"颜延之","7","49","56"
"星合于","22","34","56"
"月一日","7","49","56"
"月十九","2","54","56"
"于是到","1","55","56"
"子中允","27","29","56"
"龙大渊","23","33","56"
"陈自强","25","31","56"
"并不是","0","56","56"
"是由于","0","56","56"
"理国家","0","56","56"
"官员上","0","56","56"
"向皇上","0","56","56"
"称赞他","0","56","56"
"杀了他","0","56","56"
"很高兴","0","56","56"
"被贬为","0","56","56"
"干象新","0","56","56"
"发大水","0","56","56"
"于是任","0","56","56"
"被封为","0","56","56"
"郊祭祀","0","56","56"
"他的弟","0","56","56"
"白星侵","0","56","56"
"以为然","32","23","55"
"不知所","39","16","55"
"陆九渊","5","50","55"
"征北将","28","27","55"
"元嘉三","25","30","55"
"时朝服","28","27","55"
"九月甲","45","10","55"
"六月己","44","11","55"
"三月丙","44","11","55"
"刘穆之","14","41","55"
"七月甲","40","15","55"
"马军都","27","28","55"
"皇后为","14","41","55"
"东制置","28","27","55"
"政殿说","28","27","55"
"州太平","27","28","55"
"置使兼","29","26","55"
"士及第","21","34","55"
"万余人","36","19","55"
"宁三年","26","29","55"
"孔熙先","6","49","55"
"古以来","3","52","55"
"四月十","4","51","55"
"契丹主","27","28","55"
"为陕西","32","23","55"
"陈傅良","11","44","55"
"于是命","3","52","55"
"兴二十","11","44","55"
"举行祭","0","55","55"
"的罪过","0","55","55"
"难道是","0","55","55"
"的心意","0","55","55"
"的志向","0","55","55"
"所有的","0","55","55"
"万多人","0","55","55"
"不可能","0","55","55"
"采纳了","0","55","55"
"宋真宗","0","55","55"
"城逃走","0","55","55"
"太后的","0","55","55"
"疏请求","0","55","55"
"见高宗","0","55","55"
"兴王浚","45","9","54"
"为豫州","32","22","54"
"嘉三年","26","28","54"
"文帝黄","30","24","54"
"帝黄初","30","24","54"
"初二年","27","27","54"
"五月己","41","13","54"
"康七年","27","27","54"
"前将军","26","28","54"
"愍帝建","28","26","54"
"一月乙","40","14","54"
"宣徽南","26","28","54"
"徽南院","26","28","54"
"北院使","27","27","54"
"占城国","24","30","54"
"为工部","17","37","54"
"十六人","25","29","54"
"保康军","28","26","54"
"招抚使","26","28","54"
"兼权参","50","4","54"
"门下省","17","37","54"
"大散关","22","32","54"
"学士知","41","13","54"
"以本官","31","23","54"
"善大夫","27","27","54"
"五月庚","46","8","54"
"汉代旧","1","53","54"
"绍兴三","9","45","54"
"于朝廷","16","38","54"
"就没有","0","54","54"
"是没有","0","54","54"
"先帝的","0","54","54"
"的神主","0","54","54"
"预示将","0","54","54"
"就会出","0","54","54"
"少年时","0","54","54"
"军队的","0","54","54"
"的后代","0","54","54"
"的名字","0","54","54"
"就不能","0","54","54"
"给皇上","0","54","54"
"廷任命","0","54","54"
"三颗星","0","54","54"
"于是又","0","54","54"
"君主有","0","54","54"
"龙出现","0","54","54"
"者以为","47","6","53"
"无所不","26","27","53"
"二年七","26","27","53"
"刺史南","29","24","53"
"千六百","27","26","53"
"二年八","26","27","53"
"三月壬","41","12","53"
"三月乙","43","10","53"
"汉宣帝","24","29","53"
"五月辛","41","12","53"
"三月辛","43","10","53"
"大明三","24","29","53"
"三年六","27","26","53"
"十月辛","44","9","53"
"国长公","25","28","53"
"奏名进","26","27","53"
"康军节","27","26","53"
"西宣抚","26","27","53"
"政事兼","27","26","53"
"江州太","26","27","53"
"一月己","43","10","53"
"书省正","26","27","53"
"省正字","26","27","53"
"远将军","25","28","53"
"为天子","35","18","53"
"年以来","18","35","53"
"钱二十","28","25","53"
"犯死罪","24","29","53"
"与契丹","20","33","53"
"张孝祥","4","49","53"
"京湖制","26","27","53"
"吕祖谦","13","40","53"
"赠少师","32","21","53"
"告朝廷","1","52","53"
"像这样","0","53","53"
"人没有","0","53","53"
"诏书说","0","53","53"
"的消息","0","53","53"
"皇上召","0","53","53"
"郡王赵","0","53","53"
"右承相","0","53","53"
"任命李","0","53","53"
"句每句","0","53","53"
"黄河在","0","53","53"
"为徐州","30","22","52"
"王义康","40","12","52"
"东将军","28","24","52"
"南秦二","28","24","52"
"西大将","25","27","52"
"桂阳王","24","28","52"
"三年九","26","26","52"
"三月癸","42","10","52"
"七月己","40","12","52"
"五年六","26","26","52"
"四年五","26","26","52"
"三月甲","41","11","52"
"七月庚","40","12","52"
"帝太元","23","29","52"
"前废帝","25","27","52"
"和三年","22","30","52"
"年三十","33","19","52"
"五月乙","42","10","52"
"射兼中","26","26","52"
"沿海制","26","26","52"
"海制置","26","26","52"
"崇信军","26","26","52"
"江西安","26","26","52"
"十一度","23","29","52"
"赞善大","26","26","52"
"迁尚书","49","3","52"
"等二十","24","28","52"
"祖宗之","43","9","52"
"二十人","29","23","52"
"十月丁","38","14","52"
"罪以下","27","25","52"
"汉文帝","13","39","52"
"刘义宣","1","51","52"
"祭天地","17","35","52"
"获以献","52","0","52"
"遣中使","40","12","52"
"马都监","26","26","52"
"令侍从","9","43","52"
"员上奏","0","52","52"
"就是这","0","52","52"
"有这样","0","52","52"
"是请求","0","52","52"
"在地上","0","52","52"
"的职责","0","52","52"
"有很多","0","52","52"
"天晚上","0","52","52"
"因早灾","0","52","52"
"朝廷上","0","52","52"
"次上疏","0","52","52"
"以下的","0","52","52"
"另一说","0","52","52"
"金军进","0","52","52"
"之象也","51","0","51"
"王僧达","11","40","51"
"万二千","27","24","51"
"平三年","22","29","51"
"一月庚","39","12","51"
"六年正","25","26","51"
"晋愍帝","26","25","51"
"九月乙","41","10","51"
"四月壬","38","13","51"
"枢密都","26","25","51"
"密都承","26","25","51"
"魏国公","25","26","51"
"礼部奏","25","26","51"
"部奏名","25","26","51"
"忠武军","25","26","51"
"为河北","26","25","51"
"张俊为","18","33","51"
"八月己","42","9","51"
"淮制置","25","26","51"
"府教授","25","26","51"
"十五度","25","26","51"
"永元铜","27","24","51"
"元铜仪","27","24","51"
"流星犯","51","0","51"
"德二年","18","33","51"
"审官院","23","28","51"
"直集贤","26","25","51"
"朝廷以","29","22","51"
"九月丁","42","9","51"
"陛下以","30","21","51"
"以至于","10","41","51"
"月三日","7","44","51"
"为开封","28","23","51"
"相国寺","24","27","51"
"兵部郎","26","25","51"
"败契丹","16","35","51"
"天地于","50","1","51"
"为少师","14","37","51"
"苏师旦","18","33","51"
"为大理","23","28","51"
"一千人","1","50","51"
"的费用","0","51","51"
"有关官","0","51","51"
"不符合","0","51","51"
"汉代的","0","51","51"
"没有到","0","51","51"
"能得到","0","51","51"
"因此被","0","51","51"
"得到了","0","51","51"
"能的人","0","51","51"
"流放到","0","51","51"
"为这是","0","51","51"
"百姓都","0","51","51"
"时出现","0","51","51"
"诏各路","0","51","51"
"被除名","0","51","51"
"州别驾","25","25","50"
"城王义","40","10","50"
"衡阳王","24","26","50"
"十月庚","40","10","50"
"七月癸","41","9","50"
"声如雷","31","19","50"
"海太守","25","25","50"
"七月丁","43","7","50"
"帝永嘉","25","25","50"
"徐湛之","21","29","50"
"为司空","18","32","50"
"福建路","24","26","50"
"兼同知","28","22","50"
"八月甲","41","9","50"
"十四度","22","28","50"
"实录院","24","26","50"
"右文殿","25","25","50"
"祐元年","43","7","50"
"一百二","15","35","50"
"尊号为","2","48","50"
"其中有","4","46","50"
"侍读学","24","26","50"
"读学士","24","26","50"
"赵元昊","12","38","50"
"梁师成","15","35","50"
"和尚原","21","29","50"
"施师点","9","41","50"
"的计策","0","50","50"
"的名声","0","50","50"
"事的人","0","50","50"
"大家都","0","50","50"
"的俸禄","0","50","50"
"为他们","0","50","50"
"被朝廷","0","50","50"
"几个月","0","50","50"
"任太子","0","50","50"
"母亲去","0","50","50"
"皇上对","0","50","50"
"的部下","0","50","50"
"的女儿","0","50","50"
"次上奏","0","50","50"
"夏王刘","0","50","50"
"流星侵","0","50","50"
"加官为","0","50","50"
"任命刘","0","50","50"
"的人说","0","50","50"
"得到一","0","50","50"
"帝王的","0","50","50"
"下诏令","0","50","50"
"过淮河","0","50","50"
"到玉津","0","50","50"
"不能自","29","20","49"
"刘子勋","1","48","49"
"朝廷之","31","18","49"
"为雍州","27","22","49"
"骁骑将","23","26","49"
"为司徒","24","25","49"
"一月辛","37","12","49"
"帝咸康","25","24","49"
"建三年","24","25","49"
"六月戊","40","9","49"
"八月庚","40","9","49"
"大明二","24","25","49"
"三十五","24","25","49"
"步军副","24","25","49"
"为右仆","14","35","49"
"以观文","31","18","49"
"范宗尹","22","27","49"
"川安抚","26","23","49"
"隆兴府","26","23","49"
"加检校","45","4","49"
"图阁待","24","25","49"
"工部郎","24","25","49"
"为益州","25","24","49"
"九月己","40","9","49"
"刘秀之","10","39","49"
"十月癸","41","8","49"
"正月壬","37","12","49"
"十月乙","43","6","49"
"天上帝","19","30","49"
"后神主","19","30","49"
"为太保","17","32","49"
"于天下","27","22","49"
"犯岁星","41","8","49"
"有丧事","1","48","49"
"贤良方","24","25","49"
"良方正","24","25","49"
"杖以下","48","1","49"
"泾原路","23","26","49"
"知永兴","28","21","49"
"军进攻","1","48","49"
"金人于","47","2","49"
"崇福宫","25","24","49"
"世忠为","20","29","49"
"忠义军","13","36","49"
"星凌犯","1","48","49"
"高宗即","23","26","49"
"十七岁","1","48","49"
"地方官","0","49","49"
"相应的","0","49","49"
"的打算","0","49","49"
"留下来","0","49","49"
"一定是","0","49","49"
"知道这","0","49","49"
"的惩罚","0","49","49"
"其他的","0","49","49"
"中没有","0","49","49"
"你们的","0","49","49"
"他们不","0","49","49"
"的职位","0","49","49"
"是我的","0","49","49"
"向运行","0","49","49"
"代理参","0","49","49"
"进升为","0","49","49"
"城投降","0","49","49"
"到京师","0","49","49"
"在圆丘","0","49","49"
"首示众","0","49","49"
"十八岁","0","49","49"
"下囚犯","0","49","49"
"杖刑以","0","49","49"
"赵鼎说","0","49","49"
"蔡兴宗","24","24","48"
"文皇帝","27","21","48"
"八月辛","38","10","48"
"九月庚","35","13","48"
"武帝咸","26","22","48"
"帝咸宁","26","22","48"
"孝建三","24","24","48"
"康九年","24","24","48"
"和五年","22","26","48"
"怀帝永","24","24","48"
"军副都","24","24","48"
"宣徽北","24","24","48"
"徽北院","24","24","48"
"文德殿","23","25","48"
"司户参","24","24","48"
"户参军","24","24","48"
"十四人","23","25","48"
"校太尉","24","24","48"
"河东路","22","26","48"
"种师道","21","27","48"
"兵马钤","31","17","48"
"马钤辖","31","17","48"
"迪功郎","24","24","48"
"李曾伯","22","26","48"
"为右丞","37","11","48"
"举江州","24","24","48"
"董宋臣","14","34","48"
"宝章阁","24","24","48"
"立为皇","20","28","48"
"国夫人","23","25","48"
"四十万","23","25","48"
"有天下","24","24","48"
"以太子","30","18","48"
"十月戊","38","10","48"
"自以为","18","30","48"
"三年八","24","24","48"
"南郊祭","1","47","48"
"即帝位","5","43","48"
"京都水","27","21","48"
"六月十","1","47","48"
"阳王刘","1","47","48"
"诏自今","45","3","48"
"湖制置","24","24","48"
"一百万","11","37","48"
"为宣抚","23","25","48"
"文阁直","24","24","48"
"理寺丞","23","25","48"
"星守之","48","0","48"
"一样的","0","48","48"
"的规定","0","48","48"
"当时朝","0","48","48"
"是用来","0","48","48"
"给他的","0","48","48"
"到他的","0","48","48"
"但没有","0","48","48"
"的人民","0","48","48"
"得不到","0","48","48"
"于是派","0","48","48"
"太后说","0","48","48"
"报告朝","0","48","48"
"书左承","0","48","48"
"来没有","0","48","48"
"推辞不","0","48","48"
"十四岁","0","48","48"
"令有关","0","48","48"
"大臣被","0","48","48"
"请求朝","0","48","48"
"祀明堂","20","27","47"
"以此为","13","34","47"
"六十八","23","24","47"
"县开国","24","23","47"
"千九百","24","23","47"
"千四百","23","24","47"
"不可胜","30","17","47"
"十月壬","37","10","47"
"六年十","23","24","47"
"始四年","23","24","47"
"平太守","24","23","47"
"永初郡","23","24","47"
"初郡国","23","24","47"
"礼部贡","23","24","47"
"侬智高","10","37","47"
"安抚大","23","24","47"
"为江东","21","26","47"
"路提刑","22","25","47"
"襄阳府","27","20","47"
"十八宿","24","23","47"
"元帅府","20","27","47"
"子博士","24","23","47"
"樊知古","4","43","47"
"曹彦约","4","43","47"
"兼国史","27","20","47"
"不可用","32","15","47"
"骑校尉","24","23","47"
"吴郡太","20","27","47"
"竟陵王","25","22","47"
"一月丙","41","6","47"
"十一人","23","24","47"
"殷孝祖","11","36","47"
"上书言","27","20","47"
"使天下","16","31","47"
"天子之","32","15","47"
"宋太祖","3","44","47"
"天子有","20","27","47"
"为朝廷","16","31","47"
"受天命","2","45","47"
"水溢出","1","46","47"
"百姓不","5","42","47"
"汉阳军","24","23","47"
"流以下","47","0","47"
"任御史","3","44","47"
"弓箭手","18","29","47"
"大庆殿","23","24","47"
"陕宣抚","23","24","47"
"太平观","23","24","47"
"胡世将","20","27","47"
"淳熙十","13","34","47"
"彗星犯","47","0","47"
"第一名","1","46","47"
"为皇帝","2","45","47"
"章制度","2","45","47"
"梁周翰","2","45","47"
"这样就","0","47","47"
"意见不","0","47","47"
"他的话","0","47","47"
"百多人","0","47","47"
"于是被","0","47","47"
"皇后的","0","47","47"
"次出现","0","47","47"
"的罪状","0","47","47"
"前汉时","0","47","47"
"理参知","0","47","47"
"不答应","0","47","47"
"的旨意","0","47","47"
"的记载","0","47","47"
"为他的","0","47","47"
"臣来进","0","47","47"
"君臣之","21","25","46"
"将军沈","24","22","46"
"为湘州","26","20","46"
"游击将","22","24","46"
"击将军","22","24","46"
"从事中","23","23","46"
"事中郎","23","23","46"
"四年三","23","23","46"
"一月丁","40","6","46"
"元二年","20","26","46"
"六月癸","37","9","46"
"泰始元","23","23","46"
"江东安","23","23","46"
"奉国军","23","23","46"
"千牛卫","23","23","46"
"北安抚","21","25","46"
"赐进士","27","19","46"
"马光祖","22","24","46"
"提举太","23","23","46"
"国子博","23","23","46"
"太子左","23","23","46"
"文殿修","23","23","46"
"国史院","23","23","46"
"徐鹿卿","2","44","46"
"为监察","18","28","46"
"在京师","6","40","46"
"左将军","21","25","46"
"四月庚","38","8","46"
"刺史武","24","22","46"
"十二岁","1","45","46"
"全斌等","22","24","46"
"于圜丘","46","0","46"
"国公赵","2","44","46"
"北转运","23","23","46"
"知谏院","23","23","46"
"中军统","23","23","46"
"贺会庆","23","23","46"
"毕再遇","2","44","46"
"犯房宿","3","43","46"
"宣仁后","32","14","46"
"登进士","34","12","46"
"李允则","2","44","46"
"是皇帝","0","46","46"
"的行为","0","46","46"
"却没有","0","46","46"
"下来的","0","46","46"
"造就是","0","46","46"
"他们说","0","46","46"
"的人很","0","46","46"
"少数民","0","46","46"
"数民族","0","46","46"
"秦桧的","0","46","46"
"当时正","0","46","46"
"率领部","0","46","46"
"十多万","0","46","46"
"的祸患","0","46","46"
"的时间","0","46","46"
"上奏章","0","46","46"
"的象征","0","46","46"
"是命令","0","46","46"
"渡过淮","0","46","46"
"求朝廷","0","46","46"
"祝贺新","0","46","46"
"贺新春","0","46","46"
"令他们","0","46","46"
"流刑以","0","46","46"
"刘钅奇","0","46","46"
"六年二","22","23","45"
"为镇军","18","27","45"
"为扬州","25","20","45"
"陵王休","26","19","45"
"填星犯","45","0","45"
"元年九","22","23","45"
"嘉四年","20","25","45"
"嘉八年","20","25","45"
"四年二","24","21","45"
"康六年","23","22","45"
"副都指","23","22","45"
"张士逊","21","24","45"
"谟阁直","26","19","45"
"东西路","16","29","45"
"王刚中","9","36","45"
"梁克家","19","26","45"
"兵部员","22","23","45"
"礼部郎","22","23","45"
"朝奉郎","22","23","45"
"检讨官","21","24","45"
"二千人","21","24","45"
"殷景仁","20","25","45"
"一月壬","41","4","45"
"晋安王","22","23","45"
"六十四","20","25","45"
"五十七","23","22","45"
"句三字","23","22","45"
"皇帝命","2","43","45"
"荧惑守","45","0","45"
"民流亡","7","38","45"
"从事史","22","23","45"
"校太傅","22","23","45"
"十万石","21","24","45"
"王安礼","5","40","45"
"知福州","33","12","45"
"金人战","41","4","45"
"建昌军","24","21","45"
"扈再兴","12","33","45"
"祀景灵","1","44","45"
"官员的","0","45","45"
"不能够","0","45","45"
"三个月","0","45","45"
"次请求","0","45","45"
"的声音","0","45","45"
"样的人","0","45","45"
"击敌人","0","45","45"
"考虑到","0","45","45"
"把这些","0","45","45"
"当时人","0","45","45"
"把他的","0","45","45"
"授予他","0","45","45"
"官吏的","0","45","45"
"之等人","0","45","45"
"任翰林","0","45","45"
"被召回","0","45","45"
"对皇上","0","45","45"
"派使臣","0","45","45"
"皇上到","0","45","45"
"后去世","0","45","45"
"二十多","0","45","45"
"天运行","0","45","45"
"了一年","0","45","45"
"不允许","0","45","45"
"鹿出现","0","45","45"
"被提升","0","45","45"
"它的分","0","45","45"
"皇太妃","18","26","44"
"义熙十","17","27","44"
"人以为","27","17","44"
"巴陵王","22","22","44"
"刺史沈","23","21","44"
"汉献帝","20","24","44"
"犯轩辕","21","23","44"
"诸葛长","17","27","44"
"葛长民","17","27","44"
"犯右执","22","22","44"
"武帝孝","22","22","44"
"帝孝建","22","22","44"
"刺史始","23","21","44"
"史始兴","23","21","44"
"宋孝武","21","23","44"
"一月甲","35","9","44"
"九月辛","39","5","44"
"五年四","22","22","44"
"前都虞","22","22","44"
"尊号曰","44","0","44"
"通问使","22","22","44"
"州镇抚","17","27","44"
"二百人","19","25","44"
"范汝为","20","24","44"
"东宣抚","22","22","44"
"事兼枢","22","22","44"
"兼直学","22","22","44"
"湖北路","19","25","44"
"湖南安","22","22","44"
"南西路","16","28","44"
"举太平","22","22","44"
"在赤道","19","25","44"
"知审官","22","22","44"
"国子祭","22","22","44"
"子祭酒","22","22","44"
"胡松年","10","34","44"
"二千石","24","20","44"
"羡之等","22","22","44"
"月七日","8","36","44"
"皇帝诏","2","42","44"
"光武帝","2","42","44"
"祀太庙","2","42","44"
"天下兵","33","11","44"
"咨议参","25","19","44"
"钱三十","25","19","44"
"十三岁","2","42","44"
"是可以","3","41","44"
"三佛齐","21","23","44"
"杂犯死","23","21","44"
"薛居正","17","27","44"
"西南蕃","23","21","44"
"诏求直","27","17","44"
"张商英","21","23","44"
"郑居中","20","24","44"
"宣赞舍","22","22","44"
"赞舍人","22","22","44"
"天申节","22","22","44"
"提举万","23","21","44"
"举万寿","23","21","44"
"陈居仁","4","40","44"
"示天下","19","25","44"
"赵必愿","1","43","44"
"上天的","0","44","44"
"今天的","0","44","44"
"到现在","0","44","44"
"关官员","0","44","44"
"是不能","0","44","44"
"的使者","0","44","44"
"安置在","0","44","44"
"回朝廷","0","44","44"
"年轻时","0","44","44"
"并且说","0","44","44"
"书请求","0","44","44"
"没有成","0","44","44"
"求解除","0","44","44"
"书右承","0","44","44"
"国派使","0","44","44"
"升为太","0","44","44"
"居住在","0","44","44"
"将他们","0","44","44"
"被废黜","0","44","44"
"朝见皇","0","44","44"
"这年冬","0","44","44"
"上诏令","0","44","44"
"星进人","0","44","44"
"等出使","0","44","44"
"赦免全","0","44","44"
"免全国","0","44","44"
"祭祀景","0","44","44"
"宗即皇","0","44","44"
"请求离","0","44","44"
"不明亮","0","44","44"
"据此星","0","44","44"
"天地之","27","16","43"
"八月丁","35","8","43"
"谯王义","32","11","43"
"右将军","20","23","43"
"十三万","21","22","43"
"十八度","21","22","43"
"千一百","23","20","43"
"六年三","21","22","43"
"八月癸","32","11","43"
"安帝隆","22","21","43"
"熙四年","13","30","43"
"九年十","22","21","43"
"大明四","20","23","43"
"明四年","20","23","43"
"九月戊","35","8","43"
"何尚之","20","23","43"
"平郡王","22","21","43"
"后尊号","17","26","43"
"章得象","13","30","43"
"韩忠彦","20","23","43"
"关师古","21","22","43"
"寿春府","22","21","43"
"乔行简","17","26","43"
"诸军都","25","18","43"
"二十卷","21","22","43"
"人不敢","12","31","43"
"建武将","21","22","43"
"十九岁","1","42","43"
"六十一","21","22","43"
"为皇子","24","19","43"
"将有大","2","41","43"
"则天下","36","7","43"
"天下太","7","36","43"
"白鹿见","43","0","43"
"子太傅","21","22","43"
"白鹿出","1","42","43"
"月四日","4","39","43"
"改名为","1","42","43"
"王全斌","20","23","43"
"唐太宗","20","23","43"
"试进士","17","26","43"
"使来贡","43","0","43"
"著为令","28","15","43"
"星色赤","1","42","43"
"等使金","43","0","43"
"知绍兴","28","15","43"
"人民饥","1","42","43"
"杨允恭","3","40","43"
"陛下即","18","25","43"
"在陛下","11","32","43"
"上奏疏","1","42","43"
"兵进攻","2","41","43"
"刘庆福","4","39","43"
"的标准","0","43","43"
"得到的","0","43","43"
"的地位","0","43","43"
"虽然有","0","43","43"
"的恩德","0","43","43"
"都知道","0","43","43"
"了一个","0","43","43"
"他的才","0","43","43"
"的礼节","0","43","43"
"有一天","0","43","43"
"被罢官","0","43","43"
"加封为","0","43","43"
"三次上","0","43","43"
"任参知","0","43","43"
"过长江","0","43","43"
"的哥哥","0","43","43"
"议论的","0","43","43"
"么可以","0","43","43"
"祭祀太","0","43","43"
"臣被杀","0","43","43"
"派人来","0","43","43"
"过黄河","0","43","43"
"的意图","0","43","43"
"令各路","0","43","43"
"刑一等","0","43","43"
"神宗说","0","43","43"
"到行在","0","43","43"
"金国祝","0","43","43"
"国祝贺","0","43","43"
"为领军","20","22","42"
"尚书事","16","26","42"
"王休范","24","18","42"
"镇西将","20","22","42"
"千七百","22","20","42"
"始三年","19","23","42"
"中庶子","21","21","42"
"三百六","21","21","42"
"十六万","21","21","42"
"五年三","21","21","42"
"犯东井","29","13","42"
"帝永和","22","20","42"
"星孛于","42","0","42"
"四月二","4","38","42"
"嘉六年","19","23","42"
"太元二","21","21","42"
"十月己","33","9","42"
"石守信","14","28","42"
"高阳关","21","21","42"
"三百人","17","25","42"
"十九人","18","24","42"
"为殿中","14","28","42"
"兼知枢","21","21","42"
"忠义人","20","22","42"
"路军马","21","21","42"
"知扬州","31","11","42"
"太子宾","21","21","42"
"子宾客","21","21","42"
"宗正事","21","21","42"
"流星入","39","3","42"
"德皇后","20","22","42"
"西京留","21","21","42"
"上阁门","38","4","42"
"安王子","31","11","42"
"四十二","19","23","42"
"太祖在","1","41","42"
"兴四年","16","26","42"
"句四字","21","21","42"
"五谷不","22","20","42"
"诏天下","33","9","42"
"十万人","11","31","42"
"县五等","21","21","42"
"二万人","11","31","42"
"不能不","5","37","42"
"京朝官","20","22","42"
"殿减膳","27","15","42"
"录系囚","42","0","42"
"路经略","19","23","42"
"王时雍","17","25","42"
"南安军","21","21","42"
"作监丞","21","21","42"
"李鸣复","12","30","42"
"赵汝谈","2","40","42"
"朝廷召","1","41","42"
"就叫做","0","42","42"
"自古以","0","42","42"
"金星白","0","42","42"
"这都是","0","42","42"
"开始时","0","42","42"
"处以死","0","42","42"
"同意了","0","42","42"
"他自己","0","42","42"
"的结果","0","42","42"
"怎么样","0","42","42"
"将士们","0","42","42"
"是皇上","0","42","42"
"的两个","0","42","42"
"听从了","0","42","42"
"起用为","0","42","42"
"离开朝","0","42","42"
"十多年","0","42","42"
"任太常","0","42","42"
"占辞同","0","42","42"
"派遣统","0","42","42"
"五颗星","0","42","42"
"和年间","0","42","42"
"十多人","0","42","42"
"兵讨伐","0","42","42"
"诏令说","0","42","42"
"中出现","0","42","42"
"与他们","0","42","42"
"举行郊","0","42","42"
"安王刘","0","42","42"
"回来后","0","42","42"
"的妖异","0","42","42"
"请求退","0","42","42"
"斩首示","0","42","42"
"终年五","0","42","42"
"关押囚","0","42","42"
"为交州","20","21","41"
"太守张","19","22","41"
"十二万","21","20","41"
"将军张","20","21","41"
"二年九","21","20","41"
"入南斗","23","18","41"
"殷仲堪","15","26","41"
"永初三","21","20","41"
"宋武帝","18","23","41"
"元嘉八","20","21","41"
"帝隆安","22","19","41"
"前都指","20","21","41"
"步军司","20","21","41"
"以吏部","33","8","41"
"清远军","21","20","41"
"路兵马","14","27","41"
"南康军","20","21","41"
"四川安","22","19","41"
"安南国","20","21","41"
"成皇后","19","22","41"
"事兼参","21","20","41"
"总领财","20","21","41"
"领财赋","20","21","41"
"紫微垣","14","27","41"
"十六度","20","21","41"
"天雄军","21","20","41"
"学士兼","19","22","41"
"八十一","20","21","41"
"鸿庆宫","20","21","41"
"欧阳守","1","40","41"
"阳守道","1","40","41"
"兴化军","20","21","41"
"率百官","32","9","41"
"琅邪王","29","12","41"
"为著作","9","32","41"
"八年春","22","19","41"
"三分之","7","34","41"
"非所以","41","0","41"
"刘延孙","11","30","41"
"三十三","20","21","41"
"在太庙","2","39","41"
"上疏曰","41","0","41"
"为国子","16","25","41"
"宰相之","13","28","41"
"能成功","6","35","41"
"以万计","9","32","41"
"试礼部","22","19","41"
"常平仓","15","26","41"
"镇戎军","20","21","41"
"避殿减","26","15","41"
"延和殿","20","21","41"
"绍兴元","20","21","41"
"为第一","12","29","41"
"杜莘老","3","38","41"
"囚犯减","0","41","41"
"我听说","0","41","41"
"亲自率","0","41","41"
"此以后","0","41","41"
"确实是","0","41","41"
"的弊端","0","41","41"
"被处死","0","41","41"
"身边的","0","41","41"
"又没有","0","41","41"
"请求皇","0","41","41"
"逆向运","0","41","41"
"开朝廷","0","41","41"
"请求把","0","41","41"
"失去了","0","41","41"
"封他为","0","41","41"
"次上表","0","41","41"
"又命令","0","41","41"
"岁星侵","0","41","41"
"才开始","0","41","41"
"火星入","0","41","41"
"厌恶这","0","41","41"
"人民流","0","41","41"
"诏令各","0","41","41"
"变星侵","0","41","41"
"升他为","0","41","41"
"兴以来","24","16","40"
"嘉元年","20","20","40"
"陵王诞","34","6","40"
"阳王子","29","11","40"
"十四万","20","20","40"
"万八千","20","20","40"
"九月癸","34","6","40"
"高贵乡","19","21","40"
"贵乡公","19","21","40"
"安二年","20","20","40"
"穆帝永","21","19","40"
"嘉五年","17","23","40"
"郡诸军","22","18","40"
"安军节","20","20","40"
"道节度","20","20","40"
"崔彦进","20","20","40"
"监门卫","20","20","40"
"陈尧叟","26","14","40"
"监修国","20","20","40"
"上疏论","19","21","40"
"赵挺之","18","22","40"
"福州观","20","20","40"
"湖北安","18","22","40"
"督府参","20","20","40"
"宁远军","20","20","40"
"阁校勘","19","21","40"
"军器监","20","20","40"
"西提刑","22","18","40"
"留梦炎","11","29","40"
"李庭芝","14","26","40"
"神主于","32","8","40"
"孝宗即","16","24","40"
"户部郎","20","20","40"
"为三司","26","14","40"
"宁远将","19","21","40"
"八月丙","34","6","40"
"刘遵考","19","21","40"
"史武陵","21","19","40"
"年以前","19","21","40"
"四十七","20","20","40"
"九十一","20","20","40"
"三年之","31","9","40"
"以天下","27","13","40"
"帝王之","22","18","40"
"月十日","4","36","40"
"大臣忧","36","4","40"
"将军死","12","28","40"
"而朝廷","17","23","40"
"下太平","7","33","40"
"国家之","27","13","40"
"征太原","35","5","40"
"上封事","25","15","40"
"为贵妃","19","21","40"
"高遵裕","4","36","40"
"门宣赞","20","20","40"
"为副使","9","31","40"
"李弥逊","3","37","40"
"归正人","21","19","40"
"不能用","10","30","40"
"就应该","0","40","40"
"知道的","0","40","40"
"的日子","0","40","40"
"举行大","0","40","40"
"可以说","0","40","40"
"的诏书","0","40","40"
"出现的","0","40","40"
"的机会","0","40","40"
"被任为","0","40","40"
"人民的","0","40","40"
"不是我","0","40","40"
"人很多","0","40","40"
"的风气","0","40","40"
"人们的","0","40","40"
"的事务","0","40","40"
"号为忠","0","40","40"
"才知道","0","40","40"
"发生饥","0","40","40"
"丧期满","0","40","40"
"没有被","0","40","40"
"来投降","0","40","40"
"都属于","0","40","40"
"谥号文","0","40","40"
"兴地说","0","40","40"
"武官员","0","40","40"
"帝亲自","0","40","40"
"太祖派","0","40","40"
"的学问","0","40","40"
"王刘休","0","40","40"
"代的旧","0","40","40"
"往行在","0","40","40"
"军攻破","0","40","40"
"见皇帝","0","40","40"
"对人说","0","40","40"
"的奏章","0","40","40"
"西夏人","0","40","40"
"一说在","0","40","40"
"终年七","0","40","40"
"任户部","0","40","40"
"王旦说","0","40","40"
"张木式","0","40","40"
"所以不","11","28","39"
"永初元","20","19","39"
"大夫王","19","20","39"
"镇北将","19","20","39"
"三十八","19","20","39"
"穆皇后","18","21","39"
"于是改","5","34","39"
"八年正","18","21","39"
"为抚军","19","20","39"
"部贡举","19","20","39"
"邦昌为","19","20","39"
"淮东制","20","19","39"
"诏四川","24","15","39"
"陆秀夫","9","30","39"
"宗正少","19","20","39"
"正少卿","19","20","39"
"州兵马","18","21","39"
"四厢都","20","19","39"
"马都尉","19","20","39"
"贤殿修","19","20","39"
"有文集","14","25","39"
"一千五","10","29","39"
"中将军","18","21","39"
"死罪以","19","20","39"
"立皇太","15","24","39"
"五月丙","31","8","39"
"都督江","19","20","39"
"钱十万","21","18","39"
"一月二","6","33","39"
"十九万","20","19","39"
"十月二","1","38","39"
"而天下","25","14","39"
"为刑部","14","25","39"
"陕西转","19","20","39"
"王中正","8","31","39"
"为少傅","12","27","39"
"靖康元","19","20","39"
"金人围","31","8","39"
"抚处置","19","20","39"
"李好义","12","27","39"
"客星入","39","0","39"
"下即位","16","23","39"
"黄庭坚","7","32","39"
"哲宗即","7","32","39"
"被采纳","0","39","39"
"有的人","0","39","39"
"那么就","0","39","39"
"的国家","0","39","39"
"两个儿","0","39","39"
"个地方","0","39","39"
"的弊病","0","39","39"
"用他的","0","39","39"
"才能的","0","39","39"
"只不过","0","39","39"
"不喜欢","0","39","39"
"用他们","0","39","39"
"的法令","0","39","39"
"回到朝","0","39","39"
"生饥荒","0","39","39"
"回朝后","0","39","39"
"舆鬼宿","0","39","39"
"渡过长","0","39","39"
"的孙子","0","39","39"
"定下来","0","39","39"
"后来又","0","39","39"
"帝逝世","0","39","39"
"停留在","0","39","39"
"行郊祀","0","39","39"
"诏令他","0","39","39"
"的子孙","0","39","39"
"的奏疏","0","39","39"
"的旧县","0","39","39"
"渡过黄","0","39","39"
"朝见高","0","39","39"
"十六岁","0","39","39"
"命令刘","0","39","39"
"高宗到","0","39","39"
"史篙之","0","39","39"
"他入朝","0","39","39"
"祖即位","25","13","38"
"讨平之","38","0","38"
"至京师","32","6","38"
"毛德祖","5","33","38"
"南蛮校","18","20","38"
"义阳王","20","18","38"
"湘东王","18","20","38"
"王休若","21","17","38"
"刺史张","19","19","38"
"三十九","18","20","38"
"四十八","16","22","38"
"五年二","18","20","38"
"汉光武","17","21","38"
"安帝元","19","19","38"
"孝怀帝","18","20","38"
"属临淮","19","19","38"
"二十里","18","20","38"
"顾觊之","3","35","38"
"记室参","19","19","38"
"室参军","19","19","38"
"贾昌朝","18","20","38"
"十八人","17","21","38"
"张浚为","8","30","38"
"事兼权","33","5","38"
"安抚副","19","19","38"
"加食邑","18","20","38"
"承信郎","19","19","38"
"元游仪","21","17","38"
"郡夫人","19","19","38"
"太子妃","17","21","38"
"道元年","19","19","38"
"吴越国","16","22","38"
"流内铨","21","17","38"
"银台司","19","19","38"
"洪天锡","5","33","38"
"后将军","19","19","38"
"右光禄","19","19","38"
"刺史临","19","19","38"
"东海王","21","17","38"
"三十四","18","20","38"
"臣以为","25","13","38"
"复中原","9","29","38"
"二百万","18","20","38"
"太后曰","38","0","38"
"太宗即","21","17","38"
"诏不允","24","14","38"
"州城下","10","28","38"
"营前军","19","19","38"
"御史张","19","19","38"
"路提点","19","19","38"
"钱惟演","10","28","38"
"对宰相","2","36","38"
"王尧臣","7","31","38"
"福宁殿","19","19","38"
"为起居","8","30","38"
"奉大夫","19","19","38"
"为安定","14","24","38"
"任官职","1","37","38"
"大臣不","18","20","38"
"贺天申","19","19","38"
"崔与之","17","21","38"
"吴昌裔","1","37","38"
"军将领","1","37","38"
"天下安","15","23","38"
"苗傅等","4","34","38"
"任开封","1","37","38"
"朝廷下","3","35","38"
"陛下所","21","17","38"
"家大事","1","37","38"
"回京城","1","37","38"
"实在是","0","38","38"
"才得以","0","38","38"
"的名称","0","38","38"
"的礼制","0","38","38"
"为应该","0","38","38"
"不久就","0","38","38"
"的颜色","0","38","38"
"一会儿","0","38","38"
"太子的","0","38","38"
"所以说","0","38","38"
"果不是","0","38","38"
"被处以","0","38","38"
"以死刑","0","38","38"
"祖宗的","0","38","38"
"的计谋","0","38","38"
"被起用","0","38","38"
"平王刘","0","38","38"
"任礼部","0","38","38"
"所写的","0","38","38"
"的党羽","0","38","38"
"论的人","0","38","38"
"派遣王","0","38","38"
"发生战","0","38","38"
"和他的","0","38","38"
"称之为","0","38","38"
"十一岁","0","38","38"
"圆丘祭","0","38","38"
"丘祭祀","0","38","38"
"被平定","0","38","38"
"被斩首","0","38","38"
"他的母","0","38","38"
"雀出现","0","38","38"
"坚决辞","0","38","38"
"是任命","0","38","38"
"到建康","0","38","38"
"在闹市","0","38","38"
"使金朝","0","38","38"
"马光说","0","38","38"
"而不知","18","19","37"
"三十余","28","9","37"
"振武将","18","19","37"
"冬十一","18","19","37"
"为南豫","21","16","37"
"山阳王","19","18","37"
"六十二","19","18","37"
"八年五","18","19","37"
"万一千","19","18","37"
"犯左执","18","19","37"
"元兴三","19","18","37"
"建二年","18","19","37"
"晋海西","19","18","37"
"太康三","19","18","37"
"晋明帝","18","19","37"
"诸葛恪","12","25","37"
"白虹贯","30","7","37"
"武大明","28","9","37"
"大元帅","17","20","37"
"田重进","16","21","37"
"李继隆","18","19","37"
"丁谓为","17","20","37"
"机宜文","18","19","37"
"赵鼎为","14","23","37"
"为左丞","25","12","37"
"在太微","16","21","37"
"宁国府","18","19","37"
"敌人不","3","34","37"
"判吏部","20","17","37"
"庆元年","17","20","37"
"击走之","37","0","37"
"徐道覆","16","21","37"
"殿中将","18","19","37"
"安北将","18","19","37"
"谢方明","3","34","37"
"颜师伯","15","22","37"
"尺二寸","19","18","37"
"一百八","15","22","37"
"代以来","11","26","37"
"月六日","5","32","37"
"为太学","15","22","37"
"三十里","18","19","37"
"白雀见","37","0","37"
"虽然不","1","36","37"
"又下诏","2","35","37"
"子太保","19","18","37"
"登闻鼓","19","18","37"
"地于圜","37","0","37"
"司天监","15","22","37"
"馆阁校","18","19","37"
"两省官","15","22","37"
"杨惟忠","18","19","37"
"凤翔府","19","18","37"
"知平江","25","12","37"
"岳飞为","15","22","37"
"百万缗","21","16","37"
"寿皇圣","22","15","37"
"吕祖俭","8","29","37"
"当时有","2","35","37"
"而不敢","14","23","37"
"蔡元定","2","35","37"
"去丧服","0","37","37"
"被诛杀","0","37","37"
"很多人","0","37","37"
"家的大","0","37","37"
"赠他为","0","37","37"
"笑着说","0","37","37"
"他的官","0","37","37"
"段时间","0","37","37"
"正直的","0","37","37"
"召见他","0","37","37"
"拖欠的","0","37","37"
"月亮进","0","37","37"
"答应了","0","37","37"
"亲自写","0","37","37"
"对国家","0","37","37"
"告诉了","0","37","37"
"附朝廷","0","37","37"
"承相兼","0","37","37"
"被攻破","0","37","37"
"请求回","0","37","37"
"又任命","0","37","37"
"那么天","0","37","37"
"相当于","0","37","37"
"马驾车","0","37","37"
"己的意","0","37","37"
"不忍心","0","37","37"
"败敌人","0","37","37"
"国来进","0","37","37"
"十万络","0","37","37"
"县知县","0","37","37"
"客星进","0","37","37"
"恶这种","0","37","37"
"被罢黜","0","37","37"
"王王圭","0","37","37"
"大食国","18","18","36"
"征西大","18","18","36"
"北中郎","18","18","36"
"会稽太","17","19","36"
"张兴世","12","24","36"
"四十九","17","19","36"
"景初元","20","16","36"
"熙五年","15","21","36"
"武帝永","18","18","36"
"帝永初","18","18","36"
"孝建二","18","18","36"
"四年六","18","18","36"
"平王铄","28","8","36"
"晋孝怀","18","18","36"
"帝太宁","18","18","36"
"前汉属","35","1","36"
"四十一","19","17","36"
"侍卫步","18","18","36"
"卫步军","18","18","36"
"保静军","18","18","36"
"静军节","18","18","36"
"科及第","18","18","36"
"八十四","18","18","36"
"曾公亮","18","18","36"
"路制置","16","20","36"
"宜文字","18","18","36"
"马军司","18","18","36"
"司参议","18","18","36"
"焕章阁","18","18","36"
"五百户","18","18","36"
"开元游","21","15","36"
"行营都","18","18","36"
"度支判","18","18","36"
"支判官","18","18","36"
"进士甲","16","20","36"
"士甲科","16","20","36"
"同修国","20","16","36"
"太中大","18","18","36"
"桓玄篡","14","22","36"
"七年正","17","19","36"
"尚书吏","18","18","36"
"书吏部","18","18","36"
"为侍中","21","15","36"
"分之二","7","29","36"
"于天地","30","6","36"
"二百余","21","15","36"
"其子孙","26","10","36"
"兵二千","20","16","36"
"为节度","11","25","36"
"宰相赵","16","20","36"
"河中府","16","20","36"
"内殿崇","18","18","36"
"殿崇班","18","18","36"
"诏陕西","22","14","36"
"河北转","18","18","36"
"孔子庙","18","18","36"
"州水灾","9","27","36"
"合祭天","11","25","36"
"人战于","34","2","36"
"涟水军","17","19","36"
"御营使","18","18","36"
"为龙图","5","31","36"
"军居住","16","20","36"
"御史陈","18","18","36"
"皇圣帝","19","17","36"
"立太子","5","31","36"
"皇帝不","4","32","36"
"柴中行","4","32","36"
"率所部","10","26","36"
"犯木星","1","35","36"
"色苍白","10","26","36"
"仁太后","9","27","36"
"率大军","2","34","36"
"应该以","0","36","36"
"的变化","0","36","36"
"除去丧","0","36","36"
"帝命令","0","36","36"
"的诏令","0","36","36"
"的恩惠","0","36","36"
"众人都","0","36","36"
"的任命","0","36","36"
"了很多","0","36","36"
"现在应","0","36","36"
"如果能","0","36","36"
"没有出","0","36","36"
"有大的","0","36","36"
"怎么可","0","36","36"
"兴王刘","0","36","36"
"纳了他","0","36","36"
"是他的","0","36","36"
"于是下","0","36","36"
"的势力","0","36","36"
"任吏部","0","36","36"
"命令张","0","36","36"
"旧担任","0","36","36"
"王禹翶","0","36","36"
"被流放","0","36","36"
"年秋天","0","36","36"
"派人到","0","36","36"
"溢出河","0","36","36"
"出河道","0","36","36"
"祝贺正","0","36","36"
"钦二帝","0","36","36"
"任大理","0","36","36"
"宋太宗","0","36","36"
"而不可","26","9","35"
"内外官","13","22","35"
"王仲德","17","18","35"
"稽太守","16","19","35"
"宁州刺","18","17","35"
"泰始三","16","19","35"
"平五年","16","19","35"
"客星守","33","2","35"
"汉桓帝","17","18","35"
"武元年","17","18","35"
"帝升明","18","17","35"
"帝建兴","18","17","35"
"和九年","17","18","35"
"泰始四","16","19","35"
"孝武大","27","8","35"
"南中郎","17","18","35"
"军都虞","17","18","35"
"以翰林","29","6","35"
"会灵观","17","18","35"
"山陵使","16","19","35"
"射兼门","18","17","35"
"翰林侍","18","17","35"
"斡离不","17","18","35"
"浑天仪","9","26","35"
"提刑司","17","18","35"
"总领所","16","19","35"
"钱象祖","15","20","35"
"李宗勉","9","26","35"
"浙转运","17","18","35"
"后宫有","16","19","35"
"在二十","15","20","35"
"右拾遗","17","18","35"
"同修起","17","18","35"
"行于世","25","10","35"
"司都统","17","18","35"
"司马元","12","23","35"
"中丞王","19","16","35"
"一万人","1","34","35"
"九月丙","31","4","35"
"左军将","19","16","35"
"五十五","16","19","35"
"治天下","15","20","35"
"于是皇","2","33","35"
"六月二","2","33","35"
"皇后神","18","17","35"
"入羽林","18","17","35"
"在扬州","11","24","35"
"虫之孽","17","18","35"
"三月二","2","33","35"
"我不能","7","28","35"
"州节度","14","21","35"
"置三司","15","20","35"
"李之才","5","30","35"
"军留后","18","17","35"
"温仲舒","14","21","35"
"后垂帘","17","18","35"
"举所知","22","13","35"
"蔡京为","15","20","35"
"阁门事","30","5","35"
"谟阁待","18","17","35"
"命刘光","15","20","35"
"宣抚处","17","18","35"
"身丁钱","15","20","35"
"范如圭","4","31","35"
"为提举","7","28","35"
"政事堂","10","25","35"
"学教授","17","18","35"
"主完颜","4","31","35"
"惑犯之","35","0","35"
"圣太后","8","27","35"
"忠义之","13","22","35"
"典章制","2","33","35"
"在皇帝","1","34","35"
"吉祥的","0","35","35"
"的租税","0","35","35"
"已经很","0","35","35"
"正确的","0","35","35"
"然没有","0","35","35"
"此天象","0","35","35"
"带来的","0","35","35"
"望皇上","0","35","35"
"在那里","0","35","35"
"一定有","0","35","35"
"接受了","0","35","35"
"没有比","0","35","35"
"希望皇","0","35","35"
"听到这","0","35","35"
"他的文","0","35","35"
"说自己","0","35","35"
"一年多","0","35","35"
"的过错","0","35","35"
"把自己","0","35","35"
"高宗说","0","35","35"
"宗听说","0","35","35"
"他的请","0","35","35"
"朝廷诏","0","35","35"
"了很久","0","35","35"
"上亲自","0","35","35"
"的样子","0","35","35"
"发生水","0","35","35"
"下诏侍","0","35","35"
"为右承","0","35","35"
"皇上赐","0","35","35"
"派他的","0","35","35"
"又改任","0","35","35"
"王公大","0","35","35"
"任命吴","0","35","35"
"什么可","0","35","35"
"的学说","0","35","35"
"白雀出","0","35","35"
"殿接受","0","35","35"
"请求让","0","35","35"
"的书信","0","35","35"
"接受朝","0","35","35"
"他请求","0","35","35"
"命令有","0","35","35"
"派遣官","0","35","35"
"契丹派","0","35","35"
"减罪一","0","35","35"
"攻打边","0","35","35"
"打边境","0","35","35"
"金军侵","0","35","35"
"其应也","34","0","34"
"史南谯","19","15","34"
"刺史萧","17","17","34"
"为江州","19","15","34"
"将军柳","17","17","34"
"王景文","16","18","34"
"夏五月","17","17","34"
"魏武帝","11","23","34"
"月犯心","18","16","34"
"月犯房","17","17","34"
"司马越","15","19","34"
"嘉十三","16","18","34"
"海西公","12","22","34"
"帝元兴","17","17","34"
"元徽三","16","18","34"
"徽三年","16","18","34"
"七年六","17","17","34"
"虹贯日","30","4","34"
"为右谏","13","21","34"
"国公主","16","18","34"
"山南东","17","17","34"
"南东道","17","17","34"
"武宁军","16","18","34"
"及第出","15","19","34"
"第出身","15","19","34"
"五十二","16","18","34"
"童贯为","14","20","34"
"昭化军","17","17","34"
"以户部","23","11","34"
"南东路","14","20","34"
"淮宣抚","17","17","34"
"行宫留","17","17","34"
"宫留守","17","17","34"
"和州防","17","17","34"
"夔州路","13","21","34"
"环卫官","15","19","34"
"南剑州","17","17","34"
"在天市","15","19","34"
"礼部员","17","17","34"
"书省著","17","17","34"
"省著作","17","17","34"
"知杂事","18","16","34"
"迁秘书","33","1","34"
"试馆职","21","13","34"
"朝廷有","8","26","34"
"王镇恶","11","23","34"
"军如故","34","0","34"
"十二分","9","25","34"
"圣人之","23","11","34"
"大行皇","23","11","34"
"嘉十九","16","18","34"
"皇帝对","1","33","34"
"宁五年","15","19","34"
"辰星犯","34","0","34"
"黄龙见","34","0","34"
"在军中","7","27","34"
"白麞见","34","0","34"
"掌书记","18","16","34"
"军中兵","17","17","34"
"不战而","15","19","34"
"州判官","15","19","34"
"常参官","17","17","34"
"客省使","17","17","34"
"金明池","17","17","34"
"阁门祗","34","0","34"
"知成都","25","9","34"
"土木工","2","32","34"
"济饥民","3","31","34"
"西经略","16","18","34"
"兴三十","6","28","34"
"南雄州","17","17","34"
"被罢职","1","33","34"
"仙人关","17","17","34"
"金人不","15","19","34"
"转一官","7","27","34"
"一定不","2","32","34"
"月犯之","34","0","34"
"于是在","1","33","34"
"为己任","15","19","34"
"被任用","1","33","34"
"李孟传","1","33","34"
"青苗法","7","27","34"
"鲜于侁","1","33","34"
"等人都","0","34","34"
"一部分","0","34","34"
"下的人","0","34","34"
"了这个","0","34","34"
"的内容","0","34","34"
"如果是","0","34","34"
"没有这","0","34","34"
"这以后","0","34","34"
"军队出","0","34","34"
"还有什","0","34","34"
"这些都","0","34","34"
"那样的","0","34","34"
"这个人","0","34","34"
"这是我","0","34","34"
"然后才","0","34","34"
"的骑兵","0","34","34"
"一段时","0","34","34"
"本来就","0","34","34"
"这难道","0","34","34"
"王刘浚","0","34","34"
"宗没有","0","34","34"
"人知道","0","34","34"
"说的话","0","34","34"
"他的人","0","34","34"
"代旧县","0","34","34"
"任兵部","0","34","34"
"祖派遣","0","34","34"
"五月二","0","34","34"
"以上的","0","34","34"
"一年的","0","34","34"
"都不能","0","34","34"
"井之宿","0","34","34"
"个月后","0","34","34"
"没有答","0","34","34"
"白獐出","0","34","34"
"獐出现","0","34","34"
"的宰相","0","34","34"
"入朝任","0","34","34"
"来报告","0","34","34"
"人请求","0","34","34"
"宰相说","0","34","34"
"犯罪刑","0","34","34"
"徒刑以","0","34","34"
"朝派遣","0","34","34"
"位将领","0","34","34"
"极力推","0","34","34"
"以为言","33","0","33"
"新安王","16","17","33"
"刺史晋","16","17","33"
"一百七","10","23","33"
"永康元","17","16","33"
"七年四","16","17","33"
"吴孙皓","17","16","33"
"四年四","16","17","33"
"始六年","16","17","33"
"州地震","26","7","33"
"光元年","16","17","33"
"通直郎","16","17","33"
"尚书都","17","16","33"
"诏礼部","18","15","33"
"审刑院","16","17","33"
"军国事","20","13","33"
"五十四","14","19","33"
"嗣濮王","33","0","33"
"为淮西","15","18","33"
"后为皇","10","23","33"
"其一子","14","19","33"
"知江陵","26","7","33"
"两浙转","16","17","33"
"左藏库","15","18","33"
"判三司","18","15","33"
"三十卷","16","17","33"
"舍人院","15","18","33"
"子中舍","17","16","33"
"盐铁判","17","16","33"
"铁判官","17","16","33"
"办公事","16","17","33"
"知州王","9","24","33"
"年之间","19","14","33"
"屯骑校","17","16","33"
"六十六","16","17","33"
"不敢言","24","9","33"
"平王宏","24","9","33"
"时年四","20","13","33"
"十五人","16","17","33"
"子左卫","16","17","33"
"三十人","17","16","33"
"七十九","15","18","33"
"祠部郎","16","17","33"
"以太祖","17","16","33"
"不得不","16","17","33"
"于陛下","17","16","33"
"百姓家","2","31","33"
"刘向说","18","15","33"
"有声如","22","11","33"
"和七年","15","18","33"
"时则有","32","1","33"
"大臣之","15","18","33"
"一百一","7","26","33"
"河水溢","9","24","33"
"度使赵","9","24","33"
"江南军","15","18","33"
"为崇信","12","21","33"
"赵德明","10","23","33"
"祀汾阴","17","16","33"
"临江军","17","16","33"
"徒以下","33","0","33"
"出内库","16","17","33"
"讲读官","16","17","33"
"荆南府","16","17","33"
"月九日","3","30","33"
"为都统","18","15","33"
"副元帅","16","17","33"
"司统制","17","16","33"
"观兼侍","17","16","33"
"魏良臣","13","20","33"
"杨再兴","11","22","33"
"知泉州","26","7","33"
"金遣完","33","0","33"
"西和州","17","16","33"
"任将帅","8","25","33"
"在明堂","1","32","33"
"谕之曰","33","0","33"
"数千言","21","12","33"
"提举崇","17","16","33"
"国家安","4","29","33"
"朝廷用","5","28","33"
"徽宗即","8","25","33"
"民百姓","0","33","33"
"的人就","0","33","33"
"守丧三","0","33","33"
"怎么会","0","33","33"
"从此以","0","33","33"
"圣明的","0","33","33"
"的力量","0","33","33"
"这些事","0","33","33"
"的权力","0","33","33"
"们认为","0","33","33"
"的想法","0","33","33"
"那么人","0","33","33"
"去官职","0","33","33"
"在他的","0","33","33"
"皇上命","0","33","33"
"到皇上","0","33","33"
"被允许","0","33","33"
"又一次","0","33","33"
"求辞官","0","33","33"
"的赋税","0","33","33"
"得到回","0","33","33"
"禾生于","0","33","33"
"汉时属","0","33","33"
"任给事","0","33","33"
"嗣攫王","0","33","33"
"学士的","0","33","33"
"所到之","0","33","33"
"的德行","0","33","33"
"不超过","0","33","33"
"的形状","0","33","33"
"的政事","0","33","33"
"代替他","0","33","33"
"惑星进","0","33","33"
"而设置","0","33","33"
"南地区","0","33","33"
"来不及","0","33","33"
"的策略","0","33","33"
"儿子沈","0","33","33"
"召回朝","0","33","33"
"设宴射","0","33","33"
"宴射箭","0","33","33"
"恭敬安","0","33","33"
"封儿子","0","33","33"
"醛泉观","0","33","33"
"军侵犯","0","33","33"
"求罢免","0","33","33"
"流星进","0","33","33"
"不通行","0","33","33"
"身份任","0","33","33"
"力推辞","0","33","33"
"一无所","19","13","32"
"司马彪","14","18","32"
"知鄂州","25","7","32"
"为车骑","12","20","32"
"刺史建","15","17","32"
"司徒左","16","16","32"
"尚书王","16","16","32"
"分之三","6","26","32"
"七年五","16","16","32"
"咸宁元","17","15","32"
"太康八","16","16","32"
"嘉二年","14","18","32"
"四年八","16","16","32"
"六年五","16","16","32"
"公孙渊","13","19","32"
"六十七","16","16","32"
"太后尊","13","19","32"
"陈升之","15","17","32"
"平章军","16","16","32"
"章军国","16","16","32"
"司郎中","16","16","32"
"银青光","16","16","32"
"青光禄","16","16","32"
"宁国军","16","16","32"
"侍郎王","16","16","32"
"九年春","16","16","32"
"罢为观","19","13","32"
"弃城去","32","0","32"
"寿观使","16","16","32"
"抚使兼","15","17","32"
"上疏言","31","1","32"
"江万里","13","19","32"
"浙西提","17","15","32"
"乙巳占","16","16","32"
"雍熙二","15","17","32"
"后二年","21","11","32"
"知河南","19","13","32"
"尚书工","17","15","32"
"书工部","17","15","32"
"三司户","16","16","32"
"司户部","16","16","32"
"丞相史","18","14","32"
"密院编","16","16","32"
"治通鉴","15","17","32"
"后可以","18","14","32"
"左拾遗","16","16","32"
"马元显","11","21","32"
"慕容超","7","25","32"
"天下为","17","15","32"
"将军如","32","0","32"
"为征西","12","20","32"
"将军赵","11","21","32"
"以御史","28","4","32"
"五十八","15","17","32"
"一百五","10","22","32"
"开国侯","16","16","32"
"郑玄注","8","24","32"
"诏御史","19","13","32"
"谷不成","21","11","32"
"孙权赤","16","16","32"
"权赤乌","16","16","32"
"犯填星","23","9","32"
"以为是","3","29","32"
"所以能","2","30","32"
"七月二","2","30","32"
"九月二","3","29","32"
"去京都","32","0","32"
"归田里","25","7","32"
"正月二","1","31","32"
"大败之","30","2","32"
"武胜军","16","16","32"
"代帝王","10","22","32"
"直言极","15","17","32"
"言极谏","15","17","32"
"周太祖","6","26","32"
"赵昌言","14","18","32"
"荆湖南","14","18","32"
"府判官","15","17","32"
"遗留物","16","16","32"
"在东方","2","30","32"
"令监司","10","22","32"
"承务郎","16","16","32"
"以下官","8","24","32"
"英殿策","16","16","32"
"礼仪制","1","31","32"
"降德音","18","14","32"
"祖皇帝","13","19","32"
"刘延庆","12","20","32"
"张叔夜","13","19","32"
"主和议","23","9","32"
"李若水","7","25","32"
"欧阳澈","9","23","32"
"信阳军","15","17","32"
"议军事","14","18","32"
"聚景园","16","16","32"
"金主完","3","29","32"
"转两官","6","26","32"
"府推官","16","16","32"
"陛下有","14","18","32"
"为同中","1","31","32"
"司马池","1","31","32"
"金人大","18","14","32"
"为他是","0","32","32"
"际上是","0","32","32"
"的人的","0","32","32"
"的那样","0","32","32"
"请皇上","0","32","32"
"么能够","0","32","32"
"有两个","0","32","32"
"不成熟","0","32","32"
"他们一","0","32","32"
"的问题","0","32","32"
"才可以","0","32","32"
"的大事","0","32","32"
"到江陵","0","32","32"
"很久了","0","32","32"
"人氏宿","0","32","32"
"授给他","0","32","32"
"下诏免","0","32","32"
"来归附","0","32","32"
"有喜事","0","32","32"
"宿南面","0","32","32"
"的部众","0","32","32"
"等人率","0","32","32"
"使者到","0","32","32"
"都感到","0","32","32"
"在南郊","0","32","32"
"不相同","0","32","32"
"军队攻","0","32","32"
"县百姓","0","32","32"
"官员都","0","32","32"
"氏逝世","0","32","32"
"皇上又","0","32","32"
"请求在","0","32","32"
"有其他","0","32","32"
"年夏天","0","32","32"
"不久任","0","32","32"
"州报告","0","32","32"
"除各路","0","32","32"
"等呈上","0","32","32"
"岳飞派","0","32","32"
"淮地区","0","32","32"
"星属于","0","32","32"
"他担任","0","32","32"
"所以有","5","26","31"
"不知其","24","7","31"
"龚茂良","14","17","31"
"三百余","26","5","31"
"为青州","14","17","31"
"车骑大","15","16","31"
"之为尚","15","16","31"
"为平西","12","19","31"
"万六千","16","15","31"
"五时朝","16","15","31"
"五十六","15","16","31"
"第一星","18","13","31"
"吴孙亮","16","15","31"
"元二十","15","16","31"
"始五年","15","16","31"
"八十五","16","15","31"
"口一万","15","16","31"
"十七万","16","15","31"
"阴太守","15","16","31"
"子洗马","15","16","31"
"京兆府","11","20","31"
"为宣徽","13","18","31"
"州司马","12","19","31"
"为山陵","17","14","31"
"东路宣","15","16","31"
"南诸州","28","3","31"
"职事官","16","15","31"
"南国王","15","16","31"
"以下四","18","13","31"
"为秘阁","9","22","31"
"秘阁校","15","16","31"
"程元凤","15","16","31"
"静江府","16","15","31"
"兴国初","16","15","31"
"驸马都","18","13","31"
"端拱初","16","15","31"
"太祖命","2","29","31"
"三班院","16","15","31"
"仁宗即","15","16","31"
"干办公","16","15","31"
"西提点","14","17","31"
"迁太常","31","0","31"
"七十五","13","18","31"
"不可轻","14","17","31"
"会稽郡","13","18","31"
"今年租","18","13","31"
"数百万","16","15","31"
"年租税","4","27","31"
"十七度","15","16","31"
"庙社稷","17","14","31"
"大夫之","19","12","31"
"太后庙","10","21","31"
"汉高祖","9","22","31"
"星入太","9","22","31"
"有阴谋","8","23","31"
"周文王","4","27","31"
"熙八年","13","18","31"
"给百姓","1","30","31"
"经略司","15","16","31"
"不能决","10","21","31"
"为从事","16","15","31"
"太祖不","6","25","31"
"与宰相","14","17","31"
"契丹遣","31","0","31"
"遣内侍","21","10","31"
"击败之","31","0","31"
"左正言","15","16","31"
"执中为","13","18","31"
"氏为贵","15","16","31"
"迩英阁","15","16","31"
"献太后","14","17","31"
"垂拱殿","15","16","31"
"中太一","14","17","31"
"田师中","15","16","31"
"权吏部","22","9","31"
"刘洪道","15","16","31"
"广德军","15","16","31"
"败金人","24","7","31"
"陈与义","6","25","31"
"等贺金","31","0","31"
"知阁门","27","4","31"
"隆兴元","15","16","31"
"仪制度","1","30","31"
"宣仁太","6","25","31"
"不能成","6","25","31"
"始终不","2","29","31"
"王继勋","3","28","31"
"而陛下","16","15","31"
"使百姓","1","30","31"
"詹体仁","1","30","31"
"什么呢","0","31","31"
"则减去","0","31","31"
"事情的","0","31","31"
"现在已","0","31","31"
"有记载","0","31","31"
"他的名","0","31","31"
"在皇上","0","31","31"
"又因为","0","31","31"
"在这个","0","31","31"
"业刺史","0","31","31"
"意思是","0","31","31"
"我希望","0","31","31"
"的计划","0","31","31"
"给皇帝","0","31","31"
"终没有","0","31","31"
"之间的","0","31","31"
"知道了","0","31","31"
"的要求","0","31","31"
"的先例","0","31","31"
"他的职","0","31","31"
"这也是","0","31","31"
"又怎么","0","31","31"
"求皇上","0","31","31"
"为皇上","0","31","31"
"率领大","0","31","31"
"的地区","0","31","31"
"星消失","0","31","31"
"死的人","0","31","31"
"进人氏","0","31","31"
"皇上听","0","31","31"
"朝廷没","0","31","31"
"的本意","0","31","31"
"边境的","0","31","31"
"接受任","0","31","31"
"生水灾","0","31","31"
"后汉时","0","31","31"
"出外当","0","31","31"
"徽酞阁","0","31","31"
"六颗星","0","31","31"
"到之处","0","31","31"
"恐怕不","0","31","31"
"几千人","0","31","31"
"有一千","0","31","31"
"病请求","0","31","31"
"皇帝到","0","31","31"
"皇帝又","0","31","31"
"降大雨","0","31","31"
"一个儿","0","31","31"
"的爵位","0","31","31"
"在近郊","0","31","31"
"军交战","0","31","31"
"金星入","0","31","31"
"事告诉","0","31","31"
"现了白","0","31","31"
"恢复原","0","31","31"
"的兵力","0","31","31"
"距京都","0","31","31"
"水路有","0","31","31"
"是饥荒","0","31","31"
"久以后","0","31","31"
"报告给","0","31","31"
"与敌人","0","31","31"
"地区有","0","31","31"
"河决口","0","31","31"
"敬安置","0","31","31"
"贬降为","0","31","31"
"朝廷推","0","31","31"
"明亮光","0","31","31"
"亮光大","0","31","31"
"仁宗皇","0","31","31"
"改任知","0","31","31"
"不能使","5","25","30"
"父子之","12","18","30"
"天下事","22","8","30"
"天下不","14","16","30"
"为荆州","23","7","30"
"将军檀","13","17","30"
"平北将","15","15","30"
"玄谟为","16","14","30"
"军柳元","15","15","30"
"司马懿","13","17","30"
"入舆鬼","15","15","30"
"太康五","15","15","30"
"建武元","15","15","30"
"永光元","15","15","30"
"陵内史","15","15","30"
"为东京","15","15","30"
"路都部","15","15","30"
"学士张","14","16","30"
"右监门","15","15","30"
"副都部","15","15","30"
"东道节","15","15","30"
"西凉府","15","15","30"
"寇准为","10","20","30"
"七十七","14","16","30"
"烈皇后","16","14","30"
"为河南","12","18","30"
"吉阳军","15","15","30"
"无为军","15","15","30"
"为两浙","14","16","30"
"为金国","16","14","30"
"提举茶","14","16","30"
"邵宏渊","14","16","30"
"文阁学","15","15","30"
"允文为","12","18","30"
"下四百","17","13","30"
"统制陈","15","15","30"
"右千牛","15","15","30"
"同进士","15","15","30"
"曾从龙","15","15","30"
"参赞军","15","15","30"
"赞军事","15","15","30"
"吴潜为","12","18","30"
"江东西","14","16","30"
"守臣赵","14","16","30"
"汉永元","28","2","30"
"节度观","15","15","30"
"度观察","15","15","30"
"校太师","15","15","30"
"礼仪使","15","15","30"
"士第一","14","16","30"
"院检讨","15","15","30"
"迁起居","27","3","30"
"谢枋得","4","26","30"
"资治通","15","15","30"
"江阴军","16","14","30"
"薛叔似","13","17","30"
"以待之","28","2","30"
"为大将","18","12","30"
"尚书郎","15","15","30"
"临海王","14","16","30"
"皇帝以","10","20","30"
"泰豫元","15","15","30"
"豫元年","15","15","30"
"十二律","14","16","30"
"天下将","4","26","30"
"明六年","15","15","30"
"昊天上","17","13","30"
"宗庙社","15","15","30"
"大夫以","15","15","30"
"者一人","20","10","30"
"参军事","15","15","30"
"有战功","11","19","30"
"死罪囚","10","20","30"
"八月二","1","29","30"
"定国军","15","15","30"
"诏州县","19","11","30"
"行营前","15","15","30"
"开宝寺","15","15","30"
"败江南","15","15","30"
"相以下","14","16","30"
"节度判","15","15","30"
"度判官","15","15","30"
"诏内外","20","10","30"
"者二人","21","9","30"
"宗神主","8","22","30"
"州副都","15","15","30"
"决系囚","30","0","30"
"路马步","15","15","30"
"肃皇后","14","16","30"
"章献太","13","17","30"
"命尚书","7","23","30"
"书省校","15","15","30"
"省校书","15","15","30"
"熙河兰","15","15","30"
"武泰军","15","15","30"
"金人入","23","7","30"
"绍兴五","9","21","30"
"兴五年","9","21","30"
"一宫使","14","16","30"
"佑神观","15","15","30"
"处置使","15","15","30"
"下诏以","4","26","30"
"武大夫","15","15","30"
"司员外","15","15","30"
"果州团","15","15","30"
"官吏不","3","27","30"
"垂帘听","6","24","30"
"帘听政","6","24","30"
"功行赏","9","21","30"
"周敦颐","3","27","30"
"一曰天","30","0","30"
"色黄白","9","21","30"
"司理参","15","15","30"
"理参军","15","15","30"
"朝廷议","10","20","30"
"孔文仲","7","23","30"
"时金人","17","13","30"
"陛下亲","8","22","30"
"有时出","1","29","30"
"吴处厚","6","24","30"
"这一点","0","30","30"
"的祸害","0","30","30"
"的关键","0","30","30"
"明的君","0","30","30"
"之类的","0","30","30"
"违背了","0","30","30"
"现在不","0","30","30"
"被消灭","0","30","30"
"君主的","0","30","30"
"没有回","0","30","30"
"司马伦","0","30","30"
"希望能","0","30","30"
"开始的","0","30","30"
"的心思","0","30","30"
"也可以","0","30","30"
"小时候","0","30","30"
"居住的","0","30","30"
"识的人","0","30","30"
"打败了","0","30","30"
"我不敢","0","30","30"
"第二次","0","30","30"
"害百姓","0","30","30"
"宗去世","0","30","30"
"遭母丧","0","30","30"
"官职的","0","30","30"
"他父亲","0","30","30"
"安石的","0","30","30"
"左右的","0","30","30"
"有儿子","0","30","30"
"又兼任","0","30","30"
"儿子刘","0","30","30"
"又派遣","0","30","30"
"兵攻打","0","30","30"
"虽然是","0","30","30"
"以任用","0","30","30"
"的做法","0","30","30"
"知道是","0","30","30"
"是古代","0","30","30"
"的度数","0","30","30"
"事没有","0","30","30"
"王刘诞","0","30","30"
"天下百","0","30","30"
"下百姓","0","30","30"
"白天在","0","30","30"
"被杀死","0","30","30"
"色明亮","0","30","30"
"军队进","0","30","30"
"上言说","0","30","30"
"罢免了","0","30","30"
"又派人","0","30","30"
"期满后","0","30","30"
"他的门","0","30","30"
"出使契","0","30","30"
"贩济抚","0","30","30"
"济抚恤","0","30","30"
"命令王","0","30","30"
"廷推荐","0","30","30"
"云气侵","0","30","30"
"辰星侵","0","30","30"
"是火灾","0","30","30"
"何无忌","16","13","29"
"太史令","14","15","29"
"太平之","17","12","29"
"为司州","16","13","29"
"北大将","15","14","29"
"五十九","13","16","29"
"王氏为","13","16","29"
"太康六","14","15","29"
"国子学","12","17","29"
"安元年","16","13","29"
"入石头","16","13","29"
"校太保","15","14","29"
"以工部","19","10","29"
"四十六","15","14","29"
"诏中外","22","7","29"
"普安郡","13","16","29"
"江南东","13","16","29"
"浙西安","14","15","29"
"都统司","14","15","29"
"皇帝之","9","20","29"
"淮西安","14","15","29"
"事兼同","15","14","29"
"赵善湘","8","21","29"
"参谋官","14","15","29"
"职任依","14","15","29"
"任依旧","14","15","29"
"观察留","15","14","29"
"察留后","15","14","29"
"右赞善","15","14","29"
"阁门使","27","2","29"
"拜尚书","27","2","29"
"州军事","11","18","29"
"五十卷","15","14","29"
"权礼部","18","11","29"
"赐金紫","23","6","29"
"江西提","15","14","29"
"刘牢之","17","12","29"
"者甚众","28","1","29"
"二百里","12","17","29"
"兗二州","29","0","29"
"十余丈","15","14","29"
"为左仆","8","21","29"
"林园听","15","14","29"
"上不许","12","17","29"
"时年六","13","16","29"
"军王玄","15","14","29"
"刘道隆","15","14","29"
"在东宫","10","19","29"
"六十万","14","15","29"
"十三度","13","16","29"
"一千三","14","15","29"
"大明六","15","14","29"
"封泰山","17","12","29"
"七十四","14","15","29"
"陛下应","1","28","29"
"五星犯","29","0","29"
"上将星","4","25","29"
"大臣诛","29","0","29"
"为执政","11","18","29"
"玄篡位","11","18","29"
"于国家","4","25","29"
"三万人","9","20","29"
"沈田子","3","26","29"
"兵将军","8","21","29"
"沈林子","1","28","29"
"御史李","15","14","29"
"太原城","4","25","29"
"子少保","14","15","29"
"翟守素","1","28","29"
"罢诸路","29","0","29"
"钱百万","21","8","29"
"宫视疾","29","0","29"
"命吏部","7","22","29"
"大理少","15","14","29"
"理少卿","15","14","29"
"符三年","11","18","29"
"青苗钱","12","17","29"
"太后垂","13","16","29"
"遣耶律","16","13","29"
"部使者","19","10","29"
"改明年","16","13","29"
"司条例","12","17","29"
"陈师道","5","24","29"
"何执中","12","17","29"
"王燮","29","0","29"
"为湖南","14","15","29"
"张九成","13","16","29"
"汪大猷","1","28","29"
"年以后","1","28","29"
"元兵攻","12","17","29"
"在黄道","1","28","29"
"一曰在","29","0","29"
"梁不通","14","15","29"
"议论不","6","23","29"
"举崇福","15","14","29"
"可以任","1","28","29"
"又上疏","4","25","29"
"论纷纷","1","28","29"
"是上天","1","28","29"
"撒离喝","12","17","29"
"的姓名","0","29","29"
"刚开始","0","29","29"
"去世了","0","29","29"
"的恩泽","0","29","29"
"的灾祸","0","29","29"
"朝廷中","0","29","29"
"第二个","0","29","29"
"以自己","0","29","29"
"一直到","0","29","29"
"制造的","0","29","29"
"并没有","0","29","29"
"又恢复","0","29","29"
"这正是","0","29","29"
"这是不","0","29","29"
"没听说","0","29","29"
"当时王","0","29","29"
"在朝中","0","29","29"
"留在京","0","29","29"
"亲近的","0","29","29"
"后没有","0","29","29"
"一下子","0","29","29"
"差不多","0","29","29"
"来得及","0","29","29"
"的一个","0","29","29"
"以作为","0","29","29"
"的子弟","0","29","29"
"不值得","0","29","29"
"迁移到","0","29","29"
"非常高","0","29","29"
"常高兴","0","29","29"
"于是把","0","29","29"
"众人的","0","29","29"
"请求免","0","29","29"
"他们所","0","29","29"
"任用他","0","29","29"
"求辞职","0","29","29"
"二个儿","0","29","29"
"戴武冠","0","29","29"
"以上官","0","29","29"
"下大雨","0","29","29"
"事兼代","0","29","29"
"赐谥号","0","29","29"
"士的身","0","29","29"
"祖命令","0","29","29"
"派遣将","0","29","29"
"有听说","0","29","29"
"免除租","0","29","29"
"年去世","0","29","29"
"亲自到","0","29","29"
"个月的","0","29","29"
"三年的","0","29","29"
"下诏不","0","29","29"
"请求以","0","29","29"
"宿出现","0","29","29"
"辅佐大","0","29","29"
"佐大臣","0","29","29"
"请朝廷","0","29","29"
"廷派遣","0","29","29"
"赤色云","0","29","29"
"生战争","0","29","29"
"隶属于","0","29","29"
"用他为","0","29","29"
"被敌人","0","29","29"
"下诏让","0","29","29"
"朝廷请","0","29","29"
"名骑兵","0","29","29"
"白星进","0","29","29"
"木工程","0","29","29"
"重新任","0","29","29"
"金军又","0","29","29"
"率兵到","0","29","29"
"宋仁宗","0","29","29"
"观测验","0","29","29"
"测验证","0","29","29"
"星色明","0","29","29"
"被升为","0","29","29"
"张浚说","0","29","29"
"刘王卓","0","29","29"
"有所不","12","16","28"
"高堂隆","15","13","28"
"国家不","4","24","28"
"第视疾","28","0","28"
"中外臣","17","11","28"
"朝重华","28","0","28"
"知江州","21","7","28"
"为护军","16","12","28"
"阳王义","20","8","28"
"王义季","20","8","28"
"广陵王","14","14","28"
"南郡王","14","14","28"
"晋熙王","12","16","28"
"南大将","14","14","28"
"为骠骑","14","14","28"
"为镇西","8","20","28"
"一十五","14","14","28"
"太后崩","28","0","28"
"太康七","14","14","28"
"帝建武","11","17","28"
"元嘉四","13","15","28"
"太康十","13","15","28"
"康十年","13","15","28"
"穆帝升","14","14","28"
"帝升平","14","14","28"
"光三年","14","14","28"
"始七年","13","15","28"
"六年六","14","14","28"
"义熙元","14","14","28"
"咸宁二","15","13","28"
"永初二","13","15","28"
"郡国志","2","26","28"
"为行营","15","13","28"
"上皇太","16","12","28"
"道君皇","14","14","28"
"君皇帝","14","14","28"
"颐浩为","11","17","28"
"吏部员","13","15","28"
"二千余","23","5","28"
"镇江都","14","14","28"
"江都统","14","14","28"
"太后为","8","20","28"
"荆湖北","11","17","28"
"知建康","21","7","28"
"以枢密","22","6","28"
"五百万","13","15","28"
"八宿之","14","14","28"
"宿之外","13","15","28"
"女主忧","27","1","28"
"除旧布","13","15","28"
"旧布新","13","15","28"
"女主有","2","26","28"
"王廷美","18","10","28"
"皇城司","14","14","28"
"太常礼","12","16","28"
"同知贡","17","11","28"
"吏部流","13","15","28"
"部流内","13","15","28"
"州都部","13","15","28"
"迁著作","25","3","28"
"史院编","14","14","28"
"舍人兼","14","14","28"
"户部员","13","15","28"
"屯田员","14","14","28"
"田员外","14","14","28"
"南太守","13","15","28"
"以朝廷","13","15","28"
"以谢天","17","11","28"
"孙季高","9","19","28"
"车驾幸","28","0","28"
"太宰江","14","14","28"
"宰江夏","14","14","28"
"史刘道","13","15","28"
"为都督","11","17","28"
"大雨雪","22","6","28"
"先王之","22","6","28"
"嘉九年","12","16","28"
"十一分","14","14","28"
"三十七","13","15","28"
"百姓有","1","27","28"
"嘉十七","12","16","28"
"昭皇太","13","15","28"
"嘉十八","12","16","28"
"在东井","18","10","28"
"相有忧","4","24","28"
"有大臣","5","23","28"
"是其应","23","5","28"
"将有忧","3","25","28"
"五十年","14","14","28"
"鲁国公","14","14","28"
"心腹之","3","25","28"
"四十余","21","7","28"
"即位以","8","20","28"
"五等侯","14","14","28"
"日之事","22","6","28"
"传于世","14","14","28"
"兵五千","11","17","28"
"胜军节","14","14","28"
"子太师","14","14","28"
"功将士","14","14","28"
"契丹兵","14","14","28"
"越国王","13","15","28"
"兵二万","9","19","28"
"命翰林","4","24","28"
"县官吏","8","20","28"
"诸路提","28","0","28"
"便宜行","24","4","28"
"诏转运","14","14","28"
"减一等","17","11","28"
"卫国公","14","14","28"
"西太一","14","14","28"
"杨崇勋","6","22","28"
"献明肃","14","14","28"
"命御史","6","22","28"
"夏国主","14","14","28"
"令御史","8","20","28"
"三司条","11","17","28"
"执政官","10","18","28"
"顺昌府","13","15","28"
"王安中","12","16","28"
"燕山府","12","16","28"
"知青州","17","11","28"
"守臣刘","13","15","28"
"守臣王","13","15","28"
"辛企宗","14","14","28"
"河南地","15","13","28"
"叶义问","11","17","28"
"嗣秀王","14","14","28"
"有水灾","6","22","28"
"神宗即","9","19","28"
"在中书","9","19","28"
"依旧为","1","27","28"
"祭太庙","1","27","28"
"任三司","1","27","28"
"张去华","4","24","28"
"苏舜钦","7","21","28"
"阁校理","14","14","28"
"下诏赐","2","26","28"
"皇帝在","2","26","28"
"熙宁初","13","15","28"
"吕本中","5","23","28"
"朝中大","1","27","28"
"于是朝","1","27","28"
"扰百姓","1","27","28"
"于是将","1","27","28"
"发生在","0","28","28"
"表面上","0","28","28"
"不安宁","0","28","28"
"因为这","0","28","28"
"的阴谋","0","28","28"
"运行的","0","28","28"
"到这样","0","28","28"
"现在我","0","28","28"
"这些话","0","28","28"
"以没有","0","28","28"
"因为有","0","28","28"
"各部门","0","28","28"
"这时候","0","28","28"
"自己也","0","28","28"
"又有什","0","28","28"
"的全部","0","28","28"
"不久被","0","28","28"
"的文书","0","28","28"
"我没有","0","28","28"
"不愿意","0","28","28"
"一定能","0","28","28"
"是自己","0","28","28"
"是天的","0","28","28"
"的人也","0","28","28"
"听说有","0","28","28"
"的道路","0","28","28"
"归顺朝","0","28","28"
"顺朝廷","0","28","28"
"减少饮","0","28","28"
"少饮食","0","28","28"
"他的建","0","28","28"
"奸邪的","0","28","28"
"受任命","0","28","28"
"晋朝的","0","28","28"
"时隶属","0","28","28"
"兼任侍","0","28","28"
"德初年","0","28","28"
"出京任","0","28","28"
"有人劝","0","28","28"
"从命令","0","28","28"
"他为太","0","28","28"
"照旧担","0","28","28"
"州境内","0","28","28"
"一带的","0","28","28"
"当时皇","0","28","28"
"迁徙到","0","28","28"
"实行的","0","28","28"
"上没有","0","28","28"
"的符瑞","0","28","28"
"北方向","0","28","28"
"我担心","0","28","28"
"不出现","0","28","28"
"军围攻","0","28","28"
"才停止","0","28","28"
"金人的","0","28","28"
"用他当","0","28","28"
"到中书","0","28","28"
"闹市被","0","28","28"
"不上殿","0","28","28"
"打败契","0","28","28"
"黄河决","0","28","28"
"丹派遣","0","28","28"
"都被罢","0","28","28"
"等祝贺","0","28","28"
"罢除各","0","28","28"
"犯减罪","0","28","28"
"各路提","0","28","28"
"夏军攻","0","28","28"
"求退休","0","28","28"
"金国的","0","28","28"
"金军在","0","28","28"
"朝拜重","0","28","28"
"拜重华","0","28","28"
"客星占","0","28","28"
"水土工","0","28","28"
"土工程","0","28","28"
"请求去","0","28","28"
"之罚也","27","0","27"
"社稷之","25","2","27"
"谓之曰","27","0","27"
"孝武皇","13","14","27"
"月八日","3","24","27"
"耕籍田","9","18","27"
"下之事","18","9","27"
"籍其家","26","1","27"
"西阳王","14","13","27"
"王休祐","25","2","27"
"为中护","14","13","27"
"刺史桂","14","13","27"
"史桂阳","14","13","27"
"寸二分","13","14","27"
"五十一","13","14","27"
"十年十","14","13","27"
"太夫人","13","14","27"
"七十一","13","14","27"
"九年正","13","14","27"
"年闰月","15","12","27"
"有星孛","27","0","27"
"元康元","13","14","27"
"延光三","14","13","27"
"元三年","9","18","27"
"泰始五","13","14","27"
"太兴元","13","14","27"
"一百四","7","20","27"
"太子洗","13","14","27"
"国王钱","10","17","27"
"钱若水","12","15","27"
"院学士","13","14","27"
"军都部","13","14","27"
"武成王","14","13","27"
"百官上","14","13","27"
"副都总","14","13","27"
"出宫女","13","14","27"
"弃城走","27","0","27"
"淮东安","14","13","27"
"兼崇政","15","12","27"
"宗正寺","14","13","27"
"湖南北","15","12","27"
"向士璧","12","15","27"
"为福州","6","21","27"
"长三尺","13","14","27"
"按汉永","26","1","27"
"周广顺","13","14","27"
"乾德二","12","15","27"
"大都督","13","14","27"
"御史知","14","13","27"
"史知杂","14","13","27"
"数千里","16","11","27"
"监主簿","13","14","27"
"令左右","11","16","27"
"外诸军","17","10","27"
"天下无","18","9","27"
"谢天下","16","11","27"
"五色云","17","10","27"
"前军将","13","14","27"
"有一定","3","24","27"
"元嘉九","12","15","27"
"六十九","14","13","27"
"三百九","15","12","27"
"于是诏","8","19","27"
"卿大夫","12","15","27"
"春秋传","12","15","27"
"太兴三","15","12","27"
"在宗庙","2","25","27"
"将相有","7","20","27"
"兵万人","22","5","27"
"终身不","15","12","27"
"左右曰","27","0","27"
"有十二","2","25","27"
"朝廷又","1","26","27"
"四十年","13","14","27"
"可以使","1","26","27"
"杜叔宝","3","24","27"
"八千人","11","16","27"
"扬州城","7","20","27"
"吴越王","15","12","27"
"外文武","14","13","27"
"丽国王","14","13","27"
"刘继元","10","17","27"
"宜行事","23","4","27"
"李宗谔","9","18","27"
"政得失","9","18","27"
"加恩百","14","13","27"
"恩百官","14","13","27"
"出内藏","13","14","27"
"将帅者","19","8","27"
"官有差","27","0","27"
"诸路监","27","0","27"
"秦凤路","11","16","27"
"范祖禹","11","16","27"
"龙德宫","13","14","27"
"金人来","19","8","27"
"金人以","20","7","27"
"为金人","19","8","27"
"勤王兵","15","12","27"
"以龙图","15","12","27"
"世忠军","11","16","27"
"以端明","17","10","27"
"统制李","14","13","27"
"秦桧为","7","20","27"
"所部兵","19","8","27"
"军统领","12","15","27"
"夺三官","9","18","27"
"邓友龙","13","14","27"
"填星合","14","13","27"
"太阴犯","27","0","27"
"端平元","13","14","27"
"景祐测","27","0","27"
"祐测验","27","0","27"
"皇后有","2","25","27"
"禧二年","12","15","27"
"封府推","13","14","27"
"理天下","1","26","27"
"宪圣太","4","23","27"
"使陛下","10","17","27"
"不至于","5","22","27"
"恢复中","4","23","27"
"除租税","1","26","27"
"臣安抚","1","26","27"
"有改变","1","26","27"
"美好的","0","27","27"
"其他人","0","27","27"
"不断地","0","27","27"
"的用意","0","27","27"
"的第二","0","27","27"
"也应该","0","27","27"
"旧有的","0","27","27"
"的典章","0","27","27"
"的形势","0","27","27"
"国家政","0","27","27"
"到南方","0","27","27"
"都可以","0","27","27"
"不停地","0","27","27"
"的战争","0","27","27"
"顺应天","0","27","27"
"时间长","0","27","27"
"留下的","0","27","27"
"聚集在","0","27","27"
"是他们","0","27","27"
"方面的","0","27","27"
"能改变","0","27","27"
"在自己","0","27","27"
"个人的","0","27","27"
"到一个","0","27","27"
"道不是","0","27","27"
"皇上在","0","27","27"
"叛乱的","0","27","27"
"投降的","0","27","27"
"帝去世","0","27","27"
"以来的","0","27","27"
"它们的","0","27","27"
"都得到","0","27","27"
"他们自","0","27","27"
"廷诏令","0","27","27"
"宗认为","0","27","27"
"十分高","0","27","27"
"分高兴","0","27","27"
"真宗说","0","27","27"
"贤能的","0","27","27"
"的人一","0","27","27"
"有人认","0","27","27"
"什么事","0","27","27"
"件事情","0","27","27"
"内附朝","0","27","27"
"任命韩","0","27","27"
"不听从","0","27","27"
"就命令","0","27","27"
"每天运","0","27","27"
"各位将","0","27","27"
"议论纷","0","27","27"
"他们有","0","27","27"
"黄龙出","0","27","27"
"太阳中","0","27","27"
"又出现","0","27","27"
"又主管","0","27","27"
"多死亡","0","27","27"
"曾经说","0","27","27"
"不久他","0","27","27"
"任用的","0","27","27"
"用的人","0","27","27"
"又升为","0","27","27"
"次上书","0","27","27"
"皇上派","0","27","27"
"部边境","0","27","27"
"他的亲","0","27","27"
"求恢复","0","27","27"
"人攻打","0","27","27"
"送给他","0","27","27"
"大臣说","0","27","27"
"遣官员","0","27","27"
"命令宰","0","27","27"
"各自推","0","27","27"
"士考试","0","27","27"
"民饥荒","0","27","27"
"罪刑一","0","27","27"
"官不等","0","27","27"
"潭州知","0","27","27"
"讯察囚","0","27","27"
"察囚犯","0","27","27"
"金朝派","0","27","27"
"不久改","0","27","27"
"惑星占","0","27","27"
"发动战","0","27","27"
"星色青","0","27","27"
"授任他","0","27","27"
"州知府","0","27","27"
"纯仁说","0","27","27"
"惟陛下","26","0","26"
"腹心之","22","4","26"
"有过失","6","20","26"
"滕宗谅","5","21","26"
"五日一","22","4","26"
"莫大于","19","7","26"
"仆射王","13","13","26"
"川王义","20","6","26"
"王义庆","20","6","26"
"为宁州","13","13","26"
"左长史","13","13","26"
"尺五寸","11","15","26"
"宣皇帝","13","13","26"
"给五时","13","13","26"
"子中庶","13","13","26"
"万九千","14","12","26"
"魏齐王","14","12","26"
"顺帝升","13","13","26"
"闰三月","9","17","26"
"太康九","13","13","26"
"元徽元","12","14","26"
"徽元年","12","14","26"
"八年十","13","13","26"
"永宁元","13","13","26"
"咸和九","13","13","26"
"六年七","13","13","26"
"建兴二","13","13","26"
"汉旧名","26","0","26"
"事舍人","13","13","26"
"加散骑","20","6","26"
"右厢都","13","13","26"
"宰相范","11","15","26"
"河阳三","13","13","26"
"阳三城","13","13","26"
"三城节","13","13","26"
"城节度","13","13","26"
"难军节","13","13","26"
"领军卫","13","13","26"
"前军都","13","13","26"
"马知节","12","14","26"
"四十四","13","13","26"
"康郡王","13","13","26"
"刘氏为","13","13","26"
"免行钱","12","14","26"
"德安府","14","12","26"
"右司郎","13","13","26"
"为沿江","11","15","26"
"学士王","13","13","26"
"金国通","13","13","26"
"命张俊","14","12","26"
"钱端礼","12","14","26"
"事兼知","14","12","26"
"一千户","6","20","26"
"府参议","13","13","26"
"远军承","13","13","26"
"似道为","12","14","26"
"外宗正","13","13","26"
"猷阁直","16","10","26"
"广顺初","13","13","26"
"营都部","13","13","26"
"淳化三","10","16","26"
"化三年","10","16","26"
"如此则","20","6","26"
"赠侍中","16","10","26"
"景德初","13","13","26"
"一百卷","11","15","26"
"德元年","9","17","26"
"孟宗政","5","21","26"
"安太守","13","13","26"
"刺史庐","12","14","26"
"太祖文","10","16","26"
"为南兗","26","0","26"
"立皇子","13","13","26"
"河南王","13","13","26"
"王子勋","19","7","26"
"沈文秀","13","13","26"
"明八年","10","16","26"
"定天下","8","18","26"
"不能得","7","19","26"
"各一人","15","11","26"
"冬至日","8","18","26"
"会稽王","14","12","26"
"追赠太","6","20","26"
"后临朝","14","12","26"
"为世子","12","14","26"
"不可得","23","3","26"
"元年冬","12","14","26"
"等七人","12","14","26"
"指南车","5","21","26"
"句五字","13","13","26"
"三千余","22","4","26"
"熙七年","11","15","26"
"月五日","5","21","26"
"元和中","24","2","26"
"位以来","9","17","26"
"有黑子","24","2","26"
"陛下在","3","23","26"
"丁母忧","26","0","26"
"未必能","12","14","26"
"廷大臣","2","24","26"
"辞不拜","25","1","26"
"不能容","10","16","26"
"君子小","15","11","26"
"子小人","15","11","26"
"习水战","19","7","26"
"长春殿","13","13","26"
"钱一百","7","19","26"
"州行营","12","14","26"
"讲武池","13","13","26"
"宰相曰","26","0","26"
"雍熙三","10","16","26"
"赵保忠","12","14","26"
"上清宫","13","13","26"
"飨太庙","26","0","26"
"削夺官","3","23","26"
"神御殿","14","12","26"
"税一年","12","14","26"
"为兖州","5","21","26"
"分司南","19","7","26"
"司南京","19","7","26"
"诏百官","17","9","26"
"诏大臣","17","9","26"
"令州县","6","20","26"
"司农寺","11","15","26"
"昭庆军","13","13","26"
"过自新","1","25","26"
"庆远军","13","13","26"
"使金军","11","15","26"
"卫四厢","13","13","26"
"及金人","26","0","26"
"张俊率","3","23","26"
"为江西","11","15","26"
"为浙西","9","17","26"
"同都督","13","13","26"
"郑刚中","13","13","26"
"左司郎","13","13","26"
"瑞庆节","13","13","26"
"禧元年","13","13","26"
"刘德秀","11","15","26"
"太府少","13","13","26"
"府少卿","13","13","26"
"为右正","5","21","26"
"年之后","4","22","26"
"云气犯","26","0","26"
"星动摇","1","25","26"
"宗召见","7","19","26"
"太宗亲","7","19","26"
"人主之","21","5","26"
"下之人","12","14","26"
"可以用","2","24","26"
"祖宗以","16","10","26"
"王文信","2","24","26"
"条例司","11","15","26"
"不能说","1","25","26"
"府通判","1","25","26"
"的士人","0","26","26"
"武帝的","0","26","26"
"却不能","0","26","26"
"的部分","0","26","26"
"等人的","0","26","26"
"相同的","0","26","26"
"大行星","0","26","26"
"没有实","0","26","26"
"天地的","0","26","26"
"的仪式","0","26","26"
"的美德","0","26","26"
"没有改","0","26","26"
"来作为","0","26","26"
"皇帝车","0","26","26"
"记载的","0","26","26"
"时间不","0","26","26"
"人于是","0","26","26"
"样的话","0","26","26"
"而死的","0","26","26"
"中大臣","0","26","26"
"刘王禹","0","26","26"
"没有能","0","26","26"
"的亲戚","0","26","26"
"他们为","0","26","26"
"不改变","0","26","26"
"说什么","0","26","26"
"的功绩","0","26","26"
"而现在","0","26","26"
"是一种","0","26","26"
"有见识","0","26","26"
"没有任","0","26","26"
"做皇帝","0","26","26"
"写了一","0","26","26"
"文帝的","0","26","26"
"儿子王","0","26","26"
"他们全","0","26","26"
"了很长","0","26","26"
"杀死了","0","26","26"
"当地土","0","26","26"
"可以了","0","26","26"
"的财物","0","26","26"
"为国捐","0","26","26"
"国捐躯","0","26","26"
"廷没有","0","26","26"
"他被任","0","26","26"
"为借口","0","26","26"
"自己有","0","26","26"
"对皇帝","0","26","26"
"任命左","0","26","26"
"犯心宿","0","26","26"
"星主管","0","26","26"
"代旧名","0","26","26"
"汉时隶","0","26","26"
"城王刘","0","26","26"
"赵光义","0","26","26"
"汉朝永","0","26","26"
"朝永元","0","26","26"
"德年间","0","26","26"
"召他为","0","26","26"
"进入太","0","26","26"
"有一百","0","26","26"
"待他们","0","26","26"
"听从他","0","26","26"
"熙年间","0","26","26"
"以防备","0","26","26"
"遭水灾","0","26","26"
"兖二州","0","26","26"
"的名义","0","26","26"
"家有忧","0","26","26"
"宫中的","0","26","26"
"使国家","0","26","26"
"当皇帝","0","26","26"
"追赠为","0","26","26"
"发表意","0","26","26"
"表意见","0","26","26"
"在此之","0","26","26"
"此之前","0","26","26"
"就死了","0","26","26"
"听说他","0","26","26"
"此预示","0","26","26"
"乌出现","0","26","26"
"这年秋","0","26","26"
"的忧患","0","26","26"
"抵御敌","0","26","26"
"陆路有","0","26","26"
"妻子儿","0","26","26"
"召回京","0","26","26"
"他的军","0","26","26"
"军队中","0","26","26"
"请求任","0","26","26"
"所作所","0","26","26"
"作所为","0","26","26"
"宗于是","0","26","26"
"前往行","0","26","26"
"各路监","0","26","26"
"到镇江","0","26","26"
"令刘光","0","26","26"
"被罢去","0","26","26"
"动战争","0","26","26"
"星色苍","0","26","26"
"镇星侵","0","26","26"
"任起居","0","26","26"
"者恶之","25","0","25"
"未尝有","24","1","25"
"而用之","23","2","25"
"弩将军","11","14","25"
"随王诞","18","7","25"
"将军建","12","13","25"
"寻阳王","14","11","25"
"秦州刺","12","13","25"
"吕安国","8","17","25"
"万三千","14","11","25"
"进贤一","12","13","25"
"帝永兴","13","12","25"
"熙六年","12","13","25"
"嘉十二","12","13","25"
"八年二","12","13","25"
"汉安帝","13","12","25"
"太康四","13","12","25"
"树连理","12","13","25"
"和八年","12","13","25"
"安四年","13","12","25"
"泰始六","12","13","25"
"泰始七","12","13","25"
"景和元","12","13","25"
"都官郎","13","12","25"
"卫亲军","12","13","25"
"右补阙","13","12","25"
"敏中为","11","14","25"
"西军节","12","13","25"
"为三班","12","13","25"
"抚陕西","15","10","25"
"白时中","10","15","25"
"诏河北","15","10","25"
"孟忠厚","10","15","25"
"守臣李","12","13","25"
"为荆湖","12","13","25"
"前军统","12","13","25"
"庆元府","14","11","25"
"宁武军","13","12","25"
"为太府","7","18","25"
"年田租","13","12","25"
"赠太尉","14","11","25"
"赠中书","16","9","25"
"太祖实","12","13","25"
"祖实录","12","13","25"
"太子右","12","13","25"
"通进银","10","15","25"
"进银台","10","15","25"
"兴国四","9","16","25"
"国四年","9","16","25"
"节度推","13","12","25"
"度推官","13","12","25"
"十五卷","13","12","25"
"知凤翔","15","10","25"
"同修撰","11","14","25"
"为先锋","15","10","25"
"王府教","13","12","25"
"兼淮西","13","12","25"
"入太学","12","13","25"
"西京作","13","12","25"
"彭义斌","5","20","25"
"祖武皇","12","13","25"
"百余里","17","8","25"
"为中军","10","15","25"
"赐其家","22","3","25"
"王遣使","24","1","25"
"左卫率","17","8","25"
"崔道固","10","15","25"
"大明八","10","15","25"
"常珍奇","10","15","25"
"二千三","16","9","25"
"八十九","12","13","25"
"有事于","24","1","25"
"公卿大","6","19","25"
"宁四年","11","14","25"
"府主簿","13","12","25"
"为光禄","7","18","25"
"于明堂","24","1","25"
"国大事","7","18","25"
"太祖之","15","10","25"
"祭祀之","7","18","25"
"宗庙之","13","12","25"
"在襄阳","8","17","25"
"玑玉衡","4","21","25"
"人有忧","4","21","25"
"一年四","8","17","25"
"数百里","16","9","25"
"命为太","2","23","25"
"朝廷将","2","23","25"
"高祖征","6","19","25"
"兵三万","13","12","25"
"行皇帝","13","12","25"
"辞不受","12","13","25"
"辞不就","10","15","25"
"不能制","17","8","25"
"严道育","6","19","25"
"佛齐国","11","14","25"
"知秦州","17","8","25"
"军将士","5","20","25"
"崇德殿","13","12","25"
"丹遣使","25","0","25"
"王继恩","11","14","25"
"宰相以","14","11","25"
"德四年","8","17","25"
"破契丹","15","10","25"
"学士李","12","13","25"
"诸王宫","13","12","25"
"林侍读","13","12","25"
"封府判","12","13","25"
"宗正司","12","13","25"
"以久雨","25","0","25"
"各举所","22","3","25"
"路副总","11","14","25"
"朝献景","25","0","25"
"献景灵","25","0","25"
"试中书","16","9","25"
"以礼部","19","6","25"
"上舍生","10","15","25"
"路提举","12","13","25"
"领枢密","14","11","25"
"郡县官","7","18","25"
"金人再","19","6","25"
"阁门宣","19","6","25"
"武功大","12","13","25"
"功大夫","12","13","25"
"知庐州","18","7","25"
"上书论","11","14","25"
"寿观兼","13","12","25"
"完颜宗","9","16","25"
"有彗星","1","24","25"
"官两转","25","0","25"
"率兵进","1","24","25"
"李知孝","9","16","25"
"十年之","14","11","25"
"靖康之","10","15","25"
"千里之","8","17","25"
"惑守之","25","0","25"
"物不成","9","16","25"
"不利于","9","16","25"
"人大败","8","17","25"
"光禄寺","13","12","25"
"陛下能","7","18","25"
"试学士","15","10","25"
"朝廷已","8","17","25"
"帝车驾","1","24","25"
"不可行","15","10","25"
"小人之","14","11","25"
"定四年","7","18","25"
"主管官","3","22","25"
"人得以","4","21","25"
"中有人","1","24","25"
"石延年","3","22","25"
"宋敏求","4","21","25"
"几万人","2","23","25"
"刘一止","4","21","25"
"高宗亲","2","23","25"
"朝廷正","1","24","25"
"不是一","0","25","25"
"就得到","0","25","25"
"太阳的","0","25","25"
"现在又","0","25","25"
"应该在","0","25","25"
"嘉年间","0","25","25"
"的人认","0","25","25"
"有军事","0","25","25"
"军事行","0","25","25"
"事行动","0","25","25"
"就不会","0","25","25"
"造就叫","0","25","25"
"百姓中","0","25","25"
"到自己","0","25","25"
"不是这","0","25","25"
"精锐部","0","25","25"
"锐部队","0","25","25"
"是我们","0","25","25"
"到皇帝","0","25","25"
"从没有","0","25","25"
"真正的","0","25","25"
"自己不","0","25","25"
"的都是","0","25","25"
"而不是","0","25","25"
"他们在","0","25","25"
"的朋友","0","25","25"
"能这样","0","25","25"
"一点也","0","25","25"
"皇上大","0","25","25"
"一个多","0","25","25"
"的利益","0","25","25"
"怀疑他","0","25","25"
"他的功","0","25","25"
"的臣子","0","25","25"
"儿子们","0","25","25"
"内外的","0","25","25"
"是我所","0","25","25"
"地百姓","0","25","25"
"服丧期","0","25","25"
"这个意","0","25","25"
"增加了","0","25","25"
"上的人","0","25","25"
"见到他","0","25","25"
"发生的","0","25","25"
"即使有","0","25","25"
"佩铜印","0","25","25"
"一百零","0","25","25"
"犯毕宿","0","25","25"
"下大雪","0","25","25"
"任命吕","0","25","25"
"州设置","0","25","25"
"按汉朝","0","25","25"
"任提举","0","25","25"
"于是不","0","25","25"
"道他的","0","25","25"
"请求归","0","25","25"
"使臣安","0","25","25"
"的亲信","0","25","25"
"有战事","0","25","25"
"刘面力","0","25","25"
"刘休仁","0","25","25"
"请求将","0","25","25"
"战争爆","0","25","25"
"争爆发","0","25","25"
"行殷祭","0","25","25"
"上奏弹","0","25","25"
"治国的","0","25","25"
"辞同上","0","25","25"
"现在东","0","25","25"
"有功劳","0","25","25"
"捕获献","0","25","25"
"白色云","0","25","25"
"恢复他","0","25","25"
"大败敌","0","25","25"
"的意愿","0","25","25"
"礼相待","0","25","25"
"一句话","0","25","25"
"不久因","0","25","25"
"子儿女","0","25","25"
"答皇上","0","25","25"
"称他为","0","25","25"
"的部将","0","25","25"
"市被斩","0","25","25"
"免除各","0","25","25"
"进士考","0","25","25"
"受水灾","0","25","25"
"命令侍","0","25","25"
"百姓租","0","25","25"
"西部边","0","25","25"
"推举可","0","25","25"
"被削夺","0","25","25"
"军知军","0","25","25"
"派遣完","0","25","25"
"削夺三","0","25","25"
"感到很","0","25","25"
"宋高宗","0","25","25"
"九颗星","0","25","25"
"气侵犯","0","25","25"
"么天下","0","25","25"
"颗星叫","0","25","25"
"颗星属","0","25","25"
"退朝后","0","25","25"
"召他入","0","25","25"
"各有差","24","0","24"
"人君子","4","20","24"
"王世子","20","4","24"
"母忧去","24","0","24"
"于是大","6","18","24"
"刺史彭","14","10","24"
"阳王昶","16","8","24"
"王子尚","17","7","24"
"平王景","14","10","24"
"王景素","14","10","24"
"征南大","12","12","24"
"四时朝","12","12","24"
"一万五","5","19","24"
"尺六寸","12","12","24"
"月又犯","12","12","24"
"第四星","12","12","24"
"永兴元","12","12","24"
"星犯轩","6","18","24"
"元十五","12","12","24"
"七年二","12","12","24"
"帝太和","13","11","24"
"嘉七年","9","15","24"
"秦始皇","12","12","24"
"七十八","11","13","24"
"通事舍","12","12","24"
"为安西","10","14","24"
"侍卫亲","11","13","24"
"发运司","12","12","24"
"贤院学","12","12","24"
"石保吉","11","13","24"
"谥曰文","23","1","24"
"为昭文","11","13","24"
"氏为贤","12","12","24"
"为贤妃","12","12","24"
"英宗即","8","16","24"
"宗室子","9","15","24"
"郭仲荀","12","12","24"
"高邮军","11","13","24"
"两浙路","12","12","24"
"统制刘","12","12","24"
"为湖北","11","13","24"
"为淮南","13","11","24"
"兴元都","12","12","24"
"元都统","12","12","24"
"淮西制","12","12","24"
"河北路","11","13","24"
"权兵部","17","7","24"
"郎兼侍","12","12","24"
"食邑五","13","11","24"
"迁兵部","21","3","24"
"于会稽","11","13","24"
"今年田","13","11","24"
"权户部","17","7","24"
"尚书刘","13","11","24"
"拜中书","22","2","24"
"判河南","15","9","24"
"常礼院","10","14","24"
"知天雄","13","11","24"
"兴国三","10","14","24"
"西上阁","22","2","24"
"为学士","16","8","24"
"元昊反","15","9","24"
"观察推","12","12","24"
"察推官","12","12","24"
"钱四十","13","11","24"
"臣不敢","16","8","24"
"权刑部","16","8","24"
"咸平初","12","12","24"
"宽民力","15","9","24"
"兼四川","13","11","24"
"京作坊","12","12","24"
"周显德","12","12","24"
"为百姓","5","19","24"
"司徒王","13","11","24"
"州主簿","13","11","24"
"参军王","13","11","24"
"参军刘","12","12","24"
"赵伦之","7","17","24"
"军大将","11","13","24"
"祖文皇","12","12","24"
"遵考为","13","11","24"
"辛卯朔","24","0","24"
"将军彭","13","11","24"
"南彭城","12","12","24"
"为使持","15","9","24"
"将军陈","12","12","24"
"三百年","12","12","24"
"五千余","17","7","24"
"子舍人","11","13","24"
"五星聚","13","11","24"
"嘉十一","11","13","24"
"博士徐","12","12","24"
"四方之","18","6","24"
"有成功","4","20","24"
"献皇后","9","15","24"
"六十三","12","12","24"
"太后不","13","11","24"
"武帝时","5","19","24"
"四海之","8","16","24"
"彗星见","24","0","24"
"五诸侯","12","12","24"
"六年四","12","12","24"
"王国宝","12","12","24"
"刘怀肃","3","21","24"
"嘉十四","10","14","24"
"可以为","8","16","24"
"九年五","12","12","24"
"言之不","10","14","24"
"然不能","3","21","24"
"丙子朔","24","0","24"
"有可以","5","19","24"
"其二子","18","6","24"
"迁太子","21","3","24"
"兵三千","11","13","24"
"遣将领","1","23","24"
"李重进","10","14","24"
"紫宸殿","23","1","24"
"赵普为","8","16","24"
"谓宰相","24","0","24"
"为镇江","8","16","24"
"读书人","2","22","24"
"太清楼","12","12","24"
"静海军","12","12","24"
"宗庙庭","14","10","24"
"钦若为","11","13","24"
"恤其家","14","10","24"
"有谋略","4","20","24"
"诏中书","15","9","24"
"为平章","4","20","24"
"唃厮啰","24","0","24"
"副都知","12","12","24"
"军国大","5","19","24"
"承明殿","12","12","24"
"司农卿","12","12","24"
"乾元节","12","12","24"
"于景灵","20","4","24"
"奉慈庙","12","12","24"
"特奏名","12","12","24"
"内东门","12","12","24"
"知延州","14","10","24"
"荆门军","12","12","24"
"泰军节","12","12","24"
"诏大理","14","10","24"
"路允迪","12","12","24"
"文虚中","13","11","24"
"命资政","1","23","24"
"为徽猷","10","14","24"
"靖康初","12","12","24"
"为右司","8","16","24"
"张浚以","14","10","24"
"沈与求","12","12","24"
"以显谟","14","10","24"
"王次翁","11","13","24"
"安丰军","12","12","24"
"士兼侍","12","12","24"
"明年为","12","12","24"
"小学教","12","12","24"
"浙东提","12","12","24"
"枣阳军","12","12","24"
"军大败","2","22","24"
"梁成大","9","15","24"
"浙东安","12","12","24"
"寺主簿","12","12","24"
"全子才","10","14","24"
"项安世","4","20","24"
"提举临","12","12","24"
"举临安","12","12","24"
"冲佑观","11","13","24"
"武密书","17","7","24"
"年举进","22","2","24"
"又上书","5","19","24"
"户部判","12","12","24"
"部判官","12","12","24"
"逆不道","7","17","24"
"是宰相","2","22","24"
"禄寺丞","12","12","24"
"有人敢","1","23","24"
"宰相不","9","15","24"
"以保全","3","21","24"
"秦桧死","4","20","24"
"事情不","1","23","24"
"绍兴七","2","22","24"
"兴七年","2","22","24"
"改年号","1","23","24"
"他认为","0","24","24"
"规定的","0","24","24"
"会发生","0","24","24"
"产生的","0","24","24"
"各种事","0","24","24"
"太阳在","0","24","24"
"一定的","0","24","24"
"所做的","0","24","24"
"对应的","0","24","24"
"地方的","0","24","24"
"命令大","0","24","24"
"的日期","0","24","24"
"没有记","0","24","24"
"的一些","0","24","24"
"种说法","0","24","24"
"时没有","0","24","24"
"没有应","0","24","24"
"赏给他","0","24","24"
"自己说","0","24","24"
"的政治","0","24","24"
"多余的","0","24","24"
"我们这","0","24","24"
"将帅的","0","24","24"
"朝处理","0","24","24"
"的亲属","0","24","24"
"灭亡的","0","24","24"
"的运行","0","24","24"
"长大后","0","24","24"
"亲自去","0","24","24"
"的例子","0","24","24"
"严重的","0","24","24"
"的民众","0","24","24"
"职的人","0","24","24"
"个多月","0","24","24"
"如果我","0","24","24"
"官府的","0","24","24"
"上命令","0","24","24"
"超过了","0","24","24"
"各路军","0","24","24"
"的表现","0","24","24"
"了一些","0","24","24"
"不安定","0","24","24"
"人都被","0","24","24"
"不方便","0","24","24"
"他的祖","0","24","24"
"以说是","0","24","24"
"高祖的","0","24","24"
"写信说","0","24","24"
"下面的","0","24","24"
"神主牌","0","24","24"
"主牌位","0","24","24"
"因母亲","0","24","24"
"这天晚","0","24","24"
"不等的","0","24","24"
"伪齐军","0","24","24"
"朝廷对","0","24","24"
"去他的","0","24","24"
"用兵的","0","24","24"
"力请求","0","24","24"
"的学生","0","24","24"
"他的学","0","24","24"
"到他们","0","24","24"
"召他回","0","24","24"
"指责他","0","24","24"
"他的家","0","24","24"
"被打败","0","24","24"
"戴进贤","0","24","24"
"木星犯","0","24","24"
"豫州的","0","24","24"
"南各州","0","24","24"
"左承相","0","24","24"
"文天样","0","24","24"
"任刑部","0","24","24"
"被加官","0","24","24"
"打败他","0","24","24"
"的兵士","0","24","24"
"人共同","0","24","24"
"派遣张","0","24","24"
"不要再","0","24","24"
"人担任","0","24","24"
"北郊祭","0","24","24"
"不久升","0","24","24"
"汉朝的","0","24","24"
"琅王牙","0","24","24"
"的很多","0","24","24"
"知道有","0","24","24"
"都不敢","0","24","24"
"帝诏令","0","24","24"
"又认为","0","24","24"
"军队在","0","24","24"
"人一定","0","24","24"
"举行殷","0","24","24"
"他的妻","0","24","24"
"当时金","0","24","24"
"自率领","0","24","24"
"有瘟疫","0","24","24"
"有答应","0","24","24"
"是大臣","0","24","24"
"的田地","0","24","24"
"奏朝廷","0","24","24"
"自处理","0","24","24"
"宁初年","0","24","24"
"到任后","0","24","24"
"将领们","0","24","24"
"还照旧","0","24","24"
"升为左","0","24","24"
"父亲去","0","24","24"
"败敌军","0","24","24"
"以安定","0","24","24"
"的只有","0","24","24"
"因父亲","0","24","24"
"人民有","0","24","24"
"请求用","0","24","24"
"斌等人","0","24","24"
"骑马射","0","24","24"
"马射箭","0","24","24"
"兵前往","0","24","24"
"军作战","0","24","24"
"园设宴","0","24","24"
"参加进","0","24","24"
"加进士","0","24","24"
"臣来祝","0","24","24"
"派遣李","0","24","24"
"任命陈","0","24","24"
"举可以","0","24","24"
"身体不","0","24","24"
"下诏三","0","24","24"
"担任将","0","24","24"
"高宗在","0","24","24"
"退金军","0","24","24"
"学士身","0","24","24"
"士身份","0","24","24"
"求离职","0","24","24"
"秦桧说","0","24","24"
"到重华","0","24","24"
"元军攻","0","24","24"
"米价贵","0","24","24"
"任陕西","0","24","24"
"直的人","0","24","24"
"所不能","14","9","23"
"议为允","23","0","23"
"有大丧","15","8","23"
"不可为","23","0","23"
"兵马大","12","11","23"
"太阴入","23","0","23"
"于是有","9","14","23"
"军刘道","8","15","23"
"为冀州","10","13","23"
"慕容延","11","12","23"
"将军南","12","11","23"
"檀和之","11","12","23"
"一百三","8","15","23"
"两梁冠","11","12","23"
"中央大","11","12","23"
"央大星","11","12","23"
"死者十","16","7","23"
"月犯毕","11","12","23"
"七年三","11","12","23"
"十年正","11","12","23"
"月犯太","15","8","23"
"有天子","9","14","23"
"帝永康","12","11","23"
"熙十年","9","14","23"
"明帝青","13","10","23"
"帝青龙","13","10","23"
"元帝永","11","12","23"
"熙九年","10","13","23"
"豫州之","23","0","23"
"东海太","12","11","23"
"殿前副","12","11","23"
"前副都","12","11","23"
"为内侍","11","12","23"
"为集贤","9","14","23"
"环庆路","9","14","23"
"平军节","12","11","23"
"胜非为","10","13","23"
"大使兼","12","11","23"
"常平司","11","12","23"
"淮东总","11","12","23"
"东总领","11","12","23"
"食邑一","6","17","23"
"以吴潜","12","11","23"
"赵葵为","6","17","23"
"邑五百","13","10","23"
"为京西","10","13","23"
"孙虎臣","8","15","23"
"邵武军","11","12","23"
"赤道外","13","10","23"
"羽林军","9","14","23"
"崇仪使","11","12","23"
"成德军","11","12","23"
"淳化二","10","13","23"
"化二年","10","13","23"
"钱五十","9","14","23"
"天人之","18","5","23"
"散大夫","11","12","23"
"不过一","12","11","23"
"刺史杜","11","12","23"
"八年四","11","12","23"
"不得以","17","6","23"
"安南将","11","12","23"
"步兵校","12","11","23"
"兵校尉","12","11","23"
"诏有司","23","0","23"
"诸侯之","9","14","23"
"戴法兴","10","13","23"
"人之心","12","11","23"
"平四年","7","16","23"
"臣之所","20","3","23"
"八十二","12","11","23"
"水旱灾","4","19","23"
"博士王","12","11","23"
"闰二月","6","17","23"
"太后临","12","11","23"
"太祖庙","10","13","23"
"皇帝为","7","16","23"
"璇玑玉","2","21","23"
"星犯舆","6","17","23"
"为太上","10","13","23"
"右掖门","11","12","23"
"在北方","4","19","23"
"执政者","3","20","23"
"以身免","16","7","23"
"苍白色","1","22","23"
"中有一","2","21","23"
"在河北","7","16","23"
"一百六","9","14","23"
"中从事","11","12","23"
"之不从","9","14","23"
"折树木","1","22","23"
"时宰相","6","17","23"
"在洛阳","2","21","23"
"中有黑","21","2","23"
"北流民","12","11","23"
"时年五","16","7","23"
"祖征讨","1","22","23"
"不得志","12","11","23"
"迁中书","22","1","23"
"有识之","4","19","23"
"三百户","11","12","23"
"因此得","1","22","23"
"用兵之","17","6","23"
"德三年","6","17","23"
"李继勋","9","14","23"
"不受朝","18","5","23"
"等率兵","9","14","23"
"文武臣","11","12","23"
"牛卫大","11","12","23"
"诏诸州","23","0","23"
"以所部","21","2","23"
"琼林苑","11","12","23"
"武安军","11","12","23"
"尊号册","12","11","23"
"潘罗支","11","12","23"
"广南东","11","12","23"
"抚河北","10","13","23"
"单州团","11","12","23"
"宰相王","11","12","23"
"雷允恭","5","18","23"
"常平钱","12","11","23"
"葛怀敏","10","13","23"
"殿听政","4","19","23"
"宁郡王","11","12","23"
"令户部","3","20","23"
"赴都堂","18","5","23"
"赵良嗣","8","15","23"
"李纲为","9","14","23"
"召赴行","21","2","23"
"州制置","12","11","23"
"许景衡","10","13","23"
"岳飞率","1","22","23"
"工部员","12","11","23"
"金国使","6","17","23"
"崇道观","12","11","23"
"为将作","9","14","23"
"令宰相","4","19","23"
"吕祖泰","6","17","23"
"湖南转","10","13","23"
"董居谊","11","12","23"
"而死者","3","20","23"
"王安国","4","19","23"
"论功行","5","18","23"
"宗以来","13","10","23"
"赤云气","23","0","23"
"星去极","23","0","23"
"建隆二","11","12","23"
"隆二年","11","12","23"
"左右亲","3","20","23"
"兵袭击","1","22","23"
"大逆不","7","16","23"
"兵救援","1","22","23"
"为转运","12","11","23"
"朝廷重","2","21","23"
"绍圣初","12","11","23"
"张尧佐","2","21","23"
"而获罪","1","22","23"
"的愿望","0","23","23"
"事情都","0","23","23"
"再除以","0","23","23"
"的思想","0","23","23"
"四方的","0","23","23"
"以知道","0","23","23"
"在前面","0","23","23"
"的观点","0","23","23"
"考查占","0","23","23"
"查占书","0","23","23"
"的尸体","0","23","23"
"同样的","0","23","23"
"这大概","0","23","23"
"皇上因","0","23","23"
"都受到","0","23","23"
"准备好","0","23","23"
"的就是","0","23","23"
"的敌人","0","23","23"
"的安危","0","23","23"
"有这种","0","23","23"
"这样一","0","23","23"
"的各种","0","23","23"
"见识的","0","23","23"
"圣人的","0","23","23"
"臧质的","0","23","23"
"让他当","0","23","23"
"是如此","0","23","23"
"杀掉他","0","23","23"
"的将士","0","23","23"
"没什么","0","23","23"
"他没有","0","23","23"
"边的人","0","23","23"
"的谋划","0","23","23"
"的将帅","0","23","23"
"他们分","0","23","23"
"们这些","0","23","23"
"的忠诚","0","23","23"
"到这个","0","23","23"
"所以他","0","23","23"
"他母亲","0","23","23"
"去世时","0","23","23"
"地土产","0","23","23"
"的老师","0","23","23"
"亮进人","0","23","23"
"过了很","0","23","23"
"离开京","0","23","23"
"邪的人","0","23","23"
"罪的人","0","23","23"
"长江上","0","23","23"
"推荐的","0","23","23"
"实际情","0","23","23"
"际情况","0","23","23"
"三十多","0","23","23"
"改封为","0","23","23"
"青色绶","0","23","23"
"着朝服","0","23","23"
"康年间","0","23","23"
"任命翰","0","23","23"
"下诏监","0","23","23"
"任同知","0","23","23"
"任殿中","0","23","23"
"派遣他","0","23","23"
"臣认为","0","23","23"
"皇上令","0","23","23"
"三个儿","0","23","23"
"自策试","0","23","23"
"停止了","0","23","23"
"治理天","0","23","23"
"太祖的","0","23","23"
"的心腹","0","23","23"
"使臣到","0","23","23"
"张敬儿","0","23","23"
"河地区","0","23","23"
"三十天","0","23","23"
"前面的","0","23","23"
"在斗宿","0","23","23"
"后逝世","0","23","23"
"什么要","0","23","23"
"的事例","0","23","23"
"没有同","0","23","23"
"的称为","0","23","23"
"自认为","0","23","23"
"号为文","0","23","23"
"元年间","0","23","23"
"多少不","0","23","23"
"七十岁","0","23","23"
"君主不","0","23","23"
"一年后","0","23","23"
"人进攻","0","23","23"
"政事的","0","23","23"
"上奏朝","0","23","23"
"谷物不","0","23","23"
"军队驻","0","23","23"
"感到惊","0","23","23"
"交给他","0","23","23"
"出现黑","0","23","23"
"二州的","0","23","23"
"必定会","0","23","23"
"被降为","0","23","23"
"打败敌","0","23","23"
"的脑袋","0","23","23"
"在哪里","0","23","23"
"很不高","0","23","23"
"决辞谢","0","23","23"
"起用他","0","23","23"
"御敌人","0","23","23"
"被召为","0","23","23"
"母亲年","0","23","23"
"派官员","0","23","23"
"到扬州","0","23","23"
"宗命令","0","23","23"
"丹使臣","0","23","23"
"不要轻","0","23","23"
"姓租税","0","23","23"
"升为右","0","23","23"
"自推举","0","23","23"
"任命资","0","23","23"
"因久雨","0","23","23"
"天显现","0","23","23"
"福州知","0","23","23"
"到临安","0","23","23"
"轻举妄","0","23","23"
"举妄动","0","23","23"
"命令杨","0","23","23"
"令岳飞","0","23","23"
"祝贺会","0","23","23"
"买米价","0","23","23"
"不敢说","0","23","23"
"宰相时","0","23","23"
"皇上面","0","23","23"
"提升他","0","23","23"
"任知制","0","23","23"
"身份出","0","23","23"
"的推荐","0","23","23"
"亦如之","22","0","22"
"中兴之","14","8","22"
"好读书","11","11","22"
"无一人","15","7","22"
"一时之","15","7","22"
"敕令所","13","9","22"
"请于朝","21","1","22"
"将军谢","11","11","22"
"军檀道","10","12","22"
"史彭城","13","9","22"
"中书郎","11","11","22"
"东扬州","13","9","22"
"将军齐","11","11","22"
"军齐王","11","11","22"
"进贤两","10","12","22"
"贤两梁","10","12","22"
"一梁冠","11","11","22"
"府司马","13","9","22"
"十五里","10","12","22"
"咸康元","11","11","22"
"第三星","12","10","22"
"永和十","11","11","22"
"十年四","11","11","22"
"元康四","11","11","22"
"九年四","11","11","22"
"孙权黄","11","11","22"
"帝永昌","11","11","22"
"京邑大","22","0","22"
"简文帝","4","18","22"
"义熙九","10","12","22"
"自立为","3","19","22"
"属下邳","12","10","22"
"太尉参","11","11","22"
"尉参军","11","11","22"
"章太守","11","11","22"
"光禄勋","11","11","22"
"成军节","11","11","22"
"为大内","12","10","22"
"朝元殿","11","11","22"
"为殿前","10","12","22"
"王旦为","8","14","22"
"子少师","11","11","22"
"三班奉","12","10","22"
"班奉职","12","10","22"
"诸科及","16","6","22"
"太原府","13","9","22"
"天平军","11","11","22"
"八十三","10","12","22"
"建安郡","11","11","22"
"后王氏","13","9","22"
"郭仲威","9","13","22"
"马家渡","11","11","22"
"折彦质","11","11","22"
"尚书兼","11","11","22"
"京西宣","11","11","22"
"为淮东","9","13","22"
"东提刑","11","11","22"
"主管殿","11","11","22"
"管殿前","11","11","22"
"姜特立","9","13","22"
"淮南转","11","11","22"
"徐清叟","19","3","22"
"淮军马","11","11","22"
"知镇江","16","6","22"
"兼都督","11","11","22"
"京湖安","11","11","22"
"湖安抚","11","11","22"
"钱五百","13","9","22"
"御前诸","14","8","22"
"前诸军","14","8","22"
"陈文龙","11","11","22"
"唐开元","21","1","22"
"成勾巳","5","17","22"
"乾道元","11","11","22"
"行营马","11","11","22"
"营马步","11","11","22"
"义军节","11","11","22"
"作坊使","11","11","22"
"祠部员","11","11","22"
"至道初","11","11","22"
"都军头","11","11","22"
"直舍人","10","12","22"
"判太常","10","12","22"
"入翰林","14","8","22"
"路刑狱","11","11","22"
"院同修","11","11","22"
"权工部","16","6","22"
"宝庆元","11","11","22"
"录院检","11","11","22"
"绍定元","11","11","22"
"太学录","11","11","22"
"军国重","13","9","22"
"杨徽之","8","14","22"
"为西京","10","12","22"
"钦宗即","9","13","22"
"叶梦得","10","12","22"
"有大志","15","7","22"
"兵一千","3","19","22"
"于是与","3","19","22"
"还京师","18","4","22"
"延贤堂","11","11","22"
"于华林","19","3","22"
"鼓吹一","13","9","22"
"加中书","18","4","22"
"为南平","10","12","22"
"元皇后","6","16","22"
"皇后于","16","6","22"
"南北秦","13","9","22"
"都水使","11","11","22"
"水使者","11","11","22"
"十万斛","14","8","22"
"二州诸","12","10","22"
"百年之","16","6","22"
"九十二","11","11","22"
"年二十","17","5","22"
"星聚于","6","16","22"
"十八万","11","11","22"
"分之七","2","20","22"
"元六年","6","16","22"
"元四年","8","14","22"
"祀昊天","12","10","22"
"不得用","7","15","22"
"汉明帝","9","13","22"
"今陛下","18","4","22"
"令有司","17","5","22"
"皇子出","10","12","22"
"人不得","8","14","22"
"未尝不","17","5","22"
"王者恶","22","0","22"
"后郭氏","11","11","22"
"国有忧","17","5","22"
"子有忧","4","18","22"
"征淮南","18","4","22"
"元康九","11","11","22"
"光熙元","11","11","22"
"有数百","4","18","22"
"太子宫","7","15","22"
"白虎见","22","0","22"
"一年五","10","12","22"
"为大臣","14","8","22"
"熙十一","8","14","22"
"城太守","9","13","22"
"治中从","11","11","22"
"中国之","18","4","22"
"三百里","9","13","22"
"戊子朔","20","2","22"
"不知也","22","0","22"
"日中有","22","0","22"
"五十三","11","11","22"
"太祖即","10","12","22"
"除秘书","22","0","22"
"为前锋","12","10","22"
"不能为","11","11","22"
"以宰相","11","11","22"
"太祖赐","2","20","22"
"以文章","10","12","22"
"一旦有","8","14","22"
"至城下","20","2","22"
"不能平","11","11","22"
"上于是","2","20","22"
"南节度","10","12","22"
"沙门岛","11","11","22"
"立功将","11","11","22"
"副使李","11","11","22"
"门副使","11","11","22"
"崇文院","11","11","22"
"诸路转","21","1","22"
"州盗贼","5","17","22"
"指挥军","2","20","22"
"夏人寇","22","0","22"
"湖南路","9","13","22"
"神武军","11","11","22"
"州安抚","10","12","22"
"文宣王","10","12","22"
"灵宫使","11","11","22"
"侍省押","11","11","22"
"省押班","11","11","22"
"御容于","22","0","22"
"南京鸿","11","11","22"
"京鸿庆","11","11","22"
"延福宫","11","11","22"
"军副总","11","11","22"
"路总管","11","11","22"
"陕西都","11","11","22"
"不称职","3","19","22"
"判大宗","11","11","22"
"保信军","11","11","22"
"同天节","11","11","22"
"路帅臣","11","11","22"
"留守司","10","12","22"
"吴居厚","11","11","22"
"命户部","10","12","22"
"金人破","22","0","22"
"统制杨","11","11","22"
"校少傅","10","12","22"
"击金人","13","9","22"
"金人所","15","7","22"
"吕好问","10","12","22"
"神卫四","12","10","22"
"京东路","10","12","22"
"以徽猷","14","8","22"
"巨师古","10","12","22"
"荣州刺","11","11","22"
"为福建","9","13","22"
"参议军","11","11","22"
"令格式","14","8","22"
"博学宏","10","12","22"
"下诏修","1","21","22"
"庆寿礼","11","11","22"
"来贺会","22","0","22"
"金遣使","22","0","22"
"提举佑","11","11","22"
"举佑神","11","11","22"
"官讨论","4","18","22"
"贺瑞庆","11","11","22"
"皇甫斌","11","11","22"
"都统王","11","11","22"
"军驻扎","2","20","22"
"直华文","11","11","22"
"兵数万","14","8","22"
"诏令侍","1","21","22"
"一子为","1","21","22"
"为敷文","3","19","22"
"刘师勇","11","11","22"
"太宗召","7","15","22"
"星不明","7","15","22"
"在太阳","1","21","22"
"白云气","21","1","22"
"白犯之","22","0","22"
"后有忧","7","15","22"
"哲宗立","20","2","22"
"宝二年","8","14","22"
"拜枢密","22","0","22"
"恢复旧","1","21","22"
"语人曰","22","0","22"
"在枢密","4","18","22"
"朋党之","14","8","22"
"陛下也","10","12","22"
"宗受禅","14","8","22"
"平初年","1","21","22"
"朝廷授","1","21","22"
"治所在","1","21","22"
"建炎二","9","13","22"
"炎二年","9","13","22"
"人互相","1","21","22"
"人议论","1","21","22"
"人可以","1","21","22"
"的疾苦","0","22","22"
"造成的","0","22","22"
"月亮在","0","22","22"
"原有的","0","22","22"
"的仪制","0","22","22"
"祭祀时","0","22","22"
"在后面","0","22","22"
"安排在","0","22","22"
"都是一","0","22","22"
"的道德","0","22","22"
"未成年","0","22","22"
"的错误","0","22","22"
"占书可","0","22","22"
"书可知","0","22","22"
"藏起来","0","22","22"
"后来的","0","22","22"
"最终被","0","22","22"
"那么大","0","22","22"
"问他们","0","22","22"
"曾经在","0","22","22"
"动不动","0","22","22"
"的希望","0","22","22"
"是你们","0","22","22"
"这样不","0","22","22"
"最终没","0","22","22"
"北方的","0","22","22"
"的人是","0","22","22"
"告皇上","0","22","22"
"追赠他","0","22","22"
"不到一","0","22","22"
"而自己","0","22","22"
"的关系","0","22","22"
"了自己","0","22","22"
"使自己","0","22","22"
"接受天","0","22","22"
"在外面","0","22","22"
"下官员","0","22","22"
"任侍中","0","22","22"
"战争的","0","22","22"
"们全部","0","22","22"
"的重任","0","22","22"
"委托给","0","22","22"
"免除两","0","22","22"
"弃盟约","0","22","22"
"们没有","0","22","22"
"举考试","0","22","22"
"人果然","0","22","22"
"了这种","0","22","22"
"请求留","0","22","22"
"请求到","0","22","22"
"的老百","0","22","22"
"天早晨","0","22","22"
"三百多","0","22","22"
"离开了","0","22","22"
"任命右","0","22","22"
"任命吏","0","22","22"
"又攻陷","0","22","22"
"他升为","0","22","22"
"几百人","0","22","22"
"请求出","0","22","22"
"人率领","0","22","22"
"自己率","0","22","22"
"从他的","0","22","22"
"京城的","0","22","22"
"各州郡","0","22","22"
"使者前","0","22","22"
"超过一","0","22","22"
"各将领","0","22","22"
"之去世","0","22","22"
"不上朝","0","22","22"
"亲自策","0","22","22"
"平年间","0","22","22"
"没有过","0","22","22"
"令各州","0","22","22"
"近年来","0","22","22"
"元和年","0","22","22"
"以此来","0","22","22"
"理政务","0","22","22"
"时皇帝","0","22","22"
"己的儿","0","22","22"
"是君主","0","22","22"
"于皇上","0","22","22"
"施行的","0","22","22"
"们不能","0","22","22"
"大夫的","0","22","22"
"认为天","0","22","22"
"得到皇","0","22","22"
"的乐舞","0","22","22"
"门上奏","0","22","22"
"是停止","0","22","22"
"符合礼","0","22","22"
"的士大","0","22","22"
"担任宰","0","22","22"
"有军队","0","22","22"
"从皇帝","0","22","22"
"仅仅是","0","22","22"
"现于南","0","22","22"
"这些地","0","22","22"
"送到朝","0","22","22"
"回到家","0","22","22"
"万军队","0","22","22"
"队驻扎","0","22","22"
"朝廷就","0","22","22"
"遭受兵","0","22","22"
"来进攻","0","22","22"
"七颗星","0","22","22"
"他的心","0","22","22"
"还未到","0","22","22"
"于是停","0","22","22"
"因战功","0","22","22"
"城逃跑","0","22","22"
"对朝廷","0","22","22"
"领部队","0","22","22"
"的危害","0","22","22"
"坚持不","0","22","22"
"亲年老","0","22","22"
"关系到","0","22","22"
"挽留他","0","22","22"
"讨伐李","0","22","22"
"理国事","0","22","22"
"得到答","0","22","22"
"到答复","0","22","22"
"大赦全","0","22","22"
"赦全国","0","22","22"
"庙附祭","0","22","22"
"录用他","0","22","22"
"上官员","0","22","22"
"侵犯边","0","22","22"
"到赵元","0","22","22"
"宫探病","0","22","22"
"皇上问","0","22","22"
"白天显","0","22","22"
"没得到","0","22","22"
"到楚州","0","22","22"
"罢免他","0","22","22"
"恢复国","0","22","22"
"孝宗说","0","22","22"
"朱熹的","0","22","22"
"五星侵","0","22","22"
"景佑观","0","22","22"
"佑观测","0","22","22"
"星离极","0","22","22"
"公大人","0","22","22"
"并占据","0","22","22"
"那么战","0","22","22"
"年考中","0","22","22"
"升为秘","0","22","22"
"富弼说","0","22","22"
"高祖曰","21","0","21"
"至江陵","20","1","21"
"司马迁","7","14","21"
"自此以","10","11","21"
"等四人","11","10","21"
"丁酉朔","21","0","21"
"嘉纳之","20","1","21"
"丁内艰","21","0","21"
"不能与","4","17","21"
"南郡太","9","12","21"
"秋八月","10","11","21"
"思话为","10","11","21"
"进号征","18","3","21"
"史沈攸","11","10","21"
"北秦州","9","12","21"
"徒左长","11","10","21"
"杜幼文","9","12","21"
"昭太后","11","10","21"
"贤一梁","10","11","21"
"圣人出","10","11","21"
"十五分","11","10","21"
"明帝景","12","9","21"
"帝景初","12","9","21"
"余万人","10","11","21"
"月入南","11","10","21"
"书令王","10","11","21"
"义熙五","10","11","21"
"犯积尸","11","10","21"
"升明二","10","11","21"
"元嘉六","10","11","21"
"尺八寸","10","11","21"
"义熙三","11","10","21"
"元康五","10","11","21"
"惠帝太","11","10","21"
"豫章太","11","10","21"
"陵王绍","17","4","21"
"州豫州","12","9","21"
"潘美为","6","15","21"
"曹彬为","7","14","21"
"赵安仁","10","11","21"
"成王庙","11","10","21"
"乙未朔","20","1","21"
"蛮来贡","21","0","21"
"陈尧佐","10","11","21"
"彦博为","9","12","21"
"范致虚","9","12","21"
"河南尹","10","11","21"
"为江南","13","8","21"
"知江宁","13","8","21"
"诏辅臣","12","9","21"
"州统制","10","11","21"
"招抚司","10","11","21"
"为主管","2","19","21"
"李心传","8","13","21"
"三年丧","10","11","21"
"邑一千","6","15","21"
"兼给事","11","10","21"
"知临安","17","4","21"
"刘雄飞","7","14","21"
"四川总","11","10","21"
"川总领","11","10","21"
"江南西","6","15","21"
"吕文焕","8","13","21"
"南外宗","11","10","21"
"秦王廷","13","8","21"
"知兴元","16","5","21"
"分司西","15","6","21"
"司西京","15","6","21"
"兴国五","7","14","21"
"国五年","7","14","21"
"判尚书","10","11","21"
"州路转","8","13","21"
"迁户部","21","0","21"
"曹参军","11","10","21"
"承事郎","11","10","21"
"召试馆","15","6","21"
"宁宗即","9","12","21"
"元兴元","11","10","21"
"刘敬宣","10","11","21"
"孟怀玉","5","16","21"
"以司马","12","9","21"
"杜慧度","4","17","21"
"西阳太","11","10","21"
"凡二十","21","0","21"
"中外大","12","9","21"
"至于此","15","6","21"
"给鼓吹","16","5","21"
"淮南太","10","11","21"
"爵一级","12","9","21"
"第十一","9","12","21"
"太尉江","11","10","21"
"尉江夏","11","10","21"
"王子顼","15","6","21"
"闰五月","5","16","21"
"太后于","13","8","21"
"金根车","7","14","21"
"以为天","16","5","21"
"晋以来","8","13","21"
"太子舍","10","11","21"
"长二尺","10","11","21"
"太初历","5","16","21"
"二百六","11","10","21"
"董仲舒","10","11","21"
"陛下既","13","8","21"
"大夫不","10","11","21"
"膺之议","16","5","21"
"延康元","11","10","21"
"受皇帝","2","19","21"
"三年不","9","12","21"
"品以上","9","12","21"
"受朝贺","5","16","21"
"有兵丧","21","0","21"
"大人忧","21","0","21"
"诸侯有","10","11","21"
"闰八月","6","15","21"
"死者数","16","5","21"
"义熙七","9","12","21"
"白兔见","21","0","21"
"周武王","1","20","21"
"合为一","9","12","21"
"元五年","8","13","21"
"六十里","8","13","21"
"九十七","10","11","21"
"五十人","11","10","21"
"为右卫","11","10","21"
"以军法","10","11","21"
"上大怒","9","12","21"
"谥曰忠","20","1","21"
"领所部","4","17","21"
"符彦卿","8","13","21"
"遂幸玉","21","0","21"
"陈洪进","10","11","21"
"诏翰林","15","6","21"
"皇城使","10","11","21"
"相赵普","10","11","21"
"者以闻","21","0","21"
"兵马监","10","11","21"
"路行营","11","10","21"
"兵十万","8","13","21"
"王嗣宗","10","11","21"
"江军节","10","11","21"
"使来贺","21","0","21"
"州录事","11","10","21"
"州黄河","8","13","21"
"州司理","11","10","21"
"命宰臣","18","3","21"
"赐白金","19","2","21"
"付史馆","12","9","21"
"齐贤为","10","11","21"
"宰相吕","10","11","21"
"州饥民","8","13","21"
"下诏罪","11","10","21"
"遣使安","21","0","21"
"诏淮南","12","9","21"
"鄜延路","21","0","21"
"王为皇","8","13","21"
"子少傅","11","10","21"
"周怀政","7","14","21"
"为谏官","12","9","21"
"西兵马","10","11","21"
"朝廷赐","4","17","21"
"知陈州","16","5","21"
"知杭州","14","7","21"
"与执政","11","10","21"
"应诏上","11","10","21"
"诏三省","14","7","21"
"为武泰","8","13","21"
"瀛国公","12","9","21"
"神霄宫","10","11","21"
"皇帝出","1","20","21"
"学生陈","10","11","21"
"胡舜陟","12","9","21"
"弃城遁","21","0","21"
"兵勤王","9","12","21"
"下大理","14","7","21"
"计议官","10","11","21"
"岳飞军","6","15","21"
"释杖以","21","0","21"
"东提举","11","10","21"
"存中为","12","9","21"
"京西转","10","11","21"
"思退为","10","11","21"
"陛下为","10","11","21"
"高宗下","2","19","21"
"御史王","10","11","21"
"共一百","2","19","21"
"下之心","17","4","21"
"相留正","10","11","21"
"嘉定元","10","11","21"
"罗世传","5","16","21"
"知隆兴","16","5","21"
"与大元","13","8","21"
"官一转","21","0","21"
"大元军","9","12","21"
"中原地","3","18","21"
"下御史","17","4","21"
"敌人来","2","19","21"
"迁礼部","21","0","21"
"书言事","2","19","21"
"知湖州","13","8","21"
"中原之","11","10","21"
"陛下一","6","15","21"
"万缗钱","2","19","21"
"召入朝","3","18","21"
"为校书","6","15","21"
"出朝廷","1","20","21"
"满三年","2","19","21"
"是所谓","1","20","21"
"当时大","1","20","21"
"被召用","1","20","21"
"恢复为","1","20","21"
"到这些","0","21","21"
"现在正","0","21","21"
"家的根","0","21","21"
"继承了","0","21","21"
"其他事","0","21","21"
"所得的","0","21","21"
"的意旨","0","21","21"
"朝政的","0","21","21"
"自己所","0","21","21"
"拜见皇","0","21","21"
"是不是","0","21","21"
"的功业","0","21","21"
"没有上","0","21","21"
"也是这","0","21","21"
"一类的","0","21","21"
"用自己","0","21","21"
"得以保","0","21","21"
"改朝换","0","21","21"
"朝换代","0","21","21"
"还不能","0","21","21"
"担心他","0","21","21"
"都非常","0","21","21"
"揽朝政","0","21","21"
"也就是","0","21","21"
"出现日","0","21","21"
"是帝王","0","21","21"
"是出于","0","21","21"
"的物品","0","21","21"
"张畅说","0","21","21"
"人们不","0","21","21"
"上朝处","0","21","21"
"在应该","0","21","21"
"不一定","0","21","21"
"在上面","0","21","21"
"臣子的","0","21","21"
"人人都","0","21","21"
"还是不","0","21","21"
"可以作","0","21","21"
"有任何","0","21","21"
"知道你","0","21","21"
"人告诉","0","21","21"
"的失误","0","21","21"
"平定了","0","21","21"
"了国家","0","21","21"
"的法律","0","21","21"
"应该有","0","21","21"
"的罪恶","0","21","21"
"心中不","0","21","21"
"的祖父","0","21","21"
"这种事","0","21","21"
"除他们","0","21","21"
"上奏自","0","21","21"
"自行决","0","21","21"
"了这一","0","21","21"
"宋朝的","0","21","21"
"认为王","0","21","21"
"与自己","0","21","21"
"任地方","0","21","21"
"为父亲","0","21","21"
"到地方","0","21","21"
"因此不","0","21","21"
"意了他","0","21","21"
"没有接","0","21","21"
"有接受","0","21","21"
"的准备","0","21","21"
"了皇帝","0","21","21"
"的财产","0","21","21"
"每天都","0","21","21"
"黑色绶","0","21","21"
"获得白","0","21","21"
"数以万","0","21","21"
"童谣说","0","21","21"
"任命尚","0","21","21"
"为同签","0","21","21"
"二千多","0","21","21"
"官一级","0","21","21"
"以城投","0","21","21"
"宿北面","0","21","21"
"来朝见","0","21","21"
"升任尚","0","21","21"
"领部众","0","21","21"
"登上城","0","21","21"
"右的人","0","21","21"
"等人说","0","21","21"
"秘密地","0","21","21"
"哥哥的","0","21","21"
"被提拔","0","21","21"
"兵一万","0","21","21"
"对待他","0","21","21"
"臣下的","0","21","21"
"刘义真","0","21","21"
"当时刘","0","21","21"
"告诫他","0","21","21"
"为南兖","0","21","21"
"听诉讼","0","21","21"
"致力于","0","21","21"
"传到朝","0","21","21"
"事物的","0","21","21"
"与皇上","0","21","21"
"任命御","0","21","21"
"制定法","0","21","21"
"白色的","0","21","21"
"发生了","0","21","21"
"的北面","0","21","21"
"使用的","0","21","21"
"就是所","0","21","21"
"应该依","0","21","21"
"为母亲","0","21","21"
"下人都","0","21","21"
"的法度","0","21","21"
"守丧期","0","21","21"
"之议论","0","21","21"
"儿子的","0","21","21"
"到国家","0","21","21"
"恢复了","0","21","21"
"没有儿","0","21","21"
"部门上","0","21","21"
"代制度","0","21","21"
"很久以","0","21","21"
"者认为","0","21","21"
"匹马驾","0","21","21"
"奏弹劾","0","21","21"
"每句三","0","21","21"
"失去权","0","21","21"
"大饥荒","0","21","21"
"有利于","0","21","21"
"发生旱","0","21","21"
"百姓因","0","21","21"
"现黑子","0","21","21"
"路有一","0","21","21"
"都水路","0","21","21"
"被调任","0","21","21"
"把这事","0","21","21"
"是敌人","0","21","21"
"有紧急","0","21","21"
"都十分","0","21","21"
"的政绩","0","21","21"
"大夫们","0","21","21"
"有过错","0","21","21"
"又听说","0","21","21"
"请求恢","0","21","21"
"所作为","0","21","21"
"军队大","0","21","21"
"边疆的","0","21","21"
"少不等","0","21","21"
"紫哀殿","0","21","21"
"殿处理","0","21","21"
"荐可以","0","21","21"
"遭受水","0","21","21"
"视病情","0","21","21"
"廷请求","0","21","21"
"军进人","0","21","21"
"下诏两","0","21","21"
"下诏大","0","21","21"
"在押囚","0","21","21"
"蛮攻打","0","21","21"
"打败夏","0","21","21"
"败夏军","0","21","21"
"苏轼说","0","21","21"
"蔡京的","0","21","21"
"扬州知","0","21","21"
"他兼任","0","21","21"
"泉州知","0","21","21"
"久雨不","0","21","21"
"是丧事","0","21","21"
"进入侵","0","21","21"
"入侵犯","0","21","21"
"宗诏令","0","21","21"
"去拜见","0","21","21"
"伐太原","0","21","21"
"皇上于","0","21","21"
"石王圭","0","21","21"
"熙十四","9","11","20"
"议者以","20","0","20"
"世祖即","13","7","20"
"帝不豫","20","0","20"
"诏皇太","12","8","20"
"心之臣","16","4","20"
"又不能","4","16","20"
"从仆射","10","10","20"
"食邑三","10","10","20"
"军行参","11","9","20"
"十年春","10","10","20"
"刺史檀","10","10","20"
"林邑国","7","13","20"
"史萧思","10","10","20"
"刺史徐","10","10","20"
"史王玄","10","10","20"
"军湘东","10","10","20"
"休仁为","10","10","20"
"邵陵王","10","10","20"
"右军将","9","11","20"
"将军褚","11","9","20"
"宣威将","10","10","20"
"四百八","10","10","20"
"二百五","11","9","20"
"岁星入","20","0","20"
"咸和六","9","11","20"
"轩辕大","10","10","20"
"辕大星","10","10","20"
"太和四","9","11","20"
"闰月戊","18","2","20"
"义熙六","10","10","20"
"安二十","11","9","20"
"魏元帝","10","10","20"
"八年六","10","10","20"
"安五年","10","10","20"
"元嘉五","9","11","20"
"帝永宁","10","10","20"
"永嘉元","10","10","20"
"南下邳","10","10","20"
"后汉属","20","0","20"
"属琅邪","10","10","20"
"帝永光","10","10","20"
"黄门郎","10","10","20"
"武信军","10","10","20"
"王仁赡","10","10","20"
"受尊号","10","10","20"
"奉礼郎","10","10","20"
"七十六","10","10","20"
"王博文","3","17","20"
"氏为德","10","10","20"
"为德妃","10","10","20"
"给其家","10","10","20"
"为夫人","8","12","20"
"尚书李","10","10","20"
"李清臣","10","10","20"
"延康殿","10","10","20"
"康殿学","10","10","20"
"皇后王","12","8","20"
"太宰兼","10","10","20"
"宰兼门","10","10","20"
"侍郎张","10","10","20"
"修筑城","1","19","20"
"虞部员","10","10","20"
"副留守","8","12","20"
"制王德","10","10","20"
"西路安","10","10","20"
"兼资善","11","9","20"
"门卫大","10","10","20"
"都府路","9","11","20"
"州布衣","12","8","20"
"湖广总","10","10","20"
"广总领","10","10","20"
"饶虎臣","10","10","20"
"范文虎","10","10","20"
"皮龙荣","10","10","20"
"副都承","10","10","20"
"副使兼","11","9","20"
"知州事","12","8","20"
"生日为","10","10","20"
"镇江军","10","10","20"
"吕文福","9","11","20"
"郭皇后","8","12","20"
"庆元元","10","10","20"
"定二年","6","14","20"
"淮宁府","11","9","20"
"乾德初","10","10","20"
"十二州","11","9","20"
"咸平三","7","13","20"
"国三年","8","12","20"
"左赞善","10","10","20"
"王益柔","4","16","20"
"兴国八","4","16","20"
"国八年","4","16","20"
"观察判","10","10","20"
"察判官","10","10","20"
"差通判","13","7","20"
"直宝文","10","10","20"
"司干办","10","10","20"
"相史弥","10","10","20"
"国子司","10","10","20"
"子司业","10","10","20"
"国重事","11","9","20"
"雍熙中","15","5","20"
"不得其","18","2","20"
"知洪州","11","9","20"
"张孝纯","8","12","20"
"讲武殿","10","10","20"
"为会稽","13","7","20"
"嘉太守","9","11","20"
"史如故","20","0","20"
"并州刺","10","10","20"
"右军参","10","10","20"
"为兗州","20","0","20"
"于是罢","1","19","20"
"镇东将","11","9","20"
"史庐陵","11","9","20"
"平南将","11","9","20"
"元熙元","11","9","20"
"沙王义","16","4","20"
"抚军司","10","10","20"
"杨难当","8","12","20"
"一年春","10","10","20"
"史临川","10","10","20"
"军彭城","11","9","20"
"外戒严","13","7","20"
"为安南","9","11","20"
"硃修之","20","0","20"
"刺史山","10","10","20"
"史山阳","10","10","20"
"刺史巴","10","10","20"
"史巴陵","10","10","20"
"以给事","15","5","20"
"除中书","17","3","20"
"三尺二","10","10","20"
"一年之","2","18","20"
"二分之","3","17","20"
"三百五","10","10","20"
"二百四","10","10","20"
"七年九","10","10","20"
"皇帝所","3","17","20"
"年之丧","15","5","20"
"孝武太","16","4","20"
"丞徐爰","11","9","20"
"以为非","19","1","20"
"宋明帝","8","12","20"
"皇帝于","10","10","20"
"五年九","10","10","20"
"五十余","16","4","20"
"于宫中","12","8","20"
"章皇太","9","11","20"
"不敢以","14","6","20"
"亲耕籍","5","15","20"
"臣下不","4","16","20"
"六年八","10","10","20"
"汉灵帝","10","10","20"
"诏近臣","14","6","20"
"汉曲有","12","8","20"
"客星出","8","12","20"
"仅以身","15","5","20"
"讨司马","10","10","20"
"少帝景","10","10","20"
"帝景平","10","10","20"
"大人有","6","14","20"
"黄昏时","1","19","20"
"识之士","4","16","20"
"义熙八","9","11","20"
"陵王骏","9","11","20"
"白雉见","20","0","20"
"州治中","10","10","20"
"在京口","3","17","20"
"国家危","1","19","20"
"在江南","5","15","20"
"太祖元","11","9","20"
"祖元嘉","11","9","20"
"祖平定","2","18","20"
"赠太傅","15","5","20"
"到洛阳","1","19","20"
"用不足","9","11","20"
"有不可","16","4","20"
"大举北","10","10","20"
"薛常宝","8","12","20"
"有一人","4","16","20"
"不能有","5","15","20"
"率领所","1","19","20"
"自今以","7","13","20"
"以其事","16","4","20"
"于是率","1","19","20"
"里之外","5","15","20"
"官检校","1","19","20"
"诏亲征","10","10","20"
"内外文","10","10","20"
"园宴射","20","0","20"
"教船池","10","10","20"
"极谏科","10","10","20"
"以兵部","16","4","20"
"西川行","10","10","20"
"川行营","10","10","20"
"职方员","10","10","20"
"方员外","10","10","20"
"等六人","8","12","20"
"行军司","10","10","20"
"令中书","7","13","20"
"政事李","9","11","20"
"闻鼓院","10","10","20"
"录其子","20","0","20"
"为保康","6","14","20"
"为保宁","5","15","20"
"诏令有","2","18","20"
"知州张","8","12","20"
"日当食","18","2","20"
"使安抚","20","0","20"
"宗神御","14","6","20"
"河北流","10","10","20"
"边安抚","10","10","20"
"州文学","10","10","20"
"令翰林","4","16","20"
"察在京","11","9","20"
"李遵勖","2","18","20"
"太清宫","10","10","20"
"官一等","16","4","20"
"宗御容","20","0","20"
"天下囚","14","6","20"
"武举人","10","10","20"
"作监主","10","10","20"
"东北方","4","16","20"
"令中外","5","15","20"
"黎州蛮","10","10","20"
"王贻永","5","15","20"
"京东转","9","11","20"
"立战功","7","13","20"
"陕西宣","9","11","20"
"御史吴","10","10","20"
"马光为","7","13","20"
"殿复膳","16","4","20"
"太后在","3","17","20"
"府元龟","10","10","20"
"日一朝","16","4","20"
"为河东","11","9","20"
"奉宁军","10","10","20"
"祖宗法","10","10","20"
"制军马","12","8","20"
"节制司","10","10","20"
"四川财","10","10","20"
"川财赋","10","10","20"
"金人自","17","3","20"
"为浙东","9","11","20"
"学宏词","9","11","20"
"宏词科","9","11","20"
"击败金","4","16","20"
"书郎兼","10","10","20"
"乌陵思","8","12","20"
"陵思谋","8","12","20"
"为侍御","10","10","20"
"常平茶","10","10","20"
"张浚上","4","16","20"
"益国公","10","10","20"
"外四州","10","10","20"
"宽恤诏","10","10","20"
"恤诏令","10","10","20"
"部七司","10","10","20"
"史浩为","10","10","20"
"关外四","9","11","20"
"俊卿为","6","14","20"
"便居住","10","10","20"
"开禧元","10","10","20"
"兵二十","10","10","20"
"太府卿","10","10","20"
"极一百","3","17","20"
"在紫微","7","13","20"
"入犯之","20","0","20"
"多盗贼","1","19","20"
"刘皇后","1","19","20"
"理宗即","9","11","20"
"宝六年","6","14","20"
"今天下","13","7","20"
"不能进","4","16","20"
"宰相后","1","19","20"
"陛下自","10","10","20"
"则可以","10","10","20"
"二百年","10","10","20"
"以为忧","15","5","20"
"上章请","5","15","20"
"州司法","10","10","20"
"为知制","3","17","20"
"绍兴初","10","10","20"
"金人果","10","10","20"
"后才能","1","19","20"
"东提点","9","11","20"
"各不相","2","18","20"
"义之士","5","15","20"
"不容易","1","19","20"
"不能以","10","10","20"
"官不得","3","17","20"
"张致远","4","16","20"
"安石说","1","19","20"
"为不能","1","19","20"
"永乐城","1","19","20"
"有听从","1","19","20"
"国家将","1","19","20"
"绍兴六","1","19","20"
"兴六年","1","19","20"
"刚即位","0","20","20"
"祭祀礼","0","20","20"
"没有了","0","20","20"
"用什么","0","20","20"
"黄白交","0","20","20"
"白交点","0","20","20"
"五大行","0","20","20"
"的意志","0","20","20"
"的情形","0","20","20"
"的这些","0","20","20"
"是对的","0","20","20"
"没有来","0","20","20"
"的典制","0","20","20"
"坚决请","0","20","20"
"决请求","0","20","20"
"共同商","0","20","20"
"不举行","0","20","20"
"为的是","0","20","20"
"有灾祸","0","20","20"
"百姓得","0","20","20"
"的数目","0","20","20"
"能超过","0","20","20"
"没有谁","0","20","20"
"人害怕","0","20","20"
"的灾难","0","20","20"
"有一次","0","20","20"
"这是因","0","20","20"
"有出现","0","20","20"
"们都是","0","20","20"
"的忠心","0","20","20"
"己的职","0","20","20"
"的事业","0","20","20"
"很少有","0","20","20"
"派人送","0","20","20"
"们应该","0","20","20"
"说此事","0","20","20"
"们的罪","0","20","20"
"我知道","0","20","20"
"有人能","0","20","20"
"的人以","0","20","20"
"点也不","0","20","20"
"朝廷给","0","20","20"
"的恩宠","0","20","20"
"被皇上","0","20","20"
"下认为","0","20","20"
"的病情","0","20","20"
"路军队","0","20","20"
"朝廷军","0","20","20"
"廷军队","0","20","20"
"也不会","0","20","20"
"城发生","0","20","20"
"起义军","0","20","20"
"又升任","0","20","20"
"承受天","0","20","20"
"是出自","0","20","20"
"兵进入","0","20","20"
"前代的","0","20","20"
"当地人","0","20","20"
"不要因","0","20","20"
"进贡当","0","20","20"
"贡当地","0","20","20"
"以后不","0","20","20"
"不上奏","0","20","20"
"他的病","0","20","20"
"到回答","0","20","20"
"他回答","0","20","20"
"告诉皇","0","20","20"
"为没有","0","20","20"
"认为很","0","20","20"
"能知道","0","20","20"
"极力请","0","20","20"
"许多人","0","20","20"
"除丧服","0","20","20"
"时一样","0","20","20"
"他们就","0","20","20"
"又发生","0","20","20"
"来朝拜","0","20","20"
"来归顺","0","20","20"
"到德寿","0","20","20"
"侵犯太","0","20","20"
"身份知","0","20","20"
"被调为","0","20","20"
"的司马","0","20","20"
"杀死他","0","20","20"
"天夜晚","0","20","20"
"慢慢地","0","20","20"
"在长江","0","20","20"
"归附的","0","20","20"
"们知道","0","20","20"
"说他们","0","20","20"
"还可以","0","20","20"
"人全部","0","20","20"
"人听说","0","20","20"
"人都感","0","20","20"
"们自己","0","20","20"
"氏去世","0","20","20"
"升为中","0","20","20"
"的军事","0","20","20"
"被免官","0","20","20"
"不要让","0","20","20"
"他回朝","0","20","20"
"没有完","0","20","20"
"开始到","0","20","20"
"去世的","0","20","20"
"的祖先","0","20","20"
"的丧事","0","20","20"
"的旧制","0","20","20"
"完毕后","0","20","20"
"接着又","0","20","20"
"也不敢","0","20","20"
"按照礼","0","20","20"
"的依据","0","20","20"
"祭上帝","0","20","20"
"是晋朝","0","20","20"
"兴年间","0","20","20"
"拒绝了","0","20","20"
"请求下","0","20","20"
"再次上","0","20","20"
"每句四","0","20","20"
"中百姓","0","20","20"
"军打败","0","20","20"
"年幼时","0","20","20"
"说出现","0","20","20"
"白兔出","0","20","20"
"兔出现","0","20","20"
"手下的","0","20","20"
"亲自处","0","20","20"
"征召他","0","20","20"
"过一年","0","20","20"
"害怕他","0","20","20"
"继承他","0","20","20"
"托付给","0","20","20"
"到北方","0","20","20"
"也因此","0","20","20"
"皇上想","0","20","20"
"和百姓","0","20","20"
"太祖说","0","20","20"
"当时他","0","20","20"
"他回到","0","20","20"
"到他家","0","20","20"
"支军队","0","20","20"
"都出自","0","20","20"
"被贬到","0","20","20"
"献给皇","0","20","20"
"推荐给","0","20","20"
"不久兼","0","20","20"
"薛索儿","0","20","20"
"请求投","0","20","20"
"求投降","0","20","20"
"万骑兵","0","20","20"
"是上奏","0","20","20"
"廷下诏","0","20","20"
"罪囚犯","0","20","20"
"诏免除","0","20","20"
"探视病","0","20","20"
"南军队","0","20","20"
"勉励他","0","20","20"
"各路转","0","20","20"
"回答皇","0","20","20"
"五次上","0","20","20"
"年拖欠","0","20","20"
"宗逝世","0","20","20"
"向天地","0","20","20"
"米贩济","0","20","20"
"辽朝派","0","20","20"
"兵进人","0","20","20"
"的禁令","0","20","20"
"祭祀明","0","20","20"
"击金军","0","20","20"
"宁知府","0","20","20"
"门合门","0","20","20"
"学士之","0","20","20"
"飞派遣","0","20","20"
"的门客","0","20","20"
"雨不晴","0","20","20"
"到批准","0","20","20"
"复国土","0","20","20"
"是忧患","0","20","20"
"黄白色","0","20","20"
"帝座位","0","20","20"
"跟从太","0","20","20"
"暗地里","0","20","20"
"被授任","0","20","20"
"上面前","0","20","20"
"他的奏","0","20","20"
"身份为","0","20","20"
"他上奏","0","20","20"
"刘豫的","0","20","20"
"之道也","19","0","19"
"不能救","10","9","19"
"赵伯符","9","10","19"
"无所得","12","7","19"
"为太祖","10","9","19"
"其不可","18","1","19"
"可以得","3","16","19"
"而后可","12","7","19"
"冗从仆","10","9","19"
"贲中郎","10","9","19"
"为南徐","11","8","19"
"为卫将","7","12","19"
"王僧虔","9","10","19"
"武都王","10","9","19"
"丹阳秣","10","9","19"
"阳秣陵","10","9","19"
"将军司","9","10","19"
"龙三年","10","9","19"
"二年闰","9","10","19"
"史司马","9","10","19"
"建安二","10","9","19"
"武帝元","10","9","19"
"隆安四","10","9","19"
"童谣曰","19","0","19"
"始八年","10","9","19"
"升明元","9","10","19"
"帝太安","10","9","19"
"元嘉七","8","11","19"
"九十六","9","10","19"
"属广陵","10","9","19"
"济阴太","9","10","19"
"征南将","10","9","19"
"太宗泰","10","9","19"
"宗泰始","10","9","19"
"三州诸","11","8","19"
"时年三","14","5","19"
"知院事","13","6","19"
"苏易简","8","11","19"
"使李继","9","10","19"
"范廷召","8","11","19"
"任中正","9","10","19"
"为左卫","9","10","19"
"平王李","9","10","19"
"八十六","10","9","19"
"为制置","9","10","19"
"东路安","9","10","19"
"兴国军","9","10","19"
"李允文","9","10","19"
"淮西宣","10","9","19"
"御前军","9","10","19"
"提举官","9","10","19"
"举茶盐","9","10","19"
"建康都","10","9","19"
"下五百","10","9","19"
"以皇太","14","5","19"
"将军孟","9","10","19"
"别之杰","9","10","19"
"江东转","10","9","19"
"康军承","10","9","19"
"事兼太","10","9","19"
"谢深甫","8","11","19"
"元德皇","9","10","19"
"彰德军","9","10","19"
"国史编","10","9","19"
"史编修","10","9","19"
"迁工部","17","2","19"
"刑部郎","10","9","19"
"直昭文","9","10","19"
"知河阳","12","7","19"
"添差通","11","8","19"
"主管侍","9","10","19"
"封魏国","14","5","19"
"非常之","11","8","19"
"武锋军","9","10","19"
"祐二年","16","3","19"
"朝廷遣","18","1","19"
"汉高帝","7","12","19"
"为冠军","11","8","19"
"众数万","14","5","19"
"领水军","4","15","19"
"意以为","3","16","19"
"戊午朔","19","0","19"
"先士卒","8","11","19"
"钱三万","13","6","19"
"子不能","3","16","19"
"一千八","6","13","19"
"东阳太","10","9","19"
"无大小","12","7","19"
"太子即","9","10","19"
"己亥朔","19","0","19"
"营阳王","2","17","19"
"王义欣","16","3","19"
"大司农","10","9","19"
"中舍人","9","10","19"
"义兴太","10","9","19"
"皇子子","9","10","19"
"击破之","19","0","19"
"宪皇太","10","9","19"
"宣太后","9","10","19"
"尊皇后","6","13","19"
"十有四","19","0","19"
"六十律","8","11","19"
"在牵牛","10","9","19"
"司徒府","5","14","19"
"一千二","6","13","19"
"诸侯不","10","9","19"
"见东方","19","0","19"
"为一书","12","7","19"
"议以为","17","2","19"
"服丧三","3","16","19"
"武太元","15","4","19"
"礼官议","15","4","19"
"于东南","10","9","19"
"会稽山","10","9","19"
"元皇帝","10","9","19"
"庙神主","8","11","19"
"政事之","13","6","19"
"宫中有","8","11","19"
"咸宁三","11","8","19"
"汉以来","10","9","19"
"有二十","3","16","19"
"句句三","19","0","19"
"句句四","19","0","19"
"去极百","19","0","19"
"有大兵","16","3","19"
"青龙二","9","10","19"
"占同上","19","0","19"
"岁星合","10","9","19"
"闰十二","4","15","19"
"第五星","9","10","19"
"有哭泣","10","9","19"
"在南斗","7","12","19"
"高祖北","11","8","19"
"太白经","19","0","19"
"率群臣","18","1","19"
"一百九","8","11","19"
"永昌元","10","9","19"
"昌元年","10","9","19"
"辛未朔","19","0","19"
"于郡国","2","17","19"
"甲午朔","19","0","19"
"失其性","18","1","19"
"干宝曰","19","0","19"
"六十余","15","4","19"
"为司马","11","8","19"
"下将有","3","16","19"
"三百万","10","9","19"
"为宁远","6","13","19"
"不自安","18","1","19"
"孔琳之","1","18","19"
"召为太","13","6","19"
"谓人曰","19","0","19"
"孙冲之","4","15","19"
"尚书张","9","10","19"
"以忠义","13","6","19"
"不能保","3","16","19"
"日夜不","6","13","19"
"内外诸","15","4","19"
"可以免","1","18","19"
"水陆并","8","11","19"
"兵来援","13","6","19"
"中流矢","13","6","19"
"北汉军","6","13","19"
"十岁以","3","16","19"
"封府尹","4","15","19"
"来朝贡","6","13","19"
"甲戌朔","19","0","19"
"度使刘","9","10","19"
"丁德裕","9","10","19"
"王昭素","2","17","19"
"士致仕","18","1","19"
"马监押","9","10","19"
"镇海军","9","10","19"
"即位之","6","13","19"
"为三等","9","10","19"
"终南山","4","15","19"
"庚戌朔","19","0","19"
"以上各","5","14","19"
"陕西诸","18","1","19"
"王小波","5","14","19"
"雷有终","9","10","19"
"诏罪己","10","9","19"
"召诸将","13","6","19"
"内藏库","7","12","19"
"纠察在","11","8","19"
"岁以上","3","16","19"
"上供米","10","9","19"
"命诸路","19","0","19"
"各二人","13","6","19"
"陕西经","9","10","19"
"王拱辰","8","11","19"
"同听政","13","6","19"
"京西路","8","11","19"
"御殿复","16","3","19"
"大理卿","9","10","19"
"十有八","16","3","19"
"大有为","13","6","19"
"光禄卿","9","10","19"
"转三官","3","16","19"
"安德军","9","10","19"
"有政绩","4","15","19"
"金人复","19","0","19"
"言金人","19","0","19"
"节制陕","13","6","19"
"制陕西","13","6","19"
"殿策试","2","17","19"
"州守将","4","15","19"
"节制军","11","8","19"
"为神武","8","11","19"
"世忠率","2","17","19"
"张浚在","4","15","19"
"以便宜","18","1","19"
"校少师","9","10","19"
"赵延寿","9","10","19"
"令四川","1","18","19"
"建国公","9","10","19"
"铸钱司","9","10","19"
"诏两淮","13","6","19"
"宁军承","9","10","19"
"浙州县","9","10","19"
"平茶盐","9","10","19"
"纥石烈","12","7","19"
"一百人","1","18","19"
"卢仲贤","7","12","19"
"人上书","4","15","19"
"持不可","15","4","19"
"置使赵","9","10","19"
"朱熹为","4","15","19"
"百官轮","3","16","19"
"御史刘","10","9","19"
"开言路","6","13","19"
"武要略","10","9","19"
"都统张","10","9","19"
"德秀为","5","14","19"
"赵邦永","7","12","19"
"为司农","4","15","19"
"安府洞","10","9","19"
"府洞霄","10","9","19"
"元兵至","15","4","19"
"在北斗","7","12","19"
"号令不","9","10","19"
"极九十","10","9","19"
"旧去极","19","0","19"
"极八十","10","9","19"
"臣作乱","2","17","19"
"向太后","1","18","19"
"光宗即","5","14","19"
"五年进","12","7","19"
"潜善等","9","10","19"
"臣之间","4","15","19"
"给宰相","2","17","19"
"任河北","1","18","19"
"朝廷于","2","17","19"
"不能胜","4","15","19"
"兼史馆","11","8","19"
"姚仲孙","1","18","19"
"遭父丧","1","18","19"
"祖宗时","7","12","19"
"孝宗皇","1","18","19"
"人相继","3","16","19"
"大败金","2","17","19"
"所不至","11","8","19"
"刘勉之","3","16","19"
"在天下","1","18","19"
"前一年","1","18","19"
"建炎三","5","14","19"
"炎三年","5","14","19"
"都不知","1","18","19"
"是恢复","1","18","19"
"知州兼","1","18","19"
"梅尧臣","1","18","19"
"纯仁曰","19","0","19"
"安石曰","19","0","19"
"免役法","3","16","19"
"光世军","6","13","19"
"与秦桧","4","15","19"
"于是召","2","17","19"
"下诏命","1","18","19"
"来越多","0","19","19"
"贤明的","0","19","19"
"的器物","0","19","19"
"的历法","0","19","19"
"也不知","0","19","19"
"的大小","0","19","19"
"同商议","0","19","19"
"皇上也","0","19","19"
"明堂祭","0","19","19"
"现在皇","0","19","19"
"元嘉年","0","19","19"
"的文字","0","19","19"
"的功德","0","19","19"
"仪仗队","0","19","19"
"应当是","0","19","19"
"是现在","0","19","19"
"如果这","0","19","19"
"不明白","0","19","19"
"的谋略","0","19","19"
"预示着","0","19","19"
"二天早","0","19","19"
"继承帝","0","19","19"
"近的人","0","19","19"
"是这个","0","19","19"
"一直没","0","19","19"
"的指挥","0","19","19"
"朱修之","0","19","19"
"很清楚","0","19","19"
"幸的人","0","19","19"
"如果你","0","19","19"
"所以我","0","19","19"
"出自己","0","19","19"
"对百姓","0","19","19"
"些都是","0","19","19"
"中的人","0","19","19"
"住的地","0","19","19"
"没有结","0","19","19"
"于是用","0","19","19"
"如果他","0","19","19"
"下人的","0","19","19"
"不能改","0","19","19"
"之人的","0","19","19"
"到了这","0","19","19"
"果没有","0","19","19"
"被重新","0","19","19"
"诉他们","0","19","19"
"作威作","0","19","19"
"威作福","0","19","19"
"反叛的","0","19","19"
"远的地","0","19","19"
"上面的","0","19","19"
"虽然没","0","19","19"
"哥的儿","0","19","19"
"道他们","0","19","19"
"是不可","0","19","19"
"得到朝","0","19","19"
"是当时","0","19","19"
"废除了","0","19","19"
"欺骗皇","0","19","19"
"我们不","0","19","19"
"他一起","0","19","19"
"南方的","0","19","19"
"喜欢他","0","19","19"
"的丧服","0","19","19"
"将自己","0","19","19"
"那么国","0","19","19"
"上的意","0","19","19"
"论认为","0","19","19"
"新任命","0","19","19"
"赏赐给","0","19","19"
"群臣百","0","19","19"
"除职务","0","19","19"
"发动叛","0","19","19"
"动叛乱","0","19","19"
"的利害","0","19","19"
"不认识","0","19","19"
"不一样","0","19","19"
"这样才","0","19","19"
"被赐死","0","19","19"
"王刘铄","0","19","19"
"外官员","0","19","19"
"品官服","0","19","19"
"的长子","0","19","19"
"命令韩","0","19","19"
"唐朝开","0","19","19"
"被立为","0","19","19"
"加官检","0","19","19"
"任工部","0","19","19"
"上赐给","0","19","19"
"十天后","0","19","19"
"是派遣","0","19","19"
"不能这","0","19","19"
"等人在","0","19","19"
"的同党","0","19","19"
"派遣大","0","19","19"
"军到达","0","19","19"
"败他们","0","19","19"
"讨伐他","0","19","19"
"远地区","0","19","19"
"入朝廷","0","19","19"
"扬州的","0","19","19"
"北地区","0","19","19"
"阅军队","0","19","19"
"流行瘟","0","19","19"
"行瘟疫","0","19","19"
"战斗中","0","19","19"
"擢升为","0","19","19"
"京城发","0","19","19"
"他们二","0","19","19"
"举行宴","0","19","19"
"盗贼的","0","19","19"
"必然会","0","19","19"
"时期的","0","19","19"
"交付给","0","19","19"
"记载在","0","19","19"
"也知道","0","19","19"
"更何况","0","19","19"
"然后再","0","19","19"
"当时是","0","19","19"
"儿子为","0","19","19"
"上表说","0","19","19"
"应当以","0","19","19"
"没有后","0","19","19"
"之认为","0","19","19"
"为应当","0","19","19"
"有数十","0","19","19"
"正直之","0","19","19"
"预示天","0","19","19"
"星代表","0","19","19"
"被攻陷","0","19","19"
"替自己","0","19","19"
"二十岁","0","19","19"
"免了他","0","19","19"
"二次出","0","19","19"
"人们认","0","19","19"
"着他的","0","19","19"
"的人有","0","19","19"
"百姓遭","0","19","19"
"这年春","0","19","19"
"没有多","0","19","19"
"当时张","0","19","19"
"的家属","0","19","19"
"阳中出","0","19","19"
"人前往","0","19","19"
"逃跑了","0","19","19"
"不久以","0","19","19"
"个官职","0","19","19"
"报效国","0","19","19"
"效国家","0","19","19"
"一天天","0","19","19"
"与他的","0","19","19"
"有到任","0","19","19"
"命出使","0","19","19"
"慰劳他","0","19","19"
"劝皇上","0","19","19"
"帮助他","0","19","19"
"他推辞","0","19","19"
"没有允","0","19","19"
"皇上任","0","19","19"
"治他的","0","19","19"
"的门下","0","19","19"
"与他交","0","19","19"
"同僚们","0","19","19"
"近郊打","0","19","19"
"郊打猎","0","19","19"
"因贪赃","0","19","19"
"陕西各","0","19","19"
"推举所","0","19","19"
"身份退","0","19","19"
"被贬官","0","19","19"
"退他们","0","19","19"
"赵元翱","0","19","19"
"在崇政","0","19","19"
"率兵前","0","19","19"
"废罢各","0","19","19"
"宗询问","0","19","19"
"后溢号","0","19","19"
"且命令","0","19","19"
"契丹的","0","19","19"
"视察军","0","19","19"
"请求立","0","19","19"
"升一级","0","19","19"
"任宣抚","0","19","19"
"打退金","0","19","19"
"傅等人","0","19","19"
"张浚到","0","19","19"
"皇帝召","0","19","19"
"多次请","0","19","19"
"祝贺天","0","19","19"
"宗朝拜","0","19","19"
"得到批","0","19","19"
"岳飞的","0","19","19"
"谏官的","0","19","19"
"担责任","0","19","19"
"黄帝座","0","19","19"
"被推举","0","19","19"
"赵普的","0","19","19"
"征伐太","0","19","19"
"极力陈","0","19","19"
"朝觐见","0","19","19"
"之谓也","18","0","18"
"以为宜","18","0","18"
"而国家","3","15","18"
"不足为","9","9","18"
"其所以","16","2","18"
"为兵起","18","0","18"
"不能对","13","5","18"
"与诸将","13","5","18"
"刘道规","2","16","18"
"将军道","12","6","18"
"为中领","9","9","18"
"王敬弘","7","11","18"
"征北大","9","9","18"
"刺史臧","9","9","18"
"史臧质","9","9","18"
"永嘉王","10","8","18"
"将军湘","9","9","18"
"王子房","13","5","18"
"刘怀珍","10","8","18"
"以新除","18","0","18"
"将军巴","9","9","18"
"西秦河","9","9","18"
"官尚书","6","12","18"
"十一万","9","9","18"
"到二十","1","17","18"
"怀皇后","8","10","18"
"给四时","9","9","18"
"月犯东","13","5","18"
"九年六","9","9","18"
"咸康二","9","9","18"
"咸康七","9","9","18"
"刺史殷","9","9","18"
"九年三","9","9","18"
"元徽四","8","10","18"
"徽四年","8","10","18"
"致太平","12","6","18"
"安帝延","9","9","18"
"帝延光","9","9","18"
"永和五","9","9","18"
"咸和八","10","8","18"
"八年七","9","9","18"
"咸和四","9","9","18"
"十年五","9","9","18"
"三国时","7","11","18"
"昌太守","10","8","18"
"废帝永","9","9","18"
"殿中郎","9","9","18"
"废帝即","11","7","18"
"亲军马","9","9","18"
"镇安军","9","9","18"
"泰宁军","9","9","18"
"贵州防","8","10","18"
"大内都","9","9","18"
"使潘美","9","9","18"
"枢密承","9","9","18"
"密承旨","9","9","18"
"广平郡","9","9","18"
"马大元","9","9","18"
"礼仪院","9","9","18"
"仁孝皇","9","9","18"
"韩国公","9","9","18"
"李公蕴","9","9","18"
"州蛮来","10","8","18"
"王德用","9","9","18"
"市舶司","8","10","18"
"赐上舍","10","8","18"
"原郡王","9","9","18"
"金吾卫","9","9","18"
"吾卫上","9","9","18"
"京西北","9","9","18"
"西北路","9","9","18"
"兼御营","10","8","18"
"命张浚","4","14","18"
"主管机","9","9","18"
"管机宜","9","9","18"
"元符末","9","9","18"
"西宣谕","9","9","18"
"十有七","17","1","18"
"七人及","9","9","18"
"后为太","5","13","18"
"寿成皇","9","9","18"
"淮东提","9","9","18"
"同时被","1","17","18"
"督视江","9","9","18"
"府参赞","9","9","18"
"都大提","9","9","18"
"何梦然","9","9","18"
"密副都","9","9","18"
"抚司公","9","9","18"
"修武郎","9","9","18"
"曾渊子","8","10","18"
"山阴县","5","13","18"
"尺一寸","8","10","18"
"道二年","5","13","18"
"祁国公","9","9","18"
"恭帝即","7","11","18"
"四方馆","9","9","18"
"军张永","9","9","18"
"以右谏","12","6","18"
"通远军","9","9","18"
"昌言为","9","9","18"
"御前忠","9","9","18"
"供备库","10","8","18"
"知通进","8","10","18"
"知亳州","13","5","18"
"权知开","12","6","18"
"朝请大","9","9","18"
"请大夫","9","9","18"
"太宗不","5","13","18"
"祥符初","9","9","18"
"团练推","9","9","18"
"练推官","9","9","18"
"知大名","10","8","18"
"江南转","9","9","18"
"应宫使","9","9","18"
"所著有","18","0","18"
"录院同","9","9","18"
"西常平","9","9","18"
"江西转","8","10","18"
"朝议大","8","10","18"
"明道宫","9","9","18"
"管侍卫","9","9","18"
"至元十","8","10","18"
"然后可","12","6","18"
"四十卷","9","9","18"
"西提举","9","9","18"
"太祖征","5","13","18"
"显德初","9","9","18"
"不能守","8","10","18"
"七十余","15","3","18"
"永嘉太","8","10","18"
"中兴以","9","9","18"
"人为之","10","8","18"
"幸建康","16","2","18"
"进号镇","17","1","18"
"主于太","15","3","18"
"壬子朔","18","0","18"
"园听讼","15","3","18"
"群臣请","14","4","18"
"大明中","17","1","18"
"拓跋嗣","1","17","18"
"有五色","16","2","18"
"吹一部","13","5","18"
"为左光","8","10","18"
"刺史长","9","9","18"
"史长沙","9","9","18"
"庾登之","7","11","18"
"沈演之","7","11","18"
"侍中王","9","9","18"
"宁蛮校","9","9","18"
"为郢州","9","9","18"
"太守沈","9","9","18"
"海王子","12","6","18"
"阮佃夫","6","12","18"
"嘉十六","8","10","18"
"程天祚","8","10","18"
"为刺史","12","6","18"
"给事黄","9","9","18"
"事黄门","9","9","18"
"侍郎刘","8","10","18"
"陈显达","8","10","18"
"十以上","13","5","18"
"十有二","16","2","18"
"元十四","10","8","18"
"景初历","4","14","18"
"是汉代","2","16","18"
"言事者","17","1","18"
"朝廷所","7","11","18"
"闰九月","4","14","18"
"四年九","9","9","18"
"魏高贵","9","9","18"
"咸宁四","9","9","18"
"于是从","3","15","18"
"事而已","4","14","18"
"百姓之","5","13","18"
"于太祖","11","7","18"
"氏春秋","9","9","18"
"祀孔子","11","7","18"
"三句句","18","0","18"
"极七十","9","9","18"
"人主有","10","8","18"
"犯荧惑","13","5","18"
"兴十二","4","14","18"
"于东方","6","12","18"
"岁星守","15","3","18"
"兵大起","18","0","18"
"永嘉六","9","9","18"
"大将死","8","10","18"
"有乱臣","8","10","18"
"犯哭星","9","9","18"
"白经天","18","0","18"
"嘉十五","8","10","18"
"见郡国","18","0","18"
"之以闻","18","0","18"
"五年八","9","9","18"
"之以献","18","0","18"
"可以知","2","16","18"
"相攻击","3","15","18"
"上表称","3","15","18"
"既不能","9","9","18"
"言不可","16","2","18"
"战有功","12","6","18"
"大中正","9","9","18"
"子兄弟","7","11","18"
"子一人","5","13","18"
"不知是","1","17","18"
"不可守","13","5","18"
"不能尽","6","12","18"
"不敢动","11","7","18"
"朝廷多","3","15","18"
"以国家","5","13","18"
"获甚众","17","1","18"
"王镇之","2","16","18"
"之率领","1","17","18"
"举贤良","11","7","18"
"王罗汉","7","11","18"
"宣徽使","8","10","18"
"度使王","8","10","18"
"南唐主","7","11","18"
"迎春苑","9","9","18"
"畋近郊","18","0","18"
"今年夏","7","11","18"
"年夏税","9","9","18"
"马都部","9","9","18"
"密使王","9","9","18"
"陆并进","7","11","18"
"贺契丹","9","9","18"
"符元年","9","9","18"
"晋天福","9","9","18"
"礼部举","9","9","18"
"部举人","9","9","18"
"石熙载","9","9","18"
"知太原","11","7","18"
"元佐为","7","11","18"
"左右侍","2","16","18"
"除两浙","3","15","18"
"命枢密","6","12","18"
"国来贡","18","0","18"
"在宰相","4","14","18"
"诏户部","13","5","18"
"太常卿","9","9","18"
"毕士安","8","10","18"
"三之一","18","0","18"
"真宗皇","4","14","18"
"灾伤州","11","7","18"
"三万缗","11","7","18"
"御史里","9","9","18"
"史里行","9","9","18"
"宣抚河","9","9","18"
"外臣僚","6","12","18"
"入禁中","15","3","18"
"任知州","1","17","18"
"官弹劾","1","17","18"
"飨明堂","16","2","18"
"君臣上","7","11","18"
"贺辽主","9","9","18"
"辽主生","9","9","18"
"行新法","5","13","18"
"制置三","7","11","18"
"慈圣光","9","9","18"
"圣光献","9","9","18"
"病不能","5","13","18"
"蔡确为","5","13","18"
"子庙庭","9","9","18"
"诏改明","11","7","18"
"为太后","7","11","18"
"走马承","9","9","18"
"马承受","9","9","18"
"三省事","9","9","18"
"邦彦等","9","9","18"
"王即位","7","11","18"
"圣皇帝","10","8","18"
"抚司统","9","9","18"
"兼提举","11","7","18"
"为御营","10","8","18"
"山崇福","9","9","18"
"引兵至","17","1","18"
"统领王","9","9","18"
"至行在","17","1","18"
"下诏亲","5","13","18"
"光世遣","18","0","18"
"遣统领","11","7","18"
"下诏改","1","17","18"
"湖宣抚","8","10","18"
"在临安","4","14","18"
"与金国","4","14","18"
"兵屯驻","1","17","18"
"少卿兼","9","9","18"
"司农少","9","9","18"
"农少卿","9","9","18"
"光世不","11","7","18"
"右司员","9","9","18"
"钱二百","9","9","18"
"秦桧上","9","9","18"
"军器少","9","9","18"
"器少监","9","9","18"
"五万缗","9","9","18"
"行庆寿","9","9","18"
"进奏院","9","9","18"
"总制钱","8","10","18"
"赵彦逾","5","13","18"
"皇子嘉","10","8","18"
"子嘉王","10","8","18"
"雅州蛮","9","9","18"
"李元砺","8","10","18"
"经武要","10","8","18"
"五万人","5","13","18"
"乞归田","18","0","18"
"上疏乞","17","1","18"
"犯权星","9","9","18"
"彭大雅","9","9","18"
"修注官","9","9","18"
"翁应龙","8","10","18"
"令临安","2","16","18"
"孛犯之","18","0","18"
"有土功","18","0","18"
"道不通","11","7","18"
"桥梁不","3","15","18"
"在后宫","1","17","18"
"入内都","9","9","18"
"内都知","9","9","18"
"开禧二","8","10","18"
"世宗征","6","12","18"
"开宝二","8","10","18"
"宝三年","6","12","18"
"判大理","11","7","18"
"对大臣","1","17","18"
"任将作","1","17","18"
"入朝奏","1","17","18"
"迁殿中","18","0","18"
"拜参知","17","1","18"
"至中书","12","6","18"
"真宗亲","2","16","18"
"册府元","9","9","18"
"以文学","11","7","18"
"为朋党","9","9","18"
"有三十","2","16","18"
"陈从易","1","17","18"
"上天降","1","17","18"
"和议不","7","11","18"
"绍兴八","3","15","18"
"兴八年","3","15","18"
"诏令以","1","17","18"
"由此而","8","10","18"
"张国明","5","13","18"
"百姓疾","1","17","18"
"复官职","2","16","18"
"于是攻","1","17","18"
"贤能之","2","16","18"
"建炎初","9","9","18"
"〈王燮","18","0","18"
"王燮〉","18","0","18"
"愤愤不","1","17","18"
"率兵出","1","17","18"
"皇帝时","2","16","18"
"彭忄乇","2","16","18"
"可以成","1","17","18"
"进一步","3","15","18"
"兴十年","2","16","18"
"不能轻","1","17","18"
"令宰臣","1","17","18"
"坚决推","0","18","18"
"女儿嫁","0","18","18"
"儿嫁给","0","18","18"
"出来的","0","18","18"
"都应该","0","18","18"
"民间的","0","18","18"
"也不是","0","18","18"
"所用的","0","18","18"
"的旗帜","0","18","18"
"的时代","0","18","18"
"以得到","0","18","18"
"的品德","0","18","18"
"依照旧","0","18","18"
"说没有","0","18","18"
"令大臣","0","18","18"
"功丧服","0","18","18"
"帝的诏","0","18","18"
"服丧的","0","18","18"
"没有立","0","18","18"
"先王的","0","18","18"
"一件事","0","18","18"
"代理主","0","18","18"
"古时候","0","18","18"
"他们是","0","18","18"
"什么时","0","18","18"
"在没有","0","18","18"
"知道自","0","18","18"
"战争及","0","18","18"
"的局面","0","18","18"
"臣听说","0","18","18"
"他的后","0","18","18"
"说的那","0","18","18"
"什么地","0","18","18"
"时的事","0","18","18"
"这就叫","0","18","18"
"水灾的","0","18","18"
"就会有","0","18","18"
"最终还","0","18","18"
"接受他","0","18","18"
"我请求","0","18","18"
"听说这","0","18","18"
"一般的","0","18","18"
"改变的","0","18","18"
"亡命之","0","18","18"
"命之徒","0","18","18"
"失败后","0","18","18"
"而实际","0","18","18"
"从未有","0","18","18"
"官的人","0","18","18"
"有一点","0","18","18"
"现在如","0","18","18"
"在如果","0","18","18"
"方的人","0","18","18"
"有比这","0","18","18"
"帝没有","0","18","18"
"没有采","0","18","18"
"采纳他","0","18","18"
"没想到","0","18","18"
"最大的","0","18","18"
"将军的","0","18","18"
"都是因","0","18","18"
"现在这","0","18","18"
"的为人","0","18","18"
"也不过","0","18","18"
"先前的","0","18","18"
"的好处","0","18","18"
"住他的","0","18","18"
"的心愿","0","18","18"
"书朝廷","0","18","18"
"我自己","0","18","18"
"这是他","0","18","18"
"的基业","0","18","18"
"升任太","0","18","18"
"了我的","0","18","18"
"国家财","0","18","18"
"应该用","0","18","18"
"在一个","0","18","18"
"得以安","0","18","18"
"骗皇上","0","18","18"
"听从命","0","18","18"
"其中一","0","18","18"
"他们回","0","18","18"
"这是天","0","18","18"
"的故事","0","18","18"
"领大军","0","18","18"
"的案件","0","18","18"
"军队不","0","18","18"
"奏自行","0","18","18"
"科举考","0","18","18"
"是下诏","0","18","18"
"的称号","0","18","18"
"从前的","0","18","18"
"没有发","0","18","18"
"到敌人","0","18","18"
"从了他","0","18","18"
"逃走了","0","18","18"
"未得到","0","18","18"
"鄂州知","0","18","18"
"发生灾","0","18","18"
"有多少","0","18","18"
"们的意","0","18","18"
"由此可","0","18","18"
"此得以","0","18","18"
"攻击他","0","18","18"
"赐给五","0","18","18"
"犯土星","0","18","18"
"熙初年","0","18","18"
"以他为","0","18","18"
"蛮来进","0","18","18"
"母亲是","0","18","18"
"酞阁待","0","18","18"
"削夺一","0","18","18"
"儿子名","0","18","18"
"任淮南","0","18","18"
"命令李","0","18","18"
"任著作","0","18","18"
"任国子","0","18","18"
"谥号忠","0","18","18"
"又侵犯","0","18","18"
"高祖说","0","18","18"
"劝说他","0","18","18"
"心协力","0","18","18"
"率领百","0","18","18"
"任扬州","0","18","18"
"人都说","0","18","18"
"当时任","0","18","18"
"又亲自","0","18","18"
"大军到","0","18","18"
"侵犯南","0","18","18"
"不服从","0","18","18"
"的重要","0","18","18"
"后消失","0","18","18"
"使臣巡","0","18","18"
"不要有","0","18","18"
"王派遣","0","18","18"
"人进犯","0","18","18"
"免除赋","0","18","18"
"军讨伐","0","18","18"
"任命安","0","18","18"
"免除一","0","18","18"
"又转任","0","18","18"
"免除江","0","18","18"
"八十岁","0","18","18"
"下诏给","0","18","18"
"黑色的","0","18","18"
"进行了","0","18","18"
"应该是","0","18","18"
"的天象","0","18","18"
"余上加","0","18","18"
"共二十","0","18","18"
"百官到","0","18","18"
"穿丧服","0","18","18"
"就应当","0","18","18"
"应该加","0","18","18"
"的本义","0","18","18"
"不能让","0","18","18"
"月举行","0","18","18"
"有这个","0","18","18"
"被追赠","0","18","18"
"以表示","0","18","18"
"的下面","0","18","18"
"郊祀的","0","18","18"
"固定的","0","18","18"
"赞他的","0","18","18"
"人都认","0","18","18"
"也应当","0","18","18"
"说皇上","0","18","18"
"有同意","0","18","18"
"以往的","0","18","18"
"是这种","0","18","18"
"处理事","0","18","18"
"不仅仅","0","18","18"
"没有其","0","18","18"
"朝廷追","0","18","18"
"了朝廷","0","18","18"
"三句每","0","18","18"
"现于东","0","18","18"
"方军队","0","18","18"
"将被杀","0","18","18"
"没有攻","0","18","18"
"把这件","0","18","18"
"星出来","0","18","18"
"圣上的","0","18","18"
"获献上","0","18","18"
"白虎出","0","18","18"
"虎出现","0","18","18"
"白乌出","0","18","18"
"有光芒","0","18","18"
"请求增","0","18","18"
"率领一","0","18","18"
"自己请","0","18","18"
"就把他","0","18","18"
"他去世","0","18","18"
"提拔为","0","18","18"
"常害怕","0","18","18"
"他斩首","0","18","18"
"上任命","0","18","18"
"被免职","0","18","18"
"让他回","0","18","18"
"他们以","0","18","18"
"的囚犯","0","18","18"
"一起上","0","18","18"
"南斗星","0","18","18"
"以为他","0","18","18"
"恢复官","0","18","18"
"写诏书","0","18","18"
"功升任","0","18","18"
"人来进","0","18","18"
"臣祈祷","0","18","18"
"贪赃罪","0","18","18"
"州出发","0","18","18"
"州投降","0","18","18"
"获罪被","0","18","18"
"份退休","0","18","18"
"宗曾经","0","18","18"
"诏令两","0","18","18"
"退休的","0","18","18"
"溢号忠","0","18","18"
"政缺失","0","18","18"
"以奖赏","0","18","18"
"举荐可","0","18","18"
"下诏因","0","18","18"
"衔退休","0","18","18"
"宗遗像","0","18","18"
"下诏京","0","18","18"
"司每年","0","18","18"
"体不适","0","18","18"
"分别推","0","18","18"
"复饮食","0","18","18"
"两个月","0","18","18"
"到处罚","0","18","18"
"一起讨","0","18","18"
"西夏军","0","18","18"
"下诏削","0","18","18"
"日朝见","0","18","18"
"勒令停","0","18","18"
"令停职","0","18","18"
"到金国","0","18","18"
"率兵抵","0","18","18"
"兵抵抗","0","18","18"
"到军中","0","18","18"
"金军围","0","18","18"
"张浚的","0","18","18"
"复失地","0","18","18"
"士之职","0","18","18"
"命令吴","0","18","18"
"被降职","0","18","18"
"见孝宗","0","18","18"
"不屈服","0","18","18"
"投降元","0","18","18"
"客星凌","0","18","18"
"承担责","0","18","18"
"北方军","0","18","18"
"星北面","0","18","18"
"么战争","0","18","18"
"从前离","0","18","18"
"前离极","0","18","18"
"不全备","0","18","18"
"个时候","0","18","18"
"当时宰","0","18","18"
"佩服他","0","18","18"
"把此事","0","18","18"
"提拔他","0","18","18"
"王曾说","0","18","18"
"的盗贼","0","18","18"
"弹劾罢","0","18","18"
"正赶上","0","18","18"
"苏轼的","0","18","18"
"有司行","17","0","17"
"时齐王","9","8","17"
"言者论","15","2","17"
"其所为","16","1","17"
"而可以","9","8","17"
"之不可","16","1","17"
"陵王义","13","4","17"
"刺史江","9","8","17"
"镇南将","8","9","17"
"王诞为","9","8","17"
"安东将","9","8","17"
"将军江","9","8","17"
"休若为","7","10","17"
"为江夏","10","7","17"
"史建平","8","9","17"
"熙王燮","9","8","17"
"安成王","8","9","17"
"安国为","4","13","17"
"尺九寸","9","8","17"
"开国子","7","10","17"
"景皇帝","8","9","17"
"尺七寸","9","8","17"
"寸四分","8","9","17"
"太安二","9","8","17"
"犯左角","8","9","17"
"升平五","9","8","17"
"闰月己","15","2","17"
"太元元","8","9","17"
"刺史司","8","9","17"
"星犯天","6","11","17"
"义熙二","8","9","17"
"有圣德","8","9","17"
"元十七","8","9","17"
"安三年","9","8","17"
"西公太","6","11","17"
"晋哀帝","8","9","17"
"太宁元","8","9","17"
"立皇后","8","9","17"
"元徽二","9","8","17"
"徽二年","9","8","17"
"晋陵太","9","8","17"
"南东海","11","6","17"
"为定州","7","10","17"
"张永德","7","10","17"
"政事王","8","9","17"
"为魏国","3","14","17"
"钱三千","10","7","17"
"颍昌府","11","6","17"
"潜善为","8","9","17"
"淮发运","9","8","17"
"陈过庭","8","9","17"
"为建康","3","14","17"
"史馆校","8","9","17"
"馆校勘","8","9","17"
"江东宣","9","8","17"
"东西两","5","12","17"
"为利州","5","12","17"
"以下五","9","8","17"
"夺二官","8","9","17"
"度使李","8","9","17"
"权给事","10","7","17"
"罢四川","11","6","17"
"为太皇","5","12","17"
"陈孝庆","6","11","17"
"兼节制","10","7","17"
"官其一","14","3","17"
"为宝文","5","12","17"
"诏抚谕","12","5","17"
"为军器","4","13","17"
"策应使","8","9","17"
"以下各","8","9","17"
"重庆府","12","5","17"
"权知枢","13","4","17"
"知建宁","12","5","17"
"太府寺","8","9","17"
"宜中为","6","11","17"
"大臣死","9","8","17"
"永嘉郡","8","9","17"
"仁宗为","7","10","17"
"景德二","5","12","17"
"左补阙","10","7","17"
"州都巡","8","9","17"
"司判官","8","9","17"
"累迁尚","15","2","17"
"进龙图","15","2","17"
"十二卷","9","8","17"
"熙宁元","8","9","17"
"三司度","9","8","17"
"朝会要","8","9","17"
"为群牧","10","7","17"
"灵观使","8","9","17"
"权中书","11","6","17"
"定六年","4","13","17"
"韩肖胄","10","7","17"
"人多死","10","7","17"
"城不可","9","8","17"
"以为大","11","6","17"
"于京师","15","2","17"
"一日之","12","5","17"
"班剑二","9","8","17"
"剑二十","9","8","17"
"非其人","16","1","17"
"有异志","17","0","17"
"都督南","9","8","17"
"为彭城","6","11","17"
"车驾亲","15","2","17"
"西中郎","8","9","17"
"祠南郊","17","0","17"
"景平元","9","8","17"
"丽国遣","16","1","17"
"为庶人","13","4","17"
"太守徐","8","9","17"
"领司徒","12","5","17"
"下狱死","16","1","17"
"中丞何","11","6","17"
"刺史竟","9","8","17"
"史竟陵","9","8","17"
"嘉三十","6","11","17"
"安陆王","9","8","17"
"司隶校","8","9","17"
"隶校尉","8","9","17"
"皇后亲","6","11","17"
"南琅邪","11","6","17"
"为左右","6","11","17"
"所未有","12","5","17"
"太后宫","8","9","17"
"者数十","15","2","17"
"为辅国","10","7","17"
"律历志","5","12","17"
"元和二","9","8","17"
"四分历","2","15","17"
"月五星","11","6","17"
"而不得","10","7","17"
"加尊号","8","9","17"
"司马道","6","11","17"
"马道子","6","11","17"
"御史大","7","10","17"
"在江陵","4","13","17"
"二年冬","8","9","17"
"太后以","13","4","17"
"事不可","11","6","17"
"称皇帝","6","11","17"
"传国玺","6","11","17"
"金银器","8","9","17"
"昼夜不","11","6","17"
"在其中","5","12","17"
"得以免","1","16","17"
"大皇帝","8","9","17"
"二百一","8","9","17"
"十余日","16","1","17"
"长一尺","4","13","17"
"臣为乱","17","0","17"
"赤乌十","8","9","17"
"太白守","17","0","17"
"赵王伦","15","2","17"
"填星守","14","3","17"
"永嘉五","8","9","17"
"主恶之","17","0","17"
"于天市","4","13","17"
"星犯太","7","10","17"
"主不安","9","8","17"
"太宗为","8","9","17"
"十余里","14","3","17"
"白乌见","17","0","17"
"白雀二","10","7","17"
"京城内","5","12","17"
"为一体","4","13","17"
"在城下","2","15","17"
"羽虫之","8","9","17"
"相大臣","4","13","17"
"人民多","1","16","17"
"战死者","4","13","17"
"有大功","8","9","17"
"戊申朔","17","0","17"
"丙申朔","17","0","17"
"戊辰朔","17","0","17"
"户一千","8","9","17"
"食邑四","9","8","17"
"为员外","7","10","17"
"桓玄辅","8","9","17"
"称疾不","14","3","17"
"人为官","1","16","17"
"终不能","6","11","17"
"兵深入","10","7","17"
"州从事","9","8","17"
"守石头","2","15","17"
"诸将皆","17","0","17"
"所经过","1","16","17"
"黄河以","1","16","17"
"驾出行","3","14","17"
"不以闻","17","0","17"
"太祖召","3","14","17"
"以功迁","17","0","17"
"南唐进","9","8","17"
"等三十","9","8","17"
"命近臣","17","0","17"
"贡举人","9","8","17"
"命有司","17","0","17"
"后谥曰","17","0","17"
"溺死者","12","5","17"
"契丹于","16","1","17"
"钱有差","17","0","17"
"命参知","9","8","17"
"曹彬等","6","11","17"
"知池州","11","6","17"
"刘廷让","9","8","17"
"为武宁","7","10","17"
"彰信军","9","8","17"
"库副使","9","8","17"
"东上阁","16","1","17"
"为武胜","7","10","17"
"诏申严","10","7","17"
"避正殿","16","1","17"
"任转运","3","14","17"
"于崇政","14","3","17"
"应当在","1","16","17"
"户部使","8","9","17"
"对便殿","14","3","17"
"官二人","8","9","17"
"御史者","11","6","17"
"在京刑","11","6","17"
"京刑狱","11","6","17"
"路钤辖","10","7","17"
"封卫国","12","5","17"
"为天书","12","5","17"
"灾州县","1","16","17"
"政阙失","16","1","17"
"缗钱二","13","4","17"
"安化蛮","8","9","17"
"诏宗室","10","7","17"
"刘六符","6","11","17"
"辅臣曰","17","0","17"
"翰林院","2","15","17"
"温成皇","7","10","17"
"大飨明","15","2","17"
"臣上下","6","11","17"
"青涧城","7","10","17"
"东饥民","7","10","17"
"知邓州","14","3","17"
"以秘书","10","7","17"
"嵬名山","5","12","17"
"广西经","8","9","17"
"大理狱","11","6","17"
"诏奖谕","13","4","17"
"太后听","4","13","17"
"御集英","16","1","17"
"正议大","9","8","17"
"刘正夫","8","9","17"
"花石纲","6","11","17"
"遂宁府","11","6","17"
"金人遣","15","2","17"
"权邦彦","9","8","17"
"大臣以","8","9","17"
"诏三衙","9","8","17"
"万安军","9","8","17"
"兵数千","9","8","17"
"龙神卫","10","7","17"
"御营司","8","9","17"
"抚判官","9","8","17"
"军安置","8","9","17"
"永州居","7","10","17"
"颐浩等","9","8","17"
"王世修","8","9","17"
"预朝政","3","14","17"
"两浙州","8","9","17"
"司郎官","9","8","17"
"西路转","7","10","17"
"为判官","10","7","17"
"败金兵","4","13","17"
"张宗元","8","9","17"
"州兼淮","9","8","17"
"蓝公佐","8","9","17"
"精兵二","9","8","17"
"凤四州","8","9","17"
"来贺天","17","0","17"
"詹大方","8","9","17"
"以集英","9","8","17"
"宰相兼","8","9","17"
"吏部七","10","7","17"
"贺允中","8","9","17"
"御史周","8","9","17"
"抚司干","9","8","17"
"散忠义","8","9","17"
"从太上","9","8","17"
"宣州观","8","9","17"
"时政记","9","8","17"
"安石之","10","7","17"
"知泸州","13","4","17"
"汝愚为","7","10","17"
"慈福宫","7","10","17"
"重明节","9","8","17"
"招集流","5","12","17"
"赵彦呐","8","9","17"
"傅伯成","8","9","17"
"管南京","4","13","17"
"职罢祠","10","7","17"
"慈明殿","8","9","17"
"元兵破","15","2","17"
"淳祐元","14","3","17"
"星出自","9","8","17"
"少监兼","9","8","17"
"伪学之","13","4","17"
"李淳风","7","10","17"
"云气出","7","10","17"
"在房宿","3","14","17"
"堂祭祀","1","16","17"
"皇帝听","1","16","17"
"命中书","4","13","17"
"莫敢言","17","0","17"
"宗大怒","1","16","17"
"左厢都","8","9","17"
"咸平二","7","10","17"
"太宗征","2","15","17"
"率兵攻","2","15","17"
"入朝为","1","16","17"
"治国之","2","15","17"
"朝以来","4","13","17"
"言于朝","17","0","17"
"知审刑","10","7","17"
"由中书","5","12","17"
"召试学","12","5","17"
"在太原","2","15","17"
"王广渊","3","14","17"
"尚气节","5","12","17"
"除端明","15","2","17"
"兴初年","1","16","17"
"台谏之","12","5","17"
"只有一","1","16","17"
"除四川","1","16","17"
"待制知","14","3","17"
"议论时","3","14","17"
"不敢不","5","12","17"
"苟且偷","1","16","17"
"在楚州","3","14","17"
"有为之","11","6","17"
"为根本","4","13","17"
"以恢复","4","13","17"
"有疑问","1","16","17"
"水而死","1","16","17"
"与朝廷","2","15","17"
"任殿前","1","16","17"
"于是进","1","16","17"
"熙宁二","6","11","17"
"论国事","1","16","17"
"臣中有","1","16","17"
"于百姓","1","16","17"
"愤不平","1","16","17"
"的诏命","0","17","17"
"军队到","0","17","17"
"不追究","0","17","17"
"击他们","0","17","17"
"就去世","0","17","17"
"了一百","0","17","17"
"军队一","0","17","17"
"平民百","0","17","17"
"收赋税","0","17","17"
"忧虑的","0","17","17"
"为这样","0","17","17"
"死去的","0","17","17"
"祀礼仪","0","17","17"
"这样说","0","17","17"
"能做到","0","17","17"
"人的意","0","17","17"
"现在所","0","17","17"
"听说过","0","17","17"
"经很久","0","17","17"
"表现出","0","17","17"
"同一天","0","17","17"
"位的人","0","17","17"
"的第一","0","17","17"
"死了人","0","17","17"
"附属于","0","17","17"
"民众的","0","17","17"
"道自己","0","17","17"
"什么来","0","17","17"
"因为我","0","17","17"
"没有军","0","17","17"
"有德行","0","17","17"
"他的手","0","17","17"
"的治所","0","17","17"
"这是什","0","17","17"
"出现大","0","17","17"
"独揽朝","0","17","17"
"都是这","0","17","17"
"不停止","0","17","17"
"这个道","0","17","17"
"前一样","0","17","17"
"终还是","0","17","17"
"过了几","0","17","17"
"因为是","0","17","17"
"因此他","0","17","17"
"直没有","0","17","17"
"的兄弟","0","17","17"
"士兵们","0","17","17"
"很容易","0","17","17"
"送到京","0","17","17"
"的主意","0","17","17"
"我虽然","0","17","17"
"皇上回","0","17","17"
"不是因","0","17","17"
"为这个","0","17","17"
"如果用","0","17","17"
"然可以","0","17","17"
"我们应","0","17","17"
"英明的","0","17","17"
"时候就","0","17","17"
"如果以","0","17","17"
"的时机","0","17","17"
"奏疏说","0","17","17"
"于是和","0","17","17"
"这方面","0","17","17"
"人家的","0","17","17"
"的责任","0","17","17"
"高尚的","0","17","17"
"此更加","0","17","17"
"的身体","0","17","17"
"能因为","0","17","17"
"小儿子","0","17","17"
"帝的恩","0","17","17"
"解除了","0","17","17"
"很大的","0","17","17"
"他的头","0","17","17"
"失败的","0","17","17"
"皇上让","0","17","17"
"的大权","0","17","17"
"上奏的","0","17","17"
"被贬斥","0","17","17"
"人才的","0","17","17"
"这个地","0","17","17"
"将领的","0","17","17"
"的家庭","0","17","17"
"杀掉了","0","17","17"
"世世代","0","17","17"
"世代代","0","17","17"
"或者是","0","17","17"
"看到了","0","17","17"
"不亲自","0","17","17"
"免除他","0","17","17"
"然如此","0","17","17"
"从京城","0","17","17"
"下诏告","0","17","17"
"臣民聚","0","17","17"
"以礼相","0","17","17"
"到宫中","0","17","17"
"种事情","0","17","17"
"察军队","0","17","17"
"不能攻","0","17","17"
"三个人","0","17","17"
"都是他","0","17","17"
"上奏给","0","17","17"
"地方任","0","17","17"
"他们到","0","17","17"
"名义上","0","17","17"
"上对他","0","17","17"
"权的人","0","17","17"
"解除职","0","17","17"
"法的人","0","17","17"
"粮食的","0","17","17"
"么时候","0","17","17"
"几个人","0","17","17"
"他回来","0","17","17"
"了这些","0","17","17"
"得胜利","0","17","17"
"都以为","0","17","17"
"望得到","0","17","17"
"腹之臣","0","17","17"
"的府第","0","17","17"
"兵将领","0","17","17"
"束井宿","0","17","17"
"人口一","0","17","17"
"赵元佐","0","17","17"
"下诏礼","0","17","17"
"下诏河","0","17","17"
"下诏江","0","17","17"
"江陵知","0","17","17"
"陵知府","0","17","17"
"任度支","0","17","17"
"召用为","0","17","17"
"一起到","0","17","17"
"天没有","0","17","17"
"领百官","0","17","17"
"复原职","0","17","17"
"还没到","0","17","17"
"内的人","0","17","17"
"这个时","0","17","17"
"年时间","0","17","17"
"率领精","0","17","17"
"派遣刘","0","17","17"
"知道后","0","17","17"
"因病请","0","17","17"
"朝廷官","0","17","17"
"送信给","0","17","17"
"为一个","0","17","17"
"臣请求","0","17","17"
"大明年","0","17","17"
"年号为","0","17","17"
"出现五","0","17","17"
"出一部","0","17","17"
"十多天","0","17","17"
"守孝期","0","17","17"
"济灾民","0","17","17"
"水泛滥","0","17","17"
"太后去","0","17","17"
"之内的","0","17","17"
"将这些","0","17","17"
"的开始","0","17","17"
"所在的","0","17","17"
"来的人","0","17","17"
"学习的","0","17","17"
"人上奏","0","17","17"
"子没有","0","17","17"
"行宴会","0","17","17"
"在西方","0","17","17"
"上加一","0","17","17"
"观察不","0","17","17"
"方出现","0","17","17"
"运行了","0","17","17"
"有个叫","0","17","17"
"个女儿","0","17","17"
"祀的礼","0","17","17"
"行一次","0","17","17"
"命令中","0","17","17"
"逝世后","0","17","17"
"现在陛","0","17","17"
"下没有","0","17","17"
"官员不","0","17","17"
"皇帝也","0","17","17"
"廷议论","0","17","17"
"害国家","0","17","17"
"以报答","0","17","17"
"应当有","0","17","17"
"有能够","0","17","17"
"承他的","0","17","17"
"不清楚","0","17","17"
"起草诏","0","17","17"
"地对应","0","17","17"
"宿代表","0","17","17"
"地有战","0","17","17"
"才消失","0","17","17"
"民饥饿","0","17","17"
"于是向","0","17","17"
"这两个","0","17","17"
"安定下","0","17","17"
"是天意","0","17","17"
"川王刘","0","17","17"
"人就会","0","17","17"
"了白雉","0","17","17"
"的耻辱","0","17","17"
"给别人","0","17","17"
"的人多","0","17","17"
"不让他","0","17","17"
"兵驻扎","0","17","17"
"实际是","0","17","17"
"间没有","0","17","17"
"连根拔","0","17","17"
"吹折树","0","17","17"
"作为自","0","17","17"
"个国家","0","17","17"
"些地区","0","17","17"
"安帝时","0","17","17"
"挥军队","0","17","17"
"他又说","0","17","17"
"非常害","0","17","17"
"怎么敢","0","17","17"
"每次都","0","17","17"
"出来迎","0","17","17"
"在敌人","0","17","17"
"怕不能","0","17","17"
"们二人","0","17","17"
"改过自","0","17","17"
"优厚的","0","17","17"
"辞谢不","0","17","17"
"的女婿","0","17","17"
"不适宜","0","17","17"
"军统帅","0","17","17"
"三千多","0","17","17"
"设置各","0","17","17"
"有所作","0","17","17"
"厌恶他","0","17","17"
"见到的","0","17","17"
"属官吏","0","17","17"
"见不合","0","17","17"
"副长官","0","17","17"
"朝奏对","0","17","17"
"知制浩","0","17","17"
"津园设","0","17","17"
"亲近大","0","17","17"
"近大臣","0","17","17"
"的副手","0","17","17"
"州每年","0","17","17"
"诏令吴","0","17","17"
"在便殿","0","17","17"
"贩济饥","0","17","17"
"赵元份","0","17","17"
"诏令不","0","17","17"
"犯边境","0","17","17"
"命令两","0","17","17"
"下诏转","0","17","17"
"任命范","0","17","17"
"给络钱","0","17","17"
"派遣内","0","17","17"
"别推举","0","17","17"
"恢复饮","0","17","17"
"国使臣","0","17","17"
"颁布德","0","17","17"
"布德音","0","17","17"
"次推辞","0","17","17"
"太后到","0","17","17"
"使的官","0","17","17"
"报告皇","0","17","17"
"施加恩","0","17","17"
"德音文","0","17","17"
"音文告","0","17","17"
"求罢职","0","17","17"
"祠禄官","0","17","17"
"五日朝","0","17","17"
"被金军","0","17","17"
"令张俊","0","17","17"
"光世派","0","17","17"
"事报告","0","17","17"
"洞庭湖","0","17","17"
"被金人","0","17","17"
"四川的","0","17","17"
"理宗皇","0","17","17"
"主管天","0","17","17"
"占据天","0","17","17"
"又属于","0","17","17"
"住宿在","0","17","17"
"汝愚的","0","17","17"
"迁升为","0","17","17"
"授任为","0","17","17"
"为进士","0","17","17"
"章请求","0","17","17"
"宗十分","0","17","17"
"为不行","0","17","17"
"埋伏在","0","17","17"
"陈仲微","0","17","17"
"秦火喜","0","17","17"
"一家之","9","7","16"
"义宣为","9","7","16"
"司行事","16","0","16"
"元康中","16","0","16"
"王者有","6","10","16"
"我之所","1","15","16"
"而后已","11","5","16"
"为吴郡","14","2","16"
"亦不可","15","1","16"
"百姓流","4","12","16"
"上嘉纳","15","1","16"
"而宰相","8","8","16"
"言者以","15","1","16"
"删定官","8","8","16"
"无所顾","9","7","16"
"时年十","10","6","16"
"元嘉元","8","8","16"
"褚湛之","7","9","16"
"二千户","8","8","16"
"将军垣","8","8","16"
"军巴陵","8","8","16"
"军褚渊","8","8","16"
"攸之为","9","7","16"
"长水校","8","8","16"
"水校尉","8","8","16"
"骑长史","8","8","16"
"九十五","8","8","16"
"尉司马","8","8","16"
"尺三寸","8","8","16"
"初四年","8","8","16"
"月犯箕","8","8","16"
"月犯昴","8","8","16"
"西南星","8","8","16"
"齐王嘉","8","8","16"
"王嘉平","8","8","16"
"露元年","9","7","16"
"南第二","8","8","16"
"刺史谢","8","8","16"
"元十六","8","8","16"
"三年冬","8","8","16"
"献驯象","12","4","16"
"桓帝永","8","8","16"
"始十年","8","8","16"
"初宁陵","8","8","16"
"十年六","8","8","16"
"将军庾","9","7","16"
"公太和","6","10","16"
"二年夏","7","9","16"
"帝宁康","8","8","16"
"龙元年","9","7","16"
"孙休永","8","8","16"
"休永安","8","8","16"
"永嘉四","7","9","16"
"废帝景","8","8","16"
"帝景和","8","8","16"
"二百九","9","7","16"
"属东海","10","6","16"
"户三千","8","8","16"
"内史王","8","8","16"
"中书通","9","7","16"
"书都官","8","8","16"
"梁郡诸","9","7","16"
"东大将","9","7","16"
"在会稽","4","12","16"
"仁赡为","6","10","16"
"四百人","7","9","16"
"右武卫","8","8","16"
"挥使王","8","8","16"
"国信使","8","8","16"
"集庆军","8","8","16"
"德皇帝","8","8","16"
"戊戌朔","16","0","16"
"李若谷","8","8","16"
"等内附","9","7","16"
"宰相韩","7","9","16"
"济阳郡","8","8","16"
"元丰五","7","9","16"
"丰五年","7","9","16"
"安康郡","8","8","16"
"七十有","16","0","16"
"余深为","8","8","16"
"邦彦为","7","9","16"
"为太宰","7","9","16"
"事中王","8","8","16"
"镇西军","8","8","16"
"侍郎陈","8","8","16"
"榷货务","8","8","16"
"司主管","5","11","16"
"淮阳军","9","7","16"
"江东路","8","8","16"
"等二百","7","9","16"
"国通问","8","8","16"
"四人及","8","8","16"
"康都统","8","8","16"
"为清远","4","12","16"
"乡饮酒","8","8","16"
"淮东西","8","8","16"
"驻扎御","7","9","16"
"扎御前","7","9","16"
"东总管","8","8","16"
"安丙为","5","11","16"
"提举玉","8","8","16"
"下省检","8","8","16"
"省检正","8","8","16"
"知襄阳","12","4","16"
"都督行","8","8","16"
"章阁直","8","8","16"
"夔路策","8","8","16"
"路策应","8","8","16"
"主管江","7","9","16"
"北制置","8","8","16"
"州今年","8","8","16"
"北宣抚","8","8","16"
"太后命","8","8","16"
"七年七","8","8","16"
"兴十三","4","12","16"
"道都总","8","8","16"
"范质等","5","11","16"
"左卫上","8","8","16"
"左领军","8","8","16"
"为忠武","6","10","16"
"吕余庆","7","9","16"
"判馆事","8","8","16"
"吏部铨","8","8","16"
"真宗庙","8","8","16"
"尚书礼","8","8","16"
"书礼部","8","8","16"
"府长史","8","8","16"
"制诰兼","8","8","16"
"司度支","8","8","16"
"景德元","8","8","16"
"盐铁副","8","8","16"
"铁副使","8","8","16"
"军事推","8","8","16"
"事推官","8","8","16"
"刑部员","8","8","16"
"三司盐","8","8","16"
"司盐铁","8","8","16"
"擢进士","16","0","16"
"尚书祠","8","8","16"
"书祠部","8","8","16"
"茶盐司","8","8","16"
"兼工部","9","7","16"
"实录检","8","8","16"
"录检讨","8","8","16"
"进封魏","10","6","16"
"程师孟","1","15","16"
"手不释","6","10","16"
"济南府","10","6","16"
"不能取","2","14","16"
"七十万","8","8","16"
"高祖以","14","2","16"
"长七尺","10","6","16"
"率所领","16","0","16"
"克京城","8","8","16"
"殊死战","12","4","16"
"刺史如","16","0","16"
"为始兴","9","7","16"
"徐兗二","16","0","16"
"事无大","10","6","16"
"于建康","5","11","16"
"扬州牧","7","9","16"
"仆射刘","7","9","16"
"于南郊","12","4","16"
"无故自","8","8","16"
"大臣中","1","15","16"
"梁州刺","8","8","16"
"春二月","8","8","16"
"王浚为","10","6","16"
"赐爵一","6","10","16"
"平二郡","8","8","16"
"将军萧","8","8","16"
"刘康祖","6","10","16"
"内外戒","9","7","16"
"丙戌朔","16","0","16"
"以太尉","12","4","16"
"不受命","12","4","16"
"广陵城","5","11","16"
"刘思考","9","7","16"
"彭城郡","7","9","16"
"豫章王","8","8","16"
"史临海","8","8","16"
"刺史薛","8","8","16"
"史薛安","8","8","16"
"王道隆","3","13","16"
"延之为","9","7","16"
"减天下","12","4","16"
"死罪一","12","4","16"
"柳世隆","5","11","16"
"不知何","9","7","16"
"以通数","10","6","16"
"以上者","11","5","16"
"六百七","8","8","16"
"大小余","7","9","16"
"合月法","7","9","16"
"九万五","8","8","16"
"辛酉朔","16","0","16"
"皇后崩","15","1","16"
"愍怀太","3","13","16"
"为定制","9","7","16"
"下礼官","16","0","16"
"闰六月","4","12","16"
"庾蔚之","7","9","16"
"与太后","7","9","16"
"史大夫","7","9","16"
"太和元","8","8","16"
"司马相","7","9","16"
"鼎元年","9","7","16"
"皇帝上","1","15","16"
"人莫敢","16","0","16"
"帝泰豫","8","8","16"
"最后一","2","14","16"
"晋怀帝","7","9","16"
"服制度","1","15","16"
"丁未朔","16","0","16"
"日月星","2","14","16"
"殿受朝","16","0","16"
"出其不","7","9","16"
"其不意","7","9","16"
"皇帝因","1","15","16"
"应天命","2","14","16"
"在南方","2","14","16"
"不能相","4","12","16"
"星犯左","3","13","16"
"太和六","8","8","16"
"下有兵","16","0","16"
"正元元","9","7","16"
"有白气","9","7","16"
"后三年","8","8","16"
"八年三","8","8","16"
"入东井","12","4","16"
"气亘天","16","0","16"
"在危宿","4","12","16"
"入北斗","8","8","16"
"星色白","2","14","16"
"战不利","10","6","16"
"于太微","1","15","16"
"有圣人","8","8","16"
"将军有","2","14","16"
"登帝位","3","13","16"
"得天下","7","9","16"
"官职不","1","15","16"
"王浚以","16","0","16"
"甲申朔","16","0","16"
"阳内史","8","8","16"
"芙蓉二","8","8","16"
"孙皓宝","8","8","16"
"皓宝鼎","8","8","16"
"五行传","7","9","16"
"等九人","8","8","16"
"兴九年","1","15","16"
"太极殿","7","9","16"
"十年间","10","6","16"
"大风拔","13","3","16"
"癸亥朔","16","0","16"
"后于永","11","5","16"
"癸巳朔","15","1","16"
"丁卯朔","16","0","16"
"汉东郡","8","8","16"
"祖北伐","9","7","16"
"别驾从","8","8","16"
"驾从事","8","8","16"
"东太守","8","8","16"
"及其子","12","4","16"
"郡军事","6","10","16"
"阳夏人","8","8","16"
"人而已","6","10","16"
"中军参","5","11","16"
"在朝堂","1","15","16"
"闭门不","5","11","16"
"领太子","9","7","16"
"所以用","7","9","16"
"不能无","16","0","16"
"召为秘","13","3","16"
"为前军","11","5","16"
"一人为","4","12","16"
"四百户","8","8","16"
"中直兵","8","8","16"
"何慧文","4","12","16"
"太宗以","10","6","16"
"河北水","9","7","16"
"众十万","12","4","16"
"长春节","8","8","16"
"雄军节","8","8","16"
"定难军","8","8","16"
"造船务","8","8","16"
"不视朝","16","0","16"
"赐近臣","14","2","16"
"令大理","2","14","16"
"津园宴","15","1","16"
"昭宪皇","8","8","16"
"大明殿","8","8","16"
"建隆观","8","8","16"
"于城下","14","2","16"
"州长吏","10","6","16"
"兴军节","8","8","16"
"幸讲武","16","0","16"
"南丹州","8","8","16"
"桂阳监","8","8","16"
"诏文武","11","5","16"
"浙诸州","15","1","16"
"契丹大","8","8","16"
"科举人","8","8","16"
"表称贺","11","5","16"
"谋不轨","2","14","16"
"许国公","7","9","16"
"含光殿","8","8","16"
"镇南军","8","8","16"
"铸钱监","6","10","16"
"德五年","4","12","16"
"承天节","8","8","16"
"赃枉法","1","15","16"
"为左谏","3","13","16"
"安抚河","6","10","16"
"忠州刺","8","8","16"
"方正能","8","8","16"
"正能直","8","8","16"
"能直言","8","8","16"
"知广州","10","6","16"
"大礼使","8","8","16"
"钦若等","8","8","16"
"济贫民","1","15","16"
"妃刘氏","8","8","16"
"保安军","8","8","16"
"庆国公","8","8","16"
"号册宝","6","10","16"
"天安殿","8","8","16"
"者各二","9","7","16"
"郎兼太","8","8","16"
"水灾州","5","11","16"
"殿奏事","7","9","16"
"德顺军","8","8","16"
"路招讨","8","8","16"
"朝政得","1","15","16"
"东刑狱","9","7","16"
"任监司","3","13","16"
"受朝廷","1","15","16"
"道总管","8","8","16"
"蠲其赋","16","0","16"
"傅尧俞","7","9","16"
"安石为","6","10","16"
"宣德门","8","8","16"
"为泾原","9","7","16"
"知定州","10","6","16"
"忠州防","8","8","16"
"民间疾","7","9","16"
"间疾苦","7","9","16"
"官其子","16","0","16"
"后册宝","8","8","16"
"阿里骨","8","8","16"
"范百禄","5","11","16"
"国入贡","16","0","16"
"差役法","4","12","16"
"敕令格","14","2","16"
"令吏部","2","14","16"
"德音于","16","0","16"
"知荆南","10","6","16"
"上书邪","10","6","16"
"令天下","6","10","16"
"承议郎","8","8","16"
"九人及","9","7","16"
"符宝郎","8","8","16"
"怀德军","8","8","16"
"居中为","6","10","16"
"保大军","8","8","16"
"上太上","8","8","16"
"崇国公","8","8","16"
"兵入援","12","4","16"
"宇文虚","13","3","16"
"生陈东","8","8","16"
"姚平仲","5","11","16"
"学诸生","12","4","16"
"攻太原","4","12","16"
"为醴泉","12","4","16"
"陈公辅","7","9","16"
"总管王","8","8","16"
"御史胡","8","8","16"
"徐秉哲","7","9","16"
"康王即","5","11","16"
"宗泽为","5","11","16"
"谢克家","7","9","16"
"抚谕使","7","9","16"
"福建提","8","8","16"
"路招抚","8","8","16"
"为盗贼","6","10","16"
"嵩山崇","9","7","16"
"统制吴","8","8","16"
"密院检","8","8","16"
"院检详","8","8","16"
"韩世清","8","8","16"
"光世率","1","15","16"
"一二人","12","4","16"
"为御前","8","8","16"
"御史沈","8","8","16"
"召张浚","4","12","16"
"左武大","8","8","16"
"兵追击","2","14","16"
"西招抚","8","8","16"
"濠州团","12","4","16"
"学士致","15","1","16"
"伤州县","13","3","16"
"夺一官","4","12","16"
"命为秘","3","13","16"
"勾龙如","6","10","16"
"龙如渊","6","10","16"
"徽宗实","9","7","16"
"金人必","13","3","16"
"巡视边","1","15","16"
"李文会","8","8","16"
"命临安","14","2","16"
"金主亮","16","0","16"
"桂阳军","8","8","16"
"汤鹏举","7","9","16"
"君父之","10","6","16"
"判建康","12","4","16"
"乞致仕","16","0","16"
"林安宅","6","10","16"
"幸聚景","16","0","16"
"允文请","7","9","16"
"楚州城","4","12","16"
"外郎兼","8","8","16"
"说不可","2","14","16"
"主管台","8","8","16"
"管台州","8","8","16"
"强勇军","8","8","16"
"嘉王府","8","8","16"
"复元官","16","0","16"
"汪义端","4","12","16"
"嘉定府","9","7","16"
"下诏求","5","11","16"
"籍田令","6","10","16"
"将作少","8","8","16"
"作少监","8","8","16"
"常寺主","7","9","16"
"从祀孔","10","6","16"
"相伯颜","8","8","16"
"吕师夔","6","10","16"
"一天下","3","13","16"
"张弘范","6","10","16"
"大臣叛","7","9","16"
"星色黑","1","15","16"
"在角宿","3","13","16"
"为水灾","12","4","16"
"为土功","16","0","16"
"路不通","5","11","16"
"崇宁初","8","8","16"
"宝庆三","6","10","16"
"庆三年","6","10","16"
"开宝六","6","10","16"
"从征太","16","0","16"
"定五年","3","13","16"
"崇宁五","6","10","16"
"班殿直","8","8","16"
"桧大怒","8","8","16"
"帝亲临","3","13","16"
"权三司","11","5","16"
"国之罪","8","8","16"
"领骑兵","3","13","16"
"居相位","11","5","16"
"蓝继宗","1","15","16"
"来朝廷","1","15","16"
"令近臣","4","12","16"
"天下士","9","7","16"
"奉陛下","3","13","16"
"宰相张","6","10","16"
"人心不","6","10","16"
"人之道","12","4","16"
"西都转","8","8","16"
"令枢密","1","15","16"
"心不能","3","13","16"
"立国之","9","7","16"
"不能回","2","14","16"
"通议大","8","8","16"
"使朝廷","3","13","16"
"朝廷进","4","12","16"
"兄弟之","6","10","16"
"近年以","1","15","16"
"元丰初","8","8","16"
"晁补之","4","12","16"
"朝廷为","3","13","16"
"与司马","3","13","16"
"有一年","1","15","16"
"与韩世","7","9","16"
"人入侵","3","13","16"
"有办法","0","16","16"
"逃跑的","0","16","16"
"继承皇","0","16","16"
"没有敢","0","16","16"
"清楚的","0","16","16"
"有根据","0","16","16"
"与太阳","0","16","16"
"到远方","0","16","16"
"各地的","0","16","16"
"边远地","0","16","16"
"的刑罚","0","16","16"
"平常的","0","16","16"
"能达到","0","16","16"
"的皇帝","0","16","16"
"遗留下","0","16","16"
"时开始","0","16","16"
"自己亲","0","16","16"
"主持祭","0","16","16"
"的次序","0","16","16"
"不是人","0","16","16"
"在皇宫","0","16","16"
"的能力","0","16","16"
"就认为","0","16","16"
"来的灾","0","16","16"
"么地方","0","16","16"
"他手下","0","16","16"
"没有见","0","16","16"
"臣希望","0","16","16"
"它作为","0","16","16"
"对自己","0","16","16"
"于是对","0","16","16"
"着自己","0","16","16"
"攻击敌","0","16","16"
"到今天","0","16","16"
"我的心","0","16","16"
"的不同","0","16","16"
"的服装","0","16","16"
"继承人","0","16","16"
"间长了","0","16","16"
"是前代","0","16","16"
"在当时","0","16","16"
"封禅的","0","16","16"
"的钱财","0","16","16"
"的才干","0","16","16"
"范晔的","0","16","16"
"恐怕会","0","16","16"
"会导致","0","16","16"
"纳他的","0","16","16"
"出他的","0","16","16"
"囚犯的","0","16","16"
"不因为","0","16","16"
"不经过","0","16","16"
"和他们","0","16","16"
"常担心","0","16","16"
"德的人","0","16","16"
"因此更","0","16","16"
"我本来","0","16","16"
"他们各","0","16","16"
"刘邵杀","0","16","16"
"不怀疑","0","16","16"
"不好的","0","16","16"
"的乐器","0","16","16"
"上书朝","0","16","16"
"叛军的","0","16","16"
"刘义庆","0","16","16"
"想得到","0","16","16"
"在国家","0","16","16"
"的政策","0","16","16"
"的人在","0","16","16"
"以实行","0","16","16"
"叫他们","0","16","16"
"以满足","0","16","16"
"最好的","0","16","16"
"赠给他","0","16","16"
"区百姓","0","16","16"
"人如果","0","16","16"
"服役的","0","16","16"
"我的意","0","16","16"
"这是为","0","16","16"
"民聚饮","0","16","16"
"拖欠钱","0","16","16"
"全国囚","0","16","16"
"国囚犯","0","16","16"
"训练士","0","16","16"
"事情发","0","16","16"
"人都很","0","16","16"
"地采纳","0","16","16"
"背弃盟","0","16","16"
"么国家","0","16","16"
"你可以","0","16","16"
"皇上认","0","16","16"
"真宗对","0","16","16"
"下诏史","0","16","16"
"一祠观","0","16","16"
"雨连绵","0","16","16"
"于是收","0","16","16"
"大丰收","0","16","16"
"陈述的","0","16","16"
"们不要","0","16","16"
"那里的","0","16","16"
"就已经","0","16","16"
"但他们","0","16","16"
"他上疏","0","16","16"
"中的一","0","16","16"
"百多年","0","16","16"
"县境内","0","16","16"
"而得到","0","16","16"
"合适的","0","16","16"
"的人选","0","16","16"
"有疾病","0","16","16"
"似道的","0","16","16"
"人民不","0","16","16"
"了三十","0","16","16"
"的人为","0","16","16"
"原地区","0","16","16"
"率领数","0","16","16"
"犯束井","0","16","16"
"年恢复","0","16","16"
"隶属东","0","16","16"
"任司徒","0","16","16"
"陈尧雯","0","16","16"
"命令御","0","16","16"
"命令江","0","16","16"
"削夺二","0","16","16"
"任命郑","0","16","16"
"徐清雯","0","16","16"
"江知府","0","16","16"
"为左承","0","16","16"
"安知府","0","16","16"
"朝开元","0","16","16"
"颗星在","0","16","16"
"家安定","0","16","16"
"有图谋","0","16","16"
"任史馆","0","16","16"
"任右谏","0","16","16"
"西上门","0","16","16"
"于是退","0","16","16"
"不能前","0","16","16"
"这之前","0","16","16"
"事情就","0","16","16"
"士兵都","0","16","16"
"决推辞","0","16","16"
"迎接他","0","16","16"
"他的同","0","16","16"
"于是让","0","16","16"
"前来归","0","16","16"
"几十人","0","16","16"
"派遣军","0","16","16"
"遣军队","0","16","16"
"消息传","0","16","16"
"到襄阳","0","16","16"
"的二十","0","16","16"
"又设置","0","16","16"
"比这更","0","16","16"
"沙王刘","0","16","16"
"丽国派","0","16","16"
"承帝位","0","16","16"
"派遣中","0","16","16"
"任命太","0","16","16"
"人已经","0","16","16"
"又攻打","0","16","16"
"动军队","0","16","16"
"公大臣","0","16","16"
"祭祀他","0","16","16"
"的本性","0","16","16"
"又调任","0","16","16"
"帝位后","0","16","16"
"此开始","0","16","16"
"出京城","0","16","16"
"下令说","0","16","16"
"对应于","0","16","16"
"应的数","0","16","16"
"的节气","0","16","16"
"为标准","0","16","16"
"应该与","0","16","16"
"已经失","0","16","16"
"可得到","0","16","16"
"作为一","0","16","16"
"学的人","0","16","16"
"其余数","0","16","16"
"法则减","0","16","16"
"察不到","0","16","16"
"是正确","0","16","16"
"们都不","0","16","16"
"的兄长","0","16","16"
"举行一","0","16","16"
"下的官","0","16","16"
"同意他","0","16","16"
"减刑一","0","16","16"
"们议论","0","16","16"
"皇上有","0","16","16"
"礼完毕","0","16","16"
"丧服的","0","16","16"
"丧完毕","0","16","16"
"认为太","0","16","16"
"在家中","0","16","16"
"宋朝廷","0","16","16"
"他儿子","0","16","16"
"没有建","0","16","16"
"的宗庙","0","16","16"
"皇帝征","0","16","16"
"年举行","0","16","16"
"祭祀宗","0","16","16"
"祀宗庙","0","16","16"
"在边境","0","16","16"
"神主迁","0","16","16"
"能轻易","0","16","16"
"建议说","0","16","16"
"他的事","0","16","16"
"所在地","0","16","16"
"色的玉","0","16","16"
"大多是","0","16","16"
"阿谀奉","0","16","16"
"预示君","0","16","16"
"又十二","0","16","16"
"有人问","0","16","16"
"大的战","0","16","16"
"军营中","0","16","16"
"地将有","0","16","16"
"二十天","0","16","16"
"二人都","0","16","16"
"束井之","0","16","16"
"司马同","0","16","16"
"横贯天","0","16","16"
"贯天空","0","16","16"
"大臣都","0","16","16"
"在黄河","0","16","16"
"所谓的","0","16","16"
"十岁时","0","16","16"
"命令吕","0","16","16"
"人一起","0","16","16"
"的首领","0","16","16"
"谯王刘","0","16","16"
"日夜晚","0","16","16"
"色的云","0","16","16"
"因为一","0","16","16"
"康初年","0","16","16"
"被贬谪","0","16","16"
"生旱灾","0","16","16"
"州的军","0","16","16"
"西各路","0","16","16"
"此感到","0","16","16"
"不出来","0","16","16"
"己请求","0","16","16"
"兵叛乱","0","16","16"
"廷于是","0","16","16"
"害庄稼","0","16","16"
"根拔起","0","16","16"
"其他各","0","16","16"
"他的两","0","16","16"
"来拜见","0","16","16"
"想让他","0","16","16"
"非常惊","0","16","16"
"又被任","0","16","16"
"的罪名","0","16","16"
"他弟弟","0","16","16"
"这个职","0","16","16"
"被免除","0","16","16"
"将他斩","0","16","16"
"行处理","0","16","16"
"该加以","0","16","16"
"曾祖父","0","16","16"
"元初年","0","16","16"
"陈述了","0","16","16"
"定不会","0","16","16"
"发配到","0","16","16"
"议论国","0","16","16"
"下的心","0","16","16"
"请求杀","0","16","16"
"升任右","0","16","16"
"们互相","0","16","16"
"谥号叫","0","16","16"
"推辞了","0","16","16"
"的士卒","0","16","16"
"军队来","0","16","16"
"被破坏","0","16","16"
"入敌阵","0","16","16"
"人前来","0","16","16"
"可以吗","0","16","16"
"宠幸的","0","16","16"
"亲自征","0","16","16"
"奸佞之","0","16","16"
"任命官","0","16","16"
"祖赐给","0","16","16"
"能写文","0","16","16"
"度使的","0","16","16"
"的州县","0","16","16"
"府第探","0","16","16"
"推荐人","0","16","16"
"使职务","0","16","16"
"拿出内","0","16","16"
"蜀地的","0","16","16"
"禁止各","0","16","16"
"到赦免","0","16","16"
"降大雪","0","16","16"
"才能可","0","16","16"
"行大赦","0","16","16"
"下诏在","0","16","16"
"百万络","0","16","16"
"赐给金","0","16","16"
"赵元握","0","16","16"
"慰问抚","0","16","16"
"下诏内","0","16","16"
"被贬降","0","16","16"
"并且命","0","16","16"
"各自举","0","16","16"
"自举荐","0","16","16"
"命令州","0","16","16"
"差遣为","0","16","16"
"草拟诏","0","16","16"
"军进犯","0","16","16"
"臣被罢","0","16","16"
"因议论","0","16","16"
"攫王赵","0","16","16"
"金军交","0","16","16"
"投降金","0","16","16"
"金军将","0","16","16"
"张俊派","0","16","16"
"次担任","0","16","16"
"金朝祝","0","16","16"
"朝祝贺","0","16","16"
"到聚景","0","16","16"
"元兵进","0","16","16"
"不是不","0","16","16"
"宋朝初","0","16","16"
"不这样","0","16","16"
"区战争","0","16","16"
"星不全","0","16","16"
"面的星","0","16","16"
"有叛乱","0","16","16"
"它分野","0","16","16"
"敌人就","0","16","16"
"考进士","0","16","16"
"朝廷后","0","16","16"
"朝廷因","0","16","16"
"看不起","0","16","16"
"服他的","0","16","16"
"当天就","0","16","16"
"再次任","0","16","16"
"久改任","0","16","16"
"请求调","0","16","16"
"力陈述","0","16","16"
"范镇说","0","16","16"
"任泉州","0","16","16"
"必大说","0","16","16"
"说岳飞","0","16","16"
"蔡确的","0","16","16"
"岳飞上","0","16","16"
"命左右","12","3","15"
"四星聚","8","7","15"
"以生存","1","14","15"
"者十余","12","3","15"
"数十年","9","6","15"
"不可复","13","2","15"
"为贼所","14","1","15"
"所不及","12","3","15"
"赏有差","15","0","15"
"百余年","13","2","15"
"朝廷方","15","0","15"
"军刘毅","6","9","15"
"景平二","7","8","15"
"之为中","8","7","15"
"为镇南","5","10","15"
"为征北","6","9","15"
"湛之为","9","6","15"
"立第十","8","7","15"
"休范为","9","6","15"
"嘉王子","9","6","15"
"王子仁","9","6","15"
"秦河二","8","7","15"
"河二州","8","7","15"
"将军武","8","7","15"
"二万二","8","7","15"
"日冬至","11","4","15"
"建安十","8","7","15"
"斗二十","13","2","15"
"八十七","7","8","15"
"为其所","11","4","15"
"青龙三","8","7","15"
"齐王正","8","7","15"
"王正始","8","7","15"
"甘露元","9","6","15"
"月犯南","9","6","15"
"大流星","7","8","15"
"月入太","7","8","15"
"汉成帝","7","8","15"
"泰始十","8","7","15"
"豫章南","11","4","15"
"章南昌","11","4","15"
"泰始八","9","6","15"
"吴孙休","8","7","15"
"永昌二","7","8","15"
"昌二年","7","8","15"
"城固守","6","9","15"
"一十四","6","9","15"
"太尉司","7","8","15"
"书通事","8","7","15"
"都点检","7","8","15"
"相范质","6","9","15"
"乾元殿","7","8","15"
"以参知","12","3","15"
"兼礼部","9","6","15"
"高若讷","9","6","15"
"宣仁圣","8","7","15"
"仁圣烈","8","7","15"
"相韩琦","7","8","15"
"侍讲学","8","7","15"
"讲学士","8","7","15"
"忠彦为","6","9","15"
"成都路","7","8","15"
"襄邑县","7","8","15"
"向宗回","7","8","15"
"十有九","15","0","15"
"北路安","8","7","15"
"军编管","7","8","15"
"等为金","11","4","15"
"族首领","5","10","15"
"忠等来","8","7","15"
"官卖盐","7","8","15"
"以敷文","11","4","15"
"淮东宣","7","8","15"
"为沿海","7","8","15"
"至镇江","13","2","15"
"己酉朔","14","1","15"
"府参谋","8","7","15"
"史宅之","7","8","15"
"补转官","6","9","15"
"转官资","7","8","15"
"缗钱五","14","1","15"
"五万两","8","7","15"
"淳元年","2","13","15"
"尚书兵","8","7","15"
"书兵部","8","7","15"
"天子不","8","7","15"
"天下多","8","7","15"
"赠司空","8","7","15"
"兴国二","7","8","15"
"国二年","7","8","15"
"宝五年","5","10","15"
"兼御史","9","6","15"
"马军副","8","7","15"
"天书仪","8","7","15"
"书都省","8","7","15"
"宗故事","12","3","15"
"改秘书","15","0","15"
"群牧使","7","8","15"
"二十篇","6","9","15"
"司马氏","5","10","15"
"拜右丞","12","3","15"
"内外制","8","7","15"
"为京湖","6","9","15"
"策进士","13","2","15"
"余万缗","11","4","15"
"下诏曰","14","1","15"
"六十人","7","8","15"
"宣阳门","8","7","15"
"都督荆","8","7","15"
"议者谓","15","0","15"
"丹阳郡","5","10","15"
"无所归","14","1","15"
"军乘胜","1","14","15"
"不能行","6","9","15"
"阳尹刘","8","7","15"
"率大众","15","0","15"
"郊祀天","4","11","15"
"中二千","8","7","15"
"子即皇","8","7","15"
"明年春","12","3","15"
"以下罪","7","8","15"
"以为有","9","6","15"
"扬州之","12","3","15"
"司马刘","7","8","15"
"除尚书","13","2","15"
"军谘议","6","9","15"
"百万斛","8","7","15"
"司马王","7","8","15"
"年春二","8","7","15"
"宁太守","7","8","15"
"芮芮国","8","7","15"
"为虏所","15","0","15"
"元凶弑","15","0","15"
"为平民","2","13","15"
"海陵王","8","7","15"
"车驾出","5","10","15"
"之子也","14","1","15"
"等十一","7","8","15"
"乙巳朔","15","0","15"
"大夫张","8","7","15"
"学之士","3","12","15"
"大夫刘","7","8","15"
"皇后曰","15","0","15"
"张敬兒","15","0","15"
"元嘉中","14","1","15"
"月朔日","7","8","15"
"一十二","8","7","15"
"一千一","8","7","15"
"长史王","7","8","15"
"太后之","9","6","15"
"杨皇后","7","8","15"
"怀太子","3","12","15"
"服齐衰","6","9","15"
"服大功","6","9","15"
"士司马","8","7","15"
"在尚书","3","12","15"
"王燮之","7","8","15"
"中丞刘","8","7","15"
"国之大","13","2","15"
"皇后之","6","9","15"
"宝鼎元","8","7","15"
"晋宣王","6","9","15"
"兆府君","3","12","15"
"宗庙大","1","14","15"
"曹郎中","8","7","15"
"于宗庙","4","11","15"
"章太后","6","9","15"
"左氏传","8","7","15"
"下大乱","4","11","15"
"北斗魁","10","5","15"
"上下之","9","6","15"
"通天冠","7","8","15"
"汉元帝","5","10","15"
"可以一","7","8","15"
"月星辰","2","13","15"
"春秋时","6","9","15"
"星犯守","15","0","15"
"又明年","15","0","15"
"大臣为","10","5","15"
"白犯南","15","0","15"
"有大赦","3","12","15"
"星昼陨","15","0","15"
"天下乱","14","1","15"
"河间王","6","9","15"
"郭景纯","6","9","15"
"星犯房","1","14","15"
"入京城","5","10","15"
"元十九","8","7","15"
"以舟师","15","0","15"
"星入羽","3","12","15"
"又有一","2","13","15"
"臣贼子","6","9","15"
"流星白","1","14","15"
"史沈文","8","7","15"
"不敢进","8","7","15"
"凤皇集","15","0","15"
"臣不能","9","6","15"
"在民间","2","13","15"
"群臣上","12","3","15"
"天下所","7","8","15"
"有二心","2","13","15"
"氏兄弟","3","12","15"
"七年八","8","7","15"
"郡国十","11","4","15"
"丙辰朔","15","0","15"
"义宣以","14","1","15"
"令百官","6","9","15"
"蓉二花","8","7","15"
"元徽五","7","8","15"
"徽五年","7","8","15"
"天下以","13","2","15"
"是百姓","2","13","15"
"皆以为","15","0","15"
"在西京","4","11","15"
"武帝在","1","14","15"
"国灭亡","1","14","15"
"太祖神","6","9","15"
"三年后","1","14","15"
"人在朝","4","11","15"
"三十岁","2","13","15"
"庚寅朔","14","1","15"
"乙酉朔","15","0","15"
"在长安","3","12","15"
"欲以为","15","0","15"
"日之内","5","10","15"
"率三千","5","10","15"
"以陛下","10","5","15"
"临沂人","8","7","15"
"州大中","9","6","15"
"于皇帝","2","13","15"
"身先士","4","11","15"
"为文章","13","2","15"
"谓左右","15","0","15"
"恤百姓","1","14","15"
"何长瑜","2","13","15"
"兵力不","5","10","15"
"举北伐","6","9","15"
"以精兵","9","6","15"
"为元帅","8","7","15"
"等五人","7","8","15"
"郑兵将","2","13","15"
"五百余","13","2","15"
"城被攻","1","14","15"
"令皇太","5","10","15"
"海王刘","1","14","15"
"七十里","5","10","15"
"潘淑妃","7","8","15"
"皇帝大","1","14","15"
"将军中","7","8","15"
"从世宗","7","8","15"
"容延钊","7","8","15"
"败北汉","6","9","15"
"度使曹","7","8","15"
"八百人","5","10","15"
"辍视朝","15","0","15"
"帛有差","15","0","15"
"为建宁","6","9","15"
"州巡检","7","8","15"
"南军于","15","0","15"
"西诸州","13","2","15"
"知潞州","8","7","15"
"可用者","14","1","15"
"来贺正","15","0","15"
"御正殿","14","1","15"
"杀人者","12","3","15"
"上大行","11","4","15"
"群臣诣","15","0","15"
"下兵马","7","8","15"
"南军节","8","7","15"
"黄河清","8","7","15"
"上疏极","7","8","15"
"知蔡州","11","4","15"
"罢诸州","15","0","15"
"西南面","2","13","15"
"富顺监","7","8","15"
"贾黄中","7","8","15"
"诏不许","13","2","15"
"命侍从","11","4","15"
"使王继","8","7","15"
"为谏议","5","10","15"
"光化军","7","8","15"
"何承矩","7","8","15"
"以下减","4","11","15"
"河东宣","7","8","15"
"复州团","8","7","15"
"诏开封","7","8","15"
"怀远军","8","7","15"
"内内侍","9","6","15"
"韩显符","3","12","15"
"高丽使","6","9","15"
"广南西","7","8","15"
"给贫民","4","11","15"
"兼吏部","8","7","15"
"发常平","10","5","15"
"祥符三","5","10","15"
"太后生","5","10","15"
"诏三司","9","6","15"
"制举人","7","8","15"
"尊皇太","7","8","15"
"知饶州","12","3","15"
"过州县","6","9","15"
"路副都","8","7","15"
"西诸路","14","1","15"
"水洛城","5","10","15"
"章献明","8","7","15"
"民间利","7","8","15"
"神宗曰","15","0","15"
"主秉常","8","7","15"
"州铸钱","7","8","15"
"郡王宗","11","4","15"
"李舜举","6","9","15"
"蒲宗孟","2","13","15"
"神宗皇","5","10","15"
"彭汝砺","7","8","15"
"令陕西","2","13","15"
"商英为","6","9","15"
"为宁国","4","11","15"
"方田法","2","13","15"
"为熙河","8","7","15"
"大理司","7","8","15"
"知郓州","11","4","15"
"为右文","2","13","15"
"潼川府","10","5","15"
"为庆远","5","10","15"
"太学诸","12","3","15"
"察访使","7","8","15"
"知应天","11","4","15"
"为单州","4","11","15"
"直徽猷","10","5","15"
"两河地","3","12","15"
"立异姓","7","8","15"
"立张邦","6","9","15"
"承制以","15","0","15"
"伯彦为","5","10","15"
"后军统","8","7","15"
"北京留","8","7","15"
"祐太后","15","0","15"
"以刘光","12","3","15"
"王庶为","7","8","15"
"人官职","2","13","15"
"统领官","7","8","15"
"蠲诸路","15","0","15"
"浙西制","7","8","15"
"程昌寓","15","0","15"
"陈思恭","7","8","15"
"忠率兵","3","12","15"
"光世以","11","4","15"
"吴玠为","8","7","15"
"命岳飞","2","13","15"
"总领四","8","7","15"
"领四川","8","7","15"
"撒离曷","11","4","15"
"为和州","3","12","15"
"天长县","7","8","15"
"总制司","7","8","15"
"令张浚","1","14","15"
"为京东","7","8","15"
"以四川","11","4","15"
"郭浩为","5","10","15"
"梁汝嘉","7","8","15"
"月桩钱","7","8","15"
"还河南","2","13","15"
"以下三","9","6","15"
"下三百","9","6","15"
"潼川路","10","5","15"
"行铁钱","9","6","15"
"下诏抚","2","13","15"
"命四川","12","3","15"
"利州东","8","7","15"
"给秦桧","1","14","15"
"钱三年","8","7","15"
"知台州","11","4","15"
"除临安","1","14","15"
"金人将","4","11","15"
"高宗曰","14","1","15"
"及其弟","5","10","15"
"置屯田","8","7","15"
"常德府","8","7","15"
"国用使","7","8","15"
"史正志","6","9","15"
"密使兼","7","8","15"
"行赏罚","7","8","15"
"台州崇","8","7","15"
"州崇道","8","7","15"
"礼官讨","3","12","15"
"任便居","10","5","15"
"必大为","6","9","15"
"军主帅","5","10","15"
"判潭州","12","3","15"
"丞相以","12","3","15"
"完颜守","5","10","15"
"绍熙元","7","8","15"
"皇帝有","2","13","15"
"吴曦为","3","12","15"
"李汝翼","6","9","15"
"杨次山","4","11","15"
"聂子述","5","10","15"
"江东提","7","8","15"
"赐金带","14","1","15"
"赠开府","10","5","15"
"为承信","1","14","15"
"十年来","3","12","15"
"苏刘义","7","8","15"
"军相遇","1","14","15"
"知婺州","13","2","15"
"定之后","1","14","15"
"一星曰","15","0","15"
"所在之","1","14","15"
"边兵起","15","0","15"
"则兵起","15","0","15"
"宿二十","1","14","15"
"大臣多","3","12","15"
"进取之","10","5","15"
"开宝三","6","9","15"
"以荫补","9","6","15"
"太宗在","4","11","15"
"宰相李","6","9","15"
"闻于朝","15","0","15"
"知许州","11","4","15"
"者不能","10","5","15"
"王之道","6","9","15"
"迁给事","15","0","15"
"迁大理","14","1","15"
"在陕西","4","11","15"
"论天下","7","8","15"
"力不能","8","7","15"
"权直学","9","6","15"
"又何必","1","14","15"
"于是太","6","9","15"
"州酒税","8","7","15"
"荐于朝","13","2","15"
"从太宗","1","14","15"
"兵不动","4","11","15"
"时张浚","7","8","15"
"恢复之","10","5","15"
"第进士","15","0","15"
"迁校书","14","1","15"
"陛下亦","14","1","15"
"光宗朝","1","14","15"
"而大臣","9","6","15"
"不能忍","2","13","15"
"共戴天","7","8","15"
"主管太","5","10","15"
"金人有","8","7","15"
"今朝廷","9","6","15"
"正中书","8","7","15"
"左右大","2","13","15"
"右大臣","2","13","15"
"中原人","3","12","15"
"土星犯","1","14","15"
"百姓受","1","14","15"
"命令不","3","12","15"
"政事不","3","12","15"
"绍兴四","2","13","15"
"诏削夺","1","14","15"
"秦桧不","2","13","15"
"说不能","2","13","15"
"皇帝进","1","14","15"
"降刘豫","4","11","15"
"世忠被","1","14","15"
"恢复故","1","14","15"
"拐子马","6","9","15"
"但不能","1","14","15"
"姓的疾","0","15","15"
"犯减刑","0","15","15"
"的怨恨","0","15","15"
"用军队","0","15","15"
"一天比","0","15","15"
"天比一","0","15","15"
"比一天","0","15","15"
"承皇位","0","15","15"
"即皇位","0","15","15"
"征收赋","0","15","15"
"是一样","0","15","15"
"又怎能","0","15","15"
"详细讨","0","15","15"
"细讨论","0","15","15"
"感到奇","0","15","15"
"到奇怪","0","15","15"
"的方向","0","15","15"
"如果皇","0","15","15"
"死亡的","0","15","15"
"登上帝","0","15","15"
"上帝位","0","15","15"
"天之内","0","15","15"
"庙大祭","0","15","15"
"举行的","0","15","15"
"第一个","0","15","15"
"亲自奉","0","15","15"
"特殊情","0","15","15"
"殊情况","0","15","15"
"成年而","0","15","15"
"的成例","0","15","15"
"本来不","0","15","15"
"作祭品","0","15","15"
"祖先的","0","15","15"
"剩下的","0","15","15"
"因为不","0","15","15"
"手下人","0","15","15"
"皇上就","0","15","15"
"的灾害","0","15","15"
"个道理","0","15","15"
"毁坏房","0","15","15"
"坏房屋","0","15","15"
"能前进","0","15","15"
"错误的","0","15","15"
"有回答","0","15","15"
"的好坏","0","15","15"
"入监狱","0","15","15"
"受他的","0","15","15"
"把国家","0","15","15"
"的行动","0","15","15"
"的措施","0","15","15"
"力学习","0","15","15"
"采用了","0","15","15"
"把它们","0","15","15"
"如果按","0","15","15"
"能让他","0","15","15"
"谨慎地","0","15","15"
"就知道","0","15","15"
"帝认为","0","15","15"
"的教训","0","15","15"
"听说此","0","15","15"
"上的心","0","15","15"
"更大的","0","15","15"
"臣子们","0","15","15"
"的举动","0","15","15"
"了解他","0","15","15"
"认为我","0","15","15"
"即使不","0","15","15"
"到东方","0","15","15"
"没有明","0","15","15"
"邪恶的","0","15","15"
"制度的","0","15","15"
"改变了","0","15","15"
"不能被","0","15","15"
"衣服的","0","15","15"
"如果没","0","15","15"
"接受这","0","15","15"
"我私下","0","15","15"
"了皇上","0","15","15"
"讨伐刘","0","15","15"
"被免去","0","15","15"
"有功的","0","15","15"
"辅佐朝","0","15","15"
"他的子","0","15","15"
"派人告","0","15","15"
"接受皇","0","15","15"
"京城人","0","15","15"
"是有关","0","15","15"
"到江州","0","15","15"
"我一定","0","15","15"
"掉他们","0","15","15"
"圣贤的","0","15","15"
"的条例","0","15","15"
"不能再","0","15","15"
"也认为","0","15","15"
"小人的","0","15","15"
"是命中","0","15","15"
"命中注","0","15","15"
"中注定","0","15","15"
"有丝毫","0","15","15"
"被他们","0","15","15"
"赏赐的","0","15","15"
"的意义","0","15","15"
"不是出","0","15","15"
"所以在","0","15","15"
"强大的","0","15","15"
"帝的儿","0","15","15"
"全国的","0","15","15"
"萧道成","0","15","15"
"如果要","0","15","15"
"大败而","0","15","15"
"皇上特","0","15","15"
"的著作","0","15","15"
"许他们","0","15","15"
"宗庙的","0","15","15"
"再次出","0","15","15"
"到开封","0","15","15"
"的钱物","0","15","15"
"将领不","0","15","15"
"太阳周","0","15","15"
"阳周围","0","15","15"
"军队失","0","15","15"
"到杭州","0","15","15"
"宗身体","0","15","15"
"第一次","0","15","15"
"上认为","0","15","15"
"个意见","0","15","15"
"李日方","0","15","15"
"同意见","0","15","15"
"这种做","0","15","15"
"上召见","0","15","15"
"打算以","0","15","15"
"等到他","0","15","15"
"了许多","0","15","15"
"们一起","0","15","15"
"到官府","0","15","15"
"喜欢的","0","15","15"
"管理宫","0","15","15"
"理宫观","0","15","15"
"宫观的","0","15","15"
"厚的赏","0","15","15"
"相符合","0","15","15"
"道没有","0","15","15"
"过了三","0","15","15"
"任职期","0","15","15"
"要有所","0","15","15"
"都不是","0","15","15"
"因为小","0","15","15"
"即命令","0","15","15"
"李全说","0","15","15"
"任命新","0","15","15"
"十二个","0","15","15"
"乙丑日","0","15","15"
"任命中","0","15","15"
"州来进","0","15","15"
"放出宫","0","15","15"
"兵马铃","0","15","15"
"马铃辖","0","15","15"
"伐平定","0","15","15"
"下诏四","0","15","15"
"各军都","0","15","15"
"任命杨","0","15","15"
"周代的","0","15","15"
"改任太","0","15","15"
"所著的","0","15","15"
"写的文","0","15","15"
"升迁为","0","15","15"
"以成功","0","15","15"
"的首级","0","15","15"
"同心协","0","15","15"
"特殊的","0","15","15"
"史照旧","0","15","15"
"的文武","0","15","15"
"长驱直","0","15","15"
"率军队","0","15","15"
"他的党","0","15","15"
"请求派","0","15","15"
"不吉祥","0","15","15"
"登上皇","0","15","15"
"租税的","0","15","15"
"六十岁","0","15","15"
"得到这","0","15","15"
"后一个","0","15","15"
"皇上没","0","15","15"
"没答应","0","15","15"
"皇上驾","0","15","15"
"检阅军","0","15","15"
"灾百姓","0","15","15"
"任命侍","0","15","15"
"一匹马","0","15","15"
"城百姓","0","15","15"
"办丧事","0","15","15"
"时皇上","0","15","15"
"年间的","0","15","15"
"派将领","0","15","15"
"的乐曲","0","15","15"
"冬至曰","0","15","15"
"有三个","0","15","15"
"历法的","0","15","15"
"合起来","0","15","15"
"其余都","0","15","15"
"实在不","0","15","15"
"没有在","0","15","15"
"进言说","0","15","15"
"现在一","0","15","15"
"位置的","0","15","15"
"方法说","0","15","15"
"四十多","0","15","15"
"的那天","0","15","15"
"位皇帝","0","15","15"
"治理政","0","15","15"
"旱灾害","0","15","15"
"是下令","0","15","15"
"任职的","0","15","15"
"的奏议","0","15","15"
"诸侯的","0","15","15"
"的人来","0","15","15"
"去一样","0","15","15"
"照礼制","0","15","15"
"的一样","0","15","15"
"鼓吹乐","0","15","15"
"的根源","0","15","15"
"这一定","0","15","15"
"令停止","0","15","15"
"说的是","0","15","15"
"既然不","0","15","15"
"没有举","0","15","15"
"有举行","0","15","15"
"举行宗","0","15","15"
"行宗庙","0","15","15"
"开始在","0","15","15"
"辛末日","0","15","15"
"命令三","0","15","15"
"次献酒","0","15","15"
"的南面","0","15","15"
"的方面","0","15","15"
"由于这","0","15","15"
"率军进","0","15","15"
"比不上","0","15","15"
"五十多","0","15","15"
"将他的","0","15","15"
"丧期间","0","15","15"
"人进入","0","15","15"
"愚意以","0","15","15"
"并赐给","0","15","15"
"就停止","0","15","15"
"还不知","0","15","15"
"有实行","0","15","15"
"以他的","0","15","15"
"种颜色","0","15","15"
"请求改","0","15","15"
"形状如","0","15","15"
"样的事","0","15","15"
"于自己","0","15","15"
"是诏令","0","15","15"
"两个人","0","15","15"
"正人君","0","15","15"
"下安定","0","15","15"
"东井之","0","15","15"
"火星守","0","15","15"
"表示将","0","15","15"
"．占辞","0","15","15"
"六十天","0","15","15"
"被解除","0","15","15"
"取得大","0","15","15"
"去权势","0","15","15"
"到郊外","0","15","15"
"到这一","0","15","15"
"被送到","0","15","15"
"从来没","0","15","15"
"之上报","0","15","15"
"府中的","0","15","15"
"的财富","0","15","15"
"百姓在","0","15","15"
"雷闪电","0","15","15"
"淹死了","0","15","15"
"队进攻","0","15","15"
"求增加","0","15","15"
"的忧虑","0","15","15"
"不下雨","0","15","15"
"派军队","0","15","15"
"替陛下","0","15","15"
"杀他们","0","15","15"
"全国各","0","15","15"
"运送粮","0","15","15"
"掌朝政","0","15","15"
"兵戍守","0","15","15"
"被连根","0","15","15"
"水灾旱","0","15","15"
"灾旱灾","0","15","15"
"元年改","0","15","15"
"给他看","0","15","15"
"任命的","0","15","15"
"黄河水","0","15","15"
"改任他","0","15","15"
"没有才","0","15","15"
"人打败","0","15","15"
"流传于","0","15","15"
"到晚上","0","15","15"
"召他到","0","15","15"
"下诏将","0","15","15"
"诏赐给","0","15","15"
"器重他","0","15","15"
"已经死","0","15","15"
"分别派","0","15","15"
"奉命出","0","15","15"
"兵守卫","0","15","15"
"免去他","0","15","15"
"谋反的","0","15","15"
"设置官","0","15","15"
"只知道","0","15","15"
"过去一","0","15","15"
"多次派","0","15","15"
"人分别","0","15","15"
"敌人大","0","15","15"
"他的副","0","15","15"
"难道能","0","15","15"
"命为右","0","15","15"
"宗因为","0","15","15"
"不丰收","0","15","15"
"他推荐","0","15","15"
"给他家","0","15","15"
"浚认为","0","15","15"
"辞不接","0","15","15"
"险要地","0","15","15"
"宗率领","0","15","15"
"宗征伐","0","15","15"
"正副长","0","15","15"
"朝拜太","0","15","15"
"受朝拜","0","15","15"
"是又到","0","15","15"
"下诏从","0","15","15"
"罪论处","0","15","15"
"州决口","0","15","15"
"祷降雪","0","15","15"
"任命孟","0","15","15"
"安置到","0","15","15"
"宰相职","0","15","15"
"府发生","0","15","15"
"大臣到","0","15","15"
"大中样","0","15","15"
"中样符","0","15","15"
"评论说","0","15","15"
"太宗到","0","15","15"
"察记录","0","15","15"
"除各州","0","15","15"
"到契丹","0","15","15"
"有关事","0","15","15"
"十分惊","0","15","15"
"升官一","0","15","15"
"遗像于","0","15","15"
"贪赃枉","0","15","15"
"派官吏","0","15","15"
"详细审","0","15","15"
"问抚恤","0","15","15"
"请求诛","0","15","15"
"太庙附","0","15","15"
"宗到达","0","15","15"
"州士兵","0","15","15"
"下诏中","0","15","15"
"夺官职","0","15","15"
"宗溢号","0","15","15"
"调出内","0","15","15"
"子为官","0","15","15"
"白色虹","0","15","15"
"州县的","0","15","15"
"邓州知","0","15","15"
"下诏赠","0","15","15"
"到集英","0","15","15"
"出使辽","0","15","15"
"各州县","0","15","15"
"抵抗金","0","15","15"
"六件事","0","15","15"
"金军大","0","15","15"
"金人进","0","15","15"
"亲自书","0","15","15"
"自书写","0","15","15"
"金军退","0","15","15"
"到平江","0","15","15"
"十件事","0","15","15"
"久占据","0","15","15"
"下诏征","0","15","15"
"命令岳","0","15","15"
"世忠派","0","15","15"
"求罢去","0","15","15"
"派统制","0","15","15"
"升为知","0","15","15"
"论政事","0","15","15"
"孝宗的","0","15","15"
"两淮地","0","15","15"
"给金人","0","15","15"
"大举进","0","15","15"
"请求对","0","15","15"
"险要之","0","15","15"
"么人民","0","15","15"
"彗星占","0","15","15"
"民有瘟","0","15","15"
"离极一","0","15","15"
"打算把","0","15","15"
"终年八","0","15","15"
"韩胄的","0","15","15"
"嘉奖他","0","15","15"
"太宗听","0","15","15"
"上奏皇","0","15","15"
"求告老","0","15","15"
"他为右","0","15","15"
"陛下如","0","15","15"
"询问他","0","15","15"
"又推荐","0","15","15"
"修撰的","0","15","15"
"任陈州","0","15","15"
"他首先","0","15","15"
"求去职","0","15","15"
"马光的","0","15","15"
"是秦桧","0","15","15"
"赠官为","0","15","15"
"金和议","0","15","15"
"入朝觐","0","15","15"
"同金军","0","15","15"
"无所问","13","1","14"
"如故事","14","0","14"
"有司又","14","0","14"
"可知也","14","0","14"
"史臣案","9","5","14"
"高祖平","5","9","14"
"为经略","10","4","14"
"不胜其","10","4","14"
"大丈夫","5","9","14"
"发京师","13","1","14"
"国之道","2","12","14"
"未见其","14","0","14"
"者数百","13","1","14"
"令所删","7","7","14"
"食邑千","12","2","14"
"刘义欣","1","13","14"
"以左卫","13","1","14"
"史王弘","7","7","14"
"王义真","12","2","14"
"史江夏","8","6","14"
"谷浑拾","7","7","14"
"太守申","7","7","14"
"刺史广","7","7","14"
"史广陵","7","7","14"
"庆之为","7","7","14"
"刺史义","8","6","14"
"子仁为","7","7","14"
"食邑二","7","7","14"
"将军长","6","8","14"
"史王景","7","7","14"
"史晋熙","7","7","14"
"六百三","7","7","14"
"交会差","6","8","14"
"会差率","6","8","14"
"以河北","14","0","14"
"追尊皇","7","7","14"
"王夫人","7","7","14"
"淮南王","6","8","14"
"分之十","7","7","14"
"月犯舆","7","7","14"
"景元元","8","6","14"
"永和元","7","7","14"
"南斗第","8","6","14"
"九年二","7","7","14"
"犯天江","7","7","14"
"太微西","11","3","14"
"高祖讨","9","5","14"
"帝太始","8","6","14"
"八年九","7","7","14"
"建兴元","7","7","14"
"十年七","7","7","14"
"史南平","8","6","14"
"康帝建","7","7","14"
"帝建元","8","6","14"
"元年夏","7","7","14"
"武帝宁","7","7","14"
"义熙初","7","7","14"
"建元元","9","5","14"
"孙亮建","7","7","14"
"亮建兴","7","7","14"
"一千七","6","8","14"
"九百六","7","7","14"
"属东郡","7","7","14"
"孝武孝","10","4","14"
"武孝建","10","4","14"
"内都部","7","7","14"
"右卫大","7","7","14"
"李汉琼","6","8","14"
"三上表","13","1","14"
"乾元门","7","7","14"
"昭宣使","7","7","14"
"守本官","8","6","14"
"柴禹锡","7","7","14"
"三路都","7","7","14"
"户部副","7","7","14"
"部副使","7","7","14"
"王元俨","12","2","14"
"并为枢","13","1","14"
"以丁谓","10","4","14"
"司徒兼","7","7","14"
"左卫大","7","7","14"
"州来贡","14","0","14"
"公著为","6","8","14"
"蒋之奇","7","7","14"
"挺之为","6","8","14"
"高密郡","7","7","14"
"吴国公","7","7","14"
"冀国公","7","7","14"
"楚国公","6","8","14"
"氏为淑","7","7","14"
"三百八","7","7","14"
"二百七","7","7","14"
"少宰兼","7","7","14"
"宰兼中","7","7","14"
"熙载为","6","8","14"
"徐国公","6","8","14"
"斩首数","12","2","14"
"太乙宫","9","5","14"
"徐处仁","7","7","14"
"为昭化","3","11","14"
"乔仲福","7","7","14"
"荆湖东","7","7","14"
"命韩世","4","10","14"
"陈诚之","7","7","14"
"东常平","7","7","14"
"之望为","6","8","14"
"忠勇军","7","7","14"
"淮西总","7","7","14"
"西总领","7","7","14"
"光尧寿","7","7","14"
"尧寿圣","7","7","14"
"管内安","7","7","14"
"内安抚","7","7","14"
"四万四","7","7","14"
"二三人","11","3","14"
"万寿宫","7","7","14"
"牛卫将","7","7","14"
"改赐名","7","7","14"
"江淮制","6","8","14"
"江淮军","3","11","14"
"郑性之","7","7","14"
"督行府","7","7","14"
"行府参","7","7","14"
"李性传","7","7","14"
"以缗钱","14","0","14"
"兼夔路","8","6","14"
"马天骥","7","7","14"
"汪立信","7","7","14"
"管江西","7","7","14"
"黄万石","6","8","14"
"独松关","7","7","14"
"世杰为","4","10","14"
"厚五分","7","7","14"
"寸五分","7","7","14"
"月上旬","2","12","14"
"彰化军","7","7","14"
"广陵郡","5","9","14"
"告天地","6","8","14"
"司封员","7","7","14"
"封员外","7","7","14"
"魏咸信","7","7","14"
"官郎中","7","7","14"
"建隆三","6","8","14"
"隆三年","6","8","14"
"客员外","7","7","14"
"今之所","14","0","14"
"加给事","13","1","14"
"雍熙初","7","7","14"
"同学究","7","7","14"
"学究出","7","7","14"
"究出身","7","7","14"
"北路转","7","7","14"
"仓部郎","7","7","14"
"天禧初","7","7","14"
"赐绯鱼","10","4","14"
"引进使","7","7","14"
"安国军","7","7","14"
"副都军","7","7","14"
"应天院","7","7","14"
"所著书","12","2","14"
"判国子","7","7","14"
"兵以来","5","9","14"
"判官事","7","7","14"
"钱五万","9","5","14"
"兼同修","7","7","14"
"粮料院","7","7","14"
"迁翰林","13","1","14"
"部架阁","7","7","14"
"居郎兼","7","7","14"
"人兼侍","7","7","14"
"捷指挥","7","7","14"
"不释卷","6","8","14"
"东平府","8","6","14"
"高祖武","7","7","14"
"百姓所","1","13","14"
"不过数","12","2","14"
"破贼于","14","0","14"
"刺史安","8","6","14"
"为长史","11","3","14"
"江陵城","6","8","14"
"遣大使","11","3","14"
"上言曰","14","0","14"
"是尚书","3","11","14"
"兼太常","7","7","14"
"大军进","4","10","14"
"川太守","8","6","14"
"臣之礼","5","9","14"
"不在此","8","6","14"
"穆之为","4","10","14"
"寡孤独","6","8","14"
"刺史赵","7","7","14"
"史刘怀","7","7","14"
"见不同","1","13","14"
"甲辰朔","13","1","14"
"皇帝配","6","8","14"
"义恭为","7","7","14"
"司徒徐","6","8","14"
"徒徐羡","6","8","14"
"军到彦","7","7","14"
"骑参军","9","5","14"
"县今年","7","7","14"
"大夫范","7","7","14"
"司徒参","7","7","14"
"徒参军","7","7","14"
"秀之为","9","5","14"
"闰月乙","10","4","14"
"忧去职","14","0","14"
"有不便","10","4","14"
"第七皇","7","7","14"
"尚之为","7","7","14"
"王僧朗","7","7","14"
"幸国子","14","0","14"
"军萧思","7","7","14"
"除吏部","12","2","14"
"胡崇之","6","8","14"
"张永为","7","7","14"
"书令何","7","7","14"
"辛亥朔","14","0","14"
"武卫将","7","7","14"
"为襄阳","6","8","14"
"陆王子","8","6","14"
"王子绥","8","6","14"
"史建安","7","7","14"
"越骑校","7","7","14"
"平定之","1","13","14"
"刘灵遗","7","7","14"
"景福殿","7","7","14"
"南汝阴","7","7","14"
"沈怀明","7","7","14"
"羽林监","7","7","14"
"五万匹","7","7","14"
"臣所不","14","0","14"
"史张敬","7","7","14"
"淮南宣","7","7","14"
"四十三","7","7","14"
"寸九分","7","7","14"
"明帝永","7","7","14"
"帝永平","7","7","14"
"二百三","7","7","14"
"二千四","6","8","14"
"四百一","7","7","14"
"一十九","7","7","14"
"与日合","14","0","14"
"四千二","7","7","14"
"公羊传","3","11","14"
"徐道娱","7","7","14"
"荀万秋","7","7","14"
"或以为","14","0","14"
"三夫人","8","6","14"
"宋高祖","3","11","14"
"不应有","6","8","14"
"徐爰议","12","2","14"
"为帝王","1","13","14"
"常丞庾","8","6","14"
"愚以为","14","0","14"
"献帝延","7","7","14"
"二十有","14","0","14"
"太宁三","7","7","14"
"郊祭天","1","13","14"
"受命之","12","2","14"
"元十二","7","7","14"
"咸宁五","9","5","14"
"太尉行","7","7","14"
"太后神","2","12","14"
"者谓之","10","4","14"
"之所不","12","2","14"
"又以为","11","3","14"
"郎中令","7","7","14"
"十二篇","6","8","14"
"王韶之","7","7","14"
"太宗庙","6","8","14"
"王者德","14","0","14"
"以报国","12","2","14"
"明赏罚","10","4","14"
"日南至","14","0","14"
"白犯岁","14","0","14"
"有大战","3","11","14"
"遣司马","12","2","14"
"星犯井","6","8","14"
"百余日","12","2","14"
"二百八","7","7","14"
"数十丈","7","7","14"
"诸葛诞","7","7","14"
"守太微","9","5","14"
"杀太子","9","5","14"
"时天下","7","7","14"
"时司马","6","8","14"
"在西北","1","13","14"
"庚午朔","14","0","14"
"犯天关","7","7","14"
"为大水","14","0","14"
"上相星","5","9","14"
"流星从","2","12","14"
"主即位","3","11","14"
"天之灵","6","8","14"
"天子气","8","6","14"
"为魏王","5","9","14"
"欲杀之","14","0","14"
"不可一","6","8","14"
"少帝即","8","6","14"
"稽山阴","8","6","14"
"青龙见","14","0","14"
"河南洛","8","6","14"
"南洛阳","8","6","14"
"闰四月","4","10","14"
"南郡江","10","4","14"
"壬辰朔","14","0","14"
"参军督","8","6","14"
"军督护","8","6","14"
"孙皓天","7","7","14"
"元年闰","7","7","14"
"野蚕成","8","6","14"
"蚕成茧","8","6","14"
"天戒若","14","0","14"
"戒若曰","14","0","14"
"君子之","10","4","14"
"边境之","3","11","14"
"闰十一","4","10","14"
"率水军","2","12","14"
"州之地","2","12","14"
"为丹阳","10","4","14"
"及即位","14","0","14"
"阴气盛","6","8","14"
"未有以","14","0","14"
"人不知","5","9","14"
"是非常","1","13","14"
"丙寅朔","14","0","14"
"左右两","1","13","14"
"二百二","7","7","14"
"争之地","5","9","14"
"犹豫不","1","13","14"
"为黄门","8","6","14"
"为龙骧","9","5","14"
"守江陵","3","11","14"
"到彭城","1","13","14"
"率兵来","5","9","14"
"赐钱三","10","4","14"
"陵县公","7","7","14"
"文武将","2","12","14"
"陈郡阳","7","7","14"
"郡阳夏","7","7","14"
"受先帝","5","9","14"
"在彭城","3","11","14"
"军录事","7","7","14"
"父子兄","6","8","14"
"所以称","4","10","14"
"绳之以","2","12","14"
"为谘议","8","6","14"
"百姓为","2","12","14"
"太祖又","3","11","14"
"江方兴","4","10","14"
"以重兵","9","5","14"
"开国男","7","7","14"
"皇上圣","1","13","14"
"八十万","7","7","14"
"孔道存","5","9","14"
"抚军中","7","7","14"
"负陛下","8","6","14"
"新蔡二","7","7","14"
"蔡二郡","7","7","14"
"二万匹","7","7","14"
"兵入城","8","6","14"
"亦不能","12","2","14"
"傅灵越","4","10","14"
"六千人","5","9","14"
"李元德","5","9","14"
"祖父母","5","9","14"
"左氏春","7","7","14"
"检校司","7","7","14"
"世宗即","6","8","14"
"契丹入","8","6","14"
"翰林承","7","7","14"
"林承旨","7","7","14"
"西平王","7","7","14"
"城国王","7","7","14"
"观习水","11","3","14"
"女直国","7","7","14"
"使来献","14","0","14"
"司法参","7","7","14"
"法参军","7","7","14"
"副使赵","7","7","14"
"使兼枢","7","7","14"
"武臣僚","6","8","14"
"金千两","9","5","14"
"利用等","7","7","14"
"甘州回","7","7","14"
"公主第","14","0","14"
"建宁军","7","7","14"
"建武军","7","7","14"
"五代史","8","6","14"
"西南路","7","7","14"
"知汉阳","11","3","14"
"正旦使","7","7","14"
"内客省","7","7","14"
"生辰使","7","7","14"
"秩有差","14","0","14"
"皇帝谥","13","1","14"
"诏两浙","10","4","14"
"行府事","7","7","14"
"及契丹","12","2","14"
"契丹之","9","5","14"
"察官吏","7","7","14"
"国六年","3","11","14"
"李氏为","7","7","14"
"启圣院","7","7","14"
"盐铁使","7","7","14"
"飞白书","8","6","14"
"令尚书","3","11","14"
"坊副使","7","7","14"
"知州李","4","10","14"
"诸房公","7","7","14"
"房公事","7","7","14"
"大相国","7","7","14"
"尚书赵","7","7","14"
"王继忠","6","8","14"
"举文武","8","6","14"
"遣监察","7","7","14"
"陈尧咨","6","8","14"
"于扬州","6","8","14"
"皇后郭","7","7","14"
"为行宫","7","7","14"
"大长公","7","7","14"
"宗御书","8","6","14"
"云台观","6","8","14"
"进封卫","9","5","14"
"学士陈","7","7","14"
"处分军","11","3","14"
"永定陵","7","7","14"
"长宁节","7","7","14"
"真宗御","12","2","14"
"体量安","11","3","14"
"量安抚","11","3","14"
"五代时","4","10","14"
"李德政","6","8","14"
"孔道辅","6","8","14"
"睦亲宅","7","7","14"
"军都总","7","7","14"
"御大庆","13","1","14"
"殿前指","7","7","14"
"前指挥","7","7","14"
"军判官","8","6","14"
"富弼为","5","9","14"
"湖南提","8","6","14"
"郭子仪","6","8","14"
"河东经","7","7","14"
"明堂礼","7","7","14"
"率兵讨","4","10","14"
"南盗贼","5","9","14"
"提举广","7","7","14"
"亲民官","6","8","14"
"颜真卿","6","8","14"
"除河北","3","11","14"
"皇后家","5","9","14"
"韩琦等","6","8","14"
"臣下有","3","11","14"
"英国公","7","7","14"
"太尉兼","7","7","14"
"诸路帅","13","1","14"
"下官吏","2","12","14"
"司御史","7","7","14"
"田水利","6","8","14"
"以言事","13","1","14"
"夏人于","13","1","14"
"章惇为","9","5","14"
"三人及","7","7","14"
"命礼部","1","13","14"
"外侍从","7","7","14"
"宗御集","8","6","14"
"流星昼","14","0","14"
"学士范","7","7","14"
"哲宗实","7","7","14"
"永阳郡","7","7","14"
"提举司","7","7","14"
"抚使王","6","8","14"
"击却之","14","0","14"
"三年为","6","8","14"
"中山府","7","7","14"
"上清宝","7","7","14"
"大军节","7","7","14"
"廉访使","7","7","14"
"访使者","7","7","14"
"以淮西","10","4","14"
"上供钱","6","8","14"
"陕西地","7","7","14"
"令三省","2","12","14"
"五国城","7","7","14"
"卫大夫","7","7","14"
"割三镇","13","1","14"
"右金吾","7","7","14"
"司谏陈","7","7","14"
"金国议","4","10","14"
"不能执","5","9","14"
"世忠以","11","3","14"
"皇后在","2","12","14"
"充金国","14","0","14"
"副统制","7","7","14"
"主管马","6","8","14"
"御史林","7","7","14"
"金人去","14","0","14"
"张浚命","3","11","14"
"俊率兵","2","12","14"
"请太后","8","6","14"
"张浚承","11","3","14"
"检正诸","7","7","14"
"正诸房","7","7","14"
"金人归","10","4","14"
"神武中","7","7","14"
"武中军","7","7","14"
"兵渡江","8","6","14"
"命诸将","13","1","14"
"李敦仁","6","8","14"
"度支员","7","7","14"
"支员外","7","7","14"
"张中孚","6","8","14"
"宣和末","7","7","14"
"万人屯","7","7","14"
"同执政","2","12","14"
"金人侵","7","7","14"
"命赵鼎","1","13","14"
"阳府路","7","7","14"
"会诸将","13","1","14"
"谕四川","8","6","14"
"腊家城","6","8","14"
"张宗颜","7","7","14"
"金人退","10","4","14"
"诸路军","10","4","14"
"左护军","7","7","14"
"秦桧以","4","10","14"
"知渭州","9","5","14"
"国军承","7","7","14"
"吴璘为","6","8","14"
"时秦桧","5","9","14"
"合祀天","14","0","14"
"左军统","7","7","14"
"恩平郡","7","7","14"
"遣蒲察","7","7","14"
"论时事","7","7","14"
"统制兼","7","7","14"
"太府丞","8","6","14"
"国信所","7","7","14"
"在金国","5","9","14"
"统制田","7","7","14"
"在天之","5","9","14"
"田官兵","7","7","14"
"辞不行","13","1","14"
"西北方","1","13","14"
"选德殿","7","7","14"
"左千牛","7","7","14"
"内侍陈","7","7","14"
"受书礼","6","8","14"
"门舍人","7","7","14"
"提点江","7","7","14"
"奴儿结","7","7","14"
"都统李","7","7","14"
"万余缗","12","2","14"
"为一百","2","12","14"
"相周必","7","7","14"
"杨万里","7","7","14"
"留正为","3","11","14"
"位之初","5","9","14"
"大安军","7","7","14"
"为三十","6","8","14"
"黄牛堡","7","7","14"
"右武大","7","7","14"
"为果州","2","12","14"
"籍没其","1","13","14"
"没其家","1","13","14"
"刘子澄","6","8","14"
"削三秩","14","0","14"
"不能支","8","6","14"
"赠少保","8","6","14"
"湖制司","7","7","14"
"执政恩","14","0","14"
"嘉熙元","7","7","14"
"官三转","14","0","14"
"中外之","13","1","14"
"川制司","7","7","14"
"宿距星","1","13","14"
"诏贾似","6","8","14"
"蒲择之","7","7","14"
"误国之","7","7","14"
"武夷山","7","7","14"
"学士提","11","3","14"
"士提举","11","3","14"
"于政事","5","9","14"
"星不具","13","1","14"
"东南方","1","13","14"
"道路不","5","9","14"
"仲淹以","12","2","14"
"与大臣","5","9","14"
"知名士","11","3","14"
"天下后","5","9","14"
"太后从","3","11","14"
"于是得","2","12","14"
"禧三年","1","13","14"
"端平初","7","7","14"
"兴国中","10","4","14"
"契丹侵","2","12","14"
"太祖对","1","13","14"
"知所措","3","11","14"
"军都校","7","7","14"
"州马步","7","7","14"
"宗亲征","4","10","14"
"事不能","2","12","14"
"又攻破","1","13","14"
"望风而","3","11","14"
"诸将不","8","6","14"
"郁郁不","4","10","14"
"以父任","14","0","14"
"白金五","10","4","14"
"道三年","3","11","14"
"至尚书","5","9","14"
"论时政","7","7","14"
"咸平四","3","11","14"
"然自得","2","12","14"
"知陛下","12","2","14"
"门不出","5","9","14"
"河以北","1","13","14"
"咸平中","11","3","14"
"端拱二","3","11","14"
"拱二年","3","11","14"
"真宗在","4","10","14"
"内外都","1","13","14"
"圣元年","7","7","14"
"与丁谓","5","9","14"
"至宰相","7","7","14"
"真宗因","2","12","14"
"是太后","3","11","14"
"卫京师","3","11","14"
"能取胜","1","13","14"
"兴土木","4","10","14"
"邓润甫","5","9","14"
"要之地","1","13","14"
"荐人才","1","13","14"
"可胜计","8","6","14"
"为左司","2","12","14"
"诏令从","1","13","14"
"大举入","1","13","14"
"于宰相","7","7","14"
"侂胄以","11","3","14"
"朝廷安","5","9","14"
"赴朝廷","1","13","14"
"朝廷和","1","13","14"
"政以来","7","7","14"
"东南面","1","13","14"
"检正中","7","7","14"
"是不得","4","10","14"
"军追击","1","13","14"
"宗即帝","1","13","14"
"赏罚不","4","10","14"
"百姓多","1","13","14"
"人而不","5","9","14"
"皇帝陛","2","12","14"
"帝陛下","2","12","14"
"英雄豪","1","13","14"
"雄豪杰","1","13","14"
"元祐初","13","1","14"
"听命于","2","12","14"
"在杭州","1","13","14"
"政和二","6","8","14"
"郑衍德","5","9","14"
"卢鼓槌","7","7","14"
"于是全","3","11","14"
"于是李","1","13","14"
"范成进","2","12","14"
"下大事","1","13","14"
"相蔡确","7","7","14"
"惠卿为","6","8","14"
"京城下","1","13","14"
"军深入","3","11","14"
"市易法","2","12","14"
"建炎四","4","10","14"
"炎四年","4","10","14"
"令韩世","1","13","14"
"要害之","2","12","14"
"不敢前","1","13","14"
"龙虎大","7","7","14"
"虎大王","7","7","14"
"的羌人","0","14","14"
"其他地","0","14","14"
"一律免","0","14","14"
"征收的","0","14","14"
"后面的","0","14","14"
"的帝王","0","14","14"
"能到达","0","14","14"
"忘记了","0","14","14"
"帝时设","0","14","14"
"也这样","0","14","14"
"的高低","0","14","14"
"在相应","0","14","14"
"商就是","0","14","14"
"全部被","0","14","14"
"二个月","0","14","14"
"照旧例","0","14","14"
"一切都","0","14","14"
"的诚心","0","14","14"
"惶恐不","0","14","14"
"恐不安","0","14","14"
"的诚意","0","14","14"
"安葬完","0","14","14"
"葬完毕","0","14","14"
"毕之后","0","14","14"
"重丧服","0","14","14"
"降丧服","0","14","14"
"哪一个","0","14","14"
"在同一","0","14","14"
"此之后","0","14","14"
"皇上从","0","14","14"
"便可以","0","14","14"
"很明显","0","14","14"
"的服饰","0","14","14"
"道可以","0","14","14"
"的风俗","0","14","14"
"将有军","0","14","14"
"的现象","0","14","14"
"不认为","0","14","14"
"最终也","0","14","14"
"百姓安","0","14","14"
"危险的","0","14","14"
"还给他","0","14","14"
"队出征","0","14","14"
"是同样","0","14","14"
"就出现","0","14","14"
"倒在地","0","14","14"
"深深地","0","14","14"
"现日食","0","14","14"
"这种说","0","14","14"
"其他官","0","14","14"
"官员们","0","14","14"
"不了解","0","14","14"
"投入监","0","14","14"
"常恐惧","0","14","14"
"产生了","0","14","14"
"的主簿","0","14","14"
"不需要","0","14","14"
"的部属","0","14","14"
"我曾经","0","14","14"
"巨大的","0","14","14"
"的性命","0","14","14"
"你怎么","0","14","14"
"到长江","0","14","14"
"处理的","0","14","14"
"的这个","0","14","14"
"上的恩","0","14","14"
"了一道","0","14","14"
"家没有","0","14","14"
"所以这","0","14","14"
"尽全力","0","14","14"
"的所有","0","14","14"
"以后的","0","14","14"
"作文章","0","14","14"
"小小的","0","14","14"
"曾经对","0","14","14"
"人都不","0","14","14"
"有一种","0","14","14"
"的途径","0","14","14"
"不是为","0","14","14"
"不过几","0","14","14"
"他的志","0","14","14"
"果这样","0","14","14"
"没有大","0","14","14"
"人应该","0","14","14"
"管辖的","0","14","14"
"世的消","0","14","14"
"不担心","0","14","14"
"了敌人","0","14","14"
"城的人","0","14","14"
"他的大","0","14","14"
"我怎么","0","14","14"
"图谋不","0","14","14"
"北方人","0","14","14"
"中原的","0","14","14"
"的远近","0","14","14"
"不正确","0","14","14"
"帝的意","0","14","14"
"进入京","0","14","14"
"万大军","0","14","14"
"用这个","0","14","14"
"一个小","0","14","14"
"卢循的","0","14","14"
"希望的","0","14","14"
"管部门","0","14","14"
"涉王圭","0","14","14"
"兵全部","0","14","14"
"臣们说","0","14","14"
"是你的","0","14","14"
"命令太","0","14","14"
"每年都","0","14","14"
"一个接","0","14","14"
"役的人","0","14","14"
"的功效","0","14","14"
"建立了","0","14","14"
"欠的钱","0","14","14"
"部门不","0","14","14"
"不动就","0","14","14"
"队失败","0","14","14"
"事务的","0","14","14"
"练士兵","0","14","14"
"情发生","0","14","14"
"被批准","0","14","14"
"的程度","0","14","14"
"上听说","0","14","14"
"命令将","0","14","14"
"没有好","0","14","14"
"这是国","0","14","14"
"这是有","0","14","14"
"诉皇上","0","14","14"
"人都是","0","14","14"
"的数量","0","14","14"
"被废除","0","14","14"
"种做法","0","14","14"
"没有获","0","14","14"
"辞去官","0","14","14"
"的主人","0","14","14"
"他们看","0","14","14"
"来确定","0","14","14"
"收复了","0","14","14"
"认为陛","0","14","14"
"的恩典","0","14","14"
"安居乐","0","14","14"
"居乐业","0","14","14"
"兵的人","0","14","14"
"说应该","0","14","14"
"不一致","0","14","14"
"官吏们","0","14","14"
"有许多","0","14","14"
"生的事","0","14","14"
"的语言","0","14","14"
"想办法","0","14","14"
"任命前","0","14","14"
"于奎宿","0","14","14"
"京城刮","0","14","14"
"京城地","0","14","14"
"刘义季","0","14","14"
"追认为","0","14","14"
"兼任中","0","14","14"
"赵元俨","0","14","14"
"设置三","0","14","14"
"讨伐平","0","14","14"
"下诏任","0","14","14"
"任其一","0","14","14"
"知府兼","0","14","14"
"武密说","0","14","14"
"形成勾","0","14","14"
"庆历年","0","14","14"
"改任秘","0","14","14"
"任龙图","0","14","14"
"升为直","0","14","14"
"命令左","0","14","14"
"突然到","0","14","14"
"有十多","0","14","14"
"队没有","0","14","14"
"的兵权","0","14","14"
"桓玄的","0","14","14"
"叛逆的","0","14","14"
"不成功","0","14","14"
"的堂弟","0","14","14"
"他们交","0","14","14"
"全部杀","0","14","14"
"百年的","0","14","14"
"亲自前","0","14","14"
"城内的","0","14","14"
"不能抵","0","14","14"
"没有办","0","14","14"
"是率领","0","14","14"
"担心不","0","14","14"
"率领的","0","14","14"
"人都以","0","14","14"
"不能阻","0","14","14"
"自写信","0","14","14"
"廷授予","0","14","14"
"公正的","0","14","14"
"不得超","0","14","14"
"的旧例","0","14","14"
"他的哥","0","14","14"
"返回后","0","14","14"
"朝听政","0","14","14"
"不回答","0","14","14"
"上出现","0","14","14"
"都被处","0","14","14"
"时兼任","0","14","14"
"官员一","0","14","14"
"作战的","0","14","14"
"当时太","0","14","14"
"部分地","0","14","14"
"恢复设","0","14","14"
"的决心","0","14","14"
"的目的","0","14","14"
"封为卫","0","14","14"
"君王的","0","14","14"
"前的事","0","14","14"
"来祭祀","0","14","14"
"样就可","0","14","14"
"有三百","0","14","14"
"可以在","0","14","14"
"等人不","0","14","14"
"等人上","0","14","14"
"的祥瑞","0","14","14"
"应当改","0","14","14"
"以表明","0","14","14"
"十二天","0","14","14"
"的月份","0","14","14"
"祭祖庙","0","14","14"
"余数就","0","14","14"
"太阳合","0","14","14"
"运行一","0","14","14"
"能全部","0","14","14"
"臣百官","0","14","14"
"在家里","0","14","14"
"帝初年","0","14","14"
"的丧礼","0","14","14"
"议论相","0","14","14"
"治理好","0","14","14"
"的陵墓","0","14","14"
"到十分","0","14","14"
"皇帝派","0","14","14"
"应当依","0","14","14"
"生下来","0","14","14"
"服丧完","0","14","14"
"有差别","0","14","14"
"认为皇","0","14","14"
"因为皇","0","14","14"
"他的过","0","14","14"
"么这样","0","14","14"
"子的人","0","14","14"
"堂举行","0","14","14"
"不恭敬","0","14","14"
"月辛末","0","14","14"
"危害国","0","14","14"
"当时天","0","14","14"
"广泛地","0","14","14"
"的意向","0","14","14"
"不能超","0","14","14"
"岂不是","0","14","14"
"的治理","0","14","14"
"德行的","0","14","14"
"可以依","0","14","14"
"府君的","0","14","14"
"都是用","0","14","14"
"有变故","0","14","14"
"于这样","0","14","14"
"作为后","0","14","14"
"率领水","0","14","14"
"皇帝乘","0","14","14"
"职退休","0","14","14"
"的将军","0","14","14"
"的三个","0","14","14"
"什么这","0","14","14"
"有一位","0","14","14"
"比得上","0","14","14"
"太阳运","0","14","14"
"阳运行","0","14","14"
"在奎宿","0","14","14"
"示君主","0","14","14"
"之地的","0","14","14"
"南方向","0","14","14"
"于柳宿","0","14","14"
"战而死","0","14","14"
"与前面","0","14","14"
"前面相","0","14","14"
"宿犯木","0","14","14"
"侵犯并","0","14","14"
"的人被","0","14","14"
"来辅佐","0","14","14"
"帝召见","0","14","14"
"官认为","0","14","14"
"说他的","0","14","14"
"不会有","0","14","14"
"出生时","0","14","14"
"亮进入","0","14","14"
"的和尚","0","14","14"
"给太祖","0","14","14"
"州府的","0","14","14"
"向全国","0","14","14"
"人相互","0","14","14"
"的人没","0","14","14"
"天儆戒","0","14","14"
"百姓十","0","14","14"
"一直不","0","14","14"
"姓遭受","0","14","14"
"恐怕有","0","14","14"
"就自己","0","14","14"
"国各地","0","14","14"
"的房子","0","14","14"
"他曾经","0","14","14"
"都是当","0","14","14"
"年没有","0","14","14"
"能决断","0","14","14"
"来迎接","0","14","14"
"的决定","0","14","14"
"于是说","0","14","14"
"推荐了","0","14","14"
"掌握大","0","14","14"
"率领三","0","14","14"
"赞赏他","0","14","14"
"希望得","0","14","14"
"于是回","0","14","14"
"派人召","0","14","14"
"知道我","0","14","14"
"人也不","0","14","14"
"的上面","0","14","14"
"是不知","0","14","14"
"高宗的","0","14","14"
"叹息说","0","14","14"
"派人去","0","14","14"
"次派遣","0","14","14"
"的待遇","0","14","14"
"使敌人","0","14","14"
"帝知道","0","14","14"
"久没有","0","14","14"
"知此事","0","14","14"
"他上书","0","14","14"
"的几个","0","14","14"
"受贿赂","0","14","14"
"求自己","0","14","14"
"回京师","0","14","14"
"朝廷说","0","14","14"
"为人质","0","14","14"
"们请求","0","14","14"
"代替自","0","14","14"
"在淮河","0","14","14"
"这时他","0","14","14"
"下应当","0","14","14"
"什么罪","0","14","14"
"招降他","0","14","14"
"没有决","0","14","14"
"诉他说","0","14","14"
"推辞说","0","14","14"
"他的忠","0","14","14"
"宗对他","0","14","14"
"这里的","0","14","14"
"降职为","0","14","14"
"没被允","0","14","14"
"了解到","0","14","14"
"当时李","0","14","14"
"讨厌他","0","14","14"
"军离开","0","14","14"
"百名骑","0","14","14"
"因功升","0","14","14"
"使的身","0","14","14"
"寺祈祷","0","14","14"
"上殿听","0","14","14"
"丹军队","0","14","14"
"亲自考","0","14","14"
"州发大","0","14","14"
"下诏御","0","14","14"
"了这件","0","14","14"
"的所作","0","14","14"
"的条件","0","14","14"
"免除其","0","14","14"
"讯察记","0","14","14"
"令任命","0","14","14"
"到太学","0","14","14"
"自行处","0","14","14"
"成都知","0","14","14"
"给契丹","0","14","14"
"求诛杀","0","14","14"
"进人井","0","14","14"
"人井宿","0","14","14"
"隐匿不","0","14","14"
"赏标准","0","14","14"
"下诏全","0","14","14"
"下诏奖","0","14","14"
"官一起","0","14","14"
"才允许","0","14","14"
"任谏官","0","14","14"
"命令监","0","14","14"
"给溢号","0","14","14"
"社翟祈","0","14","14"
"翟祈祷","0","14","14"
"臣们的","0","14","14"
"朝使臣","0","14","14"
"任命蔡","0","14","14"
"被降官","0","14","14"
"到岭南","0","14","14"
"南知府","0","14","14"
"到各地","0","14","14"
"符年间","0","14","14"
"使辽国","0","14","14"
"贼兴起","0","14","14"
"逢一日","0","14","14"
"派遣赵","0","14","14"
"到金军","0","14","14"
"担任金","0","14","14"
"杀死守","0","14","14"
"请求选","0","14","14"
"担任监","0","14","14"
"军再次","0","14","14"
"金国回","0","14","14"
"令两淮","0","14","14"
"绍兴九","0","14","14"
"已经被","0","14","14"
"岳飞说","0","14","14"
"陈州知","0","14","14"
"兴知府","0","14","14"
"年成丰","0","14","14"
"捷报传","0","14","14"
"降元朝","0","14","14"
"又过了","0","14","14"
"的日影","0","14","14"
"书;天","0","14","14"
";天文","0","14","14"
"星南面","0","14","14"
"长久占","0","14","14"
"祥符年","0","14","14"
"请皇帝","0","14","14"
"就任命","0","14","14"
"机行事","0","14","14"
"被贬任","0","14","14"
"升任礼","0","14","14"
"取进士","0","14","14"
"皇上看","0","14","14"
"奏对时","0","14","14"
"任京西","0","14","14"
"提拔的","0","14","14"
"担心的","0","14","14"
"进士后","0","14","14"
"回京后","0","14","14"
"任侍读","0","14","14"
"论述了","0","14","14"
"桧死后","0","14","14"
"召用他","0","14","14"
"的忠义","0","14","14"
"推举参","0","14","14"
"张浚认","0","14","14"
"岳飞回","0","14","14"
"满会通","6","7","13"
"事不合","7","6","13"
"使有司","13","0","13"
"宫车晏","13","0","13"
"车晏驾","13","0","13"
"太子之","5","8","13"
"万全之","4","9","13"
"逆之罪","10","3","13"
"以布衣","9","4","13"
"天子以","11","2","13"
"十年以","3","10","13"
"不便于","9","4","13"
"有十三","2","11","13"
"以母忧","13","0","13"
"阴入氐","13","0","13"
"亦以为","13","0","13"
"左右之","7","6","13"
"兵不可","11","2","13"
"没官田","7","6","13"
"所顾忌","4","9","13"
"不可测","5","8","13"
"大战于","8","5","13"
"邑千户","11","2","13"
"以司空","8","5","13"
"谢晦为","6","7","13"
"以辅国","13","0","13"
"三千户","7","6","13"
"谷浑慕","7","6","13"
"强弩将","6","7","13"
"军建安","6","7","13"
"青冀二","6","7","13"
"邑二千","6","7","13"
"后军将","6","7","13"
"兴宗为","7","6","13"
"秣陵县","5","8","13"
"五百二","7","6","13"
"献帝建","7","6","13"
"帝建安","7","6","13"
"以下至","8","5","13"
"四百六","7","6","13"
"千三十","12","1","13"
"分为一","6","7","13"
"为一度","6","7","13"
"黄初三","8","5","13"
"黄初四","6","7","13"
"闰月癸","12","1","13"
"始九年","6","7","13"
"甘露二","7","6","13"
"露二年","7","6","13"
"和十年","6","7","13"
"闰月丙","12","1","13"
"天下归","8","5","13"
"文帝初","7","6","13"
"年闰三","7","6","13"
"咸和二","7","6","13"
"元十三","6","7","13"
"元兴二","6","7","13"
"为燕王","7","6","13"
"闰月壬","10","3","13"
"太行山","4","9","13"
"六百八","7","6","13"
"汉属临","13","0","13"
"汉属东","13","0","13"
"下邳太","6","7","13"
"邳太守","6","7","13"
"光义为","7","6","13"
"王钱俶","13","0","13"
"文明殿","6","7","13"
"静难军","6","7","13"
"右屯卫","6","7","13"
"为契丹","5","8","13"
"王元佐","12","1","13"
"表上尊","7","6","13"
"冯拯为","6","7","13"
"并参知","13","0","13"
"为成都","4","9","13"
"韩琦为","7","6","13"
"臣子孙","7","6","13"
"御史兼","7","6","13"
"为淑妃","6","7","13"
"八十人","6","7","13"
"徽宗皇","6","7","13"
"承旨王","7","6","13"
"数千级","12","1","13"
"显仁皇","7","6","13"
"仁皇后","7","6","13"
"京副留","6","7","13"
"王府直","6","7","13"
"举改官","7","6","13"
"东招抚","6","7","13"
"台谏各","9","4","13"
"服三年","8","5","13"
"出身有","13","0","13"
"身有差","13","0","13"
"以赵葵","7","6","13"
"以贾似","7","6","13"
"似道以","8","5","13"
"兼权知","10","3","13"
"叶梦鼎","7","6","13"
"以生日","7","6","13"
"知太平","10","3","13"
"直宝章","7","6","13"
"司准备","7","6","13"
"准备差","7","6","13"
"两淮宣","7","6","13"
"为史馆","5","8","13"
"王积翁","5","8","13"
"武密曰","13","0","13"
"五星入","12","1","13"
"库空虚","1","12","13"
"宗正卿","6","7","13"
"妃为皇","6","7","13"
"淳三年","4","9","13"
"宗为皇","5","8","13"
"国七年","4","9","13"
"赠尚书","9","4","13"
"备库使","7","6","13"
"奉安太","11","2","13"
"迁右谏","11","2","13"
"权御史","8","5","13"
"判大名","7","6","13"
"文集十","6","7","13"
"擢知制","13","0","13"
"知泾州","8","5","13"
"五百里","4","9","13"
"赠光禄","11","2","13"
"院修撰","5","8","13"
"御史江","6","7","13"
"置司参","6","7","13"
"兼知江","10","3","13"
"湖北提","6","7","13"
"为丞相","5","8","13"
"知随州","9","4","13"
"高祖因","1","12","13"
"国内史","6","7","13"
"高祖为","5","8","13"
"为建武","7","6","13"
"竟陵太","7","6","13"
"军诸葛","7","6","13"
"无功而","4","9","13"
"四十里","5","8","13"
"皆伏诛","13","0","13"
"第三子","11","2","13"
"能自存","12","1","13"
"又诏曰","13","0","13"
"为庐陵","7","6","13"
"进号安","12","1","13"
"辛巳朔","13","0","13"
"堂听讼","11","2","13"
"将军徐","6","7","13"
"己卯朔","12","1","13"
"品以下","6","7","13"
"属豫州","8","5","13"
"将军杨","7","6","13"
"祀南郊","8","5","13"
"书令傅","6","7","13"
"令傅亮","6","7","13"
"为征南","6","7","13"
"国王遣","12","1","13"
"王公以","6","7","13"
"公以下","6","7","13"
"徐二州","7","6","13"
"将军臧","6","7","13"
"盱眙城","3","10","13"
"妃王氏","7","6","13"
"属徐州","6","7","13"
"王子鸾","11","2","13"
"为新安","8","5","13"
"为豫章","8","5","13"
"淮南郡","7","6","13"
"后数日","12","1","13"
"司徒建","7","6","13"
"徒建安","7","6","13"
"晋平王","7","6","13"
"方反叛","5","8","13"
"戊寅朔","13","0","13"
"六岁时","1","12","13"
"州行事","7","6","13"
"而不言","12","1","13"
"平六年","4","9","13"
"以十二","8","5","13"
"尺四寸","6","7","13"
"见西方","13","0","13"
"之不能","10","3","13"
"之月为","8","5","13"
"而行之","11","2","13"
"甲子朔","13","0","13"
"以纪法","6","7","13"
"日以上","13","0","13"
"四百二","7","6","13"
"月合朔","6","7","13"
"九十八","6","7","13"
"各得其","5","8","13"
"二千八","8","5","13"
"五分之","5","8","13"
"九百九","7","6","13"
"分之四","2","11","13"
"行天下","5","8","13"
"太子监","7","6","13"
"行三年","8","5","13"
"所施行","8","5","13"
"硃膺之","13","0","13"
"周景远","6","7","13"
"陈贵妃","5","8","13"
"晋恭帝","6","7","13"
"五帝之","8","5","13"
"拜谒陵","1","12","13"
"帝延康","7","6","13"
"皇天上","2","11","13"
"武帝平","5","8","13"
"以太牢","11","2","13"
"在寻阳","3","10","13"
"于彭城","7","6","13"
"亲执觞","4","9","13"
"者各一","8","5","13"
"代不同","2","11","13"
"用太牢","3","10","13"
"天下者","13","0","13"
"于是解","2","11","13"
"元嘉末","6","7","13"
"以客礼","8","5","13"
"百人为","11","2","13"
"海之内","1","12","13"
"与之为","8","5","13"
"天下治","8","5","13"
"皇帝圣","4","9","13"
"理万机","2","11","13"
"东西南","7","6","13"
"惑入太","13","0","13"
"至二十","9","4","13"
"八十余","10","3","13"
"犯太白","11","2","13"
"千余级","10","3","13"
"逆行入","10","3","13"
"六十日","13","0","13"
"下有大","6","7","13"
"帝光熙","6","7","13"
"永嘉三","7","6","13"
"咸康四","6","7","13"
"将相忧","13","0","13"
"咸康八","7","6","13"
"朝廷从","8","5","13"
"而杀之","11","2","13"
"犯进贤","6","7","13"
"西上将","6","7","13"
"犯执法","5","8","13"
"星入舆","1","12","13"
"水旱不","8","5","13"
"有赤气","11","2","13"
"大臣将","1","12","13"
"贵人有","5","8","13"
"八十里","4","9","13"
"郡江陵","9","4","13"
"隆安五","6","7","13"
"丞梅道","7","6","13"
"有甘露","2","11","13"
"会稽永","7","6","13"
"闰正月","4","9","13"
"池二莲","7","6","13"
"而百姓","3","10","13"
"数十里","9","4","13"
"有火灾","4","9","13"
"与内侍","7","6","13"
"莫知所","13","0","13"
"于是王","2","11","13"
"大雨雹","13","0","13"
"壬申朔","13","0","13"
"七千人","8","5","13"
"闰十月","2","11","13"
"见天子","4","9","13"
"七十三","7","6","13"
"钱三百","7","6","13"
"世子中","7","6","13"
"将何以","13","0","13"
"流而下","5","8","13"
"至扬州","11","2","13"
"不能一","3","10","13"
"尉行参","6","7","13"
"臣所以","12","1","13"
"又上表","2","11","13"
"善属文","13","0","13"
"少好学","12","1","13"
"太祖以","9","4","13"
"太祖从","5","8","13"
"官至太","3","10","13"
"承天为","1","12","13"
"为金紫","2","11","13"
"刘攘兵","4","9","13"
"钱一万","5","8","13"
"不能因","1","12","13"
"下之士","7","6","13"
"邑四百","7","6","13"
"庞孟虬","3","10","13"
"乘胜追","5","8","13"
"不能入","7","6","13"
"遣使以","13","0","13"
"并为太","8","5","13"
"不能治","3","10","13"
"公孙表","4","9","13"
"闭城门","3","10","13"
"为之感","5","8","13"
"为卫尉","5","8","13"
"遣使分","13","0","13"
"遣其子","12","1","13"
"前代帝","5","8","13"
"淮南饥","8","5","13"
"诏尚书","8","5","13"
"乐平县","5","8","13"
"潘美等","6","7","13"
"送阙下","13","0","13"
"河决澶","13","0","13"
"运使李","6","7","13"
"知颍州","9","4","13"
"刘钅长","1","12","13"
"十有五","12","1","13"
"安化军","6","7","13"
"顿首谢","13","0","13"
"诸州民","13","0","13"
"杜太后","2","11","13"
"常赦所","11","2","13"
"赦所不","11","2","13"
"为永兴","5","8","13"
"官进秩","9","4","13"
"兴国寺","7","6","13"
"御史赵","5","8","13"
"折御卿","6","7","13"
"兴国六","3","10","13"
"除福建","4","9","13"
"道行营","7","6","13"
"军指挥","6","7","13"
"置营田","7","6","13"
"流罪以","8","5","13"
"刑狱官","6","7","13"
"御文德","13","0","13"
"王元份","12","1","13"
"进秩一","8","5","13"
"秩一等","9","4","13"
"葛霸为","6","7","13"
"近臣举","10","3","13"
"于中书","9","4","13"
"以太师","6","7","13"
"官转对","7","6","13"
"赐缗钱","12","1","13"
"京城百","1","12","13"
"缘边安","7","6","13"
"奉天书","7","6","13"
"令转运","5","8","13"
"入内内","9","4","13"
"寿春郡","6","7","13"
"分军国","10","3","13"
"下囚罪","13","0","13"
"伤州军","8","5","13"
"壬寅朔","13","0","13"
"使来告","13","0","13"
"明肃皇","5","8","13"
"封府界","5","8","13"
"官一子","13","0","13"
"黄德和","4","9","13"
"监直讲","6","7","13"
"州上供","7","6","13"
"内供奉","6","7","13"
"任馆阁","2","11","13"
"言事官","6","7","13"
"祐三年","8","5","13"
"请皇太","7","6","13"
"任守忠","5","8","13"
"师致仕","12","1","13"
"官吏有","3","10","13"
"农田水","6","7","13"
"知河中","9","4","13"
"恩有差","13","0","13"
"熙河经","7","6","13"
"与夏人","10","3","13"
"等作乱","12","1","13"
"哭流涕","2","11","13"
"李乾德","6","7","13"
"言朝政","3","10","13"
"京国子","7","6","13"
"册宝于","13","0","13"
"神宗实","7","6","13"
"任台谏","2","11","13"
"赵怀德","6","7","13"
"上官均","5","8","13"
"任伯雨","6","7","13"
"书邪等","7","6","13"
"开德府","7","6","13"
"中为少","6","7","13"
"宣和殿","6","7","13"
"林灵素","6","7","13"
"义大夫","6","7","13"
"集流民","5","8","13"
"福建各","1","12","13"
"阙上书","13","0","13"
"命新任","1","12","13"
"郎兼权","9","4","13"
"经制使","6","7","13"
"以张浚","12","1","13"
"拒却之","13","0","13"
"秘书正","5","8","13"
"书正字","5","8","13"
"延安府","8","5","13"
"曲端为","3","10","13"
"安军安","6","7","13"
"千人驻","1","12","13"
"马柔吉","6","7","13"
"左右司","5","8","13"
"岳飞遣","13","0","13"
"与赵鼎","4","9","13"
"在平江","5","8","13"
"张浚入","9","4","13"
"弃庐州","4","9","13"
"宣抚判","7","6","13"
"知温州","9","4","13"
"刘大中","6","7","13"
"交趾郡","1","12","13"
"趾郡王","1","12","13"
"报谢使","7","6","13"
"余尧弼","6","7","13"
"欠租税","1","12","13"
"州经界","8","5","13"
"盱眙军","9","4","13"
"在盱眙","3","10","13"
"经总制","7","6","13"
"人来索","6","7","13"
"制国用","8","5","13"
"兼沿江","7","6","13"
"为岳飞","2","11","13"
"王希吕","4","9","13"
"李彦颖","6","7","13"
"于西方","1","12","13"
"所欲言","9","4","13"
"诣重华","13","0","13"
"与皇帝","2","11","13"
"王即皇","7","6","13"
"诏求言","10","3","13"
"翟朝宗","4","9","13"
"进一秩","13","0","13"
"理司直","6","7","13"
"知遂宁","10","3","13"
"兼福建","6","7","13"
"为华文","2","11","13"
"颜守绪","4","9","13"
"清之为","5","8","13"
"行简为","4","9","13"
"彗星消","2","11","13"
"行遥郡","7","6","13"
"兵不满","8","5","13"
"除今年","2","11","13"
"报战功","1","12","13"
"宗梓宫","3","10","13"
"不能全","1","12","13"
"在东南","1","12","13"
"星明大","13","0","13"
"女主失","7","6","13"
"其分有","13","0","13"
"害忠良","4","9","13"
"星入犯","13","0","13"
"臣下叛","1","12","13"
"子有喜","4","9","13"
"在毕宿","2","11","13"
"甲子日","1","12","13"
"丹使者","3","10","13"
"徽宗立","13","0","13"
"不能亲","1","12","13"
"相赵汝","6","7","13"
"开宝中","13","0","13"
"阵以待","5","8","13"
"大将王","6","7","13"
"从其请","12","1","13"
"符七年","4","9","13"
"求解职","2","11","13"
"人不可","5","8","13"
"迁刑部","13","0","13"
"进士不","9","4","13"
"前日之","13","0","13"
"未满三","1","12","13"
"以为国","11","2","13"
"建议请","8","5","13"
"奏罢之","13","0","13"
"于是立","1","12","13"
"与杨亿","6","7","13"
"在成都","2","11","13"
"宗之法","8","5","13"
"迁吏部","13","0","13"
"在政府","7","6","13"
"拜同中","12","1","13"
"宰相陈","6","7","13"
"加集贤","10","3","13"
"不得而","8","5","13"
"不能推","2","11","13"
"陕西用","7","6","13"
"西用兵","7","6","13"
"将不能","3","10","13"
"下不能","2","11","13"
"臣愿陛","13","0","13"
"以示天","10","3","13"
"陛下继","4","9","13"
"东封泰","4","9","13"
"大小学","6","7","13"
"王继先","5","8","13"
"除起居","13","0","13"
"理狱案","1","12","13"
"不知有","6","7","13"
"定国家","1","12","13"
"痛哭流","1","12","13"
"不共戴","5","8","13"
"朝廷告","1","12","13"
"朝廷政","2","11","13"
"孙忠锐","2","11","13"
"司机宜","6","7","13"
"在战斗","1","12","13"
"兼权直","8","5","13"
"而加以","2","11","13"
"陛下又","4","9","13"
"姓疾苦","1","12","13"
"知宣州","9","4","13"
"此可见","3","10","13"
"百姓自","2","11","13"
"吴表臣","6","7","13"
"可以安","3","10","13"
"以长久","1","12","13"
"二帝北","9","4","13"
"合五路","7","6","13"
"魏汉津","1","12","13"
"宣和六","6","7","13"
"说国家","1","12","13"
"为入内","3","10","13"
"道陛下","1","12","13"
"有宰相","2","11","13"
"朝皇帝","1","12","13"
"司天官","2","11","13"
"安石不","6","7","13"
"进人太","1","12","13"
"称病不","1","12","13"
"护百姓","1","12","13"
"极力争","1","12","13"
"于是奏","1","12","13"
"的城池","0","13","13"
"能胜任","0","13","13"
"不是皇","0","13","13"
"我亲自","0","13","13"
"广开言","0","13","13"
"不是国","0","13","13"
"的人们","0","13","13"
"时设立","0","13","13"
"时太阳","0","13","13"
"度分数","0","13","13"
"亮在黄","0","13","13"
"依靠的","0","13","13"
"是应该","0","13","13"
"所以没","0","13","13"
"旧的典","0","13","13"
"持祭祀","0","13","13"
"都依照","0","13","13"
"如果一","0","13","13"
"合实际","0","13","13"
"难道可","0","13","13"
"的仁德","0","13","13"
"知道它","0","13","13"
"称它为","0","13","13"
"更严重","0","13","13"
"州郡的","0","13","13"
"也一定","0","13","13"
"的圣明","0","13","13"
"的教化","0","13","13"
"刺史的","0","13","13"
"是主管","0","13","13"
"官没有","0","13","13"
"德之人","0","13","13"
"听到的","0","13","13"
"都是大","0","13","13"
"有这些","0","13","13"
"给我们","0","13","13"
"一方面","0","13","13"
"完全是","0","13","13"
"非常恐","0","13","13"
"家庭贫","0","13","13"
"士兵的","0","13","13"
"把这个","0","13","13"
"努力学","0","13","13"
"样做的","0","13","13"
"余的人","0","13","13"
"锐骑兵","0","13","13"
"们可以","0","13","13"
"不能做","0","13","13"
"的心情","0","13","13"
"人因此","0","13","13"
"按礼制","0","13","13"
"本来的","0","13","13"
"的才华","0","13","13"
"不敢再","0","13","13"
"人因为","0","13","13"
"统一天","0","13","13"
"以免除","0","13","13"
"再次被","0","13","13"
"受皇上","0","13","13"
"可以让","0","13","13"
"恶的人","0","13","13"
"告诉我","0","13","13"
"我这里","0","13","13"
"一般人","0","13","13"
"有一些","0","13","13"
"会这样","0","13","13"
"认为自","0","13","13"
"再也没","0","13","13"
"下诏追","0","13","13"
"又议论","0","13","13"
"做文章","0","13","13"
"的君子","0","13","13"
"这是一","0","13","13"
"天命的","0","13","13"
"人的议","0","13","13"
"的性情","0","13","13"
"的缺点","0","13","13"
"是真正","0","13","13"
"他们进","0","13","13"
"人常常","0","13","13"
"么能不","0","13","13"
"人的心","0","13","13"
"的人相","0","13","13"
"设置的","0","13","13"
"然而他","0","13","13"
"喜欢读","0","13","13"
"们各自","0","13","13"
"二个人","0","13","13"
"良的人","0","13","13"
"年时代","0","13","13"
"元凶刘","0","13","13"
"凶刘邵","0","13","13"
"部门的","0","13","13"
"因此对","0","13","13"
"人到朝","0","13","13"
"皇上一","0","13","13"
"是成为","0","13","13"
"他学习","0","13","13"
"的副将","0","13","13"
"述自己","0","13","13"
"多次下","0","13","13"
"能见到","0","13","13"
"是过去","0","13","13"
"的人物","0","13","13"
"如果敌","0","13","13"
"管军事","0","13","13"
"回来时","0","13","13"
"来请求","0","13","13"
"的小儿","0","13","13"
"的实际","0","13","13"
"个请求","0","13","13"
"的人马","0","13","13"
"不顺从","0","13","13"
"反过来","0","13","13"
"如果说","0","13","13"
"步兵骑","0","13","13"
"兵骑兵","0","13","13"
"以赏赐","0","13","13"
"的长官","0","13","13"
"帝面前","0","13","13"
"你应该","0","13","13"
"应该立","0","13","13"
"减少了","0","13","13"
"主管部","0","13","13"
"过分了","0","13","13"
"在我们","0","13","13"
"慕王贵","0","13","13"
"多次被","0","13","13"
"祖亲自","0","13","13"
"使臣进","0","13","13"
"处死刑","0","13","13"
"的罪犯","0","13","13"
"的材料","0","13","13"
"他们出","0","13","13"
"兴地采","0","13","13"
"的人所","0","13","13"
"几天后","0","13","13"
"守丧未","0","13","13"
"丧未满","0","13","13"
"全部平","0","13","13"
"部平定","0","13","13"
"应了他","0","13","13"
"不守法","0","13","13"
"年发生","0","13","13"
"请求说","0","13","13"
"下来了","0","13","13"
"互相攻","0","13","13"
"方任职","0","13","13"
"江州知","0","13","13"
"不想让","0","13","13"
"任用贤","0","13","13"
"予官职","0","13","13"
"发生变","0","13","13"
"请求担","0","13","13"
"时人们","0","13","13"
"的进士","0","13","13"
"中得到","0","13","13"
"下亲自","0","13","13"
"的效果","0","13","13"
"嫁给他","0","13","13"
"死的时","0","13","13"
"主张和","0","13","13"
"来做官","0","13","13"
"士兵不","0","13","13"
"臣没有","0","13","13"
"以等待","0","13","13"
"的这种","0","13","13"
"了李全","0","13","13"
"朝廷报","0","13","13"
"委任尚","0","13","13"
"二月三","0","13","13"
"封为安","0","13","13"
"佩银印","0","13","13"
"入毕宿","0","13","13"
"于昴宿","0","13","13"
"之七八","0","13","13"
"吴兴的","0","13","13"
"元康年","0","13","13"
"和末年","0","13","13"
"城刮大","0","13","13"
"丁丑曰","0","13","13"
"被追认","0","13","13"
"州早灾","0","13","13"
"诏令中","0","13","13"
"任命余","0","13","13"
"命令赵","0","13","13"
"诏令王","0","13","13"
"号为寿","0","13","13"
"诏任命","0","13","13"
"出身不","0","13","13"
"身不等","0","13","13"
"代理知","0","13","13"
"为直秘","0","13","13"
"颗星是","0","13","13"
"后周广","0","13","13"
"拜他为","0","13","13"
"改任右","0","13","13"
"不敢接","0","13","13"
"拱初年","0","13","13"
"任监察","0","13","13"
"任西上","0","13","13"
"任河南","0","13","13"
"任集贤","0","13","13"
"任西京","0","13","13"
"升为起","0","13","13"
"在应当","0","13","13"
"职照旧","0","13","13"
"跟随他","0","13","13"
"让他做","0","13","13"
"派兵攻","0","13","13"
"的小人","0","13","13"
"官复原","0","13","13"
"是用以","0","13","13"
"刺史照","0","13","13"
"何况是","0","13","13"
"将要到","0","13","13"
"的马匹","0","13","13"
"就请求","0","13","13"
"然到来","0","13","13"
"必然不","0","13","13"
"长江以","0","13","13"
"就上奏","0","13","13"
"的有十","0","13","13"
"遣他的","0","13","13"
"从小路","0","13","13"
"接受命","0","13","13"
"受命令","0","13","13"
"被杀后","0","13","13"
"的郡县","0","13","13"
"作为他","0","13","13"
"廷官员","0","13","13"
"伐他们","0","13","13"
"州平定","0","13","13"
"统治天","0","13","13"
"的法则","0","13","13"
"在战场","0","13","13"
"升为镇","0","13","13"
"据情况","0","13","13"
"因罪被","0","13","13"
"部分设","0","13","13"
"到南郊","0","13","13"
"徐兖二","0","13","13"
"任光禄","0","13","13"
"臣巡视","0","13","13"
"县官员","0","13","13"
"根据情","0","13","13"
"领各路","0","13","13"
"皇上为","0","13","13"
"分地区","0","13","13"
"全部免","0","13","13"
"设置了","0","13","13"
"亲自为","0","13","13"
"以黥刑","0","13","13"
"诏命他","0","13","13"
"按照旧","0","13","13"
"时代的","0","13","13"
"的范围","0","13","13"
"数乘以","0","13","13"
"来观察","0","13","13"
"拿出来","0","13","13"
"什么用","0","13","13"
"又回到","0","13","13"
"明确的","0","13","13"
"前一天","0","13","13"
"没有差","0","13","13"
"星运行","0","13","13"
"的得失","0","13","13"
"数就是","0","13","13"
"下一个","0","13","13"
"法并在","0","13","13"
"的中气","0","13","13"
"天以上","0","13","13"
"的多少","0","13","13"
"十一天","0","13","13"
"祭祀祖","0","13","13"
"还有一","0","13","13"
"时正值","0","13","13"
"年饥荒","0","13","13"
"见了他","0","13","13"
"天下都","0","13","13"
"的丧制","0","13","13"
"逝世时","0","13","13"
"守丧的","0","13","13"
"论相同","0","13","13"
"知道不","0","13","13"
"之后才","0","13","13"
"应该让","0","13","13"
"应该按","0","13","13"
"西边的","0","13","13"
"朱膺之","0","13","13"
"私人的","0","13","13"
"诏令让","0","13","13"
"己的亲","0","13","13"
"可作为","0","13","13"
"因为没","0","13","13"
"的父母","0","13","13"
"命令的","0","13","13"
"明堂举","0","13","13"
"的威严","0","13","13"
"并命令","0","13","13"
"二次献","0","13","13"
"为不应","0","13","13"
"现在是","0","13","13"
"与他相","0","13","13"
"时设置","0","13","13"
"位君主","0","13","13"
"礼仪的","0","13","13"
"七十多","0","13","13"
"他所说","0","13","13"
"边境上","0","13","13"
"下议论","0","13","13"
"风俗的","0","13","13"
"乘坐的","0","13","13"
"都是由","0","13","13"
"敢接受","0","13","13"
"行的人","0","13","13"
"建立祠","0","13","13"
"月己末","0","13","13"
"己末日","0","13","13"
"制度以","0","13","13"
"君的神","0","13","13"
"开始有","0","13","13"
"位府君","0","13","13"
"世祖的","0","13","13"
"地的人","0","13","13"
"皇上曾","0","13","13"
"国没有","0","13","13"
"制度规","0","13","13"
"度规定","0","13","13"
"代表天","0","13","13"
"都得以","0","13","13"
"不再用","0","13","13"
"持朝政","0","13","13"
"以下都","0","13","13"
"兵作战","0","13","13"
"些地方","0","13","13"
"令制度","0","13","13"
"诏令赐","0","13","13"
"率领他","0","13","13"
"臣的意","0","13","13"
"在途中","0","13","13"
"十九个","0","13","13"
"已经有","0","13","13"
"谀奉承","0","13","13"
"家将有","0","13","13"
"争及丧","0","13","13"
"三天后","0","13","13"
"有饥荒","0","13","13"
"占辞与","0","13","13"
"有被杀","0","13","13"
"金星在","0","13","13"
"事发生","0","13","13"
"失败而","0","13","13"
"疾病瘟","0","13","13"
"病瘟疫","0","13","13"
"被斩杀","0","13","13"
"辅佐他","0","13","13"
"州事务","0","13","13"
"高祖刘","0","13","13"
"都害怕","0","13","13"
"就是我","0","13","13"
"才得到","0","13","13"
"告诉太","0","13","13"
"年少时","0","13","13"
"乱的人","0","13","13"
"凤凰停","0","13","13"
"凰停留","0","13","13"
"下面有","0","13","13"
"道路上","0","13","13"
"王刘骏","0","13","13"
"个郡国","0","13","13"
"东南的","0","13","13"
"中国的","0","13","13"
"成灾害","0","13","13"
"现在却","0","13","13"
"命他的","0","13","13"
"人自己","0","13","13"
"不任用","0","13","13"
"处理国","0","13","13"
"领一万","0","13","13"
"军队讨","0","13","13"
"自己是","0","13","13"
"朝廷在","0","13","13"
"大事的","0","13","13"
"人的话","0","13","13"
"诛杀他","0","13","13"
"兵打仗","0","13","13"
"道的人","0","13","13"
"树木被","0","13","13"
"把军队","0","13","13"
"百姓被","0","13","13"
"朝廷听","0","13","13"
"事托付","0","13","13"
"的臣下","0","13","13"
"贪污受","0","13","13"
"污受贿","0","13","13"
"号为恭","0","13","13"
"没有丝","0","13","13"
"告老还","0","13","13"
"诏书的","0","13","13"
"握大权","0","13","13"
"他多次","0","13","13"
"为我们","0","13","13"
"在他们","0","13","13"
"儿子张","0","13","13"
"在任上","0","13","13"
"更加坚","0","13","13"
"看见他","0","13","13"
"于他的","0","13","13"
"等人进","0","13","13"
"边防的","0","13","13"
"集中兵","0","13","13"
"占据险","0","13","13"
"洛阳的","0","13","13"
"远方的","0","13","13"
"祖因为","0","13","13"
"位次在","0","13","13"
"全部交","0","13","13"
"他们两","0","13","13"
"你们不","0","13","13"
"孝伯说","0","13","13"
"们也不","0","13","13"
"荐他为","0","13","13"
"刘浚的","0","13","13"
"当时舆","0","13","13"
"时舆论","0","13","13"
"出朝任","0","13","13"
"取决于","0","13","13"
"造反的","0","13","13"
"的住宅","0","13","13"
"就让他","0","13","13"
"任命何","0","13","13"
"儿子都","0","13","13"
"遇到大","0","13","13"
"理军队","0","13","13"
"上城墙","0","13","13"
"部军队","0","13","13"
"没有去","0","13","13"
"他又被","0","13","13"
"被召见","0","13","13"
"不起他","0","13","13"
"他们互","0","13","13"
"杀文帝","0","13","13"
"如果再","0","13","13"
"待敌人","0","13","13"
"有人告","0","13","13"
"当宰相","0","13","13"
"更加不","0","13","13"
"家的财","0","13","13"
"全部废","0","13","13"
"来侵犯","0","13","13"
"都战死","0","13","13"
"的营寨","0","13","13"
"儿子蔡","0","13","13"
"在军队","0","13","13"
"的统帅","0","13","13"
"击败敌","0","13","13"
"增加兵","0","13","13"
"千骑兵","0","13","13"
"暗中派","0","13","13"
"像过去","0","13","13"
"四个儿","0","13","13"
"又增加","0","13","13"
"不加以","0","13","13"
"汉军队","0","13","13"
"河北各","0","13","13"
"辖区内","0","13","13"
"下诏州","0","13","13"
"国进贡","0","13","13"
"自考试","0","13","13"
"是到玉","0","13","13"
"到讲武","0","13","13"
"下诏减","0","13","13"
"能可以","0","13","13"
"要轻易","0","13","13"
"帛不等","0","13","13"
"浙各州","0","13","13"
"宗赐给","0","13","13"
"诏令修","0","13","13"
"称庆祝","0","13","13"
"庆祝贺","0","13","13"
"拖欠租","0","13","13"
"给近臣","0","13","13"
"人告发","0","13","13"
"的十分","0","13","13"
"万络钱","0","13","13"
"都知府","0","13","13"
"不久诏","0","13","13"
"派中使","0","13","13"
"战功升","0","13","13"
"下诏陕","0","13","13"
"次发生","0","13","13"
"诏全国","0","13","13"
"犯贪赃","0","13","13"
"请求祠","0","13","13"
"祭祀汾","0","13","13"
"令官吏","0","13","13"
"处理军","0","13","13"
"雍熙年","0","13","13"
"京囚犯","0","13","13"
"颁降德","0","13","13"
"他为知","0","13","13"
"起讨论","0","13","13"
"帅的人","0","13","13"
"到后殿","0","13","13"
"自己陈","0","13","13"
"络钱一","0","13","13"
"派遣萧","0","13","13"
"派遣耶","0","13","13"
"担任知","0","13","13"
"一道白","0","13","13"
"道白色","0","13","13"
"等人祝","0","13","13"
"人祝贺","0","13","13"
"拜见他","0","13","13"
"与西夏","0","13","13"
"阳知府","0","13","13"
"彦等人","0","13","13"
"夏军队","0","13","13"
"官各自","0","13","13"
"下诏授","0","13","13"
"诏令大","0","13","13"
"任命礼","0","13","13"
"元党人","0","13","13"
"因特殊","0","13","13"
"盗贼兴","0","13","13"
"命令户","0","13","13"
"到都堂","0","13","13"
"兵到达","0","13","13"
"为醛泉","0","13","13"
"抗金军","0","13","13"
"人卫京","0","13","13"
"高宗从","0","13","13"
"任金国","0","13","13"
"金军从","0","13","13"
"得成功","0","13","13"
"押送到","0","13","13"
"高宗没","0","13","13"
"任命岳","0","13","13"
"来救援","0","13","13"
"中兵力","0","13","13"
"受兵火","0","13","13"
"庭湖贼","0","13","13"
"出使回","0","13","13"
"再次担","0","13","13"
"释放杖","0","13","13"
"放杖刑","0","13","13"
"归还河","0","13","13"
"世忠的","0","13","13"
"圆丘合","0","13","13"
"丘合祭","0","13","13"
"命令临","0","13","13"
"升为少","0","13","13"
"免除临","0","13","13"
"随从太","0","13","13"
"赏不等","0","13","13"
"成丰收","0","13","13"
"上报战","0","13","13"
"下诏赵","0","13","13"
"五件事","0","13","13"
"催促他","0","13","13"
"中请求","0","13","13"
"向他们","0","13","13"
"赤道的","0","13","13"
"而星色","0","13","13"
"就吉利","0","13","13"
"八颗星","0","13","13"
"王者厌","0","13","13"
"者厌恶","0","13","13"
"谷物价","0","13","13"
"一说有","0","13","13"
"犯并占","0","13","13"
"其分野","0","13","13"
"那么军","0","13","13"
"区有战","0","13","13"
"星都属","0","13","13"
"物价贵","0","13","13"
"关隘桥","0","13","13"
"隘桥梁","0","13","13"
"言的人","0","13","13"
"果然如","0","13","13"
"太宗说","0","13","13"
"也请求","0","13","13"
"很久不","0","13","13"
"宗打算","0","13","13"
"宝年间","0","13","13"
"见机行","0","13","13"
"给张浚","0","13","13"
"的考试","0","13","13"
"任端明","0","13","13"
"升任殿","0","13","13"
"开宝年","0","13","13"
"们分别","0","13","13"
"皇上把","0","13","13"
"任永兴","0","13","13"
"有准备","0","13","13"
"给他金","0","13","13"
"任侍御","0","13","13"
"罢免宰","0","13","13"
"免宰相","0","13","13"
"有人请","0","13","13"
"考取进","0","13","13"
"李沆说","0","13","13"
"已很久","0","13","13"
"郎的身","0","13","13"
"知道朝","0","13","13"
"人打算","0","13","13"
"任资政","0","13","13"
"大家的","0","13","13"
"极力论","0","13","13"
"韩维说","0","13","13"
"果真能","0","13","13"
"圣年间","0","13","13"
"朝内外","0","13","13"
"他极力","0","13","13"
"学生们","0","13","13"
"上诏命","0","13","13"
"告给朝","0","13","13"
"被赠为","0","13","13"
"举参加","0","13","13"
"得大捷","0","13","13"
"张俊说","0","13","13"
"彦博说","0","13","13"
"以名闻","12","0","12"
"可得而","11","1","12"
"万物之","10","2","12"
"为兵丧","12","0","12"
"于是陈","3","9","12"
"帝中兴","6","6","12"
"不可失","7","5","12"
"七百人","6","6","12"
"下之所","10","2","12"
"疆场之","8","4","12"
"以久旱","12","0","12"
"不在于","3","9","12"
"所删定","6","6","12"
"为人所","11","1","12"
"世以为","11","1","12"
"将军何","6","6","12"
"军谢晦","6","6","12"
"军刘义","5","7","12"
"史王仲","6","6","12"
"元年秋","6","6","12"
"史刘粹","6","6","12"
"江夏内","6","6","12"
"夏内史","6","6","12"
"裴方明","6","6","12"
"刺史鲁","7","5","12"
"郡王义","9","3","12"
"号征西","11","1","12"
"景文为","6","6","12"
"第八皇","6","6","12"
"孙超之","5","7","12"
"骠骑长","6","6","12"
"右长史","6","6","12"
"二万四","6","6","12"
"科单衣","6","6","12"
"景初二","6","6","12"
"西北星","7","5","12"
"嘉平元","6","6","12"
"三年闰","6","6","12"
"硃龄石","12","0","12"
"太始二","6","6","12"
"宣帝元","6","6","12"
"光武建","9","3","12"
"武建武","9","3","12"
"元帝咸","6","6","12"
"帝咸熙","6","6","12"
"咸熙二","6","6","12"
"长宁陵","6","6","12"
"嘉十年","6","6","12"
"六年九","6","6","12"
"太守萧","6","6","12"
"权黄武","6","6","12"
"刺史垣","6","6","12"
"咸康三","6","6","12"
"晋康帝","6","6","12"
"闰月庚","10","2","12"
"元十年","6","6","12"
"义熙四","6","6","12"
"晋简文","6","6","12"
"九年八","6","6","12"
"邑大风","12","0","12"
"国时废","6","6","12"
"年复立","12","0","12"
"户二千","7","5","12"
"九十九","6","6","12"
"镇江陵","10","2","12"
"抚军长","6","6","12"
"镇京口","10","2","12"
"浚后军","6","6","12"
"王直勤","6","6","12"
"沙州刺","6","6","12"
"陇西王","6","6","12"
"义成军","6","6","12"
"军马军","6","6","12"
"高怀德","6","6","12"
"魏仁浦","5","7","12"
"兴元尹","7","5","12"
"使曹翰","6","6","12"
"百人来","5","7","12"
"武卫大","6","6","12"
"学士吕","6","6","12"
"学士苏","6","6","12"
"以殿前","8","4","12"
"威塞军","6","6","12"
"王昭远","6","6","12"
"王化基","6","6","12"
"学士冯","6","6","12"
"王显为","6","6","12"
"排阵使","6","6","12"
"署枢密","6","6","12"
"赐出身","9","3","12"
"交州黎","6","6","12"
"利用为","6","6","12"
"尚书户","6","6","12"
"书户部","6","6","12"
"侍郎李","6","6","12"
"下溪州","6","6","12"
"八百三","6","6","12"
"晏殊为","6","6","12"
"宣抚陕","8","4","12"
"圣孝皇","6","6","12"
"吕公弼","3","9","12"
"内殿承","7","5","12"
"殿承制","7","5","12"
"大防为","6","6","12"
"学士为","7","5","12"
"乐安郡","6","6","12"
"华原郡","6","6","12"
"梁方平","5","7","12"
"首数千","10","2","12"
"师道为","4","8","12"
"以少傅","7","5","12"
"成忠郎","6","6","12"
"营统制","6","6","12"
"仆射何","6","6","12"
"不急之","7","5","12"
"朝散郎","6","6","12"
"随军转","6","6","12"
"军转运","6","6","12"
"诏广西","8","4","12"
"为静江","4","8","12"
"雄武军","5","7","12"
"西路宣","5","7","12"
"京西制","6","6","12"
"府直讲","6","6","12"
"前司公","6","6","12"
"抚司参","6","6","12"
"皇帝尊","5","7","12"
"帝尊号","5","7","12"
"川宣谕","6","6","12"
"大使司","6","6","12"
"郎兼中","6","6","12"
"余天锡","6","6","12"
"四百五","6","6","12"
"视江淮","4","8","12"
"嗣荣王","6","6","12"
"西刑狱","8","4","12"
"大提举","6","6","12"
"史岩之","5","7","12"
"兼制置","7","5","12"
"赐金帛","9","3","12"
"为殿最","11","1","12"
"安东州","6","6","12"
"知庆元","8","4","12"
"备差遣","6","6","12"
"廖莹中","6","6","12"
"刘良贵","6","6","12"
"南镇抚","6","6","12"
"吴继明","6","6","12"
"一寸二","6","6","12"
"太子有","3","9","12"
"北落师","5","7","12"
"落师门","5","7","12"
"大将出","5","7","12"
"寿圣太","6","6","12"
"国元年","6","6","12"
"兴国七","3","9","12"
"判宁国","6","6","12"
"加兼侍","8","4","12"
"集二十","6","6","12"
"头供奉","6","6","12"
"赐谥忠","11","1","12"
"李崇矩","4","8","12"
"自有传","10","2","12"
"左神武","6","6","12"
"西京左","6","6","12"
"京左藏","6","6","12"
"咸平元","6","6","12"
"淮南平","6","6","12"
"开宝五","5","7","12"
"拜给事","12","0","12"
"拜右谏","9","3","12"
"屯田郎","6","6","12"
"清军节","6","6","12"
"拜监察","11","1","12"
"三司判","6","6","12"
"为度支","7","5","12"
"昌军节","6","6","12"
"改太常","11","1","12"
"判官兼","6","6","12"
"祥源观","7","5","12"
"安抚招","6","6","12"
"抚招讨","7","5","12"
"用兵以","4","8","12"
"兼安抚","6","6","12"
"兼侍御","7","5","12"
"五十匹","5","7","12"
"兼户部","6","6","12"
"七百里","3","9","12"
"金人至","12","0","12"
"司干官","6","6","12"
"试第一","5","7","12"
"信国公","6","6","12"
"右郎官","6","6","12"
"兼实录","6","6","12"
"水部员","6","6","12"
"者不得","4","8","12"
"十六卷","6","6","12"
"如京使","6","6","12"
"提举学","6","6","12"
"举学事","6","6","12"
"死于兵","7","5","12"
"德祐元","10","2","12"
"十三篇","6","6","12"
"朝散大","6","6","12"
"锋军统","6","6","12"
"丹徒县","6","6","12"
"不得进","9","3","12"
"于广陵","4","8","12"
"己丑朔","12","0","12"
"率文武","6","6","12"
"知所为","12","0","12"
"陛下何","9","3","12"
"振威将","6","6","12"
"刺史毛","7","5","12"
"将军殷","5","7","12"
"于石头","11","1","12"
"未至而","11","1","12"
"佐命功","9","3","12"
"位大臣","1","11","12"
"督江州","6","6","12"
"于江陵","10","2","12"
"青冀幽","6","6","12"
"不能夺","10","2","12"
"其同党","1","11","12"
"等十人","6","6","12"
"大军至","11","1","12"
"刺史道","8","4","12"
"二千匹","5","7","12"
"一二年","5","7","12"
"于豫章","3","9","12"
"至广州","7","5","12"
"令百姓","1","11","12"
"藏祸心","5","7","12"
"徐逵之","6","6","12"
"郑鲜之","6","6","12"
"鳏寡孤","6","6","12"
"谷五斛","6","6","12"
"义康为","7","5","12"
"贤堂听","6","6","12"
"将不得","6","6","12"
"之为司","6","6","12"
"攻京城","1","11","12"
"以备不","7","5","12"
"祖受命","11","1","12"
"山阴令","9","3","12"
"颍川太","6","6","12"
"穷凶极","4","8","12"
"疾不能","12","0","12"
"骠骑参","8","4","12"
"乙亥朔","12","0","12"
"以下皆","12","0","12"
"之为交","6","6","12"
"思所以","12","0","12"
"军殷景","6","6","12"
"右卫率","7","5","12"
"义庆以","11","1","12"
"山泽之","9","3","12"
"文德为","5","7","12"
"仆射孟","6","6","12"
"一万四","4","8","12"
"索虏寇","12","0","12"
"玄武湖","7","5","12"
"景阳山","5","7","12"
"广莫门","5","7","12"
"军建平","6","6","12"
"积弩将","5","7","12"
"世祖孝","5","7","12"
"镇彭城","9","3","12"
"海王祎","12","0","12"
"山阳太","7","5","12"
"庞秀之","6","6","12"
"仆射建","6","6","12"
"太守垣","6","6","12"
"南海太","6","6","12"
"令何尚","6","6","12"
"除御史","8","4","12"
"书令建","6","6","12"
"太守袁","6","6","12"
"遣使按","12","0","12"
"余庆为","4","8","12"
"刘季之","5","7","12"
"元年以","7","5","12"
"加尚书","10","2","12"
"东平郡","5","7","12"
"史晋安","6","6","12"
"及太后","8","4","12"
"凶弑立","12","0","12"
"刺史袁","6","6","12"
"刺史崔","6","6","12"
"失淮北","8","4","12"
"京师大","10","2","12"
"齐王为","5","7","12"
"前右军","6","6","12"
"四方反","6","6","12"
"不尽力","6","6","12"
"将军还","1","11","12"
"钱五千","7","5","12"
"段佛荣","8","4","12"
"者不过","12","0","12"
"侍郎胡","6","6","12"
"录公齐","6","6","12"
"公齐王","6","6","12"
"分为四","4","8","12"
"舍人张","6","6","12"
"明帝时","3","9","12"
"乃以为","12","0","12"
"寸六分","6","6","12"
"掘地得","7","5","12"
"阴阳不","5","7","12"
"时有人","1","11","12"
"至之日","12","0","12"
"承天曰","12","0","12"
"五百八","6","6","12"
"满纪法","7","5","12"
"年冬至","5","7","12"
"法得一","12","0","12"
"朔小余","6","6","12"
"五千二","6","6","12"
"四千九","6","6","12"
"黄初元","6","6","12"
"在须女","6","6","12"
"子监国","7","5","12"
"复三年","12","0","12"
"明皇后","5","7","12"
"数百年","7","5","12"
"可以无","11","1","12"
"为兄弟","7","5","12"
"司马兴","6","6","12"
"马兴之","6","6","12"
"礼官详","7","5","12"
"丞庾蔚","7","5","12"
"卿大臣","1","11","12"
"乐游苑","7","5","12"
"黄初二","7","5","12"
"郊祀之","4","8","12"
"郎徐爰","6","6","12"
"时祭祀","1","11","12"
"吴兴郡","6","6","12"
"执觞爵","3","9","12"
"在太祖","1","11","12"
"孔安国","4","8","12"
"乙丑朔","12","0","12"
"年之内","3","9","12"
"王景侯","1","11","12"
"夫以下","6","6","12"
"方诸侯","4","8","12"
"使者以","9","3","12"
"国家多","2","10","12"
"令礼官","2","10","12"
"宁康三","6","6","12"
"遣使致","11","1","12"
"十二旒","3","9","12"
"太后出","5","7","12"
"太仆卿","6","6","12"
"后妃之","8","4","12"
"为宗庙","8","4","12"
"有所思","6","6","12"
"有所改","2","10","12"
"所以为","10","2","12"
"地之间","3","9","12"
"使不得","10","2","12"
"人作为","1","11","12"
"太守谢","6","6","12"
"日月之","11","1","12"
"句六字","6","6","12"
"句句五","12","0","12"
"受禅即","1","11","12"
"此篇当","12","0","12"
"篇当之","12","0","12"
"十九度","6","6","12"
"九十四","6","6","12"
"出太微","11","1","12"
"案刘向","12","0","12"
"是时帝","12","0","12"
"龙二年","6","6","12"
"犯井钺","12","0","12"
"星犯东","4","8","12"
"及其党","7","5","12"
"王者不","9","3","12"
"大臣相","6","6","12"
"臣不得","8","4","12"
"人主忧","9","3","12"
"成都王","4","8","12"
"惠帝光","6","6","12"
"犯上将","6","6","12"
"天子自","8","4","12"
"月犯岁","12","0","12"
"长一丈","3","9","12"
"惑犯太","12","0","12"
"星逆行","3","9","12"
"海西太","8","4","12"
"西太和","8","4","12"
"在七星","7","5","12"
"隆安元","7","5","12"
"于是天","4","8","12"
"高祖受","11","1","12"
"司二州","4","8","12"
"白气贯","6","6","12"
"南斗魁","7","5","12"
"人主不","7","5","12"
"乱臣贼","5","7","12"
"有凤凰","3","9","12"
"分为两","3","9","12"
"复祖宗","7","5","12"
"如其言","11","1","12"
"有文字","1","11","12"
"县井中","8","4","12"
"宣城太","5","7","12"
"梅道念","7","5","12"
"二莲同","6","6","12"
"申令孙","4","8","12"
"太兴四","6","6","12"
"氏子孙","6","6","12"
"与国家","1","11","12"
"攻襄阳","5","7","12"
"之以为","10","2","12"
"城自守","9","3","12"
"太子不","5","7","12"
"伦篡位","5","7","12"
"国之心","5","7","12"
"四年冬","5","7","12"
"在大臣","6","6","12"
"杀无辜","3","9","12"
"城内有","4","8","12"
"风拔木","11","1","12"
"三十丈","6","6","12"
"十五六","7","5","12"
"诏群臣","11","1","12"
"都水一","12","0","12"
"口二万","7","5","12"
"户一万","6","6","12"
"四百九","6","6","12"
"二年又","1","11","12"
"领县三","12","0","12"
"一十八","6","6","12"
"一万七","4","8","12"
"从容言","12","0","12"
"人无不","3","9","12"
"在广州","1","11","12"
"于禁中","10","2","12"
"窃弄威","9","3","12"
"不可信","6","6","12"
"太祖曰","12","0","12"
"之力也","12","0","12"
"将军领","9","3","12"
"自称为","2","10","12"
"守如故","12","0","12"
"不拘小","5","7","12"
"拘小节","5","7","12"
"万世之","7","5","12"
"性至孝","10","2","12"
"遣人来","12","0","12"
"称之曰","12","0","12"
"兵千人","10","2","12"
"与百姓","2","10","12"
"可不察","10","2","12"
"能有所","4","8","12"
"上表自","6","6","12"
"临川内","5","7","12"
"川内史","5","7","12"
"富贵之","6","6","12"
"之以法","2","10","12"
"五百两","6","6","12"
"望朝廷","1","11","12"
"二郡诸","6","6","12"
"太祖诏","3","9","12"
"有所建","6","6","12"
"久不决","12","0","12"
"阳公主","4","8","12"
"而不以","8","4","12"
"邑三百","6","6","12"
"攸之等","5","7","12"
"国家所","5","7","12"
"今皇上","1","11","12"
"无名之","8","4","12"
"不能安","4","8","12"
"令内外","2","10","12"
"刘泰之","2","10","12"
"分为三","1","11","12"
"有十万","3","9","12"
"为左将","6","6","12"
"为赏罚","6","6","12"
"者不可","10","2","12"
"不敢出","6","6","12"
"到广州","1","11","12"
"使人不","8","4","12"
"言无不","5","7","12"
"有学问","2","10","12"
"立大功","4","8","12"
"五百匹","5","7","12"
"五十里","3","9","12"
"位二十","6","6","12"
"以逸待","5","7","12"
"家无余","9","3","12"
"之感动","6","6","12"
"诸将曰","12","0","12"
"五百骑","8","4","12"
"东西班","6","6","12"
"瓦桥关","6","6","12"
"明德门","6","6","12"
"赃弃市","12","0","12"
"壬戌朔","12","0","12"
"高继冲","6","6","12"
"副使张","6","6","12"
"试制举","2","10","12"
"遣使振","12","0","12"
"压死者","8","4","12"
"太后谥","12","0","12"
"方正直","7","5","12"
"吏百姓","1","11","12"
"诸道兵","12","0","12"
"决澶州","12","0","12"
"进士李","6","6","12"
"飞龙院","6","6","12"
"卫率府","6","6","12"
"副使王","6","6","12"
"州驻泊","6","6","12"
"左监门","6","6","12"
"镇国军","6","6","12"
"二万石","6","6","12"
"多逊为","6","6","12"
"居正等","6","6","12"
"使耶律","11","1","12"
"祥符元","7","5","12"
"而不问","7","5","12"
"太宗神","6","6","12"
"文武皇","6","6","12"
"不原者","12","0","12"
"官吏能","6","6","12"
"吏能否","8","4","12"
"门观灯","6","6","12"
"贺即位","11","1","12"
"有司上","8","4","12"
"两浙诸","11","1","12"
"建雄军","6","6","12"
"诏嘉奖","6","6","12"
"州官吏","5","7","12"
"死罪减","6","6","12"
"中使赐","7","5","12"
"三年租","4","8","12"
"雍熙四","2","10","12"
"下诏褒","1","11","12"
"陕西缘","10","2","12"
"西缘边","10","2","12"
"罢枢密","8","4","12"
"作坊副","6","6","12"
"上官正","5","7","12"
"淳化五","5","7","12"
"化五年","5","7","12"
"宜从事","11","1","12"
"南北路","6","6","12"
"外国使","5","7","12"
"至道元","6","6","12"
"不奉诏","10","2","12"
"为银青","3","9","12"
"鄂州都","6","6","12"
"率府副","6","6","12"
"府副率","6","6","12"
"不知兵","10","2","12"
"接踵而","3","9","12"
"三班使","6","6","12"
"班使臣","6","6","12"
"食国来","6","6","12"
"知杂御","6","6","12"
"杂御史","6","6","12"
"运使张","6","6","12"
"元份宫","6","6","12"
"安远军","6","6","12"
"御史范","6","6","12"
"享太庙","7","5","12"
"明德皇","6","6","12"
"官吏将","5","7","12"
"王元偓","12","0","12"
"白居易","6","6","12"
"幸元偁","12","0","12"
"元偁宫","12","0","12"
"庄穆皇","6","6","12"
"经度制","6","6","12"
"度制置","6","6","12"
"护国军","6","6","12"
"经明行","7","5","12"
"明行修","7","5","12"
"州县不","3","9","12"
"三人为","5","7","12"
"春郡王","6","6","12"
"朝国史","5","7","12"
"督诸路","9","3","12"
"溪州蛮","6","6","12"
"内副都","6","6","12"
"抚京东","7","5","12"
"降天下","9","3","12"
"西京囚","6","6","12"
"尚书刑","6","6","12"
"书刑部","6","6","12"
"广南路","6","6","12"
"交子务","6","6","12"
"罢陕西","8","4","12"
"试武举","3","9","12"
"官吏贪","3","9","12"
"会圣宫","6","6","12"
"学士孙","6","6","12"
"白气亘","12","0","12"
"御紫宸","12","0","12"
"庄献明","6","6","12"
"谏官范","6","6","12"
"大臣议","7","5","12"
"试举人","5","7","12"
"河北军","7","5","12"
"郡守者","9","3","12"
"七十人","6","6","12"
"陕西沿","2","10","12"
"西沿边","2","10","12"
"王举正","5","7","12"
"陕西四","6","6","12"
"西四路","6","6","12"
"广西转","6","6","12"
"制以上","6","6","12"
"钱二万","6","6","12"
"州转运","5","7","12"
"余靖为","3","9","12"
"狄青为","4","8","12"
"御史马","6","6","12"
"衍圣公","6","6","12"
"彭仕羲","5","7","12"
"广惠仓","6","6","12"
"吏部选","6","6","12"
"寿圣节","6","6","12"
"太后还","5","7","12"
"官各举","11","1","12"
"判西京","7","5","12"
"贺同天","6","6","12"
"为右千","4","8","12"
"缗钱百","12","0","12"
"夏人来","9","3","12"
"留司御","6","6","12"
"宫观官","1","11","12"
"光献皇","5","7","12"
"以直龙","7","5","12"
"文州刺","6","6","12"
"祷于天","12","0","12"
"宁以来","6","6","12"
"元丰三","5","7","12"
"丰三年","5","7","12"
"胡宗愈","6","6","12"
"大防等","6","6","12"
"董敦逸","4","8","12"
"元符三","6","6","12"
"从官各","4","8","12"
"元祐皇","12","0","12"
"祐皇后","12","0","12"
"曾布为","5","7","12"
"瑶华宫","6","6","12"
"谟阁学","7","5","12"
"元祐党","12","0","12"
"嘉国公","6","6","12"
"推恩有","12","0","12"
"五人及","7","5","12"
"舍生十","6","6","12"
"和皇后","5","7","12"
"守令劝","6","6","12"
"事之臣","12","0","12"
"大理国","5","7","12"
"武义大","6","6","12"
"浙制置","7","5","12"
"知州赵","2","10","12"
"招降之","11","1","12"
"命童贯","2","10","12"
"都堂审","7","5","12"
"常平官","4","8","12"
"以为戒","9","3","12"
"宣和七","5","7","12"
"兵入卫","12","0","12"
"驾部员","6","6","12"
"来议和","4","8","12"
"金人之","10","2","12"
"为中太","6","6","12"
"陕西制","6","6","12"
"抚使张","5","7","12"
"国议和","2","10","12"
"为宁武","5","7","12"
"南薰门","6","6","12"
"讲和之","8","4","12"
"宣和三","4","8","12"
"建炎元","5","7","12"
"炎元年","5","7","12"
"卫尉少","6","6","12"
"尉少卿","6","6","12"
"禁州县","9","3","12"
"河北西","6","6","12"
"北西路","6","6","12"
"制官张","6","6","12"
"太庙神","6","6","12"
"以直秘","7","5","12"
"王伦等","5","7","12"
"类省试","6","6","12"
"守臣杨","6","6","12"
"主客员","6","6","12"
"卢法原","6","6","12"
"复西京","6","6","12"
"军司公","6","6","12"
"祈请使","6","6","12"
"讨李成","10","2","12"
"营使司","6","6","12"
"节制使","6","6","12"
"罢为资","6","6","12"
"睿圣宫","6","6","12"
"宗法度","5","7","12"
"以韩世","9","3","12"
"以赵鼎","10","2","12"
"命学士","8","4","12"
"为临安","5","7","12"
"抚使李","5","7","12"
"南宣抚","6","6","12"
"右军统","6","6","12"
"以成为","1","11","12"
"知楚州","11","1","12"
"宣教郎","6","6","12"
"州宣抚","6","6","12"
"为荆南","5","7","12"
"营田官","6","6","12"
"广西提","6","6","12"
"淮西招","6","6","12"
"命秦桧","4","8","12"
"世忠遣","12","0","12"
"四川盐","6","6","12"
"牧马监","5","7","12"
"败伪齐","4","8","12"
"伪齐兵","11","1","12"
"知夔州","10","2","12"
"淮南州","6","6","12"
"诸将议","12","0","12"
"知府王","2","10","12"
"诏张浚","6","6","12"
"都督诸","8","4","12"
"路上供","6","6","12"
"宗正丞","7","5","12"
"国家与","5","7","12"
"呼延通","6","6","12"
"四川都","6","6","12"
"川都转","6","6","12"
"命兵部","1","11","12"
"张通古","5","7","12"
"晏敦复","6","6","12"
"举廉吏","8","4","12"
"州率兵","1","11","12"
"府路转","6","6","12"
"蠲四川","12","0","12"
"行乡饮","6","6","12"
"天竺寺","6","6","12"
"进义副","6","6","12"
"义副尉","6","6","12"
"秦桧所","2","10","12"
"舍人王","6","6","12"
"高宗命","3","9","12"
"武翼郎","6","6","12"
"兼陕西","9","3","12"
"为隆兴","3","9","12"
"左副元","6","6","12"
"石烈志","6","6","12"
"烈志宁","6","6","12"
"辛次膺","5","7","12"
"左右史","7","5","12"
"左司员","6","6","12"
"蠲临安","12","0","12"
"秉义郎","6","6","12"
"谢廓然","6","6","12"
"伯圭为","6","6","12"
"飞虎军","5","7","12"
"佑圣观","6","6","12"
"郡守以","8","4","12"
"余端礼","6","6","12"
"张叔椿","5","7","12"
"道学之","7","5","12"
"主管西","5","7","12"
"高宗以","10","2","12"
"不可恃","11","1","12"
"兴十七","3","9","12"
"庄文太","6","6","12"
"文太子","6","6","12"
"立为太","2","10","12"
"丞相赵","6","6","12"
"许及之","6","6","12"
"赏酒库","6","6","12"
"义郡夫","6","6","12"
"胡晋臣","6","6","12"
"五万石","5","7","12"
"自是不","12","0","12"
"对辅臣","5","7","12"
"舍人陈","6","6","12"
"知处州","9","3","12"
"弥远等","6","6","12"
"林大中","6","6","12"
"弥远为","5","7","12"
"沔州都","10","2","12"
"使董居","6","6","12"
"李全率","1","11","12"
"守将王","4","8","12"
"王宫大","6","6","12"
"海上之","7","5","12"
"越国公","6","6","12"
"州驻扎","5","7","12"
"下州文","6","6","12"
"官其二","11","1","12"
"置使陈","6","6","12"
"赐谥文","11","1","12"
"郡刺史","6","6","12"
"犯斗宿","1","11","12"
"各转一","3","9","12"
"章阁学","6","6","12"
"州之围","2","10","12"
"牟子才","5","7","12"
"学士判","8","4","12"
"开庆元","6","6","12"
"直宝谟","7","5","12"
"知常州","9","3","12"
"世祖皇","6","6","12"
"知宁国","10","2","12"
"丞相伯","8","4","12"
"潜说友","6","6","12"
"太后召","5","7","12"
"书天文","1","11","12"
"于其中","5","7","12"
"皇祐中","10","2","12"
"不能知","4","8","12"
"将出征","3","9","12"
"一云在","12","0","12"
"谷不登","12","0","12"
"气犯之","12","0","12"
"在东北","2","10","12"
"有叛臣","9","3","12"
"先起兵","5","7","12"
"则大臣","7","5","12"
"苍白云","12","0","12"
"土司空","6","6","12"
"各有不","1","11","12"
"在君侧","3","9","12"
"在玉井","6","6","12"
"庚申日","1","11","12"
"皇后不","2","10","12"
"阎文应","4","8","12"
"元丰二","6","6","12"
"丰二年","6","6","12"
"安石所","8","4","12"
"康王在","4","8","12"
"淳熙二","5","7","12"
"绍熙四","5","7","12"
"在相位","11","1","12"
"太祖平","3","9","12"
"拜太师","12","0","12"
"军都监","6","6","12"
"淳化初","6","6","12"
"有成绩","1","11","12"
"以为应","1","11","12"
"命赵普","1","11","12"
"千余言","7","5","12"
"虞部郎","6","6","12"
"宗在位","3","9","12"
"必争之","4","8","12"
"对陛下","1","11","12"
"朝廷调","2","10","12"
"除枢密","9","3","12"
"杨怀敏","4","8","12"
"与御史","5","7","12"
"群牧判","6","6","12"
"昌朝请","5","7","12"
"贤士大","6","6","12"
"召试中","9","3","12"
"元昊叛","3","9","12"
"知庆州","7","5","12"
"圣人不","6","6","12"
"安危之","10","2","12"
"判登闻","6","6","12"
"未闻有","12","0","12"
"与人交","3","9","12"
"山谷间","7","5","12"
"之而不","11","1","12"
"下诏废","1","11","12"
"后大怒","1","11","12"
"陈良翰","6","6","12"
"兴十五","4","8","12"
"力主和","6","6","12"
"主管崇","6","6","12"
"使人人","6","6","12"
"图恢复","7","5","12"
"陛下当","8","4","12"
"见大臣","1","11","12"
"内侍张","6","6","12"
"则国家","4","8","12"
"在仁宗","2","10","12"
"先见之","3","9","12"
"考功郎","6","6","12"
"率同列","12","0","12"
"下之势","9","3","12"
"谭汝翼","1","11","12"
"刘三杰","5","7","12"
"执法官","1","11","12"
"侂胄意","12","0","12"
"大略谓","12","0","12"
"下之大","9","3","12"
"主管玉","6","6","12"
"玉局观","6","6","12"
"吴曦叛","5","7","12"
"以宝谟","6","6","12"
"使金人","6","6","12"
"廷政事","2","10","12"
"乾道八","4","8","12"
"道八年","4","8","12"
"根本之","5","7","12"
"是臣下","2","10","12"
"在河池","3","9","12"
"在城中","2","10","12"
"有机会","1","11","12"
"朝廷意","4","8","12"
"定三年","2","10","12"
"得人心","4","8","12"
"从朝廷","1","11","12"
"而不应","1","11","12"
"领精锐","1","11","12"
"卢允升","5","7","12"
"忠臣义","6","6","12"
"臣义士","6","6","12"
"百姓饥","1","11","12"
"子之间","2","10","12"
"有不是","1","11","12"
"厚风俗","6","6","12"
"安石以","8","4","12"
"天地神","2","10","12"
"大名人","6","6","12"
"为集英","2","10","12"
"刺史朱","1","11","12"
"兵十余","7","5","12"
"南百姓","1","11","12"
"苟梦玉","3","9","12"
"平山堂","6","6","12"
"朝廷知","4","8","12"
"以安抚","1","11","12"
"遣王贵","7","5","12"
"有不能","3","9","12"
"哲宗亲","4","8","12"
"奏请罢","2","10","12"
"令禁止","1","11","12"
"佞之人","1","11","12"
"吕嘉问","5","7","12"
"先帝之","9","3","12"
"国子直","6","6","12"
"子直讲","6","6","12"
"不敢违","2","10","12"
"宰相蔡","5","7","12"
"有诏令","1","11","12"
"道不能","1","11","12"
"是小事","1","11","12"
"和议之","7","5","12"
"害之地","2","10","12"
"于河南","3","9","12"
"职而去","1","11","12"
"在西边","2","10","12"
"进入城","1","11","12"
"握兵权","1","11","12"
"两匹马","1","11","12"
"文及甫","3","9","12"
"这是上","0","12","12"
"境内的","0","12","12"
"现在还","0","12","12"
"我不知","0","12","12"
"的欲望","0","12","12"
"来的官","0","12","12"
"的生母","0","12","12"
"的规律","0","12","12"
"时间的","0","12","12"
"没有根","0","12","12"
"尊贵的","0","12","12"
"了起来","0","12","12"
"黄道北","0","12","12"
"的余数","0","12","12"
"推算的","0","12","12"
"季的第","0","12","12"
"的第三","0","12","12"
"第三个","0","12","12"
"火星在","0","12","12"
"的主张","0","12","12"
"母亲的","0","12","12"
"丧礼的","0","12","12"
"天的事","0","12","12"
"一致的","0","12","12"
"这是说","0","12","12"
"自率兵","0","12","12"
"没有亲","0","12","12"
"没有可","0","12","12"
"年而死","0","12","12"
"的一种","0","12","12"
"太平的","0","12","12"
"这真是","0","12","12"
"都是不","0","12","12"
"的作用","0","12","12"
"的生命","0","12","12"
"有反叛","0","12","12"
"是它的","0","12","12"
"色花纹","0","12","12"
"百姓和","0","12","12"
"太过分","0","12","12"
"它带来","0","12","12"
"上下都","0","12","12"
"的人全","0","12","12"
"思是说","0","12","12"
"而出现","0","12","12"
"现的妖","0","12","12"
"有见到","0","12","12"
"现在朝","0","12","12"
"的出现","0","12","12"
"这一天","0","12","12"
"帝驾崩","0","12","12"
"什么原","0","12","12"
"么原因","0","12","12"
"他非常","0","12","12"
"赶不上","0","12","12"
"是先帝","0","12","12"
"人来到","0","12","12"
"谢晦的","0","12","12"
"秦淮河","0","12","12"
"一个地","0","12","12"
"一些人","0","12","12"
"才能不","0","12","12"
"帝时代","0","12","12"
"现在虽","0","12","12"
"守城池","0","12","12"
"给你们","0","12","12"
"大臣一","0","12","12"
"外面的","0","12","12"
"恰当的","0","12","12"
"有关人","0","12","12"
"有采纳","0","12","12"
"他的一","0","12","12"
"然而我","0","12","12"
"哪里有","0","12","12"
"希望他","0","12","12"
"况且我","0","12","12"
"了二十","0","12","12"
"时的人","0","12","12"
"什么话","0","12","12"
"大多数","0","12","12"
"希望你","0","12","12"
"古人的","0","12","12"
"样一来","0","12","12"
"见他们","0","12","12"
"是圣人","0","12","12"
"不要以","0","12","12"
"如果想","0","12","12"
"不是天","0","12","12"
"接受国","0","12","12"
"的生活","0","12","12"
"能长久","0","12","12"
"着皇上","0","12","12"
"他哥哥","0","12","12"
"开玩笑","0","12","12"
"于他们","0","12","12"
"把他当","0","12","12"
"贪得无","0","12","12"
"得无厌","0","12","12"
"齐桓公","0","12","12"
"不考虑","0","12","12"
"的安全","0","12","12"
"他因此","0","12","12"
"到荆州","0","12","12"
"攸之的","0","12","12"
"官吏中","0","12","12"
"都必须","0","12","12"
"所以一","0","12","12"
"陈述自","0","12","12"
"到陛下","0","12","12"
"什么功","0","12","12"
"终于被","0","12","12"
"详细地","0","12","12"
"怎么不","0","12","12"
"一个不","0","12","12"
"中间的","0","12","12"
"犯罪行","0","12","12"
"父亲王","0","12","12"
"我的儿","0","12","12"
"种风气","0","12","12"
"确实不","0","12","12"
"回来了","0","12","12"
"注定的","0","12","12"
"的命运","0","12","12"
"然而却","0","12","12"
"下应该","0","12","12"
"今天这","0","12","12"
"用人才","0","12","12"
"的历史","0","12","12"
"的朝廷","0","12","12"
"们都认","0","12","12"
"能没有","0","12","12"
"臣们都","0","12","12"
"入水中","0","12","12"
"重新制","0","12","12"
"让百姓","0","12","12"
"他不要","0","12","12"
"回到东","0","12","12"
"京城出","0","12","12"
"被用为","0","12","12"
"法论处","0","12","12"
"欠钱物","0","12","12"
"活下来","0","12","12"
"周围有","0","12","12"
"人说是","0","12","12"
"国家没","0","12","12"
"不是有","0","12","12"
"答应他","0","12","12"
"有好处","0","12","12"
"下自己","0","12","12"
"去职位","0","12","12"
"在鄂州","0","12","12"
"家的福","0","12","12"
"才能使","0","12","12"
"有听到","0","12","12"
"些人都","0","12","12"
"病而死","0","12","12"
"已经出","0","12","12"
"进行祭","0","12","12"
"人说他","0","12","12"
"的奏书","0","12","12"
"的理由","0","12","12"
"廷重新","0","12","12"
"我已经","0","12","12"
"有利的","0","12","12"
"高登说","0","12","12"
"的财力","0","12","12"
"地加以","0","12","12"
"被弹劾","0","12","12"
"并杀了","0","12","12"
"江上游","0","12","12"
"得十分","0","12","12"
"我们就","0","12","12"
"防守的","0","12","12"
"样才能","0","12","12"
"授予官","0","12","12"
"家的人","0","12","12"
"当权的","0","12","12"
"责问他","0","12","12"
"求担任","0","12","12"
"的闲职","0","12","12"
"后还是","0","12","12"
"件事都","0","12","12"
"他说的","0","12","12"
"己弹劾","0","12","12"
"适的人","0","12","12"
"辞谢说","0","12","12"
"进行讨","0","12","12"
"求皇帝","0","12","12"
"出来做","0","12","12"
"再增加","0","12","12"
"就是因","0","12","12"
"不公平","0","12","12"
"不久去","0","12","12"
"久去世","0","12","12"
"相勾结","0","12","12"
"看他的","0","12","12"
"进入南","0","12","12"
"命左卫","0","12","12"
"任护军","0","12","12"
"佐朝政","0","12","12"
"任命宁","0","12","12"
"心宿大","0","12","12"
"宿大星","0","12","12"
"犯昴宿","0","12","12"
"朱龄石","0","12","12"
"月乙末","0","12","12"
"乙末日","0","12","12"
"水涌入","0","12","12"
"帝时改","0","12","12"
"统兵将","0","12","12"
"尹赵光","0","12","12"
"皇子赵","0","12","12"
"设置江","0","12","12"
"任命曾","0","12","12"
"任命观","0","12","12"
"命观文","0","12","12"
"任命户","0","12","12"
"人侵犯","0","12","12"
"又诏令","0","12","12"
"军隶属","0","12","12"
"诏令改","0","12","12"
"祖先是","0","12","12"
"又改为","0","12","12"
"改任左","0","12","12"
"南平定","0","12","12"
"赏赐他","0","12","12"
"道初年","0","12","12"
"防御史","0","12","12"
"著作有","0","12","12"
"他写的","0","12","12"
"被加封","0","12","12"
"到尚书","0","12","12"
"兵收复","0","12","12"
"的人大","0","12","12"
"多次打","0","12","12"
"次打败","0","12","12"
"这天夜","0","12","12"
"又打败","0","12","12"
"得以逃","0","12","12"
"马上派","0","12","12"
"而我们","0","12","12"
"失败了","0","12","12"
"在已经","0","12","12"
"没有生","0","12","12"
"在石头","0","12","12"
"被御史","0","12","12"
"的大将","0","12","12"
"升任侍","0","12","12"
"率步兵","0","12","12"
"率领骑","0","12","12"
"驱直入","0","12","12"
"己率领","0","12","12"
"不再有","0","12","12"
"另外有","0","12","12"
"不相信","0","12","12"
"败了他","0","12","12"
"亲自提","0","12","12"
"令各军","0","12","12"
"仍然不","0","12","12"
"率领轻","0","12","12"
"考试的","0","12","12"
"合并为","0","12","12"
"建立功","0","12","12"
"的礼物","0","12","12"
"尚且不","0","12","12"
"一百天","0","12","12"
"得超过","0","12","12"
"没有收","0","12","12"
"明年间","0","12","12"
"的权柄","0","12","12"
"不同于","0","12","12"
"又重新","0","12","12"
"任右卫","0","12","12"
"并免除","0","12","12"
"赈济饥","0","12","12"
"从皇上","0","12","12"
"逃亡的","0","12","12"
"到华林","0","12","12"
"皇上将","0","12","12"
"太后对","0","12","12"
"一律不","0","12","12"
"他地方","0","12","12"
"全部释","0","12","12"
"部释放","0","12","12"
"费开支","0","12","12"
"令他的","0","12","12"
"下诏太","0","12","12"
"学者们","0","12","12"
"相对应","0","12","12"
"再没有","0","12","12"
"就好像","0","12","12"
"种办法","0","12","12"
"其正声","0","12","12"
"制作的","0","12","12"
"是根据","0","12","12"
"路上遇","0","12","12"
"上遇到","0","12","12"
"都佩服","0","12","12"
"共有十","0","12","12"
"人都知","0","12","12"
"就不可","0","12","12"
"与此相","0","12","12"
"来代替","0","12","12"
"太阳位","0","12","12"
"百零五","0","12","12"
"改变这","0","12","12"
"向外推","0","12","12"
"后一天","0","12","12"
"大余上","0","12","12"
"月的节","0","12","12"
"月的中","0","12","12"
"行的度","0","12","12"
"可以看","0","12","12"
"儿子叫","0","12","12"
"此没有","0","12","12"
"不能和","0","12","12"
"了三天","0","12","12"
"在翼宿","0","12","12"
"不然的","0","12","12"
"然的话","0","12","12"
"所陈述","0","12","12"
"所属官","0","12","12"
"当年的","0","12","12"
"现在大","0","12","12"
"于是成","0","12","12"
"帝开始","0","12","12"
"再一次","0","12","12"
"恭敬地","0","12","12"
"可以没","0","12","12"
"大功丧","0","12","12"
"不是说","0","12","12"
"夫人的","0","12","12"
"当今的","0","12","12"
"王刘宏","0","12","12"
"皇上所","0","12","12"
"儿子不","0","12","12"
"都是在","0","12","12"
"升任为","0","12","12"
"赠为太","0","12","12"
"于是便","0","12","12"
"郊外祭","0","12","12"
"以配祭","0","12","12"
"应该举","0","12","12"
"该举行","0","12","12"
"见的人","0","12","12"
"帝平定","0","12","12"
"祭品祭","0","12","12"
"能亲自","0","12","12"
"后一定","0","12","12"
"最重要","0","12","12"
"到治理","0","12","12"
"夜不停","0","12","12"
"出来了","0","12","12"
"没有战","0","12","12"
"猪三牲","0","12","12"
"所以太","0","12","12"
"而停止","0","12","12"
"可以的","0","12","12"
"义恭的","0","12","12"
"按季节","0","12","12"
"兄长的","0","12","12"
"有来得","0","12","12"
"定法令","0","12","12"
"朱红色","0","12","12"
"车上竖","0","12","12"
"上竖立","0","12","12"
"人开始","0","12","12"
"五种颜","0","12","12"
"乘驿车","0","12","12"
"人建议","0","12","12"
"了没有","0","12","12"
"尚书的","0","12","12"
"到其他","0","12","12"
"他不能","0","12","12"
"起大风","0","12","12"
"把它作","0","12","12"
"右亲近","0","12","12"
"道他是","0","12","12"
"栖息在","0","12","12"
"秉承朝","0","12","12"
"精锐骑","0","12","12"
"草诏书","0","12","12"
"这篇相","0","12","12"
"篇相当","0","12","12"
"度又十","0","12","12"
"白天黑","0","12","12"
"天黑夜","0","12","12"
"现于西","0","12","12"
"现在天","0","12","12"
"在参宿","0","12","12"
"天后消","0","12","12"
"主失去","0","12","12"
"军死亡","0","12","12"
"武帝去","0","12","12"
"当时司","0","12","12"
"州对应","0","12","12"
"请求为","0","12","12"
"哭泣的","0","12","12"
"军渡过","0","12","12"
"兵退走","0","12","12"
"进逼京","0","12","12"
"气出现","0","12","12"
"的智慧","0","12","12"
"取名为","0","12","12"
"一同前","0","12","12"
"的可以","0","12","12"
"此事告","0","12","12"
"的云气","0","12","12"
"这种现","0","12","12"
"种现象","0","12","12"
"麟出现","0","12","12"
"岁星进","0","12","12"
"人对他","0","12","12"
"是吉利","0","12","12"
"的轨道","0","12","12"
"是太子","0","12","12"
"现于郡","0","12","12"
"后献上","0","12","12"
"壬子日","0","12","12"
"之献上","0","12","12"
"是羽虫","0","12","12"
"叫做不","0","12","12"
"死后被","0","12","12"
"跟从他","0","12","12"
"事情相","0","12","12"
"情相同","0","12","12"
"儆戒说","0","12","12"
"十分恐","0","12","12"
"人投降","0","12","12"
"京城任","0","12","12"
"天降大","0","12","12"
"队攻打","0","12","12"
"队讨伐","0","12","12"
"准备出","0","12","12"
"百姓财","0","12","12"
"相继被","0","12","12"
"沉默不","0","12","12"
"他也不","0","12","12"
"人报告","0","12","12"
"及其他","0","12","12"
"木被连","0","12","12"
"廷的命","0","12","12"
"不恰当","0","12","12"
"职务的","0","12","12"
"兵包围","0","12","12"
"这是以","0","12","12"
"了几个","0","12","12"
"岁的时","0","12","12"
"路有二","0","12","12"
"领有三","0","12","12"
"距州治","0","12","12"
"当地的","0","12","12"
"十分恳","0","12","12"
"分恳切","0","12","12"
"关系很","0","12","12"
"这个官","0","12","12"
"未到任","0","12","12"
"的官位","0","12","12"
"老还乡","0","12","12"
"封为建","0","12","12"
"当天便","0","12","12"
"执政的","0","12","12"
"能容忍","0","12","12"
"河北的","0","12","12"
"竭尽全","0","12","12"
"都称赞","0","12","12"
"多次升","0","12","12"
"来处理","0","12","12"
"请求不","0","12","12"
"祖刘裕","0","12","12"
"便去世","0","12","12"
"不久加","0","12","12"
"书认为","0","12","12"
"的人还","0","12","12"
"次战斗","0","12","12"
"非常愤","0","12","12"
"人骑兵","0","12","12"
"全部收","0","12","12"
"复他的","0","12","12"
"没有受","0","12","12"
"当侍中","0","12","12"
"得到他","0","12","12"
"既然已","0","12","12"
"个建议","0","12","12"
"他为秘","0","12","12"
"求免除","0","12","12"
"久又被","0","12","12"
"使者说","0","12","12"
"来迎战","0","12","12"
"听说张","0","12","12"
"以消除","0","12","12"
"任此职","0","12","12"
"的贤能","0","12","12"
"让他任","0","12","12"
"他们相","0","12","12"
"对身边","0","12","12"
"到太平","0","12","12"
"就能够","0","12","12"
"奏请朝","0","12","12"
"让他出","0","12","12"
"不按时","0","12","12"
"做的事","0","12","12"
"地区百","0","12","12"
"任他的","0","12","12"
"还不如","0","12","12"
"敌人到","0","12","12"
"安都的","0","12","12"
"不统一","0","12","12"
"打退他","0","12","12"
"殿召见","0","12","12"
"反复无","0","12","12"
"复无常","0","12","12"
"族军队","0","12","12"
"命令把","0","12","12"
"太宗对","0","12","12"
"成功的","0","12","12"
"袁顗的","0","12","12"
"敌军的","0","12","12"
"的家人","0","12","12"
"父亲死","0","12","12"
"我应当","0","12","12"
"五百多","0","12","12"
"守城的","0","12","12"
"这句话","0","12","12"
"褒奖他","0","12","12"
"到边境","0","12","12"
"朝廷使","0","12","12"
"刘邵的","0","12","12"
"的欢心","0","12","12"
"者前来","0","12","12"
"委任他","0","12","12"
"能保证","0","12","12"
"的虚实","0","12","12"
"兵的一","0","12","12"
"显德年","0","12","12"
"给大臣","0","12","12"
"免除三","0","12","12"
"请求太","0","12","12"
"秦州知","0","12","12"
"元殿接","0","12","12"
"殿宴请","0","12","12"
"骚扰百","0","12","12"
"立即上","0","12","12"
"祈祷天","0","12","12"
"诏各州","0","12","12"
"按规定","0","12","12"
"打败江","0","12","12"
"去看望","0","12","12"
"名士兵","0","12","12"
"求罢除","0","12","12"
"加恩赏","0","12","12"
"任命秦","0","12","12"
"各州百","0","12","12"
"在各地","0","12","12"
"予以奖","0","12","12"
"国派人","0","12","12"
"的提问","0","12","12"
"封为魏","0","12","12"
"到文德","0","12","12"
"保职衔","0","12","12"
"钱不等","0","12","12"
"朝廷讨","0","12","12"
"人得到","0","12","12"
"开京师","0","12","12"
"下诏立","0","12","12"
"每年推","0","12","12"
"年推举","0","12","12"
"六十多","0","12","12"
"太后溢","0","12","12"
"己陈述","0","12","12"
"诏修撰","0","12","12"
"亲笔书","0","12","12"
"罢各路","0","12","12"
"谕他们","0","12","12"
"赐给溢","0","12","12"
"在福宁","0","12","12"
"州遭受","0","12","12"
"英宗说","0","12","12"
"各路帅","0","12","12"
"为朝奉","0","12","12"
"溢号文","0","12","12"
"暂时代","0","12","12"
"时代理","0","12","12"
"主考官","0","12","12"
"令恢复","0","12","12"
"救令格","0","12","12"
"在旁边","0","12","12"
"被罢为","0","12","12"
"官三级","0","12","12"
"情况赦","0","12","12"
"况赦免","0","12","12"
"任命郭","0","12","12"
"送给金","0","12","12"
"军已经","0","12","12"
"规章制","0","12","12"
"青州知","0","12","12"
"因言事","0","12","12"
"出来进","0","12","12"
"兵渡过","0","12","12"
"秘密派","0","12","12"
"宗泽上","0","12","12"
"又叛乱","0","12","12"
"金军离","0","12","12"
"次命令","0","12","12"
"率兵退","0","12","12"
"到温州","0","12","12"
"程昌辨","0","12","12"
"行决定","0","12","12"
"岳飞在","0","12","12"
"命令四","0","12","12"
"书议论","0","12","12"
"来归降","0","12","12"
"受国书","0","12","12"
"是收复","0","12","12"
"张和议","0","12","12"
"兴十一","0","12","12"
"令杨存","0","12","12"
"除两淮","0","12","12"
"知门事","0","12","12"
"朱熹因","0","12","12"
"宋孝宗","0","12","12"
"吴曦的","0","12","12"
"李全派","0","12","12"
"元军进","0","12","12"
"诏褒奖","0","12","12"
"我国中","0","12","12"
"国中原","0","12","12"
"的眼睛","0","12","12"
"宁年间","0","12","12"
"的旨令","0","12","12"
"方地区","0","12","12"
"白星占","0","12","12"
"战争大","0","12","12"
"争大规","0","12","12"
"那么年","0","12","12"
"又占验","0","12","12"
"宿出来","0","12","12"
"据此宿","0","12","12"
"星变出","0","12","12"
"变出现","0","12","12"
"国分野","0","12","12"
"能阻止","0","12","12"
"到惊异","0","12","12"
"遇到敌","0","12","12"
"升为殿","0","12","12"
"朝廷奏","0","12","12"
"打算让","0","12","12"
"的短处","0","12","12"
"皇上赞","0","12","12"
"请求告","0","12","12"
"入京任","0","12","12"
"主持贡","0","12","12"
"持贡举","0","12","12"
"升任户","0","12","12"
"任校书","0","12","12"
"说的人","0","12","12"
"有人对","0","12","12"
"被召到","0","12","12"
"去相位","0","12","12"
"此被罢","0","12","12"
"任潭州","0","12","12"
"兵前去","0","12","12"
"请求设","0","12","12"
"请求一","0","12","12"
"升任秘","0","12","12"
"出自他","0","12","12"
"法令制","0","12","12"
"执掌朝","0","12","12"
"他们讲","0","12","12"
"当时韩","0","12","12"
"待制的","0","12","12"
"禁卫军","0","12","12"
"是祖宗","0","12","12"
"管理一","0","12","12"
"可任用","0","12","12"
"次上章","0","12","12"
"愤怒地","0","12","12"
"俊卿说","0","12","12"
"他提举","0","12","12"
"被差遣","0","12","12"
"金讲和","0","12","12"
"必大拜","0","12","12"
"王扌卞","0","12","12"
"汝愚被","0","12","12"
"为宝谟","0","12","12"
"宋金和","0","12","12"
"劾罢免","0","12","12"
"历年间","0","12","12"
"孟珙被","0","12","12"
"公著说","0","12","12"
"的要旨","0","12","12"
"徐梦莘","0","12","12"
"岩叟说","0","12","12"
"世忠说","0","12","12"
"飞上奏","0","12","12"
"不得出","6","5","11"
"无所依","4","7","11"
"阴阳之","9","2","11"
"元帝中","6","5","11"
"相谓曰","11","0","11"
"之妖也","11","0","11"
"以祸福","10","1","11"
"同事也","11","0","11"
"明年二","10","1","11"
"有异议","2","9","11"
"如此之","8","3","11"
"多不能","5","6","11"
"人之所","6","5","11"
"久而不","8","3","11"
"讨刘毅","6","5","11"
"勤王之","8","3","11"
"得其所","4","7","11"
"复大业","3","8","11"
"宗社之","10","1","11"
"人君之","10","1","11"
"当世之","9","2","11"
"不出于","8","3","11"
"往往有","6","5","11"
"外臣庶","9","2","11"
"晕周匝","11","0","11"
"其巢穴","8","3","11"
"攻守之","6","5","11"
"左右近","8","3","11"
"不得安","2","9","11"
"于地下","5","6","11"
"则不可","9","2","11"
"城内史","6","5","11"
"军道怜","7","4","11"
"彭城县","6","5","11"
"为平北","4","7","11"
"尚书六","6","5","11"
"王昶为","6","5","11"
"皇弟休","6","5","11"
"之为太","5","6","11"
"为镇北","4","7","11"
"第二子","8","3","11"
"为武陵","5","6","11"
"以宁朔","9","2","11"
"都官尚","6","5","11"
"为二尺","4","7","11"
"二尺九","5","6","11"
"六万七","6","5","11"
"一万六","5","6","11"
"八百五","6","5","11"
"迟疾差","3","8","11"
"疾差率","3","8","11"
"六百六","6","5","11"
"中黄门","6","5","11"
"千秋万","3","8","11"
"不可当","9","2","11"
"分分之","5","6","11"
"文帝崩","8","3","11"
"可胜数","4","7","11"
"刺史庾","5","6","11"
"闰月丁","10","1","11"
"一年三","5","6","11"
"言甘露","11","0","11"
"五年闰","7","4","11"
"天渊池","6","5","11"
"隆安三","6","5","11"
"吴兴乌","8","3","11"
"兴乌程","8","3","11"
"太和五","5","6","11"
"六年冬","5","6","11"
"琅邪临","10","1","11"
"邪临沂","10","1","11"
"太兴二","5","6","11"
"三千九","6","5","11"
"领护军","7","4","11"
"庐江太","6","5","11"
"江太守","6","5","11"
"州之梁","11","0","11"
"桂阳公","6","5","11"
"为山南","4","7","11"
"彦进为","5","6","11"
"骁卫上","7","4","11"
"院事张","5","6","11"
"镇宁军","6","5","11"
"河西军","5","6","11"
"签署枢","6","5","11"
"杨氏为","4","7","11"
"王曾为","6","5","11"
"圣二年","4","7","11"
"士逊为","5","6","11"
"置陕西","6","5","11"
"夏竦为","6","5","11"
"交州来","6","5","11"
"圣烈皇","7","4","11"
"淮阳郡","5","6","11"
"命宰相","7","4","11"
"为济阳","6","5","11"
"授检校","10","1","11"
"使以上","4","7","11"
"南水灾","5","6","11"
"王孝迪","6","5","11"
"管宫观","1","10","11"
"守平江","7","4","11"
"置使王","5","6","11"
"中丞范","6","5","11"
"江南诸","9","2","11"
"江西路","4","7","11"
"兼提点","5","6","11"
"河北招","5","6","11"
"郎兼直","5","6","11"
"皇后尊","4","7","11"
"宜州观","6","5","11"
"抚使吴","5","6","11"
"郑昭先","6","5","11"
"举玉隆","5","6","11"
"制司参","6","5","11"
"知滁州","9","2","11"
"不敢轻","3","8","11"
"建阳县","5","6","11"
"癸未朔","11","0","11"
"王与芮","9","2","11"
"一十三","5","6","11"
"曾伯为","3","8","11"
"宣抚大","5","6","11"
"世杰以","8","3","11"
"日为天","6","5","11"
"张起岩","6","5","11"
"者三十","9","2","11"
"在尾宿","2","9","11"
"属天市","11","0","11"
"定十五","3","8","11"
"内殿直","6","5","11"
"左右仆","5","6","11"
"都提举","6","5","11"
"不敢近","11","0","11"
"召为右","10","1","11"
"韩令坤","4","7","11"
"王禹偁","11","0","11"
"国朝会","6","5","11"
"同判太","5","6","11"
"光山县","4","7","11"
"天禧四","4","7","11"
"禧四年","4","7","11"
"进尚书","11","0","11"
"以太常","7","4","11"
"兼权中","7","4","11"
"陛下正","3","8","11"
"绍定六","2","9","11"
"郎兼国","6","5","11"
"嘉兴府","6","5","11"
"兼权兵","7","4","11"
"六百余","9","2","11"
"安主簿","6","5","11"
"京湖宣","5","6","11"
"弃疾为","5","6","11"
"百余万","7","4","11"
"皇帝讳","10","1","11"
"吴国内","5","6","11"
"以抚军","10","1","11"
"为永嘉","7","4","11"
"为楚王","5","6","11"
"于寻阳","6","5","11"
"为征虏","5","6","11"
"为内应","8","3","11"
"扬武将","5","6","11"
"动天地","5","6","11"
"人心所","5","6","11"
"中外诸","5","6","11"
"人臣之","8","3","11"
"谋作乱","7","4","11"
"军刘怀","5","6","11"
"于是设","3","8","11"
"刺史段","6","5","11"
"不能当","8","3","11"
"率精锐","5","6","11"
"为建威","6","5","11"
"郗僧施","5","6","11"
"丞相王","6","5","11"
"陈留王","5","6","11"
"进号平","10","1","11"
"壬午朔","11","0","11"
"不得过","9","2","11"
"凉州刺","6","5","11"
"司马徐","6","5","11"
"善骑射","11","0","11"
"武帝崩","8","3","11"
"以右卫","11","0","11"
"遣使巡","11","0","11"
"镇北大","6","5","11"
"王铄为","7","4","11"
"租之半","11","0","11"
"南丰王","5","6","11"
"汝南郡","4","7","11"
"第十二","5","6","11"
"北秦四","6","5","11"
"秦四州","6","5","11"
"爵一等","4","7","11"
"元景为","5","6","11"
"修之为","5","6","11"
"射建平","6","5","11"
"刺史硃","11","0","11"
"延孙为","8","3","11"
"刺史宗","6","5","11"
"不得入","9","2","11"
"在大明","2","9","11"
"成太守","6","5","11"
"承明门","5","6","11"
"四年以","5","6","11"
"帝崩于","11","0","11"
"以特进","6","5","11"
"除给事","11","0","11"
"平王休","7","4","11"
"平冲王","5","6","11"
"汝阴太","6","5","11"
"甲寅朔","11","0","11"
"对左右","1","10","11"
"母丧去","9","2","11"
"年十五","10","1","11"
"不能禁","5","6","11"
"左右有","7","4","11"
"从之游","11","0","11"
"闰月辛","11","0","11"
"年十三","10","1","11"
"鼓吹铙","6","5","11"
"黄钟之","9","2","11"
"冬至之","11","0","11"
"正声应","11","0","11"
"下徵应","11","0","11"
"武帝以","8","3","11"
"因此改","2","9","11"
"不可任","5","6","11"
"古今之","7","4","11"
"六千余","9","2","11"
"朔积分","5","6","11"
"不尽为","11","0","11"
"小余满","6","5","11"
"定大小","5","6","11"
"定积分","5","6","11"
"日月五","7","4","11"
"以周天","6","5","11"
"九十分","6","5","11"
"五千三","6","5","11"
"行一度","8","3","11"
"五行之","6","5","11"
"之所在","7","4","11"
"成帝时","4","7","11"
"永兴二","6","5","11"
"万乘之","8","3","11"
"行心丧","1","10","11"
"丧之礼","4","7","11"
"司又奏","11","0","11"
"数年之","8","3","11"
"以天子","7","4","11"
"后李氏","7","4","11"
"母以子","10","1","11"
"仪曹郎","5","6","11"
"右丞徐","6","5","11"
"博士司","6","5","11"
"之大者","11","0","11"
"长沙景","5","6","11"
"沙景王","5","6","11"
"自己以","1","10","11"
"公主为","4","7","11"
"各有所","9","2","11"
"阳县开","6","5","11"
"不得为","9","2","11"
"太后既","7","4","11"
"帝位于","7","4","11"
"四百三","6","5","11"
"普天之","3","8","11"
"天之下","3","8","11"
"于长安","10","1","11"
"为社稷","8","3","11"
"自此始","11","0","11"
"以为名","10","1","11"
"无所取","7","4","11"
"皇帝特","1","10","11"
"昭皇后","5","6","11"
"子孙之","7","4","11"
"不可言","7","4","11"
"一年十","5","6","11"
"三年一","8","3","11"
"天地社","4","7","11"
"太子以","7","4","11"
"义恭以","10","1","11"
"建兴四","6","5","11"
"大如斗","6","5","11"
"百姓苦","3","8","11"
"水苍玉","11","0","11"
"加不得","5","6","11"
"为将帅","4","7","11"
"后不得","3","8","11"
"臣子之","8","3","11"
"天地宗","5","6","11"
"地宗庙","5","6","11"
"入宗庙","1","10","11"
"以为一","7","4","11"
"以仁义","3","8","11"
"鼓吹曲","3","8","11"
"长六尺","6","5","11"
"沈怀远","4","7","11"
"不测之","6","5","11"
"寿万年","4","7","11"
"战城南","6","5","11"
"将进酒","5","6","11"
"二句句","11","0","11"
"巫山高","5","6","11"
"拨乱反","3","8","11"
"乱反正","3","8","11"
"远方来","4","7","11"
"承天命","4","7","11"
"赤道内","7","4","11"
"不得专","7","4","11"
"有大忧","6","5","11"
"太微上","8","3","11"
"不克而","7","4","11"
"大兵起","9","2","11"
"于淮南","3","8","11"
"孙亮五","6","5","11"
"亮五凤","6","5","11"
"甘露三","6","5","11"
"露三年","6","5","11"
"长十余","7","4","11"
"多疾病","2","9","11"
"杨太后","4","7","11"
"帝为太","7","4","11"
"齐王冏","11","0","11"
"星昼见","11","0","11"
"有大星","6","5","11"
"岁星在","4","7","11"
"于是杀","1","10","11"
"地有兵","11","0","11"
"其妻子","8","3","11"
"斗第五","7","4","11"
"于是中","6","5","11"
"咸安二","5","6","11"
"不出三","7","4","11"
"星犯哭","1","10","11"
"为所败","10","1","11"
"文处茂","5","6","11"
"二万余","9","2","11"
"高祖西","6","5","11"
"填星入","11","0","11"
"星在太","4","7","11"
"司空竟","6","5","11"
"空竟陵","6","5","11"
"数千万","7","4","11"
"星入氐","6","5","11"
"力争之","11","0","11"
"贵不可","6","5","11"
"于尚书","9","2","11"
"时称为","1","10","11"
"水涌出","1","10","11"
"六十年","5","6","11"
"龙二见","11","0","11"
"太守孟","5","6","11"
"园丞梅","6","5","11"
"我大宋","2","9","11"
"五谷丰","3","8","11"
"会稽人","5","6","11"
"其性而","11","0","11"
"大雨震","11","0","11"
"雨震电","11","0","11"
"于是百","4","7","11"
"守御之","10","1","11"
"东诸郡","9","2","11"
"中原大","3","8","11"
"是不敢","2","9","11"
"为吴兴","10","1","11"
"陛下忧","8","3","11"
"时贾后","7","4","11"
"祖神主","4","7","11"
"在长沙","1","10","11"
"百姓愁","5","6","11"
"大风雨","9","2","11"
"洛阳城","3","8","11"
"癸卯朔","11","0","11"
"州城南","6","5","11"
"不能动","4","7","11"
"天下皆","9","2","11"
"有不当","5","6","11"
"有不合","6","5","11"
"庚子朔","11","0","11"
"乙卯朔","10","1","11"
"庚辰朔","11","0","11"
"不过三","6","5","11"
"十有六","11","0","11"
"年更名","11","0","11"
"水一千","11","0","11"
"永安县","5","6","11"
"战争之","1","10","11"
"一万二","3","8","11"
"去州水","11","0","11"
"汉景帝","4","7","11"
"高祖在","4","7","11"
"祖庙庭","7","4","11"
"由此得","8","3","11"
"千人守","7","4","11"
"从高祖","6","5","11"
"兼行参","6","5","11"
"太祖嘉","10","1","11"
"傅弘之","4","7","11"
"率步骑","9","2","11"
"官为太","1","10","11"
"太守如","11","0","11"
"军军事","6","5","11"
"为游击","6","5","11"
"所不同","1","10","11"
"北行参","5","6","11"
"闻其名","11","0","11"
"泰始初","5","6","11"
"不果行","11","0","11"
"不得休","6","5","11"
"随府转","10","1","11"
"于是先","3","8","11"
"为高祖","7","4","11"
"中散大","5","6","11"
"徒左西","5","6","11"
"马文恭","5","6","11"
"孝伯曰","11","0","11"
"永昌王","5","6","11"
"固辞不","11","0","11"
"从容问","7","4","11"
"关朝廷","5","6","11"
"臣不知","7","4","11"
"并不就","11","0","11"
"以女妻","11","0","11"
"则不足","7","4","11"
"为散骑","3","8","11"
"博览群","2","9","11"
"览群书","2","9","11"
"十万钱","2","9","11"
"力不足","5","6","11"
"王僧绰","5","6","11"
"太祖大","5","6","11"
"为武昌","3","8","11"
"百里之","4","7","11"
"皇帝即","3","8","11"
"失人心","8","3","11"
"发兵讨","7","4","11"
"建明堂","4","7","11"
"中为尚","6","5","11"
"以大理","8","3","11"
"宗因此","1","10","11"
"阎湛之","4","7","11"
"三月三","2","9","11"
"领三千","2","9","11"
"为太宗","8","3","11"
"语之曰","11","0","11"
"太子在","1","10","11"
"劳将士","5","6","11"
"州之间","1","10","11"
"为小人","5","6","11"
"东南之","8","3","11"
"二月四","2","9","11"
"分为五","4","7","11"
"为防御","4","7","11"
"有数万","1","10","11"
"有二千","2","9","11"
"与中国","5","6","11"
"在新亭","1","10","11"
"为东南","7","4","11"
"太祖问","5","6","11"
"显德中","11","0","11"
"显德三","5","6","11"
"率兵二","2","9","11"
"白金三","8","3","11"
"以千计","4","7","11"
"坐赃弃","11","0","11"
"不御殿","11","0","11"
"遣使赐","11","0","11"
"度使张","6","5","11"
"书判拔","6","5","11"
"判拔萃","6","5","11"
"拔萃科","5","6","11"
"使赵普","5","6","11"
"行营将","5","6","11"
"院使兼","6","5","11"
"银万两","8","3","11"
"正直言","6","5","11"
"使刘光","5","6","11"
"军五百","6","5","11"
"子孙不","5","6","11"
"中丞张","7","4","11"
"河北诸","10","1","11"
"万石振","11","0","11"
"三万石","5","6","11"
"江南水","6","5","11"
"以书来","11","0","11"
"租十之","11","0","11"
"十之三","10","1","11"
"阁门副","11","0","11"
"大喜曰","10","1","11"
"破州县","5","6","11"
"所不原","11","0","11"
"德昭为","1","10","11"
"进秩有","11","0","11"
"道转运","5","6","11"
"御乾元","11","0","11"
"镇东军","6","5","11"
"郑国公","5","6","11"
"石岭关","5","6","11"
"伐契丹","5","6","11"
"幽州行","5","6","11"
"为幽州","6","5","11"
"于军中","4","7","11"
"为高阳","6","5","11"
"以左仆","5","6","11"
"福建诸","11","0","11"
"山隐士","4","7","11"
"官吏犯","7","4","11"
"北方有","6","5","11"
"十万众","11","0","11"
"国寺祈","4","7","11"
"李昉为","1","10","11"
"河北东","5","6","11"
"城内外","3","8","11"
"升朝官","6","5","11"
"五年以","2","9","11"
"便宜从","11","0","11"
"引兵趋","11","0","11"
"为鄂州","2","9","11"
"乾德五","3","8","11"
"见群臣","6","5","11"
"以太宗","6","5","11"
"宴含光","7","4","11"
"州父老","6","5","11"
"至死者","8","3","11"
"削籍流","5","6","11"
"以王钦","7","4","11"
"兵八千","3","8","11"
"给缗钱","10","1","11"
"京师地","11","0","11"
"民疾苦","10","1","11"
"抚河东","6","5","11"
"偁宫视","11","0","11"
"有司以","9","2","11"
"广济河","5","6","11"
"群臣朝","8","3","11"
"为平江","3","8","11"
"使陕西","5","6","11"
"判河阳","6","5","11"
"以疾辞","11","0","11"
"谢天地","6","5","11"
"中外官","4","7","11"
"北水灾","4","7","11"
"京城大","5","6","11"
"入内副","6","5","11"
"形于色","5","6","11"
"乾兴元","5","6","11"
"百官进","6","5","11"
"真宗实","6","5","11"
"州牢城","5","6","11"
"安抚陕","6","5","11"
"朝飨景","11","0","11"
"飨景灵","11","0","11"
"言时政","9","2","11"
"知州军","5","6","11"
"子孙一","5","6","11"
"懿太后","6","5","11"
"诏台谏","7","4","11"
"阁侍讲","5","6","11"
"缗钱三","11","0","11"
"石元孙","5","6","11"
"安抚京","6","5","11"
"千人屯","7","4","11"
"子监直","5","6","11"
"仲淹为","6","5","11"
"昌朝为","4","7","11"
"可行者","8","3","11"
"夏国来","2","9","11"
"给河北","2","9","11"
"广东转","6","5","11"
"诏京西","8","3","11"
"诏湖北","6","5","11"
"祖宗神","5","6","11"
"于福宁","11","0","11"
"出于天","7","4","11"
"臣不可","8","3","11"
"宰臣祈","3","8","11"
"为寿圣","1","10","11"
"太后下","2","9","11"
"辽遣萧","11","0","11"
"败夏人","11","0","11"
"副统军","6","5","11"
"等十三","5","6","11"
"彦博以","5","6","11"
"太后权","6","5","11"
"后权同","6","5","11"
"奏请皇","2","9","11"
"后听政","5","6","11"
"直言朝","2","9","11"
"熙宁以","5","6","11"
"为崇政","6","5","11"
"相之上","3","8","11"
"苏轼为","2","9","11"
"监司考","2","9","11"
"制置解","6","5","11"
"置解盐","6","5","11"
"令文武","1","10","11"
"福建转","5","6","11"
"建转运","5","6","11"
"天宁节","5","6","11"
"诏上书","6","5","11"
"于诸路","11","0","11"
"将仕郎","6","5","11"
"弟子员","10","1","11"
"邓洵武","9","2","11"
"复其官","10","1","11"
"政和元","5","6","11"
"下诏申","1","10","11"
"三日一","8","3","11"
"封鲁国","9","2","11"
"以童贯","10","1","11"
"定策功","8","3","11"
"州来归","9","2","11"
"堂审察","7","4","11"
"五十有","10","1","11"
"祖宗旧","7","4","11"
"金人渡","8","3","11"
"金人又","2","9","11"
"以金人","10","1","11"
"李纲罢","7","4","11"
"在禁中","4","7","11"
"金兵退","6","5","11"
"兵渡河","6","5","11"
"拟诏书","1","10","11"
"天命人","5","6","11"
"为统制","6","5","11"
"真定府","6","5","11"
"军前通","6","5","11"
"前通问","6","5","11"
"抚使刘","5","6","11"
"用张浚","3","8","11"
"守臣张","4","7","11"
"金人欲","11","0","11"
"部将王","4","7","11"
"其姓名","8","3","11"
"西抚谕","6","5","11"
"邵成章","5","6","11"
"军副统","5","6","11"
"仲荀为","5","6","11"
"策试礼","1","10","11"
"守镇江","6","5","11"
"干预朝","2","9","11"
"王钧甫","5","6","11"
"颐浩请","4","7","11"
"权同知","8","3","11"
"庆阳府","6","5","11"
"浚承制","11","0","11"
"陈邦光","4","7","11"
"太和县","5","6","11"
"论宰相","5","6","11"
"宋用臣","4","7","11"
"遣王德","9","2","11"
"百官遥","6","5","11"
"引兵还","11","0","11"
"胁从者","7","4","11"
"沂中为","5","6","11"
"又败之","11","0","11"
"翟汝文","4","7","11"
"帅者二","7","4","11"
"国强兵","5","6","11"
"建炎以","6","5","11"
"沿海州","5","6","11"
"事中胡","6","5","11"
"伪齐知","9","2","11"
"知汝州","8","3","11"
"周十隆","5","6","11"
"淮南东","4","7","11"
"子羽为","4","7","11"
"残破州","5","6","11"
"川陕宣","4","7","11"
"击金兵","1","10","11"
"募民耕","8","3","11"
"旱伤州","11","0","11"
"参谋军","4","7","11"
"谋军事","4","7","11"
"不得擅","2","9","11"
"为蜀王","4","7","11"
"在建康","2","9","11"
"归河南","11","0","11"
"复资政","8","3","11"
"置淮东","7","4","11"
"显忠为","5","6","11"
"世忠又","2","9","11"
"慈宁宫","6","5","11"
"取河南","5","6","11"
"刘锜为","9","2","11"
"顺昌之","6","5","11"
"钱六十","5","6","11"
"和议成","7","4","11"
"邓二州","3","8","11"
"李椿年","5","6","11"
"饮酒礼","5","6","11"
"折帛钱","5","6","11"
"为安德","4","7","11"
"以宽民","7","4","11"
"以边事","8","3","11"
"为侍从","6","5","11"
"江上诸","8","3","11"
"陛下于","9","2","11"
"为帝言","11","0","11"
"高宗因","2","9","11"
"义军统","5","6","11"
"皇甫倜","7","4","11"
"论边事","5","6","11"
"仆散忠","5","6","11"
"镇江大","6","5","11"
"执不可","11","0","11"
"蠲两淮","11","0","11"
"官军讨","5","6","11"
"抚司事","5","6","11"
"清河口","6","5","11"
"官以上","3","8","11"
"金字牌","5","6","11"
"检详文","5","6","11"
"详文字","5","6","11"
"待制兼","5","6","11"
"淳熙元","6","5","11"
"丁钱三","6","5","11"
"常平米","5","6","11"
"赵雄为","2","9","11"
"数百言","7","4","11"
"淳熙八","4","7","11"
"任宫观","1","10","11"
"丞相周","6","5","11"
"丞相留","8","3","11"
"高宗为","3","8","11"
"龟年奏","6","5","11"
"以皇帝","3","8","11"
"能执丧","8","3","11"
"来贺瑞","11","0","11"
"离职守","2","9","11"
"攻唐州","5","6","11"
"杨震仲","5","6","11"
"徐景望","5","6","11"
"文绍节","5","6","11"
"内库钱","3","8","11"
"州蛮攻","1","10","11"
"王大才","6","5","11"
"刘昌祖","5","6","11"
"金人遂","11","0","11"
"以捷闻","11","0","11"
"为济王","4","7","11"
"升兼侍","7","4","11"
"孝宗为","4","7","11"
"削二秩","11","0","11"
"修撰知","8","3","11"
"徐元杰","5","6","11"
"经筵官","4","7","11"
"朱扬祖","5","6","11"
"胡梦昱","5","6","11"
"国安用","4","7","11"
"流离失","1","10","11"
"离失所","1","10","11"
"召赴阙","11","0","11"
"子之道","5","6","11"
"不足畏","7","4","11"
"以吕文","7","4","11"
"刘伯正","5","6","11"
"战数十","6","5","11"
"子为承","1","10","11"
"可以消","1","10","11"
"诏依旧","7","4","11"
"王惟忠","5","6","11"
"三千万","5","6","11"
"朱禩孙","11","0","11"
"判福州","6","5","11"
"东宫官","5","6","11"
"王龠","11","0","11"
"兵败被","3","8","11"
"皋亭山","6","5","11"
"不能战","4","7","11"
"是司马","1","10","11"
"赤道之","8","3","11"
"星在天","3","8","11"
"气入之","11","0","11"
"微垣西","3","8","11"
"有水旱","5","6","11"
"有德令","11","0","11"
"一曰有","11","0","11"
"上诸星","11","0","11"
"天下和","5","6","11"
"将有丧","1","10","11"
"官有忧","3","8","11"
"为人主","6","5","11"
"臣下谋","1","10","11"
"在三月","1","10","11"
"在张宿","2","9","11"
"因为太","1","10","11"
"罗崇勋","4","7","11"
"仁宗以","6","5","11"
"乾道七","3","8","11"
"道七年","3","8","11"
"孝宗崩","11","0","11"
"领精兵","3","8","11"
"上章论","6","5","11"
"能属文","11","0","11"
"留京师","9","2","11"
"陛下深","4","7","11"
"庆知府","1","10","11"
"百万之","7","4","11"
"正之人","4","7","11"
"归咎于","5","6","11"
"因上书","2","9","11"
"兵不能","6","5","11"
"大将刘","5","6","11"
"有胆略","4","7","11"
"五千两","5","6","11"
"数百艘","5","6","11"
"祥符七","4","7","11"
"拜御史","11","0","11"
"召为翰","8","3","11"
"敢言者","10","1","11"
"在翰林","6","5","11"
"不便者","11","0","11"
"怡然自","3","8","11"
"契丹不","4","7","11"
"十万贯","3","8","11"
"任其责","10","1","11"
"以为皇","2","9","11"
"幸澶渊","9","2","11"
"封驳司","5","6","11"
"不敢犯","10","1","11"
"复旧制","4","7","11"
"遣大臣","4","7","11"
"东路转","4","7","11"
"上元节","3","8","11"
"不敢与","3","8","11"
"以集贤","5","6","11"
"过三十","3","8","11"
"奸邪之","3","8","11"
"荐其才","11","0","11"
"进兵部","11","0","11"
"示大臣","2","9","11"
"在枢府","10","1","11"
"不合礼","1","10","11"
"谓辅臣","11","0","11"
"于其间","10","1","11"
"勾当三","6","5","11"
"当三班","6","5","11"
"牧判官","5","6","11"
"国之势","7","4","11"
"顾之忧","5","6","11"
"朝廷都","1","10","11"
"所以王","1","10","11"
"慷慨有","7","4","11"
"即上奏","1","10","11"
"为馆阁","8","3","11"
"知太常","5","6","11"
"承旨兼","6","5","11"
"上不能","2","9","11"
"当时议","1","10","11"
"好事者","7","4","11"
"史馆检","6","5","11"
"为天章","4","7","11"
"知人之","6","5","11"
"窦神宝","2","9","11"
"逸待劳","4","7","11"
"吏不能","4","7","11"
"宫大小","5","6","11"
"秦桧大","2","9","11"
"相赵鼎","5","6","11"
"塞言路","4","7","11"
"缓急之","7","4","11"
"必大奏","4","7","11"
"必大曰","11","0","11"
"有先见","3","8","11"
"见之明","2","9","11"
"汝愚不","6","5","11"
"之天下","11","0","11"
"有陛下","3","8","11"
"太学正","6","5","11"
"令不能","2","9","11"
"孝宗亲","1","10","11"
"朱熹以","2","9","11"
"嘉泰二","4","7","11"
"泰二年","4","7","11"
"侂胄大","9","2","11"
"未有过","3","8","11"
"不能施","1","10","11"
"时孝宗","4","7","11"
"三年进","5","6","11"
"民赖以","10","1","11"
"为考核","1","10","11"
"人渡江","4","7","11"
"与金将","6","5","11"
"嘉定四","4","7","11"
"了此事","2","9","11"
"于是分","1","10","11"
"收复襄","2","9","11"
"用台谏","6","5","11"
"廷之上","6","5","11"
"唐明皇","2","9","11"
"开城门","1","10","11"
"如平时","9","2","11"
"军屯驻","1","10","11"
"复襄阳","5","6","11"
"是一时","1","10","11"
"积月累","2","9","11"
"而士大","5","6","11"
"战皆捷","9","2","11"
"皇帝多","1","10","11"
"有怨言","2","9","11"
"定十三","4","7","11"
"安石执","4","7","11"
"绍圣中","8","3","11"
"太祖皇","2","9","11"
"臣子不","1","10","11"
"自成一","4","7","11"
"黄龟年","5","6","11"
"富国强","4","7","11"
"皇帝用","1","10","11"
"几十万","1","10","11"
"入扬州","5","6","11"
"淳十年","1","10","11"
"存赵氏","5","6","11"
"为宋朝","1","10","11"
"洛阳人","4","7","11"
"世忠所","6","5","11"
"于是刘","1","10","11"
"杨安儿","1","10","11"
"在淮阴","1","10","11"
"祖征伐","1","10","11"
"知润州","6","5","11"
"朝廷特","1","10","11"
"李仲昌","4","7","11"
"史志聪","4","7","11"
"神宗问","5","6","11"
"入城中","1","10","11"
"按兵不","3","8","11"
"官之职","1","10","11"
"行青苗","4","7","11"
"李士宁","2","9","11"
"学士职","1","10","11"
"为提点","1","10","11"
"可以长","1","10","11"
"绍述之","6","5","11"
"独断专","1","10","11"
"连年不","3","8","11"
"世忠与","4","7","11"
"在镇江","1","10","11"
"岳飞一","2","9","11"
"所弹劾","1","10","11"
"请高宗","2","9","11"
"林待聘","5","6","11"
"世忠在","3","8","11"
"世忠曰","11","0","11"
"秦桧主","6","5","11"
"再兴率","1","10","11"
"张浚不","1","10","11"
"任执政","1","10","11"
"此获罪","1","10","11"
"疏议论","1","10","11"
"俊卿奏","8","3","11"
"备不测","1","10","11"
"兵攻破","1","10","11"
"应奉局","4","7","11"
"在永州","2","9","11"
"的外甥","0","11","11"
"做什么","0","11","11"
"在太平","0","11","11"
"高祖回","0","11","11"
"宫廷内","0","11","11"
"的诸侯","0","11","11"
"休养生","0","11","11"
"养生息","0","11","11"
"以重任","0","11","11"
"分别赐","0","11","11"
"应当让","0","11","11"
"朝中的","0","11","11"
"让天下","0","11","11"
"听说你","0","11","11"
"有些人","0","11","11"
"很快就","0","11","11"
"教育他","0","11","11"
"他事情","0","11","11"
"上的事","0","11","11"
"清楚了","0","11","11"
"代的人","0","11","11"
"都是从","0","11","11"
"已经离","0","11","11"
"黄道南","0","11","11"
"的分数","0","11","11"
"中运行","0","11","11"
"就不是","0","11","11"
"的见识","0","11","11"
"的方略","0","11","11"
"没有安","0","11","11"
"完毕之","0","11","11"
"废止了","0","11","11"
"难道就","0","11","11"
"在这之","0","11","11"
"知道皇","0","11","11"
"举行封","0","11","11"
"正常的","0","11","11"
"到了极","0","11","11"
"父母的","0","11","11"
"参酌详","0","11","11"
"四面八","0","11","11"
"面八方","0","11","11"
"就一定","0","11","11"
"这孩子","0","11","11"
"周围的","0","11","11"
"么不同","0","11","11"
"的时期","0","11","11"
"太平盛","0","11","11"
"平盛世","0","11","11"
"以这样","0","11","11"
"最终不","0","11","11"
"亡的征","0","11","11"
"司马颖","0","11","11"
"到什么","0","11","11"
"应当立","0","11","11"
"教化的","0","11","11"
"就是大","0","11","11"
"中的事","0","11","11"
"在百姓","0","11","11"
"说话的","0","11","11"
"派人在","0","11","11"
"皇上知","0","11","11"
"上知道","0","11","11"
"给自己","0","11","11"
"的处理","0","11","11"
"经过的","0","11","11"
"进攻的","0","11","11"
"对这些","0","11","11"
"非常悲","0","11","11"
"地方都","0","11","11"
"可以进","0","11","11"
"变成了","0","11","11"
"应该把","0","11","11"
"的下属","0","11","11"
"的性格","0","11","11"
"的天性","0","11","11"
"的方式","0","11","11"
"那个人","0","11","11"
"的心理","0","11","11"
"么能让","0","11","11"
"的地步","0","11","11"
"么知道","0","11","11"
"没人敢","0","11","11"
"除自己","0","11","11"
"又加上","0","11","11"
"臣一起","0","11","11"
"跟随皇","0","11","11"
"见自己","0","11","11"
"皇帝认","0","11","11"
"你这样","0","11","11"
"那么这","0","11","11"
"不仅不","0","11","11"
"政方针","0","11","11"
"现在有","0","11","11"
"达到目","0","11","11"
"到目的","0","11","11"
"的金银","0","11","11"
"精锐的","0","11","11"
"建立大","0","11","11"
"老天爷","0","11","11"
"过是一","0","11","11"
"天已经","0","11","11"
"是非曲","0","11","11"
"非曲直","0","11","11"
"关人员","0","11","11"
"是安定","0","11","11"
"的大恩","0","11","11"
"甚至有","0","11","11"
"们的议","0","11","11"
"皇上告","0","11","11"
"自然会","0","11","11"
"朝廷认","0","11","11"
"廷认为","0","11","11"
"的论述","0","11","11"
"杰出的","0","11","11"
"种方法","0","11","11"
"我以为","0","11","11"
"的痛苦","0","11","11"
"他人的","0","11","11"
"们的心","0","11","11"
"的长处","0","11","11"
"普通的","0","11","11"
"使人们","0","11","11"
"会招致","0","11","11"
"得很好","0","11","11"
"的饮食","0","11","11"
"的看法","0","11","11"
"的人常","0","11","11"
"与别人","0","11","11"
"关键在","0","11","11"
"受国家","0","11","11"
"紧急的","0","11","11"
"那么一","0","11","11"
"私下认","0","11","11"
"称职的","0","11","11"
"到盱眙","0","11","11"
"粮食不","0","11","11"
"更重要","0","11","11"
"离京城","0","11","11"
"现在派","0","11","11"
"听说刘","0","11","11"
"进谗言","0","11","11"
"忠诚的","0","11","11"
"面的人","0","11","11"
"的主要","0","11","11"
"的成功","0","11","11"
"所以皇","0","11","11"
"人不要","0","11","11"
"我应该","0","11","11"
"有几个","0","11","11"
"他们来","0","11","11"
"了一封","0","11","11"
"察他的","0","11","11"
"的见解","0","11","11"
"自己在","0","11","11"
"不害怕","0","11","11"
"果敌人","0","11","11"
"国家军","0","11","11"
"相的职","0","11","11"
"而对于","0","11","11"
"有可能","0","11","11"
"这个请","0","11","11"
"理各种","0","11","11"
"这种风","0","11","11"
"赏他的","0","11","11"
"集中在","0","11","11"
"华丽的","0","11","11"
"安定的","0","11","11"
"既没有","0","11","11"
"的后面","0","11","11"
"看到他","0","11","11"
"不久便","0","11","11"
"部队的","0","11","11"
"皇帝面","0","11","11"
"被推荐","0","11","11"
"合皇帝","0","11","11"
"你们应","0","11","11"
"帝继承","0","11","11"
"家的安","0","11","11"
"传檄文","0","11","11"
"祭祀先","0","11","11"
"从容地","0","11","11"
"虽然在","0","11","11"
"归顺的","0","11","11"
"不是你","0","11","11"
"们怎么","0","11","11"
"判死刑","0","11","11"
"了之后","0","11","11"
"到这种","0","11","11"
"步骑兵","0","11","11"
"的到来","0","11","11"
"是哪一","0","11","11"
"有发生","0","11","11"
"朝廷也","0","11","11"
"当地百","0","11","11"
"要因为","0","11","11"
"官职而","0","11","11"
"的奖赏","0","11","11"
"后十分","0","11","11"
"是为什","0","11","11"
"没有批","0","11","11"
"有批准","0","11","11"
"犯的罪","0","11","11"
"以此作","0","11","11"
"来安置","0","11","11"
"亲自耕","0","11","11"
"的人家","0","11","11"
"宗高兴","0","11","11"
"光圈环","0","11","11"
"圈环绕","0","11","11"
"达到这","0","11","11"
"寇准说","0","11","11"
"宗同意","0","11","11"
"没多久","0","11","11"
"他的言","0","11","11"
"取他的","0","11","11"
"都在这","0","11","11"
"饥饿的","0","11","11"
"希望不","0","11","11"
"感到不","0","11","11"
"阴雨连","0","11","11"
"则没有","0","11","11"
"宗很高","0","11","11"
"的十一","0","11","11"
"民没有","0","11","11"
"求留下","0","11","11"
"就这样","0","11","11"
"宋军在","0","11","11"
"始终没","0","11","11"
"就暗中","0","11","11"
"他流放","0","11","11"
"姓得到","0","11","11"
"丰厚的","0","11","11"
"观的闲","0","11","11"
"求免去","0","11","11"
"的价格","0","11","11"
"所没有","0","11","11"
"有达到","0","11","11"
"自己弹","0","11","11"
"难道没","0","11","11"
"请陛下","0","11","11"
"豫不决","0","11","11"
"道这些","0","11","11"
"才接受","0","11","11"
"说的都","0","11","11"
"但最终","0","11","11"
"的小孩","0","11","11"
"自然就","0","11","11"
"要知道","0","11","11"
"于是决","0","11","11"
"果我们","0","11","11"
"断绝了","0","11","11"
"互相勾","0","11","11"
"的钱粮","0","11","11"
"李全和","0","11","11"
"就率领","0","11","11"
"任命司","0","11","11"
"告祭太","0","11","11"
"佩钢印","0","11","11"
"犯亢宿","0","11","11"
"龟出现","0","11","11"
"乙卯日","0","11","11"
"丙辰曰","0","11","11"
"涌入石","0","11","11"
"庚辰日","0","11","11"
"中被罢","0","11","11"
"人被杀","0","11","11"
"下诏李","0","11","11"
"任命镇","0","11","11"
"任命钱","0","11","11"
"赵与丙","0","11","11"
"临安知","0","11","11"
"于房宿","0","11","11"
"皇后被","0","11","11"
"国初年","0","11","11"
"一同被","0","11","11"
"后调任","0","11","11"
"流行于","0","11","11"
"兼任太","0","11","11"
"兼任国","0","11","11"
"任右司","0","11","11"
"安国说","0","11","11"
"调任为","0","11","11"
"任四川","0","11","11"
"他被加","0","11","11"
"人大多","0","11","11"
"不熟悉","0","11","11"
"多万人","0","11","11"
"的侄儿","0","11","11"
"到达后","0","11","11"
"该怎么","0","11","11"
"打他们","0","11","11"
"众人不","0","11","11"
"都不同","0","11","11"
"相继出","0","11","11"
"为君主","0","11","11"
"而实行","0","11","11"
"所过之","0","11","11"
"全部出","0","11","11"
"天下就","0","11","11"
"你不要","0","11","11"
"恭谨地","0","11","11"
"勇敢的","0","11","11"
"的有几","0","11","11"
"百多里","0","11","11"
"去迎接","0","11","11"
"他又上","0","11","11"
"朝廷征","0","11","11"
"划叛乱","0","11","11"
"文臣武","0","11","11"
"臣武将","0","11","11"
"接受禅","0","11","11"
"受禅让","0","11","11"
"礼仪完","0","11","11"
"的田租","0","11","11"
"升为安","0","11","11"
"平定叛","0","11","11"
"禁止用","0","11","11"
"增加一","0","11","11"
"现在国","0","11","11"
"当时秦","0","11","11"
"的流民","0","11","11"
"拥有天","0","11","11"
"臣来朝","0","11","11"
"国王派","0","11","11"
"进入黄","0","11","11"
"州设立","0","11","11"
"升为大","0","11","11"
"将军照","0","11","11"
"军照旧","0","11","11"
"西地区","0","11","11"
"任徐州","0","11","11"
"可以采","0","11","11"
"任他们","0","11","11"
"除赋税","0","11","11"
"相残杀","0","11","11"
"时候了","0","11","11"
"给予奖","0","11","11"
"予奖赏","0","11","11"
"由皇上","0","11","11"
"免除今","0","11","11"
"孝期满","0","11","11"
"园听诉","0","11","11"
"官吏百","0","11","11"
"在监狱","0","11","11"
"现在都","0","11","11"
"令各地","0","11","11"
"过继给","0","11","11"
"任青州","0","11","11"
"露出来","0","11","11"
"超过三","0","11","11"
"的事迹","0","11","11"
"委任为","0","11","11"
"济百姓","0","11","11"
"以达到","0","11","11"
"而皇上","0","11","11"
"征暴敛","0","11","11"
"有违背","0","11","11"
"二百多","0","11","11"
"重大的","0","11","11"
"越之地","0","11","11"
"边境地","0","11","11"
"始年间","0","11","11"
"演奏的","0","11","11"
"钟相应","0","11","11"
"影长度","0","11","11"
"就会使","0","11","11"
"力的人","0","11","11"
"的表影","0","11","11"
"影最长","0","11","11"
"的器具","0","11","11"
"中所说","0","11","11"
"没有用","0","11","11"
"正声与","0","11","11"
"下征与","0","11","11"
"这是古","0","11","11"
"律规定","0","11","11"
"与实际","0","11","11"
"天象相","0","11","11"
"现在西","0","11","11"
"阳位置","0","11","11"
"经过三","0","11","11"
"年之中","0","11","11"
"不体恤","0","11","11"
"千零三","0","11","11"
"零三十","0","11","11"
"的年份","0","11","11"
"在大余","0","11","11"
"作用的","0","11","11"
"余乘以","0","11","11"
"以太阳","0","11","11"
"十五天","0","11","11"
"有二百","0","11","11"
"根据的","0","11","11"
"很少能","0","11","11"
"不是用","0","11","11"
"月的时","0","11","11"
"大多不","0","11","11"
"的各位","0","11","11"
"丁巳曰","0","11","11"
"上书陈","0","11","11"
"帝因为","0","11","11"
"侍郎的","0","11","11"
"之的议","0","11","11"
"礼记．","0","11","11"
"官吏和","0","11","11"
"母亲死","0","11","11"
"让自己","0","11","11"
"派遣司","0","11","11"
"有超过","0","11","11"
"权宜的","0","11","11"
"没有停","0","11","11"
"帝又下","0","11","11"
"丧一年","0","11","11"
"作为人","0","11","11"
"已故皇","0","11","11"
"能忍受","0","11","11"
"接受的","0","11","11"
"来治理","0","11","11"
"朝初期","0","11","11"
"文帝下","0","11","11"
"心丧礼","0","11","11"
"五个月","0","11","11"
"的妃子","0","11","11"
"认为有","0","11","11"
"为允当","0","11","11"
"的准则","0","11","11"
"成年人","0","11","11"
"是今天","0","11","11"
"即位时","0","11","11"
"种制度","0","11","11"
"它的本","0","11","11"
"形状像","0","11","11"
"他们与","0","11","11"
"过参酌","0","11","11"
"的世子","0","11","11"
"不容许","0","11","11"
"为后嗣","0","11","11"
"官员分","0","11","11"
"在郊外","0","11","11"
"诏令在","0","11","11"
"为这些","0","11","11"
"在祭祀","0","11","11"
"出兵讨","0","11","11"
"其实是","0","11","11"
"有建立","0","11","11"
"就是一","0","11","11"
"士们的","0","11","11"
"皇上还","0","11","11"
"边境战","0","11","11"
"位之后","0","11","11"
"请求按","0","11","11"
"人民安","0","11","11"
"祖庙的","0","11","11"
"请求给","0","11","11"
"继承父","0","11","11"
"的位次","0","11","11"
"来说是","0","11","11"
"在庙中","0","11","11"
"四位府","0","11","11"
"的侄子","0","11","11"
"永远不","0","11","11"
"帝曾经","0","11","11"
"的形制","0","11","11"
"十个月","0","11","11"
"有别的","0","11","11"
"如果因","0","11","11"
"开始不","0","11","11"
"上奏议","0","11","11"
"另外一","0","11","11"
"秋季冬","0","11","11"
"季冬季","0","11","11"
"没有子","0","11","11"
"制规定","0","11","11"
"爵奉祀","0","11","11"
"见认为","0","11","11"
"皇帝没","0","11","11"
"在宫殿","0","11","11"
"皇后到","0","11","11"
"情没有","0","11","11"
"重新修","0","11","11"
"有很大","0","11","11"
"说法不","0","11","11"
"是高祖","0","11","11"
"颜色的","0","11","11"
"佩带苍","0","11","11"
"带苍黑","0","11","11"
"苍黑如","0","11","11"
"黑如水","0","11","11"
"如水色","0","11","11"
"水色的","0","11","11"
"三品官","0","11","11"
"中的大","0","11","11"
"令赐给","0","11","11"
"到天下","0","11","11"
"任侍卫","0","11","11"
"应当用","0","11","11"
"领他的","0","11","11"
"管理军","0","11","11"
"没有看","0","11","11"
"人既然","0","11","11"
"被征召","0","11","11"
"二句每","0","11","11"
"每句五","0","11","11"
"对应之","0","11","11"
"时的旧","0","11","11"
"十天以","0","11","11"
"宿又属","0","11","11"
"军退走","0","11","11"
"其应验","0","11","11"
"现于吴","0","11","11"
"起兵的","0","11","11"
"星犯南","0","11","11"
"于亢宿","0","11","11"
"于胃宿","0","11","11"
"军队被","0","11","11"
"国家灭","0","11","11"
"家灭亡","0","11","11"
"及丧乱","0","11","11"
"皇帝将","0","11","11"
"齐王司","0","11","11"
"天象表","0","11","11"
"象表示","0","11","11"
"面相应","0","11","11"
"进入天","0","11","11"
"于娄宿","0","11","11"
"在胃宿","0","11","11"
"而被罢","0","11","11"
"的流星","0","11","11"
"多次出","0","11","11"
"请求自","0","11","11"
"月去世","0","11","11"
"被俘虏","0","11","11"
"于危宿","0","11","11"
"这是金","0","11","11"
"推举他","0","11","11"
"就会来","0","11","11"
"这本书","0","11","11"
"的曾孙","0","11","11"
"无缘无","0","11","11"
"缘无故","0","11","11"
"将此事","0","11","11"
"才安定","0","11","11"
"于是写","0","11","11"
"把女儿","0","11","11"
"过了十","0","11","11"
"军队已","0","11","11"
"的弟子","0","11","11"
"的井中","0","11","11"
"龙二次","0","11","11"
"会稽的","0","11","11"
"复原来","0","11","11"
"刘子顼","0","11","11"
"会来临","0","11","11"
"家中的","0","11","11"
"如今我","0","11","11"
"在江州","0","11","11"
"人杀死","0","11","11"
"犯占据","0","11","11"
"其本性","0","11","11"
"造成灾","0","11","11"
"合礼仪","0","11","11"
"自己家","0","11","11"
"命令在","0","11","11"
"妖异是","0","11","11"
"投降了","0","11","11"
"姓十分","0","11","11"
"说这事","0","11","11"
"率领全","0","11","11"
"过失的","0","11","11"
"要他们","0","11","11"
"州所属","0","11","11"
"有多久","0","11","11"
"不是他","0","11","11"
"果然被","0","11","11"
"有几万","0","11","11"
"最终导","0","11","11"
"终导致","0","11","11"
"长久的","0","11","11"
"没有理","0","11","11"
"于是发","0","11","11"
"州叛乱","0","11","11"
"水灾是","0","11","11"
"朝政由","0","11","11"
"的船只","0","11","11"
"损害庄","0","11","11"
"里的地","0","11","11"
"们的家","0","11","11"
"护城河","0","11","11"
"害怕而","0","11","11"
"人十分","0","11","11"
"十分愤","0","11","11"
"我也不","0","11","11"
"德政的","0","11","11"
"州的部","0","11","11"
"都隶属","0","11","11"
"设立的","0","11","11"
"复设置","0","11","11"
"时分割","0","11","11"
"种意见","0","11","11"
"能控制","0","11","11"
"们一定","0","11","11"
"穆之的","0","11","11"
"内外各","0","11","11"
"去告诉","0","11","11"
"弟弟刘","0","11","11"
"人一样","0","11","11"
"又写信","0","11","11"
"让他的","0","11","11"
"便马上","0","11","11"
"刺史时","0","11","11"
"难道还","0","11","11"
"皇上同","0","11","11"
"被赏赐","0","11","11"
"敢前进","0","11","11"
"很赞赏","0","11","11"
"只有张","0","11","11"
"当扬州","0","11","11"
"人问他","0","11","11"
"他亲自","0","11","11"
"开始当","0","11","11"
"中事务","0","11","11"
"步兵和","0","11","11"
"兵和骑","0","11","11"
"和骑兵","0","11","11"
"后被追","0","11","11"
"因为父","0","11","11"
"有自己","0","11","11"
"他官职","0","11","11"
"封为新","0","11","11"
"十多里","0","11","11"
"危急时","0","11","11"
"到京口","0","11","11"
"的一百","0","11","11"
"的兵马","0","11","11"
"意他的","0","11","11"
"直接到","0","11","11"
"百姓一","0","11","11"
"和其他","0","11","11"
"到御史","0","11","11"
"皇帝宠","0","11","11"
"那么皇","0","11","11"
"府任职","0","11","11"
"未接受","0","11","11"
"要的是","0","11","11"
"都对他","0","11","11"
"朝廷让","0","11","11"
"个职位","0","11","11"
"叛逆之","0","11","11"
"喜欢谈","0","11","11"
"除官职","0","11","11"
"事交给","0","11","11"
"意见的","0","11","11"
"追封他","0","11","11"
"只是一","0","11","11"
"得到官","0","11","11"
"太宗的","0","11","11"
"怜悯他","0","11","11"
"北部边","0","11","11"
"如果只","0","11","11"
"这时又","0","11","11"
"部队回","0","11","11"
"百姓感","0","11","11"
"有官职","0","11","11"
"没有事","0","11","11"
"人的计","0","11","11"
"谢综说","0","11","11"
"哭着说","0","11","11"
"将怎么","0","11","11"
"今天不","0","11","11"
"的不是","0","11","11"
"你父亲","0","11","11"
"与他一","0","11","11"
"明自己","0","11","11"
"们的子","0","11","11"
"接受贿","0","11","11"
"率兵在","0","11","11"
"向敌人","0","11","11"
"天不能","0","11","11"
"在城外","0","11","11"
"身份兼","0","11","11"
"几个儿","0","11","11"
"士兵一","0","11","11"
"北伐的","0","11","11"
"考察他","0","11","11"
"见不一","0","11","11"
"一向与","0","11","11"
"为敌人","0","11","11"
"政治的","0","11","11"
"久兼任","0","11","11"
"他被召","0","11","11"
"以表彰","0","11","11"
"布命令","0","11","11"
"将军队","0","11","11"
"赦免他","0","11","11"
"坚决不","0","11","11"
"着诏书","0","11","11"
"人交战","0","11","11"
"这一消","0","11","11"
"一消息","0","11","11"
"下如果","0","11","11"
"都因为","0","11","11"
"皇上都","0","11","11"
"的书籍","0","11","11"
"的二个","0","11","11"
"是上书","0","11","11"
"给他一","0","11","11"
"理事务","0","11","11"
"人主的","0","11","11"
"的嫌疑","0","11","11"
"的谥号","0","11","11"
"渡黄河","0","11","11"
"队大败","0","11","11"
"全军覆","0","11","11"
"等待敌","0","11","11"
"女儿为","0","11","11"
"前来进","0","11","11"
"驻屯在","0","11","11"
"当时宋","0","11","11"
"转移到","0","11","11"
"即位当","0","11","11"
"都是我","0","11","11"
"第探视","0","11","11"
"州打败","0","11","11"
"除三年","0","11","11"
"因皇太","0","11","11"
"祖不上","0","11","11"
"祖在近","0","11","11"
"降的人","0","11","11"
"发生早","0","11","11"
"生早灾","0","11","11"
"州没有","0","11","11"
"下诏开","0","11","11"
"发生蝗","0","11","11"
"生蝗灾","0","11","11"
"开始设","0","11","11"
"始设置","0","11","11"
"任命兵","0","11","11"
"停止上","0","11","11"
"止上朝","0","11","11"
"河在擅","0","11","11"
"在擅州","0","11","11"
"院考试","0","11","11"
"了宰相","0","11","11"
"葬在永","0","11","11"
"到正殿","0","11","11"
"赵廷美","0","11","11"
"到乾元","0","11","11"
"近郊狩","0","11","11"
"郊狩猎","0","11","11"
"有允准","0","11","11"
"沿边各","0","11","11"
"督促各","0","11","11"
"任命枢","0","11","11"
"到枢密","0","11","11"
"赐给近","0","11","11"
"诏令任","0","11","11"
"者免除","0","11","11"
"任命夏","0","11","11"
"人太微","0","11","11"
"下手诏","0","11","11"
"诏令宰","0","11","11"
"处理狱","0","11","11"
"派内侍","0","11","11"
"册封皇","0","11","11"
"赵惟吉","0","11","11"
"的惯例","0","11","11"
"郡守的","0","11","11"
"探视赵","0","11","11"
"策试制","0","11","11"
"抚恤其","0","11","11"
"诏允许","0","11","11"
"彗星进","0","11","11"
"奖赏标","0","11","11"
"联合出","0","11","11"
"合出兵","0","11","11"
"抚恤慰","0","11","11"
"下诏淮","0","11","11"
"贩济贫","0","11","11"
"元翱宫","0","11","11"
"担任御","0","11","11"
"者予以","0","11","11"
"水灾百","0","11","11"
"侍奉太","0","11","11"
"诏从今","0","11","11"
"下诏把","0","11","11"
"受到处","0","11","11"
"一起商","0","11","11"
"真宗遗","0","11","11"
"各科及","0","11","11"
"命令官","0","11","11"
"管官吏","0","11","11"
"臣来报","0","11","11"
"络钱二","0","11","11"
"到紫哀","0","11","11"
"到延和","0","11","11"
"到大庆","0","11","11"
"每年上","0","11","11"
"虹横贯","0","11","11"
"司报告","0","11","11"
"升为枢","0","11","11"
"星显现","0","11","11"
"政绩的","0","11","11"
"区发生","0","11","11"
"到不等","0","11","11"
"下诏罢","0","11","11"
"省官员","0","11","11"
"宋神宗","0","11","11"
"处理关","0","11","11"
"理关押","0","11","11"
"全国颁","0","11","11"
"在它的","0","11","11"
"白天陨","0","11","11"
"天陨落","0","11","11"
"个方面","0","11","11"
"贼平定","0","11","11"
"作为考","0","11","11"
"好坏的","0","11","11"
"给金国","0","11","11"
"宗皇上","0","11","11"
"金军营","0","11","11"
"议和的","0","11","11"
"赏他们","0","11","11"
"金军统","0","11","11"
"说金人","0","11","11"
"听说金","0","11","11"
"请求高","0","11","11"
"求高宗","0","11","11"
"是决定","0","11","11"
"金朝的","0","11","11"
"张浚派","0","11","11"
"队一万","0","11","11"
"上书议","0","11","11"
"拔任用","0","11","11"
"免他们","0","11","11"
"世忠到","0","11","11"
"农业生","0","11","11"
"业生产","0","11","11"
"人出使","0","11","11"
"给岳飞","0","11","11"
"应归还","0","11","11"
"宗召他","0","11","11"
"免除四","0","11","11"
"秦桧因","0","11","11"
"升为龙","0","11","11"
"东南地","0","11","11"
"领大臣","0","11","11"
"下的事","0","11","11"
"从此不","0","11","11"
"祝贺瑞","0","11","11"
"元兵到","0","11","11"
"与元军","0","11","11"
"赏军队","0","11","11"
"两淮的","0","11","11"
"朱祀孙","0","11","11"
"当时赵","0","11","11"
"诏征求","0","11","11"
"的占验","0","11","11"
"主厌恶","0","11","11"
"是喜事","0","11","11"
"北方地","0","11","11"
"一说是","0","11","11"
"么年成","0","11","11"
"东北面","0","11","11"
"失土地","0","11","11"
"面二颗","0","11","11"
"上各星","0","11","11"
"各星都","0","11","11"
"面一颗","0","11","11"
"边一颗","0","11","11"
"是人主","0","11","11"
"晓谕他","0","11","11"
"求下令","0","11","11"
"跟从皇","0","11","11"
"为借鉴","0","11","11"
"曾经因","0","11","11"
"默不语","0","11","11"
"感激他","0","11","11"
"哪里还","0","11","11"
"任福州","0","11","11"
"吴千干","0","11","11"
"自征伐","0","11","11"
"选择将","0","11","11"
"奏皇上","0","11","11"
"终年四","0","11","11"
"朝廷加","0","11","11"
"知道陛","0","11","11"
"出任知","0","11","11"
"景德年","0","11","11"
"土地的","0","11","11"
"安无事","0","11","11"
"再次入","0","11","11"
"中上奏","0","11","11"
"谥号曰","0","11","11"
"的私心","0","11","11"
"去上任","0","11","11"
"因此获","0","11","11"
"朝廷赠","0","11","11"
"令下达","0","11","11"
"话的人","0","11","11"
"是改任","0","11","11"
"久又任","0","11","11"
"他负责","0","11","11"
"升为吏","0","11","11"
"他的朋","0","11","11"
"被赐予","0","11","11"
"时的宰","0","11","11"
"崇尚气","0","11","11"
"取得成","0","11","11"
"据理力","0","11","11"
"理力争","0","11","11"
"到的人","0","11","11"
"兴府知","0","11","11"
"任建康","0","11","11"
"宫回答","0","11","11"
"江府知","0","11","11"
"不满意","0","11","11"
"皇上批","0","11","11"
"留正说","0","11","11"
"赵善应","0","11","11"
"处以黥","0","11","11"
"官轮次","0","11","11"
"不久金","0","11","11"
"功升为","0","11","11"
"同敌人","0","11","11"
"孟珙说","0","11","11"
"是王安","0","11","11"
"李全就","0","11","11"
"我李全","0","11","11"
"胜非说","0","11","11"
"上林苑","3","7","10"
"去交度","10","0","10"
"知所以","9","1","10"
"是时王","10","0","10"
"以腹心","9","1","10"
"性命之","7","3","10"
"将帅之","5","5","10"
"伏愿陛","9","1","10"
"上表曰","10","0","10"
"于上曰","10","0","10"
"能立功","6","4","10"
"文章之","4","6","10"
"于君子","8","2","10"
"是以前","1","9","10"
"为宁朔","7","3","10"
"以成其","8","2","10"
"言天下","10","0","10"
"之得失","7","3","10"
"不为之","5","5","10"
"国之本","6","4","10"
"不可称","8","2","10"
"世子为","10","0","10"
"赴水死","10","0","10"
"肝脑涂","5","5","10"
"脑涂地","5","5","10"
"咸以为","10","0","10"
"忧去位","10","0","10"
"帝嘉纳","10","0","10"
"敌人之","6","4","10"
"于左右","5","5","10"
"缘为奸","8","2","10"
"长江之","5","5","10"
"大于此","8","2","10"
"其势必","6","4","10"
"不足恃","10","0","10"
"无日不","8","2","10"
"不可保","8","2","10"
"窃以为","9","1","10"
"然后为","8","2","10"
"之可也","10","0","10"
"到如此","1","9","10"
"军何无","5","5","10"
"广二州","4","6","10"
"重申前","3","7","10"
"领军刘","5","5","10"
"旅贲中","5","5","10"
"加开府","10","0","10"
"太尉长","5","5","10"
"义真为","6","4","10"
"阳县侯","5","5","10"
"刘真道","4","6","10"
"将军裴","5","5","10"
"刺史衡","6","4","10"
"史衡阳","6","4","10"
"索虏南","6","4","10"
"军沈庆","6","4","10"
"徐遗宝","3","7","10"
"举兵反","7","3","10"
"为东扬","7","3","10"
"史义阳","5","5","10"
"以冠军","9","1","10"
"陵王子","7","3","10"
"任农夫","5","5","10"
"号镇西","9","1","10"
"镇西大","4","6","10"
"景素为","5","5","10"
"辅师将","5","5","10"
"师将军","5","5","10"
"刺史蔡","5","5","10"
"第九皇","5","5","10"
"将军孙","5","5","10"
"二千七","6","4","10"
"妃张氏","5","5","10"
"告太庙","7","3","10"
"书左右","4","6","10"
"进贤冠","5","5","10"
"将军以","5","5","10"
"井二十","8","2","10"
"心大星","10","0","10"
"犯钩钤","5","5","10"
"正始元","6","4","10"
"为齐王","4","6","10"
"北徐州","4","6","10"
"至下邳","8","2","10"
"讨鲜卑","5","5","10"
"从端门","4","6","10"
"帝元狩","5","5","10"
"桓帝建","5","5","10"
"帝建和","5","5","10"
"元康三","5","5","10"
"太熙元","5","5","10"
"隆和元","5","5","10"
"青龙元","6","4","10"
"孙亮太","5","5","10"
"亮太平","5","5","10"
"元康八","5","5","10"
"千余家","8","2","10"
"元康六","5","5","10"
"金墉城","3","7","10"
"涛水入","10","0","10"
"水入石","10","0","10"
"元康二","5","5","10"
"并三州","5","5","10"
"升平元","5","5","10"
"元十一","5","5","10"
"五万五","5","5","10"
"权黄龙","5","5","10"
"龙四年","5","5","10"
"元年复","10","0","10"
"一万一","5","5","10"
"八十八","4","6","10"
"尚书度","5","5","10"
"书度支","5","5","10"
"骑中兵","5","5","10"
"羊玄保","5","5","10"
"军主簿","5","5","10"
"之梁郡","10","0","10"
"号征虏","4","6","10"
"兵五百","3","7","10"
"归德军","5","5","10"
"军马步","5","5","10"
"挥使高","5","5","10"
"虞候王","5","5","10"
"王审琦","3","7","10"
"捷右厢","5","5","10"
"淮海国","5","5","10"
"海国王","5","5","10"
"上表乞","10","0","10"
"定州路","5","5","10"
"州路都","5","5","10"
"武卫上","5","5","10"
"为侍卫","3","7","10"
"右领军","5","5","10"
"军卫将","5","5","10"
"罢守本","6","4","10"
"尚书吕","5","5","10"
"王汉忠","5","5","10"
"彰国军","5","5","10"
"为驾前","5","5","10"
"契丹犯","10","0","10"
"为右监","2","8","10"
"王超为","5","5","10"
"继隆为","5","5","10"
"学士赵","5","5","10"
"加礼部","5","5","10"
"兵三百","6","4","10"
"契丹国","4","6","10"
"楚王元","10","0","10"
"李迪为","3","7","10"
"明仁孝","5","5","10"
"加右仆","10","0","10"
"元俨进","5","5","10"
"俨进封","5","5","10"
"为韩国","3","7","10"
"徒兼侍","5","5","10"
"司空兼","5","5","10"
"道州司","5","5","10"
"雷州司","5","5","10"
"官上尊","7","3","10"
"文睿武","5","5","10"
"号曰应","10","0","10"
"圣皇太","5","5","10"
"体天法","5","5","10"
"天法道","5","5","10"
"兵马副","5","5","10"
"出身八","5","5","10"
"身八百","5","5","10"
"智高反","6","4","10"
"为太原","3","7","10"
"英文烈","5","5","10"
"文烈武","5","5","10"
"川首领","5","5","10"
"太祖曾","1","9","10"
"详议官","5","5","10"
"延安郡","4","6","10"
"仁为尚","5","5","10"
"者四十","7","3","10"
"林侍讲","5","5","10"
"彦为尚","5","5","10"
"密郡王","5","5","10"
"为普安","3","7","10"
"同安郡","5","5","10"
"有九人","10","0","10"
"殿直学","5","5","10"
"尚书范","5","5","10"
"雍国公","5","5","10"
"威武军","5","5","10"
"东路制","4","6","10"
"为少宰","4","6","10"
"赵野为","5","5","10"
"命给事","2","8","10"
"使种师","5","5","10"
"皇帝行","4","6","10"
"度使钱","5","5","10"
"左金吾","5","5","10"
"尚书虞","5","5","10"
"书虞部","5","5","10"
"御营统","5","5","10"
"统制辛","5","5","10"
"辛道宗","5","5","10"
"常德军","5","5","10"
"金通问","5","5","10"
"以右司","7","3","10"
"江西制","5","5","10"
"以吕颐","9","1","10"
"州路安","5","5","10"
"守臣向","5","5","10"
"臣向子","5","5","10"
"前军器","5","5","10"
"军器所","5","5","10"
"置转运","5","5","10"
"以下二","6","4","10"
"统领张","5","5","10"
"制刘宝","5","5","10"
"安庆军","5","5","10"
"茶盐赏","5","5","10"
"为雄武","4","6","10"
"五百三","5","5","10"
"尚书韩","5","5","10"
"外宫观","5","5","10"
"府路安","5","5","10"
"诣德寿","10","0","10"
"除绍兴","2","8","10"
"四千余","9","1","10"
"制陈孝","5","5","10"
"谏各举","8","2","10"
"玉隆万","5","5","10"
"隆万寿","5","5","10"
"兼签书","5","5","10"
"陈贵谊","5","5","10"
"选精锐","6","4","10"
"承节郎","5","5","10"
"进勇副","5","5","10"
"勇副尉","5","5","10"
"王伯大","5","5","10"
"南制置","5","5","10"
"京西湖","6","4","10"
"兼浙西","5","5","10"
"知重庆","9","1","10"
"进资政","9","1","10"
"为安东","5","5","10"
"直敷文","5","5","10"
"湖北制","5","5","10"
"魏克愚","2","8","10"
"判官王","5","5","10"
"宁七年","2","8","10"
"径四尺","5","5","10"
"阔一寸","6","4","10"
"陶隐居","5","5","10"
"在正月","2","8","10"
"正月上","5","5","10"
"期一年","5","5","10"
"眉州防","5","5","10"
"知大宗","5","5","10"
"立贵妃","5","5","10"
"圣太上","5","5","10"
"咸淳三","4","6","10"
"平原郡","4","6","10"
"陵郡王","5","5","10"
"济国公","5","5","10"
"参知枢","5","5","10"
"判四方","5","5","10"
"方馆事","5","5","10"
"部署兼","5","5","10"
"礼宾副","5","5","10"
"宾副使","5","5","10"
"李汉超","5","5","10"
"王彦升","5","5","10"
"凭由司","5","5","10"
"德六年","1","9","10"
"库部员","5","5","10"
"外郎王","4","6","10"
"文集二","4","6","10"
"安太祖","9","1","10"
"祖宗故","9","1","10"
"知相州","7","3","10"
"绍熙三","3","7","10"
"十人为","4","6","10"
"八十卷","5","5","10"
"兼国子","7","3","10"
"鸿禧观","5","5","10"
"有奏议","5","5","10"
"乌古论","5","5","10"
"主管文","4","6","10"
"拜殿中","9","1","10"
"迁国子","8","2","10"
"金部郎","5","5","10"
"吴遵路","2","8","10"
"相梁克","5","5","10"
"召为中","7","3","10"
"程颐之","5","5","10"
"胜非不","5","5","10"
"为屯田","5","5","10"
"从太祖","1","9","10"
"翰林医","5","5","10"
"临海郡","4","6","10"
"郡开国","5","5","10"
"为太中","3","7","10"
"镇抚司","5","5","10"
"抚司都","5","5","10"
"开封人","4","6","10"
"复光州","5","5","10"
"死者甚","9","1","10"
"会稽内","5","5","10"
"稽内史","5","5","10"
"震天下","5","5","10"
"徒王谧","6","4","10"
"檀凭之","4","6","10"
"率部曲","8","2","10"
"将军诸","5","5","10"
"百官奉","8","2","10"
"命辅国","1","9","10"
"传首京","10","0","10"
"督中外","5","5","10"
"八百四","5","5","10"
"军刘敬","5","5","10"
"坚壁清","3","7","10"
"壁清野","3","7","10"
"申前命","8","2","10"
"表天子","4","6","10"
"太尉留","5","5","10"
"州郡县","4","6","10"
"鲁宗之","5","5","10"
"司马琅","5","5","10"
"零陵王","6","4","10"
"敬皇后","5","5","10"
"建康县","4","6","10"
"过二十","4","6","10"
"与群臣","6","4","10"
"史臣曰","8","2","10"
"改元为","6","4","10"
"安平公","5","5","10"
"并遣使","9","1","10"
"河西王","5","5","10"
"史檀道","5","5","10"
"于东宫","7","3","10"
"军赵伦","5","5","10"
"以金紫","7","3","10"
"送京师","8","2","10"
"校尉刘","5","5","10"
"驾亲祠","10","0","10"
"亲祠南","10","0","10"
"始兴太","5","5","10"
"河南国","5","5","10"
"诃罗单","5","5","10"
"罗单国","5","5","10"
"詹事刘","5","5","10"
"人赐谷","4","6","10"
"太守李","5","5","10"
"三皇子","5","5","10"
"以步兵","7","3","10"
"冬十二","5","5","10"
"军刘遵","4","6","10"
"陵王讳","10","0","10"
"史赵伯","5","5","10"
"为东海","5","5","10"
"九皇子","5","5","10"
"刺史申","5","5","10"
"为安北","3","7","10"
"者数千","10","0","10"
"数千家","6","4","10"
"攻滑台","5","5","10"
"至瓜步","7","3","10"
"军臧质","5","5","10"
"命司马","4","6","10"
"刘兴祖","5","5","10"
"武昌王","6","4","10"
"攻虎牢","4","6","10"
"都督雍","5","5","10"
"梁南北","4","6","10"
"江左以","8","2","10"
"左以来","8","2","10"
"时太祖","5","5","10"
"王昙生","6","4","10"
"校尉王","5","5","10"
"将军东","5","5","10"
"西司马","5","5","10"
"军刘延","5","5","10"
"子尚为","4","6","10"
"寻阳太","5","5","10"
"道隆为","6","4","10"
"据广陵","5","5","10"
"通古今","6","4","10"
"属南徐","6","4","10"
"世祖镇","7","3","10"
"刘德愿","4","6","10"
"姜产之","5","5","10"
"高祖之","8","2","10"
"明皇帝","3","7","10"
"镇军长","5","5","10"
"史崔道","5","5","10"
"王玄载","5","5","10"
"侍中刘","5","5","10"
"将军蔡","5","5","10"
"军蔡兴","5","5","10"
"遣吏部","7","3","10"
"庐江王","5","5","10"
"行湘州","5","5","10"
"癸丑朔","10","0","10"
"以来文","4","6","10"
"之道不","4","6","10"
"长子也","10","0","10"
"将军安","5","5","10"
"以淮南","8","2","10"
"全景文","4","6","10"
"王敬则","4","6","10"
"攸之自","8","2","10"
"刺史李","5","5","10"
"吹铙歌","5","5","10"
"奏黄钟","5","5","10"
"祀天神","4","6","10"
"能之士","1","9","10"
"元帝时","3","7","10"
"然后知","8","2","10"
"十二枚","5","5","10"
"寸三分","6","4","10"
"以应天","10","0","10"
"日所在","10","0","10"
"一万三","4","6","10"
"所入纪","10","0","10"
"所在度","9","1","10"
"东南角","3","7","10"
"合终合","5","5","10"
"日度法","10","0","10"
"七日而","10","0","10"
"三百四","5","5","10"
"七百八","5","5","10"
"六百四","5","5","10"
"家之说","5","5","10"
"赤帝子","5","5","10"
"元嘉历","4","6","10"
"领国子","6","4","10"
"二度半","6","4","10"
"一度半","2","8","10"
"四方水","5","5","10"
"不得有","5","5","10"
"皇帝临","2","8","10"
"为三公","7","3","10"
"三月上","4","6","10"
"服母丧","1","9","10"
"汉平帝","4","6","10"
"晋宣帝","5","5","10"
"陛下宜","10","0","10"
"以不能","5","5","10"
"行皇太","7","3","10"
"史以上","4","6","10"
"以子贵","9","1","10"
"国子助","5","5","10"
"子助教","5","5","10"
"亦不敢","9","1","10"
"皇后庙","4","6","10"
"兴之议","7","3","10"
"烈武王","5","5","10"
"议不可","7","3","10"
"博士傅","5","5","10"
"领军长","5","5","10"
"不能见","4","6","10"
"皇后及","5","5","10"
"升明三","5","5","10"
"燮之议","8","2","10"
"国二十","6","4","10"
"恭帝元","6","4","10"
"帝元熙","6","4","10"
"丙午朔","10","0","10"
"士王燮","5","5","10"
"名之曰","10","0","10"
"各以其","9","1","10"
"侍郎徐","5","5","10"
"太史公","5","5","10"
"陛下受","7","3","10"
"世祖大","5","5","10"
"祖大明","5","5","10"
"建宗庙","3","7","10"
"文帝自","2","8","10"
"立宗庙","3","7","10"
"庙之礼","10","0","10"
"地社稷","4","6","10"
"八年秋","5","5","10"
"万一有","5","5","10"
"天子亲","3","7","10"
"出于此","6","4","10"
"太子讲","4","6","10"
"后宫中","1","9","10"
"佩水苍","10","0","10"
"虎贲中","5","5","10"
"领步兵","3","7","10"
"无用之","7","3","10"
"后二十","6","4","10"
"时又有","4","6","10"
"不敢有","2","8","10"
"以祖宗","7","3","10"
"在中央","1","9","10"
"陛下临","7","3","10"
"鼙舞歌","5","5","10"
"舞歌行","5","5","10"
"皇帝御","3","7","10"
"文武之","6","4","10"
"没有遗","2","8","10"
"在地下","2","8","10"
"极六十","5","5","10"
"国有兵","10","0","10"
"布新之","6","4","10"
"以大众","10","0","10"
"惑犯房","10","0","10"
"白犯轩","10","0","10"
"下有丧","6","4","10"
"刺史胡","5","5","10"
"为后宫","8","2","10"
"蚩尤旗","5","5","10"
"景元三","5","5","10"
"南北之","7","3","10"
"王伦为","3","7","10"
"行入太","5","5","10"
"人当之","10","0","10"
"八年八","5","5","10"
"慕容俊","5","5","10"
"西蕃上","5","5","10"
"蕃上将","5","5","10"
"时桓温","6","4","10"
"十年八","5","5","10"
"元十八","5","5","10"
"人张氏","5","5","10"
"时朝政","3","7","10"
"司马国","5","5","10"
"不能克","8","2","10"
"九真太","5","5","10"
"真太守","5","5","10"
"臣谋主","10","0","10"
"斗魁中","7","3","10"
"天下更","6","4","10"
"入紫宫","5","5","10"
"尚书谢","5","5","10"
"牛多死","5","5","10"
"孝祖为","7","3","10"
"帝以问","10","0","10"
"左右皆","10","0","10"
"当涂高","5","5","10"
"天意也","7","3","10"
"麒麟见","10","0","10"
"天下幸","10","0","10"
"下幸甚","10","0","10"
"在大梁","5","5","10"
"一度有","10","0","10"
"四百年","3","7","10"
"出天子","6","4","10"
"三匹马","1","9","10"
"光照室","7","3","10"
"见河南","10","0","10"
"浚以闻","10","0","10"
"梁郡太","5","5","10"
"建兴三","5","5","10"
"永平十","5","5","10"
"州城内","4","6","10"
"一年八","4","6","10"
"广州城","3","7","10"
"园丞陈","6","4","10"
"丞陈袭","6","4","10"
"陈袭祖","6","4","10"
"南台侍","5","5","10"
"台侍御","5","5","10"
"黄白气","5","5","10"
"臣下之","5","5","10"
"不曲直","6","4","10"
"性而为","9","1","10"
"能自立","6","4","10"
"内外不","5","5","10"
"清河王","5","5","10"
"禅即位","1","9","10"
"与太祖","6","4","10"
"不过十","5","5","10"
"为监军","4","6","10"
"去年秋","6","4","10"
"军北伐","1","9","10"
"作天子","4","6","10"
"后被废","1","9","10"
"在关中","5","5","10"
"以为己","10","0","10"
"以为后","8","2","10"
"举天下","7","3","10"
"不能达","3","7","10"
"有德政","1","9","10"
"在臣下","7","3","10"
"城西北","5","5","10"
"闰七月","2","8","10"
"百姓将","1","9","10"
"年冬十","4","6","10"
"犹以为","10","0","10"
"癸酉朔","10","0","10"
"未有所","9","1","10"
"元年更","10","0","10"
"顺帝永","5","5","10"
"新安太","5","5","10"
"在淮南","3","7","10"
"一万八","3","7","10"
"南清河","5","5","10"
"南济阴","5","5","10"
"安帝立","10","0","10"
"南康郡","4","6","10"
"文宣公","5","5","10"
"启太祖","9","1","10"
"以为太","8","2","10"
"据要害","7","3","10"
"河东太","5","5","10"
"信谗言","1","9","10"
"及太祖","8","2","10"
"率众来","8","2","10"
"参军沈","5","5","10"
"军法论","3","7","10"
"名于世","2","8","10"
"时年七","8","2","10"
"征虏军","5","5","10"
"虏军事","5","5","10"
"淮南诸","9","1","10"
"后军府","5","5","10"
"如此大","4","6","10"
"为吴国","3","7","10"
"知无不","6","4","10"
"本州大","5","5","10"
"拜吏部","10","0","10"
"便于民","6","4","10"
"领本州","8","2","10"
"在三司","6","4","10"
"以十万","7","3","10"
"百姓争","2","8","10"
"百姓怨","1","9","10"
"有所感","1","9","10"
"不能作","2","8","10"
"上即位","4","6","10"
"史百家","5","5","10"
"在华林","1","9","10"
"叱之曰","10","0","10"
"追赠中","1","9","10"
"其为人","10","0","10"
"拜司空","9","1","10"
"守下邳","5","5","10"
"臣父子","6","4","10"
"在左右","3","7","10"
"下不知","4","6","10"
"沈伯玉","3","7","10"
"南阳太","5","5","10"
"赐三品","7","3","10"
"被诛灭","1","9","10"
"平阳县","3","7","10"
"以自立","6","4","10"
"宗以为","8","2","10"
"薛道标","3","7","10"
"战败被","2","8","10"
"以母老","10","0","10"
"有三千","2","8","10"
"司马腾","1","9","10"
"十万骑","5","5","10"
"六百里","4","6","10"
"有叛逆","1","9","10"
"河以南","2","8","10"
"于阗国","9","1","10"
"者二十","10","0","10"
"皇后生","2","8","10"
"一百余","2","8","10"
"事如此","8","2","10"
"不在我","5","5","10"
"文神德","5","5","10"
"乘胜攻","6","4","10"
"宗不豫","10","0","10"
"楚昭辅","5","5","10"
"呼万岁","5","5","10"
"守太保","6","4","10"
"度使高","4","6","10"
"南阳郡","4","6","10"
"昭义军","5","5","10"
"守信等","5","5","10"
"来献方","10","0","10"
"辽州刺","4","6","10"
"内外军","6","4","10"
"率兵入","3","7","10"
"给钱米","6","4","10"
"税之半","10","0","10"
"臣祷雨","10","0","10"
"岐沟关","6","4","10"
"白金千","6","4","10"
"感生帝","5","5","10"
"幸教船","10","0","10"
"为西川","6","4","10"
"州都监","5","5","10"
"银二万","5","5","10"
"三十有","10","0","10"
"守臣陈","5","5","10"
"外郎李","5","5","10"
"西南夷","4","6","10"
"津园观","5","5","10"
"赐京城","7","3","10"
"王溥为","3","7","10"
"化王子","5","5","10"
"宝元年","3","7","10"
"引进副","5","5","10"
"进副使","5","5","10"
"川转运","5","5","10"
"责授右","10","0","10"
"科出身","5","5","10"
"为贵州","2","8","10"
"共三十","1","9","10"
"人作乱","2","8","10"
"为保静","3","7","10"
"宰相上","7","3","10"
"使曹彬","5","5","10"
"为都监","5","5","10"
"败之于","10","0","10"
"复一年","9","1","10"
"山后两","5","5","10"
"后两林","5","5","10"
"五凤楼","5","5","10"
"司勋员","5","5","10"
"勋员外","5","5","10"
"乾德四","3","7","10"
"加同平","9","1","10"
"辛仲甫","5","5","10"
"江水溢","4","6","10"
"契丹来","6","4","10"
"判官李","5","5","10"
"曲阜县","5","5","10"
"都钤辖","8","2","10"
"右卫上","5","5","10"
"兵攻城","4","6","10"
"州行府","5","5","10"
"契丹战","7","3","10"
"州妖贼","5","5","10"
"军器库","5","5","10"
"命侍卫","3","7","10"
"州屯兵","5","5","10"
"诏班师","7","3","10"
"有所闻","4","6","10"
"崇仪副","5","5","10"
"仪副使","5","5","10"
"三百两","5","5","10"
"县长吏","7","3","10"
"拜表称","10","0","10"
"妃李氏","5","5","10"
"为左武","2","8","10"
"左武卫","5","5","10"
"等十四","5","5","10"
"除十恶","4","6","10"
"前军马","5","5","10"
"大同军","5","5","10"
"君子馆","5","5","10"
"副部署","5","5","10"
"军行军","5","5","10"
"感德军","6","4","10"
"为镇州","4","6","10"
"幸太学","9","1","10"
"减常膳","9","1","10"
"威虏军","4","6","10"
"太祖配","5","5","10"
"天下州","5","5","10"
"者蠲其","10","0","10"
"蠲其租","10","0","10"
"宣使王","5","5","10"
"赵保吉","5","5","10"
"释其罪","7","3","10"
"表待罪","8","2","10"
"以下递","6","4","10"
"学士钱","5","5","10"
"田绍斌","5","5","10"
"本州团","5","5","10"
"永熙陵","5","5","10"
"慨然有","7","3","10"
"政殿西","5","5","10"
"递减一","6","4","10"
"令三司","1","9","10"
"大首领","5","5","10"
"宴近臣","8","2","10"
"溪峒蛮","7","3","10"
"太宗配","6","4","10"
"大宴含","6","4","10"
"王继英","5","5","10"
"州路行","5","5","10"
"州进士","5","5","10"
"遣使入","10","0","10"
"淮南水","5","5","10"
"麟府路","5","5","10"
"御史朱","5","5","10"
"学士刘","4","6","10"
"国军留","5","5","10"
"试贤良","4","6","10"
"及诸路","10","0","10"
"考试进","1","9","10"
"书仪卫","5","5","10"
"惟吉宫","5","5","10"
"上帝于","10","0","10"
"奉上太","5","5","10"
"遣御史","7","3","10"
"服勤词","5","5","10"
"勤词学","5","5","10"
"庙配享","4","6","10"
"国大长","5","5","10"
"明年元","8","2","10"
"许便宜","10","0","10"
"公主进","5","5","10"
"主进封","5","5","10"
"通利军","5","5","10"
"岳州团","5","5","10"
"福殿使","5","5","10"
"州太清","5","5","10"
"驾所过","5","5","10"
"命丁谓","2","8","10"
"宗哥族","4","6","10"
"州蕃部","5","5","10"
"下诏戒","10","0","10"
"禁诸路","10","0","10"
"冯拯等","4","6","10"
"奉太祖","3","7","10"
"都知周","5","5","10"
"受命宝","5","5","10"
"殿垂帘","4","6","10"
"刑部详","5","5","10"
"会庆殿","5","5","10"
"使河北","6","4","10"
"年租赋","5","5","10"
"免河北","3","7","10"
"时政阙","10","0","10"
"夷简为","4","6","10"
"诏臣僚","6","4","10"
"抑侥幸","7","3","10"
"告天下","4","6","10"
"兵讨之","10","0","10"
"诏两省","6","4","10"
"职言事","6","4","10"
"所过州","6","4","10"
"章阁侍","5","5","10"
"安化州","5","5","10"
"化州蛮","5","5","10"
"磨毡角","5","5","10"
"三京囚","4","6","10"
"屯田事","5","5","10"
"总管刘","5","5","10"
"西马步","5","5","10"
"边招讨","5","5","10"
"尚书屯","5","5","10"
"书屯田","5","5","10"
"兼营田","6","4","10"
"知徽州","6","4","10"
"为夏国","4","6","10"
"南提刑","6","4","10"
"役一年","3","7","10"
"兵讨捕","5","5","10"
"其租税","7","3","10"
"东经略","5","5","10"
"于都市","8","2","10"
"募饥民","5","5","10"
"地于明","10","0","10"
"命州县","8","2","10"
"待制以","5","5","10"
"官吏之","6","4","10"
"东兵马","5","5","10"
"贷常平","5","5","10"
"间利害","5","5","10"
"在京诸","7","3","10"
"监司分","4","6","10"
"以淑妃","6","4","10"
"为乡里","6","4","10"
"二人为","3","7","10"
"川节度","5","5","10"
"知宗正","5","5","10"
"出缗钱","8","2","10"
"告即位","9","1","10"
"御迩英","10","0","10"
"后还政","5","5","10"
"吕诲等","4","6","10"
"内侍都","5","5","10"
"侍都知","5","5","10"
"濮安懿","9","1","10"
"安懿王","9","1","10"
"名山大","2","8","10"
"山大川","2","8","10"
"诏提举","7","3","10"
"来吊祭","7","3","10"
"诏令内","1","9","10"
"同知谏","5","5","10"
"并同中","9","1","10"
"陕西路","4","6","10"
"河兰会","5","5","10"
"减囚罪","10","0","10"
"考功员","5","5","10"
"功员外","5","5","10"
"朝奉大","5","5","10"
"总管李","5","5","10"
"各举可","10","0","10"
"妃朱氏","6","4","10"
"东郡王","5","5","10"
"永裕陵","5","5","10"
"神宗庙","5","5","10"
"刘挚为","5","5","10"
"神宗御","7","3","10"
"宗御制","5","5","10"
"朱光庭","5","5","10"
"会计录","5","5","10"
"侍郎赵","4","6","10"
"京西提","4","6","10"
"诏刑部","6","4","10"
"圣文仁","5","5","10"
"文仁德","5","5","10"
"显孝皇","5","5","10"
"元符皇","5","5","10"
"符皇后","5","5","10"
"申国公","5","5","10"
"王似为","5","5","10"
"景灵西","5","5","10"
"灵西宫","5","5","10"
"郑州囚","5","5","10"
"建中靖","5","5","10"
"中靖国","5","5","10"
"钦圣宪","5","5","10"
"圣宪肃","5","5","10"
"以三年","5","5","10"
"讲议司","4","6","10"
"其子一","3","7","10"
"圣贤之","4","6","10"
"御后殿","10","0","10"
"承旨张","5","5","10"
"张康国","5","5","10"
"大观元","5","5","10"
"观元年","5","5","10"
"梁子美","5","5","10"
"河间府","6","4","10"
"兴军路","5","5","10"
"薛昂为","5","5","10"
"等八人","5","5","10"
"等七十","5","5","10"
"以大不","5","5","10"
"大不恭","5","5","10"
"太史局","5","5","10"
"为定国","4","6","10"
"至都堂","10","0","10"
"为卫国","1","9","10"
"傅致仕","7","3","10"
"堂治事","7","3","10"
"和义郡","5","5","10"
"安中为","4","6","10"
"极论之","9","1","10"
"路分都","3","7","10"
"分都监","3","7","10"
"童贯等","3","7","10"
"耶律淳","2","8","10"
"河北河","6","4","10"
"北河东","6","4","10"
"收复燕","2","8","10"
"文粹中","4","6","10"
"还临安","10","0","10"
"二人之","7","3","10"
"郑望之","4","6","10"
"统制姚","5","5","10"
"夜袭金","4","6","10"
"伏阙上","10","0","10"
"宁德宫","5","5","10"
"种师中","3","7","10"
"令台谏","4","6","10"
"武当军","5","5","10"
"统制解","5","5","10"
"金人乘","9","1","10"
"修敕令","7","3","10"
"军事刘","5","5","10"
"集百官","6","4","10"
"院事李","5","5","10"
"河为界","4","6","10"
"宣化门","5","5","10"
"攻金人","9","1","10"
"而金人","9","1","10"
"金人逼","7","3","10"
"金人闻","10","0","10"
"伯彦等","5","5","10"
"为显谟","3","7","10"
"命人心","5","5","10"
"告中外","6","4","10"
"外大臣","2","8","10"
"城失守","4","6","10"
"潭州安","5","5","10"
"命李纲","2","8","10"
"府司录","5","5","10"
"户部财","5","5","10"
"部财用","5","5","10"
"贵州团","5","5","10"
"为忠义","5","5","10"
"为奉国","2","8","10"
"潘良贵","4","6","10"
"雄州安","5","5","10"
"挥使郭","5","5","10"
"金国军","6","4","10"
"使王彦","5","5","10"
"制张俊","5","5","10"
"史马伸","5","5","10"
"大观以","4","6","10"
"四川茶","6","4","10"
"冯长宁","5","5","10"
"骑兵三","3","7","10"
"军制置","5","5","10"
"管马军","5","5","10"
"命吕颐","3","7","10"
"西监司","5","5","10"
"延经略","6","4","10"
"为秦凤","5","5","10"
"至平江","10","0","10"
"英州安","4","6","10"
"御营前","5","5","10"
"至建康","9","1","10"
"徽宗及","5","5","10"
"上供银","5","5","10"
"光世移","6","4","10"
"汤东野","5","5","10"
"为随军","6","4","10"
"太后问","2","8","10"
"六合县","5","5","10"
"神武副","5","5","10"
"武副军","5","5","10"
"彦舟为","5","5","10"
"刘豫为","2","8","10"
"率兵屯","2","8","10"
"官遥拜","5","5","10"
"激赏绢","5","5","10"
"知泰州","7","3","10"
"昭慈献","5","5","10"
"慈献烈","5","5","10"
"压盗贼","4","6","10"
"遣杜湛","5","5","10"
"李光为","4","6","10"
"州杂犯","5","5","10"
"神武后","5","5","10"
"武后军","5","5","10"
"建康行","5","5","10"
"康行宫","5","5","10"
"金坛县","4","6","10"
"修政局","4","6","10"
"炎以来","5","5","10"
"通判州","7","3","10"
"判州事","7","3","10"
"乞罢政","10","0","10"
"王彦先","5","5","10"
"李永寿","4","6","10"
"天皇大","5","5","10"
"皇大帝","5","5","10"
"为宗正","3","7","10"
"复随州","5","5","10"
"抚谕四","5","5","10"
"张俊军","4","6","10"
"总领淮","5","5","10"
"浚入见","10","0","10"
"诸将兵","7","3","10"
"恭皇后","5","5","10"
"第一人","8","2","10"
"京西南","5","5","10"
"王德等","4","6","10"
"光世已","5","5","10"
"以建康","7","3","10"
"进士黄","5","5","10"
"南京留","5","5","10"
"枢密行","5","5","10"
"密行府","5","5","10"
"屈而死","3","7","10"
"慈宁殿","4","6","10"
"援淮西","5","5","10"
"岳飞进","2","8","10"
"岳飞于","1","9","10"
"金国报","5","5","10"
"程克俊","5","5","10"
"庙祭器","5","5","10"
"米一百","2","8","10"
"释放流","1","9","10"
"秦桧在","2","8","10"
"通义郡","5","5","10"
"岳阳军","5","5","10"
"从秦桧","1","9","10"
"命大理","8","2","10"
"六人及","5","5","10"
"汪召锡","5","5","10"
"魏师逊","4","6","10"
"忠州团","5","5","10"
"郑仲熊","5","5","10"
"神道碑","5","5","10"
"公正之","5","5","10"
"军教授","4","6","10"
"民为兵","6","4","10"
"募商人","3","7","10"
"上诸军","8","2","10"
"高宗复","3","7","10"
"殿门外","5","5","10"
"相率百","8","2","10"
"朝德寿","9","1","10"
"兼淮东","6","4","10"
"西南方","2","8","10"
"命虞允","2","8","10"
"人侵扰","1","9","10"
"两淮州","6","4","10"
"措置屯","5","5","10"
"置榷场","4","6","10"
"安府及","10","0","10"
"荣国公","5","5","10"
"兴郡王","5","5","10"
"恩荫补","2","8","10"
"二年后","1","9","10"
"千人为","6","4","10"
"俊卿以","6","4","10"
"武学生","5","5","10"
"收租税","1","9","10"
"为楚州","1","9","10"
"九十万","5","5","10"
"制兼侍","5","5","10"
"交章论","10","0","10"
"兴州都","5","5","10"
"林光朝","5","5","10"
"永国公","5","5","10"
"钱良臣","5","5","10"
"王淮为","3","7","10"
"郁林州","5","5","10"
"夺两官","2","8","10"
"在京宫","5","5","10"
"京宫观","5","5","10"
"江西常","5","5","10"
"理寺狱","2","8","10"
"命朱熹","2","8","10"
"绍熙五","3","7","10"
"贺重明","5","5","10"
"为焕章","2","8","10"
"以疾不","10","0","10"
"台谏交","7","3","10"
"嘉泰元","5","5","10"
"泰元年","5","5","10"
"雨州县","5","5","10"
"自强等","5","5","10"
"圣慈烈","5","5","10"
"兼知扬","8","2","10"
"程松为","3","7","10"
"劾罢之","10","0","10"
"金兵攻","3","7","10"
"镇江副","5","5","10"
"池州都","5","5","10"
"谥忠定","10","0","10"
"夹攻金","4","6","10"
"置使董","5","5","10"
"统张威","5","5","10"
"王仕信","5","5","10"
"贵诚为","5","5","10"
"沂靖惠","5","5","10"
"靖惠王","5","5","10"
"复以为","10","0","10"
"弄威福","8","2","10"
"知袁州","7","3","10"
"夺三秩","3","7","10"
"兼京湖","5","5","10"
"上之盟","5","5","10"
"御史洪","5","5","10"
"录用其","2","8","10"
"徐敏子","5","5","10"
"官告院","5","5","10"
"诏史嵩","10","0","10"
"武翼大","5","5","10"
"翼大夫","5","5","10"
"进三秩","7","3","10"
"遥郡刺","5","5","10"
"元兵入","10","0","10"
"以牵制","2","8","10"
"任成都","2","8","10"
"依旧职","8","2","10"
"结人心","8","2","10"
"侍立修","5","5","10"
"立修注","5","5","10"
"为兴元","3","7","10"
"国以来","1","9","10"
"横山之","6","4","10"
"湖北转","5","5","10"
"文德兼","5","5","10"
"景定元","5","5","10"
"张世雄","3","7","10"
"李松寿","4","6","10"
"周国公","5","5","10"
"行经界","4","6","10"
"学之禁","6","4","10"
"谢太后","5","5","10"
"提举兴","5","5","10"
"举兴国","5","5","10"
"有功人","1","9","10"
"高州团","5","5","10"
"钱塘江","2","8","10"
"兵数十","6","4","10"
"蒲寿庚","3","7","10"
"及士大","2","8","10"
"在福州","2","8","10"
"洛下闳","4","6","10"
"南渡后","6","4","10"
"其分为","10","0","10"
"帝之后","3","7","10"
"子即位","3","7","10"
"阴阳调","2","8","10"
"彗星守","10","0","10"
"十二星","9","1","10"
"执法大","1","9","10"
"法大臣","1","9","10"
"有子孙","3","7","10"
"近臣有","4","6","10"
"去极九","10","0","10"
"去极八","10","0","10"
"色黄而","1","9","10"
"下第一","4","6","10"
"下和平","5","5","10"
"多风雨","5","5","10"
"色青黑","1","9","10"
"月晕在","2","8","10"
"人不安","5","5","10"
"色赤黑","4","6","10"
"在室宿","1","9","10"
"在昴宿","2","8","10"
"北主忧","10","0","10"
"从天子","1","9","10"
"有盗贼","2","8","10"
"一车主","5","5","10"
"戊寅日","2","8","10"
"太后因","1","9","10"
"见太后","3","7","10"
"太宗皇","3","7","10"
"为子孙","6","4","10"
"茶盐之","7","3","10"
"刘婕妤","1","9","10"
"为言者","10","0","10"
"致国家","1","9","10"
"到洪州","1","9","10"
"太后也","1","9","10"
"高宗不","1","9","10"
"孝宗不","3","7","10"
"开庆初","5","5","10"
"嫡长子","1","9","10"
"知其为","9","1","10"
"张声势","1","9","10"
"右班殿","5","5","10"
"嘉州防","5","5","10"
"解职归","1","9","10"
"朝廷未","8","2","10"
"有异心","1","9","10"
"李守贞","3","7","10"
"五代以","4","6","10"
"捷左厢","5","5","10"
"握重兵","4","6","10"
"继勋为","4","6","10"
"力进攻","2","8","10"
"子女玉","6","4","10"
"女玉帛","6","4","10"
"得其人","9","1","10"
"陈恕等","4","6","10"
"不敢自","5","5","10"
"皇后也","6","4","10"
"顺流而","3","7","10"
"不敢隐","5","5","10"
"归附者","5","5","10"
"幸大名","7","3","10"
"司封郎","5","5","10"
"已不能","2","8","10"
"义理之","8","2","10"
"同母弟","2","8","10"
"人服其","10","0","10"
"拜工部","10","0","10"
"州县之","7","3","10"
"不聊生","5","5","10"
"遇事敢","5","5","10"
"中贵人","7","3","10"
"国人民","1","9","10"
"在先朝","3","7","10"
"起大狱","5","5","10"
"可以坐","4","6","10"
"赠太子","5","5","10"
"在大名","3","7","10"
"勤于政","1","9","10"
"为当时","2","8","10"
"博通经","5","5","10"
"通经史","6","4","10"
"试秘书","6","4","10"
"诸司库","5","5","10"
"司库务","5","5","10"
"太宗时","3","7","10"
"逗留不","2","8","10"
"陛下日","5","5","10"
"少府少","5","5","10"
"府少监","5","5","10"
"在藩邸","7","3","10"
"在青州","1","9","10"
"力争不","7","3","10"
"预政事","2","8","10"
"数月后","1","9","10"
"此二人","5","5","10"
"奸邪不","5","5","10"
"相吕夷","5","5","10"
"以一当","2","8","10"
"解兵柄","10","0","10"
"卫尉寺","5","5","10"
"大夫无","5","5","10"
"议者欲","10","0","10"
"迁龙图","10","0","10"
"割地之","6","4","10"
"唐德宗","3","7","10"
"三司开","5","5","10"
"司开拆","5","5","10"
"开拆司","5","5","10"
"有议论","1","9","10"
"用大臣","3","7","10"
"兵攻讨","1","9","10"
"恩威并","3","7","10"
"判司农","5","5","10"
"有如此","6","4","10"
"闻有所","10","0","10"
"为名将","6","4","10"
"提点京","6","4","10"
"与苏轼","3","7","10"
"死于此","7","3","10"
"迁左司","10","0","10"
"知信州","7","3","10"
"不能预","2","8","10"
"上疏陈","2","8","10"
"元年进","7","3","10"
"元昊攻","1","9","10"
"除资政","9","1","10"
"治乱之","9","1","10"
"意外之","6","4","10"
"不能及","5","5","10"
"召为吏","5","5","10"
"于用兵","4","6","10"
"康之祸","3","7","10"
"陛下虽","4","6","10"
"正典刑","7","3","10"
"除江西","4","6","10"
"不能给","2","8","10"
"备缓急","6","4","10"
"绍兴末","5","5","10"
"秦桧当","4","6","10"
"执政不","6","4","10"
"有朝廷","3","7","10"
"汝愚以","5","5","10"
"意恢复","5","5","10"
"汝愚之","9","1","10"
"侂胄不","7","3","10"
"徽宗梓","2","8","10"
"为今日","6","4","10"
"大夫有","3","7","10"
"唐仲友","2","8","10"
"论恢复","5","5","10"
"有八十","1","9","10"
"主管冲","5","5","10"
"佐郎兼","6","4","10"
"赖以安","8","2","10"
"六项法","5","5","10"
"南岳庙","5","5","10"
"白鹿洞","5","5","10"
"之人不","2","8","10"
"抚司机","5","5","10"
"集忠义","4","6","10"
"令诸将","4","6","10"
"得罪于","5","5","10"
"陛下留","6","4","10"
"有人才","1","9","10"
"圣明之","2","8","10"
"与其他","1","9","10"
"常平使","5","5","10"
"为使者","3","7","10"
"家安危","3","7","10"
"于是宋","1","9","10"
"为承务","1","9","10"
"朝廷虽","5","5","10"
"日积月","3","7","10"
"丞相不","6","4","10"
"责备他","1","9","10"
"宗亲政","5","5","10"
"邪小人","1","9","10"
"食而死","4","6","10"
"与天地","3","7","10"
"道不知","1","9","10"
"出其门","10","0","10"
"以前所","1","9","10"
"心诚意","3","7","10"
"兢兢业","2","8","10"
"兢业业","2","8","10"
"而认为","1","9","10"
"右亲信","2","8","10"
"恢复大","2","8","10"
"南渡以","1","9","10"
"绍定四","2","8","10"
"之典以","10","0","10"
"不敢对","5","5","10"
"用黄金","1","9","10"
"陛下开","3","7","10"
"合天意","3","7","10"
"切中时","1","9","10"
"陛下身","1","9","10"
"下之民","9","1","10"
"然而不","1","9","10"
"宰相有","1","9","10"
"金议和","3","7","10"
"将兵权","4","6","10"
"金人相","5","5","10"
"军镇抚","3","7","10"
"飞父子","5","5","10"
"取中原","4","6","10"
"城东门","3","7","10"
"国之君","1","9","10"
"安石与","5","5","10"
"李格非","1","9","10"
"彦博曰","10","0","10"
"除陕西","1","9","10"
"是小人","1","9","10"
"老弱病","1","9","10"
"口不言","4","6","10"
"永乐之","5","5","10"
"大顺城","4","6","10"
"纯仁请","3","7","10"
"张舜民","4","6","10"
"用王安","4","6","10"
"谏官员","1","9","10"
"中丞邓","5","5","10"
"土地肥","1","9","10"
"孤军深","3","7","10"
"马相公","5","5","10"
"与王安","1","9","10"
"绍圣元","5","5","10"
"与王黼","3","7","10"
"为父母","1","9","10"
"臣议论","1","9","10"
"高宗问","4","6","10"
"诏告谕","1","9","10"
"以诏谕","5","5","10"
"路大军","1","9","10"
"逼京城","1","9","10"
"百姓也","1","9","10"
"世忠从","2","8","10"
"积如山","1","9","10"
"隆兴二","2","8","10"
"上批示","1","9","10"
"上奏言","1","9","10"
"大臣请","1","9","10"
"迫不得","0","10","10"
"事应该","0","10","10"
"一概不","0","10","10"
"从现在","0","10","10"
"别赐给","0","10","10"
"活着的","0","10","10"
"在正是","0","10","10"
"方官吏","0","10","10"
"法律规","0","10","10"
"违背天","0","10","10"
"看见了","0","10","10"
"没有违","0","10","10"
"晚上就","0","10","10"
"情况的","0","10","10"
"完备的","0","10","10"
"的史书","0","10","10"
"的感情","0","10","10"
"去的人","0","10","10"
"万物的","0","10","10"
"人能够","0","10","10"
"闰月的","0","10","10"
"月亮的","0","10","10"
"的度分","0","10","10"
"时月亮","0","10","10"
"天空中","0","10","10"
"的进退","0","10","10"
"黄道的","0","10","10"
"的疆土","0","10","10"
"天下各","0","10","10"
"受到损","0","10","10"
"理朝政","0","10","10"
"果皇上","0","10","10"
"不是在","0","10","10"
"地的仪","0","10","10"
"现出来","0","10","10"
"先人的","0","10","10"
"的大业","0","10","10"
"即位的","0","10","10"
"没有分","0","10","10"
"么就会","0","10","10"
"从此之","0","10","10"
"的态度","0","10","10"
"是一般","0","10","10"
"派有关","0","10","10"
"官员代","0","10","10"
"理主祭","0","10","10"
"就是说","0","10","10"
"以后就","0","10","10"
"是应当","0","10","10"
"祭祀完","0","10","10"
"而祭祀","0","10","10"
"明显的","0","10","10"
"百姓就","0","10","10"
"恐怕是","0","10","10"
"结党营","0","10","10"
"盖天说","0","10","10"
"面没有","0","10","10"
"预示有","0","10","10"
"说这些","0","10","10"
"人称赞","0","10","10"
"间不长","0","10","10"
"这事的","0","10","10"
"犯罪被","0","10","10"
"理百姓","0","10","10"
"际上不","0","10","10"
"不是指","0","10","10"
"五行中","0","10","10"
"就不知","0","10","10"
"这些情","0","10","10"
"些情况","0","10","10"
"军队也","0","10","10"
"曹魏的","0","10","10"
"是大水","0","10","10"
"不醒悟","0","10","10"
"了几天","0","10","10"
"都发生","0","10","10"
"大小事","0","10","10"
"家政治","0","10","10"
"看到的","0","10","10"
"本朝的","0","10","10"
"到这里","0","10","10"
"消灭他","0","10","10"
"抓住了","0","10","10"
"被投入","0","10","10"
"去讨伐","0","10","10"
"国的人","0","10","10"
"垣询之","0","10","10"
"他留下","0","10","10"
"蒙受皇","0","10","10"
"被高祖","0","10","10"
"兴起的","0","10","10"
"那些不","0","10","10"
"原因是","0","10","10"
"制他们","0","10","10"
"怎么知","0","10","10"
"果你们","0","10","10"
"送给你","0","10","10"
"给了他","0","10","10"
"求辞去","0","10","10"
"他每次","0","10","10"
"随皇帝","0","10","10"
"他的本","0","10","10"
"行不通","0","10","10"
"再加上","0","10","10"
"免不了","0","10","10"
"有危险","0","10","10"
"根本不","0","10","10"
"不用担","0","10","10"
"河流域","0","10","10"
"的国君","0","10","10"
"个命令","0","10","10"
"地方不","0","10","10"
"义的人","0","10","10"
"自身的","0","10","10"
"皇室的","0","10","10"
"以为我","0","10","10"
"有矛盾","0","10","10"
"上告诉","0","10","10"
"的品行","0","10","10"
"别人说","0","10","10"
"个问题","0","10","10"
"年岁已","0","10","10"
"不满一","0","10","10"
"己的心","0","10","10"
"因为自","0","10","10"
"常生活","0","10","10"
"高明的","0","10","10"
"定能够","0","10","10"
"是人们","0","10","10"
"生存的","0","10","10"
"根据他","0","10","10"
"的困难","0","10","10"
"的差别","0","10","10"
"应该不","0","10","10"
"扬他的","0","10","10"
"奇异的","0","10","10"
"深厚的","0","10","10"
"人的道","0","10","10"
"因为它","0","10","10"
"在这样","0","10","10"
"次召见","0","10","10"
"的座位","0","10","10"
"参加了","0","10","10"
"队溃败","0","10","10"
"不打算","0","10","10"
"位置上","0","10","10"
"赶得上","0","10","10"
"皇亲国","0","10","10"
"亲国戚","0","10","10"
"善良的","0","10","10"
"功的人","0","10","10"
"和皇帝","0","10","10"
"廷中的","0","10","10"
"只是因","0","10","10"
"的英明","0","10","10"
"他的主","0","10","10"
"大部队","0","10","10"
"的人应","0","10","10"
"个人都","0","10","10"
"一封信","0","10","10"
"家的事","0","10","10"
"自然不","0","10","10"
"终究不","0","10","10"
"社会上","0","10","10"
"见到了","0","10","10"
"我国的","0","10","10"
"没有做","0","10","10"
"天下动","0","10","10"
"官晋爵","0","10","10"
"然去世","0","10","10"
"除百姓","0","10","10"
"不是好","0","10","10"
"我有什","0","10","10"
"高兴得","0","10","10"
"当今皇","0","10","10"
"非常好","0","10","10"
"皇上高","0","10","10"
"上高兴","0","10","10"
"做到这","0","10","10"
"可以实","0","10","10"
"是人民","0","10","10"
"也不应","0","10","10"
"着皇帝","0","10","10"
"知的人","0","10","10"
"被杀的","0","10","10"
"讨伐叛","0","10","10"
"赵王司","0","10","10"
"兄弟们","0","10","10"
"有的被","0","10","10"
"朝廷时","0","10","10"
"什么办","0","10","10"
"么办法","0","10","10"
"了什么","0","10","10"
"都是以","0","10","10"
"的话不","0","10","10"
"败而逃","0","10","10"
"人君的","0","10","10"
"都亲自","0","10","10"
"州一带","0","10","10"
"个接一","0","10","10"
"接一个","0","10","10"
"的等级","0","10","10"
"到极点","0","10","10"
"不久也","0","10","10"
"有时间","0","10","10"
"的任务","0","10","10"
"城出发","0","10","10"
"城开封","0","10","10"
"母去世","0","10","10"
"的左右","0","10","10"
"判处死","0","10","10"
"的供给","0","10","10"
"此作为","0","10","10"
"立学校","0","10","10"
"学校的","0","10","10"
"视他的","0","10","10"
"些事情","0","10","10"
"元军到","0","10","10"
"没有君","0","10","10"
"皇帝都","0","10","10"
"没有按","0","10","10"
"虽然很","0","10","10"
"重用他","0","10","10"
"严肃地","0","10","10"
"给儿子","0","10","10"
"这是用","0","10","10"
"军于是","0","10","10"
"这三个","0","10","10"
"不知怎","0","10","10"
"军骑兵","0","10","10"
"并对他","0","10","10"
"罢去他","0","10","10"
"他管理","0","10","10"
"因为与","0","10","10"
"利的人","0","10","10"
"开京城","0","10","10"
"皇帝问","0","10","10"
"亲守丧","0","10","10"
"又害怕","0","10","10"
"皇上很","0","10","10"
"事上奏","0","10","10"
"奏给朝","0","10","10"
"干什么","0","10","10"
"奏给皇","0","10","10"
"皇上宠","0","10","10"
"以保护","0","10","10"
"有罪的","0","10","10"
"固自己","0","10","10"
"被废弃","0","10","10"
"政的人","0","10","10"
"谏的人","0","10","10"
"人加以","0","10","10"
"受牵连","0","10","10"
"予赏赐","0","10","10"
"有的说","0","10","10"
"最后还","0","10","10"
"很好地","0","10","10"
"没有达","0","10","10"
"弹劾自","0","10","10"
"劾自己","0","10","10"
"因为在","0","10","10"
"了三个","0","10","10"
"职期间","0","10","10"
"多人都","0","10","10"
"听说了","0","10","10"
"平时一","0","10","10"
"不会再","0","10","10"
"取得胜","0","10","10"
"那么我","0","10","10"
"战斗的","0","10","10"
"他的诗","0","10","10"
"这怎么","0","10","10"
"自己为","0","10","10"
"的外患","0","10","10"
"和赏赐","0","10","10"
"封为南","0","10","10"
"升为征","0","10","10"
"色印绶","0","10","10"
"己酉曰","0","10","10"
"甲午日","0","10","10"
"献上白","0","10","10"
"上生出","0","10","10"
"殿发生","0","10","10"
"起大火","0","10","10"
"南发生","0","10","10"
"江水涌","0","10","10"
"伤害了","0","10","10"
"州出现","0","10","10"
"甲申曰","0","10","10"
"丙申日","0","10","10"
"癸亥日","0","10","10"
"己酉日","0","10","10"
"时属临","0","10","10"
"时属于","0","10","10"
"祖镇守","0","10","10"
"镇守京","0","10","10"
"守京口","0","10","10"
"任命河","0","10","10"
"解除兵","0","10","10"
"接受尊","0","10","10"
"任命参","0","10","10"
"任命周","0","10","10"
"丹侵犯","0","10","10"
"臣分别","0","10","10"
"楚王赵","0","10","10"
"上疏议","0","10","10"
"任命江","0","10","10"
"显漠阁","0","10","10"
"命令淮","0","10","10"
"弃城而","0","10","10"
"王赵与","0","10","10"
"络钱五","0","10","10"
"升兵部","0","10","10"
"王后代","0","10","10"
"城降元","0","10","10"
"十颗星","0","10","10"
"五星进","0","10","10"
"属于天","0","10","10"
"顺初年","0","10","10"
"上门使","0","10","10"
"朝会时","0","10","10"
"在世间","0","10","10"
"任太学","0","10","10"
"子刘麟","0","10","10"
"几十个","0","10","10"
"到海上","0","10","10"
"逃走的","0","10","10"
"停下来","0","10","10"
"军队没","0","10","10"
"兵杀死","0","10","10"
"刘毅的","0","10","10"
"的英雄","0","10","10"
"安年间","0","10","10"
"德等人","0","10","10"
"剩余的","0","10","10"
"以身作","0","10","10"
"身作则","0","10","10"
"百官都","0","10","10"
"都被杀","0","10","10"
"军失败","0","10","10"
"君主将","0","10","10"
"自前往","0","10","10"
"廷陈述","0","10","10"
"他的孙","0","10","10"
"人守卫","0","10","10"
"听说大","0","10","10"
"必定不","0","10","10"
"骑兵在","0","10","10"
"带领部","0","10","10"
"有作为","0","10","10"
"的回答","0","10","10"
"能攻下","0","10","10"
"兵突然","0","10","10"
"一时的","0","10","10"
"向天下","0","10","10"
"如果在","0","10","10"
"人屯驻","0","10","10"
"有几百","0","10","10"
"服从命","0","10","10"
"他必定","0","10","10"
"骑兵从","0","10","10"
"安抚他","0","10","10"
"看不见","0","10","10"
"等人回","0","10","10"
"到庐州","0","10","10"
"皇上加","0","10","10"
"取代他","0","10","10"
"派参军","0","10","10"
"因为战","0","10","10"
"了百姓","0","10","10"
"过他的","0","10","10"
"到允许","0","10","10"
"信给他","0","10","10"
"谋划策","0","10","10"
"认为刘","0","10","10"
"一个大","0","10","10"
"推举贤","0","10","10"
"推举的","0","10","10"
"定叛乱","0","10","10"
"超过二","0","10","10"
"斩杀了","0","10","10"
"临朝听","0","10","10"
"殿逝世","0","10","10"
"皇帝很","0","10","10"
"那个地","0","10","10"
"的屏障","0","10","10"
"以外的","0","10","10"
"任司空","0","10","10"
"兼任司","0","10","10"
"使者进","0","10","10"
"所属各","0","10","10"
"百姓开","0","10","10"
"曾多次","0","10","10"
"派遣部","0","10","10"
"守彭城","0","10","10"
"王礻韦","0","10","10"
"次设置","0","10","10"
"分出一","0","10","10"
"部免除","0","10","10"
"帝对他","0","10","10"
"所记载","0","10","10"
"怕他们","0","10","10"
"败叛军","0","10","10"
"河一带","0","10","10"
"一起被","0","10","10"
"撰写了","0","10","10"
"从此开","0","10","10"
"化百姓","0","10","10"
"流放的","0","10","10"
"朝担任","0","10","10"
"卫京城","0","10","10"
"官员各","0","10","10"
"府供给","0","10","10"
"所依靠","0","10","10"
"人骑马","0","10","10"
"横征暴","0","10","10"
"不是朝","0","10","10"
"修筑堤","0","10","10"
"都是人","0","10","10"
"的住处","0","10","10"
"境地区","0","10","10"
"的西边","0","10","10"
"向上产","0","10","10"
"上产生","0","10","10"
"一年中","0","10","10"
"表影长","0","10","10"
"表影最","0","10","10"
"周三代","0","10","10"
"的音律","0","10","10"
"所上奏","0","10","10"
"用它们","0","10","10"
"轻率地","0","10","10"
"命令部","0","10","10"
"有明确","0","10","10"
"来表示","0","10","10"
"就可得","0","10","10"
"天象的","0","10","10"
"甲寅曰","0","10","10"
"这又是","0","10","10"
"在今天","0","10","10"
"共同讨","0","10","10"
"五星的","0","10","10"
"承天说","0","10","10"
"人们对","0","10","10"
"的考虑","0","10","10"
"小余上","0","10","10"
"起作用","0","10","10"
"分上加","0","10","10"
"经过一","0","10","10"
"宿之间","0","10","10"
"合朔时","0","10","10"
"的西北","0","10","10"
"的前后","0","10","10"
"得到五","0","10","10"
"东方出","0","10","10"
"有五十","0","10","10"
"认为张","0","10","10"
"的含义","0","10","10"
"的舅舅","0","10","10"
"希望以","0","10","10"
"的学者","0","10","10"
"天太阳","0","10","10"
"的上奏","0","10","10"
"遥远的","0","10","10"
"政事都","0","10","10"
"己亥曰","0","10","10"
"参酌审","0","10","10"
"酌审议","0","10","10"
"后认为","0","10","10"
"郊举行","0","10","10"
"大概就","0","10","10"
"上的官","0","10","10"
"不实行","0","10","10"
"丧的制","0","10","10"
"的太守","0","10","10"
"官分别","0","10","10"
"代的礼","0","10","10"
"辛丑日","0","10","10"
"过一个","0","10","10"
"命令任","0","10","10"
"们听说","0","10","10"
"有停止","0","10","10"
"给太后","0","10","10"
"谒陵墓","0","10","10"
"有丧服","0","10","10"
"等人又","0","10","10"
"自然应","0","10","10"
"太后逝","0","10","10"
"命令用","0","10","10"
"这是人","0","10","10"
"上正殿","0","10","10"
"合乎礼","0","10","10"
"的太子","0","10","10"
"亡的人","0","10","10"
"行殇服","0","10","10"
"大夫都","0","10","10"
"因为天","0","10","10"
"服丧一","0","10","10"
"事奉君","0","10","10"
"怀疑这","0","10","10"
"虽然已","0","10","10"
"那么它","0","10","10"
"的典礼","0","10","10"
"也是如","0","10","10"
"公主的","0","10","10"
"示国家","0","10","10"
"请求命","0","10","10"
"在春季","0","10","10"
"而且又","0","10","10"
"人不同","0","10","10"
"合礼制","0","10","10"
"们的名","0","10","10"
"有特殊","0","10","10"
"以抵御","0","10","10"
"配祭天","0","10","10"
"的是什","0","10","10"
"人意见","0","10","10"
"天帝的","0","10","10"
"也就不","0","10","10"
"郊祀时","0","10","10"
"帝的旨","0","10","10"
"祀的时","0","10","10"
"根据地","0","10","10"
"立为帝","0","10","10"
"大臣没","0","10","10"
"癸巳曰","0","10","10"
"是所说","0","10","10"
"祭祀五","0","10","10"
"亲自祭","0","10","10"
"明堂的","0","10","10"
"的一切","0","10","10"
"隆重的","0","10","10"
"事情有","0","10","10"
"的没有","0","10","10"
"的儒士","0","10","10"
"区的人","0","10","10"
"在黄帝","0","10","10"
"奉皇上","0","10","10"
"王刘盏","0","10","10"
"有皇帝","0","10","10"
"我愿意","0","10","10"
"谈论的","0","10","10"
"儿子孙","0","10","10"
"的仪仗","0","10","10"
"开始做","0","10","10"
"开始接","0","10","10"
"始接受","0","10","10"
"朝初年","0","10","10"
"皇帝曾","0","10","10"
"不是正","0","10","10"
"不要用","0","10","10"
"国君主","0","10","10"
"练军队","0","10","10"
"每件事","0","10","10"
"没有前","0","10","10"
"由朝廷","0","10","10"
"专门负","0","10","10"
"门负责","0","10","10"
"主要是","0","10","10"
"事情没","0","10","10"
"皇帝讲","0","10","10"
"有人上","0","10","10"
"用三匹","0","10","10"
"国使者","0","10","10"
"有人知","0","10","10"
"又有人","0","10","10"
"帝出行","0","10","10"
"的规章","0","10","10"
"是让他","0","10","10"
"的四个","0","10","10"
"去管理","0","10","10"
"人都为","0","10","10"
"回来的","0","10","10"
"诏令御","0","10","10"
"用其他","0","10","10"
"快乐的","0","10","10"
"那么上","0","10","10"
"知道天","0","10","10"
"御外敌","0","10","10"
"天上的","0","10","10"
"原先的","0","10","10"
"站起来","0","10","10"
"当时已","0","10","10"
"廷追赠","0","10","10"
"其中十","0","10","10"
"浑天说","0","10","10"
"是一百","0","10","10"
"所以对","0","10","10"
"西运行","0","10","10"
"犯火星","0","10","10"
"犯金星","0","10","10"
"向西南","0","10","10"
"主管军","0","10","10"
"预示大","0","10","10"
"预示国","0","10","10"
"告诉王","0","10","10"
"等人被","0","10","10"
"示天子","0","10","10"
"彗星在","0","10","10"
"表朝廷","0","10","10"
"现于北","0","10","10"
"后又被","0","10","10"
"当时三","0","10","10"
"的警戒","0","10","10"
"气横贯","0","10","10"
"辞与前","0","10","10"
"星犯右","0","10","10"
"而请求","0","10","10"
"全部归","0","10","10"
"家不安","0","10","10"
"泣的事","0","10","10"
"次侵犯","0","10","10"
"事情被","0","10","10"
"方战争","0","10","10"
"举荐他","0","10","10"
"大略说","0","10","10"
"凤凰出","0","10","10"
"凰出现","0","10","10"
"得到同","0","10","10"
"立起来","0","10","10"
"见他的","0","10","10"
"布诏令","0","10","10"
"戊辰日","0","10","10"
"忽然有","0","10","10"
"父老乡","0","10","10"
"老乡亲","0","10","10"
"歌谣说","0","10","10"
"话告诉","0","10","10"
"不离开","0","10","10"
"河南的","0","10","10"
"青龙出","0","10","10"
"甲辰日","0","10","10"
"癸酉日","0","10","10"
"吉祥物","0","10","10"
"淮南的","0","10","10"
"和初年","0","10","10"
"的宅第","0","10","10"
"个意思","0","10","10"
"的福气","0","10","10"
"还很多","0","10","10"
"进攻京","0","10","10"
"人虽然","0","10","10"
"参加宴","0","10","10"
"的庄稼","0","10","10"
"是军队","0","10","10"
"己的地","0","10","10"
"时候便","0","10","10"
"帝于是","0","10","10"
"次进攻","0","10","10"
"占卜的","0","10","10"
"派人对","0","10","10"
"你们这","0","10","10"
"叛朝廷","0","10","10"
"人们称","0","10","10"
"这年夏","0","10","10"
"病情加","0","10","10"
"事情败","0","10","10"
"情败露","0","10","10"
"我不是","0","10","10"
"这二人","0","10","10"
"其党羽","0","10","10"
"发生叛","0","10","10"
"的惩戒","0","10","10"
"兵抵御","0","10","10"
"中勾结","0","10","10"
"能听到","0","10","10"
"军到了","0","10","10"
"也是一","0","10","10"
"并杀死","0","10","10"
"世代为","0","10","10"
"当时一","0","10","10"
"分愤怒","0","10","10"
"于是才","0","10","10"
"不久张","0","10","10"
"们应当","0","10","10"
"到的地","0","10","10"
"长江的","0","10","10"
"有三县","0","10","10"
"记载隶","0","10","10"
"载隶属","0","10","10"
"的后人","0","10","10"
"加以改","0","10","10"
"升为尚","0","10","10"
"一向不","0","10","10"
"些东西","0","10","10"
"一丝一","0","10","10"
"丝一毫","0","10","10"
"给他加","0","10","10"
"问他为","0","10","10"
"他为什","0","10","10"
"这个消","0","10","10"
"个消息","0","10","10"
"正碰上","0","10","10"
"官员到","0","10","10"
"祖非常","0","10","10"
"更加愤","0","10","10"
"加愤怒","0","10","10"
"是开国","0","10","10"
"想杀掉","0","10","10"
"人劝他","0","10","10"
"等人一","0","10","10"
"中可以","0","10","10"
"帝非常","0","10","10"
"信任他","0","10","10"
"这个任","0","10","10"
"夜兼程","0","10","10"
"被魏人","0","10","10"
"享年七","0","10","10"
"展开激","0","10","10"
"左卫帅","0","10","10"
"六个儿","0","10","10"
"打算在","0","10","10"
"里没有","0","10","10"
"怨恨他","0","10","10"
"这个建","0","10","10"
"能干的","0","10","10"
"人的事","0","10","10"
"的处罚","0","10","10"
"的权威","0","10","10"
"的不过","0","10","10"
"法行为","0","10","10"
"人的罪","0","10","10"
"的曾祖","0","10","10"
"只是不","0","10","10"
"百骑兵","0","10","10"
"是北方","0","10","10"
"没成功","0","10","10"
"敌使者","0","10","10"
"跋焘又","0","10","10"
"关闭城","0","10","10"
"率领十","0","10","10"
"用兵打","0","10","10"
"时间一","0","10","10"
"非常赞","0","10","10"
"义宣的","0","10","10"
"廷召他","0","10","10"
"他出任","0","10","10"
"没有归","0","10","10"
"不到的","0","10","10"
"他的恩","0","10","10"
"让他以","0","10","10"
"臣商议","0","10","10"
"因为议","0","10","10"
"为议论","0","10","10"
"供给军","0","10","10"
"宰相大","0","10","10"
"不是陛","0","10","10"
"他的住","0","10","10"
"辞谢了","0","10","10"
"有一句","0","10","10"
"到此时","0","10","10"
"的念头","0","10","10"
"只有王","0","10","10"
"升任中","0","10","10"
"对他不","0","10","10"
"保护皇","0","10","10"
"家境贫","0","10","10"
"如果真","0","10","10"
"为他有","0","10","10"
"的道义","0","10","10"
"经死了","0","10","10"
"不适合","0","10","10"
"从这里","0","10","10"
"朝廷商","0","10","10"
"别派遣","0","10","10"
"百姓大","0","10","10"
"兵前来","0","10","10"
"兵来到","0","10","10"
"征召为","0","10","10"
"朝廷免","0","10","10"
"质等人","0","10","10"
"没有死","0","10","10"
"在狱中","0","10","10"
"军队作","0","10","10"
"他回去","0","10","10"
"以让他","0","10","10"
"应当与","0","10","10"
"了一半","0","10","10"
"邵杀文","0","10","10"
"力攻击","0","10","10"
"下军队","0","10","10"
"次派人","0","10","10"
"送粮食","0","10","10"
"敌人进","0","10","10"
"方叛军","0","10","10"
"下将领","0","10","10"
"兵攻击","0","10","10"
"众将领","0","10","10"
"西百姓","0","10","10"
"的物资","0","10","10"
"任命书","0","10","10"
"家里的","0","10","10"
"不能实","0","10","10"
"的人和","0","10","10"
"被贬出","0","10","10"
"升任左","0","10","10"
"有它们","0","10","10"
"廷商议","0","10","10"
"赏罚的","0","10","10"
"到一千","0","10","10"
"以依靠","0","10","10"
"对我们","0","10","10"
"应当从","0","10","10"
"的州郡","0","10","10"
"部废除","0","10","10"
"什么人","0","10","10"
"升为给","0","10","10"
"了以后","0","10","10"
"上皇位","0","10","10"
"定人心","0","10","10"
"袁岂页","0","10","10"
"部队到","0","10","10"
"个骑兵","0","10","10"
"准备杀","0","10","10"
"上表推","0","10","10"
"敌人交","0","10","10"
"出发时","0","10","10"
"敌人已","0","10","10"
"感叹说","0","10","10"
"骑兵突","0","10","10"
"你为什","0","10","10"
"被围困","0","10","10"
"今天应","0","10","10"
"儿子李","0","10","10"
"我今天","0","10","10"
"符合皇","0","10","10"
"万人的","0","10","10"
"王圭的","0","10","10"
"兵占据","0","10","10"
"朝廷同","0","10","10"
"廷同意","0","10","10"
"靠近城","0","10","10"
"书信给","0","10","10"
"他们加","0","10","10"
"又派他","0","10","10"
"在里面","0","10","10"
"包围了","0","10","10"
"请求与","0","10","10"
"廷使者","0","10","10"
"请求召","0","10","10"
"杀敌人","0","10","10"
"亲自督","0","10","10"
"集起来","0","10","10"
"天傍晚","0","10","10"
"十年的","0","10","10"
"只有李","0","10","10"
"以抵挡","0","10","10"
"被改任","0","10","10"
"篇文章","0","10","10"
"得到不","0","10","10"
"后周显","0","10","10"
"征讨李","0","10","10"
"赐给南","0","10","10"
"打败李","0","10","10"
"今年的","0","10","10"
"们的请","0","10","10"
"上殿处","0","10","10"
"到相国","0","10","10"
"到国子","0","10","10"
"诏令文","0","10","10"
"北各州","0","10","10"
"下诏百","0","10","10"
"殿设宴","0","10","10"
"诏命令","0","10","10"
"使臣贩","0","10","10"
"西各州","0","10","10"
"县决口","0","10","10"
"坏百姓","0","10","10"
"的人而","0","10","10"
"早灾害","0","10","10"
"去枢密","0","10","10"
"彬等人","0","10","10"
"曹彬在","0","10","10"
"州拖欠","0","10","10"
"除一年","0","10","10"
"拖欠赋","0","10","10"
"欠赋税","0","10","10"
"为法令","0","10","10"
"宗答应","0","10","10"
"臣们到","0","10","10"
"遇到赦","0","10","10"
"段黄河","0","10","10"
"清澈见","0","10","10"
"澈见底","0","10","10"
"各州军","0","10","10"
"请求封","0","10","10"
"使臣视","0","10","10"
"臣视察","0","10","10"
"诏令罢","0","10","10"
"侵犯房","0","10","10"
"替他们","0","10","10"
"答皇帝","0","10","10"
"禁止两","0","10","10"
"生大火","0","10","10"
"诏令免","0","10","10"
"久诏令","0","10","10"
"宗多次","0","10","10"
"以贩济","0","10","10"
"仓贩济","0","10","10"
"到崇政","0","10","10"
"下诏允","0","10","10"
"真宗的","0","10","10"
"降木冰","0","10","10"
"给有关","0","10","10"
"真宗到","0","10","10"
"下诏王","0","10","10"
"恤慰问","0","10","10"
"录用唐","0","10","10"
"翱宫探","0","10","10"
"下诏张","0","10","10"
"等分别","0","10","10"
"一天晚","0","10","10"
"接受大","0","10","10"
"受大臣","0","10","10"
"路铃辖","0","10","10"
"到行宫","0","10","10"
"分别举","0","10","10"
"贩济京","0","10","10"
"令从今","0","10","10"
"侍奉皇","0","10","10"
"进升一","0","10","10"
"回访契","0","10","10"
"访契丹","0","10","10"
"在南京","0","10","10"
"招募百","0","10","10"
"募百姓","0","10","10"
"官请求","0","10","10"
"官府为","0","10","10"
"朝政缺","0","10","10"
"令他为","0","10","10"
"饶州知","0","10","10"
"军士兵","0","10","10"
"庆殿接","0","10","10"
"国颁布","0","10","10"
"谋叛乱","0","10","10"
"将领率","0","10","10"
"任命胡","0","10","10"
"增加岁","0","10","10"
"加岁币","0","10","10"
"任秦州","0","10","10"
"四次上","0","10","10"
"到迩英","0","10","10"
"为此感","0","10","10"
"在外的","0","10","10"
"地区发","0","10","10"
"命令沿","0","10","10"
"加恩惠","0","10","10"
"策试进","0","10","10"
"人叛乱","0","10","10"
"在垂拱","0","10","10"
"祭祀昊","0","10","10"
"家大计","0","10","10"
"太阳旁","0","10","10"
"起事端","0","10","10"
"得到允","0","10","10"
"拒绝他","0","10","10"
"进行贩","0","10","10"
"因收复","0","10","10"
"报告金","0","10","10"
"阎门事","0","10","10"
"答应割","0","10","10"
"廷上书","0","10","10"
"朝请求","0","10","10"
"奖赏他","0","10","10"
"自提拔","0","10","10"
"书的人","0","10","10"
"到命令","0","10","10"
"宗泽派","0","10","10"
"队隶属","0","10","10"
"恢复失","0","10","10"
"任命朱","0","10","10"
"颐浩到","0","10","10"
"浚命令","0","10","10"
"张浚从","0","10","10"
"庐州知","0","10","10"
"金朝使","0","10","10"
"世派遣","0","10","10"
"给韩世","0","10","10"
"金军再","0","10","10"
"楚州知","0","10","10"
"军队屯","0","10","10"
"恐怕他","0","10","10"
"提拔任","0","10","10"
"来供给","0","10","10"
"消息后","0","10","10"
"安府发","0","10","10"
"贼全部","0","10","10"
"上奏论","0","10","10"
"金军相","0","10","10"
"有答复","0","10","10"
"令杨沂","0","10","10"
"接连上","0","10","10"
"军队前","0","10","10"
"答应归","0","10","10"
"审讯他","0","10","10"
"秦桧开","0","10","10"
"的兵卒","0","10","10"
"有结果","0","10","10"
"又推辞","0","10","10"
"此请求","0","10","10"
"下诏整","0","10","10"
"诏令推","0","10","10"
"令推举","0","10","10"
"文请求","0","10","10"
"分给他","0","10","10"
"到回音","0","10","10"
"以防止","0","10","10"
"是担心","0","10","10"
"能实行","0","10","10"
"理在押","0","10","10"
"秀王赵","0","10","10"
"任其子","0","10","10"
"令他到","0","10","10"
"为榜样","0","10","10"
"家政事","0","10","10"
"诏史篙","0","10","10"
"职归田","0","10","10"
"执政待","0","10","10"
"政待遇","0","10","10"
"求罢官","0","10","10"
"都听从","0","10","10"
"臣共同","0","10","10"
"不能没","0","10","10"
"就容易","0","10","10"
"熙宁年","0","10","10"
"季夏季","0","10","10"
"晋书;","0","10","10"
"说主管","0","10","10"
"色赤红","0","10","10"
"有土木","0","10","10"
"的上星","0","10","10"
"属于柳","0","10","10"
"丧失土","0","10","10"
"侵犯它","0","10","10"
"不载录","0","10","10"
"的一方","0","10","10"
"是水土","0","10","10"
"有水土","0","10","10"
"么军队","0","10","10"
"那么王","0","10","10"
"来进去","0","10","10"
"入此星","0","10","10"
"边区战","0","10","10"
"毕宿口","0","10","10"
"急情况","0","10","10"
"赠谥号","0","10","10"
"问他说","0","10","10"
"改谥号","0","10","10"
"自称是","0","10","10"
"任节度","0","10","10"
"听任他","0","10","10"
"先知道","0","10","10"
"李全在","0","10","10"
"善等人","0","10","10"
"不久授","0","10","10"
"次任宰","0","10","10"
"立即派","0","10","10"
"独自决","0","10","10"
"升为兵","0","10","10"
"为首的","0","10","10"
"他为枢","0","10","10"
"危险了","0","10","10"
"升任兵","0","10","10"
"任许州","0","10","10"
"许州知","0","10","10"
"秘密上","0","10","10"
"钱亻叔","0","10","10"
"得到安","0","10","10"
"议论政","0","10","10"
"议事者","0","10","10"
"阻止他","0","10","10"
"任邓州","0","10","10"
"升任起","0","10","10"
"能使他","0","10","10"
"升为户","0","10","10"
"升任给","0","10","10"
"廷讨论","0","10","10"
"逢朝廷","0","10","10"
"请求外","0","10","10"
"官的身","0","10","10"
"拔他为","0","10","10"
"举入侵","0","10","10"
"细小的","0","10","10"
"的愚见","0","10","10"
"打算用","0","10","10"
"付给他","0","10","10"
"派宦官","0","10","10"
"口角厮","0","10","10"
"圣初年","0","10","10"
"破敌人","0","10","10"
"他被提","0","10","10"
"任知枢","0","10","10"
"州太守","0","10","10"
"日益增","0","10","10"
"制的身","0","10","10"
"安危的","0","10","10"
"制敌人","0","10","10"
"升为著","0","10","10"
"任提点","0","10","10"
"终于没","0","10","10"
"们两人","0","10","10"
"又担心","0","10","10"
"言事的","0","10","10"
"其他州","0","10","10"
"李迪说","0","10","10"
"皇上赠","0","10","10"
"李焘说","0","10","10"
"荐给朝","0","10","10"
"请求管","0","10","10"
"求管理","0","10","10"
"拔重用","0","10","10"
"婺州知","0","10","10"
"允文说","0","10","10"
"十朋为","0","10","10"
"首先说","0","10","10"
"绍兴年","0","10","10"
"弹劾李","0","10","10"
"的货物","0","10","10"
"下不要","0","10","10"
"加以阻","0","10","10"
"二件事","0","10","10"
"孝宗听","0","10","10"
"丘宗山","0","10","10"
"上奏书","0","10","10"
"他为少","0","10","10"
"到汴京","0","10","10"
"任浙东","0","10","10"
"光祖被","0","10","10"
"去救援","0","10","10"
"轮次奏","0","10","10"
"红巾军","0","10","10"
"王火龠","0","10","10"
"孟珙派","0","10","10"
"赵葵率","0","10","10"
"同金讲","0","10","10"
"朝廷拜","0","10","10"
"自他的","0","10","10"
"朱面力","0","10","10"
"侂胄的","0","10","10"
"蔡确说","0","10","10"
"宗泽说","0","10","10"
"秦桧又","0","10","10"
"刘锜说","0","10","10"
"对秦桧","0","10","10"
"俊卿上","0","10","10"
