"N-gram","宋史原文","宋史翻译","Total"
"枢密院事","565","581","1146"
"军节度使","474","514","988"
"参知政事","480","499","979"
"知枢密院","378","387","765"
"年春正月","326","305","631"
"二十七日","7","595","602"
"二十一日","9","584","593"
"二十四日","8","573","581"
"二十二日","2","550","552"
"二十三日","4","533","537"
"二十八日","4","528","532"
"二十六日","2","497","499"
"二十五日","6","483","489"
"翰林学士","223","227","450"
"书枢密院","216","218","434"
"签书枢密","214","216","430"
"殿大学士","211","215","426"
"同知枢密","209","210","419"
"二十九日","9","407","416"
"元嘉二十","193","216","409"
"仪同三司","193","195","388"
"开府仪同","191","192","383"
"府仪同三","191","192","383"
"御史中丞","191","150","341"
"中书舍人","161","168","329"
"豫州刺史","155","160","315"
"年十一月","155","155","310"
"光禄大夫","149","152","301"
"中书门下","147","151","298"
"谏议大夫","146","151","297"
"吏部尚书","141","144","285"
"徐州刺史","142","140","282"
"监察御史","140","141","281"
"派遣使臣","0","278","278"
"年十二月","137","138","275"
"中书侍郎","137","137","274"
"部员外郎","134","139","273"
"太平兴国","104","154","258"
"上报朝廷","0","255","255"
"资政殿学","125","125","250"
"明殿学士","124","125","249"
"政殿学士","124","125","249"
"被任命为","0","245","245"
"端明殿学","122","122","244"
"都指挥使","119","122","241"
"枢密副使","118","123","241"
"阁直学士","118","116","234"
"同中书门","116","116","232"
"书门下平","116","116","232"
"门下平章","116","116","232"
"下平章事","116","116","232"
"州观察使","111","112","223"
"观文殿大","110","111","221"
"文殿大学","110","111","221"
"州团练使","109","111","220"
"十一月初","0","220","220"
"春正月初","0","219","219"
"荆州刺史","106","111","217"
"十二月初","0","215","215"
"辅国将军","105","109","214"
"提点刑狱","98","110","208"
"为参知政","26","181","207"
"夏四月初","0","207","207"
"秋七月初","0","202","202"
"太皇太后","96","103","199"
"门下侍郎","96","100","196"
"冬十月初","0","194","194"
"扬州刺史","93","100","193"
"雍州刺史","96","96","192"
"州防御使","100","92","192"
"他的儿子","0","192","192"
"文帝元嘉","93","97","190"
"尚书右仆","93","95","188"
"书右仆射","92","95","187"
"为尚书右","84","101","185"
"二州刺史","95","90","185"
"献上朝廷","0","184","184"
"户部侍郎","90","93","183"
"兼枢密使","90","86","176"
"有关部门","0","176","176"
"江州刺史","88","85","173"
"右谏议大","85","87","172"
"晋武帝太","87","84","171"
"吏部侍郎","83","85","168"
"尚书左仆","82","82","164"
"书左仆射","82","82","164"
"为尚书左","75","86","161"
"武帝太康","82","79","161"
"工部侍郎","78","80","158"
"散骑常侍","77","79","156"
"战争发生","0","156","156"
"希望陛下","0","155","155"
"太白昼见","153","0","153"
"礼部侍郎","76","77","153"
"宁朔将军","75","75","150"
"二年正月","65","85","150"
"殿中侍御","74","76","150"
"中侍御史","74","76","150"
"正月初一","0","149","149"
"转运判官","73","74","147"
"四川宣抚","71","74","145"
"白天出现","0","145","145"
"州刺史刘","70","74","144"
"龙骧将军","69","70","139"
"宁军节度","69","70","139"
"同平章事","69","70","139"
"为枢密使","66","73","139"
"大赦天下","64","72","136"
"冠军将军","63","72","135"
"考中进士","0","134","134"
"兗州刺史","130","3","133"
"护军将军","64","69","133"
"兖州刺史","0","132","132"
"二月初一","0","132","132"
"任命他为","0","132","132"
"没有什么","0","131","131"
"即皇帝位","34","96","130"
"尚书左丞","87","42","129"
"礼部尚书","62","66","128"
"州团练副","63","64","127"
"团练副使","62","65","127"
"月十一日","3","124","127"
"著作佐郎","62","64","126"
"起居舍人","63","63","126"
"为枢密副","60","65","125"
"星白天出","0","125","125"
"资政殿大","61","63","124"
"政殿大学","61","63","124"
"密院事兼","62","62","124"
"为观文殿","40","83","123"
"兵部侍郎","59","64","123"
"国军节度","61","61","122"
"节度副使","62","60","122"
"安抚制置","59","63","122"
"贺金主生","61","61","122"
"甘露降临","0","122","122"
"武军节度","61","60","121"
"军承宣使","61","60","121"
"兵部尚书","59","60","119"
"四川制置","61","58","119"
"为资政殿","39","79","118"
"抚军将军","56","60","116"
"湘州刺史","59","57","116"
"散骑侍郎","58","57","115"
"太白星白","0","115","115"
"白星白天","0","115","115"
"囚犯罪状","0","113","113"
"三年正月","54","57","111"
"信军节度","56","55","111"
"军节度副","56","55","111"
"镇军将军","52","57","109"
"户部尚书","54","55","109"
"员外散骑","55","53","108"
"南徐州刺","55","53","108"
"工部尚书","54","54","108"
"为开府仪","37","71","108"
"转运副使","52","56","108"
"卫大将军","53","54","107"
"观文殿学","53","54","107"
"文殿学士","53","54","107"
"派遣使者","0","107","107"
"宋文帝元","53","53","106"
"领军将军","51","54","105"
"元年春正","52","53","105"
"出使金国","0","105","105"
"泰始二年","52","52","104"
"为同知枢","0","104","104"
"南豫州刺","48","55","103"
"元年正月","52","51","103"
"相兼枢密","53","50","103"
"二年春正","54","49","103"
"日有食之","103","0","103"
"三年春正","53","49","102"
"皇上下诏","0","102","102"
"江夏王义","74","27","101"
"夏王义恭","74","27","101"
"大中祥符","42","59","101"
"没有得到","0","101","101"
"荧惑星侵","0","101","101"
"惑星侵犯","0","101","101"
"州刺史王","49","51","100"
"益州刺史","50","50","100"
"卫上将军","51","49","100"
"朝廷内外","0","100","100"
"为签书枢","2","97","99"
"骑大将军","48","50","98"
"二十五年","49","49","98"
"彗星出现","0","98","98"
"青州刺史","51","46","97"
"黄门侍郎","48","49","97"
"军都统制","49","48","97"
"为翰林学","49","48","97"
"二年二月","42","54","96"
"大明元年","49","47","96"
"武帝大明","40","56","96"
"为皇太子","41","55","96"
"月十二日","1","95","96"
"处理政事","0","96","96"
"元年四月","48","47","95"
"二年六月","47","48","95"
"孝武帝大","40","55","95"
"中兵参军","45","50","95"
"直学士院","48","47","95"
"天象预示","0","94","94"
"遣使臣来","0","94","94"
"广州刺史","43","50","93"
"金国派遣","0","93","93"
"元年五月","46","46","92"
"晋成帝咸","47","45","92"
"德军节度","45","47","92"
"枢密直学","45","47","92"
"文阁待制","46","46","92"
"月十三日","3","89","92"
"密直学士","44","47","91"
"同签书枢","47","44","91"
"太学博士","47","44","91"
"州诸军事","48","42","90"
"发生火灾","0","90","90"
"尚书仆射","42","47","89"
"直龙图阁","45","44","89"
"从今以后","0","89","89"
"尚书右丞","63","25","88"
"龙图阁直","44","43","87"
"图阁直学","44","43","87"
"外散骑侍","44","42","86"
"元年十二","43","43","86"
"为中书侍","39","47","86"
"章阁待制","43","43","86"
"路转运使","39","47","86"
"制置副使","42","43","85"
"太常少卿","43","42","85"
"四年春正","43","41","84"
"征虏将军","41","42","83"
"二十四年","41","42","83"
"四年正月","40","43","83"
"刑部侍郎","39","44","83"
"皇帝下诏","0","83","83"
"车骑将军","40","42","82"
"兼参知政","44","38","82"
"为端明殿","19","62","81"
"发生地震","0","81","81"
"南兖州刺","0","81","81"
"左光禄大","40","40","80"
"检校少保","41","39","80"
"醴泉观使","55","25","80"
"为知枢密","2","78","80"
"发生大水","0","80","80"
"月亮侵犯","0","80","80"
"右卫将军","39","40","79"
"二郡太守","40","39","79"
"木连理生","75","4","79"
"二十一年","40","39","79"
"文馆大学","39","40","79"
"馆大学士","39","40","79"
"经略安抚","41","38","79"
"这种情况","0","79","79"
"率领军队","0","79","79"
"南兗州刺","77","1","78"
"集贤殿大","39","39","78"
"贤殿大学","39","39","78"
"路安抚使","36","42","78"
"文武百官","6","72","78"
"他的意见","0","78","78"
"宗即位后","0","78","78"
"五月初一","0","78","78"
"分野地区","0","78","78"
"十一月十","6","71","77"
"二年五月","36","41","77"
"太康元年","38","39","77"
"昭文馆大","38","39","77"
"抚制置使","38","39","77"
"制置大使","39","38","77"
"二月初二","0","77","77"
"二年四月","37","39","76"
"刑部尚书","38","38","76"
"礼部进士","37","39","76"
"太祖下诏","0","76","76"
"重新设置","0","76","76"
"有木连理","3","72","75"
"元年七月","38","37","75"
"谘议参军","34","41","75"
"二十三年","37","38","75"
"金军攻陷","0","75","75"
"云气进入","0","75","75"
"司州刺史","37","37","74"
"郢州刺史","37","37","74"
"部侍郎兼","37","37","74"
"二月二十","7","67","74"
"日有蚀之","74","0","74"
"安帝义熙","37","36","73"
"三年三月","36","37","73"
"安定郡王","37","36","73"
"月十四日","4","69","73"
"执政大臣","7","66","73"
"冀州刺史","35","37","72"
"交州刺史","35","37","72"
"十一月癸","52","20","72"
"二十二年","36","36","72"
"五年五月","36","36","72"
"晋孝武帝","30","42","72"
"兼中书侍","36","36","72"
"月十五日","6","66","72"
"可以担任","0","72","72"
"以下释放","0","72","72"
"遣使献方","71","0","71"
"使献方物","71","0","71"
"骠骑将军","30","41","71"
"远军节度","36","35","71"
"武帝泰始","36","34","70"
"三年四月","35","35","70"
"侍卫马军","35","35","70"
"赐礼部进","38","32","70"
"川宣抚使","33","37","70"
"月十八日","5","65","70"
"龙图阁学","35","35","70"
"图阁学士","35","35","70"
"太上皇后","33","36","69"
"玉清昭应","34","35","69"
"太常博士","35","34","69"
"金紫光禄","35","34","69"
"紫光禄大","35","34","69"
"朝廷命令","1","68","69"
"记录囚犯","0","69","69"
"刑以下释","0","69","69"
"月十六日","9","59","68"
"明帝泰始","35","33","68"
"元年二月","34","34","68"
"元年八月","34","34","68"
"司马休之","26","42","68"
"大明五年","33","35","68"
"惠帝元康","34","34","68"
"大明七年","34","34","68"
"为门下侍","32","36","68"
"以资政殿","46","22","68"
"清昭应宫","33","35","68"
"大理评事","35","33","68"
"左谏议大","34","34","68"
"祈祷降雨","0","68","68"
"六月初一","0","68","68"
"晋武帝泰","34","33","67"
"后废帝元","35","32","67"
"废帝元徽","35","32","67"
"修起居注","33","34","67"
"秘书少监","34","33","67"
"主有忧患","0","67","67"
"二十七年","33","33","66"
"骠骑大将","32","34","66"
"征西将军","26","40","66"
"安西将军","32","34","66"
"五年正月","31","35","66"
"晋惠帝元","33","33","66"
"元年十月","34","32","66"
"厢都指挥","33","33","66"
"沿江制置","33","33","66"
"丞相兼枢","51","15","66"
"带御器械","33","33","66"
"以下释之","66","0","66"
"录囚犯罪","0","66","66"
"八月初一","0","66","66"
"十月初一","0","66","66"
"打败金军","0","66","66"
"中军将军","31","34","65"
"左卫将军","33","32","65"
"徽猷阁待","41","24","65"
"猷阁待制","41","24","65"
"为皇太后","28","37","65"
"进士出身","32","33","65"
"囚罪一等","63","2","65"
"生大水灾","0","65","65"
"祝贺金主","0","65","65"
"太子詹事","31","33","64"
"二十六年","32","32","64"
"权参知政","59","5","64"
"流星大如","37","27","64"
"大如太白","33","31","64"
"主事官员","0","64","64"
"孝建元年","32","31","63"
"为给事中","21","42","63"
"提举常平","31","32","63"
"月二十一","5","58","63"
"月十七日","1","62","63"
"明年正旦","63","0","63"
"三月初一","0","63","63"
"客星侵犯","0","63","63"
"平西将军","30","32","62"
"三年二月","30","32","62"
"知开封府","36","26","62"
"右仆射兼","31","31","62"
"平章事兼","31","31","62"
"太上皇帝","30","32","62"
"使兼侍读","31","31","62"
"建威将军","29","33","62"
"集英殿修","33","29","62"
"英殿修撰","33","29","62"
"川制置使","31","31","62"
"金主生辰","61","1","62"
"星出现于","0","62","62"
"御史中承","0","62","62"
"四月初一","0","62","62"
"四年七月","31","30","61"
"兼门下侍","32","29","61"
"东京留守","28","33","61"
"西制置使","29","32","61"
"宣抚副使","29","32","61"
"录事参军","31","30","61"
"五年春正","33","28","61"
"贺明年正","61","0","61"
"将有战争","0","61","61"
"国派遣使","0","61","61"
"使者来进","0","61","61"
"进献特产","0","61","61"
"来祝贺明","0","61","61"
"祝贺明年","0","61","61"
"等来祝贺","0","61","61"
"终年六十","0","61","61"
"二年三月","29","31","60"
"秦二州刺","31","29","60"
"十二月戊","44","16","60"
"二年十月","29","31","60"
"三年七月","30","30","60"
"晋惠帝永","31","29","60"
"元年六月","30","30","60"
"元帝太兴","31","29","60"
"太康地志","28","32","60"
"都转运使","30","30","60"
"院编修官","30","30","60"
"来贺明年","60","0","60"
"上表请求","0","60","60"
"一月初一","0","60","60"
"讯问记录","0","60","60"
"贺明年新","0","60","60"
"明年新春","0","60","60"
"金主生日","0","60","60"
"彗星侵犯","0","60","60"
"晋安帝义","29","30","59"
"三年五月","29","30","59"
"嘉二十五","29","30","59"
"军都指挥","29","30","59"
"学士承旨","29","30","59"
"化军节度","29","30","59"
"氏为皇后","27","32","59"
"十二月十","3","56","59"
"有流星大","33","26","59"
"使金贺正","59","0","59"
"金贺正旦","59","0","59"
"是国家的","0","59","59"
"献给朝廷","0","59","59"
"派使者来","0","59","59"
"帝太康元","29","29","58"
"庆军节度","29","29","58"
"秘阁修撰","28","30","58"
"提举洞霄","29","29","58"
"举洞霄宫","29","29","58"
"史馆修撰","29","29","58"
"观使兼侍","29","29","58"
"十一月戊","47","11","58"
"章帝元和","30","28","58"
"集贤校理","30","28","58"
"祭祀天地","0","58","58"
"人来祝贺","0","58","58"
"吴兴太守","29","28","57"
"元年三月","29","28","57"
"成帝咸和","30","27","57"
"海军节度","27","30","57"
"川宣抚司","29","28","57"
"幸玉津园","57","0","57"
"重新起用","0","57","57"
"者来进献","0","57","57"
"来进献特","0","57","57"
"太祖亲临","0","57","57"
"建安王休","37","19","56"
"十二月甲","44","12","56"
"五年七月","28","28","56"
"晋太康地","25","31","56"
"福建安抚","28","28","56"
"平兴国宫","28","28","56"
"乾象新书","56","0","56"
"月二十四","6","50","56"
"月十九日","2","54","56"
"太子中允","27","29","56"
"很长时间","0","56","56"
"他的父亲","0","56","56"
"太白星侵","0","56","56"
"白星侵犯","0","56","56"
"征北将军","28","27","55"
"安王休仁","36","19","55"
"太康二年","28","27","55"
"帝元嘉十","27","28","55"
"崇政殿说","28","27","55"
"政殿说书","28","27","55"
"进士及第","21","34","55"
"绍兴二十","11","44","55"
"这天象预","0","55","55"
"干象新书","0","55","55"
"始兴王浚","45","9","54"
"冀二州刺","28","26","54"
"文帝黄初","30","24","54"
"十二月丙","43","11","54"
"嘉二十四","26","28","54"
"十一月乙","40","14","54"
"宣徽南院","26","28","54"
"徽南院使","26","28","54"
"兼权参知","50","4","54"
"泉观使兼","27","27","54"
"汉章帝元","28","26","54"
"入太微垣","12","42","54"
"就会出现","0","54","54"
"朝廷任命","0","54","54"
"弃城逃走","0","54","54"
"秋七月十","0","54","54"
"臣有忧患","0","54","54"
"二年八月","26","27","53"
"嘉二十二","25","28","53"
"大明三年","24","29","53"
"三年六月","27","26","53"
"国长公主","25","28","53"
"奏名进士","26","27","53"
"康军节度","27","26","53"
"知政事兼","27","26","53"
"江州太平","26","27","53"
"十一月己","43","10","53"
"制置使兼","28","25","53"
"为御史中","23","30","53"
"秘书省正","26","27","53"
"书省正字","26","27","53"
"豫章郡公","1","52","53"
"宗庙祭祀","1","52","53"
"露降临于","0","53","53"
"上奏请求","0","53","53"
"九月初一","0","53","53"
"等人来祝","0","53","53"
"二年七月","26","26","52"
"南秦二州","28","24","52"
"西大将军","25","27","52"
"州刺史南","29","23","52"
"三年九月","26","26","52"
"五年六月","26","26","52"
"十二月己","40","12","52"
"四年五月","26","26","52"
"帝元嘉二","26","26","52"
"仆射兼中","26","26","52"
"射兼中书","26","26","52"
"刘光世为","17","35","52"
"沿海制置","26","26","52"
"为检校少","11","41","52"
"江西安抚","26","26","52"
"保宁军节","26","26","52"
"赞善大夫","26","26","52"
"兵马都监","26","26","52"
"他的弟弟","0","52","52"
"为广州刺","27","24","51"
"三年十一","26","25","51"
"十一月庚","39","12","51"
"六年正月","25","26","51"
"二十八年","24","27","51"
"枢密都承","26","25","51"
"密都承旨","26","25","51"
"礼部奏名","25","26","51"
"永元铜仪","27","24","51"
"直集贤院","26","25","51"
"真宗即位","29","22","51"
"六年春正","26","25","51"
"官员上奏","0","51","51"
"举行祭祀","0","51","51"
"下诏各路","0","51","51"
"彭城王义","40","10","50"
"城王义康","40","10","50"
"二年十一","26","24","50"
"晋愍帝建","26","24","50"
"孝武帝太","22","28","50"
"武帝太元","22","28","50"
"十二月壬","39","11","50"
"路宣抚使","24","26","50"
"兼同知枢","28","22","50"
"崇信军节","25","25","50"
"十二月乙","42","8","50"
"天章阁待","25","25","50"
"一百二十","15","35","50"
"侍读学士","24","26","50"
"母亲去世","0","50","50"
"江夏王刘","0","50","50"
"到玉津园","0","50","50"
"上疏请求","0","50","50"
"骁骑将军","23","26","49"
"成帝咸康","25","24","49"
"大明二年","24","25","49"
"为右仆射","14","35","49"
"以观文殿","31","18","49"
"龙图阁待","24","25","49"
"图阁待制","24","25","49"
"嘉二十三","24","25","49"
"贤良方正","24","25","49"
"知永兴军","28","21","49"
"七月初一","0","49","49"
"杖刑以下","0","49","49"
"二十九年","24","24","48"
"十一月辛","37","11","48"
"武帝咸宁","26","22","48"
"孝建三年","24","24","48"
"怀帝永嘉","24","24","48"
"马步军都","24","24","48"
"宣徽北院","24","24","48"
"司户参军","24","24","48"
"忠武军节","24","24","48"
"检校太尉","24","24","48"
"林学士承","24","24","48"
"兵马钤辖","31","17","48"
"提举江州","24","24","48"
"举江州太","24","24","48"
"三年八月","24","24","48"
"大臣有忧","3","45","48"
"文阁直学","24","24","48"
"大理寺丞","23","25","48"
"月二十二","1","47","48"
"于是请求","0","48","48"
"报告朝廷","0","48","48"
"二月初五","0","48","48"
"尚书左承","0","48","48"
"二月初三","0","48","48"
"冬十月十","0","48","48"
"星出现在","0","48","48"
"问记录囚","0","48","48"
"为豫州刺","26","21","47"
"十二月庚","40","7","47"
"永初郡国","23","24","47"
"部奏名进","23","24","47"
"西安抚使","19","28","47"
"安抚大使","23","24","47"
"二十八宿","24","23","47"
"吴郡太守","20","27","47"
"十一月丙","41","6","47"
"晋元帝太","24","23","47"
"预示将有","0","47","47"
"夏王刘义","0","47","47"
"王刘义恭","0","47","47"
"代理参知","0","47","47"
"理参知政","0","47","47"
"使臣来进","0","47","47"
"军将军刘","20","26","46"
"游击将军","22","24","46"
"从事中郎","23","23","46"
"魏文帝黄","25","21","46"
"四年三月","23","23","46"
"十一月丁","40","6","46"
"晋武帝咸","25","21","46"
"泰始元年","23","23","46"
"徽北院使","23","23","46"
"西安抚司","23","23","46"
"江东安抚","23","23","46"
"国子博士","23","23","46"
"右文殿修","23","23","46"
"文殿修撰","23","23","46"
"为监察御","18","28","46"
"等来贺明","46","0","46"
"贺会庆节","23","23","46"
"星大如太","24","22","46"
"少数民族","0","46","46"
"认为这是","0","46","46"
"流星侵犯","0","46","46"
"臣来进贡","0","46","46"
"流刑以下","0","46","46"
"六年二月","22","23","45"
"为雍州刺","26","19","45"
"为湘州刺","25","20","45"
"帝泰始二","23","22","45"
"元年九月","22","23","45"
"四年二月","24","21","45"
"元年十一","23","22","45"
"副都指挥","23","22","45"
"赐礼部奏","23","22","45"
"谟阁直学","26","19","45"
"春正月辛","44","1","45"
"右丞相兼","35","10","45"
"兵部员外","22","23","45"
"十一月壬","41","4","45"
"检校太傅","22","23","45"
"祀景灵宫","1","44","45"
"员上奏说","0","45","45"
"渡过淮河","0","45","45"
"祝贺新春","0","45","45"
"州刺史沈","23","21","44"
"年五月甲","22","22","44"
"诸葛长民","17","27","44"
"犯右执法","22","22","44"
"孝武帝孝","22","22","44"
"武帝孝建","22","22","44"
"刺史始兴","23","21","44"
"史始兴王","23","21","44"
"十一月甲","35","9","44"
"五年四月","22","22","44"
"十二月辛","36","8","44"
"年五月丁","22","22","44"
"殿前都虞","22","22","44"
"前都虞候","22","22","44"
"事兼枢密","22","22","44"
"兼直学士","22","22","44"
"为中书舍","9","35","44"
"湖南安抚","22","22","44"
"东安抚使","19","25","44"
"提举太平","22","22","44"
"国子祭酒","22","22","44"
"咨议参军","25","19","44"
"杂犯死罪","23","21","44"
"诏求直言","27","17","44"
"宣赞舍人","22","22","44"
"韩世忠为","15","29","44"
"提举万寿","23","21","44"
"举万寿观","23","21","44"
"有关官员","0","44","44"
"回到京城","0","44","44"
"尚书右承","0","44","44"
"赦免全国","0","44","44"
"祭祀景灵","0","44","44"
"它的分野","0","44","44"
"色云气进","0","44","44"
"南谯王义","32","11","43"
"谯王义宣","32","11","43"
"六年三月","21","22","43"
"大明四年","20","23","43"
"嘉二十六","20","23","43"
"马步军副","21","22","43"
"州镇抚使","17","26","43"
"为秘书省","17","26","43"
"建武将军","21","22","43"
"州刺史武","23","20","43"
"十二月二","5","38","43"
"太子太傅","21","22","43"
"遣使来贡","43","0","43"
"知绍兴府","28","15","43"
"一万多人","0","43","43"
"春正月十","0","43","43"
"鹿出现于","0","43","43"
"皇上诏令","0","43","43"
"以下囚犯","0","43","43"
"使金国祝","0","43","43"
"金国祝贺","0","43","43"
"占据此星","0","43","43"
"十二月丁","38","4","42"
"国遣使献","42","0","42"
"镇西将军","20","22","42"
"五年三月","21","21","42"
"五年十一","21","21","42"
"年正月丙","22","20","42"
"四年十月","21","21","42"
"兼知枢密","21","21","42"
"章事兼枢","21","21","42"
"南安抚使","19","23","42"
"太子宾客","21","21","42"
"春正月甲","40","2","42"
"中军统制","21","21","42"
"将作监丞","21","21","42"
"治理国家","0","42","42"
"自古以来","0","42","42"
"金星白天","0","42","42"
"任参知政","0","42","42"
"夏四月十","0","42","42"
"白鹿出现","0","42","42"
"请求朝廷","0","42","42"
"斩首示众","0","42","42"
"二月初四","0","42","42"
"终年五十","0","42","42"
"关押囚犯","0","42","42"
"宗即皇帝","0","42","42"
"阳王休范","24","17","41"
"三百六十","20","21","41"
"二年九月","21","20","41"
"永初三年","21","20","41"
"元嘉八年","20","21","41"
"安帝隆安","22","19","41"
"年五月癸","21","20","41"
"殿前都指","20","21","41"
"前都指挥","20","21","41"
"西宣抚使","20","21","41"
"四川安抚","22","19","41"
"院事兼参","21","20","41"
"事兼参知","21","20","41"
"总领财赋","20","21","41"
"为右丞相","32","9","41"
"建安抚使","20","21","41"
"欧阳守道","1","40","41"
"绍兴元年","20","21","41"
"离开朝廷","0","41","41"
"请求解除","0","41","41"
"兼代理参","0","41","41"
"君主有忧","0","41","41"
"于是命令","0","41","41"
"令有关部","0","41","41"
"桂阳王休","23","17","40"
"秋七月壬","40","0","40"
"十二月癸","36","4","40"
"三年十二","20","20","40"
"四年十一","20","20","40"
"高贵乡公","19","21","40"
"穆帝永和","21","19","40"
"安军节度","20","20","40"
"为户部侍","14","26","40"
"卫马军都","20","20","40"
"左仆射兼","20","20","40"
"监修国史","20","20","40"
"奉国军节","20","20","40"
"福州观察","20","20","40"
"湖北安抚","18","22","40"
"海制置使","20","20","40"
"知审官院","20","20","40"
"路转运判","19","21","40"
"宁远将军","19","21","40"
"刺史武陵","21","19","40"
"天下太平","7","33","40"
"避殿减膳","26","14","40"
"京湖制置","20","20","40"
"逆向运行","0","40","40"
"老百姓的","0","40","40"
"岁星侵犯","0","40","40"
"高兴地说","0","40","40"
"文武官员","0","40","40"
"国派使者","0","40","40"
"被提升为","0","40","40"
"等出使金","0","40","40"
"变星侵犯","0","40","40"
"终年七十","0","40","40"
"永初元年","20","19","39"
"为交州刺","20","19","39"
"镇北将军","19","20","39"
"晋安帝隆","20","19","39"
"州司户参","20","19","39"
"礼部贡举","19","20","39"
"川安抚制","21","18","39"
"淮东制置","20","19","39"
"诸军都统","24","15","39"
"孝宗即位","16","23","39"
"宗正少卿","19","20","39"
"四厢都指","20","19","39"
"集贤殿修","19","20","39"
"贤殿修撰","19","20","39"
"工部郎中","19","20","39"
"冬十月甲","38","1","39"
"春正月癸","39","0","39"
"史武陵王","21","18","39"
"十一月二","6","33","39"
"月二十五","5","34","39"
"钱二十万","22","17","39"
"钱三十万","22","17","39"
"兵部郎中","20","19","39"
"靖康元年","19","20","39"
"敷文阁待","20","19","39"
"登进士第","29","10","39"
"陛下即位","16","23","39"
"有这样的","0","39","39"
"为自己的","0","39","39"
"发生饥荒","0","39","39"
"祭祀太庙","0","39","39"
"渡过黄河","0","39","39"
"为领军将","18","20","38"
"南蛮校尉","18","20","38"
"录尚书事","16","22","38"
"夏四月癸","37","1","38"
"巴陵王休","21","17","38"
"陵王休若","21","17","38"
"州刺史张","19","19","38"
"元嘉三年","19","19","38"
"五年二月","18","20","38"
"四月二十","4","34","38"
"八年正月","17","21","38"
"记室参军","19","19","38"
"郡诸军事","21","17","38"
"都巡检使","19","19","38"
"一千五百","9","29","38"
"为益州刺","21","17","38"
"死罪以下","19","19","38"
"七年春正","20","18","38"
"十月二十","1","37","38"
"以为不可","36","2","38"
"陕西转运","18","20","38"
"贺天申节","19","19","38"
"犯太微垣","5","33","38"
"国家大事","1","37","38"
"的人很多","0","38","38"
"了他的意","0","38","38"
"处以死刑","0","38","38"
"了他们的","0","38","38"
"渡过长江","0","38","38"
"他的母亲","0","38","38"
"代的旧县","0","38","38"
"出使金朝","0","38","38"
"朝见高宗","0","38","38"
"的分野地","0","38","38"
"司马光说","0","38","38"
"振武将军","18","19","37"
"冬十一月","18","19","37"
"为南豫州","21","16","37"
"八年五月","18","19","37"
"犯左执法","18","19","37"
"元兴三年","19","18","37"
"州刺史始","20","17","37"
"太康三年","19","18","37"
"安抚副使","19","18","37"
"安北将军","18","19","37"
"右光禄大","18","19","37"
"立皇太子","14","23","37"
"太子太保","19","18","37"
"祀天地于","37","0","37"
"天地于圜","37","0","37"
"地于圜丘","37","0","37"
"西转运使","16","21","37"
"高宗即位","23","14","37"
"月二十日","1","36","37"
"如果不是","0","37","37"
"回到朝廷","0","37","37"
"自己的意","0","37","37"
"过了一年","0","37","37"
"圆丘祭祀","0","37","37"
"汉代的旧","0","37","37"
"于是任命","0","37","37"
"客星进入","0","37","37"
"厌恶这种","0","37","37"
"恶这种情","0","37","37"
"为徐州刺","19","17","36"
"征西大将","18","18","36"
"景初元年","20","16","36"
"武帝永初","18","18","36"
"孝建二年","18","18","36"
"四年六月","18","18","36"
"南平王铄","28","8","36"
"帝太康二","19","17","36"
"明帝太宁","18","18","36"
"侍卫步军","18","18","36"
"静军节度","18","18","36"
"秋七月辛","36","0","36"
"机宜文字","18","18","36"
"东宣抚使","18","18","36"
"开元游仪","21","15","36"
"度支判官","18","18","36"
"进士甲科","16","20","36"
"同修国史","20","16","36"
"太中大夫","18","18","36"
"七年正月","17","19","36"
"殿中将军","18","18","36"
"秋七月戊","36","0","36"
"尚书吏部","18","18","36"
"月二十三","1","35","36"
"内殿崇班","18","18","36"
"路提点刑","18","18","36"
"河北转运","18","18","36"
"合祭天地","11","25","36"
"这样的人","0","36","36"
"国家的大","0","36","36"
"为什么不","0","36","36"
"始兴王刘","0","36","36"
"任翰林学","0","36","36"
"雀出现于","0","36","36"
"国来进贡","0","36","36"
"溢出河道","0","36","36"
"一月初三","0","36","36"
"祝贺正旦","0","36","36"
"宁州刺史","18","17","35"
"泰始三年","16","19","35"
"晋穆帝永","18","17","35"
"愍帝建兴","18","17","35"
"泰始四年","16","19","35"
"孝武大明","27","8","35"
"军都虞候","17","18","35"
"仆射兼门","18","17","35"
"射兼门下","18","17","35"
"司参议官","17","18","35"
"西京留守","18","17","35"
"同修起居","17","18","35"
"史中丞王","19","16","35"
"左军将军","19","16","35"
"夏四月甲","35","0","35"
"一百八十","13","22","35"
"嘉二十年","17","18","35"
"嘉二十七","15","20","35"
"馆阁校勘","17","18","35"
"金人战于","33","2","35"
"谟阁待制","18","17","35"
"宣抚处置","17","18","35"
"荧惑犯之","35","0","35"
"典章制度","2","33","35"
"除去丧服","0","35","35"
"认为应该","0","35","35"
"事官员上","0","35","35"
"他的请求","0","35","35"
"皇上亲自","0","35","35"
"派遣统制","0","35","35"
"下诏侍从","0","35","35"
"承相兼枢","0","35","35"
"南郊祭祀","0","35","35"
"举行郊祀","0","35","35"
"两个儿子","0","35","35"
"白雀出现","0","35","35"
"人民流亡","0","35","35"
"三月初二","0","35","35"
"四月初三","0","35","35"
"减罪一等","0","35","35"
"攻打边境","0","35","35"
"刺史南谯","19","15","34"
"史南谯王","19","15","34"
"会稽太守","16","18","34"
"年正月乙","18","16","34"
"元嘉十三","16","18","34"
"嘉十三年","16","18","34"
"四年十二","16","18","34"
"安帝元兴","17","17","34"
"元徽三年","16","18","34"
"晋孝怀帝","17","17","34"
"孝怀帝永","17","17","34"
"七年六月","17","17","34"
"二月己亥","25","9","34"
"白虹贯日","30","4","34"
"为右谏议","13","21","34"
"保静军节","17","17","34"
"山南东道","17","17","34"
"及第出身","15","19","34"
"行宫留守","17","17","34"
"和州防御","17","17","34"
"院事兼权","30","4","34"
"事兼权参","30","4","34"
"礼部员外","17","17","34"
"秘书省著","17","17","34"
"书省著作","17","17","34"
"秋七月丁","33","1","34"
"夏四月乙","33","1","34"
"春正月己","34","0","34"
"州刺史临","17","17","34"
"冬十月丙","34","0","34"
"元嘉十九","16","18","34"
"嘉十九年","16","18","34"
"月二十八","4","30","34"
"为太子太","14","20","34"
"阁门祗候","34","0","34"
"门宣赞舍","17","17","34"
"绍兴三十","6","28","34"
"为龙图阁","4","30","34"
"命刘光世","15","19","34"
"寿皇圣帝","19","15","34"
"客星犯之","34","0","34"
"哲宗即位","7","27","34"
"还有什么","0","34","34"
"一段时间","0","34","34"
"兴王刘浚","0","34","34"
"金军攻打","0","34","34"
"上书请求","0","34","34"
"在圆丘祭","0","34","34"
"白獐出现","0","34","34"
"十月初二","0","34","34"
"囚犯罪刑","0","34","34"
"徒刑以下","0","34","34"
"州刺史萧","17","16","33"
"年四月戊","17","16","33"
"永康元年","17","16","33"
"七年四月","16","17","33"
"帝太元十","15","18","33"
"四年四月","16","17","33"
"帝大明元","15","18","33"
"保康军节","17","16","33"
"知江陵府","26","7","33"
"两浙转运","16","17","33"
"太子中舍","17","16","33"
"盐铁判官","17","16","33"
"屯骑校尉","17","16","33"
"夏四月戊","33","0","33"
"春正月戊","32","1","33"
"建平王宏","24","9","33"
"时年四十","20","13","33"
"六月二十","2","31","33"
"皇后神主","16","17","33"
"一百一十","7","26","33"
"为吏部尚","17","16","33"
"节度使赵","9","24","33"
"为安定郡","14","19","33"
"金遣完颜","33","0","33"
"当时朝廷","0","33","33"
"请求辞官","0","33","33"
"嘉禾生于","0","33","33"
"为右承相","0","33","33"
"如太白星","0","33","33"
"荧惑星进","0","33","33"
"龙出现于","0","33","33"
"獐出现于","0","33","33"
"这年冬天","0","33","33"
"设宴射箭","0","33","33"
"金军侵犯","0","33","33"
"刑以下囚","0","33","33"
"流星进入","0","33","33"
"星占据此","0","33","33"
"州刺史晋","16","16","32"
"七年五月","16","16","32"
"月二十七","2","30","32"
"咸宁元年","17","15","32"
"年三月己","16","16","32"
"太康八年","16","16","32"
"四年八月","16","16","32"
"宋孝武帝","10","22","32"
"六年五月","16","16","32"
"一百七十","9","23","32"
"马军都指","16","16","32"
"书侍郎兼","17","15","32"
"太后尊号","13","19","32"
"平章军国","16","16","32"
"张邦昌为","12","20","32"
"昭化军节","16","16","32"
"银青光禄","16","16","32"
"青光禄大","16","16","32"
"罢为观文","19","13","32"
"万寿观使","16","16","32"
"江制置副","16","16","32"
"举太平兴","16","16","32"
"大宗正事","16","16","32"
"雍熙二年","15","17","32"
"户部郎中","16","16","32"
"尚书工部","17","15","32"
"三司户部","16","16","32"
"枢密院编","16","16","32"
"密院编修","16","16","32"
"司马元显","11","21","32"
"冬十月辛","32","0","32"
"将军如故","32","0","32"
"八年春正","17","15","32"
"冬十月癸","32","0","32"
"夏四月丙","32","0","32"
"孙权赤乌","16","16","32"
"为秘书郎","15","17","32"
"年正月初","1","31","32"
"冬十月乙","32","0","32"
"直言极谏","15","17","32"
"徒以下释","32","0","32"
"略安抚使","15","17","32"
"集英殿策","16","16","32"
"三十一年","15","17","32"
"东制置使","16","16","32"
"金主完颜","3","29","32"
"为同中书","1","31","32"
"实际上是","0","32","32"
"希望皇上","0","32","32"
"七月初二","0","32","32"
"五月初二","0","32","32"
"车骑大将","15","16","31"
"之为尚书","15","16","31"
"山阳王休","18","13","31"
"州刺史建","15","16","31"
"五时朝服","16","15","31"
"年正月庚","17","14","31"
"抚制置大","14","17","31"
"后为皇太","9","22","31"
"为四川宣","15","16","31"
"兼太子宾","16","15","31"
"平兴国初","16","15","31"
"干办公事","16","15","31"
"西提点刑","14","17","31"
"为抚军将","13","18","31"
"春正月丁","31","0","31"
"一月二十","4","27","31"
"嘉二十九","14","17","31"
"不可以不","13","18","31"
"三年十月","16","15","31"
"星入太微","9","22","31"
"兼中书令","16","15","31"
"为崇信军","12","19","31"
"氏为贵妃","15","16","31"
"为都统制","17","14","31"
"都督府参","15","16","31"
"等使金贺","31","0","31"
"等贺金主","31","0","31"
"隆兴元年","15","16","31"
"年进士第","28","3","31"
"从此以后","0","31","31"
"他的文章","0","31","31"
"进人氏宿","0","31","31"
"采纳了他","0","31","31"
"发生水灾","0","31","31"
"五月二十","0","31","31"
"冬十月二","0","31","31"
"有什么可","0","31","31"
"出现了白","0","31","31"
"命令他们","0","31","31"
"命令有关","0","31","31"
"四月初二","0","31","31"
"恭敬安置","0","31","31"
"向朝廷推","0","31","31"
"明亮光大","0","31","31"
"平北将军","15","15","30"
"为镇军将","11","19","30"
"将军柳元","15","15","30"
"军柳元景","15","15","30"
"为平西将","11","19","30"
"太康五年","15","15","30"
"宋武帝永","15","15","30"
"晋安帝元","15","15","30"
"永光元年","15","15","30"
"路都部署","15","15","30"
"副都部署","15","15","30"
"南东道节","15","15","30"
"东道节度","15","15","30"
"为殿中侍","10","20","30"
"千五百人","15","15","30"
"文阁学士","15","15","30"
"以下四百","17","13","30"
"右千牛卫","15","15","30"
"同进士出","15","15","30"
"参赞军事","15","15","30"
"在二十八","14","16","30"
"军节度观","15","15","30"
"节度观察","15","15","30"
"检校太师","15","15","30"
"驸马都尉","18","12","30"
"知河南府","18","12","30"
"资治通鉴","15","15","30"
"三分之一","3","27","30"
"泰豫元年","15","15","30"
"一百五十","9","21","30"
"昊天上帝","17","13","30"
"有声如雷","19","11","30"
"军中兵参","14","16","30"
"行营前军","15","15","30"
"节度判官","15","15","30"
"路马步军","15","15","30"
"章献太后","13","17","30"
"秘书省校","15","15","30"
"书省校书","15","15","30"
"省校书郎","15","15","30"
"绍兴五年","9","21","30"
"太一宫使","14","16","30"
"知平江府","20","10","30"
"司员外郎","15","15","30"
"果州团练","15","15","30"
"垂帘听政","6","24","30"
"宣仁太后","6","24","30"
"司理参军","15","15","30"
"徽宗即位","8","22","30"
"守丧三年","0","30","30"
"皇帝命令","0","30","30"
"怎么能够","0","30","30"
"是天子的","0","30","30"
"纳了他的","0","30","30"
"汉代旧县","0","30","30"
"所到之处","0","30","30"
"礼仪制度","0","30","30"
"怎么可以","0","30","30"
"大臣被杀","0","30","30"
"太祖派遣","0","30","30"
"对皇上说","0","30","30"
"出使契丹","0","30","30"
"州报告说","0","30","30"
"贩济抚恤","0","30","30"
"朝廷推荐","0","30","30"
"请求罢免","0","30","30"
"辰星侵犯","0","30","30"
"仁宗皇帝","0","30","30"
"为司州刺","16","13","29"
"北大将军","15","14","29"
"建武元年","14","15","29"
"年四月己","15","14","29"
"太康六年","14","15","29"
"晋明帝太","14","15","29"
"检校太保","15","14","29"
"道节度使","13","16","29"
"秋七月庚","28","1","29"
"以翰林学","25","4","29"
"科及第出","14","15","29"
"诏礼部贡","15","14","29"
"普安郡王","13","16","29"
"东路宣抚","14","15","29"
"浙西安抚","14","15","29"
"淮西安抚","14","15","29"
"政事兼同","15","14","29"
"事兼同知","15","14","29"
"职任依旧","14","15","29"
"在天市垣","10","19","29"
"观察留后","15","14","29"
"右赞善大","15","14","29"
"进士第一","14","15","29"
"仁宗即位","15","14","29"
"为左仆射","8","21","29"
"华林园听","15","14","29"
"时年六十","13","16","29"
"夏四月庚","29","0","29"
"夏四月丁","29","0","29"
"太子左卫","14","15","29"
"大明六年","15","14","29"
"始元年十","15","14","29"
"宗庙社稷","15","14","29"
"嘉二十一","14","15","29"
"七月二十","2","27","29"
"八月二十","1","28","29"
"太子少保","14","15","29"
"北转运使","14","15","29"
"大理少卿","15","14","29"
"太后垂帘","13","16","29"
"中太一宫","13","16","29"
"副都统制","14","15","29"
"州太平观","14","15","29"
"为四川制","16","13","29"
"知阁门事","25","4","29"
"彗星犯之","29","0","29"
"提举崇福","15","14","29"
"没有一个","0","29","29"
"非常高兴","0","29","29"
"王安石的","0","29","29"
"夏四月二","0","29","29"
"二个儿子","0","29","29"
"任给事中","0","29","29"
"学士的身","0","29","29"
"士的身份","0","29","29"
"皇帝亲自","0","29","29"
"一个儿子","0","29","29"
"天下百姓","0","29","29"
"辅佐大臣","0","29","29"
"朝廷派遣","0","29","29"
"赤色云气","0","29","29"
"的儿子沈","0","29","29"
"任开封府","0","29","29"
"任中书舍","0","29","29"
"二月初六","0","29","29"
"太白星进","0","29","29"
"土木工程","0","29","29"
"醛泉观使","0","29","29"
"观测验证","0","29","29"
"星色明亮","0","29","29"
"衡阳王义","20","8","28"
"阳王义季","20","8","28"
"南大将军","14","14","28"
"年正月丁","16","12","28"
"年四月乙","16","12","28"
"太康七年","14","14","28"
"元嘉四年","13","15","28"
"太康十年","13","15","28"
"穆帝升平","14","14","28"
"年正月戊","14","14","28"
"六年六月","14","14","28"
"义熙元年","14","14","28"
"年四月辛","14","14","28"
"咸宁二年","15","13","28"
"永初二年","13","15","28"
"为检校太","7","21","28"
"右监门卫","14","14","28"
"武宁军节","13","15","28"
"上皇太后","16","12","28"
"道君皇帝","14","14","28"
"吏部员外","13","15","28"
"镇江都统","14","14","28"
"虞允文为","10","18","28"
"皇后为皇","6","22","28"
"宝文阁待","14","14","28"
"书门下省","11","17","28"
"为左丞相","20","8","28"
"汉永元铜","27","1","28"
"十八宿之","14","14","28"
"除旧布新","13","15","28"
"皇太子妃","14","14","28"
"吏部流内","13","15","28"
"礼部郎中","14","14","28"
"州都部署","13","15","28"
"国史院编","14","14","28"
"史院编修","14","14","28"
"户部员外","13","15","28"
"屯田员外","14","14","28"
"田员外郎","14","14","28"
"秋七月癸","28","0","28"
"徐羡之等","10","18","28"
"秋七月乙","28","0","28"
"冬十月戊","27","1","28"
"太宰江夏","14","14","28"
"宰江夏王","14","14","28"
"冬十月庚","28","0","28"
"元嘉十七","12","16","28"
"嘉十七年","12","16","28"
"昭皇太后","13","15","28"
"元嘉十八","12","16","28"
"嘉十八年","12","16","28"
"年六月甲","14","14","28"
"县五等侯","14","14","28"
"武胜军节","14","14","28"
"胜军节度","14","14","28"
"太子太师","14","14","28"
"吴越国王","13","15","28"
"败江南军","14","14","28"
"三司条例","11","17","28"
"抚处置使","14","14","28"
"观兼侍读","14","14","28"
"左执法星","1","27","28"
"举崇福宫","15","13","28"
"有什么不","0","28","28"
"又有什么","0","28","28"
"一千多人","0","28","28"
"归顺朝廷","0","28","28"
"请求皇上","0","28","28"
"减少饮食","0","28","28"
"他的建议","0","28","28"
"才能的人","0","28","28"
"接受任命","0","28","28"
"七月初三","0","28","28"
"五月初四","0","28","28"
"事兼代理","0","28","28"
"没有听说","0","28","28"
"议论的人","0","28","28"
"月二十六","0","28","28"
"照旧担任","0","28","28"
"认为不可","0","28","28"
"有时出现","0","28","28"
"在闹市被","0","28","28"
"打败契丹","0","28","28"
"契丹派遣","0","28","28"
"六月初三","0","28","28"
"封儿子赵","0","28","28"
"请求退休","0","28","28"
"发生战争","0","28","28"
"朝拜重华","0","28","28"
"拜重华宫","0","28","28"
"客星占据","0","28","28"
"水土工程","0","28","28"
"极力推辞","0","28","28"
"孝武皇帝","13","14","27"
"王玄谟为","13","14","27"
"春正月庚","26","1","27"
"为中护军","14","13","27"
"刺史桂阳","14","13","27"
"史桂阳王","14","13","27"
"九年正月","13","14","27"
"有星孛于","27","0","27"
"二年十二","13","14","27"
"延光三年","14","13","27"
"太元二十","14","13","27"
"年三月戊","13","14","27"
"泰始五年","13","14","27"
"太兴元年","13","14","27"
"年六月丙","14","13","27"
"一百四十","7","20","27"
"太子洗马","13","14","27"
"军都部署","13","14","27"
"上尊号曰","27","0","27"
"副都总管","14","13","27"
"安南国王","13","14","27"
"荆湖北路","11","16","27"
"淮东安抚","14","13","27"
"兼崇政殿","15","12","27"
"路制置使","12","15","27"
"岁星犯之","27","0","27"
"按汉永元","26","1","27"
"八宿之外","13","14","27"
"度观察留","14","13","27"
"加检校太","24","3","27"
"乾德二年","12","15","27"
"同知贡举","17","10","27"
"部流内铨","13","14","27"
"御史知杂","14","13","27"
"兼国史院","15","12","27"
"司都统制","13","14","27"
"春正月乙","27","0","27"
"年正月壬","16","11","27"
"元嘉九年","12","15","27"
"一千三百","12","15","27"
"太兴三年","15","12","27"
"桓玄篡位","10","17","27"
"去京都水","27","0","27"
"太宗即位","17","10","27"
"年六十八","13","14","27"
"为开封府","17","10","27"
"高丽国王","14","13","27"
"便宜行事","23","4","27"
"知成都府","21","6","27"
"加恩百官","14","13","27"
"诸路监司","27","0","27"
"淮制置使","13","14","27"
"以端明殿","17","10","27"
"端平元年","13","14","27"
"景祐测验","27","0","27"
"开封府推","13","14","27"
"封府推官","13","14","27"
"宪圣太后","4","23","27"
"明的君主","0","27","27"
"被处以死","0","27","27"
"他的才能","0","27","27"
"朝廷诏令","0","27","27"
"十分高兴","0","27","27"
"内附朝廷","0","27","27"
"九月初二","0","27","27"
"八月初三","0","27","27"
"院事兼代","0","27","27"
"黄龙出现","0","27","27"
"派遣官员","0","27","27"
"水溢出河","0","27","27"
"黄河决口","0","27","27"
"囚犯减罪","0","27","27"
"罪刑一等","0","27","27"
"潭州知州","0","27","27"
"讯察囚犯","0","27","27"
"金军进攻","0","27","27"
"等祝贺金","0","27","27"
"荧惑星占","0","27","27"
"惑星占据","0","27","27"
"朝重华宫","26","0","26"
"天下之事","17","9","26"
"临川王义","20","6","26"
"川王义庆","20","6","26"
"为宁州刺","13","13","26"
"给五时朝","13","13","26"
"子中庶子","13","13","26"
"二月乙巳","21","5","26"
"二月甲申","20","6","26"
"年二月己","14","12","26"
"顺帝升明","13","13","26"
"晋穆帝升","13","13","26"
"太康九年","13","13","26"
"元徽元年","12","14","26"
"永宁元年","13","13","26"
"咸和九年","13","13","26"
"六年七月","13","13","26"
"建兴二年","13","13","26"
"加散骑常","20","6","26"
"为东京留","13","13","26"
"河阳三城","13","13","26"
"阳三城节","13","13","26"
"三城节度","13","13","26"
"难军节度","13","13","26"
"宁国军节","13","13","26"
"远军承宣","13","13","26"
"州太平兴","13","13","26"
"殿学士知","17","9","26"
"徽猷阁直","16","10","26"
"猷阁直学","16","10","26"
"行营都部","13","13","26"
"营都部署","13","13","26"
"淳化三年","10","16","26"
"南转运使","12","14","26"
"宁远军节","13","13","26"
"川制置司","13","13","26"
"将军王玄","13","13","26"
"二月戊午","20","6","26"
"刺史刘道","12","14","26"
"晋安王子","19","7","26"
"安王子勋","19","7","26"
"秋七月丙","26","0","26"
"为秘书监","11","15","26"
"年七月壬","13","13","26"
"年六月壬","13","13","26"
"吴孙权赤","13","13","26"
"今日之事","20","6","26"
"三月二十","1","25","26"
"君子小人","15","11","26"
"年六十五","14","12","26"
"雍熙三年","10","16","26"
"为礼部尚","8","18","26"
"分司南京","19","7","26"
"西太一宫","12","14","26"
"路经略安","13","13","26"
"以龙图阁","14","12","26"
"填星合于","13","13","26"
"太府少卿","13","13","26"
"秘阁校理","13","13","26"
"恢复中原","4","22","26"
"此天象预","0","26","26"
"一百多人","0","26","26"
"难道不是","0","26","26"
"为国捐躯","0","26","26"
"有才能的","0","26","26"
"请求辞职","0","26","26"
"彭城王刘","0","26","26"
"王刘义康","0","26","26"
"汉朝永元","0","26","26"
"太祖命令","0","26","26"
"秋七月二","0","26","26"
"国家有忧","0","26","26"
"每天运行","0","26","26"
"下诏令说","0","26","26"
"又上奏说","0","26","26"
"发表意见","0","26","26"
"在此之前","0","26","26"
"被斩首示","0","26","26"
"所作所为","0","26","26"
"败契丹军","0","26","26"
"犯减罪一","0","26","26"
"九月初六","0","26","26"
"命令各路","0","26","26"
"各路监司","0","26","26"
"察囚犯罪","0","26","26"
"令刘光世","0","26","26"
"议论纷纷","0","26","26"
"发动战争","0","26","26"
"人民饥荒","0","26","26"
"为护军将","14","11","25"
"禄大夫王","12","13","25"
"州刺史桂","14","11","25"
"秦州刺史","12","13","25"
"百一十五","12","13","25"
"年二月壬","13","12","25"
"元嘉十二","12","13","25"
"嘉十二年","12","13","25"
"元康元年","13","12","25"
"年四月癸","13","12","25"
"八年二月","12","13","25"
"太康四年","13","12","25"
"泰始六年","12","13","25"
"泰始七年","12","13","25"
"景和元年","12","13","25"
"步军副都","12","13","25"
"西军节度","12","13","25"
"显谟阁直","15","10","25"
"知建康府","19","6","25"
"上阁门使","23","2","25"
"平兴国四","9","16","25"
"兴国四年","9","16","25"
"节度推官","13","12","25"
"院检讨官","12","13","25"
"王府教授","13","12","25"
"祖武皇帝","12","13","25"
"以谢天下","15","10","25"
"夏四月己","24","1","25"
"秋七月己","24","1","25"
"春正月丙","25","0","25"
"为南兗州","25","0","25"
"冬十月壬","25","0","25"
"秋七月甲","25","0","25"
"竟陵王诞","22","3","25"
"大明八年","10","15","25"
"月二十九","6","19","25"
"明年正月","20","5","25"
"初郡国志","1","24","25"
"朝廷大臣","2","23","25"
"氏为皇太","11","14","25"
"三佛齐国","11","14","25"
"契丹遣使","25","0","25"
"为节度使","6","19","25"
"翰林侍读","13","12","25"
"开封府判","12","13","25"
"东转运使","12","13","25"
"命翰林学","3","22","25"
"路副总管","11","14","25"
"朝献景灵","25","0","25"
"献景灵宫","25","0","25"
"为宣抚使","10","15","25"
"阁门宣赞","19","6","25"
"卫四厢都","13","12","25"
"武功大夫","12","13","25"
"万寿观兼","13","12","25"
"有彗星出","1","24","25"
"荧惑守之","25","0","25"
"试学士院","15","10","25"
"下诏书说","0","25","25"
"的人认为","0","25","25"
"军事行动","0","25","25"
"精锐部队","0","25","25"
"这样的话","0","25","25"
"把自己的","0","25","25"
"他的部下","0","25","25"
"有人认为","0","25","25"
"右执法星","0","25","25"
"右承相兼","0","25","25"
"家有忧患","0","25","25"
"使臣安抚","0","25","25"
"战争爆发","0","25","25"
"将有忧患","0","25","25"
"占辞同上","0","25","25"
"乌出现于","0","25","25"
"白色云气","0","25","25"
"妻子儿女","0","25","25"
"闹市被斩","0","25","25"
"市被斩首","0","25","25"
"对宰相说","0","25","25"
"八月初四","0","25","25"
"进士考试","0","25","25"
"一月初四","0","25","25"
"五月初三","0","25","25"
"六月初四","0","25","25"
"八月初二","0","25","25"
"前往行在","0","25","25"
"派遣完颜","0","25","25"
"云气侵犯","0","25","25"
"那么天下","0","25","25"
"星明亮光","0","25","25"
"镇星侵犯","0","25","25"
"颗星属于","0","25","25"
"二月丁亥","22","2","24"
"义阳王昶","16","8","24"
"为江州刺","14","10","24"
"建平王景","14","10","24"
"平王景素","14","10","24"
"征南大将","12","12","24"
"太子中庶","12","12","24"
"四时朝服","12","12","24"
"一万五千","5","19","24"
"永兴元年","12","12","24"
"康元年三","12","12","24"
"星犯轩辕","6","18","24"
"二月甲子","17","7","24"
"年五月壬","13","11","24"
"年四月丙","12","12","24"
"康元年四","12","12","24"
"元十五年","12","12","24"
"七年二月","12","12","24"
"十四年十","12","12","24"
"元嘉二年","12","12","24"
"明帝太和","13","11","24"
"年七月甲","12","12","24"
"通事舍人","12","12","24"
"为兵部尚","10","14","24"
"集贤院学","12","12","24"
"贤院学士","12","12","24"
"为工部侍","7","17","24"
"为昭文馆","11","13","24"
"氏为贤妃","12","12","24"
"部尚书王","12","12","24"
"兴元都统","12","12","24"
"江制置使","12","12","24"
"淮西制置","12","12","24"
"左丞相兼","18","6","24"
"今年田租","13","11","24"
"二十四度","11","13","24"
"赠中书令","15","9","24"
"太常礼院","10","14","24"
"知天雄军","13","11","24"
"西上阁门","22","2","24"
"通进银台","10","14","24"
"观察推官","12","12","24"
"书舍人兼","12","12","24"
"西京作坊","12","12","24"
"州刺史庐","12","12","24"
"为著作佐","6","18","24"
"刘遵考为","13","11","24"
"月辛卯朔","24","0","24"
"夏四月壬","24","0","24"
"军王玄谟","13","11","24"
"为使持节","15","9","24"
"夏四月辛","24","0","24"
"三百九十","12","12","24"
"元嘉十一","11","13","24"
"年五月戊","12","12","24"
"六年四月","12","12","24"
"元嘉十四","10","14","24"
"嘉十四年","10","14","24"
"九年五月","12","12","24"
"月丙子朔","24","0","24"
"为太子中","10","14","24"
"为吏部侍","7","17","24"
"王钦若为","11","13","24"
"封府判官","12","12","24"
"有流星出","13","11","24"
"昭庆军节","12","12","24"
"武泰军节","12","12","24"
"泰军节度","12","12","24"
"命资政殿","1","23","24"
"与金人战","21","3","24"
"为徽猷阁","10","14","24"
"三十二年","12","12","24"
"以显谟阁","14","10","24"
"学士兼侍","12","12","24"
"小学教授","12","12","24"
"州副都统","12","12","24"
"湖制置使","12","12","24"
"提举临安","12","12","24"
"为右正言","5","19","24"
"年举进士","22","2","24"
"户部判官","12","12","24"
"光禄寺丞","12","12","24"
"绍兴七年","2","22","24"
"九月二十","1","23","24"
"于是朝廷","1","23","24"
"造就叫做","0","24","24"
"朝中大臣","0","24","24"
"一个多月","0","24","24"
"可以说是","0","24","24"
"神主牌位","0","24","24"
"朝廷没有","0","24","24"
"犯舆鬼宿","0","24","24"
"汉时隶属","0","24","24"
"城王刘义","0","24","24"
"二月初八","0","24","24"
"八月初五","0","24","24"
"按汉朝永","0","24","24"
"免除租税","0","24","24"
"正月二十","0","24","24"
"举行殷祭","0","24","24"
"相有忧患","0","24","24"
"次出现于","0","24","24"
"这年秋天","0","24","24"
"父亲去世","0","24","24"
"六月初五","0","24","24"
"河水溢出","0","24","24"
"参加进士","0","24","24"
"使臣来祝","0","24","24"
"臣来祝贺","0","24","24"
"丘祭祀天","0","24","24"
"命令刘光","0","24","24"
"学士身份","0","24","24"
"到重华宫","0","24","24"
"星色苍白","0","24","24"
"授任他为","0","24","24"
"中央大星","11","12","23"
"七年三月","11","12","23"
"十年正月","11","12","23"
"年二月甲","12","11","23"
"帝永康元","12","11","23"
"年六月丁","12","11","23"
"年五月辛","12","11","23"
"明帝青龙","13","10","23"
"晋元帝永","11","12","23"
"年正月己","14","9","23"
"东海太守","12","11","23"
"侍卫亲军","11","12","23"
"殿前副都","12","11","23"
"平军节度","12","11","23"
"事兼知枢","12","11","23"
"邑五百户","13","10","23"
"宁武军节","12","11","23"
"置使兼知","20","3","23"
"太祖实录","11","12","23"
"淳化二年","10","13","23"
"书工部侍","12","11","23"
"史知杂事","12","11","23"
"州刺史杜","11","12","23"
"八年四月","11","12","23"
"安南将军","11","12","23"
"祖文皇帝","12","11","23"
"步兵校尉","12","11","23"
"二月乙未","19","4","23"
"史刘道隆","12","11","23"
"前军将军","11","12","23"
"帝泰始元","12","11","23"
"嘉十一年","11","12","23"
"县开国侯","12","11","23"
"璇玑玉衡","2","21","23"
"星犯舆鬼","6","17","23"
"中有黑子","21","2","23"
"时年五十","16","7","23"
"年七十二","11","12","23"
"国遣使来","22","1","23"
"千牛卫大","11","12","23"
"牛卫大将","11","12","23"
"林侍读学","12","11","23"
"单州团练","11","12","23"
"命御史中","4","19","23"
"各举所知","21","2","23"
"领枢密院","12","11","23"
"召赴行在","21","2","23"
"工部员外","12","11","23"
"寿观兼侍","12","11","23"
"败金人于","23","0","23"
"湖南转运","10","13","23"
"浙东安抚","11","12","23"
"论功行赏","5","18","23"
"建隆二年","11","12","23"
"大逆不道","7","16","23"
"为大理评","13","10","23"
"不能成功","4","19","23"
"不以为然","6","17","23"
"没有改变","0","23","23"
"皇帝车驾","0","23","23"
"了很长时","0","23","23"
"当地土产","0","23","23"
"这天晚上","0","23","23"
"月亮进人","0","23","23"
"他被任命","0","23","23"
"贤能的人","0","23","23"
"实际情况","0","23","23"
"青色绶带","0","23","23"
"任命翰林","0","23","23"
"朝永元铜","0","23","23"
"派遣将领","0","23","23"
"三个儿子","0","23","23"
"治理天下","0","23","23"
"皇帝诏令","0","23","23"
"帝下诏令","0","23","23"
"朝见皇帝","0","23","23"
"没有答应","0","23","23"
"上奏朝廷","0","23","23"
"很不高兴","0","23","23"
"坚决辞谢","0","23","23"
"骑马射箭","0","23","23"
"召回朝廷","0","23","23"
"六月初二","0","23","23"
"园设宴射","0","23","23"
"契丹使臣","0","23","23"
"百姓租税","0","23","23"
"夏军攻打","0","23","23"
"各自推举","0","23","23"
"推举可以","0","23","23"
"遣使臣安","0","23","23"
"任命资政","0","23","23"
"犯罪刑一","0","23","23"
"福州知州","0","23","23"
"轻举妄动","0","23","23"
"请求离职","0","23","23"
"祝贺会庆","0","23","23"
"任知制诰","0","23","23"
"军檀道济","10","12","22"
"为冀州刺","10","12","22"
"刺史彭城","13","9","22"
"以尚书左","17","5","22"
"将军齐王","11","11","22"
"一百三十","7","15","22"
"进贤两梁","10","12","22"
"贤两梁冠","10","12","22"
"百六十五","11","11","22"
"年七月丙","11","11","22"
"年六月庚","11","11","22"
"咸康元年","11","11","22"
"十年四月","11","11","22"
"二月己丑","15","7","22"
"元康四年","11","11","22"
"帝建武元","11","11","22"
"九年四月","11","11","22"
"元帝永昌","11","11","22"
"年正月癸","11","11","22"
"七年十月","11","11","22"
"义熙九年","10","12","22"
"太尉参军","11","11","22"
"成军节度","11","11","22"
"军副都指","11","11","22"
"步军都指","11","11","22"
"城节度使","11","11","22"
"以吏部尚","19","3","22"
"为礼部侍","8","14","22"
"太子少师","11","11","22"
"皇太后尊","10","12","22"
"三班奉职","12","10","22"
"诸科及第","16","6","22"
"为山陵使","12","10","22"
"前军统制","11","11","22"
"二月戊寅","18","4","22"
"主管殿前","11","11","22"
"管殿前司","11","11","22"
"九年春正","11","11","22"
"淮南转运","11","11","22"
"贾似道为","8","14","22"
"京湖安抚","11","11","22"
"湖安抚制","11","11","22"
"食邑五百","12","10","22"
"御前诸军","14","8","22"
"乾道元年","11","11","22"
"行营马步","11","11","22"
"义军节度","11","11","22"
"祠部员外","11","11","22"
"进银台司","9","13","22"
"直舍人院","10","12","22"
"省著作佐","11","11","22"
"院同修撰","11","11","22"
"宝庆元年","11","11","22"
"录院检讨","11","11","22"
"绍定元年","11","11","22"
"军大将军","11","11","22"
"都水使者","11","11","22"
"子左卫率","15","7","22"
"二州诸军","12","10","22"
"王者恶之","22","0","22"
"五谷不成","11","11","22"
"是其应也","22","0","22"
"元康九年","11","11","22"
"光熙元年","11","11","22"
"一百六十","9","13","22"
"熙十一年","8","14","22"
"治中从事","11","11","22"
"月戊子朔","20","2","22"
"立功将士","11","11","22"
"诸路转运","21","1","22"
"景灵宫使","11","11","22"
"军国大事","5","17","22"
"内侍省押","11","11","22"
"侍省押班","11","11","22"
"南京鸿庆","11","11","22"
"京鸿庆宫","11","11","22"
"于景灵宫","18","4","22"
"步军副总","11","11","22"
"军副总管","11","11","22"
"判大宗正","11","11","22"
"西转运判","11","11","22"
"检校少傅","10","12","22"
"西转运副","11","11","22"
"军统制张","11","11","22"
"神卫四厢","12","10","22"
"以徽猷阁","14","8","22"
"陕宣抚司","11","11","22"
"荣州刺史","11","11","22"
"绍兴二年","7","15","22"
"敷文阁直","11","11","22"
"改明年为","10","12","22"
"等来贺会","22","0","22"
"来贺会庆","22","0","22"
"提举佑神","11","11","22"
"举佑神观","11","11","22"
"贺瑞庆节","11","11","22"
"直华文阁","11","11","22"
"诏令侍从","1","21","22"
"为敷文阁","3","19","22"
"流星犯之","22","0","22"
"太白犯之","22","0","22"
"建炎二年","9","13","22"
"主完颜亮","1","21","22"
"考查占书","0","22","22"
"占书可知","0","22","22"
"朝处理政","0","22","22"
"有见识的","0","22","22"
"见识的人","0","22","22"
"奸邪的人","0","22","22"
"的老百姓","0","22","22"
"任命吏部","0","22","22"
"汉代旧名","0","22","22"
"前汉时属","0","22","22"
"七月初四","0","22","22"
"州发生地","0","22","22"
"上尊号为","0","22","22"
"一月初二","0","22","22"
"女主有忧","0","22","22"
"任御史中","0","22","22"
"被加官为","0","22","22"
"知道他的","0","22","22"
"亲自策试","0","22","22"
"自己的儿","0","22","22"
"为什么要","0","22","22"
"的士大夫","0","22","22"
"王刘义宣","0","22","22"
"出现于南","0","22","22"
"星白天在","0","22","22"
"亲自率领","0","22","22"
"出现在东","0","22","22"
"安王刘子","0","22","22"
"送到朝廷","0","22","22"
"丧期满后","0","22","22"
"任命为太","0","22","22"
"他的官职","0","22","22"
"他的军队","0","22","22"
"九月初五","0","22","22"
"十月初三","0","22","22"
"七月初六","0","22","22"
"丹派遣使","0","22","22"
"九月初三","0","22","22"
"得到答复","0","22","22"
"大赦全国","0","22","22"
"以上官员","0","22","22"
"举可以担","0","22","22"
"各位将领","0","22","22"
"星白天显","0","22","22"
"白天显现","0","22","22"
"金军攻破","0","22","22"
"来祝贺会","0","22","22"
"五星侵犯","0","22","22"
"景佑观测","0","22","22"
"佑观测验","0","22","22"
"王公大人","0","22","22"
"野地区有","0","22","22"
"月丁酉朔","21","0","21"
"南郡太守","9","12","21"
"为青州刺","11","10","21"
"州刺史彭","13","8","21"
"萧思话为","10","11","21"
"史沈攸之","11","10","21"
"司徒左长","11","10","21"
"徒左长史","11","10","21"
"进贤一梁","10","11","21"
"贤一梁冠","10","11","21"
"魏明帝景","12","9","21"
"明帝景初","12","9","21"
"年二月乙","11","10","21"
"十余万人","10","11","21"
"义熙五年","10","11","21"
"帝咸宁元","10","11","21"
"嘉二十八","9","12","21"
"升明二年","10","11","21"
"元嘉六年","10","11","21"
"义熙三年","11","10","21"
"元康五年","10","11","21"
"二月壬午","15","6","21"
"二月丙辰","15","6","21"
"年四月甲","11","10","21"
"豫章太守","11","10","21"
"武成王庙","11","10","21"
"月乙未朔","20","1","21"
"部尚书兼","10","11","21"
"淮东总领","10","11","21"
"兼给事中","11","10","21"
"知镇江府","15","6","21"
"四川总领","11","10","21"
"江南西路","6","15","21"
"唐开元游","20","1","21"
"在赤道外","11","10","21"
"秦王廷美","13","8","21"
"立为皇太","12","9","21"
"分司西京","15","6","21"
"平兴国五","7","14","21"
"兴国五年","7","14","21"
"拜尚书右","19","2","21"
"州路转运","8","13","21"
"军节度推","11","10","21"
"钱五十万","8","13","21"
"实录院检","10","11","21"
"召试馆职","15","6","21"
"元兴元年","11","10","21"
"兗二州刺","21","0","21"
"西阳太守","11","10","21"
"于华林园","19","2","21"
"冬十月丁","20","1","21"
"冬十月己","21","0","21"
"淮南太守","10","11","21"
"为南平王","10","11","21"
"二月癸卯","18","3","21"
"太尉江夏","11","10","21"
"尉江夏王","11","10","21"
"延康元年","11","10","21"
"祀昊天上","11","10","21"
"将相有忧","4","17","21"
"义熙七年","9","12","21"
"即位以来","8","13","21"
"日中有黑","21","0","21"
"书吏部郎","10","11","21"
"年六十一","11","10","21"
"年五十七","11","10","21"
"宰相赵普","10","11","21"
"春正月壬","21","0","21"
"江军节度","10","11","21"
"州县官吏","6","15","21"
"流以下释","21","0","21"
"太子少傅","11","10","21"
"二十五万","10","11","21"
"置三司条","8","13","21"
"为武泰军","8","13","21"
"太学生陈","10","11","21"
"韩世忠军","5","16","21"
"参议军事","11","10","21"
"释杖以下","21","0","21"
"为兵部侍","5","16","21"
"京西转运","10","11","21"
"嘉定元年","10","11","21"
"客星守之","21","0","21"
"神宗即位","9","12","21"
"天下之人","11","10","21"
"林学士兼","10","11","21"
"祖宗以来","12","9","21"
"为校书郎","6","15","21"
"国家的根","0","21","21"
"就是这样","0","21","21"
"查占书可","0","21","21"
"改朝换代","0","21","21"
"上朝处理","0","21","21"
"谥号为忠","0","21","21"
"皇上命令","0","21","21"
"身边的人","0","21","21"
"同意了他","0","21","21"
"黑色绶带","0","21","21"
"数以万计","0","21","21"
"州发生大","0","21","21"
"任命尚书","0","21","21"
"为同签书","0","21","21"
"以城投降","0","21","21"
"升任尚书","0","21","21"
"任秘书省","0","21","21"
"左右的人","0","21","21"
"为南兖州","0","21","21"
"春正月二","0","21","21"
"不是这样","0","21","21"
"己的儿子","0","21","21"
"没有儿子","0","21","21"
"的两个儿","0","21","21"
"关部门上","0","21","21"
"上奏弹劾","0","21","21"
"人有忧患","0","21","21"
"这难道是","0","21","21"
"出现黑子","0","21","21"
"距京都水","0","21","21"
"京都水路","0","21","21"
"士大夫们","0","21","21"
"请求恢复","0","21","21"
"多少不等","0","21","21"
"全斌等人","0","21","21"
"四月初五","0","21","21"
"加进士考","0","21","21"
"任枢密使","0","21","21"
"三月初四","0","21","21"
"朝廷请求","0","21","21"
"在押囚犯","0","21","21"
"四月初六","0","21","21"
"下诏监司","0","21","21"
"金朝派遣","0","21","21"
"扬州知州","0","21","21"
"因久雨不","0","21","21"
"国祝贺新","0","21","21"
"进入侵犯","0","21","21"
"买米价贵","0","21","21"
"熙十四年","9","11","20"
"诏皇太子","12","8","20"
"将军檀道","8","12","20"
"史彭城王","12","8","20"
"军行参军","11","9","20"
"州刺史檀","10","10","20"
"为中书监","7","13","20"
"刺史萧思","10","10","20"
"史萧思话","10","10","20"
"刺史王玄","10","10","20"
"为扬州刺","13","7","20"
"军湘东王","10","10","20"
"阳王休祐","18","2","20"
"右军将军","9","11","20"
"宣威将军","10","10","20"
"四百八十","10","10","20"
"年三月癸","10","10","20"
"二月甲辰","15","5","20"
"二月戊辰","16","4","20"
"年七月己","10","10","20"
"咸和六年","9","11","20"
"月入南斗","11","9","20"
"二月壬子","16","4","20"
"犯轩辕大","10","10","20"
"轩辕大星","10","10","20"
"太和四年","9","11","20"
"义熙六年","10","10","20"
"帝元康元","10","10","20"
"帝孝建元","10","10","20"
"晋海西公","7","13","20"
"八年六月","10","10","20"
"帝元徽元","10","10","20"
"元嘉五年","9","11","20"
"年四月丁","10","10","20"
"惠帝永宁","10","10","20"
"年十月辛","11","9","20"
"永嘉元年","10","10","20"
"庐陵王绍","16","4","20"
"兼太子少","10","10","20"
"氏为德妃","10","10","20"
"文彦博为","8","12","20"
"延康殿学","10","10","20"
"康殿学士","10","10","20"
"皇后王氏","12","8","20"
"太宰兼门","10","10","20"
"宰兼门下","10","10","20"
"虞部员外","10","10","20"
"都统制王","10","10","20"
"统制王德","10","10","20"
"西路安抚","10","10","20"
"兼资善堂","11","9","20"
"监门卫大","10","10","20"
"门卫大将","10","10","20"
"成都府路","9","11","20"
"食邑一千","6","14","20"
"邑一千户","6","14","20"
"知临安府","16","4","20"
"湖广总领","10","10","20"
"北安抚使","8","12","20"
"前诸军都","13","7","20"
"副都承旨","10","10","20"
"华文阁待","10","10","20"
"马军都虞","10","10","20"
"庆元元年","10","10","20"
"年六月辛","10","10","20"
"大元帅府","9","11","20"
"营马步军","10","10","20"
"咸平三年","7","13","20"
"平兴国三","8","12","20"
"兴国三年","8","12","20"
"左赞善大","10","10","20"
"平兴国八","4","16","20"
"兴国八年","4","16","20"
"观察判官","10","10","20"
"兼中书舍","10","10","20"
"直宝文阁","10","10","20"
"相史弥远","10","10","20"
"国子司业","10","10","20"
"军国重事","11","9","20"
"宁宗即位","9","11","20"
"钦宗即位","8","12","20"
"并州刺史","10","10","20"
"右军参军","10","10","20"
"镇东将军","11","9","20"
"刺史庐陵","11","9","20"
"史庐陵王","11","9","20"
"平南将军","11","9","20"
"元熙元年","11","9","20"
"太祖文皇","10","10","20"
"长沙王义","16","4","20"
"二月庚寅","16","4","20"
"抚军司马","10","10","20"
"十一年春","10","10","20"
"五月丁卯","14","6","20"
"十五年春","10","10","20"
"刺史临川","10","10","20"
"史临川王","10","10","20"
"将军彭城","11","9","20"
"州刺史山","10","10","20"
"刺史山阳","10","10","20"
"以御史中","19","1","20"
"刺史巴陵","10","10","20"
"史巴陵王","10","10","20"
"太子舍人","9","11","20"
"二百四十","10","10","20"
"二百六十","10","10","20"
"七年九月","10","10","20"
"七年十一","10","10","20"
"三年之丧","15","5","20"
"五年九月","10","10","20"
"章皇太后","9","11","20"
"帝元嘉八","10","10","20"
"六年八月","10","10","20"
"年七月乙","10","10","20"
"年三月庚","10","10","20"
"为太上皇","10","10","20"
"仅以身免","15","5","20"
"讨司马休","10","10","20"
"二月壬辰","13","7","20"
"少帝景平","10","10","20"
"十一年五","10","10","20"
"一年五月","10","10","20"
"十四年七","10","10","20"
"义熙八年","9","11","20"
"帝元和中","20","0","20"
"武陵王骏","9","11","20"
"中从事史","10","10","20"
"言之不从","6","14","20"
"太祖元嘉","11","9","20"
"年六十四","10","10","20"
"定国军节","10","10","20"
"内外文武","10","10","20"
"遂幸玉津","20","0","20"
"二十二人","10","10","20"
"言极谏科","10","10","20"
"西川行营","10","10","20"
"职方员外","10","10","20"
"方员外郎","10","10","20"
"行军司马","10","10","20"
"知政事李","9","11","20"
"登闻鼓院","10","10","20"
"为保康军","6","14","20"
"诏转运使","10","10","20"
"命吏部尚","2","18","20"
"将作监主","10","10","20"
"作监主簿","10","10","20"
"钱一百万","6","14","20"
"京东转运","9","11","20"
"司马光为","7","13","20"
"路转运司","10","10","20"
"四川财赋","10","10","20"
"州制置使","10","10","20"
"博学宏词","9","11","20"
"学宏词科","9","11","20"
"乌陵思谋","8","12","20"
"宽恤诏令","10","10","20"
"金遣使来","20","0","20"
"开禧元年","10","10","20"
"宝谟阁直","11","9","20"
"知隆兴府","15","5","20"
"宝章阁待","10","10","20"
"绍兴三年","3","17","20"
"星色黄白","1","19","20"
"宝谟阁待","10","10","20"
"东提点刑","9","11","20"
"上书言事","1","19","20"
"绍兴六年","1","19","20"
"家的根本","0","20","20"
"黄白交点","0","20","20"
"五大行星","0","20","20"
"坚决请求","0","20","20"
"留下来的","0","20","20"
"自己的职","0","20","20"
"最终没有","0","20","20"
"现在应该","0","20","20"
"是这样的","0","20","20"
"赐给他们","0","20","20"
"朝廷军队","0","20","20"
"他们全部","0","20","20"
"他的名字","0","20","20"
"进贡当地","0","20","20"
"服丧期满","0","20","20"
"于是皇上","0","20","20"
"极力请求","0","20","20"
"南平王刘","0","20","20"
"庐陵王刘","0","20","20"
"九月初四","0","20","20"
"一月初六","0","20","20"
"等人率领","0","20","20"
"以下官员","0","20","20"
"任尚书右","0","20","20"
"传到朝廷","0","20","20"
"天下人都","0","20","20"
"建安王刘","0","20","20"
"安王刘休","0","20","20"
"王刘休仁","0","20","20"
"部门上奏","0","20","20"
"担任宰相","0","20","20"
"他的妻子","0","20","20"
"每句三字","0","20","20"
"句每句四","0","20","20"
"每句四字","0","20","20"
"陵王刘诞","0","20","20"
"白兔出现","0","20","20"
"朝见皇上","0","20","20"
"亲自处理","0","20","20"
"于是停止","0","20","20"
"被起用为","0","20","20"
"于是上奏","0","20","20"
"朝廷下诏","0","20","20"
"殿处理政","0","20","20"
"七月初五","0","20","20"
"死罪囚犯","0","20","20"
"遭受水灾","0","20","20"
"探视病情","0","20","20"
"可以任用","0","20","20"
"各路转运","0","20","20"
"命令侍从","0","20","20"
"以担任将","0","20","20"
"祭祀明堂","0","20","20"
"岳飞派遣","0","20","20"
"泉州知州","0","20","20"
"廷任命他","0","20","20"
"国祝贺正","0","20","20"
"久雨不晴","0","20","20"
"任宰相时","0","20","20"
"皇上于是","0","20","20"
"没有人敢","0","20","20"
"升为秘书","0","20","20"
"皇上面前","0","20","20"
"的身份为","0","20","20"
"腹心之臣","16","3","19"
"冗从仆射","10","9","19"
"为卫将军","7","12","19"
"二月庚午","16","3","19"
"刺史沈攸","10","9","19"
"六月甲戌","17","2","19"
"丹阳秣陵","10","9","19"
"二月甲寅","15","4","19"
"二百五十","10","9","19"
"将军司马","9","10","19"
"二月癸丑","17","2","19"
"惠帝永兴","10","9","19"
"建安二十","10","9","19"
"愍帝建武","10","9","19"
"正月丙子","13","6","19"
"隆安四年","10","9","19"
"升明元年","9","10","19"
"晋惠帝太","10","9","19"
"惠帝太安","10","9","19"
"元嘉七年","8","11","19"
"二月庚辰","16","3","19"
"五月丁丑","11","8","19"
"济阴太守","9","10","19"
"征南将军","10","9","19"
"太宗泰始","10","9","19"
"三州诸军","11","8","19"
"时年三十","14","5","19"
"向敏中为","9","10","19"
"前副都指","10","9","19"
"吕颐浩为","9","10","19"
"东路安抚","9","10","19"
"知江宁府","12","7","19"
"遣统制王","11","8","19"
"提举茶盐","9","10","19"
"置大使兼","10","9","19"
"清远军节","10","9","19"
"为四川安","10","9","19"
"安抚使兼","8","11","19"
"江东转运","10","9","19"
"保康军承","10","9","19"
"国史编修","10","9","19"
"直昭文馆","9","10","19"
"丞相史弥","10","9","19"
"月戊午朔","19","0","19"
"一千八百","6","13","19"
"东阳太守","10","9","19"
"为兗州刺","19","0","19"
"六月壬寅","13","6","19"
"月己亥朔","19","0","19"
"二月丙寅","15","4","19"
"沙王义欣","16","3","19"
"二月乙亥","16","3","19"
"二月辛丑","14","5","19"
"年四十七","12","7","19"
"义兴太守","10","9","19"
"宪皇太后","10","9","19"
"一千二百","6","13","19"
"十二分之","2","17","19"
"三百五十","9","10","19"
"十三年十","10","9","19"
"孝武太元","15","4","19"
"咸宁三年","11","8","19"
"年二月戊","10","9","19"
"亲耕籍田","4","15","19"
"年八月壬","10","9","19"
"句句三字","19","0","19"
"句句四字","19","0","19"
"闰十二月","4","15","19"
"六月辛卯","15","4","19"
"一百九十","8","11","19"
"永昌元年","10","9","19"
"月辛未朔","19","0","19"
"月甲午朔","19","0","19"
"年七十四","10","9","19"
"大行皇帝","13","6","19"
"年六十六","10","9","19"
"开封府尹","4","15","19"
"月甲戌朔","19","0","19"
"节度使刘","9","10","19"
"兵马监押","9","10","19"
"越国王钱","6","13","19"
"静海军节","9","10","19"
"月庚戌朔","19","0","19"
"以太子少","10","9","19"
"遣使安抚","19","0","19"
"纠察在京","11","8","19"
"皇太后曰","19","0","19"
"御殿复膳","16","3","19"
"节制陕西","13","6","19"
"知凤翔府","11","8","19"
"淮宣抚使","10","9","19"
"节制军马","11","8","19"
"检校少师","9","10","19"
"知兴元府","15","4","19"
"为侍御史","10","9","19"
"宁军承宣","9","10","19"
"常平茶盐","9","10","19"
"陈俊卿为","5","14","19"
"制置使赵","9","10","19"
"大元兵攻","12","7","19"
"举临安府","10","9","19"
"临安府洞","10","9","19"
"安府洞霄","10","9","19"
"府洞霄宫","10","9","19"
"理宗即位","8","11","19"
"五年进士","12","7","19"
"中进士第","9","10","19"
"为起居舍","3","16","19"
"建炎三年","5","14","19"
"越来越多","0","19","19"
"共同商议","0","19","19"
"没有记载","0","19","19"
"第二天早","0","19","19"
"这些都是","0","19","19"
"住的地方","0","19","19"
"不能改变","0","19","19"
"一点也不","0","19","19"
"作威作福","0","19","19"
"的儿子们","0","19","19"
"哥的儿子","0","19","19"
"贡当地土","0","19","19"
"发动叛乱","0","19","19"
"平王刘铄","0","19","19"
"到德寿宫","0","19","19"
"加官检校","0","19","19"
"皇上赐给","0","19","19"
"的儿子刘","0","19","19"
"不能这样","0","19","19"
"兖二州刺","0","19","19"
"流行瘟疫","0","19","19"
"之议论说","0","19","19"
"皇太后的","0","19","19"
"匹马驾车","0","19","19"
"没有成功","0","19","19"
"说出现了","0","19","19"
"二次出现","0","19","19"
"人们认为","0","19","19"
"兔出现于","0","19","19"
"军队驻扎","0","19","19"
"几个月后","0","19","19"
"太阳中出","0","19","19"
"阳中出现","0","19","19"
"都水路有","0","19","19"
"弃城逃跑","0","19","19"
"报效国家","0","19","19"
"没有到任","0","19","19"
"请求投降","0","19","19"
"四月初四","0","19","19"
"下诏免除","0","19","19"
"十月初五","0","19","19"
"打败夏军","0","19","19"
"苗傅等人","0","19","19"
"溢号为忠","0","19","19"
"祝贺天申","0","19","19"
"得到批准","0","19","19"
"黄帝座位","0","19","19"
"征伐太原","0","19","19"
"被召回朝","0","19","19"
"年考中进","0","19","19"
"王安石说","0","19","19"
"世祖即位","13","5","18"
"为中领军","9","9","18"
"为车骑将","6","12","18"
"为南徐州","10","8","18"
"十年春正","9","9","18"
"征北大将","9","9","18"
"北中郎将","9","9","18"
"州刺史臧","9","9","18"
"刺史臧质","9","9","18"
"州刺史徐","9","9","18"
"史王玄谟","9","9","18"
"阳王子房","13","5","18"
"北秦州刺","9","9","18"
"年正月辛","11","7","18"
"帝永兴元","9","9","18"
"九年六月","9","9","18"
"咸康二年","9","9","18"
"咸康七年","9","9","18"
"年三月壬","9","9","18"
"年二月辛","9","9","18"
"九年三月","9","9","18"
"一月癸亥","13","5","18"
"十四年正","9","9","18"
"元徽四年","8","10","18"
"康元年八","9","9","18"
"帝咸康元","9","9","18"
"帝永初元","9","9","18"
"三月己酉","12","6","18"
"七月庚午","13","5","18"
"安帝延光","9","9","18"
"吴孙权黄","9","9","18"
"永和五年","9","9","18"
"二月丙申","16","2","18"
"咸和八年","10","8","18"
"八年七月","9","9","18"
"正月戊子","12","6","18"
"帝元徽三","9","9","18"
"帝永宁元","9","9","18"
"咸和四年","9","9","18"
"十年五月","9","9","18"
"年四月壬","9","9","18"
"九年十一","9","9","18"
"帝永嘉元","9","9","18"
"帝太兴元","9","9","18"
"前废帝永","9","9","18"
"废帝永光","9","9","18"
"帝永光元","9","9","18"
"废帝即位","11","7","18"
"卫亲军马","9","9","18"
"武信军节","9","9","18"
"镇安军节","9","9","18"
"右厢都指","9","9","18"
"贵州防御","8","10","18"
"枢密承旨","9","9","18"
"兵马大元","9","9","18"
"马大元帅","9","9","18"
"卫步军都","9","9","18"
"为内侍省","8","10","18"
"仁孝皇帝","9","9","18"
"百八十四","9","9","18"
"英宗即位","8","10","18"
"天平军节","9","9","18"
"部尚书李","9","9","18"
"金吾卫上","9","9","18"
"吾卫上将","9","9","18"
"京西北路","9","9","18"
"主管机宜","9","9","18"
"管机宜文","9","9","18"
"朱胜非为","7","11","18"
"东安抚制","8","10","18"
"部侍郎王","9","9","18"
"七人及第","9","9","18"
"寿成皇后","9","9","18"
"京西宣抚","9","9","18"
"南转运判","9","9","18"
"以皇太后","13","5","18"
"督府参议","9","9","18"
"以吴潜为","9","9","18"
"康军承宣","10","8","18"
"枢密副都","9","9","18"
"密副都承","9","9","18"
"事兼太子","9","9","18"
"抚司公事","9","9","18"
"在太微垣","3","15","18"
"加检校少","17","1","18"
"判河南府","11","7","18"
"以右谏议","12","6","18"
"判吏部流","10","8","18"
"权知开封","12","6","18"
"朝请大夫","9","9","18"
"中祥符初","9","9","18"
"侍御史知","9","9","18"
"团练推官","9","9","18"
"迁著作佐","15","3","18"
"江南转运","9","9","18"
"昭应宫使","9","9","18"
"实录院同","9","9","18"
"录院同修","9","9","18"
"江西转运","8","10","18"
"朝议大夫","8","10","18"
"主管侍卫","9","9","18"
"司干办公","9","9","18"
"封魏国公","13","5","18"
"永嘉太守","8","10","18"
"主于太庙","15","3","18"
"月壬子朔","18","0","18"
"林园听讼","15","3","18"
"外散骑常","8","10","18"
"为安西将","8","10","18"
"鼓吹一部","13","5","18"
"为征西将","7","11","18"
"为左光禄","8","10","18"
"二月甲戌","17","1","18"
"州刺史长","9","9","18"
"刺史长沙","9","9","18"
"大将军彭","10","8","18"
"军彭城王","10","8","18"
"临海王子","12","6","18"
"海王子顼","12","6","18"
"史山阳王","9","9","18"
"元嘉十六","8","10","18"
"嘉十六年","8","10","18"
"州刺史巴","9","9","18"
"给事黄门","9","9","18"
"事黄门侍","9","9","18"
"六月庚子","11","7","18"
"年五月己","10","8","18"
"二千三百","9","9","18"
"元十四年","10","8","18"
"三十四万","9","9","18"
"服丧三年","3","15","18"
"晋孝武太","15","3","18"
"士大夫不","8","10","18"
"四年九月","9","9","18"
"咸宁四年","9","9","18"
"年十月丁","10","8","18"
"年正月十","4","14","18"
"兴十二年","4","14","18"
"永嘉六年","9","9","18"
"五月甲子","13","5","18"
"太白经天","18","0","18"
"元嘉十五","8","10","18"
"嘉十五年","8","10","18"
"十四年二","9","9","18"
"五年八月","9","9","18"
"天下将有","2","16","18"
"节度使王","8","10","18"
"州节度使","8","10","18"
"诏翰林学","13","5","18"
"兵马都部","9","9","18"
"马都部署","9","9","18"
"枢密使王","9","9","18"
"水陆并进","7","11","18"
"谓宰相曰","18","0","18"
"试礼部举","9","9","18"
"礼部举人","9","9","18"
"遣使来贺","18","0","18"
"张齐贤为","9","9","18"
"武安军节","9","9","18"
"为保宁军","5","13","18"
"下诏罪己","9","9","18"
"河北流民","9","9","18"
"真宗皇帝","4","14","18"
"宗御容于","18","0","18"
"御史里行","9","9","18"
"贺辽主生","9","9","18"
"士大夫之","14","4","18"
"制置三司","7","11","18"
"慈圣光献","9","9","18"
"孔子庙庭","9","9","18"
"诏改明年","11","7","18"
"走马承受","9","9","18"
"庆远军节","9","9","18"
"及金人战","18","0","18"
"英殿策试","2","16","18"
"山崇福宫","9","9","18"
"章事兼知","9","9","18"
"杖以下囚","18","0","18"
"司农少卿","9","9","18"
"右司员外","9","9","18"
"军器少监","9","9","18"
"左司郎中","9","9","18"
"士兼侍读","9","9","18"
"行庆寿礼","9","9","18"
"关外四州","9","9","18"
"为将作监","7","11","18"
"皇子嘉王","10","8","18"
"经武要略","10","8","18"
"其一子为","1","17","18"
"桥梁不通","3","15","18"
"入内都知","9","9","18"
"开禧二年","8","10","18"
"开宝二年","8","10","18"
"君臣之间","4","14","18"
"拜参知政","17","1","18"
"册府元龟","9","9","18"
"为知制诰","3","15","18"
"绍兴八年","3","15","18"
"有识之士","2","16","18"
"为太常少","6","12","18"
"〈王燮〉","18","0","18"
"二月十二","1","17","18"
"绍兴十年","2","16","18"
"女儿嫁给","0","18","18"
"是皇帝的","0","18","18"
"有一定的","0","18","18"
"拜见皇上","0","18","18"
"皇帝的诏","0","18","18"
"的典章制","0","18","18"
"亡命之徒","0","18","18"
"现在如果","0","18","18"
"没有这样","0","18","18"
"追赠他为","0","18","18"
"可以作为","0","18","18"
"告诉他们","0","18","18"
"虽然没有","0","18","18"
"的儿子王","0","18","18"
"得到朝廷","0","18","18"
"欺骗皇上","0","18","18"
"就可以了","0","18","18"
"上奏自行","0","18","18"
"有得到回","0","18","18"
"得到回答","0","18","18"
"皇上的意","0","18","18"
"科举考试","0","18","18"
"于是下诏","0","18","18"
"听从了他","0","18","18"
"鄂州知州","0","18","18"
"没有接受","0","18","18"
"次上表请","0","18","18"
"蛮来进贡","0","18","18"
"徽酞阁待","0","18","18"
"酞阁待制","0","18","18"
"侵犯太微","0","18","18"
"哥哥的儿","0","18","18"
"任命御史","0","18","18"
"己的意见","0","18","18"
"接受天命","0","18","18"
"人都认为","0","18","18"
"门上奏说","0","18","18"
"没有同意","0","18","18"
"三句每句","0","18","18"
"把这件事","0","18","18"
"帝元和年","0","18","18"
"捕获献上","0","18","18"
"获献上朝","0","18","18"
"白虎出现","0","18","18"
"虎出现于","0","18","18"
"白乌出现","0","18","18"
"队驻扎在","0","18","18"
"中出现黑","0","18","18"
"抵御敌人","0","18","18"
"向朝廷请","0","18","18"
"到中书省","0","18","18"
"近郊打猎","0","18","18"
"荐可以担","0","18","18"
"身份退休","0","18","18"
"十月初四","0","18","18"
"十分之三","0","18","18"
"在崇政殿","0","18","18"
"星进人氏","0","18","18"
"在朝廷上","0","18","18"
"一月初五","0","18","18"
"身体不适","0","18","18"
"担任将帅","0","18","18"
"勒令停职","0","18","18"
"打退金军","0","18","18"
"学士之职","0","18","18"
"多次请求","0","18","18"
"国派遣完","0","18","18"
"恢复国土","0","18","18"
"客星凌犯","0","18","18"
"承担责任","0","18","18"
"那么战争","0","18","18"
"从前离极","0","18","18"
"任地方官","0","18","18"
"认为他是","0","18","18"
"在皇上面","0","18","18"
"正直的人","0","18","18"
"将军刘道","5","12","17"
"年二月丁","9","8","17"
"贲中郎将","9","8","17"
"卫将军王","8","9","17"
"为尚书仆","9","8","17"
"州刺史江","9","8","17"
"镇南将军","8","9","17"
"安东将军","9","8","17"
"寻阳王子","13","4","17"
"刺史建平","8","9","17"
"晋熙王燮","9","8","17"
"百四十九","8","9","17"
"始二年正","7","10","17"
"年九月甲","9","8","17"
"年十月甲","9","8","17"
"五月甲寅","12","5","17"
"太安二年","9","8","17"
"月犯太微","9","8","17"
"升平五年","9","8","17"
"年十月壬","9","8","17"
"太元元年","8","9","17"
"六月甲辰","14","3","17"
"刺史司马","8","9","17"
"义熙二年","8","9","17"
"太元十五","9","8","17"
"太元十七","8","9","17"
"元十七年","8","9","17"
"海西公太","6","11","17"
"魏明帝太","9","8","17"
"魏明帝青","10","7","17"
"惠帝永康","9","8","17"
"四月丁巳","11","6","17"
"太宁元年","8","9","17"
"五年十二","8","9","17"
"元徽二年","9","8","17"
"康元年十","9","8","17"
"晋陵太守","9","8","17"
"知政事王","8","9","17"
"为工部尚","5","12","17"
"史馆校勘","8","9","17"
"江东宣抚","9","8","17"
"以下五百","9","8","17"
"节度使李","8","9","17"
"权给事中","10","7","17"
"官其一子","14","3","17"
"为宝文阁","5","12","17"
"二月乙卯","15","2","17"
"东转运判","9","8","17"
"权知枢密","13","4","17"
"知建宁府","12","5","17"
"为福州观","5","12","17"
"景德二年","5","12","17"
"州都巡检","8","9","17"
"累迁尚书","15","2","17"
"进龙图阁","15","2","17"
"权刑部侍","11","6","17"
"添差通判","10","7","17"
"然后可以","11","6","17"
"为秘阁修","1","16","17"
"班剑二十","9","8","17"
"神主于太","14","3","17"
"景平元年","9","8","17"
"高丽国遣","16","1","17"
"史长沙王","9","8","17"
"十七年春","9","8","17"
"宁蛮校尉","9","8","17"
"州刺史竟","9","8","17"
"刺史竟陵","9","8","17"
"史竟陵王","9","8","17"
"四月戊辰","11","6","17"
"元嘉三十","6","11","17"
"嘉三十年","6","11","17"
"司隶校尉","8","9","17"
"二月庚子","13","4","17"
"六年十月","8","9","17"
"一月戊午","13","4","17"
"六月壬子","13","4","17"
"元和二年","9","8","17"
"百八十九","8","9","17"
"百六十一","8","9","17"
"元二十一","9","8","17"
"太后临朝","11","6","17"
"司马道子","6","11","17"
"魏高贵乡","8","9","17"
"帝太康三","9","8","17"
"九月庚寅","12","5","17"
"五年十月","9","8","17"
"皇太后庙","5","12","17"
"二百一十","8","9","17"
"永嘉五年","8","9","17"
"为中书令","5","12","17"
"六月甲寅","11","6","17"
"星犯太微","7","10","17"
"年七月戊","9","8","17"
"年八月乙","9","8","17"
"十一年四","8","9","17"
"一年四月","8","9","17"
"羽虫之孽","8","9","17"
"月戊申朔","17","0","17"
"月丙申朔","17","0","17"
"月戊辰朔","17","0","17"
"太祖即位","10","7","17"
"内外诸军","13","4","17"
"率领所部","1","16","17"
"犯死罪以","9","8","17"
"彰信军节","9","8","17"
"东上阁门","16","1","17"
"为武胜军","7","10","17"
"为刑部侍","5","12","17"
"以给事中","12","5","17"
"为刑部尚","7","10","17"
"察在京刑","11","6","17"
"在京刑狱","11","6","17"
"后神主于","14","3","17"
"陕西经略","8","9","17"
"温成皇后","7","10","17"
"大飨明堂","15","2","17"
"君臣上下","6","11","17"
"辽主生辰","9","8","17"
"广西经略","8","9","17"
"为起居郎","4","13","17"
"御集英殿","16","1","17"
"正议大夫","9","8","17"
"赐上舍生","9","8","17"
"兴三十一","3","14","17"
"永州居住","7","10","17"
"韩世忠率","1","16","17"
"西路转运","7","10","17"
"钱二百万","8","9","17"
"等来贺天","17","0","17"
"来贺天申","17","0","17"
"以集英殿","9","8","17"
"汤思退为","7","10","17"
"吏部七司","10","7","17"
"安抚司干","9","8","17"
"从太上皇","9","8","17"
"宣州观察","8","9","17"
"淳熙十四","7","10","17"
"淳祐元年","14","3","17"
"流星出自","9","8","17"
"光宗即位","5","12","17"
"年六十九","10","7","17"
"咸平二年","7","10","17"
"判大理寺","10","7","17"
"拜中书舍","15","2","17"
"为转运使","9","8","17"
"召试学士","12","5","17"
"除端明殿","15","2","17"
"阁待制知","14","3","17"
"孝宗皇帝","1","16","17"
"熙宁二年","6","11","17"
"平民百姓","0","17","17"
"已经很久","0","17","17"
"知道自己","0","17","17"
"说的那样","0","17","17"
"这是什么","0","17","17"
"独揽朝政","0","17","17"
"最终还是","0","17","17"
"居住的地","0","17","17"
"他们的罪","0","17","17"
"也是这样","0","17","17"
"没有任何","0","17","17"
"远的地方","0","17","17"
"到这样的","0","17","17"
"世世代代","0","17","17"
"率领大军","0","17","17"
"什么时候","0","17","17"
"这是因为","0","17","17"
"心腹之臣","0","17","17"
"月犯房宿","0","17","17"
"三次上表","0","17","17"
"江陵知府","0","17","17"
"州知州兼","0","17","17"
"率领部众","0","17","17"
"为兖州刺","0","17","17"
"二月十一","0","17","17"
"太后去世","0","17","17"
"举行宴会","0","17","17"
"是古代的","0","17","17"
"元和年间","0","17","17"
"丧三年的","0","17","17"
"现在陛下","0","17","17"
"朝廷议论","0","17","17"
"称赞他的","0","17","17"
"承受天命","0","17","17"
"句每句三","0","17","17"
"出现于东","0","17","17"
"子有忧患","0","17","17"
"第二年正","0","17","17"
"对国家有","0","17","17"
"没有听从","0","17","17"
"临川王刘","0","17","17"
"现了白雉","0","17","17"
"吹折树木","0","17","17"
"作为自己","0","17","17"
"谥号为文","0","17","17"
"指挥军队","0","17","17"
"非常害怕","0","17","17"
"打败敌人","0","17","17"
"天下人的","0","17","17"
"率领部队","0","17","17"
"改过自新","0","17","17"
"献给皇上","0","17","17"
"有所作为","0","17","17"
"听从命令","0","17","17"
"在近郊打","0","17","17"
"玉津园设","0","17","17"
"津园设宴","0","17","17"
"亲近大臣","0","17","17"
"二月初七","0","17","17"
"殿接受朝","0","17","17"
"贩济饥民","0","17","17"
"白星进人","0","17","17"
"惑星进人","0","17","17"
"举荐可以","0","17","17"
"西部边境","0","17","17"
"分别推举","0","17","17"
"恢复饮食","0","17","17"
"多次上疏","0","17","17"
"德音文告","0","17","17"
"重新任命","0","17","17"
"金军围攻","0","17","17"
"刘光世派","0","17","17"
"来祝贺天","0","17","17"
"赵汝愚的","0","17","17"
"皇上任命","0","17","17"
"治他的罪","0","17","17"
"召他入朝","0","17","17"
"提升他为","0","17","17"
"为第一名","0","17","17"
"皇上不许","0","17","17"
"元嘉元年","8","8","16"
"为尚书令","8","8","16"
"西阳王子","12","4","16"
"阳王子尚","12","4","16"
"王休仁为","8","8","16"
"将军巴陵","8","8","16"
"军巴陵王","8","8","16"
"七月壬子","12","4","16"
"将军褚渊","8","8","16"
"史建平王","8","8","16"
"长水校尉","8","8","16"
"给四时朝","8","8","16"
"帝景初元","9","7","16"
"五月己亥","11","5","16"
"年十月庚","8","8","16"
"年七月癸","9","7","16"
"齐王嘉平","8","8","16"
"年六月己","8","8","16"
"元十六年","8","8","16"
"六年十一","8","8","16"
"一月癸巳","11","5","16"
"州刺史殷","8","8","16"
"州刺史司","8","8","16"
"年三月丁","9","7","16"
"五月壬戌","12","4","16"
"年三月辛","8","8","16"
"十年六月","8","8","16"
"二月庚申","13","3","16"
"西公太和","6","10","16"
"汉安帝延","8","8","16"
"二月壬寅","12","4","16"
"孙休永安","8","8","16"
"永嘉四年","7","9","16"
"帝太宁元","8","8","16"
"明元年五","8","8","16"
"十月庚午","11","5","16"
"宁元年十","8","8","16"
"年正月甲","9","7","16"
"废帝景和","8","8","16"
"七月庚申","11","5","16"
"二月丁卯","12","4","16"
"六月丙申","12","4","16"
"年二月庚","8","8","16"
"十七年六","8","8","16"
"三月戊子","12","4","16"
"尚书都官","8","8","16"
"梁郡诸军","9","7","16"
"东大将军","9","7","16"
"泰宁军节","8","8","16"
"广平郡王","8","8","16"
"指挥使王","8","8","16"
"为魏国公","3","13","16"
"五月乙未","13","3","16"
"月戊戌朔","16","0","16"
"济阳郡王","8","8","16"
"元丰五年","7","9","16"
"给事中王","8","8","16"
"江南东路","7","9","16"
"路安抚大","8","8","16"
"金国通问","8","8","16"
"四人及第","8","8","16"
"建康都统","8","8","16"
"西宣谕使","8","8","16"
"驻扎御前","7","9","16"
"焕章阁待","8","8","16"
"门下省检","8","8","16"
"下省检正","8","8","16"
"府参议官","8","8","16"
"府参赞军","8","8","16"
"章阁直学","8","8","16"
"夔路策应","8","8","16"
"安抚司公","8","8","16"
"七年七月","8","8","16"
"绍兴十三","4","12","16"
"兴十三年","4","12","16"
"十五年五","8","8","16"
"道都总管","8","8","16"
"周广顺初","7","9","16"
"左卫上将","8","8","16"
"将军张永","8","8","16"
"左领军卫","8","8","16"
"知通进银","6","10","16"
"尚书礼部","8","8","16"
"判尚书都","8","8","16"
"熙宁元年","8","8","16"
"知制诰兼","8","8","16"
"三司度支","8","8","16"
"景德元年","8","8","16"
"盐铁副使","8","8","16"
"州团练推","8","8","16"
"州军事推","8","8","16"
"军事推官","8","8","16"
"刑部员外","8","8","16"
"刑部郎中","8","8","16"
"三司盐铁","8","8","16"
"会灵观使","8","8","16"
"尚书祠部","8","8","16"
"权中书舍","10","6","16"
"实录检讨","8","8","16"
"章军国重","8","8","16"
"等二十七","8","8","16"
"刺史如故","16","0","16"
"徐兗二州","16","0","16"
"事无大小","10","6","16"
"二月乙丑","13","3","16"
"二月辛巳","14","2","16"
"九月己丑","11","5","16"
"丽国遣使","15","1","16"
"给鼓吹一","13","3","16"
"正月乙亥","11","5","16"
"梁州刺史","8","8","16"
"十二年春","8","8","16"
"七月乙酉","12","4","16"
"内外戒严","9","7","16"
"月丙戌朔","16","0","16"
"七月壬辰","13","3","16"
"军将军柳","8","8","16"
"刺史临海","8","8","16"
"史临海王","8","8","16"
"州刺史薛","8","8","16"
"刺史薛安","8","8","16"
"史薛安都","8","8","16"
"正月癸亥","13","3","16"
"死罪一等","12","4","16"
"八月壬子","10","6","16"
"三尺二寸","8","8","16"
"二十一度","6","10","16"
"六百七十","8","8","16"
"九万五千","8","8","16"
"初元年十","9","7","16"
"月辛酉朔","16","0","16"
"御史大夫","7","9","16"
"太和元年","8","8","16"
"年四月庚","8","8","16"
"汉光武帝","1","15","16"
"明帝泰豫","8","8","16"
"帝泰豫元","8","8","16"
"月丁未朔","16","0","16"
"出其不意","7","9","16"
"太和六年","8","8","16"
"正元元年","9","7","16"
"八年三月","8","8","16"
"七月乙丑","13","3","16"
"七月壬申","13","3","16"
"七月辛丑","13","3","16"
"义熙十一","6","10","16"
"兴王浚以","16","0","16"
"月甲申朔","16","0","16"
"孙皓宝鼎","8","8","16"
"州治中从","8","8","16"
"月癸亥朔","16","0","16"
"月癸巳朔","15","1","16"
"月丁卯朔","16","0","16"
"高祖北伐","9","7","16"
"年五十八","9","7","16"
"别驾从事","8","8","16"
"驾从事史","8","8","16"
"高祖征讨","1","15","16"
"为辅国将","9","7","16"
"中军参军","5","11","16"
"为著作郎","2","14","16"
"召为秘书","13","3","16"
"雄军节度","8","8","16"
"定难军节","8","8","16"
"外文武官","7","9","16"
"玉津园宴","15","1","16"
"侍御史李","8","8","16"
"兴军节度","8","8","16"
"命参知政","8","8","16"
"为宣徽南","5","11","16"
"为太子少","6","10","16"
"为武宁军","7","9","16"
"为秘书少","5","11","16"
"尊皇后为","3","13","16"
"于崇政殿","13","3","16"
"林学士王","8","8","16"
"为左谏议","3","13","16"
"部尚书张","8","8","16"
"忠州刺史","8","8","16"
"良方正能","8","8","16"
"方正能直","8","8","16"
"正能直言","8","8","16"
"能直言极","8","8","16"
"郎兼太子","8","8","16"
"路招讨使","8","8","16"
"保信军节","8","8","16"
"陕西宣抚","7","9","16"
"忠州防御","8","8","16"
"民间疾苦","7","9","16"
"降德音于","16","0","16"
"名进士及","8","8","16"
"宇文虚中","13","3","16"
"奉宁军节","8","8","16"
"为醴泉观","12","4","16"
"抚司统制","8","8","16"
"浙西提点","8","8","16"
"嵩山崇福","9","7","16"
"枢密院检","8","8","16"
"密院检详","8","8","16"
"左武大夫","8","8","16"
"江西提刑","9","7","16"
"西招抚使","8","8","16"
"濠州团练","12","4","16"
"学士致仕","15","1","16"
"卫马军司","8","8","16"
"勾龙如渊","6","10","16"
"徽宗实录","9","7","16"
"杨存中为","7","9","16"
"幸聚景园","16","0","16"
"员外郎兼","8","8","16"
"主管台州","8","8","16"
"浙东提举","8","8","16"
"将作少监","8","8","16"
"太常寺主","7","9","16"
"大元兵至","15","1","16"
"令临安府","2","14","16"
"侍御史陈","8","8","16"
"辰星犯之","16","0","16"
"宝庆三年","6","10","16"
"开宝六年","6","10","16"
"从征太原","16","0","16"
"崇宁五年","6","10","16"
"迁中书舍","16","0","16"
"知审刑院","9","7","16"
"司户部判","8","8","16"
"陕西都转","8","8","16"
"西都转运","8","8","16"
"礼部郎官","8","8","16"
"绍兴十二","3","13","16"
"通议大夫","8","8","16"
"近年以来","1","15","16"
"司条例司","4","12","16"
"与韩世忠","7","9","16"
"天下的人","0","16","16"
"祭祀礼仪","0","16","16"
"可以知道","0","16","16"
"明堂祭祀","0","16","16"
"有不同的","0","16","16"
"象预示将","0","16","16"
"示将有战","0","16","16"
"带来的灾","0","16","16"
"什么地方","0","16","16"
"这大概是","0","16","16"
"到自己的","0","16","16"
"时间长了","0","16","16"
"采纳他的","0","16","16"
"都是因为","0","16","16"
"上书朝廷","0","16","16"
"只不过是","0","16","16"
"武陵王刘","0","16","16"
"的神主牌","0","16","16"
"臣民聚饮","0","16","16"
"全国囚犯","0","16","16"
"不上奏自","0","16","16"
"背弃盟约","0","16","16"
"那么国家","0","16","16"
"是朝廷的","0","16","16"
"解除职务","0","16","16"
"意了他的","0","16","16"
"贾似道的","0","16","16"
"有一个人","0","16","16"
"中原地区","0","16","16"
"月犯心宿","0","16","16"
"十分之七","0","16","16"
"人口一万","0","16","16"
"九月初八","0","16","16"
"正月初七","0","16","16"
"为左承相","0","16","16"
"唐朝开元","0","16","16"
"国家安定","0","16","16"
"任吏部侍","0","16","16"
"任右谏议","0","16","16"
"任礼部侍","0","16","16"
"于是派遣","0","16","16"
"坚决推辞","0","16","16"
"听从他的","0","16","16"
"知道他们","0","16","16"
"留在京城","0","16","16"
"长沙王刘","0","16","16"
"北郊祭祀","0","16","16"
"高丽国派","0","16","16"
"正月初六","0","16","16"
"廷内外的","0","16","16"
"他们自己","0","16","16"
"法则减去","0","16","16"
"观察不到","0","16","16"
"理国家的","0","16","16"
"是正确的","0","16","16"
"举行一次","0","16","16"
"当时皇帝","0","16","16"
"祭祀宗庙","0","16","16"
"所说的话","0","16","16"
"又十二分","0","16","16"
"地有战争","0","16","16"
"束井之宿","0","16","16"
"没有出现","0","16","16"
"横贯天空","0","16","16"
"安定下来","0","16","16"
"惑星进入","0","16","16"
"南谯王刘","0","16","16"
"发生旱灾","0","16","16"
"自己请求","0","16","16"
"朝廷于是","0","16","16"
"连根拔起","0","16","16"
"应该加以","0","16","16"
"他们二人","0","16","16"
"愤愤不平","0","16","16"
"母亲年老","0","16","16"
"恢复官职","0","16","16"
"人民饥饿","0","16","16"
"能写文章","0","16","16"
"节度使的","0","16","16"
"三月初六","0","16","16"
"州发生火","0","16","16"
"治理国事","0","16","16"
"三月初五","0","16","16"
"江南军队","0","16","16"
"来祝贺新","0","16","16"
"三月初三","0","16","16"
"诏令各路","0","16","16"
"接受朝贺","0","16","16"
"后溢号为","0","16","16"
"并且命令","0","16","16"
"各自举荐","0","16","16"
"颁布德音","0","16","16"
"免除各路","0","16","16"
"嗣攫王赵","0","16","16"
"日朝见皇","0","16","16"
"回答皇上","0","16","16"
"回到京师","0","16","16"
"金军交战","0","16","16"
"与金军在","0","16","16"
"任命刘光","0","16","16"
"视察军队","0","16","16"
"次上疏请","0","16","16"
"削夺三官","0","16","16"
"使金朝祝","0","16","16"
"金朝祝贺","0","16","16"
"到聚景园","0","16","16"
"一颗星叫","0","16","16"
"它分野地","0","16","16"
"野地区的","0","16","16"
"对皇帝说","0","16","16"
"很久以后","0","16","16"
"当时宰相","0","16","16"
"任户部侍","0","16","16"
"不久改任","0","16","16"
"认为不行","0","16","16"
"周必大说","0","16","16"
"有司行事","15","0","15"
"二月丁酉","13","2","15"
"将军刘毅","6","9","15"
"景平二年","7","8","15"
"八月丁酉","11","4","15"
"广陵王诞","12","3","15"
"嘉王子仁","9","6","15"
"秦河二州","8","7","15"
"河二州刺","8","7","15"
"为镇西将","4","11","15"
"青龙三年","8","7","15"
"十月甲午","11","4","15"
"甘露元年","9","6","15"
"南第二星","8","7","15"
"二月辛酉","11","4","15"
"二月辛卯","11","4","15"
"州刺史谢","8","7","15"
"年六月癸","8","7","15"
"五月甲申","9","6","15"
"月入太微","7","8","15"
"十月壬午","12","3","15"
"泰始十年","8","7","15"
"年九月庚","7","8","15"
"豫章南昌","11","4","15"
"帝泰始四","7","8","15"
"泰始八年","9","6","15"
"永昌二年","7","8","15"
"正月癸巳","12","3","15"
"帝大明七","7","8","15"
"四月壬申","10","5","15"
"兴二年十","8","7","15"
"年六月戊","8","7","15"
"帝咸宁二","8","7","15"
"四月丁丑","11","4","15"
"太元二年","7","8","15"
"百九十六","7","8","15"
"中书通事","8","7","15"
"书通事舍","8","7","15"
"步军都虞","7","8","15"
"宰相范质","6","9","15"
"为大内都","8","7","15"
"以参知政","12","3","15"
"南平王李","7","8","15"
"宣仁圣烈","8","7","15"
"宰相韩琦","7","8","15"
"侍讲学士","8","7","15"
"韩忠彦为","6","9","15"
"北路安抚","8","7","15"
"等为金国","11","4","15"
"为江东安","6","9","15"
"命张俊为","5","10","15"
"为清远军","4","11","15"
"以敷文阁","11","4","15"
"月己酉朔","14","1","15"
"为太皇太","5","10","15"
"知襄阳府","11","4","15"
"钱五百万","9","6","15"
"尚书兵部","8","7","15"
"平兴国二","7","8","15"
"兴国二年","7","8","15"
"彰德军节","7","8","15"
"兼枢密副","8","7","15"
"马军副都","8","7","15"
"尚书都省","8","7","15"
"判太常寺","7","8","15"
"州观察推","8","7","15"
"钱四十万","8","7","15"
"迁起居郎","13","2","15"
"权礼部侍","9","6","15"
"十余万缗","11","4","15"
"兴元年正","8","7","15"
"二十七人","8","7","15"
"丹阳尹刘","8","7","15"
"为中军将","6","9","15"
"八月戊午","10","5","15"
"七月己酉","11","4","15"
"子即皇帝","8","7","15"
"五月戊寅","12","3","15"
"四月戊戌","12","3","15"
"年春二月","8","7","15"
"正月丁巳","11","4","15"
"七月乙卯","9","6","15"
"为郢州刺","9","6","15"
"二月丙午","12","3","15"
"月乙巳朔","15","0","15"
"二月戊戌","12","3","15"
"三月丙申","11","4","15"
"百一十二","8","7","15"
"二月十六","3","12","15"
"十二年十","8","7","15"
"三月甲戌","12","3","15"
"愍怀太子","3","12","15"
"四月丙午","11","4","15"
"宝鼎元年","8","7","15"
"天下大乱","4","11","15"
"二月戊申","13","2","15"
"九十一度","7","8","15"
"太白犯南","15","0","15"
"岁星合于","8","7","15"
"五千余人","9","6","15"
"元十九年","8","7","15"
"星入羽林","3","12","15"
"年五月乙","8","7","15"
"大人有忧","4","11","15"
"刺史沈文","8","7","15"
"史沈文秀","8","7","15"
"月丙辰朔","15","0","15"
"五月癸酉","10","5","15"
"芙蓉二花","8","7","15"
"元徽五年","7","8","15"
"月庚寅朔","14","1","15"
"月乙酉朔","15","0","15"
"州大中正","9","6","15"
"身先士卒","4","11","15"
"大举北伐","6","9","15"
"郑兵将军","2","13","15"
"令皇太子","5","10","15"
"南节度使","7","8","15"
"慕容延钊","7","8","15"
"节度使曹","7","8","15"
"津园宴射","15","0","15"
"十七人及","6","9","15"
"江南军于","15","0","15"
"来贺正旦","15","0","15"
"州录事参","8","7","15"
"天下兵马","7","8","15"
"南军节度","8","7","15"
"罪以下囚","7","8","15"
"为谏议大","5","10","15"
"诏诸路转","14","1","15"
"荆湖南路","5","10","15"
"河东宣抚","7","8","15"
"复州团练","8","7","15"
"诏开封府","7","8","15"
"内内侍省","9","6","15"
"广南西路","7","8","15"
"者各二人","9","6","15"
"中祥符三","5","10","15"
"祥符三年","5","10","15"
"章献明肃","8","7","15"
"朝政得失","1","14","15"
"神宗皇帝","5","10","15"
"张商英为","6","9","15"
"西经略使","6","9","15"
"何执中为","8","7","15"
"安德军节","7","8","15"
"为右文殿","2","13","15"
"学生陈东","7","8","15"
"太学诸生","12","3","15"
"知应天府","11","4","15"
"直徽猷阁","10","5","15"
"立张邦昌","6","9","15"
"显谟阁待","8","7","15"
"龙神卫四","9","6","15"
"北京留守","8","7","15"
"浙西制置","7","8","15"
"刘光世率","1","14","15"
"下诏亲征","5","10","15"
"敕令格式","13","2","15"
"总领四川","8","7","15"
"上太上皇","7","8","15"
"以下三百","9","6","15"
"权吏部侍","10","5","15"
"判建康府","11","4","15"
"犯死罪囚","6","9","15"
"枢密使兼","7","8","15"
"两浙州县","7","8","15"
"管台州崇","8","7","15"
"台州崇道","8","7","15"
"州崇道观","8","7","15"
"礼官讨论","3","12","15"
"任便居住","10","5","15"
"周必大为","6","9","15"
"绍熙元年","7","8","15"
"大元兵破","15","0","15"
"于天市垣","3","12","15"
"常寺主簿","7","8","15"
"从祀孔子","10","5","15"
"赠开府仪","10","5","15"
"为承信郎","1","14","15"
"白云气入","15","0","15"
"填星犯之","15","0","15"
"皇后有忧","1","14","15"
"令翰林学","3","12","15"
"开宝三年","6","9","15"
"任将作监","1","14","15"
"为枢密直","4","11","15"
"陛下之心","12","3","15"
"路转运副","7","8","15"
"迁给事中","15","0","15"
"迁起居舍","14","1","15"
"州司理参","8","7","15"
"权直学士","9","6","15"
"迁校书郎","14","1","15"
"左右大臣","2","13","15"
"绍兴四年","2","13","15"
"百姓的疾","0","15","15"
"不知道的","0","15","15"
"一天比一","0","15","15"
"天比一天","0","15","15"
"继承皇位","0","15","15"
"征收赋税","0","15","15"
"是一样的","0","15","15"
"详细讨论","0","15","15"
"感到奇怪","0","15","15"
"我认为应","0","15","15"
"登上帝位","0","15","15"
"特殊情况","0","15","15"
"的意思是","0","15","15"
"毁坏房屋","0","15","15"
"一直没有","0","15","15"
"认为不能","0","15","15"
"如果没有","0","15","15"
"命中注定","0","15","15"
"为什么呢","0","15","15"
"帝的儿子","0","15","15"
"四月初八","0","15","15"
"因母亲去","0","15","15"
"太阳周围","0","15","15"
"是战争发","0","15","15"
"皇上认为","0","15","15"
"这个意见","0","15","15"
"不同意见","0","15","15"
"皇上召见","0","15","15"
"过了一个","0","15","15"
"过了很久","0","15","15"
"管理宫观","0","15","15"
"皇上对他","0","15","15"
"认为他们","0","15","15"
"厚的赏赐","0","15","15"
"任吏部尚","0","15","15"
"三月初七","0","15","15"
"下诏礼部","0","15","15"
"州来进贡","0","15","15"
"兵马铃辖","0","15","15"
"后有忧患","0","15","15"
"赐谥号为","0","15","15"
"同心协力","0","15","15"
"派遣军队","0","15","15"
"正月初八","0","15","15"
"有比这更","0","15","15"
"遣使者来","0","15","15"
"王派遣使","0","15","15"
"出一部分","0","15","15"
"检阅军队","0","15","15"
"正月初三","0","15","15"
"相应的数","0","15","15"
"的人不能","0","15","15"
"的方法说","0","15","15"
"水旱灾害","0","15","15"
"于是下令","0","15","15"
"建平王刘","0","15","15"
"举行宗庙","0","15","15"
"没有人能","0","15","15"
"愚意以为","0","15","15"
"是天下的","0","15","15"
"没有实行","0","15","15"
"于是诏令","0","15","15"
"没有其他","0","15","15"
"正人君子","0","15","15"
"天下安定","0","15","15"
"东井之宿","0","15","15"
"于太微垣","0","15","15"
"示将有大","0","15","15"
"羡之等人","0","15","15"
"阳王刘子","0","15","15"
"从来没有","0","15","15"
"之上报朝","0","15","15"
"这年春天","0","15","15"
"京城发生","0","15","15"
"被连根拔","0","15","15"
"水灾旱灾","0","15","15"
"路有一千","0","15","15"
"他的两个","0","15","15"
"将他斩首","0","15","15"
"以礼相待","0","15","15"
"下诏赐给","0","15","15"
"奉命出使","0","15","15"
"他的部众","0","15","15"
"任命为右","0","15","15"
"太祖赐给","0","15","15"
"意见不合","0","15","15"
"又怎么能","0","15","15"
"正副长官","0","15","15"
"于是又到","0","15","15"
"人来进贡","0","15","15"
"二月初九","0","15","15"
"减刑一等","0","15","15"
"祈祷降雪","0","15","15"
"有得到答","0","15","15"
"大中样符","0","15","15"
"五月初六","0","15","15"
"率兵前往","0","15","15"
"贪赃枉法","0","15","15"
"慰问抚恤","0","15","15"
"太庙附祭","0","15","15"
"七月初九","0","15","15"
"侵犯南斗","0","15","15"
"犯南斗星","0","15","15"
"蛮攻打边","0","15","15"
"一月初八","0","15","15"
"录用他的","0","15","15"
"到集英殿","0","15","15"
"五日朝见","0","15","15"
"亲自书写","0","15","15"
"击败金军","0","15","15"
"命令岳飞","0","15","15"
"韩世忠派","0","15","15"
"两淮地区","0","15","15"
"星不明亮","0","15","15"
"彗星占据","0","15","15"
"梁不通行","0","15","15"
"人民有瘟","0","15","15"
"民有瘟疫","0","15","15"
"离极一百","0","15","15"
"物不成熟","0","15","15"
"终年八十","0","15","15"
"这个时候","0","15","15"
"的身份任","0","15","15"
"司马光的","0","15","15"
"入朝奏对","0","15","15"
"入朝觐见","0","15","15"
"敕令所删","7","7","14"
"郡太守王","7","7","14"
"为荆州刺","9","5","14"
"刺史王弘","7","7","14"
"陵王义真","12","2","14"
"刺史江夏","8","6","14"
"史江夏王","8","6","14"
"吐谷浑拾","7","7","14"
"王义宣为","8","6","14"
"州刺史广","7","7","14"
"刺史广陵","7","7","14"
"史广陵王","7","7","14"
"沈庆之为","7","7","14"
"州刺史义","8","6","14"
"永嘉王子","9","5","14"
"将军湘东","7","7","14"
"军将军建","7","7","14"
"刺史王景","7","7","14"
"史王景文","7","7","14"
"为骠骑大","5","9","14"
"王休若为","6","8","14"
"军将军褚","7","7","14"
"刺史晋熙","7","7","14"
"史晋熙王","7","7","14"
"二月癸亥","13","1","14"
"六百三十","7","7","14"
"交会差率","6","8","14"
"百三十二","7","7","14"
"二月丙子","12","2","14"
"齐王正始","8","6","14"
"月犯舆鬼","7","7","14"
"魏齐王嘉","7","7","14"
"年十月丙","7","7","14"
"年八月辛","7","7","14"
"景元元年","8","6","14"
"年三月丙","7","7","14"
"永和元年","7","7","14"
"四月丙戌","8","6","14"
"十月甲戌","12","2","14"
"四月癸酉","10","4","14"
"九年二月","7","7","14"
"正月乙卯","9","5","14"
"和四年十","7","7","14"
"汉桓帝永","7","7","14"
"兴三年四","7","7","14"
"五月辛巳","10","4","14"
"年三月甲","7","7","14"
"八年九月","7","7","14"
"建兴元年","7","7","14"
"十年七月","7","7","14"
"帝延光三","7","7","14"
"刺史南平","8","6","14"
"史南平王","8","6","14"
"帝大明五","5","9","14"
"康三年六","7","7","14"
"孝武帝宁","7","7","14"
"武帝宁康","7","7","14"
"义熙十年","6","8","14"
"吴孙休永","7","7","14"
"帝升明元","7","7","14"
"宁元年七","7","7","14"
"七年十二","7","7","14"
"建元元年","9","5","14"
"前废帝景","7","7","14"
"十月辛卯","11","3","14"
"年十月己","7","7","14"
"孙亮建兴","7","7","14"
"二百九十","7","7","14"
"九百六十","7","7","14"
"孝武孝建","10","4","14"
"为秘书丞","6","8","14"
"大内都部","7","7","14"
"内都部署","7","7","14"
"右卫大将","7","7","14"
"大将军王","7","7","14"
"户部副使","7","7","14"
"集庆军节","7","7","14"
"并为枢密","13","1","14"
"左卫大将","7","7","14"
"吕公著为","6","8","14"
"章军国事","7","7","14"
"建安郡王","7","7","14"
"安康郡王","7","7","14"
"三百八十","7","7","14"
"二百七十","7","7","14"
"少宰兼中","7","7","14"
"宰兼中书","7","7","14"
"河东路宣","7","7","14"
"为昭化军","3","11","14"
"镇西军节","7","7","14"
"黄潜善为","5","9","14"
"右司郎中","7","7","14"
"二千余人","12","2","14"
"京东西路","6","8","14"
"为金国通","7","7","14"
"国通问使","7","7","14"
"东安抚司","7","7","14"
"命韩世忠","4","10","14"
"江都统制","7","7","14"
"敷文阁学","7","7","14"
"以户部侍","9","5","14"
"正月辛未","14","0","14"
"光尧寿圣","7","7","14"
"管内安抚","7","7","14"
"四万四千","7","7","14"
"千牛卫将","7","7","14"
"牛卫将军","7","7","14"
"淮制置大","7","7","14"
"为秘阁校","8","6","14"
"都督行府","7","7","14"
"补转官资","6","8","14"
"南外宗正","7","7","14"
"彰化军节","7","7","14"
"司封员外","7","7","14"
"封员外郎","7","7","14"
"恭帝即位","7","7","14"
"州兵马钤","8","6","14"
"建隆三年","6","8","14"
"客员外郎","7","7","14"
"加给事中","13","1","14"
"同学究出","7","7","14"
"学究出身","7","7","14"
"北路转运","7","7","14"
"安国军节","7","7","14"
"军副都军","7","7","14"
"副都军头","7","7","14"
"百二十二","7","7","14"
"知大名府","8","6","14"
"下侍郎兼","7","7","14"
"兼同修国","7","7","14"
"管侍卫马","7","7","14"
"起居郎兼","7","7","14"
"舍人兼侍","7","7","14"
"东转运副","7","7","14"
"高祖武皇","7","7","14"
"州刺史安","8","6","14"
"为大将军","9","5","14"
"剑二十人","9","5","14"
"郊祀天地","3","11","14"
"中二千石","8","6","14"
"月甲辰朔","13","1","14"
"二月丁丑","12","2","14"
"为冠军将","7","7","14"
"司徒徐羡","6","8","14"
"徒徐羡之","6","8","14"
"军到彦之","7","7","14"
"司徒参军","7","7","14"
"七月戊辰","11","3","14"
"七月戊戌","12","2","14"
"二月癸酉","13","1","14"
"军萧思话","7","7","14"
"为安南将","6","8","14"
"尚书令何","7","7","14"
"三月癸亥","11","3","14"
"月辛亥朔","14","0","14"
"四月甲申","10","4","14"
"武卫将军","7","7","14"
"安陆王子","8","6","14"
"陆王子绥","8","6","14"
"刺史建安","7","7","14"
"史建安王","7","7","14"
"越骑校尉","7","7","14"
"皇太后于","9","5","14"
"正月庚子","9","5","14"
"十月丙戌","11","3","14"
"二月丁巳","12","2","14"
"刺史张敬","7","7","14"
"十月丁丑","8","6","14"
"二十余人","13","1","14"
"明帝永平","7","7","14"
"二百三十","7","7","14"
"二千四百","6","8","14"
"百七十九","6","8","14"
"一千一百","7","7","14"
"四千二百","7","7","14"
"千二百六","7","7","14"
"太常丞庾","8","6","14"
"帝元兴元","7","7","14"
"帝孝建三","7","7","14"
"汉献帝延","7","7","14"
"年十月乙","8","6","14"
"太宁三年","7","7","14"
"京兆府君","3","11","14"
"帝太兴三","8","6","14"
"太元十二","7","7","14"
"元十二年","7","7","14"
"二月戊子","10","4","14"
"咸宁五年","9","5","14"
"十五年二","7","7","14"
"年六月乙","7","7","14"
"始二年六","7","7","14"
"六年十二","7","7","14"
"年八月甲","7","7","14"
"太白犯岁","14","0","14"
"白犯岁星","14","0","14"
"二百八十","7","7","14"
"十月癸巳","11","3","14"
"兴元年十","7","7","14"
"月庚午朔","14","0","14"
"四月己丑","9","5","14"
"正月壬午","10","4","14"
"十二年六","7","7","14"
"三千余人","11","3","14"
"五月丁未","10","4","14"
"九月丁丑","10","4","14"
"七年八月","7","7","14"
"会稽山阴","8","6","14"
"河南洛阳","8","6","14"
"正月癸卯","11","3","14"
"十五年八","7","7","14"
"九月己巳","12","2","14"
"月壬辰朔","14","0","14"
"参军督护","8","6","14"
"皓宝鼎元","7","7","14"
"野蚕成茧","8","6","14"
"天戒若曰","14","0","14"
"闰十一月","4","10","14"
"月丙寅朔","14","0","14"
"二百二十","7","7","14"
"年五十五","7","7","14"
"陈郡阳夏","7","7","14"
"郡阳夏人","7","7","14"
"为太学博","5","9","14"
"父子兄弟","6","8","14"
"为谘议参","8","6","14"
"抚军中兵","7","7","14"
"新蔡二郡","7","7","14"
"谓左右曰","14","0","14"
"年五十四","7","7","14"
"自今以后","1","13","14"
"左氏春秋","7","7","14"
"将军中兵","7","7","14"
"翰林承旨","7","7","14"
"占城国王","7","7","14"
"观习水战","11","3","14"
"司法参军","7","7","14"
"使兼枢密","7","7","14"
"文武臣僚","6","8","14"
"以太子太","8","6","14"
"永兴军节","7","7","14"
"侍御史张","7","7","14"
"内客省使","7","7","14"
"丹遣使来","14","0","14"
"荆湖南北","8","6","14"
"诸房公事","7","7","14"
"宗神御殿","8","6","14"
"部尚书赵","7","7","14"
"安抚河北","5","9","14"
"遣监察御","7","7","14"
"皇后郭氏","7","7","14"
"大长公主","7","7","14"
"侍郎兼太","7","7","14"
"体量安抚","11","3","14"
"察御史里","7","7","14"
"大宗正司","7","7","14"
"诸路提刑","14","0","14"
"步军都总","7","7","14"
"军都总管","7","7","14"
"御大庆殿","13","1","14"
"殿前指挥","7","7","14"
"前指挥使","7","7","14"
"中外臣僚","5","9","14"
"司御史台","7","7","14"
"哲宗实录","7","7","14"
"永阳郡王","7","7","14"
"九人及第","7","7","14"
"诏大理寺","4","10","14"
"保大军节","7","7","14"
"大军节度","7","7","14"
"封卫国公","10","4","14"
"都统制张","7","7","14"
"司统制官","7","7","14"
"权吏部尚","11","3","14"
"后军统制","7","7","14"
"为右司谏","5","9","14"
"检正诸房","7","7","14"
"刘光世遣","14","0","14"
"神武中军","7","7","14"
"度支员外","7","7","14"
"支员外郎","7","7","14"
"领四川财","7","7","14"
"宝文阁直","7","7","14"
"襄阳府路","7","7","14"
"诸路军马","10","4","14"
"国军承宣","7","7","14"
"合祀天地","14","0","14"
"权户部侍","10","4","14"
"恩平郡王","7","7","14"
"十五万缗","9","5","14"
"高宗下诏","2","12","14"
"左千牛卫","7","7","14"
"郎兼侍讲","7","7","14"
"相周必大","7","7","14"
"州安抚使","5","9","14"
"后垂帘听","3","11","14"
"右武大夫","7","7","14"
"籍没其家","1","13","14"
"真德秀为","3","11","14"
"祀孔子庙","9","5","14"
"嘉熙元年","7","7","14"
"四川制司","7","7","14"
"诏贾似道","6","8","14"
"书少监兼","8","6","14"
"学士提举","11","3","14"
"五星犯之","14","0","14"
"在紫微垣","2","12","14"
"平兴国中","10","4","14"
"不知所措","3","11","14"
"营前军都","7","7","14"
"年六十七","7","7","14"
"军节度判","7","7","14"
"咸平四年","3","11","14"
"端拱二年","3","11","14"
"兼侍读学","8","6","14"
"二十余年","10","4","14"
"不可胜计","8","6","14"
"而天下之","13","1","14"
"检正中书","7","7","14"
"宗即帝位","1","13","14"
"大有为之","9","5","14"
"皇帝陛下","2","12","14"
"英雄豪杰","1","13","14"
"政和二年","6","8","14"
"建炎四年","4","10","14"
"令韩世忠","1","13","14"
"刘光世军","1","13","14"
"龙虎大王","7","7","14"
"姓的疾苦","0","14","14"
"宗庙大祭","0","14","14"
"未成年而","0","14","14"
"不举行祭","0","14","14"
"有军事行","0","14","14"
"有战争及","0","14","14"
"圣明的君","0","14","14"
"军队出征","0","14","14"
"是同样的","0","14","14"
"这个道理","0","14","14"
"出现日食","0","14","14"
"出自己的","0","14","14"
"没有比这","0","14","14"
"皇上的恩","0","14","14"
"亲近的人","0","14","14"
"不是因为","0","14","14"
"各路军队","0","14","14"
"世的消息","0","14","14"
"是命中注","0","14","14"
"们这些人","0","14","14"
"免除他们","0","14","14"
"允许他们","0","14","14"
"动不动就","0","14","14"
"地采纳了","0","14","14"
"了他的请","0","14","14"
"告诉皇上","0","14","14"
"这种做法","0","14","14"
"认为陛下","0","14","14"
"安居乐业","0","14","14"
"多次上奏","0","14","14"
"认为这样","0","14","14"
"任尚书左","0","14","14"
"内外官员","0","14","14"
"后尊号为","0","14","14"
"放出宫女","0","14","14"
"二千多人","0","14","14"
"讨伐平定","0","14","14"
"任其一子","0","14","14"
"下诏四川","0","14","14"
"任兵部侍","0","14","14"
"任同知枢","0","14","14"
"任龙图阁","0","14","14"
"任太常少","0","14","14"
"率领百官","0","14","14"
"而实际上","0","14","14"
"没有办法","0","14","14"
"因病请求","0","14","14"
"亲自写信","0","14","14"
"朝廷授予","0","14","14"
"打败他们","0","14","14"
"他的哥哥","0","14","14"
"关官员上","0","14","14"
"改年号为","0","14","14"
"继承帝位","0","14","14"
"边远地区","0","14","14"
"祀的礼仪","0","14","14"
"处理政务","0","14","14"
"以下的官","0","14","14"
"各不相同","0","14","14"
"被追赠为","0","14","14"
"没有举行","0","14","14"
"月辛末日","0","14","14"
"的时候就","0","14","14"
"都不知道","0","14","14"
"太阳运行","0","14","14"
"进入太微","0","14","14"
"星犯房宿","0","14","14"
"预示君主","0","14","14"
"宿犯木星","0","14","14"
"这预示将","0","14","14"
"失去权势","0","14","14"
"月亮进入","0","14","14"
"谯王刘义","0","14","14"
"晋安王刘","0","14","14"
"王刘子勋","0","14","14"
"百姓遭受","0","14","14"
"全国各地","0","14","14"
"征召他为","0","14","14"
"被平定后","0","14","14"
"晋安帝时","0","14","14"
"多次上书","0","14","14"
"的儿子赵","0","14","14"
"继承他的","0","14","14"
"希望得到","0","14","14"
"大败敌军","0","14","14"
"陛下的心","0","14","14"
"过去一样","0","14","14"
"答皇上的","0","14","14"
"代替自己","0","14","14"
"六十八岁","0","14","14"
"告诉他说","0","14","14"
"没有回答","0","14","14"
"没被允许","0","14","14"
"二十多年","0","14","14"
"推辞不接","0","14","14"
"辞不接受","0","14","14"
"百名骑兵","0","14","14"
"使的身份","0","14","14"
"寺祈祷降","0","14","14"
"契丹军队","0","14","14"
"州发大水","0","14","14"
"被流放到","0","14","14"
"九月初七","0","14","14"
"五月初七","0","14","14"
"六月初九","0","14","14"
"了这件事","0","14","14"
"的所作所","0","14","14"
"六月初七","0","14","14"
"命令宰臣","0","14","14"
"讯察记录","0","14","14"
"太宗亲自","0","14","14"
"五月初五","0","14","14"
"升官一级","0","14","14"
"下诏转运","0","14","14"
"星侵犯太","0","14","14"
"请求诛杀","0","14","14"
"进人井宿","0","14","14"
"在太庙附","0","14","14"
"各路提刑","0","14","14"
"陕西各路","0","14","14"
"罢除各路","0","14","14"
"社翟祈祷","0","14","14"
"邓州知州","0","14","14"
"流星白天","0","14","14"
"下诏削夺","0","14","14"
"出使金军","0","14","14"
"与金军交","0","14","14"
"命令张俊","0","14","14"
"金军进犯","0","14","14"
"绍兴九年","0","14","14"
"陈州知州","0","14","14"
"元军攻破","0","14","14"
"书;天文","0","14","14"
";天文志","0","14","14"
"色云气侵","0","14","14"
"那么人民","0","14","14"
"苍白色云","0","14","14"
"长久占据","0","14","14"
"任宰相后","0","14","14"
"升任礼部","0","14","14"
"他的罪状","0","14","14"
"任大理寺","0","14","14"
"任起居舍","0","14","14"
"中进士后","0","14","14"
"被召回京","0","14","14"
"秦桧死后","0","14","14"
"被推举参","0","14","14"
"次上奏章","0","14","14"
"张浚认为","0","14","14"
"韩世忠被","0","14","14"
"宫车晏驾","13","0","13"
"太阴入氐","13","0","13"
"食邑千户","11","2","13"
"庐陵王义","11","2","13"
"吐谷浑慕","7","6","13"
"强弩将军","6","7","13"
"王休范为","8","5","13"
"军建安王","6","7","13"
"青冀二州","6","7","13"
"邑二千户","6","7","13"
"蔡兴宗为","7","6","13"
"为江夏王","8","5","13"
"二万二千","7","6","13"
"五百二十","7","6","13"
"汉献帝建","7","6","13"
"献帝建安","7","6","13"
"分为一度","6","7","13"
"黄初三年","8","5","13"
"黄初四年","6","7","13"
"正月辛亥","12","1","13"
"七月丙午","9","4","13"
"月犯东井","10","3","13"
"甘露二年","7","6","13"
"正月丙辰","10","3","13"
"六月乙亥","11","2","13"
"五月壬申","10","3","13"
"月犯南斗","9","4","13"
"永和十年","6","7","13"
"太元十六","7","6","13"
"四月癸丑","9","4","13"
"九月壬寅","10","3","13"
"二月己酉","11","2","13"
"三月丁巳","11","2","13"
"六月壬戌","10","3","13"
"帝太康五","6","7","13"
"四月癸卯","9","4","13"
"三月丙辰","10","3","13"
"年闰三月","7","6","13"
"咸和二年","7","6","13"
"太元十三","6","7","13"
"元十三年","6","7","13"
"万五千人","6","7","13"
"一月甲戌","11","2","13"
"九月戊午","11","2","13"
"元兴二年","6","7","13"
"一月辛卯","9","4","13"
"七月甲申","9","4","13"
"十年十二","7","6","13"
"四十五万","7","6","13"
"前汉属临","13","0","13"
"汉属临淮","13","0","13"
"一千七百","5","8","13"
"下邳太守","6","7","13"
"南东海太","7","6","13"
"以工部侍","8","5","13"
"表上尊号","7","6","13"
"为三班奉","7","6","13"
"显仁皇后","7","6","13"
"淮发运使","7","6","13"
"以户部尚","10","3","13"
"京副留守","6","7","13"
"淮西宣抚","7","6","13"
"王之望为","5","8","13"
"皇太后为","3","10","13"
"东制置司","7","6","13"
"江淮制置","5","8","13"
"权兵部侍","10","3","13"
"侍郎兼侍","6","7","13"
"出身有差","13","0","13"
"江淮军马","3","10","13"
"赐进士出","11","2","13"
"以贾似道","7","6","13"
"五月甲午","11","2","13"
"兼权知枢","10","3","13"
"为枢密都","5","8","13"
"以生日为","7","6","13"
"直宝章阁","7","6","13"
"大使兼知","9","4","13"
"两淮宣抚","7","6","13"
"部尚书刘","7","6","13"
"元德皇后","6","7","13"
"供备库使","7","6","13"
"迁右谏议","11","2","13"
"擢知制诰","13","0","13"
"拜右丞相","10","3","13"
"权工部侍","9","4","13"
"迁翰林学","12","1","13"
"兼国史编","8","5","13"
"年七十五","7","6","13"
"制置司参","6","7","13"
"手不释卷","5","8","13"
"竟陵太守","7","6","13"
"中兴以来","6","7","13"
"月辛巳朔","13","0","13"
"四月己卯","10","3","13"
"月己卯朔","12","1","13"
"五月癸亥","11","2","13"
"太子即皇","7","6","13"
"六月壬申","10","3","13"
"书令傅亮","6","7","13"
"王遣使献","13","0","13"
"军谘议参","5","8","13"
"四月乙酉","10","3","13"
"王公以下","6","7","13"
"兴王浚为","8","5","13"
"八月庚子","9","4","13"
"平二郡太","7","6","13"
"何尚之为","6","7","13"
"五月甲戌","8","5","13"
"八月乙未","12","1","13"
"四月壬子","10","3","13"
"军将军王","7","6","13"
"五月戊戌","10","3","13"
"正月己丑","10","3","13"
"司徒建安","7","6","13"
"徒建安王","7","6","13"
"二月己未","12","1","13"
"八月戊子","9","4","13"
"四月辛未","11","2","13"
"五月丁巳","10","3","13"
"一月己亥","11","2","13"
"月戊寅朔","13","0","13"
"二月壬申","12","1","13"
"为皇太妃","6","7","13"
"二月丙戌","12","1","13"
"四百一十","6","7","13"
"二千八百","8","5","13"
"千九百九","7","6","13"
"九百九十","7","6","13"
"一月十一","1","12","13"
"十六年二","6","7","13"
"始二年八","7","6","13"
"学博士徐","6","7","13"
"史中丞刘","7","6","13"
"献帝延康","7","6","13"
"帝延康元","7","6","13"
"皇天上帝","2","11","13"
"二月辛亥","10","3","13"
"年七月辛","7","6","13"
"四海之内","1","12","13"
"公卿大夫","5","8","13"
"荧惑入太","13","0","13"
"惑入太微","13","0","13"
"三月己巳","10","3","13"
"白犯南斗","13","0","13"
"元三年十","6","7","13"
"星犯左执","2","11","13"
"帝光熙元","6","7","13"
"熙元年十","7","6","13"
"永嘉三年","7","6","13"
"五月癸未","10","3","13"
"咸康四年","6","7","13"
"六月乙卯","9","4","13"
"咸康八年","7","6","13"
"七月丙申","10","3","13"
"四月甲子","11","2","13"
"太元十四","7","6","13"
"九年十月","7","6","13"
"星入舆鬼","1","12","13"
"二月甲午","12","1","13"
"南郡江陵","9","4","13"
"年九月己","7","6","13"
"隆安五年","6","7","13"
"吴孙皓宝","7","6","13"
"月壬申朔","13","0","13"
"正月戊戌","10","3","13"
"百九十七","6","7","13"
"为龙骧将","8","5","13"
"太尉行参","6","7","13"
"尉行参军","6","7","13"
"年五十一","7","6","13"
"年四十四","7","6","13"
"为光禄大","3","10","13"
"为金紫光","2","11","13"
"天下之士","7","6","13"
"食邑四百","7","6","13"
"邑四百户","7","6","13"
"年五十九","7","6","13"
"前代帝王","5","8","13"
"幸国子监","13","0","13"
"长公主第","13","0","13"
"转运使李","6","7","13"
"安化军节","6","7","13"
"幸讲武池","13","0","13"
"镇海军节","6","7","13"
"常赦所不","11","2","13"
"为开封尹","7","6","13"
"平兴国六","3","10","13"
"兴国六年","3","10","13"
"州兵马都","6","7","13"
"流罪以下","8","5","13"
"御文德殿","13","0","13"
"镇南军节","7","6","13"
"大相国寺","6","7","13"
"缘边安抚","7","6","13"
"为户部尚","6","7","13"
"入内内侍","9","4","13"
"十岁以上","1","12","13"
"尊号册宝","5","8","13"
"处分军国","10","3","13"
"天下囚罪","13","0","13"
"月壬寅朔","13","0","13"
"开封府界","5","8","13"
"陕西诸路","12","1","13"
"令御史台","6","7","13"
"王安石为","3","10","13"
"农田水利","6","7","13"
"神宗实录","7","6","13"
"上书邪等","7","6","13"
"令侍从官","2","11","13"
"郑居中为","5","8","13"
"为庆远军","4","9","13"
"为单州团","3","10","13"
"汪伯彦为","3","10","13"
"以刘光世","11","2","13"
"秘书正字","5","8","13"
"安军安置","6","7","13"
"张俊率兵","2","11","13"
"吕颐浩等","6","7","13"
"宣抚判官","7","6","13"
"交趾郡王","1","12","13"
"命临安府","12","1","13"
"流星昼陨","13","0","13"
"抚司干办","7","6","13"
"兴三十二","3","10","13"
"王即皇帝","7","6","13"
"湖制置司","6","7","13"
"吏部郎官","7","6","13"
"为果州团","2","11","13"
"兵二十万","7","6","13"
"乞归田里","13","0","13"
"大理司直","6","7","13"
"为华文阁","2","11","13"
"完颜守绪","4","9","13"
"京湖制司","6","7","13"
"赤云气入","13","0","13"
"天子有喜","4","9","13"
"契丹使者","3","10","13"
"相赵汝愚","6","7","13"
"黄潜善等","3","10","13"
"为集贤校","5","8","13"
"祖宗之法","8","5","13"
"拜同中书","12","1","13"
"陕西用兵","7","6","13"
"中进士甲","2","11","13"
"臣愿陛下","13","0","13"
"以示天下","10","3","13"
"东封泰山","4","9","13"
"大小学教","6","7","13"
"不共戴天","5","8","13"
"忠义之士","3","10","13"
"无所不至","6","7","13"
"为太常博","4","9","13"
"千里之外","2","11","13"
"而后可以","7","6","13"
"百姓疾苦","1","12","13"
"兵一千人","1","12","13"
"宣和六年","6","7","13"
"与司马光","3","10","13"
"天下大事","1","12","13"
"囚犯减刑","0","13","13"
"不是国家","0","13","13"
"月亮在黄","0","13","13"
"亮在黄道","0","13","13"
"惶恐不安","0","13","13"
"帝下诏书","0","13","13"
"遗留下来","0","13","13"
"将有军事","0","13","13"
"他的意思","0","13","13"
"这种说法","0","13","13"
"投入监狱","0","13","13"
"非常恐惧","0","13","13"
"努力学习","0","13","13"
"这样做的","0","13","13"
"统一天下","0","13","13"
"听说此事","0","13","13"
"在中书省","0","13","13"
"认为自己","0","13","13"
"人的议论","0","13","13"
"了自己的","0","13","13"
"怎么能不","0","13","13"
"因此更加","0","13","13"
"如果这样","0","13","13"
"元凶刘邵","0","13","13"
"人到朝廷","0","13","13"
"步兵骑兵","0","13","13"
"他的职务","0","13","13"
"对他们说","0","13","13"
"没听说有","0","13","13"
"王司马伦","0","13","13"
"主管部门","0","13","13"
"今以后不","0","13","13"
"军队失败","0","13","13"
"训练士兵","0","13","13"
"他的病情","0","13","13"
"高兴地采","0","13","13"
"兴地采纳","0","13","13"
"亮进人氏","0","13","13"
"守丧未满","0","13","13"
"被重新起","0","13","13"
"得以保全","0","13","13"
"全部平定","0","13","13"
"答应了他","0","13","13"
"这是国家","0","13","13"
"辞去官职","0","13","13"
"地方任职","0","13","13"
"江州知州","0","13","13"
"二天早晨","0","13","13"
"陛下亲自","0","13","13"
"死的时候","0","13","13"
"发生的事","0","13","13"
"这件事情","0","13","13"
"委任尚书","0","13","13"
"赐给五时","0","13","13"
"京城刮大","0","13","13"
"城刮大风","0","13","13"
"月丁丑曰","0","13","13"
"前汉时隶","0","13","13"
"被追认为","0","13","13"
"四月初七","0","13","13"
"出身不等","0","13","13"
"为直秘阁","0","13","13"
"朝开元游","0","13","13"
"形成勾巳","0","13","13"
"后周广顺","0","13","13"
"端拱初年","0","13","13"
"任监察御","0","13","13"
"改任秘书","0","13","13"
"写的文章","0","13","13"
"升为起居","0","13","13"
"命令左右","0","13","13"
"现在应当","0","13","13"
"刺史照旧","0","13","13"
"不知道他","0","13","13"
"派遣他的","0","13","13"
"接受命令","0","13","13"
"朝廷官员","0","13","13"
"讨伐他们","0","13","13"
"徐兖二州","0","13","13"
"正月初十","0","13","13"
"王公大臣","0","13","13"
"部分地区","0","13","13"
"遣使臣到","0","13","13"
"这样就可","0","13","13"
"向皇帝上","0","13","13"
"余数就是","0","13","13"
"与太阳合","0","13","13"
"群臣百官","0","13","13"
"皇帝亲临","0","13","13"
"他们的意","0","13","13"
"议论相同","0","13","13"
"的议论相","0","13","13"
"自己的亲","0","13","13"
"个儿子为","0","13","13"
"在明堂举","0","13","13"
"明堂举行","0","13","13"
"祭祀的礼","0","13","13"
"第二次献","0","13","13"
"二次献酒","0","13","13"
"年举行一","0","13","13"
"他所说的","0","13","13"
"月己末日","0","13","13"
"府君的神","0","13","13"
"君的神主","0","13","13"
"认为应当","0","13","13"
"没有能够","0","13","13"
"制度规定","0","13","13"
"就是所谓","0","13","13"
"这样的事","0","13","13"
"为什么这","0","13","13"
"阿谀奉承","0","13","13"
"国家将有","0","13","13"
"战争及丧","0","13","13"
"．占辞说","0","13","13"
"疾病瘟疫","0","13","13"
"是陛下的","0","13","13"
"凤凰停留","0","13","13"
"陵王刘骏","0","13","13"
"请求增加","0","13","13"
"还不知道","0","13","13"
"贪污受贿","0","13","13"
"没有丝毫","0","13","13"
"七十二岁","0","13","13"
"任中书侍","0","13","13"
"任秘书郎","0","13","13"
"改任他为","0","13","13"
"没有才能","0","13","13"
"一定不会","0","13","13"
"当时舆论","0","13","13"
"流传于世","0","13","13"
"的妻子儿","0","13","13"
"六十五岁","0","13","13"
"四个儿子","0","13","13"
"祖派遣使","0","13","13"
"不上朝处","0","13","13"
"上殿听政","0","13","13"
"亲自考试","0","13","13"
"令大理寺","0","13","13"
"下诏御史","0","13","13"
"于是到玉","0","13","13"
"不要轻易","0","13","13"
"举行大赦","0","13","13"
"称庆祝贺","0","13","13"
"六月初八","0","13","13"
"正月十一","0","13","13"
"成都知府","0","13","13"
"侵犯边境","0","13","13"
"下诏陕西","0","13","13"
"削夺官职","0","13","13"
"宗身体不","0","13","13"
"雍熙年间","0","13","13"
"颁降德音","0","13","13"
"一起讨论","0","13","13"
"派遣耶律","0","13","13"
"命令监司","0","13","13"
"一道白色","0","13","13"
"等人祝贺","0","13","13"
"辽朝派遣","0","13","13"
"大臣们的","0","13","13"
"使的官职","0","13","13"
"报告皇上","0","13","13"
"州知州王","0","13","13"
"西夏军队","0","13","13"
"请求罢职","0","13","13"
"皇太后说","0","13","13"
"任命礼部","0","13","13"
"因特殊情","0","13","13"
"出使辽国","0","13","13"
"盗贼兴起","0","13","13"
"命令户部","0","13","13"
"抵抗金军","0","13","13"
"率兵抵抗","0","13","13"
"高宗没有","0","13","13"
"金军将领","0","13","13"
"遭受兵火","0","13","13"
"请求罢去","0","13","13"
"洞庭湖贼","0","13","13"
"再次担任","0","13","13"
"释放杖刑","0","13","13"
"放杖刑以","0","13","13"
"下诏不允","0","13","13"
"归还河南","0","13","13"
"韩世忠的","0","13","13"
"在圆丘合","0","13","13"
"圆丘合祭","0","13","13"
"丘合祭天","0","13","13"
"命令临安","0","13","13"
"年成丰收","0","13","13"
"光宗朝拜","0","13","13"
"宗朝拜重","0","13","13"
"投降元朝","0","13","13"
"王者厌恶","0","13","13"
"者厌恶这","0","13","13"
"星侵犯并","0","13","13"
"侵犯并占","0","13","13"
"犯并占据","0","13","13"
"其分野地","0","13","13"
"么战争发","0","13","13"
"区有战争","0","13","13"
"星都属于","0","13","13"
"星进入侵","0","13","13"
"关隘桥梁","0","13","13"
"见机行事","0","13","13"
"任端明殿","0","13","13"
"他们分别","0","13","13"
"任侍御史","0","13","13"
"罢免宰相","0","13","13"
"上章请求","0","13","13"
"考取进士","0","13","13"
"郎的身份","0","13","13"
"任资政殿","0","13","13"
"极力陈述","0","13","13"
"皇上诏命","0","13","13"
"告给朝廷","0","13","13"
"推举参加","0","13","13"
"举参加进","0","13","13"
"的身份出","0","13","13"
"取得大捷","0","13","13"
"熙宁初年","0","13","13"
"文彦博说","0","13","13"
"以母忧去","12","0","12"
"五月丁亥","7","5","12"
"令所删定","6","6","12"
"所删定官","6","6","12"
"刺史王仲","6","6","12"
"史王仲德","6","6","12"
"以辅国将","12","0","12"
"刺史刘粹","6","6","12"
"江夏内史","6","6","12"
"左仆射王","6","6","12"
"州刺史鲁","7","5","12"
"南郡王义","9","3","12"
"郡王义宣","9","3","12"
"正月庚寅","8","4","12"
"沈攸之为","5","7","12"
"骠骑长史","6","6","12"
"二万四千","6","6","12"
"百九十五","6","6","12"
"百二十四","6","6","12"
"百五十六","6","6","12"
"二月乙酉","11","1","12"
"景初二年","6","6","12"
"年二月癸","7","5","12"
"魏齐王正","7","5","12"
"嘉平元年","6","6","12"
"七月癸丑","10","2","12"
"一月癸酉","9","3","12"
"帝永和元","6","6","12"
"三月戊辰","8","4","12"
"十六年十","6","6","12"
"史司马休","6","6","12"
"十二年七","6","6","12"
"正月丁卯","10","2","12"
"太始二年","6","6","12"
"魏文帝初","6","6","12"
"宣帝元康","6","6","12"
"光武建武","9","3","12"
"元元年五","6","6","12"
"魏元帝咸","6","6","12"
"元帝咸熙","6","6","12"
"咸熙二年","6","6","12"
"四月乙亥","7","5","12"
"一月庚午","9","3","12"
"年七月庚","6","6","12"
"元嘉十年","6","6","12"
"六年九月","6","6","12"
"孙权黄武","6","6","12"
"康四年十","6","6","12"
"年九月乙","6","6","12"
"十三年九","6","6","12"
"年二月丙","6","6","12"
"帝大明三","6","6","12"
"州刺史垣","6","6","12"
"咸康三年","6","6","12"
"康帝建元","7","5","12"
"太元十年","6","6","12"
"义熙四年","6","6","12"
"九年十二","6","6","12"
"九年八月","6","6","12"
"帝义熙元","6","6","12"
"九月甲午","8","4","12"
"十六年三","6","6","12"
"帝元徽二","7","5","12"
"京邑大风","12","0","12"
"帝建兴二","6","6","12"
"四月甲辰","9","3","12"
"十二年四","6","6","12"
"四月辛丑","8","4","12"
"吴孙亮建","6","6","12"
"康元年七","7","5","12"
"百四十五","7","5","12"
"六百八十","6","6","12"
"百八十五","6","6","12"
"三国时废","6","6","12"
"武大明元","7","5","12"
"抚军长史","6","6","12"
"百二十里","5","7","12"
"太尉司马","6","6","12"
"州豫州之","12","0","12"
"沙州刺史","6","6","12"
"义成军节","6","6","12"
"亲军马军","6","6","12"
"武卫大将","6","6","12"
"为宣徽北","7","5","12"
"林学士张","6","6","12"
"前军都部","6","6","12"
"署枢密院","6","6","12"
"九月癸卯","10","2","12"
"尚书户部","6","6","12"
"部侍郎李","6","6","12"
"并参知政","12","0","12"
"八百三十","6","6","12"
"宣抚陕西","8","4","12"
"圣孝皇帝","6","6","12"
"内殿承制","7","5","12"
"吕大防为","6","6","12"
"赵挺之为","6","6","12"
"氏为淑妃","6","6","12"
"百八十三","6","6","12"
"李邦彦为","6","6","12"
"斩首数千","10","2","12"
"随军转运","6","6","12"
"十四人及","6","6","12"
"京西制置","6","6","12"
"王府直讲","6","6","12"
"殿前司公","6","6","12"
"前司公事","6","6","12"
"淮西总领","6","6","12"
"皇帝尊号","5","7","12"
"四川宣谕","6","6","12"
"川宣谕使","6","6","12"
"川制置大","6","6","12"
"郎兼中书","6","6","12"
"四百五十","6","6","12"
"二月癸未","11","1","12"
"宁远军承","6","6","12"
"诏四川宣","7","5","12"
"都大提举","6","6","12"
"北安抚副","6","6","12"
"兼夔路策","6","6","12"
"八月壬寅","11","1","12"
"抚制置副","6","6","12"
"置副使兼","7","5","12"
"院事兼太","6","6","12"
"主管江西","6","6","12"
"管江西安","6","6","12"
"知庆元府","8","4","12"
"知太平州","9","3","12"
"浙西提刑","7","5","12"
"陈宜中为","1","11","12"
"张世杰为","3","9","12"
"一寸二分","6","6","12"
"北落师门","5","7","12"
"平兴国七","3","9","12"
"兴国七年","3","9","12"
"判宁国府","6","6","12"
"加兼侍中","8","4","12"
"头供奉官","6","6","12"
"西京左藏","6","6","12"
"咸平元年","6","6","12"
"都官郎中","6","6","12"
"开宝五年","5","7","12"
"拜给事中","12","0","12"
"拜右谏议","9","3","12"
"清军节度","6","6","12"
"拜监察御","11","1","12"
"三司判官","6","6","12"
"昌军节度","6","6","12"
"权御史中","7","5","12"
"判国子监","6","6","12"
"司度支判","6","6","12"
"兼侍御史","7","5","12"
"省著作郎","6","6","12"
"以工部尚","8","4","12"
"兼实录院","6","6","12"
"水部员外","6","6","12"
"京作坊使","6","6","12"
"提举学事","6","6","12"
"德祐元年","10","2","12"
"朝散大夫","6","6","12"
"锋军统制","6","6","12"
"二十余万","9","3","12"
"三月壬寅","9","3","12"
"月己丑朔","12","0","12"
"国将军刘","6","6","12"
"振威将军","6","6","12"
"州刺史毛","7","5","12"
"州刺史道","8","4","12"
"卫将军刘","7","5","12"
"右仆射刘","6","6","12"
"六月丁卯","8","4","12"
"鳏寡孤独","6","6","12"
"不能自存","12","0","12"
"州刺史赵","6","6","12"
"刺史刘怀","6","6","12"
"西中郎将","6","6","12"
"九月壬子","10","2","12"
"延贤堂听","6","6","12"
"八月壬辰","10","2","12"
"皇太后崩","12","0","12"
"颍川太守","6","6","12"
"有五色云","11","1","12"
"八月甲申","10","2","12"
"骠骑参军","8","4","12"
"月乙亥朔","12","0","12"
"之为交州","6","6","12"
"正月辛丑","9","3","12"
"军殷景仁","6","6","12"
"三月庚戌","10","2","12"
"为征西大","3","9","12"
"一月壬子","11","1","12"
"一年春正","6","6","12"
"十三年春","6","6","12"
"十四年春","6","6","12"
"二月丁未","10","2","12"
"十六年春","6","6","12"
"王义庆以","11","1","12"
"一月戊子","11","1","12"
"一万四千","4","8","12"
"正月甲戌","12","0","12"
"四月乙巳","10","2","12"
"八月己酉","11","1","12"
"积弩将军","5","7","12"
"郡太守刘","6","6","12"
"今年租税","3","9","12"
"东海王祎","12","0","12"
"山阳太守","7","5","12"
"左仆射建","6","6","12"
"南海太守","6","6","12"
"书令何尚","6","6","12"
"令何尚之","6","6","12"
"五月辛酉","10","2","12"
"八月戊戌","9","3","12"
"尚书令建","6","6","12"
"朔将军刘","6","6","12"
"中书令王","6","6","12"
"四月癸巳","9","3","12"
"刺史晋安","6","6","12"
"史晋安王","6","6","12"
"新安王子","10","2","12"
"元凶弑立","12","0","12"
"州刺史袁","6","6","12"
"军将军张","6","6","12"
"州刺史崔","6","6","12"
"六月乙酉","11","1","12"
"五月戊午","9","3","12"
"四月辛卯","9","3","12"
"九月壬午","9","3","12"
"二月己巳","10","2","12"
"九月壬辰","9","3","12"
"二月壬戌","12","0","12"
"录公齐王","6","6","12"
"五百八十","6","6","12"
"七十九万","6","6","12"
"五千二百","6","6","12"
"三十三度","5","7","12"
"千三百六","7","5","12"
"四千九百","6","6","12"
"万四千二","6","6","12"
"百八十二","6","6","12"
"太子监国","7","5","12"
"硃膺之议","12","0","12"
"司马兴之","6","6","12"
"常丞庾蔚","7","5","12"
"丞庾蔚之","7","5","12"
"公卿大臣","1","11","12"
"二十四人","6","6","12"
"年八月戊","6","6","12"
"十三年七","6","6","12"
"黄初二年","7","5","12"
"三月辛卯","10","2","12"
"帝太宁三","6","6","12"
"月乙丑朔","12","0","12"
"者各一人","8","4","12"
"三十六人","6","6","12"
"太后神主","2","10","12"
"明七年十","6","6","12"
"一月癸未","8","4","12"
"正月壬辰","8","4","12"
"宁康三年","6","6","12"
"十五年四","6","6","12"
"年九月丁","6","6","12"
"帝元和二","6","6","12"
"句句五字","12","0","12"
"此篇当之","12","0","12"
"青龙二年","6","6","12"
"一月丙寅","10","2","12"
"年十月癸","6","6","12"
"始二年五","6","6","12"
"六月戊午","11","1","12"
"康元年五","6","6","12"
"四月丙子","9","3","12"
"晋惠帝光","6","6","12"
"惠帝光熙","6","6","12"
"嘉元年十","6","6","12"
"正月庚午","8","4","12"
"月犯岁星","12","0","12"
"荧惑犯太","12","0","12"
"惑犯太微","12","0","12"
"六月戊戌","9","3","12"
"晋海西太","8","4","12"
"海西太和","8","4","12"
"正月戊申","9","3","12"
"七月丙子","9","3","12"
"六月甲午","10","2","12"
"十五年七","6","6","12"
"隆安元年","7","5","12"
"三月壬辰","9","3","12"
"晋怀帝永","6","6","12"
"帝景平元","6","6","12"
"七月壬戌","9","3","12"
"十月壬戌","8","4","12"
"正月丁酉","10","2","12"
"乱臣贼子","5","7","12"
"八月十一","1","11","12"
"少帝即位","8","4","12"
"和元年十","6","6","12"
"四月戊申","9","3","12"
"王义宣以","12","0","12"
"八年十月","6","6","12"
"宣城太守","5","7","12"
"十九年五","6","6","12"
"丞梅道念","7","5","12"
"六月丁亥","9","3","12"
"帝太兴四","6","6","12"
"太兴四年","6","6","12"
"月甲子朔","12","0","12"
"大风拔木","11","1","12"
"京都水一","12","0","12"
"四百九十","6","6","12"
"子中舍人","6","6","12"
"为员外散","5","7","12"
"年六十二","7","5","12"
"不拘小节","5","7","12"
"军录事参","6","6","12"
"不可不察","10","2","12"
"临川内史","5","7","12"
"绳之以法","2","10","12"
"二郡诸军","6","6","12"
"二月二日","3","9","12"
"食邑三百","6","6","12"
"邑三百户","6","6","12"
"县开国男","6","6","12"
"年五十二","7","5","12"
"为左将军","6","6","12"
"蔡二郡太","6","6","12"
"骧将军陈","6","6","12"
"为太子左","6","6","12"
"月壬戌朔","12","0","12"
"败北汉军","4","8","12"
"遣使来献","12","0","12"
"太后谥曰","12","0","12"
"千二百人","5","7","12"
"河决澶州","12","0","12"
"为建宁军","5","7","12"
"建宁军节","6","6","12"
"左监门卫","6","6","12"
"建武军节","6","6","12"
"知汉阳军","9","3","12"
"中祥符元","7","5","12"
"祥符元年","7","5","12"
"文武皇帝","6","6","12"
"平兴国寺","6","6","12"
"下兵马大","6","6","12"
"两浙诸州","11","1","12"
"知太原府","8","4","12"
"建雄军节","6","6","12"
"李氏为皇","6","6","12"
"军指挥使","6","6","12"
"雍熙四年","2","10","12"
"陕西缘边","10","2","12"
"任转运使","3","9","12"
"京作坊副","6","6","12"
"作坊副使","6","6","12"
"淳化五年","5","7","12"
"至道元年","6","6","12"
"为银青光","3","9","12"
"率府副率","6","6","12"
"杖以下释","11","1","12"
"三班使臣","6","6","12"
"加中书侍","9","3","12"
"大食国来","6","6","12"
"知杂御史","6","6","12"
"为三司使","7","5","12"
"幸元偁宫","12","0","12"
"庄穆皇后","6","6","12"
"经度制置","6","6","12"
"度制置使","6","6","12"
"王钦若等","4","8","12"
"经明行修","7","5","12"
"进封卫国","8","4","12"
"为平章事","3","9","12"
"妃刘氏为","6","6","12"
"寿春郡王","6","6","12"
"内副都知","6","6","12"
"下囚罪一","12","0","12"
"尚书刑部","6","6","12"
"白气亘天","12","0","12"
"御紫宸殿","12","0","12"
"庄献明肃","6","6","12"
"赵元昊反","6","6","12"
"陕西沿边","2","10","12"
"陕西四路","6","6","12"
"为国子监","6","6","12"
"广西转运","6","6","12"
"诏诸路监","12","0","12"
"四百六十","6","6","12"
"诸路帅臣","11","1","12"
"贺同天节","6","6","12"
"为右千牛","4","8","12"
"留司御史","6","6","12"
"圣光献皇","5","7","12"
"光献皇后","5","7","12"
"四百二十","6","6","12"
"以直龙图","7","5","12"
"文州刺史","6","6","12"
"祷于天地","12","0","12"
"元丰三年","5","7","12"
"元符三年","6","6","12"
"侍从官各","4","8","12"
"元祐皇后","12","0","12"
"以礼部尚","10","2","12"
"谟阁学士","7","5","12"
"诏侍从官","5","7","12"
"推恩有差","12","0","12"
"十九人及","5","7","12"
"三人及第","6","6","12"
"廉访使者","6","6","12"
"武义大夫","6","6","12"
"宣和七年","5","7","12"
"驾部员外","6","6","12"
"击金人于","12","0","12"
"陕西制置","6","6","12"
"安抚使张","5","7","12"
"金国议和","2","10","12"
"宣和三年","4","8","12"
"建炎元年","5","7","12"
"卫尉少卿","6","6","12"
"宣抚司统","6","6","12"
"举常平司","6","6","12"
"河北西路","6","6","12"
"统制官张","6","6","12"
"北制置使","6","6","12"
"太庙神主","6","6","12"
"以直秘阁","7","5","12"
"主客员外","6","6","12"
"军司公事","6","6","12"
"御营使司","6","6","12"
"罢为资政","6","6","12"
"以韩世忠","9","3","12"
"侍御史沈","6","6","12"
"右司郎官","6","6","12"
"为陕西转","6","6","12"
"东安抚大","6","6","12"
"淮西招抚","6","6","12"
"为都督府","6","6","12"
"四川都转","6","6","12"
"川都转运","6","6","12"
"州兼淮西","6","6","12"
"为陕西宣","5","7","12"
"左军统制","6","6","12"
"府路转运","6","6","12"
"行乡饮酒","6","6","12"
"都统制兼","6","6","12"
"进义副尉","6","6","12"
"部侍郎陈","6","6","12"
"除临安府","1","11","12"
"任将帅者","4","8","12"
"在天之灵","4","8","12"
"左副元帅","6","6","12"
"石烈志宁","6","6","12"
"督府参赞","6","6","12"
"虞允文请","3","9","12"
"左司员外","6","6","12"
"王安石之","5","7","12"
"赵汝愚为","2","10","12"
"兵部郎官","6","6","12"
"即位之初","3","9","12"
"绍兴十七","3","9","12"
"兴十七年","3","9","12"
"庄文太子","6","6","12"
"立为太子","2","10","12"
"诣重华宫","12","0","12"
"丞相以下","10","2","12"
"义郡夫人","6","6","12"
"书舍人陈","6","6","12"
"沔州都统","10","2","12"
"使董居谊","6","6","12"
"诸王宫大","6","6","12"
"郑清之为","4","8","12"
"下州文学","6","6","12"
"制置使陈","6","6","12"
"乔行简为","3","9","12"
"各转一官","3","9","12"
"章阁学士","6","6","12"
"开庆元年","6","6","12"
"直宝谟阁","7","5","12"
"世祖皇帝","6","6","12"
"丞相伯颜","8","4","12"
"云气犯之","12","0","12"
"道路不通","4","8","12"
"苍白云气","12","0","12"
"元丰二年","6","6","12"
"淳熙二年","5","7","12"
"绍熙四年","5","7","12"
"州马步军","6","6","12"
"权三司使","8","4","12"
"误国之罪","6","6","12"
"年七十一","6","6","12"
"年七十七","6","6","12"
"迁殿中丞","12","0","12"
"必争之地","4","8","12"
"南转运副","5","7","12"
"贤士大夫","6","6","12"
"召试中书","9","3","12"
"判登闻鼓","6","6","12"
"州司法参","6","6","12"
"除中书舍","12","0","12"
"绍兴十五","4","8","12"
"兴十五年","4","8","12"
"兴二十四","3","9","12"
"痛哭流涕","1","11","12"
"以宝谟阁","6","6","12"
"举太平观","6","6","12"
"朝廷政事","2","10","12"
"乾道八年","4","8","12"
"忠臣义士","6","6","12"
"父子之间","2","10","12"
"为集英殿","2","10","12"
"州刺史朱","1","11","12"
"十分之二","1","11","12"
"国子直讲","6","6","12"
"宰相蔡确","5","7","12"
"要害之地","2","10","12"
"广开言路","0","12","12"
"在黄道北","0","12","12"
"安葬完毕","0","12","12"
"主持祭祀","0","12","12"
"成年而死","0","12","12"
"意见不同","0","12","12"
"元嘉年间","0","12","12"
"它带来的","0","12","12"
"意思是说","0","12","12"
"出现的妖","0","12","12"
"都是这样","0","12","12"
"没有见到","0","12","12"
"皇太子的","0","12","12"
"什么原因","0","12","12"
"他们都是","0","12","12"
"攻击敌人","0","12","12"
"其余的人","0","12","12"
"还没有到","0","12","12"
"我们应该","0","12","12"
"皇上的心","0","12","12"
"没有采纳","0","12","12"
"这样一来","0","12","12"
"是真正的","0","12","12"
"他的志向","0","12","12"
"派人告诉","0","12","12"
"贪得无厌","0","12","12"
"到朝廷的","0","12","12"
"的小儿子","0","12","12"
"不能得到","0","12","12"
"图谋不轨","0","12","12"
"让他们分","0","12","12"
"我们这些","0","12","12"
"人们都认","0","12","12"
"们都认为","0","12","12"
"他的祖父","0","12","12"
"大臣们说","0","12","12"
"遣使臣进","0","12","12"
"拖欠的钱","0","12","12"
"拖欠钱物","0","12","12"
"事情发生","0","12","12"
"将自己的","0","12","12"
"了他的建","0","12","12"
"丧未满三","0","12","12"
"未满三年","0","12","12"
"这些人都","0","12","12"
"从了他的","0","12","12"
"朝廷重新","0","12","12"
"新起用为","0","12","12"
"到地方任","0","12","12"
"授予官职","0","12","12"
"请求担任","0","12","12"
"合适的人","0","12","12"
"人认为这","0","12","12"
"到他们的","0","12","12"
"老百姓都","0","12","12"
"不久去世","0","12","12"
"向朝廷报","0","12","12"
"任命左卫","0","12","12"
"任命新任","0","12","12"
"第二个儿","0","12","12"
"辅佐朝政","0","12","12"
"月犯毕宿","0","12","12"
"分之七八","0","12","12"
"月乙末日","0","12","12"
"元康年间","0","12","12"
"衡阳王刘","0","12","12"
"阳王刘义","0","12","12"
"王刘义季","0","12","12"
"兼任中书","0","12","12"
"统兵将领","0","12","12"
"任命观文","0","12","12"
"命观文殿","0","12","12"
"任命户部","0","12","12"
"任命张浚","0","12","12"
"下诏任命","0","12","12"
"左承相兼","0","12","12"
"八月初六","0","12","12"
"州防御史","0","12","12"
"景德初年","0","12","12"
"不能前进","0","12","12"
"现在已经","0","12","12"
"官复原职","0","12","12"
"长驱直入","0","12","12"
"自己率领","0","12","12"
"于是率领","0","12","12"
"他的党羽","0","12","12"
"人都感到","0","12","12"
"统治天下","0","12","12"
"不得超过","0","12","12"
"在南郊祭","0","12","12"
"晋升为镇","0","12","12"
"遣使臣巡","0","12","12"
"一部分设","0","12","12"
"使臣巡视","0","12","12"
"十月十一","0","12","12"
"九月十二","0","12","12"
"二月十八","0","12","12"
"根据情况","0","12","12"
"四十七岁","0","12","12"
"到华林园","0","12","12"
"其他地方","0","12","12"
"全部释放","0","12","12"
"不知道是","0","12","12"
"人都知道","0","12","12"
"可以得到","0","12","12"
"月的节气","0","12","12"
"月的中气","0","12","12"
"不然的话","0","12","12"
"于是成为","0","12","12"
"可以没有","0","12","12"
"服丧完毕","0","12","12"
"平王刘宏","0","12","12"
"按照礼制","0","12","12"
"应该举行","0","12","12"
"危害国家","0","12","12"
"认为不应","0","12","12"
"不能超过","0","12","12"
"率领水军","0","12","12"
"没有来得","0","12","12"
"有来得及","0","12","12"
"二年春天","0","12","12"
"制定法令","0","12","12"
"车上竖立","0","12","12"
"五种颜色","0","12","12"
"有什么事","0","12","12"
"上奏疏说","0","12","12"
"把它作为","0","12","12"
"左右亲近","0","12","12"
"知道他是","0","12","12"
"顺应天命","0","12","12"
"精锐骑兵","0","12","12"
"起草诏书","0","12","12"
"这篇相当","0","12","12"
"篇相当于","0","12","12"
"度又十二","0","12","12"
"白天黑夜","0","12","12"
"出现于西","0","12","12"
"将有大的","0","12","12"
"大的战争","0","12","12"
"天后消失","0","12","12"
"地将有战","0","12","12"
"将军死亡","0","12","12"
"流星出现","0","12","12"
"竟陵王刘","0","12","12"
"没有一人","0","12","12"
"这种现象","0","12","12"
"凰停留在","0","12","12"
"出现于郡","0","12","12"
"现于郡国","0","12","12"
"川王刘义","0","12","12"
"王刘义庆","0","12","12"
"沙王刘义","0","12","12"
"王刘义欣","0","12","12"
"就叫做不","0","12","12"
"军队进攻","0","12","12"
"事情相同","0","12","12"
"天儆戒说","0","12","12"
"州的军队","0","12","12"
"树木被连","0","12","12"
"木被连根","0","12","12"
"朝廷的命","0","12","12"
"廷的命令","0","12","12"
"东北方向","0","12","12"
"岁的时候","0","12","12"
"事托付给","0","12","12"
"十分恳切","0","12","12"
"告老还乡","0","12","12"
"升为中书","0","12","12"
"掌握大权","0","12","12"
"得到皇上","0","12","12"
"竭尽全力","0","12","12"
"高祖刘裕","0","12","12"
"不久又被","0","12","12"
"议论国事","0","12","12"
"因父亲的","0","12","12"
"何承天为","0","12","12"
"皇上大怒","0","12","12"
"奏请朝廷","0","12","12"
"地区百姓","0","12","12"
"反复无常","0","12","12"
"因此得以","0","12","12"
"他的部将","0","12","12"
"正月初五","0","12","12"
"臣祈祷降","0","12","12"
"十月初六","0","12","12"
"派遣中使","0","12","12"
"骚扰百姓","0","12","12"
"这些地区","0","12","12"
"是到玉津","0","12","12"
"下诏各州","0","12","12"
"打败江南","0","12","12"
"才能可以","0","12","12"
"察记录囚","0","12","12"
"各州百姓","0","12","12"
"任命他的","0","12","12"
"二月十三","0","12","12"
"到文德殿","0","12","12"
"十月初七","0","12","12"
"七月初八","0","12","12"
"宗遗像于","0","12","12"
"下诏全国","0","12","12"
"离开京师","0","12","12"
"祭祀汾阴","0","12","12"
"星侵犯南","0","12","12"
"太后溢号","0","12","12"
"自己陈述","0","12","12"
"废罢各路","0","12","12"
"府发生火","0","12","12"
"命令州县","0","12","12"
"赐给溢号","0","12","12"
"在福宁殿","0","12","12"
"道白色虹","0","12","12"
"暂时代理","0","12","12"
"殊情况赦","0","12","12"
"情况赦免","0","12","12"
"规章制度","0","12","12"
"青州知州","0","12","12"
"为醛泉观","0","12","12"
"是任命他","0","12","12"
"两河地区","0","12","12"
"自行决定","0","12","12"
"任命岳飞","0","12","12"
"集中兵力","0","12","12"
"使金国回","0","12","12"
"金国使臣","0","12","12"
"主张和议","0","12","12"
"绍兴十一","0","12","12"
"兴十一年","0","12","12"
"免除临安","0","12","12"
"令杨存中","0","12","12"
"我国中原","0","12","12"
"太白星占","0","12","12"
"白星占据","0","12","12"
"战争大规","0","12","12"
"争大规模","0","12","12"
"白星进入","0","12","12"
"地区有战","0","12","12"
"谷物价贵","0","12","12"
"区战争发","0","12","12"
"星变出现","0","12","12"
"感到惊异","0","12","12"
"任西上门","0","12","12"
"召他回朝","0","12","12"
"险要之地","0","12","12"
"认为他的","0","12","12"
"看不起他","0","12","12"
"请求告老","0","12","12"
"主持贡举","0","12","12"
"升任户部","0","12","12"
"任校书郎","0","12","12"
"任礼部尚","0","12","12"
"因此被罢","0","12","12"
"任大理评","0","12","12"
"在枢密院","0","12","12"
"法令制度","0","12","12"
"执掌朝政","0","12","12"
"罢免了他","0","12","12"
"任泉州知","0","12","12"
"陈俊卿说","0","12","12"
"周必大拜","0","12","12"
"赵汝愚被","0","12","12"
"为宝谟阁","0","12","12"
"宋金和议","0","12","12"
"他的奏疏","0","12","12"
"任起居郎","0","12","12"
"庆历年间","0","12","12"
"吕公著说","0","12","12"
"王岩叟说","0","12","12"
"韩世忠说","0","12","12"
"岳飞上奏","0","12","12"
"元帝中兴","6","5","11"
"明年二月","10","1","11"
"议者以为","11","0","11"
"中外臣庶","9","2","11"
"将军道怜","7","4","11"
"为平北将","4","7","11"
"阳王昶为","6","5","11"
"东扬州刺","5","6","11"
"将军建安","5","6","11"
"食邑二千","5","6","11"
"西秦河二","6","5","11"
"都官尚书","6","5","11"
"迟疾差率","3","8","11"
"六百六十","6","5","11"
"帝泰始三","6","5","11"
"始三年十","5","6","11"
"斗二十一","9","2","11"
"帝黄初三","7","4","11"
"始二年九","6","5","11"
"六月己酉","10","1","11"
"不可胜数","4","7","11"
"康二年正","5","6","11"
"六月辛丑","8","3","11"
"三月丁卯","9","2","11"
"十一年三","5","6","11"
"一年三月","5","6","11"
"十月丙午","10","1","11"
"言甘露降","11","0","11"
"四月己酉","8","3","11"
"十五年十","5","6","11"
"十八年二","5","6","11"
"八月癸亥","9","2","11"
"七月己丑","8","3","11"
"隆安三年","6","5","11"
"一月乙巳","7","4","11"
"吴兴乌程","8","3","11"
"元元年二","6","5","11"
"康六年三","6","5","11"
"太和五年","5","6","11"
"帝永昌二","5","6","11"
"七月丁酉","10","1","11"
"琅邪临沂","10","1","11"
"五月癸卯","7","4","11"
"兴三年正","5","6","11"
"正月甲申","8","3","11"
"正月丙寅","7","4","11"
"嘉四年十","5","6","11"
"十月丙子","10","1","11"
"太兴二年","5","6","11"
"帝泰始五","5","6","11"
"五月壬子","7","4","11"
"三月丁酉","10","1","11"
"十月己未","9","2","11"
"庐江太守","6","5","11"
"书都官郎","6","5","11"
"骁卫上将","7","4","11"
"密院事张","5","6","11"
"四月癸未","10","1","11"
"河西军节","5","6","11"
"签署枢密","6","5","11"
"以丁谓为","9","2","11"
"张士逊为","5","6","11"
"圣烈皇后","7","4","11"
"淮阳郡王","5","6","11"
"乐安郡王","6","5","11"
"首数千级","10","1","11"
"制置使王","5","6","11"
"兼提点刑","5","6","11"
"西路宣抚","5","6","11"
"郎兼直学","5","6","11"
"皇后尊号","4","7","11"
"宜州观察","6","5","11"
"湖北路安","6","5","11"
"川宣抚副","5","6","11"
"为沿江制","4","7","11"
"提举玉隆","5","6","11"
"一月乙丑","8","3","11"
"督视江淮","4","7","11"
"月癸未朔","11","0","11"
"李曾伯为","3","8","11"
"为军器监","3","8","11"
"路策应使","5","6","11"
"三月乙丑","9","2","11"
"书兵部员","6","5","11"
"西提刑司","6","5","11"
"司准备差","6","5","11"
"准备差遣","6","5","11"
"属天市垣","11","0","11"
"嘉定十五","3","8","11"
"定十五年","3","8","11"
"京左藏库","6","5","11"
"为忠武军","5","6","11"
"左右仆射","5","6","11"
"判大名府","6","5","11"
"国朝会要","6","5","11"
"同判太常","5","6","11"
"天禧四年","4","7","11"
"兼权中书","7","4","11"
"绍定六年","2","9","11"
"兼权兵部","7","4","11"
"进封魏国","7","4","11"
"捷指挥使","5","6","11"
"百七十万","6","5","11"
"吴国内史","5","6","11"
"为征虏将","5","6","11"
"扬武将军","5","6","11"
"州刺史段","6","5","11"
"者数百人","10","1","11"
"为庐陵王","5","6","11"
"月壬午朔","11","0","11"
"凉州刺史","6","5","11"
"尚书令傅","5","6","11"
"六月己未","10","1","11"
"国王遣使","10","1","11"
"正月甲寅","9","2","11"
"镇北大将","6","5","11"
"四月丁未","9","2","11"
"母忧去职","11","0","11"
"平王铄为","7","4","11"
"十月甲申","9","2","11"
"四月甲午","9","2","11"
"七月甲辰","7","4","11"
"一月壬寅","10","1","11"
"南北秦四","6","5","11"
"北秦四州","6","5","11"
"妃王氏为","6","5","11"
"柳元景为","5","6","11"
"仆射建平","6","5","11"
"射建平王","6","5","11"
"州刺史硃","11","0","11"
"州刺史宗","6","5","11"
"六月丙午","8","3","11"
"三月庚寅","8","3","11"
"十月丁巳","9","2","11"
"安王子鸾","10","1","11"
"汝阴太守","6","5","11"
"月甲寅朔","11","0","11"
"四方反叛","5","6","11"
"三月癸酉","10","1","11"
"二十二度","6","5","11"
"百五十五","5","6","11"
"百一十九","5","6","11"
"定大小余","5","6","11"
"日月五星","7","4","11"
"百九十分","6","5","11"
"黄初元年","6","5","11"
"永兴二年","6","5","11"
"有司又奏","11","0","11"
"右丞徐爰","6","5","11"
"博士司马","6","5","11"
"长沙景王","5","6","11"
"阳县开国","6","5","11"
"宋明帝泰","5","6","11"
"普天之下","3","8","11"
"六月癸巳","8","3","11"
"一月戊申","8","3","11"
"初二年六","6","5","11"
"十一年十","5","6","11"
"元元年十","6","5","11"
"五月庚午","7","4","11"
"帝建兴四","6","5","11"
"建兴四年","6","5","11"
"大夫以下","5","6","11"
"天地宗庙","5","6","11"
"天地之间","3","8","11"
"拨乱反正","3","8","11"
"星犯东井","4","7","11"
"四月戊寅","9","2","11"
"孙亮五凤","6","5","11"
"甘露三年","6","5","11"
"案刘向说","11","0","11"
"五月戊子","8","3","11"
"斗第五星","7","4","11"
"一月乙卯","8","3","11"
"一月丁丑","8","3","11"
"咸安二年","5","6","11"
"九月癸未","8","3","11"
"太元十九","6","5","11"
"十九年十","6","5","11"
"六月庚午","8","3","11"
"七月癸亥","8","3","11"
"星在太微","4","7","11"
"司空竟陵","6","5","11"
"空竟陵王","6","5","11"
"年八月丙","6","5","11"
"帝永昌元","6","5","11"
"年八月己","6","5","11"
"五月辛未","9","2","11"
"园丞梅道","6","5","11"
"四月乙卯","9","2","11"
"九月甲申","10","1","11"
"一月丙辰","9","2","11"
"六月丙子","9","2","11"
"八月乙丑","9","2","11"
"月癸卯朔","11","0","11"
"九月乙巳","9","2","11"
"七月戊申","10","1","11"
"月庚子朔","11","0","11"
"月乙卯朔","10","1","11"
"月庚辰朔","11","0","11"
"一万二千","3","8","11"
"一万七千","3","8","11"
"为右卫将","7","4","11"
"兼行参军","6","5","11"
"高祖平定","2","9","11"
"太守如故","11","0","11"
"北行参军","5","6","11"
"年三十九","6","5","11"
"中散大夫","5","6","11"
"司徒左西","5","6","11"
"年七十八","5","6","11"
"博览群书","2","9","11"
"中为尚书","6","5","11"
"士大夫以","5","6","11"
"三月三日","2","9","11"
"五百余人","9","2","11"
"二月四日","2","9","11"
"车驾出行","3","8","11"
"正月十五","1","10","11"
"显德三年","5","6","11"
"世宗即位","6","5","11"
"王遣使来","10","1","11"
"坐赃弃市","11","0","11"
"节度使张","6","5","11"
"书判拔萃","6","5","11"
"良方正直","6","5","11"
"方正直言","6","5","11"
"卢多逊为","6","5","11"
"阁门副使","11","0","11"
"赦所不原","11","0","11"
"所不原者","11","0","11"
"进秩有差","11","0","11"
"上大行皇","8","3","11"
"百二十人","5","6","11"
"以左仆射","5","6","11"
"五月庚戌","11","0","11"
"便宜从事","11","0","11"
"湖南北路","6","5","11"
"乾德五年","3","8","11"
"宴含光殿","7","4","11"
"转运使张","5","6","11"
"举贤良方","7","4","11"
"以王钦若","7","4","11"
"浙转运使","5","6","11"
"为河南府","3","8","11"
"元偁宫视","11","0","11"
"偁宫视疾","11","0","11"
"河北水灾","4","7","11"
"入内副都","6","5","11"
"乾兴元年","5","6","11"
"真宗御容","11","0","11"
"减天下囚","9","2","11"
"真宗实录","6","5","11"
"安抚陕西","6","5","11"
"朝飨景灵","11","0","11"
"飨景灵宫","11","0","11"
"尊皇太后","5","6","11"
"皇太后垂","5","6","11"
"路副都总","6","5","11"
"安抚京东","6","5","11"
"国子监直","5","6","11"
"子监直讲","5","6","11"
"广东转运","6","5","11"
"于福宁殿","11","0","11"
"皇后于永","8","3","11"
"败夏人于","11","0","11"
"十三人及","4","7","11"
"太后权同","6","5","11"
"直言朝政","2","9","11"
"为崇政殿","6","5","11"
"京国子监","6","5","11"
"二十万缗","7","4","11"
"福建转运","5","6","11"
"五人及第","6","5","11"
"政和元年","5","6","11"
"浙制置使","6","5","11"
"都堂审察","7","4","11"
"为中太一","5","6","11"
"命尚书左","2","9","11"
"康王即位","4","7","11"
"军前通问","6","5","11"
"郭仲荀为","5","6","11"
"策试礼部","1","10","11"
"为御营使","5","6","11"
"张浚承制","11","0","11"
"湖宣抚使","4","7","11"
"将帅者二","7","4","11"
"为沿海制","5","6","11"
"给事中胡","6","5","11"
"为和州防","2","9","11"
"知荆南府","7","4","11"
"参谋军事","4","7","11"
"命为秘书","2","9","11"
"复资政殿","8","3","11"
"李显忠为","5","6","11"
"乡饮酒礼","5","6","11"
"为安德军","4","7","11"
"以宽民力","7","4","11"
"忠义军统","5","6","11"
"兵数千人","3","8","11"
"仆散忠义","5","6","11"
"检详文字","5","6","11"
"阁待制兼","5","6","11"
"淳熙元年","6","5","11"
"身丁钱三","6","5","11"
"丁钱三年","6","5","11"
"淳熙八年","4","7","11"
"丞相周必","6","5","11"
"来贺瑞庆","11","0","11"
"殿修撰知","8","3","11"
"官其二子","10","1","11"
"流离失所","1","10","11"
"以吕文德","7","4","11"
"为司农卿","3","8","11"
"祖宗法度","4","7","11"
"乾道七年","3","8","11"
"拜枢密使","11","0","11"
"中祥符七","4","7","11"
"祥符七年","4","7","11"
"迁礼部侍","11","0","11"
"拜御史中","11","0","11"
"召为翰林","8","3","11"
"迁尚书工","11","0","11"
"为枢密院","3","8","11"
"为工部郎","4","7","11"
"勾当三班","6","5","11"
"当三班院","6","5","11"
"兼史馆修","7","4","11"
"群牧判官","5","6","11"
"为馆阁校","8","3","11"
"为天章阁","4","7","11"
"有甘露降","1","10","11"
"从太宗征","1","10","11"
"以逸待劳","4","7","11"
"王宫大小","5","6","11"
"宫大小学","5","6","11"
"绍兴初年","1","10","11"
"力主和议","5","6","11"
"先见之明","2","9","11"
"天下之势","8","3","11"
"嘉泰二年","4","7","11"
"嘉定四年","4","7","11"
"司机宜文","5","6","11"
"金人大败","6","5","11"
"朝廷之上","6","5","11"
"而士大夫","5","6","11"
"嘉定十三","4","7","11"
"定十三年","4","7","11"
"天下之大","8","3","11"
"太祖皇帝","2","9","11"
"兵十余万","6","5","11"
"任殿前都","1","10","11"
"按兵不动","3","8","11"
"休养生息","0","11","11"
"其他事情","0","11","11"
"也不知道","0","11","11"
"在黄道南","0","11","11"
"的第二个","0","11","11"
"完毕之后","0","11","11"
"四面八方","0","11","11"
"难道可以","0","11","11"
"什么不同","0","11","11"
"用自己的","0","11","11"
"太平盛世","0","11","11"
"亡的征兆","0","11","11"
"这就叫做","0","11","11"
"就是这个","0","11","11"
"倒在地上","0","11","11"
"皇上知道","0","11","11"
"怎么能让","0","11","11"
"皇帝认为","0","11","11"
"达到目的","0","11","11"
"不过是一","0","11","11"
"可以免除","0","11","11"
"是非曲直","0","11","11"
"有关人员","0","11","11"
"们的议论","0","11","11"
"朝廷认为","0","11","11"
"把他们的","0","11","11"
"再也没有","0","11","11"
"是因为他","0","11","11"
"私下认为","0","11","11"
"更重要的","0","11","11"
"人告诉他","0","11","11"
"他的功劳","0","11","11"
"沈攸之的","0","11","11"
"陈述自己","0","11","11"
"有什么功","0","11","11"
"如果敌人","0","11","11"
"不能胜任","0","11","11"
"这个请求","0","11","11"
"我的儿子","0","11","11"
"这种风气","0","11","11"
"中注定的","0","11","11"
"皇帝面前","0","11","11"
"国家的安","0","11","11"
"皇帝的儿","0","11","11"
"大臣们都","0","11","11"
"对大臣们","0","11","11"
"当地百姓","0","11","11"
"不要因为","0","11","11"
"是为什么","0","11","11"
"欠的钱物","0","11","11"
"没有批准","0","11","11"
"彗星消失","0","11","11"
"奏自行决","0","11","11"
"光圈环绕","0","11","11"
"有人说是","0","11","11"
"宗听说后","0","11","11"
"皇上听说","0","11","11"
"国家的福","0","11","11"
"没有听到","0","11","11"
"进行祭祀","0","11","11"
"阴雨连绵","0","11","11"
"宗很高兴","0","11","11"
"廷重新起","0","11","11"
"他们一起","0","11","11"
"并杀了他","0","11","11"
"百姓得到","0","11","11"
"观的闲职","0","11","11"
"一个人的","0","11","11"
"自己弹劾","0","11","11"
"难道没有","0","11","11"
"犹豫不决","0","11","11"
"儿嫁给他","0","11","11"
"们的意见","0","11","11"
"向朝廷上","0","11","11"
"请求皇帝","0","11","11"
"出来做官","0","11","11"
"如果我们","0","11","11"
"互相勾结","0","11","11"
"命左卫将","0","11","11"
"正月初四","0","11","11"
"告祭太庙","0","11","11"
"戴进贤一","0","11","11"
"心宿大星","0","11","11"
"水涌入石","0","11","11"
"涌入石头","0","11","11"
"入石头城","0","11","11"
"后汉时属","0","11","11"
"王赵元佐","0","11","11"
"尊号为寿","0","11","11"
"八月初七","0","11","11"
"临安知府","0","11","11"
"三月初九","0","11","11"
"削夺一官","0","11","11"
"书天文志","0","11","11"
"官检校太","0","11","11"
"任史馆修","0","11","11"
"的身份知","0","11","11"
"十多万人","0","11","11"
"守石头城","0","11","11"
"对待他们","0","11","11"
"率领精锐","0","11","11"
"十分之一","0","11","11"
"文臣武将","0","11","11"
"经很久了","0","11","11"
"年六十岁","0","11","11"
"大明年间","0","11","11"
"拥有天下","0","11","11"
"丽国派使","0","11","11"
"将军照旧","0","11","11"
"免除赋税","0","11","11"
"十月十二","0","11","11"
"九月十一","0","11","11"
"免除今年","0","11","11"
"林园听诉","0","11","11"
"园听诉讼","0","11","11"
"三月十三","0","11","11"
"官吏百姓","0","11","11"
"七月十一","0","11","11"
"皇帝位后","0","11","11"
"平定之后","0","11","11"
"其正声与","0","11","11"
"路上遇到","0","11","11"
"于是皇帝","0","11","11"
"二十多人","0","11","11"
"太阳位置","0","11","11"
"在大余上","0","11","11"
"天运行一","0","11","11"
"运行的度","0","11","11"
"之的议论","0","11","11"
"不能忍受","0","11","11"
"大功丧服","0","11","11"
"这一定是","0","11","11"
"没有建立","0","11","11"
"以自己的","0","11","11"
"不敢接受","0","11","11"
"的制度以","0","11","11"
"四位府君","0","11","11"
"秋季冬季","0","11","11"
"使天下人","0","11","11"
"佩带苍黑","0","11","11"
"带苍黑如","0","11","11"
"苍黑如水","0","11","11"
"黑如水色","0","11","11"
"如水色的","0","11","11"
"水色的玉","0","11","11"
"不仅仅是","0","11","11"
"二句每句","0","11","11"
"句每句五","0","11","11"
"每句五字","0","11","11"
"象预示天","0","11","11"
"出现于吴","0","11","11"
"武帝去世","0","11","11"
"国家灭亡","0","11","11"
"齐王司马","0","11","11"
"天象表示","0","11","11"
"前面相应","0","11","11"
"阳王刘休","0","11","11"
"无缘无故","0","11","11"
"此事告诉","0","11","11"
"后献上朝","0","11","11"
"之献上朝","0","11","11"
"现的妖异","0","11","11"
"百姓十分","0","11","11"
"京城百姓","0","11","11"
"军驻扎在","0","11","11"
"军队讨伐","0","11","11"
"没有多久","0","11","11"
"最终导致","0","11","11"
"损害庄稼","0","11","11"
"他们的家","0","11","11"
"任用的人","0","11","11"
"都是当时","0","11","11"
"都认为这","0","11","11"
"恢复设置","0","11","11"
"水路有一","0","11","11"
"各种事情","0","11","11"
"我之所以","0","11","11"
"又被任命","0","11","11"
"他的部队","0","11","11"
"步兵和骑","0","11","11"
"兵和骑兵","0","11","11"
"便去世了","0","11","11"
"人一定会","0","11","11"
"恢复他的","0","11","11"
"同意他的","0","11","11"
"将他们全","0","11","11"
"上任命他","0","11","11"
"最重要的","0","11","11"
"请求免除","0","11","11"
"任太子中","0","11","11"
"又任命他","0","11","11"
"追封他为","0","11","11"
"登上城墙","0","11","11"
"六十四岁","0","11","11"
"任命为秘","0","11","11"
"免去他的","0","11","11"
"他们的子","0","11","11"
"接受贿赂","0","11","11"
"几个儿子","0","11","11"
"不久兼任","0","11","11"
"有什么罪","0","11","11"
"这一消息","0","11","11"
"他的门下","0","11","11"
"兵驻扎在","0","11","11"
"军队大败","0","11","11"
"等待敌人","0","11","11"
"使者前来","0","11","11"
"显德年间","0","11","11"
"北汉军队","0","11","11"
"免除三年","0","11","11"
"命令宰相","0","11","11"
"来进贡当","0","11","11"
"太祖不上","0","11","11"
"太祖在近","0","11","11"
"祖在近郊","0","11","11"
"发生早灾","0","11","11"
"太祖亲自","0","11","11"
"九月十五","0","11","11"
"犯减刑一","0","11","11"
"发生蝗灾","0","11","11"
"下诏州县","0","11","11"
"开始设置","0","11","11"
"任命兵部","0","11","11"
"停止上朝","0","11","11"
"黄河在擅","0","11","11"
"河在擅州","0","11","11"
"三月初八","0","11","11"
"在太原城","0","11","11"
"命令各州","0","11","11"
"元殿接受","0","11","11"
"都被罢免","0","11","11"
"在近郊狩","0","11","11"
"近郊狩猎","0","11","11"
"没有允准","0","11","11"
"请求罢除","0","11","11"
"十月初八","0","11","11"
"任命枢密","0","11","11"
"拖欠租税","0","11","11"
"赐给近臣","0","11","11"
"的十分之","0","11","11"
"进人太微","0","11","11"
"人太微垣","0","11","11"
"国派人来","0","11","11"
"王赵元份","0","11","11"
"因战功升","0","11","11"
"星进人井","0","11","11"
"奖赏标准","0","11","11"
"联合出兵","0","11","11"
"定郡王赵","0","11","11"
"到赵元翱","0","11","11"
"赵元翱宫","0","11","11"
"水灾百姓","0","11","11"
"每年推举","0","11","11"
"下诏从今","0","11","11"
"诏从今以","0","11","11"
"真宗遗像","0","11","11"
"各科及第","0","11","11"
"主管官吏","0","11","11"
"使臣来报","0","11","11"
"臣来报告","0","11","11"
"到延和殿","0","11","11"
"五月十一","0","11","11"
"到大庆殿","0","11","11"
"命令御史","0","11","11"
"下诏修撰","0","11","11"
"虹横贯天","0","11","11"
"自行处理","0","11","11"
"一百万络","0","11","11"
"升为枢密","0","11","11"
"到不等的","0","11","11"
"处理关押","0","11","11"
"向全国颁","0","11","11"
"星白天陨","0","11","11"
"白天陨落","0","11","11"
"靖康初年","0","11","11"
"高宗到达","0","11","11"
"请求高宗","0","11","11"
"担任金国","0","11","11"
"金军离开","0","11","11"
"任命赵鼎","0","11","11"
"命赵鼎为","0","11","11"
"担任监司","0","11","11"
"命令四川","0","11","11"
"上书议论","0","11","11"
"农业生产","0","11","11"
"求解除职","0","11","11"
"于是收复","0","11","11"
"免除四川","0","11","11"
"东南地区","0","11","11"
"来祝贺瑞","0","11","11"
"祝贺瑞庆","0","11","11"
"请求解职","0","11","11"
"理宗皇帝","0","11","11"
"下诏征求","0","11","11"
"北方地区","0","11","11"
"那么年成","0","11","11"
"面二颗星","0","11","11"
"以上各星","0","11","11"
"上各星都","0","11","11"
"各星都属","0","11","11"
"谷物不成","0","11","11"
"谷不成熟","0","11","11"
"面一颗星","0","11","11"
"占据此宿","0","11","11"
"边一颗星","0","11","11"
"星不全备","0","11","11"
"流星出来","0","11","11"
"祥符年间","0","11","11"
"不能阻止","0","11","11"
"跟从太宗","0","11","11"
"的儿子名","0","11","11"
"守丧期满","0","11","11"
"亲自征伐","0","11","11"
"上赐给他","0","11","11"
"开宝年间","0","11","11"
"陛下应当","0","11","11"
"终年四十","0","11","11"
"太宗听说","0","11","11"
"真宗亲自","0","11","11"
"他回答说","0","11","11"
"他的祖先","0","11","11"
"推荐他为","0","11","11"
"任枢密副","0","11","11"
"赐给他金","0","11","11"
"有人请求","0","11","11"
"知道陛下","0","11","11"
"不久又任","0","11","11"
"升为吏部","0","11","11"
"他的朋友","0","11","11"
"时的宰相","0","11","11"
"升为太常","0","11","11"
"崇尚气节","0","11","11"
"据理力争","0","11","11"
"兴府知府","0","11","11"
"直学士的","0","11","11"
"报告给朝","0","11","11"
"处以黥刑","0","11","11"
"百官轮次","0","11","11"
"弹劾罢免","0","11","11"
"伏愿陛下","9","1","10"
"肝脑涂地","5","5","10"
"上嘉纳之","9","1","10"
"军何无忌","5","5","10"
"中领军刘","5","5","10"
"旅贲中郎","5","5","10"
"加开府仪","10","0","10"
"以左卫将","10","0","10"
"州刺史衡","6","4","10"
"刺史衡阳","6","4","10"
"史衡阳王","6","4","10"
"军沈庆之","6","4","10"
"为东扬州","7","3","10"
"刺史义阳","5","5","10"
"史义阳王","5","5","10"
"大将军柳","5","5","10"
"王子仁为","5","5","10"
"以冠军将","9","1","10"
"军将军齐","5","5","10"
"镇西大将","4","6","10"
"进号征西","9","1","10"
"王景素为","5","5","10"
"辅师将军","5","5","10"
"王景文为","5","5","10"
"为车骑大","4","6","10"
"以宁朔将","8","2","10"
"百三十八","5","5","10"
"二千七百","6","4","10"
"百二十一","5","5","10"
"百三十九","5","5","10"
"八百五十","5","5","10"
"尚书左右","4","6","10"
"百八十七","5","5","10"
"初三年九","5","5","10"
"九月甲辰","8","2","10"
"正始元年","6","4","10"
"正月辛卯","9","1","10"
"三月壬午","7","3","10"
"正月丁丑","8","2","10"
"犯南斗第","6","4","10"
"六月己丑","8","2","10"
"七月己亥","8","2","10"
"一月辛亥","8","2","10"
"三月庚子","7","3","10"
"年三月乙","5","5","10"
"帝太始二","5","5","10"
"汉武帝元","5","5","10"
"武帝元狩","5","5","10"
"汉宣帝元","5","5","10"
"帝元康四","5","5","10"
"汉光武建","7","3","10"
"三月乙卯","8","2","10"
"十三年二","5","5","10"
"建二年三","5","5","10"
"帝升明二","5","5","10"
"康八年九","5","5","10"
"帝咸和六","5","5","10"
"光三年七","5","5","10"
"汉桓帝建","5","5","10"
"桓帝建和","5","5","10"
"元康三年","5","5","10"
"康三年四","5","5","10"
"太熙元年","5","5","10"
"和五年五","5","5","10"
"晋康帝建","5","5","10"
"隆和元年","5","5","10"
"十三年六","5","5","10"
"帝元兴三","5","5","10"
"青龙元年","6","4","10"
"孙亮太平","5","5","10"
"元康八年","5","5","10"
"帝元嘉五","5","5","10"
"正月己巳","9","1","10"
"康二年六","5","5","10"
"元康六年","5","5","10"
"帝永嘉四","5","5","10"
"晋简文帝","4","6","10"
"涛水入石","10","0","10"
"水入石头","10","0","10"
"元二十年","5","5","10"
"帝元康二","5","5","10"
"元康二年","5","5","10"
"升平元年","5","5","10"
"一月庚戌","7","3","10"
"帝景和元","5","5","10"
"兴元年七","5","5","10"
"帝元兴二","5","5","10"
"八月丁未","8","2","10"
"年八月庚","6","4","10"
"康十年十","5","5","10"
"太元十一","5","5","10"
"元十一年","5","5","10"
"帝咸和四","5","5","10"
"五万五千","5","5","10"
"孙权黄龙","5","5","10"
"帝太康四","6","4","10"
"前汉属东","10","0","10"
"百七十八","5","5","10"
"百四十一","5","5","10"
"尚书度支","5","5","10"
"州之梁郡","10","0","10"
"号征虏将","4","6","10"
"归德军节","5","5","10"
"指挥使高","5","5","10"
"都虞候王","5","5","10"
"淮海国王","5","5","10"
"国王钱俶","10","0","10"
"州路都部","5","5","10"
"武卫上将","5","5","10"
"卫步军司","5","5","10"
"右领军卫","5","5","10"
"领军卫将","5","5","10"
"军卫将军","5","5","10"
"罢守本官","6","4","10"
"部尚书吕","5","5","10"
"为右监门","2","8","10"
"李继隆为","5","5","10"
"楚王元佐","10","0","10"
"明仁孝皇","5","5","10"
"加右仆射","10","0","10"
"元俨进封","5","5","10"
"司徒兼侍","5","5","10"
"徒兼侍中","5","5","10"
"雷州司户","5","5","10"
"七月辛未","10","0","10"
"百官上尊","7","3","10"
"官上尊号","7","3","10"
"尊号曰应","10","0","10"
"圣皇太后","5","5","10"
"三月戊申","7","3","10"
"体天法道","5","5","10"
"出身八百","5","5","10"
"侬智高反","6","4","10"
"英文烈武","5","5","10"
"仁圣烈皇","6","4","10"
"仁为尚书","5","5","10"
"翰林侍讲","5","5","10"
"彦为尚书","5","5","10"
"高密郡王","5","5","10"
"为普安郡","3","7","10"
"同安郡王","5","5","10"
"十有九人","10","0","10"
"殿直学士","5","5","10"
"华原郡王","5","5","10"
"徽宗皇帝","5","5","10"
"威武军节","5","5","10"
"东路制置","4","6","10"
"为制置使","4","6","10"
"节度使钱","5","5","10"
"尚书虞部","5","5","10"
"御营统制","5","5","10"
"路安抚制","5","5","10"
"江西制置","5","5","10"
"以吕颐浩","9","1","10"
"州路安抚","5","5","10"
"江南诸州","8","2","10"
"守臣向子","5","5","10"
"御前军器","5","5","10"
"都统制刘","5","5","10"
"统制刘宝","5","5","10"
"安庆军节","5","5","10"
"五百三十","5","5","10"
"府路安抚","5","5","10"
"诣德寿宫","10","0","10"
"统制陈孝","5","5","10"
"台谏各举","8","2","10"
"淮东提刑","5","5","10"
"玉隆万寿","5","5","10"
"隆万寿宫","5","5","10"
"兼签书枢","5","5","10"
"侍郎兼中","5","5","10"
"视江淮军","3","7","10"
"督府参谋","5","5","10"
"兼都督行","5","5","10"
"督行府参","5","5","10"
"进勇副尉","5","5","10"
"宝文阁学","5","5","10"
"制司参议","5","5","10"
"贾似道以","5","5","10"
"以枢密使","7","3","10"
"宣抚大使","5","5","10"
"西总领财","5","5","10"
"知重庆府","9","1","10"
"进资政殿","9","1","10"
"直敷文阁","5","5","10"
"湖北制置","5","5","10"
"浙转运司","5","5","10"
"眉州防御","5","5","10"
"知大宗正","5","5","10"
"寿圣太上","5","5","10"
"圣太上皇","5","5","10"
"咸淳三年","4","6","10"
"六月辛未","8","2","10"
"参知枢密","5","5","10"
"集二十卷","5","5","10"
"判四方馆","5","5","10"
"四方馆事","5","5","10"
"成德军节","4","6","10"
"都部署兼","5","5","10"
"礼宾副使","5","5","10"
"湖北路转","5","5","10"
"判吏部铨","5","5","10"
"库部员外","5","5","10"
"员外郎王","4","6","10"
"有文集二","4","6","10"
"奉安太祖","9","1","10"
"略安抚招","6","4","10"
"安抚招讨","6","4","10"
"抚招讨使","5","5","10"
"用兵以来","4","6","10"
"大都督府","5","5","10"
"兼安抚使","4","6","10"
"为三司户","7","3","10"
"迁著作郎","10","0","10"
"改秘书省","10","0","10"
"司盐铁判","5","5","10"
"绍熙三年","3","7","10"
"西转运司","5","5","10"
"兼工部尚","5","5","10"
"相梁克家","5","5","10"
"有文集十","4","6","10"
"置司参议","5","5","10"
"川制置副","5","5","10"
"为太中大","3","7","10"
"会稽内史","5","5","10"
"司徒王谧","6","4","10"
"骧将军刘","5","5","10"
"将军诸葛","5","5","10"
"中外诸军","4","6","10"
"百七十二","5","5","10"
"八百四十","5","5","10"
"军刘敬宣","5","5","10"
"坚壁清野","3","7","10"
"正月己亥","9","1","10"
"刺史檀道","5","5","10"
"史檀道济","5","5","10"
"军将军赵","5","5","10"
"将军赵伦","5","5","10"
"军赵伦之","5","5","10"
"三月辛巳","8","2","10"
"车驾亲祠","10","0","10"
"驾亲祠南","10","0","10"
"亲祠南郊","10","0","10"
"四月己亥","9","1","10"
"始兴太守","5","5","10"
"六月庚戌","9","1","10"
"诃罗单国","5","5","10"
"七月戊子","8","2","10"
"子詹事刘","5","5","10"
"冬十二月","5","5","10"
"将军刘遵","4","6","10"
"为征北将","4","6","10"
"赐爵一级","5","5","10"
"王义恭为","6","4","10"
"武陵王讳","10","0","10"
"将军刘义","4","6","10"
"刺史赵伯","5","5","10"
"史赵伯符","5","5","10"
"五月庚寅","10","0","10"
"五月癸丑","8","2","10"
"史中丞何","6","4","10"
"正月戊辰","7","3","10"
"将军萧思","5","5","10"
"兴太守刘","5","5","10"
"军建平王","5","5","10"
"三月乙酉","9","1","10"
"将军臧质","5","5","10"
"十月癸亥","9","1","10"
"正月甲午","8","2","10"
"二月辛未","9","1","10"
"梁南北秦","4","6","10"
"江左以来","8","2","10"
"南中郎将","5","5","10"
"三十年正","5","5","10"
"八月庚申","8","2","10"
"将军建平","5","5","10"
"寻阳太守","5","5","10"
"元年以前","6","4","10"
"四月庚申","9","1","10"
"一月己卯","7","3","10"
"十六年正","5","5","10"
"等十一人","5","5","10"
"镇军长史","5","5","10"
"五月壬辰","9","1","10"
"刺史崔道","5","5","10"
"史崔道固","5","5","10"
"八月己卯","8","2","10"
"十月乙卯","8","2","10"
"将军蔡兴","5","5","10"
"军蔡兴宗","5","5","10"
"月癸丑朔","10","0","10"
"明七年正","5","5","10"
"六月壬辰","9","1","10"
"骑将军王","5","5","10"
"鼓吹铙歌","5","5","10"
"百二十八","5","5","10"
"万五千二","5","5","10"
"千二百三","5","5","10"
"三百四十","5","5","10"
"七百八十","5","5","10"
"五千三百","5","5","10"
"万四千九","5","5","10"
"十四万四","5","5","10"
"六十一分","5","5","10"
"十七年十","5","5","10"
"大行皇太","7","3","10"
"行皇太后","7","3","10"
"书祠部郎","5","5","10"
"母以子贵","9","1","10"
"国子助教","5","5","10"
"明二年正","4","6","10"
"士司马兴","6","4","10"
"领军长史","5","5","10"
"升明三年","5","5","10"
"妃为皇太","5","5","10"
"四百三十","5","5","10"
"以天下为","6","4","10"
"恭帝元熙","6","4","10"
"月丙午朔","10","0","10"
"博士王燮","5","5","10"
"士王燮之","5","5","10"
"百一十四","3","7","10"
"九月甲子","9","1","10"
"世祖大明","5","5","10"
"和元年二","5","5","10"
"康七年五","5","5","10"
"亲执觞爵","2","8","10"
"帝义熙九","5","5","10"
"康二年十","5","5","10"
"天地社稷","4","6","10"
"年五月庚","5","5","10"
"建三年五","5","5","10"
"章太后庙","4","6","10"
"十月丙寅","7","3","10"
"王义恭以","10","0","10"
"帝永初二","5","5","10"
"佩水苍玉","10","0","10"
"皇太后出","5","5","10"
"正月己卯","8","2","10"
"明六年八","5","5","10"
"日月星辰","2","8","10"
"十月辛未","9","1","10"
"三句句四","10","0","10"
"六十五度","5","5","10"
"十月乙未","9","1","10"
"旧布新之","6","4","10"
"荧惑犯房","10","0","10"
"太白犯轩","10","0","10"
"白犯轩辕","10","0","10"
"天下有兵","10","0","10"
"权赤乌十","5","5","10"
"景元三年","5","5","10"
"长十余丈","6","4","10"
"九月辛亥","8","2","10"
"行入太微","5","5","10"
"三月己亥","7","3","10"
"三月甲寅","7","3","10"
"八年八月","5","5","10"
"西蕃上将","5","5","10"
"七月辛巳","8","2","10"
"十年八月","5","5","10"
"十二年二","5","5","10"
"太元十八","5","5","10"
"元十八年","5","5","10"
"九真太守","5","5","10"
"平元年正","5","5","10"
"天下幸甚","10","0","10"
"十月戊戌","8","2","10"
"始二年七","5","5","10"
"帝孝建二","5","5","10"
"王浚以闻","10","0","10"
"八月丙辰","8","2","10"
"五月甲辰","7","3","10"
"年五月丙","5","5","10"
"梁郡太守","5","5","10"
"十六年五","5","5","10"
"建兴三年","5","5","10"
"一年八月","4","6","10"
"一月乙酉","9","1","10"
"五月乙亥","8","2","10"
"园丞陈袭","6","4","10"
"丞陈袭祖","6","4","10"
"十二年九","5","5","10"
"吴孙亮五","5","5","10"
"池二莲同","5","5","10"
"南台侍御","5","5","10"
"台侍御史","5","5","10"
"五月乙巳","9","1","10"
"十月庚辰","8","2","10"
"兴三年十","5","5","10"
"四月丁亥","8","2","10"
"失其性而","10","0","10"
"大雨震电","10","0","10"
"康九年六","5","5","10"
"一月甲子","7","3","10"
"一月丁酉","9","1","10"
"八月乙亥","9","1","10"
"八月丙戌","9","1","10"
"月癸酉朔","10","0","10"
"二十三万","5","5","10"
"元年更名","10","0","10"
"三千九百","5","5","10"
"百二十六","4","6","10"
"新安太守","5","5","10"
"一万八千","3","7","10"
"百一十八","4","6","10"
"百二十七","5","5","10"
"晋安帝立","10","0","10"
"河东太守","5","5","10"
"时年七十","8","2","10"
"征虏军事","5","5","10"
"年四十六","6","4","10"
"南阳太守","5","5","10"
"年六十三","5","5","10"
"临海王刘","1","9","10"
"海王刘子","1","9","10"
"为之感动","5","5","10"
"节度使高","4","6","10"
"昭义军节","5","5","10"
"度使李继","5","5","10"
"来献方物","10","0","10"
"辽州刺史","4","6","10"
"密副使赵","5","5","10"
"王全斌等","5","5","10"
"院使兼枢","5","5","10"
"白金千两","6","4","10"
"幸教船池","10","0","10"
"今年夏税","5","5","10"
"昭宪皇太","5","5","10"
"员外郎李","5","5","10"
"军五百人","6","4","10"
"玉津园观","5","5","10"
"八月乙卯","10","0","10"
"引进副使","5","5","10"
"州巡检使","5","5","10"
"山后两林","5","5","10"
"司勋员外","5","5","10"
"勋员外郎","5","5","10"
"乾德四年","3","7","10"
"为殿前都","4","6","10"
"加同平章","9","1","10"
"官吏能否","6","4","10"
"行皇帝谥","9","1","10"
"右卫上将","5","5","10"
"州行府事","5","5","10"
"察御史张","5","5","10"
"为高阳关","6","4","10"
"崇仪副使","5","5","10"
"林学士李","5","5","10"
"拜表称贺","10","0","10"
"妃李氏为","5","5","10"
"遣中使赐","7","3","10"
"相国寺祈","4","6","10"
"赵昌言为","5","5","10"
"军行军司","5","5","10"
"点刑狱官","5","5","10"
"本州团练","5","5","10"
"崇政殿西","5","5","10"
"递减一等","6","4","10"
"诏近臣举","9","1","10"
"皇太后宫","5","5","10"
"大宴含光","6","4","10"
"州路行营","5","5","10"
"以兵部尚","8","2","10"
"明德皇后","5","5","10"
"国军留后","5","5","10"
"试贤良方","4","6","10"
"天书仪卫","5","5","10"
"天上帝于","10","0","10"
"服勤词学","5","5","10"
"国大长公","5","5","10"
"公主进封","5","5","10"
"岳州团练","5","5","10"
"景福殿使","5","5","10"
"州太清宫","5","5","10"
"兼吏部尚","5","5","10"
"分军国事","8","2","10"
"十三万缗","8","2","10"
"时政阙失","10","0","10"
"吕夷简为","4","6","10"
"献明肃皇","4","6","10"
"天章阁侍","5","5","10"
"章阁侍讲","5","5","10"
"安化州蛮","5","5","10"
"西马步军","5","5","10"
"路兵马都","4","6","10"
"尚书屯田","5","5","10"
"书屯田员","5","5","10"
"湖南提刑","6","4","10"
"遣使来告","10","0","10"
"天地于明","10","0","10"
"地于明堂","10","0","10"
"待制以上","5","5","10"
"民间利害","5","5","10"
"请皇太后","6","4","10"
"内侍都知","5","5","10"
"濮安懿王","9","1","10"
"等来贺正","10","0","10"
"诏诸路帅","9","1","10"
"同知谏院","5","5","10"
"并同中书","9","1","10"
"熙河兰会","5","5","10"
"减囚罪一","10","0","10"
"考功员外","5","5","10"
"朝奉大夫","5","5","10"
"汉东郡王","5","5","10"
"太后听政","4","6","10"
"试中书舍","7","3","10"
"制置解盐","6","4","10"
"林学士范","5","5","10"
"圣文仁德","5","5","10"
"显孝皇帝","5","5","10"
"元符皇后","5","5","10"
"景灵西宫","5","5","10"
"建中靖国","5","5","10"
"钦圣宪肃","5","5","10"
"其子一人","3","7","10"
"显谟阁学","6","4","10"
"为宁国军","3","7","10"
"为熙河兰","5","5","10"
"大观元年","5","5","10"
"上舍生十","5","5","10"
"永兴军路","5","5","10"
"殿学士张","5","5","10"
"封鲁国公","8","2","10"
"路分都监","3","7","10"
"河北河东","6","4","10"
"路提举常","5","5","10"
"右金吾卫","5","5","10"
"左司谏陈","5","5","10"
"密院事李","5","5","10"
"为金人所","10","0","10"
"为显谟阁","3","7","10"
"天命人心","5","5","10"
"潭州安置","5","5","10"
"户部财用","5","5","10"
"路招抚使","5","5","10"
"贵州团练","5","5","10"
"南雄州安","5","5","10"
"雄州安置","5","5","10"
"指挥使郭","5","5","10"
"前通问使","5","5","10"
"统制张俊","5","5","10"
"御史马伸","5","5","10"
"部侍郎张","5","5","10"
"主管马军","5","5","10"
"命吕颐浩","3","7","10"
"英州安置","4","6","10"
"以赵鼎为","9","1","10"
"大臣不能","5","5","10"
"正诸房公","5","5","10"
"淮南宣抚","5","5","10"
"神武副军","5","5","10"
"右军统制","5","5","10"
"百官遥拜","5","5","10"
"为利州路","3","7","10"
"州宣抚使","5","5","10"
"昭慈献烈","5","5","10"
"祭天地于","9","1","10"
"为荆湖南","3","7","10"
"杨沂中为","4","6","10"
"州杂犯死","5","5","10"
"神武后军","5","5","10"
"建康行宫","5","5","10"
"浙转运副","5","5","10"
"同都督江","5","5","10"
"通判州事","7","3","10"
"刘子羽为","3","7","10"
"天皇大帝","5","5","10"
"抚谕四川","5","5","10"
"淮东宣抚","5","5","10"
"都督诸路","7","3","10"
"府参议军","5","5","10"
"陕宣抚副","5","5","10"
"京西南路","5","5","10"
"秘书郎兼","5","5","10"
"部侍郎胡","5","5","10"
"路经略使","3","7","10"
"枢密行府","5","5","10"
"南安军安","5","5","10"
"三十万缗","7","3","10"
"鄂州都统","5","5","10"
"州都统制","5","5","10"
"六人及第","5","5","10"
"忠州团练","5","5","10"
"二十八万","5","5","10"
"书舍人王","5","5","10"
"朝德寿宫","9","1","10"
"后尊号册","5","5","10"
"营田官兵","5","5","10"
"命虞允文","2","8","10"
"措置屯田","5","5","10"
"临安府及","10","0","10"
"待制兼侍","5","5","10"
"兴州都统","5","5","10"
"蠲临安府","10","0","10"
"州都统司","5","5","10"
"在京宫观","5","5","10"
"百三十七","4","6","10"
"东提举常","5","5","10"
"江西常平","5","5","10"
"察御史陈","5","5","10"
"大理寺狱","2","8","10"
"绍熙五年","3","7","10"
"自以为不","6","4","10"
"贺重明节","5","5","10"
"为焕章阁","2","8","10"
"嘉泰元年","5","5","10"
"陈自强等","5","5","10"
"路安抚司","5","5","10"
"兼知扬州","8","2","10"
"池州都统","5","5","10"
"史弥远等","5","5","10"
"定元年春","5","5","10"
"制置使董","5","5","10"
"置使董居","5","5","10"
"都统张威","5","5","10"
"州都统张","5","5","10"
"沂靖惠王","5","5","10"
"为大理少","3","7","10"
"知遂宁府","8","2","10"
"为太府少","4","6","10"
"兼福建安","5","5","10"
"海上之盟","5","5","10"
"兼沿江制","5","5","10"
"诏史嵩之","10","0","10"
"华文阁直","5","5","10"
"武翼大夫","5","5","10"
"宣抚使兼","5","5","10"
"行遥郡刺","5","5","10"
"遥郡刺史","5","5","10"
"大元兵入","10","0","10"
"士第一名","1","9","10"
"侍立修注","5","5","10"
"立修注官","5","5","10"
"湖北转运","5","5","10"
"吕文德兼","5","5","10"
"大学士判","7","3","10"
"景定元年","5","5","10"
"周国公主","5","5","10"
"使兼知江","8","2","10"
"知宁国府","9","1","10"
"伪学之禁","6","4","10"
"提举兴国","5","5","10"
"举兴国宫","5","5","10"
"高州团练","5","5","10"
"及士大夫","2","8","10"
"执法大臣","1","9","10"
"去极九十","10","0","10"
"去极八十","10","0","10"
"天下和平","5","5","10"
"太宗皇帝","3","7","10"
"年五十六","5","5","10"
"右班殿直","5","5","10"
"嘉州防御","5","5","10"
"捷左厢都","5","5","10"
"内供奉官","4","6","10"
"正月十三","1","9","10"
"子女玉帛","6","4","10"
"迁户部侍","10","0","10"
"年七十九","5","5","10"
"闭门不出","3","7","10"
"试秘书省","6","4","10"
"东路转运","4","6","10"
"任三司使","1","9","10"
"北转运副","5","5","10"
"诸司库务","5","5","10"
"少府少监","5","5","10"
"谓辅臣曰","10","0","10"
"宰相吕夷","5","5","10"
"相吕夷简","5","5","10"
"迁龙图阁","10","0","10"
"为大理寺","2","8","10"
"知太常礼","5","5","10"
"判三司开","5","5","10"
"三司开拆","5","5","10"
"以天下之","7","3","10"
"圣人之道","7","3","10"
"利州路转","4","6","10"
"元年进士","7","3","10"
"除资政殿","9","1","10"
"召为吏部","5","5","10"
"为吏部郎","4","6","10"
"靖康之祸","3","7","10"
"兴二十年","3","7","10"
"人兼侍讲","5","5","10"
"直学士知","9","1","10"
"作佐郎兼","6","4","10"
"三年进士","5","5","10"
"抚司机宜","5","5","10"
"校书郎兼","5","5","10"
"国家安危","3","7","10"
"为承务郎","1","9","10"
"王安石执","3","7","10"
"兢兢业业","2","8","10"
"左右亲信","2","8","10"
"富国强兵","4","6","10"
"绍定四年","2","8","10"
"天下之民","9","1","10"
"军镇抚使","3","7","10"
"用王安石","4","6","10"
"司马相公","5","5","10"
"与王安石","1","9","10"
"绍圣元年","5","5","10"
"隆兴二年","2","8","10"
"迫不得已","0","10","10"
"因为他是","0","10","10"
"就去世了","0","10","10"
"地方官吏","0","10","10"
"原来的官","0","10","10"
"没有根据","0","10","10"
"的度分数","0","10","10"
"的第三个","0","10","10"
"所以没有","0","10","10"
"命令大臣","0","10","10"
"如果皇上","0","10","10"
"庙祭祀的","0","10","10"
"那么就会","0","10","10"
"从此之后","0","10","10"
"派有关官","0","10","10"
"关官员代","0","10","10"
"代理主祭","0","10","10"
"年而死者","0","10","10"
"的意见不","0","10","10"
"时间不长","0","10","10"
"州刺史的","0","10","10"
"实际上不","0","10","10"
"来的灾祸","0","10","10"
"过了几天","0","10","10"
"国家政治","0","10","10"
"送到京城","0","10","10"
"接受他的","0","10","10"
"怎么知道","0","10","10"
"如果你们","0","10","10"
"没有一点","0","10","10"
"纳他的意","0","10","10"
"自己的心","0","10","10"
"不是为了","0","10","10"
"的位置上","0","10","10"
"皇亲国戚","0","10","10"
"皇帝的恩","0","10","10"
"他的罪行","0","10","10"
"国家的事","0","10","10"
"述自己的","0","10","10"
"我有什么","0","10","10"
"皇上高兴","0","10","10"
"这个地方","0","10","10"
"立为皇帝","0","10","10"
"赵王司马","0","10","10"
"什么办法","0","10","10"
"一个接一","0","10","10"
"个接一个","0","10","10"
"服役的人","0","10","10"
"自此以后","0","10","10"
"六月初六","0","10","10"
"以此作为","0","10","10"
"阳周围有","0","10","10"
"国家没有","0","10","10"
"离开京城","0","10","10"
"互相攻击","0","10","10"
"上奏给朝","0","10","10"
"奏给朝廷","0","10","10"
"理宫观的","0","10","10"
"赏赐给他","0","10","10"
"没有达到","0","10","10"
"弹劾自己","0","10","10"
"知道这些","0","10","10"
"平时一样","0","10","10"
"取得胜利","0","10","10"
"二月三日","0","10","10"
"任护军将","0","10","10"
"晋升为征","0","10","10"
"入舆鬼宿","0","10","10"
"龟出现于","0","10","10"
"月乙卯日","0","10","10"
"月己酉曰","0","10","10"
"月丙辰曰","0","10","10"
"江水涌入","0","10","10"
"月甲申曰","0","10","10"
"时属临淮","0","10","10"
"表请求解","0","10","10"
"接受尊号","0","10","10"
"契丹侵犯","0","10","10"
"楚王赵元","0","10","10"
"王赵元俨","0","10","10"
"上疏议论","0","10","10"
"下诏河北","0","10","10"
"命张浚为","0","10","10"
"属于天市","0","10","10"
"被立为皇","0","10","10"
"兼任侍中","0","10","10"
"广顺初年","0","10","10"
"兴国初年","0","10","10"
"任命赵普","0","10","10"
"命赵普为","0","10","10"
"至道初年","0","10","10"
"任殿中丞","0","10","10"
"咸平初年","0","10","10"
"进入太学","0","10","10"
"被加封为","0","10","10"
"他被加官","0","10","10"
"儿子刘麟","0","10","10"
"多次打败","0","10","10"
"军队没有","0","10","10"
"有一百多","0","10","10"
"以身作则","0","10","10"
"杀了他们","0","10","10"
"率领骑兵","0","10","10"
"突然到来","0","10","10"
"的消息传","0","10","10"
"服从命令","0","10","10"
"接受禅让","0","10","10"
"临朝听政","0","10","10"
"使臣来朝","0","10","10"
"六月十一","0","10","10"
"到南郊祭","0","10","10"
"给予奖赏","0","10","10"
"守孝期满","0","10","10"
"在战斗中","0","10","10"
"全部免除","0","10","10"
"当时皇上","0","10","10"
"不接受任","0","10","10"
"三月十六","0","10","10"
"从此开始","0","10","10"
"六月十五","0","10","10"
"一月十四","0","10","10"
"横征暴敛","0","10","10"
"有所不同","0","10","10"
"不是朝廷","0","10","10"
"边境地区","0","10","10"
"样就可以","0","10","10"
"向上产生","0","10","10"
"表影长度","0","10","10"
"就出现了","0","10","10"
"和他的儿","0","10","10"
"等人上奏","0","10","10"
"有什么用","0","10","10"
"就可得到","0","10","10"
"在路上遇","0","10","10"
"月甲寅曰","0","10","10"
"千零三十","0","10","10"
"东方出现","0","10","10"
"在太阳的","0","10","10"
"行的度数","0","10","10"
"的儿子叫","0","10","10"
"治理政事","0","10","10"
"参酌审议","0","10","10"
"帝逝世时","0","10","10"
"丧的制度","0","10","10"
"下的官员","0","10","10"
"陛下应该","0","10","10"
"对自己的","0","10","10"
"没有停止","0","10","10"
"拜谒陵墓","0","10","10"
"太后逝世","0","10","10"
"现在朝廷","0","10","10"
"也是如此","0","10","10"
"因为没有","0","10","10"
"的是什么","0","10","10"
"出兵讨伐","0","10","10"
"接受皇帝","0","10","10"
"是所说的","0","10","10"
"开始接受","0","10","10"
"刘义恭的","0","10","10"
"皇帝没有","0","10","10"
"为不可以","0","10","10"
"专门负责","0","10","10"
"事情没有","0","10","10"
"不符合礼","0","10","10"
"皇帝出行","0","10","10"
"种颜色的","0","10","10"
"由此可见","0","10","10"
"臣的意见","0","10","10"
"朝廷追赠","0","10","10"
"现于东方","0","10","10"
"火星入太","0","10","10"
"三年春天","0","10","10"
"金星犯轩","0","10","10"
"预示天下","0","10","10"
"金星犯南","0","10","10"
"客星出现","0","10","10"
"表示将有","0","10","10"
"西北方向","0","10","10"
"出现于北","0","10","10"
"争及丧乱","0","10","10"
"王司马同","0","10","10"
"有大的战","0","10","10"
"占辞与前","0","10","10"
"辞与前面","0","10","10"
"与前面相","0","10","10"
"星犯右执","0","10","10"
"国家不安","0","10","10"
"天出现在","0","10","10"
"哭泣的事","0","10","10"
"现在东方","0","10","10"
"这就是所","0","10","10"
"凤凰出现","0","10","10"
"把女儿嫁","0","10","10"
"父老乡亲","0","10","10"
"青龙出现","0","10","10"
"龙二次出","0","10","10"
"恢复原来","0","10","10"
"当时人们","0","10","10"
"月壬子日","0","10","10"
"在朝廷中","0","10","10"
"造成灾害","0","10","10"
"自己的地","0","10","10"
"的人没有","0","10","10"
"了一个多","0","10","10"
"率领一万","0","10","10"
"事情败露","0","10","10"
"当时有人","0","10","10"
"没有一年","0","10","10"
"十分愤怒","0","10","10"
"得到一个","0","10","10"
"不能决断","0","10","10"
"到的地方","0","10","10"
"的部分地","0","10","10"
"陆路有一","0","10","10"
"领有三县","0","10","10"
"后汉时隶","0","10","10"
"记载隶属","0","10","10"
"安帝时设","0","10","10"
"大臣的意","0","10","10"
"一丝一毫","0","10","10"
"他去世后","0","10","10"
"谥号为恭","0","10","10"
"他为什么","0","10","10"
"这个消息","0","10","10"
"州刺史时","0","10","10"
"不敢前进","0","10","10"
"是晋朝的","0","10","10"
"享年七十","0","10","10"
"六个儿子","0","10","10"
"这个建议","0","10","10"
"七十四岁","0","10","10"
"拓跋焘又","0","10","10"
"用兵打仗","0","10","10"
"朝廷召他","0","10","10"
"恐怕不能","0","10","10"
"不是陛下","0","10","10"
"六十一岁","0","10","10"
"升任中书","0","10","10"
"已经死了","0","10","10"
"治国之道","0","10","10"
"分别派遣","0","10","10"
"他们互相","0","10","10"
"该怎么办","0","10","10"
"没有过错","0","10","10"
"召回京城","0","10","10"
"刘邵杀文","0","10","10"
"邵杀文帝","0","10","10"
"意见不一","0","10","10"
"不能轻易","0","10","10"
"全部废除","0","10","10"
"在军队中","0","10","10"
"大败敌人","0","10","10"
"你为什么","0","10","10"
"除他们的","0","10","10"
"六十六岁","0","10","10"
"赈济饥民","0","10","10"
"于是上书","0","10","10"
"他的学生","0","10","10"
"处理事务","0","10","10"
"朝廷同意","0","10","10"
"的女儿为","0","10","10"
"五十七岁","0","10","10"
"后周显德","0","10","10"
"府第探视","0","10","10"
"因皇太后","0","10","10"
"们的请求","0","10","10"
"上殿处理","0","10","10"
"到相国寺","0","10","10"
"到国子监","0","10","10"
"秦州知州","0","10","10"
"一月初七","0","10","10"
"命令大理","0","10","10"
"所属官吏","0","10","10"
"部尚书的","0","10","10"
"免除一年","0","10","10"
"拖欠赋税","0","10","10"
"接受朝拜","0","10","10"
"大臣们到","0","10","10"
"遇到赦免","0","10","10"
"清澈见底","0","10","10"
"罪囚犯罪","0","10","10"
"平郡王赵","0","10","10"
"罢除各州","0","10","10"
"使臣视察","0","10","10"
"予以奖赏","0","10","10"
"发生大火","0","10","10"
"诏令有关","0","10","10"
"不久诏令","0","10","10"
"一月十七","0","10","10"
"九月十三","0","10","10"
"到崇政殿","0","10","10"
"下诏允许","0","10","10"
"打退他们","0","10","10"
"抚恤慰问","0","10","10"
"元翱宫探","0","10","10"
"翱宫探病","0","10","10"
"担任御史","0","10","10"
"一天晚上","0","10","10"
"接受大臣","0","10","10"
"派遣内侍","0","10","10"
"受到处罚","0","10","10"
"诏令从今","0","10","10"
"令从今以","0","10","10"
"回访契丹","0","10","10"
"京囚犯罪","0","10","10"
"招募百姓","0","10","10"
"五月初九","0","10","10"
"朝政缺失","0","10","10"
"犯贪赃罪","0","10","10"
"到紫哀殿","0","10","10"
"州蛮攻打","0","10","10"
"饶州知州","0","10","10"
"大庆殿接","0","10","10"
"庆殿接受","0","10","10"
"增加岁币","0","10","10"
"士大夫的","0","10","10"
"下诏内外","0","10","10"
"各路帅臣","0","10","10"
"地区发生","0","10","10"
"皇太后溢","0","10","10"
"策试进士","0","10","10"
"在垂拱殿","0","10","10"
"祭祀昊天","0","10","10"
"国家大计","0","10","10"
"被贬降为","0","10","10"
"下诏大理","0","10","10"
"作为考核","0","10","10"
"推举所知","0","10","10"
"亲自提拔","0","10","10"
"金人进犯","0","10","10"
"金军统帅","0","10","10"
"于是决定","0","10","10"
"恢复失地","0","10","10"
"张浚命令","0","10","10"
"任命韩世","0","10","10"
"光世派遣","0","10","10"
"给韩世忠","0","10","10"
"率兵进人","0","10","10"
"金军再次","0","10","10"
"楚州知州","0","10","10"
"大败金军","0","10","10"
"临安府发","0","10","10"
"安府发生","0","10","10"
"没有答复","0","10","10"
"令杨沂中","0","10","10"
"在朝廷任","0","10","10"
"皇帝召见","0","10","10"
"答应归还","0","10","10"
"没有结果","0","10","10"
"率领大臣","0","10","10"
"理关押囚","0","10","10"
"免除两淮","0","10","10"
"台谏官的","0","10","10"
"理在押囚","0","10","10"
"国家政事","0","10","10"
"元兵进攻","0","10","10"
"下诏史篙","0","10","10"
"诏史篙之","0","10","10"
"执政待遇","0","10","10"
"请求罢官","0","10","10"
"为朝奉郎","0","10","10"
"城投降元","0","10","10"
"下诏褒奖","0","10","10"
"晋书;天","0","10","10"
"星色赤红","0","10","10"
"臣被罢黜","0","10","10"
"有土木工","0","10","10"
"主厌恶这","0","10","10"
"属于柳宿","0","10","10"
"丧失土地","0","10","10"
"公大人有","0","10","10"
"是水土工","0","10","10"
"有水土工","0","10","10"
"那么军队","0","10","10"
"出来进去","0","10","10"
"路不通行","0","10","10"
"边区战争","0","10","10"
"果然如此","0","10","10"
"三次上奏","0","10","10"
"潜善等人","0","10","10"
"次任宰相","0","10","10"
"战功升任","0","10","10"
"升为兵部","0","10","10"
"他为枢密","0","10","10"
"佩服他的","0","10","10"
"任刑部侍","0","10","10"
"升任兵部","0","10","10"
"任户部尚","0","10","10"
"任兵部郎","0","10","10"
"都佩服他","0","10","10"
"升任起居","0","10","10"
"景德年间","0","10","10"
"升为户部","0","10","10"
"升任给事","0","10","10"
"朝廷讨论","0","10","10"
"任殿中侍","0","10","10"
"官的身份","0","10","10"
"大举入侵","0","10","10"
"是不知道","0","10","10"
"于是改任","0","10","10"
"任陈州知","0","10","10"
"任知枢密","0","10","10"
"被朝廷召","0","10","10"
"待制的身","0","10","10"
"制的身份","0","10","10"
"升为著作","0","10","10"
"他们两人","0","10","10"
"升为殿中","0","10","10"
"取得成功","0","10","10"
"荐给朝廷","0","10","10"
"请求管理","0","10","10"
"宫回答皇","0","10","10"
"婺州知州","0","10","10"
"虞允文说","0","10","10"
"请求去职","0","10","10"
"江府知府","0","10","10"
"王十朋为","0","10","10"
"当时的宰","0","10","10"
"被召用为","0","10","10"
"刘光祖被","0","10","10"
"阁待制的","0","10","10"
"因功升为","0","10","10"
"同金讲和","0","10","10"
"我希望陛","0","10","10"
"是王安石","0","10","10"
"出自他的","0","10","10"
"韩侂胄的","0","10","10"
"陈俊卿上","0","10","10"
