"N-gram","宋史原文","宋史翻译","Total"
"知枢密院事","336","344","680"
"签书枢密院","212","214","426"
"同知枢密院","208","209","417"
"书枢密院事","206","208","414"
"开府仪同三","191","192","383"
"府仪同三司","191","192","383"
"资政殿学士","124","125","249"
"端明殿学士","122","122","244"
"同中书门下","116","116","232"
"中书门下平","116","116","232"
"书门下平章","116","116","232"
"门下平章事","116","116","232"
"观文殿大学","110","111","221"
"文殿大学士","110","111","221"
"年春正月初","0","219","219"
"为参知政事","26","181","207"
"尚书右仆射","92","95","187"
"右谏议大夫","85","87","172"
"尚书左仆射","82","82","164"
"晋武帝太康","81","79","160"
"殿中侍御史","74","76","150"
"州团练副使","62","64","126"
"星白天出现","0","125","125"
"资政殿大学","61","63","124"
"政殿大学士","61","63","124"
"枢密院事兼","62","62","124"
"春正月初一","0","124","124"
"为枢密副使","59","64","123"
"太白星白天","0","115","115"
"宁军节度使","54","58","112"
"军节度副使","56","54","110"
"南徐州刺史","55","53","108"
"为开府仪同","37","71","108"
"观文殿学士","53","54","107"
"宋文帝元嘉","53","53","106"
"元年春正月","52","53","105"
"为尚书右仆","46","58","104"
"为同知枢密","0","104","104"
"南豫州刺史","48","55","103"
"二年春正月","54","49","103"
"三年春正月","53","49","102"
"江夏王义恭","74","27","101"
"相兼枢密使","51","50","101"
"荧惑星侵犯","0","101","101"
"为签书枢密","2","97","99"
"孝武帝大明","40","55","95"
"武军节度使","46","49","95"
"为翰林学士","48","47","95"
"国军节度使","46","47","93"
"白星白天出","0","93","93"
"派遣使臣来","0","93","93"
"枢密直学士","43","47","90"
"同签书枢密","46","44","90"
"龙图阁直学","44","43","87"
"图阁直学士","44","43","87"
"外散骑侍郎","44","42","86"
"为中书侍郎","39","47","86"
"员外散骑侍","44","41","85"
"元年十二月","43","42","85"
"为观文殿大","27","57","84"
"四年春正月","43","41","84"
"兼参知政事","44","38","82"
"为端明殿学","19","62","81"
"南兖州刺史","0","81","81"
"左光禄大夫","40","40","80"
"为知枢密院","2","78","80"
"文馆大学士","39","40","79"
"南兗州刺史","77","1","78"
"集贤殿大学","39","39","78"
"贤殿大学士","39","39","78"
"昭文馆大学","38","39","77"
"为尚书左仆","34","42","76"
"为资政殿学","22","53","75"
"安抚制置使","36","37","73"
"兼中书侍郎","36","36","72"
"遣使献方物","71","0","71"
"四川宣抚使","33","37","70"
"龙图阁学士","35","35","70"
"金紫光禄大","35","34","69"
"紫光禄大夫","35","34","69"
"刑以下释放","0","69","69"
"为门下侍郎","32","36","68"
"玉清昭应宫","33","35","68"
"左谏议大夫","34","34","68"
"十二月初一","0","68","68"
"后废帝元徽","35","32","67"
"赐礼部进士","35","32","67"
"骠骑大将军","32","34","66"
"晋武帝泰始","34","32","66"
"晋惠帝元康","33","33","66"
"丞相兼枢密","51","15","66"
"记录囚犯罪","0","66","66"
"录囚犯罪状","0","66","66"
"厢都指挥使","32","33","65"
"徽猷阁待制","41","24","65"
"发生大水灾","0","65","65"
"权参知政事","59","5","64"
"德军节度使","29","34","63"
"信军节度使","29","34","63"
"月二十一日","5","58","63"
"集英殿修撰","33","29","62"
"四川制置使","31","31","62"
"贺金主生辰","61","1","62"
"兼门下侍郎","32","29","61"
"五年春正月","33","28","61"
"贺明年正旦","61","0","61"
"冬十月初一","0","61","61"
"来祝贺明年","0","61","61"
"祝贺金主生","0","61","61"
"秦二州刺史","31","29","60"
"下平章事兼","30","30","60"
"来贺明年正","60","0","60"
"十一月初一","0","60","60"
"祝贺明年新","0","60","60"
"贺明年新春","0","60","60"
"贺金主生日","0","60","60"
"晋安帝义熙","29","30","59"
"元嘉二十五","29","30","59"
"嘉二十五年","29","30","59"
"使金贺正旦","59","0","59"
"武帝太康元","29","29","58"
"帝太康元年","29","29","58"
"军都指挥使","28","30","58"
"提举洞霄宫","29","29","58"
"观使兼侍读","29","29","58"
"有流星大如","32","26","58"
"四川宣抚司","29","28","57"
"使者来进献","0","57","57"
"来进献特产","0","57","57"
"晋太康地志","25","31","56"
"太平兴国宫","28","28","56"
"者来进献特","0","56","56"
"夏四月初一","0","56","56"
"太白星侵犯","0","56","56"
"建安王休仁","36","19","55"
"崇政殿说书","28","27","55"
"月二十四日","6","49","55"
"这天象预示","0","55","55"
"冀二州刺史","28","26","54"
"元嘉二十四","26","28","54"
"嘉二十四年","26","28","54"
"文帝元嘉十","26","28","54"
"宣徽南院使","26","28","54"
"兼权参知政","50","4","54"
"泉观使兼侍","27","27","54"
"元嘉二十二","25","28","53"
"嘉二十二年","25","28","53"
"参知政事兼","27","26","53"
"秘书省正字","26","27","53"
"汉章帝元和","28","25","53"
"彗星出现于","0","53","53"
"等人来祝贺","0","53","53"
"仆射兼中书","26","26","52"
"射兼中书侍","26","26","52"
"庆军节度使","26","26","52"
"保宁军节度","26","26","52"
"甘露降临于","0","52","52"
"为广州刺史","27","24","51"
"三年十一月","26","25","51"
"晋成帝咸和","26","25","51"
"文帝元嘉二","25","26","51"
"枢密都承旨","26","25","51"
"康军节度使","26","25","51"
"六年春正月","26","25","51"
"派使者来进","0","51","51"
"彭城王义康","40","10","50"
"二年十一月","26","24","50"
"兼同知枢密","28","22","50"
"崇信军节度","25","25","50"
"以资政殿学","34","16","50"
"天章阁待制","25","25","50"
"国派遣使臣","0","50","50"
"南秦二州刺","26","23","49"
"孝武帝太元","22","27","49"
"远军节度使","25","24","49"
"龙图阁待制","24","25","49"
"为御史中丞","23","26","49"
"元嘉二十三","24","25","49"
"嘉二十三年","24","25","49"
"晋孝武帝太","21","27","48"
"忠武军节度","24","24","48"
"右仆射兼中","24","24","48"
"翰林学士承","24","24","48"
"林学士承旨","24","24","48"
"提举江州太","24","24","48"
"举江州太平","24","24","48"
"文阁直学士","24","24","48"
"月二十二日","1","47","48"
"讯问记录囚","0","48","48"
"为豫州刺史","26","21","47"
"礼部奏名进","23","24","47"
"部奏名进士","23","24","47"
"为尚书左丞","41","6","47"
"晋元帝太兴","24","23","47"
"江夏王刘义","0","47","47"
"夏王刘义恭","0","47","47"
"代理参知政","0","47","47"
"理参知政事","0","47","47"
"遣使臣来进","0","47","47"
"问记录囚犯","0","47","47"
"魏文帝黄初","25","21","46"
"晋武帝咸宁","25","21","46"
"宣徽北院使","23","23","46"
"书右仆射兼","23","23","46"
"右文殿修撰","23","23","46"
"为监察御史","18","28","46"
"等来贺明年","46","0","46"
"流星大如太","24","22","46"
"星大如太白","24","22","46"
"秋七月初一","0","46","46"
"使臣来进贡","0","46","46"
"为雍州刺史","26","19","45"
"为湘州刺史","25","20","45"
"元年十一月","23","22","45"
"副都指挥使","23","22","45"
"赐礼部奏名","23","22","45"
"谟阁直学士","26","19","45"
"年春正月辛","44","1","45"
"兵部员外郎","22","23","45"
"帝泰始二年","23","21","44"
"孝武帝孝建","22","22","44"
"刺史始兴王","23","21","44"
"殿前都虞候","22","22","44"
"兼直学士院","22","22","44"
"为中书舍人","9","35","44"
"提举万寿观","23","21","44"
"官员上奏说","0","44","44"
"大臣有忧患","0","44","44"
"祭祀景灵宫","0","44","44"
"色云气进入","0","44","44"
"南谯王义宣","32","11","43"
"帝元嘉二十","21","22","43"
"元嘉二十六","20","23","43"
"嘉二十六年","20","23","43"
"为资政殿大","17","26","43"
"右丞相兼枢","34","9","43"
"年春正月十","0","43","43"
"出使金国祝","0","43","43"
"使金国祝贺","0","43","43"
"五年十一月","21","21","42"
"为尚书右丞","38","4","42"
"兼知枢密院","21","21","42"
"平章事兼枢","21","21","42"
"章事兼枢密","21","21","42"
"事兼枢密使","21","21","42"
"年春正月甲","40","2","42"
"任参知政事","0","42","42"
"白鹿出现于","0","42","42"
"宗即皇帝位","0","42","42"
"豫州刺史刘","20","21","41"
"晋成帝咸康","21","20","41"
"殿前都指挥","20","21","41"
"前都指挥使","20","21","41"
"密院事兼参","21","20","41"
"院事兼参知","21","20","41"
"事兼参知政","21","20","41"
"福建安抚使","20","21","41"
"兼代理参知","0","41","41"
"令有关部门","0","41","41"
"国遣使献方","40","0","40"
"桂阳王休范","23","17","40"
"三年十二月","20","20","40"
"四年十一月","20","20","40"
"为户部侍郎","14","26","40"
"侍卫马军都","20","20","40"
"奉国军节度","20","20","40"
"福州观察使","20","20","40"
"沿海制置使","20","20","40"
"路转运判官","19","21","40"
"为交州刺史","20","19","39"
"州司户参军","20","19","39"
"四川安抚制","21","18","39"
"川安抚制置","21","18","39"
"诸军都统制","24","15","39"
"四厢都指挥","20","19","39"
"集贤殿修撰","19","20","39"
"年春正月癸","39","0","39"
"刺史武陵王","21","18","39"
"月二十五日","5","34","39"
"为观文殿学","13","26","39"
"敷文阁待制","20","19","39"
"为尚书右承","0","39","39"
"君主有忧患","0","39","39"
"为领军将军","18","20","38"
"巴陵王休若","21","17","38"
"晋安帝隆安","20","18","38"
"海军节度使","16","22","38"
"为益州刺史","21","17","38"
"七年春正月","20","18","38"
"州刺史武陵","20","18","38"
"十二月二十","3","35","38"
"了他的意见","0","38","38"
"为尚书左承","0","38","38"
"的分野地区","0","38","38"
"明帝泰始二","19","18","37"
"州刺史始兴","20","17","37"
"醴泉观使兼","27","10","37"
"右光禄大夫","18","19","37"
"天地于圜丘","37","0","37"
"国派使者来","0","37","37"
"厌恶这种情","0","37","37"
"它的分野地","0","37","37"
"为徐州刺史","19","17","36"
"征西大将军","18","18","36"
"武帝太康二","19","17","36"
"帝太康二年","19","17","36"
"月二十三日","1","35","36"
"祀天地于圜","36","0","36"
"路提点刑狱","18","18","36"
"任翰林学士","0","36","36"
"汉代的旧县","0","36","36"
"十一月初三","0","36","36"
"晋穆帝永和","18","17","35"
"仆射兼门下","18","17","35"
"为检校少保","7","28","35"
"同修起居注","17","18","35"
"元嘉二十年","17","18","35"
"元嘉二十七","15","20","35"
"嘉二十七年","15","20","35"
"主事官员上","0","35","35"
"事官员上奏","0","35","35"
"承相兼枢密","0","35","35"
"恶这种情况","0","35","35"
"州刺史南谯","19","15","34"
"刺史南谯王","19","15","34"
"元嘉十三年","16","18","34"
"四年十二月","16","18","34"
"孝怀帝永嘉","17","17","34"
"为右谏议大","13","21","34"
"保静军节度","17","17","34"
"射兼门下侍","17","17","34"
"密院事兼权","30","4","34"
"院事兼权参","30","4","34"
"事兼权参知","30","4","34"
"礼部员外郎","17","17","34"
"秘书省著作","17","17","34"
"年春正月己","34","0","34"
"元嘉十九年","16","18","34"
"月二十八日","4","30","34"
"门宣赞舍人","17","17","34"
"始兴王刘浚","0","34","34"
"十二月初二","0","34","34"
"冬十月初二","0","34","34"
"为南豫州刺","17","16","33"
"晋愍帝建兴","17","16","33"
"武帝大明元","15","18","33"
"和州防御使","17","16","33"
"保康军节度","17","16","33"
"御史中丞王","18","15","33"
"年春正月戊","32","1","33"
"为吏部尚书","17","16","33"
"为安定郡王","14","19","33"
"在圆丘祭祀","0","33","33"
"白獐出现于","0","33","33"
"白雀出现于","0","33","33"
"刑以下囚犯","0","33","33"
"月二十七日","2","30","32"
"晋孝怀帝永","16","16","32"
"帝大明元年","15","17","32"
"马军都指挥","16","16","32"
"中书侍郎兼","17","15","32"
"昭化军节度","16","16","32"
"银青光禄大","16","16","32"
"青光禄大夫","16","16","32"
"罢为观文殿","19","13","32"
"湖南安抚使","14","18","32"
"提举太平兴","16","16","32"
"举太平兴国","16","16","32"
"枢密院编修","16","16","32"
"密院编修官","16","16","32"
"八年春正月","17","15","32"
"徒以下释之","32","0","32"
"经略安抚使","15","17","32"
"为同中书门","1","31","32"
"秋七月初二","0","32","32"
"车骑大将军","15","16","31"
"武帝太元十","14","17","31"
"书左仆射兼","15","16","31"
"抚制置大使","14","17","31"
"兼太子宾客","16","15","31"
"西提点刑狱","14","17","31"
"为抚军将军","13","18","31"
"年春正月丁","31","0","31"
"十一月二十","4","27","31"
"元嘉二十九","14","17","31"
"嘉二十九年","14","17","31"
"大如太白星","0","31","31"
"星占据此星","0","31","31"
"为镇军将军","11","19","30"
"将军柳元景","15","15","30"
"为平西将军","11","19","30"
"年十一月癸","15","15","30"
"宋武帝永初","15","15","30"
"晋安帝元兴","15","15","30"
"山南东道节","15","15","30"
"南东道节度","15","15","30"
"为殿中侍御","10","20","30"
"后为皇太后","9","21","30"
"同进士出身","15","15","30"
"沿江制置副","15","15","30"
"江制置副使","15","15","30"
"军节度观察","15","15","30"
"太平兴国初","16","14","30"
"军中兵参军","14","16","30"
"秘书省校书","15","15","30"
"书省校书郎","15","15","30"
"采纳了他的","0","30","30"
"冬十月二十","0","30","30"
"夏四月初三","0","30","30"
"徒刑以下释","0","30","30"
"向朝廷推荐","0","30","30"
"等来祝贺明","0","30","30"
"为司州刺史","16","13","29"
"晋明帝太宁","14","15","29"
"以翰林学士","25","4","29"
"静军节度使","14","15","29"
"科及第出身","14","15","29"
"左仆射兼门","15","14","29"
"安抚制置大","13","16","29"
"知政事兼同","15","14","29"
"政事兼同知","15","14","29"
"事兼同知枢","15","14","29"
"在二十八宿","14","15","29"
"右赞善大夫","15","14","29"
"元嘉二十一","14","15","29"
"嘉二十一年","14","15","29"
"为崇信军节","11","18","29"
"江州太平观","14","15","29"
"为四川制置","16","13","29"
"等贺金主生","29","0","29"
"学士的身份","0","29","29"
"任中书舍人","0","29","29"
"杖刑以下囚","0","29","29"
"衡阳王义季","20","8","28"
"安军节度使","14","14","28"
"武宁军节度","13","15","28"
"吏部员外郎","13","15","28"
"宝文阁待制","14","14","28"
"中书门下省","11","17","28"
"汉永元铜仪","27","1","28"
"二十八宿之","14","14","28"
"国史院编修","14","14","28"
"史院编修官","14","14","28"
"户部员外郎","13","15","28"
"屯田员外郎","14","14","28"
"太宰江夏王","14","14","28"
"元嘉十七年","12","16","28"
"始元年十二","14","14","28"
"元嘉十八年","12","16","28"
"武胜军节度","14","14","28"
"等使金贺正","28","0","28"
"提举崇福宫","15","13","28"
"秋七月初三","0","28","28"
"月二十六日","0","28","28"
"夏四月初二","0","28","28"
"命令有关部","0","28","28"
"朝拜重华宫","0","28","28"
"年春正月庚","26","1","27"
"刺史桂阳王","14","13","27"
"二年十二月","13","14","27"
"史始兴王浚","23","4","27"
"皇后为皇太","6","21","27"
"为四川宣抚","13","14","27"
"兼崇政殿说","15","12","27"
"按汉永元铜","26","1","27"
"十八宿之外","13","14","27"
"节度观察留","14","13","27"
"度观察留后","14","13","27"
"吏部流内铨","13","14","27"
"为秘书省正","12","15","27"
"年春正月乙","27","0","27"
"泰始元年十","14","13","27"
"河北转运使","13","14","27"
"以端明殿学","17","10","27"
"开封府推官","13","14","27"
"被处以死刑","0","27","27"
"密院事兼代","0","27","27"
"水溢出河道","0","27","27"
"等祝贺金主","0","27","27"
"荧惑星占据","0","27","27"
"临川王义庆","20","6","26"
"为宁州刺史","13","13","26"
"给五时朝服","13","13","26"
"晋穆帝升平","13","13","26"
"扬州刺史始","13","13","26"
"加散骑常侍","20","6","26"
"为东京留守","13","13","26"
"河阳三城节","13","13","26"
"阳三城节度","13","13","26"
"以观文殿大","16","10","26"
"化军节度使","13","13","26"
"宁国军节度","13","13","26"
"远军承宣使","13","13","26"
"州太平兴国","13","13","26"
"徽猷阁直学","16","10","26"
"猷阁直学士","16","10","26"
"行营都部署","13","13","26"
"宁远军节度","13","13","26"
"四川制置司","13","13","26"
"晋安王子勋","19","7","26"
"吴孙权赤乌","13","13","26"
"为礼部尚书","8","18","26"
"路经略安抚","13","13","26"
"此天象预示","0","26","26"
"十二月初五","0","26","26"
"院事兼代理","0","26","26"
"事兼代理参","0","26","26"
"被斩首示众","0","26","26"
"犯减罪一等","0","26","26"
"讯察囚犯罪","0","26","26"
"察囚犯罪状","0","26","26"
"为护军将军","14","11","25"
"光禄大夫王","12","13","25"
"史南谯王义","19","6","25"
"州刺史桂阳","14","11","25"
"元嘉十二年","12","13","25"
"难军节度使","12","13","25"
"显谟阁直学","15","10","25"
"太平兴国四","9","16","25"
"平兴国四年","9","16","25"
"年春正月丙","25","0","25"
"州刺史刘道","12","13","25"
"永初郡国志","1","24","25"
"信军节度副","13","12","25"
"命翰林学士","3","22","25"
"朝献景灵宫","25","0","25"
"卫四厢都指","13","12","25"
"十二月初三","0","25","25"
"夏四月二十","0","25","25"
"国家有忧患","0","25","25"
"在闹市被斩","0","25","25"
"闹市被斩首","0","25","25"
"市被斩首示","0","25","25"
"十一月初四","0","25","25"
"囚犯减罪一","0","25","25"
"星明亮光大","0","25","25"
"为江州刺史","14","10","24"
"史桂阳王休","14","10","24"
"建平王景素","14","10","24"
"征南大将军","12","12","24"
"太子中庶子","12","12","24"
"康元年三月","12","12","24"
"康元年四月","12","12","24"
"为兵部尚书","10","14","24"
"卫马军都指","12","12","24"
"集贤院学士","12","12","24"
"为工部侍郎","7","17","24"
"诏礼部贡举","12","12","24"
"为昭文馆大","11","13","24"
"沿江制置使","12","12","24"
"江州太平兴","12","12","24"
"中书舍人兼","12","12","24"
"为著作佐郎","6","18","24"
"月二十九日","6","18","24"
"元嘉十四年","10","14","24"
"为吏部侍郎","7","17","24"
"开封府判官","12","12","24"
"昭庆军节度","12","12","24"
"武泰军节度","12","12","24"
"宣抚处置使","12","12","24"
"举万寿观兼","13","11","24"
"有彗星出现","0","24","24"
"彭城王刘义","0","24","24"
"城王刘义康","0","24","24"
"右承相兼枢","0","24","24"
"按汉朝永元","0","24","24"
"彗星出现在","0","24","24"
"使臣来祝贺","0","24","24"
"丘祭祀天地","0","24","24"
"命令刘光世","0","24","24"
"年十二月戊","12","11","23"
"帝永康元年","12","11","23"
"年十一月乙","12","11","23"
"事兼知枢密","12","11","23"
"左丞相兼枢","17","6","23"
"宁武军节度","12","11","23"
"制置使兼知","20","3","23"
"以观文殿学","15","8","23"
"尚书工部侍","12","11","23"
"书工部侍郎","12","11","23"
"御史知杂事","12","11","23"
"帝泰始元年","12","11","23"
"元嘉十一年","11","12","23"
"胜军节度使","11","12","23"
"千牛卫大将","11","12","23"
"牛卫大将军","11","12","23"
"军节度使赵","5","18","23"
"翰林侍读学","12","11","23"
"林侍读学士","12","11","23"
"工部员外郎","12","11","23"
"万寿观兼侍","12","11","23"
"为大理评事","13","10","23"
"了很长时间","0","23","23"
"汉朝永元铜","0","23","23"
"朝永元铜仪","0","23","23"
"秋七月二十","0","23","23"
"园设宴射箭","0","23","23"
"圆丘祭祀天","0","23","23"
"派遣使臣安","0","23","23"
"遣使臣安抚","0","23","23"
"任命资政殿","0","23","23"
"囚犯罪刑一","0","23","23"
"犯罪刑一等","0","23","23"
"祝贺会庆节","0","23","23"
"为冀州刺史","10","12","22"
"进贤两梁冠","10","12","22"
"晋元帝永昌","11","11","22"
"军副都指挥","11","11","22"
"步军都指挥","11","11","22"
"三城节度使","11","11","22"
"以吏部尚书","19","3","22"
"为礼部侍郎","8","14","22"
"西军节度使","10","12","22"
"皇太后尊号","10","12","22"
"化军节度副","11","11","22"
"主管殿前司","11","11","22"
"九年春正月","11","11","22"
"京湖安抚制","11","11","22"
"湖安抚制置","11","11","22"
"食邑五百户","12","10","22"
"抚制置使兼","12","10","22"
"祠部员外郎","11","11","22"
"通进银台司","9","13","22"
"东道节度使","10","12","22"
"书省著作佐","11","11","22"
"省著作佐郎","11","11","22"
"兼国史院编","12","10","22"
"录院检讨官","11","11","22"
"为南兗州刺","22","0","22"
"二州诸军事","12","10","22"
"内侍省押班","11","11","22"
"南京鸿庆宫","11","11","22"
"马步军副总","11","11","22"
"步军副总管","11","11","22"
"判大宗正事","11","11","22"
"西转运判官","11","11","22"
"中太一宫使","10","12","22"
"西转运副使","11","11","22"
"阁门宣赞舍","16","6","22"
"寿观兼侍读","11","11","22"
"敷文阁直学","11","11","22"
"等来贺会庆","22","0","22"
"来贺会庆节","22","0","22"
"提举佑神观","11","11","22"
"金星白天出","0","22","22"
"纳了他的意","0","22","22"
"他被任命为","0","22","22"
"犯右执法星","0","22","22"
"州发生地震","0","22","22"
"十一月初二","0","22","22"
"女主有忧患","0","22","22"
"十二月初四","0","22","22"
"冬十月初三","0","22","22"
"契丹派遣使","0","22","22"
"推举可以担","0","22","22"
"举可以担任","0","22","22"
"白星白天显","0","22","22"
"星白天显现","0","22","22"
"来祝贺会庆","0","22","22"
"景佑观测验","0","22","22"
"佑观测验证","0","22","22"
"分野地区有","0","22","22"
"为青州刺史","11","10","21"
"荆州刺史南","12","9","21"
"司徒左长史","11","10","21"
"进贤一梁冠","10","11","21"
"魏明帝景初","12","9","21"
"武帝咸宁元","10","11","21"
"帝咸宁元年","10","11","21"
"帝建武元年","10","11","21"
"元嘉二十八","9","12","21"
"年十一月辛","12","9","21"
"东路宣抚使","10","11","21"
"唐开元游仪","20","1","21"
"立为皇太子","12","9","21"
"太平兴国五","7","14","21"
"平兴国五年","7","14","21"
"军节度推官","11","10","21"
"实录院检讨","10","11","21"
"兗二州刺史","21","0","21"
"将军王玄谟","11","10","21"
"太尉江夏王","11","10","21"
"宰江夏王义","13","8","21"
"刺史刘道隆","11","10","21"
"祀昊天上帝","11","10","21"
"日中有黑子","21","0","21"
"尚书吏部郎","10","11","21"
"年春正月壬","21","0","21"
"流以下释之","21","0","21"
"置三司条例","8","13","21"
"神卫四厢都","12","9","21"
"为兵部侍郎","5","16","21"
"翰林学士兼","10","11","21"
"金主完颜亮","1","20","21"
"查占书可知","0","21","21"
"朝处理政事","0","21","21"
"有才能的人","0","21","21"
"秋七月初四","0","21","21"
"任命翰林学","0","21","21"
"为同签书枢","0","21","21"
"任御史中丞","0","21","21"
"年春正月二","0","21","21"
"自己的儿子","0","21","21"
"有关部门上","0","21","21"
"有见识的人","0","21","21"
"距京都水路","0","21","21"
"被任命为太","0","21","21"
"参加进士考","0","21","21"
"加进士考试","0","21","21"
"秋七月初六","0","21","21"
"丹派遣使臣","0","21","21"
"遣使臣来祝","0","21","21"
"打败契丹军","0","21","21"
"金国祝贺新","0","21","21"
"国祝贺新春","0","21","21"
"将军檀道济","8","12","20"
"刺史彭城王","12","8","20"
"州刺史萧思","10","10","20"
"刺史萧思话","10","10","20"
"州刺史王玄","10","10","20"
"为扬州刺史","13","7","20"
"山阳王休祐","18","2","20"
"犯轩辕大星","10","10","20"
"扬州刺史王","11","9","20"
"帝元康元年","10","10","20"
"嘉二十八年","8","12","20"
"武帝孝建元","10","10","20"
"帝孝建元年","10","10","20"
"废帝元徽元","10","10","20"
"帝元徽元年","10","10","20"
"诸科及第出","14","6","20"
"延康殿学士","10","10","20"
"太宰兼门下","10","10","20"
"宰兼门下侍","10","10","20"
"虞部员外郎","10","10","20"
"右监门卫大","10","10","20"
"监门卫大将","10","10","20"
"门卫大将军","10","10","20"
"御前诸军都","13","7","20"
"前诸军都统","13","7","20"
"华文阁待制","10","10","20"
"马军都虞候","10","10","20"
"行营马步军","10","10","20"
"太平兴国三","8","12","20"
"平兴国三年","8","12","20"
"左赞善大夫","10","10","20"
"太平兴国八","4","16","20"
"平兴国八年","4","16","20"
"兼中书舍人","10","10","20"
"刺史庐陵王","11","9","20"
"太祖文皇帝","10","10","20"
"刺史临川王","10","10","20"
"太子左卫率","13","7","20"
"州刺史山阳","10","10","20"
"以御史中丞","19","1","20"
"刺史巴陵王","10","10","20"
"武帝泰始元","10","10","20"
"七年十一月","10","10","20"
"文帝元嘉八","10","10","20"
"帝元嘉八年","10","10","20"
"讨司马休之","10","10","20"
"十一年五月","10","10","20"
"十四年七月","10","10","20"
"章帝元和中","20","0","20"
"治中从事史","10","10","20"
"定国军节度","10","10","20"
"遂幸玉津园","20","0","20"
"直言极谏科","10","10","20"
"职方员外郎","10","10","20"
"参知政事李","9","11","20"
"命吏部尚书","2","18","20"
"将作监主簿","10","10","20"
"路马步军副","10","10","20"
"为徽猷阁待","9","11","20"
"博学宏词科","9","11","20"
"宝谟阁直学","11","9","20"
"京湖制置使","10","10","20"
"淮东制置使","10","10","20"
"宝章阁待制","10","10","20"
"宝谟阁待制","10","10","20"
"东提点刑狱","9","11","20"
"国家的根本","0","20","20"
"考查占书可","0","20","20"
"上朝处理政","0","20","20"
"十一月初六","0","20","20"
"皇帝下诏令","0","20","20"
"建安王刘休","0","20","20"
"安王刘休仁","0","20","20"
"的两个儿子","0","20","20"
"关部门上奏","0","20","20"
"句每句四字","0","20","20"
"金星白天在","0","20","20"
"夏四月初五","0","20","20"
"可以担任将","0","20","20"
"金国派遣使","0","20","20"
"等出使金国","0","20","20"
"朝廷任命他","0","20","20"
"金国祝贺正","0","20","20"
"国祝贺正旦","0","20","20"
"因久雨不晴","0","20","20"
"等来祝贺会","0","20","20"
"州刺史彭城","12","7","19"
"州刺史沈攸","10","9","19"
"刺史沈攸之","10","9","19"
"晋惠帝永兴","10","9","19"
"愍帝建武元","10","9","19"
"晋惠帝太安","10","9","19"
"三州诸军事","11","8","19"
"成军节度使","8","11","19"
"马步军副都","9","10","19"
"殿前副都指","10","9","19"
"前副都指挥","10","9","19"
"制置大使兼","10","9","19"
"清远军节度","10","9","19"
"礼部侍郎兼","9","10","19"
"为四川安抚","10","9","19"
"食邑一千户","6","13","19"
"丞相史弥远","10","9","19"
"为兗州刺史","19","0","19"
"州刺史庐陵","11","8","19"
"长沙王义欣","16","3","19"
"年十一月戊","10","9","19"
"吴越国王钱","6","13","19"
"静海军节度","9","10","19"
"与金人战于","17","2","19"
"单州团练副","9","10","19"
"宁军承宣使","9","10","19"
"提举临安府","10","9","19"
"举临安府洞","10","9","19"
"临安府洞霄","10","9","19"
"安府洞霄宫","10","9","19"
"为起居舍人","3","16","19"
"进贡当地土","0","19","19"
"犯左执法星","0","19","19"
"南平王刘铄","0","19","19"
"为南兖州刺","0","19","19"
"兖二州刺史","0","19","19"
"春正月二十","0","19","19"
"二次出现于","0","19","19"
"黄龙出现于","0","19","19"
"白兔出现于","0","19","19"
"太阳中出现","0","19","19"
"京都水路有","0","19","19"
"夏四月初四","0","19","19"
"秋七月初五","0","19","19"
"流刑以下释","0","19","19"
"夏四月初六","0","19","19"
"祝贺天申节","0","19","19"
"等出使金朝","0","19","19"
"年考中进士","0","19","19"
"江州刺史王","9","9","18"
"为车骑将军","6","12","18"
"十年春正月","9","9","18"
"征北大将军","9","9","18"
"州刺史臧质","9","9","18"
"刺史王玄谟","9","9","18"
"北秦州刺史","9","9","18"
"年十一月庚","9","9","18"
"帝永兴元年","9","9","18"
"十一月癸亥","13","5","18"
"十四年正月","9","9","18"
"康元年八月","9","9","18"
"成帝咸康元","9","9","18"
"帝咸康元年","9","9","18"
"武帝永初元","9","9","18"
"帝永初元年","9","9","18"
"废帝元徽三","9","9","18"
"帝元徽三年","9","9","18"
"晋惠帝永宁","9","9","18"
"惠帝永宁元","9","9","18"
"帝永宁元年","9","9","18"
"九年十一月","9","9","18"
"帝永嘉元年","9","9","18"
"元帝太兴元","9","9","18"
"帝太兴元年","9","9","18"
"前废帝永光","9","9","18"
"帝永光元年","9","9","18"
"侍卫亲军马","9","9","18"
"武信军节度","9","9","18"
"镇安军节度","9","9","18"
"右厢都指挥","9","9","18"
"兵马大元帅","9","9","18"
"侍卫步军都","9","9","18"
"天平军节度","9","9","18"
"金吾卫上将","9","9","18"
"吾卫上将军","9","9","18"
"主管机宜文","9","9","18"
"东安抚制置","8","10","18"
"南转运判官","9","9","18"
"为右丞相兼","14","4","18"
"保康军承宣","10","8","18"
"康军承宣使","10","8","18"
"枢密副都承","9","9","18"
"密副都承旨","9","9","18"
"江西安抚司","9","9","18"
"判吏部流内","10","8","18"
"大中祥符初","9","9","18"
"侍御史知杂","9","9","18"
"迁著作佐郎","15","3","18"
"实录院同修","9","9","18"
"录院同修撰","9","9","18"
"司干办公事","9","9","18"
"华林园听讼","15","3","18"
"员外散骑常","8","10","18"
"外散骑常侍","8","10","18"
"为安西将军","8","10","18"
"为征西将军","7","11","18"
"为左光禄大","8","10","18"
"州刺史长沙","9","9","18"
"州刺史临川","9","9","18"
"大将军彭城","10","8","18"
"将军彭城王","10","8","18"
"临海王子顼","12","6","18"
"刺史山阳王","9","9","18"
"元嘉十六年","8","10","18"
"史巴陵王休","10","8","18"
"州刺史巴陵","9","9","18"
"给事黄门侍","9","9","18"
"事黄门侍郎","9","9","18"
"元嘉十五年","8","10","18"
"十四年二月","9","9","18"
"史武陵王骏","8","10","18"
"诏翰林学士","13","5","18"
"兵马都部署","9","9","18"
"试礼部举人","9","9","18"
"武安军节度","9","9","18"
"以资政殿大","12","6","18"
"吏部侍郎兼","9","9","18"
"制置三司条","7","11","18"
"泰军节度使","9","9","18"
"庆远军节度","9","9","18"
"集英殿策试","2","16","18"
"淮西制置使","9","9","18"
"平章事兼知","9","9","18"
"章事兼知枢","9","9","18"
"右司员外郎","9","9","18"
"学士兼侍读","9","9","18"
"浙东安抚使","8","10","18"
"拜参知政事","17","1","18"
"为太常少卿","6","12","18"
"二月十二日","1","17","18"
"的典章制度","0","18","18"
"贡当地土产","0","18","18"
"没有得到回","0","18","18"
"任命吏部尚","0","18","18"
"州发生大水","0","18","18"
"徽酞阁待制","0","18","18"
"为右承相兼","0","18","18"
"哥哥的儿子","0","18","18"
"自己的意见","0","18","18"
"部门上奏说","0","18","18"
"章帝元和年","0","18","18"
"捕获献上朝","0","18","18"
"获献上朝廷","0","18","18"
"白虎出现于","0","18","18"
"白乌出现于","0","18","18"
"阳中出现黑","0","18","18"
"中出现黑子","0","18","18"
"殿处理政事","0","18","18"
"荐可以担任","0","18","18"
"星进人氏宿","0","18","18"
"十一月初五","0","18","18"
"金国派遣完","0","18","18"
"国派遣完颜","0","18","18"
"在皇上面前","0","18","18"
"为尚书仆射","9","8","17"
"史彭城王义","12","5","17"
"二州刺史刘","9","8","17"
"寻阳王子房","13","4","17"
"州刺史建平","8","9","17"
"泰始二年正","7","10","17"
"始二年正月","7","10","17"
"晋愍帝建武","9","8","17"
"太元十五年","9","8","17"
"太元十七年","8","9","17"
"魏明帝太和","9","8","17"
"魏明帝青龙","10","7","17"
"晋惠帝永康","9","8","17"
"惠帝永康元","9","8","17"
"宋孝武帝大","6","11","17"
"五年十二月","8","9","17"
"参知政事王","8","9","17"
"为工部尚书","5","12","17"
"管机宜文字","9","8","17"
"东转运判官","9","8","17"
"权知枢密院","13","4","17"
"政殿学士知","11","6","17"
"为福州观察","5","12","17"
"以右谏议大","12","5","17"
"权知开封府","11","6","17"
"州路转运使","7","10","17"
"权刑部侍郎","11","6","17"
"为秘阁修撰","1","16","17"
"神主于太庙","14","3","17"
"刺史长沙王","9","8","17"
"州刺史竟陵","9","8","17"
"刺史竟陵王","9","8","17"
"元嘉三十年","6","11","17"
"十一月戊午","13","4","17"
"晋孝武太元","14","3","17"
"太元二十一","9","8","17"
"元二十一年","9","8","17"
"魏高贵乡公","8","9","17"
"武帝太康三","9","8","17"
"帝太康三年","9","8","17"
"十一年四月","8","9","17"
"犯死罪以下","9","8","17"
"军节度使刘","8","9","17"
"彰信军节度","9","8","17"
"为刑部侍郎","5","12","17"
"为刑部尚书","7","10","17"
"纠察在京刑","11","6","17"
"察在京刑狱","11","6","17"
"贺辽主生辰","9","8","17"
"御集英殿策","16","1","17"
"绍兴三十一","3","14","17"
"兴三十一年","3","14","17"
"等来贺天申","17","0","17"
"来贺天申节","17","0","17"
"江西安抚使","7","10","17"
"淳熙十四年","7","10","17"
"拜中书舍人","15","2","17"
"召试学士院","12","5","17"
"除端明殿学","15","2","17"
"居住的地方","0","17","17"
"为兖州刺史","0","17","17"
"二月十一日","0","17","17"
"任命御史中","0","17","17"
"将相有忧患","0","17","17"
"第二年正月","0","17","17"
"出现了白雉","0","17","17"
"玉津园设宴","0","17","17"
"太白星进人","0","17","17"
"荧惑星进人","0","17","17"
"杖刑以下释","0","17","17"
"命资政殿学","0","17","17"
"醛泉观使兼","0","17","17"
"来祝贺天申","0","17","17"
"之为尚书右","7","9","16"
"西阳王子尚","12","4","16"
"安王休仁为","8","8","16"
"将军巴陵王","8","8","16"
"军巴陵王休","8","8","16"
"刺史建平王","8","8","16"
"雍州刺史张","8","8","16"
"给四时朝服","8","8","16"
"明帝景初元","9","7","16"
"帝景初元年","9","7","16"
"惠帝永兴元","8","8","16"
"六年十一月","8","8","16"
"十一月癸巳","11","5","16"
"州刺史司马","8","8","16"
"晋海西公太","6","10","16"
"海西公太和","6","10","16"
"汉安帝延光","8","8","16"
"明帝太宁元","8","8","16"
"帝太宁元年","8","8","16"
"大明元年五","8","8","16"
"明元年五月","8","8","16"
"年十二月己","8","8","16"
"惠帝元康元","8","8","16"
"十七年六月","8","8","16"
"怀帝永嘉元","8","8","16"
"废帝永光元","8","8","16"
"梁郡诸军事","9","7","16"
"卫步军都指","8","8","16"
"平军节度使","8","8","16"
"路安抚大使","8","8","16"
"军节度使李","8","8","16"
"焕章阁待制","8","8","16"
"书门下省检","8","8","16"
"门下省检正","8","8","16"
"府参赞军事","8","8","16"
"章阁直学士","8","8","16"
"湖北安抚使","6","10","16"
"事兼太子宾","8","8","16"
"安抚司公事","8","8","16"
"绍兴十三年","4","12","16"
"十五年五月","8","8","16"
"左卫上将军","8","8","16"
"卫马军都虞","8","8","16"
"知通进银台","6","10","16"
"州团练推官","8","8","16"
"州军事推官","8","8","16"
"刑部员外郎","8","8","16"
"以尚书左丞","11","5","16"
"清昭应宫使","8","8","16"
"权中书舍人","10","6","16"
"平章军国重","8","8","16"
"章军国重事","8","8","16"
"高丽国遣使","15","1","16"
"给鼓吹一部","13","3","16"
"十二月戊午","12","4","16"
"军将军柳元","8","8","16"
"刺史临海王","8","8","16"
"州刺史薛安","8","8","16"
"刺史薛安都","8","8","16"
"史山阳王休","9","7","16"
"明帝泰豫元","8","8","16"
"帝泰豫元年","8","8","16"
"义熙十一年","6","10","16"
"始兴王浚以","16","0","16"
"荆州刺史临","8","8","16"
"二十四年七","8","8","16"
"州治中从事","8","8","16"
"别驾从事史","8","8","16"
"为辅国将军","9","7","16"
"定难军节度","8","8","16"
"义军节度使","8","8","16"
"命参知政事","8","8","16"
"为宣徽南院","5","11","16"
"为秘书少监","5","11","16"
"为保宁军节","5","11","16"
"陕西转运使","6","10","16"
"翰林学士王","8","8","16"
"为左谏议大","3","13","16"
"贤良方正能","8","8","16"
"良方正能直","8","8","16"
"方正能直言","8","8","16"
"正能直言极","8","8","16"
"能直言极谏","8","8","16"
"江军节度使","7","9","16"
"皇后神主于","13","3","16"
"保信军节度","8","8","16"
"忠州防御使","8","8","16"
"奏名进士及","8","8","16"
"名进士及第","8","8","16"
"为武泰军节","6","10","16"
"奉宁军节度","8","8","16"
"为醴泉观使","12","4","16"
"浙西提点刑","8","8","16"
"及金人战于","16","0","16"
"嵩山崇福宫","9","7","16"
"枢密院检详","8","8","16"
"侍卫马军司","8","8","16"
"命刘光世为","1","15","16"
"远军节度副","8","8","16"
"以集英殿修","9","7","16"
"诏改明年为","9","7","16"
"果州团练使","8","8","16"
"迁中书舍人","16","0","16"
"三司户部判","8","8","16"
"司户部判官","8","8","16"
"陕西都转运","8","8","16"
"西都转运使","8","8","16"
"绍兴十二年","3","13","16"
"三司条例司","4","12","16"
"天象预示将","0","16","16"
"的神主牌位","0","16","16"
"不上奏自行","0","16","16"
"同意了他的","0","16","16"
"任吏部侍郎","0","16","16"
"任右谏议大","0","16","16"
"任礼部侍郎","0","16","16"
"帝下诏令说","0","16","16"
"句每句三字","0","16","16"
"星入太微垣","0","16","16"
"荧惑星进入","0","16","16"
"州发生火灾","0","16","16"
"在近郊打猎","0","16","16"
"津园设宴射","0","16","16"
"冬十月初四","0","16","16"
"来祝贺新春","0","16","16"
"冬十月初五","0","16","16"
"命御史中承","0","16","16"
"举荐可以担","0","16","16"
"以担任将帅","0","16","16"
"人来祝贺明","0","16","16"
"人来祝贺天","0","16","16"
"出使金朝祝","0","16","16"
"使金朝祝贺","0","16","16"
"它分野地区","0","16","16"
"分野地区的","0","16","16"
"任户部侍郎","0","16","16"
"秦河二州刺","8","7","15"
"河二州刺史","8","7","15"
"为镇西将军","4","11","15"
"帝泰始四年","7","8","15"
"武帝大明七","7","8","15"
"帝大明七年","7","8","15"
"武帝咸宁二","8","7","15"
"帝咸宁二年","8","7","15"
"年十二月丙","8","7","15"
"中书通事舍","8","7","15"
"书通事舍人","8","7","15"
"步军都虞候","7","8","15"
"贵州防御使","7","8","15"
"以参知政事","12","3","15"
"江东宣抚使","8","7","15"
"为江东安抚","6","9","15"
"为太皇太后","5","10","15"
"太平兴国二","7","8","15"
"平兴国二年","7","8","15"
"彰德军节度","7","8","15"
"兼枢密副使","8","7","15"
"判尚书都省","8","7","15"
"州观察推官","8","7","15"
"权礼部侍郎","9","6","15"
"兴元年正月","8","7","15"
"为中军将军","6","9","15"
"子即皇帝位","8","7","15"
"豫州刺史长","8","7","15"
"尉江夏王义","11","4","15"
"为郢州刺史","9","6","15"
"二月二十一","2","13","15"
"年十一月己","7","8","15"
"二月二十四","3","12","15"
"州刺史沈文","8","7","15"
"刺史沈文秀","8","7","15"
"雄军节度使","7","8","15"
"幸玉津园宴","15","0","15"
"玉津园宴射","15","0","15"
"十七人及第","6","9","15"
"州录事参军","8","7","15"
"为武胜军节","6","9","15"
"为谏议大夫","5","10","15"
"诏诸路转运","14","1","15"
"杂犯死罪以","8","7","15"
"大中祥符三","5","10","15"
"中祥符三年","5","10","15"
"安德军节度","7","8","15"
"太学生陈东","7","8","15"
"显谟阁待制","8","7","15"
"龙神卫四厢","9","6","15"
"权吏部侍郎","10","5","15"
"杂犯死罪囚","6","9","15"
"宣州观察使","7","8","15"
"主管台州崇","8","7","15"
"管台州崇道","8","7","15"
"台州崇道观","8","7","15"
"太常寺主簿","7","8","15"
"赠开府仪同","10","5","15"
"令翰林学士","3","12","15"
"为枢密直学","4","11","15"
"路转运副使","7","8","15"
"迁起居舍人","14","1","15"
"京西转运使","7","8","15"
"州司理参军","8","7","15"
"权直学士院","9","6","15"
"一天比一天","0","15","15"
"因母亲去世","0","15","15"
"是战争发生","0","15","15"
"史始兴王刘","0","15","15"
"任吏部尚书","0","15","15"
"治理国家的","0","15","15"
"又十二分之","0","15","15"
"星犯舆鬼宿","0","15","15"
"之上报朝廷","0","15","15"
"军队驻扎在","0","15","15"
"被连根拔起","0","15","15"
"没有得到答","0","15","15"
"有得到答复","0","15","15"
"没有什么可","0","15","15"
"侵犯南斗星","0","15","15"
"蛮攻打边境","0","15","15"
"十一月初八","0","15","15"
"到集英殿策","0","15","15"
"五日朝见皇","0","15","15"
"任命刘光世","0","15","15"
"次上疏请求","0","15","15"
"赤色云气进","0","15","15"
"白色云气进","0","15","15"
"桥梁不通行","0","15","15"
"人民有瘟疫","0","15","15"
"惑星占据此","0","15","15"
"冠军将军刘","6","8","14"
"为荆州刺史","9","5","14"
"州刺史王弘","7","7","14"
"州刺史江夏","8","6","14"
"刺史江夏王","8","6","14"
"州刺史广陵","7","7","14"
"刺史广陵王","7","7","14"
"永嘉王子仁","9","5","14"
"将军湘东王","7","7","14"
"州刺史王景","7","7","14"
"刺史王景文","7","7","14"
"为骠骑大将","5","9","14"
"陵王休若为","6","8","14"
"军将军褚渊","7","7","14"
"徐州刺史刘","8","6","14"
"州刺史晋熙","7","7","14"
"刺史晋熙王","7","7","14"
"年十二月甲","7","7","14"
"魏齐王嘉平","7","7","14"
"兴三年四月","7","7","14"
"安帝延光三","7","7","14"
"帝延光三年","7","7","14"
"州刺史南平","8","6","14"
"刺史南平王","8","6","14"
"武帝大明五","5","9","14"
"帝大明五年","5","9","14"
"康三年六月","7","7","14"
"孝武帝宁康","7","7","14"
"吴孙休永安","7","7","14"
"帝升明元年","7","7","14"
"宁元年七月","7","7","14"
"七年十二月","7","7","14"
"年十一月甲","7","7","14"
"前废帝景和","7","7","14"
"十二月己亥","12","2","14"
"五年五月丁","7","7","14"
"年五月丁丑","7","7","14"
"泰宁军节度","7","7","14"
"大内都部署","7","7","14"
"右卫大将军","7","7","14"
"集庆军节度","7","7","14"
"左卫大将军","7","7","14"
"平章军国事","7","7","14"
"少宰兼中书","7","7","14"
"宰兼中书侍","7","7","14"
"镇西军节度","7","7","14"
"金国通问使","7","7","14"
"镇江都统制","7","7","14"
"敷文阁学士","7","7","14"
"以户部侍郎","9","5","14"
"千牛卫将军","7","7","14"
"淮制置大使","7","7","14"
"江东安抚使","6","8","14"
"彰化军节度","7","7","14"
"司封员外郎","7","7","14"
"州兵马钤辖","8","6","14"
"同学究出身","7","7","14"
"西上阁门使","13","1","14"
"安国军节度","7","7","14"
"军副都军头","7","7","14"
"拜尚书右仆","12","2","14"
"门下侍郎兼","7","7","14"
"兼同修国史","7","7","14"
"主管侍卫马","7","7","14"
"管侍卫马军","7","7","14"
"书舍人兼侍","7","7","14"
"东转运副使","7","7","14"
"高祖武皇帝","7","7","14"
"班剑二十人","9","5","14"
"于华林园听","14","0","14"
"十二月丙寅","11","3","14"
"为冠军将军","7","7","14"
"司徒徐羡之","6","8","14"
"十二年春正","7","7","14"
"为安南将军","6","8","14"
"安陆王子绥","8","6","14"
"刺史建安王","7","7","14"
"州刺史临海","7","7","14"
"徐州刺史薛","7","7","14"
"州刺史张敬","7","7","14"
"千二百六十","7","7","14"
"二月十六日","3","11","14"
"年二月己亥","7","7","14"
"安帝元兴元","7","7","14"
"帝元兴元年","7","7","14"
"武帝孝建三","7","7","14"
"帝孝建三年","7","7","14"
"帝元嘉十三","7","7","14"
"十二月甲子","10","4","14"
"元帝太兴三","8","6","14"
"帝太兴三年","8","6","14"
"太元十二年","7","7","14"
"十五年二月","7","7","14"
"章皇太后庙","5","9","14"
"始二年六月","7","7","14"
"六年十二月","7","7","14"
"太白犯岁星","14","0","14"
"年十二月乙","7","7","14"
"十二年六月","7","7","14"
"二十四年二","7","7","14"
"十五年八月","7","7","14"
"孙皓宝鼎元","7","7","14"
"皓宝鼎元年","7","7","14"
"十二月乙巳","12","2","14"
"陈郡阳夏人","7","7","14"
"为太学博士","5","9","14"
"为谘议参军","8","6","14"
"抚军中兵参","7","7","14"
"一千五百人","2","12","14"
"军节度使王","7","7","14"
"氏为皇太后","7","7","14"
"永兴军节度","7","7","14"
"败江南军于","14","0","14"
"契丹遣使来","14","0","14"
"国遣使来贡","14","0","14"
"为太子少保","5","9","14"
"死罪以下囚","6","8","14"
"遣监察御史","7","7","14"
"侍郎兼太子","7","7","14"
"监察御史里","7","7","14"
"察御史里行","7","7","14"
"马步军都总","7","7","14"
"步军都总管","7","7","14"
"殿前指挥使","7","7","14"
"京东转运使","6","8","14"
"陕西宣抚使","6","8","14"
"保大军节度","7","7","14"
"权吏部尚书","11","3","14"
"度支员外郎","7","7","14"
"西路安抚使","7","7","14"
"总领四川财","7","7","14"
"领四川财赋","7","7","14"
"宝文阁直学","7","7","14"
"都督府参议","7","7","14"
"国军承宣使","7","7","14"
"合祀天地于","14","0","14"
"权户部侍郎","10","4","14"
"果州团练副","7","7","14"
"以龙图阁学","8","6","14"
"后垂帘听政","3","11","14"
"金遣使来贺","14","0","14"
"从祀孔子庙","9","5","14"
"秘书少监兼","8","6","14"
"太平兴国中","10","4","14"
"行营前军都","7","7","14"
"军节度判官","7","7","14"
"兼侍读学士","8","6","14"
"林学士兼侍","7","7","14"
"百姓的疾苦","0","14","14"
"有军事行动","0","14","14"
"预示将有战","0","14","14"
"示将有战争","0","14","14"
"是命中注定","0","14","14"
"有得到回答","0","14","14"
"了他的请求","0","14","14"
"次上表请求","0","14","14"
"下诏礼部贡","0","14","14"
"任其一子为","0","14","14"
"皇后有忧患","0","14","14"
"任兵部侍郎","0","14","14"
"任同知枢密","0","14","14"
"任太常少卿","0","14","14"
"有关官员上","0","14","14"
"关官员上奏","0","14","14"
"朝廷内外的","0","14","14"
"帝元和年间","0","14","14"
"南谯王刘义","0","14","14"
"晋安王刘子","0","14","14"
"安王刘子勋","0","14","14"
"服丧期满后","0","14","14"
"年六十八岁","0","14","14"
"夏四月初八","0","14","14"
"到玉津园设","0","14","14"
"败江南军队","0","14","14"
"的所作所为","0","14","14"
"各路转运使","0","14","14"
"星侵犯太微","0","14","14"
"在太庙附祭","0","14","14"
"与金军交战","0","14","14"
"廷任命他为","0","14","14"
"书;天文志","0","14","14"
"苍白色云气","0","14","14"
"任起居舍人","0","14","14"
"庐陵王义真","11","2","13"
"谯王义宣为","7","6","13"
"阳王休范为","8","5","13"
"史晋熙王燮","7","6","13"
"汉献帝建安","7","6","13"
"太元十六年","7","6","13"
"武帝太康五","6","7","13"
"帝太康五年","6","7","13"
"年正月丙子","7","6","13"
"晋孝武帝宁","7","6","13"
"太元十三年","6","7","13"
"年十二月壬","7","6","13"
"十二月壬午","9","4","13"
"十一月甲戌","11","2","13"
"十一月辛卯","9","4","13"
"十年十二月","7","6","13"
"前汉属临淮","13","0","13"
"南东海太守","7","6","13"
"以工部侍郎","8","5","13"
"为三班奉职","7","6","13"
"以户部尚书","10","3","13"
"为清远军节","4","9","13"
"春正月辛未","13","0","13"
"淮东制置司","7","6","13"
"权兵部侍郎","10","3","13"
"部侍郎兼侍","6","7","13"
"赐进士出身","11","2","13"
"兼权知枢密","10","3","13"
"为枢密都承","5","8","13"
"为皇太子妃","5","8","13"
"马军副都指","7","6","13"
"迁右谏议大","11","2","13"
"江南转运使","6","7","13"
"权工部侍郎","9","4","13"
"迁翰林学士","12","1","13"
"兼国史编修","8","5","13"
"徐兗二州刺","13","0","13"
"十二月辛巳","11","2","13"
"太子即皇帝","7","6","13"
"王遣使献方","13","0","13"
"军谘议参军","5","8","13"
"始兴王浚为","8","5","13"
"平二郡太守","7","6","13"
"军彭城王义","10","3","13"
"州刺史建安","7","6","13"
"司徒建安王","7","6","13"
"十一月己亥","11","2","13"
"千九百九十","7","6","13"
"十一月十一","1","12","13"
"十六年二月","6","7","13"
"始二年八月","7","6","13"
"太学博士徐","6","7","13"
"御史中丞刘","7","6","13"
"汉献帝延康","7","6","13"
"献帝延康元","7","6","13"
"帝延康元年","7","6","13"
"荧惑入太微","13","0","13"
"太白犯南斗","13","0","13"
"星犯左执法","2","11","13"
"帝光熙元年","6","7","13"
"太元十四年","7","6","13"
"青州刺史沈","8","5","13"
"吴孙皓宝鼎","7","6","13"
"为龙骧将军","8","5","13"
"太尉行参军","6","7","13"
"为光禄大夫","3","10","13"
"为金紫光禄","2","11","13"
"食邑四百户","7","6","13"
"内外文武官","6","7","13"
"安化军节度","6","7","13"
"镇海军节度","6","7","13"
"太平兴国六","3","10","13"
"平兴国六年","3","10","13"
"镇南军节度","7","6","13"
"为户部尚书","6","7","13"
"入内内侍省","9","4","13"
"为太子中允","4","9","13"
"为单州团练","3","10","13"
"安抚司干办","7","6","13"
"抚司干办公","7","6","13"
"绍兴三十二","3","10","13"
"兴三十二年","3","10","13"
"王即皇帝位","7","6","13"
"京湖制置司","6","7","13"
"为果州团练","2","11","13"
"为集贤校理","5","8","13"
"拜同中书门","12","1","13"
"中进士甲科","2","11","13"
"陕西转运副","7","6","13"
"大小学教授","6","7","13"
"为右文殿修","1","12","13"
"为太常博士","4","9","13"
"将军中兵参","6","7","13"
"为龙图阁直","1","12","13"
"月亮在黄道","0","13","13"
"遗留下来的","0","13","13"
"不举行祭祀","0","13","13"
"象预示将有","0","13","13"
"是国家的大","0","13","13"
"从今以后不","0","13","13"
"高兴地采纳","0","13","13"
"月亮进人氏","0","13","13"
"亮进人氏宿","0","13","13"
"被重新起用","0","13","13"
"第二天早晨","0","13","13"
"赐给五时朝","0","13","13"
"京城刮大风","0","13","13"
"夏四月初七","0","13","13"
"唐朝开元游","0","13","13"
"朝开元游仪","0","13","13"
"任监察御史","0","13","13"
"春正月初六","0","13","13"
"年正月初一","0","13","13"
"派遣使臣到","0","13","13"
"没有这样的","0","13","13"
"在明堂举行","0","13","13"
"第二次献酒","0","13","13"
"年举行一次","0","13","13"
"府君的神主","0","13","13"
"预示将有大","0","13","13"
"武陵王刘骏","0","13","13"
"谯王刘义宣","0","13","13"
"任中书侍郎","0","13","13"
"的妻子儿女","0","13","13"
"推辞不接受","0","13","13"
"太祖派遣使","0","13","13"
"不上朝处理","0","13","13"
"河水溢出河","0","13","13"
"正月十一日","0","13","13"
"侵犯太微垣","0","13","13"
"殿接受朝贺","0","13","13"
"因特殊情况","0","13","13"
"释放杖刑以","0","13","13"
"放杖刑以下","0","13","13"
"在圆丘合祭","0","13","13"
"圆丘合祭天","0","13","13"
"丘合祭天地","0","13","13"
"光宗朝拜重","0","13","13"
"宗朝拜重华","0","13","13"
"王者厌恶这","0","13","13"
"者厌恶这种","0","13","13"
"星侵犯并占","0","13","13"
"侵犯并占据","0","13","13"
"其分野地区","0","13","13"
"那么战争发","0","13","13"
"么战争发生","0","13","13"
"星进入侵犯","0","13","13"
"任端明殿学","0","13","13"
"被推举参加","0","13","13"
"推举参加进","0","13","13"
"举参加进士","0","13","13"
"敕令所删定","6","6","12"
"令所删定官","6","6","12"
"州刺史王仲","6","6","12"
"刺史王仲德","6","6","12"
"以辅国将军","12","0","12"
"州刺史刘粹","6","6","12"
"为南徐州刺","7","5","12"
"南郡王义宣","9","3","12"
"护军将军褚","6","6","12"
"年十一月十","5","7","12"
"魏齐王正始","7","5","12"
"十一月癸酉","9","3","12"
"穆帝永和元","6","6","12"
"帝永和元年","6","6","12"
"星犯轩辕大","3","9","12"
"十二年七月","6","6","12"
"元元年五月","6","6","12"
"魏元帝咸熙","6","6","12"
"十一月庚午","9","3","12"
"年三月己酉","6","6","12"
"十三年九月","6","6","12"
"史南平王铄","8","4","12"
"武帝大明三","6","6","12"
"帝大明三年","6","6","12"
"九年十二月","6","6","12"
"元年四月丁","6","6","12"
"安帝义熙元","6","6","12"
"帝义熙元年","6","6","12"
"十六年三月","6","6","12"
"废帝元徽二","7","5","12"
"帝元徽二年","7","5","12"
"愍帝建兴二","6","6","12"
"帝建兴二年","6","6","12"
"十二年四月","6","6","12"
"吴孙亮建兴","6","6","12"
"康元年七月","7","5","12"
"帝元嘉十二","6","6","12"
"孝武大明元","7","5","12"
"武大明元年","7","5","12"
"义成军节度","6","6","12"
"卫亲军马军","6","6","12"
"为检校太保","5","7","12"
"为大内都部","6","6","12"
"武卫大将军","6","6","12"
"为宣徽北院","7","5","12"
"翰林学士张","6","6","12"
"前军都部署","6","6","12"
"署枢密院事","6","6","12"
"并参知政事","12","0","12"
"河东路宣抚","6","6","12"
"为昭化军节","2","10","12"
"浙西安抚司","6","6","12"
"浙西安抚使","6","6","12"
"十四人及第","6","6","12"
"管殿前司公","6","6","12"
"殿前司公事","6","6","12"
"四川宣谕使","6","6","12"
"四川制置大","6","6","12"
"川制置大使","6","6","12"
"工部侍郎兼","6","6","12"
"宁远军承宣","6","6","12"
"诏四川宣抚","7","5","12"
"湖北安抚副","6","6","12"
"北安抚副使","6","6","12"
"兼夔路策应","6","6","12"
"安抚制置副","6","6","12"
"抚制置副使","6","6","12"
"制置副使兼","7","5","12"
"密院事兼太","6","6","12"
"院事兼太子","6","6","12"
"主管江西安","6","6","12"
"管江西安抚","6","6","12"
"太平兴国七","3","9","12"
"平兴国七年","3","9","12"
"加检校少保","11","1","12"
"拜右谏议大","9","3","12"
"拜监察御史","11","1","12"
"三司度支判","6","6","12"
"司度支判官","6","6","12"
"书省著作郎","6","6","12"
"以工部尚书","8","4","12"
"水部员外郎","6","6","12"
"西京作坊使","6","6","12"
"辅国将军刘","6","6","12"
"青州刺史刘","6","6","12"
"书右仆射刘","6","6","12"
"之为交州刺","6","6","12"
"为征西大将","3","9","12"
"十一月壬子","11","1","12"
"史长沙王义","9","3","12"
"十一年春正","6","6","12"
"一年春正月","6","6","12"
"十三年春正","6","6","12"
"十四年春正","6","6","12"
"十六年春正","6","6","12"
"川王义庆以","11","1","12"
"史临川王义","10","2","12"
"十一月戊子","11","1","12"
"十二月乙未","9","3","12"
"春正月甲戌","12","0","12"
"十五年春正","6","6","12"
"史竟陵王诞","9","3","12"
"尚书令何尚","6","6","12"
"书令何尚之","6","6","12"
"宁朔将军刘","6","6","12"
"史临海王子","8","4","12"
"刺史晋安王","6","6","12"
"豫州刺史山","6","6","12"
"十二月丁巳","10","2","12"
"万四千二百","6","6","12"
"四千二百六","6","6","12"
"十三年十二","6","6","12"
"一月十一日","1","11","12"
"太常丞庾蔚","7","5","12"
"常丞庾蔚之","7","5","12"
"十三年七月","6","6","12"
"明帝太宁三","6","6","12"
"帝太宁三年","6","6","12"
"十一月癸未","8","4","12"
"年六月庚子","6","6","12"
"十五年四月","6","6","12"
"章帝元和二","6","6","12"
"帝元和二年","6","6","12"
"十一月丙寅","10","2","12"
"始二年五月","6","6","12"
"年七月乙卯","6","6","12"
"康元年五月","6","6","12"
"晋惠帝光熙","6","6","12"
"惠帝光熙元","6","6","12"
"十二月甲申","8","4","12"
"三年六月辛","6","6","12"
"荧惑犯太微","12","0","12"
"晋海西太和","8","4","12"
"年六月甲寅","6","6","12"
"十五年七月","6","6","12"
"晋怀帝永嘉","6","6","12"
"少帝景平元","6","6","12"
"帝景平元年","6","6","12"
"八月十一日","1","11","12"
"谯王义宣以","12","0","12"
"十九年五月","6","6","12"
"年四月戊辰","6","6","12"
"元帝太兴四","6","6","12"
"帝太兴四年","6","6","12"
"去京都水一","12","0","12"
"太子中舍人","6","6","12"
"为员外散骑","5","7","12"
"军录事参军","6","6","12"
"食邑三百户","6","6","12"
"新蔡二郡太","6","6","12"
"蔡二郡太守","6","6","12"
"龙骧将军陈","6","6","12"
"为太子太师","5","7","12"
"为太子太傅","6","6","12"
"建宁军节度","6","6","12"
"右千牛卫大","6","6","12"
"建武军节度","6","6","12"
"军节度使曹","6","6","12"
"大中祥符元","7","5","12"
"中祥符元年","7","5","12"
"太平兴国寺","6","6","12"
"为武宁军节","6","6","12"
"天下兵马大","6","6","12"
"下兵马大元","6","6","12"
"南军节度使","6","6","12"
"建雄军节度","6","6","12"
"诸路转运使","12","0","12"
"西京作坊副","6","6","12"
"京作坊副使","6","6","12"
"为银青光禄","3","9","12"
"尊皇后为皇","3","9","12"
"加中书侍郎","9","3","12"
"经度制置使","6","6","12"
"天下囚罪一","12","0","12"
"下囚罪一等","12","0","12"
"诏诸路监司","12","0","12"
"为右千牛卫","4","8","12"
"留司御史台","6","6","12"
"慈圣光献皇","5","7","12"
"圣光献皇后","5","7","12"
"以直龙图阁","7","5","12"
"以礼部尚书","10","2","12"
"驾部员外郎","6","6","12"
"提举常平司","6","6","12"
"主客员外郎","6","6","12"
"罢为资政殿","6","6","12"
"浙西制置使","5","7","12"
"为陕西转运","6","6","12"
"东安抚大使","6","6","12"
"淮西招抚使","6","6","12"
"四川都转运","6","6","12"
"都督府参赞","6","6","12"
"左司员外郎","6","6","12"
"绍兴十七年","3","9","12"
"中书舍人陈","6","6","12"
"太后垂帘听","2","10","12"
"湖南转运判","6","6","12"
"五年进士第","11","1","12"
"部员外郎兼","6","6","12"
"南转运副使","5","7","12"
"判登闻鼓院","6","6","12"
"州司法参军","6","6","12"
"为秘阁校理","7","5","12"
"除中书舍人","12","0","12"
"绍兴十五年","4","8","12"
"绍兴二十四","3","9","12"
"兴二十四年","3","9","12"
"提举太平观","6","6","12"
"为集英殿修","2","10","12"
"我认为应该","0","12","12"
"未成年而死","0","12","12"
"没有什么不","0","12","12"
"将有军事行","0","12","12"
"圣明的君主","0","12","12"
"人们都认为","0","12","12"
"派遣使臣进","0","12","12"
"了他的建议","0","12","12"
"守丧未满三","0","12","12"
"丧未满三年","0","12","12"
"听从了他的","0","12","12"
"重新起用为","0","12","12"
"第二个儿子","0","12","12"
"十分之七八","0","12","12"
"前汉时隶属","0","12","12"
"衡阳王刘义","0","12","12"
"阳王刘义季","0","12","12"
"任命观文殿","0","12","12"
"春正月初七","0","12","12"
"派遣使臣巡","0","12","12"
"派遣使者来","0","12","12"
"冬十月十一","0","12","12"
"十月十一日","0","12","12"
"九月十二日","0","12","12"
"二月十八日","0","12","12"
"春正月初十","0","12","12"
"春正月初八","0","12","12"
"的议论相同","0","12","12"
"建平王刘宏","0","12","12"
"没有来得及","0","12","12"
"这篇相当于","0","12","12"
"度又十二分","0","12","12"
"地将有战争","0","12","12"
"这预示将有","0","12","12"
"竟陵王刘诞","0","12","12"
"凤凰停留在","0","12","12"
"出现于郡国","0","12","12"
"临川王刘义","0","12","12"
"川王刘义庆","0","12","12"
"长沙王刘义","0","12","12"
"沙王刘义欣","0","12","12"
"树木被连根","0","12","12"
"木被连根拔","0","12","12"
"作为自己的","0","12","12"
"朝廷的命令","0","12","12"
"年七十二岁","0","12","12"
"年六十五岁","0","12","12"
"春正月初五","0","12","12"
"冬十月初六","0","12","12"
"于是到玉津","0","12","12"
"是到玉津园","0","12","12"
"打败江南军","0","12","12"
"讯察记录囚","0","12","12"
"察记录囚犯","0","12","12"
"春正月十一","0","12","12"
"二月十三日","0","12","12"
"秋七月初八","0","12","12"
"宗身体不适","0","12","12"
"星侵犯南斗","0","12","12"
"太后溢号为","0","12","12"
"府发生火灾","0","12","12"
"一道白色虹","0","12","12"
"特殊情况赦","0","12","12"
"殊情况赦免","0","12","12"
"为醛泉观使","0","12","12"
"于是任命他","0","12","12"
"回答皇上的","0","12","12"
"出使金国回","0","12","12"
"绍兴十一年","0","12","12"
"终年六十八","0","12","12"
"太白星占据","0","12","12"
"战争大规模","0","12","12"
"太白星进入","0","12","12"
"地区有战争","0","12","12"
"区战争发生","0","12","12"
"任礼部尚书","0","12","12"
"任大理寺丞","0","12","12"
"任大理评事","0","12","12"
"考中进士后","0","12","12"
"任泉州知州","0","12","12"
"军将军刘毅","4","7","11"
"为平北将军","4","7","11"
"义阳王昶为","6","5","11"
"将军建安王","5","6","11"
"青冀二州刺","5","6","11"
"食邑二千户","5","6","11"
"西秦河二州","6","5","11"
"江州刺史桂","6","5","11"
"史建平王景","6","5","11"
"帝泰始三年","6","5","11"
"文帝黄初三","7","4","11"
"帝黄初三年","7","4","11"
"始二年九月","6","5","11"
"康二年正月","5","6","11"
"史司马休之","6","5","11"
"十一年三月","5","6","11"
"十五年十一","5","6","11"
"十八年二月","5","6","11"
"十一月乙巳","7","4","11"
"元元年二月","6","5","11"
"康六年三月","6","5","11"
"元帝永昌二","5","6","11"
"帝永昌二年","5","6","11"
"兴三年正月","5","6","11"
"帝泰始五年","5","6","11"
"十二月丙辰","8","3","11"
"三年三月戊","5","6","11"
"尚书都官郎","6","5","11"
"骁卫上将军","7","4","11"
"枢密院事张","5","6","11"
"河西军节度","5","6","11"
"签署枢密院","6","5","11"
"斩首数千级","10","1","11"
"淮西宣抚使","6","5","11"
"兼提点刑狱","5","6","11"
"西路宣抚使","5","6","11"
"郎兼直学士","5","6","11"
"宜州观察使","6","5","11"
"湖北路安抚","6","5","11"
"四川宣抚副","5","6","11"
"川宣抚副使","5","6","11"
"为沿江制置","4","7","11"
"十一月乙丑","8","3","11"
"以贾似道为","6","5","11"
"夔路策应使","5","6","11"
"尚书兵部员","6","5","11"
"书兵部员外","6","5","11"
"嘉定十五年","3","8","11"
"西京左藏库","6","5","11"
"州都巡检使","5","6","11"
"权御史中丞","7","4","11"
"兼侍御史知","7","4","11"
"进封魏国公","7","4","11"
"为征虏将军","5","6","11"
"等二十七人","6","5","11"
"尚书令傅亮","5","6","11"
"徐州刺史王","5","6","11"
"十二月庚寅","10","1","11"
"镇北大将军","6","5","11"
"南平王铄为","7","4","11"
"雍州刺史刘","5","6","11"
"雍州刺史武","6","5","11"
"史庐陵王绍","8","3","11"
"十一月壬寅","10","1","11"
"南北秦四州","6","5","11"
"左仆射建平","6","5","11"
"仆射建平王","6","5","11"
"州刺史晋安","6","5","11"
"新安王子鸾","10","1","11"
"千三百六十","6","5","11"
"二百六十一","5","6","11"
"宋明帝泰始","5","6","11"
"年正月乙亥","6","5","11"
"十一月戊申","8","3","11"
"初二年六月","6","5","11"
"愍帝建兴四","6","5","11"
"帝建兴四年","6","5","11"
"大明七年十","6","5","11"
"三百六十五","5","6","11"
"年八月壬子","6","5","11"
"十一月乙卯","8","3","11"
"十一月丁丑","8","3","11"
"太元十九年","6","5","11"
"十二月癸卯","9","2","11"
"司空竟陵王","6","5","11"
"元帝永昌元","6","5","11"
"帝永昌元年","6","5","11"
"十一月丙辰","9","2","11"
"为右卫将军","7","4","11"
"贤良方正直","6","5","11"
"良方正直言","6","5","11"
"国长公主第","11","0","11"
"常赦所不原","11","0","11"
"赦所不原者","11","0","11"
"东上阁门使","10","1","11"
"杖以下释之","11","0","11"
"河东宣抚使","5","6","11"
"举贤良方正","7","4","11"
"以王钦若为","7","4","11"
"幸元偁宫视","11","0","11"
"元偁宫视疾","11","0","11"
"入内副都知","6","5","11"
"真宗御容于","11","0","11"
"朝飨景灵宫","11","0","11"
"皇太后垂帘","5","6","11"
"路副都总管","6","5","11"
"国子监直讲","5","6","11"
"为崇政殿说","6","5","11"
"十九人及第","4","7","11"
"为中太一宫","5","6","11"
"为龙图阁学","1","10","11"
"为检校少师","3","8","11"
"东路安抚使","5","6","11"
"为沿海制置","5","6","11"
"为和州防御","2","9","11"
"兵部侍郎兼","5","6","11"
"以徽猷阁待","7","4","11"
"行乡饮酒礼","5","6","11"
"西安抚司干","6","5","11"
"左千牛卫大","5","6","11"
"身丁钱三年","6","5","11"
"丞相周必大","6","5","11"
"来贺瑞庆节","11","0","11"
"祀孔子庙庭","7","4","11"
"为保康军节","3","8","11"
"大中祥符七","4","7","11"
"中祥符七年","4","7","11"
"迁礼部侍郎","11","0","11"
"拜御史中丞","11","0","11"
"召为翰林学","8","3","11"
"任将作监丞","1","10","11"
"迁尚书工部","11","0","11"
"为工部郎中","4","7","11"
"勾当三班院","6","5","11"
"兼史馆修撰","7","4","11"
"为馆阁校勘","8","3","11"
"诸王宫大小","5","6","11"
"王宫大小学","5","6","11"
"宫大小学教","5","6","11"
"江西转运判","5","6","11"
"司机宜文字","5","6","11"
"嘉定十三年","4","7","11"
"命中注定的","0","11","11"
"皇帝的儿子","0","11","11"
"上奏自行决","0","11","11"
"兴地采纳了","0","11","11"
"朝廷重新起","0","11","11"
"廷重新起用","0","11","11"
"到地方任职","0","11","11"
"女儿嫁给他","0","11","11"
"任命左卫将","0","11","11"
"戴进贤一梁","0","11","11"
"水涌入石头","0","11","11"
"左承相兼枢","0","11","11"
"加官检校太","0","11","11"
"任史馆修撰","0","11","11"
"已经很久了","0","11","11"
"没有比这更","0","11","11"
"高丽国派使","0","11","11"
"出一部分设","0","11","11"
"国派遣使者","0","11","11"
"徐兖二州刺","0","11","11"
"春正月初三","0","11","11"
"十月十二日","0","11","11"
"九月十一日","0","11","11"
"到华林园听","0","11","11"
"华林园听诉","0","11","11"
"林园听诉讼","0","11","11"
"三月十三日","0","11","11"
"七月十一日","0","11","11"
"即皇帝位后","0","11","11"
"佩带苍黑如","0","11","11"
"带苍黑如水","0","11","11"
"苍黑如水色","0","11","11"
"黑如水色的","0","11","11"
"如水色的玉","0","11","11"
"句每句五字","0","11","11"
"天象预示天","0","11","11"
"徐羡之等人","0","11","11"
"大人有忧患","0","11","11"
"后献上朝廷","0","11","11"
"之献上朝廷","0","11","11"
"出现的妖异","0","11","11"
"又被任命为","0","11","11"
"步兵和骑兵","0","11","11"
"他的儿子王","0","11","11"
"被任命为右","0","11","11"
"王派遣使臣","0","11","11"
"来进贡当地","0","11","11"
"太祖在近郊","0","11","11"
"祖在近郊打","0","11","11"
"寺祈祷降雨","0","11","11"
"九月十五日","0","11","11"
"犯减刑一等","0","11","11"
"黄河在擅州","0","11","11"
"十二月初六","0","11","11"
"在近郊狩猎","0","11","11"
"进人太微垣","0","11","11"
"星进人井宿","0","11","11"
"安定郡王赵","0","11","11"
"到赵元翱宫","0","11","11"
"下诏从今以","0","11","11"
"诏从今以后","0","11","11"
"秋七月初九","0","11","11"
"使臣来报告","0","11","11"
"五月十一日","0","11","11"
"虹横贯天空","0","11","11"
"人来祝贺新","0","11","11"
"星白天陨落","0","11","11"
"任命赵鼎为","0","11","11"
"命令临安府","0","11","11"
"来祝贺瑞庆","0","11","11"
"祝贺瑞庆节","0","11","11"
"色云气侵犯","0","11","11"
"以上各星都","0","11","11"
"上各星都属","0","11","11"
"各星都属于","0","11","11"
"谷物不成熟","0","11","11"
"五谷不成熟","0","11","11"
"皇上赐给他","0","11","11"
"任枢密副使","0","11","11"
"向朝廷请求","0","11","11"
"直学士的身","0","11","11"
"报告给朝廷","0","11","11"
"加开府仪同","10","0","10"
"以左卫将军","10","0","10"
"书左仆射王","5","5","10"
"州刺史衡阳","6","4","10"
"刺史衡阳王","6","4","10"
"史衡阳王义","6","4","10"
"东扬州刺史","5","5","10"
"二州刺史王","5","5","10"
"史王玄谟为","5","5","10"
"州刺史义阳","5","5","10"
"刺史义阳王","5","5","10"
"大将军柳元","5","5","10"
"嘉王子仁为","5","5","10"
"军建安王休","5","5","10"
"以冠军将军","9","1","10"
"军将军齐王","5","5","10"
"镇西大将军","4","6","10"
"平王景素为","5","5","10"
"为车骑大将","4","6","10"
"以宁朔将军","8","2","10"
"泰始三年十","5","5","10"
"初三年九月","5","5","10"
"四年三月癸","5","5","10"
"十二月戊辰","7","3","10"
"年正月乙卯","5","5","10"
"荆州刺史司","5","5","10"
"刺史司马休","5","5","10"
"年五月壬戌","6","4","10"
"十一月辛亥","8","2","10"
"帝太始二年","5","5","10"
"汉宣帝元康","5","5","10"
"帝元康四年","5","5","10"
"汉光武建武","7","3","10"
"十三年二月","5","5","10"
"孝建二年三","5","5","10"
"建二年三月","5","5","10"
"帝升明二年","5","5","10"
"康八年九月","5","5","10"
"成帝咸和六","5","5","10"
"帝咸和六年","5","5","10"
"年十二月庚","5","5","10"
"延光三年七","5","5","10"
"光三年七月","5","5","10"
"吴孙权黄武","5","5","10"
"汉桓帝建和","5","5","10"
"三年正月丙","5","5","10"
"十四年十月","5","5","10"
"四年十月甲","5","5","10"
"康三年四月","5","5","10"
"和五年五月","5","5","10"
"十三年六月","5","5","10"
"安帝元兴三","5","5","10"
"帝元兴三年","5","5","10"
"文帝元嘉五","5","5","10"
"帝元嘉五年","5","5","10"
"五年正月戊","5","5","10"
"顺帝升明元","5","5","10"
"武帝泰始四","5","5","10"
"太康二年六","5","5","10"
"康二年六月","5","5","10"
"怀帝永嘉四","5","5","10"
"帝永嘉四年","5","5","10"
"涛水入石头","10","0","10"
"太元二十年","5","5","10"
"帝元康二年","5","5","10"
"年十月庚午","5","5","10"
"十一月庚戌","7","3","10"
"十二月庚辰","8","2","10"
"废帝景和元","5","5","10"
"帝景和元年","5","5","10"
"兴元年七月","5","5","10"
"安帝元兴二","5","5","10"
"帝元兴二年","5","5","10"
"太康十年十","5","5","10"
"年十二月辛","5","5","10"
"太元十一年","5","5","10"
"成帝咸和四","5","5","10"
"帝咸和四年","5","5","10"
"武帝太康四","6","4","10"
"帝太康四年","6","4","10"
"号征虏将军","4","6","10"
"归德军节度","5","5","10"
"都指挥使高","5","5","10"
"马步军都虞","5","5","10"
"州路都部署","5","5","10"
"武卫上将军","5","5","10"
"侍卫步军司","5","5","10"
"领军卫将军","5","5","10"
"都指挥使王","5","5","10"
"明仁孝皇帝","5","5","10"
"司徒兼侍中","5","5","10"
"雷州司户参","5","5","10"
"百官上尊号","7","3","10"
"宣仁圣烈皇","6","4","10"
"仁圣烈皇后","6","4","10"
"为普安郡王","3","7","10"
"威武军节度","5","5","10"
"路安抚制置","5","5","10"
"为金国通问","5","5","10"
"江东安抚制","4","6","10"
"安庆军节度","5","5","10"
"京西制置使","5","5","10"
"十二月戊寅","8","2","10"
"府路安抚使","5","5","10"
"京西宣抚使","5","5","10"
"玉隆万寿宫","5","5","10"
"右千牛卫将","5","5","10"
"兼签书枢密","5","5","10"
"部侍郎兼中","5","5","10"
"侍郎兼中书","5","5","10"
"督视江淮军","3","7","10"
"兼都督行府","5","5","10"
"都督行府参","5","5","10"
"宝文阁学士","5","5","10"
"制司参议官","5","5","10"
"淮西总领财","5","5","10"
"西总领财赋","5","5","10"
"江东转运判","5","5","10"
"置大使兼知","7","3","10"
"两浙转运司","5","5","10"
"知大宗正事","5","5","10"
"吏部尚书王","5","5","10"
"寿圣太上皇","5","5","10"
"营马步军都","5","5","10"
"加检校太尉","10","0","10"
"判四方馆事","5","5","10"
"成德军节度","4","6","10"
"为忠武军节","5","5","10"
"湖北路转运","5","5","10"
"步军副都军","5","5","10"
"经略安抚招","6","4","10"
"略安抚招讨","6","4","10"
"进龙图阁直","10","0","10"
"为三司户部","7","3","10"
"三司盐铁判","5","5","10"
"司盐铁判官","5","5","10"
"兼权中书舍","6","4","10"
"兼工部尚书","5","5","10"
"礼部尚书兼","4","6","10"
"制置司参议","5","5","10"
"置司参议官","5","5","10"
"四川制置副","5","5","10"
"川制置副使","5","5","10"
"为太中大夫","3","7","10"
"龙骧将军刘","5","5","10"
"州刺史刘怀","5","5","10"
"州刺史檀道","5","5","10"
"刺史檀道济","5","5","10"
"将军赵伦之","5","5","10"
"车驾亲祠南","10","0","10"
"驾亲祠南郊","10","0","10"
"太子詹事刘","5","5","10"
"秋七月戊戌","10","0","10"
"为征北将军","4","6","10"
"领军将军刘","4","6","10"
"夏王义恭为","6","4","10"
"州刺史赵伯","5","5","10"
"刺史赵伯符","5","5","10"
"御史中丞何","6","4","10"
"将军萧思话","5","5","10"
"三十年正月","5","5","10"
"春正月辛亥","10","0","10"
"十一月己卯","7","3","10"
"十六年正月","5","5","10"
"冀州刺史崔","5","5","10"
"州刺史崔道","5","5","10"
"刺史崔道固","5","5","10"
"徒建安王休","6","4","10"
"十二月己未","9","1","10"
"将军蔡兴宗","5","5","10"
"春正月癸亥","10","0","10"
"大明七年正","5","5","10"
"明七年正月","5","5","10"
"万五千二百","5","5","10"
"千二百三十","5","5","10"
"万四千九百","5","5","10"
"三十四万四","5","5","10"
"十四万四千","5","5","10"
"四万四千二","5","5","10"
"百六十一分","5","5","10"
"十四年十二","5","5","10"
"大行皇太后","7","3","10"
"尚书祠部郎","5","5","10"
"明二年正月","4","6","10"
"博士司马兴","6","4","10"
"士司马兴之","6","4","10"
"博士王燮之","5","5","10"
"和元年二月","5","5","10"
"康七年五月","5","5","10"
"安帝义熙九","5","5","10"
"帝义熙九年","5","5","10"
"孝建三年五","5","5","10"
"建三年五月","5","5","10"
"夏王义恭以","10","0","10"
"泰始二年六","5","5","10"
"二年六月丁","5","5","10"
"二十五年四","5","5","10"
"武帝永初二","5","5","10"
"帝永初二年","5","5","10"
"大明六年八","5","5","10"
"明六年八月","5","5","10"
"年五月甲戌","5","5","10"
"三句句四字","10","0","10"
"百六十五度","5","5","10"
"除旧布新之","6","4","10"
"二年五月丁","5","5","10"
"太白犯轩辕","10","0","10"
"孙权赤乌十","5","5","10"
"十二年二月","5","5","10"
"太元十八年","5","5","10"
"平元年正月","5","5","10"
"年六月壬寅","5","5","10"
"泰始二年七","5","5","10"
"始二年七月","5","5","10"
"二十五年五","5","5","10"
"二十五年八","5","5","10"
"武帝孝建二","5","5","10"
"帝孝建二年","5","5","10"
"兴王浚以闻","10","0","10"
"元年五月戊","5","5","10"
"年五月癸酉","5","5","10"
"园丞梅道念","6","4","10"
"十六年五月","5","5","10"
"十一月乙酉","9","1","10"
"园丞陈袭祖","6","4","10"
"四年七月乙","5","5","10"
"十二年九月","5","5","10"
"吴孙亮五凤","5","5","10"
"南台侍御史","5","5","10"
"康九年六月","5","5","10"
"十一月甲子","7","3","10"
"十一月丁酉","9","1","10"
"二郡诸军事","5","5","10"
"临海王刘子","1","9","10"
"昭义军节度","5","5","10"
"节度使李继","5","5","10"
"枢密副使赵","5","5","10"
"院使兼枢密","5","5","10"
"使兼枢密副","5","5","10"
"昭宪皇太后","5","5","10"
"为建宁军节","4","6","10"
"兴军节度使","5","5","10"
"司勋员外郎","5","5","10"
"加同平章事","9","1","10"
"大行皇帝谥","9","1","10"
"右卫上将军","5","5","10"
"监察御史张","5","5","10"
"翰林学士李","5","5","10"
"妃李氏为皇","5","5","10"
"军行军司马","5","5","10"
"提点刑狱官","5","5","10"
"本州团练使","5","5","10"
"冬十月甲戌","10","0","10"
"秋七月乙丑","10","0","10"
"大宴含光殿","6","4","10"
"以兵部尚书","8","2","10"
"试贤良方正","4","6","10"
"昊天上帝于","10","0","10"
"国大长公主","5","5","10"
"秋七月辛丑","10","0","10"
"为太子太保","3","7","10"
"兼吏部尚书","5","5","10"
"部侍郎兼太","5","5","10"
"兼太子少傅","5","5","10"
"处分军国事","8","2","10"
"天章阁侍讲","5","5","10"
"尚书屯田员","5","5","10"
"书屯田员外","5","5","10"
"天地于明堂","10","0","10"
"等来贺正旦","10","0","10"
"并同中书门","9","1","10"
"减囚罪一等","10","0","10"
"吏部尚书李","5","5","10"
"试中书舍人","7","3","10"
"翰林学士范","5","5","10"
"显谟阁学士","6","4","10"
"广西经略使","4","6","10"
"赐上舍生十","5","5","10"
"大军节度使","5","5","10"
"为庆远军节","3","7","10"
"路提举常平","5","5","10"
"陕西制置使","5","5","10"
"右金吾卫上","5","5","10"
"枢密院事李","5","5","10"
"宣抚司统制","5","5","10"
"贵州团练使","5","5","10"
"以刘光世为","9","1","10"
"南雄州安置","5","5","10"
"都指挥使郭","5","5","10"
"军前通问使","5","5","10"
"检正诸房公","5","5","10"
"正诸房公事","5","5","10"
"为龙图阁待","2","8","10"
"江东安抚大","5","5","10"
"合祭天地于","9","1","10"
"州杂犯死罪","5","5","10"
"两浙转运副","5","5","10"
"浙转运副使","5","5","10"
"淮西安抚使","4","6","10"
"督府参议军","5","5","10"
"府参议军事","5","5","10"
"陕宣抚副使","5","5","10"
"南安军安置","5","5","10"
"府路转运判","5","5","10"
"忠州团练使","5","5","10"
"中书舍人王","5","5","10"
"督府参赞军","5","5","10"
"兼枢密使兼","5","5","10"
"阁待制兼侍","5","5","10"
"东提举常平","5","5","10"
"监察御史陈","5","5","10"
"制置使董居","5","5","10"
"置使董居谊","5","5","10"
"为大理少卿","3","7","10"
"为太府少卿","4","6","10"
"兼福建安抚","5","5","10"
"为华文阁待","2","8","10"
"兼沿江制置","5","5","10"
"华文阁直学","5","5","10"
"行遥郡刺史","5","5","10"
"进士第一名","1","9","10"
"侍立修注官","5","5","10"
"殿大学士判","7","3","10"
"提举兴国宫","5","5","10"
"郎兼中书舍","5","5","10"
"嘉州防御使","5","5","10"
"州马步军都","5","5","10"
"营前军都部","5","5","10"
"正月十三日","1","9","10"
"迁户部侍郎","10","0","10"
"北转运副使","5","5","10"
"宰相吕夷简","5","5","10"
"知太常礼院","5","5","10"
"为开封府判","7","3","10"
"判三司开拆","5","5","10"
"利州路转运","4","6","10"
"兼实录院检","5","5","10"
"绍兴二十年","3","7","10"
"舍人兼侍讲","5","5","10"
"著作佐郎兼","6","4","10"
"十二月十二","1","9","10"
"派有关官员","0","10","10"
"有关官员代","0","10","10"
"成年而死者","0","10","10"
"将有战争及","0","10","10"
"带来的灾祸","0","10","10"
"采纳他的意","0","10","10"
"纳他的意见","0","10","10"
"赵王司马伦","0","10","10"
"一个接一个","0","10","10"
"拖欠的钱物","0","10","10"
"太阳周围有","0","10","10"
"是国家的福","0","10","10"
"上奏给朝廷","0","10","10"
"管理宫观的","0","10","10"
"人认为这是","0","10","10"
"命左卫将军","0","10","10"
"任护军将军","0","10","10"
"江水涌入石","0","10","10"
"涌入石头城","0","10","10"
"楚王赵元佐","0","10","10"
"任命张浚为","0","10","10"
"属于天市垣","0","10","10"
"平兴国初年","0","10","10"
"任命赵普为","0","10","10"
"任秘书省著","0","10","10"
"他被加官为","0","10","10"
"他的儿子刘","0","10","10"
"任尚书右仆","0","10","10"
"六月十一日","0","10","10"
"遣使者来进","0","10","10"
"丽国派使者","0","10","10"
"不接受任命","0","10","10"
"三月十六日","0","10","10"
"六月十五日","0","10","10"
"十一月十四","0","10","10"
"一月十四日","0","10","10"
"和他的儿子","0","10","10"
"守丧三年的","0","10","10"
"以下的官员","0","10","10"
"祭祀的礼仪","0","10","10"
"认为不可以","0","10","10"
"五种颜色的","0","10","10"
"三句每句四","0","10","10"
"出现于东方","0","10","10"
"火星入太微","0","10","10"
"金星犯轩辕","0","10","10"
"有战争及丧","0","10","10"
"战争及丧乱","0","10","10"
"占辞与前面","0","10","10"
"星犯右执法","0","10","10"
"出现在东方","0","10","10"
"把女儿嫁给","0","10","10"
"龙二次出现","0","10","10"
"了一个多月","0","10","10"
"的部分地区","0","10","10"
"晋安帝时设","0","10","10"
"他的两个儿","0","10","10"
"将他们全部","0","10","10"
"年六十四岁","0","10","10"
"刘邵杀文帝","0","10","10"
"年五十七岁","0","10","10"
"上殿处理政","0","10","10"
"十一月初七","0","10","10"
"死罪囚犯罪","0","10","10"
"十一月十七","0","10","10"
"一月十七日","0","10","10"
"下诏转运使","0","10","10"
"九月十三日","0","10","10"
"赵元翱宫探","0","10","10"
"元翱宫探病","0","10","10"
"惑星侵犯太","0","10","10"
"诏令从今以","0","10","10"
"令从今以后","0","10","10"
"真宗遗像于","0","10","10"
"大庆殿接受","0","10","10"
"皇太后溢号","0","10","10"
"祭祀昊天上","0","10","10"
"下诏大理寺","0","10","10"
"日朝见皇帝","0","10","10"
"任命韩世忠","0","10","10"
"刘光世派遣","0","10","10"
"临安府发生","0","10","10"
"请求解除职","0","10","10"
"求解除职务","0","10","10"
"流星白天陨","0","10","10"
"免除临安府","0","10","10"
"处理关押囚","0","10","10"
"理关押囚犯","0","10","10"
"理在押囚犯","0","10","10"
"下诏史篙之","0","10","10"
"晋书;天文","0","10","10"
"有土木工程","0","10","10"
"王公大人有","0","10","10"
"是水土工程","0","10","10"
"有水土工程","0","10","10"
"黄潜善等人","0","10","10"
"皇上任命他","0","10","10"
"因战功升任","0","10","10"
"任刑部侍郎","0","10","10"
"任户部尚书","0","10","10"
"升任给事中","0","10","10"
"任殿中侍御","0","10","10"
"任陈州知州","0","10","10"
"任知枢密院","0","10","10"
"待制的身份","0","10","10"
"当时的宰相","0","10","10"
"阁直学士的","0","10","10"
"我希望陛下","0","10","10"
