"N-gram","宋史原文","宋史翻译","Total"
"签书枢密院事","202","204","406"
"开府仪同三司","191","192","383"
"同知枢密院事","189","189","378"
"中书门下平章","116","116","232"
"书门下平章事","116","116","232"
"同中书门下平","114","114","228"
"观文殿大学士","110","111","221"
"资政殿大学士","61","63","124"
"年春正月初一","0","124","124"
"为开府仪同三","37","71","108"
"为尚书右仆射","46","58","104"
"为同知枢密院","0","104","104"
"为签书枢密院","2","96","98"
"太白星白天出","0","93","93"
"白星白天出现","0","93","93"
"同签书枢密院","46","44","90"
"龙图阁直学士","44","43","87"
"员外散骑侍郎","44","41","85"
"为观文殿大学","27","57","84"
"为端明殿学士","19","62","81"
"集贤殿大学士","39","39","78"
"昭文馆大学士","38","39","77"
"为尚书左仆射","34","42","76"
"知枢密院事兼","38","38","76"
"为资政殿学士","22","53","75"
"为知枢密院事","2","73","75"
"金紫光禄大夫","35","34","69"
"记录囚犯罪状","0","66","66"
"丞相兼枢密使","50","15","65"
"门下平章事兼","30","30","60"
"来贺明年正旦","60","0","60"
"来祝贺明年新","0","60","60"
"祝贺明年新春","0","60","60"
"祝贺金主生日","0","60","60"
"元嘉二十五年","29","30","59"
"晋武帝太康元","29","29","58"
"武帝太康元年","29","29","58"
"使者来进献特","0","56","56"
"者来进献特产","0","56","56"
"元嘉二十四年","26","28","54"
"兼权参知政事","50","4","54"
"泉观使兼侍读","27","27","54"
"元嘉二十二年","25","28","53"
"仆射兼中书侍","26","26","52"
"射兼中书侍郎","26","26","52"
"兼同知枢密院","28","22","50"
"以资政殿学士","34","16","50"
"派使者来进献","0","50","50"
"南秦二州刺史","26","23","49"
"元嘉二十三年","24","25","49"
"右仆射兼中书","24","24","48"
"翰林学士承旨","24","24","48"
"提举江州太平","24","24","48"
"书枢密院事兼","24","24","48"
"保宁军节度使","24","24","48"
"晋孝武帝太元","21","26","47"
"礼部奏名进士","23","24","47"
"江夏王刘义恭","0","47","47"
"代理参知政事","0","47","47"
"元年春正月初","0","47","47"
"讯问记录囚犯","0","47","47"
"问记录囚犯罪","0","47","47"
"尚书右仆射兼","23","23","46"
"等来贺明年正","46","0","46"
"流星大如太白","24","22","46"
"派遣使臣来进","0","46","46"
"遣使臣来进贡","0","46","46"
"赐礼部奏名进","23","22","45"
"有流星大如太","23","21","44"
"文帝元嘉二十","21","22","43"
"元嘉二十六年","20","23","43"
"为资政殿大学","17","26","43"
"右丞相兼枢密","34","9","43"
"出使金国祝贺","0","43","43"
"书右仆射兼中","21","21","42"
"下平章事兼枢","21","21","42"
"平章事兼枢密","21","21","42"
"章事兼枢密使","21","21","42"
"殿前都指挥使","20","21","41"
"兼知枢密院事","20","21","41"
"枢密院事兼参","21","20","41"
"密院事兼参知","21","20","41"
"院事兼参知政","21","20","41"
"事兼参知政事","21","20","41"
"兼代理参知政","0","41","41"
"国遣使献方物","40","0","40"
"四川安抚制置","21","18","39"
"四厢都指挥使","20","19","39"
"为观文殿学士","13","26","39"
"国派遣使臣来","0","39","39"
"奉国军节度使","19","19","38"
"宋文帝元嘉二","19","18","37"
"州刺史始兴王","20","17","37"
"醴泉观使兼侍","27","10","37"
"州刺史武陵王","20","17","37"
"它的分野地区","0","37","37"
"明帝泰始二年","19","17","36"
"晋武帝太康二","19","17","36"
"武帝太康二年","19","17","36"
"祀天地于圜丘","36","0","36"
"国派使者来进","0","36","36"
"元嘉二十七年","15","20","35"
"主事官员上奏","0","35","35"
"承相兼枢密使","0","35","35"
"厌恶这种情况","0","35","35"
"州刺史南谯王","19","15","34"
"为右谏议大夫","13","21","34"
"仆射兼门下侍","17","17","34"
"射兼门下侍郎","17","17","34"
"枢密院事兼权","30","4","34"
"密院事兼权参","30","4","34"
"院事兼权参知","30","4","34"
"事兼权参知政","30","4","34"
"川安抚制置使","18","16","34"
"事官员上奏说","0","34","34"
"为南豫州刺史","17","16","33"
"忠武军节度使","15","18","33"
"保康军节度使","17","16","33"
"三年春正月初","0","33","33"
"晋孝怀帝永嘉","16","16","32"
"孝武帝大明元","15","17","32"
"武帝大明元年","15","17","32"
"银青光禄大夫","16","16","32"
"提举太平兴国","16","16","32"
"举太平兴国宫","16","16","32"
"枢密院编修官","16","16","32"
"为同中书门下","1","31","32"
"二年春正月初","0","32","32"
"四年春正月初","0","32","32"
"孝武帝太元十","14","17","31"
"马军都指挥使","15","16","31"
"尚书左仆射兼","15","16","31"
"元嘉二十九年","14","17","31"
"山南东道节度","15","15","30"
"为殿中侍御史","10","20","30"
"秘书省校书郎","15","15","30"
"徒刑以下释放","0","30","30"
"等来祝贺明年","0","30","30"
"左仆射兼门下","15","14","29"
"安抚制置大使","13","16","29"
"参知政事兼同","15","14","29"
"知政事兼同知","15","14","29"
"政事兼同知枢","15","14","29"
"事兼同知枢密","15","14","29"
"元嘉二十一年","14","15","29"
"为崇信军节度","11","18","29"
"等贺金主生辰","29","0","29"
"杖刑以下囚犯","0","29","29"
"沿江制置副使","14","14","28"
"国史院编修官","14","14","28"
"始元年十二月","14","14","28"
"等使金贺正旦","28","0","28"
"命令有关部门","0","28","28"
"刺史始兴王浚","23","4","27"
"保静军节度使","13","14","27"
"兼崇政殿说书","15","12","27"
"按汉永元铜仪","26","1","27"
"二十八宿之外","13","14","27"
"军节度观察留","14","13","27"
"节度观察留后","14","13","27"
"为秘书省正字","12","15","27"
"泰始元年十二","14","13","27"
"以端明殿学士","17","10","27"
"枢密院事兼代","0","27","27"
"扬州刺史始兴","13","13","26"
"河阳三城节度","13","13","26"
"书左仆射兼门","13","13","26"
"以观文殿大学","16","10","26"
"罢为观文殿大","14","12","26"
"皇后为皇太后","6","20","26"
"在二十八宿之","12","14","26"
"徽猷阁直学士","16","10","26"
"密院事兼代理","0","26","26"
"院事兼代理参","0","26","26"
"事兼代理参知","0","26","26"
"讯察囚犯罪状","0","26","26"
"等祝贺金主生","0","26","26"
"刺史南谯王义","19","6","25"
"史南谯王义宣","19","6","25"
"州刺史桂阳王","14","11","25"
"显谟阁直学士","15","10","25"
"崇信军节度使","11","14","25"
"太平兴国四年","9","16","25"
"宋文帝元嘉十","12","13","25"
"信军节度副使","13","12","25"
"卫四厢都指挥","13","12","25"
"在闹市被斩首","0","25","25"
"闹市被斩首示","0","25","25"
"市被斩首示众","0","25","25"
"囚犯减罪一等","0","25","25"
"刺史桂阳王休","14","10","24"
"史桂阳王休范","14","10","24"
"侍卫马军都指","12","12","24"
"卫马军都指挥","12","12","24"
"为昭文馆大学","11","13","24"
"为参知政事兼","6","18","24"
"举江州太平兴","12","12","24"
"江州太平兴国","12","12","24"
"州太平兴国宫","12","12","24"
"武宁军节度使","10","14","24"
"举江州太平观","12","12","24"
"提举万寿观兼","13","11","24"
"彭城王刘义康","0","24","24"
"右承相兼枢密","0","24","24"
"事兼知枢密院","12","11","23"
"左丞相兼枢密","17","6","23"
"宁武军节度使","12","11","23"
"以观文殿学士","15","8","23"
"尚书工部侍郎","12","11","23"
"武胜军节度使","11","12","23"
"千牛卫大将军","11","12","23"
"翰林侍读学士","12","11","23"
"汉朝永元铜仪","0","23","23"
"在圆丘祭祀天","0","23","23"
"圆丘祭祀天地","0","23","23"
"派遣使臣安抚","0","23","23"
"囚犯罪刑一等","0","23","23"
"军副都指挥使","11","11","22"
"步军都指挥使","11","11","22"
"阳三城节度使","11","11","22"
"化军节度副使","11","11","22"
"为四川宣抚使","11","11","22"
"京湖安抚制置","11","11","22"
"安抚制置使兼","12","10","22"
"南东道节度使","10","12","22"
"秘书省著作佐","11","11","22"
"书省著作佐郎","11","11","22"
"兼国史院编修","12","10","22"
"为南兗州刺史","22","0","22"
"马步军副总管","11","11","22"
"昭庆军节度使","11","11","22"
"阁门宣赞舍人","16","6","22"
"举万寿观兼侍","12","10","22"
"万寿观兼侍读","11","11","22"
"敷文阁直学士","11","11","22"
"等来贺会庆节","22","0","22"
"金星白天出现","0","22","22"
"采纳了他的意","0","22","22"
"纳了他的意见","0","22","22"
"按汉朝永元铜","0","22","22"
"推举可以担任","0","22","22"
"太白星白天显","0","22","22"
"白星白天显现","0","22","22"
"来祝贺会庆节","0","22","22"
"星大如太白星","0","22","22"
"景佑观测验证","0","22","22"
"武帝咸宁元年","10","11","21"
"太平兴国五年","7","14","21"
"实录院检讨官","10","11","21"
"太宰江夏王义","13","8","21"
"宰江夏王义恭","13","8","21"
"崇信军节度副","11","10","21"
"神卫四厢都指","12","9","21"
"为四川制置使","12","9","21"
"任命翰林学士","0","21","21"
"为同签书枢密","0","21","21"
"五年春正月初","0","21","21"
"参加进士考试","0","21","21"
"契丹派遣使臣","0","21","21"
"派遣使臣来祝","0","21","21"
"遣使臣来祝贺","0","21","21"
"使金国祝贺新","0","21","21"
"金国祝贺新春","0","21","21"
"州刺史萧思话","10","10","20"
"元嘉二十八年","8","12","20"
"孝武帝孝建元","10","10","20"
"武帝孝建元年","10","10","20"
"后废帝元徽元","10","10","20"
"废帝元徽元年","10","10","20"
"诸科及第出身","14","6","20"
"太宰兼门下侍","10","10","20"
"宰兼门下侍郎","10","10","20"
"右监门卫大将","10","10","20"
"监门卫大将军","10","10","20"
"御前诸军都统","13","7","20"
"前诸军都统制","13","7","20"
"太平兴国三年","8","12","20"
"太平兴国八年","4","16","20"
"州刺史刘道隆","11","9","20"
"武帝泰始元年","10","10","20"
"文帝元嘉八年","10","10","20"
"为徽猷阁待制","9","11","20"
"宝谟阁直学士","11","9","20"
"考查占书可知","0","20","20"
"建安王刘休仁","0","20","20"
"有关部门上奏","0","20","20"
"使金国祝贺正","0","20","20"
"金国祝贺正旦","0","20","20"
"等来祝贺会庆","0","20","20"
"荆州刺史南谯","11","8","19"
"州刺史沈攸之","10","9","19"
"晋武帝咸宁元","9","10","19"
"殿前副都指挥","10","9","19"
"前副都指挥使","10","9","19"
"州刺史庐陵王","11","8","19"
"汉章帝元和中","19","0","19"
"单州团练副使","9","10","19"
"提举临安府洞","10","9","19"
"举临安府洞霄","10","9","19"
"临安府洞霄宫","10","9","19"
"上朝处理政事","0","19","19"
"有彗星出现于","0","19","19"
"为南兖州刺史","0","19","19"
"年春正月二十","0","19","19"
"距京都水路有","0","19","19"
"流刑以下释放","0","19","19"
"州刺史王玄谟","9","9","18"
"愍帝建武元年","9","9","18"
"成帝咸康元年","9","9","18"
"武帝永初元年","9","9","18"
"后废帝元徽三","9","9","18"
"废帝元徽三年","9","9","18"
"惠帝永宁元年","9","9","18"
"元帝太兴元年","9","9","18"
"金吾卫上将军","9","9","18"
"宁国军节度使","9","9","18"
"为四川安抚制","9","9","18"
"保康军承宣使","10","8","18"
"枢密副都承旨","9","9","18"
"判吏部流内铨","10","8","18"
"侍御史知杂事","9","9","18"
"实录院同修撰","9","9","18"
"宁远军节度使","9","9","18"
"员外散骑常侍","8","10","18"
"为左光禄大夫","8","10","18"
"州刺史临川王","9","9","18"
"大将军彭城王","10","8","18"
"州刺史山阳王","9","9","18"
"刺史巴陵王休","10","8","18"
"史巴陵王休若","10","8","18"
"州刺史巴陵王","9","9","18"
"给事黄门侍郎","9","9","18"
"晋武帝泰始元","9","9","18"
"刺史武陵王骏","8","10","18"
"定国军节度使","9","9","18"
"以资政殿大学","12","6","18"
"制置三司条例","7","11","18"
"路经略安抚使","8","10","18"
"武泰军节度使","9","9","18"
"下平章事兼知","9","9","18"
"平章事兼知枢","9","9","18"
"章事兼知枢密","9","9","18"
"进贡当地土产","0","18","18"
"任命吏部尚书","0","18","18"
"关部门上奏说","0","18","18"
"捕获献上朝廷","0","18","18"
"太阳中出现黑","0","18","18"
"阳中出现黑子","0","18","18"
"金国派遣使臣","0","18","18"
"金国派遣完颜","0","18","18"
"州刺史彭城王","11","6","17"
"刺史彭城王义","12","5","17"
"史彭城王义康","12","5","17"
"泰始二年正月","7","10","17"
"晋愍帝建武元","9","8","17"
"晋惠帝永康元","9","8","17"
"惠帝永康元年","9","8","17"
"宋孝武帝大明","6","11","17"
"右厢都指挥使","8","9","17"
"主管机宜文字","9","8","17"
"为右丞相兼枢","13","4","17"
"权知枢密院事","13","4","17"
"资政殿学士知","11","6","17"
"为福州观察使","5","12","17"
"以右谏议大夫","12","5","17"
"州刺史长沙王","9","8","17"
"州刺史竟陵王","9","8","17"
"太元二十一年","9","8","17"
"武帝太康三年","9","8","17"
"纠察在京刑狱","11","6","17"
"绍兴三十一年","3","14","17"
"等来贺天申节","17","0","17"
"除端明殿学士","15","2","17"
"为右承相兼枢","0","17","17"
"杖刑以下释放","0","17","17"
"任命资政殿学","0","17","17"
"命资政殿学士","0","17","17"
"醛泉观使兼侍","0","17","17"
"来祝贺天申节","0","17","17"
"建安王休仁为","8","8","16"
"将军巴陵王休","8","8","16"
"军巴陵王休若","8","8","16"
"州刺史建平王","8","8","16"
"魏明帝景初元","9","7","16"
"明帝景初元年","9","7","16"
"晋惠帝永兴元","8","8","16"
"惠帝永兴元年","8","8","16"
"宋武帝永初元","8","8","16"
"晋海西公太和","6","10","16"
"晋惠帝永宁元","8","8","16"
"晋明帝太宁元","8","8","16"
"明帝太宁元年","8","8","16"
"大明元年五月","8","8","16"
"晋惠帝元康元","8","8","16"
"惠帝元康元年","8","8","16"
"怀帝永嘉元年","8","8","16"
"前废帝永光元","8","8","16"
"废帝永光元年","8","8","16"
"侍卫步军都指","8","8","16"
"卫步军都指挥","8","8","16"
"中书门下省检","8","8","16"
"书门下省检正","8","8","16"
"事兼太子宾客","8","8","16"
"侍卫马军都虞","8","8","16"
"卫马军都虞候","8","8","16"
"知通进银台司","6","10","16"
"玉清昭应宫使","8","8","16"
"平章军国重事","8","8","16"
"军将军柳元景","8","8","16"
"州刺史薛安都","8","8","16"
"刺史山阳王休","9","7","16"
"晋武帝太康三","8","8","16"
"明帝泰豫元年","8","8","16"
"二十四年七月","8","8","16"
"为宣徽南院使","5","11","16"
"为保宁军节度","5","11","16"
"为左谏议大夫","3","13","16"
"贤良方正能直","8","8","16"
"良方正能直言","8","8","16"
"方正能直言极","8","8","16"
"正能直言极谏","8","8","16"
"部奏名进士及","8","8","16"
"奏名进士及第","8","8","16"
"为武泰军节度","6","10","16"
"奉宁军节度使","8","8","16"
"浙西提点刑狱","8","8","16"
"以集英殿修撰","9","7","16"
"三司户部判官","8","8","16"
"陕西都转运使","8","8","16"
"任右谏议大夫","0","16","16"
"汉章帝元和年","0","16","16"
"玉津园设宴射","0","16","16"
"津园设宴射箭","0","16","16"
"任命御史中承","0","16","16"
"举荐可以担任","0","16","16"
"可以担任将帅","0","16","16"
"等人来祝贺明","0","16","16"
"人来祝贺明年","0","16","16"
"等人来祝贺天","0","16","16"
"人来祝贺天申","0","16","16"
"出使金朝祝贺","0","16","16"
"秦河二州刺史","8","7","15"
"孝武帝大明七","7","8","15"
"武帝大明七年","7","8","15"
"晋武帝咸宁二","8","7","15"
"武帝咸宁二年","8","7","15"
"中书通事舍人","8","7","15"
"太平兴国二年","7","8","15"
"豫州刺史长沙","8","7","15"
"太尉江夏王义","11","4","15"
"尉江夏王义恭","11","4","15"
"二月二十一日","2","13","15"
"帝泰始元年十","8","7","15"
"州刺史沈文秀","8","7","15"
"史始兴王浚以","15","0","15"
"嘉二十四年七","8","7","15"
"定难军节度使","7","8","15"
"幸玉津园宴射","15","0","15"
"为武胜军节度","6","9","15"
"杂犯死罪以下","8","7","15"
"大中祥符三年","5","10","15"
"龙神卫四厢都","9","6","15"
"远军节度副使","8","7","15"
"主管台州崇道","8","7","15"
"管台州崇道观","8","7","15"
"赠开府仪同三","10","5","15"
"为枢密直学士","4","11","15"
"刺史始兴王刘","0","15","15"
"六年春正月初","0","15","15"
"没有得到答复","0","15","15"
"到集英殿策试","0","15","15"
"赤色云气进入","0","15","15"
"它分野地区的","0","15","15"
"白色云气进入","0","15","15"
"荧惑星占据此","0","15","15"
"州刺史江夏王","8","6","14"
"州刺史广陵王","7","7","14"
"之为尚书右仆","6","8","14"
"州刺史王景文","7","7","14"
"为骠骑大将军","5","9","14"
"巴陵王休若为","6","8","14"
"州刺史晋熙王","7","7","14"
"晋成帝咸康元","7","7","14"
"安帝延光三年","7","7","14"
"州刺史南平王","8","6","14"
"孝武帝大明五","5","9","14"
"武帝大明五年","5","9","14"
"孝怀帝永嘉元","7","7","14"
"镇安军节度使","7","7","14"
"天平军节度使","7","7","14"
"少宰兼中书侍","7","7","14"
"宰兼中书侍郎","7","7","14"
"昭化军节度副","7","7","14"
"昭化军节度使","7","7","14"
"拜尚书右仆射","12","2","14"
"主管侍卫马军","7","7","14"
"中书舍人兼侍","7","7","14"
"于华林园听讼","14","0","14"
"十二年春正月","7","7","14"
"州刺史临海王","7","7","14"
"徐州刺史薛安","7","7","14"
"雍州刺史张敬","7","7","14"
"安帝元兴元年","7","7","14"
"孝武帝孝建三","7","7","14"
"武帝孝建三年","7","7","14"
"文帝元嘉十三","7","7","14"
"帝元嘉十三年","7","7","14"
"元帝太兴三年","8","6","14"
"二月二十四日","3","11","14"
"二十四年二月","7","7","14"
"孙皓宝鼎元年","7","7","14"
"州治中从事史","7","7","14"
"抚军中兵参军","7","7","14"
"监察御史里行","7","7","14"
"马步军都总管","7","7","14"
"路马步军副总","7","7","14"
"安德军节度使","7","7","14"
"庆远军节度使","7","7","14"
"总领四川财赋","7","7","14"
"宝文阁直学士","7","7","14"
"以龙图阁学士","8","6","14"
"翰林学士兼侍","7","7","14"
"置三司条例司","4","10","14"
"没有得到回答","0","14","14"
"任同知枢密院","0","14","14"
"有关官员上奏","0","14","14"
"皇帝下诏令说","0","14","14"
"章帝元和年间","0","14","14"
"晋安王刘子勋","0","14","14"
"到玉津园设宴","0","14","14"
"任命刘光世为","0","14","14"
"朝廷任命他为","0","14","14"
"惑星占据此星","0","14","14"
"南谯王义宣为","7","6","13"
"桂阳王休范为","8","5","13"
"刺史晋熙王燮","7","6","13"
"晋武帝太康五","6","7","13"
"武帝太康五年","6","7","13"
"晋孝武帝宁康","7","6","13"
"四年十一月辛","7","6","13"
"武信军节度使","6","7","13"
"为清远军节度","4","9","13"
"年春正月辛未","13","0","13"
"兼权知枢密院","10","3","13"
"为枢密都承旨","5","8","13"
"马军副都指挥","7","6","13"
"迁右谏议大夫","11","2","13"
"徐兗二州刺史","13","0","13"
"太子即皇帝位","7","6","13"
"王遣使献方物","13","0","13"
"将军彭城王义","10","3","13"
"军彭城王义康","10","3","13"
"州刺史建安王","7","6","13"
"汉献帝延康元","7","6","13"
"献帝延康元年","7","6","13"
"青州刺史沈文","8","5","13"
"为金紫光禄大","2","11","13"
"太平兴国六年","3","10","13"
"二年春正月癸","13","0","13"
"镇西军节度使","6","7","13"
"合祀天地于圜","13","0","13"
"果州团练副使","6","7","13"
"安抚司干办公","7","6","13"
"抚司干办公事","7","6","13"
"绍兴三十二年","3","10","13"
"拜同中书门下","12","1","13"
"陕西转运副使","7","6","13"
"为右文殿修撰","1","12","13"
"将军中兵参军","6","7","13"
"为龙图阁直学","1","12","13"
"天象预示将有","0","13","13"
"预示将有战争","0","13","13"
"月亮进人氏宿","0","13","13"
"赐给五时朝服","0","13","13"
"史始兴王刘浚","0","13","13"
"唐朝开元游仪","0","13","13"
"年春正月初六","0","13","13"
"南谯王刘义宣","0","13","13"
"河水溢出河道","0","13","13"
"释放杖刑以下","0","13","13"
"在圆丘合祭天","0","13","13"
"圆丘合祭天地","0","13","13"
"等出使金国祝","0","13","13"
"光宗朝拜重华","0","13","13"
"宗朝拜重华宫","0","13","13"
"王者厌恶这种","0","13","13"
"者厌恶这种情","0","13","13"
"星侵犯并占据","0","13","13"
"那么战争发生","0","13","13"
"任端明殿学士","0","13","13"
"被推举参加进","0","13","13"
"推举参加进士","0","13","13"
"举参加进士考","0","13","13"
"敕令所删定官","6","6","12"
"州刺史王仲德","6","6","12"
"为南徐州刺史","7","5","12"
"护军将军褚渊","6","6","12"
"晋穆帝永和元","6","6","12"
"穆帝永和元年","6","6","12"
"星犯轩辕大星","3","9","12"
"汉安帝延光三","6","6","12"
"刺史南平王铄","8","4","12"
"孝武帝大明三","6","6","12"
"武帝大明三年","6","6","12"
"安帝义熙元年","6","6","12"
"后废帝元徽二","7","5","12"
"废帝元徽二年","7","5","12"
"晋愍帝建兴二","6","6","12"
"愍帝建兴二年","6","6","12"
"文帝元嘉十二","6","6","12"
"帝元嘉十二年","6","6","12"
"孝武大明元年","7","5","12"
"侍卫亲军马军","6","6","12"
"为大内都部署","6","6","12"
"为宣徽北院使","7","5","12"
"为昭化军节度","2","10","12"
"主管殿前司公","6","6","12"
"管殿前司公事","6","6","12"
"四川制置大使","6","6","12"
"宁远军承宣使","6","6","12"
"湖北安抚副使","6","6","12"
"安抚制置副使","6","6","12"
"枢密院事兼太","6","6","12"
"密院事兼太子","6","6","12"
"院事兼太子宾","6","6","12"
"主管江西安抚","6","6","12"
"管江西安抚司","6","6","12"
"抚制置使兼知","11","1","12"
"太平兴国七年","3","9","12"
"拜右谏议大夫","9","3","12"
"三司度支判官","6","6","12"
"秘书省著作郎","6","6","12"
"尚书右仆射刘","6","6","12"
"之为交州刺史","6","6","12"
"为征西大将军","3","9","12"
"刺史长沙王义","9","3","12"
"十一年春正月","6","6","12"
"十三年春正月","6","6","12"
"十四年春正月","6","6","12"
"十六年春正月","6","6","12"
"临川王义庆以","11","1","12"
"刺史临川王义","10","2","12"
"史临川王义庆","10","2","12"
"年春正月甲戌","12","0","12"
"十五年春正月","6","6","12"
"刺史竟陵王诞","9","3","12"
"尚书令何尚之","6","6","12"
"刺史临海王子","8","4","12"
"史临海王子顼","8","4","12"
"豫州刺史山阳","6","6","12"
"四千二百六十","6","6","12"
"十三年十二月","6","6","12"
"十一月十一日","1","11","12"
"太常丞庾蔚之","7","5","12"
"明帝太宁三年","6","6","12"
"晋元帝太兴三","7","5","12"
"章帝元和二年","6","6","12"
"晋惠帝光熙元","6","6","12"
"惠帝光熙元年","6","6","12"
"晋元帝太兴元","6","6","12"
"晋安帝元兴元","6","6","12"
"少帝景平元年","6","6","12"
"南谯王义宣以","12","0","12"
"荆州刺史临海","6","6","12"
"吴孙皓宝鼎元","6","6","12"
"晋元帝太兴四","6","6","12"
"元帝太兴四年","6","6","12"
"新蔡二郡太守","6","6","12"
"右千牛卫大将","6","6","12"
"大中祥符元年","7","5","12"
"为武宁军节度","6","6","12"
"天下兵马大元","6","6","12"
"下兵马大元帅","6","6","12"
"建雄军节度使","6","6","12"
"静海军节度使","4","8","12"
"西京作坊副使","6","6","12"
"为银青光禄大","3","9","12"
"尊皇后为皇太","3","9","12"
"天下囚罪一等","12","0","12"
"慈圣光献皇后","5","7","12"
"保信军节度使","6","6","12"
"太后垂帘听政","2","10","12"
"湖南转运判官","6","6","12"
"湖安抚制置使","6","6","12"
"林学士兼侍读","6","6","12"
"绍兴二十四年","3","9","12"
"为集英殿修撰","2","10","12"
"将有军事行动","0","12","12"
"守丧未满三年","0","12","12"
"衡阳王刘义季","0","12","12"
"下诏礼部贡举","0","12","12"
"年春正月初七","0","12","12"
"二年春正月十","0","12","12"
"冬十月十一日","0","12","12"
"年春正月初十","0","12","12"
"年春正月初八","0","12","12"
"度又十二分之","0","12","12"
"临川王刘义庆","0","12","12"
"长沙王刘义欣","0","12","12"
"树木被连根拔","0","12","12"
"木被连根拔起","0","12","12"
"年春正月初五","0","12","12"
"不上朝处理政","0","12","12"
"于是到玉津园","0","12","12"
"打败江南军队","0","12","12"
"丹派遣使臣来","0","12","12"
"讯察记录囚犯","0","12","12"
"年春正月十一","0","12","12"
"春正月十一日","0","12","12"
"星侵犯南斗星","0","12","12"
"因特殊情况赦","0","12","12"
"特殊情况赦免","0","12","12"
"等出使金朝祝","0","12","12"
"终年六十八岁","0","12","12"
"放杖刑以下囚","0","12","12"
"青冀二州刺史","5","6","11"
"西秦河二州刺","6","5","11"
"江州刺史桂阳","6","5","11"
"刺史建平王景","6","5","11"
"史建平王景素","6","5","11"
"文帝黄初三年","7","4","11"
"十五年十一月","5","6","11"
"晋元帝永昌二","5","6","11"
"元帝永昌二年","5","6","11"
"晋安帝义熙元","5","6","11"
"泰宁军节度使","5","6","11"
"签署枢密院事","6","5","11"
"郎兼直学士院","5","6","11"
"四川宣抚副使","5","6","11"
"尚书兵部员外","6","5","11"
"书兵部员外郎","6","5","11"
"兼侍御史知杂","7","4","11"
"二年春正月辛","10","1","11"
"史长沙王义欣","9","2","11"
"刺史庐陵王绍","8","3","11"
"左仆射建平王","6","5","11"
"州刺史晋安王","6","5","11"
"千二百六十一","5","6","11"
"愍帝建兴四年","6","5","11"
"汉章帝元和二","5","6","11"
"晋元帝永昌元","6","5","11"
"元帝永昌元年","6","5","11"
"贤良方正直言","6","5","11"
"常赦所不原者","11","0","11"
"幸元偁宫视疾","11","0","11"
"为崇政殿说书","6","5","11"
"为中太一宫使","5","6","11"
"为单州团练副","3","8","11"
"为龙图阁学士","1","10","11"
"为和州防御使","2","9","11"
"以徽猷阁待制","7","4","11"
"左千牛卫大将","5","6","11"
"从祀孔子庙庭","7","4","11"
"为保康军节度","3","8","11"
"大中祥符七年","4","7","11"
"召为翰林学士","8","3","11"
"为翰林学士兼","7","4","11"
"镇海军节度使","5","6","11"
"诸王宫大小学","5","6","11"
"王宫大小学教","5","6","11"
"宫大小学教授","5","6","11"
"江西转运判官","5","6","11"
"是命中注定的","0","11","11"
"高兴地采纳了","0","11","11"
"朝廷重新起用","0","11","11"
"戴进贤一梁冠","0","11","11"
"州发生大水灾","0","11","11"
"左承相兼枢密","0","11","11"
"徐兖二州刺史","0","11","11"
"年春正月初三","0","11","11"
"七年春正月初","0","11","11"
"八年春正月初","0","11","11"
"到华林园听诉","0","11","11"
"华林园听诉讼","0","11","11"
"佩带苍黑如水","0","11","11"
"带苍黑如水色","0","11","11"
"苍黑如水色的","0","11","11"
"黑如水色的玉","0","11","11"
"星犯左执法星","0","11","11"
"来进贡当地土","0","11","11"
"太祖在近郊打","0","11","11"
"下诏从今以后","0","11","11"
"人来祝贺新春","0","11","11"
"来祝贺瑞庆节","0","11","11"
"以上各星都属","0","11","11"
"上各星都属于","0","11","11"
"的分野地区有","0","11","11"
"直学士的身份","0","11","11"
"加开府仪同三","10","0","10"
"尚书左仆射王","5","5","10"
"州刺史衡阳王","6","4","10"
"刺史衡阳王义","6","4","10"
"史衡阳王义季","6","4","10"
"刺史王玄谟为","5","5","10"
"州刺史义阳王","5","5","10"
"大将军柳元景","5","5","10"
"军建安王休仁","5","5","10"
"建平王景素为","5","5","10"
"为车骑大将军","4","6","10"
"荆州刺史司马","5","5","10"
"州刺史司马休","5","5","10"
"刺史司马休之","5","5","10"
"孝建二年三月","5","5","10"
"晋成帝咸和六","5","5","10"
"成帝咸和六年","5","5","10"
"延光三年七月","5","5","10"
"安帝元兴三年","5","5","10"
"文帝元嘉五年","5","5","10"
"顺帝升明元年","5","5","10"
"武帝泰始四年","5","5","10"
"太康二年六月","5","5","10"
"怀帝永嘉四年","5","5","10"
"帝大明元年五","5","5","10"
"前废帝景和元","5","5","10"
"废帝景和元年","5","5","10"
"晋安帝元兴二","5","5","10"
"安帝元兴二年","5","5","10"
"成帝咸和四年","5","5","10"
"晋武帝太康四","6","4","10"
"武帝太康四年","6","4","10"
"义成军节度使","4","6","10"
"马步军都虞候","5","5","10"
"雷州司户参军","5","5","10"
"宣仁圣烈皇后","6","4","10"
"威武军节度使","5","5","10"
"为金国通问使","5","5","10"
"江东安抚制置","4","6","10"
"抚制置大使兼","4","6","10"
"安庆军节度使","5","5","10"
"右千牛卫将军","5","5","10"
"兼签书枢密院","5","5","10"
"部侍郎兼中书","5","5","10"
"兼都督行府参","5","5","10"
"淮西总领财赋","5","5","10"
"江东转运判官","5","5","10"
"制置大使兼知","7","3","10"
"行营马步军都","5","5","10"
"为忠武军节度","5","5","10"
"步军副都军头","5","5","10"
"经略安抚招讨","6","4","10"
"进龙图阁直学","10","0","10"
"三司盐铁判官","5","5","10"
"兼权中书舍人","6","4","10"
"制置司参议官","5","5","10"
"四川制置副使","5","5","10"
"州刺史檀道济","5","5","10"
"车驾亲祠南郊","10","0","10"
"江夏王义恭为","6","4","10"
"州刺史赵伯符","5","5","10"
"年春正月辛亥","10","0","10"
"冀州刺史崔道","5","5","10"
"州刺史崔道固","5","5","10"
"司徒建安王休","6","4","10"
"徒建安王休仁","6","4","10"
"年春正月癸亥","10","0","10"
"元年春正月甲","9","1","10"
"大明七年正月","5","5","10"
"三十四万四千","5","5","10"
"十四万四千二","5","5","10"
"四万四千二百","5","5","10"
"万四千二百六","5","5","10"
"二百六十一分","5","5","10"
"十四年十二月","5","5","10"
"博士司马兴之","6","4","10"
"安帝义熙九年","5","5","10"
"孝建三年五月","5","5","10"
"江夏王义恭以","10","0","10"
"泰始二年六月","5","5","10"
"二十五年四月","5","5","10"
"武帝永初二年","5","5","10"
"大明六年八月","5","5","10"
"三百六十五度","5","5","10"
"泰始二年七月","5","5","10"
"嘉二十五年五","5","5","10"
"二十五年五月","5","5","10"
"嘉二十五年八","5","5","10"
"二十五年八月","5","5","10"
"孝武帝孝建二","5","5","10"
"武帝孝建二年","5","5","10"
"始兴王浚以闻","10","0","10"
"嘉二十四年二","5","5","10"
"军节度使李继","5","5","10"
"院使兼枢密副","5","5","10"
"使兼枢密副使","5","5","10"
"为建宁军节度","4","6","10"
"永兴军节度使","5","5","10"
"镇南军节度使","5","5","10"
"部侍郎兼太子","5","5","10"
"尚书屯田员外","5","5","10"
"书屯田员外郎","5","5","10"
"集庆军节度使","5","5","10"
"并同中书门下","9","1","10"
"武安军节度使","5","5","10"
"保大军节度使","5","5","10"
"为庆远军节度","3","7","10"
"右金吾卫上将","5","5","10"
"检正诸房公事","5","5","10"
"为龙图阁待制","2","8","10"
"江东安抚大使","5","5","10"
"两浙转运副使","5","5","10"
"都督府参议军","5","5","10"
"督府参议军事","5","5","10"
"管侍卫马军司","5","5","10"
"府路转运判官","5","5","10"
"都督府参赞军","5","5","10"
"督府参赞军事","5","5","10"
"制置使董居谊","5","5","10"
"为华文阁待制","2","8","10"
"华文阁直学士","5","5","10"
"郎兼中书舍人","5","5","10"
"行营前军都部","5","5","10"
"营前军都部署","5","5","10"
"为开封府判官","7","3","10"
"兼实录院检讨","5","5","10"
"书舍人兼侍讲","5","5","10"
"十二月十二日","1","9","10"
"未成年而死者","0","10","10"
"采纳他的意见","0","10","10"
"任命左卫将军","0","10","10"
"江水涌入石头","0","10","10"
"水涌入石头城","0","10","10"
"太平兴国初年","0","10","10"
"任秘书省著作","0","10","10"
"任尚书右仆射","0","10","10"
"派遣使者来进","0","10","10"
"高丽国派使者","0","10","10"
"丽国派使者来","0","10","10"
"十一月十四日","0","10","10"
"关官员上奏说","0","10","10"
"三句每句四字","0","10","10"
"星犯右执法星","0","10","10"
"龙二次出现于","0","10","10"
"他的两个儿子","0","10","10"
"祖在近郊打猎","0","10","10"
"察记录囚犯罪","0","10","10"
"十一月十七日","0","10","10"
"星侵犯太微垣","0","10","10"
"到赵元翱宫探","0","10","10"
"赵元翱宫探病","0","10","10"
"荧惑星侵犯太","0","10","10"
"惑星侵犯太微","0","10","10"
"诏令从今以后","0","10","10"
"皇太后溢号为","0","10","10"
"祭祀昊天上帝","0","10","10"
"流星白天陨落","0","10","10"
"处理关押囚犯","0","10","10"
"晋书;天文志","0","10","10"
"任殿中侍御史","0","10","10"
"阁直学士的身","0","10","10"
