"N-gram","北齐书","北齐书翻译","Total"
"派遣使者朝见进","0","32","32"
"遣使者朝见进贡","0","32","32"
"加开府仪同三司","7","6","13"
"任给事黄门侍郎","0","13","13"
"都督中外诸军事","6","6","12"
"中书侍郎李德林","6","6","12"
"又是王的功劳啊","0","12","12"
"帝从晋阳到达京","0","9","9"
"从晋阳到达京城","0","9","9"
"任开府仪同三司","0","9","9"
"皇帝从晋阳到达","0","8","8"
"这又是王的功劳","0","7","7"
"国派遣使者朝见","0","7","7"
"任通直散骑常侍","0","7","7"
"兼通直散骑常侍","0","7","7"
"中书侍郎薛道衡","3","3","6"
"赠开府仪同三司","4","2","6"
"把他们打得大败","0","6","6"
"齐接受禅让建国","0","6","6"
"太上皇帝诏散骑","5","0","5"
"上皇帝诏散骑常","5","0","5"
"皇帝诏散骑常侍","5","0","5"
"太上皇帝幸晋阳","3","2","5"
"尚书左丞宋游道","2","3","5"
"平秦王高归彦为","0","5","5"
"任员外散骑侍郎","0","5","5"
"为给事黄门侍郎","0","5","5"
"任金紫光禄大夫","0","5","5"
"仪同三司王思政","2","2","4"
"州刺史司马世云","2","2","4"
"渤海长乐安德武","2","2","4"
"海长乐安德武邑","2","2","4"
"库莫奚遣使朝贡","4","0","4"
"散骑常侍郑子默","2","2","4"
"尚书右仆射赵彦","2","2","4"
"书右仆射赵彦深","2","2","4"
"开府仪同三司徐","2","2","4"
"内外百官普进二","2","2","4"
"外百官普进二级","2","2","4"
"都督冀定沧瀛幽","2","2","4"
"左卫将军刘丰等","2","2","4"
"位开府仪同三司","3","1","4"
"开府仪同大将军","2","2","4"
"北豫州刺史高仲","2","2","4"
"豫州刺史高仲密","2","2","4"
"幽州刺史刘灵助","2","2","4"
"冀州刺史万俟受","2","2","4"
"州刺史万俟受洛","2","2","4"
"大行台吏部郎中","2","2","4"
"中外府功曹参军","2","2","4"
"文襄大将军主簿","2","2","4"
"通直常侍房延佑","2","2","4"
"东南道行台尚书","2","2","4"
"大行台都官郎中","2","2","4"
"吏部尚书袁聿修","2","2","4"
"寿阳道行台左丞","2","2","4"
"开府仪同三司贺","2","2","4"
"府仪同三司贺拔","2","2","4"
"都督冀定沧瀛殷","2","2","4"
"督冀定沧瀛殷五","2","2","4"
"冀定沧瀛殷五州","2","2","4"
"定沧瀛殷五州诸","2","2","4"
"沧瀛殷五州诸军","2","2","4"
"瀛殷五州诸军事","2","2","4"
"幽安五州诸军事","2","2","4"
"听从了他的意见","0","4","4"
"都派遣使者朝见","0","4","4"
"奚派遣使者朝见","0","4","4"
"陈国人前来访问","0","4","4"
"任城王氵皆为太","0","4","4"
"太上皇帝诏兼散","0","4","4"
"上皇帝诏兼散骑","0","4","4"
"皇帝诏兼散骑常","0","4","4"
"帝诏兼散骑常侍","0","4","4"
"北齐接受禅让建","0","4","4"
"为开府仪同三司","0","4","4"
"任员外散骑常侍","0","4","4"
"沧瀛二州诸军事","2","1","3"
"加镇西墨曹参军","2","1","3"
"贾显智率豫州刺","2","1","3"
"显智率豫州刺史","2","1","3"
"智率豫州刺史斛","2","1","3"
"率豫州刺史斛斯","2","1","3"
"西魏仪同三司王","2","1","3"
"魏仪同三司王思","2","1","3"
"王萧绎遣使朝贡","3","0","3"
"室韦国遣使朝贡","3","0","3"
"景式等二十五家","1","2","3"
"河间王孝琬尚书","3","0","3"
"散骑常侍封孝琰","2","1","3"
"二年春正月乙亥","2","1","3"
"广宁王孝珩录尚","2","1","3"
"宁王孝珩录尚书","2","1","3"
"令侍中斛律孝卿","2","1","3"
"累迁尚书左仆射","3","0","3"
"除开府仪同三司","3","0","3"
"位金紫光禄大夫","2","1","3"
"黄门郎崔季舒等","1","2","3"
"沧瀛四州诸军事","2","1","3"
"进位开府仪同三","2","1","3"
"颍州长史贺若徽","2","1","3"
"西魏遣将怡锋率","2","1","3"
"魏遣将怡锋率众","2","1","3"
"遣将怡锋率众援","2","1","3"
"高祖破周文帝邙","3","0","3"
"祖破周文帝邙山","3","0","3"
"累迁左光禄大夫","2","1","3"
"通直散骑侍郎彭","2","1","3"
"直散骑侍郎彭贵","2","1","3"
"散骑侍郎彭贵平","2","1","3"
"除通直散骑常侍","3","0","3"
"家员外散骑侍郎","3","0","3"
"迁通直散骑常侍","3","0","3"
"改威宗景烈皇帝","2","1","3"
"年七月二十五日","1","2","3"
"追赠开府仪同三","1","2","3"
"也没有什么遗憾","0","3","3"
"没有什么遗憾的","0","3","3"
"遣又是王的功劳","0","3","3"
"刺史可朱浑道元","0","3","3"
"萧绎派遣使者朝","0","3","3"
"绎派遣使者朝见","0","3","3"
"的第二个儿子高","0","3","3"
"库莫奚派遣使者","0","3","3"
"莫奚派遣使者朝","0","3","3"
"继承宏大的基业","0","3","3"
"访问人民的疾苦","0","3","3"
"平阳王高淹为太","0","3","3"
"任命尚书右仆射","0","3","3"
"太上皇帝从晋阳","0","3","3"
"车驾从晋阳返回","0","3","3"
"以开府仪同三司","0","3","3"
"死罪以下犯人徒","0","3","3"
"罪以下犯人徒刑","0","3","3"
"广宁王孝珩为司","0","3","3"
"逐渐升迁到尚书","0","3","3"
"官吏百姓所怀念","0","3","3"
"率领自己的部众","0","3","3"
"拜开府仪同三司","0","3","3"
"尔朱荣进入洛阳","0","3","3"
"从高祖在韩陵打","0","3","3"
"为金紫光禄大夫","0","3","3"
"兼任给事黄门侍","0","3","3"
"州刺史任上去世","0","3","3"
"授任右光禄大夫","0","3","3"
"尚书令司马子如","0","3","3"
"任银青光禄大夫","0","3","3"
"加授骠骑大将军","0","3","3"
"嫡子的同母弟弟","0","3","3"
"散骑常侍兼中书","0","3","3"
"冀州行事司马子","1","1","2"
"齐高祖神武皇帝","1","1","2"
"柔玄镇人杜洛周","1","1","2"
"扬州邑人庞苍鹰","1","1","2"
"魏普泰元年二月","1","1","2"
"朱度律废元晔立","1","1","2"
"度律废元晔立节","1","1","2"
"律废元晔立节闵","1","1","2"
"朱仲远部下都督","1","1","2"
"仲远部下都督桥","1","1","2"
"远部下都督桥宁","1","1","2"
"遣东徐州刺史潘","1","1","2"
"东徐州刺史潘绍","1","1","2"
"徐州刺史潘绍业","1","1","2"
"州刺史潘绍业密","1","1","2"
"长乐太守庞苍鹰","1","1","2"
"费头虏纥豆陵伊","2","0","2"
"头虏纥豆陵伊利","2","0","2"
"光禄少卿元子干","1","1","2"
"恒州刺史厍狄干","1","1","2"
"汾州刺史斛律金","1","1","2"
"前武卫将军彭乐","1","1","2"
"冀州刺史高敖曹","1","1","2"
"遣大行台长孙承","1","1","2"
"大行台长孙承业","1","1","2"
"大都督颍川王斌","1","1","2"
"前恒农太守元洪","1","1","2"
"恒农太守元洪略","1","1","2"
"农太守元洪略镇","1","1","2"
"太守元洪略镇陕","1","1","2"
"豫州刺史斛斯元","1","1","2"
"州刺史斛斯元寿","1","1","2"
"左厢大都督莫多","1","1","2"
"厢大都督莫多娄","1","1","2"
"大都督莫多娄贷","1","1","2"
"都督莫多娄贷文","1","1","2"
"开府仪同三司叱","1","1","2"
"府仪同三司叱列","1","1","2"
"仪同三司叱列延","1","1","2"
"同三司叱列延庆","1","1","2"
"尚书左仆射辛雄","1","1","2"
"吏部尚书崔孝芬","1","1","2"
"散骑常侍元士弼","1","1","2"
"清河王亶大司马","2","0","2"
"龙门都督薛崇礼","1","1","2"
"行台尚书长史薛","1","1","2"
"台尚书长史薛瑜","1","1","2"
"尚书长史薛瑜守","1","1","2"
"书长史薛瑜守潼","1","1","2"
"长史薛瑜守潼关","1","1","2"
"州刺史朱浑道元","2","0","2"
"留都督张琼镇守","1","1","2"
"西魏灵州刺史曹","1","1","2"
"魏灵州刺史曹泥","1","1","2"
"婿凉州刺史刘丰","1","1","2"
"逼西魏秦州刺史","1","1","2"
"西魏秦州刺史建","1","1","2"
"魏秦州刺史建忠","1","1","2"
"秦州刺史建忠王","1","1","2"
"州刺史建忠王万","1","1","2"
"刺史建忠王万俟","1","1","2"
"史建忠王万俟普","1","1","2"
"建忠王万俟普拨","1","1","2"
"豳州刺史叱干宝","1","1","2"
"州刺史叱干宝乐","1","1","2"
"右卫将军破六韩","1","1","2"
"卫将军破六韩常","1","1","2"
"仆射行台汝阳王","1","1","2"
"射行台汝阳王暹","1","1","2"
"北豫州刺史高慎","1","1","2"
"亲信都督尉兴庆","1","1","2"
"西魏太师贺拔胜","1","1","2"
"中府主簿李世林","1","1","2"
"前开府参军房子","1","1","2"
"开府参军房子远","1","1","2"
"府参军房子远等","1","1","2"
"殿中将军曹魏祖","1","1","2"
"西魏晋州刺史韦","1","1","2"
"魏晋州刺史韦孝","1","1","2"
"晋州刺史韦孝宽","1","1","2"
"州刺史韦孝宽守","1","1","2"
"刺史韦孝宽守玉","1","1","2"
"史韦孝宽守玉壁","1","1","2"
"景专制河南十四","1","1","2"
"专制河南十四年","1","1","2"
"武定四年十一月","1","1","2"
"颍州刺史司马世","1","1","2"
"魏帝诏太原公洋","1","1","2"
"帝诏太原公洋摄","1","1","2"
"诏太原公洋摄理","1","1","2"
"太原公洋摄理军","1","1","2"
"原公洋摄理军国","1","1","2"
"吐谷浑国遣使朝","2","0","2"
"谷浑国遣使朝贡","2","0","2"
"齐州刺史茅灵斌","1","1","2"
"南豫州刺史皇甫","1","1","2"
"八年春正月庚申","1","1","2"
"楚州刺史宋安顾","1","1","2"
"定州刺史田聪能","1","1","2"
"冀州渤海长乐安","2","0","2"
"州渤海长乐安德","2","0","2"
"故尚书左仆射慕","1","1","2"
"尚书左仆射慕容","1","1","2"
"书左仆射慕容绍","1","1","2"
"左仆射慕容绍宗","1","1","2"
"故定州刺史段荣","1","1","2"
"故御史中尉刘贵","1","1","2"
"故殷州刺史刘丰","1","1","2"
"故济州刺史蔡俊","1","1","2"
"济州刺史蔡俊等","1","1","2"
"开府仪同三司司","1","1","2"
"府仪同三司司马","1","1","2"
"仪同三司司马子","1","1","2"
"茹茹国遣使朝贡","2","0","2"
"梁湘东王萧绎遣","2","0","2"
"湘东王萧绎遣使","2","0","2"
"东王萧绎遣使朝","2","0","2"
"二年春正月丁未","1","1","2"
"三年春正月丙申","1","1","2"
"社干戍四百余里","1","1","2"
"五年春正月癸巳","1","1","2"
"平原王段韶等率","2","0","2"
"原王段韶等率众","2","0","2"
"俟利蔼焉力娄阿","1","1","2"
"利蔼焉力娄阿帝","1","1","2"
"茹茹俟利郁久闾","1","1","2"
"茹俟利郁久闾李","1","1","2"
"俟利郁久闾李家","1","1","2"
"利郁久闾李家提","1","1","2"
"遣都督柳达摩等","1","1","2"
"东南道行台赵彦","1","1","2"
"南道行台赵彦深","1","1","2"
"道行台赵彦深获","1","1","2"
"夫一百八十万人","1","1","2"
"七年春正月甲辰","1","1","2"
"发山东寡妇二千","1","1","2"
"山东寡妇二千六","1","1","2"
"东寡妇二千六百","1","1","2"
"寡妇二千六百人","1","1","2"
"妇二千六百人配","1","1","2"
"九年春二月丁亥","1","1","2"
"北豫州刺史司马","1","1","2"
"豫州刺史司马消","1","1","2"
"州刺史司马消难","1","1","2"
"前尚书左仆射杨","1","1","2"
"老人刘奴等九百","1","1","2"
"人刘奴等九百四","1","1","2"
"刘奴等九百四十","1","1","2"
"奴等九百四十三","1","1","2"
"等九百四十三人","1","1","2"
"梁湘州刺史王琳","2","0","2"
"十年春正月戊戌","1","1","2"
"东平公元景式等","1","1","2"
"平公元景式等二","1","1","2"
"公元景式等二十","1","1","2"
"元景式等二十五","1","1","2"
"特进元韶等十九","1","1","2"
"进元韶等十九家","1","1","2"
"明元年二月丙申","1","1","2"
"国子博士李宝鼎","1","1","2"
"国子助教许散愁","1","1","2"
"帝位晋阳宣德殿","2","0","2"
"内外百官普加泛","2","0","2"
"外百官普加泛级","2","0","2"
"长广王湛大司马","2","0","2"
"遣中书侍郎李同","1","1","2"
"中书侍郎李同轨","1","1","2"
"开府长流参军刁","1","1","2"
"府长流参军刁柔","1","1","2"
"长流参军刁柔代","1","1","2"
"武卫娥永乐武力","1","1","2"
"皇建元年八月壬","1","1","2"
"建元年八月壬午","1","1","2"
"皇太后称文宣皇","1","1","2"
"太后称文宣皇后","1","1","2"
"奏太祖献武皇帝","1","1","2"
"太祖献武皇帝庙","1","1","2"
"故司徒莫多娄贷","1","1","2"
"司徒莫多娄贷文","1","1","2"
"扶风王朱浑道元","2","0","2"
"故太师万俟受洛","1","1","2"
"太师万俟受洛干","1","1","2"
"故太尉慕容绍宗","1","1","2"
"太尉慕容绍宗七","1","1","2"
"尉慕容绍宗七人","1","1","2"
"故太傅破六韩常","1","1","2"
"太傅破六韩常三","1","1","2"
"傅破六韩常三人","1","1","2"
"二年春正月辛亥","1","1","2"
"大宁元年闰十二","1","1","2"
"宁元年闰十二月","1","1","2"
"元年闰十二月癸","1","1","2"
"年闰十二月癸卯","1","1","2"
"蠕蠕太子庵罗辰","1","1","2"
"左丞相斛律金率","1","1","2"
"大宁元年冬十一","1","1","2"
"宁元年冬十一月","1","1","2"
"元年冬十一月癸","1","1","2"
"年冬十一月癸丑","1","1","2"
"赵郡王睿尚书令","2","0","2"
"河清元年春正月","1","1","2"
"清元年春正月乙","1","1","2"
"元年春正月乙亥","1","1","2"
"间王孝琬尚书左","2","0","2"
"王孝琬尚书左仆","2","0","2"
"孝琬尚书左仆射","2","0","2"
"散骑常侍崔子武","1","1","2"
"遣大将军达奚武","1","1","2"
"三年春正月庚申","1","1","2"
"散骑常侍皇甫亮","1","1","2"
"豫州刺史王士良","1","1","2"
"兰陵王长恭尚书","2","0","2"
"陵王长恭尚书令","2","0","2"
"四年春正月癸卯","1","1","2"
"新罗国王金真兴","1","1","2"
"皇太子妃斛律氏","1","1","2"
"天统四年十二月","1","1","2"
"统四年十二月辛","1","1","2"
"四年十二月辛未","1","1","2"
"天统元年夏四月","1","1","2"
"右仆射赵彦深左","2","0","2"
"仆射赵彦深左仆","2","0","2"
"射赵彦深左仆射","2","0","2"
"散骑常侍王季高","1","1","2"
"太上皇帝诏增置","1","1","2"
"上皇帝诏增置都","1","1","2"
"皇帝诏增置都水","1","1","2"
"帝诏增置都水使","1","1","2"
"诏增置都水使者","1","1","2"
"增置都水使者一","1","1","2"
"置都水使者一人","1","1","2"
"奏改高祖文宣皇","1","1","2"
"改高祖文宣皇帝","1","1","2"
"开府仪同三司韩","1","1","2"
"府仪同三司韩祖","1","1","2"
"仪同三司韩祖念","1","1","2"
"靺鞨国遣使朝贡","2","0","2"
"太上皇帝诏京官","1","1","2"
"上皇帝诏京官执","1","1","2"
"皇帝诏京官执事","1","1","2"
"帝诏京官执事散","1","1","2"
"诏京官执事散官","1","1","2"
"京官执事散官三","1","1","2"
"官执事散官三品","1","1","2"
"散骑常侍司马幼","1","1","2"
"文武百官进二级","1","1","2"
"散骑常侍郑大护","1","1","2"
"太上皇帝诏侍中","1","1","2"
"上皇帝诏侍中斛","1","1","2"
"皇帝诏侍中斛斯","1","1","2"
"帝诏侍中斛斯文","1","1","2"
"诏侍中斛斯文略","1","1","2"
"上太上皇后尊号","1","1","2"
"州太官官口二处","1","1","2"
"大莫娄国遣使朝","1","1","2"
"莫娄国遣使朝贡","1","1","2"
"诏侍中叱列长叉","1","1","2"
"使巡省河北诸州","1","1","2"
"魏收尚书右仆射","2","0","2"
"百济王余昌使持","2","0","2"
"济王余昌使持节","2","0","2"
"开府仪同三司唐","1","1","2"
"府仪同三司唐邕","1","1","2"
"诏右丞相斛律光","1","1","2"
"散骑常侍刘环俊","1","1","2"
"军大将军厍狄伏","1","1","2"
"大将军厍狄伏连","1","1","2"
"书侍御史王子宣","1","1","2"
"侍御史王子宣等","1","1","2"
"尚书右仆射冯子","1","1","2"
"书右仆射冯子琮","1","1","2"
"诏侍中赫连子悦","1","1","2"
"王孝珩录尚书事","1","1","2"
"广宁王孝珩司徒","2","0","2"
"开府仪同三司尉","1","1","2"
"府仪同三司尉破","1","1","2"
"仪同三司尉破胡","1","1","2"
"尚书令唐邕等大","1","1","2"
"书令唐邕等大破","1","1","2"
"令唐邕等大破思","1","1","2"
"武平元年六月生","1","1","2"
"侍中陈德信等劝","1","1","2"
"侍中斛律孝卿送","1","1","2"
"中斛律孝卿送禅","1","1","2"
"玉食者五百余人","1","1","2"
"穆皇后大宝林寺","1","1","2"
"神武明皇后娄氏","1","1","2"
"令魏安德主骑上","1","1","2"
"后主皇后斛律氏","1","1","2"
"武平三年正月生","1","1","2"
"女侍中陆太姬知","1","1","2"
"折冲将军元正烈","1","1","2"
"武明娄皇后生文","1","1","2"
"明娄皇后生文襄","1","1","2"
"娄皇后生文襄皇","1","1","2"
"皇后生文襄皇帝","1","1","2"
"穆氏生平阳靖翼","1","1","2"
"氏生平阳靖翼王","1","1","2"
"朱氏生彭城景思","1","1","2"
"氏生彭城景思王","1","1","2"
"游氏生高阳康穆","1","1","2"
"氏生高阳康穆王","1","1","2"
"冯氏生汉阳敬怀","1","1","2"
"氏生汉阳敬怀王","1","1","2"
"库真都督破六韩","1","1","2"
"真都督破六韩伯","1","1","2"
"都督破六韩伯升","1","1","2"
"六州大都督独孤","1","1","2"
"州大都督独孤枝","1","1","2"
"大都督独孤枝侵","1","1","2"
"文敬元皇后生河","1","1","2"
"敬元皇后生河间","1","1","2"
"元皇后生河间王","1","1","2"
"皇后生河间王孝","1","1","2"
"后生河间王孝琬","1","1","2"
"宋氏生河南王孝","1","1","2"
"氏生河南王孝瑜","1","1","2"
"王氏生广宁王孝","1","1","2"
"氏生广宁王孝珩","1","1","2"
"陈氏生安德王延","1","1","2"
"氏生安德王延宗","1","1","2"
"燕氏生渔阳王绍","1","1","2"
"氏生渔阳王绍信","1","1","2"
"河南种谷河北生","1","1","2"
"白杨树头金鸡鸣","1","1","2"
"武卫赫连辅玄倒","1","1","2"
"齐昌王莫多娄敬","1","1","2"
"昌王莫多娄敬显","1","1","2"
"武卫将军相里僧","1","1","2"
"卫将军相里僧伽","1","1","2"
"十二月十三日晡","1","1","2"
"二月十三日晡时","1","1","2"
"武定中广州士曹","2","0","2"
"大富人钟长命同","1","1","2"
"富人钟长命同床","1","1","2"
"人钟长命同床坐","1","1","2"
"灵州刺史袁洪猛","1","1","2"
"遣大将军宇文恩","1","1","2"
"治书侍御史王子","1","1","2"
"书侍御史王子宜","1","1","2"
"六州九酋长大都","1","1","2"
"州九酋长大都督","1","1","2"
"督冀定沧瀛幽殷","1","1","2"
"肆云朔十州诸军","1","1","2"
"云朔十州诸军事","1","1","2"
"武明娄皇后殷勤","1","1","2"
"东燕六州诸军事","1","1","2"
"摄大都督府长史","1","1","2"
"追赠睿父琛假黄","1","1","2"
"行台慕容绍宗等","1","1","2"
"台慕容绍宗等击","1","1","2"
"仪同三司苟子溢","1","1","2"
"中兴寺内白凫翁","1","1","2"
"四方侧听声雍雍","1","1","2"
"左丞相斛律明月","1","1","2"
"妇人王氏私通生","1","1","2"
"魏上党王元天穆","1","1","2"
"郎中令吕思礼所","1","1","2"
"中令吕思礼所告","1","1","2"
"冀州长史宇文仲","1","1","2"
"州长史宇文仲鸾","1","1","2"
"长乐郡守尉普兴","1","1","2"
"乐郡守尉普兴等","1","1","2"
"魏末破六韩拔陵","1","1","2"
"兖州刺史樊子鹄","1","1","2"
"临淮国郎中令告","1","1","2"
"后主令开府段畅","1","1","2"
"主令开府段畅率","1","1","2"
"令开府段畅率三","1","1","2"
"开府段畅率三千","1","1","2"
"府段畅率三千骑","1","1","2"
"令侍御史赵秀通","1","1","2"
"尚书左丞宋仲羡","1","1","2"
"授开府仪同三司","1","1","2"
"应州刺史唐君明","1","1","2"
"州人田昭等七千","1","1","2"
"人田昭等七千户","1","1","2"
"怀州刺史平鉴等","1","1","2"
"西北道慰喻大使","1","1","2"
"军功封下洛县男","1","1","2"
"刺史王敬宝遣使","1","1","2"
"尧难宗等围守宿","1","1","2"
"难宗等围守宿预","1","1","2"
"周冢宰宇文护母","1","1","2"
"冢宰宇文护母阎","1","1","2"
"宰宇文护母阎氏","1","1","2"
"宇文护母阎氏先","1","1","2"
"文护母阎氏先配","1","1","2"
"护母阎氏先配中","1","1","2"
"母阎氏先配中山","1","1","2"
"遣将尉迟迥等袭","1","1","2"
"大将军斛律光率","1","1","2"
"太尉兰陵王长恭","1","1","2"
"仪同若干显宝等","1","1","2"
"授开府仪同大将","1","1","2"
"破六韩拔陵构逆","2","0","2"
"薛孤延等固守河","1","1","2"
"孤延等固守河阳","1","1","2"
"西魏九曲戍将马","1","1","2"
"魏九曲戍将马绍","1","1","2"
"九曲戍将马绍隆","1","1","2"
"虏帅豆婆吐久备","1","1","2"
"瀛青齐沧幽肆晋","1","1","2"
"青齐沧幽肆晋汾","1","1","2"
"齐沧幽肆晋汾十","1","1","2"
"沧幽肆晋汾十二","1","1","2"
"幽肆晋汾十二州","1","1","2"
"肆晋汾十二州诸","1","1","2"
"晋汾十二州诸军","1","1","2"
"汾十二州诸军事","1","1","2"
"仪同薛禹生弃城","1","1","2"
"诏光率步骑三万","2","0","2"
"周齐国公宇文宪","1","1","2"
"申国公扌翕跋显","1","1","2"
"国公扌翕跋显敬","1","1","2"
"大将军中部公梁","1","1","2"
"将军中部公梁洛","1","1","2"
"军中部公梁洛都","1","1","2"
"盲眼老公背上下","1","1","2"
"眼老公背上下大","1","1","2"
"老公背上下大斧","1","1","2"
"天统元年夏五月","1","1","2"
"突厥木汗遣使请","1","1","2"
"置立戍逻五十余","1","1","2"
"立戍逻五十余所","1","1","2"
"军贺拔伏恩等十","1","1","2"
"贺拔伏恩等十余","1","1","2"
"拔伏恩等十余人","1","1","2"
"洛州行台仆射独","1","1","2"
"州行台仆射独孤","1","1","2"
"行台仆射独孤永","1","1","2"
"台仆射独孤永业","1","1","2"
"行燕郡守马嗣明","1","1","2"
"青州刺史敬显俊","1","1","2"
"左卫将军厍狄伏","1","1","2"
"卫将军厍狄伏连","1","1","2"
"将军厍狄伏连等","1","1","2"
"进位骠骑大将军","1","1","2"
"高祖都督府长史","1","1","2"
"六州流民大都督","1","1","2"
"冀相殷定沧瀛幽","1","1","2"
"相殷定沧瀛幽安","1","1","2"
"殷定沧瀛幽安八","1","1","2"
"定沧瀛幽安八州","1","1","2"
"沧瀛幽安八州行","1","1","2"
"瀛幽安八州行台","1","1","2"
"幽安八州行台仆","1","1","2"
"安八州行台仆射","1","1","2"
"子德枢等十余人","1","1","2"
"仪同三司崔孝芬","1","1","2"
"魏武帝猜忌高祖","1","1","2"
"民韩木兰等率土","1","1","2"
"兴敬随司空韩轨","1","1","2"
"高祖攻周文帝邙","2","0","2"
"祖攻周文帝邙山","2","0","2"
"朱荣府骑兵参军","1","1","2"
"持节南道大都督","1","1","2"
"时范阳人卢仲延","1","1","2"
"范阳人卢仲延率","1","1","2"
"破梁仁州刺史黄","1","1","2"
"梁仁州刺史黄道","1","1","2"
"仁州刺史黄道始","1","1","2"
"州长史贺若徽执","2","0","2"
"长史贺若徽执刺","2","0","2"
"史贺若徽执刺史","2","0","2"
"贺若徽执刺史田","2","0","2"
"若徽执刺史田迅","2","0","2"
"豫州刺史尧雄等","1","1","2"
"攻独孤愿金墉城","2","0","2"
"晋州行事封祖业","1","1","2"
"州行事封祖业弃","1","1","2"
"行事封祖业弃城","1","1","2"
"击怀州逆贼潘集","1","1","2"
"保洛随例封昌平","1","1","2"
"洛随例封昌平县","1","1","2"
"随例封昌平县薄","1","1","2"
"例封昌平县薄家","1","1","2"
"封昌平县薄家城","1","1","2"
"昌平县薄家城乡","1","1","2"
"平县薄家城乡男","1","1","2"
"县薄家城乡男一","1","1","2"
"薄家城乡男一百","1","1","2"
"家城乡男一百户","1","1","2"
"仪同贾显智率豫","1","1","2"
"同贾显智率豫州","1","1","2"
"豫州刺史斛斯寿","1","1","2"
"道行台尚书仆射","1","1","2"
"节度西道诸军事","1","1","2"
"朔州征虏府外兵","1","1","2"
"州征虏府外兵参","1","1","2"
"征虏府外兵参军","1","1","2"
"封固安县开国子","1","1","2"
"随仪同刘丰讨侯","2","0","2"
"仪同刘丰讨侯景","2","0","2"
"肆幽安四州军事","1","1","2"
"颍川人张俭聚众","1","1","2"
"二人劝后主作承","1","1","2"
"人劝后主作承光","1","1","2"
"劝后主作承光主","1","1","2"
"后主作承光主诏","1","1","2"
"赵继宗杀颍川太","1","1","2"
"继宗杀颍川太守","1","1","2"
"宗杀颍川太守邵","1","1","2"
"杀颍川太守邵招","1","1","2"
"梁司州刺史陈庆","1","1","2"
"擒梁镇将苟元广","1","1","2"
"右丞韦孝宽等攻","1","1","2"
"外兵参军王恒伽","1","1","2"
"都督赫连俊等数","1","1","2"
"督赫连俊等数十","1","1","2"
"赫连俊等数十骑","1","1","2"
"逐西魏刺史赵继","1","1","2"
"西魏刺史赵继宗","1","1","2"
"西魏行台薛崇礼","1","1","2"
"高祖破纥豆陵步","1","1","2"
"祖破纥豆陵步藩","1","1","2"
"左卫将军斛律平","1","1","2"
"随叔父魏广平内","1","1","2"
"叔父魏广平内史","1","1","2"
"父魏广平内史老","1","1","2"
"魏广平内史老生","1","1","2"
"广平内史老生征","1","1","2"
"奔广州刺史郑先","1","1","2"
"广州刺史郑先护","1","1","2"
"东徐州防城都督","1","1","2"
"东徐州刺史斛斯","1","1","2"
"徐州刺史斛斯椿","1","1","2"
"军功封索卢县子","1","1","2"
"宜阳民李延孙聚","1","1","2"
"阳民李延孙聚众","1","1","2"
"都督厍狄安盛等","1","1","2"
"丞相府记室孙搴","1","1","2"
"子贞阳侯渊明等","1","1","2"
"遣帐下孙怀彦奉","1","1","2"
"帐下孙怀彦奉表","1","1","2"
"大行台胡元吉奉","1","1","2"
"行台胡元吉奉诏","1","1","2"
"台胡元吉奉诏晓","1","1","2"
"西魏北华州刺史","1","1","2"
"魏北华州刺史薛","1","1","2"
"北华州刺史薛崇","1","1","2"
"华州刺史薛崇礼","1","1","2"
"州刺史薛崇礼屯","1","1","2"
"西魏仪同长孙子","1","1","2"
"魏仪同长孙子彦","1","1","2"
"正平太守段荣显","1","1","2"
"胡垂黎等部落数","1","1","2"
"垂黎等部落数千","1","1","2"
"褐员外散骑侍郎","2","0","2"
"军功除扬武军帐","1","1","2"
"功除扬武军帐内","1","1","2"
"除扬武军帐内统","1","1","2"
"扬武军帐内统军","1","1","2"
"累迁秦州镇城都","1","1","2"
"迁秦州镇城都督","1","1","2"
"北育太守宋带剑","1","1","2"
"育太守宋带剑谋","1","1","2"
"西魏荆州刺史郭","1","1","2"
"魏荆州刺史郭鸾","1","1","2"
"兖州刺史王彦夏","1","1","2"
"新蔡太守鲁悉达","1","1","2"
"右仆射元罗巡抚","1","1","2"
"仆射元罗巡抚三","1","1","2"
"射元罗巡抚三齐","1","1","2"
"北受幽州刺史刘","1","1","2"
"受幽州刺史刘灵","1","1","2"
"州刺史刘灵助节","1","1","2"
"刺史刘灵助节度","1","1","2"
"定策推立中兴主","1","1","2"
"贺拔胜荆州刺史","2","0","2"
"都督三徐诸军事","1","1","2"
"时武卫将军元整","1","1","2"
"武卫将军元整监","1","1","2"
"卫将军元整监刑","1","1","2"
"督冀定沧瀛幽齐","1","1","2"
"冀定沧瀛幽齐徐","1","1","2"
"定沧瀛幽齐徐青","1","1","2"
"沧瀛幽齐徐青光","1","1","2"
"瀛幽齐徐青光兖","1","1","2"
"幽齐徐青光兖十","1","1","2"
"齐徐青光兖十州","1","1","2"
"徐青光兖十州军","1","1","2"
"青光兖十州军事","1","1","2"
"本乡部曲数千人","1","1","2"
"除通直散骑侍郎","2","0","2"
"密令刺史元仲宗","1","1","2"
"令刺史元仲宗诱","1","1","2"
"乡人部曲王桃汤","1","1","2"
"呼延族等三千人","1","1","2"
"西魏洛州刺史泉","1","1","2"
"魏洛州刺史泉企","1","1","2"
"刺史万俟受洛干","1","1","2"
"史明曜等攻劫道","1","1","2"
"明曜等攻劫道路","1","1","2"
"清河公岳破萧明","1","1","2"
"随司徒潘乐征讨","1","1","2"
"司徒潘乐征讨江","1","1","2"
"光州刺史李元忠","1","1","2"
"黄门郎司马消难","1","1","2"
"功累迁左光禄大","1","1","2"
"高祖遥授长命雍","1","1","2"
"祖遥授长命雍州","1","1","2"
"遥授长命雍州刺","1","1","2"
"授长命雍州刺史","1","1","2"
"海宝权行沧州事","1","1","2"
"前范阳太守刁整","1","1","2"
"军功除殿中将军","1","1","2"
"道人法庆作乱冀","1","1","2"
"齐二州士民反叛","1","1","2"
"集诸州郡督将僚","1","1","2"
"诸州郡督将僚吏","1","1","2"
"州郡督将僚吏等","1","1","2"
"郡督将僚吏等议","1","1","2"
"长乐太守高景等","1","1","2"
"仲密枝党同恶向","1","1","2"
"密枝党同恶向西","1","1","2"
"枝党同恶向西者","1","1","2"
"太常卿李元忠等","1","1","2"
"平原王段孝先总","1","1","2"
"大行台左光禄大","1","1","2"
"行台左光禄大夫","1","1","2"
"子开府行参军君","1","1","2"
"开府行参军君确","1","1","2"
"后高祖奉送皇后","1","1","2"
"文伟行范阳郡事","1","1","2"
"长广太守邢子广","1","1","2"
"中书舍人马士达","1","1","2"
"济州征东府功曹","1","1","2"
"州征东府功曹参","1","1","2"
"征东府功曹参军","1","1","2"
"大丞相府记室参","1","1","2"
"丞相府记室参军","1","1","2"
"尚书工部员外郎","1","1","2"
"司徒二府记室参","1","1","2"
"徒二府记室参军","1","1","2"
"夏州平北府长史","1","1","2"
"贼刺史侯莫陈仲","1","1","2"
"秦南岐四州军事","1","1","2"
"令兰根观察魏前","1","1","2"
"兰根观察魏前废","1","1","2"
"根观察魏前废帝","1","1","2"
"冀定殷三州军事","1","1","2"
"大司马府法曹参","1","1","2"
"司马府法曹参军","1","1","2"
"王大司马中兵参","1","1","2"
"大司马中兵参军","1","1","2"
"大司马府记室参","1","1","2"
"司马府记室参军","1","1","2"
"中外府司马李义","1","1","2"
"外府司马李义深","1","1","2"
"相府城局李士略","1","1","2"
"迁司徒府记室参","1","1","2"
"司徒府记室参军","1","1","2"
"魏尚书仆射范阳","1","1","2"
"尚书仆射范阳卢","1","1","2"
"书仆射范阳卢道","1","1","2"
"第二子廷尉监台","1","1","2"
"二子廷尉监台卿","1","1","2"
"子廷尉监台卿断","1","1","2"
"廷尉监台卿断狱","1","1","2"
"时楚州人东方白","1","1","2"
"楚州人东方白额","1","1","2"
"州人东方白额谋","1","1","2"
"人东方白额谋反","1","1","2"
"相府功曹参军事","1","1","2"
"行台尚书辛术等","1","1","2"
"等十一州诸军事","1","1","2"
"司徒水曹行参军","1","1","2"
"中军大都督韩轨","1","1","2"
"军大都督韩轨府","1","1","2"
"大都督韩轨府长","1","1","2"
"都督韩轨府长史","1","1","2"
"丞相骑兵参军事","1","1","2"
"世宗相府外兵参","1","1","2"
"宗相府外兵参军","1","1","2"
"茹茹主庵罗辰率","1","1","2"
"吏部尚书尉瑾辅","1","1","2"
"魏东平王元匡妾","1","1","2"
"东平王元匡妾张","1","1","2"
"平王元匡妾张氏","1","1","2"
"王元匡妾张氏淫","1","1","2"
"元匡妾张氏淫逸","1","1","2"
"匡妾张氏淫逸放","1","1","2"
"侯莫陈悦杀贺拔","1","1","2"
"莫陈悦杀贺拔岳","1","1","2"
"高嵩持金环一枚","1","1","2"
"讨西魏仪同金祚","1","1","2"
"灵州镇城大都督","1","1","2"
"行台慕容绍宗见","1","1","2"
"台慕容绍宗见北","1","1","2"
"右谷蠡王潘六奚","1","1","2"
"大司马斛律金等","1","1","2"
"树等五人相继南","1","1","2"
"荥阳太守郑仲明","1","1","2"
"魏冀州征东府司","1","1","2"
"冀州征东府司马","1","1","2"
"中岳先生郑道昭","1","1","2"
"雍州刺史慕容献","1","1","2"
"御史中尉崔暹一","1","1","2"
"令都督陈山提等","1","1","2"
"伯父吏部尚书孝","1","1","2"
"父吏部尚书孝芬","1","1","2"
"魏帝问仆射崔暹","1","1","2"
"费事三百一十四","1","1","2"
"事三百一十四条","1","1","2"
"令尚书右仆射薛","1","1","2"
"帝孙帝子帝弟帝","1","1","2"
"孙帝子帝弟帝叔","1","1","2"
"除银青光禄大夫","1","1","2"
"广平王开府功曹","1","1","2"
"平王开府功曹史","1","1","2"
"访朝廷子弟忠孝","1","1","2"
"朝廷子弟忠孝谨","1","1","2"
"补中外府功曹参","2","0","2"
"丞相西合祭酒卢","1","1","2"
"相西合祭酒卢思","1","1","2"
"西合祭酒卢思道","1","1","2"
"入荆州汶阳郡高","1","1","2"
"荆州汶阳郡高安","1","1","2"
"州汶阳郡高安县","1","1","2"
"小弟子戏截蛇头","1","1","2"
"周年天子递代坐","1","1","2"
"军功封建宁县侯","1","1","2"
"扬州道行台慕容","1","1","2"
"州道行台慕容俨","1","1","2"
"道行台慕容俨率","1","1","2"
"安州刺史吴明彻","1","1","2"
"御史中丞刘仲威","1","1","2"
"陈合州刺史裴景","1","1","2"
"合州刺史裴景晖","1","1","2"
"军将军尉破胡等","1","1","2"
"陈将吴明彻进兵","1","1","2"
"故吏梁骠骑府仓","1","1","2"
"吏梁骠骑府仓曹","1","1","2"
"梁骠骑府仓曹参","1","1","2"
"骠骑府仓曹参军","1","1","2"
"骑府仓曹参军朱","1","1","2"
"陈尚书仆射徐陵","1","1","2"
"开府仪同主簿刘","1","1","2"
"府仪同主簿刘韶","1","1","2"
"仪同主簿刘韶慧","1","1","2"
"同主簿刘韶慧等","1","1","2"
"扬州人茅知胜等","1","1","2"
"州人茅知胜等五","1","1","2"
"人茅知胜等五人","1","1","2"
"赠十五州诸军事","1","1","2"
"兖州刺史南康嗣","1","1","2"
"州刺史南康嗣王","1","1","2"
"刺史南康嗣王会","1","1","2"
"史南康嗣王会理","1","1","2"
"南康嗣王会理总","1","1","2"
"梁太子詹事汝南","1","1","2"
"太子詹事汝南周","1","1","2"
"子詹事汝南周舍","1","1","2"
"豫章王国左常侍","1","1","2"
"魏统军石茂孙所","1","1","2"
"髑髅额骨长数寸","1","1","2"
"尚药典御邓宣文","1","1","2"
"付长史慕容白泽","1","1","2"
"遣光州刺史奚思","1","1","2"
"光州刺史奚思业","1","1","2"
"太原公开府司马","1","1","2"
"尚书左仆射平秦","1","1","2"
"书左仆射平秦王","1","1","2"
"左仆射平秦王归","1","1","2"
"仆射平秦王归彦","1","1","2"
"黄门侍郎郑子默","1","1","2"
"门侍郎郑子默受","1","1","2"
"侍郎郑子默受遗","1","1","2"
"郎郑子默受遗诏","1","1","2"
"郑子默受遗诏辅","1","1","2"
"子默受遗诏辅政","1","1","2"
"尚书省大会百僚","1","1","2"
"太原公开府记室","1","1","2"
"历文襄大将军主","2","0","2"
"清河王岳司州牧","2","0","2"
"洛州刺史王元轨","1","1","2"
"州刺史王元轨召","1","1","2"
"梁州刺史羊灵佑","1","1","2"
"王慧龙云太原人","2","0","2"
"尚书二千石郎中","1","1","2"
"御史崔子武督察","1","1","2"
"史崔子武督察州","1","1","2"
"崔子武督察州郡","1","1","2"
"时黄门郎贾思同","1","1","2"
"黄门郎贾思同侍","1","1","2"
"门郎贾思同侍立","1","1","2"
"卢元明首通使命","1","1","2"
"尚书右仆射高隆","1","1","2"
"御史中尉高仲密","1","1","2"
"故尚书令陈留公","1","1","2"
"尚书令陈留公继","1","1","2"
"书令陈留公继伯","1","1","2"
"事黄门侍郎颢等","1","1","2"
"司空司马辛元植","1","1","2"
"太常少卿修国史","1","1","2"
"贾充置左右夫人","1","1","2"
"皇太子纳郑良娣","1","1","2"
"安德王延宗纳赵","1","1","2"
"德王延宗纳赵郡","1","1","2"
"王延宗纳赵郡李","1","1","2"
"延宗纳赵郡李祖","1","1","2"
"宗纳赵郡李祖收","1","1","2"
"太子舍人卢询祖","1","1","2"
"专委侍中高元海","1","1","2"
"都官尚书毕义云","1","1","2"
"中书侍郎李绘等","1","1","2"
"州刺史郭志杀郡","1","1","2"
"刺史郭志杀郡守","1","1","2"
"濮阳太守戴僧施","1","1","2"
"南兖州刺史郭元","1","1","2"
"兖州刺史郭元建","1","1","2"
"大丞相府功曹参","1","1","2"
"丞相府功曹参军","1","1","2"
"娄定远等谋士开","2","0","2"
"大丞相功曹参军","1","1","2"
"大将军赵郡公琛","1","1","2"
"补季舒大行台都","1","1","2"
"季舒大行台都官","1","1","2"
"舒大行台都官郎","1","1","2"
"大将军中兵参军","1","1","2"
"尚食典御陈山提","1","1","2"
"食典御陈山提等","1","1","2"
"刺史万俟受洛制","1","1","2"
"署珽开府仓曹参","1","1","2"
"珽开府仓曹参军","1","1","2"
"连珠孔雀罗等百","1","1","2"
"珠孔雀罗等百余","1","1","2"
"故尚书令元世隽","1","1","2"
"博陵长公主所生","1","1","2"
"参军事摄典签陆","1","1","2"
"军事摄典签陆子","1","1","2"
"事摄典签陆子先","1","1","2"
"胶州刺史司马世","1","1","2"
"刺史司马世云家","1","1","2"
"神武中外府功曹","1","1","2"
"功曹参军赵彦深","1","1","2"
"曹参军赵彦深宣","1","1","2"
"事中郎王士雅推","1","1","2"
"中郎王士雅推检","1","1","2"
"田曹参军孙子宽","1","1","2"
"黄门郎高德正副","1","1","2"
"门郎高德正副留","1","1","2"
"郎高德正副留台","1","1","2"
"高德正副留台事","1","1","2"
"列中书侍郎陆元","1","1","2"
"中书侍郎陆元规","1","1","2"
"追尊太祖献武皇","1","1","2"
"尊太祖献武皇帝","1","1","2"
"太祖献武皇帝神","2","0","2"
"祖献武皇帝神武","2","0","2"
"高祖文宣皇帝改","1","1","2"
"爱少子东平王俨","1","1","2"
"令妻兄郑道盖奏","1","1","2"
"广宁王孝珩交结","1","1","2"
"太府少卿李叔元","1","1","2"
"宿卫都督等号位","1","1","2"
"子琮监造大明宫","1","1","2"
"时太尉录尚书事","1","1","2"
"世宗大将军府参","1","1","2"
"宗大将军府参军","1","1","2"
"侍中斛律孝卿宣","1","1","2"
"大丞相府骑兵曹","1","1","2"
"大丞相骑兵参军","1","1","2"
"淮南王开府中兵","1","1","2"
"南王开府中兵参","1","1","2"
"王开府中兵参军","1","1","2"
"开府中兵参军事","1","1","2"
"封广汉郡开国公","1","1","2"
"封开封郡开国公","1","1","2"
"南行台尚书右仆","1","1","2"
"行台尚书右仆射","1","1","2"
"陈将吴明彻寇淮","2","0","2"
"将吴明彻寇淮南","2","0","2"
"封西河郡开国公","1","1","2"
"武平末假仪同三","1","1","2"
"平末假仪同三司","1","1","2"
"中外府帐内都督","1","1","2"
"封广兴县开国君","1","1","2"
"封石城县开国子","1","1","2"
"封石城郡开国伯","1","1","2"
"封义宁县开国君","1","1","2"
"朱荣大将军府长","1","1","2"
"荣大将军府长流","1","1","2"
"大将军府长流参","1","1","2"
"将军府长流参军","1","1","2"
"荣大丞相府长流","1","1","2"
"大丞相府长流参","1","1","2"
"丞相府长流参军","1","1","2"
"大义郡开国公率","1","1","2"
"中外府外兵参军","1","1","2"
"河阳道行台仆射","1","1","2"
"建州道行台左仆","1","1","2"
"州道行台左仆射","1","1","2"
"广平王开府中郎","1","1","2"
"加通直散骑常侍","1","1","2"
"带东南道行台左","1","1","2"
"东南道行台左丞","1","1","2"
"大将军西合祭酒","1","1","2"
"中外府中兵参军","1","1","2"
"扬州道行台左丞","1","1","2"
"合州刺史周令珍","1","1","2"
"扬州道行台尚书","1","1","2"
"琅邪王俨大司马","2","0","2"
"大司马西合祭酒","1","1","2"
"太保长孙稚府属","1","1","2"
"授世宗开府主簿","1","1","2"
"太保开府西合祭","1","1","2"
"保开府西合祭酒","1","1","2"
"司徒录事参军卢","1","1","2"
"徒录事参军卢思","1","1","2"
"录事参军卢思道","1","1","2"
"事参军卢思道私","1","1","2"
"托中书侍郎李德","1","1","2"
"仪同开府参军事","1","1","2"
"尚书民部考功侍","1","1","2"
"书民部考功侍郎","1","1","2"
"世宗骠骑府长史","1","1","2"
"散骑常侍陆晏子","1","1","2"
"国子祭酒马敬德","1","1","2"
"子祭酒马敬德等","1","1","2"
"永安公开府法曹","1","1","2"
"太师咸阳王行参","1","1","2"
"师咸阳王行参军","1","1","2"
"累世本州岛刺史","2","0","2"
"淮南招募三四万","1","1","2"
"南招募三四万人","1","1","2"
"袁聿修等十八人","1","1","2"
"聿修等十八人同","1","1","2"
"度支尚书元修伯","2","0","2"
"魏末大儒徐遵明","1","1","2"
"北平太守宋景业","1","1","2"
"尚书平原王高隆","1","1","2"
"国子博士刁柔参","1","1","2"
"子博士刁柔参考","1","1","2"
"太府少卿宋世良","1","1","2"
"府少卿宋世良家","1","1","2"
"常山府长流参军","1","1","2"
"永安王府参军事","1","1","2"
"通直郎兰陵萧放","1","1","2"
"齐州录事参军萧","1","1","2"
"通直散骑侍郎韦","1","1","2"
"直散骑侍郎韦道","1","1","2"
"散骑侍郎韦道逊","1","1","2"
"殿中侍御史魏澹","1","1","2"
"中散大夫刘仲威","1","1","2"
"奉车都尉眭道闲","1","1","2"
"考功郎中崔子枢","1","1","2"
"左外兵郎薛道衡","1","1","2"
"省主客郎中卢思","1","1","2"
"主客郎中卢思道","1","1","2"
"殿中侍御史郑子","1","1","2"
"中侍御史郑子信","1","1","2"
"侍御史郑子信等","1","1","2"
"前乐陵太守郑元","1","1","2"
"乐陵太守郑元礼","1","1","2"
"通直散骑常侍王","1","1","2"
"直散骑常侍王训","1","1","2"
"前南兖州长史羊","1","1","2"
"南兖州长史羊肃","1","1","2"
"通直散骑常侍马","1","1","2"
"直散骑常侍马元","1","1","2"
"散骑常侍马元熙","1","1","2"
"开府行参军李师","1","1","2"
"府行参军李师上","1","1","2"
"前仁州刺史刘逖","1","1","2"
"散骑常侍李孝贞","1","1","2"
"前济州长史李翥","1","1","2"
"前广武太守魏骞","1","1","2"
"前西兖州司马萧","1","1","2"
"西兖州司马萧溉","1","1","2"
"前幽州长史陆仁","1","1","2"
"幽州长史陆仁惠","1","1","2"
"前通直散骑侍郎","1","1","2"
"通直散骑侍郎辛","1","1","2"
"直散骑侍郎辛德","1","1","2"
"散骑侍郎辛德源","1","1","2"
"省右民郎高行恭","1","1","2"
"司徒户曹参军古","1","1","2"
"徒户曹参军古道","1","1","2"
"户曹参军古道子","1","1","2"
"前司空功曹参军","1","1","2"
"司空功曹参军刘","1","1","2"
"晋州治中阳师孝","1","1","2"
"太尉中兵参军刘","1","1","2"
"尉中兵参军刘儒","1","1","2"
"中兵参军刘儒行","1","1","2"
"司空祭酒阳辟疆","1","1","2"
"司空士曹参军卢","1","1","2"
"空士曹参军卢公","1","1","2"
"士曹参军卢公顺","1","1","2"
"司徒中兵参军周","1","1","2"
"徒中兵参军周子","1","1","2"
"中兵参军周子深","1","1","2"
"开府参军王友伯","1","1","2"
"司徒法曹参军事","1","1","2"
"魏安丰王延明镇","1","1","2"
"车骑府录事参军","1","1","2"
"定州秀才李子宣","1","1","2"
"州秀才李子宣等","1","1","2"
"都官尚书崔昂举","1","1","2"
"官尚书崔昂举荐","1","1","2"
"汉中垒校尉刘向","1","1","2"
"长水校尉臣参书","1","1","2"
"司农少卿穆子容","1","1","2"
"前黄门郎司马子","1","1","2"
"黄门郎司马子瑞","1","1","2"
"国子祭酒李业兴","1","1","2"
"百姓乙普明兄弟","1","1","2"
"姓乙普明兄弟争","1","1","2"
"徐州城中五级寺","1","1","2"
"见贼能讨宋游道","1","1","2"
"尚书令临淮王彧","2","0","2"
"都官郎中毕义云","1","1","2"
"左外兵郎中魏叔","1","1","2"
"外兵郎中魏叔道","1","1","2"
"疑黄门郎温子升","1","1","2"
"黄门郎温子升知","1","1","2"
"兖州刺史李子贞","1","1","2"
"尚书左丞司马子","1","1","2"
"书左丞司马子瑞","1","1","2"
"魏武定八年五月","1","1","2"
"犍子拍头三十二","1","1","2"
"前瀛州刺史尧雄","1","1","2"
"尚孝静帝妹冯翊","1","1","2"
"孝静帝妹冯翊长","1","1","2"
"静帝妹冯翊长公","1","1","2"
"帝妹冯翊长公主","1","1","2"
"豫州刺史高元成","1","1","2"
"广州刺史暴显等","1","1","2"
"清河王岳使持节","2","0","2"
"前黄门侍郎元世","1","1","2"
"黄门侍郎元世宝","1","1","2"
"骑侍郎彭贵平谋","1","1","2"
"四年春正月丙子","1","1","2"
"太子太师侯莫陈","1","1","2"
"子太师侯莫陈相","1","1","2"
"湘州刺史王琳献","1","1","2"
"仪同三司贺拔仁","1","1","2"
"尊皇太后太皇太","2","0","2"
"皇太后太皇太后","2","0","2"
"尚书右仆射燕子","1","1","2"
"书右仆射燕子献","1","1","2"
"开府仪同三司刘","1","1","2"
"府仪同三司刘洪","1","1","2"
"仪同三司刘洪徽","1","1","2"
"尚书右仆射斛律","1","1","2"
"书右仆射斛律光","1","1","2"
"太上皇帝诏改太","1","1","2"
"上皇帝诏改太祖","1","1","2"
"皇帝诏改太祖献","1","1","2"
"帝诏改太祖献武","1","1","2"
"诏改太祖献武皇","1","1","2"
"改太祖献武皇帝","1","1","2"
"封太上皇帝子俨","1","1","2"
"散骑常侍韦道儒","1","1","2"
"骑常侍韦道儒聘","1","1","2"
"太上皇帝诏封皇","1","1","2"
"上皇帝诏封皇子","1","1","2"
"皇帝诏封皇子仁","1","1","2"
"太上皇帝诏尚书","1","1","2"
"上皇帝诏尚书令","1","1","2"
"东平王俨录尚书","1","1","2"
"平王俨录尚书事","1","1","2"
"尚书左仆射赵彦","1","1","2"
"书左仆射赵彦深","1","1","2"
"河东王潘相乐十","1","1","2"
"东王潘相乐十人","1","1","2"
"王潘相乐十人配","1","1","2"
"府仪同三司徐显","1","1","2"
"仪同三司徐显秀","1","1","2"
"尚书右仆射胡长","1","1","2"
"书右仆射胡长仁","1","1","2"
"复改威宗景烈皇","1","1","2"
"威宗景烈皇帝谥","1","1","2"
"宗景烈皇帝谥号","1","1","2"
"省录尚书事赵彦","1","1","2"
"录尚书事赵彦深","1","1","2"
"吏部尚书冯子琮","1","1","2"
"仪同三司贺拔伏","1","1","2"
"同三司贺拔伏恩","1","1","2"
"慕容钟葵等宿卫","1","1","2"
"容钟葵等宿卫近","1","1","2"
"钟葵等宿卫近臣","1","1","2"
"葵等宿卫近臣三","1","1","2"
"等宿卫近臣三十","1","1","2"
"隆化二年春正月","1","1","2"
"琛同母弟惠宝早","1","1","2"
"都督四州诸军事","1","1","2"
"清河王岳第十子","1","1","2"
"河王岳第十子敬","1","1","2"
"王岳第十子敬文","1","1","2"
"统司徒潘相乐等","1","1","2"
"诏大鸿胪监护丧","1","1","2"
"大鸿胪监护丧事","1","1","2"
"都督冀定沧瀛赵","1","1","2"
"督冀定沧瀛赵幽","1","1","2"
"冀定沧瀛赵幽济","1","1","2"
"定沧瀛赵幽济七","1","1","2"
"沧瀛赵幽济七州","1","1","2"
"瀛赵幽济七州诸","1","1","2"
"赵幽济七州诸军","1","1","2"
"幽州道行台右仆","1","1","2"
"州道行台右仆射","1","1","2"
"定冀沧瀛四州诸","1","1","2"
"冀沧瀛四州诸军","1","1","2"
"沧齐兖梁洛晋建","1","1","2"
"齐兖梁洛晋建十","1","1","2"
"兖梁洛晋建十二","1","1","2"
"梁洛晋建十二州","1","1","2"
"洛晋建十二州诸","1","1","2"
"晋建十二州诸军","1","1","2"
"建十二州诸军事","1","1","2"
"累迁行台右仆射","1","1","2"
"徐州行台左仆射","1","1","2"
"仪同三司崔士顺","1","1","2"
"将作大匠元士将","1","1","2"
"太府少卿郦孝裕","1","1","2"
"尚书左民郎中薛","1","1","2"
"书左民郎中薛叔","1","1","2"
"左民郎中薛叔昭","1","1","2"
"司州治中崔龙子","1","1","2"
"清都尹丞李道隆","1","1","2"
"成安令高子彻等","1","1","2"
"世祖命纳光第二","1","1","2"
"祖命纳光第二女","1","1","2"
"周将张掖公宇文","1","1","2"
"将张掖公宇文桀","1","1","2"
"中州刺史梁士彦","1","1","2"
"开府司水大夫梁","1","1","2"
"府司水大夫梁景","1","1","2"
"司水大夫梁景兴","1","1","2"
"水大夫梁景兴等","1","1","2"
"统戎等镇戍十三","1","1","2"
"戎等镇戍十三所","1","1","2"
"柱国纥干广略围","1","1","2"
"国纥干广略围宜","1","1","2"
"纥干广略围宜阳","1","1","2"
"赠腾父机使持节","1","1","2"
"武定六年四月薨","1","1","2"
"都督冀定等五州","1","1","2"
"督冀定等五州诸","1","1","2"
"冀定等五州诸军","1","1","2"
"定等五州诸军事","1","1","2"
"都督冀定瀛沧怀","1","1","2"
"督冀定瀛沧怀五","1","1","2"
"冀定瀛沧怀五州","1","1","2"
"定瀛沧怀五州诸","1","1","2"
"瀛沧怀五州诸军","1","1","2"
"沧怀五州诸军事","1","1","2"
"定幽恒肆四州诸","1","1","2"
"幽恒肆四州诸军","1","1","2"
"恒肆四州诸军事","1","1","2"
"都督冀定瀛幽安","1","1","2"
"督冀定瀛幽安五","1","1","2"
"冀定瀛幽安五州","1","1","2"
"定瀛幽安五州诸","1","1","2"
"瀛幽安五州诸军","1","1","2"
"肆恒云朔五州军","1","1","2"
"恒云朔五州军事","1","1","2"
"都督朔瀛赵幽安","1","1","2"
"督朔瀛赵幽安五","1","1","2"
"朔瀛赵幽安五州","1","1","2"
"瀛赵幽安五州诸","1","1","2"
"赵幽安五州诸军","1","1","2"
"沧十州士卒十万","1","1","2"
"十州士卒十万人","1","1","2"
"都督青徐胶三州","1","1","2"
"督青徐胶三州军","1","1","2"
"青徐胶三州军事","1","1","2"
"前西兖州刺史乙","1","1","2"
"西兖州刺史乙瑗","1","1","2"
"谯郡太守辛景威","1","1","2"
"时梁州刺史鹿永","1","1","2"
"梁州刺史鹿永吉","1","1","2"
"西魏遣博陵王元","1","1","2"
"魏遣博陵王元约","1","1","2"
"初随荆州刺史贺","1","1","2"
"随荆州刺史贺拔","1","1","2"
"荆州刺史贺拔胜","1","1","2"
"赠青齐二州军事","1","1","2"
"封循义汾阴县侯","1","1","2"
"正平四郡大都督","1","1","2"
"朱兆立魏长广王","1","1","2"
"赠晋太华三州诸","1","1","2"
"晋太华三州诸军","1","1","2"
"太华三州诸军事","1","1","2"
"赠瀛沧幽三州军","1","1","2"
"瀛沧幽三州军事","1","1","2"
"都督沧恒二州军","1","1","2"
"督沧恒二州军事","1","1","2"
"魏河间王元琛率","1","1","2"
"河间王元琛率众","1","1","2"
"间王元琛率众救","1","1","2"
"战功赏帛五十匹","1","1","2"
"豫州防城大都督","1","1","2"
"勋累迁安东将军","1","1","2"
"冀定瀛相殷幽六","1","1","2"
"定瀛相殷幽六州","1","1","2"
"瀛相殷幽六州诸","1","1","2"
"相殷幽六州诸军","1","1","2"
"殷幽六州诸军事","1","1","2"
"都督沧冀州诸军","1","1","2"
"督沧冀州诸军事","1","1","2"
"都督冀殷瀛三州","1","1","2"
"督冀殷瀛三州诸","1","1","2"
"冀殷瀛三州诸军","1","1","2"
"殷瀛三州诸军事","1","1","2"
"诏赠缣布五百匹","1","1","2"
"督定冀殷幽四州","1","1","2"
"定冀殷幽四州诸","1","1","2"
"冀殷幽四州诸军","1","1","2"
"殷幽四州诸军事","1","1","2"
"文伟行东雍州事","1","1","2"
"都督定瀛殷三州","1","1","2"
"督定瀛殷三州军","1","1","2"
"定瀛殷三州军事","1","1","2"
"都督幽平二州军","1","1","2"
"督幽平二州军事","1","1","2"
"后行南营州刺史","1","1","2"
"仪同开府行参军","1","1","2"
"寻除左光禄大夫","1","1","2"
"尚书令李崇北伐","1","1","2"
"军功赐爵临清县","1","1","2"
"功赐爵临清县男","1","1","2"
"河阳道行台左丞","1","1","2"
"外府功曹参军事","1","1","2"
"赵国李氏口诵陈","1","1","2"
"国李氏口诵陈思","1","1","2"
"李氏口诵陈思王","1","1","2"
"氏口诵陈思王诗","1","1","2"
"大都督十州诸军","1","1","2"
"都督十州诸军事","1","1","2"
"时梁太尉王僧辩","1","1","2"
"所著文章十四卷","1","1","2"
"除子华仁州刺史","1","1","2"
"叔元襄城郡太守","1","1","2"
"叔略南营州录事","1","1","2"
"略南营州录事参","1","1","2"
"南营州录事参军","1","1","2"
"晋州车骑府长史","1","1","2"
"封乐安郡开国公","1","1","2"
"封兴势县开国伯","1","1","2"
"豫州道行台仆射","1","1","2"
"行军总管崔彦睦","1","1","2"
"军总管崔彦睦所","1","1","2"
"总管崔彦睦所杀","1","1","2"
"贺拔胜荆州开府","1","1","2"
"拔胜荆州开府长","1","1","2"
"胜荆州开府长史","1","1","2"
"加银青光禄大夫","1","1","2"
"散骑常侍中书侍","2","0","2"
"骑常侍中书侍郎","2","0","2"
"常侍中书侍郎李","2","0","2"
"事黄门侍郎李孝","1","1","2"
"黄门侍郎李孝贞","1","1","2"
"事黄门侍郎卢思","1","1","2"
"黄门侍郎卢思道","1","1","2"
"通直散骑常侍中","2","0","2"
"直散骑常侍中书","2","0","2"
"中书舍人高行恭","1","1","2"
"尚书左外兵郎中","1","1","2"
"瀛州秀才马敬德","1","1","2"
"洛州秀才傅怀德","1","1","2"
"怀州秀才古道子","1","1","2"
"广平郡孝廉李汉","1","1","2"
"平郡孝廉李汉子","1","1","2"
"渤海郡孝廉鲍长","1","1","2"
"阳平郡孝廉景孙","1","1","2"
"前梁州府主簿王","1","1","2"
"梁州府主簿王九","1","1","2"
"州府主簿王九元","1","1","2"
"前开府水曹参军","1","1","2"
"开府水曹参军周","1","1","2"
"府水曹参军周子","1","1","2"
"水曹参军周子深","1","1","2"
"曹参军周子深等","1","1","2"
"参军周子深等十","1","1","2"
"军周子深等十一","1","1","2"
"周子深等十一人","1","1","2"
"武平元年春正月","1","1","2"
"宜州刺史穆提婆","1","1","2"
"犬马鸡鹰多食县","1","1","2"
"马鸡鹰多食县干","1","1","2"
"除本州平北府长","1","1","2"
"本州平北府长流","1","1","2"
"州平北府长流参","1","1","2"
"平北府长流参军","1","1","2"
"大行台仓曹郎中","1","1","2"
"有什么遗憾的了","0","2","2"
"作臣子的就应该","0","2","2"
"臣子的就应该这","0","2","2"
"子的就应该这样","0","2","2"
"亲自拉着他的手","0","2","2"
"自拉着他的手说","0","2","2"
"像他所说的那样","0","2","2"
"事偷偷地告诉了","0","2","2"
"逭又是王的功劳","0","2","2"
"实际上是由于他","0","2","2"
"际上是由于他的","0","2","2"
"上是由于他的疾","0","2","2"
"是由于他的疾病","0","2","2"
"预测吉凶的人说","0","2","2"
"朝廷听从了他的","0","2","2"
"廷听从了他的意","0","2","2"
"向高祖作了报告","0","2","2"
"马没有受到损失","0","2","2"
"采纳了他的意见","0","2","2"
"受到当时人的鄙","0","2","2"
"到当时人的鄙弃","0","2","2"
"很久才苏醒过来","0","2","2"
"演奏铙歌的军乐","0","2","2"
"奏铙歌的军乐队","0","2","2"
"定居在北方边地","0","2","2"
"向神武作了报告","0","2","2"
"不是我们的对手","0","2","2"
"腾认为朝廷隔绝","0","2","2"
"天柱大将军之职","0","2","2"
"带着尔朱荣的妻","0","2","2"
"费也头人纥豆陵","0","2","2"
"也头人纥豆陵伊","0","2","2"
"头人纥豆陵伊利","0","2","2"
"清河王为大司马","0","2","2"
"神武从晋阳出发","0","2","2"
"州刺史可朱浑道","0","2","2"
"督中外诸军事职","0","2","2"
"能与侯景抗衡的","0","2","2"
"崔暹为御史中尉","0","2","2"
"有见识的人认为","0","2","2"
"率本州归附魏国","0","2","2"
"冀州的渤海长乐","0","2","2"
"州的渤海长乐安","0","2","2"
"的渤海长乐安德","0","2","2"
"派遣兼太尉彭城","0","2","2"
"遣兼太尉彭城王","0","2","2"
"兼太尉彭城王元","0","2","2"
"太尉彭城王元韶","0","2","2"
"兼司空敬显俊手","0","2","2"
"司空敬显俊手捧","0","2","2"
"丽派遣使者朝见","0","2","2"
"不再有等级差别","0","2","2"
"下韶书分别派遣","0","2","2"
"茹茹国派遣使者","0","2","2"
"茹国派遣使者朝","0","2","2"
"梁国湘束王萧绎","0","2","2"
"国湘束王萧绎派","0","2","2"
"湘束王萧绎派遣","0","2","2"
"束王萧绎派遣使","0","2","2"
"王萧绎派遣使者","0","2","2"
"国都派遣使者朝","0","2","2"
"在太庙举行祭祀","0","2","2"
"俘获各种牲畜十","0","2","2"
"获各种牲畜十余","0","2","2"
"各种牲畜十余万","0","2","2"
"契丹派遣使者朝","0","2","2"
"丹派遣使者朝见","0","2","2"
"室韦国派遣使者","0","2","2"
"韦国派遣使者朝","0","2","2"
"皇帝从晋阳向北","0","2","2"
"突厥派遣使者朝","0","2","2"
"厥派遣使者朝见","0","2","2"
"下诏书命令常山","0","2","2"
"诏书命令常山王","0","2","2"
"书命令常山王高","0","2","2"
"命令常山王高演","0","2","2"
"派遣尚书左仆射","0","2","2"
"第二个儿子高孝","0","2","2"
"二个儿子高孝珩","0","2","2"
"个儿子高孝珩为","0","2","2"
"儿子高孝珩为广","0","2","2"
"子高孝珩为广宁","0","2","2"
"高孝珩为广宁王","0","2","2"
"仆射杨情为尚书","0","2","2"
"帝从晋阳到京城","0","2","2"
"梁国湘州刺史王","0","2","2"
"国湘州刺史王琳","0","2","2"
"可朱浑道元为太","0","2","2"
"高阳王高浞为尚","0","2","2"
"阳王高浞为尚书","0","2","2"
"留心执政的方法","0","2","2"
"迁都到邺城以后","0","2","2"
"主持国家的权柄","0","2","2"
"政事都由自己决","0","2","2"
"事都由自己决定","0","2","2"
"开始时有心政事","0","2","2"
"良好的社会风尚","0","2","2"
"好的社会风尚井","0","2","2"
"的社会风尚井然","0","2","2"
"社会风尚井然有","0","2","2"
"会风尚井然有序","0","2","2"
"他后来放纵饮酒","0","2","2"
"后来放纵饮酒肆","0","2","2"
"来放纵饮酒肆意","0","2","2"
"放纵饮酒肆意纵","0","2","2"
"纵饮酒肆意纵欲","0","2","2"
"昏昧邪恶残忍凶","0","2","2"
"昧邪恶残忍凶暴","0","2","2"
"是近代以来没有","0","2","2"
"在晋阳宣德殿登","0","2","2"
"朝廷内外百官普","0","2","2"
"廷内外百官普遍","0","2","2"
"内外百官普遍加","0","2","2"
"外百官普遍加级","0","2","2"
"年龄在六十岁以","0","2","2"
"龄在六十岁以上","0","2","2"
"咸阳王斛律金为","0","2","2"
"常山王高演为太","0","2","2"
"长广王高湛为太","0","2","2"
"河间王高孝琬为","0","2","2"
"长广王高湛为大","0","2","2"
"广王高湛为大司","0","2","2"
"王高湛为大司马","0","2","2"
"秦王高归彦为司","0","2","2"
"诏书军队和国家","0","2","2"
"文襄帝的第二个","0","2","2"
"襄帝的第二个儿","0","2","2"
"帝的第二个儿子","0","2","2"
"帝的第六个儿子","0","2","2"
"皇帝的同母弟弟","0","2","2"
"用刀头上的环乱","0","2","2"
"刀头上的环乱打","0","2","2"
"头上的环乱打一","0","2","2"
"上的环乱打一气","0","2","2"
"减轻罪犯的刑罚","0","2","2"
"罪犯的刑罚各有","0","2","2"
"犯的刑罚各有差","0","2","2"
"的刑罚各有差别","0","2","2"
"彭城王高澈为太","0","2","2"
"其中的缘故是什","0","2","2"
"中的缘故是什么","0","2","2"
"的缘故是什么呢","0","2","2"
"缘故是什么呢?","0","2","2"
"秦王高归彦为太","0","2","2"
"阳王高淹为太宰","0","2","2"
"武成帝从晋阳到","0","2","2"
"王高孝琬为尚书","0","2","2"
"高孝琬为尚书左","0","2","2"
"孝琬为尚书左仆","0","2","2"
"琬为尚书左仆射","0","2","2"
"下韶书兼散骑常","0","2","2"
"韶书兼散骑常侍","0","2","2"
"任城王高浩为大","0","2","2"
"符节捧着皇帝的","0","2","2"
"右仆射赵彦深为","0","2","2"
"仆射赵彦深为左","0","2","2"
"射赵彦深为左仆","0","2","2"
"赵彦深为左仆射","0","2","2"
"为威宗景烈皇帝","0","2","2"
"冯翊王润为太尉","0","2","2"
"三年春正月二十","0","2","2"
"太上皇帝由晋阳","0","2","2"
"以百济王余昌为","0","2","2"
"百济王余昌为使","0","2","2"
"济王余昌为使持","0","2","2"
"王余昌为使持节","0","2","2"
"降免死罪以下犯","0","2","2"
"免死罪以下犯人","0","2","2"
"车驾从晋阳回来","0","2","2"
"宁王孝珩为司徒","0","2","2"
"年春正月十一日","0","2","2"
"周武帝亲自领兵","0","2","2"
"然讲出了这样的","0","2","2"
"讲出了这样的话","0","2","2"
"黄门侍郎颜之推","0","2","2"
"把这事告诉了皇","0","2","2"
"丞相斛律光的女","0","2","2"
"相斛律光的女儿","0","2","2"
"博陵文简王高济","0","2","2"
"平阳靖翼王高淹","0","2","2"
"彭城景思王高澈","0","2","2"
"上党刚肃王高涣","0","2","2"
"的第二个儿子产","0","2","2"
"被官吏百姓所怀","0","2","2"
"等到后主逃奔邺","0","2","2"
"到后主逃奔邺城","0","2","2"
"渐升迁到尚书令","0","2","2"
"高孝琬脱去头盔","0","2","2"
"再次冲入周国军","0","2","2"
"次冲入周国军队","0","2","2"
"冲入周国军队中","0","2","2"
"治理得井井有条","0","2","2"
"派贞阳侯萧明率","0","2","2"
"与行台慕容绍宗","0","2","2"
"卫将军刘丰等人","0","2","2"
"高祖在信都起兵","0","2","2"
"破六韩拔陵作乱","0","2","2"
"他为中军大都督","0","2","2"
"从高祖破尔朱兆","0","2","2"
"破尔朱兆于广阿","0","2","2"
"任高祖帐内都督","0","2","2"
"陪祭于高祖之庙","0","2","2"
"接受禅让建国时","0","2","2"
"受到了时论的赞","0","2","2"
"高祖命令斛律金","0","2","2"
"帝就此事询问韩","0","2","2"
"就此事询问韩长","0","2","2"
"此事询问韩长鸾","0","2","2"
"高祖为晋州刺史","0","2","2"
"高祖在韩陵打败","0","2","2"
"食邑一千七百户","0","2","2"
"上表请求解除自","0","2","2"
"表请求解除自己","0","2","2"
"门郎崔季舒等人","0","2","2"
"出任北豫州刺史","0","2","2"
"是广宁郡石门县","0","2","2"
"广宁郡石门县人","0","2","2"
"跟随高祖在韩陵","0","2","2"
"拜任车骑大将军","0","2","2"
"随高祖击破四胡","0","2","2"
"高祖击破四胡于","0","2","2"
"祖击破四胡于韩","0","2","2"
"击破四胡于韩陵","0","2","2"
"州城投降了西魏","0","2","2"
"从高祖破四胡于","0","2","2"
"高祖破四胡于韩","0","2","2"
"祖破四胡于韩陵","0","2","2"
"尔朱兆于赤霉岭","0","2","2"
"次拜任晋州刺史","0","2","2"
"破周文帝于邙山","0","2","2"
"来增加他的食邑","0","2","2"
"任第一领民酋长","0","2","2"
"外放任沧州刺史","0","2","2"
"随仪同刘丰讨伐","0","2","2"
"仪同刘丰讨伐侯","0","2","2"
"同刘丰讨伐侯景","0","2","2"
"樊子鹄占据兖州","0","2","2"
"升任员外散骑侍","0","2","2"
"随从高祖在韩陵","0","2","2"
"从高祖在邙山打","0","2","2"
"高祖在邙山打败","0","2","2"
"祖在邙山打败了","0","2","2"
"在邙山打败了周","0","2","2"
"邙山打败了周文","0","2","2"
"山打败了周文帝","0","2","2"
"为通直散骑侍郎","0","2","2"
"与萧轨等渡江攻","0","2","2"
"萧轨等渡江攻陈","0","2","2"
"不久以本官兼任","0","2","2"
"以本官兼任尚书","0","2","2"
"为员外散骑侍郎","0","2","2"
"兼任通直散骑常","0","2","2"
"从家中征召出来","0","2","2"
"征用为开府行参","0","2","2"
"用为开府行参军","0","2","2"
"出使陈朝任副使","0","2","2"
"任并省吏部郎中","0","2","2"
"任尚书吏部郎中","0","2","2"
"出任西兖州刺史","0","2","2"
"从远方表达诚意","0","2","2"
"与清河王高岳攻","0","2","2"
"依据条例降低爵","0","2","2"
"据条例降低爵位","0","2","2"
"不久任海州刺史","0","2","2"
"弹劾太师咸阳王","0","2","2"
"劾太师咸阳王元","0","2","2"
"太师咸阳王元坦","0","2","2"
"帝对左右的人说","0","2","2"
"升任尚书右仆射","0","2","2"
"吏部尚书李神俊","0","2","2"
"补任中外府功曹","0","2","2"
"任中外府功曹参","0","2","2"
"几次升任为尚书","0","2","2"
"次升任为尚书左","0","2","2"
"升任为尚书左仆","0","2","2"
"任为尚书左仆射","0","2","2"
"历任文襄大将军","0","2","2"
"任文襄大将军主","0","2","2"
"清河王高岳任司","0","2","2"
"河王高岳任司州","0","2","2"
"王高岳任司州牧","0","2","2"
"太守的官位上去","0","2","2"
"守的官位上去世","0","2","2"
"与济阴人温子升","0","2","2"
"与尚书左丞宋游","0","2","2"
"任东南道行台尚","0","2","2"
"为尚书祠部郎中","0","2","2"
"出京任西兖州刺","0","2","2"
"京任西兖州刺史","0","2","2"
"年轻时就有声誉","0","2","2"
"太祖献武皇帝为","0","2","2"
"祖献武皇帝为神","0","2","2"
"献武皇帝为神武","0","2","2"
"武皇帝为神武皇","0","2","2"
"皇帝为神武皇帝","0","2","2"
"听从了他的建议","0","2","2"
"连同以前的食邑","0","2","2"
"兼给事黄门侍郎","0","2","2"
"将吴明彻入侵淮","0","2","2"
"吴明彻入侵淮南","0","2","2"
"武平末年任太子","0","2","2"
"的父母兄弟都在","0","2","2"
"父母兄弟都在山","0","2","2"
"母兄弟都在山东","0","2","2"
"任命卢潜为扬州","0","2","2"
"命卢潜为扬州道","0","2","2"
"卢潜为扬州道行","0","2","2"
"潜为扬州道行台","0","2","2"
"任城王高浩的丞","0","2","2"
"城王高浩的丞相","0","2","2"
"治理得很有成绩","0","2","2"
"年间任尚书左丞","0","2","2"
"把他安置在宾馆","0","2","2"
"是徐遵明传授的","0","2","2"
"子的儿子为嫡孙","0","2","2"
"就立嫡子的同母","0","2","2"
"立嫡子的同母弟","0","2","2"
"成为父亲的后代","0","2","2"
"专心致志地读书","0","2","2"
"尚书令临淮王元","0","2","2"
"书令临淮王元或","0","2","2"
"拉着士开的手说","0","2","2"
"清河王高岳为使","0","2","2"
"河王高岳为使持","0","2","2"
"王高岳为使持节","0","2","2"
"皇太后为太皇太","0","2","2"
"太后为太皇太后","0","2","2"
"城王氵皆为太师","0","2","2"
"兰陵王长恭为太","0","2","2"
"加封车骑大将军","0","2","2"
"骑常侍兼中书侍","0","2","2"
"常侍兼中书侍郎","0","2","2"
"侍兼中书侍郎李","0","2","2"
"通直散骑常侍兼","0","2","2"
"直散骑常侍兼中","0","2","2"
