"N-gram","北齐书","北齐书翻译","Total"
"开府仪同三","73","75","148"
"府仪同三司","73","75","148"
"尚书左仆射","55","54","109"
"尚书右仆射","52","52","104"
"骠骑大将军","39","38","77"
"事黄门侍郎","27","28","55"
"通直散骑常","24","24","48"
"直散骑常侍","24","24","48"
"金紫光禄大","17","19","36"
"紫光禄大夫","17","19","36"
"太上皇帝诏","17","16","33"
"派遣使者朝","0","33","33"
"遣使者朝见","0","32","32"
"使者朝见进","0","32","32"
"者朝见进贡","0","32","32"
"车骑大将军","15","15","30"
"给事黄门侍","0","28","28"
"广宁王孝珩","15","12","27"
"右光禄大夫","13","13","26"
"左光禄大夫","11","11","22"
"都督中外诸","11","10","21"
"督中外诸军","11","10","21"
"兰陵王长恭","11","10","21"
"开府行参军","11","10","21"
"待诏文林馆","16","5","21"
"五州诸军事","10","10","20"
"假仪同三司","10","9","19"
"西兖州刺史","10","9","19"
"兼散骑常侍","0","19","19"
"北豫州刺史","10","8","18"
"京畿大都督","9","9","18"
"中书侍郎李","9","9","18"
"通直散骑侍","9","9","18"
"直散骑侍郎","9","9","18"
"为尚书左仆","0","18","18"
"员外散骑侍","9","8","17"
"外散骑侍郎","9","8","17"
"国遣使朝贡","15","1","16"
"安德王延宗","8","8","16"
"加仪同三司","11","5","16"
"南道大都督","8","8","16"
"加骠骑大将","11","5","16"
"银青光禄大","8","8","16"
"青光禄大夫","8","8","16"
"清河王高岳","1","15","16"
"皇帝从晋阳","0","16","16"
"州刺史任上","0","16","16"
"东徐州刺史","10","4","14"
"平秦王归彦","12","2","14"
"府长流参军","7","7","14"
"陈将吴明彻","8","6","14"
"仪同大将军","7","7","14"
"司徒左长史","7","7","14"
"任中书舍人","0","14","14"
"河间王孝琬","9","4","13"
"诏散骑常侍","13","0","13"
"加开府仪同","7","6","13"
"四州诸军事","6","7","13"
"殿中侍御史","7","6","13"
"是王的功劳","0","13","13"
"王的功劳啊","0","13","13"
"为尚书右仆","0","13","13"
"领军大将军","0","13","13"
"任给事黄门","0","13","13"
"纥豆陵步藩","6","6","12"
"万俟受洛干","6","6","12"
"中外诸军事","6","6","12"
"东南道行台","6","6","12"
"平原王段韶","7","5","12"
"六州大都督","6","6","12"
"员外散骑常","6","6","12"
"外散骑常侍","6","6","12"
"书侍郎李德","6","6","12"
"侍郎李德林","6","6","12"
"府功曹参军","6","6","12"
"府记室参军","6","6","12"
"又是王的功","0","12","12"
"任仪同三司","0","12","12"
"常山王高演","0","12","12"
"任散骑常侍","0","12","12"
"二年春正月","5","6","11"
"平秦王高归","1","10","11"
"秦王高归彦","1","10","11"
"南兖州刺史","5","6","11"
"帝从晋阳到","0","11","11"
"阳到达京城","0","11","11"
"任开府仪同","0","11","11"
"多次升迁任","0","11","11"
"祖文宣皇帝","5","5","10"
"咸阳王斛律","5","5","10"
"吏部尚书尉","5","5","10"
"丞相斛律光","4","6","10"
"莫多娄敬显","5","5","10"
"都督冀定沧","5","5","10"
"督冀定沧瀛","5","5","10"
"破四胡韩陵","10","0","10"
"第一民酋长","10","0","10"
"大行台郎中","5","5","10"
"太子中庶子","5","5","10"
"道行台左丞","5","5","10"
"隋开皇年间","0","10","10"
"第一领民酋","0","10","10"
"一领民酋长","0","10","10"
"任都官尚书","0","10","10"
"东安王娄睿","6","3","9"
"部尚书尉瑾","5","4","9"
"治书侍御史","4","5","9"
"加散骑常侍","6","3","9"
"授仪同三司","3","6","9"
"了很长时间","0","9","9"
"所以赐给王","0","9","9"
"从晋阳出发","0","9","9"
"可朱浑道元","0","9","9"
"从晋阳到达","0","9","9"
"晋阳到达京","0","9","9"
"长广王高湛","0","9","9"
"任员外散骑","0","9","9"
"几次升任为","0","9","9"
"任中书侍郎","0","9","9"
"二州诸军事","5","3","8"
"左厢大都督","4","4","8"
"豫州刺史高","4","4","8"
"三年春正月","4","4","8"
"十州诸军事","4","4","8"
"内外百官普","4","4","8"
"右丞相斛律","4","4","8"
"侍中斛律孝","4","4","8"
"中斛律孝卿","4","4","8"
"除晋州刺史","7","1","8"
"中军大都督","4","4","8"
"破六韩拔陵","4","4","8"
"道行台尚书","4","4","8"
"隋开皇中卒","5","3","8"
"南汾州刺史","4","4","8"
"开府参军事","4","4","8"
"赠仪同三司","5","3","8"
"的第二个儿","0","8","8"
"第二个儿子","0","8","8"
"任兖州刺史","0","8","8"
"食邑三百户","0","8","8"
"任通直散骑","0","8","8"
"除仪同三司","7","0","7"
"州刺史斛斯","4","3","7"
"左丞相斛律","3","4","7"
"年春正月乙","5","2","7"
"军厍狄伏连","5","2","7"
"迁散骑常侍","6","1","7"
"尚书左丞宋","3","4","7"
"周文帝邙山","7","0","7"
"武卫大将军","2","5","7"
"北道大行台","3","4","7"
"时年四十八","5","2","7"
"赠开府仪同","5","2","7"
"州录事参军","4","3","7"
"平原王高隆","3","4","7"
"了他的意见","0","7","7"
"拉着他的手","0","7","7"
"这又是王的","0","7","7"
"听从了他的","0","7","7"
"国派遣使者","0","7","7"
"任命尚书令","0","7","7"
"平阳王高淹","0","7","7"
"诏兼散骑常","0","7","7"
"宁王孝珩为","0","7","7"
"任青州刺史","0","7","7"
"任徐州刺史","0","7","7"
"任定州刺史","0","7","7"
"为散骑常侍","0","7","7"
"接受禅让建","0","7","7"
"受禅让建国","0","7","7"
"诏令斛律金","0","7","7"
"崔季舒等人","0","7","7"
"被御史弹劾","0","7","7"
"任太子舍人","0","7","7"
"任尚书左丞","0","7","7"
"兼通直散骑","0","7","7"
"兼中书侍郎","0","7","7"
"文林馆待诏","0","7","7"
"太原王绍德","6","0","6"
"济州刺史蔡","3","3","6"
"州刺史蔡俊","3","3","6"
"州刺史司马","3","3","6"
"尚书令高隆","3","3","6"
"司徒潘相乐","3","3","6"
"五年春正月","3","3","6"
"阳王斛律金","3","3","6"
"太保贺拔仁","3","3","6"
"西南道大行","3","3","6"
"南道大行台","3","3","6"
"冢宰宇文护","3","3","6"
"明元年二月","3","3","6"
"侍中宋钦道","3","3","6"
"散骑常侍郑","3","3","6"
"太祖献武皇","3","3","6"
"祖献武皇帝","3","3","6"
"丞相斛律金","3","3","6"
"散骑常侍崔","3","3","6"
"散骑常侍刘","3","3","6"
"四年春正月","3","3","6"
"仆射赵彦深","3","3","6"
"威宗景烈皇","3","3","6"
"宗景烈皇帝","3","3","6"
"皇后斛律氏","3","3","6"
"中书侍郎薛","3","3","6"
"书侍郎薛道","3","3","6"
"侍郎薛道衡","3","3","6"
"右卫大将军","2","4","6"
"授仪同大将","4","2","6"
"六州诸军事","3","3","6"
"破朱兆广阿","6","0","6"
"位仪同三司","4","2","6"
"大行台右丞","3","3","6"
"黄门郎崔季","3","3","6"
"门郎崔季舒","3","3","6"
"魏武帝入关","3","3","6"
"府外兵参军","3","3","6"
"时年四十九","3","3","6"
"大行台吏部","3","3","6"
"除散骑常侍","6","0","6"
"司徒右长史","3","3","6"
"除事黄门侍","6","0","6"
"府中兵参军","3","3","6"
"尚书吏部郎","3","3","6"
"书吏部郎中","3","3","6"
"相府功曹参","3","3","6"
"南青州刺史","3","3","6"
"博陵安平人","3","3","6"
"尚书令司马","3","3","6"
"书令司马子","3","3","6"
"太师咸阳王","3","3","6"
"中外府功曹","3","3","6"
"扬州道行台","3","3","6"
"太原公开府","3","3","6"
"除清河太守","5","1","6"
"左丞宋游道","3","3","6"
"尚书祠部郎","3","3","6"
"书祠部郎中","3","3","6"
"尚书仪曹郎","3","3","6"
"北徐州刺史","3","3","6"
"左右大将军","3","3","6"
"加安西将军","3","3","6"
"道行台仆射","3","3","6"
"行台右仆射","3","3","6"
"阳道行台左","3","3","6"
"太子中舍人","3","3","6"
"大儒徐遵明","3","3","6"
"任国子博士","1","5","6"
"任尚书左仆","0","6","6"
"兼尚书左仆","0","6","6"
"的同母弟弟","0","6","6"
"阳王高淹为","0","6","6"
"皇帝到晋阳","0","6","6"
"把他们打得","0","6","6"
"他们打得大","0","6","6"
"们打得大败","0","6","6"
"上党王高涣","0","6","6"
"广王高湛为","0","6","6"
"第三个儿子","0","6","6"
"任城王高浩","0","6","6"
"为录尚书事","0","6","6"
"任城王氵皆","0","6","6"
"冯翊王润为","0","6","6"
"车驾从晋阳","0","6","6"
"于骑马射箭","0","6","6"
"任沧州刺史","0","6","6"
"用棍棒打了","0","6","6"
"任瀛州刺史","0","6","6"
"有这样的话","0","6","6"
"琅邪王高俨","0","6","6"
"任御史中尉","0","6","6"
"高祖在韩陵","0","6","6"
"任晋州刺史","0","6","6"
"任领军将军","0","6","6"
"齐接受禅让","0","6","6"
"四胡于韩陵","0","6","6"
"任吏部尚书","0","6","6"
"为并州刺史","0","6","6"
"食邑二百户","0","6","6"
"武平末年任","0","6","6"
"府从事中郎","0","6","6"
"任车骑大将","0","6","6"
"任西兖州刺","0","6","6"
"任度支尚书","0","6","6"
"乐陵王百年","4","1","5"
"范阳卢元明","3","2","5"
"相州刺史刘","2","3","5"
"州刺史刘诞","2","3","5"
"莫多娄贷文","3","2","5"
"州刺史刘丰","3","2","5"
"显祖文宣皇","3","2","5"
"河东王潘相","3","2","5"
"东王潘相乐","3","2","5"
"尚书令杨愔","5","0","5"
"春正月乙亥","3","2","5"
"上皇帝诏散","5","0","5"
"皇帝诏散骑","5","0","5"
"帝诏散骑常","5","0","5"
"太上皇帝晋","5","0","5"
"上皇帝晋阳","5","0","5"
"太上皇帝幸","3","2","5"
"上皇帝幸晋","3","2","5"
"皇帝幸晋阳","3","2","5"
"武明娄皇后","2","3","5"
"迁尚书左仆","5","0","5"
"将宇文神举","3","2","5"
"除齐州刺史","4","1","5"
"除御史中尉","4","1","5"
"南营州刺史","3","2","5"
"上洛王思宗","3","2","5"
"封长乐郡公","3","2","5"
"豫州道行台","3","2","5"
"配享神武庙","2","3","5"
"享神武庙庭","2","3","5"
"加龙骧将军","3","2","5"
"大司马斛律","3","2","5"
"司马斛律金","3","2","5"
"迁征虏将军","3","2","5"
"贺拔伏恩等","2","3","5"
"右仆射崔暹","3","2","5"
"除徐州刺史","4","1","5"
"除车骑大将","5","0","5"
"高祖破周文","4","1","5"
"除平南将军","4","1","5"
"加车骑大将","4","1","5"
"除通直散骑","5","0","5"
"州平北府长","3","2","5"
"魏太中大夫","3","2","5"
"都督冀定瀛","3","2","5"
"授骠骑大将","1","4","5"
"天柱大将军","2","3","5"
"书左丞宋游","2","3","5"
"迁吏部尚书","3","2","5"
"世宗大将军","3","2","5"
"宗大将军府","3","2","5"
"府咨议参军","5","0","5"
"省尚书左仆","3","2","5"
"尚书左民郎","2","3","5"
"书左民郎中","2","3","5"
"任清河太守","1","4","5"
"月二十五日","1","4","5"
"是狂犬所致","0","5","5"
"受到当时人","0","5","5"
"很远的地方","0","5","5"
"执政的方法","0","5","5"
"为济州刺史","0","5","5"
"任太子洗马","0","5","5"
"月二十二日","0","5","5"
"月二十一日","0","5","5"
"的妻子儿女","0","5","5"
"下诏书任命","0","5","5"
"下诏书命令","0","5","5"
"侯莫陈相为","0","5","5"
"彭城王高澈","0","5","5"
"其中的缘故","0","5","5"
"山王高演为","0","5","5"
"王高归彦为","0","5","5"
"罚各有差别","0","5","5"
"立为皇太子","0","5","5"
"从晋阳返回","0","5","5"
"城王氵皆为","0","5","5"
"陵王长恭为","0","5","5"
"善于骑马射","0","5","5"
"逐渐升迁到","0","5","5"
"第四个儿子","0","5","5"
"任冀州刺史","0","5","5"
"自己的部众","0","5","5"
"行并州刺史","0","5","5"
"并州刺史事","0","5","5"
"高祖在信都","0","5","5"
"为晋州刺史","0","5","5"
"朱兆于广阿","0","5","5"
"又跟随高祖","0","5","5"
"任尚书右仆","0","5","5"
"为开府仪同","0","5","5"
"为南道行台","0","5","5"
"食邑五百户","0","5","5"
"在高祖左右","0","5","5"
"太安狄那人","0","5","5"
"食邑一千户","0","5","5"
"任开府参军","0","5","5"
"任齐州刺史","0","5","5"
"升任为尚书","0","5","5"
"任太常少卿","0","5","5"
"官位上去世","0","5","5"
"多次升任为","0","5","5"
"为给事黄门","0","5","5"
"任黄门侍郎","0","5","5"
"任金紫光禄","0","5","5"
"任殿中尚书","0","5","5"
"府谘议参军","0","5","5"
"河南王孝瑜","3","1","4"
"东雍州刺史","3","1","4"
"武卫将军元","2","2","4"
"纥豆陵伊利","2","2","4"
"平元年正月","2","2","4"
"州刺史斛律","2","2","4"
"州刺史尉景","2","2","4"
"率豫州刺史","3","1","4"
"豫州刺史斛","2","2","4"
"灵州刺史曹","2","2","4"
"司徒高昂等","2","2","4"
"大都督窦泰","2","2","4"
"仪同三司王","2","2","4"
"同三司王思","2","2","4"
"三司王思政","2","2","4"
"都督郑仲礼","2","2","4"
"主簿李世林","2","2","4"
"参军房子远","2","2","4"
"范阳卢景裕","3","1","4"
"刺史司马世","2","2","4"
"史司马世云","2","2","4"
"年春正月庚","2","2","4"
"春正月庚申","2","2","4"
"渤海长乐安","2","2","4"
"海长乐安德","2","2","4"
"长乐安德武","2","2","4"
"乐安德武邑","2","2","4"
"太尉彭城王","2","2","4"
"司空敬显俊","2","2","4"
"奴婢二百人","2","2","4"
"大司马娄昭","2","2","4"
"故御史中尉","2","2","4"
"御史中尉刘","2","2","4"
"史中尉刘贵","2","2","4"
"萧绎遣使朝","4","0","4"
"绎遣使朝贡","4","0","4"
"司空司马子","2","2","4"
"年春正月丙","2","2","4"
"太子庵罗辰","2","2","4"
"库莫奚遣使","4","0","4"
"莫奚遣使朝","4","0","4"
"奚遣使朝贡","4","0","4"
"年春正月癸","2","2","4"
"贞阳侯萧明","2","2","4"
"遣尚书左仆","2","2","4"
"大都督萧轨","2","2","4"
"七年春正月","2","2","4"
"常山王演等","3","1","4"
"十一月甲午","2","2","4"
"湘州刺史王","2","2","4"
"州刺史王琳","2","2","4"
"等二十五家","2","2","4"
"晋阳宣德殿","2","2","4"
"侍中燕子献","2","2","4"
"省录尚书事","3","1","4"
"平阳王淹太","4","0","4"
"武明皇太后","2","2","4"
"右仆射燕子","2","2","4"
"仆射燕子献","2","2","4"
"骑常侍郑子","2","2","4"
"常侍郑子默","2","2","4"
"封孝昭皇帝","2","2","4"
"元年春正月","2","2","4"
"大司马段韶","2","2","4"
"右仆射魏收","2","2","4"
"司空斛律光","2","2","4"
"骑常侍刘逖","2","2","4"
"四年十二月","2","2","4"
"天统元年夏","2","2","4"
"书右仆射赵","2","2","4"
"右仆射赵彦","2","2","4"
"散骑常侍王","2","2","4"
"高祖文宣皇","2","2","4"
"靺鞨遣使朝","3","1","4"
"鞨遣使朝贡","3","1","4"
"任城王湝太","4","0","4"
"冯翊王润太","4","0","4"
"散骑常侍李","2","2","4"
"百济王余昌","2","2","4"
"安定王贺拔","2","2","4"
"定王贺拔仁","2","2","4"
"仪同三司徐","2","2","4"
"外百官普进","2","2","4"
"百官普进二","2","2","4"
"官普进二级","2","2","4"
"将军厍狄伏","2","2","4"
"书侍御史王","2","2","4"
"侍御史王子","2","2","4"
"圣寿堂御览","2","2","4"
"北平王仁坚","2","2","4"
"尚书令唐邕","2","2","4"
"中书监阳休","2","2","4"
"改武平七年","2","2","4"
"武平元年六","2","2","4"
"平元年六月","2","2","4"
"黄门侍郎颜","2","2","4"
"大宁二年春","2","2","4"
"清觞满杯酌","2","2","4"
"博陵文简王","2","2","4"
"平阳靖翼王","2","2","4"
"彭城景思王","2","2","4"
"高阳康穆王","2","2","4"
"汉阳敬怀王","2","2","4"
"除开府仪同","4","0","4"
"渔阳王绍信","2","2","4"
"周将宇文神","3","1","4"
"御史王子宜","2","2","4"
"侍中冯子琮","2","2","4"
"冀定沧瀛幽","2","2","4"
"北朔州刺史","2","2","4"
"都督府长史","2","2","4"
"时年三十六","3","1","4"
"西南道大都","2","2","4"
"行台慕容绍","2","2","4"
"台慕容绍宗","2","2","4"
"慕容绍宗等","2","2","4"
"左卫将军刘","2","2","4"
"卫将军刘丰","2","2","4"
"将军刘丰等","2","2","4"
"封真定县男","2","2","4"
"配享世宗庙","2","2","4"
"享世宗庙庭","2","2","4"
"周建德七年","2","2","4"
"迁黄门侍郎","4","0","4"
"魏南部尚书","2","2","4"
"位开府仪同","3","1","4"
"授开府仪同","2","2","4"
"广宁石门人","4","0","4"
"朱兆赤谼岭","4","0","4"
"大将军斛律","2","2","4"
"将军斛律光","2","2","4"
"除尚书右仆","4","0","4"
"开府仪同大","2","2","4"
"府仪同大将","2","2","4"
"州刺史高仲","2","2","4"
"刺史高仲密","2","2","4"
"王思政入颍","4","0","4"
"十二州诸军","2","2","4"
"齐国公宇文","2","2","4"
"国公宇文宪","2","2","4"
"百升飞上天","2","2","4"
"明月照长安","2","2","4"
"州行台仆射","2","2","4"
"一千三百户","2","2","4"
"邑一千七百","2","2","4"
"一千七百户","2","2","4"
"大行台尚书","2","2","4"
"仪同三司崔","2","2","4"
"高祖义信都","4","0","4"
"右仆射高隆","2","2","4"
"时年七十一","1","3","4"
"迁司徒左长","3","1","4"
"行台仓部郎","2","2","4"
"台仓部郎中","2","2","4"
"樊子鹄兖州","4","0","4"
"东南道大都","2","2","4"
"州长史贺若","2","2","4"
"长史贺若徽","2","2","4"
"州刺史尧雄","2","2","4"
"封祖业弃城","2","2","4"
"祖破周文帝","3","1","4"
"破周文帝邙","4","0","4"
"州镇城都督","2","2","4"
"加征虏将军","3","1","4"
"云州大中正","2","2","4"
"随仪同刘丰","2","2","4"
"仪同刘丰讨","2","2","4"
"加征南将军","3","1","4"
"丞相府记室","2","2","4"
"西南道行台","2","2","4"
"时年五十一","2","2","4"
"加镇南将军","2","2","4"
"除赵州刺史","4","0","4"
"刺史元仲宗","2","2","4"
"幽州刺史刘","2","2","4"
"州刺史刘灵","2","2","4"
"刺史刘灵助","2","2","4"
"贺拔胜荆州","3","1","4"
"吏部郎中崔","2","2","4"
"部郎中崔暹","2","2","4"
"冀州刺史万","2","2","4"
"州刺史万俟","2","2","4"
"刺史万俟受","2","2","4"
"史万俟受洛","2","2","4"
"黄门郎司马","2","2","4"
"冀州大中正","2","2","4"
"萧轨等渡江","2","2","4"
"行台吏部郎","2","2","4"
"台吏部郎中","2","2","4"
"加骠骑将军","2","2","4"
"平原王段孝","2","2","4"
"原王段孝先","2","2","4"
"太子少师邢","2","2","4"
"子少师邢邵","2","2","4"
"尚书令元罗","2","2","4"
"府墨曹参军","2","2","4"
"赵郡高邑人","3","1","4"
"大丞相司马","2","2","4"
"时年六十一","1","3","4"
"殷三州军事","2","2","4"
"清河邑中正","2","2","4"
"省吏部郎中","2","2","4"
"时年五十二","2","2","4"
"功曹参军事","2","2","4"
"征西大将军","2","2","4"
"丞相骑兵参","2","2","4"
"相骑兵参军","2","2","4"
"除都官尚书","4","0","4"
"除兖州刺史","4","0","4"
"魏献文皇帝","2","2","4"
"司空行参军","2","2","4"
"历太子舍人","3","1","4"
"吏部尚书李","2","2","4"
"部尚书李神","2","2","4"
"广平王开府","2","2","4"
"外府功曹参","2","2","4"
"府仓曹参军","2","2","4"
"豹祠嫁石婆","2","2","4"
"文襄大将军","2","2","4"
"襄大将军主","2","2","4"
"大将军主簿","2","2","4"
"侍中高德政","2","2","4"
"二千石郎中","2","2","4"
"家员外散骑","4","0","4"
"河东裴伯茂","2","2","4"
"黄门侍郎李","2","2","4"
"司徒记室参","2","2","4"
"徒记室参军","2","2","4"
"通直常侍房","2","2","4"
"直常侍房延","2","2","4"
"常侍房延佑","2","2","4"
"国子博士刁","2","2","4"
"子博士刁柔","2","2","4"
"尚书毕义云","2","2","4"
"弘农华阴人","2","2","4"
"南道行台尚","2","2","4"
"济阴王晖业","2","2","4"
"大行台都官","2","2","4"
"行台都官郎","2","2","4"
"台都官郎中","2","2","4"
"齐州大中正","2","2","4"
"季舒等六人","2","2","4"
"帐内大都督","2","2","4"
"亲信副都督","2","2","4"
"左右大都督","2","2","4"
"吏部尚书袁","2","2","4"
"部尚书袁聿","2","2","4"
"尚书袁聿修","2","2","4"
"省尚书右仆","2","2","4"
"行台尚书令","2","2","4"
"河阳道行台","2","2","4"
"州道行台左","2","2","4"
"行台左仆射","2","2","4"
"寿阳道行台","2","2","4"
"迁中书侍郎","3","1","4"
"赠齐州刺史","2","2","4"
"州开府长史","2","2","4"
"除左光禄大","3","1","4"
"兖州大中正","2","2","4"
"浮阳李周仁","2","2","4"
"胡人何洪珍","2","2","4"
"侍中崔季舒","2","2","4"
"中山安喜人","2","2","4"
"州功曹参军","2","2","4"
"南兖州长史","2","2","4"
"参军周子深","2","2","4"
"襄城王元旭","1","3","4"
"太子少傅魏","2","2","4"
"子少傅魏收","2","2","4"
"尚书令临淮","2","2","4"
"书令临淮王","2","2","4"
"郎中毕义云","2","2","4"
"左外兵郎中","2","2","4"
"七月二十五","1","3","4"
"授散骑常侍","2","2","4"
"仪同三司贺","2","2","4"
"同三司贺拔","2","2","4"
"仆射胡长仁","2","2","4"
"阳王斛律光","2","2","4"
"冀定沧瀛殷","2","2","4"
"定沧瀛殷五","2","2","4"
"沧瀛殷五州","2","2","4"
"瀛殷五州诸","2","2","4"
"殷五州诸军","2","2","4"
"督冀定瀛沧","2","2","4"
"幽安五州诸","2","2","4"
"安五州诸军","2","2","4"
"加征西将军","3","1","4"
"三州诸军事","2","2","4"
"赵郡柏人人","2","2","4"
"巨鹿下曲阳","2","2","4"
"鹿下曲阳人","2","2","4"
"尚书令李崇","2","2","4"
"定州大中正","2","2","4"
"代郡平城人","2","2","4"
"也没有什么","0","4","4"
"人们都认为","0","4","4"
"司马子如说","0","4","4"
"到这个地步","0","4","4"
"着他的手说","0","4","4"
"到当时人的","0","4","4"
"在很远的地","0","4","4"
"到这个时候","0","4","4"
"宏大的基业","0","4","4"
"用刀头上的","0","4","4"
"刀头上的环","0","4","4"
"对左右的人","0","4","4"
"从了他的意","0","4","4"
"世祖去世后","0","4","4"
"高阿那肱等","0","4","4"
"采纳了他的","0","4","4"
"为母亲守丧","0","4","4"
"没有听说过","0","4","4"
"任七兵尚书","0","4","4"
"其他官职不","0","4","4"
"他官职不变","0","4","4"
"咸阳王元坦","0","4","4"
"率本州归附","0","4","4"
"彭城王元韶","0","4","4"
"又下韶书封","0","4","4"
"原王高隆之","0","4","4"
"都派遣使者","0","4","4"
"奚派遣使者","0","4","4"
"军队和国家","0","4","4"
"河间王高孝","0","4","4"
"人民的疾苦","0","4","4"
"升爵位为王","0","4","4"
"陈国人前来","0","4","4"
"国人前来访","0","4","4"
"人前来访问","0","4","4"
"冯翊王高润","0","4","4"
"赵郡王高教","0","4","4"
"月二十四日","0","4","4"
"年春正月十","0","4","4"
"王氵皆为太","0","4","4"
"翊王润为太","0","4","4"
"上皇帝诏兼","0","4","4"
"皇帝诏兼散","0","4","4"
"帝诏兼散骑","0","4","4"
"上皇帝诏以","0","4","4"
"东平王俨为","0","4","4"
"驾从晋阳返","0","4","4"
"年春正月初","0","4","4"
"齐王宇文宪","0","4","4"
"德王延宗为","0","4","4"
"魏孝静帝的","0","4","4"
"太原王高绍","0","4","4"
"原王高绍德","0","4","4"
"的第三个儿","0","4","4"
"的第四个儿","0","4","4"
"的第五个儿","0","4","4"
"第五个儿子","0","4","4"
"第七个儿子","0","4","4"
"加授仪同三","0","4","4"
"领自己的部","0","4","4"
"为兖州刺史","0","4","4"
"为中军大都","0","4","4"
"尔朱兆于广","0","4","4"
"北齐接受禅","0","4","4"
"哥哥的儿子","0","4","4"
"任光州刺史","0","4","4"
"周武帝平定","0","4","4"
"行相州刺史","0","4","4"
"相州刺史事","0","4","4"
"投降了西魏","0","4","4"
"在邙山大战","0","4","4"
"为中书舍人","0","4","4"
"朱荣进入洛","0","4","4"
"荣进入洛阳","0","4","4"
"为行台郎中","0","4","4"
"随从高祖在","0","4","4"
"为大行台郎","0","4","4"
"食邑七百户","0","4","4"
"周文帝于邙","0","4","4"
"文帝于邙山","0","4","4"
"破四胡于韩","0","4","4"
"随高祖征讨","0","4","4"
"魏孝昌年间","0","4","4"
"任平南将军","0","4","4"
"王琳的军队","0","4","4"
"开皇中卒于","0","4","4"
"任司徒左长","0","4","4"
"为中书侍郎","0","4","4"
"不久以本官","0","4","4"
"以本官兼任","0","4","4"
"几次升迁任","0","4","4"
"任都水使者","0","4","4"
"齐天保初年","0","4","4"
"令司马子如","0","4","4"
"乘驿马疾行","0","4","4"
"的官位上去","0","4","4"
"待韶文林馆","0","4","4"
"征召到晋阳","0","4","4"
"次升任为尚","0","4","4"
"河王高岳任","0","4","4"
"屡次升任为","0","4","4"
"能通晓大义","0","4","4"
"任吏部郎中","0","4","4"
"为仪同三司","0","4","4"
"皇上的旨意","0","4","4"
"兼尚书右仆","0","4","4"
"任御史中丞","0","4","4"
"沧瀛二州诸","2","1","3"
"瀛二州诸军","2","1","3"
"邺西北漳水","2","1","3"
"齐献武王奋","2","1","3"
"都督成休宁","2","1","3"
"茹茹主庵罗","2","1","3"
"茹主庵罗辰","2","1","3"
"河间邢子才","3","0","3"
"加镇西墨曹","2","1","3"
"镇西墨曹参","2","1","3"
"西墨曹参军","2","1","3"
"长乐王尉粲","2","1","3"
"神武大丞相","2","1","3"
"使御史中尉","1","2","3"
"冀州刺史高","1","2","3"
"贾显智率豫","2","1","3"
"显智率豫州","2","1","3"
"智率豫州刺","2","1","3"
"吏部尚书崔","1","2","3"
"刺史朱浑道","3","0","3"
"史朱浑道元","3","0","3"
"下四百余人","2","1","3"
"十二月丁丑","2","1","3"
"曰六王三川","2","1","3"
"西魏将独孤","3","0","3"
"大都督厍狄","1","2","3"
"神武朝京师","2","1","3"
"十二月戊戌","2","1","3"
"二年十二月","1","2","3"
"西魏仪同三","2","1","3"
"魏仪同三司","2","1","3"
"谓司马子曰","3","0","3"
"世宗文襄皇","2","1","3"
"宗文襄皇帝","2","1","3"
"南豫州刺史","2","1","3"
"食邑一万户","1","2","3"
"司空潘相乐","2","1","3"
"封文襄皇帝","1","2","3"
"周文帝率众","3","0","3"
"王萧绎遣使","3","0","3"
"年春正月丁","2","1","3"
"室韦国遣使","3","0","3"
"韦国遣使朝","3","0","3"
"契丹遣使朝","3","0","3"
"丹遣使朝贡","3","0","3"
"夏四月壬申","2","1","3"
"安德王韩轨","2","1","3"
"突厥遣使朝","3","0","3"
"厥遣使朝贡","3","0","3"
"诏常山王演","3","0","3"
"年春正月壬","3","0","3"
"十二月戊申","2","1","3"
"周冢宰宇文","2","1","3"
"左仆射杨愔","3","0","3"
"年春正月戊","2","1","3"
"彭城王浟太","3","0","3"
"景式等二十","1","2","3"
"式等二十五","1","2","3"
"乾明元年二","2","1","3"
"赵郡王睿尚","3","0","3"
"郡王睿尚书","3","0","3"
"丞相常山王","1","2","3"
"皇帝位晋阳","3","0","3"
"皇帝庙宜奏","3","0","3"
"故太师万俟","2","1","3"
"年春正月辛","2","1","3"
"春正月辛亥","2","1","3"
"诏降罪人差","3","0","3"
"时年二十七","2","1","3"
"进位右丞相","2","1","3"
"冬十一月癸","2","1","3"
"间王孝琬尚","3","0","3"
"王孝琬尚书","3","0","3"
"散骑常侍封","2","1","3"
"骑常侍封孝","2","1","3"
"常侍封孝琰","2","1","3"
"夏四月戊午","2","1","3"
"十二月辛未","2","1","3"
"太上皇帝崩","2","1","3"
"侯莫陈相太","3","0","3"
"宁王孝珩司","3","0","3"
"宁王孝珩录","2","1","3"
"王孝珩录尚","2","1","3"
"孝珩录尚书","2","1","3"
"丞相高阿肱","3","0","3"
"令侍中斛律","2","1","3"
"受遗诏辅政","2","1","3"
"生河间王孝","2","1","3"
"赐姓步六孤","2","1","3"
"永安简平王","2","1","3"
"累迁尚书左","3","0","3"
"上党刚肃王","1","2","3"
"封平原郡公","2","1","3"
"破六韩伯升","1","2","3"
"位金紫光禄","2","1","3"
"范阳王绍义","3","0","3"
"加抚军将军","2","1","3"
"泗水灌彭城","2","1","3"
"时年四十四","2","1","3"
"神武兵信都","3","0","3"
"百年皇太子","3","0","3"
"元海郑州刺","2","1","3"
"海郑州刺史","2","1","3"
"除军大将军","3","0","3"
"周师将入邺","3","0","3"
"除瀛州刺史","3","0","3"
"封章武郡王","2","1","3"
"平二年正月","1","2","3"
"高祖破纥豆","2","1","3"
"祖破纥豆陵","2","1","3"
"功封安平县","2","1","3"
"光率步骑五","3","0","3"
"除朔州刺史","3","0","3"
"率步骑五万","3","0","3"
"背上下大斧","2","1","3"
"入左卫将军","3","0","3"
"除济州刺史","2","1","3"
"魏汝南王悦","2","1","3"
"褐员外散骑","3","0","3"
"除骠骑大将","2","1","3"
"郎崔季舒等","1","2","3"
"魏长广王立","2","1","3"
"御史中尉崔","2","1","3"
"史中尉崔暹","2","1","3"
"封须昌县公","2","1","3"
"广阳王元深","1","2","3"
"配享高祖庙","1","2","3"
"立魏长广王","2","1","3"
"高祖破四胡","1","2","3"
"沧瀛四州诸","2","1","3"
"瀛四州诸军","2","1","3"
"进位开府仪","2","1","3"
"颍州长史贺","2","1","3"
"西魏遣将怡","2","1","3"
"魏遣将怡锋","2","1","3"
"遣将怡锋率","2","1","3"
"将怡锋率众","2","1","3"
"怡锋率众援","2","1","3"
"独孤愿金墉","3","0","3"
"豆陵步藩侵","1","2","3"
"封常山郡公","2","1","3"
"加中军将军","2","1","3"
"减封二百户","2","1","3"
"肆州平寇县","2","1","3"
"随高祖入洛","1","2","3"
"晋州道行台","2","1","3"
"州道行台尚","2","1","3"
"东夏州刺史","1","2","3"
"行北徐州事","2","1","3"
"阳侯萧明率","1","2","3"
"除华州刺史","2","1","3"
"时清河王岳","2","1","3"
"除龙骧将军","3","0","3"
"部曲数千人","2","1","3"
"加平北将军","2","1","3"
"行豫州刺史","1","2","3"
"光州刺史李","1","2","3"
"累迁左光禄","2","1","3"
"迁左光禄大","2","1","3"
"进位仪同三","2","1","3"
"行台司马恭","2","1","3"
"平北府长史","2","1","3"
"释褐开府参","3","0","3"
"褐开府参军","3","0","3"
"济州征东府","2","1","3"
"迁安东将军","2","1","3"
"辟开府行参","3","0","3"
"迁中书舍人","3","0","3"
"瞻词韵温雅","2","1","3"
"加冠军将军","2","1","3"
"魏尚书仆射","2","1","3"
"除胶州刺史","3","0","3"
"高祖行台右","2","1","3"
"祖行台右丞","2","1","3"
"加中散大夫","2","1","3"
"加宁远将军","2","1","3"
"迁汾州刺史","2","1","3"
"散骑侍郎彭","2","1","3"
"骑侍郎彭贵","2","1","3"
"侍郎彭贵平","2","1","3"
"齐天保元年","2","1","3"
"州征东府司","2","1","3"
"征东府司马","2","1","3"
"除海州刺史","3","0","3"
"范阳卢思道","2","1","3"
"黄门赵彦深","2","1","3"
"迁尚书右仆","3","0","3"
"天保六年春","1","2","3"
"将吴明彻寇","3","0","3"
"永嘉王萧庄","1","2","3"
"迁事黄门侍","3","0","3"
"干明元年二","1","2","3"
"梁州刺史羊","1","2","3"
"除中书侍郎","3","0","3"
"迁吏部郎中","2","1","3"
"迁通直散骑","3","0","3"
"尺书征建邺","2","1","3"
"娄定远等谋","2","1","3"
"等十八人同","2","1","3"
"任著作佐郎","1","2","3"
"改威宗景烈","2","1","3"
"录尚书事赵","2","1","3"
"除黄门侍郎","3","0","3"
"加镇东将军","2","1","3"
"武□大将军","3","0","3"
"迁行台尚书","2","1","3"
"加通直散骑","2","1","3"
"加国子祭酒","2","1","3"
"时年六十六","1","2","3"
"琅邪王俨大","3","0","3"
"太尉记室参","1","2","3"
"尉记室参军","1","2","3"
"幽州大中正","2","1","3"
"文集三十卷","1","2","3"
"开府西合祭","1","2","3"
"府西合祭酒","1","2","3"
"司徒录事参","2","1","3"
"徒录事参军","2","1","3"
"府录事参军","2","1","3"
"录尚书赵彦","2","1","3"
"尚书赵彦深","2","1","3"
"任司徒主簿","1","2","3"
"迁御史中丞","3","0","3"
"度支尚书元","2","1","3"
"举秀才入京","2","1","3"
"授中书舍人","2","1","3"
"时年五十五","1","2","3"
"授太学博士","1","2","3"
"赵州功曹参","2","1","3"
"高祖拨乱反","1","2","3"
"祖拨乱反正","1","2","3"
"南清河太守","1","2","3"
"劾太师咸阳","1","2","3"
"高祖帐内都","1","2","3"
"祖帐内都督","1","2","3"
"年七月二十","1","2","3"
"军将军娄昭","1","2","3"
"幽四州诸军","2","1","3"
"追赠开府仪","1","2","3"
"散骑常侍中","3","0","3"
"骑常侍中书","3","0","3"
"听到这个消","0","3","3"
"到这个消息","0","3","3"
"没有什么遗","0","3","3"
"有什么遗憾","0","3","3"
"什么遗憾的","0","3","3"
"帝作了报告","0","3","3"
"人们认为这","0","3","3"
"们认为这是","0","3","3"
"这难道不是","0","3","3"
"不久因病去","0","3","3"
"久因病去世","0","3","3"
"自己的儿子","0","3","3"
"是什么意思","0","3","3"
"到如此地步","0","3","3"
"打败尔朱兆","0","3","3"
"人认为这是","0","3","3"
"的人没有不","0","3","3"
"遣又是王的","0","3","3"
"国家的命运","0","3","3"
"臣和皇亲国","0","3","3"
"和皇亲国戚","0","3","3"
"的文武官员","0","3","3"
"心执政的方","0","3","3"
"流下了眼泪","0","3","3"
"但没有得到","0","3","3"
"出了这样的","0","3","3"
"了这样的话","0","3","3"
"受到高祖的","0","3","3"
"也就没有了","0","3","3"
"祖作了报告","0","3","3"
"告诉了元康","0","3","3"
"第二天早晨","0","3","3"
"原来的官职","0","3","3"
"一天天受到","0","3","3"
"免了他的罪","0","3","3"
"派高阿那肱","0","3","3"
"的两个儿子","0","3","3"
"朝廷内外都","0","3","3"
"当时的人们","0","3","3"
"占了十分之","0","3","3"
"受皇家的恩","0","3","3"
"久才苏醒过","0","3","3"
"才苏醒过来","0","3","3"
"军国大事的","0","3","3"
"丞相高阿那","0","3","3"
"相高阿那肱","0","3","3"
"得了好名声","0","3","3"
"有粮食的人","0","3","3"
"铙歌的军乐","0","3","3"
"歌的军乐队","0","3","3"
"有什么值得","0","3","3"
"过了很长时","0","3","3"
"告诉别人说","0","3","3"
"亲自到他家","0","3","3"
"他就是如此","0","3","3"
"在北方边地","0","3","3"
"孝庄帝即位","0","3","3"
"向神武作了","0","3","3"
"尔朱世隆等","0","3","3"
"共同执掌朝","0","3","3"
"同执掌朝政","0","3","3"
"神武从晋阳","0","3","3"
"从晋阳动身","0","3","3"
"军队驻扎在","0","3","3"
"派遣使者请","0","3","3"
"遣使者请求","0","3","3"
"神武认为他","0","3","3"
"侍中封隆之","0","3","3"
"把妹妹嫁给","0","3","3"
"王为大司马","0","3","3"
"刺史可朱浑","0","3","3"
"史可朱浑道","0","3","3"
"神武为相国","0","3","3"
"活捉了刺史","0","3","3"
"坚决推辞才","0","3","3"
"东魏军大败","0","3","3"
"山打败了周","0","3","3"
"打败了周文","0","3","3"
"十二月二十","0","3","3"
"免死罪以下","0","3","3"
"月二十三日","0","3","3"
"上表请求解","0","3","3"
"表请求解除","0","3","3"
"对司马子如","0","3","3"
"为御史中尉","0","3","3"
"有见识的人","0","3","3"
"冀州的渤海","0","3","3"
"书令高隆之","0","3","3"
"仪同三司高","0","3","3"
"文襄皇帝的","0","3","3"
"湘束王萧绎","0","3","3"
"萧绎派遣使","0","3","3"
"绎派遣使者","0","3","3"
"于是到达晋","0","3","3"
"是到达晋阳","0","3","3"
"帝从晋阳向","0","3","3"
"皇帝到达晋","0","3","3"
"帝到达晋阳","0","3","3"
"等人率领军","0","3","3"
"人率领军队","0","3","3"
"二个儿子高","0","3","3"
"库莫奚派遣","0","3","3"
"莫奚派遣使","0","3","3"
"十分之二三","0","3","3"
"朱浑道元为","0","3","3"
"任命司州牧","0","3","3"
"城王高澈为","0","3","3"
"高阳王高浞","0","3","3"
"皇帝在晋阳","0","3","3"
"年轻时就有","0","3","3"
"关系密切的","0","3","3"
"队和国家的","0","3","3"
"由自己决定","0","3","3"
"继承宏大的","0","3","3"
"承宏大的基","0","3","3"
"几年的时间","0","3","3"
"在六十岁以","0","3","3"
"六十岁以上","0","3","3"
"间王高孝琬","0","3","3"
"王高孝琬为","0","3","3"
"访问人民的","0","3","3"
"问人民的疾","0","3","3"
"文襄帝的第","0","3","3"
"神武皇帝的","0","3","3"
"的第六个儿","0","3","3"
"第六个儿子","0","3","3"
"并省尚书令","0","3","3"
"和朝中大臣","0","3","3"
"不知怎么办","0","3","3"
"可朱浑天和","0","3","3"
"王高淹为太","0","3","3"
"罪犯的刑罚","0","3","3"
"刑罚各有差","0","3","3"
"赵郡王高散","0","3","3"
"不要仿效前","0","3","3"
"要仿效前人","0","3","3"
"孝昭皇帝的","0","3","3"
"进升爵位为","0","3","3"
"任并州刺史","0","3","3"
"任命尚书右","0","3","3"
"命尚书右仆","0","3","3"
"武成帝从晋","0","3","3"
"成帝从晋阳","0","3","3"
"为青州刺史","0","3","3"
"城王高浩为","0","3","3"
"孝琬为尚书","0","3","3"
"书兼散骑常","0","3","3"
"周国军队进","0","3","3"
"武兴王高普","0","3","3"
"经过的地方","0","3","3"
"斛律光为太","0","3","3"
"安王娄睿又","0","3","3"
"射赵彦深为","0","3","3"
"太上皇帝从","0","3","3"
"上皇帝从晋","0","3","3"
"人遣使聘问","0","3","3"
"莫陈相为太","0","3","3"
"陈人来朝聘","0","3","3"
"人来朝聘问","0","3","3"
"以开府仪同","0","3","3"
"死罪以下犯","0","3","3"
"罪以下犯人","0","3","3"
"以下犯人徒","0","3","3"
"下犯人徒刑","0","3","3"
"王孝珩为司","0","3","3"
"琅笽王俨为","0","3","3"
"秋七月二十","0","3","3"
"赵彦深为司","0","3","3"
"一天比一天","0","3","3"
"到了自己的","0","3","3"
"封为皇太后","0","3","3"
"为太皇太后","0","3","3"
"是魏孝静帝","0","3","3"
"被免除官职","0","3","3"
"出任青州刺","0","3","3"
"渐升迁到尚","0","3","3"
"升迁到尚书","0","3","3"
"的第七个儿","0","3","3"
"官吏百姓所","0","3","3"
"吏百姓所怀","0","3","3"
"百姓所怀念","0","3","3"
"为徐州刺史","0","3","3"
"神武的第十","0","3","3"
"历任中书令","0","3","3"
"我家的千里","0","3","3"
"和莫多娄敬","0","3","3"
"帝听从了他","0","3","3"
"认为他的话","0","3","3"
"南阳王高绰","0","3","3"
"领御史中丞","0","3","3"
"为冀州刺史","0","3","3"
"率领自己的","0","3","3"
"慢慢地受到","0","3","3"
"祖在信都起","0","3","3"
"年为皇太子","0","3","3"
"任领军大将","0","3","3"
"给后部鼓吹","0","3","3"
"投奔了尔朱","0","3","3"
"奔了尔朱荣","0","3","3"
"破尔朱兆于","0","3","3"
"为领军将军","0","3","3"
"升任大司马","0","3","3"
"喜怒不形于","0","3","3"
"怒不形于色","0","3","3"
"封为安德郡","0","3","3"
"了他的官爵","0","3","3"
"齐接受惮让","0","3","3"
"是广宁郡石","0","3","3"
"广宁郡石门","0","3","3"
"娶公主为妻","0","3","3"
"高祖在山东","0","3","3"
"从高祖在邙","0","3","3"
"高祖在邙山","0","3","3"
"为都官尚书","0","3","3"
"受到了时论","0","3","3"
"到了时论的","0","3","3"
"尔朱兆等人","0","3","3"
"令斛律金率","0","3","3"
"构成犄角之","0","3","3"
"成犄角之势","0","3","3"
"斛律金率部","0","3","3"
"任朔州刺史","0","3","3"
"率五万步骑","0","3","3"
"显祖受魏禅","0","3","3"
"为行台仆射","0","3","3"
"请求解除自","0","3","3"
"求解除自己","0","3","3"
"拜开府仪同","0","3","3"
"尔朱荣进入","0","3","3"
"行冀州刺史","0","3","3"
"冀州刺史事","0","3","3"
"为员外散骑","0","3","3"
"从高祖在韩","0","3","3"
"祖在韩陵打","0","3","3"
"尔朱荣认为","0","3","3"
"为金紫光禄","0","3","3"
"任命为大行","0","3","3"
"命为大行台","0","3","3"
"仆射高隆之","0","3","3"
"时四十八岁","0","3","3"
"参加了谋划","0","3","3"
"任洛州刺史","0","3","3"
"跟随高祖在","0","3","3"
"任车骑将军","0","3","3"
"任抚军将军","0","3","3"
"拜任晋州刺","0","3","3"
"谧号为忠武","0","3","3"
"任伏波将军","0","3","3"
"平定尔朱兆","0","3","3"
"尔朱兆于赤","0","3","3"
"任骠骑大将","0","3","3"
"任梁州刺史","0","3","3"
"有先见之明","0","3","3"
"平定了叛乱","0","3","3"
"与行台侯景","0","3","3"
"的礼节对待","0","3","3"
"活捉了西魏","0","3","3"
"升任员外散","0","3","3"
"擅长骑马射","0","3","3"
"长骑马射箭","0","3","3"
"为通直散骑","0","3","3"
"为通直常侍","0","3","3"
"举起义旗的","0","3","3"
"年轻时喜好","0","3","3"
"为扬州刺史","0","3","3"
"年六十一岁","0","3","3"
"领中书舍人","0","3","3"
"兼任给事黄","0","3","3"
"都治理得很","0","3","3"
"改任都官尚","0","3","3"
"武平年间任","0","3","3"
"隋开皇初年","0","3","3"
"和士开死后","0","3","3"
"进入文林馆","0","3","3"
"久以本官兼","0","3","3"
"兼任通直散","0","3","3"
"不久加授开","0","3","3"
"久加授开府","0","3","3"
"元颢进入洛","0","3","3"
"颢进入洛阳","0","3","3"
"为开府行参","0","3","3"
"刺史任上去","0","3","3"
"史任上去世","0","3","3"
"为假仪同三","0","3","3"
"任通直侍郎","0","3","3"
"授任右光禄","0","3","3"
"任右光禄大","0","3","3"
"升任尚书右","0","3","3"
"任南青州刺","0","3","3"
"为仪同开府","0","3","3"
"县男的爵位","0","3","3"
"徐遵明学习","0","3","3"
"为官吏百姓","0","3","3"
"魏永安初年","0","3","3"
"条例降低爵","0","3","3"
"例降低爵位","0","3","3"
"总领尚书事","0","3","3"
"很看重他的","0","3","3"
"束徐州刺史","0","3","3"
"任魏中书令","0","3","3"
"以心腹之任","0","3","3"
"左右的人说","0","3","3"
"升任尚书左","0","3","3"
"吴明彻入侵","0","3","3"
"他们的姓名","0","3","3"
"草书和隶书","0","3","3"
"任赵州刺史","0","3","3"
"副使出使梁","0","3","3"
"改任大司农","0","3","3"
"他的祖先从","0","3","3"
"小时候就聪","0","3","3"
"把他推荐给","0","3","3"
"任武卫将军","0","3","3"
"从驿道兼程","0","3","3"
"追赠仪同三","0","3","3"
"任银青光禄","0","3","3"
"其他官职依","0","3","3"
"他官职依旧","0","3","3"
"任行台尚书","0","3","3"
"历任侍御史","0","3","3"
"任廷尉少卿","0","3","3"
"小时候就有","0","3","3"
"卢潜为扬州","0","3","3"
"任五兵尚书","0","3","3"
"世祖登基后","0","3","3"
"的女儿为妻","0","3","3"
"加授骠骑大","0","3","3"
"马敬德等人","0","3","3"
"嫡子的同母","0","3","3"
"子的同母弟","0","3","3"
"专心致志地","0","3","3"
"都能通晓大","0","3","3"
"朝中大臣都","0","3","3"
"出任兖州刺","0","3","3"
"作文林馆待","0","3","3"
"任殿中侍御","0","3","3"
"着士开的手","0","3","3"
"河王高岳为","0","3","3"
"赵郡王睿又","0","3","3"
"散骑常侍兼","0","3","3"
"骑常侍兼中","0","3","3"
"常侍兼中书","0","3","3"
"冀州行事司","1","1","2"
"州行事司马","1","1","2"
"行事司马子","1","1","2"
"封公积德履","1","1","2"
"公积德履仁","1","1","2"
"高祖崩晋阳","2","0","2"
"后主晋州败","2","0","2"
"汝南王彦理","2","0","2"
"始平王彦德","2","0","2"
"城阳王彦基","2","0","2"
"定阳王彦康","2","0","2"
"汝阳王彦忠","2","0","2"
"皇太后万福","1","1","2"
"累迁尚书令","2","0","2"
"骁将张白石","1","1","2"
"释褐秘书郎","2","0","2"
"袭西兖州城","1","1","2"
"赵郡李同轨","1","1","2"
"郡李同轨继","1","1","2"
"经入授皇太","2","0","2"
"入授皇太子","2","0","2"
"巨鹿魏季景","2","0","2"
"河间邢子明","2","0","2"
"咸化感所致","2","0","2"
"郡王奉太后","1","1","2"
"士开兖州刺","2","0","2"
"开兖州刺史","2","0","2"
"齐高祖神武","1","1","2"
"高祖神武皇","1","1","2"
"祖神武皇帝","1","1","2"
"镇狱队尉景","1","1","2"
"秀容人刘贵","1","1","2"
"中山人贾显","1","1","2"
"山人贾显智","1","1","2"
"户曹史孙腾","1","1","2"
"外兵史侯景","1","1","2"
"柔玄镇人杜","1","1","2"
"玄镇人杜洛","1","1","2"
"镇人杜洛周","1","1","2"
"扬州邑人庞","1","1","2"
"州邑人庞苍","1","1","2"
"邑人庞苍鹰","1","1","2"
"苍鹰母数见","2","0","2"
"朱荣击葛荣","2","0","2"
"第三镇人酋","1","1","2"
"三镇人酋长","1","1","2"
"立长广王晔","1","1","2"
"头纥豆陵步","1","1","2"
"大小二十六","1","1","2"
"长史慕容绍","1","1","2"
"史慕容绍宗","1","1","2"
"兆隔水肆骂","2","0","2"
"壶关大王山","1","1","2"
"太武帝南巡","1","1","2"
"魏普泰元年","1","1","2"
"普泰元年二","1","1","2"
"泰元年二月","1","1","2"
"朱度律废元","1","1","2"
"度律废元晔","1","1","2"
"律废元晔立","1","1","2"
"废元晔立节","1","1","2"
"元晔立节闵","1","1","2"
"腾朝廷隔绝","2","0","2"
"奉章武王融","1","1","2"
"子渤海太守","1","1","2"
"渤海太守朗","1","1","2"
"永熙元年正","1","1","2"
"熙元年正月","1","1","2"
"元年正月壬","2","0","2"
"柱国大将军","1","1","2"
"大都督崔灵","1","1","2"
"都督崔灵珍","1","1","2"
"大都督耿翔","1","1","2"
"事刘贵弃城","1","1","2"
"大行台总督","1","1","2"
"普泰元年十","1","1","2"
"泰元年十月","1","1","2"
"遣都督贾显","1","1","2"
"都督贾显智","1","1","2"
"张欢入洛阳","1","1","2"
"章武人张绍","1","1","2"
"朱氏军人见","1","1","2"
"侍中斛斯椿","1","1","2"
"贾显智等事","2","0","2"
"显智等事朱","2","0","2"
"朱仲远部下","1","1","2"
"仲远部下都","1","1","2"
"远部下都督","1","1","2"
"部下都督桥","1","1","2"
"下都督桥宁","1","1","2"
"南阳王宝炬","1","1","2"
"卫将军元毗","1","1","2"
"舍人元士弼","1","1","2"
"时司空高乾","1","1","2"
"司空高乾密","1","1","2"
"遣东徐州刺","1","1","2"
"徐州刺史潘","1","1","2"
"州刺史潘绍","1","1","2"
"刺史潘绍业","1","1","2"
"史潘绍业密","1","1","2"
"长乐太守庞","1","1","2"
"乐太守庞苍","1","1","2"
"太守庞苍鹰","1","1","2"
"授神武大行","1","1","2"
"神武大行台","1","1","2"
"酋帅吐陈等","1","1","2"
"取万俟受洛","1","1","2"
"费头虏纥豆","2","0","2"
"头虏纥豆陵","2","0","2"
"虏纥豆陵伊","2","0","2"
"遣长史侯景","1","1","2"
"天平元年正","1","1","2"
"永宁寺九层","1","1","2"
"时侍中封隆","1","1","2"
"光禄少卿元","1","1","2"
"禄少卿元子","1","1","2"
"少卿元子干","1","1","2"
"建州刺史韩","1","1","2"
"州刺史韩贤","1","1","2"
"御史中尉綦","1","1","2"
"史中尉綦俊","1","1","2"
"开府贾显智","1","1","2"
"恒州刺史厍","1","1","2"
"州刺史厍狄","1","1","2"
"刺史厍狄干","1","1","2"
"瀛州刺史郭","1","1","2"
"州刺史郭琼","1","1","2"
"汾州刺史斛","1","1","2"
"刺史斛律金","1","1","2"
"前武卫将军","1","1","2"
"武卫将军彭","1","1","2"
"卫将军彭乐","1","1","2"
"冀州刺史尉","1","1","2"
"州刺史高敖","1","1","2"
"刺史高敖曹","1","1","2"
"前侍中封隆","1","1","2"
"舍人温子升","1","1","2"
"年孙腾逃走","1","1","2"
"望君臣一体","1","1","2"
"高祖定鼎河","1","1","2"
"祖定鼎河洛","1","1","2"
"赵鞅兴晋阳","1","1","2"
"遣大行台长","1","1","2"
"大行台长孙","1","1","2"
"行台长孙承","1","1","2"
"台长孙承业","1","1","2"
"大都督颍川","1","1","2"
"都督颍川王","1","1","2"
"督颍川王斌","1","1","2"
"行台长孙子","1","1","2"
"台长孙子彦","1","1","2"
"前恒农太守","1","1","2"
"恒农太守元","1","1","2"
"农太守元洪","1","1","2"
"太守元洪略","1","1","2"
"守元洪略镇","1","1","2"
"元洪略镇陕","1","1","2"
"刺史斛斯元","1","1","2"
"史斛斯元寿","1","1","2"
"厢大都督莫","1","1","2"
"大都督莫多","1","1","2"
"都督莫多娄","1","1","2"
"督莫多娄贷","1","1","2"
"河北十余里","1","1","2"
"仪同三司叱","1","1","2"
"同三司叱列","1","1","2"
"三司叱列延","1","1","2"
"司叱列延庆","1","1","2"
"书左仆射辛","1","1","2"
"左仆射辛雄","1","1","2"
"部尚书崔孝","1","1","2"
"尚书崔孝芬","1","1","2"
"都官尚书刘","1","1","2"
"度支尚书杨","1","1","2"
"支尚书杨机","1","1","2"
"散骑常侍元","1","1","2"
"骑常侍元士","1","1","2"
"常侍元士弼","1","1","2"
"士弼籍没家","1","1","2"
"清河王亶大","2","0","2"
"河王亶大司","2","0","2"
"王亶大司马","2","0","2"
"居尚书下舍","1","1","2"
"龙门都督薛","1","1","2"
"门都督薛崇","1","1","2"
"都督薛崇礼","1","1","2"
"行台尚书长","1","1","2"
"台尚书长史","1","1","2"
"尚书长史薛","1","1","2"
"书长史薛瑜","1","1","2"
"长史薛瑜守","1","1","2"
"史薛瑜守潼","1","1","2"
"薛瑜守潼关","1","1","2"
"狄温守封陵","1","1","2"
"高昂行豫州","1","1","2"
"护军祖莹赞","1","1","2"
"魏帝清河王","1","1","2"
"西魏渭州刺","1","1","2"
"魏渭州刺史","1","1","2"
"州刺史朱浑","2","0","2"
"神武袭击刘","1","1","2"
"三年正月甲","2","0","2"
"厍狄干等万","1","1","2"
"斛拔俄弥突","1","1","2"
"留都督张琼","1","1","2"
"都督张琼镇","1","1","2"
"督张琼镇守","1","1","2"
"西魏灵州刺","1","1","2"
"魏灵州刺史","1","1","2"
"州刺史曹泥","1","1","2"
"婿凉州刺史","1","1","2"
"凉州刺史刘","1","1","2"
"逼西魏秦州","1","1","2"
"西魏秦州刺","1","1","2"
"魏秦州刺史","1","1","2"
"秦州刺史建","1","1","2"
"州刺史建忠","1","1","2"
"刺史建忠王","1","1","2"
"史建忠王万","1","1","2"
"建忠王万俟","1","1","2"
"忠王万俟普","1","1","2"
"王万俟普拨","1","1","2"
"子太宰受洛","1","1","2"
"太宰受洛干","1","1","2"
"豳州刺史叱","1","1","2"
"州刺史叱干","1","1","2"
"刺史叱干宝","1","1","2"
"史叱干宝乐","1","1","2"
"右卫将军破","1","1","2"
"卫将军破六","1","1","2"
"将军破六韩","1","1","2"
"军破六韩常","1","1","2"
"仆射行台汝","1","1","2"
"射行台汝阳","1","1","2"
"行台汝阳王","1","1","2"
"台汝阳王暹","1","1","2"
"陕九州霜旱","1","1","2"
"文曰六王三","2","0","2"
"元象元年三","1","1","2"
"象元年三月","1","1","2"
"魏将独孤信","2","0","2"
"都督厍狄干","1","1","2"
"大都督李猛","1","1","2"
"都督长孙子","1","1","2"
"督长孙子彦","1","1","2"
"魏帝进神武","1","1","2"
"十一月癸未","2","0","2"
"武定元年二","1","1","2"
"定元年二月","1","1","2"
"州刺史高慎","1","1","2"
"周文率众援","1","1","2"
"苍头冯文洛","1","1","2"
"亲信都督尉","1","1","2"
"信都督尉兴","1","1","2"
"都督尉兴庆","1","1","2"
"西魏太师贺","1","1","2"
"魏太师贺拔","1","1","2"
"太师贺拔胜","1","1","2"
"河州刺史刘","1","1","2"
"肆州北山筑","1","1","2"
"州北山筑城","1","1","2"
"神武讨山胡","1","1","2"
"开府司马任","1","1","2"
"府司马任胄","1","1","2"
"中府主簿李","1","1","2"
"府主簿李世","1","1","2"
"前开府参军","1","1","2"
"开府参军房","1","1","2"
"府参军房子","1","1","2"
"军房子远等","1","1","2"
"定三州北接","1","1","2"
"三州北接奚","1","1","2"
"殿中将军曹","1","1","2"
"中将军曹魏","1","1","2"
"将军曹魏祖","1","1","2"
"神武围玉壁","1","1","2"
"西魏晋州刺","1","1","2"
"魏晋州刺史","1","1","2"
"晋州刺史韦","1","1","2"
"州刺史韦孝","1","1","2"
"刺史韦孝宽","1","1","2"
"史韦孝宽守","1","1","2"
"韦孝宽守玉","1","1","2"
"孝宽守玉壁","1","1","2"
"景专制河南","1","1","2"
"专制河南十","1","1","2"
"制河南十四","1","1","2"
"河南十四年","1","1","2"
"汉大将军霍","1","1","2"
"大将军霍光","1","1","2"
"吏部郎崔暹","1","1","2"
"崔暹御史中","2","0","2"
"暹御史中尉","2","0","2"
"武定四年十","1","1","2"
"定四年十一","1","1","2"
"四年十一月","1","1","2"
"颍州刺史司","1","1","2"
"遣司空韩轨","1","1","2"
"魏帝诏太原","1","1","2"
"帝诏太原公","1","1","2"
"诏太原公洋","1","1","2"
"太原公洋摄","1","1","2"
"原公洋摄理","1","1","2"
"公洋摄理军","1","1","2"
"洋摄理军国","1","1","2"
"将蔡遵道北","1","1","2"
"蔡遵道北归","1","1","2"
"行台郎王伟","1","1","2"
"监卫都督乌","1","1","2"
"臣澄劝陛下","1","1","2"
"朕朕狗脚朕","1","1","2"
"韩亡子房奋","1","1","2"
"秦帝鲁连耻","1","1","2"
"忠义感君子","1","1","2"
"王南临黎阳","1","1","2"
"令朝臣牧宰","1","1","2"
"时年二十九","1","1","2"
"百尺高竿摧","1","1","2"
"尺高竿摧折","1","1","2"
"水底燃灯灯","1","1","2"
"底燃灯灯灭","1","1","2"
"北宫门外诸","1","1","2"
"宫门外诸贵","1","1","2"
"苍头薛丰洛","1","1","2"
"头薛丰洛杖","1","1","2"
"武定七年八","1","1","2"
"定七年八月","1","1","2"
"冬十月癸未","1","1","2"
"十一月戊午","1","1","2"
"吐谷浑国遣","2","0","2"
"谷浑国遣使","2","0","2"
"浑国遣使朝","2","0","2"
"齐州刺史茅","1","1","2"
"州刺史茅灵","1","1","2"
"刺史茅灵斌","1","1","2"
"德州刺史刘","1","1","2"
"豫州刺史皇","1","1","2"
"州刺史皇甫","1","1","2"
"八年春正月","1","1","2"
"楚州刺史宋","1","1","2"
"州刺史宋安","1","1","2"
"刺史宋安顾","1","1","2"
"定州刺史田","1","1","2"
"州刺史田聪","1","1","2"
"刺史田聪能","1","1","2"
"冀州渤海长","2","0","2"
"州渤海长乐","2","0","2"
"夏五月辛亥","1","1","2"
"河间高阳章","1","1","2"
"间高阳章武","1","1","2"
"中山常山博","1","1","2"
"邑二十万户","1","1","2"
"尉彭城王韶","2","0","2"
"空敬显俊奉","2","0","2"
"太保彭城王","1","1","2"
"奉皇帝玺绶","2","0","2"
"高丽遣使朝","2","0","2"
"丽遣使朝贡","2","0","2"
"故太保尉景","1","1","2"
"故大司马娄","1","1","2"
"故司徒高昂","1","1","2"
"故尚书左仆","1","1","2"
"书左仆射慕","1","1","2"
"左仆射慕容","1","1","2"
"仆射慕容绍","1","1","2"
"射慕容绍宗","1","1","2"
"故定州刺史","1","1","2"
"定州刺史段","1","1","2"
"州刺史段荣","1","1","2"
"故殷州刺史","1","1","2"
"殷州刺史刘","1","1","2"
"故济州刺史","1","1","2"
"刺史蔡俊等","1","1","2"
"弟青州刺史","1","1","2"
"仪同三司司","1","1","2"
"同三司司马","1","1","2"
"三司司马子","1","1","2"
"秋七月辛亥","1","1","2"
"辽东郡开国","1","1","2"
"东郡开国公","1","1","2"
"护东夷校尉","1","1","2"
"冬十月己卯","1","1","2"
"相国府四狱","1","1","2"
"茹茹国遣使","2","0","2"
"茹国遣使朝","2","0","2"
"州刺史段韶","2","0","2"
"梁湘东王萧","2","0","2"
"湘东王萧绎","2","0","2"
"东王萧绎遣","2","0","2"
"春正月丁未","1","1","2"
"太尉彭乐谋","1","1","2"
"尉彭乐谋反","1","1","2"
"刺史李景盛","1","1","2"
"刺史马嵩仁","1","1","2"
"夏四月壬辰","1","1","2"
"茹茹遣使朝","2","0","2"
"茹遣使朝贡","2","0","2"
"行台郎邢景","1","1","2"
"台郎邢景远","1","1","2"
"春正月丙申","1","1","2"
"获杂畜十余","2","0","2"
"杂畜十余万","2","0","2"
"茹茹主阿瑰","2","0","2"
"弟登注俟利","1","1","2"
"登注俟利发","1","1","2"
"冬十月乙未","1","1","2"
"社干戍四百","1","1","2"
"干戍四百余","1","1","2"
"戍四百余里","1","1","2"
"十一月辛巳","1","1","2"
"十二月壬子","1","1","2"
"大人阿富提","1","1","2"
"人阿富提等","1","1","2"
"夏四月戊戌","1","1","2"
"冬十月丁酉","1","1","2"
"徒潘相乐率","1","1","2"
"德王韩轨率","1","1","2"
"十一月己未","1","1","2"
"十二月己未","1","1","2"
"春正月癸巳","1","1","2"
"月周文帝废","1","1","2"
"恒州黄瓜堆","1","1","2"
"获庵罗辰妻","1","1","2"
"庵罗辰妻子","1","1","2"
"等国遣使朝","2","0","2"
"秋七月戊子","1","1","2"
"原王段韶等","2","0","2"
"王段韶等率","2","0","2"
"段韶等率众","2","0","2"
"十二月庚申","1","1","2"
"梁散骑常侍","2","0","2"
"上党王涣率","2","0","2"
"上党王涣克","2","0","2"
"孝珩广宁王","2","0","2"
"夏四月庚申","1","1","2"
"散骑常侍杨","1","1","2"
"骑常侍杨裕","1","1","2"
"秋七月己卯","1","1","2"
"俟利蔼焉力","1","1","2"
"利蔼焉力娄","1","1","2"
"蔼焉力娄阿","1","1","2"
"焉力娄阿帝","1","1","2"
"吐头发郁久","1","1","2"
"牛羊数十万","1","1","2"
"羊数十万头","1","1","2"
"茹茹俟利郁","1","1","2"
"茹俟利郁久","1","1","2"
"俟利郁久闾","1","1","2"
"利郁久闾李","1","1","2"
"郁久闾李家","1","1","2"
"久闾李家提","1","1","2"
"十一月丙戌","1","1","2"
"梁秦州刺史","2","0","2"
"遣都督柳达","1","1","2"
"都督柳达摩","1","1","2"
"督柳达摩等","1","1","2"
"南道行台赵","1","1","2"
"道行台赵彦","1","1","2"
"行台赵彦深","1","1","2"
"台赵彦深获","1","1","2"
"夫一百八十","1","1","2"
"一百八十万","1","1","2"
"百八十万人","1","1","2"
"年春正月甲","1","1","2"
"春正月甲辰","1","1","2"
"都督萧轨等","1","1","2"
"夏四月乙丑","1","1","2"
"娄睿率众讨","2","0","2"
"都督李希光","1","1","2"
"冬十月丙戌","1","1","2"
"发山东寡妇","1","1","2"
"山东寡妇二","1","1","2"
"东寡妇二千","1","1","2"
"寡妇二千六","1","1","2"
"妇二千六百","1","1","2"
"二千六百人","1","1","2"
"千六百人配","1","1","2"
"十一月壬子","1","1","2"
"一百五十三","1","1","2"
"五百八十九","1","1","2"
"二镇二十六","1","1","2"
"镇二十六戍","1","1","2"
"西魏相宇文","1","1","2"
"魏相宇文觉","1","1","2"
"西河总秦戍","1","1","2"
"八年春三月","1","1","2"
"夏四月庚午","1","1","2"
"秋八月己巳","1","1","2"
"宰宇文护杀","1","1","2"
"冬十月乙亥","1","1","2"
"九年春二月","1","1","2"
"年春二月丁","1","1","2"
"春二月丁亥","1","1","2"
"豫州刺史司","1","1","2"
"刺史司马消","1","1","2"
"史司马消难","1","1","2"
"前尚书左仆","1","1","2"
"书左仆射杨","1","1","2"
"仆射杨愔尚","2","0","2"
"射杨愔尚书","2","0","2"
"秋七月辛丑","1","1","2"
"老人刘奴等","1","1","2"
"人刘奴等九","1","1","2"
"刘奴等九百","1","1","2"
"奴等九百四","1","1","2"
"等九百四十","1","1","2"
"九百四十三","1","1","2"
"百四十三人","1","1","2"
"江州刺史沈","1","1","2"
"州刺史沈泰","1","1","2"
"梁湘州刺史","2","0","2"
"十二月癸酉","1","1","2"
"朱浑道元太","2","0","2"
"常山王演大","2","0","2"
"十年春正月","1","1","2"
"春正月戊戌","1","1","2"
"司空侯莫陈","1","1","2"
"空侯莫陈相","1","1","2"
"辽阳甘露寺","1","1","2"
"闰四月丁酉","1","1","2"
"高阳王湜尚","2","0","2"
"阳王湜尚书","2","0","2"
"始平公元世","1","1","2"
"东平公元景","1","1","2"
"平公元景式","1","1","2"
"公元景式等","1","1","2"
"元景式等二","1","1","2"
"特进元韶等","1","1","2"
"进元韶等十","1","1","2"
"元韶等十九","1","1","2"
"韶等十九家","1","1","2"
"冬十月甲午","1","1","2"
"晋阳宫德阳","1","1","2"
"阳宫德阳堂","1","1","2"
"十一月辛未","1","1","2"
"十二月乙酉","1","1","2"
"元年二月丙","1","1","2"
"年二月丙申","1","1","2"
"置百保军士","1","1","2"
"刺都督尉子","1","1","2"
"都督尉子耀","1","1","2"
"三台大光殿","1","1","2"
"台大光殿上","1","1","2"
"锯都督穆嵩","1","1","2"
"开府暴显家","1","1","2"
"高祖平定四","1","1","2"
"始存心政事","2","0","2"
"后纵酒肆欲","2","0","2"
"迹字下注云","1","1","2"
"诏国子博士","2","0","2"
"国子博士李","1","1","2"
"子博士李宝","1","1","2"
"博士李宝鼎","1","1","2"
"国子博士邢","1","1","2"
"国子助教许","1","1","2"
"子助教许散","1","1","2"
"助教许散愁","1","1","2"
"帝位晋阳宣","2","0","2"
"位晋阳宣德","2","0","2"
"外百官普加","2","0","2"
"百官普加泛","2","0","2"
"官普加泛级","2","0","2"
"年六十上癃","2","0","2"
"十一月乙卯","1","1","2"
"常山王演太","2","0","2"
"长广王湛太","2","0","2"
"改封上党王","1","1","2"
"明元年庚辰","1","1","2"
"春正月癸丑","1","1","2"
"长广王湛大","2","0","2"
"广王湛大司","2","0","2"
"王湛大司马","2","0","2"
"秦王归彦司","2","0","2"
"大丞相常山","1","1","2"
"夏四月癸亥","1","1","2"
"秋八月壬午","1","1","2"
"太皇太后令","2","0","2"
"皇建二年九","1","1","2"
"建二年九月","1","1","2"
"皇建二年秋","1","1","2"
"神武皇帝第","2","0","2"
"明皇太后早","1","1","2"
"遣中书侍郎","1","1","2"
"书侍郎李同","1","1","2"
"侍郎李同轨","1","1","2"
"开府长流参","1","1","2"
"长流参军刁","1","1","2"
"流参军刁柔","1","1","2"
"参军刁柔代","1","1","2"
"除省尚书令","2","0","2"
"皇太后日夜","1","1","2"
"中宋钦道等","1","1","2"
"中书省前遇","1","1","2"
"武卫娥永乐","1","1","2"
"卫娥永乐武","1","1","2"
"娥永乐武力","1","1","2"
"皇建元年八","1","1","2"
"建元年八月","1","1","2"
"元年八月壬","1","1","2"
"年八月壬午","1","1","2"
"奉太皇太后","1","1","2"
"皇太后称文","1","1","2"
"太后称文宣","1","1","2"
"后称文宣皇","1","1","2"
"称文宣皇后","1","1","2"
"奏太祖献武","1","1","2"
"献武皇帝庙","1","1","2"
"故司徒莫多","1","1","2"
"司徒莫多娄","1","1","2"
"徒莫多娄贷","1","1","2"
"故太师清河","1","1","2"
"太师清河王","1","1","2"
"故太宰安德","1","1","2"
"太宰安德王","1","1","2"
"扶风王朱浑","2","0","2"
"风王朱浑道","2","0","2"
"王朱浑道元","2","0","2"
"太师万俟受","1","1","2"
"师万俟受洛","1","1","2"
"故太尉慕容","1","1","2"
"太尉慕容绍","1","1","2"
"尉慕容绍宗","1","1","2"
"慕容绍宗七","1","1","2"
"容绍宗七人","1","1","2"
"配飨世宗庙","2","0","2"
"飨世宗庙庭","2","0","2"
"故太尉河东","1","1","2"
"太尉河东王","1","1","2"
"故太傅破六","1","1","2"
"太傅破六韩","1","1","2"
"傅破六韩常","1","1","2"
"破六韩常三","1","1","2"
"六韩常三人","1","1","2"
"十二月丙午","1","1","2"
"冬十月丙子","1","1","2"
"十一月甲辰","1","1","2"
"大宁元年闰","1","1","2"
"宁元年闰十","1","1","2"
"元年闰十二","1","1","2"
"年闰十二月","1","1","2"
"闰十二月癸","1","1","2"
"十二月癸卯","1","1","2"
"问舍人裴泽","1","1","2"
"舍人裴泽外","1","1","2"
"神武平定四","1","1","2"
"武平定四方","1","1","2"
"世祖武成皇","1","1","2"
"祖武成皇帝","1","1","2"
"蠕蠕太子庵","1","1","2"
"蠕太子庵罗","1","1","2"
"孝昭幸晋阳","2","0","2"
"相斛律金率","1","1","2"
"大宁元年冬","1","1","2"
"宁元年冬十","1","1","2"
"元年冬十一","1","1","2"
"年冬十一月","1","1","2"
"十一月癸丑","1","1","2"
"秦王归彦太","2","0","2"
"王睿尚书令","2","0","2"
"尚书令段韶","1","1","2"
"丰州刺史娄","1","1","2"
"阳王淹太宰","2","0","2"
"刺史斛律光","1","1","2"
"河清元年春","1","1","2"
"清元年春正","1","1","2"
"骑常侍崔瞻","1","1","2"
"青州刺史上","1","1","2"
"尚书令斛律","1","1","2"
"书令斛律光","1","1","2"
"孝琬尚书左","2","0","2"
"琬尚书左仆","2","0","2"
"冬十一月丁","1","1","2"
"十一月丁丑","1","1","2"
"十二月丙辰","1","1","2"
"武明皇后配","1","1","2"
"明皇后配祭","1","1","2"
"空斛律光督","1","1","2"
"南汾五州虫","1","1","2"
"城南双堂闰","1","1","2"
"南双堂闰位","1","1","2"
"造大总持寺","1","1","2"
"骑常侍崔子","1","1","2"
"常侍崔子武","1","1","2"
"秋八月辛丑","1","1","2"
"冬十二月癸","1","1","2"
"十二月癸巳","1","1","2"
"木汗等二十","1","1","2"
"遣大将军达","1","1","2"
"大将军达奚","1","1","2"
"将军达奚武","1","1","2"
"诏平原王段","2","0","2"
"原王段韶追","1","1","2"
"武兴王普尚","2","0","2"
"兴王普尚书","2","0","2"
"冯翊王润司","2","0","2"
"夏四月辛卯","1","1","2"
"散骑常侍皇","1","1","2"
"骑常侍皇甫","1","1","2"
"常侍皇甫亮","1","1","2"
"任城王湝大","2","0","2"
"突厥寇幽州","2","0","2"
"冬十一月甲","1","1","2"
"太尉娄睿大","2","0","2"
"十二月乙卯","1","1","2"
"豫州刺史王","1","1","2"
"州刺史王士","1","1","2"
"刺史王士良","1","1","2"
"州城内死罪","1","1","2"
"司徒斛律光","1","1","2"
"陵王长恭尚","2","0","2"
"王长恭尚书","2","0","2"
"长恭尚书令","2","0","2"
"春正月癸卯","1","1","2"
"新罗国王金","1","1","2"
"罗国王金真","1","1","2"
"国王金真兴","1","1","2"
"后园万寿堂","1","1","2"
"园万寿堂前","1","1","2"
"皇太子妃斛","1","1","2"
"太子妃斛律","1","1","2"
"子妃斛律氏","1","1","2"
"内参乘子尚","1","1","2"
"参乘子尚乘","1","1","2"
"天统四年十","1","1","2"
"统四年十二","1","1","2"
"年十二月辛","1","1","2"
"时年三十二","2","0","2"
"五年二月甲","1","1","2"
"年二月甲申","1","1","2"
"天保七年五","1","1","2"
"保七年五月","1","1","2"
"宁二年正月","1","1","2"
"统元年夏四","1","1","2"
"元年夏四月","1","1","2"
"改河清四年","1","1","2"
"瀛州刺史尉","1","1","2"
"州刺史尉粲","1","1","2"
"射赵彦深左","2","0","2"
"赵彦深左仆","2","0","2"
"彦深左仆射","2","0","2"
"骑常侍王季","1","1","2"
"常侍王季高","1","1","2"
"上皇帝诏增","1","1","2"
"皇帝诏增置","1","1","2"
"帝诏增置都","1","1","2"
"诏增置都水","1","1","2"
"增置都水使","1","1","2"
"置都水使者","1","1","2"
"都水使者一","1","1","2"
"水使者一人","1","1","2"
"太上皇帝狩","1","1","2"
"奏改高祖文","1","1","2"
"改高祖文宣","1","1","2"
"太保侯莫陈","1","1","2"
"保侯莫陈相","1","1","2"
"翊王润太尉","2","0","2"
"仪同三司韩","1","1","2"
"同三司韩祖","1","1","2"
"三司韩祖念","1","1","2"
"杀河间王孝","1","1","2"
"靺鞨国遣使","2","0","2"
"鞨国遣使朝","2","0","2"
"春正月壬辰","2","0","2"
"上皇帝诏京","1","1","2"
"皇帝诏京官","1","1","2"
"帝诏京官执","1","1","2"
"诏京官执事","1","1","2"
"京官执事散","1","1","2"
"官执事散官","1","1","2"
"执事散官三","1","1","2"
"事散官三品","1","1","2"
"邺宫九龙殿","1","1","2"
"散骑常侍司","1","1","2"
"骑常侍司马","1","1","2"
"常侍司马幼","1","1","2"
"晋阳大明殿","1","1","2"
"文武百官进","1","1","2"
"武百官进二","1","1","2"
"百官进二级","1","1","2"
"骑常侍郑大","1","1","2"
"常侍郑大护","1","1","2"
"邺宫昭阳殿","1","1","2"
"上皇帝诏侍","1","1","2"
"皇帝诏侍中","1","1","2"
"帝诏侍中斛","1","1","2"
"诏侍中斛斯","1","1","2"
"侍中斛斯文","1","1","2"
"中斛斯文略","1","1","2"
"骑常侍李翥","1","1","2"
"九州职人普","2","0","2"
"上太上皇后","1","1","2"
"太上皇后尊","1","1","2"
"上皇后尊号","1","1","2"
"州太官官口","1","1","2"
"太官官口二","1","1","2"
"官官口二处","1","1","2"
"诏天保七年","1","1","2"
"大莫娄国遣","1","1","2"
"莫娄国遣使","1","1","2"
"娄国遣使朝","1","1","2"
"改东平王俨","1","1","2"
"诏侍中叱列","1","1","2"
"侍中叱列长","1","1","2"
"中叱列长叉","1","1","2"
"使巡省河北","1","1","2"
"巡省河北诸","1","1","2"
"省河北诸州","1","1","2"
"中书监魏收","1","1","2"
"魏收尚书右","2","0","2"
"收尚书右仆","2","0","2"
"散骑常侍裴","1","1","2"
"骑常侍裴献","1","1","2"
"济王余昌使","2","0","2"
"王余昌使持","2","0","2"
"余昌使持节","2","0","2"
"降死罪下囚","2","0","2"
"人普进四级","1","1","2"
"仪同三司唐","1","1","2"
"同三司唐邕","1","1","2"
"诏右丞相斛","1","1","2"
"骑常侍刘环","1","1","2"
"常侍刘环俊","1","1","2"
"东青州刺史","1","1","2"
"杀录尚书事","1","1","2"
"军大将军厍","1","1","2"
"大将军厍狄","1","1","2"
"御史王子宣","1","1","2"
"史王子宣等","1","1","2"
"书右仆射冯","1","1","2"
"右仆射冯子","1","1","2"
"仆射冯子琮","1","1","2"
"诏侍中赫连","1","1","2"
"侍中赫连子","1","1","2"
"中赫连子悦","1","1","2"
"珩录尚书事","1","1","2"
"王孝珩司徒","2","0","2"
"省吏部尚书","1","1","2"
"左仆射唐邕","1","1","2"
"玄洲苑御览","1","1","2"
"诏文武官五","1","1","2"
"文武官五品","1","1","2"
"废皇后斛律","1","1","2"
"修文殿御览","1","1","2"
"弘德夫人穆","1","1","2"
"德夫人穆氏","1","1","2"
"废皇后胡氏","1","1","2"
"周建德元年","1","1","2"
"省尚书令高","1","1","2"
"尚书令高阿","1","1","2"
"骑常侍崔象","1","1","2"
"左皇后穆氏","1","1","2"
"兖州刺史鲜","1","1","2"
"仪同三司尉","1","1","2"
"同三司尉破","1","1","2"
"三司尉破胡","1","1","2"
"长孙洪略等","1","1","2"
"诏开府王师","1","1","2"
"开府王师罗","1","1","2"
"置左右娥英","1","1","2"
"书令唐邕等","1","1","2"
"令唐邕等大","1","1","2"
"唐邕等大破","1","1","2"
"邕等大破思","1","1","2"
"杀南阳王绰","1","1","2"
"六年春三月","1","1","2"
"妖贼郑子饶","1","1","2"
"右丞相高阿","1","1","2"
"司空赵彦深","1","1","2"
"斛律阿列罗","1","1","2"
"司徒赵彦深","1","1","2"
"欲向北朔州","2","0","2"
"宁王孝珩等","1","1","2"
"中人齐绍等","1","1","2"
"穆提婆降周","1","1","2"
"襄城王彦道","1","1","2"
"请宫人珍宝","2","0","2"
"三公等官增","1","1","2"
"元年六月生","1","1","2"
"门侍郎颜推","2","0","2"
"侍中陈德信","1","1","2"
"中陈德信等","1","1","2"
"陈德信等劝","1","1","2"
"斛律孝卿送","1","1","2"
"律孝卿送禅","1","1","2"
"周将尉迟纲","1","1","2"
"大丞相隋公","1","1","2"
"厍狄伏连反","1","1","2"
"斛律光死后","1","1","2"
"军一时二十","1","1","2"
"玉食者五百","1","1","2"
"食者五百余","1","1","2"
"者五百余人","1","1","2"
"偃武修文台","1","1","2"
"穆皇后大宝","1","1","2"
"皇后大宝林","1","1","2"
"后大宝林寺","1","1","2"
"武成风度高","1","1","2"
"郑文贞公魏","1","1","2"
"神武明皇后","1","1","2"
"武明皇后娄","1","1","2"
"明皇后娄氏","1","1","2"
"令魏安德主","1","1","2"
"魏安德主骑","1","1","2"
"安德主骑上","1","1","2"
"文宣皇后李","1","1","2"
"宣皇后李氏","1","1","2"
"太原公夫人","1","1","2"
"号昭信皇后","1","1","2"
"范阳卢道约","1","1","2"
"后主皇后斛","1","1","2"
"主皇后斛律","1","1","2"
"武平三年正","1","1","2"
"平三年正月","1","1","2"
"三年正月生","1","1","2"
"后主皇后胡","1","1","2"
"主皇后胡氏","1","1","2"
"后主皇后穆","1","1","2"
"主皇后穆氏","1","1","2"
"中宋钦道家","1","1","2"
"女侍中陆太","1","1","2"
"侍中陆太姬","1","1","2"
"中陆太姬知","1","1","2"
"时皇后斛律","1","1","2"
"奏赐姓穆氏","1","1","2"
"折冲将军元","1","1","2"
"冲将军元正","1","1","2"
"将军元正烈","1","1","2"
"神武皇帝十","1","1","2"
"武皇帝十五","1","1","2"
"明娄皇后生","1","1","2"
"娄皇后生文","1","1","2"
"皇后生文襄","1","1","2"
"后生文襄皇","1","1","2"
"生文襄皇帝","1","1","2"
"襄城景王淯","2","0","2"
"陵文简王济","2","0","2"
"王氏生永安","1","1","2"
"安简平王浚","2","0","2"
"穆氏生平阳","1","1","2"
"氏生平阳靖","1","1","2"
"生平阳靖翼","1","1","2"
"阳靖翼王淹","2","0","2"
"朱氏生彭城","1","1","2"
"氏生彭城景","1","1","2"
"生彭城景思","1","1","2"
"城景思王浟","2","0","2"
"韩氏生上党","1","1","2"
"氏生上党刚","1","1","2"
"朱氏生任城","1","1","2"
"氏生任城王","1","1","2"
"游氏生高阳","1","1","2"
"氏生高阳康","1","1","2"
"生高阳康穆","1","1","2"
"阳康穆王湜","2","0","2"
"郑氏生冯翊","1","1","2"
"氏生冯翊王","1","1","2"
"冯氏生汉阳","1","1","2"
"氏生汉阳敬","1","1","2"
"生汉阳敬怀","1","1","2"
"阳敬怀王洽","2","0","2"
"博士卢景裕","1","1","2"
"仪同刘郁捷","1","1","2"
"博士韩毅教","1","1","2"
"沃县主簿张","1","1","2"
"县主簿张达","1","1","2"
"长史韦道建","1","1","2"
"御史中丞崔","1","1","2"
"史中丞崔昂","1","1","2"
"河清三年三","1","1","2"
"清三年三月","1","1","2"
"除冀州刺史","2","0","2"
"送梁王萧明","1","1","2"
"文宣幸晋阳","2","0","2"
"库真都督破","1","1","2"
"真都督破六","1","1","2"
"都督破六韩","1","1","2"
"督破六韩伯","1","1","2"
"时年二十六","2","0","2"
"启夏门拒守","1","1","2"
"封正平郡公","1","1","2"
"青州崔蔚波","1","1","2"
"州崔蔚波等","1","1","2"
"安德王称尊","2","0","2"
"德王称尊号","2","0","2"
"周齐王宪伐","2","0","2"
"兄弟十五人","1","1","2"
"护军长史张","1","1","2"
"军长史张晏","1","1","2"
"历位中书令","2","0","2"
"太子洗马王","1","1","2"
"子洗马王洽","1","1","2"
"吾家千里驹","2","0","2"
"州大都督独","1","1","2"
"大都督独孤","1","1","2"
"都督独孤枝","1","1","2"
"督独孤枝侵","1","1","2"
"河南道行台","1","1","2"
"封文成郡公","1","1","2"
"文敬元皇后","1","1","2"
"敬元皇后生","1","1","2"
"元皇后生河","1","1","2"
"皇后生河间","1","1","2"
"后生河间王","1","1","2"
"宋氏生河南","1","1","2"
"氏生河南王","1","1","2"
"生河南王孝","1","1","2"
"王氏生广宁","1","1","2"
"氏生广宁王","1","1","2"
"生广宁王孝","1","1","2"
"陈氏生安德","1","1","2"
"氏生安德王","1","1","2"
"生安德王延","1","1","2"
"燕氏生渔阳","1","1","2"
"氏生渔阳王","1","1","2"
"生渔阳王绍","1","1","2"
"河南康舒王","1","1","2"
"饮汾清二杯","1","1","2"
"孝瑜容貌魁","1","1","2"
"瑜容貌魁伟","1","1","2"
"叛臣乞扶令","1","1","2"
"齐氏二十八","1","1","2"
"氏二十八年","1","1","2"
"依例授开府","2","0","2"
"河南种谷河","1","1","2"
"南种谷河北","1","1","2"
"种谷河北生","1","1","2"
"白杨树头金","1","1","2"
"杨树头金鸡","1","1","2"
"树头金鸡鸣","1","1","2"
"昭玄都法顺","1","1","2"
"玄都法顺请","1","1","2"
"武卫赫连辅","1","1","2"
"卫赫连辅玄","1","1","2"
"赫连辅玄倒","1","1","2"
"魏孝静皇帝","1","1","2"
"累迁州刺史","2","0","2"
"兰陵王入阵","1","1","2"
"陵王入阵曲","1","1","2"
"高阳等郡公","1","1","2"
"武平四年五","1","1","2"
"平四年五月","1","1","2"
"行参军阳士","1","1","2"
"参军阳士深","1","1","2"
"买妾二十人","1","1","2"
"兰陵王芒山","1","1","2"
"陵王芒山凯","1","1","2"
"晋昌王唐邕","1","1","2"
"齐昌王莫多","1","1","2"
"昌王莫多娄","1","1","2"
"王莫多娄敬","1","1","2"
"武卫将军相","1","1","2"
"卫将军相里","1","1","2"
"将军相里僧","1","1","2"
"军相里僧伽","1","1","2"
"尚书令史沮","1","1","2"
"书令史沮山","1","1","2"
"武卫兰芙蓉","1","1","2"
"承御上士张","1","1","2"
"御上士张寿","1","1","2"
"十二月十三","1","1","2"
"二月十三日","1","1","2"
"月十三日晡","1","1","2"
"十三日晡时","1","1","2"
"武定中广州","2","0","2"
"定中广州士","2","0","2"
"中广州士曹","2","0","2"
"城人曹普演","2","0","2"
"人曹普演言","2","0","2"
"阿保谓天保","2","0","2"
"大富人钟长","1","1","2"
"富人钟长命","1","1","2"
"人钟长命同","1","1","2"
"钟长命同床","1","1","2"
"长命同床坐","1","1","2"
"西河王绍仁","2","0","2"
"陇西王绍廉","2","0","2"
"博士任方荣","1","1","2"
"北朔州总管","1","1","2"
"前长史赵穆","1","1","2"
"灵州刺史袁","1","1","2"
"州刺史袁洪","1","1","2"
"刺史袁洪猛","1","1","2"
"立范阳王作","1","1","2"
"宇文神举攻","1","1","2"
"遣大将军宇","1","1","2"
"大将军宇文","1","1","2"
"将军宇文恩","1","1","2"
"河清三年五","1","1","2"
"清三年五月","1","1","2"
"人贾德胄教","1","1","2"
"高平王仁英","2","0","2"
"淮南王仁光","2","0","2"
"乐平王仁邕","2","0","2"
"颍川王仁俭","2","0","2"
"安乐王仁雅","2","0","2"
"丹阳王仁直","2","0","2"
"东海王仁谦","2","0","2"
"五月五日辰","1","1","2"
"月五日辰时","1","1","2"
"皇太子分路","1","1","2"
"青纱步障观","1","1","2"
"开府高舍洛","1","1","2"
"中常侍刘辟","1","1","2"
"常侍刘辟疆","1","1","2"
"冯永洛就台","2","0","2"
"永洛就台斩","2","0","2"
"京畿军士三","1","1","2"
"畿军士三千","1","1","2"
"禁兵八十人","1","1","2"
"兵八十人召","1","1","2"
"琅邪王年少","1","1","2"
"都督翟显贵","1","1","2"
"琅邪王聪明","1","1","2"
"琅邪王死后","1","1","2"
"下大小三十","1","1","2"
"琛推诚抚纳","1","1","2"
"斛斯椿等衅","2","0","2"
"汾大行台仆","1","1","2"
"大行台仆射","1","1","2"
"六州九酋长","1","1","2"
"州九酋长大","1","1","2"
"九酋长大都","1","1","2"
"酋长大都督","1","1","2"
"时年二十三","1","1","2"
"定沧瀛幽殷","1","1","2"
"肆云朔十州","1","1","2"
"云朔十州诸","1","1","2"
"朔十州诸军","1","1","2"
"睿小名须拔","1","1","2"
"魏华阳公主","1","1","2"
"明娄皇后殷","1","1","2"
"娄皇后殷勤","1","1","2"
"除太子庶子","2","0","2"
"睿身长七尺","1","1","2"
"长史宋钦道","1","1","2"
"者十三四焉","2","0","2"
"本官都督沧","1","1","2"
"东燕六州诸","1","1","2"
"燕六州诸军","1","1","2"
"除北朔州刺","2","0","2"
"尚书省分理","1","1","2"
"摄大都督府","1","1","2"
"大都督府长","1","1","2"
"转仪同三司","1","1","2"
"封颍川郡公","1","1","2"
"追赠睿父琛","1","1","2"
"赠睿父琛假","1","1","2"
"睿父琛假黄","1","1","2"
"华阳长公主","1","1","2"
"时隆冬盛寒","1","1","2"
"中官要人知","1","1","2"
"迁骠骑大将","2","0","2"
"侍中孙腾等","1","1","2"
"拥泗水灌彭","2","0","2"
"容绍宗等击","1","1","2"
"大将胡贵孙","1","1","2"
"王思政长社","2","0","2"
"引洧水灌城","2","0","2"
"本官尚书左","2","0","2"
"仪同慕容俨","1","1","2"
"高归彦少孤","1","1","2"
"六年十一月","1","1","2"
"除青州刺史","2","0","2"
"改封乐安王","1","1","2"
"仪同三司苟","1","1","2"
"同三司苟子","1","1","2"
"三司苟子溢","1","1","2"
"洮四州刺史","1","1","2"
"封广平郡公","2","0","2"
"守河阳南城","1","1","2"
"累迁散骑常","2","0","2"
"便纵酒肆情","1","1","2"
"子百年皇太","2","0","2"
"中兴寺内白","1","1","2"
"兴寺内白凫","1","1","2"
"寺内白凫翁","1","1","2"
"四方侧听声","1","1","2"
"方侧听声雍","1","1","2"
"侧听声雍雍","1","1","2"
"数百骑送济","1","1","2"
"百骑送济南","1","1","2"
"左卫大将军","1","1","2"
"丞相斛律明","1","1","2"
"相斛律明月","1","1","2"
"行台郎王行","1","1","2"
"台郎王行思","1","1","2"
"行台左丞王","1","1","2"
"台左丞王尚","1","1","2"
"左右呼万岁","1","1","2"
"妇人王氏私","1","1","2"
"人王氏私通","1","1","2"
"王氏私通生","1","1","2"
"魏上党王元","1","1","2"
"上党王元天","1","1","2"
"党王元天穆","1","1","2"
"特赐归彦纱","1","1","2"
"赐归彦纱帽","1","1","2"
"郎中令吕思","1","1","2"
"中令吕思礼","1","1","2"
"令吕思礼所","1","1","2"
"吕思礼所告","1","1","2"
"冀州长史宇","1","1","2"
"州长史宇文","1","1","2"
"长史宇文仲","1","1","2"
"史宇文仲鸾","1","1","2"
"司马李祖挹","1","1","2"
"长乐郡守尉","1","1","2"
"乐郡守尉普","1","1","2"
"郡守尉普兴","1","1","2"
"守尉普兴等","1","1","2"
"禁仲鸾等五","1","1","2"
"仲鸾等五人","1","1","2"
"归彦登城大","1","1","2"
"彦登城大叫","1","1","2"
"赵家老公时","1","1","2"
"令都督刘桃","1","1","2"
"都督刘桃枝","1","1","2"
"子孙十五人","1","1","2"
"魏末破六韩","1","1","2"
"末破六韩拔","1","1","2"
"六韩拔陵乱","2","0","2"
"镇将杨钧固","1","1","2"
"将杨钧固守","1","1","2"
"泰母梦风雷","1","1","2"
"赐爵广阿子","1","1","2"
"杜洛周军中","1","1","2"
"景妻常山君","1","1","2"
"作御史中尉","1","1","2"
"授青州刺史","1","1","2"
"封厍狄干等","1","1","2"
"魏朝赠司徒","2","0","2"
"兖州刺史樊","1","1","2"
"州刺史樊子","1","1","2"
"刺史樊子鹄","1","1","2"
"改封濮阳王","1","1","2"
"临淮国郎中","1","1","2"
"淮国郎中令","1","1","2"
"国郎中令告","1","1","2"
"后主令开府","1","1","2"
"主令开府段","1","1","2"
"令开府段畅","1","1","2"
"开府段畅率","1","1","2"
"府段畅率三","1","1","2"
"段畅率三千","1","1","2"
"畅率三千骑","1","1","2"
"令侍御史赵","1","1","2"
"侍御史赵秀","1","1","2"
"御史赵秀通","1","1","2"
"书左丞宋仲","1","1","2"
"左丞宋仲羡","1","1","2"
"留停百余日","2","0","2"
"刺史费穆送","1","1","2"
"高仲密武牢","2","0","2"
"妹乐陵长公","1","1","2"
"乐陵长公主","1","1","2"
"上赐公卿入","1","1","2"
"清河令河东","1","1","2"
"薛公长孙览","1","1","2"
"应州刺史唐","1","1","2"
"州刺史唐君","1","1","2"
"刺史唐君明","1","1","2"
"州人田昭等","1","1","2"
"人田昭等七","1","1","2"
"田昭等七千","1","1","2"
"昭等七千户","1","1","2"
"封安德郡公","2","0","2"
"复安德郡公","1","1","2"
"勋贵子孙中","1","1","2"
"除尚书左仆","2","0","2"
"怀州刺史平","1","1","2"
"州刺史平鉴","1","1","2"
"刺史平鉴等","1","1","2"
"城深入敌境","1","1","2"
"行台侯莫陈","1","1","2"
"台侯莫陈崇","1","1","2"
"仪同韩永兴","1","1","2"
"西北道慰喻","1","1","2"
"北道慰喻大","1","1","2"
"道慰喻大使","1","1","2"
"山东大行台","1","1","2"
"配飨高祖庙","2","0","2"
"飨高祖庙庭","2","0","2"
"武明皇后姊","1","1","2"
"寻高祖晋阳","2","0","2"
"追朱兆赤谼","2","0","2"
"军功封下洛","1","1","2"
"功封下洛县","1","1","2"
"封下洛县男","1","1","2"
"斛律弥娥突","1","1","2"
"累迁武卫将","1","1","2"
"迁武卫将军","1","1","2"
"荣姑臧县侯","1","1","2"
"继母弟宁安","1","1","2"
"段孝先论兵","1","1","2"
"封继母梁氏","1","1","2"
"继母弟孝言","1","1","2"
"梁将东方白","1","1","2"
"将东方白额","1","1","2"
"梁将严超达","1","1","2"
"将严超达等","1","1","2"
"陈武帝率众","1","1","2"
"武帝率众将","1","1","2"
"刺史王敬宝","1","1","2"
"史王敬宝遣","1","1","2"
"王敬宝遣使","1","1","2"
"仪同敬显俊","1","1","2"
"尧难宗等围","1","1","2"
"难宗等围守","1","1","2"
"宗等围守宿","1","1","2"
"等围守宿预","1","1","2"
"行台辛术等","1","1","2"
"封平原郡王","1","1","2"
"果园一千亩","1","1","2"
"令韶率骑追","1","1","2"
"宰宇文护母","1","1","2"
"宇文护母阎","1","1","2"
"文护母阎氏","1","1","2"
"护母阎氏先","1","1","2"
"母阎氏先配","1","1","2"
"阎氏先配中","1","1","2"
"氏先配中山","1","1","2"
"黄门徐世荣","1","1","2"
"门徐世荣乘","1","1","2"
"遣将尉迟迥","1","1","2"
"将尉迟迥等","1","1","2"
"尉迟迥等袭","1","1","2"
"军斛律光率","1","1","2"
"谷水三十里","1","1","2"
"车驾幸洛阳","2","0","2"
"封灵武县公","1","1","2"
"武平二年正","1","1","2"
"太尉兰陵王","1","1","2"
"尉兰陵王长","1","1","2"
"仪同薛敬礼","1","1","2"
"仪同若干显","1","1","2"
"同若干显宝","1","1","2"
"若干显宝等","1","1","2"
"开府仪同杨","1","1","2"
"府仪同杨范","1","1","2"
"魏黄门郎元","1","1","2"
"中山长公主","1","1","2"
"源州大中正","1","1","2"
"诏封深济北","1","1","2"
"封深济北王","1","1","2"
"荣第二子孝","1","1","2"
"第二子孝言","1","1","2"
"封霸城县侯","1","1","2"
"便骄奢放逸","1","1","2"
"宾客宋孝王","1","1","2"
"客宋孝王家","1","1","2"
"食阳城郡干","1","1","2"
"诸人膝行跪","1","1","2"
"人膝行跪伏","1","1","2"
"富商大贾多","1","1","2"
"后加上开府","1","1","2"
"高祖倍侯利","1","1","2"
"赐爵孟都公","1","1","2"
"六韩拔陵构","2","0","2"
"韩拔陵构逆","2","0","2"
"第二民酋长","2","0","2"
"杜洛周所破","2","0","2"
"加宁朔将军","1","1","2"
"加镇南大将","1","1","2"
"镇南大将军","1","1","2"
"蔚六州大都","1","1","2"
"加右光禄大","1","1","2"
"行台薛修义","1","1","2"
"邵郡等数城","1","1","2"
"步大汗萨等","1","1","2"
"薛孤延等固","1","1","2"
"孤延等固守","1","1","2"
"延等固守河","1","1","2"
"等固守河阳","1","1","2"
"大都督李景","1","1","2"
"朱浑道元等","1","1","2"
"西魏九曲戍","1","1","2"
"魏九曲戍将","1","1","2"
"九曲戍将马","1","1","2"
"曲戍将马绍","1","1","2"
"戍将马绍隆","1","1","2"
"封咸阳郡王","2","0","2"
"金第二子丰","1","1","2"
"第二子丰乐","1","1","2"
"虏帅豆婆吐","1","1","2"
"帅豆婆吐久","1","1","2"
"豆婆吐久备","1","1","2"
"三千余户密","1","1","2"
"将举国西徙","1","1","2"
"外戚梁冀等","1","1","2"
"都督朔定冀","1","1","2"
"瀛青齐沧幽","1","1","2"
"青齐沧幽肆","1","1","2"
"齐沧幽肆晋","1","1","2"
"沧幽肆晋汾","1","1","2"
"幽肆晋汾十","1","1","2"
"肆晋汾十二","1","1","2"
"晋汾十二州","1","1","2"
"汾十二州诸","1","1","2"
"周文帝长史","1","1","2"
"文帝长史莫","1","1","2"
"累加卫将军","1","1","2"
"丞相属邢子","1","1","2"
"相属邢子高","1","1","2"
"封西安县子","1","1","2"
"仪同王敬俊","1","1","2"
"同王敬俊等","1","1","2"
"杂畜千余头","1","1","2"
"翼城等四戍","1","1","2"
"开府曹回公","1","1","2"
"仪同薛禹生","1","1","2"
"同薛禹生弃","1","1","2"
"薛禹生弃城","1","1","2"
"食中山郡干","1","1","2"
"河清二年四","1","1","2"
"清二年四月","1","1","2"
"达奚成兴等","1","1","2"
"诏光率步骑","2","0","2"
"光率步骑三","2","0","2"
"率步骑三万","2","0","2"
"封冠军县公","1","1","2"
"武平元年正","1","1","2"
"周齐国公宇","1","1","2"
"申国公扌翕","1","1","2"
"国公扌翕跋","1","1","2"
"公扌翕跋显","1","1","2"
"扌翕跋显敬","1","1","2"
"光置筑统关","1","1","2"
"开府宇文英","1","1","2"
"都督越勤世","1","1","2"
"督越勤世良","1","1","2"
"大将军中部","1","1","2"
"将军中部公","1","1","2"
"军中部公梁","1","1","2"
"中部公梁洛","1","1","2"
"部公梁洛都","1","1","2"
"夷夏万余户","1","1","2"
"罕公普屯威","1","1","2"
"柱国韦孝宽","1","1","2"
"国韦孝宽等","1","1","2"
"大都督等九","1","1","2"
"都督等九人","1","1","2"
"周建安等四","1","1","2"
"建安等四戍","1","1","2"
"求娶光庶女","1","1","2"
"将军韦孝宽","1","1","2"
"军韦孝宽忌","1","1","2"
"盲眼老公背","1","1","2"
"眼老公背上","1","1","2"
"老公背上下","1","1","2"
"公背上下大","1","1","2"
"丰乐威行突","1","1","2"
"乐威行突厥","1","1","2"
"帝问韩长鸾","2","0","2"
"丞相府佐封","1","1","2"
"相府佐封士","1","1","2"
"袭封崇国公","1","1","2"
"封显亲县伯","1","1","2"
"统元年夏五","1","1","2"
"元年夏五月","1","1","2"
"突厥木汗遣","1","1","2"
"厥木汗遣使","1","1","2"
"木汗遣使请","1","1","2"
"加行台仆射","2","0","2"
"置立戍逻五","1","1","2"
"立戍逻五十","1","1","2"
"戍逻五十余","1","1","2"
"逻五十余所","1","1","2"
"军贺拔伏恩","1","1","2"
"拔伏恩等十","1","1","2"
"伏恩等十余","1","1","2"
"恩等十余人","1","1","2"
"军大将军鲜","1","1","2"
"洛州行台仆","1","1","2"
"行台仆射独","1","1","2"
"台仆射独孤","1","1","2"
"仆射独孤永","1","1","2"
"射独孤永业","1","1","2"
"行燕郡守马","1","1","2"
"燕郡守马嗣","1","1","2"
"郡守马嗣明","1","1","2"
"迁襄威将军","1","1","2"
"大将军尉宾","1","1","2"
"行肆州刺史","1","1","2"
"右将军李小","1","1","2"
"将军李小光","1","1","2"
"青州刺史敬","1","1","2"
"州刺史敬显","1","1","2"
"刺史敬显俊","1","1","2"
"左卫将军厍","1","1","2"
"卫将军厍狄","1","1","2"
"厍狄伏连等","1","1","2"
"进位骠骑大","1","1","2"
"位骠骑大将","1","1","2"
"行兖州刺史","1","1","2"
"高祖都督府","1","1","2"
"祖都督府长","1","1","2"
"高祖东征邢","1","1","2"
"祖东征邢杲","1","1","2"
"抚宜镇军人","1","1","2"
"封石安县伯","1","1","2"
"六州流民大","1","1","2"
"州流民大都","1","1","2"
"流民大都督","1","1","2"
"改封咸阳郡","1","1","2"
"封咸阳郡公","1","1","2"
"时魏京兆王","1","1","2"
"魏京兆王愉","1","1","2"
"将十余骑驰","2","0","2"
"冀相殷定沧","1","1","2"
"相殷定沧瀛","1","1","2"
"殷定沧瀛幽","1","1","2"
"定沧瀛幽安","1","1","2"
"沧瀛幽安八","1","1","2"
"瀛幽安八州","1","1","2"
"幽安八州行","1","1","2"
"安八州行台","1","1","2"
"八州行台仆","1","1","2"
"时西魏遣将","1","1","2"
"西魏遣将寇","1","1","2"
"括浮逃户口","1","1","2"
"释褐员外散","2","0","2"
"高祖临晋州","2","0","2"
"高祖讨斛斯","2","0","2"
"祖讨斛斯椿","2","0","2"
"进位司徒公","1","1","2"
"本官录尚书","1","1","2"
"官录尚书事","1","1","2"
"禁止尚书省","2","0","2"
"帝将受魏禅","1","1","2"
"子德枢等十","1","1","2"
"德枢等十余","1","1","2"
"枢等十余人","1","1","2"
"袭爵阳夏王","1","1","2"
"同三司崔孝","1","1","2"
"三司崔孝芬","1","1","2"
"太府卿任集","1","1","2"
"瀛州刺史元","1","1","2"
"州刺史元晏","1","1","2"
"魏鲁阳太守","1","1","2"
"假平南将军","1","1","2"
"封平遥县子","1","1","2"
"爵阳平郡公","1","1","2"
"南岐州刺史","1","1","2"
"世宗入辅朝","2","0","2"
"宗入辅朝政","2","0","2"
"能平心处物","2","0","2"
"时年六十四","1","1","2"
"赠岳州刺史","1","1","2"
"除卫尉少卿","2","0","2"
"重赠子瑞怀","1","1","2"
"赠子瑞怀州","1","1","2"
"隋开皇中尚","2","0","2"
"开皇中尚书","2","0","2"
"尚书民部侍","1","1","2"
"书民部侍郎","1","1","2"
"允父子兄弟","1","1","2"
"封寿阳县侯","1","1","2"
"魏武帝猜忌","1","1","2"
"武帝猜忌高","1","1","2"
"帝猜忌高祖","1","1","2"
"赠定州刺史","2","0","2"
"魏怀朔镇将","1","1","2"
"相府事中郎","2","0","2"
"杜洛周所虏","2","0","2"
"齐州刺史尉","1","1","2"
"天平三年秋","1","1","2"
"时年四十二","1","1","2"
"享高祖庙庭","1","1","2"
"民韩木兰等","1","1","2"
"韩木兰等率","1","1","2"
"木兰等率土","1","1","2"
"魏镇远将军","1","1","2"
"子鹄兖州反","2","0","2"
"兴敬随司空","1","1","2"
"敬随司空韩","1","1","2"
"随司空韩轨","1","1","2"
"高祖攻周文","2","0","2"
"祖攻周文帝","2","0","2"
"攻周文帝邙","2","0","2"
"豳三州军事","1","1","2"
"改封卢乡县","1","1","2"
"封卢乡县侯","1","1","2"
"朱荣府骑兵","1","1","2"
"荣府骑兵参","1","1","2"
"府骑兵参军","1","1","2"
"行台元显恭","1","1","2"
"大都督裴俊","1","1","2"
"都督裴俊等","1","1","2"
"复除晋州刺","2","0","2"
"除肆州刺史","2","0","2"
"肆州大中正","1","1","2"
"元年十一月","1","1","2"
"赐爵西河县","1","1","2"
"爵西河县公","1","1","2"
"转尚书左仆","2","0","2"
"持节南道大","1","1","2"
"节南道大都","1","1","2"
"时范阳人卢","1","1","2"
"范阳人卢仲","1","1","2"
"阳人卢仲延","1","1","2"
"人卢仲延率","1","1","2"
"率河北流人","2","0","2"
"河北流人反","2","0","2"
"叱列陀等讨","1","1","2"
"破梁仁州刺","1","1","2"
"梁仁州刺史","1","1","2"
"仁州刺史黄","1","1","2"
"州刺史黄道","1","1","2"
"刺史黄道始","1","1","2"
"史贺若徽执","2","0","2"
"贺若徽执刺","2","0","2"
"若徽执刺史","2","0","2"
"徽执刺史田","2","0","2"
"执刺史田迅","2","0","2"
"豫州刺史尧","1","1","2"
"刺史尧雄等","1","1","2"
"延敬等战失","2","0","2"
"敬等战失利","2","0","2"
"元象元年秋","1","1","2"
"时年四十五","1","1","2"
"除伏波将军","2","0","2"
"武贲中郎将","1","1","2"
"奴婢三十人","1","1","2"
"五州大都督","1","1","2"
"行台侯景攻","1","1","2"
"攻独孤愿金","2","0","2"
"孤愿金墉城","2","0","2"
"恒州内部敕","1","1","2"
"州内部敕勒","1","1","2"
"刘仑等聚众","1","1","2"
"秀容大都督","1","1","2"
"邑一千五百","1","1","2"
"一千五百户","1","1","2"
"随大都督娄","1","1","2"
"大都督娄昭","1","1","2"
"都督娄昭讨","2","0","2"
"除西兖州刺","2","0","2"
"高祖沙苑失","2","0","2"
"祖沙苑失利","2","0","2"
"晋州行事封","1","1","2"
"州行事封祖","1","1","2"
"行事封祖业","1","1","2"
"事封祖业弃","1","1","2"
"南汾二州境","1","1","2"
"秀容人五千","1","1","2"
"容人五千户","1","1","2"
"击怀州逆贼","1","1","2"
"怀州逆贼潘","1","1","2"
"州逆贼潘集","1","1","2"
"云五州军事","1","1","2"
"赠物一千段","2","0","2"
"豫州镇城都","1","1","2"
"尉帅乙弗丑","1","1","2"
"后隶高祖都","2","0","2"
"隶高祖都督","2","0","2"
"转梁州刺史","2","0","2"
"高祖围邺城","1","1","2"
"加安东将军","2","0","2"
"高祖启减国","2","0","2"
"保洛随例封","1","1","2"
"洛随例封昌","1","1","2"
"随例封昌平","1","1","2"
"例封昌平县","1","1","2"
"封昌平县薄","1","1","2"
"昌平县薄家","1","1","2"
"平县薄家城","1","1","2"
"县薄家城乡","1","1","2"
"薄家城乡男","1","1","2"
"家城乡男一","1","1","2"
"城乡男一百","1","1","2"
"乡男一百户","1","1","2"
"仪同贾显智","1","1","2"
"同贾显智率","1","1","2"
"刺史斛斯寿","1","1","2"
"高祖袭夏州","1","1","2"
"西夏州刺史","1","1","2"
"除梁州刺史","2","0","2"
"封富平县伯","1","1","2"
"行台尚书仆","1","1","2"
"台尚书仆射","1","1","2"
"行台左丞侯","1","1","2"
"军大将军韩","1","1","2"
"节度西道诸","1","1","2"
"度西道诸军","1","1","2"
"西道诸军事","1","1","2"
"邑一千一百","1","1","2"
"一千一百户","1","1","2"
"武平二年四","1","1","2"
"平二年四月","1","1","2"
"授上大将军","2","0","2"
"朔州征虏府","1","1","2"
"州征虏府外","1","1","2"
"征虏府外兵","1","1","2"
"虏府外兵参","1","1","2"
"忻豪险放纵","1","1","2"
"封固安县开","1","1","2"
"固安县开国","1","1","2"
"安县开国子","1","1","2"
"同刘丰讨侯","2","0","2"
"刘丰讨侯景","2","0","2"
"肆幽安四州","1","1","2"
"幽安四州军","1","1","2"
"安四州军事","1","1","2"
"颍川人张俭","1","1","2"
"川人张俭聚","1","1","2"
"人张俭聚众","1","1","2"
"二人劝后主","1","1","2"
"人劝后主作","1","1","2"
"劝后主作承","1","1","2"
"后主作承光","1","1","2"
"主作承光主","1","1","2"
"作承光主诏","1","1","2"
"魏燕州刺史","1","1","2"
"后主命世清","1","1","2"
"封城平县伯","1","1","2"
"雄车骑大将","1","1","2"
"郢四州都督","1","1","2"
"赵继宗杀颍","1","1","2"
"继宗杀颍川","1","1","2"
"宗杀颍川太","1","1","2"
"杀颍川太守","1","1","2"
"颍川太守邵","1","1","2"
"川太守邵招","1","1","2"
"称豫州刺史","1","1","2"
"行台侯景讨","2","0","2"
"梁将李洪芝","1","1","2"
"梁司州刺史","1","1","2"
"司州刺史陈","1","1","2"
"州刺史陈庆","1","1","2"
"复围南荆州","1","1","2"
"擒梁镇将苟","1","1","2"
"梁镇将苟元","1","1","2"
"镇将苟元广","1","1","2"
"复行豫州事","1","1","2"
"广州刺史赵","1","1","2"
"州刺史赵育","1","1","2"
"随行台任延","1","1","2"
"行台任延敬","1","1","2"
"右丞韦孝宽","1","1","2"
"丞韦孝宽等","1","1","2"
"韦孝宽等攻","1","1","2"
"都督郭丞伯","1","1","2"
"外兵参军王","1","1","2"
"兵参军王恒","1","1","2"
"参军王恒伽","1","1","2"
"都督赫连俊","1","1","2"
"督赫连俊等","1","1","2"
"赫连俊等数","1","1","2"
"连俊等数十","1","1","2"
"俊等数十骑","1","1","2"
"逐西魏刺史","1","1","2"
"西魏刺史赵","1","1","2"
"魏刺史赵继","1","1","2"
"刺史赵继宗","1","1","2"
"雄行豫州事","1","1","2"
"义州刺史韩","1","1","2"
"州刺史韩显","1","1","2"
"转中坚将军","1","1","2"
"爵安夷县子","1","1","2"
"西魏行台薛","1","1","2"
"魏行台薛崇","1","1","2"
"行台薛崇礼","1","1","2"
"崇礼兄弟乞","1","1","2"
"破纥豆陵步","1","1","2"
"封乐城县伯","1","1","2"
"加行兖州事","1","1","2"
"磨城镇大都","1","1","2"
"城镇大都督","1","1","2"
"转安州刺史","1","1","2"
"世隆等向洛","1","1","2"
"显行西兖州","1","1","2"
"行西兖州事","1","1","2"
"左卫将军斛","1","1","2"
"卫将军斛律","1","1","2"
"将军斛律平","1","1","2"
"州多所受纳","2","0","2"
"河清五年遭","1","1","2"
"随叔父魏广","1","1","2"
"叔父魏广平","1","1","2"
"父魏广平内","1","1","2"
"魏广平内史","1","1","2"
"广平内史老","1","1","2"
"平内史老生","1","1","2"
"内史老生征","1","1","2"
"元天穆讨邢","2","0","2"
"天穆讨邢杲","2","0","2"
"奔广州刺史","1","1","2"
"广州刺史郑","1","1","2"
"州刺史郑先","1","1","2"
"刺史郑先护","1","1","2"
"东徐州防城","1","1","2"
"徐州防城都","1","1","2"
"州防城都督","1","1","2"
"徐州刺史斛","1","1","2"
"刺史斛斯椿","1","1","2"
"兰陵太守李","1","1","2"
"陵太守李义","1","1","2"
"东广州刺史","1","1","2"
"慕容晃第四","1","1","2"
"子太原王恪","1","1","2"
"绍宗容貌恢","1","1","2"
"宗容貌恢毅","1","1","2"
"军功封索卢","1","1","2"
"功封索卢县","1","1","2"
"封索卢县子","1","1","2"
"高祖破羊侃","1","1","2"
"元天穆平邢","1","1","2"
"天穆平邢杲","1","1","2"
"晋州推诚相","1","1","2"
"宜阳民李延","1","1","2"
"阳民李延孙","1","1","2"
"民李延孙聚","1","1","2"
"李延孙聚众","1","1","2"
"西南道军司","1","1","2"
"都督厍狄安","1","1","2"
"督厍狄安盛","1","1","2"
"厍狄安盛等","1","1","2"
"行扬州刺史","1","1","2"
"相府记室孙","1","1","2"
"府记室孙搴","1","1","2"
"行台刘贵等","1","1","2"
"除度支尚书","2","0","2"
"梁人刘乌黑","1","1","2"
"绍宗率兵讨","1","1","2"
"宗率兵讨击","1","1","2"
"转封燕郡公","1","1","2"
"子贞阳侯渊","1","1","2"
"贞阳侯渊明","1","1","2"
"阳侯渊明等","1","1","2"
"二兖州军事","1","1","2"
"大都督高岳","1","1","2"
"都督高岳等","1","1","2"
"大将王思政","1","1","2"
"将王思政入","1","1","2"
"仪同刘丰等","1","1","2"
"士肃弟建中","1","1","2"
"陈双炽等聚","1","1","2"
"行台长孙稚","1","1","2"
"黄钺大将军","1","1","2"
"都督宗正珍","1","1","2"
"督宗正珍孙","1","1","2"
"遣帐下孙怀","1","1","2"
"帐下孙怀彦","1","1","2"
"下孙怀彦奉","1","1","2"
"孙怀彦奉表","1","1","2"
"大行台胡元","1","1","2"
"行台胡元吉","1","1","2"
"台胡元吉奉","1","1","2"
"胡元吉奉诏","1","1","2"
"元吉奉诏晓","1","1","2"
"循义豪猾反","1","1","2"
"高祖平朱兆","2","0","2"
"循义关右行","1","1","2"
"义关右行台","1","1","2"
"西魏北华州","1","1","2"
"魏北华州刺","1","1","2"
"北华州刺史","1","1","2"
"华州刺史薛","1","1","2"
"州刺史薛崇","1","1","2"
"刺史薛崇礼","1","1","2"
"史薛崇礼屯","1","1","2"
"崇礼率万余","1","1","2"
"礼率万余人","1","1","2"
"西魏仪同长","1","1","2"
"魏仪同长孙","1","1","2"
"仪同长孙子","1","1","2"
"同长孙子彦","1","1","2"
"陕四州行台","1","1","2"
"正平太守段","1","1","2"
"平太守段荣","1","1","2"
"太守段荣显","1","1","2"
"胡垂黎等部","1","1","2"
"垂黎等部落","1","1","2"
"黎等部落数","1","1","2"
"等部落数千","1","1","2"
"置五城郡安","1","1","2"
"属高祖信都","2","0","2"
"永安王参军","1","1","2"
"袭第一民酋","2","0","2"
"东郡大行台","1","1","2"
"娄昭讨樊子","2","0","2"
"昭讨樊子鹄","2","0","2"
"授兖州刺史","1","1","2"
"封临洮县子","1","1","2"
"诸将南讨江","1","1","2"
"将南讨江淮","1","1","2"
"军功除扬武","1","1","2"
"功除扬武军","1","1","2"
"除扬武军帐","1","1","2"
"扬武军帐内","1","1","2"
"武军帐内统","1","1","2"
"军帐内统军","1","1","2"
"赐爵江夏子","1","1","2"
"累迁秦州镇","1","1","2"
"迁秦州镇城","1","1","2"
"秦州镇城都","1","1","2"
"北雍州刺史","1","1","2"
"五城大都督","1","1","2"
"封行唐县公","1","1","2"
"清都成安人","1","1","2"
"王神念等军","1","1","2"
"大都督元宝","1","1","2"
"都督元宝掌","1","1","2"
"梁将曹义宗","1","1","2"
"北育太守宋","1","1","2"
"育太守宋带","1","1","2"
"太守宋带剑","1","1","2"
"守宋带剑谋","1","1","2"
"梁将马元达","1","1","2"
"梁将王玄真","1","1","2"
"豫州刺史李","1","1","2"
"州刺史李恩","1","1","2"
"西魏荆州刺","1","1","2"
"魏荆州刺史","1","1","2"
"荆州刺史郭","1","1","2"
"州刺史郭鸾","1","1","2"
"西魏刺史郭","1","1","2"
"赐帛七百匹","1","1","2"
"太守郑道合","1","1","2"
"兖州刺史王","1","1","2"
"州刺史王彦","1","1","2"
"刺史王彦夏","1","1","2"
"行台狄畅等","1","1","2"
"部下二千人","1","1","2"
"除谯州刺史","1","1","2"
"梁大都督侯","1","1","2"
"后萧方智立","1","1","2"
"赐帛一千匹","1","1","2"
"新蔡太守鲁","1","1","2"
"蔡太守鲁悉","1","1","2"
"太守鲁悉达","1","1","2"
"封猗氏县公","1","1","2"
"能清白守道","1","1","2"
"荣杀害人士","1","1","2"
"右仆射元罗","1","1","2"
"仆射元罗巡","1","1","2"
"射元罗巡抚","1","1","2"
"元罗巡抚三","1","1","2"
"罗巡抚三齐","1","1","2"
"监军孙白鹞","1","1","2"
"言普征民马","1","1","2"
"乾兄弟送马","1","1","2"
"北受幽州刺","1","1","2"
"受幽州刺史","1","1","2"
"史刘灵助节","1","1","2"
"刘灵助节度","1","1","2"
"定策推立中","1","1","2"
"策推立中兴","1","1","2"
"推立中兴主","1","1","2"
"贺拔岳计议","1","1","2"
"拔胜荆州刺","2","0","2"
"胜荆州刺史","2","0","2"
"都督三徐诸","1","1","2"
"督三徐诸军","1","1","2"
"三徐诸军事","1","1","2"
"时武卫将军","1","1","2"
"卫将军元整","1","1","2"
"将军元整监","1","1","2"
"军元整监刑","1","1","2"
"定沧瀛幽齐","1","1","2"
"沧瀛幽齐徐","1","1","2"
"瀛幽齐徐青","1","1","2"
"幽齐徐青光","1","1","2"
"齐徐青光兖","1","1","2"
"徐青光兖十","1","1","2"
"青光兖十州","1","1","2"
"光兖十州军","1","1","2"
"兖十州军事","1","1","2"
"时天下初定","1","1","2"
"本乡部曲数","1","1","2"
"乡部曲数千","1","1","2"
"封武城县伯","1","1","2"
"密令刺史元","1","1","2"
"令刺史元仲","1","1","2"
"史元仲宗诱","1","1","2"
"除通直常侍","2","0","2"
"刺史朱羽生","2","0","2"
"乡人部曲王","1","1","2"
"人部曲王桃","1","1","2"
"部曲王桃汤","1","1","2"
"呼延族等三","1","1","2"
"延族等三千","1","1","2"
"族等三千人","1","1","2"
"昂率五百骑","1","1","2"
"西魏洛州刺","1","1","2"
"魏洛州刺史","1","1","2"
"洛州刺史泉","1","1","2"
"州刺史泉企","1","1","2"
"季式作刺史","1","1","2"
"军司大都督","1","1","2"
"统七十六都","1","1","2"
"七十六都督","1","1","2"
"第三子道豁","1","1","2"
"三子道豁嗣","1","1","2"
"史明曜等攻","1","1","2"
"明曜等攻劫","1","1","2"
"曜等攻劫道","1","1","2"
"等攻劫道路","1","1","2"
"杜灵椿等攻","1","1","2"
"灵椿等攻城","1","1","2"
"季式兄弟贵","1","1","2"
"式兄弟贵盛","1","1","2"
"遣私军远战","1","1","2"
"清河公岳破","1","1","2"
"河公岳破萧","1","1","2"
"公岳破萧明","1","1","2"
"王思政颍川","2","0","2"
"功加仪同三","1","1","2"
"封乘氏县子","1","1","2"
"随司徒潘乐","1","1","2"
"司徒潘乐征","1","1","2"
"徒潘乐征讨","1","1","2"
"潘乐征讨江","1","1","2"
"州刺史李元","1","1","2"
"刺史李元忠","1","1","2"
"令左右乘驿","1","1","2"
"门郎司马消","1","1","2"
"郎司马消难","1","1","2"
"消难美酒数","1","1","2"
"难美酒数石","1","1","2"
"功累迁左光","1","1","2"
"高祖遥授长","1","1","2"
"祖遥授长命","1","1","2"
"遥授长命雍","1","1","2"
"授长命雍州","1","1","2"
"长命雍州刺","1","1","2"
"命雍州刺史","1","1","2"
"封沮阳乡男","1","1","2"
"浮阳饶安人","1","1","2"
"赐爵长广县","1","1","2"
"爵长广县伯","1","1","2"
"海宝权行沧","1","1","2"
"宝权行沧州","1","1","2"
"权行沧州事","1","1","2"
"前范阳太守","1","1","2"
"范阳太守刁","1","1","2"
"阳太守刁整","1","1","2"
"军功除殿中","1","1","2"
"功除殿中将","1","1","2"
"除殿中将军","1","1","2"
"魏长广太守","1","1","2"
"仪同萧轨率","1","1","2"
"七年三月渡","1","1","2"
"年三月渡江","1","1","2"
"军丹阳城下","1","1","2"
"汝南王悦开","1","1","2"
"南王悦开府","1","1","2"
"道人法庆作","1","1","2"
"人法庆作乱","1","1","2"
"法庆作乱冀","1","1","2"
"大都督元遥","1","1","2"
"赐爵武城子","1","1","2"
"齐二州士民","1","1","2"
"二州士民反","1","1","2"
"州士民反叛","1","1","2"
"假平北将军","1","1","2"
"集诸州郡督","1","1","2"
"诸州郡督将","1","1","2"
"州郡督将僚","1","1","2"
"郡督将僚吏","1","1","2"
"督将僚吏等","1","1","2"
"将僚吏等议","1","1","2"
"朱兆穷凶极","1","1","2"
"降俘三万余","1","1","2"
"俘三万余人","1","1","2"
"朱荣佐命前","1","1","2"
"荣佐命前朝","1","1","2"
"配食明帝庙","1","1","2"
"食明帝庙庭","1","1","2"
"路绍遵聚众","1","1","2"
"定州博陵郡","1","1","2"
"太守高永乐","1","1","2"
"长乐太守高","1","1","2"
"乐太守高景","1","1","2"
"太守高景等","1","1","2"
"仲密枝党同","1","1","2"
"密枝党同恶","1","1","2"
"枝党同恶向","1","1","2"
"党同恶向西","1","1","2"
"同恶向西者","1","1","2"
"本官行济州","1","1","2"
"官行济州事","1","1","2"
"转齐州刺史","1","1","2"
"武定三年卒","2","0","2"
"太常卿李元","1","1","2"
"常卿李元忠","1","1","2"
"卿李元忠等","1","1","2"
"赐谷二百斛","1","1","2"
"冀州兵赴邺","1","1","2"
"子绘率将士","1","1","2"
"转郑州刺史","2","0","2"
"召子绘入见","1","1","2"
"王段孝先总","1","1","2"
"子绣外貌儒","1","1","2"
"绣外貌儒雅","1","1","2"
"司空娄定远","1","1","2"
"除中坚将军","2","0","2"
"高祖大行台","2","0","2"
"祖大行台左","2","0","2"
"大行台左光","1","1","2"
"行台左光禄","1","1","2"
"台左光禄大","1","1","2"
"父爵富城子","1","1","2"
"爵富城子授","1","1","2"
"显祖开府主","1","1","2"
"祖开府主簿","1","1","2"
"七兵尚书王","1","1","2"
"晋州法曹参","1","1","2"
"州法曹参军","1","1","2"
"除太子舍人","2","0","2"
"授中书侍郎","2","0","2"
"黄门郎李怀","1","1","2"
"门郎李怀奏","1","1","2"
"集书省上下","1","1","2"
"寻本官尚书","2","0","2"
"官尚书左丞","2","0","2"
"子开府行参","1","1","2"
"府行参军君","1","1","2"
"行参军君确","1","1","2"
"二人徙北边","1","1","2"
"君赞下蚕室","1","1","2"
"五百人西戍","1","1","2"
"南赵郡太守","1","1","2"
"会高祖率众","1","1","2"
"高祖率众东","1","1","2"
"后高祖奉送","1","1","2"
"高祖奉送皇","1","1","2"
"祖奉送皇后","1","1","2"
"除东徐州刺","1","1","2"
"时行台常景","1","1","2"
"文伟行范阳","1","1","2"
"伟行范阳郡","1","1","2"
"行范阳郡事","1","1","2"
"功封大夏县","1","1","2"
"封大夏县男","1","1","2"
"朱荣将侯深","2","0","2"
"高乾邕兄弟","1","1","2"
"开府墨曹参","1","1","2"
"七兵尚书郭","1","1","2"
"兵尚书郭秀","1","1","2"
"东止车门外","1","1","2"
"大夏未加处","1","1","2"
"少年才学富","1","1","2"
"年才学富盛","1","1","2"
"见二陆两源","1","1","2"
"长广太守邢","1","1","2"
"广太守邢子","1","1","2"
"太守邢子广","1","1","2"
"君王盛海内","1","1","2"
"伉俪尽寰中","1","1","2"
"恭道弟怀道","1","1","2"
"乌苏镇城都","1","1","2"
"苏镇城都督","1","1","2"
"怀道弟宗道","1","1","2"
"中书舍人马","1","1","2"
"书舍人马士","1","1","2"
"舍人马士达","1","1","2"
"魏中书侍郎","2","0","2"
"州征东府功","1","1","2"
"征东府功曹","1","1","2"
"东府功曹参","1","1","2"
"大丞相府记","1","1","2"
"相府记室参","1","1","2"
"转行梁州事","2","0","2"
"寻除散骑常","2","0","2"
"尚书工部员","1","1","2"
"书工部员外","1","1","2"
"工部员外郎","1","1","2"
"赠信州刺史","2","0","2"
"兰根身长八","1","1","2"
"根身长八尺","1","1","2"
"北海王国侍","1","1","2"
"海王国侍郎","1","1","2"
"定州长流参","1","1","2"
"州长流参军","1","1","2"
"司徒二府记","1","1","2"
"徒二府记室","1","1","2"
"二府记室参","1","1","2"
"夏州平北府","1","1","2"
"中原强宗子","1","1","2"
"原强宗子弟","1","1","2"
"行台萧宝寅","1","1","2"
"贼刺史侯莫","1","1","2"
"刺史侯莫陈","1","1","2"
"史侯莫陈仲","1","1","2"
"假平西将军","1","1","2"
"秦南岐四州","1","1","2"
"南岐四州军","1","1","2"
"岐四州军事","1","1","2"
"四州行台尚","1","1","2"
"州行台尚书","1","1","2"
"时应诏王道","1","1","2"
"应诏王道习","1","1","2"
"兰根河北行","2","0","2"
"根河北行台","2","0","2"
"令兰根观察","1","1","2"
"兰根观察魏","1","1","2"
"根观察魏前","1","1","2"
"观察魏前废","1","1","2"
"察魏前废帝","1","1","2"
"帝神采高明","1","1","2"
"黄门崔同","1","1","2"
"门崔同心","1","1","2"
"封永兴县侯","1","1","2"
"武帝大加谴","1","1","2"
"帝大加谴责","1","1","2"
"舍人石长宣","1","1","2"
"冀定殷三州","1","1","2"
"定殷三州军","1","1","2"
"佐命功臣配","1","1","2"
"命功臣配享","1","1","2"
"迁大司马府","2","0","2"
"大司马府法","1","1","2"
"司马府法曹","1","1","2"
"马府法曹参","1","1","2"
"府法曹参军","1","1","2"
"尚书金部郎","1","1","2"
"书金部郎中","1","1","2"
"南道行台郎","1","1","2"
"道行台郎中","1","1","2"
"显祖谘议参","1","1","2"
"祖谘议参军","1","1","2"
"大司农季景","1","1","2"
"清河东武城","1","1","2"
"河东武城人","1","1","2"
"魏世宗挽郎","1","1","2"
"释褐太学博","2","0","2"
"褐太学博士","2","0","2"
"太仆綦俊盛","1","1","2"
"邑一千四百","1","1","2"
"一千四百户","1","1","2"
"除七兵尚书","2","0","2"
"封新丰县男","1","1","2"
"刺史高昂召","1","1","2"
"相府中兵参","1","1","2"
"人日登云龙","1","1","2"
"日登云龙门","1","1","2"
"除太子中庶","2","0","2"
"撰定婚礼仪","1","1","2"
"寻散骑常侍","2","0","2"
"除太常少卿","2","0","2"
"时年五十四","1","1","2"
"河东人士姓","1","1","2"
"东人士姓裴","1","1","2"
"魏高阳太守","1","1","2"
"王大司马中","1","1","2"
"大司马中兵","1","1","2"
"司马中兵参","1","1","2"
"马中兵参军","1","1","2"
"魏尚药典御","1","1","2"
"高阳郡太守","1","1","2"
"司空外兵参","1","1","2"
"空外兵参军","1","1","2"
"大司马府记","1","1","2"
"司马府记室","1","1","2"
"马府记室参","1","1","2"
"土贼崔迦叶","1","1","2"
"贼崔迦叶等","1","1","2"
"转中书舍人","2","0","2"
"检校御史迁","1","1","2"
"迁国子助教","2","0","2"
"中外府司马","1","1","2"
"外府司马李","1","1","2"
"府司马李义","1","1","2"
"司马李义深","1","1","2"
"相府城局李","1","1","2"
"府城局李士","1","1","2"
"城局李士略","1","1","2"
"赠冀州刺史","1","1","2"
"迁司徒府记","1","1","2"
"司徒府记室","1","1","2"
"徒府记室参","1","1","2"
"元康承受意","1","1","2"
"康承受意旨","1","1","2"
"王教训世子","1","1","2"
"尚书仆射范","1","1","2"
"书仆射范阳","1","1","2"
"仆射范阳卢","1","1","2"
"射范阳卢道","1","1","2"
"右卫将军郭","1","1","2"
"卫将军郭琼","1","1","2"
"元康金五十","1","1","2"
"康金五十斤","1","1","2"
"思政入颍城","2","0","2"
"赏元康金百","1","1","2"
"元康金百铤","1","1","2"
"世宗将受魏","1","1","2"
"宗将受魏禅","1","1","2"
"苍头奴兰固","1","1","2"
"头奴兰固成","1","1","2"
"沧五州诸军","1","1","2"
"武邑县一千","1","1","2"
"邑县一千户","1","1","2"
"元康母李氏","1","1","2"
"元康子善藏","1","1","2"
"彭城郡赞治","1","1","2"
"秦王归彦反","1","1","2"
"京兆杜陵人","1","1","2"
"圣人合德天","1","1","2"
"人合德天地","1","1","2"
"本官行郑州","1","1","2"
"第二子廷尉","1","1","2"
"二子廷尉监","1","1","2"
"子廷尉监台","1","1","2"
"廷尉监台卿","1","1","2"
"尉监台卿断","1","1","2"
"监台卿断狱","1","1","2"
"郎中封静哲","1","1","2"
"时楚州人东","1","1","2"
"楚州人东方","1","1","2"
"州人东方白","1","1","2"
"人东方白额","1","1","2"
"东方白额谋","1","1","2"
"方白额谋反","1","1","2"
"庄子·惠施","1","1","2"
"子·惠施篇","1","1","2"
"令主书杜永","1","1","2"
"主书杜永珍","1","1","2"
"时年六十九","1","1","2"
"追赠弼使持","1","1","2"
"赠弼使持节","1","1","2"
"郢二州军事","1","1","2"
"朱兆都督长","1","1","2"
"兆都督长史","1","1","2"
"参丞相军事","1","1","2"
"补行台郎中","1","1","2"
"封武安县伯","1","1","2"
"行台尚书辛","1","1","2"
"台尚书辛术","1","1","2"
"尚书辛术等","1","1","2"
"帅东方白额","1","1","2"
"功封隰城县","1","1","2"
"封隰城县伯","1","1","2"
"丞相府参军","1","1","2"
"相府参军事","1","1","2"
"等十一州诸","1","1","2"
"十一州诸军","1","1","2"
"一州诸军事","1","1","2"
"行台殿中尚","1","1","2"
"台殿中尚书","1","1","2"
"等八州军事","1","1","2"
"司徒水曹行","1","1","2"
"徒水曹行参","1","1","2"
"水曹行参军","1","1","2"
"军大都督韩","1","1","2"
"大都督韩轨","1","1","2"
"都督韩轨府","1","1","2"
"督韩轨府长","1","1","2"
"韩轨府长史","1","1","2"
"冀二州刺史","1","1","2"
"轨谘议参军","1","1","2"
"迁尚书右丞","2","0","2"
"累迁秘书监","2","0","2"
"耀忠贞平直","1","1","2"
"相府骑兵二","1","1","2"
"府骑兵二局","1","1","2"
"除沧州刺史","2","0","2"
"骑兵参军事","1","1","2"
"迁东徐州刺","2","0","2"
"楚州诸军事","1","1","2"
"相府墨曹参","1","1","2"
"恒州大中正","1","1","2"
"世宗相府外","1","1","2"
"宗相府外兵","1","1","2"
"相府外兵参","1","1","2"
"刺史陆士茂","1","1","2"
"史陆士茂诈","1","1","2"
"主庵罗辰率","1","1","2"
"长堑三百里","1","1","2"
"尚书尉瑾辅","1","1","2"
"尚书敬显俊","1","1","2"
"绫锦五十匹","1","1","2"
"纥奚舍乐同","1","1","2"
"崔季舒逃走","1","1","2"
"本姓叱干氏","1","1","2"
"琡形貌魁伟","1","1","2"
"尚书崔亮奏","1","1","2"
"令三公大臣","1","1","2"
"三公大臣举","1","1","2"
"杲鼠盗狗窃","1","1","2"
"高祖大举西","1","1","2"
"祖大举西伐","1","1","2"
"西贼连年饥","1","1","2"
"魏东平王元","1","1","2"
"东平王元匡","1","1","2"
"平王元匡妾","1","1","2"
"王元匡妾张","1","1","2"
"元匡妾张氏","1","1","2"
"匡妾张氏淫","1","1","2"
"妾张氏淫逸","1","1","2"
"张氏淫逸放","1","1","2"
"俊督造土山","1","1","2"
"转都官尚书","2","0","2"
"慕容俨骑马","1","1","2"
"鉴爱妾刘氏","1","1","2"
"封建昌郡公","1","1","2"
"曾祖护野肱","1","1","2"
"侯莫陈悦杀","1","1","2"
"莫陈悦杀贺","1","1","2"
"陈悦杀贺拔","1","1","2"
"悦杀贺拔岳","1","1","2"
"高祖英武非","1","1","2"
"祖英武非常","1","1","2"
"高嵩持金环","1","1","2"
"嵩持金环一","1","1","2"
"持金环一枚","1","1","2"
"讨西魏仪同","1","1","2"
"西魏仪同金","1","1","2"
"魏仪同金祚","1","1","2"
"灵州镇城大","1","1","2"
"州镇城大都","1","1","2"
"镇城大都督","1","1","2"
"丰远慕高祖","1","1","2"
"清河王岳攻","1","1","2"
"慕容绍宗见","1","1","2"
"容绍宗见北","1","1","2"
"丰游水向土","1","1","2"
"游水向土山","1","1","2"
"右谷蠡王潘","1","1","2"
"谷蠡王潘六","1","1","2"
"蠡王潘六奚","1","1","2"
"部下一万人","1","1","2"
"迁平西将军","2","0","2"
"除洛州刺史","2","0","2"
"一百五十里","1","1","2"
"马斛律金等","1","1","2"
"雍州刺史元","1","1","2"
"州刺史元猛","1","1","2"
"封临济县子","1","1","2"
"祖魏献文皇","2","0","2"
"树等五人相","1","1","2"
"等五人相继","1","1","2"
"五人相继南","1","1","2"
"改封敷城王","1","1","2"
"封新丰县公","1","1","2"
"绢二十四万","1","1","2"
"二十四万匹","1","1","2"
"一万六千兵","1","1","2"
"使王侯将相","1","1","2"
"昔居王道泰","1","1","2"
"济济富群英","1","1","2"
"宫门外骂元","1","1","2"
"门外骂元韶","1","1","2"
"临淮公孝友","1","1","2"
"位事黄门侍","2","0","2"
"荥阳太守郑","1","1","2"
"阳太守郑仲","1","1","2"
"太守郑仲明","1","1","2"
"二玉钵相盛","1","1","2"
"七百二十一","1","1","2"
"百二十一人","1","1","2"
"魏冀州征东","1","1","2"
"冀州征东府","1","1","2"
"时四方多难","1","1","2"
"爵泾阳县男","2","0","2"
"寻除海州刺","2","0","2"
"齐王萧宝夤","1","1","2"
"侍中西河王","1","1","2"
"秘书监常景","1","1","2"
"书监常景选","1","1","2"
"车千秋分一","1","1","2"
"千秋分一字","1","1","2"
"陇西成纪人","1","1","2"
"太尉行参军","1","1","2"
"兄弟深相友","1","1","2"
"弟深相友爱","1","1","2"
"水衡称逸人","1","1","2"
"形骸预冠盖","1","1","2"
"晓便寓居清","1","1","2"
"便寓居清河","1","1","2"
"良田三十顷","1","1","2"
"中岳先生郑","1","1","2"
"岳先生郑道","1","1","2"
"先生郑道昭","1","1","2"
"人入市盗布","1","1","2"
"持元礼数篇","1","1","2"
"元礼数篇诗","1","1","2"
"迁御史中尉","2","0","2"
"雍州刺史慕","1","1","2"
"州刺史慕容","1","1","2"
"刺史慕容献","1","1","2"
"师咸阳王坦","2","0","2"
"左丞吏部郎","1","1","2"
"对门布衣旧","1","1","2"
"中尉崔暹一","1","1","2"
"陛下风化所","1","1","2"
"显祖初嗣霸","2","0","2"
"祖初嗣霸业","2","0","2"
"令都督陈山","1","1","2"
"都督陈山提","1","1","2"
"督陈山提等","1","1","2"
"崔太常清正","1","1","2"
"帝谓左右曰","2","0","2"
"劝帝早赴晋","1","1","2"
"帝早赴晋阳","1","1","2"
"馆客宋景业","2","0","2"
"客宋景业先","1","1","2"
"陈山提家客","1","1","2"
"义兵挟天子","1","1","2"
"卜筮杂占阴","1","1","2"
"筮杂占阴阳","1","1","2"
"察魏室诸王","1","1","2"
"召太常卿邢","1","1","2"
"太常卿邢邵","1","1","2"
"七兵尚书崔","1","1","2"
"度支尚书陆","1","1","2"
"支尚书陆操","1","1","2"
"黄门侍郎阳","1","1","2"
"门侍郎阳休","1","1","2"
"中书侍郎裴","1","1","2"
"魏太傅咸阳","1","1","2"
"太傅咸阳王","1","1","2"
"司空公潘相","1","1","2"
"空公潘相乐","1","1","2"
"中书侍郎崔","1","1","2"
"后召德政饮","1","1","2"
"作冀州刺史","1","1","2"
"子祭酒伯坚","1","1","2"
"伯父吏部尚","1","1","2"
"父吏部尚书","1","1","2"
"吏部尚书孝","1","1","2"
"部尚书孝芬","1","1","2"
"受世宗密旨","1","1","2"
"迁尚书左丞","2","0","2"
"魏帝问仆射","1","1","2"
"帝问仆射崔","1","1","2"
"问仆射崔暹","1","1","2"
"费事三百一","1","1","2"
"事三百一十","1","1","2"
"三百一十四","1","1","2"
"百一十四条","1","1","2"
"令尚书右仆","1","1","2"
"书右仆射薛","1","1","2"
"等四十三人","1","1","2"
"仪同燕子献","1","1","2"
"太尉汝南王","1","1","2"
"尉汝南王悦","1","1","2"
"武服持刀陪","1","1","2"
"帝孙帝子帝","1","1","2"
"孙帝子帝弟","1","1","2"
"帝子帝弟帝","1","1","2"
"子帝弟帝叔","1","1","2"
"除银青光禄","1","1","2"
"判祠部尚书","1","1","2"
"祠部尚书事","1","1","2"
"临漳令嵇晔","1","1","2"
"舍人李文师","1","1","2"
"除员外散骑","2","0","2"
"平王开府功","1","1","2"
"王开府功曹","1","1","2"
"开府功曹史","1","1","2"
"鹿魏季景结","1","1","2"
"访朝廷子弟","1","1","2"
"朝廷子弟忠","1","1","2"
"廷子弟忠孝","1","1","2"
"子弟忠孝谨","1","1","2"
"范阳卢正通","1","1","2"
"阳卢正通首","1","1","2"
"补中外府功","2","0","2"
"事中郎陆杳","1","1","2"
"中郎陆杳将","1","1","2"
"干明元年八","1","1","2"
"明元年八月","1","1","2"
"堂监视太子","1","1","2"
"奏车驾北征","1","1","2"
"车驾北征后","1","1","2"
"性闲淡寡欲","1","1","2"
"鱼鸟见留连","1","1","2"
"丞相西合祭","1","1","2"
"相西合祭酒","1","1","2"
"西合祭酒卢","1","1","2"
"合祭酒卢思","1","1","2"
"祭酒卢思道","1","1","2"
"隋开皇元年","1","1","2"
"江陵百里洲","1","1","2"
"入荆州汶阳","1","1","2"
"荆州汶阳郡","1","1","2"
"州汶阳郡高","1","1","2"
"汶阳郡高安","1","1","2"
"阳郡高安县","1","1","2"
"蛮贼文道期","1","1","2"
"南郡朱元英","1","1","2"
"洲水干时建","1","1","2"
"进见王僧辩","1","1","2"
"武陵王纪果","1","1","2"
"小弟子戏截","1","1","2"
"弟子戏截蛇","1","1","2"
"子戏截蛇头","1","1","2"
"梁元帝败灭","1","1","2"
"取寿王佛殿","1","1","2"
"清河王岳进","1","1","2"
"河王岳进军","1","1","2"
"主上虚心相","1","1","2"
"上虚心相待","1","1","2"
"百日天子急","1","1","2"
"周年天子递","1","1","2"
"年天子递代","1","1","2"
"天子递代坐","1","1","2"
"私通十余年","1","1","2"
"琳献米万石","1","1","2"
"军功封建宁","1","1","2"
"功封建宁县","1","1","2"
"封建宁县侯","1","1","2"
"廷尉卿黄罗","1","1","2"
"尉卿黄罗汉","1","1","2"
"太府卿张载","1","1","2"
"时湘州未平","1","1","2"
"授衡州刺史","1","1","2"
"若远弃岭南","1","1","2"
"琳屯兵长沙","1","1","2"
"周铁虎一人","1","1","2"
"铁虎一人背","1","1","2"
"移湘州军府","1","1","2"
"兄子叔宝率","1","1","2"
"改封安城郡","1","1","2"
"封安城郡公","1","1","2"
"州道行台慕","1","1","2"
"道行台慕容","1","1","2"
"行台慕容俨","1","1","2"
"台慕容俨率","1","1","2"
"安州刺史吴","1","1","2"
"州刺史吴明","1","1","2"
"刺史吴明彻","1","1","2"
"巴陵太守任","1","1","2"
"陵太守任忠","1","1","2"
"司空侯安都","1","1","2"
"空侯安都等","1","1","2"
"时西南风忽","1","1","2"
"左长史袁泌","1","1","2"
"御史中丞刘","1","1","2"
"史中丞刘仲","1","1","2"
"中丞刘仲威","1","1","2"
"陈合州刺史","1","1","2"
"合州刺史裴","1","1","2"
"州刺史裴景","1","1","2"
"刺史裴景晖","1","1","2"
"行台左丞卢","1","1","2"
"琳骠骑大将","1","1","2"
"行台尚书卢","1","1","2"
"军将军尉破","1","1","2"
"将军尉破胡","1","1","2"
"军尉破胡等","1","1","2"
"将吴明彻进","1","1","2"
"吴明彻进兵","1","1","2"
"明彻昼夜攻","1","1","2"
"彻昼夜攻击","1","1","2"
"城内水气转","1","1","2"
"内水气转侵","1","1","2"
"城东北二十","1","1","2"
"东北二十里","1","1","2"
"故吏梁骠骑","1","1","2"
"吏梁骠骑府","1","1","2"
"梁骠骑府仓","1","1","2"
"骠骑府仓曹","1","1","2"
"骑府仓曹参","1","1","2"
"仓曹参军朱","1","1","2"
"陈尚书仆射","1","1","2"
"尚书仆射徐","1","1","2"
"书仆射徐陵","1","1","2"
"开府仪同主","1","1","2"
"府仪同主簿","1","1","2"
"仪同主簿刘","1","1","2"
"同主簿刘韶","1","1","2"
"主簿刘韶慧","1","1","2"
"簿刘韶慧等","1","1","2"
"扬州人茅知","1","1","2"
"州人茅知胜","1","1","2"
"人茅知胜等","1","1","2"
"茅知胜等五","1","1","2"
"知胜等五人","1","1","2"
"赠十五州诸","1","1","2"
"十五州诸军","1","1","2"
"兖州刺史南","1","1","2"
"州刺史南康","1","1","2"
"刺史南康嗣","1","1","2"
"史南康嗣王","1","1","2"
"南康嗣王会","1","1","2"
"康嗣王会理","1","1","2"
"嗣王会理总","1","1","2"
"梁将湛海珍","1","1","2"
"将湛海珍等","1","1","2"
"改承圣四年","1","1","2"
"僧辩阴谋篡","1","1","2"
"辩阴谋篡逆","1","1","2"
"梁永嘉王萧","1","1","2"
"北兖州刺史","1","1","2"
"时梁元帝平","1","1","2"
"弟司空鄱阳","1","1","2"
"司空鄱阳王","1","1","2"
"作屏风等杂","1","1","2"
"屏风等杂物","1","1","2"
"梁太子詹事","1","1","2"
"太子詹事汝","1","1","2"
"子詹事汝南","1","1","2"
"詹事汝南周","1","1","2"
"事汝南周舍","1","1","2"
"彭城刘孝绰","1","1","2"
"河东裴子野","1","1","2"
"吴郡张嵊等","1","1","2"
"豫章王国左","1","1","2"
"章王国左常","1","1","2"
"王国左常侍","1","1","2"
"魏统军石茂","1","1","2"
"统军石茂孙","1","1","2"
"军石茂孙所","1","1","2"
"挟天子令诸","1","1","2"
"天子令诸侯","1","1","2"
"封池阳县伯","1","1","2"
"见文宣政令","1","1","2"
"斩□作媒人","2","0","2"
"髑髅额骨长","1","1","2"
"髅额骨长数","1","1","2"
"额骨长数寸","1","1","2"
"武成酒色过","1","1","2"
"成酒色过度","1","1","2"
"变成五色物","1","1","2"
"胡长仁左仆","2","0","2"
"长仁左仆射","2","0","2"
"士开右仆射","2","0","2"
"陆令萱母子","1","1","2"
"封西阳郡王","1","1","2"
"尚药典御邓","1","1","2"
"药典御邓宣","1","1","2"
"典御邓宣文","1","1","2"
"见徐勉作仆","1","1","2"
"徐勉作仆射","1","1","2"
"六岁学史书","1","1","2"
"一门四世同","1","1","2"
"父兄黄门侍","1","1","2"
"兄黄门侍郎","1","1","2"
"悬瓮山读书","1","1","2"
"赐爵魏昌男","1","1","2"
"中直侍郎河","1","1","2"
"直侍郎河间","1","1","2"
"邯郸人杨宽","1","1","2"
"见刺史刘诞","1","1","2"
"付长史慕容","1","1","2"
"长史慕容白","1","1","2"
"史慕容白泽","1","1","2"
"队主巩荣贵","1","1","2"
"时霸图草创","1","1","2"
"沙门昙谟征","1","1","2"
"门昙谟征等","1","1","2"
"东入田横岛","1","1","2"
"太守王元景","1","1","2"
"遣光州刺史","1","1","2"
"光州刺史奚","1","1","2"
"州刺史奚思","1","1","2"
"刺史奚思业","1","1","2"
"原公开府司","1","1","2"
"公开府司马","1","1","2"
"授大行台右","1","1","2"
"封华阴县侯","1","1","2"
"尚太原长公","1","1","2"
"太原长公主","1","1","2"
"改封华山郡","1","1","2"
"封华山郡公","1","1","2"
"天保五年后","2","0","2"
"愔尚书左仆","2","0","2"
"书左仆射平","1","1","2"
"左仆射平秦","1","1","2"
"仆射平秦王","1","1","2"
"射平秦王归","1","1","2"
"黄门侍郎郑","1","1","2"
"门侍郎郑子","1","1","2"
"侍郎郑子默","1","1","2"
"郎郑子默受","1","1","2"
"郑子默受遗","1","1","2"
"子默受遗诏","1","1","2"
"默受遗诏辅","1","1","2"
"常山王随梓","1","1","2"
"山王随梓宫","1","1","2"
"尚书省大会","1","1","2"
"书省大会百","1","1","2"
"省大会百僚","1","1","2"
"见都督叱利","1","1","2"
"都督叱利骚","1","1","2"
"开府成休宁","1","1","2"
"惜献皇帝基","1","1","2"
"献皇帝基业","1","1","2"
"屯田主客郎","1","1","2"
"田主客郎中","1","1","2"
"原公开府记","1","1","2"
"公开府记室","1","1","2"
"历文襄大将","2","0","2"
"散骑常侍聘","2","0","2"
"豪吏田转贵","1","1","2"
"清河王岳司","2","0","2"
"河王岳司州","2","0","2"
"王岳司州牧","2","0","2"
"中高德政旧","1","1","2"
"洛州刺史王","1","1","2"
"州刺史王元","1","1","2"
"刺史王元轨","1","1","2"
"史王元轨召","1","1","2"
"赠徐州刺史","1","1","2"
"魏正始二年","1","1","2"
"州刺史羊灵","1","1","2"
"刺史羊灵佑","1","1","2"
"征虏府司马","1","1","2"
"大司农谐子","2","0","2"
"王慧龙云太","2","0","2"
"慧龙云太原","2","0","2"
"龙云太原人","2","0","2"
"尚书二千石","1","1","2"
"书二千石郎","1","1","2"
"都督中兵参","1","1","2"
"督中兵参军","1","1","2"
"令赴晋阳成","1","1","2"
"御史崔子武","1","1","2"
"史崔子武督","1","1","2"
"崔子武督察","1","1","2"
"子武督察州","1","1","2"
"武督察州郡","1","1","2"
"迁兖州刺史","2","0","2"
"主教训诸子","1","1","2"
"本州岛大中","2","0","2"
"州岛大中正","2","0","2"
"松年恋旧情","1","1","2"
"年恋旧情切","1","1","2"
"赠吏部尚书","1","1","2"
"魏吏部郎清","1","1","2"
"吏部郎清河","1","1","2"
"右北平阳固","1","1","2"
"河南陆道晖","1","1","2"
"南陆道晖等","1","1","2"
"吏部尚书陇","1","1","2"
"部尚书陇西","1","1","2"
"门侍郎李琰","1","1","2"
"按尚书门下","1","1","2"
"尚书门下事","1","1","2"
"济阴温子升","2","0","2"
"妻弟李季节","1","1","2"
"除太学博士","2","0","2"
"时黄门郎贾","1","1","2"
"黄门郎贾思","1","1","2"
"门郎贾思同","1","1","2"
"郎贾思同侍","1","1","2"
"贾思同侍立","1","1","2"
"迁散骑侍郎","1","1","2"
"诏收摄本职","1","1","2"
"朕托体孝文","1","1","2"
"正员郎李慎","1","1","2"
"子广平王赞","1","1","2"
"副王昕使梁","2","0","2"
"昕风流文辩","1","1","2"
"卢元明首通","1","1","2"
"元明首通使","1","1","2"
"明首通使命","1","1","2"
"书右仆射高","1","1","2"
"御史中尉高","1","1","2"
"史中尉高仲","1","1","2"
"中尉高仲密","1","1","2"
"中外府主簿","1","1","2"
"故尚书令陈","1","1","2"
"尚书令陈留","1","1","2"
"书令陈留公","1","1","2"
"令陈留公继","1","1","2"
"陈留公继伯","1","1","2"
"想彼境内宁","1","1","2"
"彼境内宁静","1","1","2"
"想境内清晏","1","1","2"
"后神武入朝","1","1","2"
"魏收惊蛱蝶","1","1","2"
"黄门侍郎颢","1","1","2"
"门侍郎颢等","1","1","2"
"杨遵彦理屈","1","1","2"
"折简召长安","1","1","2"
"梁鄱阳王范","1","1","2"
"刺史崔圣念","1","1","2"
"吏部郎中尉","1","1","2"
"部郎中尉瑾","1","1","2"
"禅代诏册诸","1","1","2"
"代诏册诸文","1","1","2"
"诏平原王高","1","1","2"
"魏初邓彦海","1","1","2"
"初邓彦海撰","1","1","2"
"司空司马辛","1","1","2"
"空司马辛元","1","1","2"
"司马辛元植","1","1","2"
"尚书郎高孝","1","1","2"
"书郎高孝干","1","1","2"
"备一代史籍","1","1","2"
"成一代大典","1","1","2"
"九十二列传","1","1","2"
"合一百一十","1","1","2"
"一百一十卷","1","1","2"
"五年三月奏","1","1","2"
"年三月奏上","1","1","2"
"一百三十卷","1","1","2"
"太常少卿修","1","1","2"
"常少卿修国","1","1","2"
"少卿修国史","1","1","2"
"范阳卢斐父","1","1","2"
"顿丘李庶家","1","1","2"
"丘李庶家传","1","1","2"
"右仆射高德","1","1","2"
"谓博物宏才","1","1","2"
"除太子少傅","2","0","2"
"皇居新殿台","1","1","2"
"居新殿台赋","1","1","2"
"魏太常刘芳","1","1","2"
"中书郎崔肇","1","1","2"
"书郎崔肇师","1","1","2"
"贾充置左右","1","1","2"
"充置左右夫","1","1","2"
"置左右夫人","1","1","2"
"皇太子纳郑","1","1","2"
"太子纳郑良","1","1","2"
"子纳郑良娣","1","1","2"
"德王延宗纳","1","1","2"
"王延宗纳赵","1","1","2"
"延宗纳赵郡","1","1","2"
"宗纳赵郡李","1","1","2"
"纳赵郡李祖","1","1","2"
"赵郡李祖收","1","1","2"
"石榴房中多","1","1","2"
"榴房中多子","1","1","2"
"赐收美锦二","1","1","2"
"中山太守阳","1","1","2"
"山太守阳休","1","1","2"
"参议吉凶礼","1","1","2"
"太子舍人卢","1","1","2"
"子舍人卢询","1","1","2"
"舍人卢询祖","1","1","2"
"司空主簿李","1","1","2"
"空主簿李翥","1","1","2"
"孝昭后姓元","1","1","2"
"专委侍中高","1","1","2"
"委侍中高元","1","1","2"
"侍中高元海","1","1","2"
"收才名振俗","1","1","2"
"都官尚书毕","1","1","2"
"官尚书毕义","1","1","2"
"国家大事诏","1","1","2"
"奇货猓然褥","1","1","2"
"货猓然褥表","1","1","2"
"美玉盈尺等","1","1","2"
"黄门郎元文","1","1","2"
"门郎元文遥","1","1","2"
"行齐州刺史","1","1","2"
"儒者马敬德","1","1","2"
"收硕学大才","1","1","2"
"能达命体道","1","1","2"
"称大邢小魏","1","1","2"
"尚书膳部郎","1","1","2"
"书膳部郎中","1","1","2"
"请立碑颂德","2","0","2"
"书侍郎李绘","1","1","2"
"侍郎李绘等","1","1","2"
"淮南经略使","1","1","2"
"州刺史郭志","1","1","2"
"刺史郭志杀","1","1","2"
"史郭志杀郡","1","1","2"
"郭志杀郡守","1","1","2"
"盱眙蕲城二","1","1","2"
"前后二十余","1","1","2"
"后二十余州","1","1","2"
"濮阳太守戴","1","1","2"
"阳太守戴僧","1","1","2"
"太守戴僧施","1","1","2"
"督护何融送","1","1","2"
"兖州刺史郭","1","1","2"
"州刺史郭元","1","1","2"
"刺史郭元建","1","1","2"
"南兖州梁郡","1","1","2"
"大将军府功","1","1","2"
"将军府功曹","1","1","2"
"受中书舍人","1","1","2"
"大丞相府功","1","1","2"
"丞相府功曹","1","1","2"
"赵郡王叡等","2","0","2"
"进封宁都郡","1","1","2"
"封宁都郡公","1","1","2"
"彦深清贞守","1","1","2"
"深清贞守道","1","1","2"
"士开贪淫乱","1","1","2"
"开贪淫乱政","1","1","2"
"定远等谋士","2","0","2"
"远等谋士开","2","0","2"
"位中书舍人","2","0","2"
"司勋下大夫","1","1","2"
"大丞相功曹","1","1","2"
"丞相功曹参","1","1","2"
"相功曹参军","1","1","2"
"彦深小心恭","1","1","2"
"深小心恭慎","1","1","2"
"选封安国县","1","1","2"
"封安国县伯","1","1","2"
"时引水灌城","1","1","2"
"宜阳国太妃","1","1","2"
"子君信相继","1","1","2"
"大将军赵郡","1","1","2"
"将军赵郡公","1","1","2"
"军赵郡公琛","1","1","2"
"补季舒大行","1","1","2"
"季舒大行台","1","1","2"
"舒大行台都","1","1","2"
"大将军中兵","1","1","2"
"将军中兵参","1","1","2"
"军中兵参军","1","1","2"
"擢中书侍郎","2","0","2"
"内伎属中书","1","1","2"
"黄门郎阳休","1","1","2"
"尚食典御陈","1","1","2"
"食典御陈山","1","1","2"
"典御陈山提","1","1","2"
"御陈山提等","1","1","2"
"河阴二郡干","1","1","2"
"季舒总监内","1","1","2"
"舒总监内作","1","1","2"
"时贵臣赵彦","1","1","2"
"贵臣赵彦深","1","1","2"
"小男下蚕室","1","1","2"
"珽神情机警","1","1","2"
"书仪曹郎中","1","1","2"
"万俟受洛制","1","1","2"
"署珽开府仓","1","1","2"
"珽开府仓曹","1","1","2"
"开府仓曹参","1","1","2"
"送魏兰陵公","1","1","2"
"魏兰陵公主","1","1","2"
"公主远嫁诗","1","1","2"
"山东大文绫","1","1","2"
"连珠孔雀罗","1","1","2"
"珠孔雀罗等","1","1","2"
"孔雀罗等百","1","1","2"
"雀罗等百余","1","1","2"
"参军元景献","1","1","2"
"故尚书令元","1","1","2"
"尚书令元世","1","1","2"
"书令元世隽","1","1","2"
"博陵长公主","1","1","2"
"陵长公主所","1","1","2"
"长公主所生","1","1","2"
"参军事摄典","1","1","2"
"军事摄典签","1","1","2"
"事摄典签陆","1","1","2"
"摄典签陆子","1","1","2"
"典签陆子先","1","1","2"
"胶州刺史司","1","1","2"
"司马世云家","1","1","2"
"神武中外府","1","1","2"
"武中外府功","1","1","2"
"仓督成祖等","1","1","2"
"功曹参军赵","1","1","2"
"曹参军赵彦","1","1","2"
"参军赵彦深","1","1","2"
"军赵彦深宣","1","1","2"
"典签高景略","1","1","2"
"事中郎王士","1","1","2"
"中郎王士雅","1","1","2"
"郎王士雅推","1","1","2"
"王士雅推检","1","1","2"
"田曹参军孙","1","1","2"
"曹参军孙子","1","1","2"
"参军孙子宽","1","1","2"
"黄门郎高德","1","1","2"
"门郎高德正","1","1","2"
"郎高德正副","1","1","2"
"高德正副留","1","1","2"
"德正副留台","1","1","2"
"正副留台事","1","1","2"
"列中书侍郎","1","1","2"
"中书侍郎陆","1","1","2"
"书侍郎陆元","1","1","2"
"侍郎陆元规","1","1","2"
"中书门下二","1","1","2"
"书门下二省","1","1","2"
"胡桃油涂画","1","1","2"
"转齐郡太守","1","1","2"
"追尊太祖献","1","1","2"
"尊太祖献武","1","1","2"
"献武皇帝神","2","0","2"
"武皇帝神武","2","0","2"
"文宣皇帝改","1","1","2"
"爱少子东平","1","1","2"
"少子东平王","1","1","2"
"子东平王俨","1","1","2"
"后主体正居","1","1","2"
"主体正居长","1","1","2"
"宫车一日晚","1","1","2"
"车一日晚驾","1","1","2"
"春秋元命苞","1","1","2"
"尚书令赵彦","1","1","2"
"书令赵彦深","1","1","2"
"左仆射元文","1","1","2"
"仆射元文遥","1","1","2"
"刺史李祖勋","1","1","2"
"陆媪弟悉达","1","1","2"
"魏帝皇太后","1","1","2"
"令妻兄郑道","1","1","2"
"妻兄郑道盖","1","1","2"
"兄郑道盖奏","1","1","2"
"女侍中陆氏","1","1","2"
"府参军封士","1","1","2"
"宁王孝珩交","1","1","2"
"王孝珩交结","1","1","2"
"司农卿尹子","1","1","2"
"农卿尹子华","1","1","2"
"太府少卿李","1","1","2"
"府少卿李叔","1","1","2"
"少卿李叔元","1","1","2"
"平准令张叔","1","1","2"
"准令张叔略","1","1","2"
"宿卫都督等","1","1","2"
"卫都督等号","1","1","2"
"都督等号位","1","1","2"
"御史中丞丽","1","1","2"
"史中丞丽伯","1","1","2"
"劾主书王子","1","1","2"
"梁州刺史君","1","1","2"
"州刺史君璧","1","1","2"
"孝征多才博","1","1","2"
"征多才博学","1","1","2"
"令韩长鸾检","1","1","2"
"韩长鸾检案","1","1","2"
"珽求见后主","1","1","2"
"军王君植率","1","1","2"
"君信弟君彦","1","1","2"
"东平郡书佐","1","1","2"
"魏肆州刺史","1","1","2"
"子琮监造大","1","1","2"
"琮监造大明","1","1","2"
"监造大明宫","1","1","2"
"时太尉录尚","1","1","2"
"太尉录尚书","1","1","2"
"尉录尚书事","1","1","2"
"特后部鼓吹","2","0","2"
"齐安王纳子","1","1","2"
"安王纳子琮","1","1","2"
"除郑州刺史","2","0","2"
"入都官尚书","2","0","2"
"太原晋阳人","1","1","2"
"大将军府参","1","1","2"
"将军府参军","1","1","2"
"杂物五百种","1","1","2"
"斛律孝卿宣","1","1","2"
"恨斛律孝卿","1","1","2"
"斛律孝卿轻","1","1","2"
"多娄敬显等","1","1","2"
"事中郎封长","1","1","2"
"中郎封长业","1","1","2"
"丞相府外兵","1","1","2"
"相府外兵曹","1","1","2"
"中书舍人分","1","1","2"
"大丞相府骑","1","1","2"
"丞相府骑兵","1","1","2"
"相府骑兵曹","1","1","2"
"大丞相骑兵","1","1","2"
"魏琅邪太守","1","1","2"
"魏恒州刺史","1","1","2"
"屯留县开国","1","1","2"
"留县开国侯","1","1","2"
"水军大都督","1","1","2"
"迁洛州刺史","2","0","2"
"淮南王开府","1","1","2"
"南王开府中","1","1","2"
"王开府中兵","1","1","2"
"开府中兵参","1","1","2"
"中兵参军事","1","1","2"
"库直正都督","1","1","2"
"宁县开国子","1","1","2"
"加左右大都","1","1","2"
"除武□将军","2","0","2"
"除左右大将","2","0","2"
"省五兵尚书","1","1","2"
"迁殿中尚书","2","0","2"
"封广汉郡开","1","1","2"
"广汉郡开国","1","1","2"
"汉郡开国公","1","1","2"
"封开封郡开","1","1","2"
"开封郡开国","1","1","2"
"封郡开国公","1","1","2"
"南行台尚书","1","1","2"
"行台尚书右","1","1","2"
"台尚书右仆","1","1","2"
"吴明彻寇淮","2","0","2"
"明彻寇淮南","2","0","2"
"封文城郡王","1","1","2"
"人陈暄等作","1","1","2"
"陈暄等作乱","1","1","2"
"斩首二千余","2","0","2"
"首二千余级","2","0","2"
"陈将萧摩诃","1","1","2"
"将萧摩诃率","1","1","2"
"封西河郡开","1","1","2"
"西河郡开国","1","1","2"
"河郡开国公","1","1","2"
"武平末太子","2","0","2"
"赐爵石门县","1","1","2"
"爵石门县子","1","1","2"
"书右仆射事","1","1","2"
"平王北宫留","1","1","2"
"王北宫留后","1","1","2"
"武平末假仪","1","1","2"
"平末假仪同","1","1","2"
"末假仪同三","1","1","2"
"除平东将军","2","0","2"
"中外府帐内","1","1","2"
"外府帐内都","1","1","2"
"府帐内都督","1","1","2"
"封广兴县开","1","1","2"
"广兴县开国","1","1","2"
"兴县开国君","1","1","2"
"封石城县开","1","1","2"
"石城县开国","1","1","2"
"城县开国子","1","1","2"
"州平寇县干","1","1","2"
"封雍州京兆","1","1","2"
"雍州京兆郡","1","1","2"
"城县开国男","1","1","2"
"随斛律敦北","1","1","2"
"封石城郡开","1","1","2"
"石城郡开国","1","1","2"
"城郡开国伯","1","1","2"
"牛羊三万头","1","1","2"
"城北十五里","1","1","2"
"右□大将军","2","0","2"
"封义宁县开","1","1","2"
"义宁县开国","1","1","2"
"宁县开国君","1","1","2"
"除□省尚书","2","0","2"
"赐爵代郡公","1","1","2"
"三州行台左","1","1","2"
"州行台左丞","1","1","2"
"假抚军将军","1","1","2"
"北扬州刺史","1","1","2"
"朱荣大将军","1","1","2"
"荣大将军府","1","1","2"
"大将军府长","1","1","2"
"将军府长流","1","1","2"
"军府长流参","1","1","2"
"荣大丞相府","1","1","2"
"大丞相府长","1","1","2"
"丞相府长流","1","1","2"
"相府长流参","1","1","2"
"西华县都乡","1","1","2"
"华县都乡男","1","1","2"
"石保县开国","1","1","2"
"保县开国子","1","1","2"
"加镇西将军","1","1","2"
"封历阳郡王","1","1","2"
"大义郡开国","1","1","2"
"义郡开国公","1","1","2"
"郡开国公率","1","1","2"
"武平末仪同","2","0","2"
"赐爵永安君","1","1","2"
"魏彭城王韶","2","0","2"
"开府咨议参","2","0","2"
"定州六州都","1","1","2"
"州六州都督","1","1","2"
"中外府外兵","1","1","2"
"外府外兵参","1","1","2"
"甚显祖所知","2","0","2"
"北道行台仆","1","1","2"
"阳道行台仆","1","1","2"
"周将常山公","1","1","2"
"行台乞伏贵","1","1","2"
"行台尉相贵","1","1","2"
"武乡郡开国","1","1","2"
"乡郡开国公","1","1","2"
"永昌郡开国","1","1","2"
"昌郡开国公","1","1","2"
"仪同叱干苟","1","1","2"
"同叱干苟生","1","1","2"
"建州道行台","1","1","2"
"道行台左仆","1","1","2"
"开府纥奚永","1","1","2"
"府纥奚永安","1","1","2"
"幽州行台潘","1","1","2"
"魏建德太守","1","1","2"
"赠幽州刺史","1","1","2"
"赐爵方城伯","1","1","2"
"平王开府中","1","1","2"
"王开府中郎","1","1","2"
"梁尚书羊侃","1","1","2"
"除廷尉少卿","2","0","2"
"郡太守陆士","1","1","2"
"太守陆士佩","1","1","2"
"除都水使者","2","0","2"
"行南谯州事","1","1","2"
"带东南道行","1","1","2"
"南道行台左","1","1","2"
"行太子少傅","1","1","2"
"魏济州刺史","1","1","2"
"大将军西合","1","1","2"
"将军西合祭","1","1","2"
"军西合祭酒","1","1","2"
"中外府中兵","1","1","2"
"外府中兵参","1","1","2"
"除中书舍人","2","0","2"
"黄门郑子默","1","1","2"
"潜扬州道行","2","0","2"
"先梁将王琳","1","1","2"
"州刺史王奉","1","1","2"
"刺史王奉国","1","1","2"
"合州刺史周","1","1","2"
"州刺史周令","1","1","2"
"刺史周令珍","1","1","2"
"功加散骑常","1","1","2"
"将吴明彻渡","1","1","2"
"王琳等同陷","2","0","2"
"尚书左右丞","1","1","2"
"魏司徒司马","1","1","2"
"武平末尚书","2","0","2"
"魏右光禄大","1","1","2"
"东清河郡人","1","1","2"
"平原贝丘人","1","1","2"
"宋长广太守","1","1","2"
"省度支尚书","1","1","2"
"转五兵尚书","2","0","2"
"任城王湝丞","2","0","2"
"城王湝丞相","2","0","2"
"扬州录事参","1","1","2"
"邪王俨大司","2","0","2"
"王俨大司马","2","0","2"
"大司马西合","1","1","2"
"司马西合祭","1","1","2"
"马西合祭酒","1","1","2"
"军功曹参军","1","1","2"
"幽州刺史常","1","1","2"
"州刺史常景","1","1","2"
"加轻车将军","1","1","2"
"加镇远将军","1","1","2"
"太保长孙稚","1","1","2"
"保长孙稚府","1","1","2"
"长孙稚府属","1","1","2"
"授世宗开府","1","1","2"
"世宗开府主","1","1","2"
"宗开府主簿","1","1","2"
"新泰县开国","1","1","2"
"泰县开国伯","1","1","2"
"食邑六百户","1","1","2"
"清河崔长谦","1","1","2"
"尚书左丞卢","1","1","2"
"书左丞卢斐","1","1","2"
"始平县开国","1","1","2"
"平县开国男","1","1","2"
"除吏部尚书","2","0","2"
"官尚书右仆","1","1","2"
"奏立文林馆","2","0","2"
"纳言中大夫","1","1","2"
"隋开皇二年","1","1","2"
"幽州人物志","1","1","2"
"尚书水部郎","1","1","2"
"书水部郎中","1","1","2"
"太保开府西","1","1","2"
"保开府西合","1","1","2"
"尚书度支郎","1","1","2"
"五兵左民郎","1","1","2"
"兵左民郎中","1","1","2"
"大司农少卿","1","1","2"
"录事参军卢","1","1","2"
"事参军卢思","1","1","2"
"参军卢思道","1","1","2"
"军卢思道私","1","1","2"
"托中书侍郎","1","1","2"
"本州岛中正","2","0","2"
"吏部下大夫","1","1","2"
"京司宗中大","1","1","2"
"司宗中大夫","1","1","2"
"京都官尚书","1","1","2"
"仪同开府参","1","1","2"
"同开府参军","1","1","2"
"尚书民部考","1","1","2"
"书民部考功","1","1","2"
"民部考功侍","1","1","2"
"部考功侍郎","1","1","2"
"广州征南府","1","1","2"
"泰州开府长","1","1","2"
"世宗骠骑府","1","1","2"
"宗骠骑府长","1","1","2"
"骠骑府长史","1","1","2"
"济州仪同长","1","1","2"
"州仪同长史","1","1","2"
"郎中杜弼宣","1","1","2"
"省都官尚书","1","1","2"
"武平五年三","1","1","2"
"平五年三月","1","1","2"
"尚书三公郎","1","1","2"
"书三公郎中","1","1","2"
"散骑常侍陆","1","1","2"
"骑常侍陆晏","1","1","2"
"常侍陆晏子","1","1","2"
"国子祭酒马","1","1","2"
"子祭酒马敬","1","1","2"
"祭酒马敬德","1","1","2"
"酒马敬德等","1","1","2"
"除南兖州刺","1","1","2"
"河内司马氏","1","1","2"
"娶陇西李士","1","1","2"
"陇西李士元","1","1","2"
"娶范阳卢庄","1","1","2"
"永安公开府","1","1","2"
"安公开府法","1","1","2"
"公开府法曹","1","1","2"
"平原郡太守","1","1","2"
"赐爵万年县","1","1","2"
"爵万年县子","1","1","2"
"魏梁州刺史","1","1","2"
"兄广平太守","1","1","2"
"师咸阳王行","1","1","2"
"咸阳王行参","1","1","2"
"阳王行参军","1","1","2"
"仓曹参军事","1","1","2"
"太子步兵校","1","1","2"
"子步兵校尉","1","1","2"
"书毕义云争","1","1","2"
"累世本州岛","2","0","2"
"世本州岛刺","2","0","2"
"本州岛刺史","2","0","2"
"陇西郡赞治","1","1","2"
"秦州刺史宋","1","1","2"
"州刺史宋嵩","1","1","2"
"淮南招募三","1","1","2"
"南招募三四","1","1","2"
"招募三四万","1","1","2"
"募三四万人","1","1","2"
"袁聿修等十","1","1","2"
"聿修等十八","1","1","2"
"修等十八人","1","1","2"
"司成下大夫","1","1","2"
"支尚书元修","2","0","2"
"尚书元修伯","2","0","2"
"录尚书唐邕","1","1","2"
"教授太原公","1","1","2"
"中山石曜等","1","1","2"
"国学博士徒","1","1","2"
"博陵崔子发","1","1","2"
"广平宋游卿","1","1","2"
"置博士助教","1","1","2"
"魏末大儒徐","1","1","2"
"末大儒徐遵","1","1","2"
"郑康成所注","2","0","2"
"渤海张文敬","1","1","2"
"河间刘光伯","1","1","2"
"信都刘士元","1","1","2"
"魏朝博陵刘","1","1","2"
"朝博陵刘献","1","1","2"
"河间宗惠振","1","1","2"
"间宗惠振等","1","1","2"
"时中山石曜","1","1","2"
"殿中尚书邢","1","1","2"
"中书令魏收","1","1","2"
"书令魏收等","1","1","2"
"北平太守宋","1","1","2"
"平太守宋景","1","1","2"
"太守宋景业","1","1","2"
"西河太守綦","1","1","2"
"尚书平原王","1","1","2"
"书平原王高","1","1","2"
"博士刁柔参","1","1","2"
"士刁柔参考","1","1","2"
"赠廷尉少卿","1","1","2"
"魏车骑将军","1","1","2"
"公府长流参","1","1","2"
"嫡子子嫡孙","2","0","2"
"仲子犹行古","2","0","2"
"子犹行古道","2","0","2"
"立嫡子母弟","2","0","2"
"时年五十六","1","1","2"
"李宝鼎游学","1","1","2"
"授四门博士","1","1","2"
"太府少卿宋","1","1","2"
"府少卿宋世","1","1","2"
"少卿宋世良","1","1","2"
"卿宋世良家","1","1","2"
"儒徐遵明学","1","1","2"
"瀛州大中正","1","1","2"
"安州诸军事","1","1","2"
"青州集曹参","1","1","2"
"州集曹参军","1","1","2"
"魏郡姚元标","1","1","2"
"同郡袁买奴","1","1","2"
"等五州刺史","1","1","2"
"时年七十六","1","1","2"
"太尉长流参","1","1","2"
"尉长流参军","1","1","2"
"常山府长流","1","1","2"
"山府长流参","1","1","2"
"永安王府参","1","1","2"
"安王府参军","1","1","2"
"王府参军事","1","1","2"
"侍讲马敬德","1","1","2"
"中崔季舒等","1","1","2"
"大儒秘书监","1","1","2"
"授员外将军","1","1","2"
"北徐州治中","1","1","2"
"管记马子结","1","1","2"
"大将军司马","1","1","2"
"子结兄弟三","1","1","2"
"结兄弟三人","1","1","2"
"三马俱白眉","1","1","2"
"南阳王管记","1","1","2"
"武都兖州刺","2","0","2"
"都兖州刺史","2","0","2"
"丞相咸阳王","1","1","2"
"范阳祖鸿勋","1","1","2"
"常侍王晞独","1","1","2"
"通直郎兰陵","1","1","2"
"直郎兰陵萧","1","1","2"
"郎兰陵萧放","1","1","2"
"晋陵王孝式","1","1","2"
"齐州录事参","1","1","2"
"录事参军萧","1","1","2"
"功曹参军颜","1","1","2"
"太子太师徐","1","1","2"
"散骑常侍张","1","1","2"
"骑常侍张雕","1","1","2"
"散骑侍郎韦","1","1","2"
"骑侍郎韦道","1","1","2"
"侍郎韦道逊","1","1","2"
"太子舍人王","1","1","2"
"子舍人王劭","1","1","2"
"尉丞李孝基","1","1","2"
"中侍御史魏","1","1","2"
"侍御史魏澹","1","1","2"
"中散大夫刘","1","1","2"
"散大夫刘仲","1","1","2"
"大夫刘仲威","1","1","2"
"国子博士朱","1","1","2"
"子博士朱才","1","1","2"
"奉车都尉眭","1","1","2"
"车都尉眭道","1","1","2"
"都尉眭道闲","1","1","2"
"考功郎中崔","1","1","2"
"功郎中崔子","1","1","2"
"郎中崔子枢","1","1","2"
"左外兵郎薛","1","1","2"
"外兵郎薛道","1","1","2"
"兵郎薛道衡","1","1","2"
"省主客郎中","1","1","2"
"主客郎中卢","1","1","2"
"客郎中卢思","1","1","2"
"郎中卢思道","1","1","2"
"合祭酒崔德","1","1","2"
"太学博士诸","1","1","2"
"学博士诸葛","1","1","2"
"奉朝请郑公","1","1","2"
"朝请郑公超","1","1","2"
"中侍御史郑","1","1","2"
"侍御史郑子","1","1","2"
"御史郑子信","1","1","2"
"史郑子信等","1","1","2"
"令散骑常侍","1","1","2"
"前乐陵太守","1","1","2"
"乐陵太守郑","1","1","2"
"陵太守郑元","1","1","2"
"太守郑元礼","1","1","2"
"尉少卿杜台","1","1","2"
"少卿杜台卿","1","1","2"
"骑常侍王训","1","1","2"
"前南兖州长","1","1","2"
"兖州长史羊","1","1","2"
"州长史羊肃","1","1","2"
"散骑常侍马","1","1","2"
"骑常侍马元","1","1","2"
"常侍马元熙","1","1","2"
"省三公郎中","1","1","2"
"三公郎中刘","1","1","2"
"府行参军李","1","1","2"
"行参军李师","1","1","2"
"参军李师上","1","1","2"
"温君悠入馆","1","1","2"
"命特进崔季","1","1","2"
"特进崔季舒","1","1","2"
"前仁州刺史","1","1","2"
"仁州刺史刘","1","1","2"
"州刺史刘逖","1","1","2"
"骑常侍李孝","1","1","2"
"常侍李孝贞","1","1","2"
"前济州长史","1","1","2"
"济州长史李","1","1","2"
"州长史李翥","1","1","2"
"前广武太守","1","1","2"
"广武太守魏","1","1","2"
"武太守魏骞","1","1","2"
"前西兖州司","1","1","2"
"西兖州司马","1","1","2"
"兖州司马萧","1","1","2"
"州司马萧溉","1","1","2"
"前幽州长史","1","1","2"
"幽州长史陆","1","1","2"
"州长史陆仁","1","1","2"
"长史陆仁惠","1","1","2"
"郑州司马江","1","1","2"
"州司马江旰","1","1","2"
"前通直散骑","1","1","2"
"散骑侍郎辛","1","1","2"
"骑侍郎辛德","1","1","2"
"侍郎辛德源","1","1","2"
"通直郎封孝","1","1","2"
"直郎封孝謇","1","1","2"
"太尉掾张德","1","1","2"
"尉掾张德冲","1","1","2"
"省右民郎高","1","1","2"
"右民郎高行","1","1","2"
"民郎高行恭","1","1","2"
"司徒户曹参","1","1","2"
"徒户曹参军","1","1","2"
"户曹参军古","1","1","2"
"曹参军古道","1","1","2"
"参军古道子","1","1","2"
"前司空功曹","1","1","2"
"司空功曹参","1","1","2"
"空功曹参军","1","1","2"
"功曹参军刘","1","1","2"
"事中李元楷","1","1","2"
"晋州治中阳","1","1","2"
"州治中阳师","1","1","2"
"治中阳师孝","1","1","2"
"太尉中兵参","1","1","2"
"尉中兵参军","1","1","2"
"中兵参军刘","1","1","2"
"兵参军刘儒","1","1","2"
"参军刘儒行","1","1","2"
"司空祭酒阳","1","1","2"
"空祭酒阳辟","1","1","2"
"祭酒阳辟疆","1","1","2"
"司空士曹参","1","1","2"
"空士曹参军","1","1","2"
"士曹参军卢","1","1","2"
"曹参军卢公","1","1","2"
"参军卢公顺","1","1","2"
"司徒中兵参","1","1","2"
"徒中兵参军","1","1","2"
"中兵参军周","1","1","2"
"兵参军周子","1","1","2"
"开府参军王","1","1","2"
"府参军王友","1","1","2"
"参军王友伯","1","1","2"
"广平宋孝王","1","1","2"
"信都刘善经","1","1","2"
"同郡卢文符","1","1","2"
"仆射临淮王","1","1","2"
"司徒法曹参","1","1","2"
"徒法曹参军","1","1","2"
"法曹参军事","1","1","2"
"赵郡李謇齐","1","1","2"
"郡李謇齐名","1","1","2"
"魏安丰王延","1","1","2"
"安丰王延明","1","1","2"
"丰王延明镇","1","1","2"
"大将军记室","1","1","2"
"加谏议大夫","1","1","2"
"荆州行台辛","1","1","2"
"州行台辛纂","1","1","2"
"车骑府录事","1","1","2"
"骑府录事参","1","1","2"
"见贤思齐四","1","1","2"
"贤思齐四字","1","1","2"
"渤海封孝琰","1","1","2"
"海封孝琰等","1","1","2"
"州刺史刘杀","1","1","2"
"刺史刘杀鬼","1","1","2"
"开封人郑祖","1","1","2"
"封人郑祖献","1","1","2"
"逊才学优异","1","1","2"
"中书郎张子","1","1","2"
"书郎张子融","1","1","2"
"定州秀才李","1","1","2"
"州秀才李子","1","1","2"
"秀才李子宣","1","1","2"
"才李子宣等","1","1","2"
"陛下受天明","2","0","2"
"下受天明命","2","0","2"
"都官尚书崔","1","1","2"
"官尚书崔昂","1","1","2"
"尚书崔昂举","1","1","2"
"书崔昂举荐","1","1","2"
"汉中垒校尉","1","1","2"
"中垒校尉刘","1","1","2"
"垒校尉刘向","1","1","2"
"长水校尉臣","1","1","2"
"水校尉臣参","1","1","2"
"校尉臣参书","1","1","2"
"太常博士书","1","1","2"
"太常卿邢子","1","1","2"
"常卿邢子才","1","1","2"
"吏部尚书辛","1","1","2"
"部尚书辛术","1","1","2"
"司农少卿穆","1","1","2"
"农少卿穆子","1","1","2"
"少卿穆子容","1","1","2"
"前黄门郎司","1","1","2"
"门郎司马子","1","1","2"
"郎司马子瑞","1","1","2"
"国子祭酒李","1","1","2"
"子祭酒李业","1","1","2"
"祭酒李业兴","1","1","2"
"秘书监尉瑾","1","1","2"
"员外司马督","1","1","2"
"召入司徒府","1","1","2"
"迁员外散骑","2","0","2"
"瀛州外兵参","1","1","2"
"州外兵参军","1","1","2"
"累迁中书侍","2","0","2"
"行台郎中王","1","1","2"
"大将军李显","1","1","2"
"将军李显庆","1","1","2"
"中书郎段孝","1","1","2"
"书郎段孝信","1","1","2"
"王俨大将军","2","0","2"
"尚书左中兵","1","1","2"
"加通直常侍","1","1","2"
"齐尚书右丞","1","1","2"
"州道行台郎","1","1","2"
"五言诗十六","1","1","2"
"言诗十六韵","1","1","2"
"司空田曹参","1","1","2"
"空田曹参军","1","1","2"
"大丞相府属","1","1","2"
"时大理正苏","1","1","2"
"大理正苏珍","1","1","2"
"决定嫌疑苏","1","1","2"
"定嫌疑苏珍","1","1","2"
"中尉毕义云","1","1","2"
"北平王文学","1","1","2"
"关东风俗传","1","1","2"
"梁吴明彻率","1","1","2"
"元景融等十","1","1","2"
"妖贼刘黑狗","1","1","2"
"百姓乙普明","1","1","2"
"姓乙普明兄","1","1","2"
"乙普明兄弟","1","1","2"
"普明兄弟争","1","1","2"
"徐州城中五","1","1","2"
"州城中五级","1","1","2"
"城中五级寺","1","1","2"
"随慕容绍宗","1","1","2"
"守公孙景茂","1","1","2"
"见贼能讨宋","1","1","2"
"贼能讨宋游","1","1","2"
"能讨宋游道","1","1","2"
"左中兵郎中","1","1","2"
"令临淮王彧","2","0","2"
"徐州刺史元","1","1","2"
"州刺史元孚","1","1","2"
"录尚书元弼","1","1","2"
"都官郎中毕","1","1","2"
"官郎中毕义","1","1","2"
"左仆射襄城","1","1","2"
"仆射襄城王","1","1","2"
"尚书郑述祖","1","1","2"
"书郑述祖等","1","1","2"
"外兵郎中魏","1","1","2"
"兵郎中魏叔","1","1","2"
"郎中魏叔道","1","1","2"
"处游道死罪","1","1","2"
"疑黄门郎温","1","1","2"
"黄门郎温子","1","1","2"
"门郎温子升","1","1","2"
"郎温子升知","1","1","2"
"莱王道习参","1","1","2"
"郎中兰景云","1","1","2"
"兖州刺史李","1","1","2"
"州刺史李子","1","1","2"
"刺史李子贞","1","1","2"
"吉宁等五人","1","1","2"
"稍迁中书舍","2","0","2"
"魏殿中尚书","1","1","2"
"相府刑狱参","1","1","2"
"府刑狱参军","1","1","2"
"尚书都官郎","1","1","2"
"书都官郎中","1","1","2"
"汲郡太守翟","1","1","2"
"郡太守翟嵩","1","1","2"
"任京畿长吏","1","1","2"
"造金银器物","1","1","2"
"尚书左丞司","1","1","2"
"书左丞司马","1","1","2"
"左丞司马子","1","1","2"
"丞司马子瑞","1","1","2"
"子瑞奏弹义","2","0","2"
"瑞奏弹义云","2","0","2"
"天保元年四","1","1","2"
"保元年四月","1","1","2"
"御史张子阶","1","1","2"
"事中李孝贞","1","1","2"
"舍人兰子畅","1","1","2"
"文穆皇帝继","1","1","2"
"穆皇帝继室","1","1","2"
"丞相司马任","1","1","2"
"荥阳开封人","2","0","2"
"太师江阳王","1","1","2"
"姓步六孤氏","1","1","2"
"左丞邹孝裕","1","1","2"
"郎中陆仁惠","1","1","2"
"北营州建德","1","1","2"
"营州建德郡","1","1","2"
"扁鹊仓公传","1","1","2"
"魏武定八年","1","1","2"
"武定八年五","1","1","2"
"定八年五月","1","1","2"
"开府田曹记","1","1","2"
"府田曹记室","1","1","2"
"舍人斛斯庆","1","1","2"
"犍子拍头三","1","1","2"
"子拍头三十","1","1","2"
"拍头三十二","1","1","2"
"京畿士曹参","1","1","2"
"畿士曹参军","1","1","2"
"都督冯永洛","1","1","2"
"提婆改姓穆","1","1","2"
"婆改姓穆氏","1","1","2"
"周将军尉迟","1","1","2"
"作龟兹国子","1","1","2"
"监造晋阳宫","1","1","2"
"假节通州刺","1","1","2"
"节通州刺史","1","1","2"
"开府薛荣宗","1","1","2"
"遣斛律明月","1","1","2"
"舍人元行恭","1","1","2"
"东道大行台","1","1","2"
"第一镇人酋","1","1","2"
"一镇人酋长","1","1","2"
"授神武大丞","1","1","2"
"世袭定州刺","1","1","2"
"袭定州刺史","1","1","2"
"相州刺史窦","1","1","2"
"州刺史窦泰","1","1","2"
"前瀛州刺史","1","1","2"
"瀛州刺史尧","1","1","2"
"州刺史高隆","1","1","2"
"备九锡殊礼","1","1","2"
"尚孝静帝妹","1","1","2"
"孝静帝妹冯","1","1","2"
"静帝妹冯翊","1","1","2"
"帝妹冯翊长","1","1","2"
"妹冯翊长公","1","1","2"
"冯翊长公主","1","1","2"
"摄吏部尚书","1","1","2"
"州刺史高元","1","1","2"
"刺史高元成","1","1","2"
"襄州刺史李","1","1","2"
"州刺史李密","1","1","2"
"广州刺史暴","1","1","2"
"州刺史暴显","1","1","2"
"刺史暴显等","1","1","2"
"太原郡开国","1","1","2"
"原郡开国公","1","1","2"
"十二月己酉","1","1","2"
"州刺史彭乐","1","1","2"
"封宗室高岳","1","1","2"
"斛律金咸阳","1","1","2"
"清河王岳使","2","0","2"
"河王岳使持","2","0","2"
"王岳使持节","2","0","2"
"邵陵王萧纶","1","1","2"
"前黄门侍郎","1","1","2"
"黄门侍郎元","1","1","2"
"门侍郎元世","1","1","2"
"侍郎元世宝","1","1","2"
"郎彭贵平谋","1","1","2"
"前司空司马","1","1","2"
"冬十月戊申","1","1","2"
"司州牧清河","1","1","2"
"州牧清河王","1","1","2"
"行台辛术率","1","1","2"
"春正月丙子","1","1","2"
"太子太师侯","1","1","2"
"子太师侯莫","1","1","2"
"太师侯莫陈","1","1","2"
"师侯莫陈相","1","1","2"
"仪同三司元","1","1","2"
"同三司元旭","1","1","2"
"刺史王琳献","1","1","2"
"三司贺拔仁","1","1","2"
"书右仆射杨","1","1","2"
"湛录尚书事","1","1","2"
"秋八月戊戌","1","1","2"
"尊皇太后太","2","0","2"
"皇太后太皇","2","0","2"
"太后太皇太","2","0","2"
"后太皇太后","2","0","2"
"书右仆射燕","1","1","2"
"仪同三司刘","1","1","2"
"同三司刘洪","1","1","2"
"三司刘洪徽","1","1","2"
"冬十一月辛","1","1","2"
"十一月辛亥","1","1","2"
"前定州刺史","1","1","2"
"夏四月辛丑","1","1","2"
"皇太后娄氏","1","1","2"
"太后娄氏崩","1","1","2"
"书右仆射斛","1","1","2"
"右仆射斛律","1","1","2"
"仆射斛律光","1","1","2"
"秋九月乙丑","1","1","2"
"太尉侯莫陈","1","1","2"
"尉侯莫陈相","1","1","2"
"上皇帝诏改","1","1","2"
"皇帝诏改太","1","1","2"
"帝诏改太祖","1","1","2"
"诏改太祖献","1","1","2"
"改太祖献武","1","1","2"
"封太上皇帝","1","1","2"
"太上皇帝子","1","1","2"
"上皇帝子俨","1","1","2"
"散骑常侍韦","1","1","2"
"骑常侍韦道","1","1","2"
"常侍韦道儒","1","1","2"
"侍韦道儒聘","1","1","2"
"上皇帝诏封","1","1","2"
"皇帝诏封皇","1","1","2"
"帝诏封皇子","1","1","2"
"诏封皇子仁","1","1","2"
"上皇帝诏尚","1","1","2"
"皇帝诏尚书","1","1","2"
"帝诏尚书令","1","1","2"
"东平王俨录","1","1","2"
"平王俨录尚","1","1","2"
"王俨录尚书","1","1","2"
"俨录尚书事","1","1","2"
"书左仆射赵","1","1","2"
"左仆射赵彦","1","1","2"
"左仆射娄定","1","1","2"
"仆射娄定远","1","1","2"
"城王湝太师","2","0","2"
"太师贺拔仁","1","1","2"
"太傅侯莫陈","1","1","2"
"傅侯莫陈相","1","1","2"
"大司马娄睿","1","1","2"
"司徒韩祖念","1","1","2"
"故清河王岳","1","1","2"
"王潘相乐十","1","1","2"
"潘相乐十人","1","1","2"
"相乐十人配","1","1","2"
"配飨神武庙","2","0","2"
"飨神武庙庭","2","0","2"
"同三司徐显","1","1","2"
"三司徐显秀","1","1","2"
"书右仆射胡","1","1","2"
"右仆射胡长","1","1","2"
"冬十月辛巳","2","0","2"
"左仆射胡长","1","1","2"
"中书监唐邕","1","1","2"
"太保斛律光","1","1","2"
"复改威宗景","1","1","2"
"景烈皇帝谥","1","1","2"
"烈皇帝谥号","1","1","2"
"陵王长恭太","2","0","2"
"尚书事赵彦","1","1","2"
"书事赵彦深","1","1","2"
"赵彦深司空","2","0","2"
"士开录尚书","1","1","2"
"开录尚书事","1","1","2"
"右仆射唐邕","1","1","2"
"吏部尚书冯","1","1","2"
"部尚书冯子","1","1","2"
"尚书冯子琮","1","1","2"
"弟幽州行台","1","1","2"
"荆山公丰乐","1","1","2"
"太尉卫菩萨","1","1","2"
"宜阳王赵彦","1","1","2"
"阳王赵彦深","1","1","2"
"中书监段孝","1","1","2"
"书监段孝言","1","1","2"
"杀侍中崔季","1","1","2"
"黄门侍郎裴","1","1","2"
"门侍郎裴泽","1","1","2"
"三司贺拔伏","1","1","2"
"司贺拔伏恩","1","1","2"
"慕容钟葵等","1","1","2"
"容钟葵等宿","1","1","2"
"钟葵等宿卫","1","1","2"
"葵等宿卫近","1","1","2"
"等宿卫近臣","1","1","2"
"宿卫近臣三","1","1","2"
"卫近臣三十","1","1","2"
"隆化二年春","1","1","2"
"化二年春正","1","1","2"
"留太皇太后","1","1","2"
"武成皇后胡","1","1","2"
"成皇后胡氏","1","1","2"
"天保元年封","1","1","2"
"东北道大行","1","1","2"
"封南赵郡公","1","1","2"
"食邑五千户","1","1","2"
"都督定州刺","1","1","2"
"督定州刺史","1","1","2"
"袭爵南赵郡","1","1","2"
"爵南赵郡公","1","1","2"
"邑一千二百","1","1","2"
"一千二百户","1","1","2"
"摄大宗正卿","1","1","2"
"琛同母弟惠","1","1","2"
"同母弟惠宝","1","1","2"
"母弟惠宝早","1","1","2"
"都督四州诸","1","1","2"
"督四州诸军","1","1","2"
"重赠十州都","1","1","2"
"赠十州都督","1","1","2"
"清河王岳第","1","1","2"
"河王岳第十","1","1","2"
"王岳第十子","1","1","2"
"岳第十子敬","1","1","2"
"第十子敬文","1","1","2"
"魏朝赠太尉","1","1","2"
"六州军事都","1","1","2"
"州军事都督","1","1","2"
"封清河郡王","1","1","2"
"统司徒潘相","1","1","2"
"徒潘相乐等","1","1","2"
"诏大鸿胪监","1","1","2"
"大鸿胪监护","1","1","2"
"鸿胪监护丧","1","1","2"
"胪监护丧事","1","1","2"
"冀定沧瀛赵","1","1","2"
"定沧瀛赵幽","1","1","2"
"沧瀛赵幽济","1","1","2"
"瀛赵幽济七","1","1","2"
"赵幽济七州","1","1","2"
"幽济七州诸","1","1","2"
"济七州诸军","1","1","2"
"追授武卫将","1","1","2"
"授武卫将军","1","1","2"
"大安捍殊人","1","1","2"
"改封九门县","1","1","2"
"封九门县公","1","1","2"
"袭封章武郡","1","1","2"
"幽州道行台","1","1","2"
"州道行台右","1","1","2"
"道行台右仆","1","1","2"
"姑臧武威人","1","1","2"
"安北府司马","1","1","2"
"定冀沧瀛四","1","1","2"
"冀沧瀛四州","1","1","2"
"怀州武德郡","1","1","2"
"州武德郡公","1","1","2"
"沧齐兖梁洛","1","1","2"
"齐兖梁洛晋","1","1","2"
"兖梁洛晋建","1","1","2"
"梁洛晋建十","1","1","2"
"洛晋建十二","1","1","2"
"晋建十二州","1","1","2"
"建十二州诸","1","1","2"
"颍川长公主","1","1","2"
"累迁行台右","1","1","2"
"迁行台右仆","1","1","2"
"徐州行台左","1","1","2"
"州行台左仆","1","1","2"
"韶第三子德","1","1","2"
"第三子德举","1","1","2"
"韶第四子德","1","1","2"
"第四子德衡","1","1","2"
"韶第七子德","1","1","2"
"第七子德堪","1","1","2"
"转食河南郡","1","1","2"
"食河南郡干","1","1","2"
"浚京城北隍","1","1","2"
"同三司崔士","1","1","2"
"三司崔士顺","1","1","2"
"将作大匠元","1","1","2"
"作大匠元士","1","1","2"
"大匠元士将","1","1","2"
"太府少卿郦","1","1","2"
"府少卿郦孝","1","1","2"
"少卿郦孝裕","1","1","2"
"左民郎中薛","1","1","2"
"民郎中薛叔","1","1","2"
"郎中薛叔昭","1","1","2"
"司州治中崔","1","1","2"
"州治中崔龙","1","1","2"
"治中崔龙子","1","1","2"
"清都尹丞李","1","1","2"
"都尹丞李道","1","1","2"
"尹丞李道隆","1","1","2"
"邺县令尉长","1","1","2"
"县令尉长卿","1","1","2"
"成安令高子","1","1","2"
"安令高子彻","1","1","2"
"令高子彻等","1","1","2"
"孝言富贵豪","1","1","2"
"言富贵豪侈","1","1","2"
"朔州敕勒部","1","1","2"
"州敕勒部人","1","1","2"
"改封石城郡","1","1","2"
"封石城郡公","1","1","2"
"爵巨鹿郡公","1","1","2"
"率骑北讨突","1","1","2"
"骑北讨突厥","1","1","2"
"大司马尉迟","1","1","2"
"司马尉迟迥","1","1","2"
"柱国庸国公","1","1","2"
"世祖命纳光","1","1","2"
"祖命纳光第","1","1","2"
"命纳光第二","1","1","2"
"纳光第二女","1","1","2"
"袭爵咸阳王","1","1","2"
"封武德郡公","1","1","2"
"周将张掖公","1","1","2"
"将张掖公宇","1","1","2"
"张掖公宇文","1","1","2"
"掖公宇文桀","1","1","2"
"中州刺史梁","1","1","2"
"州刺史梁士","1","1","2"
"刺史梁士彦","1","1","2"
"开府司水大","1","1","2"
"府司水大夫","1","1","2"
"司水大夫梁","1","1","2"
"水大夫梁景","1","1","2"
"大夫梁景兴","1","1","2"
"夫梁景兴等","1","1","2"
"率众筑平陇","1","1","2"
"统戎等镇戍","1","1","2"
"戎等镇戍十","1","1","2"
"等镇戍十三","1","1","2"
"镇戍十三所","1","1","2"
"增邑一千户","1","1","2"
"柱国纥干广","1","1","2"
"国纥干广略","1","1","2"
"纥干广略围","1","1","2"
"干广略围宜","1","1","2"
"广略围宜阳","1","1","2"
"梁兖二州刺","1","1","2"
"兖二州刺史","1","1","2"
"封大夏县子","1","1","2"
"封高城县侯","1","1","2"
"爵荆山郡王","1","1","2"
"迁平北将军","1","1","2"
"封固安县伯","1","1","2"
"封定阳郡公","1","1","2"
"咸阳石安人","1","1","2"
"赠通使持节","1","1","2"
"都督雍华岐","1","1","2"
"赠腾父机使","1","1","2"
"腾父机使持","1","1","2"
"父机使持节","1","1","2"
"武定六年四","1","1","2"
"定六年四月","1","1","2"
"六年四月薨","1","1","2"
"都督冀定等","1","1","2"
"督冀定等五","1","1","2"
"冀定等五州","1","1","2"
"定等五州诸","1","1","2"
"等五州诸军","1","1","2"
"河北括户大","1","1","2"
"北括户大使","1","1","2"
"冀定瀛沧怀","1","1","2"
"定瀛沧怀五","1","1","2"
"瀛沧怀五州","1","1","2"
"沧怀五州诸","1","1","2"
"怀五州诸军","1","1","2"
"纂长子世云","1","1","2"
"累迁卫将军","1","1","2"
"赠瀛州刺史","1","1","2"
"定幽恒肆四","1","1","2"
"幽恒肆四州","1","1","2"
"恒肆四州诸","1","1","2"
"肆四州诸军","1","1","2"
"贵弃城归高","1","1","2"
"弃城归高祖","1","1","2"
"督冀定瀛幽","1","1","2"
"冀定瀛幽安","1","1","2"
"定瀛幽安五","1","1","2"
"瀛幽安五州","1","1","2"
"肆恒云朔五","1","1","2"
"恒云朔五州","1","1","2"
"云朔五州军","1","1","2"
"朔五州军事","1","1","2"
"雍五州军事","1","1","2"
"都督朔瀛赵","1","1","2"
"督朔瀛赵幽","1","1","2"
"朔瀛赵幽安","1","1","2"
"瀛赵幽安五","1","1","2"
"赵幽安五州","1","1","2"
"壮勇善骑射","1","1","2"
"冀定瀛沧济","1","1","2"
"朔恒十州军","1","1","2"
"恒十州军事","1","1","2"
"除汲郡太守","1","1","2"
"封行唐县子","1","1","2"
"转太尉长史","1","1","2"
"魏平阳公主","1","1","2"
"亲卫骠骑将","1","1","2"
"卫骠骑将军","1","1","2"
"上党长子人","1","1","2"
"沧十州士卒","1","1","2"
"十州士卒十","1","1","2"
"州士卒十万","1","1","2"
"士卒十万人","1","1","2"
"都督青徐胶","1","1","2"
"督青徐胶三","1","1","2"
"青徐胶三州","1","1","2"
"徐胶三州军","1","1","2"
"胶三州军事","1","1","2"
"荣府记室参","1","1","2"
"前西兖州刺","1","1","2"
"兖州刺史乙","1","1","2"
"州刺史乙瑗","1","1","2"
"谯郡太守辛","1","1","2"
"郡太守辛景","1","1","2"
"太守辛景威","1","1","2"
"时梁州刺史","1","1","2"
"梁州刺史鹿","1","1","2"
"州刺史鹿永","1","1","2"
"刺史鹿永吉","1","1","2"
"西魏遣博陵","1","1","2"
"魏遣博陵王","1","1","2"
"遣博陵王元","1","1","2"
"博陵王元约","1","1","2"
"赵郡王元景","1","1","2"
"郡王元景神","1","1","2"
"赐爵白水子","1","1","2"
"初随荆州刺","1","1","2"
"随荆州刺史","1","1","2"
"荆州刺史贺","1","1","2"
"州刺史贺拔","1","1","2"
"刺史贺拔胜","1","1","2"
"南雍六州军","1","1","2"
"雍六州军事","1","1","2"
"武定七年春","1","1","2"
"赠青齐二州","1","1","2"
"青齐二州军","1","1","2"
"齐二州军事","1","1","2"
"西道大行台","1","1","2"
"河东汾阴人","1","1","2"
"河东河北二","1","1","2"
"东河北二郡","1","1","2"
"魏北海王颢","1","1","2"
"北海王颢镇","1","1","2"
"东秦诸军事","1","1","2"
"凤贤龙骧将","1","1","2"
"贤龙骧将军","1","1","2"
"封循义汾阴","1","1","2"
"循义汾阴县","1","1","2"
"义汾阴县侯","1","1","2"
"正平四郡大","1","1","2"
"平四郡大都","1","1","2"
"四郡大都督","1","1","2"
"朱兆立魏长","1","1","2"
"兆立魏长广","1","1","2"
"除循义右将","1","1","2"
"循义右将军","1","1","2"
"假安南将军","1","1","2"
"魏前废帝初","1","1","2"
"带汲郡太守","1","1","2"
"黎阳五郡都","1","1","2"
"阳五郡都督","1","1","2"
"爵正平郡公","1","1","2"
"五年七月卒","1","1","2"
"赠晋太华三","1","1","2"
"晋太华三州","1","1","2"
"太华三州诸","1","1","2"
"华三州诸军","1","1","2"
"除武卫将军","1","1","2"
"朱荣破葛荣","1","1","2"
"迁中军都督","1","1","2"
"除廓州刺史","1","1","2"
"赠瀛沧幽三","1","1","2"
"瀛沧幽三州","1","1","2"
"沧幽三州军","1","1","2"
"幽三州军事","1","1","2"
"化正二郡太","1","1","2"
"正二郡太守","1","1","2"
"赐爵长广伯","1","1","2"
"授晋州刺史","1","1","2"
"封安陵县男","1","1","2"
"改封义阳郡","1","1","2"
"封义阳郡公","1","1","2"
"都督沧恒二","1","1","2"
"督沧恒二州","1","1","2"
"沧恒二州军","1","1","2"
"恒二州军事","1","1","2"
"魏河间王元","1","1","2"
"河间王元琛","1","1","2"
"间王元琛率","1","1","2"
"王元琛率众","1","1","2"
"元琛率众救","1","1","2"
"战功赏帛五","1","1","2"
"功赏帛五十","1","1","2"
"赏帛五十匹","1","1","2"
"军主朱僧珍","1","1","2"
"豫州防城大","1","1","2"
"州防城大都","1","1","2"
"防城大都督","1","1","2"
"勋累迁安东","1","1","2"
"累迁安东将","1","1","2"
"转五城太守","1","1","2"
"梁司徒陆法","1","1","2"
"郢州城内附","1","1","2"
"赐帛一百匹","1","1","2"
"封成阳郡公","1","1","2"
"冀定瀛相殷","1","1","2"
"定瀛相殷幽","1","1","2"
"瀛相殷幽六","1","1","2"
"相殷幽六州","1","1","2"
"殷幽六州诸","1","1","2"
"幽六州诸军","1","1","2"
"转太尉士曹","1","1","2"
"封京兆郡公","1","1","2"
"都督沧冀州","1","1","2"
"督沧冀州诸","1","1","2"
"沧冀州诸军","1","1","2"
"冀州诸军事","1","1","2"
"封万年县男","1","1","2"
"除安东将军","1","1","2"
"寻加征东将","1","1","2"
"加征东将军","1","1","2"
"除大丞相司","1","1","2"
"叔宗字元纂","1","1","2"
"乐陵平昌人","1","1","2"
"累迁平远将","1","1","2"
"迁平远将军","1","1","2"
"除鲁阳太守","1","1","2"
"南益州刺史","1","1","2"
"赐爵长乐子","1","1","2"
"迁南兖州刺","1","1","2"
"希光族弟子","1","1","2"
"光族弟子贡","1","1","2"
"随薛安都入","1","1","2"
"薛安都入魏","1","1","2"
"抚军府长史","1","1","2"
"本官行冀州","1","1","2"
"冀二州军事","1","1","2"
"都督冀殷瀛","1","1","2"
"督冀殷瀛三","1","1","2"
"冀殷瀛三州","1","1","2"
"殷瀛三州诸","1","1","2"
"瀛三州诸军","1","1","2"
"魏定州刺史","1","1","2"
"诏赠缣布五","1","1","2"
"赠缣布五百","1","1","2"
"缣布五百匹","1","1","2"
"督定冀殷幽","1","1","2"
"定冀殷幽四","1","1","2"
"冀殷幽四州","1","1","2"
"殷幽四州诸","1","1","2"
"文伟行东雍","1","1","2"
"伟行东雍州","1","1","2"
"行东雍州事","1","1","2"
"转行青州事","1","1","2"
"都督定瀛殷","1","1","2"
"督定瀛殷三","1","1","2"
"定瀛殷三州","1","1","2"
"瀛殷三州军","1","1","2"
"都督幽平二","1","1","2"
"督幽平二州","1","1","2"
"幽平二州军","1","1","2"
"平二州军事","1","1","2"
"筑长城子使","1","1","2"
"后行南营州","1","1","2"
"行南营州刺","1","1","2"
"仪同开府行","1","1","2"
"同开府行参","1","1","2"
"判集书省事","1","1","2"
"第二弟同轨","1","1","2"
"二兖四州安","1","1","2"
"兖四州安抚","1","1","2"
"高祖将入洛","1","1","2"
"祖将入洛阳","1","1","2"
"参定禅代礼","1","1","2"
"定禅代礼仪","1","1","2"
"封襄城县男","1","1","2"
"寻除左光禄","1","1","2"
"魏济阴内史","1","1","2"
"魏正光五年","1","1","2"
"书令李崇北","1","1","2"
"令李崇北伐","1","1","2"
"军功赐爵临","1","1","2"
"功赐爵临清","1","1","2"
"赐爵临清县","1","1","2"
"爵临清县男","1","1","2"
"瀛州开府司","1","1","2"
"州开府司马","1","1","2"
"加辅国将军","1","1","2"
"封安平县子","1","1","2"
"转大行台郎","1","1","2"
"封昌国县公","1","1","2"
"尚书礼部侍","1","1","2"
"书礼部侍郎","1","1","2"
"中山曲阳人","1","1","2"
"西河隰城人","1","1","2"
"上谷昌平人","1","1","2"
"丞相府仓曹","1","1","2"
"都官尚书令","1","1","2"
"魏太武皇帝","1","1","2"
"魏景穆皇帝","1","1","2"
"赵国李氏口","1","1","2"
"国李氏口诵","1","1","2"
"李氏口诵陈","1","1","2"
"氏口诵陈思","1","1","2"
"口诵陈思王","1","1","2"
"诵陈思王诗","1","1","2"
"俱享黄发期","1","1","2"
"魏静帝登车","1","1","2"
"直长赵道德","1","1","2"
"迁东莱太守","1","1","2"
"文集二十卷","1","1","2"
"太子谏议大","1","1","2"
"子谏议大夫","1","1","2"
"封江乘县公","1","1","2"
"大都督十州","1","1","2"
"都督十州诸","1","1","2"
"督十州诸军","1","1","2"
"安湘郡公宋","1","1","2"
"一母生三天","1","1","2"
"两天共五年","1","1","2"
"会稽山阴人","1","1","2"
"时梁太尉王","1","1","2"
"梁太尉王僧","1","1","2"
"太尉王僧辩","1","1","2"
"司空陈霸先","1","1","2"
"晋安王方智","1","1","2"
"王僧辩大司","1","1","2"
"僧辩大司马","1","1","2"
"郑道育常戏","1","1","2"
"所著文章十","1","1","2"
"著文章十四","1","1","2"
"文章十四卷","1","1","2"
"日诵万余言","1","1","2"
"迁著作佐郎","1","1","2"
"晋议郎董勋","1","1","2"
"封富平县子","1","1","2"
"阴王晖业撰","1","1","2"
"河南洛阳人","1","1","2"
"魏昭成皇帝","1","1","2"
"加左光禄大","1","1","2"
"周武帝灭齐","1","1","2"
"舒等六人同","1","1","2"
"食太原郡干","1","1","2"
"除子华仁州","1","1","2"
"子华仁州刺","1","1","2"
"华仁州刺史","1","1","2"
"叔元襄城郡","1","1","2"
"元襄城郡太","1","1","2"
"襄城郡太守","1","1","2"
"叔略南营州","1","1","2"
"略南营州录","1","1","2"
"南营州录事","1","1","2"
"营州录事参","1","1","2"
"太原阳邑人","1","1","2"
"魏郡斥邱人","1","1","2"
"晋州车骑府","1","1","2"
"州车骑府长","1","1","2"
"车骑府长史","1","1","2"
"封乐安郡开","1","1","2"
"乐安郡开国","1","1","2"
"安郡开国公","1","1","2"
"都督定恒朔","1","1","2"
"督定恒朔幽","1","1","2"
"平六州诸军","1","1","2"
"封兴势县开","1","1","2"
"兴势县开国","1","1","2"
"势县开国伯","1","1","2"
"州道行台仆","1","1","2"
"行军总管崔","1","1","2"
"军总管崔彦","1","1","2"
"总管崔彦睦","1","1","2"
"管崔彦睦所","1","1","2"
"崔彦睦所杀","1","1","2"
"北平渔阳人","1","1","2"
"府行参军历","1","1","2"
"拔胜荆州开","1","1","2"
"胜荆州开府","1","1","2"
"荆州开府长","1","1","2"
"加银青光禄","1","1","2"
"叔武族孙臣","1","1","2"
"武族孙臣客","1","1","2"
"赠郑州刺史","1","1","2"
"正尚书右仆","1","1","2"
"尉卿李祖钦","1","1","2"
"大理卿司马","1","1","2"
"理卿司马幼","1","1","2"
"司农卿崔达","1","1","2"
"秘书监源文","1","1","2"
"书监源文宗","1","1","2"
"常侍中书侍","2","0","2"
"侍中书侍郎","2","0","2"
"书侍郎李若","1","1","2"
"门侍郎李孝","1","1","2"
"侍郎李孝贞","1","1","2"
"黄门侍郎卢","1","1","2"
"门侍郎卢思","1","1","2"
"侍郎卢思道","1","1","2"
"中书舍人陆","1","1","2"
"中书舍人高","1","1","2"
"书舍人高行","1","1","2"
"舍人高行恭","1","1","2"
"陆开明十八","1","1","2"
"开明十八人","1","1","2"
"进位上开府","1","1","2"
"大司马清河","1","1","2"
"司马清河王","1","1","2"
"开府记室参","1","1","2"
"高阳新城人","1","1","2"
"章武二郡太","1","1","2"
"武二郡太守","1","1","2"
"号平南将军","1","1","2"
"西平乐都人","1","1","2"
"司空参军事","1","1","2"
"尚书左外兵","1","1","2"
"书左外兵郎","1","1","2"
"渤海南皮人","1","1","2"
"太子门大夫","1","1","2"
"中山北平人","1","1","2"
"河东北猗氏","1","1","2"
"东北猗氏人","1","1","2"
"冀州秀才高","1","1","2"
"州秀才高干","1","1","2"
"瀛州秀才马","1","1","2"
"州秀才马敬","1","1","2"
"秀才马敬德","1","1","2"
"洛州秀才傅","1","1","2"
"州秀才傅怀","1","1","2"
"秀才傅怀德","1","1","2"
"怀州秀才古","1","1","2"
"州秀才古道","1","1","2"
"秀才古道子","1","1","2"
"广平郡孝廉","1","1","2"
"平郡孝廉李","1","1","2"
"郡孝廉李汉","1","1","2"
"孝廉李汉子","1","1","2"
"渤海郡孝廉","1","1","2"
"海郡孝廉鲍","1","1","2"
"郡孝廉鲍长","1","1","2"
"阳平郡孝廉","1","1","2"
"平郡孝廉景","1","1","2"
"郡孝廉景孙","1","1","2"
"前梁州府主","1","1","2"
"梁州府主簿","1","1","2"
"州府主簿王","1","1","2"
"府主簿王九","1","1","2"
"主簿王九元","1","1","2"
"前开府水曹","1","1","2"
"开府水曹参","1","1","2"
"府水曹参军","1","1","2"
"水曹参军周","1","1","2"
"曹参军周子","1","1","2"
"军周子深等","1","1","2"
"周子深等十","1","1","2"
"子深等十一","1","1","2"
"深等十一人","1","1","2"
"彭城丛亭里","1","1","2"
"城丛亭里人","1","1","2"
"琅邪临沂人","1","1","2"
"随刘义真渡","1","1","2"
"刘义真渡江","1","1","2"
"中书黄门侍","1","1","2"
"书黄门侍郎","1","1","2"
"节度诸军事","1","1","2"
"授散骑侍郎","1","1","2"
"赵郡王琛配","1","1","2"
"金凤等三台","1","1","2"
"武平元年春","1","1","2"
"平元年春正","1","1","2"
"宜州刺史穆","1","1","2"
"州刺史穆提","1","1","2"
"刺史穆提婆","1","1","2"
"穆提婆谋反","1","1","2"
"犬马鸡鹰多","1","1","2"
"马鸡鹰多食","1","1","2"
"鸡鹰多食县","1","1","2"
"鹰多食县干","1","1","2"
"迁谯州刺史","1","1","2"
"大行台左丞","1","1","2"
"除本州平北","1","1","2"
"本州平北府","1","1","2"
"平北府长流","1","1","2"
"北府长流参","1","1","2"
"说刺史裴俊","1","1","2"
"溉田万余顷","1","1","2"
"封安定县男","1","1","2"
"迁尚书仆射","1","1","2"
"秦苻坚丞相","1","1","2"
"大军南攻邺","1","1","2"
"马前叩头请","1","1","2"
"前叩头请罪","1","1","2"
"大行台仓曹","1","1","2"
"行台仓曹郎","1","1","2"
"台仓曹郎中","1","1","2"
"永宁郡开国","1","1","2"
"宁郡开国公","1","1","2"
"阳平人郑子","1","1","2"
"平人郑子饶","1","1","2"
"刺史段思文","1","1","2"
"渤海阜城人","1","1","2"
"心悦诚服地","0","2","2"
"悦诚服地归","0","2","2"
"看到事物的","0","2","2"
"百姓陷入困","0","2","2"
"一定要知道","0","2","2"
"向皇上报告","0","2","2"
"代不能长久","0","2","2"
"伐题皇年间","0","2","2"
"捉住了盗贼","0","2","2"
"接受了他的","0","2","2"
"特地赦免了","0","2","2"
"么遗憾的了","0","2","2"
"斛斯椿等人","0","2","2"
"参预军国大","0","2","2"
"将近二十年","0","2","2"
"对他的敬重","0","2","2"
"即可见一斑","0","2","2"
"于是放了他","0","2","2"
"事的人认为","0","2","2"
"怀疑它是狂","0","2","2"
"疑它是狂犬","0","2","2"
"狂犬所致而","0","2","2"
"不是狂犬所","0","2","2"
"向帝作了报","0","2","2"
"讲这样的话","0","2","2"
"向皇帝上书","0","2","2"
"有叛逆之心","0","2","2"
"将他们全部","0","2","2"
"缔结婚姻关","0","2","2"
"结婚姻关系","0","2","2"
"有什么别的","0","2","2"
"作臣子的就","0","2","2"
"臣子的就应","0","2","2"
"子的就应该","0","2","2"
"的就应该这","0","2","2"
"就应该这样","0","2","2"
"回到京城后","0","2","2"
"官吏和百姓","0","2","2"
"和百姓的爱","0","2","2"
"百姓的爱戴","0","2","2"
"为什么不早","0","2","2"
"亲自拉着他","0","2","2"
"自拉着他的","0","2","2"
"中的杰出人","0","2","2"
"的杰出人才","0","2","2"
"负责铨选官","0","2","2"
"责铨选官吏","0","2","2"
"给他写信说","0","2","2"
"所以我认为","0","2","2"
"没有丝毫用","0","2","2"
"有丝毫用处","0","2","2"
"都是由于皇","0","2","2"
"是由于皇上","0","2","2"
"像他所说的","0","2","2"
"他所说的那","0","2","2"
"所说的那样","0","2","2"
"越来越亲密","0","2","2"
"奏明朝廷任","0","2","2"
"什么原因呢","0","2","2"
"么原因呢?","0","2","2"
"有关部门都","0","2","2"
"为什么呢?","0","2","2"
"皇上的恩宠","0","2","2"
"的行列之中","0","2","2"
"实现自己的","0","2","2"
"第二天清晨","0","2","2"
"允许他回去","0","2","2"
"和他开玩笑","0","2","2"
"他开玩笑说","0","2","2"
"管刑狱的官","0","2","2"
"天后就去世","0","2","2"
"后就去世了","0","2","2"
"什么意思?","0","2","2"
"先帝的灵柩","0","2","2"
"皇上的心意","0","2","2"
"为何触犯大","0","2","2"
"才幸免于死","0","2","2"
"到文宣帝时","0","2","2"
"任命神武做","0","2","2"
"命神武做了","0","2","2"
"做了亲信都","0","2","2"
"了亲信都督","0","2","2"
"的重要人物","0","2","2"
"一个接一个","0","2","2"
"败尔朱兆后","0","2","2"
"在这个时候","0","2","2"
"事偷偷地告","0","2","2"
"偷偷地告诉","0","2","2"
"偷地告诉了","0","2","2"
"上就回来了","0","2","2"
"十一月初一","0","2","2"
"人没有不感","0","2","2"
"逭又是王的","0","2","2"
"英明的谋略","0","2","2"
"文襄王继承","0","2","2"
"王继承基业","0","2","2"
"吉祥的征兆","0","2","2"
"上天的旨意","0","2","2"
"恭敬地服从","0","2","2"
"有权势的人","0","2","2"
"束魏的地方","0","2","2"
"下乐意推举","0","2","2"
"不到一个月","0","2","2"
"国家不能长","0","2","2"
"家不能长久","0","2","2"
"实际上是由","0","2","2"
"际上是由于","0","2","2"
"上是由于他","0","2","2"
"是由于他的","0","2","2"
"由于他的疾","0","2","2"
"于他的疾病","0","2","2"
"于游乐宴饮","0","2","2"
"皇帝的韶书","0","2","2"
"孝昭帝没有","0","2","2"
"对孝昭帝说","0","2","2"
"所以导致了","0","2","2"
"了这种情况","0","2","2"
"狄显安回答","0","2","2"
"显安回答说","0","2","2"
"看见文宣帝","0","2","2"
"预测吉凶的","0","2","2"
"测吉凶的人","0","2","2"
"吉凶的人说","0","2","2"
"像这样的话","0","2","2"
"给身边的人","0","2","2"
"灭亡后进入","0","2","2"
"皇帝身边的","0","2","2"
"他们的心意","0","2","2"
"把帝位让给","0","2","2"
"有七个儿子","0","2","2"
"各姬妾生了","0","2","2"
"因此忌恨他","0","2","2"
"帝亲自来到","0","2","2"
"想娶她为妻","0","2","2"
"而无所顾忌","0","2","2"
"显祖认为隆","0","2","2"
"祖认为隆之","0","2","2"
"了自己的力","0","2","2"
"自己的力量","0","2","2"
"是没有得到","0","2","2"
"巧言令色的","0","2","2"
"高祖认为他","0","2","2"
"认为他没有","0","2","2"
"死在州任上","0","2","2"
"不久便因贪","0","2","2"
"这样反复了","0","2","2"
"的侍中之职","0","2","2"
"没有一个不","0","2","2"
"打败他们是","0","2","2"
"朝廷听从了","0","2","2"
"廷听从了他","0","2","2"
"向高祖作了","0","2","2"
"高祖作了报","0","2","2"
"常对身边的","0","2","2"
"为父亲守丧","0","2","2"
"上奏朝廷任","0","2","2"
"奏朝廷任用","0","2","2"
"继承了他的","0","2","2"
"已经很久了","0","2","2"
"崔暹的短处","0","2","2"
"在什么地方","0","2","2"
"就亲自跑来","0","2","2"
"规范和道理","0","2","2"
"官衙主事者","0","2","2"
"马系在碓上","0","2","2"
"说一遍捉酒","0","2","2"
"掀翻了桌子","0","2","2"
"自己的想法","0","2","2"
"去世的消息","0","2","2"
"受到世人的","0","2","2"
"揣摩皇上的","0","2","2"
"摩皇上的心","0","2","2"
"赦免了他的","0","2","2"
"马没有受到","0","2","2"
"没有受到损","0","2","2"
"有受到损失","0","2","2"
"自己的见解","0","2","2"
"是什么缘故","0","2","2"
"朝廷考虑到","0","2","2"
"显祖知道后","0","2","2"
"活在天地之","0","2","2"
"在天地之间","0","2","2"
"经历了很多","0","2","2"
"向皇帝上表","0","2","2"
"江淮之间的","0","2","2"
"他们两人都","0","2","2"
"下令征召他","0","2","2"
"纳了他的意","0","2","2"
"这件事告诉","0","2","2"
"件事告诉了","0","2","2"
"告诉了显祖","0","2","2"
"才能和门第","0","2","2"
"当时人的鄙","0","2","2"
"时人的鄙弃","0","2","2"
"痛哭流涕地","0","2","2"
"被委以重任","0","2","2"
"荐自己了解","0","2","2"
"自己了解的","0","2","2"
"所作所为都","0","2","2"
"的人们认为","0","2","2"
"人们认为他","0","2","2"
"都做了大官","0","2","2"
"自身的修养","0","2","2"
"高祖树起义","0","2","2"
"祖树起义旗","0","2","2"
"不远千里而","0","2","2"
"子为继承人","0","2","2"
"所生的儿子","0","2","2"
"继承祖先的","0","2","2"
"子没有立嫡","0","2","2"
"没有立嫡孙","0","2","2"
"本来不应该","0","2","2"
"却丝毫没有","0","2","2"
"享受皇家的","0","2","2"
"是贵族子弟","0","2","2"
"少年时学习","0","2","2"
"很久也没有","0","2","2"
"韩长鸾等人","0","2","2"
"很久才苏醒","0","2","2"
"上天赐给他","0","2","2"
"但从此以后","0","2","2"
"从北齐建国","0","2","2"
"当时的名流","0","2","2"
"任命的诏书","0","2","2"
"我为什么要","0","2","2"
"何必一定要","0","2","2"
"把他征召到","0","2","2"
"有功勋的人","0","2","2"
"上天的惩罚","0","2","2"
"我认为皇上","0","2","2"
"小时候很聪","0","2","2"
"时候很聪明","0","2","2"
"率领轻装骑","0","2","2"
"领轻装骑兵","0","2","2"
"府中事务繁","0","2","2"
"到二十岁就","0","2","2"
"处理的事情","0","2","2"
"最终也没有","0","2","2"
"博得了好名","0","2","2"
"治理的方法","0","2","2"
"粮食的人家","0","2","2"
"没有粮食的","0","2","2"
"有什么怨恨","0","2","2"
"没有什么事","0","2","2"
"今天才见到","0","2","2"
"理丧葬事宜","0","2","2"
"做我的佐史","0","2","2"
"他就是这样","0","2","2"
"演奏铙歌的","0","2","2"
"奏铙歌的军","0","2","2"
"发了这件事","0","2","2"
"为帐内都督","0","2","2"
"由于是外戚","0","2","2"
"他作了门客","0","2","2"
"太后的旨意","0","2","2"
"年轻时通晓","0","2","2"
"有不灭亡的","0","2","2"
"自到他家中","0","2","2"
"握槊的游戏","0","2","2"
"弹奏胡琵琶","0","2","2"
"就是如此受","0","2","2"
"是如此受到","0","2","2"
"了他的计策","0","2","2"
"问他该怎么","0","2","2"
"随产担起兵","0","2","2"
"皇上快撤退","0","2","2"
"在皇帝左右","0","2","2"
"有四个儿子","0","2","2"
"定居在北方","0","2","2"
"居在北方边","0","2","2"
"辽西人段长","0","2","2"
"神武回答说","0","2","2"
"成就霸王之","0","2","2"
"就霸王之业","0","2","2"
"后随尔朱荣","0","2","2"
"以厚礼相待","0","2","2"
"太后的行为","0","2","2"
"朱荣攻打葛","0","2","2"
"荣攻打葛荣","0","2","2"
"同行台于晖","0","2","2"
"无缘无故地","0","2","2"
"神武作了报","0","2","2"
"武作了报告","0","2","2"
"尔朱兆领兵","0","2","2"
"却没有成功","0","2","2"
"贺拔焉过儿","0","2","2"
"有反叛之心","0","2","2"
"此时尔朱兆","0","2","2"
"碰到了尔朱","0","2","2"
"为什么还要","0","2","2"
"我们的士兵","0","2","2"
"不是我们的","0","2","2"
"是我们的对","0","2","2"
"我们的对手","0","2","2"
"分配给契胡","0","2","2"
"都愿意听从","0","2","2"
"攻讨尔朱兆","0","2","2"
"信都举起义","0","2","2"
"都举起义旗","0","2","2"
"为殷州刺史","0","2","2"
"腾认为朝廷","0","2","2"
"认为朝廷隔","0","2","2"
"为朝廷隔绝","0","2","2"
"打败了尔朱","0","2","2"
"败了尔朱兆","0","2","2"
"到了尔朱兆","0","2","2"
"柱大将军之","0","2","2"
"大将军之职","0","2","2"
"贾显智等人","0","2","2"
"一定会制造","0","2","2"
"带着尔朱荣","0","2","2"
"着尔朱荣的","0","2","2"
"尔朱荣的妻","0","2","2"
"乾的弟弟昂","0","2","2"
"魏帝与神武","0","2","2"
"费也头人纥","0","2","2"
"也头人纥豆","0","2","2"
"头人纥豆陵","0","2","2"
"人纥豆陵伊","0","2","2"
"想把妹妹嫁","0","2","2"
"在自己面前","0","2","2"
"病回到晋阳","0","2","2"
"帝更加恼怒","0","2","2"
"马上召集在","0","2","2"
"兼任尚书左","0","2","2"
"君侧的恶人","0","2","2"
"军渡过黄河","0","2","2"
"兼吏部尚书","0","2","2"
"清河王为大","0","2","2"
"河王为大司","0","2","2"
"豫州刺史事","0","2","2"
"武从晋阳出","0","2","2"
"早些时候有","0","2","2"
"州刺史可朱","0","2","2"
"访问民间疾","0","2","2"
"问民间疾苦","0","2","2"
"然委任他做","0","2","2"
"等聚众造反","0","2","2"
"十二月十一","0","2","2"
"二月十一日","0","2","2"
"年正月十七","0","2","2"
"正月十七日","0","2","2"
"二月二十二","0","2","2"
"从蒲津渡河","0","2","2"
"西魏大将独","0","2","2"
"魏大将独孤","0","2","2"
"决推辞才止","0","2","2"
"十一月十五","0","2","2"
"一月十五日","0","2","2"
"外诸军事职","0","2","2"
"神武回晋阳","0","2","2"
"二月十二日","0","2","2"
"占据武牢投","0","2","2"
"的亲信都督","0","2","2"
"死罪以下囚","0","2","2"
"能与侯景抗","0","2","2"
"与侯景抗衡","0","2","2"
"侯景抗衡的","0","2","2"
"五年正月初","0","2","2"
"和国家的重","0","2","2"
"国家的重大","0","2","2"
"礼乐教化的","0","2","2"
"范阳人卢景","0","2","2"
"阳人卢景裕","0","2","2"
"崔暹为御史","0","2","2"
"暹为御史中","0","2","2"
"是行台郎王","0","2","2"
"灭亡的国家","0","2","2"
"三月二十日","0","2","2"
"见识的人认","0","2","2"
"识的人认为","0","2","2"
"接受魏的禅","0","2","2"
"受魏的禅让","0","2","2"
"大将军受了","0","2","2"
"人大吃一惊","0","2","2"
"本州归附魏","0","2","2"
"州归附魏国","0","2","2"
"州的渤海长","0","2","2"
"的渤海长乐","0","2","2"
"瀛州的河间","0","2","2"
"派遣兼太尉","0","2","2"
"遣兼太尉彭","0","2","2"
"兼太尉彭城","0","2","2"
"尉彭城王元","0","2","2"
"等到文襄继","0","2","2"
"到文襄继承","0","2","2"
"前人的业绩","0","2","2"
"达到了上天","0","2","2"
"宏大的谋略","0","2","2"
"的人都得到","0","2","2"
"恭敬地顺从","0","2","2"
"将不再归魏","0","2","2"
"宏大的事业","0","2","2"
"兼司空敬显","0","2","2"
"空敬显俊手","0","2","2"
"敬显俊手捧","0","2","2"
"天命不得不","0","2","2"
"光大前人的","0","2","2"
"朕因为空虚","0","2","2"
"皇帝的印玺","0","2","2"
"在百姓之上","0","2","2"
"宽宏大量的","0","2","2"
"丽派遣使者","0","2","2"
"不再有等级","0","2","2"
"再有等级差","0","2","2"
"有等级差别","0","2","2"
"下韶书分别","0","2","2"
"韶书分别派","0","2","2"
"书分别派遣","0","2","2"
"分别派遣使","0","2","2"
"别派遣使者","0","2","2"
"派遣使者到","0","2","2"
"已故大司马","0","2","2"
"已故御史中","0","2","2"
"司马子如为","0","2","2"
"皇帝的儿子","0","2","2"
"又下韶书说","0","2","2"
"学校的学生","0","2","2"
"表达自己的","0","2","2"
"命散骑常侍","0","2","2"
"领束夷校尉","0","2","2"
"茹茹国派遣","0","2","2"
"茹国派遣使","0","2","2"
"周文帝率领","0","2","2"
"梁国湘束王","0","2","2"
"国湘束王萧","0","2","2"
"束王萧绎派","0","2","2"
"王萧绎派遣","0","2","2"
"国都派遣使","0","2","2"
"天保二年春","0","2","2"
"在太庙举行","0","2","2"
"太庙举行祭","0","2","2"
"庙举行祭祀","0","2","2"
"皇帝在城东","0","2","2"
"诏书任命凿","0","2","2"
"空司马子如","0","2","2"
"犯罪被免职","0","2","2"
"把他打得大","0","2","2"
"他打得大败","0","2","2"
"俘获各种牲","0","2","2"
"获各种牲畜","0","2","2"
"各种牲畜十","0","2","2"
"种牲畜十余","0","2","2"
"牲畜十余万","0","2","2"
"茹茹国君主","0","2","2"
"契丹派遣使","0","2","2"
"丹派遣使者","0","2","2"
"室韦国派遣","0","2","2"
"韦国派遣使","0","2","2"
"皇帝返回宫","0","2","2"
"帝返回宫中","0","2","2"
"本国的人又","0","2","2"
"国的人又立","0","2","2"
"面取道奔赴","0","2","2"
"率领精锐骑","0","2","2"
"领精锐骑兵","0","2","2"
"派遣使者前","0","2","2"
"遣使者前来","0","2","2"
"从晋阳向北","0","2","2"
"他们的君主","0","2","2"
"率领部下一","0","2","2"
"突厥派遣使","0","2","2"
"厥派遣使者","0","2","2"
"诏书命令常","0","2","2"
"书命令常山","0","2","2"
"命令常山王","0","2","2"
"令常山王高","0","2","2"
"领军队渡过","0","2","2"
"派遣尚书左","0","2","2"
"个儿子高孝","0","2","2"
"儿子高孝珩","0","2","2"
"子高孝珩为","0","2","2"
"高孝珩为广","0","2","2"
"孝珩为广宁","0","2","2"
"珩为广宁王","0","2","2"
"萧明进入建","0","2","2"
"明进入建邺","0","2","2"
"在邺城西面","0","2","2"
"山王高演等","0","2","2"
"有十分之二","0","2","2"
"发生大蝗灾","0","2","2"
"杀死他的君","0","2","2"
"死他的君主","0","2","2"
"减轻罪犯刑","0","2","2"
"轻罪犯刑罚","0","2","2"
"左仆射杨情","0","2","2"
"仆射杨情为","0","2","2"
"射杨情为尚","0","2","2"
"杨情为尚书","0","2","2"
"从晋阳到京","0","2","2"
"晋阳到京城","0","2","2"
"梁国湘州刺","0","2","2"
"国湘州刺史","0","2","2"
"浑道元为太","0","2","2"
"永安王高浚","0","2","2"
"阳王高浞为","0","2","2"
"王高浞为尚","0","2","2"
"高浞为尚书","0","2","2"
"封皇子高绍","0","2","2"
"帝在晋阳宫","0","2","2"
"能作出决断","0","2","2"
"留心执政的","0","2","2"
"密切的亲戚","0","2","2"
"切的亲戚和","0","2","2"
"威严的权势","0","2","2"
"迁都到邺城","0","2","2"
"都到邺城以","0","2","2"
"到邺城以后","0","2","2"
"主持国家的","0","2","2"
"持国家的权","0","2","2"
"国家的权柄","0","2","2"
"但发号施令","0","2","2"
"政事都由自","0","2","2"
"事都由自己","0","2","2"
"都由自己决","0","2","2"
"从朝廷到民","0","2","2"
"朝廷到民间","0","2","2"
"开始时有心","0","2","2"
"始时有心政","0","2","2"
"时有心政事","0","2","2"
"良好的社会","0","2","2"
"好的社会风","0","2","2"
"的社会风尚","0","2","2"
"社会风尚井","0","2","2"
"会风尚井然","0","2","2"
"风尚井然有","0","2","2"
"尚井然有序","0","2","2"
"他后来放纵","0","2","2"
"后来放纵饮","0","2","2"
"来放纵饮酒","0","2","2"
"放纵饮酒肆","0","2","2"
"纵饮酒肆意","0","2","2"
"饮酒肆意纵","0","2","2"
"酒肆意纵欲","0","2","2"
"猖狂到了极","0","2","2"
"狂到了极点","0","2","2"
"昏昧邪恶残","0","2","2"
"昧邪恶残忍","0","2","2"
"邪恶残忍凶","0","2","2"
"恶残忍凶暴","0","2","2"
"是近代以来","0","2","2"
"近代以来没","0","2","2"
"代以来没有","0","2","2"
"难道不是自","0","2","2"
"书令国子博","0","2","2"
"令国子博士","0","2","2"
"有很好的名","0","2","2"
"很好的名声","0","2","2"
"后来文宣帝","0","2","2"
"在晋阳宣德","0","2","2"
"阳宣德殿登","0","2","2"
"朝廷内外百","0","2","2"
"廷内外百官","0","2","2"
"外百官普遍","0","2","2"
"百官普遍加","0","2","2"
"官普遍加级","0","2","2"
"十岁以上的","0","2","2"
"年龄在六十","0","2","2"
"龄在六十岁","0","2","2"
"王斛律金为","0","2","2"
"王高演为太","0","2","2"
"王高湛为太","0","2","2"
"巡视检查四","0","2","2"
"视检查四方","0","2","2"
"观察民间习","0","2","2"
"察民间习俗","0","2","2"
"王高湛为大","0","2","2"
"高湛为大司","0","2","2"
"湛为大司马","0","2","2"
"省绿尚书事","0","2","2"
"高归彦为司","0","2","2"
"趟郡王高数","0","2","2"
"死罪以下的","0","2","2"
"罪罚各有差","0","2","2"
"任命大司马","0","2","2"
"任命前司空","0","2","2"
"诏书军队和","0","2","2"
"书军队和国","0","2","2"
"和国家的事","0","2","2"
"襄帝的第二","0","2","2"
"帝的第二个","0","2","2"
"害怕并服从","0","2","2"
"怕并服从他","0","2","2"
"天象预告变","0","2","2"
"象预告变异","0","2","2"
"武皇帝的第","0","2","2"
"帝的第六个","0","2","2"
"皇帝的同母","0","2","2"
"帝的同母弟","0","2","2"
"知道了他们","0","2","2"
"跟随文宣帝","0","2","2"
"授任大司马","0","2","2"
"我为什么不","0","2","2"
"也十分悲伤","0","2","2"
"的朋友王晞","0","2","2"
"头上的环乱","0","2","2"
"上的环乱打","0","2","2"
"的环乱打一","0","2","2"
"环乱打一气","0","2","2"
"知怎么办才","0","2","2"
"等到文宣帝","0","2","2"
"到文宣帝去","0","2","2"
"文宣帝去世","0","2","2"
"任命孝昭帝","0","2","2"
"命孝昭帝为","0","2","2"
"军可朱浑天","0","2","2"
"孝昭帝来到","0","2","2"
"京畿的军队","0","2","2"
"国家大事都","0","2","2"
"帝继承帝位","0","2","2"
"有才德的人","0","2","2"
"前朝两代王","0","2","2"
"已故太师产","0","2","2"
"王可朱浑道","0","2","2"
"孝昭帝到晋","0","2","2"
"昭帝到晋阳","0","2","2"
"减轻罪犯的","0","2","2"
"轻罪犯的刑","0","2","2"
"犯的刑罚各","0","2","2"
"的刑罚各有","0","2","2"
"王高澈为太","0","2","2"
"殿的庭院裹","0","2","2"
"不久于人世","0","2","2"
"英雄豪杰的","0","2","2"
"王继承帝位","0","2","2"
"当时年纪二","0","2","2"
"时年纪二十","0","2","2"
"有见识和器","0","2","2"
"见识和器度","0","2","2"
"皇后的父亲","0","2","2"
"赵郡王高敷","0","2","2"
"握着他的手","0","2","2"
"济南王继承","0","2","2"
"的典章制度","0","2","2"
"文宣帝崩逝","0","2","2"
"杰出的人才","0","2","2"
"的寿命不长","0","2","2"
"中的缘故是","0","2","2"
"的缘故是什","0","2","2"
"缘故是什么","0","2","2"
"故是什么呢","0","2","2"
"是什么呢?","0","2","2"
"第九个儿子","0","2","2"
"皇太后命令","0","2","2"
"斛律金率领","0","2","2"
"高归彦为太","0","2","2"
"趟郡王高散","0","2","2"
"高淹为太宰","0","2","2"
"任命并州刺","0","2","2"
"命并州刺史","0","2","2"
"斛律光为右","0","2","2"
"归彦为太宰","0","2","2"
"葬在义平陵","0","2","2"
"斛律光为司","0","2","2"
"高孝琬为尚","0","2","2"
"琬为尚书左","0","2","2"
"出行到晋阳","0","2","2"
"兼任散骑常","0","2","2"
"下韶书兼散","0","2","2"
"韶书兼散骑","0","2","2"
"武成帝到晋","0","2","2"
"成帝到晋阳","0","2","2"
"派遣大将军","0","2","2"
"周国军队在","0","2","2"
"翊王高润为","0","2","2"
"郡王高教为","0","2","2"
"王高浩为大","0","2","2"
"乐陵王高百","0","2","2"
"陵王高百年","0","2","2"
"突厥侵犯幽","0","2","2"
"厥侵犯幽州","0","2","2"
"的租税赋役","0","2","2"
"长恭为尚书","0","2","2"
"恭为尚书令","0","2","2"
"东安王娄散","0","2","2"
"符节捧着皇","0","2","2"
"节捧着皇帝","0","2","2"
"捧着皇帝的","0","2","2"
"为天统元年","0","2","2"
"为太上皇帝","0","2","2"
"葬在永平陵","0","2","2"
"正月十四日","0","2","2"
"被立为皇太","0","2","2"
"夏四月二十","0","2","2"
"光为大将军","0","2","2"
"娄睿又为太","0","2","2"
"睿又为太尉","0","2","2"
"赵彦深为左","0","2","2"
"彦深为左仆","0","2","2"
"深为左仆射","0","2","2"
"帝从晋阳返","0","2","2"
"为威宗景烈","0","2","2"
"分别遣使朝","0","2","2"
"别遣使朝贡","0","2","2"
"从晋阳回到","0","2","2"
"晋阳回到邺","0","2","2"
"三台施舍给","0","2","2"
"王润为太尉","0","2","2"
"年春正月二","0","2","2"
"春正月二十","0","2","2"
"太上皇帝由","0","2","2"
"上皇帝由晋","0","2","2"
"皇帝由晋阳","0","2","2"
"五品以上各","0","2","2"
"一样的待遇","0","2","2"
"秋七月初二","0","2","2"
"以百济王余","0","2","2"
"济王余昌为","0","2","2"
"王余昌为使","0","2","2"
"余昌为使持","0","2","2"
"昌为使持节","0","2","2"
"王依然保留","0","2","2"
"降免死罪以","0","2","2"
"三月十九日","0","2","2"
"徐之才为尚","0","2","2"
"之才为尚书","0","2","2"
"唐邕为尚书","0","2","2"
"驾从晋阳回","0","2","2"
"从晋阳回来","0","2","2"
"夏四月初五","0","2","2"
"以录尚书事","0","2","2"
"孝珩为司徒","0","2","2"
"仆射唐邕为","0","2","2"
"各荐举一人","0","2","2"
"八月二十一","0","2","2"
"各遣使朝贡","0","2","2"
"春正月十一","0","2","2"
"正月十一日","0","2","2"
"高阿那肱为","0","2","2"
"平王仁坚为","0","2","2"
"周人遣使聘","0","2","2"
"八月十五日","0","2","2"
"书监阳休之","0","2","2"
"高阿那肱从","0","2","2"
"帝从晋阳出","0","2","2"
"周武帝亲自","0","2","2"
"武帝亲自领","0","2","2"
"帝亲自领兵","0","2","2"
"想去北朔州","0","2","2"
"可以马上逃","0","2","2"
"武平七年为","0","2","2"
"延宗为相国","0","2","2"
"流着眼泪接","0","2","2"
"为德昌元年","0","2","2"
"然讲出了这","0","2","2"
"讲出了这样","0","2","2"
"后很不高兴","0","2","2"
"门侍郎颜之","0","2","2"
"侍郎颜之推","0","2","2"
"西投奔了周","0","2","2"
"陈德信等人","0","2","2"
"前面的帝王","0","2","2"
"自己的欲望","0","2","2"
"到了武平末","0","2","2"
"了武平末年","0","2","2"
"神武听说后","0","2","2"
"把这事告诉","0","2","2"
"这事告诉了","0","2","2"
"事告诉了皇","0","2","2"
"尊封为皇太","0","2","2"
"孝昭登皇帝","0","2","2"
"昭登皇帝位","0","2","2"
"难道不知道","0","2","2"
"道不知道吗","0","2","2"
"帝更加愤怒","0","2","2"
"齐国灭亡后","0","2","2"
"相斛律光的","0","2","2"
"斛律光的女","0","2","2"
"律光的女儿","0","2","2"
"为弘德夫人","0","2","2"
"继位的君主","0","2","2"
"被立为皇后","0","2","2"
"在邺城束面","0","2","2"
"吊唁的使者","0","2","2"
"十五个儿子","0","2","2"
"襄城景王高","0","2","2"
"城景王高清","0","2","2"
"陵文简王高","0","2","2"
"文简王高济","0","2","2"
"阳靖翼王高","0","2","2"
"靖翼王高淹","0","2","2"
"城景思王高","0","2","2"
"景思王高澈","0","2","2"
"华山王高凝","0","2","2"
"党刚肃王高","0","2","2"
"刚肃王高涣","0","2","2"
"就有了身孕","0","2","2"
"对亲近的人","0","2","2"
"亲近的人说","0","2","2"
"朝中大臣没","0","2","2"
"中大臣没有","0","2","2"
"皇帝下诏书","0","2","2"
"二个儿子产","0","2","2"
"性格沉稳谨","0","2","2"
"格沉稳谨慎","0","2","2"
"出任沧州刺","0","2","2"
"高澈就命令","0","2","2"
"内没有盗贼","0","2","2"
"是当时第一","0","2","2"
"领大宗正卿","0","2","2"
"用刀刃逼着","0","2","2"
"身边的人说","0","2","2"
"穿黑衣服的","0","2","2"
"封为章武郡","0","2","2"
"国军队进入","0","2","2"
"旧例授予仪","0","2","2"
"例授予仪同","0","2","2"
"有骑马的人","0","2","2"
"被官吏百姓","0","2","2"
"等到后主逃","0","2","2"
"到后主逃奔","0","2","2"
"后主逃奔邺","0","2","2"
"主逃奔邺城","0","2","2"
"他的妻子儿","0","2","2"
"迁到尚书令","0","2","2"
"追赠假黄铁","0","2","2"
"出任定州刺","0","2","2"
"十三个儿子","0","2","2"
"是我家的千","0","2","2"
"家的千里驹","0","2","2"
"官吏的职事","0","2","2"
"任太子少师","0","2","2"
"有六个儿子","0","2","2"
"喜欢写文章","0","2","2"
"莫多娄敬题","0","2","2"
"事情不能成","0","2","2"
"情不能成功","0","2","2"
"有什么两样","0","2","2"
"一举一动都","0","2","2"
"接受朝廷的","0","2","2"
"周武帝在云","0","2","2"
"武帝在云阳","0","2","2"
"齐国的君臣","0","2","2"
"上书请求回","0","2","2"
"高孝琬脱去","0","2","2"
"孝琬脱去头","0","2","2"
"琬脱去头盔","0","2","2"
"皇帝听说后","0","2","2"
"认为是谋反","0","2","2"
"皇帝的嫡亲","0","2","2"
"带领五百骑","0","2","2"
"领五百骑兵","0","2","2"
"再次冲入周","0","2","2"
"次冲入周国","0","2","2"
"冲入周国军","0","2","2"
"入周国军队","0","2","2"
"周国军队中","0","2","2"
"为他的话说","0","2","2"
"棍棒打了他","0","2","2"
"打了他二百","0","2","2"
"了他二百下","0","2","2"
"投降了周国","0","2","2"
"周国军队攻","0","2","2"
"国军队攻打","0","2","2"
"范阳王高绍","0","2","2"
"阳王高绍义","0","2","2"
"阳王的儿子","0","2","2"
"王的儿子高","0","2","2"
"等几十人都","0","2","2"
"封为长乐王","0","2","2"
"一边走一边","0","2","2"
"迁徙到蜀地","0","2","2"
"隋代开皇年","0","2","2"
"代开皇年间","0","2","2"
"阳王高彦康","0","2","2"
"汝阳王高彦","0","2","2"
"阳王高彦忠","0","2","2"
"北平王高贞","0","2","2"
"淮南王高仁","0","2","2"
"南王高仁光","0","2","2"
"西河王高仁","0","2","2"
"河王高仁几","0","2","2"
"乐平王高仁","0","2","2"
"平王高仁邕","0","2","2"
"颖川王高仁","0","2","2"
"川王高仁俭","0","2","2"
"安乐王高仁","0","2","2"
"乐王高仁雅","0","2","2"
"丹阳王高仁","0","2","2"
"阳王高仁直","0","2","2"
"东海王高仁","0","2","2"
"海王高仁谦","0","2","2"
"所在的地方","0","2","2"
"为齐州刺史","0","2","2"
"带上宫中官","0","2","2"
"上宫中官员","0","2","2"
"为什么没有","0","2","2"
"士开的罪状","0","2","2"
"领军库狄伏","0","2","2"
"军库狄伏连","0","2","2"
"高俨的党徒","0","2","2"
"告诉太后说","0","2","2"
"杀了和士开","0","2","2"
"听从了他们","0","2","2"
"任豫州刺史","0","2","2"
"为光州刺史","0","2","2"
"为胶州刺史","0","2","2"
"的五个儿子","0","2","2"
"但他还是不","0","2","2"
"述祖的女儿","0","2","2"
"世宗也因此","0","2","2"
"治理得井井","0","2","2"
"理得井井有","0","2","2"
"得井井有条","0","2","2"
"回过头来对","0","2","2"
"慢地受到了","0","2","2"
"上书后主说","0","2","2"
"就是这样的","0","2","2"
"官散骑常侍","0","2","2"
"高祖于信都","0","2","2"
"先冲进敌阵","0","2","2"
"领武卫将军","0","2","2"
"为骠骑大将","0","2","2"
"在京师辅政","0","2","2"
"派贞阳侯萧","0","2","2"
"与行台慕容","0","2","2"
"军刘丰等人","0","2","2"
"引来洧水灌","0","2","2"
"来洧水灌城","0","2","2"
"别封真定县","0","2","2"
"以本官兼尚","0","2","2"
"本官兼尚书","0","2","2"
"我们的关系","0","2","2"
"侍奉皇太子","0","2","2"
"五品以上官","0","2","2"
"是高祖的远","0","2","2"
"高祖的远房","0","2","2"
"有长者的风","0","2","2"
"在信都起兵","0","2","2"
"赠给他假黄","0","2","2"
"朝廷赠给他","0","2","2"
"人们都称他","0","2","2"
"们都称他为","0","2","2"
"是皇家宗室","0","2","2"
"任为散骑常","0","2","2"
"亘年为皇太","0","2","2"
"太史上奏说","0","2","2"
"武成帝即位","0","2","2"
"赵郡王产壑","0","2","2"
"为长乐郡公","0","2","2"
"另外赐给他","0","2","2"
"任豫州道行","0","2","2"
"给他大将军","0","2","2"
"任太府少卿","0","2","2"
"六韩拔陵作","0","2","2"
"韩拔陵作乱","0","2","2"
"有豪侠之气","0","2","2"
"领的部众失","0","2","2"
"不久晋爵为","0","2","2"
"你为什么要","0","2","2"
"为什么要作","0","2","2"
"安定下来了","0","2","2"
"诏令祭告其","0","2","2"
"令祭告其墓","0","2","2"
"追封为太原","0","2","2"
"封为太原王","0","2","2"
"他为中军大","0","2","2"
"从高祖破尔","0","2","2"
"高祖破尔朱","0","2","2"
"祖破尔朱兆","0","2","2"
"高祖入洛阳","0","2","2"
"道大都督去","0","2","2"
"赵郡王等人","0","2","2"
"拜任瀛州刺","0","2","2"
"任高祖帐内","0","2","2"
"步迁升任光","0","2","2"
"任命为领军","0","2","2"
"在豫州境内","0","2","2"
"留了一百多","0","2","2"
"了一百多天","0","2","2"
"因而定居于","0","2","2"
"陪祭于高祖","0","2","2"
"祭于高祖之","0","2","2"
"于高祖之庙","0","2","2"
"至仪同三司","0","2","2"
"随高祖在广","0","2","2"
"高祖在广阿","0","2","2"
"为安德郡公","0","2","2"
"朝廷赠予假","0","2","2"
"廷赠予假黄","0","2","2"
"因战功封为","0","2","2"
"封为敷城县","0","2","2"
"禅让建国时","0","2","2"
"祖在山东举","0","2","2"
"任行台右丞","0","2","2"
"食邑八百户","0","2","2"
"拜济州刺史","0","2","2"
"在任职之地","0","2","2"
"有武将之才","0","2","2"
"是武明皇后","0","2","2"
"急行军赶赴","0","2","2"
"的军资器物","0","2","2"
"祖嘉奖他的","0","2","2"
"司徒陆法和","0","2","2"
"高归彦在冀","0","2","2"
"归彦在冀州","0","2","2"
"了许多首级","0","2","2"
"他们作内应","0","2","2"
"的有一千多","0","2","2"
"有一千多人","0","2","2"
"为海州刺史","0","2","2"
"了时论的赞","0","2","2"
"有值得称道","0","2","2"
"值得称道的","0","2","2"
"斛律金领众","0","2","2"
"第二领民酋","0","2","2"
"二领民酋长","0","2","2"
"投奔尔朱荣","0","2","2"
"举起了义旗","0","2","2"
"打垮了尔朱","0","2","2"
"垮了尔朱兆","0","2","2"
"为汾州刺史","0","2","2"
"当州大都督","0","2","2"
"高祖命令斛","0","2","2"
"祖命令斛律","0","2","2"
"命令斛律金","0","2","2"
"率领三万步","0","2","2"
"领三万步骑","0","2","2"
"刘丰等人率","0","2","2"
"又诏令斛律","0","2","2"
"皇太后亲临","0","2","2"
"虽然没有读","0","2","2"
"当时人们都","0","2","2"
"兼左卫将军","0","2","2"
"女为太子妃","0","2","2"
"千余人才回","0","2","2"
"军在邙山大","0","2","2"
"帝诏令光率","0","2","2"
"光率五万步","0","2","2"
"敕令放散兵","0","2","2"
"老母不得语","0","2","2"
"帝就此事询","0","2","2"
"就此事询问","0","2","2"
"此事询问韩","0","2","2"
"事询问韩长","0","2","2"
"询问韩长鸾","0","2","2"
"军卒进逼京","0","2","2"
"卒进逼京师","0","2","2"
"赐给他一匹","0","2","2"
"把他抓起来","0","2","2"
"被朝廷处死","0","2","2"
"将此情况向","0","2","2"
"起了很大作","0","2","2"
"了很大作用","0","2","2"
"去世而辞官","0","2","2"
"为龙骧将军","0","2","2"
"跟随尔朱荣","0","2","2"
"随尔朱荣进","0","2","2"
"高祖为晋州","0","2","2"
"祖为晋州刺","0","2","2"
"高祖从晋阳","0","2","2"
"高祖起义信","0","2","2"
"祖起义信都","0","2","2"
"真心诚意地","0","2","2"
"大事的策划","0","2","2"
"感觉到灾难","0","2","2"
"讨伐斛斯椿","0","2","2"
"渤海地人氏","0","2","2"
"被朝廷委任","0","2","2"
"朝廷委任为","0","2","2"
"之为行台郎","0","2","2"
"高祖平定邺","0","2","2"
"在韩陵打败","0","2","2"
"罢免了他的","0","2","2"
"食邑一千七","0","2","2"
"为大行台尚","0","2","2"
"不久兼任侍","0","2","2"
"久兼任侍中","0","2","2"
"射堂的靶墙","0","2","2"
"堂的靶墙上","0","2","2"
"向显祖进言","0","2","2"
"到了尚书省","0","2","2"
"是其中之一","0","2","2"
"时年六十有","0","2","2"
"他的儿子德","0","2","2"
"出他的尸体","0","2","2"
"就定居到了","0","2","2"
"为中军将军","0","2","2"
"从小路赶赴","0","2","2"
"朝廷认为子","0","2","2"
"廷认为子如","0","2","2"
"就命令他行","0","2","2"
"被朝廷召回","0","2","2"
"为北道行台","0","2","2"
"世宗入朝辅","0","2","2"
"宗入朝辅政","0","2","2"
"不能平心待","0","2","2"
"能平心待物","0","2","2"
"出任北豫州","0","2","2"
"任北豫州刺","0","2","2"
"人认为他有","0","2","2"
"委任他做了","0","2","2"
"拜仪同三司","0","2","2"
"拜祠部尚书","0","2","2"
"令萱的妹妹","0","2","2"
"州刺史位上","0","2","2"
"弟弟贺拔岳","0","2","2"
"推荐他做了","0","2","2"
"有名望的人","0","2","2"
"魏中兴初年","0","2","2"
"高祖进入洛","0","2","2"
"祖进入洛阳","0","2","2"
"宁郡石门县","0","2","2"
"郡石门县人","0","2","2"
"相府从事中","0","2","2"
"兼治中从事","0","2","2"
"高祖用他为","0","2","2"
"被杜洛周俘","0","2","2"
"杜洛周俘虏","0","2","2"
"任平远将军","0","2","2"
"任谏议大夫","0","2","2"
"又随军平定","0","2","2"
"后随高祖起","0","2","2"
"随高祖起兵","0","2","2"
"自己的心腹","0","2","2"
"领军将军娄","0","2","2"
"初随葛荣造","0","2","2"
"随葛荣造反","0","2","2"
"任建州刺史","0","2","2"
"州四州诸军","0","2","2"
"随高祖在韩","0","2","2"
"任安南将军","0","2","2"
"好聚敛财富","0","2","2"
"拜任车骑大","0","2","2"
"县伯的爵位","0","2","2"
"被流矢射中","0","2","2"
"任征虏将军","0","2","2"
"随高祖大军","0","2","2"
"拜任大都督","0","2","2"
"任安北将军","0","2","2"
"随高祖击破","0","2","2"
"高祖击破四","0","2","2"
"祖击破四胡","0","2","2"
"击破四胡于","0","2","2"
"拜任使持节","0","2","2"
"任肆州刺史","0","2","2"
"任光禄大夫","0","2","2"
"平定了他们","0","2","2"
"又拜任侍中","0","2","2"
"率领河北流","0","2","2"
"领河北流民","0","2","2"
"州城投降了","0","2","2"
"城投降了西","0","2","2"
"和行台侯景","0","2","2"
"是太安狄那","0","2","2"
"拜任伏波将","0","2","2"
"又从高祖破","0","2","2"
"从高祖破四","0","2","2"
"祖破四胡于","0","2","2"
"朱兆于赤霉","0","2","2"
"兆于赤霉岭","0","2","2"
"任左厢大都","0","2","2"
"行台侯景一","0","2","2"
"独孤如愿于","0","2","2"
"逐步升迁任","0","2","2"
"次拜任晋州","0","2","2"
"破周文帝于","0","2","2"
"食邑四百户","0","2","2"
"邙山战役中","0","2","2"
"掌管国家大","0","2","2"
"赠给他使持","0","2","2"
"给他使持节","0","2","2"
"高祖的亲信","0","2","2"
"来增加他的","0","2","2"
"增加他的食","0","2","2"
"加他的食邑","0","2","2"
"隶属于高祖","0","2","2"
"任第一领民","0","2","2"
"孝静帝登基","0","2","2"
"也就熄灭了","0","2","2"
"在华林园宴","0","2","2"
"外放任沧州","0","2","2"
"放任沧州刺","0","2","2"
"任太子太傅","0","2","2"
"任安束将军","0","2","2"
"皇年间去世","0","2","2"
"个州的刺史","0","2","2"
"有两个儿子","0","2","2"
"投降了北周","0","2","2"
"世代居住在","0","2","2"
"这是我最大","0","2","2"
"是我最大的","0","2","2"
"同刘丰讨伐","0","2","2"
"刘丰讨伐侯","0","2","2"
"丰讨伐侯景","0","2","2"
"其家世代为","0","2","2"
"世代为部落","0","2","2"
"高祖拜他为","0","2","2"
"武平末年为","0","2","2"
"为南汾州刺","0","2","2"
"从高祖平邺","0","2","2"
"为行台右丞","0","2","2"
"尔朱荣死后","0","2","2"
"都出自他的","0","2","2"
"会有今天的","0","2","2"
"高隆之共同","0","2","2"
"进行了弹压","0","2","2"
"拜度支尚书","0","2","2"
"王思政入据","0","2","2"
"思政入据颍","0","2","2"
"前来投奔他","0","2","2"
"来投奔他的","0","2","2"
"礼节对待他","0","2","2"
"在高祖指挥","0","2","2"
"高祖指挥下","0","2","2"
"樊子鹄占据","0","2","2"
"子鹄占据兖","0","2","2"
"鹄占据兖州","0","2","2"
"高仲密反叛","0","2","2"
"被朝廷除名","0","2","2"
"适逢高祖在","0","2","2"
"高祖嘉奖他","0","2","2"
"尔朱世隆逃","0","2","2"
"高仲密叛乱","0","2","2"
"祖在邙山打","0","2","2"
"在邙山打败","0","2","2"
"邙山打败了","0","2","2"
"败了周文帝","0","2","2"
"年五十一岁","0","2","2"
"累计前后所","0","2","2"
"计前后所立","0","2","2"
"带领自己的","0","2","2"
"手下的将领","0","2","2"
"平定了贼乱","0","2","2"
"认为这是神","0","2","2"
"渤海蓚地人","0","2","2"
"海蓚地人氏","0","2","2"
"任荆州刺史","0","2","2"
"秘密地向高","0","2","2"
"密地向高祖","0","2","2"
"今天的举动","0","2","2"
"任为通直散","0","2","2"
"他为通直常","0","2","2"
"刺史尔朱羽","0","2","2"
"史尔朱羽生","0","2","2"
"征讨尔朱兆","0","2","2"
"了好长时间","0","2","2"
"为西南道大","0","2","2"
"年三十八岁","0","2","2"
"也没有遗憾","0","2","2"
"上书朝廷请","0","2","2"
"取得了胜利","0","2","2"
"很快又被释","0","2","2"
"快又被释放","0","2","2"
"是高祖的女","0","2","2"
"高祖的女婿","0","2","2"
"任博陵太守","0","2","2"
"为世人所知","0","2","2"
"时喜好弓马","0","2","2"
"弟弟的儿子","0","2","2"
"与萧轨等渡","0","2","2"
"轨等渡江攻","0","2","2"
"等渡江攻陈","0","2","2"
"在信都起义","0","2","2"
"尔朱兆等屯","0","2","2"
"朱兆等屯驻","0","2","2"
"隆之回答说","0","2","2"
"请大王不要","0","2","2"
"征拜为侍中","0","2","2"
"他对高祖说","0","2","2"
"很快又加开","0","2","2"
"快又加开府","0","2","2"
"任大丞相府","0","2","2"
"任通直常侍","0","2","2"
"任大行台吏","0","2","2"
"渤海郡太守","0","2","2"
"以本官代理","0","2","2"
"不久正式任","0","2","2"
"正式任命为","0","2","2"
"任中坚将军","0","2","2"
"他任大行台","0","2","2"
"年五十四岁","0","2","2"
"武定年间任","0","2","2"
"本官兼任尚","0","2","2"
"官兼任尚书","0","2","2"
"就成就了霸","0","2","2"
"成就了霸业","0","2","2"
"为长流参军","0","2","2"
"亲年老多病","0","2","2"
"被举为秀才","0","2","2"
"投降了尔朱","0","2","2"
"任命为开府","0","2","2"
"向朝廷推荐","0","2","2"
"开玩笑地说","0","2","2"
"宗道就下令","0","2","2"
"投奔氽朱兆","0","2","2"
"任左光禄大","0","2","2"
"任并州长史","0","2","2"
"时年五十七","0","2","2"
"年五十七岁","0","2","2"
"州长史时去","0","2","2"
"长史时去世","0","2","2"
"从家中征召","0","2","2"
"家中征召出","0","2","2"
"中征召出来","0","2","2"
"被朝廷召入","0","2","2"
"朝廷召入任","0","2","2"
"任司徒右长","0","2","2"
"诛杀尔朱荣","0","2","2"
"知道逭件事","0","2","2"
"因参与起义","0","2","2"
"谧号为文宣","0","2","2"
"任大司马府","0","2","2"
"任安德太守","0","2","2"
"征用为开府","0","2","2"
"用为开府行","0","2","2"
"出使陈朝任","0","2","2"
"使陈朝任副","0","2","2"
"陈朝任副使","0","2","2"
"坚决推辞不","0","2","2"
"杨情回答说","0","2","2"
"任太学博士","0","2","2"
"门第而自傲","0","2","2"
"当时的舆论","0","2","2"
"启奏朝廷任","0","2","2"
"宴会结束后","0","2","2"
"任并省吏部","0","2","2"
"并省吏部郎","0","2","2"
"患有气喘病","0","2","2"
"加授征虏将","0","2","2"
"授征虏将军","0","2","2"
"为太子中庶","0","2","2"
"任卫尉少卿","0","2","2"
"任尚书吏部","0","2","2"
"任谯州刺史","0","2","2"
"任魏太中大","0","2","2"
"府束合祭酒","0","2","2"
"舍人的身份","0","2","2"
"接待梁朝使","0","2","2"
"待梁朝使者","0","2","2"
"改任中书舍","0","2","2"
"年四十九岁","0","2","2"
"上任命他为","0","2","2"
"通晓鲜卑语","0","2","2"
"元康进谏说","0","2","2"
"休掉了发妻","0","2","2"
"所以受到了","0","2","2"
"一定会成为","0","2","2"
"打败了侯景","0","2","2"
"有识人之鉴","0","2","2"
"之类的东西","0","2","2"
"神武的霸朝","0","2","2"
"当着众人的","0","2","2"
"着众人的面","0","2","2"
"开始为氽朱","0","2","2"
"被亲近优待","0","2","2"
"趟郡公高琛","0","2","2"
"贪污纳贿的","0","2","2"
"又改任司徒","0","2","2"
"的有一百多","0","2","2"
"有一百多人","0","2","2"
"任尚书右丞","0","2","2"
"非常赞赏他","0","2","2"
"次升迁任侍","0","2","2"
"升迁任侍中","0","2","2"
"出任西兖州","0","2","2"
"过去的功劳","0","2","2"
"任营州刺史","0","2","2"
"朝廷的贡赋","0","2","2"
"与吏部尚书","0","2","2"
"掌管后方事","0","2","2"
"又任都官尚","0","2","2"
"北周的军队","0","2","2"
"刺史的官职","0","2","2"
"就是所说的","0","2","2"
"县子的爵位","0","2","2"
"至散骑常侍","0","2","2"
"有古人的遣","0","2","2"
"古人的遣风","0","2","2"
"同治理天下","0","2","2"
"有远大志向","0","2","2"
"高祖与他谈","0","2","2"
"每次作战都","0","2","2"
"六韩拔陵叛","0","2","2"
"从远方表达","0","2","2"
"远方表达诚","0","2","2"
"方表达诚意","0","2","2"
"跟随氽朱荣","0","2","2"
"两次升任为","0","2","2"
"慷慨有气节","0","2","2"
"可朱浑元为","0","2","2"
"跟随题担征","0","2","2"
"随题担征讨","0","2","2"
"与清河王高","0","2","2"
"河王高岳攻","0","2","2"
"依据条例降","0","2","2"
"据条例降低","0","2","2"
"奉皇帝之命","0","2","2"
"妻妾的礼仪","0","2","2"
"被贼人逼迫","0","2","2"
"为束郡太守","0","2","2"
"任太子少保","0","2","2"
"不久任海州","0","2","2"
"久任海州刺","0","2","2"
"任海州刺史","0","2","2"
"为太子舍人","0","2","2"
"出使梁的主","0","2","2"
"使梁的主使","0","2","2"
"而没有同意","0","2","2"
"忧虑这件事","0","2","2"
"世宗让崔暹","0","2","2"
"为当时称赞","0","2","2"
"士人和朋友","0","2","2"
"开始作官为","0","2","2"
"次升迁任太","0","2","2"
"升迁任太子","0","2","2"
"人有这样的","0","2","2"
"的官职上去","0","2","2"
"官职上去世","0","2","2"
"为开府谘议","0","2","2"
"的事情很重","0","2","2"
"事情很重要","0","2","2"
"讲子才的长","0","2","2"
"子才的长处","0","2","2"
"升任御史中","0","2","2"
"弹劾太师咸","0","2","2"
"师咸阳王元","0","2","2"
"为定州长史","0","2","2"
"贪婪残暴之","0","2","2"
"与世俗之人","0","2","2"
"升任为司徒","0","2","2"
"祖听从了他","0","2","2"
"陈山提等人","0","2","2"
"帝对左右的","0","2","2"
"为开府参军","0","2","2"
"委以心腹之","0","2","2"
"禅让的事情","0","2","2"
"撰写仪节制","0","2","2"
"写仪节制度","0","2","2"
"收敛容颜说","0","2","2"
"对太后怎么","0","2","2"
"太后怎么办","0","2","2"
"兼任度支尚","0","2","2"
"升任散骑常","0","2","2"
"兼任太府卿","0","2","2"
"召崔显到御","0","2","2"
"尚书李神俊","0","2","2"
"作为自己的","0","2","2"
"的两位兄长","0","2","2"
"出仕任员外","0","2","2"
"补任中外府","0","2","2"
"任中外府功","0","2","2"
"在什么位置","0","2","2"
"什么位置?","0","2","2"
"我私下认为","0","2","2"
"几乎不能承","0","2","2"
"乎不能承受","0","2","2"
"人们称他为","0","2","2"
"不知道是何","0","2","2"
"时人认为他","0","2","2"
"梁元帝派人","0","2","2"
"能礼贤下士","0","2","2"
"魏攻克江陵","0","2","2"
"萧庄回国作","0","2","2"
"庄回国作梁","0","2","2"
"当时四十八","0","2","2"
"历任太子少","0","2","2"
"齐天保年间","0","2","2"
"任太子中庶","0","2","2"
"为他们准备","0","2","2"
"看重他的才","0","2","2"
"重他的才能","0","2","2"
"让和接替帝","0","2","2"
"和接替帝位","0","2","2"
"不久任侍中","0","2","2"
"斩冢作媒人","0","2","2"
"任为尚书左","0","2","2"
"仁为左仆射","0","2","2"
"和士开知道","0","2","2"
"授通直散骑","0","2","2"
"被征召到晋","0","2","2"
"又兼散骑常","0","2","2"
"为吏部尚书","0","2","2"
"百官没有不","0","2","2"
"吉凶的礼制","0","2","2"
"魏天平年间","0","2","2"
"举荐为秀才","0","2","2"
"任太原公开","0","2","2"
"历任文襄大","0","2","2"
"任文襄大将","0","2","2"
"兼中书舍人","0","2","2"
"王高岳任司","0","2","2"
"高岳任司州","0","2","2"
"岳任司州牧","0","2","2"
"为太学博士","0","2","2"
"任永昌太守","0","2","2"
"太守的官位","0","2","2"
"守的官位上","0","2","2"
"王慧龙自称","0","2","2"
"告诉杨情说","0","2","2"
"有军事才能","0","2","2"
"的女儿为妃","0","2","2"
"因父亲去世","0","2","2"
"以原来的官","0","2","2"
"在墓侧结庐","0","2","2"
"夸耀自己的","0","2","2"
"本州大中正","0","2","2"
"宗辅佐朝政","0","2","2"
"与济阴人温","0","2","2"
"济阴人温子","0","2","2"
"阴人温子升","0","2","2"
"不能超过此","0","2","2"
"河间人邢子","0","2","2"
"间人邢子才","0","2","2"
"的副使出使","0","2","2"
"任北平太守","0","2","2"
"作过一篇赋","0","2","2"
"将此事告诉","0","2","2"
"此事告诉了","0","2","2"
"与尚书左丞","0","2","2"
"任东南道行","0","2","2"
"人们的议论","0","2","2"
"父亲去世后","0","2","2"
"召为大将军","0","2","2"
"为尚书祠部","0","2","2"
"的贵族子弟","0","2","2"
"出京任西兖","0","2","2"
"京任西兖州","0","2","2"
"用他的儿子","0","2","2"
"十八人一起","0","2","2"
"而白天赌博","0","2","2"
"擅长文字和","0","2","2"
"文字和筹算","0","2","2"
"不久兼尚书","0","2","2"
"更加勤奋钻","0","2","2"
"加勤奋钻研","0","2","2"
"南安王思好","0","2","2"
"轻时就有声","0","2","2"
"时就有声誉","0","2","2"
"任尚书仪曹","0","2","2"
"献武皇帝为","0","2","2"
"武皇帝为神","0","2","2"
"皇帝为神武","0","2","2"
"帝为神武皇","0","2","2"
"为神武皇帝","0","2","2"
"同吏部尚书","0","2","2"
"会得到好名","0","2","2"
"得到好名声","0","2","2"
"自从和士开","0","2","2"
"年少时很聪","0","2","2"
"少时很聪明","0","2","2"
"拔为中书舍","0","2","2"
"辅佐朝政时","0","2","2"
"子琮的妻子","0","2","2"
"公以下的人","0","2","2"
"皇上去世的","0","2","2"
"是太后的妹","0","2","2"
"为郑州刺史","0","2","2"
"没什么两样","0","2","2"
"被任命为济","0","2","2"
"从了他的建","0","2","2"
"了他的建议","0","2","2"
"被召入朝廷","0","2","2"
"召入朝廷任","0","2","2"
"百多人请求","0","2","2"
"多人请求为","0","2","2"
"时候就聪明","0","2","2"
"治理天下的","0","2","2"
"记忆力很强","0","2","2"
"抵得上一千","0","2","2"
"是什么样的","0","2","2"
"特别赏给他","0","2","2"
"高阿那肱陷","0","2","2"
"阿那肱陷害","0","2","2"
"官至开府仪","0","2","2"
"至开府仪同","0","2","2"
"任北徐州刺","0","2","2"
"在黄河以南","0","2","2"
"任郑州刺史","0","2","2"
"连同以前的","0","2","2"
"同以前的食","0","2","2"
"以前的食邑","0","2","2"
"后回到朝中","0","2","2"
"名骑兵深入","0","2","2"
"死了几十人","0","2","2"
"兼给事黄门","0","2","2"
"不久加开府","0","2","2"
"朝廷命景和","0","2","2"
"领左右大将","0","2","2"
"任命为尚书","0","2","2"
"将吴明彻入","0","2","2"
"明彻入侵淮","0","2","2"
"彻入侵淮南","0","2","2"
"为领军大将","0","2","2"
"年五十五岁","0","2","2"
"平末年任太","0","2","2"
"末年任太子","0","2","2"
"开皇年间任","0","2","2"
"年少时就有","0","2","2"
"尔朱兆入洛","0","2","2"
"的父母兄弟","0","2","2"
"父母兄弟都","0","2","2"
"母兄弟都在","0","2","2"
"兄弟都在山","0","2","2"
"弟都在山东","0","2","2"
"特别加以赏","0","2","2"
"别加以赏赐","0","2","2"
"任平束将军","0","2","2"
"改任中外府","0","2","2"
"并州省尚书","0","2","2"
"任胶州刺史","0","2","2"
"时为奉朝请","0","2","2"
"任积射将军","0","2","2"
"任命他为行","0","2","2"
"命他为行台","0","2","2"
"任大司农卿","0","2","2"
"皮景和等人","0","2","2"
"兼七兵尚书","0","2","2"
"升任行台尚","0","2","2"
"任骠骑将军","0","2","2"
"魏彭城王元","0","2","2"
"开府谘议参","0","2","2"
"奏明皇上任","0","2","2"
"明皇上任命","0","2","2"
"向皇上告发","0","2","2"
"战败的消息","0","2","2"
"领民大都督","0","2","2"
"可以大获全","0","2","2"
"以大获全胜","0","2","2"
"晋州战败后","0","2","2"
"极少有能保","0","2","2"
"任命他为丞","0","2","2"
"撰修起居注","0","2","2"
"恤民生疾苦","0","2","2"
"范阳涿县人","0","2","2"
"任命卢潜为","0","2","2"
"命卢潜为扬","0","2","2"
"潜为扬州道","0","2","2"
"为扬州道行","0","2","2"
"任合州刺史","0","2","2"
"王琳等人同","0","2","2"
"琳等人同时","0","2","2"
"等人同时被","0","2","2"
"兄长的儿子","0","2","2"
"末年任尚书","0","2","2"
"皇后的舅舅","0","2","2"
"在武平年间","0","2","2"
"任司徒记室","0","2","2"
"改任五兵尚","0","2","2"
"任南兖州刺","0","2","2"
"后因病去世","0","2","2"
"年六十六岁","0","2","2"
"追赠齐州刺","0","2","2"
"城王高浩的","0","2","2"
"王高浩的丞","0","2","2"
"高浩的丞相","0","2","2"
"他的姐姐是","0","2","2"
"其他人都不","0","2","2"
"任尚书祠部","0","2","2"
"水的中心是","0","2","2"
"走到平城都","0","2","2"
"改任七兵尚","0","2","2"
"入文林馆待","0","2","2"
"一起被征召","0","2","2"
"有文集三十","0","2","2"
"都流行于世","0","2","2"
"治理得很有","0","2","2"
"理得很有成","0","2","2"
"得很有成绩","0","2","2"
"远近的人都","0","2","2"
"北齐灭亡后","0","2","2"
"任仪同开府","0","2","2"
"初为奉朝请","0","2","2"
"没有去上任","0","2","2"
"太守县令等","0","2","2"
"以公正干练","0","2","2"
"等人商议制","0","2","2"
"深受当时人","0","2","2"
"年任太子舍","0","2","2"
"百姓和官吏","0","2","2"
"出任齐州刺","0","2","2"
"代任本州刺","0","2","2"
"任本州刺史","0","2","2"
"年间任尚书","0","2","2"
"间任尚书左","0","2","2"
"由于父亲的","0","2","2"
"任尚书比部","0","2","2"
"天下为己任","0","2","2"
"把他安置在","0","2","2"
"他安置在宾","0","2","2"
"安置在宾馆","0","2","2"
"是徐遵明传","0","2","2"
"徐遵明传授","0","2","2"
"遵明传授的","0","2","2"
"的占了十分","0","2","2"
"服子慎的注","0","2","2"
"子慎的注本","0","2","2"
"坐着打瞌睡","0","2","2"
"当时人们认","0","2","2"
"时人们认为","0","2","2"
"就立长子的","0","2","2"
"立长子的弟","0","2","2"
"长子的弟弟","0","2","2"
"子的儿子为","0","2","2"
"的儿子为嫡","0","2","2"
"儿子为嫡孙","0","2","2"
"了武王姬发","0","2","2"
"就立嫡子的","0","2","2"
"立嫡子的同","0","2","2"
"成为父亲的","0","2","2"
"为父亲的后","0","2","2"
"父亲的后代","0","2","2"
"为祖父母服","0","2","2"
"祖父母服斩","0","2","2"
"荐他作秀才","0","2","2"
"他坚决推辞","0","2","2"
"都很推崇他","0","2","2"
"年五十二岁","0","2","2"
"少年时喜好","0","2","2"
"春秋左氏传","0","2","2"
"追赠为开府","0","2","2"
"后主作太子","0","2","2"
"主作太子时","0","2","2"
"设立文林馆","0","2","2"
"无论大事小","0","2","2"
"论大事小事","0","2","2"
"他占卜吉凶","0","2","2"
"本来是一介","0","2","2"
"有一个儿子","0","2","2"
"们都认为是","0","2","2"
"任泾州刺史","0","2","2"
"皇上到晋阳","0","2","2"
"为国子博士","0","2","2"
"子结为谘议","0","2","2"
"任大理司直","0","2","2"
"他的祖先是","0","2","2"
"子结三兄弟","0","2","2"
"由开府行参","0","2","2"
"到了武平年","0","2","2"
"了武平年间","0","2","2"
"追赠中书监","0","2","2"
"心致志地读","0","2","2"
"致志地读书","0","2","2"
"推荐樊逊为","0","2","2"
"又问他关于","0","2","2"
"不能完全记","0","2","2"
"帝王治理天","0","2","2"
"王治理天下","0","2","2"
"率领军队南","0","2","2"
"升迁任中书","0","2","2"
"认为他很称","0","2","2"
"为他很称职","0","2","2"
"多次立下战","0","2","2"
"次立下战功","0","2","2"
"都认为是政","0","2","2"
"任南清河太","0","2","2"
"魏子宾偷的","0","2","2"
"初任开府参","0","2","2"
"令临淮王元","0","2","2"
"临淮王元或","0","2","2"
"任司州中从","0","2","2"
"司州中从事","0","2","2"
"为尚书左丞","0","2","2"
"文襄很生气","0","2","2"
"云十条罪状","0","2","2"
"迁任御史中","0","2","2"
"多次升官任","0","2","2"
"走到辽阳山","0","2","2"
"祖非常高兴","0","2","2"
"系属于别人","0","2","2"
"至中书舍人","0","2","2"
"到宫内侍奉","0","2","2"
"拉着士开的","0","2","2"
"士开的手说","0","2","2"
"太后和后主","0","2","2"
"年四十八岁","0","2","2"
"不如和士开","0","2","2"
"韩凤和穆提","0","2","2"
"凤和穆提婆","0","2","2"
"派工匠为自","0","2","2"
"工匠为自己","0","2","2"
"保贺拔仁为","0","2","2"
"后为皇太后","0","2","2"
"王高岳为使","0","2","2"
"高岳为使持","0","2","2"
"岳为使持节","0","2","2"
"贺拔仁为太","0","2","2"
"皇太后为太","0","2","2"
"太后为太皇","0","2","2"
"后为太皇太","0","2","2"
"郡王睿又为","0","2","2"
"武兴王普为","0","2","2"
"氵皆为太师","0","2","2"
"南阳王绰为","0","2","2"
"射胡长仁为","0","2","2"
"王长恭为太","0","2","2"
"彦深为司空","0","2","2"
"春正月初一","0","2","2"
"拜车骑大将","0","2","2"
"领御史中尉","0","2","2"
"骠骑将军位","0","2","2"
"骑将军位上","0","2","2"
"加封车骑大","0","2","2"
"封车骑大将","0","2","2"
"肃宗即位后","0","2","2"
"侍兼中书侍","0","2","2"
"任太子中舍","0","2","2"
"中山郡太守","0","2","2"
