"N-gram","原文","翻译","Total"
"都督中外诸军事","10","9","19"
"年春季的正月初","0","12","12"
"派遣使者前来朝","0","11","11"
"遣使者前来朝贡","0","11","11"
"司州刺史羊鸦仁","5","5","10"
"国派遣使者前来","0","10","10"
"都督征讨诸军事","5","4","9"
"为开府仪同三司","0","9","9"
"加开府仪同三司","7","1","8"
"秦韩慕韩六国诸","4","4","8"
"韩慕韩六国诸军","4","4","8"
"慕韩六国诸军事","4","4","8"
"春季的正月初一","0","8","8"
"到了母亲的丧事","0","8","8"
"号开府仪同三司","5","2","7"
"加封开府仪同三","0","7","7"
"封开府仪同三司","0","7","7"
"司徒竟陵王萧子","0","7","7"
"徒竟陵王萧子良","0","7","7"
"为金紫光禄大夫","0","7","7"
"徐州刺史薛安都","3","3","6"
"扬州刺史始安王","3","3","6"
"司州刺史柳仲礼","3","3","6"
"吏部尚书褚彦回","3","3","6"
"都督百济诸军事","3","3","6"
"加罗秦韩慕韩六","3","3","6"
"罗秦韩慕韩六国","3","3","6"
"元年春季的正月","0","6","6"
"把他们打得大败","0","6","6"
"司徒竟陵王子良","5","0","5"
"本号开府仪同三","5","0","5"
"太宰江夏王义恭","5","0","5"
"赠开府仪同三司","2","3","5"
"授开府仪同三司","4","1","5"
"秋季的七月初一","0","5","5"
"夏季的四月二十","0","5","5"
"配给仪仗二十人","0","5","5"
"冬季的十一月初","0","5","5"
"囚禁在尚方狱中","0","5","5"
"逐步升迁为太子","0","5","5"
"在宋朝做官担任","0","5","5"
"冠军将军檀道济","2","2","4"
"龙骧将军王镇恶","2","2","4"
"中兵参军沈田子","2","2","4"
"皇帝位太极前殿","4","0","4"
"护军将军褚彦回","2","2","4"
"江州刺史桂阳王","2","2","4"
"南徐州刺史建平","2","2","4"
"徐州刺史建平王","2","2","4"
"河南王吐谷浑拾","2","2","4"
"南王吐谷浑拾寅","2","2","4"
"进号车骑大将军","4","0","4"
"大将军彭城王义","4","0","4"
"将军彭城王义康","4","0","4"
"江州刺史晋安王","2","2","4"
"前湘州刺史王蕴","2","2","4"
"尚书右仆射王俭","2","2","4"
"百济国遣使朝贡","4","0","4"
"前南谯太守王灵","2","2","4"
"南谯太守王灵秀","2","2","4"
"前司州刺史羊鸦","2","2","4"
"都督六合诸军事","2","2","4"
"雍州刺史岳阳王","2","2","4"
"置儒林参军一人","2","2","4"
"左户尚书周弘正","2","2","4"
"尚书左仆射王褒","2","2","4"
"扬州刺史长沙王","2","2","4"
"江州刺史豫章王","2","2","4"
"镇东大将军任忠","2","2","4"
"中书舍人蔡景历","2","2","4"
"太尉江夏王义恭","4","0","4"
"世子左卫率谢灵","2","2","4"
"子左卫率谢灵运","2","2","4"
"都督城内诸军事","2","2","4"
"北徐州刺史封山","2","2","4"
"徐州刺史封山侯","2","2","4"
"益州刺史刘季连","2","2","4"
"梁郡太守冯道根","2","2","4"
"魏徐州刺史元法","2","2","4"
"徐州刺史元法僧","2","2","4"
"天监十一年十一","2","2","4"
"监十一年十一月","2","2","4"
"尚书仆射谢举等","2","2","4"
"高州刺史李迁仕","2","2","4"
"新罗任加罗秦韩","4","0","4"
"罗任加罗秦韩慕","4","0","4"
"任加罗秦韩慕韩","4","0","4"
"荆州刺史湘东王","2","2","4"
"都督倭百济新罗","2","2","4"
"督倭百济新罗任","2","2","4"
"荆州刺史沈攸之","0","4","4"
"可以带剑穿履上","0","4","4"
"以带剑穿履上殿","0","4","4"
"二年春季的正月","0","4","4"
"有关部门奏请给","0","4","4"
"秋季的七月二十","0","4","4"
"长沙王陈叔坚为","0","4","4"
"担任尚书左仆射","0","4","4"
"太尉江夏王刘义","0","4","4"
"尉江夏王刘义恭","0","4","4"
"当时的人把他比","0","4","4"
"时的人把他比作","0","4","4"
"为给事黄门侍郎","0","4","4"
"遭到了母亲的丧","0","4","4"
"少年时期就很有","0","4","4"
"竟陵王萧子良的","0","4","4"
"遇到了母亲的丧","0","4","4"
"竟陵王萧子良听","0","4","4"
"太宰江夏王刘义","0","4","4"
"宰江夏王刘义恭","0","4","4"
"新罗任那加罗秦","0","4","4"
"罗任那加罗秦韩","0","4","4"
"任那加罗秦韩慕","0","4","4"
"那加罗秦韩慕韩","0","4","4"
"鄱阳王太子萧嗣","0","4","4"
"时尚书令何敬容","1","2","3"
"世子爲中军将军","3","0","3"
"元年春正月戊寅","3","0","3"
"甲仗五十人入殿","3","0","3"
"直合将军卜伯兴","3","0","3"
"鳏寡孤独能存者","3","0","3"
"增班剑爲三十人","3","0","3"
"尚书左仆射王俭","2","1","3"
"爲父后者爵一级","3","0","3"
"刺史始安王遥光","3","0","3"
"护军将军崔慧景","2","1","3"
"平西将军崔慧景","2","1","3"
"北徐州刺史王珍","2","1","3"
"徐州刺史王珍国","2","1","3"
"郢州刺史南平王","1","2","3"
"宣猛将军朱买臣","2","1","3"
"孝悌力田爲父后","3","0","3"
"悌力田爲父后者","3","0","3"
"贺若弼攻陷南徐","1","2","3"
"若弼攻陷南徐州","1","2","3"
"普通七年十一月","1","2","3"
"义熙十四年正月","1","2","3"
"爲金紫光禄大夫","3","0","3"
"增班剑爲六十人","3","0","3"
"金紫光禄大夫阮","1","2","3"
"十一年十一月十","2","1","3"
"合州刺史鄱阳王","2","1","3"
"追赠开府仪同三","1","2","3"
"州刺史鄱阳王萧","1","2","3"
"刺史鄱阳王萧范","1","2","3"
"昭达乘平虏大舰","2","1","3"
"扬州刺史王景文","1","2","3"
"十二月二十一日","1","2","3"
"都督倭新罗任加","3","0","3"
"督倭新罗任加罗","3","0","3"
"倭新罗任加罗秦","3","0","3"
"平北将军胡僧佑","2","1","3"
"就是这样地受到","0","3","3"
"世子为中军将军","0","3","3"
"桂阳公刘义真为","0","3","3"
"褚彦回为尚书令","0","3","3"
"号为车骑大将军","0","3","3"
"号为骠骑大将军","0","3","3"
"没有帷盖的露车","0","3","3"
"任命为散骑常侍","0","3","3"
"直阁将军卜伯兴","0","3","3"
"十六年而禅让给","0","3","3"
"鳏寡孤独不能自","0","3","3"
"特殊情况而赦免","0","3","3"
"任命司空褚彦回","0","3","3"
"命司空褚彦回为","0","3","3"
"百济国派遣使者","0","3","3"
"济国派遣使者前","0","3","3"
"三年春季的正月","0","3","3"
"石头上的文字是","0","3","3"
"沈攸之事件发生","0","3","3"
"帝的第二个儿子","0","3","3"
"晚的人爵位一级","0","3","3"
"刺史始安王萧遥","0","3","3"
"史始安王萧遥光","0","3","3"
"冬季的十月十三","0","3","3"
"季的十月十三日","0","3","3"
"任命骠骑大将军","0","3","3"
"父亲去世而离职","0","3","3"
"担任太子中庶子","0","3","3"
"不能自己生活的","0","3","3"
"晋升封号为征东","0","3","3"
"封号为征东大将","0","3","3"
"号为征东大将军","0","3","3"
"做父亲较晚的人","0","3","3"
"司空南平王萧恪","0","3","3"
"春季的正月初三","0","3","3"
"是魏文帝设置的","0","3","3"
"在狱中赐他自杀","0","3","3"
"逐步升迁为尚书","0","3","3"
"配给仪仗三十人","0","3","3"
"大将军彭城王刘","0","3","3"
"将军彭城王刘义","0","3","3"
"军彭城王刘义康","0","3","3"
"江夏王刘义恭说","0","3","3"
"刘义恭的几个儿","0","3","3"
"义恭的几个儿子","0","3","3"
"逐渐升迁为太尉","0","3","3"
"后悔就来不及了","0","3","3"
"追赠为散骑常侍","0","3","3"
"孝武帝入京讨伐","0","3","3"
"被有关部门所检","0","3","3"
"有关部门所检举","0","3","3"
"上表请求解除职","0","3","3"
"表请求解除职务","0","3","3"
"担任司徒左长史","0","3","3"
"升迁为吏部尚书","0","3","3"
"孝武帝镇守寻阳","0","3","3"
"年时期就很有风","0","3","3"
"时期就很有风度","0","3","3"
"步升迁为太子中","0","3","3"
"陵王萧子良听到","0","3","3"
"元凶劭杀死皇上","0","3","3"
"父亲的丧事离职","0","3","3"
"他为金紫光禄大","0","3","3"
"这是它决不可以","0","3","3"
"是它决不可以实","0","3","3"
"它决不可以实行","0","3","3"
"决不可以实行的","0","3","3"
"不可以实行的理","0","3","3"
"可以实行的理由","0","3","3"
"以实行的理由之","0","3","3"
"帝的第四个儿子","0","3","3"
"这个秘密没有发","0","3","3"
"个秘密没有发现","0","3","3"
"封为开府仪同三","0","3","3"
"梁武帝平定建邺","0","3","3"
"任给事黄门侍郎","0","3","3"
"兼中书通事舍人","0","3","3"
"陈武帝杀了王僧","0","3","3"
"武帝杀了王僧辩","0","3","3"
"周文育和杜僧明","0","3","3"
"使者来献地方物","0","3","3"
"者来献地方物产","0","3","3"
"都督倭新罗任那","0","3","3"
"督倭新罗任那加","0","3","3"
"倭新罗任那加罗","0","3","3"
"侯景派他的仪同","0","3","3"
"劫贼馀口没台府","2","0","2"
"贼馀口没台府者","2","0","2"
"彭城县绥舆里人","1","1","2"
"晋哀帝兴宁元年","1","1","2"
"隆安三年十一月","1","1","2"
"骠骑将军司马元","1","1","2"
"骑将军司马元显","1","1","2"
"毅等率壮士五六","1","1","2"
"等率壮士五六十","1","1","2"
"率壮士五六十人","1","1","2"
"遣同谋周安穆报","1","1","2"
"遣顿丘太守吴甫","1","1","2"
"右卫将军皇甫敷","1","1","2"
"都督八州诸军事","1","1","2"
"大将公孙五楼请","1","1","2"
"龙骧将军孟龙符","1","1","2"
"州刺史刘道怜等","1","1","2"
"遣上党太守赵恢","1","1","2"
"徐道覆劝卢循乘","1","1","2"
"道覆劝卢循乘虚","1","1","2"
"遣辅国将军王仲","1","1","2"
"辅国将军王仲德","1","1","2"
"国将军王仲德等","1","1","2"
"将军王仲德等追","1","1","2"
"荆州刺史刘道规","2","0","2"
"会稽内史司马休","1","1","2"
"交州刺史杜惠度","1","1","2"
"前镇军将军司马","1","1","2"
"镇军将军司马休","1","1","2"
"豫州刺史诸葛长","1","1","2"
"州刺史诸葛长人","1","1","2"
"刺史诸葛长人监","1","1","2"
"太尉司马丹阳尹","1","1","2"
"尉司马丹阳尹刘","1","1","2"
"司马丹阳尹刘穆","1","1","2"
"龙骧将军蒯恩前","1","1","2"
"西阳太守朱龄石","1","1","2"
"诸葛长人贪淫骄","1","1","2"
"葛长人贪淫骄横","1","1","2"
"荆州刺史司马休","1","1","2"
"尚书右仆射刘穆","1","1","2"
"军将军檀道济等","1","1","2"
"司豫北徐雍四州","1","1","2"
"豫北徐雍四州刺","1","1","2"
"北徐雍四州刺史","1","1","2"
"桂阳公义真爲雍","2","0","2"
"阳公义真爲雍州","2","0","2"
"公义真爲雍州刺","2","0","2"
"义真爲雍州刺史","2","0","2"
"辅国将军刘遵考","1","1","2"
"安西中兵参军沈","1","1","2"
"西中兵参军沈田","1","1","2"
"兵参军沈田子杀","1","1","2"
"安西司马王镇恶","1","1","2"
"遣右将军朱龄石","1","1","2"
"右将军朱龄石代","1","1","2"
"安西将军桂阳公","1","1","2"
"帝命帝冕十二旒","2","0","2"
"丹阳建康县蒋山","1","1","2"
"阳建康县蒋山初","1","1","2"
"建康县蒋山初宁","1","1","2"
"康县蒋山初宁陵","1","1","2"
"十一月二十九日","1","1","2"
"中书舍人胡母颢","1","1","2"
"书舍人胡母颢专","1","1","2"
"舍人胡母颢专权","1","1","2"
"军将军褚彦回共","1","1","2"
"开府仪同三司蔡","1","1","2"
"府仪同三司蔡兴","1","1","2"
"仪同三司蔡兴宗","1","1","2"
"郢州刺史刘彦节","1","1","2"
"州刺史桂阳王休","2","0","2"
"刺史桂阳王休范","2","0","2"
"史桂阳王休范举","2","0","2"
"桂阳王休范举兵","2","0","2"
"右卫将军萧道成","1","1","2"
"前南兖州刺史沈","1","1","2"
"南兖州刺史沈怀","1","1","2"
"兖州刺史沈怀明","1","1","2"
"中军将军褚彦回","1","1","2"
"军将军褚彦回入","1","1","2"
"沈怀明石头奔散","2","0","2"
"车骑典签茅恬开","2","0","2"
"骑典签茅恬开东","2","0","2"
"典签茅恬开东府","2","0","2"
"签茅恬开东府纳","2","0","2"
"茅恬开东府纳贼","2","0","2"
"州刺史建平王景","2","0","2"
"刺史建平王景素","2","0","2"
"郢州刺史晋熙王","1","1","2"
"湘州刺史王僧虔","1","1","2"
"雍州刺史张兴世","1","1","2"
"征西大将军河南","1","1","2"
"西大将军河南王","1","1","2"
"大将军河南王吐","1","1","2"
"将军河南王吐谷","1","1","2"
"军河南王吐谷浑","1","1","2"
"遣骁骑将军任农","1","1","2"
"骁骑将军任农夫","1","1","2"
"骁骑将军高道庆","1","1","2"
"扬州刺史安成王","1","1","2"
"进号骠骑大将军","2","0","2"
"豫州刺史阮佃夫","1","1","2"
"步兵校尉申伯宗","1","1","2"
"司徒左长史沈勃","1","1","2"
"散骑常侍杜幼文","1","1","2"
"长水校尉杜叔文","1","1","2"
"东海兰陵县中都","1","1","2"
"海兰陵县中都乡","1","1","2"
"兰陵县中都乡中","1","1","2"
"陵县中都乡中都","1","1","2"
"县中都乡中都里","1","1","2"
"峨公山立庙祭祀","1","1","2"
"雍州刺史萧思话","1","1","2"
"州刺史萧思话镇","1","1","2"
"会稽太守寻阳王","1","1","2"
"巴陵王卫军司马","1","1","2"
"州刺史晋安王子","2","0","2"
"刺史晋安王子勋","2","0","2"
"遣临川内史张淹","1","1","2"
"桂阳王征北司马","1","1","2"
"都督北讨前锋诸","1","1","2"
"督北讨前锋诸军","1","1","2"
"北讨前锋诸军事","1","1","2"
"冠军将军吴喜留","1","1","2"
"中书舍人孙千龄","1","1","2"
"甯朔将军高道庆","2","0","2"
"冠军将军沈怀明","1","1","2"
"刘彦节引咎解职","1","1","2"
"子前湘州刺史王","1","1","2"
"尚书令刘彦节见","1","1","2"
"丹阳丞王逊告变","2","0","2"
"合将军卜伯兴等","2","0","2"
"将军卜伯兴等严","1","1","2"
"都督十六州诸军","1","1","2"
"督十六州诸军事","1","1","2"
"将作匠陈文建奏","1","1","2"
"留襄阳郡公张敬","1","1","2"
"广兴郡公沈昙亮","1","1","2"
"兴郡公沈昙亮等","1","1","2"
"郡公沈昙亮等一","1","1","2"
"公沈昙亮等一百","1","1","2"
"沈昙亮等一百二","1","1","2"
"昙亮等一百二十","1","1","2"
"亮等一百二十二","1","1","2"
"等一百二十二人","1","1","2"
"散骑常侍十二人","1","1","2"
"汝阴王太妃王氏","1","1","2"
"司空褚彦回爲司","2","0","2"
"空褚彦回爲司徒","2","0","2"
"豫州刺史垣崇祖","1","1","2"
"高丽王乐浪公高","1","1","2"
"丽王乐浪公高琏","1","1","2"
"会稽山阴县狱丞","1","1","2"
"高丽国遣使朝贡","2","0","2"
"散骑常侍虞炎等","1","1","2"
"骑常侍虞炎等十","1","1","2"
"常侍虞炎等十二","1","1","2"
"侍虞炎等十二人","1","1","2"
"前淮南太守孙奉","1","1","2"
"淮南太守孙奉伯","1","1","2"
"旧居武进东城村","1","1","2"
"会稽南山李斯刻","1","1","2"
"稽南山李斯刻秦","1","1","2"
"南山李斯刻秦望","1","1","2"
"消除水灾泄山川","1","1","2"
"升明三年四月二","1","1","2"
"明三年四月二十","1","1","2"
"三年四月二十三","1","1","2"
"年四月二十三日","1","1","2"
"肃然入草应天符","1","1","2"
"雍州刺史萧赤斧","1","1","2"
"宋元嘉十七年六","1","1","2"
"元嘉十七年六月","1","1","2"
"晋熙王镇西长史","1","1","2"
"平西将军黄回等","1","1","2"
"永明五年十一月","1","1","2"
"护军将军武陵王","1","1","2"
"征南大将军陈显","1","1","2"
"南大将军陈显达","1","1","2"
"尚书左仆射西昌","1","1","2"
"书左仆射西昌侯","1","1","2"
"吏部尚书徐孝嗣","1","1","2"
"追尊文惠皇太子","1","1","2"
"太傅竟陵王子良","2","0","2"
"将军西昌侯鸾本","2","0","2"
"军西昌侯鸾本号","2","0","2"
"开府仪同三司武","1","1","2"
"府仪同三司武陵","1","1","2"
"仪同三司武陵王","1","1","2"
"骠骑将军庐陵王","1","1","2"
"尚书右仆射鄱阳","1","1","2"
"书右仆射鄱阳王","1","1","2"
"镇军大将军西昌","1","1","2"
"军大将军西昌侯","1","1","2"
"竟陵王移住西州","1","1","2"
"中书舍人綦母珍","1","1","2"
"直合将军曹道刚","2","0","2"
"镇北将军晋安王","1","1","2"
"将军晋安王宝义","2","0","2"
"州刺史始安王遥","2","0","2"
"尚书左仆射萧坦","1","1","2"
"镇军将军沈文季","1","1","2"
"吴兴太守萧惠休","1","1","2"
"江州刺史陈显达","1","1","2"
"豫州刺史裴叔业","1","1","2"
"尚书右仆射萧惠","1","1","2"
"书右仆射萧惠休","1","1","2"
"右卫将军左兴盛","1","1","2"
"卫将军左兴盛督","1","1","2"
"南徐州刺史江夏","1","1","2"
"徐州刺史江夏王","1","1","2"
"台城内闭门拒守","1","1","2"
"尚书右仆射萧懿","1","1","2"
"西中郎长史萧颖","1","1","2"
"骠骑大将军晋安","1","1","2"
"骑大将军晋安王","1","1","2"
"抚军将军建安王","1","1","2"
"遣平西将军陈伯","1","1","2"
"谯太守王灵秀率","1","1","2"
"太子左率李居士","1","1","2"
"子左率李居士总","1","1","2"
"左率李居士总督","1","1","2"
"率李居士总督西","1","1","2"
"李居士总督西讨","1","1","2"
"居士总督西讨诸","1","1","2"
"士总督西讨诸军","1","1","2"
"总督西讨诸军事","1","1","2"
"监南豫州事申胄","1","1","2"
"徐元瑜东府城降","2","0","2"
"雍州刺史王珍国","1","1","2"
"侍中张稷率兵入","1","1","2"
"中张稷率兵入殿","1","1","2"
"张稷率兵入殿杀","1","1","2"
"始安王遥光等诛","2","0","2"
"安王遥光等诛后","2","0","2"
"前魏兴太守王敬","1","1","2"
"魏兴太守王敬宾","1","1","2"
"王侯分置尚书都","1","1","2"
"侯分置尚书都坐","1","1","2"
"冠军将军王珍国","1","1","2"
"将军席豪发愤突","1","1","2"
"兖州刺史张稷入","1","1","2"
"南兰陵中都里人","1","1","2"
"秣陵县同夏里三","1","1","2"
"陵县同夏里三桥","1","1","2"
"竟陵王子良开西","2","0","2"
"陵王子良开西邸","2","0","2"
"武陵太守卞白龙","1","1","2"
"豫州刺史崔慧景","1","1","2"
"攻司州刺史萧诞","1","1","2"
"遣左卫将军王广","1","1","2"
"时扬州刺史始安","1","1","2"
"功曹史吉士瞻等","1","1","2"
"曹史吉士瞻等谋","1","1","2"
"中兵参军陈秀拔","1","1","2"
"兵参军陈秀拔戟","1","1","2"
"竟陵太守曹景宗","1","1","2"
"中兵参军张法安","1","1","2"
"兵参军张法安守","1","1","2"
"郢州刺史张冲迎","1","1","2"
"州刺史张冲迎战","1","1","2"
"冠军将军萧颖达","1","1","2"
"光子衿等十三军","1","1","2"
"遣冠军将军陈伯","1","1","2"
"鲁山城主孙乐祖","1","1","2"
"南豫州刺史申胄","1","1","2"
"东昏遣征虏将军","2","0","2"
"遣征虏将军李居","1","1","2"
"征虏将军李居士","1","1","2"
"虏将军李居士迎","1","1","2"
"将军李居士迎战","1","1","2"
"新亭城主江道林","1","1","2"
"亭城主江道林率","1","1","2"
"城主江道林率兵","1","1","2"
"遣征虏将军王珍","1","1","2"
"征虏将军王珍国","1","1","2"
"遣豫州刺史李元","1","1","2"
"豫州刺史李元履","1","1","2"
"黄门侍郎乐法才","1","1","2"
"门侍郎乐法才慰","1","1","2"
"侍郎乐法才慰劳","1","1","2"
"淫奢异服六十二","1","1","2"
"奢异服六十二种","1","1","2"
"相国左长史王莹","1","1","2"
"国左长史王莹等","1","1","2"
"左长史王莹等率","1","1","2"
"尚书右仆射沈约","1","1","2"
"巴陵王钱二百万","1","1","2"
"车骑将军高丽王","1","1","2"
"骑将军高丽王高","1","1","2"
"将军高丽王高云","1","1","2"
"镇东大将军百济","1","1","2"
"东大将军百济王","1","1","2"
"进号征东大将军","2","0","2"
"镇东大将军倭王","1","1","2"
"行宕昌王梁弥邕","1","1","2"
"封北秦州刺史杨","1","1","2"
"北秦州刺史杨绍","1","1","2"
"秦州刺史杨绍先","1","1","2"
"西凉州刺史象舒","1","1","2"
"凉州刺史象舒彭","1","1","2"
"州刺史象舒彭进","1","1","2"
"中书监王莹等八","1","1","2"
"书监王莹等八人","1","1","2"
"监王莹等八人参","1","1","2"
"赐天下爲父后者","2","0","2"
"天下爲父后者爵","2","0","2"
"下爲父后者爵一","2","0","2"
"广州刺史元景仲","1","1","2"
"西江督护陈霸先","1","1","2"
"江督护陈霸先攻","1","1","2"
"司空南康王会理","2","0","2"
"南徐州刺史萧藻","1","1","2"
"开府仪同三司鄱","1","1","2"
"府仪同三司鄱阳","1","1","2"
"仪同三司鄱阳王","1","1","2"
"州刺史徐文盛拒","1","1","2"
"南郡王前中兵参","1","1","2"
"郡王前中兵参军","1","1","2"
"王前中兵参军张","1","1","2"
"前中兵参军张彪","1","1","2"
"厢公王僧贵入殿","1","1","2"
"寻阳王诸子二十","1","1","2"
"壮武将军杜怀宝","1","1","2"
"振远将军曹义宗","1","1","2"
"远将军曹义宗等","1","1","2"
"将军曹义宗等进","1","1","2"
"军曹义宗等进军","1","1","2"
"镇西长史王冲等","1","1","2"
"湘州刺史河东王","1","1","2"
"大都督中外诸军","1","1","2"
"镇兵将军鲍泉讨","1","1","2"
"州刺史岳阳王察","2","0","2"
"左卫将军王僧辩","1","1","2"
"卫将军王僧辩代","1","1","2"
"前郢州刺史南平","1","1","2"
"僧辩爲征东将军","2","0","2"
"开府仪同三司王","1","1","2"
"府仪同三司王僧","1","1","2"
"仪同三司王僧辩","1","1","2"
"同三司王僧辩等","1","1","2"
"猛将军朱买臣奉","1","1","2"
"祠部尚书乐子云","1","1","2"
"大都督王僧辩等","1","1","2"
"江州刺史王僧辩","1","1","2"
"遣护军将军陆法","1","1","2"
"前梁州刺史萧循","1","1","2"
"尚书右仆射王褒","1","1","2"
"开府仪同三司陈","1","1","2"
"府仪同三司陈霸","1","1","2"
"仪同三司陈霸先","1","1","2"
"都督城东城北诸","1","1","2"
"督城东城北诸军","1","1","2"
"城东城北诸军事","1","1","2"
"都督城西城南诸","1","1","2"
"督城西城南诸军","1","1","2"
"城西城南诸军事","1","1","2"
"爲开府仪同三司","2","0","2"
"信州刺史徐世谱","1","1","2"
"晋安王司马任约","1","1","2"
"姑义兴昭长公主","1","1","2"
"子王铨兄弟八九","1","1","2"
"王铨兄弟八九人","1","1","2"
"人朱买臣按剑进","1","1","2"
"吴兴太守信都遵","1","1","2"
"兴太守信都遵收","1","1","2"
"中大通二年七月","1","1","2"
"大通二年七月辛","1","1","2"
"通二年七月辛酉","1","1","2"
"黜废帝爲临海王","2","0","2"
"封皇子江州刺史","1","1","2"
"皇子江州刺史康","1","1","2"
"子江州刺史康乐","1","1","2"
"江州刺史康乐侯","1","1","2"
"承圣二年十一月","1","1","2"
"设碍大会太极前","2","0","2"
"碍大会太极前殿","2","0","2"
"翊左将军永阳王","1","1","2"
"州刺史长沙王叔","2","0","2"
"刺史长沙王叔坚","2","0","2"
"史长沙王叔坚爲","2","0","2"
"长沙王叔坚爲司","2","0","2"
"沙王叔坚爲司空","2","0","2"
"州刺史豫章王叔","2","0","2"
"刺史豫章王叔英","2","0","2"
"东扬州刺史司马","1","1","2"
"扬州刺史司马消","1","1","2"
"州刺史司马消难","1","1","2"
"开府仪同三司长","1","1","2"
"府仪同三司长沙","1","1","2"
"仪同三司长沙王","1","1","2"
"镇左将军长沙王","1","1","2"
"前丰州刺史章大","1","1","2"
"丰州刺史章大宝","1","1","2"
"都官尚书沈君公","1","1","2"
"荆州刺史陈慧纪","1","1","2"
"开府仪同三司豫","1","1","2"
"府仪同三司豫章","1","1","2"
"仪同三司豫章王","1","1","2"
"东扬州刺史鄱阳","1","1","2"
"扬州刺史鄱阳王","1","1","2"
"立扬州刺史始安","1","1","2"
"孔贵人等八人夹","1","1","2"
"贵人等八人夹坐","1","1","2"
"湘州刺史施文庆","1","1","2"
"中书舍人沈客卿","1","1","2"
"书舍人沈客卿掌","1","1","2"
"德教学士沈君道","1","1","2"
"教学士沈君道梦","1","1","2"
"贺若弼进军锺山","2","0","2"
"弼乘胜进军宫城","1","1","2"
"仁寿四年十一月","1","1","2"
"齐高帝建元元年","1","1","2"
"东阳献公主英娥","1","1","2"
"余杭县广昌乡君","1","1","2"
"侍书人马澄年少","1","1","2"
"南徐州南东海武","1","1","2"
"徐州南东海武进","1","1","2"
"州南东海武进县","1","1","2"
"南东海武进县东","1","1","2"
"东海武进县东城","1","1","2"
"海武进县东城里","1","1","2"
"武进县东城里山","1","1","2"
"赠金紫光禄大夫","2","0","2"
"书舍人蔡景历定","1","1","2"
"舍人蔡景历定计","1","1","2"
"安前中录事参军","1","1","2"
"诱建安人张安国","1","1","2"
"建安人张安国使","1","1","2"
"累迁尚书左仆射","2","0","2"
"桂阳王休范爲逆","2","0","2"
"齐高帝入屯朝堂","2","0","2"
"前征奉朝请武陵","1","1","2"
"本号加开府仪同","2","0","2"
"号加开府仪同三","2","0","2"
"会稽太守羊玄保","1","1","2"
"尚书库部郎何默","1","1","2"
"书库部郎何默子","1","1","2"
"扶令育上表申明","1","1","2"
"太子詹事范晔等","1","1","2"
"子詹事范晔等谋","1","1","2"
"詹事范晔等谋反","1","1","2"
"前吴平令袁恽等","1","1","2"
"吴平令袁恽等谋","1","1","2"
"尚书左仆射何尚","1","1","2"
"遣中书舍人严麝","1","1","2"
"元嘉三年闰正月","1","1","2"
"谓江夏王义恭曰","2","0","2"
"时道士范材修练","1","1","2"
"道士范材修练形","1","1","2"
"士范材修练形术","1","1","2"
"召前中庶子右军","1","1","2"
"前中庶子右军长","1","1","2"
"中庶子右军长史","1","1","2"
"庶子右军长史萧","1","1","2"
"子右军长史萧斌","1","1","2"
"左积弩将军王正","1","1","2"
"积弩将军王正见","1","1","2"
"驰入云龙东中华","1","1","2"
"入云龙东中华门","1","1","2"
"司徒左长史何偃","1","1","2"
"荆州刺史始兴王","1","1","2"
"南中郎二十年少","1","1","2"
"太子左卫率王正","1","1","2"
"子左卫率王正见","1","1","2"
"右卫将军刘道隆","1","1","2"
"休仁都督征讨诸","1","1","2"
"仁都督征讨诸军","1","1","2"
"封西华县五等子","1","1","2"
"扬州刺史王谧薨","2","0","2"
"父兄子弟中表亲","1","1","2"
"伪大将军姚绍所","1","1","2"
"伪抚军将军姚赞","1","1","2"
"抚军将军姚赞代","1","1","2"
"遣中兵参军沈田","1","1","2"
"熙十四年正月十","1","1","2"
"十四年正月十五","1","1","2"
"四年正月十五日","1","1","2"
"太尉大将军相国","1","1","2"
"十二人乘小船径","1","1","2"
"朱超石等追魏军","1","1","2"
"遣北海太守萧汪","1","1","2"
"梁州刺史甄法护","1","1","2"
"会稽王道子骠骑","2","0","2"
"宋武帝镇军长史","1","1","2"
"封镇西司马南郡","1","1","2"
"镇西司马南郡太","1","1","2"
"西司马南郡太守","1","1","2"
"司马南郡太守王","1","1","2"
"马南郡太守王华","1","1","2"
"江夏内史程道慧","1","1","2"
"王大司马行参军","1","1","2"
"尚书仆射殷景仁","1","1","2"
"太子左卫率袁淑","1","1","2"
"隔千里兮共明月","1","1","2"
"大司马江夏王义","2","0","2"
"司马江夏王义恭","2","0","2"
"昙首爲上所亲委","2","0","2"
"南彭城蕃县人高","1","1","2"
"秣陵人蓝宏期等","1","1","2"
"结殿中将军苗乞","1","1","2"
"殿中将军苗乞食","1","1","2"
"中将军苗乞食等","1","1","2"
"太保华容文昭公","1","1","2"
"保华容文昭公门","1","1","2"
"临川太守谢惠宣","1","1","2"
"中兵参军朱容子","1","1","2"
"兵参军朱容子抱","1","1","2"
"尚书左丞羊玄保","1","1","2"
"书左丞羊玄保奏","1","1","2"
"免御史中丞傅隆","1","1","2"
"开善寺宝志法师","1","1","2"
"善寺宝志法师碑","1","1","2"
"寺宝志法师碑文","1","1","2"
"国子祭酒萧子云","1","1","2"
"时广州刺史吴隐","1","1","2"
"后爲尚书左仆射","2","0","2"
"遣国子博士范云","2","0","2"
"前尚书令王亮颇","1","1","2"
"遣中书舍人吕文","1","1","2"
"中书舍人吕文显","1","1","2"
"长子太子中庶子","1","1","2"
"紫光禄大夫阮韬","1","1","2"
"刺史江夏王义恭","2","0","2"
"心腹左右陈世范","1","1","2"
"腹左右陈世范等","1","1","2"
"射声校尉阴玄智","1","1","2"
"鄱阳王府中兵参","1","1","2"
"阳王府中兵参军","1","1","2"
"永阳王府录事参","1","1","2"
"阳王府录事参军","1","1","2"
"随大都督吴明彻","1","1","2"
"都督东衡州刺史","1","1","2"
"桂等二十州兵讨","1","1","2"
"都督二十四州诸","1","1","2"
"督二十四州诸军","1","1","2"
"二十四州诸军事","1","1","2"
"时广州刺史临汝","1","1","2"
"广州刺史临汝侯","1","1","2"
"西衡州刺史衡阳","1","1","2"
"衡州刺史衡阳王","1","1","2"
"高州刺史戴智烈","1","1","2"
"清远太守曾孝远","1","1","2"
"爲镇军中兵参军","2","0","2"
"义熙十二年北伐","1","1","2"
"建武将军沈林子","1","1","2"
"宁朔将军朱超石","1","1","2"
"仲德率龙骧将军","1","1","2"
"德率龙骧将军朱","1","1","2"
"率龙骧将军朱牧","1","1","2"
"随徐州刺史薛安","1","1","2"
"州刺史薛安都入","1","1","2"
"刺史薛安都入魏","1","1","2"
"前豫州主簿夏侯","1","1","2"
"豫州主簿夏侯恭","1","1","2"
"州主簿夏侯恭叔","1","1","2"
"遣吏部尚书褚彦","1","1","2"
"庐陵王安东司马","1","1","2"
"中书舍人冯元嗣","1","1","2"
"书舍人冯元嗣监","1","1","2"
"舍人冯元嗣监军","1","1","2"
"太子右率李居士","1","1","2"
"制局监杨明泰等","1","1","2"
"局监杨明泰等十","1","1","2"
"彦节等列兵登东","1","1","2"
"节等列兵登东门","1","1","2"
"祖舅征西将军蔡","1","1","2"
"舅征西将军蔡兴","1","1","2"
"征西将军蔡兴宗","1","1","2"
"齐高帝太傅相国","1","1","2"
"高帝太傅相国主","1","1","2"
"帝太傅相国主簿","1","1","2"
"时南郡江陵县人","1","1","2"
"南郡江陵县人苟","1","1","2"
"郡江陵县人苟蒋","1","1","2"
"荆州刺史庐江王","1","1","2"
"累迁太子中庶子","2","0","2"
"常单身潜入敌境","1","1","2"
"宋武帝东征孙恩","1","1","2"
"司徒左长史王景","1","1","2"
"徒左长史王景文","1","1","2"
"寻阳王右军长史","1","1","2"
"遣建威将军沈怀","1","1","2"
"建威将军沈怀明","1","1","2"
"威将军沈怀明东","1","1","2"
"遣积射将军江方","1","1","2"
"积射将军江方兴","1","1","2"
"南台御史王道隆","1","1","2"
"太子詹事刘湛代","1","1","2"
"景仁便拂拭衣冠","1","1","2"
"华林园延贤堂召","1","1","2"
"徒竟陵王子良闻","2","0","2"
"太子中庶子王莹","1","1","2"
"使御史中丞袁昂","1","1","2"
"御史中丞袁昂奏","1","1","2"
"齐高帝太傅长史","1","1","2"
"庄严寺听僧达道","1","1","2"
"严寺听僧达道人","1","1","2"
"寺听僧达道人讲","1","1","2"
"家僮载米三千石","1","1","2"
"召右仆射王亮等","1","1","2"
"中书舍人裴长穆","1","1","2"
"书舍人裴长穆等","1","1","2"
"镇南湘东王长史","1","1","2"
"遣前舍人陆丘公","1","1","2"
"行台刘神茂攻破","1","1","2"
"台刘神茂攻破义","1","1","2"
"刘神茂攻破义兴","1","1","2"
"安北中兵参军沈","1","1","2"
"北中兵参军沈庆","1","1","2"
"护军将军萧思话","1","1","2"
"军将军萧思话留","1","1","2"
"将军萧思话留守","1","1","2"
"丞相司马竺超人","1","1","2"
"右将军王玄谟乘","1","1","2"
"吏部尚书王僧虔","1","1","2"
"征南大将军檀道","1","1","2"
"南大将军檀道济","1","1","2"
"司徒左西属王深","1","1","2"
"爲员外散骑侍郎","2","0","2"
"大将军记室参军","1","1","2"
"大将军府史仲承","1","1","2"
"将军府史仲承祖","1","1","2"
"征北将军衡阳王","1","1","2"
"仁威庐陵王记室","1","1","2"
"宋武帝豫章公世","1","1","2"
"武帝豫章公世子","1","1","2"
"尚书左丞荀赤松","1","1","2"
"遣中书舍人戴明","1","1","2"
"中书舍人戴明宝","1","1","2"
"书舍人戴明宝抱","1","1","2"
"使御史中丞庾徽","1","1","2"
"召御史中丞庾徽","1","1","2"
"辅国安北行参军","1","1","2"
"师伯受遗诏辅幼","2","0","2"
"伯受遗诏辅幼主","2","0","2"
"元嘉二十七年春","1","1","2"
"南津校尉郭祖深","1","1","2"
"时尚书左仆射王","1","1","2"
"武昌太守朱买臣","1","1","2"
"前西阳太守张牧","1","1","2"
"吴郡太守王昙生","1","1","2"
"左光禄大夫蔡兴","1","1","2"
"光禄大夫蔡兴宗","1","1","2"
"荆州刺史江夏王","1","1","2"
"义恭司徒太尉城","1","1","2"
"恭司徒太尉城局","1","1","2"
"司徒太尉城局参","1","1","2"
"徒太尉城局参军","1","1","2"
"后军外兵参军庞","1","1","2"
"军外兵参军庞季","1","1","2"
"外兵参军庞季明","1","1","2"
"薛安都等十三军","1","1","2"
"监雍梁南北秦四","1","1","2"
"雍梁南北秦四州","1","1","2"
"竟陵随二郡诸军","1","1","2"
"陵随二郡诸军事","1","1","2"
"遣左卫将军王玄","1","1","2"
"左卫将军王玄谟","1","1","2"
"平西记室参军夏","1","1","2"
"西记室参军夏侯","1","1","2"
"记室参军夏侯恭","1","1","2"
"室参军夏侯恭叔","1","1","2"
"参军夏侯恭叔上","1","1","2"
"军夏侯恭叔上书","1","1","2"
"始兴王前军长史","1","1","2"
"严道县铜山铸钱","1","1","2"
"信威临贺王长史","1","1","2"
"义恭大司马行参","1","1","2"
"恭大司马行参军","1","1","2"
"时荆州刺史朱修","1","1","2"
"太子步兵校尉沈","1","1","2"
"子步兵校尉沈庆","1","1","2"
"加都督豫州诸军","1","1","2"
"都督豫州诸军事","1","1","2"
"酉溪蛮王田头拟","1","1","2"
"溪蛮王田头拟杀","1","1","2"
"中兵参军虞欣祖","1","1","2"
"太官朝夕送祭奠","2","0","2"
"托中书侍郎刘绘","1","1","2"
"左卫殿中将军邯","1","1","2"
"卫殿中将军邯郸","1","1","2"
"殿中将军邯郸超","1","1","2"
"虎贲中郎将潘敞","1","1","2"
"大鸿胪持节监护","1","1","2"
"葬礼依晋安平王","2","0","2"
"中书舍人茹法亮","1","1","2"
"暨阳县陆主山下","1","1","2"
"朔将军高道庆乘","1","1","2"
"安成王车骑参军","1","1","2"
"遣辅国将军前军","1","1","2"
"辅国将军前军司","1","1","2"
"国将军前军司马","1","1","2"
"将军前军司马左","1","1","2"
"军前军司马左兴","1","1","2"
"前军司马左兴盛","1","1","2"
"尚书左仆射沈文","1","1","2"
"书左仆射沈文秀","1","1","2"
"城东吴泰家担水","1","1","2"
"移羊叔子堕泪碑","1","1","2"
"骁骑将军陈胤叔","1","1","2"
"中书舍人徐希秀","1","1","2"
"书舍人徐希秀断","1","1","2"
"舍人徐希秀断哭","1","1","2"
"人徐希秀断哭止","1","1","2"
"徐希秀断哭止客","1","1","2"
"桂阳王征北参军","1","1","2"
"尚书右丞劳彦远","1","1","2"
"西阳王左军长史","1","1","2"
"晋安王镇北司马","1","1","2"
"司徒左西曹掾顾","1","1","2"
"瓦官寺听云法师","1","1","2"
"官寺听云法师讲","1","1","2"
"注七百三十一条","1","1","2"
"注七百九十一条","1","1","2"
"一千七百三十二","1","1","2"
"千七百三十二条","1","1","2"
"州刺史薛安都反","1","1","2"
"青州刺史沈文秀","1","1","2"
"军主张灵庆等五","1","1","2"
"主张灵庆等五千","1","1","2"
"张灵庆等五千人","1","1","2"
"安成王抚军参军","1","1","2"
"东海太守垣崇祖","1","1","2"
"陆襄等参校异同","1","1","2"
"永平十六年五月","1","1","2"
"平十六年五月二","1","1","2"
"十六年五月二十","1","1","2"
"六年五月二十一","1","1","2"
"年五月二十一日","1","1","2"
"五月二十一日己","1","1","2"
"月二十一日己酉","1","1","2"
"古本第三十七卷","1","1","2"
"西将军崔慧景入","1","1","2"
"都督征讨水陆诸","1","1","2"
"督征讨水陆诸军","1","1","2"
"征讨水陆诸军事","1","1","2"
"射声校尉丘佗卿","1","1","2"
"长子正仁字公业","1","1","2"
"西江督护靳山顾","1","1","2"
"总督汉北征讨诸","1","1","2"
"督汉北征讨诸军","1","1","2"
"汉北征讨诸军事","1","1","2"
"前交州刺史王弈","1","1","2"
"王弈等上东三郡","1","1","2"
"司徒左长史王筠","1","1","2"
"雍州刺史张缵密","1","1","2"
"州刺史张缵密报","1","1","2"
"湘州益阳人任焕","1","1","2"
"州刺史封山侯正","2","0","2"
"刺史封山侯正表","2","0","2"
"遣前临江太守董","1","1","2"
"前临江太守董绍","1","1","2"
"临江太守董绍先","1","1","2"
"北兖州司马成钦","1","1","2"
"兖州司马成钦谋","1","1","2"
"新淦公大成等步","1","1","2"
"淦公大成等步骑","1","1","2"
"东扬州刺史大连","1","1","2"
"扬州刺史大连等","1","1","2"
"定州刺史田龙祖","1","1","2"
"旧主帅安陆人郝","1","1","2"
"主帅安陆人郝破","1","1","2"
"帅安陆人郝破敌","1","1","2"
"大宝元年六月辛","1","1","2"
"宝元年六月辛酉","1","1","2"
"梓潼二郡太守永","1","1","2"
"潼二郡太守永丰","1","1","2"
"二郡太守永丰侯","1","1","2"
"江州刺史王开业","1","1","2"
"州刺史王开业进","1","1","2"
"度支尚书乐奉业","1","1","2"
"游击将军樊猛率","1","1","2"
"太子圆照兄弟三","1","1","2"
"子圆照兄弟三人","1","1","2"
"州刺史陈知祖请","1","1","2"
"外甥韦欣庆勇力","1","1","2"
"甥韦欣庆勇力绝","1","1","2"
"韦欣庆勇力绝人","1","1","2"
"随太尉陈显达北","1","1","2"
"太尉陈显达北围","1","1","2"
"尉陈显达北围马","1","1","2"
"陈显达北围马圈","1","1","2"
"巴西太守朱士略","1","1","2"
"西太守朱士略开","1","1","2"
"荆州刺史萧遥欣","1","1","2"
"时梁州长史夏侯","1","1","2"
"梁州长史夏侯道","1","1","2"
"州长史夏侯道迁","1","1","2"
"提双剑左右奋击","1","1","2"
"帝问中书舍人朱","1","1","2"
"问中书舍人朱异","1","1","2"
"王茂率精兵先登","1","1","2"
"茂率精兵先登赤","1","1","2"
"率精兵先登赤鼻","1","1","2"
"精兵先登赤鼻逻","1","1","2"
"河东裴昭明相继","1","1","2"
"郡太守冯道根攻","1","1","2"
"太守冯道根攻魏","1","1","2"
"右军司马胡景略","1","1","2"
"征北将军曹景宗","1","1","2"
"景宗营前二十里","1","1","2"
"秦郡太守李文钊","1","1","2"
"郡太守李文钊等","1","1","2"
"北梁秦二州刺史","1","1","2"
"义州刺史文僧明","1","1","2"
"寿阳守将长孙承","1","1","2"
"阳守将长孙承业","1","1","2"
"令直阁将军李祖","1","1","2"
"直阁将军李祖怜","1","1","2"
"司徒左长史檀超","1","1","2"
"徒左长史檀超共","1","1","2"
"护军长史庾弘远","1","1","2"
"前益州刺史刘悛","1","1","2"
"梁州刺史阴智伯","1","1","2"
"临海太守沈昭略","1","1","2"
"永嘉太守庾昙隆","1","1","2"
"时吴兴太守袁昂","1","1","2"
"魏徐州刺史安丰","1","1","2"
"徐州刺史安丰王","1","1","2"
"临海王西中郎田","1","1","2"
"海王西中郎田曹","1","1","2"
"王西中郎田曹行","1","1","2"
"西中郎田曹行参","1","1","2"
"中郎田曹行参军","1","1","2"
"临川王后军谘议","1","1","2"
"步兵校尉伏曼容","1","1","2"
"谘禀卫将军丹阳","1","1","2"
"禀卫将军丹阳尹","1","1","2"
"卫将军丹阳尹王","1","1","2"
"将军丹阳尹王俭","1","1","2"
"尚书左丞蔡仲熊","1","1","2"
"尚书仆射沈约等","1","1","2"
"镇北谘议参军伏","1","1","2"
"镇军将军丹阳尹","1","1","2"
"军将军丹阳尹沈","1","1","2"
"将军丹阳尹沈约","1","1","2"
"礼仪注天监六年","2","0","2"
"仪注天监六年五","2","0","2"
"注天监六年五月","2","0","2"
"天监六年五月二","1","1","2"
"监六年五月二十","1","1","2"
"六年五月二十日","1","1","2"
"年五月二十日上","1","1","2"
"天监九年十月二","1","1","2"
"监九年十月二十","1","1","2"
"九年十月二十九","1","1","2"
"年十月二十九日","1","1","2"
"十月二十九日上","1","1","2"
"礼仪注天监十一","2","0","2"
"仪注天监十一年","2","0","2"
"注天监十一年十","2","0","2"
"一年十一月十七","1","1","2"
"年十一月十七日","1","1","2"
"十一月十七日上","1","1","2"
"五千六百九十三","1","1","2"
"千六百九十三条","1","1","2"
"一千一百七十六","1","1","2"
"千一百七十六卷","1","1","2"
"前后二集五十卷","1","1","2"
"佐史尚书左丞刘","1","1","2"
"史尚书左丞刘览","1","1","2"
"尚书左丞刘览等","1","1","2"
"州刺史鄱阳王范","2","0","2"
"前寿州司马徐思","1","1","2"
"寿州司马徐思玉","1","1","2"
"州司马徐思玉先","1","1","2"
"御史中丞刘孝仪","1","1","2"
"贞阳侯明爲梁嗣","2","0","2"
"中直兵参军曹子","1","1","2"
"直兵参军曹子郢","1","1","2"
"贞毅府谘议参军","1","1","2"
"先命南兖州刺史","1","1","2"
"命南兖州刺史侯","1","1","2"
"烧太极殿东西堂","2","0","2"
"城西江中腾跃升","1","1","2"
"西江中腾跃升天","1","1","2"
"加节盖羽仪鼓吹","1","1","2"
"先命豫州刺史侯","1","1","2"
"吏部尚书王通送","1","1","2"
"侃劝元帅贞阳侯","1","1","2"
"宣城王都督城内","1","1","2"
"城王都督城内诸","1","1","2"
"王都督城内诸军","1","1","2"
"仁州刺史湛海珍","1","1","2"
"州刺史湛海珍等","1","1","2"
"北徐州刺史荀伯","1","1","2"
"徐州刺史荀伯道","1","1","2"
"遣扬州道行台慕","1","1","2"
"扬州道行台慕容","1","1","2"
"州道行台慕容俨","1","1","2"
"道行台慕容俨率","1","1","2"
"遣安州刺史吴明","1","1","2"
"安州刺史吴明彻","1","1","2"
"巴陵太守任忠大","1","1","2"
"陵太守任忠大败","1","1","2"
"琳命左长史袁泌","1","1","2"
"御史中丞刘仲威","1","1","2"
"陈合州刺史裴景","1","1","2"
"合州刺史裴景晖","1","1","2"
"行台左丞卢潜率","1","1","2"
"台左丞卢潜率兵","1","1","2"
"军将军尉破胡等","1","1","2"
"陈将吴明彻进兵","1","1","2"
"将吴明彻进兵围","1","1","2"
"骠骑府仓曹参军","1","1","2"
"骑府仓曹参军朱","1","1","2"
"陈尚书仆射徐陵","1","1","2"
"尚书仆射徐陵求","1","1","2"
"开府主簿刘韶慧","1","1","2"
"府主簿刘韶慧等","1","1","2"
"扬州人茅智胜等","1","1","2"
"州人茅智胜等五","1","1","2"
"人茅智胜等五人","1","1","2"
"豫章内史钱法成","1","1","2"
"使太子舍人司马","1","1","2"
"太子舍人司马申","1","1","2"
"子舍人司马申急","1","1","2"
"舍人司马申急召","1","1","2"
"人司马申急召右","1","1","2"
"司马申急召右卫","1","1","2"
"马申急召右卫将","1","1","2"
"申急召右卫将军","1","1","2"
"急召右卫将军萧","1","1","2"
"召右卫将军萧摩","1","1","2"
"右卫将军萧摩诃","1","1","2"
"记室韦谅送鼓吹","1","1","2"
"悬瓠慰劳白水蛮","1","1","2"
"时新吴洞主余孝","1","1","2"
"新吴洞主余孝顷","1","1","2"
"严威将军周铁武","1","1","2"
"豫章内史熊昙朗","1","1","2"
"监军孙白象颇知","1","1","2"
"梁益州刺史鄱阳","1","1","2"
"益州刺史鄱阳王","1","1","2"
"史鄱阳王萧范命","1","1","2"
"轻车府中兵参军","1","1","2"
"随都督王僧辩讨","1","1","2"
"定州刺史章昭达","1","1","2"
"州刺史章昭达乘","1","1","2"
"都督五州诸军事","1","1","2"
"文帝进军吴兴讨","1","1","2"
"湘州刺史华皎阴","1","1","2"
"徐州总管梁士彦","1","1","2"
"招集晋熙等五郡","1","1","2"
"随王僧辩讨平侯","1","1","2"
"王僧辩讨平侯景","1","1","2"
"阳公府中兵参军","1","1","2"
"左卫将军任忠等","1","1","2"
"卫将军任忠等分","1","1","2"
"南豫州刺史樊毅","1","1","2"
"周安州总管元景","1","1","2"
"安州总管元景山","1","1","2"
"大将尉破胡等率","1","1","2"
"齐军大力十余人","1","1","2"
"军鲁广达陈兵白","1","1","2"
"鲁广达陈兵白土","1","1","2"
"广达陈兵白土冈","1","1","2"
"行军七总管杨牙","1","1","2"
"齐历阳王高景安","1","1","2"
"散骑常侍袁元友","1","1","2"
"骑常侍袁元友能","1","1","2"
"武陵王府参军事","1","1","2"
"南海王国左常侍","1","1","2"
"遣中书舍人司马","1","1","2"
"中书舍人司马申","1","1","2"
"中书舍人虞世基","1","1","2"
"书舍人虞世基索","1","1","2"
"使建威将军郑顺","1","1","2"
"功德尚书令袁粲","1","1","2"
"江州刺史曹景宗","1","1","2"
"上封事二十九条","1","1","2"
"江州刺史邵陵王","1","1","2"
"人何贞秀等一百","1","1","2"
"何贞秀等一百五","1","1","2"
"贞秀等一百五十","1","1","2"
"秀等一百五十四","1","1","2"
"等一百五十四人","1","1","2"
"年十二月二十一","1","1","2"
"二月二十一日下","1","1","2"
"月二十一日下诏","1","1","2"
"灵鞠献挽歌三首","1","1","2"
"江南地方数千里","1","1","2"
"中军将军临川王","1","1","2"
"列管暂鸣死灭族","1","1","2"
"豫章王大司马参","1","1","2"
"章王大司马参军","1","1","2"
"太子家令沈约撰","1","1","2"
"竟陵王司徒参军","1","1","2"
"乐游苑造水碓磨","1","1","2"
"西中郎晋安王记","1","1","2"
"中郎晋安王记室","1","1","2"
"江州刺史檀道济","1","1","2"
"二顷五十亩种秫","1","1","2"
"征虏抚军记室掾","1","1","2"
"齐高帝冠军府行","1","1","2"
"高帝冠军府行参","1","1","2"
"帝冠军府行参军","1","1","2"
"补东宫通事舍人","1","1","2"
"爲中书通事舍人","2","0","2"
"时中书舍人四人","1","1","2"
"欲求贵职依刀敕","1","1","2"
"东冶营兵俞灵韵","1","1","2"
"败水军都督高文","1","1","2"
"水军都督高文泰","1","1","2"
"司马消难狼子野","1","1","2"
"马消难狼子野心","1","1","2"
"伏波将军路博德","1","1","2"
"波将军路博德开","1","1","2"
"伏波将军马援开","1","1","2"
"晋成帝咸康三年","1","1","2"
"时交州刺史姜庄","1","1","2"
"交州刺史朱藩后","1","1","2"
"九真太守灌邃讨","1","1","2"
"交州刺史杜弘文","1","1","2"
"王高戍胜铠遣使","1","1","2"
"合浦大帅陈檀归","1","1","2"
"浦大帅陈檀归顺","1","1","2"
"宋文帝元嘉十一","1","1","2"
"文帝元嘉十一年","1","1","2"
"送天竺旃檀瑞像","1","1","2"
"汉桓帝延熹九年","1","1","2"
"吴时扶南王范旃","1","1","2"
"妾潘贵妃作钗钏","1","1","2"
"王迦叶伽罗诃黎","1","1","2"
"迦叶伽罗诃黎邪","1","1","2"
"增督平州诸军事","1","1","2"
"督营平二州诸军","1","1","2"
"营平二州诸军事","1","1","2"
"副谒者丁敬子等","1","1","2"
"宋武帝永初二年","1","1","2"
"倭洧等十三人平","1","1","2"
"洧等十三人平西","1","1","2"
"东征毛人五十五","1","1","2"
"征毛人五十五国","1","1","2"
"兄弟伯叔姑姊妹","1","1","2"
"河西王沮渠茂虔","1","1","2"
"都督秦州诸军事","1","1","2"
"白题国王姓支名","1","1","2"
"题国王姓支名史","1","1","2"
"国王姓支名史稽","1","1","2"
"王姓支名史稽毅","1","1","2"
"多牛马骆驼羊等","1","1","2"
"董督河南南北诸","1","1","2"
"督河南南北诸军","1","1","2"
"河南南北诸军事","1","1","2"
"五城王元庆等率","1","1","2"
"城王元庆等率兵","1","1","2"
"王元庆等率兵救","1","1","2"
"豫州司马徐思玉","1","1","2"
"州司马徐思玉夜","1","1","2"
"通直散骑常侍裴","1","1","2"
"中军大都督王贵","1","1","2"
"军大都督王贵显","1","1","2"
"大都督王贵显守","1","1","2"
"都督王贵显守寿","1","1","2"
"督王贵显守寿春","1","1","2"
"王贵显守寿春城","1","1","2"
"淮南太守文成侯","1","1","2"
"南津校尉江子一","1","1","2"
"扬州刺史宣城王","1","1","2"
"都督内外诸军事","1","1","2"
"轻车长史谢禧守","1","1","2"
"车长史谢禧守白","1","1","2"
"长史谢禧守白下","1","1","2"
"文德主帅前白马","1","1","2"
"德主帅前白马游","1","1","2"
"主帅前白马游军","1","1","2"
"前谯州刺史赵伯","1","1","2"
"谯州刺史赵伯超","1","1","2"
"武州刺史萧弄璋","1","1","2"
"步兵校尉尹思合","1","1","2"
"兵校尉尹思合等","1","1","2"
"校尉尹思合等马","1","1","2"
"尉尹思合等马步","1","1","2"
"太府卿韦黯守西","1","1","2"
"府卿韦黯守西土","1","1","2"
"卿韦黯守西土山","1","1","2"
"左卫将军柳津守","1","1","2"
"卫将军柳津守东","1","1","2"
"将军柳津守东土","1","1","2"
"军柳津守东土山","1","1","2"
"材官将军宋嶷降","1","1","2"
"官将军宋嶷降贼","1","1","2"
"引玄武湖水灌台","1","1","2"
"玄武湖水灌台城","1","1","2"
"州刺史湘东王绎","2","0","2"
"天门太守樊文皎","1","1","2"
"藏钱帛五十亿万","1","1","2"
"南兖州刺史南康","1","1","2"
"兖州刺史南康嗣","1","1","2"
"州刺史南康嗣王","1","1","2"
"前青冀二州刺史","1","1","2"
"青冀二州刺史湘","1","1","2"
"冀二州刺史湘潭","1","1","2"
"二州刺史湘潭侯","1","1","2"
"时荆州刺史湘东","1","1","2"
"前信州刺史桂阳","1","1","2"
"信州刺史桂阳王","1","1","2"
"中记室参军萧贲","1","1","2"
"尚书仆射王克等","1","1","2"
"尚书外兵郎鲍正","1","1","2"
"时东扬州刺史临","1","1","2"
"东扬州刺史临城","1","1","2"
"扬州刺史临城公","1","1","2"
"前制局监姬石珍","1","1","2"
"邵陵王记室伏知","1","1","2"
"陵王记室伏知命","1","1","2"
"王侯庶姓五等庙","1","1","2"
"文宣太后庙四周","1","1","2"
"宣太后庙四周柏","1","1","2"
"太后庙四周柏树","1","1","2"
"都官尚书吕季略","1","1","2"
"前太子舍人羊鲲","1","1","2"
"太子舍人羊鲲杀","1","1","2"
"辛未年十一月十","1","1","2"
"未年十一月十九","1","1","2"
"年十一月十九日","1","1","2"
"十一月十九日篡","1","1","2"
"一月十九日篡位","1","1","2"
"壬申年三月十九","1","1","2"
"申年三月十九日","1","1","2"
"年三月十九日败","1","1","2"
"谘议参军李季长","1","1","2"
"前尚书左丞虞骘","1","1","2"
"豫章太守周敷本","1","1","2"
"江州刺史吴明彻","1","1","2"
"豫章太守周敷讨","1","1","2"
"临川太守骆文牙","1","1","2"
"晋安太守宾化侯","1","1","2"
"安太守宾化侯萧","1","1","2"
"太守宾化侯萧云","1","1","2"
"扶风太守沈田子","1","1","2"
"孔公一月二十九","1","1","2"
"齐中兴元年九月","1","1","2"
"中兴元年九月生","1","1","2"
"命平北将军胡僧","1","1","2"
"二十九年改封湘","1","1","2"
"十九年改封湘东","1","1","2"
"九年改封湘东王","1","1","2"
"征北将军张永屯","1","1","2"
"鳞身甲体永兴福","1","1","2"
"上参南斗第一星","1","1","2"
"凤鸟戢翼朔旦鸣","1","1","2"
"抚军大将军始安","1","1","2"
"军大将军始安王","1","1","2"
"五兵尚书崔慧景","1","1","2"
"征南将军陈显达","1","1","2"
"南将军陈显达相","1","1","2"
"将军陈显达相续","1","1","2"
"军陈显达相续援","1","1","2"
"军主朱僧勇归降","1","1","2"
"吴郡太守蔡夤弃","1","1","2"
"郡太守蔡夤弃郡","1","1","2"
"齐帝追赠梁公夫","1","1","2"
"帝追赠梁公夫人","1","1","2"
"前益州刺史刘季","1","1","2"
"侍中中书令蔡征","1","1","2"
"晋陵长公主伯姒","1","1","2"
"建安长公主伯媛","1","1","2"
"大将军录事参军","1","1","2"
"将军录事参军刘","1","1","2"
"军录事参军刘敬","1","1","2"
"录事参军刘敬文","1","1","2"
"吴兴太守王昙生","1","1","2"
"义兴太守刘延熙","1","1","2"
"晋陵太守袁标一","1","1","2"
"吏部尚书王景文","1","1","2"
"晋熙王冠军长史","1","1","2"
"天监元年十一月","1","1","2"
"攻陷南阳等五郡","1","1","2"
"旧学士右军记室","1","1","2"
"学士右军记室参","1","1","2"
"士右军记室参军","1","1","2"
"右军记室参军明","1","1","2"
"军记室参军明山","1","1","2"
"记室参军明山宾","1","1","2"
"室参军明山宾掌","1","1","2"
"中军骑兵参军严","1","1","2"
"军骑兵参军严植","1","1","2"
"征虏记室参军陆","1","1","2"
"虏记室参军陆琏","1","1","2"
"记室参军陆琏掌","1","1","2"
"右军参军事司马","1","1","2"
"平南建安王二府","1","1","2"
"南建安王二府谘","1","1","2"
"建安王二府谘议","1","1","2"
"安王二府谘议参","1","1","2"
"王二府谘议参军","1","1","2"
"衡阳王府法曹参","1","1","2"
"阳王府法曹参军","1","1","2"
"乐夫天命复奚疑","1","1","2"
"太子旅贲中郎将","1","1","2"
"竟陵王司徒中兵","1","1","2"
"陵王司徒中兵参","1","1","2"
"王司徒中兵参军","1","1","2"
"功曹区连杀县令","1","1","2"
"大月支东南数千","1","1","2"
"月支东南数千里","1","1","2"
"晋安帝义熙九年","1","1","2"
"都督营州诸军事","1","1","2"
"加罗秦韩慕韩七","1","1","2"
"罗秦韩慕韩七国","1","1","2"
"秦韩慕韩七国诸","1","1","2"
"韩慕韩七国诸军","1","1","2"
"慕韩七国诸军事","1","1","2"
"南陵太守陈文彻","1","1","2"
"宣猛将军李孝钦","1","1","2"
"猛将军李孝钦等","1","1","2"
"太极殿前作虎视","1","1","2"
"人们都不知道他","0","2","2"
"因此对他非常称","0","2","2"
"此对他非常称赞","0","2","2"
"他就是这样地受","0","2","2"
"遭到了生母的丧","0","2","2"
"到了生母的丧事","0","2","2"
"当时的人们把这","0","2","2"
"是这样地受到亲","0","2","2"
"采纳了他的意见","0","2","2"
"他从宗族的名册","0","2","2"
"从宗族的名册中","0","2","2"
"当时尚书令何敬","0","2","2"
"武帝让有关官员","0","2","2"
"不久他母亲去世","0","2","2"
"人们都说这是他","0","2","2"
"们都说这是他的","0","2","2"
"高祖武皇帝名叫","0","2","2"
"穿着青色的衣服","0","2","2"
"恐怕就是您了吧","0","2","2"
"桓玄攻克了建邺","0","2","2"
"诏令晋升武帝为","0","2","2"
"匡复晋朝的功勋","0","2","2"
"询问其中的缘故","0","2","2"
"街市上将他斩首","0","2","2"
"帝登上石头城远","0","2","2"
"登上石头城远望","0","2","2"
"荆州刺史刘道轨","0","2","2"
"监管太尉留府事","0","2","2"
"管太尉留府事务","0","2","2"
"人头传送到建邺","0","2","2"
"司马休之的儿子","0","2","2"
"马休之的儿子司","0","2","2"
"休之的儿子司马","0","2","2"
"之的儿子司马文","0","2","2"
"中军将军刘道怜","0","2","2"
"剑穿履朝见皇帝","0","2","2"
"增加班剑为四十","0","2","2"
"加班剑为四十人","0","2","2"
"追赠武帝的祖父","0","2","2"
"赠武帝的祖父为","0","2","2"
"水军从黄河进入","0","2","2"
"军从黄河进入渭","0","2","2"
"从黄河进入渭河","0","2","2"
"阳公刘义真为雍","0","2","2"
"公刘义真为雍州","0","2","2"
"刘义真为雍州刺","0","2","2"
"义真为雍州刺史","0","2","2"
"年正月二十六日","0","2","2"
"下令赦免国内死","0","2","2"
"令赦免国内死刑","0","2","2"
"赦免国内死刑以","0","2","2"
"免国内死刑以下","0","2","2"
"国内死刑以下的","0","2","2"
"内死刑以下的罪","0","2","2"
"死刑以下的罪犯","0","2","2"
"征武帝入朝辅政","0","2","2"
"帝命令武帝的冕","0","2","2"
"命令武帝的冕冠","0","2","2"
"的冕冠可以有十","0","2","2"
"冕冠可以有十二","0","2","2"
"冠可以有十二个","0","2","2"
"可以有十二个玉","0","2","2"
"以有十二个玉串","0","2","2"
"和旧时的规制一","0","2","2"
"旧时的规制一样","0","2","2"
"孝武帝大明年间","0","2","2"
"帝在太极前殿即","0","2","2"
"在太极前殿即位","0","2","2"
"尊皇后为皇太后","0","2","2"
"秋季的七月初六","0","2","2"
"魏国人前来聘问","0","2","2"
"冬季的十二月初","0","2","2"
"州刺史桂阳王刘","0","2","2"
"刺史桂阳王刘休","0","2","2"
"史桂阳王刘休范","0","2","2"
"车骑典签茅恬打","0","2","2"
"骑典签茅恬打开","0","2","2"
"大门把贼军放入","0","2","2"
"州刺史建平王刘","0","2","2"
"刺史建平王刘景","0","2","2"
"史建平王刘景素","0","2","2"
"冬季的十一月十","0","2","2"
"晋升称号为车骑","0","2","2"
"年夏季的四月二","0","2","2"
"直阁将军王敬则","0","2","2"
"寻阳王刘子房和","0","2","2"
"州刺史晋安王刘","0","2","2"
"刺史晋安王刘子","0","2","2"
"史晋安王刘子勋","0","2","2"
"任命为桂阳王征","0","2","2"
"命为桂阳王征北","0","2","2"
"宁朔将军高道庆","0","2","2"
"高帝住在领军府","0","2","2"
"太后哥哥的儿子","0","2","2"
"遭到母亲的丧事","0","2","2"
"袁粲声称有病不","0","2","2"
"粲声称有病不见","0","2","2"
"丹阳丞王逊宣告","0","2","2"
"阳丞王逊宣告叛","0","2","2"
"丞王逊宣告叛变","0","2","2"
"刘彦节的堂弟领","0","2","2"
"彦节的堂弟领军","0","2","2"
"和直阁将军卜伯","0","2","2"
"阁将军卜伯兴等","0","2","2"
"重申前次的命令","0","2","2"
"元年夏季的四月","0","2","2"
"季的四月二十三","0","2","2"
"的四月二十三日","0","2","2"
"皇帝在南郊即位","0","2","2"
"寡孤独不能自己","0","2","2"
"南国派遣使者前","0","2","2"
"秋季的七月初七","0","2","2"
"司空褚彦回为司","0","2","2"
"空褚彦回为司徒","0","2","2"
"任命尚书右仆射","0","2","2"
"命尚书右仆射王","0","2","2"
"夏季的四月初一","0","2","2"
"高丽国派遣使者","0","2","2"
"丽国派遣使者前","0","2","2"
"时就有宏大的器","0","2","2"
"就有宏大的器量","0","2","2"
"喜怒不表现在脸","0","2","2"
"怒不表现在脸上","0","2","2"
"怀着忧虑和恐惧","0","2","2"
"褚彦回为录尚书","0","2","2"
"彦回为录尚书事","0","2","2"
"车骑将军张敬儿","0","2","2"
"天进宫哭吊一次","0","2","2"
"竟陵王萧子良兼","0","2","2"
"陵王萧子良兼任","0","2","2"
"太傅竟陵王萧子","0","2","2"
"傅竟陵王萧子良","0","2","2"
"将军西昌侯萧鸾","0","2","2"
"军西昌侯萧鸾依","0","2","2"
"西昌侯萧鸾依凭","0","2","2"
"昌侯萧鸾依凭本","0","2","2"
"庐陵王萧子卿为","0","2","2"
"那些失意的小人","0","2","2"
"直阁将军曹道刚","0","2","2"
"将军晋安王萧宝","0","2","2"
"军晋安王萧宝义","0","2","2"
"州刺史始安王萧","0","2","2"
"诏令因特殊情况","0","2","2"
"冬季的十月二十","0","2","2"
"因特殊情况而赦","0","2","2"
"殊情况而赦免京","0","2","2"
"情况而赦免京城","0","2","2"
"况而赦免京城以","0","2","2"
"而赦免京城以及","0","2","2"
"赦免京城以及南","0","2","2"
"免京城以及南徐","0","2","2"
"在江陵即皇帝位","0","2","2"
"新任命的雍州刺","0","2","2"
"任命的雍州刺史","0","2","2"
"始安王萧遥光被","0","2","2"
"安王萧遥光被处","0","2","2"
"王萧遥光被处死","0","2","2"
"当时的人们把他","0","2","2"
"竟陵王萧子良开","0","2","2"
"因为父亲去世而","0","2","2"
"为父亲去世而离","0","2","2"
"立萧子良为皇帝","0","2","2"
"派遣左卫将军王","0","2","2"
"帝亲自率领大军","0","2","2"
"武帝对张弘策说","0","2","2"
"武帝对咨议参军","0","2","2"
"秉承皇帝意旨的","0","2","2"
"老不能自己生活","0","2","2"
"晋升封号为车骑","0","2","2"
"升封号为车骑大","0","2","2"
"封号为车骑大将","0","2","2"
"升封号为征东大","0","2","2"
"江州刺史陈伯之","0","2","2"
"季的十一月初五","0","2","2"
"天下做父亲较晚","0","2","2"
"下做父亲较晚的","0","2","2"
"父亲较晚的人爵","0","2","2"
"亲较晚的人爵位","0","2","2"
"较晚的人爵位一","0","2","2"
"武帝的第三个儿","0","2","2"
"帝的第三个儿子","0","2","2"
"宣城王萧大器为","0","2","2"
"司空南康王萧会","0","2","2"
"空南康王萧会理","0","2","2"
"湘东王萧绎派遣","0","2","2"
"晋升职位为相国","0","2","2"
"时年龄四十九岁","0","2","2"
"一起流行在世上","0","2","2"
"到南康王萧会理","0","2","2"
"便把这事告诉了","0","2","2"
"等写信请求元帝","0","2","2"
"州刺史岳阳王萧","0","2","2"
"刺史岳阳王萧鮞","0","2","2"
"后来简文帝即位","0","2","2"
"州刺史南平王萧","0","2","2"
"刺史南平王萧恪","0","2","2"
"僧辩为征东将军","0","2","2"
"贼军将领宋子仙","0","2","2"
"军将领宋子仙等","0","2","2"
"上呈奏表劝即帝","0","2","2"
"呈奏表劝即帝位","0","2","2"
"护军将军陆法和","0","2","2"
"皇帝的车驾出行","0","2","2"
"长孙俭便把元帝","0","2","2"
"设置儒林参军一","0","2","2"
"果然和他说的一","0","2","2"
"然和他说的一样","0","2","2"
"是始兴昭烈王的","0","2","2"
"秘密地在袖子里","0","2","2"
"密地在袖子里藏","0","2","2"
"地在袖子里藏了","0","2","2"
"在袖子里藏了一","0","2","2"
"少年的时候性格","0","2","2"
"逐步升迁为中书","0","2","2"
"步升迁为中书侍","0","2","2"
"升迁为中书侍郎","0","2","2"
"魏朝平灭了江陵","0","2","2"
"认为他十分奇特","0","2","2"
"晋升职位为太傅","0","2","2"
"黜废帝为临海王","0","2","2"
"春季的正月初四","0","2","2"
"年十一月二十日","0","2","2"
"逐步升迁为侍中","0","2","2"
"在位的文武官员","0","2","2"
"州刺史长沙王陈","0","2","2"
"刺史长沙王陈叔","0","2","2"
"史长沙王陈叔坚","0","2","2"
"沙王陈叔坚为司","0","2","2"
"王陈叔坚为司空","0","2","2"
"州刺史豫章王陈","0","2","2"
"刺史豫章王陈叔","0","2","2"
"史豫章王陈叔英","0","2","2"
"上加封开府仪同","0","2","2"
"豫章王陈叔英为","0","2","2"
"季的十一月初三","0","2","2"
"号加封开府仪同","0","2","2"
"派遣使者前往吊","0","2","2"
"遣使者前往吊祭","0","2","2"
"从晚上直到早晨","0","2","2"
"贺若弼进军钟山","0","2","2"
"竟然到了这种地","0","2","2"
"然到了这种地步","0","2","2"
"是汉光武帝设置","0","2","2"
"汉光武帝设置的","0","2","2"
"是魏明帝设置的","0","2","2"
"是晋武帝设置的","0","2","2"
"起初封为宜都王","0","2","2"
"关部门奏请给她","0","2","2"
"有关部门上奏说","0","2","2"
"活着的时候一样","0","2","2"
"建康县令沈徽孚","0","2","2"
"经有关部门奏请","0","2","2"
"把他们全部杀掉","0","2","2"
"袁粲镇守石头城","0","2","2"
"当时的人们因此","0","2","2"
"忌讳自己的名字","0","2","2"
"殷景仁被皇帝所","0","2","2"
"江夏王刘义恭为","0","2","2"
"对江夏王刘义恭","0","2","2"
"还没来得及回答","0","2","2"
"南谯王刘义宣为","0","2","2"
"儿子刘伟之为皇","0","2","2"
"子刘伟之为皇太","0","2","2"
"刘伟之为皇太子","0","2","2"
"帝的第十二个儿","0","2","2"
"的第十二个儿子","0","2","2"
"前废帝景和元年","0","2","2"
"帝问是什么缘故","0","2","2"
"请求解除自己的","0","2","2"
"求解除自己的职","0","2","2"
"解除自己的职务","0","2","2"
"增加仪仗为三十","0","2","2"
"加仪仗为三十人","0","2","2"
"辞去扬州的职务","0","2","2"
"他为南徐州刺史","0","2","2"
"武帝攻克了京城","0","2","2"
"武帝听从了他的","0","2","2"
"可以带卫士五十","0","2","2"
"以带卫士五十人","0","2","2"
"武帝接受了禅让","0","2","2"
"少年时成为孤儿","0","2","2"
"徐羡之等人谋划","0","2","2"
"羡之等人谋划废","0","2","2"
"之等人谋划废立","0","2","2"
"等人谋划废立皇","0","2","2"
"人谋划废立皇帝","0","2","2"
"此对他十分佩服","0","2","2"
"配给他乐队一部","0","2","2"
"这不是一个平常","0","2","2"
"不是一个平常的","0","2","2"
"等武帝接受天命","0","2","2"
"武帝接受天命登","0","2","2"
"跟随征讨司马休","0","2","2"
"随征讨司马休之","0","2","2"
"继承了他的爵位","0","2","2"
"交州刺史檀和之","0","2","2"
"临川王刘义庆的","0","2","2"
"为江夏王刘义恭","0","2","2"
"于是就任命他为","0","2","2"
"给了彭城王刘义","0","2","2"
"了彭城王刘义康","0","2","2"
"他哥哥的儿子谢","0","2","2"
"为员外散骑侍郎","0","2","2"
"认为自己的才能","0","2","2"
"司徒徐羡之等人","0","2","2"
"把他调出京城去","0","2","2"
"来寄托自己的心","0","2","2"
"寄托自己的心意","0","2","2"
"杀了徐羡之等人","0","2","2"
"司空竟陵王刘诞","0","2","2"
"山的时候就去掉","0","2","2"
"的时候就去掉它","0","2","2"
"时候就去掉它的","0","2","2"
"同族兄弟的儿子","0","2","2"
"他担任黄门侍郎","0","2","2"
"调任尚书吏部郎","0","2","2"
"把他比作汉代的","0","2","2"
"他就是如此地受","0","2","2"
"就是如此地受到","0","2","2"
"武帝在一次宴会","0","2","2"
"帝在一次宴会上","0","2","2"
"大司马江夏王刘","0","2","2"
"司马江夏王刘义","0","2","2"
"马江夏王刘义恭","0","2","2"
"起用为都官尚书","0","2","2"
"御史中丞王准之","0","2","2"
"要求解除自己的","0","2","2"
"求解除自己的扬","0","2","2"
"解除自己的扬州","0","2","2"
"增加仪仗为六十","0","2","2"
"加仪仗为六十人","0","2","2"
"孝武帝从寻阳发","0","2","2"
"武帝从寻阳发兵","0","2","2"
"知道了他的意思","0","2","2"
"竟陵王萧子良在","0","2","2"
"命令左右的人把","0","2","2"
"独断专行滥用权","0","2","2"
"断专行滥用权力","0","2","2"
"当时人们认为是","0","2","2"
"担任文帝的镇西","0","2","2"
"王昙首坚持请求","0","2","2"
"官为尚书殿中郎","0","2","2"
"因为给母亲服丧","0","2","2"
"做宋武帝的太尉","0","2","2"
"宋朝做官担任太","0","2","2"
"齐朝的竟陵王萧","0","2","2"
"朝的竟陵王萧子","0","2","2"
"的竟陵王萧子良","0","2","2"
"逐步升迁为吏部","0","2","2"
"步升迁为吏部尚","0","2","2"
"后来担任尚书左","0","2","2"
"来担任尚书左仆","0","2","2"
"派国子博士范云","0","2","2"
"女儿为贞烈将军","0","2","2"
"王晏的父亲王普","0","2","2"
"晏的父亲王普曜","0","2","2"
"有人问他是什么","0","2","2"
"人问他是什么缘","0","2","2"
"问他是什么缘故","0","2","2"
"在齐朝做官担任","0","2","2"
"担任豫章王萧嶷","0","2","2"
"任豫章王萧嶷的","0","2","2"
"刺史江夏王刘义","0","2","2"
"史江夏王刘义恭","0","2","2"
"当时尚书令王俭","0","2","2"
"明帝更加猜忌和","0","2","2"
"王晏的儿子王德","0","2","2"
"晏的儿子王德元","0","2","2"
"为镇军中兵参军","0","2","2"
"承袭了他的爵位","0","2","2"
"齐高帝镇守淮阴","0","2","2"
"任命他为直阁将","0","2","2"
"命他为直阁将军","0","2","2"
"升迁为尚书吏部","0","2","2"
"迁为尚书吏部郎","0","2","2"
"赠给仪仗二十人","0","2","2"
"卫士五十人入殿","0","2","2"
"在齐国做官担任","0","2","2"
"升迁为太子中庶","0","2","2"
"迁为太子中庶子","0","2","2"
"逐步升迁为司徒","0","2","2"
"逐渐升迁为吴郡","0","2","2"
"渐升迁为吴郡太","0","2","2"
"升迁为吴郡太守","0","2","2"
"他为开府仪同三","0","2","2"
"担任尚书吏部郎","0","2","2"
"无不对他又怕又","0","2","2"
"不对他又怕又恨","0","2","2"
"孔觊的弟弟孔道","0","2","2"
"觊的弟弟孔道存","0","2","2"
"主管会稽郡事务","0","2","2"
"任命为驸马都尉","0","2","2"
"流着眼泪坚持请","0","2","2"
"着眼泪坚持请求","0","2","2"
"认为不可以这样","0","2","2"
"任命为录尚书事","0","2","2"
"通直散骑常侍出","0","2","2"
"直散骑常侍出使","0","2","2"
"自己的俸禄而已","0","2","2"
"听从了他的意见","0","2","2"
"征调为吏部尚书","0","2","2"
"于是悲痛得不能","0","2","2"
"是悲痛得不能自","0","2","2"
"悲痛得不能自制","0","2","2"
"后来担任都官尚","0","2","2"
"来担任都官尚书","0","2","2"
"有人把这话告诉","0","2","2"
"武帝爱惜他的才","0","2","2"
"帝爱惜他的才能","0","2","2"
"少年的时候就很","0","2","2"
"年的时候就很有","0","2","2"
"最初做官是担任","0","2","2"
"自己上表请求解","0","2","2"
"张融的父亲张畅","0","2","2"
"没有二王的法度","0","2","2"
"他背土堆成坟墓","0","2","2"
"没有人能够相比","0","2","2"
"到父亲的丧事离","0","2","2"
"任长沙王刘义欣","0","2","2"
"麝香本来多有忌","0","2","2"
"香本来多有忌讳","0","2","2"
"古今的文人大多","0","2","2"
"有礼教而无时机","0","2","2"
"在当时权力很大","0","2","2"
"兼任尚书水部郎","0","2","2"
"任命他为金紫光","0","2","2"
"命他为金紫光禄","0","2","2"
"江夏王刘义恭的","0","2","2"
"遇到了父亲的丧","0","2","2"
"到了父亲的丧事","0","2","2"
"御史中丞庾徽之","0","2","2"
"接受遗诏辅助幼","0","2","2"
"受遗诏辅助幼主","0","2","2"
"他与太宰江夏王","0","2","2"
"与太宰江夏王刘","0","2","2"
"年龄已经一百多","0","2","2"
"龄已经一百多岁","0","2","2"
"没有人能超过他","0","2","2"
"羊玄保善于下棋","0","2","2"
"朝做官担任尚书","0","2","2"
"柳元景少年时期","0","2","2"
"晋朝太傅谢安的","0","2","2"
"武帝从寻阳回来","0","2","2"
"当时武帝在东宫","0","2","2"
"兼任南济阴太守","0","2","2"
"杀死了沈攸之的","0","2","2"
"府中的文武官员","0","2","2"
"给竟陵王萧子良","0","2","2"
"萧嶷的妃子庾氏","0","2","2"
"太官一天到晚送","0","2","2"
"官一天到晚送祭","0","2","2"
"一天到晚送祭奠","0","2","2"
"天到晚送祭奠物","0","2","2"
"到晚送祭奠物品","0","2","2"
"诏令存放在秘阁","0","2","2"
"曾经从容地对他","0","2","2"
"经从容地对他说","0","2","2"
"来表达自己的志","0","2","2"
"表达自己的志向","0","2","2"
"被任命为散骑常","0","2","2"
"葬礼依照晋朝安","0","2","2"
"礼依照晋朝安平","0","2","2"
"依照晋朝安平王","0","2","2"
"照晋朝安平王的","0","2","2"
"如果得了暨阳县","0","2","2"
"把他们全部杀死","0","2","2"
"的时候也是这样","0","2","2"
"被有关部门上奏","0","2","2"
"是从根本上弄懂","0","2","2"
"从根本上弄懂了","0","2","2"
"不是由思考得来","0","2","2"
"兼东宫通事舍人","0","2","2"
"风云兴起而蛟龙","0","2","2"
"云兴起而蛟龙腾","0","2","2"
"兴起而蛟龙腾跃","0","2","2"
"结果变成了侯王","0","2","2"
"立萧正德为皇帝","0","2","2"
"陈霸先杀了王僧","0","2","2"
"霸先杀了王僧辩","0","2","2"
"临川靖惠王萧宏","0","2","2"
"开府同三司之仪","0","2","2"
"起初童谣中有正","0","2","2"
"初童谣中有正平","0","2","2"
"此年号以应童谣","0","2","2"
"加封为开府仪同","0","2","2"
"改为南豫州刺史","0","2","2"
"侯景在涡阳战败","0","2","2"
"武帝派中书舍人","0","2","2"
"来表达自己的心","0","2","2"
"表达自己的心情","0","2","2"
"州刺史封山侯萧","0","2","2"
"刺史封山侯萧正","0","2","2"
"史封山侯萧正表","0","2","2"
"又恢复了他的封","0","2","2"
"恢复了他的封爵","0","2","2"
"他写了一封信给","0","2","2"
"对所亲近的人说","0","2","2"
"问他是什么原因","0","2","2"
"东昏侯大将李居","0","2","2"
"昏侯大将李居士","0","2","2"
"魏中山王元英进","0","2","2"
"中山王元英进攻","0","2","2"
"徐州刺史昌义之","0","2","2"
"对他的亲近人说","0","2","2"
"我的大事成功了","0","2","2"
"分送给亲朋故友","0","2","2"
"宋朝建平王刘景","0","2","2"
"朝建平王刘景素","0","2","2"
"被举为南徐州秀","0","2","2"
"举为南徐州秀才","0","2","2"
"他为尚书驾部郎","0","2","2"
"王俭每次见到他","0","2","2"
"又改任吏部尚书","0","2","2"
"时人都佩服他的","0","2","2"
"严植之掌管凶礼","0","2","2"
"中书侍郎周扌舍","0","2","2"
"于天监六年五月","0","2","2"
"在天监十一年十","0","2","2"
"分出一部分赡养","0","2","2"
"书仆射谢举等人","0","2","2"
"下诏任命吴明彻","0","2","2"
"诏任命吴明彻为","0","2","2"
"了太极殿和东西","0","2","2"
"太极殿和东西堂","0","2","2"
"吴兴太守裴之横","0","2","2"
"的贞阳侯萧渊明","0","2","2"
"和他儿子王危页","0","2","2"
"陈武帝镇守京口","0","2","2"
"又任命他为都督","0","2","2"
"每到要打胜仗时","0","2","2"
"把他们抓起来送","0","2","2"
"他们抓起来送交","0","2","2"
"终于活捉了李迁","0","2","2"
"于活捉了李迁仕","0","2","2"
"配祭于陈武帝的","0","2","2"
"得到二千两银子","0","2","2"
"文育和杜僧明为","0","2","2"
"令周文育总督众","0","2","2"
"周文育总督众军","0","2","2"
"侯瑱的妻子和弟","0","2","2"
"瑱的妻子和弟弟","0","2","2"
"王僧辩讨伐侯景","0","2","2"
"朝廷诏令吴明彻","0","2","2"
"廷诏令吴明彻任","0","2","2"
"授鲁悉达为北江","0","2","2"
"鲁悉达为北江州","0","2","2"
"悉达为北江州刺","0","2","2"
"达为北江州刺史","0","2","2"
"后主拿出许多金","0","2","2"
"任东宫通事舍人","0","2","2"
"封他为员外散骑","0","2","2"
"按自己的意志行","0","2","2"
"自己的意志行事","0","2","2"
"伏暅的父亲伏曼","0","2","2"
"暅的父亲伏曼容","0","2","2"
"孝子不在日代哭","0","2","2"
"转任竟陵王司徒","0","2","2"
"便高兴得忘了吃","0","2","2"
"高兴得忘了吃饭","0","2","2"
"衡阳王刘义季镇","0","2","2"
"阳王刘义季镇守","0","2","2"
"任中书通事舍人","0","2","2"
"只是徒有虚名而","0","2","2"
"是徒有虚名而已","0","2","2"
"宋孝武帝孝建二","0","2","2"
"孝武帝孝建二年","0","2","2"
"派使者进献地方","0","2","2"
"屡次派使者朝贡","0","2","2"
"跋摩派使臣朝贡","0","2","2"
"没有人知道他的","0","2","2"
"朝廷下诏封他为","0","2","2"
"廷下诏封他为安","0","2","2"
"上表进献地方物","0","2","2"
"表进献地方物产","0","2","2"
"中国所说的郡县","0","2","2"
"派使者来献地方","0","2","2"
"开始和江南交通","0","2","2"
"州刺史湘东王萧","0","2","2"
"刺史湘东王萧绎","0","2","2"
"借皇帝名义给自","0","2","2"
"皇帝名义给自己","0","2","2"
"帝名义给自己加","0","2","2"
"倭百济新罗任那","0","2","2"
