"N-gram","原文","翻译","Total"
"右佥都御史","164","158","322"
"右副都御史","123","123","246"
"兵部右侍郎","106","105","211"
"巡抚都御史","84","83","167"
"东阁大学士","82","82","164"
"礼部右侍郎","78","79","157"
"都指挥佥事","65","65","130"
"文渊阁大学","54","57","111"
"渊阁大学士","54","57","111"
"祀天地南郊","98","0","98"
"大祀天地南","88","0","88"
"卫指挥佥事","42","45","87"
"为太子太保","0","85","85"
"参与机要事","0","85","85"
"左副都御史","41","42","83"
"与机要事务","0","83","83"
"向朝廷献贡","0","81","81"
"加太子太保","75","5","80"
"锦衣卫指挥","31","49","80"
"都指挥同知","40","40","80"
"武英殿大学","36","38","74"
"英殿大学士","36","38","74"
"发生大水灾","0","74","74"
"为礼部尚书","0","74","74"
"大将军徐达","21","50","71"
"吏部左侍郎","32","39","71"
"充任总兵官","0","69","69"
"为右佥都御","0","67","67"
"为都督佥事","0","66","66"
"刑部右侍郎","33","30","63"
"洪武二十六","24","38","62"
"武二十六年","24","38","62"
"吏部右侍郎","29","32","61"
"工部右侍郎","30","31","61"
"户部右侍郎","29","28","57"
"兵部尚书王","27","30","57"
"第二年正月","0","57","57"
"月二十四日","6","50","56"
"等进士及第","0","56","56"
"赠太子太保","40","15","55"
"万历十一年","23","32","55"
"为兵部尚书","0","55","55"
"南京兵部尚","26","28","54"
"京兵部尚书","26","28","54"
"兼东阁大学","0","54","54"
"都御史巡抚","41","12","53"
"擢右佥都御","51","0","51"
"为右副都御","0","51","51"
"大祭天地于","0","51","51"
"左佥都御史","25","25","50"
"加太子少保","49","1","50"
"加封为太子","0","50","50"
"第二年二月","0","48","48"
"为太子少保","0","48","48"
"为都督同知","0","47","47"
"第二年春天","0","46","46"
"十四年正月","18","27","45"
"南京吏部尚","21","24","45"
"京吏部尚书","21","24","45"
"为兵部右侍","0","45","45"
"礼部尚书兼","0","45","45"
"为右都御史","0","45","45"
"礼部左侍郎","20","24","44"
"南京礼部尚","22","22","44"
"京礼部尚书","22","22","44"
"月二十五日","1","43","44"
"升为都指挥","0","44","44"
"京户部尚书","20","23","43"
"月二十六日","3","40","43"
"月二十三日","1","42","43"
"科都给事中","0","43","43"
"乌斯藏入贡","42","0","42"
"月二十二日","1","41","42"
"臣修身反省","0","42","42"
"十一年进士","27","14","41"
"南京户部尚","20","21","41"
"洪武十五年","16","25","41"
"吏部尚书王","21","20","41"
"十一年正月","15","26","41"
"兵部左侍郎","18","23","41"
"月二十八日","5","36","41"
"月二十一日","1","40","41"
"十三年四月","20","20","40"
"十二年正月","13","26","39"
"尚书东阁大","38","1","39"
"书东阁大学","38","1","39"
"万历二十年","8","31","39"
"封为太子太","0","39","39"
"群臣修身反","0","39","39"
"极殿大学士","19","19","38"
"十三年五月","19","19","38"
"三年春正月","30","8","38"
"部尚书东阁","37","1","38"
"十三年正月","15","23","38"
"十二月二十","2","36","38"
"仁宗即位后","0","38","38"
"刑部员外郎","18","19","37"
"都指挥使司","18","19","37"
"皇帝同意了","0","37","37"
"了他的意见","0","37","37"
"京城发生地","0","37","37"
"城发生地震","0","37","37"
"都督府佥事","18","18","36"
"二年春正月","31","5","36"
"兵部尚书张","17","19","36"
"总河都御史","18","18","36"
"向朝廷进献","0","36","36"
"部右侍郎兼","0","36","36"
"使者向朝廷","0","36","36"
"十八年进士","23","12","35"
"国子监祭酒","8","27","35"
"十五年二月","16","19","35"
"一千五百石","6","29","35"
"升为都督佥","0","35","35"
"万历十四年","12","22","34"
"总兵官一人","17","17","34"
"大同总兵官","17","17","34"
"十一年五月","17","17","34"
"大学士申时","17","17","34"
"学士申时行","17","17","34"
"署都督佥事","28","6","34"
"大学士张居","16","18","34"
"学士张居正","16","18","34"
"的守卫大臣","0","34","34"
"为礼部右侍","0","34","34"
"洪武十四年","13","20","33"
"赠太子少保","25","8","33"
"卫指挥同知","17","16","33"
"十一年四月","16","17","33"
"军都督佥事","17","16","33"
"尚书兼东阁","0","33","33"
"书兼东阁大","0","33","33"
"卫指挥使司","16","16","32"
"弘治十八年","12","20","32"
"英国公张辅","15","17","32"
"礼部尚书东","31","1","32"
"下锦衣卫狱","19","13","32"
"尚书马文升","16","16","32"
"十三年二月","17","15","32"
"令有关部门","0","32","32"
"采纳了他的","0","32","32"
"兵科给事中","0","32","32"
"部尚书兼东","0","32","32"
"向朝廷贡献","0","32","32"
"兼文渊阁大","0","32","32"
"佥都御史巡","23","8","31"
"征虏大将军","15","16","31"
"南京国子监","12","19","31"
"华盖殿大学","15","16","31"
"盖殿大学士","15","16","31"
"正统十四年","14","17","31"
"吏部尚书杨","15","16","31"
"尚书孙丕扬","15","16","31"
"过了一个月","0","31","31"
"向朝廷进贡","0","31","31"
"任兵部尚书","0","31","31"
"乌斯藏入朝","0","31","31"
"斯藏入朝进","0","31","31"
"藏入朝进贡","0","31","31"
"升为都督同","0","31","31"
"第二年四月","0","31","31"
"第二年三月","0","31","31"
"给予世袭的","0","31","31"
"世袭的凭证","0","31","31"
"出身各有差","0","31","31"
"身各有差别","0","31","31"
"第二次奠献","0","31","31"
"西提学副使","15","15","30"
"十四年六月","15","15","30"
"十七年六月","15","15","30"
"正统十三年","12","18","30"
"十八年二月","13","17","30"
"万历十二年","10","20","30"
"威武大将军","15","15","30"
"十五年五月","15","15","30"
"嘉靖十一年","13","17","30"
"十二年六月","15","15","30"
"武定侯郭勋","15","15","30"
"太常寺少卿","5","25","30"
"五年春正月","23","7","30"
"四年春正月","26","4","30"
"选为庶吉士","0","30","30"
"封为太子少","0","30","30"
"派使者向朝","0","30","30"
"世袭指挥使","11","18","29"
"六年十一月","15","14","29"
"章圣皇太后","14","15","29"
"嘉靖十八年","11","18","29"
"进右都御史","29","0","29"
"十七年正月","11","18","29"
"成化十四年","13","16","29"
"万历十五年","8","21","29"
"年春正月丙","29","0","29"
"奠先师孔子","16","13","29"
"又过了一年","0","29","29"
"予世袭的凭","0","29","29"
"天地于南郊","0","29","29"
"十一月二十","0","29","29"
"十四年进士","19","9","28"
"兵部员外郎","14","14","28"
"总督洪承畴","15","13","28"
"南京右都御","14","14","28"
"京右都御史","14","14","28"
"大学士严嵩","12","16","28"
"万历二十九","7","21","28"
"历二十九年","7","21","28"
"中军都督府","12","16","28"
"十一年二月","14","14","28"
"弘治十五年","12","16","28"
"十一年六月","14","14","28"
"六年春正月","22","6","28"
"任右佥都御","0","28","28"
"兼翰林学士","0","28","28"
"京发生地震","0","28","28"
"宁夏总兵官","14","13","27"
"万历二十六","7","20","27"
"历二十六年","7","20","27"
"靖二十六年","12","15","27"
"春坊大学士","13","14","27"
"侍郎右佥都","27","0","27"
"郎右佥都御","27","0","27"
"洪武二十四","11","16","27"
"武二十四年","11","16","27"
"亲军指挥使","13","14","27"
"皇太子监国","14","13","27"
"十五年正月","11","16","27"
"十七年二月","13","14","27"
"月二十七日","2","25","27"
"十四年七月","13","14","27"
"万历四十一","9","18","27"
"历四十一年","9","18","27"
"吏部尚书孙","13","14","27"
"成化十三年","10","17","27"
"年春正月辛","27","0","27"
"禄一千五百","6","21","27"
"为太常少卿","0","27","27"
"将他们全部","0","27","27"
"进升为都督","0","27","27"
"祭天地于南","0","27","27"
"五军都督府","13","13","26"
"万历十七年","9","17","26"
"嘉靖二十六","12","14","26"
"洪武十八年","11","15","26"
"正德十六年","11","15","26"
"推诚宣力武","13","13","26"
"诚宣力武臣","13","13","26"
"洪武十七年","11","15","26"
"十六年四月","13","13","26"
"十四年四月","13","13","26"
"嘉靖十七年","10","16","26"
"年春正月癸","25","1","26"
"三年十二月","12","14","26"
"大学士高拱","13","13","26"
"万历二十五","8","18","26"
"历二十五年","8","18","26"
"部右侍郎右","26","0","26"
"十四年三月","12","14","26"
"十六年正月","10","16","26"
"丰城侯李彬","13","13","26"
"十五年八月","13","13","26"
"打败了他们","0","26","26"
"户科给事中","0","26","26"
"兼右佥都御","0","26","26"
"西受灾税粮","0","26","26"
"次发生地震","0","26","26"
"世宗即位后","0","26","26"
"第二年五月","0","26","26"
"任礼部尚书","0","26","26"
"月二十九日","0","26","26"
"通政司参议","12","13","25"
"衣卫指挥使","9","16","25"
"授刑部主事","23","2","25"
"南京工部尚","12","13","25"
"京工部尚书","12","13","25"
"大学士刘健","12","13","25"
"南京兵部主","11","14","25"
"京兵部主事","11","14","25"
"劾吏部尚书","12","13","25"
"布政司所属","13","12","25"
"徐州小浮桥","13","12","25"
"年春正月己","25","0","25"
"七年春正月","21","4","25"
"皇帝不同意","0","25","25"
"一天比一天","0","25","25"
"了他的建议","0","25","25"
"为太仆少卿","0","25","25"
"升为右佥都","0","25","25"
"封太子太保","0","25","25"
"任右副都御","0","25","25"
"进升为都指","0","25","25"
"加封太子太","0","25","25"
"成祖即位后","0","25","25"
"祭天地于京","0","25","25"
"万历三十八","7","17","24"
"历三十八年","7","17","24"
"成国公朱勇","12","12","24"
"中极殿大学","12","12","24"
"十七年进士","13","11","24"
"嘉靖四十四","7","17","24"
"靖四十四年","7","17","24"
"嘉靖四十一","9","15","24"
"靖四十一年","9","15","24"
"赠礼部尚书","15","9","24"
"正德十二年","11","13","24"
"后军都督府","10","14","24"
"嘉靖二十年","8","16","24"
"江夏侯周德","12","12","24"
"夏侯周德兴","12","12","24"
"大学士叶向","12","12","24"
"学士叶向高","12","12","24"
"万历十九年","7","17","24"
"刑部左侍郎","12","12","24"
"大学士杨廷","12","12","24"
"南京翰林院","11","13","24"
"工部左侍郎","12","12","24"
"进右副都御","24","0","24"
"学士杨士奇","12","12","24"
"脱古思帖木","10","14","24"
"年春正月丁","24","0","24"
"南京给事中","0","24","24"
"为都指挥同","0","24","24"
"侍郎兼右佥","0","24","24"
"郎兼右佥都","0","24","24"
"为指挥佥事","0","24","24"
"坚持不同意","0","24","24"
"派使者前来","0","24","24"
"阁参与机要","0","24","24"
"予世袭凭证","0","24","24"
"南郊大祭天","0","24","24"
"郊大祭天地","0","24","24"
"都发生地震","0","24","24"
"四年十二月","11","12","23"
"十七年三月","11","12","23"
"大都督府事","12","11","23"
"册立皇太子","9","14","23"
"督两广军务","13","10","23"
"十二年二月","10","13","23"
"万历十八年","4","19","23"
"大理寺少卿","6","17","23"
"右侍郎右佥","23","0","23"
"南京兵部右","12","11","23"
"京兵部右侍","12","11","23"
"进都督同知","23","0","23"
"三年十一月","11","12","23"
"二十六年定","21","2","23"
"洪武三年定","22","1","23"
"皇帝下诏书","0","23","23"
"听从了他的","0","23","23"
"为吏部尚书","0","23","23"
"任南京兵部","0","23","23"
"兵部尚书兼","0","23","23"
"殿发生火灾","0","23","23"
"小王子侵犯","0","23","23"
"魏忠贤的党","0","23","23"
"锦衣卫监狱","0","23","23"
"为都指挥使","0","23","23"
"任吏部尚书","0","23","23"
"升为右都御","0","23","23"
"右侍郎兼右","0","23","23"
"没有出嫁的","0","23","23"
"西左布政使","11","11","22"
"嘉靖二十九","8","14","22"
"靖二十九年","8","14","22"
"授户部主事","17","5","22"
"擢右副都御","22","0","22"
"十五年六月","11","11","22"
"副总兵一人","11","11","22"
"景川侯曹震","11","11","22"
"曹国公李景","11","11","22"
"国公李景隆","11","11","22"
"尚书张鹤鸣","11","11","22"
"国公傅友德","10","12","22"
"十八年七月","11","11","22"
"敕群臣修省","22","0","22"
"弘治十三年","10","12","22"
"命令有关部","0","22","22"
"刑科给事中","0","22","22"
"庄烈帝即位","0","22","22"
"月鲁帖木儿","0","22","22"
"年考中进士","0","22","22"
"的一个儿子","0","22","22"
"为左副都御","0","22","22"
"礼科给事中","0","22","22"
"命群臣修身","0","22","22"
"南京发生地","0","22","22"
"吏部员外郎","11","10","21"
"南京刑部尚","11","10","21"
"京刑部尚书","11","10","21"
"督陕西三边","11","10","21"
"陕西三边军","12","9","21"
"十三年七月","11","10","21"
"卫亲军指挥","10","11","21"
"辽东总兵官","10","11","21"
"十二年五月","10","11","21"
"正德十四年","9","12","21"
"崇祯十六年","5","16","21"
"弘治十二年","9","12","21"
"十三年春正","15","6","21"
"西平侯沐英","10","11","21"
"擢礼部右侍","21","0","21"
"军民宣慰使","8","13","21"
"民宣慰使司","8","13","21"
"进都督佥事","21","0","21"
"嘉靖十四年","9","12","21"
"户部左侍郎","10","11","21"
"二月十一日","4","17","21"
"大学士杨士","10","11","21"
"万历十三年","7","14","21"
"九年春正月","16","5","21"
"三月十八日","1","20","21"
"李自成攻陷","0","21","21"
"起用为南京","0","21","21"
"升为右副都","0","21","21"
"张献忠攻陷","0","21","21"
"请求朝廷派","0","21","21"
"国子监学习","0","21","21"
"为都指挥佥","0","21","21"
"任户部尚书","0","21","21"
"第二年秋天","0","21","21"
"向朝廷请求","0","21","21"
"使者向明朝","0","21","21"
"正月十三日","0","21","21"
"又发生地震","0","21","21"
"东右布政使","9","11","20"
"西三边军务","12","8","20"
"大都督府佥","10","10","20"
"十七年七月","10","10","20"
"军指挥使司","10","10","20"
"延绥总兵官","10","10","20"
"十二年四月","10","10","20"
"十六年五月","10","10","20"
"崇祯十四年","5","15","20"
"宁阳侯陈懋","11","9","20"
"颍国公傅友","8","12","20"
"弘治十四年","9","11","20"
"副都御史巡","16","4","20"
"浙江按察使","9","11","20"
"大学士李贤","10","10","20"
"署都督同知","16","4","20"
"十四年五月","10","10","20"
"崇祯十五年","5","15","20"
"尚书夏原吉","10","10","20"
"慈圣皇太后","7","13","20"
"入阁预机务","20","0","20"
"十四年八月","10","10","20"
"二千五百石","10","10","20"
"署都指挥佥","17","3","20"
"洪武二十年","8","12","20"
"弘治十七年","7","13","20"
"年春正月乙","20","0","20"
"年春正月甲","20","0","20"
"食禄一千五","4","16","20"
"皇帝认为他","0","20","20"
"朝廷内外都","0","20","20"
"给有关部门","0","20","20"
"皇帝下诏让","0","20","20"
"他们的请求","0","20","20"
"吏科给事中","0","20","20"
"改任庶吉士","0","20","20"
"兼太子太傅","0","20","20"
"乡试第一名","0","20","20"
"为征南将军","0","20","20"
"参与军国大","0","20","20"
"与军国大事","0","20","20"
"自己的儿子","0","20","20"
"升为左都督","0","20","20"
"被加封为太","0","20","20"
"为户部尚书","0","20","20"
"农民起义军","0","20","20"
"为兵部侍郎","0","20","20"
"封号的妇女","0","20","20"
"嵌有花纹的","0","20","20"
"十六年进士","14","5","19"
"二年十二月","9","10","19"
"大学士李东","11","8","19"
"学士李东阳","11","8","19"
"十二年春正","16","3","19"
"定远侯王弼","9","10","19"
"十四年二月","9","10","19"
"二年十一月","7","12","19"
"万历二十二","4","15","19"
"历二十二年","4","15","19"
"尚书周嘉谟","9","10","19"
"衣卫指挥佥","8","11","19"
"兵部尚书李","9","10","19"
"都御史陈镒","9","10","19"
"大学士杨一","9","10","19"
"学士杨一清","9","10","19"
"十二年八月","9","10","19"
"万历四十七","8","11","19"
"历四十七年","8","11","19"
"十一年八月","10","9","19"
"部尚书孙丕","9","10","19"
"十六年二月","9","10","19"
"历四十四年","7","12","19"
"锦衣卫千户","6","13","19"
"禄千五百石","19","0","19"
"洪武二十三","7","12","19"
"武二十三年","7","12","19"
"洪武二十五","6","13","19"
"武二十五年","6","13","19"
"万历二十三","6","13","19"
"历二十三年","6","13","19"
"八年春正月","15","4","19"
"朝廷内外的","0","19","19"
"自己的意见","0","19","19"
"派人向朝廷","0","19","19"
"为刑部尚书","0","19","19"
"少傅兼太子","0","19","19"
"傅兼太子太","0","19","19"
"工科给事中","0","19","19"
"为南京礼部","0","19","19"
"朝廷的命令","0","19","19"
"升为代理都","0","19","19"
"皇帝下诏给","0","19","19"
"加封他为太","0","19","19"
"封他为太子","0","19","19"
"任兵部右侍","0","19","19"
"为翰林学士","0","19","19"
"从皇上北征","0","19","19"
"宫发生火灾","0","19","19"
"忠顺王的母","0","19","19"
"顺王的母亲","0","19","19"
"年正月十三","0","19","19"
"不同的出身","0","19","19"
"出身各有不","0","19","19"
"身各有不同","0","19","19"
"督师杨嗣昌","9","9","18"
"嘉靖三十八","7","11","18"
"靖三十八年","7","11","18"
"少傅太子太","18","0","18"
"总督陕西三","10","8","18"
"开国辅运推","9","9","18"
"国辅运推诚","9","9","18"
"慈寿皇太后","10","8","18"
"十九年四月","9","9","18"
"副都御史王","9","9","18"
"洪武二十一","6","12","18"
"武二十一年","6","12","18"
"御史左光斗","9","9","18"
"二十年进士","11","7","18"
"吏部尚书赵","9","9","18"
"都御史杨一","9","9","18"
"兵部尚书杨","9","9","18"
"靖宁侯叶升","9","9","18"
"尚书李承勋","9","9","18"
"部尚书马文","9","9","18"
"崇祯十二年","5","13","18"
"谨身殿大学","8","10","18"
"身殿大学士","8","10","18"
"擢太仆少卿","18","0","18"
"进兵部尚书","18","0","18"
"十三年九月","9","9","18"
"大学士赵志","8","10","18"
"学士赵志皋","8","10","18"
"南京礼部右","9","9","18"
"京礼部右侍","9","9","18"
"南京礼部主","9","9","18"
"京礼部主事","9","9","18"
"万历四十四","7","11","18"
"咸宁侯仇鸾","9","9","18"
"礼部尚书夏","9","9","18"
"十八年正月","7","11","18"
"右军都督佥","9","9","18"
"尚书方献夫","9","9","18"
"十八年四月","9","9","18"
"礼部尚书李","9","9","18"
"西行省参政","9","9","18"
"省平章政事","9","9","18"
"五年十二月","9","9","18"
"十三年六月","9","9","18"
"守副总兵一","9","9","18"
"内一人执旗","18","0","18"
"旗下四人执","18","0","18"
"十一年春正","15","3","18"
"一年春正月","15","3","18"
"元年春正月","15","3","18"
"扩廓帖木儿","0","18","18"
"兼太子太师","0","18","18"
"张居正死后","0","18","18"
"理都督佥事","0","18","18"
"任礼部右侍","0","18","18"
"了他的请求","0","18","18"
"他的一个儿","0","18","18"
"祖宗的制度","0","18","18"
"在这个时候","0","18","18"
"良玉的军队","0","18","18"
"他为太子太","0","18","18"
"京师发生地","0","18","18"
"师发生地震","0","18","18"
"随从皇上北","0","18","18"
"从太祖渡江","0","18","18"
"者向明朝廷","0","18","18"
"其中一人手","0","18","18"
"中一人手持","0","18","18"
"一人手持旗","0","18","18"
"旗下四人手","0","18","18"
"下四人手持","0","18","18"
"正月十二日","0","18","18"
"十一月一日","0","18","18"
"遭受严重饥","0","18","18"
"受严重饥荒","0","18","18"
"操江都御史","8","9","17"
"十二年进士","11","6","17"
"十五年进士","11","6","17"
"四十一年进","10","7","17"
"总督两广军","9","8","17"
"按察司佥事","8","9","17"
"少师太子太","17","0","17"
"师太子太师","17","0","17"
"洪武十三年","6","11","17"
"永乐十八年","8","9","17"
"宋国公冯胜","7","10","17"
"太祖高皇帝","8","9","17"
"都御史王廷","8","9","17"
"洪武十一年","6","11","17"
"寿宁侯张鹤","9","8","17"
"吏部尚书张","8","9","17"
"部尚书杨一","8","9","17"
"都御史陈瑛","9","8","17"
"协理詹事府","15","2","17"
"十二年十月","9","8","17"
"十六年三月","8","9","17"
"南京太仆少","8","9","17"
"京太仆少卿","8","9","17"
"嘉靖二十三","7","10","17"
"靖二十三年","7","10","17"
"十三年进士","11","6","17"
"部尚书夏言","9","8","17"
"尚书文渊阁","17","0","17"
"正德十一年","7","10","17"
"成化二十三","8","9","17"
"化二十三年","8","9","17"
"洪武三十年","6","11","17"
"甘肃总兵官","9","8","17"
"十五年七月","9","8","17"
"十五年春正","12","5","17"
"十年春正月","14","3","17"
"年春正月壬","17","0","17"
"两宫皇太后","7","10","17"
"万历二十一","1","16","17"
"历二十一年","1","16","17"
"皇上很高兴","0","17","17"
"同意了他的","0","17","17"
"纳了他的意","0","17","17"
"皇帝下诏令","0","17","17"
"以右佥都御","0","17","17"
"为中书舍人","0","17","17"
"黄河决堤于","0","17","17"
"忠贤的党羽","0","17","17"
"经过的地方","0","17","17"
"申时行等人","0","17","17"
"朝廷献贡马","0","17","17"
"英宗即位后","0","17","17"
"代理都督佥","0","17","17"
"年乡试中举","0","17","17"
"皇帝听从了","0","17","17"
"就是所说的","0","17","17"
"派使者向明","0","17","17"
"册书和宝玺","0","17","17"
"品命妇相同","0","17","17"
"省参知政事","8","8","16"
"教习庶吉士","12","4","16"
"傅太子太傅","16","0","16"
"历十一年进","11","5","16"
"宣府总兵官","8","8","16"
"辅运推诚宣","8","8","16"
"运推诚宣力","8","8","16"
"成化十五年","6","10","16"
"十二年三月","8","8","16"
"十七年九月","8","8","16"
"年十二月辛","8","8","16"
"武安侯郑亨","8","8","16"
"二十三年春","9","7","16"
"洪武二十八","6","10","16"
"武二十八年","6","10","16"
"礼部尚书徐","8","8","16"
"事中惠世扬","8","8","16"
"成化十二年","6","10","16"
"宁侯张鹤龄","8","8","16"
"四川按察使","7","9","16"
"长兴侯耿炳","8","8","16"
"兴侯耿炳文","8","8","16"
"成国公朱希","8","8","16"
"国公朱希忠","8","8","16"
"部尚书石星","8","8","16"
"部尚书张鹤","8","8","16"
"大学士沈一","8","8","16"
"学士沈一贯","8","8","16"
"十五年四月","8","8","16"
"南京太仆卿","9","7","16"
"都御史刘观","8","8","16"
"嘉靖十三年","6","10","16"
"十一月四日","2","14","16"
"南京工部右","8","8","16"
"京工部右侍","8","8","16"
"平江伯陈瑄","14","2","16"
"部尚书文渊","16","0","16"
"书文渊阁大","16","0","16"
"年会试第一","11","5","16"
"禄二千五百","8","8","16"
"二十二年六","8","8","16"
"江西行省参","8","8","16"
"十三年三月","8","8","16"
"弘治十一年","7","9","16"
"十五年九月","8","8","16"
"成化十一年","7","9","16"
"征虏前将军","8","8","16"
"总协戎政官","8","8","16"
"嘉靖三十三","4","12","16"
"靖三十三年","4","12","16"
"嘉靖十五年","4","12","16"
"十八年六月","8","8","16"
"释奠先师孔","16","0","16"
"嘉靖四十三","6","10","16"
"靖四十三年","6","10","16"
"像以前一样","0","16","16"
"皇帝的诏书","0","16","16"
"少师兼太子","0","16","16"
"师兼太子太","0","16","16"
"更加不高兴","0","16","16"
"朝廷献贡物","0","16","16"
"求朝廷允许","0","16","16"
"的妻子儿女","0","16","16"
"为太常寺卿","0","16","16"
"京城的军队","0","16","16"
"任刑部主事","0","16","16"
"任吏部左侍","0","16","16"
"改任吏部职","0","16","16"
"附祭于太庙","0","16","16"
"赠封为太子","0","16","16"
"西发生地震","0","16","16"
"请求明朝廷","0","16","16"
"于京城南郊","0","16","16"
"受封号的妇","0","16","16"
"色服饰的甲","0","16","16"
"服饰的甲士","0","16","16"
"入值文渊阁","0","16","16"
"府发生饥荒","0","16","16"
"三十八年进","10","5","15"
"翰林院学士","7","8","15"
"嘉靖三十五","5","10","15"
"靖三十五年","5","10","15"
"万历五年进","11","4","15"
"历五年进士","11","4","15"
"大学士夏言","7","8","15"
"湖广按察使","7","8","15"
"嘉靖四十五","6","9","15"
"靖四十五年","6","9","15"
"元年十一月","7","8","15"
"崇祯十一年","5","10","15"
"万历十六年","4","11","15"
"兵部尚书陈","8","7","15"
"将军傅友德","7","8","15"
"御史王廷相","7","8","15"
"部尚书王琼","7","8","15"
"特进光禄大","9","6","15"
"进光禄大夫","9","6","15"
"南右布政使","8","7","15"
"都御史温纯","7","8","15"
"山西按察使","7","8","15"
"进太子太保","15","0","15"
"擢都督佥事","15","0","15"
"十一年三月","7","8","15"
"进礼部尚书","15","0","15"
"部尚书杨博","7","8","15"
"二十三年进","9","6","15"
"恭穆献皇帝","7","8","15"
"进都指挥同","15","0","15"
"成祖入京师","9","6","15"
"副将军李文","6","9","15"
"将军李文忠","6","9","15"
"十三年十一","7","8","15"
"京刑部主事","7","8","15"
"镇朔大将军","7","8","15"
"靖三十七年","4","11","15"
"万六千馀两","15","0","15"
"坐营中军官","7","8","15"
"京运年例银","15","0","15"
"花叶片装钉","14","1","15"
"河南灾税粮","15","0","15"
"万历三十五","5","10","15"
"历三十五年","5","10","15"
"大学士张璁","7","8","15"
"他们的意见","0","15","15"
"因母亲去世","0","15","15"
"纳了他的建","0","15","15"
"祖十分高兴","0","15","15"
"认为他说得","0","15","15"
"跟从大将军","0","15","15"
"为礼部侍郎","0","15","15"
"为侍讲学士","0","15","15"
"庙发生火灾","0","15","15"
"为征虏大将","0","15","15"
"南受灾税粮","0","15","15"
"发生大饥荒","0","15","15"
"弹劾魏忠贤","0","15","15"
"请求朝廷允","0","15","15"
"朝廷允许他","0","15","15"
"第二年八月","0","15","15"
"升为礼部尚","0","15","15"
"皇帝便命令","0","15","15"
"被关进监狱","0","15","15"
"和他的儿子","0","15","15"
"吏科都给事","0","15","15"
"福王在南京","0","15","15"
"守孝期满后","0","15","15"
"夺了他的官","0","15","15"
"为吏部右侍","0","15","15"
"任右都御史","0","15","15"
"为南京吏部","0","15","15"
"部左侍郎兼","0","15","15"
"为大都督府","0","15","15"
"次上奏请求","0","15","15"
"尚书兼文渊","0","15","15"
"书兼文渊阁","0","15","15"
"宣宗即位后","0","15","15"
"请求朝廷给","0","15","15"
"升为右都督","0","15","15"
"第二年冬天","0","15","15"
"张士诚的部","0","15","15"
"士诚的部队","0","15","15"
"将此上报朝","0","15","15"
"此上报朝廷","0","15","15"
"府发生火灾","0","15","15"
"厂发生火灾","0","15","15"
"训练的军队","0","15","15"
"正月十一日","0","15","15"
"文渊阁参与","0","15","15"
"天地于京城","0","15","15"
"地于京城南","0","15","15"
"免南畿受灾","0","15","15"
"尚书刘大夏","7","7","14"
"军民指挥使","6","8","14"
"民指挥使司","6","8","14"
"山东按察使","7","7","14"
"四十四年进","10","4","14"
"建极殿大学","7","7","14"
"丞相李善长","6","8","14"
"特进荣禄大","7","7","14"
"进荣禄大夫","7","7","14"
"左春坊大学","7","7","14"
"江阴侯吴高","7","7","14"
"进兵部右侍","14","0","14"
"傅友德征云","12","2","14"
"友德征云南","12","2","14"
"州卫指挥使","7","7","14"
"十八年三月","7","7","14"
"右侍郎一人","9","5","14"
"弘治十六年","5","9","14"
"尚书郑三俊","7","7","14"
"四川总兵官","7","7","14"
"广西总兵官","7","7","14"
"嘉靖三十四","5","9","14"
"靖三十四年","5","9","14"
"十九年二月","7","7","14"
"十二年七月","7","7","14"
"嘉靖四十二","2","12","14"
"靖四十二年","2","12","14"
"员外郎一人","10","4","14"
"中都留守司","7","7","14"
"二十二年春","9","5","14"
"阳武侯薛禄","7","7","14"
"凉国公蓝玉","7","7","14"
"吏部侍郎杨","7","7","14"
"昭圣皇太后","7","7","14"
"学士王锡爵","7","7","14"
"户部员外郎","7","7","14"
"巡按御史王","7","7","14"
"十六年六月","7","7","14"
"万历二十七","4","10","14"
"尚书赵南星","7","7","14"
"部尚书李承","7","7","14"
"千八百余人","9","5","14"
"洪武十二年","5","9","14"
"百六十余人","9","5","14"
"巡按御史刘","7","7","14"
"进都指挥佥","14","0","14"
"陕西按察使","7","7","14"
"二十一年正","6","8","14"
"副都御史刘","7","7","14"
"迁太常少卿","14","0","14"
"尚书丁汝夔","7","7","14"
"部尚书王永","7","7","14"
"尚书王永光","7","7","14"
"吏科都事中","14","0","14"
"吏部尚书李","7","7","14"
"佥都御史王","8","6","14"
"年正月二日","4","10","14"
"户部尚书李","7","7","14"
"十七年八月","7","7","14"
"河南右布政","7","7","14"
"佥都御史代","10","4","14"
"工部员外郎","7","7","14"
"播州宣慰使","7","7","14"
"户部尚书夏","7","7","14"
"部尚书夏原","7","7","14"
"征夷将军印","7","7","14"
"西平侯沐春","7","7","14"
"颍川侯傅友","7","7","14"
"川侯傅友德","7","7","14"
"十一年七月","7","7","14"
"尚书胡世宁","7","7","14"
"大学士费宏","7","7","14"
"部尚书李时","7","7","14"
"行省平章政","7","7","14"
"行省参知政","7","7","14"
"爱猷识理达","6","8","14"
"猷识理达腊","6","8","14"
"左副将军李","6","8","14"
"千一百二十","7","7","14"
"荣昌伯陈智","7","7","14"
"十一年九月","7","7","14"
"南京刑部主","7","7","14"
"南京太常寺","5","9","14"
"予世袭诰券","1","13","14"
"嘉靖三十七","4","10","14"
"万历三十年","2","12","14"
"侍郎何文渊","7","7","14"
"抹金铜鈒花","14","0","14"
"金铜鈒花叶","14","0","14"
"铜鈒花叶片","14","0","14"
"鈒花叶片装","14","0","14"
"年春正月庚","14","0","14"
"事中王道成","7","7","14"
"太仆寺少卿","1","13","14"
"正统十一年","5","9","14"
"万历三十二","4","10","14"
"历三十二年","4","10","14"
"二月十四日","2","12","14"
"五十六度零","7","7","14"
"次上书请求","0","14","14"
"次上疏请求","0","14","14"
"皇上于是命","0","14","14"
"太祖十分高","0","14","14"
"他们的贡品","0","14","14"
"朝廷大臣商","0","14","14"
"古思帖木儿","0","14","14"
"严厉批评了","0","14","14"
"没有什么比","0","14","14"
"授职为编修","0","14","14"
"兼任东阁大","0","14","14"
"任东阁大学","0","14","14"
"免湖广受灾","0","14","14"
"上疏弹劾他","0","14","14"
"皇帝上奏说","0","14","14"
"有花纹的丝","0","14","14"
"的两个儿子","0","14","14"
"升为指挥使","0","14","14"
"皇帝答应了","0","14","14"
"为左都御史","0","14","14"
"任南京礼部","0","14","14"
"以右副都御","0","14","14"
"任户部右侍","0","14","14"
"剥夺了他的","0","14","14"
"第二年夏天","0","14","14"
"他尚方宝剑","0","14","14"
"升为员外郎","0","14","14"
"兼武英殿大","0","14","14"
"年正月初一","0","14","14"
"任南京刑部","0","14","14"
"任南京吏部","0","14","14"
"部尚书兼文","0","14","14"
"以及其他不","0","14","14"
"令主管部门","0","14","14"
"为安南国王","0","14","14"
"代理都指挥","0","14","14"
"宣读制命说","0","14","14"
"在前面引导","0","14","14"
"皇太子以下","0","14","14"
"黄河在开封","0","14","14"
"饰的甲士五","0","14","14"
"的礼冠服饰","0","14","14"
"年春正月初","0","14","14"
"年正月十一","0","14","14"
"进士及第以","0","14","14"
"及其他不同","0","14","14"
"二月十三日","0","14","14"
"在京城南郊","0","14","14"
"渊阁参与机","0","14","14"
"十五年三月","6","7","13"
"礼部员外郎","6","7","13"
"十四年十二","6","7","13"
"佥枢密院事","8","5","13"
"加少师太子","13","0","13"
"南京吏部右","6","7","13"
"京吏部右侍","6","7","13"
"翠口圈一副","7","6","13"
"撒马罕入贡","13","0","13"
"十三年十二","6","7","13"
"总督卢象升","6","7","13"
"都御史李宾","7","6","13"
"八月十五日","2","11","13"
"一百二十人","3","10","13"
"尚书杨一魁","6","7","13"
"三百六十五","6","7","13"
"二月二十四","2","11","13"
"巡按御史张","8","5","13"
"事中胡应嘉","7","6","13"
"举乡试第一","12","1","13"
"大学士徐阶","6","7","13"
"都御史吴时","7","6","13"
"东提学副使","7","6","13"
"佩征夷将军","7","6","13"
"西平侯沐晟","6","7","13"
"户部尚书王","6","7","13"
"二十六年十","7","6","13"
"十六年十一","7","6","13"
"十六年九月","7","6","13"
"食禄二千石","2","11","13"
"翼统军元帅","7","6","13"
"巡抚刘世曾","6","7","13"
"十月十四日","2","11","13"
"武进伯朱冕","7","6","13"
"二月十二日","1","12","13"
"宿迁小河口","7","6","13"
"国子监读书","1","12","13"
"五月初一日","1","12","13"
"文选员外郎","6","7","13"
"永乐三年定","13","0","13"
"嘉靖十六年","4","9","13"
"年春正月戊","13","0","13"
"宗神主祔太","13","0","13"
"神主祔太庙","13","0","13"
"皇太后尊号","6","7","13"
"万历三十三","1","12","13"
"历三十三年","1","12","13"
"下镇抚司狱","7","6","13"
"五月十一日","4","9","13"
"正月十五日","5","8","13"
"十月初一日","1","12","13"
"二月十六日","2","11","13"
"六十零度八","13","0","13"
"的所作所为","0","13","13"
"答复知道了","0","13","13"
"在皇帝面前","0","13","13"
"病请求退休","0","13","13"
"大臣们讨论","0","13","13"
"任户部主事","0","13","13"
"任工部尚书","0","13","13"
"升至都指挥","0","13","13"
"兼右副都御","0","13","13"
"俺答侵犯大","0","13","13"
"答侵犯大同","0","13","13"
"五年中进士","0","13","13"
"皇帝的命令","0","13","13"
"于是上疏说","0","13","13"
"发生严重饥","0","13","13"
"生严重饥荒","0","13","13"
"被打得大败","0","13","13"
"锦衣卫官员","0","13","13"
"朝廷贡献马","0","13","13"
"向朝廷上奏","0","13","13"
"给他们赏赐","0","13","13"
"他们打得大","0","13","13"
"们打得大败","0","13","13"
"以下的官员","0","13","13"
"他为礼部尚","0","13","13"
"第二年六月","0","13","13"
"在南京即位","0","13","13"
"恢复了他的","0","13","13"
"打退了他们","0","13","13"
"为刑部主事","0","13","13"
"二月十五日","0","13","13"
"四月十五日","0","13","13"
"为南京刑部","0","13","13"
"上书请求退","0","13","13"
"所到之处都","0","13","13"
"负责詹事府","0","13","13"
"弹劾吏部尚","0","13","13"
"朝廷大臣讨","0","13","13"
"廷大臣讨论","0","13","13"
"学者称他为","0","13","13"
"被授予世袭","0","13","13"
"给事中夏言","0","13","13"
"理都指挥佥","0","13","13"
"给予世袭凭","0","13","13"
"朝廷给他们","0","13","13"
"的献贡使者","0","13","13"
"礼部大臣说","0","13","13"
"者向朝廷献","0","13","13"
"派遣官员祭","0","13","13"
"接引宾客的","0","13","13"
"引宾客的人","0","13","13"
"京运历年常","0","13","13"
"运历年常规","0","13","13"
"历年常规银","0","13","13"
"的甲士五人","0","13","13"
"色绫罗嵌金","0","13","13"
"年春正月十","0","13","13"
"年正月一日","0","13","13"
"士及第以及","0","13","13"
"及第以及其","0","13","13"
"第以及其他","0","13","13"
"其他不同的","0","13","13"
"他不同的出","0","13","13"
"年正月十二","0","13","13"
"祭奠先师孔","0","13","13"
"京城南郊大","0","13","13"
"河南受灾税","0","13","13"
"给予世袭诰","0","13","13"
"赞唱行拜礼","0","13","13"
"兄弟的儿子","0","13","13"
"锦衣卫百户","3","9","12"
"赠光禄少卿","9","3","12"
"二十六年进","9","3","12"
"迁南京兵部","10","2","12"
"翰林院检讨","6","6","12"
"授工部主事","9","3","12"
"南京太常卿","6","6","12"
"开平王常遇","6","6","12"
"平王常遇春","6","6","12"
"十九年六月","6","6","12"
"都御史一人","7","5","12"
"盐课提举司","6","6","12"
"贵州总兵官","6","6","12"
"万八千馀两","12","0","12"
"万历二十四","2","10","12"
"历二十四年","2","10","12"
"十六年八月","6","6","12"
"十八年八月","6","6","12"
"十二月辛卯","8","4","12"
"洪武十六年","3","9","12"
"安远侯柳升","6","6","12"
"成山侯王通","6","6","12"
"兴安伯徐亨","6","6","12"
"礼部侍郎李","6","6","12"
"部尚书王骥","6","6","12"
"南京礼部侍","6","6","12"
"京礼部侍郎","6","6","12"
"陕西灾税粮","12","0","12"
"隆庆元年正","6","6","12"
"都御史彭泽","6","6","12"
"刑部侍郎何","6","6","12"
"大学士王锡","6","6","12"
"擢太常少卿","12","0","12"
"万历二年进","7","5","12"
"历二年进士","7","5","12"
"部尚书杨嗣","6","6","12"
"尚书杨嗣昌","6","6","12"
"监军万元吉","6","6","12"
"历二十七年","3","9","12"
"大学士刘一","6","6","12"
"锦衣指挥使","8","4","12"
"崇祯十七年","1","11","12"
"守御千户所","6","6","12"
"英国公张懋","6","6","12"
"尚书杨一清","6","6","12"
"兵部尚书马","6","6","12"
"大学士李时","6","6","12"
"二十九年春","7","5","12"
"居二十余年","7","5","12"
"一千五百人","2","10","12"
"吏部尚书许","6","6","12"
"部尚书许赞","6","6","12"
"兵部尚书丁","6","6","12"
"部尚书丁汝","6","6","12"
"掌南京翰林","9","3","12"
"御史张慎言","6","6","12"
"南京工部主","6","6","12"
"京工部主事","6","6","12"
"进左副都御","12","0","12"
"劾兵部尚书","7","5","12"
"进署都督同","11","1","12"
"兵部尚书石","6","6","12"
"二十年正月","5","7","12"
"刑部尚书王","6","6","12"
"部尚书黄克","6","6","12"
"尚书黄克缵","6","6","12"
"兵部尚书赵","6","6","12"
"总督胡宗宪","6","6","12"
"太宗文皇帝","7","5","12"
"一千三百余","5","7","12"
"十七年四月","6","6","12"
"授中书舍人","11","1","12"
"南京都察院","6","6","12"
"黔国公沐朝","6","6","12"
"江西按察使","6","6","12"
"行一条鞭法","5","7","12"
"礼部尚书沈","6","6","12"
"侍郎杨时乔","6","6","12"
"尚书赵世卿","7","5","12"
"京国子祭酒","7","5","12"
"礼部尚书吕","6","6","12"
"部尚书吕震","6","6","12"
"都督府左都","5","7","12"
"督府左都督","5","7","12"
"八年十二月","6","6","12"
"二百八十万","6","6","12"
"侍郎赵文华","6","6","12"
"大学士张孚","6","6","12"
"学士张孚敬","6","6","12"
"督漕都御史","6","6","12"
"三十八年四","6","6","12"
"湖广总兵官","6","6","12"
"西右布政使","6","6","12"
"万六千余两","1","11","12"
"副将军冯胜","6","6","12"
"知枢密院事","7","5","12"
"枢密院判官","6","6","12"
"工部侍郎赵","7","5","12"
"平江伯陈锐","6","6","12"
"黔国公沐晟","6","6","12"
"七年十二月","6","6","12"
"永乐十一年","5","7","12"
"成化二十二","5","7","12"
"化二十二年","5","7","12"
"御史马文升","6","6","12"
"洪武元年定","12","0","12"
"年十二月癸","6","6","12"
"二十五年二","6","6","12"
"二十一年二","6","6","12"
"年四月戊戌","6","6","12"
"沛县飞云桥","6","6","12"
"河副都御史","6","6","12"
"九月十五日","2","10","12"
"协守副总兵","6","6","12"
"中军官一人","6","6","12"
"正统十二年","5","7","12"
"年三月甲寅","6","6","12"
"嘉靖十二年","4","8","12"
"元年十二月","6","6","12"
"云头连三钗","6","6","12"
"头连三钗一","6","6","12"
"礼部尚书崔","6","6","12"
"部尚书崔亮","6","6","12"
"平定天下舞","10","2","12"
"右都御史陈","6","6","12"
"十六年春正","9","3","12"
"延安侯唐胜","6","6","12"
"安侯唐胜宗","6","6","12"
"山东灾税粮","12","0","12"
"抚都御史李","6","6","12"
"部尚书金濂","6","6","12"
"锦衣卫官校","2","10","12"
"万历二十八","3","9","12"
"历二十八年","3","9","12"
"万历三十一","2","10","12"
"历三十一年","2","10","12"
"坚持自己的","0","12","12"
"安慰挽留他","0","12","12"
"勘合的金牌","0","12","12"
"廷大臣商议","0","12","12"
"令有关官员","0","12","12"
"为他说得对","0","12","12"
"升为兵部尚","0","12","12"
"为南京户部","0","12","12"
"科左给事中","0","12","12"
"任文渊阁大","0","12","12"
"为光禄少卿","0","12","12"
"向朝廷推荐","0","12","12"
"品以上官员","0","12","12"
"带着皇帝的","0","12","12"
"将此事上报","0","12","12"
"被投进监狱","0","12","12"
"继承其父的","0","12","12"
"英宗复辟后","0","12","12"
"门发生火灾","0","12","12"
"才安定下来","0","12","12"
"学士杨廷和","0","12","12"
"为代理都督","0","12","12"
"在任上去世","0","12","12"
"命有关官员","0","12","12"
"为工部尚书","0","12","12"
"让他的儿子","0","12","12"
"为太子太傅","0","12","12"
"王在南京即","0","12","12"
"部尚书兼右","0","12","12"
"为左佥都御","0","12","12"
"纳他的建议","0","12","12"
"大学士方从","0","12","12"
"学士方从哲","0","12","12"
"一个儿子做","0","12","12"
"追赠他为太","0","12","12"
"到皇帝面前","0","12","12"
"提升为南京","0","12","12"
"自己的功劳","0","12","12"
"把他们打得","0","12","12"
"升为大都督","0","12","12"
"书请求退休","0","12","12"
"皇帝不允许","0","12","12"
"负责翰林院","0","12","12"
"升为礼部右","0","12","12"
"任刑部尚书","0","12","12"
"发生大地震","0","12","12"
"并被授予世","0","12","12"
"守仁的学说","0","12","12"
"认为不可以","0","12","12"
"晋升为都督","0","12","12"
"命令主管部","0","12","12"
"信国公汤和","0","12","12"
"周王朱木肃","0","12","12"
"请求朝廷将","0","12","12"
"派使者前去","0","12","12"
"年献一次贡","0","12","12"
"安克帖木儿","0","12","12"
"十六年规定","0","12","12"
"为朝鲜国王","0","12","12"
"为代理都指","0","12","12"
"宪宗即位后","0","12","12"
"的运行度数","0","12","12"
"放置在案上","0","12","12"
"官穿着朝服","0","12","12"
"有品级的官","0","12","12"
"门处理政事","0","12","12"
"组织训练的","0","12","12"
"织训练的军","0","12","12"
"货币布帛银","0","12","12"
"花纹的丝织","0","12","12"
"纹的丝织品","0","12","12"
"尺五寸有余","0","12","12"
"角质材料装","0","12","12"
"质材料装饰","0","12","12"
"珍珠翡翠装","0","12","12"
"红色绫罗嵌","0","12","12"
"二月二十三","0","12","12"
"六年正月十","0","12","12"
"二月二十二","0","12","12"
"十二月一日","0","12","12"
"在南郊祭天","0","12","12"
"城南郊大祭","0","12","12"
"黄道赤道小","0","12","12"
"遭受大旱灾","0","12","12"
"日发生地震","0","12","12"
"嘉靖三十二","5","6","11"
"靖三十二年","5","6","11"
"隆庆二年进","6","5","11"
"庆二年进士","6","5","11"
"浙江总兵官","6","5","11"
"嘉靖二十五","3","8","11"
"靖二十五年","3","8","11"
"年乡试第一","7","4","11"
"十九年进士","7","4","11"
"三十五年进","8","3","11"
"佥大都督府","7","4","11"
"迁南京刑部","10","1","11"
"南京刑部员","5","6","11"
"京刑部员外","5","6","11"
"山东右布政","5","6","11"
"肖像功臣庙","8","3","11"
"兵马指挥司","5","6","11"
"五城兵马司","5","6","11"
"山西行都司","5","6","11"
"万三千馀两","11","0","11"
"成化十七年","5","6","11"
"曹国公李文","5","6","11"
"国公李文忠","5","6","11"
"卫国公邓愈","5","6","11"
"俺答犯大同","11","0","11"
"庆元年正月","5","6","11"
"御史方震孺","6","5","11"
"等二十余人","7","4","11"
"荫锦衣指挥","11","0","11"
"平蛮将军印","6","5","11"
"御史杨一清","6","5","11"
"宁王宸濠反","11","0","11"
"巡按御史吴","6","5","11"
"百五十余人","7","4","11"
"擢署都督佥","11","0","11"
"少保太子太","11","0","11"
"永顺宣慰彭","5","6","11"
"治十八年进","5","6","11"
"经略熊廷弼","5","6","11"
"南京礼部郎","5","6","11"
"山西总兵官","6","5","11"
"崇祯十三年","3","8","11"
"命工部侍郎","7","4","11"
"尚书陈新甲","6","5","11"
"河南道御史","6","5","11"
"十一月二日","2","9","11"
"东左布政使","5","6","11"
"礼部尚书文","11","0","11"
"洋人利玛窦","5","6","11"
"南京国子祭","7","4","11"
"总督军务威","6","5","11"
"督军务威武","6","5","11"
"军务威武大","6","5","11"
"务威武大将","6","5","11"
"皇考恭穆献","5","6","11"
"考恭穆献皇","5","6","11"
"左军都督府","4","7","11"
"食禄一千石","2","9","11"
"部尚书方献","6","5","11"
"总兵官俞大","6","5","11"
"兵官俞大猷","6","5","11"
"进署都指挥","11","0","11"
"将军总兵官","6","5","11"
"洪武三年封","9","2","11"
"征南副将军","5","6","11"
"进都指挥使","11","0","11"
"八年十一月","5","6","11"
"吏部侍郎王","5","6","11"
"总督王象乾","5","6","11"
"安南都统使","5","6","11"
"一百五十余","2","9","11"
"二十一年春","7","4","11"
"年六月丙子","6","5","11"
"兵部尚书刘","5","6","11"
"告天地宗庙","4","7","11"
"八月十二日","1","10","11"
"设皇太子座","6","5","11"
"协律郎举麾","6","5","11"
"十六年七月","5","6","11"
"年三月己亥","6","5","11"
"车书会同舞","9","2","11"
"十九年春正","8","3","11"
"十七年春正","9","2","11"
"镇远侯顾兴","6","5","11"
"远侯顾兴祖","6","5","11"
"万历四十八","3","8","11"
"历四十八年","3","8","11"
"升礼部尚书","2","9","11"
"京国子监祭","3","8","11"
"南京大理寺","2","9","11"
"事中杨应文","5","6","11"
"十二月八日","2","9","11"
"皇帝没有答","0","11","11"
"他被召回任","0","11","11"
"从他的意见","0","11","11"
"为大理寺丞","0","11","11"
"一万五千人","0","11","11"
"兼侍读学士","0","11","11"
"为锦衣卫指","0","11","11"
"二年中进士","0","11","11"
"傅友德征讨","0","11","11"
"跟从徐达攻","0","11","11"
"引礼官引导","0","11","11"
"刮大风降大","0","11","11"
"大风降大雨","0","11","11"
"南发生蝗灾","0","11","11"
"都遭受水灾","0","11","11"
"遭受大水灾","0","11","11"
"于锦衣卫狱","0","11","11"
"皇上听从了","0","11","11"
"所经过的地","0","11","11"
"一千三百多","0","11","11"
"其余的全部","0","11","11"
"将此事上奏","0","11","11"
"正直的大臣","0","11","11"
"给皇帝上奏","0","11","11"
"着皇帝的敕","0","11","11"
"皇帝的敕谕","0","11","11"
"军队驻扎在","0","11","11"
"长官司长官","0","11","11"
"一百三十多","0","11","11"
"听从朝廷的","0","11","11"
"承袭宣慰使","0","11","11"
"进锦衣卫监","0","11","11"
"皇上的心意","0","11","11"
"在皇上面前","0","11","11"
"锦衣卫狱中","0","11","11"
"一个儿子为","0","11","11"
"过了一会儿","0","11","11"
"进升为左都","0","11","11"
"少保兼太子","0","11","11"
"向皇帝进言","0","11","11"
"代理他的职","0","11","11"
"于是上奏说","0","11","11"
"拖欠的赋税","0","11","11"
"升为侍讲学","0","11","11"
"为工部右侍","0","11","11"
"采纳他的建","0","11","11"
"升为太子太","0","11","11"
"都御史的身","0","11","11"
"御史的身份","0","11","11"
"升为副总兵","0","11","11"
"年七十五岁","0","11","11"
"朝廷追赠他","0","11","11"
"廷追赠他为","0","11","11"
"提升为右佥","0","11","11"
"升为按察使","0","11","11"
"加官太子太","0","11","11"
"官太子太保","0","11","11"
"为户部主事","0","11","11"
"派遣官员前","0","11","11"
"他出任南京","0","11","11"
"赐给他尚方","0","11","11"
"给他尚方宝","0","11","11"
"升任右佥都","0","11","11"
"皇帝不高兴","0","11","11"
"皇帝很高兴","0","11","11"
"上奏请求退","0","11","11"
"奏请求退休","0","11","11"
"晋升为南京","0","11","11"
"升任右副都","0","11","11"
"任命为礼部","0","11","11"
"掌管詹事府","0","11","11"
"于是上书说","0","11","11"
"宗大为恼火","0","11","11"
"授予世袭凭","0","11","11"
"晋升为指挥","0","11","11"
"从他的请求","0","11","11"
"将军的身份","0","11","11"
"从大将军徐","0","11","11"
"向明朝廷进","0","11","11"
"派官员前去","0","11","11"
"进入国子监","0","11","11"
"献贡的使者","0","11","11"
"人向朝廷献","0","11","11"
"驾临奉天殿","0","11","11"
"令主管官吏","0","11","11"
"当地组织训","0","11","11"
"地组织训练","0","11","11"
"西发生饥荒","0","11","11"
"夏四月二十","0","11","11"
"二月十七日","0","11","11"
"二月十九日","0","11","11"
"年正月十日","0","11","11"
"为进士及第","0","11","11"
"于京师南郊","0","11","11"
"免河南受灾","0","11","11"
"同祖兄弟的","0","11","11"
"府发生地震","0","11","11"
"水流入其中","0","11","11"
"陕西提学副","5","5","10"
"历十七年进","5","5","10"
"三十二年进","7","3","10"
"英国公张溶","5","5","10"
"隆庆五年进","8","2","10"
"庆五年进士","8","2","10"
"大都督府副","5","5","10"
"都督府副使","5","5","10"
"御史中丞刘","6","4","10"
"史中丞刘基","6","4","10"
"治书侍御史","5","5","10"
"二十九年秋","5","5","10"
"军都督府佥","5","5","10"
"景泰元年二","5","5","10"
"泰元年二月","5","5","10"
"尚书金献民","5","5","10"
"正德十三年","3","7","10"
"嘉靖二十八","3","7","10"
"靖二十八年","3","7","10"
"二十二年正","3","7","10"
"城兵马指挥","5","5","10"
"设大使一人","3","7","10"
"永乐十九年","4","6","10"
"万四千四百","5","5","10"
"礼部尚书胡","5","5","10"
"百七十七万","5","5","10"
"万二千馀两","10","0","10"
"十四万八千","5","5","10"
"二十一年五","5","5","10"
"道监察御史","5","5","10"
"韩国公李善","5","5","10"
"国公李善长","5","5","10"
"兵部侍郎王","5","5","10"
"副都御史杨","5","5","10"
"秋七月癸酉","10","0","10"
"山西灾税粮","10","0","10"
"兵部尚书梁","5","5","10"
"山西提学副","5","5","10"
"历二十年进","6","4","10"
"首辅申时行","4","6","10"
"御史詹仰庇","5","5","10"
"吏部尚书陆","5","5","10"
"尚书陆光祖","5","5","10"
"士申时行等","5","5","10"
"首辅沈一贯","5","5","10"
"侍郎郭正域","5","5","10"
"部尚书赵南","5","5","10"
"巡按御史胡","5","5","10"
"命都督佥事","6","4","10"
"十年十一月","5","5","10"
"大学士商辂","5","5","10"
"左都御史李","5","5","10"
"抚宁侯朱永","5","5","10"
"抚都御史王","5","5","10"
"嘉靖二十四","2","8","10"
"靖二十四年","2","8","10"
"巡按御史周","5","5","10"
"十二年九月","5","5","10"
"寻加太子太","10","0","10"
"部尚书徐阶","5","5","10"
"督师袁崇焕","5","5","10"
"大学士刘鸿","5","5","10"
"加太子太师","10","0","10"
"副都御史李","5","5","10"
"总兵官镇守","6","4","10"
"改吏部尚书","10","0","10"
"大学士方哲","10","0","10"
"授南京兵部","6","4","10"
"擢兵科事中","10","0","10"
"十四年十月","5","5","10"
"诚意伯刘世","5","5","10"
"意伯刘世延","5","5","10"
"部尚书王纪","5","5","10"
"都御史邹元","5","5","10"
"御史邹元标","5","5","10"
"掌翰林院事","7","3","10"
"刑部尚书黄","5","5","10"
"荫锦衣千户","10","0","10"
"事中宋一韩","5","5","10"
"部尚书赵锦","5","5","10"
"巡抚王三善","5","5","10"
"十七年五月","5","5","10"
"永乐二年进","7","3","10"
"乐二年进士","7","3","10"
"西提学佥事","5","5","10"
"兵部职方主","5","5","10"
"部职方主事","5","5","10"
"张居正夺情","10","0","10"
"吏部尚书吴","5","5","10"
"部尚书吴鹏","5","5","10"
"南京大理卿","7","3","10"
"南京刑部右","5","5","10"
"京刑部右侍","5","5","10"
"御史庞尚鹏","5","5","10"
"授礼部主事","9","1","10"
"十三万五千","5","5","10"
"郎中赵南星","5","5","10"
"云南布政使","5","5","10"
"部侍郎杨时","5","5","10"
"户部尚书杨","5","5","10"
"西洋人利玛","5","5","10"
"河南按察使","5","5","10"
"南京刑部郎","5","5","10"
"京刑部郎中","5","5","10"
"母章圣皇太","5","5","10"
"殿中侍御史","5","5","10"
"大将军北征","5","5","10"
"北平都指挥","5","5","10"
"洪武十九年","4","6","10"
"左都御史陈","5","5","10"
"尚书王时中","5","5","10"
"巡按御史李","5","5","10"
"锦衣卫堂上","6","4","10"
"总兵官戚继","5","5","10"
"兵官戚继光","5","5","10"
"部尚书胡世","5","5","10"
"将军廖永忠","5","5","10"
"万四千八百","5","5","10"
"二十五年八","5","5","10"
"加禄五百石","7","3","10"
"食禄二千五","3","7","10"
"郑国公常茂","5","5","10"
"丞相胡惟庸","5","5","10"
"历代帝王庙","5","5","10"
"总督李化龙","5","5","10"
"永宁宣抚奢","5","5","10"
"彰武伯杨信","5","5","10"
"都御史杨善","5","5","10"
"一百二十里","2","8","10"
"嘉靖三十九","2","8","10"
"靖三十九年","2","8","10"
"征夷副将军","5","5","10"
"辽东都指挥","5","5","10"
"东都指挥使","5","5","10"
"九年十一月","5","5","10"
"十八年五月","5","5","10"
"成化二十年","3","7","10"
"都御史史琳","5","5","10"
"十二万五千","5","5","10"
"抚都御史张","5","5","10"
"都御史马文","5","5","10"
"吏部尚书蹇","5","5","10"
"部尚书蹇义","5","5","10"
"十二月癸卯","7","3","10"
"万历四十三","1","9","10"
"历四十三年","1","9","10"
"四年十一月","5","5","10"
"年十一月己","5","5","10"
"十一月戊午","8","2","10"
"年六月辛酉","5","5","10"
"十一月壬午","8","2","10"
"年二月癸亥","5","5","10"
"年六月庚寅","5","5","10"
"二十三年十","5","5","10"
"年五月癸巳","5","5","10"
"六年十二月","5","5","10"
"十二月癸亥","7","3","10"
"总河副都御","5","5","10"
"都御史翁大","5","5","10"
"御史翁大立","5","5","10"
"行后军都督","6","4","10"
"千二百五十","5","5","10"
"遣驸马都尉","6","4","10"
"西巡按御史","5","5","10"
"部尚书黄福","5","5","10"
"德元年六月","5","5","10"
"年四月乙亥","5","5","10"
"嘉靖四十年","1","9","10"
"下四人执弩","10","0","10"
"国子监博士","4","6","10"
"漕运总兵官","5","5","10"
"永乐二十二","2","8","10"
"乐二十二年","2","8","10"
"永乐十三年","4","6","10"
"十四年春正","10","0","10"
"二十五年春","6","4","10"
"二十六年春","6","4","10"
"春正月辛未","10","0","10"
"十一月甲午","9","1","10"
"大学士孙承","5","5","10"
"学士孙承宗","5","5","10"
"湖广灾税粮","10","0","10"
"南京锦衣卫","4","6","10"
"司礼监太监","1","9","10"
"三月初一日","1","9","10"
"都御史潘季","5","5","10"
"御史潘季驯","5","5","10"
"江西提学副","5","5","10"
"万历三十四","2","8","10"
"历三十四年","2","8","10"
"六月十四日","1","9","10"
"嘉靖二十一","1","9","10"
"靖二十一年","1","9","10"
"二月十八日","1","9","10"
"律郎举麾奏","5","5","10"
"万历三十六","1","9","10"
"历三十六年","1","9","10"
"命令有关官","0","10","10"
"从了他的意","0","10","10"
"上报给朝廷","0","10","10"
"他被提升为","0","10","10"
"朝廷知道后","0","10","10"
"没有固定的","0","10","10"
"友德征讨云","0","10","10"
"德征讨云南","0","10","10"
"百官穿朝服","0","10","10"
"河南发生蝗","0","10","10"
"哈密入朝进","0","10","10"
"密入朝进贡","0","10","10"
"攻击东林党","0","10","10"
"升为太常少","0","10","10"
"司礼监秉笔","0","10","10"
"礼监秉笔太","0","10","10"
"监秉笔太监","0","10","10"
"弹劾大学士","0","10","10"
"来京城朝觐","0","10","10"
"事上报朝廷","0","10","10"
"报传到朝廷","0","10","10"
"边疆地区的","0","10","10"
"赏赐给他们","0","10","10"
"弹劾罢免了","0","10","10"
"宁王朱宸濠","0","10","10"
"任南京户部","0","10","10"
"他的两个儿","0","10","10"
"儿子为锦衣","0","10","10"
"保兼太子太","0","10","10"
"这些人都是","0","10","10"
"来朝见皇帝","0","10","10"
"东南地区的","0","10","10"
"儿子严世蕃","0","10","10"
"他被加封为","0","10","10"
"了一个多月","0","10","10"
"他们安置在","0","10","10"
"转任左侍郎","0","10","10"
"他们的罪行","0","10","10"
"升为吏部右","0","10","10"
"内阁大臣的","0","10","10"
"上奏弹劾他","0","10","10"
"第二年十月","0","10","10"
"理都督同知","0","10","10"
"以都督佥事","0","10","10"
"剥夺他的官","0","10","10"
"十五年冬天","0","10","10"
"为南京兵部","0","10","10"
"升为左副都","0","10","10"
"任礼部主事","0","10","10"
"作为自己的","0","10","10"
"皇帝采纳了","0","10","10"
"一天天增多","0","10","10"
"加官为太子","0","10","10"
"善于安抚士","0","10","10"
"投降过来的","0","10","10"
"二月初一日","0","10","10"
"被剥夺官职","0","10","10"
"为吏部左侍","0","10","10"
"国家的根本","0","10","10"
"被提升为右","0","10","10"
"母亲和妻子","0","10","10"
"在平台召见","0","10","10"
"令朝廷大臣","0","10","10"
"十一月初一","0","10","10"
"任南京工部","0","10","10"
"侍郎兼翰林","0","10","10"
"他为太子少","0","10","10"
"为左布政使","0","10","10"
"詹事府的事","0","10","10"
"推举内阁大","0","10","10"
"举内阁大臣","0","10","10"
"世宗大为恼","0","10","10"
"河南发生大","0","10","10"
"向朝廷入贡","0","10","10"
"为副都御史","0","10","10"
"为平羌将军","0","10","10"
"俺答侵犯宣","0","10","10"
"答侵犯宣府","0","10","10"
"了张士诚的","0","10","10"
"受蓝玉党案","0","10","10"
"打败张士诚","0","10","10"
"这就是所说","0","10","10"
"派使者到朝","0","10","10"
"向明朝廷献","0","10","10"
"朝贡的使者","0","10","10"
"二十六年规","0","10","10"
"派遣使者到","0","10","10"
"宣慰使职务","0","10","10"
"为征夷将军","0","10","10"
"充任右参将","0","10","10"
"在奉天门外","0","10","10"
"十二月初一","0","10","10"
"北极出地的","0","10","10"
"百官穿着朝","0","10","10"
"引导皇太子","0","10","10"
"驾临奉天门","0","10","10"
"穿平常服饰","0","10","10"
"洪武三年制","0","10","10"
"武三年制定","0","10","10"
"供奉安放在","0","10","10"
"从左门进入","0","10","10"
"没有固定人","0","10","10"
"有固定人数","0","10","10"
"固定的制度","0","10","10"
"河流入大海","0","10","10"
"生出一只猎","0","10","10"
"四人手持弩","0","10","10"
"各种颜色的","0","10","10"
"有云形图案","0","10","10"
"云形图案的","0","10","10"
"尺二寸有余","0","10","10"
"五彩云图案","0","10","10"
"品以上的官","0","10","10"
"皇帝亲自祭","0","10","10"
"受封号妇女","0","10","10"
"黑色角质材","0","10","10"
"色角质材料","0","10","10"
"材料装饰的","0","10","10"
"珍珠装饰的","0","10","10"
"绫罗嵌金线","0","10","10"
"年春正月二","0","10","10"
"春正月二十","0","10","10"
"在南郊隆重","0","10","10"
"南郊隆重祭","0","10","10"
"郊隆重祭祀","0","10","10"
"隆重祭祀天","0","10","10"
"重祭祀天地","0","10","10"
"八月十三日","0","10","10"
"十一月三日","0","10","10"
"三年正月十","0","10","10"
"十二月四日","0","10","10"
"一月十一日","0","10","10"
"八月十八日","0","10","10"
"被下锦衣卫","0","10","10"
"值文渊阁参","0","10","10"
"正月初一日","0","10","10"
"免陕西受灾","0","10","10"
"江西受灾税","0","10","10"
"天地于京师","0","10","10"
"地于京师南","0","10","10"
"州发生地震","0","10","10"
"第二次演奏","0","10","10"
"作为被除数","0","10","10"
"卫发生地震","0","10","10"
"同日发生地","0","10","10"
"一天天增高","0","10","10"
"这是好处之","0","10","10"
"乌撒军民府","4","5","9"
"万历八年进","5","4","9"
"历八年进士","5","4","9"
"加少傅太子","9","0","9"
"督三边军务","4","5","9"
"嘉靖八年进","4","5","9"
"靖八年进士","4","5","9"
"国子监司业","4","5","9"
"京吏部主事","4","5","9"
"授南京御史","6","3","9"
"天弘道高明","5","4","9"
"运圣武神功","5","4","9"
"圣武神功纯","5","4","9"
"武神功纯仁","5","4","9"
"万二千八百","5","4","9"
"护卫指挥使","5","4","9"
"嘉靖三十六","2","7","9"
"靖三十六年","2","7","9"
"长一尺二寸","4","5","9"
"员外郎二人","6","3","9"
"十年春二月","5","4","9"
"魏国公徐达","4","5","9"
"安远侯柳溥","5","4","9"
"土鲁番入贡","9","0","9"
"南京刑部侍","4","5","9"
"京刑部侍郎","4","5","9"
"湖广灾秋粮","9","0","9"
"南畿灾秋粮","9","0","9"
"礼科都事中","9","0","9"
"总理熊文灿","4","5","9"
"二十四年春","6","3","9"
"世袭锦衣卫","4","5","9"
"等处宣慰司","5","4","9"
"军民总管府","4","5","9"
"征南将军傅","4","5","9"
"南将军傅友","4","5","9"
"总督朱燮元","3","6","9"
"天全六番招","4","5","9"
"全六番招讨","4","5","9"
"六番招讨司","4","5","9"
"袭宣慰使职","1","8","9"
"大理少卿薛","5","4","9"
"西宁侯宋瑛","5","4","9"
"恭顺侯吴瑾","5","4","9"
"工部尚书李","4","5","9"
"加少保太子","9","0","9"
"容美宣抚司","4","5","9"
"永乐十六年","5","4","9"
"学士刘鸿训","5","4","9"
"都御史刘宗","4","5","9"
"御史刘宗周","4","5","9"
"擢兵部右侍","9","0","9"
"天启元年四","4","5","9"
"启元年四月","4","5","9"
"二十八年春","5","4","9"
"京礼部郎中","4","5","9"
"御史王安舜","4","5","9"
"事中何士晋","4","5","9"
"工部尚书杨","4","5","9"
"召刑部尚书","9","0","9"
"迁礼部右侍","9","0","9"
"部尚书陈新","5","4","9"
"山东布政使","4","5","9"
"翰林院庶吉","4","5","9"
"林院庶吉士","4","5","9"
"十二月二日","1","8","9"
"翰林院编修","4","5","9"
"掌詹事府事","7","2","9"
"仁圣皇太后","4","5","9"
"阁大学士入","6","3","9"
"恭顺侯吴继","5","4","9"
"顺侯吴继爵","5","4","9"
"明年成进士","9","0","9"
"分守副总兵","5","4","9"
"南提学副使","5","4","9"
"诏加太子太","9","0","9"
"福建按察使","5","4","9"
"广东右布政","4","5","9"
"孝穆皇太后","5","4","9"
"广东布政使","4","5","9"
"万二千余石","3","6","9"
"食禄千五百","9","0","9"
"嘉靖五年进","4","5","9"
"靖五年进士","4","5","9"
"衣卫堂上官","5","4","9"
"州兵备副使","5","4","9"
"二十三年正","4","5","9"
"俺答犯宣府","9","0","9"
"雷震谨身殿","6","3","9"
"武大将军总","5","4","9"
"大将军总兵","5","4","9"
"嘉靖元年正","4","5","9"
"靖元年正月","4","5","9"
"二十三年追","7","2","9"
"行枢密院事","5","4","9"
"州宣慰使杨","4","5","9"
"保国公朱晖","5","4","9"
"安卫指挥使","4","5","9"
"孟密安抚司","4","5","9"
"成化十六年","3","6","9"
"二十六年正","4","5","9"
"兵部尚书右","9","0","9"
"尚书周洪谟","4","5","9"
"陕西右参政","4","5","9"
"十二年十二","5","4","9"
"年十二月己","5","4","9"
"三年二月己","5","4","9"
"年十一月癸","4","5","9"
"年正月庚寅","5","4","9"
"三年二月甲","5","4","9"
"德元年七月","4","5","9"
"房中书舍人","5","4","9"
"天下府州县","5","4","9"
"万九千馀两","9","0","9"
"二十年五月","4","5","9"
"小浮桥故道","5","4","9"
"银二十万两","3","6","9"
"万四千五百","5","4","9"
"十二月己巳","6","3","9"
"年二月甲戌","5","4","9"
"高一丈二尺","4","5","9"
"蔽膝随裳色","9","0","9"
"抚安四夷舞","8","1","9"
"八年春二月","6","3","9"
"坐胡惟庸党","8","1","9"
"夏四月己酉","9","0","9"
"冬十一月甲","9","0","9"
"总兵官尤世","4","5","9"
"右都御史王","4","5","9"
"免河南灾税","9","0","9"
"部尚书王直","4","5","9"
"江西灾税粮","9","0","9"
"祀昊天上帝","5","4","9"
"一百二十一","4","5","9"
"食禄九百石","1","8","9"
"新〈土典〉","9","0","9"
"福建总兵官","4","5","9"
"十二月十六","2","7","9"
"五月十三日","2","7","9"
"七月十五日","1","8","9"
"礼部太常官","4","5","9"
"解送到京城","0","9","9"
"兵部讨论后","0","9","9"
"给司法部门","0","9","9"
"持自己的意","0","9","9"
"交给有关部","0","9","9"
"帝答复知道","0","9","9"
"他乘驿车回","0","9","9"
"帝没有答复","0","9","9"
"皇上不高兴","0","9","9"
"他们的赏赐","0","9","9"
"例给予赏赐","0","9","9"
"给他们颁发","0","9","9"
"答应了他们","0","9","9"
"上书弹劾他","0","9","9"
"听从他的意","0","9","9"
"所说的那样","0","9","9"
"到这个时候","0","9","9"
"调防的军队","0","9","9"
"于是给事中","0","9","9"
"八年中进士","0","9","9"
"为少傅兼太","0","9","9"
"十九年秋天","0","9","9"
"跟从傅友德","0","9","9"
"三品官以上","0","9","9"
"会试第一名","0","9","9"
"罕入朝进贡","0","9","9"
"剌入朝进贡","0","9","9"
"为征西将军","0","9","9"
"立为皇太子","0","9","9"
"乌斯藏前来","0","9","9"
"斯藏前来朝","0","9","9"
"藏前来朝贡","0","9","9"
"陕西受灾税","0","9","9"
"上奏章弹劾","0","9","9"
"没有一个人","0","9","9"
"被停发俸禄","0","9","9"
"哥哥的儿子","0","9","9"
"大清兵进入","0","9","9"
"执掌司礼监","0","9","9"
"给事中雒遵","0","9","9"
"烈帝即位后","0","9","9"
"皇后的父亲","0","9","9"
"事传到朝廷","0","9","9"
"隶属于四川","0","9","9"
"京城朝觐皇","0","9","9"
"遗留下来的","0","9","9"
"朝廷在此设","0","9","9"
"千八百多人","0","9","9"
"没有汉化的","0","9","9"
"多次发生地","0","9","9"
"将他们逮捕","0","9","9"
"为指挥同知","0","9","9"
"升为太常寺","0","9","9"
"请求将他们","0","9","9"
"他在任上去","0","9","9"
"和他的弟弟","0","9","9"
"帝答应了他","0","9","9"
"皇帝命令给","0","9","9"
"被投入监狱","0","9","9"
"的各位大臣","0","9","9"
"帝下诏给他","0","9","9"
"下诏给他们","0","9","9"
"朝廷进献大","0","9","9"
"一千九百多","0","9","9"
"朝廷进献贡","0","9","9"
"宣慰使的职","0","9","9"
"慰使的职务","0","9","9"
"的儿子严世","0","9","9"
"为太子太师","0","9","9"
"加封他为少","0","9","9"
"兼任文渊阁","0","9","9"
"复了他的官","0","9","9"
"是东林党人","0","9","9"
"被授予刑部","0","9","9"
"升为兵部右","0","9","9"
"佥都御史的","0","9","9"
"了他的官职","0","9","9"
"都督佥事的","0","9","9"
"敌人的老巢","0","9","9"
"朝廷命令他","0","9","9"
"宗皇帝即位","0","9","9"
"请求皇帝下","0","9","9"
"水可以灌溉","0","9","9"
"提拔为右佥","0","9","9"
"拔为右佥都","0","9","9"
"皇帝都不听","0","9","9"
"副都御史的","0","9","9"
"帝于是命令","0","9","9"
"官为太子太","0","9","9"
"击败了他们","0","9","9"
"被打了下来","0","9","9"
"有关部门为","0","9","9"
"为世袭锦衣","0","9","9"
"向皇帝报告","0","9","9"
"良玉的部队","0","9","9"
"他们的妻子","0","9","9"
"赠他为太子","0","9","9"
"一千六百多","0","9","9"
"为兵部左侍","0","9","9"
"是朝廷大臣","0","9","9"
"随大将军徐","0","9","9"
"他为右佥都","0","9","9"
"大清兵打下","0","9","9"
"为礼部左侍","0","9","9"
"不能说没有","0","9","9"
"升为左侍郎","0","9","9"
"封太子少保","0","9","9"
"被赠封为太","0","9","9"
"晋升为礼部","0","9","9"
"下优诏答复","0","9","9"
"袭击并杀死","0","9","9"
"了他的官籍","0","9","9"
"担任总兵官","0","9","9"
"皇帝的旨意","0","9","9"
"事府的事务","0","9","9"
"任命为兵部","0","9","9"
"皇帝身边的","0","9","9"
"八月二十八","0","9","9"
"洪武年间的","0","9","9"
"将他们安置","0","9","9"
"为本生皇考","0","9","9"
"都察院事务","0","9","9"
"于安抚士卒","0","9","9"
"不久进升为","0","9","9"
"升为翰林学","0","9","9"
"王守仁的学","0","9","9"
"一定的时间","0","9","9"
"充任副总兵","0","9","9"
"太祖高兴地","0","9","9"
"祖高兴地说","0","9","9"
"向朝廷诉说","0","9","9"
"朝廷贡献土","0","9","9"
"使者到朝廷","0","9","9"
"明朝廷献贡","0","9","9"
"的使者到达","0","9","9"
"使者到京城","0","9","9"
"派遣使者向","0","9","9"
"土鲁番的使","0","9","9"
"请求向朝廷","0","9","9"
"渡过金沙江","0","9","9"
"一个接一个","0","9","9"
"假回乡去了","0","9","9"
"军前往征讨","0","9","9"
"进升为右都","0","9","9"
"提升为代理","0","9","9"
"极出地的度","0","9","9"
"皇帝穿皮弁","0","9","9"
"年规定制度","0","9","9"
"都行再拜礼","0","9","9"
"品级的官员","0","9","9"
"有品级官员","0","9","9"
"五拜三叩头","0","9","9"
"拜三叩头礼","0","9","9"
"百官穿素服","0","9","9"
"驾临西角门","0","9","9"
"停止上朝一","0","9","9"
"止上朝一天","0","9","9"
"官举行祭礼","0","9","9"
"淹死很多人","0","9","9"
"命令主管官","0","9","9"
"河溃决堤岸","0","9","9"
"年重新制定","0","9","9"
"传染病大流","0","9","9"
"染病大流行","0","9","9"
"流行传染病","0","9","9"
"河在开封决","0","9","9"
"有花纹的铜","0","9","9"
"色有花纹的","0","9","9"
"尺四寸有余","0","9","9"
"珠翡翠装饰","0","9","9"
"色彩鲜艳的","0","9","9"
"口里衔着珍","0","9","9"
"里衔着珍珠","0","9","9"
"袖端衣边缘","0","9","9"
"端衣边缘饰","0","9","9"
"二月二十日","0","9","9"
"一月十二日","0","9","9"
"十一月七日","0","9","9"
"六月十九日","0","9","9"
"二年正月十","0","9","9"
"等人以进士","0","9","9"
"人以进士及","0","9","9"
"以进士及第","0","9","9"
"以第二年为","0","9","9"
"十月十三日","0","9","9"
"二月二十一","0","9","9"
"四月十三日","0","9","9"
"十二月十三","0","9","9"
"诏大赦天下","0","9","9"
"等人为进士","0","9","9"
"人为进士及","0","9","9"
"令群臣修身","0","9","9"
"免畿内受灾","0","9","9"
"湖广受灾税","0","9","9"
"广受灾税粮","0","9","9"
"黄道赤道的","0","9","9"
"也发生地震","0","9","9"
"束发生饥荒","0","9","9"
"河床一天天","0","9","9"
"杖刑一百下","0","9","9"
"事中亓诗教","4","4","8"
"赠太常少卿","6","2","8"
"总兵左光先","5","3","8"
"御史巡抚山","4","4","8"
"宣府游击将","4","4","8"
"府游击将军","4","4","8"
"崇祯四年进","4","4","8"
"祯四年进士","4","4","8"
"陕西左布政","4","4","8"
"总兵陈洪范","4","4","8"
"锦衣卫都督","2","6","8"
"二十九年进","5","3","8"
"年进士第一","7","1","8"
"召兵部右侍","8","0","8"
"同知詹事院","4","4","8"
"知詹事院事","4","4","8"
"同知大都督","4","4","8"
"安平侯李远","4","4","8"
"州卫指挥佥","4","4","8"
"南京户部右","4","4","8"
"京户部右侍","4","4","8"
"南京吏部主","4","4","8"
"弘治六年进","5","3","8"
"治六年进士","5","3","8"
"秦淮翼元帅","4","4","8"
"武卫指挥使","4","4","8"
"靖海侯吴祯","5","3","8"
"授翰林编修","6","2","8"
"治二年五月","4","4","8"
"五城兵马指","4","4","8"
"书参赞机务","5","3","8"
"部尚书郑三","4","4","8"
"统军元帅府","4","4","8"
"陕西总兵官","4","4","8"
"二百四十三","4","4","8"
"万三千馀石","8","0","8"
"万七千馀两","8","0","8"
"年五月戊寅","4","4","8"
"十八年九月","4","4","8"
"二十二年七","4","4","8"
"二十四年十","4","4","8"
"都御史高明","4","4","8"
"国将军夫人","4","4","8"
"魏国公徐辉","4","4","8"
"国公徐辉祖","4","4","8"
"都督佥事李","4","4","8"
"俱礼部尚书","8","0","8"
"尚书右副都","8","0","8"
"书右副都御","8","0","8"
"吏部侍郎陈","4","4","8"
"应天巡抚周","4","4","8"
"御史李应升","4","4","8"
"孝慈高皇后","4","4","8"
"畿内灾税粮","8","0","8"
"都御史屠侨","4","4","8"
"刑部侍郎彭","4","4","8"
"督十二团营","4","4","8"
"南畿灾税粮","8","0","8"
"尚书潘季驯","4","4","8"
"部尚书赵焕","4","4","8"
"事中赵兴邦","4","4","8"
"大学士许国","4","4","8"
"巡抚陈奇瑜","4","4","8"
"兵部尚书吕","4","4","8"
"部尚书吕维","4","4","8"
"尚书吕维祺","4","4","8"
"巡抚陈必谦","4","4","8"
"总督郑崇俭","4","4","8"
"太监曹化淳","4","4","8"
"总督何腾蛟","4","4","8"
"巡抚张国维","4","4","8"
"参将刘士杰","4","4","8"
"太监卢九德","4","4","8"
"事中王继光","4","4","8"
"部尚书王国","4","4","8"
"部尚书陆光","4","4","8"
"知县满朝荐","4","4","8"
"大学士沈鲤","4","4","8"
"二十四大罪","5","3","8"
"御史林汝翥","4","4","8"
"吏部尚书周","4","4","8"
"御史王志道","4","4","8"
"部尚书张凤","4","4","8"
"将军西平侯","4","4","8"
"永宁宣抚司","4","4","8"
"军民千户所","4","4","8"
"祭酒李时勉","4","4","8"
"户部尚书刘","4","4","8"
"尚书刘中敷","4","4","8"
"国公朱勇等","4","4","8"
"监正彭德清","4","4","8"
"员外郎林俊","4","4","8"
"都御史王越","4","4","8"
"户部尚书韩","4","4","8"
"部尚书韩文","4","4","8"
"擢礼部尚书","8","0","8"
"御史王时中","4","4","8"
"兵部尚书曹","4","4","8"
"部尚书曹元","4","4","8"
"刑部尚书刘","4","4","8"
"天下朝觐官","5","3","8"
"吏部尚书尹","4","4","8"
"大学士万安","4","4","8"
"镇国公朱寿","4","4","8"
"擢都督同知","8","0","8"
"宣慰彭明辅","4","4","8"
"二十三年五","4","4","8"
"受群臣朝贺","3","5","8"
"京山侯崔元","4","4","8"
"进吏部尚书","8","0","8"
"刑部尚书乔","4","4","8"
"部尚书乔允","4","4","8"
"尚书乔允升","4","4","8"
"诚意伯刘孔","4","4","8"
"意伯刘孔昭","4","4","8"
"福王立南京","8","0","8"
"南京户部主","4","4","8"
"京户部主事","4","4","8"
"天启元年六","4","4","8"
"启元年六月","4","4","8"
"部尚书李戴","4","4","8"
"部尚书杨巍","4","4","8"
"顺义王俺答","4","4","8"
"二十三年九","4","4","8"
"御史贾继春","4","4","8"
"十年十二月","4","4","8"
"保太子太保","8","0","8"
"事中王元翰","4","4","8"
"礼部尚书孙","4","4","8"
"二百六十二","4","4","8"
"本卫指挥使","3","5","8"
"荫指挥佥事","7","1","8"
"事中王德完","4","4","8"
"年正月四日","1","7","8"
"崇祯七年进","4","4","8"
"祯七年进士","4","4","8"
"巡抚许鼎臣","3","5","8"
"千七百余人","6","2","8"
"太常少卿李","4","4","8"
"四十七年进","5","3","8"
"事中章正宸","4","4","8"
"将军徐达北","2","6","8"
"万七千余人","5","3","8"
"十一月五日","1","7","8"
"十一月十七","1","7","8"
"一月十七日","1","7","8"
"治三年三月","4","4","8"
"进礼部右侍","8","0","8"
"松兵备副使","4","4","8"
"总兵官马芳","4","4","8"
"迁侍讲学士","8","0","8"
"事中欧阳一","4","4","8"
"中欧阳一敬","4","4","8"
"总督王崇古","4","4","8"
"侍郎东阁大","8","0","8"
"郎东阁大学","8","0","8"
"国公沐朝弼","4","4","8"
"事中徐贞明","4","4","8"
"衣卫指挥同","4","4","8"
"南京御史王","4","4","8"
"事中刘道亨","4","4","8"
"文华殿大学","4","4","8"
"华殿大学士","4","4","8"
"左都御史吴","4","4","8"
"总兵官刘显","4","4","8"
"都御史韩雍","4","4","8"
"南京鸿胪卿","4","4","8"
"大学士翟銮","4","4","8"
"镇守总兵官","4","4","8"
"河南提学副","4","4","8"
"二十二年三","4","4","8"
"礼部侍郎郭","4","4","8"
"部侍郎郭正","4","4","8"
"三十五年夏","4","4","8"
"东总兵官李","4","4","8"
"万五千八百","4","4","8"
"事中钱梦皋","4","4","8"
"佥都御史李","4","4","8"
"尚书罗万化","4","4","8"
"三十年二月","4","4","8"
"尚书萧大亨","4","4","8"
"四十六年四","4","4","8"
"庄烈帝嗣位","8","0","8"
"尚书余子俊","4","4","8"
"迁浙江按察","7","1","8"
"二千八百余","3","5","8"
"十二月十一","2","6","8"
"本生皇考恭","4","4","8"
"生皇考恭穆","4","4","8"
"圣母章圣皇","4","4","8"
"正德三年进","5","3","8"
"德三年进士","5","3","8"
"十一年十月","4","4","8"
"驸马都尉崔","4","4","8"
"马都尉崔元","4","4","8"
"威武副将军","4","4","8"
"百五十三万","4","4","8"
"二十四年八","4","4","8"
"渊仁宽穆纯","4","4","8"
"仁宽穆纯圣","4","4","8"
"通政赵居任","4","4","8"
"奉天靖难推","4","4","8"
"天靖难推诚","4","4","8"
"军都督府左","3","5","8"
"浙江左布政","4","4","8"
"江左布政使","4","4","8"
"尚书吕震请","4","4","8"
"府都督同知","4","4","8"
"吏部尚书马","4","4","8"
"吏部尚书方","4","4","8"
"刑部尚书何","4","4","8"
"四川右参政","4","4","8"
"千三百余人","7","1","8"
"十四年九月","4","4","8"
"巡抚曹邦辅","4","4","8"
"御史胡宗宪","4","4","8"
"总兵官赵岢","4","4","8"
"前军都督府","4","4","8"
"百户王邦奇","4","4","8"
"刑部尚书胡","4","4","8"
"吏部尚书廖","4","4","8"
"十九年正月","2","6","8"
"礼部尚书严","4","4","8"
"部尚书严嵩","4","4","8"
"都御史鄢懋","4","4","8"
"御史鄢懋卿","4","4","8"
"都御史海瑞","4","4","8"
"钦明大狱录","4","4","8"
"事中孙应奎","4","4","8"
"十一月乙未","7","1","8"
"军卫指挥使","4","4","8"
"平章达里麻","4","4","8"
"大将军冯胜","4","4","8"
"二十一年三","4","4","8"
"武卫指挥佥","4","4","8"
"中丞蛮子海","4","4","8"
"丞蛮子海牙","4","4","8"
"行枢密院判","4","4","8"
"破蛮子海牙","5","3","8"
"右军都督府","2","6","8"
"皇太子诸王","6","2","8"
"贵州巡抚王","4","4","8"
"太子爱猷识","4","4","8"
"子爱猷识理","4","4","8"
"征西将军冯","4","4","8"
"西将军冯胜","4","4","8"
"永昌侯蓝玉","4","4","8"
"一百五十人","2","6","8"
"定远伯石彪","4","4","8"
"三十一年春","5","3","8"
"三十三年春","4","4","8"
"木邦宣慰罕","5","3","8"
"云南布政司","4","4","8"
"工部侍郎张","4","4","8"
"保定伯梁铭","4","4","8"
"二十年三月","4","4","8"
"阁大学士参","3","5","8"
"都御史俞谏","4","4","8"
"浙江右参政","4","4","8"
"建昌侯张延","4","4","8"
"昌侯张延龄","4","4","8"
"大学士杨荣","4","4","8"
"千五百余人","5","3","8"
"总兵官谭广","4","4","8"
"太监曹吉祥","4","4","8"
"授锦衣卫指","6","2","8"
"安乡伯张安","4","4","8"
"擢署都指挥","8","0","8"
"侍郎翰林学","8","0","8"
"郎翰林学士","8","0","8"
"德元年二月","4","4","8"
"都御史李秉","4","4","8"
"大宁都指挥","4","4","8"
"三百六十度","3","5","8"
"千三百四十","4","4","8"
"奉天殿丹陛","6","2","8"
"永乐十五年","4","4","8"
"年二月壬申","4","4","8"
"十二月甲午","7","1","8"
"年十二月壬","4","4","8"
"三年四月戊","4","4","8"
"五年二月壬","4","4","8"
"三年四月壬","4","4","8"
"年四月壬午","4","4","8"
"五年二月癸","4","4","8"
"十一月己亥","5","3","8"
"年四月乙巳","4","4","8"
"年正月辛亥","4","4","8"
"年二月壬子","4","4","8"
"九年十二月","4","4","8"
"十二月庚子","7","1","8"
"年六月壬申","4","4","8"
"三十三年四","4","4","8"
"三年五月癸","4","4","8"
"十五年十二","4","4","8"
"四十四年七","4","4","8"
"十一月癸巳","6","2","8"
"尚书孙原贞","4","4","8"
"户部尚书赵","5","3","8"
"部尚书赵世","5","3","8"
"祭酒周洪谟","4","4","8"
"明洪武元年","4","4","8"
"南巡抚都御","4","4","8"
"河道都御史","4","4","8"
"游击将军二","4","4","8"
"击将军二人","4","4","8"
"营中军官一","4","4","8"
"分守参将四","4","4","8"
"守参将四人","4","4","8"
"工部尚书朱","4","4","8"
"千三百三十","4","4","8"
"部尚书梁廷","4","4","8"
"尚书梁廷栋","4","4","8"
"十五年十一","4","4","8"
"五年十一月","4","4","8"
"八年六月丙","4","4","8"
"十二月辛酉","7","1","8"
"相国李善长","4","4","8"
"下四人执弓","8","0","8"
"四人执弓箭","8","0","8"
"香草板十二","4","4","8"
"草板十二片","4","4","8"
"攀顶黄线圆","6","2","8"
"金云头连三","4","4","8"
"兵部侍郎张","4","4","8"
"直隶巡按御","4","4","8"
"隶巡按御史","4","4","8"
"春正月丙寅","8","0","8"
"二十七年春","5","3","8"
"十八年春正","6","2","8"
"武定侯郭英","4","4","8"
"普定侯陈桓","4","4","8"
"冬十月丁巳","8","0","8"
"春正月丙午","8","0","8"
"礼部侍郎张","4","4","8"
"征虏副将军","4","4","8"
"梁王阿鲁温","4","4","8"
"春正月己卯","8","0","8"
"冬十月辛丑","6","2","8"
"杀巡抚都御","5","3","8"
"山东右参政","4","4","8"
"巡抚佥都御","4","4","8"
"抚佥都御史","4","4","8"
"大败张献忠","2","6","8"
"襄城伯李隆","4","4","8"
"天地宗庙社","2","6","8"
"地宗庙社稷","2","6","8"
"免湖广灾税","8","0","8"
"巡抚侍郎周","4","4","8"
"抚侍郎周忱","4","4","8"
"都御史王文","4","4","8"
"免陕西灾税","8","0","8"
"户部尚书金","4","4","8"
"免南畿灾秋","8","0","8"
"军务都御史","4","4","8"
"祭告天地宗","2","6","8"
"永兴翼元帅","4","4","8"
"兴翼元帅府","4","4","8"
"达识帖睦迩","4","4","8"
"四年正月十","1","7","8"
"禄一千二百","1","7","8"
"一千二百石","1","7","8"
"参将戚继光","4","4","8"
"河都御史傅","4","4","8"
"都御史傅希","4","4","8"
"御史傅希挚","4","4","8"
"都御史李世","4","4","8"
"御史李世达","4","4","8"
"辅臣王锡爵","3","5","8"
"嘉靖三十一","2","6","8"
"靖三十一年","2","6","8"
"六月十七日","1","7","8"
"万历四十六","1","7","8"
"历四十六年","1","7","8"
"九年正月十","1","7","8"
"母皇后殿下","4","4","8"
"十三度七十","4","4","8"
"百二十一度","4","4","8"
"股五十六度","5","3","8"
"十六度零二","4","4","8"
"一万四千八","4","4","8"
"四千八百二","4","4","8"
"千八百二十","4","4","8"
"八百二十三","4","4","8"
"百二十三度","4","4","8"
"二十三度零","4","4","8"
"十三度零六","4","4","8"
"黄道半弧弦","4","4","8"
"度八十七分","4","4","8"
"年三月丙申","4","4","8"
"六年正月丁","4","4","8"
"复黄河故道","3","5","8"
"河都御史刘","4","4","8"
"总河侍郎李","4","4","8"
"侍郎张国维","4","4","8"
"钞二千二百","4","4","8"
"二千二百五","4","4","8"
"二百五十贯","4","4","8"
"光禄寺少卿","1","7","8"
"九月二十四","1","7","8"
"个月的俸禄","0","8","8"
"像以前那样","0","8","8"
"报告给皇帝","0","8","8"
"皇上更加愤","0","8","8"
"上更加愤怒","0","8","8"
"已经很久了","0","8","8"
"交给司法部","0","8","8"
"的人不计其","0","8","8"
"人不计其数","0","8","8"
"为自己辩护","0","8","8"
"皇帝答复知","0","8","8"
"接连上奏请","0","8","8"
"连上奏请求","0","8","8"
"上奏请求离","0","8","8"
"最终还是没","0","8","8"
"皇上赐给他","0","8","8"
"不高兴地说","0","8","8"
"纳他的意见","0","8","8"
"治他们的罪","0","8","8"
"于是朝廷便","0","8","8"
"他们的使者","0","8","8"
"人向朝廷进","0","8","8"
"尊崇自己的","0","8","8"
"的亲生父母","0","8","8"
"报告给朝廷","0","8","8"
"对他们加以","0","8","8"
"外地调防的","0","8","8"
"地调防的军","0","8","8"
"执掌锦衣卫","0","8","8"
"任兵部主事","0","8","8"
"五年的进士","0","8","8"
"称孝宗为皇","0","8","8"
"以兵部尚书","0","8","8"
"为南京御史","0","8","8"
"陈友谅进犯","0","8","8"
"官三品以上","0","8","8"
"决堤于开封","0","8","8"
"万八千余两","0","8","8"
"陕西发生大","0","8","8"
"州发生大水","0","8","8"
"用抹金的铜","0","8","8"
"常遇春攻克","0","8","8"
"撒马儿罕入","0","8","8"
"马儿罕入朝","0","8","8"
"儿罕入朝进","0","8","8"
"瓦剌入朝进","0","8","8"
"尚书兼右副","0","8","8"
"书兼右副都","0","8","8"
"东受灾税粮","0","8","8"
"畿内受灾税","0","8","8"
"内受灾税粮","0","8","8"
"弹劾张居正","0","8","8"
"皇上不允许","0","8","8"
"提升为太常","0","8","8"
"皇上的意思","0","8","8"
"礼科都给事","0","8","8"
"聚集在一起","0","8","8"
"被逮捕入狱","0","8","8"
"献忠在谷城","0","8","8"
"对他们进行","0","8","8"
"他们的首领","0","8","8"
"左光斗等人","0","8","8"
"唆使给事中","0","8","8"
"为锦衣卫千","0","8","8"
"魏忠贤于是","0","8","8"
"被言官弹劾","0","8","8"
"给事中惠世","0","8","8"
"是魏忠贤的","0","8","8"
"传到朝廷后","0","8","8"
"皇帝派宦官","0","8","8"
"来向朝廷献","0","8","8"
"皇帝下诏将","0","8","8"
"廷贡献马匹","0","8","8"
"献马匹和土","0","8","8"
"马匹和土产","0","8","8"
"此事上报朝","0","8","8"
"朝廷便命令","0","8","8"
"兵部上奏说","0","8","8"
"捷报传到朝","0","8","8"
"第二个儿子","0","8","8"
"替自己赎罪","0","8","8"
"坚决不同意","0","8","8"
"廷在此设置","0","8","8"
"来朝觐皇帝","0","8","8"
"向皇帝进献","0","8","8"
"领精锐骑兵","0","8","8"
"就是古代的","0","8","8"
"三年向朝廷","0","8","8"
"年向朝廷进","0","8","8"
"向皇帝上奏","0","8","8"
"讨伐平定了","0","8","8"
"求朝廷派兵","0","8","8"
"的部落酋长","0","8","8"
"等人前来朝","0","8","8"
"请求允许他","0","8","8"
"天下的人都","0","8","8"
"合皇上心意","0","8","8"
"子为锦衣卫","0","8","8"
"他随从皇上","0","8","8"
"朝见皇帝的","0","8","8"
"讨论后认为","0","8","8"
"绣有蟒纹的","0","8","8"
"十三年冬天","0","8","8"
"斩获敌人首","0","8","8"
"获敌人首级","0","8","8"
"朝廷派官员","0","8","8"
"赐给他银币","0","8","8"
"改任吏部尚","0","8","8"
"学士的身份","0","8","8"
"升为吏部尚","0","8","8"
"任太常少卿","0","8","8"
"臣集中商议","0","8","8"
"为东阁大学","0","8","8"
"削夺了他的","0","8","8"
"奏疏呈入后","0","8","8"
"授予刑部主","0","8","8"
"予刑部主事","0","8","8"
"为南京工部","0","8","8"
"任左佥都御","0","8","8"
"又上奏请求","0","8","8"
"督佥事的身","0","8","8"
"佥事的身份","0","8","8"
"进入朝廷担","0","8","8"
"入朝廷担任","0","8","8"
"一百七十多","0","8","8"
"个儿子做官","0","8","8"
"十三年春天","0","8","8"
"第二年七月","0","8","8"
"这一年冬天","0","8","8"
"提拔为礼部","0","8","8"
"兼太子太保","0","8","8"
"为兵科给事","0","8","8"
"过了一年的","0","8","8"
"年八十三岁","0","8","8"
"向朝廷举荐","0","8","8"
"被提升为都","0","8","8"
"行事的权力","0","8","8"
"升为户部尚","0","8","8"
"当时朝廷正","0","8","8"
"在南京做官","0","8","8"
"帝都采纳了","0","8","8"
"兵科都给事","0","8","8"
"不久提升为","0","8","8"
"提升为御史","0","8","8"
"军队和百姓","0","8","8"
"右都御史兼","0","8","8"
"大清兵攻克","0","8","8"
"派遣使者前","0","8","8"
"担任礼部尚","0","8","8"
"皇帝的心意","0","8","8"
"侍郎兼东阁","0","8","8"
"郎兼东阁大","0","8","8"
"张居正去世","0","8","8"
"为少詹事兼","0","8","8"
"加封太子少","0","8","8"
"皇帝下优诏","0","8","8"
"加一级俸禄","0","8","8"
"召见并任命","0","8","8"
"升任兵部右","0","8","8"
"尚书孙钅龙","0","8","8"
"为南京大理","0","8","8"
"与巡按御史","0","8","8"
"朝廷大臣都","0","8","8"
"管詹事府的","0","8","8"
"命为礼部尚","0","8","8"
"为刑部右侍","0","8","8"
"女儿许配给","0","8","8"
"手下的大臣","0","8","8"
"皇帝的意思","0","8","8"
"升为少詹事","0","8","8"
"同意他的意","0","8","8"
"意他的意见","0","8","8"
"自己的父母","0","8","8"
"遣官员前去","0","8","8"
"有紧急情况","0","8","8"
"八月十一日","0","8","8"
"优厚的赏赐","0","8","8"
"的赋税徭役","0","8","8"
"为工部侍郎","0","8","8"
"地全部平定","0","8","8"
"刘瑾被诛后","0","8","8"
"千三百多人","0","8","8"
"十一月十九","0","8","8"
"一月十九日","0","8","8"
"皇后的牌位","0","8","8"
"张士诚占据","0","8","8"
"任左副总兵","0","8","8"
"水灌溉田地","0","8","8"
"的全部兵力","0","8","8"
"当地守卫大","0","8","8"
"地守卫大臣","0","8","8"
"向朝廷报告","0","8","8"
"廷贡献土产","0","8","8"
"人前来朝贡","0","8","8"
"使者前来献","0","8","8"
"者前来献贡","0","8","8"
"明朝廷进贡","0","8","8"
"将此情况上","0","8","8"
"此事传到朝","0","8","8"
"朝廷献贡的","0","8","8"
"京城向朝廷","0","8","8"
"归还所侵占","0","8","8"
"还所侵占的","0","8","8"
"有一个名叫","0","8","8"
"马哈木等人","0","8","8"
"脱脱不花的","0","8","8"
"永乐年间的","0","8","8"
"派遣使者持","0","8","8"
"他们两个人","0","8","8"
"被飞箭射中","0","8","8"
"进升为代理","0","8","8"
"被提升为代","0","8","8"
"郎兼翰林学","0","8","8"
"出地的度数","0","8","8"
"政司所属的","0","8","8"
"女宿的分野","0","8","8"
"如同前面所","0","8","8"
"内赞官引导","0","8","8"
"停止上朝三","0","8","8"
"止上朝三天","0","8","8"
"祭祀的礼仪","0","8","8"
"聚集举哀号","0","8","8"
"集举哀号哭","0","8","8"
"太常卿上奏","0","8","8"
"拜礼的位置","0","8","8"
"库发生火灾","0","8","8"
"平民的房屋","0","8","8"
"牲畜不计其","0","8","8"
"二月癸亥日","0","8","8"
"南京刮大风","0","8","8"
"一天天增加","0","8","8"
"没有比这更","0","8","8"
"都发生大水","0","8","8"
"四人手持弓","0","8","8"
"人手持弓箭","0","8","8"
"用金粉描绘","0","8","8"
"绘有云形图","0","8","8"
"与大辖相同","0","8","8"
"衔着珍珠装","0","8","8"
"着珍珠装饰","0","8","8"
"珠装饰的结","0","8","8"
"平定天下之","0","8","8"
"定天下之舞","0","8","8"
"四月二十三","0","8","8"
"三月十一日","0","8","8"
"十一月十三","0","8","8"
"一月十三日","0","8","8"
"十一月十二","0","8","8"
"七月十四日","0","8","8"
"十一月六日","0","8","8"
"三月十九日","0","8","8"
"一月十五日","0","8","8"
"在南郊大祭","0","8","8"
"五年正月十","0","8","8"
"十二月七日","0","8","8"
"十一月十一","0","8","8"
"五月十六日","0","8","8"
"隆重祭奠先","0","8","8"
"重祭奠先师","0","8","8"
"南入朝进贡","0","8","8"
"免江西受灾","0","8","8"
"南畿受灾税","0","8","8"
"畿受灾税粮","0","8","8"
"钦天监官员","0","8","8"
"常遇春率军","0","8","8"
"跟随大将军","0","8","8"
"依从他们的","0","8","8"
"是大罪之十","0","8","8"
"杨嗣昌于是","0","8","8"
"第一次演奏","0","8","8"
"第三次演奏","0","8","8"
"第四次演奏","0","8","8"
"第五次演奏","0","8","8"
"是黄道赤道","0","8","8"
"南发生地震","0","8","8"
"床一天天增","0","8","8"
"松江华亭人","5","2","7"
"太监刘永诚","3","4","7"
"左丞相李善","3","4","7"
"部尚书参赞","4","3","7"
"总督三边军","3","4","7"
"迁南京户部","7","0","7"
"南京光禄卿","4","3","7"
"工部尚书赵","3","4","7"
"部尚书赵璜","3","4","7"
"京国子监司","3","4","7"
"右卫指挥使","4","3","7"
"河南开封府","4","3","7"
"万历四十二","1","6","7"
"历四十二年","1","6","7"
"四年六月丙","4","3","7"
"三十九年春","4","3","7"
"设门正一人","4","3","7"
"尚书参赞机","4","3","7"
"云南总兵官","4","3","7"
"遣工部侍郎","4","3","7"
"命副都御史","6","1","7"
"嘉靖二十七","2","5","7"
"靖二十七年","2","5","7"
"兵二部尚书","4","3","7"
"十七年春二","4","3","7"
"七年春二月","4","3","7"
"淇国公丘福","3","4","7"
"总兵官安远","4","3","7"
"兵官安远侯","4","3","7"
"官安远侯柳","4","3","7"
"下兵部尚书","4","3","7"
"兴献王长子","5","2","7"
"免湖广灾秋","7","0","7"
"翰林院修撰","3","4","7"
"考功员外郎","3","4","7"
"家居二十年","7","0","7"
"总兵杜文焕","4","3","7"
"三月十三日","1","6","7"
"都督朱希孝","3","4","7"
"尚书王国光","4","3","7"
"学士刘一燝","6","1","7"
"等五十余人","4","3","7"
"尚书张凤翼","3","4","7"
"大总督卢象","3","4","7"
"正德十五年","2","5","7"
"宣慰安万铨","3","4","7"
"佩平蛮将军","4","3","7"
"四川布政司","3","4","7"
"洪熙元年二","3","4","7"
"熙元年二月","3","4","7"
"太皇太后崩","7","0","7"
"驸马都尉井","3","4","7"
"马都尉井源","3","4","7"
"太平侯张瑾","4","3","7"
"迁都督佥事","7","0","7"
"称威武大将","4","3","7"
"家居二十余","5","2","7"
"容美宣抚田","4","3","7"
"两江口长官","3","4","7"
"京翰林院事","4","3","7"
"加太子太傅","7","0","7"
"大将军仇鸾","4","3","7"
"召礼部右侍","7","0","7"
"子中书舍人","7","0","7"
"兵部添注右","4","3","7"
"部添注右侍","4","3","7"
"添注右侍郎","4","3","7"
"部尚书右副","7","0","7"
"文选司郎中","2","5","7"
"寻加太子少","7","0","7"
"御倭总兵官","4","3","7"
"英国公张惟","4","3","7"
"国公张惟贤","4","3","7"
"巡抚邵捷春","2","5","7"
"援剿总兵官","3","4","7"
"总理卢象升","4","3","7"
"命兵部侍郎","4","3","7"
"总兵尤世禄","4","3","7"
"一万六千余","1","6","7"
"御史张孙振","4","3","7"
"兵科都事中","7","0","7"
"永嘉侯朱亮","3","4","7"
"嘉侯朱亮祖","3","4","7"
"侍郎黄宗载","3","4","7"
"改兵部尚书","7","0","7"
"尚书熊明遇","3","4","7"
"左侍郎东阁","7","0","7"
"迁国子祭酒","7","0","7"
"充经筵讲官","6","1","7"
"大学士入参","7","0","7"
"学士入参机","7","0","7"
"士入参机务","7","0","7"
"家居十余年","6","1","7"
"事中张问达","4","3","7"
"都御史庞尚","4","3","7"
"二百六十余","5","2","7"
"部尚书沈鲤","4","3","7"
"广西右参政","4","3","7"
"五百二十万","4","3","7"
"琉球中山王","3","4","7"
"景泰二年进","6","1","7"
"总兵官刘宁","4","3","7"
"献皇帝庙号","4","3","7"
"十四年会试","3","4","7"
"总兵官朱寿","4","3","7"
"京太常少卿","6","1","7"
"侯傅友德征","4","3","7"
"本部右侍郎","4","3","7"
"问民间疾苦","1","6","7"
"迁湖广按察","5","2","7"
"锦衣世千户","6","1","7"
"广东提学副","4","3","7"
"翊国公郭勋","3","4","7"
"水西宣慰安","3","4","7"
"部尚书廖纪","3","4","7"
"佥都御史张","4","3","7"
"将张定边直","4","3","7"
"蛮子海牙水","5","2","7"
"子海牙水寨","5","2","7"
"副将军常遇","2","5","7"
"将军常遇春","2","5","7"
"行乡饮酒礼","3","4","7"
"市舶提举司","2","5","7"
"倒瓦答失里","3","4","7"
"公傅友德等","3","4","7"
"总督三边侍","3","4","7"
"督三边侍郎","3","4","7"
"四十二年春","4","3","7"
"四十四年春","4","3","7"
"银一万三千","3","4","7"
"土鲁番哈密","7","0","7"
"一万七千人","2","5","7"
"路军民总管","3","4","7"
"黔国公沐琮","3","4","7"
"靖远伯王骥","4","3","7"
"二十一年四","3","4","7"
"年正月三日","1","6","7"
"百四十余人","4","3","7"
"殿大学士入","5","2","7"
"礼部尚书毛","3","4","7"
"二百五十四","4","3","7"
"年充总兵官","7","0","7"
"朔大将军印","3","4","7"
"三年六月壬","4","3","7"
"都督佥事陈","4","3","7"
"二百五十里","3","4","7"
"一刻十二分","4","3","7"
"西布政司所","4","3","7"
"行纳采问名","4","3","7"
"皇帝御奉天","7","0","7"
"帝御奉天殿","7","0","7"
"天殿丹陛上","5","2","7"
"孝肃太皇太","3","4","7"
"学士宋濂等","3","4","7"
"年十二月甲","3","4","7"
"十二月己丑","6","1","7"
"十一月壬辰","6","1","7"
"三十七年正","3","4","7"
"一年十二月","3","4","7"
"十二月庚午","6","1","7"
"二十四年二","3","4","7"
"十一月壬申","6","1","7"
"十一月己巳","6","1","7"
"十二万八千","4","3","7"
"贾鲁河故道","3","4","7"
"军都督府掌","3","4","7"
"入国子监读","1","6","7"
"五军断事官","3","4","7"
"留守卫指挥","4","3","7"
"营中军官二","3","4","7"
"中军官二人","3","4","7"
"千四百七十","4","3","7"
"岁办大引盐","7","0","7"
"正德元年六","4","3","7"
"十二月壬寅","4","3","7"
"祭历代帝王","5","2","7"
"十二月戊戌","4","3","7"
"十二月丁丑","6","1","7"
"洪武元年十","3","4","7"
"永乐三年更","6","1","7"
"沉香色描金","7","0","7"
"绮沥水三层","6","1","7"
"板七十二片","4","3","7"
"武三年定制","7","0","7"
"嘉靖二十二","2","5","7"
"靖二十二年","2","5","7"
"同巡按御史","2","5","7"
"浑金沥粉蟠","4","3","7"
"十八年春二","5","2","7"
"春正月丁未","7","0","7"
"夏四月己亥","7","0","7"
"十一月癸丑","6","1","7"
"十一月癸卯","5","2","7"
"冬十一月辛","7","0","7"
"十一月辛酉","6","1","7"
"十一月壬子","7","0","7"
"十四年春二","4","3","7"
"四年春二月","4","3","7"
"秋七月己酉","7","0","7"
"总兵官杜文","3","4","7"
"兵官杜文焕","3","4","7"
"副将贺人龙","3","4","7"
"兵官尤世威","3","4","7"
"冬十月戊申","7","0","7"
"刑部尚书魏","3","4","7"
"部尚书魏源","3","4","7"
"免畿内灾税","7","0","7"
"十一月甲寅","5","2","7"
"免南畿灾税","7","0","7"
"孝肃皇太后","3","4","7"
"禄一千一百","1","6","7"
"一千一百石","1","6","7"
"牛羊十余万","4","3","7"
"右副将军冯","3","4","7"
"万六千余人","4","3","7"
"万三千余石","1","6","7"
"食禄一千二","1","6","7"
"百五十余里","2","5","7"
"老黄河故道","4","3","7"
"京大理寺卿","1","6","7"
"南京太仆寺","2","5","7"
"尚书宋纟熏","2","5","7"
"部尚书崔景","3","4","7"
"尚书崔景荣","3","4","7"
"总督练三万","3","4","7"
"七月十八日","1","6","7"
"度二十五分","3","4","7"
"分二十五秒","3","4","7"
"万历四十五","1","6","7"
"历四十五年","1","6","7"
"京太常寺官","4","3","7"
"洪武二十七","1","6","7"
"武二十七年","1","6","7"
"四十年二月","3","4","7"
"二百六十里","3","4","7"
"一百二十五","3","4","7"
"皇上非常高","0","7","7"
"上非常高兴","0","7","7"
"隶属于贵州","0","7","7"
"宽恕了他们","0","7","7"
"皇上批准了","0","7","7"
"过去的惯例","0","7","7"
"朝廷同意了","0","7","7"
"庄烈帝没有","0","7","7"
"帝同意了他","0","7","7"
"帝采纳了他","0","7","7"
"为母亲守丧","0","7","7"
"不能这样做","0","7","7"
"乘驿车回乡","0","7","7"
"奏请求离去","0","7","7"
"不要让他们","0","7","7"
"打了一顿大","0","7","7"
"告诫他不要","0","7","7"
"采纳他的意","0","7","7"
"把他们全部","0","7","7"
"后上报朝廷","0","7","7"
"接受他们的","0","7","7"
"厉批评了他","0","7","7"
"世宗的心意","0","7","7"
"自己的亲生","0","7","7"
"己的亲生父","0","7","7"
"给朝廷知道","0","7","7"
"纷纷上书弹","0","7","7"
"纷上书弹劾","0","7","7"
"边远的地方","0","7","7"
"纳了他们的","0","7","7"
"皇上于是下","0","7","7"
"十八年中进","0","7","7"
"至都指挥佥","0","7","7"
"年进士及第","0","7","7"
"为户科给事","0","7","7"
"加封为少傅","0","7","7"
"孝宗为皇考","0","7","7"
"任南京国子","0","7","7"
"改为庶吉士","0","7","7"
"从傅友德征","0","7","7"
"友谅进犯龙","0","7","7"
"积功升至都","0","7","7"
"功升至都指","0","7","7"
"盐课司一个","0","7","7"
"都遭受大水","0","7","7"
"派遣给事中","0","7","7"
"年恢复设置","0","7","7"
"侍郎各一人","0","7","7"
"七月二十日","0","7","7"
"买的里八剌","0","7","7"
"湖广受灾秋","0","7","7"
"广受灾秋粮","0","7","7"
"分别巡行天","0","7","7"
"别巡行天下","0","7","7"
"不详细记载","0","7","7"
"回到乾清宫","0","7","7"
"六科给事中","0","7","7"
"巩固自己的","0","7","7"
"皇上都不听","0","7","7"
"奏疏呈上后","0","7","7"
"陛下为什么","0","7","7"
"年朝廷命令","0","7","7"
"了很长时间","0","7","7"
"请求朝廷让","0","7","7"
"朝廷对他们","0","7","7"
"帝的敕谕去","0","7","7"
"皇帝下诏按","0","7","7"
"率领精锐骑","0","7","7"
"将他们击败","0","7","7"
"里远的地方","0","7","7"
"斩杀了他们","0","7","7"
"当地的守卫","0","7","7"
"入国子监学","0","7","7"
"听到消息后","0","7","7"
"了他的妻子","0","7","7"
"投进锦衣卫","0","7","7"
"孝宗即位后","0","7","7"
"纷纷弹劾他","0","7","7"
"皇上的旨意","0","7","7"
"给他的儿子","0","7","7"
"加封为少保","0","7","7"
"俸禄一百石","0","7","7"
"成为百姓的","0","7","7"
"为百姓的祸","0","7","7"
"原来的官职","0","7","7"
"承其父的职","0","7","7"
"理他的职务","0","7","7"
"有蟒纹的衣","0","7","7"
"蟒纹的衣服","0","7","7"
"保靖的土兵","0","7","7"
"翰林院事务","0","7","7"
"自己的军队","0","7","7"
"任武英殿大","0","7","7"
"为少师兼太","0","7","7"
"被罢免回家","0","7","7"
"兼任右佥都","0","7","7"
"升为工部右","0","7","7"
"了一篇奏疏","0","7","7"
"言官纷纷弹","0","7","7"
"官纷纷弹劾","0","7","7"
"任左都御史","0","7","7"
"方从哲等人","0","7","7"
"提升为兵部","0","7","7"
"第二年九月","0","7","7"
"极力说不行","0","7","7"
"都立下战功","0","7","7"
"代理都督同","0","7","7"
"总兵的身份","0","7","7"
"帝非常高兴","0","7","7"
"赏赐他银币","0","7","7"
"过了一段时","0","7","7"
"皇帝的遗诏","0","7","7"
"皇帝不采纳","0","7","7"
"都察院的事","0","7","7"
"李可灼进献","0","7","7"
"夺他的官职","0","7","7"
"才得以幸免","0","7","7"
"贬斥为平民","0","7","7"
"张居正的意","0","7","7"
"万历四十年","0","7","7"
"为礼科给事","0","7","7"
"很长时间了","0","7","7"
"恢复他的官","0","7","7"
"皇帝不答应","0","7","7"
"十一年春天","0","7","7"
"没有来得及","0","7","7"
"皇帝不得已","0","7","7"
"改任户部尚","0","7","7"
"极力请求离","0","7","7"
"被剥夺官籍","0","7","7"
"皇帝于是命","0","7","7"
"八月初一日","0","7","7"
"中进士第一","0","7","7"
"入内阁参与","0","7","7"
"提升为副总","0","7","7"
"每年的俸禄","0","7","7"
"一千五百多","0","7","7"
"万骑兵入侵","0","7","7"
"皇帝于是下","0","7","7"
"从了他的建","0","7","7"
"一带的山中","0","7","7"
"他立功赎罪","0","7","7"
"千六百多人","0","7","7"
"考中万历四","0","7","7"
"中万历四十","0","7","7"
"他便宜行事","0","7","7"
"请求永明王","0","7","7"
"关进了监狱","0","7","7"
"任刑部右侍","0","7","7"
"庄烈帝恼了","0","7","7"
"行宽大政策","0","7","7"
"二年考中进","0","7","7"
"晋升为郎中","0","7","7"
"为礼部主事","0","7","7"
"改任兵部尚","0","7","7"
"任中书舍人","0","7","7"
"自己的母亲","0","7","7"
"请求朝廷封","0","7","7"
"他们的船只","0","7","7"
"宦官高起潜","0","7","7"
"工部尚书兼","0","7","7"
"为浙江按察","0","7","7"
"为国子监祭","0","7","7"
"参预机要事","0","7","7"
"预机要事务","0","7","7"
"皇帝都听从","0","7","7"
"都听从了他","0","7","7"
"左侍郎兼东","0","7","7"
"教导庶吉士","0","7","7"
"晋升为太子","0","7","7"
"入阁参与机","0","7","7"
"多次上奏请","0","7","7"
"优诏答复他","0","7","7"
"给朝廷大臣","0","7","7"
"其余的人都","0","7","7"
"任南京太仆","0","7","7"
"翰林院的事","0","7","7"
"他请求退休","0","7","7"
"的少数民族","0","7","7"
"为户部右侍","0","7","7"
"的学术思想","0","7","7"
"没有被采纳","0","7","7"
"当时的舆论","0","7","7"
"科给事中张","0","7","7"
"改任兵部职","0","7","7"
"升任左侍郎","0","7","7"
"疏请求退休","0","7","7"
"都没有答复","0","7","7"
"年八十五岁","0","7","7"
"令加封他为","0","7","7"
"帝听从了他","0","7","7"
"升为大理寺","0","7","7"
"任南京右都","0","7","7"
"任工部右侍","0","7","7"
"最终没有施","0","7","7"
"终没有施行","0","7","7"
"为太子宾客","0","7","7"
"百姓的祸害","0","7","7"
"山西发生地","0","7","7"
"朝廷大臣的","0","7","7"
"为南京国子","0","7","7"
"命有关部门","0","7","7"
"大臣们一起","0","7","7"
"一起上书说","0","7","7"
"继承祖宗的","0","7","7"
"皇帝的恩德","0","7","7"
"加盖玉玺的","0","7","7"
"玉玺的诏书","0","7","7"
"世宗的意思","0","7","7"
"乾清宫发生","0","7","7"
"上尊谥号为","0","7","7"
"兼任太子宾","0","7","7"
"任太子宾客","0","7","7"
"授予他的儿","0","7","7"
"予他的儿子","0","7","7"
"又随从皇上","0","7","7"
"朝廷的大臣","0","7","7"
"的母亲和妻","0","7","7"
"也没有什么","0","7","7"
"一万三千多","0","7","7"
"充任左参将","0","7","7"
"听从他的请","0","7","7"
"又发生火灾","0","7","7"
"令修身反省","0","7","7"
"是因为仇恨","0","7","7"
"都立有战功","0","7","7"
"副将军的身","0","7","7"
"打败了敌人","0","7","7"
"败张士诚的","0","7","7"
"晋升为行省","0","7","7"
"晋升为大都","0","7","7"
"在临清练兵","0","7","7"
"为江西行省","0","7","7"
"对朝廷的忠","0","7","7"
"没有一定的","0","7","7"
"的诏书奖励","0","7","7"
"况上报朝廷","0","7","7"
"奢崇明父子","0","7","7"
"城朝觐皇帝","0","7","7"
"给日本国王","0","7","7"
"祖即皇帝位","0","7","7"
"朝廷献贡品","0","7","7"
"的占十分之","0","7","7"
"朝廷派使者","0","7","7"
"他们向朝廷","0","7","7"
"将纪元改为","0","7","7"
"者向朝廷进","0","7","7"
"寨官的儿子","0","7","7"
"中山王的世","0","7","7"
"山王的世子","0","7","7"
"前去册封尚","0","7","7"
"又派遣使者","0","7","7"
"请求朝廷在","0","7","7"
"率领自己的","0","7","7"
"大臣上奏说","0","7","7"
"他们的使臣","0","7","7"
"求向朝廷献","0","7","7"
"卫所的军队","0","7","7"
"击并杀死了","0","7","7"
"伯颜帖木儿","0","7","7"
"受到皇帝的","0","7","7"
"皇帝十分高","0","7","7"
"帝十分高兴","0","7","7"
"派使者到京","0","7","7"
"意了他的请","0","7","7"
"部队驻扎在","0","7","7"
"上奏明朝廷","0","7","7"
"从他们的请","0","7","7"
"请假回乡去","0","7","7"
"察院的事务","0","7","7"
"免除他们的","0","7","7"
"继承世袭职","0","7","7"
"承世袭职位","0","7","7"
"十岁以上的","0","7","7"
"周天的度数","0","7","7"
"按照一定的","0","7","7"
"的大概情况","0","7","7"
"遣使者持节","0","7","7"
"如同先前的","0","7","7"
"同前面所述","0","7","7"
"官跪着接受","0","7","7"
"扈从仪仗队","0","7","7"
"皇帝穿衮冕","0","7","7"
"帝穿衮冕服","0","7","7"
"主掌婚礼的","0","7","7"
"掌婚礼的人","0","7","7"
"品级官员的","0","7","7"
"行五拜三叩","0","7","7"
"如同平常的","0","7","7"
"中书省大臣","0","7","7"
"放置在龙亭","0","7","7"
"的文武官员","0","7","7"
"奉天门处理","0","7","7"
"穿浅淡色衣","0","7","7"
"浅淡色衣服","0","7","7"
"皇帝亲自制","0","7","7"
"不敲击钟鼓","0","7","7"
"遣官员祭祀","0","7","7"
"拜见皇太子","0","7","7"
"楼发生火灾","0","7","7"
"四月戊戌日","0","7","7"
"年定下制度","0","7","7"
"旱灾和蝗灾","0","7","7"
"从此时开始","0","7","7"
"巨大的湖泽","0","7","7"
"流入大海的","0","7","7"
"每年办大引","0","7","7"
"府发生大水","0","7","7"
"每面旗用穿","0","7","7"
"洪武元年制","0","7","7"
"武元年制定","0","7","7"
"有钱有势的","0","7","7"
"钱有势的人","0","7","7"
"前面左右有","0","7","7"
"形图案的小","0","7","7"
"图案的小板","0","7","7"
"花纹的铜质","0","7","7"
"纹的铜质叶","0","7","7"
"的铜质叶片","0","7","7"
"铜质叶片装","0","7","7"
"仰覆莲花座","0","7","7"
"绘有五彩云","0","7","7"
"图案的木板","0","7","7"
"嵌有金线的","0","7","7"
"野鸡羽毛图","0","7","7"
"鸡羽毛图纹","0","7","7"
"毛图纹的衣","0","7","7"
"图纹的衣服","0","7","7"
"翡翠装饰的","0","7","7"
"罗嵌金线的","0","7","7"
"车书会同之","0","7","7"
"书会同之舞","0","7","7"
"抚安四夷之","0","7","7"
"安四夷之舞","0","7","7"
"衣领袖端衣","0","7","7"
"领袖端衣边","0","7","7"
"二月二十五","0","7","7"
"年春二月初","0","7","7"
"七月十三日","0","7","7"
"七月十六日","0","7","7"
"太祖下诏说","0","7","7"
"四月十四日","0","7","7"
"一月二十五","0","7","7"
"九月十二日","0","7","7"
"十一月十五","0","7","7"
"六月十六日","0","7","7"
"二月二十六","0","7","7"
"夏四月初一","0","7","7"
"秋七月二十","0","7","7"
"赈救陕西饥","0","7","7"
"救陕西饥荒","0","7","7"
"犯死罪以下","0","7","7"
"河在崔镇决","0","7","7"
"五月十九日","0","7","7"
"八月十六日","0","7","7"
"三月十五日","0","7","7"
"三月十七日","0","7","7"
"李自成攻克","0","7","7"
"南发生饥荒","0","7","7"
"为太皇太后","0","7","7"
"阿台朵儿只","0","7","7"
"台朵儿只伯","0","7","7"
"下诏赦免天","0","7","7"
"诏赦免天下","0","7","7"
"征讨并平定","0","7","7"
"十二月十四","0","7","7"
"为开国辅运","0","7","7"
"都御史之衔","0","7","7"
"从成祖起兵","0","7","7"
"每年一定时","0","7","7"
"给事中王道","0","7","7"
"其次是推算","0","7","7"
"帝穿皮弁服","0","7","7"
"行拜礼的位","0","7","7"
"第一次祭献","0","7","7"
"最后一次祭","0","7","7"
"后一次祭献","0","7","7"
"第六次演奏","0","7","7"
"子以外的儿","0","7","7"
"以外的儿子","0","7","7"
"的女儿服丧","0","7","7"
"以及没有出","0","7","7"
"及没有出嫁","0","7","7"
"丈夫的兄弟","0","7","7"
"日举行祭祀","0","7","7"
"太常寺官员","0","7","7"
"寺官员祭祀","0","7","7"
"人祭祀的鬼","0","7","7"
"县发生地震","0","7","7"
"陕西发生地","0","7","7"
"县遭受饥荒","0","7","7"
"再次遭受饥","0","7","7"
"次遭受饥荒","0","7","7"
"水流入大海","0","7","7"
"水流入卫河","0","7","7"
"有地方排放","0","7","7"
"杖刑六十下","0","7","7"
"门左右两边","0","7","7"
"大小数十战","5","1","6"
"赠太仆少卿","5","1","6"
"事中姚宗文","3","3","6"
"御史刘廷元","3","3","6"
"部尚书范景","3","3","6"
"尚书范景文","3","3","6"
"卫军民指挥","2","4","6"
"监生陆万龄","3","3","6"
"南京兵部郎","3","3","6"
"京兵部郎中","3","3","6"
"昌平总兵官","3","3","6"
"事中耿随龙","3","3","6"
"积功都指挥","6","0","6"
"功都指挥佥","6","0","6"
"司经局洗马","3","3","6"
"史巡抚山东","3","3","6"
"詹事侍读学","6","0","6"
"事侍读学士","6","0","6"
"吏部缺尚书","3","3","6"
"改称兴献王","3","3","6"
"中书平章政","3","3","6"
"书平章政事","3","3","6"
"侍御史文原","3","3","6"
"御史文原吉","3","3","6"
"同安侯火真","3","3","6"
"靖安侯王忠","3","3","6"
"燕山右护卫","3","3","6"
"左卫指挥佥","3","3","6"
"武十八年进","6","0","6"
"年擢右佥都","6","0","6"
"南京兵部侍","3","3","6"
"京兵部侍郎","3","3","6"
"山西左布政","3","3","6"
"副总兵蒋承","3","3","6"
"总兵蒋承勋","3","3","6"
"五年成进士","6","0","6"
"太平兴国翼","3","3","6"
"神武卫指挥","3","3","6"
"府都督佥事","3","3","6"
"德卫指挥使","3","3","6"
"右御史大夫","3","3","6"
"特进金紫光","3","3","6"
"进金紫光禄","3","3","6"
"金紫光禄大","3","3","6"
"紫光禄大夫","3","3","6"
"四川都指挥","3","3","6"
"初三刻十三","3","3","6"
"三刻十三分","3","3","6"
"六尚等女官","3","3","6"
"太师李善长","3","3","6"
"年六月丙辰","3","3","6"
"九年六月庚","3","3","6"
"三十三年五","3","3","6"
"年五月丙申","3","3","6"
"北平布政司","3","3","6"
"千四百三十","3","3","6"
"户部尚书郁","3","3","6"
"部尚书郁新","3","3","6"
"十七卫亲军","3","3","6"
"七卫亲军指","3","3","6"
"三百二十四","3","3","6"
"十四万四千","3","3","6"
"千七百七十","3","3","6"
"部尚书胡濙","6","0","6"
"天下卫所军","3","3","6"
"千九百七十","3","3","6"
"十六万五千","3","3","6"
"十五万七千","3","3","6"
"都御史耿九","3","3","6"
"御史耿九畴","3","3","6"
"一年五月戊","3","3","6"
"年五月辛丑","3","3","6"
"年四月丙午","3","3","6"
"二年五月丁","3","3","6"
"五年四月戊","3","3","6"
"锦衣卫校尉","3","3","6"
"二十九年二","3","3","6"
"十九年八月","3","3","6"
"年正月丁酉","3","3","6"
"红纱灯笼二","3","3","6"
"辕长一丈九","3","3","6"
"长一丈九尺","3","3","6"
"丈九尺五寸","3","3","6"
"都御史王竑","6","0","6"
"都御史贾谅","3","3","6"
"布政司照磨","3","3","6"
"抽分竹木局","3","3","6"
"开天行道肇","3","3","6"
"天行道肇纪","3","3","6"
"行道肇纪立","3","3","6"
"道肇纪立极","3","3","6"
"肇纪立极大","3","3","6"
"纪立极大圣","3","3","6"
"神仁文义武","3","3","6"
"仁文义武俊","3","3","6"
"文义武俊德","3","3","6"
"义武俊德成","3","3","6"
"武俊德成功","3","3","6"
"俊德成功高","3","3","6"
"德成功高皇","3","3","6"
"成功高皇帝","3","3","6"
"湖广行省平","3","3","6"
"广行省平章","3","3","6"
"新宁伯谭忠","3","3","6"
"琉球中山入","5","1","6"
"达征虏大将","6","0","6"
"江阴侯吴良","3","3","6"
"徐达镇北平","6","0","6"
"春正月癸卯","5","1","6"
"礼部侍郎周","3","3","6"
"都御史杨涟","3","3","6"
"御史高名衡","3","3","6"
"驸马都尉梅","3","3","6"
"马都尉梅殷","3","3","6"
"都督同知李","3","3","6"
"翰林院世袭","3","3","6"
"巡抚保定都","3","3","6"
"抚保定都御","3","3","6"
"保定都御史","3","3","6"
"左都御史屠","3","3","6"
"部侍郎彭黯","3","3","6"
"四川巡抚都","3","3","6"
"川巡抚都御","3","3","6"
"户部侍郎李","3","3","6"
"诏廷臣集议","5","1","6"
"尚书徐学谟","3","3","6"
"锦衣都督刘","4","2","6"
"衣都督刘守","4","2","6"
"官右佥都御","3","3","6"
"御史李邦华","3","3","6"
"工部主事张","3","3","6"
"事中胡汝宁","3","3","6"
"总兵官侯良","3","3","6"
"兵官侯良柱","3","3","6"
"陕西总督郑","3","3","6"
"西总督郑崇","3","3","6"
"尚书傅宗龙","3","3","6"
"弘文馆学士","3","3","6"
"太监王承恩","3","3","6"
"天巡抚张国","3","3","6"
"巡抚孙传庭","3","3","6"
"巡抚龙文光","3","3","6"
"司礼秉笔太","6","0","6"
"礼秉笔太监","6","0","6"
"十三道御史","3","3","6"
"御史马象乾","3","3","6"
"部侍郎李廷","3","3","6"
"侍郎李廷机","3","3","6"
"御史曹学程","3","3","6"
"御史周宗建","3","3","6"
"事中沈惟炳","3","3","6"
"事中陈良训","3","3","6"
"工部郎中万","3","3","6"
"兵部侍郎李","3","3","6"
"侍郎李邦华","3","3","6"
"御史梁梦环","3","3","6"
"扬州知府刘","3","3","6"
"州知府刘铎","3","3","6"
"御史郑宗周","3","3","6"
"事中魏大中","3","3","6"
"都御史王志","3","3","6"
"时兵部尚书","3","3","6"
"宣大总督卢","3","3","6"
"击杀数十人","4","2","6"
"副将军西平","3","3","6"
"军西平侯沐","3","3","6"
"乌撒土舍安","3","3","6"
"二万五千人","2","4","6"
"巡按御史杨","3","3","6"
"建昌卫指挥","3","3","6"
"指挥佥事王","3","3","6"
"一千一百余","2","4","6"
"都督佥事何","3","3","6"
"万七千八百","3","3","6"
"部尚书刘中","3","3","6"
"都御史寇深","3","3","6"
"侍郎马文升","3","3","6"
"湖广行都司","3","3","6"
"贵州巡抚陈","3","3","6"
"主事王守仁","3","3","6"
"千五百六十","3","3","6"
"安化王寘鐇","6","0","6"
"右都御史杨","3","3","6"
"士杨一清等","3","3","6"
"擢都指挥佥","6","0","6"
"南京户部侍","3","3","6"
"京户部侍郎","3","3","6"
"成化二十一","2","4","6"
"化二十一年","2","4","6"
"总兵官张俊","3","3","6"
"提督十二团","3","3","6"
"成国公朱辅","3","3","6"
"魏国公徐鹏","3","3","6"
"国公徐鹏举","3","3","6"
"子锦衣千户","5","1","6"
"掌锦衣卫事","2","4","6"
"锦衣副千户","4","2","6"
"禄千二百石","6","0","6"
"宣宁侯曹良","3","3","6"
"宁侯曹良臣","3","3","6"
"木册长官田","3","3","6"
"吉安侯陆仲","3","3","6"
"安侯陆仲亨","3","3","6"
"御史大夫陈","3","3","6"
"史大夫陈宁","3","3","6"
"十九年十月","3","3","6"
"驸马都尉胡","3","3","6"
"马都尉胡观","3","3","6"
"上皇天上帝","4","2","6"
"入直文渊阁","6","0","6"
"司业赵贞吉","3","3","6"
"赵文华督察","3","3","6"
"文华督察军","3","3","6"
"四十一年五","3","3","6"
"崇祯元年冬","3","3","6"
"登莱巡抚孙","3","3","6"
"侍郎刘宇烈","3","3","6"
"事中章允儒","3","3","6"
"事中瞿式耜","3","3","6"
"事中许誉卿","3","3","6"
"礼部侍郎陈","3","3","6"
"礼部侍郎钱","3","3","6"
"侍郎吕大器","3","3","6"
"大学士高弘","3","3","6"
"学士高弘图","3","3","6"
"进本部尚书","6","0","6"
"督京营戎政","3","3","6"
"书马文升等","3","3","6"
"御史田景新","3","3","6"
"世荫锦衣指","6","0","6"
"锦衣指挥佥","4","2","6"
"衣指挥佥事","4","2","6"
"召吏部尚书","6","0","6"
"举万历二十","6","0","6"
"改左都御史","6","0","6"
"授兵科事中","6","0","6"
"事中周朝瑞","3","3","6"
"部员外郎李","3","3","6"
"大理右寺丞","4","2","6"
"大理左少卿","4","2","6"
"进右佥都御","6","0","6"
"迁南京礼部","6","0","6"
"南京通政参","3","3","6"
"京通政参议","3","3","6"
"都御史总督","5","1","6"
"御史史学迁","3","3","6"
"御史徐兆魁","3","3","6"
"进署都督佥","6","0","6"
"二十二年十","3","3","6"
"卫世指挥使","4","2","6"
"黔国公沐昌","3","3","6"
"国公沐昌祚","3","3","6"
"四十八年七","3","3","6"
"召刑部右侍","6","0","6"
"总督蔡复一","3","3","6"
"广东按察使","3","3","6"
"侍郎陆光祖","3","3","6"
"迁户部右侍","6","0","6"
"督漕运巡抚","6","0","6"
"召户部尚书","6","0","6"
"进户部尚书","6","0","6"
"巡抚乔应甲","3","3","6"
"侍郎韩世能","3","3","6"
"广西布政使","3","3","6"
"二十三年冬","3","3","6"
"东厂太监张","3","3","6"
"锦衣百户王","3","3","6"
"改户部尚书","6","0","6"
"部尚书周嘉","3","3","6"
"部尚书孙慎","3","3","6"
"尚书孙慎行","3","3","6"
"鸿胪寺官李","3","3","6"
"工部尚书张","3","3","6"
"二千四百万","3","3","6"
"御史汤兆京","3","3","6"
"帝告谢郊庙","6","0","6"
"兵部尚书方","3","3","6"
"土蛮十万骑","3","3","6"
"四月十八日","1","5","6"
"总督魏学曾","3","3","6"
"游击茅国器","3","3","6"
"二百三十八","4","2","6"
"四川巡抚马","3","3","6"
"黔国公沐天","3","3","6"
"国公沐天波","3","3","6"
"总督傅宗龙","3","3","6"
"参将贺人龙","3","3","6"
"召兵部尚书","6","0","6"
"兵二十余万","4","2","6"
"擢吏部右侍","6","0","6"
"御史黄尊素","3","3","6"
"尚书李日宣","3","3","6"
"太祖平武昌","6","0","6"
"军徐达北征","2","4","6"
"阳总督马士","3","3","6"
"总督马士英","3","3","6"
"迁工部右侍","6","0","6"
"右都御史兵","6","0","6"
"都御史兵部","6","0","6"
"御史易应昌","3","3","6"
"进文渊阁大","6","0","6"
"闰十一月十","1","5","6"
"总督吴阿衡","3","3","6"
"礼部尚书吴","3","3","6"
"苏松兵备副","3","3","6"
"迁礼部主事","6","0","6"
"户部主事海","3","3","6"
"部主事海瑞","3","3","6"
"方士王金等","3","3","6"
"进侍讲学士","6","0","6"
"侍郎张四维","3","3","6"
"事中陈三谟","3","3","6"
"主事沈思孝","3","3","6"
"进士邹元标","3","3","6"
"遣司礼太监","4","2","6"
"前礼部尚书","4","2","6"
"进士薛敷教","3","3","6"
"赞画主事丁","3","3","6"
"画主事丁应","3","3","6"
"主事丁应泰","3","3","6"
"事中杨廷兰","3","3","6"
"主事郑振先","3","3","6"
"总督都御史","3","3","6"
"兵部尚书郭","3","3","6"
"福建提学副","3","3","6"
"建提学副使","3","3","6"
"事中魏时亮","3","3","6"
"吏部侍郎赵","3","3","6"
"迁刑部右侍","5","1","6"
"山东提学副","3","3","6"
"副都御史代","4","2","6"
"御史方万山","3","3","6"
"副都御史詹","3","3","6"
"迁右副都御","6","0","6"
"迁兵部右侍","6","0","6"
"总督顾养谦","3","3","6"
"御史朱吾弼","3","3","6"
"都御史李材","3","3","6"
"南京御史陈","3","3","6"
"南京右佥都","3","3","6"
"京右佥都御","3","3","6"
"进少傅太子","6","0","6"
"迁江西按察","4","2","6"
"刑部尚书郑","3","3","6"
"吏部尚书汪","3","3","6"
"隆庆元年六","3","3","6"
"庆元年六月","3","3","6"
"浙江巡按御","3","3","6"
"江巡按御史","3","3","6"
"尚书沈一贯","3","3","6"
"真人张国祥","3","3","6"
"郎郭正域请","3","3","6"
"辽东税使高","3","3","6"
"东税使高淮","3","3","6"
"迁南京吏部","6","0","6"
"广东左布政","3","3","6"
"督南京粮储","5","1","6"
"山西右参政","3","3","6"
"总兵官郭江","3","3","6"
"百五十万石","3","3","6"
"总兵官李成","3","3","6"
"兵官李成梁","3","3","6"
"浙江提学副","3","3","6"
"江提学副使","3","3","6"
"千四百余人","3","3","6"
"命户部尚书","4","2","6"
"考功郎中赵","3","3","6"
"功郎中赵南","3","3","6"
"擢吏科事中","6","0","6"
"巡抚周永春","3","3","6"
"事中邹元标","3","3","6"
"大臣申时行","2","4","6"
"御史乔璧星","3","3","6"
"部尚书杨俊","3","3","6"
"尚书杨俊民","3","3","6"
"九月十八日","1","5","6"
"部尚书萧大","3","3","6"
"事中钟兆斗","3","3","6"
"南京御史朱","3","3","6"
"御史孙居相","3","3","6"
"令工部侍郎","1","5","6"
"尚书李汝华","3","3","6"
"驸马都尉王","3","3","6"
"大学士王家","3","3","6"
"学士王家屏","3","3","6"
"年仅四十六","1","5","6"
"大学士张位","3","3","6"
"泰二年进士","5","1","6"
"升右副都御","1","5","6"
"制三边军务","3","3","6"
"定西侯蒋琬","3","3","6"
"福建右参政","3","3","6"
"部尚书王恕","3","3","6"
"三百六十里","3","3","6"
"正德元年春","4","2","6"
"年擢右副都","6","0","6"
"千三百余顷","3","3","6"
"大学士梁储","3","3","6"
"称本生皇考","6","0","6"
"本生圣母章","3","3","6"
"生圣母章圣","3","3","6"
"慈懿皇太后","3","3","6"
"副使胡世宁","3","3","6"
"四川山都掌","3","3","6"
"言官交章劾","6","0","6"
"称总督军务","3","3","6"
"安边伯许泰","3","3","6"
"左都督刘晖","3","3","6"
"锦衣卫副千","2","4","6"
"衣卫副千户","2","4","6"
"吏部尚书刘","3","3","6"
"万八千七百","3","3","6"
"十三万二千","3","3","6"
"三万二千余","2","4","6"
"兴宗孝康皇","3","3","6"
"宗孝康皇帝","3","3","6"
"白金五十两","3","3","6"
"洪武元年正","3","3","6"
"武元年正月","3","3","6"
"礼部尚书席","3","3","6"
"部尚书席书","3","3","6"
"献皇帝实录","3","3","6"
"左通政赵居","3","3","6"
"绳愆纠缪银","3","3","6"
"愆纠缪银章","3","3","6"
"荣国公姚广","3","3","6"
"国公姚广孝","3","3","6"
"靖难推诚宣","3","3","6"
"难推诚宣力","3","3","6"
"迁都指挥使","6","0","6"
"平都指挥使","3","3","6"
"尚书任亨泰","3","3","6"
"年十二月卒","6","0","6"
"北平按察司","3","3","6"
"德元年四月","3","3","6"
"大理卿虞谦","4","2","6"
"宁卫指挥佥","3","3","6"
"指挥武胜上","3","3","6"
"挥武胜上书","3","3","6"
"易州西水寨","3","3","6"
"十二年北征","6","0","6"
"建北京宫殿","3","3","6"
"命兵部尚书","4","2","6"
"视陕西茶马","3","3","6"
"万一千八百","3","3","6"
"一千八百余","4","2","6"
"部尚书张瓒","3","3","6"
"总兵官张达","3","3","6"
"总兵戚继光","3","3","6"
"广西左布政","3","3","6"
"巡按御史汪","3","3","6"
"事中夏言等","3","3","6"
"方士陶仲文","3","3","6"
"总兵官周尚","3","3","6"
"兵官周尚文","3","3","6"
"总督欧阳必","3","3","6"
"督欧阳必进","3","3","6"
"巡按御史陈","3","3","6"
"三十四年五","3","3","6"
"事中罗嘉宾","3","3","6"
"迁右佥都御","4","2","6"
"副总兵刘显","3","3","6"
"前后二十余","3","3","6"
"储侍郎黄懋","3","3","6"
"侍郎黄懋官","3","3","6"
"三十九年二","3","3","6"
"巡抚张文锦","3","3","6"
"尚书毛伯温","3","3","6"
"尚书张经总","3","3","6"
"书张经总督","3","3","6"
"总兵官张承","3","3","6"
"南京吏部郎","3","3","6"
"京吏部郎中","3","3","6"
"总兵官鲁纲","3","3","6"
"副都御史鄢","3","3","6"
"礼部尚书黄","3","3","6"
"二十九年十","3","3","6"
"征虏右副将","3","3","6"
"虏右副将军","3","3","6"
"平侯沐英征","2","4","6"
"洮州十八族","3","3","6"
"吏部尚书詹","3","3","6"
"部尚书詹徽","3","3","6"
"天策卫指挥","3","3","6"
"元中丞蛮子","3","3","6"
"同知枢密院","3","3","6"
"骁将张定边","3","3","6"
"江南行省参","3","3","6"
"太祖称吴王","3","3","6"
"山西右布政","3","3","6"
"元帅府都事","3","3","6"
"德庆侯廖永","3","3","6"
"庆侯廖永忠","3","3","6"
"宗人府经历","3","3","6"
"李文忠北征","3","3","6"
"平章高家奴","3","3","6"
"苗帅杨完者","3","3","6"
"卫指挥副使","3","3","6"
"蜀将吴友仁","3","3","6"
"刑部尚书开","3","3","6"
"部尚书开济","3","3","6"
"东行省参政","3","3","6"
"刑部尚书赵","3","3","6"
"安南陈叔明","3","3","6"
"事中张希皋","3","3","6"
"四裔大长老","3","3","6"
"总兵侯良柱","3","3","6"
"贺册立皇太","3","3","6"
"十一万七千","3","3","6"
"万四千七百","3","3","6"
"事中夏言请","4","2","6"
"副都御史朱","3","3","6"
"十六年十月","3","3","6"
"二十年四月","3","3","6"
"年遣使入贡","6","0","6"
"甘肃巡抚李","3","3","6"
"副使陈九畴","3","3","6"
"命大将军徐","4","2","6"
"蛮子哈剌章","3","3","6"
"二十余万人","2","4","6"
"等二十二人","3","3","6"
"都御史项忠","3","3","6"
"吏部侍郎叶","3","3","6"
"户部尚书秦","3","3","6"
"总兵周尚文","3","3","6"
"三边侍郎曾","3","3","6"
"边侍郎曾铣","3","3","6"
"总兵李成梁","3","3","6"
"安南长官司","3","3","6"
"万九千八百","3","3","6"
"总兵官沐昂","3","3","6"
"缅甸宣慰使","3","3","6"
"成化十八年","2","4","6"
"孟养宣慰司","2","4","6"
"巡抚欧阳重","3","3","6"
"兵一万五千","1","5","6"
"安南国王陈","2","4","6"
"南国王陈日","2","4","6"
"成国公朱能","3","3","6"
"夷副将军印","3","3","6"
"千六百七十","3","3","6"
"二百五十三","3","3","6"
"侍郎罗汝敬","3","3","6"
"云南巡抚汪","3","3","6"
"南巡抚汪文","3","3","6"
"巡抚汪文盛","3","3","6"
"一百七十六","2","4","6"
"南都统使司","3","3","6"
"十五年十月","3","3","6"
"二十四年正","2","4","6"
"令巡按御史","3","3","6"
"天津巡抚万","3","3","6"
"津巡抚万世","3","3","6"
"巡抚万世德","3","3","6"
"四十二年四","3","3","6"
"巡按御史史","3","3","6"
"总兵官刘承","3","3","6"
"事中张汉卿","3","3","6"
"部尚书右都","6","0","6"
"尚书右都御","6","0","6"
"书右都御史","6","0","6"
"治十五年进","3","3","6"
"十七年十二","3","3","6"
"宋儒周敦颐","2","4","6"
"十一年乡试","2","4","6"
"封驸马都尉","3","3","6"
"稽勋员外郎","3","3","6"
"提督四夷馆","3","3","6"
"雷震奉先殿","6","0","6"
"巡抚王守仁","3","3","6"
"西按察佥事","3","3","6"
"年十二月戊","4","2","6"
"德十二年进","3","3","6"
"二十七年正","2","4","6"
"德元年八月","3","3","6"
"山东都指挥","3","3","6"
"广宁伯刘安","3","3","6"
"平卫指挥使","3","3","6"
"充左副总兵","6","0","6"
"进士李文祥","3","3","6"
"前卫指挥使","3","3","6"
"入万全右卫","3","3","6"
"入内阁参预","2","4","6"
"内阁参预机","2","4","6"
"阁参预机务","3","3","6"
"百七十五人","3","3","6"
"正统三年十","3","3","6"
"宁都指挥使","3","3","6"
"平羌将军印","3","3","6"
"万三千余人","4","2","6"
"总兵官李震","3","3","6"
"流民复业者","6","0","6"
"天下巡抚官","3","3","6"
"工部侍郎杜","3","3","6"
"部侍郎杜谦","3","3","6"
"六百四十七","3","3","6"
"千一百七十","3","3","6"
"三百三十八","3","3","6"
"礼部侍郎徐","3","3","6"
"部侍郎徐光","3","3","6"
"侍郎徐光启","3","3","6"
"刻四十四分","3","3","6"
"西洋人汤若","3","3","6"
"洋人汤若望","3","3","6"
"初二刻五分","3","3","6"
"十三布政司","3","3","6"
"江西布政司","3","3","6"
"纳采问名礼","4","2","6"
"九龙四凤冠","3","3","6"
"香案奉天殿","6","0","6"
"德四年十月","3","3","6"
"二十七日除","5","1","6"
"服浅淡色衣","5","1","6"
"皇太后丧礼","3","3","6"
"肃太皇太后","3","3","6"
"睿宗献皇帝","3","3","6"
"太常卿奏请","3","3","6"
"年正月乙丑","3","3","6"
"年二月戊寅","3","3","6"
"四十三年四","3","3","6"
"三十九年四","3","3","6"
"十二月己未","5","1","6"
"十二月辛亥","4","2","6"
"十二月乙亥","5","1","6"
"四年三月戊","3","3","6"
"年三月戊午","3","3","6"
"十一月丁酉","4","2","6"
"年二月癸酉","3","3","6"
"年八月己巳","3","3","6"
"年十一月壬","3","3","6"
"七年三月己","3","3","6"
"年二月己卯","3","3","6"
"十年正月辛","3","3","6"
"五年四月癸","3","3","6"
"年四月辛酉","3","3","6"
"年十一月辛","3","3","6"
"十一年十二","3","3","6"
"年二月己酉","3","3","6"
"五年五月甲","3","3","6"
"十二月甲辰","5","1","6"
"年五月壬寅","3","3","6"
"二十八年三","3","3","6"
"年二月乙卯","3","3","6"
"年五月壬戌","3","3","6"
"十四年十一","3","3","6"
"泰昌元年十","3","3","6"
"六年五月戊","3","3","6"
"十一月庚子","5","1","6"
"嘉靖五年七","3","3","6"
"靖五年七月","3","3","6"
"年七月丙戌","3","3","6"
"年二月甲午","3","3","6"
"德元年五月","3","3","6"
"南京大风雨","6","0","6"
"年七月庚寅","3","3","6"
"六年闰六月","3","3","6"
"年正月丁亥","3","3","6"
"年正月辛卯","3","3","6"
"十二月戊辰","4","2","6"
"六年五月癸","3","3","6"
"年二月丁巳","3","3","6"
"御奉天殿受","6","0","6"
"府学四十人","3","3","6"
"儒学提举司","3","3","6"
"宝钞提举司","3","3","6"
"二贯五百文","3","3","6"
"银二万六千","3","3","6"
"事中黄承昊","3","3","6"
"万五千馀两","6","0","6"
"户部尚书毕","3","3","6"
"十四万五千","3","3","6"
"事中管怀理","3","3","6"
"工部侍郎王","3","3","6"
"工部尚书石","3","3","6"
"筑马家桥堤","3","3","6"
"三百七十里","3","3","6"
"五月十五日","1","5","6"
"帐前总制亲","3","3","6"
"军都指挥使","3","3","6"
"金吾侍卫亲","3","3","6"
"吾侍卫亲军","3","3","6"
"侍卫亲军都","3","3","6"
"卫亲军都护","3","3","6"
"分守参将三","3","3","6"
"守参将三人","3","3","6"
"分守参将五","3","3","6"
"守参将五人","3","3","6"
"守备十一人","3","3","6"
"守参将二人","3","3","6"
"狼山副总兵","3","3","6"
"粮二百七十","3","3","6"
"九月初一日","2","4","6"
"四百七十二","3","3","6"
"部尚书朱衡","3","3","6"
"礼部尚书倪","3","3","6"
"部尚书倪岳","3","3","6"
"天下学校师","3","3","6"
"部尚书王佐","3","3","6"
"百六十二万","3","3","6"
"十五万三千","3","3","6"
"银一万六千","2","4","6"
"盐引银二万","3","3","6"
"十七万九千","3","3","6"
"万一千余两","1","5","6"
"万五千余两","2","4","6"
"夏总兵官史","3","3","6"
"总兵官史昭","3","3","6"
"布政使周干","3","3","6"
"十二月壬戌","4","2","6"
"年正月丁卯","3","3","6"
"二十六年四","3","3","6"
"四十四年正","3","3","6"
"七年八月甲","3","3","6"
"年四月丁酉","3","3","6"
"十三年八月","3","3","6"
"年五月甲午","3","3","6"
"年五月壬辰","3","3","6"
"年七月辛巳","3","3","6"
"年五月乙酉","3","3","6"
"二十八年六","3","3","6"
"三十一年五","3","3","6"
"年十一月戊","3","3","6"
"十二年十一","3","3","6"
"十一月辛未","5","1","6"
"四年六月辛","3","3","6"
"二十七年七","3","3","6"
"三十七年六","3","3","6"
"年五月癸亥","3","3","6"
"二十五年正","3","3","6"
"二十六年七","3","3","6"
"十二月癸未","4","2","6"
"红甲士五人","6","0","6"
"红纱灯笼四","3","3","6"
"乐三年更定","6","0","6"
"顶黄线圆条","6","0","6"
"一丈二尺五","3","3","6"
"丈二尺五寸","3","3","6"
"高六尺四寸","3","3","6"
"圆盘高二尺","2","4","6"
"高二尺六寸","3","3","6"
"高三尺二寸","3","3","6"
"国公张辅等","3","3","6"
"千一百三十","3","3","6"
"真红大袖衣","3","3","6"
"蹙金绣云霞","3","3","6"
"绣云霞翟文","6","0","6"
"绣云霞鸳鸯","3","3","6"
"珠牡丹开头","3","3","6"
"都御史袁泰","3","3","6"
"监察御史印","3","3","6"
"左都御史王","3","3","6"
"皇帝皮弁服","5","1","6"
"东巡按御史","3","3","6"
"书方献夫等","3","3","6"
"巡按御史考","2","4","6"
"饰浑金沥粉","6","0","6"
"十二年春二","3","3","6"
"二年春二月","3","3","6"
"十二月壬子","6","0","6"
"十六年春二","4","2","6"
"六年春二月","4","2","6"
"都督朱文正","3","3","6"
"春正月乙未","6","0","6"
"命驸马都尉","3","3","6"
"驸马都尉李","3","3","6"
"春正月乙卯","6","0","6"
"太祀天地南","6","0","6"
"夏四月丁酉","6","0","6"
"冬十月丁未","6","0","6"
"春正月丙戌","6","0","6"
"十二月壬辰","6","0","6"
"参政叶春巡","3","3","6"
"冬十月戊寅","6","0","6"
"夏四月庚申","6","0","6"
"都督同知陈","3","3","6"
"洪武元年春","3","3","6"
"祀先师孔子","1","5","6"
"春正月甲戌","6","0","6"
"杂犯死罪下","6","0","6"
"年春二月癸","6","0","6"
"上两宫皇太","3","3","6"
"皇太后徽号","3","3","6"
"免山西灾税","6","0","6"
"抚都御史曹","3","3","6"
"召见大学士","1","5","6"
"侍郎李化龙","3","3","6"
"圣皇太后尊","3","3","6"
"夏四月戊午","5","1","6"
"夏四月甲午","6","0","6"
"事中范淑泰","3","3","6"
"尚书杨一鹏","3","3","6"
"冬十月戊辰","6","0","6"
"女土官秦良","2","4","6"
"土官秦良玉","2","4","6"
"朱燮元总督","3","3","6"
"孝纯皇太后","3","3","6"
"抚都御史宋","3","3","6"
"御史刘熙祚","3","3","6"
"吏部侍郎李","3","3","6"
"北平行都司","3","3","6"
"春正月庚戌","6","0","6"
"二百七十七","3","3","6"
"同总兵官方","3","3","6"
"总兵官方政","3","3","6"
"大理少卿李","3","3","6"
"部侍郎何文","3","3","6"
"官祭告天地","5","1","6"
"免山东灾税","6","0","6"
"冬十月癸卯","6","0","6"
"免江西灾税","6","0","6"
"武清侯石亨","3","3","6"
"工部侍郎沈","3","3","6"
"山西巡按御","3","3","6"
"阙里先师庙","3","3","6"
"兵部侍郎杨","3","3","6"
"礼部尚书费","3","3","6"
"都御史孙燧","3","3","6"
"都御史牟俸","3","3","6"
"燕山护卫百","3","3","6"
"祀历代帝王","1","5","6"
"兵部尚书高","3","3","6"
"部尚书高第","3","3","6"
"右春坊大学","3","3","6"
"死者数万人","3","3","6"
"败本雅失里","2","4","6"
"知大都督府","3","3","6"
"一万三千余","1","5","6"
"副将军沐英","3","3","6"
"佥行枢密院","3","3","6"
"大败张士诚","2","4","6"
"征西将军汤","3","3","6"
"平章李文忠","3","3","6"
"副将军廖永","3","3","6"
"正月十八日","1","5","6"
"治三年六月","3","3","6"
"万九千余石","1","5","6"
"巡按御史徐","3","3","6"
"南京光禄寺","2","4","6"
"二千二百余","3","3","6"
"永乐二十一","2","4","6"
"乐二十一年","2","4","6"
"袭锦衣千户","1","5","6"
"御史孙继先","3","3","6"
"御史盛应期","3","3","6"
"文选郎顾宪","3","3","6"
"选郎顾宪成","3","3","6"
"事中侯庆远","3","3","6"
"事中李春开","3","3","6"
"御史康丕扬","3","3","6"
"大学衍义补","2","4","6"
"事中朱童蒙","3","3","6"
"九月十七日","1","5","6"
"八月十七日","1","5","6"
"兵部尚书崔","3","3","6"
"兵部尚书黄","3","3","6"
"十一月九日","1","5","6"
"大学士周延","3","3","6"
"学士周延儒","3","3","6"
"巡抚王化贞","3","3","6"
"四月十六日","1","5","6"
"十一月十日","1","5","6"
"献公十五年","3","3","6"
"入黄道内外","3","3","6"
"八月二十四","1","5","6"
"年正月十五","1","5","6"
"万历三十九","1","5","6"
"历三十九年","1","5","6"
"内使监令跪","3","3","6"
"行五三叩头","6","0","6"
"五三叩头礼","6","0","6"
"父皇帝陛下","3","3","6"
"礼部尚书牛","3","3","6"
"部尚书牛谅","3","3","6"
"宣德元年七","3","3","6"
"皇太子殿下","3","3","6"
"皇太后陛下","3","3","6"
"三月二十八","1","5","6"
"宗祀文王明","6","0","6"
"祀文王明堂","6","0","6"
"二十一度七","3","3","6"
"百四十三度","3","3","6"
"初商八十秒","3","3","6"
"一百八十零","6","0","6"
"百八十零万","6","0","6"
"八十零万四","6","0","6"
"十零万四千","6","0","6"
"置黄赤道小","6","0","6"
"道半背弦差","3","3","6"
"十零度八十","6","0","6"
"黄道四十四","1","5","6"
"道四十四度","1","5","6"
"十五分六十","2","4","6"
"五分六十九","2","4","6"
"分六十九秒","2","4","6"
"度五十一分","3","3","6"
"二十三度七","3","3","6"
"三度七十一","3","3","6"
"度七十一分","3","3","6"
"四年三月甲","3","3","6"
"五年十月庚","3","3","6"
"二年二月癸","3","3","6"
"十九年九月","3","3","6"
"七年二月甲","3","3","6"
"事中汤聘尹","3","3","6"
"事中常居敬","3","3","6"
"事中张贞观","3","3","6"
"都御史刘士","3","3","6"
"御史刘士忠","3","3","6"
"总河侍郎张","3","3","6"
"河侍郎张国","3","3","6"
"河都御史潘","3","3","6"
"总河尚书舒","3","3","6"
"河尚书舒应","3","3","6"
"尚书舒应龙","3","3","6"
"御史宋仪望","3","3","6"
"一百四十五","1","5","6"
"百二十五贯","3","3","6"
"钱三百五十","3","3","6"
"三百五十文","3","3","6"
"一千一百二","1","5","6"
"松江大黄浦","3","3","6"
"追赠礼部尚","1","5","6"
"三月二十三","1","5","6"
"嘉靖十九年","1","5","6"
"傅友德等人","0","6","6"
"向皇帝陈述","0","6","6"
"皇帝命令有","0","6","6"
"帝命令有关","0","6","6"
"令有关官府","0","6","6"
"这些地方的","0","6","6"
"帝认为他们","0","6","6"
"又请求皇帝","0","6","6"
"皇帝对他的","0","6","6"
"庄烈帝认为","0","6","6"
"光宗即位后","0","6","6"
"高兴地采纳","0","6","6"
"兴地采纳了","0","6","6"
"自己的见解","0","6","6"
"认为不能这","0","6","6"
"帝下诏同意","0","6","6"
"因为自己的","0","6","6"
"朝廷讨论后","0","6","6"
"各少数民族","0","6","6"
"令他乘驿车","0","6","6"
"多次上疏请","0","6","6"
"皇帝不听从","0","6","6"
"到有关部门","0","6","6"
"当时人们都","0","6","6"
"发给有关部","0","6","6"
"自己的意思","0","6","6"
"最终还是不","0","6","6"
"让他乘驿车","0","6","6"
"病回到家乡","0","6","6"
"皇后的神主","0","6","6"
"朝廷大臣们","0","6","6"
"州的守卫大","0","6","6"
"让他们回去","0","6","6"
"大臣商议后","0","6","6"
"上报给皇帝","0","6","6"
"金牌和信符","0","6","6"
"宣慰使司的","0","6","6"
"来京城朝贡","0","6","6"
"向明朝廷上","0","6","6"
"了皇家监狱","0","6","6"
"守丧回家去","0","6","6"
"丧回家去了","0","6","6"
"了他们的罪","0","6","6"
"于是请求离","0","6","6"
"锦衣卫的监","0","6","6"
"没有听从他","0","6","6"
"如果一定要","0","6","6"
"的奏章交给","0","6","6"
"给大臣们讨","0","6","6"
"拒绝他们的","0","6","6"
"世宗批评他","0","6","6"
"掩埋外露尸","0","6","6"
"埋外露尸骨","0","6","6"
"十六年冬天","0","6","6"
"二年的进士","0","6","6"
"任工部主事","0","6","6"
"十一年的进","0","6","6"
"一年的进士","0","6","6"
"少詹事兼侍","0","6","6"
"兴献王为皇","0","6","6"
"部尚书兼任","0","6","6"
"官太子少保","0","6","6"
"年成为进士","0","6","6"
"提升为右副","0","6","6"
"改任文渊阁","0","6","6"
"授予指挥佥","0","6","6"
"予指挥佥事","0","6","6"
"三殿发生火","0","6","6"
"各有大使一","0","6","6"
"有大使一人","0","6","6"
"万三千余两","0","6","6"
"万二千余两","0","6","6"
"州发生蝗灾","0","6","6"
"清道旗二面","0","6","6"
"抹金的铜质","0","6","6"
"兵部侍郎于","0","6","6"
"部侍郎于谦","0","6","6"
"命令都御史","0","6","6"
"命令大学士","0","6","6"
"翡翠口圈一","0","6","6"
"徐达镇守北","0","6","6"
"达镇守北平","0","6","6"
"九月十四日","0","6","6"
"琉球入朝进","0","6","6"
"球入朝进贡","0","6","6"
"山西受灾税","0","6","6"
"西遭灾税粮","0","6","6"
"南畿受灾秋","0","6","6"
"畿受灾秋粮","0","6","6"
"为本部尚书","0","6","6"
"御史丁此吕","0","6","6"
"给事中陈与","0","6","6"
"事中陈与郊","0","6","6"
"皇帝派遣使","0","6","6"
"帝派遣使者","0","6","6"
"得到皇帝的","0","6","6"
"听从他的话","0","6","6"
"帝更加不高","0","6","6"
"到这种地步","0","6","6"
"把他的名字","0","6","6"
"等人的俸禄","0","6","6"
"张献忠在谷","0","6","6"
"十五岁以上","0","6","6"
"三品以上官","0","6","6"
"被逮捕治罪","0","6","6"
"大清兵已经","0","6","6"
"进献给皇上","0","6","6"
"固自己的地","0","6","6"
"自己的地位","0","6","6"
"持反对意见","0","6","6"
"拒绝了他们","0","6","6"
"学士刘一火","0","6","6"
"士刘一火景","0","6","6"
"魏忠贤更加","0","6","6"
"于魏忠贤的","0","6","6"
"魏忠贤非常","0","6","6"
"大学士韩火","0","6","6"
"学士韩火广","0","6","6"
"杨涟弹劾魏","0","6","6"
"涟弹劾魏忠","0","6","6"
"居住的地方","0","6","6"
"等人上奏说","0","6","6"
"等人向朝廷","0","6","6"
"上报朝廷后","0","6","6"
"不是长久之","0","6","6"
"贵州的抚按","0","6","6"
"年皇帝下诏","0","6","6"
"的第二个儿","0","6","6"
"向朝廷陈述","0","6","6"
"给朝廷献贡","0","6","6"
"一千八百多","0","6","6"
"向官军投降","0","6","6"
"每三年向朝","0","6","6"
"改为隶属于","0","6","6"
"送到京城来","0","6","6"
"百三十多人","0","6","6"
"朝廷进献马","0","6","6"
"廷派兵征讨","0","6","6"
"军前去征讨","0","6","6"
"地的守卫大","0","6","6"
"百七十多人","0","6","6"
"前来朝觐皇","0","6","6"
"求允许他们","0","6","6"
"出其不意地","0","6","6"
"他的妻子儿","0","6","6"
"皇上宽宥了","0","6","6"
"御史纷纷上","0","6","6"
"皇上听说后","0","6","6"
"入锦衣卫监","0","6","6"
"左右的人说","0","6","6"
"再出来做官","0","6","6"
"刘瑾被诛杀","0","6","6"
"锦衣卫事务","0","6","6"
"进升为指挥","0","6","6"
"升为指挥同","0","6","6"
"升为指挥佥","0","6","6"
"他的弟弟李","0","6","6"
"指挥佥事的","0","6","6"
"事情被发觉","0","6","6"
"任太常寺少","0","6","6"
"个儿子为锦","0","6","6"
"从京师出发","0","6","6"
"在南郊祭祀","0","6","6"
"三个宣抚司","0","6","6"
"洪武二十二","0","6","6"
"武二十二年","0","6","6"
"上奏给皇帝","0","6","6"
"其父的职位","0","6","6"
"廷进献大木","0","6","6"
"地区的百姓","0","6","6"
"给朝廷上奏","0","6","6"
"地的蛮族人","0","6","6"
"官员上奏说","0","6","6"
"把他召回任","0","6","6"
"因犯罪被贬","0","6","6"
"以礼部尚书","0","6","6"
"他的儿子严","0","6","6"
"揭发他们的","0","6","6"
"试都是第一","0","6","6"
"在文华殿召","0","6","6"
"御史吴生生","0","6","6"
"事情牵连到","0","6","6"
"唐王朱聿键","0","6","6"
"旨严厉斥责","0","6","6"
"转为左侍郎","0","6","6"
"于是进升为","0","6","6"
"兼侍讲学士","0","6","6"
"升任礼部右","0","6","6"
"任兵科给事","0","6","6"
"从现在开始","0","6","6"
"十万两白银","0","6","6"
"史的身份巡","0","6","6"
"的身份巡抚","0","6","6"
"接连上疏请","0","6","6"
"的不计其数","0","6","6"
"赠为太子太","0","6","6"
"忠贤的党徒","0","6","6"
"理都察院的","0","6","6"
"封他的一个","0","6","6"
"求皇帝下诏","0","6","6"
"疏请求皇帝","0","6","6"
"杀了他们的","0","6","6"
"任命为南京","0","6","6"
"供词牵连到","0","6","6"
"流放三千里","0","6","6"
"在家居住十","0","6","6"
"帝更加恼怒","0","6","6"
"言词牵连到","0","6","6"
"皇帝同意他","0","6","6"
"行人护送他","0","6","6"
"给事中王元","0","6","6"
"了吏部尚书","0","6","6"
"掌管翰林院","0","6","6"
"乘驿车回家","0","6","6"
"万两国库银","0","6","6"
"不采纳他的","0","6","6"
"皇上发了脾","0","6","6"
"上发了脾气","0","6","6"
"内阁参与机","0","6","6"
"世代荫封为","0","6","6"
"他的儿子阿","0","6","6"
"十五年春天","0","6","6"
"提升为都督","0","6","6"
"打退了敌人","0","6","6"
"二年正月二","0","6","6"
"不称职的人","0","6","6"
"了他的职务","0","6","6"
"关部门为他","0","6","6"
"子孙为世袭","0","6","6"
"孙为世袭锦","0","6","6"
"他戴罪立功","0","6","6"
"州发生兵变","0","6","6"
"庄烈帝命令","0","6","6"
"命令给事中","0","6","6"
"得到朝廷的","0","6","6"
"他一个儿子","0","6","6"
"把这事报告","0","6","6"
"十一年冬天","0","6","6"
"改任南京兵","0","6","6"
"升为右参政","0","6","6"
"大学士的身","0","6","6"
"朝廷中的大","0","6","6"
"提升为吏部","0","6","6"
"包围了他们","0","6","6"
"时朝廷正在","0","6","6"
"右都御史的","0","6","6"
"给他加官太","0","6","6"
"他加官太子","0","6","6"
"剥夺了官籍","0","6","6"
"不曾有过的","0","6","6"
"年六十八岁","0","6","6"
"这是为什么","0","6","6"
"年八十二岁","0","6","6"
"十二月十五","0","6","6"
"写了一篇奏","0","6","6"
"福王在位时","0","6","6"
"帝认为他的","0","6","6"
"在奉先殿祭","0","6","6"
"给事中胡应","0","6","6"
"召集大臣们","0","6","6"
"的议论兴起","0","6","6"
"居正去世后","0","6","6"
"授职为检讨","0","6","6"
"担当日讲官","0","6","6"
"协助负责詹","0","6","6"
"助负责詹事","0","6","6"
"答应他们的","0","6","6"
"被加封太子","0","6","6"
"能有所作为","0","6","6"
"考取乡试第","0","6","6"
"取乡试第一","0","6","6"
"让他们各自","0","6","6"
"赠封为太保","0","6","6"
"帝下优诏答","0","6","6"
"张居正执政","0","6","6"
"给事中刘道","0","6","6"
"升为太仆少","0","6","6"
"弹劾并罢免","0","6","6"
"劾并罢免了","0","6","6"
"御史吴时来","0","6","6"
"将他调出京","0","6","6"
"他调出京城","0","6","6"
"升任右都御","0","6","6"
"林院的事务","0","6","6"
"减少十分之","0","6","6"
"任南京大理","0","6","6"
"他升任右佥","0","6","6"
"升他为右都","0","6","6"
"部尚书孙钅","0","6","6"
"他们的建议","0","6","6"
"给事中杨应","0","6","6"
"上疏请求退","0","6","6"
"皇帝的诏令","0","6","6"
"颁布于天下","0","6","6"
"任为右副都","0","6","6"
"上奏请求罢","0","6","6"
"奏请求罢免","0","6","6"
"见并任命他","0","6","6"
"并任命他为","0","6","6"
"一百二十多","0","6","6"
"使者回去时","0","6","6"
"以下的官吏","0","6","6"
"漕运船只到","0","6","6"
"力请求离去","0","6","6"
"全面考核京","0","6","6"
"不能不罢除","0","6","6"
"能不罢除的","0","6","6"
"不罢除的第","0","6","6"
"公众的舆论","0","6","6"
"在皇帝身边","0","6","6"
"一天天严重","0","6","6"
"工程没有完","0","6","6"
"了他们的意","0","6","6"
"大清的军队","0","6","6"
"妃为皇太后","0","6","6"
"治理黄河的","0","6","6"
"没有多余的","0","6","6"
"一天天淤塞","0","6","6"
"考中进士第","0","6","6"
"进士第一名","0","6","6"
"改任吏部左","0","6","6"
"是其中之一","0","6","6"
"都御史代替","0","6","6"
"州发生饥荒","0","6","6"
"年五十八岁","0","6","6"
"被逮捕下狱","0","6","6"
"又抗言上书","0","6","6"
"递上奏议说","0","6","6"
"任经筵讲官","0","6","6"
"盖玉玺的诏","0","6","6"
"因为讨论大","0","6","6"
"为讨论大礼","0","6","6"
"进升为尚书","0","6","6"
"祖宗定下的","0","6","6"
"燕王即帝位","0","6","6"
"指挥使之职","0","6","6"
"了一段时间","0","6","6"
"有关部门在","0","6","6"
"年七十三岁","0","6","6"
"称赞他的才","0","6","6"
"的十分之一","0","6","6"
"输运粮食到","0","6","6"
"复他的官职","0","6","6"
"的身份跟随","0","6","6"
"随即进升为","0","6","6"
"定下的制度","0","6","6"
"四品以上官","0","6","6"
"礼部侍郎兼","0","6","6"
"陈述自己的","0","6","6"
"三品以上的","0","6","6"
"所了解的人","0","6","6"
"他又随从皇","0","6","6"
"理都察院事","0","6","6"
"隆庆年初期","0","6","6"
"升为南京刑","0","6","6"
"掌管都察院","0","6","6"
"都御史的官","0","6","6"
"兼右都御史","0","6","6"
"为吏科给事","0","6","6"
"在玄极宝殿","0","6","6"
"的巡按御史","0","6","6"
"季的第二个","0","6","6"
"的第二个月","0","6","6"
"请求让他们","0","6","6"
"写亦虎仙和","0","6","6"
"安宁的日子","0","6","6"
"一百七十里","0","6","6"
"文武官员的","0","6","6"
"让他们进入","0","6","6"
"傅友德攻克","0","6","6"
"打败了张士","0","6","6"
"有才能的人","0","6","6"
"太祖认为他","0","6","6"
"辽东的百姓","0","6","6"
"察罕帖木儿","0","6","6"
"为侍读学士","0","6","6"
"皇帝派使者","0","6","6"
"命令中书省","0","6","6"
"宗即皇帝位","0","6","6"
"年献贡一次","0","6","6"
"部官员上奏","0","6","6"
"来朝贡的使","0","6","6"
"占十分之七","0","6","6"
"情况上报朝","0","6","6"
"向朝廷谢罪","0","6","6"
"向明朝廷告","0","6","6"
"朝廷讣告其","0","6","6"
"廷讣告其父","0","6","6"
"贡的使者到","0","6","6"
"使者到达京","0","6","6"
"朝廷所派的","0","6","6"
"朝廷的使者","0","6","6"
"以前的制度","0","6","6"
"向明朝廷贡","0","6","6"
"明朝廷贡献","0","6","6"
"守卫大臣上","0","6","6"
"占领了哈密","0","6","6"
"朝廷大臣议","0","6","6"
"让他们自己","0","6","6"
"侵占的土地","0","6","6"
"大臣讨论后","0","6","6"
"英为副将军","0","6","6"
"即皇帝位后","0","6","6"
"玺的诏书奖","0","6","6"
"向皇上请求","0","6","6"
"大清军队攻","0","6","6"
"朝廷贡献大","0","6","6"
"谢皇帝的恩","0","6","6"
"举行仪式的","0","6","6"
"为高丽国王","0","6","6"
"毛文龙元帅","0","6","6"
"朱由榔逃往","0","6","6"
"开始的时候","0","6","6"
"意见不一致","0","6","6"
"的精锐部队","0","6","6"
"后来他升任","0","6","6"
"办理都察院","0","6","6"
"二月二十八","0","6","6"
"担任兵部尚","0","6","6"
"鸿胪寺官员","0","6","6"
"郊祭祀天地","0","6","6"
"累升为都指","0","6","6"
"由官府供给","0","6","6"
"充任左副总","0","6","6"
"他充任总兵","0","6","6"
"他继承世袭","0","6","6"
"年七十九岁","0","6","6"
"八十岁以上","0","6","6"
"的最高处是","0","6","6"
"箕宿的分野","0","6","6"
"官员祭告天","0","6","6"
"在承天门外","0","6","6"
"皇帝驾临奉","0","6","6"
"帝驾临奉天","0","6","6"
"官引导皇太","0","6","6"
"正月初一的","0","6","6"
"其余的如同","0","6","6"
"如同平常礼","0","6","6"
"同平常礼仪","0","6","6"
"祭祀典礼已","0","6","6"
"一拜三叩头","0","6","6"
"派遣官吏祭","0","6","6"
"光禄寺官员","0","6","6"
"年高有德的","0","6","6"
"皇帝穿素服","0","6","6"
"到思善门外","0","6","6"
"官四品以上","0","6","6"
"号哭哀悼三","0","6","6"
"哭哀悼三天","0","6","6"
"举行安神礼","0","6","6"
"举行祭祀礼","0","6","6"
"卫发生火灾","0","6","6"
"州发生火灾","0","6","6"
"监发生火灾","0","6","6"
"六月庚寅日","0","6","6"
"六月辛酉日","0","6","6"
"三月己亥日","0","6","6"
"畜不计其数","0","6","6"
"六月壬申日","0","6","6"
"京刮大风降","0","6","6"
"全部被淹没","0","6","6"
"水深一丈多","0","6","6"
"六品至九品","0","6","6"
"副使各一人","0","6","6"
"的旧有制度","0","6","6"
"旧有的制度","0","6","6"
"黄河又决堤","0","6","6"
"河又决堤于","0","6","6"
"到徐州小浮","0","6","6"
"流入昭阳湖","0","6","6"
"与黄河汇合","0","6","6"
"论此事的人","0","6","6"
"隶属都督府","0","6","6"
"增加或减少","0","6","6"
"一百八十万","0","6","6"
"依从给事中","0","6","6"
"一天天更加","0","6","6"
"折合米一石","0","6","6"
"商人交纳粮","0","6","6"
"年办大引盐","0","6","6"
"每年纳入太","0","6","6"
"年纳入太仓","0","6","6"
"发主管部门","0","6","6"
"陕西发生饥","0","6","6"
"咫尺之内分","0","6","6"
"三月甲寅日","0","6","6"
"在开封决堤","0","6","6"
"黄河在沛县","0","6","6"
"有黑色氛气","0","6","6"
"乘坐的五种","0","6","6"
"坐的五种车","0","6","6"
"用穿青色服","0","6","6"
"穿青色服饰","0","6","6"
"青色服饰的","0","6","6"
"用穿红色服","0","6","6"
"穿红色服饰","0","6","6"
"红色服饰的","0","6","6"
"都是校尉持","0","6","6"
"是校尉持举","0","6","6"
"亭前面左右","0","6","6"
"面左右有门","0","6","6"
"质叶片装钉","0","6","6"
"色的有花纹","0","6","6"
"的有花纹的","0","6","6"
"顶加上圆盘","0","6","6"
"彩云图案的","0","6","6"
"用金粉描画","0","6","6"
"用金粉勾勒","0","6","6"
"镀金的铜质","0","6","6"
"以上的官员","0","6","6"
"由朝廷推举","0","6","6"
"年考察一次","0","6","6"
"衣服式样颜","0","6","6"
"服式样颜色","0","6","6"
"二十六年制","0","6","6"
"十六年制定","0","6","6"
"帝亲自祭祀","0","6","6"
"十四年规定","0","6","6"
"羽毛图纹的","0","6","6"
"银掺杂镀金","0","6","6"
"黑色高帮白","0","6","6"
"色高帮白色","0","6","6"
"用红色绫罗","0","6","6"
"色表面红色","0","6","6"
"乐三年规定","0","6","6"
"色衣领袖端","0","6","6"
"秋七月初一","0","6","6"
"讨伐张士诚","0","6","6"
"一年正月十","0","6","6"
"五月十七日","0","6","6"
"十二月十七","0","6","6"
"五月二十九","0","6","6"
"十二月十九","0","6","6"
"年正月六日","0","6","6"
"赈济湖广饥","0","6","6"
"济湖广饥荒","0","6","6"
"七年正月十","0","6","6"
"南郊祭祀天","0","6","6"
"九月二十日","0","6","6"
"七月十一日","0","6","6"
"夏四月二日","0","6","6"
"赈济陕西饥","0","6","6"
"八月十四日","0","6","6"
"朱翊钧诏令","0","6","6"
"黄河在崔镇","0","6","6"
"六月十五日","0","6","6"
"年春二月十","0","6","6"
"其他不同出","0","6","6"
"他不同出身","0","6","6"
"总兵官李如","0","6","6"
"五月十四日","0","6","6"
"下诏大赦天","0","6","6"
"年正月二十","0","6","6"
"宗神牌附祭","0","6","6"
"神牌附祭于","0","6","6"
"牌附祭于太","0","6","6"
"年正月五日","0","6","6"
"年正月九日","0","6","6"
"山东受灾税","0","6","6"
"四月初一日","0","6","6"
"食禄一千一","0","6","6"
"跟随徐达攻","0","6","6"
"随徐达攻取","0","6","6"
"跟随朱元璋","0","6","6"
"朱元璋亲自","0","6","6"
"随从成祖起","0","6","6"
"帝认为他说","0","6","6"
"隆庆五年中","0","6","6"
"庆五年中进","0","6","6"
"欺君罔上的","0","6","6"
"向他求学的","0","6","6"
"孙承宗于是","0","6","6"
"这是不足以","0","6","6"
"是不足以倚","0","6","6"
"不足以倚恃","0","6","6"
"足以倚恃的","0","6","6"
"以倚恃的第","0","6","6"
"庄烈帝不同","0","6","6"
"烈帝不同意","0","6","6"
"农民军于是","0","6","6"
"不如郑曼阝","0","6","6"
"再其次是推","0","6","6"
"派官员祭告","0","6","6"
"都东西相向","0","6","6"
"礼部官员捧","0","6","6"
"赞官引导到","0","6","6"
"第二次祭献","0","6","6"
"第七次演奏","0","6","6"
"第八次演奏","0","6","6"
"第九次演奏","0","6","6"
"赞礼人高呼","0","6","6"
"举行大合祭","0","6","6"
"代受册命的","0","6","6"
"受册命的人","0","6","6"
"出嫁的女儿","0","6","6"
"的儿子服丧","0","6","6"
"为丈夫的兄","0","6","6"
"兄弟的孙子","0","6","6"
"为丈夫的同","0","6","6"
"丈夫的同祖","0","6","6"
"秋雨季的第","0","6","6"
"雨季的第二","0","6","6"
"奉太祖配祀","0","6","6"
"休息的大帐","0","6","6"
"六十度八十","0","6","6"
"道赤道小弧","0","6","6"
"两次发生地","0","6","6"
"川发生地震","0","6","6"
"府遭受饥荒","0","6","6"
"山束发生饥","0","6","6"
"修筑高家堰","0","6","6"
"照一定的时","0","6","6"
"定的时间开","0","6","6"
"的时间开关","0","6","6"
"沁水流入卫","0","6","6"
"施州卫军民","2","3","5"
"州卫军民指","2","3","5"
"按察使佥事","3","2","5"
"大理丞王士","3","2","5"
"理丞王士昌","3","2","5"
"历十四年进","3","2","5"
"举嘉靖二十","5","0","5"
"赠右副都御","4","1","5"
"少詹事侍读","5","0","5"
"称孝宗皇考","4","1","5"
"称兴献王皇","4","1","5"
"兴献王皇叔","4","1","5"
"皇叔父兴献","3","2","5"
"叔父兴献大","3","2","5"
"父兴献大王","3","2","5"
"兵部尚书参","3","2","5"
"答兰纳木河","4","1","5"
"赠右都御史","4","1","5"
"登嘉靖八年","4","1","5"
"俺答犯京师","5","0","5"
"进副都御史","5","0","5"
"二年成进士","4","1","5"
"尚书颜颐寿","2","3","5"
"陈友谅犯龙","5","0","5"
"友谅犯龙江","5","0","5"
"列祀功臣庙","3","2","5"
"授都督同知","5","0","5"
"授指挥佥事","5","0","5"
"神功纯仁孝","5","0","5"
"功纯仁孝文","5","0","5"
"纯仁孝文皇","5","0","5"
"仁孝文皇帝","5","0","5"
"东总兵官一","3","2","5"
"百三十万石","2","3","5"
"粮四百万石","3","2","5"
"理两淮盐法","2","3","5"
"旗甲士五人","5","0","5"
"拱卫司陈设","2","3","5"
"兵部侍郎谦","5","0","5"
"改中书舍人","3","2","5"
"按察司照磨","3","2","5"
"司员外郎一","3","2","5"
"征西将军印","3","2","5"
"安平伯李安","2","3","5"
"球中山入贡","5","0","5"
"启天弘道高","3","2","5"
"弘道高明肇","3","2","5"
"道高明肇运","3","2","5"
"高明肇运圣","3","2","5"
"明肇运圣武","3","2","5"
"肇运圣武神","3","2","5"
"徐达征虏大","5","0","5"
"瓦剌马哈木","3","2","5"
"浙江灾税粮","5","0","5"
"称孝宗皇伯","5","0","5"
"孝宗皇伯考","5","0","5"
"靖十八年二","2","3","5"
"命安陆侯吴","2","3","5"
"福建布政使","2","3","5"
"举万历五年","5","0","5"
"锦衣指挥同","2","3","5"
"衣指挥同知","2","3","5"
"总督万世德","2","3","5"
"杨嗣昌督师","5","0","5"
"献忠陷襄阳","5","0","5"
"孙传庭总督","3","2","5"
"四月二十二","1","4","5"
"总兵官左良","2","3","5"
"兵官左良玉","2","3","5"
"等四十余人","3","2","5"
"十三年闰正","2","3","5"
"三年闰正月","2","3","5"
"总兵尹先民","2","3","5"
"年十一月甲","2","3","5"
"十一月甲子","4","1","5"
"大学士沈纮","5","0","5"
"顾宪成讲学","3","2","5"
"海内士大夫","3","2","5"
"忠贤二十四","4","1","5"
"贤二十四大","4","1","5"
"掌南镇抚司","2","3","5"
"袭锦衣卫指","2","3","5"
"四川布政使","2","3","5"
"兵二万五千","2","3","5"
"斩三百余级","5","0","5"
"巡抚闵洪学","2","3","5"
"思曩日安抚","3","2","5"
"碉门茶马司","3","2","5"
"尚师哈立麻","3","2","5"
"钦天监正彭","2","3","5"
"天监正彭德","2","3","5"
"御马监太监","1","4","5"
"遣刑部郎中","3","2","5"
"学士刘健等","3","2","5"
"司礼太监陈","3","2","5"
"建文朝忠臣","4","1","5"
"进指挥同知","5","0","5"
"交结近侍律","5","0","5"
"大将军朱寿","2","3","5"
"逮下锦衣狱","5","0","5"
"支大学士俸","4","1","5"
"水尽源通塔","3","2","5"
"尽源通塔平","3","2","5"
"广巡按御史","3","2","5"
"永顺等处军","2","3","5"
"顺等处军民","2","3","5"
"军民安抚司","2","3","5"
"湖广都指挥","3","2","5"
"广都指挥使","3","2","5"
"兵部尚书程","2","3","5"
"部尚书程信","2","3","5"
"保靖宣慰司","2","3","5"
"者三千余人","5","0","5"
"天启二年进","3","2","5"
"进南京礼部","5","0","5"
"俺答薄都城","5","0","5"
"御史邹应龙","3","2","5"
"十一年会试","3","2","5"
"巡抚孙元化","2","3","5"
"理詹事府事","4","1","5"
"务兵部尚书","3","2","5"
"荫锦衣卫指","2","3","5"
"寻转左侍郎","5","0","5"
"总督京营戎","2","3","5"
"杨一清总制","3","2","5"
"兵部尚书田","2","3","5"
"事中杨所修","3","2","5"
"擢户科事中","5","0","5"
"除户部主事","5","0","5"
"卫都指挥佥","2","3","5"
"巡抚凤阳诸","4","1","5"
"抚凤阳诸府","4","1","5"
"魏忠贤乱政","4","1","5"
"百八十余级","4","1","5"
"召工部尚书","5","0","5"
"选侍居乾清","5","0","5"
"郎中胡士相","3","2","5"
"迁山西按察","5","0","5"
"授礼科事中","5","0","5"
"迁南京国子","5","0","5"
"四十一年春","3","2","5"
"遣行人护归","5","0","5"
"世荫锦衣千","5","0","5"
"崇祯十年进","3","2","5"
"祯十年进士","3","2","5"
"参政赵继祖","3","2","5"
"隆平侯张信","2","3","5"
"湖广行省参","3","2","5"
"广行省参政","3","2","5"
"鸿胪寺序班","2","3","5"
"真宁湫头镇","3","2","5"
"游击孙守法","3","2","5"
"斩首七百余","5","0","5"
"首七百余级","5","0","5"
"临洮总兵官","2","3","5"
"总督汪乔年","2","3","5"
"首一千二百","2","3","5"
"兵部尚书东","5","0","5"
"举万历四十","5","0","5"
"举万历三十","5","0","5"
"户科都事中","5","0","5"
"迁刑部主事","5","0","5"
"郎黄宗载等","2","3","5"
"千一百余人","3","2","5"
"迁户部主事","5","0","5"
"凤阳总督马","2","3","5"
"御史兵部右","5","0","5"
"史兵部右侍","5","0","5"
"迁兵部主事","5","0","5"
"擢翰林学士","5","0","5"
"荫锦衣百户","4","1","5"
"织造中官李","3","2","5"
"造中官李实","3","2","5"
"授翰林院编","3","2","5"
"南京振武营","3","2","5"
"部左侍郎东","5","0","5"
"南京太仆丞","3","2","5"
"二十六年三","2","3","5"
"张居正柄国","5","0","5"
"官东阁大学","4","1","5"
"高拱掌吏部","4","1","5"
"擢礼科事中","5","0","5"
"千三百九十","3","2","5"
"擢右都御史","5","0","5"
"山东左布政","2","3","5"
"召刑部左侍","5","0","5"
"总督翁万达","2","3","5"
"千六百余人","4","1","5"
"屯盐都御史","3","2","5"
"右都御史总","4","1","5"
"命户部侍郎","4","1","5"
"巡抚四川都","3","2","5"
"抚四川都御","3","2","5"
"四川都御史","3","2","5"
"首辅王锡爵","1","4","5"
"复建文年号","3","2","5"
"命礼部尚书","5","0","5"
"大计京朝官","5","0","5"
"礼部尚书罗","2","3","5"
"银二千四百","3","2","5"
"建言罪诸臣","5","0","5"
"鸿胪寺丞李","2","3","5"
"事中魏应嘉","2","3","5"
"天启二年四","2","3","5"
"启二年四月","2","3","5"
"靖十四年进","4","1","5"
"赠礼部侍郎","4","1","5"
"改吏部左侍","5","0","5"
"总制三边军","3","2","5"
"成化二年进","3","2","5"
"化二年进士","3","2","5"
"进翰林学士","5","0","5"
"擢监察御史","5","0","5"
"大理右少卿","3","2","5"
"川山都掌蛮","3","2","5"
"改掌詹事府","4","1","5"
"议礼诸臣罪","4","1","5"
"诚意伯刘基","2","3","5"
"南京太常少","5","0","5"
"格杀数十人","3","2","5"
"累进都指挥","5","0","5"
"十万八千余","1","4","5"
"养种马一匹","2","3","5"
"民所鬻子女","5","0","5"
"召英国公张","3","2","5"
"何渊请建世","4","1","5"
"渊请建世室","4","1","5"
"总督杨一清","2","3","5"
"佥都御史任","4","1","5"
"总督南京粮","2","3","5"
"都御史汪鋐","5","0","5"
"事中魏良弼","3","2","5"
"靖十七年进","2","3","5"
"总兵俞大猷","2","3","5"
"都御史提督","2","3","5"
"袭指挥同知","2","3","5"
"荫子锦衣世","5","0","5"
"总兵官欧阳","2","3","5"
"兵官欧阳安","2","3","5"
"事中侯先春","2","3","5"
"播州宣慰杨","2","3","5"
"百七十余人","2","3","5"
"庭〈木昂〉","5","0","5"
"天下士大夫","2","3","5"
"军总兵官朱","3","2","5"
"兴献帝皇号","3","2","5"
"都御史聂贤","2","3","5"
"编修邹守益","3","2","5"
"上尊谥曰孝","5","0","5"
"皇后皇太后","5","0","5"
"岁禄千五百","5","0","5"
"征虏左副将","2","3","5"
"次子地保奴","3","2","5"
"马驼牛羊十","3","2","5"
"舳舻侯朱寿","3","2","5"
"破安庆水寨","3","2","5"
"坐蓝玉党死","5","0","5"
"岁禄九百石","5","0","5"
"副将军文忠","4","1","5"
"凤翔卫指挥","3","2","5"
"翰林学士承","3","2","5"
"林学士承旨","3","2","5"
"建历代帝王","3","2","5"
"酉阳宣抚司","2","3","5"
"献大木二十","3","2","5"
"备倭都指挥","3","2","5"
"副总兵祖承","3","2","5"
"总兵祖承训","3","2","5"
"宋应昌经略","3","2","5"
"福建布政司","3","2","5"
"一万八千人","1","4","5"
"遣都督同知","3","2","5"
"部尚书白圭","3","2","5"
"二十一年夏","3","2","5"
"三十八年春","3","2","5"
"恭顺侯吴克","3","2","5"
"顺侯吴克忠","3","2","5"
"元右丞兀卜","3","2","5"
"右丞兀卜台","3","2","5"
"开国公常升","3","2","5"
"老挝军民宣","3","2","5"
"挝军民宣慰","3","2","5"
"百六十万石","2","3","5"
"命丰城侯李","4","1","5"
"都指挥李任","2","3","5"
"三万三千余","2","3","5"
"广西布政司","3","2","5"
"知州林希元","2","3","5"
"礼部尚书范","2","3","5"
"部尚书范谦","2","3","5"
"四十五年正","3","2","5"
"部尚书吴山","3","2","5"
"部尚书毛澄","2","3","5"
"四川巡按御","3","2","5"
"川巡按御史","3","2","5"
"武选员外郎","3","2","5"
"刑部尚书周","2","3","5"
"巡按御史冯","3","2","5"
"兵部缺尚书","3","2","5"
"总督侍郎张","3","2","5"
"银六十万两","2","3","5"
"御史十三人","3","2","5"
"等二十三人","3","2","5"
"佩镇朔大将","3","2","5"
"景泰元年春","3","2","5"
"部尚书刘大","2","3","5"
"正德元年二","3","2","5"
"书周洪谟等","2","3","5"
"宁卫指挥使","2","3","5"
"弘治元年正","2","3","5"
"总兵官都督","3","2","5"
"处州贼叶宗","3","2","5"
"州贼叶宗留","3","2","5"
"田数十万顷","3","2","5"
"一万四千余","1","4","5"
"文华殿召见","1","4","5"
"一百八十度","2","3","5"
"初二刻八分","3","2","5"
"刻十二分昏","5","0","5"
"河南布政司","3","2","5"
"命卿等持节","5","0","5"
"皇帝服通天","5","0","5"
"帝服通天冠","5","0","5"
"帝御奉天门","5","0","5"
"皇太子亲王","5","0","5"
"素服行奉慰","4","1","5"
"服行奉慰礼","4","1","5"
"帝服浅淡色","4","1","5"
"朝夕哭临三","5","0","5"
"夕哭临三日","5","0","5"
"遣太常寺官","3","2","5"
"皇太子俯伏","3","2","5"
"六年二月戊","3","2","5"
"十一月癸亥","3","2","5"
"年二月戊辰","3","2","5"
"十二月乙未","5","0","5"
"十一月辛亥","3","2","5"
"隆庆二年正","2","3","5"
"庆二年正月","2","3","5"
"十一月癸未","4","1","5"
"年三月辛酉","3","2","5"
"十二月甲寅","4","1","5"
"七年正月庚","3","2","5"
"五年正月壬","3","2","5"
"十一月丙戌","4","1","5"
"卫霪雨坏城","5","0","5"
"五月癸巳朔","3","2","5"
"敕房中书舍","3","2","5"
"设中书舍人","3","2","5"
"大理寺评事","2","3","5"
"外卫所军士","3","2","5"
"尚书王象乾","3","2","5"
"二万五千馀","5","0","5"
"嘉靖三十年","2","3","5"
"百二十二万","3","2","5"
"二十二万八","3","2","5"
"万六千馀石","5","0","5"
"三万三千馀","5","0","5"
"新乡八柳树","2","3","5"
"河南巡抚都","2","3","5"
"部侍郎赵荣","3","2","5"
"黄陵冈河口","3","2","5"
"山东诸泉水","1","4","5"
"百五十馀里","5","0","5"
"太祖下集庆","5","0","5"
"留守行后军","3","2","5"
"守行后军都","3","2","5"
"军都督府事","2","3","5"
"户部尚书叶","3","2","5"
"部尚书叶淇","3","2","5"
"百三十八万","3","2","5"
"七月初一日","1","4","5"
"万四千馀石","5","0","5"
"巡按御史三","3","2","5"
"十五万九千","3","2","5"
"牧马千户所","3","2","5"
"二万八千馀","5","0","5"
"银一千馀两","5","0","5"
"运年例银二","5","0","5"
"十三万三千","3","2","5"
"万四千余两","1","4","5"
"令户部侍郎","1","4","5"
"粮十五万石","3","2","5"
"仁宗监国时","2","3","5"
"年冬十一月","3","2","5"
"十一月戊辰","4","1","5"
"化十三年四","2","3","5"
"十九年三月","2","3","5"
"平地水深三","2","3","5"
"地水深三尺","2","3","5"
"三十四年七","2","3","5"
"十二月丙子","4","1","5"
"雷击奉先殿","1","4","5"
"年五月甲戌","2","3","5"
"万二千五百","2","3","5"
"二万三千余","2","3","5"
"十一月己丑","3","2","5"
"旗红甲士五","5","0","5"
"青甲士五人","5","0","5"
"带仰覆莲座","5","0","5"
"雕木贴金边","4","1","5"
"长五尺四寸","3","2","5"
"京官三品上","5","0","5"
"成化十九年","2","3","5"
"下结青丝网","5","0","5"
"金绣云霞翟","5","0","5"
"压鬓双头钗","3","2","5"
"云霞孔雀文","5","0","5"
"绣云霞孔雀","3","2","5"
"云霞鸳鸯文","5","0","5"
"绣云霞练鹊","3","2","5"
"云霞练鹊文","5","0","5"
"定殿内侑食","3","2","5"
"表正万邦舞","3","2","5"
"加提督军务","2","3","5"
"袭封衍圣公","2","3","5"
"皆口衔珠滴","5","0","5"
"北京国子监","2","3","5"
"殿阁大学士","3","2","5"
"属部设郎中","2","3","5"
"设尚书一人","3","2","5"
"十一月壬寅","4","1","5"
"秋七月丙辰","5","0","5"
"冬十月壬寅","5","0","5"
"大都督朱文","3","2","5"
"春正月癸未","5","0","5"
"十一月甲申","5","0","5"
"十一月乙亥","5","0","5"
"春正月辛酉","5","0","5"
"二十年春正","4","1","5"
"春正月癸丑","5","0","5"
"夏四月戊子","5","0","5"
"十一月丙寅","4","1","5"
"春正月丁卯","5","0","5"
"夏四月壬子","5","0","5"
"冬十月乙亥","5","0","5"
"十二月甲戌","4","1","5"
"夏四月乙亥","5","0","5"
"冬十一月乙","5","0","5"
"十一月戊戌","4","1","5"
"十二月癸巳","5","0","5"
"秋七月己巳","5","0","5"
"秋七月壬申","5","0","5"
"四川灾税粮","5","0","5"
"春正月癸酉","5","0","5"
"夏四月丙寅","5","0","5"
"十一月乙巳","5","0","5"
"历代帝王陵","3","2","5"
"代帝王陵寝","3","2","5"
"夏四月丙戌","5","0","5"
"冬十月丁酉","5","0","5"
"冬十一月壬","5","0","5"
"十二月戊子","4","1","5"
"冬十月己未","5","0","5"
"胡惟庸谋反","2","3","5"
"八百六十余","2","3","5"
"十二月丁巳","5","0","5"
"年元夕灯火","3","2","5"
"十一月庚辰","4","1","5"
"冬十月丁卯","5","0","5"
"天寿山谒陵","4","1","5"
"冬十月丙寅","5","0","5"
"十一月戊子","4","1","5"
"秋七月癸丑","5","0","5"
"十二月丙辰","4","1","5"
"十二月辛丑","4","1","5"
"年春二月戊","5","0","5"
"秋七月庚戌","5","0","5"
"年春二月庚","4","1","5"
"秋七月乙未","5","0","5"
"五年春二月","4","1","5"
"抚都御史孙","3","2","5"
"秋七月甲辰","5","0","5"
"镇守山海关","1","4","5"
"秋七月乙丑","5","0","5"
"少詹事黄道","2","3","5"
"詹事黄道周","2","3","5"
"等三十三人","2","3","5"
"春正月丁酉","5","0","5"
"天下都司卫","3","2","5"
"下都司卫所","3","2","5"
"后太皇太后","4","1","5"
"春正月壬午","5","0","5"
"遣官祭告天","5","0","5"
"统十四年秋","2","3","5"
"四万八千余","1","4","5"
"部侍郎翰林","5","0","5"
"河南灾秋粮","5","0","5"
"十一月甲戌","4","1","5"
"山护卫百户","2","3","5"
"授开国辅运","5","0","5"
"禄千一百石","5","0","5"
"卫都督喃哥","3","2","5"
"永乐二十年","2","3","5"
"败张士诚兵","5","0","5"
"提刑按察使","1","4","5"
"获马牛羊十","3","2","5"
"马牛羊十余","3","2","5"
"二十八年正","2","3","5"
"二十二年薨","5","0","5"
"十一年元旦","1","4","5"
"总兵官陈怀","2","3","5"
"千二百余人","2","3","5"
"年九月庚午","3","2","5"
"正统七年十","3","2","5"
"南京右府佥","2","3","5"
"京右府佥书","2","3","5"
"朵颜董狐狸","1","4","5"
"将军徐达征","1","4","5"
"都御史盛应","3","2","5"
"复老黄河故","3","2","5"
"辽东巡抚李","2","3","5"
"文选郎王教","2","3","5"
"名兵备副使","2","3","5"
"万八千余顷","2","3","5"
"十一月十六","1","4","5"
"一月十六日","1","4","5"
"十三年乡试","2","3","5"
"年七月二十","2","3","5"
"七月二十四","1","4","5"
"化贞弃广宁","4","1","5"
"弘治九年进","3","2","5"
"治九年进士","3","2","5"
"建首善书院","3","2","5"
"魏忠贤大怒","1","4","5"
"御史冯三元","2","3","5"
"二十八年二","2","3","5"
"官兵部尚书","2","3","5"
"中官刘元斌","4","1","5"
"祯十六年冬","1","4","5"
"四川巡抚邵","1","4","5"
"川巡抚邵捷","1","4","5"
"正月二十一","1","4","5"
"百六十五度","3","2","5"
"东西南北高","2","3","5"
"西南北高下","2","3","5"
"八月二十五","1","4","5"
"会同巡按御","1","4","5"
"明洪武三年","3","2","5"
"父皇陛下称","2","3","5"
"皇陛下称贺","2","3","5"
"教坊司设中","4","1","5"
"一百三十人","1","4","5"
"礼部官捧诏","5","0","5"
"部官捧诏书","5","0","5"
"祀周天星辰","2","3","5"
"掌府事坐营","1","4","5"
"同堂兄弟子","5","0","5"
"夫同堂兄弟","5","0","5"
"皇后殿下称","3","2","5"
"后殿下称贺","3","2","5"
"王国府州县","3","2","5"
"祀风云雷雨","2","3","5"
"太常寺官祭","5","0","5"
"六月二十四","1","4","5"
"太祖平定天","1","4","5"
"祖平定天下","1","4","5"
"上帝神位前","2","3","5"
"黄赤道内外","4","1","5"
"大股五十六","3","2","5"
"径一百二十","2","3","5"
"半弧背一度","3","2","5"
"黄赤道小弦","5","0","5"
"黄赤道小股","5","0","5"
"黄道半背弦","2","3","5"
"半径六十零","5","0","5"
"径六十零度","5","0","5"
"十七分五十","2","3","5"
"七分五十秒","2","3","5"
"赤道大弦六","3","2","5"
"道大弦六十","3","2","5"
"十零度八七","5","0","5"
"零度八七五","5","0","5"
"赤道横弧矢","2","3","5"
"黄赤道小弧","5","0","5"
"赤道小弧矢","3","2","5"
"十七度二十","2","3","5"
"七度二十五","2","3","5"
"赤道小弧弦","2","3","5"
"年二月丁丑","3","2","5"
"三十二年正","2","3","5"
"银七厘五毫","4","1","5"
"三个月的俸","0","5","5"
"朝廷内外一","0","5","5"
"求告老还乡","0","5","5"
"按过去的惯","0","5","5"
"向皇上报告","0","5","5"
"认为是这样","0","5","5"
"上书为自己","0","5","5"
"向朝廷申请","0","5","5"
"我请求陛下","0","5","5"
"意了他的意","0","5","5"
"就乡试中举","0","5","5"
"皇上的指示","0","5","5"
"的奏疏交给","0","5","5"
"为不能这样","0","5","5"
"皇帝下诏同","0","5","5"
"大臣在朝廷","0","5","5"
"请求辞官回","0","5","5"
"求辞官回乡","0","5","5"
"皇帝都答复","0","5","5"
"母亲去世而","0","5","5"
"他的奏章下","0","5","5"
"的奏章下到","0","5","5"
"亲生父母的","0","5","5"
"论的人认为","0","5","5"
"了一顿大棍","0","5","5"
"才得到批准","0","5","5"
"称病请求退","0","5","5"
"宗于是命令","0","5","5"
"当时有人说","0","5","5"
"交给司法官","0","5","5"
"代替他的人","0","5","5"
"廷内外的大","0","5","5"
"朝廷内外不","0","5","5"
"有关部门讨","0","5","5"
"关部门讨论","0","5","5"
"是什么原因","0","5","5"
"认为不应当","0","5","5"
"值得担忧的","0","5","5"
"宗皇帝命令","0","5","5"
"向皇帝辞行","0","5","5"
"皇帝没答应","0","5","5"
"兵部的意见","0","5","5"
"朝鲜的陪臣","0","5","5"
"了他们的请","0","5","5"
"发了他们的","0","5","5"
"他们的俸禄","0","5","5"
"进了皇家监","0","5","5"
"他们的罪过","0","5","5"
"世宗同意了","0","5","5"
"衣卫的监狱","0","5","5"
"他母亲去世","0","5","5"
"崇自己的亲","0","5","5"
"的人接踵而","0","5","5"
"温和的诏书","0","5","5"
"他们两人的","0","5","5"
"他们的赋税","0","5","5"
"从这时开始","0","5","5"
"四月二十七","0","5","5"
"听讲经论史","0","5","5"
"承袭父职为","0","5","5"
"为锦衣卫百","0","5","5"
"兼左都御史","0","5","5"
"交结贴身宦","0","5","5"
"结贴身宦官","0","5","5"
"攻击李三才","0","5","5"
"皇太子出阁","0","5","5"
"十四年的进","0","5","5"
"四年的进士","0","5","5"
"任刑部员外","0","5","5"
"任南京太常","0","5","5"
"追赠太子少","0","5","5"
"追赠太子太","0","5","5"
"詹事兼侍读","0","5","5"
"事兼侍读学","0","5","5"
"称兴献王为","0","5","5"
"速檀满速儿","0","5","5"
"十五年夏天","0","5","5"
"十四年冬天","0","5","5"
"谅进犯龙江","0","5","5"
"为大理寺卿","0","5","5"
"汉王朱高煦","0","5","5"
"神功纯仁至","0","5","5"
"功纯仁至孝","0","5","5"
"纯仁至孝文","0","5","5"
"仁至孝文皇","0","5","5"
"至孝文皇帝","0","5","5"
"雨伤害庄稼","0","5","5"
"京城降大雨","0","5","5"
"为左副将军","0","5","5"
"万七千余两","0","5","5"
"各盐课司一","0","5","5"
"命令副都御","0","5","5"
"令副都御史","0","5","5"
"五月戊寅日","0","5","5"
"大旱和蝗灾","0","5","5"
"浙江发生大","0","5","5"
"二月辛卯日","0","5","5"
"用甲士五人","0","5","5"
"前方第一行","0","5","5"
"金脚踏一个","0","5","5"
"金交椅一张","0","5","5"
"人礼冠服饰","0","5","5"
"中书省上奏","0","5","5"
"寸二分见方","0","5","5"
"寸九分见方","0","5","5"
"亦力把里入","0","5","5"
"力把里入朝","0","5","5"
"把里入朝进","0","5","5"
"里入朝进贡","0","5","5"
"徐达为征虏","0","5","5"
"达为征虏大","0","5","5"
"为佥都御史","0","5","5"
"为平蛮将军","0","5","5"
"征讨兀良哈","0","5","5"
"土鲁番入朝","0","5","5"
"鲁番入朝进","0","5","5"
"番入朝进贡","0","5","5"
"掌管司礼监","0","5","5"
"申时行因为","0","5","5"
"上于是命令","0","5","5"
"上于是下诏","0","5","5"
"每年可以获","0","5","5"
"年可以获得","0","5","5"
"败的消息传","0","5","5"
"为自己辩解","0","5","5"
"有什么关系","0","5","5"
"没有得到答","0","5","5"
"有得到答复","0","5","5"
"在家居住了","0","5","5"
"十一年中进","0","5","5"
"一年中进士","0","5","5"
"第三个儿子","0","5","5"
"天下的根本","0","5","5"
"历二十年春","0","5","5"
"世代居住在","0","5","5"
"置他于死地","0","5","5"
"西发生严重","0","5","5"
"哥的儿子李","0","5","5"
"洪承畴出关","0","5","5"
"自成的妻子","0","5","5"
"已经投降了","0","5","5"
"的神主牌位","0","5","5"
"第二天早晨","0","5","5"
"将领张应元","0","5","5"
"都非常高兴","0","5","5"
"镇抚司监狱","0","5","5"
"以巩固自己","0","5","5"
"和他的党羽","0","5","5"
"不到十分之","0","5","5"
"到十分之一","0","5","5"
"全部揭发了","0","5","5"
"他们的党羽","0","5","5"
"给事中杨涟","0","5","5"
"刘一火景等","0","5","5"
"势力更加嚣","0","5","5"
"力更加嚣张","0","5","5"
"大学士沈翭","0","5","5"
"魏忠贤势力","0","5","5"
"依附魏忠贤","0","5","5"
"周朝瑞等人","0","5","5"
"到皇上面前","0","5","5"
"忠贤于是假","0","5","5"
"贤于是假传","0","5","5"
"于是假传圣","0","5","5"
"是假传圣旨","0","5","5"
"依附于魏忠","0","5","5"
"附于魏忠贤","0","5","5"
"派他的党羽","0","5","5"
"从官籍中除","0","5","5"
"庇荫锦衣卫","0","5","5"
"魏忠贤专权","0","5","5"
"刚过一个月","0","5","5"
"在该地设置","0","5","5"
"斩杀敌人三","0","5","5"
"他们的土地","0","5","5"
"户部上奏说","0","5","5"
"进献马匹和","0","5","5"
"按以前的惯","0","5","5"
"以前的惯例","0","5","5"
"皇帝下诏责","0","5","5"
"四川的抚按","0","5","5"
"川的抚按官","0","5","5"
"州的抚按官","0","5","5"
"他们的部落","0","5","5"
"给他们的赏","0","5","5"
"让他们居住","0","5","5"
"有汉化的番","0","5","5"
"汉化的番族","0","5","5"
"化的番族人","0","5","5"
"二个长官司","0","5","5"
"朝廷上奏说","0","5","5"
"按惯例给予","0","5","5"
"平定了叛乱","0","5","5"
"廷允许他们","0","5","5"
"来归附朝廷","0","5","5"
"朝廷派兵征","0","5","5"
"皇帝认为这","0","5","5"
"才平定下来","0","5","5"
"的朝贡使者","0","5","5"
"斩杀敌人一","0","5","5"
"允许他继承","0","5","5"
"他继承其父","0","5","5"
"派使者来朝","0","5","5"
"承天门发生","0","5","5"
"天门发生火","0","5","5"
"的势力更加","0","5","5"
"给事中和御","0","5","5"
"事中和御史","0","5","5"
"得到皇上的","0","5","5"
"文武大臣的","0","5","5"
"武宗即位后","0","5","5"
"忠诚正直的","0","5","5"
"品以下官员","0","5","5"
"赞同他的意","0","5","5"
"同他的意见","0","5","5"
"将有不测之","0","5","5"
"有不测之祸","0","5","5"
"杨一清等人","0","5","5"
"他为都指挥","0","5","5"
"揭发了他的","0","5","5"
"言官纷纷上","0","5","5"
"弹劾他的罪","0","5","5"
"为太常寺丞","0","5","5"
"这一年十月","0","5","5"
"母亲去世时","0","5","5"
"有一百二十","0","5","5"
"太监谷大用","0","5","5"
"上疏请求皇","0","5","5"
"的三个儿子","0","5","5"
"被加封为少","0","5","5"
"为少保兼太","0","5","5"
"为本卫指挥","0","5","5"
"张居正等人","0","5","5"
"父亲的职务","0","5","5"
"有等级差别","0","5","5"
"的地方设置","0","5","5"
"有一个儿子","0","5","5"
"人不能超过","0","5","5"
"他绳之以法","0","5","5"
"向皇上陈述","0","5","5"
"请求皇上命","0","5","5"
"求皇上命令","0","5","5"
"廷进献马匹","0","5","5"
"他们每三年","0","5","5"
"人向朝廷贡","0","5","5"
"永顺的军队","0","5","5"
"部讨论认为","0","5","5"
"来朝廷献贡","0","5","5"
"彭大虫可宜","0","5","5"
"部和都察院","0","5","5"
"皇帝嘉奖他","0","5","5"
"朝廷免除了","0","5","5"
"他们的罪状","0","5","5"
"不久加封为","0","5","5"
"久加封为太","0","5","5"
"的儿子世蕃","0","5","5"
"任工部左侍","0","5","5"
"持不同意见","0","5","5"
"合皇上旨意","0","5","5"
"很合皇上心","0","5","5"
"为通政司参","0","5","5"
"又过了两年","0","5","5"
"都是第一名","0","5","5"
"被授予修撰","0","5","5"
"给事中李春","0","5","5"
"都是东林党","0","5","5"
"加封为少师","0","5","5"
"子为中书舍","0","5","5"
"又过了三年","0","5","5"
"郁郁不得志","0","5","5"
"兼兵部尚书","0","5","5"
"把他们安置","0","5","5"
"当时大清兵","0","5","5"
"升任南京右","0","5","5"
"不知有多少","0","5","5"
"请求辞官归","0","5","5"
"是他的同乡","0","5","5"
"他升为兵部","0","5","5"
"了几十个人","0","5","5"
"国子监助教","0","5","5"
"升为太仆寺","0","5","5"
"任户科给事","0","5","5"
"任左副都御","0","5","5"
"不久他进升","0","5","5"
"久他进升为","0","5","5"
"不久被召回","0","5","5"
"在他的后面","0","5","5"
"弹劾兵部尚","0","5","5"
"自从张居正","0","5","5"
"十八年春天","0","5","5"
"连上疏请求","0","5","5"
"有雄才大略","0","5","5"
"皇上下诏让","0","5","5"
"的身份镇守","0","5","5"
"副总兵的身","0","5","5"
"百四十多人","0","5","5"
"任宁夏总兵","0","5","5"
"进升左都督","0","5","5"
"百姓的田地","0","5","5"
"八月二十三","0","5","5"
"光宗皇帝即","0","5","5"
"大臣请求皇","0","5","5"
"臣请求皇帝","0","5","5"
"首辅方从哲","0","5","5"
"削籍为平民","0","5","5"
"多万两银子","0","5","5"
"一段时间后","0","5","5"
"将他们一起","0","5","5"
"他们的官职","0","5","5"
"朝中大臣们","0","5","5"
"在宫殿台阶","0","5","5"
"十万两银子","0","5","5"
"荫封他的一","0","5","5"
"给事中何士","0","5","5"
"起义军进攻","0","5","5"
"没有得到批","0","5","5"
"次上疏极力","0","5","5"
"不久又恢复","0","5","5"
"决定不下来","0","5","5"
"提升为光禄","0","5","5"
"臣刘一火景","0","5","5"
"张居正因为","0","5","5"
"为刑部侍郎","0","5","5"
"极力陈述它","0","5","5"
"任命他为左","0","5","5"
"上疏请求辞","0","5","5"
"不同程度地","0","5","5"
"只有十分之","0","5","5"
"这是让陛下","0","5","5"
"非同寻常的","0","5","5"
"皇帝更加恼","0","5","5"
"任吏部右侍","0","5","5"
"叶向高请求","0","5","5"
"治理国家的","0","5","5"
"派遣行人护","0","5","5"
"遣行人护送","0","5","5"
"人护送他回","0","5","5"
"皇帝不接受","0","5","5"
"年六十九岁","0","5","5"
"实际上并不","0","5","5"
"据实际情况","0","5","5"
"提意见的人","0","5","5"
"请求皇帝追","0","5","5"
"人民的困苦","0","5","5"
"世世代代做","0","5","5"
"百六十多人","0","5","5"
"使敌人不能","0","5","5"
"又大举入侵","0","5","5"
"为锦衣千户","0","5","5"
"四百七十多","0","5","5"
"听到这个消","0","5","5"
"到这个消息","0","5","5"
"千五百多人","0","5","5"
"一百五十里","0","5","5"
"给事中宋一","0","5","5"
"所说的一样","0","5","5"
"推辞不接受","0","5","5"
"命令李如松","0","5","5"
"于是攻克了","0","5","5"
"二百五十多","0","5","5"
"民起义军进","0","5","5"
"年七十六岁","0","5","5"
"享年八十三","0","5","5"
"因犯过失而","0","5","5"
"年七十七岁","0","5","5"
"七百多首级","0","5","5"
"才得以不死","0","5","5"
"大声喊叫着","0","5","5"
"庄烈帝不答","0","5","5"
"烈帝不答应","0","5","5"
"千七百多人","0","5","5"
"恢复了官职","0","5","5"
"黄河以北的","0","5","5"
"发布檄文要","0","5","5"
"的军队会合","0","5","5"
"庄烈帝听说","0","5","5"
"部下的将领","0","5","5"
"派遣锦衣官","0","5","5"
"打败了贼寇","0","5","5"
"把贼兵打得","0","5","5"
"贼兵打得大","0","5","5"
"兵打得大败","0","5","5"
"被提升为副","0","5","5"
"自己的部队","0","5","5"
"他为左都督","0","5","5"
"向大清投降","0","5","5"
"朝廷任命他","0","5","5"
"皇帝命令他","0","5","5"
"还没有确定","0","5","5"
"丁魁楚等人","0","5","5"
"见机行事的","0","5","5"
"机行事的权","0","5","5"
"连打败贼兵","0","5","5"
"大清部队打","0","5","5"
"永明王于是","0","5","5"
"廷中的大臣","0","5","5"
"他们的同伙","0","5","5"
"你们这些人","0","5","5"
"的秘密指示","0","5","5"
"这年十二月","0","5","5"
"君臣之间的","0","5","5"
"庄烈帝召见","0","5","5"
"进皇家监狱","0","5","5"
"敌人的骑兵","0","5","5"
"十二年冬季","0","5","5"
"是因为陛下","0","5","5"
"的十分之三","0","5","5"
"的十分之四","0","5","5"
"打败李自成","0","5","5"
"母亲去世后","0","5","5"
"尚书胡氵荧","0","5","5"
"减去十分之","0","5","5"
"认为这样不","0","5","5"
"晋升为浙江","0","5","5"
"世袭锦衣百","0","5","5"
"袭锦衣百户","0","5","5"
"长江以北的","0","5","5"
"的情况上报","0","5","5"
"命令总兵官","0","5","5"
"这才安定下","0","5","5"
"改任礼部尚","0","5","5"
"派遣官员去","0","5","5"
"加官太子少","0","5","5"
"杨嗣昌因为","0","5","5"
"又上书陈述","0","5","5"
"很长时间才","0","5","5"
"请求让自己","0","5","5"
"他为右都御","0","5","5"
"都御史兼兵","0","5","5"
"御史兼兵部","0","5","5"
"史兼兵部右","0","5","5"
"兼兵部右侍","0","5","5"
"那么一两个","0","5","5"
"是因为他们","0","5","5"
"担任右佥都","0","5","5"
"派遣使者来","0","5","5"
"大清兵于是","0","5","5"
"这个消息后","0","5","5"
"管选拔官吏","0","5","5"
"提升他为兵","0","5","5"
"升他为兵部","0","5","5"
"被提升为太","0","5","5"
"写了一封信","0","5","5"
"李自成打下","0","5","5"
"为翰林院庶","0","5","5"
"封他的儿子","0","5","5"
"兵部的事务","0","5","5"
"又打败了他","0","5","5"
"报告了朝廷","0","5","5"
"东发生饥荒","0","5","5"
"从容不迫地","0","5","5"
"慷慨激昂地","0","5","5"
"初任刑部主","0","5","5"
"庄烈帝下诏","0","5","5"
"十四年春天","0","5","5"
"年考取进士","0","5","5"
"晋升礼部尚","0","5","5"
"封他为少保","0","5","5"
"严嵩的儿子","0","5","5"
"给事中欧阳","0","5","5"
"张居正请求","0","5","5"
"皇帝下诏派","0","5","5"
"帝在平台召","0","5","5"
"平台召见他","0","5","5"
"方少数民族","0","5","5"
"多万两白银","0","5","5"
"时朝廷内外","0","5","5"
"升为右中允","0","5","5"
"太后的父亲","0","5","5"
"提升为礼部","0","5","5"
"不能有所作","0","5","5"
"赵志皋等人","0","5","5"
"封贡的事情","0","5","5"
"一年的俸禄","0","5","5"
"被罢免官职","0","5","5"
"授职为行人","0","5","5"
"奏疏呈入宫","0","5","5"
"疏呈入宫中","0","5","5"
"了礼部尚书","0","5","5"
"总督陈其学","0","5","5"
"留在宫中不","0","5","5"
"不要拘泥于","0","5","5"
"二年正月初","0","5","5"
"负责南京翰","0","5","5"
"责南京翰林","0","5","5"
"他出任原职","0","5","5"
"增加一级俸","0","5","5"
"平江伯陈蠧","0","5","5"
"升任户部尚","0","5","5"
"平定了他们","0","5","5"
"他为兵部右","0","5","5"
"为南京右都","0","5","5"
"任大理寺卿","0","5","5"
"任陕西副使","0","5","5"
"任刑部左侍","0","5","5"
"被留在宫中","0","5","5"
"了他的提议","0","5","5"
"采纳了他们","0","5","5"
"晋升为右都","0","5","5"
"二百六十多","0","5","5"
"任苏州知府","0","5","5"
"升为南京礼","0","5","5"
"他们的办法","0","5","5"
"并请求皇帝","0","5","5"
"京城之外的","0","5","5"
"采用他的建","0","5","5"
"用他的建议","0","5","5"
"出任南京礼","0","5","5"
"朝廷推举内","0","5","5"
"廷推举内阁","0","5","5"
"等到张居正","0","5","5"
"诏令加封他","0","5","5"
"任命他为礼","0","5","5"
"命他为礼部","0","5","5"
"升礼部右侍","0","5","5"
"负责礼部事","0","5","5"
"责礼部事务","0","5","5"
"两年后去世","0","5","5"
"年七十一岁","0","5","5"
"侍郎的身份","0","5","5"
"他升任南京","0","5","5"
"晋升为右副","0","5","5"
"便利于漕运","0","5","5"
"都御史前往","0","5","5"
"历任员外郎","0","5","5"
"将女儿许配","0","5","5"
"儿许配给他","0","5","5"
"他的儿子杨","0","5","5"
"寇大举入侵","0","5","5"
"一百五十万","0","5","5"
"任应天府尹","0","5","5"
"与吏部尚书","0","5","5"
"面考核京官","0","5","5"
"被剥夺俸禄","0","5","5"
"起用为户部","0","5","5"
"百姓的困苦","0","5","5"
"充内阁大臣","0","5","5"
"皇帝依从了","0","5","5"
"朝廷大臣因","0","5","5"
"皇帝赐给他","0","5","5"
"十月十五日","0","5","5"
"程没有完成","0","5","5"
"进入文渊阁","0","5","5"
"一天天减少","0","5","5"
"皇帝亲自到","0","5","5"
"仅四十六岁","0","5","5"
"拘泥于资格","0","5","5"
"为福建按察","0","5","5"
"终年八十五","0","5","5"
"以万来计算","0","5","5"
"在京城附近","0","5","5"
"上奏章请求","0","5","5"
"南发生大饥","0","5","5"
"请求皇帝命","0","5","5"
"有什么不同","0","5","5"
"为户部侍郎","0","5","5"
"任吏部侍郎","0","5","5"
"一次次上书","0","5","5"
"追赠他为少","0","5","5"
"后没有儿子","0","5","5"
"我们这些人","0","5","5"
"献帝为本生","0","5","5"
"祭祀兴献帝","0","5","5"
"陛下的意思","0","5","5"
"听从了他们","0","5","5"
"从了他们的","0","5","5"
"考中乡试第","0","5","5"
"中乡试第一","0","5","5"
"讨论大礼一","0","5","5"
"年七十二岁","0","5","5"
"东宫太子的","0","5","5"
"为平贼将军","0","5","5"
"太后的命令","0","5","5"
"京城的大牢","0","5","5"
"讨论大礼时","0","5","5"
"宁王宸濠造","0","5","5"
"升为南京吏","0","5","5"
"国子监学生","0","5","5"
"王即帝位后","0","5","5"
"卫指挥使之","0","5","5"
"随从皇上巡","0","5","5"
"为太子少傅","0","5","5"
"来归附太祖","0","5","5"
"燕王起兵时","0","5","5"
"祖入京师后","0","5","5"
"因犯有过失","0","5","5"
"回来后上奏","0","5","5"
"忤逆了皇上","0","5","5"
"终年七十岁","0","5","5"
"升为监察御","0","5","5"
"为监察御史","0","5","5"
"参将的身份","0","5","5"
"升为右军都","0","5","5"
"为右军都督","0","5","5"
"因家贫不能","0","5","5"
"升为礼部侍","0","5","5"
"于是命令他","0","5","5"
"将他逮捕下","0","5","5"
"他逮捕下狱","0","5","5"
"赈济河南饥","0","5","5"
"军征讨麓川","0","5","5"
"杨荣和金幼","0","5","5"
"荣和金幼孜","0","5","5"
"有关官员的","0","5","5"
"杨士奇等人","0","5","5"
"为朝廷效力","0","5","5"
"调入朝廷任","0","5","5"
"这是第一点","0","5","5"
"这是第二点","0","5","5"
"这是第三点","0","5","5"
"下诏狱进行","0","5","5"
"诏狱进行拷","0","5","5"
"任浙江按察","0","5","5"
"不是陛下的","0","5","5"
"合在一起祭","0","5","5"
"在一起祭祀","0","5","5"
"颁布告示天","0","5","5"
"布告示天下","0","5","5"
"禁锢在诏狱","0","5","5"
"不知道有陛","0","5","5"
"知道有陛下","0","5","5"
"这样陛下的","0","5","5"
"千九百多人","0","5","5"
"到了第二年","0","5","5"
"他们的功劳","0","5","5"
"年五十四岁","0","5","5"
"大同发生兵","0","5","5"
"同发生兵变","0","5","5"
"周尚文在黑","0","5","5"
"万三千多人","0","5","5"
"升为署都督","0","5","5"
"为署都督佥","0","5","5"
"向朝廷上书","0","5","5"
"皇帝听从他","0","5","5"
"为国子助教","0","5","5"
"寿宫发生火","0","5","5"
"都切中时弊","0","5","5"
"皇帝下诏说","0","5","5"
"清宫发生火","0","5","5"
"祭孝烈皇后","0","5","5"
"皇后为皇太","0","5","5"
"后为皇太后","0","5","5"
"太祖嘉奖他","0","5","5"
"颂他的功德","0","5","5"
"大军平武昌","0","5","5"
"随大军平定","0","5","5"
"任都督佥事","0","5","5"
"败了张士诚","0","5","5"
"平定吴地后","0","5","5"
"升为枢密院","0","5","5"
"百姓十分高","0","5","5"
"姓十分高兴","0","5","5"
"跟从常遇春","0","5","5"
"从徐达攻取","0","5","5"
"食禄为一千","0","5","5"
"蓝玉党案株","0","5","5"
"玉党案株连","0","5","5"
"晋升为统军","0","5","5"
"跟从大军攻","0","5","5"
"他为都督佥","0","5","5"
"在什么地方","0","5","5"
"是权宜之计","0","5","5"
"傅友德平定","0","5","5"
"押送到京师","0","5","5"
"送他们回去","0","5","5"
"败了陈友谅","0","5","5"
"晋升为中书","0","5","5"
"陈友谅攻陷","0","5","5"
"朝廷对他的","0","5","5"
"当年十二月","0","5","5"
"升为侍读学","0","5","5"
"皇帝给他赏","0","5","5"
"帝给他赏赐","0","5","5"
"其父的职务","0","5","5"
"斩杀和俘获","0","5","5"
"授予都指挥","0","5","5"
"一起向朝廷","0","5","5"
"焚烧了他们","0","5","5"
"派他的弟弟","0","5","5"
"他所管辖的","0","5","5"
"又请求朝廷","0","5","5"
"这时是天启","0","5","5"
"被其部下所","0","5","5"
"其部下所杀","0","5","5"
"前来京城朝","0","5","5"
"了他们的贡","0","5","5"
"成祖即皇帝","0","5","5"
"向朝廷祝贺","0","5","5"
"使者前来谢","0","5","5"
"告其父的丧","0","5","5"
"其父的丧讯","0","5","5"
"礼部官员上","0","5","5"
"一千五百匹","0","5","5"
"日本国王源","0","5","5"
"本国王源义","0","5","5"
"使者前来朝","0","5","5"
"给朝鲜国王","0","5","5"
"此事上报给","0","5","5"
"使者又来献","0","5","5"
"者又来献贡","0","5","5"
"年间勘合的","0","5","5"
"求朝廷给他","0","5","5"
"们向朝廷献","0","5","5"
"的使者前来","0","5","5"
"来朝廷讣告","0","5","5"
"讣告其父的","0","5","5"
"给他们赐予","0","5","5"
"者向朝廷谢","0","5","5"
"十二年春天","0","5","5"
"王的世子尚","0","5","5"
"烧了他们的","0","5","5"
"者到达京城","0","5","5"
"于是皇帝便","0","5","5"
"接连上奏章","0","5","5"
"礼部官员说","0","5","5"
"向皇帝谢恩","0","5","5"
"并请求朝廷","0","5","5"
"遣使者向朝","0","5","5"
"其余的交给","0","5","5"
"廷献贡马表","0","5","5"
"献贡马表示","0","5","5"
"贡马表示谢","0","5","5"
"哈密的头目","0","5","5"
"土鲁番的首","0","5","5"
"鲁番的首领","0","5","5"
"鲁番的使者","0","5","5"
"卫大臣上奏","0","5","5"
"听说此事后","0","5","5"
"鲁番的使臣","0","5","5"
"留的土鲁番","0","5","5"
"的土鲁番使","0","5","5"
"土鲁番使者","0","5","5"
"土鲁番前来","0","5","5"
"可继承王位","0","5","5"
"派来的使者","0","5","5"
"袭击并攻破","0","5","5"
"守卫自己的","0","5","5"
"斩杀和俘虏","0","5","5"
"廷大臣议论","0","5","5"
"将军队驻扎","0","5","5"
"请求皇帝给","0","5","5"
"边关地区的","0","5","5"
"袭击并打败","0","5","5"
"一年的春天","0","5","5"
"和他的妻子","0","5","5"
"皇帝命令沐","0","5","5"
"朝廷进献土","0","5","5"
"云南的守卫","0","5","5"
"南的守卫大","0","5","5"
"者到京城向","0","5","5"
"诉说自己的","0","5","5"
"奉朝廷之命","0","5","5"
"廷贡献大象","0","5","5"
"年间的事例","0","5","5"
"他的儿子黎","0","5","5"
"派使者奉表","0","5","5"
"陈氏的子孙","0","5","5"
"是派遣使者","0","5","5"
"的不可胜数","0","5","5"
"安南的使臣","0","5","5"
"一百五十多","0","5","5"
"向皇帝祝贺","0","5","5"
"渡过鸭绿江","0","5","5"
"给事中刘济","0","5","5"
"中进士及第","0","5","5"
"了礼部右侍","0","5","5"
"尚书兼右都","0","5","5"
"书兼右都御","0","5","5"
"彗星出现在","0","5","5"
"兼任武英殿","0","5","5"
"人们把他比","0","5","5"
"们把他比作","0","5","5"
"造流言蜚语","0","5","5"
"关进了诏狱","0","5","5"
"四年正月初","0","5","5"
"了兵部尚书","0","5","5"
"除这些弊端","0","5","5"
"世袭锦衣千","0","5","5"
"二万五千多","0","5","5"
"为左副总兵","0","5","5"
"守城的功劳","0","5","5"
"又有什么用","0","5","5"
"提升为左副","0","5","5"
"年五十一岁","0","5","5"
"文渊阁当值","0","5","5"
"升任兵部尚","0","5","5"
"星的最高处","0","5","5"
"现在没有了","0","5","5"
"日月五星的","0","5","5"
"鬼宿的分野","0","5","5"
"遣官员祭告","0","5","5"
"员祭告天地","0","5","5"
"先前的礼仪","0","5","5"
"雁以及礼物","0","5","5"
"着册书和宝","0","5","5"
"宝玺放置在","0","5","5"
"皇太子进入","0","5","5"
"纳吉的礼仪","0","5","5"
"又行再拜礼","0","5","5"
"帝同意他的","0","5","5"
"新婿的父亲","0","5","5"
"十位贤哲弟","0","5","5"
"位贤哲弟子","0","5","5"
"如同旧有制","0","5","5"
"同旧有制度","0","5","5"
"人民的祸害","0","5","5"
"面向北站立","0","5","5"
"同平常的仪","0","5","5"
"声称有制命","0","5","5"
"派官员祭祀","0","5","5"
"列班进名奉","0","5","5"
"班进名奉慰","0","5","5"
"武官四品以","0","5","5"
"皇帝穿戴衮","0","5","5"
"帝亲自制定","0","5","5"
"服斩衰三年","0","5","5"
"天门处理政","0","5","5"
"建文帝即位","0","5","5"
"西角门处理","0","5","5"
"角门处理政","0","5","5"
"姓名的铭旌","0","5","5"
"同堂异室的","0","5","5"
"命令皇太子","0","5","5"
"太子以下都","0","5","5"
"捧着神位牌","0","5","5"
"历史多把恒","0","5","5"
"祥都归属于","0","5","5"
"二月癸酉日","0","5","5"
"六月丙子日","0","5","5"
"盔甲厂发生","0","5","5"
"甲厂发生火","0","5","5"
"雨损坏城墙","0","5","5"
"官府和平民","0","5","5"
"平地水深一","0","5","5"
"地水深一丈","0","5","5"
"奉天殿接受","0","5","5"
"昊元年设置","0","5","5"
"国朝见进贡","0","5","5"
"给事中一人","0","5","5"
"每年收入的","0","5","5"
"官吏的俸禄","0","5","5"
"成为人民的","0","5","5"
"公家和私人","0","5","5"
"万五千多两","0","5","5"
"进贡的使者","0","5","5"
"溃决的堤岸","0","5","5"
"百姓遭受水","0","5","5"
"依从他的主","0","5","5"
"从他的主张","0","5","5"
"疏通金龙口","0","5","5"
"流入淮河的","0","5","5"
"河流入淮河","0","5","5"
"小浮桥流出","0","5","5"
"到宿迁小河","0","5","5"
"一百八十里","0","5","5"
"半月形河道","0","5","5"
"遣官吏祭祀","0","5","5"
"这是不可行","0","5","5"
"是不可行之","0","5","5"
"洳河的主张","0","5","5"
"请求从今以","0","5","5"
"求从今以后","0","5","5"
"一百二十万","0","5","5"
"招来商人交","0","5","5"
"宗族的俸禄","0","5","5"
"人交纳粮食","0","5","5"
"纳粮食换盐","0","5","5"
"万九千余两","0","5","5"
"银一千余两","0","5","5"
"年常规银二","0","5","5"
"外地调防军","0","5","5"
"地调防军队","0","5","5"
"招来商人换","0","5","5"
"杂犯死罪以","0","5","5"
"宗登上皇位","0","5","5"
"下发主管部","0","5","5"
"四月乙亥日","0","5","5"
"殿屋脊鸥吻","0","5","5"
"二月甲戌日","0","5","5"
"束发生旱灾","0","5","5"
"发生旱灾和","0","5","5"
"生旱灾和蝗","0","5","5"
"平民之妇生","0","5","5"
"人民的房屋","0","5","5"
"千五百多丈","0","5","5"
"江发生大水","0","5","5"
"旗用穿红色","0","5","5"
"妃乘坐的车","0","5","5"
"金粉描绘的","0","5","5"
"露在外面的","0","5","5"
"在外面的短","0","5","5"
"外面的短柱","0","5","5"
"用抹金的嵌","0","5","5"
"抹金的嵌有","0","5","5"
"金的嵌有花","0","5","5"
"的嵌有花纹","0","5","5"
"加上圆盘高","0","5","5"
"丝带环绕的","0","5","5"
"带环绕的木","0","5","5"
"环绕的木板","0","5","5"
"其余部分与","0","5","5"
"有五彩云图","0","5","5"
"尺七寸有余","0","5","5"
"是红漆木板","0","5","5"
"与金辖相同","0","5","5"
"考试合格的","0","5","5"
"年举行一次","0","5","5"
"品级的其它","0","5","5"
"级的其它官","0","5","5"
"用金线刺绣","0","5","5"
"有花纹的金","0","5","5"
"两个宽大的","0","5","5"
"个宽大的发","0","5","5"
"宽大的发鬓","0","5","5"
"有野鸡羽毛","0","5","5"
"连三钗一枝","0","5","5"
"质野鸡装饰","0","5","5"
"云霞鸳鸯花","0","5","5"
"霞鸳鸯花纹","0","5","5"
"云霞练鹊花","0","5","5"
"霞练鹊花纹","0","5","5"
"野鸡装饰两","0","5","5"
"鸡装饰两只","0","5","5"
"十五岁以下","0","5","5"
"洪武三年规","0","5","5"
"武三年规定","0","5","5"
"罗色彩鲜艳","0","5","5"
"色生绢衬衫","0","5","5"
"高帮白色厚","0","5","5"
"帮白色厚底","0","5","5"
"绫罗色彩鲜","0","5","5"
"红色嵌金线","0","5","5"
"下裳的颜色","0","5","5"
"十二种图纹","0","5","5"
"浅绛色下裳","0","5","5"
"永乐三年制","0","5","5"
"乐三年制定","0","5","5"
"上衣下裳相","0","5","5"
"衣下裳相连","0","5","5"
"用乌纱覆盖","0","5","5"
"如同礼冠服","0","5","5"
"同礼冠服饰","0","5","5"
"永乐三年规","0","5","5"
"内受封号妇","0","5","5"
"枝雉羽装饰","0","5","5"
"与亲王世子","0","5","5"
"只是礼冠用","0","5","5"
"右侍郎各一","0","5","5"
"主事各一人","0","5","5"
"凤图案装饰","0","5","5"
"年制定制度","0","5","5"
"春正月十二","0","5","5"
"征讨陈友谅","0","5","5"
"春正月初一","0","5","5"
"九月十六日","0","5","5"
"在开封决口","0","5","5"
"十月十二日","0","5","5"
"四月十九日","0","5","5"
"六月十二日","0","5","5"
"十二月十日","0","5","5"
"五月十二日","0","5","5"
"傅友德率领","0","5","5"
"十月二十七","0","5","5"
"九月十一日","0","5","5"
"十月二十四","0","5","5"
"进士及第和","0","5","5"
"士及第和其","0","5","5"
"及第和其他","0","5","5"
"第和其他不","0","5","5"
"和其他不同","0","5","5"
"一月二十九","0","5","5"
"十二月三日","0","5","5"
"八月二十二","0","5","5"
"年正月十四","0","5","5"
"正月十四日","0","5","5"
"宗身体不适","0","5","5"
"冬十月十三","0","5","5"
"六月二十一","0","5","5"
"济陕西饥荒","0","5","5"
"七月二十五","0","5","5"
"冬十月一日","0","5","5"
"三月二十日","0","5","5"
"十月二十日","0","5","5"
"七月二十二","0","5","5"
"黄河在原武","0","5","5"
"官修身反省","0","5","5"
"琉球前来朝","0","5","5"
"球前来朝贡","0","5","5"
"在崔镇决口","0","5","5"
"三月十二日","0","5","5"
"三月二十二","0","5","5"
"十二月初二","0","5","5"
"进士及第及","0","5","5"
"十月十六日","0","5","5"
"地区的田租","0","5","5"
"未得到答复","0","5","5"
"七月十七日","0","5","5"
"为泰昌元年","0","5","5"
"一月初一日","0","5","5"
"等英勇战死","0","5","5"
"军将其击败","0","5","5"
"十二月十二","0","5","5"
"在京师南郊","0","5","5"
"四月二十四","0","5","5"
"七年正月初","0","5","5"
"谷王朱木惠","0","5","5"
"安南入朝进","0","5","5"
"河南发生饥","0","5","5"
"入文渊阁参","0","5","5"
"山东遭灾税","0","5","5"
"东遭灾税粮","0","5","5"
"十一月八日","0","5","5"
"免山东遭灾","0","5","5"
"氏为皇太后","0","5","5"
"同时发生地","0","5","5"
"时发生地震","0","5","5"
"部侍郎兼翰","0","5","5"
"十二月九日","0","5","5"
"河南受灾秋","0","5","5"
"南受灾秋粮","0","5","5"
"明年上元节","0","5","5"
"把都儿侵犯","0","5","5"
"授为开国辅","0","5","5"
"末年中进士","0","5","5"
"将军徐达一","0","5","5"
"继承他的职","0","5","5"
"承他的职位","0","5","5"
"率军将其击","0","5","5"
"年禄一千五","0","5","5"
"元璋亲自率","0","5","5"
"璋亲自率军","0","5","5"
"景帝即位后","0","5","5"
"被选为庶吉","0","5","5"
"为南京光禄","0","5","5"
"年一定时节","0","5","5"
"四年乡试中","0","5","5"
"西部少数民","0","5","5"
"部少数民族","0","5","5"
"邹元标上疏","0","5","5"
"有见识的人","0","5","5"
"为南京太仆","0","5","5"
"是大罪之二","0","5","5"
"大罪之二十","0","5","5"
"声音如雷鸣","0","5","5"
"太阳运行度","0","5","5"
"元至元辛巳","0","5","5"
"至元辛巳年","0","5","5"
"不发生日食","0","5","5"
"时后段二刻","0","5","5"
"唱宣读册书","0","5","5"
"奉先殿举行","0","5","5"
"放下指挥小","0","5","5"
"下指挥小旗","0","5","5"
"在奉天殿设","0","5","5"
"行仪式的僎","0","5","5"
"仪式的僎宾","0","5","5"
"地方特产的","0","5","5"
"官都拜四拜","0","5","5"
"年制定礼仪","0","5","5"
"祭祀已完成","0","5","5"
"三次进献啊","0","5","5"
"奠献币帛以","0","5","5"
"祀典礼已列","0","5","5"
"典礼已列陈","0","5","5"
"祖父母服丧","0","5","5"
"别人的后嗣","0","5","5"
"有出嫁的女","0","5","5"
"嫁的女儿服","0","5","5"
"妇人为丈夫","0","5","5"
"儿子的媳妇","0","5","5"
"夫的兄弟的","0","5","5"
"的同祖兄弟","0","5","5"
"临时休息的","0","5","5"
"时休息的大","0","5","5"
"息的大帐篷","0","5","5"
"常寺官员祭","0","5","5"
"黄道赤道大","0","5","5"
"以天圆直径","0","5","5"
"百八十万四","0","5","5"
"八十万四千","0","5","5"
"就是黄道赤","0","5","5"
"半径六十度","0","5","5"
"径六十度八","0","5","5"
"六十度八七","0","5","5"
"十度八七五","0","5","5"
"道赤道降交","0","5","5"
"赤道降交点","0","5","5"
"云南发生地","0","5","5"
"四川发生地","0","5","5"
"福建发生地","0","5","5"
"建发生地震","0","5","5"
"畿发生饥荒","0","5","5"
"也发生饥荒","0","5","5"
"应当赶快开","0","5","5"
"恢复黄河故","0","5","5"
"就关闭闸门","0","5","5"
"请求开通洳","0","5","5"
"又请求疏通","0","5","5"
"成为巨大的","0","5","5"
"为巨大的湖","0","5","5"
"导引沁水流","0","5","5"
"引沁水流入","0","5","5"
"人共同斩杀","0","5","5"
"部下斩杀敌","0","5","5"
"下斩杀敌人","0","5","5"
"年征收一匹","0","5","5"
"轮班调到京","0","5","5"
"班调到京城","0","5","5"
"调到京城的","0","5","5"
"州同日发生","0","5","5"
"左都御史赵","2","2","4"
"都御史赵锦","2","2","4"
"副都御史石","2","2","4"
"都御史石星","2","2","4"
"事中官应震","2","2","4"
"吏目李英俊","2","2","4"
"知县王时化","2","2","4"
"六政府侍郎","2","2","4"
"总兵官唐通","2","2","4"
"总兵秦翼明","2","2","4"
"兵部尚书范","2","2","4"
"总兵官杨御","2","2","4"
"兵官杨御蕃","2","2","4"
"知府郑履祥","2","2","4"
"御史徐复阳","2","2","4"
"乌撒土知府","2","2","4"
"三十五年三","2","2","4"
"株连数十人","2","2","4"
"玄元道德哲","2","2","4"
"元道德哲慧","2","2","4"
"道德哲慧圣","2","2","4"
"叛将李九成","2","2","4"
"将李九成等","2","2","4"
"御史余应桂","2","2","4"
"顺天府通判","2","2","4"
"丰城侯李承","2","2","4"
"城侯李承祚","2","2","4"
"尚书王绍徽","2","2","4"
"尚书李精白","2","2","4"
"御史刘国缙","2","2","4"
"御史张邦俊","2","2","4"
"事中刘文炳","2","2","4"
"指挥同知赵","2","2","4"
"督臣洪承畴","2","2","4"
"治二年正月","1","3","4"
"宗室朱容藩","2","2","4"
"天下兵马副","2","2","4"
"下兵马副元","2","2","4"
"兵马副元帅","2","2","4"
"改右佥都御","4","0","4"
"举人牛金星","2","2","4"
"平阳知府张","2","2","4"
"少卿曹钦程","2","2","4"
"御史李振声","2","2","4"
"礼部主事王","2","2","4"
"吏部主事龚","2","2","4"
"副将刘泽清","2","2","4"
"翰林院侍讲","2","2","4"
"光禄少卿马","2","2","4"
"总兵官董一","2","2","4"
"授兵部主事","4","0","4"
"十五年乡试","3","1","4"
"四川巡抚乔","2","2","4"
"川巡抚乔璧","2","2","4"
"巡抚乔璧星","2","2","4"
"年右佥都御","4","0","4"
"献王皇叔父","3","1","4"
"皇叔母兴献","2","2","4"
"右率府副使","2","2","4"
"书侍御史文","2","2","4"
"虏大将军印","2","2","4"
"武城侯王聪","2","2","4"
"燕山左卫指","2","2","4"
"山左卫指挥","2","2","4"
"尚书严震直","2","2","4"
"年册立皇太","3","1","4"
"詹事府詹事","2","2","4"
"历右副都御","3","1","4"
"迁南京光禄","3","1","4"
"巡抚应天十","3","1","4"
"抚应天十府","3","1","4"
"副总兵何卿","2","2","4"
"四川白草番","2","2","4"
"酋速檀满速","3","1","4"
"八年成进士","4","0","4"
"二十五年夏","2","2","4"
"府总兵官赵","2","2","4"
"总兵官赵国","2","2","4"
"兵官赵国忠","2","2","4"
"征授南京御","3","1","4"
"御史程启充","2","2","4"
"刑部郎中刘","2","2","4"
"副都御史张","2","2","4"
"都御史张润","2","2","4"
"御史郑本公","2","2","4"
"黄金二百两","2","2","4"
"白金二千两","2","2","4"
"散毛诸洞蛮","2","2","4"
"年傅友德征","4","0","4"
"总管府先锋","2","2","4"
"平兴国翼元","2","2","4"
"兴国翼元帅","2","2","4"
"陕西按察司","2","2","4"
"西按察司佥","2","2","4"
"风宪知所重","2","2","4"
"予世袭指挥","2","2","4"
"同佥枢密院","2","2","4"
"武德卫指挥","2","2","4"
"赐白金文绮","4","0","4"
"官礼部侍郎","4","0","4"
"镇南王孛罗","2","2","4"
"南王孛罗普","2","2","4"
"王孛罗普化","2","2","4"
"武清伯石亨","2","2","4"
"征南左将军","2","2","4"
"洱海卫指挥","2","2","4"
"曲靖宣慰司","2","2","4"
"兵部尚书史","2","2","4"
"户部尚书高","2","2","4"
"部尚书高弘","2","2","4"
"尚书高弘图","2","2","4"
"两广总督丁","2","2","4"
"广总督丁魁","2","2","4"
"总督丁魁楚","2","2","4"
"巡抚瞿式耜","2","2","4"
"布政使顾元","2","2","4"
"政使顾元镜","2","2","4"
"大清顺治二","2","2","4"
"清顺治二年","2","2","4"
"顺治二年五","2","2","4"
"副总兵时源","2","2","4"
"平虏大将军","2","2","4"
"皇太后上尊","2","2","4"
"太后上尊号","2","2","4"
"度四十五分","2","2","4"
"陕西西安府","2","2","4"
"戌初三刻十","2","2","4"
"酉正三刻十","2","2","4"
"正三刻十一","2","2","4"
"三刻十一分","2","2","4"
"酉正一刻五","2","2","4"
"正一刻五分","2","2","4"
"官行叩头礼","2","2","4"
"年六月乙丑","2","2","4"
"体天弘道高","2","2","4"
"弘道高明广","2","2","4"
"道高明广运","2","2","4"
"高明广运圣","2","2","4"
"明广运圣武","2","2","4"
"广运圣武神","2","2","4"
"九年四月庚","2","2","4"
"年四月庚子","2","2","4"
"六年四月丙","2","2","4"
"年四月丙申","2","2","4"
"年六月庚戌","2","2","4"
"八年八月戊","2","2","4"
"年八月戊寅","2","2","4"
"二十二年二","2","2","4"
"洪熙元年夏","2","2","4"
"三年五月丙","2","2","4"
"二年正月甲","2","2","4"
"年正月甲戌","2","2","4"
"判太史监事","2","2","4"
"置惠民药局","2","2","4"
"应天府知府","2","2","4"
"二都转运司","2","2","4"
"户部尚书郑","2","2","4"
"凤阳巡抚唐","2","2","4"
"部员外郎杨","2","2","4"
"员外郎杨继","2","2","4"
"外郎杨继盛","2","2","4"
"十一万三千","2","2","4"
"万三千四百","2","2","4"
"千四百四十","2","2","4"
"千三百二十","2","2","4"
"百二十八万","2","2","4"
"万一千一百","2","2","4"
"四百三十六","2","2","4"
"六十九万二","2","2","4"
"十九万二千","2","2","4"
"沛三县长堤","2","2","4"
"三十七年七","2","2","4"
"羽林十七卫","2","2","4"
"林十七卫亲","2","2","4"
"隶五都督府","3","1","4"
"亲军都尉府","2","2","4"
"中府掌府事","2","2","4"
"府掌府事官","2","2","4"
"府所属五卫","2","2","4"
"亲王护卫指","2","2","4"
"王护卫指挥","2","2","4"
"州总兵官一","2","2","4"
"西总兵官一","2","2","4"
"阳等处地方","2","2","4"
"广东总兵官","2","2","4"
"苏州等九府","2","2","4"
"十五万五千","2","2","4"
"万五千六百","2","2","4"
"三百三十万","2","2","4"
"万一千七百","2","2","4"
"一千七百七","1","3","4"
"工部侍郎潘","2","2","4"
"二百石递减","2","2","4"
"十四万三千","2","2","4"
"百九十二万","2","2","4"
"米一石五斗","2","2","4"
"八百五十万","2","2","4"
"百五十万七","2","2","4"
"钞六十六万","2","2","4"
"二万三千馀","4","0","4"
"银二十六万","2","2","4"
"二十六万八","2","2","4"
"十六万八千","2","2","4"
"万一千五百","2","2","4"
"百八十六万","2","2","4"
"万七千四百","2","2","4"
"盐一万二千","2","2","4"
"井辖盐课司","4","0","4"
"设副使一人","2","2","4"
"二十四年四","2","2","4"
"年四月己亥","2","2","4"
"九年六月甲","2","2","4"
"年六月甲子","2","2","4"
"二年四月庚","2","2","4"
"二年四月丙","2","2","4"
"嘉靖二年五","2","2","4"
"靖二年五月","2","2","4"
"年五月丁丑","2","2","4"
"四年七月己","2","2","4"
"年四月戊寅","2","2","4"
"年七月壬子","2","2","4"
"六年八月壬","2","2","4"
"年五月癸酉","2","2","4"
"景泰五年六","2","2","4"
"泰五年六月","2","2","4"
"天顺元年七","2","2","4"
"顺元年七月","2","2","4"
"年六月甲申","2","2","4"
"二十八年八","2","2","4"
"年八月戊戌","2","2","4"
"年三月癸卯","2","2","4"
"二十九年八","2","2","4"
"三十七年九","2","2","4"
"甲士十二人","2","2","4"
"布旗六十四","2","2","4"
"左前第一行","3","1","4"
"抹金铜凤头","4","0","4"
"凤翎叶片装","2","2","4"
"翎叶片装钉","2","2","4"
"左右都御史","2","2","4"
"部右侍郎章","2","2","4"
"佥都御史高","3","1","4"
"御史高明考","2","2","4"
"史高明考察","2","2","4"
"群牧千户所","2","2","4"
"巡抚凤阳都","2","2","4"
"抚凤阳都御","2","2","4"
"凤阳都御史","2","2","4"
"巡抚顺天等","2","2","4"
"尚书石璞总","2","2","4"
"提督两广军","2","2","4"
"遣兵部侍郎","2","2","4"
"谦巡抚山西","2","2","4"
"加赞理军务","2","2","4"
"定设巡抚都","2","2","4"
"设巡抚都御","2","2","4"
"提督军务一","2","2","4"
"督军务一员","2","2","4"
"长九寸五分","2","2","4"
"镇国将军夫","2","2","4"
"郡王长子夫","2","2","4"
"王长子夫人","2","2","4"
"镇国中尉恭","2","2","4"
"国中尉恭人","2","2","4"
"奉国将军淑","2","2","4"
"国将军淑人","2","2","4"
"习四夷译书","2","2","4"
"二十二年改","3","1","4"
"洪武元年置","4","0","4"
"布政司经历","2","2","4"
"政司经历司","2","2","4"
"厚三分五厘","2","2","4"
"通政司经历","2","2","4"
"按察司经历","2","2","4"
"鸿胪寺主簿","2","2","4"
"厚二分五厘","2","2","4"
"王府长史司","2","2","4"
"厚二分二厘","2","2","4"
"长二寸五分","2","2","4"
"厚二分一厘","2","2","4"
"一寸九分五","2","2","4"
"寸九分五厘","2","2","4"
"长二寸九分","2","2","4"
"次辅吕调阳","2","2","4"
"尺二寸五分","2","2","4"
"东西北字号","2","2","4"
"太祖开天行","2","2","4"
"祖开天行道","2","2","4"
"石抹宜孙守","3","1","4"
"抹宜孙守处","3","1","4"
"宜孙守处州","3","1","4"
"江西行省丞","2","2","4"
"西行省丞相","2","2","4"
"丞相胡廷瑞","2","2","4"
"士诚将吕珍","3","1","4"
"左丞周德兴","2","2","4"
"保定侯孟瑛","2","2","4"
"圣神文武钦","2","2","4"
"神文武钦明","2","2","4"
"文武钦明启","2","2","4"
"武钦明启运","2","2","4"
"钦明启运俊","2","2","4"
"明启运俊德","2","2","4"
"启运俊德成","2","2","4"
"运俊德成功","2","2","4"
"俊德成功统","2","2","4"
"德成功统天","2","2","4"
"成功统天大","2","2","4"
"功统天大孝","2","2","4"
"统天大孝高","2","2","4"
"天大孝高皇","2","2","4"
"大孝高皇帝","2","2","4"
"海道取广东","3","1","4"
"者二十八人","3","1","4"
"改大都督府","3","1","4"
"南雄侯赵庸","2","2","4"
"指挥杨方亨","2","2","4"
"南京吏部侍","2","2","4"
"京吏部侍郎","2","2","4"
"佥都御史左","2","2","4"
"都御史左光","2","2","4"
"礼部尚书周","2","2","4"
"织造太监李","2","2","4"
"前应天巡抚","2","2","4"
"左都御史高","2","2","4"
"都御史高攀","2","2","4"
"御史高攀龙","2","2","4"
"抚都御史高","2","2","4"
"都御史高名","2","2","4"
"洪武三十五","1","3","4"
"武三十五年","1","3","4"
"陕西行都司","2","2","4"
"等三十五人","2","2","4"
"武成侯王聪","2","2","4"
"西宁侯宋琥","2","2","4"
"谕德杨士奇","2","2","4"
"督同知李安","2","2","4"
"员外郎薛蕙","2","2","4"
"大学士王文","2","2","4"
"下右都御史","2","2","4"
"右都御史耿","2","2","4"
"工部侍郎徐","2","2","4"
"副都御史何","2","2","4"
"都御史何鉴","2","2","4"
"定都御史杨","2","2","4"
"都御史杨守","2","2","4"
"御史杨守谦","2","2","4"
"都御史王仪","2","2","4"
"参将赵倾葵","2","2","4"
"瑾掌司礼监","3","1","4"
"抚都御史林","2","2","4"
"都御史林俊","2","2","4"
"行人张廷纲","2","2","4"
"浙江布政使","2","2","4"
"刑部侍郎金","2","2","4"
"部侍郎何乔","2","2","4"
"侍郎何乔新","2","2","4"
"等二十四人","2","2","4"
"安陆侯吴杰","2","2","4"
"恭闵惠皇帝","2","2","4"
"指挥同知徐","2","2","4"
"尚书梁梦龙","2","2","4"
"部尚书徐学","2","2","4"
"礼部侍郎何","2","2","4"
"侍郎高启愚","2","2","4"
"事中王士性","2","2","4"
"刑部尚书潘","2","2","4"
"部尚书潘季","2","2","4"
"御史蔡系周","2","2","4"
"御史龚仲庆","2","2","4"
"督南畿学政","2","2","4"
"劾礼部侍郎","2","2","4"
"礼部侍郎朱","2","2","4"
"部侍郎朱国","2","2","4"
"蓟辽总督万","2","2","4"
"辽总督万世","2","2","4"
"等二十八人","2","2","4"
"家居十五年","3","1","4"
"授户科事中","4","0","4"
"刑部主事孙","2","2","4"
"尚书曾同亨","2","2","4"
"参政洪承畴","2","2","4"
"郎中李继贞","2","2","4"
"副将曹文诏","2","2","4"
"巡抚宋统殷","2","2","4"
"总督张宗衡","2","2","4"
"总兵官曹文","2","2","4"
"兵官曹文诏","2","2","4"
"延绥巡抚陈","2","2","4"
"绥巡抚陈奇","2","2","4"
"兴安车箱峡","2","2","4"
"十三家七十","2","2","4"
"三家七十二","2","2","4"
"家七十二营","2","2","4"
"知州刘大巩","2","2","4"
"巡抚王维章","2","2","4"
"保定总督杨","1","3","4"
"定总督杨文","1","3","4"
"总督杨文岳","1","3","4"
"知州侯君擢","2","2","4"
"商丘知县梁","2","2","4"
"总兵刘泽清","2","2","4"
"抚治都御史","2","2","4"
"大学士李建","2","2","4"
"学士李建泰","2","2","4"
"巡抚蔡懋德","2","2","4"
"者四十余人","4","0","4"
"成国公朱纯","2","2","4"
"国公朱纯臣","2","2","4"
"太监王德化","2","2","4"
"山海关总兵","2","2","4"
"总兵吴三桂","2","2","4"
"追奔四十里","4","0","4"
"治二年二月","2","2","4"
"洪承畴总督","3","1","4"
"应天巡抚张","2","2","4"
"总兵官牟文","2","2","4"
"兵官牟文绶","2","2","4"
"巡按御史林","2","2","4"
"陕西总督洪","2","2","4"
"西总督洪承","2","2","4"
"开县黄陵城","3","1","4"
"副将王允成","2","2","4"
"督师丁启睿","2","2","4"
"安庆巡抚郑","2","2","4"
"庆巡抚郑二","2","2","4"
"巡抚郑二阳","2","2","4"
"冬十一月庚","4","0","4"
"官工部尚书","1","3","4"
"万历元年正","2","2","4"
"历元年正月","2","2","4"
"杖吴中行等","3","1","4"
"事中张应登","2","2","4"
"兵部尚书吴","2","2","4"
"知县韦国贤","2","2","4"
"益都知县吴","2","2","4"
"都知县吴宗","2","2","4"
"知县吴宗尧","2","2","4"
"巡抚尹应元","2","2","4"
"中书程守训","2","2","4"
"御史刘曰梧","2","2","4"
"凤阳巡抚李","2","2","4"
"巡抚李三才","1","3","4"
"银四十余万","2","2","4"
"事中霍维华","2","2","4"
"御史王心一","2","2","4"
"御史毕佐周","2","2","4"
"御史方大任","2","2","4"
"兵部尚书董","2","2","4"
"部尚书董汉","2","2","4"
"尚书董汉儒","2","2","4"
"中书汪文言","2","2","4"
"抚宁侯朱国","2","2","4"
"宁侯朱国弼","2","2","4"
"部郎中万燝","3","1","4"
"部侍郎李邦","2","2","4"
"荫都督同知","2","2","4"
"南镇抚司事","1","3","4"
"巡抚毛一鹭","2","2","4"
"太监刘应坤","2","2","4"
"编修吴孔嘉","2","2","4"
"等三十余人","2","2","4"
"指挥使一人","2","2","4"
"工部尚书薛","2","2","4"
"蓟镇副总兵","2","2","4"
"大学士韩爌","4","0","4"
"郑贵妃宫中","1","3","4"
"吏部尚书闵","2","2","4"
"部尚书闵洪","2","2","4"
"尚书闵洪学","2","2","4"
"工部侍郎高","2","2","4"
"尚书周士朴","2","2","4"
"事中傅朝佑","2","2","4"
"太监陈大金","2","2","4"
"东厂太监王","3","1","4"
"遣都督胡海","3","1","4"
"都督胡海洋","2","2","4"
"永宁趋乌撒","4","0","4"
"乌撒诸蛮复","3","1","4"
"撒诸蛮复叛","3","1","4"
"安陆侯吴复","2","2","4"
"斩首三万余","3","1","4"
"傅友德征南","4","0","4"
"友德征南将","4","0","4"
"德征南将军","4","0","4"
"宁侯叶升等","2","2","4"
"三年一入贡","4","0","4"
"渡河巡检司","2","2","4"
"者三百余人","4","0","4"
"芒部土舍陇","2","2","4"
"宁宣抚司女","2","2","4"
"宣抚司女土","2","2","4"
"抚司女土官","2","2","4"
"司女土官奢","2","2","4"
"撒土舍安宁","2","2","4"
"百六十七人","2","2","4"
"罗罗斯宣慰","2","2","4"
"昌卫指挥使","2","2","4"
"赐织金文绮","2","2","4"
"等四十二人","2","2","4"
"万五千余人","3","1","4"
"行都指挥使","2","2","4"
"巡抚盛应期","2","2","4"
"御史大夫丁","2","2","4"
"史大夫丁玉","2","2","4"
"松潘安抚司","2","2","4"
"松潘卫指挥","2","2","4"
"潘卫指挥吴","2","2","4"
"卫指挥吴玮","2","2","4"
"龙溪等三十","2","2","4"
"溪等三十七","2","2","4"
"松潘指挥佥","2","2","4"
"潘指挥佥事","2","2","4"
"千一百余级","3","1","4"
"巡抚张时彻","2","2","4"
"巡按李化龙","2","2","4"
"番等处宣慰","2","2","4"
"天全招讨司","2","2","4"
"六番招讨使","2","2","4"
"左都督徐增","2","2","4"
"都督徐增寿","2","2","4"
"黎州安抚司","2","2","4"
"学士胡广等","2","2","4"
"谪戍铁岭卫","4","0","4"
"驸马都尉石","2","2","4"
"兵部尚书徐","2","2","4"
"御史陈镒等","2","2","4"
"阳侯陈懋等","2","2","4"
"命吏部尚书","2","2","4"
"天顺五年七","2","2","4"
"顺五年七月","2","2","4"
"兵部尚书项","2","2","4"
"部尚书项忠","2","2","4"
"南京御马监","2","2","4"
"部员外郎林","2","2","4"
"巡按御史郭","2","2","4"
"南京参赞尚","2","2","4"
"京参赞尚书","2","2","4"
"均徭户六十","2","2","4"
"布政使彭韶","2","2","4"
"张鹤龄兄弟","2","2","4"
"广洋卫指挥","2","2","4"
"五官监候杨","2","2","4"
"官监候杨源","2","2","4"
"吏部尚书焦","2","2","4"
"部尚书焦芳","2","2","4"
"正德元年十","2","2","4"
"御史薄彦徽","2","2","4"
"史薄彦徽等","2","2","4"
"都御史刘宇","2","2","4"
"御史杨南金","2","2","4"
"浙江盐运使","2","2","4"
"部尚书张彩","2","2","4"
"化王寘鐇反","4","0","4"
"部尚书王敞","2","2","4"
"伏羌伯毛锐","2","2","4"
"兵部侍郎陆","2","2","4"
"部侍郎陆完","2","2","4"
"事中程万里","2","2","4"
"都督同知范","2","2","4"
"都指挥袁彬","2","2","4"
"广西南丹卫","2","2","4"
"迁太仆少卿","4","0","4"
"部尚书尹旻","4","0","4"
"都御史刘敷","2","2","4"
"都御史余子","2","2","4"
"御史余子俊","2","2","4"
"一百二十三","1","3","4"
"万全都指挥","2","2","4"
"陕西都指挥","2","2","4"
"武大将军朱","2","2","4"
"千五百五十","2","2","4"
"五百五十余","2","2","4"
"总兵官戴钦","2","2","4"
"威武团练营","2","2","4"
"帑金数十万","4","0","4"
"后府都督佥","2","2","4"
"袭指挥佥事","1","3","4"
"擢都指挥同","4","0","4"
"本卫指挥佥","2","2","4"
"吏部尚书熊","2","2","4"
"部尚书熊浃","2","2","4"
"太祖吴王位","4","0","4"
"军民宣抚司","2","2","4"
"四川行省参","2","2","4"
"等处军民宣","2","2","4"
"纳元所授金","4","0","4"
"征南将军邓","2","2","4"
"南将军邓愈","2","2","4"
"宣抚覃大胜","2","2","4"
"大田军民千","2","2","4"
"田军民千户","2","2","4"
"兵一千五百","2","2","4"
"散毛宣抚司","2","2","4"
"册长官田谷","2","2","4"
"长官田谷佐","2","2","4"
"东乡五路安","2","2","4"
"乡五路安抚","2","2","4"
"湖广巡按御","2","2","4"
"按御史周斗","4","0","4"
"等处军民安","2","2","4"
"处军民安抚","2","2","4"
"永顺宣慰使","2","2","4"
"宣慰彭世麒","2","2","4"
"巡抚李士实","2","2","4"
"一千九百余","2","2","4"
"保靖安抚使","2","2","4"
"子坪长官司","2","2","4"
"八百五十三","2","2","4"
"贵州贼妇米","4","0","4"
"州贼妇米鲁","4","0","4"
"顺宣慰彭明","2","2","4"
"都御史吴廷","2","2","4"
"御史吴廷举","2","2","4"
"卫指挥林贤","2","2","4"
"中丞涂节等","2","2","4"
"昭示奸党录","2","2","4"
"都察院左副","2","2","4"
"察院左副都","2","2","4"
"院左副都御","2","2","4"
"修撰王叔英","2","2","4"
"知县颜伯玮","2","2","4"
"历城侯盛庸","2","2","4"
"劾驸马都尉","2","2","4"
"都御史数年","2","2","4"
"佥都御史俞","2","2","4"
"都御史俞士","2","2","4"
"御史俞士吉","2","2","4"
"知州刀算党","2","2","4"
"举弘治十八","4","0","4"
"御史交章论","4","0","4"
"礼部尚书张","2","2","4"
"部尚书张璧","2","2","4"
"部尚书张治","2","2","4"
"华督察军情","2","2","4"
"方士蓝道行","2","2","4"
"帝优诏褒答","4","0","4"
"筑京师外城","3","1","4"
"帝御文华殿","4","0","4"
"事中钱允鲸","2","2","4"
"大同巡抚张","2","2","4"
"莱巡抚孙元","2","2","4"
"事中陈赞化","2","2","4"
"事中曹良直","2","2","4"
"侍郎周延儒","2","2","4"
"御史任赞化","2","2","4"
"左都御史曹","2","2","4"
"书吕维祺等","2","2","4"
"大学士何吾","2","2","4"
"学士何吾驺","2","2","4"
"陕西华亭知","2","2","4"
"西华亭知县","2","2","4"
"华亭知县徐","2","2","4"
"亭知县徐兆","2","2","4"
"庶吉士张溥","2","2","4"
"提学御史倪","2","2","4"
"学御史倪元","2","2","4"
"御史倪元珙","2","2","4"
"镇守太监王","2","2","4"
"御史毛羽健","2","2","4"
"御史魏景琦","2","2","4"
"部侍郎钱谦","2","2","4"
"侍郎钱谦益","2","2","4"
"兵部侍郎吕","2","2","4"
"部侍郎吕大","2","2","4"
"太监韩赞周","2","2","4"
"勋臣刘孔昭","2","2","4"
"巡按御史黄","2","2","4"
"按御史黄澍","2","2","4"
"四川提学副","2","2","4"
"川提学副使","2","2","4"
"南京右通政","2","2","4"
"一清总制三","2","2","4"
"都御史杨所","2","2","4"
"御史杨所修","2","2","4"
"御史杨维垣","2","2","4"
"工部尚书吴","2","2","4"
"都御史李夔","2","2","4"
"御史李夔龙","2","2","4"
"事中潘士闻","2","2","4"
"南京御史涂","2","2","4"
"京御史涂世","2","2","4"
"御史涂世业","2","2","4"
"尚书刘荣嗣","2","2","4"
"进太子太傅","4","0","4"
"移宫始末疏","2","2","4"
"书周嘉谟等","2","2","4"
"事中王志道","2","2","4"
"崇祯元年六","2","2","4"
"祯元年六月","2","2","4"
"御史温纯等","2","2","4"
"南京通政使","2","2","4"
"御史巡抚保","4","0","4"
"史巡抚保定","4","0","4"
"擢大理右寺","4","0","4"
"理京营戎政","2","2","4"
"士叶向高等","2","2","4"
"御史刘光复","2","2","4"
"工部侍郎林","2","2","4"
"巡按御史颜","2","2","4"
"按御史颜思","2","2","4"
"御史颜思忠","2","2","4"
"侍郎邹元标","2","2","4"
"都御史王德","2","2","4"
"御史王德完","2","2","4"
"顺义王乞庆","2","2","4"
"义王乞庆哈","2","2","4"
"副将孙守廉","2","2","4"
"世指挥佥事","4","0","4"
"加右都御史","3","1","4"
"八月丙午朔","4","0","4"
"工科左事中","4","0","4"
"御史巡抚湖","4","0","4"
"史巡抚湖广","4","0","4"
"四十三年五","2","2","4"
"吏部侍郎陆","2","2","4"
"部侍郎陆光","2","2","4"
"召工部右侍","4","0","4"
"诏加太子少","4","0","4"
"擢光禄少卿","4","0","4"
"总督漕运巡","4","0","4"
"漕运巡抚凤","4","0","4"
"运巡抚凤阳","4","0","4"
"侍郎杨东明","2","2","4"
"莱监军佥事","2","2","4"
"巡抚汪应蛟","2","2","4"
"进兵部侍郎","4","0","4"
"兵部尚书掌","3","1","4"
"陕西巡抚乔","2","2","4"
"西巡抚乔应","2","2","4"
"礼部侍郎韩","2","2","4"
"部侍郎韩世","2","2","4"
"天下民穷财","3","1","4"
"湖广按察司","2","2","4"
"事中唐尧钦","2","2","4"
"事中薛三才","2","2","4"
"崇信伯费甲","2","2","4"
"信伯费甲金","2","2","4"
"书孙丕扬等","2","2","4"
"擢南京礼部","4","0","4"
"三十五年五","2","2","4"
"三十七年二","2","2","4"
"百户王曰乾","2","2","4"
"请增置阁臣","4","0","4"
"四十二年二","2","2","4"
"天启元年十","2","2","4"
"启元年十月","2","2","4"
"四十五年春","3","1","4"
"御史陈九畴","2","2","4"
"充东宫讲官","4","0","4"
"帝召见群臣","1","3","4"
"杨涟劾魏忠","4","0","4"
"涟劾魏忠贤","4","0","4"
"党杨维垣等","2","2","4"
"尚书张凤翔","2","2","4"
"湖广税监陈","2","2","4"
"广税监陈奉","2","2","4"
"尚书余继登","2","2","4"
"总兵官王治","2","2","4"
"兵官王治道","2","2","4"
"五百八十余","2","2","4"
"游击陶承喾","2","2","4"
"部尚书方逢","2","2","4"
"尚书方逢时","2","2","4"
"斩首八百四","2","2","4"
"首八百四十","2","2","4"
"增岁禄百石","4","0","4"
"斩首千五百","4","0","4"
"十九年闰三","2","2","4"
"九年闰三月","2","2","4"
"按御史胡克","2","2","4"
"御史胡克俭","2","2","4"
"御史张鹤鸣","2","2","4"
"御史梅国桢","2","2","4"
"御史朱应毂","2","2","4"
"侍郎汪道昆","2","2","4"
"事中黄道瞻","2","2","4"
"提督陕西讨","2","2","4"
"游击吴惟忠","2","2","4"
"总兵董一元","2","2","4"
"大同副总兵","2","2","4"
"袭封顺义王","4","0","4"
"总兵刘承嗣","2","2","4"
"获马驼牛羊","3","1","4"
"都体察使李","2","2","4"
"体察使李元","2","2","4"
"察使李元翼","2","2","4"
"明年正月二","4","0","4"
"三百九十七","2","2","4"
"百九十七法","2","2","4"
"十四年遣使","3","1","4"
"后卫指挥刘","2","2","4"
"卫指挥刘忠","2","2","4"
"指挥刘忠嗣","2","2","4"
"擢南京御史","4","0","4"
"劾南京兵部","2","2","4"
"兵部尚书胡","2","2","4"
"督师王应熊","2","2","4"
"加太仆少卿","3","1","4"
"闯王高迎祥","2","2","4"
"斩首五百余","3","1","4"
"总兵杨国柱","2","2","4"
"职方郎张若","2","2","4"
"方郎张若麒","2","2","4"
"七月二十八","1","3","4"
"宗文皇帝亲","2","2","4"
"万三千七百","2","2","4"
"三千七百余","3","1","4"
"总理马世龙","2","2","4"
"督师洪承畴","2","2","4"
"督郑崇俭率","2","2","4"
"扫地王曹威","2","2","4"
"都御史李邦","2","2","4"
"一子锦衣卫","3","1","4"
"总督袁继咸","2","2","4"
"部将郝效忠","2","2","4"
"顺治二年四","2","2","4"
"治二年四月","2","2","4"
"副将李国奇","2","2","4"
"斩首一千二","2","2","4"
"总督陈奇瑜","2","2","4"
"遣参将贺人","3","1","4"
"加太子少傅","4","0","4"
"世袭锦衣佥","1","3","4"
"袭锦衣佥事","1","3","4"
"总兵许定国","2","2","4"
"总兵杨肇基","2","2","4"
"会总督洪承","4","0","4"
"吏部稽勋主","2","2","4"
"部稽勋主事","2","2","4"
"副将王世宠","2","2","4"
"永明王监国","3","1","4"
"吏部文选主","2","2","4"
"部文选主事","2","2","4"
"拥立永明王","1","3","4"
"开国公赵印","2","2","4"
"国公赵印选","2","2","4"
"卫国公胡一","2","2","4"
"吏部侍郎张","2","2","4"
"吏部侍郎邓","2","2","4"
"大学士杨嗣","2","2","4"
"学士杨嗣昌","2","2","4"
"迁考功郎中","4","0","4"
"擢刑部右侍","4","0","4"
"部尚书李日","2","2","4"
"书李日宣等","2","2","4"
"部右侍郎宋","2","2","4"
"侍郎惠世扬","2","2","4"
"书陈新甲下","3","1","4"
"陈新甲下狱","3","1","4"
"御史黄耳鼎","2","2","4"
"总督杨述中","2","2","4"
"召兵部左侍","4","0","4"
"天津兵备副","2","2","4"
"津兵备副使","2","2","4"
"旋擢右佥都","4","0","4"
"太仆少卿马","2","2","4"
"仆少卿马绍","2","2","4"
"少卿马绍愉","2","2","4"
"都督府经历","2","2","4"
"统元年七月","2","2","4"
"吏部侍郎黄","2","2","4"
"部侍郎黄宗","2","2","4"
"清军御史李","2","2","4"
"军御史李立","2","2","4"
"举贤良方正","3","1","4"
"化十四年进","2","2","4"
"南京光禄少","3","1","4"
"京光禄少卿","3","1","4"
"东平伯刘泽","2","2","4"
"平伯刘泽清","2","2","4"
"召左佥都御","4","0","4"
"南京行人司","2","2","4"
"山西提学佥","2","2","4"
"月擢右佥都","4","0","4"
"明年十一月","4","0","4"
"大学士徐光","2","2","4"
"学士徐光启","2","2","4"
"御史左光先","2","2","4"
"都御史易应","2","2","4"
"云南援将赵","2","2","4"
"南援将赵印","2","2","4"
"援将赵印选","2","2","4"
"南安侯郝永","2","2","4"
"安侯郝永忠","2","2","4"
"劾大学士刘","2","2","4"
"靖江王亨嘉","2","2","4"
"总督林佳鼎","2","2","4"
"总督张同敞","2","2","4"
"巡抚李永茂","2","2","4"
"副将徐必达","2","2","4"
"加兵部尚书","4","0","4"
"西兵备佥事","2","2","4"
"倚若左右手","4","0","4"
"顺治三年三","2","2","4"
"尚书郭维经","2","2","4"
"尚书李觉斯","2","2","4"
"莱巡抚谢琏","2","2","4"
"副将牟文绶","2","2","4"
"兵部尚书熊","2","2","4"
"部尚书熊明","2","2","4"
"事中方士亮","2","2","4"
"荫锦衣佥事","3","1","4"
"授长兴知县","3","1","4"
"推官万元吉","2","2","4"
"迁南京工部","4","0","4"
"巡抚王永吉","2","2","4"
"嘉靖二年进","2","2","4"
"靖二年进士","2","2","4"
"江西按察副","2","2","4"
"西按察副使","2","2","4"
"事中杨思忠","2","2","4"
"府总兵官马","2","2","4"
"大总督江东","2","2","4"
"京振武营兵","3","1","4"
"遣行人存问","4","0","4"
"隆庆元年五","2","2","4"
"庆元年五月","2","2","4"
"大学士赵贞","2","2","4"
"学士赵贞吉","2","2","4"
"曰慈圣皇太","4","0","4"
"事中余懋学","2","2","4"
"御史傅应祯","2","2","4"
"部左侍郎张","2","2","4"
"御史曾士楚","2","2","4"
"员外郎艾穆","2","2","4"
"礼部尚书马","2","2","4"
"侍郎申时行","2","2","4"
"遣锦衣指挥","2","2","4"
"礼部尚书潘","2","2","4"
"部尚书潘晟","2","2","4"
"武清伯李伟","2","2","4"
"御史张问达","2","2","4"
"龙虎山正一","2","2","4"
"虎山正一真","2","2","4"
"山正一真人","2","2","4"
"京御史王麟","2","2","4"
"御史王麟趾","2","2","4"
"廷杖吴中行","3","1","4"
"主事岳元声","2","2","4"
"事中许弘纲","2","2","4"
"御史赵文炳","2","2","4"
"郎顾宪成等","2","2","4"
"事中冯景隆","2","2","4"
"南京尚宝丞","2","2","4"
"年大计京官","4","0","4"
"内府诸监局","3","1","4"
"事中张宪臣","2","2","4"
"督都御史刘","2","2","4"
"都御史刘焘","2","2","4"
"部尚书郭乾","2","2","4"
"欧阳一敬等","2","2","4"
"劾礼部尚书","3","1","4"
"学士高拱掌","3","1","4"
"御史耿定向","2","2","4"
"主事姜士昌","2","2","4"
"员外郎赵南","2","2","4"
"外郎赵南星","2","2","4"
"尚书刘体乾","2","2","4"
"举嘉靖三十","4","0","4"
"巡抚李世达","2","2","4"
"广西按察使","2","2","4"
"巡抚殷正茂","2","2","4"
"召户部右侍","4","0","4"
"擢南京右都","4","0","4"
"巡抚徐元泰","2","2","4"
"御史黄仁荣","2","2","4"
"都御史詹仰","2","2","4"
"户部尚书督","2","2","4"
"南京大理丞","3","1","4"
"累迁右副都","4","0","4"
"左都御史张","2","2","4"
"巡抚耿随卿","2","2","4"
"辽东苑马寺","2","2","4"
"东苑马寺卿","2","2","4"
"主事赵学仕","2","2","4"
"部尚书孙鑨","4","0","4"
"御史宋兴祖","2","2","4"
"首辅赵志皋","2","2","4"
"兵部尚书孙","2","2","4"
"召工部左侍","4","0","4"
"总兵官王继","2","2","4"
"兵官王继祖","2","2","4"
"四十二年十","2","2","4"
"都御史葛守","2","2","4"
"御史葛守礼","2","2","4"
"四年成进士","4","0","4"
"银三十万两","3","1","4"
"百七十六万","2","2","4"
"靖十一年进","3","1","4"
"部尚书汪鋐","3","1","4"
"吏部尚书严","2","2","4"
"部尚书严讷","2","2","4"
"刑部尚书毛","2","2","4"
"部尚书毛恺","2","2","4"
"御史谢廷杰","2","2","4"
"少詹事冯琦","2","2","4"
"二十四年冬","2","2","4"
"天下名山大","3","1","4"
"下名山大川","3","1","4"
"官都督同知","3","1","4"
"三十三年夏","2","2","4"
"御史陈宗契","2","2","4"
"四十年九月","2","2","4"
"礼部尚书刘","2","2","4"
"靖二十年进","3","1","4"
"改南京兵部","4","0","4"
"贵州提学副","2","2","4"
"州提学副使","2","2","4"
"进户部右侍","4","0","4"
"事中朱南雍","2","2","4"
"山西副总兵","2","2","4"
"四十二年夏","2","2","4"
"四十四年秋","2","2","4"
"顺天巡抚耿","2","2","4"
"天巡抚耿随","2","2","4"
"陕西巡抚戴","2","2","4"
"西巡抚戴才","2","2","4"
"事中张养蒙","2","2","4"
"三百八十二","2","2","4"
"百八十二条","2","2","4"
"厂太监张鲸","2","2","4"
"户部尚书宋","2","2","4"
"郎中杨应宿","2","2","4"
"进太常少卿","4","0","4"
"御史巡抚贵","3","1","4"
"史巡抚贵州","3","1","4"
"二千五百人","2","2","4"
"侍郎朱隆禧","2","2","4"
"工部尚书何","2","2","4"
"御史高维崧","2","2","4"
"进南京吏部","3","1","4"
"事中陈嘉训","2","2","4"
"户部尚书陈","2","2","4"
"辽东巡抚周","2","2","4"
"御史魏允贞","2","2","4"
"事中史孟麟","2","2","4"
"部尚书罗万","2","2","4"
"刑部尚书萧","2","2","4"
"京御史朱吾","2","2","4"
"杨镐四路师","4","0","4"
"贵妃皇太后","4","0","4"
"部尚书李汝","2","2","4"
"礼部仪制主","2","2","4"
"部仪制主事","2","2","4"
"三十九年冬","2","2","4"
"二十年会试","2","2","4"
"侍讲赵志皋","2","2","4"
"二十七年九","2","2","4"
"御史金明时","2","2","4"
"四十五年京","2","2","4"
"少詹事文震","2","2","4"
"詹事文震孟","2","2","4"
"祭酒倪元璐","2","2","4"
"中书黄应恩","2","2","4"
"令司礼太监","1","3","4"
"都御史戴珊","2","2","4"
"兵部侍郎熊","2","2","4"
"部侍郎熊绣","2","2","4"
"尚书王恕等","2","2","4"
"年兵部尚书","3","1","4"
"六百八十三","2","2","4"
"等四十八人","2","2","4"
"乐十六年进","3","1","4"
"景泰五年进","3","1","4"
"泰五年进士","3","1","4"
"都御史原杰","2","2","4"
"湖广右布政","2","2","4"
"广右布政使","2","2","4"
"巡按江西御","2","2","4"
"按江西御史","2","2","4"
"江西巡抚林","2","2","4"
"西巡抚林俊","2","2","4"
"事中吴世忠","2","2","4"
"外戚张鹤龄","2","2","4"
"地二十余里","2","2","4"
"三百三十二","2","2","4"
"地三万三千","2","2","4"
"三千一百余","2","2","4"
"大理寺左少","1","3","4"
"理寺左少卿","1","3","4"
"迁右都御史","4","0","4"
"崇仁王厚炫","3","1","4"
"迁侍读学士","4","0","4"
"兴献帝本生","4","0","4"
"寿安皇太后","2","2","4"
"户部尚书周","2","2","4"
"部尚书周经","2","2","4"
"奉先殿西室","2","2","4"
"廷臣伏阙哭","4","0","4"
"臣伏阙哭争","4","0","4"
"孝宗敬皇帝","2","2","4"
"大学士毛纪","2","2","4"
"南京侍讲学","2","2","4"
"京侍讲学士","2","2","4"
"迁南京太常","4","0","4"
"三年进士第","3","1","4"
"左春坊左中","2","2","4"
"春坊左中允","2","2","4"
"士李东阳等","2","2","4"
"大学士蒋冕","2","2","4"
"三月十四日","1","3","4"
"俱逮下诏狱","4","0","4"
"问大学士李","2","2","4"
"四年会试第","2","2","4"
"定国公徐光","2","2","4"
"国公徐光祚","2","2","4"
"成化末年进","2","2","4"
"化末年进士","2","2","4"
"奉皇太后谒","4","0","4"
"事中邓继曾","2","2","4"
"本生父兴献","2","2","4"
"生父兴献帝","2","2","4"
"录事钱子勋","2","2","4"
"恭睿渊仁宽","2","2","4"
"睿渊仁宽穆","2","2","4"
"宽穆纯圣献","2","2","4"
"穆纯圣献皇","2","2","4"
"纯圣献皇帝","2","2","4"
"知天守道洪","2","2","4"
"天守道洪德","2","2","4"
"守道洪德渊","2","2","4"
"道洪德渊仁","2","2","4"
"洪德渊仁宽","2","2","4"
"德渊仁宽穆","2","2","4"
"宽穆纯圣恭","2","2","4"
"穆纯圣恭俭","2","2","4"
"纯圣恭俭敬","2","2","4"
"圣恭俭敬文","2","2","4"
"恭俭敬文献","2","2","4"
"俭敬文献皇","2","2","4"
"敬文献皇帝","2","2","4"
"都督府断事","2","2","4"
"寻进兵部尚","4","0","4"
"东总兵官杨","2","2","4"
"总兵官杨文","2","2","4"
"擢礼部侍郎","4","0","4"
"燕王入京师","3","1","4"
"婿主事张鹤","2","2","4"
"曰绳愆纠缪","4","0","4"
"太孙留守北","2","2","4"
"孙留守北京","2","2","4"
"尚书吴中等","2","2","4"
"都指挥张信","2","2","4"
"永乐二年四","2","2","4"
"乐二年四月","2","2","4"
"南卫副千户","2","2","4"
"安庆卫指挥","2","2","4"
"庆卫指挥佥","2","2","4"
"辽东兵围永","3","1","4"
"东兵围永平","3","1","4"
"洪熙元年三","2","2","4"
"熙元年三月","2","2","4"
"护卫副千户","2","2","4"
"迁右军都督","4","0","4"
"军都督同知","2","2","4"
"功都督佥事","4","0","4"
"都督同知王","2","2","4"
"督同知王佐","2","2","4"
"二十六年六","2","2","4"
"湖广布政司","2","2","4"
"布政司参议","2","2","4"
"按察司副使","2","2","4"
"平按察司佥","2","2","4"
"郎中周讷请","2","2","4"
"云南按察使","2","2","4"
"济宁卫指挥","2","2","4"
"遣指挥武胜","3","1","4"
"大同守将房","2","2","4"
"同守将房昭","2","2","4"
"等三十七人","2","2","4"
"讨麓川叛蛮","2","2","4"
"征虏将军印","2","2","4"
"贵州都指挥","2","2","4"
"设贵州布政","2","2","4"
"贵州布政司","2","2","4"
"德二年正月","1","3","4"
"北京行太仆","2","2","4"
"粮数十万石","2","2","4"
"宣德二年三","2","2","4"
"德二年三月","2","2","4"
"按察使陈瑛","2","2","4"
"迁南京大理","4","0","4"
"德九年八月","2","2","4"
"部尚书杨旦","2","2","4"
"事中李文进","2","2","4"
"三十一年正","1","3","4"
"二百四十五","2","2","4"
"百四十五万","2","2","4"
"总兵官李涞","2","2","4"
"部尚书何鳌","2","2","4"
"三十五年二","2","2","4"
"总兵官姜应","2","2","4"
"兵官姜应熊","2","2","4"
"总督樊继祖","2","2","4"
"副总兵戚继","2","2","4"
"提学副使李","2","2","4"
"学副使李梦","2","2","4"
"副使李梦阳","2","2","4"
"总兵官李隆","2","2","4"
"广西提学佥","2","2","4"
"两广总督潘","2","2","4"
"广总督潘旦","2","2","4"
"事中蔡经等","2","2","4"
"参政王汝舟","2","2","4"
"知府严时泰","2","2","4"
"黔国公沐绍","2","2","4"
"国公沐绍勋","2","2","4"
"贵州按察使","2","2","4"
"部尚书王时","2","2","4"
"右都御史汪","2","2","4"
"书王时中等","2","2","4"
"足失人心致","4","0","4"
"失人心致危","4","0","4"
"人心致危乱","4","0","4"
"心致危乱者","4","0","4"
"念祖宗创业","2","2","4"
"员外郎刘魁","2","2","4"
"尚书樊继祖","2","2","4"
"吏部都察院","2","2","4"
"锦衣卫经历","2","2","4"
"三十六年九","2","2","4"
"兵部武选司","2","2","4"
"都御史张经","2","2","4"
"三十四年十","2","2","4"
"三十四年九","2","2","4"
"等九十六人","2","2","4"
"御史陈九德","2","2","4"
"副使翁万达","2","2","4"
"郎赵文华督","2","2","4"
"部右侍郎代","3","1","4"
"谕日本国王","3","1","4"
"斩首三百余","2","2","4"
"首三百余级","2","2","4"
"按御史王本","2","2","4"
"御史王本固","2","2","4"
"视河东盐政","2","2","4"
"副总兵俞大","2","2","4"
"副使王崇古","2","2","4"
"佥事董邦政","2","2","4"
"按御史胡宗","2","2","4"
"副使刘景韶","2","2","4"
"督储侍郎黄","2","2","4"
"总兵官卢镗","2","2","4"
"左卫指挥使","2","2","4"
"御史丘养浩","2","2","4"
"总兵官刘淮","2","2","4"
"甘肃游击将","2","2","4"
"肃游击将军","2","2","4"
"子锦衣世千","4","0","4"
"二十七年八","2","2","4"
"指挥顾相等","2","2","4"
"副总兵林椿","2","2","4"
"佥事潘宗颜","2","2","4"
"赠都督同知","4","0","4"
"崇祯八年正","1","3","4"
"祯八年正月","1","3","4"
"总督朱大典","2","2","4"
"松潘副总兵","2","2","4"
"署都指挥同","4","0","4"
"贼倪仲亮等","2","2","4"
"琼州五指山","2","2","4"
"知府李允简","2","2","4"
"总督黄光升","2","2","4"
"宣慰安国亨","2","2","4"
"除刑部主事","4","0","4"
"哈密都督写","2","2","4"
"总兵官姜奭","4","0","4"
"吏部尚书桂","2","2","4"
"部尚书桂萼","2","2","4"
"千九百余顷","3","1","4"
"御史曹邦辅","2","2","4"
"州巡抚朱方","2","2","4"
"兵部尚书毛","2","2","4"
"部尚书毛伯","2","2","4"
"湖广提学副","2","2","4"
"广提学副使","2","2","4"
"陕西右布政","2","2","4"
"都御史吕经","2","2","4"
"一千五百里","2","2","4"
"宁侯仇鸾镇","2","2","4"
"同总兵官仇","2","2","4"
"总兵官仇鸾","3","1","4"
"顺天巡抚王","2","2","4"
"潮河川南下","2","2","4"
"大理卿沈良","2","2","4"
"理卿沈良才","2","2","4"
"参将俞大猷","2","2","4"
"总兵官殷尚","2","2","4"
"兵官殷尚质","2","2","4"
"官殷尚质等","2","2","4"
"总兵官杨照","2","2","4"
"总兵官孙膑","2","2","4"
"提督三千营","2","2","4"
"谕群臣修省","4","0","4"
"衣百户王邦","2","2","4"
"侍郎黄宗明","2","2","4"
"都御史总理","3","1","4"
"御史巡抚云","2","2","4"
"史巡抚云南","2","2","4"
"南京通政司","2","2","4"
"嘉靖三年春","2","2","4"
"御史杨秉中","2","2","4"
"部尚书王宪","2","2","4"
"督畿辅学政","3","1","4"
"事中姜应麟","2","2","4"
"遣锦衣官校","2","2","4"
"太原卫指挥","2","2","4"
"大理卿汤沐","2","2","4"
"迁大理少卿","3","1","4"
"都御史毛伯","2","2","4"
"御史毛伯温","2","2","4"
"尚书赵璜等","2","2","4"
"书胡世宁等","2","2","4"
"孝烈皇后方","2","2","4"
"烈皇后方氏","2","2","4"
"太庙奉先殿","3","1","4"
"隆庆元年三","2","2","4"
"庆元年三月","2","2","4"
"浙江行省参","2","2","4"
"江行省参政","2","2","4"
"帅马步舟师","4","0","4"
"副征南将军","3","1","4"
"征南将军廖","2","2","4"
"南将军廖永","2","2","4"
"府军卫指挥","2","2","4"
"十三年追论","4","0","4"
"湖广行省左","2","2","4"
"广行省左丞","2","2","4"
"平章阿思兰","2","2","4"
"四川水尽源","2","2","4"
"荆州岳山坝","2","2","4"
"主脱古思帖","2","2","4"
"傅友德伐蜀","3","1","4"
"元平章达里","2","2","4"
"虏左副将军","2","2","4"
"将军大将军","4","0","4"
"太子天保奴","2","2","4"
"二十六年二","2","2","4"
"鹤庆侯张翼","2","2","4"
"东莞伯何荣","2","2","4"
"诏布告天下","2","2","4"
"策卫指挥佥","2","2","4"
"擢大都督府","4","0","4"
"授都督佥事","4","0","4"
"授管军总管","4","0","4"
"枢密院同知","2","2","4"
"友谅骁将张","3","1","4"
"谅骁将张定","3","1","4"
"中书省平章","2","2","4"
"书省平章政","2","2","4"
"生擒四千余","3","1","4"
"通经史百家","2","2","4"
"左司员外郎","2","2","4"
"行省左右司","2","2","4"
"省左右司郎","2","2","4"
"左右司郎中","2","2","4"
"诸全五十里","2","2","4"
"进大都督府","4","0","4"
"江淮行省参","2","2","4"
"西行省平章","3","1","4"
"西安卫指挥","2","2","4"
"加都督佥事","4","0","4"
"同祖父兄弟","1","3","4"
"守令知所务","2","2","4"
"翰林直学士","2","2","4"
"江南行中书","2","2","4"
"南行中书省","2","2","4"
"荐曹国公李","2","2","4"
"公李景隆代","2","2","4"
"遣庆成郡主","3","1","4"
"授翰林修撰","3","1","4"
"南卫指挥使","2","2","4"
"都督府同知","2","2","4"
"军李文忠北","2","2","4"
"指挥使司统","1","3","4"
"威武卫指挥","2","2","4"
"左御史大夫","2","2","4"
"大都督府左","2","2","4"
"十三年坐胡","4","0","4"
"三年坐胡惟","4","0","4"
"年坐胡惟庸","4","0","4"
"阳卫指挥佥","2","2","4"
"子孙世袭指","1","3","4"
"孙世袭指挥","1","3","4"
"翰林院待制","2","2","4"
"事中郑相同","2","2","4"
"晋王府右傅","2","2","4"
"吏部尚书余","2","2","4"
"职方司郎中","2","2","4"
"刑部尚书李","2","2","4"
"浙江按察司","2","2","4"
"等分行天下","4","0","4"
"遣行人赍敕","4","0","4"
"广东行省参","2","2","4"
"三十年七月","2","2","4"
"京畿都漕运","2","2","4"
"都御史詹徽","2","2","4"
"学士乐韶凤","2","2","4"
"洪武元年冬","2","2","4"
"州宣慰使司","2","2","4"
"播州宣慰司","2","2","4"
"都御史张瓒","2","2","4"
"九千八百余","3","1","4"
"安宁宣抚司","2","2","4"
"州巡抚陈俨","2","2","4"
"安守御千户","2","2","4"
"贵州巡抚叶","2","2","4"
"州巡抚叶梦","2","2","4"
"巡抚叶梦熊","2","2","4"
"中张希皋等","2","2","4"
"贵州巡抚江","2","2","4"
"州巡抚江东","2","2","4"
"游击张良贤","2","2","4"
"永宁宣抚使","2","2","4"
"宁宣抚奢贵","2","2","4"
"巡抚曾省吾","2","2","4"
"都司张神武","2","2","4"
"知县张振德","2","2","4"
"布政使朱燮","2","2","4"
"政使朱燮元","2","2","4"
"按察使林宰","2","2","4"
"州巡抚王三","2","2","4"
"一百三十六","2","2","4"
"死者千余人","4","0","4"
"五万八千七","2","2","4"
"二十四年五","2","2","4"
"遣使告父丧","4","0","4"
"德七年正月","1","3","4"
"二十年十一","2","2","4"
"巡按御史欧","2","2","4"
"都御史王忬","3","1","4"
"部尚书张经","2","2","4"
"张经总督军","2","2","4"
"经总督军务","2","2","4"
"部侍郎赵文","2","2","4"
"侍郎宋应昌","2","2","4"
"嘉兴人沈惟","2","2","4"
"兴人沈惟敬","2","2","4"
"山北王怕尼","2","2","4"
"北王怕尼芝","2","2","4"
"永乐元年春","2","2","4"
"弘治元年七","2","2","4"
"治元年七月","2","2","4"
"一百七十人","2","2","4"
"四十一年夏","2","2","4"
"万历元年冬","2","2","4"
"福建巡抚许","2","2","4"
"建巡抚许孚","2","2","4"
"巡抚许孚远","2","2","4"
"三十一年二","2","2","4"
"事中萧近高","2","2","4"
"总兵官杨宗","2","2","4"
"兵官杨宗业","2","2","4"
"永乐元年十","3","1","4"
"乐元年十一","2","2","4"
"都指挥等官","2","2","4"
"百七十二人","2","2","4"
"忠顺王陕巴","2","2","4"
"部下虎力纳","2","2","4"
"詹事霍韬言","4","0","4"
"甘肃巡抚赵","2","2","4"
"乜克力诸部","3","1","4"
"都督同知缑","2","2","4"
"督同知缑谦","2","2","4"
"安定王千奔","2","2","4"
"肃巡抚李昆","2","2","4"
"参将蒋存礼","2","2","4"
"副总兵郑廉","2","2","4"
"兵部尚书金","2","2","4"
"部尚书金献","2","2","4"
"总制尚书王","2","2","4"
"制尚书王宪","2","2","4"
"太祖洪武元","2","2","4"
"祖洪武元年","2","2","4"
"子脱古思帖","2","2","4"
"国公脱火赤","2","2","4"
"知院爱足等","2","2","4"
"临江侯陈镛","2","2","4"
"全国公观童","2","2","4"
"远侯王弼等","2","2","4"
"帝太上皇帝","4","0","4"
"武安侯郑宏","2","2","4"
"部侍郎叶盛","2","2","4"
"巡抚余子俊","2","2","4"
"兵部尚书白","2","2","4"
"宁晋伯刘聚","2","2","4"
"部侍郎王鏊","2","2","4"
"指挥赵源战","2","2","4"
"挥赵源战死","2","2","4"
"副总兵梁震","2","2","4"
"总督尚书杨","2","2","4"
"参将张世忠","2","2","4"
"二十四年秋","2","2","4"
"参将崔世荣","2","2","4"
"兵部侍郎谭","2","2","4"
"部侍郎谭纶","2","2","4"
"知州王亮采","2","2","4"
"韩尚忠战死","2","2","4"
"子铁背台吉","2","2","4"
"巡抚方逢时","1","3","4"
"吉能都督同","3","1","4"
"能都督同知","3","1","4"
"将周国柱等","2","2","4"
"永顺伯薛绶","2","2","4"
"贺明年正旦","4","0","4"
"尚书王直等","2","2","4"
"都御史许进","2","2","4"
"都督佥事冯","2","2","4"
"总兵官沐天","2","2","4"
"兵官沐天波","2","2","4"
"万八千余人","2","2","4"
"洱水东趋上","3","1","4"
"水东趋上关","3","1","4"
"凤翔侯张龙","2","2","4"
"元帅完者都","2","2","4"
"阿迷州土官","2","2","4"
"迷州土官普","2","2","4"
"平夷千户所","2","2","4"
"都督佥事王","2","2","4"
"督佥事何福","2","2","4"
"令西平侯沐","1","3","4"
"总督尚书王","2","2","4"
"总兵官蒋贵","2","2","4"
"宣慰罕盖法","2","2","4"
"指挥吴继勋","2","2","4"
"抚刘世曾请","2","2","4"
"参将邓子龙","2","2","4"
"总兵官沐璘","3","1","4"
"麓川宣慰思","2","2","4"
"孟养金沙江","2","2","4"
"遣大陶孟伦","2","2","4"
"大陶孟伦索","2","2","4"
"经八百大甸","2","2","4"
"刀招散所阻","2","2","4"
"三宝历代承","1","3","4"
"宣慰刀板雅","2","2","4"
"兵部尚书茹","2","2","4"
"侍读学士张","2","2","4"
"礼部尚书任","2","2","4"
"部尚书任亨","2","2","4"
"御史严震直","2","2","4"
"刑部尚书杨","2","2","4"
"部尚书杨靖","2","2","4"
"云南宁远州","2","2","4"
"新城侯张辅","2","2","4"
"云阳伯陈旭","2","2","4"
"骠骑将军朱","2","2","4"
"骑将军朱荣","2","2","4"
"一百二十余","2","2","4"
"都督佥事吕","2","2","4"
"督佥事吕毅","2","2","4"
"三百一十二","1","3","4"
"百一十二万","1","3","4"
"四千五百余","2","2","4"
"等五十六人","1","3","4"
"都指挥陈忠","2","2","4"
"宣德元年春","2","2","4"
"命成山侯王","2","2","4"
"山侯王通征","3","1","4"
"按察使杨时","2","2","4"
"察使杨时习","2","2","4"
"布政使弋谦","2","2","4"
"权署安南国","3","1","4"
"兵部侍郎徐","2","2","4"
"部侍郎徐琦","2","2","4"
"王盘罗茶全","2","2","4"
"云南镇守中","3","1","4"
"南镇守中官","3","1","4"
"户部侍郎胡","2","2","4"
"国公沐朝辅","2","2","4"
"钦州知州林","2","2","4"
"州知州林希","2","2","4"
"登庸都统使","3","1","4"
"副使杨寅秋","2","2","4"
"枢密使延安","2","2","4"
"密使延安答","2","2","4"
"贡马五十匹","2","2","4"
"二十四年三","2","2","4"
"二十五年九","2","2","4"
"权臣李仁人","2","2","4"
"万九千七百","2","2","4"
"二十一年七","2","2","4"
"成化元年冬","2","2","4"
"巡按御史察","3","1","4"
"三十八年十","2","2","4"
"四十二年九","2","2","4"
"十七年十一","2","2","4"
"七年十一月","2","2","4"
"十九年十一","2","2","4"
"参军李应试","2","2","4"
"山东巡抚颜","2","2","4"
"东巡抚颜继","2","2","4"
"巡抚颜继祖","2","2","4"
"贵州宣慰司","2","2","4"
"巡抚郭子章","2","2","4"
"宁宣抚奢崇","2","2","4"
"宣抚奢崇明","2","2","4"
"按御史史永","2","2","4"
"御史史永安","2","2","4"
"推官郭象仪","2","2","4"
"洪边十二马","2","2","4"
"边十二马头","2","2","4"
"左良玉举兵","1","3","4"
"湖广总督何","2","2","4"
"广总督何腾","2","2","4"
"六百四十余","2","2","4"
"检讨王元正","2","2","4"
"御史王时柯","2","2","4"
"三十八年七","2","2","4"
"嘉靖二年四","2","2","4"
"靖二年四月","2","2","4"
"部尚书秦金","2","2","4"
"部尚书赵鉴","2","2","4"
"大学士参预","3","1","4"
"学士参预机","3","1","4"
"部尚书陆完","2","2","4"
"少詹事江汝","2","2","4"
"詹事江汝璧","2","2","4"
"年举进士第","4","0","4"
"御史叶梦熊","2","2","4"
"正德元年冬","2","2","4"
"副使杨璋等","2","2","4"
"吉安知府伍","2","2","4"
"安知府伍文","2","2","4"
"知府伍文定","2","2","4"
"湖广巡抚秦","2","2","4"
"广巡抚秦金","2","2","4"
"奉新知县刘","2","2","4"
"新知县刘守","2","2","4"
"知县刘守绪","2","2","4"
"按察使杨璋","2","2","4"
"副将沈希仪","2","2","4"
"化二十年进","2","2","4"
"礼部尚书傅","2","2","4"
"副使曹时中","2","2","4"
"大祀神御物","2","2","4"
"福建左布政","2","2","4"
"建左布政使","2","2","4"
"礼部尚书汪","2","2","4"
"部尚书汪俊","2","2","4"
"詹事翰林学","4","0","4"
"事翰林学士","4","0","4"
"佥事龚大稔","2","2","4"
"总兵官李瑾","2","2","4"
"侍郎梁材督","2","2","4"
"贵州巡抚李","2","2","4"
"成化八年进","2","2","4"
"化八年进士","2","2","4"
"嘉靖三年十","2","2","4"
"靖三年十二","2","2","4"
"部尚书周伦","2","2","4"
"南赣巡抚王","2","2","4"
"赣巡抚王守","2","2","4"
"应天巡抚李","2","2","4"
"巡抚李充嗣","2","2","4"
"咸宁伯仇钺","2","2","4"
"宁伯仇钺提","2","2","4"
"伯仇钺提督","2","2","4"
"仇钺提督军","2","2","4"
"钺提督军务","2","2","4"
"锦衣千户刘","2","2","4"
"二万五千余","2","2","4"
"银二十九万","2","2","4"
"部尚书陈经","2","2","4"
"二十七年三","2","2","4"
"总兵官赵卿","2","2","4"
"吏部郎中彭","2","2","4"
"部郎中彭泽","2","2","4"
"侍郎孟春等","2","2","4"
"下廷臣集议","4","0","4"
"御史喻希礼","2","2","4"
"雷震奉天殿","4","0","4"
"刑部尚书喻","2","2","4"
"部尚书喻茂","2","2","4"
"尚书喻茂坚","2","2","4"
"宣德元年八","2","2","4"
"尚书张本镇","2","2","4"
"书张本镇抚","2","2","4"
"督佥事李谦","2","2","4"
"佥事李谦守","2","2","4"
"充左右参将","4","0","4"
"布政使年富","2","2","4"
"制造偏箱车","1","3","4"
"都御史罗亨","2","2","4"
"御史罗亨信","2","2","4"
"济阳卫指挥","2","2","4"
"总兵官徐恭","2","2","4"
"昭武伯曹钦","2","2","4"
"永平卫指挥","2","2","4"
"命充总兵官","4","0","4"
"都御史罗通","2","2","4"
"都御史彭韶","2","2","4"
"孝贞纯皇后","2","2","4"
"都指挥刘忠","2","2","4"
"署都指挥使","3","1","4"
"总兵官曹雄","2","2","4"
"总兵官吴江","2","2","4"
"分守宁夏西","2","2","4"
"守宁夏西路","2","2","4"
"同游击将军","1","3","4"
"总兵官王玺","2","2","4"
"知府张文锦","2","2","4"
"昌国公张峦","2","2","4"
"治国平天下","2","2","4"
"镇远侯顾溥","2","2","4"
"六百七十五","2","2","4"
"平江伯陈熊","2","2","4"
"右都御史史","2","2","4"
"正德元年四","2","2","4"
"虏前将军印","2","2","4"
"统三年十二","2","2","4"
"金吾右卫指","2","2","4"
"吾右卫指挥","2","2","4"
"总兵官杨能","2","2","4"
"守备白羊口","2","2","4"
"永宁卫指挥","2","2","4"
"总兵官许宁","2","2","4"
"镇朔将军印","2","2","4"
"哈密忠顺王","1","3","4"
"延绥游击将","2","2","4"
"绥游击将军","2","2","4"
"治元年正月","1","3","4"
"部尚书何乔","2","2","4"
"尚书何乔新","2","2","4"
"大学士彭时","2","2","4"
"广总兵官李","2","2","4"
"学士商辂等","2","2","4"
"总兵官欧信","2","2","4"
"七百八十人","2","2","4"
"恩城知州岑","2","2","4"
"城知州岑钦","2","2","4"
"掌都察院事","3","1","4"
"总兵官周玉","2","2","4"
"千四百余里","2","2","4"
"悼恭太子薨","4","0","4"
"周天三百六","2","2","4"
"天三百六十","2","2","4"
"行二百五十","2","2","4"
"千六百四十","2","2","4"
"百四十七里","2","2","4"
"千一百八十","2","2","4"
"一百八十二","2","2","4"
"千九百九十","2","2","4"
"千九百八十","2","2","4"
"崇祯元年所","2","2","4"
"祯元年所测","2","2","4"
"分三百六十","2","2","4"
"三百四十七","2","2","4"
"等二百一十","2","2","4"
"参政李天经","2","2","4"
"年九月十五","2","2","4"
"初一刻十二","3","1","4"
"戌初二刻五","2","2","4"
"刻一十分旦","4","0","4"
"寅初二刻八","2","2","4"
"戌正三刻二","2","2","4"
"正三刻二分","2","2","4"
"亥初初刻十","2","2","4"
"初初刻十二","2","2","4"
"初刻十二分","2","2","4"
"丑正三刻三","2","2","4"
"正三刻三分","2","2","4"
"戌初初刻十","2","2","4"
"初初刻十四","2","2","4"
"初刻十四分","2","2","4"
"寅正三刻一","2","2","4"
"正三刻一分","2","2","4"
"卯初初刻四","2","2","4"
"初初刻四分","2","2","4"
"二刻一十分","4","0","4"
"卯初一刻五","2","2","4"
"初一刻五分","2","2","4"
"酉正一刻十","2","2","4"
"卯初二刻二","2","2","4"
"初二刻二分","2","2","4"
"卯初二刻十","1","3","4"
"东布政司所","2","2","4"
"梧州府苍梧","3","1","4"
"南布政司所","2","2","4"
"直隶凤阳府","2","2","4"
"山西布政司","2","2","4"
"武元年定制","4","0","4"
"皇太子冕服","4","0","4"
"导皇太子入","3","1","4"
"礼部尚书郑","2","2","4"
"部尚书郑赐","2","2","4"
"皇太子升殿","2","2","4"
"朝见皇太后","1","3","4"
"承制官宣制","4","0","4"
"宣德四年十","2","2","4"
"协戎政官率","2","2","4"
"兵部尚书请","2","2","4"
"思善门外哭","2","2","4"
"服御奉天门","4","0","4"
"奉天门视朝","4","0","4"
"告郊庙社稷","2","2","4"
"宗皇后张氏","2","2","4"
"太皇太后丧","2","2","4"
"衰服二十七","2","2","4"
"尚书夏言等","2","2","4"
"百官浅淡色","4","0","4"
"官浅淡色衣","4","0","4"
"思善门外行","3","1","4"
"奉天门视事","4","0","4"
"御西角门视","4","0","4"
"四十七年二","2","2","4"
"北二十五里","2","2","4"
"二百九十三","2","2","4"
"同堂异室制","4","0","4"
"皇太子下皆","4","0","4"
"内外文武官","2","2","4"
"服随班行礼","3","1","4"
"请灵驾进发","4","0","4"
"设皇太子位","3","1","4"
"请神主降座","4","0","4"
"内侍请神主","4","0","4"
"侍请神主降","4","0","4"
"西角门视事","4","0","4"
"洪熙元年正","2","2","4"
"熙元年正月","2","2","4"
"元年正月癸","2","2","4"
"正统九年冬","2","2","4"
"二十年十二","2","2","4"
"三十三年十","2","2","4"
"隆庆元年冬","2","2","4"
"正统八年十","2","2","4"
"统八年十一","2","2","4"
"成化六年二","2","2","4"
"化六年二月","2","2","4"
"年二月壬午","2","2","4"
"年二月己巳","2","2","4"
"一年二月戊","2","2","4"
"年二月辛丑","2","2","4"
"三十年四月","2","2","4"
"二年八月癸","2","2","4"
"年八月癸巳","2","2","4"
"永乐四年十","2","2","4"
"年正月壬子","2","2","4"
"年闰十二月","2","2","4"
"十二月戊寅","3","1","4"
"十年正月庚","2","2","4"
"三年八月戊","2","2","4"
"年七月丙寅","2","2","4"
"二年五月戊","2","2","4"
"年五月戊子","2","2","4"
"年三月丁卯","2","2","4"
"六年六月癸","2","2","4"
"年七月庚戌","2","2","4"
"年四月壬辰","2","2","4"
"年八月丙午","2","2","4"
"十年正月戊","2","2","4"
"年正月戊戌","2","2","4"
"年二月庚寅","2","2","4"
"年正月庚辰","2","2","4"
"年五月辛卯","2","2","4"
"二年五月丙","2","2","4"
"年五月丙子","2","2","4"
"年三月乙酉","2","2","4"
"六年三月丁","2","2","4"
"年三月丁亥","2","2","4"
"八年十月癸","2","2","4"
"年四月癸卯","2","2","4"
"十年四月辛","2","2","4"
"一年八月乙","2","2","4"
"年八月乙丑","2","2","4"
"八年三月辛","2","2","4"
"十九年十二","2","2","4"
"二十一年六","2","2","4"
"年二月甲寅","2","2","4"
"吏部文选司","2","2","4"
"年正月己巳","2","2","4"
"十年二月乙","2","2","4"
"三十一年九","2","2","4"
"十一月丁卯","3","1","4"
"五年二月乙","2","2","4"
"年四月戊子","2","2","4"
"四十六年闰","2","2","4"
"十六年闰四","2","2","4"
"六年闰四月","2","2","4"
"四十七年四","2","2","4"
"年四月癸酉","2","2","4"
"昌元年十月","2","2","4"
"年十月庚子","2","2","4"
"祯元年四月","2","2","4"
"元年四月乙","2","2","4"
"年四月乙卯","2","2","4"
"年十一月庚","2","2","4"
"六年正月癸","2","2","4"
"一年四月戊","2","2","4"
"弘治三年三","2","2","4"
"年三月庚午","2","2","4"
"正德元年三","2","2","4"
"德元年三月","2","2","4"
"二年五月己","2","2","4"
"年五月己亥","2","2","4"
"五年六月癸","2","2","4"
"年七月甲申","2","2","4"
"二十年七月","2","2","4"
"隆庆二年三","2","2","4"
"庆二年三月","2","2","4"
"二年三月戊","2","2","4"
"一年二月庚","2","2","4"
"年二月庚辰","2","2","4"
"天启六年五","2","2","4"
"启六年五月","2","2","4"
"六年五月壬","2","2","4"
"化十三年二","2","2","4"
"三十七年五","2","2","4"
"七年五月戊","2","2","4"
"年五月戊辰","2","2","4"
"年闰二月癸","2","2","4"
"三年四月乙","2","2","4"
"年四月乙丑","2","2","4"
"元年六月庚","2","2","4"
"年二月戊午","2","2","4"
"建文元年三","2","2","4"
"文元年三月","2","2","4"
"永乐元年三","2","2","4"
"乐元年三月","2","2","4"
"宣德元年五","2","2","4"
"坏城郭庐舍","4","0","4"
"年七月乙酉","2","2","4"
"一万一千八","1","3","4"
"朝阳门北城","2","2","4"
"万历元年七","2","2","4"
"历元年七月","2","2","4"
"泰三年五月","2","2","4"
"四十五年五","2","2","4"
"年十二月乙","2","2","4"
"六年正月辛","2","2","4"
"年十月戊辰","2","2","4"
"八年五月丁","2","2","4"
"崇祯六年五","2","2","4"
"祯六年五月","2","2","4"
"协律郎二人","2","2","4"
"协律郎等官","2","2","4"
"九关通事使","2","2","4"
"奉天承运大","2","2","4"
"天承运大明","2","2","4"
"承运大明天","2","2","4"
"运大明天子","2","2","4"
"大明天子宝","2","2","4"
"中书舍人二","2","2","4"
"书舍人二十","2","2","4"
"舍人二十人","2","2","4"
"内阁诰敕房","2","2","4"
"茶盐都转运","2","2","4"
"广东市舶司","2","2","4"
"洮州茶马司","2","2","4"
"下府州县官","2","2","4"
"提督学校官","2","2","4"
"大中通宝钱","2","2","4"
"造大明宝钞","2","2","4"
"银二十五两","1","3","4"
"书夏原吉请","2","2","4"
"文重一钱三","2","2","4"
"重一钱三分","2","2","4"
"宝源局铸钱","2","2","4"
"一文重一钱","2","2","4"
"部尚书王象","2","2","4"
"七万九千馀","4","0","4"
"银三万九千","2","2","4"
"户部尚书方","2","2","4"
"部尚书方钝","2","2","4"
"尚书方钝等","2","2","4"
"事中张文质","2","2","4"
"都御史刘大","2","2","4"
"御史刘大夏","2","2","4"
"三百六十四","2","2","4"
"直省税课司","2","2","4"
"二百八十八","2","2","4"
"河南巡抚张","2","2","4"
"民三万五千","2","2","4"
"沙漠遗民三","2","2","4"
"漠遗民三万","2","2","4"
"遗民三万二","2","2","4"
"民三万二千","2","2","4"
"二千八百馀","4","0","4"
"三百四十三","2","2","4"
"十五万二千","2","2","4"
"四万五千八","2","2","4"
"百六十四人","2","2","4"
"千六百二十","3","1","4"
"万三千九百","2","2","4"
"民兵万户府","2","2","4"
"四万四千馀","4","0","4"
"十四万九千","2","2","4"
"通判卢观象","2","2","4"
"赐百官公田","2","2","4"
"部尚书李敏","2","2","4"
"户部尚书孙","2","2","4"
"曹州双河口","2","2","4"
"万五千七百","2","2","4"
"三十年八月","2","2","4"
"祥符鱼王口","2","2","4"
"侍郎蒋廷瓒","2","2","4"
"开封州县十","4","0","4"
"河南布政使","2","2","4"
"仪封黄陵冈","2","2","4"
"部侍郎王永","2","2","4"
"修筑沙湾堤","1","3","4"
"都御史洪英","2","2","4"
"引耐牢坡水","2","2","4"
"部尚书石璞","2","2","4"
"护城堤五十","2","2","4"
"城堤五十丈","2","2","4"
"弘治二年五","2","2","4"
"祥符翟家口","2","2","4"
"兰阳铜瓦厢","2","2","4"
"员外郎谢缉","2","2","4"
"小浮桥流入","1","3","4"
"州小浮桥流","1","3","4"
"总漕都御史","2","2","4"
"漕都御史李","2","2","4"
"兖州知府龚","2","2","4"
"州知府龚弘","2","2","4"
"水入贾鲁河","3","1","4"
"丁家口上下","2","2","4"
"家口上下堤","2","2","4"
"口上下堤岸","2","2","4"
"马牧集鸳鸯","2","2","4"
"牧集鸳鸯口","2","2","4"
"曹县梁靖口","2","2","4"
"光禄少卿黄","2","2","4"
"禄少卿黄绾","2","2","4"
"都御史胡世","2","2","4"
"御史胡世宁","2","2","4"
"小浮桥入运","3","1","4"
"都御史周金","2","2","4"
"三里沟新河","2","2","4"
"道二百五十","2","2","4"
"二百八十丈","2","2","4"
"河都御史翁","2","2","4"
"清河县河南","2","2","4"
"河县河南镇","2","2","4"
"河复决邳州","4","0","4"
"都御史万恭","2","2","4"
"御史万恭等","2","2","4"
"奉天翊卫推","2","2","4"
"天翊卫推诚","2","2","4"
"隶大都督府","4","0","4"
"设北京留守","2","2","4"
"京卫指挥使","2","2","4"
"置帐前总制","2","2","4"
"亲军都指挥","2","2","4"
"亲军都护府","2","2","4"
"上二十二卫","2","2","4"
"守卫指挥使","2","2","4"
"一百一十八","2","2","4"
"征西前将军","2","2","4"
"分守参将七","2","2","4"
"守参将七人","2","2","4"
"游击将军三","2","2","4"
"击将军三人","2","2","4"
"游击将军四","2","2","4"
"击将军四人","2","2","4"
"坐营官一人","2","2","4"
"分守参将二","2","2","4"
"游击将军一","2","2","4"
"击将军一人","2","2","4"
"莱州洋海仓","2","2","4"
"民运粮二百","2","2","4"
"二百七十四","2","2","4"
"百七十四万","2","2","4"
"百二十万石","2","2","4"
"十八万九千","2","2","4"
"支运七十万","2","2","4"
"运七十万石","2","2","4"
"四万五千馀","4","0","4"
"内折色八千","2","2","4"
"令广东海运","2","2","4"
"广东海运二","2","2","4"
"东海运二十","2","2","4"
"海运二十万","2","2","4"
"运二十万石","2","2","4"
"直省府州县","2","2","4"
"谕德顾鼎臣","2","2","4"
"复预备仓粮","2","2","4"
"银八十万两","2","2","4"
"百二十六万","2","2","4"
"礼部尚书姚","2","2","4"
"部尚书姚夔","2","2","4"
"宣德元年修","3","1","4"
"事中王希文","2","2","4"
"事中包见捷","2","2","4"
"侍郎翁世资","2","2","4"
"陕西织造羊","2","2","4"
"西织造羊绒","2","2","4"
"陕西织造绒","2","2","4"
"下学校师生","2","2","4"
"麦四百七十","2","2","4"
"四百七十一","2","2","4"
"万七千馀石","4","0","4"
"十二万九千","2","2","4"
"万九千馀石","4","0","4"
"六十二万五","2","2","4"
"万五千馀石","4","0","4"
"万一千九百","2","2","4"
"万七千九百","2","2","4"
"二十万六千","3","1","4"
"十万六千馀","4","0","4"
"三百三十六","2","2","4"
"十八万四千","2","2","4"
"五万六千馀","4","0","4"
"银三十五万","2","2","4"
"万四千馀两","4","0","4"
"银二十万六","2","2","4"
"银二万二千","2","2","4"
"二万二千馀","4","0","4"
"运年例银十","4","0","4"
"二万五千两","2","2","4"
"山东盐引银","2","2","4"
"地亩银一千","2","2","4"
"浙盐引银二","2","2","4"
"万一千馀两","4","0","4"
"银二万五千","2","2","4"
"京运银五万","2","2","4"
"银十万二千","2","2","4"
"二十七万九","2","2","4"
"二十万八千","2","2","4"
"银二十三万","2","2","4"
"岁入太仓馀","4","0","4"
"入太仓馀盐","4","0","4"
"太仓馀盐银","4","0","4"
"办大引盐十","2","2","4"
"十七万六千","2","2","4"
"十六万一千","2","2","4"
"米一石三斗","2","2","4"
"四川盐井卫","2","2","4"
"部尚书马昂","2","2","4"
"都御史王绅","2","2","4"
"七十万五千","2","2","4"
"史鄢懋卿总","2","2","4"
"三十四年夏","2","2","4"
"山东三运司","2","2","4"
"驸马都尉欧","2","2","4"
"马都尉欧阳","2","2","4"
"都尉欧阳伦","2","2","4"
"御史刘良卿","2","2","4"
"府佐一人专","2","2","4"
"户部尚书黄","2","2","4"
"秋粮二百七","2","2","4"
"苏州知府况","2","2","4"
"石岁徵平米","4","0","4"
"书梁廷栋请","2","2","4"
"百六十五万","2","2","4"
"饷七百三十","2","2","4"
"大学士刘吉","2","2","4"
"吏部尚书林","2","2","4"
"部尚书林瀚","2","2","4"
"景泰四年冬","2","2","4"
"冬十一月戊","3","1","4"
"年四月壬戌","2","2","4"
"弘治六年十","2","2","4"
"六年四月辛","2","2","4"
"年四月辛亥","2","2","4"
"年七月戊午","2","2","4"
"年正月甲子","2","2","4"
"年三月甲午","2","2","4"
"元年正月丁","2","2","4"
"六年六月丙","2","2","4"
"年五月丁未","3","1","4"
"四年三月乙","2","2","4"
"二年四月乙","2","2","4"
"年四月庚申","2","2","4"
"九年四月辛","2","2","4"
"年二月壬寅","2","2","4"
"二年三月甲","2","2","4"
"年三月甲子","2","2","4"
"二十二年四","2","2","4"
"年五月丙辰","2","2","4"
"五年五月癸","2","2","4"
"年五月癸丑","2","2","4"
"年八月甲午","2","2","4"
"年七月己酉","2","2","4"
"五年四月丁","2","2","4"
"年五月丁巳","2","2","4"
"成化元年四","2","2","4"
"化元年四月","2","2","4"
"十年二月丙","2","2","4"
"年三月戊寅","2","2","4"
"六年八月己","2","2","4"
"八年二月壬","2","2","4"
"十年二月己","2","2","4"
"四年四月丁","2","2","4"
"元年六月戊","2","2","4"
"年六月戊辰","2","2","4"
"一年六月甲","2","2","4"
"元年四月甲","2","2","4"
"年四月甲申","2","2","4"
"年六月癸丑","2","2","4"
"八年五月壬","2","2","4"
"八年三月庚","2","2","4"
"年五月庚子","2","2","4"
"四年四月辛","2","2","4"
"年四月戊午","2","2","4"
"三年五月乙","2","2","4"
"年四月壬子","2","2","4"
"年八月壬戌","2","2","4"
"四年七月丙","2","2","4"
"四十六年三","2","2","4"
"六年三月庚","2","2","4"
"十年四月乙","2","2","4"
"六年六月丁","2","2","4"
"洪武门兽吻","2","2","4"
"二年六月己","2","2","4"
"年六月己卯","2","2","4"
"成化三年六","2","2","4"
"化三年六月","2","2","4"
"七年七月己","2","2","4"
"年七月己亥","2","2","4"
"弘治元年五","2","2","4"
"治元年五月","2","2","4"
"元年五月丙","2","2","4"
"年十二月丙","2","2","4"
"十四年闰七","2","2","4"
"四年闰七月","2","2","4"
"年五月戊戌","2","2","4"
"奉先殿门外","2","2","4"
"隆庆元年八","2","2","4"
"庆元年八月","2","2","4"
"三年六月己","2","2","4"
"十九年五月","2","2","4"
"四年四月癸","2","2","4"
"年四月癸丑","2","2","4"
"一年二月乙","2","2","4"
"年二月乙亥","2","2","4"
"天启元年七","2","2","4"
"启元年七月","2","2","4"
"正德七年六","2","2","4"
"德七年六月","2","2","4"
"年六月丁卯","2","2","4"
"年六月癸亥","2","2","4"
"四十五年八","2","2","4"
"嘉靖元年二","2","2","4"
"靖元年二月","2","2","4"
"一百二十八","1","3","4"
"历十二年十","2","2","4"
"年八月丁巳","2","2","4"
"六年六月壬","2","2","4"
"年六月辛亥","2","2","4"
"元年八月壬","2","2","4"
"三年正月己","2","2","4"
"三年正月庚","2","2","4"
"乐元年五月","2","2","4"
"洪熙元年六","2","2","4"
"熙元年六月","2","2","4"
"容城白沟河","2","2","4"
"宣德元年六","2","2","4"
"水门四十九","2","2","4"
"嘉靖元年七","2","2","4"
"靖元年七月","2","2","4"
"六年七月丙","2","2","4"
"四十一年六","2","2","4"
"崇祯元年七","2","2","4"
"祯元年七月","2","2","4"
"五年九月丙","2","2","4"
"年九月丙戌","2","2","4"
"年八月甲申","2","2","4"
"元年二月戊","2","2","4"
"年二月戊子","2","2","4"
"年四月丙辰","2","2","4"
"六年二月庚","2","2","4"
"左相国李善","2","2","4"
"皆校尉擎执","4","0","4"
"武元年十月","2","2","4"
"旗青甲士五","4","0","4"
"杂花团扇四","2","2","4"
"红绣圆伞一","2","2","4"
"高一丈三尺","2","2","4"
"莲花瓣轮盘","2","2","4"
"花瓣轮盘装","2","2","4"
"瓣轮盘装钉","2","2","4"
"广二尺四寸","4","0","4"
"描金香草板","4","0","4"
"金香草板十","4","0","4"
"雕描金云龙","4","0","4"
"绣五彩云龙","4","0","4"
"木贴金边耀","4","0","4"
"贴金边耀叶","4","0","4"
"金边耀叶板","4","0","4"
"板八十一片","2","2","4"
"间绘五彩云","4","0","4"
"绘五彩云衬","4","0","4"
"五彩云衬板","4","0","4"
"施黄绮沥水","4","0","4"
"黄绮沥水三","4","0","4"
"左右转角阑","4","0","4"
"右转角阑干","4","0","4"
"辇座高三尺","2","2","4"
"辇亭高六尺","3","1","4"
"二尺四寸奇","4","0","4"
"盘高二尺六","2","2","4"
"二尺二寸奇","4","0","4"
"座高三尺二","2","2","4"
"雕木五彩云","4","0","4"
"香色描金云","4","0","4"
"二尺五寸奇","4","0","4"
"四丈三尺五","2","2","4"
"丈三尺五寸","2","2","4"
"高五尺八寸","2","2","4"
"金铜宝珠顶","4","0","4"
"黄线圆条四","4","0","4"
"高六尺九寸","2","2","4"
"高四尺五寸","2","2","4"
"上雕木贴金","4","0","4"
"攀顶红线圆","2","2","4"
"板六十三片","2","2","4"
"洪武元年令","4","0","4"
"江西巡抚韩","2","2","4"
"西巡抚韩雍","2","2","4"
"御史王道纯","2","2","4"
"外官三年一","3","1","4"
"大杂花霞帔","3","1","4"
"云喜花三朵","2","2","4"
"鈒花金坠子","4","0","4"
"珠翠庆云冠","4","0","4"
"绣缠枝花文","4","0","4"
"镀金云头连","2","2","4"
"镀金银练鹊","4","0","4"
"翠云二十四","4","0","4"
"云二十四片","4","0","4"
"叶一十八片","4","0","4"
"褙子俱云霞","4","0","4"
"红生绢衬衫","4","0","4"
"黄金束发冠","2","2","4"
"殿内侑食乐","3","1","4"
"棉布花手巾","2","2","4"
"方花小袖单","2","2","4"
"花小袖单袍","2","2","4"
"十三道监察","2","2","4"
"三道监察御","2","2","4"
"处监察御史","2","2","4"
"都御史三人","2","2","4"
"文华殿讲读","2","2","4"
"左春坊左司","2","2","4"
"春坊左司直","2","2","4"
"六科庶吉士","2","2","4"
"下垂玉花一","3","1","4"
"谕阁臣张璁","2","2","4"
"蔽膝随衣色","4","0","4"
"乌纱折角向","2","2","4"
"纱折角向上","2","2","4"
"织金云龙文","4","0","4"
"双凤翊龙冠","2","2","4"
"翠穰花鬓二","2","2","4"
"燕居佩服饰","4","0","4"
"玉圭长九寸","2","2","4"
"亲王世子同","4","0","4"
"辅国将军夫","2","2","4"
"辅国中尉宜","2","2","4"
"国中尉宜人","2","2","4"
"照洪武二十","2","2","4"
"都御史顾佐","2","2","4"
"一百七十八","1","3","4"
"书马文升言","4","0","4"
"士杨士奇等","2","2","4"
"礼部尚书陶","2","2","4"
"部尚书陶凯","2","2","4"
"厚六分五厘","2","2","4"
"上中下三等","1","3","4"
"考选庶吉士","2","2","4"
"部侍郎张璁","2","2","4"
"礼部郎中高","2","2","4"
"部郎中高桂","2","2","4"
"尚书温体仁","2","2","4"
"左都御史杨","2","2","4"
"尚书顾秉谦","2","2","4"
"举礼部侍郎","2","2","4"
"金沥粉蟠龙","2","2","4"
"厚一寸五分","2","2","4"
"十六年定制","4","0","4"
"中书省长官","2","2","4"
"东西南北中","2","2","4"
"高二丈九尺","2","2","4"
"蛮子海牙扼","2","2","4"
"御史大夫福","2","2","4"
"史大夫福寿","2","2","4"
"秋七月己卯","4","0","4"
"夏四月丁卯","4","0","4"
"年春二月乙","4","0","4"
"知府王宗显","2","2","4"
"平章察罕帖","2","2","4"
"章察罕帖木","2","2","4"
"守将胡大海","2","2","4"
"知府王道同","2","2","4"
"元帅朱文刚","2","2","4"
"斩首二千余","4","0","4"
"首二千余级","4","0","4"
"正月丙寅朔","4","0","4"
"十二月庚寅","4","0","4"
"平章陈友定","2","2","4"
"冬十月戊戌","4","0","4"
"夏四月乙卯","4","0","4"
"秋八月庚戌","4","0","4"
"十一月辛巳","4","0","4"
"春正月甲申","4","0","4"
"秋七月庚辰","4","0","4"
"遗诏传位皇","2","2","4"
"诏传位皇太","2","2","4"
"传位皇太子","2","2","4"
"春正月辛巳","4","0","4"
"马都尉李祺","2","2","4"
"秋七月乙卯","4","0","4"
"申国公邓镇","2","2","4"
"夏四月壬午","4","0","4"
"秋七月甲戌","4","0","4"
"宣慰使思伦","2","2","4"
"慰使思伦发","2","2","4"
"置大宁都指","2","2","4"
"魏国公徐允","2","2","4"
"冬十月己卯","4","0","4"
"秋七月庚子","4","0","4"
"四千四百三","2","2","4"
"四千五百六","2","2","4"
"胜等十四人","2","2","4"
"冬十月丙申","4","0","4"
"总兵官周兴","2","2","4"
"十一月癸酉","3","1","4"
"清平伯吴成","2","2","4"
"十二月甲申","4","0","4"
"夏四月乙丑","4","0","4"
"秋七月癸巳","4","0","4"
"春正月甲午","4","0","4"
"冬十一月癸","4","0","4"
"礼官请表贺","4","0","4"
"春正月丁丑","4","0","4"
"十一月丙子","4","0","4"
"夏四月辛丑","4","0","4"
"春正月辛卯","4","0","4"
"夏四月己未","4","0","4"
"免四川灾税","4","0","4"
"十二月甲子","3","1","4"
"进兵察罕脑","2","2","4"
"都督佥事蓝","2","2","4"
"督佥事蓝玉","2","2","4"
"定宦官禁令","2","2","4"
"故功臣子孙","2","2","4"
"平章李伯升","2","2","4"
"冬十月丁亥","4","0","4"
"十一月丁丑","4","0","4"
"夏四月庚戌","4","0","4"
"祀大社大稷","2","2","4"
"万历元年春","2","2","4"
"冬十月甲寅","4","0","4"
"夏四月己巳","4","0","4"
"辽东巡按御","2","2","4"
"秋七月丁酉","4","0","4"
"毁天下书院","2","2","4"
"奉两宫皇太","2","2","4"
"冬十月己亥","4","0","4"
"巡抚吴善言","2","2","4"
"宫皇太后徽","2","2","4"
"建文诸臣外","2","2","4"
"文诸臣外亲","2","2","4"
"礼部侍郎王","2","2","4"
"秋七月癸卯","4","0","4"
"春正月壬辰","4","0","4"
"夏四月丙申","4","0","4"
"秋七月癸未","4","0","4"
"免河南灾田","4","0","4"
"内外诸臣修","2","2","4"
"春正月己亥","4","0","4"
"礼部尚书陈","2","2","4"
"部尚书沈一","2","2","4"
"宣慰使杨应","2","2","4"
"慰使杨应龙","2","2","4"
"圣皇太后崩","4","0","4"
"经略朝鲜军","2","2","4"
"略朝鲜军务","2","2","4"
"春正月己未","4","0","4"
"秋七月辛巳","4","0","4"
"冬十月甲申","4","0","4"
"抚都御史赵","2","2","4"
"总兵官沐睿","2","2","4"
"抚都御史陈","2","2","4"
"左都御史詹","2","2","4"
"都御史詹沂","2","2","4"
"部右侍郎孙","2","2","4"
"振京师饥民","4","0","4"
"山东盗贼大","1","3","4"
"十五年春二","3","1","4"
"阿布达里冈","2","2","4"
"四十八年八","2","2","4"
"十八年十二","2","2","4"
"总兵官满桂","2","2","4"
"天下镇巡官","2","2","4"
"总兵官祖大","2","2","4"
"部右侍郎刘","2","2","4"
"总兵官贺虎","2","2","4"
"兵官贺虎臣","2","2","4"
"太监张彝宪","2","2","4"
"山海总兵官","2","2","4"
"游击陈良谟","2","2","4"
"知府朱万年","2","2","4"
"总兵官陈洪","2","2","4"
"兵官陈洪范","2","2","4"
"一千七百余","1","3","4"
"抚都御史许","2","2","4"
"春正月己丑","4","0","4"
"官尤世威等","2","2","4"
"副将杨正芳","2","2","4"
"天巡抚都御","2","2","4"
"都御史张国","2","2","4"
"御史张国维","2","2","4"
"副将艾万年","2","2","4"
"东巡抚都御","2","2","4"
"天启元年春","3","1","4"
"经略袁应泰","2","2","4"
"事中倪思辉","2","2","4"
"总兵官杨愈","2","2","4"
"兵官杨愈懋","2","2","4"
"参政高邦佐","2","2","4"
"副总兵刘超","2","2","4"
"抚都御史何","2","2","4"
"十二月辛巳","3","1","4"
"春正月癸亥","4","0","4"
"十二月乙酉","3","1","4"
"魏忠贤生祠","2","2","4"
"参将杨明辉","2","2","4"
"总兵官曹变","2","2","4"
"兵官曹变蛟","2","2","4"
"工部侍郎蔡","2","2","4"
"冬十月癸丑","4","0","4"
"十二月丁未","4","0","4"
"副使张克俭","2","2","4"
"总兵官吴三","2","2","4"
"兵官吴三桂","2","2","4"
"侍郎杨文岳","2","2","4"
"太监王裕民","2","2","4"
"抚都御史丘","2","2","4"
"西总兵官许","2","2","4"
"总兵官许定","2","2","4"
"兵官许定国","2","2","4"
"大清兵南下","2","2","4"
"留守沈寿崇","2","2","4"
"按御史刘熙","2","2","4"
"正月庚寅朔","4","0","4"
"三十一年闰","2","2","4"
"十一年闰五","2","2","4"
"一年闰五月","2","2","4"
"秋七月己丑","4","0","4"
"都指挥花英","2","2","4"
"镇远侯顾成","2","2","4"
"安侯郑亨镇","2","2","4"
"政叶春巡视","2","2","4"
"叶春巡视南","2","2","4"
"春巡视南畿","2","2","4"
"奉天殿受朝","4","0","4"
"天殿受朝贺","4","0","4"
"高阳王高煦","2","2","4"
"城侯李彬镇","2","2","4"
"清远伯王友","2","2","4"
"中山入贡者","4","0","4"
"俊参赞军务","3","1","4"
"行部尚书黄","2","2","4"
"十一月丁巳","3","1","4"
"祀孔子庙庭","4","0","4"
"都督同知赵","2","2","4"
"总兵官萧授","2","2","4"
"都指挥杨洪","2","2","4"
"副都御史贾","2","2","4"
"右都督沐昂","2","2","4"
"下刑部尚书","3","1","4"
"都御史陈智","2","2","4"
"都御史王翱","2","2","4"
"都御史张纯","2","2","4"
"夏四月壬申","4","0","4"
"大理卿王文","2","2","4"
"荷校长安门","4","0","4"
"麓川上江寨","2","2","4"
"指挥马顺杀","2","2","4"
"御史王文巡","2","2","4"
"刑部尚书金","2","2","4"
"福建贼邓茂","2","2","4"
"建贼邓茂七","2","2","4"
"同法司录囚","4","0","4"
"御史柴文显","2","2","4"
"平乡伯陈怀","2","2","4"
"都督同知刘","2","2","4"
"督同知刘安","2","2","4"
"佥都御史曹","2","2","4"
"南副都御史","2","2","4"
"都御史刘广","2","2","4"
"御史刘广衡","2","2","4"
"吏部尚书何","2","2","4"
"部尚书何文","2","2","4"
"尚书何文渊","2","2","4"
"副都御史马","2","2","4"
"副都御史徐","2","2","4"
"都御史徐贞","4","0","4"
"夏四月癸未","4","0","4"
"上皇太后尊","2","2","4"
"太后尊号曰","4","0","4"
"百三十四人","2","2","4"
"人锦衣卫狱","4","0","4"
"十一月己卯","3","1","4"
"郎中魏应召","2","2","4"
"右都御史熊","2","2","4"
"都御史熊浃","2","2","4"
"圣先师孔子","2","2","4"
"祀皇地祇方","4","0","4"
"免陕西灾秋","4","0","4"
"陕西灾秋粮","4","0","4"
"夏四月癸巳","4","0","4"
"都御史刘天","2","2","4"
"上帝玄极宝","4","0","4"
"帝玄极宝殿","4","0","4"
"高皇后尊号","2","2","4"
"十一月丙申","3","1","4"
"佥都御史吴","2","2","4"
"抚宁伯朱永","2","2","4"
"孝恪皇太后","2","2","4"
"总兵官雷龙","2","2","4"
"参将耿宗元","2","2","4"
"礼部尚书高","2","2","4"
"兵部侍郎白","2","2","4"
"部侍郎白圭","2","2","4"
"怀宁伯孙镗","2","2","4"
"刑部尚书陆","2","2","4"
"部尚书陆瑜","2","2","4"
"免河南灾秋","4","0","4"
"明年上元灯","4","0","4"
"年上元灯火","4","0","4"
"广西副总兵","2","2","4"
"召大学士刘","3","1","4"
"总制三边都","2","2","4"
"制三边都御","2","2","4"
"三边都御史","2","2","4"
"免陕西织造","1","3","4"
"游击将军王","2","2","4"
"小王子诸部","2","2","4"
"工部侍郎李","2","2","4"
"提督军务都","2","2","4"
"督军务都御","2","2","4"
"光禄寺供应","1","3","4"
"南京工部侍","2","2","4"
"京工部侍郎","2","2","4"
"川都御史张","2","2","4"
"俺答大举入","2","2","4"
"复三大营旧","2","2","4"
"侍郎蒋应奎","2","2","4"
"左通政唐国","2","2","4"
"部尚书李默","2","2","4"
"千八百六十","2","2","4"
"指挥王应鹏","2","2","4"
"主事海瑞上","2","2","4"
"吏部尚书郭","2","2","4"
"御史王良臣","2","2","4"
"都御史陈金","2","2","4"
"惠安伯张伟","2","2","4"
"户部侍郎丛","2","2","4"
"部侍郎丛兰","2","2","4"
"三千四百余","2","2","4"
"都御史王守","2","2","4"
"御史王守仁","2","2","4"
"都御史何孟","2","2","4"
"御史何孟春","2","2","4"
"太监怀恩同","2","2","4"
"监怀恩同法","2","2","4"
"殿行家人礼","2","2","4"
"御史刘廷宣","2","2","4"
"乐十九年进","3","1","4"
"祀岳镇海渎","3","1","4"
"礼部尚书林","2","2","4"
"部尚书林尧","2","2","4"
"尚书林尧俞","2","2","4"
"亲军卫指挥","2","2","4"
"十月辛丑朔","3","1","4"
"大战白石江","2","2","4"
"中书右丞相","2","2","4"
"食禄三千石","3","1","4"
"城侯李彬等","2","2","4"
"副将军李坚","2","2","4"
"泰州白塔河","2","2","4"
"布政使梁宸","2","2","4"
"事中戴士衡","2","2","4"
"十二年复北","4","0","4"
"二年复北征","4","0","4"
"河西务河道","2","2","4"
"斩首三万七","2","2","4"
"首三万七千","2","2","4"
"三万七千余","2","2","4"
"府引礼舍人","2","2","4"
"前总制亲兵","2","2","4"
"副都指挥使","2","2","4"
"立永兴翼元","2","2","4"
"司徒李伯升","2","2","4"
"年征西将军","4","0","4"
"南都指挥使","2","2","4"
"洪武三年冬","2","2","4"
"右相国李善","2","2","4"
"镇武卫指挥","2","2","4"
"西行省参知","2","2","4"
"部将豁鼻马","2","2","4"
"户部尚书张","2","2","4"
"江国襄烈公","2","2","4"
"帐前都先锋","2","2","4"
"征南将军汤","2","2","4"
"同知都督府","2","2","4"
"知都督府事","2","2","4"
"龙骧卫指挥","2","2","4"
"骠骑卫指挥","2","2","4"
"获元将忻都","2","2","4"
"南行省参政","2","2","4"
"永新守将周","2","2","4"
"新守将周安","2","2","4"
"太祖取婺州","4","0","4"
"江南儒学提","2","2","4"
"南儒学提举","2","2","4"
"太史令刘基","2","2","4"
"征西副将军","2","2","4"
"前锋赵德胜","2","2","4"
"二十五万人","3","1","4"
"田一千三百","2","2","4"
"丞相张必先","2","2","4"
"浙江行省平","2","2","4"
"江行省平章","2","2","4"
"岁禄三千石","3","1","4"
"京锦衣卫世","2","2","4"
"锦衣卫世指","2","2","4"
"衣卫世指挥","2","2","4"
"征南右副将","2","2","4"
"南右副将军","2","2","4"
"二十五年六","2","2","4"
"右金吾将军","1","3","4"
"行省左丞相","2","2","4"
"三十一年三","2","2","4"
"年正月十八","1","3","4"
"达鲁花赤等","2","2","4"
"山西左参政","2","2","4"
"佥都御史卢","2","2","4"
"加右副都御","4","0","4"
"掌中军都督","2","2","4"
"百八十万石","1","3","4"
"吏部郎中赵","2","2","4"
"通佩征夷将","2","2","4"
"德元年九月","2","2","4"
"大小二十余","2","2","4"
"小二十余战","2","2","4"
"左军都督佥","2","2","4"
"金州白山岛","2","2","4"
"官都指挥使","3","1","4"
"卫指挥纪纲","2","2","4"
"千二百四十","2","2","4"
"四万九千余","2","2","4"
"万五千余石","1","3","4"
"宣德五年进","3","1","4"
"德五年进士","3","1","4"
"光禄寺署丞","2","2","4"
"御史张鹏等","2","2","4"
"中军都督佥","2","2","4"
"后军都督佥","2","2","4"
"一千四百余","1","3","4"
"万二千二百","2","2","4"
"命文武大臣","3","1","4"
"西布政司右","2","2","4"
"布政司右参","2","2","4"
"政司右参政","2","2","4"
"江西右参议","2","2","4"
"四十九万余","2","2","4"
"二十六万五","2","2","4"
"济宁州同知","2","2","4"
"宁州同知潘","2","2","4"
"州同知潘叔","2","2","4"
"同知潘叔正","2","2","4"
"汶上老人白","2","2","4"
"上老人白英","2","2","4"
"海丰大沽河","2","2","4"
"筑高邮湖堤","2","2","4"
"五百六十八","2","2","4"
"平地水深数","1","3","4"
"地水深数尺","1","3","4"
"令吏部推举","1","3","4"
"授南京礼部","3","1","4"
"副总兵范广","2","2","4"
"仁文德承天","2","2","4"
"文德承天顺","2","2","4"
"德承天顺圣","2","2","4"
"承天顺圣高","2","2","4"
"天顺圣高皇","2","2","4"
"顺圣高皇后","2","2","4"
"孝慈贞化哲","2","2","4"
"慈贞化哲顺","2","2","4"
"贞化哲顺仁","2","2","4"
"化哲顺仁徽","2","2","4"
"哲顺仁徽成","2","2","4"
"顺仁徽成天","2","2","4"
"仁徽成天育","2","2","4"
"徽成天育圣","2","2","4"
"孝穆纪太后","1","3","4"
"部尚书耿裕","2","2","4"
"事中张鼎思","2","2","4"
"总督殷正茂","2","2","4"
"游击王瑞等","2","2","4"
"总督凌云翼","2","2","4"
"监司王肇生","2","2","4"
"启二年进士","2","2","4"
"户二百一十","2","2","4"
"左府都督同","2","2","4"
"巡按御史所","2","2","4"
"主事李梦阳","2","2","4"
"瀛国太夫人","2","2","4"
"巡抚王聚奎","2","2","4"
"总兵官王定","2","2","4"
"定国公徐文","2","2","4"
"国公徐文璧","2","2","4"
"盛应期所开","1","3","4"
"事中王元春","2","2","4"
"抚都御史梁","2","2","4"
"工部尚书郭","2","2","4"
"部尚书郭朝","2","2","4"
"尚书郭朝宾","2","2","4"
"巡抚张国彦","2","2","4"
"副使顾养谦","2","2","4"
"事中王敬民","2","2","4"
"南京都御史","2","2","4"
"京大理寺丞","1","3","4"
"事中黄运泰","2","2","4"
"员外郎岳元","2","2","4"
"外郎岳元声","2","2","4"
"御史史记事","2","2","4"
"御史陈邦科","2","2","4"
"光禄丞朱维","2","2","4"
"禄丞朱维京","2","2","4"
"赞画主事刘","2","2","4"
"画主事刘国","2","2","4"
"主事刘国缙","2","2","4"
"御史孙丕扬","2","2","4"
"南京文选郎","2","2","4"
"京文选郎中","2","2","4"
"选员外郎吕","2","2","4"
"事中刘道隆","2","2","4"
"辅臣赵志皋","2","2","4"
"詹事刘虞夔","2","2","4"
"南京御史方","2","2","4"
"京御史方万","2","2","4"
"事中卢明诹","2","2","4"
"员外郎贺灿","2","2","4"
"外郎贺灿然","2","2","4"
"大名兵备副","2","2","4"
"平江伯陈王","1","3","4"
"山提督中官","2","2","4"
"御史吴弘济","2","2","4"
"事中钟宇淳","2","2","4"
"山东提学佥","2","2","4"
"东提学佥事","2","2","4"
"刑科三覆奏","3","1","4"
"事中张九功","2","2","4"
"徐州兵备副","2","2","4"
"祠祭员外郎","2","2","4"
"御史甘士价","2","2","4"
"漳州府通判","2","2","4"
"命左丞相李","2","2","4"
"会稽杨维桢","2","2","4"
"永嘉李孝光","2","2","4"
"声音文字通","2","2","4"
"洪武元年三","2","2","4"
"武元年三月","2","2","4"
"初授工部主","2","2","4"
"濮州李先芳","2","2","4"
"孝丰吴维岳","2","2","4"
"内阁制敕房","2","2","4"
"巡视山海关","1","3","4"
"巡抚朱燮元","2","2","4"
"吏部验封主","2","2","4"
"部验封主事","2","2","4"
"总兵官马林","2","2","4"
"侍郎蔡奕琛","2","2","4"
"上书吏部尚","2","2","4"
"书吏部尚书","2","2","4"
"同知王邦才","2","2","4"
"部尚书宋纟","1","3","4"
"大学士魏广","2","2","4"
"学士魏广微","2","2","4"
"汪文言发难","2","2","4"
"事中明时举","2","2","4"
"土官普名声","2","2","4"
"太仆少卿徐","2","2","4"
"巡抚王惟俭","2","2","4"
"大将马世龙","2","2","4"
"枢辅孙承宗","2","2","4"
"月辛丑朔日","2","2","4"
"部尚书黄嘉","2","2","4"
"尚书黄嘉善","2","2","4"
"事中阮大铖","2","2","4"
"七月二十六","1","3","4"
"府丞邵辅忠","2","2","4"
"御史袁化中","2","2","4"
"镇抚许显纯","2","2","4"
"堂官张问达","2","2","4"
"深入三百里","2","2","4"
"史方震孺请","2","2","4"
"首辅叶向高","2","2","4"
"广宁道佥事","2","2","4"
"事中郭兴治","2","2","4"
"前锋总兵官","2","2","4"
"拔本塞源论","2","2","4"
"总兵罗尚文","2","2","4"
"湖广巡抚方","2","2","4"
"广巡抚方孔","2","2","4"
"四万五千余","1","3","4"
"万三千五百","2","2","4"
"总兵贺人龙","2","2","4"
"事中张第元","2","2","4"
"行坚壁清野","1","3","4"
"左右布政使","2","2","4"
"总兵贺虎臣","2","2","4"
"都司左良玉","2","2","4"
"司左良玉等","2","2","4"
"万六千六百","2","2","4"
"吏部尚书田","2","2","4"
"部尚书田唯","2","2","4"
"尚书田唯嘉","2","2","4"
"蓟辽总督王","2","2","4"
"山东颜继祖","2","2","4"
"编修杨廷麟","2","2","4"
"十七万八千","2","2","4"
"罗汝才等九","2","2","4"
"汝才等九营","2","2","4"
"国公徐允祯","2","2","4"
"尚书黄汝良","2","2","4"
"事中冯元飙","2","2","4"
"检讨杨士聪","2","2","4"
"御史江秉谦","2","2","4"
"宁前兵备佥","2","2","4"
"前兵备佥事","2","2","4"
"祯二年五月","2","2","4"
"十三万六千","2","2","4"
"尚书刘泽深","2","2","4"
"升右佥都御","1","3","4"
"抚治王永祚","2","2","4"
"三百二十七","2","2","4"
"百二十七万","2","2","4"
"辅臣周延儒","1","3","4"
"圣寿万年历","2","2","4"
"鲁献公十五","2","2","4"
"公十五年戊","2","2","4"
"十五年戊寅","2","2","4"
"中官正周濂","2","2","4"
"官正周濂等","2","2","4"
"百七十五分","2","2","4"
"度九十六分","2","2","4"
"分四十三秒","2","2","4"
"年八月辛卯","2","2","4"
"分四十七秒","2","2","4"
"九年三月癸","2","2","4"
"千四百六十","2","2","4"
"一秒七十五","2","2","4"
"秒七十五忽","2","2","4"
"十五度二十","2","2","4"
"十六分六十","2","2","4"
"闰八月二十","2","2","4"
"日月五星平","2","2","4"
"八月二十七","1","3","4"
"代州知州郭","2","2","4"
"州知州郭正","2","2","4"
"知州郭正中","2","2","4"
"会同三法司","2","2","4"
"二十六年朝","1","3","4"
"刑部侍郎沈","2","2","4"
"部侍郎沈应","2","2","4"
"侍郎沈应文","2","2","4"
"赎杂犯死罪","3","1","4"
"事中郭瑾审","1","3","4"
"通政司转达","2","2","4"
"长安右门外","2","2","4"
"尚书刘惟谦","2","2","4"
"尚书陆瑜等","2","2","4"
"司礼太监孙","2","2","4"
"卫使石文义","2","2","4"
"书胡世宁请","3","1","4"
"设正副使受","2","2","4"
"皇太子搢圭","4","0","4"
"士张居正等","2","2","4"
"文华殿门外","2","2","4"
"宾赞冠者跪","2","2","4"
"舞师二人执","4","0","4"
"坊司设中韶","4","0","4"
"司设中韶乐","4","0","4"
"立三舞杂队","2","2","4"
"舞生六十二","2","2","4"
"杖鼓二十四","2","2","4"
"舞士三十二","2","2","4"
"士三十二人","2","2","4"
"朝日夕月祭","3","1","4"
"甘肃行太仆","2","2","4"
"肃行太仆寺","2","2","4"
"靖十七年六","2","2","4"
"九夷进宝队","2","2","4"
"夷进宝队舞","2","2","4"
"定天下舞曲","2","2","4"
"书会同舞曲","2","2","4"
"正万邦舞曲","2","2","4"
"胜蛮夷队舞","2","2","4"
"奉献皇帝配","2","2","4"
"设香案奉天","4","0","4"
"御座奉天殿","4","0","4"
"仪礼司奏礼","4","0","4"
"礼司奏礼毕","4","0","4"
"祖母皇后殿","2","2","4"
"金鼓仪仗鼓","2","2","4"
"鼓仪仗鼓乐","2","2","4"
"坟高一丈八","2","2","4"
"高一丈八尺","2","2","4"
"功臣李善长","2","2","4"
"祖父母承重","4","0","4"
"兄弟女室者","4","0","4"
"学士李时等","2","2","4"
"中允廖道南","2","2","4"
"士张孚敬等","2","2","4"
"二十四年六","2","2","4"
"学士陶安等","2","2","4"
"执事官行礼","2","2","4"
"洪武元年九","2","2","4"
"武元年九月","2","2","4"
"天顺八年二","2","2","4"
"顺八年二月","2","2","4"
"学士张璁等","2","2","4"
"常少卿李宗","2","2","4"
"少卿李宗延","2","2","4"
"太常卿裴应","2","2","4"
"常卿裴应章","2","2","4"
"礼部堂上官","2","2","4"
"奉天殿降香","2","2","4"
"一百一十人","1","3","4"
"正孔子祀典","2","2","4"
"事中王汝梅","2","2","4"
"中王汝梅等","2","2","4"
"指挥千百户","3","1","4"
"释迦牟尼文","2","2","4"
"迦牟尼文佛","2","2","4"
"雷声普化天","2","2","4"
"声普化天尊","2","2","4"
"北极佑圣真","2","2","4"
"极佑圣真君","2","2","4"
"仁祖淳皇帝","2","2","4"
"祖淳皇帝配","2","2","4"
"平立定三差","2","2","4"
"赤道内外度","3","1","4"
"北京立四丈","2","2","4"
"五十度三十","2","2","4"
"度九十四分","2","2","4"
"分九十三秒","2","2","4"
"九十三秒七","2","2","4"
"十一度七十","2","2","4"
"一度七十五","2","2","4"
"度七十五分","2","2","4"
"赤道内外半","2","2","4"
"道内外半弧","2","2","4"
"三度零六分","2","2","4"
"度零六分二","2","2","4"
"上廉一万四","2","2","4"
"廉一万四千","2","2","4"
"三度零六二","2","2","4"
"度零六二五","2","2","4"
"四千七百零","2","2","4"
"千七百零七","2","2","4"
"七百零七度","2","2","4"
"百零七度八","2","2","4"
"余二百四十","2","2","4"
"四十三度四","2","2","4"
"十三度四九","2","2","4"
"三度四九九","2","2","4"
"黄道半弧背","1","3","4"
"置半径六十","4","0","4"
"零度八十七","4","0","4"
"八十七分五","2","2","4"
"三千四百一","2","2","4"
"千四百一十","2","2","4"
"十六度零一","2","2","4"
"三千一百三","2","2","4"
"一百三十八","1","3","4"
"百三十八度","2","2","4"
"度一五零七","2","2","4"
"一五零七六","2","2","4"
"五零七六八","2","2","4"
"零七六八六","2","2","4"
"七六八六四","2","2","4"
"一百三十九","1","3","4"
"六度零二八","2","2","4"
"度零二八一","2","2","4"
"度八十六分","2","2","4"
"八十六分五","2","2","4"
"十六分五十","2","2","4"
"六分五十三","2","2","4"
"分五十三秒","2","2","4"
"一度零八分","2","2","4"
"度零八分六","2","2","4"
"零八分六十","2","2","4"
"八分六十五","2","2","4"
"分六十五秒","2","2","4"
"八十七分半","2","2","4"
"二度五十一","2","2","4"
"五十一分八","2","2","4"
"十一分八十","2","2","4"
"一分八十一","2","2","4"
"分八十一秒","2","2","4"
"半弧弦二十","2","2","4"
"弧弦二十三","2","2","4"
"弦二十三度","2","2","4"
"二十五分六","1","3","4"
"十三秒七五","2","2","4"
"十二分三十","2","2","4"
"五度七十分","2","2","4"
"十四度六十","2","2","4"
"年三月乙巳","2","2","4"
"四十三年三","2","2","4"
"年正月元旦","2","2","4"
"弘治三年六","2","2","4"
"年六月壬午","2","2","4"
"甘肃行都司","2","2","4"
"年七月己巳","2","2","4"
"元年七月癸","2","2","4"
"年七月癸酉","2","2","4"
"年三月戊子","2","2","4"
"元年三月甲","2","2","4"
"年九月壬戌","2","2","4"
"四年六月乙","2","2","4"
"三百七十五","2","2","4"
"四年八月癸","2","2","4"
"蓟州遵化县","2","2","4"
"二年六月壬","2","2","4"
"二年五月庚","2","2","4"
"二年九月庚","2","2","4"
"四年二月丁","2","2","4"
"七年七月戊","2","2","4"
"年八月戊申","2","2","4"
"七年六月辛","2","2","4"
"七千九百余","2","2","4"
"闰十月乙卯","2","2","4"
"省州县二十","3","1","4"
"御史陈世宝","3","1","4"
"筑高家堰堤","2","2","4"
"御史杨一魁","2","2","4"
"事中张企程","2","2","4"
"新河四十里","2","2","4"
"工部尚书姚","2","2","4"
"部尚书姚继","2","2","4"
"徐州狼矢沟","2","2","4"
"漕尚书杨一","2","2","4"
"事中沈胤培","2","2","4"
"会卫河入海","4","0","4"
"三百九十里","2","2","4"
"河二百六十","2","2","4"
"泰安仙台岭","2","2","4"
"安仙台岭南","2","2","4"
"汶上袁家口","2","2","4"
"百九十四里","2","2","4"
"石〈石达〉","4","0","4"
"〈石达〉口","4","0","4"
"御史刘光国","2","2","4"
"河四十五里","2","2","4"
"督漕侍郎陈","2","2","4"
"漕侍郎陈荐","2","2","4"
"河侍郎李化","2","2","4"
"总河侍郎曹","2","2","4"
"河侍郎曹时","2","2","4"
"侍郎曹时聘","2","2","4"
"总河侍郎王","2","2","4"
"河侍郎王佐","2","2","4"
"宿迁陈沟口","2","2","4"
"都御史宋仪","2","2","4"
"尚书杨博请","2","2","4"
"总河尚书杨","2","2","4"
"河尚书杨一","2","2","4"
"五百三十里","2","2","4"
"三百三十里","2","2","4"
"二百四十里","2","2","4"
"御史林廷举","2","2","4"
"太仆卿何栋","2","2","4"
"晋州紫城口","2","2","4"
"郎中徐元祉","2","2","4"
"通州高丽庄","2","2","4"
"郎中陆时雍","2","2","4"
"巡抚梁梦龙","2","2","4"
"山东巡抚李","2","2","4"
"山东副总兵","2","2","4"
"东副总兵黄","2","2","4"
"副总兵黄荫","2","2","4"
"总兵黄荫恩","2","2","4"
"律二百八十","2","2","4"
"翰林学士宋","1","3","4"
"天寿山种树","2","2","4"
"钞一千一百","1","3","4"
"银七分五厘","3","1","4"
"常州孟渎河","3","1","4"
"百四十五里","2","2","4"
"户部侍郎一","2","2","4"
"部侍郎一人","2","2","4"
"侍郎朱大典","2","2","4"
"设坐营官一","2","2","4"
"掌号头官二","2","2","4"
"书李承勋请","2","2","4"
"勋卫散骑舍","2","2","4"
"卫散骑舍人","2","2","4"
"叉刀围子手","3","1","4"
"府军前卫带","2","2","4"
"神枢营红盔","2","2","4"
"枢营红盔将","2","2","4"
"营红盔将军","2","2","4"
"五千三百三","2","2","4"
"升兵部尚书","1","3","4"
"二万八千余","1","3","4"
"州铜城堰闸","2","2","4"
"千五百馀丈","4","0","4"
"泾阳洪渠堰","2","2","4"
"常熟七浦塘","2","2","4"
"容城杜村口","2","2","4"
"抚都御史周","2","2","4"
"雄县横堤八","2","2","4"
"县横堤八里","2","2","4"
"星三百一十","2","2","4"
"日高五十度","2","2","4"
"赞圣喜队舞","2","2","4"
"都察院堂上","2","2","4"
"察院堂上官","2","2","4"
"鉴察司民城","2","2","4"
"察司民城隍","2","2","4"
"州同日地震","4","0","4"
"隶属于施州","0","4","4"
"属于施州卫","0","4","4"
"将此事报告","0","4","4"
"认为他们是","0","4","4"
"起用李三才","0","4","4"
"请求告老还","0","4","4"
"皇帝发怒了","0","4","4"
"庄烈帝同意","0","4","4"
"烈帝同意了","0","4","4"
"部下的士兵","0","4","4"
"一道严厉的","0","4","4"
"崇祯皇帝命","0","4","4"
"祯皇帝命令","0","4","4"
"的文武将吏","0","4","4"
"又一次上书","0","4","4"
"屡次上书请","0","4","4"
"他因母亲去","0","4","4"
"上吊自杀了","0","4","4"
"诏令他乘驿","0","4","4"
"父亲去世后","0","4","4"
"他回到家乡","0","4","4"
"任就去世了","0","4","4"
"皇帝最终不","0","4","4"
"他乘坐驿车","0","4","4"
"将他的奏章","0","4","4"
"议论的人认","0","4","4"
"把他的奏章","0","4","4"
"奏疏递上后","0","4","4"
"世宗于是命","0","4","4"
"了他们的家","0","4","4"
"给司法官员","0","4","4"
"被召回任事","0","4","4"
"太祖采纳了","0","4","4"
"祖采纳了他","0","4","4"
"赏赐十分丰","0","4","4"
"赐十分丰厚","0","4","4"
"新勘合的金","0","4","4"
"对他们的赏","0","4","4"
"把真帖木儿","0","4","4"
"这是值得担","0","4","4"
"是值得担忧","0","4","4"
"得担忧的第","0","4","4"
"向皇帝请求","0","4","4"
"每年向朝廷","0","4","4"
"杀死和俘虏","0","4","4"
"请求朝廷对","0","4","4"
"前例给予赏","0","4","4"
"皇上的恩德","0","4","4"
"除下丧服后","0","4","4"
"了他们的俸","0","4","4"
"关进了皇家","0","4","4"
"于大礼的争","0","4","4"
"大礼的争论","0","4","4"
"了世宗的心","0","4","4"
"对他的赏赐","0","4","4"
"喜欢谈论军","0","4","4"
"欢谈论军事","0","4","4"
"就没有什么","0","4","4"
"没有什么可","0","4","4"
"就上书弹劾","0","4","4"
"因此被扣发","0","4","4"
"世宗不同意","0","4","4"
"有听从他的","0","4","4"
"世宗派宦官","0","4","4"
"尊崇亲生父","0","4","4"
"崇亲生父母","0","4","4"
"讨论大礼的","0","4","4"
"大礼的大臣","0","4","4"
"母亲去世回","0","4","4"
"都察院的职","0","4","4"
"奏疏递进去","0","4","4"
"议定大礼的","0","4","4"
"大礼的功劳","0","4","4"
"回家守丧去","0","4","4"
"交给大臣们","0","4","4"
"说不能答应","0","4","4"
"不能答应他","0","4","4"
"因为父亲去","0","4","4"
"为父亲去世","0","4","4"
"流下了眼泪","0","4","4"
"宗认为他说","0","4","4"
"因为这件事","0","4","4"
"有关部门按","0","4","4"
"征收他们的","0","4","4"
"收他们的赋","0","4","4"
"这样的地步","0","4","4"
"给事中亓诗","0","4","4"
"年以右佥都","0","4","4"
"任宣府游击","0","4","4"
"大清部队南","0","4","4"
"打算赎罪的","0","4","4"
"算赎罪的有","0","4","4"
"二年进士及","0","4","4"
"八年的进士","0","4","4"
"掌锦衣卫的","0","4","4"
"二十九年的","0","4","4"
"九年的进士","0","4","4"
"三十五年的","0","4","4"
"十五年的进","0","4","4"
"赠封太子太","0","4","4"
"历十一年的","0","4","4"
"献王为皇叔","0","4","4"
"王为皇叔父","0","4","4"
"兼太子少傅","0","4","4"
"兼赞善大夫","0","4","4"
"任兵部郎中","0","4","4"
"改任工部尚","0","4","4"
"答兰纳木儿","0","4","4"
"兰纳木儿河","0","4","4"
"佥都御史身","0","4","4"
"都御史身份","0","4","4"
"御史身份巡","0","4","4"
"史身份巡抚","0","4","4"
"历任吏部左","0","4","4"
"官兵部右侍","0","4","4"
"用为南京户","0","4","4"
"俺答侵犯京","0","4","4"
"答侵犯京师","0","4","4"
"任户部郎中","0","4","4"
"征召为御史","0","4","4"
"及巡按御史","0","4","4"
"给事中胡汝","0","4","4"
"这时给事中","0","4","4"
"不知是何许","0","4","4"
"知是何许人","0","4","4"
"孛罗帖木儿","0","4","4"
"授为都督同","0","4","4"
"人前来投降","0","4","4"
"为皇太子妃","0","4","4"
"文官三品以","0","4","4"
"太子出阁讲","0","4","4"
"二十七个月","0","4","4"
"高一尺左右","0","4","4"
"五月至七月","0","4","4"
"隶属翰林院","0","4","4"
"官阶正三品","0","4","4"
"各有郎中一","0","4","4"
"有郎中一人","0","4","4"
"河决堤于开","0","4","4"
"粮一万五千","0","4","4"
"一万五千石","0","4","4"
"每月米二石","0","4","4"
"部尚书胡淡","0","4","4"
"官田和民田","0","4","4"
"折合银二十","0","4","4"
"管辖盐课司","0","4","4"
"田每亩收税","0","4","4"
"西发生大旱","0","4","4"
"发生大旱和","0","4","4"
"生大旱和蝗","0","4","4"
"西发生大水","0","4","4"
"响节十二柄","0","4","4"
"金水盆一个","0","4","4"
"金水罐一个","0","4","4"
"镀金的铜制","0","4","4"
"金的铜质凤","0","4","4"
"任大理少卿","0","4","4"
"派遣都御史","0","4","4"
"邓愈为征南","0","4","4"
"五月二十三","0","4","4"
"被立为皇太","0","4","4"
"参与军机要","0","4","4"
"与军机要务","0","4","4"
"巡抚周起元","0","4","4"
"周王朱恭枵","0","4","4"
"罗入朝进贡","0","4","4"
"任游击将军","0","4","4"
"孝宗为皇伯","0","4","4"
"宗为皇伯考","0","4","4"
"太后为圣母","0","4","4"
"下诏求直言","0","4","4"
"立皇长子朱","0","4","4"
"到吏部尚书","0","4","4"
"执掌朝政的","0","4","4"
"到皇上宠爱","0","4","4"
"张居正的儿","0","4","4"
"居正的儿子","0","4","4"
"赵用贤上疏","0","4","4"
"上奏请求留","0","4","4"
"都督刘守有","0","4","4"
"皇上回答说","0","4","4"
"为户部员外","0","4","4"
"为兵部员外","0","4","4"
"皇上没有答","0","4","4"
"次上疏弹劾","0","4","4"
"他在家居住","0","4","4"
"皇上不予回","0","4","4"
"上不予回答","0","4","4"
"给事中赵兴","0","4","4"
"为工部主事","0","4","4"
"失败的消息","0","4","4"
"的消息传来","0","4","4"
"有什么好处","0","4","4"
"对君王的无","0","4","4"
"君王的无礼","0","4","4"
"疏极力攻击","0","4","4"
"又上疏请求","0","4","4"
"皇帝更加不","0","4","4"
"最边远的地","0","4","4"
"亲去世归家","0","4","4"
"二十年春天","0","4","4"
"误了国家大","0","4","4"
"了国家大事","0","4","4"
"上疏极力诋","0","4","4"
"疏极力诋毁","0","4","4"
"李自成于是","0","4","4"
"的儿子李过","0","4","4"
"十一个州县","0","4","4"
"十八个州县","0","4","4"
"所经过的州","0","4","4"
"经过的州县","0","4","4"
"他所经过的","0","4","4"
"又被打得大","0","4","4"
"皇上答应了","0","4","4"
"关押的囚犯","0","4","4"
"四品官以下","0","4","4"
"接受了他的","0","4","4"
"中埋伏而死","0","4","4"
"专门致力于","0","4","4"
"渡过了长江","0","4","4"
"当时李自成","0","4","4"
"全部将他们","0","4","4"
"减少光禄寺","0","4","4"
"任司礼监秉","0","4","4"
"司礼监掌印","0","4","4"
"礼监掌印太","0","4","4"
"监掌印太监","0","4","4"
"与内阁大臣","0","4","4"
"给事中王继","0","4","4"
"吴中行等人","0","4","4"
"再上疏弹劾","0","4","4"
"更加肆无忌","0","4","4"
"加肆无忌惮","0","4","4"
"在东林书院","0","4","4"
"东林书院讲","0","4","4"
"林书院讲学","0","4","4"
"假传圣旨将","0","4","4"
"是副都御史","0","4","4"
"奏疏上呈后","0","4","4"
"和礼部尚书","0","4","4"
"者不可胜数","0","4","4"
"官籍中除名","0","4","4"
"魏忠贤这才","0","4","4"
"达到了极点","0","4","4"
"给他们加以","0","4","4"
"而不称其名","0","4","4"
"韩火广等人","0","4","4"
"劾魏忠贤的","0","4","4"
"下为什么要","0","4","4"
"臣在朝廷上","0","4","4"
"和他的同党","0","4","4"
"宦官的势力","0","4","4"
"任南京守备","0","4","4"
"明太祖平定","0","4","4"
"各部落酋长","0","4","4"
"按他们的等","0","4","4"
"他们的等级","0","4","4"
"十一年朝廷","0","4","4"
"朝廷进贡马","0","4","4"
"献贡物一次","0","4","4"
"受到朝廷的","0","4","4"
"有一千多人","0","4","4"
"了三百多人","0","4","4"
"土知府的印","0","4","4"
"知府的印信","0","4","4"
"有姻亲关系","0","4","4"
"州的土官安","0","4","4"
"最终也没有","0","4","4"
"便上奏朝廷","0","4","4"
"乞求允许他","0","4","4"
"手下的头目","0","4","4"
"帖木儿等人","0","4","4"
"皇帝给他们","0","4","4"
"花纹的绮衣","0","4","4"
"赏赐很丰厚","0","4","4"
"向皇帝献贡","0","4","4"
"朝廷设置了","0","4","4"
"陕西的军队","0","4","4"
"他们手下的","0","4","4"
"他们每年都","0","4","4"
"三个长官司","0","4","4"
"洪武年间归","0","4","4"
"武年间归附","0","4","4"
"当地的百姓","0","4","4"
"把他们送到","0","4","4"
"兵讨伐平定","0","4","4"
"地区没有汉","0","4","4"
"区没有汉化","0","4","4"
"骑兵和步兵","0","4","4"
"派人前去招","0","4","4"
"皇帝命令户","0","4","4"
"帝命令户部","0","4","4"
"人前去征讨","0","4","4"
"朝廷便任命","0","4","4"
"他们的巢穴","0","4","4"
"等二十多人","0","4","4"
"的蛮族贼人","0","4","4"
"命令副总兵","0","4","4"
"朝廷命令将","0","4","4"
"指挥以下的","0","4","4"
"十三年朝廷","0","4","4"
"俘虏和斩杀","0","4","4"
"从朝廷的命","0","4","4"
"他的母亲和","0","4","4"
"在此设置了","0","4","4"
"抚司隶属于","0","4","4"
"下诏同意了","0","4","4"
"兵一千多人","0","4","4"
"不久又改为","0","4","4"
"皇帝下诏赏","0","4","4"
"帝下诏赏赐","0","4","4"
"三年进贡一","0","4","4"
"年进贡一次","0","4","4"
"小木瓜地区","0","4","4"
"受到他们的","0","4","4"
"天比一天多","0","4","4"
"在国子监门","0","4","4"
"押到市场肢","0","4","4"
"到市场肢解","0","4","4"
"征讨邓茂七","0","4","4"
"被授予都督","0","4","4"
"违法的事情","0","4","4"
"人们都不知","0","4","4"
"们都不知道","0","4","4"
"报告了皇上","0","4","4"
"朝廷内外人","0","4","4"
"亦思马因侵","0","4","4"
"他在皇上面","0","4","4"
"皇上于是将","0","4","4"
"抄了他的家","0","4","4"
"投入锦衣卫","0","4","4"
"等人的奏章","0","4","4"
"不符合事实","0","4","4"
"向皇上进献","0","4","4"
"诚正直的人","0","4","4"
"为四川按察","0","4","4"
"刘瑾假传圣","0","4","4"
"瑾假传圣旨","0","4","4"
"五品以下官","0","4","4"
"全部投进监","0","4","4"
"部投进监狱","0","4","4"
"揭发了他们","0","4","4"
"不依附自己","0","4","4"
"在皇上左右","0","4","4"
"将此事告诉","0","4","4"
"在皇上身边","0","4","4"
"听从他的调","0","4","4"
"一年多时间","0","4","4"
"任指挥佥事","0","4","4"
"被授予锦衣","0","4","4"
"授予锦衣卫","0","4","4"
"受皇上宠爱","0","4","4"
"任佥都御史","0","4","4"
"皇上都听从","0","4","4"
"上都听从了","0","4","4"
"驻扎的地方","0","4","4"
"年他随从皇","0","4","4"
"被御史弹劾","0","4","4"
"每年的收入","0","4","4"
"多次制造大","0","4","4"
"次制造大案","0","4","4"
"削去他的官","0","4","4"
"诏令允许他","0","4","4"
"允许他乘坐","0","4","4"
"皇上命宦官","0","4","4"
"为国子监生","0","4","4"
"戴上桎梏押","0","4","4"
"认为这不是","0","4","4"
"部讨论后认","0","4","4"
"不能这么做","0","4","4"
"不能超过一","0","4","4"
"的土地全部","0","4","4"
"按御史周如","0","4","4"
"御史周如斗","0","4","4"
"时正好碰上","0","4","4"
"诏给他们赏","0","4","4"
"绣有飞鱼的","0","4","4"
"辞官在家的","0","4","4"
"保靖的军队","0","4","4"
"敌人首级一","0","4","4"
"皇帝赏赐的","0","4","4"
"兵部讨论认","0","4","4"
"廷进献贡物","0","4","4"
"派人来朝廷","0","4","4"
"下的官员都","0","4","4"
"征调保靖的","0","4","4"
"调保靖的土","0","4","4"
"等地的蛮族","0","4","4"
"到别的地方","0","4","4"
"更加无所顾","0","4","4"
"加无所顾忌","0","4","4"
"升为左都御","0","4","4"
"皇上派使者","0","4","4"
"任国子监祭","0","4","4"
"又改任吏部","0","4","4"
"祭祀献皇帝","0","4","4"
"南北两京的","0","4","4"
"发他们的罪","0","4","4"
"升任太常少","0","4","4"
"批准了他的","0","4","4"
"皇上下诏同","0","4","4"
"上下诏同意","0","4","4"
"揭发他的罪","0","4","4"
"触怒了皇上","0","4","4"
"在正阳门外","0","4","4"
"授予编修官","0","4","4"
"给事中章允","0","4","4"
"当时魏忠贤","0","4","4"
"弹劾崔呈秀","0","4","4"
"后因犯罪被","0","4","4"
"而且还可以","0","4","4"
"封他为少师","0","4","4"
"不久转为左","0","4","4"
"事情报到朝","0","4","4"
"情报到朝廷","0","4","4"
"报到朝廷后","0","4","4"
"没有一天不","0","4","4"
"为太常寺少","0","4","4"
"罪被判死刑","0","4","4"
"因为给事中","0","4","4"
"因为提建议","0","4","4"
"起草了一篇","0","4","4"
"考中万历二","0","4","4"
"中万历二十","0","4","4"
"改任左都御","0","4","4"
"魏忠贤的意","0","4","4"
"理兵部事务","0","4","4"
"又被起用为","0","4","4"
"进升为太子","0","4","4"
"于是御史张","0","4","4"
"连上书请求","0","4","4"
"万历五年中","0","4","4"
"历五年中进","0","4","4"
"皇帝接受了","0","4","4"
"正直的言论","0","4","4"
"魏允贞上疏","0","4","4"
"极力主张不","0","4","4"
"被留在禁中","0","4","4"
"皇上不答应","0","4","4"
"任四川副使","0","4","4"
"起用为原官","0","4","4"
"以兵部右侍","0","4","4"
"停发俸禄一","0","4","4"
"发俸禄一年","0","4","4"
"提拔为南京","0","4","4"
"为南京通政","0","4","4"
"都置之不理","0","4","4"
"于是命令李","0","4","4"
"是国家的福","0","4","4"
"自己的罪过","0","4","4"
"的去留问题","0","4","4"
"被起用为南","0","4","4"
"以总兵官的","0","4","4"
"总兵官的身","0","4","4"
"兵官的身份","0","4","4"
"提升代理都","0","4","4"
"升代理都督","0","4","4"
"分散敌人的","0","4","4"
"这时是万历","0","4","4"
"皇帝非常高","0","4","4"
"等人的官职","0","4","4"
"皇帝赏赐他","0","4","4"
"两广的军务","0","4","4"
"久改任吏部","0","4","4"
"九月二十六","0","4","4"
"请求朝见皇","0","4","4"
"工科左给事","0","4","4"
"二十多万两","0","4","4"
"十多万两银","0","4","4"
"召见方从哲","0","4","4"
"把他们交给","0","4","4"
"交司法部门","0","4","4"
"司法部门审","0","4","4"
"可灼进献红","0","4","4"
"圣明的君主","0","4","4"
"进献给皇帝","0","4","4"
"任命为刑部","0","4","4"
"上疏极力辩","0","4","4"
"疏极力辩论","0","4","4"
"皇帝的圣旨","0","4","4"
"很不高兴地","0","4","4"
"有得到批复","0","4","4"
"上疏极力争","0","4","4"
"勾结魏忠贤","0","4","4"
"流放二千里","0","4","4"
"其他的事情","0","4","4"
"还没有下达","0","4","4"
"皇帝都不省","0","4","4"
"征召任命为","0","4","4"
"尚书的身份","0","4","4"
"的身份掌管","0","4","4"
"次上疏乞求","0","4","4"
"更加请求离","0","4","4"
"以吏部尚书","0","4","4"
"让有关部门","0","4","4"
"提升为太仆","0","4","4"
"为太仆寺卿","0","4","4"
"他为左副都","0","4","4"
"改任户部右","0","4","4"
"疏请求辞职","0","4","4"
"得不到实行","0","4","4"
"为湖广按察","0","4","4"
"司业的事务","0","4","4"
"不久提拔为","0","4","4"
"因为这个原","0","4","4"
"为这个原因","0","4","4"
"皇帝都不接","0","4","4"
"皇上的圣旨","0","4","4"
"这样的事情","0","4","4"
"老成持重的","0","4","4"
"皇帝还是不","0","4","4"
"于是请求辞","0","4","4"
"皇太后驾崩","0","4","4"
"不同的意见","0","4","4"
"考核官吏的","0","4","4"
"月回到朝廷","0","4","4"
"而得以幸免","0","4","4"
"给事中傅魁","0","4","4"
"夺了他的俸","0","4","4"
"了他的俸禄","0","4","4"
"皇帝下诏命","0","4","4"
"疏弹劾魏忠","0","4","4"
"终年六十九","0","4","4"
"追赠为太师","0","4","4"
"除他的职务","0","4","4"
"国家大事的","0","4","4"
"遭受他们的","0","4","4"
"为自己的功","0","4","4"
"请求皇帝将","0","4","4"
"拔为礼部右","0","4","4"
"弹劾方从哲","0","4","4"
"认为这样做","0","4","4"
"向全国颁布","0","4","4"
"求皇帝追究","0","4","4"
"廷弼的儿子","0","4","4"
"十七年春天","0","4","4"
"又被加封为","0","4","4"
"一百六十多","0","4","4"
"提升为左都","0","4","4"
"给事中光懋","0","4","4"
"守要害地带","0","4","4"
"李成梁出塞","0","4","4"
"每年俸禄一","0","4","4"
"听到这消息","0","4","4"
"万骑兵侵犯","0","4","4"
"人请求投降","0","4","4"
"给事中王德","0","4","4"
"又接连上疏","0","4","4"
"御史王之栋","0","4","4"
"皇帝剥夺了","0","4","4"
"帝于是下诏","0","4","4"
"世代荫封锦","0","4","4"
"代荫封锦衣","0","4","4"
"荫封锦衣指","0","4","4"
"封锦衣指挥","0","4","4"
"活捉了他们","0","4","4"
"一千二百多","0","4","4"
"皇帝置之不","0","4","4"
"直捣敌人的","0","4","4"
"斩获首级一","0","4","4"
"全部被平定","0","4","4"
"任刑部郎中","0","4","4"
"违背皇帝旨","0","4","4"
"背皇帝旨意","0","4","4"
"浙江鄞县人","0","4","4"
"有三百六十","0","4","4"
"在吏部任职","0","4","4"
"还没有消灭","0","4","4"
"朝廷听从了","0","4","4"
"百五十多人","0","4","4"
"十多个州县","0","4","4"
"朝廷评定他","0","4","4"
"他的部下都","0","4","4"
"的部下都是","0","4","4"
"朝廷的意见","0","4","4"
"到第二年二","0","4","4"
"受到很大震","0","4","4"
"到很大震动","0","4","4"
"为荣禄大夫","0","4","4"
"总兵邓王己","0","4","4"
"命令他率领","0","4","4"
"贼寇的势力","0","4","4"
"他们的军队","0","4","4"
"等人的军队","0","4","4"
"令他立功赎","0","4","4"
"让他戴罪立","0","4","4"
"很长一段时","0","4","4"
"长一段时间","0","4","4"
"将军的大印","0","4","4"
"派遣他的党","0","4","4"
"人龙的部队","0","4","4"
"罢了他的官","0","4","4"
"的文武大臣","0","4","4"
"庄烈帝于是","0","4","4"
"这时庄烈帝","0","4","4"
"是因为自己","0","4","4"
"一带的贼兵","0","4","4"
"当时是顺治","0","4","4"
"兵已经打下","0","4","4"
"高杰的部队","0","4","4"
"升为总兵官","0","4","4"
"一个儿子入","0","4","4"
"从监狱中放","0","4","4"
"监狱中放出","0","4","4"
"又升为山东","0","4","4"
"大清部队攻","0","4","4"
"大清投降了","0","4","4"
"又把他们打","0","4","4"
"任命他为兵","0","4","4"
"命他为兵部","0","4","4"
"是请求离职","0","4","4"
"破格提拔为","0","4","4"
"管兵部事务","0","4","4"
"朝廷起用他","0","4","4"
"已经占领了","0","4","4"
"连连打败贼","0","4","4"
"大清部队进","0","4","4"
"和以前一样","0","4","4"
"了他的罪行","0","4","4"
"清部队打下","0","4","4"
"永明王驻在","0","4","4"
"一定要得到","0","4","4"
"的诏书回答","0","4","4"
"时大清部队","0","4","4"
"一天到晚在","0","4","4"
"臣之间的大","0","4","4"
"之间的大义","0","4","4"
"崇祯元年起","0","4","4"
"任太仆少卿","0","4","4"
"由左侍郎升","0","4","4"
"升为南京户","0","4","4"
"他改任吏部","0","4","4"
"朝廷给他加","0","4","4"
"廷给他加官","0","4","4"
"为考功郎中","0","4","4"
"庄烈帝恼火","0","4","4"
"给事中章正","0","4","4"
"便宜行事的","0","4","4"
"两次上书请","0","4","4"
"庄烈帝不听","0","4","4"
"关进皇家监","0","4","4"
"触犯魏忠贤","0","4","4"
"户科都给事","0","4","4"
"庄烈帝都采","0","4","4"
"烈帝都采纳","0","4","4"
"科给事中杨","0","4","4"
"都采纳了他","0","4","4"
"我希望陛下","0","4","4"
"为湖广行省","0","4","4"
"请求归家奉","0","4","4"
"求归家奉养","0","4","4"
"的三分之二","0","4","4"
"于是朝廷命","0","4","4"
"囚犯的罪状","0","4","4"
"他捆绑起来","0","4","4"
"向巡按御史","0","4","4"
"升为兵部主","0","4","4"
"为兵部主事","0","4","4"
"享年八十二","0","4","4"
"一千二百余","0","4","4"
"希望陛下能","0","4","4"
"平民百姓的","0","4","4"
"手下的官吏","0","4","4"
"他称病回乡","0","4","4"
"朝廷提拔他","0","4","4"
"他为太仆少","0","4","4"
"当成自己的","0","4","4"
"他改任户部","0","4","4"
"朝廷提升他","0","4","4"
"提升他为右","0","4","4"
"臣交相举荐","0","4","4"
"第二年十一","0","4","4"
"朝廷内外有","0","4","4"
"把他们打跑","0","4","4"
"是身先士卒","0","4","4"
"为他们两个","0","4","4"
"朝廷推荐他","0","4","4"
"知道他们是","0","4","4"
"朝廷赐给他","0","4","4"
"命令朝廷大","0","4","4"
"歼灭了他们","0","4","4"
"才得以返回","0","4","4"
"提升为户部","0","4","4"
"又极力论述","0","4","4"
"下发给大臣","0","4","4"
"帝下诏让朝","0","4","4"
"皇帝没有听","0","4","4"
"帝没有采纳","0","4","4"
"清兵打下了","0","4","4"
"唐王聿钅粤","0","4","4"
"几十个骑兵","0","4","4"
"阁大学士的","0","4","4"
"终还是没有","0","4","4"
"他见机行事","0","4","4"
"又升为郎中","0","4","4"
"改选为庶吉","0","4","4"
"兵一万多人","0","4","4"
"手下的将领","0","4","4"
"侍郎兼学士","0","4","4"
"提拔他做了","0","4","4"
"天启二年提","0","4","4"
"启二年提拔","0","4","4"
"提拔为兵部","0","4","4"
"原先的官职","0","4","4"
"帝嘉奖了他","0","4","4"
"十四年夏天","0","4","4"
"没有过的事","0","4","4"
"不久又升任","0","4","4"
"给他加官为","0","4","4"
"织造的宦官","0","4","4"
"升为山东右","0","4","4"
"父亲的丧事","0","4","4"
"给事中吴时","0","4","4"
"事中吴时来","0","4","4"
"都被投进监","0","4","4"
"徐阶的儿子","0","4","4"
"廉洁能干的","0","4","4"
"俺答的孙子","0","4","4"
"帝都听从了","0","4","4"
"晋升为侍讲","0","4","4"
"祖宗的旧制","0","4","4"
"为慈圣皇太","0","4","4"
"施行宽大政","0","4","4"
"被投入诏狱","0","4","4"
"给事中徐贞","0","4","4"
"他们的家属","0","4","4"
"张居正主持","0","4","4"
"居正的母亲","0","4","4"
"皇帝又命令","0","4","4"
"都答复可以","0","4","4"
"北方少数民","0","4","4"
"衣冠整齐地","0","4","4"
"皇帝下诏恢","0","4","4"
"帝下诏恢复","0","4","4"
"当时朝廷内","0","4","4"
"高拱掌管吏","0","4","4"
"拱掌管吏部","0","4","4"
"任命为吏部","0","4","4"
"封贡的议论","0","4","4"
"请求罢免官","0","4","4"
"求罢免官职","0","4","4"
"高拱被罢免","0","4","4"
"张居正掌权","0","4","4"
"大学士入内","0","4","4"
"学士入内阁","0","4","4"
"受张居正的","0","4","4"
"应他们的请","0","4","4"
"的命令下达","0","4","4"
"担任日讲官","0","4","4"
"的事情弹劾","0","4","4"
"令他的儿子","0","4","4"
"在暖阁召见","0","4","4"
"张居正服丧","0","4","4"
"皇帝下令礼","0","4","4"
"是内阁大臣","0","4","4"
"的事情失败","0","4","4"
"了张居正的","0","4","4"
"当时他已经","0","4","4"
"授职为南京","0","4","4"
"因此给事中","0","4","4"
"给事中杨廷","0","4","4"
"大学士参与","0","4","4"
"学士参与机","0","4","4"
"士参与机要","0","4","4"
"皇帝都采纳","0","4","4"
"朝廷大臣推","0","4","4"
"也不能没有","0","4","4"
"十一年开始","0","4","4"
"给事中辛自","0","4","4"
"事中辛自修","0","4","4"
"奏疏留在宫","0","4","4"
"疏留在宫中","0","4","4"
"宗庙社稷的","0","4","4"
"京城内外的","0","4","4"
"晋升为湖广","0","4","4"
"被提升为山","0","4","4"
"提升为山西","0","4","4"
"升为陕西提","0","4","4"
"为陕西提学","0","4","4"
"因病请求退","0","4","4"
"考取嘉靖三","0","4","4"
"取嘉靖三十","0","4","4"
"他们的提议","0","4","4"
"担任右副都","0","4","4"
"讨伐并平定","0","4","4"
"在文庙祭祀","0","4","4"
"与朝廷大臣","0","4","4"
"重要的事情","0","4","4"
"率领三千人","0","4","4"
"三千人前往","0","4","4"
"他调任南京","0","4","4"
"用为南京工","0","4","4"
"士赵志皋的","0","4","4"
"改任户部职","0","4","4"
"大臣的体统","0","4","4"
"了他们的建","0","4","4"
"奏疏没有下","0","4","4"
"疏没有下发","0","4","4"
"少数民族民","0","4","4"
"数民族民众","0","4","4"
"一百四十余","0","4","4"
"皇帝召见并","0","4","4"
"使他们不能","0","4","4"
"而被治罪的","0","4","4"
"吏部尚书兼","0","4","4"
"三十多万两","0","4","4"
"任户部左侍","0","4","4"
"等人纷纷上","0","4","4"
"于是成为定","0","4","4"
"负责吏部事","0","4","4"
"责吏部事务","0","4","4"
"掌管选拔官","0","4","4"
"任侍讲学士","0","4","4"
"皇帝的批示","0","4","4"
"城之外的官","0","4","4"
"求罢免自己","0","4","4"
"极力驳斥他","0","4","4"
"的名山大川","0","4","4"
"皇帝都没有","0","4","4"
"郭正域请求","0","4","4"
"沈一贯等人","0","4","4"
"巡逻的士兵","0","4","4"
"答应他的请","0","4","4"
"应他的请求","0","4","4"
"从了他的话","0","4","4"
"当时张居正","0","4","4"
"他为礼部右","0","4","4"
"晋升礼部右","0","4","4"
"是天下的根","0","4","4"
"的诸位大臣","0","4","4"
"被任命为礼","0","4","4"
"实际上也是","0","4","4"
"晋升为山西","0","4","4"
"命为兵部右","0","4","4"
"升右都御史","0","4","4"
"张居正专权","0","4","4"
"十四年秋天","0","4","4"
"保定的军务","0","4","4"
"被任命为兵","0","4","4"
"追赠谥号恭","0","4","4"
"授职为刑部","0","4","4"
"职为刑部主","0","4","4"
"升任按察使","0","4","4"
"千四百多人","0","4","4"
"不恰当的地","0","4","4"
"恰当的地方","0","4","4"
"犯法作乱的","0","4","4"
"法作乱的人","0","4","4"
"力陈述它的","0","4","4"
"部尚书空缺","0","4","4"
"不久晋升为","0","4","4"
"没有别的意","0","4","4"
"有别的意思","0","4","4"
"京官的考核","0","4","4"
"侍郎赵用贤","0","4","4"
"任顺天府尹","0","4","4"
"给事中钱梦","0","4","4"
"了三分之一","0","4","4"
"皇帝下诏允","0","4","4"
"帝下诏允许","0","4","4"
"朝廷大臣请","0","4","4"
"廷大臣请求","0","4","4"
"士的身份入","0","4","4"
"朝廷的议论","0","4","4"
"申时行奏请","0","4","4"
"不出任官职","0","4","4"
"他的儿子王","0","4","4"
"为自己的儿","0","4","4"
"廷议论纷纷","0","4","4"
"二百多年的","0","4","4"
"十年后去世","0","4","4"
"多次迁官后","0","4","4"
"补充内阁大","0","4","4"
"于是将他们","0","4","4"
"像原来一样","0","4","4"
"贵妃为皇太","0","4","4"
"住在乾清宫","0","4","4"
"四川的军队","0","4","4"
"王前往藩地","0","4","4"
"知道他们的","0","4","4"
"任侍读学士","0","4","4"
"最重要的事","0","4","4"
"充任日讲官","0","4","4"
"立东宫太子","0","4","4"
"当时士大夫","0","4","4"
"当权宦官的","0","4","4"
"升为左庶子","0","4","4"
"对国家有利","0","4","4"
"马文升请求","0","4","4"
"年六月去世","0","4","4"
"疏通贾鲁河","0","4","4"
"疏通孙家渡","0","4","4"
"擒获其首领","0","4","4"
"求皇帝命令","0","4","4"
"终年七十六","0","4","4"
"年三月去世","0","4","4"
"终年七十一","0","4","4"
"军长驱直入","0","4","4"
"一百六十万","0","4","4"
"的祭祀典礼","0","4","4"
"过继给人做","0","4","4"
"奏议递上后","0","4","4"
"成这个样子","0","4","4"
"是人家的儿","0","4","4"
"人家的儿子","0","4","4"
"魏明帝的诏","0","4","4"
"明帝的诏书","0","4","4"
"抗言上书极","0","4","4"
"言上书极力","0","4","4"
"世宗不高兴","0","4","4"
"内阁大臣商","0","4","4"
"荫封子孙为","0","4","4"
"兴献王的尊","0","4","4"
"献王的尊号","0","4","4"
"在奉先殿一","0","4","4"
"派遣官员拿","0","4","4"
"遣官员拿着","0","4","4"
"朝廷里的大","0","4","4"
"廷里的大臣","0","4","4"
"里的大臣们","0","4","4"
"称为皇伯考","0","4","4"
"不再追究了","0","4","4"
"当时是嘉靖","0","4","4"
"大家的意见","0","4","4"
"不久他升为","0","4","4"
"自己的父亲","0","4","4"
"关于大礼的","0","4","4"
"品以下的官","0","4","4"
"掌管南京翰","0","4","4"
"管南京翰林","0","4","4"
"继承王位的","0","4","4"
"左顺门跪地","0","4","4"
"李福达一案","0","4","4"
"论大礼一事","0","4","4"
"到国子监学","0","4","4"
"纷纷上奏章","0","4","4"
"向朝廷提出","0","4","4"
"皇太后的命","0","4","4"
"尚书的名义","0","4","4"
"臣们的意见","0","4","4"
"坚持原来的","0","4","4"
"调任南京吏","0","4","4"
"在武宗面前","0","4","4"
"的人大多被","0","4","4"
"各有一定的","0","4","4"
"攻击杨廷和","0","4","4"
"四月二十五","0","4","4"
"兄长的儿子","0","4","4"
"当作自己的","0","4","4"
"此事才作罢","0","4","4"
"燕王起兵后","0","4","4"
"与城共存亡","0","4","4"
"惠帝即位后","0","4","4"
"原吉和蹇义","0","4","4"
"终年七十三","0","4","4"
"做他的副手","0","4","4"
"耕牛和种子","0","4","4"
"以供给边防","0","4","4"
"到榆木川时","0","4","4"
"对左右的人","0","4","4"
"为尚宝司丞","0","4","4"
"京太常寺少","0","4","4"
"叫他的名字","0","4","4"
"知道这件事","0","4","4"
"前来归附太","0","4","4"
"而被提升为","0","4","4"
"随太祖渡江","0","4","4"
"出身于行伍","0","4","4"
"立他为太子","0","4","4"
"累升至都指","0","4","4"
"独自骑马逃","0","4","4"
"商人输运粮","0","4","4"
"人输运粮食","0","4","4"
"他升为右都","0","4","4"
"入京朝见皇","0","4","4"
"被授予监察","0","4","4"
"授予监察御","0","4","4"
"予监察御史","0","4","4"
"士奇回答说","0","4","4"
"兼任太子少","0","4","4"
"进升为礼部","0","4","4"
"升为兵部侍","0","4","4"
"第二年随从","0","4","4"
"支给二职俸","0","4","4"
"给二职俸禄","0","4","4"
"李景隆代替","0","4","4"
"代替耿炳文","0","4","4"
"平安从真定","0","4","4"
"这次战役中","0","4","4"
"第二天再战","0","4","4"
"尘遮蔽天空","0","4","4"
"常遇春攻下","0","4","4"
"爱惜他的才","0","4","4"
"之地全部平","0","4","4"
"为左军都督","0","4","4"
"皇上称赞他","0","4","4"
"他称病回家","0","4","4"
"结果他们都","0","4","4"
"为陕西按察","0","4","4"
"任山东参政","0","4","4"
"不能超过十","0","4","4"
"拖欠的租税","0","4","4"
"的随从人员","0","4","4"
"济河南饥荒","0","4","4"
"升为南京大","0","4","4"
"让他们知道","0","4","4"
"兼华盖殿大","0","4","4"
"充任总裁官","0","4","4"
"陈氏的后代","0","4","4"
"人民的生命","0","4","4"
"终年八十岁","0","4","4"
"随从皇上出","0","4","4"
"从皇上出塞","0","4","4"
"听从他的建","0","4","4"
"从他的建议","0","4","4"
"升为太子少","0","4","4"
"维护国家的","0","4","4"
"终年七十五","0","4","4"
"封为右副都","0","4","4"
"任兵部左侍","0","4","4"
"恢复其官职","0","4","4"
"上疏为自己","0","4","4"
"疏为自己辩","0","4","4"
"被巡按御史","0","4","4"
"奏章下到兵","0","4","4"
"章下到兵部","0","4","4"
"就在这个时","0","4","4"
"请求皇帝封","0","4","4"
"伊王典木英","0","4","4"
"由于给事中","0","4","4"
"御史的官职","0","4","4"
"被拘囚入狱","0","4","4"
"被罢官为民","0","4","4"
"派使者前往","0","4","4"
"在西华门内","0","4","4"
"向皇帝上书","0","4","4"
"将军队分为","0","4","4"
"的私人信件","0","4","4"
"王时中等人","0","4","4"
"廷内外都知","0","4","4"
"内外都知道","0","4","4"
"足以失去人","0","4","4"
"以失去人心","0","4","4"
"失去人心而","0","4","4"
"去人心而导","0","4","4"
"人心而导致","0","4","4"
"心而导致危","0","4","4"
"而导致危乱","0","4","4"
"导致危乱发","0","4","4"
"致危乱发生","0","4","4"
"狱进行拷打","0","4","4"
"而受到谴责","0","4","4"
"有什么比这","0","4","4"
"弹劾严嵩的","0","4","4"
"采纳他的话","0","4","4"
"提升为礼科","0","4","4"
"求朝廷给予","0","4","4"
"在朝廷杖打","0","4","4"
"严嵩的党徒","0","4","4"
"不说一句话","0","4","4"
"是贼臣严嵩","0","4","4"
"贼臣严嵩的","0","4","4"
"皇帝的意图","0","4","4"
"有势的人家","0","4","4"
"二千五百多","0","4","4"
"士大夫之家","0","4","4"
"他们的要求","0","4","4"
"敌人的巢穴","0","4","4"
"为兵部郎中","0","4","4"
"总督王忄予","0","4","4"
"晋升为都指","0","4","4"
"被提升为署","0","4","4"
"享年七十五","0","4","4"
"斩敌人首级","0","4","4"
"都取得了胜","0","4","4"
"取得了胜利","0","4","4"
"率领五百人","0","4","4"
"不听从他的","0","4","4"
"们的妻子儿","0","4","4"
"写亦虎仙的","0","4","4"
"桂萼等人的","0","4","4"
"都听从他的","0","4","4"
"这一年七月","0","4","4"
"遇到紧急情","0","4","4"
"到紧急情况","0","4","4"
"帝听从他的","0","4","4"
"令从今以后","0","4","4"
"根据实际情","0","4","4"
"一百四十里","0","4","4"
"收复河套的","0","4","4"
"一劳永逸的","0","4","4"
"被逮捕问罪","0","4","4"
"没有不知道","0","4","4"
"有不知道的","0","4","4"
"十月十一日","0","4","4"
"京师解除戒","0","4","4"
"师解除戒严","0","4","4"
"帝下诏书让","0","4","4"
"穆宗即位后","0","4","4"
"他的儿子也","0","4","4"
"到这种情况","0","4","4"
"王宸濠造反","0","4","4"
"超过一个月","0","4","4"
"世宗登上皇","0","4","4"
"被判处死刑","0","4","4"
"没收他们的","0","4","4"
"李福达的官","0","4","4"
"福达的官司","0","4","4"
"杨廷和等人","0","4","4"
"不可以说是","0","4","4"
"不是因为仇","0","4","4"
"因为仇恨了","0","4","4"
"给事中孙应","0","4","4"
"皇后的礼仪","0","4","4"
"牌位安放在","0","4","4"
"皇上的命令","0","4","4"
"为浙江行省","0","4","4"
"年食禄一千","0","4","4"
"张士诚的军","0","4","4"
"士诚的军队","0","4","4"
"军征讨中原","0","4","4"
"得以全部平","0","4","4"
"以全部平定","0","4","4"
"任大都督府","0","4","4"
"军的身份跟","0","4","4"
"食禄五百石","0","4","4"
"大风扬起沙","0","4","4"
"风扬起沙尘","0","4","4"
"任命为指挥","0","4","4"
"授予都督佥","0","4","4"
"予都督佥事","0","4","4"
"升为龙骧卫","0","4","4"
"俞通海等人","0","4","4"
"廖永安等人","0","4","4"
"晋升为枢密","0","4","4"
"胡惟庸党案","0","4","4"
"党案株连而","0","4","4"
"案株连而死","0","4","4"
"晋升为总管","0","4","4"
"担任都先锋","0","4","4"
"升为统军元","0","4","4"
"为统军元帅","0","4","4"
"是张士诚的","0","4","4"
"从大军攻克","0","4","4"
"从大军攻取","0","4","4"
"年食禄九百","0","4","4"
"第二年跟从","0","4","4"
"死于官任上","0","4","4"
"因提建议而","0","4","4"
"先王的制度","0","4","4"
"有什么可以","0","4","4"
"方面的书籍","0","4","4"
"知道自己的","0","4","4"
"难以成功的","0","4","4"
"被抓进监狱","0","4","4"
"有个儿子叫","0","4","4"
"为翰林修撰","0","4","4"
"与太子相同","0","4","4"
"从傅友德平","0","4","4"
"为中军都督","0","4","4"
"死的不计其","0","4","4"
"归附了太祖","0","4","4"
"晋升为万户","0","4","4"
"打败了陈友","0","4","4"
"任指挥同知","0","4","4"
"民安居乐业","0","4","4"
"亲自作文祭","0","4","4"
"的关键在于","0","4","4"
"太祖下诏命","0","4","4"
"向他询问政","0","4","4"
"他询问政事","0","4","4"
"于是派遣使","0","4","4"
"派遣使臣前","0","4","4"
"遣使臣前去","0","4","4"
"晋升为按察","0","4","4"
"命为兵部尚","0","4","4"
"元至正初年","0","4","4"
"跟随总兵官","0","4","4"
"屡次上奏朝","0","4","4"
"次上奏朝廷","0","4","4"
"已辞官在家","0","4","4"
"自己的罪行","0","4","4"
"的儿子杨朝","0","4","4"
"儿子杨朝栋","0","4","4"
"所管辖的地","0","4","4"
"诏书奖励他","0","4","4"
"皇帝命令将","0","4","4"
"请求朝廷一","0","4","4"
"向朝廷奏报","0","4","4"
"以前的仇恨","0","4","4"
"阎宗传等人","0","4","4"
"等人的罪行","0","4","4"
"巡抚徐可求","0","4","4"
"势力越来越","0","4","4"
"绝了他们的","0","4","4"
"年他们又来","0","4","4"
"使者来献贡","0","4","4"
"朝廷又命令","0","4","4"
"明成祖即皇","0","4","4"
"即皇帝位时","0","4","4"
"敕令有关官","0","4","4"
"朝廷祝贺册","0","4","4"
"廷祝贺册立","0","4","4"
"朝廷派宦官","0","4","4"
"赐谥号为恭","0","4","4"
"皇帝的敕令","0","4","4"
"向朝廷献上","0","4","4"
"派使臣前来","0","4","4"
"间勘合的金","0","4","4"
"守卫大臣将","0","4","4"
"大臣将此上","0","4","4"
"三司的官员","0","4","4"
"不得超过一","0","4","4"
"占十分之三","0","4","4"
"此情况上报","0","4","4"
"廷给他们颁","0","4","4"
"答应与他们","0","4","4"
"与他们通贡","0","4","4"
"官员前去招","0","4","4"
"第二年琉球","0","4","4"
"派使臣向明","0","4","4"
"使臣向明朝","0","4","4"
"臣向明朝廷","0","4","4"
"中山王的使","0","4","4"
"山王的使者","0","4","4"
"进国子监学","0","4","4"
"派寨官的儿","0","4","4"
"又派使者到","0","4","4"
"请求皇帝赐","0","4","4"
"皇帝命令礼","0","4","4"
"帝命令礼部","0","4","4"
"了他的要求","0","4","4"
"去世的消息","0","4","4"
"朝廷派给事","0","4","4"
"廷派给事中","0","4","4"
"一年献一次","0","4","4"
"陪臣的儿子","0","4","4"
"琉球的献贡","0","4","4"
"球的献贡使","0","4","4"
"接纳他们的","0","4","4"
"请求继承王","0","4","4"
"求继承王位","0","4","4"
"求朝廷派官","0","4","4"
"求朝廷派遣","0","4","4"
"事上报给朝","0","4","4"
"朝廷派官前","0","4","4"
"廷派官前去","0","4","4"
"向明朝廷投","0","4","4"
"明朝廷投诚","0","4","4"
"使者来京城","0","4","4"
"他为忠顺王","0","4","4"
"马表示谢恩","0","4","4"
"脱欢帖木儿","0","4","4"
"是忠顺王的","0","4","4"
"来京城向朝","0","4","4"
"城向朝廷献","0","4","4"
"攻破哈密城","0","4","4"
"哈密的城池","0","4","4"
"哈密城的官","0","4","4"
"密城的官印","0","4","4"
"又派使者前","0","4","4"
"礼部大臣请","0","4","4"
"土鲁番使臣","0","4","4"
"写亦虎仙被","0","4","4"
"允许他们向","0","4","4"
"许他们向朝","0","4","4"
"地区的祸患","0","4","4"
"交还给他们","0","4","4"
"回到自己的","0","4","4"
"交给朝廷大","0","4","4"
"把他们遣送","0","4","4"
"他们遣送回","0","4","4"
"提升为右都","0","4","4"
"来献贡的使","0","4","4"
"赤斤二个卫","0","4","4"
"斤二个卫所","0","4","4"
"廷献贡的使","0","4","4"
"命朝廷大臣","0","4","4"
"上奏朝廷说","0","4","4"
"所侵占的土","0","4","4"
"如果他们不","0","4","4"
"卫的监狱里","0","4","4"
"领自己的部","0","4","4"
"自己的部下","0","4","4"
"朝廷的成命","0","4","4"
"是很明白的","0","4","4"
"徐达为大将","0","4","4"
"达为大将军","0","4","4"
"守卫的将领","0","4","4"
"失败后逃走","0","4","4"
"遣使者前往","0","4","4"
"征讨乃儿不","0","4","4"
"讨乃儿不花","0","4","4"
"郭英为副将","0","4","4"
"并命令有关","0","4","4"
"与他们通好","0","4","4"
"了本雅失里","0","4","4"
"的使者回去","0","4","4"
"瓦剌部落的","0","4","4"
"为副总兵官","0","4","4"
"鞑靼各部落","0","4","4"
"有能力的人","0","4","4"
"人口和牲畜","0","4","4"
"在贺兰山后","0","4","4"
"击并打败了","0","4","4"
"斩杀敌人的","0","4","4"
"了一年的春","0","4","4"
"俘虏了不少","0","4","4"
"了不少敌人","0","4","4"
"次进犯辽东","0","4","4"
"以兵部侍郎","0","4","4"
"让有关官员","0","4","4"
"皇帝的车驾","0","4","4"
"脱脱不花和","0","4","4"
"给他们提供","0","4","4"
"封疆大吏的","0","4","4"
"我们的军队","0","4","4"
"押送到京城","0","4","4"
"夺取了他的","0","4","4"
"廷进献土产","0","4","4"
"朝廷派遣宦","0","4","4"
"廷派遣宦官","0","4","4"
"发的儿子思","0","4","4"
"事上奏朝廷","0","4","4"
"的儿子莽应","0","4","4"
"儿子莽应里","0","4","4"
"赏赐白金和","0","4","4"
"朝廷的忠心","0","4","4"
"上奏给朝廷","0","4","4"
"隶属于木邦","0","4","4"
"是派遣官员","0","4","4"
"思陆发的军","0","4","4"
"陆发的军队","0","4","4"
"条可讨伐的","0","4","4"
"可讨伐的罪","0","4","4"
"讨伐的罪状","0","4","4"
"大象和土产","0","4","4"
"以表示谢罪","0","4","4"
"年朝贡一次","0","4","4"
"所生的儿子","0","4","4"
"袭宣慰使的","0","4","4"
"廷进献贡马","0","4","4"
"国王陈日火","0","4","4"
"王陈日火奎","0","4","4"
"他的弟弟陈","0","4","4"
"令礼部尚书","0","4","4"
"任左副将军","0","4","4"
"私封谥号为","0","4","4"
"像往常一样","0","4","4"
"明朝廷册封","0","4","4"
"和朝廷大臣","0","4","4"
"陈大科等人","0","4","4"
"率领他的下","0","4","4"
"领他的下属","0","4","4"
"他的儿子辛","0","4","4"
"派遣官员到","0","4","4"
"皇帝给他赐","0","4","4"
"赐封谥号为","0","4","4"
"不要给他们","0","4","4"
"明朝廷封李","0","4","4"
"十五年冬季","0","4","4"
"一如既往地","0","4","4"
"人意见不合","0","4","4"
"尊奉朱由榔","0","4","4"
"世宗不答应","0","4","4"
"实际上是由","0","4","4"
"陛下之所以","0","4","4"
"满朝大臣都","0","4","4"
"但最终还是","0","4","4"
"考中弘治十","0","4","4"
"世宗赐给他","0","4","4"
"户部尚书兼","0","4","4"
"撰写宫体诗","0","4","4"
"写宫体诗词","0","4","4"
"喜欢王守仁","0","4","4"
"欢王守仁的","0","4","4"
"升任南京刑","0","4","4"
"年三十六岁","0","4","4"
"宁王宸濠谋","0","4","4"
"王宸濠谋反","0","4","4"
"被剥夺了官","0","4","4"
"剥夺了官职","0","4","4"
"南京做官时","0","4","4"
"终年五十四","0","4","4"
"任江西提学","0","4","4"
"修建防护墙","0","4","4"
"又上书请求","0","4","4"
"后来又升为","0","4","4"
"有德行的人","0","4","4"
"分别祭祀天","0","4","4"
"率军前往征","0","4","4"
"都知道他的","0","4","4"
"英宗被俘后","0","4","4"
"也先逼近京","0","4","4"
"下诏命有关","0","4","4"
"他为右都督","0","4","4"
"于圣贤之学","0","4","4"
"在朝廷做官","0","4","4"
"大概是因为","0","4","4"
"正直的名声","0","4","4"
"因此进升为","0","4","4"
"都督同知的","0","4","4"
"又被提升为","0","4","4"
"贼寇被平定","0","4","4"
"招募敢死队","0","4","4"
"任都指挥使","0","4","4"
"在朝阳门外","0","4","4"
"得咬牙切齿","0","4","4"
"朝廷下诏书","0","4","4"
"到如此地步","0","4","4"
"六月二十六","0","4","4"
"是进升为都","0","4","4"
"占据险要地","0","4","4"
"管都察院事","0","4","4"
"了他的儿子","0","4","4"
"他升为尚书","0","4","4"
"人还不知道","0","4","4"
"任他为吏部","0","4","4"
"革除这些弊","0","4","4"
"黄道和赤道","0","4","4"
"现在只有二","0","4","4"
"现在有三颗","0","4","4"
"现在有五颗","0","4","4"
"下来的制度","0","4","4"
"进献给朝廷","0","4","4"
"天体的运行","0","4","4"
"立四丈高的","0","4","4"
"的太阳高度","0","4","4"
"危宿的分野","0","4","4"
"毕宿的分野","0","4","4"
"自己的位置","0","4","4"
"交给主婚人","0","4","4"
"前面所述的","0","4","4"
"交给司礼监","0","4","4"
"同先前的礼","0","4","4"
"捧着册书和","0","4","4"
"执事者举着","0","4","4"
"退后站立在","0","4","4"
"宾客的人出","0","4","4"
"客的人出来","0","4","4"
"到使者面前","0","4","4"
"宾客的人进","0","4","4"
"客的人进入","0","4","4"
"的人进入报","0","4","4"
"人进入报告","0","4","4"
"皇帝戴通天","0","4","4"
"帝戴通天冠","0","4","4"
"引进官引导","0","4","4"
"皇太子跪下","0","4","4"
"引导到皇帝","0","4","4"
"束宫太子属","0","4","4"
"宫太子属官","0","4","4"
"从西阶升登","0","4","4"
"皇太子接受","0","4","4"
"中宫皇后的","0","4","4"
"到皇后面前","0","4","4"
"洪武时期的","0","4","4"
"前行四拜礼","0","4","4"
"部官员捧着","0","4","4"
"园子监读书","0","4","4"
"面向北跪下","0","4","4"
"东西依次站","0","4","4"
"西依次站立","0","4","4"
"行一拜三叩","0","4","4"
"亲自率军征","0","4","4"
"从西面台阶","0","4","4"
"到达午门外","0","4","4"
"举行三献礼","0","4","4"
"平常的仪节","0","4","4"
"郎举起指挥","0","4","4"
"行舞蹈山呼","0","4","4"
"舞蹈山呼礼","0","4","4"
"从殿中门出","0","4","4"
"皇帝车驾到","0","4","4"
"官员的子弟","0","4","4"
"形盛算筹的","0","4","4"
"盛算筹的器","0","4","4"
"算筹的器具","0","4","4"
"一品到五品","0","4","4"
"六品到九品","0","4","4"
"品到九品官","0","4","4"
"朔日和望日","0","4","4"
"停止一百天","0","4","4"
"神位牌返回","0","4","4"
"举行列班进","0","4","4"
"行列班进名","0","4","4"
"进名奉慰礼","0","4","4"
"服小功五个","0","4","4"
"小功五个月","0","4","4"
"官穿浅淡色","0","4","4"
"服祭告灵座","0","4","4"
"皇帝以及皇","0","4","4"
"太皇太后死","0","4","4"
"服一年的丧","0","4","4"
"帝穿戴衮冕","0","4","4"
"定着为法令","0","4","4"
"百官穿浅色","0","4","4"
"官穿浅色衣","0","4","4"
"停止上朝五","0","4","4"
"止上朝五天","0","4","4"
"题写神位牌","0","4","4"
"皇帝穿浅淡","0","4","4"
"在奉天门处","0","4","4"
"号哭竭尽哀","0","4","4"
"皇帝服衰服","0","4","4"
"齐衰一周年","0","4","4"
"每年的一定","0","4","4"
"内官举行祭","0","4","4"
"临西角门处","0","4","4"
"号哭哀悼的","0","4","4"
"翰林院撰写","0","4","4"
"与亲王相同","0","4","4"
"士宋濂等人","0","4","4"
"王以及王妃","0","4","4"
"官举行祭祀","0","4","4"
"洪武三十一","0","4","4"
"武三十一年","0","4","4"
"在思善门外","0","4","4"
"太子拜四拜","0","4","4"
"次还祭于殡","0","4","4"
"还祭于殡宫","0","4","4"
"祭于殡宫的","0","4","4"
"于殡宫的虞","0","4","4"
"殡宫的虞祭","0","4","4"
"宫的虞祭礼","0","4","4"
"举行第二次","0","4","4"
"请神位牌下","0","4","4"
"四时祭祀的","0","4","4"
"在午门外设","0","4","4"
"供奉安放神","0","4","4"
"奉安放神位","0","4","4"
"前代历史多","0","4","4"
"代历史多把","0","4","4"
"现在照此处","0","4","4"
"在照此处理","0","4","4"
"二月壬申日","0","4","4"
"二月甲午日","0","4","4"
"二月戊寅日","0","4","4"
"四月壬午日","0","4","4"
"城发生火灾","0","4","4"
"二月己巳日","0","4","4"
"局发生火灾","0","4","4"
"仓库发生火","0","4","4"
"二月戊辰日","0","4","4"
"二月辛亥日","0","4","4"
"昌发生火灾","0","4","4"
"房发生火灾","0","4","4"
"五月戊子日","0","4","4"
"中发生火灾","0","4","4"
"二月乙卯日","0","4","4"
"八月庚辰日","0","4","4"
"四月乙巳日","0","4","4"
"二月壬子日","0","4","4"
"二月己酉日","0","4","4"
"昭和殿发生","0","4","4"
"和殿发生火","0","4","4"
"军人和平民","0","4","4"
"四月丁酉日","0","4","4"
"五月癸亥日","0","4","4"
"便失去了它","0","4","4"
"失去了它的","0","4","4"
"水伤害庄稼","0","4","4"
"长久降雨伤","0","4","4"
"久降雨伤害","0","4","4"
"降雨伤害庄","0","4","4"
"一万四千多","0","4","4"
"树木凝冰如","0","4","4"
"木凝冰如甲","0","4","4"
"署主管供给","0","4","4"
"它的形状为","0","4","4"
"十万石以下","0","4","4"
"万石以下马","0","4","4"
"交趾布政司","0","4","4"
"钞法不流通","0","4","4"
"的三分之一","0","4","4"
"文当银一分","0","4","4"
"询问大学士","0","4","4"
"为人民的祸","0","4","4"
"由主管官吏","0","4","4"
"听从给事中","0","4","4"
"又派遣御史","0","4","4"
"为固定的制","0","4","4"
"交纳的粮食","0","4","4"
"等分别巡行","0","4","4"
"天下的田地","0","4","4"
"没收入官的","0","4","4"
"姓遭受水灾","0","4","4"
"调集民工十","0","4","4"
"涡河流入淮","0","4","4"
"依从他的请","0","4","4"
"汇合于黄河","0","4","4"
"作为长久之","0","4","4"
"为长久之计","0","4","4"
"分为二支流","0","4","4"
"堤于黄陵冈","0","4","4"
"出于飞云桥","0","4","4"
"有比这更大","0","4","4"
"造就是所说","0","4","4"
"水流入黄河","0","4","4"
"没有汇合之","0","4","4"
"一天天壅塞","0","4","4"
"与淮水汇合","0","4","4"
"有一定的数","0","4","4"
"仿照古代的","0","4","4"
"同意他的奏","0","4","4"
"庄烈皇帝即","0","4","4"
"烈皇帝即位","0","4","4"
"那一天作为","0","4","4"
"一天作为开","0","4","4"
"天作为开始","0","4","4"
"戍守的军队","0","4","4"
"万四千余石","0","4","4"
"一万八千余","0","4","4"
"开初的制度","0","4","4"
"纳入太仓余","0","4","4"
"入太仓余盐","0","4","4"
"太仓余盐银","0","4","4"
"取得正式军","0","4","4"
"得正式军籍","0","4","4"
"招来商人输","0","4","4"
"验对的符契","0","4","4"
"来商人交纳","0","4","4"
"比这更严重","0","4","4"
"输纳粮食换","0","4","4"
"令商人交纳","0","4","4"
"派遣驸马都","0","4","4"
"每石每年征","0","4","4"
"石每年征平","0","4","4"
"每年征平米","0","4","4"
"一天天加重","0","4","4"
"尺之内分不","0","4","4"
"之内分不清","0","4","4"
"内分不清人","0","4","4"
"二月壬寅日","0","4","4"
"府大降冰雹","0","4","4"
"九月壬戌日","0","4","4"
"五月甲午日","0","4","4"
"六月丁卯日","0","4","4"
"祭祀历代帝","0","4","4"
"五月戊戌日","0","4","4"
"山束发生旱","0","4","4"
"民之妇生下","0","4","4"
"之妇生下一","0","4","4"
"因传染病而","0","4","4"
"传染病而死","0","4","4"
"束发生大水","0","4","4"
"府都遭受水","0","4","4"
"二月戊戌日","0","4","4"
"水突然上涨","0","4","4"
"黄河在邳州","0","4","4"
"横豆于天空","0","4","4"
"旗一面放在","0","4","4"
"殿红色台阶","0","4","4"
"旗用穿青色","0","4","4"
"岳旗下者为","0","4","4"
"绛引旖二面","0","4","4"
"金香炉一个","0","4","4"
"青方伞二柄","0","4","4"
"天子乘坐的","0","4","4"
"宽二尺四寸","0","4","4"
"有用金粉描","0","4","4"
"涂有金粉的","0","4","4"
"是黄黑色的","0","4","4"
"红色帘子十","0","4","4"
"辖顶加上圆","0","4","4"
"线圆形丝带","0","4","4"
"的丝织品覆","0","4","4"
"丝织品覆盖","0","4","4"
"有五彩云龙","0","4","4"
"丝织品三层","0","4","4"
"有镀金的铜","0","4","4"
"用抹金铜质","0","4","4"
"二尺四寸有","0","4","4"
"上圆盘高二","0","4","4"
"二尺二寸有","0","4","4"
"与马辇相同","0","4","4"
"二尺五寸有","0","4","4"
"皇后乘坐的","0","4","4"
"花纹的叶片","0","4","4"
"纹的叶片装","0","4","4"
"的叶片装钉","0","4","4"
"圆形丝带四","0","4","4"
"彩云的图案","0","4","4"
"丝织品做成","0","4","4"
"京官三品以","0","4","4"
"年龄在二十","0","4","4"
"十岁以下的","0","4","4"
"京官和地方","0","4","4"
"官和地方官","0","4","4"
"取决于皇上","0","4","4"
"罩巾貂蝉冠","0","4","4"
"青色的丝织","0","4","4"
"佩饰用药玉","0","4","4"
"朝见皇帝时","0","4","4"
"黑色的角质","0","4","4"
"入品级的其","0","4","4"
"正月初一朝","0","4","4"
"与朝服相同","0","4","4"
"花纹的衣服","0","4","4"
"不入品级的","0","4","4"
"有花纹的银","0","4","4"
"嵌金色线的","0","4","4"
"珍珠野鸡装","0","4","4"
"珠野鸡装饰","0","4","4"
"翡翠云片二","0","4","4"
"翠云片二十","0","4","4"
"云片二十四","0","4","4"
"片二十四片","0","4","4"
"质宝钿花八","0","4","4"
"宝钿花八朵","0","4","4"
"着珍珠结两","0","4","4"
"珍珠结两个","0","4","4"
"料装饰的带","0","4","4"
"穿的日常服","0","4","4"
"三年规定制","0","4","4"
"衣服的式样","0","4","4"
"红色生绢衬","0","4","4"
"白色厚底的","0","4","4"
"色绫罗色彩","0","4","4"
"系冠的带子","0","4","4"
"色绫罗大袖","0","4","4"
"色嵌金线的","0","4","4"
"有彩色花纹","0","4","4"
"祭祀先师孔","0","4","4"
"蔽膝随同下","0","4","4"
"膝随同下裳","0","4","4"
"浅绛色质地","0","4","4"
"都编织而成","0","4","4"
"张璁回答说","0","4","4"
"下裳四种图","0","4","4"
"裳四种图纹","0","4","4"
"穿戴皮弁服","0","4","4"
"珍珠翡翠云","0","4","4"
"红色衣领袖","0","4","4"
"同祭祀天地","0","4","4"
"礼冠服饰内","0","4","4"
"祇是礼冠用","0","4","4"
"李善长等人","0","4","4"
"送入国子监","0","4","4"
"入国子监的","0","4","4"
"年选贡一人","0","4","4"
"礼部上奏请","0","4","4"
"五品以上的","0","4","4"
"科举考试的","0","4","4"
"听从礼部尚","0","4","4"
"从礼部尚书","0","4","4"
"坚持认为不","0","4","4"
"人进士及第","0","4","4"
"皇帝就命令","0","4","4"
"用浑金沥粉","0","4","4"
"蟠云花图案","0","4","4"
"不准用朱红","0","4","4"
"年春二月二","0","4","4"
"春二月二十","0","4","4"
"归附张士诚","0","4","4"
"三月二十六","0","4","4"
"夏四月初四","0","4","4"
"冬十月十四","0","4","4"
"常遇春为副","0","4","4"
"遇春为副将","0","4","4"
"春为副将军","0","4","4"
"冬十月初一","0","4","4"
"讨伐方国珍","0","4","4"
"从北京出发","0","4","4"
"闰二月二十","0","4","4"
"梁王把匝剌","0","4","4"
"王把匝剌瓦","0","4","4"
"审查囚犯罪","0","4","4"
"查囚犯罪状","0","4","4"
"免除京畿内","0","4","4"
"暹罗前来朝","0","4","4"
"罗前来朝贡","0","4","4"
"六月二十日","0","4","4"
"安南前来朝","0","4","4"
"南前来朝贡","0","4","4"
"傅友德为征","0","4","4"
"正月十六日","0","4","4"
"八月二十日","0","4","4"
"耕种耒昔田","0","4","4"
"十月二十一","0","4","4"
"之地的田租","0","4","4"
"十二月五日","0","4","4"
"十二月十八","0","4","4"
"八年正月十","0","4","4"
"官谨慎用刑","0","4","4"
"入文渊阁供","0","4","4"
"文渊阁供职","0","4","4"
"为镇朔大将","0","4","4"
"殊死以下罪","0","4","4"
"死以下罪行","0","4","4"
"四月二十一","0","4","4"
"法官审查囚","0","4","4"
"官审查囚犯","0","4","4"
"下诏施行宽","0","4","4"
"西欠交赋税","0","4","4"
"官在文华殿","0","4","4"
"死于乾清宫","0","4","4"
"十一月十四","0","4","4"
"一月十四日","0","4","4"
"任征南将军","0","4","4"
"在圜丘祭天","0","4","4"
"十月十七日","0","4","4"
"冬十月二十","0","4","4"
"十一月十八","0","4","4"
"一月十八日","0","4","4"
"田租的一半","0","4","4"
"一月二十一","0","4","4"
"三月二十五","0","4","4"
"六月十一日","0","4","4"
"九月二十一","0","4","4"
"五月二十六","0","4","4"
"夏四月十五","0","4","4"
"秋七月初四","0","4","4"
"百官修身反","0","4","4"
"黄河在徐州","0","4","4"
"朱翊钧诏谕","0","4","4"
"尚书兼任东","0","4","4"
"书兼任东阁","0","4","4"
"鲁番前来朝","0","4","4"
"番前来朝贡","0","4","4"
"朱翊钧下诏","0","4","4"
"一月二十六","0","4","4"
"朱翊钧到天","0","4","4"
"翊钧到天寿","0","4","4"
"钧到天寿山","0","4","4"
"恭让章皇后","0","4","4"
"冬十月十五","0","4","4"
"九月十三日","0","4","4"
"朝廷分别给","0","4","4"
"年春三月初","0","4","4"
"灾地区的田","0","4","4"
"赈济畿内饥","0","4","4"
"济畿内饥荒","0","4","4"
"九月十九日","0","4","4"
"六月十三日","0","4","4"
"东盗贼大起","0","4","4"
"四月二十日","0","4","4"
"元年正月十","0","4","4"
"打败张献忠","0","4","4"
"士及第及不","0","4","4"
"及第及不同","0","4","4"
"六月初一日","0","4","4"
"没得到允许","0","4","4"
"一月二十八","0","4","4"
"张氏为皇后","0","4","4"
"投下镇抚司","0","4","4"
"四年正月一","0","4","4"
"赈济山东饥","0","4","4"
"济山东饥荒","0","4","4"
"赈救京师饥","0","4","4"
"大败罗汝才","0","4","4"
"年以前欠交","0","4","4"
"以前欠交赋","0","4","4"
"前欠交赋税","0","4","4"
"孙传庭出关","0","4","4"
"命令修身反","0","4","4"
"阳发生地震","0","4","4"
"平发生饥荒","0","4","4"
"北京发生地","0","4","4"
"十二月六日","0","4","4"
"鬼神于南郊","0","4","4"
"为刑科给事","0","4","4"
"河南遭灾税","0","4","4"
"南遭灾税粮","0","4","4"
"免陕西遭灾","0","4","4"
"成阝王监国","0","4","4"
"子朱见深为","0","4","4"
"领京师营兵","0","4","4"
"而修身反省","0","4","4"
"都御史徐有","0","4","4"
"御史徐有贞","0","4","4"
"太后尊号叫","0","4","4"
"赈救辽东饥","0","4","4"
"救辽东饥荒","0","4","4"
"天方入朝进","0","4","4"
"方入朝进贡","0","4","4"
"人于锦衣卫","0","4","4"
"免山西受灾","0","4","4"
"西受灾秋粮","0","4","4"
"免山东受灾","0","4","4"
"群臣上奏庆","0","4","4"
"臣上奏庆贺","0","4","4"
"遭兵祸军民","0","4","4"
"巡幸南海子","0","4","4"
"年正月八日","0","4","4"
"三次发生地","0","4","4"
"免浙江遭灾","0","4","4"
"浙江遭灾税","0","4","4"
"江遭灾税粮","0","4","4"
"南海子打猎","0","4","4"
"年上元节灯","0","4","4"
"上元节灯火","0","4","4"
"七月十九日","0","4","4"
"打败小王子","0","4","4"
"没有后代的","0","4","4"
"又上疏弹劾","0","4","4"
"调任南京礼","0","4","4"
"皇帝将奏章","0","4","4"
"回到镇守之","0","4","4"
"到镇守之地","0","4","4"
"赐葬于钟山","0","4","4"
"被授为开国","0","4","4"
"在文渊阁当","0","4","4"
"部队回来后","0","4","4"
"朱元璋率军","0","4","4"
"于是朱元璋","0","4","4"
"张士诚多次","0","4","4"
"张士诚再次","0","4","4"
"禄为一千五","0","4","4"
"为一千五百","0","4","4"
"和大将军徐","0","4","4"
"军徐达一起","0","4","4"
"晋升为同知","0","4","4"
"西全部平定","0","4","4"
"脱因帖木儿","0","4","4"
"十八名骑兵","0","4","4"
"胡惟庸同党","0","4","4"
"朱元璋下诏","0","4","4"
"朱元璋攻取","0","4","4"
"被授予御史","0","4","4"
"又随朱元璋","0","4","4"
"年禄三千石","0","4","4"
"击败并擒获","0","4","4"
"徐达与常遇","0","4","4"
"达与常遇春","0","4","4"
"还有什么可","0","4","4"
"与大将军徐","0","4","4"
"李文忠率军","0","4","4"
"李文忠受命","0","4","4"
"将他们击退","0","4","4"
"朱济火喜父","0","4","4"
"济火喜父子","0","4","4"
"十八年去世","0","4","4"
"过了两个月","0","4","4"
"讨平了他们","0","4","4"
"加禄米五百","0","4","4"
"禄米五百石","0","4","4"
"召回任刑部","0","4","4"
"不再出来做","0","4","4"
"将他的名字","0","4","4"
"朝廷推荐了","0","4","4"
"大规模征讨","0","4","4"
"考核地方官","0","4","4"
"年七十四岁","0","4","4"
"举荐于朝廷","0","4","4"
"参加科举考","0","4","4"
"加科举考试","0","4","4"
"苦役和流放","0","4","4"
"被加封为右","0","4","4"
"王崇古上奏","0","4","4"
"张学颜上奏","0","4","4"
"学颜上奏说","0","4","4"
"祖宗的法度","0","4","4"
"是他的门生","0","4","4"
"沈思孝于是","0","4","4"
"志同道合的","0","4","4"
"没有听说有","0","4","4"
"弹劾陆光祖","0","4","4"
"孙丕扬认为","0","4","4"
"提拔他为右","0","4","4"
"拔他为右佥","0","4","4"
"授职中书舍","0","4","4"
"职中书舍人","0","4","4"
"命令锦衣卫","0","4","4"
"应当授谥号","0","4","4"
"多次向朝廷","0","4","4"
"中书省官员","0","4","4"
"卿兼侍读学","0","4","4"
"夺他的官籍","0","4","4"
"严厉的圣旨","0","4","4"
"个接一个地","0","4","4"
"郭守敬的历","0","4","4"
"守敬的历法","0","4","4"
"给内阁上书","0","4","4"
"廷弼的贿赂","0","4","4"
"自己的庶母","0","4","4"
"万七千多人","0","4","4"
"粮食吃完了","0","4","4"
"商州和雒南","0","4","4"
"固原的部队","0","4","4"
"庄烈帝怀疑","0","4","4"
"依靠的只有","0","4","4"
"被关进了监","0","4","4"
"以下分别操","0","4","4"
"下分别操练","0","4","4"
"阳运行度数","0","4","4"
"时前段一刻","0","4","4"
"运行的度数","0","4","4"
"太阳的运行","0","4","4"
"北极的度数","0","4","4"
"的相交限度","0","4","4"
"日食而没有","0","4","4"
"不同的原因","0","4","4"
"的准确比率","0","4","4"
"应当有日食","0","4","4"
"都察院和大","0","4","4"
"察院和大理","0","4","4"
"院和大理寺","0","4","4"
"京城以外的","0","4","4"
"服到奉天殿","0","4","4"
"引礼官导引","0","4","4"
"赞唱宣读册","0","4","4"
"在奉先殿举","0","4","4"
"皇帝到奉天","0","4","4"
"帝到奉天殿","0","4","4"
"礼官引导王","0","4","4"
"帝亲自祭告","0","4","4"
"级台阶接受","0","4","4"
"在洗涤器的","0","4","4"
"祭祀昊天上","0","4","4"
"举起指挥小","0","4","4"
"起指挥小旗","0","4","4"
"进献酒如同","0","4","4"
"献酒如同前","0","4","4"
"酒如同前面","0","4","4"
"的艺人表演","0","4","4"
"舞师二人手","0","4","4"
"师二人手持","0","4","4"
"祭祀的制度","0","4","4"
"俗问名为中","0","4","4"
"跟随皇帝的","0","4","4"
"诏书放置在","0","4","4"
"从中门进入","0","4","4"
"自称为第几","0","4","4"
"称为第几个","0","4","4"
"以下都拜四","0","4","4"
"下都拜四拜","0","4","4"
"献币帛以后","0","4","4"
"官员举行祭","0","4","4"
"从束门进入","0","4","4"
"年终的祭祀","0","4","4"
"执掌府事坐","0","4","4"
"长子以外的","0","4","4"
"兄弟的没有","0","4","4"
"弟的没有出","0","4","4"
"的没有出嫁","0","4","4"
"作别人的后","0","4","4"
"人的后嗣的","0","4","4"
"的后嗣的人","0","4","4"
"兄弟以及没","0","4","4"
"弟以及没有","0","4","4"
"弟的儿子的","0","4","4"
"的儿子的媳","0","4","4"
"为没有出嫁","0","4","4"
"有出嫁的同","0","4","4"
"兄弟的妻子","0","4","4"
"为同祖兄弟","0","4","4"
"夫的同祖兄","0","4","4"
"皇后的神位","0","4","4"
"在太庙拊祭","0","4","4"
"刚去世的皇","0","4","4"
"去世的皇帝","0","4","4"
"合于一处祭","0","4","4"
"于一处祭祀","0","4","4"
"太庙四时祭","0","4","4"
"庙四时祭祀","0","4","4"
"皇帝亲自举","0","4","4"
"殿左门进入","0","4","4"
"赞唱拜四拜","0","4","4"
"按礼仪赞唱","0","4","4"
"礼仪赞唱行","0","4","4"
"仪赞唱行拜","0","4","4"
"命妇都跪下","0","4","4"
"春秋雨季的","0","4","4"
"供奉太祖配","0","4","4"
"自举行祭祀","0","4","4"
"应天府官员","0","4","4"
"捧着神主牌","0","4","4"
"官主持祭祀","0","4","4"
"奠祭先圣先","0","4","4"
"祭先圣先师","0","4","4"
"祭牲用少牢","0","4","4"
"在明堂宗祀","0","4","4"
"明堂宗祀文","0","4","4"
"堂宗祀文王","0","4","4"
"再用益从方","0","4","4"
"将黄道赤道","0","4","4"
"以黄道赤道","0","4","4"
"乘作为被除","0","4","4"
"就是赤道横","0","4","4"
"十度八十七","0","4","4"
"道赤道小弦","0","4","4"
"后黄道四十","0","4","4"
"四十四度时","0","4","4"
"发生大旱灾","0","4","4"
"西发生旱灾","0","4","4"
"三月丙申日","0","4","4"
"夏发生地震","0","4","4"
"屡次发生地","0","4","4"
"京城两次发","0","4","4"
"城两次发生","0","4","4"
"县都发生地","0","4","4"
"府都发生地","0","4","4"
"有声音如雷","0","4","4"
"个州县遭受","0","4","4"
"州县遭受饥","0","4","4"
"三府发生饥","0","4","4"
"州遭受饥荒","0","4","4"
"四府发生饥","0","4","4"
"恢复老黄河","0","4","4"
"在崔镇决堤","0","4","4"
"堵塞黄蝈口","0","4","4"
"不凭借黄河","0","4","4"
"求开通洳河","0","4","4"
"水注入其中","0","4","4"
"汇合卫河流","0","4","4"
"合卫河流入","0","4","4"
"卫河流入大","0","4","4"
"来通行船只","0","4","4"
"来通行漕运","0","4","4"
"建立石闸门","0","4","4"
"就是原来的","0","4","4"
"水灌注其中","0","4","4"
"城外护城河","0","4","4"
"开通洳河的","0","4","4"
"就可以避免","0","4","4"
"流入卫河的","0","4","4"
"杖打一百下","0","4","4"
"按法律赎罪","0","4","4"
"折合银子一","0","4","4"
"执行杖刑一","0","4","4"
"行杖刑一百","0","4","4"
"交赎金赎罪","0","4","4"
"运送军粮供","0","4","4"
"的给予赏赐","0","4","4"
"征收一匹马","0","4","4"
"收一匹马驹","0","4","4"
"到京城的军","0","4","4"
"灌溉田地上","0","4","4"
"疏通昊淞江","0","4","4"
"令三年一朝","3","0","3"
"李灼进红丸","3","0","3"
"民诣阙乞留","3","0","3"
"京营兵六千","2","1","3"
"坤宁两宫灾","3","0","3"
"都御史胡缵","2","1","3"
"御史胡缵宗","2","1","3"
"仙法主玄元","2","1","3"
"法主玄元道","2","1","3"
"主玄元道德","2","1","3"
"置施州卫军","2","1","3"
"等一百二十","1","2","3"
"一百二十九","1","2","3"
"授吏科事中","3","0","3"
"充宣府游击","3","0","3"
"兵万五千人","3","0","3"
"顺治二年正","1","2","3"
"太仆少卿曹","2","1","3"
"仆少卿曹钦","2","1","3"
"知府任民育","1","2","3"
"绥宁伯蒲缨","2","1","3"
"二年进士第","3","0","3"
"一年进士第","3","0","3"
"正史副总裁","2","1","3"
"四年进士第","3","0","3"
"达太子少傅","3","0","3"
"遇春太子少","3","0","3"
"春太子少保","3","0","3"
"护卫百户倪","1","2","3"
"卫百户倪谅","1","2","3"
"百户倪谅上","1","2","3"
"平侯李远左","3","0","3"
"永乐二年册","2","1","3"
"部尚书詹事","3","0","3"
"汉王高煦反","3","0","3"
"授工科事中","3","0","3"
"尚书严嵩等","1","2","3"
"左侍郎右佥","3","0","3"
"番酋速檀满","2","1","3"
"赠兵部尚书","3","0","3"
"劾东厂太监","2","1","3"
"德十二年成","2","1","3"
"授刑科事中","3","0","3"
"御史姚鸣凤","1","2","3"
"户科左事中","3","0","3"
"都督府都督","1","2","3"
"累官礼部侍","3","0","3"
"彩币四表里","2","1","3"
"兵部尚书谦","3","0","3"
"元曲靖宣慰","2","1","3"
"予世袭伯爵","1","2","3"
"功都指挥同","3","0","3"
"南京应天府","1","2","3"
"山西太原府","2","1","3"
"湖广武昌府","2","1","3"
"刻十三分昏","3","0","3"
"令旨先生进","2","1","3"
"二十七月除","3","0","3"
"凤阳大风雨","3","0","3"
"左右前后十","2","1","3"
"王府承奉司","2","1","3"
"右韶舞一人","2","1","3"
"右都御史一","2","1","3"
"副都御史一","2","1","3"
"十八万一千","2","1","3"
"一百五十八","1","2","3"
"督漕总兵官","2","1","3"
"分隶五都督","2","1","3"
"命中府掌府","2","1","3"
"置亲王护卫","2","1","3"
"四十五年改","1","2","3"
"十五年改设","2","1","3"
"军十二万人","2","1","3"
"一匹抵钞二","1","2","3"
"匹抵钞二百","1","2","3"
"抵钞二百贯","1","2","3"
"五十万七千","2","1","3"
"十万七千余","2","1","3"
"五万七千馀","3","0","3"
"折俸绢布银","2","1","3"
"六万八千馀","3","0","3"
"四万八千馀","3","0","3"
"二千四百馀","3","0","3"
"盐井辖盐课","3","0","3"
"清理两淮盐","2","1","3"
"太祖定天下","3","0","3"
"应天十八府","2","1","3"
"天十八府州","2","1","3"
"右前第一行","3","0","3"
"镀金铜龙头","3","0","3"
"都指挥使二","2","1","3"
"设提督军务","2","1","3"
"提督军务巡","2","1","3"
"万历九年加","2","1","3"
"改巡抚巡视","3","0","3"
"巡抚保定等","1","2","3"
"抚保定等府","1","2","3"
"等处地方提","2","1","3"
"处地方提督","2","1","3"
"地方提督军","2","1","3"
"方提督军务","2","1","3"
"十一年复设","3","0","3"
"万历九年革","1","2","3"
"学士正五品","2","1","3"
"圭长一尺二","2","1","3"
"圭长九寸五","2","1","3"
"国将军冠服","3","0","3"
"北京行部尚","2","1","3"
"京行部尚书","2","1","3"
"都察院经历","2","1","3"
"顺天应天二","1","2","3"
"天应天二府","1","2","3"
"太仆寺主簿","1","2","3"
"立极大圣神","3","0","3"
"极大圣神仁","3","0","3"
"大圣神仁文","3","0","3"
"圣神仁文义","3","0","3"
"炳文守长兴","2","1","3"
"友谅将张定","2","1","3"
"谅将张定边","2","1","3"
"东州县相继","2","1","3"
"廖永忠征南","3","0","3"
"愈征南将军","3","0","3"
"议军国重事","2","1","3"
"清太祖高皇","1","2","3"
"遣都督佥事","2","1","3"
"部侍郎陈廷","3","0","3"
"成祖启天弘","2","1","3"
"祖启天弘道","2","1","3"
"辅皇太子监","3","0","3"
"王骥总督军","2","1","3"
"骥总督军务","2","1","3"
"满剌加入贡","3","0","3"
"充游击将军","3","0","3"
"皇太后圣母","3","0","3"
"天顺八年正","1","2","3"
"顺八年正月","1","2","3"
"御史何鉴经","2","1","3"
"史何鉴经理","2","1","3"
"侍郎樊莹巡","2","1","3"
"郎樊莹巡视","2","1","3"
"胡宗宪总督","2","1","3"
"小王子犯大","3","0","3"
"王子犯大同","3","0","3"
"同参军国事","3","0","3"
"曰孝康皇后","2","1","3"
"寿宫大峪山","3","0","3"
"居正子嗣修","3","0","3"
"上言大臣德","2","1","3"
"言大臣德政","2","1","3"
"祖宗二百余","2","1","3"
"宗二百余年","2","1","3"
"劾刑部尚书","2","1","3"
"赠兵部右侍","3","0","3"
"大同广昌典","2","1","3"
"同广昌典史","2","1","3"
"嘉靖中进士","3","0","3"
"举万历十一","3","0","3"
"部主事张德","3","0","3"
"众二十余万","3","0","3"
"巡抚朱大典","1","2","3"
"太仆卿李觉","2","1","3"
"仆卿李觉斯","2","1","3"
"张献忠陷襄","3","0","3"
"时大清兵南","1","2","3"
"兵器辎重数","2","1","3"
"器辎重数十","2","1","3"
"辎重数十万","2","1","3"
"室三百余人","2","1","3"
"者二百余人","3","0","3"
"左良玉东下","2","1","3"
"熊文灿总理","2","1","3"
"献忠玛瑙山","3","0","3"
"总兵官黄功","3","0","3"
"巡按刘熙祚","2","1","3"
"故大学士王","3","0","3"
"刑科都事中","3","0","3"
"充南京净军","3","0","3"
"乾清宫管事","2","1","3"
"清宫管事牌","2","1","3"
"宫管事牌子","2","1","3"
"座主潘晟入","2","1","3"
"尚书吴文华","2","1","3"
"酒色财气四","2","1","3"
"色财气四箴","2","1","3"
"申时行等言","3","0","3"
"金二百余万","1","2","3"
"福山知县韦","2","1","3"
"山知县韦国","2","1","3"
"御史余懋衡","1","2","3"
"一年十一月","1","2","3"
"大学士朱赓","1","2","3"
"尚书王世扬","1","2","3"
"客氏奉圣夫","3","0","3"
"氏奉圣夫人","3","0","3"
"吏部郎顾宪","2","1","3"
"部郎顾宪成","2","1","3"
"讲学东林书","3","0","3"
"学东林书院","3","0","3"
"等七十余人","2","1","3"
"向高礼部尚","3","0","3"
"高礼部尚书","3","0","3"
"兴汪文言狱","3","0","3"
"宁安大长公","2","1","3"
"安大长公主","2","1","3"
"生陆万龄请","2","1","3"
"杨涟劾忠贤","3","0","3"
"涟劾忠贤疏","3","0","3"
"客氏子侯国","2","1","3"
"氏子侯国兴","2","1","3"
"方镇守中官","3","0","3"
"大帅曹文诏","2","1","3"
"臣奉命守城","2","1","3"
"祯十七年三","1","2","3"
"将军颍川侯","2","1","3"
"元右丞实卜","2","1","3"
"设都指挥使","3","0","3"
"平凉侯费聚","1","2","3"
"首三万余级","3","0","3"
"川布政使司","1","2","3"
"命颍国公傅","2","1","3"
"公傅友德征","2","1","3"
"闰七月二十","1","2","3"
"压死人口牲","1","2","3"
"死人口牲畜","1","2","3"
"四川抚按官","2","1","3"
"四川东川府","2","1","3"
"沾益土知州","2","1","3"
"女土官者氏","1","2","3"
"云南巡抚闵","1","2","3"
"南巡抚闵洪","1","2","3"
"男妇二百余","3","0","3"
"川都指挥使","2","1","3"
"月鲁帖木叛","3","0","3"
"遣百户毛海","2","1","3"
"永乐元年复","3","0","3"
"陇木长官司","1","2","3"
"洪武时归附","2","1","3"
"都督方政平","1","2","3"
"长宁安抚司","1","2","3"
"松潘等处安","2","1","3"
"潘等处安抚","2","1","3"
"等处安抚司","2","1","3"
"龙州知州薛","2","1","3"
"十三族长官","1","2","3"
"三族长官司","1","2","3"
"曩日安抚司","2","1","3"
"斩首一百三","1","2","3"
"首一百三十","1","2","3"
"一百三十余","1","2","3"
"平龙溪等三","2","1","3"
"等三十七寨","2","1","3"
"二十六年复","3","0","3"
"俘斩九百七","2","1","3"
"斩九百七十","2","1","3"
"获马牛器械","2","1","3"
"马牛器械储","2","1","3"
"牛器械储积","2","1","3"
"龙州宣抚司","2","1","3"
"党二十二人","2","1","3"
"土番等处宣","2","1","3"
"七千八百余","1","2","3"
"军守备南京","2","1","3"
"宣德二年二","1","2","3"
"德二年二月","1","2","3"
"理少卿薛瑄","3","0","3"
"时勉荷校国","3","0","3"
"部尚书徐晞","2","1","3"
"振挟帝亲征","3","0","3"
"镇守太监郭","2","1","3"
"守太监郭敬","2","1","3"
"总督三大营","1","2","3"
"锦衣卫镇抚","1","2","3"
"建宁卫指挥","1","2","3"
"命司礼太监","3","0","3"
"司礼太监怀","2","1","3"
"礼太监怀恩","2","1","3"
"御史巡抚辽","2","1","3"
"史巡抚辽东","2","1","3"
"事御史交章","3","0","3"
"南巡按御史","2","1","3"
"鹤龄兄弟入","2","1","3"
"下南京法司","3","0","3"
"理寺少卿杨","1","2","3"
"侍武宗东宫","3","0","3"
"五百六十余","2","1","3"
"杨斌四川按","2","1","3"
"斌四川按察","2","1","3"
"一百二十石","1","2","3"
"擢锦衣卫指","3","0","3"
"按察使周新","2","1","3"
"迁指挥佥事","3","0","3"
"擢指挥佥事","3","0","3"
"子指挥佥事","2","1","3"
"上林苑监丞","1","2","3"
"礼部侍郎谢","2","1","3"
"官太常少卿","3","0","3"
"结近侍律斩","3","0","3"
"妻子流二千","3","0","3"
"子流二千里","3","0","3"
"提督赞画机","2","1","3"
"督赞画机密","2","1","3"
"赞画机密军","2","1","3"
"画机密军务","2","1","3"
"一子锦衣千","2","1","3"
"司礼中官魏","2","1","3"
"礼中官魏彬","2","1","3"
"部尚书李鐩","3","0","3"
"尚书张子麟","1","2","3"
"太仆少卿赵","2","1","3"
"授锦衣卫官","2","1","3"
"金十余万两","2","1","3"
"进署指挥使","3","0","3"
"保太子太傅","3","0","3"
"龙虎山上清","2","1","3"
"虎山上清宫","2","1","3"
"十八年南巡","3","0","3"
"令太子监国","2","1","3"
"光禄大夫柱","2","1","3"
"禄大夫柱国","2","1","3"
"土兵一千五","2","1","3"
"长官司土舍","2","1","3"
"处军民宣慰","1","2","3"
"土舍彭世麟","2","1","3"
"斩首八十余","2","1","3"
"三十三年冬","2","1","3"
"调永顺土兵","1","2","3"
"千九百余级","3","0","3"
"宣慰彭元锦","1","2","3"
"调保靖土兵","2","1","3"
"召太常少卿","3","0","3"
"者三万余人","3","0","3"
"擢左都御史","3","0","3"
"行部尚书雒","2","1","3"
"部尚书雒佥","2","1","3"
"贡方物谢罪","3","0","3"
"迁吏部左侍","3","0","3"
"夏言入内阁","1","2","3"
"皇天上帝尊","2","1","3"
"加上高皇帝","2","1","3"
"上高皇帝尊","2","1","3"
"擢应龙通政","3","0","3"
"应龙通政司","3","0","3"
"龙通政司参","3","0","3"
"逃军罗龙文","2","1","3"
"漏下数十刻","2","1","3"
"遣行人护行","3","0","3"
"诏会推阁臣","2","1","3"
"都御史曹汴","3","0","3"
"礼部侍郎罗","2","1","3"
"部侍郎罗喻","2","1","3"
"侍郎罗喻义","2","1","3"
"巡按御史禹","1","2","3"
"授南京户部","2","1","3"
"都察院右副","1","2","3"
"先帝钦定逆","2","1","3"
"帝钦定逆案","2","1","3"
"左都御史刘","1","2","3"
"伺朝廷动静","2","1","3"
"太常少卿侍","3","0","3"
"余姚人周礼","1","2","3"
"上虞人徐文","1","2","3"
"虞人徐文彪","1","2","3"
"江西万安人","1","2","3"
"弘治三年进","2","1","3"
"治三年进士","2","1","3"
"授吏部主事","2","1","3"
"擢左佥都御","3","0","3"
"擢工部右侍","3","0","3"
"诏刑部尚书","2","1","3"
"天启四年冬","1","2","3"
"掌司礼监印","2","1","3"
"兵部尚书协","1","2","3"
"河尚书刘荣","2","1","3"
"费金钱五十","1","2","3"
"皇八妹入井","3","0","3"
"下廷臣杂议","3","0","3"
"累加少师太","3","0","3"
"锦衣卫都指","1","2","3"
"衣卫都指挥","1","2","3"
"居正三子连","2","1","3"
"筑边墙万余","2","1","3"
"边墙万余丈","2","1","3"
"陈时政缺失","3","0","3"
"尚书杨巍等","2","1","3"
"改兵部右侍","3","0","3"
"推南京吏部","3","0","3"
"迁山东佥事","3","0","3"
"擢南京通政","3","0","3"
"佥都御史总","2","1","3"
"御史总督漕","3","0","3"
"史总督漕运","3","0","3"
"时矿税使四","3","0","3"
"侍郎赵世卿","2","1","3"
"巡按御史崔","2","1","3"
"置陛下何地","3","0","3"
"士叶向高言","3","0","3"
"率所部千人","2","1","3"
"总兵官胡镇","2","1","3"
"部众十余万","2","1","3"
"时二十二年","3","0","3"
"事宁夏总兵","3","0","3"
"二十二年八","1","2","3"
"复总兵官镇","3","0","3"
"凉州副总兵","2","1","3"
"嗣世职指挥","3","0","3"
"杀副将李魁","2","1","3"
"火落赤诸部","3","0","3"
"斩首百三十","3","0","3"
"迁四川副使","2","1","3"
"迁左布政使","3","0","3"
"两广军务巡","3","0","3"
"广军务巡抚","3","0","3"
"九月乙亥朔","3","0","3"
"皇长子同居","2","1","3"
"荐南京吏部","2","1","3"
"寻迁太常少","3","0","3"
"令十三司会","2","1","3"
"提牢主事王","2","1","3"
"中胡士相等","2","1","3"
"十三司会审","1","2","3"
"进兵部左侍","3","0","3"
"建三方布置","3","0","3"
"三方布置策","3","0","3"
"主事徐大化","2","1","3"
"登莱监军佥","2","1","3"
"召右都御史","3","0","3"
"掌左都御史","2","1","3"
"礼部祠祭主","1","2","3"
"部祠祭主事","1","2","3"
"陛下春秋鼎","3","0","3"
"下春秋鼎盛","3","0","3"
"入刑部员外","3","0","3"
"陛下富四海","3","0","3"
"皇长子侍班","2","1","3"
"长子侍班官","2","1","3"
"古圣帝明王","3","0","3"
"帝优旨褒答","3","0","3"
"天启元年正","2","1","3"
"启元年正月","2","1","3"
"胪寺官李灼","3","0","3"
"鸿胪官进药","2","1","3"
"先帝召见群","1","2","3"
"召见群臣时","1","2","3"
"劾魏忠贤二","2","1","3"
"魏忠贤二十","2","1","3"
"逆党李鲁生","2","1","3"
"都督佥事代","2","1","3"
"游击王惟屏","1","2","3"
"击王惟屏分","1","2","3"
"四百七十奇","3","0","3"
"斩首三百四","1","2","3"
"首三百四十","1","2","3"
"世荫指挥佥","3","0","3"
"死者数千人","3","0","3"
"巡按陈登云","2","1","3"
"士申时行请","2","1","3"
"松提督陕西","2","1","3"
"倭弃王京遁","3","0","3"
"都督佥事充","3","0","3"
"充宁夏总兵","3","0","3"
"总督叶梦熊","2","1","3"
"顺义王撦力","3","0","3"
"义王撦力克","3","0","3"
"备倭总兵官","2","1","3"
"插汉虎墩兔","2","1","3"
"固镇五道兵","1","2","3"
"李成陷河南","3","0","3"
"友谅围南昌","2","1","3"
"三十余万人","2","1","3"
"鹿邑太清宫","2","1","3"
"布政使张昺","3","0","3"
"二十余年卒","2","1","3"
"城中人皆哭","2","1","3"
"宫婢杨金英","2","1","3"
"婢杨金英等","2","1","3"
"杨金英等谋","2","1","3"
"百六十五种","1","2","3"
"一百一十四","1","2","3"
"论兵部尚书","2","1","3"
"建魏忠贤祠","1","2","3"
"贵州威清道","2","1","3"
"历河南右布","3","0","3"
"川巡抚马乾","1","2","3"
"望等入云南","2","1","3"
"首五百余级","3","0","3"
"师杨嗣昌荐","3","0","3"
"左金王等四","2","1","3"
"金王等四营","2","1","3"
"陕西总督汪","1","2","3"
"西总督汪乔","1","2","3"
"降贼将二十","2","1","3"
"贼将二十五","2","1","3"
"将二十五人","2","1","3"
"将间道入汉","3","0","3"
"间道入汉中","3","0","3"
"中允卫胤文","2","1","3"
"总兵杨御蕃","2","1","3"
"督洪承畴请","2","1","3"
"巡抚丁启睿","1","2","3"
"南京大臣议","2","1","3"
"崇祯三年秋","1","2","3"
"副将罗尚文","2","1","3"
"上善后事宜","3","0","3"
"巡抚李乾德","1","2","3"
"国公胡一青","2","1","3"
"擢本部尚书","3","0","3"
"佥都御史金","1","2","3"
"都御史金光","1","2","3"
"御史金光辰","1","2","3"
"擢刑科事中","3","0","3"
"历户科都事","3","0","3"
"擢南京兵部","3","0","3"
"父老问疾苦","3","0","3"
"迁大都督府","3","0","3"
"书夏原吉治","2","1","3"
"正统元年七","2","1","3"
"遣吏部侍郎","2","1","3"
"黄宗载等十","1","2","3"
"宗载等十五","1","2","3"
"载等十五人","1","2","3"
"成化元年乡","2","1","3"
"化元年乡试","2","1","3"
"授永丰知县","2","1","3"
"堤四百余丈","1","2","3"
"迁山东右布","3","0","3"
"授句容知县","2","1","3"
"六万七千余","1","2","3"
"百三十余顷","2","1","3"
"令总兵官刘","2","1","3"
"擢山西提学","3","0","3"
"按御史张孙","2","1","3"
"巡按御史左","2","1","3"
"按御史左光","2","1","3"
"增兵十余万","2","1","3"
"天下二十年","2","1","3"
"李国〈木普","3","0","3"
"国〈木普〉","3","0","3"
"贵州布政使","2","1","3"
"士卒同甘苦","3","0","3"
"元吉代守吉","2","1","3"
"吉代守吉安","2","1","3"
"调广西狼兵","2","1","3"
"右侍郎右副","3","0","3"
"侍郎右副都","3","0","3"
"郎右副都御","3","0","3"
"广东兵五千","2","1","3"
"年冬十二月","2","1","3"
"天启二年擢","3","0","3"
"登莱巡抚谢","2","1","3"
"御史谢三宾","2","1","3"
"年二月中旬","1","2","3"
"劾副都御史","2","1","3"
"都御史熊明","2","1","3"
"御史熊明遇","2","1","3"
"总督熊文灿","2","1","3"
"击登闻鼓讼","2","1","3"
"登闻鼓讼冤","2","1","3"
"寻进太子太","3","0","3"
"推吏部尚书","3","0","3"
"一子中书舍","3","0","3"
"宣大总督江","2","1","3"
"侍穆宗裕邸","3","0","3"
"累迁侍讲学","3","0","3"
"俺答孙汉吉","3","0","3"
"答孙汉吉降","3","0","3"
"事中曹大埜","3","0","3"
"国子司业事","2","1","3"
"寻迁礼部右","3","0","3"
"部右侍郎翰","3","0","3"
"右侍郎翰林","3","0","3"
"部尚书武英","3","0","3"
"尚书武英殿","3","0","3"
"书武英殿大","3","0","3"
"尊皇后曰仁","3","0","3"
"皇后曰仁圣","3","0","3"
"后曰仁圣皇","3","0","3"
"曰仁圣皇太","3","0","3"
"贵妃曰慈圣","3","0","3"
"妃曰慈圣皇","3","0","3"
"工部主事徐","1","2","3"
"推礼部尚书","3","0","3"
"一子尚宝丞","3","0","3"
"锦衣堂上官","2","1","3"
"子礼部主事","2","1","3"
"故官协理詹","3","0","3"
"官协理詹事","3","0","3"
"迁吏部右侍","3","0","3"
"者三十余人","3","0","3"
"按御史吴崇","2","1","3"
"御史吴崇礼","2","1","3"
"日本封贡议","3","0","3"
"事中汪若霖","1","2","3"
"帝更新庶政","2","1","3"
"迁礼科左事","3","0","3"
"礼科左事中","3","0","3"
"下二十余人","2","1","3"
"士高拱掌吏","3","0","3"
"入左佥都御","3","0","3"
"都御史耿定","1","2","3"
"嘉靖末进士","3","0","3"
"改礼部尚书","3","0","3"
"宝应氾光湖","3","0","3"
"提督吴桂芳","1","2","3"
"官右副都御","2","1","3"
"尚书督仓场","3","0","3"
"刘台劾居正","3","0","3"
"劾左都御史","2","1","3"
"累加太子太","3","0","3"
"长芦盐运司","1","2","3"
"佥都御史督","2","1","3"
"百四十余级","3","0","3"
"大同右卫围","2","1","3"
"镇远侯顾寰","2","1","3"
"盐都御史庞","2","1","3"
"入刑部右侍","3","0","3"
"百六十余万","2","1","3"
"诏取太仓银","3","0","3"
"取太仓银三","2","1","3"
"边年例二百","2","1","3"
"发留中章奏","3","0","3"
"举行册立皇","1","2","3"
"立皇太子礼","2","1","3"
"教习内书堂","3","0","3"
"官姜应麟等","2","1","3"
"御史刘台劾","3","0","3"
"迁礼部尚书","3","0","3"
"家礼部尚书","3","0","3"
"苗二十八砦","2","1","3"
"尚书陆树声","1","2","3"
"改兵部员外","3","0","3"
"同总兵官孙","1","2","3"
"擢大理寺丞","3","0","3"
"兵官郭江战","1","2","3"
"御史交章劾","3","0","3"
"擢南京吏部","3","0","3"
"兵马指挥何","1","2","3"
"太子太保致","3","0","3"
"子太保致仕","3","0","3"
"迁礼科都事","3","0","3"
"迁兵科都事","3","0","3"
"召左都御史","3","0","3"
"天下晓然知","2","1","3"
"金花银二十","2","1","3"
"花银二十万","2","1","3"
"三十八年秋","1","2","3"
"庄田四万顷","3","0","3"
"百七十余万","3","0","3"
"时天下承平","2","1","3"
"历官吏部左","3","0","3"
"加太子宾客","3","0","3"
"时吏部尚书","1","2","3"
"家居十年卒","3","0","3"
"山西参政徐","2","1","3"
"八年七月丙","2","1","3"
"封贵妃皇太","3","0","3"
"官崔文升进","1","2","3"
"崔文升进泄","1","2","3"
"文升进泄药","1","2","3"
"时李选侍居","1","2","3"
"李选侍居乾","3","0","3"
"纪保护熊廷","1","2","3"
"保护熊廷弼","1","2","3"
"司礼监黄锦","1","2","3"
"播州杨应龙","2","1","3"
"余继登奏请","1","2","3"
"进吏部右侍","3","0","3"
"擢南京国子","3","0","3"
"善战服上刑","2","1","3"
"越总制三边","2","1","3"
"陕西地大震","3","0","3"
"止额外织造","1","2","3"
"天顺八年进","2","1","3"
"顺八年进士","2","1","3"
"下民穷财尽","2","1","3"
"者二十四人","3","0","3"
"上章乞骸骨","3","0","3"
"天顺四年进","2","1","3"
"顺四年进士","2","1","3"
"二年擢礼部","3","0","3"
"年擢礼部右","3","0","3"
"张鹤龄下狱","2","1","3"
"二十一年改","2","1","3"
"万三千一百","1","2","3"
"统十三年进","3","0","3"
"历南京刑部","3","0","3"
"廷议遣大臣","3","0","3"
"遣大臣巡视","2","1","3"
"御史巡抚地","3","0","3"
"腾骧四卫勇","2","1","3"
"骧四卫勇士","2","1","3"
"子崇仁王厚","2","1","3"
"复会廷臣上","3","0","3"
"廷臣上议曰","3","0","3"
"称侄皇帝名","2","1","3"
"清宁宫后三","2","1","3"
"调南京工部","2","1","3"
"南京工部员","2","1","3"
"京工部员外","2","1","3"
"二百五十余","2","1","3"
"加称兴献帝","2","1","3"
"献帝本生皇","3","0","3"
"帝本生皇考","3","0","3"
"陛下入继大","2","1","3"
"改称孝宗皇","3","0","3"
"理陕西马政","3","0","3"
"改称本生皇","3","0","3"
"吏部考功主","2","1","3"
"部考功主事","2","1","3"
"时务十二事","2","1","3"
"上方略六事","3","0","3"
"白罗罗羿子","2","1","3"
"召阁臣面议","2","1","3"
"召大臣面议","2","1","3"
"臣面议政事","2","1","3"
"日御文华殿","3","0","3"
"部左侍郎学","3","0","3"
"左侍郎学士","3","0","3"
"孝肃周太后","1","2","3"
"迁翰林学士","3","0","3"
"改左春坊左","2","1","3"
"改南京吏部","2","1","3"
"令太监张永","1","2","3"
"收宣府行宫","2","1","3"
"宣府行宫金","2","1","3"
"礼部尚书掌","2","1","3"
"部尚书掌詹","2","1","3"
"尚书掌詹事","2","1","3"
"书掌詹事府","2","1","3"
"东安门入居","2","1","3"
"安门入居文","2","1","3"
"门入居文华","2","1","3"
"入居文华殿","2","1","3"
"益王次子崇","2","1","3"
"王次子崇仁","2","1","3"
"次子崇仁王","2","1","3"
"追崇所生父","3","0","3"
"吏部尚书文","3","0","3"
"兵官朱寿统","2","1","3"
"奉章圣皇太","2","1","3"
"奸人王邦奇","2","1","3"
"中书省都督","2","1","3"
"侍太子读书","2","1","3"
"太子巡抚陕","2","1","3"
"子巡抚陕西","2","1","3"
"命廷臣集议","3","0","3"
"三十年进士","3","0","3"
"廷臣二十六","2","1","3"
"臣二十六人","2","1","3"
"二十六人巡","2","1","3"
"主事张鹤朝","2","1","3"
"文曰绳愆纠","3","0","3"
"擢户部主事","3","0","3"
"辅世子居守","3","0","3"
"渡江入京师","3","0","3"
"坐系十余年","3","0","3"
"燕山左护卫","1","2","3"
"金乡侯王真","1","2","3"
"授奉天靖难","3","0","3"
"能佩征夷将","2","1","3"
"配享成祖庙","1","2","3"
"燕山中护卫","2","1","3"
"刘家口间道","3","0","3"
"年右副都御","3","0","3"
"授监察御史","3","0","3"
"呼万岁者三","3","0","3"
"中周讷请封","2","1","3"
"周讷请封禅","2","1","3"
"二十一年举","3","0","3"
"三十年三月","1","2","3"
"佩征虏将军","2","1","3"
"阿鲁台将入","2","1","3"
"征南将军印","2","1","3"
"辅太子监国","3","0","3"
"秫二石五斗","2","1","3"
"明年四月卒","3","0","3"
"召刑部侍郎","3","0","3"
"改左副都御","3","0","3"
"进工部尚书","3","0","3"
"宣德二年正","1","2","3"
"赠工部尚书","2","1","3"
"赎民所鬻子","3","0","3"
"擢河南按察","3","0","3"
"赞善王汝玉","2","1","3"
"十一年正旦","3","0","3"
"侍郎华盖殿","3","0","3"
"郎华盖殿大","3","0","3"
"发大军征讨","2","1","3"
"帝奉皇太后","2","1","3"
"皇太后谒陵","3","0","3"
"议进兵方略","2","1","3"
"进太子少傅","3","0","3"
"濒死者数矣","3","0","3"
"明年冬十月","3","0","3"
"前军都督佥","2","1","3"
"中府都督同","2","1","3"
"迁文选郎中","2","1","3"
"丞何渊请建","2","1","3"
"巡视陕西茶","1","2","3"
"事中厉汝进","1","2","3"
"嘉靖四年召","2","1","3"
"真人邵元节","2","1","3"
"会试同考官","1","2","3"
"进太子少保","3","0","3"
"东南涂炭何","2","1","3"
"南涂炭何时","2","1","3"
"迁陕西副使","3","0","3"
"百七十七人","2","1","3"
"斩首百余级","3","0","3"
"遣大理卿燕","2","1","3"
"大理卿燕忠","2","1","3"
"遣参政王汝","2","1","3"
"都事中夏言","3","0","3"
"登嘉靖五年","2","1","3"
"迁吏部尚书","2","1","3"
"送法司拟罪","3","0","3"
"登嘉靖二十","3","0","3"
"业赵贞吉请","2","1","3"
"户部司务何","2","1","3"
"属巡按御史","2","1","3"
"令五军都督","2","1","3"
"佛郎机诸国","2","1","3"
"二千五百余","3","0","3"
"三万五千人","2","1","3"
"斩首千二百","3","0","3"
"田州土酋卢","2","1","3"
"郎赵文华祭","2","1","3"
"首一千九百","2","1","3"
"溺死者甚众","3","0","3"
"巡视河东盐","1","2","3"
"春秋二仲月","3","0","3"
"嘉靖元年改","3","0","3"
"寻进都指挥","3","0","3"
"塞外二百里","1","2","3"
"巡抚林日瑞","1","2","3"
"招降三千七","1","2","3"
"降三千七百","1","2","3"
"三千七百人","1","2","3"
"西宣慰安万","1","2","3"
"遣哈密都督","2","1","3"
"都督写虎仙","3","0","3"
"河西十五卫","2","1","3"
"总制杨一清","2","1","3"
"年八月甲子","2","1","3"
"勤王兵先后","2","1","3"
"始御奉天殿","3","0","3"
"银五万六千","3","0","3"
"五万六千余","1","2","3"
"蓟镇入卫兵","2","1","3"
"三十八年二","1","2","3"
"围大同右卫","2","1","3"
"尚书廖纪引","2","1","3"
"匿名书御道","2","1","3"
"历南京吏部","2","1","3"
"巡抚应天诸","2","1","3"
"抚应天诸府","2","1","3"
"修撰舒芬等","1","2","3"
"加兴献帝皇","2","1","3"
"大学士贾咏","2","1","3"
"迁佥都御史","2","1","3"
"十七万余石","2","1","3"
"清宁宫小房","2","1","3"
"伏阙争大礼","3","0","3"
"年十一月乙","2","1","3"
"祔孝烈皇后","3","0","3"
"尊皇后皇太","3","0","3"
"行大都督府","2","1","3"
"决荆州岳山","2","1","3"
"破张士诚兵","3","0","3"
"将军冯胜北","2","1","3"
"副将军蓝玉","2","1","3"
"益禄五百石","3","0","3"
"副将军大将","3","0","3"
"获次子地保","3","0","3"
"土酋哈昝等","2","1","3"
"大同卫指挥","2","1","3"
"十七年论功","2","1","3"
"二十六年坐","3","0","3"
"庐州左君弼","1","2","3"
"常遇春射中","1","2","3"
"张良臣庆阳","3","0","3"
"二十二年诏","2","1","3"
"溪洞兵三万","2","1","3"
"擒四千余人","2","1","3"
"李文忠攻杭","2","1","3"
"文忠攻杭州","2","1","3"
"密院判官守","2","1","3"
"进佥枢密院","3","0","3"
"徐达取镇江","3","0","3"
"士诚将李伯","2","1","3"
"岁禄二千石","3","0","3"
"西都司卫所","2","1","3"
"随大将军冯","1","2","3"
"天下通祀孔","3","0","3"
"下通祀孔子","3","0","3"
"军中所掠妇","2","1","3"
"中所掠妇女","2","1","3"
"太祖克太平","3","0","3"
"置江南行中","2","1","3"
"诸王临国中","3","0","3"
"炳文大将军","3","0","3"
"理寺少卿薛","1","2","3"
"周公辅成王","3","0","3"
"宝门外山上","2","1","3"
"一时士大夫","2","1","3"
"傅友德等平","2","1","3"
"年移镇北平","2","1","3"
"高丽使者周","1","2","3"
"丽使者周谊","1","2","3"
"沐英征云南","2","1","3"
"时功臣子弟","2","1","3"
"授国子博士","2","1","3"
"主事张福谕","2","1","3"
"求遗贤四方","3","0","3"
"洪武元年设","1","2","3"
"龙州赵宗寿","2","1","3"
"迁浙江副使","3","0","3"
"龙州土官赵","1","2","3"
"州土官赵宗","1","2","3"
"土官赵宗寿","1","2","3"
"初置翰林院","3","0","3"
"授侍讲学士","2","1","3"
"宋太祖加高","2","1","3"
"等三十六人","1","2","3"
"凡三十九章","2","1","3"
"洪武四年平","2","1","3"
"宣慰安疆臣","2","1","3"
"成都卫指挥","1","2","3"
"一百九十滩","1","2","3"
"江门大滩八","2","1","3"
"门大滩八十","2","1","3"
"大滩八十二","2","1","3"
"诏景川侯曹","3","0","3"
"授儒学训导","2","1","3"
"贼将罗乾象","2","1","3"
"百三十六户","1","2","3"
"九年遣使贡","3","0","3"
"八千七百余","3","0","3"
"宣德七年正","1","2","3"
"分守参政朱","2","1","3"
"敕巡按御史","3","0","3"
"巡按御史高","2","1","3"
"三十三年正","1","2","3"
"郎宋应昌经","2","1","3"
"人沈惟敬应","2","1","3"
"沈惟敬应募","2","1","3"
"山南王承察","1","2","3"
"南王承察度","1","2","3"
"寨官子入国","3","0","3"
"官子入国学","3","0","3"
"中山遣寨官","3","0","3"
"山遣寨官子","3","0","3"
"中山王世子","3","0","3"
"海〈贝巴〉","3","0","3"
"福建按察司","1","2","3"
"命户科事中","3","0","3"
"巡抚徐学聚","2","1","3"
"复贡马谢恩","3","0","3"
"三千五百余","3","0","3"
"千五百余匹","3","0","3"
"弩温答失里","2","1","3"
"撒马罕贡狮","3","0","3"
"马罕贡狮子","3","0","3"
"大臣马文升","1","2","3"
"一百七十二","1","2","3"
"兵直捣哈密","1","2","3"
"土鲁番速檀","2","1","3"
"鲁番速檀阿","2","1","3"
"火者马黑木","2","1","3"
"御史彭泽经","2","1","3"
"史彭泽经略","2","1","3"
"将军徐达率","1","2","3"
"大破王保保","2","1","3"
"将军冯胜率","1","2","3"
"濮英三千骑","2","1","3"
"三千三百余","1","2","3"
"王子先土干","3","0","3"
"尊帝太上皇","3","0","3"
"属毛里孩等","2","1","3"
"赐玺书奖励","2","1","3"
"成化元年春","2","1","3"
"武伯杨信率","1","2","3"
"命抚宁侯朱","2","1","3"
"选精兵二万","2","1","3"
"太监苗逵监","2","1","3"
"二千九百余","2","1","3"
"咸宁侯仇钺","1","2","3"
"总制侍郎刘","2","1","3"
"宣府滴水崖","2","1","3"
"土蛮犯辽东","3","0","3"
"毁七十余堡","2","1","3"
"大同总兵姜","1","2","3"
"偏头关诸处","2","1","3"
"守备韩尚忠","2","1","3"
"备韩尚忠战","2","1","3"
"叛人赵全等","3","0","3"
"封俺答顺义","3","0","3"
"俺答顺义王","3","0","3"
"撦力克市赏","3","0","3"
"一万三千奇","3","0","3"
"八万一千两","2","1","3"
"主本雅失里","2","1","3"
"参将吴浩战","2","1","3"
"将吴浩战死","2","1","3"
"王弄山长官","1","2","3"
"弄山长官司","1","2","3"
"曲靖军民府","1","2","3"
"百夷思伦发","2","1","3"
"行人张洪等","2","1","3"
"元年遣内官","3","0","3"
"麓川思任发","2","1","3"
"思任发子思","3","0","3"
"任发子思机","3","0","3"
"发子思机发","3","0","3"
"木邦土舍罕","2","1","3"
"邦土舍罕拔","2","1","3"
"干崖土舍刀","2","1","3"
"崖土舍刀怕","2","1","3"
"八百宣慰司","1","2","3"
"云远路军民","1","2","3"
"远路军民总","1","2","3"
"木邦宣慰使","1","2","3"
"总兵镇巡官","1","2","3"
"车里军民府","1","2","3"
"命侍读学士","2","1","3"
"封安南国王","3","0","3"
"权理安南国","1","2","3"
"理安南国事","1","2","3"
"立陈氏子孙","2","1","3"
"连九百余里","2","1","3"
"百二十余人","3","0","3"
"布政司左参","1","2","3"
"命尚书黄福","2","1","3"
"四万七千人","1","2","3"
"斩首三千余","3","0","3"
"首三千余级","3","0","3"
"军二万四千","2","1","3"
"船三百余艘","2","1","3"
"行二十余里","3","0","3"
"八万六千人","1","2","3"
"利权署安南","2","1","3"
"署安南国事","3","0","3"
"饷百六十万","3","0","3"
"绾礼部尚书","3","0","3"
"安南国安南","3","0","3"
"南国安南都","3","0","3"
"国安南都统","3","0","3"
"进代身金人","2","1","3"
"谓中书省臣","3","0","3"
"辽东守将潘","1","2","3"
"东守将潘敬","1","2","3"
"九千七百余","2","1","3"
"等五十三人","1","2","3"
"一百七十余","2","1","3"
"宰相李仁人","1","2","3"
"三十一年冬","2","1","3"
"抚万世德代","2","1","3"
"宜卧薪尝胆","3","0","3"
"善后事宜十","2","1","3"
"将军左都督","2","1","3"
"大清兵所破","3","0","3"
"贵阳军民府","1","2","3"
"州宣慰杨应","1","2","3"
"宣慰杨应龙","1","2","3"
"河南大旱蝗","3","0","3"
"凤朝文作乱","1","2","3"
"士参预机务","3","0","3"
"大学士入阁","2","1","3"
"举进士第一","3","0","3"
"隆庆元年春","2","1","3"
"治十二年进","2","1","3"
"连破四十余","2","1","3"
"破四十余寨","2","1","3"
"督军务太监","2","1","3"
"官左都御史","1","2","3"
"会巡按御史","3","0","3"
"令布政使林","1","2","3"
"府经历张黻","2","1","3"
"下三百余人","2","1","3"
"光禄寺丞何","1","2","3"
"禄寺丞何渊","1","2","3"
"仪礼·丧服","2","1","3"
"陛下孝宗子","3","0","3"
"直经筵日讲","3","0","3"
"下都察院狱","3","0","3"
"少詹事侍讲","3","0","3"
"詹事侍讲学","3","0","3"
"事侍讲学士","3","0","3"
"杀总兵官李","2","1","3"
"京太常寺卿","1","2","3"
"总制陕西三","2","1","3"
"制陕西三边","2","1","3"
"特进左柱国","2","1","3"
"斩首三百六","1","2","3"
"首三百六十","1","2","3"
"进左都御史","3","0","3"
"经略哈密事","1","2","3"
"按御史冯时","2","1","3"
"督侍郎张经","2","1","3"
"迁浙江右参","3","0","3"
"犯大同中路","1","2","3"
"山西保德州","2","1","3"
"百五十四里","2","1","3"
"生父兴献王","1","2","3"
"嘉靖三年正","1","2","3"
"靖三年正月","1","2","3"
"官武英殿大","2","1","3"
"文武方面官","2","1","3"
"后亲蚕北郊","3","0","3"
"尚书大学士","2","1","3"
"锦衣都督陆","2","1","3"
"衣都督陆炳","2","1","3"
"南安伯郑芝","1","2","3"
"安伯郑芝龙","1","2","3"
"封高煦汉王","2","1","3"
"学士杨荣等","1","2","3"
"张本镇抚乐","1","2","3"
"本镇抚乐安","1","2","3"
"一千五百余","1","2","3"
"千九百余人","1","2","3"
"迁都指挥佥","3","0","3"
"翰林院撰文","2","1","3"
"宣德元年进","2","1","3"
"武伯曹钦反","2","1","3"
"十二年乡试","2","1","3"
"致仕尚书王","3","0","3"
"仕尚书王恕","3","0","3"
"天文生马轼","2","1","3"
"寻充右参将","3","0","3"
"先后斩首千","3","0","3"
"甘肃副总兵","1","2","3"
"都督同知佥","3","0","3"
"督同知佥事","3","0","3"
"兵官吴江所","1","2","3"
"大同游击将","1","2","3"
"功进都指挥","3","0","3"
"天下后世谓","3","0","3"
"嘉靖五年卒","3","0","3"
"弘治元年春","2","1","3"
"年六月壬辰","2","1","3"
"宪宗废后吴","2","1","3"
"宗废后吴氏","2","1","3"
"卫都指挥使","2","1","3"
"佩征虏前将","2","1","3"
"加都指挥佥","2","1","3"
"官都督佥事","2","1","3"
"佩镇朔将军","2","1","3"
"佩平羌将军","2","1","3"
"佩大将军印","2","1","3"
"忠提督军务","2","1","3"
"九十三万余","1","2","3"
"十三万余人","1","2","3"
"成化元年正","1","2","3"
"化元年正月","1","2","3"
"地镇守宦官","1","2","3"
"千三百余里","2","1","3"
"正统十年进","2","1","3"
"统十年进士","2","1","3"
"六千四百余","1","2","3"
"二年二月上","1","2","3"
"上两宫尊号","2","1","3"
"臣伏文华门","3","0","3"
"命太监怀恩","2","1","3"
"政司左参议","1","2","3"
"万贵妃专宠","3","0","3"
"八千六百四","2","1","3"
"一千一百八","1","2","3"
"二百二十二","2","1","3"
"万二千三百","2","1","3"
"一千三百四","1","2","3"
"二百一十六","1","2","3"
"北京北极地","3","0","3"
"漏刻博士朱","2","1","3"
"刻博士朱裕","2","1","3"
"二刻五分昏","3","0","3"
"刻十三分旦","3","0","3"
"亥初一刻十","2","1","3"
"丑正二刻三","2","1","3"
"正二刻三分","2","1","3"
"戌正一刻七","1","2","3"
"正一刻七分","1","2","3"
"寅正初刻二","1","2","3"
"正初刻二分","1","2","3"
"寅正一刻十","1","2","3"
"司府州县卫","2","1","3"
"政司所属皆","3","0","3"
"山东济宁府","2","1","3"
"遣官告天地","3","0","3"
"制官宣制曰","3","0","3"
"卿等持节行","3","0","3"
"等持节行纳","2","1","3"
"仪仗大乐前","3","0","3"
"使者捧制书","2","1","3"
"特遣使持节","3","0","3"
"辂奉天门外","3","0","3"
"捧册宝官捧","3","0","3"
"内外命妇庆","2","1","3"
"外命妇庆贺","2","1","3"
"陈礼奠雁仪","3","0","3"
"引进导皇太","3","0","3"
"进导皇太子","3","0","3"
"皇太子入门","2","1","3"
"百官命妇送","2","1","3"
"奠先圣先师","1","2","3"
"祭酒率学官","2","1","3"
"孟三氏子孙","2","1","3"
"日行庆贺礼","2","1","3"
"古者天子亲","3","0","3"
"皇帝武弁服","2","1","3"
"大将陪祭官","2","1","3"
"三品上命妇","3","0","3"
"案奉天殿丹","3","0","3"
"御奉天门视","3","0","3"
"素服十三日","2","1","3"
"正副使持节","2","1","3"
"黑角带朝参","3","0","3"
"越三日成服","3","0","3"
"遣内官行礼","3","0","3"
"皇太子服齐","1","2","3"
"太子服齐衰","1","2","3"
"国子监监生","1","2","3"
"善门外行礼","2","1","3"
"告天地宗社","3","0","3"
"皇帝殿左门","3","0","3"
"神主降座升","3","0","3"
"皇太子行礼","2","1","3"
"帝殿左门入","3","0","3"
"百官素服朝","3","0","3"
"官素服朝参","3","0","3"
"三十二年冬","1","2","3"
"十二月丙戌","2","1","3"
"三年三月己","2","1","3"
"延烧数千家","3","0","3"
"年六月癸未","3","0","3"
"年二月乙丑","2","1","3"
"四十四年三","1","2","3"
"年十二月庚","2","1","3"
"年正月壬午","2","1","3"
"崇祯元年四","2","1","3"
"正月甲申朔","2","1","3"
"元年三月戊","2","1","3"
"年三月戊申","2","1","3"
"五月壬寅朔","2","1","3"
"德元年正月","1","2","3"
"王营苏家桥","3","0","3"
"坏午门西城","2","1","3"
"孝陵神宫监","1","2","3"
"平地水深丈","3","0","3"
"平地水深二","2","1","3"
"启六年闰六","1","2","3"
"山海关内外","1","2","3"
"景泰三年五","2","1","3"
"洪武四年正","1","2","3"
"武四年正月","1","2","3"
"化十六年正","1","2","3"
"隆庆三年十","1","2","3"
"隆庆五年四","1","2","3"
"庆五年四月","1","2","3"
"七年二月丁","2","1","3"
"告宗庙社稷","2","1","3"
"洪武元年改","2","1","3"
"洪武四年定","3","0","3"
"皇帝奉天宝","3","0","3"
"皇帝亲亲宝","3","0","3"
"诰敕房中书","2","1","3"
"行人持节传","2","1","3"
"京兵马指挥","2","1","3"
"儒学教授一","1","2","3"
"学教授一人","1","2","3"
"典宝正一人","2","1","3"
"二十五年命","2","1","3"
"事中夏言奏","1","2","3"
"州三茶马司","2","1","3"
"交阯布政司","3","0","3"
"一百五十九","1","2","3"
"征天下贤才","3","0","3"
"置儒学提举","2","1","3"
"正统元年始","3","0","3"
"设提督学校","2","1","3"
"百七十八处","1","2","3"
"银八万二千","2","1","3"
"八万二千两","2","1","3"
"十六万六千","2","1","3"
"浙江巡抚刘","2","1","3"
"二十三年开","1","2","3"
"部主事四人","2","1","3"
"山后民三万","2","1","3"
"后民三万五","2","1","3"
"户屯田北平","2","1","3"
"民年八十上","3","0","3"
"四千三百馀","3","0","3"
"万七千六百","2","1","3"
"徙山西真定","2","1","3"
"四万六千馀","3","0","3"
"户部侍郎韩","1","2","3"
"中管怀理言","3","0","3"
"官庄田三百","1","2","3"
"庄田三百三","1","2","3"
"田三百三十","1","2","3"
"命工部尚书","2","1","3"
"加河神封号","2","1","3"
"巡抚河南都","2","1","3"
"抚河南都御","2","1","3"
"河南都御史","2","1","3"
"夫二十五万","2","1","3"
"治张秋决河","3","0","3"
"工部侍郎陈","2","1","3"
"部侍郎陈政","2","1","3"
"荥泽孙家渡","3","0","3"
"江伯陈锐同","2","1","3"
"小河口流入","1","2","3"
"分沁水入贾","2","1","3"
"沁水入贾鲁","2","1","3"
"祥符董盆口","2","1","3"
"黄陵冈堤岸","1","2","3"
"宿州符离桥","1","2","3"
"侍郎潘希曾","1","2","3"
"浚山东诸泉","3","0","3"
"草湾老黄河","2","1","3"
"二百五十馀","3","0","3"
"御史总理河","2","1","3"
"史总理河道","2","1","3"
"事中何鸣勘","3","0","3"
"北京留守行","2","1","3"
"京留守行后","2","1","3"
"挂印称将军","1","2","3"
"十二年复设","3","0","3"
"山东总兵官","2","1","3"
"令官军接运","2","1","3"
"入内承运库","2","1","3"
"百二十万两","1","2","3"
"银四十万两","1","2","3"
"百五十馀万","3","0","3"
"御史分行天","2","1","3"
"史分行天下","2","1","3"
"三十万七千","2","1","3"
"部尚书陈蕖","1","2","3"
"银二万馀两","3","0","3"
"百三十馀万","3","0","3"
"江西烧造瓷","2","1","3"
"西烧造瓷器","2","1","3"
"三万九千馀","3","0","3"
"米二千四百","2","1","3"
"二千四百七","2","1","3"
"二万九千馀","3","0","3"
"钞五万六千","2","1","3"
"十万二千馀","3","0","3"
"一千九百馀","3","0","3"
"一万三千馀","3","0","3"
"万二千馀石","3","0","3"
"一万九千馀","3","0","3"
"银二十二万","2","1","3"
"一万六千馀","3","0","3"
"万八千馀石","3","0","3"
"民运本色米","3","0","3"
"银二万八千","2","1","3"
"年例银二十","3","0","3"
"十二万二千","2","1","3"
"屯田民运草","3","0","3"
"运年例银三","3","0","3"
"十万八千馀","3","0","3"
"十一万九千","2","1","3"
"五万六千两","2","1","3"
"民壮工食银","3","0","3"
"一万五千两","1","2","3"
"二万七千馀","3","0","3"
"银四万八千","2","1","3"
"都转运盐使","1","2","3"
"转运盐使司","1","2","3"
"改办小引盐","2","1","3"
"山西神池诸","3","0","3"
"西神池诸堡","3","0","3"
"十万四千五","1","2","3"
"入太仓盐课","2","1","3"
"太仓盐课银","2","1","3"
"云南黑盐井","2","1","3"
"三万五千余","1","2","3"
"一万二千引","1","2","3"
"御史高世魁","1","2","3"
"令巡茶御史","2","1","3"
"银二钱五分","2","1","3"
"百九十万石","1","2","3"
"岁徵平米一","3","0","3"
"徵平米一石","3","0","3"
"令天下官吏","2","1","3"
"石折银八钱","2","1","3"
"御史卫周胤","1","2","3"
"练饷七百三","2","1","3"
"户部主事赵","2","1","3"
"部主事赵乾","2","1","3"
"景泰六年正","1","2","3"
"泰六年正月","1","2","3"
"咫尺辨人物","3","0","3"
"天启六年六","1","2","3"
"启六年六月","1","2","3"
"年四月辛巳","2","1","3"
"崇祯六年正","1","2","3"
"祯六年正月","1","2","3"
"百二十五里","1","2","3"
"年四月辛未","3","0","3"
"雷震奉天门","2","1","3"
"奉天殿鸱吻","3","0","3"
"震奉先殿鸱","3","0","3"
"奉先殿鸱吻","3","0","3"
"折郊坛松柏","2","1","3"
"南京暴风雨","3","0","3"
"二月己巳朔","2","1","3"
"雷击南京西","1","2","3"
"历十五年七","2","1","3"
"化十三年正","1","2","3"
"天启七年八","1","2","3"
"启七年八月","1","2","3"
"岸五十四处","1","2","3"
"口八十九处","1","2","3"
"死人畜甚众","3","0","3"
"堤岸二十四","2","1","3"
"三千三百九","2","1","3"
"天顺元年夏","2","1","3"
"三年闰六月","1","2","3"
"二千六百余","2","1","3"
"隆庆六年五","1","2","3"
"庆六年五月","1","2","3"
"北方黑气东","3","0","3"
"方黑气东西","3","0","3"
"黑气东西亘","3","0","3"
"气东西亘天","3","0","3"
"司陈设仪仗","2","1","3"
"善长率礼官","2","1","3"
"设五辂奉天","3","0","3"
"五辂奉天门","3","0","3"
"亲王仪仗内","2","1","3"
"郡王妃仪仗","2","1","3"
"尺九寸五分","2","1","3"
"前后车棂雁","3","0","3"
"后车棂雁翅","3","0","3"
"轴中缠黄绒","3","0","3"
"中缠黄绒驾","3","0","3"
"缠黄绒驾辕","3","0","3"
"黄绒驾辕诸","3","0","3"
"绒驾辕诸索","3","0","3"
"雕木沉香色","3","0","3"
"香色描金香","3","0","3"
"色描金香草","3","0","3"
"门旁槅二明","3","0","3"
"旁槅二明栨","3","0","3"
"俱抹金铜鈒","3","0","3"
"施黄绮帷幔","3","0","3"
"垂攀顶黄线","3","0","3"
"雕木贴金云","2","1","3"
"木贴金云龙","2","1","3"
"间绣五彩云","3","0","3"
"五彩云龙文","3","0","3"
"垂青绮络带","3","0","3"
"圆盘四角连","3","0","3"
"盘四角连辂","3","0","3"
"转角阑干二","3","0","3"
"角阑干二扇","3","0","3"
"转角阑干一","3","0","3"
"角阑干一扇","3","0","3"
"雕木贴金龙","3","0","3"
"旗腰绣日月","2","1","3"
"腰绣日月北","2","1","3"
"绣日月北斗","2","1","3"
"亭高六尺四","2","1","3"
"红帘十二扇","3","0","3"
"广二尺二寸","3","0","3"
"上施红花毯","3","0","3"
"三尺二寸奇","3","0","3"
"色描金云龙","3","0","3"
"顶心四周绣","2","1","3"
"后一字带转","2","1","3"
"一字带转角","2","1","3"
"织金绮坐褥","3","0","3"
"耕根车载耒","3","0","3"
"根车载耒耜","3","0","3"
"耒耜穜稑种","3","0","3"
"内饰青地雕","3","0","3"
"饰青地雕木","3","0","3"
"衬板七十二","2","1","3"
"四周黄铜装","3","0","3"
"周黄铜装钉","3","0","3"
"槛座上四周","2","1","3"
"贤良方正一","2","1","3"
"良方正一人","2","1","3"
"天顺元年诏","3","0","3"
"经明行修士","3","0","3"
"一百一十七","1","2","3"
"百一十七人","1","2","3"
"官三年一朝","3","0","3"
"都察院考察","1","2","3"
"一百三十五","1","2","3"
"三年一次考","1","2","3"
"京官六年一","2","1","3"
"官六年一察","2","1","3"
"镇守官奏带","2","1","3"
"洪武元年命","1","2","3"
"文武官朝服","2","1","3"
"品杂色文绮","3","0","3"
"二十三年定","2","1","3"
"二十四年定","2","1","3"
"小杂花霞帔","2","1","3"
"上施蹙金绣","3","0","3"
"施蹙金绣云","3","0","3"
"金压鬓双头","2","1","3"
"鬓双头钗二","3","0","3"
"横竖襕绣缠","3","0","3"
"竖襕绣缠枝","3","0","3"
"襕绣缠枝花","3","0","3"
"鈒花银坠子","3","0","3"
"牡丹开头二","3","0","3"
"翠牡丹叶一","3","0","3"
"牡丹叶一十","3","0","3"
"丹叶一十八","3","0","3"
"文武一品官","1","2","3"
"都御史边镛","2","1","3"
"四方平定巾","2","1","3"
"青罗大袖衫","2","1","3"
"红罗销金裙","3","0","3"
"画花大袖衫","2","1","3"
"文武二舞乐","3","0","3"
"武二舞乐工","2","1","3"
"金胸背袄子","2","1","3"
"红生绢锦中","3","0","3"
"生绢锦中单","3","0","3"
"绢彩画胸背","2","1","3"
"彩画胸背方","2","1","3"
"画胸背方花","2","1","3"
"胸背方花小","2","1","3"
"背方花小袖","2","1","3"
"都察院衙门","1","2","3"
"御史巡按州","2","1","3"
"史巡按州县","2","1","3"
"江伯陈瑄治","2","1","3"
"御史巡抚浙","2","1","3"
"史巡抚浙江","2","1","3"
"臣民言事者","2","1","3"
"进士翰林院","3","0","3"
"中都国子监","2","1","3"
"希学袭封衍","2","1","3"
"学袭封衍圣","2","1","3"
"本色褾襈裾","3","0","3"
"瑀下垂玉花","3","0","3"
"折角向上巾","2","1","3"
"皇太子冠服","2","1","3"
"天子达庶人","3","0","3"
"翠云四十片","2","1","3"
"洪武五年定","2","1","3"
"国中尉冠服","3","0","3"
"大学士一人","1","2","3"
"增侍郎一人","3","0","3"
"十三清吏司","2","1","3"
"置宝钞提举","1","2","3"
"直隶府州卫","2","1","3"
"隶府州卫所","2","1","3"
"文武大臣请","2","1","3"
"进士入翰林","2","1","3"
"侍郎吴道南","2","1","3"
"一甲第二人","2","1","3"
"庶子黄洪宪","2","1","3"
"十八年会试","2","1","3"
"二甲第一名","1","2","3"
"外红罗销金","3","0","3"
"盝饰浑金沥","3","0","3"
"书省长官外","2","1","3"
"长安左右门","2","1","3"
"内府印绶监","2","1","3"
"皇后行亲蚕","2","1","3"
"后行亲蚕礼","2","1","3"
"后曰华盖殿","3","0","3"
"后曰谨身殿","3","0","3"
"天叙都元帅","3","0","3"
"三万六千人","1","2","3"
"友谅陷太平","3","0","3"
"士诚合攻应","2","1","3"
"诚合攻应天","2","1","3"
"冬十一月己","3","0","3"
"十一月己未","3","0","3"
"叛降张士诚","1","2","3"
"夏四月己卯","3","0","3"
"江西行省平","2","1","3"
"夏四月壬戌","3","0","3"
"张定边直犯","3","0","3"
"定边直犯太","3","0","3"
"边直犯太祖","3","0","3"
"直犯太祖舟","3","0","3"
"十二月丙申","3","0","3"
"秋七月丁丑","3","0","3"
"冬十二月庚","3","0","3"
"福建行省平","2","1","3"
"建行省平章","2","1","3"
"遇春副将军","3","0","3"
"秋七月丙子","3","0","3"
"礼天地南郊","3","0","3"
"郑复使西洋","3","0","3"
"宴群臣谨身","3","0","3"
"群臣谨身殿","3","0","3"
"夏四月甲申","3","0","3"
"元梁王匝剌","3","0","3"
"梁王匝剌瓦","3","0","3"
"王匝剌瓦密","3","0","3"
"冬十月丙子","3","0","3"
"永城侯薛显","1","2","3"
"命天下学校","2","1","3"
"论平云南功","3","0","3"
"使思伦发反","1","2","3"
"夏四月甲辰","3","0","3"
"都督濮英殿","2","1","3"
"秋七月戊寅","3","0","3"
"安南黎季犛","3","0","3"
"国公常升等","2","1","3"
"秋七月壬辰","3","0","3"
"诏天下卫所","2","1","3"
"等十四人分","1","2","3"
"蓝玉征罕东","2","1","3"
"春正月戊申","3","0","3"
"秋八月甲戌","3","0","3"
"春正月壬申","3","0","3"
"三十年春正","2","1","3"
"春正月丙辰","3","0","3"
"夏四月庚辰","3","0","3"
"南京地屡震","3","0","3"
"秋七月乙亥","3","0","3"
"谕法司慎刑","3","0","3"
"法司慎刑狱","3","0","3"
"讨平宜山蛮","2","1","3"
"德元年春正","2","1","3"
"清理天下军","2","1","3"
"秋七月己亥","3","0","3"
"立贵妃孙氏","1","2","3"
"夏四月癸亥","3","0","3"
"免山西旱灾","2","1","3"
"免陕西灾夏","3","0","3"
"陕西灾夏税","3","0","3"
"秋七月戊辰","3","0","3"
"冬十月庚辰","3","0","3"
"松花江造船","1","2","3"
"秋七月癸亥","3","0","3"
"阅城堡兵备","2","1","3"
"诏行宽恤政","3","0","3"
"夏四月戊戌","3","0","3"
"秋七月甲申","3","0","3"
"鳏寡孤独废","2","1","3"
"寡孤独废疾","2","1","3"
"十二月丁卯","3","0","3"
"冬十月壬戌","3","0","3"
"追封郭子兴","1","2","3"
"破扩廓帖木","2","1","3"
"冬十月丙辰","3","0","3"
"贻元嗣君书","3","0","3"
"河南灾田租","3","0","3"
"愈征西将军","3","0","3"
"春正月甲寅","3","0","3"
"夏四月己丑","3","0","3"
"湖水灾田租","2","1","3"
"冬十月戊午","3","0","3"
"冬十月甲子","3","0","3"
"十一月庚午","3","0","3"
"相胡惟庸谋","2","1","3"
"子弟入国学","1","2","3"
"明年元夕灯","3","0","3"
"十二月辛未","3","0","3"
"春正月己酉","3","0","3"
"秋七月壬子","3","0","3"
"皇太后天寿","3","0","3"
"太后天寿山","3","0","3"
"后天寿山谒","3","0","3"
"免所过田租","3","0","3"
"复建言诸臣","2","1","3"
"建言诸臣职","2","1","3"
"夏四月丁巳","3","0","3"
"前礼部侍郎","2","1","3"
"夏四月癸酉","3","0","3"
"十六年春三","2","1","3"
"六年春三月","2","1","3"
"年春三月壬","3","0","3"
"免山东灾夏","3","0","3"
"山东灾夏税","3","0","3"
"黄河决口工","2","1","3"
"河套部敌犯","3","0","3"
"总督军务兵","2","1","3"
"督军务兵部","2","1","3"
"军务兵部尚","2","1","3"
"士赵志皋等","1","2","3"
"总兵官刘綎","3","0","3"
"总兵官李柏","3","0","3"
"兵部侍郎邢","1","2","3"
"前兵部尚书","2","1","3"
"万世德经略","2","1","3"
"世德经略朝","2","1","3"
"德经略朝鲜","2","1","3"
"年春二月壬","3","0","3"
"夏四月甲戌","3","0","3"
"千四百万两","1","2","3"
"宣慰使安疆","1","2","3"
"慰使安疆臣","1","2","3"
"冬十月辛未","3","0","3"
"法司请热审","3","0","3"
"十一年春三","2","1","3"
"一年春三月","2","1","3"
"三十二年春","2","1","3"
"三十四年春","2","1","3"
"三十五年春","2","1","3"
"三十六年春","2","1","3"
"三十七年春","2","1","3"
"年春三月辛","3","0","3"
"夏四月丁丑","3","0","3"
"春二月庚子","2","1","3"
"四十年春二","2","1","3"
"春正月乙丑","3","0","3"
"四十三年春","2","1","3"
"男子张差持","3","0","3"
"子张差持梃","3","0","3"
"张差持梃入","3","0","3"
"梃入慈庆宫","3","0","3"
"河套诸部犯","3","0","3"
"套诸部犯延","3","0","3"
"诸部犯延绥","3","0","3"
"冬十月辛酉","3","0","3"
"十一月戊寅","3","0","3"
"十四年春三","2","1","3"
"四年春三月","2","1","3"
"加天下田赋","3","0","3"
"夏四月癸丑","3","0","3"
"发帑金百万","3","0","3"
"母贤妃刘氏","1","2","3"
"承宗兵部尚","3","0","3"
"宗兵部尚书","3","0","3"
"流贼罗汝才","2","1","3"
"秋七月辛丑","3","0","3"
"刘宇烈下狱","1","2","3"
"将贺人龙等","2","1","3"
"宣大总督侍","2","1","3"
"大总督侍郎","2","1","3"
"十一月庚戌","3","0","3"
"总兵官祖宽","1","2","3"
"冬十月丙午","3","0","3"
"秋七月乙巳","3","0","3"
"白莲贼徐鸿","2","1","3"
"莲贼徐鸿儒","2","1","3"
"贼徐鸿儒反","2","1","3"
"秋七月辛卯","3","0","3"
"杖御史林汝","2","1","3"
"书赵南星等","2","1","3"
"春正月戊午","3","0","3"
"江佥都御史","2","1","3"
"御史潘汝桢","2","1","3"
"建魏忠贤生","2","1","3"
"庄田一千顷","1","2","3"
"大清兵围锦","3","0","3"
"清兵围锦州","3","0","3"
"大清兵入墙","3","0","3"
"清兵入墙子","3","0","3"
"兵入墙子岭","3","0","3"
"传庭总督保","2","1","3"
"庭总督保定","2","1","3"
"上孝纯皇太","1","2","3"
"总兵官倪宠","1","2","3"
"杨嗣昌誓师","2","1","3"
"嗣昌誓师襄","2","1","3"
"昌誓师襄阳","2","1","3"
"良玉平贼将","3","0","3"
"玉平贼将军","3","0","3"
"孙应元等大","3","0","3"
"应元等大破","3","0","3"
"陕西都御史","2","1","3"
"下吏部尚书","2","1","3"
"春正月庚寅","3","0","3"
"十二月丁酉","3","0","3"
"理少卿薛岩","2","1","3"
"北平按察使","1","2","3"
"懿文太子陵","2","1","3"
"百一十九人","1","2","3"
"妃张氏皇后","3","0","3"
"遣御史分巡","2","1","3"
"御史分巡天","2","1","3"
"史分巡天下","2","1","3"
"奉天门受朝","2","1","3"
"改北平行都","2","1","3"
"平行都司大","3","0","3"
"行都司大宁","3","0","3"
"夏四月丁未","3","0","3"
"冬十月丁丑","3","0","3"
"十一月甲辰","3","0","3"
"三十八万石","1","2","3"
"前大理卿薛","2","1","3"
"部尚书刘俊","2","1","3"
"刘俊参赞军","2","1","3"
"张辅大败安","1","2","3"
"辅大败安南","1","2","3"
"冬十一月丁","3","0","3"
"十二月庚戌","3","0","3"
"召宁阳侯陈","2","1","3"
"城侯李彬讨","2","1","3"
"福参赞南京","2","1","3"
"参赞南京守","2","1","3"
"赞南京守备","2","1","3"
"皇太后太皇","3","0","3"
"太后太皇太","3","0","3"
"七十七万余","1","2","3"
"下户部尚书","2","1","3"
"录南京刑狱","3","0","3"
"下驸马都尉","2","1","3"
"子见深皇太","3","0","3"
"见深皇太子","3","0","3"
"免景泰二年","2","1","3"
"御史十五人","1","2","3"
"瓦剌寇大同","3","0","3"
"尚书金濂违","2","1","3"
"讨湖广巴马","2","1","3"
"史王文巡视","1","2","3"
"南京大理少","2","1","3"
"京大理少卿","2","1","3"
"一百余万石","1","2","3"
"十二月己亥","3","0","3"
"大破湖广苗","2","1","3"
"兴献王封号","1","2","3"
"按御史三年","1","2","3"
"俺答寇大同","3","0","3"
"秋八月辛酉","3","0","3"
"等一百三十","1","2","3"
"一百三十四","1","2","3"
"道士邵元节","1","2","3"
"小王子犯宣","3","0","3"
"王子犯宣府","3","0","3"
"讨田州叛蛮","2","1","3"
"左都御史聂","1","2","3"
"夏四月甲寅","3","0","3"
"命武定侯郭","2","1","3"
"南畿灾夏税","3","0","3"
"天下方面官","2","1","3"
"讨山都掌蛮","2","1","3"
"京师地震者","3","0","3"
"大理寺卿薛","1","2","3"
"礼部侍郎翰","3","0","3"
"免浙江灾税","3","0","3"
"指挥李鉴战","1","2","3"
"挥李鉴战死","1","2","3"
"浙江灾秋粮","3","0","3"
"占城王子古","1","2","3"
"杨时将乐伯","2","1","3"
"十二月己酉","2","1","3"
"遣大学士李","2","1","3"
"士李东阳祭","2","1","3"
"李东阳祭告","2","1","3"
"召夏言入阁","1","2","3"
"游击高极战","1","2","3"
"击高极战死","1","2","3"
"陕西三边侍","2","1","3"
"西三边侍郎","2","1","3"
"召大同总兵","1","2","3"
"三大营旧制","2","1","3"
"冬十月甲戌","3","0","3"
"祭告郊庙社","1","2","3"
"一千八百六","1","2","3"
"命锦衣卫官","1","2","3"
"授都指挥佥","3","0","3"
"一百二十七","1","2","3"
"遂猎南海子","3","0","3"
"银一百万两","1","2","3"
"正月辛丑朔","2","1","3"
"国公朱寿将","1","2","3"
"幸大学士杨","1","2","3"
"尚书项忠请","2","1","3"
"核天下库藏","2","1","3"
"怀恩同法司","2","1","3"
"汪直监督军","1","2","3"
"太祖命太子","1","2","3"
"重安长官司","1","2","3"
"良臣庆阳降","3","0","3"
"一月壬寅朔","2","1","3"
"五月乙酉朔","2","1","3"
"四月壬申朔","2","1","3"
"参政朱亮祖","2","1","3"
"赐葬钟山阴","3","0","3"
"辅导皇太孙","1","2","3"
"永乐八年春","1","2","3"
"沙州卫都督","2","1","3"
"洪武中归附","3","0","3"
"开泰州白塔","2","1","3"
"景泰三年卒","2","1","3"
"万七千余级","2","1","3"
"舆登万岁山","2","1","3"
"太子巡视陕","1","2","3"
"子巡视陕西","1","2","3"
"修两朝实录","2","1","3"
"正十二年春","1","2","3"
"孙德崖等四","1","2","3"
"德崖等四人","1","2","3"
"太祖命廖永","2","1","3"
"祖命廖永忠","2","1","3"
"将军徐达攻","2","1","3"
"军经略中原","2","1","3"
"复大将军征","3","0","3"
"遣司徒李伯","2","1","3"
"改永兴翼元","2","1","3"
"永兴卫亲军","1","2","3"
"兴卫亲军指","1","2","3"
"先锋九千人","1","2","3"
"副征西将军","2","1","3"
"口一百二十","1","2","3"
"大将军北伐","2","1","3"
"大军征云南","2","1","3"
"三年大将军","3","0","3"
"海寇邵宗愚","2","1","3"
"擢江西行省","3","0","3"
"章达里麻率","1","2","3"
"年左副将军","3","0","3"
"马步舟师取","3","0","3"
"命巡视河南","1","2","3"
"十三年追坐","3","0","3"
"邀击泾江口","3","0","3"
"二十三年坐","3","0","3"
"军廖永忠等","2","1","3"
"傅友德讨平","2","1","3"
"六安卫指挥","1","2","3"
"儒士欧阳佑","1","2","3"
"士欧阳佑等","1","2","3"
"攻破海牙水","1","2","3"
"平章常遇春","1","2","3"
"洪武元年太","2","1","3"
"徽州南一百","2","1","3"
"州南一百八","2","1","3"
"南一百八渡","2","1","3"
"论功授开国","3","0","3"
"功授开国辅","3","0","3"
"左右副将军","1","2","3"
"张士诚援兵","1","2","3"
"等八十余人","1","2","3"
"升山水陆寨","2","1","3"
"遇春进取山","1","2","3"
"春进取山西","1","2","3"
"行省平章事","2","1","3"
"下马持短兵","2","1","3"
"督朱文正镇","1","2","3"
"二十三年朝","1","2","3"
"六十里设一","1","2","3"
"白金三万两","1","2","3"
"粮二十万石","1","2","3"
"使天下后世","2","1","3"
"镇守都御史","2","1","3"
"永乐九年进","3","0","3"
"宣德三年召","3","0","3"
"都御史卢睿","2","1","3"
"六万六千余","2","1","3"
"加禄三百石","3","0","3"
"正统五年正","1","2","3"
"统五年正月","1","2","3"
"王通佩征夷","1","2","3"
"永乐元年四","1","2","3"
"乐元年四月","1","2","3"
"八万六千余","1","2","3"
"衣卫指挥纪","1","2","3"
"二百四十人","1","2","3"
"五万三千余","1","2","3"
"四万二千余","1","2","3"
"大理卿俞士","2","1","3"
"理卿俞士悦","2","1","3"
"后二十余年","1","2","3"
"永乐八年北","2","1","3"
"乐八年北征","2","1","3"
"斩首千余级","3","0","3"
"斩首一千七","1","2","3"
"首一千七百","1","2","3"
"赤斤蒙古卫","1","2","3"
"三百六十人","1","2","3"
"三千营操练","1","2","3"
"沙洲卫都督","1","2","3"
"丰大沽河入","2","1","3"
"大沽河入海","2","1","3"
"十九万余石","1","2","3"
"高三十余丈","1","2","3"
"城西管家湖","2","1","3"
"堤内凿渠四","2","1","3"
"内凿渠四十","2","1","3"
"凿渠四十里","2","1","3"
"舍五百六十","2","1","3"
"进学文渊阁","3","0","3"
"十二万余石","1","2","3"
"衣卫指挥逯","1","2","3"
"卫指挥逯杲","1","2","3"
"赠翰林学士","2","1","3"
"赠南京礼部","2","1","3"
"朝廷论功行","1","2","3"
"廷论功行赏","1","2","3"
"授翰林侍讲","2","1","3"
"尊谥曰孝慈","3","0","3"
"成祖仁孝皇","2","1","3"
"祖仁孝皇后","2","1","3"
"统七年十月","2","1","3"
"宣大总督翟","2","1","3"
"大总督翟鹏","2","1","3"
"斩三百余人","3","0","3"
"佥书广东都","2","1","3"
"书广东都司","2","1","3"
"五年三月遂","2","1","3"
"崇祯中举人","3","0","3"
"盐运司判官","2","1","3"
"佥事张大经","2","1","3"
"张献忠反谷","3","0","3"
"献忠反谷城","3","0","3"
"吏部考功郎","1","2","3"
"部考功郎中","1","2","3"
"帝命中书省","2","1","3"
"时王振专权","1","2","3"
"长宁伯周彧","1","2","3"
"湖广巡抚王","2","1","3"
"忠贤遂矫旨","3","0","3"
"历文选员外","3","0","3"
"相持四十余","2","1","3"
"臣请立东宫","1","2","3"
"率数万人攻","1","2","3"
"数万人攻城","1","2","3"
"副将孙枝秀","2","1","3"
"将孙枝秀跃","2","1","3"
"孙枝秀跃马","2","1","3"
"枝秀跃马追","2","1","3"
"调浙兵三千","2","1","3"
"视陕西四镇","2","1","3"
"总督梅友松","1","2","3"
"隆庆五年二","1","2","3"
"庆五年二月","1","2","3"
"副总兵赵完","2","1","3"
"总兵赵完责","2","1","3"
"帝优诏褒美","3","0","3"
"进南京刑部","3","0","3"
"史盛应期所","1","2","3"
"事中雒遵劾","3","0","3"
"张居正所喜","1","2","3"
"季驯右都御","3","0","3"
"驯右都御史","3","0","3"
"赠刑部尚书","3","0","3"
"浙江山阴县","1","2","3"
"三万九千余","1","2","3"
"臣申时行等","1","2","3"
"任教习庶吉","1","2","3"
"授南京工部","2","1","3"
"故延绥巡抚","2","1","3"
"殷明略故道","2","1","3"
"粮十二万石","2","1","3"
"改吏部主事","1","2","3"
"历十一年会","1","2","3"
"京太仆卿沈","2","1","3"
"太仆卿沈思","2","1","3"
"仆卿沈思孝","2","1","3"
"员外郎吕胤","1","2","3"
"外郎吕胤昌","1","2","3"
"职方郎中杨","1","2","3"
"尚书石星极","1","2","3"
"辅臣王家屏","1","2","3"
"举嘉靖四十","3","0","3"
"事中王绍徽","1","2","3"
"副都御史许","1","2","3"
"令兵部尚书","1","2","3"
"书欧阳必进","1","2","3"
"尚宝丞周弘","2","1","3"
"御史林祖述","2","1","3"
"兵科右事中","3","0","3"
"陛下励精图","1","2","3"
"下励精图治","1","2","3"
"位二十余年","2","1","3"
"衣卫都督王","1","2","3"
"张〈王总〉","3","0","3"
"四方学者日","3","0","3"
"入南京国子","1","2","3"
"擢陕西提学","3","0","3"
"郎杨时乔请","2","1","3"
"吴莱学古文","1","2","3"
"四方文学士","2","1","3"
"授兵部员外","2","1","3"
"阉党杨维垣","1","2","3"
"廷宪知紫金","2","1","3"
"贞弃广宁逃","2","1","3"
"大凌河新城","2","1","3"
"等分门死守","2","1","3"
"吏部缺左侍","2","1","3"
"部缺左侍郎","2","1","3"
"授南京刑部","1","2","3"
"赠都督佥事","2","1","3"
"生母王恭妃","1","2","3"
"赠太子太傅","2","1","3"
"部尚书田乐","1","2","3"
"除中书舍人","2","1","3"
"度博涉经史","1","2","3"
"卿侍读学士","3","0","3"
"景明上书吏","1","2","3"
"明上书吏部","1","2","3"
"治十一年乡","1","2","3"
"御史喻茂坚","1","2","3"
"正德八年乡","1","2","3"
"德八年乡试","1","2","3"
"八年乡试第","2","1","3"
"添注左侍郎","2","1","3"
"时刑部尚书","1","2","3"
"巡按御史薛","2","1","3"
"察使林宰等","1","2","3"
"推官冯凤雏","1","2","3"
"崇明父子逃","1","2","3"
"二十八年乡","1","2","3"
"十八年乡试","1","2","3"
"能骂魏上公","1","2","3"
"西洋人龙华","1","2","3"
"洋人龙华民","1","2","3"
"帝召见大臣","1","2","3"
"史冯三元等","1","2","3"
"太监魏忠贤","1","2","3"
"五军营副将","1","2","3"
"斩首一千六","1","2","3"
"首一千六百","1","2","3"
"子龙副总兵","2","1","3"
"一千二百级","1","2","3"
"尚书高第代","2","1","3"
"天启四年秋","1","2","3"
"发帑金二十","3","0","3"
"帑金二十万","3","0","3"
"震孺巡按辽","1","2","3"
"孺巡按辽东","1","2","3"
"参将祖大寿","1","2","3"
"巡抚王应豸","1","2","3"
"城二十五里","1","2","3"
"抚方孔召","3","0","3"
"世荫锦衣佥","2","1","3"
"总兵朱国彦","2","1","3"
"咬〈口留〉","3","0","3"
"巡抚练国事","2","1","3"
"总督王永吉","1","2","3"
"巡抚熊文灿","1","2","3"
"修撰刘同升","1","2","3"
"刑部主事张","2","1","3"
"部主事张若","2","1","3"
"主事张若麒","2","1","3"
"四百八十余","2","1","3"
"首辅刘宇亮","2","1","3"
"东厂理刑吴","2","1","3"
"厂理刑吴道","2","1","3"
"理刑吴道正","2","1","3"
"刑部主事朱","2","1","3"
"天启二年正","1","2","3"
"启二年正月","1","2","3"
"辽人守辽土","2","1","3"
"崇祯二年五","2","1","3"
"法拥立潞王","2","1","3"
"辅臣文震孟","1","2","3"
"历十四年会","1","2","3"
"事中刘弘化","2","1","3"
"中刘弘化首","2","1","3"
"巡抚方一藻","1","2","3"
"大清兵深入","2","1","3"
"清兵深入内","2","1","3"
"兵深入内地","2","1","3"
"知县蒋应昌","2","1","3"
"大将左良玉","1","2","3"
"郑世子载堉","3","0","3"
"五年戊寅岁","2","1","3"
"景泰元年正","1","2","3"
"泰元年正月","1","2","3"
"元辛巳二百","2","1","3"
"辛巳二百三","2","1","3"
"巳二百三十","2","1","3"
"八月辛卯日","1","2","3"
"女宿十度左","1","2","3"
"宿十度左右","1","2","3"
"六分六十秒","1","2","3"
"百六十一年","1","2","3"
"六十五度四","2","1","3"
"十五度四分","2","1","3"
"月壬寅朔日","1","2","3"
"大西洋人利","1","2","3"
"人利玛窦进","1","2","3"
"钦天监所推","2","1","3"
"二十四节气","1","2","3"
"行二十四分","2","1","3"
"十四日所测","1","2","3"
"规分三百六","1","2","3"
"大理寺驳正","2","1","3"
"法司堂上官","2","1","3"
"宣德二年五","1","2","3"
"祯十五年四","1","2","3"
"户部侍郎陈","1","2","3"
"蓟州巡抚朱","1","2","3"
"欧阳一敬极","1","2","3"
"帝皮弁服御","3","0","3"
"礼部官奉诏","3","0","3"
"官持节复命","2","1","3"
"三年二月行","1","2","3"
"年二月行礼","1","2","3"
"诣父皇陛下","3","0","3"
"宾降一等受","3","0","3"
"内侍跪进服","3","0","3"
"服诣奉天殿","3","0","3"
"光禄寺官进","2","1","3"
"昊天上帝圜","3","0","3"
"天上帝圜丘","3","0","3"
"皇地祇方丘","3","0","3"
"设中韶乐殿","3","0","3"
"中韶乐殿内","3","0","3"
"教坊司请奏","3","0","3"
"进酒进汤前","3","0","3"
"酒进汤前仪","3","0","3"
"奏百戏承应","3","0","3"
"生六十二人","2","1","3"
"共一百三十","1","2","3"
"乐生六十人","2","1","3"
"教坊司乐工","1","2","3"
"定帝社稷乐","1","2","3"
"天香凤韶曲","3","0","3"
"兵乘势渡江","1","2","3"
"定宴飨乐舞","2","1","3"
"风调雨顺百","1","2","3"
"设御座奉天","3","0","3"
"校尉擎云盖","3","0","3"
"奉天门金水","2","1","3"
"天门金水桥","2","1","3"
"门金水桥南","2","1","3"
"洪武二年定","2","1","3"
"宝舆奉天门","3","0","3"
"序班举表案","2","1","3"
"诣香案前跪","3","0","3"
"殿上正中设","1","2","3"
"中设皇太子","1","2","3"
"光禄寺设酒","2","1","3"
"武二十年定","3","0","3"
"酒行初献兮","3","0","3"
"烝民率土兮","3","0","3"
"祖庙初献云","3","0","3"
"谕礼部尚书","2","1","3"
"承天府守备","1","2","3"
"王公大臣丧","2","1","3"
"太常卿奏礼","3","0","3"
"常卿奏礼毕","3","0","3"
"内使监令奏","2","1","3"
"代受册命者","1","2","3"
"中山王徐达","1","2","3"
"功臣殁后封","3","0","3"
"臣殁后封王","3","0","3"
"臣李善长等","1","2","3"
"皆斩衰三年","3","0","3"
"继父同居两","2","1","3"
"同堂兄弟女","3","0","3"
"叔伯祖父母","2","1","3"
"尚书崔亮奏","3","0","3"
"太常卿洪文","2","1","3"
"常卿洪文衡","2","1","3"
"卿洪文衡请","2","1","3"
"锦衣卫设仪","2","1","3"
"宗东西相向","2","1","3"
"前设册宝案","1","2","3"
"仁孝皇后神","2","1","3"
"尚宝司设宝","2","1","3"
"宝司设宝案","2","1","3"
"仪礼司设同","1","2","3"
"礼司设同文","1","2","3"
"纠仪御史二","2","1","3"
"谢恩见辞官","3","0","3"
"礼引皇太子","3","0","3"
"女官设御座","1","2","3"
"官设御座香","1","2","3"
"设御座香案","1","2","3"
"笺案殿东门","3","0","3"
"诣皇后殿下","3","0","3"
"百官朝见太","1","2","3"
"官朝见太子","1","2","3"
"王王府官皆","3","0","3"
"官二十四人","1","2","3"
"文武官四品","1","2","3"
"夫人妾氏等","3","0","3"
"惟皇太后陛","3","0","3"
"农民耆老陪","1","2","3"
"钦天监择吉","1","2","3"
"天下神祇坛","3","0","3"
"嘉靖八年秋","1","2","3"
"春秋二季月","3","0","3"
"秋二季月将","3","0","3"
"嘉靖八年春","1","2","3"
"尚书李时言","3","0","3"
"春夏秋冬四","1","2","3"
"秋仲月上旬","3","0","3"
"夏冬二季月","3","0","3"
"冬二季月将","3","0","3"
"风云雷雨诸","2","1","3"
"月十一日神","2","1","3"
"行奉安神位","2","1","3"
"奉安神位礼","2","1","3"
"告祭奉先殿","1","2","3"
"祭告奉先殿","1","2","3"
"三叩头礼毕","2","1","3"
"皇考献皇帝","2","1","3"
"皇帝服皮弁","3","0","3"
"光禄寺官主","2","1","3"
"永乐十二年","1","2","3"
"九月二十八","1","2","3"
"四月二十六","1","2","3"
"称汉前将军","2","1","3"
"正德二年改","2","1","3"
"祀丁普郎等","1","2","3"
"增设天下神","1","2","3"
"问大学士张","1","2","3"
"郊祀后稷配","3","0","3"
"祀后稷配天","3","0","3"
"文王明堂配","3","0","3"
"王明堂配上","3","0","3"
"明堂配上帝","3","0","3"
"太常卿赞曰","3","0","3"
"请太祖配位","1","2","3"
"皇地祇神版","1","2","3"
"殿丹陛上行","2","1","3"
"集文武大臣","1","2","3"
"黄赤道大弦","3","0","3"
"黄赤道大股","3","0","3"
"赤道大股五","2","1","3"
"道大股五十","2","1","3"
"上廉乘半弧","2","1","3"
"廉乘半弧背","2","1","3"
"零六分二十","1","2","3"
"六分二十五","1","2","3"
"余一百八十","2","1","3"
"一分六十二","1","2","3"
"分六十二秒","1","2","3"
"赤道半弧弦","2","1","3"
"大弦六十零","3","0","3"
"弦六十零度","3","0","3"
"道半弧弦一","2","1","3"
"半弧弦一度","2","1","3"
"赤道小股五","2","1","3"
"道小股五十","2","1","3"
"小股五十六","2","1","3"
"黄道赤道内","1","2","3"
"后四十四度","3","0","3"
"赤道小弦五","1","2","3"
"道小弦五十","1","2","3"
"十七度三十","1","2","3"
"分八十九秒","1","2","3"
"白赤道正交","3","0","3"
"黄赤道正交","3","0","3"
"度四十七分","1","2","3"
"分八十二秒","1","2","3"
"顺天府祈祷","1","2","3"
"四十五年夏","1","2","3"
"崇祯元年正","1","2","3"
"祯元年正月","1","2","3"
"正统三年三","1","2","3"
"统三年三月","1","2","3"
"凤阳府地震","3","0","3"
"死八十三万","1","2","3"
"山丹卫地震","2","1","3"
"隆庆二年五","1","2","3"
"庆二年五月","1","2","3"
"直省州县二","3","0","3"
"淮决高家堰","3","0","3"
"漕侍郎吴桂","3","0","3"
"云梯关入海","2","1","3"
"河漕诸臣会","2","1","3"
"工科事中张","3","0","3"
"总河尚书刘","2","1","3"
"令总河侍郎","1","2","3"
"济宁天井闸","2","1","3"
"百八十五里","1","2","3"
"新泰宫山下","1","2","3"
"静丰镇合流","1","2","3"
"筑东西二堤","1","2","3"
"事中雒遵勘","2","1","3"
"命总河侍郎","2","1","3"
"宝应汜光湖","1","2","3"
"百二十馀里","3","0","3"
"李三才建议","1","2","3"
"千四百馀丈","3","0","3"
"边将江彬等","2","1","3"
"戚继光总理","1","2","3"
"银五万余两","1","2","3"
"锦衣卫佥事","1","2","3"
"马价银四万","2","1","3"
"南京职方郎","1","2","3"
"京职方郎中","1","2","3"
"隆庆四年九","1","2","3"
"庆四年九月","1","2","3"
"山东馆陶西","2","1","3"
"滏阳河合流","1","2","3"
"三千九百馀","3","0","3"
"千九百馀丈","3","0","3"
"卢沟河堤岸","1","2","3"
"辅臣申时行","1","2","3"
"碙〈石句〉","3","0","3"
"〈石句〉石","3","0","3"
"林学士宋濂","1","2","3"
"百二十三条","1","2","3"
"三百六十日","1","2","3"
"遣清军御史","1","2","3"
"泰兴北新河","2","1","3"
"御史林应训","1","2","3"
"八十四溪水","3","0","3"
"特设户部侍","2","1","3"
"设户部侍郎","2","1","3"
"协理京营戎","1","2","3"
"一百九十六","1","2","3"
"兵六万八千","1","2","3"
"五军营叉刀","2","1","3"
"军营叉刀围","2","1","3"
"营叉刀围子","2","1","3"
"军一千五百","1","2","3"
"二三十万人","1","2","3"
"一百五十步","1","2","3"
"赏银五十两","3","0","3"
"化十四年例","3","0","3"
"定天下都司","2","1","3"
"六万八千余","1","2","3"
"五十余万两","1","2","3"
"浚海盐澉浦","1","2","3"
"山泾港等处","1","2","3"
"增筑雄县横","2","1","3"
"筑雄县横堤","2","1","3"
"一百九十四","1","2","3"
"京光禄寺少","1","2","3"
"天顺二年正","1","2","3"
"顺二年正月","1","2","3"
"度三十三分","1","2","3"
"塞崔镇决口","1","2","3"
"下诏书同意","0","3","3"
"考察他们的","0","3","3"
"寨的番族人","0","3","3"
"的番族人进","0","3","3"
"廷内外一片","0","3","3"
"他捆了起来","0","3","3"
"直接隶属于","0","3","3"
"地区的蛮族","0","3","3"
"向他们询问","0","3","3"
"都没有上报","0","3","3"
"情况后上报","0","3","3"
"皇上同意他","0","3","3"
"大臣的意见","0","3","3"
"自己的名字","0","3","3"
"势力已经形","0","3","3"
"力已经形成","0","3","3"
"现在让他们","0","3","3"
"皇帝也不答","0","3","3"
"帝也不答复","0","3","3"
"给自己留下","0","3","3"
"没有听说过","0","3","3"
"下令有关部","0","3","3"
"来归附的人","0","3","3"
"书为自己辩","0","3","3"
"守了三年丧","0","3","3"
"由此朝廷内","0","3","3"
"此朝廷内外","0","3","3"
"成祖认为他","0","3","3"
"他逮捕入狱","0","3","3"
"我们这些大","0","3","3"
"们这些大臣","0","3","3"
"大臣的罪过","0","3","3"
"们的所作所","0","3","3"
"京师就失守","0","3","3"
"师就失守了","0","3","3"
"自古以来有","0","3","3"
"还没来得及","0","3","3"
"周围地区的","0","3","3"
"听取意见的","0","3","3"
"取意见的方","0","3","3"
"意见的方式","0","3","3"
"十几个宦官","0","3","3"
"后十分高兴","0","3","3"
"传达皇上的","0","3","3"
"庄烈帝采纳","0","3","3"
"把他的奏疏","0","3","3"
"他的奏疏交","0","3","3"
"部门详细讨","0","3","3"
"门详细讨论","0","3","3"
"令抚按大臣","0","3","3"
"一天天积累","0","3","3"
"过了一年又","0","3","3"
"次上奏称病","0","3","3"
"亲去世后他","0","3","3"
"就称病回乡","0","3","3"
"肯定了他的","0","3","3"
"上疏请求回","0","3","3"
"没有上任就","0","3","3"
"上任就去世","0","3","3"
"最终不同意","0","3","3"
"因为母亲年","0","3","3"
"乘坐驿车回","0","3","3"
"亲去世而回","0","3","3"
"下到有关部","0","3","3"
"十分信任他","0","3","3"
"为非作歹的","0","3","3"
"武宗的谱系","0","3","3"
"的人认为不","0","3","3"
"自己的想法","0","3","3"
"被逮入诏狱","0","3","3"
"被打了一顿","0","3","3"
"的奏章发给","0","3","3"
"护送他回乡","0","3","3"
"他多次上书","0","3","3"
"那么陛下的","0","3","3"
"陛下的孝心","0","3","3"
"朝廷中大臣","0","3","3"
"免除拖欠的","0","3","3"
"说他的坏话","0","3","3"
"被交给司法","0","3","3"
"百姓非常高","0","3","3"
"姓非常高兴","0","3","3"
"上不高兴地","0","3","3"
"内外的大臣","0","3","3"
"因病回到家","0","3","3"
"不是这样的","0","3","3"
"将方皇后的","0","3","3"
"于是派使者","0","3","3"
"太祖听说后","0","3","3"
"认为他贤良","0","3","3"
"不久因病辞","0","3","3"
"太祖十分赞","0","3","3"
"祖十分赞赏","0","3","3"
"减少对他们","0","3","3"
"还没有完成","0","3","3"
"没有完成的","0","3","3"
"李化龙的父","0","3","3"
"化龙的父亲","0","3","3"
"帝下诏让他","0","3","3"
"四川的将领","0","3","3"
"将该奏章交","0","3","3"
"交给抚按官","0","3","3"
"去调查审核","0","3","3"
"持皇帝的诏","0","3","3"
"帝的诏书前","0","3","3"
"掳掠去的中","0","3","3"
"掠去的中国","0","3","3"
"去的中国人","0","3","3"
"将阉孩送还","0","3","3"
"守卫大臣也","0","3","3"
"是朝廷便将","0","3","3"
"商议后认为","0","3","3"
"的军用物资","0","3","3"
"年向朝廷献","0","3","3"
"脱脱不花与","0","3","3"
"请求朝廷下","0","3","3"
"朝廷进贡物","0","3","3"
"按前例给予","0","3","3"
"的金牌和信","0","3","3"
"第二年朝廷","0","3","3"
"认为他们的","0","3","3"
"将此上报给","0","3","3"
"的东西全部","0","3","3"
"朝廷大臣认","0","3","3"
"廷大臣认为","0","3","3"
"扣发了他们","0","3","3"
"没有采纳他","0","3","3"
"有采纳他的","0","3","3"
"祖先的坟墓","0","3","3"
"世宗的心思","0","3","3"
"宗最后还是","0","3","3"
"赐给他一枚","0","3","3"
"他的奏疏递","0","3","3"
"是他们两个","0","3","3"
"他们三个人","0","3","3"
"仗着自己的","0","3","3"
"因为别人推","0","3","3"
"为别人推荐","0","3","3"
"不等朝廷批","0","3","3"
"城门的钥匙","0","3","3"
"关进锦衣卫","0","3","3"
"到地方上去","0","3","3"
"更坚决请求","0","3","3"
"自己的部属","0","3","3"
"此被扣发了","0","3","3"
"各有关部门","0","3","3"
"人实际上是","0","3","3"
"不是过继给","0","3","3"
"是过继给人","0","3","3"
"过继给人当","0","3","3"
"论大礼的大","0","3","3"
"世宗非常高","0","3","3"
"宗非常高兴","0","3","3"
"像他们所说","0","3","3"
"长时间没有","0","3","3"
"定大礼的功","0","3","3"
"家守丧去了","0","3","3"
"告给朝廷知","0","3","3"
"用温和的诏","0","3","3"
"诏书对他加","0","3","3"
"书对他加以","0","3","3"
"对他加以慰","0","3","3"
"上书说哈密","0","3","3"
"官方车马回","0","3","3"
"别人的后裔","0","3","3"
"时事情败露","0","3","3"
"可以让他们","0","3","3"
"让他们参加","0","3","3"
"世宗更加高","0","3","3"
"宗更加高兴","0","3","3"
"更加高兴了","0","3","3"
"他们到京城","0","3","3"
"受到世宗的","0","3","3"
"提出这种意","0","3","3"
"出这种意见","0","3","3"
"世宗认为他","0","3","3"
"奏章递上后","0","3","3"
"乘坐官方车","0","3","3"
"坐官方车马","0","3","3"
"请求回家乡","0","3","3"
"认为他说的","0","3","3"
"我认为陛下","0","3","3"
"孝宗很赞赏","0","3","3"
"接纳了他们","0","3","3"
"的话所感动","0","3","3"
"宗表示同意","0","3","3"
"求他的诗文","0","3","3"
"父亲去世而","0","3","3"
"上书朝廷请","0","3","3"
"告诉了皇上","0","3","3"
"灵座殿祭祀","0","3","3"
"皇帝命令依","0","3","3"
"组织的军队","0","3","3"
"有固定的数","0","3","3"
"这个问题的","0","3","3"
"的人不可胜","0","3","3"
"没有什么收","0","3","3"
"皇帝病情加","0","3","3"
"帝病情加重","0","3","3"
"是左都御史","0","3","3"
"给事中姚宗","0","3","3"
"任湖广巡抚","0","3","3"
"任陕西巡抚","0","3","3"
"都不屈而死","0","3","3"
"为魏忠贤建","0","3","3"
"太子太保兼","0","3","3"
"三十八年中","0","3","3"
"赠太常寺少","0","3","3"
"授职吏科给","0","3","3"
"职吏科给事","0","3","3"
"给事中耿随","0","3","3"
"万多骑兵从","0","3","3"
"充任宣府游","0","3","3"
"后历任南京","0","3","3"
"清部队南征","0","3","3"
"改任右佥都","0","3","3"
"李文忠镇守","0","3","3"
"松江府华亭","0","3","3"
"江府华亭人","0","3","3"
"永明王追赠","0","3","3"
"贼攻陷凤阳","0","3","3"
"三十二年的","0","3","3"
"十二年的进","0","3","3"
"三十八年的","0","3","3"
"十八年的进","0","3","3"
"四十四年的","0","3","3"
"十九年的进","0","3","3"
"历任刑部员","0","3","3"
"历任刑部左","0","3","3"
"选任庶吉士","0","3","3"
"任左布政使","0","3","3"
"二十六年的","0","3","3"
"十六年的进","0","3","3"
"六年的进士","0","3","3"
"为皇叔父兴","0","3","3"
"妃为皇叔母","0","3","3"
"为皇叔母兴","0","3","3"
"兼太子宾客","0","3","3"
"设置詹事院","0","3","3"
"安侯火真为","0","3","3"
"平侯李远为","0","3","3"
"侯李远为左","0","3","3"
"积功升至燕","0","3","3"
"功升至燕山","0","3","3"
"武十八年中","0","3","3"
"为左右参将","0","3","3"
"进升为兵部","0","3","3"
"子为皇太子","0","3","3"
"兼任詹事府","0","3","3"
"被授予行人","0","3","3"
"十六年中进","0","3","3"
"六年中进士","0","3","3"
"历任右副都","0","3","3"
"嘉靖年初期","0","3","3"
"左侍郎兼右","0","3","3"
"江苏武进人","0","3","3"
"封为兵部尚","0","3","3"
"授官刑部主","0","3","3"
"官刑部主事","0","3","3"
"二年成为进","0","3","3"
"户科左给事","0","3","3"
"跟从蓝玉征","0","3","3"
"从蓝玉征讨","0","3","3"
"任陕西按察","0","3","3"
"他为大理寺","0","3","3"
"从徐达攻克","0","3","3"
"为特进金紫","0","3","3"
"兵部尚书于","0","3","3"
"部尚书于谦","0","3","3"
"史可法督师","0","3","3"
"浙江慈溪人","0","3","3"
"号称三十万","0","3","3"
"广东南海人","0","3","3"
"江西吉水人","0","3","3"
"他承袭父职","0","3","3"
"至都指挥同","0","3","3"
"为驸马都尉","0","3","3"
"品以上以及","0","3","3"
"礼部呈上丧","0","3","3"
"四月庚子日","0","3","3"
"六月丙辰日","0","3","3"
"雨水损坏城","0","3","3"
"水损坏城墙","0","3","3"
"口一百七十","0","3","3"
"右司副各一","0","3","3"
"司副各一人","0","3","3"
"都是从七品","0","3","3"
"命令吏部考","0","3","3"
"设置内使监","0","3","3"
"照磨各一人","0","3","3"
"右愈都御史","0","3","3"
"一千零六十","0","3","3"
"河决堤于曹","0","3","3"
"年增添设置","0","3","3"
"十四年设置","0","3","3"
"积粮一万五","0","3","3"
"派遣工部侍","0","3","3"
"派遣宦官到","0","3","3"
"君以及仪宾","0","3","3"
"以十分为标","0","3","3"
"十分为标准","0","3","3"
"布一匹折合","0","3","3"
"田和民田总","0","3","3"
"共八百五十","0","3","3"
"五万七千余","0","3","3"
"井管辖盐课","0","3","3"
"五月辛丑日","0","3","3"
"六月甲子日","0","3","3"
"四月丙午日","0","3","3"
"二月庚辰日","0","3","3"
"五月癸酉日","0","3","3"
"县发生蝗灾","0","3","3"
"阳发生蝗灾","0","3","3"
"飞蝗遮蔽天","0","3","3"
"蝗遮蔽天空","0","3","3"
"六月甲申日","0","3","3"
"三月癸卯日","0","3","3"
"京城发大水","0","3","3"
"江西发生大","0","3","3"
"正月丁酉日","0","3","3"
"右前方第一","0","3","3"
"红圆伞一柄","0","3","3"
"纱灯笼二个","0","3","3"
"的铜质凤头","0","3","3"
"车辕长一丈","0","3","3"
"品官以上用","0","3","3"
"都御史王兹","0","3","3"
"两广军务兼","0","3","3"
"十一年恢复","0","3","3"
"国将军礼冠","0","3","3"
"将军礼冠服","0","3","3"
"军礼冠服饰","0","3","3"
"夫人礼冠服","0","3","3"
"改为宗人府","0","3","3"
"推推上二人","0","3","3"
"于未入流中","0","3","3"
"未入流中之","0","3","3"
"员外郎各二","0","3","3"
"外郎各二人","0","3","3"
"寸一分见方","0","3","3"
"大学士李束","0","3","3"
"学士李束阳","0","3","3"
"寸四分见方","0","3","3"
"以左都御史","0","3","3"
"三品至五品","0","3","3"
"立极大圣至","0","3","3"
"极大圣至神","0","3","3"
"大圣至神仁","0","3","3"
"圣至神仁文","0","3","3"
"至神仁文义","0","3","3"
"徐达攻克常","0","3","3"
"赵普胜攻陷","0","3","3"
"县相继投降","0","3","3"
"廖永忠为征","0","3","3"
"永忠为征南","0","3","3"
"愈为征南将","0","3","3"
"高丽入朝进","0","3","3"
"丽入朝进贡","0","3","3"
"部侍郎陈于","0","3","3"
"侍郎陈于廷","0","3","3"
"为征虏将军","0","3","3"
"暹罗入朝进","0","3","3"
"辅佐皇太子","0","3","3"
"佐皇太子监","0","3","3"
"为大理少卿","0","3","3"
"爪哇入朝进","0","3","3"
"哇入朝进贡","0","3","3"
"满剌加入朝","0","3","3"
"剌加入朝进","0","3","3"
"加入朝进贡","0","3","3"
"充任游击将","0","3","3"
"浙江受灾税","0","3","3"
"江受灾税粮","0","3","3"
"圣皇太后为","0","3","3"
"皇太后为圣","0","3","3"
"为翰林院世","0","3","3"
"火筛诸部侵","0","3","3"
"撒马儿罕来","0","3","3"
"马儿罕来朝","0","3","3"
"儿罕来朝进","0","3","3"
"罕来朝进贡","0","3","3"
"王子侵犯大","0","3","3"
"子侵犯大同","0","3","3"
"陕西遭灾税","0","3","3"
"等奋力战死","0","3","3"
"张居正的党","0","3","3"
"御史江东之","0","3","3"
"张居正时所","0","3","3"
"因为弹劾张","0","3","3"
"为弹劾张居","0","3","3"
"劾张居正被","0","3","3"
"得到皇上宠","0","3","3"
"为张居正的","0","3","3"
"用贤上疏辩","0","3","3"
"劝谏的大臣","0","3","3"
"有不同意见","0","3","3"
"是万历二十","0","3","3"
"上没有答复","0","3","3"
"击退了敌人","0","3","3"
"再次上疏弹","0","3","3"
"皇上下诏解","0","3","3"
"皇上都不理","0","3","3"
"争相攻击他","0","3","3"
"全部把他们","0","3","3"
"在他们中间","0","3","3"
"击东林党人","0","3","3"
"都没有结果","0","3","3"
"极力为自己","0","3","3"
"力为自己辩","0","3","3"
"不是皇上的","0","3","3"
"是皇上的意","0","3","3"
"魏大中因为","0","3","3"
"弹劾赵南星","0","3","3"
"当时矿税使","0","3","3"
"京城附近的","0","3","3"
"矿税使的害","0","3","3"
"税使的害处","0","3","3"
"家居住了十","0","3","3"
"封为皇贵妃","0","3","3"
"首先上疏说","0","3","3"
"阁臣的建议","0","3","3"
"到最边远的","0","3","3"
"住了二十年","0","3","3"
"于是声称有","0","3","3"
"是声称有病","0","3","3"
"于是他称病","0","3","3"
"部主事张有","0","3","3"
"主事张有德","0","3","3"
"停发他的俸","0","3","3"
"发他的俸禄","0","3","3"
"赠为光禄少","0","3","3"
"陕西发生严","0","3","3"
"是李自成的","0","3","3"
"张献忠突袭","0","3","3"
"被遣去戍边","0","3","3"
"任山西巡抚","0","3","3"
"追击李自成","0","3","3"
"与张献忠会","0","3","3"
"张献忠会合","0","3","3"
"御史马如蛟","0","3","3"
"士卒战马以","0","3","3"
"当时张献忠","0","3","3"
"襄王朱翊铭","0","3","3"
"后来又反叛","0","3","3"
"文岳的部队","0","3","3"
"原尚书侯恂","0","3","3"
"他们还没有","0","3","3"
"了他的部众","0","3","3"
"详细记载了","0","3","3"
"领一万骑兵","0","3","3"
"秦王朱存枢","0","3","3"
"人全部投降","0","3","3"
"不归附自己","0","3","3"
"兵渡过黄河","0","3","3"
"事情传到京","0","3","3"
"情传到京城","0","3","3"
"死的人到处","0","3","3"
"庙的神主牌","0","3","3"
"皇太子登上","0","3","3"
"在南京监国","0","3","3"
"瞎了一只眼","0","3","3"
"了一只眼睛","0","3","3"
"唐王在福建","0","3","3"
"杨嗣昌到达","0","3","3"
"集诸将商议","0","3","3"
"过开县向西","0","3","3"
"自己则率领","0","3","3"
"总兵官黄得","0","3","3"
"兵官黄得功","0","3","3"
"这时我大清","0","3","3"
"所到之处全","0","3","3"
"的金银财宝","0","3","3"
"升任工部尚","0","3","3"
"受到皇上宠","0","3","3"
"年十一月又","0","3","3"
"力与他抗争","0","3","3"
"投进镇抚司","0","3","3"
"进镇抚司监","0","3","3"
"嘱咐张居正","0","3","3"
"了他的位置","0","3","3"
"给事中程文","0","3","3"
"想借此机会","0","3","3"
"奇异的东西","0","3","3"
"他就是这么","0","3","3"
"过了很久才","0","3","3"
"交给法司审","0","3","3"
"听后很高兴","0","3","3"
"也没有人敢","0","3","3"
"请求对他们","0","3","3"
"些亡命之徒","0","3","3"
"王九功等人","0","3","3"
"是三十四年","0","3","3"
"史曹学程因","0","3","3"
"曹学程因为","0","3","3"
"不敢肆意妄","0","3","3"
"敢肆意妄为","0","3","3"
"皇上也厌恶","0","3","3"
"立自己的儿","0","3","3"
"的儿子为太","0","3","3"
"儿子为太子","0","3","3"
"用正直的大","0","3","3"
"皇上的宠爱","0","3","3"
"一火景等人","0","3","3"
"魏忠贤和客","0","3","3"
"忠贤和客氏","0","3","3"
"客氏为奉圣","0","3","3"
"氏为奉圣夫","0","3","3"
"为奉圣夫人","0","3","3"
"的儿子侯国","0","3","3"
"儿子侯国兴","0","3","3"
"了魏忠贤的","0","3","3"
"客氏的儿子","0","3","3"
"增加到一万","0","3","3"
"给事中沈惟","0","3","3"
"跑到皇上面","0","3","3"
"杨涟的奏疏","0","3","3"
"魏大中以及","0","3","3"
"给事中陈良","0","3","3"
"郎中万火景","0","3","3"
"不依附于魏","0","3","3"
"魏忠贤的人","0","3","3"
"为东林党人","0","3","3"
"魏忠贤很高","0","3","3"
"忠贤很高兴","0","3","3"
"凡是魏忠贤","0","3","3"
"魏忠贤的私","0","3","3"
"镇抚司事务","0","3","3"
"周顺昌等人","0","3","3"
"人死于狱中","0","3","3"
"又假传圣旨","0","3","3"
"的儿子锦衣","0","3","3"
"督师王之臣","0","3","3"
"等人每年都","0","3","3"
"总督张我续","0","3","3"
"而魏忠贤的","0","3","3"
"部尚书兼左","0","3","3"
"都是魏忠贤","0","3","3"
"魏忠贤的奏","0","3","3"
"忠贤的奏疏","0","3","3"
"后来魏忠贤","0","3","3"
"任御马监太","0","3","3"
"常有数百人","0","3","3"
"贵妃宫中的","0","3","3"
"胪寺丞李可","0","3","3"
"寺丞李可灼","0","3","3"
"给事中魏大","0","3","3"
"总督漕运兼","0","3","3"
"拜伏在宫门","0","3","3"
"皇上初即位","0","3","3"
"上初即位时","0","3","3"
"宦官全部撤","0","3","3"
"官全部撤回","0","3","3"
"受到皇上的","0","3","3"
"以下官员都","0","3","3"
"与兵部尚书","0","3","3"
"以表彰他的","0","3","3"
"明朝的大军","0","3","3"
"帝下诏将此","0","3","3"
"向朝廷投降","0","3","3"
"帝下诏书给","0","3","3"
"他们的酋长","0","3","3"
"叛乱的蛮族","0","3","3"
"皇帝下诏赐","0","3","3"
"粮食二万石","0","3","3"
"皇上赏赐给","0","3","3"
"绮衣和钱钞","0","3","3"
"命令西平侯","0","3","3"
"侯沐英征讨","0","3","3"
"令景川侯曹","0","3","3"
"廷进贡马匹","0","3","3"
"以表示谢恩","0","3","3"
"赴京城朝觐","0","3","3"
"他们的同党","0","3","3"
"四个长官司","0","3","3"
"让他们三年","0","3","3"
"给事中郑自","0","3","3"
"事中郑自壁","0","3","3"
"斩杀了三百","0","3","3"
"是长久之策","0","3","3"
"等人给皇帝","0","3","3"
"章交给兵部","0","3","3"
"土知府的官","0","3","3"
"纵火焚烧了","0","3","3"
"沾益州的土","0","3","3"
"益州的土官","0","3","3"
"继承土知府","0","3","3"
"给朝廷上疏","0","3","3"
"朝廷上疏说","0","3","3"
"各位将领分","0","3","3"
"贵州的总督","0","3","3"
"继承官位的","0","3","3"
"知府的职位","0","3","3"
"有详细记载","0","3","3"
"给皇帝上疏","0","3","3"
"省的官员一","0","3","3"
"大家都认为","0","3","3"
"奉朝廷的命","0","3","3"
"贵州的军队","0","3","3"
"的妻子安氏","0","3","3"
"赎自己的罪","0","3","3"
"以外的地方","0","3","3"
"把自己绑起","0","3","3"
"自己绑起来","0","3","3"
"诡称自己是","0","3","3"
"元朝至元年","0","3","3"
"朝至元年间","0","3","3"
"该地设置了","0","3","3"
"廷献贡马一","0","3","3"
"献贡马一百","0","3","3"
"了元朝皇帝","0","3","3"
"的赏赐很丰","0","3","3"
"有花纹的绮","0","3","3"
"等地叛乱的","0","3","3"
"男女二百多","0","3","3"
"女二百多人","0","3","3"
"精锐骑兵从","0","3","3"
"的军队一万","0","3","3"
"万五千多人","0","3","3"
"俘虏了他们","0","3","3"
"寨的蛮族人","0","3","3"
"杀死敌人一","0","3","3"
"鲁帖木儿叛","0","3","3"
"帖木儿叛乱","0","3","3"
"降服了他们","0","3","3"
"氏家族的人","0","3","3"
"他们居住在","0","3","3"
"镇巡官将此","0","3","3"
"去戍守边关","0","3","3"
"才得以平息","0","3","3"
"到京城来朝","0","3","3"
"年朝廷设置","0","3","3"
"占据了该地","0","3","3"
"暗地里勾结","0","3","3"
"秘密地告诉","0","3","3"
"州所管辖的","0","3","3"
"愿意向朝廷","0","3","3"
"向朝廷缴纳","0","3","3"
"应该让他们","0","3","3"
"他们又进犯","0","3","3"
"将他们打败","0","3","3"
"番族人作乱","0","3","3"
"作乱的番族","0","3","3"
"乱的番族人","0","3","3"
"才得以保全","0","3","3"
"长官司的长","0","3","3"
"官司的长官","0","3","3"
"迭溪长官司","0","3","3"
"让他们世袭","0","3","3"
"隶属于松潘","0","3","3"
"是不得已而","0","3","3"
"的土著酋长","0","3","3"
"当地蛮族人","0","3","3"
"率领众人前","0","3","3"
"斩获首级三","0","3","3"
"前去招抚他","0","3","3"
"有一万多人","0","3","3"
"兵征讨他们","0","3","3"
"来讨伐他们","0","3","3"
"屡次打败贼","0","3","3"
"使者向皇帝","0","3","3"
"皇帝让他们","0","3","3"
"运送的粮食","0","3","3"
"安为总兵官","0","3","3"
"为参赞军务","0","3","3"
"在洪武中年","0","3","3"
"千一百多人","0","3","3"
"十八个寨子","0","3","3"
"都掌的蛮族","0","3","3"
"守卫大臣说","0","3","3"
"侵犯边境地","0","3","3"
"犯边境地区","0","3","3"
"十一个寨子","0","3","3"
"斩杀敌人四","0","3","3"
"杀敌人四百","0","3","3"
"敌人四百多","0","3","3"
"手下的部落","0","3","3"
"下的部落酋","0","3","3"
"到嘉靖四十","0","3","3"
"伏法被诛杀","0","3","3"
"他们包围了","0","3","3"
"在边疆地区","0","3","3"
"安抚司隶属","0","3","3"
"皇太子命令","0","3","3"
"许他继承其","0","3","3"
"承其父的官","0","3","3"
"天全六番的","0","3","3"
"在元朝为官","0","3","3"
"又被任命为","0","3","3"
"下诏赏赐给","0","3","3"
"十四年朝廷","0","3","3"
"木瓜地区的","0","3","3"
"大小木瓜地","0","3","3"
"八百四十多","0","3","3"
"抢劫郑和船","0","3","3"
"的一天比一","0","3","3"
"所派的使者","0","3","3"
"在奉天殿接","0","3","3"
"王振专权时","0","3","3"
"朝廷内外大","0","3","3"
"皇上命将他","0","3","3"
"极力保护他","0","3","3"
"上宽宥了他","0","3","3"
"在东宫侍奉","0","3","3"
"被判了死罪","0","3","3"
"被押到市场","0","3","3"
"公朱勇等人","0","3","3"
"内阁大臣徐","0","3","3"
"还没有出发","0","3","3"
"将他押到市","0","3","3"
"他押到市场","0","3","3"
"皇上很不高","0","3","3"
"上很不高兴","0","3","3"
"皇上不得已","0","3","3"
"汪直的功劳","0","3","3"
"到郊外迎接","0","3","3"
"左右的人都","0","3","3"
"宁侯朱永为","0","3","3"
"思马因侵犯","0","3","3"
"和御史纷纷","0","3","3"
"内阁大臣万","0","3","3"
"阁大臣万安","0","3","3"
"没有别的才","0","3","3"
"贵妃的缘故","0","3","3"
"给安南国王","0","3","3"
"人们都不敢","0","3","3"
"成化年间的","0","3","3"
"皇上微服出","0","3","3"
"上微服出行","0","3","3"
"达一千五百","0","3","3"
"竟死于狱中","0","3","3"
"刘瑾的所作","0","3","3"
"瑾的所作所","0","3","3"
"部揭发了他","0","3","3"
"给事中安奎","0","3","3"
"了他的父亲","0","3","3"
"西乡试名额","0","3","3"
"遂下了决心","0","3","3"
"的奏章出示","0","3","3"
"将他的尸体","0","3","3"
"的军队抵御","0","3","3"
"朱宸濠造反","0","3","3"
"当时王守仁","0","3","3"
"拒我于门外","0","3","3"
"李东阳极力","0","3","3"
"等人的贿赂","0","3","3"
"劝皇上亲征","0","3","3"
"还有一个叫","0","3","3"
"下到都察院","0","3","3"
"升他为都指","0","3","3"
"蓄养亡命之","0","3","3"
"养亡命之徒","0","3","3"
"发了他的罪","0","3","3"
"在朝廷上弹","0","3","3"
"朝廷上弹劾","0","3","3"
"朝中士大夫","0","3","3"
"人都被诛杀","0","3","3"
"他的党羽都","0","3","3"
"第二年他又","0","3","3"
"事态平息后","0","3","3"
"被下狱贬官","0","3","3"
"他逮捕治罪","0","3","3"
"为太仆寺少","0","3","3"
"实际上没有","0","3","3"
"令礼官讨论","0","3","3"
"于是向皇帝","0","3","3"
"四镇的军队","0","3","3"
"事情无论大","0","3","3"
"情无论大小","0","3","3"
"劝皇上不要","0","3","3"
"他们全部投","0","3","3"
"们全部投进","0","3","3"
"他又上书说","0","3","3"
"增加禄米一","0","3","3"
"加禄米一百","0","3","3"
"禄米一百石","0","3","3"
"和工部尚书","0","3","3"
"功臣家为奴","0","3","3"
"有人说他是","0","3","3"
"升为锦衣卫","0","3","3"
"代理指挥使","0","3","3"
"进封为太子","0","3","3"
"封为少保兼","0","3","3"
"居正等人说","0","3","3"
"给事中周怡","0","3","3"
"去他的官籍","0","3","3"
"为特进光禄","0","3","3"
"大学士俸禄","0","3","3"
"他的儿子世","0","3","3"
"庇荫儿子为","0","3","3"
"派锦衣卫官","0","3","3"
"下狱判了死","0","3","3"
"狱判了死罪","0","3","3"
"言官弹劾他","0","3","3"
"它们分别是","0","3","3"
"其父亲的职","0","3","3"
"朝廷便设置","0","3","3"
"设置千户所","0","3","3"
"一千五百名","0","3","3"
"土官的儿子","0","3","3"
"皇上允许他","0","3","3"
"世代相传的","0","3","3"
"死在监狱里","0","3","3"
"部给皇帝上","0","3","3"
"礼部上奏说","0","3","3"
"他们的奖赏","0","3","3"
"把这些情况","0","3","3"
"命令给他们","0","3","3"
"他们一半的","0","3","3"
"只有一个儿","0","3","3"
"同意了这个","0","3","3"
"自己的职位","0","3","3"
"部大臣讨论","0","3","3"
"大臣讨论认","0","3","3"
"臣讨论认为","0","3","3"
"来进献贡物","0","3","3"
"不能超过二","0","3","3"
"把女儿嫁给","0","3","3"
"为自己赎罪","0","3","3"
"与事实不符","0","3","3"
"又发生叛乱","0","3","3"
"追究他们的","0","3","3"
"他们的罪责","0","3","3"
"朝廷派大军","0","3","3"
"便在此设置","0","3","3"
"彭世麒向朝","0","3","3"
"世麒向朝廷","0","3","3"
"麒向朝廷进","0","3","3"
"献马匹表示","0","3","3"
"女贼人米鲁","0","3","3"
"仍像以前一","0","3","3"
"他的儿子彭","0","3","3"
"皇帝下诏把","0","3","3"
"提升为都指","0","3","3"
"有飞鱼的衣","0","3","3"
"飞鱼的衣服","0","3","3"
"三品官的服","0","3","3"
"永顺的土兵","0","3","3"
"成犄角之势","0","3","3"
"地对他们加","0","3","3"
"封为都指挥","0","3","3"
"为右布政使","0","3","3"
"皇上下诏加","0","3","3"
"朝廷就命令","0","3","3"
"给他优厚的","0","3","3"
"为保靖宣慰","0","3","3"
"去招抚他们","0","3","3"
"去进剿讨伐","0","3","3"
"又征调保靖","0","3","3"
"贵州等地的","0","3","3"
"给朝廷的奏","0","3","3"
"等人请求皇","0","3","3"
"兵部和都察","0","3","3"
"都察院讨论","0","3","3"
"按法律应当","0","3","3"
"挥佥事的官","0","3","3"
"佥事的官职","0","3","3"
"其父的官职","0","3","3"
"年朝廷免除","0","3","3"
"结果全军覆","0","3","3"
"其对朝廷的","0","3","3"
"内外各部门","0","3","3"
"严厉斥责他","0","3","3"
"礼部大臣又","0","3","3"
"还没有全部","0","3","3"
"任山东按察","0","3","3"
"三法司会同","0","3","3"
"他所上奏的","0","3","3"
"他们全部释","0","3","3"
"们全部释放","0","3","3"
"实际上并没","0","3","3"
"际上并没有","0","3","3"
"渐渐疏远了","0","3","3"
"中弘治十八","0","3","3"
"升南京礼部","0","3","3"
"部尚书兼翰","0","3","3"
"尚书兼翰林","0","3","3"
"书兼翰林学","0","3","3"
"翰林学士的","0","3","3"
"赐给他金币","0","3","3"
"接受群臣朝","0","3","3"
"合皇上的心","0","3","3"
"都不能参与","0","3","3"
"封为左柱国","0","3","3"
"准了他的请","0","3","3"
"掌管锦衣卫","0","3","3"
"尚书的俸禄","0","3","3"
"惴惴不安地","0","3","3"
"将他投入诏","0","3","3"
"他投入诏狱","0","3","3"
"皇上左右的","0","3","3"
"上呈给皇上","0","3","3"
"有不测之变","0","3","3"
"司法部门判","0","3","3"
"的人络绎不","0","3","3"
"人络绎不绝","0","3","3"
"御临文华殿","0","3","3"
"给他们粮饷","0","3","3"
"攻击钱谦益","0","3","3"
"改任武英殿","0","3","3"
"封为少师兼","0","3","3"
"张献忠攻破","0","3","3"
"封他为太师","0","3","3"
"儿子为中书","0","3","3"
"他上疏请求","0","3","3"
"得尤其厉害","0","3","3"
"给事中瞿式","0","3","3"
"歌颂魏忠贤","0","3","3"
"等不法之事","0","3","3"
"他们两人都","0","3","3"
"都御史曹于","0","3","3"
"御史曹于汴","0","3","3"
"的有数千人","0","3","3"
"自己弹劾自","0","3","3"
"己弹劾自己","0","3","3"
"皇上命吏部","0","3","3"
"给事中许誉","0","3","3"
"害怕而不敢","0","3","3"
"刘孔昭弹劾","0","3","3"
"刘宗周弹劾","0","3","3"
"采纳给事中","0","3","3"
"被授予南京","0","3","3"
"劾崔呈秀和","0","3","3"
"极力支持这","0","3","3"
"于是大学士","0","3","3"
"为兵部添注","0","3","3"
"久转为左侍","0","3","3"
"升为本部尚","0","3","3"
"左良玉收复","0","3","3"
"也被关进监","0","3","3"
"你们这帮人","0","3","3"
"等人的意见","0","3","3"
"而大清兵已","0","3","3"
"大肆抢掠而","0","3","3"
"肆抢掠而去","0","3","3"
"将他们斩首","0","3","3"
"进升为侍讲","0","3","3"
"与他的儿子","0","3","3"
"对他恨之入","0","3","3"
"他恨之入骨","0","3","3"
"为太常卿兼","0","3","3"
"太常卿兼侍","0","3","3"
"不久升任礼","0","3","3"
"久升任礼部","0","3","3"
"为翰林检讨","0","3","3"
"都是谢迁的","0","3","3"
"是谢迁的同","0","3","3"
"谢迁的同乡","0","3","3"
"赦免他们的","0","3","3"
"免他们的罪","0","3","3"
"应该将他们","0","3","3"
"求辞官归乡","0","3","3"
"次上疏称病","0","3","3"
"当时舆论都","0","3","3"
"四十一年中","0","3","3"
"一千两黄金","0","3","3"
"跑到魏忠贤","0","3","3"
"也不过如此","0","3","3"
"为吏部主事","0","3","3"
"极力攻击他","0","3","3"
"后来定逆案","0","3","3"
"给事中邵庶","0","3","3"
"上书议论政","0","3","3"
"书议论政事","0","3","3"
"在家住了三","0","3","3"
"提建议而得","0","3","3"
"建议而得罪","0","3","3"
"议而得罪的","0","3","3"
"被任为南京","0","3","3"
"后升为郎中","0","3","3"
"时他已七十","0","3","3"
"任顺天府丞","0","3","3"
"将东林党人","0","3","3"
"忠贤非常高","0","3","3"
"贤非常高兴","0","3","3"
"改任顺天府","0","3","3"
"任国子监助","0","3","3"
"给事中杨所","0","3","3"
"与同僚一起","0","3","3"
"同僚一起上","0","3","3"
"任刑科给事","0","3","3"
"魏忠贤立即","0","3","3"
"第二年升为","0","3","3"
"代理兵部事","0","3","3"
"杨维垣等人","0","3","3"
"千方百计地","0","3","3"
"先前的命令","0","3","3"
"年间中进士","0","3","3"
"授予户部主","0","3","3"
"予户部主事","0","3","3"
"被弹劾罢免","0","3","3"
"进升为副使","0","3","3"
"无法有所作","0","3","3"
"法有所作为","0","3","3"
"给事中周朝","0","3","3"
"接连上书请","0","3","3"
"周嘉谟等人","0","3","3"
"又极力诋毁","0","3","3"
"从今天开始","0","3","3"
"正当的言论","0","3","3"
"没有什么不","0","3","3"
"皇上一概不","0","3","3"
"力主张不可","0","3","3"
"皇上让他们","0","3","3"
"朝廷大臣所","0","3","3"
"皇上采纳了","0","3","3"
"用为原官职","0","3","3"
"为山东参政","0","3","3"
"万历三十七","0","3","3"
"历三十七年","0","3","3"
"二十年中进","0","3","3"
"十年中进士","0","3","3"
"他又被起用","0","3","3"
"调任山东佥","0","3","3"
"任山东佥事","0","3","3"
"二十七年以","0","3","3"
"为百姓请命","0","3","3"
"给事中曹于","0","3","3"
"国家的福气","0","3","3"
"十四年皇帝","0","3","3"
"顾宪成等人","0","3","3"
"给事中胡忻","0","3","3"
"信给叶向高","0","3","3"
"孙丕扬极力","0","3","3"
"求皇上亲自","0","3","3"
"请求释放他","0","3","3"
"讲学的地方","0","3","3"
"人更加恨他","0","3","3"
"很久都没有","0","3","3"
"都没有得到","0","3","3"
"就搁置下来","0","3","3"
"击李三才的","0","3","3"
"土蛮大举入","0","3","3"
"蛮大举入侵","0","3","3"
"一定不会有","0","3","3"
"领他的部队","0","3","3"
"理他的职位","0","3","3"
"万历五年春","0","3","3"
"官的身份镇","0","3","3"
"多次骚扰边","0","3","3"
"火落赤进犯","0","3","3"
"落赤进犯洮","0","3","3"
"和他的同伙","0","3","3"
"各部落首领","0","3","3"
"是长久之计","0","3","3"
"嘉靖年间担","0","3","3"
"靖年间担任","0","3","3"
"一万多骑兵","0","3","3"
"以副总兵的","0","3","3"
"时是万历二","0","3","3"
"不同程度的","0","3","3"
"于是向朝廷","0","3","3"
"向朝廷朝贡","0","3","3"
"不久就死了","0","3","3"
"远远地逃走","0","3","3"
"远地逃走了","0","3","3"
"降了三级官","0","3","3"
"派遣他们的","0","3","3"
"击退了他们","0","3","3"
"被罢官回乡","0","3","3"
"皇上召见他","0","3","3"
"被召回京城","0","3","3"
"世袭指挥佥","0","3","3"
"火落赤各部","0","3","3"
"提拔为都督","0","3","3"
"一百六十人","0","3","3"
"世袭荫庇的","0","3","3"
"发布檄文给","0","3","3"
"并抓获了他","0","3","3"
"立他的弟弟","0","3","3"
"晋升为兵部","0","3","3"
"授官工部尚","0","3","3"
"利用皇帝的","0","3","3"
"有一定的制","0","3","3"
"一定的制度","0","3","3"
"占据乾清宫","0","3","3"
"廷大臣都说","0","3","3"
"命令皇长子","0","3","3"
"接受皇帝的","0","3","3"
"受皇帝的遗","0","3","3"
"想把他们一","0","3","3"
"他们一起治","0","3","3"
"们一起治罪","0","3","3"
"的俸禄而已","0","3","3"
"魏忠贤假传","0","3","3"
"忠贤假传圣","0","3","3"
"贤假传圣旨","0","3","3"
"误国的罪行","0","3","3"
"用为南京吏","0","3","3"
"年八十四岁","0","3","3"
"征召授官刑","0","3","3"
"百姓流离失","0","3","3"
"姓流离失所","0","3","3"
"流离失所的","0","3","3"
"请求皇帝修","0","3","3"
"求皇帝修身","0","3","3"
"皇帝最终没","0","3","3"
"帝最终没有","0","3","3"
"百二十多万","0","3","3"
"朝廷内外议","0","3","3"
"廷内外议论","0","3","3"
"内外议论纷","0","3","3"
"的弟弟郑国","0","3","3"
"弟弟郑国泰","0","3","3"
"上奏请求将","0","3","3"
"慈宁宫召见","0","3","3"
"张问达等人","0","3","3"
"他们杀死了","0","3","3"
"说他们都是","0","3","3"
"光宗皇帝病","0","3","3"
"参加讨论的","0","3","3"
"孙慎行的奏","0","3","3"
"慎行的奏疏","0","3","3"
"可灼进献药","0","3","3"
"灼进献药丸","0","3","3"
"使朝廷内外","0","3","3"
"想垂帘听政","0","3","3"
"皇帝到文华","0","3","3"
"帝到文华殿","0","3","3"
"居住乾清宫","0","3","3"
"表明自己的","0","3","3"
"胡士相等人","0","3","3"
"为广东按察","0","3","3"
"官员的履历","0","3","3"
"等人相互攻","0","3","3"
"人相互攻击","0","3","3"
"险要的地方","0","3","3"
"三万两银子","0","3","3"
"都可以引水","0","3","3"
"粮饷供应不","0","3","3"
"皇帝高兴地","0","3","3"
"帝高兴地采","0","3","3"
"漕运兼巡抚","0","3","3"
"的人一天天","0","3","3"
"由宫中传旨","0","3","3"
"熊廷弼的罪","0","3","3"
"没有人敢说","0","3","3"
"有什么疑问","0","3","3"
"荫庇一个儿","0","3","3"
"庇一个儿子","0","3","3"
"其余的都按","0","3","3"
"年以右副都","0","3","3"
"陈述它的危","0","3","3"
"述它的危害","0","3","3"
"帝都不省悟","0","3","3"
"任兵部侍郎","0","3","3"
"部尚书的身","0","3","3"
"都御史的事","0","3","3"
"上疏乞求辞","0","3","3"
"疏乞求辞职","0","3","3"
"让他留下来","0","3","3"
"外等候命令","0","3","3"
"附近的州县","0","3","3"
"吏部尚书的","0","3","3"
"上朝的时候","0","3","3"
"的罪过没有","0","3","3"
"有关部门禁","0","3","3"
"关部门禁止","0","3","3"
"在朝廷讨论","0","3","3"
"为江西提学","0","3","3"
"不是国家的","0","3","3"
"已经很长时","0","3","3"
"经很长时间","0","3","3"
"让司礼太监","0","3","3"
"求离职更加","0","3","3"
"于是剥夺了","0","3","3"
"是剥夺了他","0","3","3"
"有关部门陈","0","3","3"
"的只有十分","0","3","3"
"有十分之二","0","3","3"
"陛下一定要","0","3","3"
"父母丧礼回","0","3","3"
"母丧礼回家","0","3","3"
"将他们全都","0","3","3"
"孙丕扬等人","0","3","3"
"是让陛下不","0","3","3"
"共同治理天","0","3","3"
"同治理天下","0","3","3"
"等人上疏说","0","3","3"
"达十年之久","0","3","3"
"提升为编修","0","3","3"
"矿税的危害","0","3","3"
"坚决推辞不","0","3","3"
"已有很长时","0","3","3"
"有很长时间","0","3","3"
"叶向高因为","0","3","3"
"帝都不接受","0","3","3"
"福王回封国","0","3","3"
"在第二年春","0","3","3"
"叶向高于是","0","3","3"
"失信于天下","0","3","3"
"的制度没有","0","3","3"
"没有这样的","0","3","3"
"父子之间的","0","3","3"
"长时间不能","0","3","3"
"叶向高又说","0","3","3"
"众人的议论","0","3","3"
"空缺的官职","0","3","3"
"多次请求辞","0","3","3"
"任用一个人","0","3","3"
"是请求辞职","0","3","3"
"封少保兼太","0","3","3"
"护送他回家","0","3","3"
"他们的奏疏","0","3","3"
"的奏疏下发","0","3","3"
"年京官考察","0","3","3"
"主持这件事","0","3","3"
"浙三大派系","0","3","3"
"因为叶向高","0","3","3"
"怀恨叶向高","0","3","3"
"于是只剥夺","0","3","3"
"勾结汪文言","0","3","3"
"帝下诏命令","0","3","3"
"叶向高极力","0","3","3"
"上疏弹劾魏","0","3","3"
"一定是有人","0","3","3"
"派行人护送","0","3","3"
"的士大夫们","0","3","3"
"一个一个地","0","3","3"
"管翰林院的","0","3","3"
"当时李选侍","0","3","3"
"左光斗上疏","0","3","3"
"没有不听从","0","3","3"
"有不听从的","0","3","3"
"解除他的职","0","3","3"
"国家的君主","0","3","3"
"工程完工后","0","3","3"
"这一年四月","0","3","3"
"被调往外地","0","3","3"
"陈九畴再次","0","3","3"
"知道他没有","0","3","3"
"遣官员慰问","0","3","3"
"授职为礼部","0","3","3"
"也这样认为","0","3","3"
"恳切地规劝","0","3","3"
"胪寺官李可","0","3","3"
"寺官李可灼","0","3","3"
"帝立即命令","0","3","3"
"实际上就是","0","3","3"
"将他的家人","0","3","3"
"派遣行人召","0","3","3"
"皇帝在文华","0","3","3"
"在文华后殿","0","3","3"
"罪行的轻重","0","3","3"
"皇帝很不高","0","3","3"
"帝很不高兴","0","3","3"
"命令锦衣官","0","3","3"
"因为这个缘","0","3","3"
"为这个缘故","0","3","3"
"皇帝也不听","0","3","3"
"彩色丝织品","0","3","3"
"用正直的人","0","3","3"
"年中进士第","0","3","3"
"天下的赋税","0","3","3"
"第二年会试","0","3","3"
"皇帝派遣宦","0","3","3"
"帝派遣宦官","0","3","3"
"下诏加封他","0","3","3"
"累积战功做","0","3","3"
"积战功做到","0","3","3"
"李成梁于是","0","3","3"
"于是大规模","0","3","3"
"李成梁在卓","0","3","3"
"成梁在卓山","0","3","3"
"李成梁将其","0","3","3"
"成梁将其击","0","3","3"
"毁了敌人的","0","3","3"
"二万多骑兵","0","3","3"
"封李成梁为","0","3","3"
"李成梁率领","0","3","3"
"大张旗鼓地","0","3","3"
"于是请求皇","0","3","3"
"亲自率领精","0","3","3"
"自率领精锐","0","3","3"
"率领精锐部","0","3","3"
"领精锐部队","0","3","3"
"率领轻骑兵","0","3","3"
"增加每年的","0","3","3"
"十多万骑兵","0","3","3"
"从马上掉下","0","3","3"
"马上掉下来","0","3","3"
"不接受招抚","0","3","3"
"他们的部下","0","3","3"
"率领副将杨","0","3","3"
"万骑兵进犯","0","3","3"
"历十五年春","0","3","3"
"蛮十万骑兵","0","3","3"
"十万骑兵从","0","3","3"
"于是攻占了","0","3","3"
"等人请求投","0","3","3"
"给事中侯先","0","3","3"
"捣毁敌人的","0","3","3"
"这年十一月","0","3","3"
"李成梁镇守","0","3","3"
"成梁镇守辽","0","3","3"
"用苛捐杂税","0","3","3"
"苛捐杂税剥","0","3","3"
"捐杂税剥削","0","3","3"
"万历初年的","0","3","3"
"接连上疏极","0","3","3"
"连上疏极力","0","3","3"
"的弟弟李如","0","3","3"
"剥夺了他们","0","3","3"
"李如松命令","0","3","3"
"李如松提督","0","3","3"
"祖承训等人","0","3","3"
"无不以一当","0","3","3"
"不以一当百","0","3","3"
"十万石粮食","0","3","3"
"率领敢死队","0","3","3"
"放弃王京逃","0","3","3"
"帝置之不理","0","3","3"
"土蛮进犯辽","0","3","3"
"捣敌人的老","0","3","3"
"事的身份充","0","3","3"
"的身份充任","0","3","3"
"充任宁夏总","0","3","3"
"挑选精锐士","0","3","3"
"选精锐士兵","0","3","3"
"不敢再出来","0","3","3"
"给予世代荫","0","3","3"
"予世代荫封","0","3","3"
"向朝廷报捷","0","3","3"
"在东西两边","0","3","3"
"第二天清晨","0","3","3"
"致力于学习","0","3","3"
"祯十五年二","0","3","3"
"的学问道德","0","3","3"
"民起义军攻","0","3","3"
"由乡试举人","0","3","3"
"苏州府长洲","0","3","3"
"州府长洲县","0","3","3"
"继承了父亲","0","3","3"
"承了父亲的","0","3","3"
"平定陈友谅","0","3","3"
"为吏部侍郎","0","3","3"
"布政使张籨","0","3","3"
"以年老请求","0","3","3"
"任吏部文选","0","3","3"
"都予以采纳","0","3","3"
"不可轻易出","0","3","3"
"升为光禄卿","0","3","3"
"部将孙可望","0","3","3"
"斩获七百多","0","3","3"
"获七百多首","0","3","3"
"被扣发了俸","0","3","3"
"扣发了俸禄","0","3","3"
"久被提升为","0","3","3"
"闯王李自成","0","3","3"
"有二十七个","0","3","3"
"都同意了他","0","3","3"
"的意见认为","0","3","3"
"取代了他的","0","3","3"
"三千七百多","0","3","3"
"京师受到很","0","3","3"
"师受到很大","0","3","3"
"朝廷颁布诏","0","3","3"
"廷颁布诏书","0","3","3"
"世袭锦衣指","0","3","3"
"袭锦衣指挥","0","3","3"
"朝廷命令良","0","3","3"
"廷命令良玉","0","3","3"
"朝廷诏令他","0","3","3"
"等各位将领","0","3","3"
"京营的军队","0","3","3"
"连打败他们","0","3","3"
"皇帝报告了","0","3","3"
"从四面八方","0","3","3"
"河南的军队","0","3","3"
"了一百多里","0","3","3"
"敌人的兵力","0","3","3"
"一个多月后","0","3","3"
"书报告朝廷","0","3","3"
"军队缺乏粮","0","3","3"
"敌人的伏兵","0","3","3"
"放弃自己的","0","3","3"
"有大将之才","0","3","3"
"西乡进入四","0","3","3"
"乡进入四川","0","3","3"
"入四川境内","0","3","3"
"军进入四川","0","3","3"
"进兵的道路","0","3","3"
"有一百多里","0","3","3"
"了很长一段","0","3","3"
"良玉的部将","0","3","3"
"越来越骄横","0","3","3"
"遣他的党羽","0","3","3"
"元吉的建议","0","3","3"
"张献忠已经","0","3","3"
"而这个时候","0","3","3"
"庄烈帝因为","0","3","3"
"从狱中放出","0","3","3"
"黄河决口而","0","3","3"
"作为大本营","0","3","3"
"降过来的人","0","3","3"
"到他的部队","0","3","3"
"帝命令兵部","0","3","3"
"产生了矛盾","0","3","3"
"督促他出兵","0","3","3"
"是投降过来","0","3","3"
"一种颜色的","0","3","3"
"皇上身边的","0","3","3"
"北来太子一","0","3","3"
"清兵已经打","0","3","3"
"投降了大清","0","3","3"
"自己的队伍","0","3","3"
"山西的贼寇","0","3","3"
"差不多消灭","0","3","3"
"都立下了战","0","3","3"
"立下了战功","0","3","3"
"派他的将领","0","3","3"
"把贼寇打得","0","3","3"
"贼寇打得大","0","3","3"
"寇打得大败","0","3","3"
"龙为总兵官","0","3","3"
"左良玉在玛","0","3","3"
"良玉在玛瑙","0","3","3"
"玉在玛瑙山","0","3","3"
"山把贼兵打","0","3","3"
"三百多首级","0","3","3"
"全都聚集在","0","3","3"
"贼寇于是越","0","3","3"
"寇于是越过","0","3","3"
"把他剥夺官","0","3","3"
"不可轻举妄","0","3","3"
"可轻举妄动","0","3","3"
"的游击将领","0","3","3"
"提升为总兵","0","3","3"
"封一个儿子","0","3","3"
"含蓄地提到","0","3","3"
"以把自己的","0","3","3"
"论国家大事","0","3","3"
"清部队攻打","0","3","3"
"十五里的地","0","3","3"
"五里的地方","0","3","3"
"后来又命令","0","3","3"
"双方相持了","0","3","3"
"这事报告给","0","3","3"
"事报告给朝","0","3","3"
"了七个昼夜","0","3","3"
"极力向朝廷","0","3","3"
"廷任命他为","0","3","3"
"后来张献忠","0","3","3"
"都得到收复","0","3","3"
"福王登基后","0","3","3"
"因为以前的","0","3","3"
"上书弹劾士","0","3","3"
"的罪魁祸首","0","3","3"
"赐了他尚方","0","3","3"
"了他尚方宝","0","3","3"
"有见机行事","0","3","3"
"又升为右参","0","3","3"
"担任兵部右","0","3","3"
"占领了整个","0","3","3"
"原先的将领","0","3","3"
"先登上城墙","0","3","3"
"的势力日益","0","3","3"
"清部队进入","0","3","3"
"投水自杀了","0","3","3"
"他哥哥的儿","0","3","3"
"开诚布公地","0","3","3"
"程度不等地","0","3","3"
"当时永明王","0","3","3"
"当时朝廷中","0","3","3"
"李成栋背叛","0","3","3"
"拜见永明王","0","3","3"
"此很不高兴","0","3","3"
"唐王提升他","0","3","3"
"王提升他为","0","3","3"
"提升他为少","0","3","3"
"事变发生后","0","3","3"
"永明王不听","0","3","3"
"的事例那样","0","3","3"
"来做自己的","0","3","3"
"自己的监军","0","3","3"
"殿的台阶上","0","3","3"
"到内阁里来","0","3","3"
"应该答应他","0","3","3"
"在第二年二","0","3","3"
"廷内外的事","0","3","3"
"上书揭发了","0","3","3"
"他们的阴谋","0","3","3"
"已经平定了","0","3","3"
"平定了广西","0","3","3"
"迎接永明王","0","3","3"
"永明王打算","0","3","3"
"逼迫永明王","0","3","3"
"他们的家人","0","3","3"
"定国的门客","0","3","3"
"升任太仆少","0","3","3"
"召他回朝当","0","3","3"
"是国家的根","0","3","3"
"事关系重大","0","3","3"
"左侍郎升为","0","3","3"
"又上书弹劾","0","3","3"
"祖宗的规矩","0","3","3"
"的权力交给","0","3","3"
"个儿子为官","0","3","3"
"入皇家监狱","0","3","3"
"升任刑部右","0","3","3"
"烈帝召见他","0","3","3"
"不合乎法律","0","3","3"
"来不曾有过","0","3","3"
"移交刑部定","0","3","3"
"交刑部定罪","0","3","3"
"又上书辩解","0","3","3"
"更加坚决地","0","3","3"
"终年六十八","0","3","3"
"五千四百多","0","3","3"
"万八千多人","0","3","3"
"一万六千多","0","3","3"
"万六千多人","0","3","3"
"万二千多人","0","3","3"
"升任南京兵","0","3","3"
"了他的罪过","0","3","3"
"听说后大为","0","3","3"
"说后大为恼","0","3","3"
"上书称病告","0","3","3"
"是为什么呢","0","3","3"
"十五个州县","0","3","3"
"的有十分之","0","3","3"
"有十分之三","0","3","3"
"的有关部门","0","3","3"
"久提升为右","0","3","3"
"朝廷决定派","0","3","3"
"就在这个月","0","3","3"
"太祖采纳他","0","3","3"
"祖采纳他的","0","3","3"
"郡县官吏的","0","3","3"
"了三十年的","0","3","3"
"因父母去世","0","3","3"
"令地方官府","0","3","3"
"政绩考核合","0","3","3"
"绩考核合格","0","3","3"
"为山东布政","0","3","3"
"上书评论时","0","3","3"
"为刑部郎中","0","3","3"
"到朝廷请求","0","3","3"
"晋升为员外","0","3","3"
"考核其政绩","0","3","3"
"去十分之二","0","3","3"
"以举人身份","0","3","3"
"去了他们的","0","3","3"
"上书请求召","0","3","3"
"破格提升为","0","3","3"
"的私淑弟子","0","3","3"
"他们自己的","0","3","3"
"提升为广东","0","3","3"
"升为广东佥","0","3","3"
"为广东佥事","0","3","3"
"一万二千人","0","3","3"
"升为刑部主","0","3","3"
"为绍兴知府","0","3","3"
"于两山之间","0","3","3"
"又晋升为郎","0","3","3"
"为他修建祠","0","3","3"
"他修建祠堂","0","3","3"
"升为礼部主","0","3","3"
"升为浙江副","0","3","3"
"为浙江副使","0","3","3"
"招募的士兵","0","3","3"
"常州府无锡","0","3","3"
"州府无锡人","0","3","3"
"人全部释放","0","3","3"
"朝廷下诏加","0","3","3"
"家奉养母亲","0","3","3"
"升为户部主","0","3","3"
"两地的军队","0","3","3"
"十多万士兵","0","3","3"
"分别驻扎在","0","3","3"
"调任南京兵","0","3","3"
"排行应当立","0","3","3"
"行应当立为","0","3","3"
"应当立为王","0","3","3"
"讨论战守的","0","3","3"
"为内阁大臣","0","3","3"
"所在的地方","0","3","3"
"都听从命令","0","3","3"
"温和的语气","0","3","3"
"争先恐后地","0","3","3"
"队和百姓的","0","3","3"
"事情才得以","0","3","3"
"才得以解决","0","3","3"
"圣明的陛下","0","3","3"
"能有所成就","0","3","3"
"遣官员前往","0","3","3"
"魏大中等人","0","3","3"
"的几个大臣","0","3","3"
"提拔他为太","0","3","3"
"他入朝担任","0","3","3"
"陵墓进行祭","0","3","3"
"请派遣官员","0","3","3"
"说自己的冤","0","3","3"
"任山西提学","0","3","3"
"得以恢复原","0","3","3"
"廷提升他为","0","3","3"
"陛下刚刚登","0","3","3"
"先帝在世时","0","3","3"
"太子的秘密","0","3","3"
"子的秘密指","0","3","3"
"被大清兵打","0","3","3"
"到第二年三","0","3","3"
"决心坚定地","0","3","3"
"破格提拔他","0","3","3"
"庄烈帝就让","0","3","3"
"请罢免自己","0","3","3"
"和自己一起","0","3","3"
"上书极力推","0","3","3"
"庄烈帝就命","0","3","3"
"烈帝就命令","0","3","3"
"平定叛乱的","0","3","3"
"失陷的消息","0","3","3"
"他们两个都","0","3","3"
"多次被打败","0","3","3"
"国家的安危","0","3","3"
"朝中大臣都","0","3","3"
"的身份代理","0","3","3"
"他为东阁大","0","3","3"
"辞谢给自己","0","3","3"
"王派遣使者","0","3","3"
"五千人前去","0","3","3"
"像平常一样","0","3","3"
"永明王没有","0","3","3"
"的军队也到","0","3","3"
"军队也到了","0","3","3"
"于是占领了","0","3","3"
"六千名士兵","0","3","3"
"不能让他们","0","3","3"
"崇祯皇帝没","0","3","3"
"祯皇帝没有","0","3","3"
"皇帝没有采","0","3","3"
"遣使者前去","0","3","3"
"在肇庆监国","0","3","3"
"为文渊阁大","0","3","3"
"宜行事的权","0","3","3"
"永明王回到","0","3","3"
"明王回到桂","0","3","3"
"王回到桂林","0","3","3"
"的部队也到","0","3","3"
"大学士的官","0","3","3"
"官印交给他","0","3","3"
"是大学士张","0","3","3"
"士张居正的","0","3","3"
"改选庶吉士","0","3","3"
"撰写了一篇","0","3","3"
"为兵部职方","0","3","3"
"为国子祭酒","0","3","3"
"他为兵部尚","0","3","3"
"为济南知府","0","3","3"
"十一年秋天","0","3","3"
"母亲守丧回","0","3","3"
"一万两银子","0","3","3"
"和大家一起","0","3","3"
"是议论的人","0","3","3"
"可是已经有","0","3","3"
"是已经有人","0","3","3"
"已经有人议","0","3","3"
"经有人议论","0","3","3"
"有人议论说","0","3","3"
"太子在南京","0","3","3"
"侍郎兼右副","0","3","3"
"郎兼右副都","0","3","3"
"任江西巡抚","0","3","3"
"给事中杨文","0","3","3"
"烧毁了他们","0","3","3"
"他以右佥都","0","3","3"
"被提升为兵","0","3","3"
"全部消灭了","0","3","3"
"兵过来攻打","0","3","3"
"为什么还要","0","3","3"
"为县学生员","0","3","3"
"十二条意见","0","3","3"
"等一千多人","0","3","3"
"他的儿子为","0","3","3"
"弟弟即位的","0","3","3"
"管兵部的事","0","3","3"
"把他们抓起","0","3","3"
"他们抓起来","0","3","3"
"来没有什么","0","3","3"
"二年提拔为","0","3","3"
"荫封子孙世","0","3","3"
"封子孙世袭","0","3","3"
"子孙世袭锦","0","3","3"
"孙世袭锦衣","0","3","3"
"提升大典为","0","3","3"
"朝廷下令逮","0","3","3"
"廷下令逮捕","0","3","3"
"被罢官回家","0","3","3"
"上疏请求朝","0","3","3"
"疏请求朝廷","0","3","3"
"乘胜追击到","0","3","3"
"守城的士兵","0","3","3"
"有三十多里","0","3","3"
"取了他们的","0","3","3"
"皇帝非常恼","0","3","3"
"晋升为尚书","0","3","3"
"这样说来皇","0","3","3"
"全军覆没了","0","3","3"
"双方伤亡相","0","3","3"
"方伤亡相当","0","3","3"
"就是从这里","0","3","3"
"山东发生饥","0","3","3"
"的要害地带","0","3","3"
"军事的大臣","0","3","3"
"自己的功绩","0","3","3"
"被加官太子","0","3","3"
"都察院长官","0","3","3"
"手下的官员","0","3","3"
"负责织造的","0","3","3"
"责织造的宦","0","3","3"
"为山东右布","0","3","3"
"被提拔为右","0","3","3"
"调任南京工","0","3","3"
"二年考取进","0","3","3"
"被授予翰林","0","3","3"
"授予翰林院","0","3","3"
"调任礼部右","0","3","3"
"认为他的话","0","3","3"
"的话是对的","0","3","3"
"奉先殿祭祀","0","3","3"
"奏请册立太","0","3","3"
"请册立太子","0","3","3"
"合皇帝心意","0","3","3"
"他们的粮饷","0","3","3"
"追究主使人","0","3","3"
"徐阶的同乡","0","3","3"
"严嵩任首辅","0","3","3"
"穷凶极恶的","0","3","3"
"发布檄文调","0","3","3"
"增添内阁大","0","3","3"
"添内阁大臣","0","3","3"
"徐阶草拟遗","0","3","3"
"阶草拟遗诏","0","3","3"
"治罪的大臣","0","3","3"
"御史齐康弹","0","3","3"
"史齐康弹劾","0","3","3"
"皇帝也没有","0","3","3"
"皇帝命令宦","0","3","3"
"帝命令宦官","0","3","3"
"给事中张齐","0","3","3"
"上奏挽留他","0","3","3"
"册立太子的","0","3","3"
"朝廷内外很","0","3","3"
"皇帝责备他","0","3","3"
"勉强听从了","0","3","3"
"被治罪的人","0","3","3"
"士王金等人","0","3","3"
"帝都答复可","0","3","3"
"孙子把汉那","0","3","3"
"子把汉那吉","0","3","3"
"张居正极力","0","3","3"
"派遣大臣去","0","3","3"
"当时大学士","0","3","3"
"给事中曹大","0","3","3"
"右侍郎兼翰","0","3","3"
"兼翰林院学","0","3","3"
"部尚书兼武","0","3","3"
"尚书兼武英","0","3","3"
"书兼武英殿","0","3","3"
"是高拱的门","0","3","3"
"赏赐他金币","0","3","3"
"以天下为己","0","3","3"
"天下为己任","0","3","3"
"宗的旧制度","0","3","3"
"贵妃为慈圣","0","3","3"
"妃为慈圣皇","0","3","3"
"在京城之外","0","3","3"
"给事中余懋","0","3","3"
"乘坐驿站的","0","3","3"
"给事中陈三","0","3","3"
"挽留张居正","0","3","3"
"的儿子编修","0","3","3"
"回乡安葬父","0","3","3"
"乡安葬父亲","0","3","3"
"多次上书请","0","3","3"
"见两宫皇太","0","3","3"
"张居正的母","0","3","3"
"当面向皇帝","0","3","3"
"的官吏和百","0","3","3"
"官吏和百姓","0","3","3"
"三个儿子都","0","3","3"
"科举考试中","0","3","3"
"大臣很多人","0","3","3"
"张四维等人","0","3","3"
"以担当大任","0","3","3"
"张居正推荐","0","3","3"
"锦衣千户的","0","3","3"
"人相互勾结","0","3","3"
"皇帝的左右","0","3","3"
"攻击张居正","0","3","3"
"赵用贤等人","0","3","3"
"的有十多人","0","3","3"
"十多万两白","0","3","3"
"二十万两白","0","3","3"
"同意了他们","0","3","3"
"意了他们的","0","3","3"
"晓边防事务","0","3","3"
"贡的议论兴","0","3","3"
"已经晋升为","0","3","3"
"晋升为左侍","0","3","3"
"奏请增设内","0","3","3"
"请增设内阁","0","3","3"
"增设内阁大","0","3","3"
"设内阁大臣","0","3","3"
"任吏部主事","0","3","3"
"因为申时行","0","3","3"
"自己的门生","0","3","3"
"于是受到皇","0","3","3"
"以左侍郎身","0","3","3"
"左侍郎身份","0","3","3"
"也不能有所","0","3","3"
"话语触犯了","0","3","3"
"命令他的儿","0","3","3"
"召见辅佐大","0","3","3"
"见辅佐大臣","0","3","3"
"而朝廷内外","0","3","3"
"朝廷大臣争","0","3","3"
"历十九年秋","0","3","3"
"晋升为侍读","0","3","3"
"丧期限未满","0","3","3"
"等人的奏疏","0","3","3"
"任广东副使","0","3","3"
"请求减少织","0","3","3"
"求减少织造","0","3","3"
"确定国家的","0","3","3"
"此请求退休","0","3","3"
"日本封贡的","0","3","3"
"贡的事情失","0","3","3"
"御史于永清","0","3","3"
"给事中桂有","0","3","3"
"事中桂有根","0","3","3"
"担任礼部右","0","3","3"
"向皇帝当面","0","3","3"
"接连上奏疏","0","3","3"
"连上奏疏论","0","3","3"
"充当日讲官","0","3","3"
"皇帝不能采","0","3","3"
"全面考察京","0","3","3"
"面考察京官","0","3","3"
"朝政一天天","0","3","3"
"一天天松弛","0","3","3"
"不及十分之","0","3","3"
"及十分之一","0","3","3"
"极力请求皇","0","3","3"
"力请求皇帝","0","3","3"
"廷大臣推举","0","3","3"
"责议论的人","0","3","3"
"十八年秋天","0","3","3"
"上奏二十多","0","3","3"
"次请求退休","0","3","3"
"晋升为吏部","0","3","3"
"没有大的过","0","3","3"
"给事中陈治","0","3","3"
"事中陈治则","0","3","3"
"有大臣的气","0","3","3"
"任吏科给事","0","3","3"
"等人极力争","0","3","3"
"人极力争辩","0","3","3"
"他上疏陈述","0","3","3"
"陈述四件事","0","3","3"
"率领同僚劝","0","3","3"
"奔父母丧事","0","3","3"
"不应当任用","0","3","3"
"给事中郑钦","0","3","3"
"望陛下不要","0","3","3"
"问治国之道","0","3","3"
"的奏疏留在","0","3","3"
"宫中不下发","0","3","3"
"任福建提学","0","3","3"
"给事中魏时","0","3","3"
"遵循先帝的","0","3","3"
"希望陛下深","0","3","3"
"升左副都御","0","3","3"
"然安慰挽留","0","3","3"
"升刑部右侍","0","3","3"
"御史纠察弹","0","3","3"
"史纠察弹劾","0","3","3"
"应当让他们","0","3","3"
"为工科给事","0","3","3"
"阿谀奉承的","0","3","3"
"张居正执掌","0","3","3"
"居正执掌国","0","3","3"
"正执掌国政","0","3","3"
"被推荐担任","0","3","3"
"以内阁大臣","0","3","3"
"内阁大臣身","0","3","3"
"高拱的门生","0","3","3"
"希望陛下明","0","3","3"
"是天下的大","0","3","3"
"任礼科给事","0","3","3"
"被贬出京城","0","3","3"
"他担任南京","0","3","3"
"京翰林院的","0","3","3"
"中都有记载","0","3","3"
"京担任南京","0","3","3"
"他改任南京","0","3","3"
"授职为户部","0","3","3"
"职为户部主","0","3","3"
"出京担任南","0","3","3"
"都御史接替","0","3","3"
"见并任命为","0","3","3"
"他升任右都","0","3","3"
"的军事事务","0","3","3"
"上奏请求恢","0","3","3"
"奏请求恢复","0","3","3"
"没有大臣的","0","3","3"
"升为南京右","0","3","3"
"给事中张问","0","3","3"
"张居正大为","0","3","3"
"居正大为恼","0","3","3"
"调出京城担","0","3","3"
"出京城担任","0","3","3"
"出任南京太","0","3","3"
"调任大理寺","0","3","3"
"元年正月初","0","3","3"
"年正月初七","0","3","3"
"二十分之一","0","3","3"
"专门负责巡","0","3","3"
"的时间久了","0","3","3"
"时间久了就","0","3","3"
"而边防储备","0","3","3"
"值得忧虑的","0","3","3"
"奏章下发给","0","3","3"
"给部里讨论","0","3","3"
"被免去官职","0","3","3"
"寇大举侵入","0","3","3"
"敌寇退却后","0","3","3"
"回原籍听候","0","3","3"
"最终没有听","0","3","3"
"为山东按察","0","3","3"
"十九年春天","0","3","3"
"历十八年冬","0","3","3"
"十八年冬天","0","3","3"
"他升任右副","0","3","3"
"不久他升任","0","3","3"
"他升任兵部","0","3","3"
"地区的军务","0","3","3"
"朝贡的议论","0","3","3"
"后起用为南","0","3","3"
"都御史巡视","0","3","3"
"坚持不赞同","0","3","3"
"倭寇的情况","0","3","3"
"被任命为南","0","3","3"
"命为南京刑","0","3","3"
"并官复原职","0","3","3"
"历三十年春","0","3","3"
"赠封他为太","0","3","3"
"调任户部右","0","3","3"
"臣讨论战守","0","3","3"
"他调到南京","0","3","3"
"南京的言官","0","3","3"
"的人应当离","0","3","3"
"人应当离去","0","3","3"
"要害的地方","0","3","3"
"到京城请求","0","3","3"
"皇帝召见他","0","3","3"
"为工部左侍","0","3","3"
"父母丧事而","0","3","3"
"他年事已高","0","3","3"
"越级提拔为","0","3","3"
"以便断绝敌","0","3","3"
"便断绝敌寇","0","3","3"
"升为少傅兼","0","3","3"
"理兵部的事","0","3","3"
"到张居正处","0","3","3"
"改派到户部","0","3","3"
"以右都御史","0","3","3"
"河以北地区","0","3","3"
"百五十万两","0","3","3"
"百三十多万","0","3","3"
"依从了他的","0","3","3"
"从了他的请","0","3","3"
"也极力争辩","0","3","3"
"他乘驿车归","0","3","3"
"乘驿车归乡","0","3","3"
"施行一条鞭","0","3","3"
"诏令朝廷大","0","3","3"
"百七十万两","0","3","3"
"军队的粮饷","0","3","3"
"纷纷上书请","0","3","3"
"上书请求皇","0","3","3"
"内阁大臣李","0","3","3"
"人越来越多","0","3","3"
"帝没有听从","0","3","3"
"人纷纷上奏","0","3","3"
"尚书汪钅宏","0","3","3"
"右侍郎兼任","0","3","3"
"是成为定制","0","3","3"
"在此之前已","0","3","3"
"第二年去世","0","3","3"
"调任兵部主","0","3","3"
"禁锢在高墙","0","3","3"
"原来的爵位","0","3","3"
"任河南提学","0","3","3"
"任户部侍郎","0","3","3"
"奏章下达给","0","3","3"
"轮番戍守的","0","3","3"
"银两不充足","0","3","3"
"百姓不愿意","0","3","3"
"被征召为工","0","3","3"
"于是称病回","0","3","3"
"有经邦济世","0","3","3"
"经邦济世的","0","3","3"
"张居正死了","0","3","3"
"晋升为修撰","0","3","3"
"调任侍讲学","0","3","3"
"二年晋升为","0","3","3"
"年晋升为礼","0","3","3"
"能见到皇帝","0","3","3"
"殿接受朝贺","0","3","3"
"太子的礼仪","0","3","3"
"皇帝又认为","0","3","3"
"可以称得上","0","3","3"
"享年六十八","0","3","3"
"用他的一个","0","3","3"
"命为礼部右","0","3","3"
"第二年改任","0","3","3"
"朝处理政务","0","3","3"
"诏令依从他","0","3","3"
"之外的官吏","0","3","3"
"十四年冬季","0","3","3"
"不久改任吏","0","3","3"
"神宗不同意","0","3","3"
"又奏请恢复","0","3","3"
"太庙的祭祀","0","3","3"
"有别的什么","0","3","3"
"终止了此事","0","3","3"
"诏令大赦天","0","3","3"
"令大赦天下","0","3","3"
"任都督同知","0","3","3"
"陈述当时政","0","3","3"
"御史刘台因","0","3","3"
"的母亲年老","0","3","3"
"宗升格祭祀","0","3","3"
"任内阁大臣","0","3","3"
"帝召见并任","0","3","3"
"皇帝都不同","0","3","3"
"帝都不同意","0","3","3"
"李廷机多次","0","3","3"
"十五年夏季","0","3","3"
"夺了他们的","0","3","3"
"他出来任职","0","3","3"
"了一百二十","0","3","3"
"件可忧虑的","0","3","3"
"可忧虑的事","0","3","3"
"他们在朝廷","0","3","3"
"他多次推辞","0","3","3"
"从此再也没","0","3","3"
"此再也没有","0","3","3"
"与礼部尚书","0","3","3"
"便接连上奏","0","3","3"
"加请求离去","0","3","3"
"二十年的进","0","3","3"
"十年的进士","0","3","3"
"任湖广参政","0","3","3"
"的粮食储备","0","3","3"
"晋升为户部","0","3","3"
"升任户部主","0","3","3"
"改任兵部员","0","3","3"
"任兵部员外","0","3","3"
"了他的主张","0","3","3"
"左侍郎的身","0","3","3"
"山西的军务","0","3","3"
"三边的军务","0","3","3"
"晋升为大理","0","3","3"
"宗听从了他","0","3","3"
"隆庆四年秋","0","3","3"
"庆四年秋天","0","3","3"
"原来的辖区","0","3","3"
"以便利于漕","0","3","3"
"的漕运船只","0","3","3"
"外地的兵丁","0","3","3"
"开通胶莱河","0","3","3"
"兼佥都御史","0","3","3"
"佥都御史前","0","3","3"
"敌寇大举入","0","3","3"
"了他的功绩","0","3","3"
"又恢复原职","0","3","3"
"出任南京工","0","3","3"
"已经知道了","0","3","3"
"多余的积蓄","0","3","3"
"十三岁去世","0","3","3"
"现在还没有","0","3","3"
"传达皇帝的","0","3","3"
"二十一年他","0","3","3"
"担任大理卿","0","3","3"
"给事中杨其","0","3","3"
"事中杨其休","0","3","3"
"钱梦皋等人","0","3","3"
"辛自修上奏","0","3","3"
"请求皇帝遵","0","3","3"
"求皇帝遵循","0","3","3"
"有功勋的大","0","3","3"
"功勋的大臣","0","3","3"
"担任南京吏","0","3","3"
"的奏章留在","0","3","3"
"奏章留在宫","0","3","3"
"章留在宫中","0","3","3"
"留在宫中没","0","3","3"
"在宫中没有","0","3","3"
"的事件发生","0","3","3"
"封赠为少保","0","3","3"
"司以下的官","0","3","3"
"他被起用为","0","3","3"
"国家的费用","0","3","3"
"增加二十万","0","3","3"
"百万两白银","0","3","3"
"是为国家的","0","3","3"
"有停止的时","0","3","3"
"停止的时候","0","3","3"
"什么事情不","0","3","3"
"行他的建议","0","3","3"
"到了万历三","0","3","3"
"百姓的利益","0","3","3"
"西部边疆的","0","3","3"
"边疆的事务","0","3","3"
"为户部左侍","0","3","3"
"下诏允许他","0","3","3"
"百七十多万","0","3","3"
"授职为修撰","0","3","3"
"责翰林院的","0","3","3"
"因为张居正","0","3","3"
"给事中邹元","0","3","3"
"召见申时行","0","3","3"
"见申时行等","0","3","3"
"廷大臣因为","0","3","3"
"召见皇长子","0","3","3"
"朝廷大臣不","0","3","3"
"列在第一位","0","3","3"
"的意思已经","0","3","3"
"弹劾申时行","0","3","3"
"皇帝下诏好","0","3","3"
"帝下诏好言","0","3","3"
"先前的诏书","0","3","3"
"门接受朝贺","0","3","3"
"王锡爵于是","0","3","3"
"众人都认为","0","3","3"
"已经任用了","0","3","3"
"在家中去世","0","3","3"
"沈一贯进入","0","3","3"
"一贯进入内","0","3","3"
"贯进入内阁","0","3","3"
"平定杨应龙","0","3","3"
"辅佐他成为","0","3","3"
"诸位大臣都","0","3","3"
"遵奉皇帝的","0","3","3"
"皇帝的圣谕","0","3","3"
"受皇帝宠爱","0","3","3"
"杨时乔等人","0","3","3"
"弹劾郭正域","0","3","3"
"郭正域与沈","0","3","3"
"给事中钟兆","0","3","3"
"考察的奏疏","0","3","3"
"隶属锦衣卫","0","3","3"
"升任国子监","0","3","3"
"方从哲请求","0","3","3"
"从哲请求罢","0","3","3"
"哲请求罢职","0","3","3"
"星出现在东","0","3","3"
"祖宗二百多","0","3","3"
"宗二百多年","0","3","3"
"在弘德殿召","0","3","3"
"弘德殿召见","0","3","3"
"是罪魁祸首","0","3","3"
"弹劾崔文升","0","3","3"
"内阁大臣刘","0","3","3"
"给事中魏应","0","3","3"
"在太子宫中","0","3","3"
"件该杀的事","0","3","3"
"皇帝任命他","0","3","3"
"帝任命他为","0","3","3"
"行弟子之礼","0","3","3"
"嵩的儿子严","0","3","3"
"也这么认为","0","3","3"
"梁梦龙等人","0","3","3"
"万人的部队","0","3","3"
"改任太常卿","0","3","3"
"令内阁大臣","0","3","3"
"的名义回乡","0","3","3"
"请求皇上亲","0","3","3"
"神宗下优诏","0","3","3"
"晋升为少詹","0","3","3"
"陛下的心思","0","3","3"
"意思大概是","0","3","3"
"又极力陈述","0","3","3"
"过一段时间","0","3","3"
"的朝廷大臣","0","3","3"
"以尚书身份","0","3","3"
"于是被剥夺","0","3","3"
"改派到吏部","0","3","3"
"再度上奏请","0","3","3"
"度上奏请求","0","3","3"
"为国家谋划","0","3","3"
"赠封为礼部","0","3","3"
"封为礼部尚","0","3","3"
"升任左谕德","0","3","3"
"协助管理詹","0","3","3"
"助管理詹事","0","3","3"
"管理詹事府","0","3","3"
"负责部中事","0","3","3"
"责部中事务","0","3","3"
"将他的奏疏","0","3","3"
"现在魏忠贤","0","3","3"
"书请求皇上","0","3","3"
"同时分封三","0","3","3"
"时分封三王","0","3","3"
"违背了圣旨","0","3","3"
"职在家闲居","0","3","3"
"朝廷内外多","0","3","3"
"高攀龙等人","0","3","3"
"魏忠贤已经","0","3","3"
"在位时间长","0","3","3"
"任尚宝司丞","0","3","3"
"皇帝都同意","0","3","3"
"帝都同意了","0","3","3"
"他为南京礼","0","3","3"
"他极力推辞","0","3","3"
"升为福建按","0","3","3"
"与总督项忠","0","3","3"
"部右侍郎职","0","3","3"
"命令司礼太","0","3","3"
"是什么意思","0","3","3"
"次上疏推辞","0","3","3"
"西发生大地","0","3","3"
"以巩固边防","0","3","3"
"抚恤受灾人","0","3","3"
"恤受灾人家","0","3","3"
"十分之四五","0","3","3"
"为职方主事","0","3","3"
"臣前往治理","0","3","3"
"就可想而知","0","3","3"
"可想而知了","0","3","3"
"阴谋未得逞","0","3","3"
"自己意见不","0","3","3"
"在刘瑾面前","0","3","3"
"上疏劝谏道","0","3","3"
"给事中林聪","0","3","3"
"使百姓得到","0","3","3"
"侍奉东宫太","0","3","3"
"奉东宫太子","0","3","3"
"上奏章陈述","0","3","3"
"的官员以及","0","3","3"
"地一千三百","0","3","3"
"孝宗同意了","0","3","3"
"在御前讲席","0","3","3"
"凡所经过的","0","3","3"
"交有关部门","0","3","3"
"在南北两京","0","3","3"
"不能再增加","0","3","3"
"考中弘治六","0","3","3"
"中弘治六年","0","3","3"
"第一名进士","0","3","3"
"管翰林院事","0","3","3"
"过礼部侍郎","0","3","3"
"毛澄等一次","0","3","3"
"自称威武大","0","3","3"
"们一起上书","0","3","3"
"社稷的祭祀","0","3","3"
"知道陛下有","0","3","3"
"自称总督军","0","3","3"
"皇储还没有","0","3","3"
"讨论兴献王","0","3","3"
"的亲生父亲","0","3","3"
"自称侄皇帝","0","3","3"
"就是人家的","0","3","3"
"入宫继承王","0","3","3"
"宫继承王位","0","3","3"
"献王的祭祀","0","3","3"
"大臣们上书","0","3","3"
"上书议论说","0","3","3"
"王位正统的","0","3","3"
"又没有兄弟","0","3","3"
"该以孝宗为","0","3","3"
"以孝宗为父","0","3","3"
"宗传下来的","0","3","3"
"以前的奏疏","0","3","3"
"的奏疏发下","0","3","3"
"阁大臣商议","0","3","3"
"现在只有一","0","3","3"
"封子孙为世","0","3","3"
"被调到南京","0","3","3"
"是他的儿子","0","3","3"
"我们认为陛","0","3","3"
"们认为陛下","0","3","3"
"继承武宗的","0","3","3"
"兴献帝为本","0","3","3"
"帝为本生皇","0","3","3"
"奉先殿一侧","0","3","3"
"想在奉先殿","0","3","3"
"更加急切地","0","3","3"
"只有汉哀帝","0","3","3"
"的子孙世代","0","3","3"
"以前的诏书","0","3","3"
"赠他为少保","0","3","3"
"充任经筵讲","0","3","3"
"任礼部郎中","0","3","3"
"天下人和后","0","3","3"
"称为本生皇","0","3","3"
"时是嘉靖三","0","3","3"
"我们太祖皇","0","3","3"
"们太祖皇帝","0","3","3"
"朝廷里大臣","0","3","3"
"大礼的讨论","0","3","3"
"起草皇帝的","0","3","3"
"上书搭救他","0","3","3"
"升为太仆卿","0","3","3"
"他升为南京","0","3","3"
"一篇奏疏说","0","3","3"
"追加皇帝称","0","3","3"
"加皇帝称号","0","3","3"
"司马光所说","0","3","3"
"是先皇帝的","0","3","3"
"是不一样的","0","3","3"
"一百五十年","0","3","3"
"在金水桥南","0","3","3"
"五品以下的","0","3","3"
"次上书称病","0","3","3"
"礼的争论开","0","3","3"
"的争论开始","0","3","3"
"争论开始后","0","3","3"
"到左顺门跪","0","3","3"
"充军的大臣","0","3","3"
"他的儿子叫","0","3","3"
"其中有很多","0","3","3"
"宫门外跪地","0","3","3"
"张璁等人说","0","3","3"
"陈述有关时","0","3","3"
"又上疏陈述","0","3","3"
"任南京祭酒","0","3","3"
"为母丧守服","0","3","3"
"任东宫讲官","0","3","3"
"上疏陈述三","0","3","3"
"左侍郎兼学","0","3","3"
"纷上奏章弹","0","3","3"
"已经进入内","0","3","3"
"经进入内阁","0","3","3"
"任翰林学士","0","3","3"
"朝廷不答应","0","3","3"
"礼部尚书的","0","3","3"
"岁就乡试中","0","3","3"
"侍奉皇太子","0","3","3"
"升为左春坊","0","3","3"
"为左春坊大","0","3","3"
"又升为南京","0","3","3"
"安化王蜫钅","0","3","3"
"化王蜫钅番","0","3","3"
"了少傅兼太","0","3","3"
"了首辅大臣","0","3","3"
"清宫发生灾","0","3","3"
"两宫太后的","0","3","3"
"命令谷大用","0","3","3"
"为威武副将","0","3","3"
"外举行祭祀","0","3","3"
"达一百五十","0","3","3"
"大学士的俸","0","3","3"
"学士的俸禄","0","3","3"
"上书请世宗","0","3","3"
"兴献王的大","0","3","3"
"不同意见的","0","3","3"
"同意见的人","0","3","3"
"没听说过他","0","3","3"
"给他们一个","0","3","3"
"的有一百多","0","3","3"
"宗迫不得已","0","3","3"
"辅立新君的","0","3","3"
"不接受命令","0","3","3"
"人一起治理","0","3","3"
"廷和的儿子","0","3","3"
"过去讨论大","0","3","3"
"去讨论大礼","0","3","3"
"是杨廷和的","0","3","3"
"他升为侍讲","0","3","3"
"的身份入内","0","3","3"
"身份入内阁","0","3","3"
"份入内阁参","0","3","3"
"没有接班人","0","3","3"
"武宗同意了","0","3","3"
"天子的军队","0","3","3"
"军队前往征","0","3","3"
"陛下继承祖","0","3","3"
"给事中张九","0","3","3"
"他们两个于","0","3","3"
"们两个于是","0","3","3"
"至正十五年","0","3","3"
"生长于富贵","0","3","3"
"严格整顿军","0","3","3"
"格整顿军队","0","3","3"
"在太祖面前","0","3","3"
"献王为皇考","0","3","3"
"国子生的身","0","3","3"
"子生的身份","0","3","3"
"李景隆率军","0","3","3"
"自起兵以来","0","3","3"
"为平燕将军","0","3","3"
"皇上对他的","0","3","3"
"被有关官员","0","3","3"
"任副都御史","0","3","3"
"进入京城后","0","3","3"
"都督徐凯驻","0","3","3"
"督徐凯驻扎","0","3","3"
"于是朝廷又","0","3","3"
"皇上和太子","0","3","3"
"上和太子都","0","3","3"
"皇上亲自在","0","3","3"
"在便殿设宴","0","3","3"
"亲去世回家","0","3","3"
"理本部事务","0","3","3"
"从皇上巡边","0","3","3"
"诏令有关部","0","3","3"
"问他有什么","0","3","3"
"有什么话要","0","3","3"
"什么话要说","0","3","3"
"升任户部右","0","3","3"
"有关官员治","0","3","3"
"提出自己的","0","3","3"
"原吉回答说","0","3","3"
"皇上笑着说","0","3","3"
"回到榆木川","0","3","3"
"的消息传到","0","3","3"
"他请求回家","0","3","3"
"请求回家守","0","3","3"
"享受三职俸","0","3","3"
"受三职俸禄","0","3","3"
"太子从南京","0","3","3"
"难道不知道","0","3","3"
"他们的衣服","0","3","3"
"终年六十五","0","3","3"
"年六十五岁","0","3","3"
"免除他家的","0","3","3"
"除他家的赋","0","3","3"
"他家的赋税","0","3","3"
"家的赋税徭","0","3","3"
"上赐给他的","0","3","3"
"高皇后去世","0","3","3"
"是以前元朝","0","3","3"
"渡江进入京","0","3","3"
"江进入京城","0","3","3"
"为资善大夫","0","3","3"
"而不叫他的","0","3","3"
"不叫他的名","0","3","3"
"到达捕鱼儿","0","3","3"
"达捕鱼儿海","0","3","3"
"终年五十八","0","3","3"
"跟随太祖渡","0","3","3"
"降服其部众","0","3","3"
"成祖亲自写","0","3","3"
"战于白沟河","0","3","3"
"与平安战于","0","3","3"
"皇上下诏命","0","3","3"
"他们全部杀","0","3","3"
"至都指挥使","0","3","3"
"将他们包围","0","3","3"
"随大将军北","0","3","3"
"为北平都指","0","3","3"
"白沟河之战","0","3","3"
"祖亲自写文","0","3","3"
"亲自写文章","0","3","3"
"监生被授予","0","3","3"
"他回来后上","0","3","3"
"命他以原官","0","3","3"
"成祖进入京","0","3","3"
"因茹王常的","0","3","3"
"没有一个敢","0","3","3"
"理了他的丧","0","3","3"
"了他的丧事","0","3","3"
"为浙江左布","0","3","3"
"满应当升迁","0","3","3"
"百姓得以安","0","3","3"
"姓得以安居","0","3","3"
"召回任工部","0","3","3"
"的职责而已","0","3","3"
"这一年六月","0","3","3"
"阴云看不见","0","3","3"
"改任刑部尚","0","3","3"
"他的儿子郭","0","3","3"
"任太子少师","0","3","3"
"升为河南右","0","3","3"
"迎接并归附","0","3","3"
"他进升为尚","0","3","3"
"皇上到北京","0","3","3"
"奉命到浙江","0","3","3"
"当时还没有","0","3","3"
"景隆代替耿","0","3","3"
"隆代替耿炳","0","3","3"
"在这次战役","0","3","3"
"燕兵渡过淮","0","3","3"
"随常遇春攻","0","3","3"
"围才得以解","0","3","3"
"才得以解除","0","3","3"
"进入紫荆关","0","3","3"
"跟随傅友德","0","3","3"
"随傅友德征","0","3","3"
"被授为征虏","0","3","3"
"辅佐太子监","0","3","3"
"佐太子监国","0","3","3"
"为本部右侍","0","3","3"
"部门的事务","0","3","3"
"月他在任上","0","3","3"
"理户部事务","0","3","3"
"等人都认为","0","3","3"
"他两遭亲丧","0","3","3"
"不待守孝期","0","3","3"
"待守孝期满","0","3","3"
"果他们都被","0","3","3"
"以国子监生","0","3","3"
"事情办成了","0","3","3"
"仁宗继位后","0","3","3"
"二年正月他","0","3","3"
"终年六十二","0","3","3"
"年六十二岁","0","3","3"
"价收购粮食","0","3","3"
"国子监生被","0","3","3"
"他的儿子陈","0","3","3"
"被升为礼部","0","3","3"
"任杭州知府","0","3","3"
"召为大理寺","0","3","3"
"为大理寺少","0","3","3"
"第二年他与","0","3","3"
"升为河南按","0","3","3"
"为河南按察","0","3","3"
"留下辅佐太","0","3","3"
"下辅佐太子","0","3","3"
"被投进锦衣","0","3","3"
"被提升为礼","0","3","3"
"侍郎兼华盖","0","3","3"
"郎兼华盖殿","0","3","3"
"得到皇上赐","0","3","3"
"皇上赐给的","0","3","3"
"难道不可以","0","3","3"
"有事实根据","0","3","3"
"有三个儿子","0","3","3"
"立陈氏的后","0","3","3"
"有水旱灾害","0","3","3"
"逃亡的百姓","0","3","3"
"询问民间疾","0","3","3"
"到内阁商议","0","3","3"
"被授予编修","0","3","3"
"皇上对杨荣","0","3","3"
"遣使者去招","0","3","3"
"太子建立后","0","3","3"
"在内阁当值","0","3","3"
"到赤斤蒙古","0","3","3"
"皇上听从他","0","3","3"
"上听从他的","0","3","3"
"进升为翰林","0","3","3"
"又随从北征","0","3","3"
"将近二十年","0","3","3"
"皇帝的恩宠","0","3","3"
"都担任总裁","0","3","3"
"太后对他们","0","3","3"
"自己的才能","0","3","3"
"向皇上进言","0","3","3"
"王时中请求","0","3","3"
"以原官起用","0","3","3"
"他回归故里","0","3","3"
"官职在家闲","0","3","3"
"去他的职务","0","3","3"
"他被提拔为","0","3","3"
"封为刑部尚","0","3","3"
"被逮捕拘囚","0","3","3"
"为陕西副使","0","3","3"
"终年七十七","0","3","3"
"任验封郎中","0","3","3"
"得到皇帝宠","0","3","3"
"讨论这件事","0","3","3"
"病死在狱中","0","3","3"
"是嘉靖三十","0","3","3"
"吏部的权力","0","3","3"
"一个儿子官","0","3","3"
"个儿子官职","0","3","3"
"一百四十多","0","3","3"
"为自己开脱","0","3","3"
"帝下令礼部","0","3","3"
"职为南京礼","0","3","3"
"这个地方的","0","3","3"
"帝嘉奖他的","0","3","3"
"弹劾总兵官","0","3","3"
"被贬斥为民","0","3","3"
"起用为陕西","0","3","3"
"又逐条奏上","0","3","3"
"史的官职巡","0","3","3"
"的官职巡抚","0","3","3"
"敌寇的骑兵","0","3","3"
"人都被释放","0","3","3"
"坚决认为不","0","3","3"
"不能做出决","0","3","3"
"有一定的时","0","3","3"
"这是第四点","0","3","3"
"这是第五点","0","3","3"
"这是第六点","0","3","3"
"这是第七点","0","3","3"
"将他下诏狱","0","3","3"
"他下诏狱进","0","3","3"
"升为副都御","0","3","3"
"四千四百多","0","3","3"
"向皇帝上疏","0","3","3"
"皇帝上书说","0","3","3"
"为开州同知","0","3","3"
"借其他的事","0","3","3"
"调任浙江按","0","3","3"
"耗费不可计","0","3","3"
"费不可计算","0","3","3"
"吏不敢过问","0","3","3"
"都给事中夏","0","3","3"
"文武大臣都","0","3","3"
"都御史汪钅","0","3","3"
"御史汪钅宏","0","3","3"
"争辩这件事","0","3","3"
"能轻易改变","0","3","3"
"帝下诏书征","0","3","3"
"多次濒临死","0","3","3"
"次濒临死亡","0","3","3"
"请求代父而","0","3","3"
"求代父而死","0","3","3"
"道路上饿死","0","3","3"
"不知道他是","0","3","3"
"太仆卿杨最","0","3","3"
"这是天下的","0","3","3"
"都没有降雪","0","3","3"
"陛下的赤子","0","3","3"
"派遣使者祭","0","3","3"
"遣使者祭祀","0","3","3"
"在朝廷上杖","0","3","3"
"朝廷上杖打","0","3","3"
"皇帝发怒说","0","3","3"
"什么比这更","0","3","3"
"因弹劾严嵩","0","3","3"
"元年起用为","0","3","3"
"起用为故官","0","3","3"
"帝身边的人","0","3","3"
"升为礼科给","0","3","3"
"没有听说他","0","3","3"
"与他们一起","0","3","3"
"严世蕃被诛","0","3","3"
"仇鸾为大将","0","3","3"
"鸾为大将军","0","3","3"
"向陛下陈述","0","3","3"
"知道有严嵩","0","3","3"
"弹劾严嵩被","0","3","3"
"凡是文武官","0","3","3"
"都是贼臣严","0","3","3"
"的妻子张氏","0","3","3"
"升为兵科给","0","3","3"
"倭寇的祸患","0","3","3"
"出朝廷外任","0","3","3"
"是万全之策","0","3","3"
"到达目的地","0","3","3"
"给事中李用","0","3","3"
"事中李用敬","0","3","3"
"在朝廷上用","0","3","3"
"朝廷上用杖","0","3","3"
"廷上用杖拷","0","3","3"
"上用杖拷打","0","3","3"
"的人都知道","0","3","3"
"严厉地斥责","0","3","3"
"弹劾俞大猷","0","3","3"
"给事中罗嘉","0","3","3"
"胡宗宪上疏","0","3","3"
"和同官一起","0","3","3"
"派遣官员告","0","3","3"
"他上书提出","0","3","3"
"守卫这个地","0","3","3"
"卫这个地方","0","3","3"
"御史刘天和","0","3","3"
"署理都指挥","0","3","3"
"所到的地方","0","3","3"
"到的地方都","0","3","3"
"尚文在黑水","0","3","3"
"文在黑水苑","0","3","3"
"嘉奖他的功","0","3","3"
"奖他的功劳","0","3","3"
"升他为左都","0","3","3"
"敌人才退去","0","3","3"
"周尚文在曹","0","3","3"
"尚文在曹家","0","3","3"
"文在曹家庄","0","3","3"
"从嘉靖二十","0","3","3"
"共斩敌人首","0","3","3"
"的身份从征","0","3","3"
"宽恕他的罪","0","3","3"
"承袭世职任","0","3","3"
"晋升为署都","0","3","3"
"都指挥使的","0","3","3"
"指挥使的官","0","3","3"
"敌贼的巢穴","0","3","3"
"贼寇的巢穴","0","3","3"
"而回到家乡","0","3","3"
"妻子儿女回","0","3","3"
"妻子儿女都","0","3","3"
"沈希仪镇守","0","3","3"
"欧阳必进说","0","3","3"
"石邦宪于是","0","3","3"
"军于是进入","0","3","3"
"死在官任上","0","3","3"
"都督写亦虎","0","3","3"
"督写亦虎仙","0","3","3"
"亦虎仙和他","0","3","3"
"被总兵官姜","0","3","3"
"我们的虚实","0","3","3"
"无人能比得","0","3","3"
"人能比得上","0","3","3"
"千九百多顷","0","3","3"
"在万全右卫","0","3","3"
"阳发生兵变","0","3","3"
"被总兵官刘","0","3","3"
"不是不知道","0","3","3"
"劳永逸的办","0","3","3"
"永逸的办法","0","3","3"
"他们立功赎","0","3","3"
"们立功赎罪","0","3","3"
"在安定门外","0","3","3"
"将他的妻子","0","3","3"
"他的父亲王","0","3","3"
"万六千多两","0","3","3"
"不久又因为","0","3","3"
"现在只有五","0","3","3"
"御史代替他","0","3","3"
"上疏报告皇","0","3","3"
"疏报告皇帝","0","3","3"
"没有像今天","0","3","3"
"有像今天这","0","3","3"
"像今天这样","0","3","3"
"仁寿宫发生","0","3","3"
"立祠纪念他","0","3","3"
"同官一起上","0","3","3"
"诏令修身反","0","3","3"
"的罪名弹劾","0","3","3"
"罪名弹劾他","0","3","3"
"没有一人敢","0","3","3"
"因擅长书法","0","3","3"
"任广西参议","0","3","3"
"加封为兵部","0","3","3"
"怎么能够不","0","3","3"
"请求朝廷再","0","3","3"
"他帮助自己","0","3","3"
"以安定人心","0","3","3"
"齐之鸾等人","0","3","3"
"第二天皇上","0","3","3"
"像过去一样","0","3","3"
"什么不同呢","0","3","3"
"邵进禄等人","0","3","3"
"等人的罪状","0","3","3"
"守仁的功劳","0","3","3"
"八千两银子","0","3","3"
"修撰吕木冉","0","3","3"
"扩大自己的","0","3","3"
"改变自己的","0","3","3"
"这是不必疑","0","3","3"
"是不必疑虑","0","3","3"
"不必疑虑的","0","3","3"
"必疑虑的第","0","3","3"
"就不是因为","0","3","3"
"大风拔起树","0","3","3"
"风拔起树木","0","3","3"
"杨金英等人","0","3","3"
"皇后附祭于","0","3","3"
"请求在太庙","0","3","3"
"附祭孝烈皇","0","3","3"
"尊皇后为皇","0","3","3"
"皇太后住在","0","3","3"
"很不以为然","0","3","3"
"太祖亲自督","0","3","3"
"协助李文忠","0","3","3"
"率马步舟师","0","3","3"
"为征虏右副","0","3","3"
"所作所为多","0","3","3"
"得到的奖赏","0","3","3"
"在泾江口拦","0","3","3"
"从此不敢再","0","3","3"
"吴地平定后","0","3","3"
"从大军征讨","0","3","3"
"大军征讨中","0","3","3"
"王弼为前锋","0","3","3"
"全部缴获了","0","3","3"
"左副将军的","0","3","3"
"派使者到大","0","3","3"
"到捕鱼儿海","0","3","3"
"被任命为指","0","3","3"
"输送粮食到","0","3","3"
"继承父亲职","0","3","3"
"承父亲职位","0","3","3"
"株连而被杀","0","3","3"
"跟从太祖渡","0","3","3"
"提升为大都","0","3","3"
"蓝玉党案而","0","3","3"
"蓝玉党案牵","0","3","3"
"玉党案牵连","0","3","3"
"牵连而被杀","0","3","3"
"从大军平武","0","3","3"
"跟从沐英征","0","3","3"
"从沐英征讨","0","3","3"
"班师回朝后","0","3","3"
"晋升为管军","0","3","3"
"晋升为龙骧","0","3","3"
"通海等人率","0","3","3"
"他的祖先是","0","3","3"
"晋升为佥枢","0","3","3"
"升为佥枢密","0","3","3"
"为佥枢密院","0","3","3"
"火焚烧了敌","0","3","3"
"陈友谅大败","0","3","3"
"晋升为江淮","0","3","3"
"升为江淮行","0","3","3"
"傅友德进攻","0","3","3"
"削去了爵位","0","3","3"
"阳谒见太祖","0","3","3"
"人大败而逃","0","3","3"
"为枢密院事","0","3","3"
"为江南行省","0","3","3"
"在城中大肆","0","3","3"
"蛮子海牙的","0","3","3"
"子海牙的水","0","3","3"
"海牙的水寨","0","3","3"
"徐达攻取镇","0","3","3"
"达攻取镇江","0","3","3"
"友谅的将领","0","3","3"
"年仅三十九","0","3","3"
"仅三十九岁","0","3","3"
"士兵数千人","0","3","3"
"于是被攻下","0","3","3"
"没有攻不破","0","3","3"
"有攻不破的","0","3","3"
"什么样的人","0","3","3"
"升为天策卫","0","3","3"
"十分欣赏他","0","3","3"
"年食禄二千","0","3","3"
"为行省左丞","0","3","3"
"跟从副将军","0","3","3"
"提升为监察","0","3","3"
"认为这是对","0","3","3"
"升为四川按","0","3","3"
"朱熹的学说","0","3","3"
"把他抓起来","0","3","3"
"这样又怎么","0","3","3"
"样又怎么能","0","3","3"
"居住在这里","0","3","3"
"之间的关系","0","3","3"
"太祖对他的","0","3","3"
"太祖攻克太","0","3","3"
"祖攻克太平","0","3","3"
"平定天下的","0","3","3"
"功臣的子弟","0","3","3"
"耿炳文为大","0","3","3"
"炳文为大将","0","3","3"
"文为大将军","0","3","3"
"岷王朱木便","0","3","3"
"黄子澄与齐","0","3","3"
"子澄与齐泰","0","3","3"
"让他们返回","0","3","3"
"被召到京城","0","3","3"
"帝于是下令","0","3","3"
"周公辅佐成","0","3","3"
"公辅佐成王","0","3","3"
"成祖回答说","0","3","3"
"于聚宝门外","0","3","3"
"没有考虑到","0","3","3"
"提升为江西","0","3","3"
"升为江西行","0","3","3"
"任征南副将","0","3","3"
"又升为都督","0","3","3"
"太祖派使者","0","3","3"
"当时是洪武","0","3","3"
"是洪武八年","0","3","3"
"随大军渡江","0","3","3"
"归附朱元璋","0","3","3"
"引来黄河水","0","3","3"
"因功晋升为","0","3","3"
"进入连云栈","0","3","3"
"召集义兵保","0","3","3"
"集义兵保卫","0","3","3"
"为中书右丞","0","3","3"
"是国家的大","0","3","3"
"的说法不对","0","3","3"
"晋升为翰林","0","3","3"
"你们一定要","0","3","3"
"祖在奉天殿","0","3","3"
"的使者大多","0","3","3"
"升为浙江按","0","3","3"
"他们逮捕治","0","3","3"
"们逮捕治罪","0","3","3"
"开始于洪武","0","3","3"
"太祖平定武","0","3","3"
"祖平定武昌","0","3","3"
"死于官位上","0","3","3"
"终年三十八","0","3","3"
"年三十八岁","0","3","3"
"提升为工部","0","3","3"
"从太祖攻克","0","3","3"
"太祖攻克集","0","3","3"
"祖攻克集庆","0","3","3"
"于是任命他","0","3","3"
"是任命他为","0","3","3"
"任命他为黄","0","3","3"
"百姓安居乐","0","3","3"
"姓安居乐业","0","3","3"
"设置翰林院","0","3","3"
"尊崇他们的","0","3","3"
"任国子祭酒","0","3","3"
"元至正年间","0","3","3"
"皇帝进献土","0","3","3"
"帝进献土产","0","3","3"
"播州的土地","0","3","3"
"他们的田地","0","3","3"
"给他赏赐衣","0","3","3"
"求朝廷让他","0","3","3"
"寨子的蛮族","0","3","3"
"等地的苗人","0","3","3"
"屡次招抚他","0","3","3"
"叛乱的苗人","0","3","3"
"贵州的镇巡","0","3","3"
"州的镇巡官","0","3","3"
"九千八百多","0","3","3"
"贵州的守卫","0","3","3"
"皇帝命令刑","0","3","3"
"帝命令刑部","0","3","3"
"令刑部侍郎","0","3","3"
"有汉化的苗","0","3","3"
"时间已经很","0","3","3"
"间已经很久","0","3","3"
"朝廷在该地","0","3","3"
"军队前去征","0","3","3"
"队前去征讨","0","3","3"
"朝廷赏赐给","0","3","3"
"继承父亲的","0","3","3"
"让其隶属于","0","3","3"
"皇帝同意这","0","3","3"
"予都指挥使","0","3","3"
"给事中张希","0","3","3"
"地区的事务","0","3","3"
"领三千士兵","0","3","3"
"三千士兵进","0","3","3"
"征调的军队","0","3","3"
"刘纟廷攻破","0","3","3"
"杨应龙的儿","0","3","3"
"应龙的儿子","0","3","3"
"龙的儿子杨","0","3","3"
"伐平定了他","0","3","3"
"亡的人很多","0","3","3"
"使司的事务","0","3","3"
"国子监学录","0","3","3"
"三个月之内","0","3","3"
"贼人的首领","0","3","3"
"皇帝按惯例","0","3","3"
"被官军打败","0","3","3"
"四川的官军","0","3","3"
"的势力越来","0","3","3"
"征讨贵州叛","0","3","3"
"讨贵州叛乱","0","3","3"
"朝廷派兵进","0","3","3"
"廷派兵进剿","0","3","3"
"大木二十根","0","3","3"
"又向朝廷进","0","3","3"
"在边关地区","0","3","3"
"一千七百多","0","3","3"
"派人去招抚","0","3","3"
"皇帝派行人","0","3","3"
"不遵奉朝廷","0","3","3"
"遵奉朝廷的","0","3","3"
"所派的使臣","0","3","3"
"倭人又入侵","0","3","3"
"廷贡献马和","0","3","3"
"献马和土产","0","3","3"
"绝他们的贡","0","3","3"
"他们的贡物","0","3","3"
"命令礼部大","0","3","3"
"令礼部大臣","0","3","3"
"皇帝厌恶他","0","3","3"
"派使者来献","0","3","3"
"八千七百多","0","3","3"
"上奏朝廷请","0","3","3"
"奏朝廷请求","0","3","3"
"来国子监学","0","3","3"
"将要出发时","0","3","3"
"是人之常情","0","3","3"
"允许他们以","0","3","3"
"祝贺册立皇","0","3","3"
"告日本国王","0","3","3"
"日本国王赏","0","3","3"
"本国王赏赐","0","3","3"
"者前来谢恩","0","3","3"
"使者回国时","0","3","3"
"持皇帝的敕","0","3","3"
"进行大肆杀","0","3","3"
"者向朝廷贡","0","3","3"
"献马匹以表","0","3","3"
"告诫他们不","0","3","3"
"诫他们不要","0","3","3"
"是前所未有","0","3","3"
"部官员商议","0","3","3"
"到其他地方","0","3","3"
"弘治年间勘","0","3","3"
"治年间勘合","0","3","3"
"因此请求朝","0","3","3"
"此请求朝廷","0","3","3"
"琉球的使臣","0","3","3"
"臣将此上报","0","3","3"
"文武将吏的","0","3","3"
"献贡的日期","0","3","3"
"他们的表文","0","3","3"
"皇帝当政时","0","3","3"
"海地区的奸","0","3","3"
"勾结在一起","0","3","3"
"上疏给朝廷","0","3","3"
"都御史王忄","0","3","3"
"御史王忄予","0","3","3"
"战舰数百艘","0","3","3"
"一百八十多","0","3","3"
"百八十多里","0","3","3"
"便请求朝廷","0","3","3"
"求朝廷派使","0","3","3"
"廷派使者前","0","3","3"
"答应让他们","0","3","3"
"陈可愿回来","0","3","3"
"有二万多人","0","3","3"
"其使者回去","0","3","3"
"应与他们通","0","3","3"
"等人前来献","0","3","3"
"人前来献贡","0","3","3"
"倭贼进犯浙","0","3","3"
"其手下的大","0","3","3"
"将此情况告","0","3","3"
"此情况告诉","0","3","3"
"自己的国家","0","3","3"
"此时正好碰","0","3","3"
"他手下的大","0","3","3"
"手下的大将","0","3","3"
"明朝廷告急","0","3","3"
"廷给他们的","0","3","3"
"年琉球派使","0","3","3"
"向明朝廷祝","0","3","3"
"明朝廷祝贺","0","3","3"
"山南王的使","0","3","3"
"次派使者向","0","3","3"
"王的献贡使","0","3","3"
"官的儿子进","0","3","3"
"派人来朝贡","0","3","3"
"子监学习的","0","3","3"
"使者来朝廷","0","3","3"
"人进入国子","0","3","3"
"宗接皇帝位","0","3","3"
"的使者上奏","0","3","3"
"使者上奏说","0","3","3"
"告其父去世","0","3","3"
"其父去世的","0","3","3"
"父去世的消","0","3","3"
"从这里开始","0","3","3"
"上贡的使者","0","3","3"
"了这个请求","0","3","3"
"便派给事中","0","3","3"
"琉球使者到","0","3","3"
"了他们的房","0","3","3"
"他们的房屋","0","3","3"
"的使者请求","0","3","3"
"给他们颁赐","0","3","3"
"礼部官员认","0","3","3"
"部官员认为","0","3","3"
"他们一年献","0","3","3"
"一年献贡一","0","3","3"
"廷允许他继","0","3","3"
"使者来到京","0","3","3"
"者来到京城","0","3","3"
"琉球派使者","0","3","3"
"皇帝听从礼","0","3","3"
"福建的守卫","0","3","3"
"建的守卫大","0","3","3"
"条不可行的","0","3","3"
"不可行的理","0","3","3"
"可行的理由","0","3","3"
"朝廷派遣使","0","3","3"
"他们对朝廷","0","3","3"
"琉球的陪臣","0","3","3"
"先前的制度","0","3","3"
"向朝廷修贡","0","3","3"
"帖木儿继承","0","3","3"
"派使者来京","0","3","3"
"克帖木儿的","0","3","3"
"他们加以赏","0","3","3"
"们加以赏赐","0","3","3"
"又派人向朝","0","3","3"
"朝廷给予册","0","3","3"
"廷给予册封","0","3","3"
"封他为忠顺","0","3","3"
"给他颁赐金","0","3","3"
"哈密的政务","0","3","3"
"沉湎于酒色","0","3","3"
"所派的官员","0","3","3"
"官员前去吊","0","3","3"
"员前去吊祭","0","3","3"
"兔力帖木儿","0","3","3"
"帖木儿为忠","0","3","3"
"木儿为忠义","0","3","3"
"儿为忠义王","0","3","3"
"三千五百多","0","3","3"
"千五百多匹","0","3","3"
"官前去吊祭","0","3","3"
"又向朝廷献","0","3","3"
"请求朝廷赐","0","3","3"
"朝廷的使臣","0","3","3"
"赤斤等卫所","0","3","3"
"把忠顺王的","0","3","3"
"王的母亲和","0","3","3"
"数次派使者","0","3","3"
"朝廷的任命","0","3","3"
"哈密的忠顺","0","3","3"
"密的忠顺王","0","3","3"
"有一千多里","0","3","3"
"帖木儿前来","0","3","3"
"这两个地方","0","3","3"
"他的妻子和","0","3","3"
"贡的使者不","0","3","3"
"自称为速檀","0","3","3"
"按礼制规定","0","3","3"
"回去谕告阿","0","3","3"
"土鲁番的献","0","3","3"
"鲁番的献贡","0","3","3"
"番的献贡使","0","3","3"
"与罕慎联姻","0","3","3"
"罕慎联姻结","0","3","3"
"所派遣的使","0","3","3"
"派遣的使者","0","3","3"
"并不遵奉朝","0","3","3"
"拘留他们的","0","3","3"
"留他们的使","0","3","3"
"朝廷贡献狮","0","3","3"
"廷贡献狮子","0","3","3"
"将哈密城的","0","3","3"
"部大臣请求","0","3","3"
"纳他们的贡","0","3","3"
"使臣回去时","0","3","3"
"到皇帝手上","0","3","3"
"并表示愿意","0","3","3"
"宣召他们进","0","3","3"
"使者遣送回","0","3","3"
"者遣送回去","0","3","3"
"居住在甘州","0","3","3"
"又占领了哈","0","3","3"
"哈密城和金","0","3","3"
"密城和金印","0","3","3"
"时朝廷大臣","0","3","3"
"中国的国体","0","3","3"
"十五年朝廷","0","3","3"
"如果我们不","0","3","3"
"朝廷的天威","0","3","3"
"登上皇帝位","0","3","3"
"此时正碰上","0","3","3"
"边境地区的","0","3","3"
"虎力纳咱儿","0","3","3"
"朝廷大臣中","0","3","3"
"边境多战事","0","3","3"
"给他们粮食","0","3","3"
"到忠顺王的","0","3","3"
"向朝廷谢恩","0","3","3"
"也先的弟弟","0","3","3"
"是朝廷命令","0","3","3"
"哈密的国人","0","3","3"
"有二百六十","0","3","3"
"们遣送回去","0","3","3"
"交相上奏章","0","3","3"
"陈述自己年","0","3","3"
"命令边防大","0","3","3"
"令边防大臣","0","3","3"
"设宴款待他","0","3","3"
"十分之一的","0","3","3"
"忠顺王的孙","0","3","3"
"便传檄文给","0","3","3"
"的军队回去","0","3","3"
"给他赏赐白","0","3","3"
"他赏赐白金","0","3","3"
"他手下的将","0","3","3"
"到朝廷献贡","0","3","3"
"善于骑马射","0","3","3"
"于骑马射箭","0","3","3"
"的兵部尚书","0","3","3"
"三种番族人","0","3","3"
"让他们回到","0","3","3"
"等人回到京","0","3","3"
"人回到京城","0","3","3"
"阿孛剌等人","0","3","3"
"到京城朝贡","0","3","3"
"古人所说的","0","3","3"
"请求朝廷另","0","3","3"
"求朝廷另外","0","3","3"
"请求朝廷敕","0","3","3"
"断绝与他们","0","3","3"
"不听从朝廷","0","3","3"
"的女婿马黑","0","3","3"
"女婿马黑木","0","3","3"
"的儿子马黑","0","3","3"
"被戴上枷锁","0","3","3"
"了锦衣卫的","0","3","3"
"向朝廷通贡","0","3","3"
"讨论后决定","0","3","3"
"能答应他们","0","3","3"
"他归还所侵","0","3","3"
"掌管兵部事","0","3","3"
"让他们每年","0","3","3"
"他们每年献","0","3","3"
"洪武三年春","0","3","3"
"元朝皇帝的","0","3","3"
"派大将军徐","0","3","3"
"军队会合后","0","3","3"
"继承了其父","0","3","3"
"承了其父的","0","3","3"
"卫所的士兵","0","3","3"
"阿鲁台一起","0","3","3"
"以厚礼还报","0","3","3"
"厚礼还报他","0","3","3"
"阿鲁台派使","0","3","3"
"贡的使者回","0","3","3"
"有什么地方","0","3","3"
"王子也先土","0","3","3"
"子也先土干","0","3","3"
"带着妻子儿","0","3","3"
"来归顺的人","0","3","3"
"脱飀袭击并","0","3","3"
"并杀死了阿","0","3","3"
"杀死了阿鲁","0","3","3"
"死了阿鲁台","0","3","3"
"子阿卜只俺","0","3","3"
"朵儿只伯等","0","3","3"
"儿只伯等人","0","3","3"
"败朵儿只伯","0","3","3"
"来投降明朝","0","3","3"
"皇帝为太上","0","3","3"
"帝为太上皇","0","3","3"
"把他的妻子","0","3","3"
"毛里孩等人","0","3","3"
"宗皇帝答应","0","3","3"
"使者到边关","0","3","3"
"边关地区有","0","3","3"
"宪宗皇帝任","0","3","3"
"这是他们第","0","3","3"
"赵辅为将军","0","3","3"
"敌人的首级","0","3","3"
"进犯宣府和","0","3","3"
"十二年冬天","0","3","3"
"虏了不少敌","0","3","3"
"而死的很多","0","3","3"
"敌人进犯大","0","3","3"
"人进犯大同","0","3","3"
"次打败敌人","0","3","3"
"斩获敌人一","0","3","3"
"敌人一百多","0","3","3"
"阿不孩派使","0","3","3"
"不孩派使者","0","3","3"
"到大同要塞","0","3","3"
"的各个儿子","0","3","3"
"使者到大同","0","3","3"
"杀敌人一百","0","3","3"
"进犯宣府的","0","3","3"
"焚烧抢劫了","0","3","3"
"了三天三夜","0","3","3"
"敌人的营帐","0","3","3"
"的百姓很多","0","3","3"
"数次进犯辽","0","3","3"
"台吉的儿子","0","3","3"
"儿都司的女","0","3","3"
"都司的女儿","0","3","3"
"各部落进犯","0","3","3"
"采纳王崇古","0","3","3"
"纳王崇古的","0","3","3"
"封俺答为顺","0","3","3"
"俺答为顺义","0","3","3"
"答为顺义王","0","3","3"
"万历十年春","0","3","3"
"河套的部落","0","3","3"
"河套各部落","0","3","3"
"和俘虏敌人","0","3","3"
"他们向皇上","0","3","3"
"自己的情况","0","3","3"
"一万三千两","0","3","3"
"妻子儿女和","0","3","3"
"把他们打败","0","3","3"
"的议论也就","0","3","3"
"继承皇帝位","0","3","3"
"按等级赏赐","0","3","3"
"亲自率军前","0","3","3"
"顺宁王马哈","0","3","3"
"宁王马哈木","0","3","3"
"也先的使者","0","3","3"
"得不到满足","0","3","3"
"皇帝亲自出","0","3","3"
"帝亲自出征","0","3","3"
"为太上皇帝","0","3","3"
"脱不花和也","0","3","3"
"不花和也先","0","3","3"
"其他方面的","0","3","3"
"不敢有什么","0","3","3"
"皇帝便下诏","0","3","3"
"次派遣使者","0","3","3"
"瓦剌部落中","0","3","3"
"任命都督佥","0","3","3"
"镇守云南的","0","3","3"
"夫人的弟弟","0","3","3"
"七万八千多","0","3","3"
"到他的军营","0","3","3"
"奉表向明朝","0","3","3"
"表向明朝廷","0","3","3"
"给予他们赏","0","3","3"
"予他们赏赐","0","3","3"
"求朝廷在此","0","3","3"
"朝廷命令总","0","3","3"
"廷命令总兵","0","3","3"
"取十分之一","0","3","3"
"臣讨论后认","0","3","3"
"士兵埋伏在","0","3","3"
"官员的俸禄","0","3","3"
"刘世曾请求","0","3","3"
"管辖的地方","0","3","3"
"派使者带着","0","3","3"
"了他们的土","0","3","3"
"向皇帝谢罪","0","3","3"
"占领了孟养","0","3","3"
"派人到朝廷","0","3","3"
"的土地和人","0","3","3"
"土地和人民","0","3","3"
"又派遣宦官","0","3","3"
"缅甸的酋长","0","3","3"
"赏赐织金文","0","3","3"
"织金文的丝","0","3","3"
"金文的丝绸","0","3","3"
"麓川的土地","0","3","3"
"思任发的儿","0","3","3"
"任发的儿子","0","3","3"
"的儿子思机","0","3","3"
"儿子思机发","0","3","3"
"其妻子儿女","0","3","3"
"木邦和孟密","0","3","3"
"此事上奏朝","0","3","3"
"他的儿子莽","0","3","3"
"派他的儿子","0","3","3"
"蛮莫的酋长","0","3","3"
"官将此上报","0","3","3"
"明朝洪武十","0","3","3"
"朝洪武十五","0","3","3"
"派人来京城","0","3","3"
"到京城向皇","0","3","3"
"皇帝嘉赏他","0","3","3"
"朝廷大臣多","0","3","3"
"一个安抚司","0","3","3"
"另外设置一","0","3","3"
"朝廷在孟密","0","3","3"
"隶属于布政","0","3","3"
"属于布政司","0","3","3"
"显示自己的","0","3","3"
"于是派遣官","0","3","3"
"任命刀木旦","0","3","3"
"他的儿子思","0","3","3"
"朝廷派遣官","0","3","3"
"就悔之晚矣","0","3","3"
"贡献大象和","0","3","3"
"孟养的军队","0","3","3"
"卫自己的疆","0","3","3"
"兵昼夜兼程","0","3","3"
"派遣他的儿","0","3","3"
"遣他的儿子","0","3","3"
"父亲的职位","0","3","3"
"献大象和土","0","3","3"
"三年朝贡一","0","3","3"
"宝历代承袭","0","3","3"
"按例给予赏","0","3","3"
"帝命令给他","0","3","3"
"进入老挝境","0","3","3"
"入老挝境内","0","3","3"
"颁发给他们","0","3","3"
"因道路不通","0","3","3"
"使者前去招","0","3","3"
"任命他的弟","0","3","3"
"命他的弟弟","0","3","3"
"刀招散派人","0","3","3"
"便派遣使者","0","3","3"
"皇帝降敕令","0","3","3"
"前来朝贡的","0","3","3"
"篡夺了王位","0","3","3"
"陈日火奎为","0","3","3"
"拒绝了他的","0","3","3"
"京城向皇帝","0","3","3"
"命令广西的","0","3","3"
"西的守卫大","0","3","3"
"命令礼部尚","0","3","3"
"黎季耑父子","0","3","3"
"的儿子黎苍","0","3","3"
"使者奉表向","0","3","3"
"于是命令礼","0","3","3"
"让他们互相","0","3","3"
"有关官员给","0","3","3"
"关官员给他","0","3","3"
"迎接陈天平","0","3","3"
"百二十多人","0","3","3"
"各位大臣都","0","3","3"
"又命令尚书","0","3","3"
"过了十多天","0","3","3"
"陈季扩逃到","0","3","3"
"皇帝又降敕","0","3","3"
"帝又降敕令","0","3","3"
"一千六百人","0","3","3"
"本来就没有","0","3","3"
"虽然请求投","0","3","3"
"然请求投降","0","3","3"
"分兵三路进","0","3","3"
"也分兵三路","0","3","3"
"地方的官吏","0","3","3"
"道他们是在","0","3","3"
"的实际情况","0","3","3"
"黎利派使者","0","3","3"
"皇帝于是同","0","3","3"
"帝于是同意","0","3","3"
"给他私封谥","0","3","3"
"他私封谥号","0","3","3"
"命令守卫大","0","3","3"
"令守卫大臣","0","3","3"
"皇帝命令光","0","3","3"
"帝命令光禄","0","3","3"
"朝廷不同意","0","3","3"
"怀疑其中有","0","3","3"
"得到占城的","0","3","3"
"交朝廷大臣","0","3","3"
"答应了他的","0","3","3"
"给他封谥号","0","3","3"
"他封谥号为","0","3","3"
"被莫登庸所","0","3","3"
"封谥号为恭","0","3","3"
"夏言上疏说","0","3","3"
"那个国家的","0","3","3"
"郑惟僚等人","0","3","3"
"命令户部侍","0","3","3"
"安南的土地","0","3","3"
"莫登庸父子","0","3","3"
"毛伯温等人","0","3","3"
"读皇帝的诏","0","3","3"
"为安南都统","0","3","3"
"封为西宁侯","0","3","3"
"都统使职位","0","3","3"
"不能不追究","0","3","3"
"并贡献土产","0","3","3"
"书省上奏说","0","3","3"
"辛肫的儿子","0","3","3"
"肫的儿子辛","0","3","3"
"的儿子辛礻","0","3","3"
"儿子辛礻禺","0","3","3"
"皇帝怀疑其","0","3","3"
"的儿子辛昌","0","3","3"
"李芳远派遣","0","3","3"
"朝鲜国王的","0","3","3"
"帝给他赐封","0","3","3"
"给他赐封谥","0","3","3"
"他赐封谥号","0","3","3"
"朝鲜上奏说","0","3","3"
"王即皇帝位","0","3","3"
"官员到朝鲜","0","3","3"
"皇帝便敕令","0","3","3"
"李折女上奏","0","3","3"
"折女上奏说","0","3","3"
"顺从他们的","0","3","3"
"献给明朝廷","0","3","3"
"赐给他们的","0","3","3"
"皇帝祝贺冬","0","3","3"
"帝祝贺冬至","0","3","3"
"守住要害之","0","3","3"
"住要害之地","0","3","3"
"发誓不侵犯","0","3","3"
"李珲为继承","0","3","3"
"珲为继承人","0","3","3"
"请求立李珲","0","3","3"
"朝鲜的军队","0","3","3"
"朝鲜的明军","0","3","3"
"俘虏了敌军","0","3","3"
"一千多骑兵","0","3","3"
"一万八千多","0","3","3"
"万八千多两","0","3","3"
"另外派一支","0","3","3"
"中所记载的","0","3","3"
"就是所谓的","0","3","3"
"就派遣官员","0","3","3"
"皇帝亲自率","0","3","3"
"七个长官司","0","3","3"
"有关官员立","0","3","3"
"大臣的议论","0","3","3"
"两人意见不","0","3","3"
"地设置郡县","0","3","3"
"怀疑郑贵妃","0","3","3"
"文武官员出","0","3","3"
"奉朱由榔逃","0","3","3"
"挟持朱由榔","0","3","3"
"出现紧急情","0","3","3"
"现紧急情况","0","3","3"
"张璁的建议","0","3","3"
"满朝大臣一","0","3","3"
"终年七十二","0","3","3"
"追加谥号为","0","3","3"
"的镇守宦官","0","3","3"
"宗刚刚即位","0","3","3"
"了他们的官","0","3","3"
"立即把他们","0","3","3"
"给事中张汉","0","3","3"
"提升为学士","0","3","3"
"世宗的宠信","0","3","3"
"第二年十二","0","3","3"
"宗即位以后","0","3","3"
"为首辅大臣","0","3","3"
"费宏和石王","0","3","3"
"宏和石王缶","0","3","3"
"能采用他的","0","3","3"
"是以前没有","0","3","3"
"以前没有过","0","3","3"
"前没有过的","0","3","3"
"和过去一样","0","3","3"
"赐给他的银","0","3","3"
"给他的银章","0","3","3"
"赠他为太保","0","3","3"
"做了礼部右","0","3","3"
"十万两国库","0","3","3"
"廉洁的名声","0","3","3"
"他恢复官职","0","3","3"
"喜欢改这改","0","3","3"
"欢改这改那","0","3","3"
"世宗更认为","0","3","3"
"雷电震坏了","0","3","3"
"阁参预机要","0","3","3"
"认为他是个","0","3","3"
"到西苑值勤","0","3","3"
"任这个职务","0","3","3"
"他为太子宾","0","3","3"
"十四年命令","0","3","3"
"当时人们把","0","3","3"
"世宗的指示","0","3","3"
"把他关进了","0","3","3"
"极力陈述这","0","3","3"
"没有多久就","0","3","3"
"十二年考中","0","3","3"
"出其不意直","0","3","3"
"其不意直捣","0","3","3"
"不是由朝廷","0","3","3"
"知府刑王旬","0","3","3"
"有这样的话","0","3","3"
"制造流言蜚","0","3","3"
"命令布政使","0","3","3"
"忌恨他的人","0","3","3"
"战事的时候","0","3","3"
"都御史的名","0","3","3"
"御史的名义","0","3","3"
"的军政大事","0","3","3"
"敌人骑兵的","0","3","3"
"当了户部尚","0","3","3"
"了户部尚书","0","3","3"
"镇守的宦官","0","3","3"
"到天寿山去","0","3","3"
"孙交上书说","0","3","3"
"照祖宗定下","0","3","3"
"宗定下的制","0","3","3"
"弘治年间的","0","3","3"
"又起用他为","0","3","3"
"起用他为南","0","3","3"
"用他为南京","0","3","3"
"他为右副都","0","3","3"
"用加盖玉玺","0","3","3"
"官纷纷上书","0","3","3"
"镇守陕西的","0","3","3"
"做了兵部尚","0","3","3"
"进入朝中当","0","3","3"
"兵前往讨伐","0","3","3"
"濮王的儿子","0","3","3"
"圣皇太后是","0","3","3"
"令给他加官","0","3","3"
"圣贤之道来","0","3","3"
"继承孝宗的","0","3","3"
"承孝宗的皇","0","3","3"
"孝宗的皇位","0","3","3"
"飞章上奏说","0","3","3"
"世宗不允许","0","3","3"
"都察院的监","0","3","3"
"察院的监狱","0","3","3"
"为顺天府丞","0","3","3"
"下发给有关","0","3","3"
"唐顺之等人","0","3","3"
"以为陛下是","0","3","3"
"把陛下当作","0","3","3"
"孝宗的儿子","0","3","3"
"詹事兼侍讲","0","3","3"
"事兼侍讲学","0","3","3"
"黄绾和张璁","0","3","3"
"结交得很深","0","3","3"
"于是又上书","0","3","3"
"升为江西按","0","3","3"
"为江西按察","0","3","3"
"并采纳了他","0","3","3"
"命令他退休","0","3","3"
"尚书李时说","0","3","3"
"让他以兵部","0","3","3"
"不喜欢王守","0","3","3"
"就能写文章","0","3","3"
"升为山西按","0","3","3"
"为山西按察","0","3","3"
"升为南京太","0","3","3"
"为南京太常","0","3","3"
"安化王蜫鐇","0","3","3"
"他两枚银章","0","3","3"
"给事中陆粲","0","3","3"
"朝廷内外官","0","3","3"
"怒气冲冲地","0","3","3"
"贼全被平定","0","3","3"
"把他提升为","0","3","3"
"荫封他的子","0","3","3"
"封他的子孙","0","3","3"
"臣一起推荐","0","3","3"
"最终还是被","0","3","3"
"被削职为民","0","3","3"
"又升为右佥","0","3","3"
"像对待自己","0","3","3"
"官一起上书","0","3","3"
"完全采纳了","0","3","3"
"俺答阿不孩","0","3","3"
"守边的大臣","0","3","3"
"过了几天才","0","3","3"
"詹事兼翰林","0","3","3"
"事兼翰林学","0","3","3"
"词中牵连到","0","3","3"
"他回到朝廷","0","3","3"
"彗星又出现","0","3","3"
"又提升他为","0","3","3"
"枉法的官吏","0","3","3"
"给事中弹劾","0","3","3"
"三年的丧服","0","3","3"
"回家乡去了","0","3","3"
"担任吏部尚","0","3","3"
"及兵部尚书","0","3","3"
"内阁大臣当","0","3","3"
"阁大臣当面","0","3","3"
"吏部和兵部","0","3","3"
"巡幸大峪山","0","3","3"
"年前往藩地","0","3","3"
"成祖起兵时","0","3","3"
"成祖巡幸北","0","3","3"
"祖巡幸北京","0","3","3"
"有关官员将","0","3","3"
"然后班师回","0","3","3"
"后班师回朝","0","3","3"
"为游击将军","0","3","3"
"大臣都知道","0","3","3"
"击败兀良哈","0","3","3"
"兀良哈侵犯","0","3","3"
"骚扰明朝边","0","3","3"
"扰明朝边境","0","3","3"
"先逼近京城","0","3","3"
"并给予世袭","0","3","3"
"充任左右参","0","3","3"
"任左右参将","0","3","3"
"皇上下诏追","0","3","3"
"他进升为都","0","3","3"
"随即充任左","0","3","3"
"官府供给耕","0","3","3"
"府供给耕牛","0","3","3"
"供给耕牛和","0","3","3"
"给耕牛和种","0","3","3"
"为锦衣卫官","0","3","3"
"进升他为右","0","3","3"
"的三百骑兵","0","3","3"
"指挥同知之","0","3","3"
"挥同知之职","0","3","3"
"提拔他为都","0","3","3"
"拔他为都督","0","3","3"
"主管三千营","0","3","3"
"他积功升至","0","3","3"
"被提拔为都","0","3","3"
"奉命充任总","0","3","3"
"命充任总兵","0","3","3"
"求辞官返乡","0","3","3"
"极力推辞不","0","3","3"
"诏命有关部","0","3","3"
"国家的事情","0","3","3"
"朝廷广开言","0","3","3"
"廷广开言路","0","3","3"
"陛下虽然有","0","3","3"
"孝贞皇后的","0","3","3"
"左右的宠臣","0","3","3"
"有学问的人","0","3","3"
"一千名骑兵","0","3","3"
"理都指挥同","0","3","3"
"授予世袭浩","0","3","3"
"予世袭浩券","0","3","3"
"他随军征讨","0","3","3"
"任右副总兵","0","3","3"
"回来报告说","0","3","3"
"督同知的身","0","3","3"
"同知的身份","0","3","3"
"以勇敢闻名","0","3","3"
"升为左军都","0","3","3"
"一年后去世","0","3","3"
"到他的庇护","0","3","3"
"希望陛下体","0","3","3"
"刘健等极力","0","3","3"
"健等极力劝","0","3","3"
"等极力劝谏","0","3","3"
"满足军队的","0","3","3"
"奉两宫太后","0","3","3"
"应当知无不","0","3","3"
"当知无不言","0","3","3"
"恨得咬牙切","0","3","3"
"在皇帝座位","0","3","3"
"是朝廷内外","0","3","3"
"越来越厉害","0","3","3"
"有的被刘瑾","0","3","3"
"有才学的人","0","3","3"
"了一个时辰","0","3","3"
"年参加会试","0","3","3"
"以征西将军","0","3","3"
"荣镇守辽东","0","3","3"
"司法官吏审","0","3","3"
"至都督佥事","0","3","3"
"下诏将他们","0","3","3"
"他为都督同","0","3","3"
"多次互相攻","0","3","3"
"次互相攻击","0","3","3"
"士兵三千人","0","3","3"
"下诏恢复他","0","3","3"
"诏恢复他的","0","3","3"
"被提升为左","0","3","3"
"加封为太保","0","3","3"
"随即被授为","0","3","3"
"了七天七夜","0","3","3"
"听说有一个","0","3","3"
"为陕西右参","0","3","3"
"转为左布政","0","3","3"
"个月就完工","0","3","3"
"月就完工了","0","3","3"
"不久加封太","0","3","3"
"久加封太子","0","3","3"
"不参加会试","0","3","3"
"他的子孙世","0","3","3"
"三分之一的","0","3","3"
"通晓军事的","0","3","3"
"帝下诏责备","0","3","3"
"把他们迁到","0","3","3"
"以三年为期","0","3","3"
"这事遂罢了","0","3","3"
"到成化初年","0","3","3"
"与同官一起","0","3","3"
"年五十九岁","0","3","3"
"由三品以上","0","3","3"
"在文华殿东","0","3","3"
"奏疏被扣留","0","3","3"
"进升为侍读","0","3","3"
"七十岁以上","0","3","3"
"也投进监狱","0","3","3"
"让他立功赎","0","3","3"
"升为兵部左","0","3","3"
"弹劾不称职","0","3","3"
"不称职的大","0","3","3"
"称职的大臣","0","3","3"
"是国家根本","0","3","3"
"他们的才能","0","3","3"
"而决定升降","0","3","3"
"现在应该增","0","3","3"
"在应该增加","0","3","3"
"举所了解的","0","3","3"
"违法乱纪的","0","3","3"
"被他的话感","0","3","3"
"他的话感动","0","3","3"
"人们所说的","0","3","3"
"没有古今的","0","3","3"
"有古今的差","0","3","3"
"古今的差异","0","3","3"
"星的运行度","0","3","3"
"是北极出地","0","3","3"
"最高处是一","0","3","3"
"的经度和纬","0","3","3"
"经度和纬度","0","3","3"
"在只有二颗","0","3","3"
"现在有二颗","0","3","3"
"现在有四颗","0","3","3"
"道和赤道的","0","3","3"
"赤道的度数","0","3","3"
"黄道的度数","0","3","3"
"留下来的制","0","3","3"
"七政的运行","0","3","3"
"黄道与赤道","0","3","3"
"太阳出入的","0","3","3"
"太阳在赤道","0","3","3"
"不能没有差","0","3","3"
"元朝的制度","0","3","3"
"太阳的高度","0","3","3"
"它的形制是","0","3","3"
"就是郭守敬","0","3","3"
"加上地半径","0","3","3"
"开始的原因","0","3","3"
"始的原因是","0","3","3"
"的原因是以","0","3","3"
"参宿的分野","0","3","3"
"干宿的分野","0","3","3"
"是尾宿的分","0","3","3"
"尾宿的分野","0","3","3"
"都派遣使者","0","3","3"
"到自己的位","0","3","3"
"在丹陛中道","0","3","3"
"制官宣读制","0","3","3"
"官宣读制命","0","3","3"
"某官某女为","0","3","3"
"官某女为皇","0","3","3"
"某女为皇后","0","3","3"
"命令你等持","0","3","3"
"令你等持节","0","3","3"
"仪仗大乐在","0","3","3"
"仗大乐在前","0","3","3"
"乐在前引导","0","3","3"
"人出来迎接","0","3","3"
"制书以及符","0","3","3"
"书以及符节","0","3","3"
"到案前跪下","0","3","3"
"先臣某官某","0","3","3"
"臣某官某的","0","3","3"
"主婚人上前","0","3","3"
"送到大门外","0","3","3"
"主婚者出来","0","3","3"
"的礼仪陈设","0","3","3"
"后站立在西","0","3","3"
"赞唱抽出圭","0","3","3"
"的礼仪结束","0","3","3"
"朝服在承天","0","3","3"
"服在承天门","0","3","3"
"举行合卺礼","0","3","3"
"穿衮冕服到","0","3","3"
"服到华盖殿","0","3","3"
"洪武元年规","0","3","3"
"武元年规定","0","3","3"
"臣某的女儿","0","3","3"
"臣某不敢推","0","3","3"
"某不敢推辞","0","3","3"
"的人出来报","0","3","3"
"人出来报告","0","3","3"
"使某报告吉","0","3","3"
"恭敬地遵守","0","3","3"
"又其次是行","0","3","3"
"进官引导皇","0","3","3"
"导皇太子到","0","3","3"
"像前面那样","0","3","3"
"导到皇帝座","0","3","3"
"设扈从仪仗","0","3","3"
"皇太子穿冕","0","3","3"
"太子穿冕服","0","3","3"
"上下来登上","0","3","3"
"出来在大门","0","3","3"
"来在大门外","0","3","3"
"退着站在西","0","3","3"
"着站在西面","0","3","3"
"皇太子行再","0","3","3"
"太子行再拜","0","3","3"
"子行再拜礼","0","3","3"
"从束阶下来","0","3","3"
"如同中宫皇","0","3","3"
"同中宫皇后","0","3","3"
"都按礼仪进","0","3","3"
"按礼仪进行","0","3","3"
"行礼的位置","0","3","3"
"恭敬地希望","0","3","3"
"敬地希望皇","0","3","3"
"付之于卜筮","0","3","3"
"着接受礼拜","0","3","3"
"拜谒奉先殿","0","3","3"
"见中宫皇后","0","3","3"
"太监跪着接","0","3","3"
"婿行再拜礼","0","3","3"
"奉先殿祭告","0","3","3"
"放在龙亭中","0","3","3"
"行拜礼接受","0","3","3"
"出来在门外","0","3","3"
"来在门外迎","0","3","3"
"的行礼位置","0","3","3"
"给新妇饮甜","0","3","3"
"新妇饮甜酒","0","3","3"
"年龄十六岁","0","3","3"
"礼部官员奏","0","3","3"
"三氏的子孙","0","3","3"
"在礼部赏赐","0","3","3"
"孔子的祭祀","0","3","3"
"也没有固定","0","3","3"
"为皇帝讲经","0","3","3"
"在文华殿设","0","3","3"
"鸿胪官赞唱","0","3","3"
"六年规定制","0","3","3"
"到殿的束厢","0","3","3"
"殿的束厢房","0","3","3"
"内侍展开书","0","3","3"
"自率军征讨","0","3","3"
"告祭宗庙社","0","3","3"
"祭宗庙社稷","0","3","3"
"望祭与燎祭","0","3","3"
"祭祀的官员","0","3","3"
"是皇帝亲自","0","3","3"
"在文武官员","0","3","3"
"跪着上奏说","0","3","3"
"给主管官吏","0","3","3"
"在奉天殿陈","0","3","3"
"奉天殿陈设","0","3","3"
"的赤色空地","0","3","3"
"执事官各自","0","3","3"
"殿束门进入","0","3","3"
"宣布制命说","0","3","3"
"皇帝穿平常","0","3","3"
"帝穿平常服","0","3","3"
"平常服饰在","0","3","3"
"派遣官员在","0","3","3"
"在教场祭祀","0","3","3"
"部尚书请求","0","3","3"
"同先前的仪","0","3","3"
"鹄箭靶为五","0","3","3"
"箭靶为五彩","0","3","3"
"是天子举行","0","3","3"
"射礼时使用","0","3","3"
"礼时使用的","0","3","3"
"向天下颁布","0","3","3"
"高有德的人","0","3","3"
"听候选拔的","0","3","3"
"官五品以上","0","3","3"
"外地官员的","0","3","3"
"第二次虞祭","0","3","3"
"面所述的仪","0","3","3"
"所述的仪节","0","3","3"
"官署斋戒留","0","3","3"
"署斋戒留宿","0","3","3"
"丧服之日开","0","3","3"
"服之日开始","0","3","3"
"服大功九个","0","3","3"
"大功九个月","0","3","3"
"都服小功五","0","3","3"
"拜四拜完毕","0","3","3"
"放在彩车中","0","3","3"
"禁止屠宰牲","0","3","3"
"止屠宰牲口","0","3","3"
"服驾临奉天","0","3","3"
"临奉天门处","0","3","3"
"百官穿浅淡","0","3","3"
"以及受封号","0","3","3"
"及受封号的","0","3","3"
"女都穿素服","0","3","3"
"朝廷内外各","0","3","3"
"派官吏祭告","0","3","3"
"哭临号哭哀","0","3","3"
"临号哭哀悼","0","3","3"
"帝以及皇太","0","3","3"
"夏言等人说","0","3","3"
"服朝见参拜","0","3","3"
"丈夫为妻子","0","3","3"
"三年的丧期","0","3","3"
"停止上朝的","0","3","3"
"仍然穿素服","0","3","3"
"平常的服饰","0","3","3"
"永乐时期的","0","3","3"
"上朝处理政","0","3","3"
"穿浅色衣服","0","3","3"
"仍然按礼制","0","3","3"
"然按礼制服","0","3","3"
"帝穿浅淡色","0","3","3"
"穿素服号哭","0","3","3"
"祭告祝文焚","0","3","3"
"告祝文焚烧","0","3","3"
"祝文焚烧黄","0","3","3"
"文焚烧黄纸","0","3","3"
"世宗的灵座","0","3","3"
"等人议论说","0","3","3"
"服齐衰一周","0","3","3"
"文武官员在","0","3","3"
"光禄寺供给","0","3","3"
"前三天斋戒","0","3","3"
"灵柩启迁前","0","3","3"
"出殡前的祭","0","3","3"
"殡前的祭奠","0","3","3"
"年的一定时","0","3","3"
"的一定时节","0","3","3"
"悼恭太子死","0","3","3"
"二周年祭祀","0","3","3"
"功五个月丧","0","3","3"
"从他的提议","0","3","3"
"皇帝皇后的","0","3","3"
"号的妇女穿","0","3","3"
"早晨聚集举","0","3","3"
"晨聚集举哀","0","3","3"
"其余都如同","0","3","3"
"文武官员穿","0","3","3"
"供奉安置在","0","3","3"
"皇帝穿衰服","0","3","3"
"前的祭奠礼","0","3","3"
"面向西站立","0","3","3"
"有封号的妇","0","3","3"
"皇太子拜四","0","3","3"
"以及天寿山","0","3","3"
"安放在神座","0","3","3"
"内侍请神位","0","3","3"
"侍请神位牌","0","3","3"
"太常寺在太","0","3","3"
"常寺在太庙","0","3","3"
"如同四时祭","0","3","3"
"皇帝捧着神","0","3","3"
"在一座坛台","0","3","3"
"一座坛台祭","0","3","3"
"座坛台祭祀","0","3","3"
"丧服的禅祭","0","3","3"
"哭竭尽哀思","0","3","3"
"到长安右门","0","3","3"
"十九年冬季","0","3","3"
"二月己丑日","0","3","3"
"正月乙丑日","0","3","3"
"二月己末日","0","3","3"
"二月辛丑日","0","3","3"
"武昌发生火","0","3","3"
"院发生火灾","0","3","3"
"二月乙亥日","0","3","3"
"三月戊午日","0","3","3"
"八千八百多","0","3","3"
"正月庚寅日","0","3","3"
"二月乙末日","0","3","3"
"毁八百多家","0","3","3"
"八月己巳日","0","3","3"
"三月丁卯日","0","3","3"
"年六月癸末","0","3","3"
"六月癸末日","0","3","3"
"一月己亥日","0","3","3"
"九月壬午日","0","3","3"
"官发生火灾","0","3","3"
"八月丁丑日","0","3","3"
"二月己卯日","0","3","3"
"陵发生火灾","0","3","3"
"七月丙辰日","0","3","3"
"正月辛亥日","0","3","3"
"四月辛酉日","0","3","3"
"杭州发生火","0","3","3"
"二月甲寅日","0","3","3"
"泗州发生大","0","3","3"
"正月己巳日","0","3","3"
"二月庚子日","0","3","3"
"九月甲午日","0","3","3"
"五月壬戌日","0","3","3"
"十月丁卯日","0","3","3"
"七月庚寅日","0","3","3"
"三月庚午日","0","3","3"
"七月甲申日","0","3","3"
"七月丙戌日","0","3","3"
"八月甲申日","0","3","3"
"二月戊午日","0","3","3"
"二十九个州","0","3","3"
"十九个州县","0","3","3"
"县长久降雨","0","3","3"
"卫久降雨水","0","3","3"
"久雨损坏城","0","3","3"
"长久降雨损","0","3","3"
"久降雨损坏","0","3","3"
"和平民的房","0","3","3"
"久降雨水伤","0","3","3"
"降雨水伤害","0","3","3"
"雨水伤害庄","0","3","3"
"府和平民的","0","3","3"
"州长久降雨","0","3","3"
"雨伤害禾苗","0","3","3"
"京城长久降","0","3","3"
"城长久降雨","0","3","3"
"禾苗全部被","0","3","3"
"被冲走淹没","0","3","3"
"七月乙酉日","0","3","3"
"孝陵的树木","0","3","3"
"淹死不计其","0","3","3"
"十月辛酉日","0","3","3"
"五月癸巳日","0","3","3"
"二月丁巳日","0","3","3"
"天子亲自祭","0","3","3"
"子亲自祭祀","0","3","3"
"赞唱导引礼","0","3","3"
"唱导引礼仪","0","3","3"
"奏请视察祭","0","3","3"
"请视察祭牲","0","3","3"
"祀送入洗涤","0","3","3"
"皇帝奉天之","0","3","3"
"皇帝亲亲之","0","3","3"
"朝见的官员","0","3","3"
"束宫太子的","0","3","3"
"它的下属有","0","3","3"
"后来革除一","0","3","3"
"来革除一人","0","3","3"
"都为正六品","0","3","3"
"嘉靖年间革","0","3","3"
"靖年间革除","0","3","3"
"功勋大臣的","0","3","3"
"庄烈帝起初","0","3","3"
"加南京字样","0","3","3"
"六年定下制","0","3","3"
"刑按察使司","0","3","3"
"祭祀典礼的","0","3","3"
"万石以下为","0","3","3"
"武十七年设","0","3","3"
"十七年设置","0","3","3"
"不发给俸禄","0","3","3"
"的处以罪罚","0","3","3"
"钱一并流通","0","3","3"
"计算人口交","0","3","3"
"算人口交纳","0","3","3"
"征收的赋税","0","3","3"
"钱法不流通","0","3","3"
"人民的方便","0","3","3"
"听从户部的","0","3","3"
"七万九千多","0","3","3"
"万九千多两","0","3","3"
"收取十分之","0","3","3"
"给事中黄承","0","3","3"
"皇帝认为对","0","3","3"
"分别派御史","0","3","3"
"死去的人数","0","3","3"
"主管官吏在","0","3","3"
"有固定额敷","0","3","3"
"祭祀的物品","0","3","3"
"渐渐增加到","0","3","3"
"开始于正统","0","3","3"
"事农业生产","0","3","3"
"主管部门征","0","3","3"
"管部门征收","0","3","3"
"五千八百多","0","3","3"
"在北平屯田","0","3","3"
"府主管部门","0","3","3"
"著录为法令","0","3","3"
"年龄六十岁","0","3","3"
"有三分之二","0","3","3"
"给事中管怀","0","3","3"
"试骑马射箭","0","3","3"
"有什么比得","0","3","3"
"什么比得上","0","3","3"
"关进钦犯监","0","3","3"
"进钦犯监狱","0","3","3"
"汇合于泅水","0","3","3"
"水流入淮河","0","3","3"
"都流入淮河","0","3","3"
"决堤于荣泽","0","3","3"
"黄河水淹没","0","3","3"
"道于是淤塞","0","3","3"
"决堤于阳武","0","3","3"
"水势就可以","0","3","3"
"势就可以减","0","3","3"
"就可以减缓","0","3","3"
"十四个州县","0","3","3"
"河水泛滥于","0","3","3"
"因为黄河水","0","3","3"
"的淤塞河道","0","3","3"
"筑沙湾堤岸","0","3","3"
"漕运河道畅","0","3","3"
"运河道畅通","0","3","3"
"不是用人力","0","3","3"
"靠近黄河的","0","3","3"
"建置水闸门","0","3","3"
"坚固的堤岸","0","3","3"
"水突然到来","0","3","3"
"应当赶快疏","0","3","3"
"作为长久的","0","3","3"
"下流到徐州","0","3","3"
"水流入徐州","0","3","3"
"以减缓上游","0","3","3"
"朝廷大臣会","0","3","3"
"廷大臣会合","0","3","3"
"口工程完成","0","3","3"
"他们的主张","0","3","3"
"剂隆等决口","0","3","3"
"一百六十里","0","3","3"
"归德到徐州","0","3","3"
"丁家道口流","0","3","3"
"由丁家道口","0","3","3"
"决堤于黄陵","0","3","3"
"都流入漕河","0","3","3"
"流入贾鲁河","0","3","3"
"而漕运河道","0","3","3"
"黄河改道向","0","3","3"
"黄河水注入","0","3","3"
"州流入淮河","0","3","3"
"减缓上游水","0","3","3"
"缓上游水势","0","3","3"
"开通一条河","0","3","3"
"通一条河道","0","3","3"
"皇帝依从他","0","3","3"
"依从他的奏","0","3","3"
"之水向东流","0","3","3"
"敢轻率行动","0","3","3"
"应当修筑堤","0","3","3"
"借黄河之水","0","3","3"
"黄河已经改","0","3","3"
"河已经改道","0","3","3"
"出于小浮桥","0","3","3"
"从小浮桥流","0","3","3"
"决堤于沛县","0","3","3"
"给事中何起","0","3","3"
"修筑马家桥","0","3","3"
"都遭受其害","0","3","3"
"结果没有施","0","3","3"
"果没有施行","0","3","3"
"用多种方法","0","3","3"
"不同数量的","0","3","3"
"都督府掌管","0","3","3"
"军队的事务","0","3","3"
"有十分之一","0","3","3"
"都督府为五","0","3","3"
"去行在字样","0","3","3"
"乐年间设置","0","3","3"
"隶属大都督","0","3","3"
"属大都督府","0","3","3"
"设置拱卫司","0","3","3"
"管锦衣卫的","0","3","3"
"都督府事务","0","3","3"
"年恢复旧制","0","3","3"
"为征虏前将","0","3","3"
"平江伯陈管","0","3","3"
"人民运粮到","0","3","3"
"每年供应的","0","3","3"
"违背期限的","0","3","3"
"年高有德之","0","3","3"
"高有德之民","0","3","3"
"积蓄的粮食","0","3","3"
"百万两有余","0","3","3"
"百五十多万","0","3","3"
"凡是府州县","0","3","3"
"正统年间的","0","3","3"
"年间的规定","0","3","3"
"增加到四十","0","3","3"
"银二万多两","0","3","3"
"解人民的困","0","3","3"
"十多年没有","0","3","3"
"命令工部侍","0","3","3"
"宋礼到四川","0","3","3"
"不久又罢除","0","3","3"
"没有受封的","0","3","3"
"亲王的儿子","0","3","3"
"亲王的女儿","0","3","3"
"封的那一天","0","3","3"
"的那一天作","0","3","3"
"他们世世代","0","3","3"
"们世世代代","0","3","3"
"人民的负担","0","3","3"
"一百五十贯","0","3","3"
"全部支付米","0","3","3"
"交纳粮食换","0","3","3"
"十万二千余","0","3","3"
"万三干余两","0","3","3"
"作为本色的","0","3","3"
"币布帛银二","0","3","3"
"币布帛银一","0","3","3"
"民运粮食米","0","3","3"
"常规银二十","0","3","3"
"万七干余两","0","3","3"
"年常规银三","0","3","3"
"民运银一万","0","3","3"
"征募壮丁工","0","3","3"
"募壮丁工钱","0","3","3"
"壮丁工钱银","0","3","3"
"二万七千余","0","3","3"
"山西神池等","0","3","3"
"西神池等堡","0","3","3"
"每年交纳太","0","3","3"
"年交纳太仓","0","3","3"
"未取得正式","0","3","3"
"正式军籍的","0","3","3"
"式军籍的军","0","3","3"
"军籍的军人","0","3","3"
"交纳米一石","0","3","3"
"交粮换盐的","0","3","3"
"粮换盐的人","0","3","3"
"耕种的土地","0","3","3"
"纳粮食以换","0","3","3"
"送粮食到边","0","3","3"
"到边防卫所","0","3","3"
"增加到一百","0","3","3"
"一天天败坏","0","3","3"
"这更严重的","0","3","3"
"命令商人交","0","3","3"
"主管部门不","0","3","3"
"一百二十斤","0","3","3"
"当这个时候","0","3","3"
"来商人换茶","0","3","3"
"禁止私自贩","0","3","3"
"年征平米一","0","3","3"
"征平米一石","0","3","3"
"增加赋税一","0","3","3"
"皇帝的赏赐","0","3","3"
"七百三十多","0","3","3"
"当时给事中","0","3","3"
"成为长久的","0","3","3"
"为长久的制","0","3","3"
"长久的制度","0","3","3"
"分辨不出人","0","3","3"
"正月丁卯日","0","3","3"
"五月丁末日","0","3","3"
"六月己卯日","0","3","3"
"六月癸亥日","0","3","3"
"州大降冰雹","0","3","3"
"又大降冰雹","0","3","3"
"三月戊寅日","0","3","3"
"洮州卫降冰","0","3","3"
"州卫降冰雹","0","3","3"
"发生暴风雨","0","3","3"
"人民有的被","0","3","3"
"六月戊辰日","0","3","3"
"年四月辛末","0","3","3"
"四月辛末日","0","3","3"
"四月甲申日","0","3","3"
"五月壬辰日","0","3","3"
"五月庚子日","0","3","3"
"四月癸丑日","0","3","3"
"击奉先殿屋","0","3","3"
"奉先殿屋脊","0","3","3"
"六月丙午日","0","3","3"
"畿发生蝗灾","0","3","3"
"百姓家中生","0","3","3"
"百姓的房屋","0","3","3"
"一胎生三个","0","3","3"
"胎生三个男","0","3","3"
"生三个男婴","0","3","3"
"平民之妇一","0","3","3"
"民之妇一胎","0","3","3"
"之妇一胎生","0","3","3"
"染病而死的","0","3","3"
"天空中有声","0","3","3"
"空中有声音","0","3","3"
"纔安定下来","0","3","3"
"八月丁巳日","0","3","3"
"变化成陨石","0","3","3"
"山束发生大","0","3","3"
"民多被淹死","0","3","3"
"黄河溃决于","0","3","3"
"平发生大水","0","3","3"
"毁坏官府和","0","3","3"
"坏官府和平","0","3","3"
"黄河在阳武","0","3","3"
"千九百多丈","0","3","3"
"南发生大水","0","3","3"
"年夏秋季节","0","3","3"
"州河水泛滥","0","3","3"
"黄河冲破开","0","3","3"
"河冲破开封","0","3","3"
"水突然猛涨","0","3","3"
"京城发生大","0","3","3"
"七月壬午日","0","3","3"
"河在沛县决","0","3","3"
"在沛县决堤","0","3","3"
"二府发生大","0","3","3"
"死男女不计","0","3","3"
"男女不计其","0","3","3"
"水变成赤色","0","3","3"
"三天纔停止","0","3","3"
"黑色氛气横","0","3","3"
"气横豆于天","0","3","3"
"二月戊子日","0","3","3"
"北方黑色氛","0","3","3"
"方黑色氛气","0","3","3"
"方有黑色氛","0","3","3"
"黑色氛气如","0","3","3"
"二月丁丑日","0","3","3"
"奉天门外设","0","3","3"
"宫殿红色台","0","3","3"
"色台阶左右","0","3","3"
"面旗用穿红","0","3","3"
"每面旗用甲","0","3","3"
"面旗用甲士","0","3","3"
"旗用甲士五","0","3","3"
"面旗用穿青","0","3","3"
"金唾壶一个","0","3","3"
"金香盒一个","0","3","3"
"金唾盂一个","0","3","3"
"文武官员拜","0","3","3"
"绛引施二面","0","3","3"
"纱灯笼四个","0","3","3"
"用黄金装饰","0","3","3"
"于是命令文","0","3","3"
"在奉天门设","0","3","3"
"是祭祀上天","0","3","3"
"个和露在外","0","3","3"
"和露在外面","0","3","3"
"雕刻了涂有","0","3","3"
"刻了涂有金","0","3","3"
"了涂有金粉","0","3","3"
"屏风后面是","0","3","3"
"有金粉的云","0","3","3"
"金粉的云龙","0","3","3"
"案的小板跟","0","3","3"
"的小板跟它","0","3","3"
"黄线丝带编","0","3","3"
"线丝带编织","0","3","3"
"红色有花纹","0","3","3"
"的丝织品制","0","3","3"
"丝织品制成","0","3","3"
"织品制成的","0","3","3"
"面是雕刻有","0","3","3"
"板一块和褥","0","3","3"
"一块和褥席","0","3","3"
"用黄色的有","0","3","3"
"黄色的有花","0","3","3"
"青色有花纹","0","3","3"
"八面顶拼合","0","3","3"
"面顶拼合而","0","3","3"
"顶拼合而成","0","3","3"
"绣有五彩云","0","3","3"
"色底子的雕","0","3","3"
"底子的雕木","0","3","3"
"有五彩云的","0","3","3"
"铺设沥水的","0","3","3"
"的丝织品三","0","3","3"
"圆盘四角与","0","3","3"
"盘四角与辖","0","3","3"
"转角栏杆一","0","3","3"
"角栏杆一扇","0","3","3"
"十二根柱子","0","3","3"
"黑青相问的","0","3","3"
"有抹金的铜","0","3","3"
"抹金铜质嵌","0","3","3"
"四周是红漆","0","3","3"
"都涂以红漆","0","3","3"
"有花纹的毯","0","3","3"
"花纹的毯子","0","3","3"
"用红色帘子","0","3","3"
"色帘子十二","0","3","3"
"帘子十二扇","0","3","3"
"与大马辇相","0","3","3"
"大马辇相同","0","3","3"
"宽二尺二寸","0","3","3"
"三尺二寸有","0","3","3"
"形图案的木","0","3","3"
"云图案的木","0","3","3"
"用镀金的铜","0","3","3"
"尺三寸有余","0","3","3"
"描画的黄黑","0","3","3"
"画的黄黑色","0","3","3"
"金粉描画的","0","3","3"
"金嵌有花纹","0","3","3"
"金粉勾勒的","0","3","3"
"金的铜质龙","0","3","3"
"从明朝开始","0","3","3"
"黄色绒线编","0","3","3"
"四周有椅裙","0","3","3"
"线编织成的","0","3","3"
"有红花图案","0","3","3"
"红花图案的","0","3","3"
"花图案的毯","0","3","3"
"图案的毯子","0","3","3"
"五彩云的图","0","3","3"
"杂绘有五彩","0","3","3"
"云图案的衬","0","3","3"
"图案的衬板","0","3","3"
"四周用黄铜","0","3","3"
"周用黄铜装","0","3","3"
"用黄铜装钉","0","3","3"
"的丝织品做","0","3","3"
"代皇后乘坐","0","3","3"
"皇妃乘坐的","0","3","3"
"质嵌有花纹","0","3","3"
"红色丝织品","0","3","3"
"亲王妃相同","0","3","3"
"红色绢作里","0","3","3"
"色绢作里层","0","3","3"
"马鞍上的障","0","3","3"
"鞍上的障泥","0","3","3"
"上的障泥用","0","3","3"
"把名字上报","0","3","3"
"主管部门在","0","3","3"
"值得称道的","0","3","3"
"六十岁以上","0","3","3"
"有固定的制","0","3","3"
"交给镇抚司","0","3","3"
"贬谪戍守边","0","3","3"
"是一条途径","0","3","3"
"的奏疏呈上","0","3","3"
"没有过失的","0","3","3"
"由皇上裁决","0","3","3"
"四品以上的","0","3","3"
"品以下官吏","0","3","3"
"六年考察一","0","3","3"
"级官员的子","0","3","3"
"先前被任命","0","3","3"
"赤色的绫罗","0","3","3"
"一品到九品","0","3","3"
"种颜色的锦","0","3","3"
"颜色的锦缎","0","3","3"
"制绶环两个","0","3","3"
"下面系结青","0","3","3"
"面系结青色","0","3","3"
"系结青色的","0","3","3"
"结青色的丝","0","3","3"
"色的角质材","0","3","3"
"的角质材料","0","3","3"
"系在革带上","0","3","3"
"用青色绫罗","0","3","3"
"拜谢皇帝的","0","3","3"
"的其它官吏","0","3","3"
"唐朝的制度","0","3","3"
"品官用多种","0","3","3"
"官用多种色","0","3","3"
"用多种色彩","0","3","3"
"多种色彩的","0","3","3"
"种色彩的文","0","3","3"
"色彩的文绮","0","3","3"
"折叠回来的","0","3","3"
"叠回来的部","0","3","3"
"回来的部分","0","3","3"
"长度超过手","0","3","3"
"麒麟图案的","0","3","3"
"宗继承皇位","0","3","3"
"的人不允许","0","3","3"
"各自用金线","0","3","3"
"是皇太后的","0","3","3"
"皇太后的父","0","3","3"
"十三年规定","0","3","3"
"用嵌有花纹","0","3","3"
"花纹的金带","0","3","3"
"衣服胸前背","0","3","3"
"服胸前背后","0","3","3"
"黑青相间的","0","3","3"
"相间的衣领","0","3","3"
"与一品命妇","0","3","3"
"一品命妇相","0","3","3"
"与三品命妇","0","3","3"
"品命妇一样","0","3","3"
"绣有野鸡羽","0","3","3"
"料装饰的衣","0","3","3"
"装饰的衣带","0","3","3"
"与四品命妇","0","3","3"
"其余与五品","0","3","3"
"余与五品命","0","3","3"
"与五品命妇","0","3","3"
"与六品命妇","0","3","3"
"六品命妇相","0","3","3"
"衣服的颜色","0","3","3"
"金珍珠翡翠","0","3","3"
"杂花的霞帔","0","3","3"
"正面珍珠翡","0","3","3"
"面珍珠翡翠","0","3","3"
"珠翡翠装点","0","3","3"
"翡翠装点的","0","3","3"
"用蹙金绣云","0","3","3"
"金绣云霞野","0","3","3"
"绣云霞野鸡","0","3","3"
"云霞野鸡花","0","3","3"
"霞野鸡花纹","0","3","3"
"云霞野鹦花","0","3","3"
"霞野鹦花纹","0","3","3"
"用珍珠翡翠","0","3","3"
"双头钗两枝","0","3","3"
"镯子臂钏都","0","3","3"
"子臂钏都用","0","3","3"
"缠枝花花纹","0","3","3"
"高耸的发髻","0","3","3"
"金质野鸡装","0","3","3"
"云霞孔雀花","0","3","3"
"霞孔雀花纹","0","3","3"
"刺绣缠枝花","0","3","3"
"翡翠鸳鸯装","0","3","3"
"翠鸳鸯装饰","0","3","3"
"小珍珠翡翠","0","3","3"
"银质练鹊装","0","3","3"
"质练鹊装饰","0","3","3"
"与七品命妇","0","3","3"
"七品命妇相","0","3","3"
"掺杂镀金的","0","3","3"
"珍珠牡丹开","0","3","3"
"牡丹开头两","0","3","3"
"丹开头两个","0","3","3"
"翡翠牡丹叶","0","3","3"
"衔着珍珠结","0","3","3"
"褙子都用云","0","3","3"
"子都用云霞","0","3","3"
"闲居穿的日","0","3","3"
"居穿的日常","0","3","3"
"葵花花纹的","0","3","3"
"过科举考试","0","3","3"
"百姓的妻子","0","3","3"
"跳武舞的人","0","3","3"
"色色彩鲜艳","0","3","3"
"嵌金线的汗","0","3","3"
"金线的汗裤","0","3","3"
"青色绫罗嵌","0","3","3"
"绢围颈饰物","0","3","3"
"云头黑色高","0","3","3"
"头黑色高帮","0","3","3"
"色厚底的靴","0","3","3"
"厚底的靴子","0","3","3"
"穿红色绫罗","0","3","3"
"下裳相连的","0","3","3"
"红色生绢锦","0","3","3"
"色生绢锦领","0","3","3"
"生绢锦领裹","0","3","3"
"绢锦领裹衣","0","3","3"
"的帽子服饰","0","3","3"
"粉描绘的蝉","0","3","3"
"描绘的蝉形","0","3","3"
"漆成黑色的","0","3","3"
"大红色绫罗","0","3","3"
"绘有彩色花","0","3","3"
"彩色花纹的","0","3","3"
"十五年制定","0","3","3"
"番国朝见进","0","3","3"
"请求皇帝裁","0","3","3"
"告谕他们说","0","3","3"
"又恢复旧制","0","3","3"
"因为倭寇侵","0","3","3"
"为倭寇侵犯","0","3","3"
"各政府部门","0","3","3"
"来自翰林院","0","3","3"
"穿戴衮冕服","0","3","3"
"颜色如同大","0","3","3"
"玄色表面红","0","3","3"
"的如同旧有","0","3","3"
"里衣用素纱","0","3","3"
"白色表面红","0","3","3"
"表面红色里","0","3","3"
"面红色里层","0","3","3"
"下面用绿色","0","3","3"
"六种色彩黄","0","3","3"
"同下裳颜色","0","3","3"
"饰云龙图纹","0","3","3"
"鞋都是赤色","0","3","3"
"的六种图纹","0","3","3"
"又训谕张璁","0","3","3"
"本色衣领袖","0","3","3"
"皇帝亲自征","0","3","3"
"乐三年重新","0","3","3"
"野鸡图纹装","0","3","3"
"鸡图纹装饰","0","3","3"
"青黑相间的","0","3","3"
"用青赤色作","0","3","3"
"青赤色作为","0","3","3"
"上野鸡图纹","0","3","3"
"金色云龙纹","0","3","3"
"色云龙纹理","0","3","3"
"附上博山形","0","3","3"
"上博山形翡","0","3","3"
"博山形翡翠","0","3","3"
"翡翠穰花鬓","0","3","3"
"色云龙图纹","0","3","3"
"织上金线的","0","3","3"
"人的礼冠服","0","3","3"
"见皇帝的礼","0","3","3"
"与下裳的颜","0","3","3"
"裳的颜色相","0","3","3"
"的颜色相同","0","3","3"
"裳颜色相同","0","3","3"
"大巾与下裳","0","3","3"
"绶带四种色","0","3","3"
"带四种色彩","0","3","3"
"冠服饰内制","0","3","3"
"都如同皇妃","0","3","3"
"平常服饰也","0","3","3"
"常服饰也与","0","3","3"
"有官位的人","0","3","3"
"妃的礼冠服","0","3","3"
"主礼冠服饰","0","3","3"
"亲王世子的","0","3","3"
"青色衣三种","0","3","3"
"年重新规定","0","3","3"
"国将军相同","0","3","3"
"是礼冠用四","0","3","3"
"红色上织金","0","3","3"
"色上织金线","0","3","3"
"国中尉礼冠","0","3","3"
"中尉礼冠服","0","3","3"
"尉礼冠服饰","0","3","3"
"是礼冠用三","0","3","3"
"霞帔用金线","0","3","3"
"君礼冠服饰","0","3","3"
"选拔官吏的","0","3","3"
"进入国学的","0","3","3"
"六品以下的","0","3","3"
"举人入国子","0","3","3"
"人入国子监","0","3","3"
"命令翰林院","0","3","3"
"国子监的人","0","3","3"
"与大学士杨","0","3","3"
"子入国子监","0","3","3"
"京三品以上","0","3","3"
"由皇上裁定","0","3","3"
"子监读书的","0","3","3"
"监读书的时","0","3","3"
"从兵部尚书","0","3","3"
"都是正二品","0","3","3"
"谨身殿为建","0","3","3"
"身殿为建极","0","3","3"
"殿为建极殿","0","3","3"
"以辅佐尚书","0","3","3"
"情节严重的","0","3","3"
"增设侍郎一","0","3","3"
"设侍郎一人","0","3","3"
"各部设郎中","0","3","3"
"寸五分见方","0","3","3"
"也照此办理","0","3","3"
"给事中李侃","0","3","3"
"部上奏请求","0","3","3"
"采用给事中","0","3","3"
"不是翰林出","0","3","3"
"是翰林出身","0","3","3"
"方献夫等人","0","3","3"
"面用红色绫","0","3","3"
"色绫罗嵌有","0","3","3"
"绫罗嵌有金","0","3","3"
"罗嵌有金线","0","3","3"
"蟠凤图案装","0","3","3"
"皇太子妃的","0","3","3"
"宽一尺五寸","0","3","3"
"尚宝司领取","0","3","3"
"是中宫皇后","0","3","3"
"准用朱红色","0","3","3"
"至正十二年","0","3","3"
"至正十三年","0","3","3"
"郭天叙为都","0","3","3"
"天叙为都元","0","3","3"
"叙为都元帅","0","3","3"
"冬十二月初","0","3","3"
"春二月初二","0","3","3"
"军征讨陈友","0","3","3"
"冬十一月十","0","3","3"
"秋七月十三","0","3","3"
"秋七月初六","0","3","3"
"张定边直冲","0","3","3"
"八月二十六","0","3","3"
"为平章政事","0","3","3"
"秋七月十六","0","3","3"
"百姓更加困","0","3","3"
"六月二十三","0","3","3"
"追击并打败","0","3","3"
"向皇太子报","0","3","3"
"耿炳文在陕","0","3","3"
"炳文在陕西","0","3","3"
"占城前来朝","0","3","3"
"城前来朝贡","0","3","3"
"等人进士及","0","3","3"
"并定为制度","0","3","3"
"六月十八日","0","3","3"
"思伦发反叛","0","3","3"
"九十岁以上","0","3","3"
"被封为征虏","0","3","3"
"封为征虏大","0","3","3"
"纳哈出投降","0","3","3"
"这一年有琉","0","3","3"
"一年有琉球","0","3","3"
"友德为征南","0","3","3"
"德为征南将","0","3","3"
"王来京朝拜","0","3","3"
"年正月十六","0","3","3"
"受灾之地的","0","3","3"
"灾之地的田","0","3","3"
"进士及第等","0","3","3"
"士及第等不","0","3","3"
"及第等不同","0","3","3"
"燕王朱棣率","0","3","3"
"地方的田租","0","3","3"
"闰十二月二","0","3","3"
"大肆赦免天","0","3","3"
"肆赦免天下","0","3","3"
"法官谨慎用","0","3","3"
"年春正月八","0","3","3"
"春正月八日","0","3","3"
"死罪以下囚","0","3","3"
"秋七月二日","0","3","3"
"十月十八日","0","3","3"
"位附祭于太","0","3","3"
"免去第二年","0","3","3"
"成文以为法","0","3","3"
"文以为法令","0","3","3"
"礼官请求上","0","3","3"
"官请求上表","0","3","3"
"请求上表祝","0","3","3"
"求上表祝贺","0","3","3"
"二月二十七","0","3","3"
"别派遣御史","0","3","3"
"诏施行宽大","0","3","3"
"水灾后税粮","0","3","3"
"德十年正月","0","3","3"
"张思道逃走","0","3","3"
"春死于军中","0","3","3"
"傅友德将其","0","3","3"
"友德将其击","0","3","3"
"送书信给元","0","3","3"
"书信给元嗣","0","3","3"
"信给元嗣君","0","3","3"
"把匝剌瓦尔","0","3","3"
"匝剌瓦尔密","0","3","3"
"邓愈为征西","0","3","3"
"愈为征西将","0","3","3"
"御史和按察","0","3","3"
"及历代帝王","0","3","3"
"秋七月一日","0","3","3"
"冬十一月一","0","3","3"
"启奏皇太子","0","3","3"
"年春一月一","0","3","3"
"春一月一日","0","3","3"
"十月二十五","0","3","3"
"在谨身殿赐","0","3","3"
"谨身殿赐宴","0","3","3"
"秋八月二十","0","3","3"
"颁诏大赦天","0","3","3"
"河在徐州决","0","3","3"
"在徐州决口","0","3","3"
"冬十一月初","0","3","3"
"十一月初四","0","3","3"
"祭祀地于北","0","3","3"
"祀地于北郊","0","3","3"
"十月二十二","0","3","3"
"正月二十二","0","3","3"
"皇太后到天","0","3","3"
"太后到天寿","0","3","3"
"后到天寿山","0","3","3"
"冬十月初五","0","3","3"
"冬十月初八","0","3","3"
"由于久旱不","0","3","3"
"于久旱不雨","0","3","3"
"世袭顺义王","0","3","3"
"夏四月初六","0","3","3"
"受灾地区的","0","3","3"
"南发生水灾","0","3","3"
"这一年有安","0","3","3"
"一年有安南","0","3","3"
"正月十九日","0","3","3"
"秋七月初十","0","3","3"
"廷分别给予","0","3","3"
"减免赋税和","0","3","3"
"免赋税和赈","0","3","3"
"赋税和赈济","0","3","3"
"奏请皇帝批","0","3","3"
"朱翊钧召见","0","3","3"
"冬十月初十","0","3","3"
"免除河南受","0","3","3"
"除河南受灾","0","3","3"
"正月二十六","0","3","3"
"被官军击退","0","3","3"
"朱翊钧驾临","0","3","3"
"翊钧驾临午","0","3","3"
"钧驾临午门","0","3","3"
"正月二十日","0","3","3"
"命令群臣修","0","3","3"
"春二月十一","0","3","3"
"总兵官刘纟","0","3","3"
"兵官刘纟廷","0","3","3"
"兵官李如柏","0","3","3"
"遭灾地区的","0","3","3"
"赈济京师流","0","3","3"
"济京师流民","0","3","3"
"献地方特产","0","3","3"
"法官奏请热","0","3","3"
"官奏请热审","0","3","3"
"五月二十七","0","3","3"
"十一月三十","0","3","3"
"一月三十日","0","3","3"
"臣互相攻击","0","3","3"
"九月二十五","0","3","3"
"三月二十四","0","3","3"
"一男子张差","0","3","3"
"清军队攻克","0","3","3"
"年为泰昌元","0","3","3"
"年三十九岁","0","3","3"
"魏忠贤及其","0","3","3"
"经筵听讲经","0","3","3"
"筵听讲经论","0","3","3"
"在北郊祭地","0","3","3"
"崇祯三年正","0","3","3"
"祯三年正月","0","3","3"
"文华殿召对","0","3","3"
"第及不同的","0","3","3"
"及不同的出","0","3","3"
"到南郊祈祷","0","3","3"
"孔有德攻陷","0","3","3"
"派使者分别","0","3","3"
"给事中范淑","0","3","3"
"免欠交赋税","0","3","3"
"发放钱币赈","0","3","3"
"县黄河决堤","0","3","3"
"列举了他的","0","3","3"
"均为礼部尚","0","3","3"
"因多次出现","0","3","3"
"进入墙子岭","0","3","3"
"传庭为兵部","0","3","3"
"祯十二年正","0","3","3"
"二年正月一","0","3","3"
"年田租的一","0","3","3"
"孙应元等在","0","3","3"
"李自成进攻","0","3","3"
"从狱中释放","0","3","3"
"山大败张献","0","3","3"
"兵入京救援","0","3","3"
"文武百官上","0","3","3"
"武百官上奏","0","3","3"
"在奉天殿即","0","3","3"
"奉天殿即皇","0","3","3"
"天殿即皇帝","0","3","3"
"殿即皇帝位","0","3","3"
"遭兵祸州县","0","3","3"
"臣讲经论史","0","3","3"
"与朝廷通好","0","3","3"
"隶属军籍的","0","3","3"
"妃张氏为皇","0","3","3"
"接受朝臣庆","0","3","3"
"受朝臣庆贺","0","3","3"
"天殿接受朝","0","3","3"
"殿接受朝臣","0","3","3"
"水灾地区田","0","3","3"
"灾地区田租","0","3","3"
"次入朝进贡","0","3","3"
"应当出现日","0","3","3"
"当出现日食","0","3","3"
"大败安南军","0","3","3"
"大祭鬼神于","0","3","3"
"祭鬼神于南","0","3","3"
"奉天门接受","0","3","3"
"不急办事务","0","3","3"
"山南入朝进","0","3","3"
"十二人分别","0","3","3"
"大败倭寇于","0","3","3"
"为征虏副将","0","3","3"
"尊奉皇太后","0","3","3"
"皇太后为太","0","3","3"
"太后为太皇","0","3","3"
"后为太皇太","0","3","3"
"祭于孔子庙","0","3","3"
"于孔子庙庭","0","3","3"
"推举能胜任","0","3","3"
"给事中郭瑾","0","3","3"
"受刑于长安","0","3","3"
"屯田粮食十","0","3","3"
"田粮食十分","0","3","3"
"粮食十分之","0","3","3"
"奉天殿上鸱","0","3","3"
"天殿上鸱吻","0","3","3"
"免河南遭灾","0","3","3"
"英宗被俘北","0","3","3"
"宗被俘北去","0","3","3"
"英宗到大同","0","3","3"
"立皇子朱见","0","3","3"
"朱见深为皇","0","3","3"
"见深为皇太","0","3","3"
"深为皇太子","0","3","3"
"入京师救援","0","3","3"
"州叛乱苗民","0","3","3"
"给事中李贵","0","3","3"
"七月十二日","0","3","3"
"因父母丧事","0","3","3"
"沙湾黄河决","0","3","3"
"湾黄河决口","0","3","3"
"五月二十五","0","3","3"
"开封黄河决","0","3","3"
"封黄河决堤","0","3","3"
"年十二月十","0","3","3"
"兴献王朱厚","0","3","3"
"献王朱厚趈","0","3","3"
"从大明门进","0","3","3"
"赈救江西灾","0","3","3"
"救江西灾害","0","3","3"
"正月初六日","0","3","3"
"王子侵犯宣","0","3","3"
"子侵犯宣府","0","3","3"
"年正月初三","0","3","3"
"正月初三日","0","3","3"
"太庙发生火","0","3","3"
"景皇帝陵墓","0","3","3"
"免四川受灾","0","3","3"
"四川受灾税","0","3","3"
"川受灾税粮","0","3","3"
"毛里孩侵犯","0","3","3"
"为靖虏将军","0","3","3"
"赈救南畿饥","0","3","3"
"救南畿饥荒","0","3","3"
"于宫前阶下","0","3","3"
"俞大猷征讨","0","3","3"
"地震发出声","0","3","3"
"震发出声响","0","3","3"
"释放建文帝","0","3","3"
"广东采集珠","0","3","3"
"东采集珠宝","0","3","3"
"京师南郊大","0","3","3"
"师南郊大祭","0","3","3"
"皇太子在文","0","3","3"
"太子在文华","0","3","3"
"子在文华殿","0","3","3"
"免明年上元","0","3","3"
"西受灾夏税","0","3","3"
"见大学士刘","0","3","3"
"兼任总兵官","0","3","3"
"小王子侵入","0","3","3"
"耕牛和粮种","0","3","3"
"暹罗来朝进","0","3","3"
"罗来朝进贡","0","3","3"
"去南海子打","0","3","3"
"亲自巡察宣","0","3","3"
"自巡察宣府","0","3","3"
"年四十一岁","0","3","3"
"与燕兵战于","0","3","3"
"为江西副使","0","3","3"
"其一子为官","0","3","3"
"陈献章为师","0","3","3"
"被授予中书","0","3","3"
"授予中书舍","0","3","3"
"予中书舍人","0","3","3"
"有关衙门把","0","3","3"
"玛瑙山大败","0","3","3"
"众人的意见","0","3","3"
"朱元璋知道","0","3","3"
"掠百姓子女","0","3","3"
"更加恭敬谨","0","3","3"
"加恭敬谨慎","0","3","3"
"向朝廷汇报","0","3","3"
"他回到镇守","0","3","3"
"皇上同意了","0","3","3"
"逆了皇上的","0","3","3"
"皇上于是把","0","3","3"
"了俞大猷的","0","3","3"
"大将军平定","0","3","3"
"太祖即位后","0","3","3"
"为中书平章","0","3","3"
"葬于钟山之","0","3","3"
"率所部投降","0","3","3"
"海追捕倭寇","0","3","3"
"臣私下以为","0","3","3"
"方国珍占据","0","3","3"
"升为右春坊","0","3","3"
"终年八十三","0","3","3"
"赠予他礼部","0","3","3"
"幼孜回答说","0","3","3"
"洪熙改元后","0","3","3"
"志于圣贤之","0","3","3"
"被牵连获罪","0","3","3"
"朱元璋又派","0","3","3"
"朱元璋左右","0","3","3"
"受皇帝恩宠","0","3","3"
"越过太行山","0","3","3"
"丁德兴跟随","0","3","3"
"跟随太祖攻","0","3","3"
"随太祖攻克","0","3","3"
"太祖攻克滁","0","3","3"
"祖攻克滁州","0","3","3"
"为管军总管","0","3","3"
"又随大将军","0","3","3"
"任命耿炳文","0","3","3"
"命耿炳文为","0","3","3"
"将军徐达出","0","3","3"
"陈友谅的部","0","3","3"
"龙被提升为","0","3","3"
"随徐达进攻","0","3","3"
"汤和在临清","0","3","3"
"和在临清练","0","3","3"
"军征讨云南","0","3","3"
"平定武昌后","0","3","3"
"加食禄五百","0","3","3"
"以左参将的","0","3","3"
"左参将的身","0","3","3"
"的部队驻扎","0","3","3"
"他没有儿子","0","3","3"
"不遵从诏令","0","3","3"
"张思道逃往","0","3","3"
"以庆阳投降","0","3","3"
"打开城门接","0","3","3"
"开城门接纳","0","3","3"
"担任左副将","0","3","3"
"西将军汤和","0","3","3"
"当时陈友谅","0","3","3"
"陈友谅战败","0","3","3"
"在逃跑途中","0","3","3"
"朱元璋即皇","0","3","3"
"元璋即皇帝","0","3","3"
"璋即皇帝位","0","3","3"
"太祖巡幸汴","0","3","3"
"祖巡幸汴梁","0","3","3"
"李善长一起","0","3","3"
"有什么用呢","0","3","3"
"随军征讨陈","0","3","3"
"傅友德跟随","0","3","3"
"傅友德率军","0","3","3"
"累升为都督","0","3","3"
"随太祖攻下","0","3","3"
"太祖攻下集","0","3","3"
"祖攻下集庆","0","3","3"
"所依赖的是","0","3","3"
"朱元璋平定","0","3","3"
"进一步攻克","0","3","3"
"朱元璋为此","0","3","3"
"向北追击至","0","3","3"
"李文忠被授","0","3","3"
"文忠被授为","0","3","3"
"张士诚派遣","0","3","3"
"李文忠派遣","0","3","3"
"还未归附的","0","3","3"
"为南京锦衣","0","3","3"
"赞他的才干","0","3","3"
"于是陈友谅","0","3","3"
"按礼仪行事","0","3","3"
"长驱直入抵","0","3","3"
"驱直入抵达","0","3","3"
"陈友谅之子","0","3","3"
"渐骄傲起来","0","3","3"
"这不可以说","0","3","3"
"朱济火喜的","0","3","3"
"之子端王朱","0","3","3"
"太祖命朱桢","0","3","3"
"嘉许采纳了","0","3","3"
"皇上因魏源","0","3","3"
"按御史考察","0","3","3"
"不久他改任","0","3","3"
"都察院监狱","0","3","3"
"景帝监国时","0","3","3"
"皇上赐给敕","0","3","3"
"上赐给敕书","0","3","3"
"御史之衔巡","0","3","3"
"史之衔巡抚","0","3","3"
"其他人全部","0","3","3"
"被投进诏狱","0","3","3"
"加禄米三百","0","3","3"
"禄米三百石","0","3","3"
"沐晟的部队","0","3","3"
"安南平定后","0","3","3"
"终年七十八","0","3","3"
"年七十八岁","0","3","3"
"进封为侯爵","0","3","3"
"又过了一天","0","3","3"
"进升为同知","0","3","3"
"任监察御史","0","3","3"
"有这样的人","0","3","3"
"正统改元后","0","3","3"
"但从此以后","0","3","3"
"为河南副使","0","3","3"
"为四川佥事","0","3","3"
"了这一情况","0","3","3"
"英宗被俘时","0","3","3"
"佥都御史之","0","3","3"
"被召回任刑","0","3","3"
"任太常寺丞","0","3","3"
"他被超升为","0","3","3"
"他入京朝见","0","3","3"
"终年七十九","0","3","3"
"给事中王汝","0","3","3"
"他升为都督","0","3","3"
"杀和俘获很","0","3","3"
"和俘获很多","0","3","3"
"他在驻镇之","0","3","3"
"在驻镇之地","0","3","3"
"驻镇之地去","0","3","3"
"镇之地去世","0","3","3"
"积功升到都","0","3","3"
"功升到都指","0","3","3"
"升到都指挥","0","3","3"
"获得优厚的","0","3","3"
"得优厚的赏","0","3","3"
"因年老退休","0","3","3"
"了他们的首","0","3","3"
"命郑辰前往","0","3","3"
"河在原武决","0","3","3"
"一百一十六","0","3","3"
"文渊阁学习","0","3","3"
"刑科都给事","0","3","3"
"宗即位后才","0","3","3"
"行祭祀事务","0","3","3"
"从此不再出","0","3","3"
"皇上不听从","0","3","3"
"重要的地方","0","3","3"
"皇太后开始","0","3","3"
"知道他的冤","0","3","3"
"又上疏议论","0","3","3"
"的奏章呈上","0","3","3"
"母亲去世归","0","3","3"
"氏被册封为","0","3","3"
"的名字上报","0","3","3"
"于是俞大猷","0","3","3"
"俞大猷追击","0","3","3"
"俞大猷升为","0","3","3"
"命令戚继光","0","3","3"
"一万二千多","0","3","3"
"民起义军至","0","3","3"
"十四年中进","0","3","3"
"四年中进士","0","3","3"
"士诚占据苏","0","3","3"
"他出来做官","0","3","3"
"京朝见皇帝","0","3","3"
"黄道周上疏","0","3","3"
"使东南地区","0","3","3"
"南地区的百","0","3","3"
"没有自己的","0","3","3"
"烈帝听说后","0","3","3"
"崇祯皇帝因","0","3","3"
"祯皇帝因为","0","3","3"
"那样的政治","0","3","3"
"深山老林中","0","3","3"
"日食的时刻","0","3","3"
"先圣先师的","0","3","3"
"父母的丧事","0","3","3"
"侍郎兼任右","0","3","3"
"郎兼任右佥","0","3","3"
"朝廷议论纷","0","3","3"
"一个儿子任","0","3","3"
"个儿子任锦","0","3","3"
"儿子任锦衣","0","3","3"
"我认为应该","0","3","3"
"认为应该告","0","3","3"
"潘季驯认为","0","3","3"
"漕运的船只","0","3","3"
"隆庆元年他","0","3","3"
"启用潘季驯","0","3","3"
"事中雒遵弹","0","3","3"
"中雒遵弹劾","0","3","3"
"帝依从了他","0","3","3"
"并且请求增","0","3","3"
"使漕运船只","0","3","3"
"的意见不合","0","3","3"
"潘季驯任右","0","3","3"
"季驯任右都","0","3","3"
"驯任右都御","0","3","3"
"三年后去世","0","3","3"
"调任南京刑","0","3","3"
"京官考核中","0","3","3"
"有兴修水利","0","3","3"
"以长驱直入","0","3","3"
"居正的意思","0","3","3"
"张居正父亲","0","3","3"
"为吏部郎中","0","3","3"
"是王锡爵的","0","3","3"
"留下张居正","0","3","3"
"为国家的缘","0","3","3"
"国家的缘故","0","3","3"
"杨应龙叛乱","0","3","3"
"调任南京太","0","3","3"
"给事中侯庆","0","3","3"
"不久改任兵","0","3","3"
"久改任兵部","0","3","3"
"淮安到胶州","0","3","3"
"为吏部考功","0","3","3"
"三位皇子一","0","3","3"
"有嫡长子就","0","3","3"
"没有嫡长子","0","3","3"
"用为南京光","0","3","3"
"违背魏忠贤","0","3","3"
"背魏忠贤的","0","3","3"
"他们一网打","0","3","3"
"们一网打尽","0","3","3"
"向朝廷建议","0","3","3"
"为国子监博","0","3","3"
"他由左侍郎","0","3","3"
"孙丕扬上奏","0","3","3"
"称他们为五","0","3","3"
"调任尚宝司","0","3","3"
"被纠察的科","0","3","3"
"纠察的科道","0","3","3"
"与副都御史","0","3","3"
"他求学的人","0","3","3"
"是祖宗的制","0","3","3"
"兼河南道御","0","3","3"
"升礼部主事","0","3","3"
"兵科右给事","0","3","3"
"科右给事中","0","3","3"
"耗资近百万","0","3","3"
"资近百万两","0","3","3"
"郭正域上奏","0","3","3"
"自己的主张","0","3","3"
"请辞官归家","0","3","3"
"供奉于孔庙","0","3","3"
"再不出来做","0","3","3"
"不出来做官","0","3","3"
"向皇帝推荐","0","3","3"
"官府每月给","0","3","3"
"未进呈皇帝","0","3","3"
"令当地官府","0","3","3"
"这时王守仁","0","3","3"
"后调任南京","0","3","3"
"来向他求学","0","3","3"
"阳明所谓的","0","3","3"
"明所谓的心","0","3","3"
"江西安福人","0","3","3"
"提升为陕西","0","3","3"
"年间乡试中","0","3","3"
"间乡试中举","0","3","3"
"代为锦衣卫","0","3","3"
"岁乡试中举","0","3","3"
"第二年中进","0","3","3"
"有真凭实据","0","3","3"
"赵南星等人","0","3","3"
"再次上疏极","0","3","3"
"疏一起交给","0","3","3"
"一起交给部","0","3","3"
"同寻常的人","0","3","3"
"见不一致的","0","3","3"
"不一致的人","0","3","3"
"给事中朱童","0","3","3"
"同道合的人","0","3","3"
"假传圣旨剥","0","3","3"
"传圣旨剥夺","0","3","3"
"到东宫太子","0","3","3"
"方从哲的罪","0","3","3"
"从哲的罪行","0","3","3"
"垂帘听政的","0","3","3"
"贪污受贿的","0","3","3"
"道严厉的圣","0","3","3"
"是好处之一","0","3","3"
"是好处之二","0","3","3"
"是好处之三","0","3","3"
"是好处之四","0","3","3"
"一个人骑着","0","3","3"
"个人骑着马","0","3","3"
"南明福王时","0","3","3"
"给事中郭巩","0","3","3"
"诋毁熊廷弼","0","3","3"
"上疏极力驳","0","3","3"
"疏极力驳斥","0","3","3"
"这是祖宗的","0","3","3"
"清除皇帝身","0","3","3"
"除皇帝身边","0","3","3"
"左光斗一起","0","3","3"
"这是使陛下","0","3","3"
"接受熊廷弼","0","3","3"
"熊廷弼的贿","0","3","3"
"等到魏忠贤","0","3","3"
"有关部门不","0","3","3"
"天启元年提","0","3","3"
"跟东林党人","0","3","3"
"一切都按照","0","3","3"
"弹劾汪文言","0","3","3"
"周朝瑞请求","0","3","3"
"防守山海关","0","3","3"
"皇太子报告","0","3","3"
"用疯癫结案","0","3","3"
"而给事中何","0","3","3"
"为平定播州","0","3","3"
"世代荫封指","0","3","3"
"代荫封指挥","0","3","3"
"汇合在一起","0","3","3"
"孙承宗请求","0","3","3"
"为辽东巡抚","0","3","3"
"佥事万有孚","0","3","3"
"马世龙请求","0","3","3"
"是有区别的","0","3","3"
"京师的部队","0","3","3"
"正在这个时","0","3","3"
"祯元年起用","0","3","3"
"元化的部队","0","3","3"
"用防守来屯","0","3","3"
"防守来屯田","0","3","3"
"了庄烈帝的","0","3","3"
"朝廷就提拔","0","3","3"
"登上了城墙","0","3","3"
"贼寇的骑兵","0","3","3"
"杀了几十个","0","3","3"
"能依靠的只","0","3","3"
"白银五十两","0","3","3"
"山海关大门","0","3","3"
"大清兵包围","0","3","3"
"部门为他修","0","3","3"
"因为有才干","0","3","3"
"提升民屏为","0","3","3"
"蒙受国家的","0","3","3"
"十三家贼兵","0","3","3"
"的尚方宝剑","0","3","3"
"陕西的贼寇","0","3","3"
"的残余党羽","0","3","3"
"布檄文要求","0","3","3"
"其余的贼寇","0","3","3"
"阻止他们逃","0","3","3"
"每次打仗都","0","3","3"
"宦官刘元斌","0","3","3"
"的夫人刘氏","0","3","3"
"县令就不敢","0","3","3"
"让他便宜行","0","3","3"
"二百七十多","0","3","3"
"百姓的生命","0","3","3"
"本来是用来","0","3","3"
"一共三十六","0","3","3"
"总兵各练一","0","3","3"
"兵各练一万","0","3","3"
"各练一万兵","0","3","3"
"督练三万兵","0","3","3"
"用二万兵驻","0","3","3"
"二万兵驻守","0","3","3"
"一万兵驻守","0","3","3"
"巡抚以下分","0","3","3"
"抚以下分别","0","3","3"
"忠在谷城反","0","3","3"
"在谷城反叛","0","3","3"
"这是微臣不","0","3","3"
"是微臣不理","0","3","3"
"微臣不理解","0","3","3"
"臣不理解之","0","3","3"
"召见王应熊","0","3","3"
"张至发于是","0","3","3"
"有权势的人","0","3","3"
"皇帝第五子","0","3","3"
"廷弼上书说","0","3","3"
"有关部门商","0","3","3"
"关部门商议","0","3","3"
"把敌人一举","0","3","3"
"敌人一举荡","0","3","3"
"人一举荡平","0","3","3"
"战败的消息","0","3","3"
"第二年完工","0","3","3"
"宁远就成为","0","3","3"
"然后上书说","0","3","3"
"庄烈帝在平","0","3","3"
"烈帝在平台","0","3","3"
"宗周上书说","0","3","3"
"庄烈帝又问","0","3","3"
"一定要首先","0","3","3"
"应予诛杀的","0","3","3"
"予诛杀的第","0","3","3"
"郑曼阝棍打","0","3","3"
"自称不如郑","0","3","3"
"称不如郑曼","0","3","3"
"道周回答说","0","3","3"
"的元气受到","0","3","3"
"元气受到了","0","3","3"
"气受到了伤","0","3","3"
"受到了伤害","0","3","3"
"治理的办法","0","3","3"
"的接连不断","0","3","3"
"被贼兵占领","0","3","3"
"贼兵占领了","0","3","3"
"是三百二十","0","3","3"
"世子朱载堉","0","3","3"
"月食的分秒","0","3","3"
"洪武甲子年","0","3","3"
"一年长度消","0","3","3"
"年长度消长","0","3","3"
"长度消长的","0","3","3"
"度消长的办","0","3","3"
"消长的办法","0","3","3"
"太阳运行的","0","3","3"
"太阳运行到","0","3","3"
"管理这件事","0","3","3"
"阳的运行有","0","3","3"
"月亮的运行","0","3","3"
"钦天监事务","0","3","3"
"制定历法的","0","3","3"
"在冬至夏至","0","3","3"
"是太阳运行","0","3","3"
"运行度数的","0","3","3"
"冬至夏至前","0","3","3"
"至夏至前后","0","3","3"
"出入黄道内","0","3","3"
"五星的运行","0","3","3"
"时后段一刻","0","3","3"
"礼官于是请","0","3","3"
"官于是请求","0","3","3"
"他们的历法","0","3","3"
"与天象不合","0","3","3"
"差的准确比","0","3","3"
"南北高下的","0","3","3"
"北高下的差","0","3","3"
"高下的差异","0","3","3"
"道赤道的距","0","3","3"
"在晦日日食","0","3","3"
"晦日日食的","0","3","3"
"星土星同度","0","3","3"
"各有自己的","0","3","3"
"的论述有四","0","3","3"
"论述有四条","0","3","3"
"与天象相合","0","3","3"
"又四分之一","0","3","3"
"皇帝亲自审","0","3","3"
"立即处决的","0","3","3"
"大理寺官员","0","3","3"
"会审重罪犯","0","3","3"
"交纳钱财赎","0","3","3"
"纳钱财赎罪","0","3","3"
"十恶不赦之","0","3","3"
"恶不赦之罪","0","3","3"
"刑部和大理","0","3","3"
"部和大理寺","0","3","3"
"十三年制定","0","3","3"
"不得擅自抓","0","3","3"
"得擅自抓捕","0","3","3"
"的主管官吏","0","3","3"
"罪行严重的","0","3","3"
"十五年规定","0","3","3"
"皇帝下令立","0","3","3"
"帝下令立即","0","3","3"
"给事中严用","0","3","3"
"事中严用和","0","3","3"
"一百五十斤","0","3","3"
"太祖的制度","0","3","3"
"司在奉天殿","0","3","3"
"冕服到奉天","0","3","3"
"各自的位置","0","3","3"
"册书宝玺放","0","3","3"
"使监令跪着","0","3","3"
"的东西两边","0","3","3"
"如同前边的","0","3","3"
"外命妇各自","0","3","3"
"官引导从左","0","3","3"
"束台阶升登","0","3","3"
"穿皮弁服到","0","3","3"
"到行礼位置","0","3","3"
"导皇太子从","0","3","3"
"从殿东门进","0","3","3"
"殿东门进入","0","3","3"
"官引导到御","0","3","3"
"官员捧着诏","0","3","3"
"员捧着诏书","0","3","3"
"册封束宫太","0","3","3"
"封束宫太子","0","3","3"
"在文华殿门","0","3","3"
"官引导到皇","0","3","3"
"的礼拜位置","0","3","3"
"向父皇陛下","0","3","3"
"从西台阶下","0","3","3"
"手拿着冠的","0","3","3"
"着进献服饰","0","3","3"
"皇太子插上","0","3","3"
"太子插上圭","0","3","3"
"礼宾祝祷说","0","3","3"
"第二次加冠","0","3","3"
"在西面台阶","0","3","3"
"穿着公服站","0","3","3"
"着公服站在","0","3","3"
"宾向加冠的","0","3","3"
"向加冠的人","0","3","3"
"加冠的人行","0","3","3"
"加冠的人穿","0","3","3"
"站在西台阶","0","3","3"
"执事者进献","0","3","3"
"圜丘祭祀昊","0","3","3"
"丘祭祀昊天","0","3","3"
"在宫廷台阶","0","3","3"
"和声郎举起","0","3","3"
"声郎举起指","0","3","3"
"乐工陈列在","0","3","3"
"教坊司在殿","0","3","3"
"设中和韶乐","0","3","3"
"教坊司请求","0","3","3"
"坊司请求演","0","3","3"
"司请求演奏","0","3","3"
"天道传之曲","0","3","3"
"振皇纲之曲","0","3","3"
"前面所述仪","0","3","3"
"面所述仪节","0","3","3"
"驾六龙之曲","0","3","3"
"二十弦八人","0","3","3"
"杖鼓十二人","0","3","3"
"舞蹈时作出","0","3","3"
"来导引舞队","0","3","3"
"差不多可以","0","3","3"
"亲自制作乐","0","3","3"
"自制作乐章","0","3","3"
"在南郊举行","0","3","3"
"四面悬挂乐","0","3","3"
"面悬挂乐器","0","3","3"
"旋相为宫音","0","3","3"
"神灵的音乐","0","3","3"
"从这里起宫","0","3","3"
"祖庙大合祭","0","3","3"
"拊祭于太庙","0","3","3"
"天香凤韶之","0","3","3"
"香凤韶之曲","0","3","3"
"问名为中吕","0","3","3"
"本太初之曲","0","3","3"
"仰大明之曲","0","3","3"
"民初生之曲","0","3","3"
"品物亨之曲","0","3","3"
"御六龙之曲","0","3","3"
"年高德厚的","0","3","3"
"高德厚的老","0","3","3"
"德厚的老人","0","3","3"
"门左面处理","0","3","3"
"左面处理政","0","3","3"
"面处理政事","0","3","3"
"迎接到承天","0","3","3"
"接到承天门","0","3","3"
"在承天门上","0","3","3"
"仪礼司上奏","0","3","3"
"捧着诏书交","0","3","3"
"着诏书交给","0","3","3"
"上奏说礼仪","0","3","3"
"置在龙亭中","0","3","3"
"众官都跪下","0","3","3"
"到香案前跪","0","3","3"
"香案前跪下","0","3","3"
"主人举行仪","0","3","3"
"人举行仪式","0","3","3"
"助举行仪式","0","3","3"
"从西阶登上","0","3","3"
"位置的北面","0","3","3"
"从官都拜四","0","3","3"
"答礼后拜二","0","3","3"
"礼后拜二拜","0","3","3"
"鼓乐在前面","0","3","3"
"皇帝敕命派","0","3","3"
"武二十年制","0","3","3"
"二十年制定","0","3","3"
"都御史相同","0","3","3"
"十年制定礼","0","3","3"
"趋向右边让","0","3","3"
"向右边让路","0","3","3"
"右边让路而","0","3","3"
"边让路而行","0","3","3"
"辅佐副贰官","0","3","3"
"啊乐舞飞扬","0","3","3"
"垂顾歆享啊","0","3","3"
"最后一次奠","0","3","3"
"后一次奠献","0","3","3"
"神灵喜悦啊","0","3","3"
"神灵到来啊","0","3","3"
"啊如何能估","0","3","3"
"如何能估量","0","3","3"
"山川与城隍","0","3","3"
"吉祥日子好","0","3","3"
"祥日子好时","0","3","3"
"日子好时辰","0","3","3"
"祭祀周天星","0","3","3"
"皇帝亲自作","0","3","3"
"举行祭告礼","0","3","3"
"季的第二月","0","3","3"
"文武官员陪","0","3","3"
"武官员陪伴","0","3","3"
"官员陪伴祭","0","3","3"
"员陪伴祭祀","0","3","3"
"亲王到藩国","0","3","3"
"要拜谒陵墓","0","3","3"
"到祖宗陵墓","0","3","3"
"到祖先陵墓","0","3","3"
"用酒醴果品","0","3","3"
"年终大合祭","0","3","3"
"穿浅淡色服","0","3","3"
"以下的哭位","0","3","3"
"下的哭位在","0","3","3"
"灵柩北面的","0","3","3"
"丧主以下的","0","3","3"
"主以下的人","0","3","3"
"随从哭临的","0","3","3"
"三年以上的","0","3","3"
"都用木头制","0","3","3"
"其余的依次","0","3","3"
"功臣死后封","0","3","3"
"臣死后封王","0","3","3"
"设置守坟户","0","3","3"
"丧事到此时","0","3","3"
"四天后穿丧","0","3","3"
"天后穿丧服","0","3","3"
"服丧一周年","0","3","3"
"妾所生的儿","0","3","3"
"嫡子以外的","0","3","3"
"而经过加工","0","3","3"
"经过加工的","0","3","3"
"过加工的布","0","3","3"
"加工的布制","0","3","3"
"工的布制成","0","3","3"
"长子以及长","0","3","3"
"子以及长子","0","3","3"
"以及长子以","0","3","3"
"及长子以外","0","3","3"
"为兄弟的儿","0","3","3"
"姑以及姊妹","0","3","3"
"的兄弟以及","0","3","3"
"以及兄弟的","0","3","3"
"后嗣的人为","0","3","3"
"的媳妇服丧","0","3","3"
"人为丈夫的","0","3","3"
"有出嫁的堂","0","3","3"
"出嫁的堂祖","0","3","3"
"嫁的堂祖姑","0","3","3"
"的兄弟的孙","0","3","3"
"祖兄弟的儿","0","3","3"
"出嫁的同族","0","3","3"
"祖姑以及没","0","3","3"
"姑以及没有","0","3","3"
"有出嫁的相","0","3","3"
"出嫁的相同","0","3","3"
"本宗族同祖","0","3","3"
"堂异室的制","0","3","3"
"异室的制度","0","3","3"
"祖父谧号叫","0","3","3"
"尚书崔亮的","0","3","3"
"命令再次议","0","3","3"
"令再次议论","0","3","3"
"都认为不可","0","3","3"
"夏言又上疏","0","3","3"
"太祖神位牌","0","3","3"
"行大合祭礼","0","3","3"
"二人分别祭","0","3","3"
"人分别祭献","0","3","3"
"制定太庙四","0","3","3"
"宫殿台阶上","0","3","3"
"交给执事官","0","3","3"
"门外陈列甲","0","3","3"
"赞礼官赞唱","0","3","3"
"的皇帝灵座","0","3","3"
"外赞官宣唱","0","3","3"
"皇太子以及","0","3","3"
"礼官导引皇","0","3","3"
"官导引皇太","0","3","3"
"导引皇太子","0","3","3"
"地方军政长","0","3","3"
"方军政长官","0","3","3"
"都在午门外","0","3","3"
"锦衣卫在殿","0","3","3"
"王与王府官","0","3","3"
"在春秋雨季","0","3","3"
"执事官跪着","0","3","3"
"夫人妾某氏","0","3","3"
"人妾某氏等","0","3","3"
"的戊日举行","0","3","3"
"戊日举行祭","0","3","3"
"日祭祀社稷","0","3","3"
"在西郊祭月","0","3","3"
"早晨祭日晚","0","3","3"
"晨祭日晚上","0","3","3"
"祭日晚上祭","0","3","3"
"日晚上祭月","0","3","3"
"饮福酒受胙","0","3","3"
"福酒受胙肉","0","3","3"
"亲自举行祭","0","3","3"
"亲自祭祀先","0","3","3"
"献皇帝配祀","0","3","3"
"天下神只坛","0","3","3"
"皇帝亲自行","0","3","3"
"帝亲自行礼","0","3","3"
"春秋雨季月","0","3","3"
"秋雨季月将","0","3","3"
"第二月上旬","0","3","3"
"夏冬雨季月","0","3","3"
"冬雨季月将","0","3","3"
"帝亲自举行","0","3","3"
"于是在圜丘","0","3","3"
"派遣官员举","0","3","3"
"遣官员举行","0","3","3"
"员举行祭祀","0","3","3"
"祭祀风云雷","0","3","3"
"亲自撰写祝","0","3","3"
"迁到奉先殿","0","3","3"
"以下拜四拜","0","3","3"
"新太庙建成","0","3","3"
"员分别祭献","0","3","3"
"祭祀的二人","0","3","3"
"派遣太常寺","0","3","3"
"祭祀隋高祖","0","3","3"
"王汝梅等人","0","3","3"
"在每季首月","0","3","3"
"部官员祭祀","0","3","3"
"忠臣祠祭祀","0","3","3"
"祭祀的鬼神","0","3","3"
"无后嗣的鬼","0","3","3"
"共同祭祀天","0","3","3"
"专门祭祀上","0","3","3"
"郊祀后稷以","0","3","3"
"祀后稷以配","0","3","3"
"方丘的制度","0","3","3"
"二祖共同配","0","3","3"
"祖共同配祀","0","3","3"
"太常卿赞唱","0","3","3"
"常卿赞唱道","0","3","3"
"穿日常衣冠","0","3","3"
"恭请太祖配","0","3","3"
"祭期前一天","0","3","3"
"奉安放在坛","0","3","3"
"安放在坛座","0","3","3"
"放在坛座上","0","3","3"
"太阳南至地","0","3","3"
"阳南至地平","0","3","3"
"天圆的直径","0","3","3"
"冬至夏至黄","0","3","3"
"至夏至黄道","0","3","3"
"夏至黄道赤","0","3","3"
"至黄道赤道","0","3","3"
"半弧背的幂","0","3","3"
"乘以天圆直","0","3","3"
"用益从方减","0","3","3"
"直径一百二","0","3","3"
"得一万四千","0","3","3"
"得一百八十","0","3","3"
"道赤道的小","0","3","3"
"自乘作为被","0","3","3"
"就是黄道半","0","3","3"
"将黄道半弧","0","3","3"
"以赤道小弦","0","3","3"
"赤道横大勾","0","3","3"
"就是赤道的","0","3","3"
"道赤道大弦","0","3","3"
"度八七五作","0","3","3"
"八七五作为","0","3","3"
"七五作为除","0","3","3"
"五作为除数","0","3","3"
"将天圆半径","0","3","3"
"天圆半径六","0","3","3"
"圆半径六十","0","3","3"
"除数舆之相","0","3","3"
"数舆之相除","0","3","3"
"是冬至夏至","0","3","3"
"距离赤道的","0","3","3"
"离赤道的内","0","3","3"
"赤道的内外","0","3","3"
"道的内外度","0","3","3"
"距离北极的","0","3","3"
"离北极的度","0","3","3"
"太阳距离赤","0","3","3"
"阳距离赤道","0","3","3"
"降交点距离","0","3","3"
"交点距离黄","0","3","3"
"点距离黄道","0","3","3"
"距离黄道赤","0","3","3"
"离黄道赤道","0","3","3"
"黄道赤道降","0","3","3"
"道降交点的","0","3","3"
"山东遭旱灾","0","3","3"
"夏秋季干旱","0","3","3"
"春季和夏季","0","3","3"
"江西遭受大","0","3","3"
"西遭受大旱","0","3","3"
"十二年夏季","0","3","3"
"府发生旱灾","0","3","3"
"都遭受旱灾","0","3","3"
"有白色氛气","0","3","3"
"屋瓦都刮飞","0","3","3"
"州牛生小犊","0","3","3"
"宁夏发生地","0","3","3"
"广发生地震","0","3","3"
"河南发生地","0","3","3"
"九月甲戌日","0","3","3"
"发生七次地","0","3","3"
"生七次地震","0","3","3"
"日连续地震","0","3","3"
"有人被压死","0","3","3"
"从这一天到","0","3","3"
"四府发生地","0","3","3"
"凤阳府发生","0","3","3"
"阳府发生地","0","3","3"
"十月乙卯日","0","3","3"
"州山体崩塌","0","3","3"
"地上长出白","0","3","3"
"上长出白毛","0","3","3"
"再次发生饥","0","3","3"
"次发生饥荒","0","3","3"
"个府遭受饥","0","3","3"
"人民吃野草","0","3","3"
"东再次遭受","0","3","3"
"县发生饥荒","0","3","3"
"个县遭受饥","0","3","3"
"西遭受严重","0","3","3"
"山西发生饥","0","3","3"
"辽束发生饥","0","3","3"
"河南遭受严","0","3","3"
"南遭受严重","0","3","3"
"永平发生饥","0","3","3"
"西遭受饥荒","0","3","3"
"漕侍郎昊桂","0","3","3"
"侍郎昊桂芳","0","3","3"
"皇帝命令赶","0","3","3"
"帝命令赶快","0","3","3"
"给事中汤聘","0","3","3"
"理河漕诸臣","0","3","3"
"清口汇合于","0","3","3"
"口汇合于淮","0","3","3"
"往东流入大","0","3","3"
"东流入大海","0","3","3"
"沙随水冲刷","0","3","3"
"黄河的主张","0","3","3"
"给事中常居","0","3","3"
"桥流入运河","0","3","3"
"给事中张贞","0","3","3"
"文向上陈述","0","3","3"
"在没有汇合","0","3","3"
"有汇合之前","0","3","3"
"汇合之前减","0","3","3"
"合之前减缓","0","3","3"
"之前减缓水","0","3","3"
"前减缓水势","0","3","3"
"则泥沙不停","0","3","3"
"泥沙不停而","0","3","3"
"沙不停而去","0","3","3"
"为首要之事","0","3","3"
"当赶快开通","0","3","3"
"主持这事的","0","3","3"
"持这事的人","0","3","3"
"备文上奏善","0","3","3"
"文上奏善后","0","3","3"
"工程将近竣","0","3","3"
"程将近竣工","0","3","3"
"议论此事的","0","3","3"
"往东南流到","0","3","3"
"减缓其水势","0","3","3"
"狼矢沟决堤","0","3","3"
"成为平坦的","0","3","3"
"为平坦的陆","0","3","3"
"平坦的陆地","0","3","3"
"与黄河相汇","0","3","3"
"南面的叫做","0","3","3"
"立闸门二十","0","3","3"
"与会通河汇","0","3","3"
"会通河汇合","0","3","3"
"开通清江浦","0","3","3"
"漕运船只全","0","3","3"
"派遣官吏修","0","3","3"
"来蓄积湖水","0","3","3"
"命令侍郎李","0","3","3"
"年进行一次","0","3","3"
"进行一次疏","0","3","3"
"行一次疏浚","0","3","3"
"翁大立请求","0","3","3"
"大立请求开","0","3","3"
"立请求开通","0","3","3"
"令依从他的","0","3","3"
"开通洳河来","0","3","3"
"避开黄河的","0","3","3"
"粮船及官船","0","3","3"
"及官船民船","0","3","3"
"往北到达卫","0","3","3"
"请求赶快疏","0","3","3"
"地的粮食由","0","3","3"
"没有哪里比","0","3","3"
"到万历初年","0","3","3"
"便利的地方","0","3","3"
"然后到达大","0","3","3"
"后到达大海","0","3","3"
"导引黄河流","0","3","3"
"引黄河流入","0","3","3"
"水没有地方","0","3","3"
"通洳河的主","0","3","3"
"可以避免了","0","3","3"
"天津流入大","0","3","3"
"津流入大海","0","3","3"
"这是便利之","0","3","3"
"河一起泛滥","0","3","3"
"地全被淹没","0","3","3"
"船只全部经","0","3","3"
"就可以到达","0","3","3"
"沁水流入黄","0","3","3"
"漕运船只从","0","3","3"
"原先的河道","0","3","3"
"没有地方排","0","3","3"
"官吏巡行视","0","3","3"
"吏巡行视察","0","3","3"
"通的占十分","0","3","3"
"为一等相加","0","3","3"
"长城外为民","0","3","3"
"处杖刑一百","0","3","3"
"以三百六十","0","3","3"
"的罪行作证","0","3","3"
"发配长城以","0","3","3"
"配长城以北","0","3","3"
"边防卫所充","0","3","3"
"防卫所充军","0","3","3"
"按条例难以","0","3","3"
"条例难以如","0","3","3"
"例难以如实","0","3","3"
"如实行刑的","0","3","3"
"钞折合银子","0","3","3"
"判杖刑六十","0","3","3"
"部分赎金全","0","3","3"
"分赎金全部","0","3","3"
"赎金全部抵","0","3","3"
"金全部抵销","0","3","3"
"林应训又说","0","3","3"
"送军粮供应","0","3","3"
"灌溉百姓田","0","3","3"
"溉百姓田地","0","3","3"
"造成的灾害","0","3","3"
"水冲决堤岸","0","3","3"
"来排放河水","0","3","3"
"坐营官一名","0","3","3"
"营进行操练","0","3","3"
"大小两个教","0","3","3"
"小两个教场","0","3","3"
"城门的戒备","0","3","3"
"左右两边到","0","3","3"
"安门左右两","0","3","3"
"近处能够射","0","3","3"
"处能够射中","0","3","3"
"以上不合格","0","3","3"
"化十四年规","0","3","3"
"到三级为止","0","3","3"
"共同斩杀的","0","3","3"
"率领一千人","0","3","3"
"领一千人的","0","3","3"
"与北方边境","0","3","3"
"提升实授官","0","3","3"
"升实授官职","0","3","3"
"有火攻装备","0","3","3"
"火攻装备的","0","3","3"
"等苑囿饲养","0","3","3"
"丁养一匹马","0","3","3"
"等马交换茶","0","3","3"
"马交换茶叶","0","3","3"
"用来供给灌","0","3","3"
"来供给灌溉","0","3","3"
"溉田地上万","0","3","3"
"田地上万顷","0","3","3"
"灌溉田地几","0","3","3"
"溉田地几万","0","3","3"
"田地几万顷","0","3","3"
"百二十多里","0","3","3"
"口溃决堤岸","0","3","3"
"的溃决堤岸","0","3","3"
"靠近江边的","0","3","3"
"被有钱有势","0","3","3"
"开通昊淞江","0","3","3"
"请求疏通昊","0","3","3"
"三年一朝贡","2","0","2"
"任议途太畸","2","0","2"
"下所司详议","2","0","2"
"典内阁诰敕","2","0","2"
"必求诸非道","2","0","2"
"陛下尝求诸","2","0","2"
"下诏狱掠治","2","0","2"
"遣中官护行","2","0","2"
"言官伏阙谏","2","0","2"
"陈便宜十事","2","0","2"
"遂治兵相攻","2","0","2"
"下所司议行","2","0","2"
"赐敕乘传归","2","0","2"
"左右近习多","2","0","2"
"陛下高居九","2","0","2"
"下高居九重","2","0","2"
"百官行奉慰","2","0","2"
"官行奉慰礼","2","0","2"
"孙承宗致仕","2","0","2"
"官民服舍器","2","0","2"
"大理卿温纯","1","1","2"
"事中齐世臣","1","1","2"
"御史刘怀恕","1","1","2"
"史刘怀恕等","1","1","2"
"授保定推官","2","0","2"
"官兵东西奔","1","1","2"
"兵东西奔击","1","1","2"
"营兵六千人","1","1","2"
"留守署正朱","1","1","2"
"守署正朱国","1","1","2"
"署正朱国相","1","1","2"
"正朱国相等","1","1","2"
"朱国相等皆","1","1","2"
"国相等皆战","1","1","2"
"相等皆战死","1","1","2"
"剑州知州徐","1","1","2"
"州知州徐尚","1","1","2"
"知州徐尚卿","1","1","2"
"昭化知县王","1","1","2"
"化知县王时","1","1","2"
"郫县主簿张","1","1","2"
"县主簿张应","1","1","2"
"主簿张应奇","1","1","2"
"典史潘梦科","1","1","2"
"总兵虎大威","1","1","2"
"兵虎大威中","1","1","2"
"虎大威中炮","1","1","2"
"号奉天倡义","1","1","2"
"奉天倡义大","1","1","2"
"天倡义大元","1","1","2"
"倡义大元帅","1","1","2"
"代天抚民威","1","1","2"
"天抚民威德","1","1","2"
"抚民威德大","1","1","2"
"民威德大将","1","1","2"
"威德大将军","1","1","2"
"五营二十二","1","1","2"
"营二十二将","1","1","2"
"石首喻上猷","1","1","2"
"江陵萧应坤","1","1","2"
"招远杨永裕","1","1","2"
"米脂李振声","1","1","2"
"江陵邓岩忠","1","1","2"
"西安姚锡胤","1","1","2"
"兵政府侍郎","1","1","2"
"冯雄守襄阳","1","1","2"
"任继光守荆","1","1","2"
"继光守荆州","1","1","2"
"牛万才守夷","1","1","2"
"万才守夷陵","1","1","2"
"王文曜守澧","1","1","2"
"文曜守澧州","1","1","2"
"白旺守安陆","1","1","2"
"萧云林守荆","1","1","2"
"云林守荆门","1","1","2"
"谢应龙守汉","1","1","2"
"应龙守汉川","1","1","2"
"总兵王世国","1","1","2"
"六政府尚书","1","1","2"
"书写房等官","1","1","2"
"乾州宋企郊","1","1","2"
"归安张嶙然","1","1","2"
"伪丞相牛金","1","1","2"
"丞相牛金星","1","1","2"
"尚书宋企郊","1","1","2"
"侍郎黎志升","1","1","2"
"获伪汝侯刘","1","1","2"
"伪汝侯刘宗","1","1","2"
"汝侯刘宗敏","1","1","2"
"伪总兵左光","1","1","2"
"伪军师宋献","1","1","2"
"军师宋献策","1","1","2"
"米脂十八寨","1","1","2"
"兵秦翼明兵","1","1","2"
"江都御史黄","1","1","2"
"都御史黄道","1","1","2"
"御史黄道直","1","1","2"
"官杨御蕃分","1","1","2"
"杨御蕃分汛","1","1","2"
"安池道副使","1","1","2"
"池道副使史","1","1","2"
"府郑履祥死","1","1","2"
"遂东犯江西","1","1","2"
"设六部五军","1","1","2"
"六部五军都","1","1","2"
"部五军都督","1","1","2"
"军都督府等","1","1","2"
"都督府等官","1","1","2"
"胁川中士大","1","1","2"
"川中士大夫","1","1","2"
"叙州布政使","1","1","2"
"州布政使尹","1","1","2"
"布政使尹伸","1","1","2"
"事中吴宇英","1","1","2"
"太监张宏名","1","1","2"
"监张宏名下","1","1","2"
"金二三百万","1","1","2"
"杖死县丞郑","1","1","2"
"死县丞郑思","1","1","2"
"县丞郑思颜","1","1","2"
"指挥刘应聘","1","1","2"
"武弁蒋应阳","1","1","2"
"史徐复阳请","1","1","2"
"毁讲学书院","1","1","2"
"浙江巡抚潘","1","1","2"
"江巡抚潘汝","1","1","2"
"巡抚潘汝桢","1","1","2"
"抚潘汝桢奏","1","1","2"
"潘汝桢奏请","1","1","2"
"撒土知府阿","1","1","2"
"土知府阿能","1","1","2"
"正统七年裁","1","1","2"
"撒军民府通","1","1","2"
"军民府通判","1","1","2"
"威龙土知州","1","1","2"
"龙土知州普","1","1","2"
"土知州普习","1","1","2"
"凡三十余国","1","1","2"
"选入内书堂","1","1","2"
"监刘永诚分","1","1","2"
"刘永诚分道","1","1","2"
"干助敌反攻","1","1","2"
"兵部侍郎戴","1","1","2"
"部侍郎戴纶","1","1","2"
"广善普慧弘","1","1","2"
"善普慧弘度","1","1","2"
"普慧弘度妙","1","1","2"
"慧弘度妙应","1","1","2"
"弘度妙应掌","1","1","2"
"度妙应掌教","1","1","2"
"妙应掌教翊","1","1","2"
"应掌教翊国","1","1","2"
"掌教翊国正","1","1","2"
"教翊国正觉","1","1","2"
"翊国正觉大","1","1","2"
"国正觉大济","1","1","2"
"正觉大济法","1","1","2"
"觉大济法王","1","1","2"
"大济法王西","1","1","2"
"济法王西天","1","1","2"
"法王西天圆","1","1","2"
"王西天圆智","1","1","2"
"西天圆智大","1","1","2"
"天圆智大慈","1","1","2"
"圆智大慈悲","1","1","2"
"智大慈悲佛","1","1","2"
"封西天佛子","1","1","2"
"八年命许泰","1","1","2"
"五年三月赐","1","1","2"
"进士恩荣宴","1","1","2"
"时都御史胡","1","1","2"
"上皇考道号","1","1","2"
"号三天金阙","2","0","2"
"三天金阙上","2","0","2"
"天金阙上玉","2","0","2"
"金阙上玉堂","2","0","2"
"德哲慧圣尊","1","1","2"
"哲慧圣尊开","1","1","2"
"慧圣尊开真","1","1","2"
"圣尊开真仁","1","1","2"
"尊开真仁化","1","1","2"
"开真仁化大","1","1","2"
"真仁化大帝","1","1","2"
"上玉堂总仙","1","1","2"
"玉堂总仙法","1","1","2"
"堂总仙法主","1","1","2"
"总仙法主玄","1","1","2"
"德哲慧圣母","1","1","2"
"哲慧圣母天","1","1","2"
"慧圣母天后","1","1","2"
"圣母天后掌","1","1","2"
"母天后掌仙","1","1","2"
"天后掌仙妙","1","1","2"
"后掌仙妙化","1","1","2"
"掌仙妙化元","1","1","2"
"仙妙化元君","1","1","2"
"号灵霄上清","1","1","2"
"灵霄上清统","1","1","2"
"霄上清统雷","1","1","2"
"上清统雷元","1","1","2"
"清统雷元阳","1","1","2"
"统雷元阳妙","1","1","2"
"雷元阳妙一","1","1","2"
"元阳妙一飞","1","1","2"
"阳妙一飞玄","1","1","2"
"加号九天弘","1","1","2"
"号九天弘教","1","1","2"
"九天弘教普","1","1","2"
"天弘教普济","1","1","2"
"弘教普济生","1","1","2"
"教普济生灵","1","1","2"
"普济生灵掌","1","1","2"
"济生灵掌阴","1","1","2"
"生灵掌阴阳","1","1","2"
"灵掌阴阳功","1","1","2"
"掌阴阳功过","1","1","2"
"阴阳功过大","1","1","2"
"阳功过大道","1","1","2"
"功过大道思","1","1","2"
"过大道思仁","1","1","2"
"大道思仁紫","1","1","2"
"道思仁紫极","1","1","2"
"思仁紫极仙","1","1","2"
"仁紫极仙翁","1","1","2"
"紫极仙翁一","1","1","2"
"极仙翁一阳","1","1","2"
"仙翁一阳真","1","1","2"
"翁一阳真人","1","1","2"
"一阳真人元","1","1","2"
"阳真人元虚","1","1","2"
"真人元虚玄","1","1","2"
"人元虚玄应","1","1","2"
"元虚玄应开","1","1","2"
"虚玄应开化","1","1","2"
"玄应开化伏","1","1","2"
"应开化伏魔","1","1","2"
"罗天仙紫极","1","1","2"
"天仙紫极长","1","1","2"
"仙紫极长生","1","1","2"
"紫极长生圣","1","1","2"
"极长生圣智","1","1","2"
"长生圣智昭","1","1","2"
"生圣智昭灵","1","1","2"
"圣智昭灵统","1","1","2"
"智昭灵统元","1","1","2"
"昭灵统元证","1","1","2"
"灵统元证应","1","1","2"
"统元证应玉","1","1","2"
"元证应玉虚","1","1","2"
"证应玉虚总","1","1","2"
"应玉虚总掌","1","1","2"
"玉虚总掌五","1","1","2"
"虚总掌五雷","1","1","2"
"总掌五雷大","1","1","2"
"掌五雷大真","1","1","2"
"五雷大真人","1","1","2"
"雷大真人玄","1","1","2"
"大真人玄都","1","1","2"
"真人玄都境","1","1","2"
"人玄都境万","1","1","2"
"玄都境万寿","1","1","2"
"都境万寿帝","1","1","2"
"境万寿帝君","1","1","2"
"武十四年改","1","1","2"
"十四年改置","1","1","2"
"四年改置施","1","1","2"
"年改置施州","1","1","2"
"改置施州卫","1","1","2"
"属湖广都司","1","1","2"
"置施南宣抚","1","1","2"
"施南宣抚司","1","1","2"
"宣德二年设","1","1","2"
"剑南长官司","1","1","2"
"二蛮夷官司","2","0","2"
"石关峒长官","1","1","2"
"关峒长官司","1","1","2"
"中书省参知","1","1","2"
"书省参知政","1","1","2"
"事中孙三杰","1","1","2"
"掌道御史祁","1","1","2"
"道御史祁彪","1","1","2"
"御史祁彪佳","1","1","2"
"昌时挟势弄","1","1","2"
"时挟势弄权","1","1","2"
"前山东按察","1","1","2"
"东按察使佥","1","1","2"
"察使佥事雷","1","1","2"
"佥事雷縯祚","2","0","2"
"部员外郎周","1","1","2"
"员外郎周镳","1","1","2"
"大理寺正许","1","1","2"
"理寺正许志","1","1","2"
"寺正许志吉","1","1","2"
"天府通判孙","1","1","2"
"国子监生陆","1","1","2"
"子监生陆万","1","1","2"
"大学士顾秉","1","1","2"
"学士顾秉谦","1","1","2"
"南京尚书范","1","1","2"
"京尚书范济","1","1","2"
"尚书范济世","1","1","2"
"总督尚书黄","1","1","2"
"督尚书黄运","1","1","2"
"尚书黄运泰","1","1","2"
"巡抚尚书李","1","1","2"
"抚尚书李精","1","1","2"
"书李精白等","1","1","2"
"李精白等一","1","1","2"
"精白等一百","1","1","2"
"白等一百二","1","1","2"
"百二十九人","1","1","2"
"继春误听风","1","1","2"
"春误听风闻","1","1","2"
"史巡抚山西","1","1","2"
"召太仆少卿","2","0","2"
"兵部郎中钱","1","1","2"
"部郎中钱策","1","1","2"
"南京事中刘","2","0","2"
"事中刘时俊","1","1","2"
"南京御史张","1","1","2"
"京御史张邦","1","1","2"
"工部郎中聂","1","1","2"
"部郎中聂心","1","1","2"
"郎中聂心汤","1","1","2"
"陕西副总兵","1","1","2"
"提督南京教","1","1","2"
"督南京教场","1","1","2"
"天启元年冬","1","1","2"
"御史李宗延","1","1","2"
"南京事中伍","2","0","2"
"事中伍文焕","1","1","2"
"李文熙等十","1","1","2"
"文熙等十九","1","1","2"
"熙等十九人","1","1","2"
"令吏部列上","1","1","2"
"土蛮黄台吉","1","1","2"
"令部将李平","1","1","2"
"部将李平胡","1","1","2"
"塞三百五十","1","1","2"
"三百五十里","1","1","2"
"斩首一百八","1","1","2"
"游击阎逢时","1","1","2"
"击阎逢时等","1","1","2"
"参将孙朝梁","1","1","2"
"将孙朝梁等","1","1","2"
"清正退保岛","1","1","2"
"正退保岛山","1","1","2"
"授内乡知县","1","1","2"
"知州王应翼","1","1","2"
"都司张守正","1","1","2"
"乡官魏完真","1","1","2"
"师杨嗣昌遣","1","1","2"
"杨嗣昌遣监","1","1","2"
"嗣昌遣监军","1","1","2"
"昌遣监军佥","1","1","2"
"遣监军佥事","1","1","2"
"监军佥事杨","1","1","2"
"军佥事杨卓","1","1","2"
"佥事杨卓然","1","1","2"
"经历郑元绶","1","1","2"
"合肥知县潘","1","1","2"
"肥知县潘登","1","1","2"
"知县潘登贵","1","1","2"
"参政程楷分","1","1","2"
"政程楷分门","1","1","2"
"太始天元玉","1","1","2"
"始天元玉册","1","1","2"
"李东垣诸家","1","1","2"
"灵枢经脉笺","1","1","2"
"五色诊奇眩","1","1","2"
"神机营左副","1","1","2"
"机营左副将","1","1","2"
"诸臣所拥戴","1","1","2"
"臣所拥戴者","1","1","2"
"苏松兵备参","1","1","2"
"松兵备参政","1","1","2"
"臣洪承畴孤","1","1","2"
"洪承畴孤军","1","1","2"
"承畴孤军远","1","1","2"
"若骐任意指","1","1","2"
"骐任意指挥","1","1","2"
"永昌府通判","1","1","2"
"称天下兵马","1","1","2"
"大清兵南征","2","0","2"
"化龙相继死","1","1","2"
"令赤心等攻","1","1","2"
"尚书吴贞毓","1","1","2"
"部员外郎宋","1","1","2"
"员外郎宋企","1","1","2"
"外郎宋企郊","1","1","2"
"阳知府张嶙","1","1","2"
"知府张嶙然","1","1","2"
"山西提学参","1","1","2"
"西提学参议","1","1","2"
"提学参议黎","1","1","2"
"学参议黎志","1","1","2"
"参议黎志升","1","1","2"
"左布政使陆","1","1","2"
"布政使陆祺","2","0","2"
"事中高翔汉","1","1","2"
"潼关道佥事","1","1","2"
"关道佥事杨","1","1","2"
"道佥事杨王","1","1","2"
"佥事杨王休","1","1","2"
"林院检讨刘","1","1","2"
"院检讨刘世","1","1","2"
"检讨刘世芳","1","1","2"
"部主事王孙","1","1","2"
"主事王孙蕙","1","1","2"
"林院检讨梁","1","1","2"
"院检讨梁兆","1","1","2"
"检讨梁兆阳","1","1","2"
"大理寺正钱","1","1","2"
"理寺正钱位","1","1","2"
"寺正钱位坤","1","1","2"
"总督侍郎侯","1","1","2"
"督侍郎侯恂","1","1","2"
"山西副使王","1","1","2"
"西副使王秉","1","1","2"
"副使王秉鉴","1","1","2"
"御史陈羽白","1","1","2"
"礼部郎中刘","1","1","2"
"部郎中刘大","1","1","2"
"郎中刘大巩","1","1","2"
"部员外郎郭","1","1","2"
"员外郎郭万","1","1","2"
"外郎郭万象","1","1","2"
"事中申芝芳","1","1","2"
"政司参议宋","1","1","2"
"司参议宋学","1","1","2"
"参议宋学显","1","1","2"
"谕德方拱乾","1","1","2"
"工部主事缪","1","1","2"
"部主事缪沅","1","1","2"
"事中吕兆龙","1","1","2"
"进士吴刚思","1","1","2"
"庶吉士张家","1","1","2"
"吉士张家玉","1","1","2"
"授确山知县","1","1","2"
"扬州知府任","1","1","2"
"州知府任民","1","1","2"
"江都知县周","1","1","2"
"都知县周志","1","1","2"
"知县周志畏","1","1","2"
"知县吴道正","1","1","2"
"江都县丞王","1","1","2"
"都县丞王志","1","1","2"
"县丞王志端","1","1","2"
"赏功副将汪","1","1","2"
"功副将汪思","1","1","2"
"副将汪思诚","1","1","2"
"幕客卢渭等","1","1","2"
"武陵侯杨国","1","1","2"
"陵侯杨国栋","1","1","2"
"宁武伯马养","1","1","2"
"武伯马养麟","1","1","2"
"通判王明汲","1","1","2"
"事中万发祥","1","1","2"
"部主事龚棻","2","0","2"
"户部主事林","1","1","2"
"部主事林琦","1","1","2"
"兵部主事王","1","1","2"
"中书舍人袁","1","1","2"
"推官署府事","1","1","2"
"官署府事吴","1","1","2"
"署府事吴国","1","1","2"
"府事吴国球","1","1","2"
"监纪通判郭","1","1","2"
"纪通判郭宁","1","1","2"
"通判郭宁登","1","1","2"
"临江推官胡","1","1","2"
"江推官胡缜","1","1","2"
"赣县知县林","1","1","2"
"县知县林逢","1","1","2"
"知县林逢春","1","1","2"
"孔德围莱州","2","0","2"
"昌平总兵陈","1","1","2"
"平总兵陈洪","1","1","2"
"流贼陷凤阳","2","0","2"
"总督杨一鹏","1","1","2"
"知县金应元","1","1","2"
"训导扈永宁","1","1","2"
"召司经局洗","2","0","2"
"命翰林院学","1","1","2"
"恤光禄少卿","1","1","2"
"禄少卿马谦","2","0","2"
"劾英国公张","1","1","2"
"江总兵官董","1","1","2"
"兵官董一奎","1","1","2"
"都督李隆等","1","1","2"
"督李隆等九","1","1","2"
"李隆等九人","1","1","2"
"南海知县征","1","1","2"
"南京刑科事","2","0","2"
"京刑科事中","2","0","2"
"二十五年乡","2","0","2"
"历刑部员外","2","0","2"
"改蓟辽总督","2","0","2"
"历左布政使","2","0","2"
"巡抚右副都","1","1","2"
"抚右副都御","1","1","2"
"廷机辅政时","1","1","2"
"抚乔璧星锐","1","1","2"
"镇雄安尧臣","1","1","2"
"左谕德少詹","1","1","2"
"谕德少詹事","1","1","2"
"二年右佥都","2","0","2"
"李世达齐名","1","1","2"
"寿光知县征","1","1","2"
"累加少傅太","2","0","2"
"谕德姚明恭","1","1","2"
"德姚明恭主","1","1","2"
"主顺天乡试","2","0","2"
"加赠文升左","1","1","2"
"赠文升左柱","1","1","2"
"文升左柱国","1","1","2"
"天下何时太","1","1","2"
"下何时太平","1","1","2"
"南京吏部缺","1","1","2"
"京吏部缺尚","1","1","2"
"年召兵部右","2","0","2"
"陛下宜称孝","2","0","2"
"下宜称孝宗","2","0","2"
"王皇叔父兴","2","0","2"
"妃皇叔母兴","2","0","2"
"叔母兴献王","1","1","2"
"母兴献王妃","1","1","2"
"李善长太子","2","0","2"
"善长太子少","2","0","2"
"长太子少师","2","0","2"
"右丞相徐达","1","1","2"
"徐达太子少","2","0","2"
"中书平章录","1","1","2"
"书平章录军","1","1","2"
"平章录军国","1","1","2"
"章录军国重","1","1","2"
"录军国重事","1","1","2"
"军国重事常","1","1","2"
"国重事常遇","1","1","2"
"重事常遇春","1","1","2"
"常遇春太子","2","0","2"
"右都督冯宗","1","1","2"
"都督冯宗异","1","1","2"
"平章政事胡","1","1","2"
"章政事胡廷","1","1","2"
"中书参政杨","1","1","2"
"书参政杨宪","1","1","2"
"知大都督康","1","1","2"
"大都督康茂","1","1","2"
"都督康茂才","1","1","2"
"左右率府使","1","1","2"
"督府副使顾","1","1","2"
"府副使顾时","1","1","2"
"孙兴祖同知","1","1","2"
"兴祖同知左","1","1","2"
"祖同知左右","1","1","2"
"同知左右率","1","1","2"
"知左右率府","1","1","2"
"左右率府事","1","1","2"
"都督府事吴","1","1","2"
"督府事吴桢","1","1","2"
"左右率府副","1","1","2"
"御史大夫邓","1","1","2"
"史大夫邓愈","1","1","2"
"范显祖太子","2","0","2"
"显祖太子宾","2","0","2"
"祖太子宾客","2","0","2"
"睿宗兴献皇","1","1","2"
"宗兴献皇帝","1","1","2"
"宪宗第四子","1","1","2"
"嘉兴五府兵","1","1","2"
"兴五府兵勤","1","1","2"
"五府兵勤王","1","1","2"
"建文元年六","1","1","2"
"文元年六月","1","1","2"
"燕府护卫百","1","1","2"
"府护卫百户","1","1","2"
"户倪谅上变","2","0","2"
"僧录司左善","1","1","2"
"录司左善世","1","1","2"
"解缙等纂修","1","1","2"
"推诚辅国协","1","1","2"
"诚辅国协谋","1","1","2"
"辅国协谋宣","1","1","2"
"国协谋宣力","1","1","2"
"协谋宣力文","1","1","2"
"谋宣力文臣","1","1","2"
"房山县东北","1","1","2"
"建文四年六","1","1","2"
"文四年六月","1","1","2"
"福佩征虏大","1","1","2"
"佩征虏大将","1","1","2"
"蔚州卫指挥","1","1","2"
"建文四年正","1","1","2"
"文四年正月","1","1","2"
"山右护卫百","1","1","2"
"右护卫百户","1","1","2"
"元末扬州万","1","1","2"
"末扬州万户","1","1","2"
"同工部尚书","1","1","2"
"工部尚书严","1","1","2"
"部尚书严震","1","1","2"
"书严震直等","1","1","2"
"同新昌伯唐","1","1","2"
"新昌伯唐云","1","1","2"
"昌伯唐云经","1","1","2"
"伯唐云经理","1","1","2"
"唐云经理北","1","1","2"
"云经理北平","1","1","2"
"曹县献驺虞","2","0","2"
"乐二年册立","1","1","2"
"二年册立皇","1","1","2"
"山东野蚕成","1","1","2"
"东野蚕成茧","1","1","2"
"改工部尚书","2","0","2"
"追封茌平伯","1","1","2"
"左右副总兵","1","1","2"
"尚书参赞军","1","1","2"
"书参赞军务","1","1","2"
"燕兵乘风大","1","1","2"
"时南军六十","1","1","2"
"南军六十万","1","1","2"
"迤北降人南","1","1","2"
"北降人南征","1","1","2"
"永昌苑牧马","1","1","2"
"重庆妖贼王","1","1","2"
"庆妖贼王元","1","1","2"
"妖贼王元保","1","1","2"
"螺蛳等十余","1","1","2"
"蛳等十余寨","1","1","2"
"世子皇太子","2","0","2"
"东宫辅导官","1","1","2"
"兵部尚书詹","2","0","2"
"行人司右司","1","1","2"
"人司右司副","1","1","2"
"建文二年进","2","0","2"
"文二年进士","2","0","2"
"世袭都指挥","1","1","2"
"袭都指挥使","1","1","2"
"荣历事四朝","1","1","2"
"荐侍讲王进","1","1","2"
"荐学录杨敬","1","1","2"
"宁国长公主","1","1","2"
"中都副留守","1","1","2"
"授鄢陵知县","1","1","2"
"授南阳知县","2","0","2"
"年进兵部右","2","0","2"
"时大礼未定","1","1","2"
"十八年擢右","2","0","2"
"累迁南京光","1","1","2"
"山东副使牛","1","1","2"
"东副使牛鸾","1","1","2"
"嘉靖六年春","1","1","2"
"春右佥都御","2","0","2"
"镇守中官遣","1","1","2"
"守中官遣军","1","1","2"
"中官遣军匠","1","1","2"
"尚书赵璜廉","1","1","2"
"书赵璜廉介","1","1","2"
"右侍郎黄宗","1","1","2"
"侍郎黄宗时","1","1","2"
"右侍郎朱廷","1","1","2"
"侍郎朱廷声","1","1","2"
"郎朱廷声笃","1","1","2"
"朱廷声笃实","1","1","2"
"改南京国子","2","0","2"
"嵩父子大喜","1","1","2"
"总兵何卿共","1","1","2"
"深沟诸砦番","1","1","2"
"纨清强峭直","1","1","2"
"十二年南京","2","0","2"
"经征两广狼","1","1","2"
"征两广狼土","1","1","2"
"两广狼土兵","1","1","2"
"广狼土兵听","1","1","2"
"遂督苏州军","1","1","2"
"督苏州军饷","1","1","2"
"月粮米一石","1","1","2"
"西安后卫人","1","1","2"
"王琼筑边墙","1","1","2"
"父荫累官大","1","1","2"
"荫累官大同","1","1","2"
"累官大同参","1","1","2"
"官大同参将","1","1","2"
"川白草番乱","2","0","2"
"副总兵高冈","1","1","2"
"总兵高冈凤","1","1","2"
"土官令严足","1","1","2"
"总兵官十七","1","1","2"
"兵官十七年","1","1","2"
"游击芮宁败","1","1","2"
"击芮宁败死","1","1","2"
"二十年八月","1","1","2"
"入山西内地","1","1","2"
"嘉靖八年成","1","1","2"
"授长乐知县","2","0","2"
"原官总督陕","1","1","2"
"官总督陕西","1","1","2"
"诸巡抚延绥","1","1","2"
"巡抚延绥张","1","1","2"
"抚延绥张问","1","1","2"
"延绥张问行","1","1","2"
"宁夏王邦瑞","1","1","2"
"巡按御史盛","1","1","2"
"按御史盛唐","1","1","2"
"累官山西左","1","1","2"
"官山西左布","1","1","2"
"二十八年十","1","1","2"
"十八年十月","1","1","2"
"兵部尚书督","2","0","2"
"山西游击罗","1","1","2"
"西游击罗恭","1","1","2"
"游击罗恭等","1","1","2"
"督紫荆诸关","1","1","2"
"东厂太监宋","1","1","2"
"厂太监宋兴","1","1","2"
"筑京师外郭","1","1","2"
"筑张家湾大","1","1","2"
"张家湾大小","1","1","2"
"家湾大小二","1","1","2"
"湾大小二堡","1","1","2"
"置沿河敌台","1","1","2"
"兵蒋承勋战","1","1","2"
"蒋承勋战死","1","1","2"
"事中胡汝霖","1","1","2"
"大车数十乘","1","1","2"
"三十二年元","1","1","2"
"十二年元旦","1","1","2"
"工部侍郎严","1","1","2"
"部侍郎严世","1","1","2"
"侍郎严世蕃","1","1","2"
"临安土官普","1","1","2"
"安土官普崇","1","1","2"
"土官普崇明","1","1","2"
"崇新兄弟构","1","1","2"
"新兄弟构争","1","1","2"
"龙文卜筑深","1","1","2"
"文卜筑深山","1","1","2"
"龙文诽谤时","1","1","2"
"文诽谤时政","1","1","2"
"迁浙江海道","1","1","2"
"浙江海道副","1","1","2"
"江海道副使","1","1","2"
"十二年成进","2","0","2"
"兵科左事中","2","0","2"
"使宫府一体","1","1","2"
"淮母子相食","1","1","2"
"兵分屯要害","1","1","2"
"分屯要害地","1","1","2"
"按江南诸府","1","1","2"
"南京御史姚","1","1","2"
"京御史姚鸣","1","1","2"
"部郎中刘仕","1","1","2"
"书颜颐寿等","1","1","2"
"改拟妖言律","1","1","2"
"拟妖言律斩","1","1","2"
"五花宫两暖","1","1","2"
"花宫两暖阁","1","1","2"
"望陛下六疑","1","1","2"
"陛下六疑尽","1","1","2"
"下六疑尽释","1","1","2"
"事中解一贯","1","1","2"
"史郑本公等","1","1","2"
"郑本公等连","2","0","2"
"本公等连章","2","0","2"
"嘉靖五年成","1","1","2"
"同傅友德镇","1","1","2"
"傅友德镇北","2","0","2"
"友德镇北平","2","0","2"
"赐黄金二百","1","1","2"
"授大都督府","2","0","2"
"蓝玉征云南","2","0","2"
"分道取临安","2","0","2"
"取临安诸路","1","1","2"
"思曩日诸族","1","1","2"
"十四年傅友","2","0","2"
"四年傅友德","2","0","2"
"管军副千户","1","1","2"
"将作官吏视","1","1","2"
"作官吏视成","1","1","2"
"官吏视成画","1","1","2"
"乘胜深入太","1","1","2"
"胜深入太湖","1","1","2"
"若楚国公臣","1","1","2"
"楚国公臣永","1","1","2"
"国公臣永安","1","1","2"
"公臣永安等","1","1","2"
"非陷坚没阵","1","1","2"
"臣谨按谥法","1","1","2"
"谥臣永安武","1","1","2"
"臣永安武闵","1","1","2"
"加赠开国辅","1","1","2"
"赠开国辅运","1","1","2"
"授秦淮翼元","2","0","2"
"授总管府先","2","0","2"
"待诸王子孙","1","1","2"
"主垂范百世","1","1","2"
"犹见留开封","1","1","2"
"见留开封祗","1","1","2"
"留开封祗候","1","1","2"
"使风宪知所","1","1","2"
"朝廷知所尚","1","1","2"
"广按察使佥","1","1","2"
"陛下膺天眷","1","1","2"
"下膺天眷命","1","1","2"
"兵二部主事","1","1","2"
"岷五王相继","1","1","2"
"知府姚善倡","1","1","2"
"府姚善倡义","1","1","2"
"姚善倡义勤","1","1","2"
"善倡义勤王","1","1","2"
"大都督府都","1","1","2"
"督府都督佥","1","1","2"
"金华卫指挥","1","1","2"
"华卫指挥同","1","1","2"
"淮海翼元帅","1","1","2"
"海翼元帅府","1","1","2"
"江南分枢密","1","1","2"
"南分枢密院","1","1","2"
"海侯吴祯巡","1","1","2"
"帐前左翼元","1","1","2"
"前左翼元帅","1","1","2"
"徐达克高邮","2","0","2"
"捕斩倭寇千","1","1","2"
"斩倭寇千余","1","1","2"
"倭寇千余人","1","1","2"
"河州卫指挥","1","1","2"
"召右御史大","2","0","2"
"立文天祥祠","1","1","2"
"见辄燕语移","1","1","2"
"辄燕语移时","1","1","2"
"凡庶司黜陟","1","1","2"
"一时郡邑良","1","1","2"
"时郡邑良吏","1","1","2"
"郡邑良吏雷","1","1","2"
"邑良吏雷州","1","1","2"
"良吏雷州同","1","1","2"
"吏雷州同知","1","1","2"
"雷州同知余","1","1","2"
"州同知余骐","1","1","2"
"同知余骐孙","1","1","2"
"惠州知府万","1","1","2"
"州知府万迪","1","1","2"
"乳源知县张","1","1","2"
"源知县张安","1","1","2"
"知县张安仁","1","1","2"
"清流知县李","1","1","2"
"流知县李铎","1","1","2"
"揭阳县丞许","1","1","2"
"阳县丞许德","1","1","2"
"廉州知府脱","1","1","2"
"归善知县木","1","1","2"
"善知县木寅","1","1","2"
"中书省管勾","1","1","2"
"元南榜进士","1","1","2"
"南榜进士第","1","1","2"
"榜进士第一","1","1","2"
"儒臣议定乘","1","1","2"
"臣议定乘舆","1","1","2"
"下冠服诸式","1","1","2"
"太祖下武昌","2","0","2"
"召国子博士","2","0","2"
"居注魏观等","1","1","2"
"元末举乡荐","1","1","2"
"郊庙祭祀外","1","1","2"
"殿上坐墩诸","1","1","2"
"上坐墩诸仪","1","1","2"
"生员王邦直","1","1","2"
"员王邦直等","1","1","2"
"俺答数犯山","2","0","2"
"答数犯山西","2","0","2"
"赐红狮子衣","1","1","2"
"宾兔台吉等","1","1","2"
"兔台吉等十","1","1","2"
"台吉等十人","1","1","2"
"授指挥同知","2","0","2"
"台吉等十九","1","1","2"
"吉等十九人","1","1","2"
"汉台吉等十","1","1","2"
"台吉等十八","1","1","2"
"吉等十八人","1","1","2"
"恰台吉等二","1","1","2"
"台吉等二人","1","1","2"
"督武清伯石","1","1","2"
"都督孙镗等","1","1","2"
"养罕王称雄","1","1","2"
"元谋土知州","1","1","2"
"谋土知州吾","1","1","2"
"土知州吾必","1","1","2"
"知州吾必奎","1","1","2"
"州吾必奎叛","1","1","2"
"南左将军蓝","1","1","2"
"左将军蓝玉","1","1","2"
"右将军沐英","1","1","2"
"将军沐英率","1","1","2"
"十七年土官","2","0","2"
"府正千夫长","1","1","2"
"置云南洱海","1","1","2"
"云南洱海卫","1","1","2"
"南洱海卫指","1","1","2"
"海卫指挥使","1","1","2"
"征南将军下","2","0","2"
"南将军下云","2","0","2"
"将军下云南","2","0","2"
"宣德侯金朝","1","1","2"
"德侯金朝兴","1","1","2"
"侯金朝兴分","1","1","2"
"金朝兴分道","1","1","2"
"靖宣慰司征","1","1","2"
"宣慰司征行","1","1","2"
"慰司征行元","1","1","2"
"司征行元帅","1","1","2"
"征行元帅张","1","1","2"
"行元帅张麟","1","1","2"
"行省平章刘","1","1","2"
"省平章刘辉","1","1","2"
"平章刘辉等","1","1","2"
"罗雄州营长","1","1","2"
"雄州营长发","1","1","2"
"州营长发束","1","1","2"
"营长发束等","1","1","2"
"招讨诸使陈","1","1","2"
"讨诸使陈敏","1","1","2"
"邦彦分兵四","1","1","2"
"彦分兵四应","1","1","2"
"神宗第三子","1","1","2"
"部尚书史法","2","0","2"
"法督师江北","1","1","2"
"广西巡抚瞿","1","1","2"
"西巡抚瞿式","1","1","2"
"巡按王化澄","1","1","2"
"旧臣吕大器","1","1","2"
"臣吕大器等","1","1","2"
"吕大器等共","1","1","2"
"大器等共推","1","1","2"
"时闽旧臣苏","1","1","2"
"闽旧臣苏观","1","1","2"
"旧臣苏观生","1","1","2"
"臣苏观生撤","1","1","2"
"苏观生撤兵","1","1","2"
"观生撤兵奔","1","1","2"
"总兵官林察","1","1","2"
"兵官林察等","1","1","2"
"官林察等谋","1","1","2"
"林察等谋立","1","1","2"
"望陛下采纳","1","1","2"
"进礼部左侍","2","0","2"
"知府临江戴","1","1","2"
"府临江戴德","1","1","2"
"临江戴德孺","1","1","2"
"都指挥余恩","1","1","2"
"通判瑞州胡","1","1","2"
"判瑞州胡尧","1","1","2"
"瑞州胡尧元","1","1","2"
"知县新淦李","1","1","2"
"县新淦李美","1","1","2"
"太祖第二十","1","1","2"
"祖第二十三","1","1","2"
"第二十三子","1","1","2"
"二十四年封","2","0","2"
"李成陷南阳","2","0","2"
"侍郎杨廷麟","1","1","2"
"祭酒刘同升","1","1","2"
"尚书曹学佺","1","1","2"
"通政使马思","1","1","2"
"政使马思礼","1","1","2"
"使马思礼等","1","1","2"
"成祖第二子","1","1","2"
"洪一意坚守","1","1","2"
"纳私人重贿","1","1","2"
"郎中陈汝言","1","1","2"
"员外郎刘本","1","1","2"
"外郎刘本道","1","1","2"
"中都留守左","1","1","2"
"都留守左卫","1","1","2"
"留守左卫指","1","1","2"
"守左卫指挥","1","1","2"
"川都指挥佥","1","1","2"
"指挥佥事临","1","1","2"
"挥佥事临淮","1","1","2"
"佥事临淮刘","1","1","2"
"事临淮刘雄","1","1","2"
"贼沿途溃散","1","1","2"
"历官都指挥","2","0","2"
"官都指挥佥","2","0","2"
"延绥副总兵","1","1","2"
"都指挥满都","1","1","2"
"指挥满都等","1","1","2"
"挥满都等击","1","1","2"
"满都等击平","1","1","2"
"庐州卫百户","1","1","2"
"州卫百户积","1","1","2"
"卫百户积功","1","1","2"
"袭定辽右卫","1","1","2"
"定辽右卫指","1","1","2"
"辽右卫指挥","1","1","2"
"绥德卫总旗","1","1","2"
"甘肃四镇军","1","1","2"
"肃四镇军务","1","1","2"
"推行均徭法","1","1","2"
"上林苑增设","1","1","2"
"成化二年三","1","1","2"
"化二年三月","1","1","2"
"通政司右参","1","1","2"
"政司右参议","1","1","2"
"寿皇太后上","1","1","2"
"福建福州府","1","1","2"
"府偏东一度","2","0","2"
"山东济南府","1","1","2"
"东济南府偏","1","1","2"
"一度十五分","1","1","2"
"西太原府偏","1","1","2"
"太原府偏西","1","1","2"
"原府偏西六","1","1","2"
"府偏西六度","1","1","2"
"南开封府偏","1","1","2"
"开封府偏西","1","1","2"
"封府偏西三","1","1","2"
"府偏西三度","1","1","2"
"偏西三度四","1","1","2"
"西三度四十","1","1","2"
"三度四十五","1","1","2"
"广西桂林府","1","1","2"
"西桂林府偏","1","1","2"
"桂林府偏西","1","1","2"
"林府偏西八","1","1","2"
"府偏西八度","1","1","2"
"偏西八度半","1","1","2"
"浙江杭州府","1","1","2"
"江杭州府偏","1","1","2"
"江西南昌府","1","1","2"
"西南昌府偏","1","1","2"
"南昌府偏西","1","1","2"
"昌府偏西二","1","1","2"
"府偏西二度","1","1","2"
"偏西二度半","1","1","2"
"广东广州府","1","1","2"
"东广州府偏","1","1","2"
"广州府偏西","1","1","2"
"州府偏西五","1","1","2"
"府偏西五度","1","1","2"
"四川成都府","1","1","2"
"川成都府偏","1","1","2"
"贵州贵阳府","1","1","2"
"州贵阳府偏","1","1","2"
"贵阳府偏西","1","1","2"
"阳府偏西九","1","1","2"
"府偏西九度","1","1","2"
"偏西九度半","1","1","2"
"云南云南府","1","1","2"
"南云南府偏","1","1","2"
"云南府偏西","1","1","2"
"南府偏西十","1","1","2"
"府偏西十七","1","1","2"
"偏西十七度","1","1","2"
"七星偏东四","1","1","2"
"星偏东四度","1","1","2"
"刻十一分昏","2","0","2"
"一刻五分昏","2","0","2"
"女皇太子妃","2","0","2"
"文官三品上","2","0","2"
"文华殿赐茶","1","1","2"
"文华门赐酒","1","1","2"
"华门赐酒饭","1","1","2"
"隆庆六年定","2","0","2"
"载成化十五","1","1","2"
"皇太子阁讲","2","0","2"
"太子阁讲学","2","0","2"
"讲官选部曹","1","1","2"
"进士改授翰","1","1","2"
"士改授翰林","1","1","2"
"改授翰林官","1","1","2"
"授翰林官充","1","1","2"
"书堂设中座","1","1","2"
"传令旨先生","1","1","2"
"洪武元年闰","1","1","2"
"武元年闰七","1","1","2"
"元年闰七月","1","1","2"
"百官朝服行","2","0","2"
"官朝服行礼","2","0","2"
"宪宗皇后王","1","1","2"
"宗皇后王氏","1","1","2"
"世宗祖母邵","1","1","2"
"宗祖母邵氏","1","1","2"
"世宗皇后陈","1","1","2"
"宗皇后陈氏","1","1","2"
"昭公十五年","1","1","2"
"公十五年六","1","1","2"
"五年六月乙","1","1","2"
"皇太后李氏","1","1","2"
"洪武七年九","1","1","2"
"武七年九月","1","1","2"
"贵妃孙氏薨","2","0","2"
"内使女乐二","1","1","2"
"使女乐二十","1","1","2"
"女乐二十四","1","1","2"
"乐二十四人","1","1","2"
"雪柳女队子","1","1","2"
"柳女队子二","1","1","2"
"女队子二十","1","1","2"
"队子二十人","1","1","2"
"女将军十一","1","1","2"
"将军十一人","1","1","2"
"奏太宗体天","1","1","2"
"太宗体天弘","1","1","2"
"宗体天弘道","1","1","2"
"建寝殿五楹","1","1","2"
"华盖三殿灾","2","0","2"
"三十六年四","1","1","2"
"慈溪茅家浦","1","1","2"
"溪茅家浦涌","1","1","2"
"茅家浦涌血","1","1","2"
"家浦涌血八","1","1","2"
"浦涌血八处","1","1","2"
"武十三年七","1","1","2"
"寿州卫雨水","1","1","2"
"卫雨水坏城","2","0","2"
"振武二卫雨","1","1","2"
"武二卫雨水","1","1","2"
"双山堡大雷","1","1","2"
"山堡大雷雨","1","1","2"
"皇陵正殿御","1","1","2"
"陵正殿御座","1","1","2"
"崇祯五年六","1","1","2"
"祯五年六月","1","1","2"
"定光禄司散","1","1","2"
"光禄司散官","1","1","2"
"禄司散官品","1","1","2"
"群官二十七","1","1","2"
"官二十七处","1","1","2"
"右司副一人","2","0","2"
"增设司仪四","1","1","2"
"设司仪四人","1","1","2"
"武臣贴黄诰","1","1","2"
"臣贴黄诰敕","1","1","2"
"本科一人监","1","1","2"
"科一人监视","1","1","2"
"置谏议大夫","1","1","2"
"中书科舍人","1","1","2"
"武英殿舍人","1","1","2"
"旨篆写册宝","1","1","2"
"令两房办事","1","1","2"
"两房办事官","1","1","2"
"设行人三百","1","1","2"
"行人三百四","1","1","2"
"人三百四十","1","1","2"
"三百四十五","1","1","2"
"百四十五人","1","1","2"
"通判太史监","1","1","2"
"州县设官医","1","1","2"
"置上林苑监","1","1","2"
"典察左右前","1","1","2"
"察左右前后","1","1","2"
"增设监督内","1","1","2"
"设监督内臣","1","1","2"
"监督内臣共","1","1","2"
"督内臣共九","1","1","2"
"内臣共九十","1","1","2"
"臣共九十九","1","1","2"
"嘉蔬二署典","1","1","2"
"蔬二署典署","1","1","2"
"嘉蔬二署录","1","1","2"
"蔬二署录事","1","1","2"
"北五城兵马","1","1","2"
"改设指挥使","1","1","2"
"城门设兵马","1","1","2"
"洪武二年置","2","0","2"
"置北平行省","1","1","2"
"置内使监奉","1","1","2"
"内使监奉御","1","1","2"
"使监奉御六","1","1","2"
"监奉御六十","1","1","2"
"奉御六十人","1","1","2"
"太庙司香四","1","1","2"
"庙司香四人","1","1","2"
"司设正一人","1","1","2"
"置东宫典玺","1","1","2"
"典乘兵六局","1","1","2"
"局设局郎一","1","1","2"
"设局郎一人","1","1","2"
"午门等十三","1","1","2"
"门等十三门","1","1","2"
"置王府承奉","1","1","2"
"右司乐一人","2","0","2"
"参赞机务一","1","1","2"
"赞机务一人","1","1","2"
"按参赞机务","1","1","2"
"宣德八年黄","1","1","2"
"德八年黄福","1","1","2"
"改应天府知","1","1","2"
"永乐四年成","1","1","2"
"乐四年成祖","1","1","2"
"置行部尚书","1","1","2"
"井盐课司大","1","1","2"
"盐课司大使","1","1","2"
"河东二都转","1","1","2"
"东二都转运","1","1","2"
"广东海北盐","1","1","2"
"东海北盐课","1","1","2"
"海北盐课提","1","1","2"
"北盐课提举","1","1","2"
"福建二都转","1","1","2"
"建二都转运","1","1","2"
"改广东提举","1","1","2"
"改京官店宣","2","0","2"
"京官店宣课","2","0","2"
"官店宣课司","2","0","2"
"府州县官店","1","1","2"
"县官店通课","2","0","2"
"官店通课司","2","0","2"
"部宝钞广源","1","1","2"
"宝钞广源库","1","1","2"
"令宣课分司","1","1","2"
"宣课分司收","1","1","2"
"课分司收税","1","1","2"
"文折银一分","2","0","2"
"成祖九年铸","1","1","2"
"宣德九年铸","1","1","2"
"正德九号钱","1","1","2"
"一锭五千文","1","1","2"
"定嘉靖钱七","1","1","2"
"嘉靖钱七文","1","1","2"
"前代钱三十","1","1","2"
"代钱三十文","1","1","2"
"直隶巡按杨","1","1","2"
"隶巡按杨家","1","1","2"
"巡按杨家相","1","1","2"
"按杨家相请","1","1","2"
"大明通宝钱","1","1","2"
"天启元年铸","1","1","2"
"书郑三俊请","1","1","2"
"平阳等七县","1","1","2"
"陕西商县凤","1","1","2"
"西商县凤皇","1","1","2"
"商县凤皇山","1","1","2"
"县凤皇山银","1","1","2"
"凤皇山银坑","1","1","2"
"皇山银坑八","1","1","2"
"山银坑八所","1","1","2"
"福建浦城县","1","1","2"
"建浦城县马","1","1","2"
"浦城县马鞍","1","1","2"
"城县马鞍等","1","1","2"
"县马鞍等坑","1","1","2"
"马鞍等坑三","1","1","2"
"鞍等坑三所","1","1","2"
"贵州太平溪","1","1","2"
"宣光镇金场","1","1","2"
"光镇金场局","1","1","2"
"葛容溪银场","1","1","2"
"容溪银场局","1","1","2"
"云南大理银","1","1","2"
"南大理银冶","1","1","2"
"闭大理矿场","1","1","2"
"后四川梁山","1","1","2"
"十八年裁革","1","1","2"
"板场坑水银","1","1","2"
"场坑水银场","1","1","2"
"坑水银场局","1","1","2"
"杭州三处工","1","1","2"
"州三处工部","1","1","2"
"三处工部官","1","1","2"
"御史胡文静","1","1","2"
"史胡文静请","1","1","2"
"宁波通日本","1","1","2"
"泉州通琉球","1","1","2"
"广州通占城","1","1","2"
"阳巡抚唐顺","1","1","2"
"复三市舶司","1","1","2"
"都御史沈固","1","1","2"
"御史沈固请","1","1","2"
"西行都司库","1","1","2"
"行都司库银","1","1","2"
"一万三千四","1","1","2"
"三千四百四","1","1","2"
"四百四十六","1","1","2"
"五千三百二","1","1","2"
"三百二十八","1","1","2"
"二十八万一","1","1","2"
"八万一千一","1","1","2"
"一千一百五","1","1","2"
"千一百五十","1","1","2"
"户一千六十","2","0","2"
"六十二万一","1","1","2"
"十二万一千","1","1","2"
"二万一千四","1","1","2"
"万一千四百","1","1","2"
"一千四百三","1","1","2"
"九万二千八","1","1","2"
"二千八百五","1","1","2"
"千八百五十","1","1","2"
"八百五十六","1","1","2"
"尚书郁新言","2","0","2"
"湖广诸卫收","1","1","2"
"广诸卫收粮","1","1","2"
"赐渠名广济","1","1","2"
"归德州饮马","1","1","2"
"德州饮马池","1","1","2"
"漕总兵官杨","1","1","2"
"总兵官杨宏","1","1","2"
"孙家渡河堤","1","1","2"
"二十六年秋","1","1","2"
"曹县新集淤","1","1","2"
"梅殷镇守淮","1","1","2"
"殷镇守淮安","1","1","2"
"镇守淮安总","1","1","2"
"守淮安总兵","1","1","2"
"淮安总兵官","1","1","2"
"右都督正二","1","1","2"
"都督正二品","1","1","2"
"副都督正三","1","1","2"
"都督正三品","1","1","2"
"军元帅府元","1","1","2"
"元帅府元帅","1","1","2"
"帅府元帅正","1","1","2"
"府元帅正三","1","1","2"
"元帅正三品","1","1","2"
"副使正四品","1","1","2"
"经历正七品","1","1","2"
"照磨正九品","1","1","2"
"升都督佥事","1","1","2"
"置五军十卫","1","1","2"
"五军十卫参","1","1","2"
"军十卫参军","1","1","2"
"十卫参军府","1","1","2"
"三千曰神枢","2","0","2"
"始分隶五都","1","1","2"
"中后六亲军","1","1","2"
"后六亲军所","1","1","2"
"改亲军都尉","2","0","2"
"后五卫军士","1","1","2"
"设仪鸾司隶","1","1","2"
"旗手千户所","1","1","2"
"武十八年改","1","1","2"
"掌府事官守","2","0","2"
"府事官守备","2","0","2"
"事官守备南","2","0","2"
"官守备南京","2","0","2"
"南京五军都","1","1","2"
"京五军都督","1","1","2"
"左府所属十","1","1","2"
"府所属十卫","1","1","2"
"右府所属五","1","1","2"
"前府所属七","1","1","2"
"府所属七卫","1","1","2"
"后府所属五","1","1","2"
"王府护卫指","1","1","2"
"府护卫指挥","1","1","2"
"湖广二总兵","1","1","2"
"保定副总兵","1","1","2"
"添设浙江总","1","1","2"
"设浙江总兵","1","1","2"
"镇守蓟州总","1","1","2"
"守蓟州总兵","1","1","2"
"蓟州总兵官","1","1","2"
"镇守昌平总","1","1","2"
"守昌平总兵","1","1","2"
"平总兵官一","1","1","2"
"改镇守总兵","2","0","2"
"镇守辽东总","1","1","2"
"守辽东总兵","1","1","2"
"令冬月移驻","1","1","2"
"冬月移驻河","1","1","2"
"月移驻河东","1","1","2"
"移驻河东辽","1","1","2"
"驻河东辽阳","1","1","2"
"河东辽阳适","1","1","2"
"东辽阳适中","1","1","2"
"镇守宣府总","1","1","2"
"守宣府总兵","1","1","2"
"府总兵官一","1","1","2"
"镇守大同总","1","1","2"
"守大同总兵","1","1","2"
"同总兵官一","1","1","2"
"驻大同镇城","1","1","2"
"镇守延绥总","1","1","2"
"守延绥总兵","1","1","2"
"绥总兵官一","1","1","2"
"镇守宁夏总","1","1","2"
"守宁夏总兵","1","1","2"
"夏总兵官一","1","1","2"
"镇守陕西总","1","1","2"
"守陕西总兵","1","1","2"
"后移驻固原","1","1","2"
"镇守四川总","1","1","2"
"守四川总兵","1","1","2"
"川总兵官一","1","1","2"
"镇守云南总","1","1","2"
"守云南总兵","1","1","2"
"南总兵官一","1","1","2"
"镇守贵州总","1","1","2"
"守贵州总兵","1","1","2"
"提督麻阳等","1","1","2"
"督麻阳等处","1","1","2"
"麻阳等处地","1","1","2"
"等处地方职","1","1","2"
"处地方职衔","1","1","2"
"镇守广西总","1","1","2"
"守广西总兵","1","1","2"
"镇守广东总","1","1","2"
"守广东总兵","1","1","2"
"两广总兵官","1","1","2"
"四十五年分","1","1","2"
"十五年分设","1","1","2"
"镇守江南副","1","1","2"
"守江南副总","1","1","2"
"江南副总兵","1","1","2"
"南副总兵一","1","1","2"
"后移驻镇江","1","1","2"
"改设副总兵","1","1","2"
"镇守浙江总","1","1","2"
"守浙江总兵","1","1","2"
"江总兵官一","1","1","2"
"三十四年设","1","1","2"
"总理浙直海","1","1","2"
"理浙直海防","1","1","2"
"运粮三百万","1","1","2"
"粮三百万石","1","1","2"
"南直隶六斗","1","1","2"
"北直隶五斗","1","1","2"
"粮七十五万","1","1","2"
"七十五万五","1","1","2"
"五万五千六","1","1","2"
"五千六百石","1","1","2"
"粮三百二十","1","1","2"
"百二十四万","1","1","2"
"二十四万四","1","1","2"
"四万四千四","1","1","2"
"四千四百石","1","1","2"
"十七万七千","1","1","2"
"七万七千七","1","1","2"
"万七千七百","1","1","2"
"七千七百石","1","1","2"
"折五十万石","1","1","2"
"官军十二万","1","1","2"
"弘治三年限","1","1","2"
"置南京银库","1","1","2"
"御史王宗载","1","1","2"
"史王宗载请","1","1","2"
"部侍郎潘鉴","1","1","2"
"副都御史戴","1","1","2"
"都御史戴金","1","1","2"
"四川采办大","1","1","2"
"川采办大木","1","1","2"
"宝石二万块","1","1","2"
"广东采珠八","1","1","2"
"东采珠八千","1","1","2"
"采珠八千两","1","1","2"
"浙江绍兴织","1","1","2"
"江绍兴织染","1","1","2"
"绍兴织染局","1","1","2"
"置泉州织造","1","1","2"
"泉州织造局","1","1","2"
"造内殿醮坛","1","1","2"
"内殿醮坛瓷","1","1","2"
"殿醮坛瓷器","1","1","2"
"醮坛瓷器三","1","1","2"
"坛瓷器三万","1","1","2"
"添设饶州通","1","1","2"
"设饶州通判","1","1","2"
"专管御器厂","1","1","2"
"管御器厂烧","1","1","2"
"御器厂烧造","1","1","2"
"钞二千八百","1","1","2"
"二千八百贯","1","1","2"
"马料草十匹","1","1","2"
"郡王二千石","1","1","2"
"驸马二千石","1","1","2"
"仪宾八百石","1","1","2"
"存留八十四","1","1","2"
"留八十四万","1","1","2"
"八十四万三","1","1","2"
"四万三千石","1","1","2"
"一二品官司","1","1","2"
"二品官司提","1","1","2"
"品官司提控","1","1","2"
"都吏二石五","1","1","2"
"吏二石五斗","1","1","2"
"令史二石二","1","1","2"
"史二石二斗","1","1","2"
"典一石二斗","1","1","2"
"三四品官司","1","1","2"
"四品官司令","1","1","2"
"品官司令史","1","1","2"
"月米二石五","1","1","2"
"米二石五斗","1","1","2"
"府州县训导","1","1","2"
"批验所大使","1","1","2"
"月二石五斗","1","1","2"
"月米一石五","1","1","2"
"米八十七石","1","1","2"
"递减十三石","1","1","2"
"三品二十六","1","1","2"
"品二十六石","1","1","2"
"正四品二十","1","1","2"
"四品二十四","1","1","2"
"品二十四石","1","1","2"
"四品二十一","1","1","2"
"品二十一石","1","1","2"
"正五品十六","1","1","2"
"五品十六石","1","1","2"
"五品十四石","1","1","2"
"正六品十石","1","1","2"
"九品递减五","1","1","2"
"品递减五斗","1","1","2"
"绢一匹抵钞","1","1","2"
"匹折米二十","2","0","2"
"折米二十石","2","0","2"
"布一匹折米","2","0","2"
"下卫所军士","1","1","2"
"步军总旗一","1","1","2"
"军总旗一石","1","1","2"
"总旗一石五","1","1","2"
"旗一石五斗","1","1","2"
"小旗一石二","1","1","2"
"旗一石二斗","1","1","2"
"总八百五十","2","0","2"
"万七千余顷","1","1","2"
"河西务等七","1","1","2"
"西务等七钞","1","1","2"
"务等七钞关","1","1","2"
"钞二千九百","1","1","2"
"二千九百二","1","1","2"
"千九百二十","1","1","2"
"九百二十八","1","1","2"
"钱五千九百","1","1","2"
"五千九百七","1","1","2"
"九百七十七","1","1","2"
"京城九门钞","1","1","2"
"城九门钞六","1","1","2"
"九门钞六十","1","1","2"
"门钞六十六","1","1","2"
"六十六万五","1","1","2"
"钱二百四十","1","1","2"
"百四十三万","1","1","2"
"密诸镇漕粮","1","1","2"
"诸镇漕粮四","1","1","2"
"镇漕粮四百","1","1","2"
"漕粮四百万","1","1","2"
"京卫屯豆二","1","1","2"
"卫屯豆二万","1","1","2"
"屯豆二万三","1","1","2"
"豆二万三千","1","1","2"
"银二十五万","1","1","2"
"二十五万七","1","1","2"
"马房仓麦豆","1","1","2"
"房仓麦豆草","1","1","2"
"仓麦豆草折","1","1","2"
"大等马房子","1","1","2"
"等马房子粒","1","1","2"
"马房子粒银","1","1","2"
"房子粒银二","1","1","2"
"子粒银二万","1","1","2"
"粒银二万三","1","1","2"
"银二万三千","1","1","2"
"银八十四万","1","1","2"
"八十四万二","1","1","2"
"十四万二千","1","1","2"
"官员折俸绢","1","1","2"
"员折俸绢布","1","1","2"
"俸绢布银二","1","1","2"
"绢布银二十","1","1","2"
"布银二十六","1","1","2"
"御马三仓象","1","1","2"
"马三仓象马","1","1","2"
"三仓象马等","1","1","2"
"仓象马等房","1","1","2"
"商价十四万","1","1","2"
"价十四万八","1","1","2"
"湖广二布政","1","1","2"
"广二布政司","1","1","2"
"吉安改行广","2","0","2"
"盐场三十五","1","1","2"
"盐场二十四","1","1","2"
"弘治二年增","1","1","2"
"十三万一千","1","1","2"
"三万一千五","1","1","2"
"一千五百斤","1","1","2"
"漳县五十一","1","1","2"
"县五十一万","1","1","2"
"五十一万五","1","1","2"
"十一万五千","1","1","2"
"一万五千六","1","1","2"
"五千六百斤","1","1","2"
"灵州二百八","1","1","2"
"州二百八十","1","1","2"
"二百八十六","1","1","2"
"八十六万七","1","1","2"
"十六万七千","1","1","2"
"六万七千四","1","1","2"
"七千四百斤","1","1","2"
"广东小引生","1","1","2"
"东小引生盐","1","1","2"
"小引生盐三","1","1","2"
"引生盐三万","1","1","2"
"小引熟盐三","1","1","2"
"引熟盐三万","1","1","2"
"熟盐三万四","1","1","2"
"盐三万四千","1","1","2"
"三万四千六","1","1","2"
"万四千六百","1","1","2"
"海北小引正","1","1","2"
"北小引正耗","1","1","2"
"小引正耗盐","1","1","2"
"引正耗盐一","1","1","2"
"正耗盐一万","1","1","2"
"耗盐一万二","1","1","2"
"一万二千四","1","1","2"
"万二千四百","1","1","2"
"千四百馀引","2","0","2"
"辖盐课司十","1","1","2"
"盐课司十七","1","1","2"
"大引四百斤","1","1","2"
"小引二百斤","1","1","2"
"巡盐御史朱","1","1","2"
"盐御史朱炳","1","1","2"
"副都御史耿","1","1","2"
"史耿九畴清","1","1","2"
"耿九畴清理","1","1","2"
"九畴清理两","1","1","2"
"畴清理两淮","1","1","2"
"增设副使一","1","1","2"
"茶马司定价","1","1","2"
"碉门茶课司","1","1","2"
"河州必里卫","1","1","2"
"州必里卫西","1","1","2"
"必里卫西番","1","1","2"
"里卫西番二","1","1","2"
"卫西番二十","1","1","2"
"西番二十九","1","1","2"
"番二十九族","1","1","2"
"牌二十一面","1","1","2"
"纳马七千七","1","1","2"
"马七千七百","1","1","2"
"纳马三千五","2","0","2"
"马三千五十","2","0","2"
"三千五十匹","2","0","2"
"万三千八百","1","1","2"
"三千八百匹","1","1","2"
"定四川茶引","1","1","2"
"四川茶引五","1","1","2"
"川茶引五万","1","1","2"
"茶引五万道","1","1","2"
"二万六千道","1","1","2"
"二万四千道","1","1","2"
"县官兵防守","1","1","2"
"税五升三合","1","1","2"
"五升三合五","1","1","2"
"升三合五勺","1","1","2"
"重租田八升","1","1","2"
"租田八升五","1","1","2"
"田八升五合","1","1","2"
"八升五合五","1","1","2"
"升五合五勺","1","1","2"
"官田一斗二","1","1","2"
"田一斗二升","1","1","2"
"均工夫图册","1","1","2"
"纳二百五十","1","1","2"
"二百五十石","1","1","2"
"正九品散官","1","1","2"
"四年四月己","1","1","2"
"一年五月辛","1","1","2"
"玄武门兽吻","1","1","2"
"宣德九年六","1","1","2"
"德九年六月","1","1","2"
"大祀坛外西","1","1","2"
"祀坛外西门","1","1","2"
"坛外西门兽","1","1","2"
"外西门兽吻","1","1","2"
"毁神乐观祖","1","1","2"
"神乐观祖师","1","1","2"
"乐观祖师殿","1","1","2"
"雷击吉王府","1","1","2"
"击吉王府端","1","1","2"
"吉王府端礼","1","1","2"
"王府端礼门","1","1","2"
"楚府承运殿","1","1","2"
"十二月庚辰","1","1","2"
"雷击观象台","1","1","2"
"年七月己丑","1","1","2"
"雷击南京长","1","1","2"
"击南京长安","1","1","2"
"南京长安左","1","1","2"
"京长安左门","1","1","2"
"长安左门兽","1","1","2"
"安左门兽吻","1","1","2"
"雷击阜城门","1","1","2"
"击阜城门城","1","1","2"
"阜城门城楼","1","1","2"
"城门城楼南","1","1","2"
"门城楼南角","1","1","2"
"城楼南角兽","1","1","2"
"楼南角兽吻","1","1","2"
"北九铺旗杆","1","1","2"
"六年七月壬","1","1","2"
"雷击南京承","1","1","2"
"击南京承天","1","1","2"
"南京承天门","1","1","2"
"年八月壬午","1","1","2"
"南京旧西安","1","1","2"
"京旧西安门","1","1","2"
"钟鼓楼兽头","1","1","2"
"三十二年五","1","1","2"
"二年五月癸","1","1","2"
"毁蓟镇松棚","1","1","2"
"蓟镇松棚路","1","1","2"
"正统二年四","1","1","2"
"统二年四月","1","1","2"
"成化三年七","1","1","2"
"化三年七月","1","1","2"
"嘉靖三年六","1","1","2"
"靖三年六月","1","1","2"
"乐十八年九","1","1","2"
"化十七年六","1","1","2"
"宣德元年十","1","1","2"
"德元年十一","1","1","2"
"衣卫校尉綦","1","1","2"
"卫校尉綦荣","1","1","2"
"脐下右侧裂","1","1","2"
"隆庆二年十","1","1","2"
"庆二年十二","1","1","2"
"静乐男子李","1","1","2"
"乐男子李良","1","1","2"
"男子李良雨","1","1","2"
"七年六月甲","1","1","2"
"江西庐山鸣","1","1","2"
"九年二月甲","1","1","2"
"年二月甲子","1","1","2"
"隆庆州张山","1","1","2"
"庆州张山营","1","1","2"
"州张山营堡","1","1","2"
"张山营堡山","1","1","2"
"西北方声雷","2","0","2"
"四十二年三","1","1","2"
"二年三月癸","1","1","2"
"安丘县红河","1","1","2"
"丘县红河决","1","1","2"
"正统元年闰","1","1","2"
"统元年闰六","1","1","2"
"元年闰六月","1","1","2"
"海门海潮泛","1","1","2"
"长安街水深","1","1","2"
"安街水深五","1","1","2"
"街水深五尺","1","1","2"
"洪武十年正","1","1","2"
"武十年正月","1","1","2"
"十年正月丁","1","1","2"
"隆庆二年四","1","1","2"
"庆二年四月","1","1","2"
"二十八宿旗","1","1","2"
"四人执弓弩","1","1","2"
"殿门左右设","1","1","2"
"奉天殿门左","1","1","2"
"天殿门左右","1","1","2"
"仪卫二十人","1","1","2"
"皇太后仪仗","1","1","2"
"凡世子仪仗","1","1","2"
"龙鳞叶片装","1","1","2"
"鳞叶片装钉","1","1","2"
"辂亭高六尺","2","0","2"
"亭高六尺七","1","1","2"
"高六尺七寸","1","1","2"
"六尺七寸九","1","1","2"
"尺七寸九分","1","1","2"
"长五尺八寸","1","1","2"
"五尺八寸四","1","1","2"
"尺八寸四分","1","1","2"
"汉官卤簿图","1","1","2"
"行障长八尺","1","1","2"
"一丈九尺五","1","1","2"
"儒士张子源","1","1","2"
"贤良蒋安素","1","1","2"
"京官六部主","1","1","2"
"官六部主事","1","1","2"
"詹事府属官","1","1","2"
"右侍郎章纶","1","1","2"
"高明考察庶","2","0","2"
"明考察庶官","2","0","2"
"直省都指挥","1","1","2"
"省都指挥使","1","1","2"
"指挥使二十","1","1","2"
"挥使二十一","1","1","2"
"牧千户所二","1","1","2"
"千户所二百","1","1","2"
"径一寸五分","1","1","2"
"赐徐阶教子","1","1","2"
"徐阶教子升","1","1","2"
"阶教子升天","1","1","2"
"教子升天蟒","1","1","2"
"外加都御史","1","1","2"
"分监察御史","1","1","2"
"四川十二道","1","1","2"
"秀才李原名","1","1","2"
"试监察御史","1","1","2"
"副都御史正","1","1","2"
"都御史正三","1","1","2"
"御史正三品","1","1","2"
"都御史正四","1","1","2"
"御史正四品","1","1","2"
"十二道监察","1","1","2"
"二道监察御","1","1","2"
"监察御史正","1","1","2"
"察御史正七","1","1","2"
"御史正七品","1","1","2"
"改设都御史","1","1","2"
"设都御史一","1","1","2"
"设御史大夫","1","1","2"
"设御史二十","1","1","2"
"御史二十八","1","1","2"
"史二十八人","1","1","2"
"添设提督军","1","1","2"
"督军务巡抚","1","1","2"
"军务巡抚凤","1","1","2"
"务巡抚凤阳","1","1","2"
"抚顺天等处","1","1","2"
"置辽东经略","1","1","2"
"遣尚书石璞","1","1","2"
"定设总督宣","1","1","2"
"设总督宣大","1","1","2"
"两广军务理","2","0","2"
"广军务理粮","2","0","2"
"军务理粮饷","2","0","2"
"粮饷带管盐","1","1","2"
"饷带管盐法","1","1","2"
"巡抚广东地","1","1","2"
"抚广东地方","1","1","2"
"广东地方一","1","1","2"
"东地方一员","1","1","2"
"事中雷填巡","1","1","2"
"中雷填巡抚","1","1","2"
"雷填巡抚广","1","1","2"
"填巡抚广西","1","1","2"
"艾广巡抚广","1","1","2"
"广巡抚广东","1","1","2"
"另设广东巡","1","1","2"
"设广东巡抚","1","1","2"
"设广西巡抚","1","1","2"
"加带管盐法","1","1","2"
"设总督四川","1","1","2"
"云南等处军","1","1","2"
"南等处军务","1","1","2"
"土官奢崇明","1","1","2"
"官奢崇明反","1","1","2"
"广西五省总","1","1","2"
"西五省总督","1","1","2"
"四十一年革","1","1","2"
"祯十四年设","1","1","2"
"祯十一年设","1","1","2"
"祯十六年设","1","1","2"
"始称总督河","1","1","2"
"称总督河道","1","1","2"
"定设都御史","1","1","2"
"定遣都御史","2","0","2"
"改巡抚福建","1","1","2"
"抚顺天等府","1","1","2"
"顺天等府地","1","1","2"
"天等府地方","1","1","2"
"蓟州等处边","1","1","2"
"保定等府提","1","1","2"
"定等府提督","1","1","2"
"等府提督紫","1","1","2"
"管河道一员","1","1","2"
"另设巡抚保","1","1","2"
"设巡抚保定","1","1","2"
"始专设河南","1","1","2"
"专设河南巡","1","1","2"
"设河南巡抚","1","1","2"
"始命都御史","2","0","2"
"都御史郭智","1","1","2"
"御史郭智镇","1","1","2"
"史郭智镇抚","1","1","2"
"郭智镇抚宁","1","1","2"
"智镇抚宁夏","1","1","2"
"御史贾谅镇","1","1","2"
"史贾谅镇守","1","1","2"
"都御史赞理","2","0","2"
"御史赞理军","2","0","2"
"史赞理军务","2","0","2"
"等处提督军","1","1","2"
"处提督军务","1","1","2"
"天启元年设","1","1","2"
"洪武元年革","1","1","2"
"坊大学士正","1","1","2"
"大学士正五","1","1","2"
"置资德院资","1","1","2"
"资德院资德","1","1","2"
"德院资德一","1","1","2"
"院资德一人","1","1","2"
"大学士提调","1","1","2"
"学士提调讲","1","1","2"
"士提调讲读","1","1","2"
"提调讲读官","1","1","2"
"侍讲两学士","1","1","2"
"设文渊阁待","1","1","2"
"文渊阁待诏","1","1","2"
"置修撰三人","1","1","2"
"国学诸生训","1","1","2"
"学诸生训导","1","1","2"
"将军夫人冠","2","0","2"
"军夫人冠服","2","0","2"
"改应天府学","1","1","2"
"监生三十八","1","1","2"
"生三十八人","1","1","2"
"三十八人隶","1","1","2"
"吏部四十一","1","1","2"
"部四十一名","1","1","2"
"户部五十三","1","1","2"
"部五十三名","1","1","2"
"礼部十三名","1","1","2"
"大理寺二十","1","1","2"
"理寺二十八","1","1","2"
"寺二十八名","1","1","2"
"通政司五名","1","1","2"
"行人司四名","1","1","2"
"军都督府五","1","1","2"
"都督府五十","1","1","2"
"督府五十名","1","1","2"
"礼部写民情","1","1","2"
"部写民情条","1","1","2"
"写民情条例","1","1","2"
"民情条例七","1","1","2"
"情条例七十","1","1","2"
"条例七十二","1","1","2"
"例七十二名","1","1","2"
"光禄寺刷卷","1","1","2"
"禄寺刷卷四","1","1","2"
"寺刷卷四名","1","1","2"
"参表二十名","1","1","2"
"报讣二十名","1","1","2"
"锦衣卫四名","1","1","2"
"兵部查马册","1","1","2"
"部查马册三","1","1","2"
"查马册三十","1","1","2"
"马册三十名","1","1","2"
"工部大木厂","1","1","2"
"部大木厂二","1","1","2"
"大木厂二十","1","1","2"
"木厂二十名","1","1","2"
"后府磨算十","1","1","2"
"府磨算十名","1","1","2"
"御马监四名","1","1","2"
"天财库四名","1","1","2"
"正阳门四名","1","1","2"
"洪武三年置","2","0","2"
"置大宗正院","1","1","2"
"试充考试官","2","0","2"
"廷推上二人","2","0","2"
"定职官子孙","1","1","2"
"职官子孙荫","1","1","2"
"官子孙荫叙","1","1","2"
"上等职内叙","1","1","2"
"部设尚书二","1","1","2"
"设尚书二人","1","1","2"
"吏部设总部","1","1","2"
"置北京行部","1","1","2"
"行部尚书二","1","1","2"
"部尚书二人","1","1","2"
"六曹清吏司","1","1","2"
"内会总科主","1","1","2"
"会总科主事","1","1","2"
"总科主事六","1","1","2"
"科主事六人","1","1","2"
"外牵照科主","1","1","2"
"牵照科主事","1","1","2"
"照科主事二","1","1","2"
"科主事二人","1","1","2"
"察院经历司","1","1","2"
"大理寺左右","1","1","2"
"理寺左右司","1","1","2"
"都留守司经","1","1","2"
"留守司经历","1","1","2"
"守司经历司","1","1","2"
"都司经历司","1","1","2"
"王府审理所","1","1","2"
"方二寸二分","2","0","2"
"六科行人司","1","1","2"
"工部营缮所","1","1","2"
"太常寺典簿","1","1","2"
"常寺典簿厅","1","1","2"
"察司经历司","1","1","2"
"应天二府经","1","1","2"
"天二府经历","1","1","2"
"二府经历司","1","1","2"
"京卫经历司","1","1","2"
"仆寺主簿厅","1","1","2"
"詹事府主簿","1","1","2"
"盐运司经历","1","1","2"
"运司经历司","1","1","2"
"苑马寺主簿","1","1","2"
"马寺主簿厅","1","1","2"
"宣慰司经历","1","1","2"
"慰司经历司","1","1","2"
"兵部典牧所","1","1","2"
"子监绳愆厅","1","1","2"
"胪寺主簿厅","1","1","2"
"钦天监主簿","1","1","2"
"天监主簿厅","1","1","2"
"政司照磨所","1","1","2"
"宣抚司经历","1","1","2"
"抚司经历司","1","1","2"
"应天二府照","1","1","2"
"天二府照磨","1","1","2"
"二府照磨所","1","1","2"
"国子监典籍","1","1","2"
"子监典籍厅","1","1","2"
"上林苑监典","1","1","2"
"林苑监典簿","1","1","2"
"苑监典簿厅","1","1","2"
"内府宝钞等","1","1","2"
"留守司司狱","1","1","2"
"守司司狱司","1","1","2"
"都司司狱司","1","1","2"
"察司照磨所","1","1","2"
"府长史司典","1","1","2"
"长史司典簿","1","1","2"
"史司典簿厅","1","1","2"
"方一寸九分","2","0","2"
"闸坝批验所","1","1","2"
"阔一寸三分","2","0","2"
"增设武库司","1","1","2"
"设武库司员","1","1","2"
"武库司员外","1","1","2"
"库司员外郎","1","1","2"
"二甲若干人","1","1","2"
"三甲若干人","1","1","2"
"四书五经大","1","1","2"
"书五经大全","1","1","2"
"翰林十一人","1","1","2"
"许投试翰林","1","1","2"
"投试翰林院","1","1","2"
"先后成进士","1","1","2"
"治十二年会","1","1","2"
"十二年会试","1","1","2"
"少詹事程敏","1","1","2"
"詹事程敏政","1","1","2"
"七年己丑会","1","1","2"
"年己丑会试","1","1","2"
"中陈燧等九","1","1","2"
"陈燧等九十","1","1","2"
"燧等九十五","1","1","2"
"等九十五人","1","1","2"
"天启二年壬","1","1","2"
"启二年壬戌","1","1","2"
"二年壬戌会","1","1","2"
"年壬戌会试","1","1","2"
"大学士何宗","1","1","2"
"学士何宗彦","1","1","2"
"高六寸五分","1","1","2"
"广一尺二寸","2","0","2"
"一尺二寸五","1","1","2"
"侯二十八人","1","1","2"
"挂征西将军","1","1","2"
"东西北安门","1","1","2"
"西北安门指","1","1","2"
"北安门指挥","1","1","2"
"安门指挥千","1","1","2"
"门指挥千户","1","1","2"
"指挥千户所","1","1","2"
"所承字东西","2","0","2"
"承字东西北","2","0","2"
"字东西北字","2","0","2"
"右半字阴文","1","1","2"
"勇字号铜牌","1","1","2"
"檐桷青碧绘","2","0","2"
"桷青碧绘饰","2","0","2"
"技艺家器皿","1","1","2"
"十四年冬十","1","1","2"
"四年冬十月","1","1","2"
"丞相脱脱大","1","1","2"
"相脱脱大败","1","1","2"
"时刘福通迎","1","1","2"
"刘福通迎立","1","1","2"
"福通迎立韩","1","1","2"
"通迎立韩山","1","1","2"
"迎立韩山童","1","1","2"
"立韩山童子","1","1","2"
"国翼元帅府","1","1","2"
"元将定定扼","1","1","2"
"青衣军张明","1","1","2"
"衣军张明鉴","1","1","2"
"弟厚孙守婺","1","1","2"
"厚孙守婺州","1","1","2"
"张士诚淮东","2","0","2"
"徐达克常州","2","0","2"
"赵普胜陷池","2","0","2"
"普胜陷池州","2","0","2"
"时耿炳文守","1","1","2"
"耿炳文守长","1","1","2"
"吴良守江阴","1","1","2"
"二十年春二","1","1","2"
"福建行省参","1","1","2"
"建行省参政","1","1","2"
"行省参政袁","1","1","2"
"省参政袁天","1","1","2"
"参政袁天禄","1","1","2"
"徐寿辉旧将","1","1","2"
"寿辉旧将欧","1","1","2"
"辉旧将欧普","1","1","2"
"旧将欧普祥","1","1","2"
"将张定边陷","2","0","2"
"友谅江西行","1","1","2"
"谅江西行省","1","1","2"
"行省丞相胡","1","1","2"
"省丞相胡廷","1","1","2"
"胡廷瑞龙兴","2","0","2"
"廷瑞龙兴降","2","0","2"
"吕珍破安丰","2","0","2"
"太平田租二","1","1","2"
"平田租二年","1","1","2"
"附地田租三","1","1","2"
"地田租三年","1","1","2"
"元都势孤援","1","1","2"
"都势孤援绝","1","1","2"
"行省平章杨","1","1","2"
"参政张彬取","1","1","2"
"政张彬取广","1","1","2"
"张彬取广西","1","1","2"
"张兴祖下东","1","1","2"
"兴祖下东平","1","1","2"
"兖东州县相","1","1","2"
"州县相继降","2","0","2"
"秋七月戊戌","2","0","2"
"亲征阿鲁台","1","1","2"
"遂安伯陈英","1","1","2"
"靖十七年九","1","1","2"
"都督茅鼎等","1","1","2"
"宣宗宪天崇","1","1","2"
"宗宪天崇道","1","1","2"
"宪天崇道英","1","1","2"
"天崇道英明","1","1","2"
"崇道英明神","1","1","2"
"道英明神圣","1","1","2"
"英明神圣钦","1","1","2"
"明神圣钦文","1","1","2"
"神圣钦文昭","1","1","2"
"圣钦文昭武","1","1","2"
"钦文昭武宽","1","1","2"
"文昭武宽仁","1","1","2"
"昭武宽仁纯","1","1","2"
"武宽仁纯孝","1","1","2"
"宽仁纯孝章","1","1","2"
"仁纯孝章皇","1","1","2"
"纯孝章皇帝","1","1","2"
"母诚孝昭皇","1","1","2"
"诚孝昭皇后","1","1","2"
"长史周忱六","1","1","2"
"史周忱六人","1","1","2"
"诸功臣进爵","1","1","2"
"永忠征南将","2","0","2"
"忠征南将军","2","0","2"
"元嗣君北走","2","0","2"
"降五万余人","1","1","2"
"穷追北庆州","2","0","2"
"福建滨海州","1","1","2"
"建滨海州县","1","1","2"
"徐达魏国公","1","1","2"
"封李文忠曹","1","1","2"
"李文忠曹国","1","1","2"
"文忠曹国公","1","1","2"
"冯胜宋国公","1","1","2"
"邓愈卫国公","1","1","2"
"常遇春子茂","1","1","2"
"遇春子茂郑","1","1","2"
"春子茂郑国","1","1","2"
"子茂郑国公","1","1","2"
"等侯者二十","1","1","2"
"侯者二十八","1","1","2"
"封中书右丞","1","1","2"
"中书右丞汪","1","1","2"
"书右丞汪广","1","1","2"
"右丞汪广洋","1","1","2"
"丞汪广洋忠","1","1","2"
"汪广洋忠勤","1","1","2"
"广洋忠勤伯","1","1","2"
"中丞刘基诚","1","1","2"
"丞刘基诚意","1","1","2"
"刘基诚意伯","1","1","2"
"李文忠左副","2","0","2"
"文忠左副将","2","0","2"
"忠左副将军","2","0","2"
"胜征西将军","2","0","2"
"国公邓愈征","1","1","2"
"邓愈征南将","2","0","2"
"阴侯吴良副","2","0","2"
"三佛齐入贡","2","0","2"
"阿难功德国","1","1","2"
"公李文忠总","1","1","2"
"广德诸府州","2","0","2"
"定六部官秩","1","1","2"
"后五军都督","1","1","2"
"雄侯赵庸镇","1","1","2"
"神宗范天合","1","1","2"
"宗范天合道","1","1","2"
"范天合道哲","1","1","2"
"天合道哲肃","1","1","2"
"合道哲肃敦","1","1","2"
"道哲肃敦简","1","1","2"
"哲肃敦简光","1","1","2"
"肃敦简光文","1","1","2"
"敦简光文章","1","1","2"
"简光文章武","1","1","2"
"光文章武安","1","1","2"
"文章武安仁","1","1","2"
"章武安仁止","1","1","2"
"武安仁止孝","1","1","2"
"安仁止孝显","1","1","2"
"仁止孝显皇","1","1","2"
"止孝显皇帝","1","1","2"
"穆宗第三子","1","1","2"
"大清太祖高","1","1","2"
"兵部尚书郑","1","1","2"
"部尚书郑雒","1","1","2"
"尚书郑雒经","1","1","2"
"书郑雒经略","1","1","2"
"郑雒经略陕","1","1","2"
"雒经略陕西","1","1","2"
"经略陕西四","1","1","2"
"略陕西四镇","1","1","2"
"督佥事李宗","1","1","2"
"佥事李宗城","1","1","2"
"挥杨方亨封","1","1","2"
"杨方亨封平","1","1","2"
"方亨封平秀","1","1","2"
"亨封平秀吉","1","1","2"
"土蛮犯锦州","2","0","2"
"织造中官孙","1","1","2"
"造中官孙隆","1","1","2"
"母恭妃王氏","1","1","2"
"万历十年八","1","1","2"
"历十年八月","1","1","2"
"前南京吏部","1","1","2"
"吏部侍郎钱","1","1","2"
"部侍郎钱龙","1","1","2"
"侍郎钱龙锡","1","1","2"
"部侍郎李标","1","1","2"
"部侍郎杨景","1","1","2"
"侍郎杨景辰","1","1","2"
"部侍郎周道","1","1","2"
"侍郎周道登","1","1","2"
"少詹事刘鸿","1","1","2"
"詹事刘鸿训","1","1","2"
"参政朱大典","1","1","2"
"侍郎丁绍轼","1","1","2"
"少詹事冯铨","1","1","2"
"苏杭织造太","1","1","2"
"杭织造太监","1","1","2"
"造太监李实","1","1","2"
"太监李实奏","2","0","2"
"天巡抚周元","2","0","2"
"吏部主事周","1","1","2"
"部主事周顺","1","1","2"
"主事周顺昌","1","1","2"
"谕德缪昌期","1","1","2"
"史高名衡拒","2","0","2"
"李成陷陈州","2","0","2"
"兵部侍郎侯","1","1","2"
"部侍郎侯恂","1","1","2"
"侍郎侯恂督","1","1","2"
"周遇吉力战","2","0","2"
"太祖第四子","1","1","2"
"母孝慈高皇","1","1","2"
"景隆横阵数","1","1","2"
"隆横阵数十","1","1","2"
"横阵数十里","1","1","2"
"左军都督刘","1","1","2"
"军都督刘真","1","1","2"
"都督刘真镇","1","1","2"
"福征虏将军","2","0","2"
"节制陕西行","1","1","2"
"制陕西行都","1","1","2"
"仁宗敬天体","1","1","2"
"宗敬天体道","1","1","2"
"敬天体道纯","1","1","2"
"天体道纯诚","1","1","2"
"德弘文钦武","1","1","2"
"弘文钦武章","1","1","2"
"文钦武章圣","1","1","2"
"钦武章圣达","1","1","2"
"武章圣达孝","1","1","2"
"章圣达孝昭","1","1","2"
"圣达孝昭皇","1","1","2"
"达孝昭皇帝","1","1","2"
"永乐二年二","1","1","2"
"乐二年二月","1","1","2"
"风宪官备外","1","1","2"
"宪官备外任","1","1","2"
"事中萧奇等","1","1","2"
"中萧奇等三","1","1","2"
"萧奇等三十","1","1","2"
"奇等三十五","1","1","2"
"北京行都察","1","1","2"
"京行都察院","1","1","2"
"火州回回入","1","1","2"
"王友率师讨","1","1","2"
"封瓦剌马哈","1","1","2"
"安侯火真副","2","0","2"
"讨本雅失里","1","1","2"
"宁侯宋琥镇","1","1","2"
"洗马杨溥辅","1","1","2"
"潼关等五卫","1","1","2"
"关等五卫兵","1","1","2"
"等五卫兵驻","1","1","2"
"五卫兵驻宣","1","1","2"
"卫兵驻宣府","1","1","2"
"河南三都指","1","1","2"
"南三都指挥","1","1","2"
"三都指挥使","1","1","2"
"武平等四卫","1","1","2"
"平等四卫兵","1","1","2"
"英宗法天立","1","1","2"
"宗法天立道","1","1","2"
"法天立道仁","1","1","2"
"天立道仁明","1","1","2"
"立道仁明诚","1","1","2"
"道仁明诚敬","1","1","2"
"仁明诚敬昭","1","1","2"
"明诚敬昭文","1","1","2"
"诚敬昭文宪","1","1","2"
"敬昭文宪武","1","1","2"
"德广孝睿皇","1","1","2"
"广孝睿皇帝","1","1","2"
"母贵妃孙氏","1","1","2"
"大举征麓川","2","0","2"
"定西伯蒋贵","1","1","2"
"尚书王骥总","1","1","2"
"书王骥总督","1","1","2"
"同太监僧保","1","1","2"
"西总兵官安","1","1","2"
"母贤妃吴氏","1","1","2"
"恤阵亡将士","1","1","2"
"广东贼黄萧","1","1","2"
"东贼黄萧养","1","1","2"
"贼黄萧养作","1","1","2"
"黄萧养作乱","1","1","2"
"参议杨信民","1","1","2"
"瓦剌汗脱脱","2","0","2"
"剌汗脱脱花","2","0","2"
"指挥同知杨","1","1","2"
"挥同知杨能","1","1","2"
"同知杨能充","1","1","2"
"废皇后汪氏","1","1","2"
"湖漕粮二百","1","1","2"
"漕粮二百余","1","1","2"
"粮二百余万","1","1","2"
"二百余万石","1","1","2"
"部员外郎薛","1","1","2"
"鸿胪少卿胡","1","1","2"
"胪少卿胡侍","1","1","2"
"张璁等议礼","1","1","2"
"永宁镇守中","1","1","2"
"宁镇守中官","1","1","2"
"宪宗继天凝","1","1","2"
"宗继天凝道","1","1","2"
"继天凝道诚","1","1","2"
"天凝道诚明","1","1","2"
"凝道诚明仁","1","1","2"
"道诚明仁敬","1","1","2"
"诚明仁敬崇","1","1","2"
"明仁敬崇文","1","1","2"
"仁敬崇文肃","1","1","2"
"敬崇文肃武","1","1","2"
"崇文肃武宏","1","1","2"
"文肃武宏德","1","1","2"
"肃武宏德圣","1","1","2"
"武宏德圣孝","1","1","2"
"宏德圣孝纯","1","1","2"
"德圣孝纯皇","1","1","2"
"圣孝纯皇帝","1","1","2"
"八年二月封","1","1","2"
"文锦衣卫狱","2","0","2"
"副都御史罗","1","1","2"
"都御史罗绮","1","1","2"
"部侍郎徐贯","1","1","2"
"巡抚副都御","1","1","2"
"抚副都御史","1","1","2"
"何鉴经理南","1","1","2"
"鉴经理南畿","1","1","2"
"经理南畿水","1","1","2"
"理南畿水利","1","1","2"
"广东灾税粮","2","0","2"
"火筛诸部犯","2","0","2"
"犯宁夏东路","1","1","2"
"刑部侍郎樊","1","1","2"
"部侍郎樊莹","1","1","2"
"樊莹巡视云","1","1","2"
"户部侍郎顾","1","1","2"
"部侍郎顾佐","1","1","2"
"理陕西军饷","1","1","2"
"守备鲁承恩","1","1","2"
"备鲁承恩等","1","1","2"
"鲁承恩等战","1","1","2"
"承恩等战死","1","1","2"
"节制诸路兵","1","1","2"
"制诸路兵马","1","1","2"
"史杨守谦提","1","1","2"
"杨守谦提督","1","1","2"
"守谦提督军","1","1","2"
"谦提督军务","1","1","2"
"左谕德赵贞","1","1","2"
"谕德赵贞吉","1","1","2"
"德赵贞吉宣","1","1","2"
"通州都御史","1","1","2"
"州都御史王","1","1","2"
"将赵倾葵等","1","1","2"
"赵倾葵等战","1","1","2"
"倾葵等战死","1","1","2"
"巡抚侍郎胡","1","1","2"
"抚侍郎胡宗","1","1","2"
"侍郎胡宗宪","1","1","2"
"郎胡宗宪总","1","1","2"
"宗宪总督军","1","1","2"
"宪总督军务","1","1","2"
"犯海州东胜","1","1","2"
"海州东胜堡","1","1","2"
"俺答犯山西","2","0","2"
"守备祁谋战","1","1","2"
"备祁谋战死","1","1","2"
"武宗承天达","1","1","2"
"宗承天达道","1","1","2"
"承天达道英","1","1","2"
"天达道英肃","1","1","2"
"达道英肃睿","1","1","2"
"道英肃睿哲","1","1","2"
"英肃睿哲昭","1","1","2"
"肃睿哲昭德","1","1","2"
"睿哲昭德显","1","1","2"
"哲昭德显功","1","1","2"
"昭德显功弘","1","1","2"
"德显功弘文","1","1","2"
"显功弘文思","1","1","2"
"功弘文思孝","1","1","2"
"弘文思孝毅","1","1","2"
"文思孝毅皇","1","1","2"
"思孝毅皇帝","1","1","2"
"母孝康敬皇","1","1","2"
"孝康敬皇后","1","1","2"
"刘瑾掌司礼","1","1","2"
"张永督十二","1","1","2"
"永督十二团","1","1","2"
"魏彬督三千","1","1","2"
"彬督三千营","1","1","2"
"御史林俊擒","1","1","2"
"御史彭泽总","1","1","2"
"制四川军务","1","1","2"
"遗诏召兴献","1","1","2"
"诏召兴献王","1","1","2"
"召兴献王长","1","1","2"
"太医院院判","1","1","2"
"医院院判蒋","1","1","2"
"院院判蒋宗","1","1","2"
"院判蒋宗武","1","1","2"
"江布政使刘","1","1","2"
"布政使刘福","1","1","2"
"政使刘福下","1","1","2"
"使刘福下西","1","1","2"
"刘福下西厂","1","1","2"
"破松潘叠溪","1","1","2"
"松潘叠溪苗","1","1","2"
"部侍郎金绅","1","1","2"
"侍郎金绅巡","1","1","2"
"郎金绅巡视","1","1","2"
"金绅巡视江","1","1","2"
"绅巡视江西","1","1","2"
"巡视江西水","1","1","2"
"视江西水灾","1","1","2"
"云南灾税粮","2","0","2"
"部侍郎李衍","1","1","2"
"郎何乔新巡","1","1","2"
"何乔新巡视","1","1","2"
"乔新巡视边","1","1","2"
"新巡视边关","1","1","2"
"小王子犯甘","2","0","2"
"指挥姚英等","1","1","2"
"挥姚英等战","1","1","2"
"姚英等战死","1","1","2"
"广西灾税粮","2","0","2"
"兵部侍郎齐","1","1","2"
"部侍郎齐泰","1","1","2"
"林院修撰黄","1","1","2"
"院修撰黄子","1","1","2"
"修撰黄子澄","1","1","2"
"举山林才德","1","1","2"
"追尊皇考曰","1","1","2"
"尊皇考曰孝","1","1","2"
"皇考曰孝康","1","1","2"
"考曰孝康皇","1","1","2"
"曰孝康皇帝","1","1","2"
"妣常氏曰孝","1","1","2"
"常氏曰孝康","1","1","2"
"氏曰孝康皇","1","1","2"
"夏原吉等二","1","1","2"
"原吉等二十","1","1","2"
"吉等二十四","1","1","2"
"湘王柏焚死","2","0","2"
"佥事吕震等","1","1","2"
"都指挥盛庸","1","1","2"
"总兵官刘真","1","1","2"
"都督陈亨援","1","1","2"
"保定知府雒","1","1","2"
"定知府雒佥","1","1","2"
"知府雒佥叛","1","1","2"
"府雒佥叛降","1","1","2"
"雒佥叛降燕","1","1","2"
"徐凯屯沧州","2","0","2"
"燕兵连陷东","1","1","2"
"兵连陷东阿","1","1","2"
"东平吏目郑","1","1","2"
"平吏目郑华","1","1","2"
"济阳教谕王","1","1","2"
"阳教谕王省","1","1","2"
"教谕王省皆","1","1","2"
"苏州知府姚","1","1","2"
"州知府姚善","1","1","2"
"宁波知府王","1","1","2"
"徽州知府陈","1","1","2"
"州知府陈彦","1","1","2"
"知府陈彦回","1","1","2"
"乐平知县张","1","1","2"
"平知县张彦","1","1","2"
"知县张彦方","1","1","2"
"大清乾隆元","1","1","2"
"清乾隆元年","1","1","2"
"挥同知徐爵","1","1","2"
"同知徐爵居","1","1","2"
"部尚书梁梦","1","1","2"
"保十二大罪","1","1","2"
"植巡按畿辅","1","1","2"
"部员外郎嵇","1","1","2"
"员外郎嵇应","1","1","2"
"外郎嵇应科","1","1","2"
"提学副使陆","1","1","2"
"学副使陆檄","1","1","2"
"河南参政戴","1","1","2"
"南参政戴光","1","1","2"
"参政戴光启","1","1","2"
"部侍郎何雒","1","1","2"
"侍郎何雒文","1","1","2"
"郎何雒文代","1","1","2"
"郎高启愚主","1","1","2"
"同官杨四知","1","1","2"
"中王士性等","1","1","2"
"南京郎中汪","1","1","2"
"京郎中汪应","1","1","2"
"郎中汪应蛟","1","1","2"
"御史李廷彦","1","1","2"
"事中刘一相","1","1","2"
"劾锦衣都督","1","1","2"
"御史龚懋贤","1","1","2"
"事御史齐世","1","1","2"
"御史齐世臣","1","1","2"
"御史顾钤等","1","1","2"
"史顾钤等连","1","1","2"
"大臣谋国忠","2","0","2"
"荐侍郎张岳","1","1","2"
"御史韩国桢","1","1","2"
"岳颂美大臣","1","1","2"
"同年生事中","2","0","2"
"恢复旧辽阳","1","1","2"
"总督诸臣详","1","1","2"
"税监高淮贪","1","1","2"
"按御史王业","1","1","2"
"御史王业弘","1","1","2"
"侍郎朱国祚","1","1","2"
"辱礼部侍郎","1","1","2"
"礼部侍郎敖","1","1","2"
"部侍郎敖文","1","1","2"
"侍郎敖文祯","1","1","2"
"时矿税繁兴","1","1","2"
"同官金忠士","1","1","2"
"按顺天诸府","2","0","2"
"东厂太监卢","1","1","2"
"厂太监卢受","1","1","2"
"缺提学御史","1","1","2"
"尚书赵焕调","1","1","2"
"书赵焕调浙","1","1","2"
"赵焕调浙江","1","1","2"
"焕调浙江巡","1","1","2"
"调浙江巡按","1","1","2"
"浙江巡按吕","1","1","2"
"江巡按吕图","1","1","2"
"巡按吕图南","1","1","2"
"按吕图南补","1","1","2"
"事中周永春","1","1","2"
"中周永春所","1","1","2"
"御史王时熙","1","1","2"
"工部主事钟","1","1","2"
"部主事钟惺","1","1","2"
"中书舍人尹","1","1","2"
"书舍人尹嘉","1","1","2"
"舍人尹嘉宾","1","1","2"
"行人魏光国","1","1","2"
"四十七年三","1","1","2"
"维翰丧师辱","1","1","2"
"翰丧师辱国","1","1","2"
"御史复合词","2","0","2"
"考功郎陈显","1","1","2"
"功郎陈显道","1","1","2"
"齐人张凤翔","1","1","2"
"文选署选事","1","1","2"
"党人张讷诬","1","1","2"
"漕折银万两","1","1","2"
"泰安州同知","1","1","2"
"安州同知张","1","1","2"
"州同知张寿","1","1","2"
"同知张寿朋","1","1","2"
"文选郎谢廷","1","1","2"
"进光禄少卿","2","0","2"
"二十六年冬","1","1","2"
"奸民张礼等","1","1","2"
"民张礼等伪","1","1","2"
"大理卿吴定","1","1","2"
"礼等二十八","1","1","2"
"居十五年卒","2","0","2"
"进封皇贵妃","2","0","2"
"传天下万世","2","0","2"
"降极边杂职","2","0","2"
"部员外郎沈","1","1","2"
"事中薛凤翔","1","1","2"
"陛下重惩科","1","1","2"
"下重惩科场","1","1","2"
"重惩科场冒","1","1","2"
"副使崔应麟","1","1","2"
"遣寺丞钟化","1","1","2"
"寺丞钟化民","1","1","2"
"书曾同亨请","1","1","2"
"六科钟羽正","1","1","2"
"科钟羽正等","1","1","2"
"中书舍人黄","1","1","2"
"书舍人黄正","1","1","2"
"舍人黄正宾","1","1","2"
"怀远堡李继","1","1","2"
"远堡李继迁","1","1","2"
"堡李继迁寨","1","1","2"
"知县晏子宾","1","1","2"
"安塞马贼高","1","1","2"
"塞马贼高迎","1","1","2"
"马贼高迎祥","1","1","2"
"饥民王大梁","1","1","2"
"民王大梁聚","1","1","2"
"王大梁聚众","1","1","2"
"参政刘应遇","1","1","2"
"政刘应遇击","1","1","2"
"政洪承畴击","1","1","2"
"洪承畴击破","1","1","2"
"承畴击破王","1","1","2"
"畴击破王左","1","1","2"
"击破王左挂","1","1","2"
"山西巡抚耿","1","1","2"
"延绥总兵吴","1","1","2"
"甘肃巡抚梅","1","1","2"
"延绥巡抚张","1","1","2"
"绥巡抚张梦","1","1","2"
"巡抚张梦鲸","1","1","2"
"兵部郎中李","1","1","2"
"部郎中李继","1","1","2"
"请帑金十万","2","0","2"
"帑金十万振","2","0","2"
"孤山副将曹","1","1","2"
"山副将曹文","1","1","2"
"献忠共三十","1","1","2"
"忠共三十六","1","1","2"
"共三十六营","1","1","2"
"张福臻代承","2","0","2"
"福臻代承畴","2","0","2"
"诸将曹文诏","2","0","2"
"督张宗衡分","1","1","2"
"转入磨盘山","1","1","2"
"佥事张道浚","1","1","2"
"官曹文诏率","1","1","2"
"曹文诏率陕","1","1","2"
"文诏率陕西","1","1","2"
"诏率陕西兵","1","1","2"
"山西三大盗","1","1","2"
"大名道卢象","1","1","2"
"名道卢象升","1","1","2"
"邢台摩天岭","1","1","2"
"台摩天岭西","1","1","2"
"摩天岭西下","1","1","2"
"潞王上疏告","1","1","2"
"王上疏告急","1","1","2"
"监军太监杨","1","1","2"
"军太监杨进","1","1","2"
"太监杨进朝","1","1","2"
"监杨进朝信","1","1","2"
"会天寒河冰","2","0","2"
"天寒河冰合","2","0","2"
"毛家寨策马","1","1","2"
"河南巡抚玄","1","1","2"
"南巡抚玄默","1","1","2"
"巡抚玄默率","1","1","2"
"贼窜入卢氏","1","1","2"
"窜入卢氏山","1","1","2"
"入卢氏山中","1","1","2"
"间道直走内","1","1","2"
"道直走内乡","1","1","2"
"卢象升抚治","1","1","2"
"象升抚治郧","1","1","2"
"升抚治郧阳","1","1","2"
"贿奇瑜左右","2","0","2"
"檄诸将按兵","1","1","2"
"所过州县具","2","0","2"
"过州县具糗","2","0","2"
"大学士温体","1","1","2"
"学士温体仁","1","1","2"
"固原道陆梦","1","1","2"
"原道陆梦龙","1","1","2"
"围陇州四十","1","1","2"
"窜入终南山","1","1","2"
"山东巡抚朱","1","1","2"
"东巡抚朱大","1","1","2"
"献忠共十三","1","1","2"
"忠共十三家","1","1","2"
"共十三家七","1","1","2"
"知州尹梦鳌","1","1","2"
"州判赵士宽","1","1","2"
"判赵士宽战","1","1","2"
"赵士宽战死","1","1","2"
"漕运都御史","1","1","2"
"运都御史杨","1","1","2"
"御史杨一鹏","1","1","2"
"古元真龙皇","1","1","2"
"元真龙皇帝","1","1","2"
"击老回回等","1","1","2"
"令副总兵刘","1","1","2"
"副总兵刘成","1","1","2"
"总兵刘成功","1","1","2"
"尤世威中箭","1","1","2"
"河南巡抚陈","1","1","2"
"南巡抚陈必","1","1","2"
"抚陈必谦督","1","1","2"
"知州黎弘业","1","1","2"
"卿李觉斯坚","1","1","2"
"李觉斯坚守","1","1","2"
"史方震孺坚","1","1","2"
"方震孺坚守","1","1","2"
"汤九州战死","1","1","2"
"犯巩昌北境","1","1","2"
"总兵官俞冲","1","1","2"
"兵官俞冲霄","1","1","2"
"知县边大绶","1","1","2"
"变蛟连战七","1","1","2"
"官侯良柱战","1","1","2"
"侯良柱战死","1","1","2"
"青川等州县","1","1","2"
"田见秀等十","1","1","2"
"见秀等十八","1","1","2"
"秀等十八骑","1","1","2"
"十八骑溃围","2","0","2"
"督郑崇俭发","1","1","2"
"郑崇俭发兵","1","1","2"
"杀知县唐启","1","1","2"
"知县唐启泰","1","1","2"
"杀知县武大","1","1","2"
"知县武大烈","1","1","2"
"知县徐日泰","1","1","2"
"县徐日泰骂","1","1","2"
"徐日泰骂贼","1","1","2"
"杞县举人李","1","1","2"
"县举人李信","1","1","2"
"逆案中尚书","1","1","2"
"案中尚书李","1","1","2"
"中尚书李精","1","1","2"
"取天下人心","1","1","2"
"天下人心本","2","0","2"
"福王常洵遇","2","0","2"
"王常洵遇害","2","0","2"
"邸金振饥民","2","0","2"
"史高名衡等","1","1","2"
"土寇袁时中","1","1","2"
"杨文岳会师","1","1","2"
"巡抚汪乔年","1","1","2"
"抚汪乔年调","1","1","2"
"汪乔年调兵","1","1","2"
"河南大将李","1","1","2"
"南大将李国","1","1","2"
"大将李国奇","1","1","2"
"亲军筑垒固","1","1","2"
"杀副将刘国","1","1","2"
"副将刘国能","1","1","2"
"副将李万庆","1","1","2"
"总兵陈永福","1","1","2"
"炮殪上天龙","2","0","2"
"殪上天龙等","2","0","2"
"城上凿横道","1","1","2"
"副使关永杰","1","1","2"
"丘知县梁樟","2","0","2"
"释故尚书侯","2","0","2"
"故尚书侯恂","2","0","2"
"召左良玉援","1","1","2"
"良玉朱仙镇","2","0","2"
"山东总兵刘","1","1","2"
"东总兵刘泽","1","1","2"
"决马家口河","2","0","2"
"马守应称老","1","1","2"
"守应称老回","1","1","2"
"应称老回回","1","1","2"
"贺一龙称革","1","1","2"
"一龙称革里","1","1","2"
"龙称革里眼","1","1","2"
"贺锦称左金","1","1","2"
"锦称左金王","1","1","2"
"刘希尧称争","1","1","2"
"希尧称争世","1","1","2"
"尧称争世王","1","1","2"
"蔺养成称乱","1","1","2"
"养成称乱世","1","1","2"
"成称乱世王","1","1","2"
"豫人所谓柿","2","0","2"
"人所谓柿园","2","0","2"
"大清兵南侵","1","1","2"
"连营五百余","1","1","2"
"营五百余里","1","1","2"
"烧献陵木城","1","1","2"
"孝感等州县","1","1","2"
"治都御史徐","1","1","2"
"兵三十余队","1","1","2"
"白鬃大纛银","1","1","2"
"鬃大纛银浮","1","1","2"
"大纛银浮屠","1","1","2"
"收男子十五","1","1","2"
"汝才妻妾数","1","1","2"
"才妻妾数十","1","1","2"
"山西举人吉","1","1","2"
"击杀袁时中","1","1","2"
"集牛金星等","1","1","2"
"金星请先取","1","1","2"
"星请先取河","1","1","2"
"请先取河北","1","1","2"
"火车二万辆","1","1","2"
"陈永福守新","1","1","2"
"永福守新滩","1","1","2"
"死者四万余","2","0","2"
"失兵器辎重","1","1","2"
"遂连破华阴","1","1","2"
"守将王根子","1","1","2"
"将王根子开","1","1","2"
"王根子开东","1","1","2"
"根子开东门","1","1","2"
"巡抚冯师孔","1","1","2"
"顾君恩女乐","1","1","2"
"君恩女乐一","1","1","2"
"恩女乐一部","1","1","2"
"百姓望见黄","1","1","2"
"姓望见黄龙","1","1","2"
"望见黄龙纛","1","1","2"
"甘肃巡抚林","1","1","2"
"肃巡抚林日","1","1","2"
"宗室三百余","1","1","2"
"余应桂总督","1","1","2"
"应桂总督三","1","1","2"
"桂总督三边","1","1","2"
"设天佑殿大","1","1","2"
"天佑殿大学","1","1","2"
"佑殿大学士","1","1","2"
"步兵四十万","1","1","2"
"兵政侍郎杨","1","1","2"
"政侍郎杨王","1","1","2"
"侍郎杨王休","1","1","2"
"令弘文馆学","1","1","2"
"文馆学士李","1","1","2"
"馆学士李化","1","1","2"
"学士李化鳞","1","1","2"
"士李化鳞等","1","1","2"
"士李建泰请","1","1","2"
"府县多望风","1","1","2"
"县多望风送","1","1","2"
"多望风送款","1","1","2"
"执晋王求桂","2","0","2"
"抚蔡懋德死","1","1","2"
"宁武总兵周","1","1","2"
"武总兵周遇","1","1","2"
"总兵周遇吉","1","1","2"
"兵周遇吉战","1","1","2"
"周遇吉战死","1","1","2"
"巡抚卫景瑗","1","1","2"
"总兵朱三乐","1","1","2"
"兵朱三乐死","1","1","2"
"代王传齐","2","0","2"
"总兵官李守","1","1","2"
"宫女魏氏投","1","1","2"
"女魏氏投河","1","1","2"
"大学士魏藻","1","1","2"
"学士魏藻德","1","1","2"
"士魏藻德率","1","1","2"
"文武百官入","1","1","2"
"监王德化叱","1","1","2"
"大学士陈演","1","1","2"
"学士陈演劝","1","1","2"
"少詹事梁绍","1","1","2"
"詹事梁绍阳","1","1","2"
"藻德等共八","1","1","2"
"德等共八百","1","1","2"
"等共八百余","1","1","2"
"共八百余人","1","1","2"
"马世奇家人","1","1","2"
"河南遍设官","1","1","2"
"南遍设官吏","1","1","2"
"巡抚路振飞","1","1","2"
"抚路振飞发","1","1","2"
"路振飞发兵","1","1","2"
"海关总兵吴","1","1","2"
"关总兵吴三","1","1","2"
"杀贼数千人","1","1","2"
"金星代行郊","1","1","2"
"伪将军左光","1","1","2"
"将军左光先","1","1","2"
"下令安辑百","1","1","2"
"令安辑百姓","1","1","2"
"福王监国南","2","0","2"
"王监国南京","2","0","2"
"法督师讨贼","1","1","2"
"保护懿安皇","1","1","2"
"护懿安皇后","1","1","2"
"河南州县多","2","0","2"
"总兵赵光远","1","1","2"
"伪尚书张第","1","1","2"
"尚书张第元","1","1","2"
"顺治二年二","1","1","2"
"龙驹寨走武","1","1","2"
"驹寨走武冈","1","1","2"
"成留李过守","1","1","2"
"留李过守寨","1","1","2"
"贼帅奉高氏","1","1","2"
"赐锦名赤心","2","0","2"
"主将陈洪范","1","1","2"
"总兵官王威","1","1","2"
"聚众三十六","1","1","2"
"众三十六营","1","1","2"
"江北数千里","1","1","2"
"北数千里地","1","1","2"
"嵩县九皋山","2","0","2"
"江北贼贺一","1","1","2"
"北贼贺一龙","1","1","2"
"巡抚国维告","1","1","2"
"刘良佐合兵","2","0","2"
"王等四十余","1","1","2"
"前锋罗岱射","1","1","2"
"锋罗岱射中","1","1","2"
"本名刘国能","1","1","2"
"御史林铭球","1","1","2"
"分巡道王瑞","1","1","2"
"文灿赴裕州","1","1","2"
"监军太监李","1","1","2"
"军太监李继","1","1","2"
"太监李继改","1","1","2"
"王光恩等十","1","1","2"
"光恩等十三","1","1","2"
"恩等十三家","1","1","2"
"信兵部尚书","1","1","2"
"杀知县郝景","1","1","2"
"知县郝景春","1","1","2"
"十三家降贼","1","1","2"
"三家降贼一","1","1","2"
"家降贼一时","1","1","2"
"左良玉追击","1","1","2"
"汝才过天星","2","0","2"
"过天星窜伏","1","1","2"
"击贼枸坪关","2","0","2"
"李国奇夹击","2","0","2"
"千三百余级","2","0","2"
"湖广将张应","2","0","2"
"广将张应元","2","0","2"
"女土司秦良","1","1","2"
"土司秦良玉","1","1","2"
"川抚邵捷春","2","0","2"
"抚邵捷春退","1","1","2"
"总兵官赵光","1","1","2"
"兵官赵光远","1","1","2"
"将刘士杰追","1","1","2"
"士杰游击郭","2","0","2"
"杰游击郭开","2","0","2"
"游击郭开等","1","1","2"
"一日夜驰三","2","0","2"
"日夜驰三百","2","0","2"
"夜驰三百里","2","0","2"
"杀督师使者","2","0","2"
"督师使者道","2","0","2"
"献忠缚襄王","2","0","2"
"王努力尽酒","2","0","2"
"杀郧襄道张","1","1","2"
"郧襄道张克","1","1","2"
"襄道张克俭","1","1","2"
"推官邝曰广","1","1","2"
"守将王光恩","1","1","2"
"分官军兵力","1","1","2"
"献忠五百骑","1","1","2"
"土贼一斗谷","1","1","2"
"凤阳总督高","1","1","2"
"阳总督高斗","1","1","2"
"总督高斗光","1","1","2"
"麻城人汤志","1","1","2"
"献忠遂僣号","2","0","2"
"陈两姓土官","1","1","2"
"两姓土官悍","1","1","2"
"姓土官悍勇","1","1","2"
"沔阳知州章","1","1","2"
"阳知州章旷","1","1","2"
"武昌生员程","1","1","2"
"昌生员程天","1","1","2"
"生员程天一","1","1","2"
"白云寨长易","1","1","2"
"云寨长易道","1","1","2"
"寨长易道三","1","1","2"
"按刘熙祚奉","1","1","2"
"刘熙祚奉吉","1","1","2"
"熙祚奉吉王","1","1","2"
"熙祚命中军","1","1","2"
"祚命中军护","1","1","2"
"败守道刘麟","1","1","2"
"守道刘麟长","1","1","2"
"南京诸臣尊","1","1","2"
"京诸臣尊立","1","1","2"
"诸臣尊立福","1","1","2"
"臣尊立福王","1","1","2"
"大学士王应","1","1","2"
"学士王应熊","1","1","2"
"号大西国王","1","1","2"
"十一月庚寅","2","0","2"
"黎州土司马","1","1","2"
"州土司马金","1","1","2"
"土司马金坚","1","1","2"
"伪都督张君","1","1","2"
"王明等数十","1","1","2"
"明等数十人","1","1","2"
"然后决堤放","1","1","2"
"伪将刘进忠","1","1","2"
"内杂树成拱","1","1","2"
"穆宗朝内官","1","1","2"
"宗朝内官监","1","1","2"
"隆庆元年二","1","1","2"
"庆元年二月","1","1","2"
"上林苑监增","1","1","2"
"林苑监增设","1","1","2"
"年十一月复","2","0","2"
"尚书毛恺等","1","1","2"
"臣等莫知所","2","0","2"
"工部尚书雷","1","1","2"
"部尚书雷礼","1","1","2"
"传造采办器","1","1","2"
"造采办器物","1","1","2"
"肃藩辅国将","1","1","2"
"藩辅国将军","1","1","2"
"尚宝丞郑履","1","1","2"
"宝丞郑履淳","1","1","2"
"都事中舒化","2","0","2"
"事中舒化等","1","1","2"
"隆庆元年提","1","1","2"
"庆元年提督","1","1","2"
"元年提督东","1","1","2"
"年提督东厂","1","1","2"
"张居正深相","1","1","2"
"三道御史刘","1","1","2"
"道御史刘良","1","1","2"
"御史刘良弼","1","1","2"
"史刘良弼等","1","1","2"
"锦衣都督朱","1","1","2"
"衣都督朱希","1","1","2"
"督朱希孝等","1","1","2"
"保内倚太后","1","1","2"
"内阁产白莲","1","1","2"
"居正夺情杖","2","0","2"
"疏荐座主潘","2","0","2"
"荐座主潘晟","2","0","2"
"主潘晟入阁","1","1","2"
"中王继光相","1","1","2"
"王继光相继","1","1","2"
"内阁张四维","1","1","2"
"御史郭惟贤","1","1","2"
"史郭惟贤请","1","1","2"
"郭惟贤请召","1","1","2"
"东宫旧阉张","1","1","2"
"宫旧阉张鲸","1","1","2"
"何忠等八人","1","1","2"
"金银百余万","1","1","2"
"保掌司礼监","2","0","2"
"历十六年冬","1","1","2"
"御史何光劾","2","0","2"
"史何光劾鲸","2","0","2"
"鲸策励供事","2","0","2"
"事中陈尚象","1","1","2"
"御史方万策","1","1","2"
"史马象乾劾","2","0","2"
"劾大学士申","1","1","2"
"下象乾诏狱","2","0","2"
"部尚书吴文","1","1","2"
"书吴文华率","1","1","2"
"御史贾希夷","1","1","2"
"事中徐常吉","1","1","2"
"申时行等毓","2","0","2"
"时行等毓德","2","0","2"
"行等毓德宫","2","0","2"
"房山县民史","1","1","2"
"山县民史锦","1","1","2"
"县民史锦奏","1","1","2"
"民史锦奏请","1","1","2"
"史锦奏请开","1","1","2"
"锦奏请开矿","1","1","2"
"请遣官开矿","1","1","2"
"金七百余万","1","1","2"
"奉敕开采山","1","1","2"
"敕开采山东","1","1","2"
"县吴宗尧抗","1","1","2"
"增二十大罪","1","1","2"
"临清税监马","1","1","2"
"清税监马堂","1","1","2"
"税监马堂相","1","1","2"
"监马堂相争","1","1","2"
"内阁中书程","1","1","2"
"阁中书程守","1","1","2"
"中军官仝治","1","1","2"
"军官仝治等","1","1","2"
"大商巨室藏","1","1","2"
"盐务少监鲁","1","1","2"
"务少监鲁保","1","1","2"
"阳巡抚李三","1","1","2"
"三十三年始","2","0","2"
"二十七年二","1","1","2"
"收名马货物","1","1","2"
"富平知县王","1","1","2"
"平知县王正","1","1","2"
"知县王正志","1","1","2"
"劾矿监赵钦","1","1","2"
"渭南知县徐","1","1","2"
"南知县徐斗","1","1","2"
"知县徐斗牛","1","1","2"
"巡抚贾待问","1","1","2"
"蓝田等七关","1","1","2"
"咸阳冰片五","1","1","2"
"阳冰片五十","1","1","2"
"冰片五十斤","1","1","2"
"羊毛一万斤","1","1","2"
"麝香二十斤","1","1","2"
"知县宋时际","1","1","2"
"陕西巡抚顾","1","1","2"
"持剑戟弓弩","1","1","2"
"咸宁知县朝","1","1","2"
"宁知县朝荐","1","1","2"
"朝荐承余御","1","1","2"
"荐承余御史","1","1","2"
"侍郎吕坤所","1","1","2"
"郎吕坤所著","1","1","2"
"时国本未定","2","0","2"
"魏允贞等九","1","1","2"
"允贞等九人","1","1","2"
"三十一年十","1","1","2"
"十一年十一","1","1","2"
"续忧危竑议","2","0","2"
"三边总督李","1","1","2"
"边总督李汶","1","1","2"
"保定巡抚孙","1","1","2"
"定巡抚孙玮","1","1","2"
"少卿张养志","1","1","2"
"千户王名世","1","1","2"
"指挥周嘉庆","1","1","2"
"辅沈一贯欲","2","0","2"
"富商包继志","1","1","2"
"郑主乘黄屋","1","1","2"
"参政姜士昌","1","1","2"
"杀税监杨荣","2","0","2"
"狱中生青草","2","0","2"
"管事牌子常","1","1","2"
"事牌子常云","1","1","2"
"牌子常云独","1","1","2"
"皇长子伴读","1","1","2"
"郑贵妃谋立","1","1","2"
"贵妃谋立己","2","0","2"
"妃谋立己子","2","0","2"
"客中书舍人","1","1","2"
"中书舍人汪","1","1","2"
"书舍人汪文","1","1","2"
"舍人汪文言","1","1","2"
"中外翕然称","2","0","2"
"外翕然称贤","2","0","2"
"史左光斗等","1","1","2"
"西宫李选侍","1","1","2"
"生母王才人","1","1","2"
"天启元年五","1","1","2"
"启元年五月","1","1","2"
"安掌司礼监","2","0","2"
"南海子提督","1","1","2"
"李选侍私阉","1","1","2"
"迁司礼秉笔","2","0","2"
"天启元年诏","1","1","2"
"客氏香火田","1","1","2"
"侍郎陈邦瞻","1","1","2"
"结大学士沈","1","1","2"
"刑部主事刘","1","1","2"
"部主事刘宗","1","1","2"
"主事刘宗周","1","1","2"
"事刘宗周首","1","1","2"
"赖大学士叶","1","1","2"
"宪成讲学东","2","0","2"
"成讲学东林","2","0","2"
"内士大夫多","1","1","2"
"弟侄锦衣卫","2","0","2"
"修撰文震孟","1","1","2"
"少卿满朝荐","1","1","2"
"私人魏广微","1","1","2"
"令御史郭巩","1","1","2"
"保举熊廷弼","1","1","2"
"御史汪泗论","1","1","2"
"太监王国臣","1","1","2"
"私人许显纯","1","1","2"
"时御史李应","1","1","2"
"御史刘廷佐","1","1","2"
"劾忠贤二十","2","0","2"
"部尚书陈道","1","1","2"
"尚书陈道亨","1","1","2"
"侍郎岳元声","1","1","2"
"郎岳元声等","1","1","2"
"岳元声等七","1","1","2"
"元声等七十","1","1","2"
"声等七十余","1","1","2"
"交章论忠贤","2","0","2"
"礼部尚书翁","1","1","2"
"部尚书翁正","1","1","2"
"尚书翁正春","1","1","2"
"书翁正春请","1","1","2"
"先后数十人","2","0","2"
"事中李鲁生","1","1","2"
"工部主事曹","1","1","2"
"部主事曹钦","1","1","2"
"主事曹钦程","1","1","2"
"事曹钦程等","1","1","2"
"杨涟等二十","1","1","2"
"涟等二十余","1","1","2"
"顾大章等六","1","1","2"
"大章等六人","1","1","2"
"熊廷弼案中","1","1","2"
"御史吴裕中","1","1","2"
"尚书李宗延","1","1","2"
"侍郎公鼐等","1","1","2"
"郎公鼐等五","1","1","2"
"公鼐等五十","1","1","2"
"鼐等五十余","1","1","2"
"中书吴怀贤","1","1","2"
"书吴怀贤读","1","1","2"
"吴怀贤读杨","1","1","2"
"怀贤读杨涟","1","1","2"
"族叔魏志德","1","1","2"
"佥书锦衣卫","1","1","2"
"荫都督佥事","1","1","2"
"治前应天巡","1","1","2"
"攀龙赴水死","2","0","2"
"捕颜佩韦等","1","1","2"
"颜佩韦等五","1","1","2"
"佩韦等五人","1","1","2"
"刑部尚书徐","1","1","2"
"部尚书徐兆","1","1","2"
"尚书徐兆魁","1","1","2"
"书徐兆魁治","1","1","2"
"命顾秉谦等","1","1","2"
"忠贤冒边功","2","0","2"
"辽阳男子武","1","1","2"
"阳男子武长","1","1","2"
"男子武长春","1","1","2"
"封忠贤侄良","2","0","2"
"良卿肃宁伯","2","0","2"
"部尚书王绍","1","1","2"
"书王绍徽请","1","1","2"
"仓场总督薛","1","1","2"
"场总督薛贞","1","1","2"
"宗人吴养春","1","1","2"
"主事吕下问","1","1","2"
"评事许志吉","1","1","2"
"事许志吉先","1","1","2"
"许志吉先后","1","1","2"
"知府石万程","1","1","2"
"都督张体乾","1","1","2"
"督张体乾诬","1","1","2"
"知府刘铎代","1","1","2"
"府刘铎代李","1","1","2"
"刘铎代李承","1","1","2"
"铎代李承恩","1","1","2"
"士方景阳诅","1","1","2"
"主事徐石麒","1","1","2"
"御史门克新","1","1","2"
"史门克新诬","1","1","2"
"大权一归忠","2","0","2"
"权一归忠贤","2","0","2"
"梁栋等三十","1","1","2"
"栋等三十余","1","1","2"
"倪文焕主谋","1","1","2"
"文焕主谋议","1","1","2"
"部尚书周应","1","1","2"
"尚书周应秋","1","1","2"
"卿曹钦程等","1","1","2"
"张国纪纵奴","1","1","2"
"顺天府丞刘","1","1","2"
"天府丞刘志","1","1","2"
"府丞刘志选","1","1","2"
"王体乾危言","1","1","2"
"部尚书薛凤","1","1","2"
"尚书薛凤翔","1","1","2"
"刑部尚书薛","1","1","2"
"部尚书薛贞","1","1","2"
"蕃育署丞张","1","1","2"
"育署丞张永","1","1","2"
"署丞张永祚","1","1","2"
"奏三年缉捕","1","1","2"
"指挥使四人","1","1","2"
"希孟世袭锦","1","1","2"
"孟世袭锦衣","1","1","2"
"总兵梁柱朝","1","1","2"
"蓟州道胡士","1","1","2"
"州道胡士容","1","1","2"
"中书朱慎鉴","1","1","2"
"丰城侯李永","1","1","2"
"城侯李永祚","1","1","2"
"尚书邵辅忠","1","1","2"
"大学士黄立","1","1","2"
"学士黄立极","1","1","2"
"山东产麒麟","1","1","2"
"巡抚李精白","1","1","2"
"孙鹏翼安平","2","0","2"
"鹏翼安平伯","2","0","2"
"良栋东安侯","2","0","2"
"呈秀兵部尚","2","0","2"
"秀兵部尚书","2","0","2"
"兵部尚书左","2","0","2"
"部尚书左都","2","0","2"
"尚书左都御","2","0","2"
"书左都御史","2","0","2"
"士大夫遮道","1","1","2"
"七年秋八月","1","1","2"
"杨维垣先攻","1","1","2"
"主事陆澄原","1","1","2"
"员外郎史躬","1","1","2"
"外郎史躬盛","1","1","2"
"嘉兴贡生钱","1","1","2"
"兴贡生钱嘉","1","1","2"
"忠贤十大罪","1","1","2"
"太监徐应元","1","1","2"
"命大学士韩","1","1","2"
"学士韩爌等","2","0","2"
"韩爌等定逆","2","0","2"
"爌等定逆案","2","0","2"
"劾忠贤疏上","2","0","2"
"庄烈帝定逆","1","1","2"
"烈帝定逆案","1","1","2"
"崔呈秀所献","1","1","2"
"子侯国兴授","1","1","2"
"侯国兴授读","1","1","2"
"贵妃宫中内","2","0","2"
"妃宫中内侍","2","0","2"
"文升受贵妃","1","1","2"
"升受贵妃指","1","1","2"
"史郑宗周等","1","1","2"
"文升总督漕","1","1","2"
"升总督漕运","1","1","2"
"充孝陵净军","2","0","2"
"朝司礼太监","2","0","2"
"崇祯四年九","1","1","2"
"祯四年九月","1","1","2"
"遣王应朝等","1","1","2"
"冯元飙等十","1","1","2"
"元飙等十余","1","1","2"
"飙等十余人","1","1","2"
"书闵洪学率","1","1","2"
"南京侍郎吕","1","1","2"
"京侍郎吕维","1","1","2"
"侍郎吕维祺","1","1","2"
"部侍郎李孙","1","1","2"
"侍郎李孙宸","1","1","2"
"部侍郎高弘","1","1","2"
"侍郎高弘图","1","1","2"
"主事孙肇兴","1","1","2"
"工部尚书周","1","1","2"
"部尚书周士","1","1","2"
"劾巡按御史","1","1","2"
"按御史胡良","1","1","2"
"御史胡良机","1","1","2"
"事中魏呈润","1","1","2"
"中傅朝佑言","2","0","2"
"史王志道言","2","0","2"
"撤监视总理","2","0","2"
"命太监陈大","1","1","2"
"入大帅曹文","1","1","2"
"太监李国辅","1","1","2"
"宣大总督梁","1","1","2"
"大总督梁廷","1","1","2"
"总督梁廷栋","1","1","2"
"永平道刘景","1","1","2"
"平道刘景耀","1","1","2"
"督卢象升孤","1","1","2"
"卢象升孤军","1","1","2"
"象升孤军战","1","1","2"
"杜勋骂贼殉","1","1","2"
"勋骂贼殉难","1","1","2"
"监曹化淳名","1","1","2"
"曹化淳名下","1","1","2"
"命承恩提督","1","1","2"
"承恩提督京","1","1","2"
"恩提督京营","1","1","2"
"命总监保定","1","1","2"
"总监保定军","1","1","2"
"监保定军务","1","1","2"
"同知邵宗元","1","1","2"
"知邵宗元等","1","1","2"
"总监方公贼","1","1","2"
"掌印太监高","1","1","2"
"印太监高时","1","1","2"
"太监高时明","1","1","2"
"秉笔太监李","1","1","2"
"笔太监李凤","1","1","2"
"太监李凤翔","1","1","2"
"提督诸监局","1","1","2"
"督诸监局太","1","1","2"
"诸监局太监","1","1","2"
"监局太监褚","1","1","2"
"局太监褚宪","1","1","2"
"太监褚宪章","1","1","2"
"张国元四人","1","1","2"
"置军民总管","1","1","2"
"遣征南将军","1","1","2"
"征南将军颍","1","1","2"
"南将军颍川","1","1","2"
"左副将军永","1","1","2"
"副将军永昌","1","1","2"
"将军永昌侯","1","1","2"
"右副将军西","1","1","2"
"分遣都督胡","2","0","2"
"督胡海洋等","1","1","2"
"循格孤山南","2","0","2"
"陆侯吴复总","2","0","2"
"侯吴复总兵","2","0","2"
"芒部三府隶","1","1","2"
"府隶四川布","2","0","2"
"隶四川布政","2","0","2"
"知府阿普病","1","1","2"
"衫一千五百","1","1","2"
"易马六千五","1","1","2"
"马六千五百","1","1","2"
"六千五百匹","1","1","2"
"乌撒知府阿","1","1","2"
"撒知府阿能","1","1","2"
"命西平侯沐","2","0","2"
"献马三百匹","1","1","2"
"侯叶升等分","1","1","2"
"五千五百三","1","1","2"
"千五百三十","1","1","2"
"五百三十八","1","1","2"
"百三十八人","1","1","2"
"乌撒知府卜","1","1","2"
"撒知府卜穆","1","1","2"
"乌蒙军民府","1","1","2"
"蒙军民府知","1","1","2"
"军民府知府","1","1","2"
"民府知府实","1","1","2"
"府知府实哲","1","1","2"
"土知府三年","1","1","2"
"马方物谢恩","2","0","2"
"部侍郎王骥","1","1","2"
"宜遣官按问","2","0","2"
"乌蒙儒学教","1","1","2"
"蒙儒学教授","1","1","2"
"通判黄甫越","1","1","2"
"选俊秀子弟","2","0","2"
"秀子弟入学","1","1","2"
"子弟入学读","1","1","2"
"弟入学读书","1","1","2"
"土官普茂等","1","1","2"
"中官陈清等","1","1","2"
"御史项愫会","1","1","2"
"乌撒知府陇","1","1","2"
"撒知府陇旧","1","1","2"
"知府陇旧等","1","1","2"
"七月二十七","1","1","2"
"死者三百余","2","0","2"
"部僰蛮阿磉","2","0","2"
"僰蛮阿磉等","2","0","2"
"部土舍陇寿","1","1","2"
"镇守中官会","1","1","2"
"贵州参政傅","1","1","2"
"州参政傅习","1","1","2"
"都指挥许诏","1","1","2"
"督永宁宣抚","1","1","2"
"女土官奢爵","1","1","2"
"土官奢爵等","1","1","2"
"磉等四十三","1","1","2"
"等四十三人","1","1","2"
"斩一百十九","2","0","2"
"一百十九级","2","0","2"
"芒部护印土","1","1","2"
"部护印土舍","1","1","2"
"护印土舍陇","1","1","2"
"印土舍陇寿","1","1","2"
"土舍安宁等","1","1","2"
"坝底参将何","1","1","2"
"底参将何卿","1","1","2"
"巡抚许廷光","1","1","2"
"发土兵二万","1","1","2"
"土兵二万五","1","1","2"
"贵州参将杨","1","1","2"
"州参将杨仁","1","1","2"
"参将杨仁等","1","1","2"
"斩首二百余","2","0","2"
"首二百余级","2","0","2"
"都御史汤沐","1","1","2"
"六百七十四","1","1","2"
"生擒一百六","1","1","2"
"擒一百六十","1","1","2"
"一百六十七","1","1","2"
"白乌石等四","1","1","2"
"乌石等四十","1","1","2"
"石等四十九","1","1","2"
"三年一入朝","2","0","2"
"攻陷镇雄城","1","1","2"
"遣总兵何卿","1","1","2"
"史王廷相任","1","1","2"
"总兵牛桓调","1","1","2"
"兵牛桓调兵","1","1","2"
"泸州守备丁","1","1","2"
"州守备丁勇","1","1","2"
"伍文定专主","1","1","2"
"四川巡抚唐","1","1","2"
"川巡抚唐凤","1","1","2"
"巡抚唐凤仪","1","1","2"
"怀德长官阿","1","1","2"
"德长官阿济","1","1","2"
"长官阿济等","1","1","2"
"嘉靖九年四","1","1","2"
"靖九年四月","1","1","2"
"东川土知府","1","1","2"
"川土知府禄","1","1","2"
"土知府禄庆","1","1","2"
"知府禄庆死","1","1","2"
"结乌撒土官","1","1","2"
"乌撒土官安","1","1","2"
"撒土官安泰","1","1","2"
"贵州宣慰安","1","1","2"
"州宣慰安万","1","1","2"
"沾益州土官","2","0","2"
"益州土官安","2","0","2"
"土官安九鼎","1","1","2"
"罗雄土官者","2","0","2"
"雄土官者浚","2","0","2"
"土官者浚等","1","1","2"
"九鼎治兵相","2","0","2"
"鼎治兵相攻","2","0","2"
"云南巡抚游","1","1","2"
"南巡抚游居","1","1","2"
"巡抚游居敬","1","1","2"
"巡按王大任","2","0","2"
"营长者阿易","1","1","2"
"心腹母勒阿","1","1","2"
"腹母勒阿济","1","1","2"
"母勒阿济等","1","1","2"
"抚按官雷贺","1","1","2"
"永宁土司传","1","1","2"
"照蛮俗罚牛","2","0","2"
"东川土司听","1","1","2"
"时巡按邓氵","1","1","2"
"巡按邓氵美","1","1","2"
"女土官实卜","1","1","2"
"弟阿哥二人","1","1","2"
"实卜乌撒土","1","1","2"
"卜乌撒土知","1","1","2"
"阿哥沾益土","1","1","2"
"哥沾益土知","1","1","2"
"女土官安素","1","1","2"
"土官安素仪","1","1","2"
"土知府禄墨","1","1","2"
"长子安云龙","1","1","2"
"子安效良归","1","1","2"
"倚沾益兵力","2","0","2"
"士民连名上","1","1","2"
"民连名上奏","1","1","2"
"始祖陇飞沙","1","1","2"
"祖陇飞沙献","1","1","2"
"水西安尧臣","2","0","2"
"十五火头等","1","1","2"
"巡抚乔应星","1","1","2"
"撒土舍安效","1","1","2"
"土舍安效良","1","1","2"
"贵州巡按御","1","1","2"
"州巡按御史","1","1","2"
"按御史杨鹤","1","1","2"
"云南抚按沈","1","1","2"
"南抚按沈儆","1","1","2"
"抚闵洪学所","1","1","2"
"部三十六营","1","1","2"
"副总兵袁善","1","1","2"
"宣抚使沙源","1","1","2"
"抚使沙源等","1","1","2"
"使沙源等督","1","1","2"
"督将士力战","2","0","2"
"设白母子居","1","1","2"
"四川巡抚差","1","1","2"
"川巡抚差官","1","1","2"
"巡抚差官李","1","1","2"
"抚差官李友","1","1","2"
"差官李友芝","1","1","2"
"云南巡抚谢","1","1","2"
"南巡抚谢存","1","1","2"
"巡抚谢存仁","1","1","2"
"督朱燮元调","1","1","2"
"朱燮元调集","1","1","2"
"云南抚按坚","1","1","2"
"罗彩令者布","1","1","2"
"立罗罗斯宣","1","1","2"
"罗斯宣慰司","1","1","2"
"置建昌卫指","1","1","2"
"平章月鲁帖","1","1","2"
"章月鲁帖木","1","1","2"
"贡马一百八","1","1","2"
"马一百八十","1","1","2"
"一百八十匹","1","1","2"
"绵布一百六","1","1","2"
"布一百六十","1","1","2"
"钞二千四百","1","1","2"
"二千四百四","1","1","2"
"四百四十锭","1","1","2"
"故土官安思","1","1","2"
"土官安思正","1","1","2"
"贡马九十九","1","1","2"
"马九十九匹","1","1","2"
"诏授师克知","1","1","2"
"授师克知府","1","1","2"
"僧保等四十","1","1","2"
"保等四十二","1","1","2"
"四十二人入","2","0","2"
"事五十三人","1","1","2"
"指挥佥事鲁","1","1","2"
"挥佥事鲁毅","1","1","2"
"佥事鲁毅率","1","1","2"
"遣壮士王旱","1","1","2"
"壮士王旱突","1","1","2"
"总兵官凉国","1","1","2"
"兵官凉国公","1","1","2"
"官凉国公蓝","1","1","2"
"都指挥使瞿","1","1","2"
"指挥使瞿能","1","1","2"
"伪千户段太","1","1","2"
"千户段太平","1","1","2"
"户段太平等","1","1","2"
"冲河三里所","1","1","2"
"挥同知徐凯","1","1","2"
"同知徐凯分","1","1","2"
"知徐凯分兵","1","1","2"
"入普济州搜","1","1","2"
"普济州搜捕","1","1","2"
"遣指挥李华","1","1","2"
"柏兴州贾哈","1","1","2"
"兴州贾哈喇","1","1","2"
"州贾哈喇境","1","1","2"
"贾哈喇境内","1","1","2"
"置军民指挥","1","1","2"
"四川行都指","1","1","2"
"川行都指挥","1","1","2"
"六世孙安忠","1","1","2"
"管指挥使事","1","1","2"
"族人安登继","1","1","2"
"土官卢尼姑","1","1","2"
"白氐等归附","1","1","2"
"乐元年复置","2","0","2"
"权知州杨者","1","1","2"
"知州杨者七","1","1","2"
"置茂州卫指","1","1","2"
"茂州卫指挥","1","1","2"
"茂州核桃沟","1","1","2"
"州核桃沟上","1","1","2"
"四川巡抚李","1","1","2"
"川巡抚李尚","1","1","2"
"巡抚李尚忠","1","1","2"
"溪右千户所","1","1","2"
"松潘黄毛鞑","1","1","2"
"静州长官司","1","1","2"
"武十五年归","2","0","2"
"十五年归附","2","0","2"
"汉关墩附近","1","1","2"
"溪守御千户","1","1","2"
"置松州都督","1","1","2"
"置吐蕃宣慰","1","1","2"
"吐蕃宣慰司","1","1","2"
"命平羌将军","2","0","2"
"平羌将军御","1","1","2"
"羌将军御史","1","1","2"
"将军御史大","1","1","2"
"军御史大夫","1","1","2"
"置松州卫指","1","1","2"
"松州卫指挥","1","1","2"
"宁州卫指挥","1","1","2"
"州卫指挥高","1","1","2"
"卫指挥高显","1","1","2"
"知州薛文胜","1","1","2"
"文胜安抚使","2","0","2"
"置十三族长","1","1","2"
"日安抚司附","1","1","2"
"占藏先结等","1","1","2"
"松潘八积族","1","1","2"
"潘八积族老","1","1","2"
"八积族老虎","1","1","2"
"积族老虎等","1","1","2"
"川侯曹震请","1","1","2"
"松潘等处军","1","1","2"
"潘等处军民","1","1","2"
"等处军民指","1","1","2"
"处军民指挥","1","1","2"
"赐文绮袭衣","2","0","2"
"八郎安抚司","1","1","2"
"安抚司朝贡","2","0","2"
"四川巡按等","1","1","2"
"指挥佥事蒋","1","1","2"
"挥佥事蒋贵","1","1","2"
"同松潘卫指","1","1","2"
"指挥吴玮招","2","0","2"
"护卫官校七","1","1","2"
"卫官校七千","1","1","2"
"官校七千人","1","1","2"
"指挥蒋贵等","1","1","2"
"渴卓等二十","1","1","2"
"八部安抚司","1","1","2"
"指挥佥事方","1","1","2"
"挥佥事方政","1","1","2"
"岩州长官司","1","1","2"
"王翱参赞军","2","0","2"
"翱参赞军务","2","0","2"
"调成都左卫","1","1","2"
"都指挥赵谅","1","1","2"
"指挥赵谅所","1","1","2"
"挥赵谅所陷","1","1","2"
"挥佥事王杲","1","1","2"
"黑虎寨贼首","2","0","2"
"部左侍郎罗","1","1","2"
"左侍郎罗绮","1","1","2"
"侍郎罗绮等","1","1","2"
"土官高茂林","1","1","2"
"指挥周贵等","1","1","2"
"挥周贵等统","1","1","2"
"松潘总兵许","1","1","2"
"潘总兵许贵","1","1","2"
"斩首一千一","1","1","2"
"首一千一百","1","1","2"
"白草坝等寨","1","1","2"
"副总兵卢能","1","1","2"
"兵备副使沈","1","1","2"
"备副使沈琮","1","1","2"
"副使沈琮督","1","1","2"
"斩获夜合等","1","1","2"
"获夜合等三","1","1","2"
"夜合等三十","1","1","2"
"合等三十六","1","1","2"
"指挥佥事尧","1","1","2"
"兵备沈琮分","1","1","2"
"剿白马路水","1","1","2"
"白马路水土","1","1","2"
"曩日安抚等","1","1","2"
"日安抚等十","1","1","2"
"安抚等十六","1","1","2"
"抚等十六族","1","1","2"
"松潘空心寨","1","1","2"
"指挥佥事李","1","1","2"
"挥佥事李镐","1","1","2"
"犯松潘坝州","1","1","2"
"指挥汤纲等","1","1","2"
"巡抚张瓒调","1","1","2"
"东南二路分","1","1","2"
"鹅饮溪等三","1","1","2"
"饮溪等三十","1","1","2"
"溪等三十一","1","1","2"
"商巴等二十","1","1","2"
"巴等二十六","1","1","2"
"督佥事何卿","1","1","2"
"何卿镇守松","1","1","2"
"卿镇守松潘","1","1","2"
"会巡抚张时","2","0","2"
"抚张时彻讨","2","0","2"
"张时彻讨擒","2","0","2"
"时彻讨擒渠","2","0","2"
"彻讨擒渠恶","2","0","2"
"讨擒渠恶数","2","0","2"
"擒渠恶数人","2","0","2"
"百七十余级","2","0","2"
"克营寨四十","1","1","2"
"营寨四十七","1","1","2"
"毁碉房四千","2","0","2"
"碉房四千八","2","0","2"
"房四千八百","2","0","2"
"置松潘安抚","1","1","2"
"土知州薛忠","1","1","2"
"知州薛忠义","1","1","2"
"临邛进士薛","1","1","2"
"邛进士薛严","1","1","2"
"兵备佥事赵","1","1","2"
"备佥事赵教","1","1","2"
"上下十八族","1","1","2"
"母党二十二","2","0","2"
"守备张良贤","1","1","2"
"百户杜世仁","1","1","2"
"垂四十余年","2","0","2"
"五代孟蜀时","1","1","2"
"属土番等处","2","0","2"
"隶四川都司","2","0","2"
"番招讨使高","1","1","2"
"招讨使高英","1","1","2"
"杂道长官司","1","1","2"
"入国学读书","1","1","2"
"乌茶五万斤","1","1","2"
"芽茶二千二","1","1","2"
"茶二千二百","1","1","2"
"二千二百斤","1","1","2"
"招讨高文林","1","1","2"
"讨高文林父","1","1","2"
"高文林父子","1","1","2"
"副招讨杨世","1","1","2"
"招讨杨世仁","1","1","2"
"碉门安抚司","1","1","2"
"王德贵归附","1","1","2"
"雅州千户所","1","1","2"
"近天全六番","1","1","2"
"置茶课司平","1","1","2"
"立都指挥使","1","1","2"
"五年一朝贡","2","0","2"
"置黎州长官","1","1","2"
"黎州长官司","1","1","2"
"袭邛部州六","1","1","2"
"邛部州六番","1","1","2"
"部州六番招","1","1","2"
"州六番招讨","1","1","2"
"黎州招讨使","1","1","2"
"川布政司招","1","1","2"
"钞五十四锭","1","1","2"
"治十四年命","1","1","2"
"时参将吴文","1","1","2"
"参将吴文杰","1","1","2"
"大渡河千户","1","1","2"
"渡河千户所","1","1","2"
"天全六番设","1","1","2"
"四千八百四","1","1","2"
"千八百四十","1","1","2"
"八百四十余","2","0","2"
"大渡河守御","1","1","2"
"渡河守御千","1","1","2"
"河守御千户","1","1","2"
"永乐三年六","1","1","2"
"乐三年六月","1","1","2"
"士卒二万七","1","1","2"
"卒二万七千","1","1","2"
"二万七千八","1","1","2"
"苏州刘家河","1","1","2"
"福建五虎门","1","1","2"
"建五虎门扬","1","1","2"
"五虎门扬帆","1","1","2"
"国王亚烈苦","1","1","2"
"王亚烈苦柰","1","1","2"
"生擒亚烈苦","1","1","2"
"擒亚烈苦柰","1","1","2"
"前伪王子苏","1","1","2"
"伪王子苏干","1","1","2"
"王子苏干剌","1","1","2"
"古里等十九","1","1","2"
"里等十九国","1","1","2"
"旧港酋长施","1","1","2"
"港酋长施济","1","1","2"
"酋长施济孙","1","1","2"
"长施济孙请","1","1","2"
"南京设守备","1","1","2"
"宣德五年六","1","1","2"
"德五年六月","1","1","2"
"忽鲁谟斯等","1","1","2"
"鲁谟斯等十","1","1","2"
"谟斯等十七","1","1","2"
"斯等十七国","1","1","2"
"传三保太监","1","1","2"
"三保太监下","1","1","2"
"保太监下西","1","1","2"
"太监下西洋","1","1","2"
"陆行数万里","1","1","2"
"驸马都尉沐","1","1","2"
"马都尉沐昕","1","1","2"
"仪仗鞍马什","1","1","2"
"仗鞍马什器","1","1","2"
"鞍马什器多","1","1","2"
"圣孝瑞应歌","1","1","2"
"万行具足十","1","1","2"
"行具足十方","1","1","2"
"胜圆觉妙智","1","1","2"
"圆觉妙智慧","1","1","2"
"觉妙智慧善","1","1","2"
"妙智慧善普","1","1","2"
"智慧善普应","1","1","2"
"大宝法王西","1","1","2"
"宝法王西天","1","1","2"
"法王西天大","1","1","2"
"王西天大善","1","1","2"
"灌顶大国师","1","1","2"
"西番尼八剌","1","1","2"
"地涌塔二国","1","1","2"
"者四百六十","2","0","2"
"四百六十余","1","1","2"
"范弘免死诏","1","1","2"
"统十四年夏","1","1","2"
"徐珵倡议南","1","1","2"
"珵倡议南迁","1","1","2"
"李永昌同谦","2","0","2"
"景泰元年十","1","1","2"
"泰元年十一","1","1","2"
"黄〈王厷〉","2","0","2"
"王文谋立外","2","0","2"
"文谋立外藩","2","0","2"
"令阮巨队等","1","1","2"
"人掌司礼监","2","0","2"
"太皇太后贤","1","1","2"
"使指挥马顺","2","0","2"
"酒李时勉素","1","1","2"
"勉荷校国子","2","0","2"
"荷校国子监","2","0","2"
"校国子监门","2","0","2"
"马都尉石璟","2","0","2"
"霸州知州张","1","1","2"
"州知州张需","1","1","2"
"知州张需禁","1","1","2"
"州张需禁饬","1","1","2"
"张需禁饬牧","1","1","2"
"需禁饬牧马","1","1","2"
"禁饬牧马校","1","1","2"
"饬牧马校卒","1","1","2"
"锦衣卫卒王","1","1","2"
"衣卫卒王永","1","1","2"
"卫卒王永心","1","1","2"
"工部郎中王","1","1","2"
"先大举入寇","2","0","2"
"金银六十余","1","1","2"
"银六十余库","1","1","2"
"门下曹吉祥","1","1","2"
"部尚书王翱","1","1","2"
"侯孙镗西征","1","1","2"
"杀都御史寇","1","1","2"
"軏斫钦中膊","2","0","2"
"命校尉袁彬","1","1","2"
"统十四年冬","1","1","2"
"按御史刘孜","1","1","2"
"工部侍郎霍","1","1","2"
"吉祥分道征","1","1","2"
"御马监王敏","1","1","2"
"马监王敏请","1","1","2"
"留马房传奉","1","1","2"
"妖人李子龙","1","1","2"
"结太监韦舍","1","1","2"
"太监韦舍私","1","1","2"
"南京镇监覃","1","1","2"
"京镇监覃力","1","1","2"
"镇监覃力朋","1","1","2"
"武城县典史","1","1","2"
"叔父兵部主","1","1","2"
"父兵部主事","1","1","2"
"参政刘福等","1","1","2"
"臣等同心一","1","1","2"
"等同心一意","1","1","2"
"司礼监黄赐","1","1","2"
"千户吴绶镇","2","0","2"
"户吴绶镇抚","2","0","2"
"令东厂官校","1","1","2"
"程万里等数","1","1","2"
"万里等数十","1","1","2"
"里等数十人","1","1","2"
"骑日驰数百","1","1","2"
"日驰数百里","1","1","2"
"河南巡抚秦","1","1","2"
"直巡边扰民","1","1","2"
"兵部侍郎马","1","1","2"
"部侍郎马文","1","1","2"
"直威势倾天","1","1","2"
"威势倾天下","1","1","2"
"越封威宁伯","2","0","2"
"辽东巡按强","1","1","2"
"东巡按强珍","1","1","2"
"大同巡抚郭","1","1","2"
"同巡抚郭镗","1","1","2"
"妖人李孜省","1","1","2"
"陕西巡抚郑","1","1","2"
"西巡抚郑时","1","1","2"
"分守湖广行","1","1","2"
"守湖广行都","1","1","2"
"广行都司地","1","1","2"
"行都司地方","1","1","2"
"州巡抚陈宣","1","1","2"
"云南巡按御","1","1","2"
"按御史郭阳","1","1","2"
"遣指挥使郭","1","1","2"
"指挥使郭景","1","1","2"
"指挥卢安等","1","1","2"
"逼淫曩罕弄","1","1","2"
"都御史王恕","1","1","2"
"巡按御史甄","1","1","2"
"按御史甄希","1","1","2"
"御史甄希贤","1","1","2"
"守矿千户一","1","1","2"
"矿千户一人","1","1","2"
"广东市舶太","1","1","2"
"东市舶太监","1","1","2"
"广南均徭户","1","1","2"
"南均徭户六","1","1","2"
"布政使陈选","1","1","2"
"举李父贵冒","1","1","2"
"信妖人王臣","1","1","2"
"白金十万余","1","1","2"
"金十万余两","1","1","2"
"充孝陵卫净","2","0","2"
"孝陵卫净军","2","0","2"
"侯张鹤龄兄","1","1","2"
"龄兄弟入宫","1","1","2"
"进士吴宗周","1","1","2"
"士吴宗周先","1","1","2"
"吴宗周先后","1","1","2"
"太监李广杖","1","1","2"
"监李广杖杀","1","1","2"
"司礼太监萧","2","0","2"
"礼太监萧敬","2","0","2"
"夺畿内民田","1","1","2"
"御史张缙等","1","1","2"
"下法司究治","2","0","2"
"司设监太监","1","1","2"
"南京御史姜","1","1","2"
"京御史姜绾","1","1","2"
"御史姜绾等","1","1","2"
"太监郭镛等","1","1","2"
"太监陈祖生","1","1","2"
"奏户部主事","1","1","2"
"户部主事卢","1","1","2"
"部主事卢锦","1","1","2"
"事中方向私","1","1","2"
"府尹杨守随","1","1","2"
"尹杨守随勘","1","1","2"
"寺少卿杨谧","1","1","2"
"御史张宾先","1","1","2"
"史张宾先后","1","1","2"
"掘聚宝山伤","1","1","2"
"御史李光翰","1","1","2"
"尚书韩文率","1","1","2"
"永成掌东厂","1","1","2"
"时正德元年","2","0","2"
"德元年十月","1","1","2"
"南京事中戴","2","0","2"
"京事中戴铣","2","0","2"
"事中戴铣等","1","1","2"
"中戴铣等六","1","1","2"
"戴铣等六人","1","1","2"
"薄彦徽等十","1","1","2"
"彦徽等十五","1","1","2"
"徽等十五人","1","1","2"
"守备南京武","1","1","2"
"备南京武靖","1","1","2"
"南京武靖伯","1","1","2"
"京武靖伯赵","1","1","2"
"武靖伯赵承","1","1","2"
"靖伯赵承庆","1","1","2"
"南京副都御","1","1","2"
"京副都御史","1","1","2"
"副都御史陈","1","1","2"
"一千五百六","1","1","2"
"传旨授锦衣","2","0","2"
"尚宝卿顾璿","2","0","2"
"佥事牟斌善","1","1","2"
"郎中李梦阳","1","1","2"
"事中汤礼敬","1","1","2"
"礼部司务孙","1","1","2"
"部司务孙聪","1","1","2"
"授播州土司","1","1","2"
"播州土司杨","1","1","2"
"州土司杨斌","1","1","2"
"督山东学政","1","1","2"
"都御史屠滽","2","0","2"
"都御史周南","1","1","2"
"巡盐御史王","1","1","2"
"盐御史王润","1","1","2"
"察内甲字库","1","1","2"
"百七十三人","1","1","2"
"事中赵士贤","1","1","2"
"旬等数十人","1","1","2"
"事中许天锡","1","1","2"
"御史欧阳云","1","1","2"
"史欧阳云等","1","1","2"
"欧阳云等十","1","1","2"
"阳云等十余","1","1","2"
"云等十余人","1","1","2"
"御史十四人","1","1","2"
"史十四人分","1","1","2"
"十四人分道","1","1","2"
"劾尚书顾佐","1","1","2"
"江盐运使杨","1","1","2"
"盐运使杨奇","1","1","2"
"御史赵时中","1","1","2"
"都御史钱钺","1","1","2"
"礼部侍郎黄","1","1","2"
"部侍郎黄景","1","1","2"
"尚书秦纮家","2","0","2"
"侍讲吴一鹏","1","1","2"
"讲吴一鹏等","1","1","2"
"吴一鹏等十","1","1","2"
"一鹏等十六","1","1","2"
"鹏等十六人","1","1","2"
"衣卫指挥杨","1","1","2"
"卫指挥杨玉","1","1","2"
"令天下巡抚","1","1","2"
"天下巡抚入","1","1","2"
"下巡抚入京","1","1","2"
"延绥巡抚刘","1","1","2"
"绥巡抚刘宇","1","1","2"
"宣府巡抚陆","1","1","2"
"府巡抚陆完","1","1","2"
"王尚宾等三","1","1","2"
"尚宾等三人","1","1","2"
"事中郗夔核","1","1","2"
"祭酒王云凤","1","1","2"
"酒王云凤请","1","1","2"
"兵仗局太监","1","1","2"
"仗局太监孙","1","1","2"
"两广镇监潘","1","1","2"
"广镇监潘午","1","1","2"
"穿宫牌五百","1","1","2"
"共六十余人","1","1","2"
"吏部二十四","1","1","2"
"部二十四事","1","1","2"
"户部三十余","1","1","2"
"部三十余事","1","1","2"
"兵部十八事","1","1","2"
"工部十三事","1","1","2"
"都督同知景","1","1","2"
"督同知景祥","1","1","2"
"同知景祥死","1","1","2"
"将八月十五","2","0","2"
"尚书王敞等","1","1","2"
"兵部尚书何","1","1","2"
"部尚书何鉴","1","1","2"
"尚书何鉴乞","1","1","2"
"欲纵宸濠鄱","2","0","2"
"纵宸濠鄱阳","2","0","2"
"时太监张忠","1","1","2"
"太监张忠等","1","1","2"
"辈蛊惑先帝","1","1","2"
"分遣官校远","1","1","2"
"天下皆重足","2","0","2"
"过镇江狼山","1","1","2"
"事中阎闳极","1","1","2"
"正德十年奉","1","1","2"
"死者数百人","2","0","2"
"御史王钧等","1","1","2"
"孝陵卫充军","1","1","2"
"兴邸旧人掌","2","0","2"
"尽撤天下镇","2","0","2"
"撤天下镇守","2","0","2"
"天下镇守内","2","0","2"
"下镇守内臣","2","0","2"
"忠义卫千户","1","1","2"
"忠臣数十族","1","1","2"
"盐四百余万","1","1","2"
"牛车四百辆","1","1","2"
"命优童奏乐","1","1","2"
"都督薛禄先","1","1","2"
"都指挥哑失","1","1","2"
"指挥哑失帖","1","1","2"
"挥哑失帖木","1","1","2"
"造刀甲弓弩","1","1","2"
"罪状颁示天","1","1","2"
"状颁示天下","1","1","2"
"性机警沉鸷","1","1","2"
"理镇抚司刑","1","1","2"
"外戚会昌侯","1","1","2"
"戚会昌侯孙","1","1","2"
"会昌侯孙继","1","1","2"
"昌侯孙继宗","1","1","2"
"侯孙继宗兄","1","1","2"
"孙继宗兄弟","1","1","2"
"都指挥朱谅","1","1","2"
"指挥朱谅等","1","1","2"
"挥朱谅等七","1","1","2"
"朱谅等七十","1","1","2"
"谅等七十六","1","1","2"
"等七十六人","1","1","2"
"富家高门多","1","1","2"
"宁府弋阳王","1","1","2"
"弋阳王奠壏","2","0","2"
"赐奠壏母子","2","0","2"
"平地水数尺","2","0","2"
"指挥使李斌","1","1","2"
"弘农卫千户","1","1","2"
"农卫千户陈","1","1","2"
"卫千户陈安","1","1","2"
"下巡按御史","2","0","2"
"巡按御史邢","1","1","2"
"按御史邢宥","1","1","2"
"外戚都指挥","1","1","2"
"戚都指挥孙","1","1","2"
"都指挥孙绍","1","1","2"
"指挥孙绍宗","1","1","2"
"军士六十七","1","1","2"
"士六十七人","1","1","2"
"六十七人冒","1","1","2"
"十七人冒讨","1","1","2"
"窃户部山西","1","1","2"
"户部山西司","1","1","2"
"巡城御史徐","1","1","2"
"城御史徐茂","1","1","2"
"劾郎中赵昌","1","1","2"
"事中赵忠等","1","1","2"
"中程万里等","1","1","2"
"程万里等五","1","1","2"
"万里等五人","1","1","2"
"劾南京户部","1","1","2"
"户部侍郎马","1","1","2"
"部侍郎马谅","1","1","2"
"左都御史石","1","1","2"
"都御史石璞","1","1","2"
"府忻城伯赵","1","1","2"
"忻城伯赵荣","1","1","2"
"督同知范雄","1","1","2"
"奏知州秦永","1","1","2"
"知州秦永昌","1","1","2"
"布政使侯臣","1","1","2"
"按察使吴中","1","1","2"
"后巡按御史","1","1","2"
"按御史吴琬","1","1","2"
"御史吴琬等","1","1","2"
"史吴琬等四","1","1","2"
"吴琬等四人","1","1","2"
"御史李蕃按","1","1","2"
"陕西督储参","1","1","2"
"西督储参政","1","1","2"
"督储参政娄","1","1","2"
"储参政娄良","1","1","2"
"广参议李孟","1","1","2"
"参议李孟芳","1","1","2"
"西按察使钱","1","1","2"
"按察使钱博","1","1","2"
"福建佥事包","1","1","2"
"建佥事包瑛","1","1","2"
"陕西佥事李","1","1","2"
"西佥事李观","1","1","2"
"四川巡按田","1","1","2"
"川巡按田斌","1","1","2"
"云南巡按张","1","1","2"
"南巡按张祚","1","1","2"
"清军御史程","1","1","2"
"军御史程万","1","1","2"
"御史程万钟","1","1","2"
"刑部郎中冯","1","1","2"
"部郎中冯维","1","1","2"
"员外郎贝钿","1","1","2"
"布政使孙毓","1","1","2"
"政使孙毓等","1","1","2"
"使孙毓等八","1","1","2"
"孙毓等八人","1","1","2"
"妾父千户王","1","1","2"
"父千户王钦","1","1","2"
"安改补府军","1","1","2"
"东宫局丞王","1","1","2"
"宫局丞王纶","1","1","2"
"局丞王纶必","1","1","2"
"贵州都匀卫","1","1","2"
"言官交章论","2","0","2"
"婿指挥杨观","1","1","2"
"都指挥牛循","1","1","2"
"指挥牛循等","1","1","2"
"挥牛循等九","1","1","2"
"牛循等九人","1","1","2"
"西南丹卫充","1","1","2"
"南丹卫充军","1","1","2"
"布政司吏待","1","1","2"
"政司吏待选","1","1","2"
"司吏待选京","1","1","2"
"吏待选京职","1","1","2"
"御史杨守随","1","1","2"
"事中李俊等","1","1","2"
"渐干预政事","1","1","2"
"预郊坛分献","1","1","2"
"文思院副使","1","1","2"
"一传旨姓名","1","1","2"
"御史张稷等","1","1","2"
"本司左参议","1","1","2"
"极论传奉官","1","1","2"
"员外郎彭纲","1","1","2"
"江西人赤心","1","1","2"
"西人赤心报","1","1","2"
"人赤心报国","1","1","2"
"礼部郎中黄","1","1","2"
"部郎中黄景","1","1","2"
"兵部侍郎尹","1","1","2"
"部侍郎尹直","1","1","2"
"部尚书李裕","1","1","2"
"学士杨守陈","1","1","2"
"少詹事刘健","1","1","2"
"执政大臣万","1","1","2"
"政大臣万安","1","1","2"
"江西巡抚闵","1","1","2"
"顺天府丞杨","1","1","2"
"天府丞杨守","1","1","2"
"府丞杨守随","1","1","2"
"吏部奏通政","1","1","2"
"部奏通政使","1","1","2"
"右通政陈政","1","1","2"
"善书供事文","2","0","2"
"岳州通判沈","1","1","2"
"州通判沈政","1","1","2"
"敛天下货财","1","1","2"
"天下货财充","1","1","2"
"事中张善吉","1","1","2"
"坐交结近侍","2","0","2"
"僧录司左觉","1","1","2"
"录司左觉义","1","1","2"
"通元翊教广","1","1","2"
"元翊教广善","1","1","2"
"翊教广善国","1","1","2"
"教广善国师","1","1","2"
"建大永昌寺","1","1","2"
"民居数百家","1","1","2"
"外郎林俊请","1","1","2"
"空名度牒五","1","1","2"
"名度牒五百","1","1","2"
"道士孙道玉","1","1","2"
"万行庄严功","1","1","2"
"行庄严功德","1","1","2"
"胜智慧圆明","1","1","2"
"智慧圆明能","1","1","2"
"慧圆明能仁","1","1","2"
"圆明能仁感","1","1","2"
"明能仁感应","1","1","2"
"能仁感应显","1","1","2"
"仁感应显国","1","1","2"
"感应显国光","1","1","2"
"应显国光教","1","1","2"
"显国光教弘","1","1","2"
"国光教弘妙","1","1","2"
"光教弘妙大","1","1","2"
"教弘妙大悟","1","1","2"
"弘妙大悟法","1","1","2"
"妙大悟法王","1","1","2"
"大悟法王西","1","1","2"
"悟法王西天","1","1","2"
"善金刚普济","1","1","2"
"金刚普济大","1","1","2"
"刚普济大智","1","1","2"
"普济大智慧","1","1","2"
"济大智慧佛","1","1","2"
"事中魏元等","1","1","2"
"四百三十七","1","1","2"
"百三十七人","1","1","2"
"七百八十九","1","1","2"
"百八十九人","1","1","2"
"官一百二十","2","0","2"
"百二十三人","1","1","2"
"科臣林廷玉","1","1","2"
"宣府守将许","1","1","2"
"府守将许泰","1","1","2"
"千户周骐叱","1","1","2"
"百六十二间","1","1","2"
"延绥四镇军","2","0","2"
"荐万全都指","1","1","2"
"全都指挥李","1","1","2"
"都指挥李琮","1","1","2"
"西都指挥神","1","1","2"
"都指挥神周","1","1","2"
"造皇店酒肆","1","1","2"
"悉衣黄罩甲","2","0","2"
"尚书王琼赐","2","0","2"
"书王琼赐一","2","0","2"
"先令太监谷","1","1","2"
"令太监谷大","1","1","2"
"帝称威武大","2","0","2"
"永平知府毛","1","1","2"
"平知府毛思","1","1","2"
"知府毛思义","1","1","2"
"府毛思义忤","1","1","2"
"升赏内外官","1","1","2"
"九千五百五","1","1","2"
"幸总兵官戴","2","0","2"
"兵官戴钦第","2","0","2"
"晋府乐工杨","1","1","2"
"府乐工杨腾","1","1","2"
"绥总兵官马","1","1","2"
"总兵官马昂","1","1","2"
"结太监张忠","1","1","2"
"彬提督十二","1","1","2"
"刑部主事汪","1","1","2"
"部主事汪金","1","1","2"
"彬提督赞画","1","1","2"
"参赞尚书乔","1","1","2"
"赞尚书乔宇","1","1","2"
"应天府丞寇","1","1","2"
"天府丞寇天","1","1","2"
"府丞寇天叙","1","1","2"
"丞寇天叙挺","1","1","2"
"寇天叙挺身","1","1","2"
"旨召勋戚大","1","1","2"
"召勋戚大臣","1","1","2"
"赖镇国公朱","1","1","2"
"逆党申宗远","1","1","2"
"党申宗远等","1","1","2"
"申宗远等十","1","1","2"
"宗远等十五","1","1","2"
"远等十五人","1","1","2"
"荫一子锦衣","2","0","2"
"提督教场操","1","1","2"
"督教场操练","1","1","2"
"发功臣家奴","2","0","2"
"时京师久旱","1","1","2"
"黄金七十柜","1","1","2"
"白金二千二","1","1","2"
"金二千二百","1","1","2"
"二千二百柜","1","1","2"
"太监钱能家","1","1","2"
"评事沈光大","1","1","2"
"员外郎刘秉","1","1","2"
"外郎刘秉鉴","1","1","2"
"督乾清宫工","1","1","2"
"子司香太庙","2","0","2"
"伶人臧贤家","1","1","2"
"玉带二千五","1","1","2"
"带二千五百","1","1","2"
"二千五百束","1","1","2"
"黄金十余万","1","1","2"
"白金三千箱","1","1","2"
"胡椒数千石","1","1","2"
"杰等十一人","1","1","2"
"仪卫司典仗","1","1","2"
"世宗入承大","2","0","2"
"宗入承大统","2","0","2"
"举嘉靖八年","2","0","2"
"嘉靖八年武","1","1","2"
"靖八年武会","1","1","2"
"八年武会试","1","1","2"
"杀兵马指挥","1","1","2"
"司礼中官李","2","0","2"
"官李彬侵盗","1","1","2"
"庄园遍四方","1","1","2"
"时严嵩父子","1","1","2"
"张居正等言","2","0","2"
"非谋反叛逆","1","1","2"
"谋反叛逆奸","1","1","2"
"反叛逆奸党","1","1","2"
"清微妙济守","1","1","2"
"微妙济守静","1","1","2"
"妙济守静修","1","1","2"
"济守静修真","1","1","2"
"守静修真凝","1","1","2"
"静修真凝玄","1","1","2"
"修真凝玄衍","1","1","2"
"真凝玄衍范","1","1","2"
"凝玄衍范志","1","1","2"
"玄衍范志默","1","1","2"
"衍范志默秉","1","1","2"
"范志默秉诚","1","1","2"
"志默秉诚致","1","1","2"
"默秉诚致一","1","1","2"
"秉诚致一真","1","1","2"
"诚致一真人","1","1","2"
"风云雷雨坛","1","1","2"
"元节紫衣玉","1","1","2"
"节紫衣玉带","1","1","2"
"事中高金论","1","1","2"
"庄田三十顷","1","1","2"
"清微阐教崇","1","1","2"
"微阐教崇真","1","1","2"
"阐教崇真卫","1","1","2"
"教崇真卫道","1","1","2"
"崇真卫道高","1","1","2"
"真卫道高士","1","1","2"
"罗田万玉山","1","1","2"
"辽东库大使","1","1","2"
"庄敬太子患","1","1","2"
"神霄保国宣","1","1","2"
"霄保国宣教","1","1","2"
"保国宣教高","1","1","2"
"国宣教高士","1","1","2"
"神霄保国弘","1","1","2"
"霄保国弘烈","1","1","2"
"保国弘烈宣","1","1","2"
"国弘烈宣教","1","1","2"
"弘烈宣教振","1","1","2"
"烈宣教振法","1","1","2"
"宣教振法通","1","1","2"
"教振法通真","1","1","2"
"振法通真忠","1","1","2"
"法通真忠孝","1","1","2"
"通真忠孝秉","1","1","2"
"真忠孝秉一","1","1","2"
"忠孝秉一真","1","1","2"
"孝秉一真人","1","1","2"
"喜仲文祈祷","1","1","2"
"黄州同知郭","1","1","2"
"州同知郭显","1","1","2"
"同知郭显文","1","1","2"
"知郭显文监","1","1","2"
"工部郎何成","1","1","2"
"尚书熊浃谏","1","1","2"
"二十年遭宫","1","1","2"
"十年遭宫婢","1","1","2"
"心知臣下必","1","1","2"
"京师灾异频","1","1","2"
"仲文恭诚伯","2","0","2"
"齐河县道士","1","1","2"
"河县道士张","1","1","2"
"县道士张演","1","1","2"
"学建醮祈福","1","1","2"
"荫子锦衣百","1","1","2"
"子锦衣百户","1","1","2"
"四方奸人段","1","1","2"
"方奸人段朝","1","1","2"
"烧炼符咒荧","1","1","2"
"炼符咒荧惑","1","1","2"
"符咒荧惑天","1","1","2"
"咒荧惑天子","1","1","2"
"仲文恩宠日","1","1","2"
"文恩宠日隆","1","1","2"
"二龙相见说","2","0","2"
"献上历年所","1","1","2"
"上历年所赐","1","1","2"
"子尚宝少卿","1","1","2"
"尚宝少卿世","1","1","2"
"宝少卿世恩","1","1","2"
"手诏问礼部","1","1","2"
"尚书吴山博","1","1","2"
"书吴山博引","1","1","2"
"蛮夷长官司","1","1","2"
"湖广安定宣","1","1","2"
"广安定宣抚","1","1","2"
"安定宣抚使","1","1","2"
"定宣抚使向","1","1","2"
"宣抚使向思","1","1","2"
"抚使向思明","1","1","2"
"遣长官硬彻","1","1","2"
"长官硬彻律","1","1","2"
"官硬彻律等","1","1","2"
"元所授宣抚","2","0","2"
"所授宣抚敕","2","0","2"
"授宣抚敕印","2","0","2"
"宣抚敕印上","2","0","2"
"民宣抚司一","1","1","2"
"统军元帅二","1","1","2"
"宣抚使田光","1","1","2"
"抚使田光宝","1","1","2"
"川行省参政","1","1","2"
"置安抚元帅","1","1","2"
"安抚元帅治","1","1","2"
"宣慰使覃大","1","1","2"
"慰使覃大胜","1","1","2"
"副宣慰覃大","1","1","2"
"宣慰覃大兴","1","1","2"
"元所授金虎","2","0","2"
"所授金虎符","2","0","2"
"施州宣慰司","1","1","2"
"元帅阿巨等","1","1","2"
"置忠建长官","1","1","2"
"忠建长官司","1","1","2"
"宣抚田光宝","1","1","2"
"将军邓愈平","1","1","2"
"邓愈平散毛","2","0","2"
"安福等三十","1","1","2"
"福等三十九","1","1","2"
"等三十九峒","1","1","2"
"散毛宣慰司","1","1","2"
"毛宣慰司都","1","1","2"
"宣慰司都元","1","1","2"
"慰司都元帅","1","1","2"
"司都元帅覃","1","1","2"
"都元帅覃野","1","1","2"
"元帅覃野旺","1","1","2"
"周德兴移师","2","0","2"
"德兴移师讨","2","0","2"
"沿边安抚司","1","1","2"
"边安抚司安","1","1","2"
"安抚司安抚","1","1","2"
"抚司安抚覃","1","1","2"
"司安抚覃野","1","1","2"
"安抚覃野旺","1","1","2"
"施州卫施南","2","0","2"
"施南宣抚覃","1","1","2"
"南宣抚覃大","1","1","2"
"抚覃大胜招","1","1","2"
"二十二年命","2","0","2"
"命忠建宣抚","1","1","2"
"忠建宣抚田","1","1","2"
"建宣抚田思","1","1","2"
"宣抚田思进","1","1","2"
"惹长官覃大","1","1","2"
"长官覃大旺","1","1","2"
"官覃大旺等","1","1","2"
"千户所守御","2","0","2"
"命千户石山","1","1","2"
"千户石山等","1","1","2"
"遣指挥徐玉","1","1","2"
"子覃友谅等","1","1","2"
"安抚田大民","1","1","2"
"唐崖长官覃","1","1","2"
"崖长官覃忠","1","1","2"
"长官覃忠孝","1","1","2"
"镇南长官覃","1","1","2"
"南长官覃兴","1","1","2"
"长官覃兴等","1","1","2"
"五峰石宝长","1","1","2"
"峰石宝长官","1","1","2"
"石宝长官张","1","1","2"
"源通塔平三","1","1","2"
"上爱下爱二","1","1","2"
"忠路安抚司","1","1","2"
"路安抚司等","1","1","2"
"子孙牟酋蛮","1","1","2"
"孙牟酋蛮等","1","1","2"
"散毛宣抚覃","1","1","2"
"毛宣抚覃友","1","1","2"
"宣抚覃友谅","1","1","2"
"毛宣抚司副","1","1","2"
"宣抚司副使","1","1","2"
"抚司副使黄","1","1","2"
"司副使黄缙","1","1","2"
"美宣抚田潮","1","1","2"
"宣抚田潮美","1","1","2"
"施州木册长","1","1","2"
"州木册长官","1","1","2"
"木册长官司","1","1","2"
"土舍谭文寿","1","1","2"
"长官向麦答","1","1","2"
"官向麦答踵","1","1","2"
"册长官田贤","1","1","2"
"土人谭敬保","1","1","2"
"人谭敬保等","1","1","2"
"金峒安抚覃","1","1","2"
"峒安抚覃彦","1","1","2"
"安抚覃彦龙","1","1","2"
"椒山玛瑙长","1","1","2"
"山玛瑙长官","1","1","2"
"玛瑙长官司","1","1","2"
"瑙长官司所","1","1","2"
"遣通事刘思","1","1","2"
"通事刘思朝","1","1","2"
"事刘思朝等","1","1","2"
"源通塔平长","1","1","2"
"通塔平长官","1","1","2"
"塔平长官司","1","1","2"
"长官司入贡","2","0","2"
"命大田千户","1","1","2"
"大田千户所","1","1","2"
"美宣抚田秀","1","1","2"
"土官唐胜富","1","1","2"
"美宣抚司同","1","1","2"
"宣抚司同知","1","1","2"
"抚司同知田","1","1","2"
"司同知田世","1","1","2"
"同知田世瑛","1","1","2"
"镇南军民府","1","1","2"
"始祖田始进","1","1","2"
"龙潭安抚司","1","1","2"
"阳巡抚唐龙","1","1","2"
"忠孝安抚司","1","1","2"
"三十三年诏","2","0","2"
"容美十四司","1","1","2"
"容美土官田","1","1","2"
"美土官田世","1","1","2"
"土官田世爵","1","1","2"
"土官向元楫","1","1","2"
"土舍黄中等","1","1","2"
"督臣冯岳等","1","1","2"
"龙潭安抚黄","1","1","2"
"潭安抚黄俊","1","1","2"
"安抚黄俊素","1","1","2"
"群盗李仲实","1","1","2"
"盗李仲实等","1","1","2"
"副使熊逵等","1","1","2"
"余党谭景雷","1","1","2"
"党谭景雷等","1","1","2"
"湖广施州卫","1","1","2"
"忠路安抚覃","1","1","2"
"路安抚覃大","1","1","2"
"安抚覃大宁","1","1","2"
"抚覃大宁一","1","1","2"
"失事诸臣罪","2","0","2"
"支罗所百户","1","1","2"
"施南等宣抚","1","1","2"
"南等宣抚司","1","1","2"
"美宣抚田元","1","1","2"
"遣土兵七千","1","1","2"
"副长官陈一","1","1","2"
"长官陈一圣","1","1","2"
"官陈一圣等","1","1","2"
"结七十二村","1","1","2"
"赂巴东知县","1","1","2"
"巴东知县蔡","1","1","2"
"东知县蔡文","1","1","2"
"知县蔡文升","1","1","2"
"溪州刺史彭","1","1","2"
"州刺史彭仕","1","1","2"
"刺史彭仕羲","1","1","2"
"史彭仕羲叛","1","1","2"
"安抚使月直","1","1","2"
"置永顺等处","1","1","2"
"隶湖广都指","2","0","2"
"顺宣慰彭添","1","1","2"
"宣慰彭添保","1","1","2"
"长六百六十","1","1","2"
"六百六十七","1","1","2"
"顺宣慰彭仲","1","1","2"
"正统元年命","2","0","2"
"尚书程信请","1","1","2"
"兵征都掌蛮","2","0","2"
"进散官一阶","1","1","2"
"慰彭世麒等","1","1","2"
"世麒进马谢","2","0","2"
"麒进马谢恩","2","0","2"
"免明年朝觐","2","0","2"
"罚米三百石","1","1","2"
"党二十八人","1","1","2"
"二十八人倡","1","1","2"
"总制尚书洪","1","1","2"
"制尚书洪钟","1","1","2"
"尚书洪钟等","1","1","2"
"永顺土舍彭","2","0","2"
"顺土舍彭世","2","0","2"
"王金珠等二","1","1","2"
"金珠等二十","1","1","2"
"珠等二十八","1","1","2"
"死者七百余","2","0","2"
"者七百余人","2","0","2"
"明辅都指挥","2","0","2"
"都指挥曹鹏","1","1","2"
"指挥曹鹏等","1","1","2"
"溺死者二千","2","0","2"
"死者二千人","2","0","2"
"首八十余级","2","0","2"
"永顺宣慰格","1","1","2"
"顺宣慰格外","1","1","2"
"宣慰格外加","1","1","2"
"慰格外加赏","1","1","2"
"致仕宣慰彭","2","0","2"
"献大木三十","1","1","2"
"正三品散官","1","1","2"
"土官彭芳等","1","1","2"
"彭宗汉赴京","1","1","2"
"顺宣慰彭翼","1","1","2"
"宣慰彭翼南","1","1","2"
"翼南赐三品","1","1","2"
"南战功第一","2","0","2"
"授昭毅将军","1","1","2"
"右参政管宣","1","1","2"
"参政管宣慰","1","1","2"
"政管宣慰事","1","1","2"
"掌宣慰司事","1","1","2"
"元锦都指挥","1","1","2"
"巡抚徐兆魁","1","1","2"
"保靖州安抚","1","1","2"
"靖州安抚司","1","1","2"
"安抚使彭世","1","1","2"
"抚使彭世雄","1","1","2"
"使彭世雄率","1","1","2"
"靖安抚使彭","1","1","2"
"安抚使彭万","1","1","2"
"抚使彭万里","1","1","2"
"永乐元年保","1","1","2"
"乐元年保靖","1","1","2"
"辰州卫指挥","1","1","2"
"州卫指挥龚","1","1","2"
"卫指挥龚能","1","1","2"
"指挥龚能等","1","1","2"
"筸子坪长官","2","0","2"
"宣慰彭勇烈","1","1","2"
"都督萧授斩","1","1","2"
"宣慰彭药哈","1","1","2"
"慰彭药哈俾","1","1","2"
"令都督萧授","1","1","2"
"择众所推服","2","0","2"
"众所推服者","2","0","2"
"族人彭南木","1","1","2"
"人彭南木答","1","1","2"
"彭南木答等","1","1","2"
"宣慰彭舍怕","1","1","2"
"慰彭舍怕俾","1","1","2"
"保靖宣慰彭","1","1","2"
"靖宣慰彭显","1","1","2"
"宣慰彭显宗","1","1","2"
"慰彭显宗征","1","1","2"
"百五十三石","1","1","2"
"永顺宣慰司","1","1","2"
"长官彭世英","1","1","2"
"保靖宣慰等","1","1","2"
"征贵州贼妇","2","0","2"
"保靖安抚彭","1","1","2"
"靖安抚彭万","1","1","2"
"安抚彭万里","1","1","2"
"洪武元年归","1","1","2"
"武元年归附","1","1","2"
"万里宣慰使","1","1","2"
"小江等二十","1","1","2"
"江等二十八","1","1","2"
"顺宣慰使彭","1","1","2"
"宣慰使彭世","1","1","2"
"慰使彭世麒","1","1","2"
"江口长官司","1","1","2"
"巡抚阎仲宇","1","1","2"
"巡按王约等","1","1","2"
"调清水溪堡","1","1","2"
"保靖两江口","1","1","2"
"彭药哈俾世","1","1","2"
"宣慰彭九霄","1","1","2"
"者五百余人","2","0","2"
"调宣慰彭荩","1","1","2"
"宣慰彭荩臣","1","1","2"
"所部三千人","2","0","2"
"都司李经率","1","1","2"
"保靖土兵六","1","1","2"
"靖土兵六千","1","1","2"
"宣慰彭象乾","1","1","2"
"慰彭象乾亲","1","1","2"
"元帅府奏差","1","1","2"
"擢湖广佥事","2","0","2"
"达阍者福寿","2","0","2"
"师李善长相","1","1","2"
"学士吴伯宗","1","1","2"
"侯费聚奉命","1","1","2"
"抚苏州军民","1","1","2"
"令都督毛骧","1","1","2"
"卫士刘遇贤","1","1","2"
"太仆寺丞李","1","1","2"
"仆寺丞李存","1","1","2"
"寺丞李存义","1","1","2"
"明州卫指挥","1","1","2"
"州卫指挥林","1","1","2"
"臣封绩致书","1","1","2"
"御史中丞商","1","1","2"
"家奴卢仲谦","1","1","2"
"家奴封帖木","1","1","2"
"建文元年调","1","1","2"
"受燕王金钱","1","1","2"
"瑛天性残忍","1","1","2"
"按察使王良","1","1","2"
"县颜伯玮等","1","1","2"
"二十九人中","1","1","2"
"阅方孝孺等","1","1","2"
"劾历城侯盛","1","1","2"
"城侯盛庸怨","1","1","2"
"劾曹国公李","1","1","2"
"劾长兴侯耿","1","1","2"
"尚书雒佥言","2","0","2"
"书雒佥言事","2","0","2"
"都尉胡观强","1","1","2"
"平侯张信占","1","1","2"
"大臣十余人","1","1","2"
"顺昌伯王佐","1","1","2"
"大理少卿袁","2","0","2"
"理少卿袁复","2","0","2"
"政司参议贺","1","1","2"
"司参议贺银","1","1","2"
"参议贺银等","1","1","2"
"中书舍人芮","1","1","2"
"书舍人芮善","1","1","2"
"车里宣慰使","1","1","2"
"县李鉴廷见","1","1","2"
"兵部主事李","1","1","2"
"部主事李贞","1","1","2"
"受皂隶叶转","1","1","2"
"皂隶叶转等","1","1","2"
"隶叶转等四","1","1","2"
"叶转等四人","1","1","2"
"击登闻鼓诉","2","0","2"
"登闻鼓诉冤","2","0","2"
"皇太子命六","1","1","2"
"太子命六部","1","1","2"
"子命六部大","1","1","2"
"命六部大臣","1","1","2"
"兵部索皂隶","2","0","2"
"事中耿通等","1","1","2"
"皇太子令法","1","1","2"
"太子令法司","1","1","2"
"署南京翰林","2","0","2"
"命祭告显陵","1","1","2"
"嵩礼部尚书","2","0","2"
"礼部尚书翰","2","0","2"
"部尚书翰林","2","0","2"
"尚书翰林学","2","0","2"
"书翰林学士","2","0","2"
"祀献皇帝明","2","0","2"
"献皇帝明堂","2","0","2"
"天上帝尊号","1","1","2"
"大礼告成颂","1","1","2"
"二十一年八","1","1","2"
"年六十余矣","2","0","2"
"尚书张璧同","1","1","2"
"傅太子太师","2","0","2"
"书丁汝夔受","1","1","2"
"胡宗宪诱降","1","1","2"
"宗宪诱降汪","1","1","2"
"宪诱降汪直","1","1","2"
"十八年葬章","1","1","2"
"八年葬章圣","1","1","2"
"年葬章圣太","1","1","2"
"葬章圣太后","1","1","2"
"二十年宫婢","1","1","2"
"移居西苑万","1","1","2"
"居西苑万寿","1","1","2"
"西苑万寿宫","1","1","2"
"称文选郎中","1","1","2"
"文选郎中万","1","1","2"
"职方郎中方","1","1","2"
"方郎中方祥","1","1","2"
"郎中方祥等","1","1","2"
"吏部尚书缺","2","0","2"
"嵩溺爱世蕃","1","1","2"
"道士蓝田玉","1","1","2"
"南京御史林","1","1","2"
"京御史林润","1","1","2"
"江洋巨盗多","1","1","2"
"入逃军罗龙","2","0","2"
"进工部左侍","2","0","2"
"袁州推官郭","1","1","2"
"州推官郭谏","1","1","2"
"推官郭谏臣","1","1","2"
"冤杀杨继盛","1","1","2"
"余党五百人","1","1","2"
"世蕃外投日","1","1","2"
"蕃外投日本","1","1","2"
"殿试皆第一","2","0","2"
"掌司经局事","1","1","2"
"师袁崇焕请","1","1","2"
"年三月召对","2","0","2"
"御史黄宗昌","1","1","2"
"御史李长春","1","1","2"
"史李长春论","1","1","2"
"南京事中钱","2","0","2"
"京事中钱允","2","0","2"
"泰廷对第一","2","0","2"
"同巡抚张廷","1","1","2"
"巡抚张廷拱","1","1","2"
"素儒冒锦衣","1","1","2"
"家人周文郁","1","1","2"
"巨盗神一魁","1","1","2"
"总督曹文衡","1","1","2"
"事中李春旺","1","1","2"
"陈时政四事","2","0","2"
"宣府太监王","1","1","2"
"府太监王坤","1","1","2"
"太监王坤承","1","1","2"
"武弁李元功","1","1","2"
"弁李元功等","1","1","2"
"陛下特恩停","1","1","2"
"典簿姚孙渠","1","1","2"
"事中李世祺","1","1","2"
"副使张凤翼","1","1","2"
"帅王世盛拷","1","1","2"
"体仁遂首辅","2","0","2"
"薛国观相继","1","1","2"
"召言事迁谪","2","0","2"
"刘宗周掌都","1","1","2"
"宗周掌都察","1","1","2"
"周掌都察院","1","1","2"
"成残掠河南","1","1","2"
"范志完督师","1","1","2"
"门下客盛顺","1","1","2"
"行人司副熊","1","1","2"
"人司副熊开","1","1","2"
"司副熊开元","1","1","2"
"劾延儒纳贿","1","1","2"
"大学士吴甡","2","0","2"
"客饮酒娱乐","1","1","2"
"荫子中书舍","2","0","2"
"府部诸臣责","1","1","2"
"延儒功多罪","1","1","2"
"山东佥事雷","1","1","2"
"御史蒋拱宸","1","1","2"
"劾延儒十大","1","1","2"
"延儒十大罪","1","1","2"
"门人魏藻德","1","1","2"
"体仁盛气诋","1","1","2"
"科都事中章","2","0","2"
"中章允儒争","1","1","2"
"御史毛九华","1","1","2"
"劾体仁居家","1","1","2"
"体仁居家时","1","1","2"
"浙江巡抚核","1","1","2"
"江巡抚核实","1","1","2"
"劾体仁娶娼","1","1","2"
"贬一秩调外","2","0","2"
"召内阁九卿","1","1","2"
"事中祖重晔","1","1","2"
"南京御史沈","1","1","2"
"京御史沈希","1","1","2"
"御史沈希诏","1","1","2"
"史沈希诏相","1","1","2"
"沈希诏相继","1","1","2"
"大理寺卿康","1","1","2"
"理寺卿康新","1","1","2"
"寺卿康新民","1","1","2"
"太仆寺卿蒋","1","1","2"
"仆寺卿蒋允","1","1","2"
"寺卿蒋允仪","1","1","2"
"府丞魏光绪","1","1","2"
"事中陶崇道","1","1","2"
"一手一口所","1","1","2"
"手一口所能","1","1","2"
"一口所能掩","1","1","2"
"乡人闵洪学","1","1","2"
"侍郎唐世济","1","1","2"
"都御史张捷","1","1","2"
"御史张捷等","1","1","2"
"中陈赞化先","1","1","2"
"陈赞化先后","1","1","2"
"事中黄绍杰","1","1","2"
"魏忠贤遗党","2","0","2"
"体仁翻逆案","1","1","2"
"设五省总督","1","1","2"
"兵部侍郎彭","1","1","2"
"部侍郎彭汝","1","1","2"
"母舅大学士","1","1","2"
"舅大学士吴","1","1","2"
"大学士吴宗","1","1","2"
"学士吴宗达","1","1","2"
"滋阳知县成","1","1","2"
"阳知县成德","1","1","2"
"体仁辅政数","1","1","2"
"仁辅政数年","1","1","2"
"事中陈启新","1","1","2"
"部侍郎陈子","1","1","2"
"侍郎陈子壮","1","1","2"
"经御笔批改","1","1","2"
"体仁辅政后","1","1","2"
"体仁专务刻","1","1","2"
"仁专务刻核","1","1","2"
"知县徐兆麟","1","1","2"
"奸人陆文声","1","1","2"
"海道副使冯","1","1","2"
"道副使冯元","1","1","2"
"二人下诏狱","2","0","2"
"尚书顾锡畴","1","1","2"
"守太监王坤","1","1","2"
"太监王坤所","1","1","2"
"科都事中缺","2","0","2"
"编修倪元璐","1","1","2"
"修倪元璐相","1","1","2"
"废斥十七年","1","1","2"
"大铖避居南","1","1","2"
"铖避居南京","1","1","2"
"颇招纳游侠","1","1","2"
"吴县杨廷枢","1","1","2"
"芜湖沈士柱","1","1","2"
"鄞县万泰等","1","1","2"
"留都防乱揭","1","1","2"
"永城人刘超","1","1","2"
"四川遵义总","1","1","2"
"川遵义总兵","1","1","2"
"遵义总兵官","1","1","2"
"保定总兵官","1","1","2"
"史魏景琦等","1","1","2"
"魏景琦等三","1","1","2"
"景琦等三家","1","1","2"
"巡抚王汉讨","1","1","2"
"河南总兵官","1","1","2"
"南总兵官陈","1","1","2"
"总兵官陈永","1","1","2"
"兵官陈永福","1","1","2"
"官陈永福进","1","1","2"
"时流寇充斥","1","1","2"
"南京诸大臣","1","1","2"
"潞王常淓俱","2","0","2"
"王常淓俱避","2","0","2"
"常淓俱避贼","2","0","2"
"淓俱避贼淮","2","0","2"
"俱避贼淮安","2","0","2"
"废籍礼部侍","1","1","2"
"籍礼部侍郎","1","1","2"
"右都御史张","1","1","2"
"都御史张慎","1","1","2"
"詹事姜曰广","1","1","2"
"操江诚意伯","1","1","2"
"江诚意伯刘","1","1","2"
"参赞机务兵","1","1","2"
"赞机务兵部","1","1","2"
"机务兵部尚","1","1","2"
"事中李沾探","1","1","2"
"拥兵迎福王","1","1","2"
"诸大臣敢言","2","0","2"
"孔昭攘臂欲","2","0","2"
"勋臣入阁例","2","0","2"
"阁大学士兵","2","0","2"
"大学士兵部","2","0","2"
"学士兵部尚","2","0","2"
"士兵部尚书","2","0","2"
"察院右副都","1","1","2"
"院右副都御","1","1","2"
"寻论定策功","2","0","2"
"江北历年战","1","1","2"
"左良玉拥兵","2","0","2"
"守备太监韩","1","1","2"
"备太监韩赞","1","1","2"
"痛诋孙慎行","1","1","2"
"大学士姜曰","1","1","2"
"学士姜曰广","1","1","2"
"怀远侯常延","1","1","2"
"远侯常延龄","1","1","2"
"侯常延龄等","1","1","2"
"钦定逆案一","1","1","2"
"定逆案一书","1","1","2"
"安远侯柳祚","1","1","2"
"远侯柳祚昌","1","1","2"
"系江左兴亡","2","0","2"
"士英独握大","1","1","2"
"中官田成辈","2","0","2"
"外结勋臣刘","1","1","2"
"结勋臣刘孔","1","1","2"
"镇将刘泽清","1","1","2"
"士英身掌中","1","1","2"
"英身掌中枢","1","1","2"
"左光斗弟光","2","0","2"
"弟光先下狱","1","1","2"
"京营戎政赵","1","1","2"
"造十八罗汉","1","1","2"
"集义勇收复","1","1","2"
"都督满街走","1","1","2"
"客杨士聪问","1","1","2"
"侍讲卫胤文","1","1","2"
"胤文兵部右","2","0","2"
"文兵部右侍","2","0","2"
"承天守备何","1","1","2"
"天守备何志","1","1","2"
"守备何志孔","1","1","2"
"御史黄澍入","1","1","2"
"澍挟良玉势","2","0","2"
"数士英奸贪","1","1","2"
"受张献忠伪","1","1","2"
"张献忠伪兵","1","1","2"
"献忠伪兵部","1","1","2"
"忠伪兵部尚","1","1","2"
"伪兵部尚书","1","1","2"
"兵部尚书周","1","1","2"
"部尚书周文","1","1","2"
"尚书周文江","1","1","2"
"澍举笏直击","1","1","2"
"令士英避位","1","1","2"
"良玉令部将","1","1","2"
"玉令部将群","1","1","2"
"欲下南京索","2","0","2"
"下南京索饷","2","0","2"
"大铖一手握","1","1","2"
"铖一手握定","1","1","2"
"江北刘良佐","1","1","2"
"少卿姚思孝","1","1","2"
"士英厉声叱","1","1","2"
"请潞王监国","1","1","2"
"严州总兵方","1","1","2"
"州总兵方国","1","1","2"
"总兵方国安","1","1","2"
"兵方国安军","1","1","2"
"国安率众渡","1","1","2"
"士英拥残兵","1","1","2"
"长兴伯吴日","1","1","2"
"兴伯吴日生","1","1","2"
"国安父子请","1","1","2"
"安父子请王","1","1","2"
"寻擢礼部右","2","0","2"
"马文升尚书","2","0","2"
"尚书韩文言","2","0","2"
"擢吏部尚书","2","0","2"
"言必称千岁","1","1","2"
"授翰林检讨","2","0","2"
"编修顾清等","1","1","2"
"修顾清等二","1","1","2"
"顾清等二十","1","1","2"
"清等二十余","1","1","2"
"人徐文彪四","1","1","2"
"徐文彪四人","1","1","2"
"国人端亚智","1","1","2"
"方下所司勘","2","0","2"
"清总制三边","1","1","2"
"瑾令尚书许","1","1","2"
"令尚书许进","1","1","2"
"尚书许进追","1","1","2"
"侍郎韩鼎同","1","1","2"
"郎韩鼎同廷","1","1","2"
"韩鼎同廷谢","1","1","2"
"考察内外官","1","1","2"
"抚州知府刘","1","1","2"
"州知府刘介","1","1","2"
"阳知府张恕","1","1","2"
"知府张恕妾","1","1","2"
"府张恕妾美","1","1","2"
"御史胡节巡","1","1","2"
"史胡节巡按","1","1","2"
"胡节巡按山","1","1","2"
"节巡按山东","1","1","2"
"挥同知赵良","1","1","2"
"霍丘知县郑","1","1","2"
"丘知县郑延","1","1","2"
"知县郑延祚","1","1","2"
"县郑延祚贪","1","1","2"
"涿州人冯铨","1","1","2"
"事中李恒茂","1","1","2"
"疏请令京官","1","1","2"
"改佥都御史","2","0","2"
"俄叙三殿功","2","0","2"
"知忠贤必败","2","0","2"
"史杨所修首","1","1","2"
"贾继春相继","1","1","2"
"部尚书吴淳","1","1","2"
"尚书吴淳夫","1","1","2"
"部尚书田吉","1","1","2"
"崇祯二年三","1","1","2"
"祯二年三月","1","1","2"
"诏书颁示天","1","1","2"
"书颁示天下","1","1","2"
"子都督侯国","1","1","2"
"都督侯国兴","1","1","2"
"太监李永贞","1","1","2"
"孝陵卫指挥","1","1","2"
"革职闲住者","2","0","2"
"黄立极等四","1","1","2"
"立极等四十","1","1","2"
"极等四十四","1","1","2"
"等四十四人","1","1","2"
"者五十余人","2","0","2"
"荐部内闲住","1","1","2"
"通政使周维","1","1","2"
"政使周维京","1","1","2"
"少卿杨维垣","1","1","2"
"事中虞廷陛","1","1","2"
"御史周昌晋","1","1","2"
"参政虞大复","1","1","2"
"王恭妃册封","1","1","2"
"恭妃册封事","2","0","2"
"事中邵庶请","1","1","2"
"福宁州判官","1","1","2"
"上疏追论红","1","1","2"
"疏追论红丸","1","1","2"
"天启五年九","1","1","2"
"启五年九月","1","1","2"
"召尚宝少卿","2","0","2"
"擢顺天府丞","2","0","2"
"刘克敬所选","1","1","2"
"害御史张慎","1","1","2"
"慎言等四人","1","1","2"
"事中吴国华","1","1","2"
"李成陷京师","2","0","2"
"忠贤子良卿","2","0","2"
"忠贤遣内臣","2","0","2"
"贤遣内臣镇","2","0","2"
"工部裁省织","1","1","2"
"部裁省织造","1","1","2"
"东林党所推","1","1","2"
"绍徽仿民间","1","1","2"
"崔呈秀入阁","1","1","2"
"令御史袁鲸","1","1","2"
"忠贤同郡交","1","1","2"
"南京御史吕","1","1","2"
"京御史吕鹏","1","1","2"
"御史吕鹏云","1","1","2"
"劾御史刘璞","1","1","2"
"尚书赵彦宜","1","1","2"
"韩敬宜复官","1","1","2"
"年擢本寺卿","2","0","2"
"荫子锦衣千","2","0","2"
"部尚书协理","1","1","2"
"辽东督师王","1","1","2"
"事中颜继祖","1","1","2"
"中颜继祖极","1","1","2"
"金钱五十余","1","1","2"
"钱五十余万","1","1","2"
"都御史唐世","1","1","2"
"御史唐世济","1","1","2"
"尚书张捷重","1","1","2"
"书张捷重述","1","1","2"
"张捷重述三","1","1","2"
"捷重述三朝","1","1","2"
"重述三朝旧","1","1","2"
"述三朝旧事","1","1","2"
"徐景濂六人","1","1","2"
"范济世二人","1","1","2"
"岳骏声三人","1","1","2"
"乔应甲三人","1","1","2"
"万历中进士","2","0","2"
"明年五月复","2","0","2"
"顺天巡抚吴","1","1","2"
"天巡抚吴中","1","1","2"
"巡抚吴中伟","1","1","2"
"选侍移哕鸾","2","0","2"
"侍移哕鸾宫","2","0","2"
"上书内阁方","1","1","2"
"先皇优遇郑","1","1","2"
"中周朝瑞驳","1","1","2"
"尽臣子防危","1","1","2"
"皇妹失所投","1","1","2"
"妹失所投井","1","1","2"
"继春按江西","2","0","2"
"陛下笃念圣","1","1","2"
"下笃念圣母","1","1","2"
"御史王大年","1","1","2"
"天地祖宗所","1","1","2"
"地祖宗所必","1","1","2"
"疏娓娓数百","1","1","2"
"娓娓数百言","1","1","2"
"顺天巡抚单","1","1","2"
"天巡抚单明","1","1","2"
"巡抚单明诩","1","1","2"
"进左佥都御","2","0","2"
"崇祯改元五","1","1","2"
"祯改元五月","1","1","2"
"事中刘斯球","1","1","2"
"中刘斯球极","1","1","2"
"诋涟结王安","2","0","2"
"天启四年十","1","1","2"
"启四年十月","1","1","2"
"魏忠贤斥逐","1","1","2"
"忠贤斥逐东","1","1","2"
"贤斥逐东林","1","1","2"
"显纯略晓文","1","1","2"
"纯略晓文墨","1","1","2"
"令等十余人","1","1","2"
"东厂理刑官","1","1","2"
"部尚书吴兑","1","1","2"
"辅臣子弟中","1","1","2"
"辅臣吕调阳","1","1","2"
"员外郎李三","1","1","2"
"外郎李三才","1","1","2"
"御史周邦杰","1","1","2"
"西河王知燧","1","1","2"
"河王知燧请","1","1","2"
"指挥王守信","1","1","2"
"挥王守信请","1","1","2"
"历数赵志皋","1","1","2"
"疏陈时政缺","2","0","2"
"死太平典史","1","1","2"
"太平典史武","1","1","2"
"平典史武三","1","1","2"
"典史武三杰","1","1","2"
"建雄县丞李","1","1","2"
"雄县丞李逢","1","1","2"
"县丞李逢春","1","1","2"
"史温纯等力","2","0","2"
"山西军民数","1","1","2"
"西军民数千","1","1","2"
"成国公朱允","1","1","2"
"国公朱允祯","1","1","2"
"公朱允祯等","1","1","2"
"朱允祯等所","1","1","2"
"允祯等所侵","1","1","2"
"地九千六百","1","1","2"
"九千六百余","1","1","2"
"千六百余顷","1","1","2"
"同官魏允贞","1","1","2"
"保令徐爵索","1","1","2"
"御史马允登","1","1","2"
"史马允登资","1","1","2"
"迁山东参政","2","0","2"
"董世耀聚众","1","1","2"
"世耀聚众称","1","1","2"
"耀聚众称王","1","1","2"
"弟吏部侍郎","1","1","2"
"御史王基洪","1","1","2"
"史王基洪声","1","1","2"
"王基洪声言","1","1","2"
"咸宁知县满","1","1","2"
"宁知县满朝","1","1","2"
"尚书张世经","1","1","2"
"书张世经共","1","1","2"
"长垣李化龙","1","1","2"
"请涣发德音","2","0","2"
"督储侍郎赵","1","1","2"
"储侍郎赵世","1","1","2"
"郎赵世卿力","1","1","2"
"赵世卿力争","1","1","2"
"淮扬巡按御","1","1","2"
"扬巡按御史","1","1","2"
"按御史崔邦","1","1","2"
"御史崔邦亮","1","1","2"
"巡漕御史李","1","1","2"
"漕御史李思","1","1","2"
"御史李思孝","1","1","2"
"监司守令者","2","0","2"
"侍郎谢杰代","1","1","2"
"疑首辅沈一","1","1","2"
"上疏阴诋一","2","0","2"
"工部郎中邵","1","1","2"
"部郎中邵辅","1","1","2"
"郎中邵辅忠","1","1","2"
"邵辅忠遂劾","2","0","2"
"御史董兆舒","1","1","2"
"事中金士衡","1","1","2"
"中金士衡相","1","1","2"
"金士衡相继","1","1","2"
"宪成贻书向","2","0","2"
"成贻书向高","2","0","2"
"御史吴亮素","1","1","2"
"部侍郎林楚","2","0","2"
"事中吴亮嗣","1","1","2"
"复坐事下狱","2","0","2"
"顾宪成读书","1","1","2"
"宪成读书讲","1","1","2"
"成读书讲学","1","1","2"
"通政参议吴","1","1","2"
"政参议吴殿","1","1","2"
"参议吴殿邦","1","1","2"
"刑部侍郎邹","1","1","2"
"部侍郎邹元","1","1","2"
"御史石三畏","1","1","2"
"宣府膳房堡","1","1","2"
"府膳房堡守","1","1","2"
"膳房堡守备","1","1","2"
"延绥入卫游","1","1","2"
"绥入卫游击","1","1","2"
"入卫游击将","1","1","2"
"卫游击将军","1","1","2"
"隆庆元年九","1","1","2"
"庆元年九月","1","1","2"
"辽帅王治道","1","1","2"
"守蓟镇西协","1","1","2"
"参将范宗儒","1","1","2"
"游击高廷礼","1","1","2"
"击高廷礼等","1","1","2"
"欲取道贺兰","1","1","2"
"小阿卜户犯","2","0","2"
"阿卜户犯黑","2","0","2"
"卜户犯黑峪","2","0","2"
"户犯黑峪关","2","0","2"
"守将陈文治","1","1","2"
"驻守马兰峪","1","1","2"
"蓟镇总兵官","1","1","2"
"镇总兵官杨","1","1","2"
"总兵官杨四","1","1","2"
"兵官杨四畏","1","1","2"
"俺答弟老都","2","0","2"
"佥书左府事","1","1","2"
"火落赤犯洮","2","0","2"
"永昌宋家庄","1","1","2"
"水泉三道沟","1","1","2"
"手格杀数人","2","0","2"
"卜失兔仰天","1","1","2"
"失兔仰天大","1","1","2"
"经略郑洛专","1","1","2"
"蓟镇游击将","1","1","2"
"镇游击将军","1","1","2"
"骑犯一片石","2","0","2"
"石门寨参将","1","1","2"
"驻防古北口","1","1","2"
"获首功百三","2","0","2"
"首功百三十","2","0","2"
"辽东李成梁","2","0","2"
"合一克灰正","1","1","2"
"巡抚李化龙","1","1","2"
"遣副将孙守","1","1","2"
"将孙守廉驰","1","1","2"
"荫本卫世指","2","0","2"
"本卫世指挥","2","0","2"
"尚书石星下","2","0","2"
"庆云守备王","1","1","2"
"云守备王凤","1","1","2"
"守备王凤翔","1","1","2"
"进世荫二秩","2","0","2"
"时兵分四路","1","1","2"
"退保泗州老","2","0","2"
"保泗州老营","2","0","2"
"寨三面临江","1","1","2"
"步兵游击彭","1","1","2"
"兵游击彭信","1","1","2"
"游击彭信古","1","1","2"
"诏斩游击马","1","1","2"
"斩游击马呈","1","1","2"
"游击马呈文","1","1","2"
"宁夏镇城反","1","1","2"
"游击傅桓拒","1","1","2"
"击傅桓拒守","1","1","2"
"参将熊国臣","1","1","2"
"将熊国臣等","1","1","2"
"熊国臣等弃","1","1","2"
"国臣等弃城","1","1","2"
"河套著力兔","1","1","2"
"套著力兔急","1","1","2"
"著力兔急攻","1","1","2"
"都督佥事宁","2","0","2"
"督佥事宁夏","2","0","2"
"佥事宁夏总","2","0","2"
"荫锦衣世指","2","0","2"
"锦衣世指挥","2","0","2"
"卜失兔西犯","1","1","2"
"失兔西犯定","1","1","2"
"兔西犯定边","1","1","2"
"直抵下马关","1","1","2"
"临洮总兵孙","1","1","2"
"洮总兵孙仁","1","1","2"
"三百四十奇","2","0","2"
"边将分营训","1","1","2"
"将分营训练","1","1","2"
"李三才联姻","1","1","2"
"世职指挥佥","2","0","2"
"职指挥佥事","2","0","2"
"肃州游击将","1","1","2"
"州游击将军","1","1","2"
"俺答西迎活","1","1","2"
"答西迎活佛","1","1","2"
"诱杀副将李","1","1","2"
"三年九月九","1","1","2"
"年九月九日","1","1","2"
"拥劲骑直入","1","1","2"
"劲骑直入南","1","1","2"
"骑直入南川","1","1","2"
"斩首六百八","1","1","2"
"首六百八十","1","1","2"
"六百八十余","1","1","2"
"副将李联芳","1","1","2"
"总兵尤继先","1","1","2"
"云左右冲击","1","1","2"
"长枪钩杆专","1","1","2"
"兵官镇守延","1","1","2"
"官镇守延绥","1","1","2"
"参将赵希云","1","1","2"
"将赵希云等","1","1","2"
"巡抚田乐决","1","1","2"
"副将甘州马","1","1","2"
"将甘州马应","1","1","2"
"甘州马应龙","1","1","2"
"永昌王铁块","1","1","2"
"昌王铁块等","1","1","2"
"王铁块等分","1","1","2"
"铁块等分道","1","1","2"
"块等分道袭","1","1","2"
"功进左都督","2","0","2"
"乘官军撤防","1","1","2"
"官军撤防时","1","1","2"
"军撤防时潜","1","1","2"
"撤防时潜兵","1","1","2"
"云太子少保","1","1","2"
"葛赖等大破","1","1","2"
"三百七十余","1","1","2"
"遣副将柴国","1","1","2"
"副将柴国柱","1","1","2"
"首百三十奇","2","0","2"
"一时边将冠","2","0","2"
"总兵官沈思","1","1","2"
"兵官沈思学","1","1","2"
"就迁左布政","2","0","2"
"陇川宣抚多","1","1","2"
"川宣抚多安","1","1","2"
"宣抚多安民","1","1","2"
"抚多安民叛","1","1","2"
"公沐昌祚侵","1","1","2"
"改督两广军","2","0","2"
"军务巡抚广","2","0","2"
"贵妃乾清宫","2","0","2"
"责贵妃子养","2","0","2"
"贵妃子养性","2","0","2"
"贵妃移慈宁","2","0","2"
"宗遗诏皇长","2","0","2"
"遗诏皇长子","2","0","2"
"诏皇长子嗣","2","0","2"
"请见皇长子","2","0","2"
"高弘图疏救","2","0","2"
"中霍维华希","1","1","2"
"嘉谟受刘一","1","1","2"
"疏劾兵部尚","2","0","2"
"书张鹤鸣主","1","1","2"
"张鹤鸣主战","1","1","2"
"鹤鸣主战误","1","1","2"
"鸣主战误国","1","1","2"
"劾晋江李贽","1","1","2"
"晋江李贽邪","1","1","2"
"江李贽邪说","1","1","2"
"李贽邪说惑","1","1","2"
"贽邪说惑众","1","1","2"
"三十年十月","1","1","2"
"百二十万奇","2","0","2"
"张差梃击事","2","0","2"
"员外郎陆梦","1","1","2"
"外郎陆梦龙","1","1","2"
"贵妃弟国泰","2","0","2"
"同谋马三道","1","1","2"
"谋马三道等","1","1","2"
"祖宗二百年","2","0","2"
"马三道等五","1","1","2"
"迁户部尚书","2","0","2"
"光宗疾大渐","2","0","2"
"史王安舜等","1","1","2"
"非臣等所敢","2","0","2"
"选侍欲垂帘","2","0","2"
"欲垂帘听政","2","0","2"
"御史周维持","1","1","2"
"御史牟志夔","1","1","2"
"巡抚张维枢","1","1","2"
"牢主事王寀","2","0","2"
"时郎中胡士","1","1","2"
"郎中马德沣","1","1","2"
"中何士晋遂","2","0","2"
"迁广东按察","2","0","2"
"梦龙率游击","1","1","2"
"龙率游击贺","1","1","2"
"率游击贺奇","1","1","2"
"游击贺奇勋","1","1","2"
"都司石崇德","1","1","2"
"佐知府吉孔","1","1","2"
"知府吉孔嘉","1","1","2"
"府吉孔嘉守","1","1","2"
"吉孔嘉守城","1","1","2"
"郎陆光祖御","2","0","2"
"陆光祖御史","2","0","2"
"矿使王虎贪","1","1","2"
"税使王朝死","1","1","2"
"易水溉金台","2","0","2"
"滹水溉恒山","2","0","2"
"溏水溉中山","2","0","2"
"滏水溉襄国","2","0","2"
"视江南泽国","2","0","2"
"江南泽国异","2","0","2"
"南方水田法","2","0","2"
"天启元年改","1","1","2"
"熊廷弼建三","2","0","2"
"廷弼建三方","2","0","2"
"弼建三方布","2","0","2"
"历仪制郎中","2","0","2"
"帝将册立东","2","0","2"
"将册立东宫","2","0","2"
"少卿擢右佥","2","0","2"
"卿擢右佥都","2","0","2"
"巡抚保定诸","2","0","2"
"抚保定诸府","2","0","2"
"税监张晔请","1","1","2"
"郎杨东明署","2","0","2"
"泄天地神人","1","1","2"
"事徐大化者","2","0","2"
"指大学士沈","1","1","2"
"言官江秉谦","1","1","2"
"巡抚陶郎先","1","1","2"
"行边尚书张","1","1","2"
"边尚书张鹤","1","1","2"
"员外郎顾大","1","1","2"
"外郎顾大章","1","1","2"
"事中成明枢","1","1","2"
"崇祯元年复","2","0","2"
"祯元年复官","2","0","2"
"东厂办事官","1","1","2"
"厂办事官郑","1","1","2"
"刑部侍郎同","1","1","2"
"部侍郎同安","1","1","2"
"侍郎同安洪","1","1","2"
"郎同安洪朝","1","1","2"
"同安洪朝选","1","1","2"
"劳堪巡抚福","1","1","2"
"堪巡抚福建","1","1","2"
"同安知县金","1","1","2"
"安知县金枝","1","1","2"
"召左副都御","2","0","2"
"任巡抚汪应","1","1","2"
"抚汪应蛟役","1","1","2"
"天津税使马","1","1","2"
"津税使马堂","1","1","2"
"四十年十二","1","1","2"
"部尚书掌左","2","0","2"
"尚书掌左都","2","0","2"
"书掌左都御","2","0","2"
"左都御史事","2","0","2"
"内使王文进","1","1","2"
"使王文进杀","1","1","2"
"王文进杀人","1","1","2"
"辅臣刘一燝","2","0","2"
"宪臣邹元标","1","1","2"
"词臣文震孟","1","1","2"
"台臣江秉谦","1","1","2"
"寺臣满朝荐","1","1","2"
"部臣徐大相","1","1","2"
"征授礼科事","2","0","2"
"迁工科左事","2","0","2"
"辽总督蹇达","1","1","2"
"少卿杨四知","1","1","2"
"阁部大臣公","1","1","2"
"部大臣公事","1","1","2"
"请皇长子阁","2","0","2"
"受佥都御史","1","1","2"
"改户部右侍","2","0","2"
"党霍维华追","1","1","2"
"臣知陛下何","2","0","2"
"二十六日传","1","1","2"
"十六日传旨","1","1","2"
"六日传旨免","1","1","2"
"日传旨免朝","1","1","2"
"陛下试马伤","1","1","2"
"陛下平日遇","1","1","2"
"部郎刘复初","1","1","2"
"郎刘复初等","1","1","2"
"诸曹建言止","2","0","2"
"曹建言止所","2","0","2"
"建言止所司","2","0","2"
"言止所司职","2","0","2"
"止所司职掌","2","0","2"
"诸疏皆留中","2","0","2"
"论诚意伯刘","1","1","2"
"百工技艺人","2","0","2"
"广按察司经","1","1","2"
"历礼部主事","2","0","2"
"党锦衣都督","1","1","2"
"序班邢尚智","1","1","2"
"张居正报仇","1","1","2"
"诏廷杖六十","1","1","2"
"遣司礼张诚","1","1","2"
"太常卿李尚","1","1","2"
"常卿李尚智","1","1","2"
"中薛三才等","1","1","2"
"帝优诏慰留","2","0","2"
"兵部考选军","1","1","2"
"部考选军政","1","1","2"
"责部臣徇私","1","1","2"
"员外郎曾伟","1","1","2"
"外郎曾伟芳","1","1","2"
"主事江中信","1","1","2"
"事中刘仕瞻","1","1","2"
"中刘仕瞻三","1","1","2"
"御史区大伦","1","1","2"
"事中张同德","1","1","2"
"五城御史夏","1","1","2"
"郎中徐维濂","1","1","2"
"时东厂太监","1","1","2"
"厂太监张诚","1","1","2"
"太监张诚失","1","1","2"
"家奴锦衣副","1","1","2"
"奴锦衣副千","1","1","2"
"衣副千户霍","1","1","2"
"副千户霍文","1","1","2"
"千户霍文炳","1","1","2"
"尚书石星请","1","1","2"
"国家裁辨邪","1","1","2"
"家裁辨邪正","1","1","2"
"高庙神灵实","1","1","2"
"陷陛下能祖","2","0","2"
"陛下能祖宗","2","0","2"
"万一上天震","1","1","2"
"一上天震怒","1","1","2"
"工科都事中","2","0","2"
"事中海阳林","1","1","2"
"中海阳林熙","1","1","2"
"海阳林熙春","1","1","2"
"阳林熙春等","1","1","2"
"逐三十余人","1","1","2"
"经纶慷慨陈","1","1","2"
"纶慷慨陈言","1","1","2"
"臣等富贵荣","1","1","2"
"等富贵荣辱","1","1","2"
"御史定兴鹿","1","1","2"
"史定兴鹿久","1","1","2"
"南京御史东","1","1","2"
"京御史东莞","1","1","2"
"御史东莞林","1","1","2"
"史东莞林培","1","1","2"
"辽东税监高","1","1","2"
"东税监高淮","1","1","2"
"帝宠郑贵妃","2","0","2"
"礼官上仪注","2","0","2"
"廷臣交章请","2","0","2"
"东宫辍讲八","2","0","2"
"宫辍讲八年","2","0","2"
"福王一日两","2","0","2"
"王一日两见","2","0","2"
"衣百户王曰","1","1","2"
"入皇城放炮","1","1","2"
"皇城放炮上","1","1","2"
"城放炮上疏","1","1","2"
"内侍姜严山","1","1","2"
"术诅咒皇太","1","1","2"
"诅咒皇太后","1","1","2"
"都御史十年","1","1","2"
"表里大红坐","1","1","2"
"里大红坐蟒","1","1","2"
"大红坐蟒一","1","1","2"
"御史郑继芳","1","1","2"
"王绍徽等撰","1","1","2"
"东林点将录","1","1","2"
"天下欣欣望","2","0","2"
"下欣欣望治","2","0","2"
"言官倪思辉","1","1","2"
"官倪思辉等","1","1","2"
"史邹元标先","1","1","2"
"邹元标先后","1","1","2"
"中章允儒请","1","1","2"
"中陈良训疏","2","0","2"
"库藏尽输京","2","0","2"
"藏尽输京师","2","0","2"
"山东白莲教","1","1","2"
"事中傅櫆劾","2","0","2"
"下文言诏狱","2","0","2"
"惮众正盈朝","2","0","2"
"朱国祯相继","1","1","2"
"光斗等次第","2","0","2"
"士沈一贯欲","2","0","2"
"沈一贯欲庇","2","0","2"
"私人钱梦皋","2","0","2"
"公张惟贤捧","1","1","2"
"左光斗疏请","2","0","2"
"念内廷惟王","1","1","2"
"内廷惟王安","1","1","2"
"史贾继春遂","2","0","2"
"贾继春遂上","2","0","2"
"事中李春晔","1","1","2"
"候补御史刘","1","1","2"
"补御史刘重","1","1","2"
"御史刘重庆","1","1","2"
"职方郎中余","1","1","2"
"方郎中余大","1","1","2"
"郎中余大成","1","1","2"
"上疏力攻一","2","0","2"
"泰昌元年八","1","1","2"
"昌元年八月","1","1","2"
"二十四日入","1","1","2"
"二十九日遇","1","1","2"
"思善门进药","1","1","2"
"等先帝山陵","2","0","2"
"臣等未敢信","2","0","2"
"朱国祯等上","1","1","2"
"庄烈帝登极","2","0","2"
"言者争请召","2","0","2"
"逆党杨维垣","1","1","2"
"张庆臻敕书","1","1","2"
"帝召见廷臣","1","1","2"
"大治忠贤党","2","0","2"
"列上二百六","1","1","2"
"上二百六十","1","1","2"
"百六十二人","1","1","2"
"击吏部尚书","1","1","2"
"部主事王永","1","1","2"
"主事王永吉","1","1","2"
"巡视科道王","1","1","2"
"视科道王都","1","1","2"
"高赉明二人","1","1","2"
"大清兵入畿","2","0","2"
"崇焕杀毛文","2","0","2"
"焕杀毛文龙","2","0","2"
"中书舍人加","1","1","2"
"左庶子丁进","1","1","2"
"工部主事李","1","1","2"
"部主事李逢","1","1","2"
"主事李逢申","1","1","2"
"赐白金彩币","2","0","2"
"日本陷朝鲜","2","0","2"
"税监陈奉横","1","1","2"
"巡按御史曹","1","1","2"
"按御史曹楷","1","1","2"
"时皇长子储","1","1","2"
"皇长子储位","1","1","2"
"长子储位未","1","1","2"
"子储位未定","1","1","2"
"臣郑国泰请","1","1","2"
"皇长子体弱","1","1","2"
"待两宫落成","1","1","2"
"朝廷大政令","1","1","2"
"额二千四百","1","1","2"
"云南巡抚陈","1","1","2"
"旨礼部尚书","2","0","2"
"史邹元标侍","1","1","2"
"礼部侍郎时","1","1","2"
"铁岭卫指挥","1","1","2"
"岭卫指挥佥","1","1","2"
"辽东险山参","1","1","2"
"东险山参将","1","1","2"
"张摆失等屯","1","1","2"
"官王治道战","1","1","2"
"王治道战死","1","1","2"
"子卜言台周","1","1","2"
"指挥苏成勋","1","1","2"
"副将赵完等","1","1","2"
"斩首五百八","1","1","2"
"首五百八十","1","1","2"
"旧辽阳北河","1","1","2"
"朵颜兀鲁思","1","1","2"
"颜兀鲁思罕","1","1","2"
"千骑毁墙入","2","0","2"
"备御裴承祖","1","1","2"
"荫都指挥同","2","0","2"
"炒花大会黑","1","1","2"
"花大会黑石","1","1","2"
"大会黑石炭","1","1","2"
"大清堡边外","1","1","2"
"督抚梁梦龙","1","1","2"
"塞二百余里","2","0","2"
"前屯锦川营","1","1","2"
"屯锦川营深","1","1","2"
"锦川营深入","1","1","2"
"参将杨粟等","1","1","2"
"迤东都督王","1","1","2"
"东都督王兀","1","1","2"
"都督王兀堂","1","1","2"
"参将徐国辅","1","1","2"
"指挥王宗义","1","1","2"
"斩首七百五","1","1","2"
"首七百五十","1","1","2"
"副将姚大节","1","1","2"
"复二万余骑","2","0","2"
"参将熊朝臣","1","1","2"
"将熊朝臣固","1","1","2"
"熊朝臣固守","1","1","2"
"后斩首三百","1","1","2"
"失千总陈鹏","1","1","2"
"下三百十七","1","1","2"
"三百十七人","1","1","2"
"四百六十匹","1","1","2"
"子卜言兔入","1","1","2"
"参将李平胡","1","1","2"
"将李平胡射","1","1","2"
"李平胡射中","1","1","2"
"子猛骨孛罗","1","1","2"
"备御霍九皋","1","1","2"
"岁禄二百石","2","0","2"
"等数万骑入","2","0","2"
"斩首八百奇","2","0","2"
"游击韩元功","1","1","2"
"击韩元功追","1","1","2"
"一克灰正纠","1","1","2"
"花大等三万","1","1","2"
"大等三万骑","1","1","2"
"七八万骑犯","2","0","2"
"八万骑犯镇","2","0","2"
"万骑犯镇夷","2","0","2"
"总朱永寿等","1","1","2"
"墨台猪借西","1","1","2"
"台猪借西部","1","1","2"
"猪借西部青","1","1","2"
"滚兔十万骑","1","1","2"
"使副将李宁","2","0","2"
"副将李宁等","1","1","2"
"二百八十人","1","1","2"
"史梅国桢请","1","1","2"
"王锡爵相继","1","1","2"
"年七十六矣","2","0","2"
"兵部侍郎汪","1","1","2"
"部侍郎汪道","1","1","2"
"孤山堡张哈","2","0","2"
"沿江新安四","1","1","2"
"江新安四堡","1","1","2"
"六万四千余","1","1","2"
"万四千余户","1","1","2"
"巡按御史熊","1","1","2"
"按御史熊廷","1","1","2"
"御史熊廷弼","1","1","2"
"复连章极论","2","0","2"
"宁远伯勋卫","1","1","2"
"神机营右副","1","1","2"
"机营右副将","1","1","2"
"中黄道瞻等","1","1","2"
"提督京城巡","1","1","2"
"督京城巡捕","1","1","2"
"巡抚许守谦","1","1","2"
"参政王学书","1","1","2"
"事中叶初春","1","1","2"
"中叶初春请","1","1","2"
"山西李迎恩","1","1","2"
"督陕西讨逆","1","1","2"
"陕西讨逆军","1","1","2"
"西讨逆军务","1","1","2"
"讨逆军务总","1","1","2"
"逆军务总兵","1","1","2"
"军务总兵官","1","1","2"
"兵科许弘纲","1","1","2"
"科许弘纲等","1","1","2"
"游击龚子敬","1","1","2"
"遣养子克力","1","1","2"
"养子克力盖","1","1","2"
"令部将李宁","1","1","2"
"经略宋应昌","1","1","2"
"参谋李应试","1","1","2"
"一年正月四","1","1","2"
"亲信小西飞","1","1","2"
"令游击吴惟","1","1","2"
"击吴惟忠攻","1","1","2"
"副将杨元等","1","1","2"
"将杨元等军","1","1","2"
"小西门先登","1","1","2"
"退保风月楼","1","1","2"
"行长渡大同","2","0","2"
"长渡大同江","2","0","2"
"参将查大受","1","1","2"
"将查大受率","1","1","2"
"级三百六十","1","1","2"
"轻骑趋碧蹄","2","0","2"
"骑趋碧蹄馆","2","0","2"
"王京三十里","1","1","2"
"兵渡汉江尾","1","1","2"
"十二月班师","1","1","2"
"二十五年冬","1","1","2"
"辽东总兵董","1","1","2"
"东总兵董一","1","1","2"
"镇帅刘汉袭","1","1","2"
"副将尚表固","1","1","2"
"将尚表固守","1","1","2"
"宣府副总兵","1","1","2"
"大同新平堡","1","1","2"
"同新平堡参","1","1","2"
"新平堡参将","1","1","2"
"迁大同副总","2","0","2"
"撦力克袭封","2","0","2"
"力克袭封顺","2","0","2"
"克袭封顺义","2","0","2"
"阅视少卿曾","1","1","2"
"视少卿曾乾","1","1","2"
"少卿曾乾亨","1","1","2"
"宁夏总兵董","1","1","2"
"夏总兵董一","1","1","2"
"总兵董一奎","1","1","2"
"兵董一奎攻","1","1","2"
"固原总兵李","1","1","2"
"兵刘承嗣攻","1","1","2"
"斩百二十人","2","0","2"
"斩首二百五","1","1","2"
"首二百五十","1","1","2"
"宁夏总兵萧","1","1","2"
"斩首二百三","1","1","2"
"首二百三十","1","1","2"
"帝告庙宣捷","2","0","2"
"贵备倭总兵","2","0","2"
"统南北诸军","2","0","2"
"守将杨元遁","2","0","2"
"全州守将陈","1","1","2"
"州守将陈愚","1","1","2"
"守将陈愚衷","1","1","2"
"遣副将解生","1","1","2"
"副将解生守","1","1","2"
"将解生守稷","1","1","2"
"解生守稷山","1","1","2"
"令都体察使","1","1","2"
"忠清道遮贼","2","0","2"
"清道遮贼锋","2","0","2"
"参将彭友德","1","1","2"
"击茅国器率","1","1","2"
"会平秀吉死","2","0","2"
"贵遂入岛山","2","0","2"
"兔三万骑入","2","0","2"
"三万骑入掠","2","0","2"
"天启七年乡","1","1","2"
"启七年乡试","1","1","2"
"授永宁知县","1","1","2"
"子吏部郎中","1","1","2"
"鼎延等固守","1","1","2"
"延等固守三","1","1","2"
"等固守三日","1","1","2"
"祯十三年举","1","1","2"
"十三年举人","1","1","2"
"迁开封同知","2","0","2"
"乡官杨所修","1","1","2"
"十七人坠马","1","1","2"
"请固镇五道","1","1","2"
"镇五道兵合","1","1","2"
"五道兵合剿","1","1","2"
"百余人冒雨","1","1","2"
"余人冒雨登","1","1","2"
"人冒雨登城","1","1","2"
"典史杜邦举","1","1","2"
"授开封推官","1","1","2"
"举人王受爵","1","1","2"
"人王受爵等","1","1","2"
"王受爵等率","1","1","2"
"受爵等率士","1","1","2"
"爵等率士民","1","1","2"
"等率士民分","1","1","2"
"贼遣使说降","2","0","2"
"授归德推官","1","1","2"
"迁工部主事","2","0","2"
"经历徐一源","1","1","2"
"书周士朴等","1","1","2"
"总督侯恂家","1","1","2"
"赠河南佥事","1","1","2"
"建天中书院","1","1","2"
"事中范士髦","1","1","2"
"中范士髦荐","1","1","2"
"原通判乔中","1","1","2"
"授登封知县","1","1","2"
"左金王等五","1","1","2"
"金王等五部","1","1","2"
"献忠左良玉","2","0","2"
"忠左良玉所","2","0","2"
"左良玉所败","1","1","2"
"三月攻舒城","1","1","2"
"抵庐州城下","1","1","2"
"提学御史徐","1","1","2"
"时北方刘守","1","1","2"
"乾孙体貌魁","1","1","2"
"金人刘完素","1","1","2"
"顾显卿右耳","1","1","2"
"显卿右耳下","1","1","2"
"卿右耳下生","1","1","2"
"手足少阳经","1","1","2"
"足少阳经受","1","1","2"
"少阳经受邪","1","1","2"
"东垣试效方","1","1","2"
"华州陈明远","1","1","2"
"义乌陈氏子","1","1","2"
"诸暨黄生背","1","1","2"
"暨黄生背曲","1","1","2"
"取三百九十","1","1","2"
"者二百三十","1","1","2"
"百三十八条","1","1","2"
"凡二十一篇","1","1","2"
"诗一百五十","1","1","2"
"一百五十首","1","1","2"
"南昌市中乞","1","1","2"
"昌市中乞食","1","1","2"
"太祖克南昌","1","1","2"
"见江豚戏水","1","1","2"
"陈友谅围南","1","1","2"
"谅围南昌三","1","1","2"
"围南昌三月","1","1","2"
"常遇春孤舟","1","1","2"
"遇春孤舟深","1","1","2"
"春孤舟深入","1","1","2"
"友谅中流矢","2","0","2"
"谅中流矢死","2","0","2"
"能一日千里","1","1","2"
"二十四年遣","1","1","2"
"工部侍郎郭","1","1","2"
"平侯张信等","1","1","2"
"通微显化真","1","1","2"
"微显化真人","1","1","2"
"家十七人皆","1","1","2"
"十七人皆死","2","0","2"
"翰林检阅官","1","1","2"
"游海外洛伽","1","1","2"
"海外洛伽山","1","1","2"
"南台大夫普","1","1","2"
"台大夫普化","1","1","2"
"大夫普化帖","1","1","2"
"夫普化帖木","1","1","2"
"永乐八年卒","1","1","2"
"北平诸文武","1","1","2"
"都指挥谢贵","1","1","2"
"佥都御史景","1","1","2"
"都御史景清","1","1","2"
"太子忧惧成","1","1","2"
"子忧惧成疾","1","1","2"
"礼部郎周讷","1","1","2"
"宋内侍钱塘","1","1","2"
"内侍钱塘罗","1","1","2"
"侍钱塘罗知","1","1","2"
"钱塘罗知悌","1","1","2"
"列侯监工者","1","1","2"
"南京太医院","1","1","2"
"两京太医院","1","1","2"
"大将谭广等","1","1","2"
"将谭广等进","1","1","2"
"谭广等进击","1","1","2"
"学士曹鼐问","1","1","2"
"紫微垣诸星","1","1","2"
"杨洪等入援","1","1","2"
"杰愿辞御药","1","1","2"
"愿辞御药房","1","1","2"
"加工部尚书","1","1","2"
"病后近女色","1","1","2"
"后近女色太","1","1","2"
"召四方名医","1","1","2"
"心正必知耻","1","1","2"
"六安卫千户","1","1","2"
"神农所传止","1","1","2"
"百一十四种","1","1","2"
"增一百二十","1","1","2"
"一百二十种","1","1","2"
"一千五百五","1","1","2"
"五百五十八","1","1","2"
"百五十八种","1","1","2"
"三百七十四","1","1","2"
"百七十四种","1","1","2"
"合成五十二","1","1","2"
"成五十二卷","1","1","2"
"神宗诏修国","1","1","2"
"宗诏修国史","1","1","2"
"命刊行天下","1","1","2"
"楚王府奉祠","1","1","2"
"王府奉祠正","1","1","2"
"常熟缪希雍","1","1","2"
"皆精通医术","1","1","2"
"大统万年二","1","1","2"
"统万年二历","1","1","2"
"万年二历通","1","1","2"
"年二历通议","1","1","2"
"督胡宗宪征","1","1","2"
"真定游击谢","1","1","2"
"定游击谢嘉","1","1","2"
"游击谢嘉福","1","1","2"
"击谢嘉福杀","1","1","2"
"谢嘉福杀巡","1","1","2"
"嘉福杀巡抚","1","1","2"
"福杀巡抚徐","1","1","2"
"杀巡抚徐标","1","1","2"
"通判王宗周","1","1","2"
"清苑知县朱","1","1","2"
"苑知县朱永","1","1","2"
"知县朱永康","1","1","2"
"乡官张罗彦","1","1","2"
"见危致命章","1","1","2"
"所过百余城","1","1","2"
"督师大学士","1","1","2"
"师大学士李","1","1","2"
"士李建泰率","1","1","2"
"建泰举敕印","1","1","2"
"御史金毓峒","1","1","2"
"建泰中军副","1","1","2"
"泰中军副将","1","1","2"
"迁吏部文选","2","0","2"
"吏部文选郎","1","1","2"
"部文选郎中","1","1","2"
"事中时敏奉","1","1","2"
"中时敏奉使","1","1","2"
"总兵官马岱","1","1","2"
"张氏兄弟死","1","1","2"
"氏兄弟死守","1","1","2"
"兄弟死守者","1","1","2"
"崇祯钱一枚","1","1","2"
"书陈新甲庸","1","1","2"
"陈新甲庸才","1","1","2"
"新甲庸才误","1","1","2"
"甲庸才误国","1","1","2"
"部尚书李待","1","1","2"
"尚书李待问","1","1","2"
"监李建泰军","1","1","2"
"邵宗元等共","1","1","2"
"宗元等共守","1","1","2"
"毓峒分守西","1","1","2"
"峒分守西城","1","1","2"
"异议者斩悬","1","1","2"
"议者斩悬银","1","1","2"
"者斩悬银牌","1","1","2"
"谥曰潜忠先","1","1","2"
"曰潜忠先生","1","1","2"
"万历末年进","1","1","2"
"历末年进士","1","1","2"
"都御史赵南","1","1","2"
"御史赵南星","1","1","2"
"杨维垣等报","1","1","2"
"息天下朋党","1","1","2"
"张文熙等数","1","1","2"
"文熙等数十","1","1","2"
"熙等数十人","1","1","2"
"史李应升所","1","1","2"
"御史马孟正","1","1","2"
"部尚书胡应","1","1","2"
"尚书胡应台","1","1","2"
"土酋普名声","1","1","2"
"酋普名声久","1","1","2"
"分守贵州威","1","1","2"
"守贵州威清","1","1","2"
"率参将范邦","1","1","2"
"参将范邦雄","1","1","2"
"督蔡复一上","1","1","2"
"然待人始终","1","1","2"
"楷书五百字","1","1","2"
"监军张若骐","1","1","2"
"总督樊一蘅","1","1","2"
"督樊一蘅等","1","1","2"
"樊一蘅等联","1","1","2"
"一蘅等联络","1","1","2"
"蘅等联络诸","1","1","2"
"等联络诸将","1","1","2"
"复川南郡县","1","1","2"
"清顺治四年","1","1","2"
"擢山西佥事","2","0","2"
"四川广安知","1","1","2"
"川广安知州","1","1","2"
"川东兵备佥","1","1","2"
"东兵备佥事","1","1","2"
"大清兵追重","2","0","2"
"清兵追重庆","2","0","2"
"云南都司经","1","1","2"
"南都司经历","1","1","2"
"孙望等入云","2","0","2"
"崇祯四年复","2","0","2"
"山西巡抚许","1","1","2"
"西巡抚许鼎","1","1","2"
"击孙守法追","1","1","2"
"抚孙传庭部","1","1","2"
"三十余州县","2","0","2"
"书杨嗣昌创","1","1","2"
"四正六隅说","2","0","2"
"限三月平贼","2","0","2"
"承畴令变蛟","2","0","2"
"变蛟转战千","1","1","2"
"蛟转战千里","1","1","2"
"党祁总管避","1","1","2"
"令变蛟穷追","1","1","2"
"贼尸相枕藉","2","0","2"
"汝才降复叛","2","0","2"
"东协总兵官","1","1","2"
"山海总兵马","1","1","2"
"海总兵马科","1","1","2"
"宁远总兵吴","1","1","2"
"远总兵吴三","1","1","2"
"辽东总兵刘","1","1","2"
"东总兵刘肇","1","1","2"
"总兵刘肇基","1","1","2"
"遣光先西归","1","1","2"
"宣府总兵杨","1","1","2"
"府总兵杨国","1","1","2"
"大同总兵王","1","1","2"
"同总兵王朴","1","1","2"
"密云总兵唐","1","1","2"
"云总兵唐通","1","1","2"
"山西总兵李","1","1","2"
"西总兵李辅","1","1","2"
"承畴命变蛟","1","1","2"
"五万三千七","1","1","2"
"副将夏成德","1","1","2"
"巡抚丘民仰","1","1","2"
"总兵祖大乐","1","1","2"
"兵备道张斗","1","1","2"
"辽东车右营","1","1","2"
"东车右营都","1","1","2"
"车右营都司","1","1","2"
"昌平督治侍","1","1","2"
"平督治侍郎","1","1","2"
"督治侍郎侯","1","1","2"
"治侍郎侯恂","1","1","2"
"良玉将昌平","2","0","2"
"玉将昌平兵","2","0","2"
"檄良玉入山","2","0","2"
"河南巡抚樊","1","1","2"
"南巡抚樊尚","1","1","2"
"参将陶希谦","1","1","2"
"土司马凤仪","1","1","2"
"职方郎中李","1","1","2"
"方郎中李继","1","1","2"
"贺双全等三","1","1","2"
"双全等三十","1","1","2"
"全等三十六","1","1","2"
"等三十六家","1","1","2"
"追奔百余里","2","0","2"
"良玉抵灵宝","2","0","2"
"合辽东总兵","1","1","2"
"宽分击献忠","2","0","2"
"会总理卢象","2","0","2"
"李重镇随陕","1","1","2"
"重镇随陕西","1","1","2"
"镇随陕西总","1","1","2"
"随陕西总督","1","1","2"
"偏将赵柱驻","1","1","2"
"巡抚杨绳武","1","1","2"
"抚张国维三","1","1","2"
"河南巡抚常","1","1","2"
"南巡抚常道","1","1","2"
"巡抚常道立","1","1","2"
"降将刘国能","1","1","2"
"房县八十里","1","1","2"
"令良玉驻兵","1","1","2"
"良玉驻兵兴","1","1","2"
"玉驻兵兴平","1","1","2"
"遣偏将追剿","1","1","2"
"白马邓天王","1","1","2"
"马邓天王等","1","1","2"
"良玉功第一","2","0","2"
"走白羊山西","2","0","2"
"平贼将军印","2","0","2"
"嗣昌语人龙","2","0","2"
"军万元吉知","1","1","2"
"将刘士杰深","1","1","2"
"刘士杰深入","1","1","2"
"献忠登高望","2","0","2"
"潜行箐谷中","2","0","2"
"乘高大呼驰","2","0","2"
"高大呼驰下","2","0","2"
"良玉兵先溃","2","0","2"
"督汪乔年关","2","0","2"
"成复围开封","2","0","2"
"良玉走襄阳","2","0","2"
"驿传道王扬","1","1","2"
"传道王扬基","1","1","2"
"道王扬基夺","1","1","2"
"王扬基夺门","1","1","2"
"二十四日抵","1","1","2"
"六年正月中","1","1","2"
"蕲州守将王","1","1","2"
"州守将王允","1","1","2"
"守将王允成","1","1","2"
"芜湖四十里","1","1","2"
"立军府招徕","1","1","2"
"副将吴学礼","1","1","2"
"江西巡抚郭","1","1","2"
"西巡抚郭都","1","1","2"
"巡抚郭都贤","1","1","2"
"遣马进忠援","1","1","2"
"荆州七十里","1","1","2"
"子梦庚平贼","1","1","2"
"梦庚平贼将","1","1","2"
"庚平贼将军","1","1","2"
"事中左懋第","1","1","2"
"锦衣卫正千","1","1","2"
"衣卫正千户","1","1","2"
"湖广巡抚何","1","1","2"
"广巡抚何腾","1","1","2"
"巡抚何腾蛟","1","1","2"
"监军御史黄","1","1","2"
"军御史黄澍","1","1","2"
"三十六营大","1","1","2"
"十六营大将","1","1","2"
"诸将议旋师","2","0","2"
"延绥巡抚洪","1","1","2"
"绥巡抚洪承","1","1","2"
"巡抚洪承畴","1","1","2"
"抚洪承畴麾","1","1","2"
"洪承畴麾下","1","1","2"
"斩获二百奇","2","0","2"
"进都司佥书","2","0","2"
"抚陈奇瑜讨","1","1","2"
"承畴遣人龙","2","0","2"
"都司田应龙","1","1","2"
"司田应龙等","1","1","2"
"田应龙等死","1","1","2"
"击孙守法挟","2","0","2"
"承畴率人龙","2","0","2"
"人龙副将李","2","0","2"
"龙副将李国","2","0","2"
"将李国奇等","1","1","2"
"崇俭率人龙","2","0","2"
"左良玉大破","2","0","2"
"大破贼玛瑙","2","0","2"
"破贼玛瑙山","2","0","2"
"总兵郑嘉栋","1","1","2"
"共斩首一千","1","1","2"
"楚将张应元","2","0","2"
"贼遂越成都","2","0","2"
"督傅宗龙统","1","1","2"
"部将周国卿","1","1","2"
"参将孙守法","1","1","2"
"将孙守法先","1","1","2"
"董学礼等十","1","1","2"
"学礼等十四","1","1","2"
"崇祯七年闰","1","1","2"
"祯七年闰八","1","1","2"
"七年闰八月","1","1","2"
"陕西总督孙","1","1","2"
"西总督孙传","1","1","2"
"总督孙传庭","1","1","2"
"总兵白广恩","1","1","2"
"时官军乘胜","1","1","2"
"官军乘胜深","1","1","2"
"军乘胜深入","1","1","2"
"令总督李化","1","1","2"
"总督李化熙","1","1","2"
"督李化熙率","1","1","2"
"杰移驻徐州","1","1","2"
"左中允卫胤","1","1","2"
"允卫胤文兵","2","0","2"
"巡按陈潜夫","1","1","2"
"山东都司佥","1","1","2"
"东都司佥书","1","1","2"
"贼围开封久","2","0","2"
"赴保定剿贼","1","1","2"
"崇祯五年七","1","1","2"
"祯五年七月","1","1","2"
"逐北抵城下","2","0","2"
"外卫副千户","1","1","2"
"命援剿总兵","2","0","2"
"监纪推官汤","1","1","2"
"纪推官汤开","1","1","2"
"推官汤开远","1","1","2"
"副将祖克勇","1","1","2"
"将祖克勇等","1","1","2"
"副将刘肇基","1","1","2"
"士卒殊死斗","2","0","2"
"副将李辅明","1","1","2"
"京太仆卿李","1","1","2"
"祖大乐等入","1","1","2"
"大乐等入山","1","1","2"
"乐等入山搜","1","1","2"
"总兵李重镇","1","1","2"
"重镇赴关中","1","1","2"
"镇赴关中讨","1","1","2"
"赴关中讨贼","1","1","2"
"隶承畴麾下","1","1","2"
"擢吏部稽勋","2","0","2"
"关南道参议","1","1","2"
"总兵官柴时","1","1","2"
"兵官柴时华","1","1","2"
"黄台吉等拥","1","1","2"
"总兵官马爌","2","0","2"
"副将世宠等","1","1","2"
"明年三月始","2","0","2"
"本官右佥都","2","0","2"
"总督赵光抃","2","0","2"
"常少卿李沾","1","1","2"
"将军李占春","1","1","2"
"军李占春深","1","1","2"
"李占春深相","1","1","2"
"占春深相结","1","1","2"
"榆林兵备参","1","1","2"
"林兵备参议","1","1","2"
"总兵曹文诏","1","1","2"
"兵曹文诏败","1","1","2"
"郑崇俭巡抚","1","1","2"
"崇俭巡抚宁","1","1","2"
"俭巡抚宁夏","1","1","2"
"荐兵部右侍","1","1","2"
"松潘副将朱","1","1","2"
"潘副将朱化","1","1","2"
"副将朱化龙","1","1","2"
"同知詹天颜","1","1","2"
"贼将王运行","1","1","2"
"旧将甘良臣","1","1","2"
"游击马应试","1","1","2"
"伪都督张化","1","1","2"
"都督张化龙","1","1","2"
"贼将刘廷举","1","1","2"
"养子刘文秀","1","1","2"
"子刘文秀攻","1","1","2"
"参政刘麟长","1","1","2"
"张天相等夹","1","1","2"
"天相等夹击","1","1","2"
"贼将冯双礼","1","1","2"
"佥事蔡肱明","1","1","2"
"总兵官贾连","1","1","2"
"兵官贾连登","1","1","2"
"中军杨维栋","1","1","2"
"监军副使范","1","1","2"
"军副使范文","1","1","2"
"副使范文光","1","1","2"
"监军佥事詹","1","1","2"
"军佥事詹天","1","1","2"
"佥事詹天颜","1","1","2"
"贼将刘进忠","1","1","2"
"王复臣等攻","1","1","2"
"闻大清兵入","2","0","2"
"偏沅巡抚李","1","1","2"
"沅巡抚李乾","1","1","2"
"李赤心等十","1","1","2"
"赤心等十三","1","1","2"
"心等十三家","1","1","2"
"白文选攻杀","1","1","2"
"刘文秀大败","1","1","2"
"文秀大败武","1","1","2"
"秀大败武大","1","1","2"
"大败武大定","1","1","2"
"左良玉称兵","2","0","2"
"摄湖北巡抚","2","0","2"
"御营前部左","1","1","2"
"营前部左军","1","1","2"
"赤心等大败","1","1","2"
"大兵破武冈","2","0","2"
"朱容藩伪称","1","1","2"
"容藩伪称监","1","1","2"
"藩伪称监国","1","1","2"
"伪称监国天","1","1","2"
"称监国天下","1","1","2"
"监国天下兵","1","1","2"
"国天下兵马","1","1","2"
"御史钱邦芑","1","1","2"
"李成栋叛大","2","0","2"
"成栋叛大清","2","0","2"
"高必正等乘","1","1","2"
"腾蛟令胤锡","2","0","2"
"龙虎关守将","1","1","2"
"虎关守将曹","1","1","2"
"关守将曹志","1","1","2"
"守将曹志建","1","1","2"
"胤锡将召忠","1","1","2"
"锡将召忠贞","1","1","2"
"将召忠贞营","1","1","2"
"监军佥事何","1","1","2"
"军佥事何图","1","1","2"
"佥事何图复","1","1","2"
"激赤心等东","1","1","2"
"改翰林编修","2","0","2"
"署国子监事","2","0","2"
"礼部侍郎召","2","0","2"
"进封南阳伯","1","1","2"
"劾庆国公邦","1","1","2"
"庆国公邦传","1","1","2"
"文安侯吉翔","1","1","2"
"司礼中官庞","1","1","2"
"礼中官庞天","1","1","2"
"中官庞天寿","1","1","2"
"事中时魁等","1","1","2"
"太后召天麟","1","1","2"
"时魁等所攻","1","1","2"
"宋高宗航海","1","1","2"
"右两江土司","1","1","2"
"入安南避难","1","1","2"
"公胡一青殿","1","1","2"
"胡一青殿后","1","1","2"
"一青殿后军","1","1","2"
"说主事胡士","1","1","2"
"主事胡士瑞","1","1","2"
"事胡士瑞拥","1","1","2"
"胡士瑞拥戴","1","1","2"
"士瑞拥戴秦","1","1","2"
"瑞拥戴秦王","1","1","2"
"员外郎林青","1","1","2"
"外郎林青阳","1","1","2"
"晋王李定国","1","1","2"
"员外郎蒋乾","1","1","2"
"外郎蒋乾昌","1","1","2"
"主事朱东旦","1","1","2"
"事朱东旦书","1","1","2"
"翰林孔目周","1","1","2"
"林孔目周官","1","1","2"
"都督郑胤元","1","1","2"
"主事刘议新","1","1","2"
"仆少卿赵赓","1","1","2"
"少卿赵赓禹","1","1","2"
"御史周允吉","1","1","2"
"员外郎任斗","1","1","2"
"外郎任斗墟","1","1","2"
"主事易士佳","1","1","2"
"大呼二祖列","1","1","2"
"呼二祖列宗","1","1","2"
"部侍郎张佐","1","1","2"
"侍郎张佐辰","1","1","2"
"顺治十一年","1","1","2"
"治十一年三","1","1","2"
"十八先生成","1","1","2"
"八先生成仁","1","1","2"
"先生成仁处","1","1","2"
"部将靳统武","1","1","2"
"定国召吉翔","1","1","2"
"华亭侯王维","1","1","2"
"亭侯王维恭","1","1","2"
"都督马雄飞","1","1","2"
"部侍郎邓士","1","1","2"
"侍郎邓士廉","1","1","2"
"郎邓士廉等","1","1","2"
"都督同知邓","1","1","2"
"督同知邓凯","1","1","2"
"同知卢观象","1","1","2"
"种植疏浚方","2","0","2"
"改府州县佐","1","1","2"
"左侍郎迁南","2","0","2"
"侍郎迁南京","2","0","2"
"事中罗万象","1","1","2"
"票拟归阁臣","2","0","2"
"御史王孙蕃","1","1","2"
"祯十五年乡","1","1","2"
"工部营缮主","1","1","2"
"部营缮主事","1","1","2"
"新城侯王升","1","1","2"
"累迁光禄卿","2","0","2"
"副都御史房","1","1","2"
"右侍郎宋玫","1","1","2"
"大理寺卿张","1","1","2"
"理寺卿张三","1","1","2"
"寺卿张三谟","1","1","2"
"南道御史张","1","1","2"
"道御史张煊","1","1","2"
"左侍郎惠世","1","1","2"
"石麒奉命清","1","1","2"
"次审理十三","1","1","2"
"审理十三司","1","1","2"
"失陷城寨律","2","0","2"
"期进兵策应","1","1","2"
"闰月二十六","1","1","2"
"东昌二府推","1","1","2"
"昌二府推官","1","1","2"
"招练副使刘","1","1","2"
"练副使刘国","1","1","2"
"副使刘国缙","1","1","2"
"忤魏忠贤削","2","0","2"
"魏忠贤削籍","2","0","2"
"贵旧总督张","1","1","2"
"新总督杨述","1","1","2"
"督杨述中缩","1","1","2"
"五千四百奇","2","0","2"
"增八万二千","2","0","2"
"八万二千余","1","1","2"
"卫所应袭子","2","0","2"
"所应袭子弟","2","0","2"
"抚王应豸克","1","1","2"
"妖贼张普薇","1","1","2"
"贼张普薇等","1","1","2"
"事中光时亨","1","1","2"
"河南提学佥","1","1","2"
"南提学佥事","1","1","2"
"提学佥事巩","1","1","2"
"兵部主事方","1","1","2"
"部主事方允","1","1","2"
"主事方允昌","1","1","2"
"科都事中陈","2","0","2"
"襄阳知府王","1","1","2"
"阳知府王承","1","1","2"
"知府王承曾","1","1","2"
"兵备副使原","1","1","2"
"备副使原毓","1","1","2"
"副使原毓宗","1","1","2"
"庶吉士何胤","1","1","2"
"吉士何胤光","1","1","2"
"部员外郎潘","1","1","2"
"员外郎潘同","1","1","2"
"外郎潘同春","1","1","2"
"部员外郎吴","1","1","2"
"员外郎吴泰","1","1","2"
"行取知县周","1","1","2"
"取知县周寿","1","1","2"
"知县周寿明","1","1","2"
"方拱乾结纳","1","1","2"
"拱乾结纳马","1","1","2"
"保国公朱国","1","1","2"
"国公朱国弼","1","1","2"
"史张孙振等","1","1","2"
"懋第请马上","1","1","2"
"严禁将士剽","1","1","2"
"禁将士剽掠","1","1","2"
"左都督陈弘","1","1","2"
"都督陈弘范","1","1","2"
"访东宫二王","1","1","2"
"白金十万两","1","1","2"
"顺治二年六","1","1","2"
"治二年六月","1","1","2"
"闰月十二日","1","1","2"
"兵部司务陈","1","1","2"
"游击王一斌","1","1","2"
"都司张良佐","1","1","2"
"擢湖广行省","2","0","2"
"湖广行省员","1","1","2"
"广行省员外","1","1","2"
"行省员外郎","1","1","2"
"大都督府经","1","1","2"
"时天下初定","2","0","2"
"吴江同知金","1","1","2"
"江同知金刚","1","1","2"
"同知金刚奴","1","1","2"
"知金刚奴奉","1","1","2"
"金刚奴奉行","1","1","2"
"刚奴奉行省","1","1","2"
"奴奉行省命","1","1","2"
"立社学数百","1","1","2"
"社学数百区","1","1","2"
"督民夫筑城","1","1","2"
"中巡视田野","1","1","2"
"遣御史考核","1","1","2"
"朝廷发兵讨","1","1","2"
"授邵阳知县","1","1","2"
"平籴备荒议","1","1","2"
"引入大清河","1","1","2"
"东阿耆老百","1","1","2"
"阿耆老百余","1","1","2"
"耆老百余人","1","1","2"
"府东境七里","1","1","2"
"东境七里泷","1","1","2"
"擢山东布政","2","0","2"
"夏原吉治水","2","0","2"
"引浦水入海","1","1","2"
"授钱塘知县","1","1","2"
"钱塘一叶清","1","1","2"
"春坊司直郎","1","1","2"
"积逋数十万","2","0","2"
"母老乞归养","2","0","2"
"蓝田吕氏乡","1","1","2"
"田吕氏乡约","1","1","2"
"潮州知府王","1","1","2"
"州知府王源","1","1","2"
"知府王源除","1","1","2"
"府王源除怪","1","1","2"
"王源除怪石","1","1","2"
"尚书魏源所","1","1","2"
"书魏源所器","1","1","2"
"筑石堤百余","1","1","2"
"石堤百余丈","1","1","2"
"庐山白鹿书","1","1","2"
"山白鹿书院","1","1","2"
"湖田数百顷","1","1","2"
"淮安卫卒所","1","1","2"
"尚书金濂荐","1","1","2"
"朝臣举所知","2","0","2"
"礼部郎中况","1","1","2"
"部郎中况钟","1","1","2"
"问少傅杨士","1","1","2"
"少傅杨士奇","1","1","2"
"侍读学士王","1","1","2"
"读学士王直","1","1","2"
"钟能知宗琏","1","1","2"
"遣御史李立","1","1","2"
"理江南军籍","1","1","2"
"举洪武二十","2","0","2"
"复业者数千","1","1","2"
"业者数千人","1","1","2"
"国利民十事","1","1","2"
"宣德五年巡","1","1","2"
"德五年巡视","1","1","2"
"五年巡视仓","1","1","2"
"年巡视仓场","1","1","2"
"刑部侍郎施","1","1","2"
"部侍郎施礼","1","1","2"
"择廷臣二十","1","1","2"
"廷臣二十五","1","1","2"
"臣二十五人","1","1","2"
"走诉巡按御","2","0","2"
"诉巡按御史","2","0","2"
"耆老七十人","1","1","2"
"发奸人诬陷","1","1","2"
"擢兵部主事","2","0","2"
"宣德五年五","1","1","2"
"德五年五月","1","1","2"
"者一千一百","2","0","2"
"巡按御史闻","2","0","2"
"宁国知府袁","1","1","2"
"国知府袁旭","1","1","2"
"松江太守明","1","1","2"
"江太守明日","1","1","2"
"乐十八年进","1","1","2"
"河南参政孙","1","1","2"
"南参政孙原","1","1","2"
"御史刘观荐","1","1","2"
"江西都司断","1","1","2"
"西都司断事","1","1","2"
"威州土官董","1","1","2"
"州土官董敏","1","1","2"
"授曹县知县","1","1","2"
"民八百余人","1","1","2"
"大理寺丞张","1","1","2"
"举成化元年","2","0","2"
"授黔阳知县","1","1","2"
"钢募人采石","1","1","2"
"南山崖官道","1","1","2"
"山崖官道数","1","1","2"
"崖官道数里","1","1","2"
"迁长沙通判","2","0","2"
"监修吉王府","1","1","2"
"修岳麓书院","1","1","2"
"弘治二年奉","1","1","2"
"治二年奉诏","1","1","2"
"擢广东佥事","2","0","2"
"稍迁刑部主","2","0","2"
"三江口入海","1","1","2"
"见两山对峙","1","1","2"
"闸外筑石堤","1","1","2"
"外筑石堤四","1","1","2"
"筑石堤四百","1","1","2"
"石堤四百余","1","1","2"
"仓谷数百石","1","1","2"
"尚书熊浃知","1","1","2"
"靖十三年举","2","0","2"
"十三年举乡","2","0","2"
"神帛堂匠户","1","1","2"
"江宁县葛仙","1","1","2"
"田三千六百","1","1","2"
"三千六百亩","1","1","2"
"举人赵君宠","1","1","2"
"云南曲靖知","1","1","2"
"南曲靖知府","1","1","2"
"盗卢十八剽","1","1","2"
"擢礼部主事","2","0","2"
"万二千石备","1","1","2"
"二千石备荒","1","1","2"
"牛五百余头","1","1","2"
"授纺车八百","1","1","2"
"纺车八百余","1","1","2"
"车八百余辆","1","1","2"
"千二百余间","1","1","2"
"树三万八千","1","1","2"
"三万八千余","1","1","2"
"万八千余株","1","1","2"
"布政使刘浑","1","1","2"
"政使刘浑成","1","1","2"
"灿成助妾杀","1","1","2"
"成助妾杀妻","1","1","2"
"行太仆卿陈","1","1","2"
"文家人犯法","1","1","2"
"千三百余石","1","1","2"
"筑堤十三道","1","1","2"
"嘉兴人袁黄","1","1","2"
"兴人袁黄妄","1","1","2"
"故尚书潘季","1","1","2"
"推官阎世科","1","1","2"
"官阎世科列","1","1","2"
"督九江兵备","1","1","2"
"改太常少卿","2","0","2"
"年八十四矣","2","0","2"
"崇祯元年进","1","1","2"
"西安府推官","1","1","2"
"稍迁户部主","2","0","2"
"侍郎卢象升","1","1","2"
"潜山天堂寨","1","1","2"
"部将汪云凤","1","1","2"
"时监军佥事","1","1","2"
"监军佥事汤","1","1","2"
"军佥事汤开","1","1","2"
"佥事汤开远","1","1","2"
"事汤开远善","1","1","2"
"大典总督漕","2","0","2"
"典总督漕运","2","0","2"
"增设漕储道","1","1","2"
"设漕储道一","1","1","2"
"漕储道一人","1","1","2"
"陛下践阼初","2","0","2"
"思东北诸陵","2","0","2"
"监纪推官应","1","1","2"
"纪推官应廷","1","1","2"
"推官应廷吉","1","1","2"
"总兵官刘肇","1","1","2"
"兵官刘肇基","1","1","2"
"陛下嗣登大","2","0","2"
"下嗣登大宝","2","0","2"
"总兵李本身","1","1","2"
"监军副使高","1","1","2"
"军副使高岐","1","1","2"
"副使高岐凤","1","1","2"
"使高岐凤拔","1","1","2"
"高岐凤拔营","1","1","2"
"汉元帝乘船","1","1","2"
"五年迁工部","2","0","2"
"年迁工部右","2","0","2"
"工二部中官","2","0","2"
"二部中官张","2","0","2"
"部中官张彝","2","0","2"
"中官张彝宪","2","0","2"
"神主奉先殿","2","0","2"
"户部侍郎张","1","1","2"
"崇祯三年冬","1","1","2"
"京行人司副","1","1","2"
"主客员外郎","1","1","2"
"巡抚吴甡荐","2","0","2"
"革里眼等七","1","1","2"
"里眼等七大","1","1","2"
"眼等七大部","1","1","2"
"中官杨显名","2","0","2"
"明年四月擢","2","0","2"
"年四月擢右","2","0","2"
"重臣总督江","1","1","2"
"臣总督江西","1","1","2"
"福王立南都","2","0","2"
"勃迎立汉文","1","1","2"
"九江佥事叶","1","1","2"
"江佥事叶士","1","1","2"
"佥事叶士彦","1","1","2"
"心腹将校劝","1","1","2"
"成兵败南下","1","1","2"
"副将汪硕画","1","1","2"
"部将张世勋","1","1","2"
"将张世勋等","1","1","2"
"副将李士春","1","1","2"
"私制战车火","1","1","2"
"制战车火器","1","1","2"
"参将董大胜","1","1","2"
"使者李章玉","1","1","2"
"者李章玉征","1","1","2"
"徽州推官吴","1","1","2"
"州推官吴翔","1","1","2"
"门人江天一","1","1","2"
"巡抚董象恒","1","1","2"
"兵部主事何","1","1","2"
"部主事何刚","1","1","2"
"主事何刚训","1","1","2"
"事何刚训练","1","1","2"
"少詹事陈盟","1","1","2"
"高才生张溥","1","1","2"
"吏部尚书郑","1","1","2"
"大臣方岳贡","1","1","2"
"臣方岳贡等","1","1","2"
"擢吏部考功","2","0","2"
"吏部考功司","1","1","2"
"部考功司主","1","1","2"
"考功司主事","1","1","2"
"部尚书张捷","1","1","2"
"友人侯峒曾","1","1","2"
"巡抚刘永祚","1","1","2"
"淮徐兵备佥","1","1","2"
"徐兵备佥事","1","1","2"
"腾蛟兵部右","1","1","2"
"蛟兵部右侍","1","1","2"
"汉前将军关","1","1","2"
"宁州转浏阳","1","1","2"
"副将黄朝宣","1","1","2"
"长沙知府周","1","1","2"
"沙知府周二","1","1","2"
"知府周二南","1","1","2"
"府周二南请","1","1","2"
"二人交一言","2","0","2"
"拥众数十万","2","0","2"
"受主将节制","1","1","2"
"监军御史李","1","1","2"
"大兵破汀州","2","0","2"
"腾蛟侍郎严","2","0","2"
"蛟侍郎严恒","2","0","2"
"侍郎严恒走","2","0","2"
"郎严恒走白","2","0","2"
"严恒走白牙","2","0","2"
"恒走白牙市","2","0","2"
"守将黄朝宣","1","1","2"
"副将周金汤","1","1","2"
"宜章伯卢鼎","1","1","2"
"大兵知桂林","2","0","2"
"兵知桂林变","2","0","2"
"保昌侯曹志","1","1","2"
"昌侯曹志建","1","1","2"
"宜章侯卢鼎","1","1","2"
"新兴侯焦琏","1","1","2"
"新宁侯赵印","1","1","2"
"宁侯赵印选","1","1","2"
"侯赵印选攻","1","1","2"
"监军御史余","1","1","2"
"军御史余鲲","1","1","2"
"职方主事李","1","1","2"
"方主事李甲","1","1","2"
"主事李甲春","1","1","2"
"督师堵胤锡","1","1","2"
"招忠贞营李","1","1","2"
"忠贞营李赤","1","1","2"
"贞营李赤心","1","1","2"
"宝庆守将王","1","1","2"
"庆守将王进","1","1","2"
"守将王进才","1","1","2"
"授吉安永丰","1","1","2"
"吉安永丰知","1","1","2"
"安永丰知县","1","1","2"
"逆党徐大化","1","1","2"
"川贵总督张","1","1","2"
"贵总督张鹤","1","1","2"
"总督张鹤鸣","1","1","2"
"宣府巡抚徐","1","1","2"
"府巡抚徐良","1","1","2"
"巡抚徐良彦","1","1","2"
"贵宁参政胡","1","1","2"
"宁参政胡平","1","1","2"
"参政胡平表","1","1","2"
"政胡平表杀","1","1","2"
"胡平表杀贼","1","1","2"
"奸民张汉儒","1","1","2"
"巡按路振飞","1","1","2"
"方震孺巡抚","1","1","2"
"震孺巡抚广","1","1","2"
"孺巡抚广西","1","1","2"
"参将陈邦传","1","1","2"
"中军官焦琏","1","1","2"
"军官焦琏召","1","1","2"
"官焦琏召邦","1","1","2"
"焦琏召邦传","1","1","2"
"顺治三年九","1","1","2"
"治三年九月","1","1","2"
"式耜魁楚等","2","0","2"
"魁楚等议立","2","0","2"
"楚等议立永","2","0","2"
"等议立永明","2","0","2"
"议立永明王","2","0","2"
"日监国肇庆","2","0","2"
"观生立唐王","2","0","2"
"生立唐王聿","2","0","2"
"立唐王聿广","2","0","2"
"唐王聿广州","2","0","2"
"遣总督林佳","1","1","2"
"大兵破广州","2","0","2"
"巡抚曹晔迎","1","1","2"
"抚曹晔迎降","1","1","2"
"总督侍郎朱","1","1","2"
"督侍郎朱盛","1","1","2"
"侍郎朱盛浓","1","1","2"
"布政使朱盛","1","1","2"
"政使朱盛氵","1","1","2"
"使朱盛氵调","1","1","2"
"副使杨垂云","1","1","2"
"桂林知府王","1","1","2"
"林知府王惠","1","1","2"
"知府王惠卿","1","1","2"
"通判郑国藩","1","1","2"
"县丞李世荣","1","1","2"
"都司林应昌","1","1","2"
"侍郎丁元晔","1","1","2"
"令援将焦琏","1","1","2"
"侯郝永忠驻","1","1","2"
"太常卿黄太","1","1","2"
"常卿黄太元","1","1","2"
"广东李成栋","1","1","2"
"庆国公陈邦","1","1","2"
"国公陈邦传","1","1","2"
"广西巡抚鲁","1","1","2"
"衔巡抚两广","1","1","2"
"主上患难相","1","1","2"
"上患难相随","1","1","2"
"公赵印选居","1","1","2"
"宁远伯王永","1","1","2"
"远伯王永祚","1","1","2"
"部将戚良勋","1","1","2"
"将戚良勋请","1","1","2"
"督吴阿衡内","1","1","2"
"吴阿衡内外","1","1","2"
"改廷麟兵部","2","0","2"
"御史涂必泓","1","1","2"
"将徐必达战","1","1","2"
"徐必达战败","1","1","2"
"张安等四营","1","1","2"
"登万历四十","2","0","2"
"湖西兵备佥","1","1","2"
"职方主事周","1","1","2"
"方主事周瑚","1","1","2"
"乡官卢观象","1","1","2"
"大盗李守志","1","1","2"
"杨嗣昌荐才","2","0","2"
"大理右评事","1","1","2"
"十六年南京","2","0","2"
"南京职方主","1","1","2"
"京职方主事","1","1","2"
"先帝天资英","1","1","2"
"帝天资英武","1","1","2"
"敢违众独行","1","1","2"
"南赣巡抚李","1","1","2"
"赣巡抚李永","1","1","2"
"将徐必达扼","1","1","2"
"江西巡抚旷","1","1","2"
"西巡抚旷昭","1","1","2"
"中书舍人张","1","1","2"
"书舍人张同","1","1","2"
"舍人张同敞","1","1","2"
"人张同敞调","1","1","2"
"间峒贼四营","1","1","2"
"乘胜抵城下","2","0","2"
"事中杨文荐","1","1","2"
"中杨文荐奉","1","1","2"
"杨文荐奉命","1","1","2"
"江西巡抚刘","1","1","2"
"西巡抚刘远","1","1","2"
"巡抚刘远生","1","1","2"
"荐右佥都御","2","0","2"
"大学士苏观","1","1","2"
"学士苏观生","1","1","2"
"兵部主事黎","1","1","2"
"部主事黎遂","1","1","2"
"主事黎遂球","1","1","2"
"参将谢志良","1","1","2"
"廷麟调广西","1","1","2"
"麟调广西狼","1","1","2"
"广西狼兵八","1","1","2"
"西狼兵八千","1","1","2"
"狼兵八千人","1","1","2"
"祯十六年进","1","1","2"
"院庶吉士张","1","1","2"
"庶吉士张先","1","1","2"
"吉士张先生","1","1","2"
"令右佥都御","2","0","2"
"御史巡抚广","2","0","2"
"前尚书李觉","1","1","2"
"书李觉斯等","1","1","2"
"募兵万余人","2","0","2"
"唐王聿键读","1","1","2"
"会丁魁楚等","2","0","2"
"立永明王监","1","1","2"
"明王监国肇","2","0","2"
"王监国肇庆","2","0","2"
"王太后垂帘","1","1","2"
"太后垂帘坐","1","1","2"
"大位系人心","2","0","2"
"总督朱治忄","1","1","2"
"督朱治忄间","1","1","2"
"门人马应芳","1","1","2"
"清远指挥白","1","1","2"
"远指挥白常","1","1","2"
"指挥白常灿","1","1","2"
"总督范志完","1","1","2"
"总督万元吉","1","1","2"
"观生退入广","1","1","2"
"生退入广州","1","1","2"
"监纪主事陈","1","1","2"
"纪主事陈邦","1","1","2"
"主事陈邦彦","1","1","2"
"事陈邦彦劝","1","1","2"
"侍郎王应华","1","1","2"
"一月二日拥","1","1","2"
"月二日拥立","1","1","2"
"主事陈嘉谟","1","1","2"
"番禺人陈际","1","1","2"
"禺人陈际泰","1","1","2"
"魏忠贤等十","1","1","2"
"忠贤等十二","1","1","2"
"贤等十二人","1","1","2"
"山东巡抚徐","1","1","2"
"总督刘宇烈","1","1","2"
"总督登莱巡","2","0","2"
"督登莱巡抚","2","0","2"
"登莱巡抚设","2","0","2"
"总兵金国奇","1","1","2"
"副将靳国臣","1","1","2"
"参将祖大弼","1","1","2"
"游击柏永福","1","1","2"
"监军御史谢","1","1","2"
"军御史谢三","1","1","2"
"明遇坐主抚","2","0","2"
"遇坐主抚误","2","0","2"
"坐主抚误国","2","0","2"
"国奇等关外","1","1","2"
"奇等关外兵","1","1","2"
"游击徐元亨","1","1","2"
"击徐元亨等","1","1","2"
"六年二月中","1","1","2"
"副将王秉忠","1","1","2"
"游击刘良佐","1","1","2"
"击刘良佐献","1","1","2"
"将七十五人","1","1","2"
"世荫锦衣百","2","0","2"
"时江北州县","1","1","2"
"理卢象升追","1","1","2"
"卢象升追袭","1","1","2"
"安庆巡抚史","1","1","2"
"总兵刘良佐","1","1","2"
"兵刘良佐等","1","1","2"
"刘良佐等击","1","1","2"
"御史郑昆贞","1","1","2"
"史郑昆贞等","1","1","2"
"知县徐调元","1","1","2"
"授番禺知县","2","0","2"
"陛下求治太","2","0","2"
"安庆等十府","1","1","2"
"知县赵士彦","1","1","2"
"县赵士彦重","1","1","2"
"赵士彦重伤","1","1","2"
"守备朱士胤","1","1","2"
"龙等赴安庆","1","1","2"
"知县郑同元","1","1","2"
"苏州九里石","1","1","2"
"州九里石塘","1","1","2"
"大盗李青山","1","1","2"
"召对中左门","2","0","2"
"吏部尚书徐","1","1","2"
"部尚书徐石","1","1","2"
"尚书徐石麒","1","1","2"
"总兵官方国","1","1","2"
"兵官方国安","1","1","2"
"顺治三年五","1","1","2"
"治三年五月","1","1","2"
"天启五年进","1","1","2"
"启五年进士","1","1","2"
"御史周一敬","1","1","2"
"总兵郑鸿逵","1","1","2"
"定西侯张名","1","1","2"
"西侯张名振","1","1","2"
"部尚书李向","1","1","2"
"尚书李向中","1","1","2"
"吏部侍郎朱","1","1","2"
"部侍郎朱永","1","1","2"
"侍郎朱永佑","1","1","2"
"安洋将军刘","1","1","2"
"洋将军刘世","1","1","2"
"将军刘世勋","1","1","2"
"左都督张名","1","1","2"
"都督张名扬","1","1","2"
"召右佥都御","2","0","2"
"右参政分守","2","0","2"
"樱请巡抚邹","1","1","2"
"请巡抚邹维","1","1","2"
"副总兵郑芝","1","1","2"
"总兵郑芝龙","1","1","2"
"御史叶初春","1","1","2"
"巡抚沈犹龙","1","1","2"
"巡按张肯堂","1","1","2"
"荐苏州同知","1","1","2"
"苏州同知晏","1","1","2"
"州同知晏日","1","1","2"
"同知晏日曙","1","1","2"
"归德推官万","1","1","2"
"德推官万元","1","1","2"
"徐人龙巡抚","1","1","2"
"抚王永吉所","1","1","2"
"逮下刑部狱","2","0","2"
"樱留守福州","1","1","2"
"进士第三人","2","0","2"
"黄州府同知","1","1","2"
"擢浙江按察","2","0","2"
"浙江按察佥","1","1","2"
"江按察佥事","1","1","2"
"大学士张治","1","1","2"
"廷推吏部尚","2","0","2"
"邯郸落成吕","1","1","2"
"郸落成吕仙","1","1","2"
"落成吕仙祠","1","1","2"
"思忠元旦贺","1","1","2"
"忠元旦贺表","1","1","2"
"发咸宁侯仇","1","1","2"
"宁侯仇鸾罪","1","1","2"
"侯仇鸾罪状","1","1","2"
"提督侍郎孙","1","1","2"
"杨继盛劾嵩","2","0","2"
"王宗茂劾嵩","2","0","2"
"主事董传策","1","1","2"
"尚书雷礼营","1","1","2"
"予一子中书","2","0","2"
"嵩子世蕃贪","2","0","2"
"子世蕃贪横","1","1","2"
"世蕃贪横淫","1","1","2"
"蕃贪横淫纵","1","1","2"
"二部奉旨行","1","1","2"
"事御史抨击","1","1","2"
"御史抨击过","1","1","2"
"阶委曲调剂","1","1","2"
"参将郭琥伏","1","1","2"
"屡请增阁臣","2","0","2"
"方士胡大顺","1","1","2"
"士胡大顺等","1","1","2"
"胡大顺等劝","1","1","2"
"朝野号恸感","1","1","2"
"野号恸感激","1","1","2"
"令御史齐康","1","1","2"
"御史齐康劾","2","0","2"
"史齐康劾阶","2","0","2"
"令操江都御","1","1","2"
"江都御史唐","1","1","2"
"都御史唐继","1","1","2"
"拱复居正所","2","0","2"
"子监祭酒事","1","1","2"
"进少保太子","2","0","2"
"知府蔡国熙","1","1","2"
"奏土司安国","1","1","2"
"土司安国亨","1","1","2"
"司安国亨将","1","1","2"
"命阮文中代","1","1","2"
"知府侯必登","1","1","2"
"遣大臣阅视","2","0","2"
"时大学士赵","1","1","2"
"事中韩楫劾","2","0","2"
"中韩楫劾贞","2","0","2"
"韩楫劾贞吉","2","0","2"
"尚宝卿刘奋","1","1","2"
"宝卿刘奋庸","1","1","2"
"卿刘奋庸上","1","1","2"
"同官殷士儋","1","1","2"
"高仪受顾命","2","0","2"
"迁右谕德侍","2","0","2"
"侍郎翰林院","2","0","2"
"郎翰林院学","2","0","2"
"居正吏部左","2","0","2"
"正吏部左侍","2","0","2"
"绣蟒斗牛服","1","1","2"
"慨然天下己","2","0","2"
"然天下己任","2","0","2"
"中外想望丰","2","0","2"
"外想望丰采","2","0","2"
"帝遵守祖宗","1","1","2"
"生母李贵妃","1","1","2"
"积四百余万","2","0","2"
"史傅应祯继","1","1","2"
"中徐贞明等","1","1","2"
"居正阳具疏","2","0","2"
"正阳具疏救","2","0","2"
"左侍郎张四","1","1","2"
"恂恂若属吏","2","0","2"
"两广督抚殷","1","1","2"
"广督抚殷正","1","1","2"
"督抚殷正茂","1","1","2"
"称居正知人","1","1","2"
"慈圣太后将","1","1","2"
"能视皇帝朝","2","0","2"
"视皇帝朝夕","2","0","2"
"帝遣司礼中","2","0","2"
"遣司礼中官","2","0","2"
"部侍郎李幼","1","1","2"
"侍郎李幼孜","1","1","2"
"翰林王锡爵","1","1","2"
"部尚书张瀚","1","1","2"
"中陈三谟等","1","1","2"
"士邹元标相","1","1","2"
"邹元标相继","1","1","2"
"元标相继争","1","1","2"
"子编修嗣修","2","0","2"
"司礼太监魏","1","1","2"
"礼太监魏朝","1","1","2"
"礼部主事曹","1","1","2"
"部主事曹诰","1","1","2"
"部主事徐应","1","1","2"
"主事徐应聘","1","1","2"
"元辅张少师","1","1","2"
"辅张少师先","1","1","2"
"张少师先生","1","1","2"
"尚宝少卿郑","1","1","2"
"宝少卿郑钦","1","1","2"
"锦衣指挥史","1","1","2"
"衣指挥史继","1","1","2"
"指挥史继书","1","1","2"
"挥史继书护","1","1","2"
"帝赉忠良银","1","1","2"
"赉忠良银印","1","1","2"
"辅吕调阳等","1","1","2"
"部尚书马强","2","0","2"
"部右侍郎申","1","1","2"
"右侍郎申时","1","1","2"
"司礼太监张","1","1","2"
"礼太监张宏","1","1","2"
"锦衣指挥翟","1","1","2"
"衣指挥翟汝","1","1","2"
"指挥翟汝敬","1","1","2"
"抚按大吏越","1","1","2"
"按大吏越界","1","1","2"
"大吏越界迎","1","1","2"
"吏越界迎送","1","1","2"
"司礼太监何","1","1","2"
"礼太监何进","1","1","2"
"八宝金钉川","1","1","2"
"宝金钉川扇","1","1","2"
"居正侍讲读","1","1","2"
"御平台召对","2","0","2"
"太师张太岳","1","1","2"
"师张太岳先","1","1","2"
"张太岳先生","1","1","2"
"荐尚书徐学","1","1","2"
"侍郎王篆等","1","1","2"
"进中极殿大","2","0","2"
"荫一子尚宝","2","0","2"
"司礼太监护","1","1","2"
"御史李植极","1","1","2"
"长子礼部主","1","1","2"
"郎罗喻义等","1","1","2"
"同敞中书舍","1","1","2"
"敞中书舍人","1","1","2"
"万历初年治","1","1","2"
"超擢翰林学","2","0","2"
"御史郜永春","1","1","2"
"御史赵应龙","1","1","2"
"遂礼部尚书","2","0","2"
"御史曹一夔","1","1","2"
"矿银二十万","1","1","2"
"居正将归葬","2","0","2"
"正将归葬父","2","0","2"
"赵贤忤居正","2","0","2"
"后薛国观继","1","1","2"
"御史陈性学","1","1","2"
"复三疏乞休","2","0","2"
"士薛敷教劾","2","0","2"
"门生万国钦","1","1","2"
"遂下诏严禁","2","0","2"
"二十年春举","2","0","2"
"十年春举行","2","0","2"
"赐敕驰传归","2","0","2"
"将廷杖吴中","2","0","2"
"召吏部左侍","2","0","2"
"事多所咨决","2","0","2"
"巡抚韩取善","1","1","2"
"副使冯时泰","1","1","2"
"总兵官杨绍","1","1","2"
"兵官杨绍勋","1","1","2"
"事中吴文梓","1","1","2"
"中吴文梓等","1","1","2"
"御史彭应参","1","1","2"
"皇长子年十","2","0","2"
"锡爵性刚负","2","0","2"
"爵性刚负气","2","0","2"
"南京评事龙","1","1","2"
"工部郎中岳","1","1","2"
"部郎中岳元","1","1","2"
"郎中岳元声","1","1","2"
"中岳元声极","1","1","2"
"使野史流传","1","1","2"
"御史孙维城","1","1","2"
"经理朝鲜事","1","1","2"
"事中张正学","1","1","2"
"位逢迎迁就","1","1","2"
"中刘道亨劾","2","0","2"
"事中赵完璧","1","1","2"
"右都御史徐","1","1","2"
"都御史徐作","1","1","2"
"侍郎刘楚先","1","1","2"
"主事万建昆","1","1","2"
"沈一贯独国","2","0","2"
"故官东阁大","2","0","2"
"极陈矿税害","2","0","2"
"中汪若霖继","1","1","2"
"素服诣文华","2","0","2"
"礼部主事郑","1","1","2"
"部主事郑振","1","1","2"
"事中喻安性","1","1","2"
"疏二十余上","2","0","2"
"诏下司礼监","2","0","2"
"辽总督都御","1","1","2"
"南京督储都","1","1","2"
"京督储都御","1","1","2"
"督储都御史","1","1","2"
"储都御史曾","1","1","2"
"侍郎迟凤翔","1","1","2"
"同官欧阳一","1","1","2"
"官欧阳一敬","1","1","2"
"大理卿朱廷","1","1","2"
"理卿朱廷立","1","1","2"
"刑部侍郎詹","1","1","2"
"部侍郎詹瀚","1","1","2"
"侍郎詹瀚共","1","1","2"
"御史郝杰等","1","1","2"
"劾太常少卿","1","1","2"
"太常少卿晋","1","1","2"
"常少卿晋应","1","1","2"
"少卿晋应槐","1","1","2"
"南京侍郎傅","1","1","2"
"京侍郎傅颐","1","1","2"
"宁夏巡抚王","1","1","2"
"夏巡抚王崇","1","1","2"
"巡抚王崇古","1","1","2"
"湖广参政孙","1","1","2"
"广参政孙弘","1","1","2"
"参政孙弘轼","1","1","2"
"礼部尚书董","1","1","2"
"部尚书董份","1","1","2"
"御史胡维新","1","1","2"
"中胡应嘉劾","2","0","2"
"胡应嘉劾博","2","0","2"
"拱奸险横恶","1","1","2"
"拱威制朝绅","1","1","2"
"湖广巡按陈","1","1","2"
"广巡按陈省","1","1","2"
"公沐朝弼残","1","1","2"
"藩邸近侍荫","1","1","2"
"兵部尚书彭","1","1","2"
"部尚书彭泽","1","1","2"
"复嘉靖初年","1","1","2"
"迁福建提学","2","0","2"
"御史贺一桂","1","1","2"
"史贺一桂等","1","1","2"
"武王玩人丧","1","1","2"
"王玩人丧德","1","1","2"
"外惊喜过望","1","1","2"
"事中骆问礼","1","1","2"
"御史余嘉诏","1","1","2"
"史余嘉诏等","1","1","2"
"迁南京太仆","2","0","2"
"劾大学士王","1","1","2"
"部侍郎赵焕","1","1","2"
"兵部侍郎沈","1","1","2"
"部侍郎沈子","1","1","2"
"侍郎沈子木","1","1","2"
"郎沈子木相","1","1","2"
"沈子木相继","1","1","2"
"史王麟趾等","1","1","2"
"皇后正位中","1","1","2"
"劾诚意伯刘","1","1","2"
"福建巡抚涂","1","1","2"
"建巡抚涂泽","1","1","2"
"巡抚涂泽民","1","1","2"
"许诸人直言","2","0","2"
"陛下临朝决","1","1","2"
"屡迁湖广副","2","0","2"
"迁湖广副使","2","0","2"
"擢工科事中","2","0","2"
"遣中官督织","2","0","2"
"中官督织造","2","0","2"
"部尚书刘体","1","1","2"
"礼部主事宋","1","1","2"
"部主事宋儒","1","1","2"
"兵部主事熊","1","1","2"
"江都御史王","1","1","2"
"都御史王篆","1","1","2"
"谪马邑典史","2","0","2"
"先帝末年所","1","1","2"
"希指生事人","2","0","2"
"望陛下留神","1","1","2"
"事中涂梦桂","1","1","2"
"奋庸动摇国","1","1","2"
"事中程文奏","1","1","2"
"劾检讨梁绍","1","1","2"
"检讨梁绍儒","1","1","2"
"讨梁绍儒阿","1","1","2"
"文选郎中白","1","1","2"
"选郎中白璧","1","1","2"
"侍郎葛守礼","1","1","2"
"召南京太仆","2","0","2"
"南京御史谭","1","1","2"
"京御史谭希","1","1","2"
"御史谭希思","1","1","2"
"巡抚周孔教","1","1","2"
"抚周孔教捐","1","1","2"
"令副使杨一","1","1","2"
"副使杨一桂","1","1","2"
"入南京大理","2","0","2"
"两京户部左","1","1","2"
"都御史督漕","2","0","2"
"御史督漕运","2","0","2"
"光湖堤蓄水","1","1","2"
"抚李世达等","1","1","2"
"七百七十六","1","1","2"
"百七十六丈","1","1","2"
"三千三十六","1","1","2"
"千三十六丈","1","1","2"
"五千三百九","1","1","2"
"三百九十丈","1","1","2"
"改南京刑部","2","0","2"
"威茂兵备副","1","1","2"
"茂兵备副使","1","1","2"
"督吴桂芳平","1","1","2"
"隆庆四年大","1","1","2"
"抚殷正茂平","1","1","2"
"亘三百余里","2","0","2"
"令总兵官李","1","1","2"
"总兵官李锡","1","1","2"
"知县马希武","1","1","2"
"阳朔金宝岭","1","1","2"
"按察使吴一","1","1","2"
"察使吴一介","1","1","2"
"掌南京都察","2","0","2"
"严嵩父子窃","1","1","2"
"累官右副都","2","0","2"
"御史王藩臣","1","1","2"
"劾应天巡抚","1","1","2"
"天巡抚周继","1","1","2"
"江西巡抚陈","1","1","2"
"四川巡抚徐","1","1","2"
"川巡抚徐元","1","1","2"
"观政进士薛","1","1","2"
"政进士薛敷","1","1","2"
"南京御史黄","1","1","2"
"京御史黄仁","1","1","2"
"御史孙鸣治","1","1","2"
"论魏国公徐","1","1","2"
"魏国公徐邦","1","1","2"
"国公徐邦瑞","1","1","2"
"部尚书督仓","2","0","2"
"引士人讲学","1","1","2"
"中张问达所","1","1","2"
"谏武宗南巡","1","1","2"
"年七十余矣","2","0","2"
"事中卢大中","1","1","2"
"年正月七日","1","1","2"
"地八千三百","2","0","2"
"八千三百顷","1","1","2"
"大臣庞尚鹏","1","1","2"
"尚鹏等三人","1","1","2"
"鹏等三人分","1","1","2"
"都御史张永","1","1","2"
"御史张永明","1","1","2"
"夺辽东将士","1","1","2"
"副使沈应乾","1","1","2"
"损圣德非小","2","0","2"
"刑部侍郎洪","1","1","2"
"部侍郎洪朝","1","1","2"
"侍郎洪朝选","1","1","2"
"张居正逐拱","2","0","2"
"迁山东左布","2","0","2"
"总督蹇达共","1","1","2"
"兵科事中张","2","0","2"
"寻迁兵部右","2","0","2"
"祀碧霞元君","1","1","2"
"福建提学佥","1","1","2"
"建提学佥事","1","1","2"
"御史巡抚福","2","0","2"
"史巡抚福建","2","0","2"
"工部主事赵","1","1","2"
"部主事赵学","1","1","2"
"侍郎周思敬","1","1","2"
"大学士志皋","2","0","2"
"学士志皋族","2","0","2"
"掌通政司事","1","1","2"
"故都御史李","2","0","2"
"令曹世卿枉","1","1","2"
"京御史陈所","1","1","2"
"御史陈所闻","1","1","2"
"孟男忠诚谨","1","1","2"
"南京尚书赵","1","1","2"
"京尚书赵参","1","1","2"
"尚书赵参鲁","1","1","2"
"书赵参鲁等","1","1","2"
"芦盐运司知","1","1","2"
"盐运司知事","1","1","2"
"迁顺天府丞","2","0","2"
"知县梁道凝","1","1","2"
"赵贤绝婚事","2","0","2"
"贤绝婚事讦","2","0","2"
"户部郎中郑","1","1","2"
"部郎中郑材","1","1","2"
"史宋兴祖请","1","1","2"
"廷臣议战守","2","0","2"
"御史况上进","1","1","2"
"南京言官拾","2","0","2"
"京言官拾遗","2","0","2"
"迁南京右佥","2","0","2"
"都御史督操","2","0","2"
"御史督操江","2","0","2"
"妖民刘天绪","1","1","2"
"诏进太子太","2","0","2"
"兵部武库主","1","1","2"
"部武库主事","1","1","2"
"历职方郎中","2","0","2"
"学士翟銮巡","1","1","2"
"士卒多寡强","1","1","2"
"卒多寡强弱","1","1","2"
"尚书张瓒一","1","1","2"
"暇修筑肃州","1","1","2"
"修筑肃州榆","1","1","2"
"筑肃州榆树","1","1","2"
"肃州榆树泉","1","1","2"
"甘州平川境","1","1","2"
"州平川境外","1","1","2"
"平川境外大","1","1","2"
"川境外大芦","1","1","2"
"境外大芦泉","1","1","2"
"镇羌参将蔡","1","1","2"
"羌参将蔡勋","1","1","2"
"参将蔡勋等","1","1","2"
"斩首百四十","2","0","2"
"首百四十余","2","0","2"
"仇鸾镇甘肃","2","0","2"
"三十三年秋","1","1","2"
"孙十余万骑","2","0","2"
"总兵官周益","1","1","2"
"兵官周益昌","1","1","2"
"官周益昌等","1","1","2"
"严嵩父子招","1","1","2"
"兵部尚书许","1","1","2"
"部尚书许论","1","1","2"
"侍郎江东等","1","1","2"
"郎江东等大","1","1","2"
"江东等大军","1","1","2"
"东等大军进","1","1","2"
"事中张学颜","1","1","2"
"大同牛心山","1","1","2"
"接左卫高山","1","1","2"
"左卫高山站","1","1","2"
"督翁万达所","1","1","2"
"翁万达所创","1","1","2"
"大荒田水利","2","0","2"
"郑晓署兵部","1","1","2"
"古北诸要害","1","1","2"
"使一骑入关","1","1","2"
"总督江东统","1","1","2"
"文武大臣分","1","1","2"
"京营兵分布","1","1","2"
"书刘体乾等","1","1","2"
"诏吏部尚书","2","0","2"
"进少师太子","2","0","2"
"兴王大臣狱","2","0","2"
"十四年成进","2","0","2"
"荐布政使宋","1","1","2"
"布政使宋淳","1","1","2"
"部尚书郑晓","1","1","2"
"都御史周延","1","1","2"
"二百三十余","2","0","2"
"百三十余万","1","1","2"
"廷臣陈所见","2","0","2"
"巡抚庞尚鹏","1","1","2"
"司礼太监鲍","1","1","2"
"礼太监鲍忠","1","1","2"
"鲍恩等八人","1","1","2"
"迁刑部左侍","1","1","2"
"进南京户部","2","0","2"
"凤阳园陵九","1","1","2"
"阳园陵九卫","1","1","2"
"园陵九卫官","1","1","2"
"陵九卫官军","1","1","2"
"九卫官军四","1","1","2"
"卫官军四万","1","1","2"
"存三百七十","1","1","2"
"三百七十万","1","1","2"
"二百七十六","1","1","2"
"大小臣工所","2","0","2"
"御史刘思问","1","1","2"
"臣李春芳等","1","1","2"
"二万五千斤","1","1","2"
"事中刘继文","1","1","2"
"等交章请留","2","0","2"
"谪亳州判官","2","0","2"
"转南京户部","2","0","2"
"副都御史章","1","1","2"
"都御史章焕","1","1","2"
"御史章焕专","1","1","2"
"巡按御史朱","1","1","2"
"按御史朱纲","1","1","2"
"御史朱纲奏","1","1","2"
"事中李邦义","1","1","2"
"廷同英国公","1","1","2"
"同英国公张","1","1","2"
"巡城御史李","1","1","2"
"城御史李学","1","1","2"
"御史李学道","1","1","2"
"御史李纯朴","1","1","2"
"巡按御史谢","1","1","2"
"按御史谢廷","1","1","2"
"都御史曾省","1","1","2"
"御史曾省吾","1","1","2"
"迁仪制郎中","2","0","2"
"陕西布政使","1","1","2"
"侍郎徐养正","1","1","2"
"定方士王金","1","1","2"
"下法司会讯","2","0","2"
"年举乡试第","2","0","2"
"张居正寝疾","2","0","2"
"行册立皇太","1","1","2"
"评事雒仁进","2","0","2"
"次辅赵志皋","1","1","2"
"任一子尚宝","2","0","2"
"经略顾养谦","1","1","2"
"疏请早建东","2","0","2"
"请早建东宫","2","0","2"
"请早朝勤政","2","0","2"
"言官三十余","2","0","2"
"官三十余人","2","0","2"
"万历九年朝","1","1","2"
"少俟二三年","2","0","2"
"请复建文年","2","0","2"
"大同巡抚胡","1","1","2"
"祀北岳浑源","2","0","2"
"诸妃葬金山","2","0","2"
"坟祝版称谓","1","1","2"
"后父永年伯","2","0","2"
"同官陈尚象","1","1","2"
"时年七十一","2","0","2"
"年七十一矣","2","0","2"
"郭正域请行","2","0","2"
"正域请行勘","2","0","2"
"钱梦皋诬奏","1","1","2"
"拨乱反治八","1","1","2"
"礼太监陈矩","1","1","2"
"太监陈矩侍","1","1","2"
"鲤遇事秉正","1","1","2"
"乳母翊圣夫","1","1","2"
"母翊圣夫人","1","1","2"
"翊圣夫人金","1","1","2"
"圣夫人金氏","1","1","2"
"世袭詹事主","1","1","2"
"袭詹事主簿","1","1","2"
"陕西税使梁","1","1","2"
"西税使梁永","1","1","2"
"税使高淮假","1","1","2"
"大书责难陈","1","1","2"
"书责难陈善","1","1","2"
"责难陈善四","1","1","2"
"太庙祧迁考","1","1","2"
"后三昭三穆","1","1","2"
"寿春等十六","1","1","2"
"宜祔享太庙","2","0","2"
"会楚王华奎","2","0","2"
"同官涂宗浚","1","1","2"
"礼部主事聂","1","1","2"
"部主事聂云","1","1","2"
"主事聂云翰","1","1","2"
"事中袁懋谦","1","1","2"
"中王元翰等","1","1","2"
"同官叶向高","1","1","2"
"廷机力主撤","1","1","2"
"机力主撤兵","1","1","2"
"瑞王婚礼一","1","1","2"
"部尚书刘楚","1","1","2"
"尚书刘楚先","1","1","2"
"副都御史季","1","1","2"
"都御史季文","1","1","2"
"同里赵鸣阳","2","0","2"
"中刘文炳攻","1","1","2"
"迁江西佥事","2","0","2"
"迁贵州提学","2","0","2"
"礼部尚书陆","1","1","2"
"部尚书陆树","1","1","2"
"令山西总兵","1","1","2"
"黑云龙四营","1","1","2"
"总兵官孙吴","1","1","2"
"西副总兵田","1","1","2"
"副总兵田世","1","1","2"
"总兵田世威","1","1","2"
"兵田世威等","1","1","2"
"巡抚王继洛","1","1","2"
"抚王继洛驻","1","1","2"
"侍郎刘焘巡","1","1","2"
"事中张卤言","2","0","2"
"两广提督吴","1","1","2"
"源贼李亚元","2","0","2"
"都指挥耿宗","1","1","2"
"指挥耿宗元","1","1","2"
"守备蔡汝兰","1","1","2"
"督抚王崇古","1","1","2"
"井陉兵备副","1","1","2"
"陉兵备副使","1","1","2"
"永平西门抵","1","1","2"
"平西门抵海","1","1","2"
"西门抵海口","1","1","2"
"御史傅孟春","1","1","2"
"三万五千两","1","1","2"
"锦衣冯邦宁","1","1","2"
"参政罗汝芳","1","1","2"
"事中周良寅","1","1","2"
"王宗沐建议","1","1","2"
"请开胶莱河","2","0","2"
"张居正力主","2","0","2"
"议凿山引泉","1","1","2"
"武选郎中周","1","1","2"
"选郎中周冕","1","1","2"
"岢岚兵备副","1","1","2"
"岚兵备副使","1","1","2"
"巡抚戴才坐","2","0","2"
"抚戴才坐免","2","0","2"
"兵官马芳骁","1","1","2"
"官马芳骁勇","1","1","2"
"守备中官丘","2","0","2"
"十六万余两","1","1","2"
"时尚宝丞徐","1","1","2"
"尚宝丞徐贞","1","1","2"
"宝丞徐贞明","1","1","2"
"管事指挥罗","1","1","2"
"事指挥罗秀","1","1","2"
"湖广左布政","1","1","2"
"广左布政使","1","1","2"
"迁刑科事中","2","0","2"
"御史刘思贤","1","1","2"
"史刘思贤等","1","1","2"
"兵马指挥孙","1","1","2"
"马指挥孙承","1","1","2"
"指挥孙承芳","1","1","2"
"京大理卿召","1","1","2"
"帝御午门楼","2","0","2"
"御午门楼受","2","0","2"
"午门楼受俘","2","0","2"
"知府钱若赓","1","1","2"
"知州方复乾","1","1","2"
"辑嘉靖三十","2","0","2"
"三十四年后","2","0","2"
"刑名相关者","2","0","2"
"兵马司吏目","1","1","2"
"寻进右副都","2","0","2"
"光湖风涛险","1","1","2"
"湖风涛险恶","1","1","2"
"刑科唐尧钦","1","1","2"
"大兴知县王","1","1","2"
"兴知县王阶","1","1","2"
"巡风主事孙","1","1","2"
"风主事孙承","1","1","2"
"主事孙承荣","1","1","2"
"驸马都尉侯","1","1","2"
"马都尉侯拱","1","1","2"
"都尉侯拱宸","1","1","2"
"部尚书宋纁","2","0","2"
"马指挥何价","1","1","2"
"指挥何价虐","1","1","2"
"御史刘思瑜","1","1","2"
"史刘思瑜庇","1","1","2"
"御史韩介等","1","1","2"
"斥政府私人","2","0","2"
"部侍郎赵贤","2","0","2"
"历顺天府尹","2","0","2"
"御史钱岱等","1","1","2"
"五千八百人","1","1","2"
"考功郎徐必","1","1","2"
"功郎徐必达","1","1","2"
"中钱梦皋等","1","1","2"
"尚书杨博痛","1","1","2"
"劾典营务镇","1","1","2"
"典营务镇远","1","1","2"
"营务镇远侯","1","1","2"
"务镇远侯顾","1","1","2"
"协理佥都御","1","1","2"
"理佥都御史","1","1","2"
"都御史李燧","1","1","2"
"中胡应嘉言","2","0","2"
"巡抚保定六","2","0","2"
"抚保定六府","2","0","2"
"御史沈汝梁","1","1","2"
"御史张鸣冈","1","1","2"
"史张鸣冈等","1","1","2"
"部尚书何鸣","2","0","2"
"刑部主事王","1","1","2"
"部主事王德","1","1","2"
"主事王德新","1","1","2"
"复工部尚书","2","0","2"
"请广求将才","1","1","2"
"等忧惧知所","2","0","2"
"御史顾龙桢","1","1","2"
"史顾龙桢巡","1","1","2"
"布政使王泮","1","1","2"
"事中姚文蔚","2","0","2"
"郎杨时乔主","1","1","2"
"中陈嘉训等","1","1","2"
"下晓然知圣","2","0","2"
"侍郎张养蒙","1","1","2"
"郎张养蒙避","1","1","2"
"江西税监潘","1","1","2"
"西税监潘相","1","1","2"
"岁增金花银","2","0","2"
"增金花银二","2","0","2"
"内库银百万","2","0","2"
"三十四年三","1","1","2"
"设崇文税店","1","1","2"
"事中杜士全","1","1","2"
"历吏科都事","2","0","2"
"召户部左侍","2","0","2"
"东巡抚周永","1","1","2"
"抚周永春请","1","1","2"
"银三厘五毫","1","1","2"
"银百二十万","2","0","2"
"安邦彦相继","1","1","2"
"部右侍郎改","1","1","2"
"张居正揽权","1","1","2"
"王家屏先后","1","1","2"
"家屏先后同","1","1","2"
"屏先后同居","1","1","2"
"御史张文熙","1","1","2"
"事御史王士","1","1","2"
"御史王士性","1","1","2"
"大峪山寿宫","1","1","2"
"郎中李三才","1","1","2"
"尚宝卿徐贞","1","1","2"
"宝卿徐贞明","1","1","2"
"顺义王东归","1","1","2"
"皇三子常洵","1","1","2"
"郎官刘复初","1","1","2"
"皇长子十五","1","1","2"
"长子十五岁","1","1","2"
"中书黄正宾","1","1","2"
"御史邹德泳","1","1","2"
"举会试第一","2","0","2"
"言官姜应麟","1","1","2"
"王家屏相继","1","1","2"
"令皇后抚育","1","1","2"
"同列赵志皋","1","1","2"
"书罗万化等","1","1","2"
"诏书称祗承","1","1","2"
"书称祗承宗","1","1","2"
"称祗承宗社","1","1","2"
"子弟十三岁","1","1","2"
"少年盛气攻","1","1","2"
"书杨俊民等","1","1","2"
"中王德完等","1","1","2"
"请江南织造","2","0","2"
"中赵南星斥","2","0","2"
"同官胡嘉栋","1","1","2"
"官胡嘉栋等","1","1","2"
"官吏部左侍","2","0","2"
"侍郎侍读学","2","0","2"
"郎侍读学士","2","0","2"
"年南京礼部","2","0","2"
"弟郑国泰迫","1","1","2"
"建言废黜诸","2","0","2"
"言废黜诸臣","2","0","2"
"考选科道官","1","1","2"
"一贯初辅政","1","1","2"
"启祥宫后殿","1","1","2"
"工部杨一魁","1","1","2"
"左都御史温","1","1","2"
"太仆卿南企","1","1","2"
"司礼太监田","1","1","2"
"礼太监田义","1","1","2"
"镇国将军华","1","1","2"
"医生沈令誉","1","1","2"
"生沈令誉等","1","1","2"
"令锦衣帅王","1","1","2"
"发卒围正域","2","0","2"
"卒围正域舟","2","0","2"
"主事刘元珍","1","1","2"
"辅政十三年","1","1","2"
"屡迁国子祭","2","0","2"
"士叶向高请","2","0","2"
"事中李成名","1","1","2"
"帝优旨慰留","2","0","2"
"浙三党鼎立","1","1","2"
"齐人亓诗教","1","1","2"
"大江南北相","1","1","2"
"江南北相继","1","1","2"
"御史数年空","1","1","2"
"大清兵克抚","2","0","2"
"清兵克抚顺","2","0","2"
"望陛下大奋","2","0","2"
"陛下大奋乾","2","0","2"
"兵科事中赵","2","0","2"
"科事中赵兴","2","0","2"
"礼部主事夏","1","1","2"
"部主事夏嘉","1","1","2"
"主事夏嘉遇","1","1","2"
"御史张新诏","1","1","2"
"御史萧毅中","1","1","2"
"论者谓明亡","2","0","2"
"思善门问安","1","1","2"
"中官崔文升","2","0","2"
"部主事孙朝","1","1","2"
"主事孙朝肃","1","1","2"
"阁臣刘一燝","2","0","2"
"礼部侍郎署","1","1","2"
"都御史张问","1","1","2"
"事中范济世","1","1","2"
"谕册封选侍","1","1","2"
"胪寺丞李灼","2","0","2"
"侍居乾清宫","2","0","2"
"史王安舜劾","2","0","2"
"光禄少卿高","1","1","2"
"禄少卿高攀","1","1","2"
"少卿高攀龙","1","1","2"
"主事吕维祺","1","1","2"
"李进忠所盗","1","1","2"
"书孙慎行追","1","1","2"
"事中汪庆百","1","1","2"
"詹事公鼐持","1","1","2"
"部尚书张问","1","1","2"
"尚书张问达","1","1","2"
"户部尚书汪","1","1","2"
"部尚书汪应","1","1","2"
"尚书汪应蛟","1","1","2"
"授礼部仪制","2","0","2"
"官南京礼部","2","0","2"
"人利玛窦入","1","1","2"
"徒王丰肃等","1","1","2"
"锦衣官训练","1","1","2"
"材官王应斗","1","1","2"
"官王应斗等","1","1","2"
"马都尉王昺","2","0","2"
"大学士李本","1","1","2"
"府丞朱隆禧","1","1","2"
"事中李东华","1","1","2"
"中李东华等","1","1","2"
"吏科梁梦龙","1","1","2"
"科梁梦龙等","1","1","2"
"尚书吴鹏劾","2","0","2"
"靖二十年会","1","1","2"
"南京祭酒事","2","0","2"
"召吏部右侍","2","0","2"
"陈四方灾异","2","0","2"
"时恭顺侯吴","1","1","2"
"江南久苦倭","2","0","2"
"历侍读学士","2","0","2"
"召礼部左侍","2","0","2"
"二年会试第","2","0","2"
"修撰沈懋学","1","1","2"
"撰沈懋学等","1","1","2"
"行事鉴戒者","2","0","2"
"十三经注疏","1","1","2"
"读曾子论孝","1","1","2"
"左侍郎李长","1","1","2"
"侍郎李长春","1","1","2"
"部左侍郎韩","1","1","2"
"左侍郎韩世","1","1","2"
"洪范五行传","1","1","2"
"学士曾朝节","1","1","2"
"地涌大小山","2","0","2"
"涌大小山五","2","0","2"
"采访都城内","1","1","2"
"访都城内外","1","1","2"
"弟户部主事","1","1","2"
"御前牙关防","1","1","2"
"时士大夫多","1","1","2"
"书余继登奏","1","1","2"
"继登奏请约","1","1","2"
"东林李三才","2","0","2"
"分校官汤宾","1","1","2"
"校官汤宾尹","1","1","2"
"知贡举吴道","1","1","2"
"贡举吴道南","1","1","2"
"令御史金明","1","1","2"
"十五年京察","2","0","2"
"三十八年九","1","1","2"
"废长子鼎渭","2","0","2"
"御史马孟祯","1","1","2"
"史马孟祯等","1","1","2"
"御史赵胤昌","1","1","2"
"次辅王锡爵","1","1","2"
"主事蔡时鼎","1","1","2"
"南京御史章","1","1","2"
"京御史章守","1","1","2"
"御史章守诚","1","1","2"
"御史黄卷索","1","1","2"
"尚书郭正域","1","1","2"
"文献偕僚杨","2","0","2"
"献偕僚杨道","2","0","2"
"偕僚杨道宾","2","0","2"
"何辞谢天下","2","0","2"
"望龄见朱赓","1","1","2"
"荆州推官华","1","1","2"
"州推官华钰","1","1","2"
"屡迁左谕德","2","0","2"
"江西都司理","1","1","2"
"西都司理问","1","1","2"
"历太常少卿","2","0","2"
"御史王际逵","1","1","2"
"长芦盐运判","1","1","2"
"芦盐运判官","1","1","2"
"受权珰害处","2","0","2"
"权珰害处权","2","0","2"
"珰害处权珰","2","0","2"
"害处权珰法","2","0","2"
"九卿科道公","1","1","2"
"实录副总裁","1","1","2"
"遂落职闲住","2","0","2"
"魏忠贤建祠","1","1","2"
"布昭圣武讲","1","1","2"
"昭圣武讲义","1","1","2"
"舅文震孟同","1","1","2"
"文震孟同学","1","1","2"
"劾祭酒倪元","1","1","2"
"书黄应恩告","1","1","2"
"司业周凤翔","1","1","2"
"第万历四十","2","0","2"
"魏忠贤势大","2","0","2"
"事中董承业","1","1","2"
"乐天者保天","1","1","2"
"天者保天下","1","1","2"
"事中黄云师","1","1","2"
"南京礼部左","1","1","2"
"京礼部左侍","1","1","2"
"靖康二年五","1","1","2"
"康二年五月","1","1","2"
"定大行皇帝","1","1","2"
"部尚书张慎","1","1","2"
"尚书张慎言","1","1","2"
"温州江心寺","1","1","2"
"总兵贺君尧","1","1","2"
"迁福建按察","2","0","2"
"陕西巡抚陈","1","1","2"
"西巡抚陈价","1","1","2"
"功进左副都","2","0","2"
"入兵部右侍","2","0","2"
"巡抚陈钺贪","1","1","2"
"太监怀恩等","1","1","2"
"监怀恩等七","1","1","2"
"怀恩等七人","1","1","2"
"尚书林聪等","1","1","2"
"文升行事乖","1","1","2"
"二十一年进","2","0","2"
"年进右都御","2","0","2"
"盐价银五万","1","1","2"
"价银五万两","1","1","2"
"谤书射入东","1","1","2"
"书射入东长","1","1","2"
"射入东长安","1","1","2"
"入东长安门","1","1","2"
"东长安门内","1","1","2"
"小王子数万","2","0","2"
"王子数万骑","2","0","2"
"部野乜克力","1","1","2"
"牙兰守哈密","2","0","2"
"指挥杨翥熟","1","1","2"
"令副总兵彭","1","1","2"
"副总兵彭清","1","1","2"
"锦衣腾骧四","2","0","2"
"衣腾骧四卫","2","0","2"
"腾骧四卫中","1","1","2"
"骧四卫中选","1","1","2"
"四卫中选补","1","1","2"
"兵科蔚春等","1","1","2"
"内民困财竭","1","1","2"
"陕西织造内","1","1","2"
"西织造内臣","1","1","2"
"五六万人治","1","1","2"
"太子太保屡","1","1","2"
"子太保屡加","1","1","2"
"吏部尚书屠","1","1","2"
"部尚书屠滽","1","1","2"
"御史魏英等","1","1","2"
"兵部非文升","1","1","2"
"文升都御史","2","0","2"
"汰传奉官七","1","1","2"
"传奉官七百","1","1","2"
"奉官七百六","1","1","2"
"官七百六十","1","1","2"
"七百六十三","1","1","2"
"百六十三人","1","1","2"
"留太仆卿李","1","1","2"
"太仆卿李纶","1","1","2"
"仆卿李纶等","1","1","2"
"卿李纶等十","1","1","2"
"李纶等十七","1","1","2"
"纶等十七人","1","1","2"
"两广缺总督","1","1","2"
"御史何天衢","1","1","2"
"赠特进光禄","2","0","2"
"年二十举乡","2","0","2"
"除职方主事","2","0","2"
"任京卫经历","1","1","2"
"迁广东右布","2","0","2"
"诏博选才臣","1","1","2"
"命左佥都御","2","0","2"
"三疏移疾归","2","0","2"
"总制两广军","2","0","2"
"制两广军务","2","0","2"
"内外镇守官","2","0","2"
"皆权幸所便","2","0","2"
"权幸所便者","2","0","2"
"知天下军民","1","1","2"
"中官苗逵言","2","0","2"
"内阁刘健等","1","1","2"
"刘健等力谏","1","1","2"
"保定设都司","1","1","2"
"定设都司统","1","1","2"
"四方镇守中","2","0","2"
"司礼太监李","1","1","2"
"礼太监李荣","1","1","2"
"大汉将军薛","1","1","2"
"汉将军薛福","1","1","2"
"将军薛福敬","1","1","2"
"军薛福敬等","1","1","2"
"薛福敬等四","1","1","2"
"福敬等四十","1","1","2"
"敬等四十八","1","1","2"
"山东朱云贪","1","1","2"
"香祝刘尚书","1","1","2"
"祝刘尚书生","1","1","2"
"清军御史王","1","1","2"
"军御史王相","1","1","2"
"御史王相请","1","1","2"
"鸿胪寺馆遇","1","1","2"
"安南使者入","1","1","2"
"刘尚书戍边","1","1","2"
"乌蒙奸民什","1","1","2"
"蒙奸民什伽","1","1","2"
"知府禄昭妻","1","1","2"
"遣云南守将","1","1","2"
"事中林聪等","1","1","2"
"左庶子周旋","1","1","2"
"奏文渊死实","1","1","2"
"改刑部主事","2","0","2"
"广东司郎中","1","1","2"
"聚众千余人","1","1","2"
"迁湖广右布","2","0","2"
"十六年擢右","2","0","2"
"六年擢右副","2","0","2"
"塞伐木捕兽","1","1","2"
"劾佥事尚敬","1","1","2"
"安宁宣抚使","1","1","2"
"宁宣抚使杨","1","1","2"
"宣抚使杨友","1","1","2"
"夺嫡弟播州","1","1","2"
"嫡弟播州宣","1","1","2"
"弟播州宣慰","1","1","2"
"刑部尚书杜","1","1","2"
"部尚书杜铭","1","1","2"
"必赍精微批","2","0","2"
"赍精微批文","2","0","2"
"荐郎中魏绅","1","1","2"
"江西御史陈","1","1","2"
"西御史陈诠","1","1","2"
"御史邹鲁挟","1","1","2"
"史邹鲁挟私","1","1","2"
"诬奏欧阳修","1","1","2"
"废万世公论","1","1","2"
"广昌知县张","1","1","2"
"昌知县张杰","1","1","2"
"侍孝宗东宫","2","0","2"
"常少卿侍读","2","0","2"
"官请修黄村","1","1","2"
"请修黄村尼","1","1","2"
"祀孝穆太后","1","1","2"
"预备仓积粟","2","0","2"
"奉御赵瑄献","2","0","2"
"御赵瑄献雄","2","0","2"
"赵瑄献雄县","2","0","2"
"瑄献雄县地","2","0","2"
"闲田任民开","1","1","2"
"田任民开垦","1","1","2"
"劾外戚张鹤","1","1","2"
"衡州税课司","1","1","2"
"衡阳县河泊","1","1","2"
"阳县河泊所","1","1","2"
"祖宗朝织染","1","1","2"
"宗朝织染诸","1","1","2"
"朝织染诸局","1","1","2"
"织染诸局供","1","1","2"
"导陛下劳民","1","1","2"
"陛下劳民伤","1","1","2"
"下劳民伤财","1","1","2"
"仓场监督内","1","1","2"
"场监督内官","1","1","2"
"成化末年例","1","1","2"
"少监莫英等","1","1","2"
"监莫英等三","1","1","2"
"莫英等三人","1","1","2"
"祖宗设内台","1","1","2"
"河南退滩地","1","1","2"
"南退滩地二","1","1","2"
"退滩地二十","1","1","2"
"滩地二十余","1","1","2"
"赤马诸河泊","1","1","2"
"马诸河泊所","1","1","2"
"命侍郎许进","1","1","2"
"基乡里子孙","1","1","2"
"乡里子孙世","1","1","2"
"里子孙世世","1","1","2"
"子孙世世颂","1","1","2"
"宪庙皇亲柏","1","1","2"
"庙皇亲柏权","1","1","2"
"大同缺战马","1","1","2"
"兵部侵户部","1","1","2"
"内官传旨索","1","1","2"
"太监李广死","1","1","2"
"中外论荐者","2","0","2"
"婿兵部尚书","1","1","2"
"召礼部尚书","2","0","2"
"御史张祯等","1","1","2"
"史张祯等相","1","1","2"
"张祯等相继","1","1","2"
"左侍郎徐琼","1","1","2"
"岁下数十万","2","0","2"
"四年十月卒","2","0","2"
"超迁浙江按","2","0","2"
"十三年擢右","2","0","2"
"条上救荒数","2","0","2"
"上救荒数事","2","0","2"
"诏左副都御","2","0","2"
"崇文门宣课","1","1","2"
"文门宣课司","1","1","2"
"门宣课司税","1","1","2"
"言请增设御","1","1","2"
"请增设御史","1","1","2"
"牧马场千顷","1","1","2"
"地万二千八","2","0","2"
"千八百余顷","1","1","2"
"三万三千一","1","1","2"
"千一百余顷","1","1","2"
"守备太监蒋","1","1","2"
"备太监蒋琮","1","1","2"
"太监蒋琮相","1","1","2"
"赐名紫云书","1","1","2"
"名紫云书院","1","1","2"
"召户部侍郎","2","0","2"
"哈密土鲁番","2","0","2"
"密土鲁番所","2","0","2"
"官龙绶请开","1","1","2"
"龙绶请开银","1","1","2"
"绶请开银矿","1","1","2"
"登正统十三","1","1","2"
"闭建昌银矿","1","1","2"
"劾参将郭镛","1","1","2"
"都指挥郑印","1","1","2"
"大臣巡视保","1","1","2"
"臣巡视保定","1","1","2"
"总兵官王信","1","1","2"
"户部侍郎总","1","1","2"
"部侍郎总督","1","1","2"
"侍郎总督仓","1","1","2"
"郎总督仓场","1","1","2"
"奸人横行江","1","1","2"
"人横行江湖","1","1","2"
"举弘治六年","2","0","2"
"六年进士第","2","0","2"
"复偕廷臣上","2","0","2"
"西番阐化王","1","1","2"
"议兴献王主","2","0","2"
"兴献王主祀","2","0","2"
"澄大会文武","1","1","2"
"大会文武群","1","1","2"
"会文武群臣","1","1","2"
"汉成帝立定","1","1","2"
"成帝立定陶","1","1","2"
"帝立定陶王","1","1","2"
"时大司空师","1","1","2"
"大司空师丹","1","1","2"
"宋濮安懿王","1","1","2"
"子入继仁宗","1","1","2"
"祭告兴献王","1","1","2"
"澄复会廷臣","2","0","2"
"会廷臣上议","2","0","2"
"皇叔父大王","1","1","2"
"代彭思永议","1","1","2"
"彭思永议濮","1","1","2"
"思永议濮王","1","1","2"
"永议濮王礼","1","1","2"
"议濮王礼疏","1","1","2"
"请改称兴献","1","1","2"
"等复上议曰","2","0","2"
"事中邢寰请","1","1","2"
"宪庙皇妃邵","1","1","2"
"庙皇妃邵氏","1","1","2"
"入大明东门","1","1","2"
"皇太后懿旨","1","1","2"
"九卿乔宇等","1","1","2"
"卿乔宇等合","1","1","2"
"宁宫后三小","2","0","2"
"宫后三小宫","2","0","2"
"后三小宫灾","2","0","2"
"帝辄慰留允","2","0","2"
"世指挥同知","2","0","2"
"弘治六年会","1","1","2"
"治六年会试","1","1","2"
"六年会试第","1","1","2"
"转吏部左侍","2","0","2"
"兴献王尊号","1","1","2"
"祖训兄终弟","1","1","2"
"陛下武宗亲","2","0","2"
"孝宗武宗子","2","0","2"
"臣等谓陛下","2","0","2"
"称兴献帝本","2","0","2"
"兴国太后本","2","0","2"
"国太后本生","2","0","2"
"本生母章圣","1","1","2"
"生母章圣皇","1","1","2"
"下入继大统","2","0","2"
"欲奉先殿侧","2","0","2"
"奉先殿侧建","2","0","2"
"先殿侧建一","2","0","2"
"殿侧建一室","2","0","2"
"集廷臣大议","2","0","2"
"定陶恭王立","1","1","2"
"迁礼部郎中","2","0","2"
"留一皇字觇","2","0","2"
"一皇字觇陛","2","0","2"
"皇字觇陛下","2","0","2"
"嘉靖三年四","1","1","2"
"靖三年四月","1","1","2"
"名奉先殿西","1","1","2"
"帝神主安陆","2","0","2"
"入内阁专典","2","0","2"
"内阁专典诰","2","0","2"
"阁专典诰敕","2","0","2"
"云南按察司","1","1","2"
"南按察司佥","1","1","2"
"万岁山毓秀","1","1","2"
"岁山毓秀亭","1","1","2"
"乾清宫西室","1","1","2"
"正孔庙祀典","2","0","2"
"皇叔考兴献","1","1","2"
"叔考兴献大","1","1","2"
"考兴献大王","1","1","2"
"叔母兴献大","1","1","2"
"母兴献大王","1","1","2"
"兴献大王妃","1","1","2"
"司马光所谓","2","0","2"
"献王皇叔考","2","0","2"
"陛下称先皇","1","1","2"
"下称先皇帝","1","1","2"
"九卿秦金等","1","1","2"
"编修王元正","1","1","2"
"编修王相等","1","1","2"
"修王相等十","1","1","2"
"王相等十八","1","1","2"
"南京工部左","1","1","2"
"京工部左侍","1","1","2"
"右侍郎张琮","1","1","2"
"兴献王大礼","1","1","2"
"上恭穆献皇","1","1","2"
"福建镇海卫","1","1","2"
"释谪戍诸臣","2","0","2"
"加献皇帝庙","2","0","2"
"皇帝庙号称","2","0","2"
"帝庙号称宗","2","0","2"
"配飨玄极殿","1","1","2"
"十三经训诂","1","1","2"
"巡抚魏英讨","1","1","2"
"江西副使胡","1","1","2"
"西副使胡世","1","1","2"
"德十一年十","1","1","2"
"历河南按察","2","0","2"
"河南按察副","1","1","2"
"南按察副使","1","1","2"
"年举治行卓","2","0","2"
"举治行卓异","2","0","2"
"会廷臣大议","2","0","2"
"武宗毅皇帝","1","1","2"
"侍郎何孟春","1","1","2"
"陈时务十二","2","0","2"
"讨四川山都","1","1","2"
"红板仓二十","1","1","2"
"板仓二十间","1","1","2"
"崇信伯费淮","1","1","2"
"七年进尚书","2","0","2"
"弘治元年四","1","1","2"
"治元年四月","1","1","2"
"特设长官司","1","1","2"
"举景泰二年","2","0","2"
"宋元通鉴纲","1","1","2"
"元通鉴纲目","1","1","2"
"陛下朗读经","1","1","2"
"下朗读经书","1","1","2"
"宫中所听信","1","1","2"
"择端方博雅","1","1","2"
"令内阁一人","1","1","2"
"许言官驳正","1","1","2"
"大臣面议政","1","1","2"
"宁靖王召见","1","1","2"
"陛下亲临决","1","1","2"
"迁南京侍讲","2","0","2"
"经筵日讲官","2","0","2"
"侍郎学士入","2","0","2"
"廷试皆第一","2","0","2"
"进少詹事侍","2","0","2"
"年擢吏部右","2","0","2"
"年进礼部尚","2","0","2"
"孝庄钱太后","1","1","2"
"祐〈木睪〉","2","0","2"
"祖宗承前代","1","1","2"
"宗承前代旧","1","1","2"
"设立乌思藏","1","1","2"
"立乌思藏诸","1","1","2"
"乌思藏诸司","1","1","2"
"四川松潘诸","2","0","2"
"东布政使罗","1","1","2"
"布政使罗荣","1","1","2"
"政使罗荣等","1","1","2"
"言镇守内臣","1","1","2"
"镇守内臣入","1","1","2"
"守内臣入贡","1","1","2"
"列上累朝停","1","1","2"
"上累朝停革","1","1","2"
"四方水旱盗","1","1","2"
"方水旱盗贼","1","1","2"
"湖广提学佥","1","1","2"
"广提学佥事","1","1","2"
"南京吏部左","1","1","2"
"京吏部左侍","1","1","2"
"西讨鄢本恕","1","1","2"
"发宁王宸濠","1","1","2"
"都尉崔元等","1","1","2"
"泰威武副将","2","0","2"
"平贼将军前","1","1","2"
"贼将军前驱","1","1","2"
"会推南京吏","2","0","2"
"部尚书刘春","1","1","2"
"少师梁储等","1","1","2"
"师梁储等请","1","1","2"
"中官魏彬等","1","1","2"
"军门办事官","1","1","2"
"门办事官校","1","1","2"
"府行宫金宝","2","0","2"
"时平虏伯江","1","1","2"
"平虏伯江彬","1","1","2"
"督佥事李琮","1","1","2"
"佥事李琮尤","1","1","2"
"司礼中官温","1","1","2"
"礼中官温祥","1","1","2"
"中官温祥四","1","1","2"
"四万八千七","1","1","2"
"五十三万二","1","1","2"
"宗敬皇帝亲","1","1","2"
"敬皇帝亲弟","1","1","2"
"大明门直入","1","1","2"
"尊孝宗曰皇","2","0","2"
"孝宗曰皇考","2","0","2"
"皇叔考兴国","1","1","2"
"叔考兴国大","1","1","2"
"考兴国大王","1","1","2"
"皇叔母兴国","1","1","2"
"叔母兴国太","1","1","2"
"母兴国太妃","1","1","2"
"会廷臣议上","2","0","2"
"改封崇仁王","1","1","2"
"未闻追崇所","2","0","2"
"闻追崇所生","2","0","2"
"生父南顿君","1","1","2"
"帝遣司礼太","2","0","2"
"嘉靖元年诏","2","0","2"
"寿皇太后圣","2","0","2"
"后本生父母","2","0","2"
"改荫锦衣卫","1","1","2"
"荫子锦衣卫","1","1","2"
"子锦衣卫指","1","1","2"
"修撰金承勋","1","1","2"
"侍读叶桂章","1","1","2"
"定议礼诸臣","2","0","2"
"受业陈献章","2","0","2"
"化十四年会","1","1","2"
"司经局校书","1","1","2"
"百官左顺门","2","0","2"
"命谷大守关","2","0","2"
"加封镇国公","2","0","2"
"陛下承祖宗","2","0","2"
"公徐光祚等","1","1","2"
"事中张九叙","1","1","2"
"中张九叙等","1","1","2"
"吏部侍郎桂","1","1","2"
"部侍郎桂萼","1","1","2"
"侍郎桂萼等","1","1","2"
"举成化末年","2","0","2"
"南京侍读学","1","1","2"
"京侍读学士","1","1","2"
"年礼部尚书","2","0","2"
"琼吏部尚书","2","0","2"
"建世庙太庙","2","0","2"
"皇太后谒见","2","0","2"
"王邦奇讦杨","2","0","2"
"邦奇讦杨廷","2","0","2"
"赐白金五十","1","1","2"
"遍观服食器","1","1","2"
"观服食器具","1","1","2"
"指道旁荆楚","2","0","2"
"道旁荆楚曰","2","0","2"
"带刀舍人周","1","1","2"
"刀舍人周宗","1","1","2"
"舍人周宗上","1","1","2"
"人周宗上书","1","1","2"
"周宗上书乞","1","1","2"
"书省都督府","1","1","2"
"省都督府请","1","1","2"
"历代东宫官","1","1","2"
"代东宫官制","1","1","2"
"选勋德老成","1","1","2"
"张杰等十余","1","1","2"
"杰等十余人","1","1","2"
"太子读书禁","2","0","2"
"子读书禁中","2","0","2"
"入对谨身殿","2","0","2"
"中侍御史郭","1","1","2"
"侍御史郭渊","1","1","2"
"御史郭渊友","1","1","2"
"史郭渊友等","1","1","2"
"四方名儒教","1","1","2"
"教太子诸王","2","0","2"
"钟山龙蟠赋","1","1","2"
"谕德朝贺东","1","1","2"
"德朝贺东宫","1","1","2"
"训谕太子诸","1","1","2"
"谕太子诸王","1","1","2"
"大本堂玉图","1","1","2"
"本堂玉图记","1","1","2"
"御史胡子祺","1","1","2"
"史胡子祺上","1","1","2"
"胡子祺上书","1","1","2"
"择文武诸臣","1","1","2"
"懿文皇太子","1","1","2"
"二十三年封","2","0","2"
"长史张景明","1","1","2"
"德十四年薨","2","0","2"
"王世子入嗣","1","1","2"
"世子入嗣大","1","1","2"
"子入嗣大统","1","1","2"
"礼臣毛澄等","1","1","2"
"宋濮王故事","2","0","2"
"进士张璁上","1","1","2"
"士张璁上书","1","1","2"
"张璁上书请","1","1","2"
"谕辅臣杨廷","1","1","2"
"加称本生父","1","1","2"
"称本生父兴","1","1","2"
"迁葬天寿山","1","1","2"
"高皇帝迁祖","2","0","2"
"皇帝迁祖陵","2","0","2"
"小臣妄议山","1","1","2"
"臣妄议山陵","1","1","2"
"改建崇先殿","1","1","2"
"加上尊谥曰","2","0","2"
"上尊谥曰恭","2","0","2"
"通州同知丰","1","1","2"
"州同知丰坊","1","1","2"
"同知丰坊请","1","1","2"
"加尊皇考庙","1","1","2"
"尊皇考庙号","1","1","2"
"议封益王次","1","1","2"
"封益王次子","1","1","2"
"景隆兵败白","1","1","2"
"隆兵败白沟","1","1","2"
"兵败白沟河","1","1","2"
"宋参军等誓","1","1","2"
"参军等誓死","1","1","2"
"储蓄百余万","1","1","2"
"平安统兵二","1","1","2"
"安统兵二十","1","1","2"
"统兵二十万","1","1","2"
"命辽东总兵","1","1","2"
"燕将宋贵等","1","1","2"
"将宋贵等所","1","1","2"
"宋贵等所败","1","1","2"
"武三十年进","2","0","2"
"授行人司副","2","0","2"
"录诚意伯刘","1","1","2"
"南布政使韩","1","1","2"
"布政使韩宜","1","1","2"
"钦天监副刘","1","1","2"
"天监副刘伯","1","1","2"
"监副刘伯完","1","1","2"
"副刘伯完等","1","1","2"
"佥都御史刘","1","1","2"
"凤阳中卫指","1","1","2"
"阳中卫指挥","1","1","2"
"中卫指挥使","1","1","2"
"平羌将军齐","1","1","2"
"燕府护卫壮","1","1","2"
"府护卫壮士","1","1","2"
"知县黄积良","1","1","2"
"阆中教谕严","1","1","2"
"中教谕严德","1","1","2"
"教谕严德政","1","1","2"
"事中杨维康","1","1","2"
"朝夕侍左右","2","0","2"
"国子博士王","1","1","2"
"子博士王绅","1","1","2"
"永乐二年太","2","0","2"
"乐二年太子","2","0","2"
"人巡行天下","1","1","2"
"事中马俊分","1","1","2"
"中马俊分巡","1","1","2"
"马俊分巡应","1","1","2"
"俊分巡应天","1","1","2"
"问军民疾苦","1","1","2"
"震婿主事张","2","0","2"
"事张鹤朝参","2","0","2"
"张鹤朝参失","2","0","2"
"鹤朝参失仪","2","0","2"
"系锦衣卫狱","2","0","2"
"卿劳心焦思","1","1","2"
"创制蹇忠贞","1","1","2"
"制蹇忠贞印","1","1","2"
"朕君臣共济","1","1","2"
"君臣共济艰","1","1","2"
"臣共济艰难","1","1","2"
"预军中机务","1","1","2"
"伤朝廷优老","1","1","2"
"朝廷优老待","1","1","2"
"廷优老待贤","1","1","2"
"朕左右讨论","1","1","2"
"望敬守祖宗","1","1","2"
"敬守祖宗成","1","1","2"
"守祖宗成宪","1","1","2"
"乡荐入太学","2","0","2"
"命侍郎李文","1","1","2"
"侍郎李文郁","1","1","2"
"陕西参政宋","1","1","2"
"西参政宋性","1","1","2"
"增设武卫百","1","1","2"
"设武卫百司","1","1","2"
"通海外诸国","2","0","2"
"都北京非便","2","0","2"
"部尚书方宾","1","1","2"
"部尚书吴中","1","1","2"
"赐绳愆纠缪","2","0","2"
"原吉奉遗诏","1","1","2"
"靖难时守城","1","1","2"
"三杨同心辅","1","1","2"
"杨同心辅政","1","1","2"
"荫尚宝司丞","2","0","2"
"上章言兵事","2","0","2"
"事道士席应","1","1","2"
"道士席应真","1","1","2"
"住持庆寿寺","1","1","2"
"密劝成祖举","1","1","2"
"劝成祖举兵","1","1","2"
"李景隆乘间","2","0","2"
"平安等先后","1","1","2"
"安等先后败","1","1","2"
"成祖意欲稍","1","1","2"
"破房昭西水","1","1","2"
"房昭西水寨","1","1","2"
"独道衍定策","1","1","2"
"继尚宝少卿","1","1","2"
"济南卫副千","1","1","2"
"朱能东攻蓟","1","1","2"
"能东攻蓟州","1","1","2"
"都督徐凯军","2","0","2"
"督徐凯军河","2","0","2"
"徐凯军河间","2","0","2"
"成祖遂引兵","1","1","2"
"阴侯吴高辽","2","0","2"
"侯吴高辽东","2","0","2"
"吴高辽东兵","2","0","2"
"高辽东兵围","2","0","2"
"十万众将攻","2","0","2"
"万众将攻北","2","0","2"
"众将攻北平","2","0","2"
"李景隆围北","1","1","2"
"景隆围北平","1","1","2"
"大战郑村坝","1","1","2"
"城中兵鼓噪","2","0","2"
"加封河间王","1","1","2"
"东平王朱能","1","1","2"
"享成祖庙廷","2","0","2"
"燕山护卫副","1","1","2"
"山护卫副千","1","1","2"
"事成祖藩邸","2","0","2"
"大败耿炳文","1","1","2"
"败耿炳文军","1","1","2"
"藉死者甚众","2","0","2"
"景隆郑村坝","2","0","2"
"周长等殊死","1","1","2"
"获指挥贾荣","1","1","2"
"北面事人耶","1","1","2"
"累迁右军都","2","0","2"
"禄二千二百","1","1","2"
"二千二百石","1","1","2"
"分道讨安南","2","0","2"
"授燕山中护","2","0","2"
"山中护卫千","1","1","2"
"中护卫千户","1","1","2"
"西行二十里","1","1","2"
"迁中军都督","2","0","2"
"中军都督同","1","1","2"
"金忠等辅导","1","1","2"
"忠等辅导皇","1","1","2"
"等辅导皇长","1","1","2"
"辅导皇长孙","1","1","2"
"问本雅失里","1","1","2"
"敌辄佯败引","2","0","2"
"将军轻信敌","1","1","2"
"败守淮将士","1","1","2"
"累功都督佥","2","0","2"
"山右护卫副","1","1","2"
"右护卫副千","1","1","2"
"杨松鄚州援","2","0","2"
"壮士千余人","1","1","2"
"渊骁勇善战","1","1","2"
"赠都指挥使","2","0","2"
"俘获七千余","1","1","2"
"获七千余人","1","1","2"
"累迁都指挥","2","0","2"
"连格杀数十","1","1","2"
"大宁行都司","1","1","2"
"宁行都司所","1","1","2"
"营州二十余","1","1","2"
"州二十余卫","1","1","2"
"元降将所统","1","1","2"
"遂刘家口间","2","0","2"
"成祖尽拔诸","1","1","2"
"祖尽拔诸军","1","1","2"
"秦府长安郡","1","1","2"
"府长安郡主","1","1","2"
"长安郡主仪","1","1","2"
"安郡主仪宾","1","1","2"
"永乐七年二","1","1","2"
"乐七年二月","1","1","2"
"二十三年特","1","1","2"
"迁工部侍郎","2","0","2"
"六年六月进","1","1","2"
"二十余万户","1","1","2"
"二十八年讨","1","1","2"
"修广西兴安","1","1","2"
"广西兴安县","1","1","2"
"西兴安县灵","1","1","2"
"兴安县灵渠","1","1","2"
"百五十余丈","1","1","2"
"增高中江石","1","1","2"
"高中江石堤","1","1","2"
"运盐八十五","1","1","2"
"盐八十五万","1","1","2"
"八十五万余","1","1","2"
"十五万余引","1","1","2"
"三十万八千","1","1","2"
"万八千余引","1","1","2"
"八千余引贮","1","1","2"
"月擢右都御","2","0","2"
"官巡视山西","1","1","2"
"试翰林编纂","1","1","2"
"翰林编纂官","1","1","2"
"奸臣二十九","1","1","2"
"臣二十九人","1","1","2"
"部尚书王钝","1","1","2"
"尚书王钝解","1","1","2"
"高皇帝立法","1","1","2"
"皇帝立法创","1","1","2"
"帝立法创制","1","1","2"
"迁浙江左布","2","0","2"
"广布政司参","1","1","2"
"授刑部尚书","2","0","2"
"劾都督孙岳","1","1","2"
"都督孙岳擅","1","1","2"
"教谕康孔高","1","1","2"
"一旦相见难","1","1","2"
"洪熙元年赠","2","0","2"
"熙元年赠太","2","0","2"
"元年赠太子","2","0","2"
"年赠太子少","2","0","2"
"北平左布政","1","1","2"
"平左布政使","1","1","2"
"左参政孙瑜","1","1","2"
"察司副使墨","1","1","2"
"司副使墨麟","1","1","2"
"佥事吕震率","1","1","2"
"事吕震率先","1","1","2"
"成祖转战三","1","1","2"
"祖转战三年","1","1","2"
"掌北平布政","1","1","2"
"山东按察司","1","1","2"
"东按察司试","1","1","2"
"按察司试佥","1","1","2"
"察司试佥事","1","1","2"
"入户部主事","2","0","2"
"迁北平按察","2","0","2"
"迁刑部尚书","2","0","2"
"宣德元年四","1","1","2"
"震建议群臣","1","1","2"
"仁孝皇后崩","2","0","2"
"易素冠布腰","2","0","2"
"素冠布腰绖","2","0","2"
"震勃然变色","1","1","2"
"州布政使蒋","1","1","2"
"布政使蒋廷","1","1","2"
"政使蒋廷瓒","1","1","2"
"思南大岩山","1","1","2"
"楼阁龙凤花","1","1","2"
"阁龙凤花卉","1","1","2"
"瑞光榔梅灵","1","1","2"
"光榔梅灵芝","1","1","2"
"率群臣先后","1","1","2"
"定太子留守","1","1","2"
"太子留守事","1","1","2"
"子留守事宜","1","1","2"
"言北征饷绌","2","0","2"
"河南右参议","1","1","2"
"湖广左参议","1","1","2"
"事中梁盛等","1","1","2"
"都御史黄信","1","1","2"
"侍郎刘俊等","1","1","2"
"提调灵济宫","1","1","2"
"营州后屯卫","1","1","2"
"工部二十余","1","1","2"
"部二十余年","1","1","2"
"擢云南按察","2","0","2"
"时左都御史","1","1","2"
"御史陈瑛残","1","1","2"
"右都御史吴","1","1","2"
"都御史吴中","1","1","2"
"御史吴中宽","1","1","2"
"北京营造宫","1","1","2"
"京营造宫室","1","1","2"
"刑部尚书吕","1","1","2"
"皇太子谴责","1","1","2"
"都督佥事费","1","1","2"
"大理少卿弋","2","0","2"
"理少卿弋谦","2","0","2"
"令十四道御","1","1","2"
"十四道御史","1","1","2"
"四道御史论","1","1","2"
"召大学士杨","1","1","2"
"荐通政使顾","1","1","2"
"通政使顾佐","1","1","2"
"御史张循理","1","1","2"
"史张循理等","1","1","2"
"遂下锦衣卫","2","0","2"
"累官都指挥","2","0","2"
"耿炳文伐燕","1","1","2"
"景隆代炳文","2","0","2"
"燕兵袭沧州","2","0","2"
"陈瑄帅舟师","2","0","2"
"燕兵遂渡江","2","0","2"
"高资港迎战","1","1","2"
"朕念山东久","1","1","2"
"御史陈瑛劾","2","0","2"
"密云指挥使","1","1","2"
"进右军都督","2","0","2"
"李景隆代将","2","0","2"
"燕王将渡白","1","1","2"
"王将渡白沟","1","1","2"
"将渡白沟河","1","1","2"
"下马伏地视","2","0","2"
"马伏地视河","2","0","2"
"伏地视河流","2","0","2"
"吴杰等分兵","1","1","2"
"武胜上书朝","1","1","2"
"燕王决计南","1","1","2"
"王决计南下","1","1","2"
"遣李远等潜","1","1","2"
"时大同守将","1","1","2"
"燕将李彬战","1","1","2"
"部将火耳灰","1","1","2"
"移军齐眉山","1","1","2"
"诸将列阵大","1","1","2"
"将列阵大战","1","1","2"
"孙成等三十","1","1","2"
"成等三十七","1","1","2"
"者百五十余","2","0","2"
"安久驻真定","1","1","2"
"行后府都督","1","1","2"
"永乐七年三","1","1","2"
"乐七年三月","1","1","2"
"金吾后卫指","1","1","2"
"吾后卫指挥","1","1","2"
"后卫指挥同","1","1","2"
"移兵讨平都","1","1","2"
"兵讨平都匀","1","1","2"
"讨平都匀蛮","1","1","2"
"讨越州叛蛮","1","1","2"
"越州叛蛮阿","1","1","2"
"州叛蛮阿资","1","1","2"
"都督茅鼎会","1","1","2"
"毕节诸卫严","1","1","2"
"都督陶文等","1","1","2"
"讨水西奢香","1","1","2"
"水西蛮居宗","1","1","2"
"西蛮居宗必","1","1","2"
"蛮居宗必登","1","1","2"
"征虏左将军","1","1","2"
"副西平侯沐","2","0","2"
"麓川叛蛮刀","1","1","2"
"川叛蛮刀干","1","1","2"
"叛蛮刀干孟","1","1","2"
"福遂破擒刀","1","1","2"
"遂破擒刀干","1","1","2"
"破擒刀干孟","1","1","2"
"永乐五年八","1","1","2"
"乐五年八月","1","1","2"
"朕推诚倚重","1","1","2"
"本雅失里纠","1","1","2"
"鲁台将入寇","2","0","2"
"送酋长京师","2","0","2"
"军中封福宁","2","0","2"
"中封福宁远","2","0","2"
"封福宁远侯","2","0","2"
"示共享富贵","1","1","2"
"坚城卫指挥","1","1","2"
"城卫指挥佥","1","1","2"
"州都指挥同","1","1","2"
"酋居宗必登","1","1","2"
"沧浪诸寨蛮","1","1","2"
"统分道讨平","1","1","2"
"讨平诸苗洞","1","1","2"
"平诸苗洞寨","1","1","2"
"思州宣慰使","1","1","2"
"州宣慰使田","1","1","2"
"宣慰使田琛","1","1","2"
"思南宣慰使","1","1","2"
"南宣慰使田","1","1","2"
"宣慰使田宗","1","1","2"
"慰使田宗鼎","1","1","2"
"兵五万压境","1","1","2"
"遂设贵州布","1","1","2"
"台罗苗普亮","1","1","2"
"罗苗普亮等","1","1","2"
"苗普亮等作","1","1","2"
"普亮等作乱","1","1","2"
"二都司三卫","1","1","2"
"都司三卫兵","1","1","2"
"司三卫兵讨","1","1","2"
"三卫兵讨平","1","1","2"
"都匀诸叛蛮","1","1","2"
"人立生祠祀","2","0","2"
"事非愚臣所","1","1","2"
"户部度支主","1","1","2"
"部度支主事","1","1","2"
"擢本部右侍","2","0","2"
"天下户口田","1","1","2"
"下户口田赋","1","1","2"
"陈州颍溪口","1","1","2"
"州颍溪口跌","1","1","2"
"颍溪口跌坡","1","1","2"
"溪口跌坡下","1","1","2"
"大船运入黄","1","1","2"
"船运入黄河","1","1","2"
"湖广屯田所","1","1","2"
"广屯田所产","1","1","2"
"世子守北京","1","1","2"
"淇国公邱福","2","0","2"
"命辅皇太孙","2","0","2"
"士奇辅太子","2","0","2"
"悉征东宫官","2","0","2"
"征东宫官属","2","0","2"
"东宫官属下","2","0","2"
"永乐元年召","2","0","2"
"时勋贵武臣","1","1","2"
"勋贵武臣多","1","1","2"
"贵武臣多令","1","1","2"
"武臣多令子","1","1","2"
"臣多令子弟","1","1","2"
"忻成伯赵彝","1","1","2"
"成伯赵彝擅","1","1","2"
"镇守德州都","1","1","2"
"守德州都督","1","1","2"
"德州都督曹","1","1","2"
"皇太子谒孝","2","0","2"
"太子谒孝陵","2","0","2"
"远侯柳升讨","1","1","2"
"庆参赞军务","2","0","2"
"主事陈镛言","2","0","2"
"事陈镛言庆","2","0","2"
"城南二十余","1","1","2"
"南二十余里","1","1","2"
"分遣大臣采","2","0","2"
"遣大臣采木","2","0","2"
"左中允周干","1","1","2"
"时仁宗监国","1","1","2"
"清理郡县田","1","1","2"
"理郡县田赋","1","1","2"
"除工部主事","2","0","2"
"年擢兵部侍","2","0","2"
"擢兵部侍郎","2","0","2"
"宣德三年二","1","1","2"
"德三年二月","1","1","2"
"年二月卒官","2","0","2"
"户部主事刘","1","1","2"
"部主事刘良","1","1","2"
"右都御史向","1","1","2"
"都御史向宝","1","1","2"
"永乐元年迁","2","0","2"
"年迁员外郎","2","0","2"
"太子监国南","2","0","2"
"侍郎中第一","1","1","2"
"郎中第一人","1","1","2"
"京行太仆寺","1","1","2"
"行太仆寺卿","1","1","2"
"水决堤伤稼","2","0","2"
"砥请开德州","1","1","2"
"请开德州东","1","1","2"
"开德州东南","1","1","2"
"帝命工部侍","1","1","2"
"工部侍郎蔺","1","1","2"
"部侍郎蔺芳","1","1","2"
"五丁养种马","1","1","2"
"丁养种马一","1","1","2"
"马立群头一","1","1","2"
"立群头一人","1","1","2"
"马立群长一","1","1","2"
"立群长一人","1","1","2"
"事中杜钦巡","1","1","2"
"中杜钦巡视","1","1","2"
"杜钦巡视淮","1","1","2"
"事中许能巡","1","1","2"
"中许能巡抚","1","1","2"
"许能巡抚浙","1","1","2"
"能巡抚浙江","1","1","2"
"杨士奇奏事","1","1","2"
"谦历事三朝","1","1","2"
"工部侍郎苏","1","1","2"
"部侍郎苏瓒","1","1","2"
"河南按察佥","1","1","2"
"南按察佥事","1","1","2"
"吴王府审理","1","1","2"
"王府审理副","1","1","2"
"永乐二年选","1","1","2"
"东布政使徐","1","1","2"
"布政使徐奇","1","1","2"
"群臣作诗文","1","1","2"
"怜赵王年少","1","1","2"
"士奇顿首言","2","0","2"
"礼部侍郎华","2","0","2"
"部侍郎华盖","2","0","2"
"服制二十七","2","0","2"
"制二十七日","2","0","2"
"帝素冠麻衣","2","0","2"
"尚书李庆建","1","1","2"
"书李庆建议","1","1","2"
"西按察使陈","1","1","2"
"按察使陈智","1","1","2"
"御史舒仲成","1","1","2"
"理卿虞谦言","2","0","2"
"兹创制杨贞","1","1","2"
"献县单家桥","1","1","2"
"待赵王日益","1","1","2"
"赵王日益亲","1","1","2"
"请立陈氏后","2","0","2"
"皇太后盛德","1","1","2"
"议下诏宽恤","1","1","2"
"帝谓士奇曰","2","0","2"
"诏减官田租","2","0","2"
"帝励精图治","1","1","2"
"西苑万岁山","1","1","2"
"设南京参赞","1","1","2"
"南京参赞机","1","1","2"
"京参赞机务","1","1","2"
"参赞机务大","1","1","2"
"赞机务大臣","1","1","2"
"靖江王佐敬","1","1","2"
"江王佐敬私","1","1","2"
"士马物故者","2","0","2"
"马物故者数","2","0","2"
"肃总兵官何","1","1","2"
"总兵官何福","1","1","2"
"阳侯陈懋规","1","1","2"
"命中官护行","2","0","2"
"甘肃守臣宋","1","1","2"
"肃守臣宋琥","1","1","2"
"明年复北征","2","0","2"
"年定都北京","1","1","2"
"下诏征阿鲁","1","1","2"
"诏征阿鲁台","1","1","2"
"少监海寿先","1","1","2"
"监海寿先驰","1","1","2"
"寻进太子少","2","0","2"
"宫中朝夕侍","1","1","2"
"仁宗皇帝念","1","1","2"
"宗皇帝念卿","1","1","2"
"皇帝念卿忠","1","1","2"
"导英宗北征","1","1","2"
"汝南侯思祖","1","1","2"
"视山东学政","2","0","2"
"殷精通经史","1","1","2"
"兵官镇守淮","1","1","2"
"官镇守淮安","1","1","2"
"兴兵诛君侧","1","1","2"
"非人所能阻","1","1","2"
"女秀才刘氏","1","1","2"
"秀才刘氏朋","1","1","2"
"都督佥事谭","1","1","2"
"督佥事谭深","1","1","2"
"衣卫指挥赵","1","1","2"
"卫指挥赵曦","1","1","2"
"都督同知许","1","1","2"
"督同知许成","1","1","2"
"旗手卫指挥","1","1","2"
"手卫指挥使","1","1","2"
"宣德九年八","1","1","2"
"贻书责大义","2","0","2"
"迁居太平门","1","1","2"
"居太平门外","1","1","2"
"授考功主事","1","1","2"
"提督易州山","1","1","2"
"督易州山厂","1","1","2"
"三边总督杨","1","1","2"
"边总督杨一","1","1","2"
"纪等列上四","1","1","2"
"等列上四十","1","1","2"
"列上四十七","1","1","2"
"上四十七人","1","1","2"
"督察畿辅马","1","1","2"
"察畿辅马政","1","1","2"
"武职贪污者","1","1","2"
"职贪污者百","1","1","2"
"贪污者百余","1","1","2"
"时中下诏狱","1","1","2"
"章圣太后尊","1","1","2"
"圣太后尊号","1","1","2"
"中官黄英等","1","1","2"
"通州守备鄢","1","1","2"
"言官李鸣鹤","1","1","2"
"官李鸣鹤等","1","1","2"
"事中刘世扬","1","1","2"
"中刘世扬等","1","1","2"
"嘉靖十年四","1","1","2"
"靖十年四月","1","1","2"
"复兵部尚书","1","1","2"
"御史郭希愈","1","1","2"
"史郭希愈请","1","1","2"
"郭希愈请重","1","1","2"
"事中李光翰","1","1","2"
"御史贡安甫","1","1","2"
"部郎李梦阳","1","1","2"
"期雍偕同官","1","1","2"
"雍偕同官王","1","1","2"
"偕同官王佩","1","1","2"
"陈金讨江西","2","0","2"
"金讨江西贼","2","0","2"
"劾镇守武定","1","1","2"
"镇守武定侯","1","1","2"
"守武定侯郭","1","1","2"
"密云关堡数","1","1","2"
"云关堡数十","1","1","2"
"避寇警移入","1","1","2"
"寇警移入内","1","1","2"
"警移入内地","1","1","2"
"宜设官累民","1","1","2"
"临清仓银五","1","1","2"
"清仓银五万","1","1","2"
"仓银五万两","1","1","2"
"总兵官顾寰","1","1","2"
"发两淮余盐","1","1","2"
"两淮余盐银","1","1","2"
"淮余盐银七","1","1","2"
"余盐银七十","1","1","2"
"盐银七十万","1","1","2"
"安平侯方锐","1","1","2"
"张家庄马房","1","1","2"
"家庄马房地","1","1","2"
"巡仓御史艾","1","1","2"
"仓御史艾朴","1","1","2"
"御史艾朴受","1","1","2"
"史艾朴受贿","1","1","2"
"仓场尚书王","1","1","2"
"鉴三臣贤否","2","0","2"
"十一年大计","2","0","2"
"年大计天下","2","0","2"
"大计天下庶","2","0","2"
"计天下庶官","2","0","2"
"迁户部侍郎","1","1","2"
"应奎建议加","1","1","2"
"奎建议加派","1","1","2"
"令诸曹所隶","1","1","2"
"余盐五百余","1","1","2"
"盐五百余万","1","1","2"
"诸边年例二","1","1","2"
"年例二百八","1","1","2"
"例二百八十","1","1","2"
"增二百四十","2","0","2"
"事中徐公遴","1","1","2"
"改南京工部","2","0","2"
"行二十九事","1","1","2"
"擢陕西副使","2","0","2"
"三十一年召","1","1","2"
"十一年召翁","1","1","2"
"一年召翁万","1","1","2"
"年召翁万达","1","1","2"
"寇大入山西","2","0","2"
"京师外城成","2","0","2"
"会侍郎赵文","2","0","2"
"郎赵文华陈","1","1","2"
"郎朱隆禧请","1","1","2"
"巡视福建大","1","1","2"
"视福建大臣","1","1","2"
"海滨互市禁","1","1","2"
"历验封郎中","2","0","2"
"京国子监事","1","1","2"
"布政使张臬","1","1","2"
"命翰林学士","2","0","2"
"事中梁梦龙","1","1","2"
"赵文华视师","2","0","2"
"涂炭何时解","2","0","2"
"礼部尚书王","1","1","2"
"河南巡按陈","1","1","2"
"南巡按陈蕙","1","1","2"
"山东盐运同","1","1","2"
"东盐运同知","1","1","2"
"就右副都御","2","0","2"
"应春督诸将","1","1","2"
"督诸将邀击","2","0","2"
"巡按御史吉","1","1","2"
"按御史吉澄","1","1","2"
"御史吉澄极","1","1","2"
"寇数万人屯","1","1","2"
"官姜应熊守","1","1","2"
"官王继祖击","1","1","2"
"王继祖击败","1","1","2"
"千八百余丈","1","1","2"
"花马池闲田","1","1","2"
"马池闲田二","1","1","2"
"池闲田二万","1","1","2"
"闲田二万顷","1","1","2"
"山西总督樊","1","1","2"
"西总督樊继","1","1","2"
"劾大学士严","1","1","2"
"兵部尚书戴","1","1","2"
"部尚书戴金","1","1","2"
"御史巡盐时","1","1","2"
"迁云南副使","2","0","2"
"御史巡抚河","2","0","2"
"史巡抚河南","2","0","2"
"御史黄廷聘","1","1","2"
"浙江参政刘","1","1","2"
"江参政刘应","1","1","2"
"参政刘应箕","1","1","2"
"政刘应箕先","1","1","2"
"卿贰大臣考","1","1","2"
"贰大臣考满","1","1","2"
"九卿翰林官","1","1","2"
"卿翰林官揖","1","1","2"
"总兵官王陛","1","1","2"
"兵官王陛等","1","1","2"
"事中冯良知","1","1","2"
"功科道官张","1","1","2"
"科道官张尧","1","1","2"
"道官张尧年","1","1","2"
"劾总兵官张","1","1","2"
"兵官张达等","1","1","2"
"江西左布政","1","1","2"
"广东巨寇张","1","1","2"
"东巨寇张琏","1","1","2"
"劾前后督抚","1","1","2"
"前后督抚樊","1","1","2"
"后督抚樊继","1","1","2"
"督抚樊继祖","1","1","2"
"指挥冯世彪","1","1","2"
"挥冯世彪等","1","1","2"
"冯世彪等一","1","1","2"
"世彪等一百","1","1","2"
"彪等一百七","1","1","2"
"等一百七十","1","1","2"
"一百七十七","1","1","2"
"福建总督胡","1","1","2"
"建总督胡宗","1","1","2"
"督胡宗宪下","1","1","2"
"胡宗宪下狱","1","1","2"
"福建巡抚游","1","1","2"
"建巡抚游震","1","1","2"
"义乌精兵一","1","1","2"
"乌精兵一万","1","1","2"
"受总督节制","1","1","2"
"将士乘胜歼","1","1","2"
"戎政都御史","1","1","2"
"政都御史李","1","1","2"
"兵官马芳等","1","1","2"
"锦衣千户张","1","1","2"
"衣千户张福","1","1","2"
"侍郎许进等","1","1","2"
"迁湖广佥事","1","1","2"
"施州夷民相","1","1","2"
"巡按御史江","1","1","2"
"按御史江万","1","1","2"
"御史江万实","1","1","2"
"史江万实相","1","1","2"
"理卿燕忠会","1","1","2"
"梦阳挟制抚","1","1","2"
"嘉靖元年冬","1","1","2"
"圣祖寡欲勤","1","1","2"
"祖寡欲勤治","1","1","2"
"兵官李隆等","1","1","2"
"刑狱失平八","1","1","2"
"狱失平八事","1","1","2"
"大学士石珤","2","0","2"
"夏总兵官仲","1","1","2"
"总兵官仲勋","1","1","2"
"疏谏内官织","1","1","2"
"谏内官织造","1","1","2"
"迁广西提学","1","1","2"
"迁广西左布","2","0","2"
"中外严兵待","1","1","2"
"外严兵待发","1","1","2"
"章皇帝成先","1","1","2"
"皇帝成先志","1","1","2"
"守臣姓名符","2","0","2"
"两广积储数","1","1","2"
"广积储数十","1","1","2"
"积储数十万","1","1","2"
"帝决计征讨","1","1","2"
"巡按御史余","1","1","2"
"按御史余光","1","1","2"
"御史余光相","1","1","2"
"史余光相继","1","1","2"
"下诏狱拷掠","2","0","2"
"中应言官试","1","1","2"
"称大庆法王","1","1","2"
"建寺西华门","2","0","2"
"寺西华门内","2","0","2"
"望陛下翻然","1","1","2"
"陛下翻然悔","1","1","2"
"下翻然悔悟","1","1","2"
"退小人诸事","1","1","2"
"霍韬署吏部","1","1","2"
"韬署吏部事","1","1","2"
"御史金灿按","1","1","2"
"毁淫祠数十","1","1","2"
"淫祠数十百","1","1","2"
"祠数十百所","1","1","2"
"按御史汪珊","1","1","2"
"擢广东提学","2","0","2"
"四千四百余","2","0","2"
"琴瑟钟鼓人","1","1","2"
"瑟钟鼓人伦","1","1","2"
"华裔一统莫","1","1","2"
"毁西安门外","1","1","2"
"右都督毛伦","1","1","2"
"御史王金等","1","1","2"
"潞州巨盗陈","1","1","2"
"州巨盗陈卿","1","1","2"
"山西巡抚江","1","1","2"
"西巡抚江潮","1","1","2"
"常道先后讨","1","1","2"
"河南副使翟","1","1","2"
"南副使翟瓒","1","1","2"
"副使翟瓒捣","1","1","2"
"山西佥事陈","1","1","2"
"西佥事陈大","1","1","2"
"佥事陈大纲","1","1","2"
"二千三百余","2","0","2"
"河南知府范","1","1","2"
"寻甸土酋安","1","1","2"
"甸土酋安铨","1","1","2"
"武定土知府","1","1","2"
"定土知府凤","1","1","2"
"土知府凤诏","1","1","2"
"知府凤诏母","1","1","2"
"府凤诏母子","1","1","2"
"设守御千户","1","1","2"
"孟养诸酋相","1","1","2"
"府严时泰等","1","1","2"
"等遍历诸蛮","2","0","2"
"赐玺书褒谕","2","0","2"
"镇守太监杜","1","1","2"
"守太监杜唐","1","1","2"
"公沐绍勋相","1","1","2"
"千户何经广","1","1","2"
"按御史刘臬","1","1","2"
"绍勋处置失","1","1","2"
"遣百户丁镇","1","1","2"
"重失职怨望","1","1","2"
"巡按御史牛","1","1","2"
"按御史牛天","1","1","2"
"御史牛天麟","1","1","2"
"史牛天麟极","1","1","2"
"光湖西南高","1","1","2"
"年白圭修筑","1","1","2"
"白圭修筑高","1","1","2"
"圭修筑高邮","1","1","2"
"修筑高邮康","1","1","2"
"筑高邮康济","1","1","2"
"高邮康济湖","1","1","2"
"累迁贵州按","1","1","2"
"迁贵州按察","1","1","2"
"事中顾存仁","1","1","2"
"服食求神仙","1","1","2"
"高居黄屋紫","1","1","2"
"劳两广总督","1","1","2"
"两广总督王","1","1","2"
"广总督王守","1","1","2"
"总督王守仁","1","1","2"
"指挥张绅杀","1","1","2"
"挥张绅杀人","1","1","2"
"议分建南北","1","1","2"
"分建南北郊","1","1","2"
"皇后深居九","1","1","2"
"后深居九重","1","1","2"
"学士李时小","1","1","2"
"士李时小心","1","1","2"
"李时小心谦","1","1","2"
"时小心谦抑","1","1","2"
"户部尚书许","1","1","2"
"尚书许赞谨","1","1","2"
"书许赞谨厚","1","1","2"
"吏部尚书左","1","1","2"
"部尚书左侍","1","1","2"
"尚书左侍郎","1","1","2"
"书左侍郎周","1","1","2"
"右侍郎许诰","1","1","2"
"侍郎许诰讲","1","1","2"
"郎许诰讲论","1","1","2"
"许诰讲论便","1","1","2"
"诰讲论便捷","1","1","2"
"右侍郎顾鼎","1","1","2"
"侍郎顾鼎臣","1","1","2"
"郎顾鼎臣警","1","1","2"
"顾鼎臣警悟","1","1","2"
"鼎臣警悟疏","1","1","2"
"臣警悟疏通","1","1","2"
"部左侍郎闻","1","1","2"
"左侍郎闻渊","1","1","2"
"侍郎闻渊存","1","1","2"
"郎闻渊存心","1","1","2"
"闻渊存心正","1","1","2"
"极论大学士","2","0","2"
"论大学士张","1","1","2"
"孚敬刚恶凶","1","1","2"
"敬刚恶凶险","1","1","2"
"都事中魏良","2","0","2"
"必将呼引朋","1","1","2"
"御史宋邦辅","1","1","2"
"大臣德政律","1","1","2"
"王时中等言","2","0","2"
"贬郎中张国","1","1","2"
"郎中张国维","1","1","2"
"员外郎孙云","1","1","2"
"日夜匍匐长","1","1","2"
"夜匍匐长安","1","1","2"
"匍匐长安街","1","1","2"
"吴氏击登闻","1","1","2"
"氏击登闻鼓","1","1","2"
"祖母吴氏守","1","1","2"
"母吴氏守节","1","1","2"
"吴氏守节教","1","1","2"
"氏守节教育","1","1","2"
"通政使陈经","1","1","2"
"恩情重律轻","1","1","2"
"同郡韩邦奇","1","1","2"
"郡韩邦奇游","1","1","2"
"士陶仲文加","1","1","2"
"太仆卿杨谏","2","0","2"
"非陛下赤子","2","0","2"
"官远修雷坛","1","1","2"
"外日益涣散","1","1","2"
"异言异服列","1","1","2"
"赞善罗洪先","1","1","2"
"善罗洪先等","1","1","2"
"祖宗创业艰","2","0","2"
"宗创业艰难","2","0","2"
"灵宝县黄河","1","1","2"
"御史鄞人周","1","1","2"
"史鄞人周相","1","1","2"
"鄞人周相抗","1","1","2"
"人周相抗疏","1","1","2"
"部员外郎刘","1","1","2"
"诸妄言归过","1","1","2"
"劾湖广巡抚","1","1","2"
"湖广巡抚陆","1","1","2"
"广巡抚陆杰","1","1","2"
"工部尚书甘","1","1","2"
"采木尚书樊","1","1","2"
"木尚书樊继","1","1","2"
"严嵩私属事","1","1","2"
"总兵官张凤","1","1","2"
"总制侍郎翟","1","1","2"
"制侍郎翟鹏","1","1","2"
"督饷侍郎赵","1","1","2"
"饷侍郎赵廷","1","1","2"
"侍郎赵廷瑞","1","1","2"
"后敢闻陛下","2","0","2"
"莱兵备佥事","1","1","2"
"时大学士严","1","1","2"
"同总兵官周","1","1","2"
"部司务何尚","2","0","2"
"救主事海瑞","1","1","2"
"锦衣帅陆炳","1","1","2"
"严嵩父子交","1","1","2"
"吏部尚书夏","1","1","2"
"部尚书夏邦","1","1","2"
"尚书夏邦谟","1","1","2"
"衣卫经历沈","1","1","2"
"卫经历沈炼","1","1","2"
"尚宝丞张逊","1","1","2"
"宝丞张逊业","1","1","2"
"丞张逊业饮","1","1","2"
"陛下奋扬神","1","1","2"
"下奋扬神武","1","1","2"
"文武群臣所","1","1","2"
"司递相承奉","1","1","2"
"许论总督宣","1","1","2"
"常杀良民冒","1","1","2"
"杀良民冒功","1","1","2"
"破应州四十","1","1","2"
"士击剑习射","1","1","2"
"按御史李凤","1","1","2"
"御史李凤毛","1","1","2"
"两人日夜谋","1","1","2"
"妖人阎浩等","1","1","2"
"顺一子锦衣","1","1","2"
"炼姓名官爵","1","1","2"
"炼光禄少卿","1","1","2"
"楷杀人媚奸","1","1","2"
"尚书韩邦奇","1","1","2"
"书韩邦奇游","1","1","2"
"手制十二律","1","1","2"
"海内豪杰争","1","1","2"
"使边镇将帅","1","1","2"
"边卒私通境","1","1","2"
"卒私通境外","1","1","2"
"阴谋伏兵突","1","1","2"
"谋伏兵突入","1","1","2"
"公卿大夫知","1","1","2"
"明诏选将练","1","1","2"
"诏选将练兵","1","1","2"
"示天下万世","1","1","2"
"下继盛诏狱","2","0","2"
"调南京户部","2","0","2"
"迁刑部员外","2","0","2"
"高皇帝丞相","2","0","2"
"义子赵文华","1","1","2"
"效忠冒两广","1","1","2"
"锦衣所镇抚","1","1","2"
"故总督欧阳","1","1","2"
"世蕃三千金","1","1","2"
"鸾冒擒哈舟","1","1","2"
"前俺答深入","1","1","2"
"郎中徐学诗","1","1","2"
"部堂司大半","1","1","2"
"何爱一贼臣","1","1","2"
"百万苍生陷","1","1","2"
"侍郎王学益","1","1","2"
"诈传亲王令","1","1","2"
"传亲王令旨","1","1","2"
"亲王令旨律","1","1","2"
"郎中史朝宾","1","1","2"
"李天宠坐大","1","1","2"
"天宠坐大辟","1","1","2"
"丹心照千古","1","1","2"
"收录遗佚二","1","1","2"
"录遗佚二事","1","1","2"
"抚宁侯朱岳","1","1","2"
"定西侯蒋传","1","1","2"
"西侯蒋传等","1","1","2"
"部尚书赵廷","1","1","2"
"尚书赵廷瑞","1","1","2"
"遇考选军政","1","1","2"
"陈御边四事","1","1","2"
"光禄丞胡膏","1","1","2"
"禄丞胡膏伪","1","1","2"
"丞胡膏伪增","1","1","2"
"胡膏伪增物","1","1","2"
"同事御史张","1","1","2"
"事御史张巽","1","1","2"
"御史张巽言","1","1","2"
"闽海防军务","1","1","2"
"闽人李光头","1","1","2"
"造双桅大船","1","1","2"
"泉巡检司弓","1","1","2"
"兵旧额二千","1","1","2"
"旧额二千五","1","1","2"
"额二千五百","1","1","2"
"年将进攻双","1","1","2"
"将进攻双屿","1","1","2"
"都指挥黎秀","1","1","2"
"指挥黎秀分","1","1","2"
"贡使周良违","1","1","2"
"六百人先期","1","1","2"
"奸民投书激","1","1","2"
"民投书激变","1","1","2"
"镗筑塞双屿","1","1","2"
"贡使周良安","1","1","2"
"使周良安插","1","1","2"
"中国制驭诸","1","1","2"
"国制驭诸番","1","1","2"
"御史闽人周","1","1","2"
"史闽人周亮","1","1","2"
"中朝士大夫","1","1","2"
"朝士大夫先","1","1","2"
"佛郎机国人","1","1","2"
"李光头等九","1","1","2"
"光头等九十","1","1","2"
"头等九十六","1","1","2"
"按御史陈宗","1","1","2"
"御史陈宗夔","1","1","2"
"奸民鬻贩拒","1","1","2"
"民鬻贩拒捕","1","1","2"
"浙中卫所四","1","1","2"
"中卫所四十","1","1","2"
"卫所四十一","1","1","2"
"战船四百三","1","1","2"
"船四百三十","1","1","2"
"四百三十九","1","1","2"
"台州海门卫","1","1","2"
"断藤峡贼侯","1","1","2"
"藤峡贼侯公","1","1","2"
"峡贼侯公丁","1","1","2"
"御史邹尧臣","1","1","2"
"史邹尧臣等","1","1","2"
"参议田汝成","1","1","2"
"副总兵张经","1","1","2"
"指挥王良辅","1","1","2"
"挥王良辅等","1","1","2"
"王良辅等六","1","1","2"
"良辅等六将","1","1","2"
"辅等六将分","1","1","2"
"等六将分六","1","1","2"
"六将分六道","1","1","2"
"将分六道会","1","1","2"
"都指挥高乾","1","1","2"
"副使梁廷振","1","1","2"
"指挥马文杰","1","1","2"
"挥马文杰等","1","1","2"
"马文杰等四","1","1","2"
"文杰等四将","1","1","2"
"杰等四将分","1","1","2"
"等四将分四","1","1","2"
"四将分四道","1","1","2"
"将分四道会","1","1","2"
"首千二百级","2","0","2"
"伏机弩毒镖","1","1","2"
"州土酋卢受","1","1","2"
"众四百五十","1","1","2"
"毛伯温定计","1","1","2"
"副使张瑶等","1","1","2"
"柘林川沙洼","1","1","2"
"日选将练兵","1","1","2"
"田州瓦氏兵","1","1","2"
"州瓦氏兵先","1","1","2"
"隶总兵官俞","2","0","2"
"游击邹继芳","1","1","2"
"参将汤克宽","1","1","2"
"赵文华祭海","2","0","2"
"浙江巡按胡","1","1","2"
"江巡按胡宗","1","1","2"
"巡按胡宗宪","1","1","2"
"经糜饷殃民","1","1","2"
"遣参将卢镗","1","1","2"
"参将卢镗督","1","1","2"
"将卢镗督保","1","1","2"
"卢镗督保靖","1","1","2"
"镗督保靖兵","1","1","2"
"大猷督永顺","1","1","2"
"猷督永顺兵","1","1","2"
"宗宪合谋进","1","1","2"
"宪合谋进剿","1","1","2"
"巡抚李天宠","1","1","2"
"徙大同左卫","1","1","2"
"大同左卫军","1","1","2"
"命侍郎赵文","1","1","2"
"华督察军务","1","1","2"
"松巡抚曹邦","1","1","2"
"抚曹邦辅歼","1","1","2"
"文华欲攘功","2","0","2"
"进剿陶宅残","1","1","2"
"令副使刘焘","1","1","2"
"犯浙东诸州","1","1","2"
"浙东诸州县","1","1","2"
"毁总督杨宜","1","1","2"
"巡抚阮鹗相","1","1","2"
"遣游击宗礼","1","1","2"
"游击宗礼击","2","0","2"
"崇德三里桥","1","1","2"
"指挥夏正等","1","1","2"
"斩三十余级","2","0","2"
"俞大猷雪夜","1","1","2"
"大猷雪夜焚","1","1","2"
"三十六年正","1","1","2"
"酿东南大祸","1","1","2"
"事中刘尧诲","1","1","2"
"宗宪三大罪","1","1","2"
"尽督东南数","1","1","2"
"督东南数十","1","1","2"
"东南数十府","1","1","2"
"史庞尚鹏奉","1","1","2"
"庞尚鹏奉诏","1","1","2"
"论平汪直功","2","0","2"
"东南士大夫","1","1","2"
"敛富人财物","1","1","2"
"请节制巡抚","1","1","2"
"事中陆凤仪","1","1","2"
"奸欺贪淫十","1","1","2"
"欺贪淫十大","1","1","2"
"贪淫十大罪","1","1","2"
"献秘术十四","1","1","2"
"御史汪汝正","1","1","2"
"劾总督张珩","1","1","2"
"总督张珩等","1","1","2"
"检校董纶率","1","1","2"
"校董纶率民","1","1","2"
"董纶率民兵","1","1","2"
"纶率民兵巷","1","1","2"
"率民兵巷战","1","1","2"
"举人陈闻诗","1","1","2"
"都指挥尚允","1","1","2"
"指挥尚允绍","1","1","2"
"斩六百余人","2","0","2"
"邦辅督副使","1","1","2"
"辅督副使王","1","1","2"
"督副使王崇","1","1","2"
"史胡宗宪会","1","1","2"
"邦辅避难击","1","1","2"
"辅避难击易","1","1","2"
"左都御史召","1","1","2"
"奏督仓主事","1","1","2"
"督仓主事张","1","1","2"
"仓主事张振","1","1","2"
"主事张振选","1","1","2"
"曲庇进士推","1","1","2"
"上所储俸钱","1","1","2"
"遣右评事刘","1","1","2"
"右评事刘叔","1","1","2"
"评事刘叔龙","1","1","2"
"历刑部郎中","2","0","2"
"请都御史王","1","1","2"
"三迁衢州知","1","1","2"
"迁衢州知府","1","1","2"
"佥都御史提","1","1","2"
"御史提督操","1","1","2"
"史提督操江","1","1","2"
"抚凤阳四府","1","1","2"
"遂督参将曹","1","1","2"
"督参将曹克","1","1","2"
"参将曹克新","1","1","2"
"将曹克新等","1","1","2"
"余众保庙湾","1","1","2"
"贼乘夜雨潜","1","1","2"
"斩获三千八","1","1","2"
"获三千八百","1","1","2"
"石折银五钱","1","1","2"
"守备太监何","1","1","2"
"备太监何绶","1","1","2"
"临淮侯李庭","1","1","2"
"淮侯李庭竹","1","1","2"
"捕首恶二十","1","1","2"
"首恶二十五","1","1","2"
"恶二十五人","1","1","2"
"诛叛卒三人","1","1","2"
"江北池河营","1","1","2"
"千户吴钦革","1","1","2"
"奏调镇武军","1","1","2"
"遂博学多智","1","1","2"
"五河县泗水","1","1","2"
"河县泗水中","1","1","2"
"县泗水中涌","1","1","2"
"调兵部主事","1","1","2"
"春坊右司谏","1","1","2"
"职方员外郎","1","1","2"
"总督王忬下","2","0","2"
"督王忬下俱","2","0","2"
"急令总兵官","1","1","2"
"令总兵官卢","1","1","2"
"率副总兵刘","1","1","2"
"阳巡抚李遂","1","1","2"
"嗣世职金吾","2","0","2"
"金吾左卫指","1","1","2"
"吾左卫指挥","1","1","2"
"三年进都督","2","0","2"
"年进都督佥","2","0","2"
"指挥康雄讨","1","1","2"
"挥康雄讨平","1","1","2"
"结诸部邀赏","1","1","2"
"杀巡抚张文","2","0","2"
"寄禄南京后","1","1","2"
"禄南京后府","1","1","2"
"巡按御史丘","1","1","2"
"按御史丘养","1","1","2"
"陆完久死炎","1","1","2"
"完久死炎瘴","1","1","2"
"顺天巡抚刘","1","1","2"
"天巡抚刘泽","1","1","2"
"永杜门读书","1","1","2"
"尚书郑晓称","1","1","2"
"叛贼丁广等","1","1","2"
"关内回贼四","1","1","2"
"劾中贵廖堂","1","1","2"
"充甘肃游击","2","0","2"
"解鞍背崖力","1","1","2"
"鞍背崖力战","1","1","2"
"力士持长竿","1","1","2"
"士持长竿铁","1","1","2"
"持长竿铁钩","1","1","2"
"巡抚杨志学","1","1","2"
"尚文转战三","1","1","2"
"文转战三百","1","1","2"
"转战三百里","1","1","2"
"巡按张光祖","1","1","2"
"东官厅听征","1","1","2"
"官厅听征总","1","1","2"
"厅听征总兵","1","1","2"
"听征总兵官","1","1","2"
"官后府都事","2","0","2"
"御史王三聘","1","1","2"
"尚文战黑山","2","0","2"
"山西丫角山","1","1","2"
"叛人充灼召","1","1","2"
"人充灼召小","1","1","2"
"充灼召小王","1","1","2"
"灼召小王子","1","1","2"
"巡抚詹荣规","1","1","2"
"诱指挥顾相","1","1","2"
"尚文急督副","1","1","2"
"文急督副总","1","1","2"
"急督副总兵","1","1","2"
"督副总兵林","1","1","2"
"俺答数万骑","1","1","2"
"万骑犯宣府","2","0","2"
"事中沈束言","1","1","2"
"超迁都督佥","2","0","2"
"蛮十万骑薄","2","0","2"
"十万骑薄界","2","0","2"
"万骑薄界岭","2","0","2"
"骑薄界岭口","2","0","2"
"获骁骑猛克","1","1","2"
"骁骑猛克兔","1","1","2"
"骑猛克兔等","1","1","2"
"猛克兔等六","1","1","2"
"克兔等六人","1","1","2"
"贬都督佥事","2","0","2"
"令专护京师","1","1","2"
"故总兵刘汉","1","1","2"
"四十五年七","1","1","2"
"率参将刘潭","1","1","2"
"参将刘潭等","1","1","2"
"独石塞外二","1","1","2"
"石塞外二百","1","1","2"
"令总兵官赵","1","1","2"
"兵官赵岢扼","1","1","2"
"相拒十余日","2","0","2"
"战威宁海子","1","1","2"
"阅视侍郎吴","1","1","2"
"视侍郎吴百","1","1","2"
"侍郎吴百朋","1","1","2"
"佥书前军都","1","1","2"
"书前军都督","1","1","2"
"顺义王要赏","1","1","2"
"部长数十人","1","1","2"
"威名震边陲","1","1","2"
"副将田世威","1","1","2"
"年擢署都督","2","0","2"
"澄监北关军","1","1","2"
"尚间崖结营","1","1","2"
"副将麻岩战","1","1","2"
"将麻岩战死","1","1","2"
"事潘宗颜等","1","1","2"
"潘宗颜等一","1","1","2"
"宗颜等一军","1","1","2"
"时蒙古宰赛","1","1","2"
"守备何懋官","1","1","2"
"备何懋官等","1","1","2"
"王三善大方","2","0","2"
"巡抚袁崇焕","1","1","2"
"抚袁崇焕更","1","1","2"
"守备骆举率","1","1","2"
"备骆举率兵","1","1","2"
"骆举率兵入","1","1","2"
"督朱大典命","1","1","2"
"游击张士仪","1","1","2"
"击张士仪等","1","1","2"
"督三协副将","1","1","2"
"三协副将王","1","1","2"
"协副将王世","1","1","2"
"督师孙传庭","1","1","2"
"师孙传庭檄","1","1","2"
"孙传庭檄召","1","1","2"
"抚林日瑞竭","1","1","2"
"中军哈维新","1","1","2"
"沔阳州同知","1","1","2"
"斩叛贼谢文","1","1","2"
"叛贼谢文礼","1","1","2"
"部土舍陇政","1","1","2"
"土妇支禄等","1","1","2"
"黑虎五砦番","1","1","2"
"副使朱纨筑","1","1","2"
"使朱纨筑茂","1","1","2"
"朱纨筑茂州","1","1","2"
"纨筑茂州外","1","1","2"
"筑茂州外城","1","1","2"
"巡抚潘鉴等","1","1","2"
"命都指挥使","2","0","2"
"副总兵李爵","1","1","2"
"巡抚丘养浩","1","1","2"
"事中许天伦","1","1","2"
"令巡按冉崇","1","1","2"
"巡按冉崇礼","1","1","2"
"东官厅军马","1","1","2"
"松潘十七年","1","1","2"
"兵部尚书路","1","1","2"
"部尚书路迎","1","1","2"
"龙安夹道筑","1","1","2"
"安夹道筑墙","1","1","2"
"夹道筑墙数","1","1","2"
"道筑墙数百","1","1","2"
"筑墙数百里","1","1","2"
"镇二十四年","1","1","2"
"奉议卫指挥","1","1","2"
"议卫指挥使","1","1","2"
"小舰载劲卒","1","1","2"
"讨田州岑猛","1","1","2"
"分兵五哨进","1","1","2"
"参将张经代","1","1","2"
"将张经代守","1","1","2"
"右江柳庆参","1","1","2"
"江柳庆参将","1","1","2"
"贼耳目遍官","1","1","2"
"耳目遍官府","1","1","2"
"令一人挟旗","1","1","2"
"邻贼三层巢","1","1","2"
"希仪尽俘三","1","1","2"
"仪尽俘三层","1","1","2"
"尽俘三层巢","1","1","2"
"思恩土官岑","1","1","2"
"酋二人韦贵","1","1","2"
"党千余人诣","2","0","2"
"总督张经大","1","1","2"
"督张经大破","1","1","2"
"张经大破断","1","1","2"
"经大破断藤","1","1","2"
"大破断藤峡","1","1","2"
"四川左参将","1","1","2"
"议设督捕总","1","1","2"
"设督捕总兵","1","1","2"
"督捕总兵官","1","1","2"
"希仪署都督","1","1","2"
"仪署都督佥","1","1","2"
"广东副总兵","1","1","2"
"总督张岳大","1","1","2"
"督张岳大破","1","1","2"
"张岳大破贺","1","1","2"
"岳大破贺县","1","1","2"
"贺县贼倪仲","2","0","2"
"县贼倪仲亮","2","0","2"
"州五指山熟","1","1","2"
"五指山熟黎","1","1","2"
"直入五指山","1","1","2"
"入五指山下","1","1","2"
"叛苗龙许保","1","1","2"
"执知府李允","2","0","2"
"千户安大朝","1","1","2"
"户安大朝等","1","1","2"
"乌朗土官田","1","1","2"
"朗土官田兴","1","1","2"
"土官田兴邦","1","1","2"
"官田兴邦等","1","1","2"
"代沈希仪镇","1","1","2"
"广西洪江诸","1","1","2"
"西洪江诸苗","1","1","2"
"传檄十八砦","1","1","2"
"州宣慰杨烈","1","1","2"
"宣慰杨烈杀","1","1","2"
"慰杨烈杀长","1","1","2"
"杨烈杀长官","1","1","2"
"烈杀长官王","1","1","2"
"杀长官王黼","1","1","2"
"真州苗卢阿","2","0","2"
"州苗卢阿项","2","0","2"
"邦宪兵七千","2","0","2"
"直抵磨子崖","1","1","2"
"四百七十余","1","1","2"
"破地隆阡叛","1","1","2"
"地隆阡叛苗","1","1","2"
"隆阡叛苗四","1","1","2"
"阡叛苗四砦","1","1","2"
"破答千诸砦","1","1","2"
"石耶洞土官","1","1","2"
"攻破平南营","1","1","2"
"破平南营囤","1","1","2"
"湖广溆浦瑶","1","1","2"
"总督石勇檄","1","1","2"
"守备安大朝","1","1","2"
"备安大朝进","1","1","2"
"安大朝进剿","1","1","2"
"招降冷水溪","1","1","2"
"降冷水溪诸","1","1","2"
"冷水溪诸洞","1","1","2"
"水溪诸洞苗","1","1","2"
"溪诸洞苗二","1","1","2"
"诸洞苗二十","1","1","2"
"洞苗二十八","1","1","2"
"副长官土舍","1","1","2"
"长官土舍韩","1","1","2"
"官土舍韩甸","1","1","2"
"土舍张问相","1","1","2"
"百户魏国相","1","1","2"
"户魏国相等","1","1","2"
"巡抚吴维岳","1","1","2"
"抚吴维岳招","1","1","2"
"吴维岳招降","1","1","2"
"维岳招降平","1","1","2"
"岳招降平州","1","1","2"
"招降平州叛","1","1","2"
"降平州叛酋","1","1","2"
"平州叛酋杨","1","1","2"
"州叛酋杨珂","1","1","2"
"剿平龙里卫","1","1","2"
"西宣慰安国","1","1","2"
"慰安国亨恃","1","1","2"
"安国亨恃众","1","1","2"
"国亨恃众跋","1","1","2"
"亨恃众跋扈","1","1","2"
"国亨叩头谢","1","1","2"
"白泥土官杨","1","1","2"
"迁肃州兵备","1","1","2"
"密都督写虎","2","0","2"
"彭公受天子","1","1","2"
"遣斩巴思等","1","1","2"
"进陕西按察","2","0","2"
"肃总兵官李","1","1","2"
"番贼敢入犯","1","1","2"
"番人勾连接","1","1","2"
"杨一清颇采","1","1","2"
"都指挥王辅","1","1","2"
"尚书桂萼等","1","1","2"
"一旦拥兵深","1","1","2"
"旦拥兵深入","1","1","2"
"远交瓦刺扰","1","1","2"
"勇知兵忘身","1","1","2"
"知兵忘身殉","1","1","2"
"兵忘身殉国","1","1","2"
"野鸡台二十","1","1","2"
"鸡台二十余","1","1","2"
"台二十余墩","1","1","2"
"二十余墩孤","1","1","2"
"十余墩孤悬","1","1","2"
"余墩孤悬塞","1","1","2"
"墩孤悬塞外","1","1","2"
"劾总兵官赵","1","1","2"
"总兵官赵瑛","1","1","2"
"兵官赵瑛失","1","1","2"
"官赵瑛失事","1","1","2"
"大总督樊继","1","1","2"
"辽客兵八支","1","1","2"
"修边墙三百","1","1","2"
"边墙三百九","1","1","2"
"墙三百九十","1","1","2"
"二百九十二","1","1","2"
"护墩堡一十","1","1","2"
"墩堡一十四","1","1","2"
"营舍一千五","1","1","2"
"舍一千五百","1","1","2"
"一千五百间","1","1","2"
"万四千九百","1","1","2"
"选战士六千","1","1","2"
"令总督武臣","1","1","2"
"总督武臣张","1","1","2"
"督武臣张凤","1","1","2"
"武臣张凤随","1","1","2"
"臣张凤随机","1","1","2"
"张凤随机策","1","1","2"
"凤随机策应","1","1","2"
"先取死罪状","1","1","2"
"取死罪状奏","1","1","2"
"死罪状奏请","1","1","2"
"遣千户火力","1","1","2"
"千户火力赤","1","1","2"
"户火力赤率","1","1","2"
"火力赤率兵","1","1","2"
"力赤率兵三","1","1","2"
"赤率兵三百","1","1","2"
"击斩二十三","1","1","2"
"将士敢深入","1","1","2"
"夏秋间分驻","2","0","2"
"秋间分驻边","2","0","2"
"间分驻边堡","2","0","2"
"入秋悉令赴","2","0","2"
"总兵官郤永","2","0","2"
"巡抚朱方请","1","1","2"
"诸路防秋兵","1","1","2"
"万全右卫毁","1","1","2"
"全右卫毁墙","1","1","2"
"右卫毁墙入","1","1","2"
"御史杨本深","1","1","2"
"兵科戴梦桂","1","1","2"
"科戴梦桂继","1","1","2"
"左侍郎张汉","1","1","2"
"侍郎张汉代","1","1","2"
"告钞关主事","1","1","2"
"改国子助教","2","0","2"
"代杨守谦巡","1","1","2"
"杨守谦巡抚","1","1","2"
"守谦巡抚山","1","1","2"
"督都御史翁","1","1","2"
"都御史翁万","1","1","2"
"御史翁万达","1","1","2"
"山西内边兵","1","1","2"
"守大同外边","1","1","2"
"右卫双沟墩","1","1","2"
"将士远离堡","1","1","2"
"士远离堡戍","1","1","2"
"遂逮下诏狱","2","0","2"
"指挥刘雄父","1","1","2"
"挥刘雄父子","1","1","2"
"遣侍郎林庭","1","1","2"
"林庭〈木昂","2","0","2"
"等数十人同","1","1","2"
"筑临清外城","1","1","2"
"铣率兵数千","1","1","2"
"率兵数千驻","1","1","2"
"遣前参将李","1","1","2"
"前参将李珍","1","1","2"
"参将李珍捣","1","1","2"
"万世社稷所","1","1","2"
"黄甫川一千","1","1","2"
"甫川一千五","1","1","2"
"川一千五百","1","1","2"
"令诸镇文武","1","1","2"
"诸镇文武将","1","1","2"
"镇文武将吏","1","1","2"
"文武将吏协","1","1","2"
"武将吏协议","1","1","2"
"上方略十八","1","1","2"
"方略十八事","1","1","2"
"事中齐誉等","1","1","2"
"誉党奸避事","1","1","2"
"拟边帅失陷","1","1","2"
"边帅失陷城","1","1","2"
"铣交结近侍","2","0","2"
"入左副都御","2","0","2"
"学士严嵩窃","1","1","2"
"调辽东一军","1","1","2"
"兵官仇鸾知","1","1","2"
"天巡抚王汝","1","1","2"
"巡抚王汝孝","1","1","2"
"抚王汝孝驻","1","1","2"
"循潮河川南","2","0","2"
"河川南下古","2","0","2"
"川南下古北","2","0","2"
"南下古北口","2","0","2"
"总兵官罗希","1","1","2"
"兵官罗希韩","1","1","2"
"文臣知兵者","2","0","2"
"大臣二人经","1","1","2"
"臣二人经略","1","1","2"
"二人经略通","1","1","2"
"人经略通州","1","1","2"
"内外提督大","1","1","2"
"外提督大臣","1","1","2"
"提督大臣家","1","1","2"
"四方应武举","1","1","2"
"游击张腾等","1","1","2"
"副将朱楫等","1","1","2"
"禁军入营十","1","1","2"
"军入营十王","1","1","2"
"入营十王府","1","1","2"
"都城三十里","1","1","2"
"前锋七百骑","1","1","2"
"安定门外教","1","1","2"
"定门外教场","1","1","2"
"尚书李士翱","1","1","2"
"俱戴罪办事","2","0","2"
"刑科张侃等","1","1","2"
"职方郎王尚","1","1","2"
"方郎王尚学","1","1","2"
"俱减死戍边","2","0","2"
"累官刑部尚","1","1","2"
"官刑部尚书","1","1","2"
"老营堡二所","1","1","2"
"荐副使张镐","1","1","2"
"白金三十两","1","1","2"
"营崇文门外","1","1","2"
"副总兵朱楫","1","1","2"
"掠枯柳诸村","1","1","2"
"京城二十里","1","1","2"
"营东直门外","1","1","2"
"仇鸾调度京","1","1","2"
"鸾调度京城","1","1","2"
"诸将高秉元","1","1","2"
"帝鸾大将军","2","0","2"
"提督内外诸","1","1","2"
"督内外诸军","1","1","2"
"内外诸军事","1","1","2"
"东直门观望","1","1","2"
"诸将离城远","1","1","2"
"口实蔽圣聪","1","1","2"
"皇天后土知","1","1","2"
"武宗居青宫","1","1","2"
"御史王仪守","1","1","2"
"御史姜廷颐","1","1","2"
"易州守御大","1","1","2"
"州守御大臣","1","1","2"
"忬提督军务","1","1","2"
"上方略十二","1","1","2"
"方略十二事","1","1","2"
"任参将俞大","1","1","2"
"连巨舰百余","1","1","2"
"滨海数千里","2","0","2"
"船五十余艘","1","1","2"
"御史赵炳然","1","1","2"
"遣尚书张经","1","1","2"
"张经总督诸","1","1","2"
"经总督诸军","1","1","2"
"加兵部右侍","2","0","2"
"蓟辽总督杨","2","0","2"
"辽总督杨博","1","1","2"
"寻进右都御","2","0","2"
"深入广宁诸","1","1","2"
"入广宁诸处","1","1","2"
"殷尚质等战","2","0","2"
"流河口边墙","1","1","2"
"副总兵王重","1","1","2"
"总兵王重禄","1","1","2"
"御史周斯盛","1","1","2"
"镇入卫兵听","1","1","2"
"奈何听调发","1","1","2"
"令蓟镇练兵","1","1","2"
"遣郎中唐顺","1","1","2"
"诸将袁正等","1","1","2"
"仇鸾选边兵","1","1","2"
"鸾选边兵十","1","1","2"
"选边兵十八","1","1","2"
"边兵十八支","1","1","2"
"兵十八支护","1","1","2"
"始尽调边兵","1","1","2"
"辛爱数部屯","1","1","2"
"中军游击张","1","1","2"
"军游击张伦","1","1","2"
"游击张伦下","1","1","2"
"击张伦下诏","1","1","2"
"张伦下诏狱","1","1","2"
"世贞弟世懋","2","0","2"
"迁易州兵备","1","1","2"
"易州兵备副","1","1","2"
"兵官张承勋","1","1","2"
"官张承勋解","1","1","2"
"辽副都御史","1","1","2"
"封疆极弊十","1","1","2"
"疆极弊十五","1","1","2"
"极弊十五事","1","1","2"
"古北口守将","1","1","2"
"部长通汉叩","1","1","2"
"长通汉叩关","1","1","2"
"通汉叩关索","1","1","2"
"副总兵胡镇","1","1","2"
"巡抚徐绅等","1","1","2"
"遣副将胡镇","1","1","2"
"副将胡镇偕","1","1","2"
"游击严瞻等","1","1","2"
"通汉父子实","1","1","2"
"锦衣朱希孝","1","1","2"
"陛下修己亲","1","1","2"
"下修己亲贤","1","1","2"
"杜渐保终四","1","1","2"
"渐保终四事","1","1","2"
"年五月日精","1","1","2"
"五月日精门","1","1","2"
"督三千营广","1","1","2"
"三千营广宁","1","1","2"
"千营广宁伯","1","1","2"
"营广宁伯刘","1","1","2"
"广宁伯刘佶","1","1","2"
"将练兵足食","1","1","2"
"付内阁拟进","1","1","2"
"陛下享祀未","1","1","2"
"下享祀未格","1","1","2"
"陛下纲纪废","1","1","2"
"下纲纪废弛","1","1","2"
"陛下勤修庶","1","1","2"
"下勤修庶政","1","1","2"
"奸人何渊请","1","1","2"
"乱天下大分","1","1","2"
"璁贪佞险躁","1","1","2"
"同官解一贯","1","1","2"
"官解一贯等","1","1","2"
"投匿名书御","1","1","2"
"户王邦奇借","1","1","2"
"王邦奇借哈","1","1","2"
"邦奇借哈密","1","1","2"
"握边军四万","1","1","2"
"镇远侯顾仕","1","1","2"
"远侯顾仕隆","1","1","2"
"侯顾仕隆等","1","1","2"
"史程启充请","1","1","2"
"官湖广参议","1","1","2"
"督学王廷相","1","1","2"
"帝喜怒失中","1","1","2"
"定侯郭勋奸","1","1","2"
"太常卿陈道","1","1","2"
"常卿陈道瀛","1","1","2"
"命左右大臣","1","1","2"
"下诏狱拷讯","2","0","2"
"内阁大臣率","1","1","2"
"阁大臣率务","1","1","2"
"同年生程文","1","1","2"
"年生程文德","1","1","2"
"候补判官黄","1","1","2"
"补判官黄直","1","1","2"
"判官黄直救","1","1","2"
"参将叶宗等","1","1","2"
"巡抚樊继祖","1","1","2"
"营造两宫山","1","1","2"
"造两宫山陵","1","1","2"
"南京御史改","1","1","2"
"嵩矫饰浮词","1","1","2"
"武庙盘游佚","1","1","2"
"庙盘游佚乐","1","1","2"
"瓒形貌魁梧","1","1","2"
"天下翕然称","2","0","2"
"定侯郭勋陈","1","1","2"
"许内臣劾奏","1","1","2"
"事中朱隆禧","1","1","2"
"总兵官李凤","1","1","2"
"兵官李凤鸣","1","1","2"
"总兵官郭琮","1","1","2"
"议设总兵官","2","0","2"
"阁臣拟旨取","1","1","2"
"臣拟旨取裁","1","1","2"
"嵩窥伺逢迎","1","1","2"
"锦欺天谤君","1","1","2"
"隆庆元年右","2","0","2"
"破擒叛苗龙","1","1","2"
"迁南京右都","2","0","2"
"张居正遭丧","1","1","2"
"工部尚书费","1","1","2"
"部尚书费三","1","1","2"
"锦摘陈御史","1","1","2"
"摘陈御史封","1","1","2"
"陈御史封事","1","1","2"
"御史周希旦","1","1","2"
"笃信王守仁","1","1","2"
"信王守仁学","1","1","2"
"刑部主事项","1","1","2"
"部主事项治","1","1","2"
"主事项治元","1","1","2"
"举人潘鸿业","1","1","2"
"二千二百金","1","1","2"
"子锦衣严鹄","1","1","2"
"广置良田美","1","1","2"
"置良田美宅","1","1","2"
"豪仆严冬主","1","1","2"
"内外百司莫","1","1","2"
"嵩溺爱恶子","1","1","2"
"嵩父子弄权","1","1","2"
"副都御史总","2","0","2"
"镇守云南黔","1","1","2"
"守云南黔国","1","1","2"
"云南黔国公","1","1","2"
"南黔国公沐","1","1","2"
"公沐朝弼骄","1","1","2"
"东厂太监冯","1","1","2"
"厂太监冯保","1","1","2"
"太监冯保传","1","1","2"
"监冯保传呼","1","1","2"
"部将杨守廉","1","1","2"
"事中裴应章","1","1","2"
"按御史郭廷","1","1","2"
"御史郭廷梧","1","1","2"
"陕西巡抚王","1","1","2"
"西巡抚王璇","1","1","2"
"严世蕃置酒","1","1","2"
"世蕃置酒召","1","1","2"
"严侍郎谢君","1","1","2"
"祭酒沈坤擅","1","1","2"
"史鄢懋卿五","1","1","2"
"四十三年冬","1","1","2"
"润按视江防","1","1","2"
"臣巡视上江","1","1","2"
"备访江洋群","1","1","2"
"访江洋群盗","1","1","2"
"京通政司参","1","1","2"
"历太常寺少","1","1","2"
"御史巡抚应","2","0","2"
"史巡抚应天","2","0","2"
"遮道四十里","1","1","2"
"时倭人争贡","1","1","2"
"倭人争贡误","1","1","2"
"人争贡误伤","1","1","2"
"争贡误伤居","1","1","2"
"贡误伤居民","1","1","2"
"典门户奉宿","1","1","2"
"门户奉宿卫","1","1","2"
"议追尊献皇","1","1","2"
"追尊献皇帝","1","1","2"
"视江西学政","1","1","2"
"陛下贵天子","2","0","2"
"亲临战阵勘","1","1","2"
"临战阵勘定","1","1","2"
"战阵勘定祸","1","1","2"
"阵勘定祸乱","1","1","2"
"佥事韩邦奇","1","1","2"
"御史袁宗儒","1","1","2"
"宗庙社稷百","1","1","2"
"庙社稷百官","1","1","2"
"社稷百官万","1","1","2"
"稷百官万姓","1","1","2"
"百官万姓寄","1","1","2"
"御史李润等","1","1","2"
"中官马永成","1","1","2"
"官马永成死","1","1","2"
"恐天下闻解","2","0","2"
"天下闻解体","2","0","2"
"史杨秉中等","1","1","2"
"诸曹郎黄巩","1","1","2"
"曹郎黄巩等","1","1","2"
"泰兵部尚书","2","0","2"
"饥民采蓬子","1","1","2"
"巡抚胡东皋","1","1","2"
"议加兴献帝","1","1","2"
"科臣许复礼","1","1","2"
"公卿大夫参","1","1","2"
"卿大夫参议","1","1","2"
"二三近习私","1","1","2"
"三近习私人","1","1","2"
"近习私人共","1","1","2"
"人共理天下","2","0","2"
"同官赵汉等","1","1","2"
"庶吉士许成","1","1","2"
"吉士许成名","1","1","2"
"士许成名等","1","1","2"
"讨平梅花峒","1","1","2"
"士大夫寡廉","1","1","2"
"大夫寡廉鲜","1","1","2"
"夫寡廉鲜耻","1","1","2"
"重富贵薄名","1","1","2"
"富贵薄名检","1","1","2"
"甚者侯伯专","1","1","2"
"使庙堂号令","1","1","2"
"赖陛下绍统","2","0","2"
"天下第一流","1","1","2"
"前大学士杨","1","1","2"
"天下所共知","2","0","2"
"辅弼第一人","2","0","2"
"副使胡东皋","1","1","2"
"参政耿随卿","1","1","2"
"巡抚胡尧臣","1","1","2"
"署名校尉籍","1","1","2"
"名校尉籍中","1","1","2"
"大兴知县高","1","1","2"
"兴知县高世","1","1","2"
"知县高世儒","1","1","2"
"县高世儒奉","1","1","2"
"高世儒奉诏","1","1","2"
"世儒奉诏核","1","1","2"
"按籍召行户","1","1","2"
"禁军子弟家","1","1","2"
"军子弟家人","1","1","2"
"子弟家人倚","1","1","2"
"黜新郑知县","1","1","2"
"御史饶位交","1","1","2"
"史饶位交章","1","1","2"
"御史顾云程","1","1","2"
"户部侍郎秦","1","1","2"
"部侍郎秦金","1","1","2"
"侍郎秦金等","1","1","2"
"中官黄锦诬","1","1","2"
"高唐判官金","1","1","2"
"唐判官金坡","1","1","2"
"祖宗内设法","1","1","2"
"宗内设法司","1","1","2"
"年刑清政平","1","1","2"
"辈蛊惑圣聪","1","1","2"
"致天下汹汹","1","1","2"
"事中许复礼","1","1","2"
"中许复礼等","1","1","2"
"妖贼李福达","1","1","2"
"贼李福达狱","2","0","2"
"初坐妖贼王","1","1","2"
"坐妖贼王良","1","1","2"
"愚民邵进禄","1","1","2"
"民邵进禄等","1","1","2"
"原卫指挥使","1","1","2"
"章下都察院","2","0","2"
"御史聂贤等","1","1","2"
"臣内外交结","1","1","2"
"官布政使李","1","1","2"
"布政使李璋","1","1","2"
"按察使李珏","1","1","2"
"璋巡抚宁夏","1","1","2"
"珏巡抚甘肃","1","1","2"
"方献夫分署","1","1","2"
"献夫分署三","1","1","2"
"夫分署三法","1","1","2"
"分署三法司","1","1","2"
"署三法司事","1","1","2"
"都御史刘文","1","1","2"
"御史刘文庄","1","1","2"
"少卿徐文华","1","1","2"
"都御史张仲","1","1","2"
"御史张仲贤","1","1","2"
"工部侍郎闵","1","1","2"
"部侍郎闵楷","1","1","2"
"郎中司马相","1","1","2"
"太仆卿汪元","1","1","2"
"仆卿汪元锡","1","1","2"
"光禄少卿余","1","1","2"
"禄少卿余才","1","1","2"
"少卿余才偶","1","1","2"
"前山西副使","1","1","2"
"山西副使迁","1","1","2"
"西副使迁大","1","1","2"
"副使迁大理","1","1","2"
"使迁大理少","1","1","2"
"佥都御史毛","1","1","2"
"副使周宣等","1","1","2"
"戍广西南丹","1","1","2"
"祖宗制律具","1","1","2"
"嘉靖六年九","1","1","2"
"靖六年九月","1","1","2"
"子弟家人滥","1","1","2"
"弟家人滥冒","1","1","2"
"家人滥冒军","1","1","2"
"人滥冒军功","1","1","2"
"甚者杀平民","1","1","2"
"都督马昂进","1","1","2"
"腾骧四卫军","1","1","2"
"骧四卫军改","1","1","2"
"仓储八十七","1","1","2"
"储八十七万","1","1","2"
"宁宫小房火","2","0","2"
"伏望陛下仰","1","1","2"
"望陛下仰畏","1","1","2"
"陛下仰畏天","1","1","2"
"下仰畏天明","1","1","2"
"事中汪应轸","1","1","2"
"知县章立梅","1","1","2"
"遣中官督南","1","1","2"
"中官督南京","1","1","2"
"官督南京织","1","1","2"
"督南京织造","1","1","2"
"启充偕同官","1","1","2"
"科臣张嵩等","1","1","2"
"论大学士杨","1","1","2"
"东厂理刑千","1","1","2"
"厂理刑千户","1","1","2"
"理刑千户陶","1","1","2"
"刑千户陶淳","1","1","2"
"千户陶淳曲","1","1","2"
"御史李东等","1","1","2"
"劾刑部侍郎","1","1","2"
"刑部侍郎孟","1","1","2"
"部侍郎孟凤","1","1","2"
"数倍天顺时","2","0","2"
"坤宁二宫暂","1","1","2"
"闭玉门关谢","1","1","2"
"边臣量行赏","1","1","2"
"都督鲁纲督","1","1","2"
"督鲁纲督师","1","1","2"
"鲁纲督师讨","1","1","2"
"讨大同叛卒","2","0","2"
"时诸臣进言","1","1","2"
"诸臣进言多","1","1","2"
"举三边总督","1","1","2"
"尚书罗钦顺","1","1","2"
"请告祭酒鲁","1","1","2"
"告祭酒鲁铎","1","1","2"
"使指挥王琬","1","1","2"
"指挥王琬等","1","1","2"
"窦宪改沁水","1","1","2"
"宪改沁水园","1","1","2"
"勋谋夺朝廷","1","1","2"
"李铁汉十月","1","1","2"
"铁汉十月下","1","1","2"
"汉十月下旬","1","1","2"
"见五台县张","1","1","2"
"五台县张子","1","1","2"
"台县张子真","1","1","2"
"县张子真户","1","1","2"
"张子真户内","1","1","2"
"子真户内实","1","1","2"
"见崞县左厢","1","1","2"
"嘉靖元年黄","1","1","2"
"靖元年黄册","1","1","2"
"左厢都追察","1","1","2"
"录先朝建言","1","1","2"
"先朝建言诸","1","1","2"
"朝建言诸臣","1","1","2"
"同官谏南巡","2","0","2"
"事中潮阳陈","1","1","2"
"知县宋元翰","1","1","2"
"文选郎夏良","1","1","2"
"选郎夏良胜","1","1","2"
"前御史曹嘉","1","1","2"
"劾大学士费","1","1","2"
"侍郎吴一鹏","1","1","2"
"事中郑一鹏","1","1","2"
"荐廖纪等十","1","1","2"
"廖纪等十五","1","1","2"
"纪等十五人","1","1","2"
"尚书杨旦等","1","1","2"
"御史朱衣等","1","1","2"
"御史张日韬","1","1","2"
"都御史王时","1","1","2"
"史王时中请","1","1","2"
"锦衣千户李","1","1","2"
"衣千户李经","1","1","2"
"百七十二条","1","1","2"
"迁吉安知府","1","1","2"
"廷臣马录等","1","1","2"
"令按察使张","1","1","2"
"辜二十六人","1","1","2"
"刑部尚书许","1","1","2"
"明堂大享礼","1","1","2"
"堂大享礼成","1","1","2"
"大臣造膝陈","1","1","2"
"臣造膝陈谋","1","1","2"
"陛下锐意图","1","1","2"
"下锐意图治","1","1","2"
"仁宗弘文阁","1","1","2"
"州县教职过","1","1","2"
"县教职过轻","1","1","2"
"王官终身禁","1","1","2"
"官终身禁锢","1","1","2"
"汰冗官诸事","1","1","2"
"御史郗元洪","1","1","2"
"史郗元洪清","1","1","2"
"御马太监阎","1","1","2"
"马太监阎洪","1","1","2"
"同官刘希简","1","1","2"
"官刘希简争","1","1","2"
"帝犹温旨慰","2","0","2"
"小臣赞大礼","1","1","2"
"萼受尚书王","1","1","2"
"受尚书王琼","1","1","2"
"昌化伯邵杰","1","1","2"
"使奴隶小人","1","1","2"
"奴隶小人滥","1","1","2"
"隶小人滥袭","1","1","2"
"小人滥袭伯","1","1","2"
"人滥袭伯爵","1","1","2"
"医官李梦鹤","1","1","2"
"官李梦鹤假","1","1","2"
"李梦鹤假托","1","1","2"
"梦鹤假托进","1","1","2"
"鹤假托进书","1","1","2"
"萼家人吴周","2","0","2"
"乡人周时望","1","1","2"
"都御史李圭","2","0","2"
"按察使一转","1","1","2"
"察使一转径","1","1","2"
"使一转径入","1","1","2"
"一转径入内","1","1","2"
"转径入内台","1","1","2"
"太仆少卿夏","1","1","2"
"仆少卿夏尚","1","1","2"
"少卿夏尚朴","1","1","2"
"知府期月遂","1","1","2"
"礼部员外张","1","1","2"
"尚书李时柔","1","1","2"
"部尚书黄绾","1","1","2"
"尚书黄绾曲","1","1","2"
"书黄绾曲学","1","1","2"
"黄绾曲学阿","1","1","2"
"绾曲学阿世","1","1","2"
"詹事霍韬力","2","0","2"
"贵州都镇驿","1","1","2"
"州都镇驿丞","1","1","2"
"迁永新知县","1","1","2"
"天下事大坏","1","1","2"
"二十七世妇","1","1","2"
"八十一御妻","1","1","2"
"内监张佐等","1","1","2"
"奉先殿东夹","1","1","2"
"先殿东夹室","1","1","2"
"学士严嵩等","1","1","2"
"士严嵩等请","1","1","2"
"臣下所敢言","1","1","2"
"后正位中宫","1","1","2"
"会廷臣上言","2","0","2"
"皇上五世祖","1","1","2"
"孝烈皇后太","2","0","2"
"烈皇后太庙","2","0","2"
"孝烈端顺敏","1","1","2"
"烈端顺敏惠","1","1","2"
"端顺敏惠恭","1","1","2"
"顺敏惠恭诚","1","1","2"
"敏惠恭诚祗","1","1","2"
"惠恭诚祗天","1","1","2"
"恭诚祗天卫","1","1","2"
"诚祗天卫圣","1","1","2"
"祗天卫圣皇","1","1","2"
"天卫圣皇后","1","1","2"
"孝定李太后","1","1","2"
"生母称太后","1","1","2"
"草罪己御札","1","1","2"
"先生亲受先","1","1","2"
"生亲受先帝","1","1","2"
"同仁圣太后","1","1","2"
"孝定贞纯钦","1","1","2"
"定贞纯钦仁","1","1","2"
"贞纯钦仁端","1","1","2"
"纯钦仁端肃","1","1","2"
"钦仁端肃弼","1","1","2"
"仁端肃弼天","1","1","2"
"端肃弼天祚","1","1","2"
"肃弼天祚圣","1","1","2"
"弼天祚圣皇","1","1","2"
"天祚圣皇太","1","1","2"
"祚圣皇太后","1","1","2"
"委任张居正","1","1","2"
"中姜应麟等","1","1","2"
"史曹学程建","2","0","2"
"曹学程建言","2","0","2"
"者六千余人","2","0","2"
"广信卫指挥","1","1","2"
"信卫指挥使","1","1","2"
"同佥元帅等","1","1","2"
"佥元帅等六","1","1","2"
"元帅等六百","1","1","2"
"帅等六百余","1","1","2"
"等六百余人","1","1","2"
"迁浙江行省","2","0","2"
"马步舟师数","1","1","2"
"步舟师数万","1","1","2"
"下仙居诸县","1","1","2"
"方明善拒战","1","1","2"
"廖永忠海道","2","0","2"
"元尚书普贤","1","1","2"
"尚书普贤帖","1","1","2"
"书普贤帖木","1","1","2"
"太子帅百官","2","0","2"
"子帅百官迎","2","0","2"
"帅百官迎劳","2","0","2"
"百官迎劳龙","2","0","2"
"同李善长督","1","1","2"
"子府军卫指","1","1","2"
"祖胡惟庸党","2","0","2"
"左翼大元帅","1","1","2"
"元平章阿思","1","1","2"
"章阿思兰周","2","0","2"
"阿思兰周文","2","0","2"
"思兰周文贵","2","0","2"
"慈利土酋覃","1","1","2"
"德兴征南将","2","0","2"
"兴征南将军","2","0","2"
"征西左将军","1","1","2"
"傅友德克阶","2","0","2"
"安田诸州蛮","1","1","2"
"理福建军务","2","0","2"
"通塔平诸洞","1","1","2"
"塔平诸洞作","1","1","2"
"平诸洞作乱","1","1","2"
"思州五开蛮","1","1","2"
"德兴副将军","2","0","2"
"定武昌等十","1","1","2"
"武昌等十五","1","1","2"
"昌等十五卫","1","1","2"
"四万四千八","1","1","2"
"四千八百人","1","1","2"
"增官租四千","1","1","2"
"官租四千三","1","1","2"
"租四千三百","1","1","2"
"四千三百石","1","1","2"
"民兵十万余","1","1","2"
"兵十万余人","1","1","2"
"筑城一十六","2","0","2"
"置巡司四十","1","1","2"
"巡司四十五","1","1","2"
"节制凤阳留","1","1","2"
"制凤阳留守","1","1","2"
"凤阳留守司","1","1","2"
"训练属卫军","1","1","2"
"练属卫军士","1","1","2"
"三台山树栅","1","1","2"
"骁骑右卫亲","1","1","2"
"骑右卫亲军","1","1","2"
"右卫亲军指","1","1","2"
"遇春分兵北","1","1","2"
"春分兵北濠","1","1","2"
"大军征中原","2","0","2"
"沐英征西番","2","0","2"
"土酋段世扼","1","1","2"
"元嗣主脱古","1","1","2"
"嗣主脱古思","1","1","2"
"友德练军山","2","0","2"
"德练军山西","2","0","2"
"国公帖里密","1","1","2"
"公帖里密赤","1","1","2"
"帖里密赤等","1","1","2"
"里密赤等五","1","1","2"
"密赤等五十","1","1","2"
"赤等五十九","1","1","2"
"等五十九人","1","1","2"
"同西平侯沐","1","1","2"
"征南左副将","1","1","2"
"南左副将军","1","1","2"
"擒元平章达","2","0","2"
"将军冯胜征","2","0","2"
"大将军营纳","2","0","2"
"都督耿忠拥","2","0","2"
"督耿忠拥见","2","0","2"
"耿忠拥见胜","2","0","2"
"孙脱古思帖","1","1","2"
"古思帖木嗣","2","0","2"
"师十五万征","2","0","2"
"远侯王弼曰","2","0","2"
"海东北八十","1","1","2"
"东北八十余","1","1","2"
"北八十余里","1","1","2"
"太尉蛮子等","1","1","2"
"追获吴王朵","1","1","2"
"代王达里麻","1","1","2"
"下官属三千","1","1","2"
"官属三千人","1","1","2"
"男女七万七","1","1","2"
"女七万七千","1","1","2"
"七万七千余","1","1","2"
"羊十五万余","1","1","2"
"命督修四川","1","1","2"
"督修四川城","1","1","2"
"修四川城池","1","1","2"
"忠建二宣抚","1","1","2"
"建二宣抚司","1","1","2"
"安抚司散毛","1","1","2"
"抚司散毛诸","1","1","2"
"司散毛诸洞","1","1","2"
"二十四年命","1","1","2"
"庄浪等七卫","1","1","2"
"浪等七卫兵","1","1","2"
"逃寇祁者孙","1","1","2"
"酋哈昝等遁","2","0","2"
"建昌指挥使","1","1","2"
"昌指挥使月","1","1","2"
"指挥使月鲁","1","1","2"
"挥使月鲁帖","1","1","2"
"使月鲁帖木","1","1","2"
"都指挥瞿能","1","1","2"
"指挥瞿能等","1","1","2"
"百户毛海诱","1","1","2"
"衣卫指挥蒋","1","1","2"
"同景川侯曹","1","1","2"
"户部侍郎傅","1","1","2"
"部侍郎傅友","1","1","2"
"侍郎傅友文","1","1","2"
"郎傅友文等","1","1","2"
"四川二都司","1","1","2"
"川二都司所","1","1","2"
"宁侯叶升分","1","1","2"
"永宁宣慰司","1","1","2"
"震泸州按视","2","0","2"
"云南大宁境","1","1","2"
"指挥庄成等","1","1","2"
"佥都督府事","1","1","2"
"七百房山寨","1","1","2"
"天策卫知事","1","1","2"
"策卫知事朱","1","1","2"
"参将傅友德","2","0","2"
"明年论功封","2","0","2"
"讨纳哈余众","2","0","2"
"功授都督佥","2","0","2"
"十四年征云","2","0","2"
"四年征云南","2","0","2"
"东川乌蒙诸","1","1","2"
"川乌蒙诸蛮","1","1","2"
"靖宁诸州邑","1","1","2"
"二十年同靖","1","1","2"
"十年同靖宁","1","1","2"
"年同靖宁侯","1","1","2"
"同靖宁侯叶","1","1","2"
"宁侯叶升征","1","1","2"
"总制云南诸","1","1","2"
"制云南诸军","1","1","2"
"未详何许人","2","0","2"
"下江东郡邑","1","1","2"
"横海卫指挥","1","1","2"
"克苏九畴炭","1","1","2"
"苏九畴炭山","1","1","2"
"九畴炭山寨","1","1","2"
"进山西行省","2","0","2"
"山西行省参","1","1","2"
"擒三副使等","1","1","2"
"进管军千户","2","0","2"
"进指挥佥事","2","0","2"
"同张温追讨","1","1","2"
"张温追讨纳","1","1","2"
"温追讨纳哈","1","1","2"
"龙骧卫正千","1","1","2"
"骧卫正千户","1","1","2"
"调守茶陵卫","1","1","2"
"改建帝王庙","1","1","2"
"赐金帛田宅","1","1","2"
"公侯奢侈逾","1","1","2"
"侯奢侈逾越","1","1","2"
"奢侈逾越禁","1","1","2"
"曹国公景隆","1","1","2"
"永安兄弟偕","1","1","2"
"俞通海等舟","2","0","2"
"通海等舟师","2","0","2"
"海等舟师巢","2","0","2"
"破海牙水栅","1","1","2"
"建康翼统军","1","1","2"
"康翼统军元","1","1","2"
"同佥江南行","1","1","2"
"佥江南行枢","1","1","2"
"江南行枢密","1","1","2"
"南行枢密院","1","1","2"
"舟师同常遇","1","1","2"
"师同常遇春","1","1","2"
"常遇春铜陵","2","0","2"
"降张士诚守","2","0","2"
"张士诚守将","2","0","2"
"遇吴将吕珍","1","1","2"
"遥授行省平","1","1","2"
"授行省平章","1","1","2"
"改封永安郧","1","1","2"
"封永安郧国","1","1","2"
"永安郧国公","1","1","2"
"升指挥佥事","1","1","2"
"马场河等口","1","1","2"
"破海牙诸水","1","1","2"
"海牙诸水寨","1","1","2"
"合淮兵二十","1","1","2"
"淮兵二十万","1","1","2"
"兵二十万屯","1","1","2"
"迁秦淮翼元","2","0","2"
"迁行枢密院","2","0","2"
"迁佥枢密院","2","0","2"
"友谅大举围","1","1","2"
"通海乘风纵","1","1","2"
"海乘风纵火","1","1","2"
"乘风纵火焚","1","1","2"
"遇春射中定","2","0","2"
"春射中定边","2","0","2"
"敌巨舰所压","1","1","2"
"太祖登舵楼","1","1","2"
"赐良田金帛","1","1","2"
"江淮行中书","1","1","2"
"淮行中书省","1","1","2"
"行中书省事","1","1","2"
"将军冯胜等","1","1","2"
"廖永忠伐蜀","1","1","2"
"江南豪民十","1","1","2"
"南豪民十四","1","1","2"
"豪民十四万","1","1","2"
"右翼统军元","1","1","2"
"院判邓愈戍","1","1","2"
"元将杨完者","1","1","2"
"降溪洞兵三","2","0","2"
"洞兵三万人","1","1","2"
"进枢密院判","2","0","2"
"诚将吕珍围","2","0","2"
"珍堰水灌城","1","1","2"
"元将石抹宜","1","1","2"
"将石抹宜孙","1","1","2"
"陈友谅寇龙","2","0","2"
"进江南行省","2","0","2"
"南行省参知","1","1","2"
"太祖克婺州","2","0","2"
"都事王恺请","1","1","2"
"成军瓦梁垒","2","0","2"
"苗帅蒋英等","2","0","2"
"帅蒋英等叛","2","0","2"
"成挥剑连断","1","1","2"
"平兴国翼总","1","1","2"
"兴国翼总管","1","1","2"
"铁长官二寨","1","1","2"
"败蛮子海牙","1","1","2"
"蛮子海牙采","2","0","2"
"子海牙采石","2","0","2"
"破苗军水寨","1","1","2"
"破张士诚水","1","1","2"
"张士诚水寨","1","1","2"
"中翼左副元","1","1","2"
"翼左副元帅","1","1","2"
"龙江第一关","1","1","2"
"铜陵临山寨","1","1","2"
"讨南昌叛将","1","1","2"
"罗友贤池州","2","0","2"
"友谅大举兵","2","0","2"
"谅大举兵围","2","0","2"
"德胜刚直沉","1","1","2"
"胜刚直沉鸷","1","1","2"
"宁国长枪诸","1","1","2"
"国长枪诸军","1","1","2"
"张士诚高邮","2","0","2"
"元帅栾瑞戍","1","1","2"
"安远大将军","1","1","2"
"常遇春麾下","1","1","2"
"武德卫千户","1","1","2"
"常州人陈保","1","1","2"
"州人陈保二","1","1","2"
"人陈保二聚","1","1","2"
"陈保二聚众","1","1","2"
"浙东地气尽","1","1","2"
"东地气尽白","1","1","2"
"收捕诸山寇","1","1","2"
"温州韩虎等","1","1","2"
"进行省参政","2","0","2"
"太祖亲征婺","1","1","2"
"祖亲征婺州","1","1","2"
"兵车数百辆","1","1","2"
"参谋林彬祖","1","1","2"
"镇抚陈中真","1","1","2"
"授左司员外","2","0","2"
"处州苗军叛","1","1","2"
"平章邵荣讨","1","1","2"
"改中书分省","1","1","2"
"浙东行中书","1","1","2"
"东行中书省","1","1","2"
"总制处州军","1","1","2"
"制处州军民","1","1","2"
"处州军民事","1","1","2"
"诸全叛将谢","1","1","2"
"左丞李文忠","1","1","2"
"诚将李伯升","2","0","2"
"李伯升大举","1","1","2"
"周宗道聚众","1","1","2"
"国珍子明善","2","0","2"
"守将张子玉","1","1","2"
"广信指挥朱","1","1","2"
"信指挥朱亮","1","1","2"
"指挥朱亮祖","1","1","2"
"深久任乡郡","1","1","2"
"破瑞昌八阵","1","1","2"
"瑞昌八阵营","1","1","2"
"擢天策卫指","2","0","2"
"策卫指挥使","1","1","2"
"置燕山六卫","1","1","2"
"留兵三万人","1","1","2"
"大都督分府","1","1","2"
"都督分府事","1","1","2"
"北平孙都督","2","0","2"
"通州常遇春","1","1","2"
"州常遇春祠","1","1","2"
"省都督同知","1","1","2"
"都督同知汪","1","1","2"
"督同知汪兴","1","1","2"
"同知汪兴祖","1","1","2"
"燕山侯兴祖","1","1","2"
"山侯兴祖家","1","1","2"
"淮行省参政","1","1","2"
"进行省左丞","2","0","2"
"通州守备单","1","1","2"
"州守备单弱","1","1","2"
"指挥仵勇等","1","1","2"
"克归州山寨","1","1","2"
"容美诸土司","1","1","2"
"白盐山伐木","1","1","2"
"盐山伐木开","1","1","2"
"山伐木开道","1","1","2"
"将军文忠北","1","1","2"
"军文忠北征","1","1","2"
"哈剌章渡河","1","1","2"
"追阿鲁浑河","2","0","2"
"太祖命耿炳","1","1","2"
"祖命耿炳文","1","1","2"
"命耿炳文选","1","1","2"
"陕西都司卫","1","1","2"
"军冯胜北征","1","1","2"
"进赠乐浪公","1","1","2"
"年坐蓝玉党","2","0","2"
"孔子垂教万","1","1","2"
"子垂教万世","1","1","2"
"待罪午门外","2","0","2"
"时丞相胡惟","1","1","2"
"敢排陷大臣","1","1","2"
"特授山西右","1","1","2"
"授山西右布","1","1","2"
"检讨陈性善","1","1","2"
"潭王府长史","1","1","2"
"云南楚雄训","1","1","2"
"南楚雄训导","1","1","2"
"改授陕西平","1","1","2"
"授陕西平凉","1","1","2"
"刑统八韵赋","1","1","2"
"诸王年方壮","1","1","2"
"王年方壮盛","1","1","2"
"历代忠烈诸","1","1","2"
"代忠烈诸臣","1","1","2"
"院颇持大体","1","1","2"
"擢四川按察","2","0","2"
"令守院御史","1","1","2"
"守院御史一","1","1","2"
"院御史一体","1","1","2"
"同官曾秉正","1","1","2"
"官曾秉正先","1","1","2"
"曾秉正先后","1","1","2"
"刑部试郎中","1","1","2"
"都察院佥都","1","1","2"
"察院佥都御","1","1","2"
"院佥都御史","1","1","2"
"擢户部尚书","2","0","2"
"金杯同汝饮","1","1","2"
"丹诚图报国","1","1","2"
"同官十二人","1","1","2"
"鄱阳朱公迁","1","1","2"
"东南戒德僧","1","1","2"
"应对称旨者","1","1","2"
"事中陈汶辉","1","1","2"
"中陈汶辉相","1","1","2"
"陈汶辉相继","1","1","2"
"汶辉相继争","1","1","2"
"先所置善世","1","1","2"
"所置善世院","1","1","2"
"右讲经觉义","1","1","2"
"讲经觉义等","1","1","2"
"经觉义等官","1","1","2"
"度僧尼道士","1","1","2"
"骸骨归田里","2","0","2"
"景帝同祖父","1","1","2"
"帝同祖父兄","1","1","2"
"任德结民心","1","1","2"
"天子撤乐减","1","1","2"
"子撤乐减膳","1","1","2"
"朝廷取天下","1","1","2"
"司敦迫上道","2","0","2"
"备屯田工役","1","1","2"
"声充斥园邑","1","1","2"
"况太原诸郡","1","1","2"
"残酷裒敛者","1","1","2"
"树国祚长久","1","1","2"
"使守令知所","1","1","2"
"使化成俗美","1","1","2"
"知孝弟忠信","1","1","2"
"代朝廷宣导","1","1","2"
"朝廷宣导德","1","1","2"
"廷宣导德化","1","1","2"
"知劝民成俗","1","1","2"
"使天下诸生","1","1","2"
"天下诸生考","1","1","2"
"洗历代举选","1","1","2"
"能宣导德化","1","1","2"
"忠臣义士视","1","1","2"
"臣义士视死","1","1","2"
"郡邑诸生升","1","1","2"
"会考校钱谷","1","1","2"
"考校钱谷册","1","1","2"
"校钱谷册书","1","1","2"
"假公言私者","1","1","2"
"非一印一纸","1","1","2"
"先明示天下","1","1","2"
"朝廷求贤士","1","1","2"
"何必问诸小","1","1","2"
"必问诸小道","1","1","2"
"陛下连年远","1","1","2"
"下连年远征","1","1","2"
"圣人大宝曰","1","1","2"
"人大宝曰位","1","1","2"
"十三年连坐","1","1","2"
"三年连坐胡","1","1","2"
"学士刘三吾","1","1","2"
"浙江廉察民","1","1","2"
"年召对华盖","1","1","2"
"召对华盖殿","1","1","2"
"弘文馆大学","1","1","2"
"文馆大学士","1","1","2"
"复先王礼乐","1","1","2"
"列一纲三目","1","1","2"
"韩信初见高","1","1","2"
"信初见高祖","1","1","2"
"孔明卧草庐","1","1","2"
"大兵直捣平","1","1","2"
"兵直捣平江","1","1","2"
"然后进攻平","1","1","2"
"后进攻平江","1","1","2"
"陈显道招谕","1","1","2"
"然后进取两","1","1","2"
"后进取两广","1","1","2"
"搜军中所掠","2","0","2"
"常能参合众","1","1","2"
"能参合众言","1","1","2"
"赋诗四章送","1","1","2"
"云南左参政","1","1","2"
"夏煜等数十","1","1","2"
"煜等数十人","1","1","2"
"主公躬行节","1","1","2"
"公躬行节俭","1","1","2"
"河南道按察","1","1","2"
"南道按察佥","1","1","2"
"道按察佥事","1","1","2"
"凤阳李梦庚","1","1","2"
"阳李梦庚皆","1","1","2"
"任行中书省","1","1","2"
"行中书省左","1","1","2"
"中书省左右","1","1","2"
"书省左右司","1","1","2"
"大都督府参","1","1","2"
"都督府参军","1","1","2"
"诸全总制军","1","1","2"
"全总制军事","1","1","2"
"参佐行省者","1","1","2"
"省左右司员","1","1","2"
"左右司员外","1","1","2"
"右司员外郎","1","1","2"
"更番掌行机","1","1","2"
"番掌行机宜","1","1","2"
"掌行机宜文","1","1","2"
"行机宜文字","1","1","2"
"大都督文正","1","1","2"
"掌簿书文字","1","1","2"
"勤劳十余年","1","1","2"
"论天下形势","1","1","2"
"前代兴亡事","2","0","2"
"太祖志图中","1","1","2"
"祖志图中原","1","1","2"
"士诚多奸谋","1","1","2"
"孛罗拥兵犯","1","1","2"
"罗拥兵犯阙","1","1","2"
"明玉珍父子","1","1","2"
"洪武二年四","1","1","2"
"武二年四月","1","1","2"
"子弟令入学","2","0","2"
"黄子澄同参","1","1","2"
"子澄同参国","1","1","2"
"澄同参国政","1","1","2"
"遗诏诸王临","2","0","2"
"诏诸王临国","2","0","2"
"民听朝廷节","1","1","2"
"听朝廷节制","1","1","2"
"耿炳文大将","2","0","2"
"燕王上书极","1","1","2"
"王尊属拥重","2","0","2"
"尊属拥重兵","2","0","2"
"齐泰同参国","1","1","2"
"泰同参国政","1","1","2"
"帝览书恻然","1","1","2"
"命都督宋忠","1","1","2"
"都督宋忠调","1","1","2"
"护卫胡骑指","1","1","2"
"卫胡骑指挥","1","1","2"
"胡骑指挥关","1","1","2"
"骑指挥关童","1","1","2"
"指挥关童等","1","1","2"
"调北平永清","1","1","2"
"北平永清左","1","1","2"
"右卫官军分","1","1","2"
"卫官军分驻","1","1","2"
"官军分驻彰","1","1","2"
"军分驻彰德","1","1","2"
"令辽东诸将","1","1","2"
"遣大理寺少","2","0","2"
"衣卫千户张","1","1","2"
"卫千户张安","1","1","2"
"庆成郡主燕","2","0","2"
"聚宝门外山","1","1","2"
"外亲戍边者","1","1","2"
"留一人戍所","1","1","2"
"历十三年三","1","1","2"
"谪戍者后裔","2","0","2"
"松江人俞斌","1","1","2"
"李景隆北征","1","1","2"
"景隆北征屡","1","1","2"
"隆北征屡败","1","1","2"
"坏陛下事者","1","1","2"
"人府经历宋","1","1","2"
"御史叶希贤","1","1","2"
"靖江府长史","1","1","2"
"江府长史萧","1","1","2"
"衡府纪善周","1","1","2"
"金川玉屑集","1","1","2"
"立金川书院","1","1","2"
"御史屠叔方","1","1","2"
"太祖下滁州","2","0","2"
"诸将分守诸","1","1","2"
"将分守诸路","1","1","2"
"天宁翼元帅","1","1","2"
"进江西行省","2","0","2"
"徐达取淮东","2","0","2"
"南副将军平","2","0","2"
"江西取福建","2","0","2"
"河南卫指挥","1","1","2"
"定汝州余寇","1","1","2"
"友德等平蜀","2","0","2"
"大都督府同","1","1","2"
"文辉督兵巡","1","1","2"
"滁州东沙河","1","1","2"
"州东沙河上","1","1","2"
"成都护卫指","1","1","2"
"都护卫指挥","1","1","2"
"助元帅常遇","1","1","2"
"元帅常遇春","1","1","2"
"元宗王庆生","1","1","2"
"杭州卫指挥","1","1","2"
"都指挥居守","1","1","2"
"合肥人马云","1","1","2"
"肥人马云同","1","1","2"
"人马云同隶","1","1","2"
"辽阳行省参","1","1","2"
"阳行省参政","1","1","2"
"行省参政刘","1","1","2"
"省参政刘益","1","1","2"
"参政刘益屯","1","1","2"
"立辽阳指挥","1","1","2"
"辽阳指挥使","1","1","2"
"阳指挥使司","1","1","2"
"元平章洪保","1","1","2"
"平章洪保保","1","1","2"
"右丞张良佐","1","1","2"
"守辽阳山寨","1","1","2"
"知院哈剌章","1","1","2"
"院哈剌章屯","1","1","2"
"断事吴立镇","1","1","2"
"事吴立镇抚","1","1","2"
"吴立镇抚军","1","1","2"
"立镇抚军民","1","1","2"
"知院僧孺等","1","1","2"
"盖州卫指挥","1","1","2"
"挥使司统辖","1","1","2"
"使司统辖诸","1","1","2"
"司统辖诸卫","1","1","2"
"率精骑数百","1","1","2"
"盖城南十里","1","1","2"
"城南十里沿","1","1","2"
"两山旌旗蔽","1","1","2"
"山旌旗蔽空","1","1","2"
"龙州郑白等","1","1","2"
"送高丽使者","1","1","2"
"使者周谊入","1","1","2"
"者周谊入京","1","1","2"
"青军元帅张","1","1","2"
"军元帅张明","1","1","2"
"元帅张明鉴","1","1","2"
"元镇南王孛","1","1","2"
"孛罗普化招","1","1","2"
"罗普化招降","1","1","2"
"泗义兵元帅","1","1","2"
"太祖命大亨","1","1","2"
"缪将军生平","1","1","2"
"将军生平端","1","1","2"
"军生平端直","1","1","2"
"辈才雄万夫","1","1","2"
"友谅八阵指","1","1","2"
"谅八阵指挥","1","1","2"
"常遇春讨平","1","1","2"
"遇春讨平邓","1","1","2"
"春讨平邓克","1","1","2"
"讨平邓克明","1","1","2"
"平邓克明余","1","1","2"
"邓克明余党","1","1","2"
"龙骧卫同知","1","1","2"
"荆州卫指挥","1","1","2"
"广西行省参","1","1","2"
"讨平诸叛蛮","1","1","2"
"洪武三年九","1","1","2"
"武三年九月","1","1","2"
"克英山诸寨","1","1","2"
"首尾二千余","1","1","2"
"尾二千余丈","1","1","2"
"十六年坐蓝","2","0","2"
"韦德成养子","1","1","2"
"元末随德成","1","1","2"
"末随德成归","1","1","2"
"功授凤翔卫","2","0","2"
"授凤翔卫指","2","0","2"
"翔卫指挥副","1","1","2"
"招降元将士","1","1","2"
"降元将士八","1","1","2"
"元将士八千","1","1","2"
"将士八千余","1","1","2"
"士八千余人","1","1","2"
"大军围庆阳","2","0","2"
"元平章脱火","1","1","2"
"平章脱火赤","1","1","2"
"思伦发作乱","1","1","2"
"土酋阿资叛","1","1","2"
"文叛寇张者","1","1","2"
"秦王讨平洮","1","1","2"
"王讨平洮州","1","1","2"
"讨平洮州番","1","1","2"
"帐前亲军元","1","1","2"
"前亲军元帅","1","1","2"
"兴武卫指挥","1","1","2"
"元平章俺普","1","1","2"
"平章俺普达","1","1","2"
"章俺普达等","1","1","2"
"进本卫同知","2","0","2"
"克普定诸城","1","1","2"
"楚雄卫指挥","1","1","2"
"雄卫指挥使","1","1","2"
"请益兵守潼","2","0","2"
"益兵守潼关","2","0","2"
"凤翔入连云","2","0","2"
"翔入连云栈","2","0","2"
"友仁决濠填","1","1","2"
"仁决濠填堑","1","1","2"
"令傅友德夜","1","1","2"
"傅友德夜袭","1","1","2"
"友德夜袭木","1","1","2"
"德夜袭木槽","1","1","2"
"夜袭木槽关","1","1","2"
"国初诸都督","1","1","2"
"初诸都督中","1","1","2"
"武昌卫副千","1","1","2"
"昌卫副千户","1","1","2"
"神策卫指挥","1","1","2"
"迁都指挥同","2","0","2"
"湖广诸瑶贼","1","1","2"
"笋冈诸县逋","1","1","2"
"冈诸县逋逃","1","1","2"
"神电等二十","1","1","2"
"电等二十四","1","1","2"
"等二十四卫","1","1","2"
"二十四卫所","1","1","2"
"山海要害地","1","1","2"
"赐葬安德门","1","1","2"
"彭泽山民叛","1","1","2"
"指挥同知镇","1","1","2"
"四川威茂土","1","1","2"
"川威茂土酋","1","1","2"
"威茂土酋董","1","1","2"
"茂土酋董贴","1","1","2"
"土酋董贴里","1","1","2"
"酋董贴里叛","1","1","2"
"玉平羌将军","2","0","2"
"平羌将军讨","2","0","2"
"威州千户所","1","1","2"
"指挥高显等","1","1","2"
"松州山多田","1","1","2"
"州山多田少","1","1","2"
"焚掠十四州","1","1","2"
"掠十四州县","1","1","2"
"指挥普亮等","1","1","2"
"玉移军讨灭","1","1","2"
"裕州泉白寨","1","1","2"
"指挥曹谅围","1","1","2"
"南阳卫指挥","1","1","2"
"入开国功臣","1","1","2"
"飞熊卫亲军","1","1","2"
"熊卫亲军指","1","1","2"
"指挥使司佥","1","1","2"
"挥使司佥事","1","1","2"
"行省李文忠","1","1","2"
"友谅走武昌","2","0","2"
"进中书右丞","2","0","2"
"詹事府副詹","1","1","2"
"事府副詹事","1","1","2"
"河南行省平","1","1","2"
"南行省平章","1","1","2"
"世袭指挥同","1","1","2"
"国子博士师","1","1","2"
"子博士师道","1","1","2"
"太祖下婺州","2","0","2"
"二人进讲经","1","1","2"
"人进讲经史","1","1","2"
"授翰林院待","2","0","2"
"翰林院典籍","1","1","2"
"后布政使夏","1","1","2"
"布政使夏寅","1","1","2"
"国子生蒋学","1","1","2"
"子生蒋学等","1","1","2"
"举人张唯等","1","1","2"
"上太平十二","1","1","2"
"太平十二策","1","1","2"
"儒士十八人","1","1","2"
"士十八人编","1","1","2"
"授国子助教","2","0","2"
"部尚书余熂","2","0","2"
"东西五百里","1","1","2"
"司业王嘉会","1","1","2"
"征授国子博","2","0","2"
"阴阳谶卜诸","1","1","2"
"阳谶卜诸书","1","1","2"
"者三十五人","1","1","2"
"武英二堂说","1","1","2"
"英二堂说书","1","1","2"
"诸生千余人","1","1","2"
"生千余人送","1","1","2"
"同州蒲城人","1","1","2"
"州蒲城人争","1","1","2"
"踞公座签表","1","1","2"
"公座签表文","1","1","2"
"四年进尚书","2","0","2"
"举经明行修","2","0","2"
"兵部职方司","1","1","2"
"部职方司郎","1","1","2"
"平按察司副","1","1","2"
"修德行仁对","1","1","2"
"前刑部尚书","1","1","2"
"部尚书李敬","1","1","2"
"兄弟三人共","1","1","2"
"弟三人共居","1","1","2"
"三人共居一","1","1","2"
"蜡书谕降江","1","1","2"
"书谕降江西","1","1","2"
"复仁议论慷","1","1","2"
"仁议论慷慨","1","1","2"
"江按察司佥","1","1","2"
"两淮都转运","1","1","2"
"淮都转运使","1","1","2"
"币帛求遗贤","2","0","2"
"帛求遗贤四","2","0","2"
"赵寿等分行","2","0","2"
"寿等分行天","2","0","2"
"坐考祀孔子","2","0","2"
"考祀孔子礼","2","0","2"
"祀孔子礼时","2","0","2"
"孔子礼时奏","2","0","2"
"旋召礼部主","2","0","2"
"召礼部主事","2","0","2"
"川行省参知","1","1","2"
"擢福建按察","2","0","2"
"布政使薛大","1","1","2"
"政使薛大方","1","1","2"
"使父母兄弟","1","1","2"
"按察使寻适","1","1","2"
"群妇女沉茨","1","1","2"
"妇女沉茨潭","1","1","2"
"安福丞张禧","1","1","2"
"广东按察司","1","1","2"
"东按察司佥","1","1","2"
"东莞河泊使","1","1","2"
"同僚张仕祥","1","1","2"
"元枢密同佥","1","1","2"
"枢密同佥宁","1","1","2"
"密同佥宁安","1","1","2"
"同佥宁安庆","1","1","2"
"遣都事缒城","1","1","2"
"黠吏钱英屡","1","1","2"
"称姑苏五太","1","1","2"
"姑苏五太守","1","1","2"
"太常司赞礼","1","1","2"
"常司赞礼郎","1","1","2"
"布政使徐本","1","1","2"
"迁济南知府","2","0","2"
"多卫将练兵","1","1","2"
"年吏部尚书","2","0","2"
"佐省台裁定","1","1","2"
"省台裁定铨","1","1","2"
"台裁定铨除","1","1","2"
"裁定铨除考","1","1","2"
"定铨除考课","1","1","2"
"铨除考课诸","1","1","2"
"除考课诸法","1","1","2"
"考课诸法略","1","1","2"
"课诸法略具","1","1","2"
"侍郎李仁详","1","1","2"
"郎李仁详考","1","1","2"
"觐官举所知","2","0","2"
"定内外封赠","1","1","2"
"内外封赠荫","1","1","2"
"外封赠荫叙","1","1","2"
"天下朝正官","1","1","2"
"造事迹文册","1","1","2"
"图画土地人","1","1","2"
"画土地人民","1","1","2"
"下诸司设官","1","1","2"
"诸司设官分","1","1","2"
"司设官分职","1","1","2"
"定吏役考满","1","1","2"
"多仰承丞相","1","1","2"
"命思义令天","1","1","2"
"思义令天下","1","1","2"
"陕西行省参","1","1","2"
"江西行省佥","1","1","2"
"西行省佥事","1","1","2"
"香山丞冲敬","1","1","2"
"山丞冲敬治","1","1","2"
"奉行者重足","1","1","2"
"行者重足立","1","1","2"
"吏科庶吉士","1","1","2"
"进士太学生","2","0","2"
"举通政使蔡","1","1","2"
"工部侍郎秦","1","1","2"
"部侍郎秦逵","1","1","2"
"二年进尚书","2","0","2"
"部尚书赵勉","1","1","2"
"惟犯十恶杀","2","0","2"
"犯十恶杀人","2","0","2"
"十恶杀人者","2","0","2"
"罪皆令输粟","2","0","2"
"皆令输粟北","2","0","2"
"令输粟北边","2","0","2"
"安南相黎一","1","1","2"
"南相黎一元","1","1","2"
"乡人代改诉","1","1","2"
"义兵保乡里","2","0","2"
"太祖定集庆","2","0","2"
"知安仁忠谨","1","1","2"
"中书左司郎","1","1","2"
"书左司郎中","1","1","2"
"佐李善长裁","1","1","2"
"李善长裁断","1","1","2"
"瑞州守御千","1","1","2"
"州守御千户","1","1","2"
"运河江都深","1","1","2"
"河江都深港","1","1","2"
"授兵部尚书","1","1","2"
"水寨管军镇","1","1","2"
"寨管军镇抚","1","1","2"
"畿都漕运使","1","1","2"
"驸马都尉黄","1","1","2"
"马都尉黄琛","1","1","2"
"师李善长奏","1","1","2"
"省承宣布政","2","0","2"
"承宣布政司","1","1","2"
"奏郑国公常","1","1","2"
"国公常茂死","1","1","2"
"公常茂死事","1","1","2"
"宗寿伏罪朝","2","0","2"
"奉议诸州叛","1","1","2"
"议诸州叛蛮","1","1","2"
"铎参议军事","1","1","2"
"铎相度形势","1","1","2"
"御史詹徽刚","1","1","2"
"史詹徽刚断","1","1","2"
"河南府训导","1","1","2"
"入国子助教","2","0","2"
"御史大夫安","1","1","2"
"史大夫安然","1","1","2"
"试刑部尚书","1","1","2"
"请天下诸司","1","1","2"
"天下诸司设","1","1","2"
"部勘合文移","1","1","2"
"都御史赵仁","1","1","2"
"孝弟力田诸","1","1","2"
"弟力田诸科","1","1","2"
"力田诸科所","1","1","2"
"田诸科所取","1","1","2"
"士列置郡县","1","1","2"
"凡国家经制","1","1","2"
"使趋事者朝","1","1","2"
"趋事者朝寅","1","1","2"
"事者朝寅暮","1","1","2"
"者朝寅暮戌","1","1","2"
"令郎中仇衍","1","1","2"
"侍郎王希哲","1","1","2"
"明道书院山","1","1","2"
"道书院山长","1","1","2"
"太祖取太平","2","0","2"
"耆儒李习率","1","1","2"
"儒李习率父","1","1","2"
"李习率父老","1","1","2"
"年八十余矣","2","0","2"
"论前代兴亡","1","1","2"
"御制门帖子","1","1","2"
"翰苑文章第","1","1","2"
"苑文章第一","1","1","2"
"文章第一家","1","1","2"
"洪武元年四","1","1","2"
"武元年四月","1","1","2"
"江西上游地","1","1","2"
"家属四十余","1","1","2"
"属四十余人","1","1","2"
"洪武元年分","1","1","2"
"武元年分建","1","1","2"
"元年分建六","1","1","2"
"年分建六部","1","1","2"
"分建六部官","1","1","2"
"然后诸典礼","1","1","2"
"后诸典礼多","1","1","2"
"学士虞集见","1","1","2"
"古者公卿罪","2","0","2"
"成汤迩声色","2","0","2"
"释奠先师乐","2","0","2"
"奠先师乐章","2","0","2"
"七年五月书","1","1","2"
"大祀分献礼","1","1","2"
"定宗庙时享","1","1","2"
"宗庙时享斋","1","1","2"
"庙时享斋戒","1","1","2"
"中书省礼曹","1","1","2"
"书省礼曹主","1","1","2"
"省礼曹主事","1","1","2"
"礼部尚书钱","1","1","2"
"亮居礼曹时","1","1","2"
"太常博士孙","1","1","2"
"常博士孙吾","1","1","2"
"汉光武加先","2","0","2"
"光武加先陵","2","0","2"
"武加先陵曰","2","0","2"
"加先陵曰昌","2","0","2"
"大祀前七日","1","1","2"
"中书受誓戒","1","1","2"
"月朔望致祭","1","1","2"
"神坛二百步","1","1","2"
"虑郊社诸祭","1","1","2"
"宋祥符九年","1","1","2"
"祥符九年南","1","1","2"
"符九年南郊","1","1","2"
"九年南郊遇","1","1","2"
"年南郊遇雨","1","1","2"
"太尉厅望祭","1","1","2"
"惟先祭三日","1","1","2"
"朝班分列东","1","1","2"
"班分列东西","1","1","2"
"大祀帝亲省","1","1","2"
"祀帝亲省牲","1","1","2"
"亲祭者皆亲","1","1","2"
"祭者皆亲省","1","1","2"
"令郡国奏祥","1","1","2"
"郡国奏祥瑞","1","1","2"
"下台省府者","1","1","2"
"晋王府左相","1","1","2"
"前代乐章多","1","1","2"
"后扈行陪祀","1","1","2"
"凡数千年国","1","1","2"
"数千年国体","1","1","2"
"时议礼者蜂","1","1","2"
"署洪武年号","1","1","2"
"南陈叔明篡","1","1","2"
"戍将捕获倭","1","1","2"
"将捕获倭人","1","1","2"
"甘露降钟山","2","0","2"
"淳安徐尊生","1","1","2"
"十五年礼部","2","0","2"
"昂增定监规","1","1","2"
"增定监规八","1","1","2"
"定监规八条","1","1","2"
"大学士宋讷","1","1","2"
"会司谏关贤","1","1","2"
"司谏关贤上","1","1","2"
"谏关贤上言","1","1","2"
"郡邑所司非","1","1","2"
"邑所司非人","1","1","2"
"翰林院考试","1","1","2"
"定嫡妾封赠","1","1","2"
"定文官封赠","1","1","2"
"毁天下淫祠","1","1","2"
"吴丞相陆逊","1","1","2"
"元总管李黼","1","1","2"
"总管李黼立","1","1","2"
"管李黼立祀","1","1","2"
"元帅余阙立","1","1","2"
"帅余阙立庙","1","1","2"
"全家殉义者","1","1","2"
"大理印行令","1","1","2"
"理印行令旨","1","1","2"
"申明府州县","1","1","2"
"定官民巾服","1","1","2"
"力牧等三十","1","1","2"
"牧等三十六","1","1","2"
"三十六人侑","1","1","2"
"十六人侑享","1","1","2"
"进士王希曾","1","1","2"
"士王希曾请","1","1","2"
"定教练军士","1","1","2"
"廷臣参考中","1","1","2"
"臣参考中原","1","1","2"
"参考中原雅","1","1","2"
"陵寝朔望祭","1","1","2"
"寝朔望祭祀","1","1","2"
"登坛脱舄诸","1","1","2"
"坛脱舄诸礼","1","1","2"
"杨邦宪宣慰","1","1","2"
"邦宪宣慰使","1","1","2"
"武四年平蜀","2","0","2"
"宣慰使杨铿","1","1","2"
"蛮夷总管郑","1","1","2"
"夷总管郑瑚","1","1","2"
"总管郑瑚等","1","1","2"
"置播州黄平","1","1","2"
"播州黄平宣","1","1","2"
"州黄平宣抚","1","1","2"
"土兵二千人","1","1","2"
"宣慰使杨升","1","1","2"
"慰使杨升招","1","1","2"
"葛雍等十二","1","1","2"
"谷亻散等四","1","1","2"
"亻散等四十","1","1","2"
"散等四十一","1","1","2"
"宣慰使杨纲","1","1","2"
"会同四川巡","1","1","2"
"同四川巡抚","1","1","2"
"土官同知罗","1","1","2"
"官同知罗宏","1","1","2"
"御史张瓒亲","1","1","2"
"四百九十六","1","1","2"
"设安宁宣抚","2","0","2"
"安宁六百人","1","1","2"
"立安宁宣抚","1","1","2"
"官军五万五","1","1","2"
"军五万五千","1","1","2"
"三万五千石","1","1","2"
"命刑部侍郎","2","0","2"
"长官张渊阿","1","1","2"
"增设重安守","1","1","2"
"设重安守御","1","1","2"
"重安守御千","1","1","2"
"宣慰使杨斌","1","1","2"
"安抚罗忠等","1","1","2"
"巡按御史俞","1","1","2"
"按御史俞缁","1","1","2"
"同知杨才居","1","1","2"
"协同播州经","1","1","2"
"同播州经历","1","1","2"
"播州经历司","1","1","2"
"播州安抚宋","1","1","2"
"州安抚宋淮","1","1","2"
"贵州凯口烂","1","1","2"
"州凯口烂土","1","1","2"
"凯里草塘诸","1","1","2"
"里草塘诸寨","1","1","2"
"年巡视边境","1","1","2"
"湖广镇巡官","1","1","2"
"播州安抚罗","1","1","2"
"州安抚罗忠","1","1","2"
"土舍冯纶等","1","1","2"
"巡抚邹文盛","1","1","2"
"遣参议蔡潮","1","1","2"
"复安宁宣抚","1","1","2"
"凯里属贵州","2","0","2"
"总督冯岳调","1","1","2"
"总兵石邦宪","1","1","2"
"石邦宪讨平","1","1","2"
"故宣慰杨烈","1","1","2"
"宣慰杨烈祭","1","1","2"
"慰杨烈祭葬","1","1","2"
"应龙献大木","2","0","2"
"献大木七十","1","1","2"
"帝命都指挥","2","0","2"
"应龙二十四","1","1","2"
"巡抚王继光","1","1","2"
"兵刘承嗣等","1","1","2"
"御史薛继茂","1","1","2"
"史薛继茂主","1","1","2"
"西宣慰安疆","1","1","2"
"重庆知府王","1","1","2"
"庆知府王士","1","1","2"
"知府王士琦","1","1","2"
"黄元等十二","1","1","2"
"元等十二人","1","1","2"
"川东兵备副","1","1","2"
"东兵备副使","1","1","2"
"兵备王士琦","1","1","2"
"掠贵州洪头","1","1","2"
"令都司杨国","1","1","2"
"都司杨国柱","1","1","2"
"李化龙节制","1","1","2"
"应龙尽杀城","1","1","2"
"龙尽杀城中","1","1","2"
"时总督李化","1","1","2"
"旗鼓甲仗森","1","1","2"
"令马孔英率","1","1","2"
"泥淖中苦战","1","1","2"
"见四面火光","1","1","2"
"总兵李应祥","1","1","2"
"兵李应祥等","1","1","2"
"筠连州滕大","1","1","2"
"连州滕大寨","1","1","2"
"命成都卫指","1","1","2"
"都卫指挥袁","1","1","2"
"卫指挥袁洪","1","1","2"
"千户李文质","1","1","2"
"户李文质等","1","1","2"
"余党散入云","1","1","2"
"党散入云南","1","1","2"
"九姓长官司","1","1","2"
"姓长官司隶","1","1","2"
"永宁安抚司","1","1","2"
"永宁等处军","1","1","2"
"宁等处军民","1","1","2"
"安抚司宣抚","2","0","2"
"宁宣抚使禄","1","1","2"
"宣抚使禄照","1","1","2"
"水道一百九","1","1","2"
"道一百九十","1","1","2"
"滩八十二处","1","1","2"
"川侯曹震疏","2","0","2"
"故宣抚阿聂","1","1","2"
"监生李源资","1","1","2"
"云南鹤庆府","1","1","2"
"学录黄明善","1","1","2"
"景泰元年招","1","1","2"
"令永宁宣抚","1","1","2"
"宣抚奢贵赴","1","1","2"
"抚奢贵赴大","1","1","2"
"奢贵赴大坝","1","1","2"
"贵赴大坝招","1","1","2"
"赴大坝招抚","1","1","2"
"都掌多刚寨","1","1","2"
"西南二百里","1","1","2"
"时总督尚书","1","1","2"
"总督尚书程","1","1","2"
"督尚书程信","1","1","2"
"宣抚奢贵开","1","1","2"
"抚奢贵开通","1","1","2"
"部侍郎周洪","1","1","2"
"侍郎周洪谟","1","1","2"
"都御史汪浩","1","1","2"
"尚书程信统","1","1","2"
"永宁宣抚所","1","1","2"
"毕节六七百","1","1","2"
"节六七百里","1","1","2"
"制数万强梁","1","1","2"
"宣抚奢贵治","1","1","2"
"女土官奢禄","1","1","2"
"土官奢效忠","1","1","2"
"官奢效忠首","1","1","2"
"土官安国亨","1","1","2"
"兵官刘显节","1","1","2"
"官刘显节制","1","1","2"
"结永宁宣抚","1","1","2"
"宁宣抚奢效","1","1","2"
"宣抚奢效忠","1","1","2"
"抚奢效忠报","1","1","2"
"奢效忠报仇","1","1","2"
"土知府安承","1","1","2"
"知府安承祖","1","1","2"
"俗罚牛赎罪","1","1","2"
"参将马呈文","1","1","2"
"将马呈文利","1","1","2"
"命奢崇明暂","1","1","2"
"总兵侯国弼","1","1","2"
"兵侯国弼等","1","1","2"
"司张神武等","1","1","2"
"令贵州抚按","1","1","2"
"时播州清疆","1","1","2"
"令安疆臣约","1","1","2"
"安疆臣约束","1","1","2"
"千户张大策","1","1","2"
"户张大策等","1","1","2"
"将永宁宣抚","1","1","2"
"永宁宣抚改","1","1","2"
"失守城池罪","1","1","2"
"赤水卫白撒","1","1","2"
"水卫白撒所","1","1","2"
"县张振德死","2","0","2"
"女官秦良玉","2","0","2"
"乾象纵火焚","1","1","2"
"崇明父子仓","1","1","2"
"党胡汝高等","1","1","2"
"党周鼎等分","1","1","2"
"周鼎等分道","1","1","2"
"奢寅土地坎","2","0","2"
"崇明妻安氏","2","0","2"
"邦彦号四裔","2","0","2"
"彦号四裔大","2","0","2"
"号四裔大长","2","0","2"
"合兵十余万","2","0","2"
"令总兵侯良","1","1","2"
"邦彦皆授首","2","0","2"
"洞长杨通保","1","1","2"
"长杨通保等","1","1","2"
"酉阳宣抚冉","1","1","2"
"阳宣抚冉兴","1","1","2"
"宣抚冉兴邦","1","1","2"
"亚坚等十一","1","1","2"
"宣抚佥事冉","1","1","2"
"抚佥事冉廷","1","1","2"
"佥事冉廷璋","1","1","2"
"天顺十三年","1","1","2"
"宣抚冉舜臣","1","1","2"
"副长官杨胜","1","1","2"
"长官杨胜刚","1","1","2"
"官杨胜刚父","1","1","2"
"杨胜刚父子","1","1","2"
"洞长杨广震","1","1","2"
"长杨广震等","1","1","2"
"年调酉阳兵","2","0","2"
"护印舍人冉","1","1","2"
"印舍人冉廷","1","1","2"
"舍人冉廷玺","1","1","2"
"邑梅长官司","1","1","2"
"元献大木二","2","0","2"
"酉阳兵四千","1","1","2"
"宣抚冉跃龙","1","1","2"
"书张鹤鸣言","2","0","2"
"跃龙宣慰使","1","1","2"
"千七百余家","2","0","2"
"土舍冉绍文","1","1","2"
"宣慰使冉天","1","1","2"
"慰使冉天麟","1","1","2"
"共一百十五","1","1","2"
"五百八十七","1","1","2"
"张士诚相继","1","1","2"
"寇山东滨海","2","0","2"
"洪武二年三","1","1","2"
"武二年三月","1","1","2"
"福建沿海郡","1","1","2"
"大明天子神","1","1","2"
"明天子神圣","1","1","2"
"天子神圣文","1","1","2"
"子神圣文武","1","1","2"
"克勤等八人","1","1","2"
"勤等八人送","1","1","2"
"征夷将军源","1","1","2"
"夷将军源义","1","1","2"
"将军源义满","1","1","2"
"军源义满奉","1","1","2"
"十九年遣使","2","0","2"
"命江夏侯周","2","0","2"
"命信国公汤","2","0","2"
"结宁波卫指","1","1","2"
"宁波卫指挥","1","1","2"
"波卫指挥林","1","1","2"
"登极诏谕国","2","0","2"
"永乐元年遣","2","0","2"
"遣左通政赵","1","1","2"
"行人张洪偕","1","1","2"
"王发兵尽歼","1","1","2"
"年十一月献","1","1","2"
"鸿胪寺少卿","1","1","2"
"胪寺少卿潘","1","1","2"
"寺少卿潘赐","1","1","2"
"少卿潘赐偕","1","1","2"
"侍郎俞士吉","1","1","2"
"献所获海寇","2","0","2"
"赐仁孝皇后","1","1","2"
"仁孝皇后所","1","1","2"
"孝皇后所制","1","1","2"
"世子源义持","1","1","2"
"员外郎吕渊","1","1","2"
"外郎吕渊等","1","1","2"
"都督刘荣率","1","1","2"
"督刘荣率精","1","1","2"
"刘荣率精兵","1","1","2"
"贼数千人分","1","1","2"
"数千人分乘","1","1","2"
"千人分乘二","1","1","2"
"人分乘二十","1","1","2"
"直抵马雄岛","1","1","2"
"七百四十二","1","1","2"
"八百五十七","1","1","2"
"王转谕日本","1","1","2"
"正统元年二","1","1","2"
"统元年二月","1","1","2"
"钱二十一万","1","1","2"
"二十一万七","1","1","2"
"三万四千七","1","1","2"
"老成识大体","1","1","2"
"成化四年夏","1","1","2"
"遣使贡马谢","2","0","2"
"使贡马谢恩","2","0","2"
"中国人下海","1","1","2"
"赐钱五万贯","1","1","2"
"弘治九年三","1","1","2"
"治九年三月","1","1","2"
"铸金牌勘合","1","1","2"
"正德四年冬","1","1","2"
"使臣宋素卿","1","1","2"
"浙江守臣言","2","0","2"
"令南京守备","1","1","2"
"南京守备官","1","1","2"
"都指挥刘锦","1","1","2"
"指挥刘锦追","1","1","2"
"按御史欧珠","1","1","2"
"属日本统辖","1","1","2"
"海道副使张","1","1","2"
"道副使张芹","1","1","2"
"守参政朱鸣","1","1","2"
"参政朱鸣阳","1","1","2"
"分巡副使许","1","1","2"
"巡副使许完","1","1","2"
"都指挥张浩","1","1","2"
"王源义晴附","1","1","2"
"源义晴附表","1","1","2"
"巡按御史督","1","1","2"
"按御史督同","1","1","2"
"御史督同三","1","1","2"
"史督同三司","1","1","2"
"按御史高节","1","1","2"
"御史高节请","1","1","2"
"按御史杨九","1","1","2"
"御史杨九泽","1","1","2"
"都御史朱纨","1","1","2"
"御史朱纨巡","1","1","2"
"史朱纨巡抚","1","1","2"
"朱纨巡抚浙","1","1","2"
"纨巡抚浙江","1","1","2"
"按御史周亮","1","1","2"
"三十一年七","1","1","2"
"三十二年三","1","1","2"
"犯大安德门","1","1","2"
"百八十余里","2","0","2"
"臣振扬国威","1","1","2"
"者二万余人","2","0","2"
"都督源义长","1","1","2"
"太守源义镇","1","1","2"
"善妙等四十","1","1","2"
"三十六年十","1","1","2"
"六年十月初","1","1","2"
"见副将卢镗","1","1","2"
"谒巡按御史","1","1","2"
"破州县卫所","1","1","2"
"巨寇曾一本","1","1","2"
"总督陈瑞集","1","1","2"
"斩首千六百","2","0","2"
"部将行长等","1","1","2"
"琉球长史郑","1","1","2"
"球长史郑迥","1","1","2"
"长史郑迥谋","1","1","2"
"巡抚赵参鲁","1","1","2"
"对马岛渡海","1","1","2"
"兵祖承训赴","1","1","2"
"兵部侍郎宋","1","1","2"
"部侍郎宋应","1","1","2"
"尚书石星计","2","0","2"
"书石星计所","2","0","2"
"诸倭扬帆尽","2","0","2"
"倭扬帆尽归","2","0","2"
"丧师数十万","2","0","2"
"糜饷数百万","2","0","2"
"中山王察度","1","1","2"
"刑部侍郎李","1","1","2"
"部侍郎李浩","1","1","2"
"明年遣使贺","2","0","2"
"遣使贺正旦","2","0","2"
"贡马十六匹","1","1","2"
"王镀金银印","2","0","2"
"内史监丞梁","1","1","2"
"史监丞梁民","1","1","2"
"胡椒三百斤","1","1","2"
"赐衣巾靴袜","1","1","2"
"子寨官子入","2","0","2"
"工三十六户","1","1","2"
"成祖承大统","2","0","2"
"三人入国学","2","0","2"
"右长史王茂","1","1","2"
"长史王茂辅","1","1","2"
"左长史朱复","1","1","2"
"三年三月请","1","1","2"
"行人陈季若","1","1","2"
"人陈季若等","1","1","2"
"赐诰命冠服","2","0","2"
"年四月始入","2","0","2"
"世子尚巴志","1","1","2"
"世子尚思达","1","1","2"
"叔父金福摄","1","1","2"
"行人童守宏","1","1","2"
"天顺六年三","1","1","2"
"顺六年三月","1","1","2"
"福建南安人","1","1","2"
"指挥刘玉私","1","1","2"
"挥刘玉私通","1","1","2"
"刘玉私通货","1","1","2"
"事中官荣代","1","1","2"
"复请年一贡","2","0","2"
"携陪臣子五","2","0","2"
"陪臣子五人","2","0","2"
"十七年遣使","2","0","2"
"遣官生蔡进","1","1","2"
"官生蔡进等","1","1","2"
"生蔡进等五","1","1","2"
"蔡进等五人","1","1","2"
"人入南京国","2","0","2"
"入南京国学","2","0","2"
"琉球二年一","2","0","2"
"球二年一贡","2","0","2"
"过百五十人","2","0","2"
"命福建守臣","2","0","2"
"行人高澄持","1","1","2"
"黄金四十两","1","1","2"
"金四十两进","1","1","2"
"事中郭汝霖","1","1","2"
"行人李际春","1","1","2"
"巡按御史樊","1","1","2"
"按御史樊献","1","1","2"
"御史樊献科","1","1","2"
"遣使入贡谢","2","0","2"
"使入贡谢恩","2","0","2"
"国世子尚永","1","1","2"
"事中萧崇业","1","1","2"
"朝册封琉球","1","1","2"
"事中洪瞻祖","1","1","2"
"行人王士祯","1","1","2"
"事中夏子阳","1","1","2"
"一年二月抵","1","1","2"
"三十三年七","1","1","2"
"江总兵官杨","1","1","2"
"官杨宗业闻","2","0","2"
"事中杜三策","1","1","2"
"嘉峪关一千","1","1","2"
"峪关一千六","1","1","2"
"关一千六百","1","1","2"
"一千六百里","1","1","2"
"置宜禾都尉","1","1","2"
"威武王纳忽","1","1","2"
"武王纳忽里","1","1","2"
"王纳忽里镇","1","1","2"
"弟安克帖木","1","1","2"
"四千七百四","1","1","2"
"千七百四十","1","1","2"
"七百四十匹","1","1","2"
"总兵官宋晟","1","1","2"
"头目马哈麻","1","1","2"
"目马哈麻火","1","1","2"
"头目陆十等","1","1","2"
"指挥同知哈","1","1","2"
"挥同知哈剌","1","1","2"
"同知哈剌哈","1","1","2"
"知哈剌哈纳","1","1","2"
"弟兔力帖木","1","1","2"
"兔力帖木忠","2","0","2"
"力帖木忠义","2","0","2"
"帖木忠义王","2","0","2"
"贡马三千五","1","1","2"
"马三千五百","1","1","2"
"钞三万二千","1","1","2"
"三万二千锭","1","1","2"
"驼三百三十","1","1","2"
"王兔力帖木","1","1","2"
"宣德元年遣","2","0","2"
"子卜答失里","1","1","2"
"弟北斗奴等","1","1","2"
"弟脱欢帖木","1","1","2"
"卜答失里年","1","1","2"
"答失里年幼","1","1","2"
"命脱欢帖木","1","1","2"
"子脱脱塔木","1","1","2"
"子倒瓦答失","1","1","2"
"都督皮剌纳","1","1","2"
"母弩温答失","2","0","2"
"撒马罕贡使","2","0","2"
"时都指挥马","1","1","2"
"都指挥马云","1","1","2"
"二千六百里","1","1","2"
"永乐四年遣","2","0","2"
"灌顶慈慧圆","1","1","2"
"顶慈慧圆智","1","1","2"
"慈慧圆智普","1","1","2"
"慧圆智普通","1","1","2"
"圆智普通国","1","1","2"
"智普通国师","1","1","2"
"子满哥帖木","1","1","2"
"明年遣使入","2","0","2"
"都指挥桑斌","1","1","2"
"指挥桑斌等","1","1","2"
"礼官姚夔等","2","0","2"
"土鲁番三年","1","1","2"
"复遣使入贡","2","0","2"
"子阿黑麻嗣","2","0","2"
"阿黑麻嗣速","2","0","2"
"黑麻嗣速檀","2","0","2"
"九龙浑金膝","1","1","2"
"使臣满剌土","1","1","2"
"遣使海道贡","2","0","2"
"陕巴忠顺王","2","0","2"
"命侍郎张海","1","1","2"
"侍郎张海等","1","1","2"
"使臣一百七","1","1","2"
"臣一百七十","1","1","2"
"巡抚许进等","1","1","2"
"满速嗣速檀","2","0","2"
"甘肃巡按潘","1","1","2"
"肃巡按潘仿","1","1","2"
"土鲁番役属","2","0","2"
"族属数千帐","1","1","2"
"下虎力纳引","2","0","2"
"虎力纳引瓦","2","0","2"
"力纳引瓦剌","2","0","2"
"引瓦剌寇肃","2","0","2"
"瓦剌寇肃州","2","0","2"
"总督王琼请","1","1","2"
"牙兰包藏祸","1","1","2"
"兰包藏祸心","1","1","2"
"请专图治策","2","0","2"
"巡抚陈九畴","1","1","2"
"肃巡抚赵载","1","1","2"
"巡抚赵载陈","1","1","2"
"二百四十八","1","1","2"
"百四十八道","1","1","2"
"弟琐非等三","1","1","2"
"琐非等三人","1","1","2"
"温答失里主","1","1","2"
"授伯都王都","2","0","2"
"伯都王都督","2","0","2"
"都王都督佥","2","0","2"
"王都督佥事","2","0","2"
"兀忽纳指挥","2","0","2"
"忽纳指挥佥","2","0","2"
"纳指挥佥事","2","0","2"
"加思兰见哈","1","1","2"
"思兰见哈密","1","1","2"
"都指挥贺玉","1","1","2"
"都指挥李珍","1","1","2"
"数遣使朝贡","2","0","2"
"贡马二百匹","1","1","2"
"二百六十人","1","1","2"
"妇二百余人","2","0","2"
"速檀阿力乘","1","1","2"
"檀阿力乘机","1","1","2"
"阿力乘机袭","1","1","2"
"督同知李文","1","1","2"
"右通政刘文","1","1","2"
"赴甘肃经略","2","0","2"
"锦衣千户马","1","1","2"
"衣千户马俊","1","1","2"
"千户马俊奉","1","1","2"
"户马俊奉敕","1","1","2"
"一千三百人","1","1","2"
"巡抚王朝远","1","1","2"
"彩币十表里","1","1","2"
"都指挥阿木","1","1","2"
"指挥阿木郎","1","1","2"
"旧部绰卜都","1","1","2"
"部绰卜都等","1","1","2"
"臣者盼卜等","1","1","2"
"者盼卜等人","1","1","2"
"忠义王脱脱","1","1","2"
"都督同知奄","1","1","2"
"督同知奄克","1","1","2"
"同知奄克孛","1","1","2"
"知奄克孛剌","1","1","2"
"引乜克力人","1","1","2"
"时土鲁番先","1","1","2"
"土鲁番先后","1","1","2"
"部右侍郎张","1","1","2"
"右侍郎张海","1","1","2"
"同知缑谦二","1","1","2"
"知缑谦二人","1","1","2"
"令都督奄克","1","1","2"
"都督奄克孛","1","1","2"
"督奄克孛剌","1","1","2"
"奄克孛剌总","1","1","2"
"克孛剌总理","1","1","2"
"孛剌总理哈","1","1","2"
"剌总理哈密","1","1","2"
"迭力迷失等","1","1","2"
"大将刘宁等","1","1","2"
"王越总制三","1","1","2"
"陕巴娶罕慎","1","1","2"
"部下阿孛剌","1","1","2"
"下阿孛剌等","1","1","2"
"幼子真帖木","1","1","2"
"奄克孛剌等","1","1","2"
"大通事王永","1","1","2"
"都督满哈剌","1","1","2"
"督满哈剌三","1","1","2"
"白金酒器一","1","1","2"
"巡抚李昆上","1","1","2"
"立安定王千","1","1","2"
"游击芮宁参","2","0","2"
"击芮宁参将","2","0","2"
"芮宁参将蒋","2","0","2"
"宁参将蒋存","2","0","2"
"都指挥黄荣","1","1","2"
"合奄克孛剌","1","1","2"
"子米马黑木","2","0","2"
"失烟答子米","2","0","2"
"烟答子米马","2","0","2"
"答子米马黑","2","0","2"
"巡按御史潘","1","1","2"
"按御史潘仿","1","1","2"
"嘉靖三年秋","1","1","2"
"首辅杨一清","1","1","2"
"二千余骑犯","2","0","2"
"游击彭浚急","1","1","2"
"胡世宁救陈","1","1","2"
"世宁救陈九","1","1","2"
"宁救陈九畴","1","1","2"
"甘肃巡抚唐","1","1","2"
"肃巡抚唐泽","1","1","2"
"常遇春击败","1","1","2"
"徐达大将军","2","0","2"
"孙买里八剌","2","0","2"
"破王保保兵","2","0","2"
"封买里八剌","2","0","2"
"买里八剌崇","2","0","2"
"里八剌崇礼","2","0","2"
"八剌崇礼侯","2","0","2"
"谥元主曰顺","2","0","2"
"元主曰顺帝","2","0","2"
"右副将军傅","1","1","2"
"副将军傅友","1","1","2"
"民八千三百","1","1","2"
"千三百余户","1","1","2"
"败蛮子哈剌","1","1","2"
"大臣朵朵失","1","1","2"
"臣朵朵失里","1","1","2"
"朵朵失里等","1","1","2"
"部下九住等","1","1","2"
"武十一年夏","1","1","2"
"平章完者花","2","0","2"
"枢密知院爱","1","1","2"
"密知院爱足","1","1","2"
"命宋国公冯","2","0","2"
"率颍川侯傅","1","1","2"
"昌侯蓝玉等","1","1","2"
"兵二十万征","1","1","2"
"遣蓝玉乘大","1","1","2"
"蓝玉乘大雪","1","1","2"
"玉乘大雪袭","1","1","2"
"朝廷抚恤恩","1","1","2"
"百二十五事","1","1","2"
"马二百九十","1","1","2"
"太祖封纳哈","1","1","2"
"封纳哈海西","2","0","2"
"纳哈海西侯","2","0","2"
"蛮子数千人","1","1","2"
"遣指挥观童","1","1","2"
"知院阿鲁台","1","1","2"
"察罕达鲁花","1","1","2"
"罕达鲁花等","1","1","2"
"本雅失里瓦","2","0","2"
"雅失里瓦剌","2","0","2"
"帝将五十万","1","1","2"
"本雅失里西","2","0","2"
"雅失里西奔","2","0","2"
"本雅失里拒","1","1","2"
"阿鲁台使贡","2","0","2"
"鲁台使贡马","2","0","2"
"率妻子部属","2","0","2"
"妻子部属降","2","0","2"
"复脱脱花所","2","0","2"
"子失捏干等","1","1","2"
"察罕脑剌等","1","1","2"
"脱懽袭杀阿","2","0","2"
"懽袭杀阿鲁","2","0","2"
"袭杀阿鲁台","2","0","2"
"阿鲁台子阿","2","0","2"
"鲁台子阿卜","2","0","2"
"台子阿卜俺","2","0","2"
"速木答思等","1","1","2"
"命都督任礼","1","1","2"
"长一百五十","1","1","2"
"遣都督马政","1","1","2"
"御史项忠率","1","1","2"
"唐张仁愿筑","2","0","2"
"张仁愿筑三","2","0","2"
"仁愿筑三受","2","0","2"
"愿筑三受降","2","0","2"
"筑三受降城","2","0","2"
"延袤二千里","2","0","2"
"信充总兵官","2","0","2"
"宁侯朱永等","1","1","2"
"大同巡抚王","1","1","2"
"同巡抚王越","1","1","2"
"延绥巡抚余","1","1","2"
"绥巡抚余子","1","1","2"
"武靖侯赵辅","1","1","2"
"万骑寇大同","2","0","2"
"杀掠人畜数","2","0","2"
"掠人畜数万","2","0","2"
"长驱入顺圣","2","0","2"
"驱入顺圣川","2","0","2"
"宣府巡抚秦","1","1","2"
"山西巡抚边","1","1","2"
"西巡抚边镛","1","1","2"
"参将支玉等","1","1","2"
"弘治元年夏","1","1","2"
"副总兵马升","1","1","2"
"总兵马升逗","1","1","2"
"侍郎许进督","1","1","2"
"侍郎史琳代","1","1","2"
"侍郎王鏊上","1","1","2"
"尚书秦纮总","2","0","2"
"书秦纮总制","2","0","2"
"副总兵刘祥","1","1","2"
"斩三百六十","2","0","2"
"军器二千九","1","1","2"
"器二千九百","1","1","2"
"总制丛兰告","1","1","2"
"制丛兰告急","1","1","2"
"攻破城堡二","1","1","2"
"破城堡二十","1","1","2"
"嘉靖四年春","1","1","2"
"关山先后战","1","1","2"
"山先后战死","1","1","2"
"总兵郑卿等","1","1","2"
"总制唐龙请","1","1","2"
"控弦十余万","2","0","2"
"副总兵王辅","1","1","2"
"督尚书杨守","1","1","2"
"尚书杨守礼","1","1","2"
"抚都御史楚","1","1","2"
"都御史楚书","1","1","2"
"总兵白爵等","1","1","2"
"万全右卫境","1","1","2"
"书樊继祖督","1","1","2"
"游击周宇战","1","1","2"
"击周宇战死","1","1","2"
"大同巡抚龙","1","1","2"
"同巡抚龙大","1","1","2"
"大兵部侍郎","2","0","2"
"子狼台吉等","1","1","2"
"狼台吉等散","1","1","2"
"台吉等散处","1","1","2"
"吉等散处河","1","1","2"
"等散处河西","1","1","2"
"万全右卫入","1","1","2"
"总督侍郎翁","1","1","2"
"督侍郎翁万","1","1","2"
"侍郎翁万达","1","1","2"
"兵周尚文严","1","1","2"
"参将李珍等","1","1","2"
"宣府总兵赵","1","1","2"
"府总兵赵国","1","1","2"
"总兵赵国忠","1","1","2"
"都御史王汝","1","1","2"
"御史王汝孝","1","1","2"
"史王汝孝率","1","1","2"
"大同总兵咸","1","1","2"
"同总兵咸宁","1","1","2"
"总兵咸宁侯","1","1","2"
"兵咸宁侯仇","1","1","2"
"史杨守谦等","1","1","2"
"马房内官杨","1","1","2"
"房内官杨增","1","1","2"
"辅臣徐阶等","1","1","2"
"兵部郎中杨","1","1","2"
"部郎中杨继","1","1","2"
"郎中杨继盛","1","1","2"
"指挥姚大谟","1","1","2"
"备御指挥王","1","1","2"
"御指挥王相","1","1","2"
"千户叶廷瑞","1","1","2"
"将士三百人","1","1","2"
"游击朱玉率","1","1","2"
"巡抚赵时春","1","1","2"
"总兵李涞战","1","1","2"
"兵李涞战死","1","1","2"
"大同总兵岳","1","1","2"
"同总兵岳懋","1","1","2"
"总兵岳懋中","1","1","2"
"丁碧先后战","1","1","2"
"碧先后战死","1","1","2"
"二万骑分掠","2","0","2"
"守备唐天禄","1","1","2"
"兵蒋承勋力","2","0","2"
"蒋承勋力战","2","0","2"
"承勋力战死","2","0","2"
"参将祁勉战","1","1","2"
"将祁勉战死","1","1","2"
"入大同右卫","1","1","2"
"大同右卫境","1","1","2"
"俺答子辛爱","2","0","2"
"兵部侍郎江","1","1","2"
"部侍郎江东","1","1","2"
"总兵张承勋","1","1","2"
"兵张承勋等","1","1","2"
"大同总兵刘","1","1","2"
"同总兵刘汉","1","1","2"
"参将王孟夏","1","1","2"
"将王孟夏等","1","1","2"
"守备王世臣","1","1","2"
"千户李虎战","1","1","2"
"户李虎战死","1","1","2"
"延绥总兵赵","1","1","2"
"绥总兵赵岢","1","1","2"
"总兵赵岢分","1","1","2"
"将李希靖等","1","1","2"
"时蓟辽总督","1","1","2"
"总督杨选囚","1","1","2"
"三卫长通罕","1","1","2"
"同总兵姜应","1","1","2"
"总兵姜应熊","1","1","2"
"御史刘焘上","1","1","2"
"犯辽东宁前","1","1","2"
"参将线补衮","1","1","2"
"游击杨维藩","1","1","2"
"总兵刘承业","1","1","2"
"宣府洗马林","1","1","2"
"府洗马林突","1","1","2"
"清河守备郎","1","1","2"
"大同参将崔","1","1","2"
"同参将崔世","1","1","2"
"杀知州王亮","2","0","2"
"时兵部侍郎","1","1","2"
"部侍郎王崇","1","1","2"
"侍郎王崇古","1","1","2"
"郎王崇古镇","1","1","2"
"总兵王治道","1","1","2"
"俺答第三子","2","0","2"
"答第三子铁","2","0","2"
"第三子铁背","2","0","2"
"三子铁背台","2","0","2"
"铁背台吉子","2","0","2"
"俺答外孙女","2","0","2"
"阿力哥等十","1","1","2"
"力哥等十人","1","1","2"
"大同巡抚方","1","1","2"
"同巡抚方逢","1","1","2"
"缚送板升诸","2","0","2"
"板升诸叛人","2","0","2"
"汉置属国居","2","0","2"
"置属国居乌","2","0","2"
"属国居乌桓","2","0","2"
"授汉指挥使","2","0","2"
"译者鲍崇德","1","1","2"
"天子幸封王","2","0","2"
"议封号官爵","1","1","2"
"长子吉能等","1","1","2"
"汉等四十六","1","1","2"
"许六十人进","1","1","2"
"六十人进京","1","1","2"
"万寿圣节四","1","1","2"
"寿圣节四方","1","1","2"
"诏封俺答顺","2","0","2"
"红蟒衣一袭","1","1","2"
"红山墩暨清","1","1","2"
"山墩暨清水","1","1","2"
"墩暨清水营","1","1","2"
"予镀金银印","1","1","2"
"俺答常远处","1","1","2"
"答常远处青","1","1","2"
"常远处青山","1","1","2"
"八百八十四","1","1","2"
"总督梁梦龙","1","1","2"
"土蛮四万骑","1","1","2"
"兵戚继光等","1","1","2"
"彩缎十二表","1","1","2"
"缎十二表里","1","1","2"
"子黄台吉等","1","1","2"
"停撦力克市","2","0","2"
"斩获五百人","1","1","2"
"延绥巡抚李","1","1","2"
"绥巡抚李春","1","1","2"
"巡抚李春光","1","1","2"
"延镇连年多","1","1","2"
"镇连年多事","1","1","2"
"游击史见战","1","1","2"
"击史见战死","1","1","2"
"延绥总兵麻","1","1","2"
"绥总兵麻贵","1","1","2"
"总督三边李","1","1","2"
"参将周国柱","1","1","2"
"周国柱等击","2","0","2"
"国柱等击莽","2","0","2"
"柱等击莽剌","2","0","2"
"等击莽剌川","2","0","2"
"击莽剌川脑","2","0","2"
"火落赤等合","1","1","2"
"落赤等合谋","1","1","2"
"二十五年秋","1","1","2"
"臣王见宾等","1","1","2"
"兵备副使李","1","1","2"
"宰赛诱杀庆","1","1","2"
"赛诱杀庆云","1","1","2"
"诱杀庆云堡","1","1","2"
"杀庆云堡守","1","1","2"
"庆云堡守御","1","1","2"
"云堡守御熊","1","1","2"
"总督徐三畏","1","1","2"
"分四十二枝","2","0","2"
"过二三千骑","1","1","2"
"忠顺夫人率","1","1","2"
"部猛克什力","2","0","2"
"五路台吉等","1","1","2"
"诏封卜失兔","1","1","2"
"兀慎台吉等","1","1","2"
"绥总兵官秉","1","1","2"
"总兵官秉忠","1","1","2"
"兵官秉忠等","1","1","2"
"二百二十一","1","1","2"
"攻陷大安堡","1","1","2"
"民死者甚众","2","0","2"
"猛克什力等","1","1","2"
"游击朱万良","1","1","2"
"抚周永春等","1","1","2"
"天启元年秋","1","1","2"
"吉能犯延绥","2","0","2"
"榆林总兵杜","1","1","2"
"林总兵杜文","1","1","2"
"臣冯任等所","1","1","2"
"古六台吉等","1","1","2"
"总兵董继舒","1","1","2"
"偿命银一万","1","1","2"
"命银一万三","1","1","2"
"召总督王象","1","1","2"
"联络朵颜三","1","1","2"
"络朵颜三十","1","1","2"
"朵颜三十六","1","1","2"
"颜三十六家","1","1","2"
"师袁崇焕共","1","1","2"
"同巡抚张宗","1","1","2"
"巡抚张宗衡","1","1","2"
"兀苏河南冈","1","1","2"
"总兵马世龙","1","1","2"
"师洪承畴等","1","1","2"
"捐金钱数十","1","1","2"
"金钱数十万","1","1","2"
"镇抚答哈帖","1","1","2"
"抚答哈帖木","1","1","2"
"遣暖答失等","1","1","2"
"忽兰忽失温","1","1","2"
"安侯郑亨等","1","1","2"
"王子十余人","1","1","2"
"都督苏火耳","1","1","2"
"督苏火耳灰","1","1","2"
"苏火耳灰等","1","1","2"
"二十二年冬","1","1","2"
"丝五十表里","1","1","2"
"正统元年冬","1","1","2"
"国公朱勇言","2","0","2"
"哈喇嗔等部","1","1","2"
"诱朵颜诸卫","1","1","2"
"先攻破哈密","1","1","2"
"守备太监郭","1","1","2"
"备太监郭敬","1","1","2"
"太监王振挟","1","1","2"
"王振挟帝亲","2","0","2"
"丁铉等五十","1","1","2"
"大雷雨震死","1","1","2"
"稽首行君臣","1","1","2"
"遣侍郎李实","1","1","2"
"指挥马政等","1","1","2"
"侍郎赵荣率","1","1","2"
"头目七十人","1","1","2"
"遣使贺明年","2","0","2"
"使贺明年正","2","0","2"
"大元田盛大","1","1","2"
"袭破土鲁番","2","0","2"
"鄯阐万户府","1","1","2"
"段氏子孙守","1","1","2"
"翰林待制王","1","1","2"
"遣湖广行省","1","1","2"
"置都指挥使","1","1","2"
"督佥事冯诚","1","1","2"
"土官杨苴乘","1","1","2"
"春袭封西平","2","0","2"
"袭封西平侯","2","0","2"
"山长官司沙","1","1","2"
"长官司沙源","1","1","2"
"全云南会城","1","1","2"
"结都司阮韵","1","1","2"
"都司阮韵嘉","1","1","2"
"时宁州土司","1","1","2"
"宁州土司禄","1","1","2"
"州土司禄永","1","1","2"
"土司禄永命","1","1","2"
"巡抚吴兆元","1","1","2"
"金沧副使杨","1","1","2"
"沧副使杨畏","1","1","2"
"副使杨畏知","1","1","2"
"使杨畏知奉","1","1","2"
"杨畏知奉调","1","1","2"
"畏知奉调驻","1","1","2"
"禄永命战死","1","1","2"
"黔国焦夫人","1","1","2"
"部目李阿楚","1","1","2"
"置姚州都督","1","1","2"
"姚州都督府","1","1","2"
"段智兴降附","1","1","2"
"段明宣慰使","1","1","2"
"都使张元亨","1","1","2"
"绕点苍山后","2","0","2"
"英身先士卒","1","1","2"
"永昌卫镇抚","1","1","2"
"六安侯王志","1","1","2"
"安庆侯仇成","1","1","2"
"督兵云南品","2","0","2"
"兵云南品甸","2","0","2"
"精兵二万五","1","1","2"
"云南品甸屯","1","1","2"
"十二关长官","1","1","2"
"二关长官司","1","1","2"
"巡抚何孟春","1","1","2"
"元江等处宣","1","1","2"
"江等处宣慰","1","1","2"
"置临安卫指","1","1","2"
"临安卫指挥","1","1","2"
"千户纳速丁","1","1","2"
"户纳速丁等","1","1","2"
"溪处甸长官","1","1","2"
"处甸长官司","1","1","2"
"甸长官司副","1","1","2"
"长官司副长","1","1","2"
"官司副长官","1","1","2"
"贡马金银器","2","0","2"
"七万九千八","1","1","2"
"九千八百索","1","1","2"
"东山口巡检","1","1","2"
"山口巡检司","1","1","2"
"亏容甸长官","1","1","2"
"容甸长官司","1","1","2"
"土知州禄氏","1","1","2"
"弥勒州十八","1","1","2"
"勒州十八寨","1","1","2"
"临安阿迷州","1","1","2"
"安阿迷州土","1","1","2"
"州土官普柱","1","1","2"
"御史赵洪范","1","1","2"
"元谋土官吾","1","1","2"
"谋土官吾必","1","1","2"
"土官吾必奎","1","1","2"
"布政使周士","1","1","2"
"政使周士昌","1","1","2"
"广西知府张","1","1","2"
"西知府张继","1","1","2"
"知府张继孟","1","1","2"
"宁州土官禄","1","1","2"
"州土官禄永","1","1","2"
"土官禄永命","1","1","2"
"石屏州土目","1","1","2"
"屏州土目龙","1","1","2"
"王弄山副长","1","1","2"
"弄山副长官","1","1","2"
"山副长官沙","1","1","2"
"副长官沙源","1","1","2"
"舍资千户所","1","1","2"
"南长官司土","1","1","2"
"新安守御千","1","1","2"
"临安卫中所","1","1","2"
"土官侬郎金","1","1","2"
"指挥同知王","1","1","2"
"挥同知王俊","1","1","2"
"同知王俊奉","1","1","2"
"知王俊奉命","1","1","2"
"王俊奉命率","1","1","2"
"遣指挥欧庆","1","1","2"
"指挥欧庆等","1","1","2"
"仁孝皇后丧","1","1","2"
"土官侬郎举","1","1","2"
"兵官沐昂等","1","1","2"
"官沐昂等招","1","1","2"
"沐昂等招抚","1","1","2"
"时富州土官","1","1","2"
"富州土官沈","1","1","2"
"州土官沈政","1","1","2"
"租税仅取十","1","1","2"
"临安指挥一","1","1","2"
"同知侬仕英","1","1","2"
"泗城土官岑","1","1","2"
"城土官岑接","1","1","2"
"巡抚王懋中","1","1","2"
"抚王懋中调","1","1","2"
"侬绍汤兄弟","1","1","2"
"置磨弥部万","1","1","2"
"磨弥部万户","1","1","2"
"曲靖路宣慰","1","1","2"
"靖路宣慰司","1","1","2"
"曲靖千户所","1","1","2"
"曲靖军民指","1","1","2"
"靖军民指挥","1","1","2"
"置曲靖军民","1","1","2"
"土官安索叔","1","1","2"
"平侯沐英发","1","1","2"
"侯沐英发兵","1","1","2"
"沐英发兵讨","1","1","2"
"留神策卫千","1","1","2"
"神策卫千户","1","1","2"
"策卫千户刘","1","1","2"
"卫千户刘成","1","1","2"
"海卫指挥佥","1","1","2"
"指挥佥事滕","1","1","2"
"挥佥事滕聚","1","1","2"
"古鲁昌筑城","1","1","2"
"陆凉卫指挥","1","1","2"
"凉卫指挥使","1","1","2"
"指挥千户哈","1","1","2"
"遣开国公常","1","1","2"
"督佥事王成","1","1","2"
"夷千户所改","1","1","2"
"土军千户阿","1","1","2"
"军千户阿保","1","1","2"
"百户张忠等","1","1","2"
"土知州安世","1","1","2"
"知州安世鼎","1","1","2"
"州安世鼎死","1","1","2"
"土官资氏家","1","1","2"
"知州越应奎","1","1","2"
"抚刘世曾檄","2","0","2"
"直捣赤龙寨","1","1","2"
"参将蔡兆吉","1","1","2"
"将蔡兆吉等","1","1","2"
"三千八百两","1","1","2"
"缅中宣慰使","1","1","2"
"中宣慰使司","1","1","2"
"遣使贡方物","2","0","2"
"思伦发侵夺","1","1","2"
"二十九年复","2","0","2"
"行人李思聪","1","1","2"
"甸宣慰使司","1","1","2"
"宣慰使刀木","1","1","2"
"诏行人张洪","2","0","2"
"人张洪等赍","2","0","2"
"张洪等赍敕","2","0","2"
"洪等赍敕谕","2","0","2"
"等赍敕谕责","2","0","2"
"帝谕礼部曰","2","0","2"
"次子马者速","1","1","2"
"子马者速管","1","1","2"
"洪熙元年遣","2","0","2"
"熙元年遣内","2","0","2"
"甸宣慰使新","1","1","2"
"宣慰使新加","1","1","2"
"慰使新加斯","1","1","2"
"督尚书王骥","1","1","2"
"遣指挥李仪","1","1","2"
"指挥李仪等","1","1","2"
"令总兵官蒋","1","1","2"
"兵官蒋贵等","1","1","2"
"千户王政等","1","1","2"
"镇守太监钱","1","1","2"
"守太监钱能","1","1","2"
"思洪发所掌","1","1","2"
"兵部尚书余","1","1","2"
"部尚书余子","1","1","2"
"书余子俊等","1","1","2"
"思陆子思伦","2","0","2"
"永昌知府严","1","1","2"
"昌知府严时","1","1","2"
"卫指挥王训","1","1","2"
"土舍莽卜信","1","1","2"
"镇巡官沐朝","1","1","2"
"巡官沐朝弼","1","1","2"
"官沐朝弼等","1","1","2"
"土官多士宁","1","1","2"
"宣抚刀怕举","1","1","2"
"书记岳凤欺","1","1","2"
"西南金楼白","1","1","2"
"南金楼白象","1","1","2"
"金楼白象主","1","1","2"
"楼白象主莽","1","1","2"
"白象主莽哒","1","1","2"
"象主莽哒喇","1","1","2"
"主莽哒喇弄","1","1","2"
"莽哒喇弄王","1","1","2"
"哒喇弄王书","1","1","2"
"喇弄王书报","1","1","2"
"弄王书报天","1","1","2"
"王书报天皇","1","1","2"
"书报天皇帝","1","1","2"
"土舍刀怕文","1","1","2"
"副使刀思管","1","1","2"
"经历廖元相","1","1","2"
"金腾副使许","1","1","2"
"腾副使许天","1","1","2"
"副使许天琦","1","1","2"
"遣指挥侯度","1","1","2"
"土目马禄喇","1","1","2"
"目马禄喇送","1","1","2"
"马禄喇送等","1","1","2"
"永昌千户辛","1","1","2"
"昌千户辛凤","1","1","2"
"千户辛凤奉","1","1","2"
"巡抚饶仁侃","1","1","2"
"千户祁维垣","1","1","2"
"副使刀思定","1","1","2"
"坐营中军刘","1","1","2"
"武靖参将邓","1","1","2"
"靖参将邓子","1","1","2"
"差官黎景桂","1","1","2"
"元二十六年","1","1","2"
"立木邦路军","1","1","2"
"木邦路军民","1","1","2"
"邦路军民总","1","1","2"
"遣内官杨瑄","2","0","2"
"内官杨瑄赍","2","0","2"
"官杨瑄赍敕","2","0","2"
"杨瑄赍敕谕","2","0","2"
"江下等十余","2","0","2"
"下等十余寨","2","0","2"
"镇抚张伯恭","1","1","2"
"年遣使贡象","2","0","2"
"遣使贡象马","2","0","2"
"年遣使谢恩","2","0","2"
"遣中官徐亮","2","0","2"
"中官徐亮赍","2","0","2"
"官徐亮赍敕","2","0","2"
"赐白金三千","1","1","2"
"白金三千两","1","1","2"
"锦绮三百表","1","1","2"
"绮三百表里","1","1","2"
"时木邦攻破","1","1","2"
"破缅甸城寨","2","0","2"
"缅甸城寨二","2","0","2"
"甸城寨二十","2","0","2"
"城寨二十余","2","0","2"
"宣慰罕门法","1","1","2"
"祖母美罕板","1","1","2"
"思任发父子","1","1","2"
"免木邦岁办","2","0","2"
"陇川宣抚司","1","1","2"
"陇川宣抚刀","1","1","2"
"川宣抚刀歪","1","1","2"
"宣抚刀歪孟","1","1","2"
"总兵官求救","1","1","2"
"左参将胡志","1","1","2"
"参将胡志调","1","1","2"
"将胡志调兵","1","1","2"
"南宁伯毛胜","1","1","2"
"总兵官沐瓒","1","1","2"
"国公沐琮闻","2","0","2"
"故木邦宣慰","1","1","2"
"邦宣慰罕揲","1","1","2"
"宣慰罕揲法","1","1","2"
"部尚书张鹏","1","1","2"
"尚书张鹏主","1","1","2"
"副都御史程","1","1","2"
"都御史程宗","1","1","2"
"直隶布政司","2","0","2"
"设孟密安抚","2","0","2"
"云南守臣奏","2","0","2"
"曩罕弄先后","1","1","2"
"头目放卓孟","1","1","2"
"目放卓孟等","1","1","2"
"工部尚书程","1","1","2"
"部尚书程宗","1","1","2"
"邦宣慰罕挖","2","0","2"
"宣慰罕挖法","2","0","2"
"孟密侵夺木","1","1","2"
"密侵夺木邦","1","1","2"
"土舍思揲乘","1","1","2"
"舍思揲乘虚","1","1","2"
"思揲乘虚袭","1","1","2"
"头目高答落","1","1","2"
"目高答落等","1","1","2"
"巡抚张诰等","1","1","2"
"遣文武大员","1","1","2"
"邦宣慰罕烈","1","1","2"
"叔罕衤盍约","1","1","2"
"罕衤盍约暹","1","1","2"
"衤盍约暹罗","1","1","2"
"置云远路军","1","1","2"
"平缅宣慰司","1","1","2"
"土官刀木旦","1","1","2"
"遣人贡方物","2","0","2"
"邦宣慰使罕","1","1","2"
"宣慰使罕宾","1","1","2"
"慰使罕宾法","1","1","2"
"伯父刀木旦","1","1","2"
"者二十余年","2","0","2"
"川宣慰思任","1","1","2"
"宣慰思任发","1","1","2"
"慰思任发所","1","1","2"
"帝命黔国公","2","0","2"
"头目刀变蛮","1","1","2"
"目刀变蛮等","1","1","2"
"总兵官世世","1","1","2"
"诸葛亮五月","1","1","2"
"葛亮五月渡","1","1","2"
"宣慰刀孟宾","1","1","2"
"孟养地缅甸","2","0","2"
"缅甸宣慰马","1","1","2"
"甸宣慰马哈","1","1","2"
"宣慰马哈省","1","1","2"
"慰马哈省管","1","1","2"
"马哈省管治","1","1","2"
"养金沙江思","2","0","2"
"金沙江思陆","2","0","2"
"沙江思陆发","2","0","2"
"遣人贡象马","2","0","2"
"太监钱能镇","1","1","2"
"土舍思揲侵","1","1","2"
"思陆遣大陶","2","0","2"
"陆遣大陶孟","2","0","2"
"云南巡按谢","1","1","2"
"南巡按谢朝","1","1","2"
"巡按谢朝宣","1","1","2"
"南甸三宣抚","2","0","2"
"蛮莫等地十","1","1","2"
"莫等地十三","1","1","2"
"等地十三处","1","1","2"
"蛮莫等地原","1","1","2"
"总兵官沐绍","1","1","2"
"兵官沐绍勋","1","1","2"
"政王汝舟等","1","1","2"
"蛮莫等十三","1","1","2"
"头目思华守","1","1","2"
"置撒里路军","1","1","2"
"撒里路军民","1","1","2"
"里路军民总","1","1","2"
"置军民宣慰","1","1","2"
"平侯沐晟请","1","1","2"
"道经八百大","2","0","2"
"宣慰刀招散","1","1","2"
"慰刀招散所","1","1","2"
"长子刀更孟","1","1","2"
"靖安宣慰使","1","1","2"
"安宣慰使司","1","1","2"
"弄逃入老挝","1","1","2"
"土舍刀霸羡","1","1","2"
"舍刀霸羡请","1","1","2"
"靖安宣慰刀","1","1","2"
"安宣慰刀霸","1","1","2"
"宣慰刀霸供","1","1","2"
"靖安宣慰司","1","1","2"
"川宣慰思伦","1","1","2"
"宣慰思伦发","1","1","2"
"慰思伦发叛","1","1","2"
"刀霸羡奉调","1","1","2"
"弟板雅忠等","1","1","2"
"兄三宝历代","1","1","2"
"颁伪敕车里","2","0","2"
"缅酋莽应里","2","0","2"
"车里宣慰刀","1","1","2"
"里宣慰刀糯","1","1","2"
"宣慰刀糯猛","1","1","2"
"宣慰刀韫猛","1","1","2"
"土官刀线歹","1","1","2"
"宣慰刀线达","1","1","2"
"铸老挝军民","2","0","2"
"宣慰使司印","2","0","2"
"杀宣慰刀板","2","0","2"
"季子怕雅赛","2","0","2"
"子怕雅赛走","2","0","2"
"怕雅赛走八","2","0","2"
"雅赛走八百","2","0","2"
"宣慰舍人招","1","1","2"
"慰舍人招揽","1","1","2"
"舍人招揽章","1","1","2"
"人招揽章应","1","1","2"
"云南三司官","1","1","2"
"八百等处宣","1","1","2"
"百等处宣慰","1","1","2"
"八百媳妇国","1","1","2"
"土官刀板冕","1","1","2"
"百户杨完者","1","1","2"
"八百宣慰远","1","1","2"
"宣慰使司二","2","0","2"
"八百大甸宣","2","0","2"
"百大甸宣慰","2","0","2"
"遣员外郎左","1","1","2"
"员外郎左洋","1","1","2"
"刀招散遣人","2","0","2"
"招散遣人贡","2","0","2"
"土官刀招散","1","1","2"
"官刀招散所","1","1","2"
"遣司宾田茂","1","1","2"
"乘车里空虚","1","1","2"
"长率兵一万","1","1","2"
"率兵一万五","1","1","2"
"奉金缕表文","1","1","2"
"年进贡方物","1","1","2"
"暴死者数千","2","0","2"
"遣兵扼归路","2","0","2"
"八百远离云","1","1","2"
"百远离云南","1","1","2"
"平川数千里","1","1","2"
"八百大甸上","1","1","2"
"百大甸上书","1","1","2"
"四译馆通事","1","1","2"
"土人曲承美","1","1","2"
"人曲承美窃","1","1","2"
"大臣黎桓所","1","1","2"
"臣黎桓所篡","1","1","2"
"大臣李公蕴","1","1","2"
"汉阳知府易","1","1","2"
"阳知府易济","1","1","2"
"少中大夫同","1","1","2"
"中大夫同时","1","1","2"
"大夫同时敏","1","1","2"
"正大夫段悌","1","1","2"
"国王陈日煃","2","0","2"
"织金文绮纱","2","0","2"
"金文绮纱罗","2","0","2"
"文绮纱罗四","2","0","2"
"绮纱罗四十","2","0","2"
"纱罗四十匹","2","0","2"
"翰林编修罗","1","1","2"
"林编修罗复","1","1","2"
"编修罗复仁","1","1","2"
"兵部主事张","1","1","2"
"部主事张福","1","1","2"
"事张福谕令","1","1","2"
"帝素服御西","2","0","2"
"西华门引见","1","1","2"
"遣吏部主事","1","1","2"
"吏部主事林","1","1","2"
"部主事林唐","1","1","2"
"主事林唐臣","1","1","2"
"遣上大夫阮","1","1","2"
"中大夫莫季","1","1","2"
"大夫莫季龙","1","1","2"
"下大夫黎元","1","1","2"
"大夫黎元普","1","1","2"
"夫黎元普等","1","1","2"
"命礼部郎中","2","0","2"
"礼部郎中邢","1","1","2"
"部郎中邢文","1","1","2"
"郎中邢文伟","1","1","2"
"命广西守臣","2","0","2"
"讨龙州赵宗","1","1","2"
"尚书杨靖谕","1","1","2"
"令输二万石","2","0","2"
"土官黄广成","1","1","2"
"思明总管府","1","1","2"
"永平寨万户","1","1","2"
"平寨万户府","1","1","2"
"帝命行人陈","1","1","2"
"命行人陈诚","1","1","2"
"命行人杨渤","1","1","2"
"行人杨渤等","1","1","2"
"礼部郎中夏","1","1","2"
"部郎中夏止","1","1","2"
"郎中夏止善","1","1","2"
"陪臣裴伯耆","1","1","2"
"黎季犛父子","2","0","2"
"经略使黎国","1","1","2"
"略使黎国髦","1","1","2"
"三年命御史","2","0","2"
"右副将军黄","1","1","2"
"副将军黄中","1","1","2"
"国公朱能等","1","1","2"
"平侯沐晟佩","1","1","2"
"侯沐晟佩征","1","1","2"
"沐晟佩征夷","1","1","2"
"晟佩征夷副","1","1","2"
"佩征夷副将","1","1","2"
"辅右副将军","2","0","2"
"遣骠骑将军","2","0","2"
"富良江南下","1","1","2"
"求陈氏子孙","2","0","2"
"前工部侍郎","1","1","2"
"部侍郎张显","1","1","2"
"侍郎张显宗","1","1","2"
"建布政司左","1","1","2"
"政司左参政","1","1","2"
"司左参政王","1","1","2"
"左参政王平","1","1","2"
"前河南按察","1","1","2"
"南按察使阮","1","1","2"
"按察使阮友","1","1","2"
"察使阮友彰","1","1","2"
"顺化十五府","1","1","2"
"一百八十一","1","1","2"
"访求山林隐","1","1","2"
"求山林隐逸","1","1","2"
"伪将相胡杜","1","1","2"
"将相胡杜等","1","1","2"
"弟卫国大王","1","1","2"
"一千七百六","1","1","2"
"千七百六十","1","1","2"
"七百六十里","1","1","2"
"二千八百里","1","1","2"
"八万七千五","1","1","2"
"万七千五百","1","1","2"
"牛二十三万","1","1","2"
"二十三万五","1","1","2"
"三万五千九","1","1","2"
"万五千九百","1","1","2"
"米粟一千三","1","1","2"
"粟一千三百","1","1","2"
"一千三百六","1","1","2"
"千三百六十","1","1","2"
"三百六十万","1","1","2"
"船八千六百","1","1","2"
"八千六百七","1","1","2"
"六百七十余","1","1","2"
"百七十余艘","1","1","2"
"军器二百五","1","1","2"
"器二百五十","1","1","2"
"五十三万九","1","1","2"
"十三万九千","1","1","2"
"三万九千八","1","1","2"
"党陈希葛逃","1","1","2"
"沐晟征夷将","2","0","2"
"晟征夷将军","2","0","2"
"参赞尚书刘","1","1","2"
"赞尚书刘俊","1","1","2"
"南策州卢渡","1","1","2"
"策州卢渡江","1","1","2"
"伪金吾将军","1","1","2"
"金吾将军阮","1","1","2"
"吾将军阮世","1","1","2"
"船六百余艘","1","1","2"
"潘低等二百","1","1","2"
"等二百余人","2","0","2"
"转入神投海","1","1","2"
"入神投海口","1","1","2"
"贼党阮师桧","1","1","2"
"伪金吾上将","1","1","2"
"金吾上将军","1","1","2"
"吾上将军杜","1","1","2"
"上将军杜元","1","1","2"
"将军杜元措","1","1","2"
"军杜元措等","1","1","2"
"东潮州安老","1","1","2"
"潮州安老县","1","1","2"
"阮人柱等二","1","1","2"
"人柱等二千","1","1","2"
"神投福成江","1","1","2"
"获伪将军黎","1","1","2"
"伪将军黎弄","1","1","2"
"季祐按察副","2","0","2"
"祐按察副使","2","0","2"
"生擒伪将军","2","0","2"
"伪将军邓宗","1","1","2"
"将军邓宗稷","1","1","2"
"伪龙虎将军","1","1","2"
"龙虎将军黎","1","1","2"
"虎将军黎蕊","1","1","2"
"将军黎蕊等","1","1","2"
"生厥江交州","1","1","2"
"获伪将军杨","1","1","2"
"伪将军杨汝","1","1","2"
"将军杨汝梅","1","1","2"
"防御使冯翕","1","1","2"
"首千五百级","2","0","2"
"辅督方政等","1","1","2"
"伪将军陈磊","1","1","2"
"伪少保潘季","1","1","2"
"伪官十七人","1","1","2"
"列象阵迎敌","1","1","2"
"伪将军潘径","1","1","2"
"阮徐等五十","1","1","2"
"徐等五十六","1","1","2"
"黎蟾等七百","1","1","2"
"蟾等七百人","1","1","2"
"等七百人逃","1","1","2"
"政等衔枚疾","1","1","2"
"伪大将军阮","1","1","2"
"大将军阮帅","1","1","2"
"土官阮茶汇","1","1","2"
"指挥薛聚追","1","1","2"
"遣都指挥师","2","0","2"
"都指挥师祐","2","0","2"
"复命辅佩征","2","0","2"
"辅佩征夷将","1","1","2"
"年命丰城侯","2","0","2"
"城侯李彬代","1","1","2"
"土官同知陈","1","1","2"
"知县范伯高","1","1","2"
"安知府潘僚","1","1","2"
"千户陈顺庆","1","1","2"
"百户陈直诚","1","1","2"
"丁宗老大湾","2","0","2"
"土官指挥路","1","1","2"
"官指挥路文","1","1","2"
"指挥路文律","1","1","2"
"千户陈苔等","1","1","2"
"侬文历等迄","1","1","2"
"清化府俄乐","1","1","2"
"化府俄乐县","1","1","2"
"将军阮立等","2","0","2"
"头目范仰等","1","1","2"
"参政梁汝笏","1","1","2"
"州招集徒众","1","1","2"
"结云南宁远","1","1","2"
"侯王通征夷","2","0","2"
"王通征夷将","2","0","2"
"通征夷将军","2","0","2"
"都指挥王演","1","1","2"
"都指挥袁亮","1","1","2"
"都督陈浚所","1","1","2"
"尚书陈洽死","2","0","2"
"清化知州罗","1","1","2"
"化知州罗通","1","1","2"
"百户万琮奋","1","1","2"
"伪太监黎秘","1","1","2"
"三万三千人","1","1","2"
"都指挥孙聚","1","1","2"
"指挥李任等","1","1","2"
"循太宗皇帝","1","1","2"
"太宗皇帝继","1","1","2"
"宗皇帝继绝","1","1","2"
"部右侍郎罗","1","1","2"
"右侍郎罗汝","1","1","2"
"右通政黄骥","1","1","2"
"谕安南人民","1","1","2"
"通弃地殃民","1","1","2"
"金银器方物","2","0","2"
"头目耆老奏","2","0","2"
"右通政徐琦","1","1","2"
"侍郎徐琦等","1","1","2"
"正统元年四","1","1","2"
"统元年四月","1","1","2"
"命兵部右侍","1","1","2"
"部右侍郎李","1","1","2"
"右侍郎李郁","1","1","2"
"麟安南国王","2","0","2"
"时安南思郎","1","1","2"
"安南思郎州","1","1","2"
"土官攻掠广","1","1","2"
"官攻掠广西","1","1","2"
"行人高寅敕","1","1","2"
"命光禄少卿","2","0","2"
"光禄少卿宋","1","1","2"
"禄少卿宋杰","1","1","2"
"事中薛谦持","1","1","2"
"中薛谦持节","1","1","2"
"薛谦持节册","1","1","2"
"谦持节册封","1","1","2"
"新王摩诃贵","1","1","2"
"遣使贺册立","2","0","2"
"使贺册立皇","2","0","2"
"庶兄谅山王","1","1","2"
"通政参议尹","1","1","2"
"礼科事中王","2","0","2"
"事中王豫封","2","0","2"
"侍读学士钱","1","1","2"
"读学士钱溥","1","1","2"
"尚宝卿凌信","1","1","2"
"赐皮弁冠服","2","0","2"
"成化元年八","1","1","2"
"化元年八月","1","1","2"
"执王盘罗茶","2","0","2"
"王盘罗茶悦","1","1","2"
"中官钱能贪","1","1","2"
"解送广西龙","1","1","2"
"送广西龙州","1","1","2"
"占城王盘罗","1","1","2"
"城王盘罗茶","1","1","2"
"弟盘罗茶悦","1","1","2"
"盘罗茶悦所","1","1","2"
"罗茶悦所弑","1","1","2"
"子茶质苔所","1","1","2"
"茶质苔所弑","1","1","2"
"结营筑室居","1","1","2"
"掌父子三人","1","1","2"
"书马文升召","1","1","2"
"朝廷一旦赫","1","1","2"
"廷一旦赫然","1","1","2"
"一旦赫然震","1","1","2"
"旦赫然震怒","1","1","2"
"洪德二十八","1","1","2"
"德二十八年","1","1","2"
"失主宰一国","1","1","2"
"忘臣事中国","1","1","2"
"修撰伦文叙","1","1","2"
"国人黎广等","1","1","2"
"社堂烧香官","1","1","2"
"堂烧香官陈","1","1","2"
"臣都力士莫","1","1","2"
"都力士莫登","1","1","2"
"力士莫登庸","1","1","2"
"太傅仁国公","1","1","2"
"命编修孙承","1","1","2"
"编修孙承恩","1","1","2"
"赂钦州判官","1","1","2"
"钦州判官唐","1","1","2"
"州判官唐清","1","1","2"
"本兵张瓒等","1","1","2"
"臣篡主夺国","1","1","2"
"千户陶凤仪","1","1","2"
"户部侍郎唐","1","1","2"
"部侍郎唐胄","1","1","2"
"侍郎唐胄上","1","1","2"
"郎唐胄上疏","1","1","2"
"安南黎宁遣","2","0","2"
"国人郑惟僚","1","1","2"
"人郑惟僚等","1","1","2"
"部会廷臣议","2","0","2"
"右都御史毛","1","1","2"
"部侍郎胡琏","1","1","2"
"高公韶先驰","1","1","2"
"两广调度军","1","1","2"
"都督佥事江","1","1","2"
"督佥事江桓","1","1","2"
"侍郎潘珍持","1","1","2"
"时御史徐九","1","1","2"
"御史徐九皋","1","1","2"
"旧臣武文渊","1","1","2"
"述黎氏衰乱","1","1","2"
"宁侯仇鸾总","1","1","2"
"侯仇鸾总督","1","1","2"
"仇鸾总督军","1","1","2"
"鸾总督军务","1","1","2"
"黄绾礼部尚","2","0","2"
"县一百七十","1","1","2"
"部目四十二","1","1","2"
"目四十二人","1","1","2"
"十三宣抚司","2","0","2"
"宣抚同知阮","1","1","2"
"抚同知阮典","1","1","2"
"同知阮典敬","1","1","2"
"知阮典敬等","1","1","2"
"石室人阮敬","1","1","2"
"子仪收残卒","2","0","2"
"仪收残卒遁","2","0","2"
"收残卒遁海","2","0","2"
"残卒遁海东","2","0","2"
"将俞大猷所","1","1","2"
"俞大猷所败","1","1","2"
"部目黎伯骊","1","1","2"
"嘉靖九年改","1","1","2"
"范百禄诸军","1","1","2"
"广西巡抚陈","1","1","2"
"西巡抚陈大","1","1","2"
"巡抚陈大科","1","1","2"
"抚陈大科等","1","1","2"
"彼叛服顺逆","2","0","2"
"维潭图恢复","2","0","2"
"广西巡抚戴","1","1","2"
"西巡抚戴耀","1","1","2"
"左江副使杨","1","1","2"
"江副使杨寅","1","1","2"
"臣郑松专权","1","1","2"
"维潭都统使","1","1","2"
"安南黎氏世","1","1","2"
"南黎氏世孙","1","1","2"
"恭进代身金","1","1","2"
"燕人卫满所","1","1","2"
"扶余人高氏","1","1","2"
"置东宁路总","1","1","2"
"东宁路总管","1","1","2"
"宁路总管府","1","1","2"
"颛高丽国王","2","0","2"
"总部尚书成","1","1","2"
"部尚书成惟","1","1","2"
"千牛卫大将","1","1","2"
"牛卫大将军","1","1","2"
"卫大将军金","1","1","2"
"大将军金甲","1","1","2"
"将军金甲两","1","1","2"
"军金甲两上","1","1","2"
"金甲两上表","1","1","2"
"甲两上表谢","1","1","2"
"请祭服制度","2","0","2"
"郑梦周等一","1","1","2"
"梦周等一百","1","1","2"
"周等一百五","1","1","2"
"等一百五十","1","1","2"
"者三十九人","1","1","2"
"使延安答里","1","1","2"
"赞成事姜仁","1","1","2"
"成事姜仁裕","1","1","2"
"中书省臣曰","2","0","2"
"监门护军周","1","1","2"
"门护军周谊","1","1","2"
"称送太府监","1","1","2"
"相李仁人所","1","1","2"
"宠臣辛肫子","2","0","2"
"臣辛肫子禑","2","0","2"
"辛肫子禑子","2","0","2"
"遣判宗簿事","1","1","2"
"判宗簿事崔","1","1","2"
"宗簿事崔原","1","1","2"
"遣司仆正崔","1","1","2"
"司仆正崔涓","1","1","2"
"判书金进宜","1","1","2"
"贡马二千匹","1","1","2"
"辽东守将唐","1","1","2"
"东守将唐胜","1","1","2"
"守将唐胜宗","1","1","2"
"禑高丽国王","2","0","2"
"年二月遣使","2","0","2"
"指挥佥事高","1","1","2"
"挥佥事高家","1","1","2"
"佥事高家奴","1","1","2"
"都军相崔莹","1","1","2"
"兵攻破王城","1","1","2"
"立定昌国院","1","1","2"
"定昌国院君","1","1","2"
"高丽知密直","1","1","2"
"丽知密直司","1","1","2"
"知密直司事","1","1","2"
"密直司事赵","1","1","2"
"直司事赵胖","1","1","2"
"司事赵胖等","1","1","2"
"持国都评议","1","1","2"
"国都评议司","1","1","2"
"大将李成桂","1","1","2"
"启请恭愍王","1","1","2"
"闻皇太子薨","2","0","2"
"马九千八百","1","1","2"
"千八百余匹","2","0","2"
"布一万九千","1","1","2"
"一万九千七","1","1","2"
"千七百余匹","2","0","2"
"上前恭愍王","1","1","2"
"朝鲜国招引","1","1","2"
"军民三百八","1","1","2"
"民三百八十","1","1","2"
"百八十余人","1","1","2"
"门下评理郑","1","1","2"
"下评理郑道","1","1","2"
"评理郑道传","1","1","2"
"理郑道传所","1","1","2"
"郑道传所撰","1","1","2"
"郑总等三人","1","1","2"
"遣官颁位诏","2","0","2"
"永乐元年正","1","1","2"
"乐元年正月","1","1","2"
"遣陪臣李贵","1","1","2"
"陪臣李贵龄","1","1","2"
"妃珠翠七翟","1","1","2"
"珠翠七翟冠","1","1","2"
"贡马三千匹","1","1","2"
"光禄少卿韩","1","1","2"
"禄少卿韩确","1","1","2"
"鸿胪丞刘泉","1","1","2"
"胪丞刘泉封","1","1","2"
"正统元年三","1","1","2"
"统元年三月","1","1","2"
"朝鲜妇女金","1","1","2"
"鲜妇女金黑","1","1","2"
"妇女金黑等","1","1","2"
"女金黑等五","1","1","2"
"金黑等五十","1","1","2"
"黑等五十三","1","1","2"
"建州李满住","1","1","2"
"鸭绿江一带","1","1","2"
"贡马五百匹","1","1","2"
"头目李满住","1","1","2"
"目李满住等","1","1","2"
"毛怜卫都督","1","1","2"
"怜卫都督郎","1","1","2"
"卫都督郎卜","1","1","2"
"建州卫野人","1","1","2"
"都指挥兀克","1","1","2"
"陪臣李门炯","1","1","2"
"遣中枢府知","1","1","2"
"中枢府知事","1","1","2"
"枢府知事康","1","1","2"
"府知事康纯","1","1","2"
"知事康纯统","1","1","2"
"遣太监郑同","1","1","2"
"太监郑同等","1","1","2"
"监郑同等随","1","1","2"
"册封正副使","1","1","2"
"建州野人纠","1","1","2"
"兵夹击建州","1","1","2"
"夹击建州女","1","1","2"
"左议政尹弼","1","1","2"
"议政尹弼商","1","1","2"
"节度使金峤","1","1","2"
"度使金峤等","1","1","2"
"马二百三十","1","1","2"
"封副室尹氏","1","1","2"
"弘治七年十","1","1","2"
"治七年十二","1","1","2"
"子〈皇页〉","2","0","2"
"陪臣卢公弼","1","1","2"
"臣卢公弼等","1","1","2"
"相李仁人本","1","1","2"
"怿上疏备陈","1","1","2"
"怿金帛珠玉","1","1","2"
"嘉靖二年八","1","1","2"
"靖二年八月","1","1","2"
"陪臣柳溥上","1","1","2"
"国祖李旦系","1","1","2"
"祖李旦系本","1","1","2"
"李旦系本国","1","1","2"
"旦系本国全","1","1","2"
"系本国全州","1","1","2"
"本国全州人","1","1","2"
"南京千户所","1","1","2"
"恭愍王十年","1","1","2"
"内竖崔万生","1","1","2"
"竖崔万生所","1","1","2"
"崔万生所弑","1","1","2"
"臣李仁人诛","1","1","2"
"按御史察参","1","1","2"
"漂入朝鲜境","1","1","2"
"帝赐玺书褒","1","1","2"
"十八年十一","1","1","2"
"年十一月奏","2","0","2"
"陈春等三百","1","1","2"
"陪臣奇芩等","1","1","2"
"奏称本年六","1","1","2"
"称本年六月","1","1","2"
"关白平秀吉","1","1","2"
"白平秀吉声","1","1","2"
"兵渡鸭绿江","2","0","2"
"入丰德等郡","1","1","2"
"游击周弘谟","1","1","2"
"江浙兵五千","1","1","2"
"辽东都御史","1","1","2"
"东都御史赵","1","1","2"
"都御史赵耀","1","1","2"
"倭釜山移西","2","0","2"
"釜山移西生","2","0","2"
"山移西生浦","2","0","2"
"世子临海君","1","1","2"
"子临海君珒","2","0","2"
"顾养谦经略","1","1","2"
"礼部郎中何","1","1","2"
"部郎中何乔","1","1","2"
"郎中何乔远","1","1","2"
"将万历十九","1","1","2"
"人许仪所寄","1","1","2"
"御史郭实等","1","1","2"
"小西飞入朝","1","1","2"
"临淮侯李宗","1","1","2"
"淮侯李宗城","1","1","2"
"都指挥杨方","1","1","2"
"庶长子临海","1","1","2"
"长子临海君","1","1","2"
"次子光海君","1","1","2"
"珲收集流散","1","1","2"
"尚书范谦言","2","0","2"
"天子处分朝","1","1","2"
"子处分朝鲜","1","1","2"
"宽奠副总兵","1","1","2"
"奠副总兵马","1","1","2"
"兵部尚书邢","1","1","2"
"备倭大将军","1","1","2"
"佥都御史杨","2","0","2"
"都御史杨镐","1","1","2"
"御史杨镐驻","1","1","2"
"郡守安弘国","1","1","2"
"朝鲜西海口","1","1","2"
"遣游击牛伯","1","1","2"
"游击牛伯英","1","1","2"
"弃王京退守","1","1","2"
"王京退守鸭","1","1","2"
"京退守鸭绿","1","1","2"
"退守鸭绿江","1","1","2"
"海防使萧应","1","1","2"
"防使萧应宫","1","1","2"
"麻贵发兵守","1","1","2"
"军李应试问","1","1","2"
"乌岭向东安","1","1","2"
"彦阳通釜山","1","1","2"
"击茅国器统","1","1","2"
"士卒物故者","2","0","2"
"将士分道进","1","1","2"
"士分道进兵","1","1","2"
"福建都御史","1","1","2"
"建都御史金","1","1","2"
"都御史金学","1","1","2"
"御史金学曾","1","1","2"
"石曼子引舟","2","0","2"
"曼子引舟师","2","0","2"
"子引舟师救","2","0","2"
"二十七年闰","1","1","2"
"十七年闰四","1","1","2"
"七年闰四月","1","1","2"
"倭奴平秀吉","1","1","2"
"九十一万八","1","1","2"
"十一万八千","1","1","2"
"年十三万石","1","1","2"
"二十八年四","1","1","2"
"米豆运回辽","1","1","2"
"豆运回辽阳","1","1","2"
"营垒遗址尚","1","1","2"
"垒遗址尚存","1","1","2"
"神机百子火","1","1","2"
"机百子火箭","1","1","2"
"岛主平义智","1","1","2"
"对马岛一水","1","1","2"
"马岛一水相","1","1","2"
"三十年十一","1","1","2"
"三十三年九","1","1","2"
"三十五年四","1","1","2"
"四十一年九","1","1","2"
"生母先亡者","1","1","2"
"四十三年十","1","1","2"
"四十八年正","1","1","2"
"八月中攻破","1","1","2"
"降敕令晓谕","1","1","2"
"天启元年八","1","1","2"
"启元年八月","1","1","2"
"毛文龙总兵","2","0","2"
"登州巡抚袁","1","1","2"
"左议府尹义","1","1","2"
"议府尹义立","1","1","2"
"府尹义立约","1","1","2"
"小邦所仰藉","1","1","2"
"尹义立曾任","1","1","2"
"义立曾任判","1","1","2"
"立曾任判书","1","1","2"
"叛臣韩润等","1","1","2"
"都司王三桂","1","1","2"
"司王三桂等","1","1","2"
"时大清兵所","1","1","2"
"户曹判书郑","1","1","2"
"曹判书郑斗","1","1","2"
"判书郑斗源","1","1","2"
"左都督毛文","1","1","2"
"都督毛文龙","1","1","2"
"毛文龙双岛","2","0","2"
"士卒二万投","1","1","2"
"卒二万投顺","1","1","2"
"向朝鲜征粮","1","1","2"
"兵陈洪范调","1","1","2"
"程番长官司","1","1","2"
"州宣慰司所","1","1","2"
"诸葛亮南征","1","1","2"
"水西宣慰司","1","1","2"
"宣慰宋蒙古","1","1","2"
"慰宋蒙古歹","1","1","2"
"马二十三匹","1","1","2"
"贡马六十六","1","1","2"
"马六十六匹","1","1","2"
"西堡狮子孔","1","1","2"
"正三品昭勇","1","1","2"
"三品昭勇将","1","1","2"
"品昭勇将军","1","1","2"
"宣慰宋然代","1","1","2"
"慰宋然代理","1","1","2"
"陈湖等十二","1","1","2"
"湖等十二马","1","1","2"
"等十二马头","1","1","2"
"土目乌挂等","1","1","2"
"巡按御史上","1","1","2"
"提督尚书伍","1","1","2"
"督尚书伍文","1","1","2"
"尚书伍文定","1","1","2"
"总兵安大朝","1","1","2"
"巡抚阮文中","1","1","2"
"水西乌江地","1","1","2"
"巡按御史勘","2","0","2"
"宣慰土舍宋","1","1","2"
"慰土舍宋万","1","1","2"
"土舍宋万化","1","1","2"
"天启二年二","1","1","2"
"启二年二月","1","1","2"
"贵州总兵杨","1","1","2"
"州总兵杨愈","1","1","2"
"总兵杨愈懋","1","1","2"
"大兵数十万","1","1","2"
"前锋杨明楷","1","1","2"
"锋杨明楷率","1","1","2"
"城中军民男","1","1","2"
"擒土司何中","1","1","2"
"土司何中尉","1","1","2"
"司何中尉等","1","1","2"
"兵直入大方","1","1","2"
"邦彦率数万","1","1","2"
"大方东倚播","1","1","2"
"百五十里皆","2","0","2"
"五十里皆坦","2","0","2"
"十里皆坦途","2","0","2"
"王国祯陆广","2","0","2"
"国祯陆广入","2","0","2"
"刘养鲲遵义","2","0","2"
"养鲲遵义入","2","0","2"
"斩首万余级","2","0","2"
"率四十八目","2","0","2"
"四十八目降","2","0","2"
"宣慰宋万化","1","1","2"
"宋氏洪边十","1","1","2"
"氏洪边十二","1","1","2"
"故大学士张","1","1","2"
"太平沿江荻","1","1","2"
"平沿江荻洲","1","1","2"
"沿江荻洲杂","1","1","2"
"江荻洲杂税","1","1","2"
"先帝耗天下","1","1","2"
"参政王胤昌","1","1","2"
"总兵官王绍","1","1","2"
"兵官王绍禹","1","1","2"
"副将刘见义","1","1","2"
"督马士英等","1","1","2"
"宁南侯左良","1","1","2"
"南侯左良玉","1","1","2"
"内侍王坤仓","1","1","2"
"奉榔走梧州","2","0","2"
"兵部侍郎林","1","1","2"
"部侍郎林佳","1","1","2"
"侍郎林佳鼎","1","1","2"
"祭酒梁朝钟","1","1","2"
"太仆卿霍子","1","1","2"
"仆卿霍子衡","1","1","2"
"卿霍子衡等","1","1","2"
"武冈总兵官","1","1","2"
"冈总兵官刘","1","1","2"
"兵官刘承胤","1","1","2"
"焦琏留守桂","1","1","2"
"琏留守桂林","1","1","2"
"指挥马吉翔","1","1","2"
"挥马吉翔等","1","1","2"
"马吉翔等挟","1","1","2"
"总兵官侯性","1","1","2"
"太监庞天寿","1","1","2"
"土舍覃鸣珂","1","1","2"
"舍覃鸣珂作","1","1","2"
"覃鸣珂作乱","1","1","2"
"湖南十三镇","1","1","2"
"南十三镇将","1","1","2"
"十三镇将郝","1","1","2"
"三镇将郝永","1","1","2"
"镇将郝永忠","1","1","2"
"广西全省略","1","1","2"
"西全省略定","1","1","2"
"时南昌金声","1","1","2"
"南昌金声桓","1","1","2"
"昌金声桓等","1","1","2"
"督张同敞死","1","1","2"
"大学士吴贞","1","1","2"
"学士吴贞毓","1","1","2"
"李定国连败","1","1","2"
"随行者六百","1","1","2"
"行者六百四","1","1","2"
"者六百四十","1","1","2"
"下九百余人","1","1","2"
"公沐天波等","1","1","2"
"八十余人流","1","1","2"
"十余人流入","1","1","2"
"余人流入暹","1","1","2"
"人流入暹罗","1","1","2"
"弟莽猛白代","1","1","2"
"莽猛白代立","1","1","2"
"魏豹等四十","1","1","2"
"豹等四十二","1","1","2"
"属二十五人","1","1","2"
"正德六年殿","1","1","2"
"德六年殿试","1","1","2"
"六年殿试第","1","1","2"
"年殿试第一","1","1","2"
"召翰林学士","2","0","2"
"学士丰熙等","1","1","2"
"讨王元正等","1","1","2"
"云南永昌卫","1","1","2"
"武定凤朝文","1","1","2"
"定凤朝文作","1","1","2"
"武宗问钦天","1","1","2"
"宗问钦天监","1","1","2"
"正德六年进","1","1","2"
"德六年进士","1","1","2"
"屡迁礼科都","2","0","2"
"翀复偕同官","2","0","2"
"助尚书乔宇","1","1","2"
"尚书乔宇等","1","1","2"
"尚书秦金请","1","1","2"
"尚书赵鉴等","1","1","2"
"二百二十余","2","0","2"
"举成化二十","2","0","2"
"年礼部右侍","2","0","2"
"宏文渊阁大","2","0","2"
"兵部尚书陆","1","1","2"
"毛纪同心协","1","1","2"
"内阁掌参机","1","1","2"
"阁掌参机务","1","1","2"
"掌参机务辅","1","1","2"
"参机务辅导","1","1","2"
"机务辅导首","1","1","2"
"务辅导首臣","1","1","2"
"郎中陈九川","1","1","2"
"中陈九川所","1","1","2"
"两京乡试考","1","1","2"
"京乡试考官","1","1","2"
"新宁伯谭纶","1","1","2"
"宁伯谭纶掌","1","1","2"
"遣重臣巡视","2","0","2"
"总督毛伯温","1","1","2"
"御史赵大佑","1","1","2"
"谕德秦鸣夏","1","1","2"
"赞善浦应麒","1","1","2"
"俾密封言事","2","0","2"
"彗星见东井","2","0","2"
"衣卫千户陈","1","1","2"
"迁显陵天寿","2","0","2"
"显陵天寿山","2","0","2"
"巡检徐震奏","1","1","2"
"时文渊阁大","2","0","2"
"御史冯恩先","1","1","2"
"史冯恩先后","1","1","2"
"十二月卒官","2","0","2"
"修撰全元立","1","1","2"
"臣等胜欣忭","2","0","2"
"户部尚书武","2","0","2"
"炜才思敏捷","1","1","2"
"炜窜改殆尽","1","1","2"
"四十四年命","1","1","2"
"俺答款塞求","2","0","2"
"答款塞求封","2","0","2"
"南京事中王","2","0","2"
"举嘉靖十四","2","0","2"
"仓场侍郎林","1","1","2"
"场侍郎林应","1","1","2"
"侍郎林应亮","1","1","2"
"佥都御史霍","1","1","2"
"都御史霍冀","1","1","2"
"左侍郎刘大","1","1","2"
"侍郎刘大宾","1","1","2"
"命文渊阁大","2","0","2"
"兵部尚书霍","1","1","2"
"部尚书霍冀","1","1","2"
"者屈法徇人","1","1","2"
"登弘治十二","2","0","2"
"威宁伯王越","1","1","2"
"中御史戴铣","1","1","2"
"御史戴铣等","1","1","2"
"史戴铣等二","1","1","2"
"戴铣等二十","1","1","2"
"贵州龙场驿","1","1","2"
"州龙场驿丞","1","1","2"
"擢南京太仆","2","0","2"
"年八月擢右","2","0","2"
"八月擢右佥","2","0","2"
"福建大帽山","1","1","2"
"巡抚文森托","1","1","2"
"赣县主簿吴","1","1","2"
"督副使杨璋","1","1","2"
"县丞纪镛战","1","1","2"
"丞纪镛战死","1","1","2"
"指挥王铠等","1","1","2"
"尚书王琼奏","1","1","2"
"书王琼奏请","1","1","2"
"都指挥许清","1","1","2"
"宁都知县王","1","1","2"
"都知县王天","1","1","2"
"汀州知府唐","1","1","2"
"州知府唐淳","1","1","2"
"程乡知县张","1","1","2"
"横水三十里","1","1","2"
"袭锦衣卫百","1","1","2"
"都御史王懋","1","1","2"
"御史王懋中","1","1","2"
"御史张鳌山","1","1","2"
"同知郭祥鹏","1","1","2"
"进士郭持平","1","1","2"
"长江顺流东","1","1","2"
"江顺流东下","1","1","2"
"南赣王守仁","1","1","2"
"七月壬辰朔","2","0","2"
"遣奉新知县","1","1","2"
"县刘守绪袭","1","1","2"
"知府抚州陈","1","1","2"
"府抚州陈槐","1","1","2"
"广信周朝佐","1","1","2"
"察使杨璋等","1","1","2"
"命安边伯许","1","1","2"
"平贼将军左","1","1","2"
"贼将军左都","1","1","2"
"军左都督刘","1","1","2"
"京军离家久","1","1","2"
"方略讨平叛","1","1","2"
"略讨平叛乱","1","1","2"
"巡按御史石","1","1","2"
"按御史石金","1","1","2"
"断藤峡瑶贼","1","1","2"
"布政使林富","1","1","2"
"政使林富率","1","1","2"
"手诏问阁臣","1","1","2"
"诏问阁臣杨","1","1","2"
"问阁臣杨一","1","1","2"
"阁臣杨一清","1","1","2"
"臣杨一清等","1","1","2"
"时大臣杨廷","1","1","2"
"阳巡抚林富","1","1","2"
"巡抚林富代","1","1","2"
"论朱子格物","1","1","2"
"朱熹格物致","1","1","2"
"熹格物致知","1","1","2"
"朱熹晚年定","1","1","2"
"熹晚年定论","1","1","2"
"御史詹事讲","1","1","2"
"陈献章主静","1","1","2"
"德十一年乡","1","1","2"
"登正德三年","2","0","2"
"上疏陈时政","2","0","2"
"陈时政阙失","2","0","2"
"事中孙祯等","1","1","2"
"迁浙江佥事","2","0","2"
"杭州天竺寺","1","1","2"
"山西巡抚任","1","1","2"
"西巡抚任洛","1","1","2"
"年十四举乡","2","0","2"
"事中李铎等","1","1","2"
"山西左参议","1","1","2"
"镇守中官刘","1","1","2"
"守备太监王","1","1","2"
"备太监王伟","1","1","2"
"史道讦杨廷","2","0","2"
"称献帝本生","2","0","2"
"帝改称本生","2","0","2"
"经略黄花镇","1","1","2"
"令岁输银二","2","0","2"
"岁输银二万","2","0","2"
"锦衣百户张","1","1","2"
"衣百户张瑾","1","1","2"
"百户张瑾率","1","1","2"
"主事罗洪载","1","1","2"
"御马监阎洪","1","1","2"
"百户赵恺等","1","1","2"
"后府经历张","1","1","2"
"鹤庆玄化寺","1","1","2"
"雨雪灾异上","1","1","2"
"山西地震水","1","1","2"
"西地震水涌","1","1","2"
"致仕副使曹","2","0","2"
"仕副使曹时","2","0","2"
"巡抚韩邦问","1","1","2"
"引朱熹代唐","1","1","2"
"朱熹代唐仲","1","1","2"
"熹代唐仲友","1","1","2"
"包拯代宋祁","1","1","2"
"宁王宸濠贪","1","1","2"
"眉州人刘烈","1","1","2"
"遣知府张敏","1","1","2"
"知府张敏等","1","1","2"
"汉中三十六","1","1","2"
"中三十六盘","1","1","2"
"指挥李荫斩","1","1","2"
"指挥汪洋等","1","1","2"
"挥汪洋等中","1","1","2"
"官军乘胜进","1","1","2"
"功进右都御","2","0","2"
"总督洪钟议","1","1","2"
"佥事吴景战","1","1","2"
"正德六年十","1","1","2"
"德六年十一","1","1","2"
"刑狱付法司","2","0","2"
"迁四川佥事","2","0","2"
"守备太监赖","1","1","2"
"备太监赖义","1","1","2"
"兵部尚书前","2","0","2"
"事中章允贤","1","1","2"
"寻右副都御","2","0","2"
"曰皇考兴献","2","0","2"
"皇考兴献王","1","1","2"
"皇考兴献帝","1","1","2"
"刑二部侍郎","1","1","2"
"宋仁宗立濮","1","1","2"
"仁宗立濮王","1","1","2"
"宜称皇伯考","2","0","2"
"锦衣百户随","1","1","2"
"衣百户随全","1","1","2"
"光禄录事钱","1","1","2"
"禄录事钱子","1","1","2"
"书赵璜等斥","1","1","2"
"总兵官江桓","1","1","2"
"王守仁入阁","1","1","2"
"寺丞何渊请","1","1","2"
"立世室太庙","2","0","2"
"长沙人李鉴","1","1","2"
"正德九年会","1","1","2"
"德九年会试","1","1","2"
"读书西樵山","2","0","2"
"抚按兵备官","1","1","2"
"吴诸樊兄弟","1","1","2"
"诸樊兄弟四","1","1","2"
"居学士徐缙","1","1","2"
"巡抚子弟荫","1","1","2"
"受杨一清指","1","1","2"
"杨一清指使","1","1","2"
"疏力攻一清","2","0","2"
"遂下都察院","2","0","2"
"南京御史邓","1","1","2"
"京御史邓文","1","1","2"
"御史邓文宪","1","1","2"
"广东佥事龚","1","1","2"
"东佥事龚大","1","1","2"
"鸿胪卿王道","1","1","2"
"胪卿王道中","1","1","2"
"应天府丞郭","1","1","2"
"天府丞郭登","1","1","2"
"府丞郭登庸","1","1","2"
"明年十月卒","2","0","2"
"年十月卒官","2","0","2"
"大礼大狱罪","2","0","2"
"礼大狱罪诸","2","0","2"
"大狱罪诸臣","2","0","2"
"王守仁论学","2","0","2"
"桂萼争大礼","2","0","2"
"宪宗皇帝孙","1","1","2"
"孝宗皇帝侄","1","1","2"
"福建盐运使","1","1","2"
"杨名劾汪鋐","2","0","2"
"镇守中官王","1","1","2"
"守中官王纯","1","1","2"
"中官王纯等","1","1","2"
"寻迁南京刑","2","0","2"
"六年六月召","1","1","2"
"御史伍希儒","1","1","2"
"锦衣佥事聂","1","1","2"
"衣佥事聂能","1","1","2"
"佥事聂能迁","1","1","2"
"上疏丑诋一","2","0","2"
"郎中邹守益","1","1","2"
"制侍郎刘源","1","1","2"
"侍郎刘源清","1","1","2"
"郎中詹荣等","1","1","2"
"杀一家三人","2","0","2"
"魏国公徐俌","2","0","2"
"贼王浩八等","1","1","2"
"王浩八等流","1","1","2"
"都指挥江洪","1","1","2"
"都指挥白弘","1","1","2"
"湖州知府黄","1","1","2"
"州知府黄衷","1","1","2"
"指挥张琳等","1","1","2"
"抚王守仁平","1","1","2"
"戴德孺等先","1","1","2"
"德孺等先后","1","1","2"
"擢江西按察","2","0","2"
"称威武副将","1","1","2"
"董效等二百","1","1","2"
"参政黄昭道","1","1","2"
"文定兵部尚","2","0","2"
"定兵部尚书","2","0","2"
"都御史李承","1","1","2"
"御史李承勋","1","1","2"
"史李承勋极","1","1","2"
"巡按御史戴","1","1","2"
"按御史戴金","1","1","2"
"土酋阿济等","1","1","2"
"九年七月卒","2","0","2"
"年七月卒家","2","0","2"
"德十一年进","1","1","2"
"广东盐课提","1","1","2"
"东盐课提举","1","1","2"
"总督张经曰","2","0","2"
"州林希元上","1","1","2"
"林希元上书","1","1","2"
"希元上书请","1","1","2"
"广东封川僮","1","1","2"
"御史徐南金","1","1","2"
"属镇溪千户","1","1","2"
"镇溪千户所","1","1","2"
"州巡抚李义","1","1","2"
"巡抚李义壮","1","1","2"
"印江知县徐","1","1","2"
"江知县徐文","1","1","2"
"知县徐文伯","1","1","2"
"石阡推官邓","1","1","2"
"阡推官邓本","1","1","2"
"推官邓本忠","1","1","2"
"总兵官沈希","1","1","2"
"兵官沈希仪","1","1","2"
"参将石邦宪","1","1","2"
"将石邦宪等","1","1","2"
"石邦宪等分","1","1","2"
"酉阳宣慰冉","1","1","2"
"阳宣慰冉元","1","1","2"
"兵部侍郎督","2","0","2"
"首恶李通海","1","1","2"
"恶李通海等","1","1","2"
"喜王守仁学","2","0","2"
"云南安宁人","1","1","2"
"登成化八年","1","1","2"
"山西按察佥","1","1","2"
"十五年刘大","1","1","2"
"五年刘大夏","1","1","2"
"督理陕西马","2","0","2"
"寇大入花马","2","0","2"
"大入花马池","2","0","2"
"一清巡抚陕","1","1","2"
"清巡抚陕西","1","1","2"
"命一清总制","1","1","2"
"清总制三镇","1","1","2"
"宁夏巡抚徐","1","1","2"
"夏巡抚徐廷","1","1","2"
"巡抚徐廷璋","1","1","2"
"御史史琳请","1","1","2"
"东胜就延绥","2","0","2"
"延绥安边营","1","1","2"
"绥安边营石","1","1","2"
"安边营石涝","1","1","2"
"边营石涝池","1","1","2"
"横城三百里","1","1","2"
"军四千五百","1","1","2"
"四千五百人","1","1","2"
"百六十三里","1","1","2"
"百三十一里","1","1","2"
"连接宁夏东","1","1","2"
"接宁夏东路","1","1","2"
"兴武营守御","1","1","2"
"武营守御所","1","1","2"
"营守御所兵","1","1","2"
"总兵官神英","1","1","2"
"一清武英殿","2","0","2"
"清武英殿大","2","0","2"
"武学生朱大","1","1","2"
"学生朱大周","1","1","2"
"事御史周金","1","1","2"
"官中书舍人","2","0","2"
"十二月戊午","2","0","2"
"御史侯秩等","1","1","2"
"一清吏部尚","2","0","2"
"清吏部尚书","2","0","2"
"加特进左柱","2","0","2"
"令密封言事","2","0","2"
"事中陆粲请","1","1","2"
"侍郎王廷相","1","1","2"
"锦衣聂能迁","1","1","2"
"宥议礼诸臣","2","0","2"
"法司会廷臣","2","0","2"
"陆完兵部尚","2","0","2"
"完兵部尚书","2","0","2"
"勘粮都御史","1","1","2"
"粮都御史许","1","1","2"
"都御史许廷","1","1","2"
"御史许廷光","1","1","2"
"天巡抚李充","1","1","2"
"抚李充嗣镇","1","1","2"
"淮扬巡抚丛","1","1","2"
"扬巡抚丛兰","1","1","2"
"巡抚丛兰扼","1","1","2"
"云南巡抚范","1","1","2"
"南巡抚范镛","1","1","2"
"系都察院狱","2","0","2"
"嘉靖六年边","1","1","2"
"沙州番人帖","1","1","2"
"州番人帖木","1","1","2"
"番人帖木哥","1","1","2"
"参将云昌等","1","1","2"
"部饷主簿张","1","1","2"
"饷主簿张文","1","1","2"
"主簿张文明","1","1","2"
"巡按胡明善","1","1","2"
"行人赍敕召","2","0","2"
"南京御史马","1","1","2"
"尚书王宪请","1","1","2"
"泽咸宁伯仇","1","1","2"
"子锦衣世百","2","0","2"
"锦衣世百户","2","0","2"
"洪钟总督川","1","1","2"
"总兵官时源","1","1","2"
"忠顺王速檀","1","1","2"
"肃巡抚赵鉴","1","1","2"
"学士杨廷等","2","0","2"
"御史冯时雍","1","1","2"
"泽总制东西","1","1","2"
"总制东西两","1","1","2"
"制东西两边","1","1","2"
"东西两边军","1","1","2"
"西两边军务","1","1","2"
"婿马黑木随","1","1","2"
"泽提督三边","1","1","2"
"提督三边军","1","1","2"
"学士梁储等","1","1","2"
"史杨秉中请","1","1","2"
"杨秉中请召","1","1","2"
"四川巡抚胡","1","1","2"
"川巡抚胡世","1","1","2"
"巡抚胡世宁","1","1","2"
"衣千户刘瓒","1","1","2"
"千户刘瓒等","1","1","2"
"司礼中官萧","1","1","2"
"礼中官萧敬","1","1","2"
"中官萧敬请","1","1","2"
"外戚蒋泰等","1","1","2"
"戚蒋泰等五","1","1","2"
"总制尚书唐","1","1","2"
"制尚书唐龙","1","1","2"
"绍兴府推官","1","1","2"
"明年五月京","2","0","2"
"遣陪臣郑惟","1","1","2"
"陪臣郑惟僚","1","1","2"
"臣郑惟僚等","1","1","2"
"命伯温协理","2","0","2"
"伯温协理院","2","0","2"
"温协理院事","2","0","2"
"御史何维柏","1","1","2"
"公沐朝辅等","1","1","2"
"抚汪文盛奏","1","1","2"
"参政翁万达","1","1","2"
"湖广狼土官","1","1","2"
"广狼土官兵","1","1","2"
"檄安南臣民","1","1","2"
"钦州四峒地","1","1","2"
"改安南国安","2","0","2"
"事中刘养直","1","1","2"
"二十三年秋","1","1","2"
"顺天巡抚朱","1","1","2"
"天巡抚朱方","1","1","2"
"结田州人韦","1","1","2"
"田州人韦应","1","1","2"
"州人韦应杀","1","1","2"
"翟鹏总督宣","1","1","2"
"生王邦直等","1","1","2"
"王邦直等战","1","1","2"
"邦直等战死","1","1","2"
"大同东路阳","1","1","2"
"宣府西阳河","1","1","2"
"大同东路天","1","1","2"
"同东路天城","1","1","2"
"百二十八里","1","1","2"
"宣府西路西","1","1","2"
"府西路西阳","1","1","2"
"西路西阳河","1","1","2"
"王公设险守","2","0","2"
"公设险守国","2","0","2"
"百五十余万","1","1","2"
"巡抚孙继鲁","1","1","2"
"小王子等九","1","1","2"
"玉林卫百户","1","1","2"
"林卫百户杨","1","1","2"
"卫百户杨威","1","1","2"
"俺答阿孩复","2","0","2"
"遣使款大同","2","0","2"
"尚书陈经等","1","1","2"
"军民死者数","2","0","2"
"张淮等战死","1","1","2"
"大同游击袁","1","1","2"
"同游击袁正","1","1","2"
"参将姜应熊","1","1","2"
"将姜应熊等","1","1","2"
"督抚郭宗皋","1","1","2"
"御史萧鸣凤","1","1","2"
"史萧鸣凤善","1","1","2"
"德十六年登","1","1","2"
"止生陛下一","2","0","2"
"生陛下一人","2","0","2"
"礼官毛澄等","1","1","2"
"事御史李学","1","1","2"
"御史李学曾","1","1","2"
"进詹事翰林","2","0","2"
"议世庙神道","2","0","2"
"两京事御史","2","0","2"
"事御史解一","1","1","2"
"御史解一贯","1","1","2"
"礼部尚书缺","2","0","2"
"倾诸异己者","2","0","2"
"大臣颜颐寿","1","1","2"
"束巡按御史","1","1","2"
"杨一清首辅","2","0","2"
"杨士奇等银","1","1","2"
"士奇等银章","1","1","2"
"侍读汪佃讲","1","1","2"
"者二十二人","2","0","2"
"书李承勋下","1","1","2"
"指挥聂能迁","1","1","2"
"中孙应奎劾","2","0","2"
"行人赍手敕","2","0","2"
"议帝社帝稷","1","1","2"
"行人司正薛","1","1","2"
"人司正薛侃","1","1","2"
"滥举京营官","1","1","2"
"代王请大臣","1","1","2"
"王请大臣安","1","1","2"
"年十一月上","1","1","2"
"古帝王相传","1","1","2"
"事中柯维熊","1","1","2"
"宽登闻鼓禁","1","1","2"
"登闻鼓禁约","1","1","2"
"储良才等四","1","1","2"
"事中余经等","1","1","2"
"中余经等四","1","1","2"
"月改吏部左","2","0","2"
"定侯郭勋家","1","1","2"
"中孙应奎请","1","1","2"
"法司会锦衣","2","0","2"
"初锐意功名","1","1","2"
"帝王心学论","1","1","2"
"署大理寺事","2","0","2"
"官叶应骢等","1","1","2"
"总兵官朱骐","1","1","2"
"黄绾等二十","1","1","2"
"绾等二十三","1","1","2"
"储良才等十","1","1","2"
"良才等十二","1","1","2"
"吏部侍郎孟","1","1","2"
"部侍郎孟春","1","1","2"
"安昌伯钱维","1","1","2"
"昌伯钱维圻","1","1","2"
"羽林指挥刘","1","1","2"
"林指挥刘永","1","1","2"
"指挥刘永昌","1","1","2"
"劾都督桂勇","1","1","2"
"兵部郎中卢","1","1","2"
"部郎中卢襄","1","1","2"
"郎中卢襄等","1","1","2"
"大理少卿洗","1","1","2"
"理少卿洗光","1","1","2"
"太常卿彭泽","1","1","2"
"浙江参政黄","1","1","2"
"江参政黄卿","1","1","2"
"天下抚按官","1","1","2"
"主事汪文盛","1","1","2"
"三千二百人","1","1","2"
"御史樊继祖","1","1","2"
"史樊继祖等","1","1","2"
"后宫负郭庄","1","1","2"
"宫负郭庄田","1","1","2"
"庄田亲蚕厂","2","0","2"
"永平知府郭","1","1","2"
"平知府郭九","1","1","2"
"知府郭九皋","1","1","2"
"武方面官履","2","0","2"
"方面官履历","2","0","2"
"荐佥都御史","1","1","2"
"宥大礼大狱","2","0","2"
"绣蟒飞鱼麒","1","1","2"
"蟒飞鱼麒麟","1","1","2"
"飞鱼麒麟服","1","1","2"
"天府尹刘淑","1","1","2"
"府尹刘淑相","1","1","2"
"郎中张元孝","1","1","2"
"尚书严嵩心","1","1","2"
"大学士致仕","2","0","2"
"太子太傅入","1","1","2"
"山侯崔元新","1","1","2"
"勋同事王廷","1","1","2"
"同事王廷相","1","1","2"
"事中沈良才","1","1","2"
"中沈良才等","1","1","2"
"文选郎高简","1","1","2"
"州巡抚王学","1","1","2"
"巡抚王学益","1","1","2"
"山东巡抚何","1","1","2"
"东巡抚何鳌","1","1","2"
"陕西总督曾","1","1","2"
"西总督曾铣","1","1","2"
"总督曾铣请","1","1","2"
"江都人苏纲","1","1","2"
"知嵩知陛下","2","0","2"
"御史屠侨等","1","1","2"
"宣德元年薨","2","0","2"
"增兵三千人","1","1","2"
"镇江总兵官","1","1","2"
"江总兵官郑","1","1","2"
"总兵官郑鸿","1","1","2"
"兵官郑鸿逵","1","1","2"
"户部郎中苏","1","1","2"
"部郎中苏观","1","1","2"
"郎中苏观生","1","1","2"
"都御史张肯","1","1","2"
"御史张肯堂","1","1","2"
"部尚书黄道","1","1","2"
"尚书黄道周","1","1","2"
"书黄道周等","1","1","2"
"仙霞岭守关","1","1","2"
"降湖广总督","1","1","2"
"一时增兵十","1","1","2"
"时增兵十余","1","1","2"
"原任知州金","1","1","2"
"任知州金堡","1","1","2"
"观生先行募","1","1","2"
"生先行募兵","1","1","2"
"抚瞿式耜等","1","1","2"
"大兵克绍兴","2","0","2"
"事中黄大鹏","1","1","2"
"延平知府王","1","1","2"
"平知府王士","1","1","2"
"败燕兵浦子","2","0","2"
"燕兵浦子口","2","0","2"
"募兵三千人","1","1","2"
"兵马指挥徐","1","1","2"
"马指挥徐野","1","1","2"
"指挥徐野驴","1","1","2"
"陈利国安民","1","1","2"
"利国安民四","1","1","2"
"国安民四事","1","1","2"
"遣亲信枚青","1","1","2"
"亲信枚青等","1","1","2"
"信枚青等潜","1","1","2"
"东都指挥靳","1","1","2"
"都指挥靳荣","1","1","2"
"指挥靳荣等","1","1","2"
"奸臣夏原吉","1","1","2"
"臣夏原吉等","1","1","2"
"遣百户陈刚","1","1","2"
"百户陈刚进","1","1","2"
"户陈刚进疏","1","1","2"
"遣阳武侯薛","1","1","2"
"车驾发京师","2","0","2"
"朕年少新立","1","1","2"
"禄尚书张本","2","0","2"
"山西诸都督","1","1","2"
"西诸都督指","1","1","2"
"诸都督指挥","1","1","2"
"凡六百四十","2","0","2"
"七百二十人","1","1","2"
"洪所部才五","1","1","2"
"所部才五百","1","1","2"
"时先朝宿将","1","1","2"
"尚书魏源督","1","1","2"
"事李谦守赤","1","1","2"
"李谦守赤城","1","1","2"
"励将士杀敌","1","1","2"
"败兀良哈兵","1","1","2"
"宣大总兵官","1","1","2"
"大总兵官谭","1","1","2"
"兵官谭广等","1","1","2"
"指挥王祯所","1","1","2"
"挥王祯所败","1","1","2"
"王祯所败者","1","1","2"
"陵台等四人","1","1","2"
"洪建议加筑","1","1","2"
"建议加筑开","1","1","2"
"议加筑开平","1","1","2"
"加筑开平城","1","1","2"
"迁都督同知","2","0","2"
"内臣韩政等","1","1","2"
"九千九百余","1","1","2"
"十二年充总","2","0","2"
"二年充总兵","2","0","2"
"获阿归等四","1","1","2"
"阿归等四十","1","1","2"
"归等四十八","1","1","2"
"官军数百人","1","1","2"
"命率所部留","1","1","2"
"督京营训练","1","1","2"
"汰三千诸营","1","1","2"
"三千诸营将","1","1","2"
"千诸营将校","1","1","2"
"卫宣力武臣","1","1","2"
"一门父子官","1","1","2"
"洪久居宣府","1","1","2"
"宽河卫指挥","1","1","2"
"河卫指挥佥","1","1","2"
"寻充左参将","2","0","2"
"佐武进伯朱","1","1","2"
"云川四卫军","1","1","2"
"大同西路屯","1","1","2"
"同西路屯堡","1","1","2"
"智识绝伦等","1","1","2"
"识绝伦等科","1","1","2"
"都督佥事马","1","1","2"
"督佥事马麟","1","1","2"
"佥事马麟巡","1","1","2"
"进伯朱冕等","1","1","2"
"都督陶瑾等","1","1","2"
"督陶瑾等九","1","1","2"
"都督高礼等","1","1","2"
"年二月命佩","2","0","2"
"京军三万人","1","1","2"
"亨受命榻前","1","1","2"
"者四千余人","2","0","2"
"御史甘泽等","1","1","2"
"史甘泽等九","1","1","2"
"甘泽等九人","1","1","2"
"功臣祖宗立","1","1","2"
"臣祖宗立碑","1","1","2"
"材官猛士数","1","1","2"
"官猛士数万","1","1","2"
"千户杨斌等","1","1","2"
"户杨斌等奏","1","1","2"
"杨斌等奏保","1","1","2"
"遣京卫指挥","1","1","2"
"京卫指挥裴","1","1","2"
"卫指挥裴瑄","1","1","2"
"遣大同指挥","1","1","2"
"大同指挥卢","1","1","2"
"同指挥卢昭","1","1","2"
"指挥卢昭追","1","1","2"
"挥卢昭追捕","1","1","2"
"术士邹叔彝","1","1","2"
"士邹叔彝等","1","1","2"
"邹叔彝等私","1","1","2"
"王骥征麓川","1","1","2"
"沐斌征腾冲","1","1","2"
"迁署都指挥","2","0","2"
"佐总兵官广","1","1","2"
"总兵官广宁","1","1","2"
"兵官广宁伯","1","1","2"
"官广宁伯刘","1","1","2"
"宁伯刘安镇","1","1","2"
"伯刘安镇守","1","1","2"
"朱勇等军覆","1","1","2"
"袁彬入城索","1","1","2"
"知府霍瑄等","1","1","2"
"所掠人畜八","1","1","2"
"掠人畜八百","1","1","2"
"荐尚书杨宁","1","1","2"
"都御史任宁","1","1","2"
"南京中府事","1","1","2"
"全都指挥佥","1","1","2"
"参将王真巡","1","1","2"
"将王真巡哨","1","1","2"
"守备万全左","1","1","2"
"备万全左卫","1","1","2"
"景泰元年四","1","1","2"
"泰元年四月","1","1","2"
"率参将纪广","1","1","2"
"参将纪广等","1","1","2"
"知二人难犯","1","1","2"
"袭济阳卫指","1","1","2"
"阳卫指挥同","1","1","2"
"镗充总兵官","2","0","2"
"部下都指挥","1","1","2"
"下都指挥马","1","1","2"
"都指挥马亮","1","1","2"
"守皇城诸门","1","1","2"
"平侯张瑾家","1","1","2"
"转攻东安门","1","1","2"
"府军前卫事","1","1","2"
"四年充总兵","2","0","2"
"迁辽东都指","2","0","2"
"东都指挥佥","1","1","2"
"时都督卫颖","1","1","2"
"都督卫颖统","1","1","2"
"御史罗通督","1","1","2"
"史罗通督兵","1","1","2"
"罗通督兵巡","1","1","2"
"通督兵巡哨","1","1","2"
"石亨提督团","1","1","2"
"亨提督团营","1","1","2"
"鳌山烟火诗","1","1","2"
"山烟火诗词","1","1","2"
"读宣宗皇帝","1","1","2"
"宣宗皇帝御","1","1","2"
"宗皇帝御制","1","1","2"
"将烟火停止","1","1","2"
"事中毛弘等","1","1","2"
"南京大理左","1","1","2"
"京大理左评","1","1","2"
"大理左评事","1","1","2"
"议两京国学","1","1","2"
"时南监缺司","1","1","2"
"南监缺司业","1","1","2"
"进君子退小","2","0","2"
"君子退小人","2","0","2"
"吕夷简能改","1","1","2"
"时御史汤鼐","1","1","2"
"中书舍人吉","1","1","2"
"书舍人吉人","1","1","2"
"官员人等条","2","0","2"
"员人等条具","2","0","2"
"人等条具闻","2","0","2"
"尚书王恕忠","1","1","2"
"广东石城所","1","1","2"
"弘治四年十","1","1","2"
"治四年十月","1","1","2"
"十二年举进","2","0","2"
"二年举进士","2","0","2"
"时宁王宸濠","1","1","2"
"部员外郎夏","1","1","2"
"员外郎夏良","1","1","2"
"外郎夏良胜","1","1","2"
"礼部主事万","1","1","2"
"部主事万潮","1","1","2"
"庶吉士汪应","1","1","2"
"吉士汪应轸","1","1","2"
"庶吉士江晖","1","1","2"
"博士陈九川","1","1","2"
"谪福建市舶","2","0","2"
"昭圣太后寿","1","1","2"
"编修王思羞","1","1","2"
"福建士大夫","1","1","2"
"乐十八年二","1","1","2"
"益都卸石栅","1","1","2"
"都卸石栅寨","1","1","2"
"指挥高凤败","1","1","2"
"远侯柳升帅","2","0","2"
"指挥刘忠围","1","1","2"
"男女百余人","1","1","2"
"鳌山卫指挥","1","1","2"
"山卫指挥王","1","1","2"
"卫指挥王真","1","1","2"
"调防海士卒","1","1","2"
"海上十余年","1","1","2"
"燕山右卫指","1","1","2"
"山右卫指挥","1","1","2"
"新建伯李玉","1","1","2"
"建伯李玉等","1","1","2"
"都指挥王清","1","1","2"
"指挥王清战","1","1","2"
"挥王清战死","1","1","2"
"兴左副总兵","2","0","2"
"侍郎孟鉴赞","1","1","2"
"郎孟鉴赞理","1","1","2"
"孟鉴赞理军","1","1","2"
"鉴赞理军务","1","1","2"
"死者万余人","2","0","2"
"事中黄士俊","1","1","2"
"居十余年卒","2","0","2"
"成都前卫指","1","1","2"
"都前卫指挥","1","1","2"
"四川都司事","1","1","2"
"德阳人赵铎","1","1","2"
"掠安岳诸县","1","1","2"
"梓潼朱家河","1","1","2"
"生擒七十余","1","1","2"
"擒七十余人","1","1","2"
"罗江大水河","1","1","2"
"袭都指挥佥","1","1","2"
"千户田仪等","1","1","2"
"成化元年五","1","1","2"
"化元年五月","1","1","2"
"左参将范信","1","1","2"
"命分守贵州","1","1","2"
"海南副千户","1","1","2"
"左右参将夏","1","1","2"
"右参将夏正","1","1","2"
"总督项忠抵","1","1","2"
"大小百十战","2","0","2"
"河套部入犯","2","0","2"
"宁夏总兵府","1","1","2"
"指挥佥事仇","1","1","2"
"挥佥事仇理","1","1","2"
"宁夏前卫指","1","1","2"
"夏前卫指挥","1","1","2"
"前卫指挥同","1","1","2"
"称江都仇氏","1","1","2"
"宁夏游击将","1","1","2"
"夏游击将军","1","1","2"
"都指挥何锦","1","1","2"
"西总兵官曹","1","1","2"
"巡按御史阎","1","1","2"
"按御史阎睿","1","1","2"
"掠汝州东南","1","1","2"
"慰彭明辅等","1","1","2"
"时源等涉河","1","1","2"
"杨虎遗党数","1","1","2"
"虎遗党数千","1","1","2"
"遗党数千人","1","1","2"
"都指挥朱忠","1","1","2"
"攻钧州五日","1","1","2"
"者二十余人","2","0","2"
"延安卫指挥","1","1","2"
"都督张钦等","1","1","2"
"督张钦等征","1","1","2"
"张钦等征讨","1","1","2"
"延绥右参将","1","1","2"
"抚余子俊筑","1","1","2"
"子俊筑边墙","2","0","2"
"兵官曹雄等","1","1","2"
"移达总兵官","1","1","2"
"绥总兵官吴","1","1","2"
"官吴江所佩","1","1","2"
"佩征西将军","2","0","2"
"靖虏将军印","1","1","2"
"都指挥黄正","1","1","2"
"守备史镛等","1","1","2"
"备史镛等夺","1","1","2"
"守备偏头关","1","1","2"
"正德六年七","1","1","2"
"德六年七月","1","1","2"
"巡抚邓璋等","1","1","2"
"后哨参将姚","1","1","2"
"哨参将姚信","1","1","2"
"参将姚信所","1","1","2"
"将姚信所部","1","1","2"
"姚信所部京","1","1","2"
"信所部京军","1","1","2"
"祯下马殊死","1","1","2"
"火筛入大同","2","0","2"
"入大同左卫","1","1","2"
"营二十余里","1","1","2"
"三千人赴援","1","1","2"
"都指挥曹泰","1","1","2"
"万全右卫城","1","1","2"
"御史郭东山","1","1","2"
"神威营操练","1","1","2"
"山西十八盘","1","1","2"
"都指挥桑玉","1","1","2"
"佥事许承芳","1","1","2"
"事许承芳请","1","1","2"
"庞文宣等败","1","1","2"
"实授都督同","2","0","2"
"同提督军务","1","1","2"
"南京羽林前","1","1","2"
"京羽林前卫","1","1","2"
"羽林前卫指","1","1","2"
"林前卫指挥","1","1","2"
"龙江右卫事","1","1","2"
"怀宁知县王","1","1","2"
"江西佥事潘","1","1","2"
"西佥事潘鹏","1","1","2"
"分守安徽池","1","1","2"
"按御史李循","1","1","2"
"御史李循义","1","1","2"
"庆卫指挥使","1","1","2"
"都督佥事任","1","1","2"
"太皇太后召","1","1","2"
"皇太后召崇","1","1","2"
"太后召崇王","1","1","2"
"撰三清乐章","1","1","2"
"柱下史李耳","1","1","2"
"太祖所亲制","2","0","2"
"上疏极论曰","2","0","2"
"内府番经厂","1","1","2"
"内阁十二年","1","1","2"
"置义田八百","1","1","2"
"义田八百亩","1","1","2"
"田八百亩赡","1","1","2"
"总兵官赵辅","1","1","2"
"抚都御史韩","1","1","2"
"续通鉴纲目","1","1","2"
"博采群书补","1","1","2"
"尚书入内阁","1","1","2"
"二百四十年","1","1","2"
"太医院判刘","1","1","2"
"医院判刘文","1","1","2"
"院判刘文泰","1","1","2"
"河东薛瑄传","2","0","2"
"遂安伯陈韶","1","1","2"
"安伯陈韶等","1","1","2"
"伯陈韶等三","1","1","2"
"陈韶等三人","1","1","2"
"召镇远侯顾","1","1","2"
"命灌顶国师","1","1","2"
"灌顶国师设","1","1","2"
"顶国师设坛","1","1","2"
"国师设坛庆","1","1","2"
"重违太后意","2","0","2"
"释迦哑塔像","1","1","2"
"迦哑塔像赞","1","1","2"
"永祺等五人","1","1","2"
"简京营大帅","1","1","2"
"太祖时茶法","1","1","2"
"驸马欧阳伦","1","1","2"
"健等三人同","1","1","2"
"等三人同心","1","1","2"
"三人同心辅","1","1","2"
"人同心辅政","1","1","2"
"先生辈辅导","1","1","2"
"四方守备内","1","1","2"
"方守备内臣","1","1","2"
"守备内臣增","1","1","2"
"备内臣增置","1","1","2"
"朝廷养军匠","1","1","2"
"银数百余万","1","1","2"
"府诸监局佥","1","1","2"
"诸监局佥书","1","1","2"
"监局佥书多","1","1","2"
"留宦官一人","1","1","2"
"奸商谭景清","1","1","2"
"一日立乎位","2","0","2"
"知陛下宫中","1","1","2"
"录廷臣所陈","1","1","2"
"杨仪等先后","1","1","2"
"尚书韩文等","1","1","2"
"命司礼王岳","1","1","2"
"司礼王岳等","1","1","2"
"明年三月辛","2","0","2"
"年三月辛未","2","0","2"
"诏列五十三","1","1","2"
"列五十三人","1","1","2"
"明年举进士","2","0","2"
"太子亲贤远","1","1","2"
"子亲贤远佞","1","1","2"
"加南方两税","1","1","2"
"南方两税折","1","1","2"
"屡加少傅太","2","0","2"
"弟兵部主事","1","1","2"
"浙江应诏所","1","1","2"
"上虞徐文彪","2","0","2"
"年复诏司存","2","0","2"
"复诏司存问","2","0","2"
"帝遣行人赍","2","0","2"
"丕乡试第一","1","1","2"
"部右侍郎侍","2","0","2"
"首辅刘健等","1","1","2"
"东阳奉命编","1","1","2"
"尚宝卿崔璿","2","0","2"
"请削门生籍","2","0","2"
"御史张芹所","1","1","2"
"子世锦衣千","2","0","2"
"世锦衣千户","2","0","2"
"改荫六品文","1","1","2"
"荫六品文官","1","1","2"
"朝廷大著作","2","0","2"
"廷大著作多","2","0","2"
"大著作多手","2","0","2"
"国子监诸生","1","1","2"
"子监诸生争","1","1","2"
"提学御史陈","1","1","2"
"学御史陈选","1","1","2"
"寿宁侯张峦","1","1","2"
"副总兵姚信","1","1","2"
"总兵姚信拥","1","1","2"
"兵姚信拥兵","1","1","2"
"咨询边将勇","1","1","2"
"询边将勇怯","1","1","2"
"提督右都御","1","1","2"
"督右都御史","1","1","2"
"御史史琳坐","1","1","2"
"史史琳坐镇","1","1","2"
"史琳坐镇京","1","1","2"
"琳坐镇京营","1","1","2"
"厚恤沿边死","1","1","2"
"敢长驱深入","1","1","2"
"诛刘瑾等八","1","1","2"
"刘瑾等八党","1","1","2"
"李东阳一人","1","1","2"
"筑边墙糜费","1","1","2"
"家居十四年","1","1","2"
"千户虎保作","1","1","2"
"户虎保作乱","1","1","2"
"七百七十余","1","1","2"
"曲先卫都指","1","1","2"
"先卫都指挥","1","1","2"
"都指挥使散","1","1","2"
"劫西域使臣","1","1","2"
"昭率参将赵","1","1","2"
"率参将赵安","1","1","2"
"参将赵安偕","1","1","2"
"获男女三百","1","1","2"
"男女三百四","1","1","2"
"女三百四十","1","1","2"
"三百四十人","1","1","2"
"马驼牛羊三","1","1","2"
"驼牛羊三十","1","1","2"
"牛羊三十余","1","1","2"
"羊三十余万","1","1","2"
"请花马池筑","2","0","2"
"花马池筑哨","2","0","2"
"马池筑哨马","2","0","2"
"池筑哨马营","2","0","2"
"甘肃守将蒋","1","1","2"
"肃守将蒋贵","1","1","2"
"宁夏十二年","1","1","2"
"宁夏参将王","1","1","2"
"夏参将王荣","1","1","2"
"国公张辅平","1","1","2"
"朱荣镇辽东","2","0","2"
"都指挥刘清","1","1","2"
"指挥刘清等","1","1","2"
"尚书王骥所","1","1","2"
"辽东三十余","1","1","2"
"东三十余年","1","1","2"
"兀良哈犯广","2","0","2"
"良哈犯广宁","2","0","2"
"犯广宁前屯","1","1","2"
"朱勇军夹击","1","1","2"
"能谨守边陲","1","1","2"
"值英宗推恩","1","1","2"
"羽林左卫指","1","1","2"
"林左卫指挥","1","1","2"
"乡伯张安举","1","1","2"
"山都掌蛮叛","1","1","2"
"斩首千一百","2","0","2"
"生擒八百余","1","1","2"
"擒八百余人","1","1","2"
"袭宣府前卫","1","1","2"
"宣府前卫千","1","1","2"
"府前卫千户","1","1","2"
"累功都指挥","2","0","2"
"助副总兵孙","1","1","2"
"副总兵孙安","1","1","2"
"总兵官过兴","1","1","2"
"宣府副将杨","1","1","2"
"府副将杨信","1","1","2"
"命守备白羊","1","1","2"
"副总兵翁信","1","1","2"
"广西参将范","1","1","2"
"西参将范信","1","1","2"
"命广西总兵","1","1","2"
"西总兵官陈","1","1","2"
"总兵官陈泾","1","1","2"
"征蛮将军印","1","1","2"
"掠英德诸县","1","1","2"
"攻破大藤峡","1","1","2"
"败福余三卫","1","1","2"
"耆老五千余","1","1","2"
"老五千余人","1","1","2"
"时都督颜彪","1","1","2"
"都督颜彪佩","1","1","2"
"督颜彪佩征","1","1","2"
"颜彪佩征夷","1","1","2"
"彪佩征夷将","1","1","2"
"命充游击将","2","0","2"
"游击将军赴","1","1","2"
"击将军赴援","1","1","2"
"外番人阿吉","1","1","2"
"番人阿吉等","1","1","2"
"人阿吉等二","1","1","2"
"阿吉等二十","1","1","2"
"吉等二十九","1","1","2"
"等二十九族","1","1","2"
"恐官军欺凌","1","1","2"
"官军欺凌诸","1","1","2"
"军欺凌诸部","1","1","2"
"七年进署都","2","0","2"
"土鲁番所扰","2","0","2"
"都督罕慎寄","1","1","2"
"督罕慎寄居","1","1","2"
"罕慎寄居苦","1","1","2"
"慎寄居苦峪","1","1","2"
"寄居苦峪口","1","1","2"
"阿失都巩卜","1","1","2"
"失都巩卜失","1","1","2"
"都巩卜失加","1","1","2"
"明初率部落","1","1","2"
"初率部落归","1","1","2"
"率部落归附","1","1","2"
"庄浪卫指挥","1","1","2"
"浪卫指挥同","1","1","2"
"开平卫指挥","1","1","2"
"同总兵官许","1","1","2"
"兵官许宁分","1","1","2"
"下壮士击杀","1","1","2"
"壮士击杀数","1","1","2"
"士击杀数十","1","1","2"
"大同西路参","1","1","2"
"同西路参将","1","1","2"
"西路参将庄","1","1","2"
"路参将庄鉴","1","1","2"
"同总兵官张","1","1","2"
"督偏头诸关","1","1","2"
"讨平扶风诸","1","1","2"
"平扶风诸县","1","1","2"
"副将陶祯兵","1","1","2"
"马驼牛羊二","1","1","2"
"驼牛羊二千","1","1","2"
"大同副将时","1","1","2"
"袭绥德卫指","1","1","2"
"绥德卫指挥","1","1","2"
"巡抚王继恢","1","1","2"
"抚王继恢复","1","1","2"
"王继恢复哈","1","1","2"
"继恢复哈密","1","1","2"
"书马文升所","1","1","2"
"马文升所器","1","1","2"
"赤斤暨哈密","1","1","2"
"斤暨哈密兵","1","1","2"
"密忠顺王陕","1","1","2"
"御史胡希颜","1","1","2"
"犯宁夏兴武","1","1","2"
"宁夏兴武营","1","1","2"
"副总兵曹雄","1","1","2"
"参将王戟分","1","1","2"
"将王戟分道","1","1","2"
"巡抚安惟学","1","1","2"
"抚安惟学等","1","1","2"
"何锦等率众","1","1","2"
"正德三年中","1","1","2"
"中武会举第","1","1","2"
"武会举第一","1","1","2"
"赴陕西三边","1","1","2"
"陕西三边立","1","1","2"
"西三边立功","1","1","2"
"事中张瓒等","1","1","2"
"掠偏头关诸","1","1","2"
"侍郎丁凤统","1","1","2"
"功御史刘澄","1","1","2"
"御史刘澄甫","1","1","2"
"彭泽经略哈","1","1","2"
"泽经略哈密","1","1","2"
"副将安国破","1","1","2"
"将安国破敌","1","1","2"
"小王子万余","1","1","2"
"王子万余骑","1","1","2"
"副总兵赵镇","1","1","2"
"延绥巡抚行","1","1","2"
"绥巡抚行台","1","1","2"
"劾大学士万","1","1","2"
"佥事章懋等","1","1","2"
"部尚书周洪","1","1","2"
"成化末进士","2","0","2"
"遣郎中江汉","1","1","2"
"员外郎东思","1","1","2"
"外郎东思诚","1","1","2"
"理刑知县韩","1","1","2"
"刑知县韩福","1","1","2"
"寿州知州刘","1","1","2"
"州知州刘概","1","1","2"
"御史陈景隆","1","1","2"
"史陈景隆等","1","1","2"
"御史陈璧等","1","1","2"
"主事李文祥","1","1","2"
"庶吉士邹智","1","1","2"
"侍郎彭韶等","1","1","2"
"郎彭韶等持","1","1","2"
"尚书王恕奏","1","1","2"
"正统七年进","2","0","2"
"统七年进士","2","0","2"
"迁广东副使","2","0","2"
"改右副都御","2","0","2"
"田七万余顷","1","1","2"
"三边大将遇","1","1","2"
"边大将遇敌","1","1","2"
"议大举搜河","2","0","2"
"大举搜河套","2","0","2"
"率所部归附","1","1","2"
"都指挥邢端","1","1","2"
"指挥邢端等","1","1","2"
"忠总督军务","2","0","2"
"监督军务太","1","1","2"
"军务太监刘","1","1","2"
"务太监刘祥","1","1","2"
"兵官都督刘","1","1","2"
"官都督刘玉","1","1","2"
"陕西四镇兵","2","0","2"
"巡抚陈价等","1","1","2"
"抚陈价等先","1","1","2"
"臣等调兵三","1","1","2"
"等调兵三万","1","1","2"
"调兵三万三","1","1","2"
"兵三万三千","1","1","2"
"抚都御史马","1","1","2"
"史马文升分","1","1","2"
"伏羌伯毛忠","1","1","2"
"羌伯毛忠乘","1","1","2"
"伯毛忠乘胜","1","1","2"
"忠斩一千户","1","1","2"
"爱将杨虎狸","1","1","2"
"固原西北西","1","1","2"
"原西北西安","1","1","2"
"西北西安废","1","1","2"
"北西安废城","1","1","2"
"兵官李震讨","2","0","2"
"锦衣百户吴","1","1","2"
"都指挥李振","1","1","2"
"流民五十万","1","1","2"
"斩首六百四","1","1","2"
"首六百四十","1","1","2"
"口三万余人","1","1","2"
"臣先后招抚","1","1","2"
"先后招抚流","1","1","2"
"后招抚流民","1","1","2"
"招抚流民复","1","1","2"
"抚流民复业","1","1","2"
"占山四十余","1","1","2"
"山四十余里","1","1","2"
"李宾协掌院","1","1","2"
"宾协掌院事","1","1","2"
"汪直开西厂","1","1","2"
"御史冯贯等","1","1","2"
"兴宁伯李震","1","1","2"
"武伯杨信等","1","1","2"
"家居二十六","1","1","2"
"居二十六年","1","1","2"
"吏五十七人","1","1","2"
"指挥刘真遇","1","1","2"
"镇守侍郎杨","1","1","2"
"守侍郎杨宁","1","1","2"
"侍郎杨宁督","1","1","2"
"福建巡按御","1","1","2"
"建巡按御史","1","1","2"
"按御史汪澄","1","1","2"
"大学士陈循","1","1","2"
"杨宁巡抚江","1","1","2"
"宁巡抚江西","1","1","2"
"复右佥都御","1","1","2"
"锦衣指挥刘","1","1","2"
"衣指挥刘敬","1","1","2"
"浙江左参政","1","1","2"
"雍左佥都御","1","1","2"
"蔓延数千里","1","1","2"
"直捣大藤峡","1","1","2"
"指挥李英等","1","1","2"
"挥李英等四","1","1","2"
"李英等四人","1","1","2"
"里老数十人","1","1","2"
"老数十人伏","1","1","2"
"令总兵官欧","1","1","2"
"兵官欧信等","1","1","2"
"都指挥白全","1","1","2"
"指挥白全等","1","1","2"
"参将孙震等","1","1","2"
"侯大狗等大","1","1","2"
"桂州横石塘","1","1","2"
"直抵横石塘","1","1","2"
"党七百八十","1","1","2"
"斩首三千二","1","1","2"
"首三千二百","1","1","2"
"改名断藤峡","1","1","2"
"两广地大事","1","1","2"
"命陈濂抚广","1","1","2"
"陈濂抚广东","1","1","2"
"张鹏抚广西","1","1","2"
"命大臣总督","1","1","2"
"遣参将张寿","1","1","2"
"参将杨广等","1","1","2"
"将杨广等俘","1","1","2"
"帝遣事中张","2","0","2"
"事中张谦等","1","1","2"
"西布政使何","1","1","2"
"布政使何宜","1","1","2"
"沿边筑墙建","1","1","2"
"边筑墙建堡","1","1","2"
"米豆需银九","1","1","2"
"豆需银九十","1","1","2"
"需银九十四","1","1","2"
"银九十四万","1","1","2"
"人运米豆六","1","1","2"
"运米豆六斗","1","1","2"
"八百二十五","1","1","2"
"百二十五万","1","1","2"
"西抵花马池","1","1","2"
"七百七十里","1","1","2"
"筑城堡十一","1","1","2"
"小墩七十八","1","1","2"
"十年闰六月","1","1","2"
"泾阳凿山引","1","1","2"
"阳凿山引水","1","1","2"
"岷州栗林羌","1","1","2"
"巡抚陈俨等","1","1","2"
"四川兵五万","1","1","2"
"延绥边墙法","1","1","2"
"兵部侍郎阮","1","1","2"
"部侍郎阮勤","1","1","2"
"侍郎阮勤等","1","1","2"
"侍郎杜谦等","1","1","2"
"二百三十万","1","1","2"
"广东右参议","1","1","2"
"诸将多滥杀","1","1","2"
"参将范信诬","1","1","2"
"御史巡抚甘","2","0","2"
"史巡抚甘肃","2","0","2"
"两广总督吴","1","1","2"
"广总督吴琛","1","1","2"
"时总兵官陈","1","1","2"
"总兵官陈政","1","1","2"
"知府岑溥祖","1","1","2"
"府岑溥祖母","1","1","2"
"知州岑钦杀","1","1","2"
"市舶中官韦","2","0","2"
"舶中官韦眷","2","0","2"
"州知府史芳","1","1","2"
"四方分守监","1","1","2"
"召建言罪诸","2","0","2"
"迁陕西右参","2","0","2"
"镇国将军奇","1","1","2"
"国将军奇涧","1","1","2"
"将军奇涧等","1","1","2"
"军奇涧等罪","1","1","2"
"奇涧等三人","1","1","2"
"涧等三人爵","1","1","2"
"兵官周玉等","1","1","2"
"天下镇守官","1","1","2"
"储金钱数万","1","1","2"
"田州知府岑","1","1","2"
"州知府岑溥","1","1","2"
"泗城知州岑","1","1","2"
"城知州岑应","1","1","2"
"知州岑应分","1","1","2"
"劾总兵官安","1","1","2"
"安远侯柳景","1","1","2"
"远侯柳景贪","1","1","2"
"大臣王恕等","1","1","2"
"臣王恕等请","1","1","2"
"祭阵亡将士","2","0","2"
"指挥朱鼎等","1","1","2"
"挥朱鼎等五","1","1","2"
"朱鼎等五人","1","1","2"
"败将杨琳等","1","1","2"
"将杨琳等四","1","1","2"
"杨琳等四人","1","1","2"
"边将手握重","1","1","2"
"将手握重兵","1","1","2"
"闲田数十万","1","1","2"
"小盐池二百","1","1","2"
"盐池二百里","1","1","2"
"二十里筑一","1","1","2"
"十里筑一堡","1","1","2"
"宁夏巡抚刘","1","1","2"
"夏巡抚刘宪","1","1","2"
"豫望城诸处","1","1","2"
"修筑诸边城","1","1","2"
"筑诸边城堡","1","1","2"
"诸边城堡一","1","1","2"
"边城堡一万","1","1","2"
"城堡一万四","1","1","2"
"堡一万四千","1","1","2"
"万四千余所","1","1","2"
"言官张九叙","1","1","2"
"少师杨士奇","1","1","2"
"十七石五斗","1","1","2"
"景泰二年二","1","1","2"
"泰二年二月","1","1","2"
"万一事机先","1","1","2"
"一事机先露","1","1","2"
"审置陛下何","2","0","2"
"表请陛下复","1","1","2"
"请陛下复位","1","1","2"
"兴济伯杨宗","1","1","2"
"劾柳溥败军","1","1","2"
"贤务持大体","1","1","2"
"愿陛下三思","1","1","2"
"偕同官上言","2","0","2"
"妇女愁怨尤","1","1","2"
"女愁怨尤甚","1","1","2"
"侍讲裴纶等","1","1","2"
"讲裴纶等十","1","1","2"
"裴纶等十人","1","1","2"
"坐文华殿召","1","1","2"
"时拱手向天","1","1","2"
"钱太后宜加","1","1","2"
"太后宜加两","1","1","2"
"时阁臣陈文","1","1","2"
"太后作配先","1","1","2"
"后作配先帝","1","1","2"
"先帝全夫妇","1","1","2"
"陛下尽母子","1","1","2"
"皇太后万寿","1","1","2"
"生母薄太后","1","1","2"
"宋仁宗追尊","1","1","2"
"仁宗追尊生","1","1","2"
"宗追尊生母","1","1","2"
"追尊生母李","1","1","2"
"外廷大政固","1","1","2"
"宫中根本尤","1","1","2"
"专宠万贵妃","1","1","2"
"使大权旁落","1","1","2"
"御史项忠讨","1","1","2"
"议命抚宁侯","1","1","2"
"光禄寺采办","1","1","2"
"帝优诏褒纳","2","0","2"
"清理牧马草","1","1","2"
"理牧马草地","1","1","2"
"父太监永诚","1","1","2"
"太监永诚请","1","1","2"
"迎上皇居庸","2","0","2"
"内使王瑶图","1","1","2"
"凤阳诸府饥","2","0","2"
"宣宗章皇帝","1","1","2"
"成化三年二","1","1","2"
"化三年二月","1","1","2"
"三年二月召","2","0","2"
"御史胡深等","1","1","2"
"乾清宫门灾","2","0","2"
"礼部拟上皇","1","1","2"
"部拟上皇子","1","1","2"
"命司礼监奉","1","1","2"
"司礼监奉皇","1","1","2"
"礼监奉皇子","1","1","2"
"番僧国师法","1","1","2"
"僧国师法王","1","1","2"
"太监怀恩传","1","1","2"
"三品上京官","2","0","2"
"九卿项忠等","1","1","2"
"朝廷妄杀一","1","1","2"
"破安禄山八","1","1","2"
"安禄山八万","1","1","2"
"禄山八万骑","1","1","2"
"乘大兵聚集","1","1","2"
"大兵聚集时","1","1","2"
"通政司左参","1","1","2"
"讲太祖御制","1","1","2"
"成七言绝句","1","1","2"
"人利玛窦等","1","1","2"
"南行二百五","1","1","2"
"百五十里北","2","0","2"
"五十里北极","2","0","2"
"北行二百五","1","1","2"
"二万八千六","1","1","2"
"万八千六百","1","1","2"
"北极地度同","2","0","2"
"札马鲁丁地","1","1","2"
"马鲁丁地圆","1","1","2"
"一千一百零","1","1","2"
"千一百零二","1","1","2"
"一万二千九","1","1","2"
"万二千九百","1","1","2"
"二千九百三","1","1","2"
"千九百三十","1","1","2"
"九百三十二","1","1","2"
"九千一百七","1","1","2"
"一百七十五","1","1","2"
"六千一百九","1","1","2"
"千一百九十","1","1","2"
"五千九百一","1","1","2"
"千九百一十","1","1","2"
"九百一十九","1","1","2"
"二千九百九","1","1","2"
"九百九十八","1","1","2"
"一千九百八","1","1","2"
"九百八十五","1","1","2"
"一千六百五","1","1","2"
"千六百五十","1","1","2"
"六百五十九","1","1","2"
"六百二十五","1","1","2"
"半径一万二","1","1","2"
"径一万二千","1","1","2"
"一万二千三","1","1","2"
"二千三百二","1","1","2"
"百二十四里","1","1","2"
"部尚书徐光","1","1","2"
"尚书徐光启","1","1","2"
"光启督修历","2","0","2"
"启督修历法","2","0","2"
"见界总星图","1","1","2"
"黄道经纬度","1","1","2"
"二百七十八","1","1","2"
"黄赤二道经","2","0","2"
"赤二道经纬","2","0","2"
"二道经纬度","2","0","2"
"赤道两总星","1","1","2"
"道两总星图","1","1","2"
"百六十度者","2","0","2"
"华盖十六星","1","1","2"
"郎位十五星","1","1","2"
"五诸侯五星","1","1","2"
"天垒城十三","1","1","2"
"垒城十三星","1","1","2"
"羽林军四十","1","1","2"
"林军四十五","1","1","2"
"军四十五星","1","1","2"
"蛇二十二星","1","1","2"
"军井十三星","1","1","2"
"天庙十四星","1","1","2"
"万历元年新","1","1","2"
"二等六十七","1","1","2"
"三等二百零","1","1","2"
"等二百零七","1","1","2"
"四等五百零","1","1","2"
"等五百零三","1","1","2"
"五等三百三","1","1","2"
"等三百三十","1","1","2"
"六等二百一","1","1","2"
"取二十八宿","1","1","2"
"一二等大星","1","1","2"
"二等大星存","1","1","2"
"二十八宿黄","1","1","2"
"钦天监正皇","1","1","2"
"天监正皇甫","1","1","2"
"监正皇甫仲","1","1","2"
"南京观象台","1","1","2"
"京观象台设","1","1","2"
"京北极地度","2","0","2"
"造内观象台","1","1","2"
"内观象台简","1","1","2"
"观象台简仪","1","1","2"
"造璇玑玉衡","1","1","2"
"监副张绅造","1","1","2"
"河南阳城察","1","1","2"
"人利玛窦制","1","1","2"
"列宿经纬天","1","1","2"
"宿经纬天球","1","1","2"
"万国经纬地","1","1","2"
"国经纬地球","1","1","2"
"晨昏阴晦仪","1","1","2"
"昏阴晦仪晷","1","1","2"
"阴晦仪晷表","1","1","2"
"晦仪晷表臬","1","1","2"
"五度四十分","1","1","2"
"一刻四十四","1","1","2"
"成平面日晷","1","1","2"
"督修历法右","1","1","2"
"修历法右参","1","1","2"
"历法右参政","1","1","2"
"法右参政李","1","1","2"
"右参政李天","1","1","2"
"京师北极地","2","0","2"
"子正初刻移","1","1","2"
"盘面锐表所","1","1","2"
"面锐表所指","1","1","2"
"太监卢维宁","1","1","2"
"节气午正影","2","0","2"
"表所测者日","2","0","2"
"所测者日体","2","0","2"
"北极地度分","2","0","2"
"北京四十度","1","1","2"
"京三十二度","1","1","2"
"三十二度半","1","1","2"
"山东三十七","1","1","2"
"东三十七度","1","1","2"
"山西三十八","1","1","2"
"西三十八度","1","1","2"
"陕西三十六","1","1","2"
"西三十六度","1","1","2"
"河南三十五","1","1","2"
"南三十五度","1","1","2"
"浙江三十度","1","1","2"
"江西二十九","1","1","2"
"西二十九度","1","1","2"
"湖广三十一","1","1","2"
"广三十一度","1","1","2"
"四川二十九","1","1","2"
"川二十九度","1","1","2"
"广东二十三","1","1","2"
"东二十三度","1","1","2"
"福建二十六","1","1","2"
"建二十六度","1","1","2"
"广西二十五","1","1","2"
"西二十五度","1","1","2"
"云南二十二","1","1","2"
"南二十二度","1","1","2"
"贵州二十四","1","1","2"
"州二十四度","1","1","2"
"天启三年九","1","1","2"
"启三年九月","1","1","2"
"三年九月十","1","1","2"
"西洋意大里","1","1","2"
"洋意大里雅","1","1","2"
"推初亏巳正","2","0","2"
"相差三时二","1","1","2"
"差三时二刻","1","1","2"
"三时二刻八","1","1","2"
"时二刻八分","1","1","2"
"九十九度半","1","1","2"
"六十分时二","2","0","2"
"十分时二偏","2","0","2"
"崇祯元年京","1","1","2"
"正一刻一十","2","0","2"
"一刻一十分","2","0","2"
"二刻八分旦","2","0","2"
"三刻二分昏","2","0","2"
"寅初初刻十","1","1","2"
"初初刻十三","1","1","2"
"初刻十三分","1","1","2"
"三刻三分旦","2","0","2"
"二刻三分旦","2","0","2"
"亥初二刻五","1","1","2"
"寅初三刻十","1","1","2"
"正一刻十一","1","1","2"
"一刻十一分","1","1","2"
"刻十四分昏","2","0","2"
"三刻一分旦","2","0","2"
"初刻四分旦","2","0","2"
"酉正二刻一","2","0","2"
"正二刻一十","2","0","2"
"刻一十分昏","2","0","2"
"一刻五分旦","2","0","2"
"正一刻十二","1","1","2"
"二刻二分旦","2","0","2"
"卯初二刻一","2","0","2"
"初二刻一十","2","0","2"
"酉正一刻二","1","1","2"
"正一刻二分","1","1","2"
"初二刻十三","1","1","2"
"二刻十三分","1","1","2"
"正一刻十三","1","1","2"
"一刻十三分","1","1","2"
"大明清类天","1","1","2"
"明清类天文","1","1","2"
"清类天文分","1","1","2"
"类天文分野","1","1","2"
"天文分野书","1","1","2"
"直隶十三布","1","1","2"
"隶十三布政","1","1","2"
"三布政司府","1","1","2"
"浙江布政司","1","1","2"
"江布政司所","1","1","2"
"建布政司所","1","1","2"
"广东布政司","1","1","2"
"山东布政司","1","1","2"
"平布政司所","1","1","2"
"北平大名府","1","1","2"
"河南彰德府","1","1","2"
"山东高唐州","1","1","2"
"川布政司所","1","1","2"
"河南府陕州","1","1","2"
"广布政司所","1","1","2"
"政司所属德","1","1","2"
"司所属德安","1","1","2"
"所属德安府","1","1","2"
"武昌府兴国","1","1","2"
"昌府兴国州","1","1","2"
"岑溪四县属","1","1","2"
"东都指挥司","1","1","2"
"皆遣使持节","2","0","2"
"遣使持节奉","2","0","2"
"位后行册立","1","1","2"
"后行册立礼","1","1","2"
"官告天地宗","2","0","2"
"礼物丹陛上","2","0","2"
"帝冕服升座","2","0","2"
"置丹陛中道","2","0","2"
"奉天门中门","1","1","2"
"仗大乐前导","2","0","2"
"者捧制书节","2","0","2"
"圣母皇太后","1","1","2"
"北案上稍左","1","1","2"
"主婚者俯伏","2","0","2"
"臣夫妇所生","1","1","2"
"入大明门左","1","1","2"
"大明门左门","1","1","2"
"节授司礼监","2","0","2"
"持节行纳吉","1","1","2"
"设皇后冠服","1","1","2"
"执节者捧节","1","1","2"
"正使取制书","1","1","2"
"龟筮师士协","1","1","2"
"主婚者礼使","2","0","2"
"婚者礼使者","2","0","2"
"持节奉册宝","2","0","2"
"使册宝置彩","2","0","2"
"司礼监官持","1","1","2"
"礼监官持节","1","1","2"
"服承天门外","2","0","2"
"仪仗女乐前","2","0","2"
"仗女乐前导","2","0","2"
"执事者举馔","2","0","2"
"事者举馔案","2","0","2"
"宫人腶修盘","2","0","2"
"皇帝服衮冕","2","0","2"
"诣使者前曰","2","0","2"
"使行纳采礼","2","0","2"
"臣谨奉典制","2","0","2"
"门降舆升辂","2","0","2"
"者迎大门外","2","0","2"
"主婚者入门","2","0","2"
"婚者入门右","2","0","2"
"皇太子揖妃","2","0","2"
"太子揖妃入","2","0","2"
"候皇帝升座","1","1","2"
"礼部上仪注","2","0","2"
"亲迎执绥御","1","1","2"
"迎执绥御轮","1","1","2"
"皇太子亲迎","1","1","2"
"皇太子嘉聘","1","1","2"
"太子嘉聘礼","1","1","2"
"洪武八年十","1","1","2"
"武八年十一","1","1","2"
"同姓诸侯主","1","1","2"
"备礼物表文","1","1","2"
"朝恩贶室官","2","0","2"
"恩贶室官子","2","0","2"
"掌婚者致词","2","0","2"
"婚者致词曰","2","0","2"
"公侯百官命","1","1","2"
"侯百官命妇","1","1","2"
"命使册公主","2","0","2"
"驸马见公主","1","1","2"
"教习驸马主","1","1","2"
"习驸马主事","1","1","2"
"驸马主事陈","1","1","2"
"习驸马巩永","1","1","2"
"驸马巩永固","1","1","2"
"京官员军民","1","1","2"
"官员军民子","2","0","2"
"人送本处儒","1","1","2"
"送本处儒学","1","1","2"
"定礼部主事","1","1","2"
"礼部主事一","1","1","2"
"部主事一人","1","1","2"
"公侯大夫士","1","1","2"
"主婚者设宾","1","1","2"
"婚者设宾席","1","1","2"
"主婚者请礼","1","1","2"
"者执巾进水","2","0","2"
"执巾进水沃","2","0","2"
"部尚书刘仲","1","1","2"
"尚书刘仲质","1","1","2"
"皇帝入御幄","2","0","2"
"学官上表谢","1","1","2"
"官上表谢恩","1","1","2"
"尚书郑赐引","1","1","2"
"学官三十五","1","1","2"
"官三十五人","1","1","2"
"定衍圣公率","1","1","2"
"衍圣公率三","1","1","2"
"圣公率三氏","1","1","2"
"定次日行庆","1","1","2"
"次日行庆贺","1","1","2"
"命衍圣公分","1","1","2"
"堂上官一员","2","0","2"
"东西展书官","1","1","2"
"鸿胪官赞讲","2","0","2"
"展书官跪掩","2","0","2"
"西班展书官","1","1","2"
"班展书官展","1","1","2"
"入行叩头礼","1","1","2"
"月初二日止","2","0","2"
"十月初二日","1","1","2"
"讲读官内阁","1","1","2"
"读官内阁学","1","1","2"
"官内阁学士","1","1","2"
"侍书官侍习","2","0","2"
"嘉靖六年定","2","0","2"
"帝常服乘辇","2","0","2"
"讲官大学士","1","1","2"
"官大学士一","1","1","2"
"命学士宋濂","2","0","2"
"鸿胪官请皇","1","1","2"
"胪官请皇太","1","1","2"
"官请皇太子","1","1","2"
"请皇太子升","1","1","2"
"侍班侍读讲","2","0","2"
"班侍读讲官","2","0","2"
"侍读讲官入","2","0","2"
"皇太子阁升","2","0","2"
"太子阁升座","2","0","2"
"东班侍读官","1","1","2"
"治十一年更","1","1","2"
"皇太子座文","2","0","2"
"太子座文华","2","0","2"
"子座文华殿","2","0","2"
"文华殿东厢","1","1","2"
"诣文华门外","2","0","2"
"文华门外东","1","1","2"
"华门外东西","1","1","2"
"署礼部事学","1","1","2"
"礼部事学士","1","1","2"
"部事学士顾","1","1","2"
"事学士顾锡","1","1","2"
"学士顾锡畴","1","1","2"
"内阁徐溥等","1","1","2"
"阁徐溥等四","1","1","2"
"徐溥等四人","1","1","2"
"马文升等七","1","1","2"
"文升等七人","1","1","2"
"讲读官行四","1","1","2"
"讲读官行叩","1","1","2"
"读官行叩头","1","1","2"
"辅臣率官入","2","0","2"
"先生吃酒饭","1","1","2"
"入分班侍立","1","1","2"
"中书省臣会","2","0","2"
"神位前上香","1","1","2"
"绛纱袍省牲","2","0","2"
"陪祭官分文","1","1","2"
"祭官分文武","1","1","2"
"掌祭官彻豆","2","0","2"
"赞礼唱送神","2","0","2"
"掌祭官取馔","2","0","2"
"洪武四年七","1","1","2"
"武四年七月","1","1","2"
"太祖命中书","1","1","2"
"受蜀主孟昶","1","1","2"
"宣表官宣读","1","1","2"
"承制官传制","2","0","2"
"侍仪舍人引","1","1","2"
"叩头伏地上","1","1","2"
"头伏地上表","1","1","2"
"伏地上表请","1","1","2"
"地上表请罪","1","1","2"
"上表请罪礼","1","1","2"
"陈凯乐俘馘","2","0","2"
"凯乐俘馘庙","2","0","2"
"设奏凯乐位","1","1","2"
"刑部尚书受","1","1","2"
"部尚书受俘","1","1","2"
"付受露布官","1","1","2"
"付中书省颁","1","1","2"
"刑部尚书跪","1","1","2"
"楼上承制官","1","1","2"
"上承制官宣","1","1","2"
"洪武三年六","1","1","2"
"武三年六月","1","1","2"
"逆犯樊友邦","1","1","2"
"犯樊友邦等","1","1","2"
"逆犯徐鸿儒","1","1","2"
"犯徐鸿儒等","1","1","2"
"中书省移文","1","1","2"
"礼三部尚书","1","1","2"
"三部尚书位","1","1","2"
"部尚书位殿","2","0","2"
"尚书位殿上","2","0","2"
"兵部尚书位","1","1","2"
"受赏执事位","1","1","2"
"皇帝衮冕升","2","0","2"
"受赏官第一","1","1","2"
"赏官第一人","1","1","2"
"吏部尚书捧","1","1","2"
"部尚书捧诰","1","1","2"
"尚书捧诰命","1","1","2"
"户部尚书捧","1","1","2"
"部尚书捧礼","1","1","2"
"尚书捧礼物","1","1","2"
"吏部尚书等","1","1","2"
"年八月举行","1","1","2"
"总协戎政大","1","1","2"
"协戎政大臣","1","1","2"
"三大营官军","1","1","2"
"科道掌印官","1","1","2"
"礼部仪制司","1","1","2"
"兵部四司官","1","1","2"
"纠仪监射御","1","1","2"
"仪监射御史","1","1","2"
"鸿胪寺供事","1","1","2"
"胪寺供事官","1","1","2"
"南镇抚司掌","1","1","2"
"镇抚司掌印","1","1","2"
"将台下东西","1","1","2"
"京营将士叩","1","1","2"
"营将士叩头","1","1","2"
"兵部尚书奏","2","0","2"
"部尚书请阅","2","0","2"
"马步官军演","1","1","2"
"协戎政官下","2","0","2"
"锦衣卫等官","1","1","2"
"枪刀火器等","1","1","2"
"长安左门外","1","1","2"
"协戎政官捧","1","1","2"
"制洪武三年","2","0","2"
"文武官子弟","2","0","2"
"武官子弟士","2","0","2"
"官子弟士民","2","0","2"
"子弟士民俊","2","0","2"
"弟士民俊秀","2","0","2"
"周礼·大司","2","0","2"
"五品文武官","1","1","2"
"设司正官二","1","1","2"
"侍仪司舍人","1","1","2"
"一年五月五","1","1","2"
"年五月五日","1","1","2"
"下诸王大臣","1","1","2"
"洪武六年二","1","1","2"
"武六年二月","1","1","2"
"大都督府设","1","1","2"
"百官朝服入","2","0","2"
"班首击鼓三","1","1","2"
"首击鼓三声","1","1","2"
"都督府救护","1","1","2"
"官三品上命","2","0","2"
"麻布衫裙鞋","1","1","2"
"军民男女素","2","0","2"
"民男女素服","2","0","2"
"遣官祭金水","2","0","2"
"官祭金水桥","2","0","2"
"百官素服行","2","0","2"
"官素服行奉","2","0","2"
"命妇诣筵殿","2","0","2"
"皇太子下诣","2","0","2"
"成祖皇后徐","1","1","2"
"祖皇后徐氏","1","1","2"
"素服御西角","2","0","2"
"服御西角门","2","0","2"
"诣思善门外","2","0","2"
"善门外哭临","1","1","2"
"二十七日止","2","0","2"
"四品上命妇","2","0","2"
"思善门内哭","1","1","2"
"善门内哭临","1","1","2"
"皆齐衰杖期","2","0","2"
"天地奉天殿","2","0","2"
"引颁册宝官","1","1","2"
"永乐五年十","1","1","2"
"乐五年十月","1","1","2"
"五年十月十","1","1","2"
"年十月十四","1","1","2"
"册谥大行皇","2","0","2"
"谥大行皇后","2","0","2"
"册宝案奉天","2","0","2"
"宝案奉天殿","2","0","2"
"尚仪奏礼毕","2","0","2"
"西角门奉慰","2","0","2"
"遣官葬期告","2","0","2"
"皇太子下衰","2","0","2"
"太子下衰服","2","0","2"
"赐护送官军","1","1","2"
"仁宗皇后张","1","1","2"
"皇后张氏崩","2","0","2"
"定大行太皇","1","1","2"
"大行太皇太","1","1","2"
"行太皇太后","1","1","2"
"服二十七日","2","0","2"
"遣官告太庙","2","0","2"
"英宗皇后钱","1","1","2"
"宗皇后钱氏","1","1","2"
"外国使臣免","1","1","2"
"下文武大臣","1","1","2"
"清宁宫门外","1","1","2"
"宁宫门外听","1","1","2"
"皇太后皇后","2","0","2"
"步送德胜门","2","0","2"
"送德胜门外","2","0","2"
"孝宗皇后张","1","1","2"
"武宗皇后夏","1","1","2"
"宗皇后夏氏","1","1","2"
"庄肃皇后丧","1","1","2"
"肃皇后丧礼","1","1","2"
"秋八月戊寅","1","1","2"
"所载仁孝皇","1","1","2"
"载仁孝皇后","1","1","2"
"服数月白衣","1","1","2"
"数月白衣冠","1","1","2"
"百官入左掖","1","1","2"
"官入左掖门","1","1","2"
"白帽二十七","1","1","2"
"内侍捧入正","1","1","2"
"侍捧入正门","1","1","2"
"副使持节复","2","0","2"
"使持节复命","2","0","2"
"思善门逼近","1","1","2"
"善门逼近仁","1","1","2"
"门逼近仁智","1","1","2"
"逼近仁智殿","1","1","2"
"西角门视朝","2","0","2"
"通前二十七","2","0","2"
"前二十七日","2","0","2"
"百官浅色衣","2","0","2"
"奉先等殿行","1","1","2"
"先等殿行礼","1","1","2"
"孝烈皇后初","1","1","2"
"烈皇后初十","1","1","2"
"皇后初十日","1","1","2"
"尚书欧阳德","1","1","2"
"书欧阳德等","1","1","2"
"尽斩衰三年","1","1","2"
"祭文称皇帝","1","1","2"
"穆宗皇后李","1","1","2"
"宗皇后李氏","1","1","2"
"慈宁宫门外","1","1","2"
"宁宫门外哭","1","1","2"
"宫门外哭临","1","1","2"
"侍郎张智等","1","1","2"
"长子服齐衰","1","1","2"
"子服齐衰期","2","0","2"
"服齐衰十二","1","1","2"
"停大小祀事","2","0","2"
"大小祀事乐","2","0","2"
"令光禄寺供","1","1","2"
"曰睿宗献皇","2","0","2"
"改葬天寿山","1","1","2"
"谕大学士夏","1","1","2"
"孝贞皇太后","1","1","2"
"贞皇太后丧","1","1","2"
"后降神飨神","1","1","2"
"亲王共祭一","1","1","2"
"王共祭一坛","1","1","2"
"公主共祭一","1","1","2"
"主共祭一坛","1","1","2"
"驸马共一坛","1","1","2"
"公侯伯文武","1","1","2"
"下行三献礼","1","1","2"
"葬金山诸处","2","0","2"
"金山诸处者","2","0","2"
"成化八年悼","1","1","2"
"化八年悼恭","1","1","2"
"八年悼恭太","1","1","2"
"年悼恭太子","1","1","2"
"王府文武官","2","0","2"
"礼部具仪上","2","0","2"
"帝服翼善冠","1","1","2"
"况十五岁外","1","1","2"
"皇太子妃郭","1","1","2"
"太子妃郭氏","1","1","2"
"靖江王宫眷","1","1","2"
"掌行丧葬礼","2","0","2"
"子监监生八","1","1","2"
"监监生八名","1","1","2"
"伯叔父齐衰","1","1","2"
"洪武九年五","1","1","2"
"武九年五月","1","1","2"
"晋王妃谢氏","1","1","2"
"侍讲学士宋","1","1","2"
"讲学士宋濂","1","1","2"
"南昌皇妃服","1","1","2"
"昌皇妃服大","1","1","2"
"皇妃服大功","1","1","2"
"晋王服齐衰","1","1","2"
"成化八年二","1","1","2"
"化八年二月","1","1","2"
"川按察使彭","1","1","2"
"按察使彭韶","1","1","2"
"治十六年七","1","1","2"
"追封寿春等","1","1","2"
"封寿春等十","1","1","2"
"寿春等十王","1","1","2"
"凤阳府西北","1","1","2"
"阳府西北二","1","1","2"
"府西北二十","1","1","2"
"西北二十五","1","1","2"
"南昌等五王","1","1","2"
"岁时遣内官","2","0","2"
"时遣内官行","2","0","2"
"乐十五年正","1","1","2"
"命司治丧葬","2","0","2"
"凤阳府泗州","1","1","2"
"户二百九十","1","1","2"
"阳府太平乡","1","1","2"
"刘英等二十","1","1","2"
"后改称皇陵","2","0","2"
"户三千三百","1","1","2"
"三千三百四","1","1","2"
"三百四十二","1","1","2"
"晋王肃所议","1","1","2"
"泗州修缮祖","1","1","2"
"州修缮祖陵","1","1","2"
"麻布大袖长","1","1","2"
"布大袖长衫","1","1","2"
"颁遗诏天下","2","0","2"
"大行皇帝遗","1","1","2"
"太子下皆衰","2","0","2"
"子下皆衰服","2","0","2"
"衰服随班行","1","1","2"
"宝舆丹陛上","2","0","2"
"官请梓宫升","2","0","2"
"内侍请灵驾","2","0","2"
"礼官请灵驾","2","0","2"
"五三叩头毕","2","0","2"
"山陵执事者","1","1","2"
"执事官奉梓","2","0","2"
"事官奉梓宫","2","0","2"
"官奉梓宫入","2","0","2"
"后土天寿山","2","0","2"
"内侍捧册宝","1","1","2"
"奏请太宗文","1","1","2"
"请太宗文皇","1","1","2"
"宗文皇帝神","1","1","2"
"文皇帝神灵","1","1","2"
"主降座升舆","2","0","2"
"奏请神主降","2","0","2"
"请神主降舆","2","0","2"
"神主降舆升","2","0","2"
"主降舆升座","2","0","2"
"内官捧神帛","1","1","2"
"官捧神帛箱","1","1","2"
"捧神帛箱埋","1","1","2"
"常卿奏请神","2","0","2"
"卿奏请神主","2","0","2"
"请神主降辇","2","0","2"
"唱太宗文皇","1","1","2"
"宗文皇帝谒","1","1","2"
"皇太子南京","2","0","2"
"文武官常服","2","0","2"
"长安右门下","1","1","2"
"安右门下马","1","1","2"
"乌纱翼善冠","1","1","2"
"素服坐西角","1","1","2"
"服坐西角门","1","1","2"
"皆帝所规画","2","0","2"
"尚书蹇义等","1","1","2"
"书蹇义等请","1","1","2"
"神主奉安太","2","0","2"
"主奉安太庙","2","0","2"
"御史薛贞巡","1","1","2"
"史薛贞巡视","1","1","2"
"年正月癸未","2","0","2"
"景泰六年冬","1","1","2"
"天顺元年冬","1","1","2"
"六年二月壬","1","1","2"
"弘治九年冬","1","1","2"
"十二月壬申","1","1","2"
"三十六年冬","1","1","2"
"四十五年冬","1","1","2"
"万历四年十","1","1","2"
"历四年十二","1","1","2"
"崇祯五年十","1","1","2"
"祯五年十二","1","1","2"
"十二月癸酉","1","1","2"
"命顺天府祈","2","0","2"
"乐十六年正","1","1","2"
"六年正月乙","1","1","2"
"弘治八年二","1","1","2"
"治八年二月","1","1","2"
"掖县海神庙","1","1","2"
"洪武元年七","1","1","2"
"武元年七月","1","1","2"
"元年七月丁","1","1","2"
"年七月丁酉","1","1","2"
"武德卫军器","1","1","2"
"德卫军器局","1","1","2"
"年二月癸未","1","1","2"
"等六卫军民","1","1","2"
"九年二月辛","1","1","2"
"十年四月甲","1","1","2"
"年四月甲午","1","1","2"
"建文二年八","1","1","2"
"文二年八月","1","1","2"
"乐四年十二","1","1","2"
"三年正月壬","1","1","2"
"二十年闰十","1","1","2"
"十年闰十二","1","1","2"
"闰十二月戊","1","1","2"
"宣德三年三","1","1","2"
"德三年三月","1","1","2"
"东岳泰山庙","2","0","2"
"天津右卫北","1","1","2"
"津右卫北城","1","1","2"
"右卫北城外","1","1","2"
"九年二月庚","1","1","2"
"年二月庚午","1","1","2"
"京城东南楼","1","1","2"
"正统二年二","1","1","2"
"统二年二月","1","1","2"
"三年八月辛","1","1","2"
"年八月辛酉","1","1","2"
"韩府承运殿","1","1","2"
"松木八千八","1","1","2"
"木八千八百","1","1","2"
"城娲皇寝庙","1","1","2"
"忠义后卫仓","1","1","2"
"通州右卫仓","1","1","2"
"南京山川坛","1","1","2"
"三年二月癸","1","1","2"
"忠义前卫仓","1","1","2"
"景泰二年六","1","1","2"
"泰二年六月","1","1","2"
"二年六月丙","1","1","2"
"元年七月丙","1","1","2"
"三年九月庚","1","1","2"
"年九月庚寅","1","1","2"
"烧五千四百","1","1","2"
"四年八月己","1","1","2"
"光禄寺大烹","1","1","2"
"禄寺大烹内","1","1","2"
"寺大烹内门","1","1","2"
"五年三月丁","1","1","2"
"南京朝天宫","1","1","2"
"七年正月丁","1","1","2"
"西安门木厂","1","1","2"
"试天下举人","1","1","2"
"成化二年九","1","1","2"
"化二年九月","1","1","2"
"二年九月癸","1","1","2"
"百六十余家","2","0","2"
"九年七月庚","1","1","2"
"一年四月壬","1","1","2"
"八年八月丙","1","1","2"
"十二月乙卯","1","1","2"
"元年二月庚","1","1","2"
"毁谯楼官舍","1","1","2"
"左屯卫红气","1","1","2"
"年三月己未","2","0","2"
"成山卫秦皇","1","1","2"
"山卫秦皇庙","1","1","2"
"文登大桑树","1","1","2"
"闰五月丙子","1","1","2"
"民居三百余","2","0","2"
"居三百余家","2","0","2"
"八年六月辛","1","1","2"
"丰城县西南","1","1","2"
"城县西南连","1","1","2"
"燔五百余家","2","0","2"
"九年正月庚","1","1","2"
"一年八月丁","1","1","2"
"年八月丁丑","1","1","2"
"年正月甲辰","1","1","2"
"裕陵神宫监","1","1","2"
"四年四月乙","1","1","2"
"五年五月辛","1","1","2"
"燔八百余家","2","0","2"
"元年正月己","1","1","2"
"年正月己未","2","0","2"
"南京针线厂","1","1","2"
"四年三月壬","1","1","2"
"年三月壬午","1","1","2"
"五年三月乙","1","1","2"
"三年六月甲","1","1","2"
"山西平虏卫","1","1","2"
"毁神机官库","1","1","2"
"八年二月乙","1","1","2"
"皇城北鼓楼","1","1","2"
"二十五年五","1","1","2"
"五年五月壬","1","1","2"
"年五月壬申","1","1","2"
"三十一年八","1","1","2"
"三十五年九","1","1","2"
"五年九月戊","1","1","2"
"年九月戊辰","1","1","2"
"三十八年正","1","1","2"
"八年正月癸","1","1","2"
"四十年十一","1","1","2"
"四年三月己","1","1","2"
"大明门内西","1","1","2"
"明门内西千","1","1","2"
"门内西千步","1","1","2"
"内西千步廊","1","1","2"
"浙江省城外","1","1","2"
"万历元年十","1","1","2"
"历元年十一","1","1","2"
"三年四月甲","1","1","2"
"年四月甲戌","1","1","2"
"五年十月丙","1","1","2"
"年十月丙申","1","1","2"
"二年二月己","1","1","2"
"二月癸卯朔","1","1","2"
"年五月甲子","1","1","2"
"一年六月望","1","1","2"
"二十二年五","1","1","2"
"二年五月壬","1","1","2"
"四年二月甲","1","1","2"
"漕粮二万石","1","1","2"
"二十七年十","1","1","2"
"烧尚宝司印","1","1","2"
"尚宝司印绶","1","1","2"
"宝司印绶监","1","1","2"
"二十九年正","1","1","2"
"九年正月己","1","1","2"
"年二月乙酉","1","1","2"
"南海普陀山","1","1","2"
"海普陀山寺","1","1","2"
"一年九月戊","1","1","2"
"年九月戊寅","1","1","2"
"三十三年二","1","1","2"
"三年二月乙","1","1","2"
"刑部提牢厅","1","1","2"
"年正月庚子","1","1","2"
"八年四月丁","1","1","2"
"年四月丁丑","1","1","2"
"四月丁丑夜","2","0","2"
"正阳门箭楼","1","1","2"
"九年四月戊","1","1","2"
"一年五月壬","1","1","2"
"黄花镇柳沟","1","1","2"
"辽东长宁堡","1","1","2"
"闰八月辛亥","1","1","2"
"四十四年十","1","1","2"
"年闰四月丁","1","1","2"
"闰四月丁丑","1","1","2"
"开原殷家庄","1","1","2"
"原殷家庄堡","1","1","2"
"殷家庄堡台","1","1","2"
"家庄堡台杆","1","1","2"
"庄堡台杆八","1","1","2"
"暖阁厂膳房","1","1","2"
"七年四月癸","1","1","2"
"元年十月丁","1","1","2"
"年十月丁卯","1","1","2"
"天启元年闰","1","1","2"
"启元年闰二","1","1","2"
"元年闰二月","1","1","2"
"年闰二月丙","1","1","2"
"闰二月丙戌","1","1","2"
"三年七月辛","1","1","2"
"年七月辛卯","1","1","2"
"南京大内左","1","1","2"
"年五月戊申","1","1","2"
"七年十月庚","1","1","2"
"三年三月戊","1","1","2"
"年三月戊戌","1","1","2"
"年正月癸丑","1","1","2"
"七年九月庚","1","1","2"
"年九月庚申","1","1","2"
"一年正月甲","1","1","2"
"年正月甲申","1","1","2"
"三年三月庚","1","1","2"
"年三月辛卯","1","1","2"
"年四月辛丑","1","1","2"
"三月戊申夜","2","0","2"
"宁化王殿前","1","1","2"
"七年三月丁","1","1","2"
"余干仙居寨","1","1","2"
"五月己亥夜","2","0","2"
"六月癸未夜","2","0","2"
"五年七月甲","1","1","2"
"十年七月丙","1","1","2"
"军都督府中","1","1","2"
"都督府中门","1","1","2"
"保定府民间","1","1","2"
"大毛山楼上","1","1","2"
"三年九月癸","1","1","2"
"年九月癸巳","1","1","2"
"四年二月戊","1","1","2"
"年二月戊申","1","1","2"
"凉二州火光","1","1","2"
"厚载门火神","1","1","2"
"载门火神庙","1","1","2"
"前门城楼角","1","1","2"
"正德元年正","1","1","2"
"元年正月乙","1","1","2"
"年正月乙酉","1","1","2"
"二年八月己","1","1","2"
"年八月己亥","1","1","2"
"八年七月甲","1","1","2"
"张思齐家地","1","1","2"
"九年二月己","1","1","2"
"年二月己未","2","0","2"
"隆庆六年闰","1","1","2"
"庆六年闰二","1","1","2"
"六年闰二月","1","1","2"
"闰二月癸酉","1","1","2"
"风扬尘蔽天","2","0","2"
"万历六年七","1","1","2"
"历六年七月","1","1","2"
"六年七月丁","1","1","2"
"年七月丁丑","1","1","2"
"松门卫金铛","1","1","2"
"二十六年九","1","1","2"
"六年九月甲","1","1","2"
"年九月甲辰","1","1","2"
"萧山贾九经","1","1","2"
"山贾九经家","1","1","2"
"王体积中庭","1","1","2"
"体积中庭喷","1","1","2"
"崇祯七年二","1","1","2"
"祯七年二月","1","1","2"
"七年二月戊","1","1","2"
"山东二十九","1","1","2"
"元年三月乙","1","1","2"
"年三月乙卯","1","1","2"
"燕王营苏家","2","0","2"
"安卫霪雨坏","2","0","2"
"浙江卫所五","1","1","2"
"建昌守御所","1","1","2"
"坏密云中卫","1","1","2"
"月霪雨伤稼","2","0","2"
"九年闰七月","1","1","2"
"野狐岭等处","1","1","2"
"江西七府十","1","1","2"
"西七府十六","1","1","2"
"七府十六县","1","1","2"
"死二百余人","1","1","2"
"坏顺天古北","1","1","2"
"大嵩等二十","1","1","2"
"青三府大雨","1","1","2"
"成化元年六","1","1","2"
"化元年六月","1","1","2"
"七年七月乙","1","1","2"
"一百八十余","2","0","2"
"三十一万四","1","1","2"
"十一万四千","1","1","2"
"淹死一万一","1","1","2"
"死一万一千","1","1","2"
"弘治二年七","1","1","2"
"治二年七月","1","1","2"
"七年七月庚","1","1","2"
"义州等卫连","1","1","2"
"坏朝阳门北","1","1","2"
"坏城垣庐舍","2","0","2"
"十五年六七","1","1","2"
"五年六七月","1","1","2"
"懿文陵树木","1","1","2"
"正德元年七","1","1","2"
"没居民五百","1","1","2"
"地水深二丈","1","1","2"
"嘉靖四年六","1","1","2"
"靖四年六月","1","1","2"
"三十三年六","1","1","2"
"四十五年九","1","1","2"
"平地水丈余","2","0","2"
"五月七月雨","2","0","2"
"五年五月七","2","0","2"
"年五月七月","2","0","2"
"二十八年七","1","1","2"
"大雨数日夜","1","1","2"
"十九年春夏","1","1","2"
"三十二年七","1","1","2"
"天启六年闰","1","1","2"
"坏天寿山神","1","1","2"
"天寿山神路","1","1","2"
"坏山海关内","1","1","2"
"海关内外城","1","1","2"
"关内外城垣","1","1","2"
"顺天二十七","1","1","2"
"东方甲乙木","1","1","2"
"耳目口鼻四","1","1","2"
"目口鼻四肢","1","1","2"
"太仓卫指挥","1","1","2"
"仓卫指挥姜","1","1","2"
"卫指挥姜周","1","1","2"
"指挥姜周辅","1","1","2"
"挥姜周辅家","1","1","2"
"时内殿奏章","1","1","2"
"内殿奏章房","1","1","2"
"秦州关山中","1","1","2"
"四年正月戊","1","1","2"
"年正月戊申","1","1","2"
"十二月乙丑","1","1","2"
"一年正月丁","1","1","2"
"统三年十月","1","1","2"
"三年十月丁","1","1","2"
"年十月丁丑","1","1","2"
"天顺七年十","1","1","2"
"顺七年十月","1","1","2"
"七年十月甲","1","1","2"
"年十月甲辰","1","1","2"
"八年正月乙","1","1","2"
"庆三年十一","1","1","2"
"历十四年冬","1","1","2"
"崇祯元年十","1","1","2"
"祯元年十一","1","1","2"
"三十七年十","1","1","2"
"十七年十月","1","1","2"
"七年十月戊","1","1","2"
"泗水沙中涌","1","1","2"
"历十八年五","1","1","2"
"年五月丁卯","1","1","2"
"祖陵大松树","1","1","2"
"陵大松树孔","1","1","2"
"大松树孔中","1","1","2"
"天启六年四","1","1","2"
"启六年四月","1","1","2"
"六年四月癸","1","1","2"
"年四月癸巳","1","1","2"
"南京西华门","1","1","2"
"京西华门内","1","1","2"
"元年八月辛","1","1","2"
"年八月辛巳","1","1","2"
"上殿奏请斋","1","1","2"
"殿奏请斋戒","1","1","2"
"年置太常司","2","0","2"
"定协律郎等","1","1","2"
"律郎等官品","1","1","2"
"译语言文字","1","1","2"
"增设八百馆","1","1","2"
"增设暹罗馆","1","1","2"
"初设四夷馆","1","1","2"
"设四夷馆隶","1","1","2"
"始增设太常","1","1","2"
"增设太常寺","1","1","2"
"设太常寺卿","1","1","2"
"贡献果鲜厨","1","1","2"
"科道官一员","1","1","2"
"尚醴二局隶","1","1","2"
"所属尚食等","1","1","2"
"属尚食等局","1","1","2"
"太常司供需","1","1","2"
"常司供需库","1","1","2"
"司供需库隶","1","1","2"
"设直长四人","1","1","2"
"置所属大官","1","1","2"
"御史一人印","1","1","2"
"史一人印烙","1","1","2"
"答答失里营","1","1","2"
"答失里营所","1","1","2"
"右少卿一人","2","0","2"
"右寺丞一人","2","0","2"
"外国朝贡使","1","1","2"
"殿庭仪礼司","1","1","2"
"序班十六人","1","1","2"
"关通事使一","1","1","2"
"通事使一人","1","1","2"
"右司丞四人","1","1","2"
"设外夷通事","1","1","2"
"外夷通事隶","1","1","2"
"曰皇帝奉天","2","0","2"
"皇帝尊亲宝","2","0","2"
"敬天勤民宝","2","0","2"
"表章经史宝","2","0","2"
"图书文史等","1","1","2"
"大明受命宝","2","0","2"
"巡狩天下宝","2","0","2"
"讨罪安民宝","2","0","2"
"敕正万民宝","2","0","2"
"内官尚宝监","1","1","2"
"驸马都尉佩","1","1","2"
"巡城寺卫官","1","1","2"
"卫锦衣校尉","1","1","2"
"都事中一人","2","0","2"
"稽察六部百","1","1","2"
"察六部百司","1","1","2"
"内外官考察","1","1","2"
"前一年南北","1","1","2"
"一年南北罪","1","1","2"
"年南北罪囚","1","1","2"
"事中十二人","1","1","2"
"武英殿西房","1","1","2"
"英殿西房中","1","1","2"
"殿西房中书","1","1","2"
"西房中书舍","1","1","2"
"阁诰敕房中","1","1","2"
"制敕房中书","1","1","2"
"文华殿舍人","1","1","2"
"旨书写书籍","1","1","2"
"阁诰敕房舍","1","1","2"
"诰敕房舍人","1","1","2"
"制敕房舍人","1","1","2"
"王府敕符底","1","1","2"
"府敕符底簿","1","1","2"
"设直省舍人","1","1","2"
"直省舍人十","1","1","2"
"省舍人十人","1","1","2"
"定设中书舍","1","1","2"
"行人三十七","1","1","2"
"人三十七人","1","1","2"
"人持节传旨","2","0","2"
"所任行人多","1","1","2"
"行人司官四","1","1","2"
"人司官四十","1","1","2"
"司官四十员","1","1","2"
"五官灵台郎","1","1","2"
"官灵台郎八","1","1","2"
"灵台郎八人","1","1","2"
"五官保章正","1","1","2"
"官保章正二","1","1","2"
"保章正二人","1","1","2"
"五官挈壶正","1","1","2"
"官挈壶正二","1","1","2"
"挈壶正二人","1","1","2"
"五官监候三","1","1","2"
"官监候三人","1","1","2"
"五官司历二","1","1","2"
"官司历二人","1","1","2"
"五官司晨八","1","1","2"
"官司晨八人","1","1","2"
"漏刻博士六","1","1","2"
"刻博士六人","1","1","2"
"历三十二事","1","1","2"
"壬遁历七十","1","1","2"
"遁历七十二","1","1","2"
"历七十二事","1","1","2"
"移内外诸司","2","0","2"
"内外诸司救","2","0","2"
"观象台四面","1","1","2"
"医术十三科","1","1","2"
"置医学提举","1","1","2"
"医学提举司","1","1","2"
"属官御医四","1","1","2"
"官御医四人","1","1","2"
"右监丞一人","2","0","2"
"副指挥四人","1","1","2"
"疏理街道沟","1","1","2"
"理街道沟渠","1","1","2"
"置兵马指挥","1","1","2"
"命京兵马指","2","0","2"
"中都兵马指","1","1","2"
"都兵马指挥","1","1","2"
"京城巡捕等","1","1","2"
"城巡捕等事","1","1","2"
"定设五城兵","1","1","2"
"设五城兵马","1","1","2"
"巡视五城御","1","1","2"
"视五城御史","1","1","2"
"兵马指挥会","1","1","2"
"城兵马司官","1","1","2"
"巡城御史纠","1","1","2"
"监征派物料","1","1","2"
"率庶人终亩","2","0","2"
"右演法二人","1","1","2"
"右玄义二人","1","1","2"
"神乐观提点","1","1","2"
"乐观提点一","1","1","2"
"观提点一人","1","1","2"
"正一真人一","1","1","2"
"一真人一人","1","1","2"
"皇门官设皇","1","1","2"
"门官设皇门","1","1","2"
"官设皇门使","1","1","2"
"皇门官门正","1","1","2"
"御马司司正","1","1","2"
"纪事等奉御","1","1","2"
"设太监一人","1","1","2"
"内官监文移","2","0","2"
"河州敕谕茶","1","1","2"
"州敕谕茶马","1","1","2"
"都督谭青等","1","1","2"
"马靖巡视甘","1","1","2"
"靖巡视甘肃","1","1","2"
"下番官军守","1","1","2"
"番官军守备","1","1","2"
"官军守备南","1","1","2"
"王安镇守甘","1","1","2"
"安镇守甘肃","1","1","2"
"大学士陈山","1","1","2"
"学士陈山专","1","1","2"
"许识字读书","1","1","2"
"范弘等免死","1","1","2"
"弘等免死诏","1","1","2"
"神宗矿税使","1","1","2"
"置内职六尚","1","1","2"
"内职六尚局","1","1","2"
"本部尚书参","1","1","2"
"同内外守备","1","1","2"
"内外守备官","1","1","2"
"外守备官操","1","1","2"
"守备官操练","1","1","2"
"备官操练军","1","1","2"
"官操练军马","1","1","2"
"视五部特重","2","0","2"
"十三司郎中","1","1","2"
"三司郎中十","1","1","2"
"司郎中十三","1","1","2"
"郎中十三人","1","1","2"
"员外郎五人","1","1","2"
"主事十四人","1","1","2"
"清江二提举","1","1","2"
"江二提举司","1","1","2"
"龙江抽分竹","1","1","2"
"江抽分竹木","1","1","2"
"瓦屑坝抽分","1","1","2"
"屑坝抽分竹","1","1","2"
"坝抽分竹木","1","1","2"
"提督操江一","1","1","2"
"督操江一人","1","1","2"
"通政使一人","1","1","2"
"右通政一人","1","1","2"
"右参议一人","1","1","2"
"付刑部审理","1","1","2"
"赞礼郎七人","1","1","2"
"南京六部所","1","1","2"
"京六部所存","1","1","2"
"仁宗时补设","1","1","2"
"宗时补设官","1","1","2"
"审理正一人","1","1","2"
"典膳正一人","1","1","2"
"奉祠正一人","1","1","2"
"良医正一人","1","1","2"
"典仪正一人","1","1","2"
"设教授一人","2","0","2"
"江西南瑞道","1","1","2"
"同提举一人","1","1","2"
"置都转运司","1","1","2"
"置两浙都转","1","1","2"
"两浙都转运","1","1","2"
"浙都转运司","1","1","2"
"定都转运使","1","1","2"
"盐场设司令","1","1","2"
"陕西察罕脑","1","1","2"
"置盐课提举","1","1","2"
"两淮巡盐御","1","1","2"
"淮巡盐御史","1","1","2"
"置茶盐都转","1","1","2"
"盐都转运司","1","1","2"
"黄渡市舶司","1","1","2"
"河州茶马司","1","1","2"
"置四川永宁","1","1","2"
"四川永宁茶","1","1","2"
"川永宁茶马","1","1","2"
"永宁茶马司","1","1","2"
"置雅州碉门","1","1","2"
"雅州碉门茶","1","1","2"
"州碉门茶马","1","1","2"
"北方府州县","1","1","2"
"方府州县官","1","1","2"
"府州县官三","1","1","2"
"州县官三百","1","1","2"
"二百三十四","1","1","2"
"定府州县条","1","1","2"
"府州县条例","1","1","2"
"州县条例八","1","1","2"
"一千一百七","1","1","2"
"一百七十一","1","1","2"
"州学三十人","1","1","2"
"提学宪臣提","1","1","2"
"学宪臣提调","1","1","2"
"定儒学训导","1","1","2"
"儒学训导位","1","1","2"
"天下学官改","1","1","2"
"下学官改授","1","1","2"
"学官改授旁","1","1","2"
"官改授旁郡","1","1","2"
"改授旁郡州","1","1","2"
"授旁郡州县","1","1","2"
"处设巡检司","1","1","2"
"库大使一人","1","1","2"
"织染杂造局","1","1","2"
"卫所戍守军","1","1","2"
"所戍守军士","1","1","2"
"武十七年置","2","0","2"
"副都纲一人","1","1","2"
"副都纪一人","1","1","2"
"大小五等钱","1","1","2"
"洪武通宝钱","1","1","2"
"十钱重一两","1","1","2"
"钱作废铜送","1","1","2"
"中书省造大","1","1","2"
"书省造大明","1","1","2"
"省造大明宝","1","1","2"
"大明通行宝","1","1","2"
"明通行宝钞","1","1","2"
"中书省奏准","1","1","2"
"书省奏准印","1","1","2"
"省奏准印造","1","1","2"
"奏准印造大","1","1","2"
"准印造大明","1","1","2"
"印造大明宝","1","1","2"
"铜钱通行使","1","1","2"
"告捕者赏银","1","1","2"
"捕者赏银二","1","1","2"
"者赏银二十","1","1","2"
"赏银二十五","1","1","2"
"倒收旧钞送","1","1","2"
"百六十文折","1","1","2"
"造首饰器皿","1","1","2"
"御史陈瑛言","2","0","2"
"行户口食盐","1","1","2"
"户口食盐法","1","1","2"
"下二百万家","1","1","2"
"北京宝钞提","1","1","2"
"京宝钞提举","1","1","2"
"发南京抽分","1","1","2"
"南京抽分场","1","1","2"
"京抽分场积","1","1","2"
"抽分场积薪","1","1","2"
"龙江提举司","1","1","2"
"金银布帛交","1","1","2"
"银布帛交易","1","1","2"
"府县卫所仓","1","1","2"
"纳钞五百贯","1","1","2"
"银二分五厘","1","1","2"
"京城税课司","1","1","2"
"河南户口食","1","1","2"
"钱数千百万","1","1","2"
"京卫军秋粮","1","1","2"
"卫军秋粮取","1","1","2"
"司钥库太监","1","1","2"
"钥库太监庞","1","1","2"
"户部布政司","1","1","2"
"部布政司库","1","1","2"
"布政司库钱","1","1","2"
"世宗嘉靖六","1","1","2"
"宗嘉靖六年","1","1","2"
"发内库新旧","1","1","2"
"内库新旧钱","1","1","2"
"库新旧钱八","1","1","2"
"新旧钱八千","1","1","2"
"旧钱八千一","1","1","2"
"钱八千一百","1","1","2"
"八千一百万","1","1","2"
"千一百万文","1","1","2"
"一百万文折","1","1","2"
"令通行历代","1","1","2"
"通行历代钱","1","1","2"
"十文银一分","2","0","2"
"事中李敬言","2","0","2"
"死者相枕藉","2","0","2"
"御史何廷钰","2","0","2"
"嘉靖通宝钱","1","1","2"
"事中殷正茂","1","1","2"
"费工本银三","1","1","2"
"工本银三十","1","1","2"
"本银三十九","1","1","2"
"银三十九万","1","1","2"
"钱六万五千","1","1","2"
"六万五千万","1","1","2"
"万五千万文","1","1","2"
"银九十三万","1","1","2"
"宣课司收税","1","1","2"
"民乘机阻挠","1","1","2"
"问大学士徐","1","1","2"
"民间交易一","1","1","2"
"间交易一钱","1","1","2"
"时钱八文折","1","1","2"
"万历通宝金","1","1","2"
"历通宝金背","1","1","2"
"文重一钱二","1","1","2"
"重一钱二分","1","1","2"
"一钱二分五","1","1","2"
"钱二分五厘","1","1","2"
"云南巡按郭","1","1","2"
"南巡按郭庭","1","1","2"
"巡按郭庭梧","1","1","2"
"四火黄铜铸","1","1","2"
"二火黄铜铸","1","1","2"
"万历金背五","1","1","2"
"历金背五文","1","1","2"
"嘉靖金背四","1","1","2"
"靖金背四文","1","1","2"
"南北宝源局","1","1","2"
"本七万九千","1","1","2"
"户部铸钱获","1","1","2"
"本四十万两","1","1","2"
"南北两局外","1","1","2"
"采铜於产铜","2","0","2"
"铜於产铜地","2","0","2"
"州抽分主事","1","1","2"
"抽分主事朱","1","1","2"
"分主事朱大","1","1","2"
"主事朱大受","1","1","2"
"钱加重半铢","1","1","2"
"嵩县白泥沟","1","1","2"
"福建尤溪县","1","1","2"
"建尤溪县银","1","1","2"
"尤溪县银屏","1","1","2"
"溪县银屏山","1","1","2"
"县银屏山银","1","1","2"
"银屏山银场","1","1","2"
"屏山银场局","1","1","2"
"贵州采办金","1","1","2"
"州采办金银","1","1","2"
"英宗下诏封","1","1","2"
"福建银二万","1","1","2"
"部尚书孙原","1","1","2"
"书孙原贞请","1","1","2"
"官戴细保提","1","1","2"
"戴细保提督","1","1","2"
"云南十万两","1","1","2"
"十八万三千","1","1","2"
"八万三千奇","2","0","2"
"武陵等十二","1","1","2"
"陵等十二县","1","1","2"
"民夫五十五","1","1","2"
"夫五十五万","1","1","2"
"浦城废坑银","1","1","2"
"城废坑银冶","1","1","2"
"云南巡抚李","1","1","2"
"南巡抚李士","1","1","2"
"玉旺峪矿银","1","1","2"
"前卫千户仲","1","1","2"
"卫千户仲春","1","1","2"
"千户仲春请","1","1","2"
"二十五年三","1","1","2"
"山西巡抚魏","1","1","2"
"西巡抚魏允","1","1","2"
"巡抚魏允贞","1","1","2"
"抚魏允贞上","1","1","2"
"求投珠抵璧","1","1","2"
"河南巡按姚","1","1","2"
"南巡按姚思","1","1","2"
"巡按姚思仁","1","1","2"
"山西吉州二","1","1","2"
"铁七百四十","1","1","2"
"七百四十六","1","1","2"
"百四十六万","1","1","2"
"辽东都司三","1","1","2"
"东都司三万","1","1","2"
"都司三万卫","1","1","2"
"广东归善县","1","1","2"
"东归善县请","1","1","2"
"史刘大夏讨","1","1","2"
"贵州大万山","1","1","2"
"州大万山长","1","1","2"
"大万山长官","1","1","2"
"万山长官司","1","1","2"
"川府会川卫","1","1","2"
"封闭云南路","1","1","2"
"闭云南路南","1","1","2"
"云南路南州","1","1","2"
"南路南州铜","1","1","2"
"军士周达请","1","1","2"
"彰德税课司","1","1","2"
"凡三百六十","2","0","2"
"百六十四处","1","1","2"
"军民嫁娶丧","1","1","2"
"三山诸门外","1","1","2"
"山东巡按陈","1","1","2"
"东巡按陈济","1","1","2"
"市镇店肆门","1","1","2"
"镇店肆门摊","1","1","2"
"骡驴车受雇","1","1","2"
"驴车受雇装","1","1","2"
"车受雇装载","1","1","2"
"受雇装载者","2","0","2"
"户部主事监","1","1","2"
"省税课司局","1","1","2"
"南京上新河","1","1","2"
"京上新河船","1","1","2"
"上新河船料","1","1","2"
"新河船料钞","1","1","2"
"置彰义门官","1","1","2"
"彰义门官房","1","1","2"
"省税课司官","1","1","2"
"抽分薪炭等","1","1","2"
"崇文门监税","1","1","2"
"文门监税官","1","1","2"
"杭州抽分御","1","1","2"
"州抽分御史","1","1","2"
"始收泰山碧","1","1","2"
"收泰山碧霞","1","1","2"
"泰山碧霞元","1","1","2"
"山碧霞元君","1","1","2"
"碧霞元君祠","1","1","2"
"霞元君祠香","1","1","2"
"元君祠香钱","1","1","2"
"太监郑玺请","1","1","2"
"浙江抽分厂","1","1","2"
"广东税课司","1","1","2"
"东税课司局","1","1","2"
"税课司局多","1","1","2"
"府抽印木植","1","1","2"
"抽印木植中","1","1","2"
"印木植中官","1","1","2"
"入钞六十六","1","1","2"
"钱二百八十","1","1","2"
"百八十八万","1","1","2"
"始时钞关估","1","1","2"
"太监李能请","1","1","2"
"广宁八里铺","1","1","2"
"宁八里铺前","1","1","2"
"八里铺前屯","1","1","2"
"里铺前屯卫","1","1","2"
"复山海关税","1","1","2"
"八里铺店钱","1","1","2"
"钞关主事关","1","1","2"
"关主事关防","1","1","2"
"主事关防敕","1","1","2"
"事关防敕书","1","1","2"
"历十一年革","1","1","2"
"二十六年千","1","1","2"
"十六年千户","1","1","2"
"六年千户赵","1","1","2"
"年千户赵承","1","1","2"
"千户赵承勋","1","1","2"
"户赵承勋奏","1","1","2"
"赵承勋奏请","1","1","2"
"立土商名目","1","1","2"
"府承奉谢文","1","1","2"
"承奉谢文铨","1","1","2"
"约三十二万","1","1","2"
"三十二万五","1","1","2"
"二十五年增","1","1","2"
"二十七年后","2","0","2"
"二十六万六","1","1","2"
"六万六千馀","2","0","2"
"连年税使所","1","1","2"
"年税使所供","1","1","2"
"宝坻银鱼厂","1","1","2"
"备庙祀上供","1","1","2"
"天下税额三","1","1","2"
"部尚书毕严","2","0","2"
"南京宣课司","1","1","2"
"所收落地税","1","1","2"
"关税二十万","1","1","2"
"税二十万两","1","1","2"
"泥国回回哈","1","1","2"
"马哈没奇等","1","1","2"
"云屯市舶提","1","1","2"
"屯市舶提举","1","1","2"
"提举市舶太","1","1","2"
"举市舶太监","1","1","2"
"市舶太监毕","1","1","2"
"舶太监毕真","1","1","2"
"任市舶太监","1","1","2"
"国番舶抽分","1","1","2"
"浙江巡抚朱","1","1","2"
"大侠林恭等","1","1","2"
"都御史胡宗","1","1","2"
"通福建互市","1","1","2"
"开原城东五","1","1","2"
"原城东五里","1","1","2"
"待朵颜三卫","1","1","2"
"开原南关马","1","1","2"
"原南关马市","1","1","2"
"南关马市独","1","1","2"
"巡抚卢睿请","1","1","2"
"令军民平价","1","1","2"
"达官指挥李","1","1","2"
"官指挥李原","1","1","2"
"指挥李原等","1","1","2"
"部尚书王越","1","1","2"
"尚书王越请","1","1","2"
"朵颜三卫入","1","1","2"
"大同开马市","1","1","2"
"辽东义州木","1","1","2"
"东义州木市","1","1","2"
"巡抚张思忠","1","1","2"
"后总兵李成","1","1","2"
"一百十户一","2","0","2"
"百十户一里","2","0","2"
"役里长一人","1","1","2"
"户科事中一","2","0","2"
"科事中一人","2","0","2"
"户部主事四","1","1","2"
"造逃户周知","1","1","2"
"逃户周知册","1","1","2"
"流民十二万","1","1","2"
"民十二万户","1","1","2"
"立上津等县","1","1","2"
"令民籍者收","1","1","2"
"徙北平山后","1","1","2"
"三万五千八","1","1","2"
"千八百馀户","2","0","2"
"三万二千八","1","1","2"
"百四十三顷","1","1","2"
"户部郎中刘","1","1","2"
"部郎中刘九","1","1","2"
"郎中刘九皋","1","1","2"
"武康伯徐理","1","1","2"
"年八十上赐","2","0","2"
"八十上赐爵","2","0","2"
"万四千三百","1","1","2"
"大二县厢长","1","1","2"
"六十五万二","1","1","2"
"五万二千八","1","1","2"
"二千八百七","1","1","2"
"千八百七十","1","1","2"
"五十四万五","1","1","2"
"论历代户口","1","1","2"
"户部核实天","1","1","2"
"部核实天下","1","1","2"
"国子生武淳","1","1","2"
"子生武淳等","1","1","2"
"生武淳等分","1","1","2"
"区设粮长四","1","1","2"
"设粮长四人","1","1","2"
"七千六百二","2","0","2"
"六百二十三","1","1","2"
"百二十三顷","1","1","2"
"四百二十二","1","1","2"
"河南裕州首","1","1","2"
"建昌知府许","1","1","2"
"昌知府许孚","1","1","2"
"七百一万三","2","0","2"
"百一万三千","2","0","2"
"一万三千九","1","1","2"
"三千九百七","1","1","2"
"九百七十六","1","1","2"
"百七十六顷","1","1","2"
"立民兵万户","1","1","2"
"令诸将屯兵","1","1","2"
"亩收租一斗","1","1","2"
"山西真定民","2","0","2"
"卫所州县军","1","1","2"
"所州县军民","1","1","2"
"受田五十亩","1","1","2"
"三十五年定","2","0","2"
"正粮十二石","1","1","2"
"本卫所官军","1","1","2"
"卫所官军俸","1","1","2"
"定屯田官军","1","1","2"
"屯田官军赏","1","1","2"
"田官军赏罚","1","1","2"
"米十二石外","1","1","2"
"太原左卫千","1","1","2"
"原左卫千户","1","1","2"
"左卫千户陈","1","1","2"
"卫千户陈淮","1","1","2"
"千户陈淮所","1","1","2"
"户陈淮所种","1","1","2"
"粮二十三石","1","1","2"
"宁夏总兵何","1","1","2"
"夏总兵何福","1","1","2"
"小麦芝麻豆","1","1","2"
"军公事妨农","2","0","2"
"公事妨农务","2","0","2"
"事妨农务者","2","0","2"
"军田正粮归","1","1","2"
"田正粮归仓","1","1","2"
"沿边开田官","1","1","2"
"边开田官军","1","1","2"
"宣府巡抚叶","1","1","2"
"府巡抚叶盛","1","1","2"
"巡抚叶盛买","1","1","2"
"抚叶盛买官","1","1","2"
"万八千馀顷","2","0","2"
"常操军十九","1","1","2"
"操军十九万","1","1","2"
"屯军四万供","1","1","2"
"部侍郎韩福","1","1","2"
"侍郎韩福尤","1","1","2"
"庞尚鹏总理","2","0","2"
"六十四万四","1","1","2"
"二十四万九","1","1","2"
"四万九千馀","2","0","2"
"时山东巡抚","1","1","2"
"山东巡抚郑","1","1","2"
"东巡抚郑汝","1","1","2"
"巡抚郑汝璧","1","1","2"
"抚郑汝璧请","1","1","2"
"登州海北长","1","1","2"
"州海北长山","1","1","2"
"海北长山诸","1","1","2"
"北长山诸岛","1","1","2"
"垦闽海坛山","1","1","2"
"闽海坛山田","1","1","2"
"天津巡抚汪","1","1","2"
"津巡抚汪应","1","1","2"
"巡按张慎言","1","1","2"
"议天津屯田","1","1","2"
"史左光斗命","1","1","2"
"管河通判卢","1","1","2"
"河通判卢观","1","1","2"
"判卢观象大","1","1","2"
"卢观象大兴","1","1","2"
"观象大兴水","1","1","2"
"象大兴水田","1","1","2"
"太常少卿董","1","1","2"
"常少卿董应","1","1","2"
"少卿董应举","1","1","2"
"李继贞巡抚","1","1","2"
"继贞巡抚天","1","1","2"
"贞巡抚天津","1","1","2"
"赐勋臣公侯","1","1","2"
"勋臣公侯丞","1","1","2"
"臣公侯丞相","1","1","2"
"御马太监刘","1","1","2"
"马太监刘顺","1","1","2"
"太监刘顺家","1","1","2"
"监刘顺家人","1","1","2"
"刘顺家人进","1","1","2"
"何必置立庄","1","1","2"
"必置立庄田","1","1","2"
"尚书李敏等","1","1","2"
"中官庄田三","1","1","2"
"万三千馀顷","2","0","2"
"官校招集群","1","1","2"
"校招集群小","1","1","2"
"民心伤痛入","1","1","2"
"心伤痛入骨","1","1","2"
"付小民耕种","1","1","2"
"诸王辅导官","1","1","2"
"庆云三侯争","1","1","2"
"命事中夏言","2","0","2"
"中夏言等清","1","1","2"
"部尚书孙交","1","1","2"
"尚书孙交造","1","1","2"
"书孙交造皇","1","1","2"
"孙交造皇庄","1","1","2"
"交造皇庄新","1","1","2"
"汉二庶人所","1","1","2"
"山东巡抚邵","1","1","2"
"东巡抚邵锡","1","1","2"
"遣御史沈阳","1","1","2"
"御史沈阳清","1","1","2"
"御史王廷瞻","1","1","2"
"承天六庄二","1","1","2"
"天六庄二湖","1","1","2"
"千三百馀顷","2","0","2"
"八百八十顷","1","1","2"
"姚宗文等屡","1","1","2"
"宁德二公主","1","1","2"
"开封太黄寺","1","1","2"
"封太黄寺堤","1","1","2"
"河南参政安","1","1","2"
"南参政安然","1","1","2"
"横流数十里","2","0","2"
"归德州东南","1","1","2"
"德州东南凤","1","1","2"
"州东南凤池","1","1","2"
"东南凤池口","1","1","2"
"兴武等十卫","1","1","2"
"开封西华诸","1","1","2"
"封西华诸县","1","1","2"
"原武黑洋山","1","1","2"
"东经开封城","1","1","2"
"经开封城北","1","1","2"
"开封城北五","1","1","2"
"封城北五里","1","1","2"
"寿州正阳镇","1","1","2"
"安吉等十七","1","1","2"
"卫军士修筑","1","1","2"
"遣侍郎张信","1","1","2"
"符鱼王口中","2","0","2"
"鱼王口中滦","2","0","2"
"王口中滦下","2","0","2"
"发民丁十万","2","0","2"
"命兴安伯徐","1","1","2"
"封丘金龙口","1","1","2"
"阳武中盐堤","1","1","2"
"封州县十四","2","0","2"
"涡河入於淮","2","0","2"
"开封土城堤","1","1","2"
"灵州千户所","1","1","2"
"道四百五十","1","1","2"
"四百五十里","1","1","2"
"张家黑龙庙","1","1","2"
"家黑龙庙口","1","1","2"
"太黄寺巴河","1","1","2"
"黄寺巴河分","1","1","2"
"寺巴河分水","1","1","2"
"巴河分水处","1","1","2"
"都督同知武","1","1","2"
"督同知武兴","1","1","2"
"乡八柳树口","1","1","2"
"溃寿张沙湾","2","0","2"
"令山东三司","1","1","2"
"塞河南八柳","1","1","2"
"河南八柳树","1","1","2"
"黑洋山西湾","1","1","2"
"抚都御史洪","1","1","2"
"二十四年改","1","1","2"
"黑洋山东南","1","1","2"
"河南三司疏","1","1","2"
"御史彭谊协","1","1","2"
"复决沙湾北","2","0","2"
"决沙湾北岸","2","0","2"
"统十三年改","1","1","2"
"太仆少卿黄","1","1","2"
"仆少卿黄仕","1","1","2"
"少卿黄仕儁","1","1","2"
"南流入项城","1","1","2"
"入张秋会通","1","1","2"
"张秋会通河","1","1","2"
"巡抚河南御","1","1","2"
"抚河南御史","1","1","2"
"河南御史张","1","1","2"
"南御史张澜","1","1","2"
"原武黄河东","1","1","2"
"武黄河东岸","1","1","2"
"合黑洋山旧","1","1","2"
"黑洋山旧河","1","1","2"
"洋山旧河道","1","1","2"
"乐浪王景所","1","1","2"
"广济河一道","1","1","2"
"旧沙河二十","1","1","2"
"八百里梁山","1","1","2"
"百里梁山泊","1","1","2"
"使黄河水大","1","1","2"
"工五百五十","1","1","2"
"祥符护城大","1","1","2"
"符护城大堤","1","1","2"
"周王府宫人","1","1","2"
"工部侍郎薛","1","1","2"
"部侍郎薛远","1","1","2"
"祥符曹家溜","1","1","2"
"南布政司照","1","1","2"
"政司照磨金","1","1","2"
"司照磨金景","1","1","2"
"照磨金景辉","1","1","2"
"磨金景辉考","1","1","2"
"城北三十里","1","1","2"
"筑堤四十里","1","1","2"
"七郡财力所","1","1","2"
"郡财力所筑","1","1","2"
"坏护城堤五","1","1","2"
"南都御史李","1","1","2"
"都御史李衍","1","1","2"
"开封西南新","1","1","2"
"封西南新城","1","1","2"
"梁家浅旧河","1","1","2"
"家浅旧河口","1","1","2"
"浅旧河口七","1","1","2"
"旧河口七里","1","1","2"
"泄杏花营上","1","1","2"
"八角河口直","1","1","2"
"入张秋运河","1","1","2"
"埽头五所入","1","1","2"
"布政司徐恪","1","1","2"
"政司徐恪持","1","1","2"
"北直隶三巡","1","1","2"
"直隶三巡抚","1","1","2"
"河南中牟等","1","1","2"
"南中牟等县","1","1","2"
"经尉氏等县","1","1","2"
"经通许等县","1","1","2"
"入金龙等口","1","1","2"
"冲入张秋漕","1","1","2"
"入张秋漕河","1","1","2"
"符翟家口合","1","1","2"
"河流南北分","1","1","2"
"上流金龙诸","1","1","2"
"流金龙诸口","1","1","2"
"举郎中娄性","1","1","2"
"郎中娄性协","1","1","2"
"役夫二十五","2","0","2"
"筑阳武长堤","1","1","2"
"宿州古汴河","1","1","2"
"归德饮马池","1","1","2"
"下修减水闸","1","1","2"
"塞决口三十","1","1","2"
"决口三十六","1","1","2"
"凿小河十二","1","1","2"
"张秋戴家庙","1","1","2"
"侍郎陈政督","1","1","2"
"泽孙家渡口","1","1","2"
"祥符孙家口","1","1","2"
"济宁堤岸多","1","1","2"
"戴家庙减水","1","1","2"
"家庙减水闸","1","1","2"
"庙减水闸浅","1","1","2"
"巡按河南御","1","1","2"
"按河南御史","1","1","2"
"河南御史涂","1","1","2"
"南御史涂升","1","1","2"
"黄陵冈上下","1","1","2"
"陵冈上下旧","1","1","2"
"冈上下旧堤","1","1","2"
"命太监李兴","1","1","2"
"塞张秋决口","1","1","2"
"张秋决口工","1","1","2"
"南贾鲁旧河","1","1","2"
"祥符四府营","1","1","2"
"符四府营淤","1","1","2"
"四府营淤河","1","1","2"
"一宿迁小河","2","0","2"
"安平镇决口","1","1","2"
"黄陵冈上流","2","0","2"
"四百三十馀","2","0","2"
"百三十馀丈","2","0","2"
"建黄河神祠","1","1","2"
"管河工部员","1","1","2"
"河工部员外","1","1","2"
"部员外郎谢","1","1","2"
"浮桥流入漕","1","1","2"
"桥流入漕河","1","1","2"
"归德州小坝","1","1","2"
"德州小坝子","1","1","2"
"州小坝子等","1","1","2"
"小坝子等处","1","1","2"
"迁小河口流","1","1","2"
"河口流入漕","1","1","2"
"口流入漕河","1","1","2"
"归德徐州小","2","0","2"
"德徐州小浮","2","0","2"
"塞归德决口","1","1","2"
"河南管河副","1","1","2"
"南管河副使","1","1","2"
"管河副使张","1","1","2"
"河副使张鼐","1","1","2"
"修筑侯家潭","1","1","2"
"筑侯家潭口","1","1","2"
"侯家潭口决","1","1","2"
"荆隆口堤内","1","1","2"
"隆口堤内旧","1","1","2"
"丁家道口下","2","0","2"
"家道口下徐","2","0","2"
"武陟木栾店","2","0","2"
"陟木栾店凿","2","0","2"
"都御史李蕙","1","1","2"
"知府龚弘上","1","1","2"
"鼐见河势南","2","0","2"
"见河势南行","2","0","2"
"隆口分沁水","1","1","2"
"口分沁水入","1","1","2"
"归德西王牌","1","1","2"
"德西王牌口","1","1","2"
"西王牌口上","1","1","2"
"王牌口上下","1","1","2"
"牌口上下分","1","1","2"
"丁家道口入","2","0","2"
"抚都御史郑","1","1","2"
"都御史郑龄","1","1","2"
"沁二水合流","1","1","2"
"丁家道口上","1","1","2"
"家道口上下","1","1","2"
"淤三十馀里","2","0","2"
"修丁家口上","2","0","2"
"过丁家道口","1","1","2"
"抵徐州小浮","2","0","2"
"河决黄陵冈","2","0","2"
"北徙三百里","2","0","2"
"河故道淤塞","1","1","2"
"山东镇巡官","1","1","2"
"御史林茂达","1","1","2"
"工部侍郎崔","1","1","2"
"部侍郎崔岩","1","1","2"
"侍郎崔岩奉","1","1","2"
"郎崔岩奉命","1","1","2"
"浚祥符董盆","2","0","2"
"筑长垣诸县","1","1","2"
"长垣诸县决","1","1","2"
"垣诸县决口","1","1","2"
"流入王子河","1","1","2"
"沛增筑堤防","1","1","2"
"侍郎李堂代","1","1","2"
"考城故道淤","1","1","2"
"城故道淤塞","1","1","2"
"大名三春柳","1","1","2"
"请设副使一","1","1","2"
"命管河副都","1","1","2"
"管河副都御","1","1","2"
"都御史刘恺","1","1","2"
"副都御史龚","1","1","2"
"都御史龚弘","1","1","2"
"山东杨家口","1","1","2"
"袤二百馀里","2","0","2"
"侍郎佥都御","2","0","2"
"郎佥都御史","2","0","2"
"濮奔赴沛县","1","1","2"
"奔赴沛县飞","1","1","2"
"赴沛县飞云","1","1","2"
"县飞云桥徐","2","0","2"
"飞云桥徐州","2","0","2"
"取道昭阳湖","1","1","2"
"涡河等河必","1","1","2"
"口徐州小浮","2","0","2"
"州小浮桥口","1","1","2"
"归德城南饮","1","1","2"
"德城南饮马","1","1","2"
"城南饮马池","1","1","2"
"县梁靖口南","1","1","2"
"梁靖口南岸","1","1","2"
"武家口十三","1","1","2"
"家口十三里","1","1","2"
"小黄河旧通","1","1","2"
"黄河旧通徐","1","1","2"
"河旧通徐州","1","1","2"
"沛县庙道口","1","1","2"
"河飞云桥者","2","0","2"
"泽北孙家渡","1","1","2"
"兰阳北赵皮","1","1","2"
"阳北赵皮寨","1","1","2"
"凤阳长淮卫","1","1","2"
"宁陵北坌河","1","1","2"
"陵北坌河一","1","1","2"
"北坌河一道","1","1","2"
"冲入鸡鸣台","1","1","2"
"总督河道右","1","1","2"
"督河道右都","1","1","2"
"河道右都御","1","1","2"
"道右都御史","1","1","2"
"左都御史胡","1","1","2"
"凤阳平地千","1","1","2"
"阳平地千里","1","1","2"
"鱼台塌场口","1","1","2"
"沛县南飞云","1","1","2"
"县南飞云桥","1","1","2"
"漫入昭阳湖","1","1","2"
"正东小浮桥","1","1","2"
"武城南废堤","1","1","2"
"接沛北庙道","1","1","2"
"沛北庙道口","1","1","2"
"安平镇故道","1","1","2"
"百万生灵命","2","0","2"
"临清运道诸","1","1","2"
"清运道诸水","1","1","2"
"昭阳湖东引","1","1","2"
"阳湖东引水","1","1","2"
"总督大臣会","1","1","2"
"请於昭阳湖","2","0","2"
"於昭阳湖东","2","0","2"
"庙道口三十","1","1","2"
"口三十馀里","2","0","2"
"部侍郎潘希","1","1","2"
"河南巡抚潘","1","1","2"
"漕渠庙道口","1","1","2"
"一胡村寺东","2","0","2"
"贾家坝入古","1","1","2"
"家坝入古黄","1","1","2"
"坝入古黄河","1","1","2"
"浮桥入运河","1","1","2"
"胡村寺东北","1","1","2"
"东南经虞城","1","1","2"
"东北经单县","1","1","2"
"北经单县长","1","1","2"
"经单县长堤","1","1","2"
"都御史戴时","1","1","2"
"御史戴时宗","1","1","2"
"史戴时宗请","1","1","2"
"都御史朱裳","1","1","2"
"鱼台入运河","1","1","2"
"二百馀里淤","2","0","2"
"谷亭转入运","1","1","2"
"亭转入运河","1","1","2"
"睢州野鸡冈","1","1","2"
"州野鸡冈淤","1","1","2"
"河五十馀里","2","0","2"
"睢州张见口","1","1","2"
"李居庄诸处","1","1","2"
"济宁缕水大","1","1","2"
"宁缕水大堤","1","1","2"
"堤百五十馀","2","0","2"
"鲁桥沛县东","2","0","2"
"桥沛县东堤","2","0","2"
"寿春王陵尤","1","1","2"
"清江浦口正","1","1","2"
"二河水涨漫","1","1","2"
"回村等集冲","1","1","2"
"侯家林二河","1","1","2"
"家林二河分","1","1","2"
"林二河分流","1","1","2"
"二河分流入","1","1","2"
"河分流入运","1","1","2"
"筑压口缕水","1","1","2"
"压口缕水堤","1","1","2"
"筑曹县八里","1","1","2"
"曹县八里湾","1","1","2"
"考城蔡家口","1","1","2"
"使北岸七八","1","1","2"
"北岸七八百","1","1","2"
"岸七八百里","1","1","2"
"漕都御史周","1","1","2"
"御史周金言","2","0","2"
"赵皮寨二支","1","1","2"
"河都御史胡","1","1","2"
"考城孙继口","1","1","2"
"孙禄口黄河","1","1","2"
"禄口黄河支","1","1","2"
"口黄河支流","1","1","2"
"修筑马牧集","1","1","2"
"筑马牧集决","1","1","2"
"马牧集决口","1","1","2"
"副都御史郭","1","1","2"
"都御史郭持","1","1","2"
"御史郭持平","1","1","2"
"入野鸡冈新","1","1","2"
"野鸡冈新开","1","1","2"
"鸡冈新开河","1","1","2"
"冈新开河道","1","1","2"
"李景高口三","1","1","2"
"景高口三河","1","1","2"
"开一渠泄水","1","1","2"
"巡按御史贾","1","1","2"
"按御史贾太","1","1","2"
"御史贾太亨","1","1","2"
"河都御史詹","1","1","2"
"都御史詹瀚","1","1","2"
"御史詹瀚请","1","1","2"
"徐州房村集","1","1","2"
"道淤阻五十","1","1","2"
"淤阻五十里","1","1","2"
"副都御史曾","1","1","2"
"都御史曾钧","1","1","2"
"湾老黄河口","1","1","2"
"筑长堤矶嘴","1","1","2"
"里沟新河口","1","1","2"
"口水高六尺","1","1","2"
"增筑高家堰","1","1","2"
"筑高家堰长","1","1","2"
"高家堰长堤","1","1","2"
"侍郎吴鹏振","2","0","2"
"漕都御史应","1","1","2"
"黄河水济运","1","1","2"
"新集地接梁","1","1","2"
"集地接梁靖","1","1","2"
"地接梁靖口","1","1","2"
"东北段家口","1","1","2"
"山坚城集下","1","1","2"
"新集小浮桥","2","0","2"
"集小浮桥故","2","0","2"
"浮桥故道二","1","1","2"
"桥故道二百","1","1","2"
"故道二百五","1","1","2"
"上下二百馀","2","0","2"
"下二百馀里","2","0","2"
"曹县棠林集","1","1","2"
"戚山杨家集","1","1","2"
"绕丰县华山","1","1","2"
"丰县华山东","1","1","2"
"县华山东北","1","1","2"
"逆流入漕河","1","1","2"
"衡工部尚书","2","0","2"
"工部尚书理","2","0","2"
"部尚书理河","2","0","2"
"尚书理河漕","2","0","2"
"工科事中何","2","0","2"
"中何鸣勘河","2","0","2"
"盛应期所凿","2","0","2"
"应期所凿新","2","0","2"
"期所凿新河","2","0","2"
"新河故迹尚","1","1","2"
"河决昭阳湖","2","0","2"
"新河土浅泉","1","1","2"
"河土浅泉涌","1","1","2"
"旧河难复五","2","0","2"
"小浮桥四十","1","1","2"
"山郭贯楼支","1","1","2"
"郭贯楼支河","1","1","2"
"境山南五里","1","1","2"
"惟开广秦沟","2","0","2"
"修筑南岸长","1","1","2"
"筑南岸长堤","1","1","2"
"百四十馀里","2","0","2"
"马家桥堤三","1","1","2"
"家桥堤三万","1","1","2"
"桥堤三万五","1","1","2"
"堤三万五千","1","1","2"
"三万五千二","1","1","2"
"万五千二百","1","1","2"
"五千二百八","1","1","2"
"千二百八十","1","1","2"
"石堤三十里","1","1","2"
"南北诸支河","1","1","2"
"浊河口淤沙","1","1","2"
"泗诸水骤溢","2","0","2"
"泰山庙七里","2","0","2"
"山庙七里沟","2","0","2"
"县河南镇合","2","0","2"
"河南镇合於","2","0","2"
"南镇合於黄","2","0","2"
"镇合於黄河","2","0","2"
"开新庄闸通","2","0","2"
"新庄闸通回","2","0","2"
"庄闸通回船","2","0","2"
"鱼沟分河一","1","1","2"
"沟分河一道","1","1","2"
"睢宁白浪浅","1","1","2"
"淤百八十里","2","0","2"
"匙头湾八十","1","1","2"
"头湾八十里","1","1","2"
"十里正河悉","2","0","2"
"筑缕堤三万","1","1","2"
"匙头湾故道","1","1","2"
"兵部侍郎万","1","1","2"
"部侍郎万恭","1","1","2"
"侍郎万恭总","1","1","2"
"郎万恭总理","1","1","2"
"万恭总理河","1","1","2"
"恭总理河道","1","1","2"
"迁小河口三","1","1","2"
"小河口三百","1","1","2"
"河口三百七","1","1","2"
"口三百七十","1","1","2"
"月十五日上","1","1","2"
"十五日上堤","1","1","2"
"月十五日下","1","1","2"
"十五日下堤","1","1","2"
"总理河道都","1","1","2"
"理河道都御","1","1","2"
"道都御史万","1","1","2"
"督理河道署","1","1","2"
"理河道署郎","1","1","2"
"河道署郎中","1","1","2"
"道署郎中事","1","1","2"
"署郎中事陈","1","1","2"
"郎中事陈应","1","1","2"
"中事陈应荐","1","1","2"
"深一丈七尺","1","1","2"
"百五六十年","1","1","2"
"导淮水冲刷","1","1","2"
"清江浦水势","1","1","2"
"筑黄河两岸","1","1","2"
"黄河两岸堤","1","1","2"
"奉天翊运推","1","1","2"
"天翊运推诚","1","1","2"
"定外戚封爵","1","1","2"
"世袭一二代","1","1","2"
"北京行部事","1","1","2"
"南京左府事","1","1","2"
"署宗人府事","2","0","2"
"恩亲侯李贞","1","1","2"
"永春侯王宁","1","1","2"
"镇镇守总兵","1","1","2"
"置行枢密院","1","1","2"
"诸翼统军元","2","0","2"
"置大都督府","1","1","2"
"文正大都督","2","0","2"
"节制中外诸","2","0","2"
"制中外诸军","2","0","2"
"都镇抚司隶","1","1","2"
"始改都督府","1","1","2"
"军都督府断","1","1","2"
"督府断事官","1","1","2"
"右断事二人","1","1","2"
"提控案牍一","1","1","2"
"控案牍一人","1","1","2"
"升五军断事","1","1","2"
"置五军照磨","1","1","2"
"五军照磨所","1","1","2"
"东西两官厅","1","1","2"
"指挥同知二","1","1","2"
"挥同知二人","1","1","2"
"所辖千户所","1","1","2"
"上直卫亲军","1","1","2"
"直卫亲军指","1","1","2"
"曰金吾前卫","2","0","2"
"曰金吾后卫","2","0","2"
"曰羽林左卫","2","0","2"
"曰羽林右卫","2","0","2"
"曰府军左卫","2","0","2"
"曰府军右卫","2","0","2"
"曰府军后卫","2","0","2"
"曰虎贲左卫","2","0","2"
"曰金吾左卫","2","0","2"
"曰金吾右卫","2","0","2"
"曰羽林前卫","2","0","2"
"隶都督府者","2","0","2"
"京卫非亲军","1","1","2"
"前总制亲军","1","1","2"
"总制亲军都","1","1","2"
"制亲军都指","1","1","2"
"同知指挥使","1","1","2"
"千户所正千","1","1","2"
"户所正千户","1","1","2"
"宿卫镇抚司","1","1","2"
"设宿卫镇抚","1","1","2"
"天策等八卫","1","1","2"
"拱卫指挥使","1","1","2"
"御椅等七员","1","1","2"
"初设城门郎","1","1","2"
"武十八年革","1","1","2"
"南京卫指挥","1","1","2"
"五都督府者","2","0","2"
"王府仪卫司","1","1","2"
"仪卫正一人","1","1","2"
"仪卫副二人","1","1","2"
"成祖初复旧","2","0","2"
"守一城一堡","1","1","2"
"主将同守一","1","1","2"
"将同守一城","1","1","2"
"陕西二总兵","1","1","2"
"戚都督等官","1","1","2"
"总理练兵事","1","1","2"
"理练兵事务","1","1","2"
"坐营官三人","1","1","2"
"提调官一人","1","1","2"
"游击将军八","1","1","2"
"击将军八人","1","1","2"
"备御十九人","1","1","2"
"移驻浮图峪","1","1","2"
"移驻紫荆关","1","1","2"
"游击将军六","1","1","2"
"击将军六人","1","1","2"
"忠顺官二人","1","1","2"
"守备三十一","1","1","2"
"备三十一人","1","1","2"
"班备御二人","1","1","2"
"分守参将六","1","1","2"
"守参将六人","1","1","2"
"入卫游击四","1","1","2"
"卫游击四人","1","1","2"
"入卫游击一","1","1","2"
"卫游击一人","1","1","2"
"管理水利屯","1","1","2"
"理水利屯田","1","1","2"
"水利屯田都","1","1","2"
"利屯田都司","1","1","2"
"屯田都司一","1","1","2"
"田都司一人","1","1","2"
"镇守甘肃总","1","1","2"
"守甘肃总兵","1","1","2"
"肃总兵官一","1","1","2"
"班备御都司","1","1","2"
"备御都司四","1","1","2"
"御都司四人","1","1","2"
"协守参将二","1","1","2"
"巡抚中军坐","1","1","2"
"抚中军坐营","1","1","2"
"中军坐营官","1","1","2"
"军坐营官一","1","1","2"
"巡抚中军官","1","1","2"
"抚中军官一","1","1","2"
"镇守湖广总","1","1","2"
"守湖广总兵","1","1","2"
"广总兵官一","1","1","2"
"练兵游击将","1","1","2"
"兵游击将军","1","1","2"
"提督狼山副","1","1","2"
"督狼山副总","1","1","2"
"山副总兵一","1","1","2"
"嘉靖八年裁","1","1","2"
"四十三年移","1","1","2"
"十三年移驻","1","1","2"
"凤阳军门中","1","1","2"
"阳军门中军","1","1","2"
"军门中军官","1","1","2"
"门中军官一","1","1","2"
"总捕都司一","1","1","2"
"捕都司一人","1","1","2"
"太祖都金陵","2","0","2"
"台五州运粮","1","1","2"
"发莱州洋海","1","1","2"
"浚开封漕河","1","1","2"
"贵纳米中盐","1","1","2"
"造浅船五百","1","1","2"
"浅船五百艘","1","1","2"
"三百万馀石","2","0","2"
"兑粮三十万","1","1","2"
"粮三十万石","1","1","2"
"直沽入海输","1","1","2"
"官军多所调","1","1","2"
"军多所调遣","1","1","2"
"尚书黄福建","1","1","2"
"书黄福建议","1","1","2"
"运粮二百七","1","1","2"
"七十四万石","1","1","2"
"运粮二百二","1","1","2"
"粮二百二十","1","1","2"
"二百二十万","1","1","2"
"万石於临清","2","0","2"
"吏部蹇义等","1","1","2"
"部蹇义等上","1","1","2"
"官军兑运民","2","0","2"
"军兑运民粮","2","0","2"
"运粮四百万","1","1","2"
"四百五十万","1","1","2"
"德四仓支运","2","0","2"
"漕运参将袁","1","1","2"
"运参将袁佑","1","1","2"
"参将袁佑上","1","1","2"
"八万九千七","1","1","2"
"九千七百石","1","1","2"
"南直隶正粮","1","1","2"
"直隶正粮独","1","1","2"
"米六十四万","1","1","2"
"六十四万馀","2","0","2"
"贮预备米十","1","1","2"
"预备米十九","1","1","2"
"备米十九万","1","1","2"
"十九万馀石","2","0","2"
"河南改兑米","1","1","2"
"南改兑米充","1","1","2"
"时应天巡抚","1","1","2"
"应天巡抚滕","1","1","2"
"天巡抚滕昭","1","1","2"
"仓支运七十","1","1","2"
"七十万石米","1","1","2"
"旧船抵三分","1","1","2"
"艘银二十两","1","1","2"
"抵北直隶三","1","1","2"
"北直隶三处","1","1","2"
"收三处本色","1","1","2"
"江南州县运","1","1","2"
"南州县运粮","1","1","2"
"山东改兑粮","1","1","2"
"东改兑粮九","1","1","2"
"改兑粮九万","1","1","2"
"兑粮九万石","1","1","2"
"令官军支运","1","1","2"
"待卫军支运","1","1","2"
"附近州县水","1","1","2"
"粮米三十五","1","1","2"
"米三十五万","1","1","2"
"三十五万石","1","1","2"
"令三省卫军","1","1","2"
"三十五万折","1","1","2"
"十五万折银","1","1","2"
"户部侍郎邵","1","1","2"
"漕运总兵杨","1","1","2"
"运总兵杨宏","1","1","2"
"巡仓御史核","1","1","2"
"四十四万五","1","1","2"
"淮安清江浦","1","1","2"
"安清江浦口","1","1","2"
"三十八万馀","2","0","2"
"六军万姓将","1","1","2"
"山东五月初","1","1","2"
"东五月初一","1","1","2"
"南直隶七月","1","1","2"
"直隶七月初","1","1","2"
"隶七月初一","1","1","2"
"湖广九月初","1","1","2"
"广九月初一","1","1","2"
"定十月开仓","1","1","2"
"十二月开帮","1","1","2"
"正耗米四百","1","1","2"
"耗米四百七","1","1","2"
"米四百七十","1","1","2"
"百七十二石","1","1","2"
"米七八百石","1","1","2"
"设漕运总督","2","0","2"
"令运粮总兵","1","1","2"
"运粮总兵官","1","1","2"
"同理漕参政","1","1","2"
"要贷运军银","1","1","2"
"内府白熟粳","1","1","2"
"府白熟粳糯","1","1","2"
"白熟粳糯米","1","1","2"
"熟粳糯米十","1","1","2"
"粳糯米十七","1","1","2"
"糯米十七万","1","1","2"
"府部糙粳米","1","1","2"
"部糙粳米四","1","1","2"
"糙粳米四万","1","1","2"
"粳米四万四","1","1","2"
"米四万四千","1","1","2"
"折色八千八","1","1","2"
"色八千八百","1","1","2"
"东南西北四","1","1","2"
"南西北四所","1","1","2"
"置皇城四门","1","1","2"
"皇城四门仓","1","1","2"
"密云诸县仓","1","1","2"
"通州左卫仓","1","1","2"
"北京三十七","1","1","2"
"京三十七卫","1","1","2"
"三十七卫仓","1","1","2"
"令天下府县","1","1","2"
"天下府县多","1","1","2"
"下府县多设","1","1","2"
"锦衣千百户","1","1","2"
"天下司府州","1","1","2"
"下司府州县","1","1","2"
"纳稻谷二石","1","1","2"
"稻谷二石五","1","1","2"
"谷二石五斗","1","1","2"
"州四五千石","1","1","2"
"县二三千石","1","1","2"
"民二三十家","1","1","2"
"太仆马价银","2","0","2"
"户部太仓库","1","1","2"
"十库中绵丝","1","1","2"
"内府供应繁","1","1","2"
"府供应繁多","1","1","2"
"太仓银入内","2","0","2"
"仓银入内库","2","0","2"
"承运库中官","2","0","2"
"太仓中库积","1","1","2"
"仓中库积银","1","1","2"
"中库积银八","1","1","2"
"库积银八百","1","1","2"
"加预备钦取","1","1","2"
"预备钦取银","1","1","2"
"取光禄太仆","1","1","2"
"光禄太仆银","1","1","2"
"二百万两奇","2","0","2"
"神宗万历六","1","1","2"
"宗万历六年","1","1","2"
"买办银二十","1","1","2"
"办银二十万","1","1","2"
"加内操马刍","1","1","2"
"内操马刍料","1","1","2"
"操马刍料银","1","1","2"
"马刍料银七","1","1","2"
"刍料银七万","1","1","2"
"时修工部旧","1","1","2"
"修工部旧库","1","1","2"
"省府州县卫","1","1","2"
"府州县卫所","1","1","2"
"府州县税课","1","1","2"
"州县税课司","1","1","2"
"县税课司局","1","1","2"
"巡视库藏科","1","1","2"
"视库藏科道","1","1","2"
"库藏科道官","1","1","2"
"台州卫指挥","1","1","2"
"州卫指挥陈","1","1","2"
"卫指挥陈良","1","1","2"
"置总督中官","1","1","2"
"总督中官一","1","1","2"
"督中官一人","1","1","2"
"巡盐御史杨","1","1","2"
"盐御史杨澄","1","1","2"
"盐运提举司","1","1","2"
"事中曾昂请","1","1","2"
"积贮征徭羡","1","1","2"
"贮征徭羡银","1","1","2"
"南户部库银","1","1","2"
"户部库银八","1","1","2"
"部库银八十","1","1","2"
"库银八十万","1","1","2"
"上理财事宜","1","1","2"
"遣四御史分","1","1","2"
"御史萧重望","1","1","2"
"史萧重望请","1","1","2"
"操江巡抚范","1","1","2"
"江巡抚范济","1","1","2"
"巡抚范济世","1","1","2"
"光禄卿井泉","1","1","2"
"买乳牛造上","1","1","2"
"乳牛造上供","1","1","2"
"牛造上供酥","1","1","2"
"造上供酥油","1","1","2"
"内外官多支","1","1","2"
"膳食器皿三","1","1","2"
"食器皿三十","1","1","2"
"器皿三十万","1","1","2"
"皿三十万七","1","1","2"
"金龙凤白瓷","1","1","2"
"直沽海口造","1","1","2"
"光禄果品物","1","1","2"
"禄果品物料","1","1","2"
"万八千馀斤","2","0","2"
"光禄寺牲口","1","1","2"
"寺臣李春请","1","1","2"
"尚书姚夔言","2","0","2"
"御史李鸾言","2","0","2"
"光禄卿王珩","1","1","2"
"列上内外官","1","1","2"
"上内外官役","1","1","2"
"内外官役酒","1","1","2"
"外官役酒饭","1","1","2"
"六千三百馀","2","0","2"
"四千一百名","1","1","2"
"令原供司府","1","1","2"
"原供司府依","1","1","2"
"事中罗崇奎","1","1","2"
"光禄少卿李","1","1","2"
"禄少卿李键","1","1","2"
"牲口银五万","1","1","2"
"口银五万八","1","1","2"
"银五万八千","1","1","2"
"加派银二万","1","1","2"
"宛平知县刘","1","1","2"
"平知县刘曰","1","1","2"
"知县刘曰淑","1","1","2"
"御史王孟震","1","1","2"
"史王孟震斥","1","1","2"
"金龙凤器物","1","1","2"
"副都御史弋","1","1","2"
"都御史弋谦","1","1","2"
"买办物料价","1","1","2"
"泰安州税课","1","1","2"
"安州税课局","1","1","2"
"州税课局大","1","1","2"
"税课局大使","1","1","2"
"课局大使郝","1","1","2"
"局大使郝智","1","1","2"
"阮巨队等十","1","1","2"
"官镇守边塞","1","1","2"
"山降真诸香","1","1","2"
"甘肃巡抚罗","1","1","2"
"肃巡抚罗明","1","1","2"
"分守内外官","1","1","2"
"守内外官竞","1","1","2"
"扣军士月粮","1","1","2"
"军士月粮马","1","1","2"
"士月粮马价","1","1","2"
"内府供应减","1","1","2"
"土鲁番西南","1","1","2"
"鲁番西南二","1","1","2"
"番西南二千","1","1","2"
"西南二千里","1","1","2"
"取入承运库","1","1","2"
"办金宝珍珠","1","1","2"
"内承运库太","1","1","2"
"承运库太监","1","1","2"
"运库太监崔","1","1","2"
"大珠鸦青购","1","1","2"
"珠鸦青购买","1","1","2"
"军都督府供","1","1","2"
"宣府十七卫","1","1","2"
"府十七卫所","1","1","2"
"十七卫所军","1","1","2"
"七卫所军士","1","1","2"
"卫所军士采","1","1","2"
"置易州山厂","1","1","2"
"工部侍郎督","1","1","2"
"山西民夫转","1","1","2"
"西民夫转运","1","1","2"
"兵部武库司","1","1","2"
"计柴价银三","1","1","2"
"柴价银三十","1","1","2"
"价银三十万","1","1","2"
"遣尚书宋礼","1","1","2"
"都御史史仲","1","1","2"
"御史史仲成","1","1","2"
"南京天地山","1","1","2"
"京天地山川","1","1","2"
"天地山川坛","1","1","2"
"地山川坛殿","1","1","2"
"山川坛殿宇","1","1","2"
"嘉靖元年革","1","1","2"
"神木千户所","1","1","2"
"工部侍郎刘","1","1","2"
"部侍郎刘伯","1","1","2"
"侍郎刘伯跃","1","1","2"
"三百三十九","1","1","2"
"百三十九万","1","1","2"
"费银九百三","1","1","2"
"银九百三十","1","1","2"
"劾督运官迟","1","1","2"
"督运官迟延","1","1","2"
"运官迟延侵","1","1","2"
"珠二万八千","1","1","2"
"二万八千两","1","1","2"
"两广巡抚林","1","1","2"
"广巡抚林富","1","1","2"
"珠五千一百","1","1","2"
"千一百馀两","2","0","2"
"设歙县织染","1","1","2"
"歙县织染局","1","1","2"
"令陕西织造","1","1","2"
"陕西织造驼","1","1","2"
"造彩缎七千","1","1","2"
"彩缎七千匹","1","1","2"
"工部侍郎翁","1","1","2"
"部侍郎翁世","1","1","2"
"郎翁世资请","1","1","2"
"事中顾九思","1","1","2"
"中顾九思等","1","1","2"
"回织造内臣","1","1","2"
"织造羊绒七","1","1","2"
"造羊绒七万","1","1","2"
"羊绒七万四","1","1","2"
"绒七万四千","1","1","2"
"南北织染局","1","1","2"
"南京供应机","1","1","2"
"京供应机房","1","1","2"
"省直岁造供","1","1","2"
"西织造绒袍","1","1","2"
"磁州造赵府","1","1","2"
"州造赵府祭","1","1","2"
"造赵府祭器","1","1","2"
"造九龙九凤","1","1","2"
"九龙九凤膳","1","1","2"
"龙九凤膳案","1","1","2"
"造青龙白地","1","1","2"
"青龙白地花","1","1","2"
"龙白地花缸","1","1","2"
"锦衣指挥杖","1","1","2"
"浮梁景德镇","1","1","2"
"事中陈皋谟","1","1","2"
"烧造瓷器十","1","1","2"
"造十五万九","1","1","2"
"钞二万五千","1","1","2"
"二万五千贯","1","1","2"
"馀物半亲王","2","0","2"
"马料草二十","1","1","2"
"料草二十匹","1","1","2"
"郡王嫡长子","1","1","2"
"王嫡长子袭","1","1","2"
"嫡长子袭封","1","1","2"
"长子袭封郡","1","1","2"
"子袭封郡王","1","1","2"
"郡王诸子年","1","1","2"
"赐田六十顷","1","1","2"
"附近州县秋","1","1","2"
"近州县秋粮","1","1","2"
"州县秋粮内","1","1","2"
"县秋粮内拨","1","1","2"
"定郡王将军","1","1","2"
"五十三万石","1","1","2"
"百五十二万","1","1","2"
"五十二万石","1","1","2"
"三百十二万","2","0","2"
"令大臣科道","1","1","2"
"四十四年定","2","0","2"
"定内外文武","1","1","2"
"一二三四品","1","1","2"
"二三四品官","1","1","2"
"俸钞三百贯","1","1","2"
"正五品二百","1","1","2"
"五品二百二","1","1","2"
"品二百二十","1","1","2"
"二百二十石","1","1","2"
"六品递减十","1","1","2"
"品递减十石","1","1","2"
"正八品七十","1","1","2"
"八品七十五","1","1","2"
"品七十五石","1","1","2"
"八品递减五","1","1","2"
"品递减五石","1","1","2"
"内外官司提","1","1","2"
"外官司提控","1","1","2"
"少师蹇义等","1","1","2"
"两京文武官","1","1","2"
"部尚书杨鼎","1","1","2"
"仅二三百钱","1","1","2"
"匹抵三十石","1","1","2"
"后粗阔棉布","1","1","2"
"定布一匹折","1","1","2"
"本色钞十贯","1","1","2"
"色钞十贯折","1","1","2"
"石二钱五分","1","1","2"
"三大营副将","1","1","2"
"巡捕营提督","1","1","2"
"江阴横海水","1","1","2"
"阴横海水军","1","1","2"
"横海水军稍","1","1","2"
"海水军稍班","1","1","2"
"碇手一石五","1","1","2"
"手一石五斗","1","1","2"
"免死充军者","2","0","2"
"卫所官吏俸","1","1","2"
"后纳银运司","1","1","2"
"米麦四百七","1","1","2"
"百七十一万","1","1","2"
"七十一万七","1","1","2"
"一万七千馀","2","0","2"
"钱钞三万九","1","1","2"
"钞三万九千","1","1","2"
"绢二十八万","1","1","2"
"二十八万八","1","1","2"
"十八万八千","1","1","2"
"百七十二万","1","1","2"
"七十二万九","1","1","2"
"六百二十二","1","1","2"
"米麦四百六","1","1","2"
"麦四百六十","1","1","2"
"四百六十二","1","1","2"
"五万六千三","1","1","2"
"万六千三百","1","1","2"
"绢二十万二","1","1","2"
"二十万二千","1","1","2"
"米二千二百","1","1","2"
"钞二万一千","1","1","2"
"二万一千九","1","1","2"
"千九百馀锭","2","0","2"
"四百六十万","1","1","2"
"百六十万五","1","1","2"
"六十万五千","1","1","2"
"十万五千馀","2","0","2"
"百九十万三","1","1","2"
"九十万三千","1","1","2"
"十万三千馀","2","0","2"
"钞五万七千","1","1","2"
"五万七千九","1","1","2"
"绢二十万六","1","1","2"
"百三十六万","1","1","2"
"三十六万二","1","1","2"
"十六万二千","1","1","2"
"钞二万三千","1","1","2"
"二万三千六","1","1","2"
"万三千六百","1","1","2"
"三千六百馀","2","0","2"
"屯田六十三","1","1","2"
"田六十三万","1","1","2"
"六十三万五","1","1","2"
"三万五千馀","2","0","2"
"粮四百五十","1","1","2"
"四百五十八","1","1","2"
"百五十八万","1","1","2"
"五十八万四","1","1","2"
"银八万五千","1","1","2"
"运司提举大","1","1","2"
"司提举大小","1","1","2"
"提举大小引","1","1","2"
"举大小引盐","1","1","2"
"大小引盐二","1","1","2"
"小引盐二百","1","1","2"
"引盐二百二","1","1","2"
"盐二百二十","1","1","2"
"清三宫子粒","1","1","2"
"三宫子粒银","1","1","2"
"宫子粒银四","1","1","2"
"子粒银四万","1","1","2"
"粒银四万九","1","1","2"
"银四万九千","1","1","2"
"金花银一百","1","1","2"
"京卫屯钞五","1","1","2"
"卫屯钞五万","1","1","2"
"屯钞五万六","1","1","2"
"百官禄米折","1","1","2"
"二万六千馀","2","0","2"
"三十五万三","1","1","2"
"五万三千馀","2","0","2"
"银六万三千","2","0","2"
"六万三千馀","2","0","2"
"户口盐钞折","1","1","2"
"银四万六千","1","1","2"
"盐税银一百","1","1","2"
"税银一百万","1","1","2"
"地亩银四万","1","1","2"
"亩银四万五","1","1","2"
"银四万五千","1","1","2"
"京卫屯牧地","1","1","2"
"卫屯牧地增","1","1","2"
"银万八千馀","2","0","2"
"崇文门商税","1","1","2"
"牙税一万九","1","1","2"
"税一万九千","1","1","2"
"一万八千馀","2","0","2"
"张家湾商税","1","1","2"
"家湾商税二","1","1","2"
"湾商税二千","1","1","2"
"钱二千八百","1","1","2"
"二十二万三","1","1","2"
"泰山香税二","1","1","2"
"赃罚银十七","1","1","2"
"罚银十七万","1","1","2"
"改折月粮银","1","1","2"
"折月粮银十","1","1","2"
"月粮银十四","1","1","2"
"粮银十四万","1","1","2"
"银十四万四","1","1","2"
"杂物条目繁","1","1","2"
"物条目繁琐","1","1","2"
"绢布银四万","1","1","2"
"布银四万四","1","1","2"
"银四万四千","1","1","2"
"钱三千三百","1","1","2"
"三千三百馀","2","0","2"
"内府监局匠","1","1","2"
"府监局匠役","1","1","2"
"匠役本色米","2","0","2"
"米八万六千","1","1","2"
"折色银一万","2","0","2"
"锦衣等七十","1","1","2"
"衣等七十八","1","1","2"
"等七十八卫","1","1","2"
"七十八卫所","1","1","2"
"十八卫所官","1","1","2"
"八卫所官吏","1","1","2"
"冬衣折布银","2","0","2"
"布银八万二","1","1","2"
"神机三大营","1","1","2"
"机三大营将","1","1","2"
"银二千馀两","2","0","2"
"官军防秋三","1","1","2"
"月口粮四万","1","1","2"
"口粮四万三","1","1","2"
"粮四万三千","1","1","2"
"四万三千馀","2","0","2"
"料二万四千","1","1","2"
"卫马料草折","1","1","2"
"折银五万馀","2","0","2"
"银五万馀两","2","0","2"
"河南二都司","1","1","2"
"五草场商价","1","1","2"
"草场商价一","1","1","2"
"场商价一万","1","1","2"
"商价一万六","1","1","2"
"价一万六千","1","1","2"
"屯粮十三万","1","1","2"
"粮十三万二","1","1","2"
"三万二千馀","2","0","2"
"折色银二万","2","0","2"
"银七十八万","1","1","2"
"七十八万七","1","1","2"
"十八万七千","1","1","2"
"河东盐引银","1","1","2"
"东盐引银十","1","1","2"
"盐引银十三","1","1","2"
"引银十三万","1","1","2"
"银十三万五","1","1","2"
"年例银十二","2","0","2"
"例银十二万","2","0","2"
"银十二万五","1","1","2"
"芦盐引银二","1","1","2"
"引银二万六","1","1","2"
"银十七万一","1","1","2"
"十七万一千","1","1","2"
"七万一千两","1","1","2"
"银八千馀两","2","0","2"
"盐钞银一千","1","1","2"
"银四十五万","1","1","2"
"四十五万六","1","1","2"
"十五万六千","1","1","2"
"草二百六十","1","1","2"
"二百六十八","1","1","2"
"草银二万八","1","1","2"
"二十六万九","1","1","2"
"十六万九千","1","1","2"
"六万九千馀","2","0","2"
"京运银十八","1","1","2"
"运银十八万","1","1","2"
"银十八万一","1","1","2"
"芦盐七万引","1","1","2"
"折色银一千","2","0","2"
"色银一千馀","2","0","2"
"草九万五千","1","1","2"
"米豆二万一","1","1","2"
"豆二万一千","1","1","2"
"银三十二万","1","1","2"
"三十二万二","1","1","2"
"东盐引银五","1","1","2"
"盐引银五万","1","1","2"
"引银五万七","1","1","2"
"银五万七千","1","1","2"
"银六万四千","1","1","2"
"京运银十三","1","1","2"
"运银十三万","1","1","2"
"银十三万三","1","1","2"
"京运银七万","1","1","2"
"运银七万三","1","1","2"
"银七万三千","1","1","2"
"七万三千两","1","1","2"
"屯粮五万六","1","1","2"
"粮五万六千","1","1","2"
"亩银一千馀","2","0","2"
"民运粮料九","1","1","2"
"运粮料九万","1","1","2"
"粮料九万七","1","1","2"
"九万七千馀","2","0","2"
"银十九万七","1","1","2"
"民运草六万","1","1","2"
"运草六万九","1","1","2"
"草六万九千","1","1","2"
"浙盐引银六","1","1","2"
"盐引银六万","1","1","2"
"引银六万七","1","1","2"
"银六万七千","1","1","2"
"年例银三十","2","0","2"
"三十五万七","1","1","2"
"引银二万九","1","1","2"
"银二万九千","1","1","2"
"年例银二万","2","0","2"
"屯粮料十四","1","1","2"
"粮料十四万","1","1","2"
"料十四万八","1","1","2"
"民运本色粮","2","0","2"
"银十万八千","1","1","2"
"一百八十三","1","1","2"
"百八十三万","1","1","2"
"引银八万一","1","1","2"
"银八万一千","1","1","2"
"屯粮料二十","1","1","2"
"粮料二十三","1","1","2"
"料二十三万","1","1","2"
"二十三万二","1","1","2"
"二十九万四","1","1","2"
"十九万四千","1","1","2"
"运银五万一","1","1","2"
"银五万一千","1","1","2"
"浙盐引银十","1","1","2"
"盐引银十万","1","1","2"
"引银十万二","1","1","2"
"屯粮料三十","1","1","2"
"粮料三十一","1","1","2"
"料三十一万","1","1","2"
"三十一万九","1","1","2"
"折色粮料草","2","0","2"
"粮料草银四","1","1","2"
"料草银四万","1","1","2"
"草银四万一","1","1","2"
"银四万一千","1","1","2"
"具银七千一","1","1","2"
"银七千一百","1","1","2"
"粮料四万五","1","1","2"
"料四万五千","1","1","2"
"粮料草布花","1","1","2"
"料草布花银","1","1","2"
"草布花银二","1","1","2"
"布花银二十","1","1","2"
"花银二十七","1","1","2"
"银二十七万","1","1","2"
"引银二万五","1","1","2"
"京运银六万","1","1","2"
"运银六万三","1","1","2"
"犒赏银一百","1","1","2"
"赏银一百九","1","1","2"
"银一百九十","1","1","2"
"屯粮二十七","1","1","2"
"粮二十七万","1","1","2"
"荒田粮四百","1","1","2"
"民运银十五","1","1","2"
"运银十五万","1","1","2"
"银十五万九","1","1","2"
"五万九千馀","2","0","2"
"东盐引银三","1","1","2"
"盐引银三万","1","1","2"
"引银三万九","1","1","2"
"银三十万七","1","1","2"
"漕粮五万石","2","0","2"
"例银二十万","2","0","2"
"屯粮料五万","1","1","2"
"粮料五万三","1","1","2"
"地亩马草折","1","1","2"
"银万六千馀","2","0","2"
"山东民兵工","1","1","2"
"银四千馀两","2","0","2"
"银二十万八","1","1","2"
"银一万五千","1","1","2"
"民运粮料二","1","1","2"
"运粮料二万","1","1","2"
"粮料二万七","1","1","2"
"料二万七千","1","1","2"
"银十二万二","1","1","2"
"银三千馀两","2","0","2"
"民运草三十","1","1","2"
"运草三十一","1","1","2"
"草三十一万","1","1","2"
"三十一万一","1","1","2"
"十一万一千","1","1","2"
"京运银十一","1","1","2"
"运银十一万","1","1","2"
"银十一万九","1","1","2"
"地亩银二百","1","1","2"
"亩银二百九","1","1","2"
"粮十万四千","1","1","2"
"京运银十六","1","1","2"
"运银十六万","1","1","2"
"银十六万两","1","1","2"
"京运银二十","1","1","2"
"运银二十三","1","1","2"
"二十三万三","1","1","2"
"地亩银五百","1","1","2"
"民运银二万","1","1","2"
"运银二万两","1","1","2"
"粮十八万九","1","1","2"
"银九万六千","1","1","2"
"屯粮二万三","1","1","2"
"粮二万三千","1","1","2"
"地亩银六百","1","1","2"
"民运银三十","1","1","2"
"运银三十万","1","1","2"
"银三十万六","1","1","2"
"三十万六千","1","1","2"
"运银五万九","1","1","2"
"银五万九千","1","1","2"
"五万九千两","1","1","2"
"米麦一万七","1","1","2"
"置两淮盐官","1","1","2"
"运盐使司六","1","1","2"
"课提举司七","1","1","2"
"云南提举司","1","1","2"
"州盐课司一","1","1","2"
"两淮所辖分","1","1","2"
"淮所辖分司","1","1","2"
"办大引盐三","1","1","2"
"大引盐三十","1","1","2"
"引盐三十五","1","1","2"
"盐三十五万","1","1","2"
"三十五万二","1","1","2"
"盐银六十万","1","1","2"
"办大引盐二","1","1","2"
"大引盐二十","1","1","2"
"引盐二十二","1","1","2"
"盐二十二万","1","1","2"
"仓馀盐银十","2","0","2"
"盐银十四万","1","1","2"
"改称河间长","1","1","2"
"称河间长芦","1","1","2"
"所辖分司二","2","0","2"
"办大引盐六","1","1","2"
"大引盐六万","1","1","2"
"引盐六万三","1","1","2"
"办小引盐十","1","1","2"
"小引盐十八","1","1","2"
"引盐十八万","1","1","2"
"上供郊庙百","1","1","2"
"供郊庙百神","1","1","2"
"郊庙百神祭","1","1","2"
"庙百神祭祀","1","1","2"
"大引盐十四","1","1","2"
"引盐十四万","1","1","2"
"盐十四万三","1","1","2"
"四万三千三","1","1","2"
"万三千三百","1","1","2"
"九万六千一","1","1","2"
"万六千一百","1","1","2"
"盐银五万两","1","1","2"
"大引盐十万","1","1","2"
"引盐十万四","1","1","2"
"盐十万四千","1","1","2"
"四千五百馀","2","0","2"
"岁入太仓银","2","0","2"
"太仓银二万","1","1","2"
"仓银二万二","1","1","2"
"置西场分司","1","1","2"
"办小引盐三","1","1","2"
"小引盐三十","1","1","2"
"引盐三十万","1","1","2"
"盐三十万四","1","1","2"
"三十万四千","1","1","2"
"十万四千引","1","1","2"
"太仓银四千","1","1","2"
"共十九万两","1","1","2"
"五十三万七","1","1","2"
"十三万七千","1","1","2"
"三万七千六","1","1","2"
"固原饷银三","1","1","2"
"原饷银三万","1","1","2"
"饷银三万六","1","1","2"
"银三万六千","1","1","2"
"所辖盐场十","2","0","2"
"辖盐场十四","1","1","2"
"辖盐场十五","1","1","2"
"广东四万六","1","1","2"
"东四万六千","1","1","2"
"四万六千八","1","1","2"
"万六千八百","1","1","2"
"千八百馀引","2","0","2"
"海北二万七","1","1","2"
"北二万七千","1","1","2"
"万九千四百","1","1","2"
"岁入太仓盐","2","0","2"
"一十二万七","1","1","2"
"十二万七千","1","1","2"
"一十七万六","1","1","2"
"九百八十六","1","1","2"
"八十六万一","1","1","2"
"陕西镇盐课","1","1","2"
"西镇盐课银","1","1","2"
"镇盐课银七","1","1","2"
"盐课银七万","1","1","2"
"课银七万一","1","1","2"
"银七万一千","1","1","2"
"七万一千余","1","1","2"
"辖盐课司三","1","1","2"
"辖盐课司一","1","1","2"
"辖盐课司七","1","1","2"
"仓盐课银三","1","1","2"
"盐课银三万","1","1","2"
"课银三万五","1","1","2"
"银三万五千","1","1","2"
"仓入米一石","2","0","2"
"淮盐一小引","1","1","2"
"转运提举司","1","1","2"
"运提举司照","1","1","2"
"提举司照数","1","1","2"
"云南金齿卫","1","1","2"
"陕西甘州卫","1","1","2"
"户部尚书郭","1","1","2"
"部尚书郭敦","1","1","2"
"官吏军民多","1","1","2"
"吏军民多养","1","1","2"
"军民多养马","1","1","2"
"卫递增二十","1","1","2"
"递增二十引","1","1","2"
"拨附近州县","1","1","2"
"引二贯五百","1","1","2"
"灶户杂犯死","1","1","2"
"户杂犯死罪","1","1","2"
"直隶巡抚周","1","1","2"
"隶巡抚周忱","1","1","2"
"富人吕铭等","1","1","2"
"户部尚书马","1","1","2"
"造遮洋大船","1","1","2"
"侍郎李嗣请","1","1","2"
"令商人买余","1","1","2"
"商人买余盐","1","1","2"
"令大臣王琼","1","1","2"
"庆云侯周寿","1","1","2"
"织造太监崔","1","1","2"
"造太监崔杲","1","1","2"
"长芦盐一万","1","1","2"
"芦盐一万二","1","1","2"
"引抽银一钱","1","1","2"
"都御史秦纮","2","0","2"
"户部郎中丁","1","1","2"
"部郎中丁致","1","1","2"
"郎中丁致祥","1","1","2"
"处商人夹带","1","1","2"
"世宗登极诏","2","0","2"
"商人逯俊等","1","1","2"
"盐三十万引","1","1","2"
"存积四六分","1","1","2"
"盐七万九千","1","1","2"
"引一百四十","1","1","2"
"盐二百六十","1","1","2"
"二百六十五","1","1","2"
"百六十五斤","1","1","2"
"纳银一两九","1","1","2"
"银一两九钱","1","1","2"
"引正盐银五","1","1","2"
"正盐银五钱","1","1","2"
"盐二钱五分","1","1","2"
"后多侵夺正","1","1","2"
"六十二万引","1","1","2"
"时都御史王","1","1","2"
"增收三十五","1","1","2"
"收三十五万","1","1","2"
"三十五万引","1","1","2"
"工本盐一引","1","1","2"
"七万六千两","1","1","2"
"岁课七十万","2","0","2"
"课七十万五","2","0","2"
"十万五千引","1","1","2"
"淮盐三十九","1","1","2"
"盐三十九万","1","1","2"
"三十九万引","1","1","2"
"淮盐二十七","1","1","2"
"盐二十七万","1","1","2"
"二十七万引","1","1","2"
"四十七万引","1","1","2"
"额二十万引","1","1","2"
"鄢懋卿总理","2","0","2"
"盐银六十一","1","1","2"
"银六十一万","1","1","2"
"共七十万引","1","1","2"
"御史李学诗","1","1","2"
"广西古田平","1","1","2"
"抚都御史殷","1","1","2"
"都御史殷正","1","1","2"
"御史殷正茂","1","1","2"
"史殷正茂请","1","1","2"
"殷正茂请官","1","1","2"
"复常股四分","1","1","2"
"千户尹英请","1","1","2"
"学士张位等","1","1","2"
"胪寺主簿田","1","1","2"
"寺主簿田应","1","1","2"
"主簿田应璧","1","1","2"
"中官鲁保鬻","2","0","2"
"官鲁保鬻两","2","0","2"
"鲁保鬻两淮","2","0","2"
"引重五百七","1","1","2"
"重五百七十","1","1","2"
"五百七十斤","1","1","2"
"百户高时夏","1","1","2"
"变价三十万","1","1","2"
"价三十万两","1","1","2"
"三万七千两","1","1","2"
"外多取一分","1","1","2"
"巡盐御史龙","1","1","2"
"盐御史龙遇","1","1","2"
"御史龙遇奇","1","1","2"
"魏忠贤党郭","1","1","2"
"忠贤党郭兴","1","1","2"
"贤党郭兴治","1","1","2"
"钞十二贯支","1","1","2"
"吏部郎中陆","1","1","2"
"部郎中陆光","1","1","2"
"郎中陆光祖","1","1","2"
"都御史朱言","2","0","2"
"长芦巡盐御","1","1","2"
"芦巡盐御史","1","1","2"
"遣中官王允","1","1","2"
"中官王允中","1","1","2"
"御史高明整","1","1","2"
"尚书李敏请","1","1","2"
"部侍郎李嗣","1","1","2"
"部侍郎彭韶","1","1","2"
"都御史王琼","1","1","2"
"都御史张宪","1","1","2"
"刑部侍郎蓝","1","1","2"
"部侍郎蓝章","1","1","2"
"副都御史黄","1","1","2"
"都御史黄臣","1","1","2"
"副都御史庞","1","1","2"
"史庞尚鹏总","1","1","2"
"置茶局批验","1","1","2"
"茶局批验所","1","1","2"
"定茶引一道","1","1","2"
"茶园四十五","1","1","2"
"园四十五顷","1","1","2"
"四川巴茶三","1","1","2"
"川巴茶三百","1","1","2"
"陕西二万六","1","1","2"
"西二万六千","1","1","2"
"二万六千斤","1","1","2"
"四川一百万","1","1","2"
"川一百万斤","1","1","2"
"四川茶盐都","1","1","2"
"川茶盐都转","1","1","2"
"盐都转运使","1","1","2"
"天全六番司","1","1","2"
"长河西等番","1","1","2"
"河西等番商","1","1","2"
"茶百二十斤","2","0","2"
"改设秦州茶","1","1","2"
"设秦州茶马","1","1","2"
"秦州茶马司","1","1","2"
"发都司官军","1","1","2"
"驸马都尉谢","1","1","2"
"马都尉谢达","1","1","2"
"陕西汉中茶","1","1","2"
"西汉中茶三","1","1","2"
"汉中茶三百","1","1","2"
"中茶三百万","1","1","2"
"茶三百万斤","1","1","2"
"遣佥都御史","2","0","2"
"都御史邓文","1","1","2"
"御史邓文铿","1","1","2"
"史邓文铿等","1","1","2"
"命曹国公李","1","1","2"
"藏思囊日等","1","1","2"
"思囊日等族","1","1","2"
"下号金牌降","1","1","2"
"设洮州茶马","1","1","2"
"甘肃茶马司","1","1","2"
"西行都司地","1","1","2"
"遣三御史巡","1","1","2"
"督陕西茶马","1","1","2"
"停止金牌信","1","1","2"
"止金牌信符","1","1","2"
"播州茶仓四","1","1","2"
"州茶仓四所","1","1","2"
"成化三年命","1","1","2"
"令按察司巡","1","1","2"
"按察司巡察","1","1","2"
"洮州三茶马","1","1","2"
"茶四十万斤","1","1","2"
"四川茶课司","1","1","2"
"川茶课司旧","1","1","2"
"督理马政都","1","1","2"
"理马政都御","1","1","2"
"马政都御史","1","1","2"
"政都御史杨","1","1","2"
"茶五六十万","1","1","2"
"五六十万斤","1","1","2"
"巡茶御史理","2","0","2"
"茶御史理马","2","0","2"
"御史理马政","2","0","2"
"人例外带私","1","1","2"
"例外带私茶","1","1","2"
"巡茶御史王","1","1","2"
"茶御史王汝","1","1","2"
"御史王汝舟","1","1","2"
"史王汝舟酌","1","1","2"
"计三茶马司","1","1","2"
"三茶马司所","1","1","2"
"茶马司所贮","1","1","2"
"诸番金牌信","1","1","2"
"番金牌信符","1","1","2"
"御史杨美益","1","1","2"
"年九十万斤","1","1","2"
"九十万斤招","1","1","2"
"御史潘一桂","1","1","2"
"隆庆三年裁","1","1","2"
"属松潘诸边","1","1","2"
"四千引留内","1","1","2"
"千引留内地","1","1","2"
"御史李时成","1","1","2"
"请分任责成","2","0","2"
"佐一人专驻","2","0","2"
"御史李楠请","1","1","2"
"越境下湖南","1","1","2"
"湖南多假茶","1","1","2"
"陕西巡按御","1","1","2"
"巡按御史毕","1","1","2"
"按御史毕三","1","1","2"
"御史毕三才","1","1","2"
"令汉中五州","1","1","2"
"汉中五州县","1","1","2"
"庄浪六茶司","1","1","2"
"浪六茶司共","1","1","2"
"马九千六百","1","1","2"
"九千六百匹","1","1","2"
"马二千四百","1","1","2"
"二千四百匹","1","1","2"
"福建建宁所","1","1","2"
"建建宁所贡","1","1","2"
"上供户五百","1","1","2"
"供户五百家","1","1","2"
"杨炎作两税","1","1","2"
"炎作两税法","1","1","2"
"二十万上下","1","1","2"
"职役优免者","2","0","2"
"地亩棉花绒","1","1","2"
"课程苎麻折","1","1","2"
"程苎麻折米","1","1","2"
"户部侍郎杨","1","1","2"
"部侍郎杨靖","1","1","2"
"贯五百文折","1","1","2"
"广东琼州黎","1","1","2"
"东琼州黎人","1","1","2"
"数百万石外","1","1","2"
"副都御史周","1","1","2"
"都御史周铨","1","1","2"
"户部尚书胡","1","1","2"
"折银二钱五","2","0","2"
"广西米麦共","1","1","2"
"西米麦共四","1","1","2"
"米麦共四百","1","1","2"
"粮四石收银","1","1","2"
"四石收银一","1","1","2"
"石收银一两","1","1","2"
"收银一两解","1","1","2"
"司农卿杨宪","1","1","2"
"武十三年命","1","1","2"
"四斗四升者","1","1","2"
"斗四升者减","1","1","2"
"时苏州一府","1","1","2"
"七十四万六","1","1","2"
"十四万六千","1","1","2"
"西布政使周","1","1","2"
"小民佃种富","1","1","2"
"昆山海水陷","1","1","2"
"宣德五年二","1","1","2"
"德五年二月","1","1","2"
"江南巡抚周","1","1","2"
"南巡抚周忱","1","1","2"
"州知府况钟","2","0","2"
"令松江官田","1","1","2"
"松江官田依","1","1","2"
"劾变乱成法","2","0","2"
"浙江等处官","1","1","2"
"江等处官田","1","1","2"
"秋粮四斗一","1","1","2"
"粮四斗一升","1","1","2"
"七百九十万","1","1","2"
"令镇守浙江","1","1","2"
"镇守浙江尚","1","1","2"
"守浙江尚书","1","1","2"
"浙江尚书孙","1","1","2"
"江尚书孙原","1","1","2"
"书孙原贞等","1","1","2"
"平米一石三","1","1","2"
"平米一石五","1","1","2"
"民田二斗七","1","1","2"
"田二斗七升","1","1","2"
"平米一石七","1","1","2"
"米一石七斗","1","1","2"
"平米二石二","1","1","2"
"米二石二斗","1","1","2"
"四百七十馀","2","0","2"
"百七十馀万","2","0","2"
"七十馀万石","2","0","2"
"少二百五十","1","1","2"
"天下官吏考","1","1","2"
"令里甲等仿","1","1","2"
"年巡抚周忱","1","1","2"
"敢搀杂水谷","1","1","2"
"搀杂水谷糠","1","1","2"
"实收掌管粮","1","1","2"
"令户部议定","1","1","2"
"御史郭弘化","1","1","2"
"史郭弘化等","1","1","2"
"事中徐俊民","1","1","2"
"应天巡抚侯","1","1","2"
"天巡抚侯位","1","1","2"
"苏州坍海田","1","1","2"
"应天巡抚欧","1","1","2"
"天巡抚欧阳","1","1","2"
"巡抚欧阳铎","1","1","2"
"抚欧阳铎检","1","1","2"
"时嘉兴知府","1","1","2"
"苏州知府王","1","1","2"
"州知府王仪","1","1","2"
"递增耗米加","1","1","2"
"增耗米加乘","1","1","2"
"收本色折色","1","1","2"
"本色折色银","1","1","2"
"五百九十五","1","1","2"
"百九十五万","1","1","2"
"部尚书孙应","1","1","2"
"尚书孙应奎","1","1","2"
"浙江等州县","1","1","2"
"江等州县增","1","1","2"
"条上便宜七","2","0","2"
"上便宜七事","2","0","2"
"加三厘五毫","2","0","2"
"增赋五百二","2","0","2"
"赋五百二十","2","0","2"
"布帛粟米力","1","1","2"
"帛粟米力役","1","1","2"
"按银数分派","1","1","2"
"梁廷栋请增","2","0","2"
"六十五万四","1","1","2"
"十五万四千","1","1","2"
"督卢象升请","1","1","2"
"加宦户田赋","1","1","2"
"一分四厘九","1","1","2"
"分四厘九丝","1","1","2"
"兵部郎张若","1","1","2"
"部郎张若麒","1","1","2"
"郎张若麒请","1","1","2"
"饷三百三十","1","1","2"
"加练饷七百","1","1","2"
"七百三十馀","2","0","2"
"米二升五合","1","1","2"
"按册籍丁粮","1","1","2"
"古人租庸调","1","1","2"
"官府公私所","1","1","2"
"应夫马饮食","1","1","2"
"河南巡抚范","1","1","2"
"南巡抚范景","1","1","2"
"巡抚范景文","1","1","2"
"中户丁力多","1","1","2"
"营建两京宗","1","1","2"
"建两京宗庙","1","1","2"
"内外军官禁","1","1","2"
"礼部尚书童","1","1","2"
"部尚书童轩","1","1","2"
"尚书林瀚言","2","0","2"
"南城豹房新","1","1","2"
"城豹房新房","1","1","2"
"庄园祠墓香","1","1","2"
"园祠墓香火","1","1","2"
"祠墓香火寺","1","1","2"
"墓香火寺观","1","1","2"
"贵州新添驿","1","1","2"
"州新添驿丞","1","1","2"
"工场二三十","1","1","2"
"场二三十处","1","1","2"
"功德私祠遍","1","1","2"
"少者一二丁","1","1","2"
"令老人运钞","1","1","2"
"主事赵乾振","2","0","2"
"目击民艰言","2","0","2"
"击民艰言者","2","0","2"
"杂犯死罪六","1","1","2"
"犯死罪六十","1","1","2"
"死罪六十石","1","1","2"
"授官正七品","1","1","2"
"泰四年冬十","1","1","2"
"四年冬十一","1","1","2"
"冰四十余里","1","1","2"
"治六年十一","1","1","2"
"万历五年六","1","1","2"
"历五年六月","1","1","2"
"武十八年二","1","1","2"
"正统五年七","1","1","2"
"统五年七月","1","1","2"
"五年七月戊","1","1","2"
"年正月癸酉","1","1","2"
"八年正月甲","1","1","2"
"成化四年三","1","1","2"
"化四年三月","1","1","2"
"九年三月甲","1","1","2"
"十年五月丙","1","1","2"
"治十五年十","1","1","2"
"正德十年四","1","1","2"
"德十年四月","1","1","2"
"年六月丙戌","1","1","2"
"武十四年五","1","1","2"
"四年五月丁","1","1","2"
"天顺四年三","1","1","2"
"顺四年三月","1","1","2"
"成化二年四","1","1","2"
"化二年四月","1","1","2"
"九年三月辛","1","1","2"
"治六年十月","1","1","2"
"八年四月庚","1","1","2"
"陨霜杀麦豆","2","0","2"
"府县卫所三","1","1","2"
"县卫所三十","1","1","2"
"卫所三十五","1","1","2"
"七年二月壬","1","1","2"
"正德八年四","1","1","2"
"德八年四月","1","1","2"
"八年四月乙","1","1","2"
"三年三月壬","1","1","2"
"年三月壬戌","1","1","2"
"嘉靖二年三","1","1","2"
"靖二年三月","1","1","2"
"二年四月己","1","1","2"
"隆庆六年三","1","1","2"
"庆六年三月","1","1","2"
"八年四月壬","1","1","2"
"年四月壬寅","1","1","2"
"洪武二年六","1","1","2"
"武二年六月","1","1","2"
"二年六月庚","1","1","2"
"四年五月壬","1","1","2"
"五年六月庚","1","1","2"
"易州大方等","1","1","2"
"州大方等社","1","1","2"
"年闰六月乙","1","1","2"
"闰六月乙巳","1","1","2"
"死鸟雀狐兔","1","1","2"
"天顺元年六","1","1","2"
"顺元年六月","1","1","2"
"元年六月己","1","1","2"
"年六月己亥","1","1","2"
"元年四月庚","1","1","2"
"年四月庚寅","1","1","2"
"五年闰二月","1","1","2"
"年七月丙午","1","1","2"
"九年五月丁","1","1","2"
"九年六月乙","1","1","2"
"年六月乙亥","1","1","2"
"二十年二月","1","1","2"
"年二月丙子","1","1","2"
"一年三月己","1","1","2"
"年三月己丑","1","1","2"
"南海风雷大","1","1","2"
"弘治元年三","1","1","2"
"治元年三月","1","1","2"
"元年三月壬","1","1","2"
"年三月壬申","1","1","2"
"洮州卫雨冰","2","0","2"
"州卫雨冰雹","2","0","2"
"四年三月癸","1","1","2"
"五年四月乙","1","1","2"
"人畜多溺死","2","0","2"
"甘肃西宁大","1","1","2"
"九年五月丙","1","1","2"
"年八月戊子","1","1","2"
"三年四月辛","1","1","2"
"四年五月甲","1","1","2"
"八年十月戊","1","1","2"
"年十月戊戌","1","1","2"
"地水深丈余","2","0","2"
"年六月甲戌","1","1","2"
"宣府大雨雹","2","0","2"
"嘉靖元年四","1","1","2"
"靖元年四月","1","1","2"
"年五月甲辰","1","1","2"
"伤三十余人","2","0","2"
"四年三月辛","1","1","2"
"年三月辛巳","1","1","2"
"年三月庚寅","1","1","2"
"四年五月庚","1","1","2"
"三十六年三","1","1","2"
"六年三月癸","1","1","2"
"年三月癸未","2","0","2"
"四十三年闰","1","1","2"
"十三年闰二","1","1","2"
"三年闰二月","1","1","2"
"年闰二月甲","1","1","2"
"闰二月甲申","1","1","2"
"隆庆元年七","1","1","2"
"庆元年七月","1","1","2"
"元年七月辛","1","1","2"
"杀稼七十里","2","0","2"
"三年三月辛","1","1","2"
"延绥口北马","1","1","2"
"绥口北马营","1","1","2"
"口北马营堡","1","1","2"
"六年八月乙","1","1","2"
"万历元年五","1","1","2"
"历元年五月","1","1","2"
"元年五月辛","1","1","2"
"年五月辛巳","1","1","2"
"四年四月丙","1","1","2"
"九年八月庚","1","1","2"
"年八月庚子","1","1","2"
"十一年闰二","1","1","2"
"一年闰二月","1","1","2"
"年闰二月丁","1","1","2"
"闰二月丁卯","1","1","2"
"九年四月壬","1","1","2"
"五年八月壬","1","1","2"
"十年四月己","1","1","2"
"三十六年五","1","1","2"
"四十一年七","1","1","2"
"一年七月丁","1","1","2"
"年七月丁卯","1","1","2"
"年三月庚辰","1","1","2"
"二年四月壬","1","1","2"
"祯三年九月","1","1","2"
"三年九月辛","1","1","2"
"年九月辛丑","1","1","2"
"七年四月壬","1","1","2"
"八年七月己","1","1","2"
"闰四月癸丑","1","1","2"
"年六月甲寅","1","1","2"
"年六月丁丑","1","1","2"
"洪武六年十","1","1","2"
"武六年十一","1","1","2"
"十一月戊申","1","1","2"
"三年五月甲","1","1","2"
"八年二月甲","1","1","2"
"正统八年五","1","1","2"
"统八年五月","1","1","2"
"八年五月戊","1","1","2"
"震奉天殿鸱","2","0","2"
"南京西角门","1","1","2"
"京西角门楼","1","1","2"
"大同巡警军","1","1","2"
"九年正月辛","1","1","2"
"正月辛亥朔","1","1","2"
"闰七月壬寅","1","1","2"
"景泰三年六","1","1","2"
"泰三年六月","1","1","2"
"三年六月庚","1","1","2"
"天顺二年六","1","1","2"
"顺二年六月","1","1","2"
"四年六月癸","1","1","2"
"三年六月戊","1","1","2"
"年六月戊申","1","1","2"
"雷震南京午","2","0","2"
"震南京午门","2","0","2"
"山川坛具服","1","1","2"
"川坛具服殿","1","1","2"
"八年四月辛","1","1","2"
"一月辛未冬","1","1","2"
"大雷电雨雪","2","0","2"
"郊坛承天门","1","1","2"
"三年七月壬","1","1","2"
"七年六月癸","1","1","2"
"年六月癸酉","1","1","2"
"雷震宣府西","2","0","2"
"宣府西横岭","1","1","2"
"年闰七月庚","1","1","2"
"闰七月庚辰","1","1","2"
"正德元年五","1","1","2"
"元年五月壬","1","1","2"
"青州衣甲库","1","1","2"
"雷击西中门","1","1","2"
"暴风折郊坛","2","0","2"
"风折郊坛松","2","0","2"
"孝陵白土冈","1","1","2"
"五年六月丙","1","1","2"
"年六月丙申","1","1","2"
"万全卫柴沟","1","1","2"
"全卫柴沟堡","1","1","2"
"万春寨旗杆","1","1","2"
"十年闰四月","1","1","2"
"年闰四月甲","1","1","2"
"闰四月甲申","1","1","2"
"蓟州赚狗崖","1","1","2"
"年八月癸亥","1","1","2"
"十年六月丁","1","1","2"
"年六月丁巳","1","1","2"
"雷击德胜门","1","1","2"
"西华门城楼","1","1","2"
"五年六月甲","1","1","2"
"击南京西上","1","1","2"
"南京西上门","1","1","2"
"京西上门兽","1","1","2"
"西上门兽吻","1","1","2"
"八年六月丁","1","1","2"
"年六月丁酉","1","1","2"
"六月丁酉朔","1","1","2"
"三十八年六","1","1","2"
"年六月丙寅","1","1","2"
"击奉先殿门","1","1","2"
"雷击圜丘广","1","1","2"
"击圜丘广利","1","1","2"
"圜丘广利门","1","1","2"
"万历三年六","1","1","2"
"历三年六月","1","1","2"
"雷击建极殿","1","1","2"
"建极殿鸱吻","2","0","2"
"三年七月戊","1","1","2"
"年七月戊子","1","1","2"
"斋宫北门兽","1","1","2"
"宫北门兽吻","1","1","2"
"九年五月甲","1","1","2"
"年六月己酉","1","1","2"
"四年二月己","1","1","2"
"二十五年七","1","1","2"
"五年七月庚","1","1","2"
"七月庚寅朔","1","1","2"
"毁黄花镇台","1","1","2"
"黄花镇台垣","1","1","2"
"三年五月庚","1","1","2"
"三十七年八","1","1","2"
"年八月甲寅","1","1","2"
"元年十月己","1","1","2"
"毁淮安城楼","1","1","2"
"崇祯六年十","1","1","2"
"祯六年十二","1","1","2"
"年十二月丁","1","1","2"
"十二月丁亥","1","1","2"
"九年正月甲","1","1","2"
"密云城铺楼","1","1","2"
"十月乙未立","1","1","2"
"月乙未立冬","1","1","2"
"宣府西门城","1","1","2"
"府西门城楼","1","1","2"
"南京孝陵树","1","1","2"
"四十一年二","1","1","2"
"德州九龙庙","1","1","2"
"崇祯十年三","1","1","2"
"祯十年三月","1","1","2"
"洪武五年六","1","1","2"
"武五年六月","1","1","2"
"建文四年夏","1","1","2"
"永乐元年夏","1","1","2"
"德四年六月","1","1","2"
"东南向西北","1","1","2"
"四十三年七","1","1","2"
"四十四年四","1","1","2"
"四十七年八","1","1","2"
"祯八年七月","1","1","2"
"燕河路营生","1","1","2"
"大同后卫生","1","1","2"
"四十七年六","1","1","2"
"天启三年七","1","1","2"
"启三年七月","1","1","2"
"崇祯元年三","1","1","2"
"祯元年三月","1","1","2"
"成化五年六","1","1","2"
"化五年六月","1","1","2"
"弘治九年六","1","1","2"
"治九年六月","1","1","2"
"年六月庚辰","1","1","2"
"八年五月辛","1","1","2"
"七年六月丁","1","1","2"
"六月丁卯夜","2","0","2"
"二年六月癸","1","1","2"
"常熟俞野村","1","1","2"
"靖四十年五","1","1","2"
"四十年五月","1","1","2"
"十年五月癸","1","1","2"
"历十四年七","1","1","2"
"四年七月戊","1","1","2"
"年七月戊申","1","1","2"
"九年六月己","1","1","2"
"年六月己未","1","1","2"
"平地水高十","1","1","2"
"地水高十丈","1","1","2"
"安丘青河村","1","1","2"
"丘青河村青","1","1","2"
"宣德七年五","1","1","2"
"德七年五月","1","1","2"
"弘治元年二","1","1","2"
"治元年二月","1","1","2"
"河南龙门妇","1","1","2"
"天顺四年四","1","1","2"
"顺四年四月","1","1","2"
"州民妇一产","2","0","2"
"扬卫军陈僧","1","1","2"
"氏一产三男","2","0","2"
"妇人肋下生","1","1","2"
"人肋下生瘤","1","1","2"
"治十一年六","1","1","2"
"左卫百户黄","1","1","2"
"卫百户黄盛","1","1","2"
"一产三男一","2","0","2"
"产三男一女","2","0","2"
"嘉靖二年六","1","1","2"
"靖二年六月","1","1","2"
"曲靖卫舍人","1","1","2"
"靖卫舍人胡","1","1","2"
"卫舍人胡晟","1","1","2"
"贵州安卫军","1","1","2"
"州安卫军李","1","1","2"
"安卫军李华","1","1","2"
"大同右卫参","1","1","2"
"同右卫参将","1","1","2"
"右卫参将马","1","1","2"
"卫参将马继","1","1","2"
"参将马继舍","1","1","2"
"将马继舍人","1","1","2"
"马继舍人马","1","1","2"
"继舍人马录","1","1","2"
"崇祯八年夏","1","1","2"
"乐六年正月","1","1","2"
"台州瘟疫大","1","1","2"
"死者三万余","2","0","2"
"天顺五年四","1","1","2"
"顺五年四月","1","1","2"
"化十一年八","1","1","2"
"四千一百二","1","1","2"
"百二十八人","1","1","2"
"万历十年四","1","1","2"
"历十年四月","1","1","2"
"洪武五年八","1","1","2"
"武五年八月","1","1","2"
"五年八月己","1","1","2"
"年八月己酉","1","1","2"
"天顺六年九","1","1","2"
"顺六年九月","1","1","2"
"六年九月乙","1","1","2"
"年九月乙巳","1","1","2"
"三年正月甲","1","1","2"
"四年八月戊","1","1","2"
"弘治六年六","1","1","2"
"治六年六月","1","1","2"
"七年八月丁","1","1","2"
"祯十二年十","1","1","2"
"三年二月壬","1","1","2"
"浙江省城门","1","1","2"
"年三月辛丑","1","1","2"
"化六年六月","1","1","2"
"县东南三十","1","1","2"
"东南三十里","1","1","2"
"三年五月壬","1","1","2"
"四年十月丁","1","1","2"
"年十月丁巳","1","1","2"
"年二月丙申","1","1","2"
"正德元年八","1","1","2"
"九年五月己","1","1","2"
"年五月己卯","1","1","2"
"靖十二年五","1","1","2"
"二年三月己","1","1","2"
"保定新城陨","1","1","2"
"万历三年五","1","1","2"
"历三年五月","1","1","2"
"七年九月戊","1","1","2"
"年九月戊午","1","1","2"
"四年正月丁","1","1","2"
"年正月丁丑","1","1","2"
"洪武元年六","1","1","2"
"武元年六月","1","1","2"
"江西永新州","1","1","2"
"衢州府龙游","1","1","2"
"州府龙游县","1","1","2"
"嘉定府龙游","1","1","2"
"定府龙游县","1","1","2"
"府龙游县洋","1","1","2"
"高密县胶河","1","1","2"
"四年八月庚","1","1","2"
"年八月庚辰","1","1","2"
"七年八月丙","1","1","2"
"年八月丙寅","1","1","2"
"坏官民庐舍","2","0","2"
"十年八月丁","1","1","2"
"年八月丁亥","1","1","2"
"永乐元年五","2","0","2"
"决渲马滩圩","1","1","2"
"渲马滩圩岸","1","1","2"
"千九百余丈","2","0","2"
"浑河决固安","2","0","2"
"平度州濰水","2","0","2"
"高邮甓社等","1","1","2"
"邮甓社等九","1","1","2"
"甓社等九湖","1","1","2"
"河岸五十四","1","1","2"
"直亭等河口","1","1","2"
"亭等河口八","1","1","2"
"等河口八十","1","1","2"
"河口八十九","1","1","2"
"决姚暹渠堰","2","0","2"
"舍五千八百","1","1","2"
"五千八百余","2","0","2"
"没城垣屯堡","1","1","2"
"十八年夏秋","1","1","2"
"死三百六十","1","1","2"
"三百六十余","2","0","2"
"湖广沔阳江","1","1","2"
"宋家等口堤","1","1","2"
"家等口堤岸","1","1","2"
"真定滹沱河","1","1","2"
"德元年六七","1","1","2"
"元年六七月","1","1","2"
"湘乡暴风雨","1","1","2"
"南阳山水泛","1","1","2"
"州县二十九","2","0","2"
"三百九十区","1","1","2"
"保定三府州","1","1","2"
"定三府州县","1","1","2"
"堤二十二处","1","1","2"
"扬子江沙洲","1","1","2"
"子江沙洲潮","1","1","2"
"江沙洲潮水","1","1","2"
"洪洞汾水堤","1","1","2"
"延平府卫城","1","1","2"
"山东金龙口","1","1","2"
"东金龙口阳","1","1","2"
"金龙口阳谷","1","1","2"
"河南八树口","1","1","2"
"景泰元年七","1","1","2"
"泰元年七月","1","1","2"
"沙湾白马头","1","1","2"
"湾白马头七","1","1","2"
"白马头七十","1","1","2"
"平地水高一","1","1","2"
"地水高一丈","1","1","2"
"上海海潮冲","1","1","2"
"长八百五十","1","1","2"
"八百五十丈","1","1","2"
"山西汾水伤","1","1","2"
"七年闰九月","1","1","2"
"坏淮安州县","1","1","2"
"开封护城堤","1","1","2"
"封护城堤五","1","1","2"
"居庸关水门","1","1","2"
"庸关水门四","1","1","2"
"关水门四十","1","1","2"
"清平抵天津","2","0","2"
"开封黄沙冈","1","1","2"
"保四府州县","1","1","2"
"淹死二百六","1","1","2"
"死二百六十","1","1","2"
"庐山平地水","1","1","2"
"平地水高四","1","1","2"
"地水高四尺","1","1","2"
"死二万三千","1","1","2"
"百七十六人","1","1","2"
"襄江水大涨","1","1","2"
"拔树万余株","2","0","2"
"陕西五郎坝","1","1","2"
"西五郎坝大","1","1","2"
"五郎坝大水","1","1","2"
"年七月丙辰","1","1","2"
"隆庆元年夏","1","1","2"
"新河鲇鱼口","1","1","2"
"河鲇鱼口沉","1","1","2"
"仲家浅等漕","1","1","2"
"家浅等漕堤","1","1","2"
"砀山邵家口","2","0","2"
"高邮清水堤","1","1","2"
"五年闰八月","1","1","2"
"丰利等盐场","1","1","2"
"利等盐场三","1","1","2"
"等盐场三十","1","1","2"
"淹死二千六","1","1","2"
"死二千六百","1","1","2"
"太平五府江","1","1","2"
"平五府江湖","1","1","2"
"五府江湖泛","1","1","2"
"常五府滨海","1","1","2"
"邵伯堤五十","1","1","2"
"高邮南北闸","1","1","2"
"二十年夏秋","1","1","2"
"二十三年四","1","1","2"
"三十年六月","1","1","2"
"三十二年六","1","1","2"
"河决苏家庄","2","0","2"
"三十五年六","1","1","2"
"严州四府山","1","1","2"
"四十六年八","1","1","2"
"潮州六县海","1","1","2"
"元年七月壬","1","1","2"
"年七月壬午","1","1","2"
"五年六月壬","1","1","2"
"开封朱家寨","1","1","2"
"天顺二年十","1","1","2"
"顺二年十二","1","1","2"
"治十四年八","1","1","2"
"四年八月丙","1","1","2"
"年八月丙辰","1","1","2"
"叙州东南二","1","1","2"
"州东南二河","1","1","2"
"正德十年七","1","1","2"
"德十年七月","1","1","2"
"南畿龙目井","1","1","2"
"南京正阳门","1","1","2"
"京正阳门水","1","1","2"
"五年八月甲","1","1","2"
"乐安小清河","1","1","2"
"临清砖板二","1","1","2"
"清砖板二闸","1","1","2"
"河州莲花寨","1","1","2"
"州莲花寨黄","1","1","2"
"莲花寨黄河","1","1","2"
"正阳门外水","1","1","2"
"宣武门响闸","1","1","2"
"河南汝水变","1","1","2"
"宣德元年二","1","1","2"
"正统元年九","1","1","2"
"统元年九月","1","1","2"
"元年九月辛","1","1","2"
"年九月辛亥","1","1","2"
"二年八月甲","1","1","2"
"元年二月壬","1","1","2"
"年四月庚辰","1","1","2"
"五年七月己","1","1","2"
"七月己亥朔","1","1","2"
"成化七年四","1","1","2"
"化七年四月","1","1","2"
"七年四月丙","1","1","2"
"年三月庚子","1","1","2"
"二年七月庚","1","1","2"
"弘治五年二","1","1","2"
"治五年二月","1","1","2"
"五年二月己","1","1","2"
"年八月壬申","1","1","2"
"年二月庚子","1","1","2"
"七年六月壬","1","1","2"
"年六月壬戌","1","1","2"
"十二年闰十","1","1","2"
"二年闰十二","1","1","2"
"闰十二月丁","1","1","2"
"年十月癸巳","1","1","2"
"三十七年三","1","1","2"
"三年正月丁","1","1","2"
"右金吾卫司","1","1","2"
"右金吾仗司","1","1","2"
"六军仪仗司","1","1","2"
"吴元年十二","2","0","2"
"中书左相国","1","1","2"
"书左相国李","1","1","2"
"国李善长率","1","1","2"
"李善长率礼","1","1","2"
"列甲士午门","2","0","2"
"甲士午门外","2","0","2"
"奉天门外东","2","0","2"
"豹尾一居后","2","0","2"
"丹墀左右布","2","0","2"
"墀左右布黄","2","0","2"
"左右布黄麾","2","0","2"
"右布黄麾仗","2","0","2"
"青龙白虎幢","1","1","2"
"朱雀玄武幢","1","1","2"
"雀玄武幢等","1","1","2"
"定元旦朝贺","1","1","2"
"奉天殿门丹","2","0","2"
"天殿门丹陛","2","0","2"
"奉天门外中","1","1","2"
"天门外中道","1","1","2"
"宿卫二卫设","1","1","2"
"左右布旗六","1","1","2"
"右布旗六十","1","1","2"
"白甲士五人","2","0","2"
"拱卫司设五","2","0","2"
"卫司设五辂","2","0","2"
"殿上左右内","1","1","2"
"上左右内使","1","1","2"
"左右内使监","1","1","2"
"右内使监陈","1","1","2"
"内使监陈设","1","1","2"
"皆内使擎执","2","0","2"
"声郎陈乐丹","2","0","2"
"郎陈乐丹墀","2","0","2"
"九龙车一乘","1","1","2"
"造卤簿仪仗","1","1","2"
"具服幄殿一","1","1","2"
"服幄殿一座","1","1","2"
"摆锡明甲一","1","1","2"
"锡明甲一百","1","1","2"
"明甲一百副","1","1","2"
"铜带靴履鞋","1","1","2"
"带靴履鞋一","1","1","2"
"靴履鞋一副","1","1","2"
"罗掌扇四十","1","1","2"
"销金罗伞四","1","1","2"
"销金雨伞四","1","1","2"
"金龙响节二","1","1","2"
"龙响节二十","1","1","2"
"响节二十四","1","1","2"
"仪仗三十六","1","1","2"
"仗三十六人","1","1","2"
"五色绣幡六","2","0","2"
"丹墀仪仗五","1","1","2"
"墀仪仗五十","1","1","2"
"仪仗五十八","1","1","2"
"仗五十八人","1","1","2"
"宫女十二人","1","1","2"
"皇太子仪仗","1","1","2"
"弓弩军士六","1","1","2"
"青小方扇四","1","1","2"
"青杂花团扇","1","1","2"
"青罗团扇六","1","1","2"
"增制金香炉","1","1","2"
"红纸油灯笼","1","1","2"
"纸油灯笼六","1","1","2"
"红罗销金边","1","1","2"
"罗销金边圆","1","1","2"
"销金边圆伞","1","1","2"
"红罗绣圆伞","1","1","2"
"红罗素圆伞","1","1","2"
"红罗素方伞","1","1","2"
"青罗素方伞","1","1","2"
"红罗绣孔雀","1","1","2"
"罗绣孔雀方","1","1","2"
"绣孔雀方扇","1","1","2"
"红罗绣四季","1","1","2"
"罗绣四季花","1","1","2"
"绣四季花团","1","1","2"
"四季花团扇","1","1","2"
"弓箭二十副","1","1","2"
"洪武六年定","2","0","2"
"青色白泽旗","1","1","2"
"色白泽旗二","1","1","2"
"王仪仗内交","1","1","2"
"仪仗内交椅","1","1","2"
"仗内红销金","1","1","2"
"内红销金伞","1","1","2"
"弓箭十八副","1","1","2"
"红销金圆伞","1","1","2"
"销金圆伞一","1","1","2"
"红曲柄伞二","1","1","2"
"红花圆扇四","1","1","2"
"青绣圆扇四","2","0","2"
"东宫妃仪仗","2","0","2"
"红素圆伞二","1","1","2"
"红绣方扇四","1","1","2"
"红绣花圆扇","1","1","2"
"绣花圆扇四","1","1","2"
"红彩画云凤","1","1","2"
"彩画云凤伞","1","1","2"
"画云凤伞一","1","1","2"
"青孔雀圆扇","1","1","2"
"孔雀圆扇四","1","1","2"
"银一百六十","1","1","2"
"一百六十两","1","1","2"
"亲王妃初封","1","1","2"
"宗室分封渐","1","1","2"
"室分封渐多","1","1","2"
"定卤簿大驾","2","0","2"
"一丈三尺九","1","1","2"
"广八尺二寸","2","0","2"
"八尺二寸五","1","1","2"
"座高四尺一","1","1","2"
"高四尺一寸","1","1","2"
"四垂意滴珠","2","0","2"
"垂意滴珠板","2","0","2"
"辕长二丈二","1","1","2"
"长二丈二尺","1","1","2"
"二丈二尺九","1","1","2"
"丈二尺九寸","1","1","2"
"抹金铜鈒莲","2","0","2"
"金铜鈒莲花","2","0","2"
"铜鈒莲花瓣","2","0","2"
"鈒莲花瓣轮","2","0","2"
"高五尺一寸","1","1","2"
"五尺一寸九","1","1","2"
"尺一寸九分","1","1","2"
"二尺四寸九","1","1","2"
"尺四寸九分","1","1","2"
"木沉香色描","2","0","2"
"后红髹屏风","2","0","2"
"上雕描金云","2","0","2"
"描金云龙五","2","0","2"
"槅雕描金云","2","0","2"
"红髹匡软座","2","0","2"
"椅中黄织金","2","0","2"
"外青绮缘边","2","0","2"
"五彩云龙九","1","1","2"
"地雕木贴金","2","0","2"
"贴金云龙文","2","0","2"
"金云龙文三","2","0","2"
"云龙文三层","2","0","2"
"衬板八十一","1","1","2"
"层八十一摺","2","0","2"
"亭前左右转","2","0","2"
"前左右转角","2","0","2"
"雕木贴金蹲","2","0","2"
"木贴金蹲龙","2","0","2"
"阑干内四周","2","0","2"
"干内四周布","2","0","2"
"斿内外绣升","2","0","2"
"内外绣升龙","2","0","2"
"外绣升龙一","2","0","2"
"左旗腰绣日","2","0","2"
"竿首镀金铜","2","0","2"
"右旗腰绣黻","2","0","2"
"旗腰绣黻字","2","0","2"
"缀抹金铜铃","2","0","2"
"抹金铜铃二","2","0","2"
"铜叶片装钉","2","0","2"
"二尺五寸九","1","1","2"
"尺五寸九分","1","1","2"
"广八尺九寸","2","0","2"
"八尺九寸五","1","1","2"
"座高三尺四","1","1","2"
"高三尺四寸","1","1","2"
"六尺四寸奇","2","0","2"
"五尺四寸奇","2","0","2"
"四周红髹条","2","0","2"
"周红髹条环","2","0","2"
"红髹条环板","2","0","2"
"后槅三明栨","2","0","2"
"外红帘十二","2","0","2"
"辇顶圆盘高","2","0","2"
"顶圆盘高二","2","0","2"
"二尺六寸奇","2","0","2"
"馀同大马辇","2","0","2"
"辇亭高五尺","1","1","2"
"亭高五尺五","1","1","2"
"高五尺五寸","1","1","2"
"外红帘四扇","2","0","2"
"一丈三尺二","1","1","2"
"丈三尺二寸","1","1","2"
"贴金仰覆莲","2","0","2"
"金仰覆莲座","2","0","2"
"雕木线金五","2","0","2"
"木线金五彩","2","0","2"
"二辕长三丈","2","0","2"
"辕长三丈五","1","1","2"
"长三丈五尺","1","1","2"
"三丈五尺九","1","1","2"
"丈五尺九寸","1","1","2"
"左右二辕长","2","0","2"
"辕长二丈九","1","1","2"
"长二丈九尺","1","1","2"
"二丈九尺五","1","1","2"
"柱长六尺二","1","1","2"
"长六尺二寸","1","1","2"
"四周雕木沉","2","0","2"
"周雕木沉香","2","0","2"
"高五尺七寸","1","1","2"
"门旁红髹十","2","0","2"
"旁红髹十字","2","0","2"
"红髹十字槅","2","0","2"
"髹十字槅二","2","0","2"
"描金云龙板","2","0","2"
"雕沉香色描","2","0","2"
"二辕长四丈","2","0","2"
"长四丈三尺","1","1","2"
"辕长三丈六","1","1","2"
"长三丈六尺","1","1","2"
"三丈六尺五","1","1","2"
"丈六尺五寸","1","1","2"
"六尺五寸奇","2","0","2"
"亭高六尺五","1","1","2"
"高六尺五寸","1","1","2"
"五尺八寸奇","2","0","2"
"红髹坐椅一","2","0","2"
"辇顶高二尺","1","1","2"
"顶高二尺七","1","1","2"
"高二尺七寸","1","1","2"
"镀金铜宝珠","2","0","2"
"高一尺三寸","1","1","2"
"一尺三寸奇","2","0","2"
"四周施黄绮","2","0","2"
"四角镀金铜","2","0","2"
"角镀金铜云","2","0","2"
"亭内宝盖绣","1","1","2"
"字带转角阑","2","0","2"
"带转角阑干","2","0","2"
"雕木浑贴金","2","0","2"
"福寿板一褥","2","0","2"
"黄织金绮坐","2","0","2"
"顺天府官奉","1","1","2"
"耜穜稑种置","2","0","2"
"穜稑种置彩","2","0","2"
"稑种置彩舆","2","0","2"
"高一丈一尺","1","1","2"
"一丈一尺三","1","1","2"
"丈一尺三寸","1","1","2"
"一丈九尺六","1","1","2"
"丈九尺六寸","1","1","2"
"平盘左右垂","1","1","2"
"辂亭高五尺","2","0","2"
"亭高五尺八","1","1","2"
"四尺五寸奇","2","0","2"
"屏后红髹板","2","0","2"
"红福寿板一","1","1","2"
"边耀叶板七","2","0","2"
"耀叶板七十","2","0","2"
"叶板七十二","2","0","2"
"青地雕木五","2","0","2"
"地雕木五彩","2","0","2"
"五彩云鸾凤","1","1","2"
"彩云衬板七","2","0","2"
"云衬板七十","2","0","2"
"四角连辂座","2","0","2"
"角连辂座板","2","0","2"
"内嵌条环板","2","0","2"
"柱首雕木红","2","0","2"
"首雕木红莲","2","0","2"
"雕木红莲花","2","0","2"
"线金青绿装","2","0","2"
"金青绿装莲","2","0","2"
"青绿装莲花","2","0","2"
"绿装莲花抱","2","0","2"
"装莲花抱柱","2","0","2"
"高九尺七寸","1","1","2"
"长一丈六尺","1","1","2"
"一丈六尺七","1","1","2"
"丈六尺七寸","1","1","2"
"车亭高四尺","1","1","2"
"亭高四尺四","1","1","2"
"高四尺四寸","1","1","2"
"五彩花板十","1","1","2"
"彩花板十二","1","1","2"
"花板十二片","1","1","2"
"高三尺七寸","1","1","2"
"抹金铜宝珠","2","0","2"
"四角抹金铜","2","0","2"
"凤头下垂红","1","1","2"
"一丈二尺二","1","1","2"
"丈二尺二寸","1","1","2"
"辂座高三尺","2","0","2"
"五彩香草板","1","1","2"
"红毯红锦褥","1","1","2"
"毯红锦褥席","1","1","2"
"高二尺五寸","1","1","2"
"顶红线圆条","2","0","2"
"红线圆条四","2","0","2"
"顶心绣云龙","1","1","2"
"上施红绮沥","2","0","2"
"施红绮沥水","2","0","2"
"红绮沥水三","2","0","2"
"亭高五尺二","1","1","2"
"高五尺二寸","1","1","2"
"高二尺四寸","1","1","2"
"衬板六十三","1","1","2"
"定皇太孙婚","1","1","2"
"皇太孙婚礼","1","1","2"
"太孙婚礼仪","1","1","2"
"孙婚礼仪仗","1","1","2"
"三品上乘轿","2","0","2"
"事中周景所","1","1","2"
"文职大臣乘","1","1","2"
"职大臣乘轿","1","1","2"
"大臣乘安车","2","0","2"
"礼部侍郎刘","1","1","2"
"部侍郎刘机","1","1","2"
"定轿扇伞盖","1","1","2"
"轿扇伞盖品","1","1","2"
"扇伞盖品级","1","1","2"
"礼部尚书霍","1","1","2"
"部尚书霍韬","1","1","2"
"劾应城伯孙","1","1","2"
"应城伯孙文","1","1","2"
"城伯孙文栋","1","1","2"
"伯孙文栋等","1","1","2"
"孙文栋等乘","1","1","2"
"文栋等乘轿","1","1","2"
"少保黄淮陪","1","1","2"
"令京城内一","1","1","2"
"京城内一品","1","1","2"
"城内一品二","1","1","2"
"内一品二品","1","1","2"
"品红浮屠顶","2","0","2"
"〈革占〉油","2","0","2"
"革占〉油画","2","0","2"
"官民人等马","1","1","2"
"江南等处儒","1","1","2"
"南等处儒学","1","1","2"
"等处儒学提","1","1","2"
"处儒学提举","1","1","2"
"年二十五上","2","0","2"
"令司察举贤","2","0","2"
"司察举贤才","2","0","2"
"时中外大小","1","1","2"
"举文学才干","1","1","2"
"税户人才郑","1","1","2"
"户人才郑沂","1","1","2"
"明经张文通","1","1","2"
"儒士郑孔麟","1","1","2"
"贤良余应举","1","1","2"
"聪明张大亨","1","1","2"
"经明行修练","2","0","2"
"明行修练达","2","0","2"
"行修练达时","2","0","2"
"修练达时务","2","0","2"
"练达时务士","2","0","2"
"置翰林备顾","2","0","2"
"翰林备顾问","2","0","2"
"翰林院堂上","1","1","2"
"林院堂上官","1","1","2"
"院堂上官考","1","1","2"
"堂上官考试","1","1","2"
"奏崇仁儒士","1","1","2"
"广东举人陈","1","1","2"
"东举人陈献","1","1","2"
"举人陈献章","1","1","2"
"浙江儒士潘","1","1","2"
"江儒士潘辰","1","1","2"
"南直隶生员","1","1","2"
"直隶生员文","1","1","2"
"隶生员文征","1","1","2"
"生员文征明","1","1","2"
"永嘉儒士叶","1","1","2"
"嘉儒士叶幼","1","1","2"
"儒士叶幼学","1","1","2"
"翰林院待诏","1","1","2"
"湖广举人瞿","1","1","2"
"广举人瞿九","1","1","2"
"举人瞿九思","1","1","2"
"江西举人刘","1","1","2"
"西举人刘元","1","1","2"
"举人刘元卿","1","1","2"
"人刘元卿授","1","1","2"
"江西处士章","1","1","2"
"西处士章潢","1","1","2"
"授顺天府训","1","1","2"
"顺天府训导","1","1","2"
"直隶处士陈","1","1","2"
"隶处士陈继","1","1","2"
"处士陈继儒","1","1","2"
"四川举人杨","1","1","2"
"川举人杨思","1","1","2"
"举人杨思心","1","1","2"
"人杨思心等","1","1","2"
"布政使林符","1","1","2"
"罚米二百石","1","1","2"
"内阁大学士","1","1","2"
"吏部会同三","1","1","2"
"部会同三品","1","1","2"
"弘政门会选","1","1","2"
"防边兵备等","1","1","2"
"静宁等六十","1","1","2"
"宁等六十一","1","1","2"
"等六十一处","1","1","2"
"多额外添设","1","1","2"
"选员外郎倪","1","1","2"
"员外郎倪斯","1","1","2"
"外郎倪斯蕙","1","1","2"
"郎倪斯蕙条","1","1","2"
"尚书李戴拟","1","1","2"
"书李戴拟行","1","1","2"
"两京五部主","1","1","2"
"京五部主事","1","1","2"
"都察院协同","1","1","2"
"台省新旧人","1","1","2"
"省新旧人数","1","1","2"
"御史王象恒","1","1","2"
"臣受命供职","1","1","2"
"御史若干人","1","1","2"
"书闵洪学请","1","1","2"
"武十七年命","1","1","2"
"命天下朝觐","2","0","2"
"下朝觐官举","2","0","2"
"京官文职七","1","1","2"
"官文职七品","1","1","2"
"举所知一人","2","0","2"
"京官五品上","2","0","2"
"大学士杨溥","1","1","2"
"部奏请上裁","2","0","2"
"公张辅等言","2","0","2"
"事中林聪陈","1","1","2"
"御史李宾请","2","0","2"
"举方面郡守","2","0","2"
"年御史马文","1","1","2"
"升迁按察使","1","1","2"
"两京府部堂","1","1","2"
"京府部堂上","1","1","2"
"本衙门正官","1","1","2"
"耳目风纪司","2","0","2"
"按察司考核","1","1","2"
"布政司考核","1","1","2"
"布政司四品","1","1","2"
"盐运司五品","1","1","2"
"入流杂职官","2","0","2"
"田粮十五万","1","1","2"
"亲临王府都","1","1","2"
"四千一百一","1","1","2"
"千一百一十","1","1","2"
"称职者十一","2","0","2"
"次考未经考","2","0","2"
"考未经考核","2","0","2"
"定外官三年","2","0","2"
"部尚书朱守","1","1","2"
"尚书朱守仁","1","1","2"
"道按察司察","1","1","2"
"谕吏部尚书","1","1","2"
"尚书蹇义严","1","1","2"
"令侍郎叶盛","1","1","2"
"弘治六年考","1","1","2"
"一千一百三","1","1","2"
"年一次考察","1","1","2"
"两京五品下","2","0","2"
"京五品下官","2","0","2"
"武士训戒录","1","1","2"
"大诰武臣录","1","1","2"
"太祖时军职","1","1","2"
"勋戚驸马子","1","1","2"
"戚驸马子孙","1","1","2"
"守官奏带旧","1","1","2"
"科道会同兵","1","1","2"
"道会同兵部","1","1","2"
"都督府掌印","1","1","2"
"正副总兵官","1","1","2"
"锦衣卫管戎","1","1","2"
"衣卫管戎务","1","1","2"
"御史董希哲","1","1","2"
"朝列大夫澧","1","1","2"
"列大夫澧州","1","1","2"
"大夫澧州知","1","1","2"
"夫澧州知州","1","1","2"
"省司郎中宋","1","1","2"
"司郎中宋冕","1","1","2"
"亚中大夫黄","1","1","2"
"中大夫黄州","1","1","2"
"大夫黄州知","1","1","2"
"紫织成云凤","1","1","2"
"赤织成练鹊","1","1","2"
"武官应直守","2","0","2"
"官应直守卫","2","0","2"
"应直守卫者","2","0","2"
"未入流品者","2","0","2"
"展角长一尺","1","1","2"
"角长一尺二","1","1","2"
"朝觐官见辞","2","0","2"
"令文武官遇","1","1","2"
"十三年定制","2","0","2"
"令锦衣卫指","1","1","2"
"都督江彬等","1","1","2"
"燕居法服制","2","0","2"
"忠静冠服图","1","1","2"
"品上翰林院","2","0","2"
"学士罗复仁","1","1","2"
"南京织闪黄","1","1","2"
"武清侯李伟","1","1","2"
"主仪宾鈒花","2","0","2"
"仪宾鈒花金","2","0","2"
"宾鈒花金带","2","0","2"
"君仪宾光素","2","0","2"
"朱縠逯襈裾","2","0","2"
"珠翠蹙金霞","1","1","2"
"翠蹙金霞帔","1","1","2"
"金珠翠妆饰","2","0","2"
"云肩大杂花","1","1","2"
"生色画绢花","2","0","2"
"色画绢花妆","2","0","2"
"画绢花妆饰","2","0","2"
"珠翠花四朵","2","0","2"
"翠云喜花三","2","0","2"
"后鬓珠梭球","1","1","2"
"鬓珠梭球一","1","1","2"
"纻丝绫罗纱","2","0","2"
"丝绫罗纱随","2","0","2"
"霞帔上施蹙","2","0","2"
"帔上施蹙金","2","0","2"
"褙子上施金","2","0","2"
"子上施金绣","2","0","2"
"上施金绣云","2","0","2"
"施金绣云霞","2","0","2"
"特髻上金孔","2","0","2"
"髻上金孔雀","2","0","2"
"蹙金云霞孔","1","1","2"
"金云霞孔雀","1","1","2"
"金绣云霞孔","2","0","2"
"褙子上施云","2","0","2"
"子上施云霞","2","0","2"
"翠佛面环一","1","1","2"
"银镀金练鹊","2","0","2"
"镀金练鹊四","1","1","2"
"镀金练鹊一","1","1","2"
"金银练鹊三","2","0","2"
"金银练鹊二","2","0","2"
"绣摘枝团花","2","0","2"
"小珠庆云冠","2","0","2"
"银间镀金银","2","0","2"
"间镀金银练","2","0","2"
"镀金脑梳一","1","1","2"
"定命妇团衫","1","1","2"
"公侯伯夫人","1","1","2"
"上带金宝钿","2","0","2"
"带金宝钿花","2","0","2"
"金宝钿花八","2","0","2"
"口衔珠结二","2","0","2"
"冠抹金银事","2","0","2"
"抹金银事件","2","0","2"
"上带抹金银","2","0","2"
"带抹金银宝","2","0","2"
"抹金银宝钿","2","0","2"
"金银宝钿花","2","0","2"
"银宝钿花八","2","0","2"
"抹金银翟二","2","0","2"
"口衔珠结子","2","0","2"
"衔珠结子二","2","0","2"
"珠月桂开头","1","1","2"
"山松特髻子","1","1","2"
"令文武官父","1","1","2"
"洪武三年谕","1","1","2"
"戴乌纱小顶","1","1","2"
"乌纱小顶帽","1","1","2"
"武一品官所","1","1","2"
"侍仪舍人导","1","1","2"
"缕金额交脚","1","1","2"
"金额交脚幞","1","1","2"
"额交脚幞头","1","1","2"
"大象牙雕花","1","1","2"
"象牙雕花环","1","1","2"
"人戴四方平","1","1","2"
"戴四方平定","1","1","2"
"复回肘三寸","2","0","2"
"许戴遮阳帽","1","1","2"
"万历二年禁","1","1","2"
"令男女衣服","1","1","2"
"皮札〈革翁","2","0","2"
"札〈革翁〉","2","0","2"
"牛皮直缝靴","1","1","2"
"令民间妇人","1","1","2"
"中华一统巾","1","1","2"
"白绢大口袴","2","0","2"
"青罗生色画","2","0","2"
"白生绢衬衫","1","1","2"
"红罗销金大","2","0","2"
"罗销金汗袴","2","0","2"
"蓝青罗销金","2","0","2"
"绿云头皂靴","2","0","2"
"红销金头绳","2","0","2"
"红罗销金抹","2","0","2"
"罗销金抹额","2","0","2"
"罗生色画花","2","0","2"
"生色画花大","2","0","2"
"色画花大袖","2","0","2"
"十字泥金数","1","1","2"
"字泥金数珠","1","1","2"
"织金短袄子","1","1","2"
"诸色细摺袄","2","0","2"
"色细摺袄子","2","0","2"
"白销金汗袴","2","0","2"
"红绿绢束腰","1","1","2"
"罗销金胸背","2","0","2"
"销金胸背袄","2","0","2"
"高丽舞四人","1","1","2"
"琉球舞四人","1","1","2"
"罗大袖袄子","1","1","2"
"北番舞四人","1","1","2"
"伍鲁速回回","1","1","2"
"鲁速回回舞","1","1","2"
"速回回舞四","1","1","2"
"回回舞四人","1","1","2"
"里罕棉布花","1","1","2"
"罕棉布花手","1","1","2"
"皂皮四缝靴","2","0","2"
"生绢大袖袍","1","1","2"
"上加描金蝉","2","0","2"
"缠枝方葵花","1","1","2"
"宫供奉女乐","1","1","2"
"奉銮等官妻","1","1","2"
"大红罗销金","2","0","2"
"罗销金裙袄","1","1","2"
"乐女生冠服","2","0","2"
"教坊司冠服","1","1","2"
"罗胸背小袖","1","1","2"
"胸背小袖袍","1","1","2"
"丝彩画百花","1","1","2"
"彩画百花袍","1","1","2"
"胸背大袖袍","1","1","2"
"武十五年定","2","0","2"
"红绢彩画胸","1","1","2"
"定旗手卫军","1","1","2"
"旗手卫军士","1","1","2"
"赐琉球中山","1","1","2"
"朝鲜国王李","1","1","2"
"赐五梁冠服","1","1","2"
"绦浅红袈裟","2","0","2"
"监察御史一","1","1","2"
"察御史一百","1","1","2"
"云南十一人","1","1","2"
"天子耳目风","1","1","2"
"子耳目风纪","1","1","2"
"察纠内外百","1","1","2"
"纠内外百司","1","1","2"
"察院衙门分","1","1","2"
"院衙门分属","1","1","2"
"衙门分属河","1","1","2"
"门分属河南","1","1","2"
"分属河南道","1","1","2"
"察院监察御","1","1","2"
"院监察御史","1","1","2"
"洪武九年汰","2","0","2"
"遣监察御史","1","1","2"
"监察御史巡","1","1","2"
"察御史巡按","1","1","2"
"设监察都御","1","1","2"
"监察都御史","1","1","2"
"察都御史八","1","1","2"
"都御史八人","1","1","2"
"副都御史袁","1","1","2"
"御史袁泰言","2","0","2"
"铸监察御史","1","1","2"
"曰巡按处监","2","0","2"
"巡按处监察","2","0","2"
"按处监察御","2","0","2"
"副都御史三","1","1","2"
"右都御史三","1","1","2"
"置京畿都漕","1","1","2"
"畿都漕运司","1","1","2"
"设漕运总兵","1","1","2"
"辽东三巡抚","1","1","2"
"御史巡抚宣","1","1","2"
"史巡抚宣大","1","1","2"
"遣重臣总督","1","1","2"
"重臣总督陕","1","1","2"
"臣总督陕西","1","1","2"
"初称提督军","1","1","2"
"称提督军务","1","1","2"
"正德五年设","1","1","2"
"崇祯八年设","1","1","2"
"命都御史巡","2","0","2"
"泉海道地方","1","1","2"
"设浙江巡抚","1","1","2"
"福宁海道都","1","1","2"
"宁海道都御","1","1","2"
"海道都御史","1","1","2"
"始专设都御","1","1","2"
"专设都御史","1","1","2"
"居庸关中分","1","1","2"
"提督山海军","1","1","2"
"督山海军务","1","1","2"
"正统元年设","1","1","2"
"另设大同巡","1","1","2"
"设大同巡抚","1","1","2"
"都御史镇抚","1","1","2"
"设巡抚镇守","1","1","2"
"崇祯十年设","1","1","2"
"天启二年后","1","1","2"
"遣都御史安","1","1","2"
"都御史安抚","1","1","2"
"都察院等衙","1","1","2"
"察院等衙门","1","1","2"
"事关机密重","1","1","2"
"关机密重大","1","1","2"
"置通政使司","1","1","2"
"殿廷仪礼司","1","1","2"
"置提督誊黄","1","1","2"
"提督誊黄右","1","1","2"
"督誊黄右通","1","1","2"
"誊黄右通政","1","1","2"
"录武官黄卫","1","1","2"
"武官黄卫所","1","1","2"
"三布政司刑","1","1","2"
"布政司刑名","2","0","2"
"军断事官所","1","1","2"
"未经本寺评","1","1","2"
"置大理司卿","1","1","2"
"少詹事二人","1","1","2"
"通事舍人二","1","1","2"
"事舍人二人","1","1","2"
"左清纪郎一","1","1","2"
"清纪郎一人","1","1","2"
"左司谏二人","1","1","2"
"太子上奏请","1","1","2"
"凡启事东宫","2","0","2"
"皆勋旧大臣","2","0","2"
"定司经局官","1","1","2"
"按詹事府多","1","1","2"
"翰林官迁转","1","1","2"
"编纂六曹章","2","0","2"
"纂六曹章奏","2","0","2"
"纂修著作书","1","1","2"
"读书翰林院","2","0","2"
"学士一人教","1","1","2"
"置学士承旨","1","1","2"
"典籍同左春","1","1","2"
"籍同左春坊","1","1","2"
"同左春坊左","1","1","2"
"坊左司直郎","1","1","2"
"平驳诸司文","1","1","2"
"驳诸司文章","1","1","2"
"诸司文章事","1","1","2"
"等直文渊阁","2","0","2"
"杨士奇等加","1","1","2"
"翰林院落成","1","1","2"
"学士钱习礼","1","1","2"
"习礼设杨士","2","0","2"
"礼设杨士奇","2","0","2"
"吏部两侍郎","1","1","2"
"部两侍郎必","1","1","2"
"庶吉士留馆","1","1","2"
"改御史胡经","1","1","2"
"员外郎陈束","1","1","2"
"承敕监等近","1","1","2"
"敕监等近侍","1","1","2"
"始命学士教","1","1","2"
"礼二部侍郎","1","1","2"
"二部侍郎二","1","1","2"
"部侍郎二人","1","1","2"
"助教十五人","1","1","2"
"季呈翰林院","1","1","2"
"呈翰林院考","1","1","2"
"讲说经义文","1","1","2"
"说经义文字","1","1","2"
"孔希学袭封","1","1","2"
"孟三家子孙","1","1","2"
"三家子孙徭","1","1","2"
"家子孙徭役","1","1","2"
"凡圣贤子孙","2","0","2"
"加一品金织","1","1","2"
"一品金织衣","1","1","2"
"儒子孙聪明","1","1","2"
"子孙聪明俊","1","1","2"
"孙聪明俊秀","1","1","2"
"孟三氏学印","1","1","2"
"学士陶安请","1","1","2"
"间施三玉环","2","0","2"
"长二尺四寸","1","1","2"
"长三尺三寸","1","1","2"
"大带素表朱","2","0","2"
"带素表朱里","2","0","2"
"玉圭长一尺","1","1","2"
"织黻文十三","2","0","2"
"瑑饰云龙文","2","0","2"
"饰云龙文描","2","0","2"
"云龙文描金","2","0","2"
"袜舄皆赤色","2","0","2"
"衣裳分上下","1","1","2"
"裳分上下服","1","1","2"
"日月径五寸","2","0","2"
"杨一清等详","1","1","2"
"皮弁乌纱冒","2","0","2"
"缝缀五采玉","2","0","2"
"缝冠武贯簪","2","0","2"
"冠武贯簪系","2","0","2"
"武贯簪系缨","2","0","2"
"贯簪系缨处","2","0","2"
"示十三布政","1","1","2"
"十三布政使","1","1","2"
"三布政使司","1","1","2"
"载皇太孙冠","1","1","2"
"皇太孙冠礼","1","1","2"
"掌冠跪加网","1","1","2"
"冠跪加网巾","1","1","2"
"寓深宫独处","1","1","2"
"饰九龙四凤","1","1","2"
"五色十二等","1","1","2"
"大带随衣色","2","0","2"
"珠翠云四十","2","0","2"
"上饰珠宝钿","2","0","2"
"饰珠宝钿花","2","0","2"
"里金口圈一","1","1","2"
"金口圈一副","1","1","2"
"珠翠面花五","2","0","2"
"翠面花五事","2","0","2"
"珠排环一对","2","0","2"
"皂罗额子一","2","0","2"
"垂织金云龙","1","1","2"
"红大袖衣霞","1","1","2"
"大袖衣霞帔","1","1","2"
"珠翠穰花鬓","2","0","2"
"翠云二十一","1","1","2"
"金宝钿花九","2","0","2"
"绣铺翠圈金","2","0","2"
"织金采色云","2","0","2"
"金采色云龙","2","0","2"
"采色云龙文","2","0","2"
"金垂头花瓣","1","1","2"
"垂头花瓣四","1","1","2"
"金方心云板","1","1","2"
"方心云板一","1","1","2"
"金长头花四","1","1","2"
"缀白玉云朵","1","1","2"
"白玉云朵五","1","1","2"
"内命妇冠服","2","0","2"
"四凤花钗九","1","1","2"
"纳妃服衮冕","2","0","2"
"织黻文十一","2","0","2"
"小绶四采副","2","0","2"
"九翚四凤冠","2","0","2"
"饰宝珠一座","1","1","2"
"圭长九寸二","1","1","2"
"长九寸二分","1","1","2"
"九寸二分五","1","1","2"
"寸二分五厘","1","1","2"
"前后方龙补","1","1","2"
"贯三采玉珠","2","0","2"
"缝缀三采玉","2","0","2"
"嘉靖七年定","2","0","2"
"靖七年定保","2","0","2"
"七年定保冠","2","0","2"
"年定保冠服","2","0","2"
"馀亲王世子","2","0","2"
"服亲王世子","2","0","2"
"亲王世子妃","1","1","2"
"珠翠五翟冠","2","0","2"
"大红纻丝大","2","0","2"
"红纻丝大衫","2","0","2"
"深青纻丝金","2","0","2"
"青纻丝金绣","2","0","2"
"将军夫人同","2","0","2"
"抹金银坠头","2","0","2"
"常服红织金","2","0","2"
"金绣鸳鸯文","2","0","2"
"奉国中尉安","1","1","2"
"国中尉安人","1","1","2"
"惟大衫丹矾","2","0","2"
"大衫丹矾红","2","0","2"
"霞帔金绣练","2","0","2"
"帔金绣练鹊","2","0","2"
"金绣练鹊文","2","0","2"
"二百七十年","1","1","2"
"百七十年间","1","1","2"
"县学诸生入","2","0","2"
"学诸生入国","2","0","2"
"举人赵惟一","1","1","2"
"人赵惟一等","1","1","2"
"置红仓二十","1","1","2"
"告本班教官","1","1","2"
"任亨泰廷对","1","1","2"
"进士题名碑","1","1","2"
"天下按察司","1","1","2"
"下按察司选","1","1","2"
"县学岁贡生","1","1","2"
"学岁贡生员","1","1","2"
"翰林考试经","1","1","2"
"虑武臣子弟","1","1","2"
"命大都督府","1","1","2"
"大都督府选","1","1","2"
"命韩国公李","2","0","2"
"公李善长等","1","1","2"
"文理俱优者","2","0","2"
"试本经义一","1","1","2"
"等六十四人","1","1","2"
"齐相府录事","1","1","2"
"国子生林伯","1","1","2"
"子生林伯云","1","1","2"
"生林伯云等","1","1","2"
"林伯云等三","1","1","2"
"伯云等三百","1","1","2"
"云等三百六","1","1","2"
"等三百六十","1","1","2"
"三百六十六","1","1","2"
"百六十六人","1","1","2"
"六十六人分","1","1","2"
"荐举人才参","1","1","2"
"南北祭酒陈","1","1","2"
"北祭酒陈敬","1","1","2"
"祭酒陈敬宗","1","1","2"
"令翰林院录","1","1","2"
"副榜举人龙","1","1","2"
"榜举人龙文","1","1","2"
"举人龙文等","1","1","2"
"人龙文等二","1","1","2"
"龙文等二十","1","1","2"
"文等二十四","1","1","2"
"御史万节请","1","1","2"
"学岁贡一人","1","1","2"
"定府学岁二","2","0","2"
"府学岁二人","2","0","2"
"州学二岁三","2","0","2"
"学二岁三人","2","0","2"
"县学岁一人","2","0","2"
"祭酒程文德","1","1","2"
"酒程文德请","1","1","2"
"南京祭酒潘","1","1","2"
"京祭酒潘晟","1","1","2"
"前代任子制","1","1","2"
"皆荫一子世","2","0","2"
"荫一子世禄","2","0","2"
"政绩显著者","1","1","2"
"时内阁吕原","1","1","2"
"授尚宝司丞","2","0","2"
"德十六年定","2","0","2"
"中书舍人习","1","1","2"
"书舍人习字","1","1","2"
"英等五人成","1","1","2"
"等五人成进","1","1","2"
"五人成进士","1","1","2"
"六科办事监","1","1","2"
"科办事监生","1","1","2"
"办事监生二","1","1","2"
"事监生二十","1","1","2"
"监生二十人","1","1","2"
"监生三百八","1","1","2"
"生三百八十","1","1","2"
"三百八十人","1","1","2"
"李时勉先后","1","1","2"
"时勉先后题","1","1","2"
"勉先后题请","1","1","2"
"尚书倪岳覆","1","1","2"
"书倪岳覆奏","1","1","2"
"使诸生坐监","1","1","2"
"提学御史胡","1","1","2"
"学御史胡时","1","1","2"
"御史胡时善","1","1","2"
"司业倪嘉善","1","1","2"
"随御史刷卷","1","1","2"
"御史刷卷一","1","1","2"
"史刷卷一百","1","1","2"
"刷卷一百七","1","1","2"
"卷一百七十","1","1","2"
"百七十八名","1","1","2"
"工部清匠六","1","1","2"
"部清匠六十","1","1","2"
"清匠六十名","1","1","2"
"教官四千二","1","1","2"
"官四千二百","1","1","2"
"太祖初建国","1","1","2"
"禁例十二条","1","1","2"
"府学六十人","1","1","2"
"军生八十人","1","1","2"
"军生六十人","1","1","2"
"军生四十人","1","1","2"
"儒学军生二","1","1","2"
"学军生二十","1","1","2"
"军生二十人","1","1","2"
"提学官岁试","2","0","2"
"司府州县官","2","0","2"
"赐敕谕十八","1","1","2"
"敕谕十八条","1","1","2"
"属分巡道员","1","1","2"
"属江北巡按","1","1","2"
"湖广分南北","1","1","2"
"转送巡按御","1","1","2"
"送巡按御史","1","1","2"
"生员入学十","1","1","2"
"员入学十年","1","1","2"
"居丧娶妻妾","1","1","2"
"文字纯正典","1","1","2"
"字纯正典雅","1","1","2"
"宗室中推举","1","1","2"
"室中推举一","1","1","2"
"中推举一人","1","1","2"
"县建立社学","1","1","2"
"民间幼童十","1","1","2"
"间幼童十五","1","1","2"
"大宁等卫儒","1","1","2"
"宁等卫儒学","1","1","2"
"骁勇都指挥","1","1","2"
"勇都指挥等","1","1","2"
"指挥等官五","1","1","2"
"挥等官五十","1","1","2"
"等官五十一","1","1","2"
"两京建武学","1","1","2"
"提学官选送","1","1","2"
"终考试入学","1","1","2"
"大小武官子","1","1","2"
"小武官子弟","1","1","2"
"都指挥执弟","1","1","2"
"指挥执弟子","1","1","2"
"分大都督府","1","1","2"
"大都督府五","2","0","2"
"杨士奇等参","1","1","2"
"户部夏原吉","1","1","2"
"宗人令一人","1","1","2"
"殿大学士杨","1","1","2"
"戚文武大臣","1","1","2"
"文武大臣加","1","1","2"
"武大臣加官","1","1","2"
"虑太子监国","1","1","2"
"学士一人撰","1","1","2"
"士一人撰文","1","1","2"
"儒士王本等","1","1","2"
"六部承奉意","1","1","2"
"部承奉意旨","1","1","2"
"岁贡就教选","1","1","2"
"举人乞恩选","1","1","2"
"非社稷军功","1","1","2"
"封号非特旨","1","1","2"
"十二月贴黄","1","1","2"
"寻增侍郎一","2","0","2"
"改六部尚书","1","1","2"
"云南十三清","1","1","2"
"南十三清吏","1","1","2"
"北直隶府州","1","1","2"
"精膳四清吏","1","1","2"
"膳四清吏司","1","1","2"
"赐衍圣公三","1","1","2"
"衍圣公三台","1","1","2"
"圣公三台银","1","1","2"
"公三台银印","1","1","2"
"方二寸九分","2","0","2"
"厚五分五厘","1","1","2"
"方二寸五分","2","0","2"
"方一寸五分","2","0","2"
"乡饮酒礼教","1","1","2"
"四夷馆译字","1","1","2"
"夷馆译字生","1","1","2"
"武选司员外","1","1","2"
"选司员外郎","1","1","2"
"增设职方司","1","1","2"
"设职方司员","1","1","2"
"职方司员外","1","1","2"
"方司员外郎","1","1","2"
"试经史时务","1","1","2"
"经史时务策","1","1","2"
"史时务策五","1","1","2"
"状元授修撰","1","1","2"
"探花授编修","1","1","2"
"三甲考选庶","1","1","2"
"甲考选庶吉","1","1","2"
"一百二十名","1","1","2"
"帝亲制策问","2","0","2"
"午门外张挂","1","1","2"
"门外张挂黄","1","1","2"
"外张挂黄榜","1","1","2"
"年少俊异者","2","0","2"
"秘书监直长","1","1","2"
"令入禁中文","2","0","2"
"入禁中文华","2","0","2"
"禁中文华堂","2","0","2"
"中文华堂肄","2","0","2"
"文华堂肄业","2","0","2"
"太子赞善大","1","1","2"
"子赞善大夫","1","1","2"
"赞善大夫宋","1","1","2"
"善大夫宋濂","1","1","2"
"大夫宋濂等","1","1","2"
"一甲进士丁","1","1","2"
"甲进士丁显","1","1","2"
"进士丁显等","1","1","2"
"二甲马京等","1","1","2"
"承敕监等衙","1","1","2"
"敕监等衙门","1","1","2"
"大理寺等衙","1","1","2"
"理寺等衙门","1","1","2"
"洪熙元年始","2","0","2"
"江西六十五","1","1","2"
"西六十五名","1","1","2"
"云南二十名","1","1","2"
"一百三十馀","2","0","2"
"二百五十名","1","1","2"
"三百五十名","1","1","2"
"考官刘三吾","1","1","2"
"信蹈所取宋","1","1","2"
"蹈所取宋琮","1","1","2"
"所取宋琮等","1","1","2"
"取宋琮等五","1","1","2"
"宋琮等五十","1","1","2"
"琮等五十二","1","1","2"
"等五十二人","1","1","2"
"侍读张信等","1","1","2"
"读张信等十","1","1","2"
"张信等十二","1","1","2"
"信等十二人","1","1","2"
"取任伯安等","1","1","2"
"任伯安等六","1","1","2"
"伯安等六十","1","1","2"
"安等六十一","1","1","2"
"等六十一人","1","1","2"
"取五十五名","1","1","2"
"取三十五名","1","1","2"
"遵永乐间例","2","0","2"
"刑部侍郎罗","1","1","2"
"部侍郎罗绮","1","1","2"
"臣等奉诏书","1","1","2"
"事中徐廷章","1","1","2"
"布政使潘稹","1","1","2"
"取一百五十","1","1","2"
"一百五十名","1","1","2"
"御史许进请","1","1","2"
"御史方面所","1","1","2"
"监临官礼节","1","1","2"
"事中万虞恺","1","1","2"
"议两京同考","1","1","2"
"尚书胡濙请","2","0","2"
"讲读十一人","1","1","2"
"事中余懋孳","1","1","2"
"翰林十二人","1","1","2"
"一甲三人曾","1","1","2"
"周孟简等官","1","1","2"
"择文学优等","1","1","2"
"杨相等五十","1","1","2"
"相等五十人","1","1","2"
"汤流等十人","1","1","2"
"学士解缙等","1","1","2"
"相等共二十","1","1","2"
"等共二十八","1","1","2"
"共二十八人","1","1","2"
"应二十八宿","1","1","2"
"庶吉士周忱","1","1","2"
"使内臣随行","1","1","2"
"大学士徐溥","1","1","2"
"定纂修专选","1","1","2"
"纂修专选进","1","1","2"
"修专选进士","1","1","2"
"北礼部尚书","1","1","2"
"代宰辅一百","1","1","2"
"宰辅一百七","1","1","2"
"辅一百七十","1","1","2"
"黄中居二甲","1","1","2"
"慎廷试第一","1","1","2"
"二十三年廷","1","1","2"
"十三年廷试","1","1","2"
"劾会试考官","1","1","2"
"会试考官少","1","1","2"
"试考官少詹","1","1","2"
"考官少詹事","1","1","2"
"官少詹事江","1","1","2"
"顺天乡试考","1","1","2"
"天乡试考官","1","1","2"
"乡试考官秦","1","1","2"
"甲第二人第","2","0","2"
"右庶子黄洪","1","1","2"
"子黄洪宪主","1","1","2"
"王锡爵子衡","2","0","2"
"劾举人李鸿","1","1","2"
"举人李鸿等","1","1","2"
"刑部主事饶","1","1","2"
"部主事饶伸","1","1","2"
"主考官张位","1","1","2"
"二十九年一","1","1","2"
"事中华昶劾","2","0","2"
"中华昶劾敏","2","0","2"
"华昶劾敏政","2","0","2"
"昶劾敏政鬻","2","0","2"
"劾敏政鬻题","2","0","2"
"尚书严嵩连","1","1","2"
"广东巡按御","1","1","2"
"应天主考中","1","1","2"
"天主考中允","1","1","2"
"顺天主考高","1","1","2"
"天主考高汝","1","1","2"
"主考高汝愚","1","1","2"
"党吏部侍郎","1","1","2"
"部侍郎王篆","1","1","2"
"三十八年会","1","1","2"
"庶子汤宾尹","1","1","2"
"四十四年会","1","1","2"
"江西主考丁","1","1","2"
"中允钱谦益","1","1","2"
"所取举人钱","1","1","2"
"取举人钱千","1","1","2"
"举人钱千秋","1","1","2"
"宣德五年庚","1","1","2"
"德五年庚戌","1","1","2"
"统七年壬戌","1","1","2"
"刑部吏南昱","1","1","2"
"公陵驿丞郑","1","1","2"
"陵驿丞郑温","1","1","2"
"十三年户部","1","1","2"
"三年户部侍","1","1","2"
"年户部侍郎","1","1","2"
"天顺元年丁","1","1","2"
"顺元年丁丑","1","1","2"
"卷左都御史","1","1","2"
"年甲申三月","1","1","2"
"御西角门策","2","0","2"
"正德三年戊","1","1","2"
"德三年戊辰","1","1","2"
"太监刘瑾录","1","1","2"
"五十人姓名","1","1","2"
"十五年庚辰","1","1","2"
"嘉靖八年己","1","1","2"
"靖八年己丑","1","1","2"
"一甲罗洪先","1","1","2"
"任瀚六人对","1","1","2"
"瀚六人对策","1","1","2"
"胡经等共二","1","1","2"
"经等共二十","1","1","2"
"等共二十人","1","1","2"
"大臣徇私选","1","1","2"
"臣徇私选取","1","1","2"
"十一年壬辰","1","1","2"
"十四年乙未","1","1","2"
"十二人对策","1","1","2"
"二十年辛丑","1","1","2"
"选庶吉士题","1","1","2"
"四十四年乙","1","1","2"
"十四年乙丑","1","1","2"
"四年乙丑廷","1","1","2"
"年乙丑廷试","1","1","2"
"礼部尚书顾","1","1","2"
"部尚书顾秉","1","1","2"
"知贡举礼部","1","1","2"
"贡举礼部侍","1","1","2"
"礼部侍郎林","1","1","2"
"部侍郎林钎","1","1","2"
"举人颜茂猷","1","1","2"
"人颜茂猷文","1","1","2"
"试录第一名","1","1","2"
"令天下文武","1","1","2"
"天下文武官","1","1","2"
"举通晓兵法","1","1","2"
"按御史考试","1","1","2"
"改定三年一","1","1","2"
"年四月会试","1","1","2"
"陕西巡抚熊","1","1","2"
"部尚书傅瀚","1","1","2"
"红纻丝衬里","2","0","2"
"依周尺方五","2","0","2"
"周尺方五寸","2","0","2"
"厚一寸七分","1","1","2"
"中箧金鈒蟠","2","0","2"
"镀金银册二","1","1","2"
"金银册二片","1","1","2"
"册盝饰浑金","2","0","2"
"金沥粉蟠凤","1","1","2"
"杀皇妃五分","2","0","2"
"皇妃五分一","2","0","2"
"高一尺二寸","1","1","2"
"红罗销金袱","2","0","2"
"金沥粉云凤","1","1","2"
"二十八年更","2","0","2"
"十八年更定","2","0","2"
"方五寸二分","2","0","2"
"金沥粉蟠螭","1","1","2"
"浑金沥粉盘","1","1","2"
"金沥粉盘凤","1","1","2"
"广一尺六寸","2","0","2"
"一尺六寸五","1","1","2"
"尺六寸五分","1","1","2"
"高九寸五分","1","1","2"
"广一尺五寸","2","0","2"
"一尺五寸五","1","1","2"
"尺五寸五分","1","1","2"
"高八寸五分","1","1","2"
"景泰三年赐","1","1","2"
"厚四分五厘","1","1","2"
"兵部尚书征","1","1","2"
"挂平蛮将军","1","1","2"
"守院御史掌","1","1","2"
"安南镀金银","1","1","2"
"南镀金银印","1","1","2"
"占城镀金银","1","1","2"
"城镀金银印","1","1","2"
"巡抚诸官奏","1","1","2"
"抚诸官奏请","1","1","2"
"处镇守总兵","1","1","2"
"凡军机文书","2","0","2"
"中书省同都","1","1","2"
"书省同都督","1","1","2"
"省同都督府","1","1","2"
"洪武四年所","1","1","2"
"武四年所造","1","1","2"
"千户佩镀金","1","1","2"
"户佩镀金银","1","1","2"
"佩镀金银牌","1","1","2"
"独龙蟠云花","1","1","2"
"伏虎盘云花","1","1","2"
"狮子蟠云花","1","1","2"
"铸凡守卫官","1","1","2"
"凡守卫官军","1","1","2"
"守卫官军悬","1","1","2"
"卫官军悬带","1","1","2"
"牌等二十四","1","1","2"
"等二十四字","1","1","2"
"金吾等卫指","1","1","2"
"吾等卫指挥","1","1","2"
"金吾等卫守","1","1","2"
"吾等卫守卫","1","1","2"
"等卫守卫官","1","1","2"
"守卫指挥所","1","1","2"
"西北字号牌","1","1","2"
"佩双鱼铜牌","1","1","2"
"门印信关防","1","1","2"
"府印绶监收","1","1","2"
"靖十八年南","2","0","2"
"陪祀供事官","1","1","2"
"文武朝参官","1","1","2"
"内府供事匠","1","1","2"
"府供事匠作","1","1","2"
"事中陈邦修","1","1","2"
"制丹漆架一","1","1","2"
"节柄长三尺","1","1","2"
"奉天殿后曰","2","0","2"
"天殿后曰华","2","0","2"
"殿后曰华盖","2","0","2"
"奉天门外两","1","1","2"
"顺门外殿曰","2","0","2"
"皇帝斋戒时","1","1","2"
"千六百三十","1","1","2"
"八千三百五","1","1","2"
"千三百五十","1","1","2"
"太社稷坛南","1","1","2"
"皇城内宫城","1","1","2"
"城内宫城外","1","1","2"
"皇城东南建","1","1","2"
"东安门外东","1","1","2"
"安门外东南","1","1","2"
"门外东南建","1","1","2"
"外东南建十","1","1","2"
"东南建十王","1","1","2"
"南建十王街","1","1","2"
"重建奉天门","1","1","2"
"垦西苑隙地","2","0","2"
"西苑隙地田","2","0","2"
"西苑河东亭","1","1","2"
"苑河东亭榭","1","1","2"
"西苑门外二","1","1","2"
"苑门外二亭","1","1","2"
"城高二丈九","1","1","2"
"基高六尺九","1","1","2"
"定亲王所居","1","1","2"
"定亲王宫殿","1","1","2"
"青色琉璃瓦","1","1","2"
"百三十八间","1","1","2"
"宫门两厢等","1","1","2"
"官员营造房","1","1","2"
"员营造房屋","1","1","2"
"留空地十丈","1","1","2"
"宅前后左右","1","1","2"
"前后左右多","1","1","2"
"造九五间数","1","1","2"
"木器许朱红","2","0","2"
"神授药一丸","1","1","2"
"刘福通奉韩","1","1","2"
"福通奉韩山","1","1","2"
"通奉韩山童","1","1","2"
"奉韩山童假","1","1","2"
"定远人郭子","1","1","2"
"远人郭子兴","1","1","2"
"太祖时年二","1","1","2"
"祖时年二十","1","1","2"
"元将贾鲁围","1","1","2"
"将贾鲁围濠","1","1","2"
"驴牌寨民兵","1","1","2"
"牌寨民兵三","1","1","2"
"寨民兵三千","1","1","2"
"夜袭元将张","1","1","2"
"袭元将张知","1","1","2"
"元将张知院","1","1","2"
"道遇定远人","1","1","2"
"遇定远人李","1","1","2"
"定远人李善","1","1","2"
"远人李善长","1","1","2"
"枢密副使绊","1","1","2"
"密副使绊住","1","1","2"
"副使绊住马","1","1","2"
"民兵元帅陈","1","1","2"
"子兴子天叙","2","0","2"
"兴子天叙都","2","0","2"
"子天叙都元","2","0","2"
"左右副元帅","1","1","2"
"年号令军中","2","0","2"
"牛渚前临大","1","1","2"
"渚前临大江","1","1","2"
"总管靳义赴","1","1","2"
"管靳义赴水","1","1","2"
"时太平四面","1","1","2"
"右丞阿鲁灰","1","1","2"
"蛮子海牙等","1","1","2"
"太祖遣徐达","1","1","2"
"阿鲁灰等引","1","1","2"
"二人皆战死","1","1","2"
"子兴部将尽","1","1","2"
"兴部将尽归","1","1","2"
"部将尽归太","1","1","2"
"将尽归太祖","1","1","2"
"众三万六千","1","1","2"
"骁健者五百","1","1","2"
"健者五百人","1","1","2"
"者五百人入","1","1","2"
"五百人入卫","1","1","2"
"解甲酣寝达","1","1","2"
"甲酣寝达旦","1","1","2"
"元御史大夫","1","1","2"
"杨宪等十余","1","1","2"
"宪等十余人","1","1","2"
"葬御史大夫","1","1","2"
"徐达攻镇江","2","0","2"
"胡大海克徽","2","0","2"
"大海克徽州","2","0","2"
"福通遣将分","1","1","2"
"胡大海攻婺","1","1","2"
"大海攻婺州","1","1","2"
"石抹宜孙遣","1","1","2"
"抹宜孙遣将","1","1","2"
"宜孙遣将率","1","1","2"
"孙遣将率车","1","1","2"
"遣将率车师","1","1","2"
"命胡德济迎","1","1","2"
"胡德济迎战","1","1","2"
"许元等十三","1","1","2"
"元等十三人","1","1","2"
"遣使招谕方","1","1","2"
"使招谕方国","1","1","2"
"招谕方国珍","1","1","2"
"春正月乙巳","2","0","2"
"太祖谋取浙","1","1","2"
"祖谋取浙东","1","1","2"
"宁越知府王","1","1","2"
"越知府王宗","1","1","2"
"方国珍行省","1","1","2"
"国珍行省平","1","1","2"
"珍行省平章","1","1","2"
"守将朱文逊","1","1","2"
"督军卢龙山","1","1","2"
"败石抹宜孙","1","1","2"
"十一年春二","1","1","2"
"一年春二月","1","1","2"
"年春二月甲","2","0","2"
"元平章察罕","2","0","2"
"时察罕平山","1","1","2"
"察罕平山东","1","1","2"
"除陈氏苛政","1","1","2"
"降人蒋英杀","1","1","2"
"金华守将胡","1","1","2"
"华守将胡大","1","1","2"
"英叛降张士","1","1","2"
"杀行枢密院","1","1","2"
"枢密院判耿","1","1","2"
"政赵继祖谋","2","0","2"
"尚书张昶航","1","1","2"
"书张昶航海","1","1","2"
"授太祖江西","1","1","2"
"太祖江西行","1","1","2"
"祖江西行省","1","1","2"
"察罕子扩廓","1","1","2"
"罕子扩廓帖","1","1","2"
"子扩廓帖木","1","1","2"
"将士屯田积","1","1","2"
"诸全守将谢","1","1","2"
"知府朱叔华","1","1","2"
"同知赵天麟","1","1","2"
"信州兵守武","1","1","2"
"州兵守武阳","1","1","2"
"兵守武阳渡","1","1","2"
"友谅闻太祖","2","0","2"
"楼橹高十余","1","1","2"
"橹高十余丈","1","1","2"
"纵火焚友谅","2","0","2"
"火焚友谅舟","2","0","2"
"焚溺死者算","2","0","2"
"太祖移军扼","1","1","2"
"友谅退保渚","1","1","2"
"谅退保渚矶","1","1","2"
"友谅乘虚直","1","1","2"
"谅乘虚直捣","1","1","2"
"乘虚直捣应","1","1","2"
"虚直捣应天","1","1","2"
"常遇春留督","1","1","2"
"李善长等率","1","1","2"
"善长等率群","1","1","2"
"长等率群臣","1","1","2"
"等率群臣劝","1","1","2"
"率群臣劝进","1","1","2"
"诸翼元帅府","1","1","2"
"春正月己巳","2","0","2"
"行省平章陈","1","1","2"
"省平章陈友","1","1","2"
"章陈友定侵","1","1","2"
"友定侵处州","2","0","2"
"参军胡深击","2","0","2"
"军胡深击败","2","0","2"
"李文忠大败","1","1","2"
"夏四月庚寅","2","0","2"
"常遇春等先","1","1","2"
"遇春等先规","1","1","2"
"士诚将徐义","1","1","2"
"诚将徐义水","1","1","2"
"将徐义水军","1","1","2"
"梅思祖城降","2","0","2"
"宿三州相继","1","1","2"
"三州相继下","2","0","2"
"守冢二十家","1","1","2"
"赐故人汪文","1","1","2"
"夏五月壬午","2","0","2"
"改筑应天城","1","1","2"
"常遇春副将","2","0","2"
"师二十万讨","1","1","2"
"湖州张天骐","1","1","2"
"杭州潘原明","1","1","2"
"冬十月壬子","2","0","2"
"元扩廓帖木","2","0","2"
"张良弼构怨","1","1","2"
"春正月戊戌","2","0","2"
"扩廓将李二","1","1","2"
"府州县官任","1","1","2"
"州县官任费","1","1","2"
"雷震宫门兽","1","1","2"
"震宫门兽吻","1","1","2"
"方国珍贡粮","1","1","2"
"宗室神保大","1","1","2"
"室神保大王","1","1","2"
"神保大王等","1","1","2"
"保大王等北","1","1","2"
"封李善长宣","1","1","2"
"李善长宣国","1","1","2"
"善长宣国公","1","1","2"
"徐达信国公","1","1","2"
"常遇春鄂国","1","1","2"
"遇春鄂国公","1","1","2"
"冬十月甲辰","2","0","2"
"令百官礼仪","1","1","2"
"祀元臣余阙","1","1","2"
"河南扩廓跋","1","1","2"
"南扩廓跋扈","1","1","2"
"元建国百年","1","1","2"
"师二十五万","1","1","2"
"大礼天地南","2","0","2"
"参将荣昌伯","1","1","2"
"将荣昌伯陈","1","1","2"
"昌伯陈智追","1","1","2"
"都指挥使鹿","1","1","2"
"指挥使鹿荣","1","1","2"
"讨柳州叛蛮","1","1","2"
"御史王愈等","1","1","2"
"夏五月癸未","2","0","2"
"常山护卫指","1","1","2"
"山护卫指挥","1","1","2"
"护卫指挥孟","1","1","2"
"卫指挥孟贤","1","1","2"
"居庸关守将","1","1","2"
"长安岭诸边","1","1","2"
"安岭诸边险","1","1","2"
"岭诸边险要","1","1","2"
"郡县水灾田","2","0","2"
"县水灾田租","2","0","2"
"阿鲁台瓦剌","2","0","2"
"辽东五都司","1","1","2"
"赐邢宽等进","1","1","2"
"邢宽等进士","1","1","2"
"招谕阿鲁台","1","1","2"
"御制词五章","1","1","2"
"河南郡县水","1","1","2"
"南郡县水灾","1","1","2"
"陈懋等引兵","1","1","2"
"懋等引兵抵","1","1","2"
"高皇帝遗制","1","1","2"
"御马监少监","1","1","2"
"马监少监海","1","1","2"
"监少监海寿","1","1","2"
"郑亨步军会","1","1","2"
"皇太子迎入","1","1","2"
"太子迎入仁","1","1","2"
"子迎入仁智","1","1","2"
"迎入仁智殿","1","1","2"
"诏天下通祀","2","0","2"
"郑韬等三千","1","1","2"
"韬等三千七","1","1","2"
"等三千七百","1","1","2"
"置殿阁大学","1","1","2"
"理山西军务","1","1","2"
"夏五月庚申","2","0","2"
"十二州县养","1","1","2"
"二州县养马","1","1","2"
"养马户田租","1","1","2"
"分遣御史录","2","0","2"
"遣御史录囚","2","0","2"
"巡视沿海诸","1","1","2"
"视沿海诸城","1","1","2"
"封傅友德颍","1","1","2"
"傅友德颍国","1","1","2"
"友德颍国公","1","1","2"
"凉州指挥宋","1","1","2"
"免畿内年田","2","0","2"
"畿内年田租","2","0","2"
"分遣驸马都","2","0","2"
"都尉李祺等","1","1","2"
"蠲云南逋赋","2","0","2"
"命天下郡县","2","0","2"
"选进士翰林","2","0","2"
"户部侍郎郭","1","1","2"
"部侍郎郭桓","1","1","2"
"侍郎郭桓坐","1","1","2"
"郎郭桓坐盗","1","1","2"
"郭桓坐盗官","1","1","2"
"桓坐盗官粮","1","1","2"
"振河南水灾","2","0","2"
"十二月丙午","2","0","2"
"麓川平缅宣","1","1","2"
"川平缅宣慰","1","1","2"
"平缅宣慰使","1","1","2"
"缅宣慰使思","1","1","2"
"年六十上者","2","0","2"
"国公冯胜分","1","1","2"
"公冯胜分兵","1","1","2"
"胜征虏大将","2","0","2"
"锦衣卫刑具","1","1","2"
"收冯胜将军","1","1","2"
"冯胜将军印","1","1","2"
"安置郑国公","1","1","2"
"置郑国公常","1","1","2"
"定侯郭英副","2","0","2"
"临山等五十","1","1","2"
"山等五十九","1","1","2"
"麓川蛮思伦","1","1","2"
"川蛮思伦发","1","1","2"
"都督甯正击","2","0","2"
"赐任亨泰等","1","1","2"
"任亨泰等进","1","1","2"
"亨泰等进士","1","1","2"
"泰等进士第","2","0","2"
"子地保奴妃","2","0","2"
"地保奴妃主","2","0","2"
"赐钞备农具","2","0","2"
"越州蛮阿资","1","1","2"
"州蛮阿资叛","1","1","2"
"南黎季犛弑","2","0","2"
"黎季犛弑主","2","0","2"
"改大宗正院","2","0","2"
"湖广千户夏","1","1","2"
"国公徐允恭","1","1","2"
"等练兵湖广","2","0","2"
"冬十一月丙","2","0","2"
"宣德侯金镇","1","1","2"
"德侯金镇等","1","1","2"
"发入贡谢罪","2","0","2"
"燕王棣帅师","2","0","2"
"虏前将军颍","1","1","2"
"前将军颍国","1","1","2"
"将军颍国公","1","1","2"
"军颍国公傅","1","1","2"
"傅友德等皆","1","1","2"
"友德等皆听","1","1","2"
"燕王棣北征","1","1","2"
"东川侯胡海","1","1","2"
"侯陆仲亨等","1","1","2"
"太师韩国公","1","1","2"
"师韩国公李","1","1","2"
"翔侯张龙平","1","1","2"
"输粟北边赎","2","0","2"
"傅友德征虏","2","0","2"
"夏四月辛未","2","0","2"
"傅友德诸将","1","1","2"
"廷臣参考历","1","1","2"
"臣参考历代","1","1","2"
"参考历代礼","1","1","2"
"皇太子巡抚","1","1","2"
"都督佥事刘","1","1","2"
"督佥事刘真","1","1","2"
"镇抚陶鼎战","1","1","2"
"抚陶鼎战死","1","1","2"
"都督佥事茅","1","1","2"
"督佥事茅鼎","1","1","2"
"佥事何福讨","1","1","2"
"天下郡县赋","1","1","2"
"下郡县赋役","1","1","2"
"郡县赋役黄","1","1","2"
"县赋役黄册","1","1","2"
"六十八万四","1","1","2"
"八万四千四","1","1","2"
"四百三十五","1","1","2"
"五千六百七","1","1","2"
"六百七十七","1","1","2"
"七十七万四","1","1","2"
"十七万四千","1","1","2"
"七万四千五","1","1","2"
"五百六十一","1","1","2"
"春正月戊子","2","0","2"
"召曹国公李","1","1","2"
"公李景隆等","1","1","2"
"冯胜等十四","1","1","2"
"河南诸卫军","1","1","2"
"南诸卫军务","1","1","2"
"昌卫指挥月","1","1","2"
"卫指挥月鲁","1","1","2"
"指挥月鲁帖","1","1","2"
"挥月鲁帖木","1","1","2"
"败月鲁帖木","1","1","2"
"公常升等分","1","1","2"
"常升等分行","1","1","2"
"升等分行山","1","1","2"
"等分行山西","1","1","2"
"胡惟庸党诛","2","0","2"
"高丽李成桂","1","1","2"
"东宫师保官","1","1","2"
"尚书詹徽等","1","1","2"
"桂率护卫兵","1","1","2"
"耿炳文练兵","2","0","2"
"炳文练兵陕","2","0","2"
"文练兵陕西","2","0","2"
"会宁侯张温","1","1","2"
"随詹事府官","1","1","2"
"国子监生六","1","1","2"
"子监生六十","1","1","2"
"监生六十四","1","1","2"
"生六十四人","1","1","2"
"布政使等官","1","1","2"
"永定侯张铨","1","1","2"
"定侯张铨率","1","1","2"
"徐辉祖节制","1","1","2"
"辉祖节制陕","1","1","2"
"祖节制陕西","1","1","2"
"节制陕西沿","1","1","2"
"制陕西沿边","1","1","2"
"平侯沐春擒","1","1","2"
"侯沐春擒斩","1","1","2"
"沐春擒斩阿","1","1","2"
"春擒斩阿资","1","1","2"
"谕户部编民","1","1","2"
"臣下敢请者","2","0","2"
"都督杨文征","2","0","2"
"都督佥事宋","1","1","2"
"皇明祖训条","1","1","2"
"明祖训条章","1","1","2"
"虏前将军胡","1","1","2"
"前将军胡冕","1","1","2"
"将军胡冕讨","1","1","2"
"兀良哈秃城","1","1","2"
"秋八月丁未","2","0","2"
"太平五府田","1","1","2"
"平五府田租","1","1","2"
"乌斯茂入贡","2","0","2"
"置行太仆寺","1","1","2"
"左都督杨文","1","1","2"
"都督佥事顾","1","1","2"
"督佥事顾成","1","1","2"
"龙里千户吴","1","1","2"
"镇抚井孚战","1","1","2"
"抚井孚战死","1","1","2"
"赐礼部覆试","1","1","2"
"礼部覆试贡","1","1","2"
"部覆试贡士","1","1","2"
"覆试贡士韩","1","1","2"
"试贡士韩克","1","1","2"
"贡士韩克忠","1","1","2"
"士韩克忠等","1","1","2"
"忠等进士第","2","0","2"
"李景隆征虏","2","0","2"
"景隆征虏大","2","0","2"
"隆征虏大将","2","0","2"
"麓川平缅土","1","1","2"
"川平缅土酋","1","1","2"
"平缅土酋刀","1","1","2"
"缅土酋刀干","1","1","2"
"土酋刀干孟","1","1","2"
"冬十月戊子","2","0","2"
"重建国子监","1","1","2"
"建国子监先","1","1","2"
"国子监先师","1","1","2"
"子监先师庙","1","1","2"
"都督何福等","1","1","2"
"春正月壬戌","2","0","2"
"指挥陶铎击","1","1","2"
"挥陶铎击败","1","1","2"
"都督佥事徐","1","1","2"
"督佥事徐凯","1","1","2"
"正后宫名义","1","1","2"
"五府六部官","1","1","2"
"府六部官职","1","1","2"
"蔡子英北归","1","1","2"
"成祖梦太祖","1","1","2"
"祖梦太祖授","1","1","2"
"命学士胡广","1","1","2"
"边将严守备","2","0","2"
"安顺伯薛贵","1","1","2"
"都指挥梁成","1","1","2"
"都指挥李英","1","1","2"
"讨安定曲先","1","1","2"
"安定曲先叛","1","1","2"
"定曲先叛番","1","1","2"
"定王桑加失","2","0","2"
"王桑加失夹","2","0","2"
"诏内外群臣","1","1","2"
"大理卿胡概","1","1","2"
"政叶春巡抚","1","1","2"
"叶春巡抚南","1","1","2"
"春巡抚南畿","1","1","2"
"顾兴祖讨平","2","0","2"
"禄镇朔大将","2","0","2"
"朔大将军巡","1","1","2"
"十五人清理","1","1","2"
"五人清理天","1","1","2"
"人清理天下","1","1","2"
"都督方政讨","2","0","2"
"安知府琴彭","1","1","2"
"行礼部侍郎","2","0","2"
"部侍郎张瑛","1","1","2"
"征夷将军充","1","1","2"
"将军充总兵","2","0","2"
"军充总兵官","2","0","2"
"五月甲午朔","2","0","2"
"免山东夏税","1","1","2"
"征南将军总","1","1","2"
"南将军总兵","1","1","2"
"军总兵官黔","1","1","2"
"总兵官黔国","1","1","2"
"兵官黔国公","1","1","2"
"官黔国公沐","1","1","2"
"虏副将军安","1","1","2"
"副将军安远","1","1","2"
"将军安远侯","1","1","2"
"军安远侯柳","1","1","2"
"部尚书李庆","1","1","2"
"春正月庚子","2","0","2"
"赐马愉等进","1","1","2"
"马愉等进士","1","1","2"
"知府刘子辅","1","1","2"
"中官冯智死","1","1","2"
"薛禄督饷开","2","0","2"
"禄督饷开平","2","0","2"
"仁宗神主祔","2","0","2"
"侯顾兴祖拥","1","1","2"
"顾兴祖拥兵","1","1","2"
"命都督同知","2","0","2"
"督同知陈怀","1","1","2"
"同知陈怀充","1","1","2"
"定伯梁铭病","1","1","2"
"尚书李庆病","1","1","2"
"十一月乙酉","2","0","2"
"罗汝敬立陈","1","1","2"
"生大赦天下","1","1","2"
"绢布十五万","1","1","2"
"陈怀平松潘","2","0","2"
"怀平松潘蛮","2","0","2"
"废皇后胡氏","1","1","2"
"御史刘观巡","1","1","2"
"史刘观巡视","1","1","2"
"刘观巡视河","1","1","2"
"观巡视河道","1","1","2"
"北京行部行","2","0","2"
"京行部行后","2","0","2"
"行部行后军","2","0","2"
"部行后军都","2","0","2"
"指挥钟法保","1","1","2"
"挥钟法保请","1","1","2"
"西总兵官山","1","1","2"
"总兵官山云","1","1","2"
"兵官山云讨","1","1","2"
"夏四月辛巳","2","0","2"
"工部尚书黄","1","1","2"
"镇抚张信等","1","1","2"
"抚张信等战","1","1","2"
"张信等战死","1","1","2"
"秋七月己未","2","0","2"
"谕法司录囚","2","0","2"
"官田旧科十","1","1","2"
"黎利称陈氏","1","1","2"
"赐林震等进","1","1","2"
"林震等进士","1","1","2"
"夏四月戊寅","2","0","2"
"辽海卫指挥","1","1","2"
"海卫指挥同","1","1","2"
"指挥同知皇","1","1","2"
"挥同知皇甫","1","1","2"
"同知皇甫斌","1","1","2"
"敕内外诸司","2","0","2"
"督陕西屯田","1","1","2"
"达徐州便漕","2","0","2"
"吏部考察外","1","1","2"
"部考察外官","1","1","2"
"侍郎柴车经","1","1","2"
"郎柴车经理","1","1","2"
"柴车经理山","1","1","2"
"车经理山西","1","1","2"
"经理山西屯","1","1","2"
"理山西屯田","1","1","2"
"黎利权署安","1","1","2"
"许朵颜三卫","1","1","2"
"中官袁琦等","1","1","2"
"袁琦等十一","1","1","2"
"琦等十一人","1","1","2"
"遣御史巡视","1","1","2"
"御史巡视宁","1","1","2"
"史巡视宁夏","1","1","2"
"巡视宁夏甘","1","1","2"
"视宁夏甘州","1","1","2"
"宁夏甘州屯","1","1","2"
"夏甘州屯田","1","1","2"
"甘州屯田水","1","1","2"
"州屯田水利","1","1","2"
"免山西逋赋","2","0","2"
"秋八月乙未","2","0","2"
"官三品上举","2","0","2"
"举才行文学","1","1","2"
"召督漕平江","1","1","2"
"督漕平江伯","1","1","2"
"漕平江伯陈","1","1","2"
"侍郎赵新等","1","1","2"
"免五千余人","1","1","2"
"赐曹鼐等进","1","1","2"
"曹鼐等进士","1","1","2"
"兵官都督萧","1","1","2"
"官都督萧授","1","1","2"
"贵州乌罗蛮","1","1","2"
"山云讨平宜","1","1","2"
"云讨平宜山","1","1","2"
"免江西水灾","1","1","2"
"江西水灾税","1","1","2"
"西水灾税粮","1","1","2"
"阿鲁台部昝","1","1","2"
"鲁台部昝卜","1","1","2"
"总兵官刘广","1","1","2"
"兵官刘广击","1","1","2"
"锦衣卫官督","1","1","2"
"瓦剌脱欢攻","1","1","2"
"剌脱欢攻杀","1","1","2"
"脱欢攻杀阿","1","1","2"
"欢攻杀阿鲁","1","1","2"
"攻杀阿鲁台","1","1","2"
"谒皇太子文","2","0","2"
"皇太子文华","2","0","2"
"武元年春正","1","1","2"
"春正月乙亥","2","0","2"
"追尊高祖考","1","1","2"
"愈征戍将军","2","0","2"
"元平章陈友","1","1","2"
"定郊社宗庙","1","1","2"
"郊社宗庙礼","1","1","2"
"遇春克东昌","2","0","2"
"元守臣何真","1","1","2"
"常遇春大破","1","1","2"
"遇春大破元","1","1","2"
"春大破元兵","1","1","2"
"恤中原贫民","1","1","2"
"冯胜留守开","1","1","2"
"胜留守开封","1","1","2"
"遇春克德州","2","0","2"
"遣将巡古北","1","1","2"
"将巡古北口","1","1","2"
"诏中书省集","1","1","2"
"定六部官制","1","1","2"
"免镇江租税","1","1","2"
"衍圣公袭封","1","1","2"
"授曲阜知县","1","1","2"
"除书籍田器","1","1","2"
"书籍田器税","1","1","2"
"孤独废疾者","2","0","2"
"诸儒讲明治","1","1","2"
"儒讲明治道","1","1","2"
"遣使分行天","1","1","2"
"使分行天下","1","1","2"
"祀上帝圜丘","2","0","2"
"河南诸郡归","1","1","2"
"南诸郡归附","1","1","2"
"常遇春取大","2","0","2"
"遇春取大同","2","0","2"
"山东滨海郡","1","1","2"
"东滨海郡县","1","1","2"
"博士孔克仁","1","1","2"
"令功臣子弟","1","1","2"
"功臣子弟入","1","1","2"
"臣子弟入学","1","1","2"
"定封建诸王","1","1","2"
"封建诸王制","1","1","2"
"附州县税粮","1","1","2"
"鄂国公常遇","1","1","2"
"国公常遇春","1","1","2"
"常遇春卒军","2","0","2"
"扩廓帖木遣","2","0","2"
"遣将破原州","1","1","2"
"定内侍官制","1","1","2"
"封阿答阿者","1","1","2"
"振西安诸府","2","0","2"
"西安诸府饥","2","0","2"
"子兴滁阳王","2","0","2"
"元平章竹贞","1","1","2"
"孙守谦靖江","1","1","2"
"守谦靖江王","1","1","2"
"大破扩廓帖","1","1","2"
"慈利土官覃","1","1","2"
"邓愈招谕吐","1","1","2"
"愈招谕吐蕃","1","1","2"
"举学识笃行","1","1","2"
"文忠克应昌","2","0","2"
"诏行大射礼","1","1","2"
"六月戊午朔","2","0","2"
"步祷山川坛","2","0","2"
"求通经术明","1","1","2"
"通经术明治","1","1","2"
"经术明治道","1","1","2"
"将吴友仁寇","2","0","2"
"吴友仁寇汉","2","0","2"
"友仁寇汉中","2","0","2"
"参政傅友德","1","1","2"
"中书左丞杨","1","1","2"
"书左丞杨宪","1","1","2"
"诏户部置户","1","1","2"
"户部置户籍","1","1","2"
"汪广洋右丞","2","0","2"
"广洋右丞相","2","0","2"
"济宁侯顾时","1","1","2"
"国公邓愈督","1","1","2"
"诏设科取士","1","1","2"
"后三年一举","1","1","2"
"山西旱灾田","1","1","2"
"西旱灾田租","1","1","2"
"策试天下贡","1","1","2"
"试天下贡士","1","1","2"
"赐吴伯宗等","1","1","2"
"吴伯宗等进","1","1","2"
"伯宗等进士","1","1","2"
"万七千户屯","1","1","2"
"七千户屯北","1","1","2"
"千户屯北平","1","1","2"
"绵三州相继","1","1","2"
"廖永忠克夔","1","1","2"
"永忠克夔州","1","1","2"
"明升将丁世","1","1","2"
"升将丁世贞","1","1","2"
"守将朱显忠","1","1","2"
"将朱显忠死","1","1","2"
"徙山后民三","1","1","2"
"三万五千户","1","1","2"
"三万二千户","1","1","2"
"万二千户屯","1","1","2"
"二千户屯田","1","1","2"
"千户屯田北","1","1","2"
"秋七月辛亥","2","0","2"
"徐达练兵山","1","1","2"
"达练兵山西","1","1","2"
"通判王名善","1","1","2"
"判王名善死","1","1","2"
"十一月丙辰","2","0","2"
"诏谕元梁王","1","1","2"
"海侯吴祯督","1","1","2"
"侯吴祯督海","1","1","2"
"吴祯督海运","1","1","2"
"孤寡残疾者","1","1","2"
"寡残疾者官","1","1","2"
"定宫官女职","1","1","2"
"宫官女职制","1","1","2"
"定六部职掌","1","1","2"
"岁终考绩法","1","1","2"
"吴良平靖州","1","1","2"
"良平靖州蛮","1","1","2"
"侯曹良臣战","1","1","2"
"作铁榜诫功","1","1","2"
"铁榜诫功臣","1","1","2"
"灾郡县田租","1","1","2"
"纳哈犯辽东","2","0","2"
"事启皇太子","2","0","2"
"邓愈征西将","2","0","2"
"后三年一贡","1","1","2"
"御史按察使","2","0","2"
"按察使考察","1","1","2"
"上山川险易","1","1","2"
"山川险易图","1","1","2"
"盱眙献瑞麦","1","1","2"
"指挥吴均击","1","1","2"
"冬十月辛巳","2","0","2"
"遣兵部尚书","1","1","2"
"部尚书刘仁","1","1","2"
"录故功臣子","2","0","2"
"功臣子孙未","1","1","2"
"臣子孙未嗣","1","1","2"
"子孙未嗣者","1","1","2"
"孙未嗣者二","1","1","2"
"未嗣者二百","1","1","2"
"命安南陈叔","1","1","2"
"督佥事王简","1","1","2"
"曲阜孔子庙","1","1","2"
"真定等四十","1","1","2"
"定等四十二","1","1","2"
"苏州饥民三","1","1","2"
"州饥民三十","1","1","2"
"饥民三十万","1","1","2"
"民三十万户","1","1","2"
"湖极重田租","1","1","2"
"秋七月甲子","2","0","2"
"增祀鸡笼山","1","1","2"
"祀鸡笼山功","1","1","2"
"鸡笼山功臣","1","1","2"
"笼山功臣庙","1","1","2"
"山功臣庙一","1","1","2"
"功臣庙一百","1","1","2"
"夏四月辛卯","2","0","2"
"指挥同知胡","1","1","2"
"挥同知胡汝","1","1","2"
"同知胡汝平","1","1","2"
"命皇太子诸","1","1","2"
"王讲武中都","2","0","2"
"中书右丞丁","1","1","2"
"书右丞丁玉","1","1","2"
"年西征敦煌","1","1","2"
"晋二府宫殿","1","1","2"
"京师年八月","2","0","2"
"师年八月雨","2","0","2"
"承宣布政使","1","1","2"
"宣布政使司","1","1","2"
"元将伯颜帖","1","1","2"
"将伯颜帖木","1","1","2"
"忠臣烈士祠","1","1","2"
"分遣国子生","2","0","2"
"国子生修岳","1","1","2"
"子生修岳镇","1","1","2"
"生修岳镇海","1","1","2"
"修岳镇海渎","1","1","2"
"岳镇海渎祠","1","1","2"
"灾异诏求直","1","1","2"
"异诏求直言","1","1","2"
"都督同知沐","1","1","2"
"督同知沐英","1","1","2"
"同知沐英乘","1","1","2"
"知沐英乘传","1","1","2"
"羽林等卫军","1","1","2"
"燕三府护卫","1","1","2"
"振湖广水灾","2","0","2"
"诏臣民言事","1","1","2"
"实封达御前","1","1","2"
"皇太子裁决","1","1","2"
"改建大祀殿","1","1","2"
"大祀殿南郊","2","0","2"
"选武臣子弟","1","1","2"
"天下布政使","1","1","2"
"布政使知府","2","0","2"
"元嗣君爱猷","1","1","2"
"嗣君爱猷识","1","1","2"
"君爱猷识理","1","1","2"
"户赐米一石","1","1","2"
"六十五万奇","2","0","2"
"靖州指挥过","1","1","2"
"州指挥过兴","1","1","2"
"辰州指挥杨","1","1","2"
"州指挥杨仲","1","1","2"
"指挥杨仲名","1","1","2"
"追封刘继祖","1","1","2"
"征西将军西","1","1","2"
"西将军西平","1","1","2"
"平侯沐英率","1","1","2"
"侯沐英率都","1","1","2"
"沐英率都督","1","1","2"
"英率都督蓝","1","1","2"
"率都督蓝玉","1","1","2"
"州十八族番","1","1","2"
"天下贫民困","1","1","2"
"都督马云征","1","1","2"
"丁玉回师讨","1","1","2"
"掌大都督府","2","0","2"
"沐英大破西","1","1","2"
"英大破西番","1","1","2"
"部长三副使","1","1","2"
"蓝玉等十二","1","1","2"
"玉等十二人","1","1","2"
"天下博学老","1","1","2"
"下博学老成","1","1","2"
"贡黄金百斤","1","1","2"
"左丞相胡惟","1","1","2"
"党御史大夫","1","1","2"
"元将脱火赤","1","1","2"
"免天下田租","1","1","2"
"都督濮英进","1","1","2"
"督濮英进兵","1","1","2"
"濮英进兵赤","1","1","2"
"英进兵赤斤","1","1","2"
"进兵赤斤站","1","1","2"
"获故元豳王","1","1","2"
"赐宴谨身殿","2","0","2"
"诏陕西卫军","1","1","2"
"安置翰林学","1","1","2"
"置翰林学士","1","1","2"
"元平章完者","1","1","2"
"指挥刘广战","1","1","2"
"千户王辂击","1","1","2"
"户王辂击败","1","1","2"
"下府州县所","1","1","2"
"徐达率诸将","1","1","2"
"获全宁四部","1","1","2"
"秋八月丙子","2","0","2"
"诏求明经老","1","1","2"
"求明经老成","1","1","2"
"司礼送京师","1","1","2"
"侯陆仲亨镇","1","1","2"
"翰林春坊官","1","1","2"
"林春坊官考","1","1","2"
"傅友德大败","1","1","2"
"友德大败元","1","1","2"
"德大败元兵","1","1","2"
"陈皇后病居","1","1","2"
"祀建文朝尽","1","1","2"
"建文朝尽节","1","1","2"
"文朝尽节诸","1","1","2"
"朝尽节诸臣","1","1","2"
"部尚书吕调","1","1","2"
"尚书吕调阳","1","1","2"
"秋七月丁亥","2","0","2"
"历元年春二","1","1","2"
"元年春二月","1","1","2"
"谕百官修省","2","0","2"
"四川都掌蛮","1","1","2"
"召见朝觐廉","1","1","2"
"见朝觐廉能","1","1","2"
"皋等进士第","2","0","2"
"诏明年元夕","2","0","2"
"始命日讲官","1","1","2"
"命日讲官分","1","1","2"
"四月己巳朔","2","0","2"
"部侍郎张四","1","1","2"
"春正月丁巳","2","0","2"
"按御史刘台","1","1","2"
"夏五月戊申","2","0","2"
"遣御史督修","1","1","2"
"御史督修江","1","1","2"
"修泗州祖陵","1","1","2"
"曹七县水灾","1","1","2"
"广东罗旁瑶","1","1","2"
"秋八月癸亥","2","0","2"
"河复决崔镇","2","0","2"
"编修吴中行","1","1","2"
"吏部侍郎申","1","1","2"
"部侍郎申时","1","1","2"
"夏四月乙未","2","0","2"
"苏州诸府开","1","1","2"
"州诸府开垦","1","1","2"
"诸府开垦荒","1","1","2"
"府开垦荒田","1","1","2"
"冬十月辛卯","2","0","2"
"春正月戊辰","2","0","2"
"年春二月辛","2","0","2"
"宫皇太后天","2","0","2"
"广西八寨贼","1","1","2"
"裁南京冗官","2","0","2"
"土蛮犯辽阳","2","0","2"
"万历会计录","1","1","2"
"汰诸司冒滥","1","1","2"
"诸司冒滥冗","1","1","2"
"司冒滥冗费","1","1","2"
"春二月癸巳","2","0","2"
"部侍郎张佳","1","1","2"
"侍郎张佳胤","1","1","2"
"郎张佳胤巡","1","1","2"
"张佳胤巡抚","1","1","2"
"佳胤巡抚浙","1","1","2"
"胤巡抚浙江","1","1","2"
"泰宁卫部长","1","1","2"
"宁卫部长速","1","1","2"
"李成梁击斩","2","0","2"
"宁夏土军马","1","1","2"
"夏土军马景","1","1","2"
"土军马景杀","1","1","2"
"参将许汝继","1","1","2"
"抚都御史晋","1","1","2"
"都御史晋应","1","1","2"
"御史晋应槐","1","1","2"
"故大学士杨","1","1","2"
"吏部侍郎余","1","1","2"
"秋七月庚午","2","0","2"
"谒恭章皇后","2","0","2"
"庆五府旱灾","1","1","2"
"吏部侍郎许","1","1","2"
"部侍郎许国","1","1","2"
"秋八月丙辰","2","0","2"
"冬十月癸亥","2","0","2"
"游击将军刘","1","1","2"
"部侍郎王锡","1","1","2"
"侍郎王锡爵","1","1","2"
"部侍郎王家","1","1","2"
"侍郎王家屏","1","1","2"
"四川建武所","1","1","2"
"川建武所兵","1","1","2"
"建武所兵变","1","1","2"
"击伤总兵沈","1","1","2"
"伤总兵沈思","1","1","2"
"总兵沈思学","1","1","2"
"尚衣监料银","1","1","2"
"夏四月丙午","2","0","2"
"天寿山阅寿","2","0","2"
"寿山阅寿宫","2","0","2"
"冬十二月丁","2","0","2"
"汰惜薪司内","1","1","2"
"惜薪司内官","1","1","2"
"薪司内官冗","1","1","2"
"司内官冗员","1","1","2"
"春二月癸未","2","0","2"
"治京畿水田","1","1","2"
"广东琼山等","1","1","2"
"东琼山等十","1","1","2"
"琼山等十二","1","1","2"
"山等十二县","1","1","2"
"等十二县饥","1","1","2"
"遣使振河南","2","0","2"
"礼部主事卢","1","1","2"
"部主事卢洪","1","1","2"
"主事卢洪春","1","1","2"
"冬十月庚申","2","0","2"
"请发留中章","2","0","2"
"春三月壬辰","2","0","2"
"景皇帝实录","1","1","2"
"四川建昌番","1","1","2"
"川建昌番作","1","1","2"
"建昌番作乱","1","1","2"
"取太仓银二","2","0","2"
"都御史曹子","1","1","2"
"御史曹子登","1","1","2"
"禁章奏浮冗","2","0","2"
"安庆指挥陈","1","1","2"
"庆指挥陈越","1","1","2"
"指挥陈懋功","1","1","2"
"挥陈懋功讨","1","1","2"
"始兴妖僧李","1","1","2"
"兴妖僧李圆","1","1","2"
"妖僧李圆朗","1","1","2"
"僧李圆朗作","1","1","2"
"李圆朗作乱","1","1","2"
"秋八月壬寅","2","0","2"
"冬十月癸未","2","0","2"
"河决口工成","2","0","2"
"见大学士申","1","1","2"
"青海部长火","1","1","2"
"海部长火落","1","1","2"
"部长火落赤","1","1","2"
"副总兵李联","1","1","2"
"总兵李联芳","1","1","2"
"兵官刘承嗣","1","1","2"
"总兵官尤继","1","1","2"
"兵官尤继先","1","1","2"
"败火落赤余","1","1","2"
"火落赤余众","1","1","2"
"四川四哨番","1","1","2"
"川四哨番作","1","1","2"
"四哨番作乱","1","1","2"
"都御史李尚","1","1","2"
"御史李尚思","1","1","2"
"史李尚思讨","1","1","2"
"部侍郎赵志","1","1","2"
"侍郎赵志皋","1","1","2"
"皋礼部尚书","2","0","2"
"部侍郎张位","1","1","2"
"冬十月癸巳","2","0","2"
"定戚臣庄田","1","1","2"
"总兵官杜桐","1","1","2"
"事中孟养浩","1","1","2"
"抚都御史党","1","1","2"
"都御史党馨","1","1","2"
"副使石继芳","1","1","2"
"兵部尚书魏","1","1","2"
"部尚书魏学","1","1","2"
"尚书魏学曾","1","1","2"
"总兵官李松","2","0","2"
"督陕西讨贼","1","1","2"
"陕西讨贼军","1","1","2"
"西讨贼军务","1","1","2"
"甘肃巡抚都","1","1","2"
"肃巡抚都御","1","1","2"
"抚都御史叶","1","1","2"
"都御史叶梦","1","1","2"
"魏学曾讨贼","1","1","2"
"免陕西逋赋","2","0","2"
"三边总督魏","1","1","2"
"边总督魏学","1","1","2"
"右侍郎宋应","1","1","2"
"防海御倭总","1","1","2"
"海御倭总兵","1","1","2"
"松进攻王京","1","1","2"
"劳东征将士","1","1","2"
"倭使小西飞","1","1","2"
"外诸臣修举","1","1","2"
"诸臣修举实","1","1","2"
"臣修举实政","1","1","2"
"蓟辽总督顾","1","1","2"
"辽总督顾养","1","1","2"
"皇长子常洛","2","0","2"
"秋七月丙申","2","0","2"
"绥总兵官麻","1","1","2"
"总兵官麻贵","1","1","2"
"败河套部敌","1","1","2"
"部右侍郎邢","1","1","2"
"炒花犯辽东","2","0","2"
"兵官董一元","1","1","2"
"青海部长永","1","1","2"
"海部长永邵","1","1","2"
"部长永邵卜","1","1","2"
"春二月戊申","2","0","2"
"套部敌犯甘","2","0","2"
"都督佥事杨","1","1","2"
"督佥事杨方","1","1","2"
"佥事杨方亨","1","1","2"
"游击沈惟敬","1","1","2"
"秋七月丁卯","2","0","2"
"书孙丕扬请","1","1","2"
"葬孝安庄皇","1","1","2"
"孝安庄皇后","1","1","2"
"河套部犯宁","2","0","2"
"套部犯宁夏","2","0","2"
"河决黄堌口","2","0","2"
"都督同知麻","1","1","2"
"督同知麻贵","1","1","2"
"东右参政杨","1","1","2"
"右参政杨镐","1","1","2"
"破朝鲜闲山","1","1","2"
"副总兵杨元","1","1","2"
"总兵杨元弃","1","1","2"
"兵杨元弃城","1","1","2"
"赐赵秉忠等","1","1","2"
"文华门疏请","1","1","2"
"华门疏请皇","1","1","2"
"门疏请皇长","1","1","2"
"疏请皇长子","1","1","2"
"佥都御史万","1","1","2"
"都御史万世","1","1","2"
"御史万世德","1","1","2"
"史万世德经","1","1","2"
"冬十月乙卯","2","0","2"
"总兵官陈璘","2","0","2"
"春二月壬子","2","0","2"
"部侍郎李化","1","1","2"
"郎李化龙总","1","1","2"
"李化龙总督","1","1","2"
"化龙总督川","1","1","2"
"参将房嘉宠","1","1","2"
"击张良贤战","1","1","2"
"张良贤战死","1","1","2"
"秋八月甲午","2","0","2"
"陕西狄道县","1","1","2"
"贵州宣慰使","1","1","2"
"州宣慰使安","1","1","2"
"十一月己酉","2","0","2"
"伤税使陈奉","1","1","2"
"师分八路进","1","1","2"
"副总兵解生","1","1","2"
"总兵解生等","1","1","2"
"贵州皮林苗","1","1","2"
"州皮林苗叛","1","1","2"
"云南税监杨","1","1","2"
"南税监杨荣","1","1","2"
"税监杨荣开","1","1","2"
"监杨荣开采","1","1","2"
"杨荣开采阿","1","1","2"
"荣开采阿瓦","1","1","2"
"春正月壬子","2","0","2"
"夏四月乙酉","2","0","2"
"加上慈圣皇","1","1","2"
"上慈圣皇太","1","1","2"
"灾异敕修省","2","0","2"
"召大学士沈","1","1","2"
"复河套诸部","2","0","2"
"河套诸部贡","2","0","2"
"套诸部贡市","2","0","2"
"陷蛮莫宣抚","1","1","2"
"蛮莫宣抚司","1","1","2"
"年春三月戊","2","0","2"
"天下郡守阙","1","1","2"
"下郡守阙员","1","1","2"
"播州余贼吴","1","1","2"
"州余贼吴洪","1","1","2"
"余贼吴洪等","1","1","2"
"毁皇陵殿脊","1","1","2"
"睢州贼杨思","1","1","2"
"州贼杨思敬","1","1","2"
"贼杨思敬作","1","1","2"
"杨思敬作乱","1","1","2"
"召见皇太子","1","1","2"
"昭四陵石梁","1","1","2"
"畿南六府饥","1","1","2"
"武昌宗人蕴","1","1","2"
"宗人蕴鉁等","2","0","2"
"总兵官达云","1","1","2"
"夏四月辛亥","2","0","2"
"雷击圜丘望","1","1","2"
"击圜丘望灯","1","1","2"
"圜丘望灯高","1","1","2"
"丘望灯高杆","1","1","2"
"采广东珠池","1","1","2"
"加上皇太后","1","1","2"
"上皇太后徽","1","1","2"
"河套部犯延","2","0","2"
"套部犯延绥","2","0","2"
"总兵官姜显","1","1","2"
"兵官姜显谟","1","1","2"
"南京妖贼刘","1","1","2"
"京妖贼刘天","1","1","2"
"妖贼刘天绪","1","1","2"
"贼刘天绪谋","1","1","2"
"刘天绪谋反","1","1","2"
"事中翁宪祥","1","1","2"
"副总兵柴国","1","1","2"
"总兵柴国柱","1","1","2"
"部侍郎叶向","1","1","2"
"侍郎叶向高","1","1","2"
"金沙江蛮阿","1","1","2"
"沙江蛮阿克","1","1","2"
"夏六月己卯","2","0","2"
"治云南失事","1","1","2"
"抚都御史乔","1","1","2"
"都御史乔璧","1","1","2"
"史乔璧星奏","1","1","2"
"十七年春三","1","1","2"
"七年春三月","1","1","2"
"春三月辛卯","2","0","2"
"御史詹沂封","1","1","2"
"史詹沂封印","1","1","2"
"十八年春三","1","1","2"
"八年春三月","1","1","2"
"十九年春二","1","1","2"
"九年春二月","1","1","2"
"边镇常平仓","1","1","2"
"东林讲学诸","1","1","2"
"林讲学诸人","1","1","2"
"振京师流民","2","0","2"
"球中山王尚","1","1","2"
"中山王尚宁","1","1","2"
"谕朝鲜练兵","1","1","2"
"夏五月己巳","2","0","2"
"谕吏部都察","1","1","2"
"结党乱政者","1","1","2"
"部尚书掌都","2","0","2"
"尚书掌都察","2","0","2"
"书掌都察院","2","0","2"
"部左侍郎方","1","1","2"
"部左侍郎吴","1","1","2"
"左侍郎吴道","1","1","2"
"皇太后遗命","1","1","2"
"葬孝定皇后","1","1","2"
"右侍郎孙慎","1","1","2"
"侍郎孙慎行","1","1","2"
"叶向高致仕","2","0","2"
"夏五月己酉","2","0","2"
"蓟州男子张","2","0","2"
"州男子张差","2","0","2"
"差持梃入慈","2","0","2"
"持梃入慈庆","2","0","2"
"击伤守门内","2","0","2"
"伤守门内侍","2","0","2"
"刑部提牢主","1","1","2"
"部提牢主事","1","1","2"
"副将孙弘谟","1","1","2"
"三月辛未朔","2","0","2"
"祥符朱家口","1","1","2"
"河套部长吉","2","0","2"
"套部长吉能","2","0","2"
"参将王国兴","1","1","2"
"学士方哲等","2","0","2"
"四十六年春","1","1","2"
"春二月乙巳","2","0","2"
"千总王命印","1","1","2"
"兵官张承胤","1","1","2"
"守将邹储贤","1","1","2"
"四十七年春","1","1","2"
"兵备佥事潘","1","1","2"
"备佥事潘宗","1","1","2"
"事潘宗颜战","1","1","2"
"潘宗颜战死","1","1","2"
"深入阿布达","1","1","2"
"入阿布达里","1","1","2"
"赐庄际昌等","1","1","2"
"大理寺丞熊","1","1","2"
"理寺丞熊廷","1","1","2"
"寺丞熊廷弼","1","1","2"
"熊廷弼兵部","2","0","2"
"秋八月乙卯","2","0","2"
"阳新募援兵","1","1","2"
"四十八年春","1","1","2"
"光宗崇天契","1","1","2"
"宗崇天契道","1","1","2"
"崇天契道英","1","1","2"
"天契道英睿","1","1","2"
"契道英睿恭","1","1","2"
"道英睿恭纯","1","1","2"
"英睿恭纯宪","1","1","2"
"睿恭纯宪文","1","1","2"
"恭纯宪文景","1","1","2"
"纯宪文景武","1","1","2"
"宪文景武渊","1","1","2"
"文景武渊仁","1","1","2"
"景武渊仁懿","1","1","2"
"武渊仁懿孝","1","1","2"
"渊仁懿孝贞","1","1","2"
"仁懿孝贞皇","1","1","2"
"懿孝贞皇帝","1","1","2"
"奸人王曰乾","1","1","2"
"王曰乾上变","2","0","2"
"孔学等巫蛊","2","0","2"
"四十三年夏","1","1","2"
"十三年夏五","1","1","2"
"三年夏五月","1","1","2"
"吏部侍郎史","1","1","2"
"部侍郎史继","1","1","2"
"侍郎史继偕","1","1","2"
"礼部侍郎沈","1","1","2"
"部侍郎何宗","1","1","2"
"侍郎何宗彦","1","1","2"
"召对英国公","1","1","2"
"对英国公张","1","1","2"
"哲等十三人","1","1","2"
"改万历四十","1","1","2"
"庄烈愍皇帝","1","1","2"
"光宗第五子","1","1","2"
"指挥卓铭请","1","1","2"
"袁崇焕平台","2","0","2"
"抚都御史毕","1","1","2"
"春正月丙子","2","0","2"
"皇长子慈烺","2","0","2"
"斋居文华殿","2","0","2"
"兵备副使刘","1","1","2"
"击斩奢崇明","1","1","2"
"大清兵入大","2","0","2"
"清兵入大安","2","0","2"
"兵入大安口","2","0","2"
"海关总兵官","1","1","2"
"关总兵官赵","1","1","2"
"总兵官赵率","1","1","2"
"兵官赵率教","1","1","2"
"都御史王元","1","1","2"
"御史王元雅","1","1","2"
"推官何天球","1","1","2"
"官何天球等","1","1","2"
"兵官满桂入","1","1","2"
"吏部侍郎成","1","1","2"
"部侍郎成基","1","1","2"
"侍郎成基命","1","1","2"
"召前大学士","1","1","2"
"前大学士孙","1","1","2"
"孙承宗兵部","2","0","2"
"兵部尚书中","1","1","2"
"部尚书中极","1","1","2"
"尚书中极殿","1","1","2"
"书中极殿大","1","1","2"
"保定兵相继","1","1","2"
"定兵相继入","1","1","2"
"部尚书王洽","1","1","2"
"兵官祖大寿","1","1","2"
"官祖大寿兵","1","1","2"
"前总兵官孙","1","1","2"
"总兵官孙祖","1","1","2"
"兵官孙祖寿","1","1","2"
"总兵官马世","1","1","2"
"兵官马世龙","1","1","2"
"部侍郎周延","1","1","2"
"侍郎钱象坤","1","1","2"
"副使郑国昌","1","1","2"
"知府张凤奇","1","1","2"
"府张凤奇等","1","1","2"
"张凤奇等死","1","1","2"
"逮总督蓟辽","2","0","2"
"总督蓟辽都","1","1","2"
"督蓟辽都御","1","1","2"
"蓟辽都御史","1","1","2"
"辽都御史刘","1","1","2"
"都御史刘策","1","1","2"
"御史刘策下","1","1","2"
"史刘策下狱","1","1","2"
"路总兵官吴","1","1","2"
"流贼王嘉胤","1","1","2"
"张献忠聚众","1","1","2"
"宋儒邵雍后","1","1","2"
"儒邵雍后裔","1","1","2"
"礼部尚书温","1","1","2"
"部尚书温体","1","1","2"
"钱龙锡下狱","1","1","2"
"巡抚延绥副","1","1","2"
"抚延绥副都","1","1","2"
"延绥副都御","1","1","2"
"绥副都御史","1","1","2"
"副都御史洪","1","1","2"
"都御史洪承","1","1","2"
"御史洪承畴","1","1","2"
"西总兵官王","1","1","2"
"总兵官王国","1","1","2"
"兵官王国梁","1","1","2"
"官王国梁追","1","1","2"
"十二月乙巳","2","0","2"
"二月乙巳朔","2","0","2"
"入觐两司官","1","1","2"
"命都察院严","1","1","2"
"副将张应昌","1","1","2"
"将张应昌等","1","1","2"
"张应昌等击","1","1","2"
"应昌等击败","1","1","2"
"三边军务侍","1","1","2"
"边军务侍郎","1","1","2"
"军务侍郎杨","1","1","2"
"务侍郎杨鹤","1","1","2"
"延绥副将曹","1","1","2"
"绥副将曹文","1","1","2"
"五月甲戌朔","2","0","2"
"贼首上天龙","1","1","2"
"内臣王应朝","1","1","2"
"邓希诏等监","1","1","2"
"希诏等监视","1","1","2"
"诏等监视关","1","1","2"
"监张彝宪总","1","1","2"
"张彝宪总理","1","1","2"
"彝宪总理户","1","1","2"
"工二部钱粮","1","1","2"
"海总兵官宋","1","1","2"
"总兵官宋伟","1","1","2"
"兵官宋伟等","1","1","2"
"监军太仆少","1","1","2"
"军太仆少卿","1","1","2"
"太仆少卿张","1","1","2"
"仆少卿张春","1","1","2"
"祖大寿杀副","1","1","2"
"大寿杀副将","1","1","2"
"寿杀副将何","1","1","2"
"杀参政张允","1","1","2"
"参政张允登","1","1","2"
"登州游击孔","1","1","2"
"夺孙承宗官","1","1","2"
"春正月辛丑","2","0","2"
"击陈良谟战","1","1","2"
"陈良谟战死","1","1","2"
"都御史孙元","1","1","2"
"御史孙元化","1","1","2"
"副使宋光兰","1","1","2"
"使宋光兰等","1","1","2"
"抚都御史徐","1","1","2"
"兵部侍郎刘","1","1","2"
"部侍郎刘宇","1","1","2"
"登莱巡抚都","1","1","2"
"莱巡抚都御","1","1","2"
"抚都御史谢","1","1","2"
"都御史谢琏","1","1","2"
"莱州知府朱","1","1","2"
"州知府朱万","1","1","2"
"府朱万年死","1","1","2"
"洪承畴败贼","2","0","2"
"前锋参将祖","1","1","2"
"锋参将祖宽","1","1","2"
"曹文诏节制","1","1","2"
"文诏节制山","1","1","2"
"副将左良玉","1","1","2"
"官陈洪范等","1","1","2"
"克登州水城","1","1","2"
"总兵官邓玘","2","0","2"
"监陈大金等","1","1","2"
"陈大金等分","1","1","2"
"耿仲明等航","1","1","2"
"仲明等航海","1","1","2"
"官贺虎臣战","1","1","2"
"延绥副将李","1","1","2"
"绥副将李卑","1","1","2"
"监张彝宪请","1","1","2"
"千七百余万","1","1","2"
"大清兵取旅","2","0","2"
"清兵取旅顺","2","0","2"
"总兵官黄龙","1","1","2"
"兵官黄龙死","1","1","2"
"改曹文诏镇","1","1","2"
"山西巡抚都","1","1","2"
"西巡抚都御","1","1","2"
"都御史许鼎","1","1","2"
"御史许鼎臣","1","1","2"
"史许鼎臣请","1","1","2"
"曹文诏败贼","2","0","2"
"部侍郎钱士","1","1","2"
"侍郎钱士升","1","1","2"
"部侍郎王应","1","1","2"
"侍郎王应熊","1","1","2"
"广鹿岛副将","1","1","2"
"鹿岛副将尚","1","1","2"
"湖五省总督","1","1","2"
"总兵官张应","1","1","2"
"兵官张应昌","1","1","2"
"官张应昌渡","1","1","2"
"十三营流入","1","1","2"
"三营流入汉","1","1","2"
"赐刘理顺等","1","1","2"
"刘理顺等进","1","1","2"
"理顺等进士","1","1","2"
"副将杨世恩","1","1","2"
"将杨世恩追","1","1","2"
"贺人龙等败","2","0","2"
"总督侍郎陈","1","1","2"
"督侍郎陈奇","1","1","2"
"侍郎陈奇瑜","1","1","2"
"郧阳抚治都","1","1","2"
"阳抚治都御","1","1","2"
"治都御史卢","1","1","2"
"都御史卢象","1","1","2"
"御史卢象升","1","1","2"
"定都御史丁","1","1","2"
"都御史丁魁","1","1","2"
"御史丁魁楚","1","1","2"
"史丁魁楚等","1","1","2"
"沿边诸城堡","1","1","2"
"遣总兵官尤","1","1","2"
"督侍郎张宗","1","1","2"
"侍郎张宗衡","1","1","2"
"郎张宗衡节","1","1","2"
"张宗衡节制","1","1","2"
"参议陆梦龙","1","1","2"
"克万全左卫","1","1","2"
"洪承畴解陇","1","1","2"
"承畴解陇州","1","1","2"
"畴解陇州围","1","1","2"
"冬十月庚戌","2","0","2"
"陈奇瑜下狱","1","1","2"
"洪承畴关讨","2","0","2"
"承畴关讨贼","2","0","2"
"留守朱国相","1","1","2"
"守朱国相等","1","1","2"
"应天巡抚都","1","1","2"
"总督漕运尚","1","1","2"
"督漕运尚书","1","1","2"
"漕运尚书杨","1","1","2"
"运尚书杨一","1","1","2"
"书杨一鹏下","1","1","2"
"杨一鹏下狱","1","1","2"
"洪承畴会师","1","1","2"
"分部诸将防","1","1","2"
"官军遇贼乱","2","0","2"
"军遇贼乱马","2","0","2"
"遇贼乱马川","2","0","2"
"曹文诏追贼","2","0","2"
"贼真宁湫头","2","0","2"
"刑部侍郎张","1","1","2"
"监视总理内","1","1","2"
"视总理内臣","1","1","2"
"卢象升总理","1","1","2"
"象升总理直","1","1","2"
"升总理直隶","1","1","2"
"督副将曹变","1","1","2"
"副将曹变蛟","1","1","2"
"将曹变蛟等","1","1","2"
"总兵官张全","1","1","2"
"兵官张全昌","1","1","2"
"将士同甘苦","2","0","2"
"户部尚书侯","1","1","2"
"部尚书侯恂","1","1","2"
"尚书侯恂请","1","1","2"
"老回回诸贼","1","1","2"
"熹宗达天阐","1","1","2"
"宗达天阐道","1","1","2"
"达天阐道敦","1","1","2"
"天阐道敦孝","1","1","2"
"阐道敦孝笃","1","1","2"
"道敦孝笃友","1","1","2"
"敦孝笃友章","1","1","2"
"孝笃友章文","1","1","2"
"笃友章文襄","1","1","2"
"友章文襄武","1","1","2"
"章文襄武靖","1","1","2"
"文襄武靖穆","1","1","2"
"襄武靖穆庄","1","1","2"
"武靖穆庄勤","1","1","2"
"文华殿行礼","1","1","2"
"疏请选侍移","2","0","2"
"请选侍移宫","2","0","2"
"太监魏进忠","1","1","2"
"孝端显皇后","1","1","2"
"辽东巡抚都","1","1","2"
"抚都御史袁","1","1","2"
"都御史袁应","1","1","2"
"御史袁应泰","1","1","2"
"伍文定等七","1","1","2"
"文定等七十","1","1","2"
"定等七十三","1","1","2"
"等七十三人","1","1","2"
"客氏香火土","1","1","2"
"氏香火土田","1","1","2"
"大清兵取沈","1","1","2"
"清兵取沈阳","1","1","2"
"贺世贤战死","1","1","2"
"大清兵取辽","1","1","2"
"清兵取辽阳","1","1","2"
"略袁应泰等","1","1","2"
"按御史张铨","1","1","2"
"山林草泽间","1","1","2"
"辽东巡抚佥","1","1","2"
"东巡抚佥都","1","1","2"
"佥都御史薛","1","1","2"
"都御史薛国","1","1","2"
"参议王化贞","1","1","2"
"化贞右佥都","2","0","2"
"贞右佥都御","2","0","2"
"西都指挥陈","1","1","2"
"都指挥陈愚","1","1","2"
"指挥陈愚直","1","1","2"
"何宗彦入阁","1","1","2"
"朱国祚入阁","1","1","2"
"廷弼兵部尚","2","0","2"
"弼兵部尚书","2","0","2"
"书王象乾总","1","1","2"
"王象乾总督","1","1","2"
"象乾总督蓟","1","1","2"
"参将毛文龙","1","1","2"
"宁宣抚使奢","1","1","2"
"宣抚使奢崇","1","1","2"
"抚使奢崇明","1","1","2"
"使奢崇明反","1","1","2"
"杀巡抚徐求","2","0","2"
"史周宗建请","1","1","2"
"周宗建请客","1","1","2"
"宗建请客氏","1","1","2"
"奢崇明围成","2","0","2"
"崇明围成都","2","0","2"
"使朱燮元固","1","1","2"
"朱燮元固守","1","1","2"
"擢燮元佥都","2","0","2"
"燮元佥都御","2","0","2"
"元佥都御史","2","0","2"
"石砫宣抚使","2","0","2"
"叶向高入阁","1","1","2"
"绥总兵官杜","1","1","2"
"川总兵官杨","1","1","2"
"官杨愈懋讨","1","1","2"
"副将罗一贵","1","1","2"
"镇武营总兵","1","1","2"
"武营总兵官","1","1","2"
"营总兵官刘","1","1","2"
"总兵官刘渠","1","1","2"
"政高邦佐留","1","1","2"
"永宁贼将罗","1","1","2"
"宁贼将罗乾","1","1","2"
"将罗乾象约","1","1","2"
"官军共击贼","1","1","2"
"水西土同知","1","1","2"
"西土同知安","1","1","2"
"土同知安邦","1","1","2"
"同知安邦彦","1","1","2"
"知安邦彦反","1","1","2"
"史史永安固","1","1","2"
"史永安固守","1","1","2"
"右侍郎孙承","1","1","2"
"侍郎孙承宗","1","1","2"
"孙承宗理兵","2","0","2"
"承宗理兵部","2","0","2"
"宗理兵部事","2","0","2"
"阳武侯薛濂","1","1","2"
"武侯薛濂管","1","1","2"
"侯薛濂管理","1","1","2"
"薛濂管理募","1","1","2"
"濂管理募兵","1","1","2"
"赐文震孟等","1","1","2"
"复张居正原","1","1","2"
"山东白莲贼","1","1","2"
"东白莲贼徐","1","1","2"
"官军合围重","1","1","2"
"军合围重庆","1","1","2"
"滕县知县姬","1","1","2"
"县知县姬文","1","1","2"
"知县姬文胤","1","1","2"
"州总兵官张","1","1","2"
"总兵官张彦","1","1","2"
"兵官张彦芳","1","1","2"
"平蛮总兵官","1","1","2"
"都御史王三","1","1","2"
"御史王三善","1","1","2"
"史王三善讨","1","1","2"
"前总兵官杨","1","1","2"
"总兵官杨肇","1","1","2"
"兵官杨肇基","1","1","2"
"游击陈九德","1","1","2"
"松潘副使李","1","1","2"
"潘副使李忠","1","1","2"
"副使李忠臣","1","1","2"
"使李忠臣约","1","1","2"
"李忠臣约总","1","1","2"
"忠臣约总兵","1","1","2"
"臣约总兵官","1","1","2"
"约总兵官杨","1","1","2"
"官杨愈懋谋","1","1","2"
"游击龚万禄","1","1","2"
"击龚万禄战","1","1","2"
"龚万禄战死","1","1","2"
"原官督理山","1","1","2"
"官督理山海","1","1","2"
"督理山海关","1","1","2"
"总兵官鲁钦","1","1","2"
"兵官鲁钦代","1","1","2"
"官鲁钦代杜","1","1","2"
"鲁钦代杜文","1","1","2"
"钦代杜文焕","1","1","2"
"燮元总督四","1","1","2"
"元总督四川","1","1","2"
"总督四川军","1","1","2"
"督四川军务","1","1","2"
"总兵刘超败","2","0","2"
"侍郎朱国祯","1","1","2"
"侍郎朱延禧","1","1","2"
"败绩陆广河","2","0","2"
"恤邹县死难","1","1","2"
"邹县死难博","1","1","2"
"县死难博士","1","1","2"
"死难博士孟","1","1","2"
"难博士孟承","1","1","2"
"博士孟承光","1","1","2"
"四月庚申朔","2","0","2"
"都御史何士","1","1","2"
"御史何士晋","1","1","2"
"魏忠贤总督","1","1","2"
"忠贤总督东","1","1","2"
"贤总督东厂","1","1","2"
"山海关地震","1","1","2"
"宫殿动摇声","2","0","2"
"夏五月甲寅","2","0","2"
"五月甲寅朔","2","0","2"
"杖杀工部郎","1","1","2"
"杀工部郎中","1","1","2"
"内阁中书汪","1","1","2"
"阁中书汪文","1","1","2"
"燮元总督云","1","1","2"
"相继死狱中","2","0","2"
"中杨所修请","1","1","2"
"移宫三案编","1","1","2"
"秋七月壬戌","2","0","2"
"毁首善书院","1","1","2"
"癸亥三京察","1","1","2"
"尚书李三才","1","1","2"
"毁天下东林","1","1","2"
"天下东林讲","1","1","2"
"下东林讲学","1","1","2"
"东林讲学书","1","1","2"
"林讲学书院","1","1","2"
"辽东副总兵","1","1","2"
"东副总兵鲁","1","1","2"
"中书舍人吴","1","1","2"
"书舍人吴怀","1","1","2"
"舍人吴怀贤","1","1","2"
"东林党人姓","1","1","2"
"林党人姓名","1","1","2"
"前尚书赵南","1","1","2"
"大清兵围宁","1","1","2"
"清兵围宁远","1","1","2"
"宁前道参政","1","1","2"
"前道参政袁","1","1","2"
"道参政袁崇","1","1","2"
"参政袁崇焕","1","1","2"
"政袁崇焕固","1","1","2"
"袁崇焕固守","1","1","2"
"元等下镇抚","1","1","2"
"等下镇抚司","1","1","2"
"监刘应坤镇","1","1","2"
"刘应坤镇守","1","1","2"
"应坤镇守山","1","1","2"
"坤镇守山海","1","1","2"
"大学士丁绍","1","1","2"
"学士丁绍轼","1","1","2"
"书王永光等","1","1","2"
"袁崇焕巡抚","1","1","2"
"崇焕巡抚辽","1","1","2"
"焕巡抚辽东","1","1","2"
"南京守备内","1","1","2"
"京守备内臣","1","1","2"
"守备内臣搜","1","1","2"
"佥都御史潘","1","1","2"
"都御史潘汝","1","1","2"
"请建魏忠贤","2","0","2"
"偏沅巡抚都","1","1","2"
"沅巡抚都御","1","1","2"
"抚都御史闵","1","1","2"
"都御史闵梦","1","1","2"
"前扬州知府","1","1","2"
"礼部侍郎施","1","1","2"
"部侍郎施凤","1","1","2"
"招谕水西贼","1","1","2"
"加赐庄田一","1","1","2"
"赐庄田一千","1","1","2"
"九百六十五","1","1","2"
"百六十五人","1","1","2"
"魏良卿铁券","1","1","2"
"守备蔡人龙","1","1","2"
"太监涂文辅","1","1","2"
"监涂文辅总","1","1","2"
"涂文辅总督","1","1","2"
"文辅总督太","1","1","2"
"辅总督太仓","1","1","2"
"总督太仓银","1","1","2"
"督太仓银库","1","1","2"
"李明道提督","1","1","2"
"明道提督漕","1","1","2"
"道提督漕运","1","1","2"
"提督漕运河","1","1","2"
"督漕运河道","1","1","2"
"侯李承祚请","1","1","2"
"知县张斗耀","1","1","2"
"大清兵征朝","1","1","2"
"清兵征朝鲜","1","1","2"
"改河南巡按","1","1","2"
"御史张任学","1","1","2"
"贺逢圣致仕","2","0","2"
"官曹变蛟追","1","1","2"
"谕廷臣修省","2","0","2"
"策试考选官","1","1","2"
"户部尚书程","1","1","2"
"部尚书程国","1","1","2"
"尚书程国祥","1","1","2"
"礼部侍郎方","1","1","2"
"部侍郎方逢","1","1","2"
"侍郎方逢年","1","1","2"
"部侍郎蔡国","1","1","2"
"大理少卿范","1","1","2"
"理少卿范复","1","1","2"
"少卿范复粹","1","1","2"
"杨嗣昌夺情","2","0","2"
"总督蓟辽兵","1","1","2"
"督蓟辽兵部","1","1","2"
"蓟辽兵部侍","1","1","2"
"辽兵部侍郎","1","1","2"
"兵部侍郎吴","1","1","2"
"部侍郎吴阿","1","1","2"
"侍郎吴阿衡","1","1","2"
"致仕大学士","2","0","2"
"孙传庭兵部","2","0","2"
"传庭兵部侍","2","0","2"
"庭兵部侍郎","2","0","2"
"布政使张秉","1","1","2"
"政使张秉文","1","1","2"
"使张秉文等","1","1","2"
"张秉文等死","1","1","2"
"孙传庭会师","1","1","2"
"传庭会师十","1","1","2"
"庭会师十八","1","1","2"
"会师十八万","1","1","2"
"大清兵北归","2","0","2"
"山东七十余","1","1","2"
"东七十余城","1","1","2"
"加上孝纯皇","1","1","2"
"纯皇太后谥","1","1","2"
"夏四月戊申","2","0","2"
"礼部侍郎姚","1","1","2"
"部侍郎姚明","1","1","2"
"侍郎姚明恭","1","1","2"
"兵部侍郎魏","1","1","2"
"部侍郎魏照","1","1","2"
"侍郎魏照乘","1","1","2"
"总兵官罗岱","1","1","2"
"失事巡抚都","1","1","2"
"事巡抚都御","1","1","2"
"抚都御史颜","1","1","2"
"都御史颜继","1","1","2"
"御史颜继祖","1","1","2"
"内臣邓希诏","1","1","2"
"孙茂霖等三","1","1","2"
"茂霖等三十","1","1","2"
"霖等三十三","1","1","2"
"钦定保民四","1","1","2"
"定保民四事","1","1","2"
"保民四事全","1","1","2"
"民四事全书","1","1","2"
"兵部尚书傅","1","1","2"
"部尚书傅宗","1","1","2"
"赐魏藻德等","1","1","2"
"魏藻德等进","1","1","2"
"藻德等进士","1","1","2"
"免河北三府","1","1","2"
"江西巡抚佥","1","1","2"
"西巡抚佥都","1","1","2"
"佥都御史解","1","1","2"
"都御史解学","1","1","2"
"御史解学龙","1","1","2"
"吏部尚书谢","1","1","2"
"部尚书谢升","1","1","2"
"部侍郎陈演","1","1","2"
"汝才犯夔州","2","0","2"
"官秦良玉连","1","1","2"
"总兵官贺人","1","1","2"
"兵官贺人龙","1","1","2"
"官贺人龙等","1","1","2"
"贺人龙等分","1","1","2"
"总兵官孙应","1","1","2"
"兵官孙应元","1","1","2"
"官孙应元等","1","1","2"
"元等大破罗","2","0","2"
"等大破罗汝","2","0","2"
"大破罗汝才","2","0","2"
"巴西鱼腹山","1","1","2"
"西鱼腹山中","1","1","2"
"总兵官张令","1","1","2"
"兵官张令战","1","1","2"
"官张令战死","1","1","2"
"杨嗣昌进军","1","1","2"
"嗣昌进军重","1","1","2"
"昌进军重庆","1","1","2"
"张献忠陷泸","2","0","2"
"献忠陷泸州","2","0","2"
"杀万安王采","1","1","2"
"总兵官猛虎","2","0","2"
"将刘士杰等","1","1","2"
"刘士杰等战","1","1","2"
"士杰等战死","1","1","2"
"吕维祺等死","1","1","2"
"使张克俭等","1","1","2"
"乾清宫左室","1","1","2"
"驸马都尉冉","1","1","2"
"马都尉冉兴","1","1","2"
"郑崇俭下狱","1","1","2"
"大清兵攻锦","1","1","2"
"清兵攻锦州","1","1","2"
"三边侍郎丁","1","1","2"
"边侍郎丁启","1","1","2"
"侍郎丁启睿","1","1","2"
"总兵官虎大","1","1","2"
"兵官虎大威","1","1","2"
"总兵官杨国","1","1","2"
"兵官杨国柱","1","1","2"
"赐薛国观死","1","1","2"
"左良玉大败","1","1","2"
"总督保定侍","1","1","2"
"督保定侍郎","1","1","2"
"保定侍郎杨","1","1","2"
"定侍郎杨文","1","1","2"
"守将刘国能","1","1","2"
"英山望云寨","1","1","2"
"总督陕西都","1","1","2"
"督陕西都御","1","1","2"
"西都御史汪","1","1","2"
"都御史汪乔","1","1","2"
"御史汪乔年","1","1","2"
"都御史丘民","1","1","2"
"御史丘民仰","1","1","2"
"副总兵江翥","1","1","2"
"传庭总督三","1","1","2"
"庭总督三边","1","1","2"
"孙传庭入关","1","1","2"
"戎政侍郎吴","1","1","2"
"书李日宣六","1","1","2"
"李日宣六人","1","1","2"
"方国安四镇","1","1","2"
"国安四镇兵","1","1","2"
"杀都指挥徐","1","1","2"
"都指挥徐良","1","1","2"
"指挥徐良宪","1","1","2"
"死者数十万","2","0","2"
"凤阳总兵官","1","1","2"
"阳总兵官黄","1","1","2"
"援汴总兵官","1","1","2"
"汴总兵官刘","1","1","2"
"总兵官刘超","1","1","2"
"勋臣分守九","1","1","2"
"臣分守九门","1","1","2"
"蓟镇总督赵","1","1","2"
"镇总督赵光","1","1","2"
"辽东督师侍","1","1","2"
"东督师侍郎","1","1","2"
"督师侍郎范","1","1","2"
"师侍郎范志","1","1","2"
"侍郎范志完","1","1","2"
"郎范志完入","1","1","2"
"前总督侍郎","1","1","2"
"总督侍郎杨","1","1","2"
"督侍郎杨文","1","1","2"
"佥事王世琮","1","1","2"
"李成陷襄阳","2","0","2"
"都御史宋一","1","1","2"
"御史宋一鹤","1","1","2"
"守沈寿崇等","1","1","2"
"沈寿崇等死","1","1","2"
"总兵官张登","1","1","2"
"兵官张登科","1","1","2"
"修撰魏藻德","1","1","2"
"张献忠陷武","2","0","2"
"献忠陷武昌","2","0","2"
"籍大学士贺","1","1","2"
"大学士贺逢","1","1","2"
"学士贺逢圣","1","1","2"
"士贺逢圣等","1","1","2"
"贺逢圣等死","1","1","2"
"免直省残破","1","1","2"
"直省残破州","1","1","2"
"省残破州县","1","1","2"
"残破州县三","1","1","2"
"破州县三饷","1","1","2"
"一切常赋二","1","1","2"
"切常赋二年","1","1","2"
"范志完下狱","1","1","2"
"郎中吴昌时","1","1","2"
"凤阳地屡震","2","0","2"
"督师尚书孙","1","1","2"
"师尚书孙传","1","1","2"
"尚书孙传庭","1","1","2"
"李成陷西安","2","0","2"
"抚都御史冯","1","1","2"
"都御史冯师","1","1","2"
"御史冯师孔","1","1","2"
"部侍郎李建","1","1","2"
"侍郎李建泰","1","1","2"
"副都御史方","1","1","2"
"都御史方岳","1","1","2"
"御史方岳贡","1","1","2"
"兵备副使都","1","1","2"
"备副使都任","1","1","2"
"山西州县相","1","1","2"
"西州县相继","1","1","2"
"都御史林日","1","1","2"
"御史林日瑞","1","1","2"
"幸正阳门楼","1","1","2"
"工部尚书范","1","1","2"
"礼部侍郎丘","1","1","2"
"部侍郎丘瑜","1","1","2"
"瑜东阁大学","2","0","2"
"抚都御史蔡","1","1","2"
"都御史蔡懋","1","1","2"
"御史蔡懋德","1","1","2"
"史蔡懋德等","1","1","2"
"总兵官周遇","1","1","2"
"兵官周遇吉","1","1","2"
"退守宁武关","1","1","2"
"杜勋等十人","1","1","2"
"勋等十人监","1","1","2"
"等十人监视","1","1","2"
"真定知府丘","1","1","2"
"定知府丘茂","1","1","2"
"知府丘茂华","1","1","2"
"府丘茂华杀","1","1","2"
"总督侍郎徐","1","1","2"
"督侍郎徐标","1","1","2"
"诏天下勤王","2","0","2"
"右庶子李明","1","1","2"
"庶子李明睿","1","1","2"
"子李明睿请","1","1","2"
"总兵官姜瑰","1","1","2"
"抚都御史卫","1","1","2"
"都御史卫景","1","1","2"
"御史卫景瑗","1","1","2"
"诸镇兵入援","2","0","2"
"兵官唐通入","1","1","2"
"抚都御史朱","1","1","2"
"大学士范景","1","1","2"
"学士范景文","1","1","2"
"死者数十人","1","1","2"
"启田贵妃墓","1","1","2"
"慨然思非常","1","1","2"
"建文元年夏","1","1","2"
"文元年夏六","1","1","2"
"元年夏六月","1","1","2"
"燕山百户倪","1","1","2"
"山百户倪谅","1","1","2"
"百户倪谅告","1","1","2"
"都指挥使谢","1","1","2"
"指挥使谢贵","1","1","2"
"密诏诸王统","1","1","2"
"大将军部校","1","1","2"
"将军部校张","1","1","2"
"军部校张保","1","1","2"
"营滹沱河南","2","0","2"
"谭渊等夹击","1","1","2"
"都督顾成等","1","1","2"
"景隆合兵五","1","1","2"
"隆合兵五十","1","1","2"
"合兵五十万","1","1","2"
"朵颜三卫卒","2","0","2"
"张玉将中军","2","0","2"
"朱能将左军","2","0","2"
"李彬将右军","2","0","2"
"房宽将后军","2","0","2"
"都督陈晖侦","1","1","2"
"景隆进兵河","1","1","2"
"隆进兵河间","1","1","2"
"剑折走登堤","1","1","2"
"溺死者十余","1","1","2"
"死者十余万","1","1","2"
"者十余万人","1","1","2"
"少卿薛岩报","2","0","2"
"南北阵亡将","1","1","2"
"北阵亡将士","1","1","2"
"言京师空虚","1","1","2"
"十二月丙寅","2","0","2"
"番骑王骐跃","1","1","2"
"骑王骐跃入","1","1","2"
"千余人守桥","1","1","2"
"大战齐眉山","1","1","2"
"战齐眉山下","1","1","2"
"休军小河东","1","1","2"
"平安分兵六","1","1","2"
"安分兵六万","1","1","2"
"分兵六万人","1","1","2"
"陈晖等三十","1","1","2"
"晖等三十七","1","1","2"
"诸将议所向","2","0","2"
"凤阳楼橹完","1","1","2"
"乘胜直趋扬","1","1","2"
"胜直趋扬州","1","1","2"
"督佥事陈瑄","2","0","2"
"佥事陈瑄舟","2","0","2"
"事陈瑄舟师","2","0","2"
"陈瑄舟师叛","2","0","2"
"王分命诸将","1","1","2"
"下令抚安军","1","1","2"
"令抚安军民","1","1","2"
"方孝孺等五","1","1","2"
"孝孺等五十","1","1","2"
"孺等五十余","1","1","2"
"葬建文皇帝","1","1","2"
"迁兴宗孝康","1","1","2"
"孝康皇帝主","1","1","2"
"称懿文太子","1","1","2"
"秋七月壬午","2","0","2"
"前北平按察","1","1","2"
"平按察使陈","1","1","2"
"复建文朝废","1","1","2"
"改封吴王允","1","1","2"
"随母妃吕氏","1","1","2"
"母妃吕氏居","1","1","2"
"妃吕氏居懿","1","1","2"
"吕氏居懿文","1","1","2"
"氏居懿文太","1","1","2"
"居懿文太子","1","1","2"
"文太子陵园","1","1","2"
"府尹薛正言","1","1","2"
"尹薛正言等","1","1","2"
"薛正言等巡","1","1","2"
"正言等巡视","1","1","2"
"言等巡视山","1","1","2"
"等巡视山西","1","1","2"
"编修黄淮入","1","1","2"
"命侍读胡广","1","1","2"
"编修杨士奇","1","1","2"
"检讨金幼孜","1","1","2"
"兵部尚书铁","1","1","2"
"部尚书铁铉","1","1","2"
"封丘福淇国","1","1","2"
"丘福淇国公","1","1","2"
"朱能成国公","1","1","2"
"马都尉王宁","1","1","2"
"同知王佐皆","1","1","2"
"命北平州县","1","1","2"
"北平州县弃","1","1","2"
"平州县弃官","1","1","2"
"朱宁等二百","1","1","2"
"宁等二百一","1","1","2"
"二百一十九","1","1","2"
"一十九人入","1","1","2"
"十九人入粟","1","1","2"
"九人入粟免","1","1","2"
"人入粟免死","1","1","2"
"远侯顾成镇","1","1","2"
"废广泽王允","1","1","2"
"十二月癸丑","2","0","2"
"母仁孝文皇","1","1","2"
"仁孝文皇后","1","1","2"
"周三世子分","1","1","2"
"三世子分阅","1","1","2"
"世子分阅卫","1","1","2"
"子分阅卫士","1","1","2"
"拒李景隆五","1","1","2"
"李景隆五十","1","1","2"
"景隆五十万","1","1","2"
"宦寺黄俨等","1","1","2"
"吾知尽子职","2","0","2"
"后黄俨等谋","1","1","2"
"黄俨等谋立","1","1","2"
"俨等谋立高","1","1","2"
"等谋立高燧","1","1","2"
"皇太孙迎丧","1","1","2"
"太孙迎丧开","1","1","2"
"孙迎丧开平","1","1","2"
"定侯孟瑛镇","1","1","2"
"城伯李隆镇","1","1","2"
"武进伯朱荣","1","1","2"
"进伯朱荣镇","1","1","2"
"讨广西叛蛮","1","1","2"
"都指挥方政","1","1","2"
"指挥同知伍","1","1","2"
"挥同知伍云","1","1","2"
"召尚书黄福","1","1","2"
"遣右都御史","1","1","2"
"都御史王彰","1","1","2"
"御史王彰抚","1","1","2"
"史王彰抚恤","1","1","2"
"指挥同知陈","1","1","2"
"挥同知陈忠","1","1","2"
"同知陈忠战","1","1","2"
"知陈忠战死","1","1","2"
"赐吏部尚书","1","1","2"
"金幼孜银章","1","1","2"
"两京户部行","1","1","2"
"诏天下都司","1","1","2"
"都司卫所修","1","1","2"
"司卫所修治","1","1","2"
"卫所修治城","1","1","2"
"所修治城池","1","1","2"
"四方雨泽章","1","1","2"
"方雨泽章奏","1","1","2"
"雨泽章奏送","1","1","2"
"建文诸臣家","1","1","2"
"文诸臣家属","1","1","2"
"阿鲁台贡马","2","0","2"
"赐户部尚书","1","1","2"
"书夏原吉绳","1","1","2"
"夏原吉绳愆","1","1","2"
"原吉绳愆纠","1","1","2"
"吉绳愆纠缪","1","1","2"
"都督方政同","1","1","2"
"督方政同荣","1","1","2"
"方政同荣昌","1","1","2"
"政同荣昌伯","1","1","2"
"同荣昌伯陈","1","1","2"
"昌伯陈智镇","1","1","2"
"天下三司官","1","1","2"
"下三司官姓","1","1","2"
"三司官姓名","1","1","2"
"洪熙元年春","1","1","2"
"熙元年春正","1","1","2"
"御奉天门受","2","0","2"
"群臣修举职","2","0","2"
"臣修举职业","2","0","2"
"按察使胡概","1","1","2"
"太宗神主祔","2","0","2"
"参将安平伯","1","1","2"
"将安平伯李","1","1","2"
"昌伯陈智同","1","1","2"
"伯陈智同镇","1","1","2"
"陈智同镇交","1","1","2"
"诏北京诸司","2","0","2"
"复北京行部","1","1","2"
"夏四月壬寅","2","0","2"
"西角门诏大","1","1","2"
"角门诏大学","1","1","2"
"门诏大学士","1","1","2"
"诏大学士杨","1","1","2"
"士杨士奇草","1","1","2"
"士奇就门楼","1","1","2"
"奇就门楼书","1","1","2"
"侍读李时勉","1","1","2"
"侍讲罗汝敬","1","1","2"
"遣使召皇太","1","1","2"
"使召皇太子","1","1","2"
"仁宗世子居","2","0","2"
"宗世子居守","2","0","2"
"定侯孟善镇","1","1","2"
"贻书鬼力赤","2","0","2"
"阴侯吴高镇","1","1","2"
"都司大宁都","2","0","2"
"司大宁都司","2","0","2"
"大宁地畀兀","2","0","2"
"宁地畀兀良","2","0","2"
"地畀兀良哈","2","0","2"
"都督佥事宣","1","1","2"
"督佥事宣信","1","1","2"
"佥事宣信充","1","1","2"
"袭陈氏封爵","1","1","2"
"夏原吉治苏","2","0","2"
"襄城伯李濬","2","0","2"
"驸马都尉袁","1","1","2"
"马都尉袁容","1","1","2"
"都尉袁容等","1","1","2"
"尉袁容等三","1","1","2"
"袁容等三人","1","1","2"
"秋七月庚寅","2","0","2"
"苏州等十郡","1","1","2"
"浙江等九省","1","1","2"
"江等九省富","1","1","2"
"等九省富民","1","1","2"
"命宝源局铸","1","1","2"
"遣中官马彬","1","1","2"
"夺历城侯盛","1","1","2"
"城侯盛庸爵","1","1","2"
"六科办事官","1","1","2"
"召世子高炽","1","1","2"
"改封敷惠王","1","1","2"
"奉懿文太子","1","1","2"
"琉球国山南","1","1","2"
"球国山南王","1","1","2"
"远伯王友充","1","1","2"
"率舟师巡海","1","1","2"
"封哈密安克","1","1","2"
"哈密安克帖","1","1","2"
"密安克帖木","1","1","2"
"徙山西民万","2","0","2"
"山西民万户","2","0","2"
"西民万户实","2","0","2"
"民万户实北","2","0","2"
"万户实北京","2","0","2"
"侯耿炳文家","1","1","2"
"保定田租二","1","1","2"
"定田租二年","1","1","2"
"赵王高燧居","1","1","2"
"王高燧居守","1","1","2"
"高燧居守北","1","1","2"
"燧居守北京","1","1","2"
"使西洋诸国","1","1","2"
"中官山寿等","1","1","2"
"山入贡者三","2","0","2"
"设辽东开原","1","1","2"
"赐林环等进","1","1","2"
"林环等进士","1","1","2"
"袭杀陈天平","1","1","2"
"朱能征夷将","2","0","2"
"能征夷将军","2","0","2"
"大理卿陈洽","1","1","2"
"理卿陈洽督","1","1","2"
"父子首恶必","1","1","2"
"子首恶必诛","1","1","2"
"诏明年五月","1","1","2"
"沐晟率师会","1","1","2"
"赦天下殊死","1","1","2"
"张辅大破安","2","0","2"
"辅大破安南","2","0","2"
"大破安南兵","2","0","2"
"回回结牙曲","1","1","2"
"回结牙曲进","1","1","2"
"翰林学士解","1","1","2"
"林学士解缙","1","1","2"
"永乐二年六","1","1","2"
"乐二年六月","1","1","2"
"左都督何福","1","1","2"
"都督何福镇","1","1","2"
"犯死罪减等","2","0","2"
"除北京永乐","1","1","2"
"北京永乐五","1","1","2"
"京永乐五年","1","1","2"
"永乐五年前","2","0","2"
"乐五年前逋","2","0","2"
"五年前逋赋","2","0","2"
"免诸色课程","1","1","2"
"诸色课程三","1","1","2"
"色课程三年","1","1","2"
"宁阳伯陈懋","1","1","2"
"阳伯陈懋镇","1","1","2"
"山西永乐五","1","1","2"
"西永乐五年","1","1","2"
"封都督佥事","1","1","2"
"都督佥事柳","1","1","2"
"督佥事柳升","1","1","2"
"晟简定战生","2","0","2"
"简定战生厥","2","0","2"
"定战生厥江","2","0","2"
"参政刘昱死","1","1","2"
"立本雅失里","1","1","2"
"赐百官上元","1","1","2"
"百官上元节","1","1","2"
"官上元节假","1","1","2"
"巡狩所经郡","1","1","2"
"狩所经郡县","1","1","2"
"致仕知府刘","1","1","2"
"仕知府刘彦","1","1","2"
"知府刘彦才","1","1","2"
"府刘彦才等","1","1","2"
"刘彦才等九","1","1","2"
"彦才等九十","1","1","2"
"才等九十二","1","1","2"
"等九十二人","1","1","2"
"九十二人分","1","1","2"
"北京效力人","1","1","2"
"京效力人民","1","1","2"
"命皇太子所","1","1","2"
"罪必五覆奏","2","0","2"
"察北巡郡县","1","1","2"
"北巡郡县长","1","1","2"
"巡郡县长吏","1","1","2"
"汶上知县史","1","1","2"
"上知县史诚","1","1","2"
"知县史诚祖","1","1","2"
"县史诚祖治","1","1","2"
"史诚祖治行","1","1","2"
"诚祖治行第","1","1","2"
"祖治行第一","1","1","2"
"易州同知张","1","1","2"
"州同知张腾","1","1","2"
"使本雅失里","1","1","2"
"御史洪秉等","1","1","2"
"史洪秉等四","1","1","2"
"洪秉等四人","1","1","2"
"安侯郑亨率","1","1","2"
"郭亮备御开","1","1","2"
"亮备御开平","1","1","2"
"获简定美良","2","0","2"
"榜葛剌入贡","2","0","2"
"阳侯陈懋随","1","1","2"
"侯陈懋随征","1","1","2"
"陈懋随征漠","1","1","2"
"懋随征漠北","1","1","2"
"书夏原吉辅","1","1","2"
"皇长孙瞻基","2","0","2"
"瞻基留守北","1","1","2"
"基留守北京","1","1","2"
"皇太子录囚","2","0","2"
"清远侯王友","1","1","2"
"远侯王友督","1","1","2"
"侯王友督中","1","1","2"
"王友督中军","1","1","2"
"安远伯柳升","1","1","2"
"宁远侯何福","1","1","2"
"安侯郑亨督","1","1","2"
"侯郑亨督左","1","1","2"
"广恩伯刘才","1","1","2"
"渡饮马河追","1","1","2"
"本雅失里七","2","0","2"
"雅失里七骑","2","0","2"
"失里七骑遁","2","0","2"
"回回哈剌马","1","1","2"
"回哈剌马牙","1","1","2"
"哈剌马牙杀","1","1","2"
"剌马牙杀都","1","1","2"
"马牙杀都指","1","1","2"
"牙杀都指挥","1","1","2"
"杀都指挥刘","1","1","2"
"都指挥刘秉","1","1","2"
"指挥刘秉谦","1","1","2"
"千户朱迪等","1","1","2"
"进封柳升安","1","1","2"
"封柳升安远","1","1","2"
"柳升安远侯","1","1","2"
"宁夏都指挥","1","1","2"
"夏都指挥王","1","1","2"
"昌化千户所","1","1","2"
"工部尚书宋","1","1","2"
"部尚书宋礼","1","1","2"
"尚书宋礼开","1","1","2"
"宋礼开会通","2","0","2"
"礼开会通河","2","0","2"
"赐萧时中等","1","1","2"
"萧时中等进","1","1","2"
"时中等进士","1","1","2"
"祥符县黄河","1","1","2"
"符县黄河故","1","1","2"
"县黄河故道","1","1","2"
"右参议解缙","1","1","2"
"封哈密兔力","1","1","2"
"哈密兔力帖","1","1","2"
"密兔力帖木","1","1","2"
"都指挥葛森","1","1","2"
"指挥葛森镇","1","1","2"
"泰宁三卫罪","1","1","2"
"命府部诸臣","1","1","2"
"府部诸臣陈","1","1","2"
"讨甘肃叛寇","1","1","2"
"甘肃叛寇八","1","1","2"
"肃叛寇八耳","1","1","2"
"叛寇八耳思","1","1","2"
"寇八耳思朵","1","1","2"
"八耳思朵罗","1","1","2"
"耳思朵罗歹","1","1","2"
"赐马铎等进","1","1","2"
"马铎等进士","1","1","2"
"免北京水灾","1","1","2"
"侍讲杨荣经","1","1","2"
"讲杨荣经略","1","1","2"
"杨荣经略甘","1","1","2"
"荣经略甘肃","1","1","2"
"始设贵州布","1","1","2"
"北京民户分","1","1","2"
"京民户分养","1","1","2"
"葬仁孝皇后","1","1","2"
"玺书命皇太","1","1","2"
"书命皇太子","1","1","2"
"命皇太子录","2","0","2"
"应城伯孙岩","1","1","2"
"城伯孙岩备","1","1","2"
"沐晟大败交","1","1","2"
"琉球山南入","1","1","2"
"黄福参赞南","1","1","2"
"南京守备机","1","1","2"
"尊皇太后太","2","0","2"
"坊司乐工三","1","1","2"
"司乐工三千","1","1","2"
"乐工三千八","1","1","2"
"工三千八百","1","1","2"
"三千八百余","1","1","2"
"久旱考察布","1","1","2"
"松荒田税粮","1","1","2"
"荒田税粮减","1","1","2"
"田税粮减除","1","1","2"
"税粮减除二","1","1","2"
"粮减除二百","1","1","2"
"减除二百七","1","1","2"
"除二百七十","1","1","2"
"夫四千七百","1","1","2"
"四千七百余","1","1","2"
"诏督漕总兵","1","1","2"
"犯凉州镇番","1","1","2"
"总兵官陈懋","1","1","2"
"禁军三万人","1","1","2"
"赐周旋等进","1","1","2"
"周旋等进士","1","1","2"
"右都督蒋贵","1","1","2"
"督同知赵安","1","1","2"
"讨阿台朵伯","2","0","2"
"州总兵官萧","1","1","2"
"讨广西蒙顾","1","1","2"
"广西蒙顾十","1","1","2"
"西蒙顾十六","1","1","2"
"蒙顾十六洞","1","1","2"
"顾十六洞贼","1","1","2"
"尚书王骥经","1","1","2"
"书王骥经理","1","1","2"
"王骥经理甘","1","1","2"
"骥经理甘肃","1","1","2"
"经理甘肃边","1","1","2"
"尚书魏源经","1","1","2"
"书魏源经理","1","1","2"
"魏源经理大","1","1","2"
"源经理大同","1","1","2"
"经理大同边","1","1","2"
"免陕西平凉","1","1","2"
"陕西平凉六","1","1","2"
"西平凉六府","1","1","2"
"平凉六府旱","1","1","2"
"凉六府旱灾","1","1","2"
"赵安袭击阿","1","1","2"
"安袭击阿台","1","1","2"
"袭击阿台朵","1","1","2"
"立大同马市","1","1","2"
"征南将军黔","1","1","2"
"南将军黔国","1","1","2"
"将军黔国公","1","1","2"
"军黔国公沐","1","1","2"
"麓川叛蛮思","1","1","2"
"川叛蛮思任","1","1","2"
"叛蛮思任发","1","1","2"
"下礼部尚书","1","1","2"
"御史陈智等","1","1","2"
"兵官萧授平","1","1","2"
"贵州计砂叛","1","1","2"
"州计砂叛苗","1","1","2"
"都督沐昂征","1","1","2"
"安充总兵官","2","0","2"
"侍讲学士马","1","1","2"
"讲学士马愉","1","1","2"
"侍讲曹鼐入","1","1","2"
"理少卿李畛","1","1","2"
"郎何文渊等","1","1","2"
"何文渊等分","1","1","2"
"十二月壬午","2","0","2"
"刑科事中郭","2","0","2"
"科事中郭瑾","2","0","2"
"事中郭瑾录","2","0","2"
"中郭瑾录南","2","0","2"
"郭瑾录南京","2","0","2"
"瑾录南京刑","2","0","2"
"秋七月丁未","2","0","2"
"副总兵李安","1","1","2"
"赐刘俨等进","1","1","2"
"刘俨等进士","1","1","2"
"立皇后钱氏","1","1","2"
"户部侍郎焦","1","1","2"
"部侍郎焦宏","1","1","2"
"命王骥总督","1","1","2"
"王骥总督云","1","1","2"
"骥总督云南","1","1","2"
"总督云南军","1","1","2"
"督云南军务","1","1","2"
"冬十月壬辰","2","0","2"
"汰南京冗官","1","1","2"
"命平蛮将军","1","1","2"
"平蛮将军蒋","1","1","2"
"蛮将军蒋贵","1","1","2"
"秋七月戊午","2","0","2"
"酒李时勉荷","2","0","2"
"李时勉荷校","2","0","2"
"宣宗废后胡","2","0","2"
"宗废后胡氏","2","0","2"
"民税粮二年","1","1","2"
"驸马都尉焦","1","1","2"
"马都尉焦敬","1","1","2"
"新建太学成","2","0","2"
"封陈怀平乡","1","1","2"
"陈怀平乡伯","1","1","2"
"翰林学士陈","1","1","2"
"林学士陈循","1","1","2"
"赤斤蒙古饥","1","1","2"
"刑部侍郎马","1","1","2"
"部侍郎马昂","1","1","2"
"杀福建参议","1","1","2"
"福建参议竺","1","1","2"
"建参议竺渊","1","1","2"
"经理西北边","1","1","2"
"兀良哈贡马","2","0","2"
"免湖广旱灾","1","1","2"
"湖广旱灾秋","1","1","2"
"广旱灾秋粮","1","1","2"
"湖十四府州","1","1","2"
"州水灾秋粮","1","1","2"
"侍读学士苗","1","1","2"
"读学士苗衷","1","1","2"
"侍讲学士高","1","1","2"
"讲学士高谷","1","1","2"
"太监王振等","1","1","2"
"监王振等弟","1","1","2"
"王振等弟侄","1","1","2"
"振等弟侄世","1","1","2"
"等弟侄世袭","1","1","2"
"弟侄世袭锦","1","1","2"
"侄世袭锦衣","1","1","2"
"袭锦衣卫官","1","1","2"
"等锦衣卫狱","2","0","2"
"化州知州茅","1","1","2"
"杀千户汪义","1","1","2"
"赉诸边军士","2","0","2"
"大理少卿张","1","1","2"
"理少卿张骥","1","1","2"
"养宣慰司献","1","1","2"
"宣慰司献思","1","1","2"
"慰司献思机","1","1","2"
"司献思机发","1","1","2"
"赐彭时等进","1","1","2"
"彭时等进士","1","1","2"
"都督同知宫","1","1","2"
"督同知宫聚","1","1","2"
"刑部侍郎丁","1","1","2"
"部侍郎丁铉","1","1","2"
"侍郎丁铉抚","1","1","2"
"秋七月乙酉","2","0","2"
"贼邓茂七作","1","1","2"
"邓茂七作乱","1","1","2"
"阳侯陈懋充","1","1","2"
"保定伯梁珤","2","0","2"
"平江伯陈豫","1","1","2"
"金濂参赞军","1","1","2"
"濂参赞军务","1","1","2"
"永康侯徐安","1","1","2"
"指挥刘福击","1","1","2"
"指挥佥事徐","1","1","2"
"挥佥事徐恭","1","1","2"
"讨处州贼叶","1","1","2"
"杀都指挥吴","1","1","2"
"都指挥吴刚","1","1","2"
"贵州苗贼大","1","1","2"
"史十三人同","1","1","2"
"十三人同中","1","1","2"
"三人同中官","1","1","2"
"太监金英同","1","1","2"
"监金英同法","1","1","2"
"读学士张益","1","1","2"
"巡按福建御","1","1","2"
"按福建御史","1","1","2"
"福建御史汪","1","1","2"
"建御史汪澄","1","1","2"
"巡按御史柴","1","1","2"
"按御史柴文","1","1","2"
"都指挥高亮","1","1","2"
"指挥高亮战","1","1","2"
"挥高亮战死","1","1","2"
"南京谨身诸","1","1","2"
"京谨身诸殿","1","1","2"
"宁侯宋瑛总","1","1","2"
"侯宋瑛总督","1","1","2"
"宋瑛总督大","1","1","2"
"瑛总督大同","1","1","2"
"总督大同兵","1","1","2"
"督大同兵马","1","1","2"
"都督吴克勤","1","1","2"
"督吴克勤战","1","1","2"
"皇太后命立","2","0","2"
"太后命立皇","2","0","2"
"立皇子见深","2","0","2"
"皇子见深皇","2","0","2"
"恭仁康定景","1","1","2"
"仁康定景皇","1","1","2"
"康定景皇帝","1","1","2"
"十四年秋八","1","1","2"
"四年秋八月","1","1","2"
"运粮诸军入","1","1","2"
"粮诸军入卫","1","1","2"
"都督石亨总","1","1","2"
"皇帝太上皇","2","0","2"
"景泰二年田","1","1","2"
"泰二年田租","1","1","2"
"二年田租十","1","1","2"
"指挥佥事季","1","1","2"
"挥佥事季铎","1","1","2"
"佥事季铎奉","1","1","2"
"事季铎奉皇","1","1","2"
"季铎奉皇太","1","1","2"
"铎奉皇太后","1","1","2"
"总兵官安乡","1","1","2"
"兵官安乡伯","1","1","2"
"官安乡伯张","1","1","2"
"挥佥事王清","1","1","2"
"督同知陈友","1","1","2"
"拥上皇大同","2","0","2"
"诸将分守九","1","1","2"
"将分守九门","1","1","2"
"右通政王复","1","1","2"
"太常少卿赵","1","1","2"
"常少卿赵荣","1","1","2"
"调河州诸卫","1","1","2"
"昌平伯杨洪","1","1","2"
"平伯杨洪充","1","1","2"
"剿畿内余寇","1","1","2"
"侍郎耿九畴","1","1","2"
"上圣皇太后","1","1","2"
"讨贵州叛苗","2","0","2"
"都督同知董","1","1","2"
"督同知董兴","1","1","2"
"户部侍郎孟","1","1","2"
"部侍郎孟鉴","1","1","2"
"同总兵官郭","1","1","2"
"总兵官郭登","1","1","2"
"死事诸臣后","2","0","2"
"免畿内逋赋","2","0","2"
"夏四月丙子","2","0","2"
"广东都指挥","1","1","2"
"东都指挥李","1","1","2"
"都指挥李升","1","1","2"
"大理寺丞李","1","1","2"
"理寺丞李茂","1","1","2"
"瓦剌寇雁门","2","0","2"
"同知刘安充","1","1","2"
"都御史曹泰","1","1","2"
"黄萧养伏诛","1","1","2"
"副总兵田礼","1","1","2"
"总兵田礼大","1","1","2"
"太监金英家","1","1","2"
"监金英家人","1","1","2"
"瓦剌寇宣府","2","0","2"
"灾州县税粮","1","1","2"
"大理寺丞罗","1","1","2"
"理寺丞罗绮","1","1","2"
"部右侍郎江","1","1","2"
"右侍郎江渊","1","1","2"
"巡抚河南副","1","1","2"
"抚河南副都","1","1","2"
"河南副都御","1","1","2"
"诏天下朝觐","1","1","2"
"山东巡抚官","1","1","2"
"赐柯潜等进","1","1","2"
"柯潜等进士","1","1","2"
"游击将军石","1","1","2"
"击将军石彪","1","1","2"
"将军石彪等","1","1","2"
"军石彪等巡","1","1","2"
"命石亨选京","1","1","2"
"书石璞总督","1","1","2"
"石璞总督军","1","1","2"
"璞总督军务","1","1","2"
"秋七月戊申","2","0","2"
"冬十月己丑","2","0","2"
"部左侍郎王","1","1","2"
"左侍郎王一","1","1","2"
"侍郎王一宁","1","1","2"
"书金濂违诏","2","0","2"
"湖广巴马苗","1","1","2"
"孟二氏子孙","1","1","2"
"薛希琏等分","1","1","2"
"命都御史王","1","1","2"
"王文巡视安","1","1","2"
"开处州银场","1","1","2"
"佥事石彪协","1","1","2"
"都督同知卫","1","1","2"
"督同知卫颍","1","1","2"
"都督方瑛平","1","1","2"
"白石崖诸苗","1","1","2"
"曹吉祥节制","1","1","2"
"开建宁银场","1","1","2"
"冬十月庚寅","2","0","2"
"平江侯陈豫","1","1","2"
"赐孙贤等进","1","1","2"
"孙贤等进士","1","1","2"
"总督两广副","1","1","2"
"督两广副都","1","1","2"
"两广副都御","1","1","2"
"广副都御史","1","1","2"
"都御史马昂","1","1","2"
"礼部郎中章","1","1","2"
"部郎中章纶","1","1","2"
"请复沂王皇","2","0","2"
"复沂王皇太","2","0","2"
"沂王皇太子","2","0","2"
"命天下巡抚","1","1","2"
"下巡抚官赴","1","1","2"
"巡抚官赴京","1","1","2"
"抚官赴京师","1","1","2"
"史刘广衡巡","1","1","2"
"刘广衡巡抚","1","1","2"
"广衡巡抚浙","1","1","2"
"衡巡抚浙江","1","1","2"
"太监王诚同","1","1","2"
"监王诚同法","1","1","2"
"理少卿李茂","1","1","2"
"少卿李茂等","1","1","2"
"大理少卿廖","1","1","2"
"理少卿廖庄","1","1","2"
"松饥民米麦","1","1","2"
"饥民米麦一","1","1","2"
"民米麦一百","1","1","2"
"米麦一百余","1","1","2"
"麦一百余万","1","1","2"
"平蛮将军充","1","1","2"
"葬肃孝皇后","1","1","2"
"方瑛大破湖","1","1","2"
"瑛大破湖广","1","1","2"
"明年元旦朝","1","1","2"
"年元旦朝贺","1","1","2"
"贞等迎上皇","2","0","2"
"等迎上皇复","2","0","2"
"迎上皇复位","2","0","2"
"皇太后吴氏","1","1","2"
"武成中卫军","1","1","2"
"成中卫军二","1","1","2"
"中卫军二百","1","1","2"
"卫军二百户","1","1","2"
"军二百户守","1","1","2"
"化十一年十","1","1","2"
"世宗钦天履","1","1","2"
"宗钦天履道","1","1","2"
"钦天履道英","1","1","2"
"天履道英毅","1","1","2"
"宣文广武洪","1","1","2"
"文广武洪仁","1","1","2"
"广武洪仁大","1","1","2"
"武洪仁大孝","1","1","2"
"洪仁大孝肃","1","1","2"
"仁大孝肃皇","1","1","2"
"大孝肃皇帝","1","1","2"
"长史袁宗皋","1","1","2"
"大行皇帝筵","2","0","2"
"议兴献王封","1","1","2"
"吏部侍郎袁","1","1","2"
"部侍郎袁宗","1","1","2"
"侍郎袁宗皋","1","1","2"
"军校三万余","1","1","2"
"校三万余人","1","1","2"
"立兴献王庙","1","1","2"
"监局寺厂司","1","1","2"
"局寺厂司库","1","1","2"
"匠役投充新","1","1","2"
"役投充新设","1","1","2"
"德平知县龚","1","1","2"
"平知县龚谅","1","1","2"
"知县龚谅死","1","1","2"
"祖母宪宗贵","1","1","2"
"母宪宗贵妃","1","1","2"
"宪宗贵妃邵","1","1","2"
"宗贵妃邵氏","1","1","2"
"封王守仁新","1","1","2"
"王守仁新建","1","1","2"
"守仁新建伯","1","1","2"
"清宁宫后殿","1","1","2"
"都御史许铭","1","1","2"
"曰兴国太后","2","0","2"
"总兵官杭雄","1","1","2"
"总督军务右","1","1","2"
"督军务右都","1","1","2"
"军务右都御","1","1","2"
"务右都御史","1","1","2"
"右都御史俞","1","1","2"
"兵官鲁纲讨","1","1","2"
"官鲁纲讨平","1","1","2"
"鲁纲讨平河","1","1","2"
"纲讨平河南","1","1","2"
"命两京三品","1","1","2"
"犯密云石塘","1","1","2"
"密云石塘岭","1","1","2"
"杀指挥使殷","1","1","2"
"指挥使殷隆","1","1","2"
"免嘉靖元年","1","1","2"
"嘉靖元年天","1","1","2"
"靖元年天下","1","1","2"
"元年天下税","1","1","2"
"年天下税粮","1","1","2"
"都指挥王纲","1","1","2"
"指挥王纲战","1","1","2"
"挥王纲战死","1","1","2"
"陕西同时地","2","0","2"
"西同时地震","2","0","2"
"刑部主事桂","1","1","2"
"部主事桂萼","1","1","2"
"主事桂萼请","1","1","2"
"事桂萼请改","1","1","2"
"桂萼请改称","1","1","2"
"萼请改称孝","1","1","2"
"上昭圣皇太","1","1","2"
"后尊号曰昭","2","0","2"
"尊号曰昭圣","2","0","2"
"昭圣康惠慈","1","1","2"
"圣康惠慈寿","1","1","2"
"康惠慈寿皇","1","1","2"
"惠慈寿皇太","1","1","2"
"上兴国太后","1","1","2"
"兴国太后尊","1","1","2"
"国太后尊号","1","1","2"
"追尊兴献帝","1","1","2"
"修邹守益请","1","1","2"
"兴献帝称考","1","1","2"
"献帝称考立","1","1","2"
"帝称考立庙","1","1","2"
"献皇帝神主","2","0","2"
"吏部尚书石","1","1","2"
"下员外郎马","1","1","2"
"员外郎马理","1","1","2"
"外郎马理等","1","1","2"
"郎马理等一","1","1","2"
"马理等一百","1","1","2"
"理等一百三","1","1","2"
"死者十六人","2","0","2"
"奉安献皇帝","2","0","2"
"杖修撰杨慎","1","1","2"
"都御史张文","1","1","2"
"御史张文锦","1","1","2"
"吏部侍郎贾","1","1","2"
"部侍郎贾咏","1","1","2"
"书金献民总","1","1","2"
"都督佥事杭","1","1","2"
"督佥事杭雄","1","1","2"
"佥事杭雄充","1","1","2"
"太监张忠提","1","1","2"
"监张忠提督","1","1","2"
"张忠提督军","1","1","2"
"部侍郎胡瓒","1","1","2"
"侍郎胡瓒提","1","1","2"
"郎胡瓒提督","1","1","2"
"胡瓒提督宣","1","1","2"
"都督鲁纲充","1","1","2"
"鲁迷国贡狮","2","0","2"
"迷国贡狮子","2","0","2"
"兵官姜奭击","2","0","2"
"官姜奭击败","2","0","2"
"赐庐州知府","1","1","2"
"庐州知府龙","1","1","2"
"州知府龙诰","1","1","2"
"命道士邵元","1","1","2"
"参将王经战","1","1","2"
"将王经战死","1","1","2"
"参将关山战","1","1","2"
"将关山战死","1","1","2"
"礼部侍郎翟","1","1","2"
"部侍郎翟銮","1","1","2"
"部尚书王守","1","1","2"
"尚书王守仁","1","1","2"
"刑部尚书颜","1","1","2"
"部尚书颜颐","1","1","2"
"大理寺卿汤","1","1","2"
"理寺卿汤沐","1","1","2"
"寺卿汤沐等","1","1","2"
"少詹事方献","1","1","2"
"詹事方献夫","1","1","2"
"击败小王子","1","1","2"
"考核天下巡","1","1","2"
"核天下巡抚","1","1","2"
"右都御史伍","1","1","2"
"都御史伍文","1","1","2"
"御史伍文定","1","1","2"
"兵部尚书提","1","1","2"
"部尚书提督","1","1","2"
"尚书提督军","1","1","2"
"书提督军务","1","1","2"
"郎梁材督理","1","1","2"
"讨云南叛蛮","1","1","2"
"尊章圣皇太","1","1","2"
"章圣慈仁皇","1","1","2"
"圣慈仁皇太","1","1","2"
"慈仁皇太后","1","1","2"
"立顺妃张氏","1","1","2"
"葬悼灵皇后","1","1","2"
"赐罗洪先等","1","1","2"
"罗洪先等进","1","1","2"
"洪先等进士","1","1","2"
"秋七月甲午","2","0","2"
"下郎中魏应","1","1","2"
"中魏应召等","1","1","2"
"皇后亲蚕北","2","0","2"
"秋八月壬午","2","0","2"
"定孔子谥号","1","1","2"
"四川分守中","1","1","2"
"川分守中官","1","1","2"
"召张孚敬复","2","0","2"
"张孚敬复入","2","0","2"
"孚敬复入阁","2","0","2"
"赐林大钦等","1","1","2"
"林大钦等进","1","1","2"
"大钦等进士","1","1","2"
"续封常遇春","1","1","2"
"免畿内灾秋","2","0","2"
"畿内灾秋粮","2","0","2"
"续封刘基后","1","1","2"
"免南畿灾夏","2","0","2"
"变敕群臣修","2","0","2"
"都御史宋沧","1","1","2"
"抚都御史吴","1","1","2"
"都御史吴山","1","1","2"
"提督侍郎陶","1","1","2"
"督侍郎陶谐","1","1","2"
"十二月己卯","2","0","2"
"总兵官王效","1","1","2"
"总兵梁震击","1","1","2"
"兵梁震击败","1","1","2"
"立德妃方氏","1","1","2"
"总督宣大侍","1","1","2"
"督宣大侍郎","1","1","2"
"宣大侍郎张","1","1","2"
"大侍郎张瓒","1","1","2"
"侍郎张瓒抚","1","1","2"
"参将任杰击","1","1","2"
"将任杰击败","1","1","2"
"南京太庙灾","2","0","2"
"督理仓场中","1","1","2"
"理仓场中官","1","1","2"
"葬孝静皇后","1","1","2"
"召费宏复入","2","0","2"
"费宏复入阁","2","0","2"
"赐韩应龙等","1","1","2"
"韩应龙等进","1","1","2"
"应龙等进士","1","1","2"
"官军四战皆","1","1","2"
"军四战皆败","1","1","2"
"加上两宫皇","1","1","2"
"幸大峪山视","1","1","2"
"指挥赵镗战","1","1","2"
"挥赵镗战死","1","1","2"
"杀参将张国","1","1","2"
"参将张国辅","1","1","2"
"昌国公张鹤","1","1","2"
"国公张鹤龄","1","1","2"
"公张鹤龄下","1","1","2"
"赐茅瓒等进","1","1","2"
"茅瓒等进士","1","1","2"
"书毛伯温参","1","1","2"
"安南莫登庸","1","1","2"
"都指挥周冕","1","1","2"
"指挥周冕战","1","1","2"
"挥周冕战死","1","1","2"
"詹事府事顾","1","1","2"
"事府事顾鼎","1","1","2"
"府事顾鼎臣","1","1","2"
"上太宗庙号","1","1","2"
"太宗庙号成","1","1","2"
"宗庙号成祖","1","1","2"
"皇帝庙号睿","1","1","2"
"帝庙号睿宗","1","1","2"
"大享上帝玄","2","0","2"
"享上帝玄极","2","0","2"
"上太祖高皇","1","1","2"
"安南莫方瀛","1","1","2"
"南莫方瀛请","1","1","2"
"复承天三年","2","0","2"
"免湖广明年","1","1","2"
"毛伯温征安","2","0","2"
"伯温征安南","2","0","2"
"杀指挥周岐","1","1","2"
"总兵官白爵","1","1","2"
"绥总兵官任","1","1","2"
"总兵官任杰","1","1","2"
"兵官任杰追","1","1","2"
"官任杰追击","1","1","2"
"赐沈坤等进","1","1","2"
"沈坤等进士","1","1","2"
"参将郑东战","1","1","2"
"将郑东战死","1","1","2"
"阿孩遣使款","2","0","2"
"都御史翟鹏","1","1","2"
"抚都御史龙","1","1","2"
"都御史龙大","1","1","2"
"将张世忠战","1","1","2"
"张世忠战死","1","1","2"
"临清镇守内","1","1","2"
"清镇守内外","1","1","2"
"镇守内外官","1","1","2"
"边镇守内官","1","1","2"
"毁锦衣卫新","1","1","2"
"赐彭教等进","1","1","2"
"彭教等进士","1","1","2"
"诏内阁九卿","1","1","2"
"内阁九卿考","1","1","2"
"阁九卿考核","1","1","2"
"九卿考核天","1","1","2"
"卿考核天下","1","1","2"
"命儒臣日讲","2","0","2"
"废皇后吴氏","1","1","2"
"下太监牛玉","1","1","2"
"督同知赵辅","1","1","2"
"佥都御史韩","1","1","2"
"免天下军卫","1","1","2"
"天下军卫屯","1","1","2"
"部侍郎沈义","1","1","2"
"都御史吴琛","1","1","2"
"抚两畿饥民","1","1","2"
"总兵官房能","1","1","2"
"冬十二月癸","2","0","2"
"朱永靖虏将","2","0","2"
"永靖虏将军","2","0","2"
"太监唐慎监","1","1","2"
"工部尚书白","1","1","2"
"礼部侍郎邹","1","1","2"
"部侍郎邹干","1","1","2"
"侍郎邹干巡","1","1","2"
"郎邹干巡视","1","1","2"
"邹干巡视畿","1","1","2"
"干巡视畿内","1","1","2"
"巡视畿内饥","1","1","2"
"视畿内饥民","1","1","2"
"赐罗伦等进","1","1","2"
"罗伦等进士","1","1","2"
"福建市舶司","1","1","2"
"建市舶司提","1","1","2"
"市舶司提举","1","1","2"
"都指挥焦政","1","1","2"
"指挥焦政战","1","1","2"
"挥焦政战死","1","1","2"
"翰林院侍读","1","1","2"
"林院侍读学","1","1","2"
"院侍读学士","1","1","2"
"侍读学士刘","1","1","2"
"读学士刘定","1","1","2"
"襄城伯李瑾","1","1","2"
"尚书程信提","1","1","2"
"书程信提督","1","1","2"
"程信提督军","1","1","2"
"信提督军务","1","1","2"
"太监刘恒监","1","1","2"
"左庶子黎淳","1","1","2"
"庶子黎淳追","1","1","2"
"杖编修章懋","1","1","2"
"四十五年十","1","1","2"
"免明年天下","1","1","2"
"明年天下田","1","1","2"
"年天下田赋","1","1","2"
"祭大社大稷","1","1","2"
"部侍郎张居","1","1","2"
"侍郎张居正","1","1","2"
"指挥王承德","1","1","2"
"挥王承德战","1","1","2"
"献珍禽异兽","1","1","2"
"总督侍郎王","1","1","2"
"都御史曹亨","1","1","2"
"御史曹亨驻","1","1","2"
"史曹亨驻兵","1","1","2"
"曹亨驻兵通","1","1","2"
"亨驻兵通州","1","1","2"
"总兵官李世","1","1","2"
"兵官李世忠","1","1","2"
"冬十月丙戌","2","0","2"
"议边防事宜","1","1","2"
"夏总兵官雷","1","1","2"
"兵官雷龙塞","2","0","2"
"西总兵官俞","1","1","2"
"俞大猷讨广","2","0","2"
"大猷讨广东","2","0","2"
"赐罗万化等","1","1","2"
"罗万化等进","1","1","2"
"万化等进士","1","1","2"
"福建督抚将","1","1","2"
"同总兵官赵","1","1","2"
"将周云翔杀","1","1","2"
"周云翔杀参","1","1","2"
"云翔杀参将","1","1","2"
"翔杀参将耿","1","1","2"
"杀参将耿宗","1","1","2"
"总兵官郭成","1","1","2"
"兵官郭成等","1","1","2"
"史詹仰庇请","1","1","2"
"曾一本伏诛","1","1","2"
"礼部尚书赵","1","1","2"
"部尚书赵贞","1","1","2"
"尚书赵贞吉","1","1","2"
"京师地震声","2","0","2"
"访部院政事","1","1","2"
"尚宝寺丞郑","1","1","2"
"宝寺丞郑履","1","1","2"
"寺丞郑履淳","1","1","2"
"分设三大营","1","1","2"
"设三大营文","1","1","2"
"营文武提督","2","0","2"
"武提督六人","1","1","2"
"副总兵钱栋","1","1","2"
"总兵钱栋战","1","1","2"
"兵钱栋战死","1","1","2"
"官王治道等","1","1","2"
"王治道等战","1","1","2"
"治道等战死","1","1","2"
"置总督协理","1","1","2"
"总督协理大","1","1","2"
"督协理大臣","1","1","2"
"礼部尚书殷","1","1","2"
"部尚书殷士","1","1","2"
"尚书殷士儋","1","1","2"
"赵全等九人","1","1","2"
"赐张元忭等","1","1","2"
"张元忭等进","1","1","2"
"元忭等进士","1","1","2"
"师地震者三","2","0","2"
"执赵全余党","2","0","2"
"赵全余党十","1","1","2"
"全余党十三","1","1","2"
"余党十三人","1","1","2"
"部尚书高仪","1","1","2"
"召大学士高","1","1","2"
"太常寺卿许","1","1","2"
"常寺卿许彬","1","1","2"
"改景泰八年","1","1","2"
"封石亨忠国","1","1","2"
"石亨忠国公","1","1","2"
"曹吉祥嗣子","1","1","2"
"封孙镗怀宁","1","1","2"
"孙镗怀宁伯","1","1","2"
"董兴海宁伯","1","1","2"
"钦天监正汤","1","1","2"
"天监正汤序","1","1","2"
"巡抚提督官","1","1","2"
"杀昌平侯杨","1","1","2"
"昌平侯杨俊","1","1","2"
"部侍郎李贤","1","1","2"
"赐黎淳等进","1","1","2"
"黎淳等进士","1","1","2"
"参将种兴战","1","1","2"
"将种兴战死","1","1","2"
"侍讲吕原入","1","1","2"
"巡抚贵州副","1","1","2"
"抚贵州副都","1","1","2"
"贵州副都御","1","1","2"
"州副都御史","1","1","2"
"副都御史蒋","1","1","2"
"都御史蒋琳","1","1","2"
"太常少卿彭","1","1","2"
"常少卿彭时","1","1","2"
"江西处士吴","1","1","2"
"建文帝幼子","1","1","2"
"西总兵官朱","1","1","2"
"总兵官朱瑛","1","1","2"
"封曹钦昭武","1","1","2"
"曹钦昭武伯","1","1","2"
"远侯柳溥充","1","1","2"
"部尚书陈汝","1","1","2"
"尚书陈汝言","1","1","2"
"武平伯陈友","1","1","2"
"免山东秋粮","1","1","2"
"都督佥事周","1","1","2"
"督佥事周贤","1","1","2"
"都指挥李鉴","1","1","2"
"巡抚两广佥","1","1","2"
"抚两广佥都","1","1","2"
"两广佥都御","1","1","2"
"广佥都御史","1","1","2"
"佥都御史叶","1","1","2"
"都御史叶盛","1","1","2"
"赐王一夔等","1","1","2"
"王一夔等进","1","1","2"
"一夔等进士","1","1","2"
"免江西灾秋","2","0","2"
"江西灾秋粮","2","0","2"
"阅随操武臣","1","1","2"
"随操武臣骑","1","1","2"
"操武臣骑射","1","1","2"
"都督佥事颜","1","1","2"
"督佥事颜彪","1","1","2"
"讨两广瑶贼","1","1","2"
"州总兵官李","1","1","2"
"尚书马昂总","1","1","2"
"书马昂总督","1","1","2"
"马昂总督军","1","1","2"
"昂总督军务","1","1","2"
"宁伯孙镗充","1","1","2"
"总督京营太","1","1","2"
"督京营太监","1","1","2"
"京营太监曹","1","1","2"
"营太监曹吉","1","1","2"
"左都御史寇","1","1","2"
"都督冯宗充","1","1","2"
"冬十月壬申","2","0","2"
"按御史李蕃","1","1","2"
"巡按御史韩","1","1","2"
"按御史韩祺","1","1","2"
"后胡氏尊谥","1","1","2"
"东总兵官欧","1","1","2"
"兵官欧信会","1","1","2"
"巡抚广西佥","1","1","2"
"抚广西佥都","1","1","2"
"广西佥都御","1","1","2"
"西佥都御史","1","1","2"
"都御史吴桢","1","1","2"
"御史吴桢节","1","1","2"
"史吴桢节制","1","1","2"
"吴桢节制两","1","1","2"
"桢节制两广","1","1","2"
"节制两广诸","1","1","2"
"制两广诸军","1","1","2"
"布政使宋钦","1","1","2"
"右都御史李","1","1","2"
"副都御史林","1","1","2"
"都御史林聪","1","1","2"
"皇太子摄事","2","0","2"
"太子摄事文","2","0","2"
"位二十四年","1","1","2"
"中正圣文神","1","1","2"
"正圣文神武","1","1","2"
"仁大德敬皇","1","1","2"
"大德敬皇帝","1","1","2"
"宪宗第三子","1","1","2"
"母淑妃纪氏","1","1","2"
"成化六年七","1","1","2"
"化六年七月","1","1","2"
"六年七月生","1","1","2"
"时万贵妃专","2","0","2"
"恭太子薨后","2","0","2"
"周太后宫中","1","1","2"
"二十三年八","1","1","2"
"侍郎李孜省","1","1","2"
"右通政任杰","1","1","2"
"侍郎蒯钢等","1","1","2"
"皇太后周氏","1","1","2"
"部左侍郎翰","2","0","2"
"左侍郎翰林","2","0","2"
"翰林学士徐","1","1","2"
"林学士徐溥","1","1","2"
"学士徐溥入","1","1","2"
"封占城王子","1","1","2"
"始考察镇守","1","1","2"
"考察镇守武","1","1","2"
"都指挥廖斌","1","1","2"
"指挥廖斌击","1","1","2"
"挥廖斌击败","1","1","2"
"减浙江银课","1","1","2"
"汰管理银场","1","1","2"
"管理银场官","1","1","2"
"土鲁番杀忠","1","1","2"
"鲁番杀忠顺","1","1","2"
"番杀忠顺王","1","1","2"
"杀忠顺王罕","1","1","2"
"忠顺王罕慎","1","1","2"
"灾秋粮三分","1","1","2"
"闭会川卫银","1","1","2"
"会川卫银矿","1","1","2"
"南京大风雷","1","1","2"
"春正月甲子","2","0","2"
"命天下预备","1","1","2"
"天下预备仓","1","1","2"
"赐钱福等进","1","1","2"
"钱福等进士","1","1","2"
"通政使元守","1","1","2"
"政使元守直","1","1","2"
"内官烧造瓷","1","1","2"
"官烧造瓷器","1","1","2"
"陈军民利病","2","0","2"
"遣数十百人","1","1","2"
"后两京三法","1","1","2"
"天下问刑官","1","1","2"
"礼部尚书丘","1","1","2"
"命陕巴袭封","1","1","2"
"陕巴袭封忠","1","1","2"
"巴袭封忠顺","1","1","2"
"袭封忠顺王","1","1","2"
"功臣绝封者","1","1","2"
"臣绝封者后","1","1","2"
"西副总兵马","1","1","2"
"副总兵马俊","1","1","2"
"千户王珊等","1","1","2"
"浙江额外织","1","1","2"
"江额外织造","1","1","2"
"广总兵官镇","1","1","2"
"总兵官镇远","1","1","2"
"兵官镇远侯","1","1","2"
"官镇远侯顾","1","1","2"
"贵州巡抚都","1","1","2"
"州巡抚都御","1","1","2"
"抚都御史邓","1","1","2"
"都御史邓廷","1","1","2"
"御史邓廷瓒","1","1","2"
"讨贵州黑苗","1","1","2"
"布政使刘大","1","1","2"
"政使刘大夏","1","1","2"
"赐毛澄等进","1","1","2"
"毛澄等进士","1","1","2"
"番速檀阿黑","1","1","2"
"速檀阿黑麻","1","1","2"
"檀阿黑麻袭","1","1","2"
"同知缑谦经","1","1","2"
"知缑谦经略","1","1","2"
"缑谦经略哈","1","1","2"
"谦经略哈密","1","1","2"
"杀指挥赵玺","1","1","2"
"甘肃织造绒","1","1","2"
"十一月庚申","2","0","2"
"下镇巡官修","1","1","2"
"孝陵风雷变","1","1","2"
"伯陈锐同刘","1","1","2"
"陈锐同刘大","1","1","2"
"锐同刘大夏","1","1","2"
"同刘大夏治","1","1","2"
"肃总兵官刘","1","1","2"
"部侍郎李东","1","1","2"
"侍郎李东阳","1","1","2"
"少詹事谢迁","1","1","2"
"詹事谢迁入","1","1","2"
"事谢迁入阁","1","1","2"
"陵冈河口工","1","1","2"
"封宋儒杨时","1","1","2"
"宋儒杨时将","1","1","2"
"儒杨时将乐","1","1","2"
"西副总兵欧","1","1","2"
"副总兵欧磐","1","1","2"
"总兵欧磐击","1","1","2"
"右通政张璞","1","1","2"
"大理少卿马","1","1","2"
"理少卿马中","1","1","2"
"少卿马中锡","1","1","2"
"赐朱希周等","1","1","2"
"朱希周等进","1","1","2"
"希周等进士","1","1","2"
"武冈知州刘","1","1","2"
"冈知州刘逊","1","1","2"
"夏五月戊辰","2","0","2"
"侍郎刘大夏","1","1","2"
"甘肃参将杨","1","1","2"
"肃参将杨翥","1","1","2"
"边都御史王","1","1","2"
"御史王越袭","1","1","2"
"福建织造彩","1","1","2"
"建织造彩布","1","1","2"
"赐伦文叙等","1","1","2"
"伦文叙等进","1","1","2"
"文叙等进士","1","1","2"
"定问刑条例","1","1","2"
"火筛寇大同","2","0","2"
"击将军王杲","1","1","2"
"太监金辅监","1","1","2"
"部左侍郎许","1","1","2"
"左侍郎许进","1","1","2"
"侍郎许进提","1","1","2"
"郎许进提督","1","1","2"
"许进提督军","1","1","2"
"进提督军务","1","1","2"
"火筛大举入","1","1","2"
"游击将军张","1","1","2"
"击将军张俊","1","1","2"
"陕采办物料","1","1","2"
"犯延绥神木","1","1","2"
"延绥神木堡","1","1","2"
"正月庚戌朔","2","0","2"
"陕西织造中","1","1","2"
"西织造中官","1","1","2"
"部侍郎李鐩","2","0","2"
"总督延绥边","1","1","2"
"务都御史史","1","1","2"
"监军太监苗","1","1","2"
"军太监苗逵","1","1","2"
"太监苗逵分","1","1","2"
"监苗逵分道","1","1","2"
"苗逵分道进","1","1","2"
"长胜诸屯堡","1","1","2"
"部尚书王轼","1","1","2"
"副都御史提","1","1","2"
"御史提督军","1","1","2"
"史提督军务","1","1","2"
"御史清理屯","1","1","2"
"史清理屯田","1","1","2"
"都指挥王泰","1","1","2"
"减光禄寺供","2","0","2"
"分遣侍郎何","1","1","2"
"遣侍郎何鉴","1","1","2"
"大理寺丞吴","1","1","2"
"理寺丞吴一","1","1","2"
"寺丞吴一贯","1","1","2"
"饶州督造瓷","1","1","2"
"州督造瓷器","1","1","2"
"督造瓷器中","1","1","2"
"造瓷器中官","1","1","2"
"赐康海等进","1","1","2"
"康海等进士","1","1","2"
"王轼破斩米","1","1","2"
"轼破斩米鲁","1","1","2"
"边卫设养济","1","1","2"
"卫设养济院","1","1","2"
"两京群臣修","1","1","2"
"琼州黎贼作","1","1","2"
"州黎贼作乱","1","1","2"
"部侍郎高铨","1","1","2"
"谶纬妖书禁","1","1","2"
"室一帝一后","1","1","2"
"一帝一后制","1","1","2"
"葬孝肃皇太","1","1","2"
"大理少卿吴","1","1","2"
"理少卿吴一","1","1","2"
"少卿吴一贯","1","1","2"
"丛兰分道经","1","1","2"
"兰分道经略","1","1","2"
"分道经略边","1","1","2"
"副都御史阎","1","1","2"
"都御史阎仲","1","1","2"
"御史阎仲宇","1","1","2"
"政司参议熊","1","1","2"
"司参议熊伟","1","1","2"
"参议熊伟分","1","1","2"
"太常少卿孙","1","1","2"
"常少卿孙交","1","1","2"
"少卿孙交经","1","1","2"
"卿孙交经略","1","1","2"
"孙交经略宣","1","1","2"
"谕讲官进讲","1","1","2"
"王子诸部围","1","1","2"
"陷宁夏清水","1","1","2"
"宁夏清水营","1","1","2"
"赐顾鼎臣等","1","1","2"
"顾鼎臣等进","1","1","2"
"鼎臣等进士","1","1","2"
"部侍郎何鉴","1","1","2"
"侍郎何鉴抚","1","1","2"
"总兵官吴瑛","1","1","2"
"兵官吴瑛等","1","1","2"
"官吴瑛等击","1","1","2"
"吴瑛等击败","1","1","2"
"赐秦鸣雷等","1","1","2"
"秦鸣雷等进","1","1","2"
"鸣雷等进士","1","1","2"
"逮总督宣大","2","0","2"
"总督宣大兵","2","0","2"
"督宣大兵部","2","0","2"
"兵部尚书翟","1","1","2"
"部尚书翟鹏","1","1","2"
"巡抚蓟镇佥","1","1","2"
"抚蓟镇佥都","1","1","2"
"蓟镇佥都御","1","1","2"
"镇佥都御史","1","1","2"
"佥都御史朱","1","1","2"
"都御史朱方","1","1","2"
"御史朱方下","1","1","2"
"史朱方下狱","1","1","2"
"诏流民复业","1","1","2"
"部侍郎张汉","1","1","2"
"侍郎张汉下","1","1","2"
"郎张汉下狱","1","1","2"
"杀守备张文","1","1","2"
"守备张文瀚","1","1","2"
"千户汪洪战","1","1","2"
"户汪洪战死","1","1","2"
"封事二十日","1","1","2"
"代府奉国将","1","1","2"
"府奉国将军","1","1","2"
"奉国将军充","1","1","2"
"国将军充灼","1","1","2"
"将军充灼谋","1","1","2"
"军充灼谋反","1","1","2"
"赐李春芳等","1","1","2"
"李春芳等进","1","1","2"
"春芳等进士","1","1","2"
"都御史张时","1","1","2"
"御史张时彻","1","1","2"
"部尚书王杲","1","1","2"
"肃总兵官仇","1","1","2"
"参将阎振战","1","1","2"
"将阎振战死","1","1","2"
"葬孝烈皇后","1","1","2"
"挥顾相等战","1","1","2"
"顾相等战死","1","1","2"
"赐唐汝楫等","1","1","2"
"唐汝楫等进","1","1","2"
"汝楫等进士","1","1","2"
"总兵林椿战","1","1","2"
"兵林椿战死","1","1","2"
"答大举入寇","2","0","2"
"巡抚侍郎杨","1","1","2"
"抚侍郎杨守","1","1","2"
"侍郎杨守谦","1","1","2"
"废郑王厚烷","1","1","2"
"分遣御史选","1","1","2"
"遣御史选边","1","1","2"
"御史选边军","1","1","2"
"史选边军入","1","1","2"
"选边军入卫","1","1","2"
"兵部侍郎史","1","1","2"
"部侍郎史道","1","1","2"
"侍郎史道经","1","1","2"
"郎史道经理","1","1","2"
"下经略京城","1","1","2"
"经略京城副","1","1","2"
"略京城副都","1","1","2"
"京城副都御","1","1","2"
"城副都御史","1","1","2"
"副都御史商","1","1","2"
"都御史商大","1","1","2"
"御史商大节","1","1","2"
"挥佥事王恭","1","1","2"
"指挥王相等","1","1","2"
"山东巡抚都","1","1","2"
"犯山西三关","1","1","2"
"兵部侍郎蒋","1","1","2"
"部侍郎蒋应","1","1","2"
"通政唐国卿","1","1","2"
"杀副总兵李","1","1","2"
"副总兵李梅","1","1","2"
"部侍郎杨博","1","1","2"
"侍郎杨博巡","1","1","2"
"赐陈谨等进","1","1","2"
"陈谨等进士","1","1","2"
"副总兵郭都","1","1","2"
"总兵郭都战","1","1","2"
"兵郭都战死","1","1","2"
"师尚诏攻太","1","1","2"
"尚诏攻太康","1","1","2"
"都御史赵时","1","1","2"
"御史赵时春","1","1","2"
"参将冯恩等","1","1","2"
"都司周应桢","1","1","2"
"司周应桢等","1","1","2"
"知县唐一岑","1","1","2"
"县唐一岑死","1","1","2"
"总兵官岳懋","1","1","2"
"兵备副使任","1","1","2"
"备副使任环","1","1","2"
"参将李光启","1","1","2"
"部侍郎杨宜","1","1","2"
"侍郎杨宜总","1","1","2"
"郎杨宜总督","1","1","2"
"杨宜总督军","1","1","2"
"宜总督军务","1","1","2"
"苏松巡抚都","1","1","2"
"松巡抚都御","1","1","2"
"都御史曹邦","1","1","2"
"山东灾秋粮","2","0","2"
"巡抚浙江副","1","1","2"
"抚浙江副都","1","1","2"
"浙江副都御","1","1","2"
"江副都御史","1","1","2"
"都御史李天","1","1","2"
"御史李天宠","1","1","2"
"免畿内水灾","1","1","2"
"畿内水灾税","1","1","2"
"内水灾税粮","1","1","2"
"八十三万奇","2","0","2"
"赐诸大绶等","1","1","2"
"诸大绶等进","1","1","2"
"大绶等进士","1","1","2"
"赵文华提督","1","1","2"
"文华提督江","1","1","2"
"华提督江南","1","1","2"
"左通政王槐","1","1","2"
"胡宗宪破倭","2","0","2"
"杀副总兵陈","1","1","2"
"副总兵陈凤","1","1","2"
"官军营造工","1","1","2"
"军营造工役","1","1","2"
"秋八月己未","2","0","2"
"芝一千八百","1","1","2"
"十一月丁亥","2","0","2"
"海道副使谭","1","1","2"
"道副使谭纶","1","1","2"
"江总兵官俞","1","1","2"
"阳都御史李","1","1","2"
"都御史李遂","1","1","2"
"使刘景韶大","1","1","2"
"总督蓟辽右","1","1","2"
"督蓟辽右都","1","1","2"
"蓟辽右都御","1","1","2"
"辽右都御史","1","1","2"
"游击董国忠","1","1","2"
"击董国忠等","1","1","2"
"杀总督粮储","1","1","2"
"总督粮储侍","1","1","2"
"督粮储侍郎","1","1","2"
"粮储侍郎黄","1","1","2"
"同总兵官刘","1","1","2"
"总兵官刘汉","1","1","2"
"杀守备武守","1","1","2"
"守备武守爵","1","1","2"
"山西三关饥","1","1","2"
"入广东博罗","1","1","2"
"广东博罗县","1","1","2"
"杀知县舒颛","1","1","2"
"杀副使汪一","1","1","2"
"副使汪一中","1","1","2"
"副总兵马芳","1","1","2"
"礼部尚书袁","1","1","2"
"部尚书袁炜","1","1","2"
"吉能犯宁夏","2","0","2"
"犯辽东盖州","1","1","2"
"赐申时行等","1","1","2"
"申时行等进","1","1","2"
"时行等进士","1","1","2"
"副总兵黑春","1","1","2"
"副总兵王勋","1","1","2"
"绥总兵官赵","1","1","2"
"兵官赵岢分","1","1","2"
"俞大猷合兵","1","1","2"
"同总兵官姜","1","1","2"
"官戚继光大","1","1","2"
"戚继光大败","1","1","2"
"知县魏文瑞","1","1","2"
"县魏文瑞死","1","1","2"
"指挥蔡胤元","1","1","2"
"赐范应期等","1","1","2"
"范应期等进","1","1","2"
"应期等进士","1","1","2"
"杨维藩战死","1","1","2"
"部尚书李春","1","1","2"
"尚书李春芳","1","1","2"
"兵官刘承业","1","1","2"
"事海瑞上疏","1","1","2"
"讨广东山贼","1","1","2"
"部尚书郭朴","1","1","2"
"部尚书高拱","1","1","2"
"犯万全右卫","1","1","2"
"除一切弊政","1","1","2"
"除弘治十六","1","1","2"
"监苗逵监督","1","1","2"
"苗逵监督军","1","1","2"
"逵监督军务","1","1","2"
"御史史琳提","1","1","2"
"史史琳提督","1","1","2"
"史琳提督军","1","1","2"
"琳提督军务","1","1","2"
"杭织造岁币","1","1","2"
"坏郊坛兽瓦","1","1","2"
"立皇后夏氏","1","1","2"
"乱政内臣马","1","1","2"
"政内臣马永","1","1","2"
"内臣马永成","1","1","2"
"臣马永成等","1","1","2"
"马永成等八","1","1","2"
"永成等八人","1","1","2"
"除曲阜孔氏","1","1","2"
"曲阜孔氏田","1","1","2"
"阜孔氏田赋","1","1","2"
"薄彦徽等二","1","1","2"
"彦徽等二十","1","1","2"
"徽等二十一","1","1","2"
"等二十一人","1","1","2"
"杖御史王良","1","1","2"
"僧道四万人","1","1","2"
"复宁王宸濠","1","1","2"
"宁王宸濠护","1","1","2"
"王宸濠护卫","1","1","2"
"边巡抚都御","1","1","2"
"管粮郎中下","1","1","2"
"粮郎中下狱","1","1","2"
"部尚书杨廷","1","1","2"
"翰林学士吴","1","1","2"
"林学士吴俨","1","1","2"
"刘大夏下狱","1","1","2"
"工部侍郎毕","1","1","2"
"部侍郎毕亨","1","1","2"
"部尚书刘宇","1","1","2"
"围总兵官吴","1","1","2"
"总制尚书才","1","1","2"
"制尚书才宽","1","1","2"
"尚书才宽战","1","1","2"
"书才宽战死","1","1","2"
"谢迁等六百","1","1","2"
"迁等六百七","1","1","2"
"等六百七十","1","1","2"
"免正德三年","1","1","2"
"都御史王哲","1","1","2"
"御史王哲巡","1","1","2"
"史王哲巡视","1","1","2"
"王哲巡视南","1","1","2"
"刑部尚书洪","1","1","2"
"部尚书洪钟","1","1","2"
"尚书洪钟总","1","1","2"
"抚都御史安","1","1","2"
"都御史安惟","1","1","2"
"御史安惟学","1","1","2"
"总兵官姜汉","1","1","2"
"史杨一清总","1","1","2"
"一清总制宁","1","1","2"
"清总制宁夏","1","1","2"
"泾阳伯神英","1","1","2"
"阳伯神英充","1","1","2"
"游击将军仇","1","1","2"
"击将军仇钺","1","1","2"
"将军仇钺袭","1","1","2"
"尚书张彩下","1","1","2"
"书张彩下狱","1","1","2"
"封仇钺咸宁","1","1","2"
"仇钺咸宁伯","1","1","2"
"部尚书刘忠","1","1","2"
"封太监张永","1","1","2"
"太监张永兄","1","1","2"
"封义子指挥","1","1","2"
"义子指挥同","1","1","2"
"子指挥同知","1","1","2"
"指挥同知朱","1","1","2"
"挥同知朱德","1","1","2"
"杀佥事王源","1","1","2"
"御史陈金总","1","1","2"
"制江西军务","1","1","2"
"赐杨慎等进","1","1","2"
"杨慎等进士","1","1","2"
"安伯张伟充","1","1","2"
"右都御史马","1","1","2"
"都御史马中","1","1","2"
"御史马中锡","1","1","2"
"史马中锡提","1","1","2"
"马中锡提督","1","1","2"
"中锡提督军","1","1","2"
"锡提督军务","1","1","2"
"州县税粮一","1","1","2"
"县税粮一年","1","1","2"
"典史李暹战","1","1","2"
"史李暹战死","1","1","2"
"副总兵白琮","1","1","2"
"部尚书费宏","1","1","2"
"兵备副使冯","1","1","2"
"备副使冯杰","1","1","2"
"盗贼杀官吏","1","1","2"
"知县张汝舟","1","1","2"
"主簿李铨战","1","1","2"
"簿李铨战死","1","1","2"
"副都御史彭","1","1","2"
"指挥佥事蔡","1","1","2"
"挥佥事蔡显","1","1","2"
"佥事蔡显等","1","1","2"
"督佥事冯祯","1","1","2"
"都御史马炳","1","1","2"
"御史马炳然","1","1","2"
"江西贼杀副","1","1","2"
"西贼杀副使","1","1","2"
"贼杀副使周","1","1","2"
"杀副使周宪","1","1","2"
"陆完追歼刘","1","1","2"
"完追歼刘七","1","1","2"
"追歼刘七等","1","1","2"
"歼刘七等贼","1","1","2"
"赐义子一百","1","1","2"
"义子一百二","1","1","2"
"子一百二十","1","1","2"
"百二十七人","1","1","2"
"灾寇者税粮","2","0","2"
"副都御史俞","1","1","2"
"御史俞谏代","1","1","2"
"设两官厅军","1","1","2"
"佥都御史陈","1","1","2"
"都御史陈玉","1","1","2"
"御史陈玉巡","1","1","2"
"封太监谷大","1","1","2"
"帅京营兵御","2","0","2"
"刑部侍郎邓","1","1","2"
"部侍郎邓璋","1","1","2"
"礼部尚书靳","1","1","2"
"部尚书靳贵","1","1","2"
"赐唐皋等进","1","1","2"
"唐皋等进士","1","1","2"
"复宁王护卫","1","1","2"
"彭泽总督甘","1","1","2"
"泽总督甘肃","1","1","2"
"总督甘肃军","1","1","2"
"督甘肃军务","1","1","2"
"开云南银矿","1","1","2"
"太监张永提","1","1","2"
"监张永提督","1","1","2"
"张永提督军","1","1","2"
"永提督军务","1","1","2"
"都督白玉充","1","1","2"
"冬十月己酉","2","0","2"
"秋八月丙寅","2","0","2"
"免南畿旱灾","1","1","2"
"南畿旱灾秋","1","1","2"
"畿旱灾秋粮","1","1","2"
"男子三千四","1","1","2"
"子三千四百","1","1","2"
"四百余人充","1","1","2"
"犯蓟州白羊","1","1","2"
"蓟州白羊口","1","1","2"
"太监张忠监","1","1","2"
"监张忠监督","1","1","2"
"张忠监督军","1","1","2"
"忠监督军务","1","1","2"
"都督刘晖充","1","1","2"
"东西官厅军","1","1","2"
"部侍郎赵璜","1","1","2"
"左都御史彭","1","1","2"
"礼部尚书蒋","1","1","2"
"部尚书蒋冕","1","1","2"
"杀游击芮宁","1","1","2"
"赐舒芬等进","1","1","2"
"舒芬等进士","1","1","2"
"充陕西织造","1","1","2"
"部尚书毛纪","1","1","2"
"巡关御史张","1","1","2"
"关御史张钦","1","1","2"
"御史张钦闭","1","1","2"
"史张钦闭关","1","1","2"
"张钦闭关拒","1","1","2"
"副都御史吴","1","1","2"
"葬孝贞纯皇","1","1","2"
"兵官朱寿亲","1","1","2"
"禄米五千石","1","1","2"
"军总兵官太","1","1","2"
"总兵官太师","1","1","2"
"兵官太师镇","1","1","2"
"官太师镇国","1","1","2"
"太师镇国公","1","1","2"
"师镇国公朱","1","1","2"
"公朱寿将巡","1","1","2"
"下兵部郎中","1","1","2"
"兵部郎中黄","1","1","2"
"部郎中黄巩","1","1","2"
"金吾卫都指","1","1","2"
"吾卫都指挥","1","1","2"
"指挥佥事张","1","1","2"
"挥佥事张英","1","1","2"
"下寺正周叙","1","1","2"
"行人司副余","1","1","2"
"人司副余廷","1","1","2"
"司副余廷瓒","1","1","2"
"主事林大辂","1","1","2"
"黄巩等三十","1","1","2"
"巩等三十九","1","1","2"
"等三十九人","1","1","2"
"死者十一人","2","0","2"
"湖广流民归","1","1","2"
"广流民归业","1","1","2"
"巡抚江西右","1","1","2"
"抚江西右副","1","1","2"
"江西右副都","1","1","2"
"西右副都御","1","1","2"
"副都御史孙","1","1","2"
"南昌兵备副","1","1","2"
"昌兵备副使","1","1","2"
"兵备副使许","1","1","2"
"备副使许逵","1","1","2"
"副使许逵死","1","1","2"
"安边伯朱泰","1","1","2"
"都指挥杨锐","1","1","2"
"提督南赣汀","1","1","2"
"督南赣汀漳","1","1","2"
"南赣汀漳军","1","1","2"
"赣汀漳军务","1","1","2"
"汀漳军务副","1","1","2"
"漳军务副都","1","1","2"
"军务副都御","1","1","2"
"务副都御史","1","1","2"
"免江西税粮","1","1","2"
"大学士靳贵","1","1","2"
"学士靳贵丧","1","1","2"
"巡抚云南副","1","1","2"
"抚云南副都","1","1","2"
"云南副都御","1","1","2"
"史何孟春讨","1","1","2"
"京城内外皇","1","1","2"
"城内外皇店","1","1","2"
"教坊司乐人","1","1","2"
"江彬等下狱","1","1","2"
"李震大破靖","1","1","2"
"震大破靖州","1","1","2"
"大破靖州苗","1","1","2"
"副都御史原","1","1","2"
"行都司卫所","1","1","2"
"左通政方贤","1","1","2"
"通政方贤下","1","1","2"
"政方贤下西","1","1","2"
"方贤下西厂","1","1","2"
"贤下西厂狱","1","1","2"
"部尚书张文","1","1","2"
"尚书张文质","1","1","2"
"南畿州县饥","1","1","2"
"免浙江灾秋","2","0","2"
"赐曾彦等进","1","1","2"
"曾彦等进士","1","1","2"
"乌撒卫银场","1","1","2"
"松副都御史","1","1","2"
"副都御史牟","1","1","2"
"驸马都尉马","1","1","2"
"马都尉马诚","1","1","2"
"劾侍郎马文","1","1","2"
"封朱永保国","1","1","2"
"朱永保国公","1","1","2"
"保国公朱永","1","1","2"
"王越提督军","1","1","2"
"越提督军务","1","1","2"
"两广军务都","1","1","2"
"广军务都御","1","1","2"
"务都御史朱","1","1","2"
"都御史朱英","1","1","2"
"总兵官平乡","1","1","2"
"兵官平乡伯","1","1","2"
"官平乡伯陈","1","1","2"
"平乡伯陈政","1","1","2"
"赐王华等进","1","1","2"
"王华等进士","1","1","2"
"恩同法司录","2","0","2"
"直监督军务","1","1","2"
"太仓银三分","1","1","2"
"安南黎灏侵","1","1","2"
"老挝宣慰司","1","1","2"
"仓副使应时","1","1","2"
"饶州烧造御","1","1","2"
"州烧造御器","1","1","2"
"烧造御器内","1","1","2"
"造御器内臣","1","1","2"
"迤北小王子","1","1","2"
"抚都御史秦","1","1","2"
"恤大同阵亡","1","1","2"
"太监张善监","1","1","2"
"监张善监督","1","1","2"
"张善监督军","1","1","2"
"善监督军务","1","1","2"
"西侯蒋琬充","1","1","2"
"同总督尚书","1","1","2"
"总督尚书余","1","1","2"
"督尚书余子","1","1","2"
"传奉文武官","1","1","2"
"寒廷臣所奏","1","1","2"
"部左侍郎尹","1","1","2"
"左侍郎尹直","1","1","2"
"副都御史边","1","1","2"
"政司参议田","1","1","2"
"司参议田景","1","1","2"
"参议田景贤","1","1","2"
"议田景贤巡","1","1","2"
"田景贤巡视","1","1","2"
"景贤巡视大","1","1","2"
"贤巡视大同","1","1","2"
"赐费宏等进","1","1","2"
"费宏等进士","1","1","2"
"祷天下山川","1","1","2"
"上景帝尊号","1","1","2"
"王见东宫仪","2","0","2"
"内殿行家人","1","1","2"
"重者七十三","1","1","2"
"者七十三条","1","1","2"
"诏文臣五品","1","1","2"
"南总兵官西","1","1","2"
"总兵官西平","1","1","2"
"兵官西平侯","1","1","2"
"官西平侯沐","1","1","2"
"左副将何福","1","1","2"
"副将何福代","1","1","2"
"北平布政使","1","1","2"
"何福破斩刀","1","1","2"
"福破斩刀干","1","1","2"
"破斩刀干孟","1","1","2"
"卫所军户绝","1","1","2"
"节制文武吏","1","1","2"
"制文武吏士","1","1","2"
"定内外大小","1","1","2"
"内外大小官","1","1","2"
"外大小官制","1","1","2"
"遣燕王世子","1","1","2"
"燕王世子高","1","1","2"
"王世子高炽","1","1","2"
"平都指挥张","1","1","2"
"指挥张信叛","1","1","2"
"杀布政使张","1","1","2"
"都指挥彭聚","1","1","2"
"郭亮等叛降","1","1","2"
"亮等叛降燕","1","1","2"
"马都尉李坚","1","1","2"
"中外臣民军","1","1","2"
"外臣民军士","1","1","2"
"尚书暴昭掌","1","1","2"
"杨文帅辽东","2","0","2"
"文帅辽东兵","2","0","2"
"吴高退保山","1","1","2"
"高退保山海","1","1","2"
"退保山海关","1","1","2"
"道袭陷大宁","1","1","2"
"李景隆燕兵","2","0","2"
"景隆燕兵战","2","0","2"
"赐胡广等进","1","1","2"
"胡广等进士","1","1","2"
"指挥滕聚等","1","1","2"
"挥滕聚等皆","1","1","2"
"滕聚等皆战","1","1","2"
"聚等皆战死","1","1","2"
"遣尚宝丞李","1","1","2"
"铁铉击败燕","1","1","2"
"功臣罪废者","1","1","2"
"臣罪废者后","1","1","2"
"庸军势大振","1","1","2"
"正月辛酉朔","2","0","2"
"驻易州西水","1","1","2"
"燕将刘江战","1","1","2"
"真定诸将遣","1","1","2"
"定诸将遣兵","1","1","2"
"诏中官奉使","1","1","2"
"中官奉使侵","1","1","2"
"官奉使侵暴","1","1","2"
"奉使侵暴吏","1","1","2"
"使侵暴吏民","1","1","2"
"侵暴吏民者","1","1","2"
"都尉梅殷镇","1","1","2"
"主簿唐子清","1","1","2"
"典史黄谦死","1","1","2"
"燕兵攻宿州","1","1","2"
"部侍郎陈性","1","1","2"
"侍郎陈性善","1","1","2"
"大理寺卿彭","1","1","2"
"指挥王礼等","1","1","2"
"挥王礼等叛","1","1","2"
"王礼等叛降","1","1","2"
"礼等叛降燕","1","1","2"
"大夫练子宁","1","1","2"
"撰王叔英分","1","1","2"
"王叔英分道","1","1","2"
"舟师叛附燕","1","1","2"
"镇江守将童","1","1","2"
"江守将童俊","1","1","2"
"守将童俊叛","1","1","2"
"将童俊叛降","1","1","2"
"童俊叛降燕","1","1","2"
"命诸王分守","1","1","2"
"诸王分守都","1","1","2"
"王分守都城","1","1","2"
"燕王遣中使","1","1","2"
"恩知府岑瑛","1","1","2"
"钧州人杨行","1","1","2"
"州人杨行祥","1","1","2"
"尹昌隆进谏","1","1","2"
"除军卫单丁","1","1","2"
"兵科赵兴邦","1","1","2"
"提学副使冯","1","1","2"
"学副使冯时","1","1","2"
"天巡抚李涞","1","1","2"
"天巡抚王致","1","1","2"
"巡抚王致祥","1","1","2"
"京太仆卿徐","1","1","2"
"成称王西安","2","0","2"
"延安卫柳树","1","1","2"
"安卫柳树涧","1","1","2"
"卫柳树涧人","1","1","2"
"罗斯宣慰安","1","1","2"
"斯宣慰安定","1","1","2"
"月十五日献","1","1","2"
"十五日献俘","1","1","2"
"官朱寿统率","1","1","2"
"朱寿统率六","1","1","2"
"寿统率六军","1","1","2"
"高罗安抚常","1","1","2"
"总兵官萧绶","1","1","2"
"江口长官彭","1","1","2"
"口长官彭胜","1","1","2"
"长官彭胜祖","1","1","2"
"官彭胜祖违","1","1","2"
"谦益结党受","1","1","2"
"益结党受贿","1","1","2"
"阉人陆荩臣","1","1","2"
"遣中军吴家","1","1","2"
"中军吴家相","1","1","2"
"睢陈兵备佥","1","1","2"
"陈兵备佥事","1","1","2"
"吐痰涎数升","1","1","2"
"钱塘王氏女","1","1","2"
"伤寒立法考","1","1","2"
"人称铁冠子","1","1","2"
"辽东懿州人","1","1","2"
"张士诚逼取","1","1","2"
"文臣姚广孝","1","1","2"
"义乌朱震亨","1","1","2"
"古庙前遇病","1","1","2"
"庙前遇病人","1","1","2"
"李成陷山西","2","0","2"
"崇祯二年进","1","1","2"
"祯二年进士","1","1","2"
"罗俊守东城","1","1","2"
"左光斗同事","1","1","2"
"光斗同事同","1","1","2"
"斗同事同心","1","1","2"
"寿图疏陈十","1","1","2"
"图疏陈十害","1","1","2"
"师杨嗣昌兵","1","1","2"
"授永昌推官","1","1","2"
"发兵守澜沧","1","1","2"
"尧舜禅受图","1","1","2"
"织金纱衣一","1","1","2"
"廷臣十一人","1","1","2"
"授福山知县","1","1","2"
"授新会知县","1","1","2"
"引入小清河","1","1","2"
"总兵官刘良","1","1","2"
"兵官刘良佐","1","1","2"
"慈炎招降峒","1","1","2"
"炎招降峒贼","1","1","2"
"招降峒贼张","1","1","2"
"降峒贼张安","1","1","2"
"中行等受杖","2","0","2"
"通政经历沈","1","1","2"
"政经历沈禄","1","1","2"
"礼官刘龙等","1","1","2"
"官刘龙等争","1","1","2"
"先代帝王陵","1","1","2"
"部左侍郎黎","1","1","2"
"公卿贤士日","1","1","2"
"卿贤士日论","1","1","2"
"贤士日论治","1","1","2"
"士日论治道","1","1","2"
"使人心发狂","1","1","2"
"中官张钦义","1","1","2"
"官张钦义子","1","1","2"
"张钦义子李","1","1","2"
"钦义子李贤","1","1","2"
"锦衣世袭指","1","1","2"
"衣世袭指挥","1","1","2"
"隆庆元年历","1","1","2"
"陛下混一天","1","1","2"
"下混一天下","1","1","2"
"后翼统军元","1","1","2"
"太祖令中书","1","1","2"
"令中书郎王","1","1","2"
"中书郎王敏","1","1","2"
"释氏创立职","1","1","2"
"氏创立职官","1","1","2"
"戒敕治狱者","1","1","2"
"敕治狱者务","1","1","2"
"弃城降敌者","1","1","2"
"燕世子仁厚","1","1","2"
"身经数十战","1","1","2"
"攻蛮子海牙","1","1","2"
"攒〈木朔〉","2","0","2"
"〈木朔〉刺","2","0","2"
"广西佥事王","1","1","2"
"西佥事王佑","1","1","2"
"二十三年七","1","1","2"
"丞相失烈门","1","1","2"
"相失烈门等","1","1","2"
"失烈门等数","1","1","2"
"烈门等数十","1","1","2"
"犯延绥诸边","1","1","2"
"都督石亨等","1","1","2"
"玉宾散居干","1","1","2"
"宾散居干崖","1","1","2"
"太监吉庆贪","1","1","2"
"书林尧俞言","2","0","2"
"乌撒土舍谋","1","1","2"
"兵数万长驱","1","1","2"
"犯万全沙河","1","1","2"
"逐北数十里","2","0","2"
"俘斩八百六","1","1","2"
"斩八百六十","1","1","2"
"工匠滥授官","1","1","2"
"太原左卫指","1","1","2"
"原左卫指挥","1","1","2"
"左卫指挥同","1","1","2"
"设云南巡抚","1","1","2"
"举正统元年","2","0","2"
"正统元年会","1","1","2"
"统元年会试","1","1","2"
"元年会试第","1","1","2"
"承天门外桥","1","1","2"
"天门外桥南","1","1","2"
"管理后湖黄","1","1","2"
"理后湖黄册","1","1","2"
"送后湖东西","1","1","2"
"后湖东西二","1","1","2"
"湖东西二库","1","1","2"
"后军五都督","1","1","2"
"军五都督府","1","1","2"
"曰留守左卫","2","0","2"
"曰骁骑右卫","2","0","2"
"曰沈阳左卫","2","0","2"
"曰沈阳右卫","2","0","2"
"曰留守右卫","2","0","2"
"曰虎贲右卫","2","0","2"
"曰留守中卫","2","0","2"
"蕃牧千户所","1","1","2"
"曰留守前卫","2","0","2"
"曰留守后卫","2","0","2"
"指挥使司十","1","1","2"
"挥使司十七","1","1","2"
"立法颇简便","1","1","2"
"初命侍郎总","1","1","2"
"命侍郎总督","1","1","2"
"侍郎总督粮","1","1","2"
"郎总督粮储","1","1","2"
"生员专治一","1","1","2"
"员专治一经","1","1","2"
"外国王印三","1","1","2"
"国王印三等","1","1","2"
"宣宗末年乙","1","1","2"
"宗末年乙卯","1","1","2"
"赐姓名金忠","1","1","2"
"御史何文渊","1","1","2"
"史何文渊九","1","1","2"
"何文渊九人","1","1","2"
"金吾指挥陆","1","1","2"
"吾指挥陆龄","1","1","2"
"指挥陆龄讨","1","1","2"
"侯周德兴讨","1","1","2"
"周德兴讨平","1","1","2"
"安南黎惟潭","1","1","2"
"南黎惟潭篡","1","1","2"
"复朵颜马市","1","1","2"
"赐刘若宰等","1","1","2"
"刘若宰等进","1","1","2"
"若宰等进士","1","1","2"
"太监李奇茂","1","1","2"
"监李奇茂监","1","1","2"
"李奇茂监视","1","1","2"
"奇茂监视陕","1","1","2"
"茂监视陕西","1","1","2"
"监视陕西茶","1","1","2"
"吴直监视登","1","1","2"
"直监视登岛","1","1","2"
"监视登岛兵","1","1","2"
"视登岛兵粮","1","1","2"
"平凉新旧辽","1","1","2"
"凉新旧辽饷","1","1","2"
"尚书高第经","1","1","2"
"书高第经略","1","1","2"
"高第经略辽","1","1","2"
"七月乙丑朔","2","0","2"
"三边侍郎郑","1","1","2"
"边侍郎郑崇","1","1","2"
"侍郎郑崇俭","1","1","2"
"太平县玛瑙","1","1","2"
"平县玛瑙山","1","1","2"
"封总兵官吴","1","1","2"
"都督佥事黄","1","1","2"
"督佥事黄中","1","1","2"
"始命云南乡","1","1","2"
"命云南乡试","1","1","2"
"皇太子摄享","1","1","2"
"太子摄享太","1","1","2"
"子摄享太庙","1","1","2"
"免山西夏税","1","1","2"
"太监王贵监","1","1","2"
"监王贵监督","1","1","2"
"襄城伯李珍","1","1","2"
"遂安伯陈埙","1","1","2"
"修武伯沈荣","1","1","2"
"副都御史邓","1","1","2"
"御史王翱总","1","1","2"
"史王翱总督","1","1","2"
"王翱总督两","1","1","2"
"翱总督两广","1","1","2"
"奉迎母妃蒋","1","1","2"
"迎母妃蒋氏","1","1","2"
"上慈寿皇太","1","1","2"
"寿皇太后尊","1","1","2"
"追尊孝惠皇","1","1","2"
"尊孝惠皇太","1","1","2"
"孝惠皇太后","1","1","2"
"皇天上帝号","1","1","2"
"穆宗契天隆","1","1","2"
"宗契天隆道","1","1","2"
"契天隆道渊","1","1","2"
"天隆道渊懿","1","1","2"
"隆道渊懿宽","1","1","2"
"道渊懿宽仁","1","1","2"
"渊懿宽仁显","1","1","2"
"懿宽仁显文","1","1","2"
"宽仁显文光","1","1","2"
"仁显文光武","1","1","2"
"显文光武纯","1","1","2"
"文光武纯德","1","1","2"
"光武纯德弘","1","1","2"
"武纯德弘孝","1","1","2"
"纯德弘孝庄","1","1","2"
"德弘孝庄皇","1","1","2"
"弘孝庄皇帝","1","1","2"
"世宗第三子","1","1","2"
"广东贼曾一","1","1","2"
"东贼曾一本","1","1","2"
"杀知县刘师","1","1","2"
"知县刘师颜","1","1","2"
"同总兵官李","1","1","2"
"总兵官李文","1","1","2"
"府总兵官杨","1","1","2"
"葬孝恭章皇","1","1","2"
"孝恭章皇后","1","1","2"
"杀守备陈舜","1","1","2"
"指挥刘钦等","1","1","2"
"挥刘钦等战","1","1","2"
"刘钦等战死","1","1","2"
"封方士陶仲","1","1","2"
"土蛮黑石炭","1","1","2"
"参将白文智","1","1","2"
"免南畿水灾","1","1","2"
"南畿水灾税","1","1","2"
"畿水灾税粮","1","1","2"
"杖刑部员外","1","1","2"
"督府经历张","1","1","2"
"懿文太子第","1","1","2"
"文太子第二","1","1","2"
"太子第二子","1","1","2"
"教授余逢辰","1","1","2"
"授余逢辰死","1","1","2"
"西破紫荆关","1","1","2"
"大兴左卫副","1","1","2"
"兴左卫副千","1","1","2"
"左卫副千户","1","1","2"
"亨佩征西前","1","1","2"
"佩征西前将","1","1","2"
"西前将军印","1","1","2"
"河南卫副千","1","1","2"
"应回避乡邦","1","1","2"
"杀懿州路总","1","1","2"
"懿州路总管","1","1","2"
"州路总管吕","1","1","2"
"路总管吕震","1","1","2"
"昌侯蓝玉北","1","1","2"
"侯蓝玉北征","1","1","2"
"胡海分道进","1","1","2"
"海分道进攻","1","1","2"
"分道进攻赤","1","1","2"
"道进攻赤水","1","1","2"
"进攻赤水河","1","1","2"
"攻赤水河路","1","1","2"
"左江上思蛮","1","1","2"
"太祖命大将","1","1","2"
"祖命大将军","1","1","2"
"将军徐达总","1","1","2"
"达里麻兵溃","1","1","2"
"英武卫亲军","1","1","2"
"武卫亲军指","1","1","2"
"讨平沂州答","1","1","2"
"平沂州答山","1","1","2"
"沂州答山贼","1","1","2"
"显擅杀胥吏","1","1","2"
"陕西行都督","1","1","2"
"西行都督府","1","1","2"
"行都督府佥","1","1","2"
"同卫指挥使","1","1","2"
"十一年沐英","2","0","2"
"纳邻七站地","1","1","2"
"取大柳树诸","1","1","2"
"大柳树诸寨","1","1","2"
"巨津州叛蛮","1","1","2"
"朔州卫指挥","1","1","2"
"州卫指挥副","1","1","2"
"熊天瑞声援","1","1","2"
"天道后举者","1","1","2"
"道后举者胜","1","1","2"
"元左丞田保","1","1","2"
"左丞田保保","1","1","2"
"丞田保保等","1","1","2"
"获将士五百","1","1","2"
"将士五百余","1","1","2"
"士五百余人","1","1","2"
"断白龙江桥","1","1","2"
"云南巡抚都","1","1","2"
"史何孟春请","1","1","2"
"元达鲁花赤","1","1","2"
"柳诸路皆下","1","1","2"
"进攻湖南蛮","1","1","2"
"攻湖南蛮寇","1","1","2"
"副将军遇春","2","0","2"
"击斩乐安反","1","1","2"
"贺宗哲合兵","1","1","2"
"宗哲合兵力","1","1","2"
"哲合兵力拒","1","1","2"
"御制神道碑","1","1","2"
"制神道碑文","1","1","2"
"熊天瑞固守","1","1","2"
"翊运推诚宣","1","1","2"
"运推诚宣德","1","1","2"
"推诚宣德靖","1","1","2"
"诚宣德靖远","1","1","2"
"宣德靖远功","1","1","2"
"德靖远功臣","1","1","2"
"开府仪同三","1","1","2"
"府仪同三司","1","1","2"
"追封开平王","1","1","2"
"子爱猷识里","1","1","2"
"爱猷识里达","1","1","2"
"猷识里达腊","1","1","2"
"识里达腊新","1","1","2"
"里达腊新立","1","1","2"
"同知军国事","1","1","2"
"遣部将分道","1","1","2"
"司徒答海等","1","1","2"
"中都正留守","1","1","2"
"愈分守抚州","1","1","2"
"分守抚州门","1","1","2"
"正十一年九","1","1","2"
"败元威顺王","1","1","2"
"元威顺王宽","1","1","2"
"威顺王宽彻","1","1","2"
"泰州白驹场","1","1","2"
"州白驹场亭","1","1","2"
"白驹场亭人","1","1","2"
"臣遵奉条约","1","1","2"
"虎贲卫千户","1","1","2"
"贲卫千户所","1","1","2"
"卫千户所镇","1","1","2"
"千户所镇抚","1","1","2"
"太祖第二子","1","1","2"
"太祖第六子","1","1","2"
"尽通经史百","1","1","2"
"经史百家言","2","0","2"
"总兵官朱谦","1","1","2"
"兵官朱谦告","1","1","2"
"官朱谦告急","1","1","2"
"破阳山贼周","1","1","2"
"阳山贼周公","1","1","2"
"山贼周公转","1","1","2"
"新兴贼邓李","1","1","2"
"兴贼邓李保","1","1","2"
"贼邓李保等","1","1","2"
"命成国公朱","1","1","2"
"侯李彬等十","1","1","2"
"李彬等十八","1","1","2"
"左副将军西","1","1","2"
"上书论国家","1","1","2"
"书论国家大","1","1","2"
"论国家大计","1","1","2"
"南京守备襄","1","1","2"
"京守备襄城","1","1","2"
"守备襄城伯","1","1","2"
"备襄城伯李","1","1","2"
"城伯李隆机","1","1","2"
"伯李隆机务","1","1","2"
"永乐四年大","1","1","2"
"乐四年大征","1","1","2"
"四年大征安","1","1","2"
"年大征安南","1","1","2"
"济川卫指挥","1","1","2"
"川卫指挥佥","1","1","2"
"蒲台妖妇唐","1","1","2"
"台妖妇唐赛","1","1","2"
"统十二年赠","1","1","2"
"浙江设巡抚","1","1","2"
"北方饥民多","1","1","2"
"都督刘真讨","1","1","2"
"灰等部落五","1","1","2"
"等部落五千","1","1","2"
"部落五千人","1","1","2"
"将军李坚迎","1","1","2"
"生擒都指挥","1","1","2"
"擒都指挥花","1","1","2"
"年十二月定","1","1","2"
"十二月定都","1","1","2"
"二月定都北","1","1","2"
"月定都北京","1","1","2"
"国公徐达战","1","1","2"
"公徐达战灰","1","1","2"
"徐达战灰山","1","1","2"
"侯沐英征云","1","1","2"
"凉州卫千户","1","1","2"
"州卫千户虎","1","1","2"
"卫千户虎保","1","1","2"
"永昌卫千户","1","1","2"
"真定副千户","1","1","2"
"州知州薛继","1","1","2"
"知州薛继贤","1","1","2"
"州薛继贤击","1","1","2"
"薛继贤击贼","1","1","2"
"凉州塞会剿","1","1","2"
"王骥讨思任","1","1","2"
"骥讨思任发","1","1","2"
"彭城卫指挥","1","1","2"
"城卫指挥使","1","1","2"
"州卫都督喃","1","1","2"
"都督喃哥兄","1","1","2"
"督喃哥兄弟","1","1","2"
"保住赐姓名","1","1","2"
"山右护卫指","1","1","2"
"右护卫指挥","1","1","2"
"护卫指挥佥","1","1","2"
"右丞相伯卜","1","1","2"
"丞相伯卜花","1","1","2"
"初名脱脱孛","1","1","2"
"名脱脱孛罗","1","1","2"
"宁王阿鲁台","1","1","2"
"初名克罗俄","1","1","2"
"卫都督佥事","1","1","2"
"都督佥事困","1","1","2"
"事中葛绍祖","1","1","2"
"中葛绍祖巡","1","1","2"
"葛绍祖巡抚","1","1","2"
"绍祖巡抚四","1","1","2"
"祖巡抚四川","1","1","2"
"大臣考察天","1","1","2"
"臣考察天下","1","1","2"
"考察天下方","1","1","2"
"察天下方面","1","1","2"
"人重义轻财","1","1","2"
"筑沛县刁阳","1","1","2"
"沛县刁阳湖","1","1","2"
"济宁南旺湖","1","1","2"
"宁南旺湖长","1","1","2"
"南旺湖长堤","1","1","2"
"追封平江侯","1","1","2"
"太祖第十七","1","1","2"
"祖第十七子","1","1","2"
"主事马思聪","1","1","2"
"布政使胡廉","1","1","2"
"孔友谅等七","1","1","2"
"友谅等七人","1","1","2"
"谅等七人历","1","1","2"
"等七人历事","1","1","2"
"七人历事六","1","1","2"
"人历事六科","1","1","2"
"六年七月辛","1","1","2"
"事中徐正请","1","1","2"
"时勉请改建","1","1","2"
"勉请改建国","1","1","2"
"太祖孝慈高","1","1","2"
"祖孝慈高皇","1","1","2"
"慈高皇后马","1","1","2"
"高皇后马氏","1","1","2"
"尊太皇太后","2","0","2"
"登州卫指挥","1","1","2"
"录功加少保","1","1","2"
"肇庆恩平十","1","1","2"
"庆恩平十三","1","1","2"
"恩平十三村","1","1","2"
"贼陈金莺等","1","1","2"
"邻邑苔村三","1","1","2"
"邑苔村三巢","1","1","2"
"崇祯六年授","1","1","2"
"祯六年授衡","1","1","2"
"六年授衡阳","1","1","2"
"年授衡阳知","1","1","2"
"授衡阳知县","1","1","2"
"授辉县知县","1","1","2"
"成化三年封","1","1","2"
"化三年封庆","1","1","2"
"三年封庆云","1","1","2"
"年封庆云伯","1","1","2"
"改称皇伯母","1","1","2"
"称皇伯母昭","1","1","2"
"皇伯母昭圣","1","1","2"
"伯母昭圣皇","1","1","2"
"母昭圣皇太","1","1","2"
"知县樊玉衡","1","1","2"
"庄烈帝生母","1","1","2"
"烈帝生母孝","1","1","2"
"帝生母孝纯","1","1","2"
"生母孝纯皇","1","1","2"
"母孝纯皇太","1","1","2"
"魏忠贤尽毁","1","1","2"
"忠贤尽毁天","1","1","2"
"贤尽毁天下","1","1","2"
"尽毁天下书","1","1","2"
"密云卫指挥","1","1","2"
"云卫指挥佥","1","1","2"
"平都指挥佥","1","1","2"
"破兀良哈屈","2","0","2"
"兀良哈屈裂","2","0","2"
"良哈屈裂河","2","0","2"
"迤北部长四","1","1","2"
"北部长四十","1","1","2"
"部长四十九","1","1","2"
"长四十九人","1","1","2"
"九年二月卒","2","0","2"
"指挥同知累","1","1","2"
"挥同知累迁","1","1","2"
"累迁都督佥","2","0","2"
"事继母孝闻","2","0","2"
"察藩王动静","1","1","2"
"永乐八年冬","1","1","2"
"强占丹阳练","1","1","2"
"占丹阳练湖","1","1","2"
"丹阳练湖八","1","1","2"
"阳练湖八十","1","1","2"
"练湖八十余","1","1","2"
"湖八十余里","1","1","2"
"江阴官田七","1","1","2"
"阴官田七十","1","1","2"
"官田七十余","1","1","2"
"田七十余顷","1","1","2"
"军万五千人","2","0","2"
"正统七年五","1","1","2"
"统七年五月","1","1","2"
"指挥柳琮合","1","1","2"
"挥柳琮合兵","1","1","2"
"友夫妇诽谤","1","1","2"
"安福州判官","1","1","2"
"中书庶吉士","1","1","2"
"建叔梁纥庙","1","1","2"
"求古人治家","1","1","2"
"所谓神道设","1","1","2"
"谓神道设教","1","1","2"
"圣子圣孙继","1","1","2"
"子圣孙继继","1","1","2"
"圣孙继继绳","1","1","2"
"孙继继绳绳","1","1","2"
"行授田均田","1","1","2"
"行常平义仓","1","1","2"
"陛下幸垂鉴","1","1","2"
"同官夏长文","1","1","2"
"劾都御史袁","1","1","2"
"时礼部侍郎","1","1","2"
"礼部侍郎董","1","1","2"
"部侍郎董伦","1","1","2"
"进侍读学士","2","0","2"
"谕六科诸臣","1","1","2"
"皇长子仁孝","1","1","2"
"黄淮等五人","1","1","2"
"淮等五人二","1","1","2"
"等五人二品","1","1","2"
"五人二品纱","1","1","2"
"人二品纱罗","1","1","2"
"二品纱罗衣","1","1","2"
"西布政司参","1","1","2"
"礼部郎中李","1","1","2"
"人府经历高","1","1","2"
"官张兴恃宠","1","1","2"
"蹇义天资厚","1","1","2"
"义天资厚重","1","1","2"
"示杨士奇曰","2","0","2"
"正统元年八","1","1","2"
"统元年八月","1","1","2"
"赠朝议大夫","1","1","2"
"进右春坊大","2","0","2"
"同辅导太孙","1","1","2"
"太子遣使迎","1","1","2"
"杨士奇同掌","1","1","2"
"士奇同掌内","1","1","2"
"奇同掌内制","1","1","2"
"汉王久蓄异","1","1","2"
"王久蓄异志","1","1","2"
"乘肩舆登万","1","1","2"
"肩舆登万岁","1","1","2"
"统十四年六","1","1","2"
"长沙妖人李","1","1","2"
"沙妖人李法","1","1","2"
"妖人李法良","1","1","2"
"吏部追论靖","1","1","2"
"部追论靖难","1","1","2"
"追论靖难兵","1","1","2"
"广西按察佥","1","1","2"
"右春坊右庶","1","1","2"
"春坊右庶子","1","1","2"
"圣孝瑞应颂","1","1","2"
"礼部郎中周","1","1","2"
"部郎中周讷","1","1","2"
"颇能持大体","1","1","2"
"所过山川要","1","1","2"
"过山川要害","1","1","2"
"幼孜护梓宫","1","1","2"
"年十月命幼","1","1","2"
"十月命幼孜","1","1","2"
"洪熙元年进","2","0","2"
"庆府郡王妃","1","1","2"
"宣德六年十","1","1","2"
"德六年十二","1","1","2"
"副都御史练","1","1","2"
"都御史练子","1","1","2"
"御史练子宁","1","1","2"
"永乐二年九","1","1","2"
"乐二年九月","1","1","2"
"皇太孙留守","1","1","2"
"公卿大夫彬","1","1","2"
"卿大夫彬彬","1","1","2"
"国学二十余","1","1","2"
"学二十余年","1","1","2"
"正统八年八","1","1","2"
"统八年八月","1","1","2"
"缙陈说大义","1","1","2"
"周府奉祀正","1","1","2"
"友人江仲隆","1","1","2"
"文援笔立就","2","0","2"
"金华朱克修","1","1","2"
"秦府引礼舍","1","1","2"
"郎甸长官司","1","1","2"
"甸长官司吏","1","1","2"
"长官司吏目","1","1","2"
"左班文职奸","1","1","2"
"班文职奸臣","1","1","2"
"文职奸臣罪","1","1","2"
"职奸臣罪状","1","1","2"
"妻毕氏孀居","1","1","2"
"毕氏孀居母","1","1","2"
"氏孀居母家","1","1","2"
"翁夫人血影","1","1","2"
"夫人血影石","1","1","2"
"人枭悍善斗","1","1","2"
"命太常丞张","1","1","2"
"四世祖老舍","1","1","2"
"予冠带奉祀","1","1","2"
"颍州人刘福","1","1","2"
"州人刘福通","1","1","2"
"杀白马黑牛","1","1","2"
"正十一年五","1","1","2"
"时徐寿辉等","1","1","2"
"元镇守黄河","1","1","2"
"福通兵陷大","1","1","2"
"通兵陷大名","1","1","2"
"杀宣慰使董","1","1","2"
"宣慰使董搏","1","1","2"
"慰使董搏霄","1","1","2"
"五月攻下汴","1","1","2"
"月攻下汴梁","1","1","2"
"李喜喜余党","1","1","2"
"姬宗周等分","1","1","2"
"宗周等分守","1","1","2"
"屯田三百六","1","1","2"
"田三百六十","1","1","2"
"造挽运大车","1","1","2"
"张士诚将吕","1","1","2"
"命廖永忠迎","1","1","2"
"元帅王子明","1","1","2"
"儒生讲论经","1","1","2"
"生讲论经史","1","1","2"
"昭勇大将军","1","1","2"
"苏州卫指挥","1","1","2"
"年进都督同","2","0","2"
"通经史大义","2","0","2"
"淮西宣慰司","1","1","2"
"常遇春设伏","1","1","2"
"秦淮翼水军","1","1","2"
"淮翼水军元","1","1","2"
"翼水军元帅","1","1","2"
"江阴马驮沙","1","1","2"
"都水营田使","1","1","2"
"总制亲兵左","1","1","2"
"制亲兵左副","1","1","2"
"亲兵左副指","1","1","2"
"兵左副指挥","1","1","2"
"左副指挥使","1","1","2"
"陈友谅陷太","2","0","2"
"约张士诚合","1","1","2"
"张士诚合攻","1","1","2"
"帐前亲兵副","1","1","2"
"前亲兵副都","1","1","2"
"亲兵副都指","1","1","2"
"兵副都指挥","1","1","2"
"左君弼庐州","2","0","2"
"徐达攻庐州","2","0","2"
"淮安马骡港","1","1","2"
"持大戟督战","1","1","2"
"太子右率府","1","1","2"
"子右率府使","1","1","2"
"定湖南衡州","1","1","2"
"湖南衡州诸","1","1","2"
"南衡州诸郡","1","1","2"
"士诚兵旧馆","2","0","2"
"龙江卫指挥","1","1","2"
"江卫指挥使","1","1","2"
"获战船三百","1","1","2"
"战船三百余","1","1","2"
"守将李福安","1","1","2"
"将李福安等","1","1","2"
"总兵都元帅","1","1","2"
"左丞潘元明","1","1","2"
"翼元帅府永","2","0","2"
"元帅府永兴","2","0","2"
"元帅宋兴祖","1","1","2"
"大军伐士诚","2","0","2"
"浚泾阳洪渠","2","0","2"
"泾阳洪渠十","1","1","2"
"阳洪渠十万","1","1","2"
"洪渠十万余","1","1","2"
"渠十万余丈","1","1","2"
"秦王左相都","1","1","2"
"王左相都督","1","1","2"
"左相都督佥","1","1","2"
"相都督佥事","1","1","2"
"陕西徽州妖","1","1","2"
"西徽州妖人","1","1","2"
"蜀寇高福兴","1","1","2"
"锋九千人驻","1","1","2"
"太常卿黄子","1","1","2"
"常卿黄子澄","1","1","2"
"骁骑卫千户","1","1","2"
"本卫指挥副","1","1","2"
"河南都指挥","1","1","2"
"赐白金二十","1","1","2"
"白金二十罂","1","1","2"
"十七年论平","2","0","2"
"七年论平云","2","0","2"
"年论平云南","2","0","2"
"年副征西将","2","0","2"
"征西将军耿","1","1","2"
"西将军耿炳","1","1","2"
"将军耿炳文","1","1","2"
"御史裴承祖","1","1","2"
"英私养家奴","1","1","2"
"都御史张春","1","1","2"
"御史张春等","1","1","2"
"命诸戚里大","1","1","2"
"诸戚里大臣","1","1","2"
"中军右都督","1","1","2"
"夺天津屯田","1","1","2"
"云龙跃马大","1","1","2"
"龙跃马大呼","1","1","2"
"豹韬卫指挥","1","1","2"
"韬卫指挥使","1","1","2"
"淮安卫指挥","1","1","2"
"六卫兵留守","1","1","2"
"北平行省参","1","1","2"
"平行省参知","1","1","2"
"隘口一百二","1","1","2"
"二千二百里","1","1","2"
"紫荆关芦花","2","0","2"
"芦花山岭尤","1","1","2"
"千户守御所","1","1","2"
"元八翼军士","1","1","2"
"千六百人屯","1","1","2"
"六百人屯田","1","1","2"
"入燕山诸卫","1","1","2"
"元平章僧家","1","1","2"
"平章僧家奴","1","1","2"
"上都大石崖","1","1","2"
"攻克刘学士","1","1","2"
"克刘学士诸","1","1","2"
"刘学士诸寨","1","1","2"
"江淮行省平","1","1","2"
"淮行省平章","1","1","2"
"城东龙尾坝","1","1","2"
"梁城守将卢","1","1","2"
"城守将卢斌","1","1","2"
"改山东行省","2","0","2"
"山东行省平","1","1","2"
"东行省平章","1","1","2"
"将士收复诸","1","1","2"
"士收复诸山","1","1","2"
"收复诸山寨","1","1","2"
"汤练兵临清","2","0","2"
"秦淮翼副元","1","1","2"
"淮翼副元帅","1","1","2"
"元左丞余阙","1","1","2"
"左丞余阙守","1","1","2"
"友谅杀普胜","2","0","2"
"横海指挥同","1","1","2"
"海指挥同知","1","1","2"
"充征南副将","2","0","2"
"花枪所千户","1","1","2"
"李参政等二","1","1","2"
"参政等二十","1","1","2"
"守将刘思忠","1","1","2"
"年副李文忠","2","0","2"
"同延安侯唐","1","1","2"
"元平章定定","1","1","2"
"进统军元帅","2","0","2"
"武卫指挥同","1","1","2"
"常遇春下襄","1","1","2"
"遇春下襄阳","1","1","2"
"元同佥任亮","1","1","2"
"安陆卫指挥","1","1","2"
"陆卫指挥使","1","1","2"
"明年傅友德","2","0","2"
"克四十八洞","2","0","2"
"年进大都督","2","0","2"
"纳邻哈七站","1","1","2"
"七百房诸寨","1","1","2"
"入土豪赤塘","1","1","2"
"土豪赤塘王","1","1","2"
"豪赤塘王总","1","1","2"
"赤塘王总管","1","1","2"
"元将谢国玺","1","1","2"
"东南门月城","1","1","2"
"花枪上千户","1","1","2"
"宝庆卫指挥","1","1","2"
"北门八角亭","1","1","2"
"门八角亭先","1","1","2"
"八角亭先登","1","1","2"
"命左副总兵","2","0","2"
"五开诸苗蛮","1","1","2"
"开诸苗蛮先","1","1","2"
"诸苗蛮先后","1","1","2"
"将军沐英会","1","1","2"
"军沐英会师","1","1","2"
"王弼洱水东","2","0","2"
"弼洱水东趋","2","0","2"
"山上军驰下","2","0","2"
"讨平澧州九","1","1","2"
"平澧州九溪","1","1","2"
"澧州九溪诸","1","1","2"
"州九溪诸蛮","1","1","2"
"九溪诸蛮寇","1","1","2"
"二十四年七","1","1","2"
"诸将分门军","2","0","2"
"福州卫都指","1","1","2"
"州卫都指挥","1","1","2"
"卫都指挥副","1","1","2"
"都指挥副使","1","1","2"
"复命署都指","1","1","2"
"命署都指挥","1","1","2"
"指挥使司事","1","1","2"
"获倭船十余","1","1","2"
"倭船十余艘","1","1","2"
"辽东漕运艰","1","1","2"
"辽东十二年","1","1","2"
"赵普胜栅江","2","0","2"
"普胜栅江营","2","0","2"
"缮广东边海","1","1","2"
"广东边海城","1","1","2"
"东边海城堡","1","1","2"
"补支禄三百","1","1","2"
"支禄三百石","1","1","2"
"侯周德兴征","1","1","2"
"复傅友德平","2","0","2"
"河源县务副","1","1","2"
"源县务副使","1","1","2"
"淡水场管勾","1","1","2"
"惠州人王仲","1","1","2"
"州人王仲刚","1","1","2"
"广东分省参","1","1","2"
"东分省参政","1","1","2"
"赣州熊天瑞","1","1","2"
"时中原大乱","1","1","2"
"海道贡方物","1","1","2"
"都事刘克佐","1","1","2"
"真帅官属迎","2","0","2"
"子兵马指挥","1","1","2"
"迁山西右布","2","0","2"
"镇南卫指挥","1","1","2"
"南卫指挥佥","1","1","2"
"南海官军三","1","1","2"
"海官军三百","1","1","2"
"官军三百余","1","1","2"
"军三百余人","1","1","2"
"广东都司发","1","1","2"
"东都司发兵","1","1","2"
"王士诚所刺","1","1","2"
"陈猱头等二","1","1","2"
"猱头等二十","1","1","2"
"头等二十余","1","1","2"
"正二十二年","1","1","2"
"丞相搠思监","1","1","2"
"太子奔太原","2","0","2"
"唐肃宗灵武","1","1","2"
"扩廓受命平","1","1","2"
"中书左丞相","1","1","2"
"貊高合攻扩","1","1","2"
"高合攻扩廓","1","1","2"
"扩廓所擒杀","1","1","2"
"思齐等分道","1","1","2"
"齐等分道南","1","1","2"
"察罕死时仅","1","1","2"
"开平命扩廓","1","1","2"
"居庸攻北平","2","0","2"
"常遇春乘虚","1","1","2"
"思道走宁夏","2","0","2"
"弟良臣庆阳","2","0","2"
"扩廓拥兵塞","1","1","2"
"廓拥兵塞上","1","1","2"
"扩廓复攻雁","1","1","2"
"廓复攻雁门","1","1","2"
"遣户部尚书","1","1","2"
"郎中马合谋","1","1","2"
"江西等处行","1","1","2"
"西等处行中","1","1","2"
"等处行中书","1","1","2"
"处行中书省","1","1","2"
"行中书省平","1","1","2"
"赐龙衣御酒","2","0","2"
"天下奇男子","1","1","2"
"汀州府判蔡","1","1","2"
"州府判蔡公","1","1","2"
"府判蔡公安","1","1","2"
"黄土砦巡检","1","1","2"
"讨平诸山寨","1","1","2"
"将邓克明等","1","1","2"
"汀州路总管","1","1","2"
"守将完者帖","1","1","2"
"将完者帖木","1","1","2"
"漳州守将罗","1","1","2"
"州守将罗良","1","1","2"
"福清宣慰使","1","1","2"
"清宣慰使陈","1","1","2"
"宣慰使陈瑞","1","1","2"
"慰使陈瑞孙","1","1","2"
"崇安令孔楷","1","1","2"
"建阳人詹翰","1","1","2"
"阳人詹翰拒","1","1","2"
"友定威震八","1","1","2"
"定威震八闽","1","1","2"
"朱亮祖进攻","1","1","2"
"牙将赖政等","1","1","2"
"将军胡廷美","1","1","2"
"海道取福州","2","0","2"
"文忠浦城取","2","0","2"
"忠浦城取建","2","0","2"
"浦城取建宁","2","0","2"
"参政尹克仁","1","1","2"
"宣政使朵耳","1","1","2"
"政使朵耳麻","1","1","2"
"佥院柏帖木","1","1","2"
"元世祖第五","1","1","2"
"世祖第五子","1","1","2"
"祖第五子云","1","1","2"
"第五子云南","1","1","2"
"五子云南王","1","1","2"
"子云南王忽","1","1","2"
"云南王忽哥","1","1","2"
"南王忽哥赤","1","1","2"
"正二十三年","1","1","2"
"王走营金马","2","0","2"
"走营金马山","2","0","2"
"使者苏成献","1","1","2"
"遣湖广参政","1","1","2"
"湖广参政吴","1","1","2"
"广参政吴云","1","1","2"
"参政吴云偕","1","1","2"
"大军所获云","1","1","2"
"军所获云南","1","1","2"
"所获云南使","1","1","2"
"获云南使臣","1","1","2"
"云南使臣铁","1","1","2"
"南使臣铁知","1","1","2"
"使臣铁知院","1","1","2"
"臣铁知院等","1","1","2"
"武十四年十","1","1","2"
"司徒平章达","1","1","2"
"徒平章达里","1","1","2"
"策卫指挥同","1","1","2"
"平章韩政讨","1","1","2"
"攻张士诚升","1","1","2"
"张士诚升山","1","1","2"
"士诚升山水","1","1","2"
"诚升山水寨","1","1","2"
"五太子等降","2","0","2"
"同知率府事","1","1","2"
"逻古北诸隘","2","0","2"
"古北诸隘口","2","0","2"
"王信等四十","1","1","2"
"信等四十六","1","1","2"
"等四十六人","1","1","2"
"大都督同知","1","1","2"
"四年左副将","2","0","2"
"兴元进克阶","1","1","2"
"麾下数百人","1","1","2"
"金吾卫镇抚","1","1","2"
"年追论胡惟","1","1","2"
"追论胡惟庸","1","1","2"
"论胡惟庸党","1","1","2"
"天兴翼副元","1","1","2"
"兴翼副元帅","1","1","2"
"进佥大都督","2","0","2"
"汤讨方国珍","2","0","2"
"将军冯胜驻","1","1","2"
"解都督府事","2","0","2"
"章高家奴等","1","1","2"
"定辽卫指挥","1","1","2"
"辽卫指挥使","1","1","2"
"复充总兵官","2","0","2"
"同都督佥事","1","1","2"
"总理军务数","1","1","2"
"理军务数年","1","1","2"
"平章刘进昭","1","1","2"
"士诚遣五太","1","1","2"
"诚遣五太子","1","1","2"
"太祖谕诸将","2","0","2"
"元兵河西务","2","0","2"
"乔右丞等三","1","1","2"
"右丞等三十","1","1","2"
"丞等三十四","1","1","2"
"等三十四人","1","1","2"
"贺宗哲石州","2","0","2"
"桃花诸山寨","1","1","2"
"降将杜旺等","1","1","2"
"将杜旺等十","1","1","2"
"杜旺等十一","1","1","2"
"旺等十一人","1","1","2"
"马鞍山西番","1","1","2"
"鞍山西番寨","1","1","2"
"显驻兵灵州","1","1","2"
"奉命巡视河","1","1","2"
"滁阳王郭子","1","1","2"
"阳王郭子兴","1","1","2"
"昼夜解甲者","2","0","2"
"鹰扬卫指挥","1","1","2"
"扬卫指挥使","1","1","2"
"徐达取庐州","1","1","2"
"轻骑直捣奉","1","1","2"
"骑直捣奉元","1","1","2"
"年徐达镇北","2","0","2"
"追坐胡惟庸","2","0","2"
"大战鄱阳湖","1","1","2"
"水寨姚平章","1","1","2"
"天策卫亲军","1","1","2"
"策卫亲军指","1","1","2"
"立河南行都","1","1","2"
"河南行都督","1","1","2"
"南行都督府","1","1","2"
"破泽州磨盘","1","1","2"
"泽州磨盘寨","1","1","2"
"元守将吕国","1","1","2"
"守将吕国公","1","1","2"
"大败吴友仁","1","1","2"
"副枢失剌罕","1","1","2"
"枢失剌罕等","1","1","2"
"失剌罕等七","1","1","2"
"剌罕等七十","1","1","2"
"战答剌海口","1","1","2"
"同佥忻都等","1","1","2"
"佥忻都等五","1","1","2"
"忻都等五十","1","1","2"
"都等五十四","1","1","2"
"等五十四人","1","1","2"
"卫指挥使改","1","1","2"
"将军徐达西","1","1","2"
"山西都司卫","1","1","2"
"都司卫所军","1","1","2"
"司卫所军务","1","1","2"
"安南卫指挥","1","1","2"
"元义兵元帅","1","1","2"
"克升山水寨","1","1","2"
"浙江行省右","1","1","2"
"江行省右丞","1","1","2"
"大将军伐中","2","0","2"
"将军伐中原","2","0","2"
"元平章龙二","1","1","2"
"平章龙二弃","1","1","2"
"章龙二弃城","1","1","2"
"元参政毛贵","1","1","2"
"参政毛贵等","1","1","2"
"政毛贵等三","1","1","2"
"毛贵等三十","1","1","2"
"贵等三十人","1","1","2"
"侯周德兴帅","2","0","2"
"傅友德平云","2","0","2"
"友德平云南","2","0","2"
"置贵州都司","1","1","2"
"南布政司事","1","1","2"
"平章潘元明","1","1","2"
"左翼副元帅","1","1","2"
"骧卫指挥同","1","1","2"
"元平章刘麟","1","1","2"
"平章刘麟等","1","1","2"
"章刘麟等十","1","1","2"
"刘麟等十八","1","1","2"
"麟等十八人","1","1","2"
"元太尉卢伯","1","1","2"
"太尉卢伯颜","1","1","2"
"省院等官二","1","1","2"
"院等官二十","1","1","2"
"等官二十五","1","1","2"
"官二十五人","1","1","2"
"土酋杨政等","1","1","2"
"骧卫指挥佥","1","1","2"
"定江西诸郡","1","1","2"
"骑卫指挥同","1","1","2"
"追获元将忻","1","1","2"
"安丰卫指挥","1","1","2"
"丰卫指挥使","1","1","2"
"浙东山寇叶","1","1","2"
"东山寇叶丁","1","1","2"
"山寇叶丁香","1","1","2"
"寇叶丁香等","1","1","2"
"丞兀卜台等","1","1","2"
"十五年巡视","1","1","2"
"五年巡视陕","1","1","2"
"年巡视陕西","1","1","2"
"左翼统军元","1","1","2"
"骑卫指挥使","1","1","2"
"赣州卫指挥","1","1","2"
"节制岭南北","1","1","2"
"制岭南北新","1","1","2"
"元将卢左丞","1","1","2"
"美东卫指挥","1","1","2"
"东卫指挥使","1","1","2"
"治胡惟庸逆","1","1","2"
"胡惟庸逆党","1","1","2"
"家奴封贴木","1","1","2"
"持一升麦伏","1","1","2"
"定远张家堡","1","1","2"
"永兴亲军指","1","1","2"
"兴亲军指挥","1","1","2"
"亲军指挥司","1","1","2"
"置贵州都指","1","1","2"
"州都指挥使","1","1","2"
"指挥丁忠等","1","1","2"
"元枢密院同","1","1","2"
"指挥傅友德","1","1","2"
"佥院邢端等","1","1","2"
"山东行省参","1","1","2"
"攻克车子山","1","1","2"
"守井陉故关","1","1","2"
"胡惟庸党死","2","0","2"
"安卫指挥佥","1","1","2"
"开行大都督","1","1","2"
"经略城池屯","1","1","2"
"略城池屯堡","1","1","2"
"陕西岷州诸","1","1","2"
"西岷州诸卫","1","1","2"
"欧普祥攻陷","1","1","2"
"普祥攻陷袁","1","1","2"
"普祥守袁州","2","0","2"
"守将周安叛","2","0","2"
"招集诸山寨","1","1","2"
"进江淮行省","2","0","2"
"江淮行省中","1","1","2"
"淮行省中书","1","1","2"
"行省中书左","1","1","2"
"省中书左丞","1","1","2"
"赣州上犹山","1","1","2"
"州上犹山寇","1","1","2"
"上犹山寇叛","1","1","2"
"古州等洞蛮","1","1","2"
"州等洞蛮叛","1","1","2"
"洪武三年论","1","1","2"
"武三年论功","1","1","2"
"明年征西将","2","0","2"
"讨平庆阳叛","1","1","2"
"延安伯颜帖","1","1","2"
"安伯颜帖木","1","1","2"
"发高丽赂遗","1","1","2"
"命同普定侯","1","1","2"
"同普定侯陈","1","1","2"
"龙海诸蛮叛","1","1","2"
"湖广安福所","1","1","2"
"广安福所千","1","1","2"
"安福所千户","1","1","2"
"福所千户夏","1","1","2"
"所千户夏德","1","1","2"
"千户夏德忠","1","1","2"
"诱九溪洞蛮","1","1","2"
"升同胡海等","1","1","2"
"同胡海等讨","2","0","2"
"江浙儒学副","1","1","2"
"浙儒学副提","1","1","2"
"儒学副提举","1","1","2"
"论御史失职","1","1","2"
"基博通经史","1","1","2"
"西蜀赵天泽","1","1","2"
"行省复辟基","2","0","2"
"筑庆元诸城","1","1","2"
"左丞帖里帖","1","1","2"
"丞帖里帖木","1","1","2"
"方氏兄弟首","1","1","2"
"行院判石抹","1","1","2"
"院判石抹宜","1","1","2"
"判石抹宜孙","1","1","2"
"经略使李国","1","1","2"
"略使李国凤","1","1","2"
"太祖下金华","2","0","2"
"陈时务十八","1","1","2"
"时务十八策","1","1","2"
"中书省设御","1","1","2"
"书省设御座","1","1","2"
"省设御座行","1","1","2"
"设御座行礼","1","1","2"
"兵复陷安庆","2","0","2"
"妻子奔武昌","2","0","2"
"龙兴守将胡","1","1","2"
"兴守将胡美","1","1","2"
"平章邵荣等","1","1","2"
"章邵荣等谋","1","1","2"
"戊申大统历","1","1","2"
"定处州税粮","1","1","2"
"中书省都事","1","1","2"
"书省都事李","1","1","2"
"省都事李彬","1","1","2"
"开国翊运守","1","1","2"
"国翊运守正","1","1","2"
"翊运守正文","1","1","2"
"运守正文臣","1","1","2"
"禄二百四十","1","1","2"
"二百四十石","1","1","2"
"请设巡检司","1","1","2"
"设巡检司守","1","1","2"
"中丞涂节首","1","1","2"
"金华潜溪人","1","1","2"
"知府王显宗","1","1","2"
"春秋左氏传","1","1","2"
"孔子褒善贬","1","1","2"
"子褒善贬恶","1","1","2"
"口释黄石公","1","1","2"
"征召四方儒","1","1","2"
"召四方儒士","1","1","2"
"四方儒士张","1","1","2"
"方儒士张唯","1","1","2"
"儒士张唯等","1","1","2"
"士张唯等数","1","1","2"
"张唯等数十","1","1","2"
"唯等数十人","1","1","2"
"先后十余年","2","0","2"
"言必称师父","1","1","2"
"剖符封功臣","1","1","2"
"中司马迁论","1","1","2"
"司马迁论黄","1","1","2"
"主事茹太素","1","1","2"
"事茹太素上","1","1","2"
"茹太素上书","1","1","2"
"太素上书万","1","1","2"
"素上书万余","1","1","2"
"上书万余言","1","1","2"
"元勋巨卿碑","1","1","2"
"勋巨卿碑记","1","1","2"
"巨卿碑记刻","1","1","2"
"卿碑记刻石","1","1","2"
"一代礼乐制","1","1","2"
"代礼乐制作","1","1","2"
"川巡抚马俊","1","1","2"
"濂兴宗旧学","1","1","2"
"奸党郑公智","1","1","2"
"营田司佥事","1","1","2"
"迁洪都知府","1","1","2"
"佐邓愈镇守","1","1","2"
"元宪使秃坚","1","1","2"
"说石抹宜孙","1","1","2"
"监县宝忽丁","1","1","2"
"壮士击走贼","1","1","2"
"浙东都元帅","1","1","2"
"东都元帅府","1","1","2"
"都元帅府佥","1","1","2"
"元帅府佥事","1","1","2"
"佥营田司事","1","1","2"
"浙东设提刑","1","1","2"
"东设提刑按","1","1","2"
"设提刑按察","1","1","2"
"湖广按察佥","1","1","2"
"广按察佥事","1","1","2"
"浙东按察使","1","1","2"
"东按察使宋","1","1","2"
"按察使宋思","1","1","2"
"察使宋思颜","1","1","2"
"浙东按察副","1","1","2"
"东按察副使","1","1","2"
"旧部义兵分","1","1","2"
"部义兵分布","1","1","2"
"义兵分布要","1","1","2"
"兵分布要害","1","1","2"
"军中所掠粮","1","1","2"
"温州茗洋贼","1","1","2"
"一万三千石","1","1","2"
"溢悲戚过度","1","1","2"
"生时黑气满","1","1","2"
"诸将攻破海","1","1","2"
"将攻破海牙","1","1","2"
"破海牙水寨","1","1","2"
"众三万余人","1","1","2"
"取江西诸路","1","1","2"
"高邮守将诈","1","1","2"
"邮守将诈降","1","1","2"
"下山东诸州","1","1","2"
"山东诸州郡","1","1","2"
"武元年太子","2","0","2"
"太子右詹事","1","1","2"
"元右丞贾成","1","1","2"
"胜兄弟亲同","1","1","2"
"兄弟亲同骨","1","1","2"
"弟亲同骨肉","1","1","2"
"副将军陈德","1","1","2"
"元将上都驴","1","1","2"
"守将卜颜帖","1","1","2"
"将卜颜帖木","1","1","2"
"平章长加奴","1","1","2"
"章长加奴等","1","1","2"
"长加奴等二","1","1","2"
"加奴等二十","1","1","2"
"奴等二十七","1","1","2"
"等二十七人","1","1","2"
"驼牛羊十余","1","1","2"
"左副将军文","2","0","2"
"元太尉纳哈","1","1","2"
"颖国公傅友","2","0","2"
"雄侯赵庸等","1","1","2"
"国公邓镇等","1","1","2"
"将全国公观","1","1","2"
"督濮英殿后","1","1","2"
"求大珠异宝","1","1","2"
"失濮英三千","1","1","2"
"十一年奉诏","1","1","2"
"东昌番兵征","1","1","2"
"右军左都督","1","1","2"
"太平路万户","1","1","2"
"李喜喜入蜀","1","1","2"
"雄武卫指挥","1","1","2"
"大军下淮东","1","1","2"
"扩廓遣将李","1","1","2"
"廓遣将李二","1","1","2"
"淮行省参知","1","1","2"
"明年大将军","2","0","2"
"年大将军北","2","0","2"
"连云栈合攻","1","1","2"
"云栈合攻汉","1","1","2"
"栈合攻汉中","1","1","2"
"廖永忠等舟","2","0","2"
"永忠等舟师","2","0","2"
"顾时等步骑","2","0","2"
"时等步骑秦","2","0","2"
"集诸军声言","1","1","2"
"败蜀将丁世","1","1","2"
"蜀将丁世珍","1","1","2"
"时汉江水涨","1","1","2"
"丞相戴寿等","1","1","2"
"相戴寿等果","1","1","2"
"守将向大亨","1","1","2"
"强弩火器冲","1","1","2"
"精兵西救汉","1","1","2"
"兵西救汉州","1","1","2"
"获平章邓孛","1","1","2"
"平章邓孛罗","1","1","2"
"章邓孛罗帖","1","1","2"
"邓孛罗帖木","1","1","2"
"友德巡行川","1","1","2"
"普定诸山寨","1","1","2"
"年副大将军","2","0","2"
"左副将军蓝","1","1","2"
"右副将军沐","1","1","2"
"都督胡海等","1","1","2"
"获牛马十余","1","1","2"
"牛马十余万","1","1","2"
"讨平云南蛮","1","1","2"
"讨越州叛酋","1","1","2"
"越州叛酋阿","1","1","2"
"州叛酋阿资","1","1","2"
"金吾卫千户","1","1","2"
"友德五世孙","1","1","2"
"船乘风倒行","1","1","2"
"中书省右丞","1","1","2"
"敌将张定边","1","1","2"
"智迈雄师八","1","1","2"
"迈雄师八字","1","1","2"
"克淮东诸郡","1","1","2"
"定闽中诸郡","1","1","2"
"寻征南将军","2","0","2"
"元左丞何真","1","1","2"
"儋耳三十余","1","1","2"
"耳三十余城","1","1","2"
"守将邹兴等","1","1","2"
"将邹兴等兵","1","1","2"
"断横江铁索","1","1","2"
"同佥蒋达等","1","1","2"
"佥蒋达等八","1","1","2"
"蒋达等八十","1","1","2"
"达等八十余","1","1","2"
"永忠帅舟师","2","0","2"
"师直捣重庆","1","1","2"
"蜀主明升请","1","1","2"
"主明升请降","1","1","2"
"傅友德所败","1","1","2"
"廖永忠等归","1","1","2"
"亲军副都指","1","1","2"
"军副都指挥","1","1","2"
"武昌诸卫军","1","1","2"
"守将邓祖胜","1","1","2"
"将邓祖胜迎","1","1","2"
"邓祖胜迎战","1","1","2"
"俘获千余人","1","1","2"
"全州守将平","1","1","2"
"州守将平章","1","1","2"
"守将平章阿","1","1","2"
"将平章阿思","1","1","2"
"武冈诸州县","1","1","2"
"百户夏升约","1","1","2"
"参政张子贤","1","1","2"
"遣指挥丘广","1","1","2"
"两江土官黄","1","1","2"
"江土官黄英","1","1","2"
"土官黄英岑","1","1","2"
"将军徐达镇","1","1","2"
"降普定指挥","1","1","2"
"普定指挥使","1","1","2"
"赵普胜骁勇","1","1","2"
"普胜骁勇善","1","1","2"
"胜骁勇善战","1","1","2"
"陈氏所授丞","1","1","2"
"氏所授丞相","1","1","2"
"所授丞相印","1","1","2"
"加荣禄大夫","2","0","2"
"左丞何文辉","1","1","2"
"邵武守将李","1","1","2"
"武守将李宗","1","1","2"
"守将李宗茂","1","1","2"
"守将曹复畴","1","1","2"
"守将同佥达","1","1","2"
"将同佥达里","1","1","2"
"同佥达里麻","1","1","2"
"参政陈子琦","1","1","2"
"获将士九千","1","1","2"
"将士九千七","1","1","2"
"士九千七百","1","1","2"
"遣降将谕降","1","1","2"
"降将谕降汀","1","1","2"
"太祖榜列勋","1","1","2"
"祖榜列勋臣","1","1","2"
"元将陈野先","1","1","2"
"淮兴翼统军","1","1","2"
"兴翼统军元","1","1","2"
"江东叛将陈","1","1","2"
"东叛将陈保","1","1","2"
"叛将陈保二","1","1","2"
"舟师攻镇江","2","0","2"
"年复攻宜兴","1","1","2"
"达留守应天","1","1","2"
"奉国上将军","1","1","2"
"败陈友谅军","1","1","2"
"吴将士千余","1","1","2"
"将士千余人","1","1","2"
"遇春攻淮安","1","1","2"
"守将梅思祖","1","1","2"
"国李善长请","1","1","2"
"大将李伯升","1","1","2"
"辈徒拥子女","1","1","2"
"徒拥子女玉","1","1","2"
"拥子女玉帛","1","1","2"
"师二十万人","1","1","2"
"将吏二百人","1","1","2"
"太湖进围平","1","1","2"
"湖进围平江","1","1","2"
"所击辄糜碎","2","0","2"
"将军谋勇绝","1","1","2"
"军谋勇绝伦","1","1","2"
"兵二十五万","1","1","2"
"离营二十里","1","1","2"
"营二十里者","1","1","2"
"二十里者死","1","1","2"
"步骑二十五","1","1","2"
"骑二十五万","1","1","2"
"两人才勇相","1","1","2"
"降守将王宣","1","1","2"
"守将李克彝","1","1","2"
"乘势直捣元","1","1","2"
"势直捣元都","1","1","2"
"达陈兵齐化","1","1","2"
"陈兵齐化门","1","1","2"
"监国淮王帖","1","1","2"
"国淮王帖木","1","1","2"
"淮王帖木花","2","0","2"
"左丞相庆童","1","1","2"
"右丞张康伯","1","1","2"
"御史中丞满","1","1","2"
"史中丞满川","1","1","2"
"中丞满川等","1","1","2"
"遇春先下保","1","1","2"
"春先下保定","1","1","2"
"时扩廓帖木","1","1","2"
"选精兵夜袭","1","1","2"
"收部落辎重","2","0","2"
"良臣父子投","1","1","2"
"章李文忠副","2","0","2"
"左丞胡德济","1","1","2"
"丞胡德济仓","1","1","2"
"将士八万四","1","1","2"
"士八万四千","1","1","2"
"八万四千五","1","1","2"
"下诏大封功","1","1","2"
"诏大封功臣","1","1","2"
"书右丞相参","1","1","2"
"右丞相参军","1","1","2"
"丞相参军国","1","1","2"
"相参军国事","1","1","2"
"盛熙等赴北","1","1","2"
"熙等赴北平","1","1","2"
"置二百五十","1","1","2"
"百五十四屯","1","1","2"
"垦田一千三","1","1","2"
"达言简虑精","1","1","2"
"正十五年四","1","1","2"
"统军大元帅","1","1","2"
"中翼大元帅","1","1","2"
"行省都督马","1","1","2"
"省都督马步","1","1","2"
"都督马步水","1","1","2"
"督马步水军","1","1","2"
"马步水军大","1","1","2"
"步水军大元","1","1","2"
"水军大元帅","1","1","2"
"俘杀吴兵五","1","1","2"
"杀吴兵五千","1","1","2"
"吴兵五千余","1","1","2"
"兵五千余人","1","1","2"
"汉丞相张必","1","1","2"
"相张必先岳","2","0","2"
"伪知州邓克","1","1","2"
"知州邓克明","1","1","2"
"中书平章军","1","1","2"
"书平章军国","1","1","2"
"平章军国重","1","1","2"
"章军国重事","1","1","2"
"追奔五十余","1","1","2"
"奔五十余里","1","1","2"
"下河北诸郡","1","1","2"
"居右副将军","1","1","2"
"败敌将江文","1","1","2"
"敌将江文清","1","1","2"
"进攻大兴州","1","1","2"
"追奔数百里","1","1","2"
"平章鼎住等","1","1","2"
"章鼎住等将","1","1","2"
"鼎住等将士","1","1","2"
"住等将士万","1","1","2"
"等将士万人","1","1","2"
"明器九十事","2","0","2"
"院判阿鲁灰","1","1","2"
"夜袭洪元帅","1","1","2"
"帐前左副都","1","1","2"
"前左副都指","1","1","2"
"左副都指挥","1","1","2"
"义门郑氏避","1","1","2"
"同佥行枢密","1","1","2"
"汉将李明道","1","1","2"
"建昌守将王","1","1","2"
"昌守将王溥","1","1","2"
"浙东行省左","1","1","2"
"东行省左丞","1","1","2"
"遣同佥胡德","1","1","2"
"同佥胡德济","1","1","2"
"扬言徐右丞","1","1","2"
"集诸将仰天","1","1","2"
"元帅徐大兴","1","1","2"
"赐御衣名马","1","1","2"
"守将潘元明","1","1","2"
"擅入民居者","1","1","2"
"入民居者死","1","1","2"
"余寇金子隆","1","1","2"
"寇金子隆等","1","1","2"
"金子隆等聚","1","1","2"
"子隆等聚众","1","1","2"
"洪武二年春","1","1","2"
"平章刘帖木","1","1","2"
"俘斩万余人","1","1","2"
"平章上都罕","1","1","2"
"章上都罕等","1","1","2"
"将相官属数","1","1","2"
"相官属数百","1","1","2"
"官属数百人","1","1","2"
"元玉玺金宝","1","1","2"
"玉玺金宝十","1","1","2"
"玺金宝十五","1","1","2"
"国公江文清","1","1","2"
"公江文清等","1","1","2"
"三万七千人","1","1","2"
"天门受朝贺","1","1","2"
"筑成都新城","1","1","2"
"部将韩政等","1","1","2"
"赍二十日粮","2","0","2"
"元太师蛮子","1","1","2"
"太师蛮子哈","1","1","2"
"师蛮子哈剌","1","1","2"
"两军胜负相","1","1","2"
"指挥使周显","1","1","2"
"平章陈安礼","1","1","2"
"宗王朵朵失","1","1","2"
"王朵朵失里","1","1","2"
"承旨百家奴","1","1","2"
"马驼牛羊甚","1","1","2"
"洮州十八番","1","1","2"
"州十八番族","1","1","2"
"平侯沐英合","1","1","2"
"侯沐英合兵","1","1","2"
"筑城东笼山","2","0","2"
"东笼山南川","1","1","2"
"凿地引龙首","1","1","2"
"地引龙首渠","1","1","2"
"金华范祖干","1","1","2"
"淮安侯华中","1","1","2"
"前军左都督","1","1","2"
"破擒陈野先","1","1","2"
"广兴翼元帅","1","1","2"
"长枪帅谢国","1","1","2"
"枪帅谢国玺","1","1","2"
"总管武世荣","1","1","2"
"愈激励将士","1","1","2"
"长枪帅余子","1","1","2"
"枪帅余子贞","1","1","2"
"友谅抚州守","1","1","2"
"谅抚州守将","1","1","2"
"抚州守将邓","1","1","2"
"州守将邓克","1","1","2"
"守将邓克明","1","1","2"
"友谅丞相胡","1","1","2"
"谅丞相胡廷","1","1","2"
"命降将祝宗","1","1","2"
"佐大都督朱","1","1","2"
"大帅五十余","1","1","2"
"帅五十余人","1","1","2"
"江西行省右","1","1","2"
"西行省右丞","1","1","2"
"时年二十八","1","1","2"
"行省平章镇","1","1","2"
"立军府营屯","1","1","2"
"大军经略中","1","1","2"
"史国公等二","1","1","2"
"国公等二十","1","1","2"
"公等二十六","1","1","2"
"等二十六人","1","1","2"
"洪山诸山寨","1","1","2"
"副副将军大","2","0","2"
"临洮进克河","1","1","2"
"洮进克河州","1","1","2"
"吐蕃诸酋长","1","1","2"
"宣慰何锁南","1","1","2"
"慰何锁南普","1","1","2"
"何锁南普等","1","1","2"
"甘肃西北数","1","1","2"
"肃西北数千","1","1","2"
"西北数千里","1","1","2"
"澧诸蛮作乱","1","1","2"
"捕斩房州反","1","1","2"
"征西将军偕","1","1","2"
"平永新龙泉","1","1","2"
"永新龙泉山","1","1","2"
"壮士十余人","1","1","2"
"枢密院同佥","1","1","2"
"获千户四十","1","1","2"
"千户四十九","1","1","2"
"户四十九人","1","1","2"
"讨平江西诸","1","1","2"
"平江西诸山","1","1","2"
"江西诸山寨","1","1","2"
"连破十七寨","1","1","2"
"克太湖水寨","1","1","2"
"副将军吴祯","1","1","2"
"获大帅二人","1","1","2"
"福州五虎门","1","1","2"
"参政袁仁请","1","1","2"
"福宁诸州县","1","1","2"
"大将军西征","1","1","2"
"渡河入潼关","1","1","2"
"部将招降张","1","1","2"
"将招降张良","1","1","2"
"招降张良臣","1","1","2"
"师溯江伐夏","1","1","2"
"枢密使久通","1","1","2"
"海设卫所城","1","1","2"
"设卫所城五","1","1","2"
"卫所城五十","1","1","2"
"所城五十九","1","1","2"
"黄金三百两","1","1","2"
"巡按御史请","1","1","2"
"左军都督同","1","1","2"
"历四十余年","2","0","2"
"改提督漕运","1","1","2"
"孝慈皇后怜","1","1","2"
"闵溪十八寨","1","1","2"
"府中机务繁","1","1","2"
"击擒酋长三","1","1","2"
"擒酋长三副","1","1","2"
"酋长三副使","1","1","2"
"拓地数千里","1","1","2"
"畜二十余万","1","1","2"
"公脱火赤等","1","1","2"
"公主山长寨","1","1","2"
"克全宁四部","1","1","2"
"遣平章达里","1","1","2"
"达里麻大惊","1","1","2"
"人吹一铜角","1","1","2"
"生擒达里麻","1","1","2"
"右丞观音保","1","1","2"
"土酋杨苴等","1","1","2"
"诸蛮二十余","1","1","2"
"蛮二十余万","1","1","2"
"通田州粮道","1","1","2"
"十里设一堡","1","1","2"
"指挥同知汤","1","1","2"
"挥同知汤昭","1","1","2"
"左帅见一人","1","1","2"
"帅见一人握","1","1","2"
"见一人握刀","1","1","2"
"生获三十七","1","1","2"
"公傅友德讨","1","1","2"
"友德讨平东","1","1","2"
"德讨平东川","1","1","2"
"讨平东川蛮","1","1","2"
"广西阿赤部","1","1","2"
"赐宴奉天殿","2","0","2"
"白金五千两","1","1","2"
"思伦发乞降","1","1","2"
"兵威谕降诸","1","1","2"
"威谕降诸番","1","1","2"
"女常宁公主","1","1","2"
"麻城邹普胜","1","1","2"
"丞相倪文俊","1","1","2"
"称平章政事","1","1","2"
"徐达等击败","1","1","2"
"置王府官属","1","1","2"
"进驻采石矶","1","1","2"
"采石五通庙","1","1","2"
"太师邹普胜","1","1","2"
"皂旗军迎战","1","1","2"
"楼船数百艘","1","1","2"
"载家属百官","1","1","2"
"友谅军大败","1","1","2"
"龙兴十一郡","1","1","2"
"太尉张定边","1","1","2"
"臣罗复仁入","1","1","2"
"罗复仁入城","1","1","2"
"归义侯明升","1","1","2"
"降臣枢密使","1","1","2"
"臣枢密使延","1","1","2"
"使延安答理","1","1","2"
"延安答理护","1","1","2"
"赐高丽王罗","1","1","2"
"高丽王罗绮","1","1","2"
"壮士李伯升","1","1","2"
"士李伯升等","1","1","2"
"李伯升等十","1","1","2"
"伯升等十八","1","1","2"
"升等十八人","1","1","2"
"等十八人杀","1","1","2"
"行省参政赵","1","1","2"
"省参政赵琏","1","1","2"
"元右丞相脱","1","1","2"
"右丞相脱脱","1","1","2"
"粟二十万石","1","1","2"
"黄金五百两","1","1","2"
"白金三百斤","1","1","2"
"锋赵德胜所","1","1","2"
"赵德胜所擒","1","1","2"
"江浙右丞相","1","1","2"
"浙右丞相达","1","1","2"
"右丞相达识","1","1","2"
"丞相达识帖","1","1","2"
"相达识帖睦","1","1","2"
"史文炳袭杀","1","1","2"
"浙江行省左","1","1","2"
"江行省左丞","1","1","2"
"参军俞思齐","1","1","2"
"参军黄敬夫","1","1","2"
"邵荣攻湖州","1","1","2"
"胡大海攻绍","1","1","2"
"大海攻绍兴","1","1","2"
"常遇春攻杭","1","1","2"
"遇春攻杭州","1","1","2"
"陈友谅相持","1","1","2"
"将徐志坚败","1","1","2"
"守将李伯升","1","1","2"
"大军进攻平","1","1","2"
"军进攻平江","1","1","2"
"万寿寺东街","1","1","2"
"部将赵世雄","1","1","2"
"将赵世雄解","1","1","2"
"黄敬夫等三","1","1","2"
"敬夫等三人","1","1","2"
"行省参政朵","1","1","2"
"大司农达识","1","1","2"
"司农达识帖","1","1","2"
"农达识帖睦","1","1","2"
"诱杀台州路","1","1","2"
"杀台州路达","1","1","2"
"台州路达鲁","1","1","2"
"州路达鲁花","1","1","2"
"路达鲁花赤","1","1","2"
"达鲁花赤泰","1","1","2"
"徽州路治中","1","1","2"
"海道漕运万","1","1","2"
"道漕运万户","1","1","2"
"国珍七战七","1","1","2"
"珍七战七捷","1","1","2"
"主簿蔡元刚","1","1","2"
"江左号令严","1","1","2"
"左号令严明","1","1","2"
"黄金五十斤","1","1","2"
"镇抚孙养浩","1","1","2"
"枢密分院佥","1","1","2"
"密分院佥事","1","1","2"
"江浙行省左","1","1","2"
"浙行省左丞","1","1","2"
"省左丞相衢","1","1","2"
"左丞相衢国","1","1","2"
"丞相衢国公","1","1","2"
"军粮二十万","1","1","2"
"郎中张本仁","1","1","2"
"左丞刘庸等","1","1","2"
"公经营浙东","1","1","2"
"经营浙东十","1","1","2"
"命参政朱亮","1","1","2"
"王者体天法","1","1","2"
"者体天法地","1","1","2"
"主上推诚布","1","1","2"
"上推诚布公","1","1","2"
"天下后世知","1","1","2"
"广西行省左","1","1","2"
"西行省左丞","1","1","2"
"洋卫指挥佥","1","1","2"
"大名路经历","1","1","2"
"一旦将士思","1","1","2"
"设提举司教","1","1","2"
"提举司教授","1","1","2"
"中书省枢密","1","1","2"
"书省枢密院","1","1","2"
"司寇向大亨","1","1","2"
"司空张文炳","1","1","2"
"司徒邹兴镇","1","1","2"
"司寇莫仁寿","1","1","2"
"寇莫仁寿镇","1","1","2"
"都事孙养浩","1","1","2"
"侍御史蔡哲","1","1","2"
"能身家两全","1","1","2"
"主上仁圣威","1","1","2"
"上仁圣威武","1","1","2"
"子窜归江夏","1","1","2"
"命征西将军","1","1","2"
"前将军傅友","1","1","2"
"副将军顾时","1","1","2"
"将军顾时等","1","1","2"
"铁索横断瞿","1","1","2"
"索横断瞿塘","1","1","2"
"横断瞿塘峡","1","1","2"
"断瞿塘峡口","1","1","2"
"北倚羊角山","1","1","2"
"南倚南城砦","1","1","2"
"右丞刘仁劝","1","1","2"
"明升等俯伏","1","1","2"
"升等俯伏待","1","1","2"
"等俯伏待罪","1","1","2"
"秦州五十日","1","1","2"
"夜宿梓潼庙","1","1","2"
"十一年就藩","2","0","2"
"皇太子巡视","1","1","2"
"太子巡视关","1","1","2"
"子巡视关陕","1","1","2"
"河南王王保","1","1","2"
"南王王保保","1","1","2"
"宁河王邓愈","1","1","2"
"沔人高福兴","1","1","2"
"人高福兴等","1","1","2"
"治王府官吏","1","1","2"
"护卫军张嵩","1","1","2"
"卫军张嵩等","1","1","2"
"正统十年诬","1","1","2"
"统十年诬奏","1","1","2"
"十年诬奏镇","1","1","2"
"年诬奏镇守","1","1","2"
"诬奏镇守都","1","1","2"
"奏镇守都御","1","1","2"
"守都御史陈","1","1","2"
"审理正秦弘","1","1","2"
"理正秦弘等","1","1","2"
"太祖第三子","1","1","2"
"独膳夫徐兴","1","1","2"
"膳夫徐兴祖","1","1","2"
"恭王宫中老","1","1","2"
"内使刘信等","1","1","2"
"使刘信等数","1","1","2"
"刘信等数十","1","1","2"
"信等数十人","1","1","2"
"等数十人告","1","1","2"
"擅取屯粮十","1","1","2"
"取屯粮十万","1","1","2"
"屯粮十万余","1","1","2"
"粮十万余石","1","1","2"
"〈土典〉嗣","2","0","2"
"端王妃王氏","1","1","2"
"〈土典〉宜","2","0","2"
"土典〉宜嗣","2","0","2"
"母太妃尚氏","1","1","2"
"太妃尚氏严","1","1","2"
"弟镇国将军","1","1","2"
"等分屯诸洞","1","1","2"
"荧惑入太微","2","0","2"
"东平河间图","1","1","2"
"平河间图赞","1","1","2"
"显榕设水戏","1","1","2"
"命长史孙立","1","1","2"
"驸马都尉邬","1","1","2"
"马都尉邬景","1","1","2"
"侍郎喻茂坚","1","1","2"
"显榕次子恭","1","1","2"
"榕次子恭王","1","1","2"
"隆庆五年薨","2","0","2"
"卫官王守仁","1","1","2"
"官王守仁上","1","1","2"
"王守仁上告","1","1","2"
"远祖定远侯","1","1","2"
"瑰宝数十万","1","1","2"
"宝数十万寄","1","1","2"
"王府承奉等","1","1","2"
"王妃兄王言","2","0","2"
"御史钱梦皋","1","1","2"
"华奎输贿入","1","1","2"
"典膳秦信等","1","1","2"
"顺治三年六","1","1","2"
"指挥使龚忠","1","1","2"
"挥使龚忠入","1","1","2"
"左谕德杨士","1","1","2"
"礼部侍郎仪","1","1","2"
"部侍郎仪智","1","1","2"
"授礼部右侍","1","1","2"
"寻进南京礼","2","0","2"
"民间铁器数","1","1","2"
"间铁器数万","1","1","2"
"皇明祖训录","1","1","2"
"右春坊右赞","1","1","2"
"春坊右赞善","1","1","2"
"洽兵部尚书","2","0","2"
"读书文渊阁","2","0","2"
"时李陵台驿","1","1","2"
"李陵台驿令","1","1","2"
"陵台驿令谢","1","1","2"
"鲁花赤等名","1","1","2"
"花赤等名氏","1","1","2"
"二十八人中","1","1","2"
"十八人中读","1","1","2"
"八人中读书","1","1","2"
"子按察副使","1","1","2"
"英上疏待罪","1","1","2"
"乐九年进士","2","0","2"
"德元年修两","2","0","2"
"元年修两朝","2","0","2"
"侍讲陈敬宗","1","1","2"
"英宗开经筵","1","1","2"
"尚书王直会","1","1","2"
"十一年迁南","2","0","2"
"一年迁南京","2","0","2"
"五年举会试","2","0","2"
"衍圣公孔彦","1","1","2"
"圣公孔彦缙","1","1","2"
"赞善司马恂","1","1","2"
"大贤温国公","1","1","2"
"侍东宫讲读","2","0","2"
"南京詹事府","1","1","2"
"陕西佥事马","1","1","2"
"西佥事马英","1","1","2"
"佥事马英激","1","1","2"
"事马英激肃","1","1","2"
"马英激肃州","1","1","2"
"英激肃州番","1","1","2"
"劾御史陈孟","1","1","2"
"御史陈孟旭","1","1","2"
"史陈孟旭受","1","1","2"
"金吾指挥李","1","1","2"
"吾指挥李严","1","1","2"
"指挥李严逐","1","1","2"
"十六人巡抚","1","1","2"
"六人巡抚天","1","1","2"
"人巡抚天下","1","1","2"
"都指挥李信","1","1","2"
"南京巡抚军","1","1","2"
"京巡抚军民","1","1","2"
"都督山云巡","1","1","2"
"永乐四年进","2","0","2"
"乐四年进士","2","0","2"
"松江知府黄","1","1","2"
"江知府黄子","1","1","2"
"知府黄子威","1","1","2"
"府黄子威诬","1","1","2"
"一千九十余","1","1","2"
"千九十余万","1","1","2"
"九十余万石","1","1","2"
"凉州土寇将","1","1","2"
"浙江按察副","1","1","2"
"江按察副使","1","1","2"
"时侍郎许廓","1","1","2"
"布政使李昌","1","1","2"
"政使李昌祺","1","1","2"
"正统二年五","1","1","2"
"统二年五月","1","1","2"
"二年五月命","2","0","2"
"事李谦守独","1","1","2"
"李谦守独石","1","1","2"
"劾万全卫指","1","1","2"
"万全卫指挥","1","1","2"
"全卫指挥杜","1","1","2"
"卫指挥杜衡","1","1","2"
"奏大同总兵","1","1","2"
"同总兵官谭","1","1","2"
"左右参将协","1","1","2"
"荐兵部侍郎","1","1","2"
"辽王贵烚罪","2","0","2"
"陕西佥事计","1","1","2"
"西佥事计资","1","1","2"
"设汉中镇守","1","1","2"
"汉中镇守都","1","1","2"
"中镇守都指","1","1","2"
"镇守都指挥","1","1","2"
"守都指挥使","1","1","2"
"参赞宁夏军","1","1","2"
"赞宁夏军务","1","1","2"
"副都御史丁","1","1","2"
"贼邓茂七等","1","1","2"
"命宁阳侯陈","1","1","2"
"事中李侃等","1","1","2"
"清军御史汪","1","1","2"
"同官何忠等","1","1","2"
"指挥忠坚守","2","0","2"
"令降将蔡福","1","1","2"
"理宣府军饷","1","1","2"
"迁兵部郎中","2","0","2"
"尚书王骥整","1","1","2"
"书王骥整饬","1","1","2"
"王骥整饬甘","1","1","2"
"骥整饬甘肃","1","1","2"
"整饬甘肃边","1","1","2"
"饬甘肃边务","1","1","2"
"广西容山闸","1","1","2"
"西容山闸官","1","1","2"
"东莞河泊所","1","1","2"
"莞河泊所官","1","1","2"
"都督佥事曹","1","1","2"
"督佥事曹俭","1","1","2"
"称杀败数千","1","1","2"
"苟全性命保","1","1","2"
"全性命保爵","1","1","2"
"性命保爵禄","1","1","2"
"德胜门外官","1","1","2"
"胜门外官军","1","1","2"
"事中覃浩等","1","1","2"
"塞上军民多","1","1","2"
"命总兵官杨","1","1","2"
"总兵官杨洪","1","1","2"
"副将孙镗同","1","1","2"
"将孙镗同臣","1","1","2"
"督同知范广","1","1","2"
"通提督军务","1","1","2"
"求世袭武职","1","1","2"
"广西贼莫文","1","1","2"
"西贼莫文章","1","1","2"
"贼莫文章等","1","1","2"
"巡抚陈濂等","1","1","2"
"理南京都察","1","1","2"
"京都察院事","1","1","2"
"小王子将大","1","1","2"
"王子将大举","1","1","2"
"刚直尚气节","2","0","2"
"奸民章瑾献","1","1","2"
"尚书刘俊赞","1","1","2"
"大理寺卿陈","1","1","2"
"理寺卿陈洽","1","1","2"
"望祭安南境","1","1","2"
"祭安南境内","1","1","2"
"安南境内山","1","1","2"
"南境内山川","1","1","2"
"城栅桥舰相","1","1","2"
"栅桥舰相连","1","1","2"
"桥舰相连九","1","1","2"
"舰相连九百","1","1","2"
"相连九百余","1","1","2"
"兵众七百万","1","1","2"
"代开平王常","1","1","2"
"晟合军进攻","1","1","2"
"合军进攻多","1","1","2"
"军进攻多邦","1","1","2"
"进攻多邦城","1","1","2"
"令都督黄中","1","1","2"
"都督黄中等","1","1","2"
"都指挥蔡福","1","1","2"
"指挥蔡福先","1","1","2"
"挥蔡福先登","1","1","2"
"远伯王友等","1","1","2"
"贼将胡杜聚","1","1","2"
"降将陈封袭","1","1","2"
"胶水县闷海","1","1","2"
"水县闷海口","1","1","2"
"晟夹岸迎战","1","1","2"
"伪太子诸王","1","1","2"
"太子诸王将","1","1","2"
"子诸王将相","1","1","2"
"诸王将相大","1","1","2"
"王将相大臣","1","1","2"
"将相大臣等","1","1","2"
"府州四十八","1","1","2"
"县一百八十","1","1","2"
"帝诏告天下","1","1","2"
"辅佩征虏将","1","1","2"
"辅就叱览山","1","1","2"
"就叱览山伐","1","1","2"
"叱览山伐木","1","1","2"
"览山伐木造","1","1","2"
"克广威州孔","1","1","2"
"广威州孔目","1","1","2"
"威州孔目栅","1","1","2"
"贼将阮景异","1","1","2"
"都督黄中素","1","1","2"
"破贼帅阮景","1","1","2"
"贼帅阮景异","1","1","2"
"生擒伪元帅","1","1","2"
"擒伪元帅邓","1","1","2"
"伪元帅邓宗","1","1","2"
"元帅邓宗稷","1","1","2"
"帅邓宗稷等","1","1","2"
"将校徒步行","1","1","2"
"交阯总兵官","2","0","2"
"余寇陈月湖","1","1","2"
"寇陈月湖等","1","1","2"
"增设驿传递","1","1","2"
"设驿传递运","1","1","2"
"满二十七日","1","1","2"
"汉王高煦谋","1","1","2"
"王高煦谋反","1","1","2"
"光禄大夫左","1","1","2"
"禄大夫左柱","1","1","2"
"大夫左柱国","1","1","2"
"金吾前卫经","1","1","2"
"吾前卫经历","1","1","2"
"奸党二十九","1","1","2"
"党二十九人","1","1","2"
"按察二司事","1","1","2"
"时远方初定","1","1","2"
"宜令广东海","1","1","2"
"父老宣谕德","1","1","2"
"中国遣官吏","1","1","2"
"令军士接运","1","1","2"
"操备营缮军","1","1","2"
"备营缮军士","1","1","2"
"营缮军士十","1","1","2"
"缮军士十万","1","1","2"
"军士十万人","1","1","2"
"京仓口粮六","1","1","2"
"仓口粮六十","1","1","2"
"口粮六十万","1","1","2"
"粮六十万石","1","1","2"
"发附近居民","1","1","2"
"附近居民五","1","1","2"
"近居民五万","1","1","2"
"居民五万人","1","1","2"
"山东近年旱","1","1","2"
"命吏部郎中","1","1","2"
"部郎中赵新","1","1","2"
"郎中赵新等","1","1","2"
"漕事便宜疏","1","1","2"
"建北京行部","1","1","2"
"后进少年高","1","1","2"
"进少年高坐","1","1","2"
"少年高坐公","1","1","2"
"年高坐公堂","1","1","2"
"福四朝旧人","1","1","2"
"国家优老敬","1","1","2"
"家优老敬贤","1","1","2"
"福老成忠直","1","1","2"
"掌南京兵部","1","1","2"
"参赞南京时","1","1","2"
"除兵部主事","2","0","2"
"参赞沐晟军","1","1","2"
"赞沐晟军务","1","1","2"
"赠太子少傅","1","1","2"
"山侯王通佩","1","1","2"
"侯王通佩征","1","1","2"
"宣德元年九","1","1","2"
"食禄四十年","1","1","2"
"讨永新叛寇","1","1","2"
"副将军印授","1","1","2"
"破安南西都","1","1","2"
"闽兵捕海寇","2","0","2"
"令土官李英","1","1","2"
"土官李英防","1","1","2"
"都指挥何铭","1","1","2"
"指挥何铭战","1","1","2"
"挥何铭战死","1","1","2"
"命佩征夷将","1","1","2"
"都督朱广等","1","1","2"
"清化府土巡","1","1","2"
"化府土巡检","1","1","2"
"府土巡检黎","1","1","2"
"土巡检黎利","1","1","2"
"巡检黎利反","1","1","2"
"都督同知方","1","1","2"
"督同知方政","1","1","2"
"都指挥黄诚","1","1","2"
"指挥陈原瑰","1","1","2"
"挥陈原瑰讨","1","1","2"
"都指挥王忠","1","1","2"
"指挥王忠讨","1","1","2"
"老挝兵迎战","1","1","2"
"指挥陈忠等","1","1","2"
"土军参错屯","1","1","2"
"军参错屯田","1","1","2"
"发兵入老挝","1","1","2"
"兵入老挝索","1","1","2"
"累迁左军都","2","0","2"
"迁左军都督","2","0","2"
"张辅征交阯","2","0","2"
"获伪尚书阮","1","1","2"
"伪尚书阮希","1","1","2"
"尚书阮希周","1","1","2"
"书阮希周等","1","1","2"
"大败阿鲁台","1","1","2"
"叛将冯答兰","1","1","2"
"将冯答兰帖","1","1","2"
"冯答兰帖木","1","1","2"
"都指挥卫青","1","1","2"
"指挥卫青力","1","1","2"
"挥卫青力战","1","1","2"
"卫青力战解","1","1","2"
"二十年复北","2","0","2"
"十年复北征","2","0","2"
"宣德元年冬","1","1","2"
"尚书李庆赞","1","1","2"
"军丁李茂先","1","1","2"
"洪熙元年累","1","1","2"
"总兵官丰城","1","1","2"
"兵官丰城侯","1","1","2"
"官丰城侯李","1","1","2"
"请乘胜急击","1","1","2"
"通犹豫三日","1","1","2"
"大集官吏军","1","1","2"
"集官吏军民","1","1","2"
"通令太监山","1","1","2"
"令太监山寿","1","1","2"
"改监察御史","2","0","2"
"奏请都司卫","1","1","2"
"请都司卫所","1","1","2"
"嘉兴贼倪弘","1","1","2"
"兴贼倪弘三","1","1","2"
"贼倪弘三劫","1","1","2"
"按察司行事","1","1","2"
"陛下治奸贪","1","1","2"
"广东巡抚杨","1","1","2"
"东巡抚杨信","1","1","2"
"巡抚杨信民","1","1","2"
"右布政使萧","1","1","2"
"布政使萧省","1","1","2"
"政使萧省身","1","1","2"
"使萧省身绳","1","1","2"
"命侍郎魏源","1","1","2"
"时河南大旱","1","1","2"
"昌祺廉洁宽","1","1","2"
"祺廉洁宽厚","1","1","2"
"仪制司主事","1","1","2"
"御史李立勾","1","1","2"
"同知张徽承","1","1","2"
"七百六十余","1","1","2"
"六十余万石","1","1","2"
"三万三千四","1","1","2"
"千四百余户","1","1","2"
"二千九百八","1","1","2"
"九百八十余","1","1","2"
"百八十余顷","1","1","2"
"应减税十四","1","1","2"
"减税十四万","1","1","2"
"税十四万九","1","1","2"
"七十七万九","1","1","2"
"阔布八百匹","1","1","2"
"浙江十一府","1","1","2"
"巡抚周忱悉","1","1","2"
"抚周忱悉心","1","1","2"
"周忱悉心计","1","1","2"
"通关勘合簿","1","1","2"
"按御史张文","1","1","2"
"御史张文昌","1","1","2"
"明年十二月","2","0","2"
"钟刚正廉洁","1","1","2"
"雪死囚四十","1","1","2"
"死囚四十余","1","1","2"
"囚四十余人","1","1","2"
"都指挥蒋贵","1","1","2"
"广东右参政","1","1","2"
"福建右布政","1","1","2"
"建右布政使","1","1","2"
"劾尚书马昂","1","1","2"
"救修撰罗伦","1","1","2"
"迁河南副使","2","0","2"
"选词气严正","1","1","2"
"二十一年诏","1","1","2"
"徭户六十人","1","1","2"
"户六十人添","1","1","2"
"六十人添办","1","1","2"
"番人马力麻","1","1","2"
"人马力麻诡","1","1","2"
"马力麻诡称","1","1","2"
"苏门答剌使","1","1","2"
"门答剌使臣","1","1","2"
"将取道广东","1","1","2"
"番禺知县高","1","1","2"
"禺知县高瑶","1","1","2"
"知县高瑶没","1","1","2"
"员外郎李行","1","1","2"
"外郎李行会","1","1","2"
"按御史徐同","1","1","2"
"御史徐同爱","1","1","2"
"编修张元祯","1","1","2"
"臣忍死吁天","1","1","2"
"官劾大学士","2","0","2"
"学士刘吉等","1","1","2"
"士刘吉等十","1","1","2"
"刘吉等十余","1","1","2"
"吉等十余人","1","1","2"
"京通政司经","1","1","2"
"京光禄寺署","1","1","2"
"左通政岳福","1","1","2"
"通政岳福继","1","1","2"
"府赎罪米四","1","1","2"
"赎罪米四万","1","1","2"
"罪米四万二","1","1","2"
"米四万二千","1","1","2"
"年七月赐玺","1","1","2"
"七月赐玺书","1","1","2"
"月赐玺书奖","1","1","2"
"都督同知郑","1","1","2"
"督同知郑铭","1","1","2"
"同知郑铭镇","1","1","2"
"知郑铭镇守","1","1","2"
"郑铭镇守陕","1","1","2"
"铭镇守陕西","1","1","2"
"都督喃哥等","1","1","2"
"王骥巡视甘","1","1","2"
"骥巡视甘肃","1","1","2"
"军民二十四","1","1","2"
"陕西三司官","1","1","2"
"安庆府学训","1","1","2"
"庆府学训导","1","1","2"
"御史马谨等","1","1","2"
"总兵官顾兴","1","1","2"
"兵官顾兴祖","1","1","2"
"代宁远伯任","1","1","2"
"宁远伯任礼","1","1","2"
"远伯任礼巡","1","1","2"
"秦府永兴王","1","1","2"
"府永兴王葬","1","1","2"
"巡抚陈镒狎","1","1","2"
"抚陈镒狎妓","1","1","2"
"副使刘仁宅","1","1","2"
"年迁山东右","2","0","2"
"计开封积粟","1","1","2"
"同官刘福等","1","1","2"
"下学校师儒","1","1","2"
"设山西巡抚","1","1","2"
"令南北清勾","1","1","2"
"南北清勾军","1","1","2"
"发巡按李杰","1","1","2"
"布政使王允","1","1","2"
"流民数十万","1","1","2"
"口四十三万","1","1","2"
"四十三万八","1","1","2"
"十三万八千","1","1","2"
"置湖广行都","1","1","2"
"荐御史吴道","1","1","2"
"御史吴道宏","1","1","2"
"南京兵部缺","1","1","2"
"京兵部缺尚","1","1","2"
"民间子弟八","1","1","2"
"间子弟八岁","1","1","2"
"御史孔儒清","1","1","2"
"史孔儒清军","1","1","2"
"杨继宗一人","1","1","2"
"继宗力持风","1","1","2"
"广按察司佥","1","1","2"
"造海运巨舰","1","1","2"
"海运巨舰数","1","1","2"
"运巨舰数十","1","1","2"
"巨舰数十艘","1","1","2"
"郎罗汝敬巡","1","1","2"
"罗汝敬巡抚","1","1","2"
"汝敬巡抚陕","1","1","2"
"敬巡抚陕西","1","1","2"
"汝敬妄引诏","1","1","2"
"敬妄引诏书","1","1","2"
"宗载持廉守","1","1","2"
"载持廉守正","1","1","2"
"送吏部补选","1","1","2"
"杨居正等二","1","1","2"
"居正等二十","1","1","2"
"正等二十人","1","1","2"
"国子生程富","1","1","2"
"知县孔文英","1","1","2"
"教官方瑞等","1","1","2"
"官方瑞等四","1","1","2"
"方瑞等四十","1","1","2"
"瑞等四十余","1","1","2"
"居正等六人","1","1","2"
"尚书张本等","1","1","2"
"都御史熊概","1","1","2"
"御史熊概代","1","1","2"
"史熊概代理","1","1","2"
"山东妖妇唐","1","1","2"
"东妖妇唐赛","1","1","2"
"令纳米赎罪","1","1","2"
"事中年富等","1","1","2"
"都御史吴讷","1","1","2"
"议论持大体","1","1","2"
"两淮盐政久","1","1","2"
"淮盐政久坏","1","1","2"
"盐运司同知","1","1","2"
"礼部侍郎章","1","1","2"
"部侍郎章瑾","1","1","2"
"事中王汝霖","1","1","2"
"时景帝新立","1","1","2"
"流民七万户","1","1","2"
"景泰元年命","2","0","2"
"泰元年命理","2","0","2"
"布政使许资","1","1","2"
"神宗买浙灯","1","1","2"
"江西布政使","1","1","2"
"礼部缺尚书","1","1","2"
"布政使孙原","1","1","2"
"政使孙原贞","1","1","2"
"杭州知府陈","1","1","2"
"州知府陈复","1","1","2"
"仅二千八百","1","1","2"
"千八百余两","1","1","2"
"参政俞士悦","1","1","2"
"政俞士悦请","1","1","2"
"会稽赵伯泰","1","1","2"
"按御史欧阳","1","1","2"
"御史欧阳澄","1","1","2"
"都御史镇守","1","1","2"
"闽贼吴金八","1","1","2"
"贼吴金八等","1","1","2"
"改督南京粮","2","0","2"
"天顺元年二","1","1","2"
"顺元年二月","1","1","2"
"南京督理粮","1","1","2"
"京督理粮储","1","1","2"
"督理粮储缺","1","1","2"
"理粮储缺官","1","1","2"
"劾南京祭酒","1","1","2"
"南京祭酒吴","1","1","2"
"京祭酒吴节","1","1","2"
"耿九畴齐名","1","1","2"
"凉州卫指挥","1","1","2"
"晟令军中多","1","1","2"
"下三十余人","1","1","2"
"部长西阳哈","1","1","2"
"后军左都督","1","1","2"
"营河西牧地","1","1","2"
"败南军游骑","1","1","2"
"永乐六年进","1","1","2"
"禄佩镇朔大","1","1","2"
"奉诏巡视畿","1","1","2"
"诏巡视畿南","1","1","2"
"永宁卫团山","1","1","2"
"发军民三万","1","1","2"
"军民三万六","1","1","2"
"民三万六千","1","1","2"
"精骑一千五","1","1","2"
"骑一千五百","1","1","2"
"靖难诸功臣","1","1","2"
"密云卫百户","1","1","2"
"都指挥唐礼","1","1","2"
"指挥唐礼等","1","1","2"
"指挥王雄等","1","1","2"
"挥王雄等七","1","1","2"
"王雄等七十","1","1","2"
"雄等七十一","1","1","2"
"等七十一人","1","1","2"
"诸将叩首请","1","1","2"
"见敌骑东走","1","1","2"
"合击马哈木","1","1","2"
"金线岛西北","1","1","2"
"分两路夹击","1","1","2"
"城侯张辅征","1","1","2"
"侯张辅征交","1","1","2"
"分兵渡江登","1","1","2"
"兵渡江登岸","1","1","2"
"牛羊马驼北","1","1","2"
"都指挥李智","1","1","2"
"都指挥陈怀","1","1","2"
"驼牛羊十二","1","1","2"
"牛羊十二万","1","1","2"
"肃州兵多粮","1","1","2"
"州兵多粮少","1","1","2"
"近边军丁转","1","1","2"
"边军丁转运","1","1","2"
"凉州多闲田","1","1","2"
"右府左都督","2","0","2"
"念前锋薛禄","1","1","2"
"将校三十人","1","1","2"
"宁都指挥佥","1","1","2"
"立风云雷雨","1","1","2"
"风云雷雨山","1","1","2"
"云雷雨山川","1","1","2"
"八年乞致仕","2","0","2"
"宣府二十年","1","1","2"
"杖杀都司经","1","1","2"
"杀都司经历","1","1","2"
"山西都司事","1","1","2"
"安南贼简定","1","1","2"
"凉州叛人虎","1","1","2"
"州叛人虎保","1","1","2"
"指挥陈杰等","1","1","2"
"招抚复业者","1","1","2"
"千二百余户","1","1","2"
"军民二千二","1","1","2"
"民二千二百","1","1","2"
"辱佥事柴震","1","1","2"
"佥事柴震等","1","1","2"
"御史王礼弹","1","1","2"
"指挥安宁等","1","1","2"
"燕山卫卒成","2","0","2"
"山卫卒成祖","2","0","2"
"卫卒成祖兵","2","0","2"
"昌国卫指挥","1","1","2"
"国卫指挥同","1","1","2"
"攻破任昌大","1","1","2"
"破任昌大寨","1","1","2"
"讨平龙溪等","1","1","2"
"命佩平虏将","1","1","2"
"佩平虏将军","1","1","2"
"平虏将军印","1","1","2"
"都指挥江源","1","1","2"
"指挥江源战","1","1","2"
"挥江源战死","1","1","2"
"都指挥安敬","1","1","2"
"御史陈镒言","2","0","2"
"将二千五百","1","1","2"
"千五百人前","1","1","2"
"贵拔剑厉声","1","1","2"
"指挥毛哈阿","1","1","2"
"挥毛哈阿奋","1","1","2"
"转战八十里","1","1","2"
"任礼镇甘肃","2","0","2"
"分路进捣麓","1","1","2"
"路进捣麓川","1","1","2"
"进捣麓川上","1","1","2"
"捣麓川上江","1","1","2"
"马鞍山象阵","1","1","2"
"三十人深入","1","1","2"
"衣粮器械常","1","1","2"
"年擢都督佥","2","0","2"
"广西都司事","1","1","2"
"都指挥魏荣","1","1","2"
"斤蒙古卫都","1","1","2"
"蒙古卫都督","1","1","2"
"巡抚曹翼屯","1","1","2"
"抚曹翼屯田","1","1","2"
"曹翼屯田积","1","1","2"
"翼屯田积粟","1","1","2"
"都指挥毛哈","1","1","2"
"指挥毛哈剌","1","1","2"
"土指挥同知","1","1","2"
"所部赴京师","1","1","2"
"千五百人送","1","1","2"
"正统元年进","2","0","2"
"右副总兵官","1","1","2"
"鲁花赤等三","1","1","2"
"花赤等三十","1","1","2"
"赤等三十人","1","1","2"
"广西巡按御","1","1","2"
"巡按御史端","1","1","2"
"按御史端宏","1","1","2"
"兵皆听节制","2","0","2"
"金吾指挥同","1","1","2"
"吾指挥同知","1","1","2"
"朱永赴延绥","1","1","2"
"都督范瑾等","1","1","2"
"率副总兵孙","1","1","2"
"副总兵孙钺","1","1","2"
"击将军王玺","1","1","2"
"将军王玺等","1","1","2"
"纵横数千里","1","1","2"
"纪功兵部员","1","1","2"
"功兵部员外","1","1","2"
"部员外郎张","1","1","2"
"员外郎张谨","1","1","2"
"蒙古人多同","1","1","2"
"古人多同名","1","1","2"
"尚书刘俊请","1","1","2"
"哈剌等二十","1","1","2"
"剌等二十余","1","1","2"
"番人虎保等","1","1","2"
"部将都指挥","1","1","2"
"将都指挥保","1","1","2"
"都指挥保住","1","1","2"
"本名脱火赤","1","1","2"
"辽阳行省右","1","1","2"
"阳行省右丞","1","1","2"
"永平卫百户","1","1","2"
"合战齐眉山","1","1","2"
"授都指挥使","2","0","2"
"征本雅失里","1","1","2"
"武侯薛禄征","1","1","2"
"成祖亲征漠","1","1","2"
"祖亲征漠北","1","1","2"
"时六师深入","1","1","2"
"亲征兀良哈","1","1","2"
"西宁州同知","1","1","2"
"西宁卫指挥","1","1","2"
"土官指挥康","1","1","2"
"官指挥康寿","1","1","2"
"指挥康寿等","1","1","2"
"知安定指挥","1","1","2"
"安定指挥哈","1","1","2"
"定指挥哈三","1","1","2"
"指挥哈三孙","1","1","2"
"挥哈三孙散","1","1","2"
"哈三孙散哥","1","1","2"
"曲先指挥散","1","1","2"
"深入数百里","1","1","2"
"获马牛杂畜","2","0","2"
"马牛杂畜十","1","1","2"
"牛杂畜十四","1","1","2"
"杂畜十四万","1","1","2"
"西宁指挥祁","1","1","2"
"宁指挥祁震","1","1","2"
"羽林指挥使","1","1","2"
"远伯王骥请","1","1","2"
"都督冉保统","1","1","2"
"督三千营操","1","1","2"
"香垆山作乱","1","1","2"
"右副总兵方","1","1","2"
"副总兵方瑛","1","1","2"
"总兵方瑛等","1","1","2"
"克二十余寨","1","1","2"
"贼首吴奉先","1","1","2"
"首吴奉先等","1","1","2"
"金齿芒市长","1","1","2"
"齿芒市长官","1","1","2"
"芒市长官刀","1","1","2"
"市长官刀放","1","1","2"
"长官刀放革","1","1","2"
"结麓川遗孽","1","1","2"
"麓川遗孽思","1","1","2"
"川遗孽思卜","1","1","2"
"遗孽思卜发","1","1","2"
"巡按御史牟","1","1","2"
"按御史牟俸","1","1","2"
"通州卫指挥","1","1","2"
"都指挥邓铎","1","1","2"
"指挥邓铎协","1","1","2"
"挥邓铎协同","1","1","2"
"邓铎协同守","1","1","2"
"铎协同守备","1","1","2"
"命都指挥张","1","1","2"
"都指挥张俊","1","1","2"
"守宁远三十","1","1","2"
"宁远三十余","1","1","2"
"远三十余年","1","1","2"
"伪少师知院","1","1","2"
"都督蒋贵征","1","1","2"
"总兵官任礼","1","1","2"
"兵官任礼收","1","1","2"
"官任礼收捕","1","1","2"
"任礼收捕沙","1","1","2"
"礼收捕沙洲","1","1","2"
"收捕沙洲卫","1","1","2"
"捕沙洲卫都","1","1","2"
"洲卫都督喃","1","1","2"
"弟伪祁王锁","1","1","2"
"伪祁王锁南","1","1","2"
"祁王锁南奔","1","1","2"
"令甘肃守臣","1","1","2"
"总兵官卫颖","1","1","2"
"兵官卫颖分","1","1","2"
"总督项忠等","1","1","2"
"木头沟直抵","1","1","2"
"头沟直抵炮","1","1","2"
"沟直抵炮架","1","1","2"
"直抵炮架山","1","1","2"
"抵炮架山下","1","1","2"
"冒矢石连夺","1","1","2"
"矢石连夺山","1","1","2"
"石连夺山北","1","1","2"
"时总兵颜彪","1","1","2"
"广西巡抚吴","1","1","2"
"西巡抚吴祯","1","1","2"
"巡抚吴祯杀","1","1","2"
"督效勇营训","1","1","2"
"效勇营训练","1","1","2"
"男女四千人","1","1","2"
"多营私渔利","1","1","2"
"千二百人内","1","1","2"
"都督毛福寿","1","1","2"
"督毛福寿南","1","1","2"
"毛福寿南征","1","1","2"
"尚书程信讨","1","1","2"
"吏部尚书杜","1","1","2"
"部尚书杜泽","1","1","2"
"部文选司郎","1","1","2"
"浚鱼王口黄","1","1","2"
"鱼王口黄河","1","1","2"
"王口黄河故","1","1","2"
"口黄河故道","1","1","2"
"告诽谤者勿","2","0","2"
"本率父老迎","1","1","2"
"田庆成率先","1","1","2"
"庆成率先归","1","1","2"
"成率先归附","1","1","2"
"任知府谭友","1","1","2"
"知府谭友德","1","1","2"
"部侍郎蔡信","1","1","2"
"军匠二万六","1","1","2"
"匠二万六千","1","1","2"
"丝麻布帛输","1","1","2"
"詹事府少詹","1","1","2"
"事府少詹事","1","1","2"
"通经术知古","1","1","2"
"吕蒙正夹袋","1","1","2"
"虞允文材馆","1","1","2"
"允文材馆录","1","1","2"
"时外官九年","1","1","2"
"左通政陈恭","1","1","2"
"侍郎李庸等","1","1","2"
"御史孙毓等","1","1","2"
"礼部侍郎蔚","1","1","2"
"部侍郎蔚绶","1","1","2"
"侍郎蔚绶转","1","1","2"
"两京六部堂","1","1","2"
"京六部堂官","1","1","2"
"南布政使周","1","1","2"
"迁兵部左侍","2","0","2"
"城侯李彬转","1","1","2"
"镇守都督谭","1","1","2"
"守都督谭广","1","1","2"
"同僚杜佥事","1","1","2"
"部武选司主","1","1","2"
"武选司主事","1","1","2"
"尚书方宾扈","1","1","2"
"书方宾扈行","1","1","2"
"迁江西右参","2","0","2"
"按御史张勖","1","1","2"
"副总兵刘广","1","1","2"
"理陕西屯田","1","1","2"
"命佥都御史","1","1","2"
"都御史曹翼","1","1","2"
"诏遣大理寺","1","1","2"
"理寺少卿程","1","1","2"
"寺少卿程富","1","1","2"
"少卿程富代","1","1","2"
"左侍郎吴玺","1","1","2"
"侍郎吴玺等","1","1","2"
"宣德二年进","1","1","2"
"德二年进士","1","1","2"
"先后议上八","1","1","2"
"八百四十九","1","1","2"
"百四十九万","1","1","2"
"十九万余顷","1","1","2"
"事中成章等","1","1","2"
"凤请令御史","1","1","2"
"饥民二十六","1","1","2"
"民二十六万","1","1","2"
"督理南京粮","1","1","2"
"理南京粮储","1","1","2"
"山西按察司","1","1","2"
"陕西按察佥","1","1","2"
"百七十里入","1","1","2"
"七十里入卫","1","1","2"
"十里入卫河","1","1","2"
"知潘叔正上","1","1","2"
"四百五十余","1","1","2"
"部侍郎金纯","1","1","2"
"老人白英策","2","0","2"
"南旺地势高","1","1","2"
"分水北临清","2","0","2"
"地降九十尺","2","0","2"
"地降百十六","2","0","2"
"降百十六尺","2","0","2"
"一百一十万","1","1","2"
"浚沙河入马","1","1","2"
"沙河入马常","1","1","2"
"河入马常泊","1","1","2"
"部侍郎张信","1","1","2"
"工部侍郎蒋","1","1","2"
"部侍郎蒋廷","1","1","2"
"郎蒋廷瓒会","1","1","2"
"复旧黄河道","1","1","2"
"德州西北开","1","1","2"
"泄水入旧黄","2","0","2"
"水入旧黄河","2","0","2"
"海运经历险","1","1","2"
"运经历险阻","1","1","2"
"义兵千户归","1","1","2"
"破宁番诸蛮","1","1","2"
"都司都指挥","1","1","2"
"司都指挥同","1","1","2"
"永乐元年命","1","1","2"
"城侯李彬统","1","1","2"
"万八千余丈","1","1","2"
"青浦筑土山","2","0","2"
"宋礼治会通","2","0","2"
"礼治会通河","2","0","2"
"议造浅船二","1","1","2"
"造浅船二千","1","1","2"
"浅船二千余","1","1","2"
"船二千余艘","1","1","2"
"运二百万石","1","1","2"
"淮安城西管","1","1","2"
"安城西管家","1","1","2"
"导湖水入淮","1","1","2"
"湖十里筑堤","1","1","2"
"吕梁洪险恶","1","1","2"
"常盈仓四十","1","1","2"
"盈仓四十区","1","1","2"
"置舍五百六","2","0","2"
"过五六十石","1","1","2"
"世袭平江伯","1","1","2"
"十二万人疏","1","1","2"
"二万人疏浚","1","1","2"
"二十四万人","1","1","2"
"擢刑部主事","2","0","2"
"七月赴南京","1","1","2"
"月赴南京户","1","1","2"
"赴南京户部","1","1","2"
"粮长一人总","1","1","2"
"七十七万石","1","1","2"
"六十二万石","1","1","2"
"七十二万余","1","1","2"
"米二十九万","1","1","2"
"二十九万石","1","1","2"
"船价米一斗","1","1","2"
"米七十万余","1","1","2"
"七十万余石","1","1","2"
"过江米二斗","1","1","2"
"余米一二万","1","1","2"
"米一二万石","1","1","2"
"时米贵盐贱","1","1","2"
"六十三万余","1","1","2"
"十三万余引","1","1","2"
"米三万二千","1","1","2"
"造海船五十","1","1","2"
"海船五十艘","1","1","2"
"嘉兴二府税","1","1","2"
"兴二府税粮","1","1","2"
"若家人父子","1","1","2"
"松江知府赵","1","1","2"
"江知府赵豫","1","1","2"
"常州知府莫","1","1","2"
"州知府莫愚","1","1","2"
"正统二十年","1","1","2"
"请改征租米","1","1","2"
"事中李素等","1","1","2"
"奸民尹崇礼","1","1","2"
"御史李鉴等","1","1","2"
"奉宣宗皇帝","1","1","2"
"礼部尚书杨","1","1","2"
"部尚书杨宁","1","1","2"
"努力种朝廷","1","1","2"
"景泰四年十","1","1","2"
"泰四年十月","1","1","2"
"所属朵颜三","1","1","2"
"属朵颜三卫","1","1","2"
"朵颜三卫骑","1","1","2"
"颜三卫骑兵","1","1","2"
"见大宁诸军","1","1","2"
"结三卫部长","1","1","2"
"王府妃妾世","1","1","2"
"府妃妾世子","1","1","2"
"随入松亭关","1","1","2"
"永乐元年二","1","1","2"
"乐元年二月","1","1","2"
"灌城乡土田","1","1","2"
"布政使崔恭","1","1","2"
"按察使原杰","1","1","2"
"指挥逯杲听","1","1","2"
"驸马都尉薛","1","1","2"
"马都尉薛桓","1","1","2"
"日雷雨大作","1","1","2"
"都指挥戴宣","1","1","2"
"布政使郑岳","1","1","2"
"都御史李士","1","1","2"
"御史李士实","1","1","2"
"举人刘养正","1","1","2"
"人刘养正等","1","1","2"
"使胡世宁请","1","1","2"
"典仗查武等","1","1","2"
"仗查武等数","1","1","2"
"查武等数百","1","1","2"
"武等数百人","1","1","2"
"时边将江彬","1","1","2"
"边将江彬新","1","1","2"
"养正日夜谋","1","1","2"
"都御史颜颐","1","1","2"
"御史颜颐寿","1","1","2"
"所夺官民田","1","1","2"
"称奉太后密","1","1","2"
"奉太后密旨","1","1","2"
"拱〈木条〉","2","0","2"
"官万锐等守","1","1","2"
"万锐等守城","1","1","2"
"汀赣巡抚佥","1","1","2"
"赣巡抚佥都","1","1","2"
"府伍文定等","1","1","2"
"贼兵乘风进","1","1","2"
"指挥余恩佯","1","1","2"
"遣知府陈槐","1","1","2"
"搜捕江西余","1","1","2"
"捕江西余党","1","1","2"
"高皇帝鸡鸣","1","1","2"
"编修林长懋","1","1","2"
"皇太孙说书","1","1","2"
"成祖命太孙","1","1","2"
"父河南知府","1","1","2"
"布政使周文","1","1","2"
"政使周文褒","1","1","2"
"白塔河上通","1","1","2"
"塔河上通邵","1","1","2"
"河上通邵伯","1","1","2"
"上通邵伯湖","1","1","2"
"家人十余口","1","1","2"
"刑部主事郭","1","1","2"
"部主事郭循","1","1","2"
"主事郭循谏","1","1","2"
"巡抚侍郎吴","1","1","2"
"抚侍郎吴政","1","1","2"
"宜坐贡举非","2","0","2"
"坐贡举非人","2","0","2"
"奏事规避律","2","0","2"
"事规避律斩","2","0","2"
"残寇思任发","1","1","2"
"臣愿皇上勤","1","1","2"
"蒋贵远征缅","1","1","2"
"贵远征缅甸","1","1","2"
"纶见国家多","1","1","2"
"上太平十六","1","1","2"
"太平十六策","1","1","2"
"建大隆福寺","1","1","2"
"官副都御史","1","1","2"
"钟同上奏请","1","1","2"
"修问安视膳","1","1","2"
"复汪后中宫","1","1","2"
"尚书杨善论","1","1","2"
"书杨善论事","1","1","2"
"三纲五常实","1","1","2"
"御史杨智等","1","1","2"
"命侍郎叶盛","1","1","2"
"温州知府范","1","1","2"
"州知府范奎","1","1","2"
"士民三万人","1","1","2"
"民三万人哭","1","1","2"
"三万人哭泣","1","1","2"
"万人哭泣攀","1","1","2"
"侍郎二十年","1","1","2"
"御史元亮请","1","1","2"
"杨士奇家人","1","1","2"
"士奇家人犯","1","1","2"
"奇家人犯法","1","1","2"
"贾福争袭指","1","1","2"
"福争袭指挥","1","1","2"
"刑部侍郎齐","1","1","2"
"部侍郎齐韶","1","1","2"
"景泰五年七","1","1","2"
"泰五年七月","1","1","2"
"使天下臣民","1","1","2"
"东角门朝见","1","1","2"
"十三道掌道","1","1","2"
"三道掌道御","1","1","2"
"道掌道御史","1","1","2"
"掌道御史张","1","1","2"
"道御史张鹏","1","1","2"
"事中王铉泄","1","1","2"
"礼部侍郎汤","1","1","2"
"部侍郎汤序","1","1","2"
"侍郎汤序本","1","1","2"
"骥三人复职","1","1","2"
"海盐堤岸二","1","1","2"
"盐堤岸二千","1","1","2"
"堤岸二千三","1","1","2"
"岸二千三百","1","1","2"
"二千三百丈","1","1","2"
"县田四十六","1","1","2"
"田四十六万","1","1","2"
"四十六万顷","1","1","2"
"令种树凿井","1","1","2"
"通政使李锡","1","1","2"
"怀庆二府积","1","1","2"
"令布政使年","1","1","2"
"政使年富安","1","1","2"
"遣都督孙镗","1","1","2"
"武进伯朱瑛","1","1","2"
"都指挥李端","1","1","2"
"都指挥汤节","1","1","2"
"副总兵高礼","1","1","2"
"总兵范广发","1","1","2"
"副总兵武兴","1","1","2"
"景泰元年三","1","1","2"
"泰元年三月","1","1","2"
"总兵朱谦奏","1","1","2"
"参将许贵奏","1","1","2"
"遣指挥季铎","1","1","2"
"遣通政王复","1","1","2"
"大臣王直等","1","1","2"
"大事同内阁","1","1","2"
"内侍曹吉祥","1","1","2"
"侍曹吉祥等","1","1","2"
"景泰八年正","1","1","2"
"泰八年正月","1","1","2"
"八年正月壬","1","1","2"
"谋迎立襄王","1","1","2"
"都御史萧惟","1","1","2"
"御史萧惟祯","1","1","2"
"遂溪教谕吾","1","1","2"
"溪教谕吾豫","1","1","2"
"督同知陈逵","1","1","2"
"党陈汝言代","1","1","2"
"司岁时致祭","2","0","2"
"世袭杭州卫","1","1","2"
"袭杭州卫副","1","1","2"
"杭州卫副千","1","1","2"
"州卫副千户","1","1","2"
"谦忠心义烈","1","1","2"
"助教李继请","1","1","2"
"会昌侯孙忠","1","1","2"
"官户部主事","1","1","2"
"张显宗申明","1","1","2"
"显宗申明学","1","1","2"
"宗申明学规","1","1","2"
"五经四书大","1","1","2"
"经四书大全","1","1","2"
"天下英才终","1","1","2"
"下英才终日","1","1","2"
"城伯李隆守","1","1","2"
"伯李隆守备","1","1","2"
"李隆守备南","1","1","2"
"隆守备南京","1","1","2"
"景泰元年九","1","1","2"
"泰元年九月","1","1","2"
"天顺三年五","1","1","2"
"顺三年五月","1","1","2"
"修撰王振教","1","1","2"
"率将士妻妾","1","1","2"
"参军郭景祥","1","1","2"
"武十五年八","1","1","2"
"谥曰孝慈昭","2","0","2"
"曰孝慈昭宪","2","0","2"
"孝慈昭宪仁","2","0","2"
"慈昭宪仁文","2","0","2"
"昭宪仁文德","2","0","2"
"宪仁文德承","2","0","2"
"曰孝慈贞化","2","0","2"
"成天育圣德","2","0","2"
"天育圣德高","2","0","2"
"育圣德高皇","2","0","2"
"圣德高皇后","2","0","2"
"仁孝皇后徐","1","1","2"
"孝皇后徐氏","1","1","2"
"高皇后遗言","1","1","2"
"永乐五年七","1","1","2"
"乐五年七月","1","1","2"
"随皇帝北巡","1","1","2"
"仁孝慈懿诚","1","1","2"
"孝慈懿诚明","1","1","2"
"慈懿诚明庄","1","1","2"
"懿诚明庄献","1","1","2"
"诚明庄献配","1","1","2"
"明庄献配天","1","1","2"
"庄献配天齐","1","1","2"
"献配天齐圣","1","1","2"
"配天齐圣文","1","1","2"
"天齐圣文皇","1","1","2"
"齐圣文皇后","1","1","2"
"臣英国公张","1","1","2"
"大臣乾清宫","2","0","2"
"太后垂帘听","1","1","2"
"后垂帘听政","1","1","2"
"方孝孺诸臣","1","1","2"
"孝孺诸臣遗","1","1","2"
"孺诸臣遗书","1","1","2"
"诸臣遗书者","1","1","2"
"臣遗书者死","1","1","2"
"诚孝恭肃明","1","1","2"
"孝恭肃明德","1","1","2"
"恭肃明德弘","1","1","2"
"肃明德弘仁","1","1","2"
"明德弘仁顺","1","1","2"
"德弘仁顺天","1","1","2"
"弘仁顺天启","1","1","2"
"仁顺天启圣","1","1","2"
"顺天启圣昭","1","1","2"
"天启圣昭皇","1","1","2"
"启圣昭皇后","1","1","2"
"退居长安宫","1","1","2"
"赐号静慈仙","1","1","2"
"号静慈仙师","1","1","2"
"宗问大学士","1","1","2"
"七年闰七月","1","1","2"
"诚顺康穆静","1","1","2"
"顺康穆静慈","1","1","2"
"康穆静慈章","1","1","2"
"穆静慈章皇","1","1","2"
"静慈章皇后","1","1","2"
"柏贤妃生悼","1","1","2"
"贤妃生悼恭","1","1","2"
"妃生悼恭太","1","1","2"
"生悼恭太子","1","1","2"
"恭恪庄僖淑","1","1","2"
"恪庄僖淑妃","1","1","2"
"时孝肃皇太","1","1","2"
"孝穆慈慧恭","1","1","2"
"穆慈慧恭恪","1","1","2"
"慈慧恭恪庄","1","1","2"
"慧恭恪庄僖","1","1","2"
"恭恪庄僖崇","1","1","2"
"恪庄僖崇天","1","1","2"
"庄僖崇天承","1","1","2"
"僖崇天承圣","1","1","2"
"崇天承圣纯","1","1","2"
"天承圣纯皇","1","1","2"
"承圣纯皇后","1","1","2"
"礼部尚书耿","1","1","2"
"宣力武臣特","1","1","2"
"力武臣特进","1","1","2"
"武臣特进光","1","1","2"
"臣特进光禄","1","1","2"
"大夫柱国庆","1","1","2"
"夫柱国庆元","1","1","2"
"柱国庆元伯","1","1","2"
"大学士尹直","1","1","2"
"增宋室仁宗","1","1","2"
"李良钦学剑","1","1","2"
"靖十四年武","1","1","2"
"俘斩三百余","2","0","2"
"朱纨巡视福","1","1","2"
"纨巡视福建","1","1","2"
"南都统使莫","1","1","2"
"都统使莫福","1","1","2"
"统使莫福海","1","1","2"
"州五指山黎","1","1","2"
"广西副将沈","1","1","2"
"西副将沈希","1","1","2"
"贼五千三百","1","1","2"
"宁波昌国卫","1","1","2"
"攻陷绍兴临","1","1","2"
"陷绍兴临山","1","1","2"
"绍兴临山卫","1","1","2"
"知县罗拱辰","1","1","2"
"火斌等三百","1","1","2"
"斌等三百人","1","1","2"
"苏松副总兵","1","1","2"
"三十余艘突","1","1","2"
"犯苏州陆泾","1","1","2"
"苏州陆泾坝","1","1","2"
"败南京都督","1","1","2"
"南京都督周","1","1","2"
"大猷偕副使","2","0","2"
"副使任环大","1","1","2"
"使任环大败","1","1","2"
"江阴蔡港倭","1","1","2"
"事董邦政分","1","1","2"
"华亭陶宅镇","1","1","2"
"周浦永定寺","1","1","2"
"游击曹克新","1","1","2"
"使王崇古入","1","1","2"
"命都督刘远","1","1","2"
"大猷乘大雪","1","1","2"
"党毛海峰等","1","1","2"
"大猷先后杀","1","1","2"
"猷先后杀倭","1","1","2"
"先后杀倭四","1","1","2"
"后杀倭四五","1","1","2"
"杀倭四五千","1","1","2"
"大同巡抚李","1","1","2"
"同巡抚李文","1","1","2"
"巡抚李文进","1","1","2"
"川湖总督黄","1","1","2"
"湖总督黄光","1","1","2"
"广东饶平贼","1","1","2"
"四十年七月","1","1","2"
"万五千人登","1","1","2"
"大盗吴平相","1","1","2"
"惠州参将谢","1","1","2"
"州参将谢敕","1","1","2"
"者二千余人","2","0","2"
"海丰金锡都","1","1","2"
"副将汤克宽","1","1","2"
"将汤克宽设","1","1","2"
"参将王诏等","1","1","2"
"建总兵官戚","1","1","2"
"饶平凤凰山","1","1","2"
"部将汤克宽","1","1","2"
"总督吴桂芳","1","1","2"
"督吴桂芳留","1","1","2"
"召恭顺侯吴","1","1","2"
"同知郭文通","1","1","2"
"守备李茂才","1","1","2"
"广西古田僮","1","1","2"
"参政黎民表","1","1","2"
"抚殷正茂征","1","1","2"
"殷正茂征兵","1","1","2"
"正茂征兵十","1","1","2"
"茂征兵十四","1","1","2"
"征兵十四万","1","1","2"
"攻十余日未","1","1","2"
"参将王世科","1","1","2"
"巡按李良臣","1","1","2"
"中罗嘉宾等","1","1","2"
"参将牛天锡","1","1","2"
"攻陷玄钟所","1","1","2"
"东营澳登陆","1","1","2"
"副使翁时器","1","1","2"
"斩首数百级","1","1","2"
"漳浦蔡丕岭","1","1","2"
"参将李超等","1","1","2"
"将李超等击","1","1","2"
"李超等击败","1","1","2"
"神机营副将","1","1","2"
"集步兵三万","1","1","2"
"征浙兵三千","1","1","2"
"保定三镇练","1","1","2"
"定三镇练兵","1","1","2"
"三镇练兵事","1","1","2"
"募西北壮士","1","1","2"
"继光总兵官","2","0","2"
"千里声势联","2","0","2"
"持拒马器排","1","1","2"
"拒马器排列","1","1","2"
"狐狸共逼长","1","1","2"
"狸共逼长秃","1","1","2"
"亲族三百人","1","1","2"
"总督刘应节","1","1","2"
"督刘应节等","1","1","2"
"遣副将史宸","1","1","2"
"喜峰口受降","1","1","2"
"协置副将一","1","1","2"
"置副将一人","1","1","2"
"汤克宽战死","1","1","2"
"南北名将马","1","1","2"
"北名将马芳","1","1","2"
"边防独重蓟","1","1","2"
"国大臣徐阶","1","1","2"
"御史傅光宅","1","1","2"
"南方战功特","1","1","2"
"方战功特盛","1","1","2"
"海门卫新河","1","1","2"
"门卫新河所","1","1","2"
"卫新河所百","1","1","2"
"新河所百户","1","1","2"
"戚继光麾下","1","1","2"
"破横屿诸贼","1","1","2"
"屡进署都指","2","0","2"
"福建游击将","1","1","2"
"建游击将军","1","1","2"
"贼张廷光劫","1","1","2"
"遣副将梁守","1","1","2"
"副将梁守愚","1","1","2"
"首功二千四","1","1","2"
"功二千四百","1","1","2"
"朝富等八十","1","1","2"
"部将邓子龙","1","1","2"
"将邓子龙等","1","1","2"
"贼首蓝一清","1","1","2"
"参将李诚立","1","1","2"
"副将李诚立","1","1","2"
"将李诚立挑","1","1","2"
"李诚立挑战","1","1","2"
"死者二百人","2","0","2"
"万历二年三","1","1","2"
"历二年三月","1","1","2"
"进世荫一级","1","1","2"
"督凌云翼大","1","1","2"
"威名震岭南","1","1","2"
"率众固守八","1","1","2"
"监司陆梦龙","1","1","2"
"通判赵士宽","1","1","2"
"判赵士宽率","1","1","2"
"赵士宽率民","1","1","2"
"士宽率民固","1","1","2"
"宽率民固守","1","1","2"
"训导姚允恭","1","1","2"
"导姚允恭友","1","1","2"
"姚允恭友善","1","1","2"
"生擒二十余","1","1","2"
"擒二十余人","1","1","2"
"训导卢大受","1","1","2"
"导卢大受督","1","1","2"
"卢大受督民","1","1","2"
"大受督民守","1","1","2"
"受督民守御","1","1","2"
"志仁持长矛","1","1","2"
"仁持长矛巷","1","1","2"
"持长矛巷战","1","1","2"
"授浙江山阴","1","1","2"
"崇祯元年征","1","1","2"
"劾魏忠贤党","1","1","2"
"家属十四人","1","1","2"
"属十四人皆","1","1","2"
"十四人皆死","1","1","2"
"训导张国勋","1","1","2"
"历随州知州","2","0","2"
"相持二十余","1","1","2"
"持二十余日","1","1","2"
"崇祯十年十","1","1","2"
"祯十年十月","1","1","2"
"同郡谕德刘","1","1","2"
"郡谕德刘若","1","1","2"
"谕德刘若宰","1","1","2"
"监军佥事张","1","1","2"
"军佥事张大","1","1","2"
"事张大经奉","1","1","2"
"陕西苑马寺","1","1","2"
"西苑马寺万","1","1","2"
"罗汝才率九","1","1","2"
"汝才率九营","1","1","2"
"黑云祥歃血","1","1","2"
"主簿朱邦闻","1","1","2"
"守备杨道选","1","1","2"
"献忠所遣前","1","1","2"
"忠所遣前锋","1","1","2"
"近两河饥民","1","1","2"
"两河饥民云","1","1","2"
"河饥民云集","1","1","2"
"昔高仁厚六","1","1","2"
"奏除齐泰姻","1","1","2"
"除齐泰姻戚","1","1","2"
"齐泰姻戚子","1","1","2"
"泰姻戚子孙","1","1","2"
"姻戚子孙军","1","1","2"
"戚子孙军籍","1","1","2"
"子孙军籍二","1","1","2"
"孙军籍二十","1","1","2"
"军籍二十六","1","1","2"
"籍二十六家","1","1","2"
"事中储纯臣","1","1","2"
"利弊十一事","1","1","2"
"巡漕御史孙","1","1","2"
"漕御史孙居","1","1","2"
"巡抚宋一鹤","1","1","2"
"监司守承天","1","1","2"
"洪武二年追","1","1","2"
"武二年追封","1","1","2"
"守墓户二百","1","1","2"
"墓户二百一","1","1","2"
"二百一十家","1","1","2"
"士卒多溺死","1","1","2"
"一二同行者","1","1","2"
"同行者闻山","1","1","2"
"梦一白衣人","1","1","2"
"盱眙津里镇","1","1","2"
"臣濂闻君子","1","1","2"
"懿文太子次","1","1","2"
"文太子次妃","1","1","2"
"授中书省令","1","1","2"
"中书省令史","1","1","2"
"女入皇太孙","1","1","2"
"入皇太孙宫","1","1","2"
"授府军前卫","1","1","2"
"府军前卫指","1","1","2"
"军前卫指挥","1","1","2"
"加号奉天翊","1","1","2"
"号奉天翊卫","1","1","2"
"翊卫推诚宣","1","1","2"
"卫推诚宣力","1","1","2"
"指挥佥事者","1","1","2"
"弟显宗率子","1","1","2"
"家奴四十三","1","1","2"
"奴四十三人","1","1","2"
"子琏授锦衣","1","1","2"
"琏授锦衣卫","1","1","2"
"婿指挥使武","1","1","2"
"指挥使武忠","1","1","2"
"挥使武忠进","1","1","2"
"授官者十七","1","1","2"
"官者十七人","1","1","2"
"子孙二十余","1","1","2"
"孙二十余人","1","1","2"
"颂太后盛德","1","1","2"
"锦衣逯杲奏","1","1","2"
"授职者七人","1","1","2"
"命继宗提督","1","1","2"
"继宗提督十","1","1","2"
"宗提督十二","1","1","2"
"继宗上疏恳","1","1","2"
"故使外戚亲","1","1","2"
"使外戚亲臣","1","1","2"
"外戚亲臣参","1","1","2"
"勋戚请乞庄","1","1","2"
"戚请乞庄田","1","1","2"
"州田六十二","1","1","2"
"田六十二顷","1","1","2"
"十七年进侯","1","1","2"
"能追赠太傅","1","1","2"
"赐庄田甚多","1","1","2"
"余七百余顷","1","1","2"
"侯张延龄争","1","1","2"
"张延龄争田","1","1","2"
"正德四年卒","2","0","2"
"二十一年封","1","1","2"
"十一年封长","1","1","2"
"一年封长宁","1","1","2"
"年封长宁伯","1","1","2"
"外戚经营私","1","1","2"
"戚经营私利","1","1","2"
"宪宗皇帝诏","1","1","2"
"永乐间榜例","2","0","2"
"听巡城巡按","1","1","2"
"巡城巡按御","1","1","2"
"城巡按御史","1","1","2"
"子瑭等六人","1","1","2"
"子鹤龄嗣侯","1","1","2"
"遣侍郎屠勋","1","1","2"
"帝独召鹤龄","1","1","2"
"进封昌国公","1","1","2"
"京锦衣卫指","1","1","2"
"天文生董昶","1","1","2"
"违制杀人皆","1","1","2"
"奸人刘琦诬","1","1","2"
"连数十百人","1","1","2"
"告延龄兄弟","1","1","2"
"嘉靖元年授","1","1","2"
"靖元年授鸿","1","1","2"
"元年授鸿胪","1","1","2"
"年授鸿胪卿","1","1","2"
"改都督同知","1","1","2"
"言官余瓒等","1","1","2"
"绍祖授尚宝","1","1","2"
"神宗郑贵妃","1","1","2"
"上疏请立太","1","1","2"
"疏请立太子","1","1","2"
"诏夺国泰俸","1","1","2"
"国泰等拥戴","1","1","2"
"泰等拥戴福","1","1","2"
"等拥戴福王","1","1","2"
"主事陆大受","1","1","2"
"遣司礼监太","1","1","2"
"礼监太监王","1","1","2"
"监太监王裕","1","1","2"
"监王裕民同","1","1","2"
"王裕民同武","1","1","2"
"裕民同武英","1","1","2"
"民同武英殿","1","1","2"
"同武英殿中","1","1","2"
"武英殿中书","1","1","2"
"文炳母杜氏","2","0","2"
"尽忠报天子","1","1","2"
"宛平太学生","1","1","2"
"平太学生申","1","1","2"
"太学生申湛","1","1","2"
"学生申湛然","1","1","2"
"驸马都尉巩","1","1","2"
"马都尉巩永","1","1","2"
"都尉巩永固","1","1","2"
"命文武勋戚","1","1","2"
"文武勋戚分","1","1","2"
"武勋戚分守","1","1","2"
"勋戚分守京","1","1","2"
"戚分守京城","1","1","2"
"念瀛国太夫","1","1","2"
"国太夫人年","1","1","2"
"文炳妻王氏","1","1","2"
"妻左氏见大","1","1","2"
"左氏见大宅","1","1","2"
"左都督刘文","1","1","2"
"同兄文炳毕","1","1","2"
"兄文炳毕命","1","1","2"
"文炳毕命报","1","1","2"
"炳毕命报国","1","1","2"
"毕命报国处","1","1","2"
"文荣督所部","1","1","2"
"荣督所部会","1","1","2"
"督所部会剿","1","1","2"
"恶少年闭户","1","1","2"
"承天巡抚王","1","1","2"
"天巡抚王扬","1","1","2"
"巡抚王扬基","1","1","2"
"抚王扬基率","1","1","2"
"王扬基率所","1","1","2"
"扬基率所部","1","1","2"
"基率所部千","1","1","2"
"广巡抚王聚","1","1","2"
"抚王聚奎远","1","1","2"
"王聚奎远驻","1","1","2"
"史刘熙祚令","1","1","2"
"刘熙祚令道","1","1","2"
"熙祚令道宪","1","1","2"
"祚令道宪募","1","1","2"
"令道宪募兵","1","1","2"
"尹先民等扼","1","1","2"
"长沙六十里","1","1","2"
"知府堵胤锡","1","1","2"
"府堵胤锡入","1","1","2"
"通判周二南","1","1","2"
"军中久知蔡","1","1","2"
"中久知蔡推","1","1","2"
"久知蔡推官","1","1","2"
"天启四年乡","1","1","2"
"启四年乡试","1","1","2"
"明年二月抵","2","0","2"
"年二月抵岳","1","1","2"
"二月抵岳州","1","1","2"
"岳州相继陷","1","1","2"
"急令总兵尹","1","1","2"
"令总兵尹先","1","1","2"
"副将何一德","1","1","2"
"万人守罗塘","1","1","2"
"人守罗塘河","1","1","2"
"熙祚单骑赴","1","1","2"
"祚单骑赴永","1","1","2"
"单骑赴永州","1","1","2"
"孙兰仰天叹","1","1","2"
"御史王士英","1","1","2"
"白云山险峻","1","1","2"
"参政夏时亨","1","1","2"
"政夏时亨筑","1","1","2"
"夏时亨筑垒","1","1","2"
"持四十余日","2","0","2"
"良筹号召远","1","1","2"
"筹号召远近","1","1","2"
"号召远近诸","1","1","2"
"召远近诸寨","1","1","2"
"退保白莲寨","1","1","2"
"左良玉遣将","1","1","2"
"遣右营十万","1","1","2"
"右营十万人","1","1","2"
"世清坐堂上","1","1","2"
"迁陕西左布","2","0","2"
"史张孙振诬","1","1","2"
"张孙振诬劾","1","1","2"
"孙振诬劾提","1","1","2"
"振诬劾提学","1","1","2"
"诬劾提学佥","1","1","2"
"劾提学佥事","1","1","2"
"提学佥事袁","1","1","2"
"学佥事袁继","1","1","2"
"佥事袁继咸","1","1","2"
"率诸将王世","1","1","2"
"诸将王世钦","1","1","2"
"将王世钦等","1","1","2"
"王世钦等数","1","1","2"
"世钦等数十","1","1","2"
"钦等数十人","1","1","2"
"等数十人誓","1","1","2"
"数十人誓死","1","1","2"
"十人誓死守","1","1","2"
"山西监司王","1","1","2"
"西监司王肇","1","1","2"
"司王肇生合","1","1","2"
"王肇生合兵","1","1","2"
"山西入河北","1","1","2"
"太常寺卿耀","1","1","2"
"常寺卿耀州","1","1","2"
"寺卿耀州宋","1","1","2"
"卿耀州宋师","1","1","2"
"耀州宋师襄","1","1","2"
"藏书数千卷","1","1","2"
"号云林居士","1","1","2"
"行省参政苏","1","1","2"
"省参政苏天","1","1","2"
"参政苏天爵","1","1","2"
"号沧江散人","1","1","2"
"人黄冠鹿裘","1","1","2"
"黄冠鹿裘立","1","1","2"
"外族方氏建","1","1","2"
"驸马都尉陆","1","1","2"
"马都尉陆贤","1","1","2"
"文严整典雅","1","1","2"
"提学佥事周","1","1","2"
"学佥事周孟","1","1","2"
"佥事周孟中","1","1","2"
"置田二十余","1","1","2"
"田二十余亩","1","1","2"
"部侍郎谢铎","1","1","2"
"太仆少卿储","1","1","2"
"监司刘大夏","1","1","2"
"巡按御史宗","1","1","2"
"按御史宗彝","1","1","2"
"罗汉壁石窟","1","1","2"
"汉壁石窟山","1","1","2"
"携铁笛鹤瓢","1","1","2"
"杭州南屏山","1","1","2"
"郡人故御史","1","1","2"
"称苕溪五隐","1","1","2"
"巡抚侍郎崔","1","1","2"
"抚侍郎崔恭","1","1","2"
"谒侍郎吴宽","1","1","2"
"沈先生何人","1","1","2"
"母年九十九","1","1","2"
"同郡徐阶特","1","1","2"
"太仓王锡爵","1","1","2"
"缙代郎中王","1","1","2"
"代郎中王国","1","1","2"
"军徐达征陕","1","1","2"
"徐达征陕西","1","1","2"
"林虑西北二","1","1","2"
"虑西北二十","1","1","2"
"西北二十里","1","1","2"
"元右丞吴庸","1","1","2"
"常春翼元帅","1","1","2"
"然后北向中","1","1","2"
"后北向中原","1","1","2"
"先圣五十八","1","1","2"
"圣五十八世","1","1","2"
"五十八世孙","1","1","2"
"周廉使名闻","1","1","2"
"廉使名闻天","1","1","2"
"使名闻天下","1","1","2"
"樱桃园空堡","1","1","2"
"桃园空堡中","1","1","2"
"忠大喜过望","1","1","2"
"番僧张答里","1","1","2"
"僧张答里麻","1","1","2"
"河东盐运判","1","1","2"
"东盐运判官","1","1","2"
"盐运判官济","1","1","2"
"运判官济南","1","1","2"
"上皇君临天","1","1","2"
"皇君临天下","1","1","2"
"君临天下十","1","1","2"
"临天下十四","1","1","2"
"天下十四年","1","1","2"
"廷臣请立东","1","1","2"
"贡生授京山","1","1","2"
"生授京山训","1","1","2"
"授京山训导","1","1","2"
"万历时举乡","2","0","2"
"同邑蔡懋德","1","1","2"
"指挥张三锡","1","1","2"
"移守下川南","1","1","2"
"守下川南道","1","1","2"
"郧阳巡抚袁","1","1","2"
"阳巡抚袁继","1","1","2"
"巡抚袁继咸","1","1","2"
"降授锦衣卫","1","1","2"
"继祖守皇城","1","1","2"
"祖守皇城东","1","1","2"
"守皇城东安","1","1","2"
"皇城东安门","1","1","2"
"永固守崇文","1","1","2"
"固守崇文门","1","1","2"
"授南安守备","1","1","2"
"降将尹先民","1","1","2"
"督饷员外郎","1","1","2"
"饷员外郎王","1","1","2"
"员外郎王家","1","1","2"
"外郎王家录","1","1","2"
"副将惠显等","1","1","2"
"佥都御史林","1","1","2"
"御史林俊上","1","1","2"
"伏见皇太子","1","1","2"
"秀跃马追贼","2","0","2"
"击杀数十骑","2","0","2"
"崇焕顿首谢","2","0","2"
"廷诸臣敢诳","2","0","2"
"诸臣敢诳陛","2","0","2"
"臣敢诳陛下","2","0","2"
"敢诳陛下者","2","0","2"
"惟伯夷圣清","2","0","2"
"若小廉曲谨","2","0","2"
"守备吴弘器","1","1","2"
"礼部尚书请","1","1","2"
"赴午门开读","2","0","2"
"导殿东门入","2","0","2"
"迁台州知府","2","0","2"
"将戚继光请","1","1","2"
"遣主簿梁维","1","1","2"
"主簿梁维栋","1","1","2"
"都指挥欧阳","1","1","2"
"指挥欧阳深","1","1","2"
"继光大破贼","1","1","2"
"四十四年冬","1","1","2"
"贼江月照等","1","1","2"
"事中吴时请","2","0","2"
"继光总理练","1","1","2"
"光总理练兵","1","1","2"
"巡抚刘应节","1","1","2"
"抚刘应节果","1","1","2"
"巡关御史孙","1","1","2"
"关御史孙代","1","1","2"
"二万一千五","1","1","2"
"日夜教俺答","1","1","2"
"一克哈屯思","1","1","2"
"遣百户鲍崇","1","1","2"
"百户鲍崇德","1","1","2"
"事中章端甫","1","1","2"
"中章端甫请","1","1","2"
"俺答父子兄","1","1","2"
"答父子兄弟","1","1","2"
"父子兄弟横","1","1","2"
"子兄弟横行","1","1","2"
"兄弟横行四","1","1","2"
"宾兔侵扰西","1","1","2"
"大同二年三","1","1","2"
"下二十二人","1","1","2"
"尚书张守直","1","1","2"
"尚书朱衡等","1","1","2"
"书朱衡等五","1","1","2"
"朱衡等五人","1","1","2"
"独佥都御史","1","1","2"
"都御史李棠","1","1","2"
"御史李棠极","1","1","2"
"孙切尽台吉","1","1","2"
"切尽台吉连","1","1","2"
"京御史陈堂","1","1","2"
"曲沃知县入","1","1","2"
"永平兵备副","1","1","2"
"平兵备副使","1","1","2"
"察罕土门汗","1","1","2"
"一百二十所","1","1","2"
"嘉靖戊午大","1","1","2"
"靖戊午大饥","1","1","2"
"大将李成梁","1","1","2"
"将李成梁敢","1","1","2"
"成梁破土蛮","2","0","2"
"阅视侍郎汪","1","1","2"
"视侍郎汪道","1","1","2"
"建州都督王","1","1","2"
"州都督王杲","1","1","2"
"守将贾汝翼","1","1","2"
"兵赵完责汝","2","0","2"
"赵完责汝翼","2","0","2"
"完责汝翼启","2","0","2"
"责汝翼启衅","2","0","2"
"汝翼杲馈遗","2","0","2"
"进退边将皆","2","0","2"
"退边将皆敌","2","0","2"
"边将皆敌主","2","0","2"
"将皆敌主矣","2","0","2"
"约海西王台","1","1","2"
"海西王台送","1","1","2"
"东二百余里","1","1","2"
"游击裴承祖","1","1","2"
"王兀堂诸部","1","1","2"
"加兵部侍郎","2","0","2"
"阿丑台等五","1","1","2"
"丑台等五人","1","1","2"
"皇上恭奉圣","1","1","2"
"上恭奉圣母","1","1","2"
"史刘台劾居","2","0","2"
"御史冯景隆","1","1","2"
"李成梁共事","1","1","2"
"天府通判周","1","1","2"
"府通判周弘","1","1","2"
"隆庆五年冬","1","1","2"
"总兵官麻锦","1","1","2"
"兵官麻锦擒","1","1","2"
"浙江巡抚吴","1","1","2"
"江巡抚吴善","1","1","2"
"抚吴善言奉","1","1","2"
"吴善言奉诏","1","1","2"
"善言奉诏减","1","1","2"
"游击徐景星","1","1","2"
"御史许守恩","1","1","2"
"河决沛县飞","2","0","2"
"决沛县飞云","2","0","2"
"运道淤塞百","2","0","2"
"工部尚书右","2","0","2"
"应期所开新","1","1","2"
"期所开新河","1","1","2"
"道都御史潘","1","1","2"
"事中郑钦劾","2","0","2"
"中郑钦劾衡","2","0","2"
"水入赤山湖","2","0","2"
"近河道都御","1","1","2"
"道都御史翁","1","1","2"
"史翁大立奏","1","1","2"
"翁大立奏请","1","1","2"
"大立奏请裁","1","1","2"
"监局加征工","1","1","2"
"造太监李佑","1","1","2"
"骆问礼先后","1","1","2"
"皇太后传谕","1","1","2"
"碧霞元君庙","1","1","2"
"行均平里甲","1","1","2"
"均平里甲法","1","1","2"
"万历四年夏","1","1","2"
"河漕尚书吴","1","1","2"
"漕尚书吴桂","1","1","2"
"尚书吴桂芳","1","1","2"
"御史李栋上","1","1","2"
"御史董子行","1","1","2"
"事中梅国楼","1","1","2"
"白鹿洞书院","1","1","2"
"大两镇六十","1","1","2"
"两镇六十七","1","1","2"
"镇六十七万","1","1","2"
"留河东新增","1","1","2"
"都御史梁梦","1","1","2"
"御史梁梦龙","1","1","2"
"史梁梦龙毅","1","1","2"
"梁梦龙毅然","1","1","2"
"十二万石淮","2","0","2"
"二万石淮入","2","0","2"
"万石淮入海","2","0","2"
"三千二百石","1","1","2"
"宗沐掩饰视","1","1","2"
"沐掩饰视听","1","1","2"
"事中贾三近","1","1","2"
"御史鲍希颜","1","1","2"
"山东巡抚傅","1","1","2"
"东巡抚傅希","1","1","2"
"巡抚傅希挚","1","1","2"
"家居垂二十","2","0","2"
"居垂二十年","2","0","2"
"举隆庆五年","2","0","2"
"迁尚宝司丞","2","0","2"
"上流十五河","2","0","2"
"流十五河水","2","0","2"
"兵部尚书谭","1","1","2"
"部尚书谭纶","1","1","2"
"顺天巡抚张","1","1","2"
"部尚书毕锵","1","1","2"
"尚书毕锵等","1","1","2"
"垦三万九千","1","1","2"
"帝召见时行","2","0","2"
"召见时行等","2","0","2"
"祖宗法若乎","2","0","2"
"事中陈吾德","1","1","2"
"京都御史赵","1","1","2"
"御史俞一贯","1","1","2"
"献白莲白燕","1","1","2"
"许御史舒鳌","1","1","2"
"布政施尧臣","1","1","2"
"锦衣官校监","1","1","2"
"编修李维桢","1","1","2"
"修李维桢偶","1","1","2"
"年辽东大捷","1","1","2"
"巡抚张学颜","1","1","2"
"应昌巡按辽","1","1","2"
"昌巡按辽东","1","1","2"
"令王宗载巡","1","1","2"
"王宗载巡抚","1","1","2"
"宗载巡抚江","1","1","2"
"载巡抚江西","1","1","2"
"东巡抚周咏","1","1","2"
"南京御史孙","1","1","2"
"京御史孙继","1","1","2"
"临清州判官","1","1","2"
"江西巡抚曹","1","1","2"
"西巡抚曹大","1","1","2"
"东巡抚李松","1","1","2"
"台光禄少卿","1","1","2"
"事中朱东光","1","1","2"
"陛下登极初","2","0","2"
"士三十七人","1","1","2"
"林院侍讲赵","1","1","2"
"院侍讲赵志","1","1","2"
"修撰习孔教","1","1","2"
"中行等四人","1","1","2"
"京御史朱鸿","1","1","2"
"御史朱鸿谟","1","1","2"
"中书舍人秦","1","1","2"
"书舍人秦柱","1","1","2"
"学士许国攻","1","1","2"
"事中王嘉谟","1","1","2"
"张居正父丧","2","0","2"
"居正父丧夺","2","0","2"
"正父丧夺情","2","0","2"
"臣窃怪居正","2","0","2"
"义效忠数年","1","1","2"
"改南京祭酒","2","0","2"
"言官李沂罪","1","1","2"
"部郎中赵南","1","1","2"
"户部郎中杨","1","1","2"
"部郎中杨应","1","1","2"
"进士袁黄商","1","1","2"
"言官曾士楚","1","1","2"
"陛下留居正","2","0","2"
"动曰社稷故","2","0","2"
"对天下后世","1","1","2"
"天下后世臣","1","1","2"
"崇阳知县周","1","1","2"
"阳知县周应","1","1","2"
"知县周应中","1","1","2"
"宾州知州叶","1","1","2"
"州知州叶春","1","1","2"
"告播州宣慰","1","1","2"
"使杨应龙叛","1","1","2"
"抚叶梦熊请","1","1","2"
"迁顺天府尹","2","0","2"
"思孝移驻下","1","1","2"
"孝移驻下马","1","1","2"
"移驻下马关","1","1","2"
"事中杨东明","1","1","2"
"邹廷彦相继","1","1","2"
"书孙丕扬掌","1","1","2"
"劾文选郎蒋","1","1","2"
"文选郎蒋时","1","1","2"
"选郎蒋时馨","1","1","2"
"郎蒋时馨受","1","1","2"
"蒋时馨受贿","1","1","2"
"令李三才属","1","1","2"
"事中杨天民","1","1","2"
"御史林培请","1","1","2"
"行皇长子冠","1","1","2"
"皇长子冠礼","1","1","2"
"丕扬复吏部","2","0","2"
"俺答围京师","1","1","2"
"遣兵部郎中","1","1","2"
"兵部郎中征","1","1","2"
"二十九人供","1","1","2"
"进刑部右侍","2","0","2"
"叛将周云翔","1","1","2"
"将周云翔等","1","1","2"
"左都御史葛","1","1","2"
"御史谢思启","1","1","2"
"延绥巡抚王","1","1","2"
"绥巡抚王轮","1","1","2"
"督粮郎中陈","1","1","2"
"粮郎中陈灿","1","1","2"
"郎中陈灿等","1","1","2"
"怒礼部尚书","1","1","2"
"海道南淮安","2","0","2"
"道南淮安胶","2","0","2"
"南淮安胶州","2","0","2"
"北天津海仓","2","0","2"
"入海达天津","2","0","2"
"击陶承喾假","1","1","2"
"修筑黄花镇","1","1","2"
"坐失执政意","2","0","2"
"桂阳州判官","1","1","2"
"三皇子封王","2","0","2"
"皇上盛德大","1","1","2"
"上盛德大业","1","1","2"
"锡爵将谢政","2","0","2"
"常州知府欧","1","1","2"
"州知府欧阳","1","1","2"
"知府欧阳东","1","1","2"
"府欧阳东凤","1","1","2"
"锡知县林宰","1","1","2"
"淮抚李三才","2","0","2"
"光禄丞吴炯","1","1","2"
"禄丞吴炯上","1","1","2"
"发韩敬科场","1","1","2"
"南畿督学御","1","1","2"
"畿督学御史","1","1","2"
"督学御史德","1","1","2"
"学御史德清","1","1","2"
"御史德清人","1","1","2"
"史德清人房","1","1","2"
"德清人房寰","1","1","2"
"同年生彭遵","1","1","2"
"年生彭遵古","1","1","2"
"寰大肆贪污","1","1","2"
"令九卿约束","1","1","2"
"九卿约束办","1","1","2"
"卿约束办事","1","1","2"
"约束办事进","1","1","2"
"束办事进士","1","1","2"
"卿沈思孝上","1","1","2"
"越职加人罪","1","1","2"
"京御史陈邦","1","1","2"
"史陈邦科请","1","1","2"
"同官张纳陛","1","1","2"
"工部主事岳","1","1","2"
"部主事岳元","1","1","2"
"事岳元声合","1","1","2"
"事中王坚疏","2","0","2"
"中王坚疏先","2","0","2"
"王坚疏先入","2","0","2"
"三十三年京","1","1","2"
"御史侯庆远","1","1","2"
"主事庞时雍","1","1","2"
"御史周家栋","1","1","2"
"史周家栋指","1","1","2"
"周家栋指陈","1","1","2"
"家栋指陈时","1","1","2"
"栋指陈时政","1","1","2"
"故赞画主事","2","0","2"
"兵部巡抚议","1","1","2"
"补祠祭主事","1","1","2"
"左侍郎朱衡","1","1","2"
"御史张一鲲","1","1","2"
"吏部尚书宋","1","1","2"
"御史王栋言","2","0","2"
"御史刘汝康","1","1","2"
"顾宪成等二","1","1","2"
"宪成等二十","1","1","2"
"成等二十二","1","1","2"
"文选郎邹观","1","1","2"
"选郎邹观光","1","1","2"
"士赵志皋弟","2","0","2"
"劾稽勋员外","1","1","2"
"勋员外郎虞","1","1","2"
"员外郎虞淳","1","1","2"
"外郎虞淳熙","1","1","2"
"考功郎中刘","1","1","2"
"功郎中刘世","1","1","2"
"郎中刘世亨","1","1","2"
"考功郎中孙","1","1","2"
"功郎中孙惟","1","1","2"
"郎中孙惟清","1","1","2"
"抚臣赵世卿","1","1","2"
"事中杨廷相","1","1","2"
"考功郎徐一","1","1","2"
"考功郎邹观","1","1","2"
"功郎邹观光","1","1","2"
"臣王家屏虚","1","1","2"
"王家屏虚怀","1","1","2"
"侍郎蔡国珍","1","1","2"
"郎蔡国珍暂","1","1","2"
"巡抚汪珊讨","1","1","2"
"弟锦衣都督","1","1","2"
"左侍郎刘光","1","1","2"
"侍郎刘光济","1","1","2"
"左侍郎罗万","1","1","2"
"侍郎罗万化","1","1","2"
"寻左侍郎擢","2","0","2"
"左侍郎擢南","2","0","2"
"侍郎擢南京","2","0","2"
"郎擢南京右","2","0","2"
"吏部尚书温","1","1","2"
"部尚书温纯","1","1","2"
"尚书温纯共","1","1","2"
"侍郎赵参鲁","1","1","2"
"左都御史孙","1","1","2"
"都御史孙丕","1","1","2"
"员外郎黄缙","1","1","2"
"事中程文诬","1","1","2"
"西安知府罗","1","1","2"
"安知府罗织","1","1","2"
"九江知府沈","1","1","2"
"江知府沈铁","1","1","2"
"发巡抚秦耀","1","1","2"
"江西提学佥","1","1","2"
"提学佥事马","1","1","2"
"学佥事马犹","1","1","2"
"佥事马犹龙","1","1","2"
"定御史祝大","1","1","2"
"御史祝大舟","1","1","2"
"考功郎蒋时","1","1","2"
"功郎蒋时馨","1","1","2"
"恶大学士陈","1","1","2"
"大学士陈陛","2","0","2"
"文选郎唐伯","1","1","2"
"选郎唐伯元","1","1","2"
"博士周献臣","1","1","2"
"年大计外吏","2","0","2"
"廉吏布政使","1","1","2"
"吏布政使汪","1","1","2"
"继芳巡按浙","1","1","2"
"芳巡按浙江","1","1","2"
"侍郎萧云举","1","1","2"
"都御史许弘","1","1","2"
"御史许弘纲","1","1","2"
"考功郎中王","1","1","2"
"功郎中王宗","1","1","2"
"郎中王宗贤","1","1","2"
"南道御史汤","1","1","2"
"协理御史乔","1","1","2"
"理御史乔允","1","1","2"
"御史乔允升","1","1","2"
"刑部主事秦","1","1","2"
"部主事秦聚","1","1","2"
"主事秦聚奎","1","1","2"
"礼部主事丁","1","1","2"
"部主事丁元","1","1","2"
"主事丁元荐","1","1","2"
"事中彭惟成","1","1","2"
"御史王万祚","1","1","2"
"科道钱梦皋","1","1","2"
"道钱梦皋等","1","1","2"
"钱梦皋等十","1","1","2"
"梦皋等十人","1","1","2"
"御史钱一本","1","1","2"
"史钱一本等","1","1","2"
"钱一本等十","1","1","2"
"一本等十三","1","1","2"
"本等十三人","1","1","2"
"事中钟羽正","1","1","2"
"中钟羽正等","1","1","2"
"钟羽正等十","1","1","2"
"羽正等十五","1","1","2"
"正等十五人","1","1","2"
"家居二年卒","2","0","2"
"兵部尚书萧","1","1","2"
"书萧大亨主","1","1","2"
"御史张似渠","1","1","2"
"郎贺灿然请","1","1","2"
"邹元标等九","1","1","2"
"元标等九十","1","1","2"
"标等九十六","1","1","2"
"范俊等一百","1","1","2"
"书赵世卿代","1","1","2"
"永年伯王栋","1","1","2"
"赠吏部尚书","1","1","2"
"受业永丰吕","2","0","2"
"业永丰吕怀","2","0","2"
"圣贤仁义心","1","1","2"
"贤仁义心性","1","1","2"
"江西乐平知","1","1","2"
"西乐平知县","1","1","2"
"发胡宗宪失","1","1","2"
"胡宗宪失律","1","1","2"
"治乡官吕希","1","1","2"
"乡官吕希周","1","1","2"
"大学士郭朴","1","1","2"
"副都御史邹","1","1","2"
"都御史邹应","1","1","2"
"劾内侍张恩","1","1","2"
"盐政二十事","1","1","2"
"河东巡盐郜","1","1","2"
"东巡盐郜永","1","1","2"
"巡盐郜永春","1","1","2"
"盐都御史官","1","1","2"
"御史计坤亨","1","1","2"
"史计坤亨等","1","1","2"
"计坤亨等交","1","1","2"
"保定巡抚宋","1","1","2"
"万历四年冬","1","1","2"
"推行一条鞭","1","1","2"
"总兵官胡守","1","1","2"
"兵官胡守仁","1","1","2"
"令吏科陈三","1","1","2"
"吏科陈三谟","1","1","2"
"吉安永丰人","1","1","2"
"授吴县知县","1","1","2"
"劾大将军仇","1","1","2"
"请开桑乾河","2","0","2"
"开桑乾河通","2","0","2"
"金龙池下瓮","1","1","2"
"宣府黑龙湾","1","1","2"
"府黑龙湾石","1","1","2"
"黑龙湾石崖","1","1","2"
"龙湾石崖稍","1","1","2"
"湾石崖稍险","1","1","2"
"大同巡抚侯","1","1","2"
"同巡抚侯钺","1","1","2"
"兵部尚书聂","1","1","2"
"部尚书聂豹","1","1","2"
"工部尚书欧","1","1","2"
"部尚书欧阳","1","1","2"
"尚书欧阳必","1","1","2"
"灾异考察京","1","1","2"
"异考察京官","1","1","2"
"霸州兵备佥","1","1","2"
"州兵备佥事","1","1","2"
"官戚继光合","1","1","2"
"戚继光合兵","1","1","2"
"副使王叔果","1","1","2"
"太常卿袁洪","1","1","2"
"常卿袁洪愈","1","1","2"
"巡视内府库","1","1","2"
"视内府库藏","1","1","2"
"富贵功名鼓","1","1","2"
"南京尚书潘","1","1","2"
"京尚书潘晟","1","1","2"
"事中傅作舟","1","1","2"
"中傅作舟等","1","1","2"
"操江佥都御","1","1","2"
"佥都御史吕","1","1","2"
"都御史吕藿","1","1","2"
"事中吴绾知","1","1","2"
"事中袁国臣","1","1","2"
"中袁国臣等","1","1","2"
"副总兵梁守","1","1","2"
"毁庐舍千余","1","1","2"
"降贼渠许恩","2","0","2"
"贼渠许恩阳","2","0","2"
"渠许恩阳江","2","0","2"
"蛮莫两土司","1","1","2"
"合两土司兵","1","1","2"
"两土司告急","1","1","2"
"遣游击刘天","1","1","2"
"游击刘天俸","1","1","2"
"击刘天俸率","1","1","2"
"总寇崇德等","1","1","2"
"总兵官沐昌","1","1","2"
"兵官沐昌祚","1","1","2"
"参将米万春","1","1","2"
"挟赏银四千","1","1","2"
"副使丁惟宁","1","1","2"
"御史杨绍程","1","1","2"
"士申时行庇","1","1","2"
"巡按御史苏","1","1","2"
"按御史苏赞","1","1","2"
"御史苏赞阝","1","1","2"
"部尚书李世","1","1","2"
"尚书李世达","1","1","2"
"理少卿李栋","1","1","2"
"少卿李栋等","1","1","2"
"典诏狱李登","1","1","2"
"诏狱李登云","1","1","2"
"狱李登云等","1","1","2"
"引红牌说谎","1","1","2"
"中唐尧钦等","1","1","2"
"士民阎世祥","1","1","2"
"民阎世祥等","1","1","2"
"士王锡爵等","1","1","2"
"卒年七十九","2","0","2"
"中官冯保挤","1","1","2"
"山东民壮改","1","1","2"
"银二万四千","1","1","2"
"德府白云湖","1","1","2"
"固原州海剌","1","1","2"
"原州海剌都","1","1","2"
"州海剌都地","1","1","2"
"千二百余顷","1","1","2"
"朝忠臣十二","1","1","2"
"忠臣十二人","1","1","2"
"江伯陈王谟","1","1","2"
"辅国将军袭","1","1","2"
"国将军袭封","1","1","2"
"中官温泰请","1","1","2"
"事中雒遵相","1","1","2"
"中雒遵相继","1","1","2"
"部伯牙入寇","1","1","2"
"税使高淮诬","1","1","2"
"劾山海同知","1","1","2"
"山海同知罗","1","1","2"
"海同知罗大","1","1","2"
"同知罗大器","1","1","2"
"议上筑决口","1","1","2"
"兵部主事伍","1","1","2"
"部主事伍袁","1","1","2"
"主事伍袁萃","1","1","2"
"满四等休养","1","1","2"
"总督高文荐","1","1","2"
"督高文荐请","1","1","2"
"西北垦荒永","1","1","2"
"况二镇多沙","1","1","2"
"二镇多沙碛","1","1","2"
"浙江巡抚张","1","1","2"
"江巡抚张佳","1","1","2"
"巡抚张佳胤","1","1","2"
"取黄金三千","1","1","2"
"黄金三千二","1","1","2"
"金三千二百","1","1","2"
"三千二百两","1","1","2"
"都匀答千岩","1","1","2"
"匀答千岩苗","1","1","2"
"慰安国亨诡","1","1","2"
"副将邓子龙","1","1","2"
"车里二宣慰","1","1","2"
"能飞越大海","1","1","2"
"张居正奔丧","1","1","2"
"太平同知龙","1","1","2"
"平同知龙宗","1","1","2"
"同知龙宗武","1","1","2"
"官田玉提督","1","1","2"
"田玉提督太","1","1","2"
"亭障二百六","1","1","2"
"障二百六十","1","1","2"
"二百六十所","1","1","2"
"右布政使移","1","1","2"
"布政使移守","1","1","2"
"政使移守宣","1","1","2"
"使移守宣府","1","1","2"
"巡抚王见宾","1","1","2"
"巡抚杨时宁","1","1","2"
"总兵官麻承","1","1","2"
"兵官麻承恩","1","1","2"
"两京太常少","1","1","2"
"祀懿文太子","1","1","2"
"祠祭司官代","1","1","2"
"南京五府佥","1","1","2"
"京五府佥书","1","1","2"
"前抚恤宗室","1","1","2"
"县令刘禹龙","1","1","2"
"南京大理评","1","1","2"
"京大理评事","1","1","2"
"事中阮子孝","1","1","2"
"御史潘惟岳","1","1","2"
"史潘惟岳等","1","1","2"
"衡州三卫军","1","1","2"
"州三卫军戍","1","1","2"
"宁远诸卫远","1","1","2"
"远诸卫远戍","1","1","2"
"诸卫远戍广","1","1","2"
"卫远戍广西","1","1","2"
"周敦颐父辅","2","0","2"
"敦颐父辅成","2","0","2"
"颐父辅成祀","2","0","2"
"父辅成祀启","2","0","2"
"辅成祀启圣","2","0","2"
"时宗室繁衍","1","1","2"
"河南巡抚褚","1","1","2"
"睦〈木挈〉","2","0","2"
"人张国祥乞","1","1","2"
"永年伯王伟","1","1","2"
"年伯王伟乘","1","1","2"
"固安伯陈景","1","1","2"
"安伯陈景行","1","1","2"
"妖贼郭大通","1","1","2"
"御史安九域","1","1","2"
"米二万七千","1","1","2"
"二万七千石","1","1","2"
"宁夏时取官","1","1","2"
"夏时取官银","1","1","2"
"宝丞周弘禴","2","0","2"
"太山提督中","2","0","2"
"提督中官田","1","1","2"
"督中官田玉","1","1","2"
"顺天考官张","1","1","2"
"天考官张一","1","1","2"
"考官张一桂","1","1","2"
"官张一桂私","1","1","2"
"王家屏仅拟","1","1","2"
"府尹沈思孝","1","1","2"
"御史王世扬","1","1","2"
"史王世扬请","1","1","2"
"陛下深居宫","1","1","2"
"娶尚书吴鹏","1","1","2"
"部员外郎赵","1","1","2"
"户部主事姜","1","1","2"
"部主事姜士","1","1","2"
"刑部主事吴","1","1","2"
"部主事吴正","1","1","2"
"主事吴正志","1","1","2"
"事吴正志上","1","1","2"
"吴正志上疏","1","1","2"
"御史赫瀛集","1","1","2"
"通贡二十年","1","1","2"
"何景古城全","1","1","2"
"景古城全军","1","1","2"
"肃巡抚李廷","1","1","2"
"书陆光祖拟","1","1","2"
"员外郎叶隆","1","1","2"
"外郎叶隆光","1","1","2"
"主事唐世尧","1","1","2"
"疑举人屠大","1","1","2"
"举人屠大壮","1","1","2"
"事中苗朝阳","1","1","2"
"张居正三子","1","1","2"
"辅臣子弟遂","1","1","2"
"臣子弟遂成","1","1","2"
"史林祖述等","1","1","2"
"罗海内名士","1","1","2"
"年始成进士","2","0","2"
"南京太常博","1","1","2"
"京太常博士","1","1","2"
"责言官欺蔽","2","0","2"
"御史万国钦","1","1","2"
"史万国钦极","1","1","2"
"事中杨文举","1","1","2"
"中杨文举奉","1","1","2"
"杨文举奉诏","1","1","2"
"中胡汝宁攻","1","1","2"
"胡汝宁攻击","1","1","2"
"汝宁攻击饶","1","1","2"
"宁攻击饶伸","1","1","2"
"居二十年卒","2","0","2"
"显祖意气慷","1","1","2"
"祖意气慷慨","1","1","2"
"行人高攀龙","1","1","2"
"南部郎谭一","1","1","2"
"部郎谭一召","1","1","2"
"皇祖二十八","1","1","2"
"祖二十八年","1","1","2"
"臣赵志皋等","1","1","2"
"西按察司知","1","1","2"
"按察司知事","1","1","2"
"巡盐御史袁","1","1","2"
"盐御史袁淳","1","1","2"
"兴国州判官","1","1","2"
"督抚大吏争","1","1","2"
"天下臣民万","1","1","2"
"下臣民万物","1","1","2"
"陛下天资英","1","1","2"
"君心臣心偶","1","1","2"
"梁材守道守","1","1","2"
"材守道守官","1","1","2"
"一旦翻然悔","1","1","2"
"旦翻然悔悟","1","1","2"
"事中戴凤翔","1","1","2"
"武三十年定","2","0","2"
"提学御史房","1","1","2"
"学御史房寰","1","1","2"
"都御史李盛","1","1","2"
"御史李盛春","1","1","2"
"石星大误东","1","1","2"
"占两河郡县","1","1","2"
"修撰唐文献","1","1","2"
"撰唐文献同","1","1","2"
"皇长子讲官","2","0","2"
"学录李维极","1","1","2"
"公侯子弟入","1","1","2"
"旋擢礼部右","2","0","2"
"正域署部事","2","0","2"
"税监鲁保请","1","1","2"
"仪宾汪若泉","1","1","2"
"通政使沈子","1","1","2"
"政使沈子木","1","1","2"
"湖广巡抚赵","1","1","2"
"巡按应朝卿","1","1","2"
"令楚王避位","1","1","2"
"楚王避位听","1","1","2"
"祭酒黄汝良","1","1","2"
"巡城御史康","1","1","2"
"城御史康丕","1","1","2"
"丕扬先后捕","1","1","2"
"教官阮明卿","1","1","2"
"都督陈汝忠","1","1","2"
"东厂太监陈","1","1","2"
"厂太监陈矩","1","1","2"
"詹事唐文献","1","1","2"
"僚杨道宾等","1","1","2"
"郎中王述古","1","1","2"
"按御史史学","1","1","2"
"府王宗显聘","1","1","2"
"王宗显聘仪","1","1","2"
"三衢书院山","1","1","2"
"衢书院山长","1","1","2"
"春秋经传附","1","1","2"
"秋经传附录","1","1","2"
"经传附录纂","1","1","2"
"传附录纂疏","1","1","2"
"程朱传义音","1","1","2"
"朱传义音考","1","1","2"
"集传音义会","1","1","2"
"传音义会通","1","1","2"
"征天下名儒","1","1","2"
"称石门先生","1","1","2"
"见石门先生","1","1","2"
"口授六十四","1","1","2"
"授六十四卦","1","1","2"
"筑东山精舍","1","1","2"
"高密魏希文","1","1","2"
"监湖广银场","1","1","2"
"白鹿洞学规","1","1","2"
"日薛夫子将","1","1","2"
"部侍郎王伟","1","1","2"
"督贵州军饷","1","1","2"
"学士江渊奏","1","1","2"
"钟成相继聘","1","1","2"
"遣人入京告","1","1","2"
"南宁府同知","1","1","2"
"朱子晚年定","1","1","2"
"子晚年定论","1","1","2"
"朱子论心学","1","1","2"
"化十三年乡","1","1","2"
"三年乡试第","1","1","2"
"刘大夏等三","1","1","2"
"大夏等三十","1","1","2"
"夏等三十余","1","1","2"
"宁王宸濠骄","1","1","2"
"蔡京召杨时","1","1","2"
"子推官存远","1","1","2"
"格物致知学","2","0","2"
"钦顺致书守","1","1","2"
"顺致书守仁","1","1","2"
"正心诚意四","1","1","2"
"心诚意四字","1","1","2"
"端初读谢应","1","1","2"
"初读谢应芳","1","1","2"
"六年成进士","2","0","2"
"洛阳姚枢讲","1","1","2"
"阳姚枢讲道","1","1","2"
"学者翕然宗","2","0","2"
"周易乾坤二","1","1","2"
"易乾坤二卦","1","1","2"
"乾坤二卦解","1","1","2"
"坤二卦解义","1","1","2"
"儒学宗统谱","1","1","2"
"川月交映图","1","1","2"
"河南巡抚李","1","1","2"
"南巡抚李桢","1","1","2"
"伊洛渊源图","1","1","2"
"山西佥事何","1","1","2"
"抚州知府王","1","1","2"
"巡抚韩雍备","1","1","2"
"抚韩雍备礼","1","1","2"
"遣行人曹隆","1","1","2"
"编修张元桢","1","1","2"
"岂容先生久","1","1","2"
"容先生久窃","1","1","2"
"先生久窃虚","1","1","2"
"生久窃虚名","1","1","2"
"程朱正学纂","1","1","2"
"朱正学纂要","1","1","2"
"号漳南布衣","1","1","2"
"取回镇守太","1","1","2"
"回镇守太监","1","1","2"
"适世宗嗣位","2","0","2"
"御史卢焕等","1","1","2"
"南京宗人府","1","1","2"
"京宗人府经","1","1","2"
"高陵人市者","2","0","2"
"陵人市者三","2","0","2"
"人市者三日","2","0","2"
"授许州知州","1","1","2"
"仿朱子社仓","1","1","2"
"行计口浇田","1","1","2"
"计口浇田法","1","1","2"
"入户部员外","2","0","2"
"迁江西提学","2","0","2"
"修白鹿书院","1","1","2"
"白鹿书院学","1","1","2"
"鹿书院学舍","1","1","2"
"镇守太监勘","1","1","2"
"湖广布政使","1","1","2"
"漕帅平江伯","1","1","2"
"帅平江伯陈","1","1","2"
"御史唐凤仪","1","1","2"
"年八十三卒","2","0","2"
"明日格一物","1","1","2"
"授南京户科","1","1","2"
"南京户科事","2","0","2"
"京户科事中","2","0","2"
"榆次寇天叙","1","1","2"
"问主事黄清","1","1","2"
"关中马理先","1","1","2"
"中马理先生","1","1","2"
"郎中张衍瑞","1","1","2"
"中张衍瑞等","1","1","2"
"故户部郎中","1","1","2"
"户部郎中庄","1","1","2"
"部郎中庄绎","1","1","2"
"广东副使魏","1","1","2"
"东副使魏校","1","1","2"
"陕西副使唐","1","1","2"
"西副使唐龙","1","1","2"
"守备太监刘","1","1","2"
"江西兵备副","1","1","2"
"西兵备副使","1","1","2"
"近世何乔新","1","1","2"
"翰林陈昌积","1","1","2"
"六义音切贯","1","1","2"
"义音切贯珠","1","1","2"
"音切贯珠图","1","1","2"
"六义相关图","1","1","2"
"者四百余人","2","0","2"
"诏所授官致","2","0","2"
"所授官致仕","2","0","2"
"巡按御史甘","1","1","2"
"按御史甘士","1","1","2"
"使千古纲常","1","1","2"
"书马文升知","1","1","2"
"按御史吴华","1","1","2"
"见太监刘瑾","1","1","2"
"孟子所谓良","1","1","2"
"子所谓良知","1","1","2"
"所谓良知良","1","1","2"
"谓良知良能","1","1","2"
"修黄陵冈堤","1","1","2"
"东昌府同知","1","1","2"
"佐尚书孙丕","1","1","2"
"书孙丕扬澄","1","1","2"
"孙丕扬澄清","1","1","2"
"丕扬澄清吏","1","1","2"
"扬澄清吏治","1","1","2"
"推太常少卿","2","0","2"
"进士黄淳耀","1","1","2"
"统十二年乡","1","1","2"
"事中贺钦听","1","1","2"
"方学者日进","2","0","2"
"东布政使彭","1","1","2"
"皆公卿大夫","1","1","2"
"广信永丰人","1","1","2"
"见刘瑾乱政","1","1","2"
"劾大学士桂","1","1","2"
"检讨陈献章","1","1","2"
"八年举进士","2","0","2"
"授吉安府推","1","1","2"
"吉安府推官","1","1","2"
"学士张元祯","1","1","2"
"安福邹守益","1","1","2"
"第三人授翰","2","0","2"
"三人授翰林","2","0","2"
"嘉靖三年二","1","1","2"
"靖三年二月","1","1","2"
"时所谓忠爱","1","1","2"
"广德州判官","1","1","2"
"嘉靖五年举","2","0","2"
"进阶朝列大","1","1","2"
"阶朝列大夫","1","1","2"
"事中戚贤等","1","1","2"
"制小车北上","1","1","2"
"弟子遍天下","1","1","2"
"南京尚宝卿","1","1","2"
"成化朝纪淑","1","1","2"
"化朝纪淑妃","1","1","2"
"集四方名士","1","1","2"
"太仆卿曾直","1","1","2"
"吾婿成大名","1","1","2"
"春坊左赞善","1","1","2"
"校书赵时春","1","1","2"
"分守宣武门","1","1","2"
"命调南京工","1","1","2"
"劝帝享安静","1","1","2"
"考官评语失","1","1","2"
"官评语失书","1","1","2"
"评语失书名","1","1","2"
"逮考官谕德","1","1","2"
"考官谕德江","1","1","2"
"官谕德江汝","1","1","2"
"谕德江汝璧","1","1","2"
"洗马欧阳衢","1","1","2"
"停举子会试","1","1","2"
"视两淮盐政","1","1","2"
"称南都四君","1","1","2"
"南都四君子","1","1","2"
"官太仆少卿","1","1","2"
"南赣巡抚张","1","1","2"
"赣巡抚张岳","1","1","2"
"同县刘文敏","1","1","2"
"两淮盐运司","1","1","2"
"淮盐运司判","1","1","2"
"兵部武选郎","1","1","2"
"部武选郎中","1","1","2"
"擒斩平秀吉","1","1","2"
"史甘士价等","1","1","2"
"地八万三千","1","1","2"
"汝芳门人礼","1","1","2"
"芳门人礼部","1","1","2"
"门人礼部侍","1","1","2"
"人礼部侍郎","1","1","2"
"礼部侍郎杨","1","1","2"
"尚宝司卿周","1","1","2"
"宝司卿周汝","1","1","2"
"司卿周汝登","1","1","2"
"按御史陈子","1","1","2"
"御史陈子贞","1","1","2"
"子贞督学南","1","1","2"
"闻郎中刘魁","1","1","2"
"十一年举乡","2","0","2"
"心学晦明解","1","1","2"
"司月米三石","2","0","2"
"邑人罗汝芳","1","1","2"
"三十四年举","2","0","2"
"十四年举乡","2","0","2"
"历十六年入","1","1","2"
"御史王道显","1","1","2"
"隆庆四年乡","1","1","2"
"庆四年乡试","1","1","2"
"江右四君子","1","1","2"
"拔剑跃马冲","1","1","2"
"授前部先锋","1","1","2"
"立行枢密院","1","1","2"
"元帅朱文逊","1","1","2"
"杭州苗军数","1","1","2"
"州苗军数万","1","1","2"
"常遇春屯兵","1","1","2"
"遇春屯兵金","1","1","2"
"春屯兵金华","1","1","2"
"授池州同知","1","1","2"
"书七八千言","1","1","2"
"学提举司校","1","1","2"
"提举司校理","1","1","2"
"洪武元年八","1","1","2"
"武元年八月","1","1","2"
"国史院编修","1","1","2"
"史院编修官","1","1","2"
"诏赠翰林学","1","1","2"
"授德清县丞","1","1","2"
"松江民钱鹤","1","1","2"
"江民钱鹤皋","1","1","2"
"中书考功博","1","1","2"
"书考功博士","1","1","2"
"新设浙江按","1","1","2"
"设浙江按察","1","1","2"
"平阳知州梅","1","1","2"
"阳知州梅镒","1","1","2"
"宁海民陈德","1","1","2"
"海民陈德仲","1","1","2"
"岐宁卫经历","1","1","2"
"部卒六百余","1","1","2"
"卒六百余人","1","1","2"
"建昌县多盗","1","1","2"
"抚二州兵备","1","1","2"
"请设通判驻","1","1","2"
"赂朝中幸臣","1","1","2"
"逵劝燧先发","1","1","2"
"走匿宸濠祖","2","0","2"
"匿宸濠祖墓","2","0","2"
"按御史林潮","1","1","2"
"宸濠入内殿","1","1","2"
"按御史王金","1","1","2"
"知县刘源清","1","1","2"
"县刘源清所","1","1","2"
"刘源清所斩","1","1","2"
"燧子堪闻父","1","1","2"
"逵驻武定州","1","1","2"
"江西左参议","1","1","2"
"元泰定四年","1","1","2"
"钱清场盐司","1","1","2"
"清场盐司令","1","1","2"
"欧阳元功读","1","1","2"
"江西儒学提","1","1","2"
"西儒学提举","1","1","2"
"遣翰林詹同","1","1","2"
"幼聪颖异常","1","1","2"
"江吴莱学古","1","1","2"
"宣城贡师泰","1","1","2"
"长山先生集","1","1","2"
"号梅花屋主","1","1","2"
"胡翰等十二","1","1","2"
"翰等十二人","1","1","2"
"人会食省中","1","1","2"
"江北行省儒","1","1","2"
"北行省儒学","1","1","2"
"行省儒学提","1","1","2"
"省儒学提举","1","1","2"
"见士诚将败","1","1","2"
"太祖灭士诚","1","1","2"
"纂后妃等传","1","1","2"
"御史台治书","1","1","2"
"史台治书侍","1","1","2"
"台治书侍御","1","1","2"
"国史非公莫","1","1","2"
"史非公莫知","1","1","2"
"翰林侍讲学","1","1","2"
"林侍讲学士","1","1","2"
"御史王著等","1","1","2"
"夏人杨辇真","1","1","2"
"人杨辇真珈","1","1","2"
"翰林侍读学","1","1","2"
"林侍读学士","1","1","2"
"秦裕伯等扈","1","1","2"
"作诗长讴逝","2","0","2"
"使者林唐臣","1","1","2"
"赐御制诗八","1","1","2"
"御制诗八章","1","1","2"
"州府通判王","1","1","2"
"顺帝一朝史","1","1","2"
"命儒士欧阳","1","1","2"
"诸儒多授官","1","1","2"
"江西行枢密","1","1","2"
"西行枢密院","1","1","2"
"行枢密院都","1","1","2"
"枢密院都事","1","1","2"
"二十九年率","1","1","2"
"曰玉山佳处","1","1","2"
"天台柯九思","1","1","2"
"授会稽教谕","1","1","2"
"元水军副都","1","1","2"
"水军副都万","1","1","2"
"军副都万户","1","1","2"
"号金粟道人","1","1","2"
"著书十二篇","1","1","2"
"太平府教授","1","1","2"
"凯送皇太子","1","1","2"
"授翰林院国","1","1","2"
"翰林院国史","1","1","2"
"林院国史编","1","1","2"
"院国史编修","1","1","2"
"国史编修官","1","1","2"
"布政使吴印","1","1","2"
"洪武二年八","1","1","2"
"武二年八月","1","1","2"
"故欧阳修奏","1","1","2"
"欧阳修奏请","1","1","2"
"阳修奏请宰","1","1","2"
"修奏请宰相","1","1","2"
"奏请宰相监","1","1","2"
"请宰相监修","1","1","2"
"广陵张昱工","1","1","2"
"武十二年命","1","1","2"
"应聘入京师","1","1","2"
"授中都国子","1","1","2"
"都国子监典","1","1","2"
"国子监典簿","1","1","2"
"著书十万余","1","1","2"
"书十万余言","1","1","2"
"丞相府记室","1","1","2"
"洪武二年放","1","1","2"
"江西行省幕","1","1","2"
"西行省幕官","1","1","2"
"稽杨维桢客","1","1","2"
"授工部织染","1","1","2"
"工部织染局","1","1","2"
"部织染局使","1","1","2"
"京师望都门","1","1","2"
"师望都门城","1","1","2"
"山西巡抚宋","1","1","2"
"西巡抚宋统","1","1","2"
"崇祯五年四","1","1","2"
"祯五年四月","1","1","2"
"宁武守备猛","1","1","2"
"武守备猛忠","1","1","2"
"守备猛忠战","1","1","2"
"备猛忠战死","1","1","2"
"宜川廪生韩","1","1","2"
"川廪生韩廷","1","1","2"
"廪生韩廷宪","1","1","2"
"宪知紫金樑","2","0","2"
"滚山虎等六","1","1","2"
"山虎等六人","1","1","2"
"副使王肇生","1","1","2"
"按御史冯明","1","1","2"
"破套寇沙计","1","1","2"
"邦佐仰天长","1","1","2"
"佐仰天长叹","1","1","2"
"建祠宣武门","1","1","2"
"祠宣武门外","1","1","2"
"燕建二路兵","1","1","2"
"建二路兵备","1","1","2"
"二路兵备道","1","1","2"
"部尚书王晋","2","0","2"
"赴援大将中","1","1","2"
"臣招旧日义","1","1","2"
"招旧日义勇","1","1","2"
"论功加太仆","1","1","2"
"功加太仆少","1","1","2"
"春尽心抚恤","1","1","2"
"海寇李魁奇","1","1","2"
"莱州援兵七","1","1","2"
"州援兵七百","1","1","2"
"巡按御史宋","1","1","2"
"按御史宋学","1","1","2"
"御史宋学朱","1","1","2"
"盐运使唐世","1","1","2"
"运使唐世熊","1","1","2"
"使唐世熊等","1","1","2"
"督师中官高","2","0","2"
"师中官高潜","2","0","2"
"秉文等分门","1","1","2"
"文等分门死","1","1","2"
"济南知府苟","1","1","2"
"同知陈虞胤","1","1","2"
"通判熊烈献","1","1","2"
"历城知县韩","1","1","2"
"城知县韩承","1","1","2"
"知县韩承宣","1","1","2"
"秉文赠太常","1","1","2"
"文赠太常寺","1","1","2"
"赠太常寺卿","1","1","2"
"五十六代孙","1","1","2"
"命希学袭封","1","1","2"
"命守臣致祭","1","1","2"
"部右侍郎崔","1","1","2"
"右侍郎崔桐","1","1","2"
"左侍郎许成","1","1","2"
"侍郎许成名","1","1","2"
"郎许成名竞","1","1","2"
"百六十余卷","1","1","2"
"近世学者乐","1","1","2"
"阅二十年始","2","0","2"
"二十年始成","2","0","2"
"举嘉靖五年","2","0","2"
"礼部祠祭司","1","1","2"
"时四方名士","1","1","2"
"仪制员外郎","1","1","2"
"真人张衍庆","1","1","2"
"人张衍庆请","1","1","2"
"张衍庆请封","1","1","2"
"侍郎王杲奉","1","1","2"
"郎王杲奉命","1","1","2"
"益肆力古文","2","0","2"
"慎中提学山","1","1","2"
"中提学山东","1","1","2"
"提学山东时","1","1","2"
"武城王道同","1","1","2"
"城王道同署","1","1","2"
"卫洗马言愁","1","1","2"
"祭酒湛若水","1","1","2"
"酒湛若水讲","1","1","2"
"湛若水讲学","1","1","2"
"会稽侍郎董","1","1","2"
"嘉靖八年廷","1","1","2"
"胡经等二十","1","1","2"
"经等二十人","1","1","2"
"瀚曾奉御批","1","1","2"
"嘉靖八才子","1","1","2"
"近郊居民坟","1","1","2"
"郊居民坟墓","1","1","2"
"四川巡抚刘","1","1","2"
"川巡抚刘思","1","1","2"
"巡抚刘思洁","1","1","2"
"曾省吾先后","1","1","2"
"年十二月上","1","1","2"
"龙州土酋赵","1","1","2"
"州土酋赵楷","1","1","2"
"祥州土酋李","1","1","2"
"州土酋李寰","1","1","2"
"努滩贼侯公","1","1","2"
"滩贼侯公丁","1","1","2"
"断藤峡群贼","1","1","2"
"西湖游览志","1","1","2"
"任重庆知府","1","1","2"
"称皇甫四杰","1","1","2"
"遇南北内讧","1","1","2"
"谪广平通判","2","0","2"
"官工部主事","1","1","2"
"南布政司理","1","1","2"
"布政司理问","1","1","2"
"吏部稽勋司","1","1","2"
"广西兵备佥","1","1","2"
"巡按庞尚鹏","1","1","2"
"按庞尚鹏所","1","1","2"
"八大家文钞","1","1","2"
"大河南北皆","1","1","2"
"河南北皆称","1","1","2"
"南北皆称谢","1","1","2"
"北皆称谢榛","1","1","2"
"皆称谢榛先","1","1","2"
"称谢榛先生","1","1","2"
"王曾孙穆王","1","1","2"
"新词十四阕","1","1","2"
"落笔数千言","2","0","2"
"王世贞所称","1","1","2"
"都督陆炳家","1","1","2"
"杨继盛下吏","2","0","2"
"青州兵备副","1","1","2"
"铜梁张佳胤","1","1","2"
"新蔡张九一","1","1","2"
"昆山俞允文","1","1","2"
"九岁能属文","2","0","2"
"德清胡友信","1","1","2"
"清胡友信齐","1","1","2"
"胡友信齐名","1","1","2"
"授顺德知县","1","1","2"
"守仁封新建","1","1","2"
"仁封新建伯","1","1","2"
"诏赠光禄少","1","1","2"
"参政任环令","1","1","2"
"指挥孔焘分","1","1","2"
"统官民兵三","1","1","2"
"官民兵三千","1","1","2"
"岭南兵备佥","1","1","2"
"南兵备佥事","1","1","2"
"三十七年夏","1","1","2"
"千户唐鼎皆","1","1","2"
"崇明部将樊","1","1","2"
"明部将樊龙","1","1","2"
"部将樊龙杀","1","1","2"
"副使骆日升","1","1","2"
"重庆知府章","1","1","2"
"庆知府章文","1","1","2"
"知府章文炳","1","1","2"
"知县段高选","1","1","2"
"长宁主簿徐","1","1","2"
"宁主簿徐大","1","1","2"
"主簿徐大礼","1","1","2"
"一门死者十","1","1","2"
"门死者十二","1","1","2"
"死者十二人","1","1","2"
"指挥李世勋","1","1","2"
"遣部将张令","1","1","2"
"诏赠都督佥","1","1","2"
"天启二年授","1","1","2"
"启二年授滕","1","1","2"
"二年授滕县","1","1","2"
"年授滕县知","1","1","2"
"授滕县知县","1","1","2"
"延绥巡抚董","1","1","2"
"绥巡抚董国","1","1","2"
"巡抚董国光","1","1","2"
"举隆庆二年","2","0","2"
"庶吉士授编","1","1","2"
"吉士授编修","1","1","2"
"陕西右参议","1","1","2"
"事中薛大中","1","1","2"
"中薛大中特","1","1","2"
"山东巡抚尹","1","1","2"
"东巡抚尹应","1","1","2"
"青州一府官","1","1","2"
"商民吴时奉","1","1","2"
"民吴时奉等","1","1","2"
"督胡宗宪招","1","1","2"
"李成梁诸子","1","1","2"
"公安袁宏道","1","1","2"
"祭酒陶望龄","1","1","2"
"招名士饮酒","1","1","2"
"名士饮酒赋","1","1","2"
"士饮酒赋诗","1","1","2"
"西宁侯宋世","1","1","2"
"宁侯宋世恩","1","1","2"
"尚书陈经邦","1","1","2"
"显卿挟仇诬","1","1","2"
"卿挟仇诬陷","1","1","2"
"衡邀时升入","1","1","2"
"四明谢三宾","1","1","2"
"嘉定四先生","1","1","2"
"定四先生集","1","1","2"
"常熟钱谦益","1","1","2"
"大学士袁炜","1","1","2"
"学士袁炜家","1","1","2"
"黄冈王一鸣","1","1","2"
"督学御史耿","1","1","2"
"学御史耿定","1","1","2"
"四十三年乡","1","1","2"
"十四郡名士","1","1","2"
"二十五年主","1","1","2"
"曹蕃等九人","1","1","2"
"福宁州同知","1","1","2"
"擢少詹事侍","2","0","2"
"仁锡讲求经","1","1","2"
"南安知府张","1","1","2"
"安知府张弼","1","1","2"
"顺天米万钟","1","1","2"
"擢吏部验封","2","0","2"
"立岁终考察","1","1","2"
"岁终考察群","1","1","2"
"终考察群吏","1","1","2"
"考察群吏法","1","1","2"
"迁稽勋郎中","2","0","2"
"三十一年始","1","1","2"
"迁兵部职方","2","0","2"
"东总兵官马","1","1","2"
"天启三年八","1","1","2"
"启三年八月","1","1","2"
"党御史田景","1","1","2"
"南京户部郎","1","1","2"
"京户部郎中","1","1","2"
"按御史王政","1","1","2"
"御史王政新","1","1","2"
"石仓十二代","1","1","2"
"仓十二代诗","1","1","2"
"十二代诗选","1","1","2"
"贵州提学佥","1","1","2"
"州提学佥事","1","1","2"
"李流芳同学","1","1","2"
"集郡中名士","1","1","2"
"兵备参议冯","1","1","2"
"备参议冯元","1","1","2"
"太仓知州周","1","1","2"
"仓知州周仲","1","1","2"
"知州周仲连","1","1","2"
"抚张国维等","1","1","2"
"刑部侍郎蔡","1","1","2"
"部侍郎蔡奕","1","1","2"
"授将乐县训","1","1","2"
"将乐县训导","1","1","2"
"礼部精膳司","1","1","2"
"部精膳司员","1","1","2"
"精膳司员外","1","1","2"
"膳司员外郎","1","1","2"
"间声律大备","1","1","2"
"号九龙山人","1","1","2"
"兄弟皆善书","1","1","2"
"凡金版玉册","1","1","2"
"钱塘戴文进","1","1","2"
"待天下贤者","1","1","2"
"诗文成一家","1","1","2"
"弘治元年冬","1","1","2"
"御史王嵩等","1","1","2"
"太常卿侍读","2","0","2"
"常卿侍读学","2","0","2"
"令东阳会同","1","1","2"
"东阳会同考","1","1","2"
"阳会同考官","1","1","2"
"一旦指名暴","1","1","2"
"宁王宸濠慕","1","1","2"
"化十九年乡","1","1","2"
"十九年乡试","1","1","2"
"授南京考功","1","1","2"
"南京考功主","1","1","2"
"京考功主事","1","1","2"
"中书舍人丁","1","1","2"
"书舍人丁玑","1","1","2"
"请命史官记","1","1","2"
"南京户部左","1","1","2"
"京户部左侍","1","1","2"
"谒尚书邵宝","1","1","2"
"侯张鹤龄招","1","1","2"
"疏中陛下厚","1","1","2"
"中陛下厚张","1","1","2"
"陛下厚张氏","1","1","2"
"刘瑾等八虎","1","1","2"
"西布政司经","1","1","2"
"参政吴廷举","1","1","2"
"遂冠带闲住","2","0","2"
"吴人黄省曾","1","1","2"
"部尚书许进","1","1","2"
"李梦阳下狱","1","1","2"
"廖鹏弟太监","1","1","2"
"授大理左寺","1","1","2"
"大理左寺副","1","1","2"
"复建文帝尊","1","1","2"
"建文帝尊号","1","1","2"
"盗魁三十余","1","1","2"
"里狂生张灵","1","1","2"
"狂生张灵纵","1","1","2"
"生张灵纵酒","1","1","2"
"一年乡试第","1","1","2"
"学士程敏政","1","1","2"
"江阴富人徐","1","1","2"
"阴富人徐经","1","1","2"
"富人徐经贿","1","1","2"
"见高丽使臣","1","1","2"
"太医刘文泰","1","1","2"
"授广平知县","1","1","2"
"镇守太监廖","1","1","2"
"守太监廖堂","1","1","2"
"慕孙太初一","1","1","2"
"孙太初一元","1","1","2"
"正德中进士","1","1","2"
"四川左布政","1","1","2"
"川左布政使","1","1","2"
"靖十六年召","1","1","2"
"福建按察佥","1","1","2"
"建按察佥事","1","1","2"
"陕西布政参","1","1","2"
"西布政参议","1","1","2"
"续文献通考","1","1","2"
"天下名士正","1","1","2"
"下名士正德","1","1","2"
"名士正德十","1","1","2"
"士正德十二","1","1","2"
"武宗下诏南","1","1","2"
"宗下诏南巡","1","1","2"
"同馆舒芬等","1","1","2"
"馆舒芬等七","1","1","2"
"舒芬等七人","1","1","2"
"布政使陈凤","1","1","2"
"政使陈凤梧","1","1","2"
"巡按御史喻","1","1","2"
"按御史喻茂","1","1","2"
"授沔阳知州","1","1","2"
"友人左国玑","1","1","2"
"论江西税使","1","1","2"
"江西税使潘","1","1","2"
"西税使潘相","1","1","2"
"税使潘相擅","1","1","2"
"移驻景德镇","1","1","2"
"诸生王大义","1","1","2"
"生王大义等","1","1","2"
"税使高淮激","1","1","2"
"参将李获阳","1","1","2"
"廷议红丸案","1","1","2"
"天启二年冬","1","1","2"
"侍郎余懋衡","1","1","2"
"太仆少卿刘","1","1","2"
"仆少卿刘弘","1","1","2"
"少卿刘弘谟","1","1","2"
"时魏忠贤势","1","1","2"
"事中薛国观","1","1","2"
"天下四大害","1","1","2"
"谕德吴中行","1","1","2"
"卿沈思孝相","1","1","2"
"沈思孝相继","1","1","2"
"礼部侍郎赵","1","1","2"
"词臣黄洪宪","1","1","2"
"言官唐尧钦","1","1","2"
"渭南知县张","1","1","2"
"南知县张栋","1","1","2"
"事中王三余","1","1","2"
"甥文选员外","1","1","2"
"考功郎程正","1","1","2"
"陕西高弘图","1","1","2"
"山西徐扬先","1","1","2"
"河东刘大受","1","1","2"
"知县石三畏","1","1","2"
"假汪文言发","2","0","2"
"南布政使郭","1","1","2"
"布政使郭尚","1","1","2"
"政使郭尚友","1","1","2"
"史陈九畴受","1","1","2"
"南星十大罪","1","1","2"
"王图等十五","1","1","2"
"图等十五人","1","1","2"
"汪文言狱词","2","0","2"
"下抚按提问","2","0","2"
"郭尚友巡抚","1","1","2"
"尚友巡抚保","1","1","2"
"友巡抚保定","1","1","2"
"外孙王钟庞","1","1","2"
"巡抚牟志夔","1","1","2"
"部尚书张士","1","1","2"
"尚书张士佩","1","1","2"
"通政参议梁","1","1","2"
"政参议梁子","1","1","2"
"参议梁子琦","1","1","2"
"元标复上时","2","0","2"
"标复上时政","2","0","2"
"复上时政六","2","0","2"
"上时政六事","2","0","2"
"臣曩进欲训","2","0","2"
"南京刑部照","1","1","2"
"京刑部照磨","1","1","2"
"书宋纟熏请","1","1","2"
"事中杨文焕","1","1","2"
"刑部尚书石","1","1","2"
"李邦华等十","1","1","2"
"邦华等十八","1","1","2"
"华等十八人","1","1","2"
"仁等十五人","1","1","2"
"京御史王允","1","1","2"
"御史王允成","1","1","2"
"史王允成等","1","1","2"
"年十二月改","1","1","2"
"沈正宗等二","1","1","2"
"正宗等二十","1","1","2"
"宗等二十二","1","1","2"
"集同志讲学","2","0","2"
"御史张讷请","1","1","2"
"贤遂矫旨削","2","0","2"
"瑞王二十三","1","1","2"
"蕴钫等二十","1","1","2"
"钫等二十三","1","1","2"
"御史过廷训","1","1","2"
"御史韩浚等","1","1","2"
"选侍垂帘听","1","1","2"
"侍垂帘听政","1","1","2"
"犯天下名义","1","1","2"
"吏部侍郎盛","1","1","2"
"举万历十七","2","0","2"
"四川佥事张","1","1","2"
"川佥事张世","1","1","2"
"抗疏力驳谬","2","0","2"
"选郎孟化鲤","1","1","2"
"陛下深居九","1","1","2"
"下深居九重","1","1","2"
"臣王锡爵等","1","1","2"
"五十步笑百","1","1","2"
"十步笑百步","1","1","2"
"史吴弘济等","1","1","2"
"天启元年进","2","0","2"
"启元年进少","2","0","2"
"中官卢受主","1","1","2"
"南京御史游","1","1","2"
"京御史游凤","1","1","2"
"御史游凤翔","1","1","2"
"圣太后寿辰","1","1","2"
"受业许孚远","2","0","2"
"高攀龙相继","1","1","2"
"广东提督学","1","1","2"
"东提督学校","1","1","2"
"四川右布政","1","1","2"
"川右布政使","1","1","2"
"永宁奢崇明","1","1","2"
"御史李达征","1","1","2"
"崇明父子请","1","1","2"
"总兵官黄守","1","1","2"
"兵官黄守魁","1","1","2"
"官黄守魁等","1","1","2"
"丞相五府等","1","1","2"
"相五府等官","1","1","2"
"御史薛敷政","1","1","2"
"右布政使周","1","1","2"
"布政使周著","1","1","2"
"登莱副使杨","1","1","2"
"莱副使杨述","1","1","2"
"副使杨述程","1","1","2"
"合安绵副使","1","1","2"
"安绵副使刘","1","1","2"
"续总督四川","1","1","2"
"地三面阻江","2","0","2"
"监军佥事戴","1","1","2"
"军佥事戴君","1","1","2"
"佥事戴君恩","1","1","2"
"令守备金富","1","1","2"
"守备金富廉","1","1","2"
"备金富廉攻","1","1","2"
"获伪丞相何","1","1","2"
"伪丞相何若","1","1","2"
"丞相何若海","1","1","2"
"永宁人李忠","1","1","2"
"宁人李忠臣","1","1","2"
"顺庆推官郭","1","1","2"
"庆推官郭象","1","1","2"
"官郭象仪等","1","1","2"
"贵州安邦彦","1","1","2"
"宣慰使安位","1","1","2"
"陕西汉中五","1","1","2"
"西汉中五府","1","1","2"
"杨述中总督","1","1","2"
"述中总督贵","1","1","2"
"中总督贵州","1","1","2"
"总督贵州军","1","1","2"
"督贵州军务","1","1","2"
"叛将周邦太","1","1","2"
"副总兵秦衍","1","1","2"
"总兵秦衍祚","1","1","2"
"兵秦衍祚等","1","1","2"
"红潦四十八","1","1","2"
"潦四十八砦","1","1","2"
"崇明父子率","1","1","2"
"水西龙场客","1","1","2"
"西龙场客仲","1","1","2"
"龙场客仲坝","1","1","2"
"总兵官李维","1","1","2"
"兵官李维新","1","1","2"
"官李维新等","1","1","2"
"副使李仙品","1","1","2"
"参将林兆鼎","1","1","2"
"将林兆鼎等","1","1","2"
"叙州兵备道","1","1","2"
"总理鲁钦败","2","0","2"
"贵州总督蔡","1","1","2"
"州总督蔡复","1","1","2"
"偏沅巡抚闵","1","1","2"
"沅巡抚闵梦","1","1","2"
"督臣移镇贵","1","1","2"
"臣移镇贵阳","1","1","2"
"云南兵下乌","1","1","2"
"南兵下乌撒","1","1","2"
"副将王国祯","1","1","2"
"川总兵官侯","1","1","2"
"二年八月十","1","1","2"
"年八月十七","1","1","2"
"乌撒安效良","1","1","2"
"撒安效良死","1","1","2"
"臣筑城三十","1","1","2"
"筑城三十六","1","1","2"
"城三十六所","1","1","2"
"将士身经数","1","1","2"
"士身经数百","1","1","2"
"身经数百战","1","1","2"
"威清等上六","1","1","2"
"清等上六卫","1","1","2"
"州土官普名","1","1","2"
"陷弥勒州曲","1","1","2"
"弥勒州曲江","1","1","2"
"勒州曲江所","1","1","2"
"按御史刘宗","1","1","2"
"御史刘宗祥","1","1","2"
"内江牟康民","1","1","2"
"湖广道御史","1","1","2"
"仆少卿徐兆","1","1","2"
"少卿徐兆魁","1","1","2"
"诚意伯刘荩","1","1","2"
"意伯刘荩臣","1","1","2"
"吏部侍郎方","1","1","2"
"部侍郎李养","1","1","2"
"侍郎李养正","1","1","2"
"张光房等五","1","1","2"
"光房等五人","1","1","2"
"苏州同知杨","1","1","2"
"州同知杨姜","1","1","2"
"邹元标讲学","1","1","2"
"辱巡抚袁一","1","1","2"
"巡抚袁一骥","1","1","2"
"御史倪文焕","1","1","2"
"按御史徐吉","1","1","2"
"知县陈文瑞","1","1","2"
"六年六月十","1","1","2"
"年六月十七","1","1","2"
"历数钱梦皋","1","1","2"
"时辽事方棘","2","0","2"
"右通政林材","1","1","2"
"光禄卿李本","1","1","2"
"禄卿李本固","1","1","2"
"劾王德完庇","1","1","2"
"奉圣夫人客","1","1","2"
"圣夫人客氏","1","1","2"
"事中罗尚忠","1","1","2"
"上疏数千言","1","1","2"
"廷臣数十人","2","0","2"
"大学士冯铨","1","1","2"
"门生曹钦程","1","1","2"
"副使蒋英代","1","1","2"
"劾尚书赵秉","1","1","2"
"尚书赵秉忠","1","1","2"
"侍郎牛应元","1","1","2"
"通政丁启睿","1","1","2"
"江西章允儒","1","1","2"
"尚书南师仲","1","1","2"
"山西尹同皋","1","1","2"
"座主郭尚友","1","1","2"
"人利玛窦学","1","1","2"
"辛丑朔日食","2","0","2"
"三十五年成","1","1","2"
"十五年成进","2","0","2"
"东宫伴读王","2","0","2"
"宫伴读王安","2","0","2"
"大臣周嘉谟","1","1","2"
"奴才皇帝召","1","1","2"
"仆少卿徐养","1","1","2"
"少卿徐养量","1","1","2"
"光斗上疏请","1","1","2"
"九卿科道议","1","1","2"
"降谕言选侍","2","0","2"
"选侍气殴圣","2","0","2"
"侍气殴圣母","2","0","2"
"敬述移宫始","1","1","2"
"述移宫始末","1","1","2"
"东厂太监魏","1","1","2"
"厂太监魏忠","1","1","2"
"甥傅应星等","1","1","2"
"生员章士魁","1","1","2"
"北镇抚刘侨","1","1","2"
"中魏大中遵","1","1","2"
"魏大中遵旨","1","1","2"
"前奸细韩宗","1","1","2"
"奸细韩宗功","1","1","2"
"细韩宗功潜","1","1","2"
"韩宗功潜入","1","1","2"
"宗功潜入长","1","1","2"
"功潜入长安","1","1","2"
"大理丞徐大","1","1","2"
"理丞徐大化","1","1","2"
"光斗党同伐","1","1","2"
"斗党同伐异","1","1","2"
"文言仰天大","1","1","2"
"获假印七十","1","1","2"
"然后进慈庆","1","1","2"
"慎守典礼肃","1","1","2"
"宫奴刘逊等","1","1","2"
"言官魏应嘉","1","1","2"
"官魏应嘉等","1","1","2"
"东厂理刑傅","1","1","2"
"厂理刑傅继","1","1","2"
"理刑傅继教","1","1","2"
"魏广微三十","1","1","2"
"广微三十二","1","1","2"
"五年七月二","1","1","2"
"都御史周应","1","1","2"
"光斗右都御","1","1","2"
"斗右都御史","1","1","2"
"事中朱钦相","1","1","2"
"劾大学士沈","1","1","2"
"追论郑国泰","1","1","2"
"太常少卿王","1","1","2"
"常少卿王绍","1","1","2"
"少卿王绍徽","1","1","2"
"巡抚王象恒","1","1","2"
"江巡抚刘一","1","1","2"
"事中甄淑等","1","1","2"
"结保姆客氏","1","1","2"
"谢应祥巡抚","1","1","2"
"应祥巡抚山","1","1","2"
"祥巡抚山西","1","1","2"
"职方郎一人","1","1","2"
"方郎一人专","1","1","2"
"事中二人专","1","1","2"
"雄县知县王","1","1","2"
"县知县王纳","1","1","2"
"知县王纳谏","1","1","2"
"事中毛士龙","1","1","2"
"事御史惠世","1","1","2"
"御史惠世扬","1","1","2"
"王化贞弃广","2","0","2"
"汪文言狱中","2","0","2"
"杨涟等五人","1","1","2"
"三年五月初","1","1","2"
"年五月初四","1","1","2"
"东华门守卫","1","1","2"
"华门守卫指","1","1","2"
"门守卫指挥","1","1","2"
"守卫指挥朱","1","1","2"
"卫指挥朱雄","1","1","2"
"指挥朱雄等","1","1","2"
"巡皇城御史","1","1","2"
"皇城御史刘","1","1","2"
"城御史刘廷","1","1","2"
"刑部山东司","1","1","2"
"部山东司郎","1","1","2"
"山东司郎中","1","1","2"
"东司郎中胡","1","1","2"
"司郎中胡士","1","1","2"
"员外郎赵会","1","1","2"
"外郎赵会桢","1","1","2"
"署印侍郎张","1","1","2"
"印侍郎张问","1","1","2"
"侍郎张问达","1","1","2"
"九卿科道三","1","1","2"
"卿科道三法","1","1","2"
"科道三法司","1","1","2"
"道三法司会","1","1","2"
"行人司正陆","1","1","2"
"人司正陆大","1","1","2"
"司正陆大受","1","1","2"
"户部主事张","1","1","2"
"部主事张庭","1","1","2"
"御史过庭训","1","1","2"
"知州戚延龄","1","1","2"
"户王曰乾上","1","1","2"
"外廷议论纷","1","1","2"
"事中徐绍吉","1","1","2"
"先帝大仇未","2","0","2"
"帝大仇未复","2","0","2"
"大仇未复者","2","0","2"
"外戚郑国泰","1","1","2"
"戚郑国泰私","1","1","2"
"寺臣王士昌","1","1","2"
"入汪文言狱","2","0","2"
"郑国泰二万","1","1","2"
"府尹刘志选","1","1","2"
"南京小教场","1","1","2"
"京小教场坐","1","1","2"
"小教场坐营","1","1","2"
"江西人岳凤","1","1","2"
"宣抚多士宁","1","1","2"
"南甸土舍刀","1","1","2"
"甸土舍刀落","1","1","2"
"土舍刀落参","1","1","2"
"芒市土舍放","1","1","2"
"市土舍放正","1","1","2"
"土舍放正堂","1","1","2"
"率象兵数十","1","1","2"
"象兵数十万","1","1","2"
"挥吴继勋等","1","1","2"
"邓川土官知","1","1","2"
"川土官知州","1","1","2"
"土官知州何","1","1","2"
"官知州何钰","1","1","2"
"大征汉土军","2","0","2"
"令参政赵睿","1","1","2"
"佥事杨际熙","1","1","2"
"监军副使傅","1","1","2"
"军副使傅宠","1","1","2"
"督参将胡大","1","1","2"
"参将胡大宾","1","1","2"
"将胡大宾等","1","1","2"
"大小十余战","2","0","2"
"总高国春率","1","1","2"
"纵部将谢世","1","1","2"
"部将谢世禄","1","1","2"
"将谢世禄等","1","1","2"
"监司程正谊","1","1","2"
"裨将刘绍桂","1","1","2"
"綎直捣继荣","1","1","2"
"五军三营参","1","1","2"
"军三营参将","1","1","2"
"七千六百人","1","1","2"
"部将周国柱","1","1","2"
"监军参政王","1","1","2"
"军参政王士","1","1","2"
"参政王士琦","1","1","2"
"川总兵官万","1","1","2"
"总兵官万鏊","1","1","2"
"直抵娄山关","1","1","2"
"守备陈大刚","1","1","2"
"天全招讨杨","1","1","2"
"全招讨杨愈","1","1","2"
"逼海龙囤下","1","1","2"
"御史崔景荣","1","1","2"
"史崔景荣家","1","1","2"
"世荫指挥使","2","0","2"
"讨贼总兵官","1","1","2"
"大小五十六","1","1","2"
"马湖知府詹","1","1","2"
"湖知府詹淑","1","1","2"
"副使康应乾","1","1","2"
"使康应乾监","1","1","2"
"游击乔一琦","1","1","2"
"綎深入三百","2","0","2"
"大清兵乘势","1","1","2"
"清兵乘势追","1","1","2"
"兵乘势追击","1","1","2"
"养子刘招孙","1","1","2"
"朝鲜都元帅","1","1","2"
"鲜都元帅姜","1","1","2"
"都元帅姜弘","1","1","2"
"元帅姜弘立","1","1","2"
"副元帅金景","1","1","2"
"元帅金景瑞","1","1","2"
"广西思恩参","1","1","2"
"西思恩参将","1","1","2"
"总兵王尚文","1","1","2"
"兵王尚文大","1","1","2"
"南京左府佥","1","1","2"
"京左府佥事","1","1","2"
"副将吴子忠","1","1","2"
"将吴子忠击","1","1","2"
"吴子忠击破","1","1","2"
"子忠击破丢","1","1","2"
"忠击破丢骨","1","1","2"
"热衣气力偏","1","1","2"
"衣气力偏手","1","1","2"
"气力偏手钱","1","1","2"
"故总兵郭成","2","0","2"
"参将朱文达","1","1","2"
"贼者徒手立","2","0","2"
"守备曹希彬","1","1","2"
"求偏头结赛","1","1","2"
"魁三十余人","1","1","2"
"邛部黑骨夷","1","1","2"
"副使周光镐","1","1","2"
"使周光镐监","1","1","2"
"磨砦七板番","1","1","2"
"材官高逢胜","1","1","2"
"大小七板番","1","1","2"
"令都指挥李","1","1","2"
"都指挥李献","1","1","2"
"指挥李献忠","1","1","2"
"挥李献忠等","1","1","2"
"一千六百九","1","1","2"
"千六百九十","1","1","2"
"佥书南京右","2","0","2"
"书南京右府","2","0","2"
"二十八年大","1","1","2"
"副将陈寅等","1","1","2"
"四牌高囤下","1","1","2"
"直捣龙水囤","1","1","2"
"徒石胜俸等","1","1","2"
"石胜俸等率","1","1","2"
"黄滩三十里","1","1","2"
"遵义知县萧","1","1","2"
"义知县萧鸣","1","1","2"
"知县萧鸣世","1","1","2"
"副使傅光宅","1","1","2"
"副将李成立","1","1","2"
"将李成立战","1","1","2"
"李成立战败","1","1","2"
"督殷正茂请","1","1","2"
"肇庆游击将","1","1","2"
"庆游击将军","1","1","2"
"督凌云翼将","1","1","2"
"东安参将事","1","1","2"
"璘大兴土木","1","1","2"
"御史罗应鹤","1","1","2"
"神机七营参","1","1","2"
"机七营参将","1","1","2"
"游击马文焕","1","1","2"
"遣子龙偕朝","2","0","2"
"子龙偕朝鲜","2","0","2"
"七牌野猪山","1","1","2"
"斩首一千九","1","1","2"
"攻克大小三","1","1","2"
"克大小三渡","1","1","2"
"大小三渡关","1","1","2"
"独水西安疆","1","1","2"
"水西安疆臣","1","1","2"
"洪州司特峒","1","1","2"
"州司特峒寨","1","1","2"
"偏沅巡抚江","1","1","2"
"沅巡抚江铎","1","1","2"
"巡抚江铎命","1","1","2"
"铎移驻靖州","1","1","2"
"副将李遇文","1","1","2"
"将李遇文等","1","1","2"
"天浦四十八","1","1","2"
"浦四十八寨","1","1","2"
"入古州毛洞","1","1","2"
"广西上岩山","1","1","2"
"指挥徐时达","1","1","2"
"挥徐时达诱","1","1","2"
"游击沈弘猷","1","1","2"
"击沈弘猷等","1","1","2"
"大帅张元勋","1","1","2"
"帅张元勋讨","1","1","2"
"张元勋讨平","1","1","2"
"元勋讨平巨","1","1","2"
"勋讨平巨盗","1","1","2"
"讨平巨盗赖","1","1","2"
"平巨盗赖元","1","1","2"
"巨盗赖元爵","1","1","2"
"铜鼓石守备","1","1","2"
"引渡查理江","1","1","2"
"湾甸土知州","1","1","2"
"甸土知州景","1","1","2"
"土知州景宗","1","1","2"
"知州景宗真","1","1","2"
"百三十余人","2","0","2"
"总高国春大","1","1","2"
"巡抚吴定请","1","1","2"
"招降六千六","1","1","2"
"降六千六百","1","1","2"
"六千六百人","1","1","2"
"金山参将事","1","1","2"
"猛广土官思","1","1","2"
"广土官思仁","1","1","2"
"土同知思纪","1","1","2"
"朝鲜统制使","1","1","2"
"鲜统制使李","1","1","2"
"统制使李舜","1","1","2"
"制使李舜臣","1","1","2"
"清波故道南","1","1","2"
"波故道南下","1","1","2"
"大学士吴道","1","1","2"
"学士吴道南","1","1","2"
"王化贞弃城","1","1","2"
"登莱监军梁","1","1","2"
"蓟州兵备邵","1","1","2"
"廷弼经略辽","2","0","2"
"弼经略辽东","2","0","2"
"卫山海卫京","2","0","2"
"山海卫京师","2","0","2"
"奏记首辅叶","2","0","2"
"记首辅叶向","2","0","2"
"旧城四万人","1","1","2"
"监司邢慎言","1","1","2"
"五城七十二","1","1","2"
"城七十二堡","1","1","2"
"哈喇慎诸部","2","0","2"
"前哨游击左","1","1","2"
"哨游击左辅","1","1","2"
"游击左辅名","1","1","2"
"职方主事鹿","1","1","2"
"令总兵江应","1","1","2"
"总兵江应诏","1","1","2"
"司务孙元化","1","1","2"
"中书舍人宋","1","1","2"
"书舍人宋献","1","1","2"
"羽林经历程","1","1","2"
"宁道佥事万","1","1","2"
"游击祖大寿","1","1","2"
"副将李承先","1","1","2"
"参将杨应乾","1","1","2"
"等四十五人","1","1","2"
"巡关御史潘","1","1","2"
"关御史潘云","1","1","2"
"御史潘云翼","1","1","2"
"副将茅元仪","1","1","2"
"率教捕斩四","2","0","2"
"教捕斩四人","2","0","2"
"事中解学龙","1","1","2"
"广宁理饷同","1","1","2"
"宁理饷同知","1","1","2"
"时宁远城工","1","1","2"
"官刘应坤等","1","1","2"
"承宗拥兵数","1","1","2"
"宗拥兵数万","1","1","2"
"次辅顾秉谦","1","1","2"
"中郭兴治请","1","1","2"
"副将李秉诚","1","1","2"
"支六十八万","1","1","2"
"练兵十一万","1","1","2"
"前锋后劲营","1","1","2"
"锋后劲营八","1","1","2"
"拓地四百里","2","0","2"
"朕总督京城","1","1","2"
"总督京城内","1","1","2"
"督京城内外","1","1","2"
"保定巡抚解","1","1","2"
"定巡抚解经","1","1","2"
"巡抚解经传","1","1","2"
"总兵杨国栋","1","1","2"
"遣游击尤岱","1","1","2"
"副将刘国柱","1","1","2"
"密云兵三千","1","1","2"
"保定兵五千","1","1","2"
"见崇焕下吏","2","0","2"
"部万五千人","2","0","2"
"遣都司贾登","1","1","2"
"都司贾登科","1","1","2"
"令游击石柱","1","1","2"
"游击石柱国","1","1","2"
"遣世龙驰谕","2","0","2"
"大寿敛兵待","2","0","2"
"寿敛兵待命","2","0","2"
"法等率骑兵","1","1","2"
"等率骑兵四","1","1","2"
"率骑兵四营","1","1","2"
"副将官惟贤","1","1","2"
"将官惟贤等","1","1","2"
"副将王维城","1","1","2"
"将王维城等","1","1","2"
"令大将王威","1","1","2"
"三协十二路","1","1","2"
"大凌河二城","1","1","2"
"禾嘉巡抚辽","1","1","2"
"嘉巡抚辽东","1","1","2"
"守将祖大寿","1","1","2"
"将祖大寿力","1","1","2"
"东厂太监李","1","1","2"
"厂太监李浚","1","1","2"
"通政参议召","1","1","2"
"应山杨涟首","1","1","2"
"逆党梁克顺","1","1","2"
"党梁克顺诬","1","1","2"
"参将孙怀忠","1","1","2"
"将孙怀忠等","1","1","2"
"帝追叙甘肃","1","1","2"
"追叙甘肃前","1","1","2"
"叙甘肃前后","1","1","2"
"福建右参议","1","1","2"
"斩首二百四","1","1","2"
"首二百四十","1","1","2"
"燮元总督川","1","1","2"
"孔德反山东","2","0","2"
"论四川桃红","1","1","2"
"四川桃红坝","1","1","2"
"两京尚宝卿","1","1","2"
"葛沽数十里","1","1","2"
"张叉站冲浅","1","1","2"
"西平守将罗","1","1","2"
"平守将罗一","1","1","2"
"守将罗一贯","1","1","2"
"方御史保全","1","1","2"
"御史保全山","1","1","2"
"史保全山海","1","1","2"
"进右布政使","2","0","2"
"巡抚余大成","1","1","2"
"发大学士刘","1","1","2"
"遣中军沈廷","1","1","2"
"中军耿仲明","1","1","2"
"都司陈光福","1","1","2"
"司陈光福等","1","1","2"
"参议宋光兰","1","1","2"
"知县吴世扬","1","1","2"
"兵杨御蕃等","1","1","2"
"通州副总兵","1","1","2"
"书熊明遇奏","1","1","2"
"保定总兵刘","1","1","2"
"定总兵刘国","1","1","2"
"总兵刘国柱","1","1","2"
"天津总兵王","1","1","2"
"津总兵王洪","1","1","2"
"知州陈所问","1","1","2"
"命主事张国","1","1","2"
"主事张国臣","1","1","2"
"一鲸入贼营","2","0","2"
"元化断送登","1","1","2"
"设总督一人","1","1","2"
"右侍郎刘宇","1","1","2"
"右布政使杨","1","1","2"
"布政使杨作","1","1","2"
"按御史王道","1","1","2"
"义勇副将刘","1","1","2"
"勇副将刘泽","1","1","2"
"新兵参将刘","1","1","2"
"兵参将刘永","1","1","2"
"参将刘永昌","1","1","2"
"监纪推官汪","1","1","2"
"纪推官汪惟","1","1","2"
"推官汪惟效","1","1","2"
"官汪惟效等","1","1","2"
"副将吴安邦","1","1","2"
"将吴安邦代","1","1","2"
"中军徐树声","1","1","2"
"天津旧将孙","1","1","2"
"津旧将孙应","1","1","2"
"旧将孙应龙","1","1","2"
"巡抚郑宗周","1","1","2"
"莱州推官屈","1","1","2"
"州推官屈宜","1","1","2"
"推官屈宜阳","1","1","2"
"官屈宜阳请","1","1","2"
"营将严正中","1","1","2"
"东川土酋禄","1","1","2"
"川土酋禄千","1","1","2"
"土酋禄千钟","1","1","2"
"参政谢存仁","1","1","2"
"宗龙直渡盘","1","1","2"
"龙直渡盘江","1","1","2"
"巡抚蔡复一","1","1","2"
"四万八千人","1","1","2"
"十年十月流","1","1","2"
"年十月流寇","1","1","2"
"十月流寇大","1","1","2"
"巡抚方孔","2","0","2"
"蓟辽总督洪","1","1","2"
"辽总督洪承","1","1","2"
"团练总兵官","1","1","2"
"保督杨文岳","2","0","2"
"一骑驰告曰","2","0","2"
"军决一死战","1","1","2"
"召裨校李本","1","1","2"
"裨校李本实","1","1","2"
"三边总督傅","1","1","2"
"边总督傅宗","1","1","2"
"襄城人张永","1","1","2"
"城人张永祺","1","1","2"
"人张永祺等","1","1","2"
"城东四十里","1","1","2"
"崇祯八年秋","1","1","2"
"陕西巡抚甘","1","1","2"
"西巡抚甘学","1","1","2"
"巡抚甘学阔","1","1","2"
"贼首整齐王","1","1","2"
"河南贼马进","2","0","2"
"南贼马进忠","2","0","2"
"刘国能等十","1","1","2"
"国能等十七","1","1","2"
"能等十七部","1","1","2"
"副将盛略等","1","1","2"
"课银十四万","1","1","2"
"银十四万五","1","1","2"
"饷银二十三","1","1","2"
"传庭分兵五","1","1","2"
"闯王李成者","2","0","2"
"祯十一年春","1","1","2"
"嗣昌相继败","1","1","2"
"问剿贼安民","1","1","2"
"援剿总兵贺","1","1","2"
"剿总兵贺人","1","1","2"
"参将黑尚仁","1","1","2"
"总兵牛成虎","1","1","2"
"牛成虎将前","2","0","2"
"高杰将中军","2","0","2"
"四天王李养","1","1","2"
"天王李养纯","1","1","2"
"伪果毅将军","1","1","2"
"果毅将军谢","1","1","2"
"毅将军谢君","1","1","2"
"将军谢君友","1","1","2"
"监军副使乔","1","1","2"
"军副使乔迁","1","1","2"
"副使乔迁高","1","1","2"
"继妻张夫人","1","1","2"
"天津兵备佥","1","1","2"
"津兵备佥事","1","1","2"
"时熊文灿总","1","1","2"
"文灿总理南","1","1","2"
"灿总理南畿","1","1","2"
"死贼顺天王","1","1","2"
"荆楚第一功","1","1","2"
"凤阳总督朱","1","1","2"
"阳总督朱大","1","1","2"
"参将王嘉谟","1","1","2"
"将王嘉谟等","1","1","2"
"部将陈治等","1","1","2"
"统兵入卫京","1","1","2"
"兵入卫京师","1","1","2"
"副将陈尚智","1","1","2"
"将陈尚智扼","1","1","2"
"陈尚智扼守","1","1","2"
"尚智扼守河","1","1","2"
"智扼守河津","1","1","2"
"按御史汪宗","1","1","2"
"御史汪宗友","1","1","2"
"史汪宗友上","1","1","2"
"召集陈尚智","1","1","2"
"监司毛文炳","1","1","2"
"太原知府孙","1","1","2"
"原知府孙康","1","1","2"
"知府孙康周","1","1","2"
"长史范志泰","1","1","2"
"史范志泰等","1","1","2"
"范志泰等官","1","1","2"
"志泰等官吏","1","1","2"
"泰等官吏军","1","1","2"
"等官吏军民","1","1","2"
"召中军副总","1","1","2"
"中军副总兵","1","1","2"
"军副总兵应","1","1","2"
"副总兵应时","1","1","2"
"总兵应时盛","1","1","2"
"友人贾士璋","1","1","2"
"臣失守封疆","1","1","2"
"都司王世虎","1","1","2"
"守备姚进忠","1","1","2"
"备姚进忠战","1","1","2"
"姚进忠战死","1","1","2"
"绥德知州周","1","1","2"
"德知州周士","1","1","2"
"知州周士奇","1","1","2"
"守备孙守法","1","1","2"
"巡抚戴君恩","1","1","2"
"七年正月迎","1","1","2"
"年正月迎春","1","1","2"
"加署都督佥","2","0","2"
"孤山副总兵","1","1","2"
"督洪承畴迫","1","1","2"
"副将刘成功","1","1","2"
"游击王锡命","1","1","2"
"蓟镇中协总","1","1","2"
"镇中协总兵","1","1","2"
"中协总兵官","1","1","2"
"统舟师下云","2","0","2"
"舟师下云阳","2","0","2"
"将刘士杰勇","1","1","2"
"刘士杰勇敢","1","1","2"
"分守参议艾","1","1","2"
"守参议艾毓","1","1","2"
"参议艾毓初","1","1","2"
"南阳知县姚","1","1","2"
"阳知县姚运","1","1","2"
"知县姚运熙","1","1","2"
"建昌营参将","1","1","2"
"调守墙子路","1","1","2"
"山海中部副","1","1","2"
"海中部副总","1","1","2"
"中部副总兵","1","1","2"
"大帅满桂赴","1","1","2"
"帅满桂赴援","1","1","2"
"宁远总兵官","1","1","2"
"远总兵官吴","1","1","2"
"总兵官吴襄","1","1","2"
"副将张外嘉","1","1","2"
"将张外嘉统","1","1","2"
"雒南兰草川","1","1","2"
"游击刘肇基","1","1","2"
"弟世禄赴京","1","1","2"
"时巡抚张凤","1","1","2"
"巡抚张凤翼","1","1","2"
"布政使都任","1","1","2"
"集副将惠显","1","1","2"
"参将刘廷杰","1","1","2"
"将刘廷杰等","1","1","2"
"延绥总兵李","1","1","2"
"绥总兵李昌","1","1","2"
"总兵李昌龄","1","1","2"
"然后约宁夏","1","1","2"
"侯世禄父子","1","1","2"
"潮河川守备","1","1","2"
"镐四路师败","2","0","2"
"石塘路游击","1","1","2"
"喜峰口参将","1","1","2"
"士孙承宗行","2","0","2"
"孙承宗行边","2","0","2"
"关修复宁远","1","1","2"
"桂总兵尤世","2","0","2"
"前部赵率教","1","1","2"
"部赵率教相","1","1","2"
"赵率教相掎","1","1","2"
"率教相掎角","1","1","2"
"督饷郎中杨","1","1","2"
"副将徐涟激","1","1","2"
"发西洋红夷","1","1","2"
"实授总兵官","2","0","2"
"桂挂印移镇","1","1","2"
"赐尚方剑重","2","0","2"
"副将尤世威","1","1","2"
"将尤世威等","1","1","2"
"蒙古炒花诸","2","0","2"
"古炒花诸部","2","0","2"
"大同总兵渠","1","1","2"
"同总兵渠家","1","1","2"
"总兵渠家桢","1","1","2"
"巡抚张翼明","1","1","2"
"八路七十二","1","1","2"
"宣府总兵侯","1","1","2"
"府总兵侯世","1","1","2"
"总兵侯世禄","1","1","2"
"副将申甫所","1","1","2"
"桂祖寿战死","2","0","2"
"收复前屯卫","1","1","2"
"复前屯卫城","1","1","2"
"招抚佥事万","1","1","2"
"告兵部尚书","1","1","2"
"世荫本卫副","1","1","2"
"荫本卫副千","1","1","2"
"本卫副千户","1","1","2"
"中左所三城","1","1","2"
"崇祯元年八","1","1","2"
"祯元年八月","1","1","2"
"辖蓟镇八路","1","1","2"
"挂平辽将军","1","1","2"
"大安口南下","1","1","2"
"刑二部尚书","1","1","2"
"二部尚书李","1","1","2"
"事中张凤翔","1","1","2"
"中张凤翔迎","1","1","2"
"通鉴纲目前","1","1","2"
"鉴纲目前编","1","1","2"
"海寇李旦等","1","1","2"
"劾郎中王守","1","1","2"
"郎中王守履","1","1","2"
"中王守履失","1","1","2"
"王守履失职","1","1","2"
"兵部郎中王","1","1","2"
"部郎中王建","1","1","2"
"礼部主事居","1","1","2"
"部主事居业","1","1","2"
"巡抚李仙风","1","1","2"
"募死士杀贼","1","1","2"
"副将陈永福","1","1","2"
"将陈永福背","1","1","2"
"陈永福背城","1","1","2"
"襄阳兵备副","1","1","2"
"阳兵备副使","1","1","2"
"兵备副使张","1","1","2"
"备副使张克","1","1","2"
"辖平贼等镇","1","1","2"
"东总兵官刘","1","1","2"
"总兵官刘泽","1","1","2"
"兵官刘泽清","1","1","2"
"同知苏茂灼","1","1","2"
"通判彭士奇","1","1","2"
"推官黄澍等","1","1","2"
"巡按御史严","1","1","2"
"按御史严云","1","1","2"
"御史严云京","1","1","2"
"佳丽甲中州","1","1","2"
"名衡巡抚河","1","1","2"
"衡巡抚河南","1","1","2"
"容城举人孙","1","1","2"
"城举人孙奇","1","1","2"
"举人孙奇逢","1","1","2"
"借巡视蓟门","1","1","2"
"天启元年乡","1","1","2"
"启元年乡试","1","1","2"
"元年乡试第","1","1","2"
"永平副总兵","1","1","2"
"三屯营总兵","1","1","2"
"屯营总兵官","1","1","2"
"调总兵王世","1","1","2"
"总兵王世钦","1","1","2"
"巡抚喻安性","1","1","2"
"袁崇焕东巡","1","1","2"
"崇焕东巡广","1","1","2"
"焕东巡广宁","1","1","2"
"世龙误信降","1","1","2"
"龙误信降人","1","1","2"
"误信降人刘","1","1","2"
"信降人刘伯","1","1","2"
"参将李承先","1","1","2"
"将李承先率","1","1","2"
"令戴罪图功","2","0","2"
"职方主事徐","1","1","2"
"方主事徐日","1","1","2"
"主事徐日久","1","1","2"
"滦州四城失","1","1","2"
"州四城失守","1","1","2"
"中张第元上","1","1","2"
"参将卜应第","1","1","2"
"副将娄光先","1","1","2"
"将娄光先等","1","1","2"
"娄光先等分","1","1","2"
"光先等分五","1","1","2"
"巡抚王振奇","1","1","2"
"世袭南京羽","1","1","2"
"袭南京羽林","1","1","2"
"南京羽林左","1","1","2"
"京羽林左卫","1","1","2"
"羽林左卫千","1","1","2"
"林左卫千户","1","1","2"
"二十九年武","1","1","2"
"浙江都司佥","1","1","2"
"江都司佥书","1","1","2"
"税监鲁保死","1","1","2"
"广东高肇参","1","1","2"
"东高肇参将","1","1","2"
"副使蔡献臣","1","1","2"
"登莱总兵官","1","1","2"
"登州副总兵","1","1","2"
"设登莱巡抚","1","1","2"
"阴霾国事非","1","1","2"
"宣抚使马千","1","1","2"
"抚使马千乘","1","1","2"
"良玉统精卒","2","0","2"
"副将周国柱","1","1","2"
"良玉夫妇首","1","1","2"
"军直取桑木","1","1","2"
"直取桑木关","1","1","2"
"南川路战功","1","1","2"
"川路战功第","1","1","2"
"路战功第一","1","1","2"
"总兵李维新","1","1","2"
"抚王三善抵","1","1","2"
"永平四城失","1","1","2"
"平四城失守","1","1","2"
"筑大凌河城","1","1","2"
"捷春提弱卒","2","0","2"
"春提弱卒二","2","0","2"
"提弱卒二万","2","0","2"
"弱卒二万守","2","0","2"
"卒二万守重","2","0","2"
"二万守重庆","2","0","2"
"绵州知州陆","1","1","2"
"州知州陆逊","1","1","2"
"遣张令守黄","1","1","2"
"张令守黄泥","1","1","2"
"令守黄泥洼","1","1","2"
"巡抚陈士奇","1","1","2"
"崇祯二年冬","1","1","2"
"袁崇焕入卫","1","1","2"
"崇焕入卫京","1","1","2"
"参将王承胤","1","1","2"
"大堑山转战","1","1","2"
"延绥东路副","1","1","2"
"绥东路副总","1","1","2"
"东路副总兵","1","1","2"
"延绥总兵王","1","1","2"
"绥总兵王承","1","1","2"
"总兵王承恩","1","1","2"
"榆林参政张","1","1","2"
"林参政张福","1","1","2"
"参政张福臻","1","1","2"
"副将张弘业","1","1","2"
"李明辅战死","1","1","2"
"甘肃总兵杨","1","1","2"
"肃总兵杨嘉","1","1","2"
"总兵杨嘉谟","1","1","2"
"副将王性善","1","1","2"
"将王性善扼","1","1","2"
"甘肃副将李","1","1","2"
"肃副将李鸿","1","1","2"
"副将李鸿嗣","1","1","2"
"百二十余级","2","0","2"
"副将蒋一阳","1","1","2"
"退保铁角城","1","1","2"
"参将方茂功","1","1","2"
"将方茂功等","1","1","2"
"方茂功等追","1","1","2"
"宁夏总兵贺","1","1","2"
"夏总兵贺虎","1","1","2"
"固原总兵杨","1","1","2"
"原总兵杨麒","1","1","2"
"甘泉虎兕凹","1","1","2"
"耀州锥子山","1","1","2"
"巡抚御史范","1","1","2"
"抚御史范复","1","1","2"
"御史范复粹","1","1","2"
"三万六千六","1","1","2"
"按御史吴甡","2","0","2"
"御史张宸极","1","1","2"
"遣谋士张宰","1","1","2"
"知县徐明扬","1","1","2"
"御史刘令誉","1","1","2"
"土官马凤仪","1","1","2"
"大清兵西征","1","1","2"
"清兵西征插","1","1","2"
"兵西征插汉","1","1","2"
"督张宗衡先","1","1","2"
"张宗衡先驻","1","1","2"
"巡抚胡沾恩","1","1","2"
"山西巡抚吴","1","1","2"
"荐文诏知兵","1","1","2"
"文诏知兵善","1","1","2"
"诏知兵善战","1","1","2"
"阌乡取山路","1","1","2"
"都司白广恩","1","1","2"
"司白广恩等","1","1","2"
"变蛟勇冠三","1","1","2"
"蛟勇冠三军","1","1","2"
"前锋中军刘","1","1","2"
"锋中军刘弘","1","1","2"
"中军刘弘烈","1","1","2"
"文诏左右跳","1","1","2"
"诏左右跳荡","1","1","2"
"手击杀数十","2","0","2"
"前锋营副将","1","1","2"
"十一年班师","1","1","2"
"扼守槐树关","1","1","2"
"汝才丰邑坪","2","0","2"
"平阳守将陈","1","1","2"
"阳守将陈尚","1","1","2"
"守将陈尚智","1","1","2"
"宣府总兵王","1","1","2"
"府总兵王承","1","1","2"
"总兵王承荫","1","1","2"
"革里眼等五","1","1","2"
"里眼等五营","1","1","2"
"闯世王马武","1","1","2"
"三鹞子王兴","1","1","2"
"鹞子王兴国","1","1","2"
"登莱总兵黄","1","1","2"
"莱总兵黄蜚","1","1","2"
"副将胡茂桢","1","1","2"
"杰决一死战","1","1","2"
"建昌府推官","1","1","2"
"二百七十余","2","0","2"
"救刘宗周下","1","1","2"
"隐士刘宗周","1","1","2"
"士刘宗周吟","1","1","2"
"辽总督王永","1","1","2"
"宁远吴三桂","1","1","2"
"宁远五十万","1","1","2"
"京国子监博","1","1","2"
"侍郎迁安郭","1","1","2"
"郎迁安郭巩","1","1","2"
"事中姚思孝","1","1","2"
"金银铜锡矿","1","1","2"
"福建巡抚熊","1","1","2"
"建巡抚熊文","1","1","2"
"九十二万九","1","1","2"
"山西总兵王","1","1","2"
"西总兵王忠","1","1","2"
"总兵张全昌","1","1","2"
"嗣昌建四正","2","0","2"
"昌建四正六","2","0","2"
"建四正六隅","2","0","2"
"年十二月明","1","1","2"
"河南常道立","1","1","2"
"湖广余应桂","1","1","2"
"陕西孙传庭","1","1","2"
"江南张国维","1","1","2"
"江西解学龙","1","1","2"
"浙江喻思恂","1","1","2"
"凤阳朱大典","1","1","2"
"御史林兰友","1","1","2"
"史林兰友相","1","1","2"
"林兰友相继","1","1","2"
"南京御史成","1","1","2"
"京御史成勇","1","1","2"
"书范景文等","1","1","2"
"保定总督吴","1","1","2"
"定总督吴阿","1","1","2"
"劾嗣昌误国","2","0","2"
"事中李希沆","1","1","2"
"御史王志举","1","1","2"
"王洽下狱死","1","1","2"
"荐四川巡抚","1","1","2"
"四川巡抚傅","1","1","2"
"川巡抚傅宗","1","1","2"
"巡抚傅宗龙","1","1","2"
"抚傅宗龙代","1","1","2"
"蓟镇总监邓","1","1","2"
"镇总监邓希","1","1","2"
"总监邓希诏","1","1","2"
"分监孙茂霖","1","1","2"
"顺天陈祖苞","1","1","2"
"蓟镇吴国俊","1","1","2"
"山西三镇兵","1","1","2"
"七万八千八","1","1","2"
"万八千八百","1","1","2"
"昌平督治二","1","1","2"
"副将杨德政","1","1","2"
"督饷侍郎张","1","1","2"
"饷侍郎张伯","1","1","2"
"侍郎张伯鲸","1","1","2"
"郎张伯鲸请","1","1","2"
"大学士薛国","1","1","2"
"学士薛国观","1","1","2"
"七百三十万","1","1","2"
"六百七十万","1","1","2"
"才等九营皆","2","0","2"
"等九营皆反","2","0","2"
"御制赠行诗","1","1","2"
"制赠行诗一","1","1","2"
"赠行诗一章","1","1","2"
"二十九日抵","1","1","2"
"嗣昌大誓三","1","1","2"
"昌大誓三军","1","1","2"
"千七百五十","1","1","2"
"兴世王王国","1","1","2"
"世王王国宁","1","1","2"
"表良玉平贼","2","0","2"
"惠登相等八","1","1","2"
"登相等八营","1","1","2"
"监军佥事殷","1","1","2"
"军佥事殷大","1","1","2"
"佥事殷大白","1","1","2"
"永州推官万","1","1","2"
"州推官万元","1","1","2"
"三年二月七","1","1","2"
"年二月七日","1","1","2"
"陕西副将贺","1","1","2"
"西副将贺人","1","1","2"
"三千六百二","1","1","2"
"党扫地王曹","1","1","2"
"地王曹威等","1","1","2"
"十反王杨友","1","1","2"
"反王杨友贤","1","1","2"
"王杨友贤率","1","1","2"
"杨友贤率众","1","1","2"
"安抚官姚宗","1","1","2"
"抚官姚宗中","1","1","2"
"郧阳抚治王","1","1","2"
"阳抚治王鳌","1","1","2"
"抚治王鳌永","1","1","2"
"贺一龙五大","1","1","2"
"一龙五大部","1","1","2"
"监军孔贞会","1","1","2"
"开县噪西归","2","0","2"
"应元等败绩","2","0","2"
"元等败绩夔","2","0","2"
"守将邵仲光","1","1","2"
"纳幕下评事","1","1","2"
"幕下评事元","1","1","2"
"下评事元吉","1","1","2"
"郧阳抚治袁","1","1","2"
"阳抚治袁继","1","1","2"
"抚治袁继咸","1","1","2"
"月十一日抵","1","1","2"
"定国公徐允","1","1","2"
"公徐允祯等","1","1","2"
"嗣昌奉命督","1","1","2"
"昌奉命督剿","1","1","2"
"肯任劳任怨","1","1","2"
"中冯元飙所","2","0","2"
"应熊博学多","1","1","2"
"熊博学多才","1","1","2"
"御史吴履中","1","1","2"
"巡抚杨一鹏","1","1","2"
"巡按吴振缨","1","1","2"
"核察失事情","1","1","2"
"察失事情形","1","1","2"
"失事情形疏","1","1","2"
"正月二十八","1","1","2"
"疏六月初十","1","1","2"
"六月初十日","1","1","2"
"月初十日上","1","1","2"
"十三日奏辩","1","1","2"
"疏十四日下","1","1","2"
"百户赵光修","1","1","2"
"户赵光修先","1","1","2"
"赵光修先送","1","1","2"
"日中书七人","1","1","2"
"事中龚鼎孳","1","1","2"
"中龚鼎孳密","1","1","2"
"王应熊先入","1","1","2"
"云南四巡抚","1","1","2"
"部将曾英功","1","1","2"
"慰谕辅臣温","1","1","2"
"谕辅臣温旨","1","1","2"
"户部郎中李","1","1","2"
"部郎中李朴","1","1","2"
"王锡爵先后","1","1","2"
"编修吴伟业","1","1","2"
"内阁中书黄","1","1","2"
"阁中书黄应","1","1","2"
"大理寺副曹","1","1","2"
"理寺副曹荃","1","1","2"
"奉命祭北镇","1","1","2"
"命祭北镇医","1","1","2"
"荐大将满桂","1","1","2"
"列上副将王","1","1","2"
"上副将王应","1","1","2"
"副将王应晖","1","1","2"
"将王应晖等","1","1","2"
"王应晖等六","1","1","2"
"应晖等六人","1","1","2"
"南京御史袁","1","1","2"
"京御史袁耀","1","1","2"
"御史袁耀然","1","1","2"
"辅刘宇亮督","2","0","2"
"刘宇亮督师","2","0","2"
"厂太监王德","1","1","2"
"中书王陛彦","1","1","2"
"中书周国兴","1","1","2"
"官张锡命贮","1","1","2"
"银二十余万","1","1","2"
"官杨显名核","1","1","2"
"武清侯李国","1","1","2"
"清侯李国瑞","1","1","2"
"嘉定伯周奎","1","1","2"
"言孝定太后","1","1","2"
"发丁忧侍郎","1","1","2"
"丁忧侍郎蔡","1","1","2"
"忧侍郎蔡奕","1","1","2"
"郎蔡奕琛行","1","1","2"
"蔡奕琛行贿","1","1","2"
"掌都督府魏","1","1","2"
"都督府魏国","1","1","2"
"督府魏国公","1","1","2"
"府魏国公徐","1","1","2"
"吏部尚书傅","1","1","2"
"部尚书傅永","1","1","2"
"尚书傅永淳","1","1","2"
"书傅永淳等","1","1","2"
"通政使李梦","1","1","2"
"政使李梦辰","1","1","2"
"主事朱永佑","1","1","2"
"事朱永佑等","1","1","2"
"朱永佑等十","1","1","2"
"永佑等十一","1","1","2"
"佑等十一人","1","1","2"
"大帅董一元","1","1","2"
"万八千余石","1","1","2"
"副将解生等","1","1","2"
"将解生等屡","1","1","2"
"副将吴惟忠","1","1","2"
"击茅国器断","1","1","2"
"茅国器断后","1","1","2"
"御史汪先岸","1","1","2"
"御史田生金","1","1","2"
"守将王命印","1","1","2"
"将王命印死","1","1","2"
"东巡抚李维","1","1","2"
"巡抚李维翰","1","1","2"
"副总兵颇廷","1","1","2"
"总兵颇廷相","1","1","2"
"兵颇廷相等","1","1","2"
"副将邹储贤","1","1","2"
"将邹储贤战","1","1","2"
"邹储贤战死","1","1","2"
"清河逃将陈","1","1","2"
"河逃将陈大","1","1","2"
"逃将陈大道","1","1","2"
"中赵兴邦等","1","1","2"
"巡按陈王庭","1","1","2"
"按陈王庭等","1","1","2"
"月十一日誓","1","1","2"
"十一日誓师","1","1","2"
"大兵四十七","1","1","2"
"兵四十七万","1","1","2"
"文武将吏前","1","1","2"
"武将吏前后","1","1","2"
"将吏前后死","1","1","2"
"巡按御史荆","1","1","2"
"按御史荆养","1","1","2"
"逃将刘遇节","1","1","2"
"令佥事韩原","1","1","2"
"佥事韩原善","1","1","2"
"佥事阎鸣泰","1","1","2"
"总兵贺世贤","1","1","2"
"辽东人刘国","1","1","2"
"东人刘国缙","1","1","2"
"御史张修德","1","1","2"
"御史吴应奇","1","1","2"
"事中杨涟等","1","1","2"
"廷弼力保危","1","1","2"
"弼力保危城","1","1","2"
"化贞招集散","1","1","2"
"经略辽东军","1","1","2"
"略辽东军务","1","1","2"
"请调兵二十","1","1","2"
"调兵二十余","1","1","2"
"监军道臣高","1","1","2"
"督饷郎中傅","1","1","2"
"饷郎中傅国","1","1","2"
"登莱招练副","1","1","2"
"莱招练副使","1","1","2"
"夔州同知佟","1","1","2"
"州同知佟卜","1","1","2"
"同知佟卜年","1","1","2"
"临洮推官洪","1","1","2"
"洮推官洪敷","1","1","2"
"推官洪敷教","1","1","2"
"置参将一人","1","1","2"
"须联络朝鲜","1","1","2"
"荐监军副使","1","1","2"
"监军副使梁","1","1","2"
"都司毛文龙","1","1","2"
"御史徐卿伯","1","1","2"
"廷弼进驻广","1","1","2"
"弼进驻广宁","1","1","2"
"辽总督王象","1","1","2"
"督王象乾移","1","1","2"
"官军收复镇","1","1","2"
"军收复镇江","1","1","2"
"海州取易守","1","1","2"
"州取易守难","1","1","2"
"毛文龙镇江","1","1","2"
"敢轻视敌人","1","1","2"
"重兵内护广","1","1","2"
"兵内护广宁","1","1","2"
"鹤鸣笃信化","1","1","2"
"鸣笃信化贞","1","1","2"
"员外郎徐大","1","1","2"
"外郎徐大化","1","1","2"
"劾廷弼大言","1","1","2"
"参将鲍承先","1","1","2"
"将鲍承先等","1","1","2"
"参议邢慎言","1","1","2"
"议邢慎言劝","1","1","2"
"佥事韩初命","1","1","2"
"护溃民入关","2","0","2"
"左都御史邹","1","1","2"
"大理寺卿周","1","1","2"
"理寺卿周应","1","1","2"
"寺卿周应秋","1","1","2"
"卿周应秋等","1","1","2"
"廷弼侵盗军","1","1","2"
"广宁兵十三","1","1","2"
"宁兵十三万","1","1","2"
"同三四百万","1","1","2"
"三四百万辽","1","1","2"
"四百万辽民","1","1","2"
"百万辽民一","1","1","2"
"御史侯恂请","1","1","2"
"参将周守廉","1","1","2"
"阎鸣泰主觉","2","0","2"
"鸣泰主觉华","2","0","2"
"崇焕主宁远","2","0","2"
"高三丈二尺","1","1","2"
"水陆马步军","1","1","2"
"月进按察使","2","0","2"
"二十三日抵","1","1","2"
"檄前屯守将","1","1","2"
"前屯守将赵","1","1","2"
"屯守将赵率","1","1","2"
"守将赵率教","1","1","2"
"山海守将杨","1","1","2"
"海守将杨麒","1","1","2"
"参将金冠等","1","1","2"
"设辽东巡抚","1","1","2"
"班军四万人","1","1","2"
"镇守中官应","1","1","2"
"商民数十万","1","1","2"
"兵直抵锦州","1","1","2"
"蓟辽总督阎","1","1","2"
"辽总督阎鸣","1","1","2"
"总督阎鸣泰","1","1","2"
"督阎鸣泰移","1","1","2"
"二十八日分","1","1","2"
"十八日分兵","1","1","2"
"尚书霍维华","1","1","2"
"兵部添注左","1","1","2"
"部添注左侍","1","1","2"
"士刘鸿训等","1","1","2"
"刘鸿训等请","1","1","2"
"鸿训等请收","1","1","2"
"赐崇焕酒馔","1","1","2"
"辽土养辽人","1","1","2"
"总兵官朱梅","1","1","2"
"通判张世荣","1","1","2"
"推官苏涵淳","1","1","2"
"兵备副使郭","1","1","2"
"备副使郭广","1","1","2"
"中军吴国琦","1","1","2"
"参将彭簪古","1","1","2"
"黜都司左良","1","1","2"
"左良玉等四","1","1","2"
"良玉等四人","1","1","2"
"都司程大乐","1","1","2"
"司程大乐一","1","1","2"
"程大乐一营","1","1","2"
"大寿驻锦州","2","0","2"
"中军副将何","1","1","2"
"刚都督佥事","1","1","2"
"莱巡抚孙国","1","1","2"
"巡抚孙国桢","1","1","2"
"抚孙国桢免","1","1","2"
"哈剌慎三十","1","1","2"
"剌慎三十六","1","1","2"
"慎三十六家","1","1","2"
"二年闰四月","1","1","2"
"叙春秋两防","1","1","2"
"尚宝卿董茂","1","1","2"
"宝卿董茂忠","1","1","2"
"卿董茂忠请","1","1","2"
"令参将谢尚","1","1","2"
"参将谢尚政","1","1","2"
"将谢尚政等","1","1","2"
"文龙数年劳","1","1","2"
"龙数年劳苦","1","1","2"
"副将陈继盛","1","1","2"
"参将徐敷奏","1","1","2"
"饷银四十二","1","1","2"
"银四十二万","1","1","2"
"米十三万六","1","1","2"
"定东江兵制","1","1","2"
"镇兵十五万","2","0","2"
"百八十余万","1","1","2"
"一月十日抵","1","1","2"
"巡抚王元雅","1","1","2"
"蓟辽总理刘","1","1","2"
"辽总理刘策","1","1","2"
"大学士钱龙","1","1","2"
"学士钱龙锡","1","1","2"
"武经略满桂","1","1","2"
"名贤丁元荐","1","1","2"
"午门叩头谏","1","1","2"
"臣多下狱者","2","0","2"
"副都御史易","1","1","2"
"愿体上天生","2","0","2"
"体上天生心","2","0","2"
"祈天永命一","2","0","2"
"天永命一道","2","0","2"
"贵州巡按苏","1","1","2"
"州巡按苏琰","1","1","2"
"年正月入都","1","1","2"
"二帝三王治","1","1","2"
"山阴人许瑚","1","1","2"
"刘宗周清正","1","1","2"
"宗周清正敢","1","1","2"
"周清正敢言","1","1","2"
"劾御史喻上","1","1","2"
"御史喻上猷","1","1","2"
"误国奸臣杨","1","1","2"
"国奸臣杨嗣","1","1","2"
"奸臣杨嗣昌","1","1","2"
"御史杨若桥","1","1","2"
"陛下开诚布","1","1","2"
"下开诚布公","1","1","2"
"范志完操守","1","1","2"
"陛下度量卓","1","1","2"
"下度量卓越","1","1","2"
"巡抚黄鸣骏","1","1","2"
"非毅然决策","1","1","2"
"毅然决策亲","1","1","2"
"然决策亲征","1","1","2"
"督漕路振飞","1","1","2"
"漕路振飞坐","1","1","2"
"路振飞坐守","1","1","2"
"振飞坐守淮","1","1","2"
"飞坐守淮城","1","1","2"
"镇臣刘泽清","1","1","2"
"坐视君父危","1","1","2"
"视君父危亡","1","1","2"
"封疆诸臣诛","2","0","2"
"疆诸臣诛者","2","0","2"
"诸臣诛者一","2","0","2"
"举朝谋国忠","2","0","2"
"朝谋国忠诛","2","0","2"
"谋国忠诛者","2","0","2"
"国忠诛者一","2","0","2"
"称草莽孤臣","1","1","2"
"史法拥立潞","2","0","2"
"黄鸣骏入觐","1","1","2"
"月十八日入","1","1","2"
"十八日入朝","1","1","2"
"绝食二十三","1","1","2"
"闰六月八日","1","1","2"
"入东林书院","1","1","2"
"吾首善书院","1","1","2"
"经筵展书官","1","1","2"
"二千四百年","1","1","2"
"五日内系两","2","0","2"
"日内系两尚","2","0","2"
"内系两尚书","2","0","2"
"臣文震孟一","1","1","2"
"文震孟一生","1","1","2"
"杨嗣昌等五","1","1","2"
"督臣卢象升","1","1","2"
"臣言文章鄤","2","0","2"
"少正卯心术","1","1","2"
"前谗谄面谀","1","1","2"
"江西按察司","1","1","2"
"江西巡抚解","1","1","2"
"西巡抚解学","1","1","2"
"巡抚解学龙","1","1","2"
"大学士魏照","1","1","2"
"学士魏照乘","1","1","2"
"编修黄文焕","1","1","2"
"吏部主事陈","1","1","2"
"部主事陈天","1","1","2"
"主事陈天定","1","1","2"
"工部司务董","1","1","2"
"部司务董养","1","1","2"
"司务董养河","1","1","2"
"中书舍人文","1","1","2"
"书舍人文震","1","1","2"
"舍人文震亨","1","1","2"
"户部主事叶","1","1","2"
"部主事叶廷","1","1","2"
"主事叶廷秀","1","1","2"
"监生涂仲吉","1","1","2"
"书刘泽深等","1","1","2"
"入文华后殿","1","1","2"
"士中书赖雍","1","1","2"
"兵部主事赵","1","1","2"
"部主事赵士","1","1","2"
"主事赵士超","1","1","2"
"事赵士超等","1","1","2"
"游击董维坤","1","1","2"
"蒋允仪抚治","1","1","2"
"允仪抚治郧","1","1","2"
"仪抚治郧阳","1","1","2"
"副将李重镇","1","1","2"
"艾万年阵亡","1","1","2"
"贼首摇天动","1","1","2"
"永宁总兵官","1","1","2"
"宁总兵官祖","1","1","2"
"兵官祖大乐","1","1","2"
"巡抚王梦尹","1","1","2"
"郧阳抚治宋","1","1","2"
"阳抚治宋祖","1","1","2"
"抚治宋祖舜","1","1","2"
"副将雷时声","1","1","2"
"副将王进忠","1","1","2"
"虎大威入卫","1","1","2"
"修杨廷麟上","1","1","2"
"大学士刘宇","1","1","2"
"学士刘宇亮","1","1","2"
"掌牧杨陆凯","1","1","2"
"部将陈安死","1","1","2"
"增兵增饷九","1","1","2"
"贼首老蜡鸡","1","1","2"
"峰巅仰天窝","1","1","2"
"右侍郎张经","1","1","2"
"侍郎张经世","1","1","2"
"事中韦蕃请","1","1","2"
"御史谢文锦","1","1","2"
"御史周宗文","1","1","2"
"顺天巡按刘","1","1","2"
"天巡按刘呈","1","1","2"
"巡按刘呈瑞","1","1","2"
"事中戴明说","1","1","2"
"通两京咽喉","1","1","2"
"县城郭失守","1","1","2"
"宛平知县陈","1","1","2"
"平知县陈景","1","1","2"
"知县陈景建","1","1","2"
"帝召新甲问","1","1","2"
"新甲请分四","2","0","2"
"甲请分四道","2","0","2"
"请分四道夹","2","0","2"
"分四道夹攻","2","0","2"
"死亡数万人","1","1","2"
"锦州相继失","1","1","2"
"司礼王德化","1","1","2"
"礼王德化尤","1","1","2"
"闯贼蹂躏河","1","1","2"
"贼蹂躏河南","1","1","2"
"大学士谢升","1","1","2"
"职方郎马绍","1","1","2"
"方郎马绍愉","1","1","2"
"中方士亮首","1","1","2"
"事中马嘉植","1","1","2"
"事中廖国遴","1","1","2"
"刑部侍郎徐","1","1","2"
"部侍郎徐石","1","1","2"
"侍郎徐石麒","1","1","2"
"官彭进朝等","1","1","2"
"彭进朝等殴","1","1","2"
"土官安云龙","1","1","2"
"官安云龙死","1","1","2"
"知县张耀采","1","1","2"
"望总督陕西","1","1","2"
"王左挂等攻","1","1","2"
"命参政洪承","1","1","2"
"延安知府张","1","1","2"
"安知府张辇","1","1","2"
"巡按李应期","1","1","2"
"送合水知县","2","0","2"
"合水知县蒋","2","0","2"
"水知县蒋应","2","0","2"
"上天龙等先","2","0","2"
"天龙等先后","2","0","2"
"龙等先后降","2","0","2"
"张福臻巡抚","1","1","2"
"福臻巡抚延","1","1","2"
"臻巡抚延绥","1","1","2"
"时大盗神一","1","1","2"
"大盗神一魁","1","1","2"
"遣副将卢文","1","1","2"
"副将卢文善","1","1","2"
"将卢文善讨","1","1","2"
"混世王五大","1","1","2"
"世王五大营","1","1","2"
"千七百余级","1","1","2"
"杨正芳等分","1","1","2"
"副将刘迁等","1","1","2"
"贺人龙等追","1","1","2"
"游击唐通防","1","1","2"
"遣副将杨正","1","1","2"
"副将杨化麟","1","1","2"
"柳国镇等驻","1","1","2"
"知县李嘉彦","1","1","2"
"凤翔乡官孙","1","1","2"
"翔乡官孙鹏","1","1","2"
"乡官孙鹏等","1","1","2"
"事中顾国宝","1","1","2"
"御史傅永淳","1","1","2"
"劾奇瑜解陇","1","1","2"
"奇瑜解陇州","1","1","2"
"山东左参政","1","1","2"
"总兵官俞咨","1","1","2"
"兵官俞咨皋","1","1","2"
"官俞咨皋招","1","1","2"
"败都司洪先","1","1","2"
"都司洪先春","1","1","2"
"参政洪云蒸","1","1","2"
"副使康承祖","1","1","2"
"事中朱国栋","1","1","2"
"通判孔贞会","1","1","2"
"判孔贞会监","1","1","2"
"一条龙四营","1","1","2"
"王光恩五营","1","1","2"
"良玉久征归","2","0","2"
"马光玉三部","1","1","2"
"光玉三部尚","1","1","2"
"均州五营惧","2","0","2"
"州五营惧见","2","0","2"
"五营惧见讨","2","0","2"
"十三年十月","1","1","2"
"河南府推官","1","1","2"
"济南兵备副","1","1","2"
"南兵备副使","1","1","2"
"承畴总督陕","1","1","2"
"畴总督陕西","1","1","2"
"理熊文灿请","1","1","2"
"抚王鳌永防","1","1","2"
"大败左良玉","1","1","2"
"三年二月率","1","1","2"
"三百三十三","1","1","2"
"崇俭撤兵太","1","1","2"
"俭撤兵太早","1","1","2"
"事中李清言","2","0","2"
"御史陈廷谟","1","1","2"
"安锦副使吴","1","1","2"
"锦副使吴麟","1","1","2"
"副使吴麟征","1","1","2"
"使吴麟征大","1","1","2"
"下马渡水浅","1","1","2"
"马渡水浅地","1","1","2"
"渡水浅地平","1","1","2"
"水寨观音岩","1","1","2"
"部将邵仲光","1","1","2"
"降将张一川","1","1","2"
"张载福陷阵","1","1","2"
"长沙兵备副","1","1","2"
"沙兵备副使","1","1","2"
"都司陈上才","1","1","2"
"巡抚陈睿谟","1","1","2"
"抚陈睿谟大","1","1","2"
"知府徐启元","1","1","2"
"遣游击王光","1","1","2"
"游击王光恩","1","1","2"
"斗枢召游击","1","1","2"
"枢召游击刘","1","1","2"
"召游击刘调","1","1","2"
"游击刘调元","1","1","2"
"部员外郎中","1","1","2"
"淮徐道参议","1","1","2"
"洮岷兵备参","1","1","2"
"岷兵备参政","1","1","2"
"衣千户刘侨","1","1","2"
"二十七万八","1","1","2"
"二百九十四","1","1","2"
"百九十四万","1","1","2"
"九十四万八","1","1","2"
"百六十九万","1","1","2"
"百一十万三","1","1","2"
"一十万三千","1","1","2"
"事例约二十","1","1","2"
"例约二十万","1","1","2"
"三百二十六","1","1","2"
"辽东旧饷改","1","1","2"
"东旧饷改新","1","1","2"
"旧饷改新饷","1","1","2"
"一百十三万","1","1","2"
"百十三万六","1","1","2"
"列上十二事","2","0","2"
"事中汪始亨","1","1","2"
"中汪始亨极","1","1","2"
"论军种民种","1","1","2"
"帝忧劳国事","1","1","2"
"华亭知县郑","1","1","2"
"亭知县郑友","1","1","2"
"知县郑友元","1","1","2"
"御史李若谠","1","1","2"
"岁差盈缩迟","1","1","2"
"差盈缩迟疾","1","1","2"
"阁臣徐光启","1","1","2"
"光禄卿李天","1","1","2"
"禄卿李天经","1","1","2"
"卿李天经先","1","1","2"
"李天经先后","1","1","2"
"布衣魏文魁","2","0","2"
"魏文魁上疏","1","1","2"
"一月乙未冬","1","1","2"
"太史院使刘","1","1","2"
"史院使刘基","1","1","2"
"院使刘基率","1","1","2"
"元太史院使","1","1","2"
"太史院使张","1","1","2"
"史院使张佑","1","1","2"
"回回司天太","1","1","2"
"回司天太监","1","1","2"
"等共十四人","1","1","2"
"召回回司天","1","1","2"
"回回司天台","1","1","2"
"回司天台官","1","1","2"
"司天台官郑","1","1","2"
"天台官郑阿","1","1","2"
"台官郑阿里","1","1","2"
"官郑阿里等","1","1","2"
"郑阿里等十","1","1","2"
"阿里等十一","1","1","2"
"御览月令历","1","1","2"
"七政躔度历","1","1","2"
"六壬遁甲历","1","1","2"
"四季天象占","1","1","2"
"季天象占验","1","1","2"
"天象占验历","1","1","2"
"御览天象录","1","1","2"
"所谓格物致","1","1","2"
"谓格物致知","1","1","2"
"漏刻博士元","1","1","2"
"刻博士元统","1","1","2"
"武十七年甲","1","1","2"
"十七年甲子","1","1","2"
"大统历法通","1","1","2"
"统历法通轨","1","1","2"
"监副李德芳","1","1","2"
"回回钦天监","1","1","2"
"应天冬夏昼","1","1","2"
"天冬夏昼夜","1","1","2"
"监正许惇等","1","1","2"
"前监正彭德","1","1","2"
"正彭德清测","1","1","2"
"元年正月辛","1","1","2"
"推辰初初刻","2","0","2"
"云南提学童","1","1","2"
"南提学童轩","1","1","2"
"皇极经世书","1","1","2"
"八十七年约","1","1","2"
"十七年约法","1","1","2"
"天文生张升","1","1","2"
"二百三十七","1","1","2"
"百三十七年","1","1","2"
"大臣总理事","2","0","2"
"正周濂等所","1","1","2"
"周濂等所推","1","1","2"
"濂等所推算","1","1","2"
"一分五十秒","1","1","2"
"二百三十五","1","1","2"
"百三十五年","1","1","2"
"三度五十二","1","1","2"
"度五十二分","1","1","2"
"五十二分五","1","1","2"
"十二分五十","1","1","2"
"二分五十秒","1","1","2"
"二十七日四","1","1","2"
"十七日四百","1","1","2"
"七日四百七","1","1","2"
"日四百七十","1","1","2"
"四百七十五","1","1","2"
"赤道箕宿六","1","1","2"
"道箕宿六度","1","1","2"
"箕宿六度四","1","1","2"
"宿六度四十","1","1","2"
"六度四十七","1","1","2"
"黄道箕宿五","1","1","2"
"道箕宿五度","1","1","2"
"箕宿五度九","1","1","2"
"宿五度九十","1","1","2"
"五度九十六","1","1","2"
"九十六分四","1","1","2"
"十六分四十","1","1","2"
"六分四十三","1","1","2"
"正德九年八","1","1","2"
"九年八月辛","1","1","2"
"月辛卯日食","1","1","2"
"八分六十七","1","1","2"
"分六十七秒","1","1","2"
"工部主事华","1","1","2"
"部主事华湘","1","1","2"
"主事华湘通","1","1","2"
"二分四十七","1","1","2"
"年三月癸巳","1","1","2"
"顺天府丞周","1","1","2"
"天府丞周相","1","1","2"
"府丞周相刊","1","1","2"
"推算日月交","1","1","2"
"算日月交食","1","1","2"
"考古气差三","2","0","2"
"古气差三日","2","0","2"
"尧元年甲辰","1","1","2"
"柳宿十二度","1","1","2"
"宿十二度左","1","1","2"
"十二度左右","1","1","2"
"取嘉靖甲寅","1","1","2"
"四百六十一","1","1","2"
"节气岁差一","1","1","2"
"气岁差一秒","1","1","2"
"岁差一秒七","1","1","2"
"差一秒七十","1","1","2"
"闰应十九日","1","1","2"
"应十九日三","1","1","2"
"十九日三十","1","1","2"
"九日三十六","1","1","2"
"日三十六刻","1","1","2"
"三十六刻十","1","1","2"
"十六刻十九","1","1","2"
"六刻十九分","1","1","2"
"周三百六十","1","1","2"
"六十五度二","1","1","2"
"五度二十五","1","1","2"
"百三十六限","1","1","2"
"三十六限十","1","1","2"
"十六限十六","1","1","2"
"六限十六分","1","1","2"
"限十六分六","1","1","2"
"鲁隐公三年","1","1","2"
"庚午日六刻","1","1","2"
"一千九百九","1","1","2"
"乙亥日五十","1","1","2"
"亥日五十刻","1","1","2"
"日五十刻四","1","1","2"
"五十刻四十","1","1","2"
"十刻四十四","1","1","2"
"百六十五日","1","1","2"
"六十五日四","1","1","2"
"十五日四十","1","1","2"
"五日四十四","1","1","2"
"日四十四刻","1","1","2"
"四十四刻四","1","1","2"
"十四刻四十","1","1","2"
"四刻四十四","1","1","2"
"正月甲子夜","1","1","2"
"月甲子夜半","1","1","2"
"甲子夜半合","1","1","2"
"子夜半合朔","1","1","2"
"夜半合朔雨","1","1","2"
"半合朔雨水","1","1","2"
"一百一十五","1","1","2"
"百一十五度","1","1","2"
"一十五度二","1","1","2"
"五度二十一","1","1","2"
"度二十一分","1","1","2"
"案直立向南","1","1","2"
"年戊寅岁正","1","1","2"
"戊寅岁正月","1","1","2"
"寅岁正月甲","1","1","2"
"岁正月甲寅","1","1","2"
"正月甲寅朔","1","1","2"
"月甲寅朔旦","1","1","2"
"甲寅朔旦冬","1","1","2"
"隐公元年己","1","1","2"
"公元年己未","1","1","2"
"献公甲寅冬","1","1","2"
"太初元年冬","1","1","2"
"凡春秋前后","1","1","2"
"春秋前后千","1","1","2"
"宋元嘉十三","1","1","2"
"元嘉十三年","1","1","2"
"十三年一月","1","1","2"
"五星晨昏伏","1","1","2"
"南北东西等","1","1","2"
"北东西等差","1","1","2"
"五星定伏定","1","1","2"
"外道食分反","1","1","2"
"九分八十秒","1","1","2"
"北齐张子信","1","1","2"
"五度四分度","2","0","2"
"度四分度一","2","0","2"
"发钦天监参","1","1","2"
"钦天监参订","1","1","2"
"天监参订测","1","1","2"
"监参订测验","1","1","2"
"职方郎范守","1","1","2"
"方郎范守己","1","1","2"
"五官正周子","1","1","2"
"官正周子愚","1","1","2"
"译西域历法","1","1","2"
"利玛窦进贡","1","1","2"
"玛窦进贡土","1","1","2"
"汤若望等先","1","1","2"
"若望等先后","1","1","2"
"林院检讨徐","1","1","2"
"院检讨徐光","1","1","2"
"检讨徐光启","1","1","2"
"云路等参订","1","1","2"
"路等参订修","1","1","2"
"等参订修改","1","1","2"
"礼科姚永济","1","1","2"
"天监所推互","2","0","2"
"监所推互异","2","0","2"
"月壬申朔日","1","1","2"
"三百年前所","1","1","2"
"百年前所测","1","1","2"
"二年五月乙","1","1","2"
"月乙酉朔日","1","1","2"
"时五官正戈","1","1","2"
"五官正戈丰","1","1","2"
"官正戈丰年","1","1","2"
"正戈丰年等","1","1","2"
"二百六十年","1","1","2"
"大德三年八","1","1","2"
"德三年八月","1","1","2"
"定盈缩加减","1","1","2"
"南北高下差","2","0","2"
"定交转迟疾","1","1","2"
"二极入地度","2","0","2"
"极入地度数","2","0","2"
"求昼夜晨昏","1","1","2"
"太仆少卿李","1","1","2"
"罗雅谷译书","1","1","2"
"雅谷译书演","1","1","2"
"谷译书演算","1","1","2"
"荐资县诸生","1","1","2"
"资县诸生冷","1","1","2"
"县诸生冷守","1","1","2"
"诸生冷守中","1","1","2"
"生冷守中精","1","1","2"
"地经度推求","1","1","2"
"布政司月食","1","1","2"
"政司月食初","1","1","2"
"司月食初亏","1","1","2"
"月食初亏度","1","1","2"
"食初亏度分","1","1","2"
"入暗虚十五","2","0","2"
"暗虚十五分","2","0","2"
"二十六分六","1","1","2"
"十八分四十","1","1","2"
"八分四十七","1","1","2"
"顺天见食二","1","1","2"
"天见食二分","1","1","2"
"交食时测验","1","1","2"
"臣预点日晷","1","1","2"
"测高仪器测","1","1","2"
"二十四分二","1","1","2"
"十四分二十","1","1","2"
"四分二十五","1","1","2"
"弧背求弦矢","1","1","2"
"黄道限东西","1","1","2"
"午前后二十","1","1","2"
"依午正加减","1","1","2"
"宋文帝元嘉","1","1","2"
"文帝元嘉六","1","1","2"
"帝元嘉六年","1","1","2"
"元嘉六年十","1","1","2"
"嘉六年十一","1","1","2"
"一月己丑朔","1","1","2"
"食六分九十","1","1","2"
"六分九十六","1","1","2"
"分九十六秒","1","1","2"
"定日食分数","1","1","2"
"论岁实小余","1","1","2"
"一刻十八分","1","1","2"
"宋仁宗天圣","1","1","2"
"仁宗天圣二","1","1","2"
"宗天圣二年","1","1","2"
"天圣二年甲","1","1","2"
"圣二年甲子","1","1","2"
"五月丁亥朔","1","1","2"
"五年九月十","1","1","2"
"凡一百一十","2","0","2"
"一百四十八","1","1","2"
"山东参政李","1","1","2"
"东参政李天","1","1","2"
"政李天经代","1","1","2"
"天经预推五","1","1","2"
"经预推五星","1","1","2"
"犯会合行度","1","1","2"
"二十五日夜","1","1","2"
"月初一日夜","1","1","2"
"初二日木星","1","1","2"
"月五星平行","1","1","2"
"崇祯元年戊","1","1","2"
"祯元年戊辰","1","1","2"
"元年戊辰前","1","1","2"
"盈缩损益数","1","1","2"
"三角三弧形","1","1","2"
"赤道极时近","1","1","2"
"道极时近时","1","1","2"
"本宿赤道弧","2","0","2"
"宿赤道弧较","2","0","2"
"侵入参宿二","1","1","2"
"入参宿二十","1","1","2"
"参宿二十四","1","1","2"
"宿二十四分","1","1","2"
"子午圈前后","1","1","2"
"过一分三十","1","1","2"
"一分三十秒","1","1","2"
"春分后天二","2","0","2"
"分后天二日","2","0","2"
"秋分先天二","2","0","2"
"分先天二日","2","0","2"
"黄道九十度","1","1","2"
"道九十度限","1","1","2"
"南北东西差","1","1","2"
"真经纬度分","1","1","2"
"二十七日寅","1","1","2"
"月十五日辛","1","1","2"
"十五日辛酉","1","1","2"
"大理评事王","1","1","2"
"理评事王应","1","1","2"
"评事王应遴","1","1","2"
"十五日雨水","1","1","2"
"二十四平分","2","0","2"
"六十日八十","1","1","2"
"十日八十七","1","1","2"
"日八十七刻","1","1","2"
"五十九日二","1","1","2"
"十九日二刻","1","1","2"
"行满六十度","1","1","2"
"三十九度五","1","1","2"
"十九度五十","1","1","2"
"九度五十五","1","1","2"
"度五十五分","1","1","2"
"五十度五分","1","1","2"
"春分日太阳","1","1","2"
"分日太阳正","1","1","2"
"二十四分弱","1","1","2"
"时差二十一","1","1","2"
"差二十一刻","1","1","2"
"二十一刻五","1","1","2"
"十一刻五分","1","1","2"
"应加五分强","1","1","2"
"内规分三百","1","1","2"
"九十一日三","1","1","2"
"十一日三十","1","1","2"
"一日三十一","1","1","2"
"日三十一刻","1","1","2"
"三十一刻六","1","1","2"
"十一刻六分","1","1","2"
"二百七十三","1","1","2"
"百七十三日","1","1","2"
"七十三日九","1","1","2"
"十三日九十","1","1","2"
"三日九十三","1","1","2"
"日九十三刻","1","1","2"
"年正月辛丑","1","1","2"
"一分六十三","1","1","2"
"分六十三秒","1","1","2"
"三分七十秒","1","1","2"
"十五年新历","1","1","2"
"次月合朔时","1","1","2"
"月合朔时刻","1","1","2"
"十六年第二","1","1","2"
"六年三月乙","1","1","2"
"年三月乙丑","1","1","2"
"三月乙丑朔","1","1","2"
"月乙丑朔日","1","1","2"
"天地人三元","1","1","2"
"合璧连珠历","1","1","2"
"璧连珠历法","1","1","2"
"称瓯罗巴人","1","1","2"
"历法回回同","2","0","2"
"都察院纠察","1","1","2"
"尚书开济等","1","1","2"
"五六日旬时","2","0","2"
"太平门外钟","1","1","2"
"平门外钟山","1","1","2"
"按察司所拟","1","1","2"
"奏转达刑部","1","1","2"
"大理寺驳回","1","1","2"
"理寺驳回改","1","1","2"
"寺驳回改正","1","1","2"
"南大理评事","1","1","2"
"大理评事张","1","1","2"
"大理卿杨守","1","1","2"
"理卿杨守随","1","1","2"
"令大理寺官","1","1","2"
"囚犯赴承天","1","1","2"
"犯赴承天门","1","1","2"
"赴承天门外","1","1","2"
"内阁学士会","1","1","2"
"阁学士会审","1","1","2"
"学士会审重","1","1","2"
"司礼太监一","1","1","2"
"同三法司堂","1","1","2"
"三法司堂上","1","1","2"
"十六年朝审","1","1","2"
"书杨俊民主","1","1","2"
"首辅周延儒","1","1","2"
"三法司清理","1","1","2"
"二十九年旷","1","1","2"
"部尚书杨守","1","1","2"
"尚书杨守随","1","1","2"
"准徒五年者","2","0","2"
"刑科罗崇奎","1","1","2"
"小满后十余","1","1","2"
"会同都察院","1","1","2"
"中允黄道周","1","1","2"
"谨按洪武二","1","1","2"
"按洪武二十","1","1","2"
"谕刑部尚书","1","1","2"
"乐四年十一","1","1","2"
"刑科曹润等","1","1","2"
"乐十一年十","1","1","2"
"遣副都御史","1","1","2"
"都御史李庆","1","1","2"
"宣德四年冬","1","1","2"
"正统六年四","1","1","2"
"统六年四月","1","1","2"
"详审天下疑","1","1","2"
"刑部郎林厚","1","1","2"
"大理寺正李","1","1","2"
"智等十三人","1","1","2"
"中郭瑾审两","1","1","2"
"郭瑾审两京","1","1","2"
"后评事马豫","1","1","2"
"按察司会审","1","1","2"
"山东副使王","1","1","2"
"东副使王裕","1","1","2"
"御史三司官","2","0","2"
"按察司详审","1","1","2"
"遣按察司官","1","1","2"
"按察司官一","2","0","2"
"察司官一员","2","0","2"
"巡按御史同","1","1","2"
"按御史同审","1","1","2"
"部侍郎陈翼","1","1","2"
"部郎中刘秩","1","1","2"
"郎中刘秩等","1","1","2"
"中刘秩等十","1","1","2"
"刘秩等十四","1","1","2"
"秩等十四人","1","1","2"
"敕书郑重遣","1","1","2"
"刑部郎中郭","1","1","2"
"部郎中郭恂","1","1","2"
"员外郎陆瑜","1","1","2"
"外郎陆瑜审","1","1","2"
"外法司审录","1","1","2"
"问罪名轻重","1","1","2"
"填写精微册","1","1","2"
"非通政司转","2","0","2"
"必验精微批","2","0","2"
"御批原本送","1","1","2"
"恤刑主事戴","1","1","2"
"按御史所纠","1","1","2"
"陕西巡抚项","1","1","2"
"西巡抚项忠","1","1","2"
"顺天巡按御","1","1","2"
"天巡按御史","1","1","2"
"巡按御史郑","1","1","2"
"按御史郑存","1","1","2"
"御史郑存仁","1","1","2"
"尚书郑晓考","1","1","2"
"税使孙必贵","1","1","2"
"元参政黎铭","1","1","2"
"参政黎铭常","1","1","2"
"直登闻鼓事","2","0","2"
"京御史王良","1","1","2"
"指挥周恺等","1","1","2"
"侍郎杨守随","1","1","2"
"刑部尚书孙","1","1","2"
"十五年定制","2","0","2"
"广设惠民药","1","1","2"
"设惠民药局","1","1","2"
"提牢主事验","1","1","2"
"所谓家属人","1","1","2"
"谓家属人等","1","1","2"
"事中刘济等","1","1","2"
"囚廖鹏父子","1","1","2"
"临时定罪名","1","1","2"
"除永乐年间","1","1","2"
"登极诏革除","1","1","2"
"史马文升请","1","1","2"
"史王廷相奏","1","1","2"
"太祖开国初","1","1","2"
"贵溪儒士夏","1","1","2"
"溪儒士夏伯","1","1","2"
"儒士夏伯启","1","1","2"
"士夏伯启叔","1","1","2"
"夏伯启叔侄","1","1","2"
"苏州人才姚","1","1","2"
"州人才姚润","1","1","2"
"寰中士夫君","2","0","2"
"疑北平二司","1","1","2"
"北平二司官","1","1","2"
"平二司官吏","1","1","2"
"二司官吏李","1","1","2"
"宁海人郑士","1","1","2"
"海人郑士利","1","1","2"
"人郑士利上","1","1","2"
"郑士利上书","1","1","2"
"沅陵知县张","1","1","2"
"陵知县张杰","1","1","2"
"御史中丞陈","1","1","2"
"史中丞陈宁","1","1","2"
"永乐十七年","1","1","2"
"法司略加意","2","0","2"
"王骨都杀夫","1","1","2"
"尚书金纯等","1","1","2"
"人击登闻鼓","1","1","2"
"舍人林宽等","1","1","2"
"都御史夏迪","1","1","2"
"御史何楚英","1","1","2"
"史何楚英诬","1","1","2"
"举淫行主事","1","1","2"
"淫行主事吴","1","1","2"
"行主事吴軏","1","1","2"
"阳谷主簿马","1","1","2"
"谷主簿马彦","1","1","2"
"主簿马彦斌","1","1","2"
"刑部侍郎刘","1","1","2"
"部侍郎刘广","1","1","2"
"侍郎刘广衡","1","1","2"
"书陆瑜等请","1","1","2"
"山西巡抚何","1","1","2"
"西巡抚何乔","1","1","2"
"巡抚何乔新","1","1","2"
"吉安知府许","1","1","2"
"刑部尚书闵","1","1","2"
"部尚书闵珪","1","1","2"
"司寇何乔新","1","1","2"
"事中李复礼","1","1","2"
"中李复礼等","1","1","2"
"刑部郎中魏","1","1","2"
"部郎中魏应","1","1","2"
"骂父母大伤","1","1","2"
"父母大伤伦","1","1","2"
"母大伤伦理","1","1","2"
"大理寺奉诏","1","1","2"
"事海瑞上书","1","1","2"
"海瑞上书触","1","1","2"
"御史屠叔明","1","1","2"
"史屠叔明请","1","1","2"
"知县徐兆麒","1","1","2"
"南通政徐石","1","1","2"
"通政徐石麒","1","1","2"
"御史高钦舜","1","1","2"
"工部郎中胡","1","1","2"
"大学士范复","1","1","2"
"学士范复粹","1","1","2"
"侍读学士詹","1","1","2"
"读学士詹同","1","1","2"
"工部尚书王","1","1","2"
"部尚书王肃","1","1","2"
"侯朱亮祖父","1","1","2"
"朱亮祖父子","1","1","2"
"部尚书薛祥","1","1","2"
"汪直诬陷侍","1","1","2"
"直诬陷侍郎","1","1","2"
"诬陷侍郎马","1","1","2"
"陷侍郎马文","1","1","2"
"御史牟俸等","1","1","2"
"事御史李俊","1","1","2"
"百四十六人","1","1","2"
"总督郭宗皋","1","1","2"
"大同巡抚陈","1","1","2"
"戎政侍郎蒋","1","1","2"
"政侍郎蒋应","1","1","2"
"通政唐国相","1","1","2"
"事中张思静","1","1","2"
"中张思静等","1","1","2"
"四十余年间","1","1","2"
"中行等五人","1","1","2"
"南御史李珊","1","1","2"
"御史李珊等","1","1","2"
"南京午门前","1","1","2"
"守备太监监","1","1","2"
"南御史李熙","1","1","2"
"时南京禁卫","1","1","2"
"建文帝左右","1","1","2"
"令内臣提督","1","1","2"
"行五六十年","1","1","2"
"伏望圣恩特","1","1","2"
"员外郎张伦","1","1","2"
"外郎张伦请","1","1","2"
"厂太监王岳","1","1","2"
"荣府旧仓地","1","1","2"
"厂芮景贤任","1","1","2"
"卫使朱希孝","1","1","2"
"府诸处会审","1","1","2"
"诸处会审大","1","1","2"
"御史杨仁愿","1","1","2"
"高皇帝设官","1","1","2"
"番役买事件","1","1","2"
"诏狱二十六","1","1","2"
"狱二十六所","1","1","2"
"五代唐明宗","1","1","2"
"代唐明宗设","1","1","2"
"唐明宗设侍","1","1","2"
"明宗设侍卫","1","1","2"
"宗设侍卫亲","1","1","2"
"设侍卫亲军","1","1","2"
"侍卫亲军马","1","1","2"
"卫亲军马步","1","1","2"
"亲军马步军","1","1","2"
"军马步军都","1","1","2"
"马步军都指","1","1","2"
"步军都指挥","1","1","2"
"锦衣卫狱近","1","1","2"
"时指挥门达","1","1","2"
"指挥使袁彬","1","1","2"
"锦衣镇抚司","1","1","2"
"获妖书图本","1","1","2"
"宁晋人王凤","1","1","2"
"晋人王凤等","1","1","2"
"乡官知县薛","1","1","2"
"官知县薛方","1","1","2"
"令锦衣卫副","1","1","2"
"锦衣传奉官","1","1","2"
"尚书林俊言","2","0","2"
"侍郎张璁等","1","1","2"
"宋太祖刑法","1","1","2"
"校尉五百名","1","1","2"
"奉天门下纠","1","1","2"
"科事中杨应","2","0","2"
"镇抚司陆逵","1","1","2"
"庄烈帝问左","1","1","2"
"烈帝问左右","1","1","2"
"东西两司房","1","1","2"
"文臣子弟多","1","1","2"
"镇抚梁清宏","1","1","2"
"熊开元下狱","1","1","2"
"掌卫骆养性","1","1","2"
"太监王诚会","1","1","2"
"司礼太监王","1","1","2"
"礼太监王高","1","1","2"
"少监宋文毅","1","1","2"
"十七年辛卯","1","1","2"
"三十四年大","1","1","2"
"十四年大审","1","1","2"
"秋后承天门","1","1","2"
"后承天门外","1","1","2"
"斩强盗宋全","1","1","2"
"刑部尚书林","1","1","2"
"部尚书林俊","1","1","2"
"汉灵帝立宋","1","1","2"
"灵帝立宋美","1","1","2"
"帝立宋美人","1","1","2"
"奉天殿御座","1","1","2"
"天殿御座前","1","1","2"
"设奉节官位","1","1","2"
"设承制官位","1","1","2"
"正副使受制","1","1","2"
"副使受制位","1","1","2"
"设承制宣制","1","1","2"
"承制宣制官","1","1","2"
"制宣制官位","1","1","2"
"设奉节奉册","1","1","2"
"奉节奉册奉","1","1","2"
"节奉册奉宝","1","1","2"
"奉册奉宝官","1","1","2"
"册奉宝官位","1","1","2"
"正副使受册","1","1","2"
"副使受册宝","1","1","2"
"使受册宝褥","1","1","2"
"受册宝褥位","1","1","2"
"典仪二人位","1","1","2"
"赞礼二人位","1","1","2"
"知班二人位","1","1","2"
"俱东西相向","2","0","2"
"设皇后受册","1","1","2"
"皇后受册位","1","1","2"
"设权置册宝","1","1","2"
"权置册宝案","1","1","2"
"皇帝衮冕御","2","0","2"
"等持节展礼","1","1","2"
"正副使俯伏","1","1","2"
"掌节者前导","2","0","2"
"正副使褥位","1","1","2"
"侍仪奏礼毕","2","0","2"
"皇后具九龙","2","0","2"
"后具九龙四","2","0","2"
"具九龙四凤","2","0","2"
"内使监令前","1","1","2"
"称册礼使臣","1","1","2"
"引内外命妇","1","1","2"
"授内使监令","2","0","2"
"内使监令率","1","1","2"
"内使监令称","1","1","2"
"官册授读册","2","0","2"
"称皇后受册","1","1","2"
"皇后受册礼","1","1","2"
"奉天殿横街","1","1","2"
"天殿横街南","1","1","2"
"册命皇后礼","1","1","2"
"引内命妇班","1","1","2"
"内命妇班首","1","1","2"
"命妇班首一","2","0","2"
"妇班首一人","2","0","2"
"引外命妇班","1","1","2"
"外命妇班首","1","1","2"
"皇后斋三日","2","0","2"
"执事内官斋","1","1","2"
"设内命妇陪","1","1","2"
"命妇陪祀位","2","0","2"
"位皇后位东","2","0","2"
"司盥洗官位","1","1","2"
"皮弁服御华","2","0","2"
"弁服御华盖","2","0","2"
"服御华盖殿","2","0","2"
"诏书授礼部","2","0","2"
"书授礼部官","2","0","2"
"部官奉诏书","2","0","2"
"服诣奉先殿","2","0","2"
"诣奉先殿谒","2","0","2"
"奉先殿谒告","2","0","2"
"谒告内殿仪","1","1","2"
"隆庆元年增","1","1","2"
"庆元年增定","1","1","2"
"命妇行见皇","1","1","2"
"妇行见皇后","1","1","2"
"行见皇后礼","1","1","2"
"洪武三年册","1","1","2"
"等持节行礼","1","1","2"
"宣宗立孙贵","1","1","2"
"宗立孙贵妃","1","1","2"
"宪宗封万贵","1","1","2"
"宗封万贵妃","1","1","2"
"皇帝具衮冕","2","0","2"
"始称皇太子","1","1","2"
"所司陈设册","2","0","2"
"皇帝升奉天","2","0","2"
"引礼导皇太","2","0","2"
"礼导皇太子","2","0","2"
"入奉天东门","1","1","2"
"官就丹墀位","2","0","2"
"皇太子殿东","2","0","2"
"太子殿东门","2","0","2"
"子殿东门入","2","0","2"
"皇太子复位","2","0","2"
"迎册宝文华","2","0","2"
"册宝文华殿","2","0","2"
"持节官持节","1","1","2"
"节官持节复","1","1","2"
"遇长兄皇太","1","1","2"
"长兄皇太子","1","1","2"
"兄皇太子荣","1","1","2"
"百官进表笺","2","0","2"
"奉天殿谢恩","1","1","2"
"奉先殿行礼","1","1","2"
"宣德二年十","1","1","2"
"德二年十一","1","1","2"
"皇太子礼成","1","1","2"
"诣皇太子前","2","0","2"
"亲王奉天东","2","0","2"
"王奉天东门","2","0","2"
"奉天东门入","2","0","2"
"内赞导御前","2","0","2"
"内赞引御座","2","0","2"
"赞引御座前","2","0","2"
"引御座前位","2","0","2"
"遇亲王殿下","1","1","2"
"亲王殿下荣","1","1","2"
"奉天殿正中","1","1","2"
"殿上御席西","1","1","2"
"内使监令取","1","1","2"
"内使监令捧","1","1","2"
"监令奏请皇","1","1","2"
"令奏请皇帝","1","1","2"
"万历三年正","1","1","2"
"历三年正月","1","1","2"
"宾降二等受","2","0","2"
"宾降三等受","2","0","2"
"博士导皇太","2","0","2"
"士导皇太子","2","0","2"
"导皇太子降","2","0","2"
"朝服诣奉天","2","0","2"
"奉天殿称贺","1","1","2"
"皇太子举爵","1","1","2"
"官诣皇太子","2","0","2"
"持节官捧节","1","1","2"
"礼部尚书冯","1","1","2"
"部尚书冯琦","1","1","2"
"乐九年十一","1","1","2"
"始加缁布冠","1","1","2"
"主席阼阶上","2","0","2"
"冠者双童髻","1","1","2"
"主赞冠者南","1","1","2"
"宾赞冠者进","2","0","2"
"赞冠者进筵","2","0","2"
"冠者进筵前","2","0","2"
"宾立西阶上","2","0","2"
"进冠者筵前","2","0","2"
"入南门中庭","1","1","2"
"南门中庭道","1","1","2"
"门中庭道西","1","1","2"
"阼阶下东南","2","0","2"
"堂下西阶西","2","0","2"
"揖冠者入房","2","0","2"
"执事者进馔","2","0","2"
"冬祀昊天上","2","0","2"
"定朝会宴飨","1","1","2"
"丞相上殿致","1","1","2"
"声郎四人总","1","1","2"
"二人引歌工","2","0","2"
"师二人执旌","2","0","2"
"武功定祸乱","1","1","2"
"大乐工陈列","1","1","2"
"设大乐殿外","2","0","2"
"三舞杂队殿","2","0","2"
"舞杂队殿下","2","0","2"
"炎精开运曲","2","0","2"
"奏八蛮献宝","1","1","2"
"奏采莲队子","1","1","2"
"供群臣饭食","2","0","2"
"乐工六十二","1","1","2"
"工六十二人","1","1","2"
"共七十二人","1","1","2"
"武舞生六十","1","1","2"
"文舞生六十","1","1","2"
"十七年改铸","1","1","2"
"定丹陛大乐","1","1","2"
"十六年定殿","2","0","2"
"定殿中韶乐","1","1","2"
"年定殿内侑","2","0","2"
"武舞士三十","1","1","2"
"发扬蹈厉坐","1","1","2"
"扬蹈厉坐作","1","1","2"
"蹈厉坐作击","1","1","2"
"厉坐作击刺","1","1","2"
"文舞士三十","1","1","2"
"进退舒徐揖","1","1","2"
"舞士十六人","1","1","2"
"跪朝谒喜跃","1","1","2"
"朝谒喜跃俯","1","1","2"
"谒喜跃俯伏","1","1","2"
"十二月乐歌","1","1","2"
"助教刘翔上","1","1","2"
"后教坊司乐","1","1","2"
"坊司乐工所","1","1","2"
"司乐工所奏","1","1","2"
"乐工所奏中","1","1","2"
"谕内钟鼓司","1","1","2"
"内钟鼓司康","1","1","2"
"钟鼓司康能","1","1","2"
"鼓司康能等","1","1","2"
"御史汪珊请","1","1","2"
"学士费宏等","1","1","2"
"帝亲制乐章","2","0","2"
"宫架登歌图","1","1","2"
"臣取洪武时","1","1","2"
"行太仆寺丞","1","1","2"
"太仆寺丞张","1","1","2"
"子初一刻移","1","1","2"
"子正一刻移","1","1","2"
"止黄钟一均","2","0","2"
"黄钟正律声","1","1","2"
"钟正律声长","1","1","2"
"三者阳律相","1","1","2"
"者阳律相继","1","1","2"
"三者阴吕相","1","1","2"
"者阴吕相生","1","1","2"
"三者律吕相","1","1","2"
"者律吕相合","1","1","2"
"琴中角弦第","1","1","2"
"中角弦第十","1","1","2"
"角弦第十徽","1","1","2"
"琴中宫弦第","1","1","2"
"中宫弦第三","1","1","2"
"宫弦第三徽","1","1","2"
"六变天神降","2","0","2"
"八变地祇格","2","0","2"
"九变人鬼享","2","0","2"
"进所著乐书","2","0","2"
"大成乐舞图","1","1","2"
"成乐舞图谱","1","1","2"
"非口所能言","1","1","2"
"治沈居敬等","1","1","2"
"帝社稷乐歌","1","1","2"
"社稷乐歌进","1","1","2"
"命乐正习盛","2","0","2"
"乐正习盛乐","2","0","2"
"三献礼成后","2","0","2"
"九奏乐止时","2","0","2"
"使文武舞士","2","0","2"
"文武舞士舞","2","0","2"
"二千一百名","1","1","2"
"取山西长子","1","1","2"
"山西长子县","1","1","2"
"西长子县羊","1","1","2"
"长子县羊头","1","1","2"
"子县羊头山","1","1","2"
"黄钟三寸九","1","1","2"
"钟三寸九分","1","1","2"
"御史范永銮","1","1","2"
"辽州同知李","1","1","2"
"州同知李文","1","1","2"
"同知李文察","1","1","2"
"知李文察进","1","1","2"
"所著乐书四","1","1","2"
"著乐书四种","1","1","2"
"宴飨九奏中","1","1","2"
"八方四海庆","1","1","2"
"方四海庆太","1","1","2"
"四海庆太平","1","1","2"
"宝殿光辉晴","1","1","2"
"殿光辉晴天","1","1","2"
"献上齐天颂","1","1","2"
"龙楼凤阁彤","1","1","2"
"楼凤阁彤云","1","1","2"
"万年太平福","1","1","2"
"中华生圣主","1","1","2"
"三军勇气增","1","1","2"
"十万雄兵屯","1","1","2"
"百年礼乐重","1","1","2"
"年礼乐重兴","1","1","2"
"天洪武功臣","1","1","2"
"风调雨顺遍","1","1","2"
"远近桑麻相","1","1","2"
"十二月按律","1","1","2"
"本宫黄钟商","1","1","2"
"本宫夹钟宫","1","1","2"
"本宫姑洗商","1","1","2"
"本宫夹钟角","1","1","2"
"千里旌旗动","1","1","2"
"将士争先民","1","1","2"
"士争先民乐","1","1","2"
"本宫南吕商","1","1","2"
"听九奏箫韶","1","1","2"
"本宫大吕宫","1","1","2"
"玉帛钟鼓陈","1","1","2"
"高楼十二栏","1","1","2"
"钟山蟠苍龙","1","1","2"
"石城踞金虎","1","1","2"
"尝冯异滹沱","1","1","2"
"冯异滹沱饭","1","1","2"
"殿祥云紫气","1","1","2"
"太平清乐曲","1","1","2"
"百戏莲花盆","1","1","2"
"戏莲花盆队","1","1","2"
"莲花盆队舞","1","1","2"
"胜鼓采莲队","1","1","2"
"鼓采莲队舞","1","1","2"
"调雨顺百谷","1","1","2"
"黄童白叟鼓","2","0","2"
"童白叟鼓腹","2","0","2"
"白叟鼓腹讴","2","0","2"
"叟鼓腹讴歌","2","0","2"
"鼓腹讴歌承","2","0","2"
"腹讴歌承应","2","0","2"
"讴歌承应曲","2","0","2"
"阶班列众公","1","1","2"
"班列众公卿","1","1","2"
"祥云朝霞映","1","1","2"
"筑沧洲百尺","1","1","2"
"沧洲百尺城","1","1","2"
"敌兵战败神","1","1","2"
"兵战败神魂","1","1","2"
"战败神魂丧","1","1","2"
"天命德舞曲","2","0","2"
"野蚕成茧嘉","1","1","2"
"蚕成茧嘉禾","1","1","2"
"成茧嘉禾生","1","1","2"
"百戏莲盆队","1","1","2"
"戏莲盆队舞","1","1","2"
"圣主中兴振","1","1","2"
"燕乐蓬莱岛","1","1","2"
"龙鳞雉尾高","1","1","2"
"安四夷舞曲","1","1","2"
"祥云捧玉皇","1","1","2"
"九重天上六","1","1","2"
"重天上六飞","1","1","2"
"天上六飞龙","1","1","2"
"五色云间双","1","1","2"
"色云间双彩","1","1","2"
"云间双彩凤","1","1","2"
"紫云高捧唐","1","1","2"
"天下文明治","1","1","2"
"太平天子兴","1","1","2"
"平天子兴隆","1","1","2"
"缨鞭胜蛮夷","2","0","2"
"鞭胜蛮夷队","2","0","2"
"蛮夷队舞承","1","1","2"
"夷队舞承应","1","1","2"
"队舞承应曲","1","1","2"
"荡荡归王道","1","1","2"
"乐奏万花开","1","1","2"
"相传气候应","1","1","2"
"天使人生圣","1","1","2"
"风俗礼乐厚","1","1","2"
"贤臣良将保","1","1","2"
"臣良将保朝","1","1","2"
"良将保朝廷","1","1","2"
"金殿万年欢","1","1","2"
"甘露降山川","1","1","2"
"隐金鸾彩凤","1","1","2"
"俱奏百戏承","2","0","2"
"百官叩头礼","1","1","2"
"歌舞黄金殿","1","1","2"
"宝瑟瑶笙鼓","1","1","2"
"瑟瑶笙鼓吹","1","1","2"
"瑶笙鼓吹喧","1","1","2"
"人乐升平宴","1","1","2"
"黄花映玉阶","1","1","2"
"公桑蚕绩制","1","1","2"
"水光山色明","1","1","2"
"光山色明仙","1","1","2"
"九月风光何","1","1","2"
"月风光何处","1","1","2"
"万岁君王频","1","1","2"
"岁君王频进","1","1","2"
"君王频进酒","1","1","2"
"气候变冬春","1","1","2"
"春云缭绕芳","1","1","2"
"云缭绕芳郊","1","1","2"
"兰皋蕙圃迎","1","1","2"
"永固海波清","1","1","2"
"仁孝明忠义","1","1","2"
"高捧金波碧","1","1","2"
"捧金波碧玉","1","1","2"
"金波碧玉瓯","1","1","2"
"王政皇天保","1","1","2"
"政皇天保佑","1","1","2"
"锦绣景相连","1","1","2"
"风调雨顺五","1","1","2"
"调雨顺五谷","1","1","2"
"祭境内山川","2","0","2"
"文武大臣一","1","1","2"
"太子率百官","1","1","2"
"百官文华殿","2","0","2"
"文华殿庆贺","1","1","2"
"龙亭仪仗大","1","1","2"
"亭仪仗大乐","1","1","2"
"文武二品上","2","0","2"
"鼓乐送使者","1","1","2"
"加称皇太孙","1","1","2"
"设宣读案承","2","0","2"
"宣读案承天","2","0","2"
"读案承天门","2","0","2"
"案承天门上","2","0","2"
"迎承天门上","2","0","2"
"宣读展读官","1","1","2"
"礼部官捧置","2","0","2"
"赞礼唱俯伏","2","0","2"
"百官入丹墀","2","0","2"
"翰林院官捧","2","0","2"
"林院官捧诏","2","0","2"
"院官捧诏书","2","0","2"
"官捧诏书授","2","0","2"
"高皇后功德","1","1","2"
"皇后功德光","1","1","2"
"监修官捧表","2","0","2"
"修官捧表置","2","0","2"
"内殿百官行","1","1","2"
"监修总裁官","1","1","2"
"王冕服就位","2","0","2"
"百官朝服随","2","0","2"
"官朝服随班","2","0","2"
"朝服随班行","2","0","2"
"祖父皇帝陛","1","1","2"
"大兄皇帝陛","1","1","2"
"兄皇帝陛下","1","1","2"
"尊嫂皇后殿","1","1","2"
"嫂皇后殿下","1","1","2"
"伯父皇帝陛","1","1","2"
"叔父皇帝陛","1","1","2"
"伯母皇后殿","1","1","2"
"叔母皇后殿","1","1","2"
"称皇帝皇后","1","1","2"
"叔祖皇帝陛","1","1","2"
"祖皇帝陛下","1","1","2"
"叔祖母皇后","1","1","2"
"仪仗鼓乐百","1","1","2"
"仗鼓乐百官","1","1","2"
"乡饮酒礼图","1","1","2"
"饮酒礼图式","1","1","2"
"岁正月十五","2","0","2"
"赞礼唱司正","2","0","2"
"诣盥洗爵洗","2","0","2"
"盥洗爵洗位","2","0","2"
"中书省奏闻","2","0","2"
"二十七年四","1","1","2"
"奉天殿朝见","1","1","2"
"遣应天府同","1","1","2"
"应天府同知","1","1","2"
"承制官称后","1","1","2"
"承制官复命","1","1","2"
"见左司郎中","1","1","2"
"左司郎中等","1","1","2"
"皇太子座御","2","0","2"
"太子座御座","2","0","2"
"子座御座东","2","0","2"
"上正中设皇","1","1","2"
"正中设皇太","1","1","2"
"左右司官坐","1","1","2"
"都督府御史","1","1","2"
"督府御史台","1","1","2"
"仪仗鼓乐前","2","0","2"
"仗鼓乐前导","2","0","2"
"奉旨官酌酒","1","1","2"
"遣使者奉诏","1","1","2"
"使者奉诏书","1","1","2"
"国门外公馆","1","1","2"
"门外公馆设","1","1","2"
"备金鼓仪仗","1","1","2"
"金鼓仪仗大","1","1","2"
"鼓仪仗大乐","1","1","2"
"设捧诏官位","1","1","2"
"使者分宾主","1","1","2"
"者分宾主行","1","1","2"
"分宾主行礼","1","1","2"
"捧表笺官捧","1","1","2"
"捧表官取表","1","1","2"
"二品见一品","2","0","2"
"凡文武官公","2","0","2"
"巡抚官位次","1","1","2"
"官员相遇回","1","1","2"
"员相遇回避","1","1","2"
"品引马侧立","2","0","2"
"品趋右道行","2","0","2"
"大小衙门官","1","1","2"
"小衙门官员","1","1","2"
"民间士农工","1","1","2"
"间士农工商","1","1","2"
"民间子孙弟","1","1","2"
"百辟陪祀兮","2","0","2"
"粗陈菲荐兮","2","0","2"
"龙车凤辇兮","2","0","2"
"车凤辇兮驾","2","0","2"
"凤辇兮驾飞","2","0","2"
"辇兮驾飞扬","2","0","2"
"遥瞻冉冉兮","2","0","2"
"烝民兮永康","2","0","2"
"香烟缭绕兮","2","0","2"
"臣同率土兮","2","0","2"
"予令乐舞兮","2","0","2"
"予首兮奉送","2","0","2"
"洪武三年夕","1","1","2"
"武三年夕月","1","1","2"
"三年夕月乐","1","1","2"
"年夕月乐章","1","1","2"
"周天星辰乐","1","1","2"
"天星辰乐章","1","1","2"
"备筵率职兮","2","0","2"
"感时毖祀兮","2","0","2"
"仰祖宗兮永","2","0","2"
"祖宗兮永慕","2","0","2"
"宗兮永慕哉","2","0","2"
"恩德兮惟忡","2","0","2"
"万祀陟降何","1","1","2"
"尚书崔亮请","1","1","2"
"都留守司官","1","1","2"
"士乐韶凤等","1","1","2"
"岁春秋仲月","2","0","2"
"遣太常宗正","1","1","2"
"太常宗正卿","1","1","2"
"常宗正卿朝","1","1","2"
"太子下皆四","2","0","2"
"驸马都尉行","2","0","2"
"马都尉行礼","2","0","2"
"天寿山陵寝","1","1","2"
"衣卫官校巡","1","1","2"
"工部钦天监","1","1","2"
"部钦天监官","1","1","2"
"南京司礼太","1","1","2"
"京司礼太监","1","1","2"
"礼太监陈祖","1","1","2"
"太监陈祖圭","1","1","2"
"遣内官监护","1","1","2"
"护凤阳皇陵","1","1","2"
"西山景皇帝","1","1","2"
"山景皇帝陵","1","1","2"
"节遣官上陵","2","0","2"
"奉先殿多沿","1","1","2"
"二三后配葬","1","1","2"
"孝惠三后神","2","0","2"
"太皇太后者","2","0","2"
"祭告长陵等","1","1","2"
"告长陵等七","1","1","2"
"长陵等七陵","1","1","2"
"工部尚书顾","1","1","2"
"部尚书顾璘","1","1","2"
"尚书顾璘请","1","1","2"
"显陵圣制歌","1","1","2"
"陵圣制歌诗","1","1","2"
"天府守备太","1","1","2"
"府守备太监","1","1","2"
"守备太监傅","1","1","2"
"备太监傅霖","1","1","2"
"天寿山红门","1","1","2"
"门外石牌坊","1","1","2"
"外石牌坊一","1","1","2"
"洪武八年四","1","1","2"
"武八年四月","1","1","2"
"穆皇太后忌","1","1","2"
"皇太后忌日","1","1","2"
"帝后忌辰祭","2","0","2"
"西华门内壬","2","0","2"
"华门内壬地","2","0","2"
"门内壬地设","2","0","2"
"内壬地设御","2","0","2"
"壬地设御幄","2","0","2"
"皇帝素服乘","2","0","2"
"帝素服乘舆","2","0","2"
"素服乘舆诣","2","0","2"
"服乘舆诣幄","2","0","2"
"公大臣丧仪","2","0","2"
"塞外都督等","1","1","2"
"外都督等官","1","1","2"
"外国使臣病","1","1","2"
"设百官陪哭","1","1","2"
"百官陪哭位","1","1","2"
"位讣者位北","2","0","2"
"太常卿奏止","2","0","2"
"常卿奏止哭","2","0","2"
"拱卫司设大","1","1","2"
"侍仪司设百","1","1","2"
"仪司设百官","1","1","2"
"主妇下哭位","2","0","2"
"转报内使监","1","1","2"
"下哭位丧寝","2","0","2"
"备仪仗导引","1","1","2"
"制皇后齐衰","1","1","2"
"麻布六十匹","1","1","2"
"丧主代受册","1","1","2"
"主代受册命","1","1","2"
"书李承勋亲","1","1","2"
"隆庆元年十","1","1","2"
"庆元年十二","1","1","2"
"祭葬加一等","1","1","2"
"讲读官五品","1","1","2"
"读官五品本","1","1","2"
"官五品本身","1","1","2"
"大学士赠一","1","1","2"
"学士赠一品","1","1","2"
"共历三年上","2","0","2"
"历三年上者","2","0","2"
"勋加太子太","1","1","2"
"衣卫指挥祭","1","1","2"
"葬开平王常","1","1","2"
"段长一丈八","1","1","2"
"长一丈八尺","1","1","2"
"碑身高九尺","1","1","2"
"高三尺八寸","1","1","2"
"天禄辟邪盖","1","1","2"
"一尺八寸止","1","1","2"
"五尺五寸止","1","1","2"
"二尺二寸止","1","1","2"
"二尺四寸止","1","1","2"
"高一丈四尺","1","1","2"
"坟墙高九尺","1","1","2"
"盱眙扬王坟","1","1","2"
"宿州徐王坟","1","1","2"
"王坟置坟户","2","0","2"
"坟户九十三","1","1","2"
"滁州滁阳王","1","1","2"
"州滁阳王坟","1","1","2"
"李文忠等十","1","1","2"
"文忠等十四","1","1","2"
"忠等十四人","1","1","2"
"史张邦俊请","1","1","2"
"魏学曾等十","1","1","2"
"学曾等十四","1","1","2"
"曾等十四人","1","1","2"
"正域所请伍","1","1","2"
"域所请伍文","1","1","2"
"所请伍文定","1","1","2"
"请伍文定等","1","1","2"
"九卿台省会","1","1","2"
"事中彭汝楠","1","1","2"
"开国功臣李","1","1","2"
"国功臣李善","1","1","2"
"李善长等十","1","1","2"
"善长等十四","1","1","2"
"长等十四人","1","1","2"
"蒋钦等十四","1","1","2"
"钦等十四人","1","1","2"
"臣左光斗等","1","1","2"
"左光斗等九","1","1","2"
"光斗等九人","1","1","2"
"子孙贤能者","1","1","2"
"道路数千里","1","1","2"
"父母承重者","2","0","2"
"御史高元侃","1","1","2"
"尚书牛谅等","1","1","2"
"天理人情所","1","1","2"
"曾高祖父母","1","1","2"
"曰齐衰杖期","2","0","2"
"齐衰杖期者","2","0","2"
"母长子众子","2","0","2"
"姑姊妹室者","2","0","2"
"兄弟兄弟子","2","0","2"
"父同居两大","2","0","2"
"同居两大功","2","0","2"
"妇人夫亲兄","2","0","2"
"人夫亲兄弟","2","0","2"
"夫亲兄弟子","2","0","2"
"兄弟姊妹室","2","0","2"
"弟姊妹室者","2","0","2"
"姑姊妹兄弟","2","0","2"
"姊妹兄弟女","2","0","2"
"兄弟女嫁者","2","0","2"
"伯叔祖父母","2","0","2"
"同堂伯叔父","2","0","2"
"堂伯叔父母","2","0","2"
"堂兄弟女室","2","0","2"
"同堂姊妹嫁","2","0","2"
"堂姊妹嫁者","2","0","2"
"兄弟女孙室","2","0","2"
"弟女孙室者","2","0","2"
"族曾祖父母","1","1","2"
"同堂兄弟孙","2","0","2"
"堂兄弟子妇","2","0","2"
"同堂兄弟妻","2","0","2"
"祖姑祖姑室","2","0","2"
"姑祖姑室者","2","0","2"
"靖十八年正","1","1","2"
"所著礼仪制","1","1","2"
"著礼仪制度","1","1","2"
"皇高祖居中","1","1","2"
"洛阳立高庙","1","1","2"
"光烈皇后更","1","1","2"
"烈皇后更衣","1","1","2"
"唐高祖尊高","1","1","2"
"高祖尊高曾","1","1","2"
"祖尊高曾祖","1","1","2"
"尊高曾祖考","2","0","2"
"九世十一室","1","1","2"
"太祖追尊僖","1","1","2"
"追尊高曾祖","1","1","2"
"上皇高祖考","2","0","2"
"诏制太庙祭","1","1","2"
"制太庙祭器","1","1","2"
"称孝子皇帝","1","1","2"
"遣皇太子行","1","1","2"
"皇后神主祔","2","0","2"
"宗神主祔庙","2","0","2"
"皇帝服浅淡","1","1","2"
"司礼监官跪","1","1","2"
"礼监官跪请","1","1","2"
"统七年十二","1","1","2"
"列祖神位前","1","1","2"
"唱请宣宗皇","1","1","2"
"请宣宗皇帝","1","1","2"
"宣宗皇帝朝","1","1","2"
"宗皇帝朝见","1","1","2"
"内侍捧宣宗","1","1","2"
"侍捧宣宗衣","1","1","2"
"捧宣宗衣冠","1","1","2"
"太庙寝殿后","1","1","2"
"部侍郎杨守","1","1","2"
"侍郎杨守陈","1","1","2"
"仪物贮神库","2","0","2"
"祖神主祧庙","2","0","2"
"迁七宗神位","1","1","2"
"谕大学士李","1","1","2"
"父子兄弟同","1","1","2"
"子兄弟同处","1","1","2"
"兄弟同处一","1","1","2"
"弟同处一堂","1","1","2"
"尚书夏言奏","1","1","2"
"古诸侯助祭","2","0","2"
"先臣丘浚谓","2","0","2"
"礼部尚书湛","1","1","2"
"部尚书湛若","1","1","2"
"尚书湛若水","1","1","2"
"书湛若水请","1","1","2"
"南京奉先殿","1","1","2"
"张孚敬等言","2","0","2"
"宗献皇帝庙","1","1","2"
"文武大臣捧","1","1","2"
"奉安景神殿","2","0","2"
"复同堂异室","1","1","2"
"部尚书费寀","2","0","2"
"尚书徐阶等","1","1","2"
"隆庆六年八","1","1","2"
"庆六年八月","1","1","2"
"礼科陆树德","1","1","2"
"洪文衡请祧","2","0","2"
"文衡请祧宪","2","0","2"
"衡请祧宪宗","2","0","2"
"哲宗同一世","1","1","2"
"钦宗同一世","1","1","2"
"上合二祖仅","1","1","2"
"祖皇考妣东","2","0","2"
"皇考妣东第","2","0","2"
"国家追尊四","1","1","2"
"家追尊四庙","1","1","2"
"皇初祖神牌","1","1","2"
"祖神位太庙","2","0","2"
"神位太庙正","2","0","2"
"大祀圜丘仪","1","1","2"
"设德祖神位","1","1","2"
"成祖七宗主","2","0","2"
"臣八人分献","2","0","2"
"八人分献诸","2","0","2"
"尚书崔亮言","2","0","2"
"正殿中设德","1","1","2"
"殿中设德祖","1","1","2"
"宣宗皇帝忌","1","1","2"
"宗皇帝忌辰","1","1","2"
"慈懿太后丧","1","1","2"
"武宗东西相","1","1","2"
"正德元年例","1","1","2"
"常馔鹅羹饭","2","0","2"
"厚一寸二分","1","1","2"
"奉天殿中设","1","1","2"
"皇妣神御前","2","0","2"
"册宝舆奉天","2","0","2"
"鸿胪寺奏请","1","1","2"
"册宝官捧前","2","0","2"
"宝官捧前行","2","0","2"
"太庙中门外","1","1","2"
"奏迎神奏乐","1","1","2"
"六月丁未朔","1","1","2"
"十一日丁巳","1","1","2"
"宝官宝跪进","2","0","2"
"付翰林院撰","1","1","2"
"册宝置舆中","2","0","2"
"随思善门外","2","0","2"
"孝皇后神位","1","1","2"
"皇后神位前","1","1","2"
"改题仁孝皇","1","1","2"
"题仁孝皇后","1","1","2"
"睿宗知天守","1","1","2"
"宗知天守道","1","1","2"
"助行亚献礼","1","1","2"
"文武官命妇","1","1","2"
"行改题神主","1","1","2"
"督学称较字","1","1","2"
"犯庙讳御名","1","1","2"
"太祖吴元年","2","0","2"
"年十二月将","1","1","2"
"国李善长等","1","1","2"
"长率礼官奏","1","1","2"
"侍仪司设表","2","0","2"
"仪司设表案","2","0","2"
"宿卫镇抚二","1","1","2"
"卫镇抚二人","1","1","2"
"护卫百户二","1","1","2"
"卫百户二十","1","1","2"
"百户二十四","1","1","2"
"户二十四人","1","1","2"
"文武官位北","2","0","2"
"引文武班四","1","1","2"
"文武班四人","1","1","2"
"引殿前班二","1","1","2"
"殿前班二人","1","1","2"
"二人引文武","2","0","2"
"人引文武班","2","0","2"
"举表案二人","1","1","2"
"举殿上表案","1","1","2"
"殿上表案二","1","1","2"
"上表案二人","1","1","2"
"上设殿前班","1","1","2"
"设殿前班指","1","1","2"
"殿前班指挥","1","1","2"
"前班指挥司","1","1","2"
"班指挥司官","1","1","2"
"指挥司官三","1","1","2"
"挥司官三人","1","1","2"
"宣徽院官三","1","1","2"
"徽院官三人","1","1","2"
"护卫千户八","1","1","2"
"卫千户八人","1","1","2"
"天武将军四","1","1","2"
"武将军四人","1","1","2"
"卷帘将军二","1","1","2"
"帘将军二人","1","1","2"
"大乐鼓吹振","2","0","2"
"乐鼓吹振作","2","0","2"
"陈御座奉天","2","0","2"
"钦天监设定","1","1","2"
"天监设定时","1","1","2"
"监设定时鼓","1","1","2"
"设帷幄御座","1","1","2"
"备翼善冠服","1","1","2"
"庄肃皇后前","1","1","2"
"鸿胪寺官请","1","1","2"
"明太祖洪武","1","1","2"
"尚宝司设御","2","0","2"
"宝司设御座","2","0","2"
"司设御座奉","2","0","2"
"教坊司陈大","2","0","2"
"坊司陈大乐","2","0","2"
"乐丹陛东西","2","0","2"
"卫设护卫官","2","0","2"
"锦衣卫设将","2","0","2"
"衣卫设将军","2","0","2"
"宣表等官位","1","1","2"
"等官位殿内","2","0","2"
"尚宝司捧宝","1","1","2"
"导驾官前导","2","0","2"
"宣表目官跪","1","1","2"
"展表官取表","1","1","2"
"代致词官跪","1","1","2"
"尚宝官捧宝","1","1","2"
"丹陛中道左","1","1","2"
"陛中道左右","1","1","2"
"议顺天府官","1","1","2"
"殿见群臣曰","2","0","2"
"省府台部官","1","1","2"
"华盖殿行礼","1","1","2"
"丹墀左右木","1","1","2"
"墀左右木栅","1","1","2"
"群臣早朝奏","1","1","2"
"臣早朝奏事","1","1","2"
"右顺门内便","1","1","2"
"顺门内便殿","1","1","2"
"门内便殿奏","1","1","2"
"内便殿奏事","1","1","2"
"执事奏事官","1","1","2"
"六部奏事官","1","1","2"
"六科侍班官","1","1","2"
"令常朝官礼","1","1","2"
"令常朝日记","1","1","2"
"常朝日记注","1","1","2"
"令朝参将军","1","1","2"
"朝参将军先","1","1","2"
"京杂职官员","1","1","2"
"照办事衙门","1","1","2"
"丹陛上正中","1","1","2"
"殿前执事班","1","1","2"
"钦诣父皇陛","2","0","2"
"赞礼引皇太","2","0","2"
"皇太子致词","1","1","2"
"朝贺皇太后","1","1","2"
"贺皇太后礼","1","1","2"
"王府官皆跪","2","0","2"
"便殿行家人","1","1","2"
"入奉天门行","1","1","2"
"奉天门行礼","1","1","2"
"午门外行礼","1","1","2"
"行太仆寺苑","1","1","2"
"太仆寺苑马","1","1","2"
"仆寺苑马寺","1","1","2"
"寺苑马寺卿","1","1","2"
"月十六日朝","1","1","2"
"十六日朝见","1","1","2"
"皇后受群臣","2","0","2"
"后受群臣贺","2","0","2"
"设皇后宝座","1","1","2"
"幄次宫门外","2","0","2"
"司宾导外命","2","0","2"
"宾导外命妇","2","0","2"
"入殿前中道","1","1","2"
"班首诸命妇","2","0","2"
"首诸命妇皆","2","0","2"
"诸命妇皆跪","2","0","2"
"设笺案殿东","2","0","2"
"东阶升入殿","1","1","2"
"阶升入殿东","1","1","2"
"升入殿东门","1","1","2"
"千秋节致词","2","0","2"
"秋节致词云","2","0","2"
"引礼女官引","1","1","2"
"明洪武十四","1","1","2"
"中郑相同请","1","1","2"
"衣卫设仪仗","1","1","2"
"文华门内东","1","1","2"
"华门内东西","1","1","2"
"设传令宣笺","1","1","2"
"传令宣笺等","1","1","2"
"令宣笺等官","1","1","2"
"宣笺等官位","1","1","2"
"遇皇太子殿","1","1","2"
"武元年十二","1","1","2"
"皇太子答后","2","0","2"
"太子答后二","2","0","2"
"皇太子常服","2","0","2"
"设百官侍立","1","1","2"
"群臣上殿称","1","1","2"
"臣上殿称万","1","1","2"
"上殿称万岁","1","1","2"
"殿庭设九部","1","1","2"
"奉天门赐百","1","1","2"
"天门赐百官","1","1","2"
"门赐百官宴","1","1","2"
"宣德五年冬","1","1","2"
"赐府部堂上","1","1","2"
"近侍锦衣卫","1","1","2"
"天下进笺官","1","1","2"
"赐内外命妇","1","1","2"
"内外命妇饭","1","1","2"
"设护卫官二","1","1","2"
"护卫官二十","1","1","2"
"卫官二十四","1","1","2"
"设九奏乐歌","1","1","2"
"光禄寺开爵","1","1","2"
"禄寺开爵注","1","1","2"
"寺开爵注酒","1","1","2"
"禄寺官进汤","1","1","2"
"序班供群臣","2","0","2"
"群臣分东西","1","1","2"
"丞相夫人捧","1","1","2"
"相夫人捧寿","1","1","2"
"夫人捧寿花","1","1","2"
"尊崇皇太妃","1","1","2"
"载皇太后上","1","1","2"
"庆典推崇皇","1","1","2"
"典推崇皇太","1","1","2"
"推崇皇太后","1","1","2"
"上徽号致词","1","1","2"
"告太宗皇帝","1","1","2"
"设皇太后宝","1","1","2"
"皇太后宝座","1","1","2"
"奉册宝官册","2","0","2"
"册宝官册宝","2","0","2"
"思善门外桥","1","1","2"
"执事官跪受","2","0","2"
"传唱百官同","1","1","2"
"皇帝奉皇太","1","1","2"
"皇帝率皇后","1","1","2"
"外命妇四品","1","1","2"
"恭惟皇太后","2","0","2"
"太后陛下尊","1","1","2"
"后陛下尊居","1","1","2"
"改皇太后致","1","1","2"
"皇太后致词","1","1","2"
"元年二月上","1","1","2"
"年二月上尊","1","1","2"
"二月上尊号","1","1","2"
"庄肃皇后免","1","1","2"
"命妇进表庆","1","1","2"
"妇进表庆贺","1","1","2"
"进表庆贺致","1","1","2"
"表庆贺致词","1","1","2"
"皇太子妃礼","1","1","2"
"帝服皮弁服","2","0","2"
"命中书省翰","1","1","2"
"中书省翰林","1","1","2"
"书省翰林院","1","1","2"
"天子太社必","1","1","2"
"受风雨霜露","1","1","2"
"坛北建祭殿","1","1","2"
"北建祭殿五","1","1","2"
"建祭殿五间","1","1","2"
"诸神合祭城","2","0","2"
"神合祭城南","2","0","2"
"社祭五土祇","2","0","2"
"社稷共一坛","2","0","2"
"北京社稷坛","1","1","2"
"治十七年八","1","1","2"
"嘉靖九年谕","1","1","2"
"更正社稷坛","1","1","2"
"正社稷坛配","1","1","2"
"社稷坛配位","1","1","2"
"西苑豳风亭","1","1","2"
"苑豳风亭西","1","1","2"
"西苑土谷坛","1","1","2"
"洪武四年建","1","1","2"
"称国社国稷","1","1","2"
"社稷山川等","1","1","2"
"洪武元年颁","1","1","2"
"祀五土五谷","1","1","2"
"大报天主日","2","0","2"
"星辰祔祭月","2","0","2"
"辰祔祭月坛","2","0","2"
"祀仪社稷同","2","0","2"
"周天星辰共","1","1","2"
"天星辰共一","1","1","2"
"星辰共一坛","1","1","2"
"夕月迎神饮","1","1","2"
"月迎神饮福","1","1","2"
"礼部上朝日","2","0","2"
"太岁坛西南","1","1","2"
"护坛地六百","1","1","2"
"坛地六百亩","1","1","2"
"地九十余亩","1","1","2"
"翼善冠黄袍","2","0","2"
"上中下农夫","1","1","2"
"丹陛上东西","1","1","2"
"户部尚书先","1","1","2"
"部尚书先祭","1","1","2"
"尚书先祭先","1","1","2"
"书先祭先农","1","1","2"
"者天子亲耕","2","0","2"
"安定门外建","1","1","2"
"定门外建先","1","1","2"
"门外建先蚕","1","1","2"
"外建先蚕坛","1","1","2"
"尚书李时等","1","1","2"
"内设蚕宫令","1","1","2"
"采桑台高一","1","1","2"
"桑台高一尺","1","1","2"
"台高一尺四","1","1","2"
"高一尺四寸","1","1","2"
"女乐司设监","1","1","2"
"乐司设监备","1","1","2"
"司设监备仪","1","1","2"
"设监备仪仗","1","1","2"
"内侍奏请降","2","0","2"
"内命妇一人","2","0","2"
"赐蚕母酒食","1","1","2"
"外命妇文武","1","1","2"
"命妇文武二","1","1","2"
"妇文武二品","1","1","2"
"行三盆手礼","1","1","2"
"尚衣织染监","1","1","2"
"衣织染监局","1","1","2"
"先蚕坛殿工","1","1","2"
"改筑先蚕坛","1","1","2"
"青州儒生李","1","1","2"
"州儒生李时","1","1","2"
"尚书牛谅言","2","0","2"
"三坛行一次","1","1","2"
"坛行一次礼","1","1","2"
"分日告祭太","1","1","2"
"日告祭太庙","1","1","2"
"岳镇海渎天","2","0","2"
"镇海渎天下","2","0","2"
"旗纛承天门","2","0","2"
"设风云雷雨","1","1","2"
"正统九年三","1","1","2"
"统九年三月","1","1","2"
"祭告天寿山","1","1","2"
"巡抚祭告北","1","1","2"
"抚祭告北岳","1","1","2"
"方献夫等言","2","0","2"
"旧例山川等","1","1","2"
"岳镇名山祝","1","1","2"
"镇名山祝祷","1","1","2"
"地祇坛祈告","1","1","2"
"远近名山大","1","1","2"
"近名山大川","1","1","2"
"坛正阳门外","2","0","2"
"正阳门外天","1","1","2"
"阳门外天地","1","1","2"
"门外天地坛","1","1","2"
"外天地坛西","1","1","2"
"夏秋冬四季","1","1","2"
"秋冬四季月","1","1","2"
"冬四季月将","1","1","2"
"次六纛大神","1","1","2"
"阵前阵后诸","1","1","2"
"前阵后诸神","1","1","2"
"秋分后三日","2","0","2"
"山川坛诸神","1","1","2"
"定山川坛制","1","1","2"
"定正殿七坛","1","1","2"
"十三坛诸神","1","1","2"
"岁八月中旬","2","0","2"
"加上皇天上","1","1","2"
"皇上亲献大","1","1","2"
"上亲献大明","1","1","2"
"亲献大明坛","1","1","2"
"献爵复位后","1","1","2"
"神享祭坛正","1","1","2"
"享祭坛正南","1","1","2"
"天寿节前三","1","1","2"
"立秋后辰日","1","1","2"
"立冬后亥日","1","1","2"
"十日十二时","1","1","2"
"云雷雨诸天","1","1","2"
"雷雨诸天神","1","1","2"
"雨诸天神合","1","1","2"
"神阴阳一气","1","1","2"
"秋月将二坛","1","1","2"
"冬月将二坛","1","1","2"
"风云雷雨师","1","1","2"
"虞舜祭四岳","1","1","2"
"五岳四镇四","1","1","2"
"岳四镇四渎","1","1","2"
"分东西南北","1","1","2"
"西南北中五","1","1","2"
"天下山川城","1","1","2"
"下山川城隍","1","1","2"
"山川城隍诸","1","1","2"
"川城隍诸地","1","1","2"
"命官十八人","2","0","2"
"祭天下岳镇","1","1","2"
"天下岳镇海","1","1","2"
"岳镇海渎神","2","0","2"
"白金二十五","2","0","2"
"金二十五两","2","0","2"
"定岳镇海渎","1","1","2"
"前代所封名","1","1","2"
"代所封名号","1","1","2"
"定州曲阳县","1","1","2"
"祀汴梁诸神","1","1","2"
"正山川神号","1","1","2"
"省山川居中","1","1","2"
"外国山川东","1","1","2"
"国山川东西","1","1","2"
"山川东西向","1","1","2"
"定王国祭山","1","1","2"
"王国祭山川","1","1","2"
"缙云城隍记","1","1","2"
"成都城隍祠","1","1","2"
"李德裕所建","1","1","2"
"祭黄州城隍","1","1","2"
"黄州城隍文","1","1","2"
"芜湖城隍庙","1","1","2"
"湖城隍庙建","1","1","2"
"高齐慕容俨","1","1","2"
"祭洪州城隍","1","1","2"
"洪州城隍文","1","1","2"
"府州县城隍","1","1","2"
"中都城隍神","1","1","2"
"都城隍神主","1","1","2"
"十一年改建","1","1","2"
"山川坛春祭","1","1","2"
"仲秋祭旗纛","1","1","2"
"秋祭旗纛日","1","1","2"
"十一日神诞","2","0","2"
"太常寺堂上","1","1","2"
"常寺堂上官","1","1","2"
"堂上官行礼","2","0","2"
"深二丈五尺","1","1","2"
"王二次朝享","1","1","2"
"皇后率嫔妃","1","1","2"
"鹚〈老鸟〉","2","0","2"
"送光禄寺供","1","1","2"
"成祖迁都北","1","1","2"
"祖迁都北京","1","1","2"
"设酒果祭告","1","1","2"
"奉孝恭皇后","1","1","2"
"命所司议行","2","0","2"
"奉先殿神位","1","1","2"
"悼灵皇后神","1","1","2"
"灵皇后神主","1","1","2"
"奉慈殿孝惠","1","1","2"
"慈殿孝惠太","1","1","2"
"殿孝惠太后","1","1","2"
"辅臣张居正","1","1","2"
"臣张居正等","1","1","2"
"皇贵妃册封","1","1","2"
"告文执事人","1","1","2"
"追上母妃孝","1","1","2"
"上母妃孝穆","1","1","2"
"母妃孝穆太","1","1","2"
"妃孝穆太后","1","1","2"
"孝穆太后纪","1","1","2"
"穆太后纪氏","1","1","2"
"宋推尊太后","1","1","2"
"奉先殿外建","1","1","2"
"先殿外建一","1","1","2"
"奉慈殿正中","1","1","2"
"奉慈殿门外","1","1","2"
"穆皇太后神","1","1","2"
"跪请神主谒","1","1","2"
"皇太后下四","2","0","2"
"礼部尚书方","1","1","2"
"孝惠太皇太","1","1","2"
"惠太皇太后","1","1","2"
"太皇太后实","1","1","2"
"孝宗奉慈殿","1","1","2"
"世宗孝烈后","1","1","2"
"万历三年迁","1","1","2"
"迁祔奉先殿","2","0","2"
"监生何渊上","1","1","2"
"生何渊上书","1","1","2"
"尚书汪俊等","1","1","2"
"葺奉慈殿后","1","1","2"
"尚书席书等","1","1","2"
"献皇帝追称","1","1","2"
"皇帝追称帝","1","1","2"
"帝追称帝号","1","1","2"
"太宗同居昭","1","1","2"
"宗同居昭位","1","1","2"
"左庶子江汝","1","1","2"
"庶子江汝璧","1","1","2"
"子江汝璧请","1","1","2"
"右赞善郭希","1","1","2"
"赞善郭希颜","1","1","2"
"礼科王治请","1","1","2"
"礼科丁汝谦","1","1","2"
"科丁汝谦请","1","1","2"
"皇侄宝应王","1","1","2"
"春夏仁祖庙","2","0","2"
"仁祖庙东庑","2","0","2"
"皇帝行初献","1","1","2"
"帝行初献礼","1","1","2"
"御史徐文华","1","1","2"
"新建太庙成","1","1","2"
"卿裴应章言","2","0","2"
"设青布帏六","1","1","2"
"皇帝亚献将","1","1","2"
"定太庙合祭","1","1","2"
"使功臣故旧","1","1","2"
"朝廷宗庙盛","1","1","2"
"廷宗庙盛典","1","1","2"
"桑世杰十二","1","1","2"
"世杰十二位","1","1","2"
"礼部侍郎宋","1","1","2"
"部侍郎宋礼","1","1","2"
"尚宝少卿姚","1","1","2"
"宝少卿姚继","1","1","2"
"刑部郎中李","1","1","2"
"部郎中李瑜","1","1","2"
"合二庙功臣","1","1","2"
"新太庙西壁","1","1","2"
"尚书陶凯等","1","1","2"
"十丈九尺五","1","1","2"
"深四丈三尺","1","1","2"
"奏庙祀礼乐","1","1","2"
"奏定诸王国","1","1","2"
"定诸王国祭","1","1","2"
"诸王国祭祀","1","1","2"
"王国祭祀礼","1","1","2"
"国祭祀礼乐","1","1","2"
"靖江王长史","1","1","2"
"子弟捧祔主","2","0","2"
"读祝者一人","1","1","2"
"酒周洪谟言","2","0","2"
"合先王左昭","1","1","2"
"先王左昭右","1","1","2"
"王左昭右穆","1","1","2"
"遣秘书监丞","1","1","2"
"秘书监丞陶","1","1","2"
"书监丞陶谊","1","1","2"
"监丞陶谊等","1","1","2"
"遣太常寺乐","1","1","2"
"太常寺乐舞","1","1","2"
"常寺乐舞生","1","1","2"
"增祀隋高祖","2","0","2"
"帝王陵庙所","1","1","2"
"春秋仲月上","2","0","2"
"太庙同堂异","1","1","2"
"庙同堂异室","1","1","2"
"月上旬甲日","1","1","2"
"礼官李原名","1","1","2"
"遣南京太常","1","1","2"
"太常寺官行","2","0","2"
"常寺官行礼","2","0","2"
"八月壬辰亲","1","1","2"
"祀木华黎等","1","1","2"
"力牧左右配","1","1","2"
"高阳十大名","1","1","2"
"阳十大名医","1","1","2"
"立三皇五帝","1","1","2"
"三皇五帝庙","1","1","2"
"立伏羲氏庙","1","1","2"
"御史冯时雄","1","1","2"
"张机十四人","1","1","2"
"朱彦修十四","1","1","2"
"彦修十四人","1","1","2"
"太医院堂上","1","1","2"
"医院堂上官","1","1","2"
"官二员分献","2","0","2"
"羹酒果脯帛","1","1","2"
"酒果脯帛祭","1","1","2"
"文华殿东室","2","0","2"
"祀先圣先师","1","1","2"
"司业宋濂建","1","1","2"
"业宋濂建议","1","1","2"
"明太祖入江","1","1","2"
"太祖入江淮","1","1","2"
"祖入江淮府","1","1","2"
"洪武元年二","1","1","2"
"武元年二月","1","1","2"
"御奉天殿降","2","0","2"
"老成儒士充","1","1","2"
"遣翰林院官","1","1","2"
"万县训导李","1","1","2"
"县训导李译","1","1","2"
"命礼部考正","1","1","2"
"慈利教谕蒋","1","1","2"
"利教谕蒋明","1","1","2"
"教谕蒋明请","1","1","2"
"子孙教授裴","1","1","2"
"孙教授裴侃","1","1","2"
"立御制碑文","1","1","2"
"孔子宜称先","1","1","2"
"子宜称先圣","1","1","2"
"宜称先圣先","1","1","2"
"称先圣先师","1","1","2"
"称先贤先儒","1","1","2"
"秦冉等十二","1","1","2"
"冉等十二人","1","1","2"
"蘧瑗等六人","1","1","2"
"孔子祀典说","1","1","2"
"孔子祀典申","1","1","2"
"子祀典申记","1","1","2"
"正孔子庙祀","1","1","2"
"孔子庙祀典","1","1","2"
"御史黎贯等","1","1","2"
"陛下敬天尊","1","1","2"
"下敬天尊亲","1","1","2"
"称复圣颜子","1","1","2"
"述圣子思子","1","1","2"
"京国子监规","1","1","2"
"司业宋濂请","1","1","2"
"礼仪乐章多","1","1","2"
"少詹程敏政","1","1","2"
"中张九功推","1","1","2"
"礼官周洪谟","1","1","2"
"旗手卫官行","1","1","2"
"手卫官行礼","1","1","2"
"主宰战船正","1","1","2"
"宰战船正神","1","1","2"
"弓弩飞枪飞","1","1","2"
"弩飞枪飞石","1","1","2"
"飞枪飞石神","1","1","2"
"阵前阵后神","1","1","2"
"神机营提督","1","1","2"
"机营提督官","1","1","2"
"宫内大庖井","1","1","2"
"内大庖井前","1","1","2"
"奉天殿外文","1","1","2"
"天殿外文楼","1","1","2"
"殿外文楼前","1","1","2"
"赐名飞越峰","1","1","2"
"立北京马神","1","1","2"
"北京马神祠","1","1","2"
"道林真觉普","1","1","2"
"林真觉普济","1","1","2"
"真觉普济禅","1","1","2"
"觉普济禅师","1","1","2"
"普济禅师宝","1","1","2"
"济禅师宝志","1","1","2"
"元卫国忠肃","1","1","2"
"卫国忠肃公","1","1","2"
"国忠肃公福","1","1","2"
"忠肃公福寿","1","1","2"
"应天府官祭","2","0","2"
"汉前将军寿","1","1","2"
"前将军寿亭","1","1","2"
"将军寿亭侯","1","1","2"
"南京户部官","1","1","2"
"京太仆寺官","1","1","2"
"太仆寺官祭","2","0","2"
"功臣二十一","1","1","2"
"臣二十一人","1","1","2"
"故指挥千百","1","1","2"
"挥千百户卫","1","1","2"
"千百户卫所","1","1","2"
"百户卫所镇","1","1","2"
"户卫所镇抚","1","1","2"
"灵明显佑宫","1","1","2"
"汉寿亭侯关","1","1","2"
"寿亭侯关公","1","1","2"
"亭侯关公庙","1","1","2"
"京都太仓神","1","1","2"
"都太仓神庙","1","1","2"
"宋文丞相祠","1","1","2"
"太常博士刘","1","1","2"
"常博士刘履","1","1","2"
"博士刘履节","1","1","2"
"顺天府学西","1","1","2"
"洪恩灵济宫","1","1","2"
"嘉靖九年撤","1","1","2"
"诏天下神祇","1","1","2"
"礼科张九功","1","1","2"
"三清三境九","1","1","2"
"清三境九天","1","1","2"
"三境九天应","1","1","2"
"境九天应元","1","1","2"
"九天应元雷","1","1","2"
"天应元雷声","1","1","2"
"应元雷声普","1","1","2"
"元雷声普化","1","1","2"
"金玉阙真君","1","1","2"
"玉阙真君元","1","1","2"
"阙真君元君","1","1","2"
"牟尼文佛生","1","1","2"
"西方中天竺","1","1","2"
"方中天竺国","1","1","2"
"玉清元始天","1","1","2"
"清元始天尊","1","1","2"
"上清太上道","1","1","2"
"清太上道君","1","1","2"
"上清太上老","1","1","2"
"清太上老君","1","1","2"
"令修建吉祥","1","1","2"
"修建吉祥斋","1","1","2"
"遣官诣显灵","2","0","2"
"官诣显灵宫","2","0","2"
"祖师三天扶","1","1","2"
"师三天扶教","1","1","2"
"三天扶教辅","1","1","2"
"天扶教辅玄","1","1","2"
"扶教辅玄大","1","1","2"
"教辅玄大法","1","1","2"
"辅玄大法师","1","1","2"
"玄大法师真","1","1","2"
"大法师真君","1","1","2"
"正一靖应真","1","1","2"
"一靖应真君","1","1","2"
"正一嗣教真","1","1","2"
"一嗣教真人","1","1","2"
"显灵宫祭告","1","1","2"
"大小青龙神","1","1","2"
"童子入潭化","1","1","2"
"建大圆通寺","1","1","2"
"净乐王太子","1","1","2"
"国朝御制碑","2","0","2"
"朝御制碑谓","2","0","2"
"山重建庙宇","1","1","2"
"年三月三日","1","1","2"
"崇恩姓萨名","1","1","2"
"恩姓萨名坚","1","1","2"
"玉枢火府天","1","1","2"
"枢火府天将","1","1","2"
"火府天将王","1","1","2"
"府天将王灵","1","1","2"
"天将王灵官","1","1","2"
"能传灵官法","1","1","2"
"祀五代时徐","1","1","2"
"五代时徐温","1","1","2"
"新闽地庙宇","1","1","2"
"加封金阙真","1","1","2"
"封金阙真君","1","1","2"
"四时换袍服","1","1","2"
"金玉阙元君","1","1","2"
"东岳泰山神","2","0","2"
"南郊山川坛","2","0","2"
"顺天府西南","1","1","2"
"灵济宫祭祀","1","1","2"
"冠袍等物换","1","1","2"
"袍等物换回","1","1","2"
"鄱阳湖忠臣","1","1","2"
"阳湖忠臣祠","1","1","2"
"丁普郎等三","1","1","2"
"普郎等三十","1","1","2"
"郎等三十五","1","1","2"
"南昌忠臣祠","1","1","2"
"祀赵德胜等","1","1","2"
"德胜等十四","1","1","2"
"太平忠臣庙","1","1","2"
"金华忠臣祠","1","1","2"
"郡县山川龙","1","1","2"
"县山川龙神","1","1","2"
"山川龙神忠","1","1","2"
"川龙神忠烈","1","1","2"
"泰厉坛祭祀","1","1","2"
"设京省城隍","1","1","2"
"京省城隍神","1","1","2"
"省城隍神位","1","1","2"
"复长安南北","1","1","2"
"长安南北郊","1","1","2"
"京都大祀殿","1","1","2"
"奉先殿太祖","1","1","2"
"问大学士翟","1","1","2"
"问礼部尚书","1","1","2"
"礼部令群臣","1","1","2"
"千五六百年","1","1","2"
"郊祀新旧图","1","1","2"
"祀新旧图考","1","1","2"
"奉皇考仁祖","1","1","2"
"皇考仁祖淳","1","1","2"
"考仁祖淳皇","1","1","2"
"太宗中兴宗","1","1","2"
"朕崇敬祖考","1","1","2"
"事中夏言上","1","1","2"
"中夏言上疏","1","1","2"
"周人郊祀后","1","1","2"
"人郊祀后稷","1","1","2"
"日奉太祖配","1","1","2"
"昊天上帝神","1","1","2"
"天上帝神位","1","1","2"
"帝神位前跪","1","1","2"
"皇帝诣神位","2","0","2"
"帝诣神位前","2","0","2"
"爵授执事者","2","0","2"
"读祝官捧祝","1","1","2"
"皇太子下位","2","0","2"
"太子下位官","2","0","2"
"子下位官皆","2","0","2"
"仁祖神位前","1","1","2"
"奉天殿丹墀","1","1","2"
"期遍告百神","1","1","2"
"请命大臣三","1","1","2"
"请太祖祝版","1","1","2"
"太常光禄卿","1","1","2"
"常光禄卿奏","1","1","2"
"太常寺捧神","1","1","2"
"常寺捧神位","1","1","2"
"寺捧神位官","1","1","2"
"捧神位官复","1","1","2"
"神位官复命","1","1","2"
"百官分列神","1","1","2"
"官分列神路","1","1","2"
"分列神路东","1","1","2"
"列神路东西","1","1","2"
"左灵星门入","1","1","2"
"灵星门入内","1","1","2"
"典仪唱乐舞","1","1","2"
"仪唱乐舞生","1","1","2"
"唱乐舞生就","1","1","2"
"乐舞生就位","1","1","2"
"执事官十一","1","1","2"
"事官十一员","1","1","2"
"设神舆香案","1","1","2"
"圜丘左门外","1","1","2"
"行一三叩头","2","0","2"
"一三叩头礼","2","0","2"
"执事官先后","1","1","2"
"事官先后捧","1","1","2"
"官先后捧昊","1","1","2"
"先后捧昊天","1","1","2"
"后捧昊天上","1","1","2"
"捧昊天上帝","1","1","2"
"圜丘泰神殿","1","1","2"
"丘泰神殿门","1","1","2"
"泰神殿门外","1","1","2"
"行三献礼仪","1","1","2"
"太常寺官一","1","1","2"
"常寺官一员","1","1","2"
"部堂上官四","1","1","2"
"堂上官四员","1","1","2"
"太常执事官","1","1","2"
"常执事官代","1","1","2"
"定侯郭勋代","1","1","2"
"卜吉日行礼","1","1","2"
"遣官祭告郊","1","1","2"
"官祭告郊庙","1","1","2"
"孟夏后行礼","1","1","2"
"圜丘坛外泰","1","1","2"
"丘坛外泰元","1","1","2"
"坛外泰元门","1","1","2"
"扬州府同知","1","1","2"
"州府同知丰","1","1","2"
"府同知丰坊","1","1","2"
"同知丰坊上","1","1","2"
"知丰坊上疏","1","1","2"
"严父莫大配","2","0","2"
"父莫大配天","2","0","2"
"周人作明堂","1","1","2"
"明堂秋报大","1","1","2"
"堂秋报大礼","1","1","2"
"后世祀明堂","1","1","2"
"奉天殿大享","1","1","2"
"设臣下奏对","1","1","2"
"定献皇配帝","1","1","2"
"献皇配帝称","1","1","2"
"皇配帝称宗","1","1","2"
"奉睿宗献皇","1","1","2"
"宗献皇帝配","1","1","2"
"旧名钦安殿","1","1","2"
"令光禄寺分","1","1","2"
"季秋大享明","1","1","2"
"秋大享明堂","1","1","2"
"秋季大享上","1","1","2"
"季大享上帝","1","1","2"
"奉皇考睿宗","1","1","2"
"皇考睿宗配","1","1","2"
"考睿宗配享","1","1","2"
"帝定殿门名","1","1","2"
"周人宗祀文","1","1","2"
"人宗祀文王","1","1","2"
"命玄极宝殿","1","1","2"
"丹陛上行礼","1","1","2"
"月五星平立","1","1","2"
"五星平立定","1","1","2"
"星平立定三","1","1","2"
"京立四丈表","2","0","2"
"七丈九尺八","1","1","2"
"丈九尺八寸","1","1","2"
"九尺八寸五","1","1","2"
"尺八寸五分","1","1","2"
"随简仪测太","2","0","2"
"简仪测太阳","2","0","2"
"仪测太阳南","2","0","2"
"测太阳南地","2","0","2"
"太阳南地平","2","0","2"
"地平二十六","1","1","2"
"平二十六度","1","1","2"
"二十六度四","1","1","2"
"十六度四十","1","1","2"
"六度四十六","1","1","2"
"度四十六分","1","1","2"
"四十六分半","1","1","2"
"置周天半径","2","0","2"
"余五十四度","1","1","2"
"五十四度九","1","1","2"
"十四度九十","1","1","2"
"四度九十六","1","1","2"
"七分六十六","1","1","2"
"分六十六秒","1","1","2"
"日地半弧弦","2","0","2"
"长一丈一尺","1","1","2"
"一丈一尺七","1","1","2"
"丈一尺七寸","1","1","2"
"一尺七寸一","1","1","2"
"尺七寸一分","1","1","2"
"四十三度七","1","1","2"
"三度七十四","1","1","2"
"度七十四分","1","1","2"
"十三分二十","1","1","2"
"三分二十五","1","1","2"
"五十八度四","1","1","2"
"十八度四十","1","1","2"
"八度四十五","1","1","2"
"四十五分半","1","1","2"
"一百度七十","1","1","2"
"百度七十三","1","1","2"
"度七十三分","1","1","2"
"十度三十六","1","1","2"
"度三十六分","1","1","2"
"三十六分半","1","1","2"
"地度转减周","1","1","2"
"度转减周天","1","1","2"
"余四十度九","1","1","2"
"四十度九十","1","1","2"
"十度九十四","1","1","2"
"九十四分九","1","1","2"
"十四分九十","1","1","2"
"四分九十三","1","1","2"
"十三秒七十","1","1","2"
"三秒七十五","1","1","2"
"秒七十五微","1","1","2"
"二黄赤道内","2","0","2"
"内外半弧背","1","1","2"
"四度八十四","1","1","2"
"度八十四分","1","1","2"
"大句二十三","2","0","2"
"句二十三度","2","0","2"
"二十三度八","1","1","2"
"十三度八十","1","1","2"
"三度八十分","1","1","2"
"度八十分七","1","1","2"
"八十分七十","1","1","2"
"十分七十秒","1","1","2"
"六度零二分","1","1","2"
"度零二分六","1","1","2"
"零二分六十","1","1","2"
"二分六十八","1","1","2"
"分六十八秒","1","1","2"
"乘半弧背幕","2","0","2"
"初商乘上廉","1","1","2"
"下法乘初商","2","0","2"
"下法乘次商","2","0","2"
"四十三度五","1","1","2"
"十三度五十","1","1","2"
"三度五十分","1","1","2"
"置初商八十","2","0","2"
"商八十秒乘","1","1","2"
"乘上廉一万","2","0","2"
"百一十八度","1","1","2"
"一十八度五","1","1","2"
"十八度五八","1","1","2"
"八度五八四","1","1","2"
"度五八四五","1","1","2"
"方一百八十","1","1","2"
"零万四千七","2","0","2"
"零七度八五","1","1","2"
"七度八五九","1","1","2"
"度八五九三","1","1","2"
"八五九三七","1","1","2"
"五九三七五","1","1","2"
"零万四千五","2","0","2"
"四千五百八","1","1","2"
"千五百八十","1","1","2"
"五百八十九","1","1","2"
"百八十九度","1","1","2"
"八十九度二","1","1","2"
"十九度二七","1","1","2"
"九度二七四","1","1","2"
"度二七四八","1","1","2"
"二七四八七","1","1","2"
"七四八七五","1","1","2"
"一度九四七","1","1","2"
"度九四七九","1","1","2"
"九四七九九","1","1","2"
"四七九九九","1","1","2"
"七九九九四","1","1","2"
"九九九四八","1","1","2"
"九九四八八","1","1","2"
"四千五百九","1","1","2"
"千五百九十","1","1","2"
"五百九十一","1","1","2"
"百九十一度","1","1","2"
"九十一度二","1","1","2"
"十一度二二","1","1","2"
"一度二二二","1","1","2"
"度二二二八","1","1","2"
"二二二八七","1","1","2"
"二二八七四","1","1","2"
"二八七四四","1","1","2"
"八七四四八","1","1","2"
"七四四八八","1","1","2"
"度一三三六","1","1","2"
"一三三六一","1","1","2"
"三三六一二","1","1","2"
"三六一二五","1","1","2"
"零万四千四","2","0","2"
"四千四百六","1","1","2"
"四百六十七","1","1","2"
"七二五七六","1","1","2"
"二五七六二","1","1","2"
"五七六二五","1","1","2"
"次商八十二","1","1","2"
"商八十二秒","1","1","2"
"一秒三十一","1","1","2"
"秒三十一微","1","1","2"
"度四九九八","1","1","2"
"四九九八六","1","1","2"
"九九八六九","1","1","2"
"三度九十四","1","1","2"
"九十四分四","1","1","2"
"十四分四六","1","1","2"
"四分四六九","1","1","2"
"分四六九七","1","1","2"
"四六九七八","1","1","2"
"六九七八七","1","1","2"
"九七八七七","1","1","2"
"七八七七八","1","1","2"
"四千四百七","1","1","2"
"百七十一度","1","1","2"
"七十一度六","1","1","2"
"十一度六十","1","1","2"
"一度六十七","1","1","2"
"度六十七分","1","1","2"
"六十七分零","1","1","2"
"十七分零四","1","1","2"
"七分零四六","1","1","2"
"分零四六零","1","1","2"
"零四六零三","1","1","2"
"四六零三七","1","1","2"
"矢度八十二","2","0","2"
"度八十二秒","2","0","2"
"赤道小弦法","2","0","2"
"赤道横大句","2","0","2"
"差加赤道半","1","1","2"
"加赤道半弧","1","1","2"
"道半弧背一","1","1","2"
"求赤道积度","2","0","2"
"内减黄道矢","2","0","2"
"矢八十二秒","1","1","2"
"度八六六八","1","1","2"
"六度零二六","1","1","2"
"度零二六八","1","1","2"
"四百一十零","2","0","2"
"百一十零度","2","0","2"
"一十零度一","2","0","2"
"度一七二零","1","1","2"
"一七二零三","1","1","2"
"七二零三零","1","1","2"
"二零三零二","1","1","2"
"零三零二四","1","1","2"
"度八七五法","2","0","2"
"六度零一分","1","1","2"
"度零一分九","1","1","2"
"零一分九十","1","1","2"
"一分九十二","1","1","2"
"分九十二秒","1","1","2"
"十一度七五","1","1","2"
"置黄道半弧","2","0","2"
"减黄道半背","1","1","2"
"三十八度一","1","1","2"
"十八度一五","1","1","2"
"八度一五零","1","1","2"
"百三十九度","1","1","2"
"三十九度一","1","1","2"
"十九度一五","1","1","2"
"九度一五零","1","1","2"
"零度八十六","2","0","2"
"余九十七秒","1","1","2"
"道横弧矢九","1","1","2"
"横弧矢九十","1","1","2"
"弧矢九十七","1","1","2"
"矢九十七秒","1","1","2"
"九十四微零","1","1","2"
"十四微零九","1","1","2"
"赤道背弦差","1","1","2"
"赤道内外极","2","0","2"
"盈初缩末限","2","0","2"
"太阳北极度","2","0","2"
"冬后四十四","2","0","2"
"太阳赤道内","2","0","2"
"阳赤道内外","2","0","2"
"减黄道四十","1","1","2"
"小弦五十八","1","1","2"
"弦五十八度","1","1","2"
"五十八度三","1","1","2"
"十八度三十","1","1","2"
"八度三十五","1","1","2"
"度三十五分","1","1","2"
"三十五分六","1","1","2"
"余二度五十","1","1","2"
"内外半弧弦","1","1","2"
"外半弧弦二","1","1","2"
"一千零五十","1","1","2"
"五十一分四","1","1","2"
"十一分四二","1","1","2"
"一分四二三","1","1","2"
"分四二三八","1","1","2"
"一十七度二","2","0","2"
"道小弧矢二","1","1","2"
"小弧矢二度","1","1","2"
"弧矢二度五","1","1","2"
"矢二度五十","1","1","2"
"五分二十一","1","1","2"
"分二十一秒","1","1","2"
"一十七度三","2","0","2"
"象限九十一","1","1","2"
"限九十一度","1","1","2"
"九十一度三","1","1","2"
"十一度三十","1","1","2"
"一度三十一","1","1","2"
"度三十一分","1","1","2"
"三十一分四","1","1","2"
"十一分四十","1","1","2"
"一分四十三","1","1","2"
"四十三秒七","1","1","2"
"十七度三零","1","1","2"
"七度三零八","1","1","2"
"度三零八九","1","1","2"
"一百零八度","1","1","2"
"百零八度六","1","1","2"
"零八度六十","1","1","2"
"八度六十二","1","1","2"
"度六十二分","1","1","2"
"六十二分三","1","1","2"
"二分三十二","1","1","2"
"分三十二秒","1","1","2"
"三十二秒七","1","1","2"
"十二秒七五","1","1","2"
"容阔五度七","1","1","2"
"阔五度七十","1","1","2"
"入半弧弦二","1","1","2"
"除大股五十","1","1","2"
"十六度零六","1","1","2"
"六度零六分","1","1","2"
"度零六分五","1","1","2"
"零六分五十","1","1","2"
"六分五十秒","1","1","2"
"二度三十七","1","1","2"
"度三十七分","1","1","2"
"十三度四十","1","1","2"
"三度四十七","1","1","2"
"四十七分八","1","1","2"
"十七分八十","1","1","2"
"七分八十二","1","1","2"
"一十四度六","2","0","2"
"四度六十三","1","1","2"
"度六十三分","1","1","2"
"四度六十六","1","1","2"
"凉等六府秋","1","1","2"
"江西府州县","2","0","2"
"重庆等府夏","1","1","2"
"庆等府夏秋","1","1","2"
"锦衣等卫连","1","1","2"
"衣等卫连月","1","1","2"
"陕西洮州卫","1","1","2"
"保定等六府","1","1","2"
"历十一年八","1","1","2"
"一年八月庚","1","1","2"
"年八月庚戌","1","1","2"
"二十七年夏","1","1","2"
"三十九年夏","1","1","2"
"六年五月辛","1","1","2"
"丞相做事业","1","1","2"
"逐燕日高飞","1","1","2"
"高飞上帝畿","1","1","2"
"茄花遍地生","1","1","2"
"成都东门外","1","1","2"
"都东门外镇","1","1","2"
"东门外镇江","1","1","2"
"门外镇江桥","1","1","2"
"外镇江桥回","1","1","2"
"镇江桥回澜","1","1","2"
"江桥回澜塔","1","1","2"
"余一龙所修","1","1","2"
"邺台复邺台","1","1","2"
"弘治九年八","1","1","2"
"治九年八月","1","1","2"
"郎中何孟春","1","1","2"
"四十五年六","1","1","2"
"太医院吏目","1","1","2"
"医院吏目李","1","1","2"
"四十七年七","1","1","2"
"武十一年正","1","1","2"
"一年正月元","1","1","2"
"正月元旦甲","1","1","2"
"月元旦甲戌","1","1","2"
"建文二年四","1","1","2"
"文二年四月","1","1","2"
"化十三年六","1","1","2"
"年六月壬子","1","1","2"
"正德四年三","1","1","2"
"德四年三月","1","1","2"
"盖州卫城楼","1","1","2"
"嘉靖六年五","1","1","2"
"靖六年五月","1","1","2"
"六年五月甲","1","1","2"
"隆庆六年七","1","1","2"
"庆六年七月","1","1","2"
"六年七月七","1","1","2"
"年七月七日","1","1","2"
"直隶华亭海","1","1","2"
"隶华亭海滨","1","1","2"
"华亭海滨坠","1","1","2"
"二十一年十","1","1","2"
"一年十月甲","1","1","2"
"年十月甲申","1","1","2"
"二十六年五","1","1","2"
"六年五月庚","1","1","2"
"年五月庚寅","1","1","2"
"六年五月丁","1","1","2"
"山东镇南城","1","1","2"
"东镇南城楼","1","1","2"
"镇南城楼大","1","1","2"
"南城楼大炮","1","1","2"
"三年三月丙","1","1","2"
"州城隍庙古","1","1","2"
"城隍庙古钟","1","1","2"
"元年六月癸","1","1","2"
"弘治五年十","1","1","2"
"治五年十二","1","1","2"
"嘉靖七年十","1","1","2"
"靖七年十二","1","1","2"
"宣德六年六","1","1","2"
"德六年六月","1","1","2"
"温州飓风大","1","1","2"
"正统四年七","1","1","2"
"统四年七月","1","1","2"
"化十四年八","1","1","2"
"四年八月丁","1","1","2"
"五年八月辛","1","1","2"
"陕西靖虏卫","1","1","2"
"二年闰正月","1","1","2"
"年闰正月癸","1","1","2"
"闰正月癸亥","1","1","2"
"迁安大风拔","1","1","2"
"年二月己丑","1","1","2"
"九年二月丁","1","1","2"
"三年三月甲","1","1","2"
"十六年十二","1","1","2"
"元年七月己","1","1","2"
"历十八年三","1","1","2"
"八年三月甲","1","1","2"
"年三月甲辰","1","1","2"
"四十一年八","1","1","2"
"青州大风拔","1","1","2"
"天启元年三","1","1","2"
"启元年三月","1","1","2"
"元年三月辛","1","1","2"
"年三月辛亥","1","1","2"
"四年五月癸","1","1","2"
"祯十四年五","1","1","2"
"南阳大风拔","1","1","2"
"五凤楼前门","1","1","2"
"凤楼前门闩","1","1","2"
"建文元年七","1","1","2"
"文元年七月","1","1","2"
"六年二月丁","1","1","2"
"开封昼晦夜","2","0","2"
"一年三月戊","1","1","2"
"弘治二年二","1","1","2"
"二年二月辛","1","1","2"
"年二月辛亥","1","1","2"
"四年八月乙","1","1","2"
"年八月乙卯","1","1","2"
"正德五年三","1","1","2"
"德五年三月","1","1","2"
"五年三月甲","1","1","2"
"嘉靖元年九","1","1","2"
"靖元年九月","1","1","2"
"元年九月己","1","1","2"
"年九月己巳","1","1","2"
"八年正月戊","1","1","2"
"六年七月乙","1","1","2"
"年七月乙丑","1","1","2"
"甘州五卫风","1","1","2"
"卫风霾昼晦","2","0","2"
"八年三月丙","1","1","2"
"三十年正月","1","1","2"
"二年正月元","1","1","2"
"历十七年正","1","1","2"
"七年正月乙","1","1","2"
"五年二月戊","1","1","2"
"二十九年四","1","1","2"
"八年四月戊","1","1","2"
"宁夏洪广堡","1","1","2"
"夏洪广堡风","1","1","2"
"四年二月辛","1","1","2"
"年正月癸亥","1","1","2"
"七年三月戊","1","1","2"
"年闰正月丙","1","1","2"
"闰正月丙申","1","1","2"
"南京日色晦","1","1","2"
"后四年三月","1","1","2"
"四年三月丙","1","1","2"
"景泰五年三","1","1","2"
"泰五年三月","1","1","2"
"弘治六年八","1","1","2"
"治六年八月","1","1","2"
"山东平山卫","1","1","2"
"东平山卫牛","1","1","2"
"平山卫牛犊","1","1","2"
"历十三年九","1","1","2"
"高苑二县牛","1","1","2"
"三十八年三","1","1","2"
"太原府徐沟","1","1","2"
"原府徐沟县","1","1","2"
"府徐沟县西","1","1","2"
"徐沟县西北","1","1","2"
"阳曲县地震","2","0","2"
"八年七月戊","1","1","2"
"年七月戊辰","1","1","2"
"一年四月乙","1","1","2"
"九年六月辛","1","1","2"
"年六月辛丑","1","1","2"
"一年八月甲","1","1","2"
"三年九月壬","1","1","2"
"四年九月癸","1","1","2"
"年九月癸卯","1","1","2"
"年六月丙午","1","1","2"
"年七月癸巳","1","1","2"
"年十月庚午","1","1","2"
"坏城堡庐舍","2","0","2"
"十年二月丁","1","1","2"
"景泰二年七","1","1","2"
"泰二年七月","1","1","2"
"二年七月癸","1","1","2"
"年七月癸丑","1","1","2"
"永新珠坑村","1","1","2"
"新珠坑村地","1","1","2"
"西北迄东南","2","0","2"
"六年二月甲","1","1","2"
"坏墩台墙垣","1","1","2"
"十年四月壬","1","1","2"
"灵州大沙井","1","1","2"
"州大沙井驿","1","1","2"
"二年正月辛","1","1","2"
"闰二月癸卯","1","1","2"
"广西太平府","1","1","2"
"六年八月丁","1","1","2"
"辽东宁远卫","1","1","2"
"居庸关城垣","1","1","2"
"庸关城垣墩","1","1","2"
"关城垣墩堡","1","1","2"
"城垣墩堡多","1","1","2"
"州遵化县地","2","0","2"
"遵化县地震","2","0","2"
"弘治元年八","1","1","2"
"治元年八月","1","1","2"
"年八月壬寅","1","1","2"
"黄头等寨碉","1","1","2"
"头等寨碉房","1","1","2"
"等寨碉房三","1","1","2"
"寨碉房三十","1","1","2"
"碉房三十七","1","1","2"
"房三十七户","1","1","2"
"宣府葛峪堡","1","1","2"
"府葛峪堡地","1","1","2"
"年五月庚申","1","1","2"
"年正月戊午","1","1","2"
"一年六月丙","1","1","2"
"三年七月己","1","1","2"
"四年正月庚","1","1","2"
"年正月庚戌","1","1","2"
"压死人畜甚","2","0","2"
"平阳府安邑","1","1","2"
"河巡检司地","1","1","2"
"年二月庚申","1","1","2"
"八年六月癸","1","1","2"
"元年二月癸","1","1","2"
"云南府连日","1","1","2"
"地震四十五","1","1","2"
"云南府安州","1","1","2"
"六年四月乙","1","1","2"
"山东武定州","1","1","2"
"七年五月壬","1","1","2"
"年五月壬子","1","1","2"
"年六月甲辰","1","1","2"
"榆次等十州","1","1","2"
"次等十州县","1","1","2"
"大同府应州","1","1","2"
"同府应州山","1","1","2"
"府应州山阴","1","1","2"
"十年五月壬","1","1","2"
"云南赵州永","1","1","2"
"南赵州永宁","1","1","2"
"赵州永宁卫","1","1","2"
"一年八月戊","1","1","2"
"年八月戊辰","1","1","2"
"二年四月甲","1","1","2"
"年四月甲子","1","1","2"
"浙江金乡卫","1","1","2"
"云南新兴州","1","1","2"
"贵州安南卫","1","1","2"
"六年十月戊","1","1","2"
"二年八月丁","1","1","2"
"年八月丁酉","1","1","2"
"年十月庚寅","1","1","2"
"六年九月癸","1","1","2"
"年九月癸酉","1","1","2"
"年四月庚午","1","1","2"
"二年三月乙","1","1","2"
"二十三年三","1","1","2"
"年七月戊寅","1","1","2"
"三十年九月","1","1","2"
"十年九月乙","1","1","2"
"一年二月癸","1","1","2"
"压死八十三","1","1","2"
"昌平州地震","2","0","2"
"八年七月辛","1","1","2"
"十年二月戊","1","1","2"
"年二月戊戌","1","1","2"
"甘肃山丹卫","1","1","2"
"四十一年正","1","1","2"
"一年正月丙","1","1","2"
"年正月丙申","1","1","2"
"四川顺义等","1","1","2"
"川顺义等县","1","1","2"
"顺义等县同","1","1","2"
"义等县同日","1","1","2"
"乐亭地裂三","2","0","2"
"四年四月戊","1","1","2"
"万历元年八","1","1","2"
"历元年八月","1","1","2"
"元年八月戊","1","1","2"
"四年二月庚","1","1","2"
"六年二月辛","1","1","2"
"年二月辛卯","1","1","2"
"年五月壬午","1","1","2"
"城垣数百丈","1","1","2"
"九年四月己","1","1","2"
"年四月己酉","1","1","2"
"二年二月丁","1","1","2"
"年二月丁卯","1","1","2"
"三年二月丁","1","1","2"
"山西山阴县","1","1","2"
"五年三月壬","1","1","2"
"年三月壬辰","1","1","2"
"六年六月庚","1","1","2"
"年六月庚申","1","1","2"
"三年五月丁","1","1","2"
"年五月丁酉","1","1","2"
"年正月壬辰","1","1","2"
"八年二月戊","1","1","2"
"三十一年四","1","1","2"
"一年四月丙","1","1","2"
"三十二年闰","1","1","2"
"十二年闰九","1","1","2"
"二年闰九月","1","1","2"
"年闰九月庚","1","1","2"
"闰九月庚辰","1","1","2"
"三年五月辛","1","1","2"
"东北向西南","1","1","2"
"三十五年七","1","1","2"
"五年七月乙","1","1","2"
"年七月乙卯","1","1","2"
"三十六年二","1","1","2"
"民八百四十","1","1","2"
"八百七十里","1","1","2"
"四十三年二","1","1","2"
"四十六年六","1","1","2"
"坏城垣七千","1","1","2"
"城垣七千九","1","1","2"
"垣七千九百","1","1","2"
"三年四月庚","1","1","2"
"年二月丁酉","1","1","2"
"河南一州六","1","1","2"
"南一州六县","1","1","2"
"一州六县同","1","1","2"
"州六县同日","1","1","2"
"山西灵丘昼","1","1","2"
"西灵丘昼夜","1","1","2"
"宁夏石空寺","1","1","2"
"夏石空寺堡","1","1","2"
"元年九月丁","1","1","2"
"年九月丁卯","1","1","2"
"年正月丁巳","1","1","2"
"九年三月戊","1","1","2"
"年三月戊辰","1","1","2"
"一年九月壬","1","1","2"
"年二月癸巳","1","1","2"
"五年五月丙","1","1","2"
"年五月丙戌","1","1","2"
"洪武六年正","1","1","2"
"武六年正月","1","1","2"
"六年正月壬","1","1","2"
"年正月壬戌","1","1","2"
"浙江绍兴山","1","1","2"
"陕西二处山","1","1","2"
"华亭三县山","1","1","2"
"成化八年七","1","1","2"
"化八年七月","1","1","2"
"陇州北山吼","1","1","2"
"寿阳县城南","1","1","2"
"阳县城南山","1","1","2"
"三年六月乙","1","1","2"
"年六月乙巳","1","1","2"
"萧山二县同","1","1","2"
"山二县同日","1","1","2"
"河州沙子沟","1","1","2"
"山大家峪山","1","1","2"
"年六月癸巳","1","1","2"
"龙王沟口山","1","1","2"
"夔州獐子溪","1","1","2"
"嘉靖四年七","1","1","2"
"靖四年七月","1","1","2"
"四年七月乙","1","1","2"
"眉宋皇观山","1","1","2"
"一年六月乙","1","1","2"
"年六月乙酉","1","1","2"
"归州沙子岭","1","1","2"
"塞江流二里","1","1","2"
"六年七月癸","1","1","2"
"澄城麻陂山","1","1","2"
"城麻陂山界","1","1","2"
"麻陂山界头","1","1","2"
"陂山界头岭","1","1","2"
"年五月庚戌","1","1","2"
"武十九年九","1","1","2"
"九年九月丙","1","1","2"
"年九月丙子","1","1","2"
"元年七月甲","1","1","2"
"年七月甲午","1","1","2"
"年五月丙寅","1","1","2"
"德十二年四","1","1","2"
"省州县卫十","1","1","2"
"州县卫十八","1","1","2"
"州县二十六","1","1","2"
"事中杨明绘","1","1","2"
"按陈登云进","1","1","2"
"盐城教官王","1","1","2"
"城教官王明","1","1","2"
"教官王明佐","1","1","2"
"御史龚廷献","1","1","2"
"史龚廷献绘","1","1","2"
"伊阳三县尤","1","1","2"
"统十一年二","1","1","2"
"一年二月辛","1","1","2"
"年二月辛酉","1","1","2"
"华盖殿金顶","1","1","2"
"成化九年四","1","1","2"
"化九年四月","1","1","2"
"九年四月乙","1","1","2"
"青红黄黑四","1","1","2"
"弘治十年三","1","1","2"
"治十年三月","1","1","2"
"十年三月己","1","1","2"
"年三月己酉","1","1","2"
"一年四月辛","1","1","2"
"年二月甲辰","1","1","2"
"祯十二年二","1","1","2"
"二年二月壬","1","1","2"
"四年正月壬","1","1","2"
"年正月壬寅","1","1","2"
"子头秦沟口","2","0","2"
"献宋李公义","1","1","2"
"清上下河道","1","1","2"
"上下河道淤","1","1","2"
"下河道淤塞","1","1","2"
"设水利佥事","2","0","2"
"经清江浦外","1","1","2"
"清江浦外河","1","1","2"
"直下云梯关","1","1","2"
"下云梯关入","1","1","2"
"近年关口多","1","1","2"
"年关口多壅","1","1","2"
"五港岸筑堤","1","1","2"
"港岸筑堤束","1","1","2"
"岸筑堤束水","1","1","2"
"署仅存椽瓦","1","1","2"
"塞决口二十","1","1","2"
"决口二十二","1","1","2"
"沛县缕水堤","1","1","2"
"曹二县长堤","1","1","2"
"请复老黄河","2","0","2"
"桃源三义镇","1","1","2"
"大河口会淮","2","0","2"
"淮安天妃庙","1","1","2"
"口向桃源大","1","1","2"
"向桃源大河","1","1","2"
"三义镇口引","1","1","2"
"义镇口引河","1","1","2"
"清江正河淤","1","1","2"
"中汤聘尹议","2","0","2"
"黄水向老黄","1","1","2"
"水向老黄河","1","1","2"
"向老黄河故","1","1","2"
"乘虚涌入清","1","1","2"
"虚涌入清口","1","1","2"
"涌入清口故","1","1","2"
"入清口故道","1","1","2"
"黄浦口入海","1","1","2"
"高家堰废坏","1","1","2"
"清口内通济","1","1","2"
"口内通济桥","1","1","2"
"朱家等口淮","1","1","2"
"家等口淮水","1","1","2"
"多建减水大","1","1","2"
"建减水大闸","1","1","2"
"下河漕诸臣","2","0","2"
"老黄河奔注","1","1","2"
"事中刘铉请","1","1","2"
"河都御史官","1","1","2"
"云梯入海口","1","1","2"
"塞清江浦河","1","1","2"
"筑淮安新城","1","1","2"
"淮安新城长","1","1","2"
"安新城长堤","1","1","2"
"知草湾一开","1","1","2"
"高筑南北两","1","1","2"
"筑南北两堤","1","1","2"
"断两河内灌","1","1","2"
"事中尹瑾勘","1","1","2"
"高家堰堤六","1","1","2"
"家堰堤六十","1","1","2"
"归仁集堤四","1","1","2"
"仁集堤四十","1","1","2"
"柳浦湾堤东","1","1","2"
"浦湾堤东西","1","1","2"
"湾堤东西七","1","1","2"
"堤东西七十","1","1","2"
"塞崔镇等决","1","1","2"
"崔镇等决口","1","1","2"
"水石坝四座","1","1","2"
"通济闸於甘","2","0","2"
"济闸於甘罗","2","0","2"
"闸於甘罗城","2","0","2"
"於甘罗城南","2","0","2"
"金五十六万","1","1","2"
"河南巡抚周","1","1","2"
"南巡抚周鉴","1","1","2"
"巡抚周鉴等","1","1","2"
"修筑大社集","1","1","2"
"白茅集长堤","1","1","2"
"河徐州小浮","2","0","2"
"万历五年冬","1","1","2"
"下丁家道口","1","1","2"
"黄河分流故","1","1","2"
"河分流故道","1","1","2"
"一劳永逸计","2","0","2"
"复专设总理","1","1","2"
"专设总理大","1","1","2"
"设总理大臣","1","1","2"
"御史总督河","1","1","2"
"史总督河道","1","1","2"
"增建镇口闸","1","1","2"
"清江浦三闸","1","1","2"
"李景高口新","1","1","2"
"景高口新堤","1","1","2"
"冲入夏镇内","1","1","2"
"入夏镇内河","1","1","2"
"工部尚书曾","1","1","2"
"部尚书曾同","1","1","2"
"书曾同亨上","1","1","2"
"工部尚书总","1","1","2"
"於清口上流","2","0","2"
"黄家营二决","1","1","2"
"开腰铺支河","2","0","2"
"腰铺支河达","1","1","2"
"直隶巡按彭","1","1","2"
"隶巡按彭应","1","1","2"
"巡按彭应参","1","1","2"
"入小浮桥故","1","1","2"
"总河会官集","1","1","2"
"单县黄堌口","2","0","2"
"宝诸湖堤决","1","1","2"
"诸湖堤决口","1","1","2"
"户部郎中华","1","1","2"
"部郎中华存","1","1","2"
"郎中华存礼","1","1","2"
"部侍郎沈节","1","1","2"
"侍郎沈节甫","1","1","2"
"二十二年九","1","1","2"
"缕二堤束水","1","1","2"
"二堤束水归","1","1","2"
"清河北二十","1","1","2"
"河北二十里","1","1","2"
"淮水入黄正","1","1","2"
"部侍郎沈思","1","1","2"
"侍郎沈思孝","1","1","2"
"颜家河入海","1","1","2"
"中张企程勘","2","0","2"
"建滚水石坝","1","1","2"
"绿杨沟上下","1","1","2"
"改塘埂十二","1","1","2"
"塘埂十二闸","1","1","2"
"闸外十二河","1","1","2"
"畀家三口直","1","1","2"
"工部主事樊","1","1","2"
"部主事樊兆","1","1","2"
"主事樊兆程","1","1","2"
"腰铺新河四","1","1","2"
"铺新河四十","1","1","2"
"高良涧土堤","1","1","2"
"大涧口石堤","1","1","2"
"隆庆末年高","1","1","2"
"南五十里开","1","1","2"
"入芒稻河注","1","1","2"
"北十五里开","1","1","2"
"射阳湖入海","2","0","2"
"督漕尚书褚","1","1","2"
"漕尚书褚鈇","1","1","2"
"御史应元折","1","1","2"
"史应元折衷","1","1","2"
"六十八万金","1","1","2"
"淮安知府马","1","1","2"
"安知府马化","1","1","2"
"知府马化龙","1","1","2"
"州兵备道李","1","1","2"
"兵备道李弘","1","1","2"
"备道李弘道","1","1","2"
"事中林熙春","1","1","2"
"中林熙春驳","1","1","2"
"工部覆奏云","2","0","2"
"令治河诸臣","1","1","2"
"巡按御史蒋","1","1","2"
"按御史蒋春","1","1","2"
"御史蒋春芳","1","1","2"
"条上善后事","2","0","2"
"后事宜十六","1","1","2"
"桃源黄河坝","1","1","2"
"源黄河坝新","1","1","2"
"黄河坝新河","1","1","2"
"长三百馀里","2","0","2"
"周家桥石闸","1","1","2"
"事中李应策","1","1","2"
"萧县两河口","1","1","2"
"小浮桥二水","1","1","2"
"时两河合流","1","1","2"
"宿迁新河口","1","1","2"
"救小浮桥上","1","1","2"
"铜帮铁底故","1","1","2"
"帮铁底故道","1","1","2"
"筑三百里南","1","1","2"
"三百里南岸","1","1","2"
"御史杨光训","1","1","2"
"史杨光训等","1","1","2"
"杨光训等议","2","0","2"
"筑山西坡归","1","1","2"
"山西坡归仁","1","1","2"
"西坡归仁堤","1","1","2"
"小河口泄入","1","1","2"
"河口泄入运","1","1","2"
"口泄入运河","1","1","2"
"沂河口二水","1","1","2"
"镇口西筑坝","1","1","2"
"赵家圈两河","2","0","2"
"家圈两河口","2","0","2"
"三仙台新渠","1","1","2"
"李吉口故道","1","1","2"
"镇口三百里","1","1","2"
"两河口四十","1","1","2"
"河口四十里","1","1","2"
"巡按御史佴","1","1","2"
"按御史佴祺","1","1","2"
"御史佴祺复","2","0","2"
"科事中张问","2","0","2"
"南岸蒙墙寺","1","1","2"
"岸蒙墙寺忽","1","1","2"
"河南巡抚曾","1","1","2"
"家圈淤塞断","1","1","2"
"圈淤塞断流","1","1","2"
"御史高举献","2","0","2"
"江北巡按御","1","1","2"
"北巡按御史","1","1","2"
"蒙墙寺西北","1","1","2"
"墙寺西北黄","1","1","2"
"寺西北黄河","1","1","2"
"淤道三十馀","2","0","2"
"道三十馀里","2","0","2"
"虞城王家口","1","1","2"
"山东巡抚黄","1","1","2"
"东巡抚黄克","1","1","2"
"事中孟成己","1","1","2"
"沛县四铺口","1","1","2"
"县四铺口太","1","1","2"
"四铺口太行","1","1","2"
"铺口太行堤","1","1","2"
"部覆化龙疏","2","0","2"
"过司家道口","1","1","2"
"尚书姚继言","2","0","2"
"苑家楼二路","1","1","2"
"太子少保兵","1","1","2"
"子少保兵部","1","1","2"
"少保兵部尚","1","1","2"
"保兵部尚书","1","1","2"
"会化龙丁艰","2","0","2"
"间平地成湖","1","1","2"
"王家口新筑","1","1","2"
"朱旺口北溃","1","1","2"
"入张秋故道","1","1","2"
"三百里长河","1","1","2"
"百里长河畅","1","1","2"
"三十四年四","1","1","2"
"萧县郭暖楼","1","1","2"
"县郭暖楼人","1","1","2"
"郭暖楼人字","1","1","2"
"暖楼人字口","1","1","2"
"三十九年六","1","1","2"
"决徐州狼矢","2","0","2"
"缕堤二百八","1","1","2"
"堤二百八十","1","1","2"
"开韩家坝外","1","1","2"
"四十四年五","1","1","2"
"诸湖入泇河","2","0","2"
"开封陶家店","1","1","2"
"四十七年九","1","1","2"
"部侍郎王佐","1","1","2"
"侍郎王佐督","1","1","2"
"总河侍郎陈","1","1","2"
"河侍郎陈道","1","1","2"
"侍郎陈道亨","1","1","2"
"郎陈道亨役","1","1","2"
"清河决口汇","1","1","2"
"河决口汇成","1","1","2"
"决口汇成巨","1","1","2"
"徐州青田大","1","1","2"
"州青田大龙","1","1","2"
"青田大龙口","1","1","2"
"徐州魁山堤","1","1","2"
"城中水深一","1","1","2"
"中水深一丈","1","1","2"
"水深一丈三","1","1","2"
"深一丈三尺","1","1","2"
"云龙山西北","1","1","2"
"龙山西北大","1","1","2"
"山西北大安","1","1","2"
"西北大安桥","1","1","2"
"事中陆文献","1","1","2"
"中陆文献上","1","1","2"
"曹县十四铺","1","1","2"
"县十四铺口","1","1","2"
"河侍郎李若","1","1","2"
"侍郎李若星","1","1","2"
"郎李若星请","1","1","2"
"开邳州坝泄","1","1","2"
"邳州坝泄水","1","1","2"
"塞曹家口匙","1","1","2"
"曹家口匙头","1","1","2"
"家口匙头湾","1","1","2"
"原武湖村铺","1","1","2"
"总河朱光祚","1","1","2"
"开高堰三闸","1","1","2"
"宁上下西北","1","1","2"
"建义决口工","1","1","2"
"督漕尚书杨","1","1","2"
"书刘荣嗣银","1","1","2"
"骆马湖运道","1","1","2"
"金钱五十万","1","1","2"
"所凿邳州上","1","1","2"
"凿邳州上下","1","1","2"
"巡漕御史倪","1","1","2"
"事中曹景参","1","1","2"
"事中王家彦","1","1","2"
"刑部侍郎惠","1","1","2"
"部侍郎惠世","1","1","2"
"山东巡抚王","1","1","2"
"东巡抚王永","1","1","2"
"抚王永吉上","1","1","2"
"帝令总河侍","1","1","2"
"总河侍郎黄","1","1","2"
"河侍郎黄希","1","1","2"
"侍郎黄希宪","1","1","2"
"河南万死一","1","1","2"
"南万死一生","1","1","2"
"塞朱家寨决","1","1","2"
"朱家寨决口","1","1","2"
"五月伏水大","1","1","2"
"月伏水大涨","1","1","2"
"昌平神山泉","1","1","2"
"平神山泉诸","1","1","2"
"会白河入海","2","0","2"
"汶上南旺分","1","1","2"
"上南旺分流","1","1","2"
"扬诸水所汇","1","1","2"
"兖河流所经","1","1","2"
"马家桥留城","1","1","2"
"家桥留城闸","1","1","2"
"临清三百里","1","1","2"
"镇口三百九","1","1","2"
"口三百九十","1","1","2"
"扬州三百七","1","1","2"
"州三百七十","1","1","2"
"宝应倚湖直","1","1","2"
"应倚湖直渠","1","1","2"
"倚湖直渠四","1","1","2"
"湖直渠四十","1","1","2"
"直渠四十里","1","1","2"
"江伯陈瑄督","2","0","2"
"临清三百八","1","1","2"
"清三百八十","1","1","2"
"三百八十五","1","1","2"
"泗水陪尾山","1","1","2"
"大汶河泰安","2","0","2"
"汶河泰安仙","2","0","2"
"河泰安仙台","2","0","2"
"莱芜原山阴","2","0","2"
"芜原山阴寨","2","0","2"
"原山阴寨子","2","0","2"
"山阴寨子村","2","0","2"
"上袁家口左","1","1","2"
"军民十二万","1","1","2"
"金口堰土坝","1","1","2"
"临清减水闸","1","1","2"
"侍郎杜谦勘","1","1","2"
"寺前铺石闸","1","1","2"
"江西造平底","1","1","2"
"西造平底浅","1","1","2"
"西管家湖西","1","1","2"
"管家湖西北","1","1","2"
"淮河鸭陈口","1","1","2"
"引湖水通漕","1","1","2"
"宋乔维岳所","1","1","2"
"乔维岳所开","1","1","2"
"瑄凿清江浦","2","0","2"
"筑高邮河堤","1","1","2"
"置吕梁石闸","1","1","2"
"百六十八所","1","1","2"
"漕运直达通","1","1","2"
"运直达通州","1","1","2"
"清河训导唐","1","1","2"
"河训导唐学","1","1","2"
"训导唐学成","1","1","2"
"山东巡抚洪","1","1","2"
"东巡抚洪英","1","1","2"
"御史练纲上","1","1","2"
"运总兵官徐","1","1","2"
"工部尚书江","1","1","2"
"部尚书江渊","1","1","2"
"尚书江渊等","1","1","2"
"书江渊等请","1","1","2"
"沿河州县民","1","1","2"
"沙湾决口工","1","1","2"
"都御史陈泰","1","1","2"
"清江浦三十","1","1","2"
"侍郎郑辰治","1","1","2"
"御史贾谅治","1","1","2"
"始命侍郎王","1","1","2"
"命侍郎王恕","1","1","2"
"户部侍郎白","1","1","2"
"部侍郎白昂","1","1","2"
"奏金龙口决","1","1","2"
"金龙口决口","1","1","2"
"高邮甓社湖","1","1","2"
"邮甓社湖多","1","1","2"
"侍郎陈政总","1","1","2"
"史刘大夏奉","1","1","2"
"刘大夏奉敕","1","1","2"
"命大学士王","1","1","2"
"大学士王鏊","1","1","2"
"白马四湖老","1","1","2"
"马四湖老堤","1","1","2"
"者二十馀年","2","0","2"
"引上源洸水","1","1","2"
"西春城口子","1","1","2"
"分水龙王庙","1","1","2"
"天井闸九十","1","1","2"
"井闸九十里","1","1","2"
"临清河道必","1","1","2"
"柳泉九十里","1","1","2"
"正德四年十","1","1","2"
"马场堤外孙","1","1","2"
"场堤外孙村","1","1","2"
"堤外孙村地","1","1","2"
"若沿湖筑堤","1","1","2"
"河都御史盛","1","1","2"
"总河侍郎潘","1","1","2"
"河侍郎潘希","1","1","2"
"间东西两堤","1","1","2"
"十九年七月","1","1","2"
"督理河漕侍","1","1","2"
"理河漕侍郎","1","1","2"
"河漕侍郎王","1","1","2"
"昭阳一湖淤","1","1","2"
"孙继口多开","1","1","2"
"继口多开一","1","1","2"
"口多开一沟","1","1","2"
"漕运参将汤","1","1","2"
"运参将汤节","1","1","2"
"管河主簿郭","1","1","2"
"河主簿郭升","1","1","2"
"吕梁洪石堤","1","1","2"
"督理河漕尚","1","1","2"
"理河漕尚书","1","1","2"
"河漕尚书朱","1","1","2"
"漕尚书朱衡","1","1","2"
"凿新河遗迹","1","1","2"
"留城白洋浅","1","1","2"
"坏新筑东西","1","1","2"
"新筑东西二","1","1","2"
"旧河三十里","1","1","2"
"史翁大立代","1","1","2"
"地形东高西","1","1","2"
"回回墓开通","1","1","2"
"引昭阳湖水","1","1","2"
"昭阳湖水沿","1","1","2"
"上下八十里","1","1","2"
"淮安城西淤","1","1","2"
"清河西湖嘴","1","1","2"
"督漕侍郎赵","1","1","2"
"漕侍郎赵孔","1","1","2"
"侍郎赵孔昭","1","1","2"
"清江一带黄","1","1","2"
"江一带黄河","1","1","2"
"一带黄河五","1","1","2"
"带黄河五十","1","1","2"
"黄河五十里","1","1","2"
"淮河高良涧","1","1","2"
"河高良涧一","1","1","2"
"高良涧一带","1","1","2"
"良涧一带七","1","1","2"
"涧一带七十","1","1","2"
"鸿沟境山疏","1","1","2"
"沟境山疏浚","1","1","2"
"境山疏浚工","1","1","2"
"新任总河都","1","1","2"
"任总河都御","1","1","2"
"大立请开泇","2","0","2"
"邳州王家口","1","1","2"
"南北决口十","1","1","2"
"清河长堤五","1","1","2"
"河长堤五百","1","1","2"
"长堤五百五","1","1","2"
"堤五百五十","1","1","2"
"五百五十里","1","1","2"
"张家湾二千","1","1","2"
"家湾二千八","1","1","2"
"湾二千八百","1","1","2"
"茶城秦沟口","1","1","2"
"接缕水旧堤","1","1","2"
"总河侍郎万","1","1","2"
"河侍郎万恭","1","1","2"
"祖宗时造浅","1","1","2"
"减水闸数十","1","1","2"
"清江浦河六","1","1","2"
"江浦河六十","1","1","2"
"浦河六十里","1","1","2"
"天妃庙口石","1","1","2"
"妃庙口石闸","1","1","2"
"临清板闸七","1","1","2"
"清板闸七百","1","1","2"
"正值黄河水","1","1","2"
"茶城黄家闸","1","1","2"
"黄家闸二十","1","1","2"
"家闸二十里","1","1","2"
"下接茶城十","1","1","2"
"接茶城十里","1","1","2"
"留黄家闸外","1","1","2"
"黄家闸外二","1","1","2"
"家闸外二十","1","1","2"
"闸外二十里","1","1","2"
"接茶城内十","1","1","2"
"茶城内十里","1","1","2"
"二十里水势","1","1","2"
"复境山旧闸","1","1","2"
"史傅希挚请","1","1","2"
"请开泇河避","2","0","2"
"开泇河避黄","2","0","2"
"知府邵元哲","1","1","2"
"府邵元哲开","1","1","2"
"督漕侍郎张","1","1","2"
"按御史陈功","1","1","2"
"侍郎吴桂芳","2","0","2"
"郎吴桂芳言","2","0","2"
"受数百里湖","1","1","2"
"元哲修筑淮","1","1","2"
"哲修筑淮安","1","1","2"
"修筑淮安长","1","1","2"
"筑淮安长堤","1","1","2"
"盐城石〈石","2","0","2"
"城石〈石达","2","0","2"
"高邮石堤将","1","1","2"
"白昂康济月","1","1","2"
"昂康济月河","1","1","2"
"高邮湖土石","1","1","2"
"邮湖土石二","1","1","2"
"湖土石二堤","1","1","2"
"新开漕河南","1","1","2"
"开漕河南北","1","1","2"
"漕河南北二","1","1","2"
"河南北二闸","1","1","2"
"元哲增筑山","1","1","2"
"哲增筑山阳","1","1","2"
"增筑山阳长","1","1","2"
"筑山阳长堤","1","1","2"
"筑清江浦南","1","1","2"
"清江浦南堤","1","1","2"
"创板闸漕堤","1","1","2"
"总理河漕都","1","1","2"
"理河漕都御","1","1","2"
"河漕都御史","1","1","2"
"漕都御史潘","1","1","2"
"清江浦柳浦","1","1","2"
"江浦柳浦湾","1","1","2"
"宝减水闸四","1","1","2"
"改建通济闸","1","1","2"
"朱家口引清","1","1","2"
"家口引清水","1","1","2"
"口引清水灌","1","1","2"
"改建甘罗城","1","1","2"
"建甘罗城南","1","1","2"
"督漕尚书凌","1","1","2"
"漕尚书凌云","1","1","2"
"尚书凌云翼","1","1","2"
"永济河四十","1","1","2"
"济河四十五","1","1","2"
"周家桥漫入","1","1","2"
"工部郎中陈","1","1","2"
"部郎中陈毓","1","1","2"
"郎中陈毓贤","1","1","2"
"户部员外范","1","1","2"
"部员外范韶","1","1","2"
"御史闻人诠","1","1","2"
"运粮千户李","1","1","2"
"粮千户李显","1","1","2"
"工部郎中许","1","1","2"
"部郎中许应","1","1","2"
"郎中许应逵","1","1","2"
"中许应逵建","1","1","2"
"许应逵建议","1","1","2"
"督漕侍郎杨","1","1","2"
"漕侍郎杨一","1","1","2"
"侍郎杨一魁","1","1","2"
"郎杨一魁请","1","1","2"
"茶城东八里","1","1","2"
"增筑镇口闸","1","1","2"
"筑塔山缕堤","1","1","2"
"清江浦草坝","1","1","2"
"复安山湖地","1","1","2"
"高家堰土堤","1","1","2"
"筑满家闸西","1","1","2"
"泄沛县积水","1","1","2"
"马踏湖月河","1","1","2"
"踏湖月河口","1","1","2"
"放月河土坝","1","1","2"
"漕都御史褚","1","1","2"
"都御史褚鈇","1","1","2"
"凤阳巡抚都","1","1","2"
"阳巡抚都御","1","1","2"
"都御史李三","1","1","2"
"御史李三才","1","1","2"
"史李三才建","1","1","2"
"建金门石闸","1","1","2"
"金门石闸二","1","1","2"
"李家港二百","1","1","2"
"家港二百六","1","1","2"
"港二百六十","1","1","2"
"二百六十馀","2","0","2"
"百六十馀里","2","0","2"
"尽避黄河险","2","0","2"
"星大开良城","1","1","2"
"李化龙上开","1","1","2"
"化龙上开李","1","1","2"
"龙上开李家","1","1","2"
"上开李家港","1","1","2"
"下开直河口","1","1","2"
"粮艘官民船","2","0","2"
"巡漕御史朱","1","1","2"
"筑堤坝斗门","1","1","2"
"侍郎陈荐开","1","1","2"
"侍郎王佐加","1","1","2"
"郎王佐加筑","1","1","2"
"王佐加筑月","1","1","2"
"佐加筑月坝","1","1","2"
"泰昌元年冬","1","1","2"
"复五十五里","1","1","2"
"里河王公祠","1","1","2"
"淮安知府宋","1","1","2"
"安知府宋统","1","1","2"
"知府宋统殷","1","1","2"
"山阳知县练","1","1","2"
"阳知县练国","1","1","2"
"知县练国事","1","1","2"
"淮安正河三","1","1","2"
"安正河三十","1","1","2"
"正河三十年","1","1","2"
"通济月河小","1","1","2"
"济月河小闸","1","1","2"
"漕储参政朱","1","1","2"
"储参政朱国","1","1","2"
"参政朱国盛","1","1","2"
"令同知宋士","1","1","2"
"同知宋士中","1","1","2"
"深小河二十","1","1","2"
"小河二十里","1","1","2"
"王能庄二十","1","1","2"
"能庄二十里","1","1","2"
"通骆马湖口","1","1","2"
"名通济新河","1","1","2"
"淮安苏家嘴","1","1","2"
"总河尚书朱","1","1","2"
"河尚书朱光","1","1","2"
"尚书朱光祚","1","1","2"
"侍郎周鼎继","1","1","2"
"筑王母山前","1","1","2"
"王母山前后","1","1","2"
"胜阳山东堤","1","1","2"
"十字河拦水","1","1","2"
"徐塘口六千","1","1","2"
"新沟漾田营","1","1","2"
"沟漾田营堤","1","1","2"
"增筑天妃闸","1","1","2"
"筑天妃闸石","1","1","2"
"南旺湖彭口","1","1","2"
"旺湖彭口沙","1","1","2"
"仲家浅闸相","1","1","2"
"家浅闸相对","1","1","2"
"肥城八州县","1","1","2"
"复安山湖水","1","1","2"
"安山湖水柜","1","1","2"
"三州县淤沙","1","1","2"
"扬漕河三百","1","1","2"
"河三百馀里","2","0","2"
"太原总兵治","1","1","2"
"三边制府驻","1","1","2"
"将军徐达等","1","1","2"
"军徐达等备","1","1","2"
"淮安侯华云","1","1","2"
"安侯华云龙","1","1","2"
"北平都司所","1","1","2"
"定辽等九卫","1","1","2"
"置北平行都","1","1","2"
"中京大定府","1","1","2"
"营州五屯卫","2","0","2"
"朔州军士白","1","1","2"
"州军士白荣","1","1","2"
"军士白荣请","1","1","2"
"高山等十卫","1","1","2"
"兴州军士范","1","1","2"
"州军士范济","1","1","2"
"事中朱纯请","1","1","2"
"黑峪口五百","1","1","2"
"峪口五百五","1","1","2"
"口五百五十","1","1","2"
"兵官方政继","1","1","2"
"宣大巡抚都","1","1","2"
"大巡抚都御","1","1","2"
"都御史李仪","1","1","2"
"总兵官都指","1","1","2"
"兵官都指挥","1","1","2"
"绥总兵官张","1","1","2"
"总兵官张杰","1","1","2"
"境广袤千里","1","1","2"
"镇守都督王","1","1","2"
"守都督王祯","1","1","2"
"边营堡二十","1","1","2"
"营堡二十四","1","1","2"
"兵部侍郎滕","1","1","2"
"部侍郎滕昭","1","1","2"
"万五千人戍","1","1","2"
"五千人戍守","1","1","2"
"调陕西官军","1","1","2"
"边都御史杨","1","1","2"
"使河套千里","1","1","2"
"修筑定边营","1","1","2"
"筑定边营等","1","1","2"
"定边营等六","1","1","2"
"将江彬等幸","2","0","2"
"宣府军六千","1","1","2"
"都指挥镇守","1","1","2"
"设太监参将","1","1","2"
"太监参将等","1","1","2"
"监参将等官","1","1","2"
"史丘养浩请","1","1","2"
"复小河等关","1","1","2"
"御史徐汝圭","1","1","2"
"移三边制府","1","1","2"
"三边制府镇","1","1","2"
"都御史陈讲","1","1","2"
"御史陈讲请","1","1","2"
"巡按山西御","1","1","2"
"按山西御史","1","1","2"
"山西御史陈","1","1","2"
"西御史陈豪","1","1","2"
"学士严嵩窥","1","1","2"
"杀旧阁臣夏","1","1","2"
"旧阁臣夏言","1","1","2"
"开马市大同","2","0","2"
"翁万达总督","1","1","2"
"万达总督宣","1","1","2"
"西路丫角山","1","1","2"
"阳河镇口台","1","1","2"
"老营堡转南","1","1","2"
"约一百八十","1","1","2"
"三百六十三","1","1","2"
"百六十三所","1","1","2"
"寨篱村七十","1","1","2"
"篱村七十里","1","1","2"
"官戚继光总","1","1","2"
"继光总理蓟","1","1","2"
"浙兵三千人","1","1","2"
"土蛮部落虎","1","1","2"
"蛮部落虎炖","1","1","2"
"部落虎炖兔","1","1","2"
"六万六千九","1","1","2"
"万六千九百","1","1","2"
"肃总兵官蒋","1","1","2"
"西总兵官李","1","1","2"
"总兵官李谦","1","1","2"
"兵官李谦请","1","1","2"
"三边总制秦","1","1","2"
"巡抚延绥胡","1","1","2"
"抚延绥胡志","1","1","2"
"延绥胡志夔","1","1","2"
"绥胡志夔请","1","1","2"
"银五两四钱","1","1","2"
"抚方逢时等","1","1","2"
"方逢时等请","1","1","2"
"延绥镇折班","1","1","2"
"绥镇折班银","1","1","2"
"总兵官总镇","1","1","2"
"兵官总镇军","1","1","2"
"千八百里抵","1","1","2"
"千二百里逾","1","1","2"
"行省平章李","1","1","2"
"省平章李文","1","1","2"
"洪武四年十","1","1","2"
"武四年十二","1","1","2"
"庆元三府军","1","1","2"
"元三府军士","1","1","2"
"水军四卫增","1","1","2"
"侯周德兴抽","1","1","2"
"南汇嘴城二","1","1","2"
"置福建沿海","1","1","2"
"福建沿海指","1","1","2"
"建沿海指挥","1","1","2"
"沿海指挥使","1","1","2"
"海指挥使司","1","1","2"
"指挥使司五","1","1","2"
"造苏州太仓","1","1","2"
"苏州太仓卫","1","1","2"
"州太仓卫海","1","1","2"
"令滨海卫所","1","1","2"
"山东都司周","1","1","2"
"东都司周彦","1","1","2"
"戚魏国公徐","1","1","2"
"公徐辉祖等","1","1","2"
"徐辉祖等分","1","1","2"
"总兵官刘江","1","1","2"
"管福建海道","1","1","2"
"福建海道提","1","1","2"
"建海道提督","1","1","2"
"海道提督军","1","1","2"
"道提督军务","1","1","2"
"增设金山参","1","1","2"
"设金山参将","1","1","2"
"拨山东民兵","1","1","2"
"总督南直军","1","1","2"
"督南直军务","1","1","2"
"南直军务都","1","1","2"
"直军务都御","1","1","2"
"务都御史张","1","1","2"
"御史张经调","1","1","2"
"南京御史屠","1","1","2"
"京御史屠仲","1","1","2"
"御史屠仲律","1","1","2"
"金山副总兵","1","1","2"
"山副总兵调","1","1","2"
"副总兵调度","1","1","2"
"都御史王询","1","1","2"
"御史王询请","1","1","2"
"福建省城介","1","1","2"
"福建巡抚都","1","1","2"
"建巡抚都御","1","1","2"
"抚都御史游","1","1","2"
"都御史游震","1","1","2"
"令定海总兵","1","1","2"
"镇守尚书薛","1","1","2"
"守尚书薛希","1","1","2"
"广东南澳总","1","1","2"
"东南澳总兵","1","1","2"
"南澳总兵官","1","1","2"
"朝廷大发兵","1","1","2"
"南直巡按御","1","1","2"
"直巡按御史","1","1","2"
"分淮安大营","1","1","2"
"福建巡抚丁","1","1","2"
"建巡抚丁继","1","1","2"
"巡抚丁继嗣","1","1","2"
"海澄团练营","1","1","2"
"澄团练营土","1","1","2"
"团练营土著","1","1","2"
"练营土著军","1","1","2"
"浙东沿海陈","1","1","2"
"东沿海陈钱","1","1","2"
"设南麂副总","1","1","2"
"南麂副总兵","1","1","2"
"巡抚南居益","1","1","2"
"沿海大都会","1","1","2"
"永平两游击","1","1","2"
"九联城外创","1","1","2"
"宽奠参将陆","1","1","2"
"奠参将陆营","1","1","2"
"置水兵八千","1","1","2"
"北岸浦子口","1","1","2"
"守备定西侯","1","1","2"
"备定西侯蒋","1","1","2"
"择武大臣一","1","1","2"
"武大臣一人","1","1","2"
"京都御史白","1","1","2"
"都御史白昂","1","1","2"
"新江口两班","1","1","2"
"江口两班军","1","1","2"
"沙贼黄艮等","1","1","2"
"提督沿江上","1","1","2"
"督沿江上下","1","1","2"
"山副总兵水","1","1","2"
"副总兵水陆","1","1","2"
"总兵水陆相","1","1","2"
"江都御史防","1","1","2"
"南京佥都御","1","1","2"
"京佥都御史","1","1","2"
"上下南北互","1","1","2"
"下南北互相","1","1","2"
"史宋仪望言","2","0","2"
"兵部尚书衷","1","1","2"
"部尚书衷贞","1","1","2"
"尚书衷贞吉","1","1","2"
"书衷贞吉等","1","1","2"
"南北总哨官","1","1","2"
"指挥方谦请","1","1","2"
"四千二百人","1","1","2"
"拨山西义勇","1","1","2"
"延绥巡抚卢","1","1","2"
"绥巡抚卢祥","1","1","2"
"大同巡抚刘","1","1","2"
"同巡抚刘宇","1","1","2"
"巡抚刘宇请","1","1","2"
"兵部议覆侍","1","1","2"
"部议覆侍郎","1","1","2"
"议覆侍郎李","1","1","2"
"覆侍郎李孟","1","1","2"
"侍郎李孟旸","1","1","2"
"郎李孟旸请","1","1","2"
"卫所官军原","1","1","2"
"余丁八十八","1","1","2"
"巡抚张凤选","1","1","2"
"部侍郎杨潭","1","1","2"
"河南民兵戍","1","1","2"
"中张贞观请","1","1","2"
"中耿随龙请","1","1","2"
"职方郎中邹","1","1","2"
"方郎中邹维","1","1","2"
"西参政徐九","1","1","2"
"参政徐九翰","1","1","2"
"政徐九翰尤","1","1","2"
"州县训练土","1","1","2"
"县训练土著","1","1","2"
"部侍郎张慎","1","1","2"
"侍郎张慎言","1","1","2"
"御史米寿图","1","1","2"
"制鸳鸯阵破","2","0","2"
"鸳鸯阵破倭","2","0","2"
"泉州永春人","1","1","2"
"州永春人善","1","1","2"
"庄浪鲁家军","1","1","2"
"经略郑雒请","1","1","2"
"安东云梯关","1","1","2"
"筑高家堰旧","1","1","2"
"高家堰旧堤","1","1","2"
"万历三年三","1","1","2"
"历三年三月","1","1","2"
"陵护城石堤","1","1","2"
"护城石堤二","1","1","2"
"城石堤二百","1","1","2"
"中王道成言","2","0","2"
"令河臣疏导","1","1","2"
"河臣疏导堵","1","1","2"
"臣疏导堵塞","1","1","2"
"书舒应龙等","1","1","2"
"舒应龙等详","1","1","2"
"建武家墩经","1","1","2"
"武家墩经河","1","1","2"
"家墩经河闸","1","1","2"
"高邮茆塘港","1","1","2"
"费县南山谷","1","1","2"
"县南山谷中","1","1","2"
"接邳州东直","1","1","2"
"邳州东直河","1","1","2"
"总河侍郎翁","1","1","2"
"河侍郎翁大","1","1","2"
"侍郎翁大立","1","1","2"
"郎翁大立请","1","1","2"
"尚书朱衡请","1","1","2"
"尚书朱衡会","1","1","2"
"河都御史万","1","1","2"
"间堤高水深","1","1","2"
"良城侯家湾","1","1","2"
"长五百三十","1","1","2"
"巡漕御史刘","1","1","2"
"漕御史刘光","1","1","2"
"大河口五百","1","1","2"
"河口五百三","1","1","2"
"口五百三十","1","1","2"
"直河上下二","1","1","2"
"河上下二百","1","1","2"
"长五百五十","1","1","2"
"五百五十丈","1","1","2"
"书舒应龙开","1","1","2"
"邳州沂河口","1","1","2"
"多砂礓石块","1","1","2"
"支河四十五","1","1","2"
"韩庄渠上接","1","1","2"
"庄渠上接微","1","1","2"
"渠上接微山","1","1","2"
"顺流入马家","1","1","2"
"流入马家桥","1","1","2"
"费二十万金","1","1","2"
"三市徐塘坝","1","1","2"
"御史苏惟霖","1","1","2"
"长二百四十","1","1","2"
"长二百八十","1","1","2"
"黄河三四月","1","1","2"
"致仓皇损坏","1","1","2"
"仓皇损坏粮","1","1","2"
"会通河相等","1","1","2"
"骆马湖北岸","1","1","2"
"济宁泉河略","1","1","2"
"京河山水冲","1","1","2"
"河山水冲发","1","1","2"
"直隶猫窝浅","1","1","2"
"巡漕御史毛","1","1","2"
"漕御史毛一","1","1","2"
"御史毛一鹭","1","1","2"
"直口等处建","1","1","2"
"总漕尚书杨","1","1","2"
"总河侍郎周","1","1","2"
"河侍郎周鼎","1","1","2"
"畿南浚县境","1","1","2"
"沈阳军士唐","1","1","2"
"阳军士唐顺","1","1","2"
"德州城西北","1","1","2"
"卫河岸东北","1","1","2"
"旧黄河十二","1","1","2"
"黄河十二里","1","1","2"
"永平县丞李","1","1","2"
"御史钱清请","1","1","2"
"河南参议丰","1","1","2"
"南参议丰庆","1","1","2"
"参议丰庆请","1","1","2"
"漕运都督徐","1","1","2"
"运都督徐恭","1","1","2"
"总督河漕杨","1","1","2"
"督河漕杨一","1","1","2"
"河漕杨一魁","1","1","2"
"中常居敬勘","1","1","2"
"昌元年十二","1","1","2"
"侍郎王佐言","2","0","2"
"河南临漳县","1","1","2"
"馆陶西南五","1","1","2"
"陶西南五十","1","1","2"
"西南五十里","1","1","2"
"固安县贺家","1","1","2"
"安县贺家口","1","1","2"
"西南张固村","1","1","2"
"南张固村河","1","1","2"
"张固村河口","1","1","2"
"冢村等堤岸","1","1","2"
"村等堤岸二","1","1","2"
"等堤岸二十","1","1","2"
"岸二十四处","1","1","2"
"筑三冢村堤","1","1","2"
"三冢村堤口","1","1","2"
"坏临漳杜村","1","1","2"
"临漳杜村西","1","1","2"
"漳杜村西南","1","1","2"
"杜村西南堤","1","1","2"
"分支流入卫","1","1","2"
"支流入卫河","1","1","2"
"广平大留村","1","1","2"
"平大留村十","1","1","2"
"大留村十八","1","1","2"
"留村十八里","1","1","2"
"吕彪河合流","1","1","2"
"塞高家河口","1","1","2"
"河漕督臣集","1","1","2"
"直隶巡按佴","1","1","2"
"隶巡按佴祺","1","1","2"
"东南流三十","1","1","2"
"南流三十里","1","1","2"
"河内县东北","1","1","2"
"新乡知县许","1","1","2"
"乡知县许宣","1","1","2"
"知县许宣请","1","1","2"
"卫三水相通","1","1","2"
"漕都御史王","1","1","2"
"尚书王直请","1","1","2"
"都察院都事","1","1","2"
"察院都事金","1","1","2"
"院都事金景","1","1","2"
"都事金景辉","1","1","2"
"陈桥集古河","1","1","2"
"弘治二年夏","1","1","2"
"运总兵官郭","1","1","2"
"曹县知县邹","1","1","2"
"县知县邹鲁","1","1","2"
"科臣常居敬","1","1","2"
"茶陵知州范","1","1","2"
"陵知州范守","1","1","2"
"知州范守己","1","1","2"
"沙淤塞沁口","1","1","2"
"堤外河形直","1","1","2"
"青县岔河口","1","1","2"
"九河中所称","1","1","2"
"献县郭家口","1","1","2"
"县郭家口堤","1","1","2"
"抚都御史杨","1","1","2"
"都御史杨璇","1","1","2"
"白沟三河上","1","1","2"
"沟三河上源","1","1","2"
"三河上源堤","1","1","2"
"河上源堤岸","1","1","2"
"天津决口八","1","1","2"
"津决口八十","1","1","2"
"决口八十六","1","1","2"
"真定县白马","1","1","2"
"定县白马口","1","1","2"
"堤三千九百","2","0","2"
"筑护城堤二","1","1","2"
"真定城内外","1","1","2"
"巡按御史傅","1","1","2"
"按御史傅汉","1","1","2"
"御史傅汉臣","1","1","2"
"滹沱流经大","1","1","2"
"沱流经大名","1","1","2"
"朔州马邑雷","1","1","2"
"州马邑雷山","1","1","2"
"大同古定桥","1","1","2"
"宣府保安州","1","1","2"
"都城西四十","1","1","2"
"城西四十里","1","1","2"
"西四十里石","1","1","2"
"四十里石景","1","1","2"
"十里石景山","1","1","2"
"都御史李文","1","1","2"
"御史李文进","1","1","2"
"米二万五千","1","1","2"
"青白口八处","1","1","2"
"高家庄八十","1","1","2"
"家庄八十里","1","1","2"
"霸州西支河","1","1","2"
"州西支河二","1","1","2"
"西支河二十","1","1","2"
"支河二十里","1","1","2"
"南支河三十","1","1","2"
"支河三十五","1","1","2"
"河三十五里","1","1","2"
"固安贺家口","1","1","2"
"决东狼窝口","2","0","2"
"顺天府尹李","1","1","2"
"天府尹李庸","1","1","2"
"霸州桑圆里","1","1","2"
"州桑圆里上","1","1","2"
"桑圆里上下","1","1","2"
"西务河道浅","1","1","2"
"侍郎李庸修","1","1","2"
"郎李庸修筑","1","1","2"
"卢沟桥小屯","1","1","2"
"沟桥小屯厂","1","1","2"
"桥小屯厂溃","1","1","2"
"决保定县安","1","1","2"
"保定县安州","1","1","2"
"定县安州堤","1","1","2"
"县安州堤五","1","1","2"
"安州堤五十","1","1","2"
"筑龙王庙南","1","1","2"
"龙王庙南石","1","1","2"
"王庙南石堤","1","1","2"
"霸州知州蒋","1","1","2"
"州知州蒋恺","1","1","2"
"城北草桥界","1","1","2"
"北草桥界河","1","1","2"
"理卢沟河堤","1","1","2"
"内官李兴等","1","1","2"
"督官军二万","1","1","2"
"官军二万人","1","1","2"
"中陆时雍言","2","0","2"
"尚书雷礼修","1","1","2"
"决口地下水","1","1","2"
"西岸故堤绵","1","1","2"
"九百六十丈","1","1","2"
"历十五年九","1","1","2"
"莱人姚演献","1","1","2"
"明正统六年","1","1","2"
"东北海险数","1","1","2"
"北海险数千","1","1","2"
"海险数千里","1","1","2"
"御史方远宜","1","1","2"
"史方远宜等","1","1","2"
"马家墩数里","1","1","2"
"山东巡抚胡","1","1","2"
"元时新河石","1","1","2"
"时新河石座","1","1","2"
"新河石座旧","1","1","2"
"河石座旧迹","1","1","2"
"中间分水岭","1","1","2"
"间分水岭难","1","1","2"
"工部尚书刘","1","1","2"
"部尚书刘应","1","1","2"
"尚书刘应节","1","1","2"
"东巡抚李世","1","1","2"
"抚李世达上","1","1","2"
"古路沟十三","1","1","2"
"路沟十三里","1","1","2"
"分水岭高峻","1","1","2"
"多碙〈石句","2","0","2"
"巡按御史商","1","1","2"
"山东巡抚曾","1","1","2"
"东巡抚曾樱","1","1","2"
"户部主事邢","1","1","2"
"部主事邢国","1","1","2"
"主事邢国玺","1","1","2"
"尚书倪元璐","1","1","2"
"书倪元璐请","1","1","2"
"岭脊四十里","1","1","2"
"取所行一时","1","1","2"
"相李善长等","1","1","2"
"元年冬十月","1","1","2"
"律令总裁官","1","1","2"
"参知政事杨","1","1","2"
"知政事杨宪","1","1","2"
"翰林学士陶","1","1","2"
"林学士陶安","1","1","2"
"士陶安等二","1","1","2"
"陶安等二十","1","1","2"
"安等二十人","1","1","2"
"令一百四十","1","1","2"
"百四十五条","1","1","2"
"二百八十五","1","1","2"
"百八十五条","1","1","2"
"大理卿周桢","1","1","2"
"理卿周桢等","1","1","2"
"卿周桢等取","1","1","2"
"部尚书刘惟","1","1","2"
"书刘惟谦详","1","1","2"
"洪武六年冬","1","1","2"
"武六年冬十","1","1","2"
"六年冬十一","1","1","2"
"冬十一月受","1","1","2"
"十一月受诏","1","1","2"
"旧律二百八","1","1","2"
"百八十八条","1","1","2"
"百二十八条","1","1","2"
"律三十六条","1","1","2"
"御史大夫汪","1","1","2"
"史大夫汪广","1","1","2"
"大夫汪广洋","1","1","2"
"夫汪广洋等","1","1","2"
"汪广洋等详","1","1","2"
"尚书开济定","1","1","2"
"十一等加减","2","0","2"
"乐户留住法","1","1","2"
"径三分二厘","1","1","2"
"径四分五厘","1","1","2"
"长三尺五寸","1","1","2"
"次列八礼图","1","1","2"
"改定七十三","1","1","2"
"十九万余人","1","1","2"
"三十年所颁","1","1","2"
"然律钞本非","2","0","2"
"律钞本非轻","2","0","2"
"南直隶巡抚","1","1","2"
"直隶巡抚王","1","1","2"
"隶巡抚王恕","1","1","2"
"会定见行律","1","1","2"
"刑部尚书彭","1","1","2"
"部尚书彭韶","1","1","2"
"尚书彭韶等","1","1","2"
"鸿胪少卿李","1","1","2"
"尚书白昂等","1","1","2"
"行者二百九","1","1","2"
"者二百九十","1","1","2"
"二百九十七","1","1","2"
"百九十七条","1","1","2"
"保定巡抚王","1","1","2"
"定巡抚王应","1","1","2"
"巡抚王应鹏","1","1","2"
"条例四十四","1","1","2"
"例四十四款","1","1","2"
"窃盗三犯者","2","0","2"
"臣等会同三","1","1","2"
"诏尚书顾应","1","1","2"
"尚书顾应祥","1","1","2"
"书顾应祥等","1","1","2"
"二百四十九","1","1","2"
"百四十九条","1","1","2"
"刑部尚书舒","1","1","2"
"部尚书舒化","1","1","2"
"尚书舒化等","1","1","2"
"宗藩军政条","1","1","2"
"藩军政条例","1","1","2"
"共三百八十","1","1","2"
"大理卿邹俊","1","1","2"
"嘉兴通判庞","1","1","2"
"兴通判庞安","1","1","2"
"西按察使黄","1","1","2"
"按察使黄翰","1","1","2"
"老幼残疾男","2","0","2"
"幼残疾男妇","2","0","2"
"残疾男妇诬","2","0","2"
"疾男妇诬告","2","0","2"
"凡年七十上","2","0","2"
"十五下废疾","2","0","2"
"俱发北方边","2","0","2"
"发北方边卫","2","0","2"
"北方边卫充","2","0","2"
"方边卫充军","2","0","2"
"百二十贯枉","1","1","2"
"二十贯枉法","1","1","2"
"遇赦犯者刺","2","0","2"
"犯者依常例","1","1","2"
"御史李秉援","1","1","2"
"盗王阿童五","1","1","2"
"知县陈敏政","1","1","2"
"同父异母姊","1","1","2"
"父异母姊妹","1","1","2"
"辽东巡抚滕","1","1","2"
"东巡抚滕照","1","1","2"
"辜限外人命","1","1","2"
"大理少卿王","1","1","2"
"理少卿王诤","1","1","2"
"律文犯奸条","1","1","2"
"文犯奸条下","1","1","2"
"院议定赎罪","1","1","2"
"官吏公私杂","1","1","2"
"吏公私杂犯","1","1","2"
"运炭纳米等","2","0","2"
"炭纳米等项","2","0","2"
"榜例死罪六","2","0","2"
"例死罪六千","2","0","2"
"死罪六千贯","2","0","2"
"力者发天寿","2","0","2"
"者发天寿山","2","0","2"
"发天寿山种","2","0","2"
"徒流按年限","2","0","2"
"十二百贯递","2","0","2"
"二百贯递加","1","1","2"
"三百贯递加","1","1","2"
"千四百五十","1","1","2"
"四百五十贯","1","1","2"
"递加二百贯","1","1","2"
"令妇人犯法","1","1","2"
"应钞二千二","2","0","2"
"二百贯递减","1","1","2"
"百五十贯递","1","1","2"
"五十贯递减","1","1","2"
"笞二十银二","2","0","2"
"二十银二钱","2","0","2"
"除过失杀人","1","1","2"
"收钞千一百","2","0","2"
"钞千一百二","2","0","2"
"巡抚湖广都","1","1","2"
"抚湖广都御","1","1","2"
"湖广都御史","1","1","2"
"广都御史朱","1","1","2"
"都御史朱廷","1","1","2"
"御史朱廷声","1","1","2"
"老幼废疾妇","2","0","2"
"幼废疾妇人","2","0","2"
"钱三十五文","1","1","2"
"收钱三百五","2","0","2"
"一分二厘五","1","1","2"
"分二厘五毫","1","1","2"
"余罪收赎者","2","0","2"
"犯罪时幼小","1","1","2"
"三贯六百文","1","1","2"
"八贯四百文","1","1","2"
"赎钞七百文","1","1","2"
"七贯七百文","1","1","2"
"告人杖六十","2","0","2"
"二贯四百文","1","1","2"
"四贯二百文","1","1","2"
"斗殴伤人罪","1","1","2"
"成化八年定","1","1","2"
"化八年定例","1","1","2"
"运囚粮等五","1","1","2"
"囚粮等五项","1","1","2"
"定七厘五毫","1","1","2"
"三十年诏令","1","1","2"
"罪囚运米赎","1","1","2"
"囚运米赎罪","1","1","2"
"赎钞八千贯","1","1","2"
"纳钞六百文","1","1","2"
"御史郑道宁","1","1","2"
"刑部郎俞士","1","1","2"
"部郎俞士吉","1","1","2"
"历十三年所","1","1","2"
"依南北籍编","1","1","2"
"南北籍编排","1","1","2"
"御史周时亮","1","1","2"
"犯死罪免死","1","1","2"
"死罪免死充","1","1","2"
"罪免死充军","1","1","2"
"伍后所生子","1","1","2"
"后所生子孙","1","1","2"
"所生子孙替","1","1","2"
"杭州北郭务","1","1","2"
"海盐支河通","1","1","2"
"嘉兴城西转","1","1","2"
"苏州城东鲇","1","1","2"
"州城东鲇鱼","1","1","2"
"城东鲇鱼口","1","1","2"
"江阴九里河","1","1","2"
"丹阳南二十","1","1","2"
"阳南二十里","1","1","2"
"二十五里黄","2","0","2"
"京口首尾八","1","1","2"
"口首尾八百","1","1","2"
"崇山侯李新","1","1","2"
"山侯李新开","1","1","2"
"溧水胭脂河","1","1","2"
"千二百馀丈","2","0","2"
"德胜新河四","1","1","2"
"胜新河四十","1","1","2"
"浙江都司萧","1","1","2"
"江都司萧华","1","1","2"
"白塔河大桥","2","0","2"
"塔河大桥闸","2","0","2"
"镇江七里港","1","1","2"
"镇江知府林","1","1","2"
"浙江参政胡","1","1","2"
"江参政胡清","1","1","2"
"尚宝少卿凌","1","1","2"
"宝少卿凌信","1","1","2"
"粮储河道都","1","1","2"
"储河道都御","1","1","2"
"道都御史李","1","1","2"
"通七里港口","1","1","2"
"漕都御史臧","1","1","2"
"都御史臧凤","1","1","2"
"常州上下里","1","1","2"
"州上下里河","1","1","2"
"岁贡生许汝","1","1","2"
"贡生许汝愚","1","1","2"
"生许汝愚上","1","1","2"
"总河傅希挚","1","1","2"
"御史郭思极","1","1","2"
"陈世宝先后","1","1","2"
"世宝先后请","1","1","2"
"御史尹良任","1","1","2"
"引长山八十","1","1","2"
"长山八十四","1","1","2"
"山八十四溪","1","1","2"
"立涵洞十三","1","1","2"
"辰溪冲入上","1","1","2"
"溪冲入上湖","1","1","2"
"下湖东堤建","1","1","2"
"补中间缺口","1","1","2"
"武进横林漕","1","1","2"
"进横林漕河","1","1","2"
"太常少卿姜","1","1","2"
"常少卿姜志","1","1","2"
"少卿姜志礼","1","1","2"
"卿姜志礼建","1","1","2"
"直达扬子桥","1","1","2"
"入仪真通江","1","1","2"
"仪真通江闸","1","1","2"
"浚扬子桥河","1","1","2"
"黄泥湾九千","1","1","2"
"浚仪真坝河","1","1","2"
"直河口二港","1","1","2"
"上下十数丈","1","1","2"
"斜对常州孟","1","1","2"
"存西港七坝","1","1","2"
"源河南辉县","2","0","2"
"密云县雾灵","1","1","2"
"云县雾灵山","1","1","2"
"南流经通州","1","1","2"
"尚书李友直","1","1","2"
"深四尺五寸","1","1","2"
"元郭守敬所","1","1","2"
"乐四年八月","1","1","2"
"宛平昌平西","1","1","2"
"平昌平西湖","1","1","2"
"青龙华家瓮","1","1","2"
"龙华家瓮山","1","1","2"
"华家瓮山三","1","1","2"
"流水河口一","1","1","2"
"水河口一百","1","1","2"
"河口一百里","1","1","2"
"运总兵官杨","1","1","2"
"总兵官杨茂","1","1","2"
"旧通惠河石","1","1","2"
"通惠河石闸","1","1","2"
"遣尚书杨鼎","1","1","2"
"入城内海子","1","1","2"
"城内海子湾","1","1","2"
"皇城金水河","1","1","2"
"过白羊口山","1","1","2"
"白羊口山沟","1","1","2"
"城南三里河","1","1","2"
"正阳桥东南","1","1","2"
"西湖草桥源","1","1","2"
"大通桥闸河","1","1","2"
"通桥闸河随","1","1","2"
"张家湾河道","1","1","2"
"都御史李裕","1","1","2"
"张家湾浑河","1","1","2"
"家湾浑河口","1","1","2"
"湾浑河口六","1","1","2"
"浑河口六十","1","1","2"
"大通桥通州","2","0","2"
"通州闸十二","1","1","2"
"通州旧城中","1","1","2"
"旧小河废坝","1","1","2"
"小河废坝西","1","1","2"
"改修三里河","1","1","2"
"改建通州西","1","1","2"
"建通州西水","1","1","2"
"通州西水关","1","1","2"
"留督工郎中","1","1","2"
"督工郎中何","1","1","2"
"工郎中何栋","1","1","2"
"郎中何栋专","1","1","2"
"大河卫百户","1","1","2"
"河卫百户闵","1","1","2"
"卫百户闵恭","1","1","2"
"运粮三万石","2","0","2"
"总兵都督宋","1","1","2"
"兵都督宋胜","1","1","2"
"按御史李敏","1","1","2"
"鸦鸿桥河道","1","1","2"
"丰润县海运","1","1","2"
"运粮指挥王","1","1","2"
"粮指挥王瓒","1","1","2"
"殷留庄大口","1","1","2"
"丰润环香河","1","1","2"
"御史鲍承荫","1","1","2"
"巩华城外安","1","1","2"
"华城外安济","1","1","2"
"城外安济桥","1","1","2"
"长陵等八卫","1","1","2"
"航海侯张赫","1","1","2"
"侯朱寿先后","1","1","2"
"朱寿先后转","1","1","2"
"运粮四十九","1","1","2"
"粮四十九万","1","1","2"
"天津卫籍兵","1","1","2"
"减登州卫海","1","1","2"
"登州卫海船","1","1","2"
"布花钞锭十","1","1","2"
"花钞锭十二","1","1","2"
"钞锭十二万","1","1","2"
"死官军五十","1","1","2"
"中间平度州","1","1","2"
"间平度州东","1","1","2"
"平度州东南","1","1","2"
"南北新河一","1","1","2"
"北新河一道","1","1","2"
"元时建闸直","1","1","2"
"时建闸直达","1","1","2"
"建闸直达安","1","1","2"
"辽东巡抚侯","1","1","2"
"东巡抚侯汝","1","1","2"
"巡抚侯汝谅","1","1","2"
"右屯河通堡","1","1","2"
"巡抚耿随朝","1","1","2"
"四百二十六","1","1","2"
"百二十六里","1","1","2"
"事中宋良佐","1","1","2"
"存海运遗意","1","1","2"
"山东巡抚梁","1","1","2"
"东巡抚梁梦","1","1","2"
"抚梁梦龙极","1","1","2"
"天津三千三","1","1","2"
"津三千三百","1","1","2"
"三千三百里","1","1","2"
"漕粮十二万","1","1","2"
"小清河海口","1","1","2"
"金州六七百","1","1","2"
"州六七百里","1","1","2"
"顺风扬帆一","1","1","2"
"风扬帆一二","1","1","2"
"扬帆一二日","1","1","2"
"旅顺二百里","1","1","2"
"东巡抚李长","1","1","2"
"巡抚李长庚","1","1","2"
"抚李长庚奏","1","1","2"
"侍郎一人督","1","1","2"
"崇明人沈廷","1","1","2"
"明人沈廷扬","1","1","2"
"廷扬户部郎","1","1","2"
"扬户部郎中","1","1","2"
"巡抚徐人龙","1","1","2"
"督漕侍郎朱","1","1","2"
"漕侍郎朱大","1","1","2"
"郎朱大典所","1","1","2"
"运总兵官万","1","1","2"
"总兵官万表","1","1","2"
"谦创立团营","1","1","2"
"右五军都督","1","1","2"
"二十万七千","1","1","2"
"十万七千八","1","1","2"
"什物上直官","2","0","2"
"物上直官军","2","0","2"
"左右二十队","1","1","2"
"右二十队勇","1","1","2"
"二十队勇字","1","1","2"
"十队勇字旗","1","1","2"
"大驾旗纛金","1","1","2"
"驾旗纛金鼓","1","1","2"
"传令营旗牌","1","1","2"
"大驾勇字旗","1","1","2"
"五军红盔贴","1","1","2"
"军红盔贴直","1","1","2"
"红盔贴直军","1","1","2"
"随侍营随侍","1","1","2"
"辽东备御回","1","1","2"
"提督内臣二","1","1","2"
"坐营内臣一","1","1","2"
"监枪内臣一","1","1","2"
"护卫马队官","1","1","2"
"卫马队官军","1","1","2"
"令锦衣等卫","1","1","2"
"分十营团练","2","0","2"
"一等军十四","1","1","2"
"等军十四万","1","1","2"
"命都御史马","1","1","2"
"二日走阵下","2","0","2"
"日走阵下营","2","0","2"
"时尚书刘大","1","1","2"
"书刘大夏陈","1","1","2"
"户部主事李","1","1","2"
"部主事李梦","1","1","2"
"事中葛嵩请","1","1","2"
"西官厅操练","1","1","2"
"事中王良佐","1","1","2"
"中王良佐奉","1","1","2"
"三十八万奇","2","0","2"
"书丁汝夔核","1","1","2"
"部侍郎王邦","1","1","2"
"侍郎王邦瑞","1","1","2"
"左右前后参","1","1","2"
"右前后参将","1","1","2"
"前后参将四","1","1","2"
"五军营一百","1","1","2"
"军营一百九","1","1","2"
"营一百九十","1","1","2"
"神枢营二百","1","1","2"
"神机营一百","1","1","2"
"机营一百八","1","1","2"
"营一百八十","1","1","2"
"共五百八十","1","1","2"
"五百八十六","1","1","2"
"六万八千人","1","1","2"
"士赵贞吉请","1","1","2"
"成祖分府分","1","1","2"
"祖分府分营","1","1","2"
"事中欧阳柏","1","1","2"
"坐营官二员","2","0","2"
"巡视京营科","1","1","2"
"视京营科臣","1","1","2"
"京营科臣林","1","1","2"
"营科臣林景","1","1","2"
"科臣林景旸","1","1","2"
"臣林景旸请","1","1","2"
"尚书李化龙","1","1","2"
"太常少卿胡","1","1","2"
"协理侍郎朱","1","1","2"
"理侍郎朱光","1","1","2"
"侍郎朱光祚","1","1","2"
"戎政侍郎李","1","1","2"
"政侍郎李邦","1","1","2"
"周延儒入阁","1","1","2"
"问戎政侍郎","1","1","2"
"戎政侍郎王","1","1","2"
"政侍郎王家","1","1","2"
"侍郎王家彦","1","1","2"
"襄城伯李国","1","1","2"
"城伯李国祯","1","1","2"
"王承恩监督","1","1","2"
"成国公朱仪","1","1","2"
"令守备参赞","1","1","2"
"守备参赞官","1","1","2"
"郎黄懋官抑","1","1","2"
"户部尚书江","1","1","2"
"事中魏元吉","1","1","2"
"直副总兵刘","1","1","2"
"参赞尚书潘","1","1","2"
"赞尚书潘季","1","1","2"
"三千一百二","1","1","2"
"百二十人一","1","1","2"
"科臣阮子孝","1","1","2"
"设南中军标","1","1","2"
"南中军标营","1","1","2"
"造守卫金牌","1","1","2"
"南北镇抚司","1","1","2"
"北镇抚司十","1","1","2"
"镇抚司十四","1","1","2"
"置勋卫散骑","1","1","2"
"旗手等十二","1","1","2"
"军前卫带刀","2","0","2"
"前卫带刀官","2","0","2"
"锦衣卫大汉","1","1","2"
"衣卫大汉将","1","1","2"
"卫大汉将军","1","1","2"
"大汉将军一","1","1","2"
"汉将军一千","1","1","2"
"将军一千五","1","1","2"
"红盔将军二","1","1","2"
"盔将军二千","1","1","2"
"将军二千五","1","1","2"
"军二千五百","1","1","2"
"总指挥十六","1","1","2"
"明甲将军五","1","1","2"
"甲将军五百","1","1","2"
"大汉将军八","1","1","2"
"刀围子手三","1","1","2"
"围子手三千","1","1","2"
"旗手等卫带","1","1","2"
"手等卫带刀","1","1","2"
"等卫带刀官","1","1","2"
"卫带刀官一","1","1","2"
"带刀官一百","1","1","2"
"刀官一百八","1","1","2"
"官一百八十","1","1","2"
"总四十七人","1","1","2"
"锦衣卫带俸","1","1","2"
"千一百人充","1","1","2"
"御马监家将","1","1","2"
"马监家将勇","1","1","2"
"监家将勇士","1","1","2"
"令大汉将军","1","1","2"
"大汉将军试","1","1","2"
"令锦衣官协","1","1","2"
"总制亲兵都","1","1","2"
"制亲兵都指","1","1","2"
"亲兵都指挥","1","1","2"
"兵都指挥使","1","1","2"
"置都镇抚司","1","1","2"
"左右前后中","1","1","2"
"右前后中五","1","1","2"
"皇城守卫官","1","1","2"
"城守卫官军","1","1","2"
"承天门左右","1","1","2"
"西华门左右","1","1","2"
"西安门左右","1","1","2"
"玄武门左右","1","1","2"
"北安门左右","1","1","2"
"铜令申字牌","1","1","2"
"令申字牌巡","1","1","2"
"内皇城卫舍","1","1","2"
"皇城卫舍四","1","1","2"
"城卫舍四十","1","1","2"
"外皇城卫舍","1","1","2"
"皇城卫舍七","1","1","2"
"城卫舍七十","1","1","2"
"卫舍七十二","1","1","2"
"内皇城左右","1","1","2"
"皇城左右坐","1","1","2"
"城左右坐更","1","1","2"
"左右坐更将","1","1","2"
"右坐更将军","1","1","2"
"四门走更官","1","1","2"
"门走更官八","1","1","2"
"置亲军指挥","1","1","2"
"亲军十二卫","1","1","2"
"皇城内外设","1","1","2"
"卫所镇抚官","1","1","2"
"置五城兵马","1","1","2"
"令三千营选","1","1","2"
"令锦衣官五","1","1","2"
"旗手等卫官","1","1","2"
"事中丘岳等","1","1","2"
"部左侍郎专","1","1","2"
"一千七百八","1","1","2"
"千七百八十","1","1","2"
"选四卫勇士","1","1","2"
"四卫勇士隶","1","1","2"
"太监张永等","1","1","2"
"三百三十人","1","1","2"
"三千六百四","1","1","2"
"七千二百四","1","1","2"
"四千六百余","1","1","2"
"提督内臣曹","1","1","2"
"督内臣曹化","1","1","2"
"内臣曹化淳","1","1","2"
"望见黑虎头","1","1","2"
"见黑虎头军","1","1","2"
"洪武三年十","1","1","2"
"武三年十一","1","1","2"
"四万七千九","1","1","2"
"事中潘庸等","1","1","2"
"中潘庸等分","1","1","2"
"潘庸等分行","1","1","2"
"兵部尚书俞","1","1","2"
"部尚书俞纶","1","1","2"
"卫所核实军","1","1","2"
"置军籍勘合","2","0","2"
"兴州左屯卫","1","1","2"
"州左屯卫军","1","1","2"
"富峪卫百户","1","1","2"
"峪卫百户钱","1","1","2"
"卫百户钱兴","1","1","2"
"黄宗载等清","1","1","2"
"宗载等清理","1","1","2"
"百五十九人","1","1","2"
"千二百三十","1","1","2"
"二百三十九","1","1","2"
"百三十九人","1","1","2"
"知府况钟言","2","0","2"
"侍郎周忱清","1","1","2"
"郎周忱清理","1","1","2"
"山西巡抚李","1","1","2"
"西巡抚李侃","1","1","2"
"御史十一人","1","1","2"
"史十一人分","1","1","2"
"十一人分道","1","1","2"
"一人分道清","1","1","2"
"主事王学益","1","1","2"
"郧阳巡抚王","1","1","2"
"阳巡抚王世","1","1","2"
"巡抚王世贞","1","1","2"
"部尚书郭应","1","1","2"
"尚书郭应聘","1","1","2"
"上虞人李志","1","1","2"
"虞人李志道","1","1","2"
"人李志道充","1","1","2"
"将分道练兵","1","1","2"
"车一百五十","1","1","2"
"都指挥军士","1","1","2"
"令天下卫所","1","1","2"
"军士分三等","1","1","2"
"士分三等赏","1","1","2"
"选护卫军五","1","1","2"
"护卫军五千","1","1","2"
"赴真定操练","1","1","2"
"河南等都司","1","1","2"
"事中邓林进","1","1","2"
"仲春十五日","1","1","2"
"仲夏十五日","1","1","2"
"书马文升申","1","1","2"
"马文升申明","1","1","2"
"令提督坐营","1","1","2"
"提督坐营官","1","1","2"
"督坐营官操","1","1","2"
"坐营官操练","1","1","2"
"三千人训练","1","1","2"
"教练军士分","1","1","2"
"练军士分数","1","1","2"
"浙江参将戚","1","1","2"
"江参将戚继","1","1","2"
"赏平定中原","1","1","2"
"沿海卫所指","1","1","2"
"海卫所指挥","1","1","2"
"军士水陆擒","1","1","2"
"士水陆擒杀","1","1","2"
"队胜负未决","1","1","2"
"营中擒获奸","1","1","2"
"中擒获奸细","1","1","2"
"神威精勇猛","1","1","2"
"强壮毅英雄","1","1","2"
"部下五百人","1","1","2"
"正德十年重","1","1","2"
"级者升一秩","2","0","2"
"四五六人共","1","1","2"
"级上数者赏","2","0","2"
"总五百人者","2","0","2"
"定军官部下","1","1","2"
"军官部下斩","1","1","2"
"历十二年更","1","1","2"
"定海洋征战","1","1","2"
"神机枪炮法","1","1","2"
"府总兵官谭","1","1","2"
"巡关侍郎江","1","1","2"
"关侍郎江潮","1","1","2"
"真定藏都督","1","1","2"
"定藏都督平","1","1","2"
"藏都督平安","1","1","2"
"都督平安火","1","1","2"
"督平安火伞","1","1","2"
"延绥参将房","1","1","2"
"绥参将房能","1","1","2"
"造佛郎机炮","1","1","2"
"总督军务翁","1","1","2"
"督军务翁万","1","1","2"
"军务翁万达","1","1","2"
"通判华光大","1","1","2"
"士徐光启请","1","1","2"
"西洋人制造","1","1","2"
"夺门将军大","1","1","2"
"门将军大小","1","1","2"
"将军大小二","1","1","2"
"军大小二样","1","1","2"
"连珠佛郎机","1","1","2"
"珠佛郎机炮","1","1","2"
"铁捧雷飞炮","1","1","2"
"火兽布地雷","1","1","2"
"兽布地雷炮","1","1","2"
"一窝锋神机","1","1","2"
"窝锋神机箭","1","1","2"
"大中小佛郎","1","1","2"
"中小佛郎机","1","1","2"
"小佛郎机铜","1","1","2"
"筋缴桦皮铁","1","1","2"
"号双头铁枪","1","1","2"
"军资器械名","1","1","2"
"资器械名目","1","1","2"
"器械名目繁","1","1","2"
"总兵官朱冕","1","1","2"
"宁夏多沟壑","1","1","2"
"总兵官张泰","1","1","2"
"箭工周四章","1","1","2"
"定襄伯郭登","1","1","2"
"高七尺五寸","1","1","2"
"十五步外设","1","1","2"
"刀牌甲士共","1","1","2"
"牌甲士共十","1","1","2"
"甲士共十人","1","1","2"
"载大小将军","1","1","2"
"兰州守备李","1","1","2"
"州守备李进","1","1","2"
"造独轮小车","1","1","2"
"神机箭十四","1","1","2"
"吏部郎中李","1","1","2"
"部郎中李贤","1","1","2"
"车前后占地","1","1","2"
"前后占地五","1","1","2"
"后占地五步","1","1","2"
"肃总兵官王","1","1","2"
"大总督余子","1","1","2"
"总督余子俊","1","1","2"
"陕西总制秦","1","1","2"
"上下共六人","1","1","2"
"献先锋霹雳","1","1","2"
"先锋霹雳车","1","1","2"
"置九牛神弩","1","1","2"
"十二路二千","1","1","2"
"二路二千里","1","1","2"
"辽东巡抚魏","1","1","2"
"东巡抚魏学","1","1","2"
"巡抚魏学曾","1","1","2"
"造双轮战车","1","1","2"
"巡按御史易","1","1","2"
"按御史易应","1","1","2"
"史易应昌进","1","1","2"
"户部主事曹","1","1","2"
"部主事曹履","1","1","2"
"主事曹履吉","1","1","2"
"事曹履吉所","1","1","2"
"曹履吉所制","1","1","2"
"济川卫杨渠","1","1","2"
"十装标号软","1","1","2"
"装标号软风","1","1","2"
"开浪船能容","1","1","2"
"苍山船首尾","1","1","2"
"直隶应天等","1","1","2"
"隶应天等府","1","1","2"
"夫设圉长一","1","1","2"
"府州县军民","1","1","2"
"江南十一户","1","1","2"
"江北五户养","1","1","2"
"府州县官吏","1","1","2"
"应天等六府","1","1","2"
"天等六府二","1","1","2"
"等六府二州","1","1","2"
"北方人户五","1","1","2"
"方人户五丁","1","1","2"
"人户五丁养","1","1","2"
"户五丁养一","1","1","2"
"定南方养马","1","1","2"
"北京苑马寺","1","1","2"
"太仆寺常盈","1","1","2"
"仆寺常盈库","1","1","2"
"太仆少卿彭","1","1","2"
"仆少卿彭礼","1","1","2"
"定两京太仆","1","1","2"
"两京太仆种","1","1","2"
"京太仆种马","1","1","2"
"马二万五千","1","1","2"
"荐南京太常","1","1","2"
"京太常卿杨","1","1","2"
"太常卿杨一","1","1","2"
"常卿杨一清","1","1","2"
"安定水泉便","1","1","2"
"定水泉便利","1","1","2"
"三万二千五","1","1","2"
"支太仆马价","2","0","2"
"银四万二千","1","1","2"
"买种马七千","1","1","2"
"三万三千七","1","1","2"
"千七百余顷","1","1","2"
"荒地十二万","1","1","2"
"地十二万八","1","1","2"
"地二千九百","1","1","2"
"时御史王济","1","1","2"
"延绥三十六","1","1","2"
"绥三十六营","1","1","2"
"银二十八万","1","1","2"
"督四夷馆太","1","1","2"
"四夷馆太常","1","1","2"
"夷馆太常少","1","1","2"
"馆太常少卿","1","1","2"
"太常少卿武","1","1","2"
"常少卿武金","1","1","2"
"河南十二万","1","1","2"
"南十二万匹","1","1","2"
"银二十四万","1","1","2"
"寺卿罗应鹤","1","1","2"
"卿罗应鹤请","1","1","2"
"东西二役兴","1","1","2"
"本寺寄养马","1","1","2"
"辽东督师袁","1","1","2"
"东督师袁崇","1","1","2"
"两京州县寄","1","1","2"
"京州县寄养","1","1","2"
"州县寄养马","1","1","2"
"县寄养马内","1","1","2"
"太仆卿涂国","1","1","2"
"仆卿涂国鼎","1","1","2"
"百三十余里","1","1","2"
"兵部主事汤","1","1","2"
"部主事汤冕","1","1","2"
"太仆卿王霁","1","1","2"
"四十余万斤","1","1","2"
"灵州盐池增","1","1","2"
"苑马寺官听","1","1","2"
"南户部印发","1","1","2"
"价九万六千","1","1","2"
"内外藩封将","1","1","2"
"外藩封将帅","1","1","2"
"五千六百人","1","1","2"
"置中都留守","1","1","2"
"云南都指挥","1","1","2"
"内外卫所军","1","1","2"
"定武官役军","1","1","2"
"升燕山三护","1","1","2"
"燕山三护卫","1","1","2"
"建文时所立","1","1","2"
"西行都司所","1","1","2"
"行都司所属","1","1","2"
"定卫所屯守","1","1","2"
"卫所屯守军","1","1","2"
"所屯守军士","1","1","2"
"都司二十一","1","1","2"
"内外卫四百","1","1","2"
"外卫四百九","1","1","2"
"卫四百九十","1","1","2"
"四百九十三","1","1","2"
"守御屯田群","1","1","2"
"御屯田群牧","1","1","2"
"屯田群牧千","1","1","2"
"田群牧千户","1","1","2"
"牧千户所三","1","1","2"
"千户所三百","1","1","2"
"户所三百五","1","1","2"
"所三百五十","1","1","2"
"三百五十九","1","1","2"
"仪卫司三十","1","1","2"
"卫司三十三","1","1","2"
"安抚司十六","1","1","2"
"长官司七十","1","1","2"
"亲军上二十","1","1","2"
"军上二十二","1","1","2"
"增设金吾左","1","1","2"
"长陵等十五","1","1","2"
"陵等十五卫","1","1","2"
"乘大宝法王","1","1","2"
"乐十三年诏","1","1","2"
"共十六万人","1","1","2"
"仅一万四千","1","1","2"
"允成国公朱","1","1","2"
"选卫兵八万","1","1","2"
"御史鲍象贤","1","1","2"
"史鲍象贤请","1","1","2"
"通政司陈经","1","1","2"
"大宁等卫军","1","1","2"
"丰城侯李熙","1","1","2"
"城侯李熙核","1","1","2"
"平江伯陈圭","1","1","2"
"职方主事沈","1","1","2"
"方主事沈朝","1","1","2"
"主事沈朝焕","1","1","2"
"官陈永寿请","1","1","2"
"中宋一韩争","1","1","2"
"事中麻僖请","1","1","2"
"顺天巡抚都","1","1","2"
"抚都御史刘","1","1","2"
"都御史刘曰","1","1","2"
"部右侍郎专","1","1","2"
"九百八十七","1","1","2"
"百八十七处","1","1","2"
"上海胡家港","1","1","2"
"登州蓬莱阁","1","1","2"
"州蓬莱阁河","1","1","2"
"年筑海盐海","2","0","2"
"筑海盐海塘","2","0","2"
"筑磁州漳河","1","1","2"
"二万三千九","1","1","2"
"临海横山岭","1","1","2"
"海横山岭水","1","1","2"
"横山岭水闸","1","1","2"
"千三百馀丈","2","0","2"
"灌田数万顷","2","0","2"
"沙子河胭脂","1","1","2"
"子河胭脂坝","1","1","2"
"河胭脂坝四","1","1","2"
"胭脂坝四千","1","1","2"
"脂坝四千三","1","1","2"
"坝四千三百","1","1","2"
"夫三十五万","1","1","2"
"三十五万九","1","1","2"
"修筑河南洛","1","1","2"
"史严震直烧","1","1","2"
"安陆京山汉","1","1","2"
"陆京山汉水","1","1","2"
"章丘漯河东","1","1","2"
"浙江赭山江","1","1","2"
"濰县白浪河","2","0","2"
"县白浪河堤","1","1","2"
"句容杨家港","1","1","2"
"夏县古河决","1","1","2"
"县古河决口","1","1","2"
"古河决口三","1","1","2"
"河决口三十","1","1","2"
"昌邑河渠五","1","1","2"
"嘉定小横沥","1","1","2"
"昆山葫芦等","1","1","2"
"山葫芦等河","1","1","2"
"漕泾分水港","1","1","2"
"上海南仓浦","1","1","2"
"海南仓浦口","1","1","2"
"嘉定刘家港","1","1","2"
"常熟白茆港","1","1","2"
"熟白茆港径","1","1","2"
"淞南北两岸","1","1","2"
"南仓浦口径","1","1","2"
"兴化南北堤","1","1","2"
"泰兴沿江圩","1","1","2"
"兴沿江圩岸","1","1","2"
"六合瓜步等","1","1","2"
"混水等十五","1","1","2"
"武陟马田堤","1","1","2"
"陟马田堤岸","1","1","2"
"香山竹径水","1","1","2"
"复兴安分水","1","1","2"
"浚苏州千墩","1","1","2"
"苏州千墩浦","1","1","2"
"含山崇义堰","1","1","2"
"吏目张良兴","1","1","2"
"上虞曹娥江","1","1","2"
"温县驮坞村","1","1","2"
"县驮坞村堤","1","1","2"
"南海卫莲塘","1","1","2"
"鹊水等堤岸","1","1","2"
"州周兴等乡","1","1","2"
"鹰扬卫乌江","1","1","2"
"扬卫乌江屯","1","1","2"
"卫乌江屯江","1","1","2"
"乌江屯江岸","1","1","2"
"山阳运盐河","1","1","2"
"阳运盐河十","1","1","2"
"运盐河十八","1","1","2"
"盐河十八里","1","1","2"
"修筑宣城十","1","1","2"
"筑宣城十九","1","1","2"
"丰城穆湖圩","1","1","2"
"城穆湖圩岸","1","1","2"
"石首临江万","1","1","2"
"首临江万石","1","1","2"
"临江万石堤","1","1","2"
"常熟福山塘","1","1","2"
"熟福山塘三","1","1","2"
"福山塘三十","1","1","2"
"山塘三十六","1","1","2"
"塘三十六里","1","1","2"
"筑高要银冈","1","1","2"
"田五百馀顷","2","0","2"
"治杭州江岸","1","1","2"
"浚浙江平阳","1","1","2"
"浙江平阳县","1","1","2"
"江平阳县河","1","1","2"
"安陆州渲马","1","1","2"
"陆州渲马滩","1","1","2"
"筑泰兴拦江","1","1","2"
"泰兴拦江堤","1","1","2"
"汝阳汝河堤","1","1","2"
"阳汝河堤岸","1","1","2"
"南陵野塘圩","1","1","2"
"松滋张家坑","1","1","2"
"何家洲堤岸","1","1","2"
"浮糠河决口","1","1","2"
"安福丁陂等","1","1","2"
"安陆京山景","1","1","2"
"陆京山景陵","1","1","2"
"京山景陵圩","1","1","2"
"百三十一处","1","1","2"
"监利车水堤","1","1","2"
"利车水堤四","1","1","2"
"车水堤四千","1","1","2"
"水堤四千四","1","1","2"
"堤四千四百","1","1","2"
"高安华陂屯","1","1","2"
"安华陂屯陂","1","1","2"
"华陂屯陂堤","1","1","2"
"筑沂州沭河","1","1","2"
"筑直隶新城","1","1","2"
"直隶新城张","1","1","2"
"隶新城张村","1","1","2"
"新城张村等","1","1","2"
"引滹沱水灌","1","1","2"
"筑新会圩岸","1","1","2"
"新会圩岸二","1","1","2"
"饶阳恭俭等","1","1","2"
"安州直亭等","1","1","2"
"州直亭等河","1","1","2"
"决口八十九","1","1","2"
"堤决口四十","1","1","2"
"决口四十六","1","1","2"
"上海蟠龙江","1","1","2"
"京行太仆卿","1","1","2"
"行太仆卿杨","1","1","2"
"太仆卿杨砥","1","1","2"
"天津等卫屯","1","1","2"
"津等卫屯田","1","1","2"
"文安二县河","1","1","2"
"安二县河口","1","1","2"
"应天新河圩","1","1","2"
"天新河圩岸","1","1","2"
"泽大滨河堤","1","1","2"
"昆山太平河","1","1","2"
"海州官河二","1","1","2"
"州官河二百","1","1","2"
"官河二百四","1","1","2"
"河二百四十","1","1","2"
"临晋涑水河","1","1","2"
"南京羽林右","1","1","2"
"京羽林右卫","1","1","2"
"羽林右卫刁","1","1","2"
"林右卫刁家","1","1","2"
"右卫刁家圩","1","1","2"
"卫刁家圩屯","1","1","2"
"刁家圩屯田","1","1","2"
"家圩屯田堤","1","1","2"
"江县丞李升","1","1","2"
"昆山千墩等","1","1","2"
"山千墩等河","1","1","2"
"长洲十八都","1","1","2"
"洲十八都港","1","1","2"
"十八都港汊","1","1","2"
"钱清小江坝","1","1","2"
"千六百馀丈","2","0","2"
"文谷山常稔","1","1","2"
"谷山常稔渠","1","1","2"
"山常稔渠分","1","1","2"
"引文谷河流","1","1","2"
"浙江归安知","1","1","2"
"江归安知县","1","1","2"
"归安知县华","1","1","2"
"安知县华嵩","1","1","2"
"灌县都江等","1","1","2"
"县都江等堰","1","1","2"
"都江等堰四","1","1","2"
"江等堰四十","1","1","2"
"等堰四十四","1","1","2"
"江西御史许","1","1","2"
"西御史许胜","1","1","2"
"南昌瑞河两","1","1","2"
"昌瑞河两岸","1","1","2"
"瑞河两岸低","1","1","2"
"丰城安沙绳","1","1","2"
"城安沙绳湾","1","1","2"
"安沙绳湾圩","1","1","2"
"沙绳湾圩岸","1","1","2"
"绳湾圩岸三","1","1","2"
"湾圩岸三千","1","1","2"
"圩岸三千六","1","1","2"
"岸三千六百","1","1","2"
"中书舍人陆","1","1","2"
"书舍人陆伯","1","1","2"
"舍人陆伯伦","1","1","2"
"熟七浦塘东","1","1","2"
"七浦塘东西","1","1","2"
"献县柳林口","1","1","2"
"县柳林口堤","1","1","2"
"柳林口堤岸","1","1","2"
"巡抚侍郎成","1","1","2"
"抚侍郎成均","1","1","2"
"嵌土岸二千","1","1","2"
"土岸二千四","1","1","2"
"岸二千四百","1","1","2"
"溧水永丰圩","1","1","2"
"水永丰圩周","1","1","2"
"永丰圩周围","1","1","2"
"丰圩周围八","1","1","2"
"圩周围八十","1","1","2"
"常熟耿泾塘","1","1","2"
"眉州新津通","1","1","2"
"州新津通济","1","1","2"
"新津通济堰","1","1","2"
"河东盐运使","1","1","2"
"流入五星湖","1","1","2"
"入五星湖转","1","1","2"
"镇守都司李","1","1","2"
"守都司李谦","1","1","2"
"按御史徐杰","1","1","2"
"湖广偏桥卫","1","1","2"
"广偏桥卫高","1","1","2"
"山阴西小江","1","1","2"
"筑临浦戚堰","1","1","2"
"陕西西安灞","1","1","2"
"西西安灞桥","1","1","2"
"西安灞桥河","1","1","2"
"新会鸾台山","1","1","2"
"湖广老龙堤","1","1","2"
"泰兴顺德乡","1","1","2"
"兴顺德乡三","1","1","2"
"潞州永禄等","1","1","2"
"州永禄等沟","1","1","2"
"永禄等沟渠","1","1","2"
"禄等沟渠二","1","1","2"
"等沟渠二十","1","1","2"
"沟渠二十八","1","1","2"
"城杜村口堤","1","1","2"
"宁夏巡抚都","1","1","2"
"夏巡抚都御","1","1","2"
"抚都御史金","1","1","2"
"都御史金濂","1","1","2"
"明沙州七星","1","1","2"
"南京上中下","1","1","2"
"京上中下新","1","1","2"
"上中下新河","1","1","2"
"济川卫新江","1","1","2"
"川卫新江口","1","1","2"
"卫新江口防","1","1","2"
"新江口防水","1","1","2"
"塞海宁蛎岩","1","1","2"
"山阳泾河坝","1","1","2"
"江米巷玉河","1","1","2"
"米巷玉河桥","1","1","2"
"筑丰城沙月","1","1","2"
"芜湖陶辛圩","1","1","2"
"湖陶辛圩新","1","1","2"
"高邮知州韩","1","1","2"
"邮知州韩简","1","1","2"
"官河上下二","1","1","2"
"河上下二闸","1","1","2"
"江西广昌江","1","1","2"
"萧山长山浦","1","1","2"
"山长山浦海","1","1","2"
"彭山通济堰","1","1","2"
"筑南京浦子","1","1","2"
"南京浦子口","1","1","2"
"兰溪卸桥浦","1","1","2"
"溪卸桥浦口","1","1","2"
"卸桥浦口堤","1","1","2"
"德州耿家湾","1","1","2"
"州耿家湾等","1","1","2"
"杞县离沟堤","1","1","2"
"筑容城杜村","1","1","2"
"容城杜村堤","1","1","2"
"接苏州苑山","1","1","2"
"苏州苑山湖","1","1","2"
"州苑山湖塘","1","1","2"
"城南长沟河","1","1","2"
"发丁夫疏浚","2","0","2"
"隆津等都陆","1","1","2"
"连城湖港廖","1","1","2"
"城湖港廖家","1","1","2"
"湖港廖家口","1","1","2"
"通州金沙场","1","1","2"
"州金沙场八","1","1","2"
"金沙场八里","1","1","2"
"沙场八里河","1","1","2"
"北十八里通","1","1","2"
"十八里通流","1","1","2"
"入直沽张家","1","1","2"
"直沽张家湾","1","1","2"
"平度州大湾","1","1","2"
"度州大湾口","1","1","2"
"州大湾口河","1","1","2"
"大湾口河道","1","1","2"
"浙江听选官","1","1","2"
"江听选官王","1","1","2"
"听选官王信","1","1","2"
"诸暨七十二","1","1","2"
"暨七十二湖","1","1","2"
"引城北山水","1","1","2"
"入南城大河","1","1","2"
"湖广五开卫","1","1","2"
"云南邓川州","1","1","2"
"大理卫屯田","1","1","2"
"接牛屯大河","1","1","2"
"灌溉降福等","1","1","2"
"溉降福等七","1","1","2"
"降福等七十","1","1","2"
"筑丹阳甘露","1","1","2"
"丹阳甘露等","1","1","2"
"永嘉三十六","1","1","2"
"嘉三十六都","1","1","2"
"三十六都河","1","1","2"
"常熟顾新塘","1","1","2"
"绵州西岔河","1","1","2"
"州西岔河通","1","1","2"
"浚江阴顺塘","1","1","2"
"江阴顺塘河","1","1","2"
"阴顺塘河十","1","1","2"
"接永利仓大","1","1","2"
"永利仓大河","1","1","2"
"南总兵官沐","1","1","2"
"华容杜预渠","1","1","2"
"城白沟河杜","1","1","2"
"白沟河杜村","1","1","2"
"沟河杜村口","1","1","2"
"固安杨家等","1","1","2"
"彭县万工堰","1","1","2"
"泾阳仲山谷","1","1","2"
"西安城西井","1","1","2"
"龙首渠引水","1","1","2"
"首渠引水七","1","1","2"
"渠引水七十","1","1","2"
"引水七十里","1","1","2"
"邳州知州孟","1","1","2"
"州知州孟琳","1","1","2"
"滁河浦子口","1","1","2"
"浚杭州钱塘","1","1","2"
"杭州钱塘门","1","1","2"
"抚都御史牟","1","1","2"
"山东小清河","1","1","2"
"接济南趵突","1","1","2"
"高家港盐场","1","1","2"
"劝农参政唐","1","1","2"
"巡按御史许","1","1","2"
"按御史许进","1","1","2"
"提督水利分","1","1","2"
"督水利分司","1","1","2"
"水利分司一","1","1","2"
"利分司一员","1","1","2"
"分司一员随","1","1","2"
"司一员随时","1","1","2"
"一员随时修","1","1","2"
"南京内外河","1","1","2"
"京内外河道","1","1","2"
"浚云南东西","1","1","2"
"云南东西二","1","1","2"
"南东西二沟","1","1","2"
"松华坝黑龙","1","1","2"
"华坝黑龙潭","1","1","2"
"西南柳坝南","1","1","2"
"南柳坝南村","1","1","2"
"居庸关水关","1","1","2"
"隘口水门四","1","1","2"
"口水门四十","1","1","2"
"嘉兴等六府","1","1","2"
"兴等六府海","1","1","2"
"等六府海田","1","1","2"
"六府海田堤","1","1","2"
"府海田堤岸","1","1","2"
"南京中下二","1","1","2"
"京中下二新","1","1","2"
"中下二新河","1","1","2"
"都御史丘鼐","1","1","2"
"灌县都江堰","1","1","2"
"抚民参政朱","1","1","2"
"南阳召公等","1","1","2"
"阳召公等渠","1","1","2"
"汝宁桃陂等","1","1","2"
"令苏州通判","1","1","2"
"苏州通判张","1","1","2"
"令浙江参政","1","1","2"
"浙江参政周","1","1","2"
"江参政周季","1","1","2"
"参政周季麟","1","1","2"
"政周季麟修","1","1","2"
"嘉兴旧堤三","1","1","2"
"兴旧堤三十","1","1","2"
"湖州长兴堤","1","1","2"
"州长兴堤岸","1","1","2"
"长兴堤岸七","1","1","2"
"兴堤岸七十","1","1","2"
"开吴淞江大","2","0","2"
"吴淞江大石","2","0","2"
"白茆港白鱼","1","1","2"
"茆港白鱼洪","1","1","2"
"百三十五道","1","1","2"
"灵州金积山","1","1","2"
"州金积山河","1","1","2"
"浚南京新江","1","1","2"
"南京新江口","1","1","2"
"京新江口右","1","1","2"
"应天等卫屯","1","1","2"
"天等卫屯田","1","1","2"
"江都官塘五","1","1","2"
"工部郎中陆","1","1","2"
"部郎中陆时","1","1","2"
"良乡卢沟河","1","1","2"
"雄县白沟河","1","1","2"
"青县滹沱河","1","1","2"
"仆卿何栋勘","1","1","2"
"合流入河间","1","1","2"
"涿州胡良河","1","1","2"
"良乡琉璃河","1","1","2"
"香河郭家庄","1","1","2"
"开新河一道","1","1","2"
"近旧河十里","1","1","2"
"浚臧村等港","1","1","2"
"浚澡港等河","1","1","2"
"宋转运使王","1","1","2"
"转运使王纯","1","1","2"
"运使王纯臣","1","1","2"
"前二三十年","1","1","2"
"平原流入江","1","1","2"
"原流入江海","1","1","2"
"常熟福山闸","1","1","2"
"巡抚欧阳必","1","1","2"
"抚欧阳必进","1","1","2"
"事中陈斐请","1","1","2"
"督尚书杨博","1","1","2"
"抚都御史翁","1","1","2"
"七浦等处造","1","1","2"
"浦等处造成","1","1","2"
"等处造成石","1","1","2"
"处造成石闸","1","1","2"
"参政凌云翼","1","1","2"
"政凌云翼请","1","1","2"
"湖广竹筒河","1","1","2"
"抚都御史海","1","1","2"
"御史海瑞疏","1","1","2"
"增开十五丈","1","1","2"
"宋家桥长八","1","1","2"
"家桥长八十","1","1","2"
"桥长八十里","1","1","2"
"百六十四万","1","1","2"
"昆山夏驾口","1","1","2"
"巡抚侍郎徐","1","1","2"
"海盐秦驻山","1","1","2"
"抚都御史胡","1","1","2"
"都御史胡执","1","1","2"
"御史胡执礼","1","1","2"
"史胡执礼请","1","1","2"
"前都御史海","1","1","2"
"御史海瑞力","1","1","2"
"上海江口宋","1","1","2"
"海江口宋家","1","1","2"
"江口宋家桥","1","1","2"
"昆山慢水港","1","1","2"
"山慢水港六","1","1","2"
"慢水港六十","1","1","2"
"一二洞门通","1","1","2"
"二洞门通水","1","1","2"
"江大黄浦西","1","1","2"
"大黄浦西南","1","1","2"
"筑上海李家","1","1","2"
"上海李家洪","1","1","2"
"海李家洪老","1","1","2"
"李家洪老鸦","1","1","2"
"家洪老鸦嘴","1","1","2"
"洪老鸦嘴海","1","1","2"
"老鸦嘴海岸","1","1","2"
"鸦嘴海岸十","1","1","2"
"嘴海岸十八","1","1","2"
"海岸十八里","1","1","2"
"塘浦支河分","1","1","2"
"浦支河分流","1","1","2"
"按御史薛贞","1","1","2"
"复请浚吴淞","2","0","2"
"员外郎蔡懋","1","1","2"
"外郎蔡懋德","1","1","2"
"都御史李待","1","1","2"
"御史李待问","1","1","2"
"史张国维请","1","1","2"
"江长桥七十","1","1","2"
"长桥七十二","1","1","2"
"尚宝少卿徐","1","1","2"
"宝少卿徐贞","1","1","2"
"少卿徐贞明","1","1","2"
"密云燕乐庄","1","1","2"
"平谷水峪寺","1","1","2"
"三河塘会庄","1","1","2"
"蓟州城北黄","1","1","2"
"城西白马泉","1","1","2"
"玉田青庄坞","1","1","2"
"坐收芦苇薪","1","1","2"
"收芦苇薪刍","1","1","2"
"都御史梁问","1","1","2"
"御史梁问孟","1","1","2"
"筑横城堡边","1","1","2"
"宝应知县陈","1","1","2"
"事中祝世禄","1","1","2"
"保定巡抚都","1","1","2"
"定巡抚都御","1","1","2"
"抚都御史汪","1","1","2"
"都御史汪应","1","1","2"
"御史汪应蛟","1","1","2"
"水田数万顷","1","1","2"
"水稻二千亩","1","1","2"
"真定知府郭","1","1","2"
"定知府郭勉","1","1","2"
"复天津屯田","1","1","2"
"判卢观象管","1","1","2"
"卢观象管理","1","1","2"
"观象管理屯","1","1","2"
"象管理屯田","1","1","2"
"管理屯田水","1","1","2"
"理屯田水利","1","1","2"
"按御史张慎","1","1","2"
"盐水沽等处","1","1","2"
"太仆卿董应","1","1","2"
"仆卿董应举","1","1","2"
"卿董应举管","1","1","2"
"兵部侍郎申","1","1","2"
"大将王治道","1","1","2"
"河长一百九","1","1","2"
"长一百九十","1","1","2"
"文皇帝始置","1","1","2"
"皇帝始置内","1","1","2"
"帝始置内阁","1","1","2"
"御史刘天衢","1","1","2"
"史刘天衢等","1","1","2"
"赠吏部右侍","1","1","2"
"时员外郎贺","1","1","2"
"史朱吾弼相","1","1","2"
"朱吾弼相继","1","1","2"
"王虎驻保定","1","1","2"
"张晔驻通州","1","1","2"
"代刘东星管","1","1","2"
"刘东星管理","1","1","2"
"东星管理河","1","1","2"
"星管理河道","1","1","2"
"礼问内外篇","1","1","2"
"寒暑经图解","1","1","2"
"宋四子抄释","1","1","2"
"治十三年卒","1","1","2"
"兵三部尚书","1","1","2"
"函史上下编","1","1","2"
"百二十七卷","1","1","2"
"后赠奉直大","1","1","2"
"赠奉直大夫","1","1","2"
"国子生授夔","1","1","2"
"子生授夔州","1","1","2"
"生授夔州通","1","1","2"
"授夔州通判","1","1","2"
"碧桃叟释臻","1","1","2"
"知归叟释现","1","1","2"
"清容叟释信","1","1","2"
"良世居金华","1","1","2"
"世居金华九","1","1","2"
"居金华九灵","1","1","2"
"金华九灵山","1","1","2"
"华九灵山下","1","1","2"
"号九灵山人","1","1","2"
"唐抚州刺史","1","1","2"
"方文学士朱","1","1","2"
"文学士朱右","1","1","2"
"监军参议王","1","1","2"
"军参议王维","1","1","2"
"参议王维新","1","1","2"
"推官李昌期","1","1","2"
"滋阳知县郝","1","1","2"
"阳知县郝芳","1","1","2"
"知县郝芳声","1","1","2"
"副将丁文明","1","1","2"
"中范淑泰等","1","1","2"
"孟三氏教授","1","1","2"
"三氏教授司","1","1","2"
"设山长一人","1","1","2"
"孟大宗子孙","1","1","2"
"大宗子孙徭","1","1","2"
"宗子孙徭役","1","1","2"
"生聪慧绝伦","1","1","2"
"迁福建参议","1","1","2"
"辽东妖贼陆","1","1","2"
"东妖贼陆雄","1","1","2"
"李真等作乱","1","1","2"
"授常熟知县","1","1","2"
"授四川兴文","1","1","2"
"四川兴文知","1","1","2"
"川兴文知县","1","1","2"
"知州翁登彦","1","1","2"
"州翁登彦固","1","1","2"
"翁登彦固守","1","1","2"
"广西右参议","1","1","2"
"文征明齐名","1","1","2"
"吴中四才子","1","1","2"
"指挥周邦太","1","1","2"
"总兵官许成","1","1","2"
"兵官许成名","1","1","2"
"参政郑朝栋","1","1","2"
"割圜八线表","1","1","2"
"桂王迁武冈","1","1","2"
"左金王等十","1","1","2"
"金王等十三","1","1","2"
"王等十三部","1","1","2"
"等十三部西","1","1","2"
"十三部西窥","1","1","2"
"三部西窥潼","1","1","2"
"部西窥潼关","1","1","2"
"永福充总兵","1","1","2"
"福充总兵官","1","1","2"
"游击靳国臣","1","1","2"
"中军管维城","1","1","2"
"河南左良玉","1","1","2"
"陕西曹变蛟","1","1","2"
"山西虎大威","1","1","2"
"江北牟文绶","1","1","2"
"保定钱中选","1","1","2"
"河南张任学","1","1","2"
"宁夏祖大弼","1","1","2"
"御史游士任","1","1","2"
"江都御史熊","1","1","2"
"保定巡抚张","1","1","2"
"定巡抚张凤","1","1","2"
"巡抚张凤翔","1","1","2"
"兵部侍郎萧","1","1","2"
"部侍郎萧近","1","1","2"
"侍郎萧近高","1","1","2"
"三千人守西","1","1","2"
"千人守西平","1","1","2"
"遣游击常怀","1","1","2"
"游击常怀德","1","1","2"
"参政戴君恩","1","1","2"
"政戴君恩斩","1","1","2"
"都司贺思贤","1","1","2"
"司贺思贤斩","1","1","2"
"巡检罗圣楚","1","1","2"
"检罗圣楚斩","1","1","2"
"参政张伯鲸","1","1","2"
"政张伯鲸斩","1","1","2"
"守备阎士衡","1","1","2"
"备阎士衡斩","1","1","2"
"总白士祥斩","1","1","2"
"守备郭金城","1","1","2"
"备郭金城斩","1","1","2"
"守备郭太斩","1","1","2"
"游击罗世勋","1","1","2"
"击罗世勋斩","1","1","2"
"孙传庭入卫","1","1","2"
"置回回司天","1","1","2"
"回回司天监","1","1","2"
"部员外郎郑","1","1","2"
"员外郎郑善","1","1","2"
"外郎郑善夫","1","1","2"
"相差二十六","1","1","2"
"差二十六度","1","1","2"
"应五十五日","1","1","2"
"五十五日六","1","1","2"
"十五日六十","1","1","2"
"五日六十刻","1","1","2"
"日六十刻八","1","1","2"
"六十刻八十","1","1","2"
"十刻八十九","1","1","2"
"刻八十九分","1","1","2"
"律总旬周六","1","1","2"
"总旬周六十","1","1","2"
"旬周六十日","1","1","2"
"缩初盈末限","1","1","2"
"周应二百三","1","1","2"
"应二百三十","1","1","2"
"三十八度二","1","1","2"
"十八度二十","1","1","2"
"八度二十二","1","1","2"
"度二十二分","1","1","2"
"二十二分三","1","1","2"
"二分三十九","1","1","2"
"分三十九秒","1","1","2"
"转差一日九","1","1","2"
"差一日九十","1","1","2"
"日食交外限","1","1","2"
"食交外限六","1","1","2"
"交外限六度","1","1","2"
"定法六十一","1","1","2"
"交内限八度","1","1","2"
"定法八十一","1","1","2"
"月食限定法","1","1","2"
"土星二百六","1","1","2"
"星二百六十","1","1","2"
"百六十二日","1","1","2"
"六十二日三","1","1","2"
"十二日三千","1","1","2"
"木星三百一","1","1","2"
"一千八百三","1","1","2"
"千八百三十","1","1","2"
"八百三十七","1","1","2"
"百三十七分","1","1","2"
"火星三百四","1","1","2"
"星三百四十","1","1","2"
"百四十三日","1","1","2"
"四十三日五","1","1","2"
"十三日五千","1","1","2"
"三日五千一","1","1","2"
"日五千一百","1","1","2"
"五千一百七","1","1","2"
"百七十六分","1","1","2"
"八千三百四","1","1","2"
"百四十七分","1","1","2"
"水星九十一","1","1","2"
"星九十一日","1","1","2"
"九十一日七","1","1","2"
"六百二十八","1","1","2"
"百二十八分","1","1","2"
"土星八千六","1","1","2"
"星八千六百","1","1","2"
"四日五千三","1","1","2"
"日五千三百","1","1","2"
"百三十八分","1","1","2"
"一十八日六","1","1","2"
"十八日六千","1","1","2"
"火星三百一","1","1","2"
"三百一十四","1","1","2"
"百一十四日","1","1","2"
"金星六十日","1","1","2"
"星六十日一","1","1","2"
"六十日一千","1","1","2"
"十日一千九","1","1","2"
"日一千九百","1","1","2"
"一千九百七","1","1","2"
"九百七十五","1","1","2"
"水星二百五","1","1","2"
"星二百五十","1","1","2"
"百五十三日","1","1","2"
"五十三日七","1","1","2"
"十三日七千","1","1","2"
"三日七千四","1","1","2"
"日七千四百","1","1","2"
"七千四百九","1","1","2"
"千四百九十","1","1","2"
"四百九十七","1","1","2"
"百九十七分","1","1","2"
"九月癸卯开","1","1","2"
"九月初四昏","1","1","2"
"月初四昏初","1","1","2"
"乙亥丙子七","1","1","2"
"亥丙子七政","1","1","2"
"丙子七政行","1","1","2"
"子七政行度","1","1","2"
"七政行度历","1","1","2"
"参订历法条","1","1","2"
"订历法条议","1","1","2"
"水二星顺伏","1","1","2"
"二星顺伏纬","1","1","2"
"月十四日高","1","1","2"
"十四日高五","1","1","2"
"四日高五十","1","1","2"
"高五十度八","1","1","2"
"五十度八分","1","1","2"
"十五日高五","1","1","2"
"五日高五十","1","1","2"
"高五十度三","1","1","2"
"令主事厅会","1","1","2"
"五军断事司","1","1","2"
"兵马指挥使","1","1","2"
"马指挥使官","1","1","2"
"都御史萧维","1","1","2"
"御史萧维桢","1","1","2"
"史萧维桢附","1","1","2"
"萧维桢附会","1","1","2"
"维桢附会徐","1","1","2"
"皇太子妃受","1","1","2"
"太子妃受册","1","1","2"
"皇太子同日","1","1","2"
"太子同日传","1","1","2"
"子同日传制","1","1","2"
"亲王嫡长子","1","1","2"
"续定皇太子","1","1","2"
"射上生仲吕","1","1","2"
"仲吕下生黄","1","1","2"
"吕下生黄钟","1","1","2"
"部尚书黄汝","1","1","2"
"书黄汝良进","1","1","2"
"昭代乐律志","1","1","2"
"江山社稷兴","1","1","2"
"昭阳玉帛齐","1","1","2"
"楼船龙虎纵","1","1","2"
"船龙虎纵横","1","1","2"
"飞炮发机驱","1","1","2"
"露宿宵征鞍","1","1","2"
"宿宵征鞍马","1","1","2"
"历尽风霜冰","1","1","2"
"尽风霜冰雪","1","1","2"
"本宫南吕宫","1","1","2"
"俗名中管仙","1","1","2"
"名中管仙吕","1","1","2"
"祀庆成大宴","1","1","2"
"百花圣朝队","1","1","2"
"花圣朝队舞","1","1","2"
"照曜翠云裘","1","1","2"
"年年秋报赛","1","1","2"
"尧年舜日胜","1","1","2"
"云生缭绕凤","1","1","2"
"生缭绕凤楼","1","1","2"
"刑四部堂上","1","1","2"
"四部堂上官","1","1","2"
"工二部堂上","1","1","2"
"二部堂上官","1","1","2"
"院堂上官一","1","1","2"
"御史二十四","1","1","2"
"典籍等官六","1","1","2"
"六部郎官共","1","1","2"
"部郎官共五","1","1","2"
"郎官共五十","1","1","2"
"官共五十四","1","1","2"
"神功圣德碑","1","1","2"
"赐功臣李善","1","1","2"
"太宗创业受","1","1","2"
"宗创业受命","1","1","2"
"称孝玄孙皇","1","1","2"
"孝玄孙皇帝","1","1","2"
"改称孝曾孙","1","1","2"
"称孝曾孙嗣","1","1","2"
"孝曾孙嗣皇","1","1","2"
"曾孙嗣皇帝","1","1","2"
"嘉靖九年春","1","1","2"
"高皇帝尊号","1","1","2"
"加上高皇后","1","1","2"
"上高皇后尊","1","1","2"
"仪御史二人","1","1","2"
"汉宣帝五日","1","1","2"
"宣帝五日一","1","1","2"
"六部都察院","1","1","2"
"部都察院堂","1","1","2"
"十三道掌印","1","1","2"
"三道掌印御","1","1","2"
"道掌印御史","1","1","2"
"卫掌印指挥","1","1","2"
"皇后父母见","1","1","2"
"帝行君臣礼","1","1","2"
"后见父母行","1","1","2"
"见父母行家","1","1","2"
"父母行家人","1","1","2"
"母行家人礼","1","1","2"
"皇太子见皇","1","1","2"
"太子见皇后","1","1","2"
"子见皇后父","1","1","2"
"见皇后父母","1","1","2"
"百官受赐宴","1","1","2"
"官受赐宴飨","1","1","2"
"百戏承应舞","1","1","2"
"八蛮献宝舞","1","1","2"
"采莲队子舞","1","1","2"
"坤宁宫设仪","1","1","2"
"宁宫设仪仗","1","1","2"
"二年正月奉","1","1","2"
"年正月奉皇","1","1","2"
"正月奉皇太","1","1","2"
"月奉皇太后","1","1","2"
"玄宗升社稷","1","1","2"
"令四时致祭","1","1","2"
"夏禹配官社","1","1","2"
"后稷配官稷","1","1","2"
"谨奉仁祖淳","1","1","2"
"奉仁祖淳皇","1","1","2"
"淳皇帝配享","1","1","2"
"溧水县祭社","1","1","2"
"水县祭社稷","1","1","2"
"朝日夕月改","1","1","2"
"护坛地一百","1","1","2"
"坛地一百亩","1","1","2"
"护坛地三十","1","1","2"
"坛地三十六","1","1","2"
"地三十六亩","1","1","2"
"朝日迎神四","1","1","2"
"亲蚕厂公桑","1","1","2"
"蚕厂公桑园","1","1","2"
"三公命妇采","1","1","2"
"九卿命妇采","1","1","2"
"教坊司女乐","1","1","2"
"燕南燕蓟山","1","1","2"
"南燕蓟山川","1","1","2"
"旗纛战船等","1","1","2"
"纛战船等神","1","1","2"
"增修大祀殿","1","1","2"
"修大祀殿诸","1","1","2"
"大祀殿诸神","1","1","2"
"改山川坛名","1","1","2"
"基运翊圣神","1","1","2"
"运翊圣神烈","1","1","2"
"翊圣神烈天","1","1","2"
"圣神烈天寿","1","1","2"
"神烈天寿纯","1","1","2"
"烈天寿纯德","1","1","2"
"天寿纯德五","1","1","2"
"寿纯德五陵","1","1","2"
"纯德五陵山","1","1","2"
"正殿共十坛","1","1","2"
"设周天星辰","1","1","2"
"周天星辰位","1","1","2"
"考太岁坛制","1","1","2"
"南镇会稽山","1","1","2"
"广西附祭安","1","1","2"
"西附祭安南","1","1","2"
"广东附祭三","1","1","2"
"东附祭三佛","1","1","2"
"附祭三佛齐","1","1","2"
"福建附祭日","1","1","2"
"建附祭日本","1","1","2"
"辽东附祭高","1","1","2"
"东附祭高丽","1","1","2"
"陕西附祭甘","1","1","2"
"西附祭甘肃","1","1","2"
"司民城隍灵","1","1","2"
"民城隍灵佑","1","1","2"
"城隍灵佑侯","1","1","2"
"司民城隍显","1","1","2"
"民城隍显佑","1","1","2"
"城隍显佑伯","1","1","2"
"奉孝惠邵太","1","1","2"
"孝惠邵太后","1","1","2"
"祀蒙城王妃","1","1","2"
"蒙城王妃田","1","1","2"
"城王妃田氏","1","1","2"
"盱眙王妃唐","1","1","2"
"眙王妃唐氏","1","1","2"
"定配享功臣","1","1","2"
"配享功臣常","1","1","2"
"享功臣常遇","1","1","2"
"功臣常遇春","1","1","2"
"街东西二坊","1","1","2"
"奉皇师伏羲","1","1","2"
"皇师伏羲氏","1","1","2"
"帝师陶唐氏","1","1","2"
"王师夏禹王","1","1","2"
"宋儒胡安国","1","1","2"
"追封董仲舒","1","1","2"
"先贤澹台灭","1","1","2"
"贤澹台灭明","1","1","2"
"先儒左丘明","1","1","2"
"宋周敦颐父","1","1","2"
"府州县卫学","1","1","2"
"大将中营建","1","1","2"
"将中营建纛","1","1","2"
"嘉靖十年订","1","1","2"
"改称汉前将","1","1","2"
"汉前将军汉","1","1","2"
"前将军汉寿","1","1","2"
"将军汉寿亭","1","1","2"
"军汉寿亭侯","1","1","2"
"永乐七年封","1","1","2"
"护国庇民妙","1","1","2"
"国庇民妙灵","1","1","2"
"庇民妙灵昭","1","1","2"
"民妙灵昭应","1","1","2"
"妙灵昭应弘","1","1","2"
"灵昭应弘仁","1","1","2"
"昭应弘仁普","1","1","2"
"应弘仁普济","1","1","2"
"弘仁普济天","1","1","2"
"仁普济天妃","1","1","2"
"中山武宁王","1","1","2"
"山武宁王徐","1","1","2"
"武宁王徐达","1","1","2"
"开平忠武王","1","1","2"
"平忠武王常","1","1","2"
"忠武王常遇","1","1","2"
"武王常遇春","1","1","2"
"岐阳武靖王","1","1","2"
"阳武靖王李","1","1","2"
"武靖王李文","1","1","2"
"靖王李文忠","1","1","2"
"宁河武顺王","1","1","2"
"河武顺王邓","1","1","2"
"武顺王邓愈","1","1","2"
"瓯襄武王汤","1","1","2"
"黔宁昭靖王","1","1","2"
"宁昭靖王沐","1","1","2"
"昭靖王沐英","1","1","2"
"越国武庄公","1","1","2"
"国武庄公胡","1","1","2"
"武庄公胡大","1","1","2"
"庄公胡大海","1","1","2"
"梁国公赵德","1","1","2"
"国公赵德胜","1","1","2"
"巢国武壮公","1","1","2"
"国武壮公华","1","1","2"
"武壮公华高","1","1","2"
"虢国忠烈公","1","1","2"
"国忠烈公俞","1","1","2"
"忠烈公俞通","1","1","2"
"烈公俞通海","1","1","2"
"国襄烈公吴","1","1","2"
"襄烈公吴良","1","1","2"
"安国忠烈公","1","1","2"
"国忠烈公曹","1","1","2"
"忠烈公曹良","1","1","2"
"烈公曹良臣","1","1","2"
"黔国威毅公","1","1","2"
"燕山忠愍侯","1","1","2"
"山忠愍侯孙","1","1","2"
"忠愍侯孙兴","1","1","2"
"愍侯孙兴祖","1","1","2"
"郢国公冯国","1","1","2"
"济国公丁德","1","1","2"
"国公丁德兴","1","1","2"
"蔡国忠毅公","1","1","2"
"国忠毅公张","1","1","2"
"忠毅公张德","1","1","2"
"毅公张德胜","1","1","2"
"海国襄毅公","1","1","2"
"国武义公康","1","1","2"
"武义公康茂","1","1","2"
"义公康茂才","1","1","2"
"东海郡公茅","1","1","2"
"海郡公茅成","1","1","2"
"乐十三年建","1","1","2"
"祀北极佑圣","1","1","2"
"北极中天星","1","1","2"
"极中天星主","1","1","2"
"中天星主紫","1","1","2"
"天星主紫微","1","1","2"
"星主紫微大","1","1","2"
"主紫微大帝","1","1","2"
"宋真宗避讳","1","1","2"
"佑圣助顺灵","1","1","2"
"圣助顺灵应","1","1","2"
"助顺灵应真","1","1","2"
"顺灵应真君","1","1","2"
"祀宋慈元杨","1","1","2"
"宋慈元杨后","1","1","2"
"加尊皇考献","1","1","2"
"尊皇考献皇","1","1","2"
"考献皇帝庙","1","1","2"
"五度九十一","1","1","2"
"度九十一分","1","1","2"
"九十一分半","1","1","2"
"地平七十四","1","1","2"
"平七十四度","1","1","2"
"七十四度二","1","1","2"
"十四度二十","1","1","2"
"四度二十六","1","1","2"
"度二十六分","1","1","2"
"二十六分半","1","1","2"
"零七度八十","1","1","2"
"七度八十五","1","1","2"
"度八十五分","1","1","2"
"八十五分九","1","1","2"
"十五分九十","1","1","2"
"五分九十三","1","1","2"
"一万四千四","1","1","2"
"百三十六度","1","1","2"
"三十六度七","1","1","2"
"十六度七十","1","1","2"
"六度七十二","1","1","2"
"度七十二分","1","1","2"
"七十二分九","1","1","2"
"十二分九七","1","1","2"
"二分九七八","1","1","2"
"分九七八二","1","1","2"
"九七八二九","1","1","2"
"七八二九九","1","1","2"
"八二九九五","1","1","2"
"二九九五九","1","1","2"
"九九五九零","1","1","2"
"九五九零四","1","1","2"
"余实三百八","1","1","2"
"实三百八十","1","1","2"
"三百八十六","1","1","2"
"百八十六度","1","1","2"
"八十六度三","1","1","2"
"十六度三十","1","1","2"
"六度三十三","1","1","2"
"三十三分二","1","1","2"
"十三分二七","1","1","2"
"三分二七一","1","1","2"
"分二七一七","1","1","2"
"二七一七零","1","1","2"
"七一七零零","1","1","2"
"一七零零四","1","1","2"
"七零零四零","1","1","2"
"零零四零九","1","1","2"
"零四零九六","1","1","2"
"度八九四三","1","1","2"
"八九四三三","1","1","2"
"九四三三四","1","1","2"
"四三三四零","1","1","2"
"三三四零九","1","1","2"
"三四零九二","1","1","2"
"四零九二零","1","1","2"
"零九二零七","1","1","2"
"九二零七五","1","1","2"
"二零七五五","1","1","2"
"零七五五六","1","1","2"
"余二十五度","1","1","2"
"二十五度四","1","1","2"
"十五度四三","1","1","2"
"五度四三八","1","1","2"
"度四三八三","1","1","2"
"四三八三八","1","1","2"
"三八三八二","1","1","2"
"八三八二九","1","1","2"
"三八二九一","1","1","2"
"八二九一二","1","1","2"
"二九一二零","1","1","2"
"九一二零二","1","1","2"
"一二零二零","1","1","2"
"二零二零四","1","1","2"
"零二零四四","1","1","2"
"宣德元年夏","1","1","2"
"景泰元年畿","1","1","2"
"泰元年畿辅","1","1","2"
"南京十一卫","1","1","2"
"四川府县卫","1","1","2"
"川府县卫多","1","1","2"
"修塔余一龙","1","1","2"
"拆塔张献忠","1","1","2"
"妖运终川北","1","1","2"
"丞相诸葛孔","1","1","2"
"相诸葛孔明","1","1","2"
"诸葛孔明记","1","1","2"
"文登秦始皇","1","1","2"
"登秦始皇庙","1","1","2"
"秦始皇庙钟","1","1","2"
"始皇庙钟鼓","1","1","2"
"昌平阅武场","1","1","2"
"平阅武场中","1","1","2"
"天顺二年二","1","1","2"
"顺二年二月","1","1","2"
"南京大风拔","1","1","2"
"元年六月辛","1","1","2"
"六年十月癸","1","1","2"
"年十月癸亥","1","1","2"
"喜峰路台西","1","1","2"
"峰路台西北","1","1","2"
"路台西北楼","1","1","2"
"台西北楼内","1","1","2"
"正德元年九","1","1","2"
"宛平枣林庄","1","1","2"
"平枣林庄李","1","1","2"
"太原府阳曲","1","1","2"
"原府阳曲县","1","1","2"
"天顺元年十","1","1","2"
"顺元年十月","1","1","2"
"元年十月乙","1","1","2"
"年十月乙巳","1","1","2"
"直隶蓟州遵","1","1","2"
"隶蓟州遵化","1","1","2"
"一年二月壬","1","1","2"
"兖州同日地","2","0","2"
"八年三月己","1","1","2"
"宁夏地震十","1","1","2"
"夏地震十二","1","1","2"
"地震十二次","1","1","2"
"广宁大兴堡","1","1","2"
"宁大兴堡地","1","1","2"
"大理府邓川","1","1","2"
"理府邓川州","1","1","2"
"年六月己巳","1","1","2"
"五年三月丙","1","1","2"
"嘉靖二年正","1","1","2"
"靖二年正月","1","1","2"
"三年正月丙","1","1","2"
"年正月丙寅","1","1","2"
"年八月癸卯","1","1","2"
"凤阳一卫三","1","1","2"
"阳一卫三州","1","1","2"
"一卫三州县","1","1","2"
"年四月癸亥","1","1","2"
"八年七月庚","1","1","2"
"二十一年九","1","1","2"
"一年九月甲","1","1","2"
"年九月甲戌","1","1","2"
"年正月庚申","1","1","2"
"五年正月癸","1","1","2"
"年正月癸巳","1","1","2"
"泉三府同日","1","1","2"
"宁夏同日地","1","1","2"
"夏同日地震","1","1","2"
"年闰三月己","1","1","2"
"闰三月己巳","1","1","2"
"七年七月辛","1","1","2"
"年七月辛未","1","1","2"
"三十四年六","1","1","2"
"四十八年二","1","1","2"
"八年二月庚","1","1","2"
"年二月庚戌","1","1","2"
"元年四月癸","1","1","2"
"延绥孤山城","1","1","2"
"陷三十五丈","1","1","2"
"天顺四年十","1","1","2"
"顺四年十月","1","1","2"
"六年四月壬","1","1","2"
"巨津州金沙","1","1","2"
"津州金沙江","1","1","2"
"州金沙江北","1","1","2"
"金沙江北岸","1","1","2"
"沙江北岸白","1","1","2"
"江北岸白石","1","1","2"
"北岸白石雪","1","1","2"
"岸白石雪山","1","1","2"
"白石雪山断","1","1","2"
"石雪山断裂","1","1","2"
"五年八月戊","1","1","2"
"宣府合河口","1","1","2"
"府合河口石","1","1","2"
"合河口石山","1","1","2"
"河口石山崩","1","1","2"
"德元年十二","1","1","2"
"墨三表山石","1","1","2"
"五年四月壬","1","1","2"
"年四月壬申","1","1","2"
"贵州歹苏屯","1","1","2"
"州歹苏屯山","1","1","2"
"三十三年八","1","1","2"
"三年八月丙","1","1","2"
"镇江西南华","1","1","2"
"江西南华山","1","1","2"
"甘肃南山崩","1","1","2"
"天启三年闰","1","1","2"
"启三年闰十","1","1","2"
"三年闰十月","1","1","2"
"年闰十月乙","1","1","2"
"仁寿长山声","1","1","2"
"崇祯九年十","1","1","2"
"祯九年十二","1","1","2"
"镇江金鸡岭","1","1","2"
"江金鸡岭土","1","1","2"
"金鸡岭土山","1","1","2"
"鸡岭土山崩","1","1","2"
"正统三年春","1","1","2"
"史傅希挚改","1","1","2"
"傅希挚改筑","1","1","2"
"修理高家堰","1","1","2"
"帝命总河侍","1","1","2"
"总河侍郎章","1","1","2"
"河侍郎章拯","1","1","2"
"筑高邮护城","1","1","2"
"高邮护城堤","1","1","2"
"一魁改建古","1","1","2"
"魁改建古洪","1","1","2"
"改建古洪闸","1","1","2"
"江都淳家湾","1","1","2"
"都淳家湾石","1","1","2"
"淳家湾石堤","1","1","2"
"后等十一卫","1","1","2"
"百九十六处","1","1","2"
"延绥巡抚都","1","1","2"
"绥巡抚都御","1","1","2"
"抚都御史余","1","1","2"
"史余子俊大","1","1","2"
"增设福宁守","1","1","2"
"设福宁守备","1","1","2"
"侯仲金等作","1","1","2"
"仲金等作乱","1","1","2"
"河南平氏胎","1","1","2"
"南平氏胎簪","1","1","2"
"平氏胎簪山","1","1","2"
"河南辉县苏","1","1","2"
"南辉县苏门","1","1","2"
"辉县苏门山","1","1","2"
"县苏门山百","1","1","2"
"苏门山百门","1","1","2"
"门山百门泉","1","1","2"
"任县新店村","1","1","2"
"县新店村东","1","1","2"
"新店村东北","1","1","2"
"山西沁源县","1","1","2"
"西沁源县绵","1","1","2"
"沁源县绵山","1","1","2"
"源县绵山东","1","1","2"
"县绵山东谷","1","1","2"
"山西繁峙泰","1","1","2"
"西繁峙泰戏","1","1","2"
"繁峙泰戏山","1","1","2"
"筑束鹿城西","1","1","2"
"束鹿城西决","1","1","2"
"鹿城西决口","1","1","2"
"州紫城口堤","1","1","2"
"筑狼窝决口","1","1","2"
"胶州麻湾口","1","1","2"
"州麻湾口入","1","1","2"
"麻湾口入海","1","1","2"
"掖县海仓口","1","1","2"
"县海仓口入","1","1","2"
"海仓口入海","1","1","2"
"径二分七厘","1","1","2"
"小头减一分","1","1","2"
"部尚书刘泽","1","1","2"
"吕城二坝河","1","1","2"
"城二坝河道","1","1","2"
"武进洞子河","1","1","2"
"丹阳简桥河","1","1","2"
"丹阳甘露港","1","1","2"
"阳甘露港南","1","1","2"
"浚仪真清江","1","1","2"
"仪真清江坝","1","1","2"
"加光禄少卿","1","1","2"
"外备兵六万","1","1","2"
"备兵六万六","1","1","2"
"兵六万六千","1","1","2"
"六万六千六","1","1","2"
"六千六百六","1","1","2"
"千六百六十","1","1","2"
"六百六十人","1","1","2"
"外备兵四万","1","1","2"
"备兵四万人","1","1","2"
"参赞机务官","1","1","2"
"协同守备官","1","1","2"
"捕营提督一","1","1","2"
"练兵车七营","1","1","2"
"东西路副总","1","1","2"
"西路副总兵","1","1","2"
"抚督标共四","1","1","2"
"督标共四营","1","1","2"
"辽总兵二营","1","1","2"
"昌平总兵一","1","1","2"
"平总兵一营","1","1","2"
"定牧马草场","1","1","2"
"京留守都卫","1","1","2"
"指挥使司二","1","1","2"
"置河北都司","1","1","2"
"设留守行后","1","1","2"
"迁大宁都司","1","1","2"
"共计都司十","1","1","2"
"计都司十七","1","1","2"
"内外卫三百","1","1","2"
"外卫三百二","1","1","2"
"卫三百二十","1","1","2"
"三百二十九","1","1","2"
"御千户所六","1","1","2"
"千户所六十","1","1","2"
"户所六十五","1","1","2"
"复兴安灵渠","1","1","2"
"历城小清河","1","1","2"
"应天新河口","1","1","2"
"天新河口北","1","1","2"
"新河口北岸","1","1","2"
"驿三千三百","1","1","2"
"三千三百丈","1","1","2"
"怀宁斗潭河","1","1","2"
"乐亭鲁家套","1","1","2"
"吉水刘家塘","1","1","2"
"江都刘家圩","1","1","2"
"都刘家圩港","1","1","2"
"筑湖广广济","1","1","2"
"武家穴等江","1","1","2"
"家穴等江岸","1","1","2"
"新建石头冈","1","1","2"
"建石头冈圩","1","1","2"
"石头冈圩岸","1","1","2"
"江浦沿江堤","1","1","2"
"泰州运盐河","1","1","2"
"普定秦潼河","1","1","2"
"西溪南仪阡","1","1","2"
"溪南仪阡三","1","1","2"
"南仪阡三处","1","1","2"
"仪阡三处河","1","1","2"
"阡三处河口","1","1","2"
"浚江阴青阳","1","1","2"
"江阴青阳河","1","1","2"
"阴青阳河道","1","1","2"
"邹平白条沟","1","1","2"
"平白条沟河","1","1","2"
"德州良店驿","1","1","2"
"州良店驿东","1","1","2"
"良店驿东南","1","1","2"
"店驿东南二","1","1","2"
"驿东南二十","1","1","2"
"东南二十五","1","1","2"
"南二十五里","1","1","2"
"凤阳安丰塘","1","1","2"
"阳安丰塘水","1","1","2"
"安丰塘水门","1","1","2"
"丰塘水门十","1","1","2"
"塘水门十六","1","1","2"
"水门十六座","1","1","2"
"聊城龙湾河","1","1","2"
"濮州红船口","1","1","2"
"范县曹村河","1","1","2"
"县曹村河堤","1","1","2"
"曹村河堤岸","1","1","2"
"固安孙家口","1","1","2"
"临漳固冢堤","1","1","2"
"漳固冢堤岸","1","1","2"
"安阳广惠等","1","1","2"
"阳广惠等渠","1","1","2"
"磁州滏阳河","1","1","2"
"五爪济民渠","1","1","2"
"江陵枝江沿","1","1","2"
"陵枝江沿江","1","1","2"
"枝江沿江堤","1","1","2"
"江沿江堤岸","1","1","2"
"吉安沿江堤","1","1","2"
"筑蠡县王家","1","1","2"
"蠡县王家等","1","1","2"
"县王家等决","1","1","2"
"王家等决口","1","1","2"
"筑登州河岸","1","1","2"
"山西涑水河","1","1","2"
"南海县通海","1","1","2"
"海县通海泉","1","1","2"
"县通海泉源","1","1","2"
"浚常熟七浦","1","1","2"
"寿州安丰塘","1","1","2"
"平湖周家泾","1","1","2"
"理浙西水利","1","1","2"
"夏原吉疏浚","1","1","2"
"浚杭州西湖","1","1","2"
"广平滏阳河","1","1","2"
"平滏阳河口","1","1","2"
"滏阳河口堤","1","1","2"
"阳河口堤岸","1","1","2"
"遵化平安城","1","1","2"
"礼太监孙隆","1","1","2"
"祭酒汤宾尹","1","1","2"
"考功郎刘一","1","1","2"
"功郎刘一儒","1","1","2"
"养马八千七","1","1","2"
"马八千七百","1","1","2"
"占地五万五","1","1","2"
"地五万五千","1","1","2"
"五万五千三","1","1","2"
"万五千三百","1","1","2"
"计马牛布帛","1","1","2"
"掠何止万计","1","1","2"
"右少卿贺祖","1","1","2"
"少卿贺祖嗣","1","1","2"
"顾惟敬等故","1","1","2"
"取修辞立诚","1","1","2"
"四方学者闻","1","1","2"
"诸集若干卷","1","1","2"
"礼三部侍郎","1","1","2"
"州人立生祠","1","1","2"
"集诸生讲学","1","1","2"
"贡士邓元锡","1","1","2"
"赠南京工部","1","1","2"
"巡按御史秦","1","1","2"
"按御史秦大","1","1","2"
"御史秦大夔","1","1","2"
"辱天子大臣","1","1","2"
"宋濂赠诗曰","1","1","2"
"受君王五色","1","1","2"
"君王五色诏","1","1","2"
"请专任平章","1","1","2"
"专任平章定","1","1","2"
"任平章定住","1","1","2"
"平章定住总","1","1","2"
"岭北行省左","1","1","2"
"北行省左丞","1","1","2"
"命北平守将","1","1","2"
"高坐寺西北","1","1","2"
"洪武二年秋","1","1","2"
"故所学尤专","1","1","2"
"靖江王府长","1","1","2"
"江王府长史","1","1","2"
"顺帝三十六","1","1","2"
"帝三十六年","1","1","2"
"琼山县学教","1","1","2"
"山县学教谕","1","1","2"
"富人沈万三","1","1","2"
"廖永忠南征","1","1","2"
"混世王怏怏","1","1","2"
"二十四日渡","1","1","2"
"参将张洪谟","1","1","2"
"大湖等三十","1","1","2"
"湖等三十三","1","1","2"
"赠维新光禄","1","1","2"
"维新光禄卿","1","1","2"
"藩锡太仆少","1","1","2"
"锡太仆少卿","1","1","2"
"续莆阳文献","1","1","2"
"莆阳文献志","1","1","2"
"南京稽勋郎","1","1","2"
"京稽勋郎中","1","1","2"
"友人许邦才","1","1","2"
"殷士儋学诗","1","1","2"
"士儋学诗歌","1","1","2"
"广西右布政","1","1","2"
"阳曲王道行","1","1","2"
"南昌朱多火","1","1","2"
"京山李维桢","1","1","2"
"南乐魏允中","1","1","2"
"后令行禁止","1","1","2"
"子弟数百人","1","1","2"
"定国公徐延","1","1","2"
"国公徐延德","1","1","2"
"改荫指挥佥","1","1","2"
"万禄力战三","1","1","2"
"禄力战三日","1","1","2"
"山东税监陈","1","1","2"
"东税监陈增","1","1","2"
"南方采辑先","1","1","2"
"方采辑先朝","1","1","2"
"录成三百本","1","1","2"
"天启四年进","1","1","2"
"启四年进南","1","1","2"
"四年进南京","1","1","2"
"年进南京吏","1","1","2"
"调南京添注","1","1","2"
"南京添注大","1","1","2"
"京添注大理","1","1","2"
"晋府引礼舍","1","1","2"
"引礼舍人浦","1","1","2"
"礼舍人浦源","1","1","2"
"月下闻吹箫","1","1","2"
"下闻吹箫声","1","1","2"
"湖上青山欲","1","1","2"
"上青山欲待","1","1","2"
"吏部尚书耿","1","1","2"
"尚书耿裕知","1","1","2"
"华阳求嗣斋","1","1","2"
"阳求嗣斋仪","1","1","2"
"授广东兴宁","1","1","2"
"广东兴宁知","1","1","2"
"东兴宁知县","1","1","2"
"浙江巡按张","1","1","2"
"江巡按张素","1","1","2"
"巡按张素养","1","1","2"
"称四裔大长","1","1","2"
"崇明大梁王","1","1","2"
"许显纯厉声","1","1","2"
"显纯厉声骂","1","1","2"
"令游击陈策","1","1","2"
"总吴应龙等","1","1","2"
"称天皇上将","1","1","2"
"监军阎鸣泰","1","1","2"
"兵杨肇基主","1","1","2"
"兵陈洪范统","1","1","2"
"按御史李振","1","1","2"
"总兵官钱中","1","1","2"
"兵官钱中选","1","1","2"
"钟祥知县萧","1","1","2"
"祥知县萧汉","1","1","2"
"分巡副使张","1","1","2"
"巡副使张凤","1","1","2"
"副使张凤翥","1","1","2"
"五万五千七","1","1","2"
"五总兵练万","2","0","2"
"河南李际遇","1","1","2"
"守将方国安","1","1","2"
"将方国安避","1","1","2"
"参将黑云鹤","1","1","2"
"参将江朝栋","1","1","2"
"大清兵数十","1","1","2"
"清兵数十万","1","1","2"
"兵数十万分","1","1","2"
"熊汝霖召募","1","1","2"
"督陈奇瑜分","1","1","2"
"罗汝才十三","1","1","2"
"汝才十三家","1","1","2"
"才十三家贼","1","1","2"
"混世王东奔","1","1","2"
"六十七度四","1","1","2"
"十七度四十","1","1","2"
"七度四十一","1","1","2"
"度四十一分","1","1","2"
"齐本正等相","1","1","2"
"本正等相继","1","1","2"
"卫使骆思恭","1","1","2"
"恭诣皇后殿","2","0","2"
"侍仪奏请加","1","1","2"
"中书省礼部","1","1","2"
"奉天殿东西","1","1","2"
"户部尚书跪","1","1","2"
"顺天府官跪","1","1","2"
"设神位二十","1","1","2"
"神位二十八","1","1","2"
"位二十八坛","1","1","2"
"告皇天上帝","1","1","2"
"道极七宝帝","1","1","2"
"极七宝帝尊","1","1","2"
"宋真宗称孔","1","1","2"
"真宗称孔子","1","1","2"
"等八十二人","1","1","2"
"士张璁等八","1","1","2"
"张璁等八十","1","1","2"
"璁等八十四","1","1","2"
"等八十四人","1","1","2"
"皇天上帝神","1","1","2"
"天上帝神版","1","1","2"
"度一六八八","1","1","2"
"广西靖江王","1","1","2"
"西靖江王府","1","1","2"
"县七八百里","1","1","2"
"职制十五条","1","1","2"
"公式十八条","1","1","2"
"户役十五条","1","1","2"
"田宅十一条","1","1","2"
"婚姻十八条","1","1","2"
"仓库二十四","1","1","2"
"库二十四条","1","1","2"
"课程十九条","1","1","2"
"仪制二十条","1","1","2"
"宫卫十九条","1","1","2"
"军政二十条","1","1","2"
"厩牧十一条","1","1","2"
"邮驿十八条","1","1","2"
"盗贼二十八","1","1","2"
"贼二十八条","1","1","2"
"人命二十条","1","1","2"
"斗殴二十二","1","1","2"
"殴二十二条","1","1","2"
"诉讼十二条","1","1","2"
"诈伪十二条","1","1","2"
"杂犯十一条","1","1","2"
"断狱二十九","1","1","2"
"狱二十九条","1","1","2"
"长五尺五寸","1","1","2"
"滁州种苜蓿","1","1","2"
"登州城北新","1","1","2"
"州城北新海","1","1","2"
"城北新海口","1","1","2"
"北新海口沙","1","1","2"
"新海口沙门","1","1","2"
"海口沙门等","1","1","2"
"口沙门等岛","1","1","2"
"〈山母〉屺","2","0","2"
"提督内臣一","1","1","2"
"南北二江相","1","1","2"
"官吏的选拔","0","2","2"
"这才害怕了","0","2","2"
"又趁机诬陷","0","2","2"
"所忌恨的人","0","2","2"
"人记录下来","0","2","2"
"逐个将他们","0","2","2"
"百官的奏章","0","2","2"
"各部的酋长","0","2","2"
"是同一祖先","0","2","2"
"皇帝下圣旨","0","2","2"
"陈述这样做","0","2","2"
"述这样做的","0","2","2"
"诏书同意他","0","2","2"
"的重要方法","0","2","2"
"将他捆了起","0","2","2"
"其余的人则","0","2","2"
"当地的酋长","0","2","2"
"大臣将此事","0","2","2"
"此事报告给","0","2","2"
"事报告给皇","0","2","2"
"为他们是边","0","2","2"
"他们是边远","0","2","2"
"边远地区的","0","2","2"
"区的蛮族人","0","2","2"
"蛮族人而宽","0","2","2"
"族人而宽恕","0","2","2"
"人而宽恕了","0","2","2"
"而宽恕了他","0","2","2"
"讨论后向皇","0","2","2"
"皇上答复说","0","2","2"
"核实情况后","0","2","2"
"实情况后上","0","2","2"
"严嵩的回答","0","2","2"
"他置于死地","0","2","2"
"后对皇上说","0","2","2"
"几个月之后","0","2","2"
"又请求回家","0","2","2"
"皇上把他们","0","2","2"
"们的意见都","0","2","2"
"这一年五月","0","2","2"
"也没有怪罪","0","2","2"
"没有怪罪他","0","2","2"
"与他们意见","0","2","2"
"上同意他的","0","2","2"
"同意他的话","0","2","2"
"皇帝身旁的","0","2","2"
"请求将自己","0","2","2"
"求将自己的","0","2","2"
"将自己的名","0","2","2"
"请求皇帝把","0","2","2"
"求皇帝把他","0","2","2"
"皇帝把他们","0","2","2"
"司法部门处","0","2","2"
"法部门处理","0","2","2"
"困苦的情况","0","2","2"
"于是极力请","0","2","2"
"是极力请求","0","2","2"
"的道德行为","0","2","2"
"朋党势力已","0","2","2"
"党势力已经","0","2","2"
"言路势力强","0","2","2"
"是什么地方","0","2","2"
"想重重地处","0","2","2"
"重重地处罚","0","2","2"
"说这事的人","0","2","2"
"有什么遗憾","0","2","2"
"于是归还了","0","2","2"
"叶向高多次","0","2","2"
"自己留下后","0","2","2"
"请求将全国","0","2","2"
"全国拖欠的","0","2","2"
"九岁了还没","0","2","2"
"岁了还没有","0","2","2"
"廷内外的要","0","2","2"
"内外的要人","0","2","2"
"都甘心为他","0","2","2"
"甘心为他效","0","2","2"
"少与人来往","0","2","2"
"有关部门迅","0","2","2"
"关部门迅速","0","2","2"
"去的人不计","0","2","2"
"他诈称有病","0","2","2"
"了一道严厉","0","2","2"
"道严厉的诏","0","2","2"
"严厉的诏书","0","2","2"
"耿如杞一案","0","2","2"
"能让庄烈帝","0","2","2"
"让庄烈帝满","0","2","2"
"庄烈帝满意","0","2","2"
"被打入监牢","0","2","2"
"不久他被罢","0","2","2"
"被罢官还乡","0","2","2"
"官还乡去了","0","2","2"
"福王都高兴","0","2","2"
"王都高兴地","0","2","2"
"都高兴地采","0","2","2"
"吴生生觐见","0","2","2"
"廷内外都有","0","2","2"
"的拖欠责成","0","2","2"
"没办法解救","0","2","2"
"解救百姓的","0","2","2"
"又过了很久","0","2","2"
"百姓向朝廷","0","2","2"
"将他逮捕入","0","2","2"
"能想到先帝","0","2","2"
"事小心谨慎","0","2","2"
"在冥冥之中","0","2","2"
"的人会更多","0","2","2"
"皇帝即位一","0","2","2"
"没来得及回","0","2","2"
"请求弃官回","0","2","2"
"求弃官回乡","0","2","2"
"恰好这时他","0","2","2"
"都非常吃惊","0","2","2"
"列举他的罪","0","2","2"
"把他肢解了","0","2","2"
"围地区的人","0","2","2"
"地区的人民","0","2","2"
"你只不过是","0","2","2"
"只不过是想","0","2","2"
"见的方式太","0","2","2"
"的方式太偏","0","2","2"
"方式太偏颇","0","2","2"
"听取了他的","0","2","2"
"取了他的意","0","2","2"
"的精锐兵力","0","2","2"
"不到十天功","0","2","2"
"到十天功夫","0","2","2"
"赶快低头认","0","2","2"
"大臣也不敢","0","2","2"
"不敢坚持自","0","2","2"
"敢坚持自己","0","2","2"
"达皇上的指","0","2","2"
"烈帝没有追","0","2","2"
"烈帝采纳了","0","2","2"
"有关部门详","0","2","2"
"关部门详细","0","2","2"
"后来他为母","0","2","2"
"他为母亲守","0","2","2"
"庄烈帝传令","0","2","2"
"人们都对他","0","2","2"
"与众人共同","0","2","2"
"都谨慎小心","0","2","2"
"指令抚按大","0","2","2"
"抚按大臣们","0","2","2"
"最高级别的","0","2","2"
"高级别的诏","0","2","2"
"自己的爱憎","0","2","2"
"对官员进行","0","2","2"
"年死于任上","0","2","2"
"天就去世了","0","2","2"
"复就径自回","0","2","2"
"允许他退休","0","2","2"
"交给主管部","0","2","2"
"给主管部门","0","2","2"
"主管部门讨","0","2","2"
"管部门讨论","0","2","2"
"多次上奏称","0","2","2"
"上奏称病回","0","2","2"
"奏称病回乡","0","2","2"
"后点头同意","0","2","2"
"去世后他回","0","2","2"
"后他回到家","0","2","2"
"事最终停止","0","2","2"
"于是他多次","0","2","2"
"是他多次上","0","2","2"
"疏请求回乡","0","2","2"
"神宗最终没","0","2","2"
"宗最终没有","0","2","2"
"有上任就去","0","2","2"
"就接连上奏","0","2","2"
"帝最终不同","0","2","2"
"人最终没有","0","2","2"
"终没有下发","0","2","2"
"于是指令他","0","2","2"
"坐驿车回乡","0","2","2"
"让他们到京","0","2","2"
"他死于任上","0","2","2"
"第二年他因","0","2","2"
"去世而回乡","0","2","2"
"各道的奏章","0","2","2"
"奏章下到有","0","2","2"
"章下到有关","0","2","2"
"不这样的话","0","2","2"
"勇于承担责","0","2","2"
"于承担责任","0","2","2"
"承担责任的","0","2","2"
"合他们的心","0","2","2"
"奏议中都已","0","2","2"
"大臣中也有","0","2","2"
"臣中也有很","0","2","2"
"中也有很多","0","2","2"
"有很多劝阻","0","2","2"
"很多劝阻的","0","2","2"
"朝臣们商议","0","2","2"
"给孝宗当儿","0","2","2"
"孝宗当儿子","0","2","2"
"对于亲生父","0","2","2"
"的骨肉之情","0","2","2"
"现在陛下的","0","2","2"
"合乎礼制的","0","2","2"
"了严厉批评","0","2","2"
"第二次请求","0","2","2"
"态度更加坚","0","2","2"
"更加坚定了","0","2","2"
"批准他退休","0","2","2"
"祭祀自己的","0","2","2"
"没有受人传","0","2","2"
"有受人传位","0","2","2"
"受人传位的","0","2","2"
"人传位的根","0","2","2"
"传位的根据","0","2","2"
"陛下的即位","0","2","2"
"什么原因呢","0","2","2"
"迎合了自己","0","2","2"
"向失道之处","0","2","2"
"失道之处去","0","2","2"
"道之处去核","0","2","2"
"之处去核查","0","2","2"
"这就是伊尹","0","2","2"
"就是伊尹所","0","2","2"
"是伊尹所谓","0","2","2"
"伊尹所谓的","0","2","2"
"违背了自己","0","2","2"
"向道义方面","0","2","2"
"抗言上书请","0","2","2"
"言上书请求","0","2","2"
"上书请求罢","0","2","2"
"请求罢官回","0","2","2"
"宗没有批准","0","2","2"
"在宫门外被","0","2","2"
"宫门外被打","0","2","2"
"门外被打了","0","2","2"
"外被打了一","0","2","2"
"后闷闷不乐","0","2","2"
"闷闷不乐地","0","2","2"
"不乐地死掉","0","2","2"
"乐地死掉了","0","2","2"
"到什么样的","0","2","2"
"什么样的程","0","2","2"
"么样的程度","0","2","2"
"陛下的宠爱","0","2","2"
"的宦官们都","0","2","2"
"并把他的奏","0","2","2"
"奏章发给有","0","2","2"
"章发给有关","0","2","2"
"世宗又一次","0","2","2"
"赞许并接纳","0","2","2"
"许并接纳了","0","2","2"
"肃周太后去","0","2","2"
"周太后去世","0","2","2"
"不久又召他","0","2","2"
"次称病请求","0","2","2"
"武宗没有儿","0","2","2"
"宗没有儿子","0","2","2"
"没了他们的","0","2","2"
"他们的家产","0","2","2"
"廷中大臣们","0","2","2"
"坚持原先的","0","2","2"
"应有的礼貌","0","2","2"
"终还是没能","0","2","2"
"终还是不听","0","2","2"
"事情就这样","0","2","2"
"爬在宫门前","0","2","2"
"世宗接到奏","0","2","2"
"宗接到奏章","0","2","2"
"诫他不要再","0","2","2"
"不要再说了","0","2","2"
"年三十七岁","0","2","2"
"皇上很赞同","0","2","2"
"人的意见都","0","2","2"
"以休养生息","0","2","2"
"皇上怒意消","0","2","2"
"都没有参预","0","2","2"
"上赐给他金","0","2","2"
"时有人说他","0","2","2"
"有人说他的","0","2","2"
"人说他的坏","0","2","2"
"司法官员审","0","2","2"
"法官员审问","0","2","2"
"将仲成治罪","0","2","2"
"他父亲去世","0","2","2"
"乘驿车回去","0","2","2"
"回来后他上","0","2","2"
"来后他上奏","0","2","2"
"上奏十项建","0","2","2"
"奏十项建议","0","2","2"
"赏地采纳了","0","2","2"
"外的大臣都","0","2","2"
"因父丧回家","0","2","2"
"然像以前一","0","2","2"
"他又上疏请","0","2","2"
"虽然朝廷内","0","2","2"
"然朝廷内外","0","2","2"
"皇帝一概不","0","2","2"
"的人都纷纷","0","2","2"
"在他的门前","0","2","2"
"到他的家里","0","2","2"
"是不应该的","0","2","2"
"我请求让我","0","2","2"
"方皇后的神","0","2","2"
"得到太祖的","0","2","2"
"方孝孺草拟","0","2","2"
"孝孺草拟诏","0","2","2"
"孺草拟诏书","0","2","2"
"是方孝孺的","0","2","2"
"方孝孺的后","0","2","2"
"孝孺的后代","0","2","2"
"告诉了官府","0","2","2"
"他单枪匹马","0","2","2"
"久因病辞官","0","2","2"
"的女儿嫁给","0","2","2"
"祖听说后十","0","2","2"
"听说后十分","0","2","2"
"皇帝则认为","0","2","2"
"则认为他们","0","2","2"
"他们路途遥","0","2","2"
"们路途遥远","0","2","2"
"他们原有的","0","2","2"
"所说的去做","0","2","2"
"的儿子杨爱","0","2","2"
"下诏让他在","0","2","2"
"从长远考虑","0","2","2"
"该奏章交给","0","2","2"
"给抚按官去","0","2","2"
"的诏书前去","0","2","2"
"去谴责他们","0","2","2"
"的中国人送","0","2","2"
"礼部大臣认","0","2","2"
"部大臣认为","0","2","2"
"大臣认为不","0","2","2"
"发新勘合的","0","2","2"
"皇帝也同意","0","2","2"
"自己的力量","0","2","2"
"阉孩送还回","0","2","2"
"孩送还回去","0","2","2"
"皇帝下令按","0","2","2"
"其货物的价","0","2","2"
"货物的价值","0","2","2"
"等人回国时","0","2","2"
"礼部官员的","0","2","2"
"的那样行事","0","2","2"
"廷大臣们商","0","2","2"
"兴兵征讨和","0","2","2"
"兵征讨和封","0","2","2"
"征讨和封关","0","2","2"
"讨和封关绝","0","2","2"
"和封关绝贡","0","2","2"
"少对他们的","0","2","2"
"甘州的守卫","0","2","2"
"真帖木儿送","0","2","2"
"到甘肃去经","0","2","2"
"甘肃去经略","0","2","2"
"将他们赶出","0","2","2"
"臣商议后认","0","2","2"
"同意他们的","0","2","2"
"到这些话是","0","2","2"
"这些话是从","0","2","2"
"思帖木儿的","0","2","2"
"大漠北部的","0","2","2"
"亡父太祖高","0","2","2"
"父太祖高皇","0","2","2"
"元朝皇族的","0","2","2"
"明成祖下令","0","2","2"
"阿鲁台的军","0","2","2"
"像永乐年间","0","2","2"
"各位将领把","0","2","2"
"脑袋割下来","0","2","2"
"来归降朝廷","0","2","2"
"对脱脱不花","0","2","2"
"脱不花与中","0","2","2"
"不花与中国","0","2","2"
"花与中国通","0","2","2"
"与中国通好","0","2","2"
"中国通好颇","0","2","2"
"了土鲁番的","0","2","2"
"宗皇帝认为","0","2","2"
"皇帝认为此","0","2","2"
"急忙将军队","0","2","2"
"求朝廷下诏","0","2","2"
"阵亡将士的","0","2","2"
"这个奏章交","0","2","2"
"交有关机构","0","2","2"
"皇帝下诏认","0","2","2"
"帝下诏认为","0","2","2"
"审核情况后","0","2","2"
"核情况后上","0","2","2"
"况后上报朝","0","2","2"
"上报朝廷时","0","2","2"
"又给他们颁","0","2","2"
"受他们的贡","0","2","2"
"此上报给朝","0","2","2"
"贡献的东西","0","2","2"
"的就让他们","0","2","2"
"中国的藩篱","0","2","2"
"所以对他们","0","2","2"
"输诚他们也","0","2","2"
"诚他们也是","0","2","2"
"他们也是要","0","2","2"
"们也是要离","0","2","2"
"也是要离去","0","2","2"
"皇帝认为礼","0","2","2"
"的意见是对","0","2","2"
"意见是对的","0","2","2"
"明朝廷上奏","0","2","2"
"此时朝廷正","0","2","2"
"便答应了他","0","2","2"
"应了他们的","0","2","2"
"我们的意见","0","2","2"
"批评了他们","0","2","2"
"用歪门邪道","0","2","2"
"失其常分了","0","2","2"
"不能不说是","0","2","2"
"那些小人们","0","2","2"
"世宗虽然没","0","2","2"
"宗虽然没有","0","2","2"
"喜欢他这样","0","2","2"
"果然平息了","0","2","2"
"宫廷中宦官","0","2","2"
"官有很多人","0","2","2"
"世宗心里很","0","2","2"
"世宗最后还","0","2","2"
"母守丧回家","0","2","2"
"在西苑值勤","0","2","2"
"的专门职责","0","2","2"
"自己的品德","0","2","2"
"合世宗的心","0","2","2"
"的奏疏递上","0","2","2"
"别的人不能","0","2","2"
"能和他相比","0","2","2"
"世宗很宠爱","0","2","2"
"都出自皇帝","0","2","2"
"没完没了地","0","2","2"
"该怎么办呢","0","2","2"
"有专人负责","0","2","2"
"着自己的才","0","2","2"
"守仁的部队","0","2","2"
"更加害怕了","0","2","2"
"他又请假回","0","2","2"
"后告病回乡","0","2","2"
"于是上书请","0","2","2"
"上书请假回","0","2","2"
"追求太平的","0","2","2"
"的决心很坚","0","2","2"
"决心很坚定","0","2","2"
"厉批评了一","0","2","2"
"批评了一番","0","2","2"
"让他乘坐驿","0","2","2"
"百姓不至于","0","2","2"
"对他们不利","0","2","2"
"他更坚决请","0","2","2"
"偿还拖欠的","0","2","2"
"到皇上生日","0","2","2"
"了三个月的","0","2","2"
"都没有听从","0","2","2"
"就不再追究","0","2","2"
"全部听从了","0","2","2"
"世宗命令他","0","2","2"
"世宗的诏令","0","2","2"
"请求陛下把","0","2","2"
"的这些弊端","0","2","2"
"有什么大的","0","2","2"
"应当革除的","0","2","2"
"有什么大事","0","2","2"
"排斥不同意","0","2","2"
"斥不同意见","0","2","2"
"江北赈济灾","0","2","2"
"而不是过继","0","2","2"
"继给人当儿","0","2","2"
"给人当儿子","0","2","2"
"人接踵而来","0","2","2"
"宦官到他家","0","2","2"
"上机密奏章","0","2","2"
"有些不高兴","0","2","2"
"对他特别眷","0","2","2"
"到这个命令","0","2","2"
"内阁大臣就","0","2","2"
"到这篇奏疏","0","2","2"
"这篇奏疏后","0","2","2"
"希望陛下把","0","2","2"
"是图谋私利","0","2","2"
"图谋私利的","0","2","2"
"谋私利的官","0","2","2"
"私利的官员","0","2","2"
"因为母亲去","0","2","2"
"为母亲去世","0","2","2"
"亲去世回乡","0","2","2"
"实际上是有","0","2","2"
"察院的职务","0","2","2"
"这篇奏疏递","0","2","2"
"篇奏疏递进","0","2","2"
"他们所说的","0","2","2"
"们所说的那","0","2","2"
"他议定大礼","0","2","2"
"几名首恶分","0","2","2"
"名首恶分子","0","2","2"
"十五日那天","0","2","2"
"边境上的百","0","2","2"
"境上的百姓","0","2","2"
"的百姓因为","0","2","2"
"力请求退休","0","2","2"
"按规定供给","0","2","2"
"全面掌握了","0","2","2"
"掌握了户部","0","2","2"
"经过大大小","0","2","2"
"过大大小小","0","2","2"
"大大小小几","0","2","2"
"大小小几十","0","2","2"
"小几十次战","0","2","2"
"几十次战斗","0","2","2"
"就上书说哈","0","2","2"
"请求回家养","0","2","2"
"求回家养老","0","2","2"
"几次上书请","0","2","2"
"又纷纷上书","0","2","2"
"被提升为少","0","2","2"
"提升为少保","0","2","2"
"乘官方车马","0","2","2"
"奏章交给大","0","2","2"
"章交给大臣","0","2","2"
"大家都说不","0","2","2"
"又没有什么","0","2","2"
"派兵埋伏在","0","2","2"
"报给朝廷知","0","2","2"
"力修筑城墙","0","2","2"
"可以利用的","0","2","2"
"了十条意见","0","2","2"
"他们的信使","0","2","2"
"他们加以慰","0","2","2"
"还是不允许","0","2","2"
"后裔的道理","0","2","2"
"是做了别人","0","2","2"
"做了别人的","0","2","2"
"了别人的后","0","2","2"
"他们的心愿","0","2","2"
"又上书列举","0","2","2"
"他才出来办","0","2","2"
"才出来办事","0","2","2"
"世宗回答说","0","2","2"
"他们所制造","0","2","2"
"们所制造的","0","2","2"
"和缓的口气","0","2","2"
"缓的口气表","0","2","2"
"的口气表示","0","2","2"
"都进入内阁","0","2","2"
"回家侍养母","0","2","2"
"家侍养母亲","0","2","2"
"这种意见来","0","2","2"
"发给大臣们","0","2","2"
"被看作私党","0","2","2"
"看作私党给","0","2","2"
"作私党给拿","0","2","2"
"私党给拿掉","0","2","2"
"官员们的灾","0","2","2"
"他的奏章交","0","2","2"
"他的奏章递","0","2","2"
"的奏章递上","0","2","2"
"为他说得好","0","2","2"
"把他调出去","0","2","2"
"同意他退休","0","2","2"
"他乘坐官方","0","2","2"
"方车马回乡","0","2","2"
"就直接从宫","0","2","2"
"从宫中发出","0","2","2"
"弄虚作假的","0","2","2"
"受世宗的宠","0","2","2"
"然后把他们","0","2","2"
"到边远的地","0","2","2"
"世宗严厉批","0","2","2"
"宗严厉批评","0","2","2"
"世宗信任后","0","2","2"
"得到皇帝欢","0","2","2"
"到皇帝欢心","0","2","2"
"不合世宗的","0","2","2"
"的宫体诗词","0","2","2"
"严嵩与崔元","0","2","2"
"不明白他的","0","2","2"
"大臣拉帮结","0","2","2"
"臣拉帮结派","0","2","2"
"们意见不一","0","2","2"
"宗听后说道","0","2","2"
"因病应诏回","0","2","2"
"病应诏回京","0","2","2"
"后来又因为","0","2","2"
"就是陛下对","0","2","2"
"一起接连上","0","2","2"
"曾经两次在","0","2","2"
"于是要求辞","0","2","2"
"是要求辞职","0","2","2"
"但如果不是","0","2","2"
"宗表示赞许","0","2","2"
"来求他的诗","0","2","2"
"的日常生活","0","2","2"
"按皇后的规","0","2","2"
"皇后的规格","0","2","2"
"后的规格祭","0","2","2"
"的规格祭祀","0","2","2"
"封记的文书","0","2","2"
"书朝廷请求","0","2","2"
"请求项忠留","0","2","2"
"朝廷下诏命","0","2","2"
"不采用他的","0","2","2"
"采用他的意","0","2","2"
"用他的意见","0","2","2"
"的诏书答复","0","2","2"
"诏书答复他","0","2","2"
"孝宗全都允","0","2","2"
"宗全都允准","0","2","2"
"坚持他的意","0","2","2"
"持他的意见","0","2","2"
"皇上都同意","0","2","2"
"上都同意了","0","2","2"
"让他们办理","0","2","2"
"在灵座殿祭","0","2","2"
"记载于簿册","0","2","2"
"百姓造成灾","0","2","2"
"而主管官吏","0","2","2"
"帝命令依照","0","2","2"
"按需要供应","0","2","2"
"渐渐多起来","0","2","2"
"当地组织的","0","2","2"
"地组织的军","0","2","2"
"的军队没有","0","2","2"
"的大致情况","0","2","2"
"边有镶边称","0","2","2"
"有镶边称作","0","2","2"
"每年一定的","0","2","2"
"到这样的地","0","2","2"
"在方丘祀地","0","2","2"
"日中止行刑","0","2","2"
"孙承宗辞官","0","2","2"
"谈论政事被","0","2","2"
"没有规定的","0","2","2"
"后每年如此","0","2","2"
"赠为太仆少","0","2","2"
"则指给事中","0","2","2"
"给事中官应","0","2","2"
"赠为太常卿","0","2","2"
"当时卢象升","0","2","2"
"尤世威等人","0","2","2"
"献忠遂攻陷","0","2","2"
"立即被诛死","0","2","2"
"检校各一名","0","2","2"
"次奉命出使","0","2","2"
"与成国公朱","0","2","2"
"当时都御史","0","2","2"
"号为三天金","0","2","2"
"为三天金阙","0","2","2"
"三天金阙无","0","2","2"
"天金阙无上","0","2","2"
"金阙无上玉","0","2","2"
"二个蛮夷官","0","2","2"
"个蛮夷官司","0","2","2"
"弹劾吴昌时","0","2","2"
"佥事雷演祚","0","2","2"
"皇极殿建成","0","2","2"
"贴身宦官第","0","2","2"
"尚书王用宾","0","2","2"
"二十一年以","0","2","2"
"征召为太仆","0","2","2"
"江西婺源人","0","2","2"
"京给事中刘","0","2","2"
"给事中王绍","0","2","2"
"弹劾李三才","0","2","2"
"给事中刘文","0","2","2"
"山东益都人","0","2","2"
"京给事中伍","0","2","2"
"停发一年的","0","2","2"
"卜言兔入侵","0","2","2"
"李成梁命令","0","2","2"
"命令部将李","0","2","2"
"自己率领大","0","2","2"
"己率领大军","0","2","2"
"福建晋江人","0","2","2"
"江西临川人","0","2","2"
"浙江山阴人","0","2","2"
"又接连弹劾","0","2","2"
"布政使陆之","0","2","2"
"政使陆之祺","0","2","2"
"刑打算赎罪","0","2","2"
"兼兵科给事","0","2","2"
"部主事龚盞","0","2","2"
"有德围攻莱","0","2","2"
"德围攻莱州","0","2","2"
"流贼攻陷凤","0","2","2"
"为司经局洗","0","2","2"
"兼翰林院侍","0","2","2"
"兼任翰林院","0","2","2"
"任翰林院学","0","2","2"
"隆庆二年的","0","2","2"
"庆二年的进","0","2","2"
"孙丕扬相好","0","2","2"
"禄少卿马从","0","2","2"
"少卿马从谦","0","2","2"
"锦衣卫的都","0","2","2"
"衣卫的都督","0","2","2"
"南京刑科给","0","2","2"
"京刑科给事","0","2","2"
"他历任刑部","0","2","2"
"隆庆五年的","0","2","2"
"庆五年的进","0","2","2"
"历任南京太","0","2","2"
"改任蓟辽总","0","2","2"
"任蓟辽总督","0","2","2"
"历任左布政","0","2","2"
"为左给事中","0","2","2"
"四十一年的","0","2","2"
"年的进士第","0","2","2"
"的进士第一","0","2","2"
"万历五年的","0","2","2"
"历五年的进","0","2","2"
"召为兵部右","0","2","2"
"王妃为皇叔","0","2","2"
"四川新都人","0","2","2"
"徐达兼太子","0","2","2"
"达兼太子少","0","2","2"
"常遇春兼太","0","2","2"
"遇春兼太子","0","2","2"
"春兼太子少","0","2","2"
"兼太子少保","0","2","2"
"兼左右率府","0","2","2"
"兵出松亭关","0","2","2"
"曹县进献驺","0","2","2"
"县进献驺虞","0","2","2"
"任左春坊大","0","2","2"
"燕兵围攻济","0","2","2"
"兵围攻济南","0","2","2"
"阴侯吴高率","0","2","2"
"世子为皇太","0","2","2"
"授予行人司","0","2","2"
"汉王高煦造","0","2","2"
"王高煦造反","0","2","2"
"建文二年中","0","2","2"
"文二年中进","0","2","2"
"达答兰纳木","0","2","2"
"授官南阳知","0","2","2"
"官南阳知县","0","2","2"
"赠官太子少","0","2","2"
"年升为右佥","0","2","2"
"拜官右佥都","0","2","2"
"书严嵩等人","0","2","2"
"尚书李如圭","0","2","2"
"严嵩父子大","0","2","2"
"进官兵部右","0","2","2"
"以左侍郎兼","0","2","2"
"川白草番叛","0","2","2"
"白草番叛乱","0","2","2"
"赠官兵部尚","0","2","2"
"又弹劾罢去","0","2","2"
"侵犯古北口","0","2","2"
"把都儿等人","0","2","2"
"授官刑科给","0","2","2"
"官刑科给事","0","2","2"
"兵科左给事","0","2","2"
"时给事中王","0","2","2"
"给事中王科","0","2","2"
"五年成为进","0","2","2"
"授予大都督","0","2","2"
"予大都督府","0","2","2"
"蓝玉征讨云","0","2","2"
"玉征讨云南","0","2","2"
"分道攻取临","0","2","2"
"道攻取临安","0","2","2"
"云南平定后","0","2","2"
"年跟从傅友","0","2","2"
"授予秦淮翼","0","2","2"
"予秦淮翼元","0","2","2"
"肖像归于功","0","2","2"
"像归于功臣","0","2","2"
"归于功臣庙","0","2","2"
"年出任陕西","0","2","2"
"军攻取陕西","0","2","2"
"授予世袭指","0","2","2"
"吴元年授予","0","2","2"
"为后军都督","0","2","2"
"徐达攻克高","0","2","2"
"达攻克高邮","0","2","2"
"授予武德卫","0","2","2"
"为右御史大","0","2","2"
"他们的政绩","0","2","2"
"们的政绩上","0","2","2"
"太祖攻下武","0","2","2"
"祖攻下武昌","0","2","2"
"为国子博士","0","2","2"
"举荐为御史","0","2","2"
"为瓦剌可汗","0","2","2"
"次进犯山西","0","2","2"
"人授予指挥","0","2","2"
"把秃孛罗为","0","2","2"
"十九年设置","0","2","2"
"征南将军攻","0","2","2"
"南将军攻下","0","2","2"
"将军攻下云","0","2","2"
"军攻下云南","0","2","2"
"等人前来投","0","2","2"
"人相继投降","0","2","2"
"部尚书史可","0","2","2"
"尚书史可法","0","2","2"
"朱由榔返回","0","2","2"
"军兵分三路","0","2","2"
"分三路进入","0","2","2"
"升礼部左侍","0","2","2"
"带兵前来会","0","2","2"
"兵前来会合","0","2","2"
"福建莆田人","0","2","2"
"二十四年受","0","2","2"
"十四年受封","0","2","2"
"自成攻陷南","0","2","2"
"成攻陷南阳","0","2","2"
"朱聿镆遇害","0","2","2"
"江西进贤人","0","2","2"
"任都指挥佥","0","2","2"
"偕同副总兵","0","2","2"
"土鲁番侵犯","0","2","2"
"下诏布告天","0","2","2"
"宿偏西五度","0","2","2"
"的亲属以及","0","2","2"
"以及六尚等","0","2","2"
"及六尚等女","0","2","2"
"王常遇春的","0","2","2"
"的女儿为皇","0","2","2"
"以上以及翰","0","2","2"
"上以及翰林","0","2","2"
"在文华殿赐","0","2","2"
"隆庆六年规","0","2","2"
"庆六年规定","0","2","2"
"子出阁讲学","0","2","2"
"官穿朝服行","0","2","2"
"贵妃孙氏死","0","2","2"
"庄敬太子死","0","2","2"
"华盖三殿发","0","2","2"
"盖三殿发生","0","2","2"
"四月丙申日","0","2","2"
"六月庚戌日","0","2","2"
"八月戊寅日","0","2","2"
"卫雨水损坏","0","2","2"
"熙元年夏天","0","2","2"
"一百七十三","0","2","2"
"十九年春季","0","2","2"
"职掌遵奉圣","0","2","2"
"掌遵奉圣旨","0","2","2"
"部考试选拔","0","2","2"
"府州县设置","0","2","2"
"设置惠民药","0","2","2"
"设置北平行","0","2","2"
"为北平布政","0","2","2"
"各设门正一","0","2","2"
"右司乐各一","0","2","2"
"司乐各一人","0","2","2"
"各有署丞一","0","2","2"
"有署丞一人","0","2","2"
"各有知县一","0","2","2"
"有知县一人","0","2","2"
"品级正三品","0","2","2"
"改在京的官","0","2","2"
"在京的官店","0","2","2"
"京的官店为","0","2","2"
"的官店为宣","0","2","2"
"官店为宣课","0","2","2"
"店为宣课司","0","2","2"
"三分钞七分","0","2","2"
"文折合银一","0","2","2"
"折合银一分","0","2","2"
"治十六年以","0","2","2"
"十六年以后","0","2","2"
"请求专门设","0","2","2"
"设置司农司","0","2","2"
"分屯田耕种","0","2","2"
"尚书郁新说","0","2","2"
"决堤于曹县","0","2","2"
"司隶属于它","0","2","2"
"改为镇守总","0","2","2"
"为镇守总兵","0","2","2"
"为征蛮将军","0","2","2"
"十五年改为","0","2","2"
"年改为镇守","0","2","2"
"改为镇守浙","0","2","2"
"一万一千七","0","2","2"
"十里以下积","0","2","2"
"里以下积粮","0","2","2"
"以下积粮一","0","2","2"
"下积粮一万","0","2","2"
"给事中李己","0","2","2"
"宗庙发生火","0","2","2"
"冬夏布各一","0","2","2"
"以二百石递","0","2","2"
"奉国中尉以","0","2","2"
"以一百石递","0","2","2"
"一百石递减","0","2","2"
"以及仪宾以","0","2","2"
"乡君以及仪","0","2","2"
"一百九十二","0","2","2"
"匹折合米二","0","2","2"
"折合米二十","0","2","2"
"合米二十石","0","2","2"
"一匹折合米","0","2","2"
"折合米十石","0","2","2"
"卫所军士的","0","2","2"
"每月支付米","0","2","2"
"总共八百五","0","2","2"
"盐钞折合银","0","2","2"
"吉安改为流","0","2","2"
"安改为流通","0","2","2"
"改为流通广","0","2","2"
"盐流通于陕","0","2","2"
"流通于陕西","0","2","2"
"通于陕西的","0","2","2"
"陕西的西安","0","2","2"
"二千四百余","0","2","2"
"千四百余引","0","2","2"
"盐流通于广","0","2","2"
"盐井管辖盐","0","2","2"
"交纳银八分","0","2","2"
"两淮的盐法","0","2","2"
"官田每亩收","0","2","2"
"四月己亥日","0","2","2"
"七月乙卯日","0","2","2"
"五月丁丑日","0","2","2"
"七月己丑日","0","2","2"
"七月壬子日","0","2","2"
"凤阳发生蝗","0","2","2"
"十二年夏天","0","2","2"
"一胎生二驹","0","2","2"
"二月甲子日","0","2","2"
"西北方有声","0","2","2"
"北方有声音","0","2","2"
"方有声音如","0","2","2"
"有声音如打","0","2","2"
"声音如打雷","0","2","2"
"州都遭受水","0","2","2"
"府都遭受大","0","2","2"
"府遭受大水","0","2","2"
"定发生大水","0","2","2"
"龙旗十二面","0","2","2"
"旗六十四面","0","2","2"
"左前方第一","0","2","2"
"团黄扇三柄","0","2","2"
"骨朵各二件","0","2","2"
"青圆扇二柄","0","2","2"
"红圆扇二柄","0","2","2"
"金的铜制龙","0","2","2"
"的铜制龙头","0","2","2"
"辖亭高六尺","0","2","2"
"家族世袭的","0","2","2"
"品官以下不","0","2","2"
"兼巡抚广东","0","2","2"
"兼理巡抚事","0","2","2"
"理巡抚事务","0","2","2"
"不久改提督","0","2","2"
"奢崇明反叛","0","2","2"
"十一年革除","0","2","2"
"决定派遣都","0","2","2"
"定派遣都御","0","2","2"
"改巡抚为巡","0","2","2"
"派遣兵部侍","0","2","2"
"开始命令都","0","2","2"
"始命令都御","0","2","2"
"都御史专门","0","2","2"
"确定设巡抚","0","2","2"
"开始设巡抚","0","2","2"
"加兼理军务","0","2","2"
"一年恢复设","0","2","2"
"历九年革除","0","2","2"
"圭玉长九寸","0","2","2"
"上面有金钩","0","2","2"
"与郡王长子","0","2","2"
"将军夫人礼","0","2","2"
"军夫人礼冠","0","2","2"
"与奉国将军","0","2","2"
"学习四夷译","0","2","2"
"洪武三年设","0","2","2"
"武三年设置","0","2","2"
"十二年改为","0","2","2"
"廷推推上二","0","2","2"
"主事各二人","0","2","2"
"以北平为北","0","2","2"
"北平为北京","0","2","2"
"设置北京行","0","2","2"
"武元年设置","0","2","2"
"分为四个属","0","2","2"
"为四个属部","0","2","2"
"都是正六品","0","2","2"
"二寸二分见","0","2","2"
"一寸九分见","0","2","2"
"都没有入流","0","2","2"
"宽一寸三分","0","2","2"
"宽一寸九分","0","2","2"
"以乡试第一","0","2","2"
"试第一名为","0","2","2"
"两京同考官","0","2","2"
"宽一尺二寸","0","2","2"
"三寸四分见","0","2","2"
"所领取承字","0","2","2"
"领取承字以","0","2","2"
"取承字以及","0","2","2"
"承字以及东","0","2","2"
"字以及东西","0","2","2"
"以及东西北","0","2","2"
"及东西北字","0","2","2"
"屋脊用瓦兽","0","2","2"
"檐桷用青绿","0","2","2"
"桷用青绿色","0","2","2"
"用青绿色绘","0","2","2"
"青绿色绘饰","0","2","2"
"元朝丞相脱","0","2","2"
"朝丞相脱脱","0","2","2"
"八思尔不花","0","2","2"
"宋伯颜不花","0","2","2"
"达攻克常州","0","2","2"
"陈友谅派遣","0","2","2"
"当时耿炳文","0","2","2"
"击败士诚兵","0","2","2"
"至正二十年","0","2","2"
"陈友谅部将","0","2","2"
"将张定边攻","0","2","2"
"张定边攻陷","0","2","2"
"拜谒孔子庙","0","2","2"
"杀死刘福通","0","2","2"
"朱亮祖攻克","0","2","2"
"平章杨王景","0","2","2"
"州县相继投","0","2","2"
"陈英领中军","0","2","2"
"孟瑛领左哨","0","2","2"
"谭忠领右哨","0","2","2"
"徐亨领右掖","0","2","2"
"王前来朝见","0","2","2"
"为圣神文武","0","2","2"
"忠为征南将","0","2","2"
"朱亮祖为副","0","2","2"
"亮祖为副将","0","2","2"
"冬十月三日","0","2","2"
"元嗣君北逃","0","2","2"
"子买的里八","0","2","2"
"李文忠为左","0","2","2"
"文忠为左副","0","2","2"
"忠为左副将","0","2","2"
"国公冯胜为","0","2","2"
"冯胜为征西","0","2","2"
"胜为征西将","0","2","2"
"阴侯吴良为","0","2","2"
"侯吴良为副","0","2","2"
"州受灾田租","0","2","2"
"三佛齐入朝","0","2","2"
"佛齐入朝进","0","2","2"
"齐入朝进贡","0","2","2"
"汪广洋被贬","0","2","2"
"朝廷派遣都","0","2","2"
"廷派遣都督","0","2","2"
"为日本国王","0","2","2"
"土蛮进犯锦","0","2","2"
"蛮进犯锦州","0","2","2"
"并兼任东阁","0","2","2"
"天巡抚周起","0","2","2"
"罗汝才侵犯","0","2","2"
"自成攻陷陈","0","2","2"
"成攻陷陈州","0","2","2"
"督领左良玉","0","2","2"
"周遇吉奋力","0","2","2"
"讨伐乃儿不","0","2","2"
"伐乃儿不花","0","2","2"
"何福为征虏","0","2","2"
"福为征虏将","0","2","2"
"册封为燕世","0","2","2"
"封为燕世子","0","2","2"
"国公丘福为","0","2","2"
"侯火真为副","0","2","2"
"火真为副将","0","2","2"
"宋琥镇守甘","0","2","2"
"琥镇守甘肃","0","2","2"
"分道并进征","0","2","2"
"道并进征讨","0","2","2"
"征讨广东盗","0","2","2"
"讨广东盗贼","0","2","2"
"可汗脱脱不","0","2","2"
"汗脱脱不花","0","2","2"
"太后为皇伯","0","2","2"
"后为皇伯母","0","2","2"
"皇帝为皇考","0","2","2"
"文于锦衣卫","0","2","2"
"广东受灾税","0","2","2"
"各布政使司","0","2","2"
"筛诸部侵犯","0","2","2"
"部侵犯宁夏","0","2","2"
"俺答侵犯山","0","2","2"
"答侵犯山西","0","2","2"
"刘瑾掌管司","0","2","2"
"瑾掌管司礼","0","2","2"
"十二团营兼","0","2","2"
"总督节制四","0","2","2"
"督节制四川","0","2","2"
"日本入朝进","0","2","2"
"本入朝进贡","0","2","2"
"云南受灾税","0","2","2"
"王子侵犯甘","0","2","2"
"都督耿王献","0","2","2"
"追谥号为恭","0","2","2"
"十五年中进","0","2","2"
"居正的党徒","0","2","2"
"徐爵与冯保","0","2","2"
"到机会发作","0","2","2"
"十二大罪状","0","2","2"
"认为这个地","0","2","2"
"为这个地方","0","2","2"
"这个地方不","0","2","2"
"江东之上疏","0","2","2"
"御史羊可立","0","2","2"
"也因为弹劾","0","2","2"
"正的儿子嗣","0","2","2"
"的儿子嗣修","0","2","2"
"揭发这件事","0","2","2"
"以舜亦以命","0","2","2"
"舜亦以命禹","0","2","2"
"亦以命禹为","0","2","2"
"给事中王士","0","2","2"
"慰留下申时","0","2","2"
"留下申时行","0","2","2"
"贤上疏辩解","0","2","2"
"又极力攻击","0","2","2"
"留任三大臣","0","2","2"
"暗中庇护他","0","2","2"
"能揭发他的","0","2","2"
"揭发他的奸","0","2","2"
"张居正的家","0","2","2"
"于是命令内","0","2","2"
"申时行极力","0","2","2"
"为尚宝少卿","0","2","2"
"到了这样的","0","2","2"
"了这样的地","0","2","2"
"现在的旱灾","0","2","2"
"迫不及待想","0","2","2"
"如果他们的","0","2","2"
"他们的计划","0","2","2"
"奏章下到内","0","2","2"
"章下到内阁","0","2","2"
"指示都察院","0","2","2"
"以国家为重","0","2","2"
"交相上奏弹","0","2","2"
"相上奏弹劾","0","2","2"
"皇上讨厌他","0","2","2"
"为当时人所","0","2","2"
"为国的忠心","0","2","2"
"申时行上奏","0","2","2"
"想借这件事","0","2","2"
"与他们稍有","0","2","2"
"为大理评事","0","2","2"
"评定他们的","0","2","2"
"不久称病回","0","2","2"
"久称病回乡","0","2","2"
"在家住了十","0","2","2"
"家住了十年","0","2","2"
"住了十年后","0","2","2"
"时间是万历","0","2","2"
"皇上下诏书","0","2","2"
"诸臣详细讨","0","2","2"
"臣详细讨论","0","2","2"
"上疏乞求退","0","2","2"
"疏乞求退休","0","2","2"
"皇上安慰他","0","2","2"
"弹劾礼部侍","0","2","2"
"上都不理会","0","2","2"
"汤兆京弹劾","0","2","2"
"兆京弹劾他","0","2","2"
"十万两黄金","0","2","2"
"上奏极力劝","0","2","2"
"奏极力劝谏","0","2","2"
"接受这个意","0","2","2"
"受这个意见","0","2","2"
"执掌河南道","0","2","2"
"巡按顺天等","0","2","2"
"按顺天等府","0","2","2"
"派遣使者检","0","2","2"
"遣使者检验","0","2","2"
"使他的部下","0","2","2"
"没有得到皇","0","2","2"
"到皇帝的命","0","2","2"
"被给事中周","0","2","2"
"认为自己得","0","2","2"
"为自己得不","0","2","2"
"但终究没有","0","2","2"
"有一个人能","0","2","2"
"在自己门下","0","2","2"
"的大臣不敢","0","2","2"
"不敢触犯他","0","2","2"
"是方从哲的","0","2","2"
"方从哲的门","0","2","2"
"从哲的门生","0","2","2"
"方从哲极力","0","2","2"
"嘉遇再次上","0","2","2"
"遇再次上疏","0","2","2"
"相继上奏攻","0","2","2"
"继上奏攻击","0","2","2"
"夏嘉遇没有","0","2","2"
"一心一意地","0","2","2"
"什么好处呢","0","2","2"
"因为夏嘉遇","0","2","2"
"接二连三地","0","2","2"
"将他提升为","0","2","2"
"的弹劾奏章","0","2","2"
"再次上疏说","0","2","2"
"大臣的奏章","0","2","2"
"自古以来奸","0","2","2"
"于是他们将","0","2","2"
"的来龙去脉","0","2","2"
"于玉立派他","0","2","2"
"玉立派他到","0","2","2"
"立派他到京","0","2","2"
"派他到京城","0","2","2"
"亓诗教等人","0","2","2"
"为大快人心","0","2","2"
"为吏部员外","0","2","2"
"陈九畴弹劾","0","2","2"
"京师为御史","0","2","2"
"后来起用为","0","2","2"
"起用为光禄","0","2","2"
"人分别把守","0","2","2"
"仅十分之一","0","2","2"
"十五年后死","0","2","2"
"历十一年中","0","2","2"
"生下儿子常","0","2","2"
"下儿子常洵","0","2","2"
"恭妃所生育","0","2","2"
"妃所生育的","0","2","2"
"这不是重视","0","2","2"
"长子为太子","0","2","2"
"远的地方任","0","2","2"
"的地方任杂","0","2","2"
"地方任杂职","0","2","2"
"皇上都不予","0","2","2"
"也没有办法","0","2","2"
"皇上严厉责","0","2","2"
"上严厉责备","0","2","2"
"姜应麟于是","0","2","2"
"没有得到任","0","2","2"
"家居住了二","0","2","2"
"居住了二十","0","2","2"
"为山西巡抚","0","2","2"
"安身的地方","0","2","2"
"提升为京官","0","2","2"
"件事献给皇","0","2","2"
"事献给皇上","0","2","2"
"出任河南巡","0","2","2"
"任河南巡按","0","2","2"
"是他称病归","0","2","2"
"先前皇上有","0","2","2"
"前皇上有诏","0","2","2"
"册立太子一","0","2","2"
"立太子一事","0","2","2"
"皇帝发了脾","0","2","2"
"帝发了脾气","0","2","2"
"下诏书赞扬","0","2","2"
"既惭愧又害","0","2","2"
"惭愧又害怕","0","2","2"
"都是因为他","0","2","2"
"表面上依附","0","2","2"
"朝廷大臣提","0","2","2"
"将罗大纮贬","0","2","2"
"又上疏极力","0","2","2"
"也感到不安","0","2","2"
"他善于骑射","0","2","2"
"做延绥巡抚","0","2","2"
"为三边总督","0","2","2"
"巡抚耿如杞","0","2","2"
"总兵吴自勉","0","2","2"
"巡抚梅之焕","0","2","2"
"洪承畴取代","0","2","2"
"给事中刘懋","0","2","2"
"将曹文诏在","0","2","2"
"曹文诏在河","0","2","2"
"文诏在河曲","0","2","2"
"以及高迎祥","0","2","2"
"与哥哥的儿","0","2","2"
"被朝廷逮捕","0","2","2"
"等四十一个","0","2","2"
"正好总兵官","0","2","2"
"张应昌等将","0","2","2"
"应昌等将领","0","2","2"
"多次击败贼","0","2","2"
"处境非常窘","0","2","2"
"以延绥巡抚","0","2","2"
"从渑池渡过","0","2","2"
"渑池渡过黄","0","2","2"
"池渡过黄河","0","2","2"
"被撤职除名","0","2","2"
"宁发生兵变","0","2","2"
"数十个州县","0","2","2"
"总兵官左光","0","2","2"
"兵官左光先","0","2","2"
"说左良玉将","0","2","2"
"与山东巡抚","0","2","2"
"朱大典联合","0","2","2"
"了这个消息","0","2","2"
"无能为力的","0","2","2"
"所攻取的城","0","2","2"
"大规模地征","0","2","2"
"贼人于是在","0","2","2"
"中埋伏战死","0","2","2"
"突袭朱阳关","0","2","2"
"李自成的妻","0","2","2"
"成的妻子邢","0","2","2"
"的妻子邢氏","0","2","2"
"害怕被诛杀","0","2","2"
"李自成攻打","0","2","2"
"自成的精锐","0","2","2"
"卒战马以及","0","2","2"
"的势力重新","0","2","2"
"是我的故乡","0","2","2"
"李自成将要","0","2","2"
"很多被淹死","0","2","2"
"粮食用尽了","0","2","2"
"张献忠投降","0","2","2"
"自成非常高","0","2","2"
"成非常高兴","0","2","2"
"又壮大起来","0","2","2"
"自成于是从","0","2","2"
"官军将李自","0","2","2"
"军将李自成","0","2","2"
"李自成包围","0","2","2"
"于是从南阳","0","2","2"
"是从南阳出","0","2","2"
"性猜疑残忍","0","2","2"
"百姓很感激","0","2","2"
"姓很感激他","0","2","2"
"李公子救活","0","2","2"
"公子救活了","0","2","2"
"子救活了我","0","2","2"
"救活了我们","0","2","2"
"投靠李自成","0","2","2"
"自成听从了","0","2","2"
"掠来的财物","0","2","2"
"的越来越多","0","2","2"
"福王朱常洵","0","2","2"
"世子朱由崧","0","2","2"
"与巡抚都御","0","2","2"
"高名衡等人","0","2","2"
"首领罗汝才","0","2","2"
"都归附自成","0","2","2"
"又反叛而去","0","2","2"
"高迎祥的裨","0","2","2"
"迎祥的裨将","0","2","2"
"为陕西总督","0","2","2"
"杨文岳的部","0","2","2"
"巡抚高名衡","0","2","2"
"城墙已毁坏","0","2","2"
"毁坏的地方","0","2","2"
"丘知县梁以","0","2","2"
"知县梁以樟","0","2","2"
"伤昏死过去","0","2","2"
"全家都被杀","0","2","2"
"口挖开黄河","0","2","2"
"开黄河灌贼","0","2","2"
"黄河灌贼兵","0","2","2"
"子以及巡抚","0","2","2"
"不到两万人","0","2","2"
"崇王朱由木","0","2","2"
"王朱由木贵","0","2","2"
"声震动山谷","0","2","2"
"全部攻了下","0","2","2"
"部攻了下来","0","2","2"
"人进攻郧阳","0","2","2"
"王光恩奋力","0","2","2"
"与部下同甘","0","2","2"
"部下同甘共","0","2","2"
"下同甘共苦","0","2","2"
"左右手一样","0","2","2"
"二十名骑兵","0","2","2"
"十名骑兵将","0","2","2"
"全部兼并了","0","2","2"
"兼并了他的","0","2","2"
"并了他的部","0","2","2"
"其他府县也","0","2","2"
"险要之地设","0","2","2"
"牛金星等人","0","2","2"
"传庭不得已","0","2","2"
"庭不得已出","0","2","2"
"率领一万骑","0","2","2"
"的军队所向","0","2","2"
"自成进入陕","0","2","2"
"成进入陕西","0","2","2"
"自己的故乡","0","2","2"
"不到一个月","0","2","2"
"陕西之地全","0","2","2"
"贼兵渡过黄","0","2","2"
"廷臣来商议","0","2","2"
"晋王朱求桂","0","2","2"
"总兵姜王襄","0","2","2"
"朝廷有什么","0","2","2"
"数千里之外","0","2","2"
"皇上召群臣","0","2","2"
"投降了贼人","0","2","2"
"的太监杜勋","0","2","2"
"竟没有一人","0","2","2"
"皇上于是又","0","2","2"
"范景文以下","0","2","2"
"都掩面而泣","0","2","2"
"领文武百官","0","2","2"
"脱下他们的","0","2","2"
"在地上不敢","0","2","2"
"府州县长官","0","2","2"
"他南面而坐","0","2","2"
"宋企郊等人","0","2","2"
"百姓无法忍","0","2","2"
"姓无法忍受","0","2","2"
"忍受他们的","0","2","2"
"太祖的牌位","0","2","2"
"这才听从了","0","2","2"
"到山海关时","0","2","2"
"接受百官朝","0","2","2"
"我大清兵进","0","2","2"
"清兵进入京","0","2","2"
"兵进入京师","0","2","2"
"背地里告诉","0","2","2"
"陷在泥沼中","0","2","2"
"剥下他的衣","0","2","2"
"下他的衣服","0","2","2"
"王在福建立","0","2","2"
"为忠义夫人","0","2","2"
"隶属于延绥","0","2","2"
"他的党徒王","0","2","2"
"同渡过黄河","0","2","2"
"势力逐渐强","0","2","2"
"长江以北各","0","2","2"
"不久高迎祥","0","2","2"
"李自成西去","0","2","2"
"都没有攻下","0","2","2"
"盘踞在郧阳","0","2","2"
"刘良佐联合","0","2","2"
"熊文灿为总","0","2","2"
"文灿为总理","0","2","2"
"檄文招抚贼","0","2","2"
"文灿不允许","0","2","2"
"十万人的粮","0","2","2"
"万人的粮饷","0","2","2"
"召集诸将商","0","2","2"
"罗汝才和过","0","2","2"
"汝才和过天","0","2","2"
"才和过天星","0","2","2"
"四川交界地","0","2","2"
"坚固的城墙","0","2","2"
"献忠的妻妾","0","2","2"
"湖广将领张","0","2","2"
"广将领张应","0","2","2"
"在水右坝打","0","2","2"
"水右坝打败","0","2","2"
"当时罗汝才","0","2","2"
"全部兵力在","0","2","2"
"罗汝才又从","0","2","2"
"人进入四川","0","2","2"
"总兵猛如虎","0","2","2"
"开县的黄陵","0","2","2"
"县的黄陵城","0","2","2"
"命令罗汝才","0","2","2"
"杀死督师的","0","2","2"
"死督师的使","0","2","2"
"督师的使者","0","2","2"
"使杨嗣昌因","0","2","2"
"依附于他的","0","2","2"
"害怕左良玉","0","2","2"
"左良玉在信","0","2","2"
"良玉在信阳","0","2","2"
"他打得大败","0","2","2"
"与献忠会合","0","2","2"
"大家都非常","0","2","2"
"家都非常高","0","2","2"
"年联合进攻","0","2","2"
"刘良佐在潜","0","2","2"
"良佐在潜山","0","2","2"
"佐在潜山大","0","2","2"
"又袭击攻下","0","2","2"
"楚王朱华奎","0","2","2"
"男子二十岁","0","2","2"
"献忠遂僭号","0","2","2"
"时李自成在","0","2","2"
"左良玉部队","0","2","2"
"消灭了贼人","0","2","2"
"李乾德等人","0","2","2"
"等人坚持不","0","2","2"
"东大为震动","0","2","2"
"时我大清兵","0","2","2"
"我大清兵已","0","2","2"
"了整个四川","0","2","2"
"一天不杀人","0","2","2"
"多少定功劳","0","2","2"
"大清兵到了","0","2","2"
"得皇上信任","0","2","2"
"任太仆寺少","0","2","2"
"以下官职的","0","2","2"
"他投进监狱","0","2","2"
"的官员全部","0","2","2"
"光禄寺每年","0","2","2"
"的建筑材料","0","2","2"
"皇上于是大","0","2","2"
"上于是大怒","0","2","2"
"杖打八十下","0","2","2"
"内阁大臣中","0","2","2"
"而得以进用","0","2","2"
"戴着进贤冠","0","2","2"
"给事中石星","0","2","2"
"被关在狱中","0","2","2"
"给事中舒化","0","2","2"
"才获得释放","0","2","2"
"被发往南京","0","2","2"
"发往南京充","0","2","2"
"往南京充净","0","2","2"
"南京充净军","0","2","2"
"嘉靖年间任","0","2","2"
"应执掌司礼","0","2","2"
"于是与张居","0","2","2"
"是与张居正","0","2","2"
"正好张居正","0","2","2"
"两人的交情","0","2","2"
"内阁大臣一","0","2","2"
"便起草圣旨","0","2","2"
"与张居正商","0","2","2"
"葛守礼等人","0","2","2"
"而不肖之徒","0","2","2"
"更加宠爱他","0","2","2"
"张居正起草","0","2","2"
"但迫于太后","0","2","2"
"弹劾司礼监","0","2","2"
"不久张居正","0","2","2"
"与冯保勾结","0","2","2"
"疏推荐他的","0","2","2"
"推荐他的座","0","2","2"
"马上批准了","0","2","2"
"想给自己封","0","2","2"
"江东之弹劾","0","2","2"
"到孝陵司香","0","2","2"
"为张居正所","0","2","2"
"衣卫都督刘","0","2","2"
"卫都督刘守","0","2","2"
"冯保执掌司","0","2","2"
"保执掌司礼","0","2","2"
"十二年去世","0","2","2"
"并将他抄家","0","2","2"
"性刚毅果断","0","2","2"
"御史何出光","0","2","2"
"史何出光弹","0","2","2"
"何出光弹劾","0","2","2"
"出光弹劾张","0","2","2"
"光弹劾张鲸","0","2","2"
"张鲸受到严","0","2","2"
"鲸受到严厉","0","2","2"
"给事中张应","0","2","2"
"给事中李沂","0","2","2"
"杖打六十下","0","2","2"
"撤了他的职","0","2","2"
"又将张鲸召","0","2","2"
"令申时行等","0","2","2"
"所受的宠爱","0","2","2"
"士申时行的","0","2","2"
"耗费国库黄","0","2","2"
"费国库黄金","0","2","2"
"十四年开始","0","2","2"
"争相奔走于","0","2","2"
"的不到十分","0","2","2"
"皇上下令逮","0","2","2"
"上下令逮捕","0","2","2"
"死在诏狱之","0","2","2"
"在诏狱之中","0","2","2"
"皇上为他们","0","2","2"
"为他们调解","0","2","2"
"将这些情况","0","2","2"
"李三才弹劾","0","2","2"
"肆行作恶十","0","2","2"
"到三十三年","0","2","2"
"奉命到陕西","0","2","2"
"求对他们进","0","2","2"
"阉割良家子","0","2","2"
"割良家子弟","0","2","2"
"良家子弟数","0","2","2"
"家子弟数十","0","2","2"
"子弟数十人","0","2","2"
"途中遇到强","0","2","2"
"中遇到强盗","0","2","2"
"满朝荐捉拿","0","2","2"
"巡抚顾其志","0","2","2"
"向朝廷投诉","0","2","2"
"上了数十篇","0","2","2"
"了数十篇奏","0","2","2"
"石君章等人","0","2","2"
"死了几个人","0","2","2"
"这是三十四","0","2","2"
"太子还没确","0","2","2"
"子还没确定","0","2","2"
"并且涉及到","0","2","2"
"且涉及到张","0","2","2"
"部尚书王世","0","2","2"
"卫都督王之","0","2","2"
"等人相勾结","0","2","2"
"一定要查出","0","2","2"
"连的人很多","0","2","2"
"辅沈一贯想","0","2","2"
"打得体无完","0","2","2"
"得体无完肤","0","2","2"
"先前的罪名","0","2","2"
"被凌迟处死","0","2","2"
"受牵连的人","0","2","2"
"因陈矩的劝","0","2","2"
"云南百姓杀","0","2","2"
"南百姓杀死","0","2","2"
"百姓杀死税","0","2","2"
"姓杀死税监","0","2","2"
"杀死税监杨","0","2","2"
"死税监杨荣","0","2","2"
"推辞说不敢","0","2","2"
"皇上赐给祠","0","2","2"
"赐给祠堂匾","0","2","2"
"给祠堂匾额","0","2","2"
"祠堂匾额叫","0","2","2"
"终于导致了","0","2","2"
"向皇上推荐","0","2","2"
"谋立自己的","0","2","2"
"光斗等人都","0","2","2"
"人都敬重他","0","2","2"
"称赞魏忠贤","0","2","2"
"给事中霍维","0","2","2"
"皇上赐名为","0","2","2"
"巴结上了魏","0","2","2"
"及魏忠贤的","0","2","2"
"升任司礼监","0","2","2"
"魏忠贤不识","0","2","2"
"忠贤不识字","0","2","2"
"阴谋杀死了","0","2","2"
"王体乾和李","0","2","2"
"体乾和李永","0","2","2"
"乾和李永贞","0","2","2"
"等人为羽翼","0","2","2"
"给事中侯震","0","2","2"
"与东林党相","0","2","2"
"大臣几乎全","0","2","2"
"臣几乎全被","0","2","2"
"先依附魏忠","0","2","2"
"刘一火景和","0","2","2"
"和尚书周嘉","0","2","2"
"弹劾而离去","0","2","2"
"当时叶向高","0","2","2"
"封魏忠贤的","0","2","2"
"魏忠贤的侄","0","2","2"
"忠贤的侄儿","0","2","2"
"魏忠贤的指","0","2","2"
"氏的儿子侯","0","2","2"
"给事中程注","0","2","2"
"他假传圣旨","0","2","2"
"结魏忠贤的","0","2","2"
"的外甥傅应","0","2","2"
"外甥傅应星","0","2","2"
"执掌镇抚司","0","2","2"
"求祠堂匾额","0","2","2"
"杨涟非常愤","0","2","2"
"涟非常愤怒","0","2","2"
"魏忠贤害怕","0","2","2"
"王体乾等人","0","2","2"
"温语安慰他","0","2","2"
"上奏魏忠贤","0","2","2"
"奏魏忠贤的","0","2","2"
"部郎中万火","0","2","2"
"指责魏忠贤","0","2","2"
"被罢斥的有","0","2","2"
"有吏部尚书","0","2","2"
"崔呈秀于是","0","2","2"
"将他们指为","0","2","2"
"指为东林党","0","2","2"
"献给魏忠贤","0","2","2"
"向魏忠贤献","0","2","2"
"魏忠贤献媚","0","2","2"
"凭借魏忠贤","0","2","2"
"借魏忠贤的","0","2","2"
"汪文言一案","0","2","2"
"人撤职逐出","0","2","2"
"外戚李承恩","0","2","2"
"将他判了死","0","2","2"
"他判了死罪","0","2","2"
"庇荫都督同","0","2","2"
"魏忠贤得以","0","2","2"
"高攀龙投水","0","2","2"
"等人死于狱","0","2","2"
"顾秉谦等人","0","2","2"
"海内人士都","0","2","2"
"良卿为肃宁","0","2","2"
"卿为肃宁伯","0","2","2"
"为他歌功颂","0","2","2"
"他歌功颂德","0","2","2"
"歌功颂德的","0","2","2"
"都死于狱中","0","2","2"
"以睚眦之怨","0","2","2"
"儿子锦衣卫","0","2","2"
"子锦衣卫官","0","2","2"
"他的党羽一","0","2","2"
"内外大权全","0","2","2"
"归于魏忠贤","0","2","2"
"张国纪的罪","0","2","2"
"不是张国纪","0","2","2"
"是张国纪的","0","2","2"
"张国纪的女","0","2","2"
"国纪的女儿","0","2","2"
"周应秋上奏","0","2","2"
"魏忠贤的功","0","2","2"
"皇上下诏褒","0","2","2"
"上下诏褒奖","0","2","2"
"弟弟崔凝秀","0","2","2"
"弟崔凝秀为","0","2","2"
"为蓟镇副总","0","2","2"
"督抚大臣如","0","2","2"
"占百姓田宅","0","2","2"
"被投入狱中","0","2","2"
"称颂魏忠贤","0","2","2"
"起草圣旨时","0","2","2"
"魏忠贤的名","0","2","2"
"忠贤的名字","0","2","2"
"魏忠贤冒领","0","2","2"
"和都督同知","0","2","2"
"的弟弟光先","0","2","2"
"从锦衣卫调","0","2","2"
"孙魏鹏翼为","0","2","2"
"魏鹏翼为安","0","2","2"
"鹏翼为安平","0","2","2"
"翼为安平伯","0","2","2"
"良栋为东安","0","2","2"
"栋为东安侯","0","2","2"
"良卿为太师","0","2","2"
"鹏翼为少师","0","2","2"
"尚书兼左都","0","2","2"
"书兼左都御","0","2","2"
"在襁褓之中","0","2","2"
"魏忠贤因此","0","2","2"
"自己的意愿","0","2","2"
"魏忠贤原来","0","2","2"
"魏忠贤的罪","0","2","2"
"忠贤非常恐","0","2","2"
"用重宝贿赂","0","2","2"
"命将他逮捕","0","2","2"
"并暴尸街头","0","2","2"
"士韩火广等","0","2","2"
"火广等人审","0","2","2"
"广等人审定","0","2","2"
"臣结党营私","0","2","2"
"阮大铖等人","0","2","2"
"的奏疏上呈","0","2","2"
"人为他主谋","0","2","2"
"荫锦衣卫官","0","2","2"
"还被抄了家","0","2","2"
"忠贤专权时","0","2","2"
"推荐他的党","0","2","2"
"荐他的党羽","0","2","2"
"为秉笔太监","0","2","2"
"成为魏忠贤","0","2","2"
"为魏忠贤的","0","2","2"
"魏忠贤的心","0","2","2"
"忠贤的心腹","0","2","2"
"告诉魏忠贤","0","2","2"
"监督三殿工","0","2","2"
"督三殿工程","0","2","2"
"他反复无常","0","2","2"
"将他逮捕诛","0","2","2"
"他逮捕诛杀","0","2","2"
"名叫户工总","0","2","2"
"以下官员在","0","2","2"
"是郑贵妃宫","0","2","2"
"宫中的宦官","0","2","2"
"进献四名美","0","2","2"
"献四名美女","0","2","2"
"崔文升误用","0","2","2"
"为什么要将","0","2","2"
"丞李可灼进","0","2","2"
"攻击李可灼","0","2","2"
"和内阁大臣","0","2","2"
"崔文升的罪","0","2","2"
"在李可灼之","0","2","2"
"李可灼之上","0","2","2"
"朝廷上议论","0","2","2"
"到魏忠贤专","0","2","2"
"他的同党一","0","2","2"
"发往孝陵充","0","2","2"
"往孝陵充净","0","2","2"
"孝陵充净军","0","2","2"
"各地镇守宦","0","2","2"
"给事中宋可","0","2","2"
"事中宋可久","0","2","2"
"皇上的召见","0","2","2"
"给事中傅朝","0","2","2"
"中傅朝佑说","0","2","2"
"皇上才下诏","0","2","2"
"上才下诏说","0","2","2"
"的宦官全部","0","2","2"
"皇上终于还","0","2","2"
"上终于还是","0","2","2"
"最后发展到","0","2","2"
"五年他受命","0","2","2"
"年他受命与","0","2","2"
"征讨孔有德","0","2","2"
"皇上命太监","0","2","2"
"全部撤回各","0","2","2"
"当时兵部尚","0","2","2"
"巡视所辖地","0","2","2"
"视所辖地区","0","2","2"
"监司以下官","0","2","2"
"守城的宦官","0","2","2"
"贼人势力很","0","2","2"
"提督京营部","0","2","2"
"督京营部队","0","2","2"
"给他谥号叫","0","2","2"
"朝初年设置","0","2","2"
"等地的宣慰","0","2","2"
"年皇帝派宦","0","2","2"
"帝派宦官带","0","2","2"
"派宦官带着","0","2","2"
"带着诏书去","0","2","2"
"西南地区各","0","2","2"
"南地区各部","0","2","2"
"地区各部落","0","2","2"
"成为天下的","0","2","2"
"就应当立即","0","2","2"
"派人来向朝","0","2","2"
"人来向朝廷","0","2","2"
"格孤山向南","0","2","2"
"元朝的右丞","0","2","2"
"朝的右丞相","0","2","2"
"擂鼓呐喊着","0","2","2"
"斩杀了三千","0","2","2"
"缴获马匹六","0","2","2"
"武十五年设","0","2","2"
"十五年设置","0","2","2"
"领当地人民","0","2","2"
"每六十里设","0","2","2"
"十里设一个","0","2","2"
"给征南将军","0","2","2"
"然已经投降","0","2","2"
"进京城朝觐","0","2","2"
"已经设置了","0","2","2"
"乌撒各蛮族","0","2","2"
"对傅友德说","0","2","2"
"过这种情况","0","2","2"
"杀死他们的","0","2","2"
"他们的长官","0","2","2"
"于是便任命","0","2","2"
"直捣他们的","0","2","2"
"捣他们的老","0","2","2"
"他们的老巢","0","2","2"
"平侯沐英从","0","2","2"
"属于四川布","0","2","2"
"于四川布政","0","2","2"
"人来京城朝","0","2","2"
"城朝觐皇上","0","2","2"
"皇帝下诏各","0","2","2"
"各按他们的","0","2","2"
"帝下诏赐予","0","2","2"
"输送粮食二","0","2","2"
"送粮食二万","0","2","2"
"给茶一百斤","0","2","2"
"又向朝廷贡","0","2","2"
"送给朝廷的","0","2","2"
"皇帝下诏全","0","2","2"
"有三百多里","0","2","2"
"为左右副将","0","2","2"
"都聚集起来","0","2","2"
"据险要之地","0","2","2"
"军一起出征","0","2","2"
"向朝廷上报","0","2","2"
"命令景川侯","0","2","2"
"去谕告他们","0","2","2"
"每年的赋税","0","2","2"
"和毡毛衣衫","0","2","2"
"进贡马匹和","0","2","2"
"三年入朝廷","0","2","2"
"入朝廷献贡","0","2","2"
"廷献贡物一","0","2","2"
"到朝廷的恩","0","2","2"
"王骥上奏说","0","2","2"
"乌撒的土官","0","2","2"
"争夺地盘互","0","2","2"
"夺地盘互相","0","2","2"
"派官员去巡","0","2","2"
"着皇帝的诏","0","2","2"
"的诏书前往","0","2","2"
"按和三司官","0","2","2"
"的子弟入学","0","2","2"
"军民府的知","0","2","2"
"各军民府的","0","2","2"
"所管辖的白","0","2","2"
"镇巡官一起","0","2","2"
"官一起去捕","0","2","2"
"一起去捕获","0","2","2"
"人向朝廷上","0","2","2"
"以安抚众人","0","2","2"
"可渡河巡检","0","2","2"
"天降大雷雨","0","2","2"
"到二十九日","0","2","2"
"覺蛮人阿又","0","2","2"
"蛮人阿又磉","0","2","2"
"人阿又磉等","0","2","2"
"抚按官一起","0","2","2"
"按官一起去","0","2","2"
"免于赴京城","0","2","2"
"于赴京城朝","0","2","2"
"争夺继承权","0","2","2"
"京城朝觐的","0","2","2"
"让他们的同","0","2","2"
"纠集各地苗","0","2","2"
"失败后逃到","0","2","2"
"表面上答应","0","2","2"
"阿核等人的","0","2","2"
"核等人的尸","0","2","2"
"等人的尸体","0","2","2"
"夺走了他的","0","2","2"
"不如顺从蛮","0","2","2"
"如顺从蛮族","0","2","2"
"顺从蛮族人","0","2","2"
"从蛮族人的","0","2","2"
"蛮族人的情","0","2","2"
"族人的情况","0","2","2"
"命令镇巡官","0","2","2"
"斩杀了敌人","0","2","2"
"已经断绝了","0","2","2"
"知府的官位","0","2","2"
"因此请求将","0","2","2"
"芒部军民府","0","2","2"
"朝觐献贡物","0","2","2"
"派使者慰劳","0","2","2"
"杀了三百多","0","2","2"
"招抚蛮族人","0","2","2"
"又起来作乱","0","2","2"
"此时又碰上","0","2","2"
"讨论征讨之","0","2","2"
"论征讨之事","0","2","2"
"于是四川巡","0","2","2"
"是四川巡抚","0","2","2"
"的事情一样","0","2","2"
"人给皇帝上","0","2","2"
"奏章交给兵","0","2","2"
"准许他恢复","0","2","2"
"年朝廷下令","0","2","2"
"理知府事务","0","2","2"
"慰安万铨以","0","2","2"
"家有姻亲关","0","2","2"
"罗雄州土官","0","2","2"
"雄州土官者","0","2","2"
"州土官者浚","0","2","2"
"的抚按官一","0","2","2"
"去审核此事","0","2","2"
"朝廷官员的","0","2","2"
"官员的审核","0","2","2"
"诡称自己愿","0","2","2"
"称自己愿意","0","2","2"
"便给朝廷上","0","2","2"
"征调土兵和","0","2","2"
"人前去进剿","0","2","2"
"巡抚王大任","0","2","2"
"约束当地的","0","2","2"
"当地的蛮族","0","2","2"
"的地方没有","0","2","2"
"有侵越行为","0","2","2"
"已经很明显","0","2","2"
"带兵互相攻","0","2","2"
"兵互相攻击","0","2","2"
"外面议论纷","0","2","2"
"面议论纷纷","0","2","2"
"求皇上赶快","0","2","2"
"的屠杀和抢","0","2","2"
"屠杀和抢劫","0","2","2"
"请求皇上让","0","2","2"
"同知的官衔","0","2","2"
"属下的百姓","0","2","2"
"承土知府的","0","2","2"
"土知府的职","0","2","2"
"乌撒与永宁","0","2","2"
"朝廷上奏时","0","2","2"
"中有详细记","0","2","2"
"八年皇帝下","0","2","2"
"皇帝上疏时","0","2","2"
"四川的东川","0","2","2"
"们的部落也","0","2","2"
"安素仪没有","0","2","2"
"上奏朝廷让","0","2","2"
"土知州的职","0","2","2"
"知州的职位","0","2","2"
"个孙子都死","0","2","2"
"孙子都死了","0","2","2"
"他的第二个","0","2","2"
"益州的兵力","0","2","2"
"官员一同审","0","2","2"
"员一同审核","0","2","2"
"上奏时声称","0","2","2"
"已长大成人","0","2","2"
"的抚按大臣","0","2","2"
"传了五代到","0","2","2"
"分出来居住","0","2","2"
"传了四代到","0","2","2"
"水西的安尧","0","2","2"
"西的安尧臣","0","2","2"
"安尧臣入赘","0","2","2"
"尧臣入赘到","0","2","2"
"扶立陇氏的","0","2","2"
"朝廷又派官","0","2","2"
"家都认为他","0","2","2"
"都认为他是","0","2","2"
"争夺继承官","0","2","2"
"夺继承官位","0","2","2"
"承官位的权","0","2","2"
"官位的权利","0","2","2"
"应当继承官","0","2","2"
"考虑到他是","0","2","2"
"没有像这样","0","2","2"
"像这样严重","0","2","2"
"安效良争夺","0","2","2"
"效良争夺官","0","2","2"
"互相仇杀已","0","2","2"
"相仇杀已有","0","2","2"
"已有二十年","0","2","2"
"改成隶属于","0","2","2"
"四川的咽喉","0","2","2"
"效良的父亲","0","2","2"
"成为边疆的","0","2","2"
"为边疆的祸","0","2","2"
"边疆的祸患","0","2","2"
"边疆的大臣","0","2","2"
"一年又一年","0","2","2"
"也没有决定","0","2","2"
"疆地区的事","0","2","2"
"州刚刚平定","0","2","2"
"出奇兵攻破","0","2","2"
"以抗拒安其","0","2","2"
"以赎自己的","0","2","2"
"兵一百多人","0","2","2"
"指挥军队奋","0","2","2"
"挥军队奋勇","0","2","2"
"军队奋勇出","0","2","2"
"队奋勇出击","0","2","2"
"在三十里以","0","2","2"
"三十里以外","0","2","2"
"十里以外的","0","2","2"
"里以外的地","0","2","2"
"虽然他们都","0","2","2"
"就会前功尽","0","2","2"
"会前功尽弃","0","2","2"
"此地设置了","0","2","2"
"设置了建昌","0","2","2"
"的敕谕去见","0","2","2"
"谕去见他们","0","2","2"
"向明朝投降","0","2","2"
"明朝廷在此","0","2","2"
"元朝的平章","0","2","2"
"鲁帖木儿等","0","2","2"
"给他的家人","0","2","2"
"皇帝进献马","0","2","2"
"皇帝都给他","0","2","2"
"帝都给他们","0","2","2"
"们的赏赐很","0","2","2"
"皇帝献贡马","0","2","2"
"四十二人进","0","2","2"
"人进国子监","0","2","2"
"进国子监读","0","2","2"
"自己所属的","0","2","2"
"的同党十多","0","2","2"
"同党十多人","0","2","2"
"从西门出来","0","2","2"
"一个军民千","0","2","2"
"个军民千户","0","2","2"
"军队一万五","0","2","2"
"队一万五千","0","2","2"
"一万五千多","0","2","2"
"若有人抓住","0","2","2"
"完全相信他","0","2","2"
"全相信他的","0","2","2"
"派遣指挥李","0","2","2"
"死敌人一千","0","2","2"
"用计谋抓住","0","2","2"
"了他们手下","0","2","2"
"解送到京师","0","2","2"
"蓝玉班师回","0","2","2"
"玉班师回朝","0","2","2"
"只有一条路","0","2","2"
"有一条路可","0","2","2"
"切断了他们","0","2","2"
"断了他们的","0","2","2"
"把他们围困","0","2","2"
"他们围困起","0","2","2"
"们围困起来","0","2","2"
"攻破他们的","0","2","2"
"指挥使职位","0","2","2"
"但不给他们","0","2","2"
"一里远的地","0","2","2"
"有四十八个","0","2","2"
"挥使司统领","0","2","2"
"指挥使司的","0","2","2"
"西南地区的","0","2","2"
"指挥使事务","0","2","2"
"继承指挥使","0","2","2"
"又没有儿子","0","2","2"
"里的范围内","0","2","2"
"都让他们世","0","2","2"
"他们世代相","0","2","2"
"永乐元年又","0","2","2"
"唐朝贞观年","0","2","2"
"从石泉出发","0","2","2"
"队无法前进","0","2","2"
"来抗拒官军","0","2","2"
"密地告诉了","0","2","2"
"人没有察觉","0","2","2"
"征调松潘的","0","2","2"
"村寨的没有","0","2","2"
"的没有汉化","0","2","2"
"杜钦将他们","0","2","2"
"等村寨的番","0","2","2"
"村寨的番族","0","2","2"
"的番族人都","0","2","2"
"地的番族人","0","2","2"
"的番族人作","0","2","2"
"普安等城堡","0","2","2"
"传檄文给各","0","2","2"
"居住的都是","0","2","2"
"都是蛮族人","0","2","2"
"西域的要道","0","2","2"
"皇帝进献贡","0","2","2"
"帝进献贡马","0","2","2"
"进献贡马二","0","2","2"
"编入户籍的","0","2","2"
"户籍的百姓","0","2","2"
"郁即长官司","0","2","2"
"汉化了的番","0","2","2"
"化了的番人","0","2","2"
"长官司的土","0","2","2"
"官司的土舍","0","2","2"
"督方政平定","0","2","2"
"是古代氐羌","0","2","2"
"人屡次侵犯","0","2","2"
"侵犯我们的","0","2","2"
"犯我们的边","0","2","2"
"没有什么阻","0","2","2"
"一定要把他","0","2","2"
"定要把他们","0","2","2"
"京城来朝觐","0","2","2"
"设置松州卫","0","2","2"
"在山谷之中","0","2","2"
"命令将松州","0","2","2"
"令将松州卫","0","2","2"
"的要害之地","0","2","2"
"薛文胜为安","0","2","2"
"文胜为安抚","0","2","2"
"胜为安抚使","0","2","2"
"官秩为从五","0","2","2"
"秩为从五品","0","2","2"
"也按惯例给","0","2","2"
"惯例给予赏","0","2","2"
"等地的土著","0","2","2"
"让他们缴纳","0","2","2"
"当地百姓为","0","2","2"
"伐平定了叛","0","2","2"
"虎等村寨的","0","2","2"
"等村寨的蛮","0","2","2"
"村寨的蛮族","0","2","2"
"的蛮族人作","0","2","2"
"蛮族人作乱","0","2","2"
"允许他们挑","0","2","2"
"许他们挑选","0","2","2"
"当地的官军","0","2","2"
"安抚司改为","0","2","2"
"抚司改为龙","0","2","2"
"的军队一起","0","2","2"
"一起前去讨","0","2","2"
"起前去讨伐","0","2","2"
"领众人前来","0","2","2"
"杀了他们一","0","2","2"
"逃得远远的","0","2","2"
"前来归附朝","0","2","2"
"赐给他们有","0","2","2"
"喇嘛著八让","0","2","2"
"嘛著八让卜","0","2","2"
"朝廷就设置","0","2","2"
"人前去招抚","0","2","2"
"前来献贡物","0","2","2"
"设置宣抚司","0","2","2"
"皇帝命令设","0","2","2"
"说这并不是","0","2","2"
"的官军前去","0","2","2"
"族百姓惊慌","0","2","2"
"一起去招抚","0","2","2"
"官军与他们","0","2","2"
"与他们接战","0","2","2"
"次打败贼人","0","2","2"
"安抚平定了","0","2","2"
"叛乱才平定","0","2","2"
"乱才平定下","0","2","2"
"向皇帝告辞","0","2","2"
"他们的土官","0","2","2"
"皇帝命令指","0","2","2"
"帝命令指挥","0","2","2"
"等人到达后","0","2","2"
"黑虎等村寨","0","2","2"
"仓库里的粮","0","2","2"
"库里的粮食","0","2","2"
"向朝廷控诉","0","2","2"
"去劝谕他们","0","2","2"
"二万人前去","0","2","2"
"被官军抓获","0","2","2"
"朝廷授予他","0","2","2"
"寨贼人首领","0","2","2"
"阿儿结等人","0","2","2"
"造成的祸害","0","2","2"
"带兵到叙州","0","2","2"
"一千一百多","0","2","2"
"倚仗他们的","0","2","2"
"讨伐山都掌","0","2","2"
"山都掌的蛮","0","2","2"
"也上奏朝廷","0","2","2"
"族人的寨子","0","2","2"
"廷命令将指","0","2","2"
"命令将指挥","0","2","2"
"遭受了灾害","0","2","2"
"番族贼人侵","0","2","2"
"族贼人侵犯","0","2","2"
"人四百多名","0","2","2"
"坠崖而死者","0","2","2"
"崖而死者无","0","2","2"
"稍为安静一","0","2","2"
"为安静一些","0","2","2"
"八个长官司","0","2","2"
"然应该继承","0","2","2"
"将他们平定","0","2","2"
"朝廷命令都","0","2","2"
"廷命令都督","0","2","2"
"命令都督佥","0","2","2"
"令都督佥事","0","2","2"
"何卿去镇守","0","2","2"
"卿去镇守松","0","2","2"
"去镇守松潘","0","2","2"
"番族人叛乱","0","2","2"
"三年朝廷因","0","2","2"
"不久他们都","0","2","2"
"十六年朝廷","0","2","2"
"白草的番族","0","2","2"
"草的番族人","0","2","2"
"九百七十多","0","2","2"
"地区的镇守","0","2","2"
"在洪武六年","0","2","2"
"龙州升为宣","0","2","2"
"州升为宣抚","0","2","2"
"升为宣抚司","0","2","2"
"得以世袭官","0","2","2"
"以世袭官职","0","2","2"
"他手下的部","0","2","2"
"没人响应他","0","2","2"
"宣抚司改为","0","2","2"
"张良贤将其","0","2","2"
"良贤将其击","0","2","2"
"贤将其击败","0","2","2"
"的咽喉之地","0","2","2"
"其部落酋长","0","2","2"
"设置了一个","0","2","2"
"六个安抚司","0","2","2"
"隶属于雅州","0","2","2"
"又分别设置","0","2","2"
"属于四川都","0","2","2"
"于四川都司","0","2","2"
"高敬严等人","0","2","2"
"朝廷进贡一","0","2","2"
"廷进贡一次","0","2","2"
"丰厚的赏赐","0","2","2"
"步兵一千多","0","2","2"
"长河西的门","0","2","2"
"河西的门口","0","2","2"
"于人员往来","0","2","2"
"檄文给有关","0","2","2"
"进京贡献马","0","2","2"
"京贡献马匹","0","2","2"
"又回到国子","0","2","2"
"回到国子监","0","2","2"
"前的惯例给","0","2","2"
"的惯例给他","0","2","2"
"求允许他继","0","2","2"
"便命令四川","0","2","2"
"元朝时期的","0","2","2"
"安抚司降为","0","2","2"
"人进京朝贡","0","2","2"
"的必经之路","0","2","2"
"是西南地区","0","2","2"
"被朝廷授予","0","2","2"
"此事详见本","0","2","2"
"事详见本书","0","2","2"
"详见本书的","0","2","2"
"中央王朝的","0","2","2"
"朝时该地隶","0","2","2"
"时该地隶属","0","2","2"
"该地隶属于","0","2","2"
"任命芍德为","0","2","2"
"曾在元朝为","0","2","2"
"请求朝廷设","0","2","2"
"求朝廷设置","0","2","2"
"设置长官司","0","2","2"
"皇帝下诏任","0","2","2"
"帝下诏任命","0","2","2"
"花纹的丝绸","0","2","2"
"将黎州安抚","0","2","2"
"在原安抚司","0","2","2"
"原安抚司的","0","2","2"
"七枝的编户","0","2","2"
"明朝建立后","0","2","2"
"司所管辖的","0","2","2"
"瓜地区的番","0","2","2"
"地区的番族","0","2","2"
"区的番族人","0","2","2"
"改由流官治","0","2","2"
"由流官治理","0","2","2"
"大小木瓜的","0","2","2"
"小木瓜的番","0","2","2"
"木瓜的番族","0","2","2"
"无法制止他","0","2","2"
"的军队去捕","0","2","2"
"决定大规模","0","2","2"
"贡献马匹和","0","2","2"
"等人出使西","0","2","2"
"率领士卒二","0","2","2"
"领士卒二万","0","2","2"
"将他们打得","0","2","2"
"亚烈苦柰儿","0","2","2"
"劫郑和船只","0","2","2"
"便率领二千","0","2","2"
"率领二千多","0","2","2"
"其不意地攻","0","2","2"
"人听到消息","0","2","2"
"在那里设置","0","2","2"
"那里设置郡","0","2","2"
"里设置郡县","0","2","2"
"十一月又命","0","2","2"
"又命郑和等","0","2","2"
"命郑和等人","0","2","2"
"获了他的妻","0","2","2"
"使者来朝贡","0","2","2"
"从宣德以后","0","2","2"
"乌思藏僧人","0","2","2"
"带上书信和","0","2","2"
"赏赐非常优","0","2","2"
"赐非常优厚","0","2","2"
"从天上传下","0","2","2"
"天上传下来","0","2","2"
"斩获不少敌","0","2","2"
"获不少敌人","0","2","2"
"功劳仅次于","0","2","2"
"不敢与他抗","0","2","2"
"大声呵斥他","0","2","2"
"宫禀告太后","0","2","2"
"英犯贪污罪","0","2","2"
"也先派使者","0","2","2"
"派使者酬答","0","2","2"
"都给事中李","0","2","2"
"有人说皇上","0","2","2"
"皇上对于谦","0","2","2"
"阮巨队等人","0","2","2"
"人都被斩首","0","2","2"
"宦官们因此","0","2","2"
"皇上的欢心","0","2","2"
"皇上用重刑","0","2","2"
"太皇太后逝","0","2","2"
"皇太后逝世","0","2","2"
"建宏大的府","0","2","2"
"宏大的府第","0","2","2"
"兵征讨麓川","0","2","2"
"国子监门前","0","2","2"
"王振的罪行","0","2","2"
"王振的权势","0","2","2"
"的侄子王山","0","2","2"
"是元朝的后","0","2","2"
"元朝的后裔","0","2","2"
"也先大举入","0","2","2"
"先大举入侵","0","2","2"
"败报传到朝","0","2","2"
"不分老少全","0","2","2"
"分老少全部","0","2","2"
"他逃了回来","0","2","2"
"征讨麓川时","0","2","2"
"与宁阳侯陈","0","2","2"
"侯陈懋等人","0","2","2"
"言官的弹劾","0","2","2"
"五岁以上的","0","2","2"
"正好有风雷","0","2","2"
"他们恢复原","0","2","2"
"人投进诏狱","0","2","2"
"贤等人逮捕","0","2","2"
"掌钦天监的","0","2","2"
"皇城和京城","0","2","2"
"砍中曹钦的","0","2","2"
"中曹钦的胳","0","2","2"
"曹钦的胳膊","0","2","2"
"姻亲党羽全","0","2","2"
"亲党羽全部","0","2","2"
"投降了敌人","0","2","2"
"敌人的使者","0","2","2"
"的使者到京","0","2","2"
"提出各种要","0","2","2"
"出各种要求","0","2","2"
"边疆地区抢","0","2","2"
"军士的妻子","0","2","2"
"的女儿为妾","0","2","2"
"过后又宽宥","0","2","2"
"后又宽宥了","0","2","2"
"又宽宥了他","0","2","2"
"寺卿戴希文","0","2","2"
"怀恩坚持力","0","2","2"
"恩坚持力争","0","2","2"
"派医生去探","0","2","2"
"医生去探视","0","2","2"
"通过贿赂得","0","2","2"
"是有功劳的","0","2","2"
"皇上于是令","0","2","2"
"过这件事以","0","2","2"
"是锦衣卫的","0","2","2"
"昏死过去又","0","2","2"
"兵部主事杨","0","2","2"
"数汪直的罪","0","2","2"
"大臣的奏疏","0","2","2"
"后宽宥了他","0","2","2"
"廷内外人心","0","2","2"
"皇上命三法","0","2","2"
"上命三法司","0","2","2"
"众人知道这","0","2","2"
"知道这是出","0","2","2"
"道这是出于","0","2","2"
"兼辽东巡抚","0","2","2"
"封为威宁伯","0","2","2"
"东厂的尚铭","0","2","2"
"丰厚的奖赏","0","2","2"
"敌人退走后","0","2","2"
"他调往大同","0","2","2"
"往大同镇守","0","2","2"
"汪直和王越","0","2","2"
"中和御史纷","0","2","2"
"史纷纷上奏","0","2","2"
"于是将汪直","0","2","2"
"有别的才能","0","2","2"
"并抄了他的","0","2","2"
"每天进献美","0","2","2"
"因贵妃的缘","0","2","2"
"升到太常寺","0","2","2"
"人关进监狱","0","2","2"
"占卜的人说","0","2","2"
"不久又将他","0","2","2"
"钱能镇守云","0","2","2"
"能镇守云南","0","2","2"
"请求将他留","0","2","2"
"求将他留在","0","2","2"
"皇上下诏依","0","2","2"
"上下诏依从","0","2","2"
"曩罕弄的孙","0","2","2"
"上疏请求宽","0","2","2"
"安置在南京","0","2","2"
"都不敢违抗","0","2","2"
"发往孝陵卫","0","2","2"
"往孝陵卫充","0","2","2"
"后来有一天","0","2","2"
"没有人臣之","0","2","2"
"有人臣之礼","0","2","2"
"皇上怀念他","0","2","2"
"上奏他们的","0","2","2"
"皇上的信任","0","2","2"
"等人纷纷弹","0","2","2"
"人纷纷弹劾","0","2","2"
"使者到他家","0","2","2"
"大臣的名字","0","2","2"
"原来隶属于","0","2","2"
"隶属于三厂","0","2","2"
"将这些地方","0","2","2"
"这些地方都","0","2","2"
"向百姓征收","0","2","2"
"皇上将此事","0","2","2"
"将此事交给","0","2","2"
"与百姓争利","0","2","2"
"给事中各一","0","2","2"
"事中各一人","0","2","2"
"皇上于是派","0","2","2"
"互相攻击的","0","2","2"
"御史投进监","0","2","2"
"史投进监狱","0","2","2"
"级调任外官","0","2","2"
"引导皇上微","0","2","2"
"导皇上微服","0","2","2"
"奏请设置皇","0","2","2"
"给事中陶谐","0","2","2"
"借星象有变","0","2","2"
"星象有变上","0","2","2"
"象有变上书","0","2","2"
"有变上书谏","0","2","2"
"变上书谏言","0","2","2"
"皇上颇为心","0","2","2"
"上颇为心动","0","2","2"
"求诛杀刘瑾","0","2","2"
"刘健等人都","0","2","2"
"会发生变故","0","2","2"
"而吏部尚书","0","2","2"
"马永成等人","0","2","2"
"第二天早上","0","2","2"
"知道事情已","0","2","2"
"这时是正德","0","2","2"
"是正德元年","0","2","2"
"和南京给事","0","2","2"
"京给事中戴","0","2","2"
"给事中戴铣","0","2","2"
"枷到快死了","0","2","2"
"被杖打至死","0","2","2"
"到金水桥南","0","2","2"
"得不到休息","0","2","2"
"都御史屠氵","0","2","2"
"御史屠氵庸","0","2","2"
"布政使以下","0","2","2"
"政使以下官","0","2","2"
"匿名信诋毁","0","2","2"
"假传圣旨召","0","2","2"
"到奉天门下","0","2","2"
"这才释放了","0","2","2"
"人全部驱逐","0","2","2"
"全部驱逐出","0","2","2"
"给事中许天","0","2","2"
"于是派给事","0","2","2"
"是派给事中","0","2","2"
"有关官员都","0","2","2"
"都迎合刘瑾","0","2","2"
"迎合刘瑾的","0","2","2"
"合刘瑾的心","0","2","2"
"刘瑾的心意","0","2","2"
"李东阳上疏","0","2","2"
"被释放为民","0","2","2"
"都是刘瑾的","0","2","2"
"都指挥以下","0","2","2"
"才平息下来","0","2","2"
"余姚人不得","0","2","2"
"裁减江西乡","0","2","2"
"减江西乡试","0","2","2"
"江西乡试名","0","2","2"
"乡试名额五","0","2","2"
"试名额五十","0","2","2"
"名额五十名","0","2","2"
"合刘瑾心意","0","2","2"
"刘瑾的罪行","0","2","2"
"才得以避免","0","2","2"
"他推迟日期","0","2","2"
"皇上将张永","0","2","2"
"于是将他的","0","2","2"
"皇上命张永","0","2","2"
"刘瑾的哥哥","0","2","2"
"的捷报传到","0","2","2"
"此事告诉了","0","2","2"
"于是英国公","0","2","2"
"是英国公张","0","2","2"
"不符合制度","0","2","2"
"这事竟这么","0","2","2"
"延绥的军队","0","2","2"
"王朱宸濠造","0","2","2"
"想将朱宸濠","0","2","2"
"将朱宸濠放","0","2","2"
"商议国家大","0","2","2"
"议国家大事","0","2","2"
"忠等人已经","0","2","2"
"赖此得以安","0","2","2"
"此得以安宁","0","2","2"
"武宗逝世后","0","2","2"
"御史萧淮上","0","2","2"
"张永在江西","0","2","2"
"一清等人说","0","2","2"
"使天下的人","0","2","2"
"瑾被诛杀后","0","2","2"
"从他的调遣","0","2","2"
"他就是这样","0","2","2"
"到一百二十","0","2","2"
"促成他们的","0","2","2"
"死了数百人","0","2","2"
"宗采纳御史","0","2","2"
"采纳御史王","0","2","2"
"等人的建议","0","2","2"
"有的甚至还","0","2","2"
"升他为锦衣","0","2","2"
"他为锦衣卫","0","2","2"
"皇上以为他","0","2","2"
"诬陷并逮捕","0","2","2"
"突然把他们","0","2","2"
"押到市场诛","0","2","2"
"到市场诛杀","0","2","2"
"所用的器物","0","2","2"
"做他的门下","0","2","2"
"了他的罪状","0","2","2"
"皇上命给事","0","2","2"
"上命给事中","0","2","2"
"列他的罪状","0","2","2"
"的党羽庄敬","0","2","2"
"进升为千户","0","2","2"
"镇抚司刑狱","0","2","2"
"理锦衣卫事","0","2","2"
"天顺改元后","0","2","2"
"两人都被诛","0","2","2"
"升为副千户","0","2","2"
"逯杲上奏弹","0","2","2"
"杲上奏弹劾","0","2","2"
"石亨的侄子","0","2","2"
"亨的侄子石","0","2","2"
"的侄子石彪","0","2","2"
"的党羽都指","0","2","2"
"党羽都指挥","0","2","2"
"弋阳王朱奠","0","2","2"
"朱奠监母子","0","2","2"
"靖王朱奠培","0","2","2"
"由巡按御史","0","2","2"
"说他的弟弟","0","2","2"
"被处以极刑","0","2","2"
"的有二十八","0","2","2"
"皇上更以为","0","2","2"
"其他的都被","0","2","2"
"给事中程万","0","2","2"
"弹劾这些人","0","2","2"
"交由门达处","0","2","2"
"由门达处理","0","2","2"
"又弹劾南京","0","2","2"
"擅自鞭打军","0","2","2"
"自鞭打军职","0","2","2"
"鞭打军职人","0","2","2"
"打军职人员","0","2","2"
"同意他的看","0","2","2"
"意他的看法","0","2","2"
"击登闻鼓为","0","2","2"
"曾在皇上面","0","2","2"
"法司在午门","0","2","2"
"司在午门外","0","2","2"
"皇上派宦官","0","2","2"
"我不过是个","0","2","2"
"纳贿的情状","0","2","2"
"而不敢上报","0","2","2"
"纷纷上疏弹","0","2","2"
"纷上疏弹劾","0","2","2"
"劾他的罪行","0","2","2"
"将他逮捕治","0","2","2"
"他为太常寺","0","2","2"
"给事中李俊","0","2","2"
"为上林苑监","0","2","2"
"升任右通政","0","2","2"
"不以礼相待","0","2","2"
"的达数千人","0","2","2"
"他们的权力","0","2","2"
"升为左通政","0","2","2"
"只留下六十","0","2","2"
"外都非常高","0","2","2"
"迎合皇上心","0","2","2"
"使他们都得","0","2","2"
"他们都得了","0","2","2"
"们都得了罪","0","2","2"
"是他一人之","0","2","2"
"以尚书衔掌","0","2","2"
"到太常寺少","0","2","2"
"官不到三年","0","2","2"
"不到三年的","0","2","2"
"升为本寺卿","0","2","2"
"通政使之职","0","2","2"
"舆论都认为","0","2","2"
"官员的建议","0","2","2"
"裁汰传奉官","0","2","2"
"贴身宦官之","0","2","2"
"身宦官之罪","0","2","2"
"妻儿流放到","0","2","2"
"皇上下诏免","0","2","2"
"给事中魏元","0","2","2"
"极力论奏继","0","2","2"
"求将他们全","0","2","2"
"全部落职为","0","2","2"
"游击的身份","0","2","2"
"的身份隶属","0","2","2"
"身份隶属于","0","2","2"
"他升为都指","0","2","2"
"皇上每次出","0","2","2"
"言官纷纷谏","0","2","2"
"官纷纷谏阻","0","2","2"
"称为外四家","0","2","2"
"尚书王琼被","0","2","2"
"想引导皇上","0","2","2"
"在禁宫之中","0","2","2"
"又引导皇上","0","2","2"
"死于诏狱之","0","2","2"
"于诏狱之中","0","2","2"
"彬为平虏伯","0","2","2"
"他的三个儿","0","2","2"
"泰为安边伯","0","2","2"
"宠幸的人都","0","2","2"
"他的弟弟马","0","2","2"
"们都称他为","0","2","2"
"命江彬提督","0","2","2"
"上疏陈述有","0","2","2"
"故意激怒皇","0","2","2"
"和锦衣卫官","0","2","2"
"他的党羽也","0","2","2"
"当时朱宸濠","0","2","2"
"宸濠已被擒","0","2","2"
"从南京出发","0","2","2"
"擒获朱宸濠","0","2","2"
"他们的罪名","0","2","2"
"正好皇帝身","0","2","2"
"好皇帝身体","0","2","2"
"司礼监宦官","0","2","2"
"尚书李钅遂","0","2","2"
"被发给功臣","0","2","2"
"发给功臣家","0","2","2"
"给功臣家为","0","2","2"
"任为锦衣卫","0","2","2"
"到下午四五","0","2","2"
"下午四五点","0","2","2"
"驾将要出来","0","2","2"
"逮入锦衣卫","0","2","2"
"以工部郎中","0","2","2"
"他的弟弟锦","0","2","2"
"的弟弟锦衣","0","2","2"
"他的养子钱","0","2","2"
"的养子钱杰","0","2","2"
"称是皇上赐","0","2","2"
"是皇上赐给","0","2","2"
"到京师行贿","0","2","2"
"便报告皇上","0","2","2"
"但他最后还","0","2","2"
"他最后还是","0","2","2"
"的情况报告","0","2","2"
"情况报告了","0","2","2"
"况报告了皇","0","2","2"
"他的妻儿家","0","2","2"
"皇上回京时","0","2","2"
"隶属于锦衣","0","2","2"
"属于锦衣卫","0","2","2"
"到他的封国","0","2","2"
"为锦衣卫副","0","2","2"
"稍稍长大后","0","2","2"
"承袭为指挥","0","2","2"
"八年他随从","0","2","2"
"皇上下诏不","0","2","2"
"起草圣旨要","0","2","2"
"草圣旨要将","0","2","2"
"夏言这才罢","0","2","2"
"言这才罢了","0","2","2"
"严嵩与夏言","0","2","2"
"揭发仇鸾的","0","2","2"
"伯爵的俸禄","0","2","2"
"入西苑当值","0","2","2"
"相奔走于其","0","2","2"
"奔走于其门","0","2","2"
"对待士大夫","0","2","2"
"朝中人士多","0","2","2"
"御史的意见","0","2","2"
"被封为清微","0","2","2"
"令允许他乘","0","2","2"
"他的父亲为","0","2","2"
"的孙子启南","0","2","2"
"派宦官使者","0","2","2"
"拜他为礼部","0","2","2"
"赐给一品官","0","2","2"
"有关官员为","0","2","2"
"关官员为他","0","2","2"
"皇上非常宠","0","2","2"
"上非常宠爱","0","2","2"
"非常宠爱他","0","2","2"
"这是什么兆","0","2","2"
"是什么兆头","0","2","2"
"他为神霄保","0","2","2"
"为神霄保国","0","2","2"
"为太常博士","0","2","2"
"全部投进诏","0","2","2"
"部投进诏狱","0","2","2"
"没有人敢提","0","2","2"
"都不知道是","0","2","2"
"文一人而已","0","2","2"
"灾异频繁出","0","2","2"
"异频繁出现","0","2","2"
"仲文为恭诚","0","2","2"
"文为恭诚伯","0","2","2"
"第二年皇上","0","2","2"
"荫儿子为锦","0","2","2"
"二龙不相见","0","2","2"
"龙不相见之","0","2","2"
"不相见之说","0","2","2"
"的儿子尚宝","0","2","2"
"任太常寺卿","0","2","2"
"任浙江参议","0","2","2"
"皇上遣使者","0","2","2"
"升为工部尚","0","2","2"
"人们都害怕","0","2","2"
"们都害怕而","0","2","2"
"统领有四个","0","2","2"
"祖称吴王时","0","2","2"
"所授予的宣","0","2","2"
"授予的宣抚","0","2","2"
"予的宣抚官","0","2","2"
"的宣抚官印","0","2","2"
"宣抚官印来","0","2","2"
"抚官印来见","0","2","2"
"设置军民宣","0","2","2"
"各设置长官","0","2","2"
"设置长官一","0","2","2"
"置长官一名","0","2","2"
"容美峒宣抚","0","2","2"
"元朝皇帝所","0","2","2"
"朝皇帝所授","0","2","2"
"皇帝所授予","0","2","2"
"帝所授予的","0","2","2"
"明太祖任命","0","2","2"
"为四川行省","0","2","2"
"抚司的职责","0","2","2"
"治理这些地","0","2","2"
"理这些地方","0","2","2"
"设立长官司","0","2","2"
"儿子田答谷","0","2","2"
"缴纳上元朝","0","2","2"
"等峒的蛮族","0","2","2"
"百姓的祸患","0","2","2"
"所以才有这","0","2","2"
"廷便设置了","0","2","2"
"施州卫的军","0","2","2"
"在这些地方","0","2","2"
"领一千五百","0","2","2"
"置千户所镇","0","2","2"
"千户所镇守","0","2","2"
"授予原来的","0","2","2"
"各土司地区","0","2","2"
"司长官也不","0","2","2"
"招回蛮族百","0","2","2"
"回蛮族百姓","0","2","2"
"自己的祖先","0","2","2"
"人来朝见皇","0","2","2"
"代相传的官","0","2","2"
"这些都是因","0","2","2"
"些都是因为","0","2","2"
"地方官员的","0","2","2"
"元朝土官的","0","2","2"
"朝土官的子","0","2","2"
"土官的子孙","0","2","2"
"接受明朝廷","0","2","2"
"受明朝廷的","0","2","2"
"朝廷的招抚","0","2","2"
"论后认为可","0","2","2"
"覃友谅的儿","0","2","2"
"友谅的儿子","0","2","2"
"认为覃友谅","0","2","2"
"礼部给皇帝","0","2","2"
"按法律应该","0","2","2"
"按马的价值","0","2","2"
"美宣抚司的","0","2","2"
"朝廷进贡的","0","2","2"
"停止给他们","0","2","2"
"给他们的奖","0","2","2"
"这些情况交","0","2","2"
"些情况交给","0","2","2"
"所隶属的官","0","2","2"
"八个安抚司","0","2","2"
"到京城朝觐","0","2","2"
"边防卫所的","0","2","2"
"卫所的骑兵","0","2","2"
"皇帝都批准","0","2","2"
"帝都批准了","0","2","2"
"下面的大臣","0","2","2"
"给他们一半","0","2","2"
"们一半的奖","0","2","2"
"一半的奖赏","0","2","2"
"部认为这不","0","2","2"
"等人赴京城","0","2","2"
"京城向皇上","0","2","2"
"皇上进献贡","0","2","2"
"拖延了日期","0","2","2"
"帝同意了这","0","2","2"
"年皇帝任命","0","2","2"
"讨伐四川盗","0","2","2"
"伐四川盗贼","0","2","2"
"很难将他们","0","2","2"
"后再也不能","0","2","2"
"他们所经过","0","2","2"
"们所经过的","0","2","2"
"过的地方都","0","2","2"
"把此事报告","0","2","2"
"随行的人不","0","2","2"
"行的人不能","0","2","2"
"的人不能超","0","2","2"
"能超过一百","0","2","2"
"领几十个人","0","2","2"
"人声称自己","0","2","2"
"此事报告了","0","2","2"
"讨论认为土","0","2","2"
"对所经过的","0","2","2"
"检验他们的","0","2","2"
"把向氏家族","0","2","2"
"向氏家族的","0","2","2"
"的人全部俘","0","2","2"
"并入自己的","0","2","2"
"了解了他的","0","2","2"
"了他的阴谋","0","2","2"
"中等人一起","0","2","2"
"等人一起密","0","2","2"
"人一起密谋","0","2","2"
"守卫的军队","0","2","2"
"的儿子黄中","0","2","2"
"主管此事的","0","2","2"
"此事的官员","0","2","2"
"李仲实等人","0","2","2"
"科给事中朱","0","2","2"
"归四川管辖","0","2","2"
"请皇帝追究","0","2","2"
"招抚叛乱的","0","2","2"
"皇上陈述了","0","2","2"
"上陈述了五","0","2","2"
"陈述了五条","0","2","2"
"有五百多里","0","2","2"
"时请求皇上","0","2","2"
"皇上把这个","0","2","2"
"处理事务的","0","2","2"
"一万七千两","0","2","2"
"书上报朝廷","0","2","2"
"皇帝命令抚","0","2","2"
"命令抚按官","0","2","2"
"中原地区也","0","2","2"
"一天不如一","0","2","2"
"天不如一天","0","2","2"
"他们也不来","0","2","2"
"究他们的罪","0","2","2"
"他们颁发的","0","2","2"
"们颁发的印","0","2","2"
"在此设置永","0","2","2"
"隶属于湖广","0","2","2"
"属于湖广都","0","2","2"
"于湖广都指","0","2","2"
"等级各赏赐","0","2","2"
"彭仲的儿子","0","2","2"
"仲的儿子彭","0","2","2"
"不怪罪他们","0","2","2"
"后感到害怕","0","2","2"
"的儿子彭世","0","2","2"
"天顺二年皇","0","2","2"
"顺二年皇帝","0","2","2"
"征调永顺的","0","2","2"
"调永顺的军","0","2","2"
"帝命令给宣","0","2","2"
"平定苗人有","0","2","2"
"定苗人有功","0","2","2"
"苗人有功劳","0","2","2"
"自己的职务","0","2","2"
"兵部认为这","0","2","2"
"请求皇上给","0","2","2"
"为昭勇将军","0","2","2"
"皇上褒奖他","0","2","2"
"进献马匹表","0","2","2"
"马匹表示谢","0","2","2"
"匹表示谢恩","0","2","2"
"论后认为不","0","2","2"
"后认为不可","0","2","2"
"不可这么做","0","2","2"
"来奏事的人","0","2","2"
"一千贯钱钞","0","2","2"
"皇帝命令按","0","2","2"
"年也决定不","0","2","2"
"也决定不下","0","2","2"
"上诉到朝廷","0","2","2"
"设置四十八","0","2","2"
"等带兵征讨","0","2","2"
"以前一样抢","0","2","2"
"将女儿嫁给","0","2","2"
"与他们约定","0","2","2"
"其余的贼人","0","2","2"
"捷报传给朝","0","2","2"
"报传给朝廷","0","2","2"
"按等差给予","0","2","2"
"被斩首的有","0","2","2"
"的儿子彭明","0","2","2"
"儿子彭明辅","0","2","2"
"子彭明辅也","0","2","2"
"的衣服三袭","0","2","2"
"颁发敕令奖","0","2","2"
"发敕令奖励","0","2","2"
"敕令奖励他","0","2","2"
"称颂彭世麒","0","2","2"
"认为不符合","0","2","2"
"不治他的罪","0","2","2"
"朝觐的任务","0","2","2"
"的巡抚大臣","0","2","2"
"大臣去安抚","0","2","2"
"朝廷征调永","0","2","2"
"廷征调永顺","0","2","2"
"征调永顺土","0","2","2"
"官在家的宣","0","2","2"
"在家的宣慰","0","2","2"
"湾打败倭寇","0","2","2"
"靖的军队功","0","2","2"
"的军队功劳","0","2","2"
"军队功劳最","0","2","2"
"队功劳最大","0","2","2"
"他们赏赐银","0","2","2"
"们赏赐银币","0","2","2"
"赐三品官的","0","2","2"
"品官的服装","0","2","2"
"顺的土兵进","0","2","2"
"等到王江泾","0","2","2"
"人首级一千","0","2","2"
"升任右参政","0","2","2"
"都得到皇帝","0","2","2"
"得到皇帝赏","0","2","2"
"到皇帝赏赐","0","2","2"
"永顺二个宣","0","2","2"
"顺二个宣慰","0","2","2"
"地区百姓的","0","2","2"
"上赏赐给他","0","2","2"
"赏赐给他绣","0","2","2"
"赐给他绣有","0","2","2"
"一万人前去","0","2","2"
"向朝廷要挟","0","2","2"
"指挥的官衔","0","2","2"
"进贡的马匹","0","2","2"
"征调宣慰彭","0","2","2"
"土兵三千人","0","2","2"
"皇上降圣旨","0","2","2"
"被敌人打败","0","2","2"
"毫无益处的","0","2","2"
"唐朝时称为","0","2","2"
"朝时在此设","0","2","2"
"归附明太祖","0","2","2"
"奉表向朝廷","0","2","2"
"安抚司升为","0","2","2"
"他们各派遣","0","2","2"
"们各派遣儿","0","2","2"
"各派遣儿子","0","2","2"
"到朝廷进献","0","2","2"
"为长官司长","0","2","2"
"人来朝廷献","0","2","2"
"同知以下的","0","2","2"
"知以下的官","0","2","2"
"治理该地区","0","2","2"
"熟悉当地的","0","2","2"
"靖的土兵去","0","2","2"
"去协助进剿","0","2","2"
"颁发赏赐品","0","2","2"
"免除了保靖","0","2","2"
"朝廷便让他","0","2","2"
"因为平定苗","0","2","2"
"升了一级官","0","2","2"
"除了他们的","0","2","2"
"征讨剿灭他","0","2","2"
"讨剿灭他们","0","2","2"
"征讨贵州的","0","2","2"
"贵州的女贼","0","2","2"
"州的女贼人","0","2","2"
"的女贼人米","0","2","2"
"在洪武元年","0","2","2"
"在其地设置","0","2","2"
"人给朝廷上","0","2","2"
"理宣慰司的","0","2","2"
"宣慰司的事","0","2","2"
"慰司的事务","0","2","2"
"的十四个村","0","2","2"
"十四个村寨","0","2","2"
"宣慰的职位","0","2","2"
"儿子彭世英","0","2","2"
"朝廷的官军","0","2","2"
"上奏请朝廷","0","2","2"
"奏请朝廷派","0","2","2"
"这样两家的","0","2","2"
"彭仕珑给朝","0","2","2"
"仕珑给朝廷","0","2","2"
"并没有停止","0","2","2"
"听从自己的","0","2","2"
"人请求皇上","0","2","2"
"要让他们进","0","2","2"
"让朝廷知道","0","2","2"
"迁移安置到","0","2","2"
"帝嘉奖他们","0","2","2"
"把这个意见","0","2","2"
"交给兵部讨","0","2","2"
"给兵部讨论","0","2","2"
"个村寨划归","0","2","2"
"让他居住在","0","2","2"
"升他为湖广","0","2","2"
"他为湖广参","0","2","2"
"为湖广参政","0","2","2"
"赏赐给他银","0","2","2"
"第二年他们","0","2","2"
"打败了倭寇","0","2","2"
"到达王江泾","0","2","2"
"千人埋伏在","0","2","2"
"封彭荩臣为","0","2","2"
"并给他赏赐","0","2","2"
"关大臣将此","0","2","2"
"圣旨严厉责","0","2","2"
"旨严厉责备","0","2","2"
"果全军覆没","0","2","2"
"授予元帅府","0","2","2"
"召任太常寺","0","2","2"
"获得皇上的","0","2","2"
"得皇上的宠","0","2","2"
"不报告皇上","0","2","2"
"各部门的奏","0","2","2"
"是祥瑞之兆","0","2","2"
"一旦被发觉","0","2","2"
"自己的主意","0","2","2"
"是李善长的","0","2","2"
"下敕令责备","0","2","2"
"将罪过归咎","0","2","2"
"罪过归咎于","0","2","2"
"发雷霆之怒","0","2","2"
"达三万余人","0","2","2"
"后来升为御","0","2","2"
"来升为御史","0","2","2"
"出任山东按","0","2","2"
"调任北平按","0","2","2"
"任北平按察","0","2","2"
"陈瑛接受燕","0","2","2"
"瑛接受燕王","0","2","2"
"到皇上宠信","0","2","2"
"纪善周是修","0","2","2"
"方孝孺等人","0","2","2"
"等人的狱案","0","2","2"
"配给功臣之","0","2","2"
"给功臣之家","0","2","2"
"他升为左都","0","2","2"
"弹劾李景隆","0","2","2"
"知道李景隆","0","2","2"
"耿炳文超越","0","2","2"
"炳文超越本","0","2","2"
"弹劾驸马都","0","2","2"
"触忤了皇上","0","2","2"
"强娶民间女","0","2","2"
"娶民间女子","0","2","2"
"皇上命不要","0","2","2"
"陈瑛又弹劾","0","2","2"
"有怨望情绪","0","2","2"
"担任都御史","0","2","2"
"弹劾的其他","0","2","2"
"劾的其他人","0","2","2"
"理寺少卿袁","0","2","2"
"寺少卿袁复","0","2","2"
"所亲善的人","0","2","2"
"所夺的土地","0","2","2"
"现在他们已","0","2","2"
"在他们已经","0","2","2"
"他的建议有","0","2","2"
"在朝廷上审","0","2","2"
"从早上八九","0","2","2"
"早上八九点","0","2","2"
"仓猝之间无","0","2","2"
"猝之间无法","0","2","2"
"的罪状上奏","0","2","2"
"皇上也渐渐","0","2","2"
"关进监狱而","0","2","2"
"进监狱而死","0","2","2"
"宰辅大臣请","0","2","2"
"林学士的身","0","2","2"
"先前的主张","0","2","2"
"给皇天上帝","0","2","2"
"严嵩不久加","0","2","2"
"御史纷纷弹","0","2","2"
"史纷纷弹劾","0","2","2"
"皇上非常愤","0","2","2"
"上非常愤怒","0","2","2"
"已六十多岁","0","2","2"
"暗示言官弹","0","2","2"
"示言官弹劾","0","2","2"
"原吉和三杨","0","2","2"
"微微觉察到","0","2","2"
"微觉察到严","0","2","2"
"觉察到严嵩","0","2","2"
"任尚宝少卿","0","2","2"
"失去皇上的","0","2","2"
"夏言和曾铣","0","2","2"
"左相国徐达","0","2","2"
"不喜欢的人","0","2","2"
"全部采纳了","0","2","2"
"敌寇退走后","0","2","2"
"你不用担心","0","2","2"
"丁汝夔临死","0","2","2"
"严嵩父子的","0","2","2"
"自己所乘坐","0","2","2"
"己所乘坐的","0","2","2"
"升任工部左","0","2","2"
"是我的老师","0","2","2"
"兼领尚书的","0","2","2"
"领尚书的俸","0","2","2"
"相信他的话","0","2","2"
"排挤陷害的","0","2","2"
"挤陷害的人","0","2","2"
"都惴惴不安","0","2","2"
"也渐渐厌恶","0","2","2"
"渐渐厌恶他","0","2","2"
"上疏弹劾严","0","2","2"
"疏弹劾严嵩","0","2","2"
"追究主使的","0","2","2"
"究主使的人","0","2","2"
"皇上于是不","0","2","2"
"欧阳必进提","0","2","2"
"严嵩也不能","0","2","2"
"他留在京城","0","2","2"
"时居住的地","0","2","2"
"用驿车送回","0","2","2"
"向皇上请罪","0","2","2"
"他的儿子锦","0","2","2"
"与严嵩父子","0","2","2"
"士大夫们所","0","2","2"
"心中闷闷不","0","2","2"
"中闷闷不乐","0","2","2"
"传位给太子","0","2","2"
"徐阶极力劝","0","2","2"
"严嵩知道皇","0","2","2"
"上左右的人","0","2","2"
"下诏褒奖他","0","2","2"
"已八十四岁","0","2","2"
"乞请将他们","0","2","2"
"严嵩和他的","0","2","2"
"嵩和他的孙","0","2","2"
"和他的孙子","0","2","2"
"由太常寺卿","0","2","2"
"太常寺卿升","0","2","2"
"常寺卿升任","0","2","2"
"管尚宝司事","0","2","2"
"尚宝司事务","0","2","2"
"他更加自负","0","2","2"
"来汇报事情","0","2","2"
"士大夫们对","0","2","2"
"大夫们对他","0","2","2"
"按不同情况","0","2","2"
"多寡不等的","0","2","2"
"邹应龙弹劾","0","2","2"
"发他的罪状","0","2","2"
"他的党羽说","0","2","2"
"黄光升等人","0","2","2"
"二人的罪案","0","2","2"
"亲自为他们","0","2","2"
"押到市场斩","0","2","2"
"到市场斩首","0","2","2"
"和玩好之物","0","2","2"
"殿试都是第","0","2","2"
"召回任礼部","0","2","2"
"皇上御临文","0","2","2"
"上御临文华","0","2","2"
"要给他们粮","0","2","2"
"皇上点了点","0","2","2"
"上点了点头","0","2","2"
"知道这不是","0","2","2"
"温体仁攻击","0","2","2"
"体仁攻击钱","0","2","2"
"仁攻击钱谦","0","2","2"
"皇上在文华","0","2","2"
"上在文华殿","0","2","2"
"独自与皇上","0","2","2"
"自与皇上谈","0","2","2"
"与皇上谈话","0","2","2"
"京给事中钱","0","2","2"
"给事中钱允","0","2","2"
"皇上优诏褒","0","2","2"
"优诏褒扬他","0","2","2"
"二年二月他","0","2","2"
"他加封为太","0","2","2"
"与他有私交","0","2","2"
"人们议论纷","0","2","2"
"们议论纷纷","0","2","2"
"的子弟家人","0","2","2"
"掘其祖先坟","0","2","2"
"其祖先坟墓","0","2","2"
"次上疏辩解","0","2","2"
"体仁的旨意","0","2","2"
"给事中陈赞","0","2","2"
"锦衣卫统帅","0","2","2"
"什么也没承","0","2","2"
"么也没承认","0","2","2"
"案情上呈后","0","2","2"
"温体仁没有","0","2","2"
"他称病请求","0","2","2"
"病请求回乡","0","2","2"
"皇上赐给白","0","2","2"
"上赐给白金","0","2","2"
"官为他护行","0","2","2"
"与东林党人","0","2","2"
"仇视东林党","0","2","2"
"他主持会试","0","2","2"
"温体仁更加","0","2","2"
"不久他加封","0","2","2"
"久他加封为","0","2","2"
"进升为吏部","0","2","2"
"罪以下的人","0","2","2"
"托付给先生","0","2","2"
"给事中曹良","0","2","2"
"他与给事中","0","2","2"
"与宦官勾结","0","2","2"
"大学士吴生","0","2","2"
"学士吴生生","0","2","2"
"敌人退走了","0","2","2"
"到大臣们的","0","2","2"
"等王应熊先","0","2","2"
"正阳门外的","0","2","2"
"二十六年中","0","2","2"
"詹事府事务","0","2","2"
"很合皇上旨","0","2","2"
"揭发钱谦益","0","2","2"
"给事中顾其","0","2","2"
"事中顾其仁","0","2","2"
"揭发了此事","0","2","2"
"执政大臣都","0","2","2"
"都给事中章","0","2","2"
"体仁热中于","0","2","2"
"呈上钱千秋","0","2","2"
"上钱千秋的","0","2","2"
"钱千秋的事","0","2","2"
"御史房可壮","0","2","2"
"才得以免罪","0","2","2"
"史任赞化也","0","2","2"
"说他们两人","0","2","2"
"们两人都是","0","2","2"
"是刑部尚书","0","2","2"
"曹于汴等人","0","2","2"
"以为体仁孤","0","2","2"
"为体仁孤立","0","2","2"
"位居自己之","0","2","2"
"居自己之上","0","2","2"
"将制造大案","0","2","2"
"的人因此而","0","2","2"
"周延儒被罢","0","2","2"
"延儒被罢免","0","2","2"
"推荐霍维华","0","2","2"
"依附他的人","0","2","2"
"也帮着说话","0","2","2"
"了巡按御史","0","2","2"
"按御史禹好","0","2","2"
"御史禹好善","0","2","2"
"以廉洁谨慎","0","2","2"
"伯刘孔昭弹","0","2","2"
"皇上对自己","0","2","2"
"盗贼越来越","0","2","2"
"贼越来越多","0","2","2"
"皇上觉得他","0","2","2"
"上觉得他很","0","2","2"
"到少师兼太","0","2","2"
"皇上再三询","0","2","2"
"上再三询问","0","2","2"
"皇上都批准","0","2","2"
"弹劾他的奏","0","2","2"
"劾他的奏章","0","2","2"
"不执行命令","0","2","2"
"张汉儒等人","0","2","2"
"假装称病辞","0","2","2"
"装称病辞职","0","2","2"
"当时体仁正","0","2","2"
"得知这一消","0","2","2"
"知这一消息","0","2","2"
"又采纳给事","0","2","2"
"他所推荐的","0","2","2"
"他升为郎中","0","2","2"
"当时阮大铖","0","2","2"
"因亲丧回家","0","2","2"
"阮大铖到后","0","2","2"
"任工科给事","0","2","2"
"就赶紧请求","0","2","2"
"阮大铖非常","0","2","2"
"大铖非常愤","0","2","2"
"铖非常愤恨","0","2","2"
"不足以依靠","0","2","2"
"魏忠贤被诛","0","2","2"
"忠贤被诛后","0","2","2"
"其中一篇专","0","2","2"
"崔呈秀和魏","0","2","2"
"起用他为光","0","2","2"
"用他为光禄","0","2","2"
"他为光禄寺","0","2","2"
"为光禄寺卿","0","2","2"
"潞王朱常芳","0","2","2"
"刘良佐等人","0","2","2"
"廷臣集中商","0","2","2"
"科给事中李","0","2","2"
"大臣们才不","0","2","2"
"臣们才不敢","0","2","2"
"入阁的先例","0","2","2"
"士英为什么","0","2","2"
"英为什么不","0","2","2"
"为什么不行","0","2","2"
"阁大学士兼","0","2","2"
"大学士兼兵","0","2","2"
"学士兼兵部","0","2","2"
"士兼兵部尚","0","2","2"
"和户部尚书","0","2","2"
"刘泽清等人","0","2","2"
"封他为少傅","0","2","2"
"他为少傅兼","0","2","2"
"引用阮大铖","0","2","2"
"海内有名望","0","2","2"
"内有名望之","0","2","2"
"起用阮大铖","0","2","2"
"赵之龙等人","0","2","2"
"推荐阮大铖","0","2","2"
"与守备太监","0","2","2"
"京师失陷后","0","2","2"
"显贵的宦官","0","2","2"
"于是福王命","0","2","2"
"指责魏大中","0","2","2"
"接连上疏攻","0","2","2"
"连上疏攻击","0","2","2"
"大铖为兵部","0","2","2"
"铖为兵部添","0","2","2"
"圣旨严厉斥","0","2","2"
"巡阅长江防","0","2","2"
"阅长江防线","0","2","2"
"本部尚书兼","0","2","2"
"警报不断传","0","2","2"
"报不断传来","0","2","2"
"即上疏弹劾","0","2","2"
"光时亨等人","0","2","2"
"左光斗的弟","0","2","2"
"光斗的弟弟","0","2","2"
"斗的弟弟光","0","2","2"
"东林党以及","0","2","2"
"得恢复原官","0","2","2"
"达如此地步","0","2","2"
"卫胤文为兵","0","2","2"
"胤文为兵部","0","2","2"
"文为兵部右","0","2","2"
"给他恢复原","0","2","2"
"他恢复原官","0","2","2"
"在左良玉军","0","2","2"
"左良玉军中","0","2","2"
"左良玉出兵","0","2","2"
"良玉出兵清","0","2","2"
"玉出兵清除","0","2","2"
"是先帝亲手","0","2","2"
"陛下即位之","0","2","2"
"下即位之初","0","2","2"
"将他们处死","0","2","2"
"抵御左良玉","0","2","2"
"刘良佐的军","0","2","2"
"良佐的军队","0","2","2"
"他的儿子左","0","2","2"
"的儿子左梦","0","2","2"
"儿子左梦庚","0","2","2"
"大典于是把","0","2","2"
"兵将其击败","0","2","2"
"而死者无数","0","2","2"
"诏令将他们","0","2","2"
"令将他们斩","0","2","2"
"所以人们都","0","2","2"
"再调任湖广","0","2","2"
"不久调吏部","0","2","2"
"马文升任尚","0","2","2"
"文升任尚书","0","2","2"
"在自己之上","0","2","2"
"他们的位置","0","2","2"
"后非常高兴","0","2","2"
"马文升辞职","0","2","2"
"把这一计划","0","2","2"
"以本官兼任","0","2","2"
"告诉了刘瑾","0","2","2"
"想把他们全","0","2","2"
"人都是谢迁","0","2","2"
"难道不应该","0","2","2"
"极力推荐他","0","2","2"
"便请求辞官","0","2","2"
"了他的官衔","0","2","2"
"大盗赵钅遂","0","2","2"
"火烧了他的","0","2","2"
"三年中进士","0","2","2"
"被授予吏部","0","2","2"
"任文选司郎","0","2","2"
"马文升等人","0","2","2"
"与刘瑾是同","0","2","2"
"刘瑾是同乡","0","2","2"
"握着他的手","0","2","2"
"升为通政使","0","2","2"
"一本正经地","0","2","2"
"人因此更加","0","2","2"
"天比一天严","0","2","2"
"比一天严重","0","2","2"
"络绎不绝地","0","2","2"
"到刘瑾被诛","0","2","2"
"皇上贴身宦","0","2","2"
"上贴身宦官","0","2","2"
"之罪被判死","0","2","2"
"他死于狱中","0","2","2"
"东林党势力","0","2","2"
"离开京城时","0","2","2"
"加入东林党","0","2","2"
"他任意贪污","0","2","2"
"赵南星建议","0","2","2"
"诏令将他革","0","2","2"
"令将他革职","0","2","2"
"连夜跑到魏","0","2","2"
"夜跑到魏忠","0","2","2"
"到魏忠贤的","0","2","2"
"魏忠贤的住","0","2","2"
"忠贤的住处","0","2","2"
"做魏忠贤的","0","2","2"
"他制造大案","0","2","2"
"于是首先上","0","2","2"
"是首先上疏","0","2","2"
"许弘纲等人","0","2","2"
"官自己述职","0","2","2"
"依附东林党","0","2","2"
"侍郎兼御史","0","2","2"
"奏疏最后说","0","2","2"
"内阁大臣顾","0","2","2"
"阁大臣顾秉","0","2","2"
"大臣顾秉谦","0","2","2"
"大臣的章奏","0","2","2"
"升本部尚书","0","2","2"
"不回家奔丧","0","2","2"
"他们排挤出","0","2","2"
"们排挤出去","0","2","2"
"是他的党羽","0","2","2"
"他的儿子崔","0","2","2"
"的儿子崔铎","0","2","2"
"诏令将他戮","0","2","2"
"令将他戮尸","0","2","2"
"廷臣的意见","0","2","2"
"你们不过是","0","2","2"
"他们的姓名","0","2","2"
"令刑部尚书","0","2","2"
"的有十一人","0","2","2"
"有五十余人","0","2","2"
"唐世济推荐","0","2","2"
"上疏极力反","0","2","2"
"这不是国家","0","2","2"
"贬为福宁州","0","2","2"
"后来逐渐升","0","2","2"
"那些因为提","0","2","2"
"些因为提建","0","2","2"
"而得罪的人","0","2","2"
"他被任为南","0","2","2"
"当时他已七","0","2","2"
"已七十多岁","0","2","2"
"七十多岁了","0","2","2"
"极力攻击孙","0","2","2"
"奏疏交给史","0","2","2"
"升任顺天府","0","2","2"
"便上书弹劾","0","2","2"
"就是皇后的","0","2","2"
"了他的党羽","0","2","2"
"魏忠贤怀疑","0","2","2"
"自己年纪大","0","2","2"
"有一个死囚","0","2","2"
"极力诋毁王","0","2","2"
"力诋毁王之","0","2","2"
"他内阁大臣","0","2","2"
"岳骏声等人","0","2","2"
"周起元弹劾","0","2","2"
"起元弹劾他","0","2","2"
"之辈十余人","0","2","2"
"魏忠贤的门","0","2","2"
"给事中潘士","0","2","2"
"中潘士闻弹","0","2","2"
"潘士闻弹劾","0","2","2"
"魏忠贤指责","0","2","2"
"在狱中关了","0","2","2"
"升任户科给","0","2","2"
"为官刚直不","0","2","2"
"书孙丕扬因","0","2","2"
"宾尹的门生","0","2","2"
"出任山东参","0","2","2"
"任山东参议","0","2","2"
"封魏良卿为","0","2","2"
"魏忠贤派遣","0","2","2"
"僚一起上书","0","2","2"
"请敕令工部","0","2","2"
"触忤了魏忠","0","2","2"
"忤了魏忠贤","0","2","2"
"魏忠贤首先","0","2","2"
"将东林党一","0","2","2"
"一百零八人","0","2","2"
"逆案判定后","0","2","2"
"这一情况后","0","2","2"
"即假传圣旨","0","2","2"
"是刘一火景","0","2","2"
"王志道等人","0","2","2"
"传圣旨谴责","0","2","2"
"不久升为兵","0","2","2"
"久升为兵部","0","2","2"
"后来逐渐讨","0","2","2"
"来逐渐讨厌","0","2","2"
"收回先前的","0","2","2"
"回先前的命","0","2","2"
"人接踵而至","0","2","2"
"从宿迁到徐","0","2","2"
"宿迁到徐州","0","2","2"
"二百余里的","0","2","2"
"引黄河水来","0","2","2"
"耗费金钱五","0","2","2"
"被下狱判了","0","2","2"
"赠给庇荫和","0","2","2"
"给庇荫和祭","0","2","2"
"庇荫和祭葬","0","2","2"
"被授予户部","0","2","2"
"被起用为佥","0","2","2"
"他进升为副","0","2","2"
"上疏推荐他","0","2","2"
"这一年八月","0","2","2"
"任辽东经略","0","2","2"
"王化贞丢弃","0","2","2"
"家住了三年","0","2","2"
"被召为兵部","0","2","2"
"为顺天巡抚","0","2","2"
"言官弹劾罢","0","2","2"
"官弹劾罢免","0","2","2"
"移居哕鸾宫","0","2","2"
"传旨严厉斥","0","2","2"
"上书请求宽","0","2","2"
"没有别的用","0","2","2"
"有别的用心","0","2","2"
"给事中王志","0","2","2"
"皇上于是停","0","2","2"
"请把他召回","0","2","2"
"升任左佥都","0","2","2"
"锦衣卫世职","0","2","2"
"论者纷纷弹","0","2","2"
"者纷纷弹劾","0","2","2"
"为锦衣卫都","0","2","2"
"张居正回家","0","2","2"
"有私交的人","0","2","2"
"张居正的三","0","2","2"
"居正的三个","0","2","2"
"正的三个儿","0","2","2"
"听到正直的","0","2","2"
"到正直的言","0","2","2"
"告诫有关部","0","2","2"
"诫有关部门","0","2","2"
"辽东的战功","0","2","2"
"求告老回乡","0","2","2"
"也上疏争辩","0","2","2"
"责备魏允贞","0","2","2"
"上一概不予","0","2","2"
"修建烽火台","0","2","2"
"以换取粮食","0","2","2"
"魏允贞上奏","0","2","2"
"皇帝都批复","0","2","2"
"提拔为右副","0","2","2"
"拔为右副都","0","2","2"
"时政的过失","0","2","2"
"的都是国家","0","2","2"
"都是国家大","0","2","2"
"揭露他们的","0","2","2"
"将魏允贞的","0","2","2"
"魏允贞的奏","0","2","2"
"允贞的奏疏","0","2","2"
"的奏疏下到","0","2","2"
"奏疏下到部","0","2","2"
"疏下到部院","0","2","2"
"两个人都不","0","2","2"
"父亲年已九","0","2","2"
"亲年已九十","0","2","2"
"百姓为他立","0","2","2"
"追封谥号为","0","2","2"
"授职庶吉士","0","2","2"
"和给事中王","0","2","2"
"宦官冯保的","0","2","2"
"勾结的情况","0","2","2"
"推荐王锡爵","0","2","2"
"起用掌管河","0","2","2"
"用掌管河南","0","2","2"
"掌管河南道","0","2","2"
"置于考察的","0","2","2"
"于考察的名","0","2","2"
"考察的名册","0","2","2"
"察的名册上","0","2","2"
"极力坚持不","0","2","2"
"个人的姓名","0","2","2"
"些人都是为","0","2","2"
"不能容忍的","0","2","2"
"升为山东参","0","2","2"
"任山西副使","0","2","2"
"年以兵部右","0","2","2"
"身份巡抚保","0","2","2"
"份巡抚保定","0","2","2"
"剿灭了他们","0","2","2"
"余懋衡上奏","0","2","2"
"告诉天下人","0","2","2"
"增加赋税的","0","2","2"
"竭泽而渔的","0","2","2"
"一些亡命之","0","2","2"
"相互之间发","0","2","2"
"互之间发生","0","2","2"
"为大理右寺","0","2","2"
"为第一人选","0","2","2"
"为第二人选","0","2","2"
"极力认为不","0","2","2"
"又官复原职","0","2","2"
"授职户部主","0","2","2"
"职户部主事","0","2","2"
"魏允贞因为","0","2","2"
"将他们一一","0","2","2"
"征召为大理","0","2","2"
"巡抚凤阳各","0","2","2"
"抚凤阳各府","0","2","2"
"集亡命之徒","0","2","2"
"他们都被逮","0","2","2"
"们都被逮捕","0","2","2"
"到了这种地","0","2","2"
"了这种地步","0","2","2"
"臣请求陛下","0","2","2"
"皇上没有回","0","2","2"
"上没有回答","0","2","2"
"没有得到回","0","2","2"
"国家形势危","0","2","2"
"家形势危急","0","2","2"
"矿税的诏书","0","2","2"
"李三才于是","0","2","2"
"病请求离去","0","2","2"
"皇帝讨厌他","0","2","2"
"事中曹于汴","0","2","2"
"李三才留下","0","2","2"
"除了他的官","0","2","2"
"再次请求让","0","2","2"
"命令李三才","0","2","2"
"饭都吃不饱","0","2","2"
"皇帝的孙子","0","2","2"
"又中途停止","0","2","2"
"沈一贯担心","0","2","2"
"一贯担心沈","0","2","2"
"贯担心沈鲤","0","2","2"
"自己的短处","0","2","2"
"皇上得到奏","0","2","2"
"上得到奏疏","0","2","2"
"下诏严厉责","0","2","2"
"李三才有雄","0","2","2"
"三才有雄才","0","2","2"
"才有雄才大","0","2","2"
"李三才表面","0","2","2"
"三才表面上","0","2","2"
"过了几个月","0","2","2"
"还没有平息","0","2","2"
"写信给叶向","0","2","2"
"极力为他辩","0","2","2"
"素与李三才","0","2","2"
"再次被任用","0","2","2"
"部侍郎林如","0","2","2"
"侍郎林如楚","0","2","2"
"应当派遣使","0","2","2"
"刘光复所说","0","2","2"
"光复所说的","0","2","2"
"各位大臣一","0","2","2"
"表面上请求","0","2","2"
"上请求释放","0","2","2"
"自从沈一贯","0","2","2"
"的正直之人","0","2","2"
"被指为东林","0","2","2"
"没有得到什","0","2","2"
"有得到什么","0","2","2"
"邹元标也不","0","2","2"
"论没有结果","0","2","2"
"上任就死了","0","2","2"
"他官复原职","0","2","2"
"李三才的人","0","2","2"
"敌人包围了","0","2","2"
"敌人的头目","0","2","2"
"敌人不知道","0","2","2"
"人不知道他","0","2","2"
"不知道他们","0","2","2"
"从其他道路","0","2","2"
"率部队前往","0","2","2"
"率领他的部","0","2","2"
"他的部队一","0","2","2"
"人穿着铠甲","0","2","2"
"事情平定后","0","2","2"
"提升副总兵","0","2","2"
"把他们追赶","0","2","2"
"他们追赶到","0","2","2"
"历五年春天","0","2","2"
"身份镇守宁","0","2","2"
"份镇守宁夏","0","2","2"
"小阿卜户侵","0","2","2"
"阿卜户侵犯","0","2","2"
"卜户侵犯黑","0","2","2"
"户侵犯黑峪","0","2","2"
"侵犯黑峪关","0","2","2"
"次骚扰边防","0","2","2"
"弟弟老把都","0","2","2"
"遗弃的小妾","0","2","2"
"给她的赏赐","0","2","2"
"命令将士出","0","2","2"
"还被掠夺的","0","2","2"
"臣等人一起","0","2","2"
"进入演武场","0","2","2"
"于是宽恕了","0","2","2"
"历十八年春","0","2","2"
"赤进犯洮河","0","2","2"
"卜失兔不听","0","2","2"
"的妻子女儿","0","2","2"
"落到今天这","0","2","2"
"敌人的势力","0","2","2"
"多骑兵侵犯","0","2","2"
"骑兵侵犯一","0","2","2"
"兵侵犯一片","0","2","2"
"侵犯一片石","0","2","2"
"董一元功劳","0","2","2"
"一元功劳最","0","2","2"
"元功劳最大","0","2","2"
"的身份担任","0","2","2"
"董一元在西","0","2","2"
"率轻骑直捣","0","2","2"
"引兵离去了","0","2","2"
"势力日益强","0","2","2"
"力日益强大","0","2","2"
"西部的卜言","0","2","2"
"多次侵犯边","0","2","2"
"次侵犯边境","0","2","2"
"声称要进犯","0","2","2"
"只不过是把","0","2","2"
"于是派遣副","0","2","2"
"是派遣副将","0","2","2"
"于是引兵离","0","2","2"
"是引兵离去","0","2","2"
"引诱杀害了","0","2","2"
"敌人乘虚而","0","2","2"
"人乘虚而入","0","2","2"
"遏制敌人的","0","2","2"
"三天三夜后","0","2","2"
"天三夜后才","0","2","2"
"缴获牛马及","0","2","2"
"世世代代荫","0","2","2"
"朝鲜第二次","0","2","2"
"一面与陆地","0","2","2"
"面与陆地相","0","2","2"
"也被剥夺了","0","2","2"
"帝赏赐他银","0","2","2"
"他们的党徒","0","2","2"
"的党徒四出","0","2","2"
"萧如薰坚守","0","2","2"
"的妻子杨氏","0","2","2"
"城得以保全","0","2","2"
"他为副总兵","0","2","2"
"共同平定叛","0","2","2"
"同平定叛乱","0","2","2"
"再次提升官","0","2","2"
"又以总兵官","0","2","2"
"三百四十多","0","2","2"
"恢复原官职","0","2","2"
"朝廷按制度","0","2","2"
"制度予以赏","0","2","2"
"度予以赏赐","0","2","2"
"没有不叹息","0","2","2"
"有不叹息的","0","2","2"
"轻视朝廷之","0","2","2"
"视朝廷之心","0","2","2"
"在要害之地","0","2","2"
"在西部边境","0","2","2"
"西部边境为","0","2","2"
"升任副总兵","0","2","2"
"他为总兵官","0","2","2"
"皇上为此祭","0","2","2"
"为此祭告祖","0","2","2"
"此祭告祖庙","0","2","2"
"寇大败而逃","0","2","2"
"三十五年按","0","2","2"
"百三十多级","0","2","2"
"为当时边将","0","2","2"
"当时边将之","0","2","2"
"任韶州知府","0","2","2"
"抚少数民族","0","2","2"
"少数民族地","0","2","2"
"数民族地区","0","2","2"
"提升按察使","0","2","2"
"上书称病引","0","2","2"
"书称病引退","0","2","2"
"重新被起用","0","2","2"
"文给有关部","0","2","2"
"他的弟弟安","0","2","2"
"担任右都御","0","2","2"
"皇帝的谕旨","0","2","2"
"费国家钱财","0","2","2"
"二十三日天","0","2","2"
"十三日天刚","0","2","2"
"三日天刚亮","0","2","2"
"日天刚亮时","0","2","2"
"郑贵妃占据","0","2","2"
"贵妃占据乾","0","2","2"
"妃占据乾清","0","2","2"
"请求封为皇","0","2","2"
"移到慈宁宫","0","2","2"
"郑贵妃进献","0","2","2"
"规劝皇帝节","0","2","2"
"劝皇帝节制","0","2","2"
"皇帝长时间","0","2","2"
"皇帝的病情","0","2","2"
"宗皇帝的遗","0","2","2"
"接受大臣们","0","2","2"
"受大臣们的","0","2","2"
"国家社稷的","0","2","2"
"等大臣们到","0","2","2"
"居在乾清宫","0","2","2"
"移到仁寿殿","0","2","2"
"拔官吏的权","0","2","2"
"官吏的权力","0","2","2"
"那些有才干","0","2","2"
"些有才干的","0","2","2"
"有才干的人","0","2","2"
"年长而有德","0","2","2"
"周嘉谟请求","0","2","2"
"官员的标准","0","2","2"
"皇帝认为很","0","2","2"
"帝认为很好","0","2","2"
"高弘图上疏","0","2","2"
"皇帝想把他","0","2","2"
"帝想把他们","0","2","2"
"把他们一起","0","2","2"
"为他们说情","0","2","2"
"弹劾周嘉谟","0","2","2"
"刘一火景的","0","2","2"
"佟卜年等人","0","2","2"
"叶向高等人","0","2","2"
"上疏弹劾兵","0","2","2"
"疏弹劾兵部","0","2","2"
"被削籍为平","0","2","2"
"被推荐起用","0","2","2"
"省拖欠的赋","0","2","2"
"任工科左给","0","2","2"
"皇帝正在营","0","2","2"
"帝正在营造","0","2","2"
"张问达极力","0","2","2"
"极力请求停","0","2","2"
"地方长官的","0","2","2"
"没有上报给","0","2","2"
"有上报给皇","0","2","2"
"都如石沉大","0","2","2"
"如石沉大海","0","2","2"
"张问达以为","0","2","2"
"后请求皇帝","0","2","2"
"皇帝修身反","0","2","2"
"帝修身反省","0","2","2"
"不久调任太","0","2","2"
"调任太常寺","0","2","2"
"身份巡抚湖","0","2","2"
"份巡抚湖广","0","2","2"
"召授官刑部","0","2","2"
"授官刑部右","0","2","2"
"官刑部右侍","0","2","2"
"兼理都察院","0","2","2"
"妃宫中的太","0","2","2"
"宫中的太监","0","2","2"
"外议论纷扬","0","2","2"
"贵妃的弟弟","0","2","2"
"妃的弟弟郑","0","2","2"
"郑国泰所主","0","2","2"
"国泰所主使","0","2","2"
"刘成的名字","0","2","2"
"在慈宁宫召","0","2","2"
"司在文华门","0","2","2"
"是患疯癫病","0","2","2"
"对他有什么","0","2","2"
"奸邪之人闯","0","2","2"
"邪之人闯入","0","2","2"
"之人闯入内","0","2","2"
"人闯入内宫","0","2","2"
"关国家安危","0","2","2"
"庄严的地方","0","2","2"
"原封不动地","0","2","2"
"马三道等人","0","2","2"
"等人也都有","0","2","2"
"皇帝当面告","0","2","2"
"有关部门严","0","2","2"
"关部门严加","0","2","2"
"将他们绳之","0","2","2"
"他们绳之以","0","2","2"
"应当严格执","0","2","2"
"于是悄悄地","0","2","2"
"他们都是由","0","2","2"
"宗皇帝病危","0","2","2"
"的人定为一","0","2","2"
"人定为一等","0","2","2"
"邹元标一起","0","2","2"
"让朝中大臣","0","2","2"
"灼进献红丸","0","2","2"
"方从哲与我","0","2","2"
"进献药丸的","0","2","2"
"方从哲没有","0","2","2"
"没有能够制","0","2","2"
"有能够制止","0","2","2"
"也没有能够","0","2","2"
"等到御史王","0","2","2"
"到御史王安","0","2","2"
"帝在天之灵","0","2","2"
"将他绳之以","0","2","2"
"崔文升胡乱","0","2","2"
"自己的请求","0","2","2"
"李选侍想垂","0","2","2"
"选侍想垂帘","0","2","2"
"侍想垂帘听","0","2","2"
"上疏请求移","0","2","2"
"疏请求移宫","0","2","2"
"以为方从哲","0","2","2"
"明自己的心","0","2","2"
"自己的心迹","0","2","2"
"只是将李可","0","2","2"
"是将李可灼","0","2","2"
"皇帝下诏加","0","2","2"
"下诏加封少","0","2","2"
"诏加封少保","0","2","2"
"乘着驿车回","0","2","2"
"着驿车回了","0","2","2"
"驿车回了家","0","2","2"
"命为刑部主","0","2","2"
"晋升员外郎","0","2","2"
"东科举考试","0","2","2"
"科举考试而","0","2","2"
"张问达上疏","0","2","2"
"求皇帝下旨","0","2","2"
"有皇帝的圣","0","2","2"
"天子的诏书","0","2","2"
"张差招供同","0","2","2"
"差招供同谋","0","2","2"
"犹豫着不敢","0","2","2"
"龙很不高兴","0","2","2"
"于是上疏诋","0","2","2"
"是上疏诋毁","0","2","2"
"力保护才得","0","2","2"
"保护才得以","0","2","2"
"安邦彦进犯","0","2","2"
"提拔为广东","0","2","2"
"修建魏忠贤","0","2","2"
"魏忠贤祠堂","0","2","2"
"官吏进行考","0","2","2"
"吏进行考核","0","2","2"
"只有三百多","0","2","2"
"石像下雨一","0","2","2"
"像下雨一样","0","2","2"
"婆婆妈妈的","0","2","2"
"亲手杀死数","0","2","2"
"任台州知府","0","2","2"
"皇帝准备派","0","2","2"
"皇帝严厉责","0","2","2"
"帝严厉责备","0","2","2"
"改任保定巡","0","2","2"
"任保定巡抚","0","2","2"
"京都附近的","0","2","2"
"疏极力争辩","0","2","2"
"地不能耕种","0","2","2"
"民开垦荒地","0","2","2"
"其中十分之","0","2","2"
"六万两银子","0","2","2"
"当地老百姓","0","2","2"
"的土地很多","0","2","2"
"兴修农田水","0","2","2"
"修农田水利","0","2","2"
"易水可以灌","0","2","2"
"可以灌溉金","0","2","2"
"以灌溉金台","0","2","2"
"滹水可以灌","0","2","2"
"可以灌溉恒","0","2","2"
"以灌溉恒山","0","2","2"
"溏水可以灌","0","2","2"
"可以灌溉中","0","2","2"
"以灌溉中山","0","2","2"
"滏水可以灌","0","2","2"
"可以灌溉襄","0","2","2"
"以灌溉襄国","0","2","2"
"京城的人民","0","2","2"
"征召授官工","0","2","2"
"召授官工部","0","2","2"
"北京户部尚","0","2","2"
"东方和西方","0","2","2"
"一下子增加","0","2","2"
"下子增加了","0","2","2"
"经费不够支","0","2","2"
"费不够支出","0","2","2"
"这种形势下","0","2","2"
"一定不能放","0","2","2"
"讨论红丸案","0","2","2"
"由此得罪了","0","2","2"
"皇帝下诏赠","0","2","2"
"升为光禄少","0","2","2"
"巡抚保定各","0","2","2"
"抚保定各府","0","2","2"
"次上疏力争","0","2","2"
"升户部右侍","0","2","2"
"议论红丸案","0","2","2"
"弹劾给事中","0","2","2"
"有权势的太","0","2","2"
"权势的太监","0","2","2"
"求皇帝下令","0","2","2"
"直接攻击沈","0","2","2"
"他勾结魏忠","0","2","2"
"顾命大臣刘","0","2","2"
"命大臣刘一","0","2","2"
"大臣刘一火","0","2","2"
"皇帝面前哭","0","2","2"
"加重熊廷弼","0","2","2"
"重熊廷弼的","0","2","2"
"廷弼的罪行","0","2","2"
"有人敢说话","0","2","2"
"将官司了结","0","2","2"
"怀疑是刘一","0","2","2"
"用刘一山献","0","2","2"
"于是弹劾王","0","2","2"
"弹劾王纪保","0","2","2"
"劾王纪保护","0","2","2"
"王纪保护熊","0","2","2"
"于是把他贬","0","2","2"
"任命为行人","0","2","2"
"被皇帝下诏","0","2","2"
"冯保的心腹","0","2","2"
"而怀恨在心","0","2","2"
"迎合张居正","0","2","2"
"然后遣送回","0","2","2"
"揭发了这件","0","2","2"
"发了这件事","0","2","2"
"暴虐的情形","0","2","2"
"巡抚巡按官","0","2","2"
"被定罪贬职","0","2","2"
"孙玮多次上","0","2","2"
"玮多次上疏","0","2","2"
"次上疏陈述","0","2","2"
"提拔为户部","0","2","2"
"命令他代理","0","2","2"
"以担当重任","0","2","2"
"到万历四十","0","2","2"
"左都御史的","0","2","2"
"御史的事情","0","2","2"
"多次上疏乞","0","2","2"
"年征召授职","0","2","2"
"交给法律部","0","2","2"
"给法律部门","0","2","2"
"以年老多病","0","2","2"
"辅臣刘一火","0","2","2"
"勤奋学习以","0","2","2"
"掌握国家大","0","2","2"
"握国家大权","0","2","2"
"魏忠贤当权","0","2","2"
"皇上下诏将","0","2","2"
"万多两银子","0","2","2"
"子的罪过没","0","2","2"
"大臣贪财但","0","2","2"
"臣贪财但朝","0","2","2"
"下诏让有关","0","2","2"
"曾提过意见","0","2","2"
"历二十年正","0","2","2"
"李献可等人","0","2","2"
"住了近三十","0","2","2"
"了近三十年","0","2","2"
"冯从吾当左","0","2","2"
"从吾当左副","0","2","2"
"吾当左副都","0","2","2"
"当左副都御","0","2","2"
"方从哲进献","0","2","2"
"的罪责不明","0","2","2"
"导致丧失了","0","2","2"
"攻击邹元标","0","2","2"
"于是请求退","0","2","2"
"是请求退休","0","2","2"
"请求离职更","0","2","2"
"离职更加坚","0","2","2"
"了他的官级","0","2","2"
"任广西布政","0","2","2"
"为礼部祠祭","0","2","2"
"卢洪春上疏","0","2","2"
"十五日以后","0","2","2"
"陛下正值壮","0","2","2"
"下正值壮年","0","2","2"
"造成的危害","0","2","2"
"严厉的谴责","0","2","2"
"希望陛下以","0","2","2"
"派遣官员的","0","2","2"
"议论挽救他","0","2","2"
"受到严厉的","0","2","2"
"人分别不同","0","2","2"
"很久之后才","0","2","2"
"以此来安慰","0","2","2"
"把他们全都","0","2","2"
"担任言官的","0","2","2"
"勾结扰乱朝","0","2","2"
"结扰乱朝政","0","2","2"
"意想不到的","0","2","2"
"以为在朝廷","0","2","2"
"百工技艺之","0","2","2"
"工技艺之人","0","2","2"
"有可以说的","0","2","2"
"自己的过失","0","2","2"
"国家的祸害","0","2","2"
"又轮流上疏","0","2","2"
"因父母丧礼","0","2","2"
"多次被推荐","0","2","2"
"升为南京兵","0","2","2"
"及他的同党","0","2","2"
"担任原官职","0","2","2"
"极力营救他","0","2","2"
"陛下富有四","0","2","2"
"下富有四海","0","2","2"
"圣德的损害","0","2","2"
"给事中唐尧","0","2","2"
"时行等人请","0","2","2"
"行等人请求","0","2","2"
"给事中薛三","0","2","2"
"后死在家中","0","2","2"
"不检举揭发","0","2","2"
"御史夏之臣","0","2","2"
"伯费甲金的","0","2","2"
"满朝廷臣都","0","2","2"
"皇帝都不采","0","2","2"
"帝都不采纳","0","2","2"
"又特别上疏","0","2","2"
"都剥夺官职","0","2","2"
"所起的作用","0","2","2"
"自己的耳目","0","2","2"
"还有什么话","0","2","2"
"已有多年了","0","2","2"
"言官却不曾","0","2","2"
"言官说了却","0","2","2"
"官说了却不","0","2","2"
"说了却不能","0","2","2"
"了却不能坚","0","2","2"
"却不能坚持","0","2","2"
"让陛下不能","0","2","2"
"陛下不能像","0","2","2"
"下不能像祖","0","2","2"
"不能像祖宗","0","2","2"
"能像祖宗那","0","2","2"
"像祖宗那样","0","2","2"
"远离奸邪的","0","2","2"
"离奸邪的人","0","2","2"
"他们的职位","0","2","2"
"有什么脸面","0","2","2"
"治理天下的","0","2","2"
"天下的事情","0","2","2"
"同寻常的灾","0","2","2"
"不知道陛下","0","2","2"
"陛下难道不","0","2","2"
"工科都给事","0","2","2"
"提建议有罪","0","2","2"
"建议有罪呢","0","2","2"
"则臣等不难","0","2","2"
"春于是称病","0","2","2"
"被贬为泽州","0","2","2"
"贬为泽州判","0","2","2"
"为泽州判官","0","2","2"
"上疏陈述时","0","2","2"
"差一点死了","0","2","2"
"调任南京国","0","2","2"
"负责司业的","0","2","2"
"责司业的事","0","2","2"
"叶向高上疏","0","2","2"
"拔为南京礼","0","2","2"
"改任吏部右","0","2","2"
"陈述矿税的","0","2","2"
"述矿税的危","0","2","2"
"又请求罢免","0","2","2"
"沈一贯极力","0","2","2"
"叶向高进入","0","2","2"
"于慎行已经","0","2","2"
"于是叶向高","0","2","2"
"成为唯一的","0","2","2"
"为唯一的宰","0","2","2"
"唯一的宰相","0","2","2"
"德高望重而","0","2","2"
"东宫太子停","0","2","2"
"宫太子停止","0","2","2"
"太子停止讲","0","2","2"
"臣多次请求","0","2","2"
"次请求恢复","0","2","2"
"从此之后每","0","2","2"
"请求皇帝让","0","2","2"
"让福王回封","0","2","2"
"相上疏请求","0","2","2"
"于是进言说","0","2","2"
"四万顷庄田","0","2","2"
"援引祖宗的","0","2","2"
"引祖宗的制","0","2","2"
"有这样的事","0","2","2"
"皇帝回答说","0","2","2"
"现在皇太子","0","2","2"
"于是上疏道","0","2","2"
"虽然还没有","0","2","2"
"子之间的情","0","2","2"
"和皇上见面","0","2","2"
"上疏攻击郑","0","2","2"
"叶向高的奏","0","2","2"
"向高的奏疏","0","2","2"
"扣留在禁中","0","2","2"
"皇帝完全采","0","2","2"
"帝完全采纳","0","2","2"
"宫门前请求","0","2","2"
"一定不会安","0","2","2"
"定不会安宁","0","2","2"
"也一定不会","0","2","2"
"动乱的根源","0","2","2"
"天比一天败","0","2","2"
"比一天败坏","0","2","2"
"成持重的大","0","2","2"
"持重的大臣","0","2","2"
"担心国家的","0","2","2"
"国家的危亡","0","2","2"
"皇帝心知他","0","2","2"
"却不能实行","0","2","2"
"请求增加阁","0","2","2"
"求增加阁臣","0","2","2"
"等到吏部尚","0","2","2"
"孙丕扬因为","0","2","2"
"请求留用他","0","2","2"
"皇帝多次下","0","2","2"
"我多次请求","0","2","2"
"次请求辞职","0","2","2"
"国家的治乱","0","2","2"
"奏章不下发","0","2","2"
"皇帝还不觉","0","2","2"
"报告水旱灾","0","2","2"
"从去年秋天","0","2","2"
"历四十年春","0","2","2"
"皇帝每次都","0","2","2"
"一定不能都","0","2","2"
"的官员不能","0","2","2"
"圣明的帝王","0","2","2"
"用这种方法","0","2","2"
"达一月之久","0","2","2"
"的时间更长","0","2","2"
"像先前一样","0","2","2"
"叶向高主持","0","2","2"
"奇怪的事情","0","2","2"
"定他们的去","0","2","2"
"他们的去留","0","2","2"
"皇帝下诏不","0","2","2"
"同意他离职","0","2","2"
"加封少保兼","0","2","2"
"封少傅兼太","0","2","2"
"加封少师兼","0","2","2"
"封少师兼太","0","2","2"
"赏赐白金百","0","2","2"
"赐白金百两","0","2","2"
"他们二人的","0","2","2"
"下诏令部院","0","2","2"
"皇帝不理睬","0","2","2"
"从大局出发","0","2","2"
"核官吏的大","0","2","2"
"官吏的大典","0","2","2"
"不遗余力地","0","2","2"
"叶向高离职","0","2","2"
"下诏催促他","0","2","2"
"有不同意的","0","2","2"
"发放国库银","0","2","2"
"银二百万两","0","2","2"
"全国人民都","0","2","2"
"国家得到治","0","2","2"
"家得到治理","0","2","2"
"也极力请求","0","2","2"
"力请求离职","0","2","2"
"不久刑部尚","0","2","2"
"久刑部尚书","0","2","2"
"尚书王纪被","0","2","2"
"为人光明磊","0","2","2"
"人光明磊落","0","2","2"
"二次当宰相","0","2","2"
"把他派往外","0","2","2"
"他派往外地","0","2","2"
"皇上将要把","0","2","2"
"上将要把他","0","2","2"
"只是剥夺了","0","2","2"
"中陈良训上","0","2","2"
"陈良训上疏","0","2","2"
"令将他下狱","0","2","2"
"以辞职相争","0","2","2"
"天启四年四","0","2","2"
"启四年四月","0","2","2"
"事中傅魁弹","0","2","2"
"中傅魁弹劾","0","2","2"
"傅魁弹劾左","0","2","2"
"魁弹劾左光","0","2","2"
"弹劾左光斗","0","2","2"
"利用职权接","0","2","2"
"用职权接受","0","2","2"
"职权接受贿","0","2","2"
"权接受贿赂","0","2","2"
"光斗等人勾","0","2","2"
"斗等人勾结","0","2","2"
"等人勾结汪","0","2","2"
"人勾结汪文","0","2","2"
"任用汪文言","0","2","2"
"而宽免其他","0","2","2"
"东林党人的","0","2","2"
"等人都没有","0","2","2"
"杨涟上疏弹","0","2","2"
"涟上疏弹劾","0","2","2"
"魏忠贤的二","0","2","2"
"忠贤的二十","0","2","2"
"贤的二十四","0","2","2"
"的二十四大","0","2","2"
"十四大罪状","0","2","2"
"叶向高认为","0","2","2"
"并不能轻易","0","2","2"
"忠贤不高兴","0","2","2"
"势力还很强","0","2","2"
"已无能为力","0","2","2"
"达二十多次","0","2","2"
"职更加坚决","0","2","2"
"叶向高被罢","0","2","2"
"向高被罢免","0","2","2"
"高被罢免后","0","2","2"
"十五年京官","0","2","2"
"五年京官考","0","2","2"
"人执掌朝政","0","2","2"
"当时内阁只","0","2","2"
"时内阁只有","0","2","2"
"各位大臣在","0","2","2"
"着皇长子的","0","2","2"
"叩头高呼万","0","2","2"
"头高呼万岁","0","2","2"
"今天是什么","0","2","2"
"天是什么日","0","2","2"
"是什么日子","0","2","2"
"于是刘一燝","0","2","2"
"的人得到任","0","2","2"
"人得到任用","0","2","2"
"很多廷臣都","0","2","2"
"多廷臣都请","0","2","2"
"廷臣都请求","0","2","2"
"起用熊廷弼","0","2","2"
"于治理国家","0","2","2"
"他们的过失","0","2","2"
"全部交给各","0","2","2"
"部交给各部","0","2","2"
"皇帝发火了","0","2","2"
"散布流言蜚","0","2","2"
"布流言蜚语","0","2","2"
"李选侍移宫","0","2","2"
"史贾继春于","0","2","2"
"贾继春于是","0","2","2"
"安抚李选侍","0","2","2"
"并且怀疑他","0","2","2"
"皇上刚刚即","0","2","2"
"上刚刚即位","0","2","2"
"一定要杀死","0","2","2"
"被魏忠贤排","0","2","2"
"魏忠贤排挤","0","2","2"
"将奏疏交给","0","2","2"
"疏交给内阁","0","2","2"
"按规矩不应","0","2","2"
"它作为自己","0","2","2"
"刘一燝援引","0","2","2"
"而被贬谪的","0","2","2"
"都上疏营救","0","2","2"
"言官交相上","0","2","2"
"于是极力诋","0","2","2"
"是极力诋毁","0","2","2"
"极力诋毁刘","0","2","2"
"皇帝很愤怒","0","2","2"
"次上书营救","0","2","2"
"轮流上书弹","0","2","2"
"流上书弹劾","0","2","2"
"上书弹劾刘","0","2","2"
"上疏极力攻","0","2","2"
"皇帝已经安","0","2","2"
"帝已经安慰","0","2","2"
"已经安慰挽","0","2","2"
"经安慰挽留","0","2","2"
"再次弹劾他","0","2","2"
"四次上疏请","0","2","2"
"方从哲离职","0","2","2"
"有保卫国家","0","2","2"
"保卫国家的","0","2","2"
"卫国家的功","0","2","2"
"国家的功劳","0","2","2"
"皇帝又一次","0","2","2"
"天启二年三","0","2","2"
"启二年三月","0","2","2"
"于是命令让","0","2","2"
"刘一山献的","0","2","2"
"假传圣旨指","0","2","2"
"传圣旨指责","0","2","2"
"刘一燝的官","0","2","2"
"一燝的官衔","0","2","2"
"下诏恢复刘","0","2","2"
"派遣官员慰","0","2","2"
"官员慰问他","0","2","2"
"崇祯八年去","0","2","2"
"祯八年去世","0","2","2"
"韩爌和刘一","0","2","2"
"爌和刘一燝","0","2","2"
"为辅佐皇帝","0","2","2"
"加封韩爌为","0","2","2"
"于是命令客","0","2","2"
"没有统一的","0","2","2"
"年八月初一","0","2","2"
"在二十四日","0","2","2"
"自称有仙丹","0","2","2"
"先帝的陵墓","0","2","2"
"李可灼自称","0","2","2"
"可灼自称有","0","2","2"
"灼自称有仙","0","2","2"
"跟他一起进","0","2","2"
"帝高兴地说","0","2","2"
"李可灼出来","0","2","2"
"难道就没有","0","2","2"
"不知道当时","0","2","2"
"实际情况详","0","2","2"
"先帝临终前","0","2","2"
"帝的在天之","0","2","2"
"的在天之灵","0","2","2"
"向朝廷内外","0","2","2"
"的人不要让","0","2","2"
"到杨涟弹劾","0","2","2"
"二十四条大","0","2","2"
"十四条大罪","0","2","2"
"四条大罪状","0","2","2"
"巴结魏忠贤","0","2","2"
"更加嚣张了","0","2","2"
"皇帝的雷霆","0","2","2"
"帝的雷霆之","0","2","2"
"皇上不过问","0","2","2"
"想弥补过失","0","2","2"
"过失也没有","0","2","2"
"皇帝处理政","0","2","2"
"帝处理政务","0","2","2"
"处理政务的","0","2","2"
"政务的大臣","0","2","2"
"为顾命大臣","0","2","2"
"魏忠贤和他","0","2","2"
"忠贤和他的","0","2","2"
"更加怀恨他","0","2","2"
"代替他成为","0","2","2"
"替他成为首","0","2","2"
"他成为首辅","0","2","2"
"忠贤的私党","0","2","2"
"天启五年七","0","2","2"
"启五年七月","0","2","2"
"李鲁生弹劾","0","2","2"
"他窝藏赃款","0","2","2"
"人争相请求","0","2","2"
"让他的一个","0","2","2"
"殿批阅奏章","0","2","2"
"皇帝立即下","0","2","2"
"下诏让百官","0","2","2"
"崇祯二年正","0","2","2"
"祯二年正月","0","2","2"
"也上疏攻击","0","2","2"
"有什么补益","0","2","2"
"不可以拿结","0","2","2"
"可以拿结党","0","2","2"
"以拿结党拉","0","2","2"
"拿结党拉派","0","2","2"
"结党拉派来","0","2","2"
"又率领同事","0","2","2"
"惩处魏忠贤","0","2","2"
"处魏忠贤的","0","2","2"
"钱龙锡一起","0","2","2"
"上疏请求收","0","2","2"
"当时辽东战","0","2","2"
"科给事中徐","0","2","2"
"以解除人民","0","2","2"
"解除人民的","0","2","2"
"节省下来的","0","2","2"
"王永光极力","0","2","2"
"再次上疏争","0","2","2"
"皇帝正在宠","0","2","2"
"帝正在宠幸","0","2","2"
"不接受他的","0","2","2"
"接受他的意","0","2","2"
"受他的意见","0","2","2"
"论边防事务","0","2","2"
"攻击钱龙锡","0","2","2"
"下诏赐给他","0","2","2"
"赐给他白金","0","2","2"
"选拔的官员","0","2","2"
"民都称颂他","0","2","2"
"都称颂他的","0","2","2"
"了他的孙子","0","2","2"
"年纪八十岁","0","2","2"
"被沈惟敬的","0","2","2"
"给巡按御史","0","2","2"
"郑国泰请求","0","2","2"
"不能参与政","0","2","2"
"封为皇太子","0","2","2"
"狄道发生山","0","2","2"
"道发生山崩","0","2","2"
"巡抚陈用宾","0","2","2"
"他转任左侍","0","2","2"
"弹劾他纵酒","0","2","2"
"阁参与机密","0","2","2"
"他又被加封","0","2","2"
"合皇帝旨意","0","2","2"
"旨意而受到","0","2","2"
"下诏不允许","0","2","2"
"上了十三道","0","2","2"
"了十三道奏","0","2","2"
"上下诏加封","0","2","2"
"诏加封他为","0","2","2"
"挥佥事的职","0","2","2"
"佥事的职位","0","2","2"
"有大将的才","0","2","2"
"大将的才干","0","2","2"
"大举进攻永","0","2","2"
"李成梁前往","0","2","2"
"成梁前往救","0","2","2"
"梁前往救援","0","2","2"
"李成梁迎击","0","2","2"
"是大规模地","0","2","2"
"打跑了他们","0","2","2"
"荫封李成梁","0","2","2"
"封李成梁世","0","2","2"
"李成梁世代","0","2","2"
"了一年的十","0","2","2"
"一年的十月","0","2","2"
"梁将其击退","0","2","2"
"追击敌人到","0","2","2"
"李成梁打退","0","2","2"
"成梁打退了","0","2","2"
"梁打退了他","0","2","2"
"李成梁传令","0","2","2"
"成梁传令副","0","2","2"
"梁传令副将","0","2","2"
"传令副将杨","0","2","2"
"令副将杨腾","0","2","2"
"王惟屏分兵","0","2","2"
"惟屏分兵驻","0","2","2"
"屏分兵驻守","0","2","2"
"分兵驻守军","0","2","2"
"兵驻守军事","0","2","2"
"驻守军事要","0","2","2"
"守军事要地","0","2","2"
"而命令参将","0","2","2"
"命令参将曹","0","2","2"
"从四面包围","0","2","2"
"敌人狼狈逃","0","2","2"
"人狼狈逃窜","0","2","2"
"用火器攻打","0","2","2"
"如同下雨一","0","2","2"
"同下雨一般","0","2","2"
"敌人的营防","0","2","2"
"荫封为都指","0","2","2"
"受到重大打","0","2","2"
"到重大打击","0","2","2"
"万历三年春","0","2","2"
"向敌人挑战","0","2","2"
"追赶敌人到","0","2","2"
"敌人数以千","0","2","2"
"人数以千计","0","2","2"
"加封李成梁","0","2","2"
"李成梁为太","0","2","2"
"代荫封为锦","0","2","2"
"荫封为锦衣","0","2","2"
"俘四百七十","0","2","2"
"担任指挥佥","0","2","2"
"把他们杀死","0","2","2"
"是请求皇帝","0","2","2"
"已投降的敌","0","2","2"
"投降的敌人","0","2","2"
"所说的一致","0","2","2"
"一起被授予","0","2","2"
"派遣各将分","0","2","2"
"遣各将分别","0","2","2"
"各将分别驻","0","2","2"
"将分别驻守","0","2","2"
"要害地带来","0","2","2"
"自己亲自率","0","2","2"
"己亲自率领","0","2","2"
"出塞二百多","0","2","2"
"塞二百多里","0","2","2"
"跑到塞外去","0","2","2"
"万历七年十","0","2","2"
"历七年十月","0","2","2"
"自己率领参","0","2","2"
"己率领参将","0","2","2"
"从此一蹶不","0","2","2"
"此一蹶不振","0","2","2"
"领轻骑兵从","0","2","2"
"加每年的俸","0","2","2"
"世代的荫封","0","2","2"
"人于是大肆","0","2","2"
"没有涉及到","0","2","2"
"痛哭着离开","0","2","2"
"哭着离开了","0","2","2"
"为锦衣指挥","0","2","2"
"增加每年俸","0","2","2"
"加每年俸禄","0","2","2"
"年俸禄一百","0","2","2"
"荫封为指挥","0","2","2"
"年的十二月","0","2","2"
"二千多骑兵","0","2","2"
"人不接受招","0","2","2"
"清佳纈的儿","0","2","2"
"佳纈的儿子","0","2","2"
"全部被歼灭","0","2","2"
"荫封指挥佥","0","2","2"
"封指挥佥事","0","2","2"
"以儿邓等人","0","2","2"
"荫封锦衣卫","0","2","2"
"封锦衣卫指","0","2","2"
"刮起了大风","0","2","2"
"将士冒死冲","0","2","2"
"士冒死冲锋","0","2","2"
"领二十四人","0","2","2"
"逐渐强盛起","0","2","2"
"渐强盛起来","0","2","2"
"斩首五百多","0","2","2"
"兵又进犯平","0","2","2"
"人大肆抢劫","0","2","2"
"万骑兵深入","0","2","2"
"计划捣毁敌","0","2","2"
"和敌人遭遇","0","2","2"
"死亡数千人","0","2","2"
"李成梁和总","0","2","2"
"报告这件事","0","2","2"
"的欺骗行为","0","2","2"
"奏疏虽然没","0","2","2"
"疏虽然没有","0","2","2"
"安心于本职","0","2","2"
"心于本职工","0","2","2"
"于本职工作","0","2","2"
"朝廷拜见皇","0","2","2"
"継拜在宁夏","0","2","2"
"拜在宁夏反","0","2","2"
"在宁夏反叛","0","2","2"
"梁镇守辽东","0","2","2"
"到郊庙祭告","0","2","2"
"赏赐的蟒衣","0","2","2"
"从未有过的","0","2","2"
"侵吞公家财","0","2","2"
"的利益全部","0","2","2"
"得不到伸张","0","2","2"
"先后担任过","0","2","2"
"杂税剥削人","0","2","2"
"税剥削人民","0","2","2"
"命令李成梁","0","2","2"
"李成梁再次","0","2","2"
"成梁再次镇","0","2","2"
"梁再次镇守","0","2","2"
"再次镇守辽","0","2","2"
"次镇守辽东","0","2","2"
"七十六岁了","0","2","2"
"带来的利益","0","2","2"
"在万历初年","0","2","2"
"议将孤山堡","0","2","2"
"将孤山堡移","0","2","2"
"到万历三十","0","2","2"
"自己的故土","0","2","2"
"的人到处都","0","2","2"
"调查的结果","0","2","2"
"终年九十岁","0","2","2"
"是李成梁的","0","2","2"
"给事中黄道","0","2","2"
"申时行请求","0","2","2"
"时行请求皇","0","2","2"
"弹劾李如松","0","2","2"
"弟弟李如柏","0","2","2"
"皇帝没有接","0","2","2"
"帝没有接受","0","2","2"
"得不可开交","0","2","2"
"于是弹劾李","0","2","2"
"并且批评王","0","2","2"
"帝剥夺了他","0","2","2"
"是命令李如","0","2","2"
"推举李如松","0","2","2"
"李如松为提","0","2","2"
"如松为提督","0","2","2"
"攀登云梯攻","0","2","2"
"登云梯攻城","0","2","2"
"于是决心用","0","2","2"
"前往勾结河","0","2","2"
"往勾结河套","0","2","2"
"却偷偷地派","0","2","2"
"派精锐部队","0","2","2"
"刘承嗣等人","0","2","2"
"如松提督蓟","0","2","2"
"以大同江为","0","2","2"
"大同江为界","0","2","2"
"地袭击他们","0","2","2"
"以为是授封","0","2","2"
"为是授封的","0","2","2"
"是授封的使","0","2","2"
"授封的使者","0","2","2"
"登上城墙拒","0","2","2"
"李如松率领","0","2","2"
"行长渡过大","0","2","2"
"长渡过大同","0","2","2"
"渡过大同江","0","2","2"
"一起收复了","0","2","2"
"连取得胜利","0","2","2"
"敌人才退却","0","2","2"
"放火焚烧了","0","2","2"
"书石星极力","0","2","2"
"极力主张授","0","2","2"
"疏极力争论","0","2","2"
"皇帝的知遇","0","2","2"
"蛮进犯辽东","0","2","2"
"提升为大同","0","2","2"
"万历十年冬","0","2","2"
"历十年冬天","0","2","2"
"封为顺义王","0","2","2"
"部将马孔英","0","2","2"
"的增援部队","0","2","2"
"敢再出来了","0","2","2"
"卜失兔等人","0","2","2"
"获首级一百","0","2","2"
"贼全部被平","0","2","2"
"敌人的零散","0","2","2"
"总兵萧如薰","0","2","2"
"二百三十多","0","2","2"
"俘虏四百多","0","2","2"
"虏四百多人","0","2","2"
"马驼牛羊一","0","2","2"
"不久因病回","0","2","2"
"久因病回家","0","2","2"
"倭寇已经进","0","2","2"
"寇已经进入","0","2","2"
"守将杨元逃","0","2","2"
"倭寇将领行","0","2","2"
"寇将领行长","0","2","2"
"专门攻打清","0","2","2"
"门攻打清正","0","2","2"
"并将他们击","0","2","2"
"包围了十天","0","2","2"
"却向朝廷报","0","2","2"
"正好平秀吉","0","2","2"
"好平秀吉死","0","2","2"
"麻贵于是进","0","2","2"
"贵于是进入","0","2","2"
"于是进入岛","0","2","2"
"是进入岛山","0","2","2"
"千二百多人","0","2","2"
"等人害怕了","0","2","2"
"三万骑兵进","0","2","2"
"下诏让他乘","0","2","2"
"诏让他乘驿","0","2","2"
"崇祯年间授","0","2","2"
"献忠攻陷襄","0","2","2"
"忠攻陷襄阳","0","2","2"
"中乡试举人","0","2","2"
"崇祯六年冬","0","2","2"
"与李自成相","0","2","2"
"为乱刀杀死","0","2","2"
"写在墙壁上","0","2","2"
"为农民起义","0","2","2"
"率数十万大","0","2","2"
"数十万大军","0","2","2"
"义军派人来","0","2","2"
"保定府清苑","0","2","2"
"定府清苑县","0","2","2"
"府清苑县人","0","2","2"
"曹于汴为师","0","2","2"
"行称著于世","0","2","2"
"陈献章的学","0","2","2"
"献章的学问","0","2","2"
"起义军攻陷","0","2","2"
"乡试举人而","0","2","2"
"民反对朝廷","0","2","2"
"崇祯年间为","0","2","2"
"义军的攻击","0","2","2"
"获义军首领","0","2","2"
"府长洲县人","0","2","2"
"恭敬地侍奉","0","2","2"
"他都不去就","0","2","2"
"苏州府吴县","0","2","2"
"州府吴县人","0","2","2"
"经维德诊视","0","2","2"
"有什么东西","0","2","2"
"洪武七年逝","0","2","2"
"武七年逝世","0","2","2"
"陈友谅占据","0","2","2"
"从此以后多","0","2","2"
"太祖十分惊","0","2","2"
"诸将士争着","0","2","2"
"太祖准备征","0","2","2"
"征伐陈友谅","0","2","2"
"一会儿大风","0","2","2"
"太祖厌恶他","0","2","2"
"早晚会发生","0","2","2"
"与陈友谅大","0","2","2"
"陈友谅大战","0","2","2"
"友谅大战于","0","2","2"
"后果然如此","0","2","2"
"推算差错一","0","2","2"
"有一天忽然","0","2","2"
"遣给事中胡","0","2","2"
"病果然好了","0","2","2"
"九年任期满","0","2","2"
"管理神庙的","0","2","2"
"理神庙的人","0","2","2"
"人向皇帝进","0","2","2"
"交司法官问","0","2","2"
"司法官问罪","0","2","2"
"十分器重他","0","2","2"
"得到原礼的","0","2","2"
"到原礼的医","0","2","2"
"原礼的医书","0","2","2"
"头昏脑胀病","0","2","2"
"于是授为御","0","2","2"
"是授为御医","0","2","2"
"帝更加高兴","0","2","2"
"这位江湖医","0","2","2"
"位江湖医生","0","2","2"
"精通天文历","0","2","2"
"大队人马来","0","2","2"
"得到了安南","0","2","2"
"常州府武进","0","2","2"
"州府武进人","0","2","2"
"被召至京师","0","2","2"
"在皇帝左右","0","2","2"
"死无葬身之","0","2","2"
"无葬身之地","0","2","2"
"我的病治不","0","2","2"
"的病治不好","0","2","2"
"病治不好了","0","2","2"
"享年七十七","0","2","2"
"有精深研究","0","2","2"
"边疆有战事","0","2","2"
"学向朝廷举","0","2","2"
"被贬谪戍边","0","2","2"
"祯十七年二","0","2","2"
"人心更加惶","0","2","2"
"心更加惶惶","0","2","2"
"更加惶惶不","0","2","2"
"加惶惶不安","0","2","2"
"义军大队人","0","2","2"
"军大队人马","0","2","2"
"因被诬陷而","0","2","2"
"射书入城劝","0","2","2"
"书入城劝降","0","2","2"
"皇帝都予以","0","2","2"
"李自成攻下","0","2","2"
"授潍县知县","0","2","2"
"年升为南京","0","2","2"
"京之科道官","0","2","2"
"他是东林党","0","2","2"
"削夺其官职","0","2","2"
"后来才揭发","0","2","2"
"贤还是不肖","0","2","2"
"弹劾南京兵","0","2","2"
"后调任浙江","0","2","2"
"张献忠进攻","0","2","2"
"任河南右布","0","2","2"
"当地长官不","0","2","2"
"这时四川已","0","2","2"
"为张献忠所","0","2","2"
"崇祯年间任","0","2","2"
"为山西佥事","0","2","2"
"张献忠占领","0","2","2"
"献忠占领四","0","2","2"
"忠占领四川","0","2","2"
"为农民军所","0","2","2"
"为川东兵备","0","2","2"
"农民军转攻","0","2","2"
"解成都之围","0","2","2"
"曹变蛟是曹","0","2","2"
"变蛟是曹文","0","2","2"
"蛟是曹文诏","0","2","2"
"是曹文诏的","0","2","2"
"曹文诏的侄","0","2","2"
"文诏的侄子","0","2","2"
"功做到游击","0","2","2"
"被提升为参","0","2","2"
"廷听从了他","0","2","2"
"军进入湖广","0","2","2"
"被发配充军","0","2","2"
"病回家去了","0","2","2"
"山西的贼兵","0","2","2"
"在战斗中死","0","2","2"
"战斗中死去","0","2","2"
"推荐他做了","0","2","2"
"做了副总兵","0","2","2"
"在关山镇打","0","2","2"
"关山镇打败","0","2","2"
"南部的平原","0","2","2"
"城打败了他","0","2","2"
"贼兵向西逃","0","2","2"
"又击败了他","0","2","2"
"打算进犯西","0","2","2"
"算进犯西安","0","2","2"
"于是逃走了","0","2","2"
"与贼兵相遇","0","2","2"
"发誓要消灭","0","2","2"
"兵几乎全部","0","2","2"
"不敢大肆逞","0","2","2"
"三十多个州","0","2","2"
"了四正六隅","0","2","2"
"四正六隅的","0","2","2"
"让他们戴罪","0","2","2"
"他们戴罪办","0","2","2"
"承畴命令变","0","2","2"
"畴命令变蛟","0","2","2"
"的势力还很","0","2","2"
"同党祁总管","0","2","2"
"的平原地带","0","2","2"
"尸体横七竖","0","2","2"
"体横七竖八","0","2","2"
"横七竖八地","0","2","2"
"提升他做了","0","2","2"
"升他做了左","0","2","2"
"做了左都督","0","2","2"
"去保卫京师","0","2","2"
"帝派使者前","0","2","2"
"没有什么战","0","2","2"
"心才安定下","0","2","2"
"这时张献忠","0","2","2"
"罗汝才投降","0","2","2"
"督洪承畴出","0","2","2"
"遇上大清部","0","2","2"
"上大清部队","0","2","2"
"士十五万人","0","2","2"
"承畴的意见","0","2","2"
"部下的精兵","0","2","2"
"一起驻扎在","0","2","2"
"催促承畴出","0","2","2"
"促承畴出兵","0","2","2"
"已很长时间","0","2","2"
"代了他的职","0","2","2"
"文皇帝亲自","0","2","2"
"运送粮草的","0","2","2"
"败的消息后","0","2","2"
"增援部队都","0","2","2"
"为他们建立","0","2","2"
"他们建立祠","0","2","2"
"们建立祠庙","0","2","2"
"追赠他为荣","0","2","2"
"巡抚毕自肃","0","2","2"
"毕自肃自杀","0","2","2"
"文诏前去援","0","2","2"
"庄烈帝诏令","0","2","2"
"很小的时候","0","2","2"
"打仗都能立","0","2","2"
"良玉率领昌","0","2","2"
"玉率领昌平","0","2","2"
"率领昌平军","0","2","2"
"廷诏令他到","0","2","2"
"了许多敌人","0","2","2"
"良玉在涉县","0","2","2"
"于是向西逃","0","2","2"
"是向西逃跑","0","2","2"
"廷命令他率","0","2","2"
"的势力已经","0","2","2"
"做援剿总兵","0","2","2"
"杀了很多贼","0","2","2"
"接连打败他","0","2","2"
"帝报告了这","0","2","2"
"报告了这件","0","2","2"
"告了这件事","0","2","2"
"四川的兵力","0","2","2"
"由此产生了","0","2","2"
"很多投降过","0","2","2"
"多投降过来","0","2","2"
"降过来的将","0","2","2"
"过来的将领","0","2","2"
"自己的势力","0","2","2"
"征调他的军","0","2","2"
"调他的军队","0","2","2"
"同敌军相遇","0","2","2"
"命令各位将","0","2","2"
"令各位将领","0","2","2"
"于是越过卢","0","2","2"
"是越过卢氏","0","2","2"
"到了郏县的","0","2","2"
"命令自己的","0","2","2"
"良玉同罗岱","0","2","2"
"的军队抵达","0","2","2"
"河打败敌人","0","2","2"
"朝廷责令他","0","2","2"
"多次打败敌","0","2","2"
"两地的敌军","0","2","2"
"极力催促他","0","2","2"
"时敌军已经","0","2","2"
"是假装投降","0","2","2"
"安置在许州","0","2","2"
"讨伐河南的","0","2","2"
"夺当地百姓","0","2","2"
"上书报告朝","0","2","2"
"进忠投降了","0","2","2"
"跟在他的后","0","2","2"
"队缺乏粮食","0","2","2"
"弃了成千上","0","2","2"
"了成千上万","0","2","2"
"成千上万的","0","2","2"
"被贬官三级","0","2","2"
"师杨嗣昌推","0","2","2"
"杨嗣昌推荐","0","2","2"
"了平贼将军","0","2","2"
"等人统辖的","0","2","2"
"联合各路军","0","2","2"
"合各路军队","0","2","2"
"献忠失败逃","0","2","2"
"于是请求从","0","2","2"
"进入四川境","0","2","2"
"郑崇俭率领","0","2","2"
"不是好计策","0","2","2"
"敌军进入四","0","2","2"
"兵力分散势","0","2","2"
"力分散势力","0","2","2"
"分散势力就","0","2","2"
"不能制止他","0","2","2"
"良玉驻扎在","0","2","2"
"的功劳第一","0","2","2"
"营相连有一","0","2","2"
"相连有一百","0","2","2"
"连有一百多","0","2","2"
"一百多里长","0","2","2"
"过了很长一","0","2","2"
"白羊山向西","0","2","2"
"羊山向西逃","0","2","2"
"平贼将军的","0","2","2"
"贼将军的大","0","2","2"
"玛瑙山的捷","0","2","2"
"瑙山的捷报","0","2","2"
"在敌军后面","0","2","2"
"自己从小路","0","2","2"
"从小路出梓","0","2","2"
"小路出梓潼","0","2","2"
"用他的计策","0","2","2"
"追击贼寇到","0","2","2"
"献忠登上高","0","2","2"
"忠登上高处","0","2","2"
"木的山谷中","0","2","2"
"后悔没有采","0","2","2"
"悔没有采纳","0","2","2"
"没有采纳元","0","2","2"
"有采纳元吉","0","2","2"
"采纳元吉的","0","2","2"
"纳元吉的建","0","2","2"
"就骄傲起来","0","2","2"
"平定贼寇了","0","2","2"
"朝廷于是把","0","2","2"
"尚书侯恂从","0","2","2"
"书侯恂从狱","0","2","2"
"侯恂从狱中","0","2","2"
"出十五万两","0","2","2"
"十五万两银","0","2","2"
"五万两银子","0","2","2"
"不计其数的","0","2","2"
"开封失陷后","0","2","2"
"有什么收获","0","2","2"
"来归附他的","0","2","2"
"自己的亲兵","0","2","2"
"乘胜来攻打","0","2","2"
"来攻打良玉","0","2","2"
"的皇亲国戚","0","2","2"
"百姓纷纷逃","0","2","2"
"左良玉的军","0","2","2"
"心才稳定下","0","2","2"
"才稳定下来","0","2","2"
"见到庄烈帝","0","2","2"
"讨厌他们奸","0","2","2"
"厌他们奸淫","0","2","2"
"自己的缘故","0","2","2"
"碰上张献忠","0","2","2"
"十里的地方","0","2","2"
"襄阳一带的","0","2","2"
"他的儿子梦","0","2","2"
"的儿子梦庚","0","2","2"
"又命令给事","0","2","2"
"促他出兵作","0","2","2"
"他出兵作战","0","2","2"
"还没有得到","0","2","2"
"良玉部下的","0","2","2"
"荫封他一个","0","2","2"
"封他一个儿","0","2","2"
"他们的子孙","0","2","2"
"的子孙世袭","0","2","2"
"长江上游的","0","2","2"
"利用这个时","0","2","2"
"声震天动地","0","2","2"
"远远赶不上","0","2","2"
"大都是一些","0","2","2"
"不能很好地","0","2","2"
"这时良玉已","0","2","2"
"时良玉已经","0","2","2"
"的各种事情","0","2","2"
"清除皇上身","0","2","2"
"除皇上身边","0","2","2"
"上身边的坏","0","2","2"
"身边的坏人","0","2","2"
"来太子一事","0","2","2"
"与自己结盟","0","2","2"
"百多里长的","0","2","2"
"的病情已经","0","2","2"
"病情已经很","0","2","2"
"从袖中拿出","0","2","2"
"这天夜里就","0","2","2"
"朝廷传令让","0","2","2"
"廷传令让黄","0","2","2"
"继咸到池州","0","2","2"
"就秘密上书","0","2","2"
"就传令让他","0","2","2"
"的部队返回","0","2","2"
"兵渡过长江","0","2","2"
"时大清兵已","0","2","2"
"已经打下了","0","2","2"
"斩获二百多","0","2","2"
"二百多首级","0","2","2"
"不多消灭完","0","2","2"
"斩杀了一千","0","2","2"
"了一千多人","0","2","2"
"的包围才解","0","2","2"
"包围才解除","0","2","2"
"承畴派人龙","0","2","2"
"把贼寇引向","0","2","2"
"孙守法带着","0","2","2"
"惠登相等人","0","2","2"
"人龙等前往","0","2","2"
"龙因此被剥","0","2","2"
"因此被剥夺","0","2","2"
"此被剥夺官","0","2","2"
"承畴率领人","0","2","2"
"畴率领人龙","0","2","2"
"这件事详见","0","2","2"
"件事详见于","0","2","2"
"人龙的部下","0","2","2"
"的部下有很","0","2","2"
"部下有很多","0","2","2"
"下有很多降","0","2","2"
"到达京师后","0","2","2"
"第二年京师","0","2","2"
"京师的战事","0","2","2"
"师的战事平","0","2","2"
"的战事平息","0","2","2"
"在兴安阻截","0","2","2"
"杨嗣昌传令","0","2","2"
"国奇的部队","0","2","2"
"在玛瑙山把","0","2","2"
"玛瑙山把贼","0","2","2"
"瑙山把贼兵","0","2","2"
"斩获了一千","0","2","2"
"向他们进攻","0","2","2"
"嗣昌到达重","0","2","2"
"昌到达重庆","0","2","2"
"暂时等一等","0","2","2"
"不接受管制","0","2","2"
"人龙驻扎在","0","2","2"
"于是越过成","0","2","2"
"是越过成都","0","2","2"
"大吵大闹地","0","2","2"
"部队开出潼","0","2","2"
"队开出潼关","0","2","2"
"驻扎在新蔡","0","2","2"
"抢先逃跑了","0","2","2"
"汪乔年开出","0","2","2"
"乔年开出潼","0","2","2"
"年开出潼关","0","2","2"
"开出潼关来","0","2","2"
"让他戴罪办","0","2","2"
"告诉他自己","0","2","2"
"诉他自己的","0","2","2"
"他自己的意","0","2","2"
"假心假意地","0","2","2"
"传庭到陕西","0","2","2"
"庭到陕西后","0","2","2"
"来商量事情","0","2","2"
"的部将周国","0","2","2"
"率领二百名","0","2","2"
"把他的人头","0","2","2"
"十四个人都","0","2","2"
"任原来的官","0","2","2"
"稳定下来了","0","2","2"
"派遣另外的","0","2","2"
"他们担心被","0","2","2"
"贺人龙的部","0","2","2"
"和他的副将","0","2","2"
"于是被打得","0","2","2"
"是被打得大","0","2","2"
"精锐骑兵打","0","2","2"
"支撑不住了","0","2","2"
"已经先到了","0","2","2"
"自成打下西","0","2","2"
"成打下西安","0","2","2"
"帝命令总督","0","2","2"
"领高杰的部","0","2","2"
"不让他们进","0","2","2"
"让他们进来","0","2","2"
"守了一个多","0","2","2"
"监督他的军","0","2","2"
"督他的军队","0","2","2"
"荫封一个儿","0","2","2"
"个儿子入官","0","2","2"
"出兵的时间","0","2","2"
"的部队全部","0","2","2"
"有几十个人","0","2","2"
"假装对他很","0","2","2"
"的部队到来","0","2","2"
"出去投降了","0","2","2"
"百姓听说他","0","2","2"
"对他的死感","0","2","2"
"他的死感到","0","2","2"
"投降过贼寇","0","2","2"
"福王不同意","0","2","2"
"转战到遵化","0","2","2"
"击大清部队","0","2","2"
"当了副总兵","0","2","2"
"庄烈帝让他","0","2","2"
"加封他为左","0","2","2"
"帝命令他立","0","2","2"
"队星夜奔赴","0","2","2"
"朱家寨离开","0","2","2"
"家寨离开封","0","2","2"
"城只有八里","0","2","2"
"兵五千渡过","0","2","2"
"依次扎下八","0","2","2"
"次扎下八个","0","2","2"
"从马上摔下","0","2","2"
"所过之处都","0","2","2"
"过之处都被","0","2","2"
"之处都被他","0","2","2"
"给事中韩如","0","2","2"
"事中韩如愈","0","2","2"
"曾经弹劾过","0","2","2"
"朝廷中间的","0","2","2"
"所提出的主","0","2","2"
"提出的主张","0","2","2"
"刚刚登基时","0","2","2"
"今年五月改","0","2","2"
"骄横不法的","0","2","2"
"两次上书弹","0","2","2"
"次上书弹劾","0","2","2"
"上书弹劾宗","0","2","2"
"书弹劾宗周","0","2","2"
"人前往增援","0","2","2"
"宾客一起饮","0","2","2"
"客一起饮酒","0","2","2"
"从小就胆大","0","2","2"
"山海关外的","0","2","2"
"部队过来讨","0","2","2"
"因寡不敌众","0","2","2"
"解除了他们","0","2","2"
"和刘泽清等","0","2","2"
"长长的围墙","0","2","2"
"后来又一次","0","2","2"
"使他们无法","0","2","2"
"献忠恼火了","0","2","2"
"获首级一千","0","2","2"
"八十多首级","0","2","2"
"山打败贼寇","0","2","2"
"下的三万人","0","2","2"
"边方的士兵","0","2","2"
"正好总督洪","0","2","2"
"好总督洪承","0","2","2"
"他性情刚烈","0","2","2"
"为吏部稽勋","0","2","2"
"传令让他去","0","2","2"
"西边的部落","0","2","2"
"土鲁番一起","0","2","2"
"总兵官马火","0","2","2"
"兵官马火广","0","2","2"
"讨伐叛乱的","0","2","2"
"他看到天下","0","2","2"
"看到天下大","0","2","2"
"到天下大乱","0","2","2"
"他以原官兼","0","2","2"
"和其他将领","0","2","2"
"别的将领也","0","2","2"
"了一级官俸","0","2","2"
"自己的部将","0","2","2"
"玉的部队在","0","2","2"
"继咸替换了","0","2","2"
"我不敢说他","0","2","2"
"不敢说他们","0","2","2"
"终究会成为","0","2","2"
"疏递进去以","0","2","2"
"递进去以后","0","2","2"
"抄了一份送","0","2","2"
"士英对他怀","0","2","2"
"英对他怀恨","0","2","2"
"又命令法司","0","2","2"
"出任礼部尚","0","2","2"
"召为兵部尚","0","2","2"
"与丁魁楚等","0","2","2"
"人一起拥立","0","2","2"
"让他统领西","0","2","2"
"又赐了他尚","0","2","2"
"享有见机行","0","2","2"
"加谥号为文","0","2","2"
"饥饿的百姓","0","2","2"
"平定了不沾","0","2","2"
"定了不沾泥","0","2","2"
"各路贼兵进","0","2","2"
"罗尚文一起","0","2","2"
"兵于是撤退","0","2","2"
"于是撤退了","0","2","2"
"十六年冬季","0","2","2"
"因为道路阻","0","2","2"
"没能传到他","0","2","2"
"能传到他手","0","2","2"
"收复了重庆","0","2","2"
"了几万贼兵","0","2","2"
"相持了一个","0","2","2"
"持了一个月","0","2","2"
"传令各位将","0","2","2"
"令各位将官","0","2","2"
"四川南部的","0","2","2"
"急忙下令让","0","2","2"
"说大清部队","0","2","2"
"队进入四川","0","2","2"
"后向永明王","0","2","2"
"永明王任命","0","2","2"
"等人也不同","0","2","2"
"人也不同程","0","2","2"
"也不同程度","0","2","2"
"打算杀掉他","0","2","2"
"收降了他的","0","2","2"
"了他的二十","0","2","2"
"理湖北巡抚","0","2","2"
"成的妻子高","0","2","2"
"的妻子高氏","0","2","2"
"高氏的弟弟","0","2","2"
"来请求投降","0","2","2"
"诚布公地对","0","2","2"
"布公地对他","0","2","2"
"公地对他们","0","2","2"
"唐王非常高","0","2","2"
"王非常高兴","0","2","2"
"给胤锡加官","0","2","2"
"胤锡加官为","0","2","2"
"加官为兵部","0","2","2"
"领这些部队","0","2","2"
"他们的部队","0","2","2"
"他们自己也","0","2","2"
"永明王即位","0","2","2"
"大清部队来","0","2","2"
"于是永明王","0","2","2"
"加官为东阁","0","2","2"
"官为东阁大","0","2","2"
"许他便宜行","0","2","2"
"中很有一些","0","2","2"
"解散了他的","0","2","2"
"成栋背叛了","0","2","2"
"归附了永明","0","2","2"
"附了永明王","0","2","2"
"进忠有矛盾","0","2","2"
"赤心等进入","0","2","2"
"腾蛟命令胤","0","2","2"
"蛟命令胤锡","0","2","2"
"于是解散了","0","2","2"
"派兵包围了","0","2","2"
"对此很不高","0","2","2"
"明王于是让","0","2","2"
"任饶州推官","0","2","2"
"南京被打下","0","2","2"
"国子监的事","0","2","2"
"子监的事务","0","2","2"
"天麟上书请","0","2","2"
"当礼部尚书","0","2","2"
"黔国公的事","0","2","2"
"国公的事例","0","2","2"
"定要得到批","0","2","2"
"要得到批准","0","2","2"
"气婉转的诏","0","2","2"
"婉转的诏书","0","2","2"
"转的诏书回","0","2","2"
"诏书回答了","0","2","2"
"书回答了他","0","2","2"
"党的主要人","0","2","2"
"的主要人物","0","2","2"
"主要人物是","0","2","2"
"成栋的儿子","0","2","2"
"的五千铁骑","0","2","2"
"哪还有什么","0","2","2"
"讲了八件事","0","2","2"
"一份指示批","0","2","2"
"份指示批评","0","2","2"
"指示批评金","0","2","2"
"示批评金堡","0","2","2"
"并且请求让","0","2","2"
"做自己的监","0","2","2"
"大吃了一惊","0","2","2"
"所起草的那","0","2","2"
"召天麟回来","0","2","2"
"他们的意思","0","2","2"
"御史们弹劾","0","2","2"
"近年来朝臣","0","2","2"
"当时大清部","0","2","2"
"大清部队更","0","2","2"
"清部队更加","0","2","2"
"部队更加逼","0","2","2"
"队更加逼近","0","2","2"
"永明王已经","0","2","2"
"他为太常少","0","2","2"
"官员的事务","0","2","2"
"升为东阁大","0","2","2"
"转移到贵阳","0","2","2"
"越来越紧急","0","2","2"
"保护永明王","0","2","2"
"臣应有的礼","0","2","2"
"永明王不胜","0","2","2"
"们的同伙冷","0","2","2"
"的同伙冷孟","0","2","2"
"同伙冷孟钅","0","2","2"
"伙冷孟钅任","0","2","2"
"书揭发了他","0","2","2"
"永明王就命","0","2","2"
"明王就命令","0","2","2"
"报效国家的","0","2","2"
"定国的军队","0","2","2"
"报告给可望","0","2","2"
"和他们的同","0","2","2"
"情况紧急了","0","2","2"
"给他们定罪","0","2","2"
"了一篇指示","0","2","2"
"交给朝臣讨","0","2","2"
"给朝臣讨论","0","2","2"
"永明王因为","0","2","2"
"时是顺治十","0","2","2"
"程度不同地","0","2","2"
"了追赠和抚","0","2","2"
"追赠和抚恤","0","2","2"
"以表彰他们","0","2","2"
"于是他和定","0","2","2"
"是他和定国","0","2","2"
"兵包围了他","0","2","2"
"考中万历三","0","2","2"
"中万历三十","0","2","2"
"都可以开垦","0","2","2"
"可以开垦成","0","2","2"
"卢观象开垦","0","2","2"
"开垦的土地","0","2","2"
"于是朝廷下","0","2","2"
"批示同意了","0","2","2"
"又召他回朝","0","2","2"
"国家财用不","0","2","2"
"家财用不足","0","2","2"
"次上书评论","0","2","2"
"都是国家的","0","2","2"
"御史的事务","0","2","2"
"理吏部事务","0","2","2"
"言上书讲了","0","2","2"
"当时朝廷大","0","2","2"
"权力交给阁","0","2","2"
"力交给阁臣","0","2","2"
"更加轻视朝","0","2","2"
"加轻视朝廷","0","2","2"
"背上长出疽","0","2","2"
"上长出疽疮","0","2","2"
"事情给朝廷","0","2","2"
"情给朝廷知","0","2","2"
"升任光禄卿","0","2","2"
"李日宣等人","0","2","2"
"这样的大事","0","2","2"
"他们到便殿","0","2","2"
"职为左侍郎","0","2","2"
"臣中有很多","0","2","2"
"中有很多人","0","2","2"
"罪行相当于","0","2","2"
"失陷城寨的","0","2","2"
"是自古以来","0","2","2"
"自古以来不","0","2","2"
"古以来不曾","0","2","2"
"以来不曾有","0","2","2"
"的罪行相当","0","2","2"
"命令三法司","0","2","2"
"三法司共同","0","2","2"
"宗周回答说","0","2","2"
"上书请留用","0","2","2"
"庄烈帝大为","0","2","2"
"烈帝大为恼","0","2","2"
"当时正在进","0","2","2"
"也两次上书","0","2","2"
"起草了一道","0","2","2"
"我是朝廷大","0","2","2"
"升任刑科给","0","2","2"
"上书揭发他","0","2","2"
"犯魏忠贤被","0","2","2"
"他入朝做官","0","2","2"
"忠贤的意思","0","2","2"
"没有回答他","0","2","2"
"也没有治他","0","2","2"
"万四千多人","0","2","2"
"四十多万两","0","2","2"
"在山海关上","0","2","2"
"山海关上有","0","2","2"
"二十二万两","0","2","2"
"职人员增加","0","2","2"
"人员增加到","0","2","2"
"增加到八万","0","2","2"
"到八万二千","0","2","2"
"获得几十万","0","2","2"
"奏议交给有","0","2","2"
"议交给有关","0","2","2"
"是东林党的","0","2","2"
"把他给罢了","0","2","2"
"他给罢了官","0","2","2"
"请求大力整","0","2","2"
"求大力整顿","0","2","2"
"后升任太常","0","2","2"
"当时各地盗","0","2","2"
"时各地盗贼","0","2","2"
"等人的贼兵","0","2","2"
"了八十大棍","0","2","2"
"升为刑部尚","0","2","2"
"都给事中陈","0","2","2"
"应当再让他","0","2","2"
"当再让他们","0","2","2"
"赦免了他的","0","2","2"
"当时马士英","0","2","2"
"也来不及了","0","2","2"
"给剥夺了官","0","2","2"
"在很久以后","0","2","2"
"很久以后才","0","2","2"
"亲守丧期间","0","2","2"
"官吏不知道","0","2","2"
"百姓得不到","0","2","2"
"得不到实惠","0","2","2"
"天下都知道","0","2","2"
"是应该这样","0","2","2"
"二十八个州","0","2","2"
"负责督办漕","0","2","2"
"责督办漕运","0","2","2"
"一路上看到","0","2","2"
"希望陛下为","0","2","2"
"消除贼寇的","0","2","2"
"励他们耕种","0","2","2"
"问他们的疾","0","2","2"
"他们的疾苦","0","2","2"
"一百五十两","0","2","2"
"二三十万两","0","2","2"
"有关部门及","0","2","2"
"十六年秋天","0","2","2"
"视察长江防","0","2","2"
"为兵科都给","0","2","2"
"借此机会安","0","2","2"
"经营黄河以","0","2","2"
"营黄河以北","0","2","2"
"而导致失败","0","2","2"
"我这次出使","0","2","2"
"成祖以下各","0","2","2"
"圣主的陵墓","0","2","2"
"能把住黄河","0","2","2"
"把住黄河防","0","2","2"
"住黄河防卫","0","2","2"
"千人为他护","0","2","2"
"人为他护行","0","2","2"
"没得到批准","0","2","2"
"听说南京失","0","2","2"
"说南京失守","0","2","2"
"访问民间疾","0","2","2"
"年召至京师","0","2","2"
"三年后征税","0","2","2"
"追求个人名","0","2","2"
"求个人名声","0","2","2"
"他生活简朴","0","2","2"
"每天只吃一","0","2","2"
"都逮捕问罪","0","2","2"
"受百姓爱戴","0","2","2"
"民惶恐不安","0","2","2"
"求辞官归家","0","2","2"
"为当地百姓","0","2","2"
"百姓奏请挽","0","2","2"
"姓奏请挽留","0","2","2"
"士民哀悼不","0","2","2"
"民哀悼不已","0","2","2"
"朝廷发兵征","0","2","2"
"三十年的官","0","2","2"
"十二年逝世","0","2","2"
"父母去世而","0","2","2"
"将积水引入","0","2","2"
"田地数万顷","0","2","2"
"任平阳知府","0","2","2"
"升为山东布","0","2","2"
"在东南地区","0","2","2"
"任深泽知县","0","2","2"
"书评论时事","0","2","2"
"皇上旨意而","0","2","2"
"为春坊司直","0","2","2"
"百姓为他建","0","2","2"
"姓为他建祠","0","2","2"
"只施以杖刑","0","2","2"
"他都谢绝不","0","2","2"
"朝廷请求留","0","2","2"
"授户科给事","0","2","2"
"返乡复业者","0","2","2"
"任河南知府","0","2","2"
"把他捆绑起","0","2","2"
"督促百姓开","0","2","2"
"促百姓开垦","0","2","2"
"去向巡按御","0","2","2"
"巡按御史及","0","2","2"
"人到朝廷告","0","2","2"
"通政司将此","0","2","2"
"再升为员外","0","2","2"
"良家子弟中","0","2","2"
"法教育他们","0","2","2"
"上书请求留","0","2","2"
"任职十五年","0","2","2"
"百姓开垦荒","0","2","2"
"百姓不受侵","0","2","2"
"姓不受侵扰","0","2","2"
"怀念他的恩","0","2","2"
"的官吏数十","0","2","2"
"官吏数十人","0","2","2"
"永乐年间以","0","2","2"
"母去世而归","0","2","2"
"镇守大同的","0","2","2"
"守大同的宦","0","2","2"
"大同的宦官","0","2","2"
"任安庆知府","0","2","2"
"俗为之一变","0","2","2"
"父母丧而离","0","2","2"
"母丧而离职","0","2","2"
"称病辞官而","0","2","2"
"病辞官而去","0","2","2"
"他阿谀奉承","0","2","2"
"为他建祠祭","0","2","2"
"他建祠祭祀","0","2","2"
"有权有势的","0","2","2"
"中游手好闲","0","2","2"
"因年老多病","0","2","2"
"被朝廷诛杀","0","2","2"
"八年乡试中","0","2","2"
"之水汇合于","0","2","2"
"招募熟习水","0","2","2"
"募熟习水性","0","2","2"
"熟习水性的","0","2","2"
"习水性的人","0","2","2"
"享年九十七","0","2","2"
"年九十七岁","0","2","2"
"使百姓不再","0","2","2"
"三年乡试中","0","2","2"
"代行知府事","0","2","2"
"京官每六年","0","2","2"
"官每六年考","0","2","2"
"六年考核一","0","2","2"
"年考核一次","0","2","2"
"因年老辞官","0","2","2"
"拿出自己的","0","2","2"
"银六百余两","0","2","2"
"员外郎之职","0","2","2"
"任湖州知府","0","2","2"
"为按察副使","0","2","2"
"辞官归家奉","0","2","2"
"官归家奉养","0","2","2"
"归家奉养母","0","2","2"
"他不肯出来","0","2","2"
"廷起用他为","0","2","2"
"锦衣百户的","0","2","2"
"百户的封赏","0","2","2"
"全面负责军","0","2","2"
"面负责军事","0","2","2"
"负责军事的","0","2","2"
"崇祯十年正","0","2","2"
"祯十年正月","0","2","2"
"知县陈尔铭","0","2","2"
"都为之震惊","0","2","2"
"向东攻占了","0","2","2"
"山打败敌军","0","2","2"
"的军队接连","0","2","2"
"军队接连攻","0","2","2"
"身材短小精","0","2","2"
"材短小精悍","0","2","2"
"都愿意为他","0","2","2"
"也乞求投降","0","2","2"
"出任户部右","0","2","2"
"大典总管漕","0","2","2"
"典总管漕运","0","2","2"
"福王朱由崧","0","2","2"
"也认为是这","0","2","2"
"朝廷推选内","0","2","2"
"廷推选内阁","0","2","2"
"推选内阁大","0","2","2"
"选内阁大臣","0","2","2"
"为什么不能","0","2","2"
"可法听说此","0","2","2"
"法听说此事","0","2","2"
"恭恭敬敬地","0","2","2"
"路上的行人","0","2","2"
"能想到东北","0","2","2"
"不考虑长远","0","2","2"
"上大肆掠夺","0","2","2"
"用温和的语","0","2","2"
"然而从这以","0","2","2"
"而从这以后","0","2","2"
"他们的情况","0","2","2"
"又非常高兴","0","2","2"
"进取北方的","0","2","2"
"可法担心高","0","2","2"
"法担心高杰","0","2","2"
"担心高杰蛮","0","2","2"
"心高杰蛮横","0","2","2"
"情才得以解","0","2","2"
"在北方的大","0","2","2"
"北方的大臣","0","2","2"
"恐怕会使他","0","2","2"
"怕会使他们","0","2","2"
"明的陛下您","0","2","2"
"南方的大臣","0","2","2"
"大清部队已","0","2","2"
"今年三月以","0","2","2"
"年三月以来","0","2","2"
"而仅仅保住","0","2","2"
"的防御设施","0","2","2"
"身边的大臣","0","2","2"
"死于乱贼手","0","2","2"
"于乱贼手下","0","2","2"
"是千古不曾","0","2","2"
"千古不曾有","0","2","2"
"古不曾有过","0","2","2"
"的大臣讨伐","0","2","2"
"登上皇帝的","0","2","2"
"心安理得地","0","2","2"
"老天爷的心","0","2","2"
"感动得流下","0","2","2"
"高杰的军队","0","2","2"
"以南的地方","0","2","2"
"他做自己的","0","2","2"
"有这个任命","0","2","2"
"大清兵已攻","0","2","2"
"写信给母亲","0","2","2"
"拔刀自杀而","0","2","2"
"大声呼叫说","0","2","2"
"晋升少师兼","0","2","2"
"升少师兼太","0","2","2"
"还没有儿子","0","2","2"
"地告诉他们","0","2","2"
"的话告诉了","0","2","2"
"时人们都说","0","2","2"
"当时政治的","0","2","2"
"请求任用邹","0","2","2"
"求任用邹元","0","2","2"
"任用邹元标","0","2","2"
"巡按陕西时","0","2","2"
"检举他的过","0","2","2"
"举他的过失","0","2","2"
"称病回乡去","0","2","2"
"病回乡去了","0","2","2"
"命令他回家","0","2","2"
"他回家闲住","0","2","2"
"他上书弹劾","0","2","2"
"这三个人都","0","2","2"
"廷提拔他为","0","2","2"
"拔他为太仆","0","2","2"
"崇祯三年春","0","2","2"
"祯三年春天","0","2","2"
"朝廷召他入","0","2","2"
"让他回去了","0","2","2"
"他在家住了","0","2","2"
"出任南京兵","0","2","2"
"京兵部左侍","0","2","2"
"福王即位后","0","2","2"
"的一言一行","0","2","2"
"皇上即位的","0","2","2"
"历朝圣主的","0","2","2"
"墓进行祭祀","0","2","2"
"遣官员去通","0","2","2"
"牵制敌人的","0","2","2"
"自己承担责","0","2","2"
"己承担责任","0","2","2"
"是我的朋友","0","2","2"
"弹劾士英的","0","2","2"
"水火不相容","0","2","2"
"于是答应了","0","2","2"
"崇祯皇帝不","0","2","2"
"独自一人上","0","2","2"
"巡抚吴生生","0","2","2"
"继咸又上书","0","2","2"
"咸又上书陈","0","2","2"
"受贿赂的几","0","2","2"
"贿赂的几件","0","2","2"
"赂的几件事","0","2","2"
"崇祯皇帝下","0","2","2"
"祯皇帝下诏","0","2","2"
"皇帝下诏逮","0","2","2"
"帝下诏逮捕","0","2","2"
"继咸得以恢","0","2","2"
"咸得以恢复","0","2","2"
"以恢复原职","0","2","2"
"降服了他的","0","2","2"
"服了他的部","0","2","2"
"宦官杨显名","0","2","2"
"升他为右佥","0","2","2"
"交相举荐他","0","2","2"
"朝廷决定设","0","2","2"
"廷决定设置","0","2","2"
"决定设置一","0","2","2"
"时贼兵已经","0","2","2"
"南京即位后","0","2","2"
"他前往安抚","0","2","2"
"他的部下有","0","2","2"
"刚登上皇位","0","2","2"
"对他怀恨在","0","2","2"
"他怀恨在心","0","2","2"
"的大政方针","0","2","2"
"继咸上书说","0","2","2"
"不必要的开","0","2","2"
"必要的开支","0","2","2"
"何必去理会","0","2","2"
"固然是因为","0","2","2"
"人都不喜欢","0","2","2"
"七嘴八舌地","0","2","2"
"太子的真假","0","2","2"
"李自成兵败","0","2","2"
"从袖中取出","0","2","2"
"秘密指示是","0","2","2"
"密指示是从","0","2","2"
"指示是从哪","0","2","2"
"示是从哪里","0","2","2"
"是从哪里搞","0","2","2"
"长时间才说","0","2","2"
"到他的官署","0","2","2"
"大火烧起来","0","2","2"
"人暗中阻拦","0","2","2"
"初任庶吉士","0","2","2"
"大清部队兵","0","2","2"
"回来后上书","0","2","2"
"心坚定地想","0","2","2"
"为都司佥书","0","2","2"
"格提拔他为","0","2","2"
"游手好闲的","0","2","2"
"领各路兵马","0","2","2"
"举行抚恤典","0","2","2"
"行抚恤典礼","0","2","2"
"又两次上书","0","2","2"
"没有得到允","0","2","2"
"有得到允许","0","2","2"
"庄烈帝虽然","0","2","2"
"处理国家事","0","2","2"
"理国家事务","0","2","2"
"天下的人才","0","2","2"
"陛下经常召","0","2","2"
"希望从今以","0","2","2"
"望从今以后","0","2","2"
"次上书极力","0","2","2"
"书极力推辞","0","2","2"
"他们打跑了","0","2","2"
"京师就失陷","0","2","2"
"师就失陷了","0","2","2"
"加封他为右","0","2","2"
"考中进士后","0","2","2"
"集在一起的","0","2","2"
"在一起的有","0","2","2"
"替他的人还","0","2","2"
"他的人还没","0","2","2"
"的人还没到","0","2","2"
"的三千士兵","0","2","2"
"着险要地势","0","2","2"
"请让我过去","0","2","2"
"一个人骑马","0","2","2"
"最后还是把","0","2","2"
"定叛乱的功","0","2","2"
"叛乱的功劳","0","2","2"
"接受使命时","0","2","2"
"弹劾新甲的","0","2","2"
"上书极力谏","0","2","2"
"我不知道这","0","2","2"
"下去会弄成","0","2","2"
"去会弄成什","0","2","2"
"会弄成什么","0","2","2"
"弄成什么样","0","2","2"
"成什么样子","0","2","2"
"他请求回乡","0","2","2"
"帝召见了他","0","2","2"
"极力称赞他","0","2","2"
"他上书要求","0","2","2"
"在守丧期间","0","2","2"
"因为他们两","0","2","2"
"和他的哥哥","0","2","2"
"年在乡试中","0","2","2"
"腾蛟没有同","0","2","2"
"蛟没有同意","0","2","2"
"让他以原先","0","2","2"
"他以原先的","0","2","2"
"以原先的身","0","2","2"
"原先的身份","0","2","2"
"人们都说是","0","2","2"
"已经死掉了","0","2","2"
"朱聿键在福","0","2","2"
"聿键在福州","0","2","2"
"是来归顺的","0","2","2"
"两个人前去","0","2","2"
"迎接他们进","0","2","2"
"自成的将领","0","2","2"
"什么意思呢","0","2","2"
"江西以及南","0","2","2"
"当时所说的","0","2","2"
"以前的巡抚","0","2","2"
"其他将领在","0","2","2"
"大清兵打败","0","2","2"
"各位将领都","0","2","2"
"的精锐骑兵","0","2","2"
"恰好大清兵","0","2","2"
"先璧的军队","0","2","2"
"队突然到来","0","2","2"
"腾蛟与侍郎","0","2","2"
"蛟与侍郎严","0","2","2"
"与侍郎严起","0","2","2"
"侍郎严起恒","0","2","2"
"自己做了盗","0","2","2"
"己做了盗贼","0","2","2"
"起初是一个","0","2","2"
"初是一个小","0","2","2"
"于是派骑兵","0","2","2"
"腾蛟的儿子","0","2","2"
"跑回来告诉","0","2","2"
"求朝廷封他","0","2","2"
"朝廷大臣在","0","2","2"
"外为他饯行","0","2","2"
"全部歼灭了","0","2","2"
"居住在桂林","0","2","2"
"大清兵知道","0","2","2"
"大清兵只好","0","2","2"
"十六次战斗","0","2","2"
"听说这些后","0","2","2"
"位将领前往","0","2","2"
"士兵一同前","0","2","2"
"是一座空城","0","2","2"
"大清兵得知","0","2","2"
"了佥都御史","0","2","2"
"他考中万历","0","2","2"
"四十四年榜","0","2","2"
"十四年榜进","0","2","2"
"四年榜进士","0","2","2"
"为户部给事","0","2","2"
"户部给事中","0","2","2"
"掌管户部事","0","2","2"
"管户部事务","0","2","2"
"不久他上书","0","2","2"
"请求立即杀","0","2","2"
"崇祯皇帝也","0","2","2"
"帝也采纳了","0","2","2"
"也采纳了他","0","2","2"
"在政府任职","0","2","2"
"被罢免离去","0","2","2"
"官吏不能不","0","2","2"
"不能不谨慎","0","2","2"
"谋逆的阉党","0","2","2"
"的建议大多","0","2","2"
"下诏让朝廷","0","2","2"
"帮着他说话","0","2","2"
"不谨慎被罢","0","2","2"
"被贬官二级","0","2","2"
"没有听取他","0","2","2"
"听取他们的","0","2","2"
"取他们的意","0","2","2"
"体仁已经罢","0","2","2"
"仁已经罢官","0","2","2"
"京城被打下","0","2","2"
"应该立为皇","0","2","2"
"该立为皇帝","0","2","2"
"就派遣使者","0","2","2"
"协助管理军","0","2","2"
"兵打下了汀","0","2","2"
"打下了汀州","0","2","2"
"管吏部事务","0","2","2"
"在广州拥立","0","2","2"
"州向西去了","0","2","2"
"桂林的形势","0","2","2"
"任命兵部侍","0","2","2"
"他做了参将","0","2","2"
"们同甘共苦","0","2","2"
"周围的人都","0","2","2"
"永明王立即","0","2","2"
"又极力争辩","0","2","2"
"领各位将领","0","2","2"
"求永明王回","0","2","2"
"可是朝廷中","0","2","2"
"把他们打入","0","2","2"
"他们打入监","0","2","2"
"们打入监狱","0","2","2"
"上书挽救他","0","2","2"
"书挽救他们","0","2","2"
"害怕得不敢","0","2","2"
"防守的军队","0","2","2"
"就带领全家","0","2","2"
"带领全家逃","0","2","2"
"中没有一个","0","2","2"
"他的家人也","0","2","2"
"要和他一同","0","2","2"
"和他一同死","0","2","2"
"大清部队的","0","2","2"
"被执行死刑","0","2","2"
"在翰林院中","0","2","2"
"崇祯皇帝在","0","2","2"
"脸色都变了","0","2","2"
"把国家大事","0","2","2"
"耽误了国家","0","2","2"
"过去南仲在","0","2","2"
"调到地方上","0","2","2"
"地方上去了","0","2","2"
"任职方主事","0","2","2"
"升为国子祭","0","2","2"
"必达战败后","0","2","2"
"乘机收复了","0","2","2"
"给他见机行","0","2","2"
"队兵临城下","0","2","2"
"新军将领张","0","2","2"
"军将领张安","0","2","2"
"和元吉一起","0","2","2"
"大清兵的包","0","2","2"
"清兵的包围","0","2","2"
"人都死掉了","0","2","2"
"吉安失守后","0","2","2"
"过一个晚上","0","2","2"
"得功写了一","0","2","2"
"功写了一封","0","2","2"
"曾请求朝廷","0","2","2"
"大臣们习惯","0","2","2"
"臣们习惯于","0","2","2"
"争论意见的","0","2","2"
"的祸害更加","0","2","2"
"采用宽大政","0","2","2"
"用宽大政策","0","2","2"
"已到了极点","0","2","2"
"可是议论的","0","2","2"
"议论的人只","0","2","2"
"渡过黄河后","0","2","2"
"召大臣问话","0","2","2"
"讲到这一点","0","2","2"
"人议论说这","0","2","2"
"议论说这是","0","2","2"
"的权宜之计","0","2","2"
"这些议论的","0","2","2"
"些议论的人","0","2","2"
"经占领了南","0","2","2"
"于是命令副","0","2","2"
"当兵部右侍","0","2","2"
"元吉为兵部","0","2","2"
"末年朝廷命","0","2","2"
"广东的部队","0","2","2"
"这时大清部","0","2","2"
"部队不战而","0","2","2"
"城就被打下","0","2","2"
"就被打下了","0","2","2"
"很大程度上","0","2","2"
"的将领带兵","0","2","2"
"收捕了他的","0","2","2"
"捕了他的妻","0","2","2"
"张琮的部队","0","2","2"
"时中了埋伏","0","2","2"
"城外的包围","0","2","2"
"外的包围圈","0","2","2"
"驻扎在南安","0","2","2"
"与城共亡了","0","2","2"
"由进士出身","0","2","2"
"当时他的父","0","2","2"
"提升他为翰","0","2","2"
"升他为翰林","0","2","2"
"为翰林侍讲","0","2","2"
"唐王命令他","0","2","2"
"正好大清兵","0","2","2"
"他于是返回","0","2","2"
"他家乡的人","0","2","2"
"的人被全部","0","2","2"
"祖先的墓地","0","2","2"
"过来攻打他","0","2","2"
"招募了一万","0","2","2"
"因此所到之","0","2","2"
"此所到之处","0","2","2"
"所到之处人","0","2","2"
"到之处人们","0","2","2"
"之处人们都","0","2","2"
"关于国家大","0","2","2"
"于国家大事","0","2","2"
"兵前往救援","0","2","2"
"正好丁魁楚","0","2","2"
"好丁魁楚等","0","2","2"
"永明王在肇","0","2","2"
"明王在肇庆","0","2","2"
"王在肇庆监","0","2","2"
"大清兵进逼","0","2","2"
"了两万多人","0","2","2"
"就可以说是","0","2","2"
"余龙的队伍","0","2","2"
"和他的两个","0","2","2"
"好好款待他","0","2","2"
"我身为一名","0","2","2"
"部队也到来","0","2","2"
"自从起兵以","0","2","2"
"城被打了下","0","2","2"
"一会儿功夫","0","2","2"
"荫封他的儿","0","2","2"
"王朱聿键到","0","2","2"
"他为翰林学","0","2","2"
"以清廉自持","0","2","2"
"军政大事的","0","2","2"
"大事的处理","0","2","2"
"终还是不能","0","2","2"
"派了二百人","0","2","2"
"移兵驻扎在","0","2","2"
"和他们一道","0","2","2"
"训斥了一番","0","2","2"
"由弟弟即位","0","2","2"
"掌管兵部的","0","2","2"
"的礼节拜见","0","2","2"
"的先后次序","0","2","2"
"们抓起来杀","0","2","2"
"喜欢说大话","0","2","2"
"向他们咨询","0","2","2"
"了吏科都给","0","2","2"
"利用他们的","0","2","2"
"从东门进城","0","2","2"
"边的房子里","0","2","2"
"得知事变发","0","2","2"
"知事变发生","0","2","2"
"从城墙上吊","0","2","2"
"城墙上吊下","0","2","2"
"等人都投降","0","2","2"
"人都投降了","0","2","2"
"才开始读书","0","2","2"
"授官章丘知","0","2","2"
"官章丘知县","0","2","2"
"兵部给事中","0","2","2"
"出担任福建","0","2","2"
"任福建副使","0","2","2"
"朝廷就提升","0","2","2"
"升大典为右","0","2","2"
"他的儿子吴","0","2","2"
"的军队前来","0","2","2"
"引诱他们出","0","2","2"
"嘉奖了他们","0","2","2"
"官军于是进","0","2","2"
"死的人不计","0","2","2"
"部被平定了","0","2","2"
"人献给朝廷","0","2","2"
"帝非常恼怒","0","2","2"
"令大典总管","0","2","2"
"巡抚史可法","0","2","2"
"多次被给事","0","2","2"
"次被给事中","0","2","2"
"给事中方士","0","2","2"
"下令把他剥","0","2","2"
"令把他剥夺","0","2","2"
"他剥夺官籍","0","2","2"
"事情还没有","0","2","2"
"招募勇敢的","0","2","2"
"这事报告了","0","2","2"
"事报告了朝","0","2","2"
"良玉举兵东","0","2","2"
"命令他监督","0","2","2"
"黄得功的军","0","2","2"
"家乡所在的","0","2","2"
"任番禺知县","0","2","2"
"这两个人都","0","2","2"
"两个人都是","0","2","2"
"对当时政治","0","2","2"
"被贬出去了","0","2","2"
"了太常少卿","0","2","2"
"军全军覆没","0","2","2"
"死了很多人","0","2","2"
"另外的贼寇","0","2","2"
"都得以保全","0","2","2"
"往东打下了","0","2","2"
"向朝廷请命","0","2","2"
"使他们得以","0","2","2"
"改任兵部右","0","2","2"
"并降服了他","0","2","2"
"对待大臣的","0","2","2"
"我大清部队","0","2","2"
"进京师郊区","0","2","2"
"总兵的部队","0","2","2"
"庄烈帝在中","0","2","2"
"烈帝在中左","0","2","2"
"帝在中左门","0","2","2"
"在中左门召","0","2","2"
"他兼任右佥","0","2","2"
"他的部队中","0","2","2"
"军因为缺饷","0","2","2"
"终年五十二","0","2","2"
"年五十二岁","0","2","2"
"消灭贼寇的","0","2","2"
"用各种办法","0","2","2"
"提出招安的","0","2","2"
"出招安的主","0","2","2"
"招安的主张","0","2","2"
"如入无人之","0","2","2"
"入无人之境","0","2","2"
"督师的大臣","0","2","2"
"自己的责任","0","2","2"
"为提建议被","0","2","2"
"提建议被贬","0","2","2"
"提拔为大理","0","2","2"
"久又升任右","0","2","2"
"加官为少保","0","2","2"
"城被打下后","0","2","2"
"初任长兴知","0","2","2"
"任长兴知县","0","2","2"
"大清的将帅","0","2","2"
"慨激昂地对","0","2","2"
"是触犯魏忠","0","2","2"
"初任工部主","0","2","2"
"又做过郎中","0","2","2"
"没什么可以","0","2","2"
"把他的儿子","0","2","2"
"以右参政的","0","2","2"
"参政的身份","0","2","2"
"用一百张嘴","0","2","2"
"一百张嘴巴","0","2","2"
"百张嘴巴保","0","2","2"
"蓄地提到这","0","2","2"
"地提到这一","0","2","2"
"提到这一点","0","2","2"
"就把这件事","0","2","2"
"件事报告给","0","2","2"
"有很多强盗","0","2","2"
"任湖广按察","0","2","2"
"因故被罢官","0","2","2"
"评定功过时","0","2","2"
"刑部的监狱","0","2","2"
"部的监狱里","0","2","2"
"他掌管吏部","0","2","2"
"嘉靖二年考","0","2","2"
"进士第三名","0","2","2"
"与王守仁的","0","2","2"
"采纳张孚敬","0","2","2"
"孔子的王号","0","2","2"
"徐阶认为不","0","2","2"
"严肃地回答","0","2","2"
"怎么称得上","0","2","2"
"提拔为浙江","0","2","2"
"拔为浙江按","0","2","2"
"他所撰写的","0","2","2"
"皇帝没有同","0","2","2"
"帝没有同意","0","2","2"
"请求册立皇","0","2","2"
"是礼部的事","0","2","2"
"请皇帝出宫","0","2","2"
"皇帝想祭祀","0","2","2"
"下交礼部议","0","2","2"
"交礼部议论","0","2","2"
"给事中杨思","0","2","2"
"尚书顾可学","0","2","2"
"对徐阶更加","0","2","2"
"又奏请罢免","0","2","2"
"徐阶的意见","0","2","2"
"兼任太子太","0","2","2"
"任太子太傅","0","2","2"
"打入锦衣卫","0","2","2"
"皇上只有两","0","2","2"
"上只有两个","0","2","2"
"有两个儿子","0","2","2"
"杨继盛弹劾","0","2","2"
"继盛弹劾严","0","2","2"
"盛弹劾严嵩","0","2","2"
"王宗茂弹劾","0","2","2"
"宗茂弹劾严","0","2","2"
"茂弹劾严嵩","0","2","2"
"提拔为太常","0","2","2"
"嵩的儿子世","0","2","2"
"邹应龙为通","0","2","2"
"应龙为通政","0","2","2"
"龙为通政司","0","2","2"
"徐阶取代严","0","2","2"
"阶取代严嵩","0","2","2"
"取代严嵩任","0","2","2"
"代严嵩任首","0","2","2"
"值宿的房子","0","2","2"
"徐阶回答说","0","2","2"
"徐阶独掌国","0","2","2"
"屡次奏请增","0","2","2"
"次奏请增添","0","2","2"
"奏请增添内","0","2","2"
"请增添内阁","0","2","2"
"内阁大臣又","0","2","2"
"奏请恢复原","0","2","2"
"徐阶极力陈","0","2","2"
"阶极力陈述","0","2","2"
"皇帝的过失","0","2","2"
"的登基诏书","0","2","2"
"与他们共同","0","2","2"
"齐康弹劾徐","0","2","2"
"康弹劾徐阶","0","2","2"
"上书弹劾高","0","2","2"
"书弹劾高拱","0","2","2"
"极力陈述不","0","2","2"
"受贿赂的事","0","2","2"
"春芳任首辅","0","2","2"
"第二年授予","0","2","2"
"立太子的事","0","2","2"
"升侍讲学士","0","2","2"
"将他举荐给","0","2","2"
"年提拔为礼","0","2","2"
"一道进入内","0","2","2"
"道进入内阁","0","2","2"
"当时皇帝身","0","2","2"
"是徐阶的同","0","2","2"
"弹劾高拱的","0","2","2"
"奏请皇上裁","0","2","2"
"草拟命令加","0","2","2"
"拟命令加以","0","2","2"
"御史齐康替","0","2","2"
"史齐康替高","0","2","2"
"齐康替高拱","0","2","2"
"康替高拱弹","0","2","2"
"替高拱弹劾","0","2","2"
"高拱弹劾徐","0","2","2"
"拱弹劾徐阶","0","2","2"
"怎么能得到","0","2","2"
"过了一年去","0","2","2"
"了一年去世","0","2","2"
"后世的人将","0","2","2"
"子弟横行乡","0","2","2"
"弟横行乡里","0","2","2"
"经时济世的","0","2","2"
"济世的才干","0","2","2"
"因为当时正","0","2","2"
"应该慎重挑","0","2","2"
"该慎重挑选","0","2","2"
"都答复可行","0","2","2"
"为两广总督","0","2","2"
"答的孙子把","0","2","2"
"的孙子把汉","0","2","2"
"把汉那吉前","0","2","2"
"汉那吉前来","0","2","2"
"居正极力主","0","2","2"
"正极力主张","0","2","2"
"向皇帝奏请","0","2","2"
"晋升高拱为","0","2","2"
"边境稍稍安","0","2","2"
"负责都察院","0","2","2"
"给事中韩楫","0","2","2"
"事中韩楫弹","0","2","2"
"中韩楫弹劾","0","2","2"
"韩楫弹劾贞","0","2","2"
"楫弹劾贞吉","0","2","2"
"于是上书弹","0","2","2"
"是上书弹劾","0","2","2"
"担任了首辅","0","2","2"
"居正与冯保","0","2","2"
"病情加重时","0","2","2"
"高仪接受遗","0","2","2"
"仪接受遗命","0","2","2"
"为皇帝年幼","0","2","2"
"令给事中雒","0","2","2"
"报告张居正","0","2","2"
"等到宣读诏","0","2","2"
"到宣读诏书","0","2","2"
"他扶持出宫","0","2","2"
"追封他为太","0","2","2"
"授予编修职","0","2","2"
"负责国子司","0","2","2"
"次向他询问","0","2","2"
"右谕德兼侍","0","2","2"
"郎兼翰林院","0","2","2"
"他负责吏部","0","2","2"
"因为辽东的","0","2","2"
"封太子太师","0","2","2"
"皇帝的生母","0","2","2"
"皇后为仁圣","0","2","2"
"后为仁圣皇","0","2","2"
"为仁圣皇太","0","2","2"
"迁居乾清宫","0","2","2"
"后侮辱给事","0","2","2"
"侮辱给事中","0","2","2"
"四维进入内","0","2","2"
"维进入内阁","0","2","2"
"对他们都加","0","2","2"
"然而他执法","0","2","2"
"不举报的人","0","2","2"
"返回慈宁宫","0","2","2"
"不像从前那","0","2","2"
"像从前那样","0","2","2"
"赏赐他坐蟒","0","2","2"
"赐他坐蟒官","0","2","2"
"他坐蟒官服","0","2","2"
"等都认为不","0","2","2"
"着上书请求","0","2","2"
"儿子编修张","0","2","2"
"子编修张嗣","0","2","2"
"编修张嗣修","0","2","2"
"皇帝举行婚","0","2","2"
"帝举行婚礼","0","2","2"
"居正请求回","0","2","2"
"正请求回乡","0","2","2"
"张居正奏请","0","2","2"
"奏请扩充内","0","2","2"
"请扩充内阁","0","2","2"
"皇帝下诏指","0","2","2"
"部尚书马自","0","2","2"
"尚书马自强","0","2","2"
"抵触张居正","0","2","2"
"皇帝和两宫","0","2","2"
"派遣司礼太","0","2","2"
"所有经过的","0","2","2"
"派遣锦衣指","0","2","2"
"帝下诏派遣","0","2","2"
"拜见两宫皇","0","2","2"
"侍奉张居正","0","2","2"
"奉张居正的","0","2","2"
"违心地顺从","0","2","2"
"心地顺从了","0","2","2"
"和狡猾的官","0","2","2"
"皇帝在平台","0","2","2"
"太后管教皇","0","2","2"
"助治理朝政","0","2","2"
"冯保和张居","0","2","2"
"保和张居正","0","2","2"
"开始主持朝","0","2","2"
"始主持朝政","0","2","2"
"皇帝的言行","0","2","2"
"被提拔为锦","0","2","2"
"提拔为锦衣","0","2","2"
"拔为锦衣卫","0","2","2"
"个儿子都在","0","2","2"
"在科举考试","0","2","2"
"和文武大臣","0","2","2"
"冠整齐地拜","0","2","2"
"经过四个月","0","2","2"
"建造祭坛的","0","2","2"
"侍郎余有丁","0","2","2"
"可以担当大","0","2","2"
"满九年考绩","0","2","2"
"加封左柱国","0","2","2"
"个儿子为尚","0","2","2"
"儿子为尚宝","0","2","2"
"子为尚宝丞","0","2","2"
"子为指挥佥","0","2","2"
"护送他的灵","0","2","2"
"送他的灵柩","0","2","2"
"居正推荐的","0","2","2"
"皇帝宠幸的","0","2","2"
"他们两人相","0","2","2"
"揭发冯保的","0","2","2"
"曾省吾都被","0","2","2"
"下诏剥夺了","0","2","2"
"不同的官职","0","2","2"
"皇帝命令司","0","2","2"
"帝命令司礼","0","2","2"
"侍郎丘木舜","0","2","2"
"大臣联合奏","0","2","2"
"臣联合奏疏","0","2","2"
"瘴气缭绕的","0","2","2"
"皇帝命令部","0","2","2"
"中书舍人的","0","2","2"
"人们更加怀","0","2","2"
"们更加怀念","0","2","2"
"更加怀念他","0","2","2"
"不久调任为","0","2","2"
"憎恨他的人","0","2","2"
"弹劾张四维","0","2","2"
"经晋升为左","0","2","2"
"太子出后宫","0","2","2"
"事中曹大聎","0","2","2"
"他又称病回","0","2","2"
"清伯李伟是","0","2","2"
"张居正的心","0","2","2"
"居正的心意","0","2","2"
"国颁布诏书","0","2","2"
"励精图治的","0","2","2"
"感戴皇帝的","0","2","2"
"戴皇帝的圣","0","2","2"
"大肆贿赂冯","0","2","2"
"肆贿赂冯保","0","2","2"
"张四维因为","0","2","2"
"因为皇帝的","0","2","2"
"的势力大为","0","2","2"
"云南的贡金","0","2","2"
"因为张四维","0","2","2"
"因父亲去世","0","2","2"
"去世而归乡","0","2","2"
"晋升为国子","0","2","2"
"提拔为少詹","0","2","2"
"拔为少詹事","0","2","2"
"又提升为礼","0","2","2"
"侍郎身份负","0","2","2"
"郎身份负责","0","2","2"
"逢继母去世","0","2","2"
"继母去世而","0","2","2"
"请求恢复他","0","2","2"
"求恢复他原","0","2","2"
"恢复他原来","0","2","2"
"复他原来的","0","2","2"
"他被加封太","0","2","2"
"张居正准备","0","2","2"
"居正准备回","0","2","2"
"正准备回乡","0","2","2"
"准备回乡安","0","2","2"
"备回乡安葬","0","2","2"
"的内阁大臣","0","2","2"
"打算举荐他","0","2","2"
"经派遣使者","0","2","2"
"使者报告了","0","2","2"
"张居正推举","0","2","2"
"与申时行一","0","2","2"
"申时行一起","0","2","2"
"一起参与机","0","2","2"
"起参与机要","0","2","2"
"因为救助吴","0","2","2"
"为救助吴中","0","2","2"
"救助吴中行","0","2","2"
"令赠封他为","0","2","2"
"等到神宗即","0","2","2"
"到神宗即位","0","2","2"
"他晋升为右","0","2","2"
"历十一年四","0","2","2"
"因为丁此吕","0","2","2"
"一再上奏请","0","2","2"
"再上奏请求","0","2","2"
"三上奏请求","0","2","2"
"功绩晋升为","0","2","2"
"为弹劾宦官","0","2","2"
"弹劾宦官张","0","2","2"
"受了他的请","0","2","2"
"士薛敷教弹","0","2","2"
"薛敷教弹劾","0","2","2"
"敷教弹劾吴","0","2","2"
"教弹劾吴时","0","2","2"
"第二年秋季","0","2","2"
"暖阁召见辅","0","2","2"
"阁召见辅佐","0","2","2"
"是申时行的","0","2","2"
"自己的职业","0","2","2"
"在万历二十","0","2","2"
"张有德奏请","0","2","2"
"先前的圣旨","0","2","2"
"大臣不应当","0","2","2"
"的事最终停","0","2","2"
"居正服丧期","0","2","2"
"正服丧期限","0","2","2"
"服丧期限未","0","2","2"
"准备对吴中","0","2","2"
"备对吴中行","0","2","2"
"习孔教等人","0","2","2"
"出任广东副","0","2","2"
"历任国子监","0","2","2"
"升任吏部右","0","2","2"
"事大都由他","0","2","2"
"给事中许弘","0","2","2"
"王锡爵返回","0","2","2"
"锡爵返回朝","0","2","2"
"爵返回朝廷","0","2","2"
"皇帝不依从","0","2","2"
"接受朝贺完","0","2","2"
"受朝贺完毕","0","2","2"
"等人接连上","0","2","2"
"他晋升为少","0","2","2"
"晋升为少傅","0","2","2"
"皇帝下诏治","0","2","2"
"时政的失误","0","2","2"
"其中最大的","0","2","2"
"定国家的根","0","2","2"
"优诏答复知","0","2","2"
"诏答复知道","0","2","2"
"令礼官准备","0","2","2"
"又以此劝谏","0","2","2"
"王锡爵性格","0","2","2"
"锡爵性格刚","0","2","2"
"赵志皋任首","0","2","2"
"志皋任首辅","0","2","2"
"皇帝的恼怒","0","2","2"
"此后给事中","0","2","2"
"而巡按御史","0","2","2"
"礼弹劾他的","0","2","2"
"被停止俸禄","0","2","2"
"下谕令抚慰","0","2","2"
"等到封贡的","0","2","2"
"到封贡的事","0","2","2"
"的人更加多","0","2","2"
"人更加多了","0","2","2"
"监狱等候处","0","2","2"
"原因被剥夺","0","2","2"
"上奏抨击他","0","2","2"
"于罢除矿税","0","2","2"
"违背了张居","0","2","2"
"背了张居正","0","2","2"
"时他已经升","0","2","2"
"居正死后的","0","2","2"
"正死后的第","0","2","2"
"死后的第二","0","2","2"
"后的第二年","0","2","2"
"给事中冯景","0","2","2"
"掌管司业的","0","2","2"
"管司业的事","0","2","2"
"晋升为祭酒","0","2","2"
"令他就任原","0","2","2"
"他就任原职","0","2","2"
"王锡爵离去","0","2","2"
"与沈一贯一","0","2","2"
"朝鲜的八道","0","2","2"
"本封贡的事","0","2","2"
"遇上父亲的","0","2","2"
"上父亲的丧","0","2","2"
"晋升为少保","0","2","2"
"于是奏请皇","0","2","2"
"是奏请皇帝","0","2","2"
"亲自到郊庙","0","2","2"
"自到郊庙祭","0","2","2"
"到郊庙祭祀","0","2","2"
"补充空缺的","0","2","2"
"充空缺的官","0","2","2"
"有大的作为","0","2","2"
"中刘道亨弹","0","2","2"
"刘道亨弹劾","0","2","2"
"事丁应泰弹","0","2","2"
"丁应泰弹劾","0","2","2"
"相互勾结欺","0","2","2"
"又接连上奏","0","2","2"
"使国家受辱","0","2","2"
"于是剥夺他","0","2","2"
"是剥夺他的","0","2","2"
"将他从官籍","0","2","2"
"他从官籍中","0","2","2"
"赦也不宽恕","0","2","2"
"他的亲朋故","0","2","2"
"的亲朋故友","0","2","2"
"朝廷大臣没","0","2","2"
"身份充当日","0","2","2"
"份充当日讲","0","2","2"
"后享用的寝","0","2","2"
"享用的寝宫","0","2","2"
"朱赓上奏称","0","2","2"
"赵志皋去世","0","2","2"
"并兼东阁大","0","2","2"
"他再三推辞","0","2","2"
"矿税的祸害","0","2","2"
"帝不能采用","0","2","2"
"动摇国家的","0","2","2"
"南京的考核","0","2","2"
"京的考核结","0","2","2"
"的考核结果","0","2","2"
"死不敢奉诏","0","2","2"
"弹劾的奏疏","0","2","2"
"皇帝下发了","0","2","2"
"政一天天松","0","2","2"
"给事中汪若","0","2","2"
"两人的奏疏","0","2","2"
"的话语最为","0","2","2"
"而朝廷大臣","0","2","2"
"请求交付给","0","2","2"
"任用了于慎","0","2","2"
"用了于慎行","0","2","2"
"上奏诋毁李","0","2","2"
"朱赓的十二","0","2","2"
"对他的攻击","0","2","2"
"后有五十多","0","2","2"
"有五十多人","0","2","2"
"奏二十多次","0","2","2"
"大臣的气节","0","2","2"
"升任吏科给","0","2","2"
"寇屡次骚扰","0","2","2"
"次骚扰边关","0","2","2"
"帝听从了建","0","2","2"
"听从了建议","0","2","2"
"御史王好问","0","2","2"
"被给事中张","0","2","2"
"给事中张宪","0","2","2"
"从嘉靖四十","0","2","2"
"没有被同意","0","2","2"
"弹劾宦官赵","0","2","2"
"上疏陈述四","0","2","2"
"疏陈述四件","0","2","2"
"宗庙的礼仪","0","2","2"
"敕令朝廷大","0","2","2"
"请求皇帝勤","0","2","2"
"求皇帝勤于","0","2","2"
"为吏科都给","0","2","2"
"阳一敬等人","0","2","2"
"等人弹劾他","0","2","2"
"夺他们的官","0","2","2"
"大臣中有人","0","2","2"
"应当被罢免","0","2","2"
"次调职后任","0","2","2"
"嘉弹劾杨博","0","2","2"
"曾经弹劾高","0","2","2"
"经弹劾高拱","0","2","2"
"先前的奏疏","0","2","2"
"遇上给事中","0","2","2"
"为建宁推官","0","2","2"
"各位给事中","0","2","2"
"阳一敬极力","0","2","2"
"此事才平息","0","2","2"
"高拱再度任","0","2","2"
"拱再度任宰","0","2","2"
"再度任宰相","0","2","2"
"也不让他们","0","2","2"
"希望陛下不","0","2","2"
"同他们商议","0","2","2"
"他们商议政","0","2","2"
"们商议政事","0","2","2"
"扰乱朝政的","0","2","2"
"请求仿效古","0","2","2"
"仿效古时的","0","2","2"
"在宫中不下","0","2","2"
"绝对没有的","0","2","2"
"令购买珍宝","0","2","2"
"学士高拱执","0","2","2"
"士高拱执掌","0","2","2"
"高拱执掌吏","0","2","2"
"拱执掌吏部","0","2","2"
"等人相继上","0","2","2"
"相继上疏反","0","2","2"
"继上疏反对","0","2","2"
"隆庆三年正","0","2","2"
"庆三年正月","0","2","2"
"詹仰庇请求","0","2","2"
"皇后移居别","0","2","2"
"后移居别宫","0","2","2"
"因为事情牵","0","2","2"
"詹仰庇自己","0","2","2"
"每年的支出","0","2","2"
"过失归咎于","0","2","2"
"多少的数目","0","2","2"
"提取户部的","0","2","2"
"以备缓急之","0","2","2"
"备缓急之用","0","2","2"
"初因为正直","0","2","2"
"图谋取代他","0","2","2"
"次请求辞官","0","2","2"
"皇帝虽然安","0","2","2"
"帝虽然安慰","0","2","2"
"虽然安慰挽","0","2","2"
"到合适的人","0","2","2"
"全部交付给","0","2","2"
"的主管部门","0","2","2"
"不要让宦官","0","2","2"
"个人的好恶","0","2","2"
"令各位大臣","0","2","2"
"这样君臣之","0","2","2"
"样君臣之间","0","2","2"
"怎么能这么","0","2","2"
"为湖广副使","0","2","2"
"免除加派的","0","2","2"
"加派的赋税","0","2","2"
"谀奉承的人","0","2","2"
"贬为马邑典","0","2","2"
"为马邑典史","0","2","2"
"御史又弹劾","0","2","2"
"史又弹劾他","0","2","2"
"高拱以内阁","0","2","2"
"拱以内阁大","0","2","2"
"阁大臣身份","0","2","2"
"臣身份掌管","0","2","2"
"一两个言官","0","2","2"
"攻击自己所","0","2","2"
"遵守的规则","0","2","2"
"小小的过失","0","2","2"
"国家怎么能","0","2","2"
"纠察弹劾大","0","2","2"
"察弹劾大臣","0","2","2"
"借鉴以前的","0","2","2"
"望陛下明确","0","2","2"
"不久改任礼","0","2","2"
"久改任礼部","0","2","2"
"渐渐不如当","0","2","2"
"渐不如当初","0","2","2"
"的英明决断","0","2","2"
"忠诚的谋划","0","2","2"
"不下几十万","0","2","2"
"不看重奇异","0","2","2"
"看重奇异的","0","2","2"
"重奇异的东","0","2","2"
"国家的资财","0","2","2"
"一概置之不","0","2","2"
"的十条罪状","0","2","2"
"皇帝贬责了","0","2","2"
"奏章一起下","0","2","2"
"章一起下达","0","2","2"
"于是被提升","0","2","2"
"是被提升为","0","2","2"
"升为山西提","0","2","2"
"为山西提学","0","2","2"
"晋升为陕西","0","2","2"
"第二年考取","0","2","2"
"授职为中书","0","2","2"
"职为中书舍","0","2","2"
"升任礼科给","0","2","2"
"是大学士严","0","2","2"
"宗的诏令都","0","2","2"
"诏令都依从","0","2","2"
"令都依从了","0","2","2"
"任河南参议","0","2","2"
"以清正廉洁","0","2","2"
"世宗召他担","0","2","2"
"宗召他担任","0","2","2"
"都察院负责","0","2","2"
"的罪名处理","0","2","2"
"神宗认为他","0","2","2"
"宗认为他的","0","2","2"
"上奏请求禁","0","2","2"
"奏请求禁止","0","2","2"
"请求让商人","0","2","2"
"当年冬天他","0","2","2"
"神宗看重他","0","2","2"
"封赠为太子","0","2","2"
"他们世袭的","0","2","2"
"佥都御史辖","0","2","2"
"都御史辖治","0","2","2"
"西南少数民","0","2","2"
"南少数民族","0","2","2"
"命令副使杨","0","2","2"
"少数民族人","0","2","2"
"场都被淹没","0","2","2"
"了一千七百","0","2","2"
"十六丈长的","0","2","2"
"修筑了三千","0","2","2"
"皇帝下诏褒","0","2","2"
"帝下诏褒奖","0","2","2"
"依旧巡抚故","0","2","2"
"旧巡抚故地","0","2","2"
"任广西按察","0","2","2"
"御史接替他","0","2","2"
"达三百多里","0","2","2"
"伐并平定了","0","2","2"
"并平定了他","0","2","2"
"杀害了知县","0","2","2"
"任命为户部","0","2","2"
"命为户部右","0","2","2"
"他出任兵部","0","2","2"
"统辖两广的","0","2","2"
"辖两广的军","0","2","2"
"就任兵部尚","0","2","2"
"个月后去世","0","2","2"
"被搁置起来","0","2","2"
"他出京担任","0","2","2"
"担任甘肃巡","0","2","2"
"举荐与弹劾","0","2","2"
"督导南京的","0","2","2"
"升任大理寺","0","2","2"
"拱被罢免后","0","2","2"
"他担任右副","0","2","2"
"御史周之翰","0","2","2"
"史周之翰弹","0","2","2"
"周之翰弹劾","0","2","2"
"例极力争辩","0","2","2"
"自己请求罢","0","2","2"
"犯了大学士","0","2","2"
"勒令他辞职","0","2","2"
"刘台弹劾张","0","2","2"
"台弹劾张居","0","2","2"
"贤明的君主","0","2","2"
"别人攻击自","0","2","2"
"人攻击自己","0","2","2"
"现在张居正","0","2","2"
"正大为恼怒","0","2","2"
"皇帝指令他","0","2","2"
"升任兵科给","0","2","2"
"使者面向西","0","2","2"
"使者面向南","0","2","2"
"他被晋升为","0","2","2"
"奏请皇帝追","0","2","2"
"大臣的罪责","0","2","2"
"是大不敬的","0","2","2"
"几件不法的","0","2","2"
"件不法的事","0","2","2"
"下诏停止每","0","2","2"
"诏停止每天","0","2","2"
"停止每天的","0","2","2"
"同僚上奏称","0","2","2"
"还没有出现","0","2","2"
"王守仁在文","0","2","2"
"守仁在文庙","0","2","2"
"到主管部门","0","2","2"
"宗下诏同意","0","2","2"
"每年俸禄达","0","2","2"
"让他们耕种","0","2","2"
"地区的屯田","0","2","2"
"严格保甲制","0","2","2"
"格保甲制度","0","2","2"
"进入翰林院","0","2","2"
"最后没有施","0","2","2"
"后没有施行","0","2","2"
"他升任太仆","0","2","2"
"朝廷大臣对","0","2","2"
"高拱再次入","0","2","2"
"拱再次入阁","0","2","2"
"件重要的事","0","2","2"
"不久又请求","0","2","2"
"皇长子出宫","0","2","2"
"长子出宫接","0","2","2"
"子出宫接受","0","2","2"
"被当时的舆","0","2","2"
"敌寇大举侵","0","2","2"
"他上奏请求","0","2","2"
"上奏请求减","0","2","2"
"奏请求减少","0","2","2"
"皇帝罢黜了","0","2","2"
"不听从劝谏","0","2","2"
"皇帝登基的","0","2","2"
"终没有听从","0","2","2"
"命令京营的","0","2","2"
"等到高拱再","0","2","2"
"驱逐高拱的","0","2","2"
"被调出京城","0","2","2"
"为辽东苑马","0","2","2"
"一个儿子录","0","2","2"
"个儿子录入","0","2","2"
"儿子录入官","0","2","2"
"子录入官籍","0","2","2"
"历十九年春","0","2","2"
"堡袭击敌人","0","2","2"
"得二百八十","0","2","2"
"二百八十多","0","2","2"
"李成梁粉饰","0","2","2"
"成梁粉饰功","0","2","2"
"隐匿了他的","0","2","2"
"李宁的罪行","0","2","2"
"弹劾孙守廉","0","2","2"
"以前的功绩","0","2","2"
"李成梁等人","0","2","2"
"而内心认为","0","2","2"
"特别赦免了","0","2","2"
"别赦免了他","0","2","2"
"宗答复可以","0","2","2"
"日本受封与","0","2","2"
"本受封与朝","0","2","2"
"受封与朝贡","0","2","2"
"封与朝贡的","0","2","2"
"与朝贡的议","0","2","2"
"调任南京户","0","2","2"
"给事中郑岳","0","2","2"
"服丧期满后","0","2","2"
"担任刑部左","0","2","2"
"熟悉倭寇的","0","2","2"
"悉倭寇的情","0","2","2"
"他被任命为","0","2","2"
"认为应当处","0","2","2"
"为应当处死","0","2","2"
"赵学仕是大","0","2","2"
"学仕是大学","0","2","2"
"仕是大学士","0","2","2"
"是大学士赵","0","2","2"
"赵志皋的族","0","2","2"
"听任他离去","0","2","2"
"皇帝下诏挽","0","2","2"
"帝下诏挽留","0","2","2"
"下诏挽留他","0","2","2"
"张居正失望","0","2","2"
"奏章都被留","0","2","2"
"章都被留在","0","2","2"
"都被留在宫","0","2","2"
"被说动了心","0","2","2"
"皇帝不准许","0","2","2"
"他再次上奏","0","2","2"
"再次上奏请","0","2","2"
"领同僚劝谏","0","2","2"
"上奏请求回","0","2","2"
"奏请求回乡","0","2","2"
"极力陈述矿","0","2","2"
"力陈述矿税","0","2","2"
"这样的大臣","0","2","2"
"赵参鲁等人","0","2","2"
"担任顺天府","0","2","2"
"他极力陈述","0","2","2"
"压制了他的","0","2","2"
"制了他的提","0","2","2"
"破格提拔的","0","2","2"
"赵用贤因为","0","2","2"
"用贤因为拒","0","2","2"
"贤因为拒绝","0","2","2"
"因为拒绝婚","0","2","2"
"为拒绝婚事","0","2","2"
"神宗不允许","0","2","2"
"保全大臣的","0","2","2"
"全大臣的体","0","2","2"
"朝贡的事情","0","2","2"
"大臣讨论战","0","2","2"
"战守的情况","0","2","2"
"下达到兵部","0","2","2"
"论战守的事","0","2","2"
"被同意施行","0","2","2"
"又多次陈述","0","2","2"
"就转移到了","0","2","2"
"其他地方如","0","2","2"
"沈一贯一向","0","2","2"
"神宗都不听","0","2","2"
"于是神宗命","0","2","2"
"出任南京刑","0","2","2"
"大臣们请求","0","2","2"
"请求离去的","0","2","2"
"就听任他们","0","2","2"
"士张居正是","0","2","2"
"任南京右佥","0","2","2"
"佥都御史兼","0","2","2"
"增加兵力防","0","2","2"
"加兵力防守","0","2","2"
"兵力防守要","0","2","2"
"力防守要害","0","2","2"
"却得不到官","0","2","2"
"得不到官职","0","2","2"
"大理寺的事","0","2","2"
"理寺的事务","0","2","2"
"其余的人全","0","2","2"
"余的人全部","0","2","2"
"的人全部释","0","2","2"
"帝召见他并","0","2","2"
"任命为工部","0","2","2"
"升任南京工","0","2","2"
"身份在家闲","0","2","2"
"份在家闲居","0","2","2"
"遭遇父母丧","0","2","2"
"遇父母丧事","0","2","2"
"丧事而回乡","0","2","2"
"升任太子太","0","2","2"
"任太子太保","0","2","2"
"因为他年事","0","2","2"
"他们的才干","0","2","2"
"过职方郎中","0","2","2"
"经过的山川","0","2","2"
"的山川形势","0","2","2"
"畏惧而不敢","0","2","2"
"任山东提学","0","2","2"
"到肃州境内","0","2","2"
"敌一百四十","0","2","2"
"母亲的丧事","0","2","2"
"仇鸾镇守甘","0","2","2"
"鸾镇守甘肃","0","2","2"
"逮捕他治罪","0","2","2"
"授予他兵部","0","2","2"
"俺答迫近都","0","2","2"
"答迫近都城","0","2","2"
"十三年秋天","0","2","2"
"打来孙十多","0","2","2"
"来孙十多万","0","2","2"
"孙十多万骑","0","2","2"
"皇帝很担忧","0","2","2"
"子为锦衣千","0","2","2"
"亲的丧事而","0","2","2"
"丧事而辞官","0","2","2"
"用杨博代替","0","2","2"
"杨博代替他","0","2","2"
"十件善后事","0","2","2"
"件善后事宜","0","2","2"
"为给事中张","0","2","2"
"断绝敌寇窥","0","2","2"
"绝敌寇窥探","0","2","2"
"寇入侵山西","0","2","2"
"一向不喜欢","0","2","2"
"设计擒获了","0","2","2"
"擒获了他们","0","2","2"
"的水利设施","0","2","2"
"奏请敕令边","0","2","2"
"先帝的遗诏","0","2","2"
"劝谏而被治","0","2","2"
"谏而被治罪","0","2","2"
"被治罪的大","0","2","2"
"罪的大臣们","0","2","2"
"没有一人被","0","2","2"
"帝下诏令他","0","2","2"
"有什么效果","0","2","2"
"全都听从了","0","2","2"
"尽力替他解","0","2","2"
"力替他解脱","0","2","2"
"事情才算完","0","2","2"
"罗织他的罪","0","2","2"
"人们因此称","0","2","2"
"与刑部尚书","0","2","2"
"不久转任左","0","2","2"
"久转任左侍","0","2","2"
"兼任凤阳巡","0","2","2"
"任凤阳巡抚","0","2","2"
"一半的田租","0","2","2"
"出入的数目","0","2","2"
"皇帝亲拟诏","0","2","2"
"南地区供给","0","2","2"
"淮河以北地","0","2","2"
"一年的收入","0","2","2"
"以供给一年","0","2","2"
"部队的年度","0","2","2"
"队的年度给","0","2","2"
"的年度给养","0","2","2"
"六百三十多","0","2","2"
"进一步考虑","0","2","2"
"都依从了他","0","2","2"
"驿车归乡的","0","2","2"
"刘体乾的谏","0","2","2"
"体乾的谏言","0","2","2"
"供应的东西","0","2","2"
"提取太仓的","0","2","2"
"取太仓的银","0","2","2"
"太仓的银资","0","2","2"
"七十六万多","0","2","2"
"京师的军队","0","2","2"
"一百多万两","0","2","2"
"就没有办法","0","2","2"
"给事中李已","0","2","2"
"纷上书请求","0","2","2"
"太和山的香","0","2","2"
"有关部门负","0","2","2"
"关部门负责","0","2","2"
"被剥夺了半","0","2","2"
"剥夺了半年","0","2","2"
"皇帝曾经询","0","2","2"
"帝曾经询问","0","2","2"
"的人越来越","0","2","2"
"求皇帝听从","0","2","2"
"太仓的银两","0","2","2"
"用他任南京","0","2","2"
"皇帝都依从","0","2","2"
"帝都依从了","0","2","2"
"上疏弹劾吏","0","2","2"
"疏弹劾吏部","0","2","2"
"部尚书汪钅","0","2","2"
"贬为亳州判","0","2","2"
"为亳州判官","0","2","2"
"南京的粮储","0","2","2"
"成化元年以","0","2","2"
"化元年以后","0","2","2"
"户部侍郎兼","0","2","2"
"部侍郎兼任","0","2","2"
"淮安发生大","0","2","2"
"他与巡按御","0","2","2"
"正赶上皇帝","0","2","2"
"在左掖门外","0","2","2"
"定国家大计","0","2","2"
"商人的钱财","0","2","2"
"的几千两银","0","2","2"
"几千两银子","0","2","2"
"将他削职为","0","2","2"
"他削职为民","0","2","2"
"毛恺的官职","0","2","2"
"此之前已经","0","2","2"
"第二年考中","0","2","2"
"探得知此事","0","2","2"
"任山西按察","0","2","2"
"多余的资财","0","2","2"
"与徐阶不和","0","2","2"
"请求回家侍","0","2","2"
"求回家侍养","0","2","2"
"妄自进奉药","0","2","2"
"自进奉药物","0","2","2"
"陶仲文的方","0","2","2"
"仲文的方术","0","2","2"
"依赖什么呢","0","2","2"
"后来张居正","0","2","2"
"极力替他辩","0","2","2"
"力替他辩解","0","2","2"
"以年老为由","0","2","2"
"年老为由请","0","2","2"
"老为由请求","0","2","2"
"以廉洁平易","0","2","2"
"廉洁平易著","0","2","2"
"洁平易著称","0","2","2"
"任吉安知府","0","2","2"
"改任光禄寺","0","2","2"
"然而当时的","0","2","2"
"的财政开支","0","2","2"
"自从嘉靖中","0","2","2"
"从嘉靖中期","0","2","2"
"弱不能胜任","0","2","2"
"京郊的士卒","0","2","2"
"深入内地侵","0","2","2"
"五谷不充足","0","2","2"
"现在开始的","0","2","2"
"在有关部门","0","2","2"
"安抚他们的","0","2","2"
"以便系縻他","0","2","2"
"便系縻他们","0","2","2"
"系縻他们的","0","2","2"
"使他们骨肉","0","2","2"
"他们的心思","0","2","2"
"官仓的贮藏","0","2","2"
"就可以高枕","0","2","2"
"我私下以为","0","2","2"
"他被征召为","0","2","2"
"是称病回家","0","2","2"
"到这个问题","0","2","2"
"张居正卧病","0","2","2"
"十二年晋升","0","2","2"
"机要事务的","0","2","2"
"前还没有过","0","2","2"
"遇上继母的","0","2","2"
"诏令晋升他","0","2","2"
"令晋升他为","0","2","2"
"御殿接受朝","0","2","2"
"皇太子的礼","0","2","2"
"评事名隹于","0","2","2"
"事名隹于仁","0","2","2"
"的奏章一起","0","2","2"
"迅速决定大","0","2","2"
"速决定大计","0","2","2"
"二十年春季","0","2","2"
"年春季举行","0","2","2"
"春季举行册","0","2","2"
"季举行册立","0","2","2"
"向外廷宣告","0","2","2"
"不应该单独","0","2","2"
"百司的事务","0","2","2"
"有人劝他稍","0","2","2"
"皇帝派官员","0","2","2"
"晋升为詹事","0","2","2"
"奏请皇帝早","0","2","2"
"请皇帝早日","0","2","2"
"早日建立东","0","2","2"
"日建立东宫","0","2","2"
"临朝处理政","0","2","2"
"随父亲学习","0","2","2"
"济世的学问","0","2","2"
"皇帝亲近大","0","2","2"
"帝亲近大臣","0","2","2"
"三十多名言","0","2","2"
"十多名言官","0","2","2"
"奏疏请求皇","0","2","2"
"请求皇帝宽","0","2","2"
"请求罢免自","0","2","2"
"皇帝也不同","0","2","2"
"帝也不同意","0","2","2"
"陈于陛都是","0","2","2"
"是皇帝拒绝","0","2","2"
"合皇帝的心","0","2","2"
"历十二年冬","0","2","2"
"与他们勾连","0","2","2"
"历十四年春","0","2","2"
"十四年春季","0","2","2"
"并请求宽恕","0","2","2"
"姜应麟等人","0","2","2"
"到了万历十","0","2","2"
"因为士人的","0","2","2"
"请恢复建文","0","2","2"
"巡抚胡来贡","0","2","2"
"北岳的祭祀","0","2","2"
"别派遣大臣","0","2","2"
"派遣大臣到","0","2","2"
"意了他的奏","0","2","2"
"贵妃的父亲","0","2","2"
"后的父亲永","0","2","2"
"的父亲永年","0","2","2"
"父亲永年伯","0","2","2"
"人张国祥称","0","2","2"
"事情也就中","0","2","2"
"情也就中止","0","2","2"
"也就中止了","0","2","2"
"他坚持不同","0","2","2"
"京师长期干","0","2","2"
"师长期干旱","0","2","2"
"体恤百姓的","0","2","2"
"因为四方的","0","2","2"
"四方的灾难","0","2","2"
"礼部大臣不","0","2","2"
"并剥夺了他","0","2","2"
"他推辞不就","0","2","2"
"宗都不同意","0","2","2"
"归德是沈鲤","0","2","2"
"沈一贯从此","0","2","2"
"郭正域是沈","0","2","2"
"正域是沈鲤","0","2","2"
"域是沈鲤的","0","2","2"
"是沈鲤的门","0","2","2"
"朝廷内外阻","0","2","2"
"廷内外阻隔","0","2","2"
"神宗得到奏","0","2","2"
"宗得到奏疏","0","2","2"
"危害百姓的","0","2","2"
"补救的办法","0","2","2"
"志向得不到","0","2","2"
"世袭的官职","0","2","2"
"事情才作罢","0","2","2"
"于是赏赐给","0","2","2"
"是赏赐给他","0","2","2"
"宗听信宦官","0","2","2"
"皇帝很恼怒","0","2","2"
"派遣官员将","0","2","2"
"详细陈述了","0","2","2"
"于是果然没","0","2","2"
"当时沈一贯","0","2","2"
"沈一贯虽然","0","2","2"
"这没有先例","0","2","2"
"与沈一贯积","0","2","2"
"沈一贯积怨","0","2","2"
"他八十岁时","0","2","2"
"述当时政治","0","2","2"
"享年八十五","0","2","2"
"史刘台因为","0","2","2"
"刘台因为弹","0","2","2"
"台因为弹劾","0","2","2"
"张居正被逮","0","2","2"
"居正被逮捕","0","2","2"
"居正服丧未","0","2","2"
"正服丧未满","0","2","2"
"丧未满夺情","0","2","2"
"未满夺情出","0","2","2"
"时张居正已","0","2","2"
"称张居正的","0","2","2"
"正的母亲年","0","2","2"
"又转任左侍","0","2","2"
"升任礼部尚","0","2","2"
"升格祭祀于","0","2","2"
"穆宗升格祭","0","2","2"
"宣宗的宗庙","0","2","2"
"为三昭三穆","0","2","2"
"在太庙中祭","0","2","2"
"太庙中祭祀","0","2","2"
"出宫接受讲","0","2","2"
"皇帝迅速决","0","2","2"
"帝迅速决定","0","2","2"
"他的同僚下","0","2","2"
"的同僚下属","0","2","2"
"剥夺了俸禄","0","2","2"
"于是礼部官","0","2","2"
"是礼部官员","0","2","2"
"罪请求退休","0","2","2"
"人任内阁大","0","2","2"
"太子少保兼","0","2","2"
"慎行已经患","0","2","2"
"行已经患病","0","2","2"
"请求皇帝亲","0","2","2"
"年六十三岁","0","2","2"
"代替郭正域","0","2","2"
"遇上楚王华","0","2","2"
"上楚王华奎","0","2","2"
"白敫生光的","0","2","2"
"他的庶长子","0","2","2"
"廷机多次上","0","2","2"
"机多次上奏","0","2","2"
"也坚持不同","0","2","2"
"遇事有主见","0","2","2"
"将他囚禁于","0","2","2"
"李廷机入阁","0","2","2"
"的十二条罪","0","2","2"
"十二条罪状","0","2","2"
"人交替上奏","0","2","2"
"不断请求离","0","2","2"
"诏对他进行","0","2","2"
"外等待命令","0","2","2"
"人护送回乡","0","2","2"
"在家住了四","0","2","2"
"家住了四年","0","2","2"
"有大的过失","0","2","2"
"叶向高一同","0","2","2"
"又因为灾变","0","2","2"
"件可忧虑之","0","2","2"
"可忧虑之事","0","2","2"
"他奏请皇帝","0","2","2"
"与方从哲一","0","2","2"
"方从哲一起","0","2","2"
"吴道南上奏","0","2","2"
"为太子讲学","0","2","2"
"都杳无音信","0","2","2"
"皇帝好言回","0","2","2"
"帝好言回答","0","2","2"
"奏请皇帝永","0","2","2"
"请皇帝永远","0","2","2"
"请求皇帝罢","0","2","2"
"赵鸣阳的手","0","2","2"
"鸣阳的手笔","0","2","2"
"极力诋毁他","0","2","2"
"求皇帝立即","0","2","2"
"皇帝便赐给","0","2","2"
"帝便赐给他","0","2","2"
"赐给他路费","0","2","2"
"被晋升为太","0","2","2"
"赠封为少保","0","2","2"
"靖二十年的","0","2","2"
"为江西佥事","0","2","2"
"调任贵州提","0","2","2"
"任贵州提学","0","2","2"
"被赏赐银币","0","2","2"
"为应天府尹","0","2","2"
"升为户部右","0","2","2"
"崇尚节俭的","0","2","2"
"公朱希忠去","0","2","2"
"朱希忠去世","0","2","2"
"给事中朱南","0","2","2"
"出京担任河","0","2","2"
"京担任河南","0","2","2"
"升为山西右","0","2","2"
"为山西右参","0","2","2"
"一百五十顷","0","2","2"
"他以左侍郎","0","2","2"
"以左侍郎的","0","2","2"
"的身份总督","0","2","2"
"俺答侵犯石","0","2","2"
"答侵犯石州","0","2","2"
"世威等人出","0","2","2"
"第二年诏令","0","2","2"
"因疾病辞官","0","2","2"
"给事中张卤","0","2","2"
"事中张卤的","0","2","2"
"两人都被罢","0","2","2"
"陕西三边的","0","2","2"
"西三边的军","0","2","2"
"巢穴的功劳","0","2","2"
"他为刑部尚","0","2","2"
"张居正的父","0","2","2"
"居正的父亲","0","2","2"
"的父亲去世","0","2","2"
"杖责议论的","0","2","2"
"被赠为太子","0","2","2"
"他们全部抓","0","2","2"
"们全部抓获","0","2","2"
"他的儿子李","0","2","2"
"出任南京右","0","2","2"
"上奏罢除了","0","2","2"
"到了牛栏山","0","2","2"
"又合二为一","0","2","2"
"招募当地人","0","2","2"
"留下的人都","0","2","2"
"有三十万人","0","2","2"
"额定兵士十","0","2","2"
"年的利益所","0","2","2"
"的利益所在","0","2","2"
"他的事情将","0","2","2"
"的事情将他","0","2","2"
"皇帝下诏准","0","2","2"
"帝下诏准许","0","2","2"
"下诏准许他","0","2","2"
"他解除官职","0","2","2"
"解除官职听","0","2","2"
"除官职听候","0","2","2"
"汇报了他的","0","2","2"
"报了他的功","0","2","2"
"不久被任命","0","2","2"
"久被任命为","0","2","2"
"命令他前往","0","2","2"
"才出任南京","0","2","2"
"任命他为户","0","2","2"
"命他为户部","0","2","2"
"他为户部尚","0","2","2"
"奉皇帝的诏","0","2","2"
"万多两白银","0","2","2"
"十多年的积","0","2","2"
"多年的积蓄","0","2","2"
"三百多万两","0","2","2"
"百多万两白","0","2","2"
"现在因为一","0","2","2"
"一年的赋税","0","2","2"
"达八百万石","0","2","2"
"在京城东面","0","2","2"
"已经下诏同","0","2","2"
"经下诏同意","0","2","2"
"他改任兵部","0","2","2"
"拿着皇帝的","0","2","2"
"给事中张养","0","2","2"
"任广西右参","0","2","2"
"他进入朝廷","0","2","2"
"上奏陈述了","0","2","2"
"又重新设置","0","2","2"
"有多余的积","0","2","2"
"投机取巧的","0","2","2"
"应该全部交","0","2","2"
"该全部交付","0","2","2"
"听到皇帝的","0","2","2"
"天子的权力","0","2","2"
"罗织罪名的","0","2","2"
"害善良的人","0","2","2"
"等人也极力","0","2","2"
"也极力陈述","0","2","2"
"帝都不听从","0","2","2"
"向皇帝诉说","0","2","2"
"又请求释放","0","2","2"
"他们都得到","0","2","2"
"都得到宽恕","0","2","2"
"可以不处死","0","2","2"
"等人的罪过","0","2","2"
"任陕西参政","0","2","2"
"他再次上疏","0","2","2"
"了嘉靖三十","0","2","2"
"三十四年以","0","2","2"
"十四年以后","0","2","2"
"告示朝廷内","0","2","2"
"示朝廷内外","0","2","2"
"他响应诏令","0","2","2"
"响应诏令上","0","2","2"
"帝接纳并嘉","0","2","2"
"接纳并嘉奖","0","2","2"
"纳并嘉奖了","0","2","2"
"并嘉奖了他","0","2","2"
"将过失归咎","0","2","2"
"于是回到家","0","2","2"
"是回到家乡","0","2","2"
"的丧事回家","0","2","2"
"久晋升为右","0","2","2"
"上任就改任","0","2","2"
"任浙江巡抚","0","2","2"
"李世达请求","0","2","2"
"他又被命为","0","2","2"
"命为刑部尚","0","2","2"
"交法司处理","0","2","2"
"子监学习礼","0","2","2"
"命令户部尚","0","2","2"
"令户部尚书","0","2","2"
"身边的侍从","0","2","2"
"浙江发生饥","0","2","2"
"江发生饥荒","0","2","2"
"李世达上奏","0","2","2"
"十一年他与","0","2","2"
"一年他与吏","0","2","2"
"年他与吏部","0","2","2"
"他与吏部尚","0","2","2"
"人全部贬斥","0","2","2"
"于是他请求","0","2","2"
"部侍郎赵用","0","2","2"
"七年后去世","0","2","2"
"为云南布政","0","2","2"
"任文选郎中","0","2","2"
"因急事请假","0","2","2"
"事请假离去","0","2","2"
"调他到南京","0","2","2"
"调任工部右","0","2","2"
"侍郎升为尚","0","2","2"
"郎升为尚书","0","2","2"
"到一万五千","0","2","2"
"曾同亨上奏","0","2","2"
"皇帝不接纳","0","2","2"
"的工程完工","0","2","2"
"下诏令他乘","0","2","2"
"政者的意愿","0","2","2"
"根据地方的","0","2","2"
"考核的依据","0","2","2"
"认为他的建","0","2","2"
"为他的建议","0","2","2"
"他的建议很","0","2","2"
"的建议很好","0","2","2"
"举荐和弹劾","0","2","2"
"任礼科都给","0","2","2"
"他出任应天","0","2","2"
"出任应天府","0","2","2"
"任应天府丞","0","2","2"
"调任光禄卿","0","2","2"
"防御滹沱河","0","2","2"
"部尚书何起","0","2","2"
"尚书何起鸣","0","2","2"
"是攻击辛自","0","2","2"
"攻击辛自修","0","2","2"
"弹劾何起鸣","0","2","2"
"奏疏更加不","0","2","2"
"又上奏争辩","0","2","2"
"于是削夺了","0","2","2"
"是削夺了他","0","2","2"
"他担任工部","0","2","2"
"允许他的儿","0","2","2"
"许他的儿子","0","2","2"
"于是恢复了","0","2","2"
"被举荐担任","0","2","2"
"担任户部左","0","2","2"
"后担任南京","0","2","2"
"请求回乡养","0","2","2"
"求回乡养老","0","2","2"
"矿税使四出","0","2","2"
"他们全部放","0","2","2"
"得到五十万","0","2","2"
"人全部逮捕","0","2","2"
"广东的李凤","0","2","2"
"陕西的梁永","0","2","2"
"云南的杨荣","0","2","2"
"给事中姚文","0","2","2"
"事中姚文尉","0","2","2"
"发了于永清","0","2","2"
"宫中没有下","0","2","2"
"中没有下发","0","2","2"
"皇帝一向看","0","2","2"
"帝一向看重","0","2","2"
"造反的罪状","0","2","2"
"杨时乔主持","0","2","2"
"时乔主持此","0","2","2"
"乔主持此事","0","2","2"
"沈一贯想庇","0","2","2"
"一贯想庇护","0","2","2"
"奏疏送入宫","0","2","2"
"疏送入宫中","0","2","2"
"接连上奏攻","0","2","2"
"连上奏攻击","0","2","2"
"上奏攻击温","0","2","2"
"奏攻击温纯","0","2","2"
"一事的处理","0","2","2"
"朝廷大臣大","0","2","2"
"给事中陈嘉","0","2","2"
"陈嘉训等人","0","2","2"
"温纯结束仕","0","2","2"
"纯结束仕途","0","2","2"
"不得超过十","0","2","2"
"有关部门要","0","2","2"
"论事情的人","0","2","2"
"赵世卿上奏","0","2","2"
"取士的名额","0","2","2"
"紧急的事情","0","2","2"
"被起用为户","0","2","2"
"出京任陕西","0","2","2"
"减少了三分","0","2","2"
"少了三分之","0","2","2"
"每年增加二","0","2","2"
"年增加二十","0","2","2"
"加二十万两","0","2","2"
"二十万两金","0","2","2"
"十万两金花","0","2","2"
"万两金花银","0","2","2"
"以及太仆寺","0","2","2"
"税监刘成因","0","2","2"
"免去一半的","0","2","2"
"这是为国家","0","2","2"
"国家的赋税","0","2","2"
"天子的命令","0","2","2"
"一年四季一","0","2","2"
"的什么事情","0","2","2"
"么事情不是","0","2","2"
"是取之于民","0","2","2"
"所以现在要","0","2","2"
"施行他的建","0","2","2"
"了万历三十","0","2","2"
"稍稍减少了","0","2","2"
"百姓深受其","0","2","2"
"二十七万两","0","2","2"
"七万两白银","0","2","2"
"多次派宦官","0","2","2"
"并且弹劾赵","0","2","2"
"举行大婚之","0","2","2"
"行大婚之礼","0","2","2"
"吏部尚书空","0","2","2"
"赵世卿极力","0","2","2"
"极力推举他","0","2","2"
"于是朝廷大","0","2","2"
"马孟祯等人","0","2","2"
"在家居住七","0","2","2"
"家居住七年","0","2","2"
"征召为工科","0","2","2"
"召为工科给","0","2","2"
"部边疆的事","0","2","2"
"调任太常少","0","2","2"
"李汝华认为","0","2","2"
"最后同意了","0","2","2"
"他为户部左","0","2","2"
"臣进行争辩","0","2","2"
"请求遵循祖","0","2","2"
"还上奏陈述","0","2","2"
"的粮饷不够","0","2","2"
"他兼管吏部","0","2","2"
"请求调拨内","0","2","2"
"求调拨内府","0","2","2"
"调拨内府的","0","2","2"
"的拖欠赋税","0","2","2"
"工匠的口粮","0","2","2"
"春请求增加","0","2","2"
"请求增加兵","0","2","2"
"全国的田赋","0","2","2"
"第二年又提","0","2","2"
"五百二十多","0","2","2"
"于是成为每","0","2","2"
"是成为每年","0","2","2"
"成为每年的","0","2","2"
"每年的数额","0","2","2"
"而枢密大臣","0","2","2"
"增加的赋税","0","2","2"
"部队的粮饷","0","2","2"
"在户部任职","0","2","2"
"国家的盛衰","0","2","2"
"历任左庶子","0","2","2"
"当时申时行","0","2","2"
"任少傅兼太","0","2","2"
"安排在各个","0","2","2"
"申时行任首","0","2","2"
"时行任首辅","0","2","2"
"于是请求将","0","2","2"
"将丁此吕贬","0","2","2"
"丁此吕贬出","0","2","2"
"此吕贬出京","0","2","2"
"从了杨巍的","0","2","2"
"地上奏请求","0","2","2"
"议论的人更","0","2","2"
"论的人更加","0","2","2"
"的人更加不","0","2","2"
"人更加不满","0","2","2"
"言路一天天","0","2","2"
"的姻亲徐学","0","2","2"
"姻亲徐学谟","0","2","2"
"织造的数额","0","2","2"
"徐贞明的提","0","2","2"
"贞明的提议","0","2","2"
"郑洛为经略","0","2","2"
"不能有大的","0","2","2"
"有大的建树","0","2","2"
"帝大为恼怒","0","2","2"
"发他的奏章","0","2","2"
"请求建立储","0","2","2"
"皇帝曾下诏","0","2","2"
"时行奏请皇","0","2","2"
"行奏请皇帝","0","2","2"
"臣的奏章一","0","2","2"
"告诫朝廷大","0","2","2"
"诫朝廷大臣","0","2","2"
"廷大臣不要","0","2","2"
"起初不知道","0","2","2"
"册立皇储的","0","2","2"
"皇帝亲自裁","0","2","2"
"帝亲自裁定","0","2","2"
"极力请求退","0","2","2"
"他回乡三年","0","2","2"
"传到他家门","0","2","2"
"他就去世了","0","2","2"
"先因为平定","0","2","2"
"试中获第一","0","2","2"
"中获第一名","0","2","2"
"人到张居正","0","2","2"
"因为王锡爵","0","2","2"
"与大臣申时","0","2","2"
"三个人都是","0","2","2"
"的儿子王衡","0","2","2"
"儿子王衡考","0","2","2"
"试的第一名","0","2","2"
"王锡爵上奏","0","2","2"
"王锡爵奏请","0","2","2"
"侵犯西部边","0","2","2"
"犯西部边疆","0","2","2"
"的意见相合","0","2","2"
"于是皇帝赐","0","2","2"
"是皇帝赐给","0","2","2"
"在此之前有","0","2","2"
"王锡爵秘密","0","2","2"
"请皇帝决定","0","2","2"
"皇帝派遣内","0","2","2"
"帝派遣内侍","0","2","2"
"亲手写的诏","0","2","2"
"手写的诏书","0","2","2"
"子为自己的","0","2","2"
"给事中史孟","0","2","2"
"朝廷大臣和","0","2","2"
"极力奏请皇","0","2","2"
"力奏请皇帝","0","2","2"
"李腾芳也上","0","2","2"
"弹劾自己的","0","2","2"
"便奏请皇帝","0","2","2"
"皇帝召见大","0","2","2"
"迅速册立皇","0","2","2"
"又极力劝谏","0","2","2"
"告谕王锡爵","0","2","2"
"参与宫外事","0","2","2"
"帝点头称是","0","2","2"
"王德完等人","0","2","2"
"等人又极力","0","2","2"
"亲手写诏书","0","2","2"
"的礼仪完成","0","2","2"
"江南的织造","0","2","2"
"停止江西的","0","2","2"
"江西的陶器","0","2","2"
"他接连上奏","0","2","2"
"上奏称病请","0","2","2"
"奏称病请求","0","2","2"
"次加封太子","0","2","2"
"派遣官员带","0","2","2"
"遣官员带着","0","2","2"
"特意加封他","0","2","2"
"意加封他为","0","2","2"
"人到他家中","0","2","2"
"到他家中请","0","2","2"
"沈一贯再次","0","2","2"
"沈一贯上奏","0","2","2"
"它还给皇帝","0","2","2"
"才没有中止","0","2","2"
"与平定杨应","0","2","2"
"都是在皇帝","0","2","2"
"将诸位大臣","0","2","2"
"皇帝身边侍","0","2","2"
"位已经很久","0","2","2"
"佐他成为贤","0","2","2"
"宫殿的工程","0","2","2"
"罪的诸位大","0","2","2"
"二十多人到","0","2","2"
"当时吏部尚","0","2","2"
"的人每天都","0","2","2"
"人每天都有","0","2","2"
"用人与行政","0","2","2"
"人渐渐不和","0","2","2"
"不喜欢他们","0","2","2"
"吕本的谥号","0","2","2"
"从此他更加","0","2","2"
"的事情发生","0","2","2"
"正域与沈鲤","0","2","2"
"沈令誉等人","0","2","2"
"了郭正域的","0","2","2"
"郭正域的船","0","2","2"
"在罢黜之列","0","2","2"
"沈一贯恼怒","0","2","2"
"察的奏疏也","0","2","2"
"接连弹劾他","0","2","2"
"沈一贯回乡","0","2","2"
"的党羽也因","0","2","2"
"受到世人的","0","2","2"
"家居住十年","0","2","2"
"居住十年后","0","2","2"
"住十年后去","0","2","2"
"次迁官后升","0","2","2"
"迁官后升任","0","2","2"
"士叶向高奏","0","2","2"
"叶向高奏请","0","2","2"
"用他为礼部","0","2","2"
"多次出现灾","0","2","2"
"顺从皇帝的","0","2","2"
"是将他们全","0","2","2"
"方从哲执政","0","2","2"
"军队攻克抚","0","2","2"
"队攻克抚顺","0","2","2"
"御史弹劾他","0","2","2"
"方从哲上奏","0","2","2"
"希望陛下大","0","2","2"
"望陛下大振","0","2","2"
"自己的官职","0","2","2"
"科给事中赵","0","2","2"
"两次上奏弹","0","2","2"
"次上奏弹劾","0","2","2"
"奏弹劾他们","0","2","2"
"臣在文华门","0","2","2"
"皇帝的答复","0","2","2"
"皇帝始终没","0","2","2"
"驾临文华殿","0","2","2"
"也没有答复","0","2","2"
"奏请补充内","0","2","2"
"请补充内阁","0","2","2"
"皇帝一向厌","0","2","2"
"帝一向厌恶","0","2","2"
"方从哲单独","0","2","2"
"从哲单独执","0","2","2"
"哲单独执政","0","2","2"
"七月二十九","0","2","2"
"选侍为皇后","0","2","2"
"请求册封太","0","2","2"
"册封贵妃为","0","2","2"
"封贵妃为皇","0","2","2"
"侍郎孙如游","0","2","2"
"宦官崔文升","0","2","2"
"方从哲向皇","0","2","2"
"从哲向皇帝","0","2","2"
"并答应了他","0","2","2"
"御史顾忄造","0","2","2"
"称他为忠臣","0","2","2"
"赏赐李可灼","0","2","2"
"皇长子出来","0","2","2"
"方从哲只是","0","2","2"
"和御史左光","0","2","2"
"第二天庚辰","0","2","2"
"史王安舜弹","0","2","2"
"王安舜弹劾","0","2","2"
"方从哲草拟","0","2","2"
"请交给法司","0","2","2"
"李可灼的罪","0","2","2"
"可灼的罪行","0","2","2"
"而且给事中","0","2","2"
"处理事务时","0","2","2"
"发生梃击案","0","2","2"
"李可灼奉献","0","2","2"
"王允成等人","0","2","2"
"皇帝仍不听","0","2","2"
"赞同孙慎行","0","2","2"
"偏袒方从哲","0","2","2"
"呈送药的前","0","2","2"
"送药的前后","0","2","2"
"药的前后经","0","2","2"
"的前后经过","0","2","2"
"与户部尚书","0","2","2"
"李可灼不是","0","2","2"
"让朝廷内外","0","2","2"
"方从哲的请","0","2","2"
"从哲的请求","0","2","2"
"削夺他的官","0","2","2"
"沈节甫坚持","0","2","2"
"节甫坚持不","0","2","2"
"为光禄寺丞","0","2","2"
"召见并委任","0","2","2"
"见并委任他","0","2","2"
"考取万历二","0","2","2"
"取万历二十","0","2","2"
"官至南京礼","0","2","2"
"至南京礼部","0","2","2"
"任用了他们","0","2","2"
"还没有到任","0","2","2"
"进忠是魏忠","0","2","2"
"忠是魏忠贤","0","2","2"
"辽左的战事","0","2","2"
"所招募的兵","0","2","2"
"马都尉王籨","0","2","2"
"在宫廷内外","0","2","2"
"详尽揭发了","0","2","2"
"上奏弹劾沈","0","2","2"
"被削夺官籍","0","2","2"
"有失大臣的","0","2","2"
"失大臣的体","0","2","2"
"做了礼部左","0","2","2"
"了礼部左侍","0","2","2"
"第二年加官","0","2","2"
"加封为礼部","0","2","2"
"封为礼部侍","0","2","2"
"十九年冬天","0","2","2"
"年二月初一","0","2","2"
"宗大为恼怒","0","2","2"
"李东华等人","0","2","2"
"尚书吴鹏一","0","2","2"
"推辞不上任","0","2","2"
"考取第一名","0","2","2"
"遭遇父亲的","0","2","2"
"遇父亲的丧","0","2","2"
"封他为礼部","0","2","2"
"都认为他的","0","2","2"
"事到内阁中","0","2","2"
"谁能替代他","0","2","2"
"也始终没有","0","2","2"
"没有依附他","0","2","2"
"于诸生之中","0","2","2"
"考取会试第","0","2","2"
"取会试第一","0","2","2"
"殿试第二名","0","2","2"
"派使者秘密","0","2","2"
"祭酒的事务","0","2","2"
"又升为吏部","0","2","2"
"张居正守丧","0","2","2"
"家中没有多","0","2","2"
"中没有多余","0","2","2"
"有多余的资","0","2","2"
"追赠他为礼","0","2","2"
"赠他为礼部","0","2","2"
"奏章的时候","0","2","2"
"参加会试时","0","2","2"
"严辞拒绝了","0","2","2"
"主持南畿的","0","2","2"
"乡探望母亲","0","2","2"
"就应当思虑","0","2","2"
"就可以知道","0","2","2"
"内阁大臣们","0","2","2"
"尚书于慎行","0","2","2"
"次请求皇上","0","2","2"
"晋升为本部","0","2","2"
"星白天出现","0","2","2"
"他们却专门","0","2","2"
"或者诬陷他","0","2","2"
"者诬陷他们","0","2","2"
"从哪里取得","0","2","2"
"百姓的怨忿","0","2","2"
"它们一天天","0","2","2"
"朝廷大臣共","0","2","2"
"廷大臣共同","0","2","2"
"册立东宫太","0","2","2"
"下令停止征","0","2","2"
"令停止征收","0","2","2"
"停止征收矿","0","2","2"
"止征收矿税","0","2","2"
"沈一贯秘密","0","2","2"
"称他们两人","0","2","2"
"以及李三才","0","2","2"
"过失的名义","0","2","2"
"考察的时候","0","2","2"
"党徒大为哗","0","2","2"
"徒大为哗然","0","2","2"
"上奏极力攻","0","2","2"
"奏极力攻击","0","2","2"
"极力攻击王","0","2","2"
"力攻击王图","0","2","2"
"也请求退休","0","2","2"
"升任少詹事","0","2","2"
"为镇国将军","0","2","2"
"了二十多年","0","2","2"
"派遣使者朝","0","2","2"
"弹劾翁正春","0","2","2"
"科举考场上","0","2","2"
"举考场上的","0","2","2"
"协助掌管詹","0","2","2"
"助掌管詹事","0","2","2"
"看见他的人","0","2","2"
"无不肃然起","0","2","2"
"不肃然起敬","0","2","2"
"第二次变化","0","2","2"
"是张居正专","0","2","2"
"历任右庶子","0","2","2"
"御史赵之翰","0","2","2"
"唐文献与同","0","2","2"
"文献与同僚","0","2","2"
"献与同僚杨","0","2","2"
"与同僚杨道","0","2","2"
"唐文献等人","0","2","2"
"像你所说的","0","2","2"
"皇帝下诏追","0","2","2"
"三十九年的","0","2","2"
"历任太常少","0","2","2"
"皇帝的意旨","0","2","2"
"于是沈一贯","0","2","2"
"提升为尚宝","0","2","2"
"被削去官职","0","2","2"
"生一千多人","0","2","2"
"奏疏下发给","0","2","2"
"疏下发给九","0","2","2"
"下发给九卿","0","2","2"
"受当权宦官","0","2","2"
"权宦官的祸","0","2","2"
"宦官的祸害","0","2","2"
"处置当权宦","0","2","2"
"置当权宦官","0","2","2"
"权宦官的办","0","2","2"
"宦官的办法","0","2","2"
"希望皇上遵","0","2","2"
"望皇上遵循","0","2","2"
"涉及魏忠贤","0","2","2"
"都留在宫中","0","2","2"
"熹宗不同意","0","2","2"
"担任东宫的","0","2","2"
"任命他为国","0","2","2"
"命他为国子","0","2","2"
"他为国子监","0","2","2"
"归向东宫的","0","2","2"
"向东宫的是","0","2","2"
"看到魏忠贤","0","2","2"
"负责经筵讲","0","2","2"
"升为南京国","0","2","2"
"有二十多人","0","2","2"
"庄烈帝继位","0","2","2"
"任他为礼部","0","2","2"
"我的确担心","0","2","2"
"他请假回乡","0","2","2"
"怀疑奏疏出","0","2","2"
"疑奏疏出自","0","2","2"
"有关部门处","0","2","2"
"关部门处理","0","2","2"
"半年的俸禄","0","2","2"
"在家居住两","0","2","2"
"家居住两年","0","2","2"
"居住两年后","0","2","2"
"住两年后去","0","2","2"
"依照原来的","0","2","2"
"时温体仁当","0","2","2"
"先帝的实录","0","2","2"
"原实录详细","0","2","2"
"实录详细记","0","2","2"
"录详细记载","0","2","2"
"详细记载的","0","2","2"
"登基后的事","0","2","2"
"在位一个月","0","2","2"
"在嘉靖年间","0","2","2"
"每年有固定","0","2","2"
"有固定的时","0","2","2"
"固定的时间","0","2","2"
"现在的制度","0","2","2"
"生身份参加","0","2","2"
"魏忠贤的势","0","2","2"
"忠贤的势力","0","2","2"
"负责福建的","0","2","2"
"起用为少詹","0","2","2"
"用为少詹事","0","2","2"
"服上刑的话","0","2","2"
"杨嗣昌主持","0","2","2"
"言官都攻击","0","2","2"
"便削夺了他","0","2","2"
"任命他为南","0","2","2"
"命他为南京","0","2","2"
"专门的庙宇","0","2","2"
"皇帝的庙号","0","2","2"
"大行皇帝的","0","2","2"
"得皇帝信任","0","2","2"
"尸体投入江","0","2","2"
"体投入江中","0","2","2"
"功升为左副","0","2","2"
"不服从命令","0","2","2"
"马文升代替","0","2","2"
"时逢余子俊","0","2","2"
"被起用为左","0","2","2"
"都欢欣鼓舞","0","2","2"
"宗下诏起用","0","2","2"
"得不到允准","0","2","2"
"不知道害怕","0","2","2"
"对付的办法","0","2","2"
"在兵部任职","0","2","2"
"是对国家有","0","2","2"
"国家有利的","0","2","2"
"浙江以及南","0","2","2"
"江以及南畿","0","2","2"
"有关部门救","0","2","2"
"全面地陈述","0","2","2"
"倪岳任吏部","0","2","2"
"岳任吏部尚","0","2","2"
"开御前讲席","0","2","2"
"停止额外织","0","2","2"
"一品官满了","0","2","2"
"品官满了九","0","2","2"
"官满了九年","0","2","2"
"在京城以外","0","2","2"
"儿子都在京","0","2","2"
"为马文升的","0","2","2"
"就任命他为","0","2","2"
"当作左右手","0","2","2"
"讨伐安南的","0","2","2"
"书余子俊说","0","2","2"
"答应其请求","0","2","2"
"大夏为右副","0","2","2"
"夏为右副都","0","2","2"
"又疏通孙家","0","2","2"
"共三百六十","0","2","2"
"名为安平镇","0","2","2"
"赐玺书褒奖","0","2","2"
"大夏磕头说","0","2","2"
"祖宗留下的","0","2","2"
"拿不定主意","0","2","2"
"帝的命令一","0","2","2"
"的命令一下","0","2","2"
"异多次出现","0","2","2"
"朝政的过失","0","2","2"
"孝宗不答应","0","2","2"
"革除的弊端","0","2","2"
"便殿召见大","0","2","2"
"为什么现在","0","2","2"
"以刘健为首","0","2","2"
"宦官苗逵的","0","2","2"
"等竭力劝阻","0","2","2"
"几乎误了大","0","2","2"
"乎误了大事","0","2","2"
"的军队作为","0","2","2"
"为后世效法","0","2","2"
"四方镇守宦","0","2","2"
"方镇守宦官","0","2","2"
"武宗都不理","0","2","2"
"他太子太保","0","2","2"
"为孝宗所信","0","2","2"
"孝宗所信任","0","2","2"
"面前进谗言","0","2","2"
"的十分之二","0","2","2"
"要以激变罪","0","2","2"
"李东阳从中","0","2","2"
"年五月去世","0","2","2"
"他被逮捕时","0","2","2"
"就是刘大夏","0","2","2"
"胡氵荧推荐","0","2","2"
"提升刑部右","0","2","2"
"给群臣讨论","0","2","2"
"文渊被加封","0","2","2"
"改任刑部主","0","2","2"
"到这时每年","0","2","2"
"百姓才开始","0","2","2"
"百姓得到好","0","2","2"
"姓得到好处","0","2","2"
"升为都察院","0","2","2"
"一旦遇到敌","0","2","2"
"税的十分之","0","2","2"
"半年以上的","0","2","2"
"出现人吃人","0","2","2"
"现人吃人的","0","2","2"
"离失所的人","0","2","2"
"于是相安无","0","2","2"
"是相安无事","0","2","2"
"调到南京任","0","2","2"
"任用正直的","0","2","2"
"应该恢复旧","0","2","2"
"该恢复旧制","0","2","2"
"宗立即批准","0","2","2"
"制造大案件","0","2","2"
"退职的原因","0","2","2"
"给事中吴世","0","2","2"
"一个人的私","0","2","2"
"太常少卿兼","0","2","2"
"常少卿兼侍","0","2","2"
"少卿兼侍读","0","2","2"
"一起上疏争","0","2","2"
"如洪武年间","0","2","2"
"清理军队的","0","2","2"
"军队的弊病","0","2","2"
"代为起草奏","0","2","2"
"为起草奏章","0","2","2"
"叶淇为户部","0","2","2"
"人不可胜数","0","2","2"
"派遣官员查","0","2","2"
"调查的官员","0","2","2"
"周经的意见","0","2","2"
"田还给百姓","0","2","2"
"违背圣上旨","0","2","2"
"背圣上旨意","0","2","2"
"严厉的斥责","0","2","2"
"第二次上疏","0","2","2"
"次上疏要求","0","2","2"
"上疏极力规","0","2","2"
"疏极力规劝","0","2","2"
"侵夺民田的","0","2","2"
"太仆寺的银","0","2","2"
"仆寺的银两","0","2","2"
"搜刮天下的","0","2","2"
"也在所不惜","0","2","2"
"御史因此弹","0","2","2"
"史因此弹劾","0","2","2"
"但仍可任用","0","2","2"
"就称病离去","0","2","2"
"最终被停止","0","2","2"
"宣德年间的","0","2","2"
"灾异发生的","0","2","2"
"在朝廷之上","0","2","2"
"保卫京城的","0","2","2"
"水灾旱灾不","0","2","2"
"享年五十八","0","2","2"
"平定贵州的","0","2","2"
"任务完成后","0","2","2"
"又过了四年","0","2","2"
"病回家休养","0","2","2"
"副都御史职","0","2","2"
"的粮食供应","0","2","2"
"以十分之九","0","2","2"
"帝表示同意","0","2","2"
"李敏两次上","0","2","2"
"敏两次上疏","0","2","2"
"坚执不同意","0","2","2"
"征税银三分","0","2","2"
"京师发生大","0","2","2"
"师发生大水","0","2","2"
"因诸王没有","0","2","2"
"御史都被逮","0","2","2"
"史都被逮捕","0","2","2"
"医为他治病","0","2","2"
"有关部门审","0","2","2"
"关部门审理","0","2","2"
"为大同巡抚","0","2","2"
"官员请求给","0","2","2"
"边粮储备因","0","2","2"
"粮储备因此","0","2","2"
"十三年的进","0","2","2"
"三年的进士","0","2","2"
"当时有一个","0","2","2"
"管仓库的官","0","2","2"
"升任为右副","0","2","2"
"巡视两淮盐","0","2","2"
"在宪宗面前","0","2","2"
"朝廷讨论派","0","2","2"
"廷讨论派遣","0","2","2"
"讨论派遣大","0","2","2"
"论派遣大臣","0","2","2"
"巡抚这一地","0","2","2"
"抚这一地区","0","2","2"
"朝廷召侣钟","0","2","2"
"右侍郎之职","0","2","2"
"漕运船只运","0","2","2"
"任徽州知府","0","2","2"
"改任吏部侍","0","2","2"
"定的赋税标","0","2","2"
"的赋税标准","0","2","2"
"宗大为高兴","0","2","2"
"后升为侍讲","0","2","2"
"武宗便装外","0","2","2"
"宗便装外出","0","2","2"
"上书请武宗","0","2","2"
"走出居庸关","0","2","2"
"澄等一次次","0","2","2"
"都不予答复","0","2","2"
"朱寿率领天","0","2","2"
"寿率领天子","0","2","2"
"率领天子的","0","2","2"
"臣们一起上","0","2","2"
"的朝贺礼仪","0","2","2"
"凡是祭祀天","0","2","2"
"是祭祀天地","0","2","2"
"和大臣们一","0","2","2"
"祖宗的大业","0","2","2"
"不知道是什","0","2","2"
"知道是什么","0","2","2"
"这个称号的","0","2","2"
"储还没有确","0","2","2"
"天下的名山","0","2","2"
"下的名山大","0","2","2"
"住了一年多","0","2","2"
"举行献俘仪","0","2","2"
"行献俘仪式","0","2","2"
"用天子之礼","0","2","2"
"论兴献王的","0","2","2"
"递上决议说","0","2","2"
"王为皇太子","0","2","2"
"是皇太子的","0","2","2"
"皇太子的亲","0","2","2"
"太子的亲生","0","2","2"
"现在陛下入","0","2","2"
"陛下入宫继","0","2","2"
"下入宫继承","0","2","2"
"入宫继承了","0","2","2"
"二个儿子崇","0","2","2"
"个儿子崇仁","0","2","2"
"儿子崇仁王","0","2","2"
"濮安懿王的","0","2","2"
"仁宗做儿子","0","2","2"
"继给人做儿","0","2","2"
"给人做儿子","0","2","2"
"王位的正统","0","2","2"
"这可以作为","0","2","2"
"可以作为千","0","2","2"
"以作为千秋","0","2","2"
"作为千秋万","0","2","2"
"宗愤怒地说","0","2","2"
"又召集大臣","0","2","2"
"过继给人就","0","2","2"
"继给人就是","0","2","2"
"给人就是人","0","2","2"
"人就是人家","0","2","2"
"兴献王的儿","0","2","2"
"献王的儿子","0","2","2"
"王的儿子只","0","2","2"
"兴献王的祭","0","2","2"
"陛下应该称","0","2","2"
"宋朝程颐的","0","2","2"
"广泛地考察","0","2","2"
"集大臣们上","0","2","2"
"臣们上书议","0","2","2"
"们上书议论","0","2","2"
"兴献王为叔","0","2","2"
"况且陛下以","0","2","2"
"他们的愿望","0","2","2"
"尊崇为皇帝","0","2","2"
"崇为皇帝的","0","2","2"
"直称父母的","0","2","2"
"皇帝的错误","0","2","2"
"崇自己的父","0","2","2"
"臣们集中讨","0","2","2"
"们集中讨论","0","2","2"
"是根据人情","0","2","2"
"人情而来的","0","2","2"
"选择了陛下","0","2","2"
"择了陛下您","0","2","2"
"应该以孝宗","0","2","2"
"孝宗为父亲","0","2","2"
"有什么可疑","0","2","2"
"什么可疑的","0","2","2"
"恰好给事中","0","2","2"
"传下来的王","0","2","2"
"的意见不变","0","2","2"
"前的奏疏发","0","2","2"
"奏疏发下来","0","2","2"
"又命令礼官","0","2","2"
"加称兴王为","0","2","2"
"大臣们的决","0","2","2"
"臣们的决议","0","2","2"
"尊号为皇帝","0","2","2"
"内阁杨廷和","0","2","2"
"的亲笔批示","0","2","2"
"推尊自己的","0","2","2"
"尊自己的亲","0","2","2"
"赠他为少傅","0","2","2"
"自己考中弘","0","2","2"
"己考中弘治","0","2","2"
"被召回北京","0","2","2"
"了侍读学士","0","2","2"
"改当吏部左","0","2","2"
"当吏部左侍","0","2","2"
"当了礼部尚","0","2","2"
"献帝为皇考","0","2","2"
"大宗的地位","0","2","2"
"皇后没有儿","0","2","2"
"宋朝范纯仁","0","2","2"
"入继王位的","0","2","2"
"经有武宗这","0","2","2"
"有武宗这个","0","2","2"
"武宗这个儿","0","2","2"
"宗这个儿子","0","2","2"
"是继承武宗","0","2","2"
"给事中熊浃","0","2","2"
"供奉宗庙祭","0","2","2"
"奉宗庙祭祀","0","2","2"
"太后为本生","0","2","2"
"兴献帝不能","0","2","2"
"献帝不能把","0","2","2"
"用天子的礼","0","2","2"
"天子的礼乐","0","2","2"
"先殿一侧另","0","2","2"
"另外修建一","0","2","2"
"于是递上奏","0","2","2"
"是递上奏议","0","2","2"
"召集朝中大","0","2","2"
"集朝中大臣","0","2","2"
"提出这种主","0","2","2"
"出这种主张","0","2","2"
"的人都是根","0","2","2"
"人都是根据","0","2","2"
"们做大臣的","0","2","2"
"世代供奉祭","0","2","2"
"代供奉祭祀","0","2","2"
"逢年过节派","0","2","2"
"年过节派遣","0","2","2"
"过节派遣官","0","2","2"
"节派遣官员","0","2","2"
"无穷无尽的","0","2","2"
"照以前的诏","0","2","2"
"死在家里了","0","2","2"
"在朝中做官","0","2","2"
"者称他为石","0","2","2"
"六年考中进","0","2","2"
"他上书皇帝","0","2","2"
"上书皇帝请","0","2","2"
"刘瑾把翰林","0","2","2"
"刘瑾被杀后","0","2","2"
"又升为侍讲","0","2","2"
"回家为母亲","0","2","2"
"家为母亲守","0","2","2"
"修建献帝庙","0","2","2"
"为亲生父亲","0","2","2"
"在京城立庙","0","2","2"
"下人和后世","0","2","2"
"来继承王位","0","2","2"
"在是否称为","0","2","2"
"怎么就这么","0","2","2"
"上书极力论","0","2","2"
"再次上书说","0","2","2"
"世世代代不","0","2","2"
"奏章交上后","0","2","2"
"廷里大臣们","0","2","2"
"宫门前号哭","0","2","2"
"宗谢世以后","0","2","2"
"这样的说法","0","2","2"
"进入内阁专","0","2","2"
"管起草皇帝","0","2","2"
"草皇帝的命","0","2","2"
"主管詹事府","0","2","2"
"外放为南京","0","2","2"
"放为南京吏","0","2","2"
"大臣不称职","0","2","2"
"就此请求退","0","2","2"
"书搭救他们","0","2","2"
"上书陈述了","0","2","2"
"改正孔庙祭","0","2","2"
"祭祀的典礼","0","2","2"
"为河南参政","0","2","2"
"提为太仆少","0","2","2"
"又升为太仆","0","2","2"
"多得没法计","0","2","2"
"得没法计算","0","2","2"
"上书列举了","0","2","2"
"列举了八条","0","2","2"
"他升为左侍","0","2","2"
"吏部的事务","0","2","2"
"递上一篇奏","0","2","2"
"为皇叔考兴","0","2","2"
"迹都记载在","0","2","2"
"都记载在史","0","2","2"
"马光所说当","0","2","2"
"光所说当时","0","2","2"
"破坏了礼义","0","2","2"
"没有定下来","0","2","2"
"皇叔考的称","0","2","2"
"叔考的称号","0","2","2"
"献王称为皇","0","2","2"
"王称为皇叔","0","2","2"
"样说来皇叔","0","2","2"
"从来没有人","0","2","2"
"我看到陛下","0","2","2"
"称先皇帝为","0","2","2"
"是我们太祖","0","2","2"
"都是先皇帝","0","2","2"
"先皇帝的恩","0","2","2"
"来没有过的","0","2","2"
"请按当初的","0","2","2"
"按当初的诏","0","2","2"
"在关于大礼","0","2","2"
"大礼的争议","0","2","2"
"皇帝在位时","0","2","2"
"在文华门哭","0","2","2"
"最后听从了","0","2","2"
"后听从了他","0","2","2"
"士一百五十","0","2","2"
"世宗让司礼","0","2","2"
"就派遣锦衣","0","2","2"
"一起被关进","0","2","2"
"敲打着宫门","0","2","2"
"打着宫门大","0","2","2"
"大家也都哭","0","2","2"
"家也都哭了","0","2","2"
"哭声响震皇","0","2","2"
"声响震皇宫","0","2","2"
"响震皇宫的","0","2","2"
"震皇宫的深","0","2","2"
"皇宫的深宅","0","2","2"
"宫的深宅大","0","2","2"
"的深宅大院","0","2","2"
"世宗更加恼","0","2","2"
"我即皇帝位","0","2","2"
"父母的大礼","0","2","2"
"张璁等递上","0","2","2"
"孟春等上书","0","2","2"
"一个月的俸","0","2","2"
"书称病告老","0","2","2"
"给他第一名","0","2","2"
"后来因为不","0","2","2"
"后起复原任","0","2","2"
"了翰林学士","0","2","2"
"又上书进谏","0","2","2"
"已经三年了","0","2","2"
"承王位的道","0","2","2"
"王位的道理","0","2","2"
"严重损害了","0","2","2"
"一起到左顺","0","2","2"
"起到左顺门","0","2","2"
"顺门跪地哭","0","2","2"
"军的大臣们","0","2","2"
"的大臣们的","0","2","2"
"大臣们的罪","0","2","2"
"殿发生灾祸","0","2","2"
"到隆庆初年","0","2","2"
"在嘉靖二年","0","2","2"
"到南京吏部","0","2","2"
"南京吏部任","0","2","2"
"任考功主事","0","2","2"
"又被罢官回","0","2","2"
"善于写文章","0","2","2"
"抗言上书搭","0","2","2"
"言上书搭救","0","2","2"
"朝廷的威严","0","2","2"
"意外的事变","0","2","2"
"的妹妹进献","0","2","2"
"妹妹进献给","0","2","2"
"至高无上的","0","2","2"
"礼部长官不","0","2","2"
"当时是正德","0","2","2"
"嘉靖二年被","0","2","2"
"靖二年被推","0","2","2"
"和其他大臣","0","2","2"
"其他大臣们","0","2","2"
"他大臣们一","0","2","2"
"号召大臣们","0","2","2"
"在宫门外跪","0","2","2"
"门外跪地哭","0","2","2"
"外跪地哭谏","0","2","2"
"集大臣们讨","0","2","2"
"礼也是这样","0","2","2"
"不能称为伯","0","2","2"
"能称为伯考","0","2","2"
"他为左佥都","0","2","2"
"争议大礼的","0","2","2"
"礼的大臣们","0","2","2"
"了世宗的意","0","2","2"
"以前的意见","0","2","2"
"喜欢谈论经","0","2","2"
"经国济民的","0","2","2"
"他又上疏陈","0","2","2"
"有才能之人","0","2","2"
"朝廷商议征","0","2","2"
"廷商议征讨","0","2","2"
"母丧守服期","0","2","2"
"丧守服期满","0","2","2"
"去一年俸禄","0","2","2"
"俸禄的一半","0","2","2"
"学校的教育","0","2","2"
"次上疏争辩","0","2","2"
"又转为左侍","0","2","2"
"大多予以采","0","2","2"
"多予以采纳","0","2","2"
"里外的地方","0","2","2"
"适宜的人任","0","2","2"
"宜的人任职","0","2","2"
"他就是如此","0","2","2"
"任御前讲席","0","2","2"
"御前讲席的","0","2","2"
"前讲席的讲","0","2","2"
"讲席的讲官","0","2","2"
"太子属官都","0","2","2"
"内心修养深","0","2","2"
"心修养深厚","0","2","2"
"对外部情况","0","2","2"
"以前在东宫","0","2","2"
"君子小人的","0","2","2"
"的御前讲席","0","2","2"
"凡是圣贤的","0","2","2"
"百官章奏都","0","2","2"
"文华殿后面","0","2","2"
"有疑问就询","0","2","2"
"疑问就询问","0","2","2"
"问就询问他","0","2","2"
"在文华殿的","0","2","2"
"官来京朝见","0","2","2"
"后患越来越","0","2","2"
"多得不可胜","0","2","2"
"得不可胜数","0","2","2"
"空缺的职位","0","2","2"
"从朝廷内外","0","2","2"
"被举荐的人","0","2","2"
"他都不赴任","0","2","2"
"升为左赞善","0","2","2"
"大有作为的","0","2","2"
"爱亲近的人","0","2","2"
"因母亲年老","0","2","2"
"升南京太常","0","2","2"
"以原先的官","0","2","2"
"先的官职兼","0","2","2"
"求御前讲席","0","2","2"
"官吏受封的","0","2","2"
"吏受封的敕","0","2","2"
"受封的敕书","0","2","2"
"追赠谥号文","0","2","2"
"侍奉时为东","0","2","2"
"奉时为东宫","0","2","2"
"时为东宫太","0","2","2"
"为东宫太子","0","2","2"
"升为詹事兼","0","2","2"
"被提升为吏","0","2","2"
"纎享到太庙","0","2","2"
"共同处理政","0","2","2"
"吴宽代替自","0","2","2"
"宽代替自己","0","2","2"
"进入内阁的","0","2","2"
"严格要求自","0","2","2"
"格要求自己","0","2","2"
"书无所不读","0","2","2"
"继承爵位的","0","2","2"
"于是以此为","0","2","2"
"答应其要求","0","2","2"
"的逃亡罪人","0","2","2"
"番人进贡的","0","2","2"
"的日益增多","0","2","2"
"以及文武大","0","2","2"
"及文武大臣","0","2","2"
"大臣的祭葬","0","2","2"
"为云南参政","0","2","2"
"为贵州巡抚","0","2","2"
"为广东左布","0","2","2"
"的父亲叫杨","0","2","2"
"皇帝宠爱的","0","2","2"
"过了三个月","0","2","2"
"的机密大事","0","2","2"
"廷和与大学","0","2","2"
"和与大学士","0","2","2"
"与大学士李","0","2","2"
"升任吏部尚","0","2","2"
"活捉了蜫钅","0","2","2"
"捉了蜫钅番","0","2","2"
"做了少傅兼","0","2","2"
"子做中书舍","0","2","2"
"做中书舍人","0","2","2"
"各路边防部","0","2","2"
"路边防部队","0","2","2"
"河南的盗贼","0","2","2"
"用廷和一个","0","2","2"
"廷和一个儿","0","2","2"
"和一个儿子","0","2","2"
"做了首辅大","0","2","2"
"监刘永诚的","0","2","2"
"打败并杀掉","0","2","2"
"败并杀掉了","0","2","2"
"残余的盗贼","0","2","2"
"武宗不答应","0","2","2"
"请武宗回京","0","2","2"
"也不能对他","0","2","2"
"宁王宸濠的","0","2","2"
"边伯许泰为","0","2","2"
"泰为威武副","0","2","2"
"请求武宗回","0","2","2"
"才回到京城","0","2","2"
"无能为力了","0","2","2"
"道他们的意","0","2","2"
"到内阁中来","0","2","2"
"武宗在豹房","0","2","2"
"已逝皇帝的","0","2","2"
"应当立为皇","0","2","2"
"当立为皇帝","0","2","2"
"在左顺门外","0","2","2"
"命令太监张","0","2","2"
"武宗的遗诏","0","2","2"
"知道天下人","0","2","2"
"他们的意图","0","2","2"
"廷和起草了","0","2","2"
"正德年间的","0","2","2"
"已被加封为","0","2","2"
"加封为左柱","0","2","2"
"投入京城的","0","2","2"
"入京城的大","0","2","2"
"城的大牢中","0","2","2"
"就上书攻击","0","2","2"
"部尚书的名","0","2","2"
"祸乱的根源","0","2","2"
"又上书请世","0","2","2"
"地发号施令","0","2","2"
"世宗的诏书","0","2","2"
"到讨论大礼","0","2","2"
"对自己的意","0","2","2"
"献王的大儿","0","2","2"
"王的大儿子","0","2","2"
"即位的礼仪","0","2","2"
"濮王的故事","0","2","2"
"尊称孝宗为","0","2","2"
"王的第二个","0","2","2"
"改派到南京","0","2","2"
"世宗于是下","0","2","2"
"兴献王的后","0","2","2"
"三代以后的","0","2","2"
"持原来的决","0","2","2"
"原来的决议","0","2","2"
"是继承王位","0","2","2"
"张璁的奏章","0","2","2"
"知道国家的","0","2","2"
"国家的重大","0","2","2"
"的重大事务","0","2","2"
"亲生父母为","0","2","2"
"不敢阿谀奉","0","2","2"
"敢阿谀奉承","0","2","2"
"南顿君以上","0","2","2"
"有一百多人","0","2","2"
"世宗迫不得","0","2","2"
"寿皇太后为","0","2","2"
"廷和的罪过","0","2","2"
"立新君的功","0","2","2"
"新君的功绩","0","2","2"
"年俸禄一千","0","2","2"
"俸禄一千石","0","2","2"
"在礼部为他","0","2","2"
"二三个小人","0","2","2"
"祖宗打下的","0","2","2"
"即位的诏书","0","2","2"
"差不多没有","0","2","2"
"更加坚决了","0","2","2"
"主张不一致","0","2","2"
"大臣爬在宫","0","2","2"
"臣爬在宫门","0","2","2"
"主事杨忄享","0","2","2"
"被抓进京城","0","2","2"
"抓进京城的","0","2","2"
"进京城的大","0","2","2"
"城的大牢里","0","2","2"
"过了很多年","0","2","2"
"李时回答说","0","2","2"
"提拔为翰林","0","2","2"
"改为左侍郎","0","2","2"
"皇帝命令的","0","2","2"
"因此被贬为","0","2","2"
"不久加官太","0","2","2"
"久加官太子","0","2","2"
"他以吏部尚","0","2","2"
"当时正在修","0","2","2"
"时正在修建","0","2","2"
"王位继承人","0","2","2"
"带了几十个","0","2","2"
"上书请皇上","0","2","2"
"令谷大用守","0","2","2"
"遇上了贼寇","0","2","2"
"一群小人掌","0","2","2"
"的军队前往","0","2","2"
"下继承祖宗","0","2","2"
"祖宗在天之","0","2","2"
"都放置一边","0","2","2"
"放置一边不","0","2","2"
"置一边不加","0","2","2"
"高皇帝规定","0","2","2"
"到这块土地","0","2","2"
"宗又要南巡","0","2","2"
"宸濠造起反","0","2","2"
"濠造起反来","0","2","2"
"回去的意思","0","2","2"
"用吓人的话","0","2","2"
"到皇上的圣","0","2","2"
"赠他为太师","0","2","2"
"升为南京侍","0","2","2"
"后升为南京","0","2","2"
"石珤曾上书","0","2","2"
"做了礼部尚","0","2","2"
"做了吏部尚","0","2","2"
"才过两个月","0","2","2"
"他受命前往","0","2","2"
"等朝中大臣","0","2","2"
"大礼议定后","0","2","2"
"思考这件事","0","2","2"
"心中有所不","0","2","2"
"中有所不安","0","2","2"
"用什么来报","0","2","2"
"来报效君父","0","2","2"
"的小人得以","0","2","2"
"皇太后前往","0","2","2"
"宗不做答复","0","2","2"
"陪同皇太后","0","2","2"
"四时的祭祀","0","2","2"
"祖先的典礼","0","2","2"
"听他们的话","0","2","2"
"不可行的事","0","2","2"
"皇上的美德","0","2","2"
"万物的美德","0","2","2"
"世宗以为他","0","2","2"
"帮自己的忙","0","2","2"
"失去了世宗","0","2","2"
"去了世宗的","0","2","2"
"桂萼对他也","0","2","2"
"到第二年春","0","2","2"
"不合乎大臣","0","2","2"
"的行装只有","0","2","2"
"一辆车子而","0","2","2"
"辆车子而已","0","2","2"
"元朝至正十","0","2","2"
"朱元璋称吴","0","2","2"
"元璋称吴王","0","2","2"
"朱标被立为","0","2","2"
"立为王世子","0","2","2"
"年仅十三岁","0","2","2"
"安逸的生活","0","2","2"
"经过的郡县","0","2","2"
"指着路旁的","0","2","2"
"着路旁的荆","0","2","2"
"路旁的荆棘","0","2","2"
"要牢记心中","0","2","2"
"是这个缘故","0","2","2"
"挑选国子监","0","2","2"
"应当使他们","0","2","2"
"可以作为借","0","2","2"
"以作为借鉴","0","2","2"
"沉溺于安逸","0","2","2"
"拘泥于文法","0","2","2"
"临濠为中都","0","2","2"
"曾以它为都","0","2","2"
"太祖派使臣","0","2","2"
"祖派使臣前","0","2","2"
"派使臣前往","0","2","2"
"流着泪请求","0","2","2"
"的儿子朱文","0","2","2"
"儿子朱文正","0","2","2"
"姐姐的儿子","0","2","2"
"作自己的儿","0","2","2"
"己的儿子抚","0","2","2"
"的儿子抚养","0","2","2"
"地风俗崇尚","0","2","2"
"风俗崇尚巫","0","2","2"
"宋朝濮王的","0","2","2"
"称兴王为皇","0","2","2"
"命廷臣集中","0","2","2"
"能作出决定","0","2","2"
"从安陆出发","0","2","2"
"王为兴献帝","0","2","2"
"妃为兴献后","0","2","2"
"与张璁相同","0","2","2"
"给事中邓继","0","2","2"
"也力言不可","0","2","2"
"观德殿狭窄","0","2","2"
"为兴王加上","0","2","2"
"兴王加上尊","0","2","2"
"王加上尊谥","0","2","2"
"加上尊谥号","0","2","2"
"尊谥号为恭","0","2","2"
"为恭睿渊仁","0","2","2"
"并在此祭祀","0","2","2"
"生的身份被","0","2","2"
"的身份被授","0","2","2"
"铁铉为山东","0","2","2"
"一人骑马逃","0","2","2"
"燕军将士都","0","2","2"
"盛庸代替李","0","2","2"
"庸代替李景","0","2","2"
"代替李景隆","0","2","2"
"李景隆为平","0","2","2"
"盛庸在东昌","0","2","2"
"斩其大将张","0","2","2"
"其大将张玉","0","2","2"
"日益进逼时","0","2","2"
"安置于海南","0","2","2"
"新考中的进","0","2","2"
"考中的进士","0","2","2"
"良久之后说","0","2","2"
"而皇上对他","0","2","2"
"对他的建议","0","2","2"
"何以令天下","0","2","2"
"不知何地人","0","2","2"
"驻扎山海关","0","2","2"
"告诉他们其","0","2","2"
"都高兴地说","0","2","2"
"喜欢礼贤下","0","2","2"
"欢礼贤下士","0","2","2"
"终年四十三","0","2","2"
"年四十三岁","0","2","2"
"而被处死刑","0","2","2"
"为徽州知府","0","2","2"
"次请求回乡","0","2","2"
"皇上特别宽","0","2","2"
"燕兵逼近京","0","2","2"
"兵逼近京城","0","2","2"
"事很合皇上","0","2","2"
"皇上很喜欢","0","2","2"
"为他改名为","0","2","2"
"朝夕侍从皇","0","2","2"
"夕侍从皇上","0","2","2"
"侍从皇上左","0","2","2"
"从皇上左右","0","2","2"
"燕王的军队","0","2","2"
"的军队入京","0","2","2"
"建文时期的","0","2","2"
"皇上巡幸北","0","2","2"
"上巡幸北京","0","2","2"
"皇上北征回","0","2","2"
"上北征回来","0","2","2"
"吕震的女婿","0","2","2"
"震的女婿主","0","2","2"
"的女婿主事","0","2","2"
"女婿主事张","0","2","2"
"赐给他玺书","0","2","2"
"给他玺书说","0","2","2"
"在左右侍候","0","2","2"
"当时只有杨","0","2","2"
"和英国公张","0","2","2"
"后陵墓建成","0","2","2"
"皇上征乐安","0","2","2"
"上征乐安时","0","2","2"
"赐予非常丰","0","2","2"
"予非常丰厚","0","2","2"
"朝夕在朕左","0","2","2"
"夕在朕左右","0","2","2"
"国家的安宁","0","2","2"
"官吏和军民","0","2","2"
"皇上派医生","0","2","2"
"他有什么话","0","2","2"
"与同僚朋友","0","2","2"
"他致力于学","0","2","2"
"致力于学问","0","2","2"
"乡荐进入太","0","2","2"
"荐进入太学","0","2","2"
"却端坐不动","0","2","2"
"皇上想宽宥","0","2","2"
"上想宽宥他","0","2","2"
"想宽宥他们","0","2","2"
"坚持说不行","0","2","2"
"吉和蹇义等","0","2","2"
"和蹇义等人","0","2","2"
"浙西发大水","0","2","2"
"关官员治理","0","2","2"
"由故道入海","0","2","2"
"皇上命原吉","0","2","2"
"又派锦衣卫","0","2","2"
"皇上回来后","0","2","2"
"皇上回南京","0","2","2"
"皇上在便殿","0","2","2"
"上在便殿设","0","2","2"
"终于大功告","0","2","2"
"于大功告成","0","2","2"
"都北京不便","0","2","2"
"才确定下来","0","2","2"
"皇上命他们","0","2","2"
"出自己的意","0","2","2"
"皇上每次御","0","2","2"
"上每次御临","0","2","2"
"法王来朝见","0","2","2"
"唐赛儿造反","0","2","2"
"被平定以后","0","2","2"
"正好皇上召","0","2","2"
"好皇上召见","0","2","2"
"皇上召见方","0","2","2"
"上召见方宾","0","2","2"
"都无功而返","0","2","2"
"十分之八九","0","2","2"
"代理户部事","0","2","2"
"二年皇上北","0","2","2"
"年皇上北征","0","2","2"
"求回家守孝","0","2","2"
"他优厚的赏","0","2","2"
"皇上遂下了","0","2","2"
"上遂下了决","0","2","2"
"国家的栋梁","0","2","2"
"户部免除他","0","2","2"
"部免除他家","0","2","2"
"把皇上赐给","0","2","2"
"不向他问罪","0","2","2"
"为儿子求官","0","2","2"
"达二十七年","0","2","2"
"任为尚宝司","0","2","2"
"他出入燕王","0","2","2"
"出入燕王府","0","2","2"
"入燕王府中","0","2","2"
"太祖去世后","0","2","2"
"主意更加坚","0","2","2"
"李景隆乘机","0","2","2"
"防守十分严","0","2","2"
"守十分严密","0","2","2"
"军已经疲惫","0","2","2"
"一定能攻克","0","2","2"
"称他为少师","0","2","2"
"述他的功劳","0","2","2"
"十万大军将","0","2","2"
"万大军将攻","0","2","2"
"大军将攻北","0","2","2"
"军将攻北平","0","2","2"
"双方大战于","0","2","2"
"战于郑村坝","0","2","2"
"随军进攻广","0","2","2"
"军进攻广昌","0","2","2"
"军驻扎河上","0","2","2"
"以精锐骑兵","0","2","2"
"数十名骑兵","0","2","2"
"兵绕到其后","0","2","2"
"才得以冲出","0","2","2"
"得以冲出重","0","2","2"
"以冲出重围","0","2","2"
"九月初四日","0","2","2"
"又追赠他为","0","2","2"
"享成祖庙庭","0","2","2"
"在成祖藩邸","0","2","2"
"成祖藩邸奉","0","2","2"
"祖藩邸奉事","0","2","2"
"太尉乃儿不","0","2","2"
"尉乃儿不花","0","2","2"
"跃马大呼冲","0","2","2"
"并进升他为","0","2","2"
"进升他为都","0","2","2"
"又随军进攻","0","2","2"
"击败平安的","0","2","2"
"被授为奉天","0","2","2"
"授为奉天靖","0","2","2"
"为奉天靖难","0","2","2"
"他善于安抚","0","2","2"
"邱福与朱能","0","2","2"
"率领数百人","0","2","2"
"献上所俘获","0","2","2"
"上所俘获的","0","2","2"
"劝皇上立他","0","2","2"
"皇上立他为","0","2","2"
"上立他为太","0","2","2"
"仁宗为太子","0","2","2"
"说了些什么","0","2","2"
"诸将不得已","0","2","2"
"诸将中无人","0","2","2"
"将中无人能","0","2","2"
"能承担此任","0","2","2"
"五百名骑兵","0","2","2"
"杀死数百人","0","2","2"
"骂不绝口而","0","2","2"
"不绝口而死","0","2","2"
"袭父职为燕","0","2","2"
"父职为燕山","0","2","2"
"的三千余人","0","2","2"
"们全部杀了","0","2","2"
"百名骑兵前","0","2","2"
"引诱平安军","0","2","2"
"对左右说道","0","2","2"
"都能像王真","0","2","2"
"提升为千户","0","2","2"
"升为北平都","0","2","2"
"司所统领的","0","2","2"
"成祖很担心","0","2","2"
"从刘家口抄","0","2","2"
"刘家口抄小","0","2","2"
"家口抄小路","0","2","2"
"自骑马逃往","0","2","2"
"太祖觉得他","0","2","2"
"代理兵部尚","0","2","2"
"理兵部尚书","0","2","2"
"前往燕军中","0","2","2"
"是奉皇上的","0","2","2"
"并不是为了","0","2","2"
"终其一生不","0","2","2"
"他们被放回","0","2","2"
"被没收的田","0","2","2"
"一万石粮食","0","2","2"
"犯有过失被","0","2","2"
"去谕告安南","0","2","2"
"合皇上意旨","0","2","2"
"堤一百五十","0","2","2"
"西缺乏粮食","0","2","2"
"即从此开始","0","2","2"
"一年四月他","0","2","2"
"任东宫侍书","0","2","2"
"向皇上辞行","0","2","2"
"皇上辞行时","0","2","2"
"为天下第一","0","2","2"
"皇上下诏征","0","2","2"
"给予一半俸","0","2","2"
"予一半俸禄","0","2","2"
"让他们住在","0","2","2"
"把他上奏为","0","2","2"
"办理了他的","0","2","2"
"升为浙江左","0","2","2"
"被任为户部","0","2","2"
"让他仍任原","0","2","2"
"他仍任原职","0","2","2"
"上疏提建议","0","2","2"
"赐给他敕书","0","2","2"
"以布政使之","0","2","2"
"后被授予监","0","2","2"
"犯罪被贬戍","0","2","2"
"任满应当升","0","2","2"
"又因犯罪被","0","2","2"
"李景隆暗中","0","2","2"
"弹劾耿炳文","0","2","2"
"年六月初一","0","2","2"
"因阴云看不","0","2","2"
"世子居守北","0","2","2"
"负责供应军","0","2","2"
"责供应军饷","0","2","2"
"定都北京后","0","2","2"
"杨士奇回答","0","2","2"
"回来汇报时","0","2","2"
"京任户部主","0","2","2"
"升为北平按","0","2","2"
"为北平按察","0","2","2"
"为真定知府","0","2","2"
"给他们复职","0","2","2"
"久进升为太","0","2","2"
"兼礼部尚书","0","2","2"
"改换素冠和","0","2","2"
"换素冠和布","0","2","2"
"素冠和布腰","0","2","2"
"冠和布腰带","0","2","2"
"为国家大臣","0","2","2"
"但终不能改","0","2","2"
"侍郎胡氵荧","0","2","2"
"皇上在北京","0","2","2"
"送达行在所","0","2","2"
"户部和兵部","0","2","2"
"扈从皇上北","0","2","2"
"令礼部派官","0","2","2"
"暗中派人去","0","2","2"
"二十一年考","0","2","2"
"十一年考中","0","2","2"
"被召回任工","0","2","2"
"任工部郎中","0","2","2"
"他参与修撰","0","2","2"
"为礼部郎中","0","2","2"
"被判关了十","0","2","2"
"是先朝旧人","0","2","2"
"应仿效宋代","0","2","2"
"所提的意见","0","2","2"
"他们的人品","0","2","2"
"茹王常的推","0","2","2"
"王常的推荐","0","2","2"
"从皇上到北","0","2","2"
"二年随从北","0","2","2"
"年随从北征","0","2","2"
"一起参预机","0","2","2"
"逆了皇上旨","0","2","2"
"了皇上旨意","0","2","2"
"先后在工部","0","2","2"
"不体恤工匠","0","2","2"
"升为云南按","0","2","2"
"为云南按察","0","2","2"
"大臣有小过","0","2","2"
"十五年他督","0","2","2"
"理寺少卿弋","0","2","2"
"寺少卿弋谦","0","2","2"
"上书提建议","0","2","2"
"讨厌他过于","0","2","2"
"大理寺卿虞","0","2","2"
"理寺卿虞谦","0","2","2"
"杨荣回答说","0","2","2"
"人纷纷上书","0","2","2"
"章拿给他看","0","2","2"
"逮进锦衣卫","0","2","2"
"请求宽恕他","0","2","2"
"宽恕他的死","0","2","2"
"恕他的死罪","0","2","2"
"的有关官员","0","2","2"
"以参将的身","0","2","2"
"夜出兵袭击","0","2","2"
"燕兵袭击沧","0","2","2"
"兵袭击沧州","0","2","2"
"几乎丧失殆","0","2","2"
"乎丧失殆尽","0","2","2"
"斩其大将谭","0","2","2"
"其大将谭渊","0","2","2"
"东北风大起","0","2","2"
"祖进入京城","0","2","2"
"进升右军都","0","2","2"
"升右军都督","0","2","2"
"兵以迷惑敌","0","2","2"
"以迷惑敌人","0","2","2"
"城围才得以","0","2","2"
"战于滹沱河","0","2","2"
"平安与盛庸","0","2","2"
"派指挥武胜","0","2","2"
"作为缓兵之","0","2","2"
"为缓兵之计","0","2","2"
"守将房昭率","0","2","2"
"军进入紫荆","0","2","2"
"平安与燕将","0","2","2"
"率军跟随其","0","2","2"
"军跟随其后","0","2","2"
"是一名骁将","0","2","2"
"为是自己的","0","2","2"
"兵乘机进攻","0","2","2"
"自骑马逃走","0","2","2"
"宦官一百五","0","2","2"
"官一百五十","0","2","2"
"四月二十九","0","2","2"
"惜他的才勇","0","2","2"
"兵将他护送","0","2","2"
"将他护送到","0","2","2"
"何福与都督","0","2","2"
"他们全部歼","0","2","2"
"们全部歼灭","0","2","2"
"俘斩数以万","0","2","2"
"斩数以万计","0","2","2"
"征讨越州叛","0","2","2"
"直捣其巢穴","0","2","2"
"授为征虏左","0","2","2"
"协助西平侯","0","2","2"
"助西平侯沐","0","2","2"
"征讨麓川叛","0","2","2"
"擒获其酋长","0","2","2"
"惠帝刚刚即","0","2","2"
"帝刚刚即位","0","2","2"
"因此请求设","0","2","2"
"此请求设立","0","2","2"
"降旨褒奖慰","0","2","2"
"旨褒奖慰劳","0","2","2"
"有什么顾虑","0","2","2"
"以下十余人","0","2","2"
"其部众全部","0","2","2"
"军中封何福","0","2","2"
"中封何福为","0","2","2"
"封何福为宁","0","2","2"
"何福为宁远","0","2","2"
"福为宁远侯","0","2","2"
"年禄一千石","0","2","2"
"对他的宠信","0","2","2"
"他率军镇守","0","2","2"
"固然是为了","0","2","2"
"是为了国家","0","2","2"
"便自缢而死","0","2","2"
"为帐前亲兵","0","2","2"
"以下二十余","0","2","2"
"随颍川侯傅","0","2","2"
"顾成被封为","0","2","2"
"皇上诏令顾","0","2","2"
"上诏令顾成","0","2","2"
"诏令顾成率","0","2","2"
"生祠祭祀他","0","2","2"
"上称赞他的","0","2","2"
"赞他的才华","0","2","2"
"侍郎辅佐他","0","2","2"
"有关官员不","0","2","2"
"河转运到北","0","2","2"
"转运到北京","0","2","2"
"百石的浅船","0","2","2"
"可载二百石","0","2","2"
"载二百石的","0","2","2"
"准许当大米","0","2","2"
"许当大米一","0","2","2"
"当大米一石","0","2","2"
"二百石以上","0","2","2"
"百石以上的","0","2","2"
"去十分之四","0","2","2"
"处理户部事","0","2","2"
"皇上起兵时","0","2","2"
"金忠的意见","0","2","2"
"杨士奇辅佐","0","2","2"
"亲信和倚重","0","2","2"
"蒙皇上顾问","0","2","2"
"二年四月他","0","2","2"
"年四月他去","0","2","2"
"四月他去世","0","2","2"
"有关官员建","0","2","2"
"他以国子监","0","2","2"
"后来被授予","0","2","2"
"被召为刑部","0","2","2"
"召为刑部侍","0","2","2"
"对下属约束","0","2","2"
"下属约束得","0","2","2"
"属约束得很","0","2","2"
"约束得很严","0","2","2"
"皇上认为他","0","2","2"
"认为他很有","0","2","2"
"改任左副都","0","2","2"
"即被召回任","0","2","2"
"被召回任职","0","2","2"
"都督费王献","0","2","2"
"皇太子拜谒","0","2","2"
"太子拜谒孝","0","2","2"
"子拜谒孝陵","0","2","2"
"勉强起来告","0","2","2"
"强起来告诉","0","2","2"
"起来告诉柳","0","2","2"
"来告诉柳升","0","2","2"
"结果中埋伏","0","2","2"
"果中埋伏而","0","2","2"
"他被升为御","0","2","2"
"被升为御史","0","2","2"
"升为陕西按","0","2","2"
"年正月他在","0","2","2"
"成祖在北京","0","2","2"
"隶属于五军","0","2","2"
"三年升为兵","0","2","2"
"任南京通政","0","2","2"
"便上奏诬陷","0","2","2"
"由国子监生","0","2","2"
"子监生被授","0","2","2"
"所到之处他","0","2","2"
"到之处他都","0","2","2"
"被召为工部","0","2","2"
"困敝的情况","0","2","2"
"朱高煦的诬","0","2","2"
"高煦的诬陷","0","2","2"
"这很不合适","0","2","2"
"的黄河故道","0","2","2"
"十匹马立群","0","2","2"
"租全部免除","0","2","2"
"他被召为大","0","2","2"
"被召为大理","0","2","2"
"照洪武年间","0","2","2"
"粮食数十万","0","2","2"
"赎回百姓所","0","2","2"
"回百姓所卖","0","2","2"
"所卖的子女","0","2","2"
"月供给粮食","0","2","2"
"人民都觉得","0","2","2"
"他曾对人说","0","2","2"
"欠的租税达","0","2","2"
"达一百余万","0","2","2"
"有什么理由","0","2","2"
"的时间最长","0","2","2"
"得到士奇的","0","2","2"
"主管枢机事","0","2","2"
"管枢机事务","0","2","2"
"不让他们知","0","2","2"
"能切中要害","0","2","2"
"唯独我没有","0","2","2"
"下天资很高","0","2","2"
"仪智说不可","0","2","2"
"东宫属官全","0","2","2"
"宫属官全部","0","2","2"
"属官全部投","0","2","2"
"官全部投进","0","2","2"
"士奇叩头说","0","2","2"
"奇叩头说道","0","2","2"
"的怒意才消","0","2","2"
"大臣一起上","0","2","2"
"把他安置在","0","2","2"
"第二年进升","0","2","2"
"部侍郎兼华","0","2","2"
"皇上立即命","0","2","2"
"这两种意见","0","2","2"
"国公张辅与","0","2","2"
"与皇上一样","0","2","2"
"皇上对左右","0","2","2"
"上对左右的","0","2","2"
"是做臣子的","0","2","2"
"到皇上赐给","0","2","2"
"每年向他们","0","2","2"
"年向他们征","0","2","2"
"向他们征收","0","2","2"
"士奇与黄淮","0","2","2"
"自己的观点","0","2","2"
"看到天下太","0","2","2"
"到天下太平","0","2","2"
"侍候于左右","0","2","2"
"士奇和蹇义","0","2","2"
"杨荣极力赞","0","2","2"
"荣极力赞成","0","2","2"
"对他有怀疑","0","2","2"
"没有加罪于","0","2","2"
"群臣的奏章","0","2","2"
"得到书信后","0","2","2"
"人们的议论","0","2","2"
"皇上对士奇","0","2","2"
"上对士奇说","0","2","2"
"能够得以保","0","2","2"
"够得以保全","0","2","2"
"朝廷屡次派","0","2","2"
"许他的请求","0","2","2"
"皇上召见士","0","2","2"
"上召见士奇","0","2","2"
"体恤人民的","0","2","2"
"杨溥到行殿","0","2","2"
"殿朝见皇太","0","2","2"
"关系到宗庙","0","2","2"
"把这事告诉","0","2","2"
"这事告诉了","0","2","2"
"除拖欠的赋","0","2","2"
"减少官田租","0","2","2"
"少官田租额","0","2","2"
"停止工程建","0","2","2"
"止工程建设","0","2","2"
"荐所了解的","0","2","2"
"了解的人才","0","2","2"
"大臣有什么","0","2","2"
"事敢作敢为","0","2","2"
"随成祖北征","0","2","2"
"皇上对他也","0","2","2"
"等人的功劳","0","2","2"
"年请求退休","0","2","2"
"干预外朝的","0","2","2"
"预外朝的事","0","2","2"
"皇太后去世","0","2","2"
"也无法制止","0","2","2"
"年老有病的","0","2","2"
"成为边防的","0","2","2"
"为边防的祸","0","2","2"
"边防的祸患","0","2","2"
"发生了土木","0","2","2"
"拜谒太祖陵","0","2","2"
"有盗贼发生","0","2","2"
"使者去招抚","0","2","2"
"更加敬重他","0","2","2"
"内阁当值的","0","2","2"
"被赐给衣服","0","2","2"
"事不能决断","0","2","2"
"前往甘肃经","0","2","2"
"皇上命杨荣","0","2","2"
"饷供应不上","0","2","2"
"的剩余部分","0","2","2"
"老的罕逃到","0","2","2"
"的罕逃到赤","0","2","2"
"罕逃到赤斤","0","2","2"
"逃到赤斤蒙","0","2","2"
"来后上奏说","0","2","2"
"不应该出兵","0","2","2"
"第二年杨荣","0","2","2"
"得到杨荣的","0","2","2"
"第二年又随","0","2","2"
"二年又随从","0","2","2"
"年又随从北","0","2","2"
"于是他们共","0","2","2"
"是他们共同","0","2","2"
"进升文渊阁","0","2","2"
"升文渊阁大","0","2","2"
"回报说可行","0","2","2"
"杨荣又随从","0","2","2"
"给他的赏赐","0","2","2"
"皇上又下诏","0","2","2"
"近二十年了","0","2","2"
"死亡十分之","0","2","2"
"十分之二三","0","2","2"
"只有杨荣和","0","2","2"
"等人不知所","0","2","2"
"平常一样供","0","2","2"
"以别的事情","0","2","2"
"过后有人说","0","2","2"
"王朱高煦造","0","2","2"
"朱高煦造反","0","2","2"
"他与杨士奇","0","2","2"
"大臣们多认","0","2","2"
"臣们多认为","0","2","2"
"们多认为不","0","2","2"
"而得到祸害","0","2","2"
"他都担任总","0","2","2"
"担任总裁官","0","2","2"
"得到的赏赐","0","2","2"
"对他加以褒","0","2","2"
"他加以褒奖","0","2","2"
"大臣中选择","0","2","2"
"臣中选择有","0","2","2"
"杨溥掌管阁","0","2","2"
"溥掌管阁事","0","2","2"
"又出来任职","0","2","2"
"们同心协力","0","2","2"
"于是与他们","0","2","2"
"性恭敬谨慎","0","2","2"
"平心静气地","0","2","2"
"当时人们说","0","2","2"
"这些都是别","0","2","2"
"些都是别人","0","2","2"
"当时李文忠","0","2","2"
"的身份主管","0","2","2"
"为山东学政","0","2","2"
"太祖年事已","0","2","2"
"祖年事已高","0","2","2"
"辅佐皇太孙","0","2","2"
"任总兵官镇","0","2","2"
"王派使者向","0","2","2"
"不要自己苦","0","2","2"
"要自己苦自","0","2","2"
"自己苦自己","0","2","2"
"仍像以往一","0","2","2"
"像以往一样","0","2","2"
"世宗继位后","0","2","2"
"参与辅助军","0","2","2"
"桂萼的同党","0","2","2"
"何渊所说的","0","2","2"
"根据他们的","0","2","2"
"降职的降职","0","2","2"
"能为朝廷效","0","2","2"
"杨一清被召","0","2","2"
"一清被召回","0","2","2"
"因此被弹劾","0","2","2"
"被弹劾罢官","0","2","2"
"也不喜欢他","0","2","2"
"称自己有病","0","2","2"
"王时中被召","0","2","2"
"于是得到了","0","2","2"
"得到了这个","0","2","2"
"历任兵部左","0","2","2"
"皇帝狠狠地","0","2","2"
"兵部侍郎的","0","2","2"
"了这个建议","0","2","2"
"到这时因为","0","2","2"
"当时人们称","0","2","2"
"请求皇帝免","0","2","2"
"极力向皇帝","0","2","2"
"陈金讨伐江","0","2","2"
"金讨伐江西","0","2","2"
"朝廷任大理","0","2","2"
"廷任大理卿","0","2","2"
"大举考察京","0","2","2"
"被解去官职","0","2","2"
"被提拔为太","0","2","2"
"提拔为太仆","0","2","2"
"拔为太仆少","0","2","2"
"史的身份总","0","2","2"
"得到皇上批","0","2","2"
"到皇上批准","0","2","2"
"给事中李文","0","2","2"
"给事中厉汝","0","2","2"
"他的意图是","0","2","2"
"到边远地区","0","2","2"
"没有问他的","0","2","2"
"有问他的罪","0","2","2"
"又弹劾吏部","0","2","2"
"行人薛侃的","0","2","2"
"人薛侃的建","0","2","2"
"不久又释放","0","2","2"
"尚书王琼也","0","2","2"
"于是孙应奎","0","2","2"
"十万两有余","0","2","2"
"不应当私自","0","2","2"
"余万两银子","0","2","2"
"改派为南京","0","2","2"
"升为陕西副","0","2","2"
"被解除职务","0","2","2"
"时所取的士","0","2","2"
"皇帝当即召","0","2","2"
"帝当即召见","0","2","2"
"选择吉日祭","0","2","2"
"聂豹也加封","0","2","2"
"也加封为太","0","2","2"
"学士严嵩与","0","2","2"
"正巧侍郎赵","0","2","2"
"巧侍郎赵文","0","2","2"
"数年后死去","0","2","2"
"封为户部主","0","2","2"
"士邵元节为","0","2","2"
"到皇帝宠爱","0","2","2"
"坚决不赞同","0","2","2"
"正德年初期","0","2","2"
"是皇帝特别","0","2","2"
"皇帝问严嵩","0","2","2"
"选拔官吏之","0","2","2"
"皇帝特别降","0","2","2"
"帝特别降旨","0","2","2"
"杨宜被罢官","0","2","2"
"但巡按御史","0","2","2"
"就唆使给事","0","2","2"
"给事中夏木","0","2","2"
"事中夏木式","0","2","2"
"下令礼部及","0","2","2"
"他们上奏说","0","2","2"
"薪俸三个月","0","2","2"
"士大夫对他","0","2","2"
"大举入侵延","0","2","2"
"举入侵延绥","0","2","2"
"二百四十个","0","2","2"
"被总兵官王","0","2","2"
"斩敌一百二","0","2","2"
"敌一百二十","0","2","2"
"十分之七的","0","2","2"
"逐渐升迁为","0","2","2"
"为云南副使","0","2","2"
"他以右副都","0","2","2"
"得到应有的","0","2","2"
"改为吏部左","0","2","2"
"任为刑部尚","0","2","2"
"打开他的行","0","2","2"
"开他的行装","0","2","2"
"请皇上批准","0","2","2"
"不符合礼仪","0","2","2"
"令礼部会同","0","2","2"
"许他乘坐驿","0","2","2"
"向皇帝奏报","0","2","2"
"守这个地方","0","2","2"
"嘉奖他的忠","0","2","2"
"未得到批准","0","2","2"
"用为陕西参","0","2","2"
"三次迁官后","0","2","2"
"逐条奏上边","0","2","2"
"皇帝下诏罢","0","2","2"
"一职不再设","0","2","2"
"职不再设立","0","2","2"
"赵炳然为兵","0","2","2"
"炳然为兵部","0","2","2"
"副总兵统领","0","2","2"
"流窜到浙江","0","2","2"
"到之处都有","0","2","2"
"和锦衣千户","0","2","2"
"镇守太监的","0","2","2"
"职的总兵官","0","2","2"
"的人都被释","0","2","2"
"决认为不可","0","2","2"
"能做出决断","0","2","2"
"皇帝派遣大","0","2","2"
"向皇上献言","0","2","2"
"不能听从他","0","2","2"
"能听从他的","0","2","2"
"回到朝廷以","0","2","2"
"大学士石王","0","2","2"
"学士石王缶","0","2","2"
"现在他们虽","0","2","2"
"在他们虽然","0","2","2"
"这是他们想","0","2","2"
"还不止于此","0","2","2"
"这个战役开","0","2","2"
"个战役开始","0","2","2"
"战役开始的","0","2","2"
"现在北方敌","0","2","2"
"在北方敌寇","0","2","2"
"西华门内建","0","2","2"
"总督和巡抚","0","2","2"
"和巡抚御史","0","2","2"
"进升为副都","0","2","2"
"督南京粮食","0","2","2"
"南京粮食储","0","2","2"
"京粮食储备","0","2","2"
"到南京兵部","0","2","2"
"有田产的人","0","2","2"
"嘉靖三年升","0","2","2"
"靖三年升为","0","2","2"
"为广东提学","0","2","2"
"减轻或加重","0","2","2"
"千四百多顷","0","2","2"
"九庙发生火","0","2","2"
"乾清宫遭火","0","2","2"
"清宫遭火灾","0","2","2"
"皇帝上疏说","0","2","2"
"我希望皇上","0","2","2"
"正人君子不","0","2","2"
"听说陛下好","0","2","2"
"德十一年正","0","2","2"
"已经有七十","0","2","2"
"剥夺他的世","0","2","2"
"夺他的世袭","0","2","2"
"他的世袭荫","0","2","2"
"的世袭荫庇","0","2","2"
"袭荫庇的特","0","2","2"
"荫庇的特权","0","2","2"
"的儿子请求","0","2","2"
"他们的奏请","0","2","2"
"举朝都感到","0","2","2"
"但没有结果","0","2","2"
"官为右副都","0","2","2"
"于是命令潘","0","2","2"
"给事中蔡经","0","2","2"
"中蔡经等人","0","2","2"
"贼的功劳时","0","2","2"
"假借其他的","0","2","2"
"将功劳推给","0","2","2"
"晓谕以祸福","0","2","2"
"得到了批准","0","2","2"
"南每年进贡","0","2","2"
"上疏请求罢","0","2","2"
"中夏言等人","0","2","2"
"用这些东西","0","2","2"
"这些东西来","0","2","2"
"升他为南京","0","2","2"
"向御史通报","0","2","2"
"立即将他处","0","2","2"
"即将他处死","0","2","2"
"臣各抒己见","0","2","2"
"的人为邪徒","0","2","2"
"是陛下的意","0","2","2"
"天地合在一","0","2","2"
"地合在一起","0","2","2"
"已有一百多","0","2","2"
"有一百多年","0","2","2"
"怎么能轻易","0","2","2"
"下诏书征求","0","2","2"
"疏论大学士","0","2","2"
"外表看起来","0","2","2"
"又是什么呢","0","2","2"
"陛下如果不","0","2","2"
"下如果不早","0","2","2"
"疏章后大怒","0","2","2"
"大臣的得失","0","2","2"
"去他的官职","0","2","2"
"时中等人说","0","2","2"
"大礼的缘故","0","2","2"
"敢说话的人","0","2","2"
"于是列举他","0","2","2"
"观看他的人","0","2","2"
"更加发奋学","0","2","2"
"加发奋学习","0","2","2"
"路上饿死的","0","2","2"
"上饿死的人","0","2","2"
"被提升为御","0","2","2"
"在墓旁结草","0","2","2"
"墓旁结草庐","0","2","2"
"旁结草庐居","0","2","2"
"结草庐居住","0","2","2"
"没有不受到","0","2","2"
"的事情没有","0","2","2"
"是陛下的赤","0","2","2"
"连年发生灾","0","2","2"
"年发生灾害","0","2","2"
"亲临朝廷商","0","2","2"
"临朝廷商讨","0","2","2"
"祖宗创业的","0","2","2"
"宗创业的艰","0","2","2"
"创业的艰难","0","2","2"
"相互告诫不","0","2","2"
"互告诫不敢","0","2","2"
"又苏醒过来","0","2","2"
"送到法司拟","0","2","2"
"鞭子打死在","0","2","2"
"打死在狱中","0","2","2"
"到二十四年","0","2","2"
"食多次断绝","0","2","2"
"杨爵的语言","0","2","2"
"爵的语言行","0","2","2"
"的语言行动","0","2","2"
"掉了他们的","0","2","2"
"升为吏科给","0","2","2"
"回到原籍等","0","2","2"
"带领他的属","0","2","2"
"领他的属下","0","2","2"
"有公卿大臣","0","2","2"
"大臣诤谏于","0","2","2"
"皇上的宠幸","0","2","2"
"然后才敢向","0","2","2"
"后才敢向陛","0","2","2"
"才敢向陛下","0","2","2"
"敢向陛下奏","0","2","2"
"向陛下奏闻","0","2","2"
"皇帝看了疏","0","2","2"
"帝看了疏章","0","2","2"
"锢在诏狱中","0","2","2"
"帝不采纳他","0","2","2"
"周尚文死去","0","2","2"
"并延及他的","0","2","2"
"延及他的子","0","2","2"
"及他的子孙","0","2","2"
"章下到吏部","0","2","2"
"将他禁锢在","0","2","2"
"他禁锢在诏","0","2","2"
"沈束被拘囚","0","2","2"
"沈炼弹劾严","0","2","2"
"炼弹劾严嵩","0","2","2"
"皇帝心有所","0","2","2"
"帝心有所动","0","2","2"
"为都给事中","0","2","2"
"不久又提升","0","2","2"
"现在大学士","0","2","2"
"在大学士严","0","2","2"
"这是第八点","0","2","2"
"将他们都罢","0","2","2"
"知严嵩的奸","0","2","2"
"非常痛恨他","0","2","2"
"是严嵩的党","0","2","2"
"这时是三十","0","2","2"
"才得以免死","0","2","2"
"临刑的时候","0","2","2"
"任用他一个","0","2","2"
"用他一个儿","0","2","2"
"疏论这件事","0","2","2"
"二十六年考","0","2","2"
"向皇上奏言","0","2","2"
"下诏令进行","0","2","2"
"没有得到好","0","2","2"
"好用兵不祥","0","2","2"
"俺答的首级","0","2","2"
"派遣的官员","0","2","2"
"将杨继盛下","0","2","2"
"杨继盛下诏","0","2","2"
"继盛下诏狱","0","2","2"
"与汉人杂居","0","2","2"
"的一百多人","0","2","2"
"都心悦诚服","0","2","2"
"为刑部员外","0","2","2"
"为兵部武选","0","2","2"
"都是严嵩所","0","2","2"
"的十大罪状","0","2","2"
"丞相的权力","0","2","2"
"严嵩说这人","0","2","2"
"是我的亲信","0","2","2"
"劾严嵩的疏","0","2","2"
"严嵩的疏章","0","2","2"
"是乳臭未干","0","2","2"
"让他的子孙","0","2","2"
"贿赂严世蕃","0","2","2"
"的人数也数","0","2","2"
"人数也数不","0","2","2"
"想贿赂严嵩","0","2","2"
"的人被认为","0","2","2"
"天下都崇尚","0","2","2"
"陛下的左右","0","2","2"
"的左右都是","0","2","2"
"左右都是贼","0","2","2"
"孙子的媳妇","0","2","2"
"不得预作为","0","2","2"
"就被提升为","0","2","2"
"严嵩的奸邪","0","2","2"
"皇帝更加大","0","2","2"
"像严嵩所指","0","2","2"
"提升为兵科","0","2","2"
"杨允绳和同","0","2","2"
"官回到家乡","0","2","2"
"将杨允绳和","0","2","2"
"奸民擅自出","0","2","2"
"不可能得到","0","2","2"
"日本的贡使","0","2","2"
"登记他们的","0","2","2"
"使他们的诡","0","2","2"
"他们的诡计","0","2","2"
"由什么原因","0","2","2"
"都感到恐惧","0","2","2"
"一年的三月","0","2","2"
"他们的头领","0","2","2"
"朱纨的官职","0","2","2"
"给事中杜汝","0","2","2"
"事中杜汝祯","0","2","2"
"帝下诏令逮","0","2","2"
"下诏令逮捕","0","2","2"
"一并被处死","0","2","2"
"协助处理院","0","2","2"
"助处理院事","0","2","2"
"二千九百多","0","2","2"
"隶属总兵官","0","2","2"
"属总兵官俞","0","2","2"
"与浙江巡按","0","2","2"
"胡宗宪一起","0","2","2"
"才是万全之","0","2","2"
"即下诏逮捕","0","2","2"
"烧死溺死的","0","2","2"
"死的人很多","0","2","2"
"事兴起以来","0","2","2"
"皇帝深信他","0","2","2"
"帝深信他的","0","2","2"
"深信他的话","0","2","2"
"下的人都知","0","2","2"
"马前往安抚","0","2","2"
"为浙江巡抚","0","2","2"
"与其一道行","0","2","2"
"其一道行动","0","2","2"
"命令副使刘","0","2","2"
"寇趁机进犯","0","2","2"
"陈可愿出使","0","2","2"
"胡宗宪与汪","0","2","2"
"宗宪与汪直","0","2","2"
"宪与汪直同","0","2","2"
"汪直的母亲","0","2","2"
"直的母亲和","0","2","2"
"告诉了汪直","0","2","2"
"到今天这一","0","2","2"
"今天这一步","0","2","2"
"朝廷因此赐","0","2","2"
"于是确定了","0","2","2"
"是在欺骗我","0","2","2"
"肢解了夏正","0","2","2"
"官军四面合","0","2","2"
"军四面合围","0","2","2"
"嘉靖帝大怒","0","2","2"
"这时赵文华","0","2","2"
"得到一只白","0","2","2"
"到一只白鹿","0","2","2"
"嘉靖帝大为","0","2","2"
"海寇移驻柯","0","2","2"
"寇移驻柯梅","0","2","2"
"多次进攻而","0","2","2"
"进攻而不能","0","2","2"
"弹劾胡宗宪","0","2","2"
"和给事中刘","0","2","2"
"也上疏弹劾","0","2","2"
"疏劾胡宗宪","0","2","2"
"于是上疏弹","0","2","2"
"是上疏弹劾","0","2","2"
"宗宪上疏自","0","2","2"
"这时严嵩已","0","2","2"
"时严嵩已倒","0","2","2"
"严嵩已倒台","0","2","2"
"什么关系呢","0","2","2"
"任湖广副使","0","2","2"
"哄骗他们说","0","2","2"
"将他们歼灭","0","2","2"
"在半路上攻","0","2","2"
"半路上攻击","0","2","2"
"路上攻击他","0","2","2"
"上攻击他们","0","2","2"
"曹邦辅进攻","0","2","2"
"懂得军事的","0","2","2"
"皇帝报告这","0","2","2"
"皇帝下令派","0","2","2"
"中嘉靖五年","0","2","2"
"向皇上谢恩","0","2","2"
"朝廷讨论说","0","2","2"
"遭受倭寇侵","0","2","2"
"运送到京师","0","2","2"
"这些措施都","0","2","2"
"些措施都是","0","2","2"
"总兵刘显前","0","2","2"
"寇全部被平","0","2","2"
"在崇明三沙","0","2","2"
"将他们围困","0","2","2"
"敌贼全部被","0","2","2"
"平定倭寇的","0","2","2"
"振武营发生","0","2","2"
"秋季的第二","0","2","2"
"掌管南京户","0","2","2"
"管南京户部","0","2","2"
"又上奏革除","0","2","2"
"一年发生饥","0","2","2"
"年发生饥荒","0","2","2"
"原来的定额","0","2","2"
"给他们银子","0","2","2"
"曾任户科给","0","2","2"
"了嘉靖八年","0","2","2"
"被任命为吏","0","2","2"
"为吏部官员","0","2","2"
"以前的官职","0","2","2"
"朝见皇太子","0","2","2"
"用为南京兵","0","2","2"
"朝廷召用为","0","2","2"
"派唐顺之到","0","2","2"
"督王忄予以","0","2","2"
"王忄予以下","0","2","2"
"与胡宗宪一","0","2","2"
"唐顺之亲自","0","2","2"
"倭寇屯集在","0","2","2"
"大败海寇于","0","2","2"
"这不是办法","0","2","2"
"唐顺之于是","0","2","2"
"上疏提出了","0","2","2"
"时年五十四","0","2","2"
"四品官只赐","0","2","2"
"品官只赐祭","0","2","2"
"正德年代时","0","2","2"
"马永代替他","0","2","2"
"让他们从事","0","2","2"
"独一无二的","0","2","2"
"兵守卫这个","0","2","2"
"乃木颜把儿","0","2","2"
"木颜把儿孙","0","2","2"
"现在如果不","0","2","2"
"可以依靠的","0","2","2"
"廷臣交相举","0","2","2"
"入犯我边境","0","2","2"
"的人也很多","0","2","2"
"事情奏闻朝","0","2","2"
"情奏闻朝廷","0","2","2"
"史王廷相说","0","2","2"
"所以作战总","0","2","2"
"以作战总是","0","2","2"
"承袭指挥同","0","2","2"
"充任甘肃游","0","2","2"
"任甘肃游击","0","2","2"
"晋为都指挥","0","2","2"
"敌寇这才逃","0","2","2"
"寇这才逃遁","0","2","2"
"敌寇才退去","0","2","2"
"被起用为故","0","2","2"
"敌寇抢掠西","0","2","2"
"周尚文转战","0","2","2"
"儿子周君佐","0","2","2"
"所以他们的","0","2","2"
"兵部请求将","0","2","2"
"一年周尚文","0","2","2"
"因为有人推","0","2","2"
"为有人推荐","0","2","2"
"请求朝廷增","0","2","2"
"周尚文镇守","0","2","2"
"任甘肃巡抚","0","2","2"
"尚文在黑山","0","2","2"
"他的儿子满","0","2","2"
"俘敌人甚多","0","2","2"
"半路拦击他","0","2","2"
"路拦击他们","0","2","2"
"侵犯鹁鸽谷","0","2","2"
"周尚文在阳","0","2","2"
"尚文在阳和","0","2","2"
"遣骑兵四出","0","2","2"
"奖赏慰劳他","0","2","2"
"赏慰劳他们","0","2","2"
"翁万达建议","0","2","2"
"只有周尚文","0","2","2"
"言说这件事","0","2","2"
"因他的父亲","0","2","2"
"军共斩敌人","0","2","2"
"被夺去俸禄","0","2","2"
"加封左都督","0","2","2"
"和总兵官欧","0","2","2"
"被贬为都督","0","2","2"
"贬为都督佥","0","2","2"
"马芳镇守宣","0","2","2"
"芳镇守宣府","0","2","2"
"大举入侵山","0","2","2"
"举入侵山西","0","2","2"
"次战斗都取","0","2","2"
"战斗都取得","0","2","2"
"斗都取得了","0","2","2"
"被提升为总","0","2","2"
"总兵刘汉出","0","2","2"
"以十万骑兵","0","2","2"
"十万骑兵入","0","2","2"
"用五万骑兵","0","2","2"
"又大败敌军","0","2","2"
"下令总兵官","0","2","2"
"被勒令闲住","0","2","2"
"身经大小战","0","2","2"
"经大小战斗","0","2","2"
"大小战斗百","0","2","2"
"小战斗百十","0","2","2"
"战斗百十次","0","2","2"
"没有什么突","0","2","2"
"有什么突出","0","2","2"
"顺义王扌奢","0","2","2"
"义王扌奢力","0","2","2"
"王扌奢力克","0","2","2"
"边关事务十","0","2","2"
"以原官的身","0","2","2"
"原官的身份","0","2","2"
"于是大清军","0","2","2"
"大清于是调","0","2","2"
"也全军覆没","0","2","2"
"用精锐骑兵","0","2","2"
"游击于守志","0","2","2"
"檄令马火广","0","2","2"
"敌寇于是逃","0","2","2"
"恕他的罪过","0","2","2"
"扼住敌人的","0","2","2"
"父子兄弟一","0","2","2"
"升为署都指","0","2","2"
"为署都指挥","0","2","2"
"为署都督同","0","2","2"
"的都督官职","0","2","2"
"以都指挥使","0","2","2"
"挥使的官职","0","2","2"
"兵部听候调","0","2","2"
"丘养浩弹劾","0","2","2"
"何卿代替他","0","2","2"
"的都督佥事","0","2","2"
"都督佥事官","0","2","2"
"督佥事官职","0","2","2"
"怒意才消解","0","2","2"
"卿和沈希仪","0","2","2"
"周如斗弹劾","0","2","2"
"坠入水中淹","0","2","2"
"入水中淹死","0","2","2"
"沈希仪随从","0","2","2"
"用沈希仪的","0","2","2"
"沈希仪的计","0","2","2"
"到现在还没","0","2","2"
"思恩和田州","0","2","2"
"不久又回到","0","2","2"
"在万山之中","0","2","2"
"是敌贼的巢","0","2","2"
"不能胜任战","0","2","2"
"能胜任战斗","0","2","2"
"请求这件事","0","2","2"
"侵犯其他地","0","2","2"
"犯其他地方","0","2","2"
"沈希仪府中","0","2","2"
"希仪府中说","0","2","2"
"分别派遣人","0","2","2"
"都安然无恙","0","2","2"
"不敢为非作","0","2","2"
"敢为非作歹","0","2","2"
"官世世代代","0","2","2"
"岑氵睿被诛","0","2","2"
"是岑氵睿的","0","2","2"
"这是你们的","0","2","2"
"党一千多人","0","2","2"
"一千多人到","0","2","2"
"随从总督张","0","2","2"
"希仪镇守柳","0","2","2"
"提升为署都","0","2","2"
"倭寇侵犯海","0","2","2"
"弹劾罢去官","0","2","2"
"劾罢去官职","0","2","2"
"承袭世职为","0","2","2"
"议征讨他们","0","2","2"
"如过去一样","0","2","2"
"土官的妻子","0","2","2"
"石邦宪讨伐","0","2","2"
"石邦宪生擒","0","2","2"
"斩敌一百多","0","2","2"
"敌一百多人","0","2","2"
"官军乘胜攻","0","2","2"
"贿赂吐鲁番","0","2","2"
"吐鲁番方面","0","2","2"
"密都督写亦","0","2","2"
"虎仙和他的","0","2","2"
"阿刺思罕儿","0","2","2"
"让他们作为","0","2","2"
"想放他们离","0","2","2"
"了这些情况","0","2","2"
"以原职起用","0","2","2"
"起用陈九畴","0","2","2"
"收纳他们的","0","2","2"
"他们安置到","0","2","2"
"十五个卫所","0","2","2"
"没有安宁的","0","2","2"
"有安宁的日","0","2","2"
"陈九畴激发","0","2","2"
"他们的营帐","0","2","2"
"扰乱他们的","0","2","2"
"他向朝廷请","0","2","2"
"的人说敌寇","0","2","2"
"他在家闲住","0","2","2"
"俺答又大举","0","2","2"
"答又大举入","0","2","2"
"请求调陕西","0","2","2"
"下令从今以","0","2","2"
"总兵官以下","0","2","2"
"没有发现敌","0","2","2"
"还没有进入","0","2","2"
"情况向皇帝","0","2","2"
"夏秋期间分","0","2","2"
"秋期间分别","0","2","2"
"期间分别驻","0","2","2"
"总兵官谷阝","0","2","2"
"兵官谷阝永","0","2","2"
"皇帝没有允","0","2","2"
"帝没有允许","0","2","2"
"于是在十月","0","2","2"
"下诏书责问","0","2","2"
"以兵部左侍","0","2","2"
"年他被提升","0","2","2"
"用来一起守","0","2","2"
"来一起守卫","0","2","2"
"到朝廷议论","0","2","2"
"辽阳发生兵","0","2","2"
"侮辱朝廷命","0","2","2"
"朝廷以为是","0","2","2"
"寇占据河套","0","2","2"
"敌贼占据河","0","2","2"
"贼占据河套","0","2","2"
"并不是不知","0","2","2"
"无隔夜之粮","0","2","2"
"们利用这一","0","2","2"
"这是一劳永","0","2","2"
"是一劳永逸","0","2","2"
"奏上方略十","0","2","2"
"皇帝以赞赏","0","2","2"
"上的意思是","0","2","2"
"感到非常惊","0","2","2"
"到非常惊骇","0","2","2"
"说河套不可","0","2","2"
"河套不可能","0","2","2"
"套不可能收","0","2","2"
"不可能收复","0","2","2"
"侯仇鸾镇守","0","2","2"
"级调出朝廷","0","2","2"
"妻子流放二","0","2","2"
"子流放二千","0","2","2"
"不认识他的","0","2","2"
"使他们不得","0","2","2"
"请求皇上告","0","2","2"
"求皇上告诫","0","2","2"
"着潮河川南","0","2","2"
"河川南下到","0","2","2"
"川南下到古","0","2","2"
"南下到古北","0","2","2"
"下到古北口","0","2","2"
"王汝孝的军","0","2","2"
"汝孝的军队","0","2","2"
"的诸位将领","0","2","2"
"不敢上前线","0","2","2"
"更加怨恨他","0","2","2"
"在路上遇到","0","2","2"
"没有地方拿","0","2","2"
"有地方拿出","0","2","2"
"皇帝没有不","0","2","2"
"他们的薪俸","0","2","2"
"他的妻子流","0","2","2"
"的妻子流放","0","2","2"
"将他的儿子","0","2","2"
"王汝孝等人","0","2","2"
"逮捕至京城","0","2","2"
"因而他们都","0","2","2"
"出任陕西副","0","2","2"
"军队耕种的","0","2","2"
"耕种的田地","0","2","2"
"都得到批准","0","2","2"
"皇帝下令杨","0","2","2"
"帝下令杨守","0","2","2"
"下令杨守谦","0","2","2"
"等人抵御敌","0","2","2"
"人抵御敌人","0","2","2"
"后很不高兴","0","2","2"
"丁汝夔和杨","0","2","2"
"汝夔和杨守","0","2","2"
"夔和杨守谦","0","2","2"
"兵部的檄文","0","2","2"
"于是烧毁城","0","2","2"
"是烧毁城外","0","2","2"
"烧毁城外的","0","2","2"
"像现在这样","0","2","2"
"考中嘉靖二","0","2","2"
"中嘉靖二十","0","2","2"
"皇太子离开","0","2","2"
"又巡按顺天","0","2","2"
"贼侵犯温州","0","2","2"
"的有二十多","0","2","2"
"派精锐骑兵","0","2","2"
"指出的一样","0","2","2"
"于是下诏责","0","2","2"
"当时敌寇的","0","2","2"
"兵部大臣说","0","2","2"
"谷阝永率领","0","2","2"
"阝永率领边","0","2","2"
"向来不喜欢","0","2","2"
"是辛爱妻子","0","2","2"
"辛爱妻子的","0","2","2"
"来牵制辛爱","0","2","2"
"个儿子轮流","0","2","2"
"报告皇帝知","0","2","2"
"告皇帝知道","0","2","2"
"等人都受到","0","2","2"
"都受到赏赐","0","2","2"
"力作战才得","0","2","2"
"作战才得以","0","2","2"
"才得以逃脱","0","2","2"
"卢镒等人贬","0","2","2"
"镒等人贬戍","0","2","2"
"等人贬戍边","0","2","2"
"人贬戍边关","0","2","2"
"不久又上奏","0","2","2"
"久又上奏说","0","2","2"
"日精门发生","0","2","2"
"精门发生火","0","2","2"
"廊发生火灾","0","2","2"
"给事中张逵","0","2","2"
"皇帝即位之","0","2","2"
"等人都得到","0","2","2"
"陛下任用人","0","2","2"
"以后就没有","0","2","2"
"杨廷和的儿","0","2","2"
"这是社稷的","0","2","2"
"百官的表率","0","2","2"
"皇帝大为震","0","2","2"
"帝大为震怒","0","2","2"
"顾仕隆等人","0","2","2"
"都是虚妄的","0","2","2"
"是小人之中","0","2","2"
"小人之中的","0","2","2"
"人之中的小","0","2","2"
"之中的小人","0","2","2"
"都说不应当","0","2","2"
"而陛下任用","0","2","2"
"陛下任用他","0","2","2"
"下任用他们","0","2","2"
"杨廷和的党","0","2","2"
"皇帝深深听","0","2","2"
"没有承认什","0","2","2"
"有承认什么","0","2","2"
"于是皇上将","0","2","2"
"被释放回来","0","2","2"
"他疾病发作","0","2","2"
"一并被逮捕","0","2","2"
"继续担任原","0","2","2"
"所指出的那","0","2","2"
"指出的那样","0","2","2"
"还不知道他","0","2","2"
"多次被弹劾","0","2","2"
"必定达不到","0","2","2"
"担任御史的","0","2","2"
"御史的时候","0","2","2"
"极力诋毁大","0","2","2"
"天下所有的","0","2","2"
"掌管国家政","0","2","2"
"用苛捐重税","0","2","2"
"到达这种地","0","2","2"
"达这种地步","0","2","2"
"皇帝于是发","0","2","2"
"帝于是发怒","0","2","2"
"的上疏是由","0","2","2"
"等到考察时","0","2","2"
"设立总兵官","0","2","2"
"皇帝于是罢","0","2","2"
"锦衣卫官职","0","2","2"
"陛下怎么能","0","2","2"
"天下的财力","0","2","2"
"年都是这样","0","2","2"
"臣希望陛下","0","2","2"
"这件事的人","0","2","2"
"从万里之外","0","2","2"
"还没有上任","0","2","2"
"品官六年满","0","2","2"
"被加封为兵","0","2","2"
"王守仁学说","0","2","2"
"张居正被抄","0","2","2"
"的不下百十","0","2","2"
"达到这种地","0","2","2"
"不忠的警戒","0","2","2"
"皇帝很了解","0","2","2"
"不知道皇帝","0","2","2"
"知道皇帝的","0","2","2"
"道皇帝的意","0","2","2"
"以副都御史","0","2","2"
"不久被提升","0","2","2"
"升为南京通","0","2","2"
"求皇上立即","0","2","2"
"上疏营救他","0","2","2"
"如果不立即","0","2","2"
"跪在宫殿门","0","2","2"
"在宫殿门口","0","2","2"
"州土地贫瘠","0","2","2"
"招募江南的","0","2","2"
"敌寇的办法","0","2","2"
"调到南京户","0","2","2"
"他出任江西","0","2","2"
"任江西佥事","0","2","2"
"也为他请求","0","2","2"
"交互推荐他","0","2","2"
"近来听说要","0","2","2"
"陛下贵为天","0","2","2"
"下贵为天子","0","2","2"
"有什么区别","0","2","2"
"什么区别呢","0","2","2"
"皇帝降下敕","0","2","2"
"齐之鸾偕同","0","2","2"
"皇帝进言说","0","2","2"
"给事中张原","0","2","2"
"齐之鸾和同","0","2","2"
"给事中祝续","0","2","2"
"的办法在于","0","2","2"
"被权贵奸臣","0","2","2"
"和兵部尚书","0","2","2"
"遭到了谴责","0","2","2"
"这一年秋天","0","2","2"
"监督管理这","0","2","2"
"提升为河南","0","2","2"
"宗登上皇帝","0","2","2"
"罪被判处死","0","2","2"
"于谦的儿子","0","2","2"
"谦的儿子于","0","2","2"
"的儿子于冕","0","2","2"
"事情涉及到","0","2","2"
"不能完成的","0","2","2"
"以自己之心","0","2","2"
"自己之心为","0","2","2"
"己之心为心","0","2","2"
"幸亏陛下起","0","2","2"
"被提升掌管","0","2","2"
"效仿他们而","0","2","2"
"自从逆臣刘","0","2","2"
"从逆臣刘瑾","0","2","2"
"逆臣刘瑾以","0","2","2"
"臣刘瑾以来","0","2","2"
"天比一天厉","0","2","2"
"比一天厉害","0","2","2"
"赖陛下起来","0","2","2"
"却充耳不闻","0","2","2"
"臣越来越被","0","2","2"
"越来越被疏","0","2","2"
"来越被疏远","0","2","2"
"有赖陛下继","0","2","2"
"方水灾旱灾","0","2","2"
"知道他不是","0","2","2"
"辅佐第一人","0","2","2"
"等十大罪状","0","2","2"
"锢在高墙之","0","2","2"
"在高墙之内","0","2","2"
"官吏不敢过","0","2","2"
"为山东参议","0","2","2"
"但没有回音","0","2","2"
"坚持不允许","0","2","2"
"王篆为考功","0","2","2"
"给事中姜应","0","2","2"
"没有任用他","0","2","2"
"之类的东西","0","2","2"
"李福达的案","0","2","2"
"皇帝下令将","0","2","2"
"收他们的财","0","2","2"
"他们的财产","0","2","2"
"不知道这件","0","2","2"
"皇帝更加怀","0","2","2"
"帝更加怀疑","0","2","2"
"合文武大臣","0","2","2"
"等人向皇帝","0","2","2"
"人向皇帝上","0","2","2"
"给皇帝知道","0","2","2"
"桂萼等人于","0","2","2"
"萼等人于是","0","2","2"
"被革除官职","0","2","2"
"官职闲住的","0","2","2"
"职闲住的人","0","2","2"
"桂萼等人说","0","2","2"
"在文华殿中","0","2","2"
"时是嘉靖六","0","2","2"
"是嘉靖六年","0","2","2"
"破坏祖宗之","0","2","2"
"坏祖宗之法","0","2","2"
"被起用为原","0","2","2"
"才有这样的","0","2","2"
"巡视光禄寺","0","2","2"
"万八千两银","0","2","2"
"用一天比一","0","2","2"
"往往借支太","0","2","2"
"少十分之一","0","2","2"
"请求皇帝敕","0","2","2"
"他们进入京","0","2","2"
"们进入京城","0","2","2"
"不适合担任","0","2","2"
"来扩大自己","0","2","2"
"有古代帝王","0","2","2"
"西的人说可","0","2","2"
"的人说可杀","0","2","2"
"且李福达的","0","2","2"
"是李福达相","0","2","2"
"李福达相识","0","2","2"
"福达相识的","0","2","2"
"主人认识的","0","2","2"
"况且李福达","0","2","2"
"这是不用疑","0","2","2"
"是不用疑虑","0","2","2"
"不用疑虑的","0","2","2"
"用疑虑的第","0","2","2"
"人就不是因","0","2","2"
"请求全部停","0","2","2"
"乘这个机会","0","2","2"
"胡世宁等人","0","2","2"
"的人没有不","0","2","2"
"次考试都是","0","2","2"
"考试都是第","0","2","2"
"遗漏的贤人","0","2","2"
"尚书王琼的","0","2","2"
"连上奏章极","0","2","2"
"上奏章极力","0","2","2"
"桂萼的家人","0","2","2"
"萼的家人吴","0","2","2"
"的家人吴从","0","2","2"
"家人吴从周","0","2","2"
"都御史李如","0","2","2"
"御史李如圭","0","2","2"
"而詹事霍韬","0","2","2"
"由皇上决断","0","2","2"
"方氏为皇后","0","2","2"
"谒见宗庙的","0","2","2"
"是为了继承","0","2","2"
"救才得以幸","0","2","2"
"得以幸免一","0","2","2"
"以幸免一死","0","2","2"
"事情没有办","0","2","2"
"才苏醒过来","0","2","2"
"于危急之中","0","2","2"
"等到服丧期","0","2","2"
"到服丧期满","0","2","2"
"方皇后的牌","0","2","2"
"后的牌位安","0","2","2"
"的牌位安放","0","2","2"
"安放在奉先","0","2","2"
"放在奉先殿","0","2","2"
"后附祭于太","0","2","2"
"等请求在太","0","2","2"
"求在太庙东","0","2","2"
"祭于仁宗庙","0","2","2"
"不是臣下所","0","2","2"
"为不能这么","0","2","2"
"商议结果上","0","2","2"
"庙祭祀祖先","0","2","2"
"圣上自己而","0","2","2"
"上自己而论","0","2","2"
"应当附祭于","0","2","2"
"附祭于仁宗","0","2","2"
"所以臣等请","0","2","2"
"以臣等请求","0","2","2"
"在太庙及奉","0","2","2"
"太庙及奉先","0","2","2"
"庙及奉先殿","0","2","2"
"臣一起上奏","0","2","2"
"祧庙于仁宗","0","2","2"
"孝烈皇后于","0","2","2"
"烈皇后于太","0","2","2"
"皇后于太庙","0","2","2"
"严嵩等人说","0","2","2"
"请求按照皇","0","2","2"
"的命令行事","0","2","2"
"被上尊谥号","0","2","2"
"尊谥号为孝","0","2","2"
"圣皇太后住","0","2","2"
"太后住在慈","0","2","2"
"李太后听说","0","2","2"
"李太后尊号","0","2","2"
"听说之后很","0","2","2"
"是都人之子","0","2","2"
"跪伏在地上","0","2","2"
"臣请求让福","0","2","2"
"请求让福王","0","2","2"
"福王前往藩","0","2","2"
"因为进言而","0","2","2"
"为进言而被","0","2","2"
"被封为武清","0","2","2"
"封为武清伯","0","2","2"
"命宦官前去","0","2","2"
"太祖十分赏","0","2","2"
"祖十分赏识","0","2","2"
"十分赏识他","0","2","2"
"命他仍担任","0","2","2"
"祖亲自督战","0","2","2"
"太祖释放了","0","2","2"
"祖释放了他","0","2","2"
"军攻下南昌","0","2","2"
"祖嘉奖他的","0","2","2"
"朱亮祖由铅","0","2","2"
"亮祖由铅山","0","2","2"
"升为浙江行","0","2","2"
"在盘屿打败","0","2","2"
"从海道攻取","0","2","2"
"作所为多不","0","2","2"
"大军取金华","0","2","2"
"从大军讨伐","0","2","2"
"升为湖广行","0","2","2"
"任命周德兴","0","2","2"
"命周德兴为","0","2","2"
"部队讨伐平","0","2","2"
"队讨伐平定","0","2","2"
"汤和为征西","0","2","2"
"的功劳都是","0","2","2"
"当面斥责了","0","2","2"
"都督府事的","0","2","2"
"福建的军务","0","2","2"
"周德兴讨伐","0","2","2"
"德兴讨伐平","0","2","2"
"兴讨伐平定","0","2","2"
"的时间较长","0","2","2"
"歌颂他的功","0","2","2"
"受株连被杀","0","2","2"
"率领部属归","0","2","2"
"领部属归附","0","2","2"
"祖了解他的","0","2","2"
"了解他的才","0","2","2"
"提升为元帅","0","2","2"
"泾江口拦击","0","2","2"
"随大军平武","0","2","2"
"张士诚的将","0","2","2"
"士诚的将领","0","2","2"
"进而围攻平","0","2","2"
"而围攻平江","0","2","2"
"张士诚亲自","0","2","2"
"士诚亲自率","0","2","2"
"张士诚的战","0","2","2"
"到的奖赏十","0","2","2"
"的奖赏十分","0","2","2"
"奖赏十分丰","0","2","2"
"赏十分丰厚","0","2","2"
"跟从大军征","0","2","2"
"平定黄河南","0","2","2"
"定黄河南北","0","2","2"
"征讨察罕脑","0","2","2"
"讨察罕脑儿","0","2","2"
"沐英征讨西","0","2","2"
"英征讨西番","0","2","2"
"封为定远侯","0","2","2"
"向上关进军","0","2","2"
"到了捕鱼儿","0","2","2"
"了捕鱼儿海","0","2","2"
"一同被召回","0","2","2"
"擒获元平章","0","2","2"
"获元平章达","0","2","2"
"逃亡途中死","0","2","2"
"亡途中死去","0","2","2"
"以征虏左副","0","2","2"
"将的身份随","0","2","2"
"将军冯胜出","0","2","2"
"投降的诚意","0","2","2"
"脱下衣服给","0","2","2"
"下衣服给纳","0","2","2"
"衣服给纳哈","0","2","2"
"服给纳哈出","0","2","2"
"给纳哈出穿","0","2","2"
"纳哈出不肯","0","2","2"
"哈出不肯穿","0","2","2"
"常茂当时在","0","2","2"
"茂当时在座","0","2","2"
"都督耿忠将","0","2","2"
"至亦迷河时","0","2","2"
"纳哈出的余","0","2","2"
"哈出的余部","0","2","2"
"中拜蓝玉为","0","2","2"
"拜蓝玉为大","0","2","2"
"蓝玉为大将","0","2","2"
"玉为大将军","0","2","2"
"在捕鱼儿海","0","2","2"
"星夜兼程赶","0","2","2"
"夜兼程赶到","0","2","2"
"远侯王弼说","0","2","2"
"我们怎么去","0","2","2"
"赶到捕鱼儿","0","2","2"
"俘获其次子","0","2","2"
"获其次子地","0","2","2"
"其次子地保","0","2","2"
"诏奖励慰劳","0","2","2"
"朱元璋多次","0","2","2"
"及吏部尚书","0","2","2"
"达一万五千","0","2","2"
"累积功劳被","0","2","2"
"功劳被任命","0","2","2"
"劳被任命为","0","2","2"
"命为指挥使","0","2","2"
"朝廷诏令不","0","2","2"
"有一百九十","0","2","2"
"曹震到泸州","0","2","2"
"于是成为重","0","2","2"
"是成为重镇","0","2","2"
"商人运输粮","0","2","2"
"人运输粮食","0","2","2"
"商人输送粮","0","2","2"
"人输送粮食","0","2","2"
"的时间较久","0","2","2"
"等图谋不轨","0","2","2"
"他的儿子曹","0","2","2"
"大军平定江","0","2","2"
"担任都指挥","0","2","2"
"挫败其锐气","0","2","2"
"兼任陕西行","0","2","2"
"任陕西行省","0","2","2"
"了来犯之敌","0","2","2"
"太祖听说此","0","2","2"
"祖听说此事","0","2","2"
"第二年论功","0","2","2"
"纳哈出余部","0","2","2"
"大军克滁州","0","2","2"
"功劳被授予","0","2","2"
"党案牵连而","0","2","2"
"案牵连而被","0","2","2"
"又晋升为山","0","2","2"
"升为山西行","0","2","2"
"升为管军千","0","2","2"
"为管军千户","0","2","2"
"多次晋升到","0","2","2"
"太祖十分恼","0","2","2"
"祖十分恼怒","0","2","2"
"株连者甚多","0","2","2"
"老百姓深感","0","2","2"
"百姓深感十","0","2","2"
"姓深感十分","0","2","2"
"侯廖永忠的","0","2","2"
"偕同俞通海","0","2","2"
"海等人率舟","0","2","2"
"等人率舟师","0","2","2"
"从巢湖前来","0","2","2"
"巢湖前来归","0","2","2"
"湖前来归附","0","2","2"
"蛮子海牙于","0","2","2"
"打败了元兵","0","2","2"
"的军队全部","0","2","2"
"被授予管军","0","2","2"
"授予管军总","0","2","2"
"予管军总管","0","2","2"
"率舟师攻破","0","2","2"
"常遇春自铜","0","2","2"
"遇春自铜陵","0","2","2"
"降服了张士","0","2","2"
"服了张士诚","0","2","2"
"张士诚的守","0","2","2"
"士诚的守将","0","2","2"
"授予他的侄","0","2","2"
"予他的侄子","0","2","2"
"父亲俞廷玉","0","2","2"
"打败陈兆先","0","2","2"
"晋升为秦淮","0","2","2"
"升为秦淮翼","0","2","2"
"为秦淮翼元","0","2","2"
"升为行枢密","0","2","2"
"为行枢密院","0","2","2"
"派水师进攻","0","2","2"
"的部队突然","0","2","2"
"如雨点般地","0","2","2"
"雨点般地射","0","2","2"
"穿上他的战","0","2","2"
"派大将镇守","0","2","2"
"于是收复池","0","2","2"
"是收复池州","0","2","2"
"谅进犯龙湾","0","2","2"
"从徐达攻打","0","2","2"
"陈友谅派兵","0","2","2"
"大举围攻南","0","2","2"
"举围攻南昌","0","2","2"
"焚烧了敌船","0","2","2"
"陈友谅的骁","0","2","2"
"友谅的骁将","0","2","2"
"谅的骁将张","0","2","2"
"的骁将张定","0","2","2"
"陈友谅不敢","0","2","2"
"海的功劳最","0","2","2"
"的功劳最大","0","2","2"
"任命为中书","0","2","2"
"跟从徐达平","0","2","2"
"从徐达平定","0","2","2"
"老百姓十分","0","2","2"
"哭得十分伤","0","2","2"
"得十分伤心","0","2","2"
"都感动得落","0","2","2"
"感动得落泪","0","2","2"
"任枢密院事","0","2","2"
"从大将军征","0","2","2"
"大将军征讨","0","2","2"
"偕同副将军","0","2","2"
"武三年封为","0","2","2"
"从徐达出塞","0","2","2"
"到凤阳屯田","0","2","2"
"太祖刚刚起","0","2","2"
"祖刚刚起兵","0","2","2"
"刚刚起兵时","0","2","2"
"滁阳谒见太","0","2","2"
"敌人大败而","0","2","2"
"为枢密院判","0","2","2"
"守将趁夜逃","0","2","2"
"将趁夜逃跑","0","2","2"
"次打败张士","0","2","2"
"陈友谅进攻","0","2","2"
"以牵制敌人","0","2","2"
"升为江南行","0","2","2"
"他们在自己","0","2","2"
"们在自己的","0","2","2"
"等人在城中","0","2","2"
"人在城中大","0","2","2"
"大肆掠夺后","0","2","2"
"他所到之处","0","2","2"
"太祖攻克婺","0","2","2"
"祖攻克婺州","0","2","2"
"大海的儿子","0","2","2"
"没有后代了","0","2","2"
"就跟随太祖","0","2","2"
"面设下埋伏","0","2","2"
"以遏制敌人","0","2","2"
"收殓他的尸","0","2","2"
"殓他的尸体","0","2","2"
"和俞通海等","0","2","2"
"败来犯之敌","0","2","2"
"攻破蛮子海","0","2","2"
"生擒了陈兆","0","2","2"
"擒了陈兆先","0","2","2"
"已经来不及","0","2","2"
"经来不及了","0","2","2"
"太祖占领了","0","2","2"
"任命为帐前","0","2","2"
"又跟从常遇","0","2","2"
"常遇春攻打","0","2","2"
"于是收复了","0","2","2"
"攻破安庆水","0","2","2"
"攻克了九江","0","2","2"
"昼夜不停地","0","2","2"
"友谅围攻南","0","2","2"
"谅围攻南昌","0","2","2"
"士诚占据高","0","2","2"
"诚占据高邮","0","2","2"
"从通州渡江","0","2","2"
"年食禄为一","0","2","2"
"为一千七百","0","2","2"
"不久又受命","0","2","2"
"围困住敌人","0","2","2"
"把敌人打跑","0","2","2"
"翼元帅镇守","0","2","2"
"经史百家之","0","2","2"
"升为行省参","0","2","2"
"州于是被攻","0","2","2"
"的部队来到","0","2","2"
"授予左司员","0","2","2"
"予左司员外","0","2","2"
"任命胡深为","0","2","2"
"诚的部队进","0","2","2"
"在离诸全五","0","2","2"
"离诸全五十","0","2","2"
"全五十里处","0","2","2"
"急忙派使者","0","2","2"
"派使者告诉","0","2","2"
"为王府参军","0","2","2"
"令胡深班师","0","2","2"
"是什么样的","0","2","2"
"为天策卫指","0","2","2"
"防御十分严","0","2","2"
"御十分严密","0","2","2"
"活捉了彭元","0","2","2"
"捉了彭元帅","0","2","2"
"北平有孙都","0","2","2"
"平有孙都督","0","2","2"
"有孙都督在","0","2","2"
"到达三不剌","0","2","2"
"达三不剌川","0","2","2"
"跟从宋国公","0","2","2"
"赐给官邸于","0","2","2"
"后受蓝玉党","0","2","2"
"升为行省左","0","2","2"
"元丞相也速","0","2","2"
"将军徐达在","0","2","2"
"降服纳哈出","0","2","2"
"的突然袭击","0","2","2"
"太祖曾阅读","0","2","2"
"不知君臣之","0","2","2"
"知君臣之礼","0","2","2"
"赐给他食物","0","2","2"
"不回避权贵","0","2","2"
"这是古代的","0","2","2"
"古代的制度","0","2","2"
"任命为左副","0","2","2"
"以后因提建","0","2","2"
"后因提建议","0","2","2"
"以防备不测","0","2","2"
"而自己却不","0","2","2"
"自己却不知","0","2","2"
"己却不知道","0","2","2"
"他们长久身","0","2","2"
"就不敢轻易","0","2","2"
"又对侍臣说","0","2","2"
"为什么一定","0","2","2"
"什么一定要","0","2","2"
"提升为四川","0","2","2"
"职刑部主事","0","2","2"
"应召为刑部","0","2","2"
"降职为翰林","0","2","2"
"职为翰林院","0","2","2"
"达三年之久","0","2","2"
"等人都得以","0","2","2"
"把他们作为","0","2","2"
"进谗言挑拨","0","2","2"
"的建议不被","0","2","2"
"建议不被采","0","2","2"
"告听不进去","0","2","2"
"以国子生的","0","2","2"
"身份被授予","0","2","2"
"祖父兄弟的","0","2","2"
"严厉的刑法","0","2","2"
"自己的行为","0","2","2"
"圣上的旨意","0","2","2"
"不是件容易","0","2","2"
"是件容易的","0","2","2"
"件容易的事","0","2","2"
"这么做的吗","0","2","2"
"但没有听说","0","2","2"
"不是一朝一","0","2","2"
"是一朝一夕","0","2","2"
"一朝一夕的","0","2","2"
"命令下达后","0","2","2"
"经过几个月","0","2","2"
"且可以杜绝","0","2","2"
"但祸患来得","0","2","2"
"到了洪武末","0","2","2"
"了洪武末年","0","2","2"
"这是权宜之","0","2","2"
"又怎么能使","0","2","2"
"我又有什么","0","2","2"
"又听说陛下","0","2","2"
"怎么能大治","0","2","2"
"连坐胡惟庸","0","2","2"
"胡惟庸余党","0","2","2"
"起任为御史","0","2","2"
"赐给金银玉","0","2","2"
"给金银玉帛","0","2","2"
"为中书左丞","0","2","2"
"任命为太常","0","2","2"
"命为太常少","0","2","2"
"十七年去世","0","2","2"
"是一样的了","0","2","2"
"难以一下子","0","2","2"
"的运粮道路","0","2","2"
"派一支部队","0","2","2"
"一支部队攻","0","2","2"
"支部队攻打","0","2","2"
"敌人的要害","0","2","2"
"剥夺他的兵","0","2","2"
"夺他的兵权","0","2","2"
"他的话十分","0","2","2"
"把他留在幕","0","2","2"
"元朝的国运","0","2","2"
"提升为翰林","0","2","2"
"升为翰林直","0","2","2"
"为翰林直学","0","2","2"
"任命李善长","0","2","2"
"又有什么好","0","2","2"
"担任大都督","0","2","2"
"太祖十分信","0","2","2"
"祖十分信任","0","2","2"
"认为他能干","0","2","2"
"信予以褒奖","0","2","2"
"与陶安等人","0","2","2"
"太祖曾经说","0","2","2"
"及前代兴亡","0","2","2"
"这是长久的","0","2","2"
"是长久的策","0","2","2"
"长久的策略","0","2","2"
"来要求自己","0","2","2"
"为天下之主","0","2","2"
"能一统天下","0","2","2"
"为万乘之主","0","2","2"
"用什么办法","0","2","2"
"他们的所作","0","2","2"
"他们都不能","0","2","2"
"不能有所成","0","2","2"
"第二年成为","0","2","2"
"由兵部郎中","0","2","2"
"诸王位尊辈","0","2","2"
"王位尊辈高","0","2","2"
"侯耿炳文为","0","2","2"
"黄子澄推荐","0","2","2"
"推荐曹国公","0","2","2"
"命李景隆率","0","2","2"
"五十万军队","0","2","2"
"可以为我所","0","2","2"
"以为我所用","0","2","2"
"李景隆果然","0","2","2"
"上书极力诋","0","2","2"
"书极力诋毁","0","2","2"
"建文帝采纳","0","2","2"
"文帝采纳齐","0","2","2"
"帝采纳齐泰","0","2","2"
"黄子澄回答","0","2","2"
"子澄回答说","0","2","2"
"黄子澄则说","0","2","2"
"于是便命李","0","2","2"
"是便命李景","0","2","2"
"便命李景隆","0","2","2"
"率军前去袭","0","2","2"
"军前去袭击","0","2","2"
"则自焚而死","0","2","2"
"又向皇上进","0","2","2"
"放他们回去","0","2","2"
"于济南城下","0","2","2"
"赦免其死罪","0","2","2"
"被施磔刑而","0","2","2"
"施磔刑而死","0","2","2"
"用方孝孺的","0","2","2"
"得知他的贤","0","2","2"
"对他十分尊","0","2","2"
"就命令方孝","0","2","2"
"命令方孝孺","0","2","2"
"这样就可以","0","2","2"
"往返需要一","0","2","2"
"于是就命令","0","2","2"
"派大理寺少","0","2","2"
"上数千言的","0","2","2"
"于是下令杀","0","2","2"
"是下令杀了","0","2","2"
"就难以预料","0","2","2"
"难以预料了","0","2","2"
"帝派庆成郡","0","2","2"
"派庆成郡主","0","2","2"
"于是渡过了","0","2","2"
"是渡过了长","0","2","2"
"方孝孺又问","0","2","2"
"为什么不立","0","2","2"
"什么不立成","0","2","2"
"么不立成王","0","2","2"
"不立成王的","0","2","2"
"王的儿子为","0","2","2"
"起草的诏书","0","2","2"
"知道其中的","0","2","2"
"道其中的缘","0","2","2"
"葬于聚宝门","0","2","2"
"与方孝孺同","0","2","2"
"戍边者的后","0","2","2"
"的儿子名叫","0","2","2"
"负责起居注","0","2","2"
"将他提拔为","0","2","2"
"一甲第二名","0","2","2"
"官吏是否贤","0","2","2"
"吏是否贤能","0","2","2"
"被下到廷臣","0","2","2"
"下到廷臣商","0","2","2"
"到廷臣商议","0","2","2"
"以进士身份","0","2","2"
"一年考中进","0","2","2"
"六科为政事","0","2","2"
"难道还会有","0","2","2"
"太祖攻下滁","0","2","2"
"祖攻下滁州","0","2","2"
"徐达攻取淮","0","2","2"
"达攻取淮东","0","2","2"
"复了他的原","0","2","2"
"他们两人不","0","2","2"
"于是停止了","0","2","2"
"以参将身份","0","2","2"
"参将身份跟","0","2","2"
"将身份跟从","0","2","2"
"友德平定蜀","0","2","2"
"德平定蜀地","0","2","2"
"称颂他的功","0","2","2"
"跟从李文忠","0","2","2"
"李文忠出师","0","2","2"
"年仅三十六","0","2","2"
"仅三十六岁","0","2","2"
"在河南练兵","0","2","2"
"升为中军都","0","2","2"
"太尉纳哈出","0","2","2"
"设立都指挥","0","2","2"
"时是洪武八","0","2","2"
"数年后去世","0","2","2"
"的欺诈行为","0","2","2"
"遣送他们回","0","2","2"
"居留三个月","0","2","2"
"的儿子没有","0","2","2"
"派他的叔叔","0","2","2"
"命令他带领","0","2","2"
"的妻子全部","0","2","2"
"全部平定了","0","2","2"
"为广西行省","0","2","2"
"年九月去世","0","2","2"
"太祖十分痛","0","2","2"
"祖十分痛惜","0","2","2"
"敢死队突击","0","2","2"
"又投入战斗","0","2","2"
"被授予凤翔","0","2","2"
"军平定中原","0","2","2"
"大军围攻庆","0","2","2"
"军围攻庆阳","0","2","2"
"河水灌溉田","0","2","2"
"晋升为四川","0","2","2"
"升为四川都","0","2","2"
"跟从沐英讨","0","2","2"
"从沐英讨伐","0","2","2"
"的部队讨伐","0","2","2"
"从大将军北","0","2","2"
"州打败了元","0","2","2"
"赶跑了贺宗","0","2","2"
"跑了贺宗哲","0","2","2"
"晋升为本卫","0","2","2"
"徐达进入沔","0","2","2"
"达进入沔州","0","2","2"
"凤翔进入连","0","2","2"
"翔进入连云","0","2","2"
"被提升为大","0","2","2"
"将吴友仁率","0","2","2"
"吴友仁率兵","0","2","2"
"功劳最大的","0","2","2"
"攻克瞿塘关","0","2","2"
"又请求设置","0","2","2"
"丁玉为平羌","0","2","2"
"玉为平羌将","0","2","2"
"任命为大都","0","2","2"
"命为大都督","0","2","2"
"因是胡惟庸","0","2","2"
"分欣赏他的","0","2","2"
"时太祖正在","0","2","2"
"军民安居乐","0","2","2"
"并予以世袭","0","2","2"
"陈友谅的将","0","2","2"
"归附的郡县","0","2","2"
"升为中书右","0","2","2"
"躲避战乱于","0","2","2"
"母亲的尸体","0","2","2"
"太祖攻下婺","0","2","2"
"祖攻下婺州","0","2","2"
"给事中郑相","0","2","2"
"任国子博士","0","2","2"
"称孔子为至","0","2","2"
"孔子为至圣","0","2","2"
"文华堂学习","0","2","2"
"他们的老师","0","2","2"
"桂彦良回答","0","2","2"
"自古以来就","0","2","2"
"有这种说法","0","2","2"
"呈上太平十","0","2","2"
"对治理国家","0","2","2"
"世人都认为","0","2","2"
"样的人可以","0","2","2"
"对教师的选","0","2","2"
"开设进士科","0","2","2"
"占了三分之","0","2","2"
"了三分之二","0","2","2"
"金文征等人","0","2","2"
"部尚书余火","0","2","2"
"尚书余火气","0","2","2"
"自作文祭奠","0","2","2"
"太祖曾亲临","0","2","2"
"教他们学习","0","2","2"
"举荐为国子","0","2","2"
"荐为国子学","0","2","2"
"为国子学正","0","2","2"
"得不到解决","0","2","2"
"为礼部员外","0","2","2"
"年晋升为尚","0","2","2"
"末年乡试中","0","2","2"
"太祖在奉天","0","2","2"
"石头上刻字","0","2","2"
"以此来充实","0","2","2"
"太祖同意了","0","2","2"
"了他的奏请","0","2","2"
"有什么可说","0","2","2"
"什么可说的","0","2","2"
"他善长写诗","0","2","2"
"还没攻下的","0","2","2"
"从大军围攻","0","2","2"
"陈友谅的旧","0","2","2"
"友谅的旧臣","0","2","2"
"元末时隐居","0","2","2"
"请求他留下","0","2","2"
"以孝治天下","0","2","2"
"的身份前来","0","2","2"
"胡大海攻克","0","2","2"
"去侦察敌情","0","2","2"
"的情况相同","0","2","2"
"改为宁越府","0","2","2"
"由乡荐进入","0","2","2"
"升为苏州知","0","2","2"
"为苏州知府","0","2","2"
"都不堪忍受","0","2","2"
"百姓因此而","0","2","2"
"奏书还未到","0","2","2"
"便又派使臣","0","2","2"
"又派使臣前","0","2","2"
"升为兵部郎","0","2","2"
"晋升为济南","0","2","2"
"升为济南知","0","2","2"
"命为吏部尚","0","2","2"
"于洪武元年","0","2","2"
"是洪武年间","0","2","2"
"属于中书省","0","2","2"
"中书省撤消","0","2","2"
"令天下设立","0","2","2"
"设立预备仓","0","2","2"
"太祖的旨意","0","2","2"
"后调任陕西","0","2","2"
"的一律处死","0","2","2"
"犯罪被免职","0","2","2"
"人可与他比","0","2","2"
"敌人不敢进","0","2","2"
"人不敢进犯","0","2","2"
"太祖的心意","0","2","2"
"因年老请求","0","2","2"
"请求疏通仪","0","2","2"
"为承宣布政","0","2","2"
"侍奉在太祖","0","2","2"
"汤和攻克延","0","2","2"
"和攻克延平","0","2","2"
"在为母守丧","0","2","2"
"和侍臣讨论","0","2","2"
"臣讨论历代","0","2","2"
"被他们所迷","0","2","2"
"他们所迷惑","0","2","2"
"又提升为右","0","2","2"
"任太子少保","0","2","2"
"率大军前去","0","2","2"
"罕帖木儿的","0","2","2"
"天下的心意","0","2","2"
"命他为黄州","0","2","2"
"钱用壬等人","0","2","2"
"年九月死于","0","2","2"
"九月死于官","0","2","2"
"月死于官位","0","2","2"
"太祖亲自写","0","2","2"
"升为考功郎","0","2","2"
"成汤不近声","0","2","2"
"汤不近声色","0","2","2"
"解释祭奠先","0","2","2"
"释祭奠先师","0","2","2"
"祭奠先师的","0","2","2"
"奠先师的乐","0","2","2"
"先师的乐章","0","2","2"
"命他与宋濂","0","2","2"
"同担任礼部","0","2","2"
"任礼部侍郎","0","2","2"
"博士孙吾与","0","2","2"
"崇他们的陵","0","2","2"
"他们的陵墓","0","2","2"
"太祖认为太","0","2","2"
"又请求依照","0","2","2"
"同为礼部尚","0","2","2"
"制度从此开","0","2","2"
"度从此开始","0","2","2"
"都遵守约束","0","2","2"
"授予礼部主","0","2","2"
"予礼部主事","0","2","2"
"高丽派使者","0","2","2"
"为中顺大夫","0","2","2"
"十分高兴地","0","2","2"
"分高兴地说","0","2","2"
"兼领国子监","0","2","2"
"领国子监事","0","2","2"
"朝廷商议此","0","2","2"
"廷商议此事","0","2","2"
"第二年命令","0","2","2"
"制定乡饮酒","0","2","2"
"这是非法的","0","2","2"
"是以鸭绿江","0","2","2"
"以鸭绿江为","0","2","2"
"鸭绿江为界","0","2","2"
"考据得十分","0","2","2"
"朝时隶属于","0","2","2"
"五代十国时","0","2","2"
"代十国时期","0","2","2"
"皇帝的诏谕","0","2","2"
"他赏赐衣服","0","2","2"
"们每三年向","0","2","2"
"帝派使者带","0","2","2"
"大军向南征","0","2","2"
"朝廷的忠诚","0","2","2"
"朝廷将播州","0","2","2"
"朝廷命有关","0","2","2"
"廷命有关官","0","2","2"
"命有关官府","0","2","2"
"并赏赐给他","0","2","2"
"赏赐给他钱","0","2","2"
"赐给他钱钞","0","2","2"
"他们的儿子","0","2","2"
"朝廷让他们","0","2","2"
"入太学学习","0","2","2"
"个寨子的蛮","0","2","2"
"子的蛮族人","0","2","2"
"按规定日期","0","2","2"
"礼部讨论说","0","2","2"
"杨辉上奏说","0","2","2"
"次招抚他们","0","2","2"
"又屡次反叛","0","2","2"
"皇帝命令总","0","2","2"
"地叛乱的苗","0","2","2"
"代理其父的","0","2","2"
"皇帝命令杨","0","2","2"
"讨论认为杨","0","2","2"
"请求皇帝仍","0","2","2"
"皇帝将此事","0","2","2"
"帝将此事交","0","2","2"
"交兵部讨论","0","2","2"
"设置一个安","0","2","2"
"调拨去守卫","0","2","2"
"部上奏皇帝","0","2","2"
"命令刑部侍","0","2","2"
"汉化的苗族","0","2","2"
"化的苗族人","0","2","2"
"一千人前去","0","2","2"
"千人前去征","0","2","2"
"理宣慰事务","0","2","2"
"按照原先的","0","2","2"
"更加恣意妄","0","2","2"
"调拨军队前","0","2","2"
"隶属于播州","0","2","2"
"皇帝给他颁","0","2","2"
"麒麟的衣服","0","2","2"
"服装的颜色","0","2","2"
"的官员会同","0","2","2"
"有招抚蛮族","0","2","2"
"兵部讨论说","0","2","2"
"臣请求朝廷","0","2","2"
"情况授予他","0","2","2"
"带兵赶走了","0","2","2"
"天旺两个地","0","2","2"
"旺两个地方","0","2","2"
"地方归还给","0","2","2"
"二十三年的","0","2","2"
"承父亲的官","0","2","2"
"父亲的官职","0","2","2"
"将他们讨伐","0","2","2"
"他们讨伐平","0","2","2"
"们讨伐平定","0","2","2"
"的大臣前去","0","2","2"
"杨应龙向朝","0","2","2"
"应龙向朝廷","0","2","2"
"帝便命令给","0","2","2"
"便上疏朝廷","0","2","2"
"是给事中张","0","2","2"
"杀了他的妻","0","2","2"
"他的妻子张","0","2","2"
"叶梦熊请求","0","2","2"
"请求朝廷发","0","2","2"
"求朝廷发兵","0","2","2"
"都立有功劳","0","2","2"
"将他们剪除","0","2","2"
"不愿到贵州","0","2","2"
"去征讨倭寇","0","2","2"
"以替自己赎","0","2","2"
"屯驻在白石","0","2","2"
"忠与贵州的","0","2","2"
"入京城行贿","0","2","2"
"侍郎邢总督","0","2","2"
"安国亨请求","0","2","2"
"催促杨应龙","0","2","2"
"促杨应龙到","0","2","2"
"的亡命之徒","0","2","2"
"外叩头迎接","0","2","2"
"接受杨应龙","0","2","2"
"人骑马前往","0","2","2"
"来献给官府","0","2","2"
"应龙的官职","0","2","2"
"总督将此事","0","2","2"
"因为杨应龙","0","2","2"
"所犯的罪行","0","2","2"
"的尸体送回","0","2","2"
"都愿意出死","0","2","2"
"愿意出死力","0","2","2"
"了重安长官","0","2","2"
"巡抚江东之","0","2","2"
"带领三千士","0","2","2"
"人全部战死","0","2","2"
"杀城中百姓","0","2","2"
"所征调的军","0","2","2"
"分八路进军","0","2","2"
"于是官军便","0","2","2"
"不久刘纟廷","0","2","2"
"中间只有一","0","2","2"
"间只有一条","0","2","2"
"只有一条小","0","2","2"
"有一条小路","0","2","2"
"一条小路可","0","2","2"
"直逼海龙囤","0","2","2"
"两地的官军","0","2","2"
"地的官军已","0","2","2"
"焚烧了桃溪","0","2","2"
"烧了桃溪庄","0","2","2"
"将此报告给","0","2","2"
"了杨应龙的","0","2","2"
"杨应龙的尸","0","2","2"
"应龙的尸体","0","2","2"
"等一百多人","0","2","2"
"卢文秀等人","0","2","2"
"李应祥等人","0","2","2"
"等发动叛乱","0","2","2"
"云南的官军","0","2","2"
"方的蛮族人","0","2","2"
"已经抓获了","0","2","2"
"于是攻取了","0","2","2"
"隶属于叙州","0","2","2"
"隶属于永宁","0","2","2"
"朝廷将永宁","0","2","2"
"升为宣抚使","0","2","2"
"诏赏赐给他","0","2","2"
"年向朝廷入","0","2","2"
"朝廷入贡一","0","2","2"
"廷入贡一次","0","2","2"
"死亡的人很","0","2","2"
"川侯曹震前","0","2","2"
"侯曹震前去","0","2","2"
"河道以通漕","0","2","2"
"道以通漕运","0","2","2"
"禄照的儿子","0","2","2"
"照的儿子阿","0","2","2"
"的儿子阿聂","0","2","2"
"阿聂继承其","0","2","2"
"聂继承其父","0","2","2"
"被逮到京城","0","2","2"
"向朝廷申述","0","2","2"
"是朝廷便让","0","2","2"
"到二十六年","0","2","2"
"就是今天的","0","2","2"
"招募民壮人","0","2","2"
"这样蛮族人","0","2","2"
"一百多里远","0","2","2"
"远的地方是","0","2","2"
"百里远的地","0","2","2"
"请求皇上谕","0","2","2"
"求皇上谕告","0","2","2"
"印有皇帝玺","0","2","2"
"有皇帝玺印","0","2","2"
"皇帝玺印的","0","2","2"
"帝玺印的诏","0","2","2"
"玺印的诏书","0","2","2"
"挑选出他们","0","2","2"
"队前往征讨","0","2","2"
"贵州的土官","0","2","2"
"求朝廷一并","0","2","2"
"不久安国亨","0","2","2"
"安信的兄长","0","2","2"
"信的兄长安","0","2","2"
"的兄长安智","0","2","2"
"事情的经过","0","2","2"
"族人的习俗","0","2","2"
"皇帝认为可","0","2","2"
"帝认为可行","0","2","2"
"认为自己是","0","2","2"
"原有的领地","0","2","2"
"宣抚司的官","0","2","2"
"抚司的官印","0","2","2"
"的官印交给","0","2","2"
"报以前的仇","0","2","2"
"水西的势力","0","2","2"
"的抚按官以","0","2","2"
"安尧臣因此","0","2","2"
"永宁的官职","0","2","2"
"会更加牢固","0","2","2"
"都称自己是","0","2","2"
"个营的军队","0","2","2"
"的军队屯驻","0","2","2"
"军队屯驻在","0","2","2"
"相互约定进","0","2","2"
"四川将领的","0","2","2"
"竟然没有人","0","2","2"
"命令安疆臣","0","2","2"
"等人又请求","0","2","2"
"无缘无故地","0","2","2"
"便命令有关","0","2","2"
"奢崇明的儿","0","2","2"
"崇明的儿子","0","2","2"
"明的儿子奢","0","2","2"
"的儿子奢寅","0","2","2"
"已故土官的","0","2","2"
"的妻子奢社","0","2","2"
"妻子奢社辉","0","2","2"
"奢社辉争夺","0","2","2"
"奢寅的兵马","0","2","2"
"无法节制他","0","2","2"
"法节制他们","0","2","2"
"张鹤鸣认为","0","2","2"
"奢崇明请求","0","2","2"
"去支援辽阳","0","2","2"
"杀死了巡抚","0","2","2"
"占领了重庆","0","2","2"
"情被发觉后","0","2","2"
"将领罗乾象","0","2","2"
"时是天启二","0","2","2"
"是天启二年","0","2","2"
"占据了重庆","0","2","2"
"打败后逃走","0","2","2"
"奢崇明的势","0","2","2"
"崇明的势力","0","2","2"
"奢崇明的妻","0","2","2"
"崇明的妻子","0","2","2"
"明的妻子安","0","2","2"
"朱燮元向朝","0","2","2"
"燮元向朝廷","0","2","2"
"的势力又有","0","2","2"
"势力又有扩","0","2","2"
"力又有扩张","0","2","2"
"安邦彦得以","0","2","2"
"奢崇明自称","0","2","2"
"崇明自称为","0","2","2"
"明自称为大","0","2","2"
"自称为大梁","0","2","2"
"称为大梁王","0","2","2"
"为四裔大长","0","2","2"
"兵侯良柱率","0","2","2"
"明朝洪武五","0","2","2"
"朝洪武五年","0","2","2"
"京城献贡物","0","2","2"
"亲自到京城","0","2","2"
"自到京城来","0","2","2"
"承袭了官职","0","2","2"
"派遣儿子入","0","2","2"
"遣儿子入京","0","2","2"
"儿子入京城","0","2","2"
"子入京城朝","0","2","2"
"入京城朝觐","0","2","2"
"叛乱的苗族","0","2","2"
"乱的苗族人","0","2","2"
"给他们奖赏","0","2","2"
"派兵进剿搜","0","2","2"
"兵进剿搜捕","0","2","2"
"朝廷调拨酉","0","2","2"
"廷调拨酉阳","0","2","2"
"军队五千人","0","2","2"
"长官司上奏","0","2","2"
"颜色的衣服","0","2","2"
"土官向朝廷","0","2","2"
"冉跃龙派遣","0","2","2"
"书张鹤鸣说","0","2","2"
"千七百多家","0","2","2"
"奢崇明叛乱","0","2","2"
"与官军一起","0","2","2"
"帝命令将该","0","2","2"
"的也不超过","0","2","2"
"少的只有一","0","2","2"
"而各位大臣","0","2","2"
"都世代为官","0","2","2"
"十万前去征","0","2","2"
"万前去征讨","0","2","2"
"与中国往来","0","2","2"
"派行人杨载","0","2","2"
"为何入侵中","0","2","2"
"何入侵中国","0","2","2"
"国为寇为盗","0","2","2"
"派将领率兵","0","2","2"
"日本国王良","0","2","2"
"本国王良怀","0","2","2"
"年三月朝廷","0","2","2"
"蒙古人的后","0","2","2"
"古人的后裔","0","2","2"
"月到达京城","0","2","2"
"年朝廷任命","0","2","2"
"显为总兵官","0","2","2"
"贡献马和土","0","2","2"
"让他们的使","0","2","2"
"人奉表前来","0","2","2"
"没有国王的","0","2","2"
"帝厌恶他们","0","2","2"
"表文中的言","0","2","2"
"文中的言词","0","2","2"
"十四年他们","0","2","2"
"他们又来上","0","2","2"
"们又来上贡","0","2","2"
"命令礼部官","0","2","2"
"令礼部官员","0","2","2"
"日本国王和","0","2","2"
"不是一个人","0","2","2"
"是一个人的","0","2","2"
"在路途之中","0","2","2"
"一定能得到","0","2","2"
"自古以来都","0","2","2"
"古以来都是","0","2","2"
"中拯救出来","0","2","2"
"现特地派遣","0","2","2"
"年他们派使","0","2","2"
"他们派使者","0","2","2"
"命令江夏侯","0","2","2"
"令江夏侯周","0","2","2"
"命令信国公","0","2","2"
"令信国公汤","0","2","2"
"把他贬谪到","0","2","2"
"实际上是要","0","2","2"
"又上奏朝廷","0","2","2"
"日本国王派","0","2","2"
"不知他们的","0","2","2"
"于是皇帝下","0","2","2"
"心一意致力","0","2","2"
"一意致力于","0","2","2"
"前去谕告日","0","2","2"
"去谕告日本","0","2","2"
"一起前往日","0","2","2"
"起前往日本","0","2","2"
"按以往的惯","0","2","2"
"以往的惯例","0","2","2"
"他们所私带","0","2","2"
"们所私带的","0","2","2"
"十一月日本","0","2","2"
"一月日本国","0","2","2"
"国派人向朝","0","2","2"
"谕告日本国","0","2","2"
"归还他们所","0","2","2"
"有玉玺的文","0","2","2"
"玉玺的文书","0","2","2"
"赏赐优厚的","0","2","2"
"皇帝亲自撰","0","2","2"
"帝亲自撰写","0","2","2"
"日本使者前","0","2","2"
"本使者前来","0","2","2"
"频频向明朝","0","2","2"
"频向明朝廷","0","2","2"
"所抓获的海","0","2","2"
"抓获的海寇","0","2","2"
"其使者回国","0","2","2"
"请求朝廷赏","0","2","2"
"求朝廷赏赐","0","2","2"
"源义持派使","0","2","2"
"义持派使者","0","2","2"
"持派使者前","0","2","2"
"使者前来报","0","2","2"
"者前来报告","0","2","2"
"报告其父的","0","2","2"
"再次派官员","0","2","2"
"朝廷献上所","0","2","2"
"皇帝嘉奖了","0","2","2"
"倭贼又入侵","0","2","2"
"还是把他们","0","2","2"
"令谴责他们","0","2","2"
"为寇为盗的","0","2","2"
"一样礼待使","0","2","2"
"样礼待使者","0","2","2"
"进而包围了","0","2","2"
"便命令宦官","0","2","2"
"白金和彩币","0","2","2"
"日本使者又","0","2","2"
"国王和王妃","0","2","2"
"王和王妃赏","0","2","2"
"和王妃赏赐","0","2","2"
"工部上奏说","0","2","2"
"行大肆杀掠","0","2","2"
"日本派使者","0","2","2"
"派使者入贡","0","2","2"
"有关官府请","0","2","2"
"关官府请求","0","2","2"
"献贡人数不","0","2","2"
"后来都没有","0","2","2"
"不能超过三","0","2","2"
"皇帝仍按旧","0","2","2"
"帝仍按旧例","0","2","2"
"皇帝又下诏","0","2","2"
"还是怏怏不","0","2","2"
"是怏怏不乐","0","2","2"
"怏怏不乐地","0","2","2"
"者前来朝廷","0","2","2"
"前来朝廷谢","0","2","2"
"便移文书给","0","2","2"
"让朝鲜国王","0","2","2"
"上报给明朝","0","2","2"
"报给明朝廷","0","2","2"
"朝廷商议后","0","2","2"
"仍像以前那","0","2","2"
"贡献马匹以","0","2","2"
"使臣一起到","0","2","2"
"月日本使臣","0","2","2"
"日本使臣又","0","2","2"
"本使臣又来","0","2","2"
"使臣又来朝","0","2","2"
"臣又来朝贡","0","2","2"
"从今以后只","0","2","2"
"对他们严加","0","2","2"
"一样对待他","0","2","2"
"样对待他们","0","2","2"
"礼官上奏说","0","2","2"
"他们安排在","0","2","2"
"请求皇上裁","0","2","2"
"求皇上裁定","0","2","2"
"这是前所未","0","2","2"
"日本的正使","0","2","2"
"会同兵部官","0","2","2"
"同兵部官员","0","2","2"
"在当地设宴","0","2","2"
"派来朝贡的","0","2","2"
"朝贡的使臣","0","2","2"
"他们之间互","0","2","2"
"们之间互相","0","2","2"
"才幸免于死","0","2","2"
"皇帝将该奏","0","2","2"
"帝将该奏章","0","2","2"
"经过勘合的","0","2","2"
"封闭海关断","0","2","2"
"闭海关断绝","0","2","2"
"袭击并斩杀","0","2","2"
"转告日本国","0","2","2"
"否则就封闭","0","2","2"
"国王源义晴","0","2","2"
"正德年间勘","0","2","2"
"德年间勘合","0","2","2"
"的献贡使臣","0","2","2"
"卫大臣将此","0","2","2"
"与朝廷通贡","0","2","2"
"就拒绝他们","0","2","2"
"与他们交通","0","2","2"
"他们交通往","0","2","2"
"们交通往来","0","2","2"
"等人到达京","0","2","2"
"人到达京城","0","2","2"
"求朝廷颁赐","0","2","2"
"急急忙忙地","0","2","2"
"得超过一百","0","2","2"
"不得超过三","0","2","2"
"其余的请求","0","2","2"
"请求朝廷按","0","2","2"
"前来向朝廷","0","2","2"
"国前来献贡","0","2","2"
"前来献贡的","0","2","2"
"期也不远了","0","2","2"
"十八年的先","0","2","2"
"八年的先例","0","2","2"
"随行人员不","0","2","2"
"不是故意违","0","2","2"
"是故意违反","0","2","2"
"于正德年间","0","2","2"
"滨海地区的","0","2","2"
"地区的奸民","0","2","2"
"不等朝廷的","0","2","2"
"祖先的制度","0","2","2"
"设置市舶提","0","2","2"
"置市舶提举","0","2","2"
"于是全部逃","0","2","2"
"设置巡抚官","0","2","2"
"建立了卫所","0","2","2"
"命令兵部尚","0","2","2"
"而赵文华却","0","2","2"
"于是各路官","0","2","2"
"官军追击到","0","2","2"
"将捷报上奏","0","2","2"
"直隶的军队","0","2","2"
"全部精锐前","0","2","2"
"部精锐前来","0","2","2"
"流动洗劫了","0","2","2"
"息上报朝廷","0","2","2"
"在此情况下","0","2","2"
"没有统属关","0","2","2"
"有统属关系","0","2","2"
"以表示他们","0","2","2"
"本是中国的","0","2","2"
"以表明自己","0","2","2"
"陈东和麻叶","0","2","2"
"送还从中国","0","2","2"
"还从中国掳","0","2","2"
"从中国掳掠","0","2","2"
"中国掳掠去","0","2","2"
"国掳掠去的","0","2","2"
"掳掠去的人","0","2","2"
"掠去的人口","0","2","2"
"源义镇等人","0","2","2"
"上疏陈述这","0","2","2"
"没有经过勘","0","2","2"
"他们既然已","0","2","2"
"源义镇和源","0","2","2"
"义镇和源义","0","2","2"
"镇和源义长","0","2","2"
"自己的家属","0","2","2"
"泉州的浯屿","0","2","2"
"贼进犯浙江","0","2","2"
"都遭受他们","0","2","2"
"年倭贼进犯","0","2","2"
"又进犯广东","0","2","2"
"嘉靖年间的","0","2","2"
"侵犯广东的","0","2","2"
"了他们一千","0","2","2"
"击沉他们的","0","2","2"
"沉他们的船","0","2","2"
"船只一百余","0","2","2"
"只一百余艘","0","2","2"
"被其手下的","0","2","2"
"平秀吉又将","0","2","2"
"情况告诉了","0","2","2"
"将此上奏给","0","2","2"
"此上奏给皇","0","2","2"
"皇帝交给兵","0","2","2"
"帝交给兵部","0","2","2"
"咨文给朝鲜","0","2","2"
"文给朝鲜国","0","2","2"
"他的儿子死","0","2","2"
"为自己的后","0","2","2"
"平秀吉派遣","0","2","2"
"派遣他手下","0","2","2"
"遣他手下的","0","2","2"
"战船数百艘","0","2","2"
"臣络绎不绝","0","2","2"
"倭军于是进","0","2","2"
"明朝廷命令","0","2","2"
"尚书石星无","0","2","2"
"书石星无计","0","2","2"
"石星无计可","0","2","2"
"星无计可施","0","2","2"
"于是嘉兴人","0","2","2"
"是嘉兴人沈","0","2","2"
"军队数十万","0","2","2"
"队数十万人","0","2","2"
"员前去招谕","0","2","2"
"其中中山王","0","2","2"
"朝廷派行人","0","2","2"
"磁器和铁釜","0","2","2"
"了一年又来","0","2","2"
"按中山王的","0","2","2"
"南王的使臣","0","2","2"
"中山王派使","0","2","2"
"山王派使者","0","2","2"
"第二年中山","0","2","2"
"二年中山王","0","2","2"
"奉皇帝的敕","0","2","2"
"皇帝的敕命","0","2","2"
"中山王和山","0","2","2"
"山王和山南","0","2","2"
"王和山南王","0","2","2"
"的使者一起","0","2","2"
"使者一起前","0","2","2"
"者一起前来","0","2","2"
"中山王的献","0","2","2"
"山王的献贡","0","2","2"
"的次子和寨","0","2","2"
"次子和寨官","0","2","2"
"子和寨官的","0","2","2"
"和寨官的儿","0","2","2"
"一起来到京","0","2","2"
"起来到京城","0","2","2"
"的儿子进国","0","2","2"
"儿子进国子","0","2","2"
"子进国子监","0","2","2"
"又派寨官的","0","2","2"
"王所派的学","0","2","2"
"所派的学生","0","2","2"
"中山王又派","0","2","2"
"王又派使者","0","2","2"
"朝廷请求皇","0","2","2"
"廷请求皇帝","0","2","2"
"命令礼部给","0","2","2"
"令礼部给他","0","2","2"
"礼部给他们","0","2","2"
"认为中山王","0","2","2"
"的使者往来","0","2","2"
"一起来京城","0","2","2"
"起来京城朝","0","2","2"
"文绮和纱罗","0","2","2"
"者来朝廷讣","0","2","2"
"命令礼部派","0","2","2"
"官员前去谕","0","2","2"
"也派使者来","0","2","2"
"请求朝廷加","0","2","2"
"官员前去册","0","2","2"
"员前去册封","0","2","2"
"山南王派遣","0","2","2"
"想向朝廷献","0","2","2"
"者到朝廷讣","0","2","2"
"到朝廷讣告","0","2","2"
"助他们办丧","0","2","2"
"他们办丧事","0","2","2"
"皇帝对他们","0","2","2"
"我们中国的","0","2","2"
"朝廷允许我","0","2","2"
"长史的身份","0","2","2"
"起来讨伐并","0","2","2"
"请求朝廷予","0","2","2"
"求朝廷予以","0","2","2"
"王自己处理","0","2","2"
"像原先那样","0","2","2"
"那样礼待他","0","2","2"
"样礼待他们","0","2","2"
"他们给朝廷","0","2","2"
"们给朝廷献","0","2","2"
"仁宗接皇帝","0","2","2"
"宦官持敕令","0","2","2"
"国向朝廷进","0","2","2"
"王的使者上","0","2","2"
"也没什么用","0","2","2"
"有的甚至一","0","2","2"
"由你们本国","0","2","2"
"讣告其父去","0","2","2"
"给事中余忭","0","2","2"
"是从这里开","0","2","2"
"逮捕后交给","0","2","2"
"有关官吏处","0","2","2"
"关官吏处理","0","2","2"
"有关官吏将","0","2","2"
"释放了他们","0","2","2"
"给事中陈傅","0","2","2"
"达为中山王","0","2","2"
"派来上贡的","0","2","2"
"来上贡的使","0","2","2"
"礼官认为这","0","2","2"
"朝廷下令将","0","2","2"
"琉球使者又","0","2","2"
"礼部官员便","0","2","2"
"请求皇帝按","0","2","2"
"其使者请求","0","2","2"
"请求朝廷像","0","2","2"
"允许他们一","0","2","2"
"许他们一年","0","2","2"
"们一年献贡","0","2","2"
"并请求让他","0","2","2"
"连上奏章请","0","2","2"
"的使者又来","0","2","2"
"臣的儿子五","0","2","2"
"的儿子五人","0","2","2"
"他们到南京","0","2","2"
"到南京的国","0","2","2"
"南京的国子","0","2","2"
"京的国子监","0","2","2"
"移交给礼部","0","2","2"
"使者前来祝","0","2","2"
"者前来祝贺","0","2","2"
"请求皇帝接","0","2","2"
"献贡使者进","0","2","2"
"贡使者进入","0","2","2"
"二十个人的","0","2","2"
"使者将此情","0","2","2"
"皇帝下诏禁","0","2","2"
"帝下诏禁止","0","2","2"
"如以前一样","0","2","2"
"五年琉球派","0","2","2"
"京国子监学","0","2","2"
"嘉靖二年皇","0","2","2"
"靖二年皇帝","0","2","2"
"帝听从礼部","0","2","2"
"听从礼部官","0","2","2"
"从礼部官员","0","2","2"
"两年献一次","0","2","2"
"人数不得超","0","2","2"
"数不得超过","0","2","2"
"超过一百五","0","2","2"
"过一百五十","0","2","2"
"琉球国世子","0","2","2"
"球国世子尚","0","2","2"
"并请求给予","0","2","2"
"请求给予册","0","2","2"
"求给予册封","0","2","2"
"命令福建的","0","2","2"
"令福建的守","0","2","2"
"卫大臣将情","0","2","2"
"大臣将情况","0","2","2"
"进献到朝廷","0","2","2"
"朝廷报告了","0","2","2"
"倭寇从浙江","0","2","2"
"琉球的世子","0","2","2"
"球的世子尚","0","2","2"
"被倭寇掳掠","0","2","2"
"倭寇掳掠去","0","2","2"
"寇掳掠去的","0","2","2"
"派给事中郭","0","2","2"
"册封尚元为","0","2","2"
"进献表文和","0","2","2"
"献表文和土","0","2","2"
"表文和土特","0","2","2"
"文和土特产","0","2","2"
"和土特产品","0","2","2"
"这是第一条","0","2","2"
"表文向朝廷","0","2","2"
"这是第二条","0","2","2"
"受安南的侵","0","2","2"
"现今该使者","0","2","2"
"这是第三条","0","2","2"
"使臣去当面","0","2","2"
"臣去当面册","0","2","2"
"去当面册封","0","2","2"
"是谁的过错","0","2","2"
"守卫大臣仍","0","2","2"
"再派使者来","0","2","2"
"国派使者前","0","2","2"
"并向皇帝谢","0","2","2"
"并请求继承","0","2","2"
"后上奏朝廷","0","2","2"
"祝贺万历皇","0","2","2"
"贺万历皇帝","0","2","2"
"任命户科给","0","2","2"
"命户科给事","0","2","2"
"朝廷请求继","0","2","2"
"廷请求继承","0","2","2"
"派官员一名","0","2","2"
"世子的表文","0","2","2"
"子的表文到","0","2","2"
"的表文到达","0","2","2"
"朝廷派遣文","0","2","2"
"任命给事中","0","2","2"
"给事中萧近","0","2","2"
"们永远遵守","0","2","2"
"官杨宗业将","0","2","2"
"杨宗业将此","0","2","2"
"十年献一次","0","2","2"
"遵照朝廷的","0","2","2"
"并归还了他","0","2","2"
"归还了他们","0","2","2"
"让他们五年","0","2","2"
"五年献一次","0","2","2"
"以后再商议","0","2","2"
"球派使者向","0","2","2"
"献贡使者又","0","2","2"
"者向朝廷祝","0","2","2"
"想向明朝廷","0","2","2"
"廷派官员前","0","2","2"
"前去招谕安","0","2","2"
"月安克帖木","0","2","2"
"克帖木儿又","0","2","2"
"帖木儿又派","0","2","2"
"木儿又派人","0","2","2"
"儿又派人向","0","2","2"
"朝廷便封他","0","2","2"
"可汗鬼力赤","0","2","2"
"的儿子脱脱","0","2","2"
"人不敢违抗","0","2","2"
"敢违抗朝廷","0","2","2"
"违抗朝廷的","0","2","2"
"脱脱的祖母","0","2","2"
"脱的祖母和","0","2","2"
"的祖母和母","0","2","2"
"祖母和母亲","0","2","2"
"宋晟上奏朝","0","2","2"
"晟上奏朝廷","0","2","2"
"朝廷所立的","0","2","2"
"忠顺王脱脱","0","2","2"
"顺王脱脱的","0","2","2"
"帖木儿的妻","0","2","2"
"理哈密的政","0","2","2"
"连年向朝廷","0","2","2"
"派来的使臣","0","2","2"
"整天沉湎于","0","2","2"
"天沉湎于酒","0","2","2"
"这种情况后","0","2","2"
"力帖木儿为","0","2","2"
"给他颁赐印","0","2","2"
"次向朝廷献","0","2","2"
"部下的头目","0","2","2"
"也加以赏赐","0","2","2"
"宗登皇帝位","0","2","2"
"登皇帝位时","0","2","2"
"洪熙元年他","0","2","2"
"再次向朝廷","0","2","2"
"新皇帝登位","0","2","2"
"木儿也去世","0","2","2"
"元年朝廷派","0","2","2"
"年朝廷派官","0","2","2"
"派官前去吊","0","2","2"
"继承忠顺王","0","2","2"
"承忠顺王位","0","2","2"
"年忠顺王派","0","2","2"
"帖木儿遣送","0","2","2"
"脱脱塔木儿","0","2","2"
"朝廷献贡三","0","2","2"
"廷献贡三次","0","2","2"
"西部边陲的","0","2","2"
"罕东的军队","0","2","2"
"去瓦剌相见","0","2","2"
"朝廷敕令各","0","2","2"
"只有忠顺王","0","2","2"
"又将忠顺王","0","2","2"
"从朝廷的安","0","2","2"
"朝廷的安排","0","2","2"
"为此颁赐敕","0","2","2"
"颁赐敕令对","0","2","2"
"上奏说哈密","0","2","2"
"便派使者向","0","2","2"
"他们优厚的","0","2","2"
"次派遣官员","0","2","2"
"任命他为都","0","2","2"
"木儿前来朝","0","2","2"
"儿前来朝贡","0","2","2"
"也先帖木儿","0","2","2"
"朝廷大臣说","0","2","2"
"大臣说土鲁","0","2","2"
"臣说土鲁番","0","2","2"
"说土鲁番已","0","2","2"
"各派使者向","0","2","2"
"他们又来献","0","2","2"
"们又来献贡","0","2","2"
"礼部大臣姚","0","2","2"
"部大臣姚夔","0","2","2"
"大臣姚夔等","0","2","2"
"臣姚夔等人","0","2","2"
"的使者不能","0","2","2"
"土鲁番派使","0","2","2"
"鲁番派使者","0","2","2"
"廷给他们赐","0","2","2"
"求朝廷赐予","0","2","2"
"时的土鲁番","0","2","2"
"密忠顺王的","0","2","2"
"去经略哈密","0","2","2"
"略哈密事务","0","2","2"
"朝廷修贡如","0","2","2"
"廷修贡如故","0","2","2"
"一句严厉的","0","2","2"
"派将士护送","0","2","2"
"将士护送他","0","2","2"
"士护送他们","0","2","2"
"护送他们回","0","2","2"
"他们颁赐敕","0","2","2"
"回去后谕告","0","2","2"
"去谕告阿力","0","2","2"
"和忠顺王的","0","2","2"
"土鲁番又派","0","2","2"
"鲁番又派遣","0","2","2"
"到京城向朝","0","2","2"
"还所占领的","0","2","2"
"所占领的哈","0","2","2"
"占领的哈密","0","2","2"
"哈密城的印","0","2","2"
"的儿子阿黑","0","2","2"
"儿子阿黑麻","0","2","2"
"了速檀的职","0","2","2"
"速檀的职位","0","2","2"
"悄悄地带兵","0","2","2"
"不是忠顺王","0","2","2"
"忠顺王的族","0","2","2"
"假装与罕慎","0","2","2"
"装与罕慎联","0","2","2"
"慎联姻结亲","0","2","2"
"土鲁番占据","0","2","2"
"阿黑麻派使","0","2","2"
"黑麻派使者","0","2","2"
"的消息已经","0","2","2"
"使者回去谕","0","2","2"
"者回去谕告","0","2","2"
"去谕告阿黑","0","2","2"
"谕告阿黑麻","0","2","2"
"愿意将哈密","0","2","2"
"意将哈密城","0","2","2"
"献还给朝廷","0","2","2"
"所拘留的使","0","2","2"
"这是什么道","0","2","2"
"是什么道理","0","2","2"
"来没有发生","0","2","2"
"没有发生过","0","2","2"
"张芾的使命","0","2","2"
"的使臣回国","0","2","2"
"有什么办法","0","2","2"
"皇帝手上后","0","2","2"
"边防大臣将","0","2","2"
"防大臣将此","0","2","2"
"陕巴为忠顺","0","2","2"
"巴为忠顺王","0","2","2"
"到京城来进","0","2","2"
"驾驭外番之","0","2","2"
"驭外番之国","0","2","2"
"召他们进宫","0","2","2"
"不可不慎重","0","2","2"
"封闭了嘉峪","0","2","2"
"闭了嘉峪关","0","2","2"
"进贡的道路","0","2","2"
"悄悄地出兵","0","2","2"
"叩关请求通","0","2","2"
"关请求通贡","0","2","2"
"决定答应他","0","2","2"
"使者全部释","0","2","2"
"者全部释放","0","2","2"
"全部释放回","0","2","2"
"的儿子拜牙","0","2","2"
"儿子拜牙即","0","2","2"
"父亲阿黑麻","0","2","2"
"其兄满速儿","0","2","2"
"此时朝廷大","0","2","2"
"贼人的心腹","0","2","2"
"允许土鲁番","0","2","2"
"窥探我们的","0","2","2"
"探我们的虚","0","2","2"
"一下他们的","0","2","2"
"反复向我们","0","2","2"
"复向我们挑","0","2","2"
"向我们挑衅","0","2","2"
"番族文书中","0","2","2"
"而不去做呢","0","2","2"
"我认为现在","0","2","2"
"向他们索讨","0","2","2"
"人进犯肃州","0","2","2"
"又侵犯肃州","0","2","2"
"番人掳掠而","0","2","2"
"人掳掠而去","0","2","2"
"便将自己的","0","2","2"
"自己的妹妹","0","2","2"
"让他掌握兵","0","2","2"
"他掌握兵权","0","2","2"
"长期以来一","0","2","2"
"期以来一直","0","2","2"
"部边境地区","0","2","2"
"得罪了其主","0","2","2"
"罪了其主人","0","2","2"
"每年从他那","0","2","2"
"年从他那里","0","2","2"
"从他那里征","0","2","2"
"他那里征调","0","2","2"
"满速儿为此","0","2","2"
"速儿为此很","0","2","2"
"儿为此很愤","0","2","2"
"为此很愤怒","0","2","2"
"下虎力纳咱","0","2","2"
"力纳咱儿勾","0","2","2"
"纳咱儿勾引","0","2","2"
"咱儿勾引瓦","0","2","2"
"儿勾引瓦剌","0","2","2"
"詹事霍韬则","0","2","2"
"他们献贡的","0","2","2"
"应他们的要","0","2","2"
"怎么能够兴","0","2","2"
"么能够兴复","0","2","2"
"的赤斤卫所","0","2","2"
"不知他的去","0","2","2"
"知他的去向","0","2","2"
"他们的叛臣","0","2","2"
"每天要供给","0","2","2"
"留在哈密的","0","2","2"
"忠顺王的后","0","2","2"
"去兴复哈密","0","2","2"
"求朝廷一心","0","2","2"
"考虑自治之","0","2","2"
"虑自治之策","0","2","2"
"接受了他们","0","2","2"
"受了他们的","0","2","2"
"以及忠顺王","0","2","2"
"及忠顺王的","0","2","2"
"更加桀骜不","0","2","2"
"加桀骜不驯","0","2","2"
"使臣向朝廷","0","2","2"
"臣向朝廷上","0","2","2"
"悔改自己的","0","2","2"
"改自己的罪","0","2","2"
"侵犯我们边","0","2","2"
"边关的守卫","0","2","2"
"到自己的故","0","2","2"
"先的弟弟伯","0","2","2"
"的弟弟伯都","0","2","2"
"弟弟伯都王","0","2","2"
"侄子兀忽纳","0","2","2"
"求朝廷对他","0","2","2"
"无人可继承","0","2","2"
"人可继承王","0","2","2"
"令哈密的国","0","2","2"
"推荐出可继","0","2","2"
"荐出可继承","0","2","2"
"帖木儿的外","0","2","2"
"官至都督同","0","2","2"
"至都督同知","0","2","2"
"的奏章上报","0","2","2"
"奏章上报朝","0","2","2"
"章上报朝廷","0","2","2"
"朝廷的册封","0","2","2"
"还数次派使","0","2","2"
"派使者朝贡","0","2","2"
"一日比一日","0","2","2"
"哈密向朝廷","0","2","2"
"无益的花费","0","2","2"
"人的奏章交","0","2","2"
"献一次贡品","0","2","2"
"朝廷命令给","0","2","2"
"给他们每人","0","2","2"
"把塔木儿为","0","2","2"
"塔木儿为王","0","2","2"
"现在这个地","0","2","2"
"给他颁赐诰","0","2","2"
"他颁赐诰印","0","2","2"
"自己年老有","0","2","2"
"己年老有病","0","2","2"
"使者还未回","0","2","2"
"者还未回去","0","2","2"
"哈密一起派","0","2","2"
"密一起派使","0","2","2"
"一起派使者","0","2","2"
"起派使者前","0","2","2"
"瓦剌的势力","0","2","2"
"皇帝拒绝了","0","2","2"
"宴款待他们","0","2","2"
"边防大臣的","0","2","2"
"皇帝便让其","0","2","2"
"罕慎向朝廷","0","2","2"
"让他继承其","0","2","2"
"击并攻破了","0","2","2"
"顺王的孙女","0","2","2"
"派锦衣千户","0","2","2"
"等人将此上","0","2","2"
"人将此上报","0","2","2"
"朝廷便传檄","0","2","2"
"廷便传檄文","0","2","2"
"二个卫所的","0","2","2"
"个卫所的军","0","2","2"
"军队回去守","0","2","2"
"队回去守卫","0","2","2"
"回去守卫自","0","2","2"
"去守卫自己","0","2","2"
"所的军队一","0","2","2"
"自己手下的","0","2","2"
"手下的军队","0","2","2"
"封罕慎为王","0","2","2"
"手下的将士","0","2","2"
"提升和奖赏","0","2","2"
"绰卜都等人","0","2","2"
"罕慎的弟弟","0","2","2"
"领部下众人","0","2","2"
"在夜间袭击","0","2","2"
"破哈密城的","0","2","2"
"哈密城的防","0","2","2"
"密城的防守","0","2","2"
"阿黑麻甚为","0","2","2"
"于是阿黑麻","0","2","2"
"立陕巴为王","0","2","2"
"派使者叩见","0","2","2"
"使者叩见边","0","2","2"
"者叩见边关","0","2","2"
"叩见边关大","0","2","2"
"见边关大臣","0","2","2"
"所拘留的土","0","2","2"
"拘留的土鲁","0","2","2"
"所扣留的土","0","2","2"
"扣留的土鲁","0","2","2"
"来归顺朝廷","0","2","2"
"马文升的建","0","2","2"
"文升的建议","0","2","2"
"与都督同知","0","2","2"
"向边关大臣","0","2","2"
"贡的使者都","0","2","2"
"边关大臣认","0","2","2"
"关大臣认为","0","2","2"
"自古以来没","0","2","2"
"古以来没有","0","2","2"
"北部的敌寇","0","2","2"
"兵部尚书不","0","2","2"
"人都是庸才","0","2","2"
"宣谕阿黑麻","0","2","2"
"让张海等人","0","2","2"
"封闭嘉峪关","0","2","2"
"虽然被封为","0","2","2"
"没有损害或","0","2","2"
"有损害或好","0","2","2"
"损害或好处","0","2","2"
"朝廷大臣又","0","2","2"
"定王千奔的","0","2","2"
"修筑苦峪的","0","2","2"
"筑苦峪的城","0","2","2"
"苦峪的城壕","0","2","2"
"给他们耕牛","0","2","2"
"有敌寇入侵","0","2","2"
"种番族人和","0","2","2"
"让他们全部","0","2","2"
"写亦虎仙等","0","2","2"
"亦虎仙等人","0","2","2"
"予他们币帛","0","2","2"
"人送了回来","0","2","2"
"暂时居住在","0","2","2"
"的朝廷官员","0","2","2"
"罕慎的女儿","0","2","2"
"与奄克孛剌","0","2","2"
"写亦虎仙到","0","2","2"
"治写亦虎仙","0","2","2"
"亦虎仙的罪","0","2","2"
"正好符合古","0","2","2"
"符合古人所","0","2","2"
"合古人所说","0","2","2"
"六年朝廷才","0","2","2"
"年朝廷才让","0","2","2"
"让写亦虎仙","0","2","2"
"写亦虎仙与","0","2","2"
"二人把真帖","0","2","2"
"人把真帖木","0","2","2"
"帖木儿送回","0","2","2"
"他们一行到","0","2","2"
"们一行到达","0","2","2"
"他们这么做","0","2","2"
"情况告诉给","0","2","2"
"火者他只丁","0","2","2"
"书给边关大","0","2","2"
"给边关大臣","0","2","2"
"卫自己的国","0","2","2"
"城的官印交","0","2","2"
"要他们归还","0","2","2"
"他们归还所","0","2","2"
"们归还所侵","0","2","2"
"给他们重赏","0","2","2"
"朝廷的威风","0","2","2"
"忠顺王最终","0","2","2"
"顺王最终没","0","2","2"
"王最终没有","0","2","2"
"即使让他回","0","2","2"
"使让他回到","0","2","2"
"让他回到哈","0","2","2"
"他回到哈密","0","2","2"
"求朝廷敕令","0","2","2"
"满速儿兄弟","0","2","2"
"至今还没有","0","2","2"
"他们所提的","0","2","2"
"们所提的要","0","2","2"
"所提的要求","0","2","2"
"我们朝廷的","0","2","2"
"就封闭关隘","0","2","2"
"以及都指挥","0","2","2"
"各位将领的","0","2","2"
"充当米儿的","0","2","2"
"当米儿的儿","0","2","2"
"米儿的儿子","0","2","2"
"儿的儿子马","0","2","2"
"儿子马黑木","0","2","2"
"失拜烟答的","0","2","2"
"拜烟答的儿","0","2","2"
"烟答的儿子","0","2","2"
"进了锦衣卫","0","2","2"
"请求朝廷传","0","2","2"
"请朝廷派遣","0","2","2"
"彭泽贬斥为","0","2","2"
"土鲁番人的","0","2","2"
"锦衣指挥的","0","2","2"
"将领和士兵","0","2","2"
"万骑兵包围","0","2","2"
"打败了入侵","0","2","2"
"败了入侵的","0","2","2"
"皇帝命令兵","0","2","2"
"锦衣官前去","0","2","2"
"侵犯边境之","0","2","2"
"犯边境之罪","0","2","2"
"转达朝廷的","0","2","2"
"让他归还所","0","2","2"
"兵部的尚书","0","2","2"
"向皇帝呈上","0","2","2"
"严厉责备陈","0","2","2"
"想置他于死","0","2","2"
"陈九畴逮捕","0","2","2"
"桂萼等人一","0","2","2"
"一定要杀他","0","2","2"
"的部下来归","0","2","2"
"声称自己是","0","2","2"
"将罪过推诿","0","2","2"
"上书给朝廷","0","2","2"
"臣属于土鲁","0","2","2"
"属于土鲁番","0","2","2"
"不到一二年","0","2","2"
"土鲁番更加","0","2","2"
"过问哈密的","0","2","2"
"绝与他们的","0","2","2"
"我们的士兵","0","2","2"
"他们的言词","0","2","2"
"印信的番文","0","2","2"
"身前来归附","0","2","2"
"会使我们的","0","2","2"
"所以我认为","0","2","2"
"来替自己赎","0","2","2"
"帝深以为然","0","2","2"
"对他的提议","0","2","2"
"们每年献一","0","2","2"
"每年献一次","0","2","2"
"俘虏了元朝","0","2","2"
"边境的祸患","0","2","2"
"拜徐达为大","0","2","2"
"为右副将军","0","2","2"
"个人骑马逃","0","2","2"
"封买的里八","0","2","2"
"的里八剌为","0","2","2"
"里八剌为崇","0","2","2"
"八剌为崇礼","0","2","2"
"剌为崇礼侯","0","2","2"
"元朝太子爱","0","2","2"
"朝太子爱猷","0","2","2"
"洪武五年春","0","2","2"
"分三路征讨","0","2","2"
"斩杀元朝的","0","2","2"
"官吏和平民","0","2","2"
"官员的子孙","0","2","2"
"洪武六年春","0","2","2"
"都被当地守","0","2","2"
"崇礼侯买的","0","2","2"
"礼侯买的里","0","2","2"
"侯买的里八","0","2","2"
"的里八剌回","0","2","2"
"回到北方老","0","2","2"
"到北方老家","0","2","2"
"识理达腊死","0","2","2"
"自己写祭文","0","2","2"
"思帖木儿继","0","2","2"
"平章完者不","0","2","2"
"章完者不花","0","2","2"
"武十三年春","0","2","2"
"傅友德一起","0","2","2"
"征讨纳哈出","0","2","2"
"听说纳哈出","0","2","2"
"说纳哈出受","0","2","2"
"纳哈出受伤","0","2","2"
"三千一百多","0","2","2"
"封纳哈出为","0","2","2"
"纳哈出为海","0","2","2"
"哈出为海西","0","2","2"
"出为海西侯","0","2","2"
"赏赐给他很","0","2","2"
"赐给他很多","0","2","2"
"军队去征讨","0","2","2"
"率领大军从","0","2","2"
"领大军从大","0","2","2"
"太祖非常高","0","2","2"
"祖非常高兴","0","2","2"
"把他流放到","0","2","2"
"来归降的人","0","2","2"
"的军队跟随","0","2","2"
"山西的军队","0","2","2"
"从古北口出","0","2","2"
"侦察了解到","0","2","2"
"乃儿不花大","0","2","2"
"一起来归降","0","2","2"
"在边境要塞","0","2","2"
"到坤帖木儿","0","2","2"
"的皇帝称号","0","2","2"
"派遣使臣持","0","2","2"
"给鬼力赤可","0","2","2"
"鬼力赤可汗","0","2","2"
"把他立为可","0","2","2"
"他立为可汗","0","2","2"
"永乐六年春","0","2","2"
"有听说他们","0","2","2"
"本雅失里的","0","2","2"
"完者帖木儿","0","2","2"
"给事中郭骥","0","2","2"
"不要轻易进","0","2","2"
"要轻易进犯","0","2","2"
"人骑马逃走","0","2","2"
"明成祖率领","0","2","2"
"他手下的人","0","2","2"
"兵大声呼喊","0","2","2"
"大声呼喊着","0","2","2"
"明成祖接纳","0","2","2"
"成祖接纳了","0","2","2"
"都以厚礼还","0","2","2"
"的阿鲁台的","0","2","2"
"杀了自己的","0","2","2"
"祖认为他很","0","2","2"
"鲁台派使者","0","2","2"
"被瓦剌部落","0","2","2"
"瓦剌部落所","0","2","2"
"亲和妻子也","0","2","2"
"皇帝有什么","0","2","2"
"边关的将领","0","2","2"
"队驻扎在边","0","2","2"
"驻扎在边关","0","2","2"
"扎在边关要","0","2","2"
"在边关抢劫","0","2","2"
"让有关官吏","0","2","2"
"供给他们酒","0","2","2"
"的边关地区","0","2","2"
"各位将领请","0","2","2"
"到脱脱不花","0","2","2"
"的妻子儿子","0","2","2"
"等人迁徙到","0","2","2"
"剌部落的脱","0","2","2"
"部落的脱飀","0","2","2"
"飀袭击并杀","0","2","2"
"的儿子阿卜","0","2","2"
"儿子阿卜只","0","2","2"
"安抚了他们","0","2","2"
"到亦集乃路","0","2","2"
"打败朵儿只","0","2","2"
"和俘虏不少","0","2","2"
"阿鲁台的部","0","2","2"
"鲁台的部属","0","2","2"
"为这样不行","0","2","2"
"立脱脱不花","0","2","2"
"自己做丞相","0","2","2"
"的儿子也先","0","2","2"
"儿子也先继","0","2","2"
"脱脱不花只","0","2","2"
"谋划大举入","0","2","2"
"划大举入侵","0","2","2"
"大举入侵明","0","2","2"
"举入侵明朝","0","2","2"
"脱脱不花制","0","2","2"
"脱不花制止","0","2","2"
"不花制止他","0","2","2"
"宗皇帝亲自","0","2","2"
"在土木堡被","0","2","2"
"英宗皇帝为","0","2","2"
"宗皇帝为太","0","2","2"
"朝廷的献贡","0","2","2"
"脱脱不花不","0","2","2"
"对自己不利","0","2","2"
"杀了脱脱不","0","2","2"
"了脱脱不花","0","2","2"
"部落酋长孛","0","2","2"
"脱不花的儿","0","2","2"
"不花的儿子","0","2","2"
"号称小王子","0","2","2"
"敌人又入侵","0","2","2"
"又入侵榆林","0","2","2"
"掠夺陕西的","0","2","2"
"廷的大臣们","0","2","2"
"的守卫将领","0","2","2"
"诱入伏击圈","0","2","2"
"入伏击圈内","0","2","2"
"皇帝命令侍","0","2","2"
"帝命令侍郎","0","2","2"
"来请求投诚","0","2","2"
"从大同这条","0","2","2"
"英宗皇帝答","0","2","2"
"与孛来互相","0","2","2"
"孛来互相仇","0","2","2"
"来互相仇杀","0","2","2"
"缓急之事时","0","2","2"
"这样才能使","0","2","2"
"万骑兵侵入","0","2","2"
"的军队抵抗","0","2","2"
"才引退而去","0","2","2"
"的时间也不","0","2","2"
"偷偷地进入","0","2","2"
"进入河套地","0","2","2"
"入河套地区","0","2","2"
"唐朝张仁愿","0","2","2"
"朝张仁愿在","0","2","2"
"张仁愿在这","0","2","2"
"仁愿在这里","0","2","2"
"朝初年曾派","0","2","2"
"初年曾派兵","0","2","2"
"宗皇帝任命","0","2","2"
"边关的士兵","0","2","2"
"的士兵二万","0","2","2"
"又侵入延绥","0","2","2"
"派遣使臣到","0","2","2"
"到明朝献贡","0","2","2"
"宪宗皇帝命","0","2","2"
"个不利因素","0","2","2"
"帝认为这个","0","2","2"
"认为这个建","0","2","2"
"为这个建议","0","2","2"
"他们又纠集","0","2","2"
"三个卫所的","0","2","2"
"朱永为将军","0","2","2"
"据河套地区","0","2","2"
"上书皇帝谈","0","2","2"
"大臣们都请","0","2","2"
"臣们都请求","0","2","2"
"要他们小心","0","2","2"
"设立烽火台","0","2","2"
"率轻装骑兵","0","2","2"
"了他们的营","0","2","2"
"他们的营地","0","2","2"
"等人失败而","0","2","2"
"妻子儿女也","0","2","2"
"子儿女也都","0","2","2"
"再在河套居","0","2","2"
"在河套居住","0","2","2"
"在威宁海子","0","2","2"
"威宁海子袭","0","2","2"
"宁海子袭击","0","2","2"
"海子袭击并","0","2","2"
"人在边关地","0","2","2"
"骑兵入侵大","0","2","2"
"兵入侵大同","0","2","2"
"便长驱直入","0","2","2"
"尽全力抗击","0","2","2"
"全力抗击敌","0","2","2"
"力抗击敌人","0","2","2"
"每年都不得","0","2","2"
"年都不得安","0","2","2"
"都不得安宁","0","2","2"
"伯颜猛可王","0","2","2"
"北方部落的","0","2","2"
"方部落的亦","0","2","2"
"部落的亦卜","0","2","2"
"落的亦卜剌","0","2","2"
"疆地区的祸","0","2","2"
"各边境地区","0","2","2"
"边境地区都","0","2","2"
"贺兰山后面","0","2","2"
"江伯陈锐为","0","2","2"
"斩获敌人的","0","2","2"
"带十万骑兵","0","2","2"
"以五千骑兵","0","2","2"
"千骑兵进犯","0","2","2"
"允许他们来","0","2","2"
"许他们来上","0","2","2"
"他们来上贡","0","2","2"
"又从花马池","0","2","2"
"武宗皇帝便","0","2","2"
"该地区事务","0","2","2"
"德元年春天","0","2","2"
"年春天的事","0","2","2"
"敌人数次入","0","2","2"
"人数次入侵","0","2","2"
"获首级三百","0","2","2"
"缴获马和牲","0","2","2"
"获马和牲畜","0","2","2"
"剌逃窜到西","0","2","2"
"逃窜到西海","0","2","2"
"百姓苦不堪","0","2","2"
"姓苦不堪言","0","2","2"
"小王子数次","0","2","2"
"王子数次入","0","2","2"
"子数次入侵","0","2","2"
"以五万骑兵","0","2","2"
"兵进攻大同","0","2","2"
"报上奏皇帝","0","2","2"
"部落的酋长","0","2","2"
"万骑兵分道","0","2","2"
"敌人的魁首","0","2","2"
"敌人又侵犯","0","2","2"
"次进犯宣府","0","2","2"
"将他们打退","0","2","2"
"乞求与明朝","0","2","2"
"求与明朝通","0","2","2"
"此时小王子","0","2","2"
"便把营帐迁","0","2","2"
"等边疆地区","0","2","2"
"朝廷没有答","0","2","2"
"没有答应他","0","2","2"
"次打败他们","0","2","2"
"敌人又侵入","0","2","2"
"和巡抚都御","0","2","2"
"靖十九年秋","0","2","2"
"获敌人一百","0","2","2"
"兵周尚文在","0","2","2"
"吉囊的儿子","0","2","2"
"事报告朝廷","0","2","2"
"十一年夏天","0","2","2"
"巡抚龙大有","0","2","2"
"抚龙大有把","0","2","2"
"龙大有把他","0","2","2"
"上交给朝廷","0","2","2"
"关地区有数","0","2","2"
"箭矢用完了","0","2","2"
"他的各个儿","0","2","2"
"者到大同要","0","2","2"
"的士兵杀了","0","2","2"
"上疏给皇帝","0","2","2"
"以一万骑兵","0","2","2"
"骑兵入侵锦","0","2","2"
"兵入侵锦州","0","2","2"
"捣敌人老巢","0","2","2"
"给皇帝上言","0","2","2"
"复河套的事","0","2","2"
"敌人进犯宣","0","2","2"
"人进犯宣府","0","2","2"
"接连打败了","0","2","2"
"到威宁海子","0","2","2"
"上按兵不动","0","2","2"
"人焚烧抢劫","0","2","2"
"为这样做不","0","2","2"
"俺答又请求","0","2","2"
"敌人又进犯","0","2","2"
"碰上长期下","0","2","2"
"上长期下雨","0","2","2"
"长期下雨才","0","2","2"
"宣府的赤城","0","2","2"
"募不怕死的","0","2","2"
"兵进犯宣府","0","2","2"
"以二万骑兵","0","2","2"
"二万骑兵分","0","2","2"
"万人马进入","0","2","2"
"兵蒋承勋奋","0","2","2"
"蒋承勋奋力","0","2","2"
"俺答的儿子","0","2","2"
"的儿子辛爱","0","2","2"
"认为这样可","0","2","2"
"暗地里派人","0","2","2"
"地里派人告","0","2","2"
"里派人告诉","0","2","2"
"毁敌人的营","0","2","2"
"黑春奋力战","0","2","2"
"俺答屡次进","0","2","2"
"答屡次进犯","0","2","2"
"人入侵宣府","0","2","2"
"姜应熊在密","0","2","2"
"应熊在密云","0","2","2"
"儿子黄台吉","0","2","2"
"百人埋伏在","0","2","2"
"率数万人马","0","2","2"
"长驱直入进","0","2","2"
"位将领追击","0","2","2"
"迷失了道路","0","2","2"
"镇守西部边","0","2","2"
"是俺答第三","0","2","2"
"俺答第三个","0","2","2"
"答第三个儿","0","2","2"
"三个儿子铁","0","2","2"
"个儿子铁背","0","2","2"
"儿子铁背台","0","2","2"
"铁背台吉的","0","2","2"
"背台吉的儿","0","2","2"
"袄儿都司的","0","2","2"
"是俺答的外","0","2","2"
"俺答的外孙","0","2","2"
"答的外孙女","0","2","2"
"把板升的各","0","2","2"
"板升的各位","0","2","2"
"升的各位叛","0","2","2"
"的各位叛徒","0","2","2"
"让把汉回去","0","2","2"
"建议可以采","0","2","2"
"议可以采纳","0","2","2"
"是赵全等人","0","2","2"
"使者与鲍崇","0","2","2"
"者与鲍崇德","0","2","2"
"与鲍崇德一","0","2","2"
"鲍崇德一起","0","2","2"
"陈述八件事","0","2","2"
"部落酋长可","0","2","2"
"落酋长可带","0","2","2"
"酋长可带马","0","2","2"
"不能超过五","0","2","2"
"吉能为都督","0","2","2"
"能为都督同","0","2","2"
"请求在海南","0","2","2"
"们每年都来","0","2","2"
"次带人进犯","0","2","2"
"梁在卓山打","0","2","2"
"在卓山打败","0","2","2"
"了大学士张","0","2","2"
"封为宁远伯","0","2","2"
"历十年春天","0","2","2"
"俺答的妻子","0","2","2"
"朝廷所给的","0","2","2"
"敕封她为忠","0","2","2"
"二十年没有","0","2","2"
"庄秃赖等人","0","2","2"
"总兵李如松","0","2","2"
"永邵卜进犯","0","2","2"
"所属的外族","0","2","2"
"属的外族人","0","2","2"
"敌人一百三","0","2","2"
"人一百三十","0","2","2"
"官军把他们","0","2","2"
"他们又入侵","0","2","2"
"李日攵等人","0","2","2"
"扌奢力克的","0","2","2"
"的通市赏赐","0","2","2"
"替他们向皇","0","2","2"
"河套部落的","0","2","2"
"部落的入贡","0","2","2"
"落的入贡和","0","2","2"
"的入贡和通","0","2","2"
"入贡和通市","0","2","2"
"东边的各部","0","2","2"
"边的各部落","0","2","2"
"他们的势力","0","2","2"
"此时皇帝已","0","2","2"
"时皇帝已经","0","2","2"
"扌奢力克死","0","2","2"
"与忠顺夫人","0","2","2"
"忠顺夫人结","0","2","2"
"西边关各部","0","2","2"
"边关各部落","0","2","2"
"皇帝下诏封","0","2","2"
"等人将他们","0","2","2"
"百二十一个","0","2","2"
"士兵和百姓","0","2","2"
"明朝廷通贡","0","2","2"
"是虎墩兔的","0","2","2"
"文焕将他打","0","2","2"
"第三年春天","0","2","2"
"敌人三百多","0","2","2"
"人三百多人","0","2","2"
"问该怎么办","0","2","2"
"秘密地向皇","0","2","2"
"密地向皇帝","0","2","2"
"认为他的主","0","2","2"
"崇焕的意见","0","2","2"
"的军队到了","0","2","2"
"大清军队在","0","2","2"
"部落每年都","0","2","2"
"中原地区盗","0","2","2"
"原地区盗贼","0","2","2"
"也没有达到","0","2","2"
"猛可帖木儿","0","2","2"
"等人按等级","0","2","2"
"给他们分别","0","2","2"
"一起居住在","0","2","2"
"居住在漠北","0","2","2"
"住在漠北地","0","2","2"
"在漠北地区","0","2","2"
"将其遣送回","0","2","2"
"其遣送回去","0","2","2"
"朝廷所派遣","0","2","2"
"朝廷将这些","0","2","2"
"自率军前去","0","2","2"
"率军前去征","0","2","2"
"率军驻扎在","0","2","2"
"部众数千人","0","2","2"
"以前所拘留","0","2","2"
"前所拘留的","0","2","2"
"了他们的使","0","2","2"
"与阿鲁台发","0","2","2"
"阿鲁台发生","0","2","2"
"鲁台发生战","0","2","2"
"台发生战斗","0","2","2"
"接受朝廷的","0","2","2"
"皇帝便又派","0","2","2"
"前往瓦剌去","0","2","2"
"十六年春天","0","2","2"
"另外再派遣","0","2","2"
"派遣使者去","0","2","2"
"向朝廷奉表","0","2","2"
"力前来投降","0","2","2"
"官府供给他","0","2","2"
"向朝廷献玉","0","2","2"
"朝廷献玉玺","0","2","2"
"国公朱勇上","0","2","2"
"公朱勇上奏","0","2","2"
"鞑靼部落的","0","2","2"
"朵儿只伯的","0","2","2"
"便共同拥立","0","2","2"
"脱脱不花率","0","2","2"
"脱不花率领","0","2","2"
"朝廷献贡时","0","2","2"
"廷献贡品的","0","2","2"
"的使者不超","0","2","2"
"使者不超过","0","2","2"
"令要他们自","0","2","2"
"要他们自己","0","2","2"
"瓦剌的使者","0","2","2"
"每年都有增","0","2","2"
"年都有增加","0","2","2"
"攻破兀良哈","0","2","2"
"将大举入侵","0","2","2"
"图谋入侵中","0","2","2"
"谋入侵中国","0","2","2"
"入侵中国边","0","2","2"
"侵中国边境","0","2","2"
"廷的使者到","0","2","2"
"阿剌知院率","0","2","2"
"王振挟持皇","0","2","2"
"振挟持皇帝","0","2","2"
"挟持皇帝亲","0","2","2"
"持皇帝亲自","0","2","2"
"各位大臣全","0","2","2"
"顺伯薛绶率","0","2","2"
"帝的车驾到","0","2","2"
"骑兵从四面","0","2","2"
"迎接太上皇","0","2","2"
"的太监喜宁","0","2","2"
"见脱脱不花","0","2","2"
"等人已经到","0","2","2"
"太上皇回去","0","2","2"
"上皇回去后","0","2","2"
"已经确定了","0","2","2"
"也先对杨善","0","2","2"
"先对杨善说","0","2","2"
"断绝与瓦剌","0","2","2"
"绝与瓦剌的","0","2","2"
"与瓦剌的往","0","2","2"
"瓦剌的往来","0","2","2"
"不再派使者","0","2","2"
"再派使者去","0","2","2"
"滋事生非和","0","2","2"
"难道是没有","0","2","2"
"脱不花的妻","0","2","2"
"祝贺第二年","0","2","2"
"贺第二年的","0","2","2"
"第二年的元","0","2","2"
"二年的元旦","0","2","2"
"书王直等人","0","2","2"
"皇帝派使臣","0","2","2"
"于谦上奏说","0","2","2"
"只知道战争","0","2","2"
"有什么见解","0","2","2"
"帝便下诏令","0","2","2"
"者前来朝觐","0","2","2"
"称自己为大","0","2","2"
"英宗皇帝复","0","2","2"
"宗皇帝复辟","0","2","2"
"朝廷请求册","0","2","2"
"廷请求册封","0","2","2"
"帖木儿屡次","0","2","2"
"国边境地区","0","2","2"
"人将此情况","0","2","2"
"一个名叫火","0","2","2"
"个名叫火儿","0","2","2"
"火儿古倒温","0","2","2"
"都派使者向","0","2","2"
"鲁番占领了","0","2","2"
"番占领了哈","0","2","2"
"朝廷没答应","0","2","2"
"没答应他的","0","2","2"
"三国的蜀汉","0","2","2"
"南诏的蒙氏","0","2","2"
"八年又派遣","0","2","2"
"又派遣湖广","0","2","2"
"投滇池而死","0","2","2"
"掌管都指挥","0","2","2"
"等人分兵攻","0","2","2"
"人分兵攻打","0","2","2"
"分兵攻打各","0","2","2"
"叛贼攻不下","0","2","2"
"做长期围困","0","2","2"
"有大的征伐","0","2","2"
"和三司官员","0","2","2"
"官员一起讨","0","2","2"
"员一起讨论","0","2","2"
"得到官职的","0","2","2"
"不能更改制","0","2","2"
"最终导致了","0","2","2"
"沙源的儿子","0","2","2"
"跟随官军征","0","2","2"
"随官军征讨","0","2","2"
"人作为内应","0","2","2"
"往东的地方","0","2","2"
"李定国去攻","0","2","2"
"共同讨伐贼","0","2","2"
"同讨伐贼人","0","2","2"
"的官员和百","0","2","2"
"官员和百姓","0","2","2"
"捉拿沙定洲","0","2","2"
"的妻子万氏","0","2","2"
"人戴上桎梏","0","2","2"
"孙可望于是","0","2","2"
"诏的皮罗阁","0","2","2"
"改国号为大","0","2","2"
"安抚当地百","0","2","2"
"抚当地百姓","0","2","2"
"军傅友德攻","0","2","2"
"动用武力也","0","2","2"
"宋朝的事例","0","2","2"
"在每年的正","0","2","2"
"的正月初一","0","2","2"
"太祖亲自出","0","2","2"
"一个小小的","0","2","2"
"在元代已经","0","2","2"
"的军队已经","0","2","2"
"朝廷的军队","0","2","2"
"派都督胡海","0","2","2"
"捉了他们的","0","2","2"
"子赐名叫归","0","2","2"
"镇抚的官职","0","2","2"
"他们到云南","0","2","2"
"都按期向朝","0","2","2"
"按期向朝廷","0","2","2"
"时在此地设","0","2","2"
"元朝至元中","0","2","2"
"朝至元中年","0","2","2"
"将此地改为","0","2","2"
"隶属于临安","0","2","2"
"皇帝就下诏","0","2","2"
"进献贡马和","0","2","2"
"马和金银器","0","2","2"
"折算成银钱","0","2","2"
"洪武年间所","0","2","2"
"的后代普觉","0","2","2"
"后代普觉为","0","2","2"
"有强盗出没","0","2","2"
"门负责巡捕","0","2","2"
"他的儿子禄","0","2","2"
"因犯罪被处","0","2","2"
"犯罪被处死","0","2","2"
"在当地设置","0","2","2"
"个儿子叫普","0","2","2"
"长大成人后","0","2","2"
"时立有功劳","0","2","2"
"以重礼贿赂","0","2","2"
"此时官军已","0","2","2"
"时官军已经","0","2","2"
"都觉得这是","0","2","2"
"便起来造反","0","2","2"
"捉拿吾必奎","0","2","2"
"吞并了他的","0","2","2"
"其父职务的","0","2","2"
"窥探官军的","0","2","2"
"上桎梏押送","0","2","2"
"桎梏押送到","0","2","2"
"梏押送到京","0","2","2"
"州的土知州","0","2","2"
"沈政与侬郎","0","2","2"
"政与侬郎举","0","2","2"
"沐昂上奏说","0","2","2"
"没有事实根","0","2","2"
"二人有矛盾","0","2","2"
"之间互相仇","0","2","2"
"间互相仇杀","0","2","2"
"不敢轻举妄","0","2","2"
"敢轻举妄动","0","2","2"
"后没有子嗣","0","2","2"
"便共同推举","0","2","2"
"获贼人首领","0","2","2"
"赏赐给他白","0","2","2"
"军队三千人","0","2","2"
"朝廷赐与他","0","2","2"
"依靠四门舍","0","2","2"
"靠四门舍目","0","2","2"
"其兄长的官","0","2","2"
"调遣军队前","0","2","2"
"遣军队前去","0","2","2"
"兄弟俩为争","0","2","2"
"弟俩为争夺","0","2","2"
"交趾的军队","0","2","2"
"军队和战象","0","2","2"
"焚烧抢劫一","0","2","2"
"烧抢劫一空","0","2","2"
"千户所改为","0","2","2"
"沐英将军队","0","2","2"
"驻扎在越州","0","2","2"
"与征南将军","0","2","2"
"官军生擒了","0","2","2"
"各蛮族部落","0","2","2"
"率领军队前","0","2","2"
"领军队前去","0","2","2"
"前去进剿讨","0","2","2"
"率众人投降","0","2","2"
"并斩杀了阿","0","2","2"
"获他的同党","0","2","2"
"继荣将者鞼","0","2","2"
"荣将者鞼接","0","2","2"
"将者鞼接回","0","2","2"
"者鞼接回来","0","2","2"
"年朝廷征调","0","2","2"
"此时逖益州","0","2","2"
"时逖益州的","0","2","2"
"士兵的妻子","0","2","2"
"交给刘纟廷","0","2","2"
"又接连攻破","0","2","2"
"了一万七千","0","2","2"
"太祖即皇帝","0","2","2"
"到达安南时","0","2","2"
"者向朝廷入","0","2","2"
"皇帝犒劳并","0","2","2"
"帝犒劳并赏","0","2","2"
"犒劳并赏赐","0","2","2"
"侵夺了他们","0","2","2"
"听从了朝廷","0","2","2"
"从了朝廷的","0","2","2"
"那罗塔派使","0","2","2"
"罗塔派使者","0","2","2"
"给他颁赐冠","0","2","2"
"他颁赐冠带","0","2","2"
"杀死了刀木","0","2","2"
"的敕谕去责","0","2","2"
"敕谕去责问","0","2","2"
"告诉礼部说","0","2","2"
"可不再追究","0","2","2"
"给那罗塔颁","0","2","2"
"朝廷诉说他","0","2","2"
"他颁赐金牌","0","2","2"
"皇帝又派遣","0","2","2"
"皇帝认为那","0","2","2"
"新皇帝即位","0","2","2"
"与木邦宣慰","0","2","2"
"理宣慰使职","0","2","2"
"年朝廷给缅","0","2","2"
"朝廷给缅甸","0","2","2"
"廷给缅甸颁","0","2","2"
"给缅甸颁发","0","2","2"
"缅甸颁发了","0","2","2"
"信符和金牌","0","2","2"
"将把麓川的","0","2","2"
"把麓川的土","0","2","2"
"征讨缅甸的","0","2","2"
"廷所派的官","0","2","2"
"缅甸的使者","0","2","2"
"兵严阵以待","0","2","2"
"未可轻易动","0","2","2"
"已经派人去","0","2","2"
"让他们献出","0","2","2"
"木邦的宣慰","0","2","2"
"邦的宣慰罕","0","2","2"
"慰罕盖法和","0","2","2"
"思任发的首","0","2","2"
"任发的首级","0","2","2"
"并向朝廷贡","0","2","2"
"求朝廷派大","0","2","2"
"及其妻子儿","0","2","2"
"既然已经逃","0","2","2"
"说缅甸宣慰","0","2","2"
"皇帝命令调","0","2","2"
"臣将此情况","0","2","2"
"所以请求朝","0","2","2"
"以请求朝廷","0","2","2"
"余子俊等人","0","2","2"
"诉说安南侵","0","2","2"
"的儿子思伦","0","2","2"
"杀死了缅甸","0","2","2"
"做自己的儿","0","2","2"
"争夺统治权","0","2","2"
"孟密的土舍","0","2","2"
"让他的同党","0","2","2"
"将他们擒获","0","2","2"
"等人将此事","0","2","2"
"人将此事上","0","2","2"
"最好的治理","0","2","2"
"土舍罕拔向","0","2","2"
"向朝廷要求","0","2","2"
"自认为自己","0","2","2"
"被他手下的","0","2","2"
"莽瑞体的儿","0","2","2"
"瑞体的儿子","0","2","2"
"体的儿子莽","0","2","2"
"们顺流而下","0","2","2"
"木邦的军队","0","2","2"
"为父子关系","0","2","2"
"士兵一万多","0","2","2"
"宗族的亲属","0","2","2"
"抵抗缅甸的","0","2","2"
"领一万多人","0","2","2"
"率领蛮族军","0","2","2"
"领蛮族军队","0","2","2"
"日夜兼程赶","0","2","2"
"所俘虏的缅","0","2","2"
"俘虏的缅甸","0","2","2"
"士兵和战象","0","2","2"
"抓起来送到","0","2","2"
"人并不响应","0","2","2"
"领缅甸军队","0","2","2"
"缅甸军队攻","0","2","2"
"岳凤的儿子","0","2","2"
"凤的儿子曩","0","2","2"
"的儿子曩乌","0","2","2"
"邓子龙在攀","0","2","2"
"子龙在攀枝","0","2","2"
"大破缅甸军","0","2","2"
"破缅甸军队","0","2","2"
"又乘胜追击","0","2","2"
"人首级一万","0","2","2"
"首级一万多","0","2","2"
"莫的酋长思","0","2","2"
"巡官将此上","0","2","2"
"知府罕的法","0","2","2"
"派遣宦官杨","0","2","2"
"遣宦官杨蠧","0","2","2"
"的各位土官","0","2","2"
"江下等十多","0","2","2"
"下等十多个","0","2","2"
"等十多个寨","0","2","2"
"十多个寨子","0","2","2"
"各按等级赏","0","2","2"
"朝廷请求允","0","2","2"
"廷请求允许","0","2","2"
"允许他承袭","0","2","2"
"如果朝廷派","0","2","2"
"帝嘉赏他的","0","2","2"
"派遣宦官徐","0","2","2"
"遣宦官徐亮","0","2","2"
"宦官徐亮带","0","2","2"
"官徐亮带着","0","2","2"
"徐亮带着皇","0","2","2"
"亮带着皇帝","0","2","2"
"攻破了缅甸","0","2","2"
"破了缅甸二","0","2","2"
"了缅甸二十","0","2","2"
"缅甸二十多","0","2","2"
"甸二十多个","0","2","2"
"二十多个城","0","2","2"
"十多个城寨","0","2","2"
"杀和俘虏了","0","2","2"
"和俘虏了不","0","2","2"
"年皇帝派遣","0","2","2"
"给他和他的","0","2","2"
"和他的祖母","0","2","2"
"帝命令沐晟","0","2","2"
"调查审核此","0","2","2"
"查审核此事","0","2","2"
"派人从小路","0","2","2"
"为怀远将军","0","2","2"
"替朝廷效力","0","2","2"
"首领献给朝","0","2","2"
"领献给朝廷","0","2","2"
"求朝廷将孟","0","2","2"
"们对朝廷的","0","2","2"
"总兵官沐瞞","0","2","2"
"罕落法承袭","0","2","2"
"了父亲的职","0","2","2"
"罕落法与他","0","2","2"
"毛胜和都督","0","2","2"
"侵犯边境的","0","2","2"
"国公沐琮将","0","2","2"
"公沐琮将此","0","2","2"
"曩罕弄背叛","0","2","2"
"罕弄背叛木","0","2","2"
"弄背叛木邦","0","2","2"
"力一天比一","0","2","2"
"国公沐琮上","0","2","2"
"公沐琮上奏","0","2","2"
"员前去招抚","0","2","2"
"此情况上奏","0","2","2"
"朝廷大臣集","0","2","2"
"臣集体讨论","0","2","2"
"与木邦之间","0","2","2"
"木邦之间的","0","2","2"
"邦之间的仇","0","2","2"
"之间的仇杀","0","2","2"
"这时是成化","0","2","2"
"派人到京城","0","2","2"
"从云南到达","0","2","2"
"求朝廷在孟","0","2","2"
"在孟密开设","0","2","2"
"接隶属于布","0","2","2"
"想答应他们","0","2","2"
"是木邦的属","0","2","2"
"让他们归还","0","2","2"
"别人的土地","0","2","2"
"自己的冤屈","0","2","2"
"侵占了木邦","0","2","2"
"了孟密安抚","0","2","2"
"木邦的土地","0","2","2"
"将此事揭发","0","2","2"
"有四十多年","0","2","2"
"四十多年了","0","2","2"
"讨论认为孟","0","2","2"
"的土舍思揲","0","2","2"
"高答落等人","0","2","2"
"孟养的思陆","0","2","2"
"养的思陆发","0","2","2"
"怕思陆发的","0","2","2"
"有关官员向","0","2","2"
"大象和马匹","0","2","2"
"莽瑞体死后","0","2","2"
"弟弟莽应龙","0","2","2"
"着妻子儿女","0","2","2"
"妻子儿女逃","0","2","2"
"他的叔叔罕","0","2","2"
"任命土官刀","0","2","2"
"缴获了大象","0","2","2"
"命刀木旦的","0","2","2"
"孟为宣慰使","0","2","2"
"被缅甸人所","0","2","2"
"廷派遣官员","0","2","2"
"思任发所占","0","2","2"
"任发所占领","0","2","2"
"皇帝命令黔","0","2","2"
"帝命令黔国","0","2","2"
"命令黔国公","0","2","2"
"当时的孟养","0","2","2"
"被思任发所","0","2","2"
"寄居在云南","0","2","2"
"刀变蛮等人","0","2","2"
"数他们的罪","0","2","2"
"叛贼的儿子","0","2","2"
"孟养的土地","0","2","2"
"被他赶跑了","0","2","2"
"世世代代都","0","2","2"
"从他的调度","0","2","2"
"蛮人的叛乱","0","2","2"
"廷所派的大","0","2","2"
"所派的大军","0","2","2"
"并将此意图","0","2","2"
"每次到京城","0","2","2"
"养金沙江的","0","2","2"
"金沙江的思","0","2","2"
"沙江的思陆","0","2","2"
"江的思陆发","0","2","2"
"的后裔子孙","0","2","2"
"军队还没到","0","2","2"
"派遣大陶孟","0","2","2"
"官军的粮食","0","2","2"
"断他的归路","0","2","2"
"自己的疆界","0","2","2"
"的军队渡过","0","2","2"
"了蛮族百姓","0","2","2"
"又怎么知道","0","2","2"
"从这里出来","0","2","2"
"的镇守太监","0","2","2"
"回到金沙江","0","2","2"
"到金沙江外","0","2","2"
"将自己的军","0","2","2"
"所占领的蛮","0","2","2"
"占领的蛮莫","0","2","2"
"领的蛮莫等","0","2","2"
"的蛮莫等地","0","2","2"
"干崖和南甸","0","2","2"
"崖和南甸三","0","2","2"
"和南甸三个","0","2","2"
"南甸三个宣","0","2","2"
"甸三个宣抚","0","2","2"
"派遣手下的","0","2","2"
"成化年间开","0","2","2"
"化年间开始","0","2","2"
"名目和冠带","0","2","2"
"认为蛮莫等","0","2","2"
"从大义上说","0","2","2"
"派来献贡的","0","2","2"
"宣慰司的官","0","2","2"
"慰司的官印","0","2","2"
"王汝舟等人","0","2","2"
"给他们讲解","0","2","2"
"将该地区隶","0","2","2"
"该地区隶属","0","2","2"
"地区隶属于","0","2","2"
"颁发了冠带","0","2","2"
"昼夜兼程赶","0","2","2"
"夜兼程赶去","0","2","2"
"到这个地步","0","2","2"
"因为他们的","0","2","2"
"改置为车里","0","2","2"
"置为车里军","0","2","2"
"为车里军民","0","2","2"
"任命刀坎为","0","2","2"
"赏赐衣服和","0","2","2"
"他的儿子刀","0","2","2"
"廷进献大象","0","2","2"
"来朝廷谢恩","0","2","2"
"刀暹答派遣","0","2","2"
"暹答派遣他","0","2","2"
"答派遣他的","0","2","2"
"马以表示谢","0","2","2"
"八百大甸时","0","2","2"
"兵攻打八百","0","2","2"
"实际上是暗","0","2","2"
"皇帝知道他","0","2","2"
"遣送回去了","0","2","2"
"朝贡一次就","0","2","2"
"贡一次就行","0","2","2"
"一次就行了","0","2","2"
"是刀更孟的","0","2","2"
"请求承袭宣","0","2","2"
"求承袭宣慰","0","2","2"
"了靖安宣慰","0","2","2"
"我们奉朝廷","0","2","2"
"们奉朝廷之","0","2","2"
"请求朝廷仍","0","2","2"
"历代承袭宣","0","2","2"
"代承袭宣慰","0","2","2"
"应当承袭官","0","2","2"
"当承袭官职","0","2","2"
"皇帝认为三","0","2","2"
"按理不应当","0","2","2"
"云南守卫大","0","2","2"
"南守卫大臣","0","2","2"
"使者敕谕车","0","2","2"
"者敕谕车里","0","2","2"
"缅甸酋长莽","0","2","2"
"甸酋长莽应","0","2","2"
"酋长莽应里","0","2","2"
"于是就灭亡","0","2","2"
"是就灭亡了","0","2","2"
"刀线歹派人","0","2","2"
"人来京城献","0","2","2"
"来京城献贡","0","2","2"
"也按例给予","0","2","2"
"使者带着敕","0","2","2"
"者带着敕谕","0","2","2"
"带着敕谕去","0","2","2"
"老挝向朝廷","0","2","2"
"挝向朝廷献","0","2","2"
"安南的黎灏","0","2","2"
"刀板雅的三","0","2","2"
"板雅的三儿","0","2","2"
"雅的三儿子","0","2","2"
"的三儿子怕","0","2","2"
"三儿子怕雅","0","2","2"
"儿子怕雅赛","0","2","2"
"子怕雅赛逃","0","2","2"
"怕雅赛逃到","0","2","2"
"雅赛逃到八","0","2","2"
"赛逃到八百","0","2","2"
"他们一年的","0","2","2"
"吏部上奏说","0","2","2"
"慰使司的官","0","2","2"
"使司的官印","0","2","2"
"明朝洪武二","0","2","2"
"皇帝对兵部","0","2","2"
"帝对兵部尚","0","2","2"
"对兵部尚书","0","2","2"
"部尚书茹王","0","2","2"
"我顾念到八","0","2","2"
"顾念到八百","0","2","2"
"万里之外的","0","2","2"
"他对朝廷的","0","2","2"
"兵前去讨伐","0","2","2"
"两个军民宣","0","2","2"
"个军民宣慰","0","2","2"
"慰使司的宣","0","2","2"
"使司的宣慰","0","2","2"
"司的宣慰使","0","2","2"
"为八百大甸","0","2","2"
"招散派人向","0","2","2"
"散派人向朝","0","2","2"
"献贡马和土","0","2","2"
"贡马和土产","0","2","2"
"派使者谕告","0","2","2"
"的大臣们都","0","2","2"
"派遣使者奉","0","2","2"
"朝廷贡献金","0","2","2"
"命令接受他","0","2","2"
"人到军门前","0","2","2"
"贡的使者前","0","2","2"
"者前来谢罪","0","2","2"
"的军队进入","0","2","2"
"归附朝廷的","0","2","2"
"当地百姓不","0","2","2"
"照永乐年间","0","2","2"
"乐年间的事","0","2","2"
"以前颁发给","0","2","2"
"将王位传给","0","2","2"
"册封陈日火","0","2","2"
"封陈日火奎","0","2","2"
"日火奎为安","0","2","2"
"火奎为安南","0","2","2"
"奎为安南国","0","2","2"
"作为中国的","0","2","2"
"专门派使者","0","2","2"
"门派使者前","0","2","2"
"和四十匹织","0","2","2"
"四十匹织金","0","2","2"
"十匹织金文","0","2","2"
"匹织金文的","0","2","2"
"文的丝绸及","0","2","2"
"的丝绸及纱","0","2","2"
"丝绸及纱罗","0","2","2"
"张以宁等人","0","2","2"
"到京城告哀","0","2","2"
"颁发了科举","0","2","2"
"发了科举的","0","2","2"
"了科举的诏","0","2","2"
"科举的诏令","0","2","2"
"人前来朝廷","0","2","2"
"帝下诏给安","0","2","2"
"安南国王和","0","2","2"
"出使的大臣","0","2","2"
"安南派使者","0","2","2"
"南派使者向","0","2","2"
"陈日火坚的","0","2","2"
"请求皇帝册","0","2","2"
"求皇帝册封","0","2","2"
"安南的国人","0","2","2"
"陈叔明暂且","0","2","2"
"自己年纪已","0","2","2"
"己年纪已老","0","2","2"
"明朝廷任命","0","2","2"
"又派使者向","0","2","2"
"有关官员进","0","2","2"
"关官员进行","0","2","2"
"皇帝认为安","0","2","2"
"帝认为安南","0","2","2"
"思明的土官","0","2","2"
"檄文列数了","0","2","2"
"向明朝廷谢","0","2","2"
"赏赐安南国","0","2","2"
"赐安南国王","0","2","2"
"明朝廷不知","0","2","2"
"朝廷不知内","0","2","2"
"廷不知内情","0","2","2"
"令广西的守","0","2","2"
"广西的守卫","0","2","2"
"收他们的贡","0","2","2"
"第二年又以","0","2","2"
"输送两万石","0","2","2"
"送两万石米","0","2","2"
"告诉明朝廷","0","2","2"
"皇帝认为陈","0","2","2"
"的地方设立","0","2","2"
"被黎季耑所","0","2","2"
"了陈氏宗族","0","2","2"
"自称太上皇","0","2","2"
"理安南国政","0","2","2"
"安南国政事","0","2","2"
"者奉表向明","0","2","2"
"高皇帝时期","0","2","2"
"敕令前去谕","0","2","2"
"令前去谕告","0","2","2"
"谕告安南国","0","2","2"
"欺骗皇帝的","0","2","2"
"被安南侵占","0","2","2"
"令他们归还","0","2","2"
"城向朝廷诉","0","2","2"
"下诏让他们","0","2","2"
"季耑父子俩","0","2","2"
"改国号和年","0","2","2"
"国号和年号","0","2","2"
"都痛心疾首","0","2","2"
"氏的后代为","0","2","2"
"者向明朝皇","0","2","2"
"向明朝皇帝","0","2","2"
"篡位弑主的","0","2","2"
"陈天平回去","0","2","2"
"接陈天平回","0","2","2"
"陈天平回国","0","2","2"
"带兵五千护","0","2","2"
"兵五千护送","0","2","2"
"州县的赋税","0","2","2"
"队也从云南","0","2","2"
"也从云南到","0","2","2"
"派骠骑将军","0","2","2"
"等分路进兵","0","2","2"
"在木丸江大","0","2","2"
"访求陈氏的","0","2","2"
"求陈氏的子","0","2","2"
"各军水陆并","0","2","2"
"以及伪太子","0","2","2"
"三十六个州","0","2","2"
"分别管辖二","0","2","2"
"别管辖二十","0","2","2"
"皇帝又敕令","0","2","2"
"封为黔国公","0","2","2"
"按等级给予","0","2","2"
"管理他们的","0","2","2"
"把他送到京","0","2","2"
"任命沐晟为","0","2","2"
"命沐晟为征","0","2","2"
"沐晟为征夷","0","2","2"
"晟为征夷将","0","2","2"
"的军队四万","0","2","2"
"同时又派使","0","2","2"
"时又派使者","0","2","2"
"又派使者持","0","2","2"
"败讯传到朝","0","2","2"
"讯传到朝廷","0","2","2"
"跟随英国公","0","2","2"
"随英国公张","0","2","2"
"等二百多人","0","2","2"
"船四百多艘","0","2","2"
"张辅便率军","0","2","2"
"另立陈季扩","0","2","2"
"立陈季扩为","0","2","2"
"称自己是前","0","2","2"
"安南国王的","0","2","2"
"求明朝廷给","0","2","2"
"四千五百多","0","2","2"
"他的同党范","0","2","2"
"陈季扩及其","0","2","2"
"果各军全部","0","2","2"
"率军追击陈","0","2","2"
"俘获伪将军","0","2","2"
"没有悔改之","0","2","2"
"有悔改之心","0","2","2"
"又命令张辅","0","2","2"
"二万四千人","0","2","2"
"军前来接战","0","2","2"
"率领方政等","0","2","2"
"人都逃散了","0","2","2"
"缴获船只一","0","2","2"
"获船只一百","0","2","2"
"只一百二十","0","2","2"
"让他逃跑了","0","2","2"
"抓获了阮帅","0","2","2"
"派都指挥师","0","2","2"
"季扩逃到老","0","2","2"
"扩逃到老挝","0","2","2"
"夷将军印前","0","2","2"
"将军印前往","0","2","2"
"命令丰城侯","0","2","2"
"令丰城侯李","0","2","2"
"讨伐消灭了","0","2","2"
"翨安知府潘","0","2","2"
"十八年又派","0","2","2"
"何时才能得","0","2","2"
"时才能得到","0","2","2"
"他的弟弟黎","0","2","2"
"将军阮个立","0","2","2"
"军阮个立等","0","2","2"
"阮个立等人","0","2","2"
"黎利逃到老","0","2","2"
"利逃到老挝","0","2","2"
"率领手下的","0","2","2"
"黎利已进犯","0","2","2"
"上奏说自己","0","2","2"
"巡按御史将","0","2","2"
"按御史将此","0","2","2"
"奏章上达朝","0","2","2"
"章上达朝廷","0","2","2"
"上达朝廷后","0","2","2"
"责陈智等人","0","2","2"
"山侯王通为","0","2","2"
"侯王通为征","0","2","2"
"王通为征夷","0","2","2"
"通为征夷将","0","2","2"
"的那一路贼","0","2","2"
"那一路贼军","0","2","2"
"一路贼军被","0","2","2"
"王通听到消","0","2","2"
"通听到消息","0","2","2"
"尚书陈洽战","0","2","2"
"书陈洽战死","0","2","2"
"为他的父亲","0","2","2"
"将清化以南","0","2","2"
"的土地割让","0","2","2"
"土地割让给","0","2","2"
"军民全部撤","0","2","2"
"定伯梁铭为","0","2","2"
"立陈氏后裔","0","2","2"
"立坛与黎利","0","2","2"
"他们是在欺","0","2","2"
"们是在欺骗","0","2","2"
"帝刚即位时","0","2","2"
"朝廷大臣也","0","2","2"
"有八万六千","0","2","2"
"大臣们全部","0","2","2"
"激起了变故","0","2","2"
"李琦等人回","0","2","2"
"利派使者奉","0","2","2"
"奉表向皇帝","0","2","2"
"明朝廷的任","0","2","2"
"皇帝也知道","0","2","2"
"他手下的官","0","2","2"
"以及他们的","0","2","2"
"贡献土产和","0","2","2"
"头目耆老请","0","2","2"
"目耆老请求","0","2","2"
"朝廷册封黎","0","2","2"
"于是同意了","0","2","2"
"敕印到安南","0","2","2"
"朝廷向皇帝","0","2","2"
"朝廷派兵部","0","2","2"
"安南给他私","0","2","2"
"南给他私封","0","2","2"
"黎麟派使者","0","2","2"
"向明朝廷通","0","2","2"
"因英宗皇帝","0","2","2"
"皇太后和皇","0","2","2"
"臣上表祝贺","0","2","2"
"黎麟为安南","0","2","2"
"麟为安南国","0","2","2"
"皮弁冠服和","0","2","2"
"和织金袭衣","0","2","2"
"明朝廷告丧","0","2","2"
"命令光禄少","0","2","2"
"令光禄少卿","0","2","2"
"三万三千多","0","2","2"
"到京城向明","0","2","2"
"遣使者向明","0","2","2"
"国王的王位","0","2","2"
"即安南国王","0","2","2"
"安南国王位","0","2","2"
"举行吊祭仪","0","2","2"
"行吊祭仪式","0","2","2"
"安南使者向","0","2","2"
"南使者向明","0","2","2"
"科给事中王","0","2","2"
"给事中王豫","0","2","2"
"接连派使者","0","2","2"
"疑其中有诈","0","2","2"
"皇帝命令广","0","2","2"
"帝命令广西","0","2","2"
"南的使臣说","0","2","2"
"赐予他皮弁","0","2","2"
"予他皮弁冠","0","2","2"
"他皮弁冠服","0","2","2"
"派兵攻破占","0","2","2"
"兵攻破占城","0","2","2"
"占城国王盘","0","2","2"
"城国王盘罗","0","2","2"
"国王盘罗茶","0","2","2"
"龙州的罪人","0","2","2"
"云南的临安","0","2","2"
"被他的弟弟","0","2","2"
"所侵占的占","0","2","2"
"侵占的占城","0","2","2"
"的占城国的","0","2","2"
"占城国的领","0","2","2"
"城国的领土","0","2","2"
"占城国的土","0","2","2"
"城国的土地","0","2","2"
"廷派遣使者","0","2","2"
"这时的占城","0","2","2"
"并杀死了安","0","2","2"
"两广的守卫","0","2","2"
"广的守卫大","0","2","2"
"应了他的请","0","2","2"
"持诏谕告安","0","2","2"
"诏谕告安南","0","2","2"
"的事例一样","0","2","2"
"黎灏的儿子","0","2","2"
"灏的儿子黎","0","2","2"
"毒酒毒死黎","0","2","2"
"讨伐并诛杀","0","2","2"
"伐并诛杀了","0","2","2"
"与两个儿子","0","2","2"
"黎氏的大臣","0","2","2"
"共同拥立黎","0","2","2"
"的儿子黎讠","0","2","2"
"儿子黎讠惠","0","2","2"
"向明朝廷请","0","2","2"
"明朝廷请求","0","2","2"
"族人的儿子","0","2","2"
"黎讠惠的母","0","2","2"
"讠惠的母亲","0","2","2"
"居住在清华","0","2","2"
"立黎讠惠的","0","2","2"
"世宗即皇帝","0","2","2"
"诏书给安南","0","2","2"
"的大臣都说","0","2","2"
"竭力上疏说","0","2","2"
"守卫大臣整","0","2","2"
"军队和粮食","0","2","2"
"等审核事实","0","2","2"
"审核事实的","0","2","2"
"核事实的官","0","2","2"
"事实的官员","0","2","2"
"实的官员回","0","2","2"
"的官员回来","0","2","2"
"朝廷大臣一","0","2","2"
"廷大臣一起","0","2","2"
"了莫登庸的","0","2","2"
"他参赞军务","0","2","2"
"褫夺了他的","0","2","2"
"请求朝廷停","0","2","2"
"求朝廷停止","0","2","2"
"窥探到皇帝","0","2","2"
"图谋恢复统","0","2","2"
"谋恢复统治","0","2","2"
"兵部的决议","0","2","2"
"任两广总督","0","2","2"
"莫氏篡夺黎","0","2","2"
"氏篡夺黎氏","0","2","2"
"篡夺黎氏的","0","2","2"
"这样就不必","0","2","2"
"皇帝认为余","0","2","2"
"如果莫登庸","0","2","2"
"和黔国公沐","0","2","2"
"沐朝辅等人","0","2","2"
"罪不能赦免","0","2","2"
"一年的粮饷","0","2","2"
"十八年朝廷","0","2","2"
"起用黄绾为","0","2","2"
"用黄绾为礼","0","2","2"
"黄绾为礼部","0","2","2"
"绾为礼部尚","0","2","2"
"只有一个人","0","2","2"
"他们的死罪","0","2","2"
"使者前来请","0","2","2"
"者前来请求","0","2","2"
"赦免了他们","0","2","2"
"免了他们的","0","2","2"
"皇帝听后大","0","2","2"
"十三个宣抚","0","2","2"
"莫福海去世","0","2","2"
"莫宏氵翼继","0","2","2"
"范子仪等人","0","2","2"
"逃奔到钦州","0","2","2"
"残卒逃往海","0","2","2"
"卒逃往海东","0","2","2"
"的大臣郑检","0","2","2"
"黎光贲等人","0","2","2"
"授予都统使","0","2","2"
"予都统使职","0","2","2"
"莫氏的势力","0","2","2"
"黎氏的军队","0","2","2"
"国王的金印","0","2","2"
"服作为顺逆","0","2","2"
"作为顺逆的","0","2","2"
"为顺逆的标","0","2","2"
"顺逆的标志","0","2","2"
"居住在高平","0","2","2"
"把自己比作","0","2","2"
"谕告投诚之","0","2","2"
"告投诚之事","0","2","2"
"是我的仇人","0","2","2"
"派使者到边","0","2","2"
"以宾主之礼","0","2","2"
"宾主之礼相","0","2","2"
"登庸向朝廷","0","2","2"
"其儿子黎维","0","2","2"
"高丽国王的","0","2","2"
"谕告高丽国","0","2","2"
"告高丽国王","0","2","2"
"百姓的粮食","0","2","2"
"帝派使者到","0","2","2"
"使者到高丽","0","2","2"
"皇帝对中书","0","2","2"
"帝对中书省","0","2","2"
"明朝廷进献","0","2","2"
"献贡马五十","0","2","2"
"被当权的宰","0","2","2"
"当权的宰相","0","2","2"
"宠臣辛肫的","0","2","2"
"臣辛肫的儿","0","2","2"
"扶立辛礻禺","0","2","2"
"立辛礻禺为","0","2","2"
"辛礻禺为王","0","2","2"
"的进贡使者","0","2","2"
"帝怀疑其中","0","2","2"
"高丽使者来","0","2","2"
"高丽王王颛","0","2","2"
"辛礻禺又派","0","2","2"
"又派使者来","0","2","2"
"祝贺明年元","0","2","2"
"贺明年元旦","0","2","2"
"嗣王辛礻禺","0","2","2"
"献贡马一千","0","2","2"
"银子一万两","0","2","2"
"全部遣送回","0","2","2"
"弑杀君王的","0","2","2"
"的乱臣贼子","0","2","2"
"整肃军队小","0","2","2"
"肃军队小心","0","2","2"
"军队小心守","0","2","2"
"队小心守卫","0","2","2"
"怠慢朝廷之","0","2","2"
"向皇帝请示","0","2","2"
"高丽贡使又","0","2","2"
"高丽王的爵","0","2","2"
"丽王的爵位","0","2","2"
"帝没有答应","0","2","2"
"还是不停地","0","2","2"
"辛礻禺上表","0","2","2"
"给已故高丽","0","2","2"
"礻禺为高丽","0","2","2"
"禺为高丽国","0","2","2"
"皇帝下敕令","0","2","2"
"已经昭然若","0","2","2"
"经昭然若揭","0","2","2"
"前来投降明","0","2","2"
"李成桂的儿","0","2","2"
"成桂的儿子","0","2","2"
"朝廷请求将","0","2","2"
"君王瑶为高","0","2","2"
"王瑶为高丽","0","2","2"
"皇帝下诏在","0","2","2"
"马一千五百","0","2","2"
"是王氏的后","0","2","2"
"王氏的后裔","0","2","2"
"占有了高丽","0","2","2"
"有了高丽国","0","2","2"
"让位给他的","0","2","2"
"位给他的儿","0","2","2"
"共同推举李","0","2","2"
"是你们国家","0","2","2"
"你们国家的","0","2","2"
"又有什么不","0","2","2"
"求皇帝给他","0","2","2"
"千八百多匹","0","2","2"
"千七百多匹","0","2","2"
"偷偷地渡过","0","2","2"
"三百八十多","0","2","2"
"百八十多人","0","2","2"
"说自己年纪","0","2","2"
"儿子李芳远","0","2","2"
"遣官员到各","0","2","2"
"颁发即位诏","0","2","2"
"发即位诏书","0","2","2"
"李芳远上表","0","2","2"
"芳远上表谢","0","2","2"
"远上表谢恩","0","2","2"
"一万五千匹","0","2","2"
"世子李礻是","0","2","2"
"谥号为恭定","0","2","2"
"子李王向为","0","2","2"
"皇帝给李衶","0","2","2"
"朝廷将朝鲜","0","2","2"
"百七十多家","0","2","2"
"人引诱胁迫","0","2","2"
"敕令给予奖","0","2","2"
"令给予奖励","0","2","2"
"将他们戴上","0","2","2"
"野人女真的","0","2","2"
"成阝王即皇","0","2","2"
"阝王即皇帝","0","2","2"
"派官员到朝","0","2","2"
"员到朝鲜颁","0","2","2"
"朝鲜向朝廷","0","2","2"
"氏颁发诰命","0","2","2"
"儿子李弘日","0","2","2"
"子李弘日韦","0","2","2"
"派宦官前去","0","2","2"
"朝鲜国国王","0","2","2"
"明朝廷上表","0","2","2"
"子李日章为","0","2","2"
"明朝廷上疏","0","2","2"
"你朝鲜国王","0","2","2"
"给他们加官","0","2","2"
"抢劫的东西","0","2","2"
"人对他们的","0","2","2"
"彩币以示慰","0","2","2"
"皇帝敕谕李","0","2","2"
"帝敕谕李王","0","2","2"
"敕谕李王柔","0","2","2"
"将俘虏献给","0","2","2"
"朝廷派遣太","0","2","2"
"廷派遣太监","0","2","2"
"世子李日章","0","2","2"
"朝鲜国王位","0","2","2"
"氏被封为王","0","2","2"
"被封为王妃","0","2","2"
"封李折女的","0","2","2"
"来向明朝廷","0","2","2"
"辽东的守卫","0","2","2"
"东的守卫大","0","2","2"
"求明朝廷册","0","2","2"
"朝廷册封李","0","2","2"
"其中牵涉到","0","2","2"
"权理朝鲜国","0","2","2"
"理朝鲜国事","0","2","2"
"氏颁赐诰命","0","2","2"
"李仁人的儿","0","2","2"
"仁人的儿子","0","2","2"
"儿子李成桂","0","2","2"
"详细记载本","0","2","2"
"不是李仁人","0","2","2"
"是李仁人的","0","2","2"
"李仁人的后","0","2","2"
"仁人的后代","0","2","2"
"太祖皇帝的","0","2","2"
"李怿的儿子","0","2","2"
"怿的儿子李","0","2","2"
"的儿子李山","0","2","2"
"儿子李山告","0","2","2"
"子李山告为","0","2","2"
"括取珍奇异","0","2","2"
"取珍奇异物","0","2","2"
"珍奇异物和","0","2","2"
"奇异物和童","0","2","2"
"异物和童男","0","2","2"
"物和童男童","0","2","2"
"和童男童女","0","2","2"
"表向皇帝祝","0","2","2"
"在礼部赐宴","0","2","2"
"李山亘派使","0","2","2"
"山亘派使者","0","2","2"
"俘虏的中国","0","2","2"
"被他们俘虏","0","2","2"
"朝鲜的使者","0","2","2"
"对马岛隔海","0","2","2"
"马岛隔海相","0","2","2"
"岛隔海相望","0","2","2"
"王子和陪臣","0","2","2"
"他们占领了","0","2","2"
"兵渡过鸭绿","0","2","2"
"经略朝鲜事","0","2","2"
"略朝鲜事务","0","2","2"
"之战失败后","0","2","2"
"沈惟敬一起","0","2","2"
"惟敬一起前","0","2","2"
"濒临大海的","0","2","2"
"军队全部撤","0","2","2"
"队全部撤回","0","2","2"
"而倭寇此时","0","2","2"
"倭寇果然分","0","2","2"
"寇果然分兵","0","2","2"
"移到西生浦","0","2","2"
"留下刘纟廷","0","2","2"
"下刘纟廷的","0","2","2"
"国库中的金","0","2","2"
"库中的金帛","0","2","2"
"朝廷大臣上","0","2","2"
"廷大臣上奏","0","2","2"
"子临海君李","0","2","2"
"临海君李王","0","2","2"
"海君李王聿","0","2","2"
"倭寇在朝鲜","0","2","2"
"止与倭人的","0","2","2"
"与倭人的封","0","2","2"
"倭人的封贡","0","2","2"
"人的封贡之","0","2","2"
"的封贡之事","0","2","2"
"都交相上奏","0","2","2"
"倭人全部回","0","2","2"
"李日公请求","0","2","2"
"李日公上奏","0","2","2"
"光海君李珲","0","2","2"
"上奏请求立","0","2","2"
"奏请求立李","0","2","2"
"立李珲为继","0","2","2"
"第二次上奏","0","2","2"
"了永乐年间","0","2","2"
"李日公又上","0","2","2"
"礼部仍坚持","0","2","2"
"同意礼部的","0","2","2"
"如既往地在","0","2","2"
"任命兵部尚","0","2","2"
"理朝鲜事务","0","2","2"
"上疏朝廷请","0","2","2"
"疏朝廷请求","0","2","2"
"浙江的军队","0","2","2"
"釜山的倭军","0","2","2"
"突然发动攻","0","2","2"
"然发动攻击","0","2","2"
"告诉他们说","0","2","2"
"李大谏出使","0","2","2"
"大谏出使到","0","2","2"
"谏出使到行","0","2","2"
"出使到行长","0","2","2"
"使到行长那","0","2","2"
"到行长那里","0","2","2"
"沈惟敬的手","0","2","2"
"惟敬的手书","0","2","2"
"赐予尚方宝","0","2","2"
"予尚方宝剑","0","2","2"
"军队分为三","0","2","2"
"而自己率大","0","2","2"
"自己率大军","0","2","2"
"又派遣将领","0","2","2"
"于是乘胜攻","0","2","2"
"接连攻破了","0","2","2"
"兵将他们包","0","2","2"
"了十天十夜","0","2","2"
"的背后袭击","0","2","2"
"皇帝听说此","0","2","2"
"帝听说此事","0","2","2"
"湖广的军队","0","2","2"
"将军队分成","0","2","2"
"军队分成三","0","2","2"
"请求皇帝收","0","2","2"
"刘纟廷率军","0","2","2"
"平秀吉死亡","0","2","2"
"军乘此机会","0","2","2"
"方法教育他","0","2","2"
"外派一支军","0","2","2"
"派一支军队","0","2","2"
"因此许多人","0","2","2"
"本国的祸患","0","2","2"
"输送粮食数","0","2","2"
"朝鲜与他们","0","2","2"
"鲜与他们通","0","2","2"
"与倭人通好","0","2","2"
"认为此事难","0","2","2"
"求明朝廷封","0","2","2"
"朝廷封李珲","0","2","2"
"廷封李珲为","0","2","2"
"上报明朝廷","0","2","2"
"给李日公封","0","2","2"
"李日公封谥","0","2","2"
"日公封谥号","0","2","2"
"请求更改的","0","2","2"
"我大清军队","0","2","2"
"此请求皇帝","0","2","2"
"以总兵的身","0","2","2"
"上奏说朝鲜","0","2","2"
"奏说朝鲜国","0","2","2"
"他们的余党","0","2","2"
"也就是所谓","0","2","2"
"等人的叛乱","0","2","2"
"牵制敌国的","0","2","2"
"镇守大臣和","0","2","2"
"大臣和巡抚","0","2","2"
"一天不离开","0","2","2"
"毛文龙镇守","0","2","2"
"文龙镇守大","0","2","2"
"龙镇守大臣","0","2","2"
"镇守大臣的","0","2","2"
"贼全部抓获","0","2","2"
"镇守大臣毛","0","2","2"
"守大臣毛文","0","2","2"
"大臣毛文龙","0","2","2"
"他们的骚扰","0","2","2"
"使他们不成","0","2","2"
"他们不成为","0","2","2"
"招引敌人攻","0","2","2"
"引敌人攻打","0","2","2"
"清的军队所","0","2","2"
"登州和莱州","0","2","2"
"路迂回曲折","0","2","2"
"袁崇焕在双","0","2","2"
"崇焕在双岛","0","2","2"
"焕在双岛杀","0","2","2"
"清太宗文皇","0","2","2"
"军前去援救","0","2","2"
"地责备了他","0","2","2"
"廷对他们的","0","2","2"
"的长官司有","0","2","2"
"他们世袭原","0","2","2"
"们世袭原来","0","2","2"
"世袭原来的","0","2","2"
"原来的职务","0","2","2"
"进献土特产","0","2","2"
"赏赐锦绮和","0","2","2"
"赐锦绮和钞","0","2","2"
"锦绮和钞币","0","2","2"
"马匹以表示","0","2","2"
"匹以表示谢","0","2","2"
"居住在水西","0","2","2"
"赐给他敕令","0","2","2"
"儿子陇贵荣","0","2","2"
"他的儿子陇","0","2","2"
"氏世代居住","0","2","2"
"允许他们按","0","2","2"
"袭击并占据","0","2","2"
"来安抚治理","0","2","2"
"了他的官位","0","2","2"
"了朝廷的厚","0","2","2"
"朝廷的厚恩","0","2","2"
"释自己的罪","0","2","2"
"向朝廷交纳","0","2","2"
"此逐渐衰落","0","2","2"
"死后没有儿","0","2","2"
"的官员接受","0","2","2"
"贿赂的官员","0","2","2"
"向朝廷请示","0","2","2"
"述自己的功","0","2","2"
"他的儿子安","0","2","2"
"忙请求朝廷","0","2","2"
"的粮食没有","0","2","2"
"赦免他的死","0","2","2"
"免他的死罪","0","2","2"
"安国亨的儿","0","2","2"
"国亨的儿子","0","2","2"
"亨的儿子安","0","2","2"
"至万历五年","0","2","2"
"定杨应龙的","0","2","2"
"杨应龙的叛","0","2","2"
"应龙的叛乱","0","2","2"
"龙的叛乱之","0","2","2"
"的叛乱之后","0","2","2"
"于是安疆臣","0","2","2"
"有流言蜚语","0","2","2"
"杨应龙的祖","0","2","2"
"应龙的祖父","0","2","2"
"州的叛乱平","0","2","2"
"的叛乱平定","0","2","2"
"叛乱平定以","0","2","2"
"乱平定以后","0","2","2"
"分别隶属于","0","2","2"
"任总督以后","0","2","2"
"廷大臣的议","0","2","2"
"播州的战役","0","2","2"
"也起来造反","0","2","2"
"城中粮食吃","0","2","2"
"安邦彦听说","0","2","2"
"又分兵四路","0","2","2"
"地一百七十","0","2","2"
"出任四川总","0","2","2"
"过六十里是","0","2","2"
"先侵犯赤水","0","2","2"
"朱燮元估计","0","2","2"
"林兆鼎从三","0","2","2"
"王国祯从陆","0","2","2"
"国祯从陆广","0","2","2"
"祯从陆广进","0","2","2"
"刘养鲲从遵","0","2","2"
"养鲲从遵义","0","2","2"
"鲲从遵义进","0","2","2"
"安邦彦作乱","0","2","2"
"的四十八人","0","2","2"
"四十八人出","0","2","2"
"十八人出来","0","2","2"
"八人出来投","0","2","2"
"人出来投降","0","2","2"
"朱燮元上奏","0","2","2"
"又派兵平定","0","2","2"
"派兵平定了","0","2","2"
"的叛乱苗人","0","2","2"
"臣怀疑郑贵","0","2","2"
"就此事上奏","0","2","2"
"二十九年才","0","2","2"
"常洵为福王","0","2","2"
"到四十二年","0","2","2"
"也上奏推辞","0","2","2"
"已故大学士","0","2","2"
"抄没的家产","0","2","2"
"与百姓进行","0","2","2"
"百姓进行交","0","2","2"
"姓进行交易","0","2","2"
"得到满意的","0","2","2"
"到满意的答","0","2","2"
"满意的答复","0","2","2"
"正住在家中","0","2","2"
"手持长矛冲","0","2","2"
"军才稍微退","0","2","2"
"才稍微退却","0","2","2"
"朱由崧逃往","0","2","2"
"至兵部尚书","0","2","2"
"武官员出城","0","2","2"
"九月初六日","0","2","2"
"将朱由榔迎","0","2","2"
"朱由榔逃至","0","2","2"
"由榔逃至梧","0","2","2"
"榔逃至梧州","0","2","2"
"瞿式耜及总","0","2","2"
"持朱由榔逃","0","2","2"
"当时正逢天","0","2","2"
"才稍微安定","0","2","2"
"稍微安定下","0","2","2"
"微安定下来","0","2","2"
"之间有隔阂","0","2","2"
"船前来迎接","0","2","2"
"的随从官员","0","2","2"
"殿试第一名","0","2","2"
"就抗言上书","0","2","2"
"他称病告假","0","2","2"
"假回家去了","0","2","2"
"他们是因为","0","2","2"
"三十六个人","0","2","2"
"朝大臣一起","0","2","2"
"世宗这下更","0","2","2"
"这下更加恼","0","2","2"
"就把他们全","0","2","2"
"杨慎知道后","0","2","2"
"病也就好了","0","2","2"
"人们都觉得","0","2","2"
"在翰林院时","0","2","2"
"随心所欲地","0","2","2"
"给他追加谥","0","2","2"
"他追加谥号","0","2","2"
"人的圈套中","0","2","2"
"并不是太祖","0","2","2"
"国家多灾多","0","2","2"
"家多灾多难","0","2","2"
"偶尔实行一","0","2","2"
"尔实行一次","0","2","2"
"所以不能不","0","2","2"
"各地的镇守","0","2","2"
"地的镇守宦","0","2","2"
"主张实际上","0","2","2"
"张实际上是","0","2","2"
"有损于国家","0","2","2"
"用旁门左道","0","2","2"
"因为灾异的","0","2","2"
"为灾异的发","0","2","2"
"灾异的发生","0","2","2"
"肃奉夫人的","0","2","2"
"锦衣卫审讯","0","2","2"
"张翀又和同","0","2","2"
"翀又和同事","0","2","2"
"了第二年三","0","2","2"
"把献帝称为","0","2","2"
"上书解救他","0","2","2"
"有不法行为","0","2","2"
"二百二十多","0","2","2"
"压在宫中不","0","2","2"
"然后就死掉","0","2","2"
"后就死掉了","0","2","2"
"刚刚加冠成","0","2","2"
"刚加冠成人","0","2","2"
"加冠成人就","0","2","2"
"冠成人就考","0","2","2"
"成人就考中","0","2","2"
"考中成化二","0","2","2"
"中成化二十","0","2","2"
"费宏上书请","0","2","2"
"宏上书请求","0","2","2"
"武宗回答说","0","2","2"
"回答说知道","0","2","2"
"答说知道了","0","2","2"
"参与国家机","0","2","2"
"与国家机密","0","2","2"
"国家机密大","0","2","2"
"家机密大事","0","2","2"
"他的护卫军","0","2","2"
"留在翰林院","0","2","2"
"世宗即位以","0","2","2"
"召费宏出来","0","2","2"
"他为少师兼","0","2","2"
"对他的委任","0","2","2"
"拖欠的田赋","0","2","2"
"京畿内的田","0","2","2"
"畿内的田地","0","2","2"
"的田地有一","0","2","2"
"一半变成了","0","2","2"
"所以满朝大","0","2","2"
"以满朝大臣","0","2","2"
"世宗对他们","0","2","2"
"不让他们担","0","2","2"
"让他们担任","0","2","2"
"担任经筵讲","0","2","2"
"不让他们参","0","2","2"
"参考大家的","0","2","2"
"人相互倾轧","0","2","2"
"达不到目的","0","2","2"
"也接连上书","0","2","2"
"大学士廷和","0","2","2"
"桂萼也进来","0","2","2"
"萼也进来了","0","2","2"
"桂萼已经死","0","2","2"
"他的银章上","0","2","2"
"的银章上刻","0","2","2"
"他的曾祖父","0","2","2"
"本人考中弘","0","2","2"
"人考中弘治","0","2","2"
"朝廷推举阁","0","2","2"
"廷推举阁臣","0","2","2"
"不久赐给他","0","2","2"
"给他一枚银","0","2","2"
"他一枚银章","0","2","2"
"密封上书评","0","2","2"
"封上书评论","0","2","2"
"上书评论政","0","2","2"
"书评论政事","0","2","2"
"有什么评论","0","2","2"
"翟銮一个人","0","2","2"
"合乎法律规","0","2","2"
"乎法律规定","0","2","2"
"天生长万物","0","2","2"
"此机会推荐","0","2","2"
"御史前往上","0","2","2"
"史前往上任","0","2","2"
"文武将吏都","0","2","2"
"都接受他的","0","2","2"
"世宗就让他","0","2","2"
"偏向自己的","0","2","2"
"给事中王交","0","2","2"
"把这事交给","0","2","2"
"打入皇家监","0","2","2"
"不能自给的","0","2","2"
"给他恢复官","0","2","2"
"不久就取代","0","2","2"
"终没有大的","0","2","2"
"世宗喜欢他","0","2","2"
"让他密封上","0","2","2"
"他密封上书","0","2","2"
"这样做不合","0","2","2"
"于是朝廷决","0","2","2"
"是朝廷决定","0","2","2"
"李时兼文渊","0","2","2"
"时兼文渊阁","0","2","2"
"士入内阁参","0","2","2"
"被免除职务","0","2","2"
"也不敢有什","0","2","2"
"给事中魏良","0","2","2"
"替他们上书","0","2","2"
"没有什么大","0","2","2"
"会发生什么","0","2","2"
"发生什么事","0","2","2"
"被加官为少","0","2","2"
"十七年考中","0","2","2"
"殿试第三名","0","2","2"
"立刻提拔他","0","2","2"
"接着升任左","0","2","2"
"官为太子少","0","2","2"
"曾有过的事","0","2","2"
"月初一发生","0","2","2"
"发生了日食","0","2","2"
"殿大学士的","0","2","2"
"盛气凌人地","0","2","2"
"被任命为翰","0","2","2"
"任命为翰林","0","2","2"
"升太常少卿","0","2","2"
"命令他兼任","0","2","2"
"参与机密大","0","2","2"
"与机密大事","0","2","2"
"时人们把他","0","2","2"
"徐阶为首辅","0","2","2"
"因为别人的","0","2","2"
"京给事中王","0","2","2"
"更加坚决要","0","2","2"
"加坚决要求","0","2","2"
"坚决要求退","0","2","2"
"决要求退休","0","2","2"
"父母死后数","0","2","2"
"被追赠为太","0","2","2"
"认为这是一","0","2","2"
"根据现在的","0","2","2"
"现在的情况","0","2","2"
"书自我批评","0","2","2"
"立即提拔他","0","2","2"
"即提拔他为","0","2","2"
"提拔他为左","0","2","2"
"奉命前往各","0","2","2"
"传达世宗的","0","2","2"
"宗的指示精","0","2","2"
"的指示精神","0","2","2"
"寇的骑兵到","0","2","2"
"的骑兵到处","0","2","2"
"又有什么帮","0","2","2"
"有什么帮助","0","2","2"
"贞吉和同事","0","2","2"
"他加官为太","0","2","2"
"力陈述这样","0","2","2"
"也有很多人","0","2","2"
"在奏章中攻","0","2","2"
"奏章中攻击","0","2","2"
"同事上书说","0","2","2"
"所喜欢的人","0","2","2"
"喜欢的人来","0","2","2"
"的门生给事","0","2","2"
"门生给事中","0","2","2"
"嘴巴不敢说","0","2","2"
"动不动就得","0","2","2"
"不动就得罪","0","2","2"
"动就得罪人","0","2","2"
"张居正的名","0","2","2"
"居正的名望","0","2","2"
"西北的边务","0","2","2"
"他们的风俗","0","2","2"
"贼蜂拥而起","0","2","2"
"大帽山的叛","0","2","2"
"帽山的叛军","0","2","2"
"各率一军会","0","2","2"
"率一军会师","0","2","2"
"杖打了一顿","0","2","2"
"们都是我的","0","2","2"
"贼势力强大","0","2","2"
"湖广的部队","0","2","2"
"还没有接到","0","2","2"
"州县官吏各","0","2","2"
"率领下属和","0","2","2"
"直接攻打南","0","2","2"
"接攻打南昌","0","2","2"
"地方官吏没","0","2","2"
"方官吏没有","0","2","2"
"就高兴起来","0","2","2"
"精锐部队全","0","2","2"
"不能取胜的","0","2","2"
"文定的部队","0","2","2"
"两军相遇于","0","2","2"
"抵挡敌人的","0","2","2"
"敌人的前锋","0","2","2"
"十五日又一","0","2","2"
"五日又一次","0","2","2"
"敌人又一次","0","2","2"
"人又一次大","0","2","2"
"都投水而死","0","2","2"
"投降敌人的","0","2","2"
"武宗皇帝当","0","2","2"
"宗皇帝当时","0","2","2"
"和提督军务","0","2","2"
"提督军务的","0","2","2"
"中有这样的","0","2","2"
"他们的罪证","0","2","2"
"武大将军的","0","2","2"
"声响彻四野","0","2","2"
"可是大学士","0","2","2"
"前前后后平","0","2","2"
"前后后平定","0","2","2"
"归功于王琼","0","2","2"
"心中不愉快","0","2","2"
"没有去上任","0","2","2"
"允许他回乡","0","2","2"
"的民族首领","0","2","2"
"发布诏书让","0","2","2"
"铁券和岁禄","0","2","2"
"用兵的错误","0","2","2"
"在这里防守","0","2","2"
"他们的兵力","0","2","2"
"他的奏章被","0","2","2"
"的奏章被下","0","2","2"
"奏章被下发","0","2","2"
"进入他们的","0","2","2"
"湖广一带的","0","2","2"
"断藤峡的乱","0","2","2"
"藤峡的乱民","0","2","2"
"全被平定了","0","2","2"
"像守仁那样","0","2","2"
"终年五十七","0","2","2"
"年五十七岁","0","2","2"
"弹劾他擅离","0","2","2"
"格物致知的","0","2","2"
"物致知的学","0","2","2"
"朝廷大臣很","0","2","2"
"下诏追赠他","0","2","2"
"诏追赠他为","0","2","2"
"庙中从祀的","0","2","2"
"重申以前的","0","2","2"
"申以前的请","0","2","2"
"以前的请求","0","2","2"
"社会舆论所","0","2","2"
"到明代灭亡","0","2","2"
"生遍布天下","0","2","2"
"考中正德十","0","2","2"
"中正德十一","0","2","2"
"假装不明白","0","2","2"
"讲得很明白","0","2","2"
"最后还是不","0","2","2"
"世宗皇帝即","0","2","2"
"丈夫的学问","0","2","2"
"对他的指责","0","2","2"
"守仁学说的","0","2","2"
"考中正德三","0","2","2"
"中正德三年","0","2","2"
"宗未予理睬","0","2","2"
"为浙江佥事","0","2","2"
"疏散了他们","0","2","2"
"当时宦官在","0","2","2"
"弄得民不聊","0","2","2"
"得民不聊生","0","2","2"
"武宗都不听","0","2","2"
"于朝廷内外","0","2","2"
"担任工部主","0","2","2"
"升任员外郎","0","2","2"
"宫发生灾祸","0","2","2"
"给事中李铎","0","2","2"
"任山西左参","0","2","2"
"人们为他们","0","2","2"
"当吏部尚书","0","2","2"
"次升迁做到","0","2","2"
"他拉帮结派","0","2","2"
"率领同事上","0","2","2"
"土木工程频","0","2","2"
"过了很长时","0","2","2"
"在南京城外","0","2","2"
"到这个情况","0","2","2"
"失去了内应","0","2","2"
"乔宇不同意","0","2","2"
"群臣都穿着","0","2","2"
"武宗在南京","0","2","2"
"回朝当了吏","0","2","2"
"朝当了吏部","0","2","2"
"当了吏部尚","0","2","2"
"希望陛下遵","0","2","2"
"望陛下遵照","0","2","2"
"照典章制度","0","2","2"
"典章制度办","0","2","2"
"称献帝为本","0","2","2"
"改为本生皇","0","2","2"
"乔宇等人又","0","2","2"
"宫廷中传出","0","2","2"
"请陛下传令","0","2","2"
"等人又上书","0","2","2"
"等奏请留用","0","2","2"
"初任南京兵","0","2","2"
"大同发生战","0","2","2"
"同发生战事","0","2","2"
"人骑兵的冲","0","2","2"
"骑兵的冲击","0","2","2"
"他回朝当了","0","2","2"
"朝当了户部","0","2","2"
"朝廷正在讨","0","2","2"
"廷正在讨论","0","2","2"
"从宫廷中直","0","2","2"
"宫廷中直接","0","2","2"
"廷中直接传","0","2","2"
"中直接传下","0","2","2"
"武宗却没有","0","2","2"
"它作为准则","0","2","2"
"宫廷和朝廷","0","2","2"
"廷和朝廷不","0","2","2"
"只有几个人","0","2","2"
"年间增加到","0","2","2"
"珠池的宦官","0","2","2"
"按照祖宗定","0","2","2"
"愿意听到的","0","2","2"
"次次上书请","0","2","2"
"他到南京去","0","2","2"
"了三百六十","0","2","2"
"三百六十处","0","2","2"
"的祠堂庙宇","0","2","2"
"径自回去了","0","2","2"
"为广东右布","0","2","2"
"借此上书讲","0","2","2"
"可以做太子","0","2","2"
"以做太子的","0","2","2"
"宗发布诏书","0","2","2"
"武宗继位后","0","2","2"
"升他为右副","0","2","2"
"让他去巡抚","0","2","2"
"起用他巡抚","0","2","2"
"他巡抚四川","0","2","2"
"不得志的人","0","2","2"
"了约定日期","0","2","2"
"打下了敌人","0","2","2"
"带着几十个","0","2","2"
"着几十个骑","0","2","2"
"有两千多人","0","2","2"
"宗用加盖玉","0","2","2"
"上书辞谢给","0","2","2"
"书辞谢给自","0","2","2"
"谢给自己的","0","2","2"
"给自己的晋","0","2","2"
"诏书传下来","0","2","2"
"不允许他辞","0","2","2"
"又改为刑部","0","2","2"
"改为刑部尚","0","2","2"
"做天下人的","0","2","2"
"世宗传令让","0","2","2"
"移交镇抚司","0","2","2"
"镇抚司审讯","0","2","2"
"交给法司来","0","2","2"
"不忍心看到","0","2","2"
"就上书请求","0","2","2"
"不可改变的","0","2","2"
"都允许他们","0","2","2"
"长时间才能","0","2","2"
"朝廷恢复了","0","2","2"
"使叛兵不能","0","2","2"
"叛兵不能向","0","2","2"
"可以不战而","0","2","2"
"年被推荐为","0","2","2"
"被推荐为政","0","2","2"
"推荐为政绩","0","2","2"
"了徐鹏举的","0","2","2"
"兼任左都御","0","2","2"
"京城郊区的","0","2","2"
"巡抚按察使","0","2","2"
"电震坏了奉","0","2","2"
"新制定的法","0","2","2"
"制定的法令","0","2","2"
"不能有所整","0","2","2"
"能有所整顿","0","2","2"
"了四十多天","0","2","2"
"又改任户部","0","2","2"
"监司以下的","0","2","2"
"的有几万人","0","2","2"
"经几次升迁","0","2","2"
"宸濠造反时","0","2","2"
"士兵前往讨","0","2","2"
"前往巡抚湖","0","2","2"
"往巡抚湖广","0","2","2"
"还没有定论","0","2","2"
"长子的身份","0","2","2"
"在皇上即位","0","2","2"
"议论的人以","0","2","2"
"承武宗的王","0","2","2"
"武宗的王位","0","2","2"
"称为皇考兴","0","2","2"
"为皇考兴献","0","2","2"
"献王的尊称","0","2","2"
"张璁的意见","0","2","2"
"一起交了上","0","2","2"
"起交了上去","0","2","2"
"朝中大臣在","0","2","2"
"被关进了诏","0","2","2"
"的意见也不","0","2","2"
"递上奏章说","0","2","2"
"的情况也不","0","2","2"
"情况也不相","0","2","2"
"况也不相同","0","2","2"
"自古以来天","0","2","2"
"古以来天子","0","2","2"
"自然应该称","0","2","2"
"然应该称为","0","2","2"
"应该称为皇","0","2","2"
"现在陛下已","0","2","2"
"在陛下已经","0","2","2"
"陛下已经把","0","2","2"
"皇帝是您的","0","2","2"
"应称为皇伯","0","2","2"
"皇太后是您","0","2","2"
"太后是您的","0","2","2"
"对兴献王的","0","2","2"
"确定下来了","0","2","2"
"于是召集大","0","2","2"
"是召集大臣","0","2","2"
"交给法司问","0","2","2"
"给法司问罪","0","2","2"
"坚持反对意","0","2","2"
"朝中的大臣","0","2","2"
"官一起讨论","0","2","2"
"也多次上书","0","2","2"
"实际上也没","0","2","2"
"际上也没有","0","2","2"
"们全部召回","0","2","2"
"到世宗信任","0","2","2"
"已加官太子","0","2","2"
"赠他为太傅","0","2","2"
"这是少有的","0","2","2"
"霍韬上书说","0","2","2"
"王府的护卫","0","2","2"
"府的护卫军","0","2","2"
"平定宸濠叛","0","2","2"
"定宸濠叛乱","0","2","2"
"应该称孝宗","0","2","2"
"该称孝宗为","0","2","2"
"认为陛下应","0","2","2"
"称孝宗为父","0","2","2"
"献王的后裔","0","2","2"
"根据古礼考","0","2","2"
"据古礼考较","0","2","2"
"古礼考较是","0","2","2"
"礼考较是不","0","2","2"
"考较是不适","0","2","2"
"较是不适合","0","2","2"
"是不适合的","0","2","2"
"根据圣贤之","0","2","2"
"据圣贤之道","0","2","2"
"贤之道来比","0","2","2"
"之道来比照","0","2","2"
"道来比照是","0","2","2"
"来比照是说","0","2","2"
"比照是说不","0","2","2"
"照是说不通","0","2","2"
"是说不通的","0","2","2"
"现在的事实","0","2","2"
"继给人做后","0","2","2"
"给人做后裔","0","2","2"
"替自己的父","0","2","2"
"但是事实上","0","2","2"
"子难道可以","0","2","2"
"所以说这种","0","2","2"
"以说这种观","0","2","2"
"说这种观点","0","2","2"
"英宗皇帝说","0","2","2"
"皇帝的恩惠","0","2","2"
"父亲瞽瞍杀","0","2","2"
"武宗继承孝","0","2","2"
"宗继承孝宗","0","2","2"
"坐了十六年","0","2","2"
"并不是没有","0","2","2"
"没有后继者","0","2","2"
"武宗当儿子","0","2","2"
"我私下认为","0","2","2"
"陛下对兴献","0","2","2"
"下对兴献王","0","2","2"
"要尊崇自己","0","2","2"
"为理由推辞","0","2","2"
"尊崇王位正","0","2","2"
"崇王位正统","0","2","2"
"有利于国家","0","2","2"
"到经筵前值","0","2","2"
"经筵前值勤","0","2","2"
"的南方口音","0","2","2"
"的权力归属","0","2","2"
"世宗颁诏称","0","2","2"
"宗颁诏称赞","0","2","2"
"想尊崇自己","0","2","2"
"世宗还是不","0","2","2"
"大多经讨论","0","2","2"
"被召了回来","0","2","2"
"夏言的建议","0","2","2"
"分开来祭祀","0","2","2"
"祭祀天和地","0","2","2"
"宗不高兴了","0","2","2"
"并且揭发了","0","2","2"
"关进了都察","0","2","2"
"进了都察院","0","2","2"
"了都察院的","0","2","2"
"从狱中上书","0","2","2"
"世宗都不听","0","2","2"
"阁大臣李时","0","2","2"
"个人的名字","0","2","2"
"尚书的官衔","0","2","2"
"郭勋与夏言","0","2","2"
"没有接受馈","0","2","2"
"有接受馈赠","0","2","2"
"大臣们无不","0","2","2"
"世宗也不加","0","2","2"
"议论大礼时","0","2","2"
"不久请假回","0","2","2"
"久请假回乡","0","2","2"
"朝廷又起用","0","2","2"
"黄绾和宗明","0","2","2"
"给别人过继","0","2","2"
"能有一天安","0","2","2"
"考虑这件事","0","2","2"
"下为什么不","0","2","2"
"兄终弟及的","0","2","2"
"布诏书通告","0","2","2"
"诏书通告全","0","2","2"
"书通告全国","0","2","2"
"尊称孝宗皇","0","2","2"
"昭圣太后为","0","2","2"
"为皇考恭穆","0","2","2"
"父子间的亲","0","2","2"
"子间的亲情","0","2","2"
"他回家守丧","0","2","2"
"编修杨名因","0","2","2"
"被关进诏狱","0","2","2"
"这又有什么","0","2","2"
"突然间显贵","0","2","2"
"然间显贵起","0","2","2"
"间显贵起来","0","2","2"
"看法比较平","0","2","2"
"作孝宗的儿","0","2","2"
"又使兴献帝","0","2","2"
"发布诏书把","0","2","2"
"又请病假回","0","2","2"
"请病假回家","0","2","2"
"等人也得以","0","2","2"
"还是以前没","0","2","2"
"赋闲在家的","0","2","2"
"上书恶毒攻","0","2","2"
"书恶毒攻击","0","2","2"
"世宗传令削","0","2","2"
"宗传令削了","0","2","2"
"又上书攻击","0","2","2"
"为自己辩白","0","2","2"
"形势非常紧","0","2","2"
"察军队的情","0","2","2"
"军队的情况","0","2","2"
"也不加过问","0","2","2"
"建立保甲制","0","2","2"
"立保甲制度","0","2","2"
"这个机会窥","0","2","2"
"派给事御史","0","2","2"
"让他以侍郎","0","2","2"
"勇敢作战的","0","2","2"
"们争先恐后","0","2","2"
"等先后到来","0","2","2"
"实际上是他","0","2","2"
"谋反叛的人","0","2","2"
"了兵部右侍","0","2","2"
"文定为兵部","0","2","2"
"定为兵部尚","0","2","2"
"的军队讨伐","0","2","2"
"是命令他退","0","2","2"
"为母亲年老","0","2","2"
"一个皇初祖","0","2","2"
"张璁因此记","0","2","2"
"百姓有很多","0","2","2"
"姓有很多人","0","2","2"
"莫登庸弑君","0","2","2"
"登庸弑君篡","0","2","2"
"有损国家尊","0","2","2"
"损国家尊严","0","2","2"
"上书请朝廷","0","2","2"
"他们来入贡","0","2","2"
"收到他的信","0","2","2"
"来指挥军事","0","2","2"
"任浙江提学","0","2","2"
"于是提拔张","0","2","2"
"十年之久没","0","2","2"
"年之久没能","0","2","2"
"朝廷于是召","0","2","2"
"廷于是召他","0","2","2"
"于是召他回","0","2","2"
"是召他回朝","0","2","2"
"湖广的苗民","0","2","2"
"和他的党徒","0","2","2"
"更加坚持自","0","2","2"
"加坚持自己","0","2","2"
"御史的官衔","0","2","2"
"不敢往上报","0","2","2"
"小的时候就","0","2","2"
"死后埋葬在","0","2","2"
"才接受任命","0","2","2"
"多余的开支","0","2","2"
"武宗刚刚即","0","2","2"
"有二十多年","0","2","2"
"二十多年不","0","2","2"
"了一千八百","0","2","2"
"里的要害地","0","2","2"
"了贼寇的巢","0","2","2"
"归我们耕种","0","2","2"
"他逐条陈述","0","2","2"
"逐条陈述了","0","2","2"
"有一百三十","0","2","2"
"一百三十一","0","2","2"
"的有三十二","0","2","2"
"病还乡去了","0","2","2"
"才被释放出","0","2","2"
"被释放出来","0","2","2"
"信任的大臣","0","2","2"
"被召回朝中","0","2","2"
"他的干儿子","0","2","2"
"后大为恼怒","0","2","2"
"在考察中被","0","2","2"
"考察中被罢","0","2","2"
"等接连上书","0","2","2"
"有战事的时","0","2","2"
"事的时候应","0","2","2"
"的时候应当","0","2","2"
"时候应当像","0","2","2"
"宗赐给他两","0","2","2"
"赐给他两枚","0","2","2"
"给他两枚银","0","2","2"
"时间长了也","0","2","2"
"张璁已经进","0","2","2"
"璁已经进入","0","2","2"
"暗中诋毁一","0","2","2"
"中诋毁一清","0","2","2"
"给事中王准","0","2","2"
"的党羽霍韬","0","2","2"
"上书竭力攻","0","2","2"
"书竭力攻击","0","2","2"
"力攻击一清","0","2","2"
"安慰并挽留","0","2","2"
"慰并挽留他","0","2","2"
"张璁又被召","0","2","2"
"的攻击更加","0","2","2"
"朝中大臣一","0","2","2"
"中大臣一起","0","2","2"
"通晓边防事","0","2","2"
"皇上的恩典","0","2","2"
"有人把他比","0","2","2"
"人把他比作","0","2","2"
"有朝廷赏赐","0","2","2"
"朝廷赏赐的","0","2","2"
"发配到边境","0","2","2"
"朝廷推举吏","0","2","2"
"廷推举吏部","0","2","2"
"被调往南京","0","2","2"
"国家的财政","0","2","2"
"头颅数论功","0","2","2"
"被封为世袭","0","2","2"
"他两个儿子","0","2","2"
"两个儿子为","0","2","2"
"王琼与廷和","0","2","2"
"任用王守仁","0","2","2"
"报朝廷知道","0","2","2"
"廷内外官员","0","2","2"
"皇上左右侍","0","2","2"
"世宗没有听","0","2","2"
"也被关进了","0","2","2"
"提督陕西三","0","2","2"
"吐鲁番占领","0","2","2"
"率领二千人","0","2","2"
"奏请的那样","0","2","2"
"对王琼表示","0","2","2"
"都是他的同","0","2","2"
"志向和操守","0","2","2"
"任浙江副使","0","2","2"
"他上书陈述","0","2","2"
"盗贼全被平","0","2","2"
"已经被平定","0","2","2"
"和当初一样","0","2","2"
"速檀拜牙郎","0","2","2"
"一起推荐彭","0","2","2"
"起推荐彭泽","0","2","2"
"和咸宁侯仇","0","2","2"
"召他回朝主","0","2","2"
"他回朝主管","0","2","2"
"大臣一起推","0","2","2"
"王琼于是上","0","2","2"
"琼于是上书","0","2","2"
"这个人一向","0","2","2"
"忠顺王大印","0","2","2"
"可以拿下来","0","2","2"
"以拿下来的","0","2","2"
"分出部分兵","0","2","2"
"出部分兵力","0","2","2"
"从宫中下达","0","2","2"
"的儿子为父","0","2","2"
"诏令把他们","0","2","2"
"史纷纷上书","0","2","2"
"和而造成的","0","2","2"
"郁郁不乐地","0","2","2"
"记录在官府","0","2","2"
"录在官府的","0","2","2"
"来又升为右","0","2","2"
"又改为巡抚","0","2","2"
"为巡抚顺天","0","2","2"
"不应当派遣","0","2","2"
"除丧服的祭","0","2","2"
"丧服的祭祀","0","2","2"
"十万石粮饷","0","2","2"
"去总督宣府","0","2","2"
"又给他加官","0","2","2"
"并不是他的","0","2","2"
"以下官员不","0","2","2"
"传令云南巡","0","2","2"
"令云南巡抚","0","2","2"
"万达把他们","0","2","2"
"世宗本来就","0","2","2"
"巡抚朱方因","0","2","2"
"抚朱方因为","0","2","2"
"打了八十大","0","2","2"
"给他恢复了","0","2","2"
"他恢复了官","0","2","2"
"追谥他为襄","0","2","2"
"力向朝廷推","0","2","2"
"州土著居民","0","2","2"
"任浙江右参","0","2","2"
"给他写信说","0","2","2"
"十三年升任","0","2","2"
"注意侦察敌","0","2","2"
"意侦察敌情","0","2","2"
"杀害投降的","0","2","2"
"自己亲近的","0","2","2"
"己亲近的人","0","2","2"
"与总兵官周","0","2","2"
"官周尚文在","0","2","2"
"国库银二十","0","2","2"
"口等处修建","0","2","2"
"等处修建了","0","2","2"
"万达因此被","0","2","2"
"一定从大同","0","2","2"
"工程完毕后","0","2","2"
"调来的部队","0","2","2"
"下的官吏都","0","2","2"
"他们在街市","0","2","2"
"们在街市上","0","2","2"
"说自己有办","0","2","2"
"自己有办法","0","2","2"
"答阿不孩又","0","2","2"
"阿不孩又派","0","2","2"
"他们的使节","0","2","2"
"把他们都给","0","2","2"
"他们都给杀","0","2","2"
"不断地请求","0","2","2"
"通贡也要防","0","2","2"
"贡也要防备","0","2","2"
"河套地区的","0","2","2"
"他的阴谋告","0","2","2"
"的阴谋告诉","0","2","2"
"扬起的尘沙","0","2","2"
"做兵部尚书","0","2","2"
"世宗的喜爱","0","2","2"
"被降为兵部","0","2","2"
"部下的将士","0","2","2"
"宗刚刚登基","0","2","2"
"父亲兴献王","0","2","2"
"尊崇双亲的","0","2","2"
"迎接亲生母","0","2","2"
"接亲生母亲","0","2","2"
"天上掉下来","0","2","2"
"上掉下来的","0","2","2"
"行是可以的","0","2","2"
"辈份和排行","0","2","2"
"承祖宗的王","0","2","2"
"议论的大臣","0","2","2"
"君臣的礼节","0","2","2"
"这么一个儿","0","2","2"
"么一个儿子","0","2","2"
"法是可以的","0","2","2"
"发给大臣讨","0","2","2"
"给大臣讨论","0","2","2"
"争一个皇字","0","2","2"
"加封号为帝","0","2","2"
"父子的名称","0","2","2"
"而只在于考","0","2","2"
"又递上一篇","0","2","2"
"上书猛烈抨","0","2","2"
"书猛烈抨击","0","2","2"
"给事御史李","0","2","2"
"人的势力大","0","2","2"
"最终用他们","0","2","2"
"的意见确定","0","2","2"
"意见确定了","0","2","2"
"对他们几个","0","2","2"
"都切齿痛恨","0","2","2"
"上书攻击费","0","2","2"
"书攻击费宏","0","2","2"
"两京给事御","0","2","2"
"京给事御史","0","2","2"
"张璁对世宗","0","2","2"
"地颁布诏书","0","2","2"
"没有接到诏","0","2","2"
"有接到诏书","0","2","2"
"供词中牵连","0","2","2"
"到武定侯郭","0","2","2"
"往边远地带","0","2","2"
"宗更认为他","0","2","2"
"一清再次入","0","2","2"
"中孙应奎弹","0","2","2"
"孙应奎弹劾","0","2","2"
"又弹劾张璁","0","2","2"
"世宗派行人","0","2","2"
"派行人送手","0","2","2"
"行人送手令","0","2","2"
"送手令召他","0","2","2"
"以制礼作乐","0","2","2"
"别祭祀天地","0","2","2"
"他的奏章都","0","2","2"
"能加以制止","0","2","2"
"奏章弹劾他","0","2","2"
"都给事中魏","0","2","2"
"星又出现在","0","2","2"
"很长时间没","0","2","2"
"宗在文华殿","0","2","2"
"又派宦官送","0","2","2"
"于是又返回","0","2","2"
"听说这个消","0","2","2"
"说这个消息","0","2","2"
"妃为兴国太","0","2","2"
"为兴国太后","0","2","2"
"毫无根据地","0","2","2"
"的大逆不道","0","2","2"
"孝敬自己的","0","2","2"
"敬自己的父","0","2","2"
"被召为翰林","0","2","2"
"的大臣很多","0","2","2"
"太庙的礼仪","0","2","2"
"合了世宗的","0","2","2"
"于是接连上","0","2","2"
"吏部讨论后","0","2","2"
"他们互相揭","0","2","2"
"们互相揭发","0","2","2"
"与机要事宜","0","2","2"
"明显暴露出","0","2","2"
"显暴露出来","0","2","2"
"君臣之间有","0","2","2"
"有始有终的","0","2","2"
"官知道世宗","0","2","2"
"让他以尚书","0","2","2"
"他以尚书的","0","2","2"
"以尚书的名","0","2","2"
"书的名义退","0","2","2"
"的名义退休","0","2","2"
"给法司审讯","0","2","2"
"法司会同锦","0","2","2"
"司会同锦衣","0","2","2"
"又被召回朝","0","2","2"
"国子监的学","0","2","2"
"子监的学生","0","2","2"
"守仁的学术","0","2","2"
"尊贵者的统","0","2","2"
"贵者的统绪","0","2","2"
"支派的子孙","0","2","2"
"养在宫廷中","0","2","2"
"有别的儿子","0","2","2"
"的奏疏一起","0","2","2"
"人蜂拥而起","0","2","2"
"也极力推辞","0","2","2"
"王莽的说法","0","2","2"
"令把这本书","0","2","2"
"借发生灾异","0","2","2"
"发生灾异的","0","2","2"
"并且请求把","0","2","2"
"最终还是未","0","2","2"
"他们两个的","0","2","2"
"奏请留用黄","0","2","2"
"二十三个人","0","2","2"
"又弹劾御史","0","2","2"
"流言蜚语来","0","2","2"
"难道一定要","0","2","2"
"他们的奏章","0","2","2"
"上书称病求","0","2","2"
"书称病求退","0","2","2"
"诏书召他回","0","2","2"
"书召他回朝","0","2","2"
"到他家门口","0","2","2"
"有彗星出现","0","2","2"
"亲自到文华","0","2","2"
"自到文华殿","0","2","2"
"召内阁大臣","0","2","2"
"大臣集中商","0","2","2"
"奉夫人的弟","0","2","2"
"锦衣的封赏","0","2","2"
"方面官员的","0","2","2"
"面官员的履","0","2","2"
"分别建立两","0","2","2"
"别建立两个","0","2","2"
"建立两个郊","0","2","2"
"立两个郊祀","0","2","2"
"两个郊祀台","0","2","2"
"世宗非常恼","0","2","2"
"宗非常恼火","0","2","2"
"品官官服和","0","2","2"
"夏言心中不","0","2","2"
"破坏世宗对","0","2","2"
"坏世宗对夏","0","2","2"
"世宗对夏言","0","2","2"
"宗对夏言的","0","2","2"
"对夏言的宠","0","2","2"
"夏言的宠信","0","2","2"
"来自我保护","0","2","2"
"任吏科都给","0","2","2"
"重新制定了","0","2","2"
"提升为少詹","0","2","2"
"有过的事呢","0","2","2"
"礼部尚书时","0","2","2"
"有牵强附会","0","2","2"
"又提升为少","0","2","2"
"当上了首辅","0","2","2"
"机密奏章不","0","2","2"
"众人的怨气","0","2","2"
"兼领大学士","0","2","2"
"宗更为恼火","0","2","2"
"忘记了自己","0","2","2"
"出于夏言的","0","2","2"
"于夏言的指","0","2","2"
"夏言的指使","0","2","2"
"命令宦官监","0","2","2"
"都命令他们","0","2","2"
"在皇帝那里","0","2","2"
"罢官时间长","0","2","2"
"官时间长了","0","2","2"
"事又牵连着","0","2","2"
"自己写供词","0","2","2"
"下诏书责备","0","2","2"
"的大臣受他","0","2","2"
"大臣受他的","0","2","2"
"只知道有严","0","2","2"
"道有严嵩不","0","2","2"
"有严嵩不知","0","2","2"
"严嵩不知道","0","2","2"
"嵩不知道有","0","2","2"
"在地方上的","0","2","2"
"也只知道有","0","2","2"
"下诏恢复了","0","2","2"
"他的妻子把","0","2","2"
"其子靖王朱","0","2","2"
"其弟宪王朱","0","2","2"
"十一年去世","0","2","2"
"幽禁于凤阳","0","2","2"
"尊奉朱聿键","0","2","2"
"六月二十八","0","2","2"
"自己请求率","0","2","2"
"鲁王朱以海","0","2","2"
"朱以海逃亡","0","2","2"
"以海逃亡入","0","2","2"
"海逃亡入海","0","2","2"
"遣使者迎接","0","2","2"
"朱高煦跟随","0","2","2"
"高煦跟随成","0","2","2"
"煦跟随成祖","0","2","2"
"朱高煦率领","0","2","2"
"朱高煦率军","0","2","2"
"常在成祖面","0","2","2"
"在成祖面前","0","2","2"
"面前称赞他","0","2","2"
"人被捕下狱","0","2","2"
"不隶属兵部","0","2","2"
"朱高煦于是","0","2","2"
"命其返回藩","0","2","2"
"其返回藩地","0","2","2"
"全部上奏皇","0","2","2"
"比其他王府","0","2","2"
"然后再慢慢","0","2","2"
"返回京城后","0","2","2"
"听说大军到","0","2","2"
"说大军到来","0","2","2"
"才害怕起来","0","2","2"
"下诏谕示朱","0","2","2"
"共六百四十","0","2","2"
"到达斡难河","0","2","2"
"臣都知道他","0","2","2"
"即进升为都","0","2","2"
"再升为都督","0","2","2"
"杨洪充任总","0","2","2"
"洪充任总兵","0","2","2"
"十分害怕他","0","2","2"
"致信给杨洪","0","2","2"
"景帝监国后","0","2","2"
"畜数以万计","0","2","2"
"因功进升为","0","2","2"
"的三条计策","0","2","2"
"朝廷都听从","0","2","2"
"杨洪与石亨","0","2","2"
"英宗返回后","0","2","2"
"佩带镇朔大","0","2","2"
"带镇朔大将","0","2","2"
"仍镇守宣府","0","2","2"
"掌管三千营","0","2","2"
"便请求退休","0","2","2"
"其堂侄石彪","0","2","2"
"名敌军骑兵","0","2","2"
"即充任左参","0","2","2"
"粮食一万八","0","2","2"
"食一万八千","0","2","2"
"与敌人战于","0","2","2"
"尚书于谦推","0","2","2"
"书于谦推荐","0","2","2"
"在西直门外","0","2","2"
"而获得官职","0","2","2"
"又因给事中","0","2","2"
"给事中成章","0","2","2"
"大权全部归","0","2","2"
"权全部归于","0","2","2"
"是一名武臣","0","2","2"
"等违法之事","0","2","2"
"禁锢于狱中","0","2","2"
"商议要革除","0","2","2"
"议要革除夺","0","2","2"
"要革除夺门","0","2","2"
"并抄没其家","0","2","2"
"授为都督佥","0","2","2"
"给事中孙祥","0","2","2"
"刘安为总兵","0","2","2"
"也先进犯京","0","2","2"
"先进犯京城","0","2","2"
"封郭登为定","0","2","2"
"郭登为定襄","0","2","2"
"登为定襄伯","0","2","2"
"并授予世袭","0","2","2"
"人不能返回","0","2","2"
"为散骑舍人","0","2","2"
"于是上奏弹","0","2","2"
"是上奏弹劾","0","2","2"
"十分想念他","0","2","2"
"你为什么要","0","2","2"
"都指挥统领","0","2","2"
"将家人留在","0","2","2"
"硃谦与参将","0","2","2"
"这才率军返","0","2","2"
"才率军返回","0","2","2"
"打败兀良哈","0","2","2"
"因北征有功","0","2","2"
"三百名骑兵","0","2","2"
"百名骑兵从","0","2","2"
"敌寇再次人","0","2","2"
"寇再次人侵","0","2","2"
"下诏切责他","0","2","2"
"他升为代理","0","2","2"
"升为代理指","0","2","2"
"为代理指挥","0","2","2"
"越级提拔他","0","2","2"
"皇上诏令孙","0","2","2"
"上诏令孙镗","0","2","2"
"与敌寇战于","0","2","2"
"以夺门之功","0","2","2"
"予他世袭诰","0","2","2"
"他世袭诰券","0","2","2"
"孙镗充任总","0","2","2"
"镗充任总兵","0","2","2"
"于是率领他","0","2","2"
"封为世袭侯","0","2","2"
"为世袭侯爵","0","2","2"
"事情暴露后","0","2","2"
"请求辞去官","0","2","2"
"求辞去官职","0","2","2"
"上下诏解除","0","2","2"
"命他掌管左","0","2","2"
"被停支俸禄","0","2","2"
"说自己的情","0","2","2"
"像从前一样","0","2","2"
"越级升为都","0","2","2"
"级升为都督","0","2","2"
"请求继承爵","0","2","2"
"求继承爵位","0","2","2"
"承袭世袭职","0","2","2"
"袭世袭职位","0","2","2"
"拔为都督佥","0","2","2"
"寇进犯宣府","0","2","2"
"偕同都御史","0","2","2"
"子孙世代为","0","2","2"
"进言而被贬","0","2","2"
"给事中毛弘","0","2","2"
"极力要求辞","0","2","2"
"力要求辞官","0","2","2"
"在家闲居二","0","2","2"
"家闲居二十","0","2","2"
"闲居二十余","0","2","2"
"廷内外很多","0","2","2"
"有二十余年","0","2","2"
"恭敬地举行","0","2","2"
"起用任为南","0","2","2"
"用任为南京","0","2","2"
"有关部门每","0","2","2"
"关部门每年","0","2","2"
"明世宗即位","0","2","2"
"派使者慰问","0","2","2"
"享年八十六","0","2","2"
"年八十六岁","0","2","2"
"乡的尚书王","0","2","2"
"的尚书王恕","0","2","2"
"对他们施以","0","2","2"
"这实际上是","0","2","2"
"是唯唯诺诺","0","2","2"
"以陛下的聪","0","2","2"
"陛下的聪明","0","2","2"
"为自己的计","0","2","2"
"利弊应当兴","0","2","2"
"弊应当兴革","0","2","2"
"所有的官员","0","2","2"
"有的官员都","0","2","2"
"的官员都可","0","2","2"
"官员都可以","0","2","2"
"员都可以把","0","2","2"
"都可以把自","0","2","2"
"可以把自己","0","2","2"
"列为条目向","0","2","2"
"为条目向上","0","2","2"
"条目向上陈","0","2","2"
"目向上陈述","0","2","2"
"这大概是因","0","2","2"
"把自己的意","0","2","2"
"振兴天下之","0","2","2"
"兴天下之利","0","2","2"
"革除天下的","0","2","2"
"除天下的弊","0","2","2"
"天下的弊病","0","2","2"
"在内阁大臣","0","2","2"
"那么君王的","0","2","2"
"之所以不被","0","2","2"
"臣内外勾结","0","2","2"
"相继被罢免","0","2","2"
"经常在朝廷","0","2","2"
"朝政的得失","0","2","2"
"求朝见皇帝","0","2","2"
"回家乡安葬","0","2","2"
"贞皇后的神","0","2","2"
"皇帝车驾从","0","2","2"
"可作为借鉴","0","2","2"
"得知这些情","0","2","2"
"知这些情况","0","2","2"
"害怕连累自","0","2","2"
"怕连累自己","0","2","2"
"竟然被贬为","0","2","2"
"被贬为福建","0","2","2"
"为福建市舶","0","2","2"
"皇太后生日","0","2","2"
"三个月俸禄","0","2","2"
"远侯柳升率","0","2","2"
"率领一千名","0","2","2"
"骑兵昼夜兼","0","2","2"
"城中守军也","0","2","2"
"董兴进升为","0","2","2"
"董兴为左副","0","2","2"
"兴为左副总","0","2","2"
"曹吉祥被诛","0","2","2"
"宪宗继位后","0","2","2"
"十余年后去","0","2","2"
"余年后去世","0","2","2"
"随军征讨麓","0","2","2"
"屡升至都指","0","2","2"
"廷同意了他","0","2","2"
"无人能与他","0","2","2"
"人能与他相","0","2","2"
"能与他相比","0","2","2"
"上下诏追赠","0","2","2"
"指挥佥事之","0","2","2"
"挥佥事之职","0","2","2"
"功进升为都","0","2","2"
"随即充任右","0","2","2"
"即充任右参","0","2","2"
"族发动叛乱","0","2","2"
"此进升为都","0","2","2"
"刘玉也被包","0","2","2"
"玉也被包围","0","2","2"
"被增加俸禄","0","2","2"
"等到论功时","0","2","2"
"将他捆绑起","0","2","2"
"金辅追击刘","0","2","2"
"辅追击刘惠","0","2","2"
"增加俸禄一","0","2","2"
"加俸禄一百","0","2","2"
"督率三千营","0","2","2"
"统领京军前","0","2","2"
"领京军前去","0","2","2"
"京城操练的","0","2","2"
"当时没有被","0","2","2"
"时没有被采","0","2","2"
"被起用督率","0","2","2"
"神英充任总","0","2","2"
"英充任总兵","0","2","2"
"在延绥抵御","0","2","2"
"以都督同知","0","2","2"
"军都督府金","0","2","2"
"都督府金书","0","2","2"
"没有人不说","0","2","2"
"杨一清的举","0","2","2"
"一清的举荐","0","2","2"
"雄被提升为","0","2","2"
"女许配给他","0","2","2"
"千士兵进入","0","2","2"
"捷报上奏后","0","2","2"
"皇上下诏赦","0","2","2"
"上下诏赦免","0","2","2"
"蜫鐇谋反后","0","2","2"
"上奏报告朝","0","2","2"
"奏报告朝廷","0","2","2"
"事情平息后","0","2","2"
"命军中士兵","0","2","2"
"皇上追赠他","0","2","2"
"上追赠他为","0","2","2"
"他死的那天","0","2","2"
"火筛侵入大","0","2","2"
"筛侵入大同","0","2","2"
"朝廷于是命","0","2","2"
"廷于是命令","0","2","2"
"于是命令张","0","2","2"
"贼寇平定后","0","2","2"
"被实授为都","0","2","2"
"实授为都督","0","2","2"
"追击数十里","0","2","2"
"还未攻下的","0","2","2"
"追赠他为右","0","2","2"
"赠他为右都","0","2","2"
"朱宸濠企图","0","2","2"
"宸濠企图谋","0","2","2"
"濠企图谋反","0","2","2"
"心这才安定","0","2","2"
"怎么能指望","0","2","2"
"庇荫其子为","0","2","2"
"审查他的功","0","2","2"
"朝廷商议设","0","2","2"
"廷商议设立","0","2","2"
"人感到惋惜","0","2","2"
"徐溥任首辅","0","2","2"
"不敢接受这","0","2","2"
"派大臣前往","0","2","2"
"有关部门发","0","2","2"
"则有损国威","0","2","2"
"是太祖亲自","0","2","2"
"治政的根本","0","2","2"
"其阿谀奉承","0","2","2"
"御前讲席每","0","2","2"
"致颠沛流离","0","2","2"
"很明白的了","0","2","2"
"三月二十七","0","2","2"
"奏疏交给他","0","2","2"
"从成化年间","0","2","2"
"年老请求退","0","2","2"
"老请求退休","0","2","2"
"受到他的庇","0","2","2"
"自己的生活","0","2","2"
"学士李贤上","0","2","2"
"地发生地震","0","2","2"
"等纷纷上奏","0","2","2"
"河东薛蠧的","0","2","2"
"东薛蠧的学","0","2","2"
"人们认为他","0","2","2"
"担任东宫讲","0","2","2"
"进入内阁参","0","2","2"
"敢于发表意","0","2","2"
"于发表意见","0","2","2"
"宁宫发生火","0","2","2"
"国子监生江","0","2","2"
"刘健等为此","0","2","2"
"这是国家的","0","2","2"
"谢迁一同接","0","2","2"
"迁一同接受","0","2","2"
"违背太后的","0","2","2"
"太后的旨意","0","2","2"
"朝阳门外建","0","2","2"
"召见刘健等","0","2","2"
"很少能见到","0","2","2"
"少能见到皇","0","2","2"
"令户部核实","0","2","2"
"召刘健等到","0","2","2"
"挣扎着坐起","0","2","2"
"前后的情况","0","2","2"
"到现在两个","0","2","2"
"现在两个月","0","2","2"
"在两个月了","0","2","2"
"的珍禽奇兽","0","2","2"
"圣旨从宫中","0","2","2"
"尽职于其官","0","2","2"
"职于其官职","0","2","2"
"上奏章恳请","0","2","2"
"情不能上达","0","2","2"
"有关时政的","0","2","2"
"们的罪行而","0","2","2"
"自己也不会","0","2","2"
"己也不会安","0","2","2"
"也不会安心","0","2","2"
"宗为太子时","0","2","2"
"廷下诏书命","0","2","2"
"皇太子前往","0","2","2"
"太子前往封","0","2","2"
"子前往封地","0","2","2"
"升请求增加","0","2","2"
"因为南方的","0","2","2"
"为南方的赋","0","2","2"
"南方的赋税","0","2","2"
"百姓不堪忍","0","2","2"
"姓不堪忍受","0","2","2"
"而草拟诏书","0","2","2"
"词牵连到刘","0","2","2"
"没收其家产","0","2","2"
"也应当取消","0","2","2"
"翰林院的官","0","2","2"
"有关部门去","0","2","2"
"时年七十九","0","2","2"
"杨一清因为","0","2","2"
"免去上朝参","0","2","2"
"去上朝参拜","0","2","2"
"左庶子兼侍","0","2","2"
"右侍郎兼侍","0","2","2"
"难以预测的","0","2","2"
"东阳与刘健","0","2","2"
"刘瑾进入司","0","2","2"
"瑾进入司礼","0","2","2"
"进入司礼监","0","2","2"
"谢迁当天就","0","2","2"
"谢迁的官职","0","2","2"
"第二次呈上","0","2","2"
"只有李东阳","0","2","2"
"小心谨慎地","0","2","2"
"的圣旨责问","0","2","2"
"廷内外都为","0","2","2"
"写信给东阳","0","2","2"
"的功劳恢复","0","2","2"
"子世袭锦衣","0","2","2"
"以年老有病","0","2","2"
"第二年参加","0","2","2"
"二年参加会","0","2","2"
"显贵的侍从","0","2","2"
"贵的侍从宦","0","2","2"
"的侍从宦官","0","2","2"
"王鏊以原官","0","2","2"
"鏊以原官兼","0","2","2"
"年选拔一次","0","2","2"
"一定会反叛","0","2","2"
"租赋来补充","0","2","2"
"征西将军的","0","2","2"
"西将军的身","0","2","2"
"请求在花马","0","2","2"
"求在花马池","0","2","2"
"在花马池修","0","2","2"
"花马池修筑","0","2","2"
"增设烽火台","0","2","2"
"朱荣镇守辽","0","2","2"
"全部送往京","0","2","2"
"部送往京城","0","2","2"
"朝廷于是改","0","2","2"
"其他的可以","0","2","2"
"敌寇所抢掠","0","2","2"
"在松花江造","0","2","2"
"给司法官吏","0","2","2"
"法官吏审问","0","2","2"
"官吏审问治","0","2","2"
"吏审问治罪","0","2","2"
"件边防事宜","0","2","2"
"升至都督佥","0","2","2"
"能安居乐业","0","2","2"
"在边疆二十","0","2","2"
"传至明朝灭","0","2","2"
"至明朝灭亡","0","2","2"
"都名列第一","0","2","2"
"又将其击退","0","2","2"
"斩杀一千一","0","2","2"
"杀一千一百","0","2","2"
"一千一百人","0","2","2"
"并按照制度","0","2","2"
"按照制度予","0","2","2"
"照制度予以","0","2","2"
"皇上下诏赠","0","2","2"
"发誓要以死","0","2","2"
"誓要以死相","0","2","2"
"要以死相报","0","2","2"
"升为大宁都","0","2","2"
"为大宁都指","0","2","2"
"欧信以都督","0","2","2"
"信以都督佥","0","2","2"
"于是朝廷提","0","2","2"
"是朝廷提升","0","2","2"
"信充任总兵","0","2","2"
"被调任广东","0","2","2"
"以代理都督","0","2","2"
"请求解除兵","0","2","2"
"求解除兵权","0","2","2"
"被授为都督","0","2","2"
"两个月俸禄","0","2","2"
"被实授官职","0","2","2"
"守西部边陲","0","2","2"
"为永宁卫指","0","2","2"
"当时诸将大","0","2","2"
"时诸将大多","0","2","2"
"以右副总兵","0","2","2"
"右副总兵的","0","2","2"
"年便去世了","0","2","2"
"已经很满足","0","2","2"
"经很满足了","0","2","2"
"获得马驼牛","0","2","2"
"得马驼牛羊","0","2","2"
"江伯陈锐前","0","2","2"
"前来进贡者","0","2","2"
"兵跟踪追击","0","2","2"
"长期镇守西","0","2","2"
"寇大举进犯","0","2","2"
"听从巡抚张","0","2","2"
"暗示给事中","0","2","2"
"派遣宦官张","0","2","2"
"他们到达时","0","2","2"
"杭雄进升为","0","2","2"
"打算亲自率","0","2","2"
"算亲自率军","0","2","2"
"希望皇上能","0","2","2"
"以功名而终","0","2","2"
"明孝宗继位","0","2","2"
"是有关国家","0","2","2"
"在宫中不发","0","2","2"
"宫中不发下","0","2","2"
"中不发下来","0","2","2"
"四川发生饥","0","2","2"
"川发生饥荒","0","2","2"
"违抗皇帝旨","0","2","2"
"抗皇帝旨意","0","2","2"
"不考虑自身","0","2","2"
"考虑自身利","0","2","2"
"虑自身利害","0","2","2"
"犯轻罪的人","0","2","2"
"朝廷召项忠","0","2","2"
"自己的将领","0","2","2"
"能克敌制胜","0","2","2"
"没听说有一","0","2","2"
"说有一个人","0","2","2"
"大举搜索河","0","2","2"
"举搜索河套","0","2","2"
"有关部门追","0","2","2"
"项忠为总督","0","2","2"
"忠为总督军","0","2","2"
"为总督军务","0","2","2"
"陕西四镇的","0","2","2"
"军队前往讨","0","2","2"
"队前往讨伐","0","2","2"
"杀敌和俘虏","0","2","2"
"分兵守住各","0","2","2"
"给事中郭镗","0","2","2"
"在家居二十","0","2","2"
"杀了他的儿","0","2","2"
"升为广东副","0","2","2"
"为广东副使","0","2","2"
"写信给大学","0","2","2"
"信给大学士","0","2","2"
"李贤很赞赏","0","2","2"
"淹死的不计","0","2","2"
"刻石记功而","0","2","2"
"一年的正月","0","2","2"
"州各少数民","0","2","2"
"广西镇守宦","0","2","2"
"西镇守宦官","0","2","2"
"谥号为忠烈","0","2","2"
"升为右布政","0","2","2"
"入河套驻扎","0","2","2"
"河套驻扎放","0","2","2"
"套驻扎放牧","0","2","2"
"患渐渐平息","0","2","2"
"给军队屯垦","0","2","2"
"国家和百姓","0","2","2"
"兼任左副都","0","2","2"
"一百七十个","0","2","2"
"个月可以完","0","2","2"
"月可以完成","0","2","2"
"改任他为左","0","2","2"
"他为左都御","0","2","2"
"御史又纷纷","0","2","2"
"银一百五十","0","2","2"
"削去太子太","0","2","2"
"去太子太保","0","2","2"
"上疏陈述十","0","2","2"
"陈述十件事","0","2","2"
"年六十一岁","0","2","2"
"时父亲去世","0","2","2"
"掌管司法刑","0","2","2"
"管司法刑狱","0","2","2"
"司法刑狱的","0","2","2"
"法刑狱的官","0","2","2"
"刑狱的官署","0","2","2"
"接受朱英的","0","2","2"
"受朱英的意","0","2","2"
"朱英的意见","0","2","2"
"任广东右参","0","2","2"
"愈来愈厉害","0","2","2"
"年服丧期满","0","2","2"
"万三千多户","0","2","2"
"每人每月供","0","2","2"
"四十万两银","0","2","2"
"人们佩服他","0","2","2"
"升为陕西右","0","2","2"
"减去三分之","0","2","2"
"为广西右参","0","2","2"
"不停地攻击","0","2","2"
"祭奠阵亡将","0","2","2"
"奠阵亡将士","0","2","2"
"死者的家属","0","2","2"
"兵只有一万","0","2","2"
"绵延二百里","0","2","2"
"下诏责备刘","0","2","2"
"掌户部事务","0","2","2"
"求辞官回家","0","2","2"
"常常吃不饱","0","2","2"
"性格刚毅果","0","2","2"
"少数民族杂","0","2","2"
"勤于圣人之","0","2","2"
"于圣人之学","0","2","2"
"皇上颇加以","0","2","2"
"上颇加以采","0","2","2"
"上书陈述边","0","2","2"
"书陈述边防","0","2","2"
"英宗复位后","0","2","2"
"赈济的财物","0","2","2"
"向皇上告状","0","2","2"
"也无可奈何","0","2","2"
"皇上更加亲","0","2","2"
"曹吉祥弄权","0","2","2"
"群臣上表请","0","2","2"
"从今以后奏","0","2","2"
"今以后奏章","0","2","2"
"李贤的意见","0","2","2"
"极力说不可","0","2","2"
"年的收入不","0","2","2"
"不体恤百姓","0","2","2"
"他起草奏章","0","2","2"
"皇上慰劳他","0","2","2"
"下诏天下停","0","2","2"
"诏天下停止","0","2","2"
"召门达来告","0","2","2"
"门达来告诫","0","2","2"
"达来告诫他","0","2","2"
"有人向皇上","0","2","2"
"进升为少保","0","2","2"
"掌讲经筵事","0","2","2"
"讲经筵事务","0","2","2"
"第二天他又","0","2","2"
"有关官员请","0","2","2"
"回到京师后","0","2","2"
"终年五十九","0","2","2"
"亲自去祭祀","0","2","2"
"三品以上京","0","2","2"
"品以上京官","0","2","2"
"家境更加贫","0","2","2"
"在讲经筵当","0","2","2"
"讲经筵当值","0","2","2"
"他们都受到","0","2","2"
"受到皇上称","0","2","2"
"到皇上称赞","0","2","2"
"入阁参预机","0","2","2"
"但奏疏被扣","0","2","2"
"为翰林院学","0","2","2"
"他进升为侍","0","2","2"
"皇上正信任","0","2","2"
"与宣德年间","0","2","2"
"为慈懿皇太","0","2","2"
"彭时等人说","0","2","2"
"称赞他的忠","0","2","2"
"赞他的忠诚","0","2","2"
"率京军前往","0","2","2"
"赞同他的话","0","2","2"
"他为吏部尚","0","2","2"
"皇上安慰挽","0","2","2"
"上安慰挽留","0","2","2"
"判死刑和流","0","2","2"
"死刑和流放","0","2","2"
"封号和谥号","0","2","2"
"有人说宋代","0","2","2"
"终年六十岁","0","2","2"
"生活非常俭","0","2","2"
"活非常俭约","0","2","2"
"兼左春坊大","0","2","2"
"请立东宫太","0","2","2"
"时天色已晚","0","2","2"
"石亨这帮人","0","2","2"
"人已经迎接","0","2","2"
"已经迎接上","0","2","2"
"经迎接上皇","0","2","2"
"命他们起草","0","2","2"
"劾不称职的","0","2","2"
"以警诫后人","0","2","2"
"已经六岁了","0","2","2"
"丧礼应该从","0","2","2"
"有功于国家","0","2","2"
"等人也弹劾","0","2","2"
"终于还是不","0","2","2"
"任翰林侍讲","0","2","2"
"授予官位的","0","2","2"
"应当剥夺官","0","2","2"
"当剥夺官职","0","2","2"
"述自己的见","0","2","2"
"种植榆树柳","0","2","2"
"植榆树柳树","0","2","2"
"忠臣义士的","0","2","2"
"姑息的政策","0","2","2"
"有患得患失","0","2","2"
"畏惧什么而","0","2","2"
"惧什么而不","0","2","2"
"坚决不答应","0","2","2"
"皇帝被他的","0","2","2"
"帝被他的话","0","2","2"
"立即下令停","0","2","2"
"王的女儿已","0","2","2"
"皇帝将他的","0","2","2"
"是人们所说","0","2","2"
"记载于本纪","0","2","2"
"代典章制度","0","2","2"
"是上天用来","0","2","2"
"所记载的天","0","2","2"
"古代的认识","0","2","2"
"向右旋转的","0","2","2"
"右旋转的度","0","2","2"
"旋转的度数","0","2","2"
"恒星的运行","0","2","2"
"永远不移动","0","2","2"
"实际上有所","0","2","2"
"为三百六十","0","2","2"
"得知地的全","0","2","2"
"度来确定天","0","2","2"
"来确定天下","0","2","2"
"确定天下的","0","2","2"
"地的度数相","0","2","2"
"的度数相同","0","2","2"
"地的经度相","0","2","2"
"的经度相差","0","2","2"
"差一个时辰","0","2","2"
"是一千一百","0","2","2"
"最低处是五","0","2","2"
"一百九十里","0","2","2"
"高处是一千","0","2","2"
"赤道的经度","0","2","2"
"道的经度和","0","2","2"
"观测出它在","0","2","2"
"测出它在参","0","2","2"
"出它在参宿","0","2","2"
"它在参宿的","0","2","2"
"在参宿的前","0","2","2"
"在只有一颗","0","2","2"
"在只有五颗","0","2","2"
"现在全部没","0","2","2"
"在全部没有","0","2","2"
"全部没有了","0","2","2"
"现在祇有四","0","2","2"
"在祇有四颗","0","2","2"
"现在都没有","0","2","2"
"在都没有了","0","2","2"
"星都没有了","0","2","2"
"古代无而现","0","2","2"
"代无而现在","0","2","2"
"无而现在有","0","2","2"
"是古代所没","0","2","2"
"古代所没有","0","2","2"
"代所没有的","0","2","2"
"在海上航行","0","2","2"
"一派系经由","0","2","2"
"有名称的星","0","2","2"
"名称的星星","0","2","2"
"年所测定的","0","2","2"
"沿着黄道运","0","2","2"
"着黄道运行","0","2","2"
"有确定的宿","0","2","2"
"西洋的历法","0","2","2"
"用仪器观测","0","2","2"
"仪器观测天","0","2","2"
"器观测天象","0","2","2"
"观测天象的","0","2","2"
"把它叫做浑","0","2","2"
"它叫做浑天","0","2","2"
"制造的仪器","0","2","2"
"天象的仪器","0","2","2"
"用木头制造","0","2","2"
"极出地的高","0","2","2"
"皇帝亲自写","0","2","2"
"日月星辰的","0","2","2"
"月星辰的运","0","2","2"
"星辰的运行","0","2","2"
"请求重新按","0","2","2"
"又请求制造","0","2","2"
"听从了这个","0","2","2"
"从了这个请","0","2","2"
"出入的度数","0","2","2"
"下发到礼部","0","2","2"
"确定的法则","0","2","2"
"与天体的运","0","2","2"
"设立四丈高","0","2","2"
"照元朝的制","0","2","2"
"确定不变的","0","2","2"
"确定时刻的","0","2","2"
"水流的快慢","0","2","2"
"至正午十二","0","2","2"
"正午十二时","0","2","2"
"午十二时先","0","2","2"
"十二时先于","0","2","2"
"二时先于天","0","2","2"
"时先于天时","0","2","2"
"现在的办法","0","2","2"
"最短的日影","0","2","2"
"不移动的地","0","2","2"
"移动的地方","0","2","2"
"晷的大概情","0","2","2"
"一周天的度","0","2","2"
"皇帝命令太","0","2","2"
"帝命令太监","0","2","2"
"就不能使用","0","2","2"
"各节气午正","0","2","2"
"节气午正的","0","2","2"
"气午正的晷","0","2","2"
"午正的晷影","0","2","2"
"造就是郭守","0","2","2"
"是郭守敬要","0","2","2"
"表测量到的","0","2","2"
"测量到的是","0","2","2"
"量到的是日","0","2","2"
"到的是日体","0","2","2"
"就很容易了","0","2","2"
"了这个道理","0","2","2"
"的实际高度","0","2","2"
"地半径的差","0","2","2"
"半径的差额","0","2","2"
"节气的早晚","0","2","2"
"方的人见到","0","2","2"
"的人见到太","0","2","2"
"人见到太阳","0","2","2"
"东方的午时","0","2","2"
"六十分之二","0","2","2"
"十分之二时","0","2","2"
"正一刻十分","0","2","2"
"尾宿为中星","0","2","2"
"宿偏束七度","0","2","2"
"宿偏东四度","0","2","2"
"宿偏束五度","0","2","2"
"箕宿为中星","0","2","2"
"一星为中星","0","2","2"
"娄宿为中星","0","2","2"
"酉正二刻十","0","2","2"
"正二刻十分","0","2","2"
"初二刻十分","0","2","2"
"斗宿的分野","0","2","2"
"牛宿的分野","0","2","2"
"政司所属州","0","2","2"
"司所属州县","0","2","2"
"梧州府的苍","0","2","2"
"州府的苍梧","0","2","2"
"都是危宿的","0","2","2"
"是危宿的分","0","2","2"
"隶凤阳府的","0","2","2"
"都是昴宿的","0","2","2"
"是昴宿的分","0","2","2"
"昴宿的分野","0","2","2"
"山西的太原","0","2","2"
"都是参宿的","0","2","2"
"是参宿的分","0","2","2"
"井宿的分野","0","2","2"
"政司所属之","0","2","2"
"司所属之地","0","2","2"
"河南的开封","0","2","2"
"亢宿的分野","0","2","2"
"氐宿的分野","0","2","2"
"心宿的分野","0","2","2"
"平府是尾宿","0","2","2"
"都是尾宿的","0","2","2"
"天地宗庙等","0","2","2"
"皇帝穿冕服","0","2","2"
"副使穿朝服","0","2","2"
"放在丹陛中","0","2","2"
"书放置在彩","0","2","2"
"放置在彩舆","0","2","2"
"置在彩舆中","0","2","2"
"大乐在前引","0","2","2"
"礼官先进入","0","2","2"
"主婚人穿朝","0","2","2"
"婚人穿朝服","0","2","2"
"人穿朝服出","0","2","2"
"穿朝服出来","0","2","2"
"在案上放置","0","2","2"
"治国的方法","0","2","2"
"交给执事者","0","2","2"
"如前面所述","0","2","2"
"面所述的礼","0","2","2"
"所述的礼仪","0","2","2"
"主婚人俯伏","0","2","2"
"恭敬地承接","0","2","2"
"承接美好的","0","2","2"
"接美好的命","0","2","2"
"美好的命令","0","2","2"
"婚人上前说","0","2","2"
"人送到大门","0","2","2"
"到奉天门外","0","2","2"
"节交给司礼","0","2","2"
"送礼物到女","0","2","2"
"礼物到女家","0","2","2"
"物到女家定","0","2","2"
"到女家定婚","0","2","2"
"命派遣使者","0","2","2"
"黑色和浅红","0","2","2"
"色和浅红色","0","2","2"
"命你等持节","0","2","2"
"你等持节行","0","2","2"
"各自放在案","0","2","2"
"自放在案上","0","2","2"
"按以上礼仪","0","2","2"
"以上礼仪进","0","2","2"
"主婚人行四","0","2","2"
"婚人行四拜","0","2","2"
"人行四拜礼","0","2","2"
"举行奉迎礼","0","2","2"
"拿着册书和","0","2","2"
"书和宝玺放","0","2","2"
"和宝玺放置","0","2","2"
"玺放置在彩","0","2","2"
"玺放置在案","0","2","2"
"事者举着案","0","2","2"
"站立在西南","0","2","2"
"有野鸡图纹","0","2","2"
"野鸡图纹的","0","2","2"
"使者把符节","0","2","2"
"官引导进入","0","2","2"
"官宣读册书","0","2","2"
"官宣读完毕","0","2","2"
"女官跪着接","0","2","2"
"册书的礼仪","0","2","2"
"册书宝玺的","0","2","2"
"人到案前跪","0","2","2"
"早晚不要违","0","2","2"
"晚不要违背","0","2","2"
"皇后下台阶","0","2","2"
"下台阶登上","0","2","2"
"穿着朝服在","0","2","2"
"着朝服在承","0","2","2"
"然后纔退下","0","2","2"
"把符节交给","0","2","2"
"的官员捧着","0","2","2"
"官员捧着册","0","2","2"
"员捧着册书","0","2","2"
"进入奉天门","0","2","2"
"书和宝玺交","0","2","2"
"和宝玺交给","0","2","2"
"到更换衣服","0","2","2"
"更换衣服处","0","2","2"
"举行拜谒太","0","2","2"
"行拜谒太庙","0","2","2"
"拜谒太庙礼","0","2","2"
"的侍从吃皇","0","2","2"
"剩下的饭菜","0","2","2"
"盛服修的盘","0","2","2"
"皇后都行四","0","2","2"
"后都行四拜","0","2","2"
"都行四拜礼","0","2","2"
"皇帝穿着冕","0","2","2"
"帝穿着冕服","0","2","2"
"皇后穿着礼","0","2","2"
"后穿着礼服","0","2","2"
"女官引导皇","0","2","2"
"官引导皇后","0","2","2"
"按平常礼仪","0","2","2"
"举行庆贺礼","0","2","2"
"以及外命妇","0","2","2"
"皇后穿礼服","0","2","2"
"后礼仪相同","0","2","2"
"在前殿行醮","0","2","2"
"前殿行醮酒","0","2","2"
"殿行醮酒告","0","2","2"
"行醮酒告诫","0","2","2"
"醮酒告诫礼","0","2","2"
"元年规定制","0","2","2"
"使者面前说","0","2","2"
"请吩咐事情","0","2","2"
"按仪礼陈列","0","2","2"
"仪礼陈列礼","0","2","2"
"礼陈列礼物","0","2","2"
"卜筮来决定","0","2","2"
"其次是行纳","0","2","2"
"遵守典章制","0","2","2"
"守典章制度","0","2","2"
"陈列礼物献","0","2","2"
"列礼物献上","0","2","2"
"礼物献上雁","0","2","2"
"奉制命报告","0","2","2"
"某告诉婚期","0","2","2"
"到皇帝座前","0","2","2"
"皇帝命令说","0","2","2"
"皇太子退出","0","2","2"
"家的大门外","0","2","2"
"这天天刚亮","0","2","2"
"陈设扈从仪","0","2","2"
"侍卫按礼仪","0","2","2"
"从舆上下来","0","2","2"
"舆上下来登","0","2","2"
"下来登上辖","0","2","2"
"来登上辖车","0","2","2"
"从辖车上下","0","2","2"
"辖车上下来","0","2","2"
"穿朝服站在","0","2","2"
"站在西阶下","0","2","2"
"的人穿着朝","0","2","2"
"人穿着朝服","0","2","2"
"引导主婚者","0","2","2"
"婚者出来在","0","2","2"
"拿雁的人跟","0","2","2"
"雁的人跟从","0","2","2"
"拿雁的人拿","0","2","2"
"交给主婚者","0","2","2"
"交给左右之","0","2","2"
"给左右之人","0","2","2"
"出来到帐幕","0","2","2"
"皇太子行拜","0","2","2"
"太子行拜礼","0","2","2"
"母亲命令说","0","2","2"
"你的父亲有","0","2","2"
"的父亲有训","0","2","2"
"一定要恭敬","0","2","2"
"司闰官引导","0","2","2"
"皇太子向妃","0","2","2"
"太子向妃拱","0","2","2"
"子向妃拱手","0","2","2"
"宫皇后的礼","0","2","2"
"等候皇帝升","0","2","2"
"进献于皇帝","0","2","2"
"照古代礼制","0","2","2"
"用帷幕遮蔽","0","2","2"
"父亲命令说","0","2","2"
"在皇太子的","0","2","2"
"地希望皇太","0","2","2"
"礼已经完成","0","2","2"
"如同正月初","0","2","2"
"同正月初一","0","2","2"
"月初一的礼","0","2","2"
"初一的礼仪","0","2","2"
"与皇太子同","0","2","2"
"某王的配偶","0","2","2"
"将付之于卜","0","2","2"
"某报告吉祥","0","2","2"
"礼的言词是","0","2","2"
"到束宫太子","0","2","2"
"坐着接受礼","0","2","2"
"站着受两拜","0","2","2"
"王妃的父亲","0","2","2"
"妃的父母站","0","2","2"
"着接受二拜","0","2","2"
"在中间坐下","0","2","2"
"面前行四拜","0","2","2"
"某官某的儿","0","2","2"
"官某的儿子","0","2","2"
"先人的礼仪","0","2","2"
"监跪着接受","0","2","2"
"婚礼的人致","0","2","2"
"礼的人致词","0","2","2"
"的人致词说","0","2","2"
"按礼仪准备","0","2","2"
"恩赐家室给","0","2","2"
"赐家室给某","0","2","2"
"女婿行再拜","0","2","2"
"穿着礼服在","0","2","2"
"跪着交给太","0","2","2"
"着交给太监","0","2","2"
"交给左右的","0","2","2"
"给左右的人","0","2","2"
"在门口等候","0","2","2"
"相对行再拜","0","2","2"
"对行再拜礼","0","2","2"
"各自就位坐","0","2","2"
"自就位坐下","0","2","2"
"前在奉先殿","0","2","2"
"子监读书学","0","2","2"
"监读书学习","0","2","2"
"五年下诏说","0","2","2"
"者穿着公服","0","2","2"
"人拱手请进","0","2","2"
"如同纳吉的","0","2","2"
"同纳吉的礼","0","2","2"
"者出来在门","0","2","2"
"在门外迎接","0","2","2"
"在门内迎接","0","2","2"
"新婿的侍从","0","2","2"
"剩下的食物","0","2","2"
"第二天拜见","0","2","2"
"二天拜见宗","0","2","2"
"天拜见宗庙","0","2","2"
"婿的父亲以","0","2","2"
"的父亲以下","0","2","2"
"从束阶升登","0","2","2"
"新妇行四拜","0","2","2"
"妇行四拜礼","0","2","2"
"如同前面的","0","2","2"
"同前面的礼","0","2","2"
"前面的礼仪","0","2","2"
"家人的礼仪","0","2","2"
"如同初次的","0","2","2"
"同初次的礼","0","2","2"
"初次的礼仪","0","2","2"
"仿照有品级","0","2","2"
"照有品级官","0","2","2"
"品级官的礼","0","2","2"
"级官的礼仪","0","2","2"
"祭奠先圣先","0","2","2"
"驾临国子监","0","2","2"
"议论的人说","0","2","2"
"皇帝进入帷","0","2","2"
"帝进入帷帐","0","2","2"
"弟子在两庶","0","2","2"
"行五拜叩头","0","2","2"
"五拜叩头礼","0","2","2"
"东西厢房站","0","2","2"
"西厢房站立","0","2","2"
"三品以上及","0","2","2"
"赞唱为皇帝","0","2","2"
"唱为皇帝讲","0","2","2"
"为皇帝讲书","0","2","2"
"从西门进入","0","2","2"
"在东西两旁","0","2","2"
"到原来的位","0","2","2"
"乐而不演奏","0","2","2"
"孟三氏的子","0","2","2"
"期之前斋戒","0","2","2"
"礼部赏赐宴","0","2","2"
"部赏赐宴席","0","2","2"
"衍圣公以及","0","2","2"
"堂上官各一","0","2","2"
"一册放置在","0","2","2"
"胪官赞唱讲","0","2","2"
"官赞唱讲官","0","2","2"
"赞唱讲官行","0","2","2"
"唱讲官行拜","0","2","2"
"讲官行拜礼","0","2","2"
"退着站立在","0","2","2"
"展书官跪下","0","2","2"
"书官跪下合","0","2","2"
"官跪下合上","0","2","2"
"月十二日起","0","2","2"
"皇帝驾临文","0","2","2"
"帝驾临文华","0","2","2"
"侍书官侍奉","0","2","2"
"嘉靖六年规","0","2","2"
"靖六年规定","0","2","2"
"御前讲席日","0","2","2"
"前讲席日讲","0","2","2"
"皇帝穿常服","0","2","2"
"在门外等候","0","2","2"
"人走出班列","0","2","2"
"等候皇帝驾","0","2","2"
"命令学士宋","0","2","2"
"令学士宋濂","0","2","2"
"移到殿的束","0","2","2"
"侍卫如同平","0","2","2"
"卫如同平常","0","2","2"
"在台阶上行","0","2","2"
"台阶上行四","0","2","2"
"阶上行四拜","0","2","2"
"上行四拜礼","0","2","2"
"各位官员退","0","2","2"
"每天讲读的","0","2","2"
"各位官员进","0","2","2"
"位官员进入","0","2","2"
"四拜礼结束","0","2","2"
"到文华门外","0","2","2"
"拜礼后出来","0","2","2"
"加赠太子太","0","2","2"
"官行四拜礼","0","2","2"
"辅政大臣率","0","2","2"
"政大臣率领","0","2","2"
"讲读官依次","0","2","2"
"大射的礼仪","0","2","2"
"古代天子亲","0","2","2"
"天子亲自率","0","2","2"
"子亲自率军","0","2","2"
"亲自率军出","0","2","2"
"自率军出征","0","2","2"
"军队驻扎地","0","2","2"
"帝亲自率军","0","2","2"
"率军征讨朱","0","2","2"
"征讨朱宸濠","0","2","2"
"皇帝命令祭","0","2","2"
"帝命令祭祀","0","2","2"
"都派官员代","0","2","2"
"也如同旧有","0","2","2"
"征讨汉庶人","0","2","2"
"车驾从正阳","0","2","2"
"驾从正阳门","0","2","2"
"派遣官吏告","0","2","2"
"遣官吏告祭","0","2","2"
"阳门外迎接","0","2","2"
"派遣大将的","0","2","2"
"到宫殿的赤","0","2","2"
"宫殿的赤色","0","2","2"
"殿的赤色台","0","2","2"
"的赤色台阶","0","2","2"
"把它交给执","0","2","2"
"它交给执事","0","2","2"
"所统领的将","0","2","2"
"乐在前面开","0","2","2"
"官吏祭告宗","0","2","2"
"吏祭告宗庙","0","2","2"
"祭告宗庙社","0","2","2"
"穿绛紫纱袍","0","2","2"
"的北面设置","0","2","2"
"军前大旗六","0","2","2"
"前大旗六纛","0","2","2"
"执掌祭祀的","0","2","2"
"掌祭祀的官","0","2","2"
"祀的官员撤","0","2","2"
"的官员撤除","0","2","2"
"官员撤除俎","0","2","2"
"员撤除俎豆","0","2","2"
"赞礼宣唱送","0","2","2"
"礼宣唱送神","0","2","2"
"到燎祭的地","0","2","2"
"燎祭的地方","0","2","2"
"太祖命令中","0","2","2"
"祖命令中书","0","2","2"
"请求按照宋","0","2","2"
"求按照宋太","0","2","2"
"跪着听宣布","0","2","2"
"高呼三声万","0","2","2"
"呼三声万岁","0","2","2"
"凡是皇帝亲","0","2","2"
"用露布形式","0","2","2"
"在献俘位的","0","2","2"
"侍立的位置","0","2","2"
"鼓吹开始演","0","2","2"
"吹开始演奏","0","2","2"
"宽释的俘虏","0","2","2"
"百官又拜四","0","2","2"
"官又拜四拜","0","2","2"
"赐给中原之","0","2","2"
"给中原之国","0","2","2"
"中原之国的","0","2","2"
"书省大臣说","0","2","2"
"朝见中宫皇","0","2","2"
"到长江岸边","0","2","2"
"天派遣官员","0","2","2"
"遣官员告祭","0","2","2"
"第二天举行","0","2","2"
"的礼仪一样","0","2","2"
"陈设皇帝座","0","2","2"
"设皇帝座位","0","2","2"
"在诰命案的","0","2","2"
"部尚书位在","0","2","2"
"尚书位在殿","0","2","2"
"书位在殿上","0","2","2"
"按序站立位","0","2","2"
"赤色空地的","0","2","2"
"上朝的礼仪","0","2","2"
"皇帝穿戴着","0","2","2"
"从殿束门进","0","2","2"
"官把它交给","0","2","2"
"各官署长官","0","2","2"
"在西苑检阅","0","2","2"
"命令在第二","0","2","2"
"到预定日期","0","2","2"
"礼部制定仪","0","2","2"
"在内殿祭告","0","2","2"
"戎政官率领","0","2","2"
"面向北依次","0","2","2"
"向北依次站","0","2","2"
"北依次站立","0","2","2"
"部官员引导","0","2","2"
"官员引导皇","0","2","2"
"在扈从官的","0","2","2"
"从官的北面","0","2","2"
"兵部尚书上","0","2","2"
"部尚书上奏","0","2","2"
"尚书请求检","0","2","2"
"书请求检阅","0","2","2"
"协戎政官以","0","2","2"
"戎政官以下","0","2","2"
"射中箭靶的","0","2","2"
"官员在东西","0","2","2"
"皇帝面前呈","0","2","2"
"政以下官吏","0","2","2"
"等候皇帝车","0","2","2"
"候皇帝车驾","0","2","2"
"先前的仪节","0","2","2"
"驾临皇极门","0","2","2"
"年举行大型","0","2","2"
"祭祀日期以","0","2","2"
"举行大射礼","0","2","2"
"三品官到五","0","2","2"
"品官到五品","0","2","2"
"官到五品官","0","2","2"
"六品官到九","0","2","2"
"品官到九品","0","2","2"
"官到九品官","0","2","2"
"武官员的子","0","2","2"
"员的子弟和","0","2","2"
"的子弟和士","0","2","2"
"子弟和士民","0","2","2"
"弟和士民中","0","2","2"
"和士民中的","0","2","2"
"士民中的俊","0","2","2"
"民中的俊秀","0","2","2"
"以及文武官","0","2","2"
"及文武官员","0","2","2"
"参加射礼的","0","2","2"
"确定同射的","0","2","2"
"定同射的对","0","2","2"
"同射的对象","0","2","2"
"的力量强弱","0","2","2"
"的年高有德","0","2","2"
"皇太孙以下","0","2","2"
"皇帝穿着平","0","2","2"
"帝穿着平常","0","2","2"
"穿着平常服","0","2","2"
"着平常服饰","0","2","2"
"百官穿平常","0","2","2"
"官穿平常服","0","2","2"
"在露台设置","0","2","2"
"官穿朝服站","0","2","2"
"四拜的礼仪","0","2","2"
"于是命令在","0","2","2"
"在京城的文","0","2","2"
"京城的文武","0","2","2"
"城的文武官","0","2","2"
"二十七天后","0","2","2"
"十七天后除","0","2","2"
"七天后除服","0","2","2"
"天穿素服到","0","2","2"
"号哭哀悼完","0","2","2"
"哭哀悼完毕","0","2","2"
"穿着素服举","0","2","2"
"着素服举行","0","2","2"
"举行奉慰礼","0","2","2"
"品以上受封","0","2","2"
"用麻布盖头","0","2","2"
"的丧服制度","0","2","2"
"与京官相同","0","2","2"
"停止一个月","0","2","2"
"官员祭祀金","0","2","2"
"员祭祀金水","0","2","2"
"祭祀金水桥","0","2","2"
"皇帝亲自在","0","2","2"
"到朝阳门外","0","2","2"
"举行告别礼","0","2","2"
"号的妇女到","0","2","2"
"的妇女到灵","0","2","2"
"妇女到灵座","0","2","2"
"女到灵座殿","0","2","2"
"到灵座殿祭","0","2","2"
"周年行小祥","0","2","2"
"年行小祥祭","0","2","2"
"停止朝拜三","0","2","2"
"止朝拜三天","0","2","2"
"领皇太子以","0","2","2"
"太子以下到","0","2","2"
"子以下到灵","0","2","2"
"到灵座殿进","0","2","2"
"去掉麻制环","0","2","2"
"掉麻制环形","0","2","2"
"麻制环形首","0","2","2"
"制环形首绖","0","2","2"
"神位牌安放","0","2","2"
"穿素服驾临","0","2","2"
"素服驾临西","0","2","2"
"服驾临西角","0","2","2"
"官穿素服到","0","2","2"
"从服丧服之","0","2","2"
"服丧服之日","0","2","2"
"到思善门内","0","2","2"
"郡王的儿子","0","2","2"
"的儿子都服","0","2","2"
"讣告各王府","0","2","2"
"皇帝在奉天","0","2","2"
"奉天殿台阶","0","2","2"
"天殿台阶上","0","2","2"
"驾临华盖殿","0","2","2"
"胪寺官员导","0","2","2"
"寺官员导引","0","2","2"
"册谧大行皇","0","2","2"
"谧大行皇后","0","2","2"
"把册放在案","0","2","2"
"册放在案上","0","2","2"
"也如同这样","0","2","2"
"尚仪官上奏","0","2","2"
"上奏典礼完","0","2","2"
"奏典礼完毕","0","2","2"
"西角门列班","0","2","2"
"角门列班进","0","2","2"
"门列班进名","0","2","2"
"列班进名拜","0","2","2"
"班进名拜慰","0","2","2"
"派官员把安","0","2","2"
"官员把安葬","0","2","2"
"员把安葬日","0","2","2"
"把安葬日期","0","2","2"
"安葬日期祭","0","2","2"
"葬日期祭告","0","2","2"
"太子以下穿","0","2","2"
"子以下穿衰","0","2","2"
"以下穿衰服","0","2","2"
"祭祀所经过","0","2","2"
"祀所经过的","0","2","2"
"百官以及受","0","2","2"
"官以及受封","0","2","2"
"号的妇女都","0","2","2"
"妇女都穿素","0","2","2"
"皇后张氏死","0","2","2"
"服二十七天","0","2","2"
"穿素服十三","0","2","2"
"大臣平民不","0","2","2"
"的衣冠拜谒","0","2","2"
"后以及仁宗","0","2","2"
"定时哭临号","0","2","2"
"时哭临号哭","0","2","2"
"步行送到德","0","2","2"
"行送到德胜","0","2","2"
"送到德胜门","0","2","2"
"到德胜门外","0","2","2"
"捧持神位牌","0","2","2"
"皇帝穿着素","0","2","2"
"帝穿着素服","0","2","2"
"服处理政事","0","2","2"
"与今天的情","0","2","2"
"今天的情况","0","2","2"
"的情况不同","0","2","2"
"举行各种礼","0","2","2"
"行各种礼仪","0","2","2"
"神位牌的官","0","2","2"
"进名拜慰的","0","2","2"
"没有服丧关","0","2","2"
"有服丧关系","0","2","2"
"书夏言等人","0","2","2"
"按丧服制度","0","2","2"
"穿素服朝见","0","2","2"
"呈上丧葬仪","0","2","2"
"皇后的丧事","0","2","2"
"皇后在内殿","0","2","2"
"的神位牌应","0","2","2"
"神位牌应当","0","2","2"
"位牌应当送","0","2","2"
"牌应当送入","0","2","2"
"部呈上丧葬","0","2","2"
"丧葬祭祀的","0","2","2"
"服丧三年的","0","2","2"
"詹事霍韬说","0","2","2"
"从了他的提","0","2","2"
"浅淡色的衣","0","2","2"
"淡色的衣服","0","2","2"
"告示于天下","0","2","2"
"上仪节制度","0","2","2"
"位牌返回京","0","2","2"
"牌返回京城","0","2","2"
"按礼制服丧","0","2","2"
"礼制服丧服","0","2","2"
"命令孝烈皇","0","2","2"
"令孝烈皇后","0","2","2"
"牌位放置在","0","2","2"
"孝洁皇后的","0","2","2"
"洁皇后的牌","0","2","2"
"罢除不施行","0","2","2"
"的母亲杜氏","0","2","2"
"祭祀告谢地","0","2","2"
"祀告谢地神","0","2","2"
"的仪仗队的","0","2","2"
"停止上朝两","0","2","2"
"止上朝两天","0","2","2"
"斩衰三年的","0","2","2"
"衰三年的丧","0","2","2"
"告祭世宗的","0","2","2"
"祭世宗的灵","0","2","2"
"皇帝告谕礼","0","2","2"
"帝告谕礼部","0","2","2"
"定时号哭哀","0","2","2"
"时号哭哀悼","0","2","2"
"号的妇女入","0","2","2"
"子服齐衰一","0","2","2"
"停止大小祭","0","2","2"
"止大小祭祀","0","2","2"
"大小祭祀之","0","2","2"
"小祭祀之事","0","2","2"
"祭祀之事以","0","2","2"
"祀之事以及","0","2","2"
"之事以及音","0","2","2"
"事以及音乐","0","2","2"
"停止嫁女娶","0","2","2"
"止嫁女娶妇","0","2","2"
"命令光禄寺","0","2","2"
"为睿宗献皇","0","2","2"
"遇到正月初","0","2","2"
"到正月初一","0","2","2"
"应改变服饰","0","2","2"
"准备翼善冠","0","2","2"
"袍驾临宫殿","0","2","2"
"百官穿官服","0","2","2"
"很久不能决","0","2","2"
"久不能决定","0","2","2"
"皇后以下在","0","2","2"
"放在灵座殿","0","2","2"
"派官祭祀地","0","2","2"
"官祭祀地神","0","2","2"
"柩启迁前的","0","2","2"
"启迁前的祭","0","2","2"
"迁前的祭奠","0","2","2"
"文武官员共","0","2","2"
"将葬时的祭","0","2","2"
"葬时的祭奠","0","2","2"
"黑角带朝见","0","2","2"
"角带朝见参","0","2","2"
"带朝见参拜","0","2","2"
"在灵柩前面","0","2","2"
"葬在金山等","0","2","2"
"在金山等处","0","2","2"
"金山等处的","0","2","2"
"派内官举行","0","2","2"
"王府和文武","0","2","2"
"府和文武官","0","2","2"
"哭哀悼的礼","0","2","2"
"举行丧葬礼","0","2","2"
"林院撰写祭","0","2","2"
"院撰写祭文","0","2","2"
"皇帝祭一坛","0","2","2"
"文武官员各","0","2","2"
"到除去丧服","0","2","2"
"国内文武官","0","2","2"
"与亲王妃的","0","2","2"
"王妃的丧礼","0","2","2"
"皇帝祭祀一","0","2","2"
"帝祭祀一坛","0","2","2"
"国将军以下","0","2","2"
"功九个月丧","0","2","2"
"制命说可以","0","2","2"
"王的坟茔土","0","2","2"
"的坟茔土地","0","2","2"
"皇帝不上朝","0","2","2"
"上朝处理事","0","2","2"
"朝处理事务","0","2","2"
"官前去祭祀","0","2","2"
"从此之后只","0","2","2"
"此之后只有","0","2","2"
"依从他的提","0","2","2"
"二十五里的","0","2","2"
"王没有到藩","0","2","2"
"每年一定节","0","2","2"
"年一定节令","0","2","2"
"一定节令派","0","2","2"
"到二周年祭","0","2","2"
"安葬在西山","0","2","2"
"葬在西山的","0","2","2"
"后来改称皇","0","2","2"
"来改称皇陵","0","2","2"
"边一楹供奉","0","2","2"
"听到丧耗的","0","2","2"
"到丧耗的第","0","2","2"
"丧耗的第二","0","2","2"
"耗的第二天","0","2","2"
"朝时和晡时","0","2","2"
"从穿上丧服","0","2","2"
"穿上丧服之","0","2","2"
"上丧服之日","0","2","2"
"从西华门进","0","2","2"
"西华门进入","0","2","2"
"退朝穿衰服","0","2","2"
"书到达之日","0","2","2"
"十七个月后","0","2","2"
"七个月后除","0","2","2"
"个月后除服","0","2","2"
"拜五拜叩三","0","2","2"
"住宿在本官","0","2","2"
"宿在本官署","0","2","2"
"聚集举哀哭","0","2","2"
"集举哀哭悼","0","2","2"
"又早晨聚集","0","2","2"
"二十七天以","0","2","2"
"官员穿衰服","0","2","2"
"举哀号哭三","0","2","2"
"哀号哭三天","0","2","2"
"二十七天除","0","2","2"
"十七天除服","0","2","2"
"军民穿素服","0","2","2"
"从听到丧耗","0","2","2"
"听到丧耗之","0","2","2"
"到丧耗之日","0","2","2"
"丧耗之日开","0","2","2"
"耗之日开始","0","2","2"
"光禄寺准备","0","2","2"
"禄寺准备祭","0","2","2"
"朝处理政事","0","2","2"
"子以下都穿","0","2","2"
"以下都穿衰","0","2","2"
"下都穿衰服","0","2","2"
"应该祭祀的","0","2","2"
"该祭祀的神","0","2","2"
"按顺序进行","0","2","2"
"以及皇太子","0","2","2"
"有死者身份","0","2","2"
"官请灵柩升","0","2","2"
"请灵柩升上","0","2","2"
"铺有锦褥的","0","2","2"
"锦褥的位置","0","2","2"
"拜五拜三叩","0","2","2"
"请天子灵柩","0","2","2"
"执事官捧着","0","2","2"
"事官捧着灵","0","2","2"
"官捧着灵柩","0","2","2"
"捧着灵柩进","0","2","2"
"着灵柩进入","0","2","2"
"迁置祭奠礼","0","2","2"
"如同上面的","0","2","2"
"同上面的礼","0","2","2"
"上面的礼仪","0","2","2"
"以下到灵柩","0","2","2"
"入天子墓室","0","2","2"
"设置皇太子","0","2","2"
"置皇太子的","0","2","2"
"内侍捧着牌","0","2","2"
"侍捧着牌位","0","2","2"
"捧着牌位安","0","2","2"
"着牌位安放","0","2","2"
"位安放在神","0","2","2"
"放在神座上","0","2","2"
"礼赞拜四拜","0","2","2"
"偶日举行第","0","2","2"
"日举行第二","0","2","2"
"日举行第三","0","2","2"
"举行第三次","0","2","2"
"皇帝拜四拜","0","2","2"
"百官在思善","0","2","2"
"官在思善门","0","2","2"
"按礼仪行礼","0","2","2"
"时祭祀的礼","0","2","2"
"常卿上奏请","0","2","2"
"卿上奏请神","0","2","2"
"上奏请神位","0","2","2"
"奏请神位牌","0","2","2"
"神位牌下辇","0","2","2"
"位牌下辇车","0","2","2"
"着神位牌从","0","2","2"
"内侍捧着神","0","2","2"
"侍捧着神位","0","2","2"
"代每位皇帝","0","2","2"
"从宗庙左门","0","2","2"
"宗庙左门出","0","2","2"
"从殿的左门","0","2","2"
"殿的左门进","0","2","2"
"的左门进入","0","2","2"
"两周年举行","0","2","2"
"安放神位牌","0","2","2"
"除丧服的禅","0","2","2"
"陵举行祭礼","0","2","2"
"一百天以后","0","2","2"
"古代的圣明","0","2","2"
"柑祭于太庙","0","2","2"
"穿黄袍驾临","0","2","2"
"处理朝廷事","0","2","2"
"理朝廷事务","0","2","2"
"的妇女哭临","0","2","2"
"三品以上纔","0","2","2"
"年正月旦日","0","2","2"
"殿接受朝拜","0","2","2"
"戴黑翼善冠","0","2","2"
"选择日期派","0","2","2"
"穿素服朝拜","0","2","2"
"素服朝拜参","0","2","2"
"服朝拜参见","0","2","2"
"官员捧持帛","0","2","2"
"以后便成为","0","2","2"
"便成为规定","0","2","2"
"穿衰服驾临","0","2","2"
"都如同旧有","0","2","2"
"年正月癸末","0","2","2"
"正月癸末日","0","2","2"
"西没有降雪","0","2","2"
"祈求上天降","0","2","2"
"求上天降雪","0","2","2"
"从冬季至春","0","2","2"
"冬季至春季","0","2","2"
"十一年冬季","0","2","2"
"祈祷上天降","0","2","2"
"二月癸卯日","0","2","2"
"命令顺天府","0","2","2"
"令顺天府祈","0","2","2"
"大小不一致","0","2","2"
"二月壬午日","0","2","2"
"州百姓家中","0","2","2"
"百姓家中有","0","2","2"
"百姓家中母","0","2","2"
"七月丁酉日","0","2","2"
"京城发生火","0","2","2"
"蔓延燃烧到","0","2","2"
"一月癸亥日","0","2","2"
"二月癸未日","0","2","2"
"军民的住房","0","2","2"
"七月丁卯日","0","2","2"
"器库发生火","0","2","2"
"二月丙戌日","0","2","2"
"十二月己末","0","2","2"
"寺发生火灾","0","2","2"
"八月癸巳日","0","2","2"
"正月壬子日","0","2","2"
"束岳泰山庙","0","2","2"
"山庙发生火","0","2","2"
"城外发生火","0","2","2"
"外发生火灾","0","2","2"
"二月庚午日","0","2","2"
"八月辛酉日","0","2","2"
"木厂发生火","0","2","2"
"内府发生火","0","2","2"
"三月辛末日","0","2","2"
"多次发生火","0","2","2"
"次发生火灾","0","2","2"
"卫仓库发生","0","2","2"
"一月丁酉日","0","2","2"
"十二月乙末","0","2","2"
"坛发生火灾","0","2","2"
"蔓延烧毁八","0","2","2"
"延烧毁八百","0","2","2"
"烧毁八百多","0","2","2"
"七月丙寅日","0","2","2"
"器皿厂发生","0","2","2"
"皿厂发生火","0","2","2"
"全部被焚毁","0","2","2"
"朝天宫发生","0","2","2"
"天宫发生火","0","2","2"
"烧毁二百六","0","2","2"
"毁二百六十","0","2","2"
"百六十多家","0","2","2"
"七月庚戌日","0","2","2"
"四月壬辰日","0","2","2"
"八月丙午日","0","2","2"
"火灾一共发","0","2","2"
"灾一共发生","0","2","2"
"一月戊午日","0","2","2"
"县发生火灾","0","2","2"
"二月庚寅日","0","2","2"
"阳发生火灾","0","2","2"
"随后火灾发","0","2","2"
"后火灾发生","0","2","2"
"蔓延烧毁数","0","2","2"
"年三月己末","0","2","2"
"三月己末日","0","2","2"
"平民房屋一","0","2","2"
"民房屋一千","0","2","2"
"房屋全部被","0","2","2"
"五月丙子日","0","2","2"
"山发生火灾","0","2","2"
"的房屋三百","0","2","2"
"房屋三百多","0","2","2"
"屋三百多家","0","2","2"
"七月戊子日","0","2","2"
"房屋四千多","0","2","2"
"正月庚辰日","0","2","2"
"蔓延烧毁房","0","2","2"
"延烧毁房屋","0","2","2"
"焚毁房屋五","0","2","2"
"五月辛卯日","0","2","2"
"年正月己末","0","2","2"
"正月己末日","0","2","2"
"州城楼发生","0","2","2"
"城楼发生火","0","2","2"
"九月戊辰日","0","2","2"
"三月乙酉日","0","2","2"
"三月丁亥日","0","2","2"
"署发生火灾","0","2","2"
"二月乙丑日","0","2","2"
"一月壬午日","0","2","2"
"宫中发生火","0","2","2"
"八月乙丑日","0","2","2"
"军都督府发","0","2","2"
"都督府发生","0","2","2"
"督府发生火","0","2","2"
"一月辛亥日","0","2","2"
"月辛亥日晚","0","2","2"
"辛亥日晚上","0","2","2"
"万寿宫发生","0","2","2"
"三月乙亥日","0","2","2"
"十月丙申日","0","2","2"
"慈宁宫发生","0","2","2"
"三月辛酉日","0","2","2"
"二月甲辰日","0","2","2"
"全部被焚烧","0","2","2"
"被全部烧毁","0","2","2"
"州发生大火","0","2","2"
"八月己卯日","0","2","2"
"二月乙酉日","0","2","2"
"船发生火灾","0","2","2"
"五月辛巳日","0","2","2"
"人和平民死","0","2","2"
"和平民死亡","0","2","2"
"官署被焚毁","0","2","2"
"庆府发生火","0","2","2"
"四月丁丑日","0","2","2"
"月丁丑日晚","0","2","2"
"丁丑日晚上","0","2","2"
"四月戊子日","0","2","2"
"怡神殿发生","0","2","2"
"神殿发生火","0","2","2"
"隆德殿发生","0","2","2"
"德殿发生火","0","2","2"
"四月癸酉日","0","2","2"
"鸾宫发生火","0","2","2"
"三月甲辰日","0","2","2"
"五月丙申日","0","2","2"
"七月辛卯日","0","2","2"
"王恭厂发生","0","2","2"
"恭厂发生火","0","2","2"
"十月庚子日","0","2","2"
"四月乙卯日","0","2","2"
"五月乙亥日","0","2","2"
"火药局发生","0","2","2"
"药局发生火","0","2","2"
"安民厂发生","0","2","2"
"八月丁酉日","0","2","2"
"三月辛卯日","0","2","2"
"月丁卯日晚","0","2","2"
"丁卯日晚上","0","2","2"
"五月己亥日","0","2","2"
"很久纔熄灭","0","2","2"
"九月癸巳日","0","2","2"
"入平民家中","0","2","2"
"从五月到七","0","2","2"
"五月到七月","0","2","2"
"声响如雷鸣","0","2","2"
"八月己亥日","0","2","2"
"互相搏斗了","0","2","2"
"相搏斗了很","0","2","2"
"搏斗了很久","0","2","2"
"中涌出鲜血","0","2","2"
"五月戊辰日","0","2","2"
"也没有见到","0","2","2"
"家流出鲜血","0","2","2"
"七月丁丑日","0","2","2"
"四月乙丑日","0","2","2"
"去了它的自","0","2","2"
"了它的自然","0","2","2"
"燕王在苏家","0","2","2"
"王在苏家桥","0","2","2"
"在苏家桥扎","0","2","2"
"苏家桥扎营","0","2","2"
"京城久降雨","0","2","2"
"城久降雨水","0","2","2"
"刮狂风降暴","0","2","2"
"狂风降暴雨","0","2","2"
"卫也像那样","0","2","2"
"东久降雨水","0","2","2"
"五月至六月","0","2","2"
"月久降雨水","0","2","2"
"降雨损坏城","0","2","2"
"禾苗被淹没","0","2","2"
"水一丈多深","0","2","2"
"淹死二百多","0","2","2"
"死二百多人","0","2","2"
"降雨伤害禾","0","2","2"
"九门的城垣","0","2","2"
"府长久降雨","0","2","2"
"苗全部被淹","0","2","2"
"的房屋被冲","0","2","2"
"房屋被冲走","0","2","2"
"屋被冲走淹","0","2","2"
"损坏城墙和","0","2","2"
"凤阳降大雨","0","2","2"
"百姓房屋敷","0","2","2"
"连续降雨伤","0","2","2"
"续降雨伤害","0","2","2"
"阳门北城墙","0","2","2"
"坏城垣和房","0","2","2"
"城垣和房屋","0","2","2"
"深一丈五尺","0","2","2"
"季到秋季不","0","2","2"
"毁坏城垣和","0","2","2"
"人民淹死不","0","2","2"
"民淹死不计","0","2","2"
"五年五月至","0","2","2"
"年五月至七","0","2","2"
"经历五个月","0","2","2"
"月癸巳朔日","0","2","2"
"在奉天门准","0","2","2"
"奉天门准备","0","2","2"
"没有人知道","0","2","2"
"当时皇帝已","0","2","2"
"前后相接渡","0","2","2"
"后相接渡江","0","2","2"
"一个月纔停","0","2","2"
"个月纔停止","0","2","2"
"正月丁亥日","0","2","2"
"十月甲辰日","0","2","2"
"正月辛卯日","0","2","2"
"一月癸巳日","0","2","2"
"有这种怪异","0","2","2"
"十月戊辰日","0","2","2"
"五月丁卯日","0","2","2"
"四月癸巳日","0","2","2"
"不知从哪里","0","2","2"
"八月辛巳日","0","2","2"
"以听命于礼","0","2","2"
"听命于礼部","0","2","2"
"每年一定季","0","2","2"
"年一定季节","0","2","2"
"送入洗涤一","0","2","2"
"年设置太常","0","2","2"
"设置太常司","0","2","2"
"外国朝见进","0","2","2"
"考核规定的","0","2","2"
"宴请番国使","0","2","2"
"官阶从三品","0","2","2"
"登记它的毛","0","2","2"
"记它的毛色","0","2","2"
"设置群牧监","0","2","2"
"右少卿各一","0","2","2"
"少卿各一人","0","2","2"
"右寺丞各一","0","2","2"
"寺丞各一人","0","2","2"
"十一年又设","0","2","2"
"皇帝尊亲之","0","2","2"
"帝亲亲之宝","0","2","2"
"敬天勤民之","0","2","2"
"天勤民之宝","0","2","2"
"表章经史之","0","2","2"
"大明受命之","0","2","2"
"明受命之宝","0","2","2"
"巡狩天下之","0","2","2"
"讨罪安民之","0","2","2"
"敕正万民之","0","2","2"
"正万民之宝","0","2","2"
"功勋大臣外","0","2","2"
"勋大臣外戚","0","2","2"
"的夜间警卫","0","2","2"
"夜间警卫者","0","2","2"
"铜牌的标识","0","2","2"
"的标识五种","0","2","2"
"官阶正七品","0","2","2"
"都给事中一","0","2","2"
"罪囚的数目","0","2","2"
"人为给事中","0","2","2"
"给事中二人","0","2","2"
"设在午门外","0","2","2"
"有的类编号","0","2","2"
"的类编号称","0","2","2"
"类编号称为","0","2","2"
"凡是大型朝","0","2","2"
"职掌书写办","0","2","2"
"掌书写办理","0","2","2"
"洪武七年开","0","2","2"
"武七年开始","0","2","2"
"七年开始设","0","2","2"
"隶属中书省","0","2","2"
"官员复审死","0","2","2"
"员复审死刑","0","2","2"
"复审死刑案","0","2","2"
"节传达圣旨","0","2","2"
"设置行人司","0","2","2"
"后来革除五","0","2","2"
"来革除五人","0","2","2"
"礼部颁布施","0","2","2"
"部颁布施行","0","2","2"
"设置定时鼓","0","2","2"
"的分秒时刻","0","2","2"
"天文的变化","0","2","2"
"早晨黄昏的","0","2","2"
"来教导他们","0","2","2"
"一个容器的","0","2","2"
"个容器的药","0","2","2"
"奉圣旨派遣","0","2","2"
"文武大臣以","0","2","2"
"武大臣以及","0","2","2"
"右监丞各一","0","2","2"
"监丞各一人","0","2","2"
"百姓的疾苦","0","2","2"
"举行乡饮酒","0","2","2"
"举行耕藉礼","0","2","2"
"都为从九品","0","2","2"
"驾驭他们的","0","2","2"
"驭他们的办","0","2","2"
"此定下制度","0","2","2"
"各部门不得","0","2","2"
"到洪熙元年","0","2","2"
"沿袭不改变","0","2","2"
"有一个地方","0","2","2"
"朝廷内外称","0","2","2"
"十三年开始","0","2","2"
"与其它五部","0","2","2"
"其它五部相","0","2","2"
"它五部相比","0","2","2"
"分别掌管南","0","2","2"
"别掌管南京","0","2","2"
"三十七年革","0","2","2"
"十七年革除","0","2","2"
"隆庆四年革","0","2","2"
"庆四年革除","0","2","2"
"都御史担任","0","2","2"
"检校各一人","0","2","2"
"六科都给事","0","2","2"
"如同永乐年","0","2","2"
"如同都转运","0","2","2"
"逐渐增加到","0","2","2"
"又洪武年间","0","2","2"
"三个市舶司","0","2","2"
"三个茶马司","0","2","2"
"有专门的官","0","2","2"
"专门的官员","0","2","2"
"二十万石以","0","2","2"
"品级从三品","0","2","2"
"石以下为中","0","2","2"
"石以下马下","0","2","2"
"总计天下的","0","2","2"
"百五十九个","0","2","2"
"三万石以下","0","2","2"
"都为正七品","0","2","2"
"征召天下贤","0","2","2"
"召天下贤才","0","2","2"
"员没有固定","0","2","2"
"没有入流品","0","2","2"
"年开始设置","0","2","2"
"太祖因为这","0","2","2"
"祖因为这样","0","2","2"
"于是命兵部","0","2","2"
"设置宝钞提","0","2","2"
"等同钱一千","0","2","2"
"同钱一千文","0","2","2"
"不准用金银","0","2","2"
"设置行用库","0","2","2"
"模糊破烂的","0","2","2"
"天下主管官","0","2","2"
"主管官吏的","0","2","2"
"钱一百六十","0","2","2"
"第二年罢除","0","2","2"
"御史陈瑛说","0","2","2"
"皇帝听从其","0","2","2"
"帝听从其议","0","2","2"
"按税率征收","0","2","2"
"夏原吉请求","0","2","2"
"到宣德初年","0","2","2"
"进行交易的","0","2","2"
"行交易的禁","0","2","2"
"交易的禁令","0","2","2"
"滞留不流通","0","2","2"
"用银进行交","0","2","2"
"银进行交易","0","2","2"
"又申明禁令","0","2","2"
"开局铸造钱","0","2","2"
"自从弘治年","0","2","2"
"从弘治年间","0","2","2"
"纳入承运库","0","2","2"
"照成化年间","0","2","2"
"以十分作为","0","2","2"
"十分作为标","0","2","2"
"分作为标准","0","2","2"
"私自铸钱的","0","2","2"
"每文重一钱","0","2","2"
"是调发内库","0","2","2"
"十文当银一","0","2","2"
"全部以七文","0","2","2"
"的人遍地都","0","2","2"
"人遍地都是","0","2","2"
"的人认为是","0","2","2"
"御史何廷钮","0","2","2"
"听凭人民的","0","2","2"
"凭人民的方","0","2","2"
"从户部的议","0","2","2"
"户部的议论","0","2","2"
"后征收赋税","0","2","2"
"谭纶上奏说","0","2","2"
"使人民富裕","0","2","2"
"于是征收税","0","2","2"
"火黄铜铸造","0","2","2"
"获得利润银","0","2","2"
"万六千两有","0","2","2"
"六千两有余","0","2","2"
"派遣官吏到","0","2","2"
"收聚古钱以","0","2","2"
"每年赋税都","0","2","2"
"增加到三万","0","2","2"
"武时期的旧","0","2","2"
"人又请求开","0","2","2"
"命令侍郎王","0","2","2"
"银二万余两","0","2","2"
"很久纔安定","0","2","2"
"盗矿的人很","0","2","2"
"矿的人很多","0","2","2"
"万三千有余","0","2","2"
"每年役使民","0","2","2"
"书方钝等人","0","2","2"
"人请求命令","0","2","2"
"河南巡抚巡","0","2","2"
"南巡抚巡按","0","2","2"
"开矿的利益","0","2","2"
"到现在还不","0","2","2"
"天下的力量","0","2","2"
"也不能挽救","0","2","2"
"有识之士认","0","2","2"
"识之士认为","0","2","2"
"官吏王允道","0","2","2"
"给事中张文","0","2","2"
"认为不应该","0","2","2"
"循旧有制度","0","2","2"
"不在集市上","0","2","2"
"主管部门有","0","2","2"
"各府州县的","0","2","2"
"由主管部门","0","2","2"
"皇帝听说后","0","2","2"
"国子生以及","0","2","2"
"到五百石的","0","2","2"
"训谕户部说","0","2","2"
"嫁娶丧葬祭","0","2","2"
"娶丧葬祭祀","0","2","2"
"因钞法不流","0","2","2"
"比旧时增加","0","2","2"
"那些倚仗权","0","2","2"
"卖子女交纳","0","2","2"
"的旧有数额","0","2","2"
"商人和平民","0","2","2"
"成为固定的","0","2","2"
"皇帝在内宫","0","2","2"
"十七年以后","0","2","2"
"六万六千多","0","2","2"
"由司法机关","0","2","2"
"法机关治罪","0","2","2"
"部尚书毕自","0","2","2"
"尚书毕自严","0","2","2"
"征收芜湖税","0","2","2"
"更加困窘了","0","2","2"
"法律禁令无","0","2","2"
"价值不按时","0","2","2"
"倭寇大肆劫","0","2","2"
"寇大肆劫掠","0","2","2"
"一处在开原","0","2","2"
"把汉那吉来","0","2","2"
"供给边防军","0","2","2"
"管理财政的","0","2","2"
"诏令天下编","0","2","2"
"令天下编制","0","2","2"
"以一百一十","0","2","2"
"一百一十户","0","2","2"
"百一十户为","0","2","2"
"一十户为一","0","2","2"
"十户为一里","0","2","2"
"按人口交纳","0","2","2"
"人口交纳粮","0","2","2"
"口交纳粮食","0","2","2"
"以按人口交","0","2","2"
"交纳粮食的","0","2","2"
"粮食的多少","0","2","2"
"鳏寡孤独不","0","2","2"
"科给事中一","0","2","2"
"赐免除赋税","0","2","2"
"所交纳的粮","0","2","2"
"千八百多户","0","2","2"
"二千八百多","0","2","2"
"迁徙江南人","0","2","2"
"国各府州县","0","2","2"
"官府主管部","0","2","2"
"太祖制定法","0","2","2"
"祖制定法律","0","2","2"
"制定法律的","0","2","2"
"增加减少不","0","2","2"
"加减少不一","0","2","2"
"百一十二人","0","2","2"
"与群臣讨论","0","2","2"
"赐予或请求","0","2","2"
"等一百六十","0","2","2"
"一百六十四","0","2","2"
"又命令户部","0","2","2"
"赋税徭役之","0","2","2"
"税徭役之法","0","2","2"
"田产已去而","0","2","2"
"中书省上报","0","2","2"
"下开垦田地","0","2","2"
"多的达到二","0","2","2"
"开垦的荒地","0","2","2"
"地永远不计","0","2","2"
"永远不计亩","0","2","2"
"远不计亩收","0","2","2"
"不计亩收税","0","2","2"
"七干六百二","0","2","2"
"干六百二十","0","2","2"
"官田与民田","0","2","2"
"请求丈量土","0","2","2"
"求丈量土地","0","2","2"
"七百零一万","0","2","2"
"百零一万三","0","2","2"
"零一万三千","0","2","2"
"山西以及直","0","2","2"
"西以及直隶","0","2","2"
"给耕牛种子","0","2","2"
"的收税十分","0","2","2"
"收税十分之","0","2","2"
"人民屯田于","0","2","2"
"天下的卫所","0","2","2"
"都由主管官","0","2","2"
"主管官吏统","0","2","2"
"管官吏统领","0","2","2"
"皇帝命令重","0","2","2"
"人力和耕牛","0","2","2"
"达到十分之","0","2","2"
"四万六千多","0","2","2"
"万六千多石","0","2","2"
"米价一石值","0","2","2"
"价一石值银","0","2","2"
"一石值银五","0","2","2"
"石值银五两","0","2","2"
"中管怀理说","0","2","2"
"而达到极点","0","2","2"
"每亩收税一","0","2","2"
"四万四千多","0","2","2"
"比洪武时期","0","2","2"
"考试骑马射","0","2","2"
"的最大祸害","0","2","2"
"丞相以下的","0","2","2"
"庄田的佃户","0","2","2"
"的田地作为","0","2","2"
"令给事中夏","0","2","2"
"银两解送到","0","2","2"
"都命令主管","0","2","2"
"的制度稍微","0","2","2"
"明朝中期以","0","2","2"
"朝中期以后","0","2","2"
"往北流入海","0","2","2"
"一支汇合于","0","2","2"
"害特别严重","0","2","2"
"汇于淮河流","0","2","2"
"决堤于原武","0","2","2"
"派遣官吏堵","0","2","2"
"遣官吏堵塞","0","2","2"
"堵塞黄河决","0","2","2"
"塞黄河决口","0","2","2"
"决堤于归德","0","2","2"
"又决堤于阳","0","2","2"
"阳武黄河溃","0","2","2"
"开通会通河","0","2","2"
"集民工十万","0","2","2"
"往南流入淮","0","2","2"
"漕运之道畅","0","2","2"
"运之道畅通","0","2","2"
"从涡河流入","0","2","2"
"堤岸多次溃","0","2","2"
"岸多次溃决","0","2","2"
"请求疏通其","0","2","2"
"泛滥于开封","0","2","2"
"开封十个州","0","2","2"
"封十个州县","0","2","2"
"侍郎王永和","0","2","2"
"疏通黑洋山","0","2","2"
"水回到漕河","0","2","2"
"出于徐州以","0","2","2"
"于徐州以南","0","2","2"
"使漕运河道","0","2","2"
"随即疏通随","0","2","2"
"即疏通随即","0","2","2"
"南流入运河","0","2","2"
"是用人力可","0","2","2"
"用人力可以","0","2","2"
"人力可以治","0","2","2"
"力可以治理","0","2","2"
"可以治理的","0","2","2"
"石璞前去治","0","2","2"
"璞前去治理","0","2","2"
"还是像原来","0","2","2"
"像原来那样","0","2","2"
"以增加运河","0","2","2"
"又决堤于沙","0","2","2"
"决堤于沙湾","0","2","2"
"堤于沙湾北","0","2","2"
"于沙湾北岸","0","2","2"
"牵掣运河水","0","2","2"
"近黄河的地","0","2","2"
"督促主管部","0","2","2"
"促主管部门","0","2","2"
"主管部门修","0","2","2"
"管部门修筑","0","2","2"
"工部侍郎趟","0","2","2"
"河水流入盐","0","2","2"
"水流入盐河","0","2","2"
"谕德徐有贞","0","2","2"
"德徐有贞为","0","2","2"
"为愈都御史","0","2","2"
"县治以避洪","0","2","2"
"治以避洪水","0","2","2"
"南流入淮河","0","2","2"
"一条从新乡","0","2","2"
"条从新乡八","0","2","2"
"从新乡八柳","0","2","2"
"准许他的奏","0","2","2"
"许他的奏请","0","2","2"
"也依从他的","0","2","2"
"水的人很多","0","2","2"
"置水闸门的","0","2","2"
"水闸门的办","0","2","2"
"闸门的办法","0","2","2"
"不是好的办","0","2","2"
"是好的办法","0","2","2"
"黄河水势大","0","2","2"
"诏令徐有贞","0","2","2"
"依照他的主","0","2","2"
"照他的主张","0","2","2"
"平坦宽广之","0","2","2"
"汶入海的水","0","2","2"
"入海的水道","0","2","2"
"里到寿张的","0","2","2"
"到寿张的沙","0","2","2"
"也汇合于黄","0","2","2"
"向北到临清","0","2","2"
"黄河造成的","0","2","2"
"造成的祸患","0","2","2"
"河决堤于汴","0","2","2"
"决堤于汴梁","0","2","2"
"死不计其数","0","2","2"
"侍郎薛远前","0","2","2"
"水浅不畅通","0","2","2"
"然而还不至","0","2","2"
"而还不至于","0","2","2"
"长久的办法","0","2","2"
"引导漫流之","0","2","2"
"导漫流之水","0","2","2"
"论这事的人","0","2","2"
"人极力请求","0","2","2"
"岸的十分之","0","2","2"
"的十分之七","0","2","2"
"岸决口的河","0","2","2"
"决口的河水","0","2","2"
"合为一大支","0","2","2"
"为一大支流","0","2","2"
"向下流到徐","0","2","2"
"狭窄不能容","0","2","2"
"窄不能容纳","0","2","2"
"黄河水出于","0","2","2"
"的黄河决口","0","2","2"
"荣泽孙家渡","0","2","2"
"都流入运河","0","2","2"
"上游的水势","0","2","2"
"黄河决堤而","0","2","2"
"从淮河入海","0","2","2"
"张秋就没有","0","2","2"
"河水流湍急","0","2","2"
"宽九十余丈","0","2","2"
"以减缓水势","0","2","2"
"通孙家渡口","0","2","2"
"另外开凿新","0","2","2"
"外开凿新河","0","2","2"
"决口完全堵","0","2","2"
"口完全堵塞","0","2","2"
"派遣使者携","0","2","2"
"遣使者携带","0","2","2"
"临清到天津","0","2","2"
"道已经畅通","0","2","2"
"依照他们的","0","2","2"
"黄陵冈上游","0","2","2"
"四百三十余","0","2","2"
"河水又回到","0","2","2"
"汇合于淮水","0","2","2"
"向南流的故","0","2","2"
"南流的故道","0","2","2"
"河口工程完","0","2","2"
"从宿迁小河","0","2","2"
"德到徐州小","0","2","2"
"黄河从归德","0","2","2"
"河从归德以","0","2","2"
"入徐以济漕","0","2","2"
"从丁家道口","0","2","2"
"武陟木乐店","0","2","2"
"另外开凿一","0","2","2"
"外开凿一渠","0","2","2"
"家道口流入","0","2","2"
"黄河溃决堤","0","2","2"
"淤塞三十余","0","2","2"
"塞三十余里","0","2","2"
"工部回复依","0","2","2"
"修筑丁家口","0","2","2"
"筑丁家口上","0","2","2"
"直达徐州小","0","2","2"
"达徐州小浮","0","2","2"
"经过黄陵冈","0","2","2"
"到黄河决堤","0","2","2"
"往北改道三","0","2","2"
"北改道三百","0","2","2"
"改道三百里","0","2","2"
"又往北改道","0","2","2"
"道一百二十","0","2","2"
"到沛县飞云","0","2","2"
"主张没有确","0","2","2"
"张没有确定","0","2","2"
"奉命治理黄","0","2","2"
"命治理黄河","0","2","2"
"又疏通贾鲁","0","2","2"
"并且修筑长","0","2","2"
"是黄河故道","0","2","2"
"水利工程的","0","2","2"
"人共同商议","0","2","2"
"一边疏浚一","0","2","2"
"河改道向北","0","2","2"
"人专门治理","0","2","2"
"地方官吏的","0","2","2"
"派遣重要大","0","2","2"
"遣重要大臣","0","2","2"
"黄河改道不","0","2","2"
"任愈都御史","0","2","2"
"都御史治理","0","2","2"
"河道一天天","0","2","2"
"黄河流入淮","0","2","2"
"流入淮河之","0","2","2"
"直达文家集","0","2","2"
"水患也解除","0","2","2"
"患也解除了","0","2","2"
"全都下发到","0","2","2"
"都下发到工","0","2","2"
"下发到工部","0","2","2"
"通贾鲁河故","0","2","2"
"大难以完成","0","2","2"
"于飞云桥的","0","2","2"
"淤塞数十里","0","2","2"
"疏浚而使其","0","2","2"
"浚而使其畅","0","2","2"
"而使其畅通","0","2","2"
"让皇帝知道","0","2","2"
"受阻不能前","0","2","2"
"献上治河的","0","2","2"
"治河的主张","0","2","2"
"水注入卫河","0","2","2"
"河到达京城","0","2","2"
"引黄河注入","0","2","2"
"黄河注入卫","0","2","2"
"河注入卫河","0","2","2"
"一道出于汴","0","2","2"
"道出于汴城","0","2","2"
"寿州流入淮","0","2","2"
"的紧急事务","0","2","2"
"为漕运河道","0","2","2"
"湖作为河水","0","2","2"
"黄河流入运","0","2","2"
"河流入运河","0","2","2"
"流入运河的","0","2","2"
"世宁的办法","0","2","2"
"在昭阳湖束","0","2","2"
"派遣官吏疏","0","2","2"
"遣官吏疏通","0","2","2"
"令河南巡抚","0","2","2"
"从他的奏请","0","2","2"
"一从胡村寺","0","2","2"
"口到小浮桥","0","2","2"
"不造成灾害","0","2","2"
"出于徐州小","0","2","2"
"于徐州小浮","0","2","2"
"整个黄河向","0","2","2"
"黄河的决口","0","2","2"
"比这更大的","0","2","2"
"南面的运河","0","2","2"
"应当挖深挖","0","2","2"
"当挖深挖宽","0","2","2"
"挖深挖宽河","0","2","2"
"深挖宽河道","0","2","2"
"口修筑长堤","0","2","2"
"也不能说没","0","2","2"
"鲁桥到沛县","0","2","2"
"桥到沛县束","0","2","2"
"水流入漕河","0","2","2"
"不与水争地","0","2","2"
"不敢轻率行","0","2","2"
"势已经不是","0","2","2"
"应当大力疏","0","2","2"
"当大力疏通","0","2","2"
"疏通山东诸","0","2","2"
"通山东诸泉","0","2","2"
"口又被淤塞","0","2","2"
"今黄河已经","0","2","2"
"刘天和的计","0","2","2"
"天和的计策","0","2","2"
"已经改道向","0","2","2"
"经改道向南","0","2","2"
"的地方只能","0","2","2"
"御史周金说","0","2","2"
"年老的人都","0","2","2"
"老的人都说","0","2","2"
"淮已经汇合","0","2","2"
"建立闸门以","0","2","2"
"流入旧黄河","0","2","2"
"侍郎王以旃","0","2","2"
"黄河改道南","0","2","2"
"河改道南流","0","2","2"
"决口全部堵","0","2","2"
"口全部堵塞","0","2","2"
"到丁家道口","0","2","2"
"且修筑长堤","0","2","2"
"很久纔恢复","0","2","2"
"的州县多有","0","2","2"
"多开通支河","0","2","2"
"黄河流入大","0","2","2"
"请赶快修筑","0","2","2"
"河工程竣工","0","2","2"
"流出汇合于","0","2","2"
"新集到小浮","0","2","2"
"集到小浮桥","0","2","2"
"到小浮桥故","0","2","2"
"识的人知道","0","2","2"
"一定会淤塞","0","2","2"
"到四十四年","0","2","2"
"部尚书兼管","0","2","2"
"科给事中何","0","2","2"
"而潘季驯则","0","2","2"
"道难以恢复","0","2","2"
"难以恢复的","0","2","2"
"成巨大的湖","0","2","2"
"朱衡的计策","0","2","2"
"恢复故道的","0","2","2"
"复故道的主","0","2","2"
"故道的主张","0","2","2"
"长堤以防止","0","2","2"
"百四十余里","0","2","2"
"纷纷上奏请","0","2","2"
"纷上奏请求","0","2","2"
"请求罢免朱","0","2","2"
"求罢免朱衡","0","2","2"
"全都遭受其","0","2","2"
"这就是后来","0","2","2"
"就是后来所","0","2","2"
"是后来所说","0","2","2"
"后来所说的","0","2","2"
"所说的洳河","0","2","2"
"黄河水突然","0","2","2"
"茶城又淤塞","0","2","2"
"水突然泛滥","0","2","2"
"从泰山庙到","0","2","2"
"泰山庙到七","0","2","2"
"山庙到七里","0","2","2"
"庙到七里沟","0","2","2"
"淤塞十余里","0","2","2"
"家沟旁流出","0","2","2"
"到清河县河","0","2","2"
"翁大立又说","0","2","2"
"开通新庄闸","0","2","2"
"返回的船只","0","2","2"
"复陈管故道","0","2","2"
"可以无忧虑","0","2","2"
"黄河在睢宁","0","2","2"
"疏通古睢河","0","2","2"
"淤塞一百八","0","2","2"
"塞一百八十","0","2","2"
"减缓黄河水","0","2","2"
"缓黄河水流","0","2","2"
"舍弃故道而","0","2","2"
"主张堵塞决","0","2","2"
"张堵塞决口","0","2","2"
"把开通洳口","0","2","2"
"令尚书朱衡","0","2","2"
"河治理工程","0","2","2"
"治理洳河的","0","2","2"
"多种方法来","0","2","2"
"应当用多种","0","2","2"
"当用多种方","0","2","2"
"可以用人力","0","2","2"
"十分之七八","0","2","2"
"怎么可以用","0","2","2"
"在两岸筑堤","0","2","2"
"成为永久的","0","2","2"
"永久的依靠","0","2","2"
"不值得忧虑","0","2","2"
"使泥沙淤积","0","2","2"
"河水倒流入","0","2","2"
"时加以疏通","0","2","2"
"辅佐太祖平","0","2","2"
"佐太祖平定","0","2","2"
"跟随成祖起","0","2","2"
"随成祖起兵","0","2","2"
"代理宗人府","0","2","2"
"理宗人府事","0","2","2"
"掌管军队的","0","2","2"
"有关部门总","0","2","2"
"制朝廷内外","0","2","2"
"不隶属五府","0","2","2"
"以中军都督","0","2","2"
"都事各一人","0","2","2"
"除去行在字","0","2","2"
"正统六年又","0","2","2"
"西两个官厅","0","2","2"
"永乐年间设","0","2","2"
"隶属五都督","0","2","2"
"属五都督府","0","2","2"
"属都督府的","0","2","2"
"设置帐前总","0","2","2"
"为金吾侍卫","0","2","2"
"为留守卫指","0","2","2"
"为亲军指挥","0","2","2"
"共一千五百","0","2","2"
"一千五百零","0","2","2"
"千五百零七","0","2","2"
"五百零七人","0","2","2"
"法部门审理","0","2","2"
"专门审理钦","0","2","2"
"腾壤等四卫","0","2","2"
"成祖初年恢","0","2","2"
"祖初年恢复","0","2","2"
"初年恢复旧","0","2","2"
"一城一堡的","0","2","2"
"东路右参将","0","2","2"
"西路左参将","0","2","2"
"二年恢复设","0","2","2"
"四十二年改","0","2","2"
"太祖建都金","0","2","2"
"祖建都金陵","0","2","2"
"运互相参用","0","2","2"
"当时皇帝多","0","2","2"
"山东的粮食","0","2","2"
"浙江人民运","0","2","2"
"江人民运粮","0","2","2"
"民运粮到淮","0","2","2"
"三百多万石","0","2","2"
"人民交纳的","0","2","2"
"民交纳的粮","0","2","2"
"恢复支运法","0","2","2"
"人民运粮二","0","2","2"
"的粮食运往","0","2","2"
"命令人民运","0","2","2"
"民运到淮安","0","2","2"
"军队与人民","0","2","2"
"存贮十分之","0","2","2"
"占十分之二","0","2","2"
"兑运法施行","0","2","2"
"额外的聚敛","0","2","2"
"可以知道了","0","2","2"
"没有固定额","0","2","2"
"军士的困苦","0","2","2"
"年供应的数","0","2","2"
"费用节省而","0","2","2"
"依从户部的","0","2","2"
"在附近州县","0","2","2"
"一百九十万","0","2","2"
"本来是用以","0","2","2"
"四万五千多","0","2","2"
"趟世卿争辩","0","2","2"
"每年的供给","0","2","2"
"口进入水闸","0","2","2"
"进入水闸门","0","2","2"
"每年八月到","0","2","2"
"年八月到京","0","2","2"
"以优待照顾","0","2","2"
"宗时期开始","0","2","2"
"每年达到十","0","2","2"
"一天天滋长","0","2","2"
"更加不可追","0","2","2"
"一定的数额","0","2","2"
"命令天下府","0","2","2"
"等到会通河","0","2","2"
"的武官二人","0","2","2"
"年更换一次","0","2","2"
"廷臣集体商","0","2","2"
"臣集体商议","0","2","2"
"有粮仓的把","0","2","2"
"粮仓的把卫","0","2","2"
"仓的把卫所","0","2","2"
"的把卫所的","0","2","2"
"把卫所的粮","0","2","2"
"卫所的粮仓","0","2","2"
"沿海的卫所","0","2","2"
"紧急情况便","0","2","2"
"便上奏请求","0","2","2"
"奏请求留用","0","2","2"
"恢复预备仓","0","2","2"
"主管官吏设","0","2","2"
"的一人为社","0","2","2"
"逢初一和十","0","2","2"
"初一和十五","0","2","2"
"曾经在京城","0","2","2"
"及各府州县","0","2","2"
"运送到南京","0","2","2"
"两纳入内库","0","2","2"
"二百万两有","0","2","2"
"几乎被全部","0","2","2"
"给事中巡视","0","2","2"
"支出的数目","0","2","2"
"交纳的赋税","0","2","2"
"开始设置总","0","2","2"
"始设置总督","0","2","2"
"从给事中管","0","2","2"
"各盐运提举","0","2","2"
"各布政司的","0","2","2"
"御史分别巡","0","2","2"
"史分别巡行","0","2","2"
"一天天消耗","0","2","2"
"凡是内外官","0","2","2"
"总共一百二","0","2","2"
"共一百二十","0","2","2"
"万八千多斤","0","2","2"
"的四分之一","0","2","2"
"尚书姚夔说","0","2","2"
"统年间的规","0","2","2"
"以此作为常","0","2","2"
"此作为常规","0","2","2"
"于是招来商","0","2","2"
"是招来商人","0","2","2"
"哪里用得着","0","2","2"
"户部的意见","0","2","2"
"弘治年问的","0","2","2"
"只有十五万","0","2","2"
"苏解人民的","0","2","2"
"能得到一个","0","2","2"
"开始命令在","0","2","2"
"以巨万来计","0","2","2"
"巨万来计算","0","2","2"
"请求全部罢","0","2","2"
"正德时期的","0","2","2"
"的十分之九","0","2","2"
"国库储藏已","0","2","2"
"库储藏已经","0","2","2"
"增加到四千","0","2","2"
"加损耗十分","0","2","2"
"损耗十分之","0","2","2"
"可以比照商","0","2","2"
"用严酷的刑","0","2","2"
"严酷的刑法","0","2","2"
"四川采办木","0","2","2"
"川采办木材","0","2","2"
"又命令侍郎","0","2","2"
"贵州采办木","0","2","2"
"州采办木材","0","2","2"
"九百三十多","0","2","2"
"达到二十五","0","2","2"
"给事中王希","0","2","2"
"无辜的人民","0","2","2"
"给事中包见","0","2","2"
"中包见捷竭","0","2","2"
"包见捷竭力","0","2","2"
"一万七千余","0","2","2"
"不久又派遣","0","2","2"
"又命令浙江","0","2","2"
"万四千有余","0","2","2"
"的弊端一天","0","2","2"
"弊端一天天","0","2","2"
"随后又增加","0","2","2"
"国家的经常","0","2","2"
"受封的那一","0","2","2"
"出就藩封在","0","2","2"
"亲近亲人的","0","2","2"
"从弘治年问","0","2","2"
"不能自我生","0","2","2"
"能自我生存","0","2","2"
"应该命令大","0","2","2"
"该命令大臣","0","2","2"
"百官的俸禄","0","2","2"
"从洪武初年","0","2","2"
"十五年重新","0","2","2"
"五年重新制","0","2","2"
"的支付米十","0","2","2"
"支付米十分","0","2","2"
"付米十分之","0","2","2"
"到二十五贯","0","2","2"
"俸禄的菲薄","0","2","2"
"增加到二十","0","2","2"
"是货币布帛","0","2","2"
"后来增加到","0","2","2"
"文武官吏的","0","2","2"
"武官吏的俸","0","2","2"
"其余全部相","0","2","2"
"余全部相同","0","2","2"
"免死充军的","0","2","2"
"到京城操练","0","2","2"
"军队的历年","0","2","2"
"队的历年常","0","2","2"
"的历年常规","0","2","2"
"官吏俸禄粮","0","2","2"
"目也一天天","0","2","2"
"也一天天增","0","2","2"
"收入和支出","0","2","2"
"征收米麦四","0","2","2"
"收米麦四百","0","2","2"
"万七千余石","0","2","2"
"征收米二千","0","2","2"
"二万九千余","0","2","2"
"和民田总计","0","2","2"
"千九百余锭","0","2","2"
"余的全部存","0","2","2"
"的全部存留","0","2","2"
"二十万六干","0","2","2"
"十万六干余","0","2","2"
"一千三百三","0","2","2"
"年收入的数","0","2","2"
"一万二千余","0","2","2"
"五万六干余","0","2","2"
"禄米折合银","0","2","2"
"二万六千余","0","2","2"
"折合银六万","0","2","2"
"银六万三干","0","2","2"
"六万三干余","0","2","2"
"万八干余两","0","2","2"
"银一万八千","0","2","2"
"一万九千余","0","2","2"
"一万八干余","0","2","2"
"四万四千余","0","2","2"
"的不详细记","0","2","2"
"为本色的米","0","2","2"
"万六千余石","0","2","2"
"作为折色的","0","2","2"
"为折色的银","0","2","2"
"冬衣折合布","0","2","2"
"衣折合布银","0","2","2"
"四万三千余","0","2","2"
"折合银五万","0","2","2"
"合银五万余","0","2","2"
"布帛银二万","0","2","2"
"二万二千余","0","2","2"
"万二千余雨","0","2","2"
"历年规定银","0","2","2"
"年规定银十","0","2","2"
"耕牛农具银","0","2","2"
"币布帛银四","0","2","2"
"屯田以及民","0","2","2"
"田以及民运","0","2","2"
"六万九千余","0","2","2"
"布帛银一千","0","2","2"
"帛银一千余","0","2","2"
"亩银一千余","0","2","2"
"九万七干余","0","2","2"
"万七干余石","0","2","2"
"币布帛银十","0","2","2"
"常规银三十","0","2","2"
"常规银二万","0","2","2"
"屯田和民运","0","2","2"
"田和民运草","0","2","2"
"和民运草料","0","2","2"
"八十三万余","0","2","2"
"折合草料银","0","2","2"
"货币布帛粮","0","2","2"
"币布帛粮料","0","2","2"
"布帛粮料草","0","2","2"
"七万九千余","0","2","2"
"万九干余两","0","2","2"
"年常规银十","0","2","2"
"漕运粮五万","0","2","2"
"运粮五万石","0","2","2"
"规银二十万","0","2","2"
"十万六千余","0","2","2"
"银四千余两","0","2","2"
"银三千余两","0","2","2"
"一万一千余","0","2","2"
"有批验所二","0","2","2"
"千一百余引","0","2","2"
"束所管辖的","0","2","2"
"交纳太仓银","0","2","2"
"改为食用灵","0","2","2"
"为食用灵州","0","2","2"
"三万六千多","0","2","2"
"所管辖盐场","0","2","2"
"管辖盐场十","0","2","2"
"千八百余引","0","2","2"
"来商人换取","0","2","2"
"由日晒获得","0","2","2"
"仓交纳米一","0","2","2"
"存底的簿册","0","2","2"
"交纳米以换","0","2","2"
"纳米以换盐","0","2","2"
"又招来商人","0","2","2"
"纳钞换盐的","0","2","2"
"的粮饷不能","0","2","2"
"以粮换盐的","0","2","2"
"请求重新制","0","2","2"
"求重新制定","0","2","2"
"换盐的很少","0","2","2"
"帝都听从其","0","2","2"
"上等马一匹","0","2","2"
"上等马换盐","0","2","2"
"中等马减少","0","2","2"
"等马减少五","0","2","2"
"马减少五引","0","2","2"
"盐占十分之","0","2","2"
"可以耕种的","0","2","2"
"以耕种的土","0","2","2"
"盐每引二贯","0","2","2"
"请求在每年","0","2","2"
"求在每年的","0","2","2"
"守候支付的","0","2","2"
"来商人输纳","0","2","2"
"粮食以换盐","0","2","2"
"增加到六分","0","2","2"
"边防以换盐","0","2","2"
"这样做便是","0","2","2"
"家和私人都","0","2","2"
"交纳粮食以","0","2","2"
"粮换盐贩卖","0","2","2"
"盐法的败坏","0","2","2"
"严厉的法律","0","2","2"
"取存积盐的","0","2","2"
"存积盐的人","0","2","2"
"还是不能满","0","2","2"
"是不能满足","0","2","2"
"不能满足供","0","2","2"
"能满足供应","0","2","2"
"洪武初年的","0","2","2"
"武初年的制","0","2","2"
"初年的制度","0","2","2"
"各边防纳粮","0","2","2"
"边防纳粮换","0","2","2"
"防纳粮换盐","0","2","2"
"供给各边防","0","2","2"
"人分道清理","0","2","2"
"士刘健等人","0","2","2"
"而赋税征收","0","2","2"
"筹建的军队","0","2","2"
"不是国家大","0","2","2"
"是国家大事","0","2","2"
"臣上奏请求","0","2","2"
"商人的盐引","0","2","2"
"宦官的意图","0","2","2"
"么比这更严","0","2","2"
"是军事要地","0","2","2"
"换宣府盐贩","0","2","2"
"宣府盐贩卖","0","2","2"
"等人请求以","0","2","2"
"六分的制度","0","2","2"
"到嘉靖时期","0","2","2"
"粮食换盐贩","0","2","2"
"食换盐贩卖","0","2","2"
"交纳银一两","0","2","2"
"商人和灶丁","0","2","2"
"人和灶丁都","0","2","2"
"而不是用来","0","2","2"
"熬盐的工本","0","2","2"
"盐的工本费","0","2","2"
"又听从其请","0","2","2"
"因为国家的","0","2","2"
"为国家的经","0","2","2"
"国家的经济","0","2","2"
"没有空过一","0","2","2"
"有空过一天","0","2","2"
"年不能支取","0","2","2"
"内地商人守","0","2","2"
"申请支取河","0","2","2"
"请支取河盐","0","2","2"
"边地商人的","0","2","2"
"银一百二十","0","2","2"
"到一百四十","0","2","2"
"盐引一天天","0","2","2"
"汝入官府的","0","2","2"
"开换存积盐","0","2","2"
"户部尚书趟","0","2","2"
"部尚书趟世","0","2","2"
"尚书趟世卿","0","2","2"
"多得无法计","0","2","2"
"得无法计算","0","2","2"
"评论的人把","0","2","2"
"人口交纳银","0","2","2"
"口交纳银钞","0","2","2"
"文武官员不","0","2","2"
"再命令御史","0","2","2"
"命令御史管","0","2","2"
"令御史管理","0","2","2"
"御史管理盐","0","2","2"
"都御史朱与","0","2","2"
"御史朱与言","0","2","2"
"便命令御史","0","2","2"
"监察执行法","0","2","2"
"察执行法纪","0","2","2"
"执行法纪的","0","2","2"
"便是愈都御","0","2","2"
"是愈都御史","0","2","2"
"便是副都御","0","2","2"
"权力尤其重","0","2","2"
"三十分之一","0","2","2"
"取十分之八","0","2","2"
"州设置茶马","0","2","2"
"设置茶马司","0","2","2"
"确定赋税额","0","2","2"
"听凭人民采","0","2","2"
"凭人民采摘","0","2","2"
"茶交换马匹","0","2","2"
"不给予金牌","0","2","2"
"派遣外交官","0","2","2"
"年命令御史","0","2","2"
"陕西巡视茶","0","2","2"
"不超过一百","0","2","2"
"纳粮换茶的","0","2","2"
"可以得到马","0","2","2"
"以得到马一","0","2","2"
"得到马一万","0","2","2"
"巡茶御史兼","0","2","2"
"茶御史兼管","0","2","2"
"以控制番人","0","2","2"
"他们不能食","0","2","2"
"们不能食用","0","2","2"
"以储备军饷","0","2","2"
"交换马匹之","0","2","2"
"换马匹之外","0","2","2"
"多交粮换茶","0","2","2"
"纳粮换茶一","0","2","2"
"粮换茶一百","0","2","2"
"换茶一百万","0","2","2"
"茶一百万斤","0","2","2"
"增加纳粮换","0","2","2"
"加纳粮换茶","0","2","2"
"招来商人给","0","2","2"
"来商人给予","0","2","2"
"商人给予茶","0","2","2"
"人给予茶引","0","2","2"
"佐一人专门","0","2","2"
"一人专门驻","0","2","2"
"人专门驻扎","0","2","2"
"交换马九千","0","2","2"
"一天天产生","0","2","2"
"石以下马差","0","2","2"
"以下马差等","0","2","2"
"龄十六岁称","0","2","2"
"十六岁称成","0","2","2"
"六岁称成丁","0","2","2"
"成丁服劳役","0","2","2"
"秋粮一是米","0","2","2"
"输送到京城","0","2","2"
"天子所在地","0","2","2"
"白白地浪费","0","2","2"
"折合银一百","0","2","2"
"普遍施行于","0","2","2"
"富裕之民的","0","2","2"
"裕之民的田","0","2","2"
"之民的田地","0","2","2"
"每亩收税七","0","2","2"
"亩收税七斗","0","2","2"
"成为确定的","0","2","2"
"为确定的法","0","2","2"
"田计亩交税","0","2","2"
"碱去十分之","0","2","2"
"四斗一升至","0","2","2"
"至一石以上","0","2","2"
"石以上的碱","0","2","2"
"去十分之三","0","2","2"
"与苏州知府","0","2","2"
"州知府况锺","0","2","2"
"朝廷多次下","0","2","2"
"廷多次下诏","0","2","2"
"斗一升至二","0","2","2"
"的征收米应","0","2","2"
"征收米应该","0","2","2"
"民田每亩收","0","2","2"
"七升以下的","0","2","2"
"七十多万石","0","2","2"
"的四种弊端","0","2","2"
"可行的办法","0","2","2"
"主管官吏不","0","2","2"
"事故的虚粮","0","2","2"
"全部予以免","0","2","2"
"部予以免除","0","2","2"
"而计算田亩","0","2","2"
"天下的财赋","0","2","2"
"加赋税一百","0","2","2"
"每年额定二","0","2","2"
"于是分条呈","0","2","2"
"是分条呈上","0","2","2"
"到万历九年","0","2","2"
"大规模征伐","0","2","2"
"增加赋税五","0","2","2"
"加赋税五百","0","2","2"
"赋税五百二","0","2","2"
"税五百二十","0","2","2"
"给事中甄淑","0","2","2"
"一百六十五","0","2","2"
"加练兵粮饷","0","2","2"
"十分之一二","0","2","2"
"抵御外敌入","0","2","2"
"御外敌入侵","0","2","2"
"营建宫室最","0","2","2"
"每年花费达","0","2","2"
"部门不上报","0","2","2"
"于是命令都","0","2","2"
"不慌不忙地","0","2","2"
"粮食赈救灾","0","2","2"
"食赈救灾民","0","2","2"
"灾不能超过","0","2","2"
"便成为长久","0","2","2"
"天道与人事","0","2","2"
"有不应验的","0","2","2"
"去了它的本","0","2","2"
"了它的本性","0","2","2"
"景泰五年正","0","2","2"
"泰五年正月","0","2","2"
"四月壬戌日","0","2","2"
"牲畜多被冻","0","2","2"
"畜多被冻死","0","2","2"
"二月壬戌日","0","2","2"
"月壬戌日晚","0","2","2"
"壬戌日晚上","0","2","2"
"四月辛亥日","0","2","2"
"七月戊午日","0","2","2"
"辨不出人来","0","2","2"
"阴沉的浓雾","0","2","2"
"正月甲子日","0","2","2"
"尺之内分辨","0","2","2"
"之内分辨不","0","2","2"
"昏暗的浓雾","0","2","2"
"暗的浓雾遮","0","2","2"
"的浓雾遮蔽","0","2","2"
"浓雾遮蔽天","0","2","2"
"雾遮蔽天空","0","2","2"
"三月甲午日","0","2","2"
"分不清人物","0","2","2"
"六月丙戌日","0","2","2"
"年五月丁末","0","2","2"
"三月甲子日","0","2","2"
"三种颜色的","0","2","2"
"阳大降冰雹","0","2","2"
"五月丙辰日","0","2","2"
"伤害田中禾","0","2","2"
"八月甲午日","0","2","2"
"七月己酉日","0","2","2"
"达一百二十","0","2","2"
"六月乙巳日","0","2","2"
"降冰雹大如","0","2","2"
"奉天门束面","0","2","2"
"五月丁巳日","0","2","2"
"四月庚寅日","0","2","2"
"雹大如鹅蛋","0","2","2"
"六月乙亥日","0","2","2"
"大的冰雹如","0","2","2"
"二月丙子日","0","2","2"
"死亡一千多","0","2","2"
"亡一千多人","0","2","2"
"房屋和庄稼","0","2","2"
"四月己酉日","0","2","2"
"牲畜多被淹","0","2","2"
"畜多被淹死","0","2","2"
"沂州降冰雹","0","2","2"
"平地积雹五","0","2","2"
"地积雹五寸","0","2","2"
"县大降冰雹","0","2","2"
"十月戊戌日","0","2","2"
"宣府大降冰","0","2","2"
"庄稼全部被","0","2","2"
"九月丙申日","0","2","2"
"六月丁巳日","0","2","2"
"六月癸丑日","0","2","2"
"伤三十多人","0","2","2"
"三月辛巳日","0","2","2"
"年三月癸末","0","2","2"
"三月癸末日","0","2","2"
"平地积雹厚","0","2","2"
"七月辛巳日","0","2","2"
"五月癸丑日","0","2","2"
"四月戊午日","0","2","2"
"二月丁卯日","0","2","2"
"五月乙酉日","0","2","2"
"四月壬子日","0","2","2"
"八月壬戌日","0","2","2"
"六月丙申日","0","2","2"
"闪电交相发","0","2","2"
"电交相发作","0","2","2"
"雷击谨身殿","0","2","2"
"六月丙寅日","0","2","2"
"六月癸卯日","0","2","2"
"雷击奉天殿","0","2","2"
"七月辛末日","0","2","2"
"先殿屋脊鸥","0","2","2"
"雷击宣府西","0","2","2"
"福州刮大风","0","2","2"
"大祀殿以及","0","2","2"
"南京发生暴","0","2","2"
"京发生暴风","0","2","2"
"建极殿屋脊","0","2","2"
"五月甲戌日","0","2","2"
"莱二府发生","0","2","2"
"府发生蝗灾","0","2","2"
"山束发生蝗","0","2","2"
"束发生蝗灾","0","2","2"
"地面一尺多","0","2","2"
"顺天发生蝗","0","2","2"
"天发生蝗灾","0","2","2"
"江北发生蝗","0","2","2"
"北发生蝗灾","0","2","2"
"又发生蝗灾","0","2","2"
"风猛烈刮起","0","2","2"
"氏一胎生三","0","2","2"
"妇生下一个","0","2","2"
"病而死的人","0","2","2"
"而死的人有","0","2","2"
"陕西流行传","0","2","2"
"西流行传染","0","2","2"
"县流行传染","0","2","2"
"传染病流行","0","2","2"
"八月己酉日","0","2","2"
"无云而打雷","0","2","2"
"八月戊戌日","0","2","2"
"六月辛亥日","0","2","2"
"人多被淹死","0","2","2"
"冲走人民的","0","2","2"
"走人民的房","0","2","2"
"北发生大水","0","2","2"
"淹没人民房","0","2","2"
"没人民房屋","0","2","2"
"人民多被淹","0","2","2"
"十月丙辰日","0","2","2"
"河南黄河决","0","2","2"
"南黄河决堤","0","2","2"
"黄河在归德","0","2","2"
"河在归德决","0","2","2"
"河在阳武决","0","2","2"
"个州县都遭","0","2","2"
"州县都遭受","0","2","2"
"县都遭受水","0","2","2"
"丞乐元年五","0","2","2"
"四府都遭受","0","2","2"
"县多遭水灾","0","2","2"
"千六百多丈","0","2","2"
"三千九百多","0","2","2"
"县潮水泛滥","0","2","2"
"河在开封泛","0","2","2"
"在开封泛滥","0","2","2"
"冲走很多人","0","2","2"
"毁坏田中庄","0","2","2"
"坏田中庄稼","0","2","2"
"淹死人民牲","0","2","2"
"死人民牲畜","0","2","2"
"姚暹渠堤堰","0","2","2"
"府江水上涨","0","2","2"
"河洪水泛滥","0","2","2"
"府潮水泛滥","0","2","2"
"三百六十多","0","2","2"
"九月庚辰日","0","2","2"
"永宁卫发生","0","2","2"
"北畿七个府","0","2","2"
"水泛滥上涨","0","2","2"
"辽束发生大","0","2","2"
"府和平民房","0","2","2"
"和平民房屋","0","2","2"
"三府都遭受","0","2","2"
"潭河在固安","0","2","2"
"也都发生大","0","2","2"
"十二年春季","0","2","2"
"淹没三百多","0","2","2"
"没三百多里","0","2","2"
"湾等处堤岸","0","2","2"
"水冲破高邮","0","2","2"
"天发生大水","0","2","2"
"城垣和民房","0","2","2"
"水满溢泛滥","0","2","2"
"死亡的人不","0","2","2"
"淹死一万二","0","2","2"
"死一万二千","0","2","2"
"一万二千五","0","2","2"
"安发生大水","0","2","2"
"畿发生大水","0","2","2"
"四府都发生","0","2","2"
"人口牲畜不","0","2","2"
"口牲畜不计","0","2","2"
"畜不计其敷","0","2","2"
"昌平发生大","0","2","2"
"门四十九处","0","2","2"
"墩台一百零","0","2","2"
"台一百零二","0","2","2"
"一百零二处","0","2","2"
"河都泛滥成","0","2","2"
"都泛滥成灾","0","2","2"
"州县发生大","0","2","2"
"县发生大水","0","2","2"
"束发生水灾","0","2","2"
"山山体崩塌","0","2","2"
"四府发生大","0","2","2"
"三府发生大","0","2","2"
"二万三千多","0","2","2"
"拔起树木一","0","2","2"
"起树木一万","0","2","2"
"树木一万多","0","2","2"
"木一万多株","0","2","2"
"水上涨泛滥","0","2","2"
"人民牲畜不","0","2","2"
"民牲畜不计","0","2","2"
"又发生大水","0","2","2"
"镇四府发生","0","2","2"
"城发生大水","0","2","2"
"南都发生大","0","2","2"
"河突然泛滥","0","2","2"
"在邳州溃堤","0","2","2"
"淹死男女不","0","2","2"
"女不计其敷","0","2","2"
"二千六百多","0","2","2"
"东发生大水","0","2","2"
"湖三府发生","0","2","2"
"死一万多人","0","2","2"
"黄河在苏家","0","2","2"
"河在苏家庄","0","2","2"
"河南都发生","0","2","2"
"流入骆马湖","0","2","2"
"毁坏百姓房","0","2","2"
"坏百姓房屋","0","2","2"
"余的全部被","0","2","2"
"没有风却涌","0","2","2"
"有风却涌起","0","2","2"
"色氛气横豆","0","2","2"
"氛气横豆于","0","2","2"
"横亘于天空","0","2","2"
"黑色氛气朝","0","2","2"
"色氛气朝东","0","2","2"
"氛气朝东西","0","2","2"
"气朝东西向","0","2","2"
"朝东西向横","0","2","2"
"向横豆于天","0","2","2"
"九月辛亥日","0","2","2"
"向横互于天","0","2","2"
"横互于天空","0","2","2"
"黑色氛气从","0","2","2"
"南北向横豆","0","2","2"
"四月庚辰日","0","2","2"
"四月丙辰日","0","2","2"
"昊元年十二","0","2","2"
"二月辛酉日","0","2","2"
"西两边排列","0","2","2"
"奉天门外的","0","2","2"
"北斗旗一面","0","2","2"
"纛旗一面放","0","2","2"
"一面放在前","0","2","2"
"豹尾旗一面","0","2","2"
"尾旗一面放","0","2","2"
"一面放在后","0","2","2"
"设置皇上乘","0","2","2"
"置皇上乘坐","0","2","2"
"皇上乘坐的","0","2","2"
"上乘坐的五","0","2","2"
"左边是金辖","0","2","2"
"右边是象辖","0","2","2"
"都并排陈列","0","2","2"
"红色地面左","0","2","2"
"色地面左右","0","2","2"
"红色台阶左","0","2","2"
"寺在奉天殿","0","2","2"
"奉天殿门以","0","2","2"
"天殿门以及","0","2","2"
"庙焚香叩拜","0","2","2"
"红色台阶上","0","2","2"
"用穿黑色服","0","2","2"
"穿黑色服饰","0","2","2"
"黑色服饰的","0","2","2"
"每旗用穿红","0","2","2"
"穿白色服饰","0","2","2"
"白色服饰的","0","2","2"
"随同各方代","0","2","2"
"同各方代表","0","2","2"
"各方代表的","0","2","2"
"方代表的颜","0","2","2"
"代表的颜色","0","2","2"
"其甲士所穿","0","2","2"
"甲士所穿之","0","2","2"
"士所穿之服","0","2","2"
"所穿之服饰","0","2","2"
"旗下者为青","0","2","2"
"下者为青色","0","2","2"
"红大伞二柄","0","2","2"
"曲柄伞一柄","0","2","2"
"紫方伞一柄","0","2","2"
"红方伞一柄","0","2","2"
"朱团扇四柄","0","2","2"
"都是内使持","0","2","2"
"是内使持举","0","2","2"
"拜位的南面","0","2","2"
"木棉布制成","0","2","2"
"方伞各二柄","0","2","2"
"团扇各四柄","0","2","2"
"适中标准便","0","2","2"
"中标准便是","0","2","2"
"种颜色的罗","0","2","2"
"花团扇四柄","0","2","2"
"曲柄伞二柄","0","2","2"
"信旖各二面","0","2","2"
"白泽旗二面","0","2","2"
"洪武六年制","0","2","2"
"武六年制定","0","2","2"
"绣圆伞一柄","0","2","2"
"绣方扇四柄","0","2","2"
"花圆扇四柄","0","2","2"
"青锈圆扇四","0","2","2"
"锈圆扇四柄","0","2","2"
"如同亲王妃","0","2","2"
"王妃的仪仗","0","2","2"
"仪仗照规定","0","2","2"
"它们作为万","0","2","2"
"古代所说的","0","2","2"
"的不同等级","0","2","2"
"不同等级的","0","2","2"
"天地的礼仪","0","2","2"
"举行藉田礼","0","2","2"
"所乘坐的车","0","2","2"
"帝王的制度","0","2","2"
"命令文臣考","0","2","2"
"令文臣考察","0","2","2"
"的等级差别","0","2","2"
"奉天门设置","0","2","2"
"子乘坐的五","0","2","2"
"子乘坐的车","0","2","2"
"乘坐的车子","0","2","2"
"用黄金来装","0","2","2"
"黄金来装饰","0","2","2"
"祭祀时使用","0","2","2"
"制定天子出","0","2","2"
"定天子出行","0","2","2"
"天子出行时","0","2","2"
"子出行时规","0","2","2"
"出行时规模","0","2","2"
"行时规模最","0","2","2"
"时规模最大","0","2","2"
"规模最大的","0","2","2"
"模最大的仪","0","2","2"
"最大的仪仗","0","2","2"
"大的仪仗队","0","2","2"
"宽八尺二寸","0","2","2"
"如意滴珠板","0","2","2"
"尺九寸有余","0","2","2"
"护泥板以及","0","2","2"
"每个车轮有","0","2","2"
"轮有辐条十","0","2","2"
"有辐条十八","0","2","2"
"辐条十八根","0","2","2"
"花纹叶片装","0","2","2"
"纹叶片装钉","0","2","2"
"用抹金镶嵌","0","2","2"
"抹金镶嵌铜","0","2","2"
"金镶嵌铜质","0","2","2"
"编成的绳索","0","2","2"
"上端刻有宝","0","2","2"
"端刻有宝相","0","2","2"
"刻有宝相花","0","2","2"
"有云龙图案","0","2","2"
"下端是龟背","0","2","2"
"端是龟背纹","0","2","2"
"是龟背纹理","0","2","2"
"龟背纹理的","0","2","2"
"背纹理的锦","0","2","2"
"纹理的锦缎","0","2","2"
"金粉描绘装","0","2","2"
"粉描绘装饰","0","2","2"
"描绘装饰的","0","2","2"
"绘装饰的黄","0","2","2"
"装饰的黄黑","0","2","2"
"饰的黄黑色","0","2","2"
"黄黑色的雕","0","2","2"
"雕木香草板","0","2","2"
"木香草板十","0","2","2"
"门旁有桶各","0","2","2"
"旁有桶各两","0","2","2"
"有桶各两个","0","2","2"
"桶各两个和","0","2","2"
"各两个和露","0","2","2"
"两个和露在","0","2","2"
"面是黄黑色","0","2","2"
"黄黑色的底","0","2","2"
"黑色的底子","0","2","2"
"桶雕刻了涂","0","2","2"
"它下面绘有","0","2","2"
"下面绘有云","0","2","2"
"面绘有云形","0","2","2"
"小板跟它一","0","2","2"
"板跟它一样","0","2","2"
"都用抹金的","0","2","2"
"有红漆边框","0","2","2"
"红漆边框的","0","2","2"
"下面是雕刻","0","2","2"
"刻有云形图","0","2","2"
"案的小板一","0","2","2"
"的小板一块","0","2","2"
"福寿板一块","0","2","2"
"寿板一块和","0","2","2"
"靠背和坐褥","0","2","2"
"丝织品绿边","0","2","2"
"高三尺有余","0","2","2"
"垂挂着攀顶","0","2","2"
"挂着攀顶的","0","2","2"
"着攀顶的黄","0","2","2"
"攀顶的黄线","0","2","2"
"顶的黄线圆","0","2","2"
"黄线圆形丝","0","2","2"
"青色的底子","0","2","2"
"设沥水的黄","0","2","2"
"沥水的黄色","0","2","2"
"水的黄色有","0","2","2"
"的黄色有花","0","2","2"
"黄色有花纹","0","2","2"
"每层八十一","0","2","2"
"层八十一折","0","2","2"
"锈有五彩云","0","2","2"
"有贴金木鱼","0","2","2"
"有左右转角","0","2","2"
"左右转角栏","0","2","2"
"右转角栏杆","0","2","2"
"左右有转角","0","2","2"
"右有转角栏","0","2","2"
"有转角栏杆","0","2","2"
"涂上金粉的","0","2","2"
"的龙形图案","0","2","2"
"共有十二根","0","2","2"
"有十二根柱","0","2","2"
"柱子上端雕","0","2","2"
"绣有腾飞的","0","2","2"
"有腾飞的龙","0","2","2"
"腾飞的龙一","0","2","2"
"飞的龙一条","0","2","2"
"旗竿顶端有","0","2","2"
"竿顶端有镀","0","2","2"
"顶端有镀金","0","2","2"
"端有镀金的","0","2","2"
"青相问的花","0","2","2"
"相问的花纹","0","2","2"
"抹金的铜铃","0","2","2"
"用抹金的刻","0","2","2"
"抹金的刻有","0","2","2"
"金的刻有花","0","2","2"
"的刻有花纹","0","2","2"
"刻有花纹的","0","2","2"
"花纹的铜制","0","2","2"
"纹的铜制叶","0","2","2"
"的铜制叶片","0","2","2"
"铜制叶片装","0","2","2"
"制叶片装钉","0","2","2"
"品制成的雨","0","2","2"
"制成的雨衣","0","2","2"
"用两头象驾","0","2","2"
"两头象驾驶","0","2","2"
"用青色底子","0","2","2"
"青色底子雕","0","2","2"
"行马架之类","0","2","2"
"宽八尺九寸","0","2","2"
"六尺四寸有","0","2","2"
"四根红漆柱","0","2","2"
"根红漆柱子","0","2","2"
"五尺四寸有","0","2","2"
"周是红漆的","0","2","2"
"用丝带环绕","0","2","2"
"用黄线丝带","0","2","2"
"形制与大辖","0","2","2"
"制与大辖相","0","2","2"
"辇顶加上圆","0","2","2"
"二尺六寸有","0","2","2"
"尺六寸有余","0","2","2"
"用青色装饰","0","2","2"
"门旁桶各两","0","2","2"
"旁桶各两个","0","2","2"
"亭底部涂红","0","2","2"
"底部涂红漆","0","2","2"
"有红色帘子","0","2","2"
"红色帘子四","0","2","2"
"色帘子四扇","0","2","2"
"龙形图案的","0","2","2"
"案的木板十","0","2","2"
"的木板十二","0","2","2"
"木板十二片","0","2","2"
"的仰覆莲花","0","2","2"
"根辕长三丈","0","2","2"
"四周是用金","0","2","2"
"周是用金粉","0","2","2"
"是用金粉描","0","2","2"
"门旁有红漆","0","2","2"
"旁有红漆的","0","2","2"
"有红漆的十","0","2","2"
"红漆的十字","0","2","2"
"漆的十字桶","0","2","2"
"的十字桶各","0","2","2"
"的数目相同","0","2","2"
"后面是红漆","0","2","2"
"粉描画的黄","0","2","2"
"的黄黑色云","0","2","2"
"黄黑色云龙","0","2","2"
"案的木板三","0","2","2"
"用抹金嵌有","0","2","2"
"抹金嵌有花","0","2","2"
"御尘的布幔","0","2","2"
"都与马辇相","0","2","2"
"面是红漆的","0","2","2"
"红漆的边框","0","2","2"
"六尺五寸有","0","2","2"
"亭前左右有","0","2","2"
"前左右有门","0","2","2"
"五尺八寸有","0","2","2"
"尺八寸有余","0","2","2"
"的香草板十","0","2","2"
"红漆坐椅一","0","2","2"
"漆坐椅一把","0","2","2"
"四周是黄黑","0","2","2"
"周是黄黑色","0","2","2"
"一尺三寸有","0","2","2"
"如意装饰像","0","2","2"
"意装饰像云","0","2","2"
"装饰像云状","0","2","2"
"设有沥水的","0","2","2"
"五彩云龙的","0","2","2"
"彩云龙的图","0","2","2"
"云龙的图案","0","2","2"
"用黄色丝织","0","2","2"
"黄色丝织品","0","2","2"
"下面四周用","0","2","2"
"四角是镀金","0","2","2"
"角是镀金的","0","2","2"
"是镀金的铜","0","2","2"
"金的铜质云","0","2","2"
"是红漆木框","0","2","2"
"字带转角栏","0","2","2"
"带转角栏杆","0","2","2"
"贴金龙形图","0","2","2"
"金龙形图案","0","2","2"
"的绘有云形","0","2","2"
"的铜质龙头","0","2","2"
"色绒线编成","0","2","2"
"绒线编成的","0","2","2"
"黄色织金罗","0","2","2"
"色织金罗绮","0","2","2"
"细薄光滑的","0","2","2"
"薄光滑的丝","0","2","2"
"光滑的丝织","0","2","2"
"滑的丝织品","0","2","2"
"皇帝出行时","0","2","2"
"举行亲耕礼","0","2","2"
"皇帝将要举","0","2","2"
"帝将要举行","0","2","2"
"制造耕根车","0","2","2"
"轴上缠绕黄","0","2","2"
"上缠绕黄色","0","2","2"
"缠绕黄色绒","0","2","2"
"绕黄色绒线","0","2","2"
"驾辕的各种","0","2","2"
"辕的各种绳","0","2","2"
"的各种绳索","0","2","2"
"辖亭高五尺","0","2","2"
"色的用金粉","0","2","2"
"的用金粉勾","0","2","2"
"四尺五寸有","0","2","2"
"金线勾勒出","0","2","2"
"五座山图案","0","2","2"
"座山图案的","0","2","2"
"挂着黄色罗","0","2","2"
"着黄色罗绮","0","2","2"
"鸾凤云图案","0","2","2"
"带以仰覆莲","0","2","2"
"以仰覆莲花","0","2","2"
"成的圆形丝","0","2","2"
"的圆形丝带","0","2","2"
"形丝带四条","0","2","2"
"青色底子上","0","2","2"
"用八面顶拼","0","2","2"
"雕刻五彩云","0","2","2"
"案的衬板七","0","2","2"
"上面铺设沥","0","2","2"
"面铺设沥水","0","2","2"
"面垂下青色","0","2","2"
"垂下青色有","0","2","2"
"下青色有花","0","2","2"
"四角与辖座","0","2","2"
"莲花环绕着","0","2","2"
"花环绕着柱","0","2","2"
"环绕着柱子","0","2","2"
"后乘坐的安","0","2","2"
"乘坐的安车","0","2","2"
"后面是绘有","0","2","2"
"山图案的屏","0","2","2"
"图案的屏风","0","2","2"
"是抹金的铜","0","2","2"
"红漆的木鱼","0","2","2"
"都用红绫做","0","2","2"
"用红绫做成","0","2","2"
"沥水处绘有","0","2","2"
"金铜质嵌有","0","2","2"
"铜质嵌有花","0","2","2"
"有花纹的叶","0","2","2"
"色而嵌金线","0","2","2"
"而嵌金线的","0","2","2"
"嵌金线的绫","0","2","2"
"金线的绫罗","0","2","2"
"轿子外罩一","0","2","2"
"子外罩一顶","0","2","2"
"用嵌金线的","0","2","2"
"的轿子外罩","0","2","2"
"辖座高三尺","0","2","2"
"绘有五座山","0","2","2"
"青色底子的","0","2","2"
"金的铜宝珠","0","2","2"
"的铜宝珠装","0","2","2"
"铜宝珠装饰","0","2","2"
"顶红线圆形","0","2","2"
"红线圆形丝","0","2","2"
"天轮三层都","0","2","2"
"轮三层都涂","0","2","2"
"贴金边框发","0","2","2"
"金边框发光","0","2","2"
"边框发光的","0","2","2"
"沥水的红色","0","2","2"
"共有十四根","0","2","2"
"有十四根柱","0","2","2"
"十四根柱子","0","2","2"
"旗竿用抹金","0","2","2"
"竿用抹金的","0","2","2"
"的账房相同","0","2","2"
"形制与皇妃","0","2","2"
"制与皇妃乘","0","2","2"
"与皇妃乘坐","0","2","2"
"乘坐的车相","0","2","2"
"坐的车相同","0","2","2"
"度比金辖少","0","2","2"
"丝织品制的","0","2","2"
"用木红平罗","0","2","2"
"木红平罗做","0","2","2"
"红平罗做成","0","2","2"
"与柬宫妃相","0","2","2"
"柬宫妃相同","0","2","2"
"用由翟尾为","0","2","2"
"由翟尾为蔽","0","2","2"
"翟尾为蔽的","0","2","2"
"明代初年因","0","2","2"
"代初年因袭","0","2","2"
"武元年命令","0","2","2"
"用素色的绘","0","2","2"
"素色的绘有","0","2","2"
"的形制相同","0","2","2"
"违反规定乘","0","2","2"
"大臣可以乘","0","2","2"
"臣可以乘安","0","2","2"
"可以乘安车","0","2","2"
"四品以下官","0","2","2"
"文官四品以","0","2","2"
"用有帷幕的","0","2","2"
"有帷幕的轿","0","2","2"
"帷幕的轿子","0","2","2"
"大臣皇亲国","0","2","2"
"臣皇亲国戚","0","2","2"
"皇帝到南方","0","2","2"
"帝到南方巡","0","2","2"
"下令百姓不","0","2","2"
"令百姓不准","0","2","2"
"百姓不准用","0","2","2"
"遮蔽阳光的","0","2","2"
"蔽阳光的伞","0","2","2"
"下令京城内","0","2","2"
"色的塔形顶","0","2","2"
"绫罗作表层","0","2","2"
"品至九品官","0","2","2"
"朱红色装饰","0","2","2"
"用银质马首","0","2","2"
"银质马首饰","0","2","2"
"金粉勾勒描","0","2","2"
"粉勾勒描绘","0","2","2"
"的障泥用油","0","2","2"
"障泥用油彩","0","2","2"
"泥用油彩图","0","2","2"
"用油彩图饰","0","2","2"
"太祖攻下金","0","2","2"
"征召儒学之","0","2","2"
"召儒学之士","0","2","2"
"都把名字上","0","2","2"
"年龄在五十","0","2","2"
"龄在五十岁","0","2","2"
"在五十岁以","0","2","2"
"应该命令主","0","2","2"
"该命令主管","0","2","2"
"龄在二十五","0","2","2"
"在二十五岁","0","2","2"
"二十五岁以","0","2","2"
"选拔贤才的","0","2","2"
"受屈处在下","0","2","2"
"是因为它有","0","2","2"
"主管部门考","0","2","2"
"管部门考察","0","2","2"
"武十七年纔","0","2","2"
"年高饱学的","0","2","2"
"高饱学的儒","0","2","2"
"饱学的儒士","0","2","2"
"的都像这样","0","2","2"
"曾经训谕礼","0","2","2"
"征召到京城","0","2","2"
"六十岁以下","0","2","2"
"条途径一并","0","2","2"
"试合格的便","0","2","2"
"的学问德行","0","2","2"
"令江西巡抚","0","2","2"
"帝在文华殿","0","2","2"
"到了成化十","0","2","2"
"授任翰林院","0","2","2"
"于正德四年","0","2","2"
"便假传圣旨","0","2","2"
"假传圣旨把","0","2","2"
"共有四个司","0","2","2"
"其职位尤其","0","2","2"
"职位尤其显","0","2","2"
"位尤其显要","0","2","2"
"等是一条途","0","2","2"
"三年举行一","0","2","2"
"在朝廷推举","0","2","2"
"陕西的固原","0","2","2"
"贻误封疆大","0","2","2"
"误封疆大事","0","2","2"
"县的正职官","0","2","2"
"到万历年问","0","2","2"
"南方或北方","0","2","2"
"要拘泥于资","0","2","2"
"然而形势已","0","2","2"
"而形势已经","0","2","2"
"人数的一半","0","2","2"
"也只有一个","0","2","2"
"进士占十分","0","2","2"
"士占十分之","0","2","2"
"占十分之一","0","2","2"
"保举的命令","0","2","2"
"京官五品以","0","2","2"
"五品以上以","0","2","2"
"副职以及府","0","2","2"
"各自保举所","0","2","2"
"自保举所了","0","2","2"
"保举所了解","0","2","2"
"犯贪赃罪的","0","2","2"
"后规定制度","0","2","2"
"命令三品以","0","2","2"
"令三品以上","0","2","2"
"赐予敕命办","0","2","2"
"予敕命办事","0","2","2"
"告诉大学士","0","2","2"
"尤其应当加","0","2","2"
"他的话有理","0","2","2"
"一方的郡守","0","2","2"
"从吏部推举","0","2","2"
"命令吏部推","0","2","2"
"部于是请求","0","2","2"
"请求遵循弘","0","2","2"
"求遵循弘治","0","2","2"
"季度第一月","0","2","2"
"到明朝终结","0","2","2"
"分成上中下","0","2","2"
"成上中下三","0","2","2"
"令吏部考察","0","2","2"
"有过失而又","0","2","2"
"考核官吏之","0","2","2"
"官五品以下","0","2","2"
"部门首领官","0","2","2"
"有特殊功勋","0","2","2"
"七万石以上","0","2","2"
"都属于职事","0","2","2"
"次考没有经","0","2","2"
"考没有经过","0","2","2"
"没有经过考","0","2","2"
"有经过考核","0","2","2"
"现在考核称","0","2","2"
"在考核称职","0","2","2"
"考核称职的","0","2","2"
"遵照旧有的","0","2","2"
"地全部举出","0","2","2"
"决于皇上裁","0","2","2"
"于皇上裁定","0","2","2"
"造成名册上","0","2","2"
"考察官吏的","0","2","2"
"考察应当罢","0","2","2"
"他们的考核","0","2","2"
"的有三分之","0","2","2"
"有不恰当的","0","2","2"
"有一千四百","0","2","2"
"府以下官吏","0","2","2"
"两京五品以","0","2","2"
"京五品以下","0","2","2"
"京官六年考","0","2","2"
"直到国家灭","0","2","2"
"到国家灭亡","0","2","2"
"各卫所以及","0","2","2"
"从永乐初年","0","2","2"
"由兵部选择","0","2","2"
"隶属于兵部","0","2","2"
"现在达到了","0","2","2"
"一千七百人","0","2","2"
"的子弟年龄","0","2","2"
"子弟年龄在","0","2","2"
"龄在二十岁","0","2","2"
"一半的俸禄","0","2","2"
"不合格而滥","0","2","2"
"的人由子孙","0","2","2"
"掌印官缺员","0","2","2"
"以及锦衣卫","0","2","2"
"直属行省的","0","2","2"
"官也像这样","0","2","2"
"与现在担任","0","2","2"
"现在担任的","0","2","2"
"在担任的职","0","2","2"
"担任的职务","0","2","2"
"颜色不一样","0","2","2"
"皇帝的生日","0","2","2"
"两种颜色的","0","2","2"
"种颜色的绢","0","2","2"
"的彩色丝带","0","2","2"
"插野鸡尾羽","0","2","2"
"野鸡尾羽毛","0","2","2"
"其余与一品","0","2","2"
"与一品官相","0","2","2"
"一品官相同","0","2","2"
"革带用金饰","0","2","2"
"色的丝织成","0","2","2"
"的丝织成的","0","2","2"
"丝织成的网","0","2","2"
"以黑色的角","0","2","2"
"负责值勤守","0","2","2"
"责值勤守卫","0","2","2"
"值勤守卫的","0","2","2"
"勤守卫的武","0","2","2"
"守卫的武官","0","2","2"
"另有样式颜","0","2","2"
"有样式颜色","0","2","2"
"的其它官员","0","2","2"
"赤色绫罗青","0","2","2"
"色绫罗青色","0","2","2"
"绫罗青色衣","0","2","2"
"罗青色衣边","0","2","2"
"下面的裙子","0","2","2"
"表面里面都","0","2","2"
"面里面都是","0","2","2"
"都与从前的","0","2","2"
"与从前的样","0","2","2"
"从前的样式","0","2","2"
"前的样式一","0","2","2"
"品官以下用","0","2","2"
"文武官员向","0","2","2"
"方形心圆形","0","2","2"
"形心圆形领","0","2","2"
"重新制定各","0","2","2"
"各级官吏的","0","2","2"
"绣有飞鱼花","0","2","2"
"有飞鱼花纹","0","2","2"
"皇帝的恩典","0","2","2"
"面见辞别皇","0","2","2"
"见辞别皇帝","0","2","2"
"没有品级的","0","2","2"
"后部的展角","0","2","2"
"一品官用玉","0","2","2"
"一般的朝见","0","2","2"
"各级官吏入","0","2","2"
"官员日常穿","0","2","2"
"员日常穿的","0","2","2"
"嵌镂花纹装","0","2","2"
"镂花纹装饰","0","2","2"
"品官用没有","0","2","2"
"官用没有嵌","0","2","2"
"用没有嵌花","0","2","2"
"没有嵌花纹","0","2","2"
"有嵌花纹的","0","2","2"
"嵌花纹的金","0","2","2"
"嵌花纹的银","0","2","2"
"用黑色的角","0","2","2"
"九品官相同","0","2","2"
"禁止这种现","0","2","2"
"止这种现象","0","2","2"
"年纪大的人","0","2","2"
"下令文武官","0","2","2"
"三年定下制","0","2","2"
"袖长超过手","0","2","2"
"下令有品级","0","2","2"
"麟图案的衣","0","2","2"
"图案的衣服","0","2","2"
"在镗甲外面","0","2","2"
"世宗继承皇","0","2","2"
"的服饰颜色","0","2","2"
"闲居时的服","0","2","2"
"居时的服饰","0","2","2"
"古代的玄端","0","2","2"
"代的玄端服","0","2","2"
"各有等级差","0","2","2"
"衣服诡怪奇","0","2","2"
"服诡怪奇异","0","2","2"
"古代玄端礼","0","2","2"
"代玄端礼服","0","2","2"
"朝的时候想","0","2","2"
"的时候想着","0","2","2"
"又有解说的","0","2","2"
"以上官员以","0","2","2"
"上官员以及","0","2","2"
"照古代的玄","0","2","2"
"青色表面绿","0","2","2"
"色表面绿色","0","2","2"
"于是礼部上","0","2","2"
"是礼部上奏","0","2","2"
"官员不允许","0","2","2"
"不允许擅自","0","2","2"
"品官的服饰","0","2","2"
"主夫婿采用","0","2","2"
"夫婿采用嵌","0","2","2"
"婿采用嵌有","0","2","2"
"采用嵌有花","0","2","2"
"君夫婿用不","0","2","2"
"夫婿用不嵌","0","2","2"
"婿用不嵌花","0","2","2"
"用不嵌花纹","0","2","2"
"不嵌花纹的","0","2","2"
"胸前背后都","0","2","2"
"花纹的银带","0","2","2"
"练习礼仪三","0","2","2"
"槐木制朝笏","0","2","2"
"答谢皇帝的","0","2","2"
"在国子监颁","0","2","2"
"举行祭祀先","0","2","2"
"受封号命妇","0","2","2"
"命妇的礼帽","0","2","2"
"妇的礼帽服","0","2","2"
"的礼帽服饰","0","2","2"
"用青赤色帛","0","2","2"
"品受封号妇","0","2","2"
"两个宽大发","0","2","2"
"个宽大发鬓","0","2","2"
"与二品命妇","0","2","2"
"二品命妇相","0","2","2"
"其余与三品","0","2","2"
"余与三品命","0","2","2"
"品到五品命","0","2","2"
"到五品命妇","0","2","2"
"绣野鸡羽毛","0","2","2"
"用金珍珠翡","0","2","2"
"穿戴用金线","0","2","2"
"用金线锈云","0","2","2"
"大杂花的霞","0","2","2"
"花的霞帔礼","0","2","2"
"的霞帔礼服","0","2","2"
"穿戴嵌金色","0","2","2"
"戴嵌金色线","0","2","2"
"杂花霞帔礼","0","2","2"
"花霞帔礼服","0","2","2"
"缀有突出花","0","2","2"
"有突出花纹","0","2","2"
"突出花纹的","0","2","2"
"出花纹的色","0","2","2"
"花纹的色彩","0","2","2"
"纹的色彩鲜","0","2","2"
"的色彩鲜艳","0","2","2"
"彩鲜艳的昼","0","2","2"
"鲜艳的昼绢","0","2","2"
"艳的昼绢装","0","2","2"
"的昼绢装饰","0","2","2"
"翠装饰的野","0","2","2"
"装饰的野鸡","0","2","2"
"翠装点的花","0","2","2"
"的云喜花三","0","2","2"
"翠装饰的梳","0","2","2"
"珠帘梳一把","0","2","2"
"丝绫罗纱任","0","2","2"
"绫罗纱任随","0","2","2"
"罗纱任随选","0","2","2"
"纱任随选用","0","2","2"
"霞帔礼服上","0","2","2"
"帔礼服上用","0","2","2"
"礼服上用蹙","0","2","2"
"服上用蹙金","0","2","2"
"褙子上用金","0","2","2"
"子上用金线","0","2","2"
"闲居穿的服","0","2","2"
"居穿的服饰","0","2","2"
"饰的祥云冠","0","2","2"
"鬓双头钗两","0","2","2"
"金脑梳一把","0","2","2"
"上面用蹙金","0","2","2"
"面用蹙金绣","0","2","2"
"绣云霞野鹦","0","2","2"
"的服饰也与","0","2","2"
"特髻上金质","0","2","2"
"髻上金质孔","0","2","2"
"上金质孔雀","0","2","2"
"珍珠翡翠的","0","2","2"
"其余与二品","0","2","2"
"或为紫色或","0","2","2"
"为紫色或为","0","2","2"
"紫色或为绿","0","2","2"
"色或为绿色","0","2","2"
"都刺绣缠枝","0","2","2"
"绣缠枝花纹","0","2","2"
"三品命妇相","0","2","2"
"闲居时穿的","0","2","2"
"口裹衔着珍","0","2","2"
"裹衔着珍珠","0","2","2"
"珍珠翡翠鸳","0","2","2"
"珠翡翠鸳鸯","0","2","2"
"褙子上用云","0","2","2"
"子上用云霞","0","2","2"
"用云霞鸳鸯","0","2","2"
"其余与四品","0","2","2"
"余与四品命","0","2","2"
"四品命妇相","0","2","2"
"的服饰帽子","0","2","2"
"服饰帽子上","0","2","2"
"珍珠翡翠花","0","2","2"
"臂钏都用银","0","2","2"
"纵横栏绣缠","0","2","2"
"横栏绣缠枝","0","2","2"
"栏绣缠枝花","0","2","2"
"银质镀金练","0","2","2"
"质镀金练鹊","0","2","2"
"用云霞练鹊","0","2","2"
"五品命妇相","0","2","2"
"镀金银质练","0","2","2"
"金银质练鹊","0","2","2"
"练鹊装饰三","0","2","2"
"鹊装饰三只","0","2","2"
"挑起的小珍","0","2","2"
"起的小珍珠","0","2","2"
"的小珍珠牌","0","2","2"
"刺绣云霞练","0","2","2"
"绣缠枝花花","0","2","2"
"刺锈摘枝团","0","2","2"
"锈摘枝团花","0","2","2"
"用小珍珠祥","0","2","2"
"小珍珠祥云","0","2","2"
"珍珠祥云冠","0","2","2"
"杂镀金的银","0","2","2"
"镀金的银质","0","2","2"
"金的银质练","0","2","2"
"的银质练鹊","0","2","2"
"品到九品命","0","2","2"
"到九品命妇","0","2","2"
"刺绣云霞野","0","2","2"
"据品级选用","0","2","2"
"用象牙制成","0","2","2"
"帽子采用金","0","2","2"
"子采用金器","0","2","2"
"采用金器物","0","2","2"
"上面带有金","0","2","2"
"面带有金质","0","2","2"
"带有金质宝","0","2","2"
"有金质宝钿","0","2","2"
"金质宝钿花","0","2","2"
"翠牡丹叶片","0","2","2"
"牡丹叶片十","0","2","2"
"丹叶片十八","0","2","2"
"叶片十八片","0","2","2"
"花纹的金质","0","2","2"
"纹的金质坠","0","2","2"
"的金质坠子","0","2","2"
"帽子采用涂","0","2","2"
"子采用涂金","0","2","2"
"采用涂金银","0","2","2"
"用涂金银质","0","2","2"
"涂金银质器","0","2","2"
"金银质器物","0","2","2"
"上面带有涂","0","2","2"
"面带有涂金","0","2","2"
"带有涂金银","0","2","2"
"有涂金银质","0","2","2"
"涂金银质宝","0","2","2"
"金银质宝钿","0","2","2"
"银质宝钿花","0","2","2"
"涂金银质野","0","2","2"
"金银质野鸡","0","2","2"
"银质野鸡装","0","2","2"
"花纹的银质","0","2","2"
"纹的银质坠","0","2","2"
"的银质坠子","0","2","2"
"中央及地方","0","2","2"
"央及地方官","0","2","2"
"装饰的带子","0","2","2"
"的日常服饰","0","2","2"
"花纹的圆领","0","2","2"
"与平民相同","0","2","2"
"胸前背后有","0","2","2"
"犀角装饰的","0","2","2"
"五岁以下的","0","2","2"
"如同戎装曳","0","2","2"
"同戎装曳撒","0","2","2"
"在左右两边","0","2","2"
"陵墓的祭祀","0","2","2"
"级官吏没有","0","2","2"
"谕内阁大臣","0","2","2"
"不应当擅自","0","2","2"
"的官员商量","0","2","2"
"有花纹的靴","0","2","2"
"花纹的靴子","0","2","2"
"颜色的圆领","0","2","2"
"不允许穿靴","0","2","2"
"用象牙雕刻","0","2","2"
"园子监学习","0","2","2"
"的头巾衣服","0","2","2"
"来的部分离","0","2","2"
"的部分离肘","0","2","2"
"部分离肘部","0","2","2"
"分离肘部三","0","2","2"
"离肘部三寸","0","2","2"
"从事农业生","0","2","2"
"平民衣服的","0","2","2"
"用金子珍珠","0","2","2"
"平民妇女不","0","2","2"
"白绢大口裤","0","2","2"
"戴黄金束发","0","2","2"
"紫色丝带制","0","2","2"
"色丝带制的","0","2","2"
"丝带制的系","0","2","2"
"带制的系冠","0","2","2"
"制的系冠带","0","2","2"
"的系冠带子","0","2","2"
"青色绫罗色","0","2","2"
"嵌金线的裙","0","2","2"
"蓝青色绫罗","0","2","2"
"红绢围颈饰","0","2","2"
"绿云头黑色","0","2","2"
"的系冠的带","0","2","2"
"青色绫罗大","0","2","2"
"绫罗大袖衫","0","2","2"
"红色绫罗围","0","2","2"
"色绫罗围颈","0","2","2"
"绫罗围颈饰","0","2","2"
"罗围颈饰物","0","2","2"
"色彩鲜明的","0","2","2"
"彩鲜艳的云","0","2","2"
"鲜艳的云肩","0","2","2"
"色嵌金线绿","0","2","2"
"嵌金线绿边","0","2","2"
"红色绫罗色","0","2","2"
"嵌金线的抹","0","2","2"
"金线的抹额","0","2","2"
"种颜色的细","0","2","2"
"颜色的细褶","0","2","2"
"色的细褶袄","0","2","2"
"的细褶袄子","0","2","2"
"白色嵌金线","0","2","2"
"青色绫罗制","0","2","2"
"色绫罗制的","0","2","2"
"绫罗制的裹","0","2","2"
"罗制的裹头","0","2","2"
"制的裹头用","0","2","2"
"的裹头用的","0","2","2"
"裹头用的包","0","2","2"
"头用的包巾","0","2","2"
"青绿色绫罗","0","2","2"
"服的式样颜","0","2","2"
"的式样颜色","0","2","2"
"黑皮四缝靴","0","2","2"
"红色绢帛褡","0","2","2"
"制成的绘有","0","2","2"
"成的绘有彩","0","2","2"
"的绘有彩色","0","2","2"
"料装饰的偏","0","2","2"
"装饰的偏带","0","2","2"
"色绢制成的","0","2","2"
"生的帽子服","0","2","2"
"长耳裹发巾","0","2","2"
"以漆涂遇的","0","2","2"
"漆涂遇的布","0","2","2"
"涂遇的布制","0","2","2"
"遇的布制作","0","2","2"
"上面有用金","0","2","2"
"面有用金粉","0","2","2"
"绘的蝉形图","0","2","2"
"的蝉形图案","0","2","2"
"成黑色的唐","0","2","2"
"黑色的唐式","0","2","2"
"色的唐式巾","0","2","2"
"子服饰相同","0","2","2"
"皇帝跟前侍","0","2","2"
"帝跟前侍奉","0","2","2"
"管理乐工的","0","2","2"
"理乐工的色","0","2","2"
"乐工的色长","0","2","2"
"级官员相同","0","2","2"
"抹额用绘有","0","2","2"
"额用绘有彩","0","2","2"
"用绘有彩色","0","2","2"
"色花纹的红","0","2","2"
"的红色绫罗","0","2","2"
"束腰用红绢","0","2","2"
"洪武四年规","0","2","2"
"武四年规定","0","2","2"
"朝见进贡的","0","2","2"
"臣私下认为","0","2","2"
"丝浅红袈裟","0","2","2"
"事务的官署","0","2","2"
"录司的官员","0","2","2"
"都用金装饰","0","2","2"
"道观与道士","0","2","2"
"观与道士事","0","2","2"
"与道士事务","0","2","2"
"道士事务的","0","2","2"
"上奏请求皇","0","2","2"
"奏请求皇帝","0","2","2"
"求皇帝裁定","0","2","2"
"聚集在朝廷","0","2","2"
"都御史各一","0","2","2"
"御史各一人","0","2","2"
"御史袁泰说","0","2","2"
"印信篆文相","0","2","2"
"信篆文相同","0","2","2"
"某道监察御","0","2","2"
"巡按某处监","0","2","2"
"按某处监察","0","2","2"
"某处监察御","0","2","2"
"行在都察院","0","2","2"
"改为总督漕","0","2","2"
"为总督漕运","0","2","2"
"兼提督军务","0","2","2"
"开建府署于","0","2","2"
"防备秋季敌","0","2","2"
"备秋季敌人","0","2","2"
"起用左都御","0","2","2"
"用左都御史","0","2","2"
"十五年以后","0","2","2"
"派遣尚书治","0","2","2"
"遣尚书治理","0","2","2"
"海上有敌情","0","2","2"
"三十一年又","0","2","2"
"提督军务兼","0","2","2"
"都御史出巡","0","2","2"
"侍郎出巡镇","0","2","2"
"郎出巡镇守","0","2","2"
"大理寺详细","0","2","2"
"不符合法律","0","2","2"
"隐瞒不报的","0","2","2"
"拜见的礼仪","0","2","2"
"翰林出身的","0","2","2"
"编纂六曹奏","0","2","2"
"纂六曹奏章","0","2","2"
"士在翰林院","0","2","2"
"在翰林院读","0","2","2"
"翰林院读书","0","2","2"
"不是三公府","0","2","2"
"修撰各三人","0","2","2"
"检讨各六人","0","2","2"
"由庶吉士授","0","2","2"
"勋外戚大臣","0","2","2"
"遵从教导的","0","2","2"
"派遣大臣祭","0","2","2"
"遣大臣祭祀","0","2","2"
"大臣祭祀先","0","2","2"
"臣祭祀先师","0","2","2"
"设置国子学","0","2","2"
"改建国子学","0","2","2"
"有圣贤子孙","0","2","2"
"都穿衮冕服","0","2","2"
"前面圆形后","0","2","2"
"面圆形后面","0","2","2"
"圆形后面方","0","2","2"
"形后面方形","0","2","2"
"带作为系冠","0","2","2"
"作为系冠的","0","2","2"
"随同下裳的","0","2","2"
"同下裳的颜","0","2","2"
"杂安放三个","0","2","2"
"安放三个玉","0","2","2"
"放三个玉环","0","2","2"
"相问的衣领","0","2","2"
"表面红色裹","0","2","2"
"面红色裹层","0","2","2"
"余的如同旧","0","2","2"
"色上衣浅绛","0","2","2"
"上衣浅绛色","0","2","2"
"衣浅绛色下","0","2","2"
"衣用素纱制","0","2","2"
"大带白色表","0","2","2"
"带白色表面","0","2","2"
"上面用红色","0","2","2"
"面用绿色锦","0","2","2"
"小绶带三条","0","2","2"
"色如同大绶","0","2","2"
"如同大绶带","0","2","2"
"系塞耳玉的","0","2","2"
"塞耳玉的丝","0","2","2"
"耳玉的丝带","0","2","2"
"住它的下面","0","2","2"
"衣八种图纹","0","2","2"
"每袖各三图","0","2","2"
"随同下裳颜","0","2","2"
"用玉珩一块","0","2","2"
"垂挂玉花一","0","2","2"
"用玉珠贯穿","0","2","2"
"绿浅绛色质","0","2","2"
"袜鞋都是赤","0","2","2"
"绶带的样式","0","2","2"
"上衣常常掩","0","2","2"
"下裳的六种","0","2","2"
"裳的六种图","0","2","2"
"下裳六种图","0","2","2"
"训谕张璁说","0","2","2"
"臣一同考察","0","2","2"
"等详细讨论","0","2","2"
"玄色上衣黄","0","2","2"
"色上衣黄色","0","2","2"
"上衣黄色下","0","2","2"
"衣黄色下裳","0","2","2"
"它们的顺序","0","2","2"
"们的顺序从","0","2","2"
"的最初意图","0","2","2"
"天子祭祀天","0","2","2"
"穿绛色纱袍","0","2","2"
"裳相连的衣","0","2","2"
"相连的衣服","0","2","2"
"四方蛮夷入","0","2","2"
"方蛮夷入朝","0","2","2"
"蛮夷入朝进","0","2","2"
"夷入朝进贡","0","2","2"
"都穿戴皮弁","0","2","2"
"连缀五彩玉","0","2","2"
"蔽膝随同衣","0","2","2"
"膝随同衣服","0","2","2"
"随同衣服的","0","2","2"
"同衣服的颜","0","2","2"
"其余的都如","0","2","2"
"帝亲自征讨","0","2","2"
"武弁服应当","0","2","2"
"皇帝又回复","0","2","2"
"佩带绶带以","0","2","2"
"带绶带以及","0","2","2"
"于是定下制","0","2","2"
"是定下制度","0","2","2"
"圆盘形衣领","0","2","2"
"三年重新制","0","2","2"
"前后以及两","0","2","2"
"后以及两肩","0","2","2"
"以及两肩各","0","2","2"
"玄色礼服上","0","2","2"
"下裳相连缀","0","2","2"
"裳相连缀的","0","2","2"
"连缀的深衣","0","2","2"
"下裳连缀的","0","2","2"
"训谕礼部说","0","2","2"
"古代玄色礼","0","2","2"
"代玄色礼服","0","2","2"
"装饰五彩玉","0","2","2"
"共有龙形图","0","2","2"
"有龙形图纹","0","2","2"
"皇后的礼冠","0","2","2"
"上面装饰九","0","2","2"
"花数目相同","0","2","2"
"黑相间的衣","0","2","2"
"作为图纹三","0","2","2"
"为图纹三等","0","2","2"
"口中衔着珠","0","2","2"
"小珠花数目","0","2","2"
"珍珠翡翠面","0","2","2"
"珠翡翠面花","0","2","2"
"翡翠面花五","0","2","2"
"织上野鸡图","0","2","2"
"织上金色云","0","2","2"
"上金色云龙","0","2","2"
"相间的图纹","0","2","2"
"间的图纹十","0","2","2"
"赤色作为衣","0","2","2"
"色作为衣领","0","2","2"
"作为衣领缘","0","2","2"
"的平常服饰","0","2","2"
"丞乐三年重","0","2","2"
"用黑色绉纱","0","2","2"
"珍珠翡翠穰","0","2","2"
"珠翡翠穰花","0","2","2"
"用珍珠装饰","0","2","2"
"有的刺绣有","0","2","2"
"的刺绣有的","0","2","2"
"刺绣有的铺","0","2","2"
"绣有的铺成","0","2","2"
"有的铺成翠","0","2","2"
"的铺成翠圈","0","2","2"
"铺成翠圈金","0","2","2"
"用金线锈成","0","2","2"
"上金线的彩","0","2","2"
"金线的彩色","0","2","2"
"线的彩色云","0","2","2"
"的彩色云龙","0","2","2"
"彩色云龙图","0","2","2"
"羽纹装饰的","0","2","2"
"装饰的衣服","0","2","2"
"蔽膝与下裳","0","2","2"
"山松高耸的","0","2","2"
"都如同中宫","0","2","2"
"衣五种图纹","0","2","2"
"衣前大巾与","0","2","2"
"前大巾与下","0","2","2"
"巾与下裳的","0","2","2"
"宗彝图纹在","0","2","2"
"色衣领袖口","0","2","2"
"衣领袖口衣","0","2","2"
"领袖口衣边","0","2","2"
"袖口衣边缘","0","2","2"
"口衣边缘饰","0","2","2"
"衣领上编织","0","2","2"
"青黑相问的","0","2","2"
"黑相问的图","0","2","2"
"相问的图纹","0","2","2"
"的图纹十一","0","2","2"
"图纹十一种","0","2","2"
"小绶带四种","0","2","2"
"与下裳颜色","0","2","2"
"下裳颜色相","0","2","2"
"与皇妃相同","0","2","2"
"金宝嵌金花","0","2","2"
"宝嵌金花饰","0","2","2"
"闲居穿戴的","0","2","2"
"居穿戴的服","0","2","2"
"穿戴的服饰","0","2","2"
"忠静冠帽服","0","2","2"
"静冠帽服饰","0","2","2"
"忠静冠的样","0","2","2"
"静冠的样式","0","2","2"
"按照他们的","0","2","2"
"及其余官员","0","2","2"
"服饰的不同","0","2","2"
"饰的不同样","0","2","2"
"的不同样式","0","2","2"
"保和冠服饰","0","2","2"
"王妃的礼冠","0","2","2"
"与亲王妃相","0","2","2"
"只是不用玉","0","2","2"
"前后悬挂玉","0","2","2"
"后悬挂玉串","0","2","2"
"悬挂玉串七","0","2","2"
"挂玉串七串","0","2","2"
"色衣三种图","0","2","2"
"服饰也与亲","0","2","2"
"饰也与亲王","0","2","2"
"靖七年制定","0","2","2"
"七年制定保","0","2","2"
"年制定保和","0","2","2"
"制定保和冠","0","2","2"
"定保和冠服","0","2","2"
"服饰与亲王","0","2","2"
"冠用七枝雉","0","2","2"
"用七枝雉羽","0","2","2"
"七枝雉羽装","0","2","2"
"缀三种色彩","0","2","2"
"三种色彩的","0","2","2"
"种色彩的玉","0","2","2"
"其余与亲王","0","2","2"
"余与亲王世","0","2","2"
"亲王世子相","0","2","2"
"王世子相同","0","2","2"
"大红素色绫","0","2","2"
"红素色绫罗","0","2","2"
"丹红色山矾","0","2","2"
"红色山矾花","0","2","2"
"公事的服饰","0","2","2"
"珍珠翡翠五","0","2","2"
"深青色贮丝","0","2","2"
"用金线绣成","0","2","2"
"金线绣成野","0","2","2"
"线绣成野鸡","0","2","2"
"绣成野鸡图","0","2","2"
"成野鸡图纹","0","2","2"
"图纹的半臂","0","2","2"
"纹的半臂上","0","2","2"
"的半臂上衣","0","2","2"
"青色绫罗用","0","2","2"
"色绫罗用金","0","2","2"
"绫罗用金线","0","2","2"
"与镇国将军","0","2","2"
"将军夫人相","0","2","2"
"军夫人相同","0","2","2"
"礼冠用四枝","0","2","2"
"冠用四枝雉","0","2","2"
"用四枝雉羽","0","2","2"
"四枝雉羽装","0","2","2"
"与辅国将军","0","2","2"
"与镇国中尉","0","2","2"
"国中尉相同","0","2","2"
"平常服饰为","0","2","2"
"常服饰为红","0","2","2"
"服饰为红色","0","2","2"
"饰为红色上","0","2","2"
"为红色上织","0","2","2"
"上织金线成","0","2","2"
"礼冠用三枝","0","2","2"
"冠用三枝雉","0","2","2"
"用三枝雉羽","0","2","2"
"金线刺绣鸳","0","2","2"
"线刺绣鸳鸯","0","2","2"
"刺绣鸳鸯图","0","2","2"
"绣鸳鸯图纹","0","2","2"
"与辅国中尉","0","2","2"
"只是大衫用","0","2","2"
"是大衫用丹","0","2","2"
"大衫用丹红","0","2","2"
"成孔雀图纹","0","2","2"
"孔雀图纹的","0","2","2"
"帔用金线刺","0","2","2"
"礼冠服饰与","0","2","2"
"即科举考试","0","2","2"
"县学诸生进","0","2","2"
"学诸生进入","0","2","2"
"诸生进入国","0","2","2"
"进入国子学","0","2","2"
"到这样的程","0","2","2"
"这样的程度","0","2","2"
"每月朔日和","0","2","2"
"月朔日和望","0","2","2"
"充任小吏的","0","2","2"
"二十岁以上","0","2","2"
"国子监考试","0","2","2"
"落榜的举人","0","2","2"
"确定的制度","0","2","2"
"的制度设置","0","2","2"
"从洪武八年","0","2","2"
"洪武八年开","0","2","2"
"武八年开始","0","2","2"
"考核确定教","0","2","2"
"核确定教官","0","2","2"
"理都优秀的","0","2","2"
"义一篇文章","0","2","2"
"堂完成学业","0","2","2"
"提拔为御史","0","2","2"
"官员的选拔","0","2","2"
"也称他们为","0","2","2"
"开始于永乐","0","2","2"
"于永乐年间","0","2","2"
"天下的教官","0","2","2"
"很多不愿意","0","2","2"
"入园子监的","0","2","2"
"就任教官的","0","2","2"
"学每年选贡","0","2","2"
"年选贡二人","0","2","2"
"州学二年选","0","2","2"
"学二年选贡","0","2","2"
"二年选贡三","0","2","2"
"年选贡三人","0","2","2"
"每年选贡一","0","2","2"
"隔一年选贡","0","2","2"
"一年选贡一","0","2","2"
"的规程进行","0","2","2"
"有增加或减","0","2","2"
"不愿意入国","0","2","2"
"愿意入国子","0","2","2"
"意入国子监","0","2","2"
"联合上疏说","0","2","2"
"又提出请求","0","2","2"
"在京三品以","0","2","2"
"补任中书舍","0","2","2"
"年即辛卯年","0","2","2"
"是文武官员","0","2","2"
"部上奏请示","0","2","2"
"年数和劳绩","0","2","2"
"个儿子入国","0","2","2"
"儿子入国子","0","2","2"
"四年而停止","0","2","2"
"以至于不能","0","2","2"
"都改为庶吉","0","2","2"
"都督府上奏","0","2","2"
"皇帝又召见","0","2","2"
"实习三个月","0","2","2"
"在园子监读","0","2","2"
"读书的时间","0","2","2"
"在国子监读","0","2","2"
"请求命令礼","0","2","2"
"求命令礼部","0","2","2"
"抄写职官的","0","2","2"
"写职官的档","0","2","2"
"职官的档案","0","2","2"
"官的档案黄","0","2","2"
"的档案黄簿","0","2","2"
"在各政府部","0","2","2"
"先前的提议","0","2","2"
"当时国子监","0","2","2"
"交吏部遴选","0","2","2"
"生员的数目","0","2","2"
"不合标准的","0","2","2"
"没有什么地","0","2","2"
"附近的儒学","0","2","2"
"之外增加录","0","2","2"
"外增加录取","0","2","2"
"的便是举人","0","2","2"
"生参加考试","0","2","2"
"穷尽而采用","0","2","2"
"一百一十多","0","2","2"
"开始命令两","0","2","2"
"始命令两京","0","2","2"
"听从兵部尚","0","2","2"
"请求恢复专","0","2","2"
"求恢复专设","0","2","2"
"大都督府为","0","2","2"
"给大学士杨","0","2","2"
"作为的官员","0","2","2"
"都是正一品","0","2","2"
"楚王朱桢为","0","2","2"
"王朱桢为左","0","2","2"
"加授三公的","0","2","2"
"执掌侍奉太","0","2","2"
"掌侍奉太子","0","2","2"
"辅佐教导的","0","2","2"
"不是没有道","0","2","2"
"是没有道理","0","2","2"
"没有道理的","0","2","2"
"为太子少师","0","2","2"
"各部门事务","0","2","2"
"杨士奇为礼","0","2","2"
"士奇为礼部","0","2","2"
"杨荣为太常","0","2","2"
"兼谨身殿大","0","2","2"
"华盖殿为中","0","2","2"
"盖殿为中极","0","2","2"
"殿为中极殿","0","2","2"
"所有内外官","0","2","2"
"有内外官员","0","2","2"
"政务的繁简","0","2","2"
"每个属部设","0","2","2"
"个属部设郎","0","2","2"
"不久增设侍","0","2","2"
"久增设侍郎","0","2","2"
"典史都被革","0","2","2"
"史都被革除","0","2","2"
"征收的数目","0","2","2"
"自己的土地","0","2","2"
"粮饷的制度","0","2","2"
"在京行用库","0","2","2"
"员外郎各一","0","2","2"
"外郎各一人","0","2","2"
"平蛮等将军","0","2","2"
"三寸三分见","0","2","2"
"寸三分见方","0","2","2"
"柳叶形篆文","0","2","2"
"三寸一分见","0","2","2"
"都是正三品","0","2","2"
"二寸九分见","0","2","2"
"都是从三品","0","2","2"
"以上都是直","0","2","2"
"一寸五分见","0","2","2"
"达给有关部","0","2","2"
"各番国朝见","0","2","2"
"番国派遣使","0","2","2"
"国派遣使者","0","2","2"
"派遣使者往","0","2","2"
"遣使者往来","0","2","2"
"四个清吏司","0","2","2"
"郎中各一人","0","2","2"
"纶为兵部侍","0","2","2"
"司主事各一","0","2","2"
"比部主事各","0","2","2"
"司门主事各","0","2","2"
"主事各四人","0","2","2"
"太祖与刘基","0","2","2"
"古注疏为主","0","2","2"
"在京城内焉","0","2","2"
"在京城外为","0","2","2"
"为父母服丧","0","2","2"
"皇帝的名字","0","2","2"
"皇帝驾临前","0","2","2"
"帝驾临前殿","0","2","2"
"考中进士的","0","2","2"
"士各有一定","0","2","2"
"官职授予他","0","2","2"
"亲自制定策","0","2","2"
"自制定策问","0","2","2"
"命令各行省","0","2","2"
"他们的文章","0","2","2"
"也从此时开","0","2","2"
"乡试的名额","0","2","2"
"到正统年间","0","2","2"
"洪武乙丑年","0","2","2"
"扩大五十名","0","2","2"
"事情下发礼","0","2","2"
"情下发礼部","0","2","2"
"照正统年间","0","2","2"
"年即甲戌年","0","2","2"
"都是四川人","0","2","2"
"是正德三年","0","2","2"
"个时候因为","0","2","2"
"按他的请求","0","2","2"
"他的请求办","0","2","2"
"到明朝末年","0","2","2"
"吉士的选拔","0","2","2"
"二十八宿的","0","2","2"
"固定的数额","0","2","2"
"不选庶吉士","0","2","2"
"从永乐二年","0","2","2"
"并且有才能","0","2","2"
"从天顺二年","0","2","2"
"避嫌不阅卷","0","2","2"
"张居正不高","0","2","2"
"居正不高兴","0","2","2"
"以一甲第二","0","2","2"
"名进士及第","0","2","2"
"皇帝为此贬","0","2","2"
"帝为此贬谪","0","2","2"
"主考顺天乡","0","2","2"
"考顺天乡试","0","2","2"
"王锡爵之子","0","2","2"
"锡爵之子王","0","2","2"
"爵之子王衡","0","2","2"
"王衡为第一","0","2","2"
"是大学士申","0","2","2"
"申时行的女","0","2","2"
"时行的女婿","0","2","2"
"东考中举子","0","2","2"
"用杖刑打死","0","2","2"
"魏忠贤发怒","0","2","2"
"以礼部侍郎","0","2","2"
"没有被推举","0","2","2"
"廷试第一名","0","2","2"
"临西角门廷","0","2","2"
"西角门廷试","0","2","2"
"角门廷试策","0","2","2"
"门廷试策对","0","2","2"
"以及翰林院","0","2","2"
"今天所进献","0","2","2"
"天所进献的","0","2","2"
"所记载的有","0","2","2"
"印上的文字","0","2","2"
"皇后的册符","0","2","2"
"沥粉蟠龙图","0","2","2"
"粉蟠龙图案","0","2","2"
"色绫罗嵌以","0","2","2"
"绫罗嵌以金","0","2","2"
"罗嵌以金线","0","2","2"
"外面用红色","0","2","2"
"池用黄金制","0","2","2"
"用黄金制作","0","2","2"
"宽取其能容","0","2","2"
"取其能容纳","0","2","2"
"一副放置宝","0","2","2"
"用潭金沥粉","0","2","2"
"装饰如同外","0","2","2"
"与皇后的册","0","2","2"
"匣用浑金沥","0","2","2"
"的五分之一","0","2","2"
"册符用黄金","0","2","2"
"它的形制以","0","2","2"
"的形制以及","0","2","2"
"的装饰与皇","0","2","2"
"装饰与皇后","0","2","2"
"饰与皇后的","0","2","2"
"用黄金制成","0","2","2"
"的宝玺相同","0","2","2"
"有金线的袱","0","2","2"
"金线的袱单","0","2","2"
"太子妃的金","0","2","2"
"二十八年重","0","2","2"
"十八年重新","0","2","2"
"八年重新规","0","2","2"
"与皇太子相","0","2","2"
"皇太子相同","0","2","2"
"五寸二分见","0","2","2"
"有蟠螭图案","0","2","2"
"只授予金册","0","2","2"
"宽一尺六寸","0","2","2"
"一等高九寸","0","2","2"
"一等高八寸","0","2","2"
"寸七分见方","0","2","2"
"长宽各减少","0","2","2"
"宽各减少一","0","2","2"
"各减少一分","0","2","2"
"厚度减少五","0","2","2"
"度减少五厘","0","2","2"
"于是皇上下","0","2","2"
"为占城国王","0","2","2"
"官员拿着金","0","2","2"
"十六年定下","0","2","2"
"匹马出行用","0","2","2"
"经派遣官员","0","2","2"
"在尚宝司领","0","2","2"
"主持事务的","0","2","2"
"持事务的人","0","2","2"
"都在尚宝司","0","2","2"
"举行亲蚕礼","0","2","2"
"人按法律论","0","2","2"
"按法律论处","0","2","2"
"耗牛尾制成","0","2","2"
"后面叫华盖","0","2","2"
"面叫华盖殿","0","2","2"
"面是干清官","0","2","2"
"门内是奉天","0","2","2"
"左右为东西","0","2","2"
"右为东西角","0","2","2"
"为东西角门","0","2","2"
"顺门外有殿","0","2","2"
"门外有殿叫","0","2","2"
"为左右二殿","0","2","2"
"南面是奉天","0","2","2"
"面是奉天门","0","2","2"
"它的南面是","0","2","2"
"南面是午门","0","2","2"
"共一千六百","0","2","2"
"改奉天殿为","0","2","2"
"奉天殿为皇","0","2","2"
"天殿为皇极","0","2","2"
"殿为皇极殿","0","2","2"
"亲自定名为","0","2","2"
"居住的宫殿","0","2","2"
"令中书省大","0","2","2"
"檐桷用彩色","0","2","2"
"桷用彩色绘","0","2","2"
"用彩色绘饰","0","2","2"
"不得超过五","0","2","2"
"酒杯用黄金","0","2","2"
"德十六年规","0","2","2"
"和平民百姓","0","2","2"
"平民百姓相","0","2","2"
"什么也没有","0","2","2"
"个穿紫衣的","0","2","2"
"穿紫衣的人","0","2","2"
"郭子兴与孙","0","2","2"
"子兴与孙德","0","2","2"
"兴与孙德崖","0","2","2"
"与孙德崖等","0","2","2"
"与他们共事","0","2","2"
"攻破张士诚","0","2","2"
"该如何处置","0","2","2"
"任命郭子兴","0","2","2"
"子郭天叙为","0","2","2"
"便用其年号","0","2","2"
"用其年号以","0","2","2"
"其年号以号","0","2","2"
"年号以号令","0","2","2"
"号以号令军","0","2","2"
"以号令军中","0","2","2"
"守备必然牢","0","2","2"
"备必然牢固","0","2","2"
"海牙于采石","0","2","2"
"徐达进攻镇","0","2","2"
"达进攻镇江","0","2","2"
"至正十八年","0","2","2"
"任命康茂才","0","2","2"
"命康茂才为","0","2","2"
"胡大海攻陷","0","2","2"
"元将察罕帖","0","2","2"
"将察罕帖木","0","2","2"
"友谅攻陷太","0","2","2"
"谅攻陷太平","0","2","2"
"于是常遇春","0","2","2"
"乘小船逃走","0","2","2"
"于是收复太","0","2","2"
"是收复太平","0","2","2"
"任命宋濂为","0","2","2"
"至正二十一","0","2","2"
"正二十一年","0","2","2"
"方国珍派使","0","2","2"
"国珍派使者","0","2","2"
"元朝平章察","0","2","2"
"朝平章察罕","0","2","2"
"追击陈友谅","0","2","2"
"院判耿再成","0","2","2"
"邓愈镇守洪","0","2","2"
"愈镇守洪都","0","2","2"
"守将谢再兴","0","2","2"
"陈友谅听说","0","2","2"
"定边直冲太","0","2","2"
"边直冲太祖","0","2","2"
"射中张定边","0","2","2"
"船才得以脱","0","2","2"
"才得以脱险","0","2","2"
"到下午三时","0","2","2"
"命令敢死队","0","2","2"
"火焚烧陈友","0","2","2"
"焚烧陈友谅","0","2","2"
"死者不计其","0","2","2"
"者不计其数","0","2","2"
"天下就不难","0","2","2"
"冬十月七日","0","2","2"
"徐达为左相","0","2","2"
"达为左相国","0","2","2"
"告诫他们说","0","2","2"
"应引以为鉴","0","2","2"
"祭祀丁普郎","0","2","2"
"徐达攻克庐","0","2","2"
"达攻克庐州","0","2","2"
"熊天瑞投降","0","2","2"
"参军胡深将","0","2","2"
"张士诚进攻","0","2","2"
"梅思祖以城","0","2","2"
"思祖以城投","0","2","2"
"祖以城投降","0","2","2"
"三州相继收","0","2","2"
"州相继收复","0","2","2"
"在钟山的南","0","2","2"
"钟山的南面","0","2","2"
"可以一举而","0","2","2"
"李文忠攻下","0","2","2"
"元朝扩廓帖","0","2","2"
"朝扩廓帖木","0","2","2"
"姓更加困苦","0","2","2"
"五月二十四","0","2","2"
"秋七月初二","0","2","2"
"其父母妻子","0","2","2"
"方国珍逃入","0","2","2"
"国珍逃入海","0","2","2"
"珍逃入海上","0","2","2"
"为征南副将","0","2","2"
"方国珍投降","0","2","2"
"徐达攻下济","0","2","2"
"叛蛮并平定","0","2","2"
"释放李时勉","0","2","2"
"阿鲁台被瓦","0","2","2"
"鲁台被瓦剌","0","2","2"
"阿鲁台侵犯","0","2","2"
"郑和又出使","0","2","2"
"和又出使西","0","2","2"
"又出使西洋","0","2","2"
"远远超过汉","0","2","2"
"殿大宴群臣","0","2","2"
"黄河在河南","0","2","2"
"的家属迁到","0","2","2"
"要使天下没","0","2","2"
"使天下没有","0","2","2"
"天下没有遗","0","2","2"
"下没有遗漏","0","2","2"
"没有遗漏的","0","2","2"
"而没有听说","0","2","2"
"侯耿炳文在","0","2","2"
"在陕西屯田","0","2","2"
"将孝慈皇后","0","2","2"
"派遣御史审","0","2","2"
"九月二十三","0","2","2"
"被封为征南","0","2","2"
"封为征南将","0","2","2"
"龙泉山贼寇","0","2","2"
"并予以平定","0","2","2"
"除京畿内当","0","2","2"
"京畿内当年","0","2","2"
"的一半田租","0","2","2"
"平发生水灾","0","2","2"
"十月十九日","0","2","2"
"八年正月初","0","2","2"
"年正月初九","0","2","2"
"担任翰林院","0","2","2"
"八月二十一","0","2","2"
"赈济河南水","0","2","2"
"济河南水灾","0","2","2"
"其子孙后代","0","2","2"
"五开蛮叛乱","0","2","2"
"九年正月四","0","2","2"
"耕耘耒昔田","0","2","2"
"慰问年纪大","0","2","2"
"问年纪大的","0","2","2"
"十岁以上赐","0","2","2"
"十岁以上为","0","2","2"
"并加一级俸","0","2","2"
"任太守县令","0","2","2"
"六月二十二","0","2","2"
"设置大宁都","0","2","2"
"定侯郭英为","0","2","2"
"侯郭英为副","0","2","2"
"宁侯叶升在","0","2","2"
"马龙他郎甸","0","2","2"
"泰等进士及","0","2","2"
"四月十二日","0","2","2"
"子地保奴及","0","2","2"
"这一年有高","0","2","2"
"一年有高丽","0","2","2"
"安南黎季睺","0","2","2"
"南黎季睺杀","0","2","2"
"将大宗正院","0","2","2"
"大宗正院改","0","2","2"
"宗正院改为","0","2","2"
"正院改为宗","0","2","2"
"院改为宗人","0","2","2"
"晋王朱木罔","0","2","2"
"等在湖广练","0","2","2"
"在湖广练兵","0","2","2"
"王朱木肃犯","0","2","2"
"朱木肃犯罪","0","2","2"
"年一月三日","0","2","2"
"叶升为副将","0","2","2"
"陆仲亨等人","0","2","2"
"胡惟庸一案","0","2","2"
"派遣官吏治","0","2","2"
"遣官吏治理","0","2","2"
"免除山东受","0","2","2"
"除山东受灾","0","2","2"
"山东受灾之","0","2","2"
"东受灾之地","0","2","2"
"封皇子朱木","0","2","2"
"长时间干旱","0","2","2"
"讨伐哈梅里","0","2","2"
"人出使西域","0","2","2"
"灾地方的田","0","2","2"
"皇太子返回","0","2","2"
"水灾之地的","0","2","2"
"十四人分别","0","2","2"
"允火文为皇","0","2","2"
"火文为皇太","0","2","2"
"文为皇太孙","0","2","2"
"六年正月二","0","2","2"
"晋王朱木冈","0","2","2"
"文在陕西练","0","2","2"
"在陕西练兵","0","2","2"
"在浙江防备","0","2","2"
"浙江防备倭","0","2","2"
"江防备倭寇","0","2","2"
"辞官的武将","0","2","2"
"被封为平羌","0","2","2"
"封为平羌将","0","2","2"
"将军前往征","0","2","2"
"兵官周兴出","0","2","2"
"到甫答迷城","0","2","2"
"的人要从重","0","2","2"
"洪武二十九","0","2","2"
"武二十九年","0","2","2"
"率兵巡视大","0","2","2"
"封耿炳文为","0","2","2"
"耿炳文为征","0","2","2"
"第等不同的","0","2","2"
"等不同的出","0","2","2"
"四月十七日","0","2","2"
"忠等人以进","0","2","2"
"犯罪被赐死","0","2","2"
"担任征虏将","0","2","2"
"任征虏将军","0","2","2"
"等人为将军","0","2","2"
"的人建议要","0","2","2"
"为扩廓帖木","0","2","2"
"自西汉以后","0","2","2"
"他留守北京","0","2","2"
"因南京多次","0","2","2"
"南京多次发","0","2","2"
"京多次发生","0","2","2"
"仁宗身体不","0","2","2"
"秋七月八日","0","2","2"
"征讨大藤峡","0","2","2"
"告诉法官谨","0","2","2"
"诉法官谨慎","0","2","2"
"溥入文渊阁","0","2","2"
"推举廉洁奉","0","2","2"
"举廉洁奉公","0","2","2"
"顾兴祖平定","0","2","2"
"薛禄为镇朔","0","2","2"
"禄为镇朔大","0","2","2"
"氵孛泥入朝","0","2","2"
"孛泥入朝进","0","2","2"
"泥入朝进贡","0","2","2"
"罪以下囚犯","0","2","2"
"十三日回宫","0","2","2"
"将军充任总","0","2","2"
"军充任总兵","0","2","2"
"下诏赦免交","0","2","2"
"诏赦免交趾","0","2","2"
"赦免交趾之","0","2","2"
"免交趾之罪","0","2","2"
"复奏然后执","0","2","2"
"奏然后执行","0","2","2"
"湖广采伐木","0","2","2"
"广采伐木料","0","2","2"
"冬十月十八","0","2","2"
"是由于教化","0","2","2"
"审查记录囚","0","2","2"
"查记录囚犯","0","2","2"
"记录囚犯罪","0","2","2"
"被逮捕惩治","0","2","2"
"遇伏兵战死","0","2","2"
"与黎利结盟","0","2","2"
"因皇长子降","0","2","2"
"皇长子降生","0","2","2"
"年税粮的三","0","2","2"
"税粮的三分","0","2","2"
"粮的三分之","0","2","2"
"德三年正月","0","2","2"
"陈怀平定松","0","2","2"
"怀平定松藩","0","2","2"
"平定松藩叛","0","2","2"
"定松藩叛蛮","0","2","2"
"贵妃孙氏为","0","2","2"
"妃孙氏为皇","0","2","2"
"孙氏为皇后","0","2","2"
"四月十一日","0","2","2"
"闰四月二十","0","2","2"
"北京行部及","0","2","2"
"京行部及行","0","2","2"
"行部及行后","0","2","2"
"部及行后军","0","2","2"
"及行后军都","0","2","2"
"率精骑三千","0","2","2"
"骑三千人前","0","2","2"
"亲自巡察喜","0","2","2"
"自巡察喜峰","0","2","2"
"巡察喜峰口","0","2","2"
"德四年正月","0","2","2"
"巡幸文渊阁","0","2","2"
"告诉法官审","0","2","2"
"诉法官审查","0","2","2"
"停止工部采","0","2","2"
"减免田租一","0","2","2"
"免田租一年","0","2","2"
"奉皇太后之","0","2","2"
"皇太后之命","0","2","2"
"写成文以为","0","2","2"
"害百姓不亚","0","2","2"
"百姓不亚于","0","2","2"
"城堡兵备情","0","2","2"
"堡兵备情况","0","2","2"
"德六年正月","0","2","2"
"引黄河水到","0","2","2"
"全权代理安","0","2","2"
"权代理安南","0","2","2"
"代理安南国","0","2","2"
"分别派遣御","0","2","2"
"减免十分之","0","2","2"
"免十分之三","0","2","2"
"不得有任何","0","2","2"
"免山西欠交","0","2","2"
"山西欠交赋","0","2","2"
"三品以上推","0","2","2"
"不称职官员","0","2","2"
"湖州遭水灾","0","2","2"
"州遭水灾后","0","2","2"
"遭水灾后税","0","2","2"
"江伯陈王宣","0","2","2"
"德八年正月","0","2","2"
"免今年夏税","0","2","2"
"官吏各推举","0","2","2"
"萧授平定贵","0","2","2"
"授平定贵州","0","2","2"
"七月二十一","0","2","2"
"闰八月一日","0","2","2"
"德九年正月","0","2","2"
"率兵巡察边","0","2","2"
"江西发生饥","0","2","2"
"库粮食赈济","0","2","2"
"宣德十年正","0","2","2"
"十年正月初","0","2","2"
"文武百官在","0","2","2"
"百官在文华","0","2","2"
"谒见皇太子","0","2","2"
"之所以能够","0","2","2"
"祀天地于南","0","2","2"
"邓愈为征戍","0","2","2"
"愈为征戍将","0","2","2"
"为征戍将军","0","2","2"
"百姓休养生","0","2","2"
"姓休养生息","0","2","2"
"遇春攻克东","0","2","2"
"春攻克东昌","0","2","2"
"在太庙举行","0","2","2"
"太庙举行大","0","2","2"
"廖永忠攻下","0","2","2"
"讨伐罪人安","0","2","2"
"四方水旱灾","0","2","2"
"死罪以下的","0","2","2"
"有关部门应","0","2","2"
"常遇春进取","0","2","2"
"士共同治理","0","2","2"
"祀上帝于圜","0","2","2"
"上帝于圜丘","0","2","2"
"在鸡笼山立","0","2","2"
"已有十五年","0","2","2"
"秋七月七日","0","2","2"
"常遇春死于","0","2","2"
"遇春死于军","0","2","2"
"廓帖木儿遣","0","2","2"
"李文忠将其","0","2","2"
"太祖派杨王","0","2","2"
"祖派杨王景","0","2","2"
"群臣请求祭","0","2","2"
"附带祭仁祖","0","2","2"
"西安各府饥","0","2","2"
"安各府饥荒","0","2","2"
"封郭子兴为","0","2","2"
"郭子兴为滁","0","2","2"
"子兴为滁阳","0","2","2"
"兴为滁阳王","0","2","2"
"兵察罕脑儿","0","2","2"
"太祖下诏令","0","2","2"
"太子诸王在","0","2","2"
"太祖在南郊","0","2","2"
"将吴友仁侵","0","2","2"
"吴友仁侵犯","0","2","2"
"友仁侵犯汉","0","2","2"
"仁侵犯汉中","0","2","2"
"德将其击败","0","2","2"
"八月二十九","0","2","2"
"坛亲自祭祀","0","2","2"
"四年春一月","0","2","2"
"年春一月二","0","2","2"
"春一月二日","0","2","2"
"汪广洋为右","0","2","2"
"广洋为右丞","0","2","2"
"洋为右丞相","0","2","2"
"中山侯汤和","0","2","2"
"徐达在北平","0","2","2"
"在北平练兵","0","2","2"
"以后三年一","0","2","2"
"迁徙山后民","0","2","2"
"夏四月四日","0","2","2"
"友德攻克阶","0","2","2"
"秋八月一日","0","2","2"
"冬十月十七","0","2","2"
"官吏犯贪赃","0","2","2"
"元梁王把匝","0","2","2"
"蓝玉在土剌","0","2","2"
"玉在土剌河","0","2","2"
"在土剌河击","0","2","2"
"土剌河击败","0","2","2"
"剌河击败扩","0","2","2"
"河击败扩廓","0","2","2"
"制定宦官禁","0","2","2"
"皇太子陈述","0","2","2"
"史和按察使","0","2","2"
"夏四月十八","0","2","2"
"帖木儿进犯","0","2","2"
"赈救真定饥","0","2","2"
"救真定饥荒","0","2","2"
"帝身体不适","0","2","2"
"录用故功臣","0","2","2"
"用故功臣子","0","2","2"
"行祭于圜丘","0","2","2"
"祯任总兵官","0","2","2"
"都督蓝玉在","0","2","2"
"纳哈出进犯","0","2","2"
"哈出进犯辽","0","2","2"
"冬十月九日","0","2","2"
"沐英为副将","0","2","2"
"武臣子弟在","0","2","2"
"合祀天地于","0","2","2"
"武十一年春","0","2","2"
"六十五万多","0","2","2"
"济平阳饥荒","0","2","2"
"二年春一月","0","2","2"
"年春一月十","0","2","2"
"之士到京师","0","2","2"
"周德兴率军","0","2","2"
"给事中和春","0","2","2"
"事中和春坊","0","2","2"
"定第二年为","0","2","2"
"子孙后代的","0","2","2"
"祭祀大社大","0","2","2"
"冬十月初六","0","2","2"
"三月十六日","0","2","2"
"诏令内外官","0","2","2"
"令内外官员","0","2","2"
"春正月十八","0","2","2"
"在皇极门召","0","2","2"
"皇极门召见","0","2","2"
"去第二年元","0","2","2"
"第二年元夕","0","2","2"
"二年元夕灯","0","2","2"
"春正月初七","0","2","2"
"秋八月十一","0","2","2"
"朝廷免除淮","0","2","2"
"冬十月初三","0","2","2"
"京城南郊祭","0","2","2"
"十二月初七","0","2","2"
"因谈论张居","0","2","2"
"谈论张居正","0","2","2"
"翊钧诏谕吏","0","2","2"
"派遣御史督","0","2","2"
"哈密前来朝","0","2","2"
"密前来朝贡","0","2","2"
"等为进士及","0","2","2"
"黄河又在崔","0","2","2"
"河又在崔镇","0","2","2"
"又在崔镇决","0","2","2"
"闰八月初一","0","2","2"
"立王氏为皇","0","2","2"
"王氏为皇后","0","2","2"
"夏四月十四","0","2","2"
"秋七月初八","0","2","2"
"免除其税粮","0","2","2"
"完成黄河决","0","2","2"
"成黄河决口","0","2","2"
"宫皇太后到","0","2","2"
"秋八月十六","0","2","2"
"春二月初四","0","2","2"
"杭州发生兵","0","2","2"
"倭寇侵犯温","0","2","2"
"寇侵犯温州","0","2","2"
"张居正死去","0","2","2"
"乌斯藏曾来","0","2","2"
"闰二月十一","0","2","2"
"袭顺义王封","0","2","2"
"顺义王封号","0","2","2"
"缅甸侵犯永","0","2","2"
"甸侵犯永昌","0","2","2"
"谒恭让章皇","0","2","2"
"十八日回宫","0","2","2"
"免除其田租","0","2","2"
"到天寿山拜","0","2","2"
"天寿山拜谒","0","2","2"
"河南发生水","0","2","2"
"夏四月初九","0","2","2"
"受灾地方的","0","2","2"
"春正月十九","0","2","2"
"举行盛大祈","0","2","2"
"行盛大祈雨","0","2","2"
"盛大祈雨祭","0","2","2"
"大祈雨祭祀","0","2","2"
"慈宁宫建成","0","2","2"
"叛军被平定","0","2","2"
"这一年有土","0","2","2"
"一年有土鲁","0","2","2"
"年有土鲁番","0","2","2"
"朱翊钧又命","0","2","2"
"赈济江西灾","0","2","2"
"济江西灾害","0","2","2"
"又发生旱灾","0","2","2"
"分别给予减","0","2","2"
"别给予减免","0","2","2"
"给予减免赋","0","2","2"
"予减免赋税","0","2","2"
"发生灾害为","0","2","2"
"生灾害为由","0","2","2"
"士申时行奏","0","2","2"
"发留在宫禁","0","2","2"
"留在宫禁中","0","2","2"
"在宫禁中的","0","2","2"
"十一月初三","0","2","2"
"春三月初十","0","2","2"
"的夏粮赋税","0","2","2"
"令从太仓取","0","2","2"
"从太仓取银","0","2","2"
"太仓取银二","0","2","2"
"二十万两充","0","2","2"
"十五日回宫","0","2","2"
"甘肃发生兵","0","2","2"
"肃发生兵变","0","2","2"
"罢免和升迁","0","2","2"
"黄河决口筑","0","2","2"
"朱翊钧告诫","0","2","2"
"夏四月十三","0","2","2"
"召见内阁大","0","2","2"
"见内阁大臣","0","2","2"
"臣商议边防","0","2","2"
"遭受战乱的","0","2","2"
"派遣朝廷大","0","2","2"
"遣朝廷大臣","0","2","2"
"在莽剌川打","0","2","2"
"莽剌川打败","0","2","2"
"五月十八日","0","2","2"
"臣争相请求","0","2","2"
"河南受灾地","0","2","2"
"一同兼任东","0","2","2"
"同兼任东阁","0","2","2"
"以赈济和减","0","2","2"
"赈济和减免","0","2","2"
"被削除官籍","0","2","2"
"兵官李如松","0","2","2"
"河套部进犯","0","2","2"
"冬十月十六","0","2","2"
"贼寇已被平","0","2","2"
"寇已被平定","0","2","2"
"二月二十九","0","2","2"
"夏四月十九","0","2","2"
"诏令天下各","0","2","2"
"令天下各地","0","2","2"
"命内外诸臣","0","2","2"
"皇长子朱常","0","2","2"
"长子朱常洛","0","2","2"
"同时兼任东","0","2","2"
"时兼任东阁","0","2","2"
"河套部敌军","0","2","2"
"炒花进犯辽","0","2","2"
"花进犯辽东","0","2","2"
"夏五月二十","0","2","2"
"达云将其击","0","2","2"
"云将其击败","0","2","2"
"恢复建文年","0","2","2"
"朱翊钧命群","0","2","2"
"翊钧命群臣","0","2","2"
"钧命群臣修","0","2","2"
"敌军进犯甘","0","2","2"
"圣皇太后驾","0","2","2"
"奏请朱翊钧","0","2","2"
"担任佥都御","0","2","2"
"的佥都御史","0","2","2"
"总兵官陈瞞","0","2","2"
"讨伐杨应龙","0","2","2"
"而令群臣修","0","2","2"
"进献地方特","0","2","2"
"春正月十三","0","2","2"
"原礼部尚书","0","2","2"
"常洛为皇太","0","2","2"
"洛为皇太子","0","2","2"
"为由令群臣","0","2","2"
"由令群臣修","0","2","2"
"恢复河套各","0","2","2"
"复河套各部","0","2","2"
"十二月初五","0","2","2"
"雷火焚烧了","0","2","2"
"平定播州的","0","2","2"
"凤阳遭受大","0","2","2"
"部进犯延绥","0","2","2"
"官军将其击","0","2","2"
"九月二十九","0","2","2"
"兵官沐睿又","0","2","2"
"北发生饥荒","0","2","2"
"六月二十五","0","2","2"
"御史陈用宾","0","2","2"
"夏四月初二","0","2","2"
"释放轻罪犯","0","2","2"
"侍郎方从哲","0","2","2"
"东发生水灾","0","2","2"
"孙慎行上疏","0","2","2"
"叶向高辞官","0","2","2"
"徐州黄河决","0","2","2"
"夏五月初四","0","2","2"
"蓟州一男子","0","2","2"
"州一男子张","0","2","2"
"张差手持木","0","2","2"
"手持木棒闯","0","2","2"
"持木棒闯入","0","2","2"
"木棒闯入慈","0","2","2"
"棒闯入慈庆","0","2","2"
"闯入慈庆宫","0","2","2"
"打伤守门的","0","2","2"
"主事王之肕","0","2","2"
"赈济京师饥","0","2","2"
"济京师饥民","0","2","2"
"部落进犯延","0","2","2"
"落进犯延绥","0","2","2"
"河套部落首","0","2","2"
"套部落首领","0","2","2"
"赈济江西饥","0","2","2"
"济江西饥荒","0","2","2"
"未得到及时","0","2","2"
"得到及时答","0","2","2"
"到及时答复","0","2","2"
"加派全国田","0","2","2"
"派全国田租","0","2","2"
"全国田租赋","0","2","2"
"国田租赋税","0","2","2"
"朝廷大臣纷","0","2","2"
"廷大臣纷纷","0","2","2"
"发放币金百","0","2","2"
"放币金百万","0","2","2"
"黄河水清澈","0","2","2"
"河水清澈三","0","2","2"
"水清澈三天","0","2","2"
"在乾清宫召","0","2","2"
"宗死于乾清","0","2","2"
"八年八月以","0","2","2"
"年八月以后","0","2","2"
"八月以后为","0","2","2"
"月以后为泰","0","2","2"
"以后为泰昌","0","2","2"
"后为泰昌元","0","2","2"
"有深谋远虑","0","2","2"
"于万历三十","0","2","2"
"妃周氏为皇","0","2","2"
"安置于凤阳","0","2","2"
"举连坐之法","0","2","2"
"皇长子朱慈","0","2","2"
"长子朱慈火","0","2","2"
"子朱慈火良","0","2","2"
"杀掉毛文龙","0","2","2"
"因天旱很久","0","2","2"
"居文华殿行","0","2","2"
"文华殿行斋","0","2","2"
"副使刘可训","0","2","2"
"使刘可训在","0","2","2"
"清兵进入大","0","2","2"
"兵进入大安","0","2","2"
"进入大安口","0","2","2"
"孙承宗为兵","0","2","2"
"承宗为兵部","0","2","2"
"宗为兵部尚","0","2","2"
"召见袁崇焕","0","2","2"
"兵攻克永平","0","2","2"
"逮捕总督蓟","0","2","2"
"捕总督蓟辽","0","2","2"
"韩火广辞官","0","2","2"
"追击张献忠","0","2","2"
"击张献忠于","0","2","2"
"崇祯四年正","0","2","2"
"祯四年正月","0","2","2"
"四年正月五","0","2","2"
"赈救延绥饥","0","2","2"
"分兵攻陷合","0","2","2"
"不久又反叛","0","2","2"
"州打败流贼","0","2","2"
"击败并斩杀","0","2","2"
"副将何可纲","0","2","2"
"被丢尸弃市","0","2","2"
"逮捕刘宇烈","0","2","2"
"捕刘宇烈下","0","2","2"
"民争先恐后","0","2","2"
"争先恐后跟","0","2","2"
"在三个月之","0","2","2"
"总兵官邓王","0","2","2"
"兵官邓王巳","0","2","2"
"向大清兵投","0","2","2"
"大清兵投降","0","2","2"
"放钱币赈救","0","2","2"
"沛县黄河决","0","2","2"
"达两月之久","0","2","2"
"李自成再次","0","2","2"
"据守居庸关","0","2","2"
"大多没有守","0","2","2"
"征剿李自成","0","2","2"
"相等英勇战","0","2","2"
"部全部投降","0","2","2"
"官军在乱马","0","2","2"
"军在乱马川","0","2","2"
"下诏责罚自","0","2","2"
"诏责罚自己","0","2","2"
"将士同甘共","0","2","2"
"但未来得及","0","2","2"
"在遗诏中说","0","2","2"
"遗诏中说明","0","2","2"
"年为天启元","0","2","2"
"为天启元年","0","2","2"
"代替熊廷弼","0","2","2"
"龙为副总兵","0","2","2"
"给事中倪思","0","2","2"
"奢崇明围攻","0","2","2"
"崇明围攻成","0","2","2"
"明围攻成都","0","2","2"
"升为佥都御","0","2","2"
"石石主宣抚","0","2","2"
"派遣使臣谕","0","2","2"
"一起进入关","0","2","2"
"起进入关内","0","2","2"
"文龙为总兵","0","2","2"
"宗牌位被供","0","2","2"
"牌位被供于","0","2","2"
"位被供于太","0","2","2"
"被供于太庙","0","2","2"
"孙承宗以原","0","2","2"
"承宗以原官","0","2","2"
"总兵刘超在","0","2","2"
"在陆广河战","0","2","2"
"陆广河战败","0","2","2"
"奢崇明逃到","0","2","2"
"上疏陈述防","0","2","2"
"疏陈述防守","0","2","2"
"被投下镇抚","0","2","2"
"封李亻宗为","0","2","2"
"李亻宗为朝","0","2","2"
"亻宗为朝鲜","0","2","2"
"宗为朝鲜国","0","2","2"
"并投下镇抚","0","2","2"
"天启五年正","0","2","2"
"启五年正月","0","2","2"
"将杨明辉前","0","2","2"
"杨明辉前往","0","2","2"
"明辉前往招","0","2","2"
"封魏忠贤之","0","2","2"
"祯十一年正","0","2","2"
"贺逢圣辞官","0","2","2"
"逢圣辞官退","0","2","2"
"圣辞官退职","0","2","2"
"告诉廷臣修","0","2","2"
"诉廷臣修身","0","2","2"
"廷臣修身反","0","2","2"
"同兼东阁大","0","2","2"
"仍然掌管兵","0","2","2"
"然掌管兵部","0","2","2"
"清兵进入墙","0","2","2"
"兵进入墙子","0","2","2"
"退职大学士","0","2","2"
"因时事艰难","0","2","2"
"德王朱由枢","0","2","2"
"王朱由枢被","0","2","2"
"被活捉处死","0","2","2"
"率军征讨贼","0","2","2"
"军征讨贼军","0","2","2"
"左良玉为平","0","2","2"
"良玉为平贼","0","2","2"
"玉为平贼将","0","2","2"
"京师南郊祭","0","2","2"
"救京师饥民","0","2","2"
"赈救畿内饥","0","2","2"
"救畿内饥荒","0","2","2"
"石石主女土","0","2","2"
"石主女土官","0","2","2"
"主女土官秦","0","2","2"
"因逃走幸免","0","2","2"
"被斩首示众","0","2","2"
"逮捕薛国观","0","2","2"
"祯十四年正","0","2","2"
"总兵官猛如","0","2","2"
"兵官猛如虎","0","2","2"
"征讨李自成","0","2","2"
"封皇子朱慈","0","2","2"
"领京师军队","0","2","2"
"东官军征讨","0","2","2"
"侍郎吴生生","0","2","2"
"贬官戍边各","0","2","2"
"官戍边各有","0","2","2"
"戍边各有不","0","2","2"
"安庆发生兵","0","2","2"
"庆发生兵变","0","2","2"
"各镇兵入京","0","2","2"
"镇兵入京救","0","2","2"
"兵全部溃败","0","2","2"
"辅佐军国大","0","2","2"
"佐军国大事","0","2","2"
"坏奉天殿上","0","2","2"
"朝廷大臣私","0","2","2"
"廷大臣私下","0","2","2"
"李自成接连","0","2","2"
"自成接连攻","0","2","2"
"成接连攻陷","0","2","2"
"祯十七年正","0","2","2"
"凤阳发生地","0","2","2"
"得到皇帝同","0","2","2"
"到皇帝同意","0","2","2"
"因缺乏粮食","0","2","2"
"各要害位置","0","2","2"
"下诏天下救","0","2","2"
"诏天下救援","0","2","2"
"天下救援京","0","2","2"
"下救援京师","0","2","2"
"命令文武百","0","2","2"
"令文武百官","0","2","2"
"让皇太子去","0","2","2"
"皇太子去江","0","2","2"
"太子去江南","0","2","2"
"子去江南抚","0","2","2"
"去江南抚慰","0","2","2"
"帝都不允许","0","2","2"
"见文武百官","0","2","2"
"各位大臣害","0","2","2"
"庄烈帝及皇","0","2","2"
"烈帝及皇后","0","2","2"
"到了不可挽","0","2","2"
"了不可挽救","0","2","2"
"不可挽救的","0","2","2"
"可挽救的地","0","2","2"
"挽救的地步","0","2","2"
"不沉溺于声","0","2","2"
"沉溺于声色","0","2","2"
"难道不是天","0","2","2"
"能知人善任","0","2","2"
"逮捕燕王府","0","2","2"
"拥兵数万人","0","2","2"
"州赶来增援","0","2","2"
"一半在滹沱","0","2","2"
"半在滹沱河","0","2","2"
"在滹沱河以","0","2","2"
"滹沱河以北","0","2","2"
"听说耿炳文","0","2","2"
"及朵颜三卫","0","2","2"
"迷失了方向","0","2","2"
"朱棣亲率精","0","2","2"
"棣亲率精骑","0","2","2"
"亲率精骑迎","0","2","2"
"派大理少卿","0","2","2"
"燕军粮饷道","0","2","2"
"军粮饷道路","0","2","2"
"冬十月二日","0","2","2"
"斩杀数万人","0","2","2"
"建文四年春","0","2","2"
"文四年春正","0","2","2"
"大败平安军","0","2","2"
"军一分为二","0","2","2"
"庆成郡主到","0","2","2"
"陈蠧率舟师","0","2","2"
"恢复周王朱","0","2","2"
"复周王朱木","0","2","2"
"等十一人为","0","2","2"
"徐氏为皇后","0","2","2"
"有关军民利","0","2","2"
"抚恤百姓的","0","2","2"
"嫡长子之位","0","2","2"
"朝廷赐给世","0","2","2"
"我只知道尽","0","2","2"
"自己的职责","0","2","2"
"己的职责而","0","2","2"
"列举七件事","0","2","2"
"侯郑亨镇守","0","2","2"
"郑亨镇守大","0","2","2"
"亨镇守大同","0","2","2"
"如往常一样","0","2","2"
"征讨广西叛","0","2","2"
"开封附近黄","0","2","2"
"封附近黄河","0","2","2"
"附近黄河涨","0","2","2"
"近黄河涨水","0","2","2"
"命令从今起","0","2","2"
"书吕震请求","0","2","2"
"参与重要事","0","2","2"
"与重要事务","0","2","2"
"立妃张氏为","0","2","2"
"朱瞻基为皇","0","2","2"
"瞻基为皇太","0","2","2"
"会同大学士","0","2","2"
"天门审查囚","0","2","2"
"门审查囚犯","0","2","2"
"等二十人为","0","2","2"
"论时政得失","0","2","2"
"军轮番到京","0","2","2"
"应当引以为","0","2","2"
"当引以为戒","0","2","2"
"告诫群臣修","0","2","2"
"诫群臣修身","0","2","2"
"顺便祭太祖","0","2","2"
"钱钞各有差","0","2","2"
"钞各有差别","0","2","2"
"全部依法律","0","2","2"
"有关官吏征","0","2","2"
"因谈论政事","0","2","2"
"终年四十八","0","2","2"
"年四十八岁","0","2","2"
"仁宗以世子","0","2","2"
"成祖在奉天","0","2","2"
"送诏书给鬼","0","2","2"
"诏书给鬼力","0","2","2"
"书给鬼力赤","0","2","2"
"掩埋露于战","0","2","2"
"为大宁都司","0","2","2"
"夏四月一日","0","2","2"
"夏原吉治理","0","2","2"
"原吉治理苏","0","2","2"
"捕捉山东蝗","0","2","2"
"捉山东蝗虫","0","2","2"
"流放罪以下","0","2","2"
"开始命令内","0","2","2"
"世子高炽及","0","2","2"
"王朱允火熙","0","2","2"
"侯李彬镇守","0","2","2"
"王友充任总","0","2","2"
"友充任总兵","0","2","2"
"七月二十三","0","2","2"
"民一万户充","0","2","2"
"一万户充实","0","2","2"
"万户充实北","0","2","2"
"户充实北京","0","2","2"
"黄河河水清","0","2","2"
"河河水清澈","0","2","2"
"开封发生地","0","2","2"
"封发生地震","0","2","2"
"州水灾地区","0","2","2"
"大祭天地鬼","0","2","2"
"祭天地鬼神","0","2","2"
"齐王朱犯罪","0","2","2"
"琉球中山三","0","2","2"
"球中山三次","0","2","2"
"中山三次入","0","2","2"
"山三次入朝","0","2","2"
"三次入朝进","0","2","2"
"朱能为征夷","0","2","2"
"能为征夷将","0","2","2"
"重申诽谤禁","0","2","2"
"申诽谤禁令","0","2","2"
"朱能死于军","0","2","2"
"能死于军中","0","2","2"
"进献给太庙","0","2","2"
"败安南军于","0","2","2"
"出任广西参","0","2","2"
"逮捕并惩治","0","2","2"
"设交趾布政","0","2","2"
"州叛乱蛮夷","0","2","2"
"在奉天门接","0","2","2"
"永乐五年以","0","2","2"
"乐五年以前","0","2","2"
"五年以前欠","0","2","2"
"司不急办事","0","2","2"
"论平定交趾","0","2","2"
"沐晟与简定","0","2","2"
"国王前来朝","0","2","2"
"上元节假日","0","2","2"
"大败本雅失","0","2","2"
"皇长孙朱瞻","0","2","2"
"长孙朱瞻基","0","2","2"
"皇太子审查","0","2","2"
"太子审查囚","0","2","2"
"子审查囚犯","0","2","2"
"名骑兵逃跑","0","2","2"
"败哈剌马牙","0","2","2"
"并乘胜追击","0","2","2"
"派使臣进贡","0","2","2"
"使臣进贡马","0","2","2"
"臣进贡马匹","0","2","2"
"兵捕捉海盗","0","2","2"
"开凿会通河","0","2","2"
"诏有关部门","0","2","2"
"写成文作为","0","2","2"
"成文作为法","0","2","2"
"文作为法令","0","2","2"
"免陕西欠交","0","2","2"
"陕西欠交赋","0","2","2"
"为征夷副将","0","2","2"
"闰十二月一","0","2","2"
"陈述军民利","0","2","2"
"述军民利弊","0","2","2"
"派使臣赈救","0","2","2"
"入朝朝见官","0","2","2"
"述民间疾苦","0","2","2"
"南欠交赋税","0","2","2"
"郡县有关部","0","2","2"
"县有关部门","0","2","2"
"一年正月一","0","2","2"
"奉皇太后为","0","2","2"
"朵儿只伯侵","0","2","2"
"儿只伯侵犯","0","2","2"
"听群臣讲经","0","2","2"
"群臣讲经论","0","2","2"
"征讨阿台朵","0","2","2"
"讨阿台朵儿","0","2","2"
"一月二十四","0","2","2"
"官推举能胜","0","2","2"
"济河南饥馑","0","2","2"
"三年三月十","0","2","2"
"年三月十五","0","2","2"
"部尚书胡氵","0","2","2"
"令杂犯死罪","0","2","2"
"告诉群臣修","0","2","2"
"诉群臣修身","0","2","2"
"沿海防备倭","0","2","2"
"海防备倭寇","0","2","2"
"整治备荒政","0","2","2"
"治备荒政事","0","2","2"
"被押送到京","0","2","2"
"在锦衣卫狱","0","2","2"
"应该有日食","0","2","2"
"因灾害异常","0","2","2"
"审查在京师","0","2","2"
"查在京师刑","0","2","2"
"科给事中郭","0","2","2"
"审查南京刑","0","2","2"
"南京刑狱案","0","2","2"
"京刑狱案件","0","2","2"
"刑于长安门","0","2","2"
"所卖去的子","0","2","2"
"卖去的子女","0","2","2"
"雷电震动奉","0","2","2"
"电震动奉天","0","2","2"
"震动奉天殿","0","2","2"
"动奉天殿上","0","2","2"
"兀良哈进贡","0","2","2"
"良哈进贡马","0","2","2"
"哈进贡马匹","0","2","2"
"等于锦衣卫","0","2","2"
"赏赐各边境","0","2","2"
"赐各边境将","0","2","2"
"各边境将士","0","2","2"
"派使臣赈济","0","2","2"
"御史丁王宣","0","2","2"
"保定伯梁王","0","2","2"
"定伯梁王缶","0","2","2"
"同法官审查","0","2","2"
"皇太后命成","0","2","2"
"太后命成阝","0","2","2"
"后命成阝王","0","2","2"
"命成阝王监","0","2","2"
"皇子朱见深","0","2","2"
"粮食到京师","0","2","2"
"侍郎于谦为","0","2","2"
"土木之战中","0","2","2"
"挟持英宗到","0","2","2"
"持英宗到大","0","2","2"
"兵入京师救","0","2","2"
"太上皇英宗","0","2","2"
"贵州叛乱苗","0","2","2"
"免畿内欠交","0","2","2"
"畿内欠交赋","0","2","2"
"内欠交赋税","0","2","2"
"瓦剌侵掠大","0","2","2"
"剌侵掠大同","0","2","2"
"审查南京囚","0","2","2"
"考察并罢免","0","2","2"
"军民利弊得","0","2","2"
"民利弊得失","0","2","2"
"瓦剌侵掠雁","0","2","2"
"剌侵掠雁门","0","2","2"
"赈救山东饥","0","2","2"
"救山东饥荒","0","2","2"
"赈济畿内遭","0","2","2"
"被郭登击退","0","2","2"
"免山西遭灾","0","2","2"
"山西遭灾税","0","2","2"
"赈济大同遭","0","2","2"
"瓦剌侵犯宣","0","2","2"
"剌侵犯宣府","0","2","2"
"东遭灾州县","0","2","2"
"星座发生变","0","2","2"
"座发生变化","0","2","2"
"及山东巡抚","0","2","2"
"诸苗民再次","0","2","2"
"苗民再次反","0","2","2"
"民再次反叛","0","2","2"
"皇太子朱见","0","2","2"
"黄河在沙湾","0","2","2"
"河在沙湾决","0","2","2"
"在沙湾决堤","0","2","2"
"闰九月二十","0","2","2"
"三月二十一","0","2","2"
"淮安仓库赈","0","2","2"
"黄河再次决","0","2","2"
"攻破泷水瑶","0","2","2"
"破泷水瑶民","0","2","2"
"因请求恢复","0","2","2"
"请求恢复沂","0","2","2"
"求恢复沂王","0","2","2"
"恢复沂王为","0","2","2"
"停止不急办","0","2","2"
"多次出现奇","0","2","2"
"次出现奇怪","0","2","2"
"蠲免欠交赋","0","2","2"
"八年正月三","0","2","2"
"请求立太子","0","2","2"
"帝为成阝王","0","2","2"
"安定宗庙社","0","2","2"
"定宗庙社稷","0","2","2"
"命令官吏修","0","2","2"
"大明门进入","0","2","2"
"革除锦衣卫","0","2","2"
"赈济辽东饥","0","2","2"
"济辽东饥荒","0","2","2"
"元年正月五","0","2","2"
"三年正月初","0","2","2"
"陕西同时发","0","2","2"
"西同时发生","0","2","2"
"后尊号叫昭","0","2","2"
"尊号叫昭圣","0","2","2"
"年正月初六","0","2","2"
"总兵官姜击","0","2","2"
"兵官姜击败","0","2","2"
"赈济辽东灾","0","2","2"
"济辽东灾荒","0","2","2"
"嘉靖七年正","0","2","2"
"靖七年正月","0","2","2"
"八年正月二","0","2","2"
"亲自到南郊","0","2","2"
"自到南郊祈","0","2","2"
"亲自祭祀山","0","2","2"
"自祭祀山川","0","2","2"
"赈救山西饥","0","2","2"
"救山西饥荒","0","2","2"
"救京师饥荒","0","2","2"
"皇后在北郊","0","2","2"
"至圣先师孔","0","2","2"
"殿祈祷谷神","0","2","2"
"在太庙祭祀","0","2","2"
"张孚敬停职","0","2","2"
"郑王朱厚烷","0","2","2"
"陕西受灾秋","0","2","2"
"前任吏部尚","0","2","2"
"畿内受灾秋","0","2","2"
"内受灾秋粮","0","2","2"
"南畿受灾夏","0","2","2"
"畿受灾夏税","0","2","2"
"变化命群臣","0","2","2"
"化命群臣修","0","2","2"
"大同遭兵祸","0","2","2"
"同遭兵祸军","0","2","2"
"南京太庙发","0","2","2"
"京太庙发生","0","2","2"
"侵犯花马池","0","2","2"
"召费宏入阁","0","2","2"
"吉囊侵犯大","0","2","2"
"囊侵犯大同","0","2","2"
"祭天于南郊","0","2","2"
"赈救湖广灾","0","2","2"
"救湖广灾害","0","2","2"
"二十九日回","0","2","2"
"十九日回宫","0","2","2"
"三十日回宫","0","2","2"
"皇长子出生","0","2","2"
"闰十二月十","0","2","2"
"派使者报告","0","2","2"
"吉囊侵犯宣","0","2","2"
"囊侵犯宣府","0","2","2"
"年二月二十","0","2","2"
"神牌于太庙","0","2","2"
"于武宗之上","0","2","2"
"圣皇太后死","0","2","2"
"年二月一日","0","2","2"
"赈救河南饥","0","2","2"
"救河南饥荒","0","2","2"
"侵入万全右","0","2","2"
"孩派使者到","0","2","2"
"率领京师营","0","2","2"
"赈救山西遭","0","2","2"
"闰五月十九","0","2","2"
"俺答侵犯朔","0","2","2"
"答侵犯朔州","0","2","2"
"河南招募士","0","2","2"
"南招募士兵","0","2","2"
"正月初七日","0","2","2"
"食十分之三","0","2","2"
"十二月三十","0","2","2"
"二月三十日","0","2","2"
"朱永为靖虏","0","2","2"
"永为靖虏将","0","2","2"
"抵御来犯之","0","2","2"
"御来犯之敌","0","2","2"
"破靖州苗民","0","2","2"
"四十三年以","0","2","2"
"土蛮侵犯辽","0","2","2"
"兵官雷龙出","0","2","2"
"官雷龙出塞","0","2","2"
"击河套诸部","0","2","2"
"败河套各部","0","2","2"
"大猷征讨广","0","2","2"
"猷征讨广东","0","2","2"
"攻陷碣石卫","0","2","2"
"京师地震发","0","2","2"
"师地震发出","0","2","2"
"被廷杖下狱","0","2","2"
"州黄河决堤","0","2","2"
"芳辞官退职","0","2","2"
"庙接受庆贺","0","2","2"
"享年三十六","0","2","2"
"夺取奉天门","0","2","2"
"取奉天门之","0","2","2"
"奉天门之功","0","2","2"
"来侵犯宁夏","0","2","2"
"立祭祠叫旌","0","2","2"
"处士吴与弼","0","2","2"
"免南畿遭灾","0","2","2"
"南畿遭灾秋","0","2","2"
"畿遭灾秋粮","0","2","2"
"中官监督苏","0","2","2"
"率京师营兵","0","2","2"
"上交马匹的","0","2","2"
"陕西遭灾秋","0","2","2"
"西遭灾秋粮","0","2","2"
"已辞官退职","0","2","2"
"辞官退职的","0","2","2"
"在文华殿摄","0","2","2"
"文华殿摄政","0","2","2"
"华殿摄政处","0","2","2"
"殿摄政处理","0","2","2"
"摄政处理政","0","2","2"
"政处理政事","0","2","2"
"恭太子死后","0","2","2"
"左侍郎兼翰","0","2","2"
"城王子古来","0","2","2"
"王子侵犯兰","0","2","2"
"子侵犯兰州","0","2","2"
"再次占据哈","0","2","2"
"次占据哈密","0","2","2"
"赈救四川饥","0","2","2"
"救四川饥荒","0","2","2"
"役使五万人","0","2","2"
"宗神牌位附","0","2","2"
"神牌位附祭","0","2","2"
"牌位附祭于","0","2","2"
"织造绒曷毛","0","2","2"
"古田叛乱壮","0","2","2"
"田叛乱壮人","0","2","2"
"治理张秋黄","0","2","2"
"理张秋黄河","0","2","2"
"张秋黄河决","0","2","2"
"秋黄河决口","0","2","2"
"陕西受灾夏","0","2","2"
"派使者祭告","0","2","2"
"使者祭告祖","0","2","2"
"者祭告祖先","0","2","2"
"黄陵冈黄河","0","2","2"
"陵冈黄河决","0","2","2"
"请求入朝进","0","2","2"
"求入朝进贡","0","2","2"
"禁止势家豪","0","2","2"
"止势家豪族","0","2","2"
"势家豪族侵","0","2","2"
"袭击小王子","0","2","2"
"清宁宫火灾","0","2","2"
"部侍郎李钅","0","2","2"
"侍郎李钅遂","0","2","2"
"兼左副都御","0","2","2"
"抗击小王子","0","2","2"
"少光禄寺供","0","2","2"
"五年正月初","0","2","2"
"不上朝办公","0","2","2"
"进入花马池","0","2","2"
"派使者到湖","0","2","2"
"使者到湖广","0","2","2"
"到湖广采木","0","2","2"
"逮捕总督宣","0","2","2"
"捕总督宣府","0","2","2"
"各官吏封事","0","2","2"
"总兵官仇銮","0","2","2"
"击并打败俺","0","2","2"
"并打败俺答","0","2","2"
"答大举入侵","0","2","2"
"解除戒严令","0","2","2"
"恢复三大营","0","2","2"
"大同开设马","0","2","2"
"同开设马市","0","2","2"
"倭寇侵犯浙","0","2","2"
"令山东巡抚","0","2","2"
"吉能侵犯延","0","2","2"
"能侵犯延绥","0","2","2"
"三年正月一","0","2","2"
"官军在松江","0","2","2"
"倭寇侵犯通","0","2","2"
"倭寇侵犯嘉","0","2","2"
"曹邦辅在浒","0","2","2"
"邦辅在浒墅","0","2","2"
"山东受灾秋","0","2","2"
"东受灾秋粮","0","2","2"
"打来孙侵犯","0","2","2"
"来孙侵犯广","0","2","2"
"孙侵犯广宁","0","2","2"
"三月二十九","0","2","2"
"吉能侵犯宁","0","2","2"
"能侵犯宁夏","0","2","2"
"官上奏庆贺","0","2","2"
"打败入侵之","0","2","2"
"十六年以前","0","2","2"
"人于宫前阶","0","2","2"
"宗采纳了他","0","2","2"
"有关部门铸","0","2","2"
"关部门铸造","0","2","2"
"平定蜫钅番","0","2","2"
"陈金征讨并","0","2","2"
"金征讨并平","0","2","2"
"乾清宫火灾","0","2","2"
"接着去南海","0","2","2"
"着去南海子","0","2","2"
"天门接受朝","0","2","2"
"亲自巡察昌","0","2","2"
"自巡察昌平","0","2","2"
"在郊外迎接","0","2","2"
"改于郊外占","0","2","2"
"于郊外占卜","0","2","2"
"舒芬等一百","0","2","2"
"芬等一百零","0","2","2"
"等一百零七","0","2","2"
"一百零七人","0","2","2"
"百零七人于","0","2","2"
"人于宫前台","0","2","2"
"于宫前台阶","0","2","2"
"宫前台阶下","0","2","2"
"亲自率军讨","0","2","2"
"自率军讨伐","0","2","2"
"从正统以来","0","2","2"
"设置郧阳府","0","2","2"
"攻败广西瑶","0","2","2"
"败广西瑶民","0","2","2"
"总兵官抵御","0","2","2"
"终年四十一","0","2","2"
"都是我的亲","0","2","2"
"彻底追究此","0","2","2"
"底追究此事","0","2","2"
"战于月漾桥","0","2","2"
"杨文率辽东","0","2","2"
"文率辽东兵","0","2","2"
"告谕燕王收","0","2","2"
"谕燕王收兵","0","2","2"
"平安败燕军","0","2","2"
"兵渡过淮河","0","2","2"
"到燕军中去","0","2","2"
"割地罢兵之","0","2","2"
"自成在西安","0","2","2"
"成在西安称","0","2","2"
"在西安称王","0","2","2"
"一直追击到","0","2","2"
"六个长官司","0","2","2"
"此产生了矛","0","2","2"
"东宫太子讲","0","2","2"
"的言论四起","0","2","2"
"惜他的才干","0","2","2"
"陛下不要以","0","2","2"
"下不要以为","0","2","2"
"朝廷赠太仆","0","2","2"
"廷赠太仆寺","0","2","2"
"在一间空房","0","2","2"
"年中进士及","0","2","2"
"百三十九条","0","2","2"
"关系到国家","0","2","2"
"系到国家的","0","2","2"
"尊为太皇太","0","2","2"
"代帝王陵墓","0","2","2"
"请求回归故","0","2","2"
"后又起用为","0","2","2"
"朝鲜的君臣","0","2","2"
"长驱直入云","0","2","2"
"驱直入云南","0","2","2"
"脱下丧服后","0","2","2"
"军队的宦官","0","2","2"
"这些都是他","0","2","2"
"而有关部门","0","2","2"
"桥南依次站","0","2","2"
"南依次站立","0","2","2"
"为留守左卫","0","2","2"
"及牧马千户","0","2","2"
"皇帝又降旨","0","2","2"
"封为忠勇王","0","2","2"
"瑙山大败张","0","2","2"
"为献皇帝庙","0","2","2"
"月五日回宫","0","2","2"
"隆庆四年正","0","2","2"
"庆四年正月","0","2","2"
"命改任他为","0","2","2"
"第二年黄淮","0","2","2"
"上采纳了他","0","2","2"
"康茂才和其","0","2","2"
"茂才和其他","0","2","2"
"便问是什么","0","2","2"
"问是什么原","0","2","2"
"元璋知道后","0","2","2"
"其中有一个","0","2","2"
"中有一个叫","0","2","2"
"到朱元璋的","0","2","2"
"朱元璋的信","0","2","2"
"为人更加恭","0","2","2"
"人更加恭敬","0","2","2"
"人都被判死","0","2","2"
"都被判死刑","0","2","2"
"嫁的人跪在","0","2","2"
"的人跪在那","0","2","2"
"人跪在那儿","0","2","2"
"过了一年多","0","2","2"
"因亲丧去职","0","2","2"
"来赈济饥荒","0","2","2"
"不久他去世","0","2","2"
"皇上赞同他","0","2","2"
"上赞同他的","0","2","2"
"是犯了重罪","0","2","2"
"犯了重罪的","0","2","2"
"遣他回到镇","0","2","2"
"他的奏章出","0","2","2"
"奏章出示给","0","2","2"
"回自己的家","0","2","2"
"在行军打仗","0","2","2"
"命人修复太","0","2","2"
"人修复太后","0","2","2"
"俞大猷设计","0","2","2"
"还俞大猷世","0","2","2"
"为国子监助","0","2","2"
"都感到惊异","0","2","2"
"处决的死囚","0","2","2"
"跟从颍川侯","0","2","2"
"从颍川侯傅","0","2","2"
"为靖海将军","0","2","2"
"当面数落其","0","2","2"
"陈友谅进逼","0","2","2"
"友谅进逼龙","0","2","2"
"谅进逼龙湾","0","2","2"
"至正十一年","0","2","2"
"洪武三年受","0","2","2"
"武三年受封","0","2","2"
"随从太祖渡","0","2","2"
"妖妇唐赛儿","0","2","2"
"永乐末年中","0","2","2"
"乐末年中进","0","2","2"
"把都帖木儿","0","2","2"
"松潘番人反","0","2","2"
"潘番人反叛","0","2","2"
"他为刑部右","0","2","2"
"又将御史王","0","2","2"
"等人逮捕下","0","2","2"
"人逮捕下狱","0","2","2"
"被立为皇后","0","2","2"
"陈金莺等人","0","2","2"
"湖广公安人","0","2","2"
"为太常司卿","0","2","2"
"给事中戴士","0","2","2"
"为诸将之首","0","2","2"
"郑亨又随军","0","2","2"
"又随军北征","0","2","2"
"单骑冲向敌","0","2","2"
"骑冲向敌阵","0","2","2"
"为人恭敬谨","0","2","2"
"人恭敬谨慎","0","2","2"
"跟随燕王起","0","2","2"
"随燕王起兵","0","2","2"
"被授为中书","0","2","2"
"在皇上跟前","0","2","2"
"随他们之后","0","2","2"
"这很不符合","0","2","2"
"什么不能做","0","2","2"
"于与他们同","0","2","2"
"与他们同列","0","2","2"
"之地税额反","0","2","2"
"这样发展下","0","2","2"
"样发展下去","0","2","2"
"用来命名六","0","2","2"
"来命名六卿","0","2","2"
"皇上对他说","0","2","2"
"王国用起草","0","2","2"
"为翰林待诏","0","2","2"
"御临奉天门","0","2","2"
"何患天下不","0","2","2"
"解缙等六人","0","2","2"
"兵讨伐安南","0","2","2"
"年四十七岁","0","2","2"
"为人确有原","0","2","2"
"人确有原则","0","2","2"
"出示给杨士","0","2","2"
"示给杨士奇","0","2","2"
"女儿嫁给他","0","2","2"
"儿嫁给他为","0","2","2"
"嫁给他为妻","0","2","2"
"为右春坊大","0","2","2"
"仍兼大学士","0","2","2"
"当时正讨伐","0","2","2"
"时正讨伐燕","0","2","2"
"正讨伐燕王","0","2","2"
"胡广在对策","0","2","2"
"广在对策中","0","2","2"
"在对策中有","0","2","2"
"对策中有亲","0","2","2"
"策中有亲藩","0","2","2"
"中有亲藩跋","0","2","2"
"有亲藩跋扈","0","2","2"
"人心摇动一","0","2","2"
"心摇动一语","0","2","2"
"皇上亲自提","0","2","2"
"上亲自提他","0","2","2"
"亲自提他为","0","2","2"
"自提他为第","0","2","2"
"提他为第一","0","2","2"
"他为第一名","0","2","2"
"授予他为翰","0","2","2"
"予他为翰林","0","2","2"
"他为翰林修","0","2","2"
"终年四十九","0","2","2"
"年四十九岁","0","2","2"
"与解缙等人","0","2","2"
"同在文渊阁","0","2","2"
"幼孜随从皇","0","2","2"
"孜随从皇上","0","2","2"
"随从皇上到","0","2","2"
"第二年北征","0","2","2"
"对他们的委","0","2","2"
"修撰两朝实","0","2","2"
"撰两朝实录","0","2","2"
"皇上都嘉许","0","2","2"
"许并采纳了","0","2","2"
"朝灭亡的征","0","2","2"
"灭亡的征兆","0","2","2"
"终年六十四","0","2","2"
"年六十四岁","0","2","2"
"以师道自任","0","2","2"
"他守孝期满","0","2","2"
"受推荐任为","0","2","2"
"把他推荐给","0","2","2"
"他推荐给朝","0","2","2"
"推荐给朝廷","0","2","2"
"燕王的部队","0","2","2"
"皇上幸临北","0","2","2"
"上幸临北京","0","2","2"
"升他为太子","0","2","2"
"人都认为他","0","2","2"
"他考中明经","0","2","2"
"回来后升为","0","2","2"
"年少有大志","0","2","2"
"有志于圣贤","0","2","2"
"被征入翰林","0","2","2"
"任江西副使","0","2","2"
"上奏恢复原","0","2","2"
"及二个女儿","0","2","2"
"朱元璋已攻","0","2","2"
"听信小人之","0","2","2"
"信小人之言","0","2","2"
"郭子兴的部","0","2","2"
"听说朱元璋","0","2","2"
"郭子兴这才","0","2","2"
"马皇后总是","0","2","2"
"队展开了战","0","2","2"
"展开了战斗","0","2","2"
"代替朱元璋","0","2","2"
"一直闷闷不","0","2","2"
"直闷闷不乐","0","2","2"
"是刘福通的","0","2","2"
"挟持韩林儿","0","2","2"
"于黄河南北","0","2","2"
"军所到之处","0","2","2"
"控制不了他","0","2","2"
"得不到执行","0","2","2"
"相距三十里","0","2","2"
"每次出战都","0","2","2"
"者前去招降","0","2","2"
"于是派遣其","0","2","2"
"为右副元帅","0","2","2"
"当时朱元璋","0","2","2"
"自称宋朝之","0","2","2"
"称宋朝之后","0","2","2"
"是朱元璋便","0","2","2"
"他跟随太祖","0","2","2"
"随徐达攻克","0","2","2"
"攻取了江阴","0","2","2"
"太祖亲自率","0","2","2"
"兵一直追到","0","2","2"
"追到浮子门","0","2","2"
"又被晋升为","0","2","2"
"被晋升为都","0","2","2"
"予世代承袭","0","2","2"
"义兵保卫家","0","2","2"
"兵保卫家乡","0","2","2"
"常遇春设下","0","2","2"
"遇春设下埋","0","2","2"
"春设下埋伏","0","2","2"
"向太祖投降","0","2","2"
"被任命为秦","0","2","2"
"跟随廖永安","0","2","2"
"老百姓不能","0","2","2"
"了陈友谅的","0","2","2"
"康茂才晋升","0","2","2"
"茂才晋升为","0","2","2"
"晋升为帐前","0","2","2"
"随太祖征伐","0","2","2"
"康茂才和大","0","2","2"
"茂才和大将","0","2","2"
"才和大将军","0","2","2"
"张士诚的水","0","2","2"
"士诚的水寨","0","2","2"
"军队全军覆","0","2","2"
"队全军覆没","0","2","2"
"升为同知大","0","2","2"
"为同知大都","0","2","2"
"兼任太子右","0","2","2"
"大将军一起","0","2","2"
"将军一起出","0","2","2"
"随太祖攻取","0","2","2"
"兵攻破敌人","0","2","2"
"赶走左君弼","0","2","2"
"在旧馆打败","0","2","2"
"旧馆打败张","0","2","2"
"馆打败张士","0","2","2"
"后死于军中","0","2","2"
"被授予都指","0","2","2"
"在功臣庙里","0","2","2"
"世袭的权利","0","2","2"
"设立永兴翼","0","2","2"
"徒李伯升率","0","2","2"
"为永兴卫亲","0","2","2"
"他的弟弟张","0","2","2"
"随大军征讨","0","2","2"
"从皇上北巡","0","2","2"
"又随常遇春","0","2","2"
"通泾阳洪渠","0","2","2"
"军徐达出塞","0","2","2"
"是开国元勋","0","2","2"
"实际上只有","0","2","2"
"际上只有十","0","2","2"
"的部队不能","0","2","2"
"导致了失败","0","2","2"
"是大逆不道","0","2","2"
"激战鄱阳湖","0","2","2"
"大军征武昌","0","2","2"
"击败敌人的","0","2","2"
"敌人的援兵","0","2","2"
"郭英被晋升","0","2","2"
"英被晋升为","0","2","2"
"十三年被召","0","2","2"
"三年被召回","0","2","2"
"冯胜出金山","0","2","2"
"得以继承侯","0","2","2"
"以继承侯位","0","2","2"
"间老百姓的","0","2","2"
"是郭英的亲","0","2","2"
"郭英的亲孙","0","2","2"
"英的亲孙子","0","2","2"
"太祖起兵时","0","2","2"
"率兵前来归","0","2","2"
"兵前来归附","0","2","2"
"华云龙被晋","0","2","2"
"云龙被晋升","0","2","2"
"龙被晋升为","0","2","2"
"被晋升为总","0","2","2"
"友谅的部队","0","2","2"
"跟随徐达率","0","2","2"
"攻克元朝都","0","2","2"
"克元朝都城","0","2","2"
"李济占据濠","0","2","2"
"济占据濠州","0","2","2"
"城于是被攻","0","2","2"
"任山东行省","0","2","2"
"国公汤和在","0","2","2"
"公汤和在临","0","2","2"
"左君弼占据","0","2","2"
"君弼占据庐","0","2","2"
"弼占据庐州","0","2","2"
"掌管大都督","0","2","2"
"管大都督府","0","2","2"
"担任征南副","0","2","2"
"大军征讨云","0","2","2"
"大部队攻克","0","2","2"
"将军徐达进","0","2","2"
"领一支部队","0","2","2"
"年少时就有","0","2","2"
"被任命为镇","0","2","2"
"吴复担任总","0","2","2"
"复担任总兵","0","2","2"
"增加食禄五","0","2","2"
"打败了元将","0","2","2"
"跟随大军攻","0","2","2"
"年论功行赏","0","2","2"
"以征南将军","0","2","2"
"又从大将军","0","2","2"
"将军徐达讨","0","2","2"
"军徐达讨伐","0","2","2"
"多次派使者","0","2","2"
"升为佥行枢","0","2","2"
"为佥行枢密","0","2","2"
"打败陈友谅","0","2","2"
"升为行省平","0","2","2"
"为行省平章","0","2","2"
"洪武三年被","0","2","2"
"命为指挥佥","0","2","2"
"散毛诸洞的","0","2","2"
"毛诸洞的首","0","2","2"
"诸洞的首领","0","2","2"
"洞的首领作","0","2","2"
"的首领作乱","0","2","2"
"的士兵仍然","0","2","2"
"王成的奴仆","0","2","2"
"下诏书褒奖","0","2","2"
"不是真正的","0","2","2"
"真正的主子","0","2","2"
"任江西行省","0","2","2"
"将他收为养","0","2","2"
"他收为养子","0","2","2"
"领大军围攻","0","2","2"
"军围攻益都","0","2","2"
"东全部平定","0","2","2"
"当时是至正","0","2","2"
"不可轻易进","0","2","2"
"南王的身份","0","2","2"
"以河南投降","0","2","2"
"居庸进攻北","0","2","2"
"庸进攻北平","0","2","2"
"率领十八名","0","2","2"
"领十八名骑","0","2","2"
"思道逃往宁","0","2","2"
"道逃往宁夏","0","2","2"
"其弟张良臣","0","2","2"
"弟张良臣以","0","2","2"
"张良臣以庆","0","2","2"
"良臣以庆阳","0","2","2"
"臣以庆阳投","0","2","2"
"扩廓当时正","0","2","2"
"太祖派遣使","0","2","2"
"使者前去通","0","2","2"
"者前去通好","0","2","2"
"人前去招降","0","2","2"
"为参知政事","0","2","2"
"于是陈友定","0","2","2"
"胡深将其击","0","2","2"
"讨伐陈友定","0","2","2"
"浦城攻取建","0","2","2"
"城攻取建宁","0","2","2"
"队一分为二","0","2","2"
"在楼下堆积","0","2","2"
"正巧遇上大","0","2","2"
"太祖指责他","0","2","2"
"每年派遣使","0","2","2"
"年派遣使者","0","2","2"
"达里麻率军","0","2","2"
"晋升为元帅","0","2","2"
"晋升为天策","0","2","2"
"进攻张士诚","0","2","2"
"五太子等人","0","2","2"
"将军徐达平","0","2","2"
"军徐达平定","0","2","2"
"徐达班师回","0","2","2"
"终年四十六","0","2","2"
"年四十六岁","0","2","2"
"年继承侯位","0","2","2"
"晋升为佥大","0","2","2"
"升为佥大都","0","2","2"
"为佥大都督","0","2","2"
"南将军汤和","0","2","2"
"汤和讨伐方","0","2","2"
"和讨伐方国","0","2","2"
"军平定陕西","0","2","2"
"冯胜驻守庆","0","2","2"
"胜驻守庆阳","0","2","2"
"解除了都督","0","2","2"
"出海追捕倭","0","2","2"
"是胡惟庸同","0","2","2"
"爵位被削去","0","2","2"
"朱文正镇守","0","2","2"
"守南昌三个","0","2","2"
"南昌三个月","0","2","2"
"晋升为江西","0","2","2"
"人已经投降","0","2","2"
"徐达攻取中","0","2","2"
"达攻取中原","0","2","2"
"攻克元都城","0","2","2"
"于是被打败","0","2","2"
"给他的母亲","0","2","2"
"败张士诚部","0","2","2"
"张士诚部队","0","2","2"
"跟从徐达镇","0","2","2"
"从徐达镇守","0","2","2"
"会同大军攻","0","2","2"
"山打败敌人","0","2","2"
"随大军攻取","0","2","2"
"任六安卫指","0","2","2"
"军徐达征讨","0","2","2"
"管山西都司","0","2","2"
"追究为胡惟","0","2","2"
"究为胡惟庸","0","2","2"
"为胡惟庸同","0","2","2"
"随大军讨伐","0","2","2"
"攻克升山水","0","2","2"
"未攻下的州","0","2","2"
"从大军平定","0","2","2"
"侯周德兴率","0","2","2"
"友德平定云","0","2","2"
"德平定云南","0","2","2"
"设置贵州都","0","2","2"
"任云南布政","0","2","2"
"为龙骧卫指","0","2","2"
"从征陈友谅","0","2","2"
"晋升为骠骑","0","2","2"
"升为骠骑卫","0","2","2"
"为骠骑卫指","0","2","2"
"升为都督府","0","2","2"
"被削去爵位","0","2","2"
"擒拿了贼首","0","2","2"
"忠等人征讨","0","2","2"
"等人征讨广","0","2","2"
"人押送京城","0","2","2"
"傅友德前往","0","2","2"
"民兵的首领","0","2","2"
"部下三千人","0","2","2"
"不敢再窥视","0","2","2"
"惟庸党案牵","0","2","2"
"庸党案牵连","0","2","2"
"累计功劳被","0","2","2"
"被任命为总","0","2","2"
"造海船一百","0","2","2"
"其弟陈友仁","0","2","2"
"了他的军队","0","2","2"
"守将周安反","0","2","2"
"将周安反叛","0","2","2"
"为江淮行省","0","2","2"
"命邓愈为征","0","2","2"
"同胡海等人","0","2","2"
"胡海等人讨","0","2","2"
"海等人讨伐","0","2","2"
"等人讨伐平","0","2","2"
"人讨伐平定","0","2","2"
"为元帅府都","0","2","2"
"招降方国珍","0","2","2"
"朱元璋攻下","0","2","2"
"不值得担心","0","2","2"
"先生有什么","0","2","2"
"时陈友谅正","0","2","2"
"采用了他的","0","2","2"
"带领妻子儿","0","2","2"
"领妻子儿女","0","2","2"
"请求朱元璋","0","2","2"
"郡全被攻下","0","2","2"
"向朱元璋进","0","2","2"
"刘基劝说道","0","2","2"
"朱元璋这才","0","2","2"
"战于鄱阳湖","0","2","2"
"与陈友谅军","0","2","2"
"又授刘基为","0","2","2"
"御史中丞兼","0","2","2"
"太祖亲自下","0","2","2"
"祖亲自下诏","0","2","2"
"杨宪为丞相","0","2","2"
"任丞相之职","0","2","2"
"丞相的身份","0","2","2"
"太祖亲自撰","0","2","2"
"祈求上天保","0","2","2"
"求上天保佑","0","2","2"
"太祖知道他","0","2","2"
"委以心腹之","0","2","2"
"以心腹之任","0","2","2"
"为一代宗师","0","2","2"
"为翰林编修","0","2","2"
"他以父母年","0","2","2"
"元璋攻取婺","0","2","2"
"璋攻取婺州","0","2","2"
"为江南儒学","0","2","2"
"在军中出谋","0","2","2"
"军中出谋划","0","2","2"
"中出谋划策","0","2","2"
"随侍朱元璋","0","2","2"
"为国子司业","0","2","2"
"宋濂回答说","0","2","2"
"的堂侄朱文","0","2","2"
"堂侄朱文正","0","2","2"
"就不会发生","0","2","2"
"负责起草诰","0","2","2"
"茹太素的上","0","2","2"
"太素的上书","0","2","2"
"尽忠于陛下","0","2","2"
"士大夫登门","0","2","2"
"每年春秋两","0","2","2"
"年春秋两季","0","2","2"
"地举行祭祀","0","2","2"
"文帝即位后","0","2","2"
"石抹宜孙驻","0","2","2"
"抹宜孙驻守","0","2","2"
"觉得他的话","0","2","2"
"军进攻婺州","0","2","2"
"被授为浙东","0","2","2"
"其子章存道","0","2","2"
"章溢与刘基","0","2","2"
"章溢回答说","0","2","2"
"太祖命章溢","0","2","2"
"祖命章溢为","0","2","2"
"升为湖广按","0","2","2"
"议派兵屯田","0","2","2"
"存道率所部","0","2","2"
"福建平定后","0","2","2"
"朱元璋听后","0","2","2"
"朱元璋命冯","0","2","2"
"元璋命冯国","0","2","2"
"璋命冯国用","0","2","2"
"冯国用与诸","0","2","2"
"国用与诸将","0","2","2"
"尽降其部众","0","2","2"
"随朱元璋征","0","2","2"
"晋升为亲军","0","2","2"
"偏将军汤和","0","2","2"
"军跟随大将","0","2","2"
"于是攻克庆","0","2","2"
"是攻克庆阳","0","2","2"
"以右副将军","0","2","2"
"右副将军的","0","2","2"
"俘获兵马数","0","2","2"
"出一百八渡","0","2","2"
"派遣其他将","0","2","2"
"遣其他将领","0","2","2"
"次骚扰明朝","0","2","2"
"命冯胜为征","0","2","2"
"从西路出击","0","2","2"
"亦集乃路时","0","2","2"
"有人说他私","0","2","2"
"人说他私藏","0","2","2"
"拥兵数十万","0","2","2"
"太祖命冯胜","0","2","2"
"纳哈出部将","0","2","2"
"及妻子儿女","0","2","2"
"违背了太祖","0","2","2"
"背了太祖的","0","2","2"
"又在泾江口","0","2","2"
"徐达攻取庐","0","2","2"
"达攻取庐州","0","2","2"
"河而上到达","0","2","2"
"傅友德应召","0","2","2"
"友德应召回","0","2","2"
"德应召回京","0","2","2"
"会合大将军","0","2","2"
"傅友德担任","0","2","2"
"友德担任征","0","2","2"
"到军门投降","0","2","2"
"然后分兵巡","0","2","2"
"后分兵巡行","0","2","2"
"蜀地全部平","0","2","2"
"到皇帝的赏","0","2","2"
"傅友德协助","0","2","2"
"俘获马牛羊","0","2","2"
"各种牲畜二","0","2","2"
"军将其讨平","0","2","2"
"擒获陈野先","0","2","2"
"军紧随其后","0","2","2"
"廖永忠随军","0","2","2"
"常遇春将其","0","2","2"
"与俞通海等","0","2","2"
"即被授为征","0","2","2"
"被授为征南","0","2","2"
"在龙江迎接","0","2","2"
"对诸将说道","0","2","2"
"又写信劝说","0","2","2"
"加封为荣禄","0","2","2"
"封为荣禄大","0","2","2"
"不久应召返","0","2","2"
"久应召返回","0","2","2"
"前来归附者","0","2","2"
"祖先世代务","0","2","2"
"先世代务农","0","2","2"
"朱元璋南征","0","2","2"
"随朱元璋渡","0","2","2"
"朱元璋渡江","0","2","2"
"随朱元璋攻","0","2","2"
"徐达在龙潭","0","2","2"
"达在龙潭将","0","2","2"
"在龙潭将其","0","2","2"
"龙潭将其击","0","2","2"
"潭将其击败","0","2","2"
"兵围攻常州","0","2","2"
"徐达晋升为","0","2","2"
"亲自率军进","0","2","2"
"自率军进攻","0","2","2"
"陈友谅围攻","0","2","2"
"徐达率军迎","0","2","2"
"达率军迎击","0","2","2"
"听后大为高","0","2","2"
"后大为高兴","0","2","2"
"六万前来援","0","2","2"
"万前来援救","0","2","2"
"攻下吴江州","0","2","2"
"城即将被攻","0","2","2"
"又命令将士","0","2","2"
"封为信国公","0","2","2"
"亲自在龙江","0","2","2"
"徐达便将他","0","2","2"
"现在我们乘","0","2","2"
"不必烦劳军","0","2","2"
"必烦劳军队","0","2","2"
"于是与副将","0","2","2"
"是与副将军","0","2","2"
"与诸将商议","0","2","2"
"诸将商议道","0","2","2"
"攻击敌人的","0","2","2"
"八名骑兵逃","0","2","2"
"然后分兵攻","0","2","2"
"被押至京城","0","2","2"
"为光禄大夫","0","2","2"
"对此未予追","0","2","2"
"此未予追究","0","2","2"
"每年春天率","0","2","2"
"稍好一点时","0","2","2"
"与他们同甘","0","2","2"
"常遇春被授","0","2","2"
"散敌人的兵","0","2","2"
"随朱元璋进","0","2","2"
"朱元璋进攻","0","2","2"
"升为行省都","0","2","2"
"又随徐达攻","0","2","2"
"大破陈友谅","0","2","2"
"命常遇春留","0","2","2"
"常遇春的船","0","2","2"
"又派兵进攻","0","2","2"
"朱元璋派使","0","2","2"
"元璋派使者","0","2","2"
"被授为副将","0","2","2"
"授为副将军","0","2","2"
"常遇春追奔","0","2","2"
"他们全部擒","0","2","2"
"年仅四十岁","0","2","2"
"帅杨完者率","0","2","2"
"见此情形也","0","2","2"
"李文忠与胡","0","2","2"
"士诚派遣将","0","2","2"
"诚派遣将领","0","2","2"
"文忠派遣将","0","2","2"
"忠派遣将领","0","2","2"
"派遣将领驻","0","2","2"
"谢再兴叛降","0","2","2"
"千名骑兵横","0","2","2"
"万大军前来","0","2","2"
"大军前来进","0","2","2"
"军前来进攻","0","2","2"
"李文忠率朱","0","2","2"
"文忠率朱亮","0","2","2"
"忠率朱亮祖","0","2","2"
"率朱亮祖等","0","2","2"
"将李文忠召","0","2","2"
"李文忠召回","0","2","2"
"利于国家的","0","2","2"
"以左副将军","0","2","2"
"文忠率军进","0","2","2"
"杀牛犒劳士","0","2","2"
"牛犒劳士兵","0","2","2"
"都佩服他的","0","2","2"
"授为管军总","0","2","2"
"在城下击败","0","2","2"
"击败长枪帅","0","2","2"
"邓愈率军攻","0","2","2"
"与陈友谅相","0","2","2"
"几乎全部死","0","2","2"
"未归附的州","0","2","2"
"任太子谕德","0","2","2"
"太祖命邓愈","0","2","2"
"才班师回朝","0","2","2"
"有远大志向","0","2","2"
"不肯居于他","0","2","2"
"肯居于他人","0","2","2"
"居于他人之","0","2","2"
"于他人之下","0","2","2"
"汤和率军返","0","2","2"
"和率军返回","0","2","2"
"献给朱元璋","0","2","2"
"与副将军廖","0","2","2"
"军廖永忠一","0","2","2"
"廖永忠一起","0","2","2"
"汤和被授以","0","2","2"
"子孙世袭的","0","2","2"
"率水师溯江","0","2","2"
"方国珍的堂","0","2","2"
"国珍的堂侄","0","2","2"
"被倭寇所苦","0","2","2"
"请命于朝廷","0","2","2"
"跟随大军征","0","2","2"
"为征南右副","0","2","2"
"在奉天殿赐","0","2","2"
"奉天殿赐宴","0","2","2"
"天殿赐宴招","0","2","2"
"殿赐宴招待","0","2","2"
"能高枕无忧","0","2","2"
"闲暇之时则","0","2","2"
"陈友谅军中","0","2","2"
"说自己的功","0","2","2"
"都缴械投降","0","2","2"
"从早晨到中","0","2","2"
"早晨到中午","0","2","2"
"金吾将军说","0","2","2"
"左金吾将军","0","2","2"
"自己的地盘","0","2","2"
"意见未被采","0","2","2"
"见未被采纳","0","2","2"
"那时就悔之","0","2","2"
"并擒获了他","0","2","2"
"着他的手说","0","2","2"
"你违背我的","0","2","2"
"不知道自己","0","2","2"
"死在哪里啊","0","2","2"
"元璋平定武","0","2","2"
"璋平定武昌","0","2","2"
"些有钱人家","0","2","2"
"放火烧掉了","0","2","2"
"其弟张士德","0","2","2"
"张士诚于是","0","2","2"
"使臣前来征","0","2","2"
"渐渐骄傲起","0","2","2"
"知道张士诚","0","2","2"
"丞相张士信","0","2","2"
"其弟方国瑛","0","2","2"
"朵儿只班率","0","2","2"
"方国珍拒不","0","2","2"
"方国珍这才","0","2","2"
"孙养浩回访","0","2","2"
"察到这种情","0","2","2"
"好好想想吧","0","2","2"
"当时方国珍","0","2","2"
"可以说是有","0","2","2"
"府州县的官","0","2","2"
"明玉珍派万","0","2","2"
"玉珍派万胜","0","2","2"
"年之后也去","0","2","2"
"之后也去世","0","2","2"
"粮食堆积如","0","2","2"
"食堆积如山","0","2","2"
"其子惠王朱","0","2","2"
"有人告发朱","0","2","2"
"王朱济火黄","0","2","2"
"将朱济火黄","0","2","2"
"朱济火黄立","0","2","2"
"济火黄立为","0","2","2"
"火黄立为晋","0","2","2"
"黄立为晋王","0","2","2"
"封朱美圭为","0","2","2"
"将其废为庶","0","2","2"
"其废为庶人","0","2","2"
"其子庄王朱","0","2","2"
"朱新土典继","0","2","2"
"新土典继嗣","0","2","2"
"承袭新化王","0","2","2"
"年荧惑星进","0","2","2"
"荧惑星进入","0","2","2"
"惑星进入太","0","2","2"
"星进入太微","0","2","2"
"宗下诏命宦","0","2","2"
"下诏命宦官","0","2","2"
"及驸马都尉","0","2","2"
"下诏将其逮","0","2","2"
"诏将其逮捕","0","2","2"
"朱华奎于是","0","2","2"
"令还未下达","0","2","2"
"再也没有人","0","2","2"
"朱肇火军的","0","2","2"
"食禄的三分","0","2","2"
"禄的三分之","0","2","2"
"玺书嘉奖慰","0","2","2"
"书嘉奖慰劳","0","2","2"
"他沉入海中","0","2","2"
"被授予礼部","0","2","2"
"第二年他兼","0","2","2"
"二年他兼任","0","2","2"
"部尚书兼詹","0","2","2"
"尚书兼詹事","0","2","2"
"有灾异发生","0","2","2"
"亲自审问他","0","2","2"
"都被关进监","0","2","2"
"因大臣的推","0","2","2"
"大臣的推荐","0","2","2"
"入文渊阁读","0","2","2"
"文渊阁读书","0","2","2"
"皇上特给予","0","2","2"
"上特给予祭","0","2","2"
"特给予祭葬","0","2","2"
"理礼部事务","0","2","2"
"他在翰林院","0","2","2"
"四方来向他","0","2","2"
"方来向他求","0","2","2"
"九年中进士","0","2","2"
"常惴惴不安","0","2","2"
"五年后去世","0","2","2"
"皇上嘉纳了","0","2","2"
"上嘉纳了他","0","2","2"
"嘉纳了他的","0","2","2"
"应卧薪尝胆","0","2","2"
"被授予礼科","0","2","2"
"授予礼科给","0","2","2"
"予礼科给事","0","2","2"
"为大理寺左","0","2","2"
"平价收购粮","0","2","2"
"能干的名声","0","2","2"
"他改到户部","0","2","2"
"发生严重瘟","0","2","2"
"生严重瘟疫","0","2","2"
"他奉命出使","0","2","2"
"免除当地赋","0","2","2"
"除当地赋税","0","2","2"
"上奏废黜了","0","2","2"
"严厉责备他","0","2","2"
"相距数千里","0","2","2"
"他执法过于","0","2","2"
"被平息下去","0","2","2"
"平息下去了","0","2","2"
"为刑部左侍","0","2","2"
"逃避兵役的","0","2","2"
"避兵役的人","0","2","2"
"任御史时曾","0","2","2"
"上奏辽王朱","0","2","2"
"奏辽王朱贵","0","2","2"
"年间的做法","0","2","2"
"派使者去慰","0","2","2"
"使者去慰劳","0","2","2"
"多得讨论实","0","2","2"
"得讨论实行","0","2","2"
"当时皇上下","0","2","2"
"时皇上下诏","0","2","2"
"皇上下诏令","0","2","2"
"达不到这个","0","2","2"
"不到这个数","0","2","2"
"这个数目的","0","2","2"
"又出去镇守","0","2","2"
"侍奉讲经筵","0","2","2"
"皇上下诏逮","0","2","2"
"上下诏逮捕","0","2","2"
"都御史张阶","0","2","2"
"的建议上奏","0","2","2"
"进都察院监","0","2","2"
"太子太保之","0","2","2"
"子太保之衔","0","2","2"
"了皇上的心","0","2","2"
"与指挥打忠","0","2","2"
"指挥打忠坚","0","2","2"
"挥打忠坚守","0","2","2"
"书也送到了","0","2","2"
"任户部员外","0","2","2"
"他进升为右","0","2","2"
"皇上命罗通","0","2","2"
"到底有多少","0","2","2"
"有六万六千","0","2","2"
"穰苴这样的","0","2","2"
"苴这样的人","0","2","2"
"于谦和石亨","0","2","2"
"和石亨等人","0","2","2"
"没别的意思","0","2","2"
"的人可以让","0","2","2"
"人可以让他","0","2","2"
"到这样的人","0","2","2"
"把他们召回","0","2","2"
"发仓米赈济","0","2","2"
"受推荐升为","0","2","2"
"大藤峡之贼","0","2","2"
"他转为左布","0","2","2"
"副都御史之","0","2","2"
"皇上颁敕书","0","2","2"
"有关部门多","0","2","2"
"输运到榆林","0","2","2"
"都说很方便","0","2","2"
"是贪污受贿","0","2","2"
"不久被赦免","0","2","2"
"廷臣纷纷推","0","2","2"
"臣纷纷推荐","0","2","2"
"纷纷推荐他","0","2","2"
"兼巡抚淮安","0","2","2"
"皇上不批准","0","2","2"
"他随从燕王","0","2","2"
"张辅的部队","0","2","2"
"夜间四鼓时","0","2","2"
"军进而攻克","0","2","2"
"张辅和沐晟","0","2","2"
"黎季嫠和他","0","2","2"
"季嫠和他的","0","2","2"
"嫠和他的儿","0","2","2"
"了他们的船","0","2","2"
"斩杀数千人","0","2","2"
"全部降服了","0","2","2"
"指挥师佑率","0","2","2"
"交趾总兵官","0","2","2"
"当时百官的","0","2","2"
"时百官的俸","0","2","2"
"只有张辅与","0","2","2"
"也先入侵时","0","2","2"
"皇上置之不","0","2","2"
"上置之不问","0","2","2"
"他任为工部","0","2","2"
"任为工部尚","0","2","2"
"来充实军粮","0","2","2"
"他多次上奏","0","2","2"
"接运到北京","0","2","2"
"黄福的意见","0","2","2"
"布政和按察","0","2","2"
"有缓急之事","0","2","2"
"年正月去世","0","2","2"
"却没有给他","0","2","2"
"回来后受到","0","2","2"
"的尘沙使白","0","2","2"
"而有关官员","0","2","2"
"他的儿子刘","0","2","2"
"他因擅长书","0","2","2"
"擅长书法被","0","2","2"
"皇上嘉奖他","0","2","2"
"回到朝廷后","0","2","2"
"陷在泥淖中","0","2","2"
"的军队镇守","0","2","2"
"不久他充任","0","2","2"
"福建之兵捕","0","2","2"
"老的罕反叛","0","2","2"
"二年他随从","0","2","2"
"经历大小二","0","2","2"
"历大小二十","0","2","2"
"累升为左军","0","2","2"
"张辅征交趾","0","2","2"
"斩杀其首领","0","2","2"
"率领步骑兵","0","2","2"
"到金州白山","0","2","2"
"皇上命柳升","0","2","2"
"人来得更多","0","2","2"
"朝廷意见认","0","2","2"
"廷意见认为","0","2","2"
"他被封为武","0","2","2"
"又振作起来","0","2","2"
"并被抄了家","0","2","2"
"起用他为都","0","2","2"
"改任监察御","0","2","2"
"商人的妻子","0","2","2"
"贪污的情况","0","2","2"
"劾罢免了他","0","2","2"
"都是锦衣卫","0","2","2"
"穿着红衣服","0","2","2"
"永乐二年中","0","2","2"
"乐二年中进","0","2","2"
"将贪婪凶残","0","2","2"
"即上书提出","0","2","2"
"万五千多石","0","2","2"
"到现在已经","0","2","2"
"令所在部门","0","2","2"
"皇上屡次下","0","2","2"
"上屡次下诏","0","2","2"
"屡次下诏减","0","2","2"
"上朝廷请求","0","2","2"
"请求留下他","0","2","2"
"的无人可及","0","2","2"
"巡按四川时","0","2","2"
"进升为按察","0","2","2"
"丰厚的贿赂","0","2","2"
"徐同爱害怕","0","2","2"
"并没有别的","0","2","2"
"奏章呈上后","0","2","2"
"立即把他打","0","2","2"
"即把他打死","0","2","2"
"重开的兆头","0","2","2"
"官一起弹劾","0","2","2"
"与同官弹劾","0","2","2"
"所以有这个","0","2","2"
"然后再上报","0","2","2"
"行在都御史","0","2","2"
"都御史弹劾","0","2","2"
"玺书奖励他","0","2","2"
"才改回原姓","0","2","2"
"掌南都察院","0","2","2"
"南都察院事","0","2","2"
"报告了这一","0","2","2"
"告了这一情","0","2","2"
"有军卫的地","0","2","2"
"军卫的地方","0","2","2"
"当时瓦剌部","0","2","2"
"时瓦剌部的","0","2","2"
"瓦剌部的也","0","2","2"
"剌部的也先","0","2","2"
"会留有后患","0","2","2"
"他又出去按","0","2","2"
"又出去按察","0","2","2"
"出去按察山","0","2","2"
"不能马上得","0","2","2"
"能马上得到","0","2","2"
"上书弹劾吏","0","2","2"
"书弹劾吏部","0","2","2"
"把实际情况","0","2","2"
"他充任事官","0","2","2"
"升他为大理","0","2","2"
"为大理寺右","0","2","2"
"从仪真到淮","0","2","2"
"仪真到淮安","0","2","2"
"被升为都督","0","2","2"
"父子两人都","0","2","2"
"没有税额的","0","2","2"
"有税额的田","0","2","2"
"税额的田地","0","2","2"
"回任刑部左","0","2","2"
"上奏罢免了","0","2","2"
"议论都认为","0","2","2"
"都认为他们","0","2","2"
"为詹事府丞","0","2","2"
"改任太常寺","0","2","2"
"进升为太仆","0","2","2"
"李杰的罪行","0","2","2"
"那些地方是","0","2","2"
"有五百余里","0","2","2"
"民各得其所","0","2","2"
"事情办完后","0","2","2"
"活了很多人","0","2","2"
"九年任满后","0","2","2"
"超升为浙江","0","2","2"
"不私取一文","0","2","2"
"巡抚顺天府","0","2","2"
"是朝廷的法","0","2","2"
"后被授予行","0","2","2"
"要依法处治","0","2","2"
"皇上车驾北","0","2","2"
"上车驾北征","0","2","2"
"车驾北征时","0","2","2"
"巡按御史和","0","2","2"
"到浙江清军","0","2","2"
"赐给敕书奖","0","2","2"
"给敕书奖励","0","2","2"
"又赐给他敕","0","2","2"
"中朝官俸禄","0","2","2"
"一定要交给","0","2","2"
"不称职的御","0","2","2"
"称职的御史","0","2","2"
"史张鹏等人","0","2","2"
"得不到治理","0","2","2"
"死于土木堡","0","2","2"
"并定为法令","0","2","2"
"官员的作用","0","2","2"
"为江西布政","0","2","2"
"皇上问李贤","0","2","2"
"和巡按御史","0","2","2"
"上书提出四","0","2","2"
"书提出四项","0","2","2"
"袭他的职位","0","2","2"
"他们的精锐","0","2","2"
"任为都指挥","0","2","2"
"被封为西宁","0","2","2"
"领右哨随从","0","2","2"
"诫军士不要","0","2","2"
"以军法论处","0","2","2"
"都乐于为他","0","2","2"
"乐于为他所","0","2","2"
"于为他所用","0","2","2"
"以游击将军","0","2","2"
"他再次随从","0","2","2"
"次随从皇上","0","2","2"
"点战到下午","0","2","2"
"战到下午五","0","2","2"
"到下午五六","0","2","2"
"下午五六点","0","2","2"
"斩首一千余","0","2","2"
"随从皇上征","0","2","2"
"与刘荣一起","0","2","2"
"寇不敢靠近","0","2","2"
"仍镇守辽东","0","2","2"
"玺书责备他","0","2","2"
"运粮食到宣","0","2","2"
"粮食到宣府","0","2","2"
"永乐年间调","0","2","2"
"兵扼守要害","0","2","2"
"守要害之地","0","2","2"
"派遣精锐部","0","2","2"
"遣精锐部队","0","2","2"
"西都司事务","0","2","2"
"一万二千二","0","2","2"
"夺回被掠去","0","2","2"
"回被掠去的","0","2","2"
"陈怀将他们","0","2","2"
"的沉重负担","0","2","2"
"以燕山卫一","0","2","2"
"燕山卫一名","0","2","2"
"山卫一名士","0","2","2"
"任礼镇守甘","0","2","2"
"礼镇守甘肃","0","2","2"
"士卒同甘共","0","2","2"
"卒同甘共苦","0","2","2"
"皇上颁玺书","0","2","2"
"过了一年他","0","2","2"
"当时边防将","0","2","2"
"时边防将领","0","2","2"
"前往安抚他","0","2","2"
"安抚他的部","0","2","2"
"抚他的部众","0","2","2"
"喃哥的弟弟","0","2","2"
"从一名士卒","0","2","2"
"一名士卒升","0","2","2"
"名士卒升到","0","2","2"
"随从北征有","0","2","2"
"从北征有功","0","2","2"
"随从总兵官","0","2","2"
"出使乌思藏","0","2","2"
"第二年他移","0","2","2"
"皇上下诏说","0","2","2"
"列举自己的","0","2","2"
"举自己的功","0","2","2"
"的人来冒功","0","2","2"
"史纷纷上疏","0","2","2"
"居住在凉州","0","2","2"
"妻子和管者","0","2","2"
"颁敕令嘉奖","0","2","2"
"在宽河击败","0","2","2"
"到都指挥同","0","2","2"
"武兴在彰义","0","2","2"
"兴在彰义门","0","2","2"
"与都御史王","0","2","2"
"等一百四十","0","2","2"
"一百四十人","0","2","2"
"将他们迁到","0","2","2"
"于是升他为","0","2","2"
"一千二百人","0","2","2"
"贵州苗人作","0","2","2"
"州苗人作乱","0","2","2"
"将营建北京","0","2","2"
"从皇上巡视","0","2","2"
"皇上巡视北","0","2","2"
"上巡视北京","0","2","2"
"治理会通河","0","2","2"
"道渐渐淤塞","0","2","2"
"改为工部尚","0","2","2"
"的部队到达","0","2","2"
"迎接并归降","0","2","2"
"官田租税减","0","2","2"
"品以上推荐","0","2","2"
"罢免不称职","0","2","2"
"免不称职的","0","2","2"
"朝廷命郑辰","0","2","2"
"廷命郑辰前","0","2","2"
"结果没有一","0","2","2"
"果没有一人","0","2","2"
"百姓苦于徭","0","2","2"
"姓苦于徭役","0","2","2"
"遭母丧归家","0","2","2"
"皇上命令廷","0","2","2"
"郑辰弹劾他","0","2","2"
"与丰城侯李","0","2","2"
"升为江西右","0","2","2"
"为江西右参","0","2","2"
"把他们留在","0","2","2"
"与佥都御史","0","2","2"
"代理工部事","0","2","2"
"为山东右参","0","2","2"
"升为左布政","0","2","2"
"三分之二的","0","2","2"
"召他回京任","0","2","2"
"皇上下诏问","0","2","2"
"理刑狱案件","0","2","2"
"后被授予刑","0","2","2"
"百万石粮食","0","2","2"
"回报都说可","0","2","2"
"报都说可行","0","2","2"
"喜欢当面指","0","2","2"
"他被授予刑","0","2","2"
"的有三千人","0","2","2"
"采用汶上老","0","2","2"
"用汶上老人","0","2","2"
"老人白英的","0","2","2"
"十七座闸门","0","2","2"
"百一十六尺","0","2","2"
"二十一座闸","0","2","2"
"十一座闸门","0","2","2"
"待秋收之后","0","2","2"
"人把他们围","0","2","2"
"把他们围了","0","2","2"
"一百三十里","0","2","2"
"堤一万八千","0","2","2"
"又修筑高邮","0","2","2"
"修筑高邮湖","0","2","2"
"浙江以及苏","0","2","2"
"江以及苏州","0","2","2"
"请加以禁止","0","2","2"
"从长沟到枣","0","2","2"
"长沟到枣林","0","2","2"
"的河道淤塞","0","2","2"
"江南的百姓","0","2","2"
"的二十八人","0","2","2"
"进文渊阁学","0","2","2"
"杨荣的推荐","0","2","2"
"赈济和借贷","0","2","2"
"都由南户部","0","2","2"
"因九年任满","0","2","2"
"被江水淹没","0","2","2"
"江水淹没的","0","2","2"
"水淹没的田","0","2","2"
"淹没的田地","0","2","2"
"周忱的制度","0","2","2"
"管仓库的人","0","2","2"
"第二年又因","0","2","2"
"人民更加怀","0","2","2"
"民更加怀念","0","2","2"
"受此案牵连","0","2","2"
"朱奠鉴母子","0","2","2"
"皇帝面前称","0","2","2"
"帝面前称赞","0","2","2"
"任都御史李","0","2","2"
"胡世宁请求","0","2","2"
"是讥讽陛下","0","2","2"
"讥讽陛下不","0","2","2"
"等都被擒获","0","2","2"
"下诏命王守","0","2","2"
"诏命王守仁","0","2","2"
"宗即位之初","0","2","2"
"升为河南参","0","2","2"
"松江的船只","0","2","2"
"出京巡按江","0","2","2"
"京巡按江西","0","2","2"
"疏劝皇上勤","0","2","2"
"奏疏后大怒","0","2","2"
"当时王振专","0","2","2"
"近来法律部","0","2","2"
"来法律部门","0","2","2"
"奏事有规避","0","2","2"
"事有规避的","0","2","2"
"有规避的律","0","2","2"
"规避的律条","0","2","2"
"学的人很多","0","2","2"
"并写了一封","0","2","2"
"因此而造成","0","2","2"
"此而造成的","0","2","2"
"私下以为应","0","2","2"
"心希望陛下","0","2","2"
"的大臣辅佐","0","2","2"
"的十项建议","0","2","2"
"多次派遣使","0","2","2"
"派遣使者巡","0","2","2"
"自己的喜怒","0","2","2"
"现在却因为","0","2","2"
"绝不与他往","0","2","2"
"不与他往来","0","2","2"
"此不再出来","0","2","2"
"立祠祭祀他","0","2","2"
"任仪制郎中","0","2","2"
"皇上将临幸","0","2","2"
"事意见不合","0","2","2"
"也多次上疏","0","2","2"
"请如诏书中","0","2","2"
"如诏书中所","0","2","2"
"诏书中所说","0","2","2"
"别人的过错","0","2","2"
"为天下臣民","0","2","2"
"遣戍铁岭卫","0","2","2"
"好彗星出现","0","2","2"
"石亨和曹吉","0","2","2"
"亨和曹吉祥","0","2","2"
"民立祠祭祀","0","2","2"
"于是亲手写","0","2","2"
"他任兵部右","0","2","2"
"人代替自己","0","2","2"
"关在监狱里","0","2","2"
"有二十多万","0","2","2"
"上奏请求命","0","2","2"
"奏请求命令","0","2","2"
"部左侍郎的","0","2","2"
"邸王代理国","0","2","2"
"王代理国政","0","2","2"
"令群臣讨论","0","2","2"
"难道没看见","0","2","2"
"大臣就请求","0","2","2"
"站在朝廷上","0","2","2"
"朝廷上下都","0","2","2"
"请求皇太后","0","2","2"
"应当任用为","0","2","2"
"实行坚壁清","0","2","2"
"救援国难的","0","2","2"
"援国难的军","0","2","2"
"国难的军队","0","2","2"
"派遣使者讲","0","2","2"
"遣使者讲和","0","2","2"
"是重要的地","0","2","2"
"流亡的百姓","0","2","2"
"从道理上讲","0","2","2"
"团营的制度","0","2","2"
"的妻子和儿","0","2","2"
"边关的祸患","0","2","2"
"当时没有人","0","2","2"
"于谦笑着说","0","2","2"
"奏章呈上去","0","2","2"
"的心意于是","0","2","2"
"于谦所举荐","0","2","2"
"有多余的东","0","2","2"
"多余的东西","0","2","2"
"于谦的冤屈","0","2","2"
"恢复官爵并","0","2","2"
"复官爵并赐","0","2","2"
"官爵并赐予","0","2","2"
"的时候已经","0","2","2"
"道他的冤枉","0","2","2"
"有关官员每","0","2","2"
"关官员每年","0","2","2"
"官兵部主事","0","2","2"
"任职方郎中","0","2","2"
"遇了一个时","0","2","2"
"一个时辰纔","0","2","2"
"正统元年的","0","2","2"
"敌人的间谍","0","2","2"
"巡抚的时候","0","2","2"
"很久以后纔","0","2","2"
"上下诏征求","0","2","2"
"下诏征求直","0","2","2"
"诏征求直言","0","2","2"
"被诬陷入狱","0","2","2"
"在朝廷上侮","0","2","2"
"朝廷上侮辱","0","2","2"
"人到宫门前","0","2","2"
"忠生日那天","0","2","2"
"一直把他送","0","2","2"
"直把他送到","0","2","2"
"已经去世了","0","2","2"
"又参与编修","0","2","2"
"时间的长短","0","2","2"
"害怕他的威","0","2","2"
"怕他的威严","0","2","2"
"予他礼部侍","0","2","2"
"他礼部侍郎","0","2","2"
"平定天下以","0","2","2"
"说他的儿子","0","2","2"
"于是太祖下","0","2","2"
"是太祖下令","0","2","2"
"交给宫正司","0","2","2"
"是天下百姓","0","2","2"
"天下百姓之","0","2","2"
"的制度就是","0","2","2"
"真正的宝物","0","2","2"
"皇后所说真","0","2","2"
"得到贤能之","0","2","2"
"到贤能之士","0","2","2"
"变得骄横放","0","2","2"
"得骄横放纵","0","2","2"
"会困苦不堪","0","2","2"
"终年五十一","0","2","2"
"不再重立皇","0","2","2"
"再重立皇后","0","2","2"
"号为孝慈昭","0","2","2"
"为孝慈昭宪","0","2","2"
"孝慈昭宪至","0","2","2"
"慈昭宪至仁","0","2","2"
"昭宪至仁文","0","2","2"
"宪至仁文德","0","2","2"
"至仁文德承","0","2","2"
"为孝慈贞化","0","2","2"
"成天育圣至","0","2","2"
"天育圣至德","0","2","2"
"育圣至德高","0","2","2"
"圣至德高皇","0","2","2"
"至德高皇后","0","2","2"
"被册封为燕","0","2","2"
"因此请求召","0","2","2"
"谥号为仁孝","0","2","2"
"皇太后拜谒","0","2","2"
"未来得及上","0","2","2"
"英宗为她上","0","2","2"
"宗为她上尊","0","2","2"
"为她上尊谥","0","2","2"
"她上尊谥号","0","2","2"
"贵妃为皇后","0","2","2"
"流着眼泪说","0","2","2"
"感到很害怕","0","2","2"
"住在仁寿宫","0","2","2"
"授以锦衣卫","0","2","2"
"以锦衣卫指","0","2","2"
"太后之母为","0","2","2"
"圣母在天之","0","2","2"
"母在天之灵","0","2","2"
"俞大猷上书","0","2","2"
"蒙古俺答部","0","2","2"
"他的名字上","0","2","2"
"自己的座位","0","2","2"
"升为署理都","0","2","2"
"为署理都指","0","2","2"
"欧阳必进将","0","2","2"
"五千三百多","0","2","2"
"行综合治理","0","2","2"
"船三十余艘","0","2","2"
"又分为二路","0","2","2"
"大猷追击到","0","2","2"
"川沙洼的倭","0","2","2"
"任命俞大猷","0","2","2"
"命俞大猷为","0","2","2"
"俞大猷为总","0","2","2"
"大猷为总兵","0","2","2"
"猷为总兵官","0","2","2"
"将戚继光的","0","2","2"
"俞大猷先后","0","2","2"
"就此事弹劾","0","2","2"
"廷推荐了俞","0","2","2"
"推荐了俞大","0","2","2"
"荐了俞大猷","0","2","2"
"皇帝下诏调","0","2","2"
"俞大猷用计","0","2","2"
"为福建总兵","0","2","2"
"与戚继光一","0","2","2"
"由于戚继光","0","2","2"
"戚继光率先","0","2","2"
"十三年改任","0","2","2"
"些为非作歹","0","2","2"
"将他抓住献","0","2","2"
"他抓住献给","0","2","2"
"用为南京右","0","2","2"
"任浙江都司","0","2","2"
"戚继光攻破","0","2","2"
"戚继光回到","0","2","2"
"继光回到浙","0","2","2"
"光回到浙江","0","2","2"
"杀死倭寇二","0","2","2"
"死倭寇二千","0","2","2"
"穿上他们的","0","2","2"
"帝为此在郊","0","2","2"
"为此在郊庙","0","2","2"
"戚继光在城","0","2","2"
"继光在城下","0","2","2"
"戚继光训练","0","2","2"
"任命戚继光","0","2","2"
"靠近边塞的","0","2","2"
"给事中张鼎","0","2","2"
"推荐戚继光","0","2","2"
"隶属戚继光","0","2","2"
"小规模的进","0","2","2"
"规模的进剿","0","2","2"
"击王瑞等人","0","2","2"
"二千四百多","0","2","2"
"进行大规模","0","2","2"
"斩杀敌贼一","0","2","2"
"杀敌贼一万","0","2","2"
"年升为陕西","0","2","2"
"义军必来攻","0","2","2"
"城墙以备防","0","2","2"
"墙以备防守","0","2","2"
"义军突然攻","0","2","2"
"义军要他投","0","2","2"
"军要他投降","0","2","2"
"江山阴县知","0","2","2"
"山阴县知县","0","2","2"
"魏忠贤党羽","0","2","2"
"赠太仆寺少","0","2","2"
"到任刚三日","0","2","2"
"弱的士兵不","0","2","2"
"的士兵不过","0","2","2"
"士兵不过二","0","2","2"
"升兵部右侍","0","2","2"
"不知其名字","0","2","2"
"于是太祖命","0","2","2"
"到功臣庙去","0","2","2"
"进升都指挥","0","2","2"
"升都指挥佥","0","2","2"
"为绍宗求官","0","2","2"
"为皇帝讲学","0","2","2"
"帝还是不准","0","2","2"
"所在官府逮","0","2","2"
"在官府逮捕","0","2","2"
"官府逮捕法","0","2","2"
"府逮捕法办","0","2","2"
"延龄阴谋不","0","2","2"
"龄阴谋不轨","0","2","2"
"尚书赵璜认","0","2","2"
"书赵璜认为","0","2","2"
"是不可能的","0","2","2"
"指挥使以下","0","2","2"
"上书报告皇","0","2","2"
"书报告皇帝","0","2","2"
"朝大势已去","0","2","2"
"的形势日益","0","2","2"
"与社稷共存","0","2","2"
"社稷共存亡","0","2","2"
"张献忠攻克","0","2","2"
"率所部逃跑","0","2","2"
"祯十五年冬","0","2","2"
"为官军收复","0","2","2"
"地方的军队","0","2","2"
"任四川右参","0","2","2"
"年考核地方","0","2","2"
"核地方官吏","0","2","2"
"四十四年中","0","2","2"
"义军老回回","0","2","2"
"客在此饮酒","0","2","2"
"人来求他的","0","2","2"
"人们都感到","0","2","2"
"朝廷征他为","0","2","2"
"把他的书斋","0","2","2"
"他的书斋题","0","2","2"
"的书斋题名","0","2","2"
"书斋题名为","0","2","2"
"把自己的妻","0","2","2"
"到他的指教","0","2","2"
"为他做壁画","0","2","2"
"的名字报了","0","2","2"
"名字报了上","0","2","2"
"字报了上去","0","2","2"
"有人劝他去","0","2","2"
"人劝他去拜","0","2","2"
"去拜谒贵族","0","2","2"
"与董其昌齐","0","2","2"
"董其昌齐名","0","2","2"
"他博闻强记","0","2","2"
"聘用吴与弼","0","2","2"
"全部查清了","0","2","2"
"部查清了他","0","2","2"
"劾他的罪状","0","2","2"
"等商议守城","0","2","2"
"因为留用两","0","2","2"
"那么所为就","0","2","2"
"么所为就没","0","2","2"
"所为就没有","0","2","2"
"为就没有不","0","2","2"
"就没有不是","0","2","2"
"认为孙丕扬","0","2","2"
"有比这更严","0","2","2"
"也没有得到","0","2","2"
"被赶出朝廷","0","2","2"
"他奉诏搜集","0","2","2"
"奉诏搜集已","0","2","2"
"诏搜集已往","0","2","2"
"搜集已往事","0","2","2"
"集已往事例","0","2","2"
"已往事例作","0","2","2"
"往事例作为","0","2","2"
"事例作为惩","0","2","2"
"例作为惩戒","0","2","2"
"作为惩戒的","0","2","2"
"为惩戒的借","0","2","2"
"惩戒的借鉴","0","2","2"
"写于新宫殿","0","2","2"
"于新宫殿壁","0","2","2"
"新宫殿壁上","0","2","2"
"但刚接任便","0","2","2"
"刚接任便一","0","2","2"
"接任便一夕","0","2","2"
"任便一夕病","0","2","2"
"便一夕病卒","0","2","2"
"核地方官员","0","2","2"
"有权的宦官","0","2","2"
"魏忠贤认为","0","2","2"
"认为有关部","0","2","2"
"为有关部门","0","2","2"
"是可以利用","0","2","2"
"李选侍也请","0","2","2"
"选侍也请求","0","2","2"
"侍也请求皇","0","2","2"
"也请求皇帝","0","2","2"
"求皇帝封郑","0","2","2"
"皇帝封郑贵","0","2","2"
"帝封郑贵妃","0","2","2"
"封郑贵妃为","0","2","2"
"郑贵妃为皇","0","2","2"
"败坏了祖宗","0","2","2"
"坏了祖宗二","0","2","2"
"了祖宗二百","0","2","2"
"百多年的政","0","2","2"
"多年的政治","0","2","2"
"年的政治体","0","2","2"
"的政治体制","0","2","2"
"是大罪之一","0","2","2"
"马络绎不绝","0","2","2"
"讲解经史的","0","2","2"
"解经史的机","0","2","2"
"经史的机会","0","2","2"
"皇帝的龙颜","0","2","2"
"按过去惯例","0","2","2"
"匪徒惊慌失","0","2","2"
"徒惊慌失措","0","2","2"
"各路大军进","0","2","2"
"路大军进攻","0","2","2"
"放火焚烧茅","0","2","2"
"火焚烧茅屋","0","2","2"
"自以为是的","0","2","2"
"一举焚烧了","0","2","2"
"按照他的话","0","2","2"
"朝大臣都知","0","2","2"
"侦察到官兵","0","2","2"
"贼兵包围了","0","2","2"
"部门讨论执","0","2","2"
"门讨论执行","0","2","2"
"财物寄存在","0","2","2"
"国家的粮食","0","2","2"
"割下了他的","0","2","2"
"灾祸就降临","0","2","2"
"祸就降临了","0","2","2"
"尚方宝剑在","0","2","2"
"上对他的大","0","2","2"
"对他的大恩","0","2","2"
"然而崇焕轻","0","2","2"
"而崇焕轻视","0","2","2"
"崇焕轻视王","0","2","2"
"焕轻视王在","0","2","2"
"轻视王在晋","0","2","2"
"视王在晋没","0","2","2"
"王在晋没有","0","2","2"
"在晋没有长","0","2","2"
"晋没有长远","0","2","2"
"没有长远的","0","2","2"
"有长远的谋","0","2","2"
"长远的谋略","0","2","2"
"不大遵守他","0","2","2"
"大遵守他的","0","2","2"
"遵守他的军","0","2","2"
"守他的军令","0","2","2"
"大规模屯田","0","2","2"
"从清晨一直","0","2","2"
"的贪官污吏","0","2","2"
"出兵的日期","0","2","2"
"的大臣们敢","0","2","2"
"大臣们敢欺","0","2","2"
"臣们敢欺骗","0","2","2"
"们敢欺骗陛","0","2","2"
"敢欺骗陛下","0","2","2"
"欺骗陛下的","0","2","2"
"一定不是那","0","2","2"
"定不是那些","0","2","2"
"寻求关系踏","0","2","2"
"求关系踏上","0","2","2"
"关系踏上仕","0","2","2"
"系踏上仕途","0","2","2"
"是朝臣们的","0","2","2"
"朝臣们的意","0","2","2"
"熹宗下令给","0","2","2"
"宗下令给他","0","2","2"
"下令给他加","0","2","2"
"缺乏坚强的","0","2","2"
"到庄烈帝的","0","2","2"
"在深山老林","0","2","2"
"可以全部歼","0","2","2"
"以全部歼灭","0","2","2"
"这次日食的","0","2","2"
"次日食的时","0","2","2"
"高度全都相","0","2","2"
"度全都相合","0","2","2"
"只是食甚分","0","2","2"
"是食甚分数","0","2","2"
"食甚分数不","0","2","2"
"甚分数不到","0","2","2"
"分数不到二","0","2","2"
"数不到二分","0","2","2"
"役和流放以","0","2","2"
"和流放以下","0","2","2"
"流放以下的","0","2","2"
"放以下的罪","0","2","2"
"皇上都没有","0","2","2"
"的文职官吏","0","2","2"
"不时有所宽","0","2","2"
"时有所宽纵","0","2","2"
"但是观望东","0","2","2"
"是观望东厂","0","2","2"
"观望东厂的","0","2","2"
"望东厂的脸","0","2","2"
"东厂的脸色","0","2","2"
"来求取大福","0","2","2"
"凡是官员祭","0","2","2"
"是官员祭葬","0","2","2"
"有没有隆重","0","2","2"
"没有隆重减","0","2","2"
"有隆重减损","0","2","2"
"隆重减损的","0","2","2"
"重减损的等","0","2","2"
"减损的等级","0","2","2"
"蚕即将出生","0","2","2"
"天监择吉祥","0","2","2"
"监择吉祥的","0","2","2"
"择吉祥的巳","0","2","2"
"吉祥的巳日","0","2","2"
"祥的巳日上","0","2","2"
"的巳日上奏","0","2","2"
"圣先师的礼","0","2","2"
"先师的礼仪","0","2","2"
"举行祭祀事","0","2","2"
"至于陪祀的","0","2","2"
"于陪祀的贤","0","2","2"
"陪祀的贤人","0","2","2"
"不可不考察","0","2","2"
"可不考察得","0","2","2"
"不考察得失","0","2","2"
"事情于是停","0","2","2"
"情于是停止","0","2","2"
"训练地方乡","0","2","2"
"练地方乡兵","0","2","2"
"加封为右参","0","2","2"
"封为右参政","0","2","2"
"母的丧事而","0","2","2"
"的丧事而离","0","2","2"
"丧事而离职","0","2","2"
"回家守完丧","0","2","2"
"敌人逃跑了","0","2","2"
"不能制服敌","0","2","2"
"能制服敌人","0","2","2"
"制服敌人的","0","2","2"
"分成三个营","0","2","2"
"居正的意见","0","2","2"
"的事情全部","0","2","2"
"于呼吸之间","0","2","2"
"的方法适宜","0","2","2"
"方法适宜于","0","2","2"
"他与戚继光","0","2","2"
"都御史兼任","0","2","2"
"宗下优诏挽","0","2","2"
"下优诏挽留","0","2","2"
"他升任陕西","0","2","2"
"加封为右副","0","2","2"
"封为右都御","0","2","2"
"放牧的地方","0","2","2"
"居住在那里","0","2","2"
"最终没有收","0","2","2"
"终没有收获","0","2","2"
"自己逃回的","0","2","2"
"己逃回的人","0","2","2"
"明白地告诉","0","2","2"
"白地告诉他","0","2","2"
"掠了西部少","0","2","2"
"了西部少数","0","2","2"
"现在朝廷对","0","2","2"
"可以无忧患","0","2","2"
"人认为可以","0","2","2"
"恭敬地接受","0","2","2"
"奖他的忠诚","0","2","2"
"西到嘉峪关","0","2","2"
"节省十分之","0","2","2"
"省十分之七","0","2","2"
"给事中刘铉","0","2","2"
"接连上奏抨","0","2","2"
"连上奏抨击","0","2","2"
"给事中尹瑾","0","2","2"
"皇帝下诏荫","0","2","2"
"帝下诏荫庇","0","2","2"
"下诏荫庇他","0","2","2"
"诏荫庇他的","0","2","2"
"荫庇他的一","0","2","2"
"庇他的一个","0","2","2"
"子任锦衣千","0","2","2"
"任锦衣千户","0","2","2"
"有司依礼问","0","2","2"
"司依礼问候","0","2","2"
"依礼问候他","0","2","2"
"个月就死了","0","2","2"
"饿死的人遍","0","2","2"
"自己没有损","0","2","2"
"他们的差役","0","2","2"
"贾汝翼拒绝","0","2","2"
"汝翼拒绝王","0","2","2"
"翼拒绝王杲","0","2","2"
"拒绝王杲的","0","2","2"
"绝王杲的赠","0","2","2"
"王杲的赠物","0","2","2"
"责罚他违抗","0","2","2"
"罚他违抗圣","0","2","2"
"他违抗圣意","0","2","2"
"实为伸张国","0","2","2"
"为伸张国威","0","2","2"
"倘若因此罢","0","2","2"
"若因此罢免","0","2","2"
"因此罢免他","0","2","2"
"是我方进退","0","2","2"
"我方进退边","0","2","2"
"方进退边将","0","2","2"
"进退边将之","0","2","2"
"退边将之权","0","2","2"
"边将之权由","0","2","2"
"将之权由敌","0","2","2"
"之权由敌方","0","2","2"
"权由敌方掌","0","2","2"
"由敌方掌握","0","2","2"
"为应该告谕","0","2","2"
"应该告谕王","0","2","2"
"该告谕王杲","0","2","2"
"告谕王杲送","0","2","2"
"谕王杲送还","0","2","2"
"王杲送还俘","0","2","2"
"杲送还俘虏","0","2","2"
"送还俘虏和","0","2","2"
"还俘虏和掠","0","2","2"
"俘虏和掠夺","0","2","2"
"虏和掠夺的","0","2","2"
"和掠夺的财","0","2","2"
"掠夺的财物","0","2","2"
"否则就调兵","0","2","2"
"则就调兵剿","0","2","2"
"就调兵剿灭","0","2","2"
"调兵剿灭他","0","2","2"
"不要姑息养","0","2","2"
"要姑息养奸","0","2","2"
"加封右都御","0","2","2"
"封右都御史","0","2","2"
"认为张学颜","0","2","2"
"千两黄金的","0","2","2"
"千匹太仆寺","0","2","2"
"太仆寺的马","0","2","2"
"抨击张学颜","0","2","2"
"允许他辞官","0","2","2"
"应天的十府","0","2","2"
"调任南京鸿","0","2","2"
"任南京鸿胪","0","2","2"
"任光禄寺卿","0","2","2"
"年出任原职","0","2","2"
"张居正认为","0","2","2"
"负责兵部事","0","2","2"
"责兵部事务","0","2","2"
"调任刑部主","0","2","2"
"四年他升任","0","2","2"
"河在沛县飞","0","2","2"
"在沛县飞云","0","2","2"
"县飞云桥决","0","2","2"
"飞云桥决堤","0","2","2"
"注入昭阳湖","0","2","2"
"应期所开凿","0","2","2"
"于是决定开","0","2","2"
"事中郑钦弹","0","2","2"
"中郑钦弹劾","0","2","2"
"郑钦弹劾朱","0","2","2"
"钦弹劾朱衡","0","2","2"
"事中何起鸣","0","2","2"
"在马家桥决","0","2","2"
"马家桥决堤","0","2","2"
"议论的人纷","0","2","2"
"论的人纷纷","0","2","2"
"裁减多余的","0","2","2"
"每年的定额","0","2","2"
"且请求增添","0","2","2"
"居正所喜欢","0","2","2"
"约束河水回","0","2","2"
"现在的河道","0","2","2"
"筑堤堵塞决","0","2","2"
"堤堵塞决口","0","2","2"
"水弱黄河水","0","2","2"
"弱黄河水强","0","2","2"
"到十分之八","0","2","2"
"请求恢复旧","0","2","2"
"治张居正的","0","2","2"
"张居正的罪","0","2","2"
"于是启用潘","0","2","2"
"是启用潘季","0","2","2"
"用潘季驯任","0","2","2"
"全权督察河","0","2","2"
"权督察河道","0","2","2"
"黄河水暴涨","0","2","2"
"有的人主张","0","2","2"
"的人主张开","0","2","2"
"王世贞等人","0","2","2"
"在其中讲学","0","2","2"
"原尤其严重","0","2","2"
"地区的粮食","0","2","2"
"水旱灾害以","0","2","2"
"王宗沐认为","0","2","2"
"会通河开通","0","2","2"
"便利的事情","0","2","2"
"运送十二万","0","2","2"
"送十二万石","0","2","2"
"当时是万历","0","2","2"
"官考核中被","0","2","2"
"被赠封为刑","0","2","2"
"赠封为刑部","0","2","2"
"就可以成为","0","2","2"
"是由于没有","0","2","2"
"上游十五条","0","2","2"
"游十五条河","0","2","2"
"多开挖支河","0","2","2"
"南地区的漕","0","2","2"
"地区的漕运","0","2","2"
"西北地区的","0","2","2"
"边远地方的","0","2","2"
"卫所的长官","0","2","2"
"等到徐贞明","0","2","2"
"徐贞明被贬","0","2","2"
"时间长了就","0","2","2"
"可以长驱直","0","2","2"
"子孙做长远","0","2","2"
"给事中王敬","0","2","2"
"开垦田亩的","0","2","2"
"召募南方人","0","2","2"
"三万九千多","0","2","2"
"万九千多亩","0","2","2"
"内阁大臣申","0","2","2"
"阁大臣申时","0","2","2"
"提建议的人","0","2","2"
"因为祖宗的","0","2","2"
"宗的法度是","0","2","2"
"的法度是这","0","2","2"
"法度是这样","0","2","2"
"度是这样吗","0","2","2"
"由朝廷推荐","0","2","2"
"做的事就是","0","2","2"
"怕张居正的","0","2","2"
"张居正的胜","0","2","2"
"因劝谏被贬","0","2","2"
"因为提意见","0","2","2"
"为提意见被","0","2","2"
"追问他的党","0","2","2"
"问他的党羽","0","2","2"
"百年来没有","0","2","2"
"于是将刘台","0","2","2"
"发配到广西","0","2","2"
"由有关部门","0","2","2"
"难道真的是","0","2","2"
"留在禁中不","0","2","2"
"在禁中不下","0","2","2"
"禁中不下发","0","2","2"
"登位的时候","0","2","2"
"祠堂祭祀他","0","2","2"
"进士时的主","0","2","2"
"士时的主考","0","2","2"
"时的主考官","0","2","2"
"三年的爱心","0","2","2"
"也没有听说","0","2","2"
"告诉张居正","0","2","2"
"朱鸿谟上疏","0","2","2"
"鸿谟上疏救","0","2","2"
"谟上疏救援","0","2","2"
"年全面考核","0","2","2"
"提为太常少","0","2","2"
"升为右谕德","0","2","2"
"居正父亲死","0","2","2"
"国家大事将","0","2","2"
"的儿子吴镇","0","2","2"
"又请求设立","0","2","2"
"三王同时分","0","2","2"
"王同时分封","0","2","2"
"同时分封的","0","2","2"
"中牵涉到王","0","2","2"
"牵涉到王锡","0","2","2"
"涉到王锡爵","0","2","2"
"老百姓贫困","0","2","2"
"下圣旨严厉","0","2","2"
"一定数额的","0","2","2"
"沈思孝上疏","0","2","2"
"上疏劝谏说","0","2","2"
"下之所以留","0","2","2"
"之所以留下","0","2","2"
"所以留下张","0","2","2"
"以留下张居","0","2","2"
"说是为国家","0","2","2"
"而国家所重","0","2","2"
"国家所重视","0","2","2"
"家所重视的","0","2","2"
"所重视的莫","0","2","2"
"重视的莫过","0","2","2"
"视的莫过于","0","2","2"
"的莫过于纲","0","2","2"
"莫过于纲常","0","2","2"
"这样怎么能","0","2","2"
"陛下果真眷","0","2","2"
"下果真眷念","0","2","2"
"果真眷念张","0","2","2"
"真眷念张居","0","2","2"
"眷念张居正","0","2","2"
"当用道德来","0","2","2"
"用道德来爱","0","2","2"
"道德来爱护","0","2","2"
"德来爱护他","0","2","2"
"让他能奔丧","0","2","2"
"他能奔丧尽","0","2","2"
"能奔丧尽孝","0","2","2"
"使他保全大","0","2","2"
"他保全大节","0","2","2"
"那么就纲常","0","2","2"
"么就纲常树","0","2","2"
"就纲常树立","0","2","2"
"纲常树立而","0","2","2"
"常树立而朝","0","2","2"
"树立而朝廷","0","2","2"
"立而朝廷端","0","2","2"
"而朝廷端正","0","2","2"
"朝廷端正则","0","2","2"
"廷端正则百","0","2","2"
"端正则百官","0","2","2"
"万民莫不端","0","2","2"
"民莫不端正","0","2","2"
"灾变也没有","0","2","2"
"变也没有不","0","2","2"
"也没有不可","0","2","2"
"没有不可消","0","2","2"
"有不可消除","0","2","2"
"不可消除的","0","2","2"
"到张居正死","0","2","2"
"用为户部员","0","2","2"
"至太仆少卿","0","2","2"
"于是将他逮","0","2","2"
"是将他逮捕","0","2","2"
"久就去世了","0","2","2"
"持认为不可","0","2","2"
"掌朝政的人","0","2","2"
"思孝于是请","0","2","2"
"孝于是请求","0","2","2"
"升为顺天府","0","2","2"
"命令他立功","0","2","2"
"弹劾沈思孝","0","2","2"
"沈思孝上奏","0","2","2"
"赵文炳弹劾","0","2","2"
"然而有时也","0","2","2"
"给事中黄运","0","2","2"
"诋毁沈思孝","0","2","2"
"请求举行皇","0","2","2"
"赠为太子少","0","2","2"
"令责备张瀚","0","2","2"
"大臣的礼节","0","2","2"
"任河南副使","0","2","2"
"次调任后升","0","2","2"
"后升为河南","0","2","2"
"为河南右布","0","2","2"
"年他升任右","0","2","2"
"从淮安到胶","0","2","2"
"从天津到海","0","2","2"
"天津到海仓","0","2","2"
"了一千五百","0","2","2"
"淮安到天津","0","2","2"
"十二万石粮","0","2","2"
"调任右副都","0","2","2"
"袭击了他们","0","2","2"
"锦衣世袭千","0","2","2"
"衣世袭千户","0","2","2"
"年考核京城","0","2","2"
"位皇子一同","0","2","2"
"皇子一同封","0","2","2"
"说得很明白","0","2","2"
"得很明白了","0","2","2"
"的长子诸子","0","2","2"
"在二十一年","0","2","2"
"一同封王的","0","2","2"
"同封王的命","0","2","2"
"封王的命令","0","2","2"
"王的命令下","0","2","2"
"才起用为南","0","2","2"
"无善无恶心","0","2","2"
"善无恶心之","0","2","2"
"无恶心之体","0","2","2"
"顾宪成送信","0","2","2"
"黄正宾等人","0","2","2"
"为攻击东林","0","2","2"
"攻击顾宪成","0","2","2"
"他们意见不","0","2","2"
"不是小事情","0","2","2"
"魏忠贤的邪","0","2","2"
"忠贤的邪恶","0","2","2"
"将他们一网","0","2","2"
"使国家受害","0","2","2"
"参加万历十","0","2","2"
"加万历十一","0","2","2"
"十四年才赴","0","2","2"
"四年才赴殿","0","2","2"
"年才赴殿试","0","2","2"
"得不到皇上","0","2","2"
"连上疏诋毁","0","2","2"
"应当羞愧而","0","2","2"
"当羞愧而死","0","2","2"
"被除去官籍","0","2","2"
"从而得罪了","0","2","2"
"而得罪了清","0","2","2"
"得罪了清议","0","2","2"
"贬为江西副","0","2","2"
"到礼部尚书","0","2","2"
"给事中王如","0","2","2"
"事中王如坚","0","2","2"
"中王如坚的","0","2","2"
"王如坚的奏","0","2","2"
"如坚的奏疏","0","2","2"
"坚的奏疏先","0","2","2"
"的奏疏先呈","0","2","2"
"奏疏先呈上","0","2","2"
"让他们到边","0","2","2"
"他们到边境","0","2","2"
"们到边境去","0","2","2"
"到边境去戍","0","2","2"
"边境去戍守","0","2","2"
"求告假回乡","0","2","2"
"下诏给事中","0","2","2"
"窃取朝廷的","0","2","2"
"攻击沈一贯","0","2","2"
"邪恶的小人","0","2","2"
"都自动免职","0","2","2"
"李成梁放弃","0","2","2"
"任考功郎中","0","2","2"
"陆光祖极力","0","2","2"
"在背后议论","0","2","2"
"称病回乡了","0","2","2"
"就弹劾陆光","0","2","2"
"他交给官吏","0","2","2"
"都是申时行","0","2","2"
"申时行暗中","0","2","2"
"由宫内降旨","0","2","2"
"年全面考察","0","2","2"
"考察地方官","0","2","2"
"察地方官吏","0","2","2"
"离去的打算","0","2","2"
"任过礼部侍","0","2","2"
"任南京文选","0","2","2"
"皇帝全部听","0","2","2"
"帝全部听从","0","2","2"
"他担任吏部","0","2","2"
"到了孙鑨时","0","2","2"
"赵志皋的弟","0","2","2"
"志皋的弟弟","0","2","2"
"奏疏已经呈","0","2","2"
"虞淳熙等人","0","2","2"
"守丧未满期","0","2","2"
"丧未满期而","0","2","2"
"专权结党的","0","2","2"
"王锡爵的门","0","2","2"
"锡爵的门生","0","2","2"
"是我的大罪","0","2","2"
"我的大罪过","0","2","2"
"陈有年极力","0","2","2"
"任稽勋郎中","0","2","2"
"陈有年上奏","0","2","2"
"左侍郎升任","0","2","2"
"侍郎升任南","0","2","2"
"郎升任南京","0","2","2"
"对京官的考","0","2","2"
"住宿在办公","0","2","2"
"宿在办公地","0","2","2"
"于是命令陈","0","2","2"
"们两个人都","0","2","2"
"是由朝廷推","0","2","2"
"给事中卢明","0","2","2"
"负责选拔官","0","2","2"
"请求皇帝起","0","2","2"
"求皇帝起用","0","2","2"
"张居正已经","0","2","2"
"居正已经死","0","2","2"
"召回任命为","0","2","2"
"大理寺审核","0","2","2"
"考核京城之","0","2","2"
"核京城之外","0","2","2"
"攻击孙丕扬","0","2","2"
"大学士陈于","0","2","2"
"学士陈于陛","0","2","2"
"用罢官的人","0","2","2"
"孙丕扬再度","0","2","2"
"杨时乔负责","0","2","2"
"排斥东林党","0","2","2"
"斥东林党人","0","2","2"
"巡按浙江时","0","2","2"
"欲除去福清","0","2","2"
"先要除去富","0","2","2"
"要除去富平","0","2","2"
"刘国缙怀疑","0","2","2"
"他们为五鬼","0","2","2"
"前任给事中","0","2","2"
"任给事中钟","0","2","2"
"又以年例的","0","2","2"
"以年例的名","0","2","2"
"年例的名义","0","2","2"
"例的名义将","0","2","2"
"的考核报告","0","2","2"
"任南京尚宝","0","2","2"
"后升南京太","0","2","2"
"派兵部尚书","0","2","2"
"楚王的事情","0","2","2"
"攻击郭正域","0","2","2"
"杨时乔请求","0","2","2"
"不是内阁大","0","2","2"
"的邹元标等","0","2","2"
"杨时乔已经","0","2","2"
"已经被罢免","0","2","2"
"受业于永丰","0","2","2"
"业于永丰吕","0","2","2"
"于永丰吕怀","0","2","2"
"揭发胡宗宪","0","2","2"
"实行一条鞭","0","2","2"
"上就同意了","0","2","2"
"被贬为平民","0","2","2"
"建祠堂祭祀","0","2","2"
"请求开通桑","0","2","2"
"求开通桑干","0","2","2"
"开通桑干河","0","2","2"
"河流发源于","0","2","2"
"乘着小船到","0","2","2"
"宋仪望坚决","0","2","2"
"仪望坚决不","0","2","2"
"望坚决不允","0","2","2"
"坚决不允许","0","2","2"
"同意他的请","0","2","2"
"意他的请求","0","2","2"
"居正主持朝","0","2","2"
"正主持朝政","0","2","2"
"是王守仁的","0","2","2"
"仁的私淑弟","0","2","2"
"跟随邹守益","0","2","2"
"罗洪先交游","0","2","2"
"浙江余姚人","0","2","2"
"赶上考核京","0","2","2"
"上考核京官","0","2","2"
"入京师为左","0","2","2"
"京师为左佥","0","2","2"
"师为左佥都","0","2","2"
"提为刑部右","0","2","2"
"晋升为副使","0","2","2"
"知府沈钅夫","0","2","2"
"又定什么罪","0","2","2"
"定什么罪呢","0","2","2"
"到万历二十","0","2","2"
"嘉靖末年中","0","2","2"
"靖末年中进","0","2","2"
"次迁官后任","0","2","2"
"被留于禁中","0","2","2"
"陆树德请求","0","2","2"
"上供的纺织","0","2","2"
"升任工部右","0","2","2"
"做官的地方","0","2","2"
"建议于是被","0","2","2"
"议于是被搁","0","2","2"
"于是被搁置","0","2","2"
"以亲人年老","0","2","2"
"邻近的卫所","0","2","2"
"征收矿税的","0","2","2"
"万历三年升","0","2","2"
"历三年升为","0","2","2"
"向皇上奏报","0","2","2"
"官吏的政绩","0","2","2"
"讨论后同意","0","2","2"
"兵两路夹攻","0","2","2"
"拔为兵部右","0","2","2"
"发一兵一卒","0","2","2"
"赠为右都御","0","2","2"
"提升为刑部","0","2","2"
"到郊外祭坛","0","2","2"
"调任南京大","0","2","2"
"规定的数目","0","2","2"
"下诏让抚按","0","2","2"
"辅成从祀启","0","2","2"
"成从祀启圣","0","2","2"
"不应当长久","0","2","2"
"万象春极力","0","2","2"
"万象春出使","0","2","2"
"万象春认为","0","2","2"
"请求分封他","0","2","2"
"求分封他的","0","2","2"
"分封他的庶","0","2","2"
"太和山提督","0","2","2"
"和山提督中","0","2","2"
"上疏弹劾申","0","2","2"
"疏弹劾申时","0","2","2"
"说和议通贡","0","2","2"
"讨论战守问","0","2","2"
"论战守问题","0","2","2"
"下的意思是","0","2","2"
"接受贿赂的","0","2","2"
"不参加考试","0","2","2"
"改任南京吏","0","2","2"
"汤显祖辞谢","0","2","2"
"责备御史官","0","2","2"
"备御史官欺","0","2","2"
"御史官欺骗","0","2","2"
"第二年考核","0","2","2"
"二十年后死","0","2","2"
"十年后死去","0","2","2"
"上亲自裁定","0","2","2"
"是正直的人","0","2","2"
"的责任重大","0","2","2"
"一心修炼本","0","2","2"
"心修炼本性","0","2","2"
"陛下错误地","0","2","2"
"这是陛下的","0","2","2"
"有势力的豪","0","2","2"
"势力的豪强","0","2","2"
"不久给事中","0","2","2"
"给事中钟宇","0","2","2"
"想天下治理","0","2","2"
"现在国家的","0","2","2"
"怨愤的百姓","0","2","2"
"一千两银子","0","2","2"
"全国的财富","0","2","2"
"就收聚了京","0","2","2"
"陛下听到的","0","2","2"
"敢讲的事情","0","2","2"
"士大夫的心","0","2","2"
"然而死于鞭","0","2","2"
"而死于鞭笞","0","2","2"
"死于鞭笞之","0","2","2"
"于鞭笞之下","0","2","2"
"鞭笞之下的","0","2","2"
"笞之下的事","0","2","2"
"却听到很少","0","2","2"
"开国初期分","0","2","2"
"任皇长子的","0","2","2"
"郭正域执笔","0","2","2"
"正域执笔批","0","2","2"
"域执笔批驳","0","2","2"
"黄光升应当","0","2","2"
"光升应当授","0","2","2"
"升应当授谥","0","2","2"
"海瑞就该杀","0","2","2"
"的儿子冒充","0","2","2"
"儿子冒充华","0","2","2"
"曾经上奏揭","0","2","2"
"经上奏揭发","0","2","2"
"沈一贯嘱咐","0","2","2"
"华翧的奏章","0","2","2"
"巡抚赵可怀","0","2","2"
"都说不知道","0","2","2"
"正域上奏辩","0","2","2"
"域上奏辩解","0","2","2"
"治郭正域的","0","2","2"
"郭正域的罪","0","2","2"
"命令巡按御","0","2","2"
"楚王所揭发","0","2","2"
"王所揭发的","0","2","2"
"所揭发的事","0","2","2"
"是郭正域的","0","2","2"
"诬告郭正域","0","2","2"
"危急的时候","0","2","2"
"帝王治国之","0","2","2"
"王治国之道","0","2","2"
"使万物各得","0","2","2"
"万物各得其","0","2","2"
"物各得其所","0","2","2"
"武功平定祸","0","2","2"
"功平定祸乱","0","2","2"
"心研究性理","0","2","2"
"这时已年过","0","2","2"
"时已年过七","0","2","2"
"已年过七十","0","2","2"
"去与之交游","0","2","2"
"亲自为学生","0","2","2"
"自为学生讲","0","2","2"
"瑄为大理寺","0","2","2"
"苏州发生饥","0","2","2"
"呈请辞官归","0","2","2"
"要身体力行","0","2","2"
"四方前来求","0","2","2"
"方前来求学","0","2","2"
"前来求学的","0","2","2"
"来求学的人","0","2","2"
"五十一岁而","0","2","2"
"年供于孔庙","0","2","2"
"去世归家守","0","2","2"
"归家奉养父","0","2","2"
"从此居家教","0","2","2"
"此居家教授","0","2","2"
"居家教授学","0","2","2"
"家教授学生","0","2","2"
"请求辞职归","0","2","2"
"求辞职归家","0","2","2"
"必亲自实践","0","2","2"
"为当时名儒","0","2","2"
"其中以陈琛","0","2","2"
"中以陈琛最","0","2","2"
"以陈琛最称","0","2","2"
"陈琛最称著","0","2","2"
"后改任礼部","0","2","2"
"内心反省体","0","2","2"
"心反省体验","0","2","2"
"专心致力于","0","2","2"
"父母相继去","0","2","2"
"母相继去世","0","2","2"
"宏伟独到的","0","2","2"
"伟独到的学","0","2","2"
"独到的学术","0","2","2"
"者称他为月","0","2","2"
"是不正当的","0","2","2"
"命当地官府","0","2","2"
"当地官府每","0","2","2"
"地官府每月","0","2","2"
"爱管闲事的","0","2","2"
"管闲事的人","0","2","2"
"在本乡讲学","0","2","2"
"次向朝廷举","0","2","2"
"后调任尚宝","0","2","2"
"同主持讲座","0","2","2"
"出任江西提","0","2","2"
"与镇守太监","0","2","2"
"家奉养父母","0","2","2"
"南京户科给","0","2","2"
"京户科给事","0","2","2"
"谏而遭贬谪","0","2","2"
"而遭贬谪的","0","2","2"
"宦官李广死","0","2","2"
"任太仆寺卿","0","2","2"
"疏被扣留未","0","2","2"
"被扣留未进","0","2","2"
"扣留未进呈","0","2","2"
"留未进呈皇","0","2","2"
"劝阻皇帝南","0","2","2"
"阻皇帝南巡","0","2","2"
"钱粮至星历","0","2","2"
"都知其本末","0","2","2"
"杨一清督察","0","2","2"
"大加赞赏说","0","2","2"
"马理为稽勋","0","2","2"
"采纳他们的","0","2","2"
"纳他们的意","0","2","2"
"年考核京官","0","2","2"
"起任光禄寺","0","2","2"
"受业于魏校","0","2","2"
"会同礼官详","0","2","2"
"同礼官详细","0","2","2"
"升南京兵部","0","2","2"
"改为太常寺","0","2","2"
"因而得罪了","0","2","2"
"父兴献王为","0","2","2"
"王为皇考恭","0","2","2"
"大功大德的","0","2","2"
"功大德的人","0","2","2"
"世宗看后不","0","2","2"
"宗看后不高","0","2","2"
"看后不高兴","0","2","2"
"后赠礼部尚","0","2","2"
"故圣人之道","0","2","2"
"刘瑾窃取朝","0","2","2"
"瑾窃取朝政","0","2","2"
"追问谁讲此","0","2","2"
"问谁讲此话","0","2","2"
"贬为开州同","0","2","2"
"何瑭独默不","0","2","2"
"瑭独默不语","0","2","2"
"在家乡居住","0","2","2"
"他的奏疏扣","0","2","2"
"以六经为范","0","2","2"
"六经为范本","0","2","2"
"不久告假回","0","2","2"
"久告假回家","0","2","2"
"为不必要的","0","2","2"
"上书弹劾自","0","2","2"
"书弹劾自己","0","2","2"
"拜陈献章为","0","2","2"
"治国安邦之","0","2","2"
"都是做学问","0","2","2"
"是做学问的","0","2","2"
"从陈献章学","0","2","2"
"陈献章学习","0","2","2"
"不乐于求功","0","2","2"
"乐于求功名","0","2","2"
"后奉母亲之","0","2","2"
"奉母亲之命","0","2","2"
"他在墓边守","0","2","2"
"在墓边守孝","0","2","2"
"王守仁的弟","0","2","2"
"守仁的弟子","0","2","2"
"若水认为守","0","2","2"
"水认为守仁","0","2","2"
"认为守仁的","0","2","2"
"为守仁的格","0","2","2"
"守仁的格物","0","2","2"
"仁的格物之","0","2","2"
"的格物之说","0","2","2"
"格物之说有","0","2","2"
"物之说有四","0","2","2"
"之说有四点","0","2","2"
"说有四点不","0","2","2"
"有四点不可","0","2","2"
"四点不可信","0","2","2"
"所谓的心与","0","2","2"
"谓的心与我","0","2","2"
"的心与我所","0","2","2"
"心与我所说","0","2","2"
"与我所说的","0","2","2"
"我所说的心","0","2","2"
"所说的心不","0","2","2"
"说的心不同","0","2","2"
"与学者在这","0","2","2"
"学者在这里","0","2","2"
"者在这里讲","0","2","2"
"在这里讲学","0","2","2"
"未参加廷试","0","2","2"
"更加致力于","0","2","2"
"是一介平民","0","2","2"
"聚集生徒讲","0","2","2"
"集生徒讲学","0","2","2"
"罗洪先等每","0","2","2"
"洪先等每日","0","2","2"
"先等每日讲","0","2","2"
"等每日讲学","0","2","2"
"被荐举起任","0","2","2"
"任宫中官员","0","2","2"
"则不以为然","0","2","2"
"被诏令下狱","0","2","2"
"达二十年之","0","2","2"
"二十年之久","0","2","2"
"书孙丕扬认","0","2","2"
"乡的人为他","0","2","2"
"即升为南京","0","2","2"
"升为南京鸿","0","2","2"
"为南京鸿胪","0","2","2"
"又进为太常","0","2","2"
"进为太常寺","0","2","2"
"随即改为吏","0","2","2"
"即改为吏部","0","2","2"
"因直言亟谏","0","2","2"
"直言亟谏而","0","2","2"
"言亟谏而被","0","2","2"
"一年乡试中","0","2","2"
"府每月给米","0","2","2"
"每月给米三","0","2","2"
"三十四年乡","0","2","2"
"十四年乡试","0","2","2"
"有声望的学","0","2","2"
"声望的学者","0","2","2"
"太祖即吴王","0","2","2"
"祖即吴王位","0","2","2"
"成立中书省","0","2","2"
"为中书省官","0","2","2"
"无一兵一卒","0","2","2"
"得不到任用","0","2","2"
"悔之不及了","0","2","2"
"向太祖推荐","0","2","2"
"任鼎为佥事","0","2","2"
"然后上报朝","0","2","2"
"称职的官吏","0","2","2"
"由刑部主事","0","2","2"
"宸濠谋反的","0","2","2"
"转移到别处","0","2","2"
"宸濠的祖坟","0","2","2"
"能抵抗义军","0","2","2"
"授万安县知","0","2","2"
"万安县知县","0","2","2"
"西的士大夫","0","2","2"
"维桢因此自","0","2","2"
"桢因此自号","0","2","2"
"因此自号铁","0","2","2"
"此自号铁崖","0","2","2"
"带着礼物去","0","2","2"
"在中书省任","0","2","2"
"中书省任职","0","2","2"
"古文写得好","0","2","2"
"太祖召见他","0","2","2"
"朝廷的奏章","0","2","2"
"廷的奏章中","0","2","2"
"但他始终不","0","2","2"
"他工于画梅","0","2","2"
"求画的人日","0","2","2"
"画的人日月","0","2","2"
"的人日月不","0","2","2"
"人日月不断","0","2","2"
"经邦济世之","0","2","2"
"元至元年间","0","2","2"
"相李善长为","0","2","2"
"张士诚请他","0","2","2"
"士诚请他去","0","2","2"
"维桢家做客","0","2","2"
"历任礼部主","0","2","2"
"为山东副使","0","2","2"
"在辽东戍边","0","2","2"
"参与军事策","0","2","2"
"与军事策划","0","2","2"
"他投降官军","0","2","2"
"抚许鼎臣奏","0","2","2"
"许鼎臣奏报","0","2","2"
"鼎臣奏报道","0","2","2"
"臣奏报道浚","0","2","2"
"奏报道浚一","0","2","2"
"报道浚一等","0","2","2"
"道浚一等功","0","2","2"
"得罪了朝廷","0","2","2"
"朝廷令他去","0","2","2"
"廷令他去戍","0","2","2"
"令他去戍守","0","2","2"
"他去戍守海","0","2","2"
"去戍守海宁","0","2","2"
"戍守海宁卫","0","2","2"
"弃广宁逃跑","0","2","2"
"他赶到右屯","0","2","2"
"赶到右屯去","0","2","2"
"到右屯去拜","0","2","2"
"右屯去拜见","0","2","2"
"屯去拜见熊","0","2","2"
"去拜见熊廷","0","2","2"
"拜见熊廷弼","0","2","2"
"广宁城中虽","0","2","2"
"宁城中虽乱","0","2","2"
"好在敌人还","0","2","2"
"在敌人还不","0","2","2"
"敌人还不知","0","2","2"
"应尽快提兵","0","2","2"
"尽快提兵入","0","2","2"
"快提兵入城","0","2","2"
"斩一二逃跑","0","2","2"
"一二逃跑者","0","2","2"
"后代为锦衣","0","2","2"
"部尚书王在","0","2","2"
"尚书王在晋","0","2","2"
"收复了永平","0","2","2"
"任福建右参","0","2","2"
"督师宦官高","0","2","2"
"师宦官高起","0","2","2"
"赠光禄寺卿","0","2","2"
"赠光禄寺少","0","2","2"
"等朝廷批准","0","2","2"
"不久进升侍","0","2","2"
"久进升侍读","0","2","2"
"后召回北京","0","2","2"
"最好都不任","0","2","2"
"好都不任用","0","2","2"
"随后调为吏","0","2","2"
"后调为吏部","0","2","2"
"调为吏部考","0","2","2"
"吏部考功员","0","2","2"
"部考功员外","0","2","2"
"历任南京户","0","2","2"
"梦阳所赏识","0","2","2"
"士民立祠纪","0","2","2"
"民立祠纪念","0","2","2"
"司直兼翰林","0","2","2"
"廷内外多次","0","2","2"
"改任礼部主","0","2","2"
"又与万达建","0","2","2"
"与万达建议","0","2","2"
"万达建议善","0","2","2"
"达建议善后","0","2","2"
"建议善后七","0","2","2"
"议善后七事","0","2","2"
"使一方平靖","0","2","2"
"贬为广平通","0","2","2"
"为广平通判","0","2","2"
"在考核京官","0","2","2"
"管理惜薪厂","0","2","2"
"于万历二十","0","2","2"
"大家的文章","0","2","2"
"力排斥谢榛","0","2","2"
"为人放纵不","0","2","2"
"人放纵不羁","0","2","2"
"不行宾主之","0","2","2"
"行宾主之礼","0","2","2"
"人认为他是","0","2","2"
"请假回家去","0","2","2"
"王锡爵执政","0","2","2"
"他说诗家中","0","2","2"
"说诗家中之","0","2","2"
"诗家中之王","0","2","2"
"家中之王世","0","2","2"
"中之王世贞","0","2","2"
"如同集大成","0","2","2"
"同集大成之","0","2","2"
"集大成之孔","0","2","2"
"大成之孔子","0","2","2"
"九岁就能写","0","2","2"
"岁就能写文","0","2","2"
"掌管内阁制","0","2","2"
"管内阁制敕","0","2","2"
"此地离贼稍","0","2","2"
"地离贼稍远","0","2","2"
"随行者打算","0","2","2"
"行者打算逃","0","2","2"
"者打算逃往","0","2","2"
"打算逃往长","0","2","2"
"算逃往长宁","0","2","2"
"万历年间乡","0","2","2"
"历年间乡试","0","2","2"
"巩昌府同知","0","2","2"
"后解职归家","0","2","2"
"解职归家乡","0","2","2"
"职归家乡合","0","2","2"
"归家乡合州","0","2","2"
"奢崇明谋反","0","2","2"
"副使徐如珂","0","2","2"
"徐鸿儒起义","0","2","2"
"百姓十分之","0","2","2"
"姓十分之九","0","2","2"
"任福建布政","0","2","2"
"任陕西右参","0","2","2"
"京太仆寺卿","0","2","2"
"历十七年中","0","2","2"
"十七年中进","0","2","2"
"七年中进士","0","2","2"
"朝廷不能听","0","2","2"
"宗宪擒获海","0","2","2"
"宪擒获海寇","0","2","2"
"擒获海寇徐","0","2","2"
"获海寇徐海","0","2","2"
"海寇徐海和","0","2","2"
"寇徐海和王","0","2","2"
"徐海和王直","0","2","2"
"都是渭参与","0","2","2"
"是渭参与谋","0","2","2"
"渭参与谋划","0","2","2"
"参与谋划的","0","2","2"
"是归有光的","0","2","2"
"归有光的门","0","2","2"
"的典章制度","0","2","2"
"在翰林院与","0","2","2"
"皇长子的生","0","2","2"
"长子的生母","0","2","2"
"子的生母王","0","2","2"
"的生母王恭","0","2","2"
"母王恭妃几","0","2","2"
"王恭妃几乎","0","2","2"
"恭妃几乎死","0","2","2"
"妃几乎死去","0","2","2"
"中王德完说","0","2","2"
"何必一定要","0","2","2"
"官为民了事","0","2","2"
"他请假归家","0","2","2"
"天启二年升","0","2","2"
"的奏疏中有","0","2","2"
"其昌开始习","0","2","2"
"昌开始习宋","0","2","2"
"开始习宋米","0","2","2"
"始习宋米芾","0","2","2"
"习宋米芾体","0","2","2"
"后自成一家","0","2","2"
"又称南董北","0","2","2"
"称南董北米","0","2","2"
"然其他三人","0","2","2"
"其他三人远","0","2","2"
"他三人远不","0","2","2"
"三人远不及","0","2","2"
"人远不及董","0","2","2"
"远不及董其","0","2","2"
"不及董其昌","0","2","2"
"升为兵部职","0","2","2"
"宦官魏忠贤","0","2","2"
"拖延了很久","0","2","2"
"溥与复社的","0","2","2"
"与复社的事","0","2","2"
"度以柔美胜","0","2","2"
"灿以刚劲飘","0","2","2"
"以刚劲飘逸","0","2","2"
"刚劲飘逸胜","0","2","2"
"其文章没有","0","2","2"
"文章没有浮","0","2","2"
"章没有浮靡","0","2","2"
"没有浮靡之","0","2","2"
"有浮靡之词","0","2","2"
"又晋升为员","0","2","2"
"任太常卿兼","0","2","2"
"常卿兼侍读","0","2","2"
"次侮辱朝廷","0","2","2"
"侮辱朝廷大","0","2","2"
"辱朝廷大臣","0","2","2"
"梦阳的诗文","0","2","2"
"学成为生员","0","2","2"
"后历任浙江","0","2","2"
"进士的主考","0","2","2"
"士的主考官","0","2","2"
"提升为刑科","0","2","2"
"升为刑科都","0","2","2"
"为刑科都给","0","2","2"
"他为浙江右","0","2","2"
"为浙江右参","0","2","2"
"忠贤势力嚣","0","2","2"
"贤势力嚣张","0","2","2"
"担任文选员","0","2","2"
"任文选员外","0","2","2"
"对自己有利","0","2","2"
"能得到治理","0","2","2"
"赵南星最终","0","2","2"
"考核在京官","0","2","2"
"核在京官员","0","2","2"
"都不能幸免","0","2","2"
"于是弹劾吏","0","2","2"
"自己的党羽","0","2","2"
"的人都受到","0","2","2"
"都受到谴责","0","2","2"
"朝廷内外上","0","2","2"
"廷内外上疏","0","2","2"
"到任后又提","0","2","2"
"任后又提升","0","2","2"
"后又提升为","0","2","2"
"又提升为工","0","2","2"
"授官左都御","0","2","2"
"巡抚地方的","0","2","2"
"抚地方的人","0","2","2"
"拿着礼物来","0","2","2"
"廷内外的臣","0","2","2"
"是赵南星的","0","2","2"
"赶走赵南星","0","2","2"
"上疏挽留他","0","2","2"
"崔呈秀处境","0","2","2"
"九畴再次上","0","2","2"
"畴再次上疏","0","2","2"
"二疏一起交","0","2","2"
"起交给部里","0","2","2"
"交给部里讨","0","2","2"
"等人相互勾","0","2","2"
"假传圣旨痛","0","2","2"
"传圣旨痛切","0","2","2"
"也引咎辞职","0","2","2"
"赵南星摈弃","0","2","2"
"都被魏忠贤","0","2","2"
"攻击赵南星","0","2","2"
"汪文言的供","0","2","2"
"文言的供词","0","2","2"
"七岁的儿子","0","2","2"
"魏忠贤的死","0","2","2"
"忠贤的死党","0","2","2"
"任荆州知府","0","2","2"
"他辞官回家","0","2","2"
"臣先前进献","0","2","2"
"先前进献无","0","2","2"
"前进献无欲","0","2","2"
"进献无欲望","0","2","2"
"献无欲望的","0","2","2"
"无欲望的教","0","2","2"
"欲望的教诲","0","2","2"
"陛下尝试自","0","2","2"
"下尝试自我","0","2","2"
"尝试自我检","0","2","2"
"试自我检查","0","2","2"
"是真没有欲","0","2","2"
"真没有欲望","0","2","2"
"没有欲望呢","0","2","2"
"还是节制了","0","2","2"
"是节制了欲","0","2","2"
"节制了欲望","0","2","2"
"接连上疏催","0","2","2"
"连上疏催促","0","2","2"
"也越来越大","0","2","2"
"被遗失的人","0","2","2"
"遗失的人才","0","2","2"
"邹元标站在","0","2","2"
"邹元标没有","0","2","2"
"这一定是有","0","2","2"
"皇帝即位已","0","2","2"
"跟自己意见","0","2","2"
"己意见不一","0","2","2"
"北京和南京","0","2","2"
"京和南京的","0","2","2"
"有什么建树","0","2","2"
"当时刑部尚","0","2","2"
"大家的议论","0","2","2"
"创建首善书","0","2","2"
"圣旨剥夺他","0","2","2"
"旨剥夺他的","0","2","2"
"孙慎行于是","0","2","2"
"到城外等候","0","2","2"
"城外等候命","0","2","2"
"然而方从哲","0","2","2"
"弑君的事实","0","2","2"
"嫁祸于国家","0","2","2"
"帘听政的事","0","2","2"
"大家的疑虑","0","2","2"
"此后曲意庇","0","2","2"
"后曲意庇护","0","2","2"
"曲意庇护李","0","2","2"
"意庇护李可","0","2","2"
"庇护李可灼","0","2","2"
"罪在不声讨","0","2","2"
"在不声讨盗","0","2","2"
"不声讨盗贼","0","2","2"
"的请求是在","0","2","2"
"请求是在初","0","2","2"
"到哪里去了","0","2","2"
"立即召见他","0","2","2"
"是郑贵妃进","0","2","2"
"是崔文升的","0","2","2"
"崔文升的药","0","2","2"
"而有的人却","0","2","2"
"有的人却说","0","2","2"
"隐讳才是孝","0","2","2"
"攻击魏忠贤","0","2","2"
"揭发他贪污","0","2","2"
"到魏忠贤那","0","2","2"
"魏忠贤那里","0","2","2"
"下了道严厉","0","2","2"
"了道严厉的","0","2","2"
"崔呈秀还不","0","2","2"
"呈秀还不解","0","2","2"
"秀还不解恨","0","2","2"
"前往逮捕他","0","2","2"
"龙为太子少","0","2","2"
"皇帝身体欠","0","2","2"
"帝身体欠佳","0","2","2"
"内阁大臣极","0","2","2"
"阁大臣极力","0","2","2"
"皇帝因为军","0","2","2"
"年提拔为左","0","2","2"
"提拔为左佥","0","2","2"
"拔为左佥都","0","2","2"
"召集志同道","0","2","2"
"集志同道合","0","2","2"
"道合的人在","0","2","2"
"讲学的缘故","0","2","2"
"不是讲学的","0","2","2"
"天启四年春","0","2","2"
"启四年春天","0","2","2"
"王绍徽一向","0","2","2"
"给事中明时","0","2","2"
"二百里之内","0","2","2"
"的粮食运到","0","2","2"
"粮食运到城","0","2","2"
"食运到城中","0","2","2"
"用火器打退","0","2","2"
"火器打退了","0","2","2"
"朱燮元命令","0","2","2"
"敌人失败离","0","2","2"
"人失败离开","0","2","2"
"失败离开了","0","2","2"
"罗乾象于是","0","2","2"
"朱燮元为右","0","2","2"
"袭击杀死了","0","2","2"
"再次攻陷遵","0","2","2"
"次攻陷遵义","0","2","2"
"杀死推官冯","0","2","2"
"死推官冯凤","0","2","2"
"氏世世代代","0","2","2"
"追击逃敌到","0","2","2"
"明父子逃进","0","2","2"
"人于是攻占","0","2","2"
"人各占一半","0","2","2"
"朱燮元以为","0","2","2"
"在同一个地","0","2","2"
"同一个地方","0","2","2"
"总理鲁钦在","0","2","2"
"巡抚闵梦得","0","2","2"
"招抚的议论","0","2","2"
"召回朱燮元","0","2","2"
"前面的功劳","0","2","2"
"是崇祯二年","0","2","2"
"全都同意了","0","2","2"
"很有些袒护","0","2","2"
"朱燮元极力","0","2","2"
"普名声叛乱","0","2","2"
"朱燮元于是","0","2","2"
"桃红坝的功","0","2","2"
"他们分别把","0","2","2"
"们分别把守","0","2","2"
"筑城派兵把","0","2","2"
"城派兵把守","0","2","2"
"足以制止叛","0","2","2"
"以制止叛乱","0","2","2"
"百姓的土地","0","2","2"
"是好处之五","0","2","2"
"是好处之六","0","2","2"
"方国安等部","0","2","2"
"随便滥杀无","0","2","2"
"便滥杀无辜","0","2","2"
"周起元也上","0","2","2"
"起元也上疏","0","2","2"
"诋毁顾宪成","0","2","2"
"力驳斥他的","0","2","2"
"驳斥他的荒","0","2","2"
"斥他的荒谬","0","2","2"
"州发生大饥","0","2","2"
"于是命令周","0","2","2"
"贪污的情形","0","2","2"
"请求宽大处","0","2","2"
"求宽大处理","0","2","2"
"跟高攀龙等","0","2","2"
"许显纯严刑","0","2","2"
"显纯严刑拷","0","2","2"
"纯严刑拷问","0","2","2"
"李实的奏疏","0","2","2"
"加谥号为忠","0","2","2"
"副使吕纯如","0","2","2"
"被提拔为吏","0","2","2"
"得罪了魏忠","0","2","2"
"罪了魏忠贤","0","2","2"
"魏大中被逮","0","2","2"
"大中被逮捕","0","2","2"
"魏忠贤的义","0","2","2"
"忠贤的义子","0","2","2"
"他接受贿赂","0","2","2"
"以为是皇帝","0","2","2"
"叛乱已经平","0","2","2"
"乱已经平定","0","2","2"
"周顺昌一定","0","2","2"
"顺昌一定大","0","2","2"
"昌一定大骂","0","2","2"
"一定大骂魏","0","2","2"
"定大骂魏忠","0","2","2"
"大骂魏忠贤","0","2","2"
"时是天启六","0","2","2"
"是天启六年","0","2","2"
"入朝中担任","0","2","2"
"这时辽阳战","0","2","2"
"时辽阳战事","0","2","2"
"辽阳战事危","0","2","2"
"阳战事危急","0","2","2"
"周宗建更加","0","2","2"
"庇护王化贞","0","2","2"
"王化贞的人","0","2","2"
"没有办法预","0","2","2"
"有办法预料","0","2","2"
"举荐熊廷弼","0","2","2"
"荐熊廷弼的","0","2","2"
"熊廷弼的人","0","2","2"
"诋毁周宗建","0","2","2"
"所以时间不","0","2","2"
"以时间不长","0","2","2"
"时间不长就","0","2","2"
"勾结的罪名","0","2","2"
"跟他亲近的","0","2","2"
"上疏请求召","0","2","2"
"疏请求召回","0","2","2"
"陈述边防事","0","2","2"
"述边防事务","0","2","2"
"辅孙承宗的","0","2","2"
"这时皇帝即","0","2","2"
"时皇帝即位","0","2","2"
"不早做决断","0","2","2"
"一定不肯收","0","2","2"
"定不肯收回","0","2","2"
"不肯收回他","0","2","2"
"谋取私利的","0","2","2"
"魏忠贤得到","0","2","2"
"忠贤得到奏","0","2","2"
"贤得到奏疏","0","2","2"
"黄尊素上奏","0","2","2"
"尊素上奏说","0","2","2"
"这样的人吗","0","2","2"
"报告魏忠贤","0","2","2"
"二十五年考","0","2","2"
"十五年考中","0","2","2"
"五年考中乡","0","2","2"
"年考中乡试","0","2","2"
"时辽东战事","0","2","2"
"满足他的要","0","2","2"
"足他的要求","0","2","2"
"请求多铸造","0","2","2"
"郎的身份管","0","2","2"
"的身份管理","0","2","2"
"提拔他为礼","0","2","2"
"拔他为礼部","0","2","2"
"天文台官员","0","2","2"
"他受到重用","0","2","2"
"为兵科右给","0","2","2"
"是什么时候","0","2","2"
"太子的伴读","0","2","2"
"子的伴读王","0","2","2"
"的伴读王安","0","2","2"
"这是崔文升","0","2","2"
"皇后怎么办","0","2","2"
"后怎么办呢","0","2","2"
"奏疏报告上","0","2","2"
"杨涟的上疏","0","2","2"
"难道可以把","0","2","2"
"皇帝托付给","0","2","2"
"帝托付给她","0","2","2"
"居住慈庆宫","0","2","2"
"李选侍搬出","0","2","2"
"憎恨左光斗","0","2","2"
"恨左光斗奏","0","2","2"
"左光斗奏疏","0","2","2"
"光斗奏疏中","0","2","2"
"斗奏疏中有","0","2","2"
"奏疏中有武","0","2","2"
"疏中有武氏","0","2","2"
"中有武氏的","0","2","2"
"有武氏的话","0","2","2"
"议论召见皇","0","2","2"
"论召见皇长","0","2","2"
"严厉谴责左","0","2","2"
"厉谴责左光","0","2","2"
"谴责左光斗","0","2","2"
"况且皇帝已","0","2","2"
"且皇帝已经","0","2","2"
"先照顾他的","0","2","2"
"皇帝也多次","0","2","2"
"提升兵科都","0","2","2"
"升兵科都给","0","2","2"
"冯三元等人","0","2","2"
"三元等人极","0","2","2"
"元等人极力","0","2","2"
"等人极力诋","0","2","2"
"人极力诋毁","0","2","2"
"极力诋毁熊","0","2","2"
"力诋毁熊廷","0","2","2"
"的宫奴刘逊","0","2","2"
"移宫的事情","0","2","2"
"旨说李选侍","0","2","2"
"封她为皇后","0","2","2"
"看见皇帝的","0","2","2"
"痛切地斥责","0","2","2"
"议论也就停","0","2","2"
"论也就停息","0","2","2"
"也就停息了","0","2","2"
"为礼科都给","0","2","2"
"忠贤及其党","0","2","2"
"自从魏忠贤","0","2","2"
"是使陛下不","0","2","2"
"使陛下不能","0","2","2"
"陛下不能保","0","2","2"
"下不能保护","0","2","2"
"不能保护自","0","2","2"
"能保护自己","0","2","2"
"为大罪之十","0","2","2"
"这是大罪之","0","2","2"
"是用来缉拿","0","2","2"
"傅继教等人","0","2","2"
"不可收拾的","0","2","2"
"一寸一寸地","0","2","2"
"只知道有魏","0","2","2"
"知道有魏忠","0","2","2"
"道有魏忠贤","0","2","2"
"生杀予夺的","0","2","2"
"杀予夺的权","0","2","2"
"予夺的权力","0","2","2"
"召集文武大","0","2","2"
"光斗一起削","0","2","2"
"斗一起削籍","0","2","2"
"一起削籍为","0","2","2"
"起削籍为平","0","2","2"
"又制造汪文","0","2","2"
"制造汪文言","0","2","2"
"造汪文言案","0","2","2"
"逮捕汪文言","0","2","2"
"下诏打入监","0","2","2"
"诏打入监牢","0","2","2"
"财产充入官","0","2","2"
"产充入官府","0","2","2"
"年之后土地","0","2","2"
"富裕的农民","0","2","2"
"外戚亲贵的","0","2","2"
"左光斗和杨","0","2","2"
"光斗和杨涟","0","2","2"
"不应该回避","0","2","2"
"不停地追究","0","2","2"
"左光斗跟他","0","2","2"
"给事中阮大","0","2","2"
"魏忠贤刺探","0","2","2"
"忠贤刺探知","0","2","2"
"贤刺探知道","0","2","2"
"刺探知道了","0","2","2"
"命令许显纯","0","2","2"
"不交给法司","0","2","2"
"对他的处罚","0","2","2"
"他们的尸体","0","2","2"
"录用他的一","0","2","2"
"升为礼科左","0","2","2"
"为礼科左给","0","2","2"
"礼科左给事","0","2","2"
"弹劾魏大中","0","2","2"
"奏疏递上去","0","2","2"
"魏大中于是","0","2","2"
"鸿胪寺报名","0","2","2"
"整个朝廷都","0","2","2"
"宫树立淫威","0","2","2"
"粉身碎骨的","0","2","2"
"身碎骨的危","0","2","2"
"碎骨的危险","0","2","2"
"别人不知道","0","2","2"
"在上面被孤","0","2","2"
"上面被孤立","0","2","2"
"面被孤立了","0","2","2"
"魏忠贤勾结","0","2","2"
"年又提升为","0","2","2"
"人专门负责","0","2","2"
"朝瑞请求皇","0","2","2"
"瑞请求皇帝","0","2","2"
"耽误国家大","0","2","2"
"误国家大事","0","2","2"
"入汪文言案","0","2","2"
"汪文言案中","0","2","2"
"受熊廷弼贿","0","2","2"
"熊廷弼贿赂","0","2","2"
"廷弼贿赂一","0","2","2"
"弼贿赂一万","0","2","2"
"一个不知道","0","2","2"
"个不知道姓","0","2","2"
"不知道姓名","0","2","2"
"知道姓名的","0","2","2"
"姓名的太监","0","2","2"
"到文华殿朝","0","2","2"
"中何士晋跟","0","2","2"
"何士晋跟方","0","2","2"
"士晋跟方从","0","2","2"
"晋跟方从哲","0","2","2"
"跟方从哲等","0","2","2"
"从哲等人也","0","2","2"
"哲等人也都","0","2","2"
"等人也都赞","0","2","2"
"人也都赞成","0","2","2"
"也都赞成这","0","2","2"
"都赞成这样","0","2","2"
"赞成这样做","0","2","2"
"法司拟定罪","0","2","2"
"情牵连到郑","0","2","2"
"牵连到郑贵","0","2","2"
"连到郑贵妃","0","2","2"
"下令将张差","0","2","2"
"刘成处以肢","0","2","2"
"成处以肢解","0","2","2"
"处以肢解分","0","2","2"
"以肢解分尸","0","2","2"
"肢解分尸的","0","2","2"
"解分尸的刑","0","2","2"
"分尸的刑法","0","2","2"
"其他人没有","0","2","2"
"他人没有涉","0","2","2"
"人没有涉及","0","2","2"
"因为王之寀","0","2","2"
"这是先皇帝","0","2","2"
"是先皇帝大","0","2","2"
"先皇帝大仇","0","2","2"
"皇帝大仇未","0","2","2"
"帝大仇未报","0","2","2"
"大仇未报的","0","2","2"
"仇未报的第","0","2","2"
"臣以为陛下","0","2","2"
"疯癫结案的","0","2","2"
"而实际上是","0","2","2"
"皇帝不过问","0","2","2"
"启四年秋天","0","2","2"
"把他列入汪","0","2","2"
"他列入汪文","0","2","2"
"列入汪文言","0","2","2"
"到明朝灭亡","0","2","2"
"提拔刘綎为","0","2","2"
"汉人和当地","0","2","2"
"人和当地土","0","2","2"
"和当地土著","0","2","2"
"大小十多次","0","2","2"
"小十多次战","0","2","2"
"十多次战斗","0","2","2"
"一个驻守在","0","2","2"
"把总高国春","0","2","2"
"世代代做副","0","2","2"
"代代做副千","0","2","2"
"代做副千户","0","2","2"
"不同于一般","0","2","2"
"同于一般人","0","2","2"
"率领五千名","0","2","2"
"绵延七十里","0","2","2"
"倭寇非常惊","0","2","2"
"于是移兵驻","0","2","2"
"为四川总兵","0","2","2"
"陈璘的水军","0","2","2"
"这时军队分","0","2","2"
"时军队分为","0","2","2"
"军队分为八","0","2","2"
"埋伏一万人","0","2","2"
"逃跑的士兵","0","2","2"
"有二千多人","0","2","2"
"前设置栅栏","0","2","2"
"请求增派部","0","2","2"
"求增派部队","0","2","2"
"派使者携带","0","2","2"
"到李化龙家","0","2","2"
"被李化龙的","0","2","2"
"荫封指挥使","0","2","2"
"自己在中路","0","2","2"
"杜松全军覆","0","2","2"
"松全军覆没","0","2","2"
"和朝鲜军队","0","2","2"
"满朝廷的人","0","2","2"
"事务一天比","0","2","2"
"务一天比一","0","2","2"
"不久代理都","0","2","2"
"久代理都督","0","2","2"
"朝廷担任五","0","2","2"
"廷担任五军","0","2","2"
"担任五军营","0","2","2"
"任五军营副","0","2","2"
"各土著首领","0","2","2"
"布檄文告知","0","2","2"
"能把我们怎","0","2","2"
"原总兵郭成","0","2","2"
"扼守要害地","0","2","2"
"只要空手站","0","2","2"
"要空手站在","0","2","2"
"都放火烧了","0","2","2"
"李应祥命令","0","2","2"
"受到极大的","0","2","2"
"李应祥统帅","0","2","2"
"行军三百里","0","2","2"
"政府军挑战","0","2","2"
"周于德首先","0","2","2"
"率领一万人","0","2","2"
"抓获了他的","0","2","2"
"追赶他的人","0","2","2"
"在这个地方","0","2","2"
"推荐李应祥","0","2","2"
"率领一万多","0","2","2"
"直达海龙囤","0","2","2"
"播州平定后","0","2","2"
"因为平定播","0","2","2"
"平定播州有","0","2","2"
"定播州有功","0","2","2"
"提升陈璘为","0","2","2"
"合其他将领","0","2","2"
"封日本为王","0","2","2"
"不久命令他","0","2","2"
"派遣邓子龙","0","2","2"
"邓子龙战死","0","2","2"
"四牌的匪徒","0","2","2"
"吴应龙等人","0","2","2"
"全部被消灭","0","2","2"
"敌人死伤无","0","2","2"
"人死伤无数","0","2","2"
"不怕死的人","0","2","2"
"也就失去了","0","2","2"
"命令陈璘率","0","2","2"
"率领副将李","0","2","2"
"龙打败了他","0","2","2"
"上迎击敌人","0","2","2"
"三十二年考","0","2","2"
"孙承宗回答","0","2","2"
"承宗回答说","0","2","2"
"不能深追究","0","2","2"
"启元年提升","0","2","2"
"阳相继失守","0","2","2"
"方震孺请求","0","2","2"
"东边的战局","0","2","2"
"承宗于是请","0","2","2"
"宗于是请求","0","2","2"
"辽东巡抚方","0","2","2"
"与总督王象","0","2","2"
"然而实际上","0","2","2"
"给首辅叶向","0","2","2"
"赐给他蟒玉","0","2","2"
"为收复失地","0","2","2"
"哈喇慎各部","0","2","2"
"百万两银子","0","2","2"
"八里铺修筑","0","2","2"
"而任用阎鸣","0","2","2"
"任用阎鸣泰","0","2","2"
"用阎鸣泰为","0","2","2"
"阎鸣泰为辽","0","2","2"
"鸣泰为辽东","0","2","2"
"泰为辽东巡","0","2","2"
"到达山海关","0","2","2"
"孙承宗命令","0","2","2"
"游击鲁之甲","0","2","2"
"鲁之甲拯救","0","2","2"
"冒领军饷的","0","2","2"
"接受任命后","0","2","2"
"孙承宗不同","0","2","2"
"承宗不同意","0","2","2"
"乘机歼灭他","0","2","2"
"机歼灭他们","0","2","2"
"他的党羽刘","0","2","2"
"赐给孙承宗","0","2","2"
"命令祖大寿","0","2","2"
"破坏安抚的","0","2","2"
"坏安抚的局","0","2","2"
"安抚的局面","0","2","2"
"因为父母的","0","2","2"
"为父母的丧","0","2","2"
"万有孚等人","0","2","2"
"议论马世龙","0","2","2"
"到二百里之","0","2","2"
"是否能够长","0","2","2"
"否能够长期","0","2","2"
"敌人的情况","0","2","2"
"因为孙承宗","0","2","2"
"二十四万两","0","2","2"
"孙承宗再次","0","2","2"
"还是没有出","0","2","2"
"刘应坤等人","0","2","2"
"利用这个机","0","2","2"
"用这个机会","0","2","2"
"稍微减少了","0","2","2"
"诋毁孙承宗","0","2","2"
"竟把他比作","0","2","2"
"给事中郭兴","0","2","2"
"一万七千多","0","2","2"
"上疏说山海","0","2","2"
"疏说山海关","0","2","2"
"山海关关门","0","2","2"
"孙承宗的罪","0","2","2"
"孙承宗报告","0","2","2"
"承宗报告说","0","2","2"
"袁崇焕驻守","0","2","2"
"让他们进城","0","2","2"
"五千人驻守","0","2","2"
"城上的人都","0","2","2"
"都流着眼泪","0","2","2"
"用大炮轰击","0","2","2"
"派遣马世龙","0","2","2"
"大寿的军队","0","2","2"
"保卫京师的","0","2","2"
"卫京师的部","0","2","2"
"都驻扎在蓟","0","2","2"
"驻扎在蓟门","0","2","2"
"占领了滦州","0","2","2"
"辞不接受太","0","2","2"
"不接受太傅","0","2","2"
"撤走了部队","0","2","2"
"孙承宗又接","0","2","2"
"承宗又接连","0","2","2"
"宗又接连上","0","2","2"
"接连上疏称","0","2","2"
"连上疏称病","0","2","2"
"议论他的人","0","2","2"
"予祭奠下葬","0","2","2"
"揭发魏忠贤","0","2","2"
"梅之焕的官","0","2","2"
"百四十多级","0","2","2"
"这时温体仁","0","2","2"
"的士兵害怕","0","2","2"
"抚按官审问","0","2","2"
"李若星请求","0","2","2"
"在战争中死","0","2","2"
"理有关事情","0","2","2"
"孔有德在山","0","2","2"
"有德在山东","0","2","2"
"德在山东造","0","2","2"
"在山东造反","0","2","2"
"李继贞请求","0","2","2"
"粮食到边境","0","2","2"
"来安抚饥民","0","2","2"
"跟着贼人的","0","2","2"
"帝就命令他","0","2","2"
"次上疏诋毁","0","2","2"
"任用自己的","0","2","2"
"李继贞的官","0","2","2"
"继贞的官籍","0","2","2"
"了整个朝廷","0","2","2"
"库银二十万","0","2","2"
"三岔河作为","0","2","2"
"方震孺巡按","0","2","2"
"边防事务更","0","2","2"
"防事务更加","0","2","2"
"事务更加败","0","2","2"
"务更加败坏","0","2","2"
"于是方震孺","0","2","2"
"弹劾方震孺","0","2","2"
"个月的粮食","0","2","2"
"毛承禄等人","0","2","2"
"手下的士兵","0","2","2"
"发布檄文征","0","2","2"
"的最后一天","0","2","2"
"孙元化的部","0","2","2"
"总兵张可大","0","2","2"
"是被打败了","0","2","2"
"张焘的士兵","0","2","2"
"的士兵很多","0","2","2"
"敌人把他们","0","2","2"
"拒绝让他们","0","2","2"
"孙元化不听","0","2","2"
"贼人于是进","0","2","2"
"人于是进入","0","2","2"
"于是进入城","0","2","2"
"是进入城内","0","2","2"
"徐从治等人","0","2","2"
"就谎称敌人","0","2","2"
"他们的进攻","0","2","2"
"部队都驻扎","0","2","2"
"队都驻扎在","0","2","2"
"四川的部队","0","2","2"
"刘宇烈害怕","0","2","2"
"把部队驻扎","0","2","2"
"部队驻扎到","0","2","2"
"他们是可以","0","2","2"
"就被打得大","0","2","2"
"了户部主事","0","2","2"
"外设置一名","0","2","2"
"设置一名偏","0","2","2"
"置一名偏沅","0","2","2"
"一名偏沅巡","0","2","2"
"名偏沅巡抚","0","2","2"
"从家里起用","0","2","2"
"向朝廷奏请","0","2","2"
"州巡抚移驻","0","2","2"
"毁了他们的","0","2","2"
"因为安邦彦","0","2","2"
"我所谓的用","0","2","2"
"所谓的用防","0","2","2"
"谓的用防守","0","2","2"
"的用防守来","0","2","2"
"因为一点小","0","2","2"
"巡抚方孔昭","0","2","2"
"国家的财力","0","2","2"
"从南阳开赴","0","2","2"
"两支部队都","0","2","2"
"后边的骑兵","0","2","2"
"一个骑兵跑","0","2","2"
"个骑兵跑回","0","2","2"
"骑兵跑回来","0","2","2"
"死了一百多","0","2","2"
"宗龙的部队","0","2","2"
"死贼兵一千","0","2","2"
"贼兵一千多","0","2","2"
"是陕西总督","0","2","2"
"陕西总督的","0","2","2"
"在贼兵手里","0","2","2"
"亲守丧回家","0","2","2"
"请求回家赡","0","2","2"
"求回家赡养","0","2","2"
"打官司的人","0","2","2"
"李自成已经","0","2","2"
"自成已经打","0","2","2"
"成已经打下","0","2","2"
"已经打下河","0","2","2"
"经打下河南","0","2","2"
"包围了开封","0","2","2"
"能平定贼寇","0","2","2"
"庄烈帝颁发","0","2","2"
"烈帝颁发诏","0","2","2"
"帝颁发诏书","0","2","2"
"自成听说后","0","2","2"
"贼兵挖地道","0","2","2"
"报送给朝廷","0","2","2"
"不能讨平贼","0","2","2"
"送到了京师","0","2","2"
"壮的年轻人","0","2","2"
"残余的贼寇","0","2","2"
"贼兵逃进山","0","2","2"
"兵逃进山谷","0","2","2"
"逃进山谷中","0","2","2"
"传庭一直追","0","2","2"
"庭一直追赶","0","2","2"
"一直追赶到","0","2","2"
"直追赶到凤","0","2","2"
"追赶到凤翔","0","2","2"
"谷设下埋伏","0","2","2"
"收降了残余","0","2","2"
"降了残余的","0","2","2"
"了残余的贼","0","2","2"
"残余的贼兵","0","2","2"
"一万三千五","0","2","2"
"庄烈帝非常","0","2","2"
"烈帝非常高","0","2","2"
"庄烈帝的怒","0","2","2"
"烈帝的怒火","0","2","2"
"两千多首级","0","2","2"
"阻止贼兵向","0","2","2"
"捷报送上后","0","2","2"
"河南的贼兵","0","2","2"
"没有贼寇了","0","2","2"
"承畴入卫京","0","2","2"
"畴入卫京师","0","2","2"
"庭为兵部右","0","2","2"
"庄烈帝传下","0","2","2"
"自己的利益","0","2","2"
"刚接受任命","0","2","2"
"京师解严以","0","2","2"
"师解严以后","0","2","2"
"一亻隽奏称","0","2","2"
"亻隽奏称传","0","2","2"
"隽奏称传庭","0","2","2"
"奏称传庭真","0","2","2"
"称传庭真的","0","2","2"
"传庭真的聋","0","2","2"
"庭真的聋了","0","2","2"
"活捉了宗龙","0","2","2"
"百姓不能承","0","2","2"
"所以士大夫","0","2","2"
"庄烈帝赐给","0","2","2"
"烈帝赐给他","0","2","2"
"帝赐给他尚","0","2","2"
"传令左良玉","0","2","2"
"迫不得已让","0","2","2"
"勇猛的骑兵","0","2","2"
"他的弟弟世","0","2","2"
"烈帝怀疑他","0","2","2"
"副将龙在田","0","2","2"
"就提拔他为","0","2","2"
"应元等在丰","0","2","2"
"元等在丰邑","0","2","2"
"等在丰邑坪","0","2","2"
"斩获了三千","0","2","2"
"获了三千多","0","2","2"
"献忠打下襄","0","2","2"
"忠打下襄阳","0","2","2"
"八百多首级","0","2","2"
"杨嗣昌认为","0","2","2"
"担任山西巡","0","2","2"
"在黄河岸上","0","2","2"
"黄河作为险","0","2","2"
"队中当参谋","0","2","2"
"了几十个贼","0","2","2"
"几十个贼兵","0","2","2"
"坐在地上不","0","2","2"
"自成立即射","0","2","2"
"成立即射死","0","2","2"
"立即射死了","0","2","2"
"即射死了他","0","2","2"
"是忠臣之子","0","2","2"
"积累战功做","0","2","2"
"累战功做到","0","2","2"
"跟着曹文诏","0","2","2"
"连连打败他","0","2","2"
"给事中张第","0","2","2"
"先后取得了","0","2","2"
"三千多贼兵","0","2","2"
"得过且过的","0","2","2"
"贼兵多官兵","0","2","2"
"死了一千多","0","2","2"
"杀了混世王","0","2","2"
"率领三百名","0","2","2"
"因为吴生生","0","2","2"
"张应元为副","0","2","2"
"应元为副总","0","2","2"
"元为副总统","0","2","2"
"在要害地带","0","2","2"
"的部队已经","0","2","2"
"精锐的骑兵","0","2","2"
"如虎率领自","0","2","2"
"虎率领自己","0","2","2"
"贼兵展开巷","0","2","2"
"兵展开巷战","0","2","2"
"升到左都督","0","2","2"
"跑到关中去","0","2","2"
"到关中去了","0","2","2"
"只是因为他","0","2","2"
"的弟弟世禄","0","2","2"
"又请假回乡","0","2","2"
"大声喊叫说","0","2","2"
"跟贼兵厮杀","0","2","2"
"督王象乾的","0","2","2"
"中军的事务","0","2","2"
"辽东百姓来","0","2","2"
"满桂和总兵","0","2","2"
"了他的功劳","0","2","2"
"他做了都督","0","2","2"
"做了都督佥","0","2","2"
"了都督佥事","0","2","2"
"满桂和崇焕","0","2","2"
"实际上的总","0","2","2"
"际上的总兵","0","2","2"
"上的总兵官","0","2","2"
"率教很要好","0","2","2"
"边疆的大事","0","2","2"
"山海关门口","0","2","2"
"尚方宝剑以","0","2","2"
"清兵包围了","0","2","2"
"兵包围了锦","0","2","2"
"包围了锦州","0","2","2"
"满桂的才干","0","2","2"
"蒙古炒花等","0","2","2"
"古炒花等部","0","2","2"
"炒花等部落","0","2","2"
"去接替了他","0","2","2"
"十一月朝廷","0","2","2"
"驻扎在顺义","0","2","2"
"满桂的部队","0","2","2"
"他的子孙为","0","2","2"
"的子孙为世","0","2","2"
"朝廷赐予祭","0","2","2"
"廷赐予祭葬","0","2","2"
"门为他修建","0","2","2"
"修建祠堂公","0","2","2"
"建祠堂公祭","0","2","2"
"朝廷发布诏","0","2","2"
"廷发布诏书","0","2","2"
"到前线立功","0","2","2"
"关外的城镇","0","2","2"
"经略王在晋","0","2","2"
"全部驱逐到","0","2","2"
"各一万五千","0","2","2"
"高第来接任","0","2","2"
"评定功绩时","0","2","2"
"放他们进来","0","2","2"
"宁远之围解","0","2","2"
"远之围解除","0","2","2"
"称为宁锦大","0","2","2"
"为宁锦大捷","0","2","2"
"因此受到了","0","2","2"
"们两个人的","0","2","2"
"把他们两个","0","2","2"
"居益接替了","0","2","2"
"咬口留吧人","0","2","2"
"死在了监狱","0","2","2"
"就把他逮捕","0","2","2"
"在黄河北面","0","2","2"
"佥都御史接","0","2","2"
"黄河北面的","0","2","2"
"开黄河淹没","0","2","2"
"黄河淹没开","0","2","2"
"河淹没开封","0","2","2"
"淹没开封城","0","2","2"
"原先的规定","0","2","2"
"把金花银补","0","2","2"
"金花银补进","0","2","2"
"在山海关干","0","2","2"
"山海关干了","0","2","2"
"左光斗的案","0","2","2"
"光斗的案子","0","2","2"
"凑集了几百","0","2","2"
"集了几百两","0","2","2"
"了几百两银","0","2","2"
"几百两银子","0","2","2"
"银子送进去","0","2","2"
"谋逆的宦官","0","2","2"
"传令有关部","0","2","2"
"兵部事务的","0","2","2"
"上书向朝廷","0","2","2"
"宗皇帝因为","0","2","2"
"各地的部队","0","2","2"
"副将何可刚","0","2","2"
"当年七月他","0","2","2"
"终年仅四十","0","2","2"
"评定他以前","0","2","2"
"到了那一天","0","2","2"
"可大的部队","0","2","2"
"所佩带的官","0","2","2"
"佩带的官印","0","2","2"
"为他建立了","0","2","2"
"大都与此相","0","2","2"
"领三千人从","0","2","2"
"是为了报复","0","2","2"
"邦屏的儿子","0","2","2"
"屏为都督佥","0","2","2"
"官为都督佥","0","2","2"
"四川的贼寇","0","2","2"
"又下达诏书","0","2","2"
"贼兵逃往均","0","2","2"
"兵逃往均州","0","2","2"
"我作为一个","0","2","2"
"聪明人还是","0","2","2"
"明人还是愚","0","2","2"
"人还是愚蠢","0","2","2"
"还是愚蠢人","0","2","2"
"是愚蠢人都","0","2","2"
"愚蠢人都知","0","2","2"
"蠢人都知道","0","2","2"
"贼兵不敢来","0","2","2"
"贼兵在四川","0","2","2"
"次进入四川","0","2","2"
"却没有人敢","0","2","2"
"朝廷按规定","0","2","2"
"廷按规定给","0","2","2"
"按规定给他","0","2","2"
"他的尚方宝","0","2","2"
"等地的贼寇","0","2","2"
"骑兵出来迎","0","2","2"
"兵出来迎战","0","2","2"
"贼寇又大败","0","2","2"
"总兵杨麒在","0","2","2"
"按御史吴生","0","2","2"
"上书朝廷说","0","2","2"
"西的贼寇已","0","2","2"
"文诏的军队","0","2","2"
"战败的情况","0","2","2"
"是命令文诏","0","2","2"
"分别命令各","0","2","2"
"于是骑马到","0","2","2"
"距城三十里","0","2","2"
"只有六千人","0","2","2"
"同贼兵相遇","0","2","2"
"率先登上城","0","2","2"
"得很大胜利","0","2","2"
"献忠在兴安","0","2","2"
"在丰邑坪大","0","2","2"
"丰邑坪大败","0","2","2"
"邑坪大败罗","0","2","2"
"坪大败罗汝","0","2","2"
"我蒙受国家","0","2","2"
"受国家的大","0","2","2"
"国家的大恩","0","2","2"
"城中的百姓","0","2","2"
"福王在江南","0","2","2"
"而与他一同","0","2","2"
"与他一同前","0","2","2"
"他一同前往","0","2","2"
"一同前往高","0","2","2"
"同前往高邮","0","2","2"
"前往高邮的","0","2","2"
"往高邮的三","0","2","2"
"高邮的三百","0","2","2"
"邮的三百骑","0","2","2"
"三百骑兵都","0","2","2"
"百骑兵都战","0","2","2"
"骑兵都战死","0","2","2"
"兵都战死了","0","2","2"
"指挥部下的","0","2","2"
"一支箭飞来","0","2","2"
"为继母守丧","0","2","2"
"庄烈帝深以","0","2","2"
"烈帝深以为","0","2","2"
"百七十多年","0","2","2"
"一个人上书","0","2","2"
"原发生饥荒","0","2","2"
"杨嗣昌请求","0","2","2"
"在家居住的","0","2","2"
"请求没有不","0","2","2"
"不足以担当","0","2","2"
"嗣昌于是推","0","2","2"
"昌于是推荐","0","2","2"
"原定数额的","0","2","2"
"一年可得银","0","2","2"
"年可得银子","0","2","2"
"二万九千多","0","2","2"
"以一年为限","0","2","2"
"捍卫本乡本","0","2","2"
"卫本乡本土","0","2","2"
"农民军进攻","0","2","2"
"阳巡抚截断","0","2","2"
"巡抚的军队","0","2","2"
"洪承畴放纵","0","2","2"
"保定张其平","0","2","2"
"以侍郎的身","0","2","2"
"杨嗣昌既然","0","2","2"
"互相交易的","0","2","2"
"给事中何楷","0","2","2"
"林兰友及少","0","2","2"
"兰友及少詹","0","2","2"
"友及少詹事","0","2","2"
"及少詹事黄","0","2","2"
"事黄道周上","0","2","2"
"道周上疏诋","0","2","2"
"周上疏诋毁","0","2","2"
"上疏诋毁驳","0","2","2"
"疏诋毁驳斥","0","2","2"
"诋毁驳斥他","0","2","2"
"编修赵士春","0","2","2"
"修赵士春跟","0","2","2"
"赵士春跟着","0","2","2"
"士春跟着上","0","2","2"
"春跟着上疏","0","2","2"
"起潜主张和","0","2","2"
"潜主张和议","0","2","2"
"杨嗣昌误国","0","2","2"
"象升的军队","0","2","2"
"丙子的罪过","0","2","2"
"皇帝认为杨","0","2","2"
"命令杨嗣昌","0","2","2"
"共三十六人","0","2","2"
"镇兵共有十","0","2","2"
"万兵驻守怀","0","2","2"
"兵驻守怀来","0","2","2"
"万兵驻守阳","0","2","2"
"兵驻守阳和","0","2","2"
"余的交给镇","0","2","2"
"的交给镇监","0","2","2"
"余的交给巡","0","2","2"
"的交给巡抚","0","2","2"
"日抵达襄阳","0","2","2"
"巡抚方孔火","0","2","2"
"抚方孔火召","0","2","2"
"表彰左良玉","0","2","2"
"皇帝惦念杨","0","2","2"
"帝惦念杨嗣","0","2","2"
"惦念杨嗣昌","0","2","2"
"四川将领张","0","2","2"
"川将领张令","0","2","2"
"经过开县向","0","2","2"
"逃跑的很多","0","2","2"
"嗣昌于是进","0","2","2"
"罗汝才跟他","0","2","2"
"小路进入汉","0","2","2"
"路进入汉中","0","2","2"
"左良玉的部","0","2","2"
"杨嗣昌虽然","0","2","2"
"只有猛如虎","0","2","2"
"在二月十一","0","2","2"
"杨嗣昌已经","0","2","2"
"替他做督师","0","2","2"
"封太子太傅","0","2","2"
"张献忠攻占","0","2","2"
"规章制度的","0","2","2"
"是受到皇帝","0","2","2"
"被给事中冯","0","2","2"
"给事中冯元","0","2","2"
"冯元飙揭发","0","2","2"
"黄汝良替他","0","2","2"
"汝良替他隐","0","2","2"
"良替他隐瞒","0","2","2"
"事情才算排","0","2","2"
"情才算排解","0","2","2"
"才算排解了","0","2","2"
"温体仁拉拢","0","2","2"
"体仁拉拢他","0","2","2"
"跟他很友好","0","2","2"
"皇帝特别下","0","2","2"
"在正月二十","0","2","2"
"贿赂的事情","0","2","2"
"微臣的奏疏","0","2","2"
"接到皇上的","0","2","2"
"圣旨尚未下","0","2","2"
"旨尚未下发","0","2","2"
"王应熊如何","0","2","2"
"应熊如何知","0","2","2"
"熊如何知道","0","2","2"
"不理解之一","0","2","2"
"这时周延儒","0","2","2"
"成掎角之势","0","2","2"
"切都按照温","0","2","2"
"都按照温体","0","2","2"
"按照温体仁","0","2","2"
"照温体仁的","0","2","2"
"持自己的主","0","2","2"
"杨嗣昌上疏","0","2","2"
"嗣昌上疏为","0","2","2"
"昌上疏为他","0","2","2"
"上疏为他说","0","2","2"
"疏为他说情","0","2","2"
"他泄漏机密","0","2","2"
"久提升为兵","0","2","2"
"侵吞克扣军","0","2","2"
"吞克扣军饷","0","2","2"
"克扣军饷的","0","2","2"
"朝廷做官的","0","2","2"
"袁耀然弹劾","0","2","2"
"跟杨嗣昌相","0","2","2"
"盐款的事情","0","2","2"
"杨显名核实","0","2","2"
"薛国观的官","0","2","2"
"帝第五子的","0","2","2"
"他克制孝心","0","2","2"
"朝鲜的事情","0","2","2"
"给事中麻僖","0","2","2"
"一带大为震","0","2","2"
"朝廷讨论认","0","2","2"
"廷讨论认为","0","2","2"
"用他为兵部","0","2","2"
"的两支部队","0","2","2"
"布诏书表示","0","2","2"
"东西两边的","0","2","2"
"我请求朝廷","0","2","2"
"没有停止的","0","2","2"
"人心才稍稍","0","2","2"
"心才稍稍安","0","2","2"
"才稍稍安定","0","2","2"
"都予以批准","0","2","2"
"自己的心愿","0","2","2"
"送信到京城","0","2","2"
"竭力批评化","0","2","2"
"力批评化贞","0","2","2"
"一万人驻守","0","2","2"
"外都知道经","0","2","2"
"都知道经略","0","2","2"
"的有几个人","0","2","2"
"现在只有保","0","2","2"
"在只有保护","0","2","2"
"只有保护老","0","2","2"
"有保护老百","0","2","2"
"保护老百姓","0","2","2"
"护老百姓入","0","2","2"
"老百姓入关","0","2","2"
"百姓入关去","0","2","2"
"消息传到朝","0","2","2"
"息传到朝廷","0","2","2"
"都败退下来","0","2","2"
"廷弼的罪在","0","2","2"
"弼的罪在哪","0","2","2"
"的罪在哪里","0","2","2"
"罪在哪里呢","0","2","2"
"远就成为关","0","2","2"
"就成为关外","0","2","2"
"成为关外的","0","2","2"
"为关外的重","0","2","2"
"关外的重要","0","2","2"
"外的重要城","0","2","2"
"的重要城镇","0","2","2"
"所以将士都","0","2","2"
"以将士都愿","0","2","2"
"将士都愿意","0","2","2"
"的全部守具","0","2","2"
"通判官金启","0","2","2"
"判官金启亻","0","2","2"
"官金启亻宗","0","2","2"
"屯田的士兵","0","2","2"
"粮食十多万","0","2","2"
"崇焕于是请","0","2","2"
"焕于是请求","0","2","2"
"之围解除了","0","2","2"
"是一个小官","0","2","2"
"的诉讼案件","0","2","2"
"衣千户的封","0","2","2"
"千户的封赏","0","2","2"
"要讨伐朝鲜","0","2","2"
"崇焕上书说","0","2","2"
"同时派使者","0","2","2"
"侍郎的事务","0","2","2"
"对他深加慰","0","2","2"
"他深加慰劳","0","2","2"
"并向他咨询","0","2","2"
"向他咨询用","0","2","2"
"他咨询用兵","0","2","2"
"咨询用兵方","0","2","2"
"询用兵方略","0","2","2"
"五年内收复","0","2","2"
"他上书辞让","0","2","2"
"起来响应他","0","2","2"
"来响应他们","0","2","2"
"后来又规定","0","2","2"
"大寿仍然驻","0","2","2"
"寿仍然驻军","0","2","2"
"仍然驻军锦","0","2","2"
"然驻军锦州","0","2","2"
"因收成不好","0","2","2"
"从海路逃回","0","2","2"
"当时朝廷里","0","2","2"
"的士兵不能","0","2","2"
"请受我一拜","0","2","2"
"接受文官的","0","2","2"
"投降的士兵","0","2","2"
"将领中间有","0","2","2"
"兵有数万人","0","2","2"
"两个人的罪","0","2","2"
"请病假回乡","0","2","2"
"病假回乡去","0","2","2"
"舜那样的政","0","2","2"
"的政治局面","0","2","2"
"政治局面呢","0","2","2"
"法令越来越","0","2","2"
"自己的才干","0","2","2"
"只仗着自己","0","2","2"
"那么皇上的","0","2","2"
"庄烈帝的意","0","2","2"
"烈帝的意思","0","2","2"
"取法上天最","0","2","2"
"法上天最重","0","2","2"
"上天最重要","0","2","2"
"天最重要的","0","2","2"
"要的事情莫","0","2","2"
"的事情莫过","0","2","2"
"事情莫过于","0","2","2"
"望陛下体察","0","2","2"
"陛下体察上","0","2","2"
"下体察上天","0","2","2"
"体察上天好","0","2","2"
"察上天好生","0","2","2"
"上天好生之","0","2","2"
"天好生之心","0","2","2"
"尧舜那样的","0","2","2"
"不能轻易改","0","2","2"
"烈帝恼火得","0","2","2"
"帝恼火得很","0","2","2"
"朝廷又决定","0","2","2"
"被罢的大臣","0","2","2"
"原任辅臣文","0","2","2"
"任辅臣文震","0","2","2"
"京师受到攻","0","2","2"
"师受到攻打","0","2","2"
"守山海关以","0","2","2"
"巡抚的去留","0","2","2"
"抚的去留问","0","2","2"
"定要首先选","0","2","2"
"选择贤能的","0","2","2"
"择贤能的督","0","2","2"
"贤能的督师","0","2","2"
"操守不检点","0","2","2"
"庄烈帝十分","0","2","2"
"烈帝十分恼","0","2","2"
"帝十分恼火","0","2","2"
"庄烈帝面前","0","2","2"
"罢官为民了","0","2","2"
"为庄烈帝发","0","2","2"
"庄烈帝发丧","0","2","2"
"的封赏滥了","0","2","2"
"也就跟着滥","0","2","2"
"有接受伪官","0","2","2"
"这是封疆诸","0","2","2"
"是封疆诸臣","0","2","2"
"封疆诸臣应","0","2","2"
"疆诸臣应予","0","2","2"
"诸臣应予诛","0","2","2"
"臣应予诛杀","0","2","2"
"这是满朝文","0","2","2"
"是满朝文武","0","2","2"
"满朝文武谋","0","2","2"
"朝文武谋国","0","2","2"
"文武谋国不","0","2","2"
"武谋国不忠","0","2","2"
"却一概使用","0","2","2"
"的奏疏还没","0","2","2"
"派使者过去","0","2","2"
"都的事变发","0","2","2"
"的事变发生","0","2","2"
"事变发生时","0","2","2"
"也可以不去","0","2","2"
"可以不去死","0","2","2"
"那帮大臣就","0","2","2"
"用严刑峻法","0","2","2"
"年春天开始","0","2","2"
"朝臣们大谈","0","2","2"
"事实上并不","0","2","2"
"实上并不是","0","2","2"
"庄烈帝更加","0","2","2"
"下边就喜欢","0","2","2"
"曼阝棍打自","0","2","2"
"阝棍打自己","0","2","2"
"棍打自己的","0","2","2"
"打自己的母","0","2","2"
"未曾得到过","0","2","2"
"可以不奔丧","0","2","2"
"者就可以不","0","2","2"
"就可以不认","0","2","2"
"孝道治理天","0","2","2"
"道治理天下","0","2","2"
"所图而做出","0","2","2"
"图而做出来","0","2","2"
"而做出来的","0","2","2"
"的三篇奏疏","0","2","2"
"庄烈帝问道","0","2","2"
"都是不祥之","0","2","2"
"克制孝心出","0","2","2"
"制孝心出来","0","2","2"
"在君父面前","0","2","2"
"异端邪说的","0","2","2"
"不免有些偏","0","2","2"
"免有些偏激","0","2","2"
"见识的人都","0","2","2"
"虽然是一个","0","2","2"
"有一次他在","0","2","2"
"这只能说是","0","2","2"
"宁远的部队","0","2","2"
"五十里以外","0","2","2"
"朝廷传诏书","0","2","2"
"让他去总督","0","2","2"
"二十多万石","0","2","2"
"庄烈帝为此","0","2","2"
"驻扎在右卫","0","2","2"
"向他询问方","0","2","2"
"他询问方略","0","2","2"
"死了几十个","0","2","2"
"五十步之外","0","2","2"
"老蜡鸡擅自","0","2","2"
"蜡鸡擅自称","0","2","2"
"鸡擅自称了","0","2","2"
"擅自称了王","0","2","2"
"鹤鸣到任后","0","2","2"
"实际上害怕","0","2","2"
"才干出了名","0","2","2"
"答复说可以","0","2","2"
"庄烈帝更恼","0","2","2"
"在于培植元","0","2","2"
"于培植元气","0","2","2"
"杨鹤得知后","0","2","2"
"鹤得知后移","0","2","2"
"得知后移驻","0","2","2"
"知后移驻宁","0","2","2"
"后移驻宁州","0","2","2"
"其他贼首拓","0","2","2"
"他贼首拓先","0","2","2"
"贼首拓先龄","0","2","2"
"上天龙等也","0","2","2"
"天龙等也先","0","2","2"
"龙等也先后","0","2","2"
"等也先后归","0","2","2"
"也先后归降","0","2","2"
"杨鹤在城楼","0","2","2"
"鹤在城楼上","0","2","2"
"在城楼上摆","0","2","2"
"城楼上摆了","0","2","2"
"楼上摆了一","0","2","2"
"上摆了一张","0","2","2"
"摆了一张皇","0","2","2"
"了一张皇上","0","2","2"
"一张皇上的","0","2","2"
"张皇上的座","0","2","2"
"皇上的座席","0","2","2"
"让这些贼首","0","2","2"
"这些贼首跪","0","2","2"
"些贼首跪拜","0","2","2"
"然后宣读皇","0","2","2"
"后宣读皇上","0","2","2"
"宣读皇上的","0","2","2"
"读皇上的指","0","2","2"
"命令他们发","0","2","2"
"令他们发下","0","2","2"
"他们发下誓","0","2","2"
"们发下誓言","0","2","2"
"庄烈帝嘉奖","0","2","2"
"兵邓王己功","0","2","2"
"邓王己功劳","0","2","2"
"王己功劳最","0","2","2"
"己功劳最大","0","2","2"
"派参将贺人","0","2","2"
"从四川进入","0","2","2"
"贼兵于是渡","0","2","2"
"兵于是渡过","0","2","2"
"把守要害地","0","2","2"
"投降后又反","0","2","2"
"降后又反叛","0","2","2"
"了文灿的官","0","2","2"
"庄烈帝讲了","0","2","2"
"文灿为兵部","0","2","2"
"京营的将领","0","2","2"
"但既然已经","0","2","2"
"既然已经任","0","2","2"
"然已经任用","0","2","2"
"经任用了他","0","2","2"
"也反叛而去","0","2","2"
"崇俭于是传","0","2","2"
"俭于是传檄","0","2","2"
"于是传檄要","0","2","2"
"是传檄要副","0","2","2"
"传檄要副将","0","2","2"
"檄要副将贺","0","2","2"
"要副将贺人","0","2","2"
"李国奇等从","0","2","2"
"国奇等从西","0","2","2"
"奇等从西安","0","2","2"
"等从西安出","0","2","2"
"从西安出兵","0","2","2"
"划进入陕西","0","2","2"
"在玛瑙山大","0","2","2"
"给事中李清","0","2","2"
"捷春打开城","0","2","2"
"春打开城门","0","2","2"
"城门接纳躲","0","2","2"
"门接纳躲避","0","2","2"
"接纳躲避贼","0","2","2"
"纳躲避贼兵","0","2","2"
"躲避贼兵的","0","2","2"
"避贼兵的乡","0","2","2"
"贼兵的乡民","0","2","2"
"茂选的士兵","0","2","2"
"传令各将分","0","2","2"
"蓝山两地的","0","2","2"
"均州又被贼","0","2","2"
"州又被贼兵","0","2","2"
"又被贼兵占","0","2","2"
"多余的士兵","0","2","2"
"总共是三百","0","2","2"
"共是三百二","0","2","2"
"它的弊病是","0","2","2"
"客兵的银饷","0","2","2"
"于泰是辅臣","0","2","2"
"泰是辅臣周","0","2","2"
"是辅臣周延","0","2","2"
"臣周延儒的","0","2","2"
"周延儒的儿","0","2","2"
"延儒的儿女","0","2","2"
"儒的儿女亲","0","2","2"
"的儿女亲家","0","2","2"
"改了十五次","0","2","2"
"郑王世子朱","0","2","2"
"王世子朱载","0","2","2"
"平民魏文魁","0","2","2"
"日食月食的","0","2","2"
"元辛巳年为","0","2","2"
"辛巳年为历","0","2","2"
"巳年为历元","0","2","2"
"天的运行度","0","2","2"
"天时正点冬","0","2","2"
"时正点冬至","0","2","2"
"北京的纬度","0","2","2"
"辰时前段一","0","2","2"
"皇帝认为天","0","2","2"
"入钦犯监狱","0","2","2"
"推算日食的","0","2","2"
"能没有差错","0","2","2"
"月食的时刻","0","2","2"
"阳运行的度","0","2","2"
"离交点的远","0","2","2"
"交点的远近","0","2","2"
"方所见到的","0","2","2"
"太阳在上而","0","2","2"
"阳在上而月","0","2","2"
"在上而月亮","0","2","2"
"上而月亮在","0","2","2"
"而月亮在下","0","2","2"
"管理钦天监","0","2","2"
"理钦天监事","0","2","2"
"春分秋分夏","0","2","2"
"分秋分夏至","0","2","2"
"秋分夏至冬","0","2","2"
"分夏至冬至","0","2","2"
"所测定的数","0","2","2"
"测定的数据","0","2","2"
"下发礼部集","0","2","2"
"发礼部集体","0","2","2"
"礼部集体商","0","2","2"
"部集体商议","0","2","2"
"推算日食程","0","2","2"
"算日食程度","0","2","2"
"推算不发生","0","2","2"
"算不发生日","0","2","2"
"要发生日食","0","2","2"
"际上是由于","0","2","2"
"科给事中侯","0","2","2"
"节气和朔日","0","2","2"
"削减日长的","0","2","2"
"减日长的分","0","2","2"
"日长的分数","0","2","2"
"所以出现预","0","2","2"
"以出现预报","0","2","2"
"出现预报日","0","2","2"
"现预报日期","0","2","2"
"预报日期比","0","2","2"
"报日期比天","0","2","2"
"日期比天象","0","2","2"
"推算在女宿","0","2","2"
"在女宿十度","0","2","2"
"两家的说法","0","2","2"
"从虚宿七度","0","2","2"
"推算月亮运","0","2","2"
"算月亮运行","0","2","2"
"推算日月食","0","2","2"
"往下距离元","0","2","2"
"下距离元至","0","2","2"
"距离元至元","0","2","2"
"离元至元辛","0","2","2"
"的方法计算","0","2","2"
"是这一年的","0","2","2"
"这一年的天","0","2","2"
"一年的天正","0","2","2"
"年的天正冬","0","2","2"
"的天正冬至","0","2","2"
"以新历法的","0","2","2"
"测到纽星离","0","2","2"
"到纽星离北","0","2","2"
"纽星离北极","0","2","2"
"随着地势的","0","2","2"
"天的相交限","0","2","2"
"人的相交限","0","2","2"
"日食的程度","0","2","2"
"太阳在黄道","0","2","2"
"日食看见得","0","2","2"
"五星出入黄","0","2","2"
"星出入黄道","0","2","2"
"它后退必然","0","2","2"
"后退必然向","0","2","2"
"星所在的度","0","2","2"
"用圭表测量","0","2","2"
"四分之一度","0","2","2"
"月五星的运","0","2","2"
"就移动了一","0","2","2"
"新月就出现","0","2","2"
"月就出现在","0","2","2"
"推算初亏在","0","2","2"
"初亏在巳时","0","2","2"
"亏在巳时后","0","2","2"
"在巳时后段","0","2","2"
"于是请求广","0","2","2"
"这时五官正","0","2","2"
"的大臣率领","0","2","2"
"率领钦天监","0","2","2"
"熊三拔及龙","0","2","2"
"三拔及龙华","0","2","2"
"拔及龙华民","0","2","2"
"西洋历法为","0","2","2"
"钦天监推算","0","2","2"
"命令礼部设","0","2","2"
"令礼部设置","0","2","2"
"推算历法的","0","2","2"
"两个交点相","0","2","2"
"个交点相对","0","2","2"
"历法的精密","0","2","2"
"月份和十二","0","2","2"
"份和十二辰","0","2","2"
"和十二辰的","0","2","2"
"十二辰的对","0","2","2"
"二辰的对应","0","2","2"
"西洋历法预","0","2","2"
"洋历法预测","0","2","2"
"发生日食而","0","2","2"
"生日食而没","0","2","2"
"统领修订历","0","2","2"
"领修订历法","0","2","2"
"徐光启进言","0","2","2"
"光启进言说","0","2","2"
"没有听说遇","0","2","2"
"日月交食五","0","2","2"
"月交食五星","0","2","2"
"交食五星冲","0","2","2"
"食五星冲犯","0","2","2"
"测量太阳运","0","2","2"
"量太阳运行","0","2","2"
"的经纬度数","0","2","2"
"以确定交转","0","2","2"
"的经纬运行","0","2","2"
"经纬运行度","0","2","2"
"纬运行度数","0","2","2"
"月亮五星各","0","2","2"
"南北极出入","0","2","2"
"北极出入地","0","2","2"
"极出入地的","0","2","2"
"出入地的度","0","2","2"
"入地的度数","0","2","2"
"推荐南京太","0","2","2"
"日食各地不","0","2","2"
"食各地不同","0","2","2"
"加时的早晚","0","2","2"
"完全进入虚","0","2","2"
"全进入虚暗","0","2","2"
"虚暗的空间","0","2","2"
"丑朔日日食","0","2","2"
"现在这次日","0","2","2"
"在这次日食","0","2","2"
"都沿着黄道","0","2","2"
"赤道的午中","0","2","2"
"时差的方法","0","2","2"
"徐光启率领","0","2","2"
"原来推算的","0","2","2"
"与原来的推","0","2","2"
"原来的推算","0","2","2"
"来的推算相","0","2","2"
"的推算相合","0","2","2"
"用径一围三","0","2","2"
"冬至夏至后","0","2","2"
"夏至后六度","0","2","2"
"日食剩下的","0","2","2"
"食剩下的部","0","2","2"
"剩下的部分","0","2","2"
"下的部分像","0","2","2"
"的部分像钩","0","2","2"
"部分像钩子","0","2","2"
"分像钩子一","0","2","2"
"像钩子一样","0","2","2"
"现在新历法","0","2","2"
"在辰时前段","0","2","2"
"冬至没有定","0","2","2"
"至没有定率","0","2","2"
"望没有定率","0","2","2"
"和它相加减","0","2","2"
"所以新历法","0","2","2"
"食而没有日","0","2","2"
"而没有日食","0","2","2"
"确实没有日","0","2","2"
"实没有日食","0","2","2"
"看得见日食","0","2","2"
"在卯时前段","0","2","2"
"宋绍兴年间","0","2","2"
"这就是两种","0","2","2"
"就是两种历","0","2","2"
"是两种历法","0","2","2"
"差不同的原","0","2","2"
"自己的办法","0","2","2"
"测定时间的","0","2","2"
"定时间的方","0","2","2"
"时间的方法","0","2","2"
"而在晦日日","0","2","2"
"共一百一十","0","2","2"
"共一百四十","0","2","2"
"一千七百年","0","2","2"
"徐光启又进","0","2","2"
"木星冲犯积","0","2","2"
"星冲犯积尸","0","2","2"
"火星土星同","0","2","2"
"金星火星同","0","2","2"
"星火星同度","0","2","2"
"星相距三十","0","2","2"
"能同时出现","0","2","2"
"日子时后段","0","2","2"
"所见到的交","0","2","2"
"见到的交食","0","2","2"
"本宿的赤道","0","2","2"
"宿的赤道弧","0","2","2"
"的赤道弧就","0","2","2"
"赤道弧就较","0","2","2"
"为黄道赤道","0","2","2"
"一天的日影","0","2","2"
"分就比天象","0","2","2"
"道的相距度","0","2","2"
"影像的直径","0","2","2"
"像的直径大","0","2","2"
"的直径大小","0","2","2"
"总是不一样","0","2","2"
"日食的初亏","0","2","2"
"初亏和复圆","0","2","2"
"那么得到的","0","2","2"
"不能根据段","0","2","2"
"能根据段目","0","2","2"
"根据段目来","0","2","2"
"据段目来确","0","2","2"
"段目来确定","0","2","2"
"的运行有快","0","2","2"
"同在张宿六","0","2","2"
"在张宿六度","0","2","2"
"时被云掩盖","0","2","2"
"派官员分别","0","2","2"
"只有李天经","0","2","2"
"平分为二十","0","2","2"
"分为二十四","0","2","2"
"为二十四份","0","2","2"
"每份得十五","0","2","2"
"从前一年的","0","2","2"
"前一年的冬","0","2","2"
"一年的冬至","0","2","2"
"年的冬至开","0","2","2"
"的冬至开始","0","2","2"
"冬至开始算","0","2","2"
"至开始算起","0","2","2"
"刻就是这样","0","2","2"
"现在将十四","0","2","2"
"在将十四日","0","2","2"
"将十四日所","0","2","2"
"四日所测到","0","2","2"
"日所测到的","0","2","2"
"所测到的太","0","2","2"
"测到的太阳","0","2","2"
"到的太阳高","0","2","2"
"上地半径差","0","2","2"
"地半径差二","0","2","2"
"半径差二分","0","2","2"
"比赤道高度","0","2","2"
"赤道高度已","0","2","2"
"道高度已多","0","2","2"
"高度已多五","0","2","2"
"度已多五分","0","2","2"
"是受太阳运","0","2","2"
"受太阳运行","0","2","2"
"行度数的限","0","2","2"
"度数的限制","0","2","2"
"历法一定不","0","2","2"
"法一定不要","0","2","2"
"李天经进言","0","2","2"
"天经进言说","0","2","2"
"只要求月中","0","2","2"
"要求月中没","0","2","2"
"求月中没有","0","2","2"
"月中没有中","0","2","2"
"中没有中气","0","2","2"
"新历法尤其","0","2","2"
"历法尤其重","0","2","2"
"法尤其重视","0","2","2"
"尤其重视合","0","2","2"
"其重视合朔","0","2","2"
"重视合朔的","0","2","2"
"视合朔的先","0","2","2"
"合朔的先后","0","2","2"
"争强好胜的","0","2","2"
"强好胜的习","0","2","2"
"好胜的习俗","0","2","2"
"所能赶得上","0","2","2"
"能赶得上的","0","2","2"
"由皇帝亲自","0","2","2"
"定处理办法","0","2","2"
"五六天到十","0","2","2"
"六天到十天","0","2","2"
"则表明刑罚","0","2","2"
"刑部和都察","0","2","2"
"的刑事案件","0","2","2"
"刑以上的罪","0","2","2"
"判决遣送的","0","2","2"
"应予释放的","0","2","2"
"没有冤屈的","0","2","2"
"有冤屈的犯","0","2","2"
"冤屈的犯死","0","2","2"
"屈的犯死罪","0","2","2"
"的犯死罪以","0","2","2"
"死罪以下都","0","2","2"
"罪以下都按","0","2","2"
"以下都按律","0","2","2"
"下都按律论","0","2","2"
"都按律论罪","0","2","2"
"各种杂犯准","0","2","2"
"种杂犯准许","0","2","2"
"杂犯准许赎","0","2","2"
"犯准许赎罪","0","2","2"
"审核记录案","0","2","2"
"核记录案情","0","2","2"
"让户部尚书","0","2","2"
"帝亲自审阅","0","2","2"
"皇帝下令除","0","2","2"
"罪可怜可疑","0","2","2"
"的工部尚书","0","2","2"
"五年一次大","0","2","2"
"年一次大审","0","2","2"
"苦役和充军","0","2","2"
"京城内外官","0","2","2"
"城内外官员","0","2","2"
"久不能判决","0","2","2"
"死在狱中的","0","2","2"
"流放以下罪","0","2","2"
"向他们颁赐","0","2","2"
"没有冤枉无","0","2","2"
"有冤枉无辜","0","2","2"
"三法司的官","0","2","2"
"法司的官员","0","2","2"
"的囚徒甚多","0","2","2"
"按察司官员","0","2","2"
"皇帝派遣刑","0","2","2"
"帝派遣刑部","0","2","2"
"派遣刑部郎","0","2","2"
"五年举行一","0","2","2"
"一百两银子","0","2","2"
"苦役流放罪","0","2","2"
"嘉靖年间制","0","2","2"
"是京城内外","0","2","2"
"审讯的罪人","0","2","2"
"京城以外五","0","2","2"
"城以外五品","0","2","2"
"以外五品以","0","2","2"
"外五品以上","0","2","2"
"上的官员犯","0","2","2"
"属于八议的","0","2","2"
"于八议的案","0","2","2"
"八议的案子","0","2","2"
"民间的诉讼","0","2","2"
"如果不是通","0","2","2"
"果不是通政","0","2","2"
"不是通政司","0","2","2"
"是通政司转","0","2","2"
"监狱提审犯","0","2","2"
"狱提审犯人","0","2","2"
"官到监狱提","0","2","2"
"皇帝听取了","0","2","2"
"的官员犯罪","0","2","2"
"须上奏皇帝","0","2","2"
"擅自抓捕审","0","2","2"
"自抓捕审问","0","2","2"
"乐年间制定","0","2","2"
"越级上诉的","0","2","2"
"仍发配戍边","0","2","2"
"发配长城外","0","2","2"
"狠狠责备了","0","2","2"
"的地方使其","0","2","2"
"个没有一个","0","2","2"
"其它罪犯只","0","2","2"
"擅自杀死凶","0","2","2"
"自杀死凶手","0","2","2"
"刑科三次覆","0","2","2"
"科三次覆奏","0","2","2"
"犯偷窃抢劫","0","2","2"
"苦役流放的","0","2","2"
"又命令刑部","0","2","2"
"下士大夫不","0","2","2"
"士大夫不为","0","2","2"
"年老无人赡","0","2","2"
"老无人赡养","0","2","2"
"五次覆奏纔","0","2","2"
"士奇等人说","0","2","2"
"坚持上奏反","0","2","2"
"持上奏反对","0","2","2"
"次上奏不应","0","2","2"
"上奏不应允","0","2","2"
"皇帝严厉斥","0","2","2"
"帝严厉斥责","0","2","2"
"合群儿等九","0","2","2"
"群儿等九人","0","2","2"
"命令各巡抚","0","2","2"
"死罪发配戍","0","2","2"
"罪发配戍边","0","2","2"
"奉旨办理的","0","2","2"
"旨办理的案","0","2","2"
"办理的案件","0","2","2"
"刘大夏回答","0","2","2"
"吉祥的征兆","0","2","2"
"也不能幸免","0","2","2"
"个囚犯的罪","0","2","2"
"建文帝时期","0","2","2"
"用俸禄赎罪","0","2","2"
"从太祖开始","0","2","2"
"宣府大同总","0","2","2"
"府大同总督","0","2","2"
"月初一朝贺","0","2","2"
"下交镇抚司","0","2","2"
"回到原来的","0","2","2"
"原来的卫所","0","2","2"
"被诛杀以后","0","2","2"
"是太祖的制","0","2","2"
"领厂内事务","0","2","2"
"没有专职官","0","2","2"
"有财力的人","0","2","2"
"上下惴惴不","0","2","2"
"下惴惴不安","0","2","2"
"无不惧怕打","0","2","2"
"不惧怕打事","0","2","2"
"惧怕打事件","0","2","2"
"怕打事件的","0","2","2"
"累积的威势","0","2","2"
"从哪里来的","0","2","2"
"就可以平息","0","2","2"
"的从重治罪","0","2","2"
"下交主管部","0","2","2"
"尚书林俊说","0","2","2"
"司的官署都","0","2","2"
"法乱纪的人","0","2","2"
"后定下制度","0","2","2"
"同法司一起","0","2","2"
"法司一起审","0","2","2"
"司一起审录","0","2","2"
"一起审录罪","0","2","2"
"起审录罪囚","0","2","2"
"座前设册宝","0","2","2"
"陈列扈从仪","0","2","2"
"列扈从仪仗","0","2","2"
"太监在宫中","0","2","2"
"在丹陛上设","0","2","2"
"皇帝制命结","0","2","2"
"帝制命结束","0","2","2"
"宣读制命的","0","2","2"
"读制命的位","0","2","2"
"制命的位置","0","2","2"
"承制官宣读","0","2","2"
"殿西门进入","0","2","2"
"的人在前面","0","2","2"
"人在前面引","0","2","2"
"站在正使左","0","2","2"
"在正使左边","0","2","2"
"奉册官拿着","0","2","2"
"册官拿着册","0","2","2"
"实玺也如此","0","2","2"
"书宝玺放在","0","2","2"
"放在龙亭内","0","2","2"
"乐在前面引","0","2","2"
"皇后戴九龙","0","2","2"
"后戴九龙四","0","2","2"
"戴九龙四凤","0","2","2"
"礼官导引内","0","2","2"
"同前边的礼","0","2","2"
"前边的礼仪","0","2","2"
"皇后接受册","0","2","2"
"后接受册书","0","2","2"
"接受册书和","0","2","2"
"受册书和宝","0","2","2"
"命妇班首领","0","2","2"
"妇班首领一","0","2","2"
"班首领一人","0","2","2"
"皇后斋戒三","0","2","2"
"内外命妇各","0","2","2"
"司宾官引导","0","2","2"
"官引导命妇","0","2","2"
"引导从左门","0","2","2"
"导从左门进","0","2","2"
"皮弁服到华","0","2","2"
"弁服到华盖","0","2","2"
"后到奉天殿","0","2","2"
"把诏书交给","0","2","2"
"诏书交给礼","0","2","2"
"书交给礼部","0","2","2"
"交给礼部官","0","2","2"
"官员在承天","0","2","2"
"员在承天门","0","2","2"
"穿着礼服到","0","2","2"
"着礼服到奉","0","2","2"
"礼服到奉先","0","2","2"
"服到奉先殿","0","2","2"
"到奉先殿拜","0","2","2"
"皇帝登上座","0","2","2"
"帝登上座位","0","2","2"
"引女官引导","0","2","2"
"行八拜礼仪","0","2","2"
"前斋戒三天","0","2","2"
"皇后捧着高","0","2","2"
"后捧着高皇","0","2","2"
"捧着高皇后","0","2","2"
"着高皇后的","0","2","2"
"颁布诏书的","0","2","2"
"从洪武三年","0","2","2"
"换上皮弁服","0","2","2"
"百官穿公服","0","2","2"
"皇后面前谢","0","2","2"
"后面前谢恩","0","2","2"
"皇帝登奉天","0","2","2"
"礼官引导皇","0","2","2"
"导皇太子进","0","2","2"
"到丹墀的拜","0","2","2"
"丹墀的拜位","0","2","2"
"皇太子从殿","0","2","2"
"太子从殿东","0","2","2"
"子从殿东门","0","2","2"
"引导到御座","0","2","2"
"导到御座前","0","2","2"
"内赞官赞唱","0","2","2"
"赞唱授册书","0","2","2"
"捧着诏书到","0","2","2"
"后升登座位","0","2","2"
"从束台阶升","0","2","2"
"不胜喜悦之","0","2","2"
"胜喜悦之至","0","2","2"
"皇太子起身","0","2","2"
"派官祭告天","0","2","2"
"因太子还幼","0","2","2"
"太子还幼小","0","2","2"
"副使在文华","0","2","2"
"使在文华门","0","2","2"
"在文华门授","0","2","2"
"文华门授册","0","2","2"
"华门授册书","0","2","2"
"门授册书和","0","2","2"
"授册书和宝","0","2","2"
"皇帝到南郊","0","2","2"
"以及历代帝","0","2","2"
"都派遣官员","0","2","2"
"由保姆抱着","0","2","2"
"着宣读完毕","0","2","2"
"到皇太子面","0","2","2"
"皇太子面前","0","2","2"
"亲王从奉天","0","2","2"
"到丹陛上的","0","2","2"
"束面台阶上","0","2","2"
"东宫太子接","0","2","2"
"宫太子接受","0","2","2"
"文武官员站","0","2","2"
"册书和寅玺","0","2","2"
"封邦建国的","0","2","2"
"穿冕服到奉","0","2","2"
"太子致词说","0","2","2"
"正遇到众弟","0","2","2"
"遇到众弟某","0","2","2"
"到众弟某等","0","2","2"
"众弟某等受","0","2","2"
"弟某等受封","0","2","2"
"某等受封邦","0","2","2"
"等受封邦建","0","2","2"
"受封邦建藩","0","2","2"
"封邦建藩国","0","2","2"
"谨向父皇陛","0","2","2"
"遣使者到各","0","2","2"
"派遣官员册","0","2","2"
"与册封太子","0","2","2"
"册封太子妃","0","2","2"
"王的女儿称","0","2","2"
"礼部制定礼","0","2","2"
"某官代理太","0","2","2"
"官引导太师","0","2","2"
"从西台阶上","0","2","2"
"西台阶上升","0","2","2"
"放在箱子里","0","2","2"
"太师插上笏","0","2","2"
"师插上笏板","0","2","2"
"接受上天的","0","2","2"
"礼官引导到","0","2","2"
"皇帝选择吉","0","2","2"
"帝选择吉日","0","2","2"
"令礼部准备","0","2","2"
"礼部准备礼","0","2","2"
"部准备礼仪","0","2","2"
"降一级台阶","0","2","2"
"一级台阶接","0","2","2"
"右手拿着冠","0","2","2"
"拿着冠的后","0","2","2"
"着冠的后部","0","2","2"
"南面向北站","0","2","2"
"赞唱加冠的","0","2","2"
"唱加冠的人","0","2","2"
"内侍跪着进","0","2","2"
"侍跪着进献","0","2","2"
"跪着进献服","0","2","2"
"博士引导皇","0","2","2"
"士引导皇太","0","2","2"
"加冠的人拿","0","2","2"
"跪着进献给","0","2","2"
"祭享的礼仪","0","2","2"
"穿着朝服到","0","2","2"
"举行加冠礼","0","2","2"
"礼宾跪着进","0","2","2"
"宾跪着进献","0","2","2"
"禀告返回坐","0","2","2"
"告返回坐下","0","2","2"
"第三次加冠","0","2","2"
"美酒很馨香","0","2","2"
"皇子加冠的","0","2","2"
"子加冠的第","0","2","2"
"加冠的第二","0","2","2"
"冠的第二天","0","2","2"
"品官的儿子","0","2","2"
"礼宾以及赞","0","2","2"
"宾以及赞冠","0","2","2"
"以及赞冠者","0","2","2"
"用幂布盖着","0","2","2"
"洗涤器的西","0","2","2"
"放在洗涤器","0","2","2"
"的人各自穿","0","2","2"
"各自穿上他","0","2","2"
"自穿上他们","0","2","2"
"面向东以北","0","2","2"
"向东以北为","0","2","2"
"东以北为上","0","2","2"
"在束台阶上","0","2","2"
"西面台阶上","0","2","2"
"加冠人的席","0","2","2"
"在束面台阶","0","2","2"
"人穿着公服","0","2","2"
"者进去报告","0","2","2"
"站在席位的","0","2","2"
"加冠的人站","0","2","2"
"在席的南端","0","2","2"
"加冠的人进","0","2","2"
"宾赞冠者到","0","2","2"
"赞冠者到席","0","2","2"
"冠者到席前","0","2","2"
"面向东跪下","0","2","2"
"宾站在西面","0","2","2"
"到加冠的人","0","2","2"
"加冠的人席","0","2","2"
"冠的人席前","0","2","2"
"赞冠者跪下","0","2","2"
"加冠的人到","0","2","2"
"加冠的人出","0","2","2"
"加冠的人拱","0","2","2"
"冠的人拱手","0","2","2"
"西台阶下来","0","2","2"
"在西台阶下","0","2","2"
"加冠的人面","0","2","2"
"冠的人面向","0","2","2"
"众亲人向他","0","2","2"
"亲人向他礼","0","2","2"
"人向他礼拜","0","2","2"
"加冠的人回","0","2","2"
"冠的人回拜","0","2","2"
"宾站在西台","0","2","2"
"在西台阶上","0","2","2"
"众宾站在西","0","2","2"
"预先通告约","0","2","2"
"先通告约定","0","2","2"
"通告约定宾","0","2","2"
"穿着朝服进","0","2","2"
"着朝服进入","0","2","2"
"面台阶下的","0","2","2"
"在堂下西阶","0","2","2"
"堂下西阶的","0","2","2"
"下西阶的西","0","2","2"
"西阶的西面","0","2","2"
"众亲人站在","0","2","2"
"出房来到加","0","2","2"
"房来到加冠","0","2","2"
"来到加冠席","0","2","2"
"加冠的人拜","0","2","2"
"父亲的好友","0","2","2"
"天神来到而","0","2","2"
"神来到而民","0","2","2"
"来到而民心","0","2","2"
"到而民心协","0","2","2"
"而民心协和","0","2","2"
"乐韶凤等人","0","2","2"
"后朝拜庆贺","0","2","2"
"亲自祭祀太","0","2","2"
"自祭祀太社","0","2","2"
"在方丘祭祀","0","2","2"
"方丘祭祀皇","0","2","2"
"丘祭祀皇地","0","2","2"
"祭祀皇地只","0","2","2"
"最后一次献","0","2","2"
"都与此相同","0","2","2"
"迎接神灵演","0","2","2"
"接神灵演奏","0","2","2"
"曲词各不相","0","2","2"
"词各不相同","0","2","2"
"最初附祭于","0","2","2"
"初附祭于夕","0","2","2"
"附祭于夕月","0","2","2"
"洪武四年另","0","2","2"
"武四年另外","0","2","2"
"四年另外祭","0","2","2"
"年另外祭祀","0","2","2"
"一次祭献则","0","2","2"
"这些是祭祀","0","2","2"
"的乐歌节奏","0","2","2"
"凡是皇帝生","0","2","2"
"是皇帝生日","0","2","2"
"飞龙引之曲","0","2","2"
"风云会之曲","0","2","2"
"庆皇都之曲","0","2","2"
"喜升平之曲","0","2","2"
"工依次退出","0","2","2"
"人持指挥小","0","2","2"
"持指挥小旗","0","2","2"
"和声郎持着","0","2","2"
"声郎持着指","0","2","2"
"郎持着指挥","0","2","2"
"持着指挥小","0","2","2"
"着指挥小旗","0","2","2"
"二人持着羽","0","2","2"
"羽尾装饰的","0","2","2"
"尾装饰的小","0","2","2"
"装饰的小旗","0","2","2"
"阶下的南面","0","2","2"
"又有二人持","0","2","2"
"有二人持着","0","2","2"
"东面台阶下","0","2","2"
"各地夷人舞","0","2","2"
"都面朝北方","0","2","2"
"工陈列在宫","0","2","2"
"陈列在宫廷","0","2","2"
"列在宫廷台","0","2","2"
"宫廷台阶的","0","2","2"
"台阶的西面","0","2","2"
"进献第一巡","0","2","2"
"献第一巡爵","0","2","2"
"起临濠之曲","0","2","2"
"引导众歌工","0","2","2"
"开太平之曲","0","2","2"
"进献第三巡","0","2","2"
"献第三巡爵","0","2","2"
"安建业之曲","0","2","2"
"进献第五巡","0","2","2"
"献第五巡爵","0","2","2"
"平幽都之曲","0","2","2"
"进献第六巡","0","2","2"
"献第六巡爵","0","2","2"
"抚四夷之曲","0","2","2"
"进献第七巡","0","2","2"
"献第七巡爵","0","2","2"
"定封赏之曲","0","2","2"
"进献第八巡","0","2","2"
"献第八巡爵","0","2","2"
"进献第九巡","0","2","2"
"献第九巡爵","0","2","2"
"守承平之曲","0","2","2"
"其间举起指","0","2","2"
"间举起指挥","0","2","2"
"都如同前面","0","2","2"
"的东西面陈","0","2","2"
"东西面陈设","0","2","2"
"陈设中和韶","0","2","2"
"导引皇帝车","0","2","2"
"引皇帝车驾","0","2","2"
"百官依次退","0","2","2"
"官依次退出","0","2","2"
"面向北跪拜","0","2","2"
"教坊司演奏","0","2","2"
"炎精开运之","0","2","2"
"精开运之曲","0","2","2"
"眷皇明之曲","0","2","2"
"如同前面叙","0","2","2"
"同前面叙述","0","2","2"
"前面叙述的","0","2","2"
"进献汤如同","0","2","2"
"汤如同前面","0","2","2"
"供给群臣饭","0","2","2"
"给群臣饭食","0","2","2"
"以上这些是","0","2","2"
"乐器的制度","0","2","2"
"编磬各十六","0","2","2"
"磬各十六人","0","2","2"
"皇帝车驾的","0","2","2"
"鼓二十四人","0","2","2"
"头管十二人","0","2","2"
"日朝见参拜","0","2","2"
"二十弦二人","0","2","2"
"制定殿内侑","0","2","2"
"旗来导引舞","0","2","2"
"供奉仁祖配","0","2","2"
"奉仁祖配祀","0","2","2"
"事情下交礼","0","2","2"
"情下交礼官","0","2","2"
"意他的奏请","0","2","2"
"的人到京城","0","2","2"
"第二次进献","0","2","2"
"是命令礼官","0","2","2"
"开始在南郊","0","2","2"
"始在南郊举","0","2","2"
"帝亲自制作","0","2","2"
"下交礼官议","0","2","2"
"那么祭祀先","0","2","2"
"么祭祀先蚕","0","2","2"
"祭祀先蚕用","0","2","2"
"悬挂乐器的","0","2","2"
"而没有言及","0","2","2"
"没有言及舞","0","2","2"
"祭祀先蚕于","0","2","2"
"制定祭享先","0","2","2"
"定祭享先蚕","0","2","2"
"祭享先蚕的","0","2","2"
"享先蚕的乐","0","2","2"
"先蚕的乐章","0","2","2"
"祭祀典礼正","0","2","2"
"命令文学之","0","2","2"
"令文学之臣","0","2","2"
"一刻移到了","0","2","2"
"所以用黄钟","0","2","2"
"进献神灵的","0","2","2"
"献神灵的音","0","2","2"
"以黄钟为宫","0","2","2"
"六变而天神","0","2","2"
"变而天神下","0","2","2"
"而天神下降","0","2","2"
"九变而人鬼","0","2","2"
"变而人鬼享","0","2","2"
"而人鬼享祀","0","2","2"
"而终结于少","0","2","2"
"的角度观察","0","2","2"
"疏下交礼部","0","2","2"
"再生黄钟之","0","2","2"
"生黄钟之六","0","2","2"
"以林钟为宫","0","2","2"
"的半声为变","0","2","2"
"制定帝社稷","0","2","2"
"礼完成之后","0","2","2"
"派官员考核","0","2","2"
"有来得及施","0","2","2"
"来得及施行","0","2","2"
"六年重新制","0","2","2"
"朝拜庆贺乐","0","2","2"
"拜庆贺乐章","0","2","2"
"制定宴飨乐","0","2","2"
"俗间名为大","0","2","2"
"间名为大石","0","2","2"
"真龙天子出","0","2","2"
"及时享快乐","0","2","2"
"一统华与夷","0","2","2"
"南北与东西","0","2","2"
"永远巩固帝","0","2","2"
"上万寿之曲","0","2","2"
"帝王基业永","0","2","2"
"仰天恩之曲","0","2","2"
"童白发老人","0","2","2"
"四方蛮夷来","0","2","2"
"民乐生之曲","0","2","2"
"感皇恩之曲","0","2","2"
"天命有德舞","0","2","2"
"命有德舞曲","0","2","2"
"一棵主干长","0","2","2"
"棵主干长百","0","2","2"
"主干长百穗","0","2","2"
"庆丰年之曲","0","2","2"
"集祯应之曲","0","2","2"
"永皇图之曲","0","2","2"
"乐太平之曲","0","2","2"
"九州岛四海","0","2","2"
"协和之气生","0","2","2"
"层层霄汉天","0","2","2"
"层霄汉天晴","0","2","2"
"霄汉天晴色","0","2","2"
"太和元气自","0","2","2"
"和元气自阳","0","2","2"
"元气自阳回","0","2","2"
"天下酉姓尽","0","2","2"
"下酉姓尽欢","0","2","2"
"酉姓尽欢愉","0","2","2"
"万物都通亨","0","2","2"
"缨鞭得胜蛮","0","2","2"
"鞭得胜蛮夷","0","2","2"
"得胜蛮夷队","0","2","2"
"典礼完成音","0","2","2"
"礼完成音乐","0","2","2"
"以上第二次","0","2","2"
"上第二次演","0","2","2"
"都进献百戏","0","2","2"
"进献百戏表","0","2","2"
"献百戏表演","0","2","2"
"百戏表演侍","0","2","2"
"戏表演侍奉","0","2","2"
"吉祥征兆应","0","2","2"
"亲耕种亲养","0","2","2"
"耕种亲养蚕","0","2","2"
"皇帝将要出","0","2","2"
"帝将要出发","0","2","2"
"在承天门祭","0","2","2"
"应当祭祀的","0","2","2"
"和年高德厚","0","2","2"
"上天的礼仪","0","2","2"
"献皇帝配享","0","2","2"
"官员祭告郊","0","2","2"
"凡是常规的","0","2","2"
"是常规的朝","0","2","2"
"常规的朝拜","0","2","2"
"皇太子在午","0","2","2"
"太子在午门","0","2","2"
"子在午门左","0","2","2"
"在午门左面","0","2","2"
"午门左面处","0","2","2"
"以及王府的","0","2","2"
"驻扎的行在","0","2","2"
"扎的行在所","0","2","2"
"各门的守卫","0","2","2"
"皇太子率领","0","2","2"
"以及近侍官","0","2","2"
"到三山门外","0","2","2"
"三山门外面","0","2","2"
"在祭期之前","0","2","2"
"在外驻扎的","0","2","2"
"把诏书放置","0","2","2"
"行四拜的礼","0","2","2"
"又规定制度","0","2","2"
"当时皇太子","0","2","2"
"按照常规的","0","2","2"
"照常规的仪","0","2","2"
"奉天殿设置","0","2","2"
"武选和官吏","0","2","2"
"选和官吏．","0","2","2"
"和官吏．百","0","2","2"
"官吏．百姓","0","2","2"
"吏．百姓有","0","2","2"
"．百姓有违","0","2","2"
"百姓有违犯","0","2","2"
"姓有违犯的","0","2","2"
"大的向皇太","0","2","2"
"的向皇太子","0","2","2"
"小的由皇长","0","2","2"
"的由皇长孙","0","2","2"
"由皇长孙施","0","2","2"
"皇长孙施行","0","2","2"
"面设置宣读","0","2","2"
"设置宣读案","0","2","2"
"擎持云盖盘","0","2","2"
"公侯走在前","0","2","2"
"侯走在前面","0","2","2"
"走在前面引","0","2","2"
"到承天门上","0","2","2"
"交给宣读官","0","2","2"
"部官员捧持","0","2","2"
"的束面设置","0","2","2"
"承天门上设","0","2","2"
"天门上设置","0","2","2"
"在午门外面","0","2","2"
"的赤色地面","0","2","2"
"翰林院官员","0","2","2"
"林院官员捧","0","2","2"
"院官员捧着","0","2","2"
"礼部官吏捧","0","2","2"
"部官吏捧着","0","2","2"
"交给锦衣卫","0","2","2"
"捧着放置在","0","2","2"
"着放置在龙","0","2","2"
"洪武年问制","0","2","2"
"武年问制定","0","2","2"
"书放置在龙","0","2","2"
"在前面导引","0","2","2"
"到开读案前","0","2","2"
"班列之首到","0","2","2"
"到龙亭前面","0","2","2"
"殿中门进入","0","2","2"
"班列之首跪","0","2","2"
"监修官捧着","0","2","2"
"修官捧着表","0","2","2"
"官捧着表放","0","2","2"
"纂修官捧着","0","2","2"
"放在宝车中","0","2","2"
"进呈贺表贺","0","2","2"
"呈贺表贺笺","0","2","2"
"子某王某人","0","2","2"
"则自称为第","0","2","2"
"中设置龙亭","0","2","2"
"到香案前面","0","2","2"
"交给进表官","0","2","2"
"乡饮酒的仪","0","2","2"
"饮酒的仪式","0","2","2"
"辅佐主人举","0","2","2"
"佐主人举行","0","2","2"
"两楹柱之间","0","2","2"
"宾席在宾席","0","2","2"
"席在宾席的","0","2","2"
"众宾年纪在","0","2","2"
"厢房设席位","0","2","2"
"协助举行仪","0","2","2"
"式的僎宾以","0","2","2"
"的僎宾以下","0","2","2"
"僎宾以下都","0","2","2"
"恭敬地想到","0","2","2"
"爵洗的位置","0","2","2"
"自己国家的","0","2","2"
"选择日期朝","0","2","2"
"择日期朝见","0","2","2"
"番王和随从","0","2","2"
"王和随从官","0","2","2"
"赤色台阶的","0","2","2"
"的舍人二人","0","2","2"
"番王随从官","0","2","2"
"王随从官的","0","2","2"
"放地方特产","0","2","2"
"方特产的几","0","2","2"
"特产的几案","0","2","2"
"传宣地方特","0","2","2"
"宣地方特产","0","2","2"
"方特产的官","0","2","2"
"特产的官员","0","2","2"
"他的随从官","0","2","2"
"随从官都拜","0","2","2"
"礼拜的位置","0","2","2"
"都行对等礼","0","2","2"
"承制官到使","0","2","2"
"制官到使者","0","2","2"
"官到使者面","0","2","2"
"传达制命说","0","2","2"
"按礼仪奏乐","0","2","2"
"殿陈设御座","0","2","2"
"皇太子座位","0","2","2"
"番王的随从","0","2","2"
"王的随从官","0","2","2"
"仪仗鼓乐在","0","2","2"
"仗鼓乐在前","0","2","2"
"放置在几案","0","2","2"
"陈列歌舞杂","0","2","2"
"列歌舞杂技","0","2","2"
"凡是派遣使","0","2","2"
"恭敬地承担","0","2","2"
"敬地承担朕","0","2","2"
"地承担朕的","0","2","2"
"大街小巷挂","0","2","2"
"街小巷挂结","0","2","2"
"小巷挂结彩","0","2","2"
"巷挂结彩带","0","2","2"
"前面设置香","0","2","2"
"面设置香案","0","2","2"
"到国都门外","0","2","2"
"声称有皇帝","0","2","2"
"番王以下都","0","2","2"
"王以下都拜","0","2","2"
"相同的礼仪","0","2","2"
"帝敕命派遣","0","2","2"
"众官穿着朝","0","2","2"
"用黄色包袱","0","2","2"
"品官拜见一","0","2","2"
"官拜见一品","0","2","2"
"拜见一品官","0","2","2"
"位卑的在下","0","2","2"
"王府官员都","0","2","2"
"官员的后面","0","2","2"
"十四年制定","0","2","2"
"牵引马在旁","0","2","2"
"引马在旁边","0","2","2"
"马在旁边站","0","2","2"
"在旁边站立","0","2","2"
"牵引马回避","0","2","2"
"品官牵引马","0","2","2"
"遇到二品官","0","2","2"
"品官趋向右","0","2","2"
"官趋向右边","0","2","2"
"首领官回报","0","2","2"
"没有官位的","0","2","2"
"长久分别的","0","2","2"
"久分别的行","0","2","2"
"别的行作揖","0","2","2"
"的行作揖礼","0","2","2"
"圣哲的神灵","0","2","2"
"既快乐啊又","0","2","2"
"啊后后先先","0","2","2"
"洪武八年皇","0","2","2"
"武八年皇帝","0","2","2"
"八年皇帝亲","0","2","2"
"年皇帝亲制","0","2","2"
"臣率领百官","0","2","2"
"率领百官啊","0","2","2"
"感激圣心啊","0","2","2"
"啊永远乐康","0","2","2"
"神灵变化啊","0","2","2"
"牺牲放在俎","0","2","2"
"香烟缭绕啊","0","2","2"
"以卑微的内","0","2","2"
"卑微的内心","0","2","2"
"微的内心啊","0","2","2"
"啊人民福禄","0","2","2"
"感激厚恩啊","0","2","2"
"啊勉力竭尽","0","2","2"
"臣恭敬祭献","0","2","2"
"恭敬祭献啊","0","2","2"
"垂临享祀啊","0","2","2"
"啊气味芬芳","0","2","2"
"祭礼结束啊","0","2","2"
"主持人庄重","0","2","2"
"持人庄重严","0","2","2"
"人庄重严肃","0","2","2"
"三次进献礼","0","2","2"
"啊保佑人民","0","2","2"
"礼拜啊奉送","0","2","2"
"吉祥的日子","0","2","2"
"祥的日子美","0","2","2"
"的日子美好","0","2","2"
"啊年岁丰登","0","2","2"
"礼完成啊神","0","2","2"
"完成啊神帝","0","2","2"
"成啊神帝鉴","0","2","2"
"啊神帝鉴察","0","2","2"
"恭敬撤除不","0","2","2"
"敬撤除不延","0","2","2"
"句龙配祀词","0","2","2"
"龙配祀词说","0","2","2"
"我现在叩头","0","2","2"
"现在叩头啊","0","2","2"
"第二杯酒已","0","2","2"
"祭祀天神地","0","2","2"
"祀天神地只","0","2","2"
"日子美好时","0","2","2"
"子美好时辰","0","2","2"
"如同朝日祭","0","2","2"
"在内有中国","0","2","2"
"在外及四方","0","2","2"
"太岁是尊神","0","2","2"
"岳镇与海渎","0","2","2"
"如同旧有乐","0","2","2"
"同旧有乐词","0","2","2"
"乐词与朝日","0","2","2"
"词与朝日祭","0","2","2"
"与朝日祭相","0","2","2"
"朝日祭相同","0","2","2"
"神灵已留下","0","2","2"
"时节的享祭","0","2","2"
"节的享祭不","0","2","2"
"的享祭不施","0","2","2"
"享祭不施用","0","2","2"
"树木有根前","0","2","2"
"木有根前世","0","2","2"
"有根前世积","0","2","2"
"根前世积善","0","2","2"
"尊贵的祖先","0","2","2"
"安神在清庙","0","2","2"
"初次奠献说","0","2","2"
"感动神灵来","0","2","2"
"举行特享礼","0","2","2"
"伟大啊我皇","0","2","2"
"大啊我皇祖","0","2","2"
"上下在苍天","0","2","2"
"音乐舞蹈已","0","2","2"
"洁白又馨香","0","2","2"
"杯酒啊岂敢","0","2","2"
"酒啊岂敢不","0","2","2"
"敬仰祖宗啊","0","2","2"
"仰祖宗啊永","0","2","2"
"祖宗啊永远","0","2","2"
"宗啊永远慕","0","2","2"
"啊永远慕怀","0","2","2"
"啊岂敢不诚","0","2","2"
"岂敢不诚虔","0","2","2"
"小孙时时思","0","2","2"
"孙时时思念","0","2","2"
"时时思念恩","0","2","2"
"时思念恩德","0","2","2"
"思念恩德啊","0","2","2"
"念恩德啊忧","0","2","2"
"恩德啊忧心","0","2","2"
"德啊忧心忡","0","2","2"
"啊忧心忡忡","0","2","2"
"安慰我心思","0","2","2"
"啊圣帝仪容","0","2","2"
"制定祭祀先","0","2","2"
"先师孔子的","0","2","2"
"加陵号英陵","0","2","2"
"祖辈的陵墓","0","2","2"
"官吏举行祭","0","2","2"
"翰林院讨论","0","2","2"
"林院讨论皇","0","2","2"
"院讨论皇帝","0","2","2"
"令祭祀的礼","0","2","2"
"每年正月祭","0","2","2"
"望日献上祭","0","2","2"
"日献上祭品","0","2","2"
"社日等节日","0","2","2"
"日以及节气","0","2","2"
"员举行祭礼","0","2","2"
"子以下都拜","0","2","2"
"由有功勋的","0","2","2"
"有功勋的故","0","2","2"
"功勋的故旧","0","2","2"
"勋的故旧大","0","2","2"
"的故旧大臣","0","2","2"
"故旧大臣举","0","2","2"
"旧大臣举行","0","2","2"
"大臣举行礼","0","2","2"
"臣举行礼仪","0","2","2"
"城的要拜谒","0","2","2"
"的要拜谒陵","0","2","2"
"官员因公事","0","2","2"
"的第一个月","0","2","2"
"派遣官员分","0","2","2"
"遣官员分别","0","2","2"
"主管官吏祭","0","2","2"
"天寿山之神","0","2","2"
"祖宗陵墓祭","0","2","2"
"宗陵墓祭祀","0","2","2"
"陵墓祭祀以","0","2","2"
"冬至日到祖","0","2","2"
"的祭礼举行","0","2","2"
"祭礼举行于","0","2","2"
"内殿的祭祀","0","2","2"
"训谕夏言说","0","2","2"
"供奉神位牌","0","2","2"
"神位牌于陵","0","2","2"
"位牌于陵殿","0","2","2"
"三后神位牌","0","2","2"
"乃是子孙所","0","2","2"
"迁移供奉于","0","2","2"
"移供奉于陵","0","2","2"
"供奉于陵殿","0","2","2"
"的祭祀都不","0","2","2"
"陵墓祭祀的","0","2","2"
"所以元旦陵","0","2","2"
"以元旦陵殿","0","2","2"
"元旦陵殿祭","0","2","2"
"旦陵殿祭祀","0","2","2"
"陵殿祭祀祇","0","2","2"
"殿祭祀祇用","0","2","2"
"祭祀祇用酒","0","2","2"
"祀祇用酒醴","0","2","2"
"祇用酒醴果","0","2","2"
"殿两层屋檐","0","2","2"
"凡是遇到皇","0","2","2"
"是遇到皇帝","0","2","2"
"百官在皇帝","0","2","2"
"庙皇帝和皇","0","2","2"
"皇帝和皇后","0","2","2"
"书马文升说","0","2","2"
"都停止朝拜","0","2","2"
"浅淡色服饰","0","2","2"
"宗生日忌日","0","2","2"
"皇后忌日在","0","2","2"
"仍然在奉先","0","2","2"
"然在奉先殿","0","2","2"
"西华门内北","0","2","2"
"皇帝用的帏","0","2","2"
"帝用的帏幄","0","2","2"
"帝穿素服乘","0","2","2"
"穿素服乘舆","0","2","2"
"素服乘舆到","0","2","2"
"服乘舆到帏","0","2","2"
"乘舆到帏幄","0","2","2"
"在报丧者位","0","2","2"
"报丧者位置","0","2","2"
"丧者位置的","0","2","2"
"者位置的北","0","2","2"
"赞唱礼仪的","0","2","2"
"常卿上奏停","0","2","2"
"卿上奏停止","0","2","2"
"上奏停止哭","0","2","2"
"名拜慰完毕","0","2","2"
"常卿上奏说","0","2","2"
"卿上奏说礼","0","2","2"
"奏说礼仪结","0","2","2"
"说礼仪结束","0","2","2"
"的礼仪相同","0","2","2"
"位置在厅前","0","2","2"
"以下的拜位","0","2","2"
"主妇以下的","0","2","2"
"妇以下的哭","0","2","2"
"在灵柩北面","0","2","2"
"帝的乘舆出","0","2","2"
"的乘舆出大","0","2","2"
"乘舆出大篷","0","2","2"
"舆出大篷帐","0","2","2"
"在大门外迎","0","2","2"
"大门外迎候","0","2","2"
"皇帝的乘舆","0","2","2"
"将军四人在","0","2","2"
"皇帝从乘舆","0","2","2"
"帝从乘舆上","0","2","2"
"从乘舆上下","0","2","2"
"乘舆上下来","0","2","2"
"以下的人到","0","2","2"
"到丧主前面","0","2","2"
"凡是中宫皇","0","2","2"
"封号妇女以","0","2","2"
"号妇女以下","0","2","2"
"哭奠的位置","0","2","2"
"的哭位在停","0","2","2"
"哭位在停丧","0","2","2"
"位在停丧屋","0","2","2"
"在停丧屋子","0","2","2"
"停丧屋子的","0","2","2"
"涂有白色的","0","2","2"
"有白色的服","0","2","2"
"白色的服丧","0","2","2"
"色的服丧车","0","2","2"
"遭丧之家的","0","2","2"
"跟从吊丧的","0","2","2"
"的受封号妇","0","2","2"
"在遭丧之家","0","2","2"
"称有皇帝制","0","2","2"
"有皇帝制命","0","2","2"
"派遣臣某人","0","2","2"
"扶丧杖号哭","0","2","2"
"赠送助葬物","0","2","2"
"主妇以下都","0","2","2"
"都有确定的","0","2","2"
"必须亲自参","0","2","2"
"须亲自参加","0","2","2"
"共经历三年","0","2","2"
"经历三年以","0","2","2"
"历三年以上","0","2","2"
"虽然没有考","0","2","2"
"然没有考绩","0","2","2"
"没有考绩满","0","2","2"
"都督同知愈","0","2","2"
"督同知愈事","0","2","2"
"有很久以后","0","2","2"
"五品官以上","0","2","2"
"用二条引二","0","2","2"
"二条引二条","0","2","2"
"条引二条披","0","2","2"
"以下不使用","0","2","2"
"品以上官用","0","2","2"
"钟山的北面","0","2","2"
"用木头制成","0","2","2"
"六品官以下","0","2","2"
"品官坟茔地","0","2","2"
"坟茔地周边","0","2","2"
"石望柱各二","0","2","2"
"望柱各二件","0","2","2"
"品官各递减","0","2","2"
"品官没有石","0","2","2"
"王坟设置守","0","2","2"
"坟设置守坟","0","2","2"
"翰林院拟定","0","2","2"
"应该赐谧而","0","2","2"
"该赐谧而没","0","2","2"
"赐谧而没有","0","2","2"
"有得到赐谧","0","2","2"
"文学词章之","0","2","2"
"学词章之臣","0","2","2"
"议论了很久","0","2","2"
"标明死者官","0","2","2"
"明死者官职","0","2","2"
"行第二次虞","0","2","2"
"第三次虞祭","0","2","2"
"所在地举行","0","2","2"
"事到此时共","0","2","2"
"禅祭到吉祭","0","2","2"
"祭到吉祭之","0","2","2"
"到吉祭之间","0","2","2"
"吉祭之间的","0","2","2"
"祭之间的服","0","2","2"
"之间的服丧","0","2","2"
"间的服丧期","0","2","2"
"赶回料理丧","0","2","2"
"回料理丧事","0","2","2"
"细麻布制成","0","2","2"
"服丧三个月","0","2","2"
"服一周年丧","0","2","2"
"一周年丧的","0","2","2"
"周年丧的人","0","2","2"
"是治理国家","0","2","2"
"为母亲服丧","0","2","2"
"愿意服丧三","0","2","2"
"意服丧三年","0","2","2"
"丧一周年的","0","2","2"
"儿子为父母","0","2","2"
"生的儿子为","0","2","2"
"都服斩衰三","0","2","2"
"儿子为父亲","0","2","2"
"粗的麻布制","0","2","2"
"的麻布制成","0","2","2"
"缝下面的衣","0","2","2"
"下面的衣边","0","2","2"
"粗而经过加","0","2","2"
"育自己的庶","0","2","2"
"嗣的人服丧","0","2","2"
"女儿没有出","0","2","2"
"儿没有出嫁","0","2","2"
"出嫁为父母","0","2","2"
"的儿子的妻","0","2","2"
"妻子为丈夫","0","2","2"
"子为丈夫的","0","2","2"
"的生身母亲","0","2","2"
"杖期一年的","0","2","2"
"期一年的丧","0","2","2"
"一年的丧服","0","2","2"
"母为长子以","0","2","2"
"为长子以及","0","2","2"
"弟的儿子以","0","2","2"
"的儿子以及","0","2","2"
"子以及兄弟","0","2","2"
"以及兄弟没","0","2","2"
"及兄弟没有","0","2","2"
"兄弟没有出","0","2","2"
"弟没有出嫁","0","2","2"
"为姑以及姊","0","2","2"
"以及姊妹没","0","2","2"
"及姊妹没有","0","2","2"
"姊妹没有出","0","2","2"
"妹没有出嫁","0","2","2"
"有出嫁的服","0","2","2"
"出嫁的服丧","0","2","2"
"兄弟以及兄","0","2","2"
"弟以及兄弟","0","2","2"
"前夫的儿子","0","2","2"
"有服丧九月","0","2","2"
"服丧九月的","0","2","2"
"亲属关系的","0","2","2"
"人为丈夫亲","0","2","2"
"为丈夫亲兄","0","2","2"
"丈夫亲兄弟","0","2","2"
"夫亲兄弟的","0","2","2"
"的父母服丧","0","2","2"
"嗣的人为他","0","2","2"
"的人为他的","0","2","2"
"子的媳妇服","0","2","2"
"是齐衰服丧","0","2","2"
"服丧五月的","0","2","2"
"服丧三月的","0","2","2"
"为同祖父兄","0","2","2"
"出嫁了的兄","0","2","2"
"嫁了的兄弟","0","2","2"
"了的兄弟的","0","2","2"
"兄弟的女儿","0","2","2"
"为丈夫的祖","0","2","2"
"为丈夫的伯","0","2","2"
"女子出嫁为","0","2","2"
"子出嫁为本","0","2","2"
"出嫁为本宗","0","2","2"
"嫁为本宗族","0","2","2"
"为再堂兄弟","0","2","2"
"为出嫁了的","0","2","2"
"的同祖姊妹","0","2","2"
"为兄弟的孙","0","2","2"
"弟的孙子以","0","2","2"
"的孙子以及","0","2","2"
"有出嫁的孙","0","2","2"
"出嫁的孙女","0","2","2"
"的兄弟姊妹","0","2","2"
"以及丈夫的","0","2","2"
"族祖姑以及","0","2","2"
"兄弟的曾孙","0","2","2"
"孙女没有出","0","2","2"
"女没有出嫁","0","2","2"
"祖兄弟的孙","0","2","2"
"再堂兄弟的","0","2","2"
"堂兄弟的儿","0","2","2"
"姑姑的儿子","0","2","2"
"祖兄弟的妻","0","2","2"
"的外祖父母","0","2","2"
"为本宗族同","0","2","2"
"的全部礼仪","0","2","2"
"明朝初年在","0","2","2"
"在束面第一","0","2","2"
"束面第一位","0","2","2"
"在西面第一","0","2","2"
"西面第一位","0","2","2"
"在束面第二","0","2","2"
"束面第二位","0","2","2"
"亲属关系已","0","2","2"
"属关系已尽","0","2","2"
"百代不迁移","0","2","2"
"尊高曾祖父","0","2","2"
"向东的位置","0","2","2"
"高曾祖父四","0","2","2"
"曾祖父四代","0","2","2"
"上皇高祖父","0","2","2"
"如侍奉活人","0","2","2"
"后面是寝殿","0","2","2"
"面一室供奉","0","2","2"
"祭期的前一","0","2","2"
"期的前一天","0","2","2"
"派官员到太","0","2","2"
"官员到太庙","0","2","2"
"员到太庙举","0","2","2"
"到太庙举行","0","2","2"
"太庙举行祭","0","2","2"
"庙举行祭告","0","2","2"
"庙供奉安放","0","2","2"
"上安放供奉","0","2","2"
"安放于太庙","0","2","2"
"祖的次一位","0","2","2"
"在太庙柑祭","0","2","2"
"放在褥位上","0","2","2"
"宗升入太庙","0","2","2"
"升入太庙拊","0","2","2"
"入太庙拊祭","0","2","2"
"远祖神位藏","0","2","2"
"祖神位藏在","0","2","2"
"仪礼用物都","0","2","2"
"礼用物都贮","0","2","2"
"李时等人说","0","2","2"
"太宗以下应","0","2","2"
"宗以下应该","0","2","2"
"允廖道南说","0","2","2"
"令会同议论","0","2","2"
"陪同祭祀的","0","2","2"
"张孚敬等人","0","2","2"
"孚敬等人说","0","2","2"
"文祖的世室","0","2","2"
"颁布诏令于","0","2","2"
"祖的神位牌","0","2","2"
"又选择吉日","0","2","2"
"选择吉日亲","0","2","2"
"择吉日亲自","0","2","2"
"奉安置在景","0","2","2"
"安置在景神","0","2","2"
"置在景神殿","0","2","2"
"宗的神位牌","0","2","2"
"供奉安置各","0","2","2"
"部尚书费案","0","2","2"
"面四位依次","0","2","2"
"四位依次是","0","2","2"
"拊祭孝烈皇","0","2","2"
"请求仍在太","0","2","2"
"求仍在太庙","0","2","2"
"仍在太庙拊","0","2","2"
"太庙拊祭睿","0","2","2"
"庙拊祭睿宗","0","2","2"
"而宣宗牌位","0","2","2"
"宣宗牌位不","0","2","2"
"宗牌位不要","0","2","2"
"牌位不要迁","0","2","2"
"位不要迁走","0","2","2"
"的太庙有十","0","2","2"
"太庙有十一","0","2","2"
"庙有十一室","0","2","2"
"有十一室而","0","2","2"
"皇妣在束面","0","2","2"
"妣在束面第","0","2","2"
"始祖出自何","0","2","2"
"祖出自何处","0","2","2"
"罢除年终的","0","2","2"
"除年终的祭","0","2","2"
"中旬举行大","0","2","2"
"旬举行大合","0","2","2"
"在太祖殿祭","0","2","2"
"太祖殿祭祀","0","2","2"
"每季节的合","0","2","2"
"季节的合祭","0","2","2"
"冬季最后一","0","2","2"
"季最后一月","0","2","2"
"大臣十二人","0","2","2"
"臣十二人分","0","2","2"
"分别祭献众","0","2","2"
"别祭献众皇","0","2","2"
"为刚去世的","0","2","2"
"的季节合祭","0","2","2"
"陪从祭祀的","0","2","2"
"庙合起来祭","0","2","2"
"合起来祭祀","0","2","2"
"以时鲜的食","0","2","2"
"在正殿中设","0","2","2"
"定太庙四时","0","2","2"
"年间的旧例","0","2","2"
"帝皇后的牌","0","2","2"
"常吃的鹅羹","0","2","2"
"吃的鹅羹饭","0","2","2"
"穿日常衣服","0","2","2"
"都在奉先殿","0","2","2"
"册书与宝玺","0","2","2"
"的孝亲之思","0","2","2"
"皇后的谧号","0","2","2"
"百官都跪下","0","2","2"
"交付翰林院","0","2","2"
"鸿胪寺在奉","0","2","2"
"胪寺在奉天","0","2","2"
"官穿着祭服","0","2","2"
"官各自捧着","0","2","2"
"各自捧着册","0","2","2"
"上奏请皇帝","0","2","2"
"主持礼仪官","0","2","2"
"皇帝由左门","0","2","2"
"帝由左门进","0","2","2"
"由左门进入","0","2","2"
"皇帝接受册","0","2","2"
"帝接受册书","0","2","2"
"奏请抽出圭","0","2","2"
"宣册官跪着","0","2","2"
"册官跪着在","0","2","2"
"官跪着在皇","0","2","2"
"跪着在皇帝","0","2","2"
"着在皇帝左","0","2","2"
"在皇帝左边","0","2","2"
"皇帝左边宣","0","2","2"
"帝左边宣读","0","2","2"
"左边宣读册","0","2","2"
"边宣读册书","0","2","2"
"嗣皇帝臣某","0","2","2"
"上尊谧号为","0","2","2"
"宝官拿着实","0","2","2"
"官拿着实玺","0","2","2"
"拿着实玺跪","0","2","2"
"着实玺跪着","0","2","2"
"实玺跪着进","0","2","2"
"玺跪着进献","0","2","2"
"奏唱请俯伏","0","2","2"
"奏请拜四拜","0","2","2"
"礼部会同众","0","2","2"
"部会同众臣","0","2","2"
"放在奉天门","0","2","2"
"服到奉天门","0","2","2"
"跟随到思善","0","2","2"
"随到思善门","0","2","2"
"上的礼拜位","0","2","2"
"册宝的官吏","0","2","2"
"听从礼部奏","0","2","2"
"从礼部奏议","0","2","2"
"凡是从点水","0","2","2"
"是从点水加","0","2","2"
"从点水加各","0","2","2"
"点水加各字","0","2","2"
"水加各字的","0","2","2"
"都改为雒字","0","2","2"
"从木加交字","0","2","2"
"木加交字的","0","2","2"
"连呼三次万","0","2","2"
"呼三次万岁","0","2","2"
"在宫殿丹陛","0","2","2"
"武官员拜祭","0","2","2"
"官员拜祭的","0","2","2"
"员拜祭的位","0","2","2"
"拜祭的位子","0","2","2"
"祭的位子以","0","2","2"
"的位子以北","0","2","2"
"二人在引文","0","2","2"
"人在引文武","0","2","2"
"在引文武班","0","2","2"
"引文武班的","0","2","2"
"表案二人在","0","2","2"
"午门外陈列","0","2","2"
"外陈列甲士","0","2","2"
"鞭使人肃静","0","2","2"
"唱宣读表文","0","2","2"
"的礼仪不能","0","2","2"
"了却不演奏","0","2","2"
"皇帝从中门","0","2","2"
"帝从中门出","0","2","2"
"到刚刚死去","0","2","2"
"刚刚死去的","0","2","2"
"刚死去的皇","0","2","2"
"死去的皇帝","0","2","2"
"去的皇帝灵","0","2","2"
"在奉天殿丹","0","2","2"
"定正月初一","0","2","2"
"凡是正月初","0","2","2"
"是正月初一","0","2","2"
"尚宝司在奉","0","2","2"
"宝司在奉天","0","2","2"
"奉天殿设御","0","2","2"
"天殿设御座","0","2","2"
"在御座束面","0","2","2"
"坊司在殿内","0","2","2"
"在殿内东西","0","2","2"
"锦衣卫在丹","0","2","2"
"衣卫在丹陛","0","2","2"
"丹墀上陈列","0","2","2"
"在丹陛东西","0","2","2"
"司设同文案","0","2","2"
"玉帛案于丹","0","2","2"
"帛案于丹陛","0","2","2"
"案于丹陛东","0","2","2"
"门外设将军","0","2","2"
"位于丹墀北","0","2","2"
"于丹墀北面","0","2","2"
"导驾官在前","0","2","2"
"驾官在前面","0","2","2"
"官在前面引","0","2","2"
"众官都下跪","0","2","2"
"具官臣某人","0","2","2"
"节律应合黄","0","2","2"
"律应合黄钟","0","2","2"
"赞礼官宣唱","0","2","2"
"与你们共同","0","2","2"
"你们共同分","0","2","2"
"们共同分享","0","2","2"
"谨率领文武","0","2","2"
"不传达制命","0","2","2"
"举行进春礼","0","2","2"
"殿接见群臣","0","2","2"
"接见群臣叫","0","2","2"
"见群臣叫做","0","2","2"
"殿朝见叫做","0","2","2"
"在紫宸殿朝","0","2","2"
"紫宸殿朝见","0","2","2"
"谢恩的官员","0","2","2"
"恩的官员和","0","2","2"
"的官员和当","0","2","2"
"官员和当朝","0","2","2"
"员和当朝辞","0","2","2"
"和当朝辞职","0","2","2"
"当朝辞职的","0","2","2"
"朝辞职的官","0","2","2"
"辞职的官员","0","2","2"
"拜一拜三叩","0","2","2"
"月初一的节","0","2","2"
"初一的节日","0","2","2"
"如同朝见皇","0","2","2"
"同朝见皇帝","0","2","2"
"皇帝的礼仪","0","2","2"
"赞礼官导引","0","2","2"
"引礼官赞唱","0","2","2"
"京朝拜一次","0","2","2"
"凡是诸王来","0","2","2"
"是诸王来京","0","2","2"
"王府的从官","0","2","2"
"官员依次退","0","2","2"
"员依次退出","0","2","2"
"居中面向南","0","2","2"
"皇后接受群","0","2","2"
"后接受群臣","0","2","2"
"在坤宁宫设","0","2","2"
"在宫门外以","0","2","2"
"司宾引导命","0","2","2"
"宾引导命妇","0","2","2"
"到台阶上行","0","2","2"
"台阶上行礼","0","2","2"
"官跪下接受","0","2","2"
"殿中门出来","0","2","2"
"司言官宣读","0","2","2"
"殿柬门进入","0","2","2"
"都按礼仪行","0","2","2"
"恭敬地拜见","0","2","2"
"敬地拜见皇","0","2","2"
"衣卫在殿外","0","2","2"
"在殿下东西","0","2","2"
"敬祝皇太子","0","2","2"
"皇太子答礼","0","2","2"
"太子答礼后","0","2","2"
"子答礼后拜","0","2","2"
"皇太子穿平","0","2","2"
"太子穿平常","0","2","2"
"子穿平常衣","0","2","2"
"穿平常衣服","0","2","2"
"与王府官都","0","2","2"
"太子接受朝","0","2","2"
"子接受朝贺","0","2","2"
"第二个月及","0","2","2"
"举行大宴会","0","2","2"
"腊月初八日","0","2","2"
"皇帝给群臣","0","2","2"
"帝给群臣看","0","2","2"
"又赐给赏雪","0","2","2"
"赐给赏雪宴","0","2","2"
"给赏雪宴席","0","2","2"
"东西两边设","0","2","2"
"到皇帝身前","0","2","2"
"序班供给群","0","2","2"
"班供给群臣","0","2","2"
"大小命妇各","0","2","2"
"小命妇各自","0","2","2"
"命妇各自站","0","2","2"
"妇各自站在","0","2","2"
"各自站在座","0","2","2"
"自站在座位","0","2","2"
"站在座位后","0","2","2"
"亲自祭告太","0","2","2"
"官拿着册书","0","2","2"
"从殿左门进","0","2","2"
"事官跪着接","0","2","2"
"放在案的左","0","2","2"
"在案的左边","0","2","2"
"奉先殿以及","0","2","2"
"某夫人妾某","0","2","2"
"永远享受福","0","2","2"
"远享受福寿","0","2","2"
"周朝的制度","0","2","2"
"建殿宇覆盖","0","2","2"
"月的上旬的","0","2","2"
"的上旬的戊","0","2","2"
"上旬的戊日","0","2","2"
"旬的戊日举","0","2","2"
"稷以后稷配","0","2","2"
"以后稷配祀","0","2","2"
"礼部官员商","0","2","2"
"共工氏的儿","0","2","2"
"工氏的儿子","0","2","2"
"五谷的神灵","0","2","2"
"弃稷也配祀","0","2","2"
"稷也配祀先","0","2","2"
"也配祀先农","0","2","2"
"太宗共同配","0","2","2"
"宗共同配祀","0","2","2"
"十一日祭祀","0","2","2"
"第二个戊日","0","2","2"
"同坛共同祭","0","2","2"
"坛共同祭祀","0","2","2"
"非本地出产","0","2","2"
"于是敕命礼","0","2","2"
"是敕命礼部","0","2","2"
"大报天以日","0","2","2"
"报天以日为","0","2","2"
"天以日为主","0","2","2"
"在束郊祭日","0","2","2"
"气开始变长","0","2","2"
"秋分的祭祀","0","2","2"
"其余年份派","0","2","2"
"职大臣代为","0","2","2"
"大臣代为举","0","2","2"
"臣代为举行","0","2","2"
"代为举行祭","0","2","2"
"为举行祭祀","0","2","2"
"祭祀朝日坛","0","2","2"
"礼部上奏朝","0","2","2"
"部上奏朝日","0","2","2"
"设临时休息","0","2","2"
"自祭祀先农","0","2","2"
"到临时休息","0","2","2"
"高有德的老","0","2","2"
"有德的老人","0","2","2"
"派官祭享先","0","2","2"
"官祭享先农","0","2","2"
"命令应天府","0","2","2"
"令应天府官","0","2","2"
"天府官员率","0","2","2"
"府官员率领","0","2","2"
"官员率领农","0","2","2"
"员率领农民","0","2","2"
"率领农民耆","0","2","2"
"领农民耆老","0","2","2"
"民耆老陪同","0","2","2"
"耆老陪同祭","0","2","2"
"老陪同祭祀","0","2","2"
"重新制定祭","0","2","2"
"新制定祭祀","0","2","2"
"凡是遇上皇","0","2","2"
"太常卿引导","0","2","2"
"向北跪下进","0","2","2"
"北跪下进献","0","2","2"
"回到具服殿","0","2","2"
"品以下在台","0","2","2"
"命礼部官员","0","2","2"
"上奏四件事","0","2","2"
"内侍奏请下","0","2","2"
"引导随从如","0","2","2"
"导随从如同","0","2","2"
"都要祭告天","0","2","2"
"要祭告天地","0","2","2"
"圜丘祭告天","0","2","2"
"丘祭告天地","0","2","2"
"承天门外祭","0","2","2"
"因为皇帝亲","0","2","2"
"为皇帝亲自","0","2","2"
"亲自祭告山","0","2","2"
"自祭告山川","0","2","2"
"祭告山川诸","0","2","2"
"告山川诸神","0","2","2"
"命令不必提","0","2","2"
"令不必提前","0","2","2"
"不必提前派","0","2","2"
"必提前派官","0","2","2"
"提前派官告","0","2","2"
"前派官告请","0","2","2"
"派官告请太","0","2","2"
"官告请太庙","0","2","2"
"京城地区山","0","2","2"
"城地区山川","0","2","2"
"献夫等人说","0","2","2"
"不清扫御道","0","2","2"
"迁祭四方山","0","2","2"
"祭四方山川","0","2","2"
"两天完成祭","0","2","2"
"天完成祭祀","0","2","2"
"完成祭祀之","0","2","2"
"成祭祀之事","0","2","2"
"外的西方建","0","2","2"
"坛举行祭祀","0","2","2"
"再次为京都","0","2","2"
"上亲自署名","0","2","2"
"秋分后三天","0","2","2"
"祭祀山川坛","0","2","2"
"的第二月上","0","2","2"
"择吉日举行","0","2","2"
"吉日举行祭","0","2","2"
"每年八月中","0","2","2"
"年八月中旬","0","2","2"
"执事官代替","0","2","2"
"日祭祀灵星","0","2","2"
"如同唐朝制","0","2","2"
"同唐朝制度","0","2","2"
"日祭祀寿星","0","2","2"
"又共同祭祀","0","2","2"
"春秋雨季专","0","2","2"
"秋雨季专门","0","2","2"
"雨季专门举","0","2","2"
"季专门举行","0","2","2"
"专门举行祭","0","2","2"
"门举行祭祀","0","2","2"
"祀典没有记","0","2","2"
"典没有记载","0","2","2"
"祭祀岳镇海","0","2","2"
"岳镇海滨之","0","2","2"
"命令官员十","0","2","2"
"令官员十八","0","2","2"
"白银二十五","0","2","2"
"山川的祭祀","0","2","2"
"自撰写祝文","0","2","2"
"祭祀天下山","0","2","2"
"祀天下山川","0","2","2"
"停止山川坛","0","2","2"
"忌日的祭祀","0","2","2"
"在方泽祭祀","0","2","2"
"方泽祭祀地","0","2","2"
"泽祭祀地只","0","2","2"
"那么悼灵皇","0","2","2"
"么悼灵皇后","0","2","2"
"一年五次祭","0","2","2"
"年五次祭享","0","2","2"
"就在奉先殿","0","2","2"
"位皇后的神","0","2","2"
"殿供奉安放","0","2","2"
"在景神殿举","0","2","2"
"景神殿举行","0","2","2"
"仍在奉先殿","0","2","2"
"殿举行祭祀","0","2","2"
"派遣官员代","0","2","2"
"都出于太常","0","2","2"
"出于太常寺","0","2","2"
"配享的提议","0","2","2"
"边的一个地","0","2","2"
"的一个地方","0","2","2"
"一个地方说","0","2","2"
"皇帝捧着牌","0","2","2"
"帝捧着牌位","0","2","2"
"帝捧着神主","0","2","2"
"着神主牌从","0","2","2"
"神主牌从殿","0","2","2"
"安放神主牌","0","2","2"
"皇太后以下","0","2","2"
"太后以下拜","0","2","2"
"后以下拜四","0","2","2"
"皇后在太庙","0","2","2"
"祭祀的说法","0","2","2"
"不世代祭祀","0","2","2"
"有汉哀帝为","0","2","2"
"汉哀帝为定","0","2","2"
"哀帝为定陶","0","2","2"
"帝为定陶共","0","2","2"
"为定陶共王","0","2","2"
"定陶共王在","0","2","2"
"陶共王在京","0","2","2"
"共王在京城","0","2","2"
"王在京城建","0","2","2"
"在京城建庙","0","2","2"
"不可作为依","0","2","2"
"可作为依据","0","2","2"
"神主牌位放","0","2","2"
"天子的礼仪","0","2","2"
"王的夫人刘","0","2","2"
"夫人刘氏为","0","2","2"
"人刘氏为一","0","2","2"
"刘氏为一坛","0","2","2"
"春夏在仁祖","0","2","2"
"夏在仁祖庙","0","2","2"
"止分别祭献","0","2","2"
"卿裴应章说","0","2","2"
"官员分别祭","0","2","2"
"合祭的礼仪","0","2","2"
"在太庙配享","0","2","2"
"明朝初年没","0","2","2"
"朝初年没有","0","2","2"
"捧着各自的","0","2","2"
"着各自的祖","0","2","2"
"中间一室拊","0","2","2"
"间一室拊祭","0","2","2"
"在每年一定","0","2","2"
"增加祭祀隋","0","2","2"
"加祭祀隋高","0","2","2"
"山的南面建","0","2","2"
"束面一室是","0","2","2"
"西面一室是","0","2","2"
"祭祀木华黎","0","2","2"
"太常寺官举","0","2","2"
"常寺官举行","0","2","2"
"寺官举行祭","0","2","2"
"送神各拜两","0","2","2"
"神各拜两拜","0","2","2"
"在三月三日","0","2","2"
"共同祭祀三","0","2","2"
"同祭祀三皇","0","2","2"
"用太牢祭祀","0","2","2"
"在京城设立","0","2","2"
"举行奠祭先","0","2","2"
"行奠祭先圣","0","2","2"
"有释迦牟尼","0","2","2"
"一样举行祭","0","2","2"
"样举行祭礼","0","2","2"
"据有天下的","0","2","2"
"有天下的帝","0","2","2"
"天下的帝王","0","2","2"
"临奉天殿降","0","2","2"
"在太学束面","0","2","2"
"又下诏天下","0","2","2"
"孟的父亲都","0","2","2"
"敕令有关部","0","2","2"
"用来祭祀天","0","2","2"
"怀疑孔子的","0","2","2"
"祭祀上天的","0","2","2"
"的四位配享","0","2","2"
"都称先贤某","0","2","2"
"不再称公侯","0","2","2"
"再称公侯伯","0","2","2"
"孔子的十位","0","2","2"
"子的十位贤","0","2","2"
"的十位贤哲","0","2","2"
"在启圣祠祭","0","2","2"
"启圣祠祭祀","0","2","2"
"先圣先师礼","0","2","2"
"旗纛的祭祀","0","2","2"
"祭祀物品比","0","2","2"
"诸侯王国祭","0","2","2"
"侯王国祭祀","0","2","2"
"官员主持祭","0","2","2"
"员主持祭祀","0","2","2"
"四季中每季","0","2","2"
"季中每季的","0","2","2"
"由南京太常","0","2","2"
"由应天府官","0","2","2"
"天府官员祭","0","2","2"
"府官员祭祀","0","2","2"
"每季首月以","0","2","2"
"季首月以及","0","2","2"
"首月以及年","0","2","2"
"月以及年终","0","2","2"
"太仓神庙在","0","2","2"
"户部官员祭","0","2","2"
"太仆寺官员","0","2","2"
"仆寺官员祭","0","2","2"
"用素食祭祀","0","2","2"
"帝将奏章下","0","2","2"
"不是老子的","0","2","2"
"不命令修建","0","2","2"
"派官到显灵","0","2","2"
"官到显灵宫","0","2","2"
"到显灵宫祭","0","2","2"
"多次加封号","0","2","2"
"祈祷没有应","0","2","2"
"祷没有应验","0","2","2"
"多次加封至","0","2","2"
"我朝御制的","0","2","2"
"朝御制的碑","0","2","2"
"应当罢除免","0","2","2"
"当罢除免祭","0","2","2"
"都派官祭祀","0","2","2"
"永乐到成化","0","2","2"
"以及节气时","0","2","2"
"及节气时令","0","2","2"
"于是命令修","0","2","2"
"是命令修建","0","2","2"
"没有人祭祀","0","2","2"
"有人祭祀的","0","2","2"
"这就是它的","0","2","2"
"祭祀帝王无","0","2","2"
"祀帝王无后","0","2","2"
"帝王无后嗣","0","2","2"
"王无后嗣的","0","2","2"
"没人祭祀的","0","2","2"
"年两次祭祀","0","2","2"
"役人祭祀的","0","2","2"
"就是顺应阴","0","2","2"
"是顺应阴阳","0","2","2"
"顺应阴阳的","0","2","2"
"祀是用来明","0","2","2"
"是用来明示","0","2","2"
"仍祭祀后土","0","2","2"
"夏至日在方","0","2","2"
"至日在方丘","0","2","2"
"在正月上辛","0","2","2"
"正月上辛日","0","2","2"
"亲自在南郊","0","2","2"
"在圜丘祭祀","0","2","2"
"的南面建立","0","2","2"
"丘增加祭祀","0","2","2"
"建造大祀殿","0","2","2"
"于是规定每","0","2","2"
"是规定每年","0","2","2"
"为固定制度","0","2","2"
"宗祀文王以","0","2","2"
"祀文王以配","0","2","2"
"门祭祀上帝","0","2","2"
"而今大祀殿","0","2","2"
"太祖神位前","0","2","2"
"祖神位前占","0","2","2"
"神位前占卜","0","2","2"
"中夏言请求","0","2","2"
"躬亲蚕事的","0","2","2"
"亲蚕事的典","0","2","2"
"蚕事的典礼","0","2","2"
"郊举行躬亲","0","2","2"
"分别祭祀的","0","2","2"
"共同祭祀是","0","2","2"
"的名称不同","0","2","2"
"言又上疏说","0","2","2"
"水泽中方丘","0","2","2"
"泽中方丘的","0","2","2"
"中方丘的制","0","2","2"
"称为礼祭地","0","2","2"
"为礼祭地只","0","2","2"
"共同祭祀的","0","2","2"
"实是从王莽","0","2","2"
"是从王莽开","0","2","2"
"从王莽开始","0","2","2"
"王莽开始的","0","2","2"
"年间第一次","0","2","2"
"本来就是太","0","2","2"
"来就是太祖","0","2","2"
"就是太祖的","0","2","2"
"在两个至日","0","2","2"
"在具服殿稍","0","2","2"
"具服殿稍微","0","2","2"
"服殿稍微偏","0","2","2"
"殿稍微偏南","0","2","2"
"稍微偏南的","0","2","2"
"微偏南的地","0","2","2"
"偏南的地方","0","2","2"
"南的地方建","0","2","2"
"的地方建造","0","2","2"
"以配祀上天","0","2","2"
"以配祀上帝","0","2","2"
"奉太宗配祀","0","2","2"
"二祖分别配","0","2","2"
"祖分别配祀","0","2","2"
"功德同等盛","0","2","2"
"德同等盛大","0","2","2"
"太庙中没有","0","2","2"
"都供奉太祖","0","2","2"
"赞礼宣唱进","0","2","2"
"皇帝到神位","0","2","2"
"帝到神位前","0","2","2"
"把酒爵交给","0","2","2"
"酒爵交给执","0","2","2"
"爵交给执事","0","2","2"
"交给执事人","0","2","2"
"给执事人员","0","2","2"
"太子以下在","0","2","2"
"子以下在位","0","2","2"
"以下在位官","0","2","2"
"到休息的大","0","2","2"
"先到上帝神","0","2","2"
"到上帝神位","0","2","2"
"到仁祖神位","0","2","2"
"前往奉天殿","0","2","2"
"皇帝穿祭服","0","2","2"
"皇帝穿日常","0","2","2"
"帝穿日常衣","0","2","2"
"太常卿恭请","0","2","2"
"常卿恭请太","0","2","2"
"卿恭请太祖","0","2","2"
"奉安放在皇","0","2","2"
"安放在皇祇","0","2","2"
"放在皇祇室","0","2","2"
"部太常官一","0","2","2"
"太常官一同","0","2","2"
"常官一同请","0","2","2"
"官一同请求","0","2","2"
"一同请求皇","0","2","2"
"同请求皇地","0","2","2"
"请求皇地祇","0","2","2"
"求皇地祇神","0","2","2"
"殿设神案两","0","2","2"
"设神案两张","0","2","2"
"举行祈谷礼","0","2","2"
"配祀的礼仪","0","2","2"
"在大祀殿举","0","2","2"
"大祀殿举行","0","2","2"
"在奉天殿的","0","2","2"
"奉天殿的台","0","2","2"
"天殿的台阶","0","2","2"
"明堂祭享上","0","2","2"
"堂祭享上帝","0","2","2"
"以父亲配祀","0","2","2"
"这是主要依","0","2","2"
"是主要依据","0","2","2"
"有圣人功德","0","2","2"
"圣人功德的","0","2","2"
"人功德的人","0","2","2"
"功德的人配","0","2","2"
"德的人配祀","0","2","2"
"配祀的帝王","0","2","2"
"当以文王配","0","2","2"
"以文王配祀","0","2","2"
"奏请皇帝定","0","2","2"
"宗祀文王于","0","2","2"
"祀文王于明","0","2","2"
"文王于明堂","0","2","2"
"割圆弧矢的","0","2","2"
"圆弧矢的方","0","2","2"
"弧矢的方法","0","2","2"
"在北京立四","0","2","2"
"京立四丈高","0","2","2"
"四丈高的标","0","2","2"
"丈高的标尺","0","2","2"
"随即用简仪","0","2","2"
"即用简仪测","0","2","2"
"将周天半径","0","2","2"
"就是本地离","0","2","2"
"是本地离头","0","2","2"
"本地离头顶","0","2","2"
"地离头顶上","0","2","2"
"离头顶上太","0","2","2"
"头顶上太阳","0","2","2"
"顶上太阳的","0","2","2"
"上太阳的度","0","2","2"
"太阳的度数","0","2","2"
"就是太阳出","0","2","2"
"是太阳出地","0","2","2"
"太阳出地的","0","2","2"
"阳出地的半","0","2","2"
"出地的半弧","0","2","2"
"地的半弧弦","0","2","2"
"求得矢度为","0","2","2"
"分又四分之","0","2","2"
"赤道出地度","0","2","2"
"周天圆的直","0","2","2"
"又是黄道赤","0","2","2"
"道赤道的大","0","2","2"
"道赤道内外","0","2","2"
"就是益从方","0","2","2"
"益从方减去","0","2","2"
"将初商自乘","0","2","2"
"下法乘以初","0","2","2"
"法乘以初商","0","2","2"
"次商相加并","0","2","2"
"将初商和次","0","2","2"
"初商和次商","0","2","2"
"下法乘以次","0","2","2"
"法乘以次商","0","2","2"
"天圆直径一","0","2","2"
"圆直径一百","0","2","2"
"得二百四十","0","2","2"
"将初商八十","0","2","2"
"乘以上廉一","0","2","2"
"以上廉一万","0","2","2"
"十万四千七","0","2","2"
"商八十秒自","0","2","2"
"八十秒自乘","0","2","2"
"用下廉减此","0","2","2"
"下廉减此敷","0","2","2"
"将从廉和从","0","2","2"
"从廉和从方","0","2","2"
"廉和从方相","0","2","2"
"和从方相加","0","2","2"
"十万四千四","0","2","2"
"八十二秒自","0","2","2"
"十二秒自乘","0","2","2"
"得六十七微","0","2","2"
"求得矢的度","0","2","2"
"得矢的度数","0","2","2"
"乘以黄道赤","0","2","2"
"赤道的小股","0","2","2"
"矢自乘作为","0","2","2"
"直径作为除","0","2","2"
"径作为除数","0","2","2"
"是黄道半背","0","2","2"
"作为股的幂","0","2","2"
"道赤道小股","0","2","2"
"作为勾的幂","0","2","2"
"两个幂相加","0","2","2"
"就是赤道小","0","2","2"
"是赤道小弦","0","2","2"
"赤道小弦作","0","2","2"
"道小弦作为","0","2","2"
"小弦作为除","0","2","2"
"弦作为除数","0","2","2"
"作为除数与","0","2","2"
"为除数与之","0","2","2"
"除数与之相","0","2","2"
"数与之相除","0","2","2"
"是赤道横大","0","2","2"
"是赤道横弧","0","2","2"
"是赤道的半","0","2","2"
"即黄道赤道","0","2","2"
"得三千四百","0","2","2"
"四百一十度","0","2","2"
"百一十度一","0","2","2"
"大弦六十度","0","2","2"
"弦六十度八","0","2","2"
"得五十六度","0","2","2"
"度作为半弧","0","2","2"
"作为半弧弦","0","2","2"
"得三千一百","0","2","2"
"十度八十六","0","2","2"
"黄道赤道差","0","2","2"
"可以互相推","0","2","2"
"以互相推求","0","2","2"
"赤道的距离","0","2","2"
"生出大勾股","0","2","2"
"生出小勾股","0","2","2"
"黄道在赤道","0","2","2"
"度数及距离","0","2","2"
"数及距离北","0","2","2"
"及距离北极","0","2","2"
"赤道内外的","0","2","2"
"道内外的度","0","2","2"
"内外的度数","0","2","2"
"末象限表内","0","2","2"
"象限表内就","0","2","2"
"太阳距离北","0","2","2"
"阳距离北极","0","2","2"
"冬至后黄道","0","2","2"
"至后黄道四","0","2","2"
"距离赤道内","0","2","2"
"离赤道内外","0","2","2"
"冬至夏至时","0","2","2"
"八作为被除","0","2","2"
"用背弦差加","0","2","2"
"背弦差加黄","0","2","2"
"弦差加黄道","0","2","2"
"差加黄道赤","0","2","2"
"加黄道赤道","0","2","2"
"道小弧弦十","0","2","2"
"小弧弦十七","0","2","2"
"弧弦十七度","0","2","2"
"弦十七度二","0","2","2"
"得十七度三","0","2","2"
"七度三十分","0","2","2"
"度三十分八","0","2","2"
"三十分八十","0","2","2"
"十分八十九","0","2","2"
"就是冬至夏","0","2","2"
"夏至前后黄","0","2","2"
"至前后黄道","0","2","2"
"前后黄道四","0","2","2"
"降交点的最","0","2","2"
"交点的最大","0","2","2"
"按法则求得","0","2","2"
"是白道赤道","0","2","2"
"白道赤道降","0","2","2"
"道降交点距","0","2","2"
"行禹步祈祷","0","2","2"
"下诏访求直","0","2","2"
"诏访求直言","0","2","2"
"陕西遭旱灾","0","2","2"
"夏季不降雨","0","2","2"
"六月不降雨","0","2","2"
"西十五个府","0","2","2"
"个府州县卫","0","2","2"
"七个府遭受","0","2","2"
"个府遭受干","0","2","2"
"府遭受干旱","0","2","2"
"从正月直到","0","2","2"
"江西遭旱灾","0","2","2"
"也发生旱灾","0","2","2"
"卫发生旱灾","0","2","2"
"遍布于道路","0","2","2"
"昌发生旱灾","0","2","2"
"亲自祈祷求","0","2","2"
"自祈祷求雨","0","2","2"
"江西发生旱","0","2","2"
"六府发生旱","0","2","2"
"因为长久干","0","2","2"
"为长久干旱","0","2","2"
"三月乙巳日","0","2","2"
"十七年夏季","0","2","2"
"陕西都遭受","0","2","2"
"地如同焚烧","0","2","2"
"辽东遭受旱","0","2","2"
"东遭受旱灾","0","2","2"
"陕西发生旱","0","2","2"
"三府遭受旱","0","2","2"
"府遭受旱灾","0","2","2"
"张士信以及","0","2","2"
"姓家中生一","0","2","2"
"家中生一条","0","2","2"
"中生一条狗","0","2","2"
"钟多次自然","0","2","2"
"二月辛巳日","0","2","2"
"拔起太庙的","0","2","2"
"起太庙的树","0","2","2"
"太庙的树木","0","2","2"
"风拔起孝陵","0","2","2"
"拔起孝陵的","0","2","2"
"月壬午初一","0","2","2"
"正月癸亥日","0","2","2"
"肃行都司刮","0","2","2"
"树木不计其","0","2","2"
"七月己巳日","0","2","2"
"七月癸酉日","0","2","2"
"晦暗如同夜","0","2","2"
"暗如同夜晚","0","2","2"
"三月戊子日","0","2","2"
"白天晦暗如","0","2","2"
"天晦暗如同","0","2","2"
"沙尘遮蔽天","0","2","2"
"八月乙卯日","0","2","2"
"九月己巳日","0","2","2"
"月戊戌初一","0","2","2"
"正月丙申日","0","2","2"
"阳牛生小犊","0","2","2"
"母牛生小犊","0","2","2"
"庆阳发生地","0","2","2"
"又两次发生","0","2","2"
"同发生地震","0","2","2"
"京城又发生","0","2","2"
"城又发生地","0","2","2"
"两京发生地","0","2","2"
"打大雷降大","0","2","2"
"大雷降大雨","0","2","2"
"州也发生地","0","2","2"
"湖广发生地","0","2","2"
"十五次地震","0","2","2"
"昼夜多次地","0","2","2"
"夜多次地震","0","2","2"
"一月甲寅日","0","2","2"
"巩昌发生地","0","2","2"
"昌发生地震","0","2","2"
"天都发生地","0","2","2"
"八月乙巳日","0","2","2"
"四月癸末日","0","2","2"
"州遵化县发","0","2","2"
"遵化县发生","0","2","2"
"化县发生地","0","2","2"
"又连续地震","0","2","2"
"连续地震十","0","2","2"
"二月已末日","0","2","2"
"府同日发生","0","2","2"
"安南卫发生","0","2","2"
"二县都发生","0","2","2"
"八月癸丑日","0","2","2"
"合阳发生十","0","2","2"
"阳发生十多","0","2","2"
"发生十多次","0","2","2"
"生十多次地","0","2","2"
"十多次地震","0","2","2"
"九月庚午日","0","2","2"
"连续发生地","0","2","2"
"续发生地震","0","2","2"
"有一天地震","0","2","2"
"九月乙末日","0","2","2"
"府也发生地","0","2","2"
"民有的被压","0","2","2"
"有的被压死","0","2","2"
"一月癸卯日","0","2","2"
"三府发生地","0","2","2"
"州以及开封","0","2","2"
"太原发生地","0","2","2"
"原发生地震","0","2","2"
"二府都发生","0","2","2"
"被压死八十","0","2","2"
"昌平州发生","0","2","2"
"平州发生地","0","2","2"
"又发生大地","0","2","2"
"县同日地震","0","2","2"
"地面裂开三","0","2","2"
"八月戊申日","0","2","2"
"第二天又地","0","2","2"
"二天又地震","0","2","2"
"七月甲午日","0","2","2"
"二月丁末日","0","2","2"
"川地震连续","0","2","2"
"地震连续三","0","2","2"
"甘肃发生地","0","2","2"
"肃发生地震","0","2","2"
"从西北到东","0","2","2"
"西北到东南","0","2","2"
"塞发生地震","0","2","2"
"三个府遭受","0","2","2"
"山东再次遭","0","2","2"
"卫发生饥荒","0","2","2"
"直隶省二十","0","2","2"
"四个州县发","0","2","2"
"个州县发生","0","2","2"
"州县发生饥","0","2","2"
"二府发生饥","0","2","2"
"北畿发生饥","0","2","2"
"以及南畿三","0","2","2"
"直隶省州县","0","2","2"
"又发生饥荒","0","2","2"
"阳发生饥荒","0","2","2"
"也遭受饥荒","0","2","2"
"都遭受饥荒","0","2","2"
"卫遭受饥荒","0","2","2"
"南畿发生饥","0","2","2"
"都发生饥荒","0","2","2"
"四府遭受饥","0","2","2"
"挖掘埋葬的","0","2","2"
"掘埋葬的死","0","2","2"
"埋葬的死尸","0","2","2"
"各府发生饥","0","2","2"
"河问发生饥","0","2","2"
"问发生饥荒","0","2","2"
"东遭受严重","0","2","2"
"山西遭受严","0","2","2"
"顺天发生饥","0","2","2"
"天发生饥荒","0","2","2"
"湖广发生饥","0","2","2"
"广发生饥荒","0","2","2"
"民吃野草树","0","2","2"
"吃野草树木","0","2","2"
"漕运之道从","0","2","2"
"河河水倒流","0","2","2"
"设立水利余","0","2","2"
"立水利余事","0","2","2"
"河流一天天","0","2","2"
"一天天变浅","0","2","2"
"到大河口汇","0","2","2"
"大河口汇合","0","2","2"
"漕运之道不","0","2","2"
"或者从清河","0","2","2"
"赶快保护湖","0","2","2"
"快保护湖堤","0","2","2"
"部商议认为","0","2","2"
"而黄河又在","0","2","2"
"黄河河床一","0","2","2"
"河河床一天","0","2","2"
"天天淤塞增","0","2","2"
"天淤塞增高","0","2","2"
"淤塞的原因","0","2","2"
"淤塞一天天","0","2","2"
"成为一劳永","0","2","2"
"为一劳永逸","0","2","2"
"管理河漕诸","0","2","2"
"不久又堵塞","0","2","2"
"疏通海口的","0","2","2"
"就更加减弱","0","2","2"
"堵塞决口以","0","2","2"
"堤防以杜绝","0","2","2"
"防以杜绝溃","0","2","2"
"以杜绝溃塌","0","2","2"
"水就不再旁","0","2","2"
"就不再旁决","0","2","2"
"不再旁决而","0","2","2"
"再旁决而专","0","2","2"
"到清口汇合","0","2","2"
"水而往东流","0","2","2"
"而往东流入","0","2","2"
"起于武家墩","0","2","2"
"积沙随水冲","0","2","2"
"没有忧虑了","0","2","2"
"河的水就可","0","2","2"
"的水就可以","0","2","2"
"海口自然就","0","2","2"
"口自然就会","0","2","2"
"白白地耗费","0","2","2"
"老黄河的主","0","2","2"
"升潘季驯为","0","2","2"
"通济闸于甘","0","2","2"
"济闸于甘罗","0","2","2"
"闸于甘罗城","0","2","2"
"于甘罗城南","0","2","2"
"又请求修复","0","2","2"
"河道没有大","0","2","2"
"派遣有气概","0","2","2"
"浮桥流入运","0","2","2"
"使河床加深","0","2","2"
"河口流入运","0","2","2"
"口流入运河","0","2","2"
"潘季驯堵塞","0","2","2"
"堵塞崔镇决","0","2","2"
"就加高堤岸","0","2","2"
"而河床一天","0","2","2"
"请求从归德","0","2","2"
"从归德以下","0","2","2"
"修筑石堤来","0","2","2"
"堤来保护它","0","2","2"
"很值得忧虑","0","2","2"
"然后流入大","0","2","2"
"带来的便利","0","2","2"
"泥沙随水冲","0","2","2"
"内华二闸门","0","2","2"
"涨就关闭闸","0","2","2"
"关闭闸门以","0","2","2"
"就打开闸门","0","2","2"
"决口被堵塞","0","2","2"
"十分之九被","0","2","2"
"分之九被淹","0","2","2"
"的人纷纷而","0","2","2"
"人纷纷而起","0","2","2"
"中张贞观前","0","2","2"
"使淮水注入","0","2","2"
"泥沙随水而","0","2","2"
"必定会自行","0","2","2"
"去拜祭祖陵","0","2","2"
"海口的泥沙","0","2","2"
"汇合处碱缓","0","2","2"
"合处碱缓水","0","2","2"
"处碱缓水势","0","2","2"
"漕运河道的","0","2","2"
"清口的淤沙","0","2","2"
"在清口上游","0","2","2"
"纔能被冲刷","0","2","2"
"能被冲刷而","0","2","2"
"开通腰铺支","0","2","2"
"通腰铺支河","0","2","2"
"单县黄蝈口","0","2","2"
"黄蝈口决堤","0","2","2"
"黄河水大涨","0","2","2"
"官船民船往","0","2","2"
"船民船往来","0","2","2"
"处一定不可","0","2","2"
"居住的百姓","0","2","2"
"汇合于大河","0","2","2"
"淮水流入大","0","2","2"
"水流入大江","0","2","2"
"泥沙一天天","0","2","2"
"沙一天天淤","0","2","2"
"一天天淤积","0","2","2"
"主持治河的","0","2","2"
"持治河的人","0","2","2"
"修筑长堤来","0","2","2"
"河口汇合于","0","2","2"
"水不能胜过","0","2","2"
"流入黄河的","0","2","2"
"开辟门限沙","0","2","2"
"裁去张福堤","0","2","2"
"淮水也不能","0","2","2"
"哪里比得上","0","2","2"
"作为首要之","0","2","2"
"当赶快疏通","0","2","2"
"给事中张企","0","2","2"
"中张企程前","0","2","2"
"应当赶快挖","0","2","2"
"不同的主张","0","2","2"
"进行勘测商","0","2","2"
"行勘测商议","0","2","2"
"口已经淤塞","0","2","2"
"一天天逐渐","0","2","2"
"泗州陵墓的","0","2","2"
"游一半就有","0","2","2"
"湖流入大海","0","2","2"
"疏通入海口","0","2","2"
"分流黄河工","0","2","2"
"流黄河工程","0","2","2"
"分流黄河的","0","2","2"
"说应当开通","0","2","2"
"是为了淮河","0","2","2"
"首先主张开","0","2","2"
"先主张开通","0","2","2"
"河分流黄河","0","2","2"
"又备文上奏","0","2","2"
"上奏善后事","0","2","2"
"奏善后事宜","0","2","2"
"黄河之水流","0","2","2"
"河之水流入","0","2","2"
"应当疏通与","0","2","2"
"邳漕运河道","0","2","2"
"谈论此事的","0","2","2"
"在原武决堤","0","2","2"
"黄河向北流","0","2","2"
"没有听说带","0","2","2"
"有听说带给","0","2","2"
"听说带给祖","0","2","2"
"说带给祖陵","0","2","2"
"带给祖陵水","0","2","2"
"给祖陵水患","0","2","2"
"二十五年以","0","2","2"
"整个黄河完","0","2","2"
"个黄河完全","0","2","2"
"黄蝈的溃决","0","2","2"
"不必要的忧","0","2","2"
"开通小浮桥","0","2","2"
"疏通小河口","0","2","2"
"徐州百步洪","0","2","2"
"杨一魁的主","0","2","2"
"一魁的主张","0","2","2"
"杨一魁又说","0","2","2"
"如高屋建瓴","0","2","2"
"韩家道口到","0","2","2"
"凭借黄河之","0","2","2"
"口修建闸门","0","2","2"
"控制和排泄","0","2","2"
"经由丁家道","0","2","2"
"潘季驯主张","0","2","2"
"家圈到两河","0","2","2"
"圈到两河口","0","2","2"
"部分人挖通","0","2","2"
"到镇口三百","0","2","2"
"御史佴祺又","0","2","2"
"开通赵家圈","0","2","2"
"张问达又说","0","2","2"
"帝依从他们","0","2","2"
"御史高举进","0","2","2"
"史高举进献","0","2","2"
"完全堵塞黄","0","2","2"
"全堵塞黄蝈","0","2","2"
"请开通洳河","0","2","2"
"淤塞河道三","0","2","2"
"塞河道三十","0","2","2"
"河道三十余","0","2","2"
"昊崇礼的主","0","2","2"
"崇礼的主张","0","2","2"
"皇帝赞许并","0","2","2"
"帝赞许并采","0","2","2"
"赞许并采纳","0","2","2"
"游已经畅通","0","2","2"
"河水突然上","0","2","2"
"运河没有忧","0","2","2"
"河没有忧虑","0","2","2"
"使下游有地","0","2","2"
"下游有地方","0","2","2"
"主张开通洳","0","2","2"
"张开通洳河","0","2","2"
"洳河开通成","0","2","2"
"河开通成功","0","2","2"
"工部回复李","0","2","2"
"部回复李化","0","2","2"
"回复李化龙","0","2","2"
"复李化龙的","0","2","2"
"然后流向徐","0","2","2"
"叫做符离河","0","2","2"
"开通洳河有","0","2","2"
"通洳河有六","0","2","2"
"尚书姚继可","0","2","2"
"书姚继可说","0","2","2"
"适逢李化龙","0","2","2"
"黄河在丰县","0","2","2"
"以下没有流","0","2","2"
"下没有流入","0","2","2"
"流入张秋的","0","2","2"
"入张秋的水","0","2","2"
"张秋的水道","0","2","2"
"入淮河的水","0","2","2"
"淮河的水道","0","2","2"
"全都是流入","0","2","2"
"的地方有二","0","2","2"
"下游一天天","0","2","2"
"游一天天淤","0","2","2"
"而向上泛滥","0","2","2"
"在徐州狼矢","0","2","2"
"州狼矢沟决","0","2","2"
"湖流入洳河","0","2","2"
"一天天毁坏","0","2","2"
"然与黄河相","0","2","2"
"下一百五十","0","2","2"
"徐州百姓遭","0","2","2"
"州百姓遭受","0","2","2"
"淮河之水一","0","2","2"
"河之水一起","0","2","2"
"之水一起上","0","2","2"
"水一起上涨","0","2","2"
"往下灌注于","0","2","2"
"下灌注于兴","0","2","2"
"夏秋洪水发","0","2","2"
"秋洪水发生","0","2","2"
"又依从御史","0","2","2"
"沙随水而下","0","2","2"
"患一天天严","0","2","2"
"为漕运船只","0","2","2"
"被贬谪戍守","0","2","2"
"给事中沈胤","0","2","2"
"向北到达直","0","2","2"
"汇合白河流","0","2","2"
"合白河流入","0","2","2"
"白河流入大","0","2","2"
"从茶城秦沟","0","2","2"
"叫做通济河","0","2","2"
"只有依赖于","0","2","2"
"北到达临清","0","2","2"
"与卫河汇合","0","2","2"
"北面的叫做","0","2","2"
"面的叫做马","0","2","2"
"到临清三百","0","2","2"
"建立闸门二","0","2","2"
"黄河汇合于","0","2","2"
"条半月形河","0","2","2"
"月形河道以","0","2","2"
"到达扬子湾","0","2","2"
"逆黄河而上","0","2","2"
"修筑堤防护","0","2","2"
"筑堤防护卫","0","2","2"
"堤防护卫它","0","2","2"
"令平江伯陈","0","2","2"
"平江伯陈逭","0","2","2"
"济宁到临清","0","2","2"
"之水流入其","0","2","2"
"小汶河出于","0","2","2"
"汶河出于新","0","2","2"
"河出于新泰","0","2","2"
"出于新泰宫","0","2","2"
"于新泰宫山","0","2","2"
"大汶河出于","0","2","2"
"汶河出于泰","0","2","2"
"河出于泰安","0","2","2"
"出于泰安仙","0","2","2"
"于泰安仙台","0","2","2"
"又出于莱芜","0","2","2"
"出于莱芜原","0","2","2"
"于莱芜原山","0","2","2"
"莱芜原山北","0","2","2"
"芜原山北面","0","2","2"
"原山北面及","0","2","2"
"山北面及寨","0","2","2"
"北面及寨子","0","2","2"
"面及寨子村","0","2","2"
"全都到静丰","0","2","2"
"都到静丰镇","0","2","2"
"到静丰镇合","0","2","2"
"环绕徂徕山","0","2","2"
"绕徂徕山南","0","2","2"
"而小汶河流","0","2","2"
"小汶河流来","0","2","2"
"汶河流来汇","0","2","2"
"河流来汇合","0","2","2"
"来蓄积泉水","0","2","2"
"水用来供给","0","2","2"
"坝进入淮河","0","2","2"
"到达徐州以","0","2","2"
"臣堵塞其决","0","2","2"
"堵塞其决口","0","2","2"
"建立闸门来","0","2","2"
"河道来分流","0","2","2"
"溃决的黄河","0","2","2"
"口建立堤坝","0","2","2"
"下交到工部","0","2","2"
"到工部商议","0","2","2"
"汶水流入大","0","2","2"
"土堤为石堤","0","2","2"
"遣官吏修筑","0","2","2"
"其水使流入","0","2","2"
"水大的时候","0","2","2"
"被泥沙淤塞","0","2","2"
"河口的淤塞","0","2","2"
"入大海的故","0","2","2"
"水汇合之处","0","2","2"
"疏通的地方","0","2","2"
"水流入运河","0","2","2"
"搁浅的船只","0","2","2"
"书李承勋说","0","2","2"
"长一百四十","0","2","2"
"各条河水来","0","2","2"
"来补济运道","0","2","2"
"突然到来的","0","2","2"
"是建国初期","0","2","2"
"河改道向南","0","2","2"
"修筑拦水坝","0","2","2"
"面建立闸门","0","2","2"
"道淤塞一百","0","2","2"
"淤塞一百余","0","2","2"
"塞一百余里","0","2","2"
"派遣官吏勘","0","2","2"
"遣官吏勘测","0","2","2"
"以成功的地","0","2","2"
"成功的地方","0","2","2"
"得到适当的","0","2","2"
"到适当的人","0","2","2"
"下交朝廷大","0","2","2"
"大臣会合商","0","2","2"
"臣会合商议","0","2","2"
"依从朱衡的","0","2","2"
"所以漕河以","0","2","2"
"河水的地方","0","2","2"
"水夹带泥沙","0","2","2"
"建立碱水闸","0","2","2"
"于是命令施","0","2","2"
"是命令施行","0","2","2"
"当修筑堤堰","0","2","2"
"修筑堤堰来","0","2","2"
"筑堤堰来防","0","2","2"
"堤堰来防止","0","2","2"
"黄河又在邳","0","2","2"
"河又在邳州","0","2","2"
"河工程完成","0","2","2"
"修筑茶城到","0","2","2"
"应当防备黄","0","2","2"
"当防备黄河","0","2","2"
"防备黄河决","0","2","2"
"备黄河决口","0","2","2"
"河决口而流","0","2","2"
"用来防备黄","0","2","2"
"来防备黄河","0","2","2"
"防备黄河水","0","2","2"
"备黄河水的","0","2","2"
"黄河水的流","0","2","2"
"正河就一定","0","2","2"
"河就一定会","0","2","2"
"的祸患就在","0","2","2"
"祸患就在这","0","2","2"
"患就在这里","0","2","2"
"就与没有湖","0","2","2"
"建立减水闸","0","2","2"
"退落就关闭","0","2","2"
"那么水势就","0","2","2"
"后来黄河水","0","2","2"
"来黄河水上","0","2","2"
"黄河水上涨","0","2","2"
"于新开通的","0","2","2"
"新开通的河","0","2","2"
"二河的淤塞","0","2","2"
"漕运船只直","0","2","2"
"回复可以施","0","2","2"
"复可以施行","0","2","2"
"通洳河来避","0","2","2"
"洳河来避开","0","2","2"
"河来避开黄","0","2","2"
"河淤塞就通","0","2","2"
"淤塞就通行","0","2","2"
"塞就通行于","0","2","2"
"工程还没有","0","2","2"
"郎昊桂芳说","0","2","2"
"遵照弘治年","0","2","2"
"能通行船只","0","2","2"
"恢复安山湖","0","2","2"
"分流黄河导","0","2","2"
"流黄河导引","0","2","2"
"黄河导引淮","0","2","2"
"河导引淮河","0","2","2"
"入海的水路","0","2","2"
"风浪的危险","0","2","2"
"河来补济它","0","2","2"
"十里建立一","0","2","2"
"打开洳河坝","0","2","2"
"打开召公坝","0","2","2"
"船及官船民","0","2","2"
"北到达卫水","0","2","2"
"来拯济运道","0","2","2"
"运输船只全","0","2","2"
"往东到达宿","0","2","2"
"东到达宿迁","0","2","2"
"险阻的忧虑","0","2","2"
"利与害各占","0","2","2"
"与害各占一","0","2","2"
"害各占一半","0","2","2"
"求赶快疏通","0","2","2"
"又上奏疏通","0","2","2"
"患日益增多","0","2","2"
"延绥四个镇","0","2","2"
"百二十九个","0","2","2"
"营州五个屯","0","2","2"
"州五个屯卫","0","2","2"
"土地可以耕","0","2","2"
"地可以耕种","0","2","2"
"兵官谭广说","0","2","2"
"百五十多里","0","2","2"
"国公朱勇的","0","2","2"
"差不多在情","0","2","2"
"敌人入侵的","0","2","2"
"每年九月到","0","2","2"
"四十多里而","0","2","2"
"武宗喜好武","0","2","2"
"宗喜好武功","0","2","2"
"运输粮食到","0","2","2"
"经过中北路","0","2","2"
"到达东路的","0","2","2"
"险要之地在","0","2","2"
"据险要地势","0","2","2"
"罪流放的人","0","2","2"
"番戍守的军","0","2","2"
"轮番戍守军","0","2","2"
"分头率领三","0","2","2"
"又二千里抵","0","2","2"
"二千里抵达","0","2","2"
"靖海侯昊祯","0","2","2"
"没有战事时","0","2","2"
"后来依从山","0","2","2"
"敌人不能侵","0","2","2"
"人不能侵犯","0","2","2"
"部依从他的","0","2","2"
"水上防御从","0","2","2"
"相接应援助","0","2","2"
"在天津设置","0","2","2"
"面的敌寇则","0","2","2"
"的敌寇则从","0","2","2"
"贩卖私盐的","0","2","2"
"卖私盐的人","0","2","2"
"担任操江都","0","2","2"
"任操江都督","0","2","2"
"都御史昊时","0","2","2"
"御史昊时来","0","2","2"
"的人又请求","0","2","2"
"游排列五座","0","2","2"
"排列五座军","0","2","2"
"列五座军营","0","2","2"
"位兵备大臣","0","2","2"
"没有实际作","0","2","2"
"有实际作用","0","2","2"
"服役的壮丁","0","2","2"
"西北各边招","0","2","2"
"北各边招募","0","2","2"
"军原来数额","0","2","2"
"书杨博请求","0","2","2"
"请求淘汰年","0","2","2"
"求淘汰年老","0","2","2"
"淘汰年老体","0","2","2"
"汰年老体弱","0","2","2"
"体弱的士兵","0","2","2"
"三人登记一","0","2","2"
"人登记一个","0","2","2"
"县可以得到","0","2","2"
"可以得到一","0","2","2"
"以得到一千","0","2","2"
"不便利的地","0","2","2"
"达到一百步","0","2","2"
"周密地谋划","0","2","2"
"导引淮水流","0","2","2"
"引淮水流入","0","2","2"
"搁置下来了","0","2","2"
"水发生祸害","0","2","2"
"发生祸害因","0","2","2"
"生祸害因而","0","2","2"
"也发生祸害","0","2","2"
"没有地方流","0","2","2"
"遣给事中张","0","2","2"
"议论的人多","0","2","2"
"论的人多请","0","2","2"
"的人多请求","0","2","2"
"逐渐被堵塞","0","2","2"
"又请求开通","0","2","2"
"请求开通高","0","2","2"
"开黄河的危","0","2","2"
"黄河的危险","0","2","2"
"在邳州决堤","0","2","2"
"的困难就可","0","2","2"
"困难就可以","0","2","2"
"难就可以避","0","2","2"
"深浅不一致","0","2","2"
"来完成洳河","0","2","2"
"运输船只就","0","2","2"
"来排放湖水","0","2","2"
"来畅通漕运","0","2","2"
"来接通洳口","0","2","2"
"导引湖水灌","0","2","2"
"湖水灌注其","0","2","2"
"以北的地方","0","2","2"
"又主张开通","0","2","2"
"请求专门委","0","2","2"
"求专门委任","0","2","2"
"完成这件事","0","2","2"
"运河不凭借","0","2","2"
"河不凭借黄","0","2","2"
"运粮船只经","0","2","2"
"许他的主张","0","2","2"
"洳河工程没","0","2","2"
"河工程没有","0","2","2"
"舍弃洳河经","0","2","2"
"弃洳河经由","0","2","2"
"洳河经由黄","0","2","2"
"河经由黄河","0","2","2"
"百六十多里","0","2","2"
"带泥沙而来","0","2","2"
"总合起来计","0","2","2"
"合起来计算","0","2","2"
"偃月形河道","0","2","2"
"处建立闸门","0","2","2"
"北到达天津","0","2","2"
"排放河水流","0","2","2"
"放河水流入","0","2","2"
"张秋的溃决","0","2","2"
"三十里进入","0","2","2"
"往东北流入","0","2","2"
"东北流入大","0","2","2"
"北流入大海","0","2","2"
"可以防备旱","0","2","2"
"防备旱涝灾","0","2","2"
"备旱涝灾害","0","2","2"
"侍郎王佐说","0","2","2"
"而没有施行","0","2","2"
"溃决堤岸的","0","2","2"
"兵士和百姓","0","2","2"
"贺家口决堤","0","2","2"
"演决的堤岸","0","2","2"
"滏阳河一起","0","2","2"
"阳河一起泛","0","2","2"
"和百姓进行","0","2","2"
"水一起泛滥","0","2","2"
"筑堤防备它","0","2","2"
"入卫河的河","0","2","2"
"卫河的河道","0","2","2"
"河的河道渐","0","2","2"
"的河道渐渐","0","2","2"
"一起下交督","0","2","2"
"两次溃决两","0","2","2"
"次溃决两次","0","2","2"
"溃决两次修","0","2","2"
"决两次修筑","0","2","2"
"沁水在马曲","0","2","2"
"水在马曲湾","0","2","2"
"在马曲湾决","0","2","2"
"马曲湾决堤","0","2","2"
"应当派遣官","0","2","2"
"当派遣官吏","0","2","2"
"二十天就可","0","2","2"
"十天就可以","0","2","2"
"天就可以到","0","2","2"
"溃决堤岸五","0","2","2"
"张鼐的主张","0","2","2"
"主张开通新","0","2","2"
"主张最终没","0","2","2"
"张最终没有","0","2","2"
"修筑坚固的","0","2","2"
"筑坚固的堤","0","2","2"
"田地全被淹","0","2","2"
"田地一百多","0","2","2"
"地势平坦宽","0","2","2"
"势平坦宽广","0","2","2"
"遇到大雨就","0","2","2"
"三干九百多","0","2","2"
"干九百多丈","0","2","2"
"如原先那样","0","2","2"
"都汇合于此","0","2","2"
"其中之一往","0","2","2"
"泛滥危害庄","0","2","2"
"滥危害庄稼","0","2","2"
"狼窝口决堤","0","2","2"
"疏浚淤塞河","0","2","2"
"浚淤塞河道","0","2","2"
"总河王以旃","0","2","2"
"的地方只有","0","2","2"
"会同山东巡","0","2","2"
"同山东巡抚","0","2","2"
"事中李贵和","0","2","2"
"沉没的灾难","0","2","2"
"疏通的占十","0","2","2"
"海运的便利","0","2","2"
"泥沙淤积很","0","2","2"
"阻隔泥沙的","0","2","2"
"隔泥沙的主","0","2","2"
"泥沙的主张","0","2","2"
"往下挖全是","0","2","2"
"都没有施行","0","2","2"
"不过这祇是","0","2","2"
"过这祇是权","0","2","2"
"这祇是权宜","0","2","2"
"祇是权宜之","0","2","2"
"并非以此为","0","2","2"
"非以此为法","0","2","2"
"以此为法则","0","2","2"
"每十下为一","0","2","2"
"十下为一等","0","2","2"
"下为一等相","0","2","2"
"一等相加减","0","2","2"
"离乡一千里","0","2","2"
"殴打或杀害","0","2","2"
"赎罪条例判","0","2","2"
"百六十日计","0","2","2"
"六十日计算","0","2","2"
"交银子赎罪","0","2","2"
"犯罪三次的","0","2","2"
"嘉靖元年以","0","2","2"
"十三年以后","0","2","2"
"法律判处绞","0","2","2"
"律判处绞刑","0","2","2"
"记下所犯的","0","2","2"
"下所犯的罪","0","2","2"
"凡是七十岁","0","2","2"
"是七十岁以","0","2","2"
"五岁以下和","0","2","2"
"岁以下和残","0","2","2"
"以下和残疾","0","2","2"
"北方边防卫","0","2","2"
"方边防卫所","0","2","2"
"制定法律时","0","2","2"
"在右臂上刺","0","2","2"
"右臂上刺字","0","2","2"
"臂刺字遇赦","0","2","2"
"遇赦再犯者","0","2","2"
"带来的其前","0","2","2"
"来的其前夫","0","2","2"
"犯苦役和流","0","2","2"
"笞刑和杖刑","0","2","2"
"者判杖刑一","0","2","2"
"判杖刑一百","0","2","2"
"自己的妻子","0","2","2"
"不得蓄养奴","0","2","2"
"得蓄养奴婢","0","2","2"
"充军的条例","0","2","2"
"对伪造公章","0","2","2"
"伪造公章的","0","2","2"
"再次犯此罪","0","2","2"
"出手打人的","0","2","2"
"按条例赎罪","0","2","2"
"杖刑以上的","0","2","2"
"文官和吏役","0","2","2"
"罚金赎罪的","0","2","2"
"死罪交六千","0","2","2"
"罪交六千贯","0","2","2"
"杖刑和笞刑","0","2","2"
"无力交纳的","0","2","2"
"力交纳的发","0","2","2"
"交纳的发配","0","2","2"
"纳的发配天","0","2","2"
"的发配天寿","0","2","2"
"发配天寿山","0","2","2"
"配天寿山种","0","2","2"
"笞刑杖刑的","0","2","2"
"苦役流放各","0","2","2"
"有财力的女","0","2","2"
"财力的女犯","0","2","2"
"交银钞二千","0","2","2"
"银钞二千二","0","2","2"
"应交银钞二","0","2","2"
"法律交赎金","0","2","2"
"律交赎金的","0","2","2"
"钱和银钞兼","0","2","2"
"和银钞兼收","0","2","2"
"其钞二百贯","0","2","2"
"钞二百贯折","0","2","2"
"二百贯折合","0","2","2"
"百贯折合银","0","2","2"
"贯折合银了","0","2","2"
"折合银了一","0","2","2"
"合银了一钱","0","2","2"
"收宝钞一千","0","2","2"
"宝钞一千一","0","2","2"
"收铜钱三百","0","2","2"
"铜钱三百五","0","2","2"
"其钞二千二","0","2","2"
"合银子一雨","0","2","2"
"和例钞折合","0","2","2"
"例钞折合银","0","2","2"
"折合银子相","0","2","2"
"合银子相比","0","2","2"
"则折合银子","0","2","2"
"折合银子七","0","2","2"
"银子七厘五","0","2","2"
"子七厘五毫","0","2","2"
"稍有财力二","0","2","2"
"稍有财力者","0","2","2"
"难以如实行","0","2","2"
"以如实行刑","0","2","2"
"实行刑的人","0","2","2"
"折合收银子","0","2","2"
"事情败露时","0","2","2"
"情败露时已","0","2","2"
"如因诬告罪","0","2","2"
"因诬告罪判","0","2","2"
"诬告罪判杖","0","2","2"
"告罪判杖刑","0","2","2"
"罪判杖刑六","0","2","2"
"这部分赎金","0","2","2"
"年的罪未处","0","2","2"
"的罪未处罚","0","2","2"
"所犯的苦役","0","2","2"
"纳金赎罪剩","0","2","2"
"金赎罪剩下","0","2","2"
"赎罪剩下的","0","2","2"
"流放与杂犯","0","2","2"
"放与杂犯死","0","2","2"
"与杂犯死罪","0","2","2"
"即当时的六","0","2","2"
"后来的条例","0","2","2"
"就是法律上","0","2","2"
"是法律上的","0","2","2"
"法律上的八","0","2","2"
"律上的八千","0","2","2"
"上的八千两","0","2","2"
"稍有财力两","0","2","2"
"应当充军的","0","2","2"
"实犯死罪而","0","2","2"
"有人请求开","0","2","2"
"最终没有实","0","2","2"
"漕运之船从","0","2","2"
"百姓的请求","0","2","2"
"白塔河的大","0","2","2"
"塔河的大桥","0","2","2"
"河的大桥闸","0","2","2"
"运船只全部","0","2","2"
"只全部经由","0","2","2"
"人请求开通","0","2","2"
"导引长江水","0","2","2"
"三年进行一","0","2","2"
"只有二百余","0","2","2"
"有二百余里","0","2","2"
"有被淹没的","0","2","2"
"被淹没的灾","0","2","2"
"淹没的灾难","0","2","2"
"八十四溪的","0","2","2"
"十四溪的水","0","2","2"
"保存其原来","0","2","2"
"存其原来的","0","2","2"
"处工程一起","0","2","2"
"漕运船只出","0","2","2"
"陈祚的请求","0","2","2"
"连接长江河","0","2","2"
"接长江河港","0","2","2"
"长江河港的","0","2","2"
"修建闸门蓄","0","2","2"
"建闸门蓄积","0","2","2"
"来灌溉百姓","0","2","2"
"漕运船只逐","0","2","2"
"运船只逐渐","0","2","2"
"源出于河南","0","2","2"
"出于河南辉","0","2","2"
"于河南辉县","0","2","2"
"金水河流出","0","2","2"
"口来排放河","0","2","2"
"大通桥到通","0","2","2"
"通桥到通州","0","2","2"
"有势的人所","0","2","2"
"专门管理这","0","2","2"
"门管理这件","0","2","2"
"运送军粮三","0","2","2"
"送军粮三万","0","2","2"
"军粮三万石","0","2","2"
"粮三万石到","0","2","2"
"年疏通一次","0","2","2"
"把它作为常","0","2","2"
"它作为常规","0","2","2"
"靠近海边的","0","2","2"
"一部分经由","0","2","2"
"运比起陆运","0","2","2"
"减省十分之","0","2","2"
"往东北经过","0","2","2"
"全都经过海","0","2","2"
"都经过海面","0","2","2"
"京城的卫所","0","2","2"
"士兵与将领","0","2","2"
"兵与将领互","0","2","2"
"与将领互相","0","2","2"
"流窜的强盗","0","2","2"
"城内外设置","0","2","2"
"的军队轮番","0","2","2"
"轮番到京城","0","2","2"
"一司掌管大","0","2","2"
"司掌管大驾","0","2","2"
"器物当值官","0","2","2"
"物当值官军","0","2","2"
"执掌号头官","0","2","2"
"号头官二名","0","2","2"
"设坐营内臣","0","2","2"
"三大营的制","0","2","2"
"大营的制度","0","2","2"
"朱勇的意见","0","2","2"
"个营进行操","0","2","2"
"用宦官监督","0","2","2"
"它们的名称","0","2","2"
"三天演习武","0","2","2"
"天演习武艺","0","2","2"
"有三十八万","0","2","2"
"三十八万多","0","2","2"
"然而实有人","0","2","2"
"而实有人数","0","2","2"
"廷大臣的意","0","2","2"
"李承勋请求","0","2","2"
"备文向上陈","0","2","2"
"现有的士兵","0","2","2"
"是因为占用","0","2","2"
"占用士兵服","0","2","2"
"士兵服工役","0","2","2"
"贵族有钱子","0","2","2"
"族有钱子弟","0","2","2"
"认为他的意","0","2","2"
"为他的意见","0","2","2"
"依从兵部的","0","2","2"
"营归并入左","0","2","2"
"归并入左右","0","2","2"
"个营的士兵","0","2","2"
"各统兵六千","0","2","2"
"各统兵三千","0","2","2"
"士兵六万八","0","2","2"
"备文上书陈","0","2","2"
"习惯于苟且","0","2","2"
"由来已久的","0","2","2"
"来已久的弊","0","2","2"
"出钱雇人顶","0","2","2"
"钱雇人顶替","0","2","2"
"雇人顶替的","0","2","2"
"流窜的贼寇","0","2","2"
"在南方的各","0","2","2"
"仍旧命令守","0","2","2"
"写定著录为","0","2","2"
"定著录为法","0","2","2"
"保护帝王的","0","2","2"
"护帝王的墓","0","2","2"
"然而不能革","0","2","2"
"而不能革除","0","2","2"
"不能革除这","0","2","2"
"能革除这些","0","2","2"
"门的戒备防","0","2","2"
"华门左右两","0","2","2"
"隶属御马监","0","2","2"
"夜里巡逻的","0","2","2"
"里巡逻的士","0","2","2"
"侍郎专门督","0","2","2"
"以垛兵法征","0","2","2"
"垛兵法征兵","0","2","2"
"兵法征兵的","0","2","2"
"军户没有后","0","2","2"
"户没有后代","0","2","2"
"设置军籍验","0","2","2"
"置军籍验对","0","2","2"
"军籍验对符","0","2","2"
"籍验对符契","0","2","2"
"部尚书张本","0","2","2"
"于是分别派","0","2","2"
"是分别派遣","0","2","2"
"军队的官员","0","2","2"
"补充军役的","0","2","2"
"勾取征集的","0","2","2"
"兵必须善于","0","2","2"
"处能够射到","0","2","2"
"用脚踏强弩","0","2","2"
"脚踏强弩要","0","2","2"
"踏强弩要求","0","2","2"
"下的官员带","0","2","2"
"的官员带领","0","2","2"
"余的依次轮","0","2","2"
"的都司卫所","0","2","2"
"赶赴京城检","0","2","2"
"上不合格的","0","2","2"
"教习训练的","0","2","2"
"最后是训练","0","2","2"
"不预先设令","0","2","2"
"杀将领夺取","0","2","2"
"将领夺取敌","0","2","2"
"领夺取敌旗","0","2","2"
"夺取敌旗的","0","2","2"
"击败寇贼的","0","2","2"
"北方边境为","0","2","2"
"东北方边境","0","2","2"
"斩杀一名敌","0","2","2"
"杀一名敌人","0","2","2"
"二个人共同","0","2","2"
"个人共同斩","0","2","2"
"的进升一级","0","2","2"
"三人共同斩","0","2","2"
"的酌情奖赏","0","2","2"
"一级赏赐白","0","2","2"
"级赏赐白银","0","2","2"
"赏赐白银五","0","2","2"
"赐白银五十","0","2","2"
"北方边境相","0","2","2"
"方边境相同","0","2","2"
"人进升一级","0","2","2"
"没有达到数","0","2","2"
"总率领五百","0","2","2"
"领五百人的","0","2","2"
"杀敌人三十","0","2","2"
"敌人三十名","0","2","2"
"都进升一级","0","2","2"
"功绩加倍赏","0","2","2"
"绩加倍赏赐","0","2","2"
"实授官职一","0","2","2"
"授官职一级","0","2","2"
"授署职一级","0","2","2"
"来抵御敌兵","0","2","2"
"都御史汪铉","0","2","2"
"的制造方法","0","2","2"
"程达到一百","0","2","2"
"弹发射射程","0","2","2"
"发射射程达","0","2","2"
"射射程达到","0","2","2"
"攻装备的战","0","2","2"
"装备的战车","0","2","2"
"特别详细记","0","2","2"
"别详细记载","0","2","2"
"种作战方式","0","2","2"
"从来没有用","0","2","2"
"的制造方式","0","2","2"
"方则有直隶","0","2","2"
"令百姓饲养","0","2","2"
"五丁养一匹","0","2","2"
"令百姓养马","0","2","2"
"团营骑兵操","0","2","2"
"营骑兵操练","0","2","2"
"改为征收银","0","2","2"
"为征收银两","0","2","2"
"两年征收一","0","2","2"
"边境要塞重","0","2","2"
"境要塞重镇","0","2","2"
"马匹逐日减","0","2","2"
"匹逐日减少","0","2","2"
"太仆寺买马","0","2","2"
"等到杨一清","0","2","2"
"不过交纳白","0","2","2"
"过交纳白银","0","2","2"
"请求给予马","0","2","2"
"求给予马匹","0","2","2"
"调发太仆寺","0","2","2"
"发太仆寺白","0","2","2"
"太仆寺白银","0","2","2"
"种马全部卖","0","2","2"
"马全部卖出","0","2","2"
"借支太仆寺","0","2","2"
"有十余万两","0","2","2"
"河一百三十","0","2","2"
"止私自贩卖","0","2","2"
"一百一十二","0","2","2"
"贬谪调发的","0","2","2"
"护卫为亲军","0","2","2"
"依从平江伯","0","2","2"
"从平江伯陈","0","2","2"
"卫后为营州","0","2","2"
"营州中护卫","0","2","2"
"调回的军队","0","2","2"
"操练的军队","0","2","2"
"练的军队都","0","2","2"
"十余万两银","0","2","2"
"中王道成则","0","2","2"
"的军队很多","0","2","2"
"军队很多是","0","2","2"
"有行军粮饷","0","2","2"
"和州铜城堰","0","2","2"
"铜城堰闸门","0","2","2"
"并且疏浚海","0","2","2"
"且疏浚海盐","0","2","2"
"疏浚海盐澉","0","2","2"
"修筑海盐海","0","2","2"
"沿海堤防四","0","2","2"
"海堤防四千","0","2","2"
"四千三百多","0","2","2"
"千三百多丈","0","2","2"
"命令耿炳文","0","2","2"
"溃塌的堤岸","0","2","2"
"命令夏原吉","0","2","2"
"是原来的娄","0","2","2"
"原来的娄江","0","2","2"
"径直流入大","0","2","2"
"江流入大海","0","2","2"
"州民工协助","0","2","2"
"民工协助修","0","2","2"
"工协助修筑","0","2","2"
"和州百姓说","0","2","2"
"通到扬子江","0","2","2"
"处溃决堤岸","0","2","2"
"灌溉田地五","0","2","2"
"溉田地五百","0","2","2"
"田地五百多","0","2","2"
"地五百多顷","0","2","2"
"千四百多丈","0","2","2"
"河口溃决堤","0","2","2"
"灌溉田地二","0","2","2"
"洪水冲决堤","0","2","2"
"抵御潮水的","0","2","2"
"御潮水的堤","0","2","2"
"潮水的堤岸","0","2","2"
"溃决堤岸一","0","2","2"
"决堤岸一百","0","2","2"
"堤岸一百三","0","2","2"
"岸一百三十","0","2","2"
"道建立闸门","0","2","2"
"淹没百姓田","0","2","2"
"没百姓田地","0","2","2"
"差不多就没","0","2","2"
"不多就没有","0","2","2"
"流冲破堤防","0","2","2"
"应当兴建的","0","2","2"
"水泛滥堤岸","0","2","2"
"官府和百姓","0","2","2"
"府和百姓的","0","2","2"
"和百姓的田","0","2","2"
"被潮水冲破","0","2","2"
"近长江的溃","0","2","2"
"千三百多顷","0","2","2"
"开通水渠灌","0","2","2"
"请派遣役夫","0","2","2"
"派遣役夫疏","0","2","2"
"雨河水泛滥","0","2","2"
"河堤溃决闸","0","2","2"
"堤溃决闸门","0","2","2"
"溃决闸门毁","0","2","2"
"决闸门毁坏","0","2","2"
"大都被淤塞","0","2","2"
"渠灌溉田地","0","2","2"
"最低下的地","0","2","2"
"低下的地方","0","2","2"
"导引太湖水","0","2","2"
"太湖水流入","0","2","2"
"湖水流入大","0","2","2"
"淤积成的滩","0","2","2"
"积成的滩地","0","2","2"
"堆积泥土成","0","2","2"
"积泥土成为","0","2","2"
"疏通昊江长","0","2","2"
"通昊江长桥","0","2","2"
"又开通昊淞","0","2","2"
"趟屯等沟渠","0","2","2"
"淤积的泥沙","0","2","2"
"之水使到达","0","2","2"
"水使到达大","0","2","2"
"的水都有地","0","2","2"
"水都有地方","0","2","2"
"有地方归依","0","2","2"
"发生也用不","0","2","2"
"生也用不着","0","2","2"
"也用不着忧","0","2","2"
"用不着忧虑","0","2","2"
"不着忧虑了","0","2","2"
"塘以便灌溉","0","2","2"
"昊水利工程","0","2","2"
"则河渠之水","0","2","2"
"河渠之水逆","0","2","2"
"渠之水逆流","0","2","2"
"之水逆流于","0","2","2"
"水逆流于田","0","2","2"
"逆流于田问","0","2","2"
"冲击侵蚀造","0","2","2"
"击侵蚀造成","0","2","2"
"侵蚀造成灾","0","2","2"
"蚀造成灾难","0","2","2"
"万四千多丈","0","2","2"
"又有新洋江","0","2","2"
"引水灌溉田","0","2","2"
"求疏通昊淞","0","2","2"
"河两岸而下","0","2","2"
"两岸而下到","0","2","2"
"这是不便利","0","2","2"
"是不便利之","0","2","2"
"阳湖宽只有","0","2","2"
"军开荒耕种","0","2","2"
"种植的方法","0","2","2"
"一是官府种","0","2","2"
"是官府种植","0","2","2"
"收入的十分","0","2","2"
"入的十分之","0","2","2"
"江苏无锡人","0","2","2"
"部堂上官各","0","2","2"
"守坟户一百","0","2","2"
"直隶在二十","0","2","2"
"妾某氏等人","0","2","2"
"祭祀其国山","0","2","2"
"祀其国山川","0","2","2"
"为鉴察司民","0","2","2"
"河南遭旱灾","0","2","2"
"夏季遭旱灾","0","2","2"
"兖州同日发","0","2","2"
"五总兵各练","0","2","2"
"得六十度八","0","2","2"
"大营设坐营","0","2","2"
"营设坐营官","0","2","2"
