"N-gram","原文","翻译","Total"
"文渊阁大学士","54","57","111"
"大祀天地南郊","88","0","88"
"参与机要事务","0","83","83"
"武英殿大学士","36","38","74"
"为右佥都御史","0","67","67"
"洪武二十六年","24","38","62"
"南京兵部尚书","26","28","54"
"兼东阁大学士","0","54","54"
"擢右佥都御史","51","0","51"
"为右副都御史","0","51","51"
"南京吏部尚书","21","24","45"
"为兵部右侍郎","0","45","45"
"南京礼部尚书","22","22","44"
"南京户部尚书","20","21","41"
"尚书东阁大学","38","1","39"
"书东阁大学士","38","1","39"
"群臣修身反省","0","39","39"
"部尚书东阁大","37","1","38"
"京城发生地震","0","37","37"
"升为都督佥事","0","35","35"
"大学士申时行","17","17","34"
"大学士张居正","16","18","34"
"为礼部右侍郎","0","34","34"
"尚书兼东阁大","0","33","33"
"书兼东阁大学","0","33","33"
"礼部尚书东阁","31","1","32"
"封为太子太保","0","32","32"
"部尚书兼东阁","0","32","32"
"兼文渊阁大学","0","32","32"
"华盖殿大学士","15","16","31"
"乌斯藏入朝进","0","31","31"
"斯藏入朝进贡","0","31","31"
"升为都督同知","0","31","31"
"出身各有差别","0","31","31"
"派使者向朝廷","0","30","30"
"右佥都御史巡","21","8","29"
"佥都御史巡抚","23","6","29"
"加封为太子太","0","29","29"
"为礼部尚书兼","0","29","29"
"给予世袭的凭","0","29","29"
"予世袭的凭证","0","29","29"
"南京右都御史","14","14","28"
"万历二十九年","7","21","28"
"任右佥都御史","0","28","28"
"封为太子少保","0","28","28"
"万历二十六年","7","20","27"
"侍郎右佥都御","27","0","27"
"郎右佥都御史","27","0","27"
"洪武二十四年","11","16","27"
"万历四十一年","9","18","27"
"禄一千五百石","6","21","27"
"祭天地于南郊","0","27","27"
"嘉靖二十六年","12","14","26"
"推诚宣力武臣","13","13","26"
"万历二十五年","8","18","26"
"兼右佥都御史","0","26","26"
"礼部尚书兼东","0","26","26"
"大祭天地于南","0","26","26"
"锦衣卫指挥使","9","16","25"
"南京工部尚书","12","13","25"
"南京兵部主事","11","14","25"
"升为右佥都御","0","25","25"
"任右副都御史","0","25","25"
"进升为都指挥","0","25","25"
"兵部右侍郎兼","0","25","25"
"大祭天地于京","0","25","25"
"万历三十八年","7","17","24"
"中极殿大学士","12","12","24"
"嘉靖四十四年","7","17","24"
"嘉靖四十一年","9","15","24"
"江夏侯周德兴","12","12","24"
"大学士叶向高","12","12","24"
"进右副都御史","24","0","24"
"为都指挥同知","0","24","24"
"侍郎兼右佥都","0","24","24"
"郎兼右佥都御","0","24","24"
"南郊大祭天地","0","24","24"
"兵部右侍郎右","23","0","23"
"部右侍郎右佥","23","0","23"
"右侍郎右佥都","23","0","23"
"南京兵部右侍","12","11","23"
"京兵部右侍郎","12","11","23"
"升为右都御史","0","23","23"
"部右侍郎兼右","0","23","23"
"阁参与机要事","0","23","23"
"嘉靖二十九年","8","14","22"
"擢右副都御史","22","0","22"
"曹国公李景隆","11","11","22"
"命令有关部门","0","22","22"
"命群臣修身反","0","22","22"
"南京发生地震","0","22","22"
"南京刑部尚书","11","10","21"
"卫亲军指挥使","10","11","21"
"十三年春正月","15","6","21"
"擢礼部右侍郎","21","0","21"
"军民宣慰使司","8","13","21"
"大学士杨士奇","10","11","21"
"升为右副都御","0","21","21"
"为都指挥佥事","0","21","21"
"加封太子太保","0","21","21"
"为左副都御史","0","21","21"
"陕西三边军务","12","8","20"
"大都督府佥事","10","10","20"
"亲军指挥使司","10","10","20"
"颍国公傅友德","8","12","20"
"署都指挥佥事","17","3","20"
"食禄一千五百","4","16","20"
"参与军国大事","0","20","20"
"加封为太子少","0","20","20"
"被加封为太子","0","20","20"
"右侍郎兼右佥","0","20","20"
"大学士李东阳","11","8","19"
"十二年春正月","16","3","19"
"万历二十二年","4","15","19"
"锦衣卫指挥佥","8","11","19"
"衣卫指挥佥事","8","11","19"
"副都御史巡抚","16","3","19"
"大学士杨一清","9","10","19"
"万历四十七年","8","11","19"
"部尚书孙丕扬","9","10","19"
"洪武二十三年","7","12","19"
"洪武二十五年","6","13","19"
"万历二十三年","6","13","19"
"少傅兼太子太","0","19","19"
"任兵部右侍郎","0","19","19"
"忠顺王的母亲","0","19","19"
"年正月十三日","0","19","19"
"出身各有不同","0","19","19"
"嘉靖三十八年","7","11","18"
"总督陕西三边","10","8","18"
"开国辅运推诚","9","9","18"
"洪武二十一年","6","12","18"
"部尚书马文升","9","9","18"
"谨身殿大学士","8","10","18"
"大学士赵志皋","8","10","18"
"南京礼部右侍","9","9","18"
"京礼部右侍郎","9","9","18"
"南京礼部主事","9","9","18"
"万历四十四年","7","11","18"
"右军都督佥事","9","9","18"
"守副总兵一人","9","9","18"
"十一年春正月","15","3","18"
"任礼部右侍郎","0","18","18"
"他的一个儿子","0","18","18"
"京师发生地震","0","18","18"
"使者向明朝廷","0","18","18"
"其中一人手持","0","18","18"
"中一人手持旗","0","18","18"
"旗下四人手持","0","18","18"
"遭受严重饥荒","0","18","18"
"四十一年进士","10","7","17"
"总督两广军务","9","8","17"
"督陕西三边军","9","8","17"
"少师太子太师","17","0","17"
"右副都御史巡","14","3","17"
"吏部尚书孙丕","8","9","17"
"南京太仆少卿","8","9","17"
"嘉靖二十三年","7","10","17"
"礼部尚书夏言","9","8","17"
"成化二十三年","8","9","17"
"十五年春正月","12","5","17"
"万历二十一年","1","16","17"
"纳了他的意见","0","17","17"
"以右佥都御史","0","17","17"
"傅兼太子太傅","0","17","17"
"魏忠贤的党羽","0","17","17"
"代理都督佥事","0","17","17"
"随从皇上北征","0","17","17"
"派使者向明朝","0","17","17"
"少傅太子太傅","16","0","16"
"万历十一年进","11","5","16"
"历十一年进士","11","5","16"
"国辅运推诚宣","8","8","16"
"辅运推诚宣力","8","8","16"
"运推诚宣力武","8","8","16"
"洪武二十八年","6","10","16"
"寿宁侯张鹤龄","8","8","16"
"长兴侯耿炳文","8","8","16"
"成国公朱希忠","8","8","16"
"兵部尚书张鹤","8","8","16"
"部尚书张鹤鸣","8","8","16"
"大学士沈一贯","8","8","16"
"南京工部右侍","8","8","16"
"京工部右侍郎","8","8","16"
"部尚书文渊阁","16","0","16"
"尚书文渊阁大","16","0","16"
"书文渊阁大学","16","0","16"
"禄二千五百石","8","8","16"
"二十二年六月","8","8","16"
"嘉靖三十三年","4","12","16"
"释奠先师孔子","16","0","16"
"嘉靖四十三年","6","10","16"
"少师兼太子太","0","16","16"
"师兼太子太师","0","16","16"
"升为都指挥同","0","16","16"
"加封他为太子","0","16","16"
"任吏部左侍郎","0","16","16"
"受封号的妇女","0","16","16"
"色服饰的甲士","0","16","16"
"三十八年进士","10","5","15"
"嘉靖三十五年","5","10","15"
"万历五年进士","11","4","15"
"嘉靖四十五年","6","9","15"
"都御史王廷相","7","8","15"
"特进光禄大夫","9","6","15"
"二十三年进士","9","6","15"
"进都指挥同知","15","0","15"
"副将军李文忠","6","9","15"
"十三年十一月","7","8","15"
"武二十六年定","14","1","15"
"万历三十五年","5","10","15"
"采纳了他的意","0","15","15"
"纳了他的建议","0","15","15"
"为征虏大将军","0","15","15"
"请求朝廷允许","0","15","15"
"升为礼部尚书","0","15","15"
"吏科都给事中","0","15","15"
"为吏部右侍郎","0","15","15"
"他为太子太保","0","15","15"
"尚书兼文渊阁","0","15","15"
"书兼文渊阁大","0","15","15"
"进升为都督同","0","15","15"
"张士诚的部队","0","15","15"
"将此上报朝廷","0","15","15"
"祭天地于京城","0","15","15"
"天地于京城南","0","15","15"
"军民指挥使司","6","8","14"
"四十四年进士","10","4","14"
"建极殿大学士","7","7","14"
"特进荣禄大夫","7","7","14"
"左春坊大学士","7","7","14"
"进兵部右侍郎","14","0","14"
"傅友德征云南","12","2","14"
"嘉靖三十四年","5","9","14"
"嘉靖四十二年","2","12","14"
"兵部尚书李承","7","7","14"
"部尚书李承勋","7","7","14"
"进都指挥佥事","14","0","14"
"部尚书王永光","7","7","14"
"河南右布政使","7","7","14"
"右佥都御史代","10","4","14"
"户部尚书夏原","7","7","14"
"部尚书夏原吉","7","7","14"
"颍川侯傅友德","7","7","14"
"礼部尚书李时","7","7","14"
"行省平章政事","7","7","14"
"行省参知政事","7","7","14"
"爱猷识理达腊","6","8","14"
"南京刑部主事","7","7","14"
"嘉靖三十七年","4","10","14"
"抹金铜鈒花叶","14","0","14"
"金铜鈒花叶片","14","0","14"
"铜鈒花叶片装","14","0","14"
"鈒花叶片装钉","14","0","14"
"万历三十二年","4","10","14"
"采纳了他的建","0","14","14"
"太祖十分高兴","0","14","14"
"脱古思帖木儿","0","14","14"
"兼任东阁大学","0","14","14"
"任东阁大学士","0","14","14"
"向朝廷献贡马","0","14","14"
"升为都指挥佥","0","14","14"
"升为都指挥使","0","14","14"
"任户部右侍郎","0","14","14"
"兼武英殿大学","0","14","14"
"部尚书兼文渊","0","14","14"
"服饰的甲士五","0","14","14"
"年正月十一日","0","14","14"
"文渊阁参与机","0","14","14"
"渊阁参与机要","0","14","14"
"地于京城南郊","0","14","14"
"十四年十二月","6","7","13"
"加少师太子太","13","0","13"
"南京吏部右侍","6","7","13"
"京吏部右侍郎","6","7","13"
"十三年十二月","6","7","13"
"二十一年正月","5","8","13"
"历四十一年进","7","6","13"
"二月二十四日","2","11","13"
"佩征夷将军印","7","6","13"
"十六年十一月","7","6","13"
"宗神主祔太庙","13","0","13"
"万历三十三年","1","12","13"
"兼右副都御史","0","13","13"
"俺答侵犯大同","0","13","13"
"发生严重饥荒","0","13","13"
"他们打得大败","0","13","13"
"他为礼部尚书","0","13","13"
"以右副都御史","0","13","13"
"弹劾吏部尚书","0","13","13"
"朝廷大臣讨论","0","13","13"
"理都指挥佥事","0","13","13"
"给予世袭凭证","0","13","13"
"使者向朝廷献","0","13","13"
"者向朝廷献贡","0","13","13"
"接引宾客的人","0","13","13"
"京运历年常规","0","13","13"
"运历年常规银","0","13","13"
"饰的甲士五人","0","13","13"
"进士及第以及","0","13","13"
"士及第以及其","0","13","13"
"及第以及其他","0","13","13"
"第以及其他不","0","13","13"
"以及其他不同","0","13","13"
"其他不同的出","0","13","13"
"他不同的出身","0","13","13"
"年正月十二日","0","13","13"
"祭奠先师孔子","0","13","13"
"河南受灾税粮","0","13","13"
"给予世袭诰券","0","13","13"
"二十六年进士","9","3","12"
"开平王常遇春","6","6","12"
"万历二十四年","2","10","12"
"兵部尚书王骥","6","6","12"
"南京礼部侍郎","6","6","12"
"大学士王锡爵","6","6","12"
"万历二年进士","7","5","12"
"兵部尚书杨嗣","6","6","12"
"部尚书杨嗣昌","6","6","12"
"万历二十七年","3","9","12"
"兵部尚书丁汝","6","6","12"
"部尚书丁汝夔","6","6","12"
"掌南京翰林院","9","3","12"
"南京工部主事","6","6","12"
"进左副都御史","12","0","12"
"进署都督同知","11","1","12"
"兵部尚书石星","6","6","12"
"部尚书黄克缵","6","6","12"
"都督府左都督","5","7","12"
"大学士张孚敬","6","6","12"
"三十八年四月","6","6","12"
"江西行省参政","6","6","12"
"左副将军李文","5","7","12"
"成化二十二年","5","7","12"
"二十五年二月","6","6","12"
"二十一年二月","6","6","12"
"协守副总兵一","6","6","12"
"云头连三钗一","6","6","12"
"礼部尚书崔亮","6","6","12"
"十六年春正月","9","3","12"
"延安侯唐胜宗","6","6","12"
"巡抚都御史李","6","6","12"
"万历二十八年","3","9","12"
"万历三十一年","2","10","12"
"朝廷大臣商议","0","12","12"
"认为他说得对","0","12","12"
"升为兵部尚书","0","12","12"
"任文渊阁大学","0","12","12"
"向朝廷贡献马","0","12","12"
"求朝廷允许他","0","12","12"
"大学士杨廷和","0","12","12"
"进升为都督佥","0","12","12"
"福王在南京即","0","12","12"
"王在南京即位","0","12","12"
"为左佥都御史","0","12","12"
"大学士方从哲","0","12","12"
"上书请求退休","0","12","12"
"升为礼部右侍","0","12","12"
"并被授予世袭","0","12","12"
"命令主管部门","0","12","12"
"为代理都指挥","0","12","12"
"组织训练的军","0","12","12"
"织训练的军队","0","12","12"
"有花纹的丝织","0","12","12"
"花纹的丝织品","0","12","12"
"角质材料装饰","0","12","12"
"二月二十三日","0","12","12"
"二月二十二日","0","12","12"
"在京城南郊大","0","12","12"
"京城南郊大祭","0","12","12"
"城南郊大祭天","0","12","12"
"嘉靖三十二年","5","6","11"
"隆庆二年进士","6","5","11"
"嘉靖二十五年","3","8","11"
"三十五年进士","8","3","11"
"佥大都督府事","7","4","11"
"南京刑部员外","5","6","11"
"京刑部员外郎","5","6","11"
"山东右布政使","5","6","11"
"曹国公李文忠","5","6","11"
"隆庆元年正月","5","6","11"
"都御史杨一清","6","5","11"
"兵部尚书王琼","5","6","11"
"擢署都督佥事","11","0","11"
"弘治十八年进","5","6","11"
"治十八年进士","5","6","11"
"礼部尚书文渊","11","0","11"
"南京国子祭酒","7","4","11"
"总督军务威武","6","5","11"
"督军务威武大","6","5","11"
"军务威武大将","6","5","11"
"务威武大将军","6","5","11"
"皇考恭穆献皇","5","6","11"
"考恭穆献皇帝","5","6","11"
"部尚书方献夫","6","5","11"
"二十六年十一","6","5","11"
"总兵官俞大猷","6","5","11"
"十九年春正月","8","3","11"
"十七年春正月","9","2","11"
"镇远侯顾兴祖","6","5","11"
"万历四十八年","3","8","11"
"京国子监祭酒","3","8","11"
"为锦衣卫指挥","0","11","11"
"为南京户部尚","0","11","11"
"为兵部尚书兼","0","11","11"
"刮大风降大雨","0","11","11"
"带着皇帝的敕","0","11","11"
"进锦衣卫监狱","0","11","11"
"进升为左都督","0","11","11"
"升为侍讲学士","0","11","11"
"采纳他的建议","0","11","11"
"都御史的身份","0","11","11"
"为南京吏部尚","0","11","11"
"朝廷追赠他为","0","11","11"
"把他们打得大","0","11","11"
"提升为右佥都","0","11","11"
"升为大都督府","0","11","11"
"赐给他尚方宝","0","11","11"
"给他尚方宝剑","0","11","11"
"升任右佥都御","0","11","11"
"上奏请求退休","0","11","11"
"升任右副都御","0","11","11"
"授予世袭凭证","0","11","11"
"从大将军徐达","0","11","11"
"当地组织训练","0","11","11"
"地组织训练的","0","11","11"
"历三十八年进","5","5","10"
"陕西提学副使","5","5","10"
"万历十七年进","5","5","10"
"历十七年进士","5","5","10"
"隆庆五年进士","8","2","10"
"大都督府副使","5","5","10"
"御史中丞刘基","6","4","10"
"景泰元年二月","5","5","10"
"嘉靖二十八年","3","7","10"
"二十二年正月","3","7","10"
"二十一年五月","5","5","10"
"韩国公李善长","5","5","10"
"山西提学副使","5","5","10"
"万历二十年进","6","4","10"
"历二十年进士","6","4","10"
"学士申时行等","5","5","10"
"吏部尚书赵南","5","5","10"
"部尚书赵南星","5","5","10"
"巡抚都御史王","5","5","10"
"吏部尚书杨一","5","5","10"
"部尚书杨一清","5","5","10"
"兵部尚书马文","5","5","10"
"嘉靖二十四年","2","8","10"
"礼部尚书徐阶","5","5","10"
"吏部尚书王永","5","5","10"
"授南京兵部主","6","4","10"
"诚意伯刘世延","5","5","10"
"刑部尚书王纪","5","5","10"
"都御史邹元标","5","5","10"
"刑部尚书黄克","5","5","10"
"兵部尚书赵锦","5","5","10"
"永乐二年进士","7","3","10"
"兵部职方主事","5","5","10"
"吏部尚书吴鹏","5","5","10"
"南京刑部右侍","5","5","10"
"京刑部右侍郎","5","5","10"
"吏部侍郎杨时","5","5","10"
"部侍郎杨时乔","5","5","10"
"西洋人利玛窦","5","5","10"
"南京刑部郎中","5","5","10"
"母章圣皇太后","5","5","10"
"礼部尚书吕震","5","5","10"
"总兵官戚继光","5","5","10"
"部尚书胡世宁","5","5","10"
"二十五年八月","5","5","10"
"食禄二千五百","3","7","10"
"嘉靖三十九年","2","8","10"
"巡抚都御史张","5","5","10"
"都御史马文升","5","5","10"
"吏部尚书蹇义","5","5","10"
"万历四十三年","1","9","10"
"总河副都御史","5","5","10"
"都御史翁大立","5","5","10"
"旗下四人执弩","10","0","10"
"永乐二十二年","2","8","10"
"十四年春正月","10","0","10"
"年春正月辛未","10","0","10"
"大学士孙承宗","5","5","10"
"都御史潘季驯","5","5","10"
"江西提学副使","5","5","10"
"万历三十四年","2","8","10"
"嘉靖二十一年","1","9","10"
"协律郎举麾奏","5","5","10"
"万历三十六年","1","9","10"
"从了他的意见","0","10","10"
"傅友德征讨云","0","10","10"
"友德征讨云南","0","10","10"
"河南发生蝗灾","0","10","10"
"哈密入朝进贡","0","10","10"
"升为太常少卿","0","10","10"
"所经过的地方","0","10","10"
"司礼监秉笔太","0","10","10"
"礼监秉笔太监","0","10","10"
"他的两个儿子","0","10","10"
"为代理都督佥","0","10","10"
"少保兼太子太","0","10","10"
"为工部右侍郎","0","10","10"
"升为左副都御","0","10","10"
"封他为太子太","0","10","10"
"为吏部左侍郎","0","10","10"
"加官太子太保","0","10","10"
"他为太子少保","0","10","10"
"推举内阁大臣","0","10","10"
"礼部尚书兼文","0","10","10"
"俺答侵犯宣府","0","10","10"
"这就是所说的","0","10","10"
"人向朝廷献贡","0","10","10"
"二十六年规定","0","10","10"
"升为代理都指","0","10","10"
"代理都指挥佥","0","10","10"
"百官穿着朝服","0","10","10"
"洪武三年制定","0","10","10"
"没有固定人数","0","10","10"
"下四人手持弩","0","10","10"
"黑色角质材料","0","10","10"
"色角质材料装","0","10","10"
"质材料装饰的","0","10","10"
"色绫罗嵌金线","0","10","10"
"年春正月二十","0","10","10"
"在南郊隆重祭","0","10","10"
"南郊隆重祭祀","0","10","10"
"郊隆重祭祀天","0","10","10"
"隆重祭祀天地","0","10","10"
"被下锦衣卫狱","0","10","10"
"入值文渊阁参","0","10","10"
"值文渊阁参与","0","10","10"
"江西受灾税粮","0","10","10"
"祭天地于京师","0","10","10"
"天地于京师南","0","10","10"
"地于京师南郊","0","10","10"
"同日发生地震","0","10","10"
"万历八年进士","5","4","9"
"加少傅太子太","9","0","9"
"嘉靖八年进士","4","5","9"
"军都督府佥事","5","4","9"
"运圣武神功纯","5","4","9"
"圣武神功纯仁","5","4","9"
"嘉靖三十六年","2","7","9"
"南京刑部侍郎","4","5","9"
"征南将军傅友","4","5","9"
"南将军傅友德","4","5","9"
"天全六番招讨","4","5","9"
"加少保太子太","9","0","9"
"大学士刘鸿训","5","4","9"
"都御史刘宗周","4","5","9"
"擢兵部右侍郎","9","0","9"
"天启元年四月","4","5","9"
"南京礼部郎中","4","5","9"
"迁礼部右侍郎","9","0","9"
"兵部尚书陈新","5","4","9"
"部尚书陈新甲","5","4","9"
"历四十四年进","6","3","9"
"翰林院庶吉士","4","5","9"
"恭顺侯吴继爵","5","4","9"
"吏部尚书杨博","4","5","9"
"广东右布政使","4","5","9"
"食禄千五百石","9","0","9"
"嘉靖五年进士","4","5","9"
"锦衣卫堂上官","5","4","9"
"二十三年正月","4","5","9"
"威武大将军总","5","4","9"
"武大将军总兵","5","4","9"
"大将军总兵官","5","4","9"
"嘉靖元年正月","4","5","9"
"播州宣慰使杨","4","5","9"
"二十六年正月","4","5","9"
"十二年十二月","5","4","9"
"行后军都督府","5","4","9"
"右都御史陈镒","4","5","9"
"免河南灾税粮","9","0","9"
"南京国子监祭","2","7","9"
"十二月十六日","2","7","9"
"坚持自己的意","0","9","9"
"持自己的意见","0","9","9"
"交给有关部门","0","9","9"
"皇帝没有答复","0","9","9"
"听从了他的意","0","9","9"
"听从他的意见","0","9","9"
"为少傅兼太子","0","9","9"
"乌斯藏前来朝","0","9","9"
"斯藏前来朝贡","0","9","9"
"陕西受灾税粮","0","9","9"
"庄烈帝即位后","0","9","9"
"向朝廷献贡物","0","9","9"
"多次发生地震","0","9","9"
"升为代理都督","0","9","9"
"他在任上去世","0","9","9"
"皇帝答应了他","0","9","9"
"皇帝下诏给他","0","9","9"
"向朝廷进献大","0","9","9"
"宣慰使的职务","0","9","9"
"的儿子严世蕃","0","9","9"
"兼任文渊阁大","0","9","9"
"升为吏部右侍","0","9","9"
"恢复了他的官","0","9","9"
"升为兵部右侍","0","9","9"
"提拔为右佥都","0","9","9"
"拔为右佥都御","0","9","9"
"升为太子太保","0","9","9"
"为兵部左侍郎","0","9","9"
"随大将军徐达","0","9","9"
"他为右佥都御","0","9","9"
"为礼部左侍郎","0","9","9"
"吏部左侍郎兼","0","9","9"
"赠封为太子少","0","9","9"
"詹事府的事务","0","9","9"
"八月二十八日","0","9","9"
"被授予世袭凭","0","9","9"
"善于安抚士卒","0","9","9"
"升为翰林学士","0","9","9"
"太祖高兴地说","0","9","9"
"派使者到朝廷","0","9","9"
"进升为右都督","0","9","9"
"提升为代理都","0","9","9"
"有品级的官员","0","9","9"
"停止上朝一天","0","9","9"
"命令主管官吏","0","9","9"
"传染病大流行","0","9","9"
"黄河在开封决","0","9","9"
"有云形图案的","0","9","9"
"珍珠翡翠装饰","0","9","9"
"口里衔着珍珠","0","9","9"
"武二十六年规","0","9","9"
"袖端衣边缘饰","0","9","9"
"及其他不同的","0","9","9"
"等人以进士及","0","9","9"
"人以进士及第","0","9","9"
"二月二十一日","0","9","9"
"十二月十三日","0","9","9"
"为进士及第以","0","9","9"
"等人为进士及","0","9","9"
"人为进士及第","0","9","9"
"令群臣修身反","0","9","9"
"湖广受灾税粮","0","9","9"
"都御史巡抚山","4","4","8"
"宣府游击将军","4","4","8"
"崇祯四年进士","4","4","8"
"陕西左布政使","4","4","8"
"三十二年进士","6","2","8"
"召兵部右侍郎","8","0","8"
"同知詹事院事","4","4","8"
"州卫指挥佥事","4","4","8"
"南京户部右侍","4","4","8"
"京户部右侍郎","4","4","8"
"南京吏部主事","4","4","8"
"弘治六年进士","5","3","8"
"五城兵马指挥","4","4","8"
"部尚书郑三俊","4","4","8"
"二十二年七月","4","4","8"
"二十二年春正","6","2","8"
"魏国公徐辉祖","4","4","8"
"尚书右副都御","8","0","8"
"书右副都御史","8","0","8"
"吏部尚书赵焕","4","4","8"
"兵部尚书吕维","4","4","8"
"部尚书吕维祺","4","4","8"
"吏部尚书王国","4","4","8"
"吏部尚书陆光","4","4","8"
"部尚书陆光祖","4","4","8"
"成国公朱勇等","4","4","8"
"户部尚书韩文","4","4","8"
"兵部尚书曹元","4","4","8"
"二十三年五月","4","4","8"
"吏部尚书许赞","4","4","8"
"刑部尚书乔允","4","4","8"
"部尚书乔允升","4","4","8"
"诚意伯刘孔昭","4","4","8"
"南京户部主事","4","4","8"
"天启元年六月","4","4","8"
"吏部尚书杨巍","4","4","8"
"二十三年九月","4","4","8"
"少保太子太保","8","0","8"
"崇祯七年进士","4","4","8"
"历四十七年进","5","3","8"
"四十七年进士","5","3","8"
"大将军徐达北","2","6","8"
"十一月十七日","1","7","8"
"进礼部右侍郎","8","0","8"
"事中欧阳一敬","4","4","8"
"侍郎东阁大学","8","0","8"
"郎东阁大学士","8","0","8"
"黔国公沐朝弼","4","4","8"
"锦衣卫指挥同","4","4","8"
"衣卫指挥同知","4","4","8"
"文华殿大学士","4","4","8"
"左都御史吴时","4","4","8"
"河南提学副使","4","4","8"
"二十二年三月","4","4","8"
"礼部侍郎郭正","4","4","8"
"部侍郎郭正域","4","4","8"
"辽东总兵官李","4","4","8"
"四十六年四月","4","4","8"
"十二月十一日","2","6","8"
"本生皇考恭穆","4","4","8"
"生皇考恭穆献","4","4","8"
"圣母章圣皇太","4","4","8"
"正德三年进士","5","3","8"
"驸马都尉崔元","4","4","8"
"二十四年八月","4","4","8"
"渊仁宽穆纯圣","4","4","8"
"奉天靖难推诚","4","4","8"
"军都督府左都","3","5","8"
"浙江左布政使","4","4","8"
"吏部尚书马文","4","4","8"
"吏部尚书方献","4","4","8"
"进署都指挥佥","8","0","8"
"刑部尚书胡世","4","4","8"
"礼部尚书严嵩","4","4","8"
"都御史鄢懋卿","4","4","8"
"二十一年三月","4","4","8"
"武卫指挥佥事","4","4","8"
"中丞蛮子海牙","4","4","8"
"子爱猷识理达","4","4","8"
"征西将军冯胜","4","4","8"
"建昌侯张延龄","4","4","8"
"授锦衣卫指挥","6","2","8"
"侍郎翰林学士","8","0","8"
"十三年四月戊","4","4","8"
"十三年四月壬","4","4","8"
"三十三年四月","4","4","8"
"十五年十二月","4","4","8"
"四十四年七月","4","4","8"
"二十三年十二","4","4","8"
"户部尚书赵世","5","3","8"
"部尚书赵世卿","5","3","8"
"南巡抚都御史","4","4","8"
"游击将军二人","4","4","8"
"坐营中军官一","4","4","8"
"营中军官一人","4","4","8"
"分守参将四人","4","4","8"
"兵部尚书梁廷","4","4","8"
"部尚书梁廷栋","4","4","8"
"十五年十一月","4","4","8"
"十八年六月丙","4","4","8"
"旗下四人执弓","8","0","8"
"下四人执弓箭","8","0","8"
"香草板十二片","4","4","8"
"金云头连三钗","4","4","8"
"直隶巡按御史","4","4","8"
"年春正月丙寅","8","0","8"
"十八年春正月","6","2","8"
"年春正月丙午","8","0","8"
"年春正月己卯","8","0","8"
"杀巡抚都御史","5","3","8"
"巡抚佥都御史","4","4","8"
"天地宗庙社稷","2","6","8"
"免湖广灾税粮","8","0","8"
"巡抚侍郎周忱","4","4","8"
"免陕西灾税粮","8","0","8"
"吏部尚书王直","4","4","8"
"户部尚书金濂","4","4","8"
"免南畿灾秋粮","8","0","8"
"永兴翼元帅府","4","4","8"
"禄一千二百石","1","7","8"
"总河都御史傅","4","4","8"
"河都御史傅希","4","4","8"
"都御史傅希挚","4","4","8"
"都御史李世达","4","4","8"
"嘉靖三十一年","2","6","8"
"万历四十六年","1","7","8"
"股五十六度零","5","3","8"
"五十六度零二","4","4","8"
"一万四千八百","4","4","8"
"万四千八百二","4","4","8"
"四千八百二十","4","4","8"
"千八百二十三","4","4","8"
"八百二十三度","4","4","8"
"百二十三度零","4","4","8"
"二十三度零六","4","4","8"
"总河都御史刘","4","4","8"
"钞二千二百五","4","4","8"
"二千二百五十","4","4","8"
"千二百五十贯","4","4","8"
"九月二十四日","1","7","8"
"皇上更加愤怒","0","8","8"
"交给司法部门","0","8","8"
"皇帝答复知道","0","8","8"
"帝答复知道了","0","8","8"
"接连上奏请求","0","8","8"
"外地调防的军","0","8","8"
"地调防的军队","0","8","8"
"撒马儿罕入朝","0","8","8"
"马儿罕入朝进","0","8","8"
"儿罕入朝进贡","0","8","8"
"瓦剌入朝进贡","0","8","8"
"尚书兼右副都","0","8","8"
"书兼右副都御","0","8","8"
"畿内受灾税粮","0","8","8"
"礼科都给事中","0","8","8"
"为锦衣卫千户","0","8","8"
"给事中惠世扬","0","8","8"
"来向朝廷献贡","0","8","8"
"朝廷贡献马匹","0","8","8"
"献马匹和土产","0","8","8"
"此事上报朝廷","0","8","8"
"捷报传到朝廷","0","8","8"
"着皇帝的敕谕","0","8","8"
"朝廷在此设置","0","8","8"
"请求朝廷派兵","0","8","8"
"帝下诏给他们","0","8","8"
"斩获敌人首级","0","8","8"
"改任吏部尚书","0","8","8"
"升为吏部尚书","0","8","8"
"为东阁大学士","0","8","8"
"被授予刑部主","0","8","8"
"授予刑部主事","0","8","8"
"任左佥都御史","0","8","8"
"右佥都御史的","0","8","8"
"都督佥事的身","0","8","8"
"督佥事的身份","0","8","8"
"进入朝廷担任","0","8","8"
"一个儿子做官","0","8","8"
"右副都御史的","0","8","8"
"保兼太子太保","0","8","8"
"为兵科给事中","0","8","8"
"加官为太子太","0","8","8"
"升为户部尚书","0","8","8"
"兵科都给事中","0","8","8"
"任南京兵部尚","0","8","8"
"次上书请求退","0","8","8"
"担任礼部尚书","0","8","8"
"侍郎兼东阁大","0","8","8"
"郎兼东阁大学","0","8","8"
"加封太子少保","0","8","8"
"升任兵部右侍","0","8","8"
"为南京礼部尚","0","8","8"
"命为礼部尚书","0","8","8"
"为刑部右侍郎","0","8","8"
"同意他的意见","0","8","8"
"派遣官员前去","0","8","8"
"世宗大为恼火","0","8","8"
"王守仁的学说","0","8","8"
"十一月十九日","0","8","8"
"跟从大将军徐","0","8","8"
"当地守卫大臣","0","8","8"
"向朝廷贡献土","0","8","8"
"朝廷贡献土产","0","8","8"
"向明朝廷献贡","0","8","8"
"使者前来献贡","0","8","8"
"向明朝廷进贡","0","8","8"
"此事传到朝廷","0","8","8"
"兵部尚书兼右","0","8","8"
"被提升为代理","0","8","8"
"侍郎兼翰林学","0","8","8"
"郎兼翰林学士","0","8","8"
"北极出地的度","0","8","8"
"极出地的度数","0","8","8"
"停止上朝三天","0","8","8"
"聚集举哀号哭","0","8","8"
"都发生大水灾","0","8","8"
"下四人手持弓","0","8","8"
"四人手持弓箭","0","8","8"
"绘有云形图案","0","8","8"
"色有花纹的丝","0","8","8"
"衔着珍珠装饰","0","8","8"
"着珍珠装饰的","0","8","8"
"珍珠装饰的结","0","8","8"
"平定天下之舞","0","8","8"
"四月二十三日","0","8","8"
"十一月十三日","0","8","8"
"十一月十二日","0","8","8"
"在南郊大祭天","0","8","8"
"十一月十一日","0","8","8"
"隆重祭奠先师","0","8","8"
"重祭奠先师孔","0","8","8"
"免湖广受灾税","0","8","8"
"免南畿受灾税","0","8","8"
"南畿受灾税粮","0","8","8"
"河床一天天增","0","8","8"
"床一天天增高","0","8","8"
"二十九年进士","4","3","7"
"靖二十六年进","6","1","7"
"左丞相李善长","3","4","7"
"总督三边军务","3","4","7"
"工部尚书赵璜","3","4","7"
"南京国子监司","3","4","7"
"京国子监司业","3","4","7"
"万历四十二年","1","6","7"
"十四年六月丙","4","3","7"
"尚书参赞机务","4","3","7"
"嘉靖二十七年","2","5","7"
"十七年春二月","4","3","7"
"俱礼部尚书东","7","0","7"
"总兵官安远侯","4","3","7"
"兵官安远侯柳","4","3","7"
"免湖广灾秋粮","7","0","7"
"部尚书王国光","4","3","7"
"大学士刘一燝","6","1","7"
"大总督卢象升","3","4","7"
"佩平蛮将军印","4","3","7"
"全六番招讨司","3","4","7"
"洪熙元年二月","3","4","7"
"驸马都尉井源","3","4","7"
"称威武大将军","4","3","7"
"家居二十余年","5","2","7"
"南京翰林院事","4","3","7"
"寻加太子太保","7","0","7"
"召礼部右侍郎","7","0","7"
"兵部添注右侍","4","3","7"
"部添注右侍郎","4","3","7"
"部尚书右副都","7","0","7"
"工部尚书杨一","3","4","7"
"部尚书杨一魁","3","4","7"
"英国公张惟贤","4","3","7"
"十二月二十四","2","5","7"
"永嘉侯朱亮祖","3","4","7"
"左侍郎东阁大","7","0","7"
"大学士入参机","7","0","7"
"学士入参机务","7","0","7"
"都御史庞尚鹏","4","3","7"
"礼部尚书沈鲤","4","3","7"
"诏加太子太保","7","0","7"
"迁浙江按察使","6","1","7"
"川侯傅友德征","4","3","7"
"广东提学副使","4","3","7"
"吏部尚书廖纪","3","4","7"
"蛮子海牙水寨","5","2","7"
"副将军常遇春","2","5","7"
"国公傅友德等","3","4","7"
"总督三边侍郎","3","4","7"
"路军民总管府","3","4","7"
"二十一年四月","3","4","7"
"英殿大学士入","5","2","7"
"镇朔大将军印","3","4","7"
"擢署都指挥佥","7","0","7"
"西布政司所属","4","3","7"
"奉天殿丹陛上","5","2","7"
"三十七年正月","3","4","7"
"二十四年二月","3","4","7"
"十三年二月甲","4","3","7"
"入国子监读书","1","6","7"
"坐营中军官二","3","4","7"
"营中军官二人","3","4","7"
"正德元年六月","4","3","7"
"三年二月甲戌","4","3","7"
"洪武三年定制","7","0","7"
"嘉靖二十二年","2","5","7"
"十八年春二月","5","2","7"
"年春正月丁未","7","0","7"
"十四年春二月","4","3","7"
"总兵官杜文焕","3","4","7"
"总兵官尤世威","3","4","7"
"告天地宗庙社","2","5","7"
"刑部尚书魏源","3","4","7"
"免畿内灾税粮","7","0","7"
"免南畿灾税粮","7","0","7"
"祭告天地宗庙","1","6","7"
"禄一千一百石","1","6","7"
"右副将军冯胜","3","4","7"
"食禄一千二百","1","6","7"
"部尚书崔景荣","3","4","7"
"历三十五年进","4","3","7"
"万历四十五年","1","6","7"
"南京太常寺官","4","3","7"
"洪武二十七年","1","6","7"
"一百二十一度","3","4","7"
"皇上非常高兴","0","7","7"
"的人不计其数","0","7","7"
"上奏请求离去","0","7","7"
"采纳他的意见","0","7","7"
"派人向朝廷进","0","7","7"
"严厉批评了他","0","7","7"
"自己的亲生父","0","7","7"
"纷纷上书弹劾","0","7","7"
"十八年中进士","0","7","7"
"至都指挥佥事","0","7","7"
"为户科给事中","0","7","7"
"陈友谅进犯龙","0","7","7"
"功升至都指挥","0","7","7"
"都遭受大水灾","0","7","7"
"州发生大水灾","0","7","7"
"湖广受灾秋粮","0","7","7"
"分别巡行天下","0","7","7"
"给皇帝上奏说","0","7","7"
"皇帝的敕谕去","0","7","7"
"率领精锐骑兵","0","7","7"
"年向朝廷进贡","0","7","7"
"向皇帝上奏说","0","7","7"
"入国子监学习","0","7","7"
"承袭宣慰使职","0","7","7"
"投进锦衣卫监","0","7","7"
"升为太常寺卿","0","7","7"
"儿子为锦衣卫","0","7","7"
"成为百姓的祸","0","7","7"
"继承其父的职","0","7","7"
"代理他的职务","0","7","7"
"有蟒纹的衣服","0","7","7"
"任武英殿大学","0","7","7"
"为少师兼太子","0","7","7"
"兼任右佥都御","0","7","7"
"部尚书兼右副","0","7","7"
"削夺了他的官","0","7","7"
"升为工部右侍","0","7","7"
"言官纷纷弹劾","0","7","7"
"代理都督同知","0","7","7"
"以都督佥事的","0","7","7"
"的一个儿子做","0","7","7"
"为礼科给事中","0","7","7"
"剥夺了他的官","0","7","7"
"改任户部尚书","0","7","7"
"皇帝于是命令","0","7","7"
"提升为副总兵","0","7","7"
"又过了一年的","0","7","7"
"官为太子太保","0","7","7"
"从了他的建议","0","7","7"
"任南京兵部右","0","7","7"
"考中万历四十","0","7","7"
"任刑部右侍郎","0","7","7"
"二年考中进士","0","7","7"
"改任兵部尚书","0","7","7"
"任礼部尚书兼","0","7","7"
"为国子监祭酒","0","7","7"
"参预机要事务","0","7","7"
"左侍郎兼东阁","0","7","7"
"入阁参与机要","0","7","7"
"封他为太子少","0","7","7"
"为户部右侍郎","0","7","7"
"夺了他的官籍","0","7","7"
"他被加封为太","0","7","7"
"管詹事府的事","0","7","7"
"任命为礼部尚","0","7","7"
"任南京礼部尚","0","7","7"
"皇帝听从了他","0","7","7"
"任南京右都御","0","7","7"
"赠封为太子太","0","7","7"
"任工部右侍郎","0","7","7"
"最终没有施行","0","7","7"
"山西发生地震","0","7","7"
"兼任太子宾客","0","7","7"
"授予他的儿子","0","7","7"
"的母亲和妻子","0","7","7"
"听从他的请求","0","7","7"
"副将军的身份","0","7","7"
"为大都督府佥","0","7","7"
"晋升为都督佥","0","7","7"
"打败张士诚的","0","7","7"
"晋升为大都督","0","7","7"
"京城朝觐皇帝","0","7","7"
"使者向朝廷进","0","7","7"
"中山王的世子","0","7","7"
"向朝廷献贡的","0","7","7"
"派人向朝廷献","0","7","7"
"请求向朝廷献","0","7","7"
"归还所侵占的","0","7","7"
"皇帝十分高兴","0","7","7"
"派使者到京城","0","7","7"
"同意了他的请","0","7","7"
"意了他的请求","0","7","7"
"从他们的请求","0","7","7"
"请假回乡去了","0","7","7"
"继承世袭职位","0","7","7"
"进升为代理都","0","7","7"
"布政司所属的","0","7","7"
"派遣使者持节","0","7","7"
"如同前面所述","0","7","7"
"皇帝穿衮冕服","0","7","7"
"主掌婚礼的人","0","7","7"
"有品级官员的","0","7","7"
"派遣官员祭祀","0","7","7"
"府发生大水灾","0","7","7"
"洪武元年制定","0","7","7"
"有钱有势的人","0","7","7"
"云形图案的小","0","7","7"
"形图案的小板","0","7","7"
"嵌有花纹的铜","0","7","7"
"有花纹的铜质","0","7","7"
"花纹的铜质叶","0","7","7"
"纹的铜质叶片","0","7","7"
"的铜质叶片装","0","7","7"
"野鸡羽毛图纹","0","7","7"
"毛图纹的衣服","0","7","7"
"里衔着珍珠装","0","7","7"
"红色绫罗嵌金","0","7","7"
"绫罗嵌金线的","0","7","7"
"车书会同之舞","0","7","7"
"抚安四夷之舞","0","7","7"
"衣领袖端衣边","0","7","7"
"领袖端衣边缘","0","7","7"
"二月二十五日","0","7","7"
"十一月二十五","0","7","7"
"一月二十五日","0","7","7"
"十二月二十二","0","7","7"
"十一月十五日","0","7","7"
"二月二十六日","0","7","7"
"赈救陕西饥荒","0","7","7"
"阿台朵儿只伯","0","7","7"
"下诏赦免天下","0","7","7"
"十二月十四日","0","7","7"
"免畿内受灾税","0","7","7"
"免江西受灾税","0","7","7"
"免河南受灾税","0","7","7"
"为开国辅运推","0","7","7"
"给事中王道成","0","7","7"
"皇帝穿皮弁服","0","7","7"
"行拜礼的位置","0","7","7"
"最后一次祭献","0","7","7"
"子以外的儿子","0","7","7"
"以及没有出嫁","0","7","7"
"及没有出嫁的","0","7","7"
"陕西发生地震","0","7","7"
"再次遭受饥荒","0","7","7"
"部尚书范景文","3","3","6"
"卫军民指挥使","2","4","6"
"南京兵部郎中","3","3","6"
"功都指挥佥事","6","0","6"
"御史巡抚山东","3","3","6"
"詹事侍读学士","6","0","6"
"中书平章政事","3","3","6"
"侍御史文原吉","3","3","6"
"左卫指挥佥事","3","3","6"
"洪武十八年进","6","0","6"
"武十八年进士","6","0","6"
"年擢右佥都御","6","0","6"
"南京兵部侍郎","3","3","6"
"山西左布政使","3","3","6"
"副总兵蒋承勋","3","3","6"
"特进金紫光禄","3","3","6"
"进金紫光禄大","3","3","6"
"金紫光禄大夫","3","3","6"
"初三刻十三分","3","3","6"
"四年六月丙辰","3","3","6"
"三十三年五月","3","3","6"
"户部尚书郁新","3","3","6"
"十七卫亲军指","3","3","6"
"七卫亲军指挥","3","3","6"
"护卫指挥使司","3","3","6"
"都御史耿九畴","3","3","6"
"十一年五月戊","3","3","6"
"二十九年二月","3","3","6"
"年十二月辛卯","3","3","6"
"辕长一丈九尺","3","3","6"
"开天行道肇纪","3","3","6"
"天行道肇纪立","3","3","6"
"行道肇纪立极","3","3","6"
"道肇纪立极大","3","3","6"
"肇纪立极大圣","3","3","6"
"神仁文义武俊","3","3","6"
"仁文义武俊德","3","3","6"
"文义武俊德成","3","3","6"
"义武俊德成功","3","3","6"
"武俊德成功高","3","3","6"
"俊德成功高皇","3","3","6"
"德成功高皇帝","3","3","6"
"湖广行省平章","3","3","6"
"达征虏大将军","6","0","6"
"二十三年春正","4","2","6"
"年春正月癸卯","5","1","6"
"副都御史杨涟","3","3","6"
"驸马都尉梅殷","3","3","6"
"巡抚保定都御","3","3","6"
"抚保定都御史","3","3","6"
"左都御史屠侨","3","3","6"
"刑部侍郎彭黯","3","3","6"
"四川巡抚都御","3","3","6"
"川巡抚都御史","3","3","6"
"锦衣都督刘守","4","2","6"
"官右佥都御史","3","3","6"
"京兵部尚书吕","3","3","6"
"总兵官侯良柱","3","3","6"
"陕西总督郑崇","3","3","6"
"西总督郑崇俭","3","3","6"
"司礼秉笔太监","6","0","6"
"礼部侍郎李廷","3","3","6"
"部侍郎李廷机","3","3","6"
"扬州知府刘铎","3","3","6"
"荫锦衣指挥使","6","0","6"
"副都御史王志","3","3","6"
"都御史王志道","3","3","6"
"宣大总督卢象","3","3","6"
"副将军西平侯","3","3","6"
"将军西平侯沐","3","3","6"
"户部尚书刘中","3","3","6"
"部尚书刘中敷","3","3","6"
"学士杨一清等","3","3","6"
"擢都指挥佥事","6","0","6"
"南京户部侍郎","3","3","6"
"成化二十一年","2","4","6"
"提督十二团营","3","3","6"
"魏国公徐鹏举","3","3","6"
"宣宁侯曹良臣","3","3","6"
"吉安侯陆仲亨","3","3","6"
"御史大夫陈宁","3","3","6"
"驸马都尉胡观","3","3","6"
"赵文华督察军","3","3","6"
"四十一年五月","3","3","6"
"大学士高弘图","3","3","6"
"尚书马文升等","3","3","6"
"寻加太子少保","6","0","6"
"世荫锦衣指挥","6","0","6"
"锦衣指挥佥事","4","2","6"
"吏部尚书李戴","3","3","6"
"进右佥都御史","6","0","6"
"南京通政参议","3","3","6"
"进署都督佥事","6","0","6"
"二十二年十月","3","3","6"
"黔国公沐昌祚","3","3","6"
"四十八年七月","3","3","6"
"召刑部右侍郎","6","0","6"
"迁户部右侍郎","6","0","6"
"吏部尚书周嘉","3","3","6"
"部尚书周嘉谟","3","3","6"
"礼部尚书孙慎","3","3","6"
"部尚书孙慎行","3","3","6"
"黔国公沐天波","3","3","6"
"擢吏部右侍郎","6","0","6"
"将军徐达北征","2","4","6"
"阳总督马士英","3","3","6"
"迁工部右侍郎","6","0","6"
"右都御史兵部","6","0","6"
"进文渊阁大学","6","0","6"
"苏松兵备副使","3","3","6"
"兵部尚书杨博","3","3","6"
"户部主事海瑞","3","3","6"
"赞画主事丁应","3","3","6"
"画主事丁应泰","3","3","6"
"福建提学副使","3","3","6"
"迁刑部右侍郎","5","1","6"
"山东提学副使","3","3","6"
"迁右副都御史","6","0","6"
"迁兵部右侍郎","6","0","6"
"南京右佥都御","3","3","6"
"京右佥都御史","3","3","6"
"进少傅太子太","6","0","6"
"靖二十三年进","4","2","6"
"隆庆元年六月","3","3","6"
"浙江巡按御史","3","3","6"
"侍郎郭正域请","3","3","6"
"辽东税使高淮","3","3","6"
"广东左布政使","3","3","6"
"总兵官李成梁","3","3","6"
"浙江提学副使","3","3","6"
"考功郎中赵南","3","3","6"
"功郎中赵南星","3","3","6"
"户部尚书杨俊","3","3","6"
"部尚书杨俊民","3","3","6"
"部尚书萧大亨","3","3","6"
"大学士王家屏","3","3","6"
"景泰二年进士","5","1","6"
"升右副都御史","1","5","6"
"吏部尚书王恕","3","3","6"
"年擢右副都御","6","0","6"
"本生圣母章圣","3","3","6"
"生圣母章圣皇","3","3","6"
"锦衣卫副千户","2","4","6"
"三万二千余石","2","4","6"
"兴宗孝康皇帝","3","3","6"
"洪武元年正月","3","3","6"
"礼部尚书席书","3","3","6"
"左通政赵居任","3","3","6"
"绳愆纠缪银章","3","3","6"
"荣国公姚广孝","3","3","6"
"天靖难推诚宣","3","3","6"
"靖难推诚宣力","3","3","6"
"难推诚宣力武","3","3","6"
"北平都指挥使","3","3","6"
"宁卫指挥佥事","3","3","6"
"指挥武胜上书","3","3","6"
"部尚书吕震请","3","3","6"
"迁湖广按察使","4","2","6"
"兵部尚书张瓒","3","3","6"
"广西左布政使","3","3","6"
"总兵官周尚文","3","3","6"
"总督欧阳必进","3","3","6"
"三十四年五月","3","3","6"
"迁右佥都御史","4","2","6"
"储侍郎黄懋官","3","3","6"
"三十九年二月","3","3","6"
"尚书张经总督","3","3","6"
"南京吏部郎中","3","3","6"
"副都御史鄢懋","3","3","6"
"征虏右副将军","3","3","6"
"西平侯沐英征","2","4","6"
"吏部尚书詹徽","3","3","6"
"元中丞蛮子海","3","3","6"
"同知枢密院事","3","3","6"
"行枢密院判官","3","3","6"
"山西右布政使","3","3","6"
"德庆侯廖永忠","3","3","6"
"刑部尚书开济","3","3","6"
"贺册立皇太子","3","3","6"
"太子爱猷识理","3","3","6"
"命大将军徐达","4","2","6"
"三边侍郎曾铣","3","3","6"
"安南国王陈日","2","4","6"
"征夷副将军印","3","3","6"
"云南巡抚汪文","3","3","6"
"南巡抚汪文盛","3","3","6"
"安南都统使司","3","3","6"
"辽东都指挥使","3","3","6"
"二十四年正月","2","4","6"
"天津巡抚万世","3","3","6"
"津巡抚万世德","3","3","6"
"四十二年四月","3","3","6"
"部尚书右都御","6","0","6"
"尚书右都御史","6","0","6"
"弘治十五年进","3","3","6"
"治十五年进士","3","3","6"
"十七年十二月","3","3","6"
"正德十二年进","3","3","6"
"德十二年进士","3","3","6"
"二十七年正月","2","4","6"
"入内阁参预机","2","4","6"
"大宁都指挥使","3","3","6"
"工部侍郎杜谦","3","3","6"
"礼部侍郎徐光","3","3","6"
"部侍郎徐光启","3","3","6"
"西洋人汤若望","3","3","6"
"行纳采问名礼","4","2","6"
"皇帝御奉天殿","6","0","6"
"孝肃太皇太后","3","3","6"
"四十三年四月","3","3","6"
"十五年二月壬","3","3","6"
"三年四月壬午","3","3","6"
"三十九年四月","3","3","6"
"十一年十二月","3","3","6"
"二十八年三月","3","3","6"
"十四年十一月","3","3","6"
"嘉靖五年七月","3","3","6"
"十五年二月癸","3","3","6"
"五年二月癸亥","3","3","6"
"六年五月癸巳","3","3","6"
"金吾侍卫亲军","3","3","6"
"吾侍卫亲军都","3","3","6"
"侍卫亲军都护","3","3","6"
"分守参将三人","3","3","6"
"分守参将五人","3","3","6"
"分守副总兵一","3","3","6"
"工部尚书朱衡","3","3","6"
"礼部尚书倪岳","3","3","6"
"户部尚书王佐","3","3","6"
"夏总兵官史昭","3","3","6"
"二十六年四月","3","3","6"
"四十四年正月","3","3","6"
"二十八年六月","3","3","6"
"三十一年五月","3","3","6"
"年十二月壬寅","3","3","6"
"二十七年七月","3","3","6"
"三十七年六月","3","3","6"
"二十五年正月","3","3","6"
"二十六年七月","3","3","6"
"永乐三年更定","6","0","6"
"攀顶黄线圆条","6","0","6"
"一丈二尺五寸","3","3","6"
"英国公张辅等","3","3","6"
"尚书方献夫等","3","3","6"
"十二年春二月","3","3","6"
"十六年春二月","4","2","6"
"四年春正月丙","6","0","6"
"年春正月乙未","6","0","6"
"年春正月乙卯","6","0","6"
"太祀天地南郊","6","0","6"
"二年春正月丙","6","0","6"
"年春正月丙戌","6","0","6"
"年春正月甲戌","6","0","6"
"二年春正月己","6","0","6"
"上两宫皇太后","3","3","6"
"免山西灾税粮","6","0","6"
"巡抚都御史曹","3","3","6"
"圣皇太后尊号","3","3","6"
"女土官秦良玉","2","4","6"
"巡抚都御史宋","3","3","6"
"年春正月庚戌","6","0","6"
"二百七十七万","3","3","6"
"大同总兵官方","3","3","6"
"同总兵官方政","3","3","6"
"刑部侍郎何文","3","3","6"
"部侍郎何文渊","3","3","6"
"免山东灾税粮","6","0","6"
"免江西灾税粮","6","0","6"
"山西巡按御史","3","3","6"
"兵部尚书高第","3","3","6"
"右春坊大学士","3","3","6"
"同知大都督府","3","3","6"
"知大都督府事","3","3","6"
"佥行枢密院事","3","3","6"
"副将军廖永忠","3","3","6"
"十四年正月十","1","5","6"
"永乐二十一年","2","4","6"
"文选郎顾宪成","3","3","6"
"南京大理寺卿","1","5","6"
"兵部尚书崔景","3","3","6"
"大学士周延儒","3","3","6"
"年正月十五日","1","5","6"
"万历三十九年","1","5","6"
"行五三叩头礼","6","0","6"
"礼部尚书牛谅","3","3","6"
"宣德元年七月","3","3","6"
"三月二十八日","1","5","6"
"宗祀文王明堂","6","0","6"
"百二十一度七","3","3","6"
"二百四十三度","3","3","6"
"一百八十零万","6","0","6"
"百八十零万四","6","0","6"
"八十零万四千","6","0","6"
"六十零度八十","6","0","6"
"黄道四十四度","1","5","6"
"十五分六十九","2","4","6"
"五分六十九秒","2","4","6"
"二十三度七十","3","3","6"
"十三度七十一","3","3","6"
"三度七十一分","3","3","6"
"四年三月甲寅","3","3","6"
"十七年二月甲","3","3","6"
"河都御史刘士","3","3","6"
"都御史刘士忠","3","3","6"
"总河侍郎张国","3","3","6"
"河侍郎张国维","3","3","6"
"总河都御史潘","3","3","6"
"河都御史潘季","3","3","6"
"总河尚书舒应","3","3","6"
"河尚书舒应龙","3","3","6"
"千一百二十五","3","3","6"
"一百二十五贯","3","3","6"
"钱三百五十文","3","3","6"
"一千一百二十","1","5","6"
"追赠礼部尚书","1","5","6"
"三月二十三日","1","5","6"
"皇帝命令有关","0","6","6"
"皇帝认为他们","0","6","6"
"高兴地采纳了","0","6","6"
"帝采纳了他的","0","6","6"
"多次上疏请求","0","6","6"
"发给有关部门","0","6","6"
"州的守卫大臣","0","6","6"
"守丧回家去了","0","6","6"
"己的亲生父母","0","6","6"
"给大臣们讨论","0","6","6"
"掩埋外露尸骨","0","6","6"
"十一年的进士","0","6","6"
"任南京国子监","0","6","6"
"提升为右副都","0","6","6"
"从傅友德征讨","0","6","6"
"授予指挥佥事","0","6","6"
"积功升至都指","0","6","6"
"三殿发生火灾","0","6","6"
"各有大使一人","0","6","6"
"兵部侍郎于谦","0","6","6"
"徐达镇守北平","0","6","6"
"琉球入朝进贡","0","6","6"
"山西受灾税粮","0","6","6"
"免湖广受灾秋","0","6","6"
"南畿受灾秋粮","0","6","6"
"给事中陈与郊","0","6","6"
"皇帝派遣使者","0","6","6"
"提升为太常少","0","6","6"
"帝更加不高兴","0","6","6"
"张献忠在谷城","0","6","6"
"三品以上官员","0","6","6"
"巩固自己的地","0","6","6"
"固自己的地位","0","6","6"
"学士刘一火景","0","6","6"
"大学士韩火广","0","6","6"
"杨涟弹劾魏忠","0","6","6"
"涟弹劾魏忠贤","0","6","6"
"的第二个儿子","0","6","6"
"每三年向朝廷","0","6","6"
"三年向朝廷进","0","6","6"
"向朝廷进献马","0","6","6"
"当地的守卫大","0","6","6"
"地的守卫大臣","0","6","6"
"前来朝觐皇帝","0","6","6"
"入锦衣卫监狱","0","6","6"
"升为指挥同知","0","6","6"
"升为指挥佥事","0","6","6"
"任太常寺少卿","0","6","6"
"个儿子为锦衣","0","6","6"
"洪武二十二年","0","6","6"
"朝廷进献大木","0","6","6"
"绣有蟒纹的衣","0","6","6"
"他的儿子严世","0","6","6"
"升任礼部右侍","0","6","6"
"任兵科给事中","0","6","6"
"御史的身份巡","0","6","6"
"史的身份巡抚","0","6","6"
"赠为太子太保","0","6","6"
"魏忠贤的党徒","0","6","6"
"剥夺他的官职","0","6","6"
"封他的一个儿","0","6","6"
"皇上发了脾气","0","6","6"
"入内阁参与机","0","6","6"
"听从了他的建","0","6","6"
"有关部门为他","0","6","6"
"子孙为世袭锦","0","6","6"
"孙为世袭锦衣","0","6","6"
"赠他为太子太","0","6","6"
"改任南京兵部","0","6","6"
"大学士的身份","0","6","6"
"当时朝廷正在","0","6","6"
"给他加官太子","0","6","6"
"写了一篇奏疏","0","6","6"
"礼部右侍郎兼","0","6","6"
"给事中胡应嘉","0","6","6"
"张居正去世后","0","6","6"
"协助负责詹事","0","6","6"
"助负责詹事府","0","6","6"
"考取乡试第一","0","6","6"
"取乡试第一名","0","6","6"
"晋升为太子太","0","6","6"
"皇帝下优诏答","0","6","6"
"帝下优诏答复","0","6","6"
"多次上奏请求","0","6","6"
"下优诏答复他","0","6","6"
"升为太仆少卿","0","6","6"
"弹劾并罢免了","0","6","6"
"都御史吴时来","0","6","6"
"将他调出京城","0","6","6"
"升任右都御史","0","6","6"
"翰林院的事务","0","6","6"
"被赠封为太子","0","6","6"
"他升任右佥都","0","6","6"
"给事中杨应文","0","6","6"
"上疏请求退休","0","6","6"
"任为右副都御","0","6","6"
"掌管詹事府的","0","6","6"
"召见并任命他","0","6","6"
"见并任命他为","0","6","6"
"升为大理寺丞","0","6","6"
"极力请求离去","0","6","6"
"任南京吏部尚","0","6","6"
"不能不罢除的","0","6","6"
"能不罢除的第","0","6","6"
"为百姓的祸害","0","6","6"
"皇帝采纳了他","0","6","6"
"了他们的意见","0","6","6"
"改任吏部左侍","0","6","6"
"加盖玉玺的诏","0","6","6"
"盖玉玺的诏书","0","6","6"
"因为讨论大礼","0","6","6"
"过了一段时间","0","6","6"
"恢复他的官职","0","6","6"
"为礼部侍郎兼","0","6","6"
"他又随从皇上","0","6","6"
"为吏科给事中","0","6","6"
"季的第二个月","0","6","6"
"晋升为指挥使","0","6","6"
"了张士诚的部","0","6","6"
"情况上报朝廷","0","6","6"
"朝廷讣告其父","0","6","6"
"向明朝廷贡献","0","6","6"
"求向朝廷献贡","0","6","6"
"廷大臣讨论后","0","6","6"
"袭击并杀死了","0","6","6"
"玺的诏书奖励","0","6","6"
"向朝廷进献贡","0","6","6"
"袭宣慰使职务","0","6","6"
"都察院的事务","0","6","6"
"二月二十八日","0","6","6"
"担任兵部尚书","0","6","6"
"累升为都指挥","0","6","6"
"充任左副总兵","0","6","6"
"升至都指挥佥","0","6","6"
"他充任总兵官","0","6","6"
"他继承世袭职","0","6","6"
"皇帝驾临奉天","0","6","6"
"官引导皇太子","0","6","6"
"如同平常礼仪","0","6","6"
"号哭哀悼三天","0","6","6"
"穿浅淡色衣服","0","6","6"
"牲畜不计其数","0","6","6"
"年四月戊戌日","0","6","6"
"南京刮大风降","0","6","6"
"京刮大风降大","0","6","6"
"到徐州小浮桥","0","6","6"
"每年办大引盐","0","6","6"
"每年纳入太仓","0","6","6"
"陕西发生饥荒","0","6","6"
"年三月甲寅日","0","6","6"
"乘坐的五种车","0","6","6"
"用穿青色服饰","0","6","6"
"穿青色服饰的","0","6","6"
"青色服饰的甲","0","6","6"
"用穿红色服饰","0","6","6"
"穿红色服饰的","0","6","6"
"红色服饰的甲","0","6","6"
"都是校尉持举","0","6","6"
"亭前面左右有","0","6","6"
"前面左右有门","0","6","6"
"铜质叶片装钉","0","6","6"
"色的有花纹的","0","6","6"
"五彩云图案的","0","6","6"
"品以上的官员","0","6","6"
"衣服式样颜色","0","6","6"
"武二十六年制","0","6","6"
"二十六年制定","0","6","6"
"皇帝亲自祭祀","0","6","6"
"鸡羽毛图纹的","0","6","6"
"羽毛图纹的衣","0","6","6"
"珠翡翠装饰的","0","6","6"
"黑色高帮白色","0","6","6"
"色衣领袖端衣","0","6","6"
"十一年正月十","0","6","6"
"十二月十七日","0","6","6"
"五月二十九日","0","6","6"
"十二月十九日","0","6","6"
"赈济湖广饥荒","0","6","6"
"十二月二十六","0","6","6"
"九年正月十三","0","6","6"
"黄河在崔镇决","0","6","6"
"其他不同出身","0","6","6"
"下诏大赦天下","0","6","6"
"宗神牌附祭于","0","6","6"
"神牌附祭于太","0","6","6"
"牌附祭于太庙","0","6","6"
"年正月初一日","0","6","6"
"免陕西受灾税","0","6","6"
"山东受灾税粮","0","6","6"
"食禄一千一百","0","6","6"
"随从成祖起兵","0","6","6"
"皇帝认为他说","0","6","6"
"隆庆五年中进","0","6","6"
"庆五年中进士","0","6","6"
"这是不足以倚","0","6","6"
"是不足以倚恃","0","6","6"
"不足以倚恃的","0","6","6"
"足以倚恃的第","0","6","6"
"庄烈帝不同意","0","6","6"
"再其次是推算","0","6","6"
"内赞官引导到","0","6","6"
"代受册命的人","0","6","6"
"为丈夫的兄弟","0","6","6"
"为丈夫的同祖","0","6","6"
"秋雨季的第二","0","6","6"
"黄道赤道小弧","0","6","6"
"两次发生地震","0","6","6"
"山束发生饥荒","0","6","6"
"按照一定的时","0","6","6"
"照一定的时间","0","6","6"
"一定的时间开","0","6","6"
"定的时间开关","0","6","6"
"沁水流入卫河","0","6","6"
"施州卫军民指","2","3","5"
"州卫军民指挥","2","3","5"
"大理丞王士昌","3","2","5"
"万历十四年进","3","2","5"
"历十四年进士","3","2","5"
"积功都指挥佥","5","0","5"
"历二十六年进","3","2","5"
"靖三十二年进","4","1","5"
"靖三十八年进","5","0","5"
"靖四十四年进","4","1","5"
"赠右副都御史","4","1","5"
"少詹事侍读学","5","0","5"
"称兴献王皇叔","4","1","5"
"皇叔父兴献大","3","2","5"
"叔父兴献大王","3","2","5"
"兵部尚书参赞","3","2","5"
"登嘉靖八年进","4","1","5"
"武神功纯仁孝","5","0","5"
"神功纯仁孝文","5","0","5"
"功纯仁孝文皇","5","0","5"
"纯仁孝文皇帝","5","0","5"
"东总兵官一人","3","2","5"
"礼部尚书胡濙","5","0","5"
"司员外郎一人","3","2","5"
"琉球中山入贡","5","0","5"
"启天弘道高明","3","2","5"
"天弘道高明肇","3","2","5"
"弘道高明肇运","3","2","5"
"道高明肇运圣","3","2","5"
"高明肇运圣武","3","2","5"
"明肇运圣武神","3","2","5"
"肇运圣武神功","3","2","5"
"徐达征虏大将","5","0","5"
"称孝宗皇伯考","5","0","5"
"嘉靖十八年二","2","3","5"
"举万历五年进","5","0","5"
"锦衣指挥同知","2","3","5"
"四月二十二日","1","4","5"
"总兵官左良玉","2","3","5"
"十三年闰正月","2","3","5"
"忠贤二十四大","4","1","5"
"贤二十四大罪","4","1","5"
"袭锦衣卫指挥","2","3","5"
"兵二万五千人","2","3","5"
"钦天监正彭德","2","3","5"
"天监正彭德清","2","3","5"
"大学士刘健等","3","2","5"
"水尽源通塔平","3","2","5"
"永顺等处军民","2","3","5"
"湖广都指挥使","3","2","5"
"兵部尚书程信","2","3","5"
"协理詹事府事","4","1","5"
"荫锦衣卫指挥","2","3","5"
"总督京营戎政","2","3","5"
"卫都指挥佥事","2","3","5"
"巡抚凤阳诸府","4","1","5"
"世荫锦衣千户","5","0","5"
"崇祯十年进士","3","2","5"
"湖广行省参政","3","2","5"
"斩首七百余级","5","0","5"
"兵部尚书东阁","5","0","5"
"侍郎黄宗载等","2","3","5"
"凤阳总督马士","2","3","5"
"都御史兵部右","5","0","5"
"御史兵部右侍","5","0","5"
"史兵部右侍郎","5","0","5"
"织造中官李实","3","2","5"
"授翰林院编修","3","2","5"
"部左侍郎东阁","5","0","5"
"东阁大学士入","3","2","5"
"二十六年三月","2","3","5"
"官东阁大学士","4","1","5"
"右副都御史代","3","2","5"
"山东左布政使","2","3","5"
"召刑部左侍郎","5","0","5"
"迁江西按察使","3","2","5"
"右都御史总督","4","1","5"
"巡抚四川都御","3","2","5"
"抚四川都御史","3","2","5"
"天启二年四月","2","3","5"
"嘉靖十四年进","4","1","5"
"靖十四年进士","4","1","5"
"改吏部左侍郎","5","0","5"
"总制三边军务","3","2","5"
"成化二年进士","3","2","5"
"四川山都掌蛮","3","2","5"
"南京太常少卿","5","0","5"
"何渊请建世室","4","1","5"
"嘉靖十七年进","2","3","5"
"靖十七年进士","2","3","5"
"总兵官欧阳安","2","3","5"
"将军总兵官朱","3","2","5"
"军总兵官朱寿","3","2","5"
"岁禄千五百石","5","0","5"
"骁将张定边直","3","2","5"
"破蛮子海牙水","4","1","5"
"翰林学士承旨","3","2","5"
"建历代帝王庙","3","2","5"
"副总兵祖承训","3","2","5"
"恭顺侯吴克忠","3","2","5"
"元右丞兀卜台","3","2","5"
"老挝军民宣慰","3","2","5"
"挝军民宣慰使","3","2","5"
"命丰城侯李彬","4","1","5"
"一百五十余人","1","4","5"
"礼部尚书范谦","2","3","5"
"四十五年正月","3","2","5"
"渊阁大学士参","3","2","5"
"兵部尚书右都","5","0","5"
"礼部尚书毛澄","2","3","5"
"四川巡按御史","3","2","5"
"佩镇朔大将军","3","2","5"
"兵部尚书刘大","2","3","5"
"部尚书刘大夏","2","3","5"
"正德元年二月","3","2","5"
"尚书周洪谟等","2","3","5"
"处州贼叶宗留","3","2","5"
"皇帝服通天冠","5","0","5"
"素服行奉慰礼","4","1","5"
"帝服浅淡色衣","4","1","5"
"朝夕哭临三日","5","0","5"
"十三年二月己","3","2","5"
"隆庆二年正月","2","3","5"
"十七年正月庚","3","2","5"
"敕房中书舍人","3","2","5"
"部尚书参赞机","3","2","5"
"百二十二万八","3","2","5"
"二十二万八千","3","2","5"
"河南巡抚都御","2","3","5"
"工部侍郎赵荣","3","2","5"
"留守行后军都","3","2","5"
"守行后军都督","3","2","5"
"中军都督府事","2","3","5"
"户部尚书叶淇","3","2","5"
"京运年例银二","5","0","5"
"宁夏总兵官史","3","2","5"
"成化十三年四","2","3","5"
"化十三年四月","2","3","5"
"平地水深三尺","2","3","5"
"三十四年七月","2","3","5"
"十二年十一月","2","3","5"
"二年十一月癸","2","3","5"
"旗红甲士五人","5","0","5"
"金绣云霞翟文","5","0","5"
"二十五年春正","3","2","5"
"大都督朱文正","3","2","5"
"二十六年春正","3","2","5"
"六年春正月癸","5","0","5"
"年春正月癸未","5","0","5"
"二十一年春正","4","1","5"
"年春正月辛酉","5","0","5"
"二十年春正月","4","1","5"
"年春正月癸丑","5","0","5"
"年春正月丁卯","5","0","5"
"年春正月癸酉","5","0","5"
"历代帝王陵寝","3","2","5"
"八百六十余人","2","3","5"
"巡抚都御史孙","3","2","5"
"少詹事黄道周","2","3","5"
"年春正月丁酉","5","0","5"
"天下都司卫所","3","2","5"
"年春正月壬午","5","0","5"
"遣官祭告天地","5","0","5"
"正统十四年秋","2","3","5"
"部侍郎翰林学","5","0","5"
"燕山护卫百户","2","3","5"
"授开国辅运推","5","0","5"
"获马牛羊十余","3","2","5"
"马牛羊十余万","3","2","5"
"一千三百余顷","2","3","5"
"二十八年正月","2","3","5"
"南京右府佥书","2","3","5"
"大将军徐达征","1","4","5"
"都御史盛应期","3","2","5"
"复老黄河故道","3","2","5"
"十一月十六日","1","4","5"
"七月二十四日","1","4","5"
"弘治九年进士","3","2","5"
"二十八年二月","2","3","5"
"崇祯十六年冬","1","4","5"
"四川巡抚邵捷","1","4","5"
"川巡抚邵捷春","1","4","5"
"正月二十一日","1","4","5"
"三百六十五度","3","2","5"
"东西南北高下","2","3","5"
"八月二十五日","1","4","5"
"会同巡按御史","1","4","5"
"父皇陛下称贺","2","3","5"
"礼部官捧诏书","5","0","5"
"皇后殿下称贺","3","2","5"
"六月二十四日","1","4","5"
"太祖平定天下","1","4","5"
"大股五十六度","3","2","5"
"径一百二十一","2","3","5"
"黄道半背弦差","2","3","5"
"半径六十零度","5","0","5"
"径六十零度八","5","0","5"
"十七分五十秒","2","3","5"
"赤道大弦六十","3","2","5"
"六十零度八七","5","0","5"
"十零度八七五","5","0","5"
"十七度二十五","2","3","5"
"七度二十五分","2","3","5"
"三十二年正月","2","3","5"
"三个月的俸禄","0","5","5"
"按过去的惯例","0","5","5"
"同意了他的意","0","5","5"
"意了他的意见","0","5","5"
"帝同意了他的","0","5","5"
"皇帝下诏同意","0","5","5"
"他乘驿车回乡","0","5","5"
"打了一顿大棍","0","5","5"
"称病请求退休","0","5","5"
"朝廷内外的大","0","5","5"
"有关部门讨论","0","5","5"
"廷大臣商议后","0","5","5"
"命令有关官员","0","5","5"
"了他们的请求","0","5","5"
"进了皇家监狱","0","5","5"
"锦衣卫的监狱","0","5","5"
"尊崇自己的亲","0","5","5"
"崇自己的亲生","0","5","5"
"四月二十七日","0","5","5"
"为锦衣卫百户","0","5","5"
"交结贴身宦官","0","5","5"
"十四年的进士","0","5","5"
"任刑部员外郎","0","5","5"
"追赠太子少保","0","5","5"
"追赠太子太保","0","5","5"
"詹事兼侍读学","0","5","5"
"事兼侍读学士","0","5","5"
"跟从傅友德征","0","5","5"
"友谅进犯龙江","0","5","5"
"神功纯仁至孝","0","5","5"
"功纯仁至孝文","0","5","5"
"纯仁至孝文皇","0","5","5"
"仁至孝文皇帝","0","5","5"
"各盐课司一个","0","5","5"
"命令副都御史","0","5","5"
"翡翠口圈一副","0","5","5"
"亦力把里入朝","0","5","5"
"力把里入朝进","0","5","5"
"把里入朝进贡","0","5","5"
"徐达为征虏大","0","5","5"
"达为征虏大将","0","5","5"
"土鲁番入朝进","0","5","5"
"鲁番入朝进贡","0","5","5"
"皇上于是命令","0","5","5"
"皇上于是下诏","0","5","5"
"每年可以获得","0","5","5"
"没有得到答复","0","5","5"
"十一年中进士","0","5","5"
"万历二十年春","0","5","5"
"哥哥的儿子李","0","5","5"
"以巩固自己的","0","5","5"
"大学士刘一火","0","5","5"
"势力更加嚣张","0","5","5"
"魏忠贤于是假","0","5","5"
"忠贤于是假传","0","5","5"
"贤于是假传圣","0","5","5"
"于是假传圣旨","0","5","5"
"依附于魏忠贤","0","5","5"
"事传到朝廷后","0","5","5"
"来京城朝觐皇","0","5","5"
"进献马匹和土","0","5","5"
"按以前的惯例","0","5","5"
"四川的抚按官","0","5","5"
"贵州的抚按官","0","5","5"
"给他们的赏赐","0","5","5"
"没有汉化的番","0","5","5"
"汉化的番族人","0","5","5"
"朝廷允许他们","0","5","5"
"朝廷派兵征讨","0","5","5"
"请求允许他们","0","5","5"
"承天门发生火","0","5","5"
"天门发生火灾","0","5","5"
"给事中和御史","0","5","5"
"赞同他的意见","0","5","5"
"为少保兼太子","0","5","5"
"帝答应了他们","0","5","5"
"承其父的职位","0","5","5"
"朝廷进献马匹","0","5","5"
"人向朝廷贡献","0","5","5"
"不久加封为太","0","5","5"
"久加封为太子","0","5","5"
"封为太子太傅","0","5","5"
"任工部左侍郎","0","5","5"
"很合皇上心意","0","5","5"
"为通政司参议","0","5","5"
"试都是第一名","0","5","5"
"子为中书舍人","0","5","5"
"把他们安置在","0","5","5"
"任左副都御史","0","5","5"
"不久他进升为","0","5","5"
"弹劾兵部尚书","0","5","5"
"佥都御史的身","0","5","5"
"接连上疏请求","0","5","5"
"副总兵的身份","0","5","5"
"任宁夏总兵官","0","5","5"
"八月二十三日","0","5","5"
"光宗皇帝即位","0","5","5"
"理都察院的事","0","5","5"
"荫封他的一个","0","5","5"
"给事中何士晋","0","5","5"
"皇帝更加恼怒","0","5","5"
"为南京礼部右","0","5","5"
"任吏部右侍郎","0","5","5"
"派遣行人护送","0","5","5"
"遣行人护送他","0","5","5"
"行人护送他回","0","5","5"
"听到这个消息","0","5","5"
"给事中宋一韩","0","5","5"
"农民起义军进","0","5","5"
"享年八十三岁","0","5","5"
"被提升为都督","0","5","5"
"提升为都督佥","0","5","5"
"庄烈帝不答应","0","5","5"
"把贼兵打得大","0","5","5"
"贼兵打得大败","0","5","5"
"被提升为副总","0","5","5"
"追赠他为太子","0","5","5"
"兵部尚书兼东","0","5","5"
"见机行事的权","0","5","5"
"机行事的权力","0","5","5"
"朝廷中的大臣","0","5","5"
"他加官太子太","0","5","5"
"世袭锦衣百户","0","5","5"
"这才安定下来","0","5","5"
"改任礼部尚书","0","5","5"
"他为右都御史","0","5","5"
"右都御史兼兵","0","5","5"
"都御史兼兵部","0","5","5"
"御史兼兵部右","0","5","5"
"史兼兵部右侍","0","5","5"
"兼兵部右侍郎","0","5","5"
"担任右佥都御","0","5","5"
"十二月十五日","0","5","5"
"任南京兵部主","0","5","5"
"为翰林院庶吉","0","5","5"
"又打败了他们","0","5","5"
"初任刑部主事","0","5","5"
"任南京工部右","0","5","5"
"晋升礼部尚书","0","5","5"
"皇帝认为他的","0","5","5"
"部左侍郎兼东","0","5","5"
"帝在平台召见","0","5","5"
"在平台召见他","0","5","5"
"皇帝同意了他","0","5","5"
"为少詹事兼侍","0","5","5"
"不能有所作为","0","5","5"
"次上奏请求退","0","5","5"
"奏疏呈入宫中","0","5","5"
"负责南京翰林","0","5","5"
"责南京翰林院","0","5","5"
"增加一级俸禄","0","5","5"
"升任户部尚书","0","5","5"
"任南京刑部尚","0","5","5"
"他为兵部右侍","0","5","5"
"为南京右都御","0","5","5"
"任刑部左侍郎","0","5","5"
"吏部尚书孙钅","0","5","5"
"部尚书孙钅龙","0","5","5"
"采纳了他们的","0","5","5"
"为南京大理寺","0","5","5"
"任南京工部尚","0","5","5"
"升为南京礼部","0","5","5"
"晋升为礼部右","0","5","5"
"上奏请求罢免","0","5","5"
"采用他的建议","0","5","5"
"出任南京礼部","0","5","5"
"朝廷推举内阁","0","5","5"
"廷推举内阁大","0","5","5"
"诏令加封他为","0","5","5"
"任命他为礼部","0","5","5"
"升礼部右侍郎","0","5","5"
"负责礼部事务","0","5","5"
"帝听从了他的","0","5","5"
"女儿许配给他","0","5","5"
"全面考核京官","0","5","5"
"工程没有完成","0","5","5"
"年仅四十六岁","0","5","5"
"中进士第一名","0","5","5"
"夺了他的官职","0","5","5"
"终年八十五岁","0","5","5"
"河南发生大饥","0","5","5"
"南发生大饥荒","0","5","5"
"为浙江按察使","0","5","5"
"听从了他们的","0","5","5"
"考中乡试第一","0","5","5"
"中乡试第一名","0","5","5"
"为讨论大礼一","0","5","5"
"升为南京吏部","0","5","5"
"燕王即帝位后","0","5","5"
"卫指挥使之职","0","5","5"
"成祖入京师后","0","5","5"
"升为监察御史","0","5","5"
"升为右军都督","0","5","5"
"升为礼部侍郎","0","5","5"
"杨荣和金幼孜","0","5","5"
"下诏狱进行拷","0","5","5"
"合在一起祭祀","0","5","5"
"颁布告示天下","0","5","5"
"不知道有陛下","0","5","5"
"大同发生兵变","0","5","5"
"为署都督佥事","0","5","5"
"寿宫发生火灾","0","5","5"
"清宫发生火灾","0","5","5"
"皇后为皇太后","0","5","5"
"打败了张士诚","0","5","5"
"败了张士诚的","0","5","5"
"百姓十分高兴","0","5","5"
"跟从徐达攻取","0","5","5"
"受蓝玉党案株","0","5","5"
"蓝玉党案株连","0","5","5"
"他为都督佥事","0","5","5"
"一千三百多人","0","5","5"
"升为侍读学士","0","5","5"
"皇帝给他赏赐","0","5","5"
"被其部下所杀","0","5","5"
"了他们的贡品","0","5","5"
"等人前来朝贡","0","5","5"
"成祖即皇帝位","0","5","5"
"告其父的丧讯","0","5","5"
"礼部官员上奏","0","5","5"
"日本国王源义","0","5","5"
"派使者前来朝","0","5","5"
"将此事上报给","0","5","5"
"使者又来献贡","0","5","5"
"他们向朝廷献","0","5","5"
"们向朝廷献贡","0","5","5"
"廷讣告其父的","0","5","5"
"使者向朝廷谢","0","5","5"
"山王的世子尚","0","5","5"
"贡的使者到达","0","5","5"
"使者到达京城","0","5","5"
"的使者到达京","0","5","5"
"遣使者向朝廷","0","5","5"
"朝廷献贡马表","0","5","5"
"廷献贡马表示","0","5","5"
"献贡马表示谢","0","5","5"
"者向明朝廷贡","0","5","5"
"土鲁番的首领","0","5","5"
"土鲁番的使者","0","5","5"
"守卫大臣上奏","0","5","5"
"卫大臣上奏说","0","5","5"
"留的土鲁番使","0","5","5"
"将他们安置在","0","5","5"
"朝廷大臣议论","0","5","5"
"将军队驻扎在","0","5","5"
"向朝廷进献土","0","5","5"
"云南的守卫大","0","5","5"
"南的守卫大臣","0","5","5"
"使者到京城向","0","5","5"
"朝廷贡献大象","0","5","5"
"谢皇帝的恩德","0","5","5"
"了礼部右侍郎","0","5","5"
"部尚书兼右都","0","5","5"
"尚书兼右都御","0","5","5"
"书兼右都御史","0","5","5"
"兼任武英殿大","0","5","5"
"人们把他比作","0","5","5"
"玉玺的诏书奖","0","5","5"
"办理都察院的","0","5","5"
"世袭锦衣千户","0","5","5"
"升任兵部尚书","0","5","5"
"星的最高处是","0","5","5"
"派遣官员祭告","0","5","5"
"官员祭告天地","0","5","5"
"着册书和宝玺","0","5","5"
"皇帝同意他的","0","5","5"
"十位贤哲弟子","0","5","5"
"行五拜三叩头","0","5","5"
"五拜三叩头礼","0","5","5"
"如同旧有制度","0","5","5"
"如同平常的仪","0","5","5"
"列班进名奉慰","0","5","5"
"武官四品以上","0","5","5"
"皇帝亲自制定","0","5","5"
"奉天门处理政","0","5","5"
"天门处理政事","0","5","5"
"西角门处理政","0","5","5"
"角门处理政事","0","5","5"
"年六月丙子日","0","5","5"
"年六月辛酉日","0","5","5"
"盔甲厂发生火","0","5","5"
"甲厂发生火灾","0","5","5"
"年三月己亥日","0","5","5"
"年二月癸亥日","0","5","5"
"年六月庚寅日","0","5","5"
"平地水深一丈","0","5","5"
"依从他的主张","0","5","5"
"黄河又决堤于","0","5","5"
"派遣官吏祭祀","0","5","5"
"这是不可行之","0","5","5"
"请求从今以后","0","5","5"
"商人交纳粮食","0","5","5"
"一万六千余两","0","5","5"
"历年常规银二","0","5","5"
"外地调防军队","0","5","5"
"下发主管部门","0","5","5"
"发生旱灾和蝗","0","5","5"
"生旱灾和蝗灾","0","5","5"
"河在开封决堤","0","5","5"
"江发生大水灾","0","5","5"
"旗用穿红色服","0","5","5"
"用金粉描绘的","0","5","5"
"露在外面的短","0","5","5"
"在外面的短柱","0","5","5"
"用抹金的嵌有","0","5","5"
"抹金的嵌有花","0","5","5"
"金的嵌有花纹","0","5","5"
"的嵌有花纹的","0","5","5"
"顶加上圆盘高","0","5","5"
"丝带环绕的木","0","5","5"
"带环绕的木板","0","5","5"
"有五彩云图案","0","5","5"
"品级的其它官","0","5","5"
"嵌有花纹的金","0","5","5"
"两个宽大的发","0","5","5"
"个宽大的发鬓","0","5","5"
"有野鸡羽毛图","0","5","5"
"头连三钗一枝","0","5","5"
"云霞鸳鸯花纹","0","5","5"
"云霞练鹊花纹","0","5","5"
"野鸡装饰两只","0","5","5"
"洪武三年规定","0","5","5"
"色高帮白色厚","0","5","5"
"高帮白色厚底","0","5","5"
"永乐三年制定","0","5","5"
"上衣下裳相连","0","5","5"
"如同礼冠服饰","0","5","5"
"永乐三年规定","0","5","5"
"右侍郎各一人","0","5","5"
"用红色绫罗嵌","0","5","5"
"年春正月十二","0","5","5"
"春正月十二日","0","5","5"
"年春正月初一","0","5","5"
"十二年正月十","0","5","5"
"十月二十七日","0","5","5"
"十月二十四日","0","5","5"
"在南郊祭祀天","0","5","5"
"南郊祭祀天地","0","5","5"
"进士及第和其","0","5","5"
"士及第和其他","0","5","5"
"及第和其他不","0","5","5"
"第和其他不同","0","5","5"
"十一月二十九","0","5","5"
"一月二十九日","0","5","5"
"八月二十二日","0","5","5"
"年正月十四日","0","5","5"
"冬十月十三日","0","5","5"
"六月二十一日","0","5","5"
"赈济陕西饥荒","0","5","5"
"七月二十五日","0","5","5"
"七月二十二日","0","5","5"
"八月二十四日","0","5","5"
"琉球前来朝贡","0","5","5"
"三月二十二日","0","5","5"
"及其他不同出","0","5","5"
"十一月初一日","0","5","5"
"十二月十二日","0","5","5"
"四月二十四日","0","5","5"
"安南入朝进贡","0","5","5"
"河南发生饥荒","0","5","5"
"入文渊阁参与","0","5","5"
"山东遭灾税粮","0","5","5"
"免南畿受灾秋","0","5","5"
"同时发生地震","0","5","5"
"部侍郎兼翰林","0","5","5"
"河南受灾秋粮","0","5","5"
"授为开国辅运","0","5","5"
"大将军徐达一","0","5","5"
"继承他的职位","0","5","5"
"年禄一千五百","0","5","5"
"朱元璋亲自率","0","5","5"
"元璋亲自率军","0","5","5"
"被选为庶吉士","0","5","5"
"升为南京刑部","0","5","5"
"又随从皇上北","0","5","5"
"每年一定时节","0","5","5"
"四年乡试中举","0","5","5"
"西部少数民族","0","5","5"
"帝认为他说得","0","5","5"
"放下指挥小旗","0","5","5"
"举行仪式的僎","0","5","5"
"行仪式的僎宾","0","5","5"
"祭祀典礼已列","0","5","5"
"祀典礼已列陈","0","5","5"
"没有出嫁的女","0","5","5"
"有出嫁的女儿","0","5","5"
"出嫁的女儿服","0","5","5"
"嫁的女儿服丧","0","5","5"
"丈夫的兄弟的","0","5","5"
"时休息的大帐","0","5","5"
"休息的大帐篷","0","5","5"
"太常寺官员祭","0","5","5"
"常寺官员祭祀","0","5","5"
"一百八十万四","0","5","5"
"百八十万四千","0","5","5"
"就是黄道赤道","0","5","5"
"半径六十度八","0","5","5"
"六十度八七五","0","5","5"
"道赤道降交点","0","5","5"
"云南发生地震","0","5","5"
"四川发生地震","0","5","5"
"福建发生地震","0","5","5"
"恢复黄河故道","0","5","5"
"成为巨大的湖","0","5","5"
"为巨大的湖泽","0","5","5"
"导引沁水流入","0","5","5"
"部下斩杀敌人","0","5","5"
"轮班调到京城","0","5","5"
"班调到京城的","0","5","5"
"州同日发生地","0","5","5"
"副都御史石星","2","2","4"
"兵部尚书范景","2","2","4"
"总兵官杨御蕃","2","2","4"
"三十五年三月","2","2","4"
"玄元道德哲慧","2","2","4"
"元道德哲慧圣","2","2","4"
"叛将李九成等","2","2","4"
"丰城侯李承祚","2","2","4"
"天下兵马副元","2","2","4"
"下兵马副元帅","2","2","4"
"改右佥都御史","4","0","4"
"靖二十九年进","3","1","4"
"靖三十五年进","4","0","4"
"四川巡抚乔璧","2","2","4"
"川巡抚乔璧星","2","2","4"
"年右佥都御史","4","0","4"
"靖四十一年进","3","1","4"
"兴献王皇叔父","3","1","4"
"治书侍御史文","2","2","4"
"书侍御史文原","2","2","4"
"燕山左卫指挥","2","2","4"
"山左卫指挥佥","2","2","4"
"年册立皇太子","3","1","4"
"历右副都御史","3","1","4"
"巡抚应天十府","3","1","4"
"迁南京刑部员","3","1","4"
"迁南京兵部侍","2","2","4"
"宣府总兵官赵","2","2","4"
"府总兵官赵国","2","2","4"
"总兵官赵国忠","2","2","4"
"征授南京御史","3","1","4"
"年傅友德征云","4","0","4"
"陈友谅犯龙江","4","0","4"
"太平兴国翼元","2","2","4"
"平兴国翼元帅","2","2","4"
"神武卫指挥使","2","2","4"
"西按察司佥事","2","2","4"
"予世袭指挥使","2","2","4"
"同佥枢密院事","2","2","4"
"武德卫指挥使","2","2","4"
"镇南王孛罗普","2","2","4"
"南王孛罗普化","2","2","4"
"户部尚书高弘","2","2","4"
"部尚书高弘图","2","2","4"
"两广总督丁魁","2","2","4"
"广总督丁魁楚","2","2","4"
"布政使顾元镜","2","2","4"
"大清顺治二年","2","2","4"
"顺治二年五月","2","2","4"
"皇太后上尊号","2","2","4"
"戌初三刻十三","2","2","4"
"酉正三刻十一","2","2","4"
"正三刻十一分","2","2","4"
"酉正一刻五分","2","2","4"
"体天弘道高明","2","2","4"
"天弘道高明广","2","2","4"
"弘道高明广运","2","2","4"
"道高明广运圣","2","2","4"
"高明广运圣武","2","2","4"
"明广运圣武神","2","2","4"
"广运圣武神功","2","2","4"
"十九年四月庚","2","2","4"
"十六年四月丙","2","2","4"
"六年四月丙申","2","2","4"
"二十二年二月","2","2","4"
"十二年正月甲","2","2","4"
"城兵马指挥司","2","2","4"
"京户部尚书郑","2","2","4"
"户部尚书郑三","2","2","4"
"兵部员外郎杨","2","2","4"
"部员外郎杨继","2","2","4"
"员外郎杨继盛","2","2","4"
"千四百三十六","2","2","4"
"六十九万二千","2","2","4"
"三十七年七月","2","2","4"
"羽林十七卫亲","2","2","4"
"林十七卫亲军","2","2","4"
"中府掌府事官","2","2","4"
"亲王护卫指挥","2","2","4"
"王护卫指挥使","2","2","4"
"州总兵官一人","2","2","4"
"西总兵官一人","2","2","4"
"一千七百七十","1","3","4"
"八百五十万七","2","2","4"
"二十六万八千","2","2","4"
"二十四年四月","2","2","4"
"一年五月戊寅","2","2","4"
"十二年四月丙","2","2","4"
"嘉靖二年五月","2","2","4"
"二年五月丁丑","2","2","4"
"景泰五年六月","2","2","4"
"天顺元年七月","2","2","4"
"二十八年八月","2","2","4"
"二十九年八月","2","2","4"
"三十七年九月","2","2","4"
"二十四年十二","2","2","4"
"四年十二月辛","2","2","4"
"凤翎叶片装钉","2","2","4"
"佥都御史高明","3","1","4"
"都御史高明考","2","2","4"
"御史高明考察","2","2","4"
"巡抚凤阳都御","2","2","4"
"抚凤阳都御史","2","2","4"
"提督两广军务","2","2","4"
"定设巡抚都御","2","2","4"
"设巡抚都御史","2","2","4"
"提督军务一员","2","2","4"
"镇国将军夫人","2","2","4"
"郡王长子夫人","2","2","4"
"镇国中尉恭人","2","2","4"
"奉国将军淑人","2","2","4"
"一寸九分五厘","2","2","4"
"太祖开天行道","2","2","4"
"祖开天行道肇","2","2","4"
"石抹宜孙守处","3","1","4"
"抹宜孙守处州","3","1","4"
"江西行省丞相","2","2","4"
"圣神文武钦明","2","2","4"
"神文武钦明启","2","2","4"
"文武钦明启运","2","2","4"
"武钦明启运俊","2","2","4"
"钦明启运俊德","2","2","4"
"明启运俊德成","2","2","4"
"启运俊德成功","2","2","4"
"运俊德成功统","2","2","4"
"俊德成功统天","2","2","4"
"德成功统天大","2","2","4"
"成功统天大孝","2","2","4"
"功统天大孝高","2","2","4"
"统天大孝高皇","2","2","4"
"天大孝高皇帝","2","2","4"
"三年春正月癸","3","1","4"
"南京吏部侍郎","2","2","4"
"佥都御史左光","2","2","4"
"都御史左光斗","2","2","4"
"前应天巡抚周","2","2","4"
"左都御史高攀","2","2","4"
"都御史高攀龙","2","2","4"
"巡抚都御史高","2","2","4"
"抚都御史高名","2","2","4"
"都御史高名衡","2","2","4"
"洪武三十五年","1","3","4"
"都督同知李安","2","2","4"
"靖十八年二月","1","3","4"
"保定都御史杨","2","2","4"
"定都御史杨守","2","2","4"
"都御史杨守谦","2","2","4"
"巡抚都御史林","2","2","4"
"刑部侍郎何乔","2","2","4"
"部侍郎何乔新","2","2","4"
"礼部尚书徐学","2","2","4"
"部尚书徐学谟","2","2","4"
"刑部尚书潘季","2","2","4"
"部尚书潘季驯","2","2","4"
"礼部侍郎朱国","2","2","4"
"蓟辽总督万世","2","2","4"
"辽总督万世德","2","2","4"
"总兵官曹文诏","2","2","4"
"延绥巡抚陈奇","2","2","4"
"绥巡抚陈奇瑜","2","2","4"
"十三家七十二","2","2","4"
"三家七十二营","2","2","4"
"保定总督杨文","1","3","4"
"定总督杨文岳","1","3","4"
"大学士李建泰","2","2","4"
"成国公朱纯臣","2","2","4"
"应天巡抚张国","2","2","4"
"天巡抚张国维","2","2","4"
"总兵官牟文绶","2","2","4"
"陕西总督洪承","2","2","4"
"西总督洪承畴","2","2","4"
"安庆巡抚郑二","2","2","4"
"庆巡抚郑二阳","2","2","4"
"万历元年正月","2","2","4"
"益都知县吴宗","2","2","4"
"都知县吴宗尧","2","2","4"
"兵部尚书董汉","2","2","4"
"部尚书董汉儒","2","2","4"
"抚宁侯朱国弼","2","2","4"
"工部郎中万燝","3","1","4"
"兵部侍郎李邦","2","2","4"
"部侍郎李邦华","2","2","4"
"世袭锦衣卫指","2","2","4"
"吏部尚书闵洪","2","2","4"
"部尚书闵洪学","2","2","4"
"左副都御史王","2","2","4"
"兵部尚书张凤","2","2","4"
"部尚书张凤翼","2","2","4"
"乌撒诸蛮复叛","3","1","4"
"军西平侯沐英","2","2","4"
"傅友德征南将","4","0","4"
"友德征南将军","4","0","4"
"靖宁侯叶升等","2","2","4"
"永宁宣抚司女","2","2","4"
"宁宣抚司女土","2","2","4"
"宣抚司女土官","2","2","4"
"抚司女土官奢","2","2","4"
"乌撒土舍安宁","2","2","4"
"建昌卫指挥使","2","2","4"
"行都指挥使司","2","2","4"
"州卫指挥使司","2","2","4"
"御史大夫丁玉","2","2","4"
"松潘卫指挥吴","2","2","4"
"潘卫指挥吴玮","2","2","4"
"龙溪等三十七","2","2","4"
"松潘指挥佥事","2","2","4"
"番等处宣慰司","2","2","4"
"左都督徐增寿","2","2","4"
"都御史陈镒等","2","2","4"
"宁阳侯陈懋等","2","2","4"
"命吏部尚书王","2","2","4"
"天顺五年七月","2","2","4"
"兵部尚书项忠","2","2","4"
"左都御史李宾","2","2","4"
"刑部员外郎林","2","2","4"
"部员外郎林俊","2","2","4"
"南京参赞尚书","2","2","4"
"五官监候杨源","2","2","4"
"吏部尚书焦芳","2","2","4"
"御史薄彦徽等","2","2","4"
"吏部尚书张彩","2","2","4"
"安化王寘鐇反","4","0","4"
"右都御史杨一","2","2","4"
"兵部尚书王敞","2","2","4"
"兵部侍郎陆完","2","2","4"
"吏部尚书尹旻","4","0","4"
"都御史余子俊","2","2","4"
"威武大将军朱","2","2","4"
"武大将军朱寿","2","2","4"
"后府都督佥事","2","2","4"
"擢都指挥同知","4","0","4"
"本卫指挥佥事","2","2","4"
"吏部尚书熊浃","2","2","4"
"征南将军邓愈","2","2","4"
"大田军民千户","2","2","4"
"田军民千户所","2","2","4"
"兵一千五百人","2","2","4"
"木册长官田谷","2","2","4"
"册长官田谷佐","2","2","4"
"东乡五路安抚","2","2","4"
"湖广巡按御史","2","2","4"
"巡按御史周斗","4","0","4"
"等处军民安抚","2","2","4"
"处军民安抚司","2","2","4"
"广都指挥使司","2","2","4"
"贵州贼妇米鲁","4","0","4"
"永顺宣慰彭明","2","2","4"
"顺宣慰彭明辅","2","2","4"
"都御史吴廷举","2","2","4"
"都察院左副都","2","2","4"
"察院左副都御","2","2","4"
"院左副都御史","2","2","4"
"佥都御史俞士","2","2","4"
"都御史俞士吉","2","2","4"
"举弘治十八年","4","0","4"
"进南京礼部尚","4","0","4"
"礼部尚书张璧","2","2","4"
"京吏部尚书张","2","2","4"
"吏部尚书张治","2","2","4"
"文华督察军情","2","2","4"
"登莱巡抚孙元","2","2","4"
"莱巡抚孙元化","2","2","4"
"尚书吕维祺等","2","2","4"
"大学士何吾驺","2","2","4"
"陕西华亭知县","2","2","4"
"西华亭知县徐","2","2","4"
"华亭知县徐兆","2","2","4"
"提学御史倪元","2","2","4"
"学御史倪元珙","2","2","4"
"礼部侍郎钱谦","2","2","4"
"部侍郎钱谦益","2","2","4"
"兵部侍郎吕大","2","2","4"
"部侍郎吕大器","2","2","4"
"巡按御史黄澍","2","2","4"
"四川提学副使","2","2","4"
"副都御史杨所","2","2","4"
"都御史杨所修","2","2","4"
"副都御史李夔","2","2","4"
"都御史李夔龙","2","2","4"
"南京御史涂世","2","2","4"
"京御史涂世业","2","2","4"
"尚书周嘉谟等","2","2","4"
"崇祯元年六月","2","2","4"
"都御史温纯等","2","2","4"
"都御史巡抚保","4","0","4"
"御史巡抚保定","4","0","4"
"擢大理右寺丞","4","0","4"
"学士叶向高等","2","2","4"
"巡按御史颜思","2","2","4"
"按御史颜思忠","2","2","4"
"佥都御史王德","2","2","4"
"都御史王德完","2","2","4"
"顺义王乞庆哈","2","2","4"
"迁南京户部尚","4","0","4"
"都御史巡抚湖","4","0","4"
"御史巡抚湖广","4","0","4"
"四十三年五月","2","2","4"
"吏部侍郎陆光","2","2","4"
"部侍郎陆光祖","2","2","4"
"迁山西按察使","4","0","4"
"召工部右侍郎","4","0","4"
"诏加太子少保","4","0","4"
"总督漕运巡抚","4","0","4"
"督漕运巡抚凤","4","0","4"
"漕运巡抚凤阳","4","0","4"
"陕西巡抚乔应","2","2","4"
"西巡抚乔应甲","2","2","4"
"礼部侍郎韩世","2","2","4"
"部侍郎韩世能","2","2","4"
"崇信伯费甲金","2","2","4"
"尚书孙丕扬等","2","2","4"
"擢南京礼部右","4","0","4"
"三十五年五月","2","2","4"
"三十七年二月","2","2","4"
"四十二年二月","2","2","4"
"天启元年十月","2","2","4"
"杨涟劾魏忠贤","4","0","4"
"工部尚书张凤","2","2","4"
"部尚书张凤翔","2","2","4"
"湖广税监陈奉","2","2","4"
"总兵官王治道","2","2","4"
"兵部尚书方逢","2","2","4"
"部尚书方逢时","2","2","4"
"斩首八百四十","2","2","4"
"十九年闰三月","2","2","4"
"巡按御史胡克","2","2","4"
"按御史胡克俭","2","2","4"
"都体察使李元","2","2","4"
"体察使李元翼","2","2","4"
"明年正月二日","4","0","4"
"三百九十七法","2","2","4"
"后卫指挥刘忠","2","2","4"
"卫指挥刘忠嗣","2","2","4"
"劾南京兵部尚","2","2","4"
"职方郎张若麒","2","2","4"
"七月二十八日","1","3","4"
"太宗文皇帝亲","2","2","4"
"总督郑崇俭率","2","2","4"
"都御史李邦华","2","2","4"
"顺治二年四月","2","2","4"
"斩首一千二百","2","2","4"
"遣参将贺人龙","3","1","4"
"世袭锦衣佥事","1","3","4"
"会总督洪承畴","4","0","4"
"吏部稽勋主事","2","2","4"
"吏部文选主事","2","2","4"
"开国公赵印选","2","2","4"
"大学士杨嗣昌","2","2","4"
"擢刑部右侍郎","4","0","4"
"吏部尚书李日","2","2","4"
"部尚书李日宣","2","2","4"
"尚书李日宣等","2","2","4"
"尚书陈新甲下","3","1","4"
"书陈新甲下狱","3","1","4"
"召兵部左侍郎","4","0","4"
"天津兵备副使","2","2","4"
"旋擢右佥都御","4","0","4"
"太仆少卿马绍","2","2","4"
"仆少卿马绍愉","2","2","4"
"吏部侍郎黄宗","2","2","4"
"部侍郎黄宗载","2","2","4"
"清军御史李立","2","2","4"
"成化十四年进","2","2","4"
"化十四年进士","2","2","4"
"南京光禄少卿","3","1","4"
"东平伯刘泽清","2","2","4"
"召左佥都御史","4","0","4"
"山西提学佥事","2","2","4"
"月擢右佥都御","4","0","4"
"大学士徐光启","2","2","4"
"都御史易应昌","2","2","4"
"云南援将赵印","2","2","4"
"南援将赵印选","2","2","4"
"南安侯郝永忠","2","2","4"
"顺治三年三月","2","2","4"
"兵部尚书熊明","2","2","4"
"部尚书熊明遇","2","2","4"
"嘉靖二年进士","2","2","4"
"江西按察副使","2","2","4"
"宣府总兵官马","2","2","4"
"府总兵官马芳","2","2","4"
"南京振武营兵","3","1","4"
"隆庆元年五月","2","2","4"
"大学士赵贞吉","2","2","4"
"曰慈圣皇太后","4","0","4"
"前礼部尚书潘","2","2","4"
"礼部尚书潘晟","2","2","4"
"龙虎山正一真","2","2","4"
"虎山正一真人","2","2","4"
"阁大学士入参","4","0","4"
"南京御史王麟","2","2","4"
"京御史王麟趾","2","2","4"
"总督都御史刘","2","2","4"
"兵部尚书郭乾","2","2","4"
"大学士高拱掌","3","1","4"
"员外郎赵南星","2","2","4"
"召户部右侍郎","4","0","4"
"擢南京右都御","4","0","4"
"副都御史詹仰","2","2","4"
"都御史詹仰庇","2","2","4"
"累迁右副都御","4","0","4"
"辽东苑马寺卿","2","2","4"
"吏部尚书孙鑨","4","0","4"
"召工部左侍郎","4","0","4"
"总兵官王继祖","2","2","4"
"四十二年十月","2","2","4"
"都御史葛守礼","2","2","4"
"嘉靖十一年进","3","1","4"
"靖十一年进士","3","1","4"
"劾吏部尚书汪","2","2","4"
"吏部尚书汪鋐","3","1","4"
"吏部尚书严讷","2","2","4"
"刑部尚书毛恺","2","2","4"
"天下名山大川","3","1","4"
"嘉靖二十年进","3","1","4"
"靖二十年进士","3","1","4"
"贵州提学副使","2","2","4"
"进户部右侍郎","4","0","4"
"迁南京兵部尚","4","0","4"
"顺天巡抚耿随","2","2","4"
"陕西巡抚戴才","2","2","4"
"东总兵官李成","2","2","4"
"三百八十二条","2","2","4"
"东厂太监张鲸","2","2","4"
"都御史巡抚贵","3","1","4"
"御史巡抚贵州","3","1","4"
"礼部尚书罗万","2","2","4"
"部尚书罗万化","2","2","4"
"刑部尚书萧大","2","2","4"
"南京御史朱吾","2","2","4"
"京御史朱吾弼","2","2","4"
"户部尚书李汝","2","2","4"
"部尚书李汝华","2","2","4"
"礼部仪制主事","2","2","4"
"二十七年九月","2","2","4"
"少詹事文震孟","2","2","4"
"兵部侍郎熊绣","2","2","4"
"永乐十六年进","3","1","4"
"乐十六年进士","3","1","4"
"景泰五年进士","3","1","4"
"湖广右布政使","2","2","4"
"巡按江西御史","2","2","4"
"江西巡抚林俊","2","2","4"
"大理寺左少卿","1","3","4"
"户部尚书周经","2","2","4"
"南京侍讲学士","2","2","4"
"十三年进士第","3","1","4"
"左春坊左中允","2","2","4"
"学士李东阳等","2","2","4"
"十三万二千余","1","3","4"
"四年会试第一","2","2","4"
"定国公徐光祚","2","2","4"
"成化末年进士","2","2","4"
"渊阁大学士入","3","1","4"
"本生父兴献帝","2","2","4"
"恭睿渊仁宽穆","2","2","4"
"睿渊仁宽穆纯","2","2","4"
"仁宽穆纯圣献","2","2","4"
"宽穆纯圣献皇","2","2","4"
"穆纯圣献皇帝","2","2","4"
"知天守道洪德","2","2","4"
"天守道洪德渊","2","2","4"
"守道洪德渊仁","2","2","4"
"道洪德渊仁宽","2","2","4"
"洪德渊仁宽穆","2","2","4"
"德渊仁宽穆纯","2","2","4"
"仁宽穆纯圣恭","2","2","4"
"宽穆纯圣恭俭","2","2","4"
"穆纯圣恭俭敬","2","2","4"
"纯圣恭俭敬文","2","2","4"
"圣恭俭敬文献","2","2","4"
"恭俭敬文献皇","2","2","4"
"俭敬文献皇帝","2","2","4"
"寻进兵部尚书","4","0","4"
"辽东总兵官杨","2","2","4"
"东总兵官杨文","2","2","4"
"太孙留守北京","2","2","4"
"永乐二年四月","2","2","4"
"庆卫指挥佥事","2","2","4"
"辽东兵围永平","3","1","4"
"洪熙元年三月","2","2","4"
"迁右军都督佥","4","0","4"
"中军都督府左","2","2","4"
"累进都指挥同","4","0","4"
"都督同知王佐","2","2","4"
"二十六年六月","2","2","4"
"北平按察司佥","2","2","4"
"平按察司佥事","2","2","4"
"遣指挥武胜上","3","1","4"
"大同守将房昭","2","2","4"
"设贵州布政司","2","2","4"
"宣德二年三月","2","2","4"
"召英国公张辅","2","2","4"
"吏部尚书杨旦","2","2","4"
"吏部尚书王琼","2","2","4"
"三十一年正月","1","3","4"
"刑部尚书何鳌","2","2","4"
"三十五年二月","2","2","4"
"总兵官姜应熊","2","2","4"
"副总兵戚继光","2","2","4"
"提学副使李梦","2","2","4"
"学副使李梦阳","2","2","4"
"广西提学佥事","2","2","4"
"两广总督潘旦","2","2","4"
"黔国公沐绍勋","2","2","4"
"部尚书王时中","2","2","4"
"尚书王时中等","2","2","4"
"足失人心致危","4","0","4"
"失人心致危乱","4","0","4"
"人心致危乱者","4","0","4"
"三十六年九月","2","2","4"
"三十四年九月","2","2","4"
"侍郎赵文华督","2","2","4"
"郎赵文华督察","2","2","4"
"斩首三百余级","2","2","4"
"巡按御史王本","2","2","4"
"按御史王本固","2","2","4"
"副总兵俞大猷","2","2","4"
"巡按御史胡宗","2","2","4"
"按御史胡宗宪","2","2","4"
"督储侍郎黄懋","2","2","4"
"甘肃游击将军","2","2","4"
"子锦衣世千户","4","0","4"
"二十七年八月","2","2","4"
"崇祯八年正月","1","3","4"
"署都指挥同知","4","0","4"
"吏部尚书桂萼","2","2","4"
"兵部尚书毛伯","2","2","4"
"部尚书毛伯温","2","2","4"
"湖广提学副使","2","2","4"
"陕西右布政使","2","2","4"
"咸宁侯仇鸾镇","2","2","4"
"大同总兵官仇","2","2","4"
"大理卿沈良才","2","2","4"
"总兵官殷尚质","2","2","4"
"兵官殷尚质等","2","2","4"
"劾吏部尚书廖","2","2","4"
"锦衣百户王邦","2","2","4"
"衣百户王邦奇","2","2","4"
"都御史巡抚云","2","2","4"
"御史巡抚云南","2","2","4"
"兵部尚书王宪","2","2","4"
"都御史毛伯温","2","2","4"
"劾吏部尚书杨","2","2","4"
"尚书胡世宁等","2","2","4"
"孝烈皇后方氏","2","2","4"
"二十九年十月","2","2","4"
"隆庆元年三月","2","2","4"
"浙江行省参政","2","2","4"
"征南将军廖永","2","2","4"
"南将军廖永忠","2","2","4"
"府军卫指挥使","2","2","4"
"二十三年追论","4","0","4"
"湖广行省左丞","2","2","4"
"主脱古思帖木","2","2","4"
"元平章达里麻","2","2","4"
"征虏左副将军","2","2","4"
"二十六年二月","2","2","4"
"策卫指挥佥事","2","2","4"
"擢大都督府佥","4","0","4"
"中军都督府佥","2","2","4"
"友谅骁将张定","3","1","4"
"谅骁将张定边","3","1","4"
"中书省平章政","2","2","4"
"书省平章政事","2","2","4"
"省左右司郎中","2","2","4"
"江南行中书省","2","2","4"
"荐曹国公李景","2","2","4"
"国公李景隆代","2","2","4"
"将军李文忠北","2","2","4"
"军李文忠北征","2","2","4"
"威武卫指挥佥","2","2","4"
"大都督府左都","2","2","4"
"十三年坐胡惟","4","0","4"
"三年坐胡惟庸","4","0","4"
"阳卫指挥佥事","2","2","4"
"子孙世袭指挥","1","3","4"
"广东行省参政","2","2","4"
"播州宣慰使司","2","2","4"
"贵州巡抚陈俨","2","2","4"
"安守御千户所","2","2","4"
"贵州巡抚叶梦","2","2","4"
"州巡抚叶梦熊","2","2","4"
"事中张希皋等","2","2","4"
"贵州巡抚江东","2","2","4"
"永宁宣抚奢贵","2","2","4"
"布政使朱燮元","2","2","4"
"贵州巡抚王三","2","2","4"
"州巡抚王三善","2","2","4"
"五万八千七百","2","2","4"
"二十四年五月","2","2","4"
"二十年十一月","2","2","4"
"兵部尚书张经","2","2","4"
"部尚书张经总","2","2","4"
"书张经总督军","2","2","4"
"张经总督军务","2","2","4"
"工部侍郎赵文","2","2","4"
"部侍郎赵文华","2","2","4"
"嘉兴人沈惟敬","2","2","4"
"山北王怕尼芝","2","2","4"
"弘治元年七月","2","2","4"
"福建巡抚许孚","2","2","4"
"建巡抚许孚远","2","2","4"
"三十一年二月","2","2","4"
"总兵官杨宗业","2","2","4"
"乐元年十一月","2","2","4"
"都督同知缑谦","2","2","4"
"甘肃巡抚李昆","2","2","4"
"兵部尚书金献","2","2","4"
"部尚书金献民","2","2","4"
"总制尚书王宪","2","2","4"
"太祖洪武元年","2","2","4"
"子脱古思帖木","2","2","4"
"定远侯王弼等","2","2","4"
"吏部侍郎叶盛","2","2","4"
"吏部侍郎王鏊","2","2","4"
"指挥赵源战死","2","2","4"
"督三边侍郎曾","2","2","4"
"兵部侍郎谭纶","2","2","4"
"吉能都督同知","3","1","4"
"总兵官沐天波","2","2","4"
"洱水东趋上关","3","1","4"
"阿迷州土官普","2","2","4"
"都督佥事何福","2","2","4"
"巡抚刘世曾请","2","2","4"
"遣大陶孟伦索","2","2","4"
"礼部尚书任亨","2","2","4"
"部尚书任亨泰","2","2","4"
"刑部尚书杨靖","2","2","4"
"骠骑将军朱荣","2","2","4"
"都督佥事吕毅","2","2","4"
"三百一十二万","1","3","4"
"二百五十三万","2","2","4"
"命成山侯王通","2","2","4"
"成山侯王通征","3","1","4"
"按察使杨时习","2","2","4"
"兵部侍郎徐琦","2","2","4"
"云南镇守中官","3","1","4"
"黔国公沐朝辅","2","2","4"
"钦州知州林希","2","2","4"
"州知州林希元","2","2","4"
"枢密使延安答","2","2","4"
"二十四年三月","2","2","4"
"二十五年九月","2","2","4"
"二十一年七月","2","2","4"
"四十二年九月","2","2","4"
"十七年十一月","2","2","4"
"十九年十一月","2","2","4"
"山东巡抚颜继","2","2","4"
"东巡抚颜继祖","2","2","4"
"永宁宣抚奢崇","2","2","4"
"宁宣抚奢崇明","2","2","4"
"巡按御史史永","2","2","4"
"按御史史永安","2","2","4"
"洪边十二马头","2","2","4"
"湖广总督何腾","2","2","4"
"广总督何腾蛟","2","2","4"
"六百四十余人","2","2","4"
"三十八年七月","2","2","4"
"嘉靖二年四月","2","2","4"
"户部尚书秦金","2","2","4"
"刑部尚书赵鉴","2","2","4"
"阁大学士参预","3","1","4"
"大学士参预机","3","1","4"
"少詹事江汝璧","2","2","4"
"礼部尚书吴山","2","2","4"
"吉安知府伍文","2","2","4"
"安知府伍文定","2","2","4"
"湖广巡抚秦金","2","2","4"
"奉新知县刘守","2","2","4"
"新知县刘守绪","2","2","4"
"成化二十年进","2","2","4"
"化二十年进士","2","2","4"
"福建左布政使","2","2","4"
"礼部尚书汪俊","2","2","4"
"詹事翰林学士","4","0","4"
"成化八年进士","2","2","4"
"嘉靖三年十二","2","2","4"
"靖三年十二月","2","2","4"
"刑部尚书周伦","2","2","4"
"南赣巡抚王守","2","2","4"
"赣巡抚王守仁","2","2","4"
"咸宁伯仇钺提","2","2","4"
"宁伯仇钺提督","2","2","4"
"伯仇钺提督军","2","2","4"
"仇钺提督军务","2","2","4"
"二十七年三月","2","2","4"
"兵部尚书右副","4","0","4"
"吏部郎中彭泽","2","2","4"
"刑部尚书喻茂","2","2","4"
"部尚书喻茂坚","2","2","4"
"宣德元年八月","2","2","4"
"尚书张本镇抚","2","2","4"
"都督佥事李谦","2","2","4"
"督佥事李谦守","2","2","4"
"都御史罗亨信","2","2","4"
"永平卫指挥使","2","2","4"
"山东都指挥使","2","2","4"
"分守宁夏西路","2","2","4"
"六百七十五人","2","2","4"
"右都御史史琳","2","2","4"
"正德元年四月","2","2","4"
"征虏前将军印","2","2","4"
"正统三年十二","2","2","4"
"统三年十二月","2","2","4"
"金吾右卫指挥","2","2","4"
"延绥游击将军","2","2","4"
"弘治元年正月","1","3","4"
"刑部尚书何乔","2","2","4"
"部尚书何乔新","2","2","4"
"湖广总兵官李","2","2","4"
"广总兵官李震","2","2","4"
"大学士商辂等","2","2","4"
"恩城知州岑钦","2","2","4"
"周天三百六十","2","2","4"
"行二百五十里","2","2","4"
"千六百四十七","2","2","4"
"六百四十七里","2","2","4"
"崇祯元年所测","2","2","4"
"千三百四十七","2","2","4"
"初一刻十二分","3","1","4"
"戌初二刻五分","2","2","4"
"寅初二刻八分","2","2","4"
"戌正三刻二分","2","2","4"
"亥初初刻十二","2","2","4"
"初初刻十二分","2","2","4"
"丑正三刻三分","2","2","4"
"戌初初刻十四","2","2","4"
"初初刻十四分","2","2","4"
"寅正三刻一分","2","2","4"
"卯初初刻四分","2","2","4"
"卯初一刻五分","2","2","4"
"卯初二刻二分","2","2","4"
"东布政司所属","2","2","4"
"南布政司所属","2","2","4"
"洪武元年定制","4","0","4"
"宣德四年十月","2","2","4"
"总协戎政官率","2","2","4"
"太皇太后丧礼","2","2","4"
"四十七年二月","2","2","4"
"内侍请神主降","4","0","4"
"洪熙元年正月","2","2","4"
"二十年十二月","2","2","4"
"正统八年十一","2","2","4"
"统八年十一月","2","2","4"
"成化六年二月","2","2","4"
"历二十五年二","2","2","4"
"五年二月壬午","2","2","4"
"年十一月癸亥","2","2","4"
"年十二月己未","3","1","4"
"十一年二月戊","2","2","4"
"年十二月辛亥","2","2","4"
"四年三月戊午","2","2","4"
"十年正月庚寅","2","2","4"
"六年十一月己","2","2","4"
"年十一月己亥","2","2","4"
"三年二月己卯","2","2","4"
"六年三月丁亥","2","2","4"
"十五年四月癸","2","2","4"
"五年四月癸卯","2","2","4"
"十一年八月乙","2","2","4"
"年十一月辛亥","2","2","4"
"五年二月壬子","2","2","4"
"十五年五月甲","2","2","4"
"十九年十二月","2","2","4"
"二十一年六月","2","2","4"
"三十一年九月","2","2","4"
"五年二月乙卯","2","2","4"
"四年十一月己","2","2","4"
"四十六年闰四","2","2","4"
"十六年闰四月","2","2","4"
"四十七年四月","2","2","4"
"泰昌元年十月","2","2","4"
"十一年四月戊","2","2","4"
"一年四月戊戌","2","2","4"
"弘治三年三月","2","2","4"
"正德元年三月","2","2","4"
"十二年五月己","2","2","4"
"二年五月己亥","2","2","4"
"隆庆二年三月","2","2","4"
"十一年二月庚","2","2","4"
"天启六年五月","2","2","4"
"十三年六月壬","2","2","4"
"成化十三年二","2","2","4"
"化十三年二月","2","2","4"
"三十七年五月","2","2","4"
"七年五月戊辰","2","2","4"
"十三年四月乙","2","2","4"
"建文元年三月","2","2","4"
"永乐元年三月","2","2","4"
"宣德元年五月","2","2","4"
"一万一千八百","1","3","4"
"万历元年七月","2","2","4"
"年五月癸巳朔","2","2","4"
"四十五年五月","2","2","4"
"三年十二月癸","2","2","4"
"年十二月癸亥","2","2","4"
"崇祯六年五月","2","2","4"
"祯六年五月癸","2","2","4"
"奉天承运大明","2","2","4"
"天承运大明天","2","2","4"
"承运大明天子","2","2","4"
"运大明天子宝","2","2","4"
"中书舍人二十","2","2","4"
"书舍人二十人","2","2","4"
"天下府州县官","2","2","4"
"尚书夏原吉请","2","2","4"
"文重一钱三分","2","2","4"
"兵部尚书王象","2","2","4"
"户部尚书方钝","2","2","4"
"部尚书方钝等","2","2","4"
"都御史刘大夏","2","2","4"
"沙漠遗民三万","2","2","4"
"漠遗民三万二","2","2","4"
"遗民三万二千","2","2","4"
"四万五千八百","2","2","4"
"户部尚书李敏","2","2","4"
"工部侍郎王永","2","2","4"
"工部尚书石璞","2","2","4"
"护城堤五十丈","2","2","4"
"弘治二年五月","2","2","4"
"徐州小浮桥流","1","3","4"
"总漕都御史李","2","2","4"
"兖州知府龚弘","2","2","4"
"丁家口上下堤","2","2","4"
"家口上下堤岸","2","2","4"
"马牧集鸳鸯口","2","2","4"
"光禄少卿黄绾","2","2","4"
"都御史胡世宁","2","2","4"
"总河都御史翁","2","2","4"
"河都御史翁大","2","2","4"
"清河县河南镇","2","2","4"
"都御史万恭等","2","2","4"
"奉天翊卫推诚","2","2","4"
"五军都督府掌","2","2","4"
"京卫指挥使司","2","2","4"
"置帐前总制亲","2","2","4"
"亲军都指挥使","2","2","4"
"卫亲军都护府","2","2","4"
"留守卫指挥使","2","2","4"
"守卫指挥使司","2","2","4"
"分守参将七人","2","2","4"
"游击将军三人","2","2","4"
"游击将军四人","2","2","4"
"分守参将二人","2","2","4"
"游击将军一人","2","2","4"
"粮二百七十四","2","2","4"
"二百七十四万","2","2","4"
"支运七十万石","2","2","4"
"令广东海运二","2","2","4"
"广东海运二十","2","2","4"
"东海运二十万","2","2","4"
"海运二十万石","2","2","4"
"礼部尚书姚夔","2","2","4"
"陕西织造羊绒","2","2","4"
"天下学校师生","2","2","4"
"百六十二万五","2","2","4"
"六十二万五千","2","2","4"
"二万二千馀两","4","0","4"
"京运年例银十","4","0","4"
"浙盐引银二万","2","2","4"
"二十七万九千","2","2","4"
"岁入太仓馀盐","4","0","4"
"入太仓馀盐银","4","0","4"
"御史鄢懋卿总","2","2","4"
"驸马都尉欧阳","2","2","4"
"马都尉欧阳伦","2","2","4"
"户部尚书黄福","2","2","4"
"秋粮二百七十","2","2","4"
"尚书梁廷栋请","2","2","4"
"吏部尚书林瀚","2","2","4"
"十六年四月辛","2","2","4"
"六年四月辛亥","2","2","4"
"十四年三月戊","2","2","4"
"靖元年正月丁","2","2","4"
"元年正月丁卯","2","2","4"
"二十二年四月","2","2","4"
"六年十一月辛","2","2","4"
"七年八月甲午","2","2","4"
"五年四月丁酉","2","2","4"
"成化元年四月","2","2","4"
"六年八月己巳","2","2","4"
"元年六月戊辰","2","2","4"
"十一年六月甲","2","2","4"
"元年四月甲申","2","2","4"
"十三年五月乙","2","2","4"
"三年五月乙酉","2","2","4"
"十四年七月丙","2","2","4"
"四年七月丙戌","2","2","4"
"十六年五月戊","2","2","4"
"四十六年三月","2","2","4"
"十六年三月庚","2","2","4"
"十年四月乙亥","2","2","4"
"成化三年六月","2","2","4"
"十七年七月己","2","2","4"
"弘治元年五月","2","2","4"
"治元年五月丙","2","2","4"
"十四年闰七月","2","2","4"
"四年十二月壬","2","2","4"
"隆庆元年八月","2","2","4"
"十七年八月甲","2","2","4"
"十四年四月癸","2","2","4"
"十一年二月乙","2","2","4"
"天启元年七月","2","2","4"
"正德七年六月","2","2","4"
"十三年五月癸","2","2","4"
"四十五年八月","2","2","4"
"嘉靖元年二月","2","2","4"
"四年六月辛亥","2","2","4"
"十三年正月己","2","2","4"
"三年五月癸亥","2","2","4"
"十三年正月庚","2","2","4"
"洪熙元年六月","2","2","4"
"嘉靖元年七月","2","2","4"
"四十一年六月","2","2","4"
"崇祯元年七月","2","2","4"
"年十二月癸未","2","2","4"
"十五年九月丙","2","2","4"
"五年九月丙戌","2","2","4"
"年十一月己丑","2","2","4"
"十六年二月庚","2","2","4"
"左相国李善长","2","2","4"
"洪武元年十月","2","2","4"
"旗青甲士五人","4","0","4"
"莲花瓣轮盘装","2","2","4"
"花瓣轮盘装钉","2","2","4"
"描金香草板十","4","0","4"
"金香草板十二","4","0","4"
"雕木贴金边耀","4","0","4"
"木贴金边耀叶","4","0","4"
"贴金边耀叶板","4","0","4"
"间绘五彩云衬","4","0","4"
"绘五彩云衬板","4","0","4"
"施黄绮沥水三","4","0","4"
"黄绮沥水三层","4","0","4"
"左右转角阑干","4","0","4"
"高一丈二尺五","2","2","4"
"圆盘高二尺六","2","2","4"
"盘高二尺六寸","2","2","4"
"座高三尺二寸","2","2","4"
"沉香色描金云","4","0","4"
"四丈三尺五寸","2","2","4"
"顶黄线圆条四","4","0","4"
"江西巡抚韩雍","2","2","4"
"镀金云头连三","2","2","4"
"翠云二十四片","4","0","4"
"定殿内侑食乐","3","1","4"
"方花小袖单袍","2","2","4"
"十三道监察御","2","2","4"
"三道监察御史","2","2","4"
"左春坊左司直","2","2","4"
"乌纱折角向上","2","2","4"
"辅国将军夫人","2","2","4"
"辅国中尉宜人","2","2","4"
"尚书马文升言","4","0","4"
"学士杨士奇等","2","2","4"
"礼部尚书陶凯","2","2","4"
"兵部侍郎张璁","2","2","4"
"礼部郎中高桂","2","2","4"
"左都御史杨善","2","2","4"
"饰浑金沥粉蟠","4","0","4"
"二十六年定制","4","0","4"
"御史大夫福寿","2","2","4"
"平章察罕帖木","2","2","4"
"三年春正月丙","4","0","4"
"斩首二千余级","4","0","4"
"二十七年春正","3","1","4"
"年春正月甲申","4","0","4"
"遗诏传位皇太","2","2","4"
"诏传位皇太子","2","2","4"
"年春正月辛巳","4","0","4"
"驸马都尉李祺","2","2","4"
"宣慰使思伦发","2","2","4"
"置大宁都指挥","2","2","4"
"宁都指挥使司","2","2","4"
"三年春正月丁","4","0","4"
"万四千四百三","2","2","4"
"四千四百三十","2","2","4"
"四千五百六十","2","2","4"
"年春正月甲午","4","0","4"
"五年春正月癸","4","0","4"
"六年春正月丁","4","0","4"
"年春正月丁丑","4","0","4"
"年春正月辛卯","4","0","4"
"免四川灾税粮","4","0","4"
"二年春正月乙","4","0","4"
"都督佥事蓝玉","2","2","4"
"冬十一月甲午","4","0","4"
"四年春正月丁","4","0","4"
"辽东巡按御史","2","2","4"
"奉两宫皇太后","2","2","4"
"两宫皇太后徽","2","2","4"
"宫皇太后徽号","2","2","4"
"建文诸臣外亲","2","2","4"
"三年春正月辛","4","0","4"
"年春正月壬辰","4","0","4"
"年春正月己亥","4","0","4"
"礼部尚书沈一","2","2","4"
"部尚书沈一贯","2","2","4"
"州宣慰使杨应","2","2","4"
"宣慰使杨应龙","2","2","4"
"经略朝鲜军务","2","2","4"
"年春正月己未","4","0","4"
"巡抚都御史赵","2","2","4"
"巡抚都御史陈","2","2","4"
"礼部右侍郎孙","2","2","4"
"十五年春二月","3","1","4"
"四十八年八月","2","2","4"
"十八年十二月","2","2","4"
"兵部右侍郎刘","2","2","4"
"总兵官贺虎臣","2","2","4"
"总兵官陈洪范","2","2","4"
"巡抚都御史许","2","2","4"
"年春正月己丑","4","0","4"
"兵官尤世威等","2","2","4"
"天巡抚都御史","2","2","4"
"抚都御史张国","2","2","4"
"都御史张国维","2","2","4"
"东巡抚都御史","2","2","4"
"总兵官杨愈懋","2","2","4"
"巡抚都御史何","2","2","4"
"年春正月癸亥","4","0","4"
"兵部尚书王永","2","2","4"
"总兵官曹变蛟","2","2","4"
"总兵官吴三桂","2","2","4"
"巡抚都御史丘","2","2","4"
"山西总兵官许","2","2","4"
"西总兵官许定","2","2","4"
"总兵官许定国","2","2","4"
"巡按御史刘熙","2","2","4"
"按御史刘熙祚","2","2","4"
"三十一年闰五","2","2","4"
"十一年闰五月","2","2","4"
"武安侯郑亨镇","2","2","4"
"参政叶春巡视","2","2","4"
"政叶春巡视南","2","2","4"
"叶春巡视南畿","2","2","4"
"御奉天殿受朝","4","0","4"
"奉天殿受朝贺","4","0","4"
"丰城侯李彬镇","2","2","4"
"球中山入贡者","4","0","4"
"行部尚书黄福","2","2","4"
"副都御史贾谅","2","2","4"
"都御史王文巡","2","2","4"
"刑部尚书金濂","2","2","4"
"福建贼邓茂七","2","2","4"
"都督同知刘安","2","2","4"
"副都御史刘广","2","2","4"
"都御史刘广衡","2","2","4"
"吏部尚书何文","2","2","4"
"部尚书何文渊","2","2","4"
"十四万八千余","1","3","4"
"上皇太后尊号","2","2","4"
"免陕西灾秋粮","4","0","4"
"上帝玄极宝殿","4","0","4"
"兵部侍郎白圭","2","2","4"
"刑部尚书陆瑜","2","2","4"
"免河南灾秋粮","4","0","4"
"明年上元灯火","4","0","4"
"召大学士刘健","3","1","4"
"总制三边都御","2","2","4"
"制三边都御史","2","2","4"
"提督军务都御","2","2","4"
"督军务都御史","2","2","4"
"南京工部侍郎","2","2","4"
"四川都御史张","2","2","4"
"吏部尚书李默","2","2","4"
"左都御史陈金","2","2","4"
"户部侍郎丛兰","2","2","4"
"都御史王守仁","2","2","4"
"都御史何孟春","2","2","4"
"太监怀恩同法","2","2","4"
"永乐十九年进","3","1","4"
"乐十九年进士","3","1","4"
"礼部尚书林尧","2","2","4"
"部尚书林尧俞","2","2","4"
"亲军卫指挥使","2","2","4"
"冬十月辛丑朔","3","1","4"
"丰城侯李彬等","2","2","4"
"十二年复北征","4","0","4"
"斩首三万七千","2","2","4"
"首三万七千余","2","2","4"
"帐前总制亲兵","2","2","4"
"立永兴翼元帅","2","2","4"
"右相国李善长","2","2","4"
"江西行省参知","2","2","4"
"西行省参知政","2","2","4"
"同知都督府事","2","2","4"
"江南行省参政","2","2","4"
"永新守将周安","2","2","4"
"江南儒学提举","2","2","4"
"田一千三百余","2","2","4"
"浙江行省平章","2","2","4"
"南京锦衣卫世","2","2","4"
"京锦衣卫世指","2","2","4"
"锦衣卫世指挥","2","2","4"
"衣卫世指挥使","2","2","4"
"征南右副将军","2","2","4"
"二十五年六月","2","2","4"
"三十一年三月","2","2","4"
"年正月十八日","1","3","4"
"加右副都御史","4","0","4"
"掌中军都督府","2","2","4"
"通佩征夷将军","2","2","4"
"大小二十余战","2","2","4"
"左军都督佥事","2","2","4"
"二百六十二万","2","2","4"
"宣德五年进士","3","1","4"
"中军都督佥事","2","2","4"
"后军都督佥事","2","2","4"
"万二千二百余","2","2","4"
"江西布政司右","2","2","4"
"西布政司右参","2","2","4"
"布政司右参政","2","2","4"
"二十六万五千","2","2","4"
"济宁州同知潘","2","2","4"
"宁州同知潘叔","2","2","4"
"州同知潘叔正","2","2","4"
"汶上老人白英","2","2","4"
"平地水深数尺","1","3","4"
"授南京礼部主","3","1","4"
"仁文德承天顺","2","2","4"
"文德承天顺圣","2","2","4"
"德承天顺圣高","2","2","4"
"承天顺圣高皇","2","2","4"
"天顺圣高皇后","2","2","4"
"孝慈贞化哲顺","2","2","4"
"慈贞化哲顺仁","2","2","4"
"贞化哲顺仁徽","2","2","4"
"化哲顺仁徽成","2","2","4"
"哲顺仁徽成天","2","2","4"
"顺仁徽成天育","2","2","4"
"仁徽成天育圣","2","2","4"
"天启二年进士","2","2","4"
"左府都督同知","2","2","4"
"定国公徐文璧","2","2","4"
"巡抚都御史梁","2","2","4"
"工部尚书郭朝","2","2","4"
"部尚书郭朝宾","2","2","4"
"南京大理寺丞","1","3","4"
"员外郎岳元声","2","2","4"
"光禄丞朱维京","2","2","4"
"赞画主事刘国","2","2","4"
"画主事刘国缙","2","2","4"
"南京文选郎中","2","2","4"
"文选员外郎吕","2","2","4"
"南京御史方万","2","2","4"
"京御史方万山","2","2","4"
"员外郎贺灿然","2","2","4"
"大名兵备副使","2","2","4"
"山东提学佥事","2","2","4"
"徐州兵备副使","2","2","4"
"命左丞相李善","2","2","4"
"洪武元年三月","2","2","4"
"初授工部主事","2","2","4"
"吏部验封主事","2","2","4"
"历二十三年进","2","2","4"
"上书吏部尚书","2","2","4"
"部尚书宋纟熏","1","3","4"
"大学士魏广微","2","2","4"
"兵部尚书黄嘉","2","2","4"
"部尚书黄嘉善","2","2","4"
"七月二十六日","1","3","4"
"御史方震孺请","2","2","4"
"湖广巡抚方孔","2","2","4"
"都司左良玉等","2","2","4"
"劾吏部尚书田","2","2","4"
"吏部尚书田唯","2","2","4"
"部尚书田唯嘉","2","2","4"
"罗汝才等九营","2","2","4"
"宁前兵备佥事","2","2","4"
"升右佥都御史","1","3","4"
"三百二十七万","2","2","4"
"鲁献公十五年","2","2","4"
"献公十五年戊","2","2","4"
"公十五年戊寅","2","2","4"
"中官正周濂等","2","2","4"
"一秒七十五忽","2","2","4"
"八月二十七日","1","3","4"
"代州知州郭正","2","2","4"
"州知州郭正中","2","2","4"
"刑部侍郎沈应","2","2","4"
"部侍郎沈应文","2","2","4"
"尚书胡世宁请","3","1","4"
"学士张居正等","2","2","4"
"教坊司设中韶","4","0","4"
"坊司设中韶乐","4","0","4"
"舞士三十二人","2","2","4"
"甘肃行太仆寺","2","2","4"
"嘉靖十七年六","2","2","4"
"靖十七年六月","2","2","4"
"九夷进宝队舞","2","2","4"
"平定天下舞曲","2","2","4"
"车书会同舞曲","2","2","4"
"表正万邦舞曲","2","2","4"
"设香案奉天殿","4","0","4"
"仪礼司奏礼毕","4","0","4"
"祖母皇后殿下","2","2","4"
"金鼓仪仗鼓乐","2","2","4"
"坟高一丈八尺","2","2","4"
"大学士李时等","2","2","4"
"学士张孚敬等","2","2","4"
"二十四年六月","2","2","4"
"洪武元年九月","2","2","4"
"天顺八年二月","2","2","4"
"大学士张璁等","2","2","4"
"太常少卿李宗","2","2","4"
"常少卿李宗延","2","2","4"
"太常卿裴应章","2","2","4"
"事中王汝梅等","2","2","4"
"释迦牟尼文佛","2","2","4"
"雷声普化天尊","2","2","4"
"北极佑圣真君","2","2","4"
"仁祖淳皇帝配","2","2","4"
"分九十三秒七","2","2","4"
"二十一度七十","2","2","4"
"十一度七十五","2","2","4"
"一度七十五分","2","2","4"
"赤道内外半弧","2","2","4"
"十三度零六分","2","2","4"
"三度零六分二","2","2","4"
"上廉一万四千","2","2","4"
"廉一万四千八","2","2","4"
"十三度零六二","2","2","4"
"三度零六二五","2","2","4"
"万四千七百零","2","2","4"
"四千七百零七","2","2","4"
"千七百零七度","2","2","4"
"七百零七度八","2","2","4"
"余二百四十三","2","2","4"
"百四十三度四","2","2","4"
"四十三度四九","2","2","4"
"十三度四九九","2","2","4"
"置半径六十零","4","0","4"
"十零度八十七","4","0","4"
"零度八十七分","4","0","4"
"度八十七分五","2","2","4"
"八十七分五十","2","2","4"
"三千四百一十","2","2","4"
"五十六度零一","2","2","4"
"三千一百三十","2","2","4"
"度一五零七六","2","2","4"
"一五零七六八","2","2","4"
"五零七六八六","2","2","4"
"零七六八六四","2","2","4"
"十六度零二八","2","2","4"
"六度零二八一","2","2","4"
"度八十六分五","2","2","4"
"八十六分五十","2","2","4"
"十六分五十三","2","2","4"
"六分五十三秒","2","2","4"
"一度零八分六","2","2","4"
"度零八分六十","2","2","4"
"零八分六十五","2","2","4"
"八分六十五秒","2","2","4"
"度八十七分半","2","2","4"
"二度五十一分","2","2","4"
"度五十一分八","2","2","4"
"五十一分八十","2","2","4"
"十一分八十一","2","2","4"
"一分八十一秒","2","2","4"
"半弧弦二十三","2","2","4"
"弧弦二十三度","2","2","4"
"弦二十三度七","2","2","4"
"度二十五分六","1","3","4"
"二十五分六十","1","3","4"
"四十三年三月","2","2","4"
"弘治三年六月","2","2","4"
"七年三月己亥","2","2","4"
"十六年正月丁","2","2","4"
"六年正月丁亥","2","2","4"
"十二年六月壬","2","2","4"
"二年九月庚午","2","2","4"
"八年六月丙子","2","2","4"
"十七年六月辛","2","2","4"
"七年六月辛酉","2","2","4"
"都御史杨一魁","2","2","4"
"工部尚书姚继","2","2","4"
"漕尚书杨一鹏","2","2","4"
"河二百六十里","2","2","4"
"泰安仙台岭南","2","2","4"
"石〈石达〉口","4","0","4"
"督漕侍郎陈荐","2","2","4"
"总河侍郎李化","2","2","4"
"河侍郎李化龙","2","2","4"
"总河侍郎曹时","2","2","4"
"河侍郎曹时聘","2","2","4"
"总河侍郎王佐","2","2","4"
"都御史宋仪望","2","2","4"
"总河尚书杨一","2","2","4"
"河尚书杨一魁","2","2","4"
"山东副总兵黄","2","2","4"
"东副总兵黄荫","2","2","4"
"副总兵黄荫恩","2","2","4"
"钞一千一百二","1","3","4"
"户部侍郎一人","2","2","4"
"尚书李承勋请","2","2","4"
"千一百二十人","2","2","4"
"勋卫散骑舍人","2","2","4"
"神枢营红盔将","2","2","4"
"枢营红盔将军","2","2","4"
"五千三百三十","2","2","4"
"巡抚都御史周","2","2","4"
"雄县横堤八里","2","2","4"
"都察院堂上官","2","2","4"
"鉴察司民城隍","2","2","4"
"命令有关官府","0","4","4"
"隶属于施州卫","0","4","4"
"请求告老还乡","0","4","4"
"庄烈帝同意了","0","4","4"
"崇祯皇帝命令","0","4","4"
"他因母亲去世","0","4","4"
"认为不能这样","0","4","4"
"请求辞官回乡","0","4","4"
"诏令他乘驿车","0","4","4"
"因母亲去世而","0","4","4"
"他的奏章下到","0","4","4"
"议论的人认为","0","4","4"
"世宗于是命令","0","4","4"
"让他乘驿车回","0","4","4"
"太祖采纳了他","0","4","4"
"赏赐十分丰厚","0","4","4"
"新勘合的金牌","0","4","4"
"这是值得担忧","0","4","4"
"是值得担忧的","0","4","4"
"值得担忧的第","0","4","4"
"人向朝廷进贡","0","4","4"
"前例给予赏赐","0","4","4"
"民宣慰使司的","0","4","4"
"了他们的俸禄","0","4","4"
"关进了皇家监","0","4","4"
"喜欢谈论军事","0","4","4"
"没有听从他的","0","4","4"
"尊崇亲生父母","0","4","4"
"交给大臣们讨","0","4","4"
"因为父亲去世","0","4","4"
"宗认为他说得","0","4","4"
"征收他们的赋","0","4","4"
"收他们的赋税","0","4","4"
"给事中亓诗教","0","4","4"
"年以右佥都御","0","4","4"
"任宣府游击将","0","4","4"
"打算赎罪的有","0","4","4"
"二年进士及第","0","4","4"
"靖三十五年的","0","4","4"
"三十五年的进","0","4","4"
"十五年的进士","0","4","4"
"赠封太子太保","0","4","4"
"万历十一年的","0","4","4"
"称孝宗为皇考","0","4","4"
"改任工部尚书","0","4","4"
"答兰纳木儿河","0","4","4"
"右佥都御史身","0","4","4"
"佥都御史身份","0","4","4"
"都御史身份巡","0","4","4"
"御史身份巡抚","0","4","4"
"官兵部右侍郎","0","4","4"
"起用为南京户","0","4","4"
"用为南京户部","0","4","4"
"俺答侵犯京师","0","4","4"
"二十九年秋天","0","4","4"
"不知是何许人","0","4","4"
"授为都督同知","0","4","4"
"武神功纯仁至","0","4","4"
"各有郎中一人","0","4","4"
"黄河决堤于开","0","4","4"
"河决堤于开封","0","4","4"
"粮一万五千石","0","4","4"
"年五月戊寅日","0","4","4"
"发生大旱和蝗","0","4","4"
"生大旱和蝗灾","0","4","4"
"西发生大水灾","0","4","4"
"十二月辛卯日","0","4","4"
"五月二十三日","0","4","4"
"被立为皇太子","0","4","4"
"参与军机要务","0","4","4"
"称孝宗为皇伯","0","4","4"
"孝宗为皇伯考","0","4","4"
"张居正的儿子","0","4","4"
"为户部员外郎","0","4","4"
"为兵部员外郎","0","4","4"
"皇上不予回答","0","4","4"
"给事中赵兴邦","0","4","4"
"对君王的无礼","0","4","4"
"皇帝更加不高","0","4","4"
"最边远的地方","0","4","4"
"误了国家大事","0","4","4"
"上疏极力诋毁","0","4","4"
"西发生严重饥","0","4","4"
"哥的儿子李过","0","4","4"
"所经过的州县","0","4","4"
"他所经过的地","0","4","4"
"又被打得大败","0","4","4"
"任司礼监秉笔","0","4","4"
"司礼监掌印太","0","4","4"
"礼监掌印太监","0","4","4"
"给事中王继光","0","4","4"
"不到十分之一","0","4","4"
"更加肆无忌惮","0","4","4"
"在东林书院讲","0","4","4"
"东林书院讲学","0","4","4"
"从官籍中除名","0","4","4"
"弹劾魏忠贤的","0","4","4"
"陛下为什么要","0","4","4"
"大臣在朝廷上","0","4","4"
"按他们的等级","0","4","4"
"向朝廷进贡马","0","4","4"
"将此事上报朝","0","4","4"
"土知府的印信","0","4","4"
"有汉化的番族","0","4","4"
"洪武年间归附","0","4","4"
"兵讨伐平定了","0","4","4"
"地区没有汉化","0","4","4"
"区没有汉化的","0","4","4"
"皇帝命令户部","0","4","4"
"听从朝廷的命","0","4","4"
"从朝廷的命令","0","4","4"
"他继承其父的","0","4","4"
"皇帝下诏赏赐","0","4","4"
"三年进贡一次","0","4","4"
"一天比一天多","0","4","4"
"他的妻子儿女","0","4","4"
"押到市场肢解","0","4","4"
"人们都不知道","0","4","4"
"他在皇上面前","0","4","4"
"忠诚正直的人","0","4","4"
"为四川按察使","0","4","4"
"刘瑾假传圣旨","0","4","4"
"全部投进监狱","0","4","4"
"被授予锦衣卫","0","4","4"
"执掌锦衣卫事","0","4","4"
"掌锦衣卫事务","0","4","4"
"皇上都听从了","0","4","4"
"一个儿子为锦","0","4","4"
"年他随从皇上","0","4","4"
"被加封为少保","0","4","4"
"多次制造大案","0","4","4"
"部讨论后认为","0","4","4"
"巡按御史周如","0","4","4"
"按御史周如斗","0","4","4"
"请求皇上命令","0","4","4"
"下诏给他们赏","0","4","4"
"诏给他们赏赐","0","4","4"
"兵部讨论认为","0","4","4"
"朝廷进献贡物","0","4","4"
"征调保靖的土","0","4","4"
"调保靖的土兵","0","4","4"
"等地的蛮族人","0","4","4"
"更加无所顾忌","0","4","4"
"升为左都御史","0","4","4"
"任国子监祭酒","0","4","4"
"揭发他们的罪","0","4","4"
"升任太常少卿","0","4","4"
"皇上下诏同意","0","4","4"
"事情报到朝廷","0","4","4"
"情报到朝廷后","0","4","4"
"为太常寺少卿","0","4","4"
"考中万历二十","0","4","4"
"任户科给事中","0","4","4"
"改任左都御史","0","4","4"
"万历五年中进","0","4","4"
"历五年中进士","0","4","4"
"以兵部右侍郎","0","4","4"
"停发俸禄一年","0","4","4"
"任南京礼部郎","0","4","4"
"被起用为南京","0","4","4"
"以总兵官的身","0","4","4"
"总兵官的身份","0","4","4"
"提升代理都督","0","4","4"
"皇帝非常高兴","0","4","4"
"九月二十六日","0","4","4"
"大臣请求皇帝","0","4","4"
"工科左给事中","0","4","4"
"十多万两银子","0","4","4"
"李可灼进献红","0","4","4"
"上疏极力辩论","0","4","4"
"上疏请求皇帝","0","4","4"
"为南京兵部主","0","4","4"
"没有得到批复","0","4","4"
"副都御史的身","0","4","4"
"他为左副都御","0","4","4"
"改任户部右侍","0","4","4"
"上疏请求辞职","0","4","4"
"请求皇帝下诏","0","4","4"
"因为这个原因","0","4","4"
"给事中王元翰","0","4","4"
"剥夺了他的俸","0","4","4"
"夺了他的俸禄","0","4","4"
"疏弹劾魏忠贤","0","4","4"
"终年六十九岁","0","4","4"
"作为自己的功","0","4","4"
"为自己的功劳","0","4","4"
"提拔为礼部右","0","4","4"
"拔为礼部右侍","0","4","4"
"请求皇帝追究","0","4","4"
"给事中王德完","0","4","4"
"皇帝于是下诏","0","4","4"
"世代荫封锦衣","0","4","4"
"代荫封锦衣指","0","4","4"
"荫封锦衣指挥","0","4","4"
"二年正月二日","0","4","4"
"民起义军进攻","0","4","4"
"违背皇帝旨意","0","4","4"
"到第二年二月","0","4","4"
"受到很大震动","0","4","4"
"令他立功赎罪","0","4","4"
"让他戴罪立功","0","4","4"
"很长一段时间","0","4","4"
"从监狱中放出","0","4","4"
"廷追赠他为太","0","4","4"
"向大清投降了","0","4","4"
"又把他们打得","0","4","4"
"一千六百多人","0","4","4"
"任命他为兵部","0","4","4"
"于是请求离职","0","4","4"
"连连打败贼兵","0","4","4"
"令有关部门为","0","4","4"
"大清部队打下","0","4","4"
"提升为吏部右","0","4","4"
"君臣之间的大","0","4","4"
"臣之间的大义","0","4","4"
"升为南京户部","0","4","4"
"朝廷给他加官","0","4","4"
"给事中章正宸","0","4","4"
"关进皇家监狱","0","4","4"
"户科都给事中","0","4","4"
"庄烈帝都采纳","0","4","4"
"烈帝都采纳了","0","4","4"
"请求归家奉养","0","4","4"
"升为兵部主事","0","4","4"
"享年八十二岁","0","4","4"
"被提升为右佥","0","4","4"
"他为太仆少卿","0","4","4"
"第二年十一月","0","4","4"
"为右都御史兼","0","4","4"
"向朝廷推荐他","0","4","4"
"命令朝廷大臣","0","4","4"
"中万历四十四","0","4","4"
"皇帝下诏让朝","0","4","4"
"大清兵打下了","0","4","4"
"最终还是没有","0","4","4"
"提升他为兵部","0","4","4"
"改选为庶吉士","0","4","4"
"天启二年提拔","0","4","4"
"加官太子少保","0","4","4"
"加封他为少保","0","4","4"
"给事中吴时来","0","4","4"
"给事中欧阳一","0","4","4"
"帝都听从了他","0","4","4"
"为慈圣皇太后","0","4","4"
"施行宽大政策","0","4","4"
"给事中徐贞明","0","4","4"
"北方少数民族","0","4","4"
"皇帝下诏恢复","0","4","4"
"当时朝廷内外","0","4","4"
"高拱掌管吏部","0","4","4"
"请求罢免官职","0","4","4"
"大学士入内阁","0","4","4"
"答应他们的请","0","4","4"
"应他们的请求","0","4","4"
"晋升为礼部尚","0","4","4"
"给事中刘道亨","0","4","4"
"阁大学士参与","0","4","4"
"大学士参与机","0","4","4"
"学士参与机要","0","4","4"
"士参与机要事","0","4","4"
"皇帝都采纳了","0","4","4"
"给事中辛自修","0","4","4"
"奏疏留在宫中","0","4","4"
"任南京太仆少","0","4","4"
"升为陕西提学","0","4","4"
"为陕西提学副","0","4","4"
"因病请求退休","0","4","4"
"考取嘉靖三十","0","4","4"
"任南京大理寺","0","4","4"
"担任右副都御","0","4","4"
"任右都御史兼","0","4","4"
"升他为右都御","0","4","4"
"起用为南京工","0","4","4"
"用为南京工部","0","4","4"
"为南京刑部尚","0","4","4"
"学士赵志皋的","0","4","4"
"了他们的建议","0","4","4"
"奏疏没有下发","0","4","4"
"少数民族民众","0","4","4"
"晋升为右都御","0","4","4"
"任户部左侍郎","0","4","4"
"负责吏部事务","0","4","4"
"掌管选拔官吏","0","4","4"
"的一个儿子为","0","4","4"
"京城之外的官","0","4","4"
"他出任南京礼","0","4","4"
"答应他的请求","0","4","4"
"被加封太子太","0","4","4"
"听从了他的话","0","4","4"
"令加封他为太","0","4","4"
"任南京吏部右","0","4","4"
"他为礼部右侍","0","4","4"
"晋升礼部右侍","0","4","4"
"是天下的根本","0","4","4"
"被任命为礼部","0","4","4"
"任命为兵部右","0","4","4"
"命为兵部右侍","0","4","4"
"晋升为右副都","0","4","4"
"将女儿许配给","0","4","4"
"被任命为兵部","0","4","4"
"授职为刑部主","0","4","4"
"职为刑部主事","0","4","4"
"不恰当的地方","0","4","4"
"犯法作乱的人","0","4","4"
"极力陈述它的","0","4","4"
"次上疏请求退","0","4","4"
"没有别的意思","0","4","4"
"连上奏请求退","0","4","4"
"给事中钱梦皋","0","4","4"
"皇帝下诏允许","0","4","4"
"朝廷大臣请求","0","4","4"
"学士的身份入","0","4","4"
"为自己的儿子","0","4","4"
"补充内阁大臣","0","4","4"
"贵妃为皇太后","0","4","4"
"考中进士第一","0","4","4"
"请求皇帝命令","0","4","4"
"终年七十六岁","0","4","4"
"终年七十一岁","0","4","4"
"是人家的儿子","0","4","4"
"魏明帝的诏书","0","4","4"
"抗言上书极力","0","4","4"
"年会试第一名","0","4","4"
"为本生皇考恭","0","4","4"
"派遣官员拿着","0","4","4"
"掌管南京翰林","0","4","4"
"管南京翰林院","0","4","4"
"讨论大礼一事","0","4","4"
"到国子监学习","0","4","4"
"皇太后的命令","0","4","4"
"调任南京吏部","0","4","4"
"四月二十五日","0","4","4"
"终年七十三岁","0","4","4"
"对左右的人说","0","4","4"
"南京太常寺少","0","4","4"
"京太常寺少卿","0","4","4"
"前来归附太祖","0","4","4"
"累升至都指挥","0","4","4"
"商人输运粮食","0","4","4"
"人输运粮食到","0","4","4"
"他升为右都御","0","4","4"
"被授予监察御","0","4","4"
"授予监察御史","0","4","4"
"升为兵部侍郎","0","4","4"
"支给二职俸禄","0","4","4"
"之地全部平定","0","4","4"
"进升为指挥使","0","4","4"
"四品以上官员","0","4","4"
"将他逮捕下狱","0","4","4"
"赈济河南饥荒","0","4","4"
"升为南京大理","0","4","4"
"兼华盖殿大学","0","4","4"
"随从皇上出塞","0","4","4"
"听从他的建议","0","4","4"
"终年七十五岁","0","4","4"
"封为右副都御","0","4","4"
"任兵部左侍郎","0","4","4"
"上疏为自己辩","0","4","4"
"奏章下到兵部","0","4","4"
"就在这个时候","0","4","4"
"都御史的官职","0","4","4"
"任浙江按察使","0","4","4"
"朝廷内外都知","0","4","4"
"廷内外都知道","0","4","4"
"足以失去人心","0","4","4"
"以失去人心而","0","4","4"
"失去人心而导","0","4","4"
"去人心而导致","0","4","4"
"人心而导致危","0","4","4"
"心而导致危乱","0","4","4"
"而导致危乱发","0","4","4"
"导致危乱发生","0","4","4"
"诏狱进行拷打","0","4","4"
"请求朝廷给予","0","4","4"
"是贼臣严嵩的","0","4","4"
"二千五百多人","0","4","4"
"一千九百多人","0","4","4"
"晋升为都指挥","0","4","4"
"享年七十五岁","0","4","4"
"都取得了胜利","0","4","4"
"升为署都督佥","0","4","4"
"们的妻子儿女","0","4","4"
"遇到紧急情况","0","4","4"
"皇帝听从他的","0","4","4"
"根据实际情况","0","4","4"
"没有不知道的","0","4","4"
"佥都御史代替","0","4","4"
"京师解除戒严","0","4","4"
"皇帝下诏书让","0","4","4"
"宁王宸濠造反","0","4","4"
"乾清宫发生火","0","4","4"
"李福达的官司","0","4","4"
"不是因为仇恨","0","4","4"
"是因为仇恨了","0","4","4"
"给事中孙应奎","0","4","4"
"年食禄一千五","0","4","4"
"张士诚的军队","0","4","4"
"得以全部平定","0","4","4"
"将军的身份跟","0","4","4"
"军的身份跟随","0","4","4"
"大风扬起沙尘","0","4","4"
"授予都督佥事","0","4","4"
"晋升为枢密院","0","4","4"
"败张士诚的部","0","4","4"
"玉党案株连而","0","4","4"
"党案株连而死","0","4","4"
"晋升为统军元","0","4","4"
"升为统军元帅","0","4","4"
"为大都督府副","0","4","4"
"跟从大军攻取","0","4","4"
"年食禄九百石","0","4","4"
"为江西行省参","0","4","4"
"从傅友德平定","0","4","4"
"打败了陈友谅","0","4","4"
"向他询问政事","0","4","4"
"派遣使臣前去","0","4","4"
"晋升为按察使","0","4","4"
"任命为兵部尚","0","4","4"
"命为兵部尚书","0","4","4"
"屡次上奏朝廷","0","4","4"
"的儿子杨朝栋","0","4","4"
"的诏书奖励他","0","4","4"
"前来京城朝觐","0","4","4"
"拒绝了他们的","0","4","4"
"明成祖即皇帝","0","4","4"
"朝廷祝贺册立","0","4","4"
"部官员上奏说","0","4","4"
"年间勘合的金","0","4","4"
"间勘合的金牌","0","4","4"
"将此情况上报","0","4","4"
"此情况上报朝","0","4","4"
"请求朝廷给他","0","4","4"
"求朝廷给他们","0","4","4"
"朝廷给他们颁","0","4","4"
"派使臣向明朝","0","4","4"
"使臣向明朝廷","0","4","4"
"者向明朝廷献","0","4","4"
"派使者前来献","0","4","4"
"者向朝廷进贡","0","4","4"
"中山王的使者","0","4","4"
"进国子监学习","0","4","4"
"派寨官的儿子","0","4","4"
"皇帝命令礼部","0","4","4"
"进入国子监学","0","4","4"
"讣告其父的丧","0","4","4"
"者向朝廷谢罪","0","4","4"
"朝廷派给事中","0","4","4"
"焚烧了他们的","0","4","4"
"一年献一次贡","0","4","4"
"琉球的献贡使","0","4","4"
"球的献贡使者","0","4","4"
"献贡的使者到","0","4","4"
"请求继承王位","0","4","4"
"请求朝廷派官","0","4","4"
"此事上报给朝","0","4","4"
"事上报给朝廷","0","4","4"
"派遣使者向朝","0","4","4"
"朝廷派官前去","0","4","4"
"向明朝廷投诚","0","4","4"
"贡马表示谢恩","0","4","4"
"来京城向朝廷","0","4","4"
"京城向朝廷献","0","4","4"
"城向朝廷献贡","0","4","4"
"向朝廷献贡品","0","4","4"
"哈密城的官印","0","4","4"
"的守卫大臣上","0","4","4"
"土鲁番的使臣","0","4","4"
"允许他们向朝","0","4","4"
"许他们向朝廷","0","4","4"
"交给朝廷大臣","0","4","4"
"把他们遣送回","0","4","4"
"赤斤二个卫所","0","4","4"
"朝廷献贡的使","0","4","4"
"廷献贡的使者","0","4","4"
"所侵占的土地","0","4","4"
"徐达为大将军","0","4","4"
"派遣使者前往","0","4","4"
"征讨乃儿不花","0","4","4"
"郭英为副将军","0","4","4"
"来朝贡的使者","0","4","4"
"的使者回去时","0","4","4"
"过了一年的春","0","4","4"
"了一年的春天","0","4","4"
"朝廷进献土产","0","4","4"
"朝廷派遣宦官","0","4","4"
"的儿子莽应里","0","4","4"
"对朝廷的忠心","0","4","4"
"思陆发的军队","0","4","4"
"条可讨伐的罪","0","4","4"
"可讨伐的罪状","0","4","4"
"人向朝廷进献","0","4","4"
"承袭宣慰使的","0","4","4"
"袭宣慰使的职","0","4","4"
"朝廷进献贡马","0","4","4"
"南国王陈日火","0","4","4"
"率领他的下属","0","4","4"
"任兵部尚书兼","0","4","4"
"撰写宫体诗词","0","4","4"
"喜欢王守仁的","0","4","4"
"欢王守仁的学","0","4","4"
"升任南京刑部","0","4","4"
"宁王宸濠谋反","0","4","4"
"在南京做官时","0","4","4"
"为南京国子监","0","4","4"
"率军前往征讨","0","4","4"
"六月二十六日","0","4","4"
"于是进升为都","0","4","4"
"掌管都察院事","0","4","4"
"提升为左副都","0","4","4"
"革除这些弊端","0","4","4"
"如同先前的礼","0","4","4"
"同先前的礼仪","0","4","4"
"引宾客的人出","0","4","4"
"宾客的人出来","0","4","4"
"引宾客的人进","0","4","4"
"宾客的人进入","0","4","4"
"客的人进入报","0","4","4"
"的人进入报告","0","4","4"
"皇帝戴通天冠","0","4","4"
"束宫太子属官","0","4","4"
"东西依次站立","0","4","4"
"行一拜三叩头","0","4","4"
"一拜三叩头礼","0","4","4"
"同平常的仪节","0","4","4"
"行舞蹈山呼礼","0","4","4"
"形盛算筹的器","0","4","4"
"盛算筹的器具","0","4","4"
"举行列班进名","0","4","4"
"行列班进名奉","0","4","4"
"班进名奉慰礼","0","4","4"
"服小功五个月","0","4","4"
"皇帝穿戴衮冕","0","4","4"
"百官穿浅色衣","0","4","4"
"停止上朝五天","0","4","4"
"在奉天门处理","0","4","4"
"驾临西角门处","0","4","4"
"临西角门处理","0","4","4"
"学士宋濂等人","0","4","4"
"洪武三十一年","0","4","4"
"皇太子以下都","0","4","4"
"次还祭于殡宫","0","4","4"
"还祭于殡宫的","0","4","4"
"祭于殡宫的虞","0","4","4"
"于殡宫的虞祭","0","4","4"
"殡宫的虞祭礼","0","4","4"
"供奉安放神位","0","4","4"
"前代历史多把","0","4","4"
"代历史多把恒","0","4","4"
"现在照此处理","0","4","4"
"年四月壬午日","0","4","4"
"仓库发生火灾","0","4","4"
"年四月乙巳日","0","4","4"
"年二月壬子日","0","4","4"
"昭和殿发生火","0","4","4"
"和殿发生火灾","0","4","4"
"年六月壬申日","0","4","4"
"便失去了它的","0","4","4"
"长久降雨伤害","0","4","4"
"降雨伤害庄稼","0","4","4"
"地水深一丈多","0","4","4"
"树木凝冰如甲","0","4","4"
"为人民的祸害","0","4","4"
"为固定的制度","0","4","4"
"百姓遭受水灾","0","4","4"
"依从他的请求","0","4","4"
"作为长久之计","0","4","4"
"没有比这更大","0","4","4"
"造就是所说的","0","4","4"
"庄烈皇帝即位","0","4","4"
"那一天作为开","0","4","4"
"一天作为开始","0","4","4"
"银一万六千余","0","4","4"
"年纳入太仓余","0","4","4"
"纳入太仓余盐","0","4","4"
"入太仓余盐银","0","4","4"
"取得正式军籍","0","4","4"
"招来商人交纳","0","4","4"
"输纳粮食换盐","0","4","4"
"派遣驸马都尉","0","4","4"
"每石每年征平","0","4","4"
"石每年征平米","0","4","4"
"咫尺之内分不","0","4","4"
"尺之内分不清","0","4","4"
"之内分不清人","0","4","4"
"年四月乙亥日","0","4","4"
"年二月甲戌日","0","4","4"
"祭祀历代帝王","0","4","4"
"山束发生旱灾","0","4","4"
"平民之妇生下","0","4","4"
"民之妇生下一","0","4","4"
"因传染病而死","0","4","4"
"束发生大水灾","0","4","4"
"府都遭受水灾","0","4","4"
"浙江发生大水","0","4","4"
"旗用穿青色服","0","4","4"
"辖顶加上圆盘","0","4","4"
"的丝织品覆盖","0","4","4"
"二尺四寸有余","0","4","4"
"加上圆盘高二","0","4","4"
"上圆盘高二尺","0","4","4"
"二尺二寸有余","0","4","4"
"二尺五寸有余","0","4","4"
"花纹的叶片装","0","4","4"
"纹的叶片装钉","0","4","4"
"京官三品以上","0","4","4"
"京官和地方官","0","4","4"
"入品级的其它","0","4","4"
"嵌有花纹的银","0","4","4"
"珍珠野鸡装饰","0","4","4"
"翡翠云片二十","0","4","4"
"翠云片二十四","0","4","4"
"云片二十四片","0","4","4"
"质宝钿花八朵","0","4","4"
"质野鸡装饰两","0","4","4"
"着珍珠结两个","0","4","4"
"材料装饰的带","0","4","4"
"三年规定制度","0","4","4"
"罗色彩鲜艳的","0","4","4"
"红色生绢衬衫","0","4","4"
"帮白色厚底的","0","4","4"
"色绫罗色彩鲜","0","4","4"
"绫罗色彩鲜艳","0","4","4"
"祭祀先师孔子","0","4","4"
"蔽膝随同下裳","0","4","4"
"下裳四种图纹","0","4","4"
"同礼冠服饰内","0","4","4"
"听从礼部尚书","0","4","4"
"年春二月二十","0","4","4"
"夏四月二十三","0","4","4"
"十二月二十日","0","4","4"
"三月二十六日","0","4","4"
"冬十月十四日","0","4","4"
"常遇春为副将","0","4","4"
"遇春为副将军","0","4","4"
"梁王把匝剌瓦","0","4","4"
"审查囚犯罪状","0","4","4"
"十六年正月十","0","4","4"
"河在开封决口","0","4","4"
"暹罗前来朝贡","0","4","4"
"安南前来朝贡","0","4","4"
"十月二十一日","0","4","4"
"十二月十八日","0","4","4"
"以进士及第和","0","4","4"
"和其他不同的","0","4","4"
"入文渊阁供职","0","4","4"
"为镇朔大将军","0","4","4"
"殊死以下罪行","0","4","4"
"四月二十一日","0","4","4"
"十二月二十三","0","4","4"
"法官审查囚犯","0","4","4"
"秋七月二十日","0","4","4"
"十一月十四日","0","4","4"
"十一月十八日","0","4","4"
"十一月二十一","0","4","4"
"一月二十一日","0","4","4"
"三月二十五日","0","4","4"
"九月二十一日","0","4","4"
"五月二十六日","0","4","4"
"夏四月十五日","0","4","4"
"百官修身反省","0","4","4"
"礼部尚书兼任","0","4","4"
"部尚书兼任东","0","4","4"
"尚书兼任东阁","0","4","4"
"书兼任东阁大","0","4","4"
"土鲁番前来朝","0","4","4"
"鲁番前来朝贡","0","4","4"
"河在崔镇决口","0","4","4"
"十一月二十六","0","4","4"
"一月二十六日","0","4","4"
"朱翊钧到天寿","0","4","4"
"翊钧到天寿山","0","4","4"
"冬十月十五日","0","4","4"
"灾地区的田租","0","4","4"
"赈济畿内饥荒","0","4","4"
"十二月初一日","0","4","4"
"下锦衣卫狱中","0","4","4"
"等进士及第及","0","4","4"
"进士及第及不","0","4","4"
"士及第及不同","0","4","4"
"十一月二十八","0","4","4"
"一月二十八日","0","4","4"
"投下镇抚司狱","0","4","4"
"四年正月一日","0","4","4"
"赈济山东饥荒","0","4","4"
"年以前欠交赋","0","4","4"
"以前欠交赋税","0","4","4"
"命令修身反省","0","4","4"
"北京发生地震","0","4","4"
"为刑科给事中","0","4","4"
"杂犯死罪以下","0","4","4"
"河南遭灾税粮","0","4","4"
"都御史徐有贞","0","4","4"
"赈救辽东饥荒","0","4","4"
"天方入朝进贡","0","4","4"
"人于锦衣卫狱","0","4","4"
"群臣上奏庆贺","0","4","4"
"三次发生地震","0","4","4"
"免浙江遭灾税","0","4","4"
"浙江遭灾税粮","0","4","4"
"免河南受灾秋","0","4","4"
"明年上元节灯","0","4","4"
"年上元节灯火","0","4","4"
"调任南京礼部","0","4","4"
"回到镇守之地","0","4","4"
"被授为开国辅","0","4","4"
"在文渊阁当值","0","4","4"
"食禄为一千五","0","4","4"
"禄为一千五百","0","4","4"
"为一千五百石","0","4","4"
"和大将军徐达","0","4","4"
"将军徐达一起","0","4","4"
"跟随徐达攻取","0","4","4"
"徐达与常遇春","0","4","4"
"与大将军徐达","0","4","4"
"朱济火喜父子","0","4","4"
"加禄米五百石","0","4","4"
"不再出来做官","0","4","4"
"参加科举考试","0","4","4"
"张学颜上奏说","0","4","4"
"提拔他为右佥","0","4","4"
"拔他为右佥都","0","4","4"
"授职中书舍人","0","4","4"
"卿兼侍读学士","0","4","4"
"剥夺他的官籍","0","4","4"
"一个接一个地","0","4","4"
"郭守敬的历法","0","4","4"
"是大罪之二十","0","4","4"
"被关进了监狱","0","4","4"
"以下分别操练","0","4","4"
"太阳运行度数","0","4","4"
"元至元辛巳年","0","4","4"
"都察院和大理","0","4","4"
"察院和大理寺","0","4","4"
"赞唱宣读册书","0","4","4"
"在奉先殿举行","0","4","4"
"皇帝到奉天殿","0","4","4"
"引礼官引导王","0","4","4"
"皇帝亲自祭告","0","4","4"
"祭祀昊天上帝","0","4","4"
"举起指挥小旗","0","4","4"
"进献酒如同前","0","4","4"
"献酒如同前面","0","4","4"
"舞师二人手持","0","4","4"
"自称为第几个","0","4","4"
"以下都拜四拜","0","4","4"
"奠献币帛以后","0","4","4"
"内受封号妇女","0","4","4"
"执掌府事坐营","0","4","4"
"长子以外的儿","0","4","4"
"兄弟的没有出","0","4","4"
"弟的没有出嫁","0","4","4"
"的没有出嫁的","0","4","4"
"作别人的后嗣","0","4","4"
"别人的后嗣的","0","4","4"
"人的后嗣的人","0","4","4"
"兄弟以及没有","0","4","4"
"弟以及没有出","0","4","4"
"兄弟的儿子的","0","4","4"
"弟的儿子的媳","0","4","4"
"的儿子的媳妇","0","4","4"
"为没有出嫁的","0","4","4"
"没有出嫁的同","0","4","4"
"的同祖兄弟的","0","4","4"
"为同祖兄弟的","0","4","4"
"丈夫的同祖兄","0","4","4"
"夫的同祖兄弟","0","4","4"
"刚去世的皇帝","0","4","4"
"合于一处祭祀","0","4","4"
"太庙四时祭祀","0","4","4"
"按礼仪赞唱行","0","4","4"
"礼仪赞唱行拜","0","4","4"
"仪赞唱行拜礼","0","4","4"
"春秋雨季的第","0","4","4"
"雨季的第二个","0","4","4"
"供奉太祖配祀","0","4","4"
"临时休息的大","0","4","4"
"奠祭先圣先师","0","4","4"
"在明堂宗祀文","0","4","4"
"明堂宗祀文王","0","4","4"
"乘作为被除数","0","4","4"
"六十度八十七","0","4","4"
"十度八十七分","0","4","4"
"是黄道赤道小","0","4","4"
"黄道赤道小弦","0","4","4"
"后黄道四十四","0","4","4"
"道四十四度时","0","4","4"
"年三月丙申日","0","4","4"
"屡次发生地震","0","4","4"
"京城两次发生","0","4","4"
"城两次发生地","0","4","4"
"县都发生地震","0","4","4"
"府都发生地震","0","4","4"
"有声音如雷鸣","0","4","4"
"个州县遭受饥","0","4","4"
"州县遭受饥荒","0","4","4"
"三府发生饥荒","0","4","4"
"四府发生饥荒","0","4","4"
"依从他们的请","0","4","4"
"请求开通洳河","0","4","4"
"汇合卫河流入","0","4","4"
"合卫河流入大","0","4","4"
"卫河流入大海","0","4","4"
"执行杖刑一百","0","4","4"
"年征收一匹马","0","4","4"
"征收一匹马驹","0","4","4"
"调到京城的军","0","4","4"
"到京城的军队","0","4","4"
"都御史胡缵宗","2","1","3"
"仙法主玄元道","2","1","3"
"法主玄元道德","2","1","3"
"主玄元道德哲","2","1","3"
"置施州卫军民","2","1","3"
"充宣府游击将","3","0","3"
"顺治二年正月","1","2","3"
"太仆少卿曹钦","2","1","3"
"仆少卿曹钦程","2","1","3"
"十一年进士第","3","0","3"
"十四年进士第","3","0","3"
"改称兴献王皇","2","1","3"
"遇春太子少保","3","0","3"
"护卫百户倪谅","1","2","3"
"卫百户倪谅上","1","2","3"
"安平侯李远左","3","0","3"
"迁南京光禄卿","2","1","3"
"左侍郎右佥都","3","0","3"
"番酋速檀满速","2","1","3"
"正德十二年成","2","1","3"
"后军都督府佥","1","2","3"
"累官礼部侍郎","3","0","3"
"元曲靖宣慰司","2","1","3"
"功都指挥同知","3","0","3"
"右都御史一人","2","1","3"
"右副都御史一","2","1","3"
"副都御史一人","2","1","3"
"分隶五都督府","2","1","3"
"命中府掌府事","2","1","3"
"置亲王护卫指","2","1","3"
"一匹抵钞二百","1","2","3"
"匹抵钞二百贯","1","2","3"
"百五十万七千","2","1","3"
"五万七千馀两","3","0","3"
"盐井辖盐课司","3","0","3"
"清理两淮盐法","2","1","3"
"应天十八府州","2","1","3"
"设提督军务巡","2","1","3"
"巡抚保定等府","1","2","3"
"等处地方提督","2","1","3"
"处地方提督军","2","1","3"
"地方提督军务","2","1","3"
"方提督军务一","2","1","3"
"圭长一尺二寸","2","1","3"
"圭长九寸五分","2","1","3"
"北京行部尚书","2","1","3"
"顺天应天二府","1","2","3"
"纪立极大圣神","3","0","3"
"立极大圣神仁","3","0","3"
"极大圣神仁文","3","0","3"
"大圣神仁文义","3","0","3"
"圣神仁文义武","3","0","3"
"友谅将张定边","2","1","3"
"清太祖高皇帝","1","2","3"
"遣都督佥事李","2","1","3"
"吏部侍郎陈廷","3","0","3"
"成祖启天弘道","2","1","3"
"祖启天弘道高","2","1","3"
"辅皇太子监国","3","0","3"
"王骥总督军务","2","1","3"
"天顺八年正月","1","2","3"
"都御史何鉴经","2","1","3"
"御史何鉴经理","2","1","3"
"侍郎樊莹巡视","2","1","3"
"小王子犯大同","3","0","3"
"上言大臣德政","2","1","3"
"祖宗二百余年","2","1","3"
"赠兵部右侍郎","3","0","3"
"大同广昌典史","2","1","3"
"举万历十一年","3","0","3"
"工部主事张德","3","0","3"
"太仆卿李觉斯","2","1","3"
"张献忠陷襄阳","3","0","3"
"兵器辎重数十","2","1","3"
"器辎重数十万","2","1","3"
"乾清宫管事牌","2","1","3"
"清宫管事牌子","2","1","3"
"酒色财气四箴","2","1","3"
"士申时行等言","3","0","3"
"福山知县韦国","2","1","3"
"山知县韦国贤","2","1","3"
"客氏奉圣夫人","3","0","3"
"吏部郎顾宪成","2","1","3"
"讲学东林书院","3","0","3"
"向高礼部尚书","3","0","3"
"宁安大长公主","2","1","3"
"掌南镇抚司事","1","2","3"
"监生陆万龄请","2","1","3"
"客氏子侯国兴","2","1","3"
"崇祯十七年三","1","2","3"
"祯十七年三月","1","2","3"
"遣都督胡海洋","2","1","3"
"命安陆侯吴复","1","2","3"
"斩首三万余级","3","0","3"
"四川布政使司","1","2","3"
"命颍国公傅友","2","1","3"
"国公傅友德征","2","1","3"
"压死人口牲畜","1","2","3"
"云南巡抚闵洪","1","2","3"
"南巡抚闵洪学","1","2","3"
"四川都指挥使","2","1","3"
"松潘等处安抚","2","1","3"
"潘等处安抚司","2","1","3"
"十三族长官司","1","2","3"
"思曩日安抚司","2","1","3"
"斩首一百三十","1","2","3"
"平龙溪等三十","2","1","3"
"溪等三十七寨","2","1","3"
"俘斩九百七十","2","1","3"
"获马牛器械储","2","1","3"
"马牛器械储积","2","1","3"
"土番等处宣慰","2","1","3"
"万七千八百余","1","2","3"
"宣德二年二月","1","2","3"
"大理少卿薛瑄","3","0","3"
"兵部尚书徐晞","2","1","3"
"镇守太监郭敬","2","1","3"
"司礼太监怀恩","2","1","3"
"都御史巡抚辽","2","1","3"
"御史巡抚辽东","2","1","3"
"五百六十余人","2","1","3"
"杨斌四川按察","2","1","3"
"斌四川按察使","2","1","3"
"擢锦衣卫指挥","3","0","3"
"交结近侍律斩","3","0","3"
"妻子流二千里","3","0","3"
"提督赞画机密","2","1","3"
"督赞画机密军","2","1","3"
"赞画机密军务","2","1","3"
"一子锦衣千户","2","1","3"
"司礼中官魏彬","2","1","3"
"工部尚书李鐩","3","0","3"
"少保太子太傅","3","0","3"
"龙虎山上清宫","2","1","3"
"进光禄大夫柱","2","1","3"
"光禄大夫柱国","2","1","3"
"土兵一千五百","2","1","3"
"顺等处军民宣","1","2","3"
"等处军民宣慰","1","2","3"
"处军民宣慰使","1","2","3"
"行部尚书雒佥","2","1","3"
"迁吏部左侍郎","3","0","3"
"上皇天上帝尊","2","1","3"
"加上高皇帝尊","2","1","3"
"擢应龙通政司","3","0","3"
"应龙通政司参","3","0","3"
"龙通政司参议","3","0","3"
"礼部侍郎罗喻","2","1","3"
"部侍郎罗喻义","2","1","3"
"授南京户部主","2","1","3"
"先帝钦定逆案","2","1","3"
"左都御史刘宗","1","2","3"
"上虞人徐文彪","1","2","3"
"弘治三年进士","2","1","3"
"擢左佥都御史","3","0","3"
"擢工部右侍郎","3","0","3"
"荫锦衣指挥佥","3","0","3"
"河尚书刘荣嗣","2","1","3"
"累加少师太子","3","0","3"
"锦衣卫都指挥","1","2","3"
"衣卫都指挥佥","1","2","3"
"筑边墙万余丈","2","1","3"
"改兵部右侍郎","3","0","3"
"推南京吏部尚","3","0","3"
"都御史总督漕","3","0","3"
"御史总督漕运","3","0","3"
"学士叶向高言","3","0","3"
"二十二年八月","1","2","3"
"督两广军务巡","3","0","3"
"两广军务巡抚","3","0","3"
"劾兵部尚书张","2","1","3"
"寻迁太常少卿","3","0","3"
"郎中胡士相等","2","1","3"
"进兵部左侍郎","3","0","3"
"建三方布置策","3","0","3"
"登莱监军佥事","2","1","3"
"礼部祠祭主事","1","2","3"
"陛下春秋鼎盛","3","0","3"
"入刑部员外郎","3","0","3"
"皇长子侍班官","2","1","3"
"天启元年正月","2","1","3"
"鸿胪寺官李灼","3","0","3"
"先帝召见群臣","1","2","3"
"劾魏忠贤二十","2","1","3"
"魏忠贤二十四","2","1","3"
"五百八十余级","2","1","3"
"游击王惟屏分","1","2","3"
"斩首三百四十","1","2","3"
"世荫指挥佥事","3","0","3"
"学士申时行请","2","1","3"
"松提督陕西讨","2","1","3"
"充宁夏总兵官","3","0","3"
"顺义王撦力克","3","0","3"
"宫婢杨金英等","2","1","3"
"三百六十五种","1","2","3"
"历河南右布政","3","0","3"
"四川巡抚马乾","1","2","3"
"斩首五百余级","3","0","3"
"万三千七百余","2","1","3"
"督师杨嗣昌荐","3","0","3"
"左金王等四营","2","1","3"
"陕西总督汪乔","1","2","3"
"西总督汪乔年","1","2","3"
"降贼将二十五","2","1","3"
"贼将二十五人","2","1","3"
"将间道入汉中","3","0","3"
"总督洪承畴请","2","1","3"
"举万历四十七","3","0","3"
"卫国公胡一青","2","1","3"
"举万历三十八","3","0","3"
"佥都御史金光","1","2","3"
"都御史金光辰","1","2","3"
"历户科都事中","3","0","3"
"擢南京兵部右","3","0","3"
"尚书夏原吉治","2","1","3"
"正统元年七月","2","1","3"
"遣吏部侍郎黄","2","1","3"
"郎黄宗载等十","1","2","3"
"黄宗载等十五","1","2","3"
"宗载等十五人","1","2","3"
"一千一百余人","1","2","3"
"成化元年乡试","2","1","3"
"迁山东右布政","3","0","3"
"巡按御史张孙","2","1","3"
"按御史张孙振","2","1","3"
"巡按御史左光","2","1","3"
"按御史左光先","2","1","3"
"李国〈木普〉","3","0","3"
"闰十一月十七","1","2","3"
"元吉代守吉安","2","1","3"
"部右侍郎右副","3","0","3"
"右侍郎右副都","3","0","3"
"侍郎右副都御","3","0","3"
"郎右副都御史","3","0","3"
"登莱巡抚谢琏","2","1","3"
"都御史熊明遇","2","1","3"
"击登闻鼓讼冤","2","1","3"
"迁南京工部右","3","0","3"
"寻进太子太保","3","0","3"
"一子中书舍人","3","0","3"
"宣大总督江东","2","1","3"
"累迁侍讲学士","3","0","3"
"俺答孙汉吉降","3","0","3"
"寻迁礼部右侍","3","0","3"
"礼部右侍郎翰","3","0","3"
"部右侍郎翰林","3","0","3"
"吏部左侍郎东","3","0","3"
"部尚书武英殿","3","0","3"
"尚书武英殿大","3","0","3"
"书武英殿大学","3","0","3"
"尊皇后曰仁圣","3","0","3"
"皇后曰仁圣皇","3","0","3"
"后曰仁圣皇太","3","0","3"
"曰仁圣皇太后","3","0","3"
"贵妃曰慈圣皇","3","0","3"
"妃曰慈圣皇太","3","0","3"
"故官协理詹事","3","0","3"
"官协理詹事府","3","0","3"
"迁吏部右侍郎","3","0","3"
"巡按御史吴崇","2","1","3"
"按御史吴崇礼","2","1","3"
"迁礼科左事中","3","0","3"
"学士高拱掌吏","3","0","3"
"士高拱掌吏部","3","0","3"
"入左佥都御史","3","0","3"
"进右都御史兵","3","0","3"
"官右副都御史","2","1","3"
"累加太子太保","3","0","3"
"右佥都御史督","2","1","3"
"屯盐都御史庞","2","1","3"
"盐都御史庞尚","2","1","3"
"入刑部右侍郎","3","0","3"
"迁南京礼部尚","3","0","3"
"册立皇太子礼","2","1","3"
"迁南京吏部右","3","0","3"
"改兵部员外郎","3","0","3"
"总兵官郭江战","1","2","3"
"加太子太保致","3","0","3"
"太子太保致仕","3","0","3"
"迁礼科都事中","3","0","3"
"迁兵科都事中","3","0","3"
"金花银二十万","2","1","3"
"银二千四百万","2","1","3"
"封贵妃皇太后","3","0","3"
"崔文升进泄药","1","2","3"
"李选侍居乾清","3","0","3"
"纪保护熊廷弼","1","2","3"
"进吏部右侍郎","3","0","3"
"越总制三边军","2","1","3"
"左副都御史巡","2","1","3"
"天顺八年进士","2","1","3"
"天下民穷财尽","2","1","3"
"天顺四年进士","2","1","3"
"二年擢礼部右","3","0","3"
"年擢礼部右侍","3","0","3"
"万三千一百余","1","2","3"
"正统十三年进","3","0","3"
"历南京刑部郎","3","0","3"
"都御史巡抚地","3","0","3"
"腾骧四卫勇士","2","1","3"
"南京工部员外","2","1","3"
"京工部员外郎","2","1","3"
"献帝本生皇考","3","0","3"
"改称孝宗皇伯","3","0","3"
"廷臣伏阙哭争","3","0","3"
"改称本生皇考","3","0","3"
"吏部考功主事","2","1","3"
"吏部左侍郎学","3","0","3"
"部左侍郎学士","3","0","3"
"化二十三年进","2","1","3"
"收宣府行宫金","2","1","3"
"礼部尚书掌詹","2","1","3"
"部尚书掌詹事","2","1","3"
"尚书掌詹事府","2","1","3"
"东安门入居文","2","1","3"
"安门入居文华","2","1","3"
"门入居文华殿","2","1","3"
"益王次子崇仁","2","1","3"
"王次子崇仁王","2","1","3"
"十四年会试第","1","2","3"
"吏部尚书文渊","3","0","3"
"总兵官朱寿统","2","1","3"
"奉章圣皇太后","2","1","3"
"太子巡抚陕西","2","1","3"
"廷臣二十六人","2","1","3"
"臣二十六人巡","2","1","3"
"婿主事张鹤朝","2","1","3"
"文曰绳愆纠缪","3","0","3"
"授奉天靖难推","3","0","3"
"能佩征夷将军","2","1","3"
"年右副都御史","3","0","3"
"郎中周讷请封","2","1","3"
"中周讷请封禅","2","1","3"
"佩征虏将军印","2","1","3"
"侯傅友德征云","3","0","3"
"改左副都御史","3","0","3"
"宣德二年正月","1","2","3"
"赎民所鬻子女","3","0","3"
"迁南京大理卿","3","0","3"
"侍郎华盖殿大","3","0","3"
"郎华盖殿大学","3","0","3"
"前军都督佥事","2","1","3"
"中府都督同知","2","1","3"
"丞何渊请建世","2","1","3"
"巡视陕西茶马","1","2","3"
"东南涂炭何时","2","1","3"
"万一千八百余","3","0","3"
"右佥都御史任","3","0","3"
"遣大理卿燕忠","2","1","3"
"总督南京粮储","2","1","3"
"遣参政王汝舟","2","1","3"
"登嘉靖五年进","2","1","3"
"司业赵贞吉请","2","1","3"
"令五军都督府","2","1","3"
"侍郎赵文华祭","2","1","3"
"兵部右侍郎代","2","1","3"
"巡视河东盐政","1","2","3"
"荫子锦衣世千","3","0","3"
"招降三千七百","1","2","3"
"降三千七百人","1","2","3"
"水西宣慰安万","1","2","3"
"西宣慰安万铨","1","2","3"
"遣哈密都督写","2","1","3"
"同总兵官仇鸾","2","1","3"
"三十八年二月","1","2","3"
"部尚书廖纪引","2","1","3"
"巡抚应天诸府","2","1","3"
"加兴献帝皇号","2","1","3"
"年十一月乙未","2","1","3"
"尊皇后皇太后","3","0","3"
"决荆州岳山坝","2","1","3"
"副将军大将军","3","0","3"
"获次子地保奴","3","0","3"
"生擒四千余人","2","1","3"
"李文忠攻杭州","2","1","3"
"枢密院判官守","2","1","3"
"进佥枢密院事","3","0","3"
"随大将军冯胜","1","2","3"
"天下通祀孔子","3","0","3"
"军中所掠妇女","2","1","3"
"置江南行中书","2","1","3"
"大理寺少卿薛","1","2","3"
"高丽使者周谊","1","2","3"
"龙州土官赵宗","1","2","3"
"州土官赵宗寿","1","2","3"
"江门大滩八十","2","1","3"
"门大滩八十二","2","1","3"
"诏景川侯曹震","3","0","3"
"宣德七年正月","1","2","3"
"三十三年正月","1","2","3"
"侍郎宋应昌经","2","1","3"
"郎宋应昌经略","2","1","3"
"兴人沈惟敬应","2","1","3"
"人沈惟敬应募","2","1","3"
"山南王承察度","1","2","3"
"寨官子入国学","3","0","3"
"中山遣寨官子","3","0","3"
"永乐元年十一","2","1","3"
"撒马罕贡狮子","3","0","3"
"土鲁番速檀阿","2","1","3"
"都御史彭泽经","2","1","3"
"御史彭泽经略","2","1","3"
"大将军徐达率","1","2","3"
"西将军冯胜率","1","2","3"
"尊帝太上皇帝","3","0","3"
"彰武伯杨信率","1","2","3"
"命抚宁侯朱永","2","1","3"
"兵部尚书白圭","2","1","3"
"守备韩尚忠战","2","1","3"
"备韩尚忠战死","2","1","3"
"封俺答顺义王","3","0","3"
"参将吴浩战死","2","1","3"
"王弄山长官司","1","2","3"
"令西平侯沐春","1","2","3"
"思任发子思机","3","0","3"
"任发子思机发","3","0","3"
"木邦土舍罕拔","2","1","3"
"干崖土舍刀怕","2","1","3"
"云远路军民总","1","2","3"
"远路军民总管","1","2","3"
"斩首三千余级","3","0","3"
"利权署安南国","2","1","3"
"权署安南国事","3","0","3"
"安南国安南都","3","0","3"
"南国安南都统","3","0","3"
"国安南都统使","3","0","3"
"辽东守将潘敬","1","2","3"
"巡抚万世德代","2","1","3"
"播州宣慰杨应","1","2","3"
"州宣慰杨应龙","1","2","3"
"三年进士第一","2","1","3"
"学士参预机务","3","0","3"
"年举进士第一","3","0","3"
"弘治十二年进","2","1","3"
"治十二年进士","2","1","3"
"连破四十余寨","2","1","3"
"光禄寺丞何渊","1","2","3"
"少詹事侍讲学","3","0","3"
"詹事侍讲学士","3","0","3"
"杀总兵官李瑾","2","1","3"
"南京太常寺卿","1","2","3"
"殿大学士入参","3","0","3"
"三年十二月戊","2","1","3"
"总制陕西三边","2","1","3"
"制陕西三边军","2","1","3"
"斩首三百六十","1","2","3"
"巡按御史冯时","2","1","3"
"总督侍郎张经","2","1","3"
"十二万五千余","2","1","3"
"迁浙江右参政","3","0","3"
"二百五十四里","2","1","3"
"嘉靖三年正月","1","2","3"
"官武英殿大学","2","1","3"
"锦衣都督陆炳","2","1","3"
"南安伯郑芝龙","1","2","3"
"大学士杨荣等","1","2","3"
"书张本镇抚乐","1","2","3"
"张本镇抚乐安","1","2","3"
"一千五百余人","1","2","3"
"迁都指挥佥事","3","0","3"
"昭武伯曹钦反","2","1","3"
"致仕尚书王恕","3","0","3"
"都督同知佥事","3","0","3"
"总兵官吴江所","1","2","3"
"大同游击将军","1","2","3"
"内阁参预机务","2","1","3"
"宪宗废后吴氏","2","1","3"
"佩征虏前将军","2","1","3"
"吾右卫指挥使","2","1","3"
"加都指挥佥事","2","1","3"
"佩镇朔将军印","2","1","3"
"佩平羌将军印","2","1","3"
"成化元年正月","1","2","3"
"正统十年进士","2","1","3"
"一千一百八十","1","2","3"
"一千三百四十","1","2","3"
"漏刻博士朱裕","2","1","3"
"初二刻五分昏","3","0","3"
"亥初一刻十二","2","1","3"
"一刻十二分昏","3","0","3"
"丑正二刻三分","2","1","3"
"戌正一刻七分","1","2","3"
"寅正初刻二分","1","2","3"
"布政司所属皆","3","0","3"
"命卿等持节行","3","0","3"
"内外命妇庆贺","2","1","3"
"引进导皇太子","3","0","3"
"案奉天殿丹陛","3","0","3"
"御奉天门视朝","3","0","3"
"百官浅淡色衣","3","0","3"
"皇太子服齐衰","1","2","3"
"思善门外行礼","2","1","3"
"请神主降座升","3","0","3"
"御西角门视事","3","0","3"
"百官素服朝参","3","0","3"
"三年三月己亥","2","1","3"
"四十四年三月","1","2","3"
"十五年正月壬","2","1","3"
"崇祯元年四月","2","1","3"
"化二十一年正","1","2","3"
"德元年三月戊","2","1","3"
"元年三月戊申","2","1","3"
"一千八百余人","2","1","3"
"启六年闰六月","1","2","3"
"十六年二月戊","2","1","3"
"六年二月戊辰","2","1","3"
"景泰三年五月","2","1","3"
"洪武四年正月","1","2","3"
"成化十六年正","1","2","3"
"化十六年正月","1","2","3"
"隆庆五年四月","1","2","3"
"诰敕房中书舍","2","1","3"
"儒学教授一人","1","2","3"
"置儒学提举司","2","1","3"
"设提督学校官","2","1","3"
"部尚书王象乾","2","1","3"
"山后民三万五","2","1","3"
"后民三万五千","2","1","3"
"事中管怀理言","3","0","3"
"官庄田三百三","1","2","3"
"庄田三百三十","1","2","3"
"田三百三十二","1","2","3"
"命工部侍郎王","2","1","3"
"巡抚河南都御","2","1","3"
"抚河南都御史","2","1","3"
"工部侍郎陈政","2","1","3"
"平江伯陈锐同","2","1","3"
"分沁水入贾鲁","2","1","3"
"沁水入贾鲁河","2","1","3"
"都御史总理河","2","1","3"
"御史总理河道","2","1","3"
"设北京留守行","2","1","3"
"北京留守行后","2","1","3"
"京留守行后军","2","1","3"
"中军都督府掌","1","2","3"
"御史分行天下","2","1","3"
"户部尚书陈蕖","1","2","3"
"江西烧造瓷器","2","1","3"
"米二千四百七","2","1","3"
"二千四百七十","2","1","3"
"二十万六千馀","3","0","3"
"一万六千馀两","3","0","3"
"银二十万六千","2","1","3"
"十万六千馀两","3","0","3"
"运年例银二十","3","0","3"
"京运年例银三","3","0","3"
"都转运盐使司","1","2","3"
"山西神池诸堡","3","0","3"
"十万四千五百","1","2","3"
"入太仓盐课银","2","1","3"
"石岁徵平米一","3","0","3"
"岁徵平米一石","3","0","3"
"练饷七百三十","2","1","3"
"户部主事赵乾","2","1","3"
"景泰六年正月","1","2","3"
"天启六年六月","1","2","3"
"崇祯六年正月","1","2","3"
"雷震奉先殿鸱","3","0","3"
"震奉先殿鸱吻","3","0","3"
"万历十五年七","2","1","3"
"历十五年七月","2","1","3"
"历二十三年春","1","2","3"
"靖四十二年四","1","2","3"
"成化十三年正","1","2","3"
"化十三年正月","1","2","3"
"万历十二年十","2","1","3"
"天启七年八月","1","2","3"
"三千三百九十","2","1","3"
"二千六百余人","2","1","3"
"隆庆六年五月","1","2","3"
"北方黑气东西","3","0","3"
"方黑气东西亘","3","0","3"
"黑气东西亘天","3","0","3"
"设五辂奉天门","3","0","3"
"前后车棂雁翅","3","0","3"
"轴中缠黄绒驾","3","0","3"
"中缠黄绒驾辕","3","0","3"
"缠黄绒驾辕诸","3","0","3"
"黄绒驾辕诸索","3","0","3"
"沉香色描金香","3","0","3"
"香色描金香草","3","0","3"
"色描金香草板","3","0","3"
"门旁槅二明栨","3","0","3"
"俱抹金铜鈒花","3","0","3"
"垂攀顶黄线圆","3","0","3"
"雕木贴金云龙","2","1","3"
"间绣五彩云龙","3","0","3"
"绣五彩云龙文","3","0","3"
"圆盘四角连辂","3","0","3"
"右转角阑干二","3","0","3"
"转角阑干二扇","3","0","3"
"转角阑干一扇","3","0","3"
"旗腰绣日月北","2","1","3"
"腰绣日月北斗","2","1","3"
"亭高六尺四寸","2","1","3"
"广二尺四寸奇","3","0","3"
"广二尺二寸奇","3","0","3"
"香色描金云龙","3","0","3"
"后一字带转角","2","1","3"
"耕根车载耒耜","3","0","3"
"上雕木贴金边","3","0","3"
"内饰青地雕木","3","0","3"
"衬板七十二片","2","1","3"
"四周黄铜装钉","3","0","3"
"举贤良方正一","2","1","3"
"贤良方正一人","2","1","3"
"一百一十七人","1","2","3"
"外官三年一朝","3","0","3"
"京官六年一察","2","1","3"
"上施蹙金绣云","3","0","3"
"施蹙金绣云霞","3","0","3"
"蹙金绣云霞翟","3","0","3"
"金压鬓双头钗","2","1","3"
"压鬓双头钗二","3","0","3"
"绣云霞孔雀文","3","0","3"
"横竖襕绣缠枝","3","0","3"
"竖襕绣缠枝花","3","0","3"
"襕绣缠枝花文","3","0","3"
"绣云霞鸳鸯文","3","0","3"
"绣云霞练鹊文","3","0","3"
"珠牡丹开头二","3","0","3"
"翠牡丹叶一十","3","0","3"
"牡丹叶一十八","3","0","3"
"丹叶一十八片","3","0","3"
"红生绢锦中单","3","0","3"
"绢彩画胸背方","2","1","3"
"彩画胸背方花","2","1","3"
"画胸背方花小","2","1","3"
"胸背方花小袖","2","1","3"
"背方花小袖单","2","1","3"
"御史巡按州县","2","1","3"
"平江伯陈瑄治","2","1","3"
"都御史巡抚浙","2","1","3"
"御史巡抚浙江","2","1","3"
"希学袭封衍圣","2","1","3"
"学袭封衍圣公","2","1","3"
"瑀下垂玉花一","3","0","3"
"纱折角向上巾","2","1","3"
"置宝钞提举司","1","2","3"
"直隶府州卫所","2","1","3"
"浑金沥粉蟠龙","2","1","3"
"盝饰浑金沥粉","3","0","3"
"中书省长官外","2","1","3"
"皇后行亲蚕礼","2","1","3"
"士诚合攻应天","2","1","3"
"江西行省平章","2","1","3"
"将张定边直犯","3","0","3"
"张定边直犯太","3","0","3"
"定边直犯太祖","3","0","3"
"边直犯太祖舟","3","0","3"
"春正月丙寅朔","3","0","3"
"五年春正月己","3","0","3"
"福建行省平章","2","1","3"
"二年春正月甲","3","0","3"
"五年春正月辛","3","0","3"
"宴群臣谨身殿","3","0","3"
"元梁王匝剌瓦","3","0","3"
"梁王匝剌瓦密","3","0","3"
"八年春正月辛","3","0","3"
"慰使思伦发反","1","2","3"
"十年春正月癸","3","0","3"
"一年春正月辛","3","0","3"
"开国公常升等","2","1","3"
"六年春正月戊","3","0","3"
"年春正月戊申","3","0","3"
"二十九年春正","2","1","3"
"九年春正月壬","3","0","3"
"年春正月壬申","3","0","3"
"三十年春正月","2","1","3"
"十年春正月丙","3","0","3"
"年春正月丙辰","3","0","3"
"一年春正月壬","3","0","3"
"德元年春正月","2","1","3"
"元年春正月癸","3","0","3"
"三年春正月甲","3","0","3"
"免陕西灾夏税","3","0","3"
"元年春正月乙","3","0","3"
"鳏寡孤独废疾","2","1","3"
"六年春正月甲","3","0","3"
"年春正月甲寅","3","0","3"
"七年春正月甲","3","0","3"
"一年春正月甲","3","0","3"
"丞相胡惟庸谋","2","1","3"
"相胡惟庸谋反","2","1","3"
"明年元夕灯火","3","0","3"
"年春正月己酉","3","0","3"
"皇太后天寿山","3","0","3"
"太后天寿山谒","3","0","3"
"后天寿山谒陵","3","0","3"
"复建言诸臣职","2","1","3"
"五年春正月壬","3","0","3"
"十六年春三月","2","1","3"
"免山东灾夏税","3","0","3"
"七年春正月己","3","0","3"
"总督军务兵部","2","1","3"
"督军务兵部尚","2","1","3"
"军务兵部尚书","2","1","3"
"学士赵志皋等","1","2","3"
"二十四年春二","2","1","3"
"万世德经略朝","2","1","3"
"世德经略朝鲜","2","1","3"
"二千四百万两","1","2","3"
"宣慰使安疆臣","1","2","3"
"二十八年春二","2","1","3"
"十一年春三月","2","1","3"
"三十三年春正","2","1","3"
"三十五年春正","2","1","3"
"年春二月庚子","2","1","3"
"四十年春二月","2","1","3"
"四十二年春正","2","1","3"
"年春正月乙丑","3","0","3"
"四十三年春正","2","1","3"
"三年春正月乙","3","0","3"
"男子张差持梃","3","0","3"
"子张差持梃入","3","0","3"
"河套诸部犯延","3","0","3"
"套诸部犯延绥","3","0","3"
"四十四年春三","2","1","3"
"十四年春三月","2","1","3"
"四十五年春二","2","1","3"
"承宗兵部尚书","3","0","3"
"下兵部尚书王","2","1","3"
"宣大总督侍郎","2","1","3"
"八年春正月乙","3","0","3"
"白莲贼徐鸿儒","2","1","3"
"杖御史林汝翥","2","1","3"
"尚书赵南星等","2","1","3"
"年春正月戊午","3","0","3"
"建魏忠贤生祠","2","1","3"
"七年春正月辛","3","0","3"
"大清兵围锦州","3","0","3"
"大清兵入墙子","3","0","3"
"清兵入墙子岭","3","0","3"
"传庭总督保定","2","1","3"
"上孝纯皇太后","1","2","3"
"杨嗣昌誓师襄","2","1","3"
"嗣昌誓师襄阳","2","1","3"
"良玉平贼将军","3","0","3"
"孙应元等大破","3","0","3"
"年春正月庚寅","3","0","3"
"大理少卿薛岩","2","1","3"
"遣御史分巡天","2","1","3"
"御史分巡天下","2","1","3"
"改北平行都司","2","1","3"
"北平行都司大","3","0","3"
"平行都司大宁","3","0","3"
"百三十八万石","1","2","3"
"兵部尚书刘俊","2","1","3"
"刘俊参赞军务","2","1","3"
"张辅大败安南","1","2","3"
"七年春正月癸","3","0","3"
"召宁阳侯陈懋","2","1","3"
"丰城侯李彬讨","2","1","3"
"参赞南京守备","2","1","3"
"皇太后太皇太","3","0","3"
"太后太皇太后","3","0","3"
"百七十七万余","1","2","3"
"子见深皇太子","3","0","3"
"部尚书金濂违","2","1","3"
"御史王文巡视","1","2","3"
"南京大理少卿","2","1","3"
"皇太后尊号曰","3","0","3"
"巡按御史三年","1","2","3"
"等一百三十四","1","2","3"
"一百三十四人","1","2","3"
"小王子犯宣府","3","0","3"
"左都御史聂贤","1","2","3"
"命武定侯郭勋","2","1","3"
"九年春正月丙","3","0","3"
"二年春正月戊","3","0","3"
"三年春正月壬","3","0","3"
"礼部侍郎翰林","3","0","3"
"免浙江灾税粮","3","0","3"
"二年春正月辛","3","0","3"
"指挥李鉴战死","1","2","3"
"学士李东阳祭","2","1","3"
"士李东阳祭告","2","1","3"
"游击高极战死","1","2","3"
"督陕西三边侍","2","1","3"
"陕西三边侍郎","2","1","3"
"召大同总兵官","1","2","3"
"复三大营旧制","2","1","3"
"祭告郊庙社稷","1","2","3"
"一千八百六十","1","2","3"
"授都指挥佥事","3","0","3"
"称总督军务威","2","1","3"
"镇国公朱寿将","1","2","3"
"监怀恩同法司","2","1","3"
"十一月壬寅朔","2","1","3"
"开泰州白塔河","2","1","3"
"三万七千余级","2","1","3"
"太子巡视陕西","1","2","3"
"孙德崖等四人","1","2","3"
"太祖命廖永忠","2","1","3"
"大将军徐达攻","2","1","3"
"遣司徒李伯升","2","1","3"
"改永兴翼元帅","2","1","3"
"永兴卫亲军指","1","2","3"
"兴卫亲军指挥","1","2","3"
"平章达里麻率","1","2","3"
"帅马步舟师取","3","0","3"
"二十三年追坐","3","0","3"
"二十三年坐胡","3","0","3"
"年坐胡惟庸党","3","0","3"
"儒士欧阳佑等","1","2","3"
"徽州南一百八","2","1","3"
"州南一百八渡","2","1","3"
"论功授开国辅","3","0","3"
"功授开国辅运","3","0","3"
"遇春进取山西","1","2","3"
"万四千五百余","1","2","3"
"都督朱文正镇","1","2","3"
"佥都御史卢睿","2","1","3"
"二百八十万石","1","2","3"
"正统五年正月","1","2","3"
"王通佩征夷将","1","2","3"
"永乐元年四月","1","2","3"
"锦衣卫指挥纪","1","2","3"
"衣卫指挥纪纲","1","2","3"
"千二百四十人","1","2","3"
"十五万三千余","1","2","3"
"大理卿俞士悦","2","1","3"
"迁南京吏部尚","3","0","3"
"前后二十余年","1","2","3"
"永乐八年北征","2","1","3"
"斩首一千七百","1","2","3"
"海丰大沽河入","2","1","3"
"丰大沽河入海","2","1","3"
"堤内凿渠四十","2","1","3"
"内凿渠四十里","2","1","3"
"舍五百六十八","2","1","3"
"锦衣卫指挥逯","1","2","3"
"衣卫指挥逯杲","1","2","3"
"抚都御史孙燧","2","1","3"
"朝廷论功行赏","1","2","3"
"上尊谥曰孝慈","3","0","3"
"成祖仁孝皇后","2","1","3"
"正统七年十月","2","1","3"
"宣大总督翟鹏","2","1","3"
"佥书广东都司","2","1","3"
"张献忠反谷城","3","0","3"
"吏部考功郎中","1","2","3"
"历文选员外郎","3","0","3"
"率数万人攻城","1","2","3"
"副将孙枝秀跃","2","1","3"
"将孙枝秀跃马","2","1","3"
"孙枝秀跃马追","2","1","3"
"隆庆五年二月","1","2","3"
"副总兵赵完责","2","1","3"
"御史盛应期所","1","2","3"
"季驯右都御史","3","0","3"
"任教习庶吉士","1","2","3"
"授南京工部主","2","1","3"
"万历十一年会","1","2","3"
"历十一年会试","1","2","3"
"南京太仆卿沈","2","1","3"
"京太仆卿沈思","2","1","3"
"太仆卿沈思孝","2","1","3"
"选员外郎吕胤","1","2","3"
"员外郎吕胤昌","1","2","3"
"陛下励精图治","1","2","3"
"锦衣卫都督王","1","2","3"
"迁南京国子监","3","0","3"
"入南京国子监","1","2","3"
"擢陕西提学副","3","0","3"
"侍郎杨时乔请","2","1","3"
"授兵部员外郎","2","1","3"
"化贞弃广宁逃","2","1","3"
"吏部缺左侍郎","2","1","3"
"兵部尚书田乐","1","2","3"
"景明上书吏部","1","2","3"
"明上书吏部尚","1","2","3"
"弘治十一年乡","1","2","3"
"治十一年乡试","1","2","3"
"正德八年乡试","1","2","3"
"八年乡试第一","2","1","3"
"户部尚书宋纟","1","2","3"
"按察使林宰等","1","2","3"
"历二十八年乡","1","2","3"
"二十八年乡试","1","2","3"
"西洋人龙华民","1","2","3"
"十月辛丑朔日","2","1","3"
"御史冯三元等","1","2","3"
"斩首一千六百","1","2","3"
"首一千二百级","1","2","3"
"部尚书高第代","2","1","3"
"历三十二年进","2","1","3"
"发帑金二十万","3","0","3"
"震孺巡按辽东","1","2","3"
"世荫锦衣佥事","2","1","3"
"历二十九年进","1","2","3"
"刑部主事张若","2","1","3"
"部主事张若麒","2","1","3"
"东厂理刑吴道","2","1","3"
"厂理刑吴道正","2","1","3"
"天启二年正月","1","2","3"
"崇祯二年五月","2","1","3"
"万历十四年会","1","2","3"
"历十四年会试","1","2","3"
"事中刘弘化首","2","1","3"
"大清兵深入内","2","1","3"
"清兵深入内地","2","1","3"
"十五年戊寅岁","2","1","3"
"景泰元年正月","1","2","3"
"元辛巳二百三","2","1","3"
"辛巳二百三十","2","1","3"
"年八月辛卯日","1","2","3"
"女宿十度左右","1","2","3"
"十六分六十秒","1","2","3"
"百六十五度四","2","1","3"
"六十五度四分","2","1","3"
"大西洋人利玛","1","2","3"
"洋人利玛窦进","1","2","3"
"年九月十五日","1","2","3"
"规分三百六十","1","2","3"
"崇祯十五年四","1","2","3"
"祯十五年四月","1","2","3"
"蓟州巡抚朱方","1","2","3"
"明洪武三年定","3","0","3"
"三年二月行礼","1","2","3"
"祀昊天上帝圜","3","0","3"
"昊天上帝圜丘","3","0","3"
"祀皇地祇方丘","3","0","3"
"司设中韶乐殿","3","0","3"
"进酒进汤前仪","3","0","3"
"舞生六十二人","2","1","3"
"设御座奉天殿","3","0","3"
"奉天门金水桥","2","1","3"
"天门金水桥南","2","1","3"
"洪武二十年定","3","0","3"
"谕礼部尚书夏","2","1","3"
"太常卿奏礼毕","3","0","3"
"功臣殁后封王","3","0","3"
"太常卿洪文衡","2","1","3"
"常卿洪文衡请","2","1","3"
"尚宝司设宝案","2","1","3"
"仪礼司设同文","1","2","3"
"女官设御座香","1","2","3"
"官设御座香案","1","2","3"
"诣皇后殿下称","3","0","3"
"百官朝见太子","1","2","3"
"惟皇太后陛下","3","0","3"
"春秋二季月将","3","0","3"
"夏冬二季月将","3","0","3"
"五月十一日神","2","1","3"
"行奉安神位礼","2","1","3"
"九月二十八日","1","2","3"
"京太常寺官祭","3","0","3"
"四月二十六日","1","2","3"
"问大学士张璁","1","2","3"
"郊祀后稷配天","3","0","3"
"祀文王明堂配","3","0","3"
"文王明堂配上","3","0","3"
"王明堂配上帝","3","0","3"
"天殿丹陛上行","2","1","3"
"黄赤道内外度","2","1","3"
"赤道大股五十","2","1","3"
"道大股五十六","2","1","3"
"上廉乘半弧背","2","1","3"
"度零六分二十","1","2","3"
"零六分二十五","1","2","3"
"六分二十五秒","1","2","3"
"一分六十二秒","1","2","3"
"置黄赤道小弦","3","0","3"
"道大弦六十零","3","0","3"
"大弦六十零度","3","0","3"
"弦六十零度八","3","0","3"
"黄道半弧弦一","2","1","3"
"道半弧弦一度","2","1","3"
"赤道小股五十","2","1","3"
"道小股五十六","2","1","3"
"小股五十六度","2","1","3"
"黄赤道小弧矢","3","0","3"
"赤道小弦五十","1","2","3"
"崇祯元年正月","1","2","3"
"正统三年三月","1","2","3"
"隆庆二年五月","1","2","3"
"直省州县二十","3","0","3"
"南京职方郎中","1","2","3"
"隆庆四年九月","1","2","3"
"三千九百馀丈","3","0","3"
"碙〈石句〉石","3","0","3"
"翰林学士宋濂","1","2","3"
"特设户部侍郎","2","1","3"
"设户部侍郎一","2","1","3"
"协理京营戎政","1","2","3"
"五军营叉刀围","2","1","3"
"军营叉刀围子","2","1","3"
"营叉刀围子手","2","1","3"
"万七千九百余","1","2","3"
"成化十四年例","3","0","3"
"十二万八千余","1","2","3"
"二万八千余顷","1","2","3"
"定天下都司卫","2","1","3"
"增筑雄县横堤","2","1","3"
"筑雄县横堤八","2","1","3"
"一百九十四里","1","2","3"
"南京光禄寺少","1","2","3"
"京光禄寺少卿","1","2","3"
"天顺二年正月","1","2","3"
"帝命令有关官","0","3","3"
"朝廷内外一片","0","3","3"
"帝认为他们是","0","3","3"
"势力已经形成","0","3","3"
"皇帝也不答复","0","3","3"
"下令有关部门","0","3","3"
"帝命令有关部","0","3","3"
"上书为自己辩","0","3","3"
"由此朝廷内外","0","3","3"
"我们这些大臣","0","3","3"
"们的所作所为","0","3","3"
"京师就失守了","0","3","3"
"屡次上书请求","0","3","3"
"听取意见的方","0","3","3"
"取意见的方式","0","3","3"
"部门详细讨论","0","3","3"
"为不能这样做","0","3","3"
"令他乘驿车回","0","3","3"
"上任就去世了","0","3","3"
"母亲去世而回","0","3","3"
"下到有关部门","0","3","3"
"被打了一顿大","0","3","3"
"被交给司法官","0","3","3"
"交给司法官员","0","3","3"
"百姓非常高兴","0","3","3"
"皇上不高兴地","0","3","3"
"上不高兴地说","0","3","3"
"廷内外的大臣","0","3","3"
"因病回到家乡","0","3","3"
"祖采纳了他的","0","3","3"
"太祖十分赞赏","0","3","3"
"李化龙的父亲","0","3","3"
"皇帝下诏让他","0","3","3"
"掳掠去的中国","0","3","3"
"掠去的中国人","0","3","3"
"对他们的赏赐","0","3","3"
"的守卫大臣也","0","3","3"
"于是朝廷便将","0","3","3"
"年向朝廷献贡","0","3","3"
"向朝廷进贡物","0","3","3"
"按前例给予赏","0","3","3"
"的金牌和信符","0","3","3"
"朝廷大臣认为","0","3","3"
"扣发了他们的","0","3","3"
"没有采纳他的","0","3","3"
"因为别人推荐","0","3","3"
"因此被扣发了","0","3","3"
"有听从他的意","0","3","3"
"不是过继给人","0","3","3"
"是过继给人当","0","3","3"
"讨论大礼的大","0","3","3"
"论大礼的大臣","0","3","3"
"世宗非常高兴","0","3","3"
"议定大礼的功","0","3","3"
"定大礼的功劳","0","3","3"
"回家守丧去了","0","3","3"
"报告给朝廷知","0","3","3"
"告给朝廷知道","0","3","3"
"用温和的诏书","0","3","3"
"诏书对他加以","0","3","3"
"给朝廷知道后","0","3","3"
"世宗更加高兴","0","3","3"
"宗更加高兴了","0","3","3"
"提出这种意见","0","3","3"
"世宗认为他说","0","3","3"
"乘坐官方车马","0","3","3"
"因母亲去世回","0","3","3"
"皇帝病情加重","0","3","3"
"给事中姚宗文","0","3","3"
"为太子太保兼","0","3","3"
"三十八年中进","0","3","3"
"赠太常寺少卿","0","3","3"
"授职吏科给事","0","3","3"
"职吏科给事中","0","3","3"
"给事中耿随龙","0","3","3"
"充任宣府游击","0","3","3"
"兵一万五千人","0","3","3"
"大清部队南征","0","3","3"
"改任右佥都御","0","3","3"
"松江府华亭人","0","3","3"
"靖三十二年的","0","3","3"
"三十二年的进","0","3","3"
"十二年的进士","0","3","3"
"靖三十八年的","0","3","3"
"三十八年的进","0","3","3"
"十八年的进士","0","3","3"
"执掌锦衣卫的","0","3","3"
"靖四十四年的","0","3","3"
"四十四年的进","0","3","3"
"靖二十九年的","0","3","3"
"二十九年的进","0","3","3"
"十九年的进士","0","3","3"
"历任刑部员外","0","3","3"
"靖二十六年的","0","3","3"
"二十六年的进","0","3","3"
"十六年的进士","0","3","3"
"少詹事兼侍读","0","3","3"
"历十一年的进","0","3","3"
"称兴献王为皇","0","3","3"
"兴献王为皇叔","0","3","3"
"献王为皇叔父","0","3","3"
"王为皇叔父兴","0","3","3"
"同安侯火真为","0","3","3"
"安平侯李远为","0","3","3"
"平侯李远为左","0","3","3"
"积功升至燕山","0","3","3"
"洪武十八年中","0","3","3"
"武十八年中进","0","3","3"
"进升为兵部尚","0","3","3"
"以兵部尚书兼","0","3","3"
"十六年中进士","0","3","3"
"历任右副都御","0","3","3"
"左侍郎兼右佥","0","3","3"
"封为兵部尚书","0","3","3"
"授官刑部主事","0","3","3"
"二年成为进士","0","3","3"
"户科左给事中","0","3","3"
"跟从蓝玉征讨","0","3","3"
"为特进金紫光","0","3","3"
"兵部尚书于谦","0","3","3"
"升至都指挥同","0","3","3"
"至都指挥同知","0","3","3"
"文官三品以上","0","3","3"
"年六月丙辰日","0","3","3"
"雨水损坏城墙","0","3","3"
"右司副各一人","0","3","3"
"黄河决堤于曹","0","3","3"
"积粮一万五千","0","3","3"
"派遣工部侍郎","0","3","3"
"礼部尚书胡淡","0","3","3"
"以十分为标准","0","3","3"
"官田和民田总","0","3","3"
"五万七千余两","0","3","3"
"井管辖盐课司","0","3","3"
"年五月辛丑日","0","3","3"
"年四月丙午日","0","3","3"
"飞蝗遮蔽天空","0","3","3"
"陕西发生大旱","0","3","3"
"江西发生大水","0","3","3"
"年正月丁酉日","0","3","3"
"右前方第一行","0","3","3"
"红纱灯笼二个","0","3","3"
"用抹金的铜质","0","3","3"
"抹金的铜质凤","0","3","3"
"金的铜质凤头","0","3","3"
"督两广军务兼","0","3","3"
"国将军礼冠服","0","3","3"
"将军礼冠服饰","0","3","3"
"夫人礼冠服饰","0","3","3"
"于未入流中之","0","3","3"
"员外郎各二人","0","3","3"
"大学士李束阳","0","3","3"
"纪立极大圣至","0","3","3"
"立极大圣至神","0","3","3"
"极大圣至神仁","0","3","3"
"大圣至神仁文","0","3","3"
"圣至神仁文义","0","3","3"
"至神仁文义武","0","3","3"
"廖永忠为征南","0","3","3"
"邓愈为征南将","0","3","3"
"愈为征南将军","0","3","3"
"高丽入朝进贡","0","3","3"
"吏部侍郎陈于","0","3","3"
"部侍郎陈于廷","0","3","3"
"暹罗入朝进贡","0","3","3"
"辅佐皇太子监","0","3","3"
"佐皇太子监国","0","3","3"
"爪哇入朝进贡","0","3","3"
"满剌加入朝进","0","3","3"
"剌加入朝进贡","0","3","3"
"充任游击将军","0","3","3"
"浙江受灾税粮","0","3","3"
"皇太后为圣母","0","3","3"
"为翰林院世袭","0","3","3"
"撒马儿罕来朝","0","3","3"
"马儿罕来朝进","0","3","3"
"儿罕来朝进贡","0","3","3"
"小王子侵犯大","0","3","3"
"王子侵犯大同","0","3","3"
"陕西遭灾税粮","0","3","3"
"因为弹劾张居","0","3","3"
"为弹劾张居正","0","3","3"
"弹劾张居正被","0","3","3"
"赵用贤上疏辩","0","3","3"
"皇上没有答复","0","3","3"
"再次上疏弹劾","0","3","3"
"攻击东林党人","0","3","3"
"失败的消息传","0","3","3"
"败的消息传来","0","3","3"
"极力为自己辩","0","3","3"
"是皇上的意思","0","3","3"
"矿税使的害处","0","3","3"
"在家居住了十","0","3","3"
"到最边远的地","0","3","3"
"于是声称有病","0","3","3"
"工部主事张有","0","3","3"
"部主事张有德","0","3","3"
"停发他的俸禄","0","3","3"
"给事中胡汝宁","0","3","3"
"赠为光禄少卿","0","3","3"
"陕西发生严重","0","3","3"
"与张献忠会合","0","3","3"
"事情传到京城","0","3","3"
"庙的神主牌位","0","3","3"
"瞎了一只眼睛","0","3","3"
"总兵官黄得功","0","3","3"
"升任工部尚书","0","3","3"
"受到皇上宠爱","0","3","3"
"进镇抚司监狱","0","3","3"
"御史曹学程因","0","3","3"
"史曹学程因为","0","3","3"
"不敢肆意妄为","0","3","3"
"立自己的儿子","0","3","3"
"的儿子为太子","0","3","3"
"用正直的大臣","0","3","3"
"刘一火景等人","0","3","3"
"魏忠贤和客氏","0","3","3"
"客氏为奉圣夫","0","3","3"
"氏为奉圣夫人","0","3","3"
"的儿子侯国兴","0","3","3"
"给事中沈惟炳","0","3","3"
"跑到皇上面前","0","3","3"
"给事中陈良训","0","3","3"
"不依附于魏忠","0","3","3"
"魏忠贤很高兴","0","3","3"
"是魏忠贤的党","0","3","3"
"庇荫锦衣卫指","0","3","3"
"魏忠贤的奏疏","0","3","3"
"任御马监太监","0","3","3"
"郑贵妃宫中的","0","3","3"
"鸿胪寺丞李可","0","3","3"
"胪寺丞李可灼","0","3","3"
"给事中魏大中","0","3","3"
"皇上初即位时","0","3","3"
"宦官全部撤回","0","3","3"
"皇帝下诏将此","0","3","3"
"皇帝下诏书给","0","3","3"
"命令西平侯沐","0","3","3"
"平侯沐英征讨","0","3","3"
"令景川侯曹震","0","3","3"
"朝廷进贡马匹","0","3","3"
"事上报朝廷后","0","3","3"
"给事中郑自壁","0","3","3"
"不是长久之策","0","3","3"
"沾益州的土官","0","3","3"
"益州的土官安","0","3","3"
"奉朝廷的命令","0","3","3"
"把自己绑起来","0","3","3"
"元朝至元年间","0","3","3"
"朝廷献贡马一","0","3","3"
"的赏赐很丰厚","0","3","3"
"有花纹的绮衣","0","3","3"
"男女二百多人","0","3","3"
"一千八百多人","0","3","3"
"月鲁帖木儿叛","0","3","3"
"鲁帖木儿叛乱","0","3","3"
"作乱的番族人","0","3","3"
"长官司的长官","0","3","3"
"向朝廷上奏说","0","3","3"
"一百三十多人","0","3","3"
"侵犯边境地区","0","3","3"
"斩杀敌人四百","0","3","3"
"手下的部落酋","0","3","3"
"下的部落酋长","0","3","3"
"安抚司隶属于","0","3","3"
"允许他继承其","0","3","3"
"许他继承其父","0","3","3"
"继承其父的官","0","3","3"
"帝下诏赏赐给","0","3","3"
"小木瓜地区的","0","3","3"
"大小木瓜地区","0","3","3"
"的一天比一天","0","3","3"
"国公朱勇等人","0","3","3"
"将他押到市场","0","3","3"
"皇上很不高兴","0","3","3"
"抚宁侯朱永为","0","3","3"
"亦思马因侵犯","0","3","3"
"和御史纷纷上","0","3","3"
"内阁大臣万安","0","3","3"
"投入锦衣卫监","0","3","3"
"皇上微服出行","0","3","3"
"刘瑾的所作所","0","3","3"
"瑾的所作所为","0","3","3"
"全部揭发了他","0","3","3"
"将有不测之祸","0","3","3"
"士杨一清等人","0","3","3"
"升他为都指挥","0","3","3"
"蓄养亡命之徒","0","3","3"
"揭发了他的罪","0","3","3"
"在朝廷上弹劾","0","3","3"
"为太仆寺少卿","0","3","3"
"事情无论大小","0","3","3"
"他们全部投进","0","3","3"
"增加禄米一百","0","3","3"
"加禄米一百石","0","3","3"
"子为锦衣卫千","0","3","3"
"加封为少保兼","0","3","3"
"封为少保兼太","0","3","3"
"张居正等人说","0","3","3"
"削去他的官籍","0","3","3"
"为特进光禄大","0","3","3"
"下狱判了死罪","0","3","3"
"其父亲的职务","0","3","3"
"部给皇帝上奏","0","3","3"
"只有一个儿子","0","3","3"
"大臣讨论认为","0","3","3"
"廷进献马匹和","0","3","3"
"彭世麒向朝廷","0","3","3"
"世麒向朝廷进","0","3","3"
"麒向朝廷进献","0","3","3"
"兵部讨论后认","0","3","3"
"仍像以前一样","0","3","3"
"提升为都指挥","0","3","3"
"绣有飞鱼的衣","0","3","3"
"有飞鱼的衣服","0","3","3"
"获敌人首级一","0","3","3"
"地对他们加以","0","3","3"
"以下的官员都","0","3","3"
"兵部和都察院","0","3","3"
"指挥佥事的官","0","3","3"
"挥佥事的官职","0","3","3"
"年朝廷免除了","0","3","3"
"任山东按察使","0","3","3"
"他们全部释放","0","3","3"
"实际上并没有","0","3","3"
"中弘治十八年","0","3","3"
"以礼部尚书兼","0","3","3"
"礼部尚书兼翰","0","3","3"
"部尚书兼翰林","0","3","3"
"尚书兼翰林学","0","3","3"
"书兼翰林学士","0","3","3"
"兼翰林学士的","0","3","3"
"接受群臣朝贺","0","3","3"
"批准了他的请","0","3","3"
"准了他的请求","0","3","3"
"将他投入诏狱","0","3","3"
"的人络绎不绝","0","3","3"
"加封为少师兼","0","3","3"
"封为少师兼太","0","3","3"
"儿子为中书舍","0","3","3"
"给事中章允儒","0","3","3"
"给事中瞿式耜","0","3","3"
"都御史曹于汴","0","3","3"
"自己弹劾自己","0","3","3"
"给事中许誉卿","0","3","3"
"弹劾崔呈秀和","0","3","3"
"为兵部添注右","0","3","3"
"不久转为左侍","0","3","3"
"久转为左侍郎","0","3","3"
"升为本部尚书","0","3","3"
"也被关进监狱","0","3","3"
"大肆抢掠而去","0","3","3"
"对他恨之入骨","0","3","3"
"不久升任礼部","0","3","3"
"久升任礼部右","0","3","3"
"都是谢迁的同","0","3","3"
"是谢迁的同乡","0","3","3"
"赦免他们的罪","0","3","3"
"请求辞官归乡","0","3","3"
"四十一年中进","0","3","3"
"都是东林党人","0","3","3"
"他升为兵部尚","0","3","3"
"上书议论政事","0","3","3"
"提建议而得罪","0","3","3"
"建议而得罪的","0","3","3"
"为南京工部主","0","3","3"
"魏忠贤非常高","0","3","3"
"忠贤非常高兴","0","3","3"
"官纷纷弹劾他","0","3","3"
"任国子监助教","0","3","3"
"任刑科给事中","0","3","3"
"代理兵部事务","0","3","3"
"授予户部主事","0","3","3"
"无法有所作为","0","3","3"
"给事中周朝瑞","0","3","3"
"接连上书请求","0","3","3"
"极力主张不可","0","3","3"
"起用为原官职","0","3","3"
"万历三十七年","0","3","3"
"二十年中进士","0","3","3"
"被停发俸禄一","0","3","3"
"调任山东佥事","0","3","3"
"为南京通政参","0","3","3"
"攻击李三才的","0","3","3"
"土蛮大举入侵","0","3","3"
"代理他的职位","0","3","3"
"兵官的身份镇","0","3","3"
"官的身份镇守","0","3","3"
"升代理都督同","0","3","3"
"火落赤进犯洮","0","3","3"
"不是长久之计","0","3","3"
"嘉靖年间担任","0","3","3"
"这时是万历二","0","3","3"
"为本卫指挥使","0","3","3"
"远远地逃走了","0","3","3"
"世袭指挥佥事","0","3","3"
"晋升为兵部右","0","3","3"
"任南京户部尚","0","3","3"
"授官工部尚书","0","3","3"
"有一定的制度","0","3","3"
"接受皇帝的遗","0","3","3"
"受皇帝的遗诏","0","3","3"
"他们一起治罪","0","3","3"
"魏忠贤假传圣","0","3","3"
"忠贤假传圣旨","0","3","3"
"起用为南京吏","0","3","3"
"用为南京吏部","0","3","3"
"百姓流离失所","0","3","3"
"请求皇帝修身","0","3","3"
"皇帝最终没有","0","3","3"
"朝廷内外议论","0","3","3"
"廷内外议论纷","0","3","3"
"的弟弟郑国泰","0","3","3"
"孙慎行的奏疏","0","3","3"
"李可灼进献药","0","3","3"
"可灼进献药丸","0","3","3"
"皇帝到文华殿","0","3","3"
"等人相互攻击","0","3","3"
"历三十三年春","0","3","3"
"帝高兴地采纳","0","3","3"
"荫庇一个儿子","0","3","3"
"年以右副都御","0","3","3"
"陈述它的危害","0","3","3"
"皇帝都不省悟","0","3","3"
"部尚书的身份","0","3","3"
"次上疏乞求辞","0","3","3"
"上疏乞求辞职","0","3","3"
"有关部门禁止","0","3","3"
"升为太仆寺卿","0","3","3"
"已经很长时间","0","3","3"
"经很长时间了","0","3","3"
"是剥夺了他的","0","3","3"
"的只有十分之","0","3","3"
"父母丧礼回家","0","3","3"
"士申时行等人","0","3","3"
"二十三年冬天","0","3","3"
"这是让陛下不","0","3","3"
"共同治理天下","0","3","3"
"已有很长时间","0","3","3"
"皇帝都不接受","0","3","3"
"在第二年春天","0","3","3"
"于是请求辞职","0","3","3"
"封少保兼太子","0","3","3"
"人护送他回家","0","3","3"
"皇帝下诏命令","0","3","3"
"上疏弹劾魏忠","0","3","3"
"没有不听从的","0","3","3"
"解除他的职务","0","3","3"
"鸿胪寺官李可","0","3","3"
"胪寺官李可灼","0","3","3"
"皇帝很不高兴","0","3","3"
"因为这个缘故","0","3","3"
"年中进士第一","0","3","3"
"不采纳他的建","0","3","3"
"皇帝派遣宦官","0","3","3"
"累积战功做到","0","3","3"
"李成梁在卓山","0","3","3"
"李成梁将其击","0","3","3"
"提升为左都督","0","3","3"
"四百七十多人","0","3","3"
"亲自率领精锐","0","3","3"
"自率领精锐部","0","3","3"
"率领精锐部队","0","3","3"
"从马上掉下来","0","3","3"
"万历十五年春","0","3","3"
"土蛮十万骑兵","0","3","3"
"等人请求投降","0","3","3"
"给事中侯先春","0","3","3"
"李成梁镇守辽","0","3","3"
"用苛捐杂税剥","0","3","3"
"苛捐杂税剥削","0","3","3"
"接连上疏极力","0","3","3"
"他的弟弟李如","0","3","3"
"无不以一当百","0","3","3"
"皇帝置之不理","0","3","3"
"直捣敌人的老","0","3","3"
"捣敌人的老巢","0","3","3"
"佥事的身份充","0","3","3"
"事的身份充任","0","3","3"
"充任宁夏总兵","0","3","3"
"挑选精锐士兵","0","3","3"
"给予世代荫封","0","3","3"
"崇祯十五年二","0","3","3"
"祯十五年二月","0","3","3"
"农民起义军攻","0","3","3"
"苏州府长洲县","0","3","3"
"继承了父亲的","0","3","3"
"提升为光禄卿","0","3","3"
"斩获七百多首","0","3","3"
"获七百多首级","0","3","3"
"被扣发了俸禄","0","3","3"
"都同意了他的","0","3","3"
"京师受到很大","0","3","3"
"师受到很大震","0","3","3"
"朝廷颁布诏书","0","3","3"
"让有关部门为","0","3","3"
"世袭锦衣指挥","0","3","3"
"朝廷命令良玉","0","3","3"
"向皇帝报告了","0","3","3"
"西乡进入四川","0","3","3"
"了很长一段时","0","3","3"
"派遣他的党羽","0","3","3"
"投降过来的人","0","3","3"
"他一个儿子为","0","3","3"
"是投降过来的","0","3","3"
"大清兵已经打","0","3","3"
"清兵已经打下","0","3","3"
"都立下了战功","0","3","3"
"把贼寇打得大","0","3","3"
"贼寇打得大败","0","3","3"
"左良玉在玛瑙","0","3","3"
"良玉在玛瑙山","0","3","3"
"山把贼兵打得","0","3","3"
"贼寇于是越过","0","3","3"
"不可轻举妄动","0","3","3"
"提升为总兵官","0","3","3"
"大清部队攻打","0","3","3"
"十五里的地方","0","3","3"
"把这事报告给","0","3","3"
"事报告给朝廷","0","3","3"
"朝廷任命他为","0","3","3"
"赐了他尚方宝","0","3","3"
"了他尚方宝剑","0","3","3"
"有见机行事的","0","3","3"
"中万历四十七","0","3","3"
"又升为右参政","0","3","3"
"担任兵部右侍","0","3","3"
"大清部队进入","0","3","3"
"他哥哥的儿子","0","3","3"
"唐王提升他为","0","3","3"
"在第二年二月","0","3","3"
"朝廷内外的事","0","3","3"
"升任太仆少卿","0","3","3"
"是国家的根本","0","3","3"
"一个儿子为官","0","3","3"
"升任刑部右侍","0","3","3"
"庄烈帝召见他","0","3","3"
"来不曾有过的","0","3","3"
"移交刑部定罪","0","3","3"
"终年六十八岁","0","3","3"
"升任南京兵部","0","3","3"
"听说后大为恼","0","3","3"
"都采纳了他的","0","3","3"
"不久提升为右","0","3","3"
"久提升为右佥","0","3","3"
"太祖采纳他的","0","3","3"
"政绩考核合格","0","3","3"
"为山东布政使","0","3","3"
"晋升为员外郎","0","3","3"
"升为广东佥事","0","3","3"
"升为刑部主事","0","3","3"
"又晋升为郎中","0","3","3"
"为他修建祠堂","0","3","3"
"升为礼部主事","0","3","3"
"升为浙江副使","0","3","3"
"常州府无锡人","0","3","3"
"升为户部主事","0","3","3"
"户部右侍郎兼","0","3","3"
"调任南京兵部","0","3","3"
"排行应当立为","0","3","3"
"军队和百姓的","0","3","3"
"派遣官员前往","0","3","3"
"朝廷提升他为","0","3","3"
"太子的秘密指","0","3","3"
"子的秘密指示","0","3","3"
"到第二年三月","0","3","3"
"庄烈帝就命令","0","3","3"
"他为东阁大学","0","3","3"
"的军队也到了","0","3","3"
"崇祯皇帝没有","0","3","3"
"皇帝没有采纳","0","3","3"
"派遣使者前去","0","3","3"
"为文渊阁大学","0","3","3"
"便宜行事的权","0","3","3"
"宜行事的权力","0","3","3"
"永明王回到桂","0","3","3"
"明王回到桂林","0","3","3"
"学士张居正的","0","3","3"
"为兵部职方主","0","3","3"
"他为兵部尚书","0","3","3"
"被提升为太常","0","3","3"
"可是已经有人","0","3","3"
"是已经有人议","0","3","3"
"已经有人议论","0","3","3"
"右侍郎兼右副","0","3","3"
"侍郎兼右副都","0","3","3"
"郎兼右副都御","0","3","3"
"他以右佥都御","0","3","3"
"把他们抓起来","0","3","3"
"启二年提拔为","0","3","3"
"荫封子孙世袭","0","3","3"
"封子孙世袭锦","0","3","3"
"子孙世袭锦衣","0","3","3"
"朝廷下令逮捕","0","3","3"
"上疏请求朝廷","0","3","3"
"复了他的官职","0","3","3"
"双方伤亡相当","0","3","3"
"山东发生饥荒","0","3","3"
"负责织造的宦","0","3","3"
"责织造的宦官","0","3","3"
"升为山东右布","0","3","3"
"为山东右布政","0","3","3"
"调任南京工部","0","3","3"
"任工部尚书兼","0","3","3"
"二年考取进士","0","3","3"
"调任礼部右侍","0","3","3"
"在奉先殿祭祀","0","3","3"
"奏请册立太子","0","3","3"
"增添内阁大臣","0","3","3"
"徐阶草拟遗诏","0","3","3"
"御史齐康弹劾","0","3","3"
"皇帝命令宦官","0","3","3"
"方士王金等人","0","3","3"
"皇帝都答复可","0","3","3"
"孙子把汉那吉","0","3","3"
"皇帝都听从了","0","3","3"
"都听从了他的","0","3","3"
"部右侍郎兼翰","0","3","3"
"右侍郎兼翰林","0","3","3"
"兼翰林院学士","0","3","3"
"部尚书兼武英","0","3","3"
"尚书兼武英殿","0","3","3"
"书兼武英殿大","0","3","3"
"加封他为少师","0","3","3"
"以天下为己任","0","3","3"
"祖宗的旧制度","0","3","3"
"贵妃为慈圣皇","0","3","3"
"妃为慈圣皇太","0","3","3"
"给事中陈三谟","0","3","3"
"回乡安葬父亲","0","3","3"
"多次上书请求","0","3","3"
"见两宫皇太后","0","3","3"
"张居正的母亲","0","3","3"
"的官吏和百姓","0","3","3"
"十多万两白银","0","3","3"
"二十万两白银","0","3","3"
"同意了他们的","0","3","3"
"贡的议论兴起","0","3","3"
"晋升为左侍郎","0","3","3"
"奏请增设内阁","0","3","3"
"请增设内阁大","0","3","3"
"增设内阁大臣","0","3","3"
"以左侍郎身份","0","3","3"
"命令他的儿子","0","3","3"
"召见辅佐大臣","0","3","3"
"万历十九年秋","0","3","3"
"历十九年秋天","0","3","3"
"请求减少织造","0","3","3"
"封贡的事情失","0","3","3"
"贡的事情失败","0","3","3"
"给事中桂有根","0","3","3"
"历二十九年秋","0","3","3"
"担任礼部右侍","0","3","3"
"接连上奏疏论","0","3","3"
"给事中杨廷兰","0","3","3"
"东阁大学士参","0","3","3"
"全面考察京官","0","3","3"
"不及十分之一","0","3","3"
"极力请求皇帝","0","3","3"
"朝廷大臣推举","0","3","3"
"给事中陈治则","0","3","3"
"任吏科给事中","0","3","3"
"等人极力争辩","0","3","3"
"提升为太仆少","0","3","3"
"的奏疏留在宫","0","3","3"
"给事中魏时亮","0","3","3"
"升左副都御史","0","3","3"
"升刑部右侍郎","0","3","3"
"御史纠察弹劾","0","3","3"
"为工科给事中","0","3","3"
"二年正月初一","0","3","3"
"张居正执掌国","0","3","3"
"居正执掌国政","0","3","3"
"被提升为山西","0","3","3"
"任礼科给事中","0","3","3"
"南京翰林院的","0","3","3"
"京翰林院的事","0","3","3"
"授职为户部主","0","3","3"
"职为户部主事","0","3","3"
"斩杀了他们的","0","3","3"
"升他为兵部右","0","3","3"
"他升任右都御","0","3","3"
"上奏请求恢复","0","3","3"
"给事中张问达","0","3","3"
"张居正大为恼","0","3","3"
"调出京城担任","0","3","3"
"万历十八年冬","0","3","3"
"他升任右副都","0","3","3"
"后起用为南京","0","3","3"
"为南京工部尚","0","3","3"
"被任命为南京","0","3","3"
"任命为南京刑","0","3","3"
"命为南京刑部","0","3","3"
"万历三十年春","0","3","3"
"调任户部右侍","0","3","3"
"的人应当离去","0","3","3"
"为工部左侍郎","0","3","3"
"被提升为右副","0","3","3"
"以便断绝敌寇","0","3","3"
"升为少傅兼太","0","3","3"
"理兵部的事务","0","3","3"
"从了他的请求","0","3","3"
"他乘驿车归乡","0","3","3"
"施行一条鞭法","0","3","3"
"诏令朝廷大臣","0","3","3"
"皇帝没有听从","0","3","3"
"部右侍郎兼任","0","3","3"
"于是成为定制","0","3","3"
"调任兵部主事","0","3","3"
"任河南提学副","0","3","3"
"晋升为南京礼","0","3","3"
"调任侍讲学士","0","3","3"
"年晋升为礼部","0","3","3"
"享年六十八岁","0","3","3"
"用他的一个儿","0","3","3"
"任命为礼部右","0","3","3"
"命为礼部右侍","0","3","3"
"城之外的官吏","0","3","3"
"不久改任吏部","0","3","3"
"郎郭正域请求","0","3","3"
"诏令大赦天下","0","3","3"
"皇帝召见并任","0","3","3"
"帝召见并任命","0","3","3"
"皇帝都不同意","0","3","3"
"命他为礼部尚","0","3","3"
"件可忧虑的事","0","3","3"
"从此再也没有","0","3","3"
"更加请求离去","0","3","3"
"二十年的进士","0","3","3"
"升任户部主事","0","3","3"
"改任兵部员外","0","3","3"
"任兵部员外郎","0","3","3"
"左侍郎的身份","0","3","3"
"宗听从了他的","0","3","3"
"隆庆四年秋天","0","3","3"
"以便利于漕运","0","3","3"
"佥都御史前往","0","3","3"
"敌寇大举入侵","0","3","3"
"出任南京工部","0","3","3"
"给事中杨其休","0","3","3"
"升任南京右都","0","3","3"
"请求皇帝遵循","0","3","3"
"有功勋的大臣","0","3","3"
"担任南京吏部","0","3","3"
"奏章留在宫中","0","3","3"
"留在宫中没有","0","3","3"
"司以下的官吏","0","3","3"
"有停止的时候","0","3","3"
"赠他为太子少","0","3","3"
"为户部左侍郎","0","3","3"
"帝下诏允许他","0","3","3"
"负责翰林院的","0","3","3"
"责翰林院的事","0","3","3"
"阁大学士的身","0","3","3"
"给事中邹元标","0","3","3"
"召见申时行等","0","3","3"
"朝廷大臣因为","0","3","3"
"皇帝下诏好言","0","3","3"
"沈一贯进入内","0","3","3"
"一贯进入内阁","0","3","3"
"给事中钟兆斗","0","3","3"
"次上奏请求离","0","3","3"
"升任国子监祭","0","3","3"
"方从哲请求罢","0","3","3"
"从哲请求罢职","0","3","3"
"纳了他们的意","0","3","3"
"祖宗二百多年","0","3","3"
"宗二百多年的","0","3","3"
"在弘德殿召见","0","3","3"
"给事中魏应嘉","0","3","3"
"皇帝任命他为","0","3","3"
"严嵩的儿子严","0","3","3"
"嵩的儿子严世","0","3","3"
"晋升为少詹事","0","3","3"
"再度上奏请求","0","3","3"
"封为礼部尚书","0","3","3"
"协助管理詹事","0","3","3"
"助管理詹事府","0","3","3"
"负责部中事务","0","3","3"
"同时分封三王","0","3","3"
"为南京国子祭","0","3","3"
"皇帝都同意了","0","3","3"
"他为南京礼部","0","3","3"
"升为福建按察","0","3","3"
"为福建按察使","0","3","3"
"命令司礼太监","0","3","3"
"陕西发生大地","0","3","3"
"西发生大地震","0","3","3"
"抚恤受灾人家","0","3","3"
"就可想而知了","0","3","3"
"侍奉东宫太子","0","3","3"
"任南京刑部郎","0","3","3"
"考中弘治六年","0","3","3"
"掌管翰林院事","0","3","3"
"管翰林院事务","0","3","3"
"自称威武大将","0","3","3"
"自称总督军务","0","3","3"
"就是人家的儿","0","3","3"
"入宫继承王位","0","3","3"
"又抗言上书极","0","3","3"
"该以孝宗为父","0","3","3"
"内阁大臣商议","0","3","3"
"荫封子孙为世","0","3","3"
"封子孙为世袭","0","3","3"
"我们认为陛下","0","3","3"
"兴献帝为本生","0","3","3"
"献帝为本生皇","0","3","3"
"帝为本生皇考","0","3","3"
"在奉先殿一侧","0","3","3"
"追赠他为少保","0","3","3"
"朝廷里的大臣","0","3","3"
"廷里的大臣们","0","3","3"
"称为本生皇考","0","3","3"
"我们太祖皇帝","0","3","3"
"追加皇帝称号","0","3","3"
"关于大礼的争","0","3","3"
"品以下的官员","0","3","3"
"大礼的争论开","0","3","3"
"礼的争论开始","0","3","3"
"的争论开始后","0","3","3"
"到左顺门跪地","0","3","3"
"部左侍郎兼学","0","3","3"
"左侍郎兼学士","0","3","3"
"纷纷上奏章弹","0","3","3"
"纷上奏章弹劾","0","3","3"
"已经进入内阁","0","3","3"
"岁就乡试中举","0","3","3"
"升为左春坊大","0","3","3"
"为左春坊大学","0","3","3"
"安化王蜫钅番","0","3","3"
"了少傅兼太子","0","3","3"
"乾清宫发生灾","0","3","3"
"为威武副将军","0","3","3"
"大学士的俸禄","0","3","3"
"不同意见的人","0","3","3"
"过去讨论大礼","0","3","3"
"去讨论大礼时","0","3","3"
"吏部尚书兼文","0","3","3"
"士的身份入内","0","3","3"
"的身份入内阁","0","3","3"
"身份入内阁参","0","3","3"
"份入内阁参与","0","3","3"
"内阁参与机要","0","3","3"
"他们两个于是","0","3","3"
"严格整顿军队","0","3","3"
"兴献王为皇考","0","3","3"
"国子生的身份","0","3","3"
"都督徐凯驻扎","0","3","3"
"皇上和太子都","0","3","3"
"随从皇上巡边","0","3","3"
"诏令有关部门","0","3","3"
"有什么话要说","0","3","3"
"升任户部右侍","0","3","3"
"回到榆木川时","0","3","3"
"享受三职俸禄","0","3","3"
"终年六十五岁","0","3","3"
"免除他家的赋","0","3","3"
"除他家的赋税","0","3","3"
"他家的赋税徭","0","3","3"
"家的赋税徭役","0","3","3"
"皇上赐给他的","0","3","3"
"渡江进入京城","0","3","3"
"而不叫他的名","0","3","3"
"不叫他的名字","0","3","3"
"到达捕鱼儿海","0","3","3"
"终年五十八岁","0","3","3"
"升至都指挥使","0","3","3"
"随大将军北征","0","3","3"
"为北平都指挥","0","3","3"
"他回来后上奏","0","3","3"
"理了他的丧事","0","3","3"
"为浙江左布政","0","3","3"
"百姓得以安居","0","3","3"
"改任刑部尚书","0","3","3"
"后因犯罪被贬","0","3","3"
"他进升为尚书","0","3","3"
"李景隆代替耿","0","3","3"
"景隆代替耿炳","0","3","3"
"隆代替耿炳文","0","3","3"
"在这次战役中","0","3","3"
"围才得以解除","0","3","3"
"为右军都督佥","0","3","3"
"辅佐太子监国","0","3","3"
"为本部右侍郎","0","3","3"
"月他在任上去","0","3","3"
"不待守孝期满","0","3","3"
"结果他们都被","0","3","3"
"为陕西按察使","0","3","3"
"终年六十二岁","0","3","3"
"为大理寺少卿","0","3","3"
"升为河南按察","0","3","3"
"留下辅佐太子","0","3","3"
"被投进锦衣卫","0","3","3"
"侍郎兼华盖殿","0","3","3"
"郎兼华盖殿大","0","3","3"
"立陈氏的后代","0","3","3"
"询问民间疾苦","0","3","3"
"皇上听从他的","0","3","3"
"进升为翰林学","0","3","3"
"封为刑部尚书","0","3","3"
"疏为自己辩护","0","3","3"
"终年七十七岁","0","3","3"
"一个儿子官职","0","3","3"
"皇帝下令礼部","0","3","3"
"职为南京礼部","0","3","3"
"皇帝嘉奖他的","0","3","3"
"御史的官职巡","0","3","3"
"史的官职巡抚","0","3","3"
"为南京兵部尚","0","3","3"
"将他下诏狱进","0","3","3"
"他下诏狱进行","0","3","3"
"升为副都御史","0","3","3"
"调任浙江按察","0","3","3"
"耗费不可计算","0","3","3"
"都给事中夏言","0","3","3"
"给事中夏言等","0","3","3"
"都御史汪钅宏","0","3","3"
"皇帝下诏书征","0","3","3"
"多次濒临死亡","0","3","3"
"请求代父而死","0","3","3"
"派遣使者祭祀","0","3","3"
"在朝廷上杖打","0","3","3"
"有什么比这更","0","3","3"
"皇帝身边的人","0","3","3"
"升为礼科给事","0","3","3"
"仇鸾为大将军","0","3","3"
"让他的儿子严","0","3","3"
"都是贼臣严嵩","0","3","3"
"升为兵科给事","0","3","3"
"给事中李用敬","0","3","3"
"在朝廷上用杖","0","3","3"
"朝廷上用杖拷","0","3","3"
"廷上用杖拷打","0","3","3"
"给事中罗嘉宾","0","3","3"
"守卫这个地方","0","3","3"
"署理都指挥佥","0","3","3"
"所到的地方都","0","3","3"
"周尚文在黑水","0","3","3"
"尚文在黑水苑","0","3","3"
"一万三千多人","0","3","3"
"嘉奖他的功劳","0","3","3"
"升他为左都督","0","3","3"
"周尚文在曹家","0","3","3"
"尚文在曹家庄","0","3","3"
"共斩敌人首级","0","3","3"
"他们的妻子儿","0","3","3"
"都督写亦虎仙","0","3","3"
"写亦虎仙和他","0","3","3"
"无人能比得上","0","3","3"
"一劳永逸的办","0","3","3"
"劳永逸的办法","0","3","3"
"他们立功赎罪","0","3","3"
"都御史代替他","0","3","3"
"上疏报告皇帝","0","3","3"
"没有像今天这","0","3","3"
"有像今天这样","0","3","3"
"仁寿宫发生火","0","3","3"
"诏令修身反省","0","3","3"
"的罪名弹劾他","0","3","3"
"有什么不同呢","0","3","3"
"这是不必疑虑","0","3","3"
"是不必疑虑的","0","3","3"
"不必疑虑的第","0","3","3"
"就不是因为仇","0","3","3"
"大风拔起树木","0","3","3"
"附祭孝烈皇后","0","3","3"
"尊皇后为皇太","0","3","3"
"为征虏右副将","0","3","3"
"大军征讨中原","0","3","3"
"左副将军的身","0","3","3"
"被任命为指挥","0","3","3"
"继承父亲职位","0","3","3"
"跟从太祖渡江","0","3","3"
"提升为大都督","0","3","3"
"受蓝玉党案牵","0","3","3"
"蓝玉党案牵连","0","3","3"
"从大军平武昌","0","3","3"
"跟从沐英征讨","0","3","3"
"晋升为龙骧卫","0","3","3"
"俞通海等人率","0","3","3"
"晋升为佥枢密","0","3","3"
"升为佥枢密院","0","3","3"
"为佥枢密院事","0","3","3"
"晋升为江淮行","0","3","3"
"为江南行省参","0","3","3"
"蛮子海牙的水","0","3","3"
"子海牙的水寨","0","3","3"
"徐达攻取镇江","0","3","3"
"年仅三十九岁","0","3","3"
"没有攻不破的","0","3","3"
"年食禄二千石","0","3","3"
"提升为监察御","0","3","3"
"升为四川按察","0","3","3"
"这样又怎么能","0","3","3"
"太祖攻克太平","0","3","3"
"耿炳文为大将","0","3","3"
"炳文为大将军","0","3","3"
"黄子澄与齐泰","0","3","3"
"皇帝于是下令","0","3","3"
"周公辅佐成王","0","3","3"
"升为江西行省","0","3","3"
"任征南副将军","0","3","3"
"跟从傅友德平","0","3","3"
"为中军都督府","0","3","3"
"死的不计其数","0","3","3"
"召集义兵保卫","0","3","3"
"二十三年春天","0","3","3"
"升为浙江按察","0","3","3"
"将他们逮捕治","0","3","3"
"他们逮捕治罪","0","3","3"
"太祖平定武昌","0","3","3"
"终年三十八岁","0","3","3"
"太祖攻克集庆","0","3","3"
"于是任命他为","0","3","3"
"百姓安居乐业","0","3","3"
"向皇帝进献土","0","3","3"
"皇帝进献土产","0","3","3"
"请求朝廷让他","0","3","3"
"贵州的镇巡官","0","3","3"
"贵州的守卫大","0","3","3"
"皇帝命令刑部","0","3","3"
"没有汉化的苗","0","3","3"
"时间已经很久","0","3","3"
"军队前去征讨","0","3","3"
"已辞官在家的","0","3","3"
"授予都指挥使","0","3","3"
"给事中张希皋","0","3","3"
"领三千士兵进","0","3","3"
"杨应龙的儿子","0","3","3"
"应龙的儿子杨","0","3","3"
"讨伐平定了他","0","3","3"
"伐平定了他们","0","3","3"
"的势力越来越","0","3","3"
"征讨贵州叛乱","0","3","3"
"求朝廷派兵进","0","3","3"
"朝廷派兵进剿","0","3","3"
"又向朝廷进献","0","3","3"
"不遵奉朝廷的","0","3","3"
"朝廷贡献马和","0","3","3"
"拒绝他们的贡","0","3","3"
"绝了他们的贡","0","3","3"
"命令礼部大臣","0","3","3"
"派使者来献贡","0","3","3"
"上奏朝廷请求","0","3","3"
"来国子监学习","0","3","3"
"祖即皇帝位时","0","3","3"
"向朝廷祝贺册","0","3","3"
"廷祝贺册立皇","0","3","3"
"祝贺册立皇太","0","3","3"
"给日本国王赏","0","3","3"
"日本国王赏赐","0","3","3"
"使者前来谢恩","0","3","3"
"派使者前来谢","0","3","3"
"使者向朝廷贡","0","3","3"
"者向朝廷贡献","0","3","3"
"告诫他们不要","0","3","3"
"弘治年间勘合","0","3","3"
"治年间勘合的","0","3","3"
"因此请求朝廷","0","3","3"
"大臣将此上报","0","3","3"
"臣将此上报朝","0","3","3"
"都御史王忄予","0","3","3"
"的占十分之七","0","3","3"
"求朝廷派使者","0","3","3"
"朝廷派使者前","0","3","3"
"廷派使者前去","0","3","3"
"廷给他们颁发","0","3","3"
"答应与他们通","0","3","3"
"应与他们通贡","0","3","3"
"等人前来献贡","0","3","3"
"其手下的大臣","0","3","3"
"将此情况告诉","0","3","3"
"此时正好碰上","0","3","3"
"向明朝廷告急","0","3","3"
"朝廷给他们的","0","3","3"
"向明朝廷祝贺","0","3","3"
"王的献贡使者","0","3","3"
"寨官的儿子进","0","3","3"
"派使者来朝廷","0","3","3"
"人进入国子监","0","3","3"
"的使者上奏说","0","3","3"
"告其父去世的","0","3","3"
"其父去世的消","0","3","3"
"父去世的消息","0","3","3"
"来朝廷讣告其","0","3","3"
"了他们的房屋","0","3","3"
"礼部官员认为","0","3","3"
"一年献贡一次","0","3","3"
"朝廷允许他继","0","3","3"
"廷允许他继承","0","3","3"
"使者来到京城","0","3","3"
"福建的守卫大","0","3","3"
"建的守卫大臣","0","3","3"
"的守卫大臣将","0","3","3"
"者向朝廷进献","0","3","3"
"条不可行的理","0","3","3"
"不可行的理由","0","3","3"
"请求朝廷派遣","0","3","3"
"安克帖木儿的","0","3","3"
"他们加以赏赐","0","3","3"
"又派人向朝廷","0","3","3"
"朝廷给予册封","0","3","3"
"封他为忠顺王","0","3","3"
"官员前去吊祭","0","3","3"
"木儿为忠义王","0","3","3"
"又向朝廷献贡","0","3","3"
"顺王的母亲和","0","3","3"
"哈密的忠顺王","0","3","3"
"等人向朝廷献","0","3","3"
"土鲁番的献贡","0","3","3"
"鲁番的献贡使","0","3","3"
"番的献贡使者","0","3","3"
"与罕慎联姻结","0","3","3"
"拘留他们的使","0","3","3"
"留他们的使臣","0","3","3"
"向朝廷贡献狮","0","3","3"
"朝廷贡献狮子","0","3","3"
"礼部大臣请求","0","3","3"
"纳他们的贡品","0","3","3"
"的土鲁番使者","0","3","3"
"使者遣送回去","0","3","3"
"又占领了哈密","0","3","3"
"哈密城和金印","0","3","3"
"于是朝廷命令","0","3","3"
"他们遣送回去","0","3","3"
"来献贡的使者","0","3","3"
"命令边防大臣","0","3","3"
"给他赏赐白金","0","3","3"
"善于骑马射箭","0","3","3"
"等人回到京城","0","3","3"
"还所侵占的土","0","3","3"
"请求朝廷另外","0","3","3"
"不听从朝廷的","0","3","3"
"的女婿马黑木","0","3","3"
"衣卫的监狱里","0","3","3"
"率领自己的部","0","3","3"
"掌管兵部事务","0","3","3"
"派大将军徐达","0","3","3"
"的军队会合后","0","3","3"
"继承了其父的","0","3","3"
"祖即皇帝位后","0","3","3"
"以厚礼还报他","0","3","3"
"贡的使者回去","0","3","3"
"王子也先土干","0","3","3"
"击并杀死了阿","0","3","3"
"并杀死了阿鲁","0","3","3"
"杀死了阿鲁台","0","3","3"
"朵儿只伯等人","0","3","3"
"皇帝为太上皇","0","3","3"
"袭击并打败了","0","3","3"
"俘虏了不少敌","0","3","3"
"虏了不少敌人","0","3","3"
"敌人进犯大同","0","3","3"
"阿不孩派使者","0","3","3"
"斩杀敌人一百","0","3","3"
"儿都司的女儿","0","3","3"
"采纳王崇古的","0","3","3"
"封俺答为顺义","0","3","3"
"俺答为顺义王","0","3","3"
"的妻子儿女和","0","3","3"
"顺宁王马哈木","0","3","3"
"皇帝亲自出征","0","3","3"
"脱脱不花和也","0","3","3"
"脱不花和也先","0","3","3"
"任命都督佥事","0","3","3"
"奉表向明朝廷","0","3","3"
"给予他们赏赐","0","3","3"
"请求朝廷在此","0","3","3"
"朝廷命令总兵","0","3","3"
"大臣讨论后认","0","3","3"
"臣讨论后认为","0","3","3"
"所管辖的地方","0","3","3"
"的土地和人民","0","3","3"
"织金文的丝绸","0","3","3"
"思任发的儿子","0","3","3"
"任发的儿子思","0","3","3"
"的儿子思机发","0","3","3"
"将此事上奏朝","0","3","3"
"此事上奏朝廷","0","3","3"
"官将此上报朝","0","3","3"
"明朝洪武十五","0","3","3"
"朝洪武十五年","0","3","3"
"派人向朝廷贡","0","3","3"
"者到京城向皇","0","3","3"
"隶属于布政司","0","3","3"
"于是派遣官员","0","3","3"
"向朝廷贡献大","0","3","3"
"廷贡献大象和","0","3","3"
"派遣他的儿子","0","3","3"
"献大象和土产","0","3","3"
"三年朝贡一次","0","3","3"
"三宝历代承袭","0","3","3"
"按例给予赏赐","0","3","3"
"皇帝命令给他","0","3","3"
"进入老挝境内","0","3","3"
"派使者前去招","0","3","3"
"任命他的弟弟","0","3","3"
"前来朝贡的使","0","3","3"
"国王陈日火奎","0","3","3"
"西的守卫大臣","0","3","3"
"命令礼部尚书","0","3","3"
"他的儿子黎苍","0","3","3"
"派使者奉表向","0","3","3"
"有关官员给他","0","3","3"
"和他的儿子黎","0","3","3"
"于是派遣使者","0","3","3"
"皇帝又降敕令","0","3","3"
"虽然请求投降","0","3","3"
"知道他们是在","0","3","3"
"皇帝于是同意","0","3","3"
"给他私封谥号","0","3","3"
"他私封谥号为","0","3","3"
"命令守卫大臣","0","3","3"
"皇帝命令光禄","0","3","3"
"给他封谥号为","0","3","3"
"命令户部侍郎","0","3","3"
"为安南都统使","0","3","3"
"中书省上奏说","0","3","3"
"辛肫的儿子辛","0","3","3"
"肫的儿子辛礻","0","3","3"
"的儿子辛礻禺","0","3","3"
"给他的儿子辛","0","3","3"
"他的儿子辛昌","0","3","3"
"皇帝给他赐封","0","3","3"
"帝给他赐封谥","0","3","3"
"给他赐封谥号","0","3","3"
"他赐封谥号为","0","3","3"
"李折女上奏说","0","3","3"
"向皇帝祝贺冬","0","3","3"
"皇帝祝贺冬至","0","3","3"
"守住要害之地","0","3","3"
"李珲为继承人","0","3","3"
"两人意见不合","0","3","3"
"尊奉朱由榔逃","0","3","3"
"出现紧急情况","0","3","3"
"终年七十二岁","0","3","3"
"给事中张汉卿","0","3","3"
"第二年十二月","0","3","3"
"费宏和石王缶","0","3","3"
"是以前没有过","0","3","3"
"以前没有过的","0","3","3"
"赐给他的银章","0","3","3"
"追赠他为太保","0","3","3"
"做了礼部右侍","0","3","3"
"十万两国库银","0","3","3"
"喜欢改这改那","0","3","3"
"内阁参预机要","0","3","3"
"他为太子宾客","0","3","3"
"年考中进士第","0","3","3"
"十二年考中进","0","3","3"
"任南京刑部主","0","3","3"
"出其不意直捣","0","3","3"
"制造流言蜚语","0","3","3"
"都御史的名义","0","3","3"
"被剥夺了官职","0","3","3"
"当了户部尚书","0","3","3"
"照祖宗定下的","0","3","3"
"祖宗定下的制","0","3","3"
"宗定下的制度","0","3","3"
"起用他为南京","0","3","3"
"十四年正月初","0","3","3"
"四年正月初一","0","3","3"
"他为右副都御","0","3","3"
"用加盖玉玺的","0","3","3"
"言官纷纷上书","0","3","3"
"做了兵部尚书","0","3","3"
"继承孝宗的皇","0","3","3"
"承孝宗的皇位","0","3","3"
"都察院的监狱","0","3","3"
"下发给有关部","0","3","3"
"终年五十四岁","0","3","3"
"少詹事兼侍讲","0","3","3"
"詹事兼侍讲学","0","3","3"
"事兼侍讲学士","0","3","3"
"升为江西按察","0","3","3"
"并采纳了他的","0","3","3"
"不喜欢王守仁","0","3","3"
"升为山西按察","0","3","3"
"十二月二十八","0","3","3"
"荫封他的子孙","0","3","3"
"又升为右佥都","0","3","3"
"十二万五千多","0","3","3"
"提升为右都御","0","3","3"
"詹事兼翰林学","0","3","3"
"事兼翰林学士","0","3","3"
"担任吏部尚书","0","3","3"
"内阁大臣当面","0","3","3"
"成祖巡幸北京","0","3","3"
"然后班师回朝","0","3","3"
"骚扰明朝边境","0","3","3"
"也先逼近京城","0","3","3"
"并给予世袭凭","0","3","3"
"充任左右参将","0","3","3"
"他进升为都指","0","3","3"
"官府供给耕牛","0","3","3"
"给耕牛和种子","0","3","3"
"指挥同知之职","0","3","3"
"提拔他为都督","0","3","3"
"奉命充任总兵","0","3","3"
"命充任总兵官","0","3","3"
"下诏命有关部","0","3","3"
"诏命有关部门","0","3","3"
"朝廷广开言路","0","3","3"
"代理都指挥同","0","3","3"
"理都指挥同知","0","3","3"
"被授予世袭浩","0","3","3"
"授予世袭浩券","0","3","3"
"都督同知的身","0","3","3"
"督同知的身份","0","3","3"
"升为左军都督","0","3","3"
"刘健等极力劝","0","3","3"
"健等极力劝谏","0","3","3"
"应当知无不言","0","3","3"
"恨得咬牙切齿","0","3","3"
"他为都督同知","0","3","3"
"是进升为都督","0","3","3"
"他被提升为代","0","3","3"
"多次互相攻击","0","3","3"
"下诏恢复他的","0","3","3"
"管都察院事务","0","3","3"
"为陕西右参政","0","3","3"
"转为左布政使","0","3","3"
"个月就完工了","0","3","3"
"不久加封太子","0","3","3"
"久加封太子太","0","3","3"
"为户部尚书兼","0","3","3"
"皇帝下诏责备","0","3","3"
"让他立功赎罪","0","3","3"
"升为兵部左侍","0","3","3"
"不称职的大臣","0","3","3"
"现在应该增加","0","3","3"
"举所了解的人","0","3","3"
"被他的话感动","0","3","3"
"没有古今的差","0","3","3"
"有古今的差异","0","3","3"
"星的运行度数","0","3","3"
"的最高处是一","0","3","3"
"的经度和纬度","0","3","3"
"现在只有二颗","0","3","3"
"遗留下来的制","0","3","3"
"留下来的制度","0","3","3"
"开始的原因是","0","3","3"
"始的原因是以","0","3","3"
"是尾宿的分野","0","3","3"
"员祭告天地宗","0","3","3"
"到自己的位置","0","3","3"
"制官宣读制命","0","3","3"
"官宣读制命说","0","3","3"
"某官某女为皇","0","3","3"
"官某女为皇后","0","3","3"
"命令你等持节","0","3","3"
"仪仗大乐在前","0","3","3"
"制书以及符节","0","3","3"
"先臣某官某的","0","3","3"
"捧着册书和宝","0","3","3"
"退后站立在西","0","3","3"
"朝服在承天门","0","3","3"
"服在承天门外","0","3","3"
"帝驾临奉天殿","0","3","3"
"帝穿衮冕服到","0","3","3"
"洪武元年规定","0","3","3"
"臣某不敢推辞","0","3","3"
"客的人出来报","0","3","3"
"的人出来报告","0","3","3"
"引进官引导皇","0","3","3"
"进官引导皇太","0","3","3"
"引导皇太子到","0","3","3"
"引导到皇帝座","0","3","3"
"设扈从仪仗队","0","3","3"
"皇太子穿冕服","0","3","3"
"出来在大门外","0","3","3"
"退着站在西面","0","3","3"
"皇太子行再拜","0","3","3"
"太子行再拜礼","0","3","3"
"如同中宫皇后","0","3","3"
"都按礼仪进行","0","3","3"
"恭敬地希望皇","0","3","3"
"在奉先殿祭告","0","3","3"
"出来在门外迎","0","3","3"
"给新妇饮甜酒","0","3","3"
"帝驾临奉天门","0","3","3"
"六年规定制度","0","3","3"
"到殿的束厢房","0","3","3"
"亲自率军征讨","0","3","3"
"告祭宗庙社稷","0","3","3"
"在奉天殿陈设","0","3","3"
"皇帝穿平常服","0","3","3"
"帝穿平常服饰","0","3","3"
"穿平常服饰在","0","3","3"
"如同先前的仪","0","3","3"
"鹄箭靶为五彩","0","3","3"
"射礼时使用的","0","3","3"
"年高有德的人","0","3","3"
"面所述的仪节","0","3","3"
"官署斋戒留宿","0","3","3"
"丧服之日开始","0","3","3"
"服大功九个月","0","3","3"
"都服小功五个","0","3","3"
"禁止屠宰牲口","0","3","3"
"驾临奉天门处","0","3","3"
"临奉天门处理","0","3","3"
"百官穿浅淡色","0","3","3"
"官穿浅淡色衣","0","3","3"
"以及受封号的","0","3","3"
"及受封号的妇","0","3","3"
"哭临号哭哀悼","0","3","3"
"皇帝以及皇太","0","3","3"
"官穿浅色衣服","0","3","3"
"仍然按礼制服","0","3","3"
"皇帝穿浅淡色","0","3","3"
"祭告祝文焚烧","0","3","3"
"告祝文焚烧黄","0","3","3"
"祝文焚烧黄纸","0","3","3"
"服齐衰一周年","0","3","3"
"出殡前的祭奠","0","3","3"
"每年的一定时","0","3","3"
"年的一定时节","0","3","3"
"小功五个月丧","0","3","3"
"封号的妇女穿","0","3","3"
"早晨聚集举哀","0","3","3"
"有封号的妇女","0","3","3"
"皇太子拜四拜","0","3","3"
"内侍请神位牌","0","3","3"
"太常寺在太庙","0","3","3"
"在一座坛台祭","0","3","3"
"一座坛台祭祀","0","3","3"
"号哭竭尽哀思","0","3","3"
"年二月壬申日","0","3","3"
"年正月乙丑日","0","3","3"
"年二月戊寅日","0","3","3"
"武昌发生火灾","0","3","3"
"年三月戊午日","0","3","3"
"年正月庚寅日","0","3","3"
"年二月癸酉日","0","3","3"
"年六月癸末日","0","3","3"
"十一月己亥日","0","3","3"
"年二月己卯日","0","3","3"
"年正月辛亥日","0","3","3"
"年四月辛酉日","0","3","3"
"杭州发生火灾","0","3","3"
"年二月己酉日","0","3","3"
"年二月乙卯日","0","3","3"
"年五月壬戌日","0","3","3"
"年七月丙戌日","0","3","3"
"年二月甲午日","0","3","3"
"二十九个州县","0","3","3"
"久雨损坏城墙","0","3","3"
"长久降雨损坏","0","3","3"
"和平民的房屋","0","3","3"
"久降雨水伤害","0","3","3"
"降雨水伤害庄","0","3","3"
"雨水伤害庄稼","0","3","3"
"官府和平民的","0","3","3"
"久降雨伤害庄","0","3","3"
"京城长久降雨","0","3","3"
"十二月癸亥日","0","3","3"
"年五月癸巳日","0","3","3"
"年二月丁巳日","0","3","3"
"天子亲自祭祀","0","3","3"
"赞唱导引礼仪","0","3","3"
"奏请视察祭牲","0","3","3"
"后来革除一人","0","3","3"
"嘉靖年间革除","0","3","3"
"六年定下制度","0","3","3"
"提刑按察使司","0","3","3"
"洪武十七年设","0","3","3"
"武十七年设置","0","3","3"
"计算人口交纳","0","3","3"
"给事中黄承昊","0","3","3"
"主管部门征收","0","3","3"
"给事中管怀理","0","3","3"
"没有什么比得","0","3","3"
"有什么比得上","0","3","3"
"关进钦犯监狱","0","3","3"
"水势就可以减","0","3","3"
"势就可以减缓","0","3","3"
"修筑沙湾堤岸","0","3","3"
"漕运河道畅通","0","3","3"
"涡河流入淮河","0","3","3"
"朝廷大臣会合","0","3","3"
"决堤于黄陵冈","0","3","3"
"减缓上游水势","0","3","3"
"开通一条河道","0","3","3"
"一百五十余里","0","3","3"
"黄河已经改道","0","3","3"
"从小浮桥流出","0","3","3"
"修筑马家桥堤","0","3","3"
"结果没有施行","0","3","3"
"隶属大都督府","0","3","3"
"军都督府事务","0","3","3"
"为征虏前将军","0","3","3"
"年高有德之民","0","3","3"
"命令工部侍郎","0","3","3"
"封的那一天作","0","3","3"
"的那一天作为","0","3","3"
"他们世世代代","0","3","3"
"人交纳粮食换","0","3","3"
"银一万三千余","0","3","3"
"一万三千余两","0","3","3"
"货币布帛银二","0","3","3"
"货币布帛银一","0","3","3"
"年常规银二十","0","3","3"
"历年常规银三","0","3","3"
"征募壮丁工钱","0","3","3"
"募壮丁工钱银","0","3","3"
"山西神池等堡","0","3","3"
"每年交纳太仓","0","3","3"
"未取得正式军","0","3","3"
"得正式军籍的","0","3","3"
"正式军籍的军","0","3","3"
"式军籍的军人","0","3","3"
"来商人交纳粮","0","3","3"
"比这更严重的","0","3","3"
"命令商人交纳","0","3","3"
"招来商人换茶","0","3","3"
"每年征平米一","0","3","3"
"年征平米一石","0","3","3"
"成为长久的制","0","3","3"
"为长久的制度","0","3","3"
"年正月丁卯日","0","3","3"
"年四月丁酉日","0","3","3"
"洮州卫降冰雹","0","3","3"
"年四月辛末日","0","3","3"
"年五月甲午日","0","3","3"
"年五月壬辰日","0","3","3"
"雷击奉先殿屋","0","3","3"
"击奉先殿屋脊","0","3","3"
"束发生旱灾和","0","3","3"
"一胎生三个男","0","3","3"
"胎生三个男婴","0","3","3"
"平民之妇一胎","0","3","3"
"民之妇一胎生","0","3","3"
"传染病而死的","0","3","3"
"天空中有声音","0","3","3"
"年五月癸亥日","0","3","3"
"山束发生大水","0","3","3"
"平发生大水灾","0","3","3"
"毁坏官府和平","0","3","3"
"坏官府和平民","0","3","3"
"十二月戊戌日","0","3","3"
"河南发生大水","0","3","3"
"南发生大水灾","0","3","3"
"一千五百多丈","0","3","3"
"黄河冲破开封","0","3","3"
"黄河在沛县决","0","3","3"
"河在沛县决堤","0","3","3"
"死男女不计其","0","3","3"
"北方黑色氛气","0","3","3"
"方有黑色氛气","0","3","3"
"宫殿红色台阶","0","3","3"
"每面旗用穿红","0","3","3"
"面旗用穿红色","0","3","3"
"每面旗用甲士","0","3","3"
"面旗用甲士五","0","3","3"
"旗用甲士五人","0","3","3"
"每面旗用穿青","0","3","3"
"面旗用穿青色","0","3","3"
"红纱灯笼四个","0","3","3"
"有用金粉描绘","0","3","3"
"个和露在外面","0","3","3"
"和露在外面的","0","3","3"
"雕刻了涂有金","0","3","3"
"刻了涂有金粉","0","3","3"
"了涂有金粉的","0","3","3"
"涂有金粉的云","0","3","3"
"有金粉的云龙","0","3","3"
"图案的小板跟","0","3","3"
"案的小板跟它","0","3","3"
"黄线丝带编织","0","3","3"
"红色有花纹的","0","3","3"
"丝织品制成的","0","3","3"
"板一块和褥席","0","3","3"
"用黄色的有花","0","3","3"
"黄色的有花纹","0","3","3"
"青色有花纹的","0","3","3"
"八面顶拼合而","0","3","3"
"面顶拼合而成","0","3","3"
"的有花纹的丝","0","3","3"
"纹的丝织品覆","0","3","3"
"绣有五彩云龙","0","3","3"
"色底子的雕木","0","3","3"
"纹的丝织品三","0","3","3"
"的丝织品三层","0","3","3"
"圆盘四角与辖","0","3","3"
"转角栏杆一扇","0","3","3"
"用抹金铜质嵌","0","3","3"
"宽二尺四寸有","0","3","3"
"有花纹的毯子","0","3","3"
"红色帘子十二","0","3","3"
"色帘子十二扇","0","3","3"
"与大马辇相同","0","3","3"
"宽二尺二寸有","0","3","3"
"三尺二寸有余","0","3","3"
"形图案的木板","0","3","3"
"彩云图案的木","0","3","3"
"云图案的木板","0","3","3"
"描画的黄黑色","0","3","3"
"用金粉描画的","0","3","3"
"金嵌有花纹的","0","3","3"
"用金粉勾勒的","0","3","3"
"有红花图案的","0","3","3"
"红花图案的毯","0","3","3"
"花图案的毯子","0","3","3"
"五彩云的图案","0","3","3"
"杂绘有五彩云","0","3","3"
"绘有五彩云图","0","3","3"
"彩云图案的衬","0","3","3"
"云图案的衬板","0","3","3"
"四周用黄铜装","0","3","3"
"周用黄铜装钉","0","3","3"
"的丝织品做成","0","3","3"
"质嵌有花纹的","0","3","3"
"三品以上的官","0","3","3"
"红色绢作里层","0","3","3"
"马鞍上的障泥","0","3","3"
"鞍上的障泥用","0","3","3"
"等分别巡行天","0","3","3"
"没有固定的制","0","3","3"
"有固定的制度","0","3","3"
"四品以上的官","0","3","3"
"六年考察一次","0","3","3"
"种颜色的锦缎","0","3","3"
"下面系结青色","0","3","3"
"面系结青色的","0","3","3"
"系结青色的丝","0","3","3"
"结青色的丝织","0","3","3"
"黑色的角质材","0","3","3"
"色的角质材料","0","3","3"
"拜谢皇帝的恩","0","3","3"
"级的其它官吏","0","3","3"
"不入品级的其","0","3","3"
"品官用多种色","0","3","3"
"官用多种色彩","0","3","3"
"用多种色彩的","0","3","3"
"多种色彩的文","0","3","3"
"种色彩的文绮","0","3","3"
"折叠回来的部","0","3","3"
"叠回来的部分","0","3","3"
"是皇太后的父","0","3","3"
"皇太后的父亲","0","3","3"
"用嵌有花纹的","0","3","3"
"衣服胸前背后","0","3","3"
"与一品命妇相","0","3","3"
"一品命妇相同","0","3","3"
"绣有野鸡羽毛","0","3","3"
"材料装饰的衣","0","3","3"
"料装饰的衣带","0","3","3"
"其余与五品命","0","3","3"
"余与五品命妇","0","3","3"
"与六品命妇相","0","3","3"
"六品命妇相同","0","3","3"
"正面珍珠翡翠","0","3","3"
"珍珠翡翠装点","0","3","3"
"珠翡翠装点的","0","3","3"
"用蹙金绣云霞","0","3","3"
"蹙金绣云霞野","0","3","3"
"云霞野鸡花纹","0","3","3"
"云霞野鹦花纹","0","3","3"
"镯子臂钏都用","0","3","3"
"金质野鸡装饰","0","3","3"
"云霞孔雀花纹","0","3","3"
"翡翠鸳鸯装饰","0","3","3"
"绣云霞鸳鸯花","0","3","3"
"银质练鹊装饰","0","3","3"
"与七品命妇相","0","3","3"
"七品命妇相同","0","3","3"
"银掺杂镀金的","0","3","3"
"珍珠牡丹开头","0","3","3"
"珠牡丹开头两","0","3","3"
"牡丹开头两个","0","3","3"
"衔着珍珠结两","0","3","3"
"褙子都用云霞","0","3","3"
"闲居穿的日常","0","3","3"
"居穿的日常服","0","3","3"
"武三年规定制","0","3","3"
"色色彩鲜艳的","0","3","3"
"嵌金线的汗裤","0","3","3"
"青色绫罗嵌金","0","3","3"
"云头黑色高帮","0","3","3"
"头黑色高帮白","0","3","3"
"白色厚底的靴","0","3","3"
"色厚底的靴子","0","3","3"
"红色生绢锦领","0","3","3"
"色生绢锦领裹","0","3","3"
"生绢锦领裹衣","0","3","3"
"金粉描绘的蝉","0","3","3"
"粉描绘的蝉形","0","3","3"
"绘有彩色花纹","0","3","3"
"有彩色花纹的","0","3","3"
"番国朝见进贡","0","3","3"
"因为倭寇侵犯","0","3","3"
"玄色表面红色","0","3","3"
"白色表面红色","0","3","3"
"色表面红色里","0","3","3"
"表面红色里层","0","3","3"
"本色衣领袖端","0","3","3"
"野鸡图纹装饰","0","3","3"
"用青赤色作为","0","3","3"
"红色衣领袖端","0","3","3"
"金色云龙纹理","0","3","3"
"附上博山形翡","0","3","3"
"上博山形翡翠","0","3","3"
"人的礼冠服饰","0","3","3"
"朝见皇帝的礼","0","3","3"
"与下裳的颜色","0","3","3"
"下裳的颜色相","0","3","3"
"裳的颜色相同","0","3","3"
"绶带四种色彩","0","3","3"
"礼冠服饰内制","0","3","3"
"平常服饰也与","0","3","3"
"妃的礼冠服饰","0","3","3"
"红色上织金线","0","3","3"
"国中尉礼冠服","0","3","3"
"中尉礼冠服饰","0","3","3"
"举人入国子监","0","3","3"
"入国子监的人","0","3","3"
"谨身殿为建极","0","3","3"
"身殿为建极殿","0","3","3"
"增设侍郎一人","0","3","3"
"礼部上奏请求","0","3","3"
"不是翰林出身","0","3","3"
"书方献夫等人","0","3","3"
"用浑金沥粉蟠","0","3","3"
"面用红色绫罗","0","3","3"
"红色绫罗嵌有","0","3","3"
"色绫罗嵌有金","0","3","3"
"绫罗嵌有金线","0","3","3"
"罗嵌有金线的","0","3","3"
"蟠凤图案装饰","0","3","3"
"不准用朱红色","0","3","3"
"郭天叙为都元","0","3","3"
"天叙为都元帅","0","3","3"
"冬十二月初一","0","3","3"
"八年春二月初","0","3","3"
"年春二月初二","0","3","3"
"军征讨陈友谅","0","3","3"
"秋七月十三日","0","3","3"
"将张定边直冲","0","3","3"
"八月二十六日","0","3","3"
"秋七月十六日","0","3","3"
"五年春正月初","0","3","3"
"春正月二十一","0","3","3"
"六月二十三日","0","3","3"
"一年正月十三","0","3","3"
"闰二月二十三","0","3","3"
"耿炳文在陕西","0","3","3"
"占城前来朝贡","0","3","3"
"十二月二十五","0","3","3"
"等人进士及第","0","3","3"
"人进士及第以","0","3","3"
"被封为征虏大","0","3","3"
"封为征虏大将","0","3","3"
"这一年有琉球","0","3","3"
"傅友德为征南","0","3","3"
"友德为征南将","0","3","3"
"德为征南将军","0","3","3"
"年正月十六日","0","3","3"
"灾之地的田租","0","3","3"
"以进士及第等","0","3","3"
"进士及第等不","0","3","3"
"士及第等不同","0","3","3"
"闰十二月二十","0","3","3"
"十七年正月十","0","3","3"
"大肆赦免天下","0","3","3"
"法官谨慎用刑","0","3","3"
"年春正月八日","0","3","3"
"位附祭于太庙","0","3","3"
"三年正月十一","0","3","3"
"五年正月十二","0","3","3"
"成文以为法令","0","3","3"
"礼官请求上表","0","3","3"
"请求上表祝贺","0","3","3"
"二月二十七日","0","3","3"
"六年正月十二","0","3","3"
"下诏施行宽大","0","3","3"
"诏施行宽大政","0","3","3"
"二年正月十日","0","3","3"
"傅友德将其击","0","3","3"
"送书信给元嗣","0","3","3"
"书信给元嗣君","0","3","3"
"王把匝剌瓦尔","0","3","3"
"把匝剌瓦尔密","0","3","3"
"邓愈为征西将","0","3","3"
"愈为征西将军","0","3","3"
"冬十一月一日","0","3","3"
"年春一月一日","0","3","3"
"十月二十五日","0","3","3"
"三年春正月初","0","3","3"
"在谨身殿赐宴","0","3","3"
"颁诏大赦天下","0","3","3"
"黄河在徐州决","0","3","3"
"河在徐州决口","0","3","3"
"二年春正月十","0","3","3"
"祭祀地于北郊","0","3","3"
"十月二十二日","0","3","3"
"正月二十二日","0","3","3"
"皇太后到天寿","0","3","3"
"太后到天寿山","0","3","3"
"由于久旱不雨","0","3","3"
"这一年有安南","0","3","3"
"四年春二月十","0","3","3"
"朝廷分别给予","0","3","3"
"减免赋税和赈","0","3","3"
"免赋税和赈济","0","3","3"
"免除河南受灾","0","3","3"
"春正月二十六","0","3","3"
"正月二十六日","0","3","3"
"朱翊钧驾临午","0","3","3"
"翊钧驾临午门","0","3","3"
"命令群臣修身","0","3","3"
"年春二月十一","0","3","3"
"春二月十一日","0","3","3"
"总兵官刘纟廷","0","3","3"
"总兵官李如柏","0","3","3"
"遭灾地区的田","0","3","3"
"赈济京师流民","0","3","3"
"法官奏请热审","0","3","3"
"五月二十七日","0","3","3"
"十一月三十日","0","3","3"
"九月二十五日","0","3","3"
"三月二十四日","0","3","3"
"山东盗贼大起","0","3","3"
"大清军队攻克","0","3","3"
"年为泰昌元年","0","3","3"
"经筵听讲经论","0","3","3"
"筵听讲经论史","0","3","3"
"崇祯三年正月","0","3","3"
"及第及不同的","0","3","3"
"第及不同的出","0","3","3"
"及不同的出身","0","3","3"
"给事中范淑泰","0","3","3"
"均为礼部尚书","0","3","3"
"崇祯十二年正","0","3","3"
"祯十二年正月","0","3","3"
"二年正月一日","0","3","3"
"年田租的一半","0","3","3"
"山大败张献忠","0","3","3"
"十七年正月初","0","3","3"
"七年正月初一","0","3","3"
"文武百官上奏","0","3","3"
"在奉天殿即皇","0","3","3"
"奉天殿即皇帝","0","3","3"
"天殿即皇帝位","0","3","3"
"礼部左侍郎兼","0","3","3"
"妃张氏为皇后","0","3","3"
"接受朝臣庆贺","0","3","3"
"奉天殿接受朝","0","3","3"
"天殿接受朝臣","0","3","3"
"水灾地区田租","0","3","3"
"应当出现日食","0","3","3"
"大祭鬼神于南","0","3","3"
"祭鬼神于南郊","0","3","3"
"山南入朝进贡","0","3","3"
"为征虏副将军","0","3","3"
"皇太后为太皇","0","3","3"
"太后为太皇太","0","3","3"
"后为太皇太后","0","3","3"
"祭于孔子庙庭","0","3","3"
"给事中郭瑾审","0","3","3"
"屯田粮食十分","0","3","3"
"田粮食十分之","0","3","3"
"奉天殿上鸱吻","0","3","3"
"免河南遭灾税","0","3","3"
"十三年正月十","0","3","3"
"四年正月十三","0","3","3"
"英宗被俘北去","0","3","3"
"子朱见深为皇","0","3","3"
"朱见深为皇太","0","3","3"
"见深为皇太子","0","3","3"
"三年正月十二","0","3","3"
"沙湾黄河决口","0","3","3"
"免山东遭灾税","0","3","3"
"五月二十五日","0","3","3"
"开封黄河决堤","0","3","3"
"兴献王朱厚趈","0","3","3"
"赈救江西灾害","0","3","3"
"皇太后尊号叫","0","3","3"
"于锦衣卫狱中","0","3","3"
"免山西受灾税","0","3","3"
"小王子侵犯宣","0","3","3"
"王子侵犯宣府","0","3","3"
"免山东受灾税","0","3","3"
"年正月初三日","0","3","3"
"太庙发生火灾","0","3","3"
"免四川受灾税","0","3","3"
"四川受灾税粮","0","3","3"
"赈救南畿饥荒","0","3","3"
"地震发出声响","0","3","3"
"礼部侍郎兼翰","0","3","3"
"广东采集珠宝","0","3","3"
"在京师南郊大","0","3","3"
"京师南郊大祭","0","3","3"
"师南郊大祭天","0","3","3"
"皇太子在文华","0","3","3"
"太子在文华殿","0","3","3"
"免明年上元节","0","3","3"
"六年正月十三","0","3","3"
"召见大学士刘","0","3","3"
"见大学士刘健","0","3","3"
"暹罗来朝进贡","0","3","3"
"去南海子打猎","0","3","3"
"亲自巡察宣府","0","3","3"
"被授予中书舍","0","3","3"
"授予中书舍人","0","3","3"
"更加恭敬谨慎","0","3","3"
"都被投进监狱","0","3","3"
"他回到镇守之","0","3","3"
"赐葬于钟山之","0","3","3"
"终年八十三岁","0","3","3"
"志于圣贤之学","0","3","3"
"太祖攻克滁州","0","3","3"
"任命耿炳文为","0","3","3"
"大将军徐达出","0","3","3"
"汤和在临清练","0","3","3"
"和在临清练兵","0","3","3"
"加食禄五百石","0","3","3"
"以左参将的身","0","3","3"
"左参将的身份","0","3","3"
"的部队驻扎在","0","3","3"
"打开城门接纳","0","3","3"
"担任左副将军","0","3","3"
"征西将军汤和","0","3","3"
"朱元璋即皇帝","0","3","3"
"元璋即皇帝位","0","3","3"
"太祖巡幸汴梁","0","3","3"
"太祖攻下集庆","0","3","3"
"李文忠被授为","0","3","3"
"率军将其击败","0","3","3"
"为南京锦衣卫","0","3","3"
"称赞他的才干","0","3","3"
"长驱直入抵达","0","3","3"
"这不可以说是","0","3","3"
"巡按御史考察","0","3","3"
"皇上赐给敕书","0","3","3"
"都御史之衔巡","0","3","3"
"御史之衔巡抚","0","3","3"
"加禄米三百石","0","3","3"
"终年七十八岁","0","3","3"
"为南京光禄寺","0","3","3"
"佥都御史之衔","0","3","3"
"他被召回任刑","0","3","3"
"被召回任刑部","0","3","3"
"终年七十九岁","0","3","3"
"斩杀和俘获很","0","3","3"
"杀和俘获很多","0","3","3"
"他在驻镇之地","0","3","3"
"在驻镇之地去","0","3","3"
"驻镇之地去世","0","3","3"
"功升到都指挥","0","3","3"
"获得优厚的赏","0","3","3"
"得优厚的赏赐","0","3","3"
"了他们的首领","0","3","3"
"黄河在原武决","0","3","3"
"刑科都给事中","0","3","3"
"因母亲去世归","0","3","3"
"母亲去世归家","0","3","3"
"向朝廷推荐了","0","3","3"
"农民起义军至","0","3","3"
"十四年中进士","0","3","3"
"张士诚占据苏","0","3","3"
"入京朝见皇帝","0","3","3"
"东南地区的百","0","3","3"
"南地区的百姓","0","3","3"
"庄烈帝听说后","0","3","3"
"崇祯皇帝因为","0","3","3"
"侍郎兼任右佥","0","3","3"
"郎兼任右佥都","0","3","3"
"朝廷议论纷纷","0","3","3"
"一个儿子任锦","0","3","3"
"个儿子任锦衣","0","3","3"
"给事中雒遵弹","0","3","3"
"事中雒遵弹劾","0","3","3"
"皇帝依从了他","0","3","3"
"潘季驯任右都","0","3","3"
"季驯任右都御","0","3","3"
"驯任右都御史","0","3","3"
"调任南京刑部","0","3","3"
"张居正的意思","0","3","3"
"为国家的缘故","0","3","3"
"给事中侯庆远","0","3","3"
"不久改任兵部","0","3","3"
"起用为南京光","0","3","3"
"用为南京光禄","0","3","3"
"违背魏忠贤的","0","3","3"
"他们一网打尽","0","3","3"
"为国子监博士","0","3","3"
"给事中李春开","0","3","3"
"被纠察的科道","0","3","3"
"向他求学的人","0","3","3"
"是祖宗的制度","0","3","3"
"兼河南道御史","0","3","3"
"兵科右给事中","0","3","3"
"耗资近百万两","0","3","3"
"再不出来做官","0","3","3"
"任南京太常寺","0","3","3"
"任江西提学副","0","3","3"
"来向他求学的","0","3","3"
"阳明所谓的心","0","3","3"
"年间乡试中举","0","3","3"
"第二年中进士","0","3","3"
"年乡试第一名","0","3","3"
"再次上疏极力","0","3","3"
"疏一起交给部","0","3","3"
"非同寻常的人","0","3","3"
"意见不一致的","0","3","3"
"见不一致的人","0","3","3"
"给事中朱童蒙","0","3","3"
"志同道合的人","0","3","3"
"假传圣旨剥夺","0","3","3"
"方从哲的罪行","0","3","3"
"道严厉的圣旨","0","3","3"
"一个人骑着马","0","3","3"
"上疏极力驳斥","0","3","3"
"清除皇帝身边","0","3","3"
"除皇帝身边的","0","3","3"
"熊廷弼的贿赂","0","3","3"
"世代荫封指挥","0","3","3"
"正在这个时候","0","3","3"
"崇祯元年起用","0","3","3"
"用防守来屯田","0","3","3"
"能依靠的只有","0","3","3"
"关部门为他修","0","3","3"
"发布檄文要求","0","3","3"
"让他便宜行事","0","3","3"
"总兵各练一万","0","3","3"
"兵各练一万兵","0","3","3"
"总督练三万兵","0","3","3"
"用二万兵驻守","0","3","3"
"巡抚以下分别","0","3","3"
"抚以下分别操","0","3","3"
"献忠在谷城反","0","3","3"
"忠在谷城反叛","0","3","3"
"这是微臣不理","0","3","3"
"是微臣不理解","0","3","3"
"微臣不理解之","0","3","3"
"有关部门商议","0","3","3"
"把敌人一举荡","0","3","3"
"敌人一举荡平","0","3","3"
"庄烈帝在平台","0","3","3"
"烈帝在平台召","0","3","3"
"应予诛杀的第","0","3","3"
"自称不如郑曼","0","3","3"
"称不如郑曼阝","0","3","3"
"的元气受到了","0","3","3"
"元气受到了伤","0","3","3"
"气受到了伤害","0","3","3"
"被贼兵占领了","0","3","3"
"一年长度消长","0","3","3"
"年长度消长的","0","3","3"
"长度消长的办","0","3","3"
"度消长的办法","0","3","3"
"太阳的运行有","0","3","3"
"阳运行度数的","0","3","3"
"冬至夏至前后","0","3","3"
"出入黄道内外","0","3","3"
"礼官于是请求","0","3","3"
"差的准确比率","0","3","3"
"西南北高下的","0","3","3"
"南北高下的差","0","3","3"
"北高下的差异","0","3","3"
"黄道赤道的距","0","3","3"
"在晦日日食的","0","3","3"
"的论述有四条","0","3","3"
"交纳钱财赎罪","0","3","3"
"十恶不赦之罪","0","3","3"
"刑部和大理寺","0","3","3"
"五品以上的官","0","3","3"
"不得擅自抓捕","0","3","3"
"皇帝下令立即","0","3","3"
"给事中严用和","0","3","3"
"派官员祭告天","0","3","3"
"礼部官员捧着","0","3","3"
"内使监令跪着","0","3","3"
"帝穿皮弁服到","0","3","3"
"引导皇太子从","0","3","3"
"从殿东门进入","0","3","3"
"官员捧着诏书","0","3","3"
"册封束宫太子","0","3","3"
"向父皇陛下称","0","3","3"
"皇太子插上圭","0","3","3"
"穿着公服站在","0","3","3"
"宾向加冠的人","0","3","3"
"圜丘祭祀昊天","0","3","3"
"丘祭祀昊天上","0","3","3"
"和声郎举起指","0","3","3"
"声郎举起指挥","0","3","3"
"同前面所述的","0","3","3"
"教坊司请求演","0","3","3"
"坊司请求演奏","0","3","3"
"同前面所述仪","0","3","3"
"前面所述仪节","0","3","3"
"帝同意他的奏","0","3","3"
"亲自制作乐章","0","3","3"
"四面悬挂乐器","0","3","3"
"天香凤韶之曲","0","3","3"
"俗问名为中吕","0","3","3"
"年高德厚的老","0","3","3"
"高德厚的老人","0","3","3"
"门左面处理政","0","3","3"
"左面处理政事","0","3","3"
"迎接到承天门","0","3","3"
"捧着诏书交给","0","3","3"
"放置在龙亭中","0","3","3"
"到香案前跪下","0","3","3"
"主人举行仪式","0","3","3"
"助举行仪式的","0","3","3"
"从官都拜四拜","0","3","3"
"答礼后拜二拜","0","3","3"
"洪武二十年制","0","3","3"
"武二十年制定","0","3","3"
"十年制定礼仪","0","3","3"
"趋向右边让路","0","3","3"
"向右边让路而","0","3","3"
"右边让路而行","0","3","3"
"最后一次奠献","0","3","3"
"啊如何能估量","0","3","3"
"吉祥日子好时","0","3","3"
"祥日子好时辰","0","3","3"
"祭祀周天星辰","0","3","3"
"文武官员陪伴","0","3","3"
"武官员陪伴祭","0","3","3"
"官员陪伴祭祀","0","3","3"
"以下的哭位在","0","3","3"
"丧主以下的人","0","3","3"
"功臣死后封王","0","3","3"
"四天后穿丧服","0","3","3"
"妾所生的儿子","0","3","3"
"嫡子以外的儿","0","3","3"
"而经过加工的","0","3","3"
"经过加工的布","0","3","3"
"过加工的布制","0","3","3"
"加工的布制成","0","3","3"
"长子以及长子","0","3","3"
"子以及长子以","0","3","3"
"以及长子以外","0","3","3"
"及长子以外的","0","3","3"
"为兄弟的儿子","0","3","3"
"的后嗣的人为","0","3","3"
"妇人为丈夫的","0","3","3"
"没有出嫁的堂","0","3","3"
"有出嫁的堂祖","0","3","3"
"出嫁的堂祖姑","0","3","3"
"同祖兄弟的儿","0","3","3"
"祖兄弟的儿子","0","3","3"
"有出嫁的同族","0","3","3"
"祖姑以及没有","0","3","3"
"姑以及没有出","0","3","3"
"没有出嫁的相","0","3","3"
"有出嫁的相同","0","3","3"
"同堂异室的制","0","3","3"
"堂异室的制度","0","3","3"
"命令再次议论","0","3","3"
"都认为不可以","0","3","3"
"举行大合祭礼","0","3","3"
"二人分别祭献","0","3","3"
"礼官导引皇太","0","3","3"
"官导引皇太子","0","3","3"
"地方军政长官","0","3","3"
"夫人妾某氏等","0","3","3"
"的戊日举行祭","0","3","3"
"戊日举行祭祀","0","3","3"
"早晨祭日晚上","0","3","3"
"晨祭日晚上祭","0","3","3"
"祭日晚上祭月","0","3","3"
"饮福酒受胙肉","0","3","3"
"亲自举行祭祀","0","3","3"
"从礼部尚书崔","0","3","3"
"皇帝亲自行礼","0","3","3"
"春秋雨季月将","0","3","3"
"夏冬雨季月将","0","3","3"
"皇帝亲自举行","0","3","3"
"派遣官员举行","0","3","3"
"官员举行祭祀","0","3","3"
"祭祀风云雷雨","0","3","3"
"人祭祀的鬼神","0","3","3"
"共同祭祀天地","0","3","3"
"郊祀后稷以配","0","3","3"
"二祖共同配祀","0","3","3"
"太常卿赞唱道","0","3","3"
"供奉安放在坛","0","3","3"
"奉安放在坛座","0","3","3"
"安放在坛座上","0","3","3"
"太阳南至地平","0","3","3"
"是黄道赤道的","0","3","3"
"冬至夏至黄道","0","3","3"
"至夏至黄道赤","0","3","3"
"夏至黄道赤道","0","3","3"
"乘以天圆直径","0","3","3"
"再用益从方减","0","3","3"
"直径一百二十","0","3","3"
"得一百八十万","0","3","3"
"黄道赤道的小","0","3","3"
"自乘作为被除","0","3","3"
"径六十度八十","0","3","3"
"黄道赤道大弦","0","3","3"
"将黄道赤道小","0","3","3"
"以黄道赤道大","0","3","3"
"十度八七五作","0","3","3"
"度八七五作为","0","3","3"
"七五作为除数","0","3","3"
"天圆半径六十","0","3","3"
"圆半径六十度","0","3","3"
"除数舆之相除","0","3","3"
"距离赤道的内","0","3","3"
"离赤道的内外","0","3","3"
"赤道的内外度","0","3","3"
"距离北极的度","0","3","3"
"离北极的度数","0","3","3"
"太阳距离赤道","0","3","3"
"道赤道小弧弦","0","3","3"
"降交点距离黄","0","3","3"
"交点距离黄道","0","3","3"
"点距离黄道赤","0","3","3"
"距离黄道赤道","0","3","3"
"离黄道赤道降","0","3","3"
"黄道赤道降交","0","3","3"
"赤道降交点的","0","3","3"
"江西遭受大旱","0","3","3"
"西遭受大旱灾","0","3","3"
"西发生大旱灾","0","3","3"
"宁夏发生地震","0","3","3"
"河南发生地震","0","3","3"
"发生七次地震","0","3","3"
"四府发生地震","0","3","3"
"凤阳府发生地","0","3","3"
"阳府发生地震","0","3","3"
"地上长出白毛","0","3","3"
"再次发生饥荒","0","3","3"
"个府遭受饥荒","0","3","3"
"东再次遭受饥","0","3","3"
"个县遭受饥荒","0","3","3"
"西遭受严重饥","0","3","3"
"山西发生饥荒","0","3","3"
"辽束发生饥荒","0","3","3"
"河南遭受严重","0","3","3"
"南遭受严重饥","0","3","3"
"永平发生饥荒","0","3","3"
"漕侍郎昊桂芳","0","3","3"
"河在崔镇决堤","0","3","3"
"皇帝命令赶快","0","3","3"
"给事中汤聘尹","0","3","3"
"往东流入大海","0","3","3"
"给事中常居敬","0","3","3"
"工科给事中张","0","3","3"
"给事中张贞观","0","3","3"
"在没有汇合之","0","3","3"
"没有汇合之前","0","3","3"
"有汇合之前减","0","3","3"
"汇合之前减缓","0","3","3"
"合之前减缓水","0","3","3"
"之前减缓水势","0","3","3"
"则泥沙不停而","0","3","3"
"泥沙不停而去","0","3","3"
"应当赶快开通","0","3","3"
"主持这事的人","0","3","3"
"备文上奏善后","0","3","3"
"工程将近竣工","0","3","3"
"议论此事的人","0","3","3"
"成为平坦的陆","0","3","3"
"为平坦的陆地","0","3","3"
"与会通河汇合","0","3","3"
"年进行一次疏","0","3","3"
"进行一次疏浚","0","3","3"
"翁大立请求开","0","3","3"
"大立请求开通","0","3","3"
"然后到达大海","0","3","3"
"导引黄河流入","0","3","3"
"开通洳河的主","0","3","3"
"通洳河的主张","0","3","3"
"就可以避免了","0","3","3"
"天津流入大海","0","3","3"
"引沁水流入卫","0","3","3"
"沁水流入黄河","0","3","3"
"没有地方排放","0","3","3"
"官吏巡行视察","0","3","3"
"通的占十分之","0","3","3"
"发配长城以北","0","3","3"
"边防卫所充军","0","3","3"
"按条例难以如","0","3","3"
"条例难以如实","0","3","3"
"判杖刑六十下","0","3","3"
"部分赎金全部","0","3","3"
"分赎金全部抵","0","3","3"
"赎金全部抵销","0","3","3"
"行杖刑一百下","0","3","3"
"运送军粮供应","0","3","3"
"灌溉百姓田地","0","3","3"
"大小两个教场","0","3","3"
"门左右两边到","0","3","3"
"安门左右两边","0","3","3"
"近处能够射中","0","3","3"
"成化十四年规","0","3","3"
"化十四年规定","0","3","3"
"人共同斩杀的","0","3","3"
"率领一千人的","0","3","3"
"提升实授官职","0","3","3"
"有火攻装备的","0","3","3"
"等马交换茶叶","0","3","3"
"用来供给灌溉","0","3","3"
"灌溉田地上万","0","3","3"
"溉田地上万顷","0","3","3"
"灌溉田地几万","0","3","3"
"溉田地几万顷","0","3","3"
"一百二十多里","0","3","3"
"钱有势的人家","0","3","3"
"被有钱有势的","0","3","3"
"令三年一朝贡","2","0","2"
"陛下高居九重","2","0","2"
"百官行奉慰礼","2","0","2"
"左都御史赵锦","1","1","2"
"御史刘怀恕等","1","1","2"
"官兵东西奔击","1","1","2"
"京营兵六千人","1","1","2"
"留守署正朱国","1","1","2"
"守署正朱国相","1","1","2"
"署正朱国相等","1","1","2"
"正朱国相等皆","1","1","2"
"朱国相等皆战","1","1","2"
"国相等皆战死","1","1","2"
"剑州知州徐尚","1","1","2"
"州知州徐尚卿","1","1","2"
"昭化知县王时","1","1","2"
"化知县王时化","1","1","2"
"郫县主簿张应","1","1","2"
"县主簿张应奇","1","1","2"
"总兵虎大威中","1","1","2"
"兵虎大威中炮","1","1","2"
"号奉天倡义大","1","1","2"
"奉天倡义大元","1","1","2"
"天倡义大元帅","1","1","2"
"代天抚民威德","1","1","2"
"天抚民威德大","1","1","2"
"抚民威德大将","1","1","2"
"民威德大将军","1","1","2"
"五营二十二将","1","1","2"
"任继光守荆州","1","1","2"
"牛万才守夷陵","1","1","2"
"王文曜守澧州","1","1","2"
"萧云林守荆门","1","1","2"
"谢应龙守汉川","1","1","2"
"伪丞相牛金星","1","1","2"
"获伪汝侯刘宗","1","1","2"
"伪汝侯刘宗敏","1","1","2"
"伪总兵左光先","1","1","2"
"伪军师宋献策","1","1","2"
"总兵秦翼明兵","1","1","2"
"京兵部尚书范","1","1","2"
"操江都御史黄","1","1","2"
"江都御史黄道","1","1","2"
"都御史黄道直","1","1","2"
"兵官杨御蕃分","1","1","2"
"官杨御蕃分汛","1","1","2"
"安池道副使史","1","1","2"
"知府郑履祥死","1","1","2"
"设六部五军都","1","1","2"
"六部五军都督","1","1","2"
"部五军都督府","1","1","2"
"五军都督府等","1","1","2"
"军都督府等官","1","1","2"
"胁川中士大夫","1","1","2"
"叙州布政使尹","1","1","2"
"州布政使尹伸","1","1","2"
"太监张宏名下","1","1","2"
"杖死县丞郑思","1","1","2"
"死县丞郑思颜","1","1","2"
"御史徐复阳请","1","1","2"
"浙江巡抚潘汝","1","1","2"
"江巡抚潘汝桢","1","1","2"
"巡抚潘汝桢奏","1","1","2"
"抚潘汝桢奏请","1","1","2"
"乌撒土知府阿","1","1","2"
"撒土知府阿能","1","1","2"
"乌撒军民府通","1","1","2"
"撒军民府通判","1","1","2"
"威龙土知州普","1","1","2"
"龙土知州普习","1","1","2"
"太监刘永诚分","1","1","2"
"监刘永诚分道","1","1","2"
"兵部侍郎戴纶","1","1","2"
"广善普慧弘度","1","1","2"
"善普慧弘度妙","1","1","2"
"普慧弘度妙应","1","1","2"
"慧弘度妙应掌","1","1","2"
"弘度妙应掌教","1","1","2"
"度妙应掌教翊","1","1","2"
"妙应掌教翊国","1","1","2"
"应掌教翊国正","1","1","2"
"掌教翊国正觉","1","1","2"
"教翊国正觉大","1","1","2"
"翊国正觉大济","1","1","2"
"国正觉大济法","1","1","2"
"正觉大济法王","1","1","2"
"觉大济法王西","1","1","2"
"大济法王西天","1","1","2"
"济法王西天圆","1","1","2"
"法王西天圆智","1","1","2"
"王西天圆智大","1","1","2"
"西天圆智大慈","1","1","2"
"天圆智大慈悲","1","1","2"
"圆智大慈悲佛","1","1","2"
"十五年三月赐","1","1","2"
"时都御史胡缵","1","1","2"
"号三天金阙上","2","0","2"
"三天金阙上玉","2","0","2"
"天金阙上玉堂","2","0","2"
"道德哲慧圣尊","1","1","2"
"德哲慧圣尊开","1","1","2"
"哲慧圣尊开真","1","1","2"
"慧圣尊开真仁","1","1","2"
"圣尊开真仁化","1","1","2"
"尊开真仁化大","1","1","2"
"开真仁化大帝","1","1","2"
"上玉堂总仙法","1","1","2"
"玉堂总仙法主","1","1","2"
"堂总仙法主玄","1","1","2"
"总仙法主玄元","1","1","2"
"道德哲慧圣母","1","1","2"
"德哲慧圣母天","1","1","2"
"哲慧圣母天后","1","1","2"
"慧圣母天后掌","1","1","2"
"圣母天后掌仙","1","1","2"
"母天后掌仙妙","1","1","2"
"天后掌仙妙化","1","1","2"
"后掌仙妙化元","1","1","2"
"掌仙妙化元君","1","1","2"
"号灵霄上清统","1","1","2"
"灵霄上清统雷","1","1","2"
"霄上清统雷元","1","1","2"
"上清统雷元阳","1","1","2"
"清统雷元阳妙","1","1","2"
"统雷元阳妙一","1","1","2"
"雷元阳妙一飞","1","1","2"
"元阳妙一飞玄","1","1","2"
"加号九天弘教","1","1","2"
"号九天弘教普","1","1","2"
"九天弘教普济","1","1","2"
"天弘教普济生","1","1","2"
"弘教普济生灵","1","1","2"
"教普济生灵掌","1","1","2"
"普济生灵掌阴","1","1","2"
"济生灵掌阴阳","1","1","2"
"生灵掌阴阳功","1","1","2"
"灵掌阴阳功过","1","1","2"
"掌阴阳功过大","1","1","2"
"阴阳功过大道","1","1","2"
"阳功过大道思","1","1","2"
"功过大道思仁","1","1","2"
"过大道思仁紫","1","1","2"
"大道思仁紫极","1","1","2"
"道思仁紫极仙","1","1","2"
"思仁紫极仙翁","1","1","2"
"仁紫极仙翁一","1","1","2"
"紫极仙翁一阳","1","1","2"
"极仙翁一阳真","1","1","2"
"仙翁一阳真人","1","1","2"
"翁一阳真人元","1","1","2"
"一阳真人元虚","1","1","2"
"阳真人元虚玄","1","1","2"
"真人元虚玄应","1","1","2"
"人元虚玄应开","1","1","2"
"元虚玄应开化","1","1","2"
"虚玄应开化伏","1","1","2"
"玄应开化伏魔","1","1","2"
"罗天仙紫极长","1","1","2"
"天仙紫极长生","1","1","2"
"仙紫极长生圣","1","1","2"
"紫极长生圣智","1","1","2"
"极长生圣智昭","1","1","2"
"长生圣智昭灵","1","1","2"
"生圣智昭灵统","1","1","2"
"圣智昭灵统元","1","1","2"
"智昭灵统元证","1","1","2"
"昭灵统元证应","1","1","2"
"灵统元证应玉","1","1","2"
"统元证应玉虚","1","1","2"
"元证应玉虚总","1","1","2"
"证应玉虚总掌","1","1","2"
"应玉虚总掌五","1","1","2"
"玉虚总掌五雷","1","1","2"
"虚总掌五雷大","1","1","2"
"总掌五雷大真","1","1","2"
"掌五雷大真人","1","1","2"
"五雷大真人玄","1","1","2"
"雷大真人玄都","1","1","2"
"大真人玄都境","1","1","2"
"真人玄都境万","1","1","2"
"人玄都境万寿","1","1","2"
"玄都境万寿帝","1","1","2"
"都境万寿帝君","1","1","2"
"洪武十四年改","1","1","2"
"武十四年改置","1","1","2"
"十四年改置施","1","1","2"
"四年改置施州","1","1","2"
"年改置施州卫","1","1","2"
"改置施州卫军","1","1","2"
"置施南宣抚司","1","1","2"
"石关峒长官司","1","1","2"
"中书省参知政","1","1","2"
"书省参知政事","1","1","2"
"掌道御史祁彪","1","1","2"
"道御史祁彪佳","1","1","2"
"昌时挟势弄权","1","1","2"
"前山东按察使","1","1","2"
"山东按察使佥","1","1","2"
"东按察使佥事","1","1","2"
"按察使佥事雷","1","1","2"
"礼部员外郎周","1","1","2"
"部员外郎周镳","1","1","2"
"大理寺正许志","1","1","2"
"理寺正许志吉","1","1","2"
"顺天府通判孙","1","1","2"
"国子监生陆万","1","1","2"
"子监生陆万龄","1","1","2"
"大学士顾秉谦","1","1","2"
"南京尚书范济","1","1","2"
"京尚书范济世","1","1","2"
"总督尚书黄运","1","1","2"
"督尚书黄运泰","1","1","2"
"巡抚尚书李精","1","1","2"
"抚尚书李精白","1","1","2"
"尚书李精白等","1","1","2"
"书李精白等一","1","1","2"
"李精白等一百","1","1","2"
"精白等一百二","1","1","2"
"白等一百二十","1","1","2"
"等一百二十九","1","1","2"
"一百二十九人","1","1","2"
"继春误听风闻","1","1","2"
"御史巡抚山西","1","1","2"
"京兵部郎中钱","1","1","2"
"兵部郎中钱策","1","1","2"
"南京御史张邦","1","1","2"
"京御史张邦俊","1","1","2"
"工部郎中聂心","1","1","2"
"部郎中聂心汤","1","1","2"
"提督南京教场","1","1","2"
"李文熙等十九","1","1","2"
"文熙等十九人","1","1","2"
"令部将李平胡","1","1","2"
"塞三百五十里","1","1","2"
"游击阎逢时等","1","1","2"
"参将孙朝梁等","1","1","2"
"清正退保岛山","1","1","2"
"督师杨嗣昌遣","1","1","2"
"师杨嗣昌遣监","1","1","2"
"杨嗣昌遣监军","1","1","2"
"嗣昌遣监军佥","1","1","2"
"昌遣监军佥事","1","1","2"
"遣监军佥事杨","1","1","2"
"监军佥事杨卓","1","1","2"
"军佥事杨卓然","1","1","2"
"合肥知县潘登","1","1","2"
"肥知县潘登贵","1","1","2"
"参政程楷分门","1","1","2"
"太始天元玉册","1","1","2"
"神机营左副将","1","1","2"
"诸臣所拥戴者","1","1","2"
"苏松兵备参政","1","1","2"
"督臣洪承畴孤","1","1","2"
"臣洪承畴孤军","1","1","2"
"洪承畴孤军远","1","1","2"
"若骐任意指挥","1","1","2"
"称天下兵马副","1","1","2"
"吏部员外郎宋","1","1","2"
"部员外郎宋企","1","1","2"
"员外郎宋企郊","1","1","2"
"平阳知府张嶙","1","1","2"
"阳知府张嶙然","1","1","2"
"山西提学参议","1","1","2"
"西提学参议黎","1","1","2"
"提学参议黎志","1","1","2"
"学参议黎志升","1","1","2"
"西左布政使陆","1","1","2"
"潼关道佥事杨","1","1","2"
"关道佥事杨王","1","1","2"
"道佥事杨王休","1","1","2"
"翰林院检讨刘","1","1","2"
"林院检讨刘世","1","1","2"
"院检讨刘世芳","1","1","2"
"礼部主事王孙","1","1","2"
"部主事王孙蕙","1","1","2"
"翰林院检讨梁","1","1","2"
"林院检讨梁兆","1","1","2"
"院检讨梁兆阳","1","1","2"
"大理寺正钱位","1","1","2"
"理寺正钱位坤","1","1","2"
"总督侍郎侯恂","1","1","2"
"山西副使王秉","1","1","2"
"西副使王秉鉴","1","1","2"
"礼部郎中刘大","1","1","2"
"部郎中刘大巩","1","1","2"
"吏部员外郎郭","1","1","2"
"部员外郎郭万","1","1","2"
"员外郎郭万象","1","1","2"
"通政司参议宋","1","1","2"
"政司参议宋学","1","1","2"
"司参议宋学显","1","1","2"
"工部主事缪沅","1","1","2"
"庶吉士张家玉","1","1","2"
"扬州知府任民","1","1","2"
"州知府任民育","1","1","2"
"江都知县周志","1","1","2"
"都知县周志畏","1","1","2"
"江都县丞王志","1","1","2"
"都县丞王志端","1","1","2"
"赏功副将汪思","1","1","2"
"功副将汪思诚","1","1","2"
"武陵侯杨国栋","1","1","2"
"宁武伯马养麟","1","1","2"
"吏部主事龚棻","2","0","2"
"户部主事林琦","1","1","2"
"推官署府事吴","1","1","2"
"官署府事吴国","1","1","2"
"署府事吴国球","1","1","2"
"监纪通判郭宁","1","1","2"
"纪通判郭宁登","1","1","2"
"临江推官胡缜","1","1","2"
"赣县知县林逢","1","1","2"
"县知县林逢春","1","1","2"
"昌平总兵陈洪","1","1","2"
"平总兵陈洪范","1","1","2"
"召司经局洗马","2","0","2"
"命翰林院学士","1","1","2"
"恤光禄少卿马","1","1","2"
"光禄少卿马谦","2","0","2"
"劾英国公张溶","1","1","2"
"浙江总兵官董","1","1","2"
"江总兵官董一","1","1","2"
"总兵官董一奎","1","1","2"
"都督李隆等九","1","1","2"
"督李隆等九人","1","1","2"
"南京刑科事中","2","0","2"
"二十五年乡试","2","0","2"
"历刑部员外郎","2","0","2"
"巡抚右副都御","1","1","2"
"抚右副都御史","1","1","2"
"巡抚乔璧星锐","1","1","2"
"左谕德少詹事","1","1","2"
"二年右佥都御","2","0","2"
"一年进士第一","2","0","2"
"累加少傅太子","2","0","2"
"谕德姚明恭主","1","1","2"
"加赠文升左柱","1","1","2"
"赠文升左柱国","1","1","2"
"天下何时太平","1","1","2"
"南京吏部缺尚","1","1","2"
"京吏部缺尚书","1","1","2"
"年召兵部右侍","2","0","2"
"陛下宜称孝宗","2","0","2"
"王皇叔父兴献","2","0","2"
"皇叔母兴献王","1","1","2"
"叔母兴献王妃","1","1","2"
"李善长太子少","2","0","2"
"善长太子少师","2","0","2"
"徐达太子少傅","2","0","2"
"中书平章录军","1","1","2"
"书平章录军国","1","1","2"
"平章录军国重","1","1","2"
"章录军国重事","1","1","2"
"录军国重事常","1","1","2"
"军国重事常遇","1","1","2"
"国重事常遇春","1","1","2"
"常遇春太子少","2","0","2"
"右都督冯宗异","1","1","2"
"书平章政事胡","1","1","2"
"平章政事胡廷","1","1","2"
"中书参政杨宪","1","1","2"
"同知大都督康","1","1","2"
"知大都督康茂","1","1","2"
"大都督康茂才","1","1","2"
"都督府副使顾","1","1","2"
"督府副使顾时","1","1","2"
"孙兴祖同知左","1","1","2"
"兴祖同知左右","1","1","2"
"祖同知左右率","1","1","2"
"同知左右率府","1","1","2"
"知左右率府事","1","1","2"
"大都督府事吴","1","1","2"
"都督府事吴桢","1","1","2"
"左右率府副使","1","1","2"
"御史大夫邓愈","1","1","2"
"范显祖太子宾","2","0","2"
"显祖太子宾客","2","0","2"
"睿宗兴献皇帝","1","1","2"
"嘉兴五府兵勤","1","1","2"
"兴五府兵勤王","1","1","2"
"建文元年六月","1","1","2"
"燕府护卫百户","1","1","2"
"府护卫百户倪","1","1","2"
"僧录司左善世","1","1","2"
"推诚辅国协谋","1","1","2"
"诚辅国协谋宣","1","1","2"
"辅国协谋宣力","1","1","2"
"国协谋宣力文","1","1","2"
"协谋宣力文臣","1","1","2"
"建文四年六月","1","1","2"
"福佩征虏大将","1","1","2"
"佩征虏大将军","1","1","2"
"征虏大将军印","1","1","2"
"蔚州卫指挥佥","1","1","2"
"建文四年正月","1","1","2"
"燕山右护卫百","1","1","2"
"山右护卫百户","1","1","2"
"元末扬州万户","1","1","2"
"同工部尚书严","1","1","2"
"工部尚书严震","1","1","2"
"部尚书严震直","1","1","2"
"尚书严震直等","1","1","2"
"同新昌伯唐云","1","1","2"
"新昌伯唐云经","1","1","2"
"昌伯唐云经理","1","1","2"
"伯唐云经理北","1","1","2"
"唐云经理北平","1","1","2"
"永乐二年册立","1","1","2"
"乐二年册立皇","1","1","2"
"二年册立皇太","1","1","2"
"山东野蚕成茧","1","1","2"
"部尚书参赞军","1","1","2"
"尚书参赞军务","1","1","2"
"时南军六十万","1","1","2"
"迤北降人南征","1","1","2"
"重庆妖贼王元","1","1","2"
"庆妖贼王元保","1","1","2"
"螺蛳等十余寨","1","1","2"
"兵部尚书詹事","2","0","2"
"行人司右司副","1","1","2"
"建文二年进士","2","0","2"
"世袭都指挥使","1","1","2"
"年进兵部右侍","2","0","2"
"累迁南京光禄","1","1","2"
"山东副使牛鸾","1","1","2"
"春右佥都御史","2","0","2"
"镇守中官遣军","1","1","2"
"守中官遣军匠","1","1","2"
"部尚书赵璜廉","1","1","2"
"尚书赵璜廉介","1","1","2"
"右侍郎黄宗时","1","1","2"
"右侍郎朱廷声","1","1","2"
"侍郎朱廷声笃","1","1","2"
"郎朱廷声笃实","1","1","2"
"副总兵何卿共","1","1","2"
"经征两广狼土","1","1","2"
"征两广狼土兵","1","1","2"
"两广狼土兵听","1","1","2"
"遂督苏州军饷","1","1","2"
"靖二十九年秋","1","1","2"
"父荫累官大同","1","1","2"
"荫累官大同参","1","1","2"
"累官大同参将","1","1","2"
"四川白草番乱","2","0","2"
"副总兵高冈凤","1","1","2"
"总兵官十七年","1","1","2"
"游击芮宁败死","1","1","2"
"原官总督陕西","1","1","2"
"官总督陕西三","1","1","2"
"诸巡抚延绥张","1","1","2"
"巡抚延绥张问","1","1","2"
"抚延绥张问行","1","1","2"
"巡按御史盛唐","1","1","2"
"累官山西左布","1","1","2"
"官山西左布政","1","1","2"
"二十八年十月","1","1","2"
"山西游击罗恭","1","1","2"
"西游击罗恭等","1","1","2"
"东厂太监宋兴","1","1","2"
"筑张家湾大小","1","1","2"
"张家湾大小二","1","1","2"
"家湾大小二堡","1","1","2"
"总兵蒋承勋战","1","1","2"
"兵蒋承勋战死","1","1","2"
"三十二年元旦","1","1","2"
"工部侍郎严世","1","1","2"
"部侍郎严世蕃","1","1","2"
"临安土官普崇","1","1","2"
"安土官普崇明","1","1","2"
"崇新兄弟构争","1","1","2"
"龙文卜筑深山","1","1","2"
"龙文诽谤时政","1","1","2"
"迁浙江海道副","1","1","2"
"浙江海道副使","1","1","2"
"德十二年成进","2","0","2"
"十二年成进士","2","0","2"
"兵分屯要害地","1","1","2"
"南京御史姚鸣","1","1","2"
"京御史姚鸣凤","1","1","2"
"刑部郎中刘仕","1","1","2"
"尚书颜颐寿等","1","1","2"
"改拟妖言律斩","1","1","2"
"五花宫两暖阁","1","1","2"
"望陛下六疑尽","1","1","2"
"陛下六疑尽释","1","1","2"
"副都御史张润","1","1","2"
"御史郑本公等","1","1","2"
"郑本公等连章","2","0","2"
"傅友德镇北平","2","0","2"
"赐黄金二百两","1","1","2"
"十四年傅友德","2","0","2"
"四年傅友德征","2","0","2"
"将作官吏视成","1","1","2"
"作官吏视成画","1","1","2"
"乘胜深入太湖","1","1","2"
"若楚国公臣永","1","1","2"
"楚国公臣永安","1","1","2"
"国公臣永安等","1","1","2"
"谥臣永安武闵","1","1","2"
"加赠开国辅运","1","1","2"
"赠开国辅运推","1","1","2"
"授秦淮翼元帅","2","0","2"
"授总管府先锋","2","0","2"
"陕西按察司佥","1","1","2"
"犹见留开封祗","1","1","2"
"见留开封祗候","1","1","2"
"使风宪知所重","1","1","2"
"湖广按察使佥","1","1","2"
"广按察使佥事","1","1","2"
"陛下膺天眷命","1","1","2"
"知府姚善倡义","1","1","2"
"府姚善倡义勤","1","1","2"
"姚善倡义勤王","1","1","2"
"大都督府都督","1","1","2"
"都督府都督佥","1","1","2"
"督府都督佥事","1","1","2"
"金华卫指挥同","1","1","2"
"华卫指挥同知","1","1","2"
"淮海翼元帅府","1","1","2"
"江南分枢密院","1","1","2"
"靖海侯吴祯巡","1","1","2"
"帐前左翼元帅","1","1","2"
"捕斩倭寇千余","1","1","2"
"斩倭寇千余人","1","1","2"
"河州卫指挥使","1","1","2"
"召右御史大夫","2","0","2"
"见辄燕语移时","1","1","2"
"一时郡邑良吏","1","1","2"
"时郡邑良吏雷","1","1","2"
"郡邑良吏雷州","1","1","2"
"邑良吏雷州同","1","1","2"
"良吏雷州同知","1","1","2"
"吏雷州同知余","1","1","2"
"雷州同知余骐","1","1","2"
"州同知余骐孙","1","1","2"
"惠州知府万迪","1","1","2"
"乳源知县张安","1","1","2"
"源知县张安仁","1","1","2"
"清流知县李铎","1","1","2"
"揭阳县丞许德","1","1","2"
"归善知县木寅","1","1","2"
"元南榜进士第","1","1","2"
"南榜进士第一","1","1","2"
"儒臣议定乘舆","1","1","2"
"殿上坐墩诸仪","1","1","2"
"生员王邦直等","1","1","2"
"俺答数犯山西","2","0","2"
"宾兔台吉等十","1","1","2"
"兔台吉等十人","1","1","2"
"台吉等十九人","1","1","2"
"汉台吉等十八","1","1","2"
"台吉等十八人","1","1","2"
"恰台吉等二人","1","1","2"
"督武清伯石亨","1","1","2"
"元谋土知州吾","1","1","2"
"谋土知州吾必","1","1","2"
"土知州吾必奎","1","1","2"
"知州吾必奎叛","1","1","2"
"征南左将军蓝","1","1","2"
"南左将军蓝玉","1","1","2"
"右将军沐英率","1","1","2"
"置云南洱海卫","1","1","2"
"云南洱海卫指","1","1","2"
"南洱海卫指挥","1","1","2"
"洱海卫指挥使","1","1","2"
"海卫指挥使司","1","1","2"
"征南将军下云","2","0","2"
"南将军下云南","2","0","2"
"宣德侯金朝兴","1","1","2"
"德侯金朝兴分","1","1","2"
"侯金朝兴分道","1","1","2"
"曲靖宣慰司征","1","1","2"
"靖宣慰司征行","1","1","2"
"宣慰司征行元","1","1","2"
"慰司征行元帅","1","1","2"
"司征行元帅张","1","1","2"
"征行元帅张麟","1","1","2"
"行省平章刘辉","1","1","2"
"省平章刘辉等","1","1","2"
"罗雄州营长发","1","1","2"
"雄州营长发束","1","1","2"
"州营长发束等","1","1","2"
"招讨诸使陈敏","1","1","2"
"邦彦分兵四应","1","1","2"
"兵部尚书史法","2","0","2"
"广西巡抚瞿式","1","1","2"
"西巡抚瞿式耜","1","1","2"
"旧臣吕大器等","1","1","2"
"臣吕大器等共","1","1","2"
"吕大器等共推","1","1","2"
"时闽旧臣苏观","1","1","2"
"闽旧臣苏观生","1","1","2"
"旧臣苏观生撤","1","1","2"
"臣苏观生撤兵","1","1","2"
"苏观生撤兵奔","1","1","2"
"总兵官林察等","1","1","2"
"兵官林察等谋","1","1","2"
"官林察等谋立","1","1","2"
"进礼部左侍郎","2","0","2"
"知府临江戴德","1","1","2"
"府临江戴德孺","1","1","2"
"通判瑞州胡尧","1","1","2"
"判瑞州胡尧元","1","1","2"
"知县新淦李美","1","1","2"
"太祖第二十三","1","1","2"
"祖第二十三子","1","1","2"
"武二十四年封","2","0","2"
"清顺治二年五","1","1","2"
"通政使马思礼","1","1","2"
"政使马思礼等","1","1","2"
"员外郎刘本道","1","1","2"
"中都留守左卫","1","1","2"
"都留守左卫指","1","1","2"
"留守左卫指挥","1","1","2"
"守左卫指挥佥","1","1","2"
"四川都指挥佥","1","1","2"
"川都指挥佥事","1","1","2"
"都指挥佥事临","1","1","2"
"指挥佥事临淮","1","1","2"
"挥佥事临淮刘","1","1","2"
"佥事临淮刘雄","1","1","2"
"官都指挥佥事","2","0","2"
"都指挥满都等","1","1","2"
"指挥满都等击","1","1","2"
"挥满都等击平","1","1","2"
"庐州卫百户积","1","1","2"
"州卫百户积功","1","1","2"
"袭定辽右卫指","1","1","2"
"定辽右卫指挥","1","1","2"
"辽右卫指挥使","1","1","2"
"平虏大将军印","1","1","2"
"甘肃四镇军务","1","1","2"
"成化二年三月","1","1","2"
"通政司右参议","1","1","2"
"慈寿皇太后上","1","1","2"
"寿皇太后上尊","1","1","2"
"山东济南府偏","1","1","2"
"山西太原府偏","1","1","2"
"西太原府偏西","1","1","2"
"太原府偏西六","1","1","2"
"原府偏西六度","1","1","2"
"河南开封府偏","1","1","2"
"南开封府偏西","1","1","2"
"开封府偏西三","1","1","2"
"封府偏西三度","1","1","2"
"府偏西三度四","1","1","2"
"偏西三度四十","1","1","2"
"西三度四十五","1","1","2"
"三度四十五分","1","1","2"
"广西桂林府偏","1","1","2"
"西桂林府偏西","1","1","2"
"桂林府偏西八","1","1","2"
"林府偏西八度","1","1","2"
"府偏西八度半","1","1","2"
"浙江杭州府偏","1","1","2"
"江西南昌府偏","1","1","2"
"西南昌府偏西","1","1","2"
"南昌府偏西二","1","1","2"
"昌府偏西二度","1","1","2"
"府偏西二度半","1","1","2"
"广东广州府偏","1","1","2"
"东广州府偏西","1","1","2"
"广州府偏西五","1","1","2"
"州府偏西五度","1","1","2"
"四川成都府偏","1","1","2"
"贵州贵阳府偏","1","1","2"
"州贵阳府偏西","1","1","2"
"贵阳府偏西九","1","1","2"
"阳府偏西九度","1","1","2"
"府偏西九度半","1","1","2"
"云南云南府偏","1","1","2"
"南云南府偏西","1","1","2"
"云南府偏西十","1","1","2"
"南府偏西十七","1","1","2"
"府偏西十七度","1","1","2"
"三刻十三分昏","2","0","2"
"七星偏东四度","1","1","2"
"三刻十一分昏","2","0","2"
"正一刻五分昏","2","0","2"
"文华门赐酒饭","1","1","2"
"载成化十五年","1","1","2"
"皇太子阁讲学","2","0","2"
"进士改授翰林","1","1","2"
"士改授翰林官","1","1","2"
"改授翰林官充","1","1","2"
"传令旨先生进","1","1","2"
"洪武元年闰七","1","1","2"
"武元年闰七月","1","1","2"
"百官朝服行礼","2","0","2"
"宪宗皇后王氏","1","1","2"
"世宗祖母邵氏","1","1","2"
"世宗皇后陈氏","1","1","2"
"昭公十五年六","1","1","2"
"公十五年六月","1","1","2"
"十五年六月乙","1","1","2"
"五年六月乙丑","1","1","2"
"洪武七年九月","1","1","2"
"内使女乐二十","1","1","2"
"使女乐二十四","1","1","2"
"女乐二十四人","1","1","2"
"雪柳女队子二","1","1","2"
"柳女队子二十","1","1","2"
"女队子二十人","1","1","2"
"女将军十一人","1","1","2"
"奏太宗体天弘","1","1","2"
"太宗体天弘道","1","1","2"
"宗体天弘道高","1","1","2"
"九年四月庚子","1","1","2"
"三十六年四月","1","1","2"
"十九年六月庚","1","1","2"
"九年六月庚戌","1","1","2"
"慈溪茅家浦涌","1","1","2"
"溪茅家浦涌血","1","1","2"
"茅家浦涌血八","1","1","2"
"家浦涌血八处","1","1","2"
"八年八月戊寅","1","1","2"
"洪武十三年七","1","1","2"
"武十三年七月","1","1","2"
"振武二卫雨水","1","1","2"
"双山堡大雷雨","1","1","2"
"十三年五月丙","1","1","2"
"三年五月丙申","1","1","2"
"皇陵正殿御座","1","1","2"
"崇祯五年六月","1","1","2"
"二年正月甲戌","1","1","2"
"定光禄司散官","1","1","2"
"光禄司散官品","1","1","2"
"群官二十七处","1","1","2"
"增设司仪四人","1","1","2"
"武臣贴黄诰敕","1","1","2"
"本科一人监视","1","1","2"
"令两房办事官","1","1","2"
"设行人三百四","1","1","2"
"行人三百四十","1","1","2"
"人三百四十五","1","1","2"
"三百四十五人","1","1","2"
"通判太史监事","1","1","2"
"典察左右前后","1","1","2"
"察左右前后十","1","1","2"
"增设监督内臣","1","1","2"
"设监督内臣共","1","1","2"
"监督内臣共九","1","1","2"
"督内臣共九十","1","1","2"
"内臣共九十九","1","1","2"
"嘉蔬二署典署","1","1","2"
"嘉蔬二署录事","1","1","2"
"北五城兵马指","1","1","2"
"置内使监奉御","1","1","2"
"内使监奉御六","1","1","2"
"使监奉御六十","1","1","2"
"监奉御六十人","1","1","2"
"太庙司香四人","1","1","2"
"局设局郎一人","1","1","2"
"午门等十三门","1","1","2"
"置王府承奉司","1","1","2"
"书参赞机务一","1","1","2"
"参赞机务一人","1","1","2"
"宣德八年黄福","1","1","2"
"改应天府知府","1","1","2"
"永乐四年成祖","1","1","2"
"井盐课司大使","1","1","2"
"河东二都转运","1","1","2"
"东二都转运司","1","1","2"
"广东海北盐课","1","1","2"
"东海北盐课提","1","1","2"
"海北盐课提举","1","1","2"
"北盐课提举司","1","1","2"
"福建二都转运","1","1","2"
"建二都转运司","1","1","2"
"改京官店宣课","2","0","2"
"京官店宣课司","2","0","2"
"县官店通课司","2","0","2"
"部宝钞广源库","1","1","2"
"令宣课分司收","1","1","2"
"宣课分司收税","1","1","2"
"定嘉靖钱七文","1","1","2"
"前代钱三十文","1","1","2"
"直隶巡按杨家","1","1","2"
"隶巡按杨家相","1","1","2"
"巡按杨家相请","1","1","2"
"尚书郑三俊请","1","1","2"
"陕西商县凤皇","1","1","2"
"西商县凤皇山","1","1","2"
"商县凤皇山银","1","1","2"
"县凤皇山银坑","1","1","2"
"凤皇山银坑八","1","1","2"
"皇山银坑八所","1","1","2"
"福建浦城县马","1","1","2"
"建浦城县马鞍","1","1","2"
"浦城县马鞍等","1","1","2"
"城县马鞍等坑","1","1","2"
"县马鞍等坑三","1","1","2"
"马鞍等坑三所","1","1","2"
"宣光镇金场局","1","1","2"
"葛容溪银场局","1","1","2"
"云南大理银冶","1","1","2"
"板场坑水银场","1","1","2"
"场坑水银场局","1","1","2"
"杭州三处工部","1","1","2"
"州三处工部官","1","1","2"
"御史胡文静请","1","1","2"
"凤阳巡抚唐顺","1","1","2"
"都御史沈固请","1","1","2"
"山西行都司库","1","1","2"
"西行都司库银","1","1","2"
"十一万三千四","1","1","2"
"一万三千四百","1","1","2"
"万三千四百四","1","1","2"
"三千四百四十","1","1","2"
"千四百四十六","1","1","2"
"五千三百二十","1","1","2"
"千三百二十八","1","1","2"
"三百二十八万","1","1","2"
"百二十八万一","1","1","2"
"二十八万一千","1","1","2"
"十八万一千一","1","1","2"
"八万一千一百","1","1","2"
"万一千一百五","1","1","2"
"一千一百五十","1","1","2"
"千一百五十八","1","1","2"
"六十二万一千","1","1","2"
"十二万一千四","1","1","2"
"二万一千四百","1","1","2"
"万一千四百三","1","1","2"
"一千四百三十","1","1","2"
"十九万二千八","1","1","2"
"九万二千八百","1","1","2"
"万二千八百五","1","1","2"
"二千八百五十","1","1","2"
"千八百五十六","1","1","2"
"部尚书郁新言","2","0","2"
"湖广诸卫收粮","1","1","2"
"归德州饮马池","1","1","2"
"督漕总兵官杨","1","1","2"
"漕总兵官杨宏","1","1","2"
"梅殷镇守淮安","1","1","2"
"镇守淮安总兵","1","1","2"
"守淮安总兵官","1","1","2"
"右都督正二品","1","1","2"
"副都督正三品","1","1","2"
"统军元帅府元","1","1","2"
"军元帅府元帅","1","1","2"
"元帅府元帅正","1","1","2"
"帅府元帅正三","1","1","2"
"府元帅正三品","1","1","2"
"置五军十卫参","1","1","2"
"五军十卫参军","1","1","2"
"军十卫参军府","1","1","2"
"始分隶五都督","1","1","2"
"中后六亲军所","1","1","2"
"改亲军都尉府","2","0","2"
"洪武十八年改","1","1","2"
"府掌府事官守","2","0","2"
"掌府事官守备","2","0","2"
"府事官守备南","2","0","2"
"事官守备南京","2","0","2"
"南京五军都督","1","1","2"
"京五军都督府","1","1","2"
"左府所属十卫","1","1","2"
"右府所属五卫","1","1","2"
"前府所属七卫","1","1","2"
"后府所属五卫","1","1","2"
"王府护卫指挥","1","1","2"
"府护卫指挥使","1","1","2"
"添设浙江总兵","1","1","2"
"镇守蓟州总兵","1","1","2"
"守蓟州总兵官","1","1","2"
"蓟州总兵官一","1","1","2"
"镇守昌平总兵","1","1","2"
"守昌平总兵官","1","1","2"
"昌平总兵官一","1","1","2"
"平总兵官一人","1","1","2"
"镇守辽东总兵","1","1","2"
"守辽东总兵官","1","1","2"
"辽东总兵官一","1","1","2"
"令冬月移驻河","1","1","2"
"冬月移驻河东","1","1","2"
"月移驻河东辽","1","1","2"
"移驻河东辽阳","1","1","2"
"驻河东辽阳适","1","1","2"
"河东辽阳适中","1","1","2"
"镇守宣府总兵","1","1","2"
"守宣府总兵官","1","1","2"
"宣府总兵官一","1","1","2"
"府总兵官一人","1","1","2"
"镇守大同总兵","1","1","2"
"守大同总兵官","1","1","2"
"大同总兵官一","1","1","2"
"同总兵官一人","1","1","2"
"镇守延绥总兵","1","1","2"
"守延绥总兵官","1","1","2"
"延绥总兵官一","1","1","2"
"绥总兵官一人","1","1","2"
"镇守宁夏总兵","1","1","2"
"守宁夏总兵官","1","1","2"
"宁夏总兵官一","1","1","2"
"夏总兵官一人","1","1","2"
"镇守陕西总兵","1","1","2"
"守陕西总兵官","1","1","2"
"陕西总兵官一","1","1","2"
"镇守四川总兵","1","1","2"
"守四川总兵官","1","1","2"
"四川总兵官一","1","1","2"
"川总兵官一人","1","1","2"
"镇守云南总兵","1","1","2"
"守云南总兵官","1","1","2"
"云南总兵官一","1","1","2"
"南总兵官一人","1","1","2"
"镇守贵州总兵","1","1","2"
"守贵州总兵官","1","1","2"
"贵州总兵官一","1","1","2"
"提督麻阳等处","1","1","2"
"督麻阳等处地","1","1","2"
"麻阳等处地方","1","1","2"
"阳等处地方职","1","1","2"
"等处地方职衔","1","1","2"
"镇守广西总兵","1","1","2"
"守广西总兵官","1","1","2"
"广西总兵官一","1","1","2"
"靖四十五年改","1","1","2"
"四十五年改设","1","1","2"
"镇守广东总兵","1","1","2"
"守广东总兵官","1","1","2"
"广东总兵官一","1","1","2"
"靖四十五年分","1","1","2"
"四十五年分设","1","1","2"
"镇守江南副总","1","1","2"
"守江南副总兵","1","1","2"
"江南副总兵一","1","1","2"
"南副总兵一人","1","1","2"
"镇守浙江总兵","1","1","2"
"守浙江总兵官","1","1","2"
"浙江总兵官一","1","1","2"
"江总兵官一人","1","1","2"
"靖三十四年设","1","1","2"
"总理浙直海防","1","1","2"
"运粮三百万石","1","1","2"
"粮七十五万五","1","1","2"
"七十五万五千","1","1","2"
"十五万五千六","1","1","2"
"五万五千六百","1","1","2"
"万五千六百石","1","1","2"
"粮三百二十四","1","1","2"
"三百二十四万","1","1","2"
"百二十四万四","1","1","2"
"二十四万四千","1","1","2"
"十四万四千四","1","1","2"
"四万四千四百","1","1","2"
"万四千四百石","1","1","2"
"三百三十万石","1","1","2"
"十七万七千七","1","1","2"
"七万七千七百","1","1","2"
"万七千七百石","1","1","2"
"万一千七百七","1","1","2"
"官军十二万人","1","1","2"
"御史王宗载请","1","1","2"
"遣工部侍郎潘","1","1","2"
"工部侍郎潘鉴","1","1","2"
"副都御史戴金","1","1","2"
"四川采办大木","1","1","2"
"广东采珠八千","1","1","2"
"东采珠八千两","1","1","2"
"浙江绍兴织染","1","1","2"
"江绍兴织染局","1","1","2"
"置泉州织造局","1","1","2"
"造内殿醮坛瓷","1","1","2"
"内殿醮坛瓷器","1","1","2"
"殿醮坛瓷器三","1","1","2"
"醮坛瓷器三万","1","1","2"
"添设饶州通判","1","1","2"
"专管御器厂烧","1","1","2"
"管御器厂烧造","1","1","2"
"钞二千八百贯","1","1","2"
"存留八十四万","1","1","2"
"留八十四万三","1","1","2"
"八十四万三千","1","1","2"
"十四万三千石","1","1","2"
"一二品官司提","1","1","2"
"二品官司提控","1","1","2"
"都吏二石五斗","1","1","2"
"令史二石二斗","1","1","2"
"三四品官司令","1","1","2"
"四品官司令史","1","1","2"
"月米二石五斗","1","1","2"
"月米一石五斗","1","1","2"
"三品二十六石","1","1","2"
"正四品二十四","1","1","2"
"四品二十四石","1","1","2"
"四品二十一石","1","1","2"
"正五品十六石","1","1","2"
"九品递减五斗","1","1","2"
"绢一匹抵钞二","1","1","2"
"匹折米二十石","2","0","2"
"天下卫所军士","1","1","2"
"步军总旗一石","1","1","2"
"军总旗一石五","1","1","2"
"总旗一石五斗","1","1","2"
"小旗一石二斗","1","1","2"
"总八百五十万","2","0","2"
"五十万七千余","1","1","2"
"十万七千余顷","1","1","2"
"河西务等七钞","1","1","2"
"西务等七钞关","1","1","2"
"钞二千九百二","1","1","2"
"二千九百二十","1","1","2"
"千九百二十八","1","1","2"
"九百二十八万","1","1","2"
"钱五千九百七","1","1","2"
"五千九百七十","1","1","2"
"千九百七十七","1","1","2"
"九百七十七万","1","1","2"
"京城九门钞六","1","1","2"
"城九门钞六十","1","1","2"
"九门钞六十六","1","1","2"
"门钞六十六万","1","1","2"
"钞六十六万五","1","1","2"
"六十六万五千","1","1","2"
"钱二百四十三","1","1","2"
"二百四十三万","1","1","2"
"密诸镇漕粮四","1","1","2"
"诸镇漕粮四百","1","1","2"
"镇漕粮四百万","1","1","2"
"漕粮四百万石","1","1","2"
"京卫屯豆二万","1","1","2"
"卫屯豆二万三","1","1","2"
"屯豆二万三千","1","1","2"
"二万三千馀石","2","0","2"
"银二十五万七","1","1","2"
"二十五万七千","1","1","2"
"十五万七千馀","2","0","2"
"马房仓麦豆草","1","1","2"
"房仓麦豆草折","1","1","2"
"大等马房子粒","1","1","2"
"等马房子粒银","1","1","2"
"马房子粒银二","1","1","2"
"房子粒银二万","1","1","2"
"子粒银二万三","1","1","2"
"粒银二万三千","1","1","2"
"二万三千馀两","2","0","2"
"银八十四万二","1","1","2"
"八十四万二千","1","1","2"
"官员折俸绢布","1","1","2"
"员折俸绢布银","1","1","2"
"折俸绢布银二","1","1","2"
"俸绢布银二十","1","1","2"
"绢布银二十六","1","1","2"
"布银二十六万","1","1","2"
"银二十六万八","1","1","2"
"十六万八千馀","2","0","2"
"六万八千馀两","2","0","2"
"御马三仓象马","1","1","2"
"马三仓象马等","1","1","2"
"三仓象马等房","1","1","2"
"商价十四万八","1","1","2"
"价十四万八千","1","1","2"
"十四万八千馀","2","0","2"
"四万八千馀两","2","0","2"
"湖广二布政司","1","1","2"
"十三万一千五","1","1","2"
"三万一千五百","1","1","2"
"万一千五百斤","1","1","2"
"漳县五十一万","1","1","2"
"县五十一万五","1","1","2"
"五十一万五千","1","1","2"
"十一万五千六","1","1","2"
"一万五千六百","1","1","2"
"万五千六百斤","1","1","2"
"灵州二百八十","1","1","2"
"州二百八十六","1","1","2"
"二百八十六万","1","1","2"
"百八十六万七","1","1","2"
"八十六万七千","1","1","2"
"十六万七千四","1","1","2"
"六万七千四百","1","1","2"
"万七千四百斤","1","1","2"
"广东小引生盐","1","1","2"
"东小引生盐三","1","1","2"
"小引生盐三万","1","1","2"
"小引熟盐三万","1","1","2"
"引熟盐三万四","1","1","2"
"熟盐三万四千","1","1","2"
"盐三万四千六","1","1","2"
"三万四千六百","1","1","2"
"海北小引正耗","1","1","2"
"北小引正耗盐","1","1","2"
"小引正耗盐一","1","1","2"
"引正耗盐一万","1","1","2"
"正耗盐一万二","1","1","2"
"耗盐一万二千","1","1","2"
"盐一万二千四","1","1","2"
"一万二千四百","1","1","2"
"辖盐课司十七","1","1","2"
"巡盐御史朱炳","1","1","2"
"副都御史耿九","1","1","2"
"御史耿九畴清","1","1","2"
"史耿九畴清理","1","1","2"
"耿九畴清理两","1","1","2"
"九畴清理两淮","1","1","2"
"增设副使一人","1","1","2"
"河州必里卫西","1","1","2"
"州必里卫西番","1","1","2"
"必里卫西番二","1","1","2"
"里卫西番二十","1","1","2"
"卫西番二十九","1","1","2"
"西番二十九族","1","1","2"
"纳马七千七百","1","1","2"
"纳马三千五十","2","0","2"
"马三千五十匹","2","0","2"
"万三千八百匹","1","1","2"
"定四川茶引五","1","1","2"
"四川茶引五万","1","1","2"
"川茶引五万道","1","1","2"
"税五升三合五","1","1","2"
"五升三合五勺","1","1","2"
"重租田八升五","1","1","2"
"租田八升五合","1","1","2"
"田八升五合五","1","1","2"
"八升五合五勺","1","1","2"
"官田一斗二升","1","1","2"
"纳二百五十石","1","1","2"
"历二十四年四","1","1","2"
"十四年四月己","1","1","2"
"四年四月己亥","1","1","2"
"十一年五月辛","1","1","2"
"一年五月辛丑","1","1","2"
"宣德九年六月","1","1","2"
"德九年六月甲","1","1","2"
"九年六月甲子","1","1","2"
"大祀坛外西门","1","1","2"
"祀坛外西门兽","1","1","2"
"坛外西门兽吻","1","1","2"
"二年四月庚子","1","1","2"
"毁神乐观祖师","1","1","2"
"神乐观祖师殿","1","1","2"
"雷击吉王府端","1","1","2"
"击吉王府端礼","1","1","2"
"吉王府端礼门","1","1","2"
"二年四月丙午","1","1","2"
"靖二年五月丁","1","1","2"
"四年七月己丑","1","1","2"
"雷击南京长安","1","1","2"
"击南京长安左","1","1","2"
"南京长安左门","1","1","2"
"京长安左门兽","1","1","2"
"长安左门兽吻","1","1","2"
"五年四月戊寅","1","1","2"
"雷击阜城门城","1","1","2"
"击阜城门城楼","1","1","2"
"阜城门城楼南","1","1","2"
"城门城楼南角","1","1","2"
"门城楼南角兽","1","1","2"
"城楼南角兽吻","1","1","2"
"六年七月壬子","1","1","2"
"雷击南京承天","1","1","2"
"击南京承天门","1","1","2"
"十六年八月壬","1","1","2"
"六年八月壬午","1","1","2"
"南京旧西安门","1","1","2"
"三十二年五月","1","1","2"
"十二年五月癸","1","1","2"
"二年五月癸酉","1","1","2"
"毁蓟镇松棚路","1","1","2"
"正统二年四月","1","1","2"
"成化三年七月","1","1","2"
"嘉靖三年六月","1","1","2"
"永乐十八年九","1","1","2"
"乐十八年九月","1","1","2"
"成化十七年六","1","1","2"
"化十七年六月","1","1","2"
"宣德元年十一","1","1","2"
"德元年十一月","1","1","2"
"锦衣卫校尉綦","1","1","2"
"衣卫校尉綦荣","1","1","2"
"隆庆二年十二","1","1","2"
"庆二年十二月","1","1","2"
"静乐男子李良","1","1","2"
"乐男子李良雨","1","1","2"
"十七年六月甲","1","1","2"
"七年六月甲申","1","1","2"
"靖二十九年二","1","1","2"
"十九年二月甲","1","1","2"
"九年二月甲子","1","1","2"
"隆庆州张山营","1","1","2"
"庆州张山营堡","1","1","2"
"州张山营堡山","1","1","2"
"十八年八月戊","1","1","2"
"八年八月戊戌","1","1","2"
"四十二年三月","1","1","2"
"十二年三月癸","1","1","2"
"二年三月癸卯","1","1","2"
"安丘县红河决","1","1","2"
"正统元年闰六","1","1","2"
"统元年闰六月","1","1","2"
"长安街水深五","1","1","2"
"安街水深五尺","1","1","2"
"洪武十年正月","1","1","2"
"武十年正月丁","1","1","2"
"十年正月丁酉","1","1","2"
"隆庆二年四月","1","1","2"
"历二十四年十","1","1","2"
"奉天殿门左右","1","1","2"
"龙鳞叶片装钉","1","1","2"
"亭高六尺七寸","1","1","2"
"高六尺七寸九","1","1","2"
"六尺七寸九分","1","1","2"
"长五尺八寸四","1","1","2"
"五尺八寸四分","1","1","2"
"长一丈九尺五","1","1","2"
"一丈九尺五寸","1","1","2"
"京官六部主事","1","1","2"
"吏部右侍郎章","1","1","2"
"部右侍郎章纶","1","1","2"
"史高明考察庶","2","0","2"
"高明考察庶官","2","0","2"
"直省都指挥使","1","1","2"
"省都指挥使二","1","1","2"
"都指挥使二十","1","1","2"
"指挥使二十一","1","1","2"
"群牧千户所二","1","1","2"
"牧千户所二百","1","1","2"
"赐徐阶教子升","1","1","2"
"徐阶教子升天","1","1","2"
"阶教子升天蟒","1","1","2"
"副都御史正三","1","1","2"
"都御史正三品","1","1","2"
"都御史正四品","1","1","2"
"十二道监察御","1","1","2"
"二道监察御史","1","1","2"
"道监察御史正","1","1","2"
"监察御史正七","1","1","2"
"察御史正七品","1","1","2"
"改设都御史一","1","1","2"
"设都御史一人","1","1","2"
"设御史二十八","1","1","2"
"御史二十八人","1","1","2"
"添设提督军务","1","1","2"
"提督军务巡抚","1","1","2"
"督军务巡抚凤","1","1","2"
"军务巡抚凤阳","1","1","2"
"务巡抚凤阳都","1","1","2"
"巡抚顺天等处","1","1","2"
"遣尚书石璞总","1","1","2"
"定设总督宣大","1","1","2"
"督两广军务理","2","0","2"
"两广军务理粮","2","0","2"
"广军务理粮饷","2","0","2"
"粮饷带管盐法","1","1","2"
"巡抚广东地方","1","1","2"
"抚广东地方一","1","1","2"
"广东地方一员","1","1","2"
"事中雷填巡抚","1","1","2"
"中雷填巡抚广","1","1","2"
"雷填巡抚广西","1","1","2"
"艾广巡抚广东","1","1","2"
"另设广东巡抚","1","1","2"
"云南等处军务","1","1","2"
"土官奢崇明反","1","1","2"
"广西五省总督","1","1","2"
"崇祯十四年设","1","1","2"
"崇祯十一年设","1","1","2"
"崇祯十六年设","1","1","2"
"始称总督河道","1","1","2"
"巡抚顺天等府","1","1","2"
"抚顺天等府地","1","1","2"
"顺天等府地方","1","1","2"
"抚保定等府提","1","1","2"
"保定等府提督","1","1","2"
"定等府提督紫","1","1","2"
"另设巡抚保定","1","1","2"
"始专设河南巡","1","1","2"
"专设河南巡抚","1","1","2"
"都御史郭智镇","1","1","2"
"御史郭智镇抚","1","1","2"
"史郭智镇抚宁","1","1","2"
"郭智镇抚宁夏","1","1","2"
"都御史贾谅镇","1","1","2"
"御史贾谅镇守","1","1","2"
"都御史赞理军","2","0","2"
"御史赞理军务","2","0","2"
"等处提督军务","1","1","2"
"春坊大学士正","1","1","2"
"坊大学士正五","1","1","2"
"大学士正五品","1","1","2"
"置资德院资德","1","1","2"
"资德院资德一","1","1","2"
"德院资德一人","1","1","2"
"大学士提调讲","1","1","2"
"学士提调讲读","1","1","2"
"士提调讲读官","1","1","2"
"设文渊阁待诏","1","1","2"
"国学诸生训导","1","1","2"
"国将军夫人冠","2","0","2"
"将军夫人冠服","2","0","2"
"监生三十八人","1","1","2"
"生三十八人隶","1","1","2"
"吏部四十一名","1","1","2"
"户部五十三名","1","1","2"
"大理寺二十八","1","1","2"
"理寺二十八名","1","1","2"
"五军都督府五","1","1","2"
"军都督府五十","1","1","2"
"都督府五十名","1","1","2"
"礼部写民情条","1","1","2"
"部写民情条例","1","1","2"
"写民情条例七","1","1","2"
"民情条例七十","1","1","2"
"情条例七十二","1","1","2"
"条例七十二名","1","1","2"
"光禄寺刷卷四","1","1","2"
"禄寺刷卷四名","1","1","2"
"兵部查马册三","1","1","2"
"部查马册三十","1","1","2"
"查马册三十名","1","1","2"
"工部大木厂二","1","1","2"
"部大木厂二十","1","1","2"
"大木厂二十名","1","1","2"
"后府磨算十名","1","1","2"
"定职官子孙荫","1","1","2"
"职官子孙荫叙","1","1","2"
"部设尚书二人","1","1","2"
"置北京行部尚","1","1","2"
"京行部尚书二","1","1","2"
"行部尚书二人","1","1","2"
"内会总科主事","1","1","2"
"会总科主事六","1","1","2"
"总科主事六人","1","1","2"
"外牵照科主事","1","1","2"
"牵照科主事二","1","1","2"
"照科主事二人","1","1","2"
"都察院经历司","1","1","2"
"大理寺左右司","1","1","2"
"中都留守司经","1","1","2"
"都留守司经历","1","1","2"
"留守司经历司","1","1","2"
"布政司经历司","1","1","2"
"通政司经历司","1","1","2"
"太常寺典簿厅","1","1","2"
"按察司经历司","1","1","2"
"天应天二府经","1","1","2"
"应天二府经历","1","1","2"
"天二府经历司","1","1","2"
"太仆寺主簿厅","1","1","2"
"盐运司经历司","1","1","2"
"苑马寺主簿厅","1","1","2"
"宣慰司经历司","1","1","2"
"鸿胪寺主簿厅","1","1","2"
"钦天监主簿厅","1","1","2"
"布政司照磨所","1","1","2"
"宣抚司经历司","1","1","2"
"应天二府照磨","1","1","2"
"天二府照磨所","1","1","2"
"国子监典籍厅","1","1","2"
"上林苑监典簿","1","1","2"
"林苑监典簿厅","1","1","2"
"留守司司狱司","1","1","2"
"按察司照磨所","1","1","2"
"王府长史司典","1","1","2"
"府长史司典簿","1","1","2"
"长史司典簿厅","1","1","2"
"增设武库司员","1","1","2"
"设武库司员外","1","1","2"
"武库司员外郎","1","1","2"
"库司员外郎一","1","1","2"
"四书五经大全","1","1","2"
"许投试翰林院","1","1","2"
"弘治十二年会","1","1","2"
"治十二年会试","1","1","2"
"少詹事程敏政","1","1","2"
"七年己丑会试","1","1","2"
"中陈燧等九十","1","1","2"
"陈燧等九十五","1","1","2"
"燧等九十五人","1","1","2"
"天启二年壬戌","1","1","2"
"启二年壬戌会","1","1","2"
"二年壬戌会试","1","1","2"
"大学士何宗彦","1","1","2"
"一尺二寸五分","1","1","2"
"挂征西将军印","1","1","2"
"东西北安门指","1","1","2"
"西北安门指挥","1","1","2"
"北安门指挥千","1","1","2"
"安门指挥千户","1","1","2"
"门指挥千户所","1","1","2"
"所承字东西北","2","0","2"
"承字东西北字","2","0","2"
"字东西北字号","2","0","2"
"檐桷青碧绘饰","2","0","2"
"十四年冬十月","1","1","2"
"丞相脱脱大败","1","1","2"
"时刘福通迎立","1","1","2"
"刘福通迎立韩","1","1","2"
"福通迎立韩山","1","1","2"
"通迎立韩山童","1","1","2"
"迎立韩山童子","1","1","2"
"兴国翼元帅府","1","1","2"
"青衣军张明鉴","1","1","2"
"弟厚孙守婺州","1","1","2"
"赵普胜陷池州","2","0","2"
"时耿炳文守长","1","1","2"
"耿炳文守长兴","1","1","2"
"二十年春二月","1","1","2"
"福建行省参政","1","1","2"
"建行省参政袁","1","1","2"
"行省参政袁天","1","1","2"
"省参政袁天禄","1","1","2"
"徐寿辉旧将欧","1","1","2"
"寿辉旧将欧普","1","1","2"
"辉旧将欧普祥","1","1","2"
"谅将张定边陷","2","0","2"
"友谅江西行省","1","1","2"
"谅江西行省丞","1","1","2"
"西行省丞相胡","1","1","2"
"行省丞相胡廷","1","1","2"
"省丞相胡廷瑞","1","1","2"
"胡廷瑞龙兴降","2","0","2"
"太平田租二年","1","1","2"
"附地田租三年","1","1","2"
"元都势孤援绝","1","1","2"
"广行省平章杨","1","1","2"
"参政张彬取广","1","1","2"
"政张彬取广西","1","1","2"
"张兴祖下东平","1","1","2"
"兖东州县相继","1","1","2"
"嘉靖十七年九","1","1","2"
"靖十七年九月","1","1","2"
"宣宗宪天崇道","1","1","2"
"宗宪天崇道英","1","1","2"
"宪天崇道英明","1","1","2"
"天崇道英明神","1","1","2"
"崇道英明神圣","1","1","2"
"道英明神圣钦","1","1","2"
"英明神圣钦文","1","1","2"
"明神圣钦文昭","1","1","2"
"神圣钦文昭武","1","1","2"
"圣钦文昭武宽","1","1","2"
"钦文昭武宽仁","1","1","2"
"文昭武宽仁纯","1","1","2"
"昭武宽仁纯孝","1","1","2"
"武宽仁纯孝章","1","1","2"
"宽仁纯孝章皇","1","1","2"
"仁纯孝章皇帝","1","1","2"
"母诚孝昭皇后","1","1","2"
"长史周忱六人","1","1","2"
"廖永忠征南将","2","0","2"
"永忠征南将军","2","0","2"
"福建滨海州县","1","1","2"
"封李文忠曹国","1","1","2"
"李文忠曹国公","1","1","2"
"常遇春子茂郑","1","1","2"
"遇春子茂郑国","1","1","2"
"春子茂郑国公","1","1","2"
"等侯者二十八","1","1","2"
"侯者二十八人","1","1","2"
"封中书右丞汪","1","1","2"
"中书右丞汪广","1","1","2"
"书右丞汪广洋","1","1","2"
"右丞汪广洋忠","1","1","2"
"丞汪广洋忠勤","1","1","2"
"汪广洋忠勤伯","1","1","2"
"史中丞刘基诚","1","1","2"
"中丞刘基诚意","1","1","2"
"丞刘基诚意伯","1","1","2"
"李文忠左副将","2","0","2"
"文忠左副将军","2","0","2"
"卫国公邓愈征","1","1","2"
"邓愈征南将军","2","0","2"
"江阴侯吴良副","2","0","2"
"国公李文忠总","1","1","2"
"后五军都督府","1","1","2"
"南雄侯赵庸镇","1","1","2"
"神宗范天合道","1","1","2"
"宗范天合道哲","1","1","2"
"范天合道哲肃","1","1","2"
"天合道哲肃敦","1","1","2"
"合道哲肃敦简","1","1","2"
"道哲肃敦简光","1","1","2"
"哲肃敦简光文","1","1","2"
"肃敦简光文章","1","1","2"
"敦简光文章武","1","1","2"
"简光文章武安","1","1","2"
"光文章武安仁","1","1","2"
"文章武安仁止","1","1","2"
"章武安仁止孝","1","1","2"
"武安仁止孝显","1","1","2"
"安仁止孝显皇","1","1","2"
"仁止孝显皇帝","1","1","2"
"大清太祖高皇","1","1","2"
"兵部尚书郑雒","1","1","2"
"部尚书郑雒经","1","1","2"
"尚书郑雒经略","1","1","2"
"书郑雒经略陕","1","1","2"
"郑雒经略陕西","1","1","2"
"雒经略陕西四","1","1","2"
"经略陕西四镇","1","1","2"
"都督佥事李宗","1","1","2"
"督佥事李宗城","1","1","2"
"指挥杨方亨封","1","1","2"
"挥杨方亨封平","1","1","2"
"杨方亨封平秀","1","1","2"
"方亨封平秀吉","1","1","2"
"织造中官孙隆","1","1","2"
"万历十年八月","1","1","2"
"前南京吏部侍","1","1","2"
"京吏部侍郎钱","1","1","2"
"吏部侍郎钱龙","1","1","2"
"部侍郎钱龙锡","1","1","2"
"礼部侍郎李标","1","1","2"
"吏部侍郎杨景","1","1","2"
"部侍郎杨景辰","1","1","2"
"礼部侍郎周道","1","1","2"
"部侍郎周道登","1","1","2"
"少詹事刘鸿训","1","1","2"
"苏杭织造太监","1","1","2"
"杭织造太监李","1","1","2"
"织造太监李实","1","1","2"
"应天巡抚周元","2","0","2"
"吏部主事周顺","1","1","2"
"部主事周顺昌","1","1","2"
"御史高名衡拒","2","0","2"
"兵部侍郎侯恂","1","1","2"
"部侍郎侯恂督","1","1","2"
"母孝慈高皇后","1","1","2"
"景隆横阵数十","1","1","2"
"隆横阵数十里","1","1","2"
"左军都督刘真","1","1","2"
"军都督刘真镇","1","1","2"
"节制陕西行都","1","1","2"
"制陕西行都司","1","1","2"
"仁宗敬天体道","1","1","2"
"宗敬天体道纯","1","1","2"
"敬天体道纯诚","1","1","2"
"德弘文钦武章","1","1","2"
"弘文钦武章圣","1","1","2"
"文钦武章圣达","1","1","2"
"钦武章圣达孝","1","1","2"
"武章圣达孝昭","1","1","2"
"章圣达孝昭皇","1","1","2"
"圣达孝昭皇帝","1","1","2"
"永乐二年二月","1","1","2"
"风宪官备外任","1","1","2"
"事中萧奇等三","1","1","2"
"中萧奇等三十","1","1","2"
"萧奇等三十五","1","1","2"
"奇等三十五人","1","1","2"
"北京行都察院","1","1","2"
"封瓦剌马哈木","1","1","2"
"同安侯火真副","2","0","2"
"西宁侯宋琥镇","1","1","2"
"潼关等五卫兵","1","1","2"
"关等五卫兵驻","1","1","2"
"等五卫兵驻宣","1","1","2"
"五卫兵驻宣府","1","1","2"
"河南三都指挥","1","1","2"
"南三都指挥使","1","1","2"
"三都指挥使司","1","1","2"
"武平等四卫兵","1","1","2"
"英宗法天立道","1","1","2"
"宗法天立道仁","1","1","2"
"法天立道仁明","1","1","2"
"天立道仁明诚","1","1","2"
"立道仁明诚敬","1","1","2"
"道仁明诚敬昭","1","1","2"
"仁明诚敬昭文","1","1","2"
"明诚敬昭文宪","1","1","2"
"诚敬昭文宪武","1","1","2"
"德广孝睿皇帝","1","1","2"
"部尚书王骥总","1","1","2"
"尚书王骥总督","1","1","2"
"书王骥总督军","1","1","2"
"广西总兵官安","1","1","2"
"西总兵官安远","1","1","2"
"官安远侯柳溥","1","1","2"
"广东贼黄萧养","1","1","2"
"东贼黄萧养作","1","1","2"
"贼黄萧养作乱","1","1","2"
"瓦剌汗脱脱花","2","0","2"
"都指挥同知杨","1","1","2"
"指挥同知杨能","1","1","2"
"挥同知杨能充","1","1","2"
"湖漕粮二百余","1","1","2"
"漕粮二百余万","1","1","2"
"粮二百余万石","1","1","2"
"吏部员外郎薛","1","1","2"
"部员外郎薛蕙","1","1","2"
"鸿胪少卿胡侍","1","1","2"
"永宁镇守中官","1","1","2"
"宪宗继天凝道","1","1","2"
"宗继天凝道诚","1","1","2"
"继天凝道诚明","1","1","2"
"天凝道诚明仁","1","1","2"
"凝道诚明仁敬","1","1","2"
"道诚明仁敬崇","1","1","2"
"诚明仁敬崇文","1","1","2"
"明仁敬崇文肃","1","1","2"
"仁敬崇文肃武","1","1","2"
"敬崇文肃武宏","1","1","2"
"崇文肃武宏德","1","1","2"
"文肃武宏德圣","1","1","2"
"肃武宏德圣孝","1","1","2"
"武宏德圣孝纯","1","1","2"
"宏德圣孝纯皇","1","1","2"
"德圣孝纯皇帝","1","1","2"
"十八年二月封","1","1","2"
"下右都御史耿","1","1","2"
"右都御史耿九","1","1","2"
"副都御史罗绮","1","1","2"
"工部侍郎徐贯","1","1","2"
"巡抚副都御史","1","1","2"
"抚副都御史何","1","1","2"
"副都御史何鉴","1","1","2"
"史何鉴经理南","1","1","2"
"何鉴经理南畿","1","1","2"
"鉴经理南畿水","1","1","2"
"经理南畿水利","1","1","2"
"刑部侍郎樊莹","1","1","2"
"部侍郎樊莹巡","1","1","2"
"郎樊莹巡视云","1","1","2"
"户部侍郎顾佐","1","1","2"
"守备鲁承恩等","1","1","2"
"备鲁承恩等战","1","1","2"
"鲁承恩等战死","1","1","2"
"节制诸路兵马","1","1","2"
"御史杨守谦提","1","1","2"
"史杨守谦提督","1","1","2"
"杨守谦提督军","1","1","2"
"守谦提督军务","1","1","2"
"左谕德赵贞吉","1","1","2"
"谕德赵贞吉宣","1","1","2"
"通州都御史王","1","1","2"
"州都御史王仪","1","1","2"
"参将赵倾葵等","1","1","2"
"将赵倾葵等战","1","1","2"
"赵倾葵等战死","1","1","2"
"巡抚侍郎胡宗","1","1","2"
"抚侍郎胡宗宪","1","1","2"
"侍郎胡宗宪总","1","1","2"
"郎胡宗宪总督","1","1","2"
"胡宗宪总督军","1","1","2"
"宗宪总督军务","1","1","2"
"犯海州东胜堡","1","1","2"
"守备祁谋战死","1","1","2"
"武宗承天达道","1","1","2"
"宗承天达道英","1","1","2"
"承天达道英肃","1","1","2"
"天达道英肃睿","1","1","2"
"达道英肃睿哲","1","1","2"
"道英肃睿哲昭","1","1","2"
"英肃睿哲昭德","1","1","2"
"肃睿哲昭德显","1","1","2"
"睿哲昭德显功","1","1","2"
"哲昭德显功弘","1","1","2"
"昭德显功弘文","1","1","2"
"德显功弘文思","1","1","2"
"显功弘文思孝","1","1","2"
"功弘文思孝毅","1","1","2"
"弘文思孝毅皇","1","1","2"
"文思孝毅皇帝","1","1","2"
"母孝康敬皇后","1","1","2"
"刘瑾掌司礼监","1","1","2"
"张永督十二团","1","1","2"
"永督十二团营","1","1","2"
"魏彬督三千营","1","1","2"
"抚都御史林俊","1","1","2"
"都御史林俊擒","1","1","2"
"都御史彭泽总","1","1","2"
"遗诏召兴献王","1","1","2"
"诏召兴献王长","1","1","2"
"召兴献王长子","1","1","2"
"太医院院判蒋","1","1","2"
"医院院判蒋宗","1","1","2"
"院院判蒋宗武","1","1","2"
"浙江布政使刘","1","1","2"
"江布政使刘福","1","1","2"
"布政使刘福下","1","1","2"
"政使刘福下西","1","1","2"
"使刘福下西厂","1","1","2"
"破松潘叠溪苗","1","1","2"
"京刑部侍郎金","1","1","2"
"刑部侍郎金绅","1","1","2"
"部侍郎金绅巡","1","1","2"
"侍郎金绅巡视","1","1","2"
"郎金绅巡视江","1","1","2"
"金绅巡视江西","1","1","2"
"绅巡视江西水","1","1","2"
"巡视江西水灾","1","1","2"
"户部侍郎李衍","1","1","2"
"侍郎何乔新巡","1","1","2"
"郎何乔新巡视","1","1","2"
"何乔新巡视边","1","1","2"
"乔新巡视边关","1","1","2"
"指挥姚英等战","1","1","2"
"挥姚英等战死","1","1","2"
"兵部侍郎齐泰","1","1","2"
"翰林院修撰黄","1","1","2"
"林院修撰黄子","1","1","2"
"院修撰黄子澄","1","1","2"
"追尊皇考曰孝","1","1","2"
"尊皇考曰孝康","1","1","2"
"皇考曰孝康皇","1","1","2"
"考曰孝康皇帝","1","1","2"
"妣常氏曰孝康","1","1","2"
"常氏曰孝康皇","1","1","2"
"氏曰孝康皇后","1","1","2"
"夏原吉等二十","1","1","2"
"原吉等二十四","1","1","2"
"吉等二十四人","1","1","2"
"命安陆侯吴杰","1","1","2"
"保定知府雒佥","1","1","2"
"定知府雒佥叛","1","1","2"
"知府雒佥叛降","1","1","2"
"府雒佥叛降燕","1","1","2"
"燕兵连陷东阿","1","1","2"
"东平吏目郑华","1","1","2"
"济阳教谕王省","1","1","2"
"阳教谕王省皆","1","1","2"
"苏州知府姚善","1","1","2"
"徽州知府陈彦","1","1","2"
"州知府陈彦回","1","1","2"
"乐平知县张彦","1","1","2"
"平知县张彦方","1","1","2"
"大清乾隆元年","1","1","2"
"衣指挥同知徐","1","1","2"
"指挥同知徐爵","1","1","2"
"挥同知徐爵居","1","1","2"
"兵部尚书梁梦","1","1","2"
"部尚书梁梦龙","1","1","2"
"兵部员外郎嵇","1","1","2"
"部员外郎嵇应","1","1","2"
"员外郎嵇应科","1","1","2"
"西提学副使陆","1","1","2"
"提学副使陆檄","1","1","2"
"河南参政戴光","1","1","2"
"南参政戴光启","1","1","2"
"礼部侍郎何雒","1","1","2"
"部侍郎何雒文","1","1","2"
"侍郎何雒文代","1","1","2"
"侍郎高启愚主","1","1","2"
"事中王士性等","1","1","2"
"南京郎中汪应","1","1","2"
"京郎中汪应蛟","1","1","2"
"劾锦衣都督刘","1","1","2"
"劾刑部尚书潘","1","1","2"
"事御史齐世臣","1","1","2"
"御史顾钤等连","1","1","2"
"巡按御史王业","1","1","2"
"按御史王业弘","1","1","2"
"劾礼部侍郎朱","1","1","2"
"部侍郎朱国祚","1","1","2"
"辱礼部侍郎敖","1","1","2"
"礼部侍郎敖文","1","1","2"
"部侍郎敖文祯","1","1","2"
"东厂太监卢受","1","1","2"
"部尚书赵焕调","1","1","2"
"尚书赵焕调浙","1","1","2"
"书赵焕调浙江","1","1","2"
"赵焕调浙江巡","1","1","2"
"焕调浙江巡按","1","1","2"
"调浙江巡按吕","1","1","2"
"浙江巡按吕图","1","1","2"
"江巡按吕图南","1","1","2"
"巡按吕图南补","1","1","2"
"事中周永春所","1","1","2"
"工部主事钟惺","1","1","2"
"中书舍人尹嘉","1","1","2"
"书舍人尹嘉宾","1","1","2"
"四十七年三月","1","1","2"
"维翰丧师辱国","1","1","2"
"考功郎陈显道","1","1","2"
"泰安州同知张","1","1","2"
"安州同知张寿","1","1","2"
"州同知张寿朋","1","1","2"
"奸民张礼等伪","1","1","2"
"礼等二十八人","1","1","2"
"家居十五年卒","2","0","2"
"吏部员外郎沈","1","1","2"
"陛下重惩科场","1","1","2"
"下重惩科场冒","1","1","2"
"遣寺丞钟化民","1","1","2"
"尚书曾同亨请","1","1","2"
"六科钟羽正等","1","1","2"
"中书舍人黄正","1","1","2"
"书舍人黄正宾","1","1","2"
"怀远堡李继迁","1","1","2"
"远堡李继迁寨","1","1","2"
"安塞马贼高迎","1","1","2"
"塞马贼高迎祥","1","1","2"
"饥民王大梁聚","1","1","2"
"民王大梁聚众","1","1","2"
"参政刘应遇击","1","1","2"
"参政洪承畴击","1","1","2"
"政洪承畴击破","1","1","2"
"洪承畴击破王","1","1","2"
"承畴击破王左","1","1","2"
"畴击破王左挂","1","1","2"
"延绥巡抚张梦","1","1","2"
"绥巡抚张梦鲸","1","1","2"
"兵部郎中李继","1","1","2"
"部郎中李继贞","1","1","2"
"请帑金十万振","2","0","2"
"孤山副将曹文","1","1","2"
"山副将曹文诏","1","1","2"
"献忠共三十六","1","1","2"
"忠共三十六营","1","1","2"
"张福臻代承畴","2","0","2"
"总督张宗衡分","1","1","2"
"兵官曹文诏率","1","1","2"
"官曹文诏率陕","1","1","2"
"曹文诏率陕西","1","1","2"
"文诏率陕西兵","1","1","2"
"大名道卢象升","1","1","2"
"邢台摩天岭西","1","1","2"
"台摩天岭西下","1","1","2"
"潞王上疏告急","1","1","2"
"监军太监杨进","1","1","2"
"军太监杨进朝","1","1","2"
"太监杨进朝信","1","1","2"
"会天寒河冰合","2","0","2"
"河南巡抚玄默","1","1","2"
"南巡抚玄默率","1","1","2"
"贼窜入卢氏山","1","1","2"
"窜入卢氏山中","1","1","2"
"间道直走内乡","1","1","2"
"卢象升抚治郧","1","1","2"
"象升抚治郧阳","1","1","2"
"所过州县具糗","2","0","2"
"大学士温体仁","1","1","2"
"固原道陆梦龙","1","1","2"
"山东巡抚朱大","1","1","2"
"东巡抚朱大典","1","1","2"
"献忠共十三家","1","1","2"
"忠共十三家七","1","1","2"
"共十三家七十","1","1","2"
"州判赵士宽战","1","1","2"
"判赵士宽战死","1","1","2"
"漕运都御史杨","1","1","2"
"运都御史杨一","1","1","2"
"都御史杨一鹏","1","1","2"
"古元真龙皇帝","1","1","2"
"令副总兵刘成","1","1","2"
"副总兵刘成功","1","1","2"
"河南巡抚陈必","1","1","2"
"南巡抚陈必谦","1","1","2"
"巡抚陈必谦督","1","1","2"
"卿李觉斯坚守","1","1","2"
"御史方震孺坚","1","1","2"
"史方震孺坚守","1","1","2"
"总兵官俞冲霄","1","1","2"
"兵官侯良柱战","1","1","2"
"官侯良柱战死","1","1","2"
"田见秀等十八","1","1","2"
"见秀等十八骑","1","1","2"
"总督郑崇俭发","1","1","2"
"督郑崇俭发兵","1","1","2"
"杀知县唐启泰","1","1","2"
"杀知县武大烈","1","1","2"
"知县徐日泰骂","1","1","2"
"县徐日泰骂贼","1","1","2"
"杞县举人李信","1","1","2"
"逆案中尚书李","1","1","2"
"案中尚书李精","1","1","2"
"中尚书李精白","1","1","2"
"福王常洵遇害","2","0","2"
"御史高名衡等","1","1","2"
"巡抚汪乔年调","1","1","2"
"抚汪乔年调兵","1","1","2"
"河南大将李国","1","1","2"
"南大将李国奇","1","1","2"
"杀副将刘国能","1","1","2"
"炮殪上天龙等","2","0","2"
"商丘知县梁樟","2","0","2"
"释故尚书侯恂","2","0","2"
"山东总兵刘泽","1","1","2"
"东总兵刘泽清","1","1","2"
"马守应称老回","1","1","2"
"守应称老回回","1","1","2"
"贺一龙称革里","1","1","2"
"一龙称革里眼","1","1","2"
"贺锦称左金王","1","1","2"
"刘希尧称争世","1","1","2"
"希尧称争世王","1","1","2"
"蔺养成称乱世","1","1","2"
"养成称乱世王","1","1","2"
"豫人所谓柿园","2","0","2"
"时大清兵南侵","1","1","2"
"连营五百余里","1","1","2"
"抚治都御史徐","1","1","2"
"白鬃大纛银浮","1","1","2"
"鬃大纛银浮屠","1","1","2"
"汝才妻妾数十","1","1","2"
"金星请先取河","1","1","2"
"星请先取河北","1","1","2"
"陈永福守新滩","1","1","2"
"失兵器辎重数","1","1","2"
"守将王根子开","1","1","2"
"将王根子开东","1","1","2"
"王根子开东门","1","1","2"
"顾君恩女乐一","1","1","2"
"君恩女乐一部","1","1","2"
"百姓望见黄龙","1","1","2"
"姓望见黄龙纛","1","1","2"
"甘肃巡抚林日","1","1","2"
"宗室三百余人","1","1","2"
"余应桂总督三","1","1","2"
"应桂总督三边","1","1","2"
"设天佑殿大学","1","1","2"
"天佑殿大学士","1","1","2"
"兵政侍郎杨王","1","1","2"
"政侍郎杨王休","1","1","2"
"令弘文馆学士","1","1","2"
"弘文馆学士李","1","1","2"
"文馆学士李化","1","1","2"
"馆学士李化鳞","1","1","2"
"学士李化鳞等","1","1","2"
"学士李建泰请","1","1","2"
"府县多望风送","1","1","2"
"县多望风送款","1","1","2"
"巡抚蔡懋德死","1","1","2"
"宁武总兵周遇","1","1","2"
"武总兵周遇吉","1","1","2"
"总兵周遇吉战","1","1","2"
"兵周遇吉战死","1","1","2"
"总兵朱三乐死","1","1","2"
"宫女魏氏投河","1","1","2"
"大学士魏藻德","1","1","2"
"学士魏藻德率","1","1","2"
"太监王德化叱","1","1","2"
"大学士陈演劝","1","1","2"
"少詹事梁绍阳","1","1","2"
"藻德等共八百","1","1","2"
"德等共八百余","1","1","2"
"等共八百余人","1","1","2"
"河南遍设官吏","1","1","2"
"巡抚路振飞发","1","1","2"
"抚路振飞发兵","1","1","2"
"山海关总兵吴","1","1","2"
"海关总兵吴三","1","1","2"
"关总兵吴三桂","1","1","2"
"伪将军左光先","1","1","2"
"下令安辑百姓","1","1","2"
"福王监国南京","2","0","2"
"保护懿安皇后","1","1","2"
"伪尚书张第元","1","1","2"
"顺治二年二月","1","1","2"
"龙驹寨走武冈","1","1","2"
"成留李过守寨","1","1","2"
"聚众三十六营","1","1","2"
"江北数千里地","1","1","2"
"江北贼贺一龙","1","1","2"
"王等四十余人","1","1","2"
"前锋罗岱射中","1","1","2"
"监军太监李继","1","1","2"
"军太监李继改","1","1","2"
"王光恩等十三","1","1","2"
"光恩等十三家","1","1","2"
"信兵部尚书杨","1","1","2"
"杀知县郝景春","1","1","2"
"十三家降贼一","1","1","2"
"三家降贼一时","1","1","2"
"湖广将张应元","2","0","2"
"女土司秦良玉","1","1","2"
"总兵官赵光远","1","1","2"
"参将刘士杰追","1","1","2"
"士杰游击郭开","2","0","2"
"一日夜驰三百","2","0","2"
"日夜驰三百里","2","0","2"
"杀督师使者道","2","0","2"
"杀郧襄道张克","1","1","2"
"郧襄道张克俭","1","1","2"
"凤阳总督高斗","1","1","2"
"阳总督高斗光","1","1","2"
"陈两姓土官悍","1","1","2"
"两姓土官悍勇","1","1","2"
"沔阳知州章旷","1","1","2"
"武昌生员程天","1","1","2"
"昌生员程天一","1","1","2"
"白云寨长易道","1","1","2"
"云寨长易道三","1","1","2"
"巡按刘熙祚奉","1","1","2"
"按刘熙祚奉吉","1","1","2"
"刘熙祚奉吉王","1","1","2"
"熙祚命中军护","1","1","2"
"败守道刘麟长","1","1","2"
"南京诸臣尊立","1","1","2"
"京诸臣尊立福","1","1","2"
"诸臣尊立福王","1","1","2"
"大学士王应熊","1","1","2"
"黎州土司马金","1","1","2"
"州土司马金坚","1","1","2"
"王明等数十人","1","1","2"
"穆宗朝内官监","1","1","2"
"隆庆元年二月","1","1","2"
"上林苑监增设","1","1","2"
"工部尚书雷礼","1","1","2"
"传造采办器物","1","1","2"
"肃藩辅国将军","1","1","2"
"尚宝丞郑履淳","1","1","2"
"隆庆元年提督","1","1","2"
"庆元年提督东","1","1","2"
"元年提督东厂","1","1","2"
"十三道御史刘","1","1","2"
"三道御史刘良","1","1","2"
"道御史刘良弼","1","1","2"
"御史刘良弼等","1","1","2"
"锦衣都督朱希","1","1","2"
"衣都督朱希孝","1","1","2"
"都督朱希孝等","1","1","2"
"疏荐座主潘晟","2","0","2"
"荐座主潘晟入","2","0","2"
"座主潘晟入阁","1","1","2"
"事中王继光相","1","1","2"
"中王继光相继","1","1","2"
"御史郭惟贤请","1","1","2"
"史郭惟贤请召","1","1","2"
"东宫旧阉张鲸","1","1","2"
"万历十六年冬","1","1","2"
"御史何光劾鲸","2","0","2"
"御史马象乾劾","2","0","2"
"劾大学士申时","1","1","2"
"京兵部尚书吴","1","1","2"
"兵部尚书吴文","1","1","2"
"部尚书吴文华","1","1","2"
"尚书吴文华率","1","1","2"
"京吏部尚书陆","1","1","2"
"申时行等毓德","2","0","2"
"时行等毓德宫","2","0","2"
"房山县民史锦","1","1","2"
"山县民史锦奏","1","1","2"
"县民史锦奏请","1","1","2"
"民史锦奏请开","1","1","2"
"史锦奏请开矿","1","1","2"
"奉敕开采山东","1","1","2"
"知县吴宗尧抗","1","1","2"
"临清税监马堂","1","1","2"
"清税监马堂相","1","1","2"
"税监马堂相争","1","1","2"
"内阁中书程守","1","1","2"
"阁中书程守训","1","1","2"
"中军官仝治等","1","1","2"
"盐务少监鲁保","1","1","2"
"凤阳巡抚李三","1","1","2"
"阳巡抚李三才","1","1","2"
"历二十七年二","1","1","2"
"二十七年二月","1","1","2"
"富平知县王正","1","1","2"
"平知县王正志","1","1","2"
"渭南知县徐斗","1","1","2"
"南知县徐斗牛","1","1","2"
"咸阳冰片五十","1","1","2"
"阳冰片五十斤","1","1","2"
"咸宁知县朝荐","1","1","2"
"朝荐承余御史","1","1","2"
"侍郎吕坤所著","1","1","2"
"魏允贞等九人","1","1","2"
"三十一年十一","1","1","2"
"十一年十一月","1","1","2"
"一年十一月甲","1","1","2"
"年十一月甲子","1","1","2"
"三边总督李汶","1","1","2"
"保定巡抚孙玮","1","1","2"
"首辅沈一贯欲","2","0","2"
"管事牌子常云","1","1","2"
"事牌子常云独","1","1","2"
"贵妃谋立己子","2","0","2"
"客中书舍人汪","1","1","2"
"中书舍人汪文","1","1","2"
"书舍人汪文言","1","1","2"
"中外翕然称贤","2","0","2"
"御史左光斗等","1","1","2"
"天启元年五月","1","1","2"
"刑部主事刘宗","1","1","2"
"部主事刘宗周","1","1","2"
"主事刘宗周首","1","1","2"
"赖大学士叶向","1","1","2"
"顾宪成讲学东","2","0","2"
"宪成讲学东林","2","0","2"
"海内士大夫多","1","1","2"
"时御史李应升","1","1","2"
"劾忠贤二十四","2","0","2"
"京兵部尚书陈","1","1","2"
"兵部尚书陈道","1","1","2"
"部尚书陈道亨","1","1","2"
"侍郎岳元声等","1","1","2"
"郎岳元声等七","1","1","2"
"岳元声等七十","1","1","2"
"元声等七十余","1","1","2"
"声等七十余人","1","1","2"
"礼部尚书翁正","1","1","2"
"部尚书翁正春","1","1","2"
"尚书翁正春请","1","1","2"
"工部主事曹钦","1","1","2"
"部主事曹钦程","1","1","2"
"主事曹钦程等","1","1","2"
"杨涟等二十余","1","1","2"
"涟等二十余人","1","1","2"
"顾大章等六人","1","1","2"
"侍郎公鼐等五","1","1","2"
"郎公鼐等五十","1","1","2"
"公鼐等五十余","1","1","2"
"鼐等五十余人","1","1","2"
"中书吴怀贤读","1","1","2"
"书吴怀贤读杨","1","1","2"
"吴怀贤读杨涟","1","1","2"
"治前应天巡抚","1","1","2"
"捕颜佩韦等五","1","1","2"
"颜佩韦等五人","1","1","2"
"刑部尚书徐兆","1","1","2"
"部尚书徐兆魁","1","1","2"
"尚书徐兆魁治","1","1","2"
"辽阳男子武长","1","1","2"
"阳男子武长春","1","1","2"
"吏部尚书王绍","1","1","2"
"部尚书王绍徽","1","1","2"
"尚书王绍徽请","1","1","2"
"仓场总督薛贞","1","1","2"
"评事许志吉先","1","1","2"
"事许志吉先后","1","1","2"
"都督张体乾诬","1","1","2"
"州知府刘铎代","1","1","2"
"知府刘铎代李","1","1","2"
"府刘铎代李承","1","1","2"
"刘铎代李承恩","1","1","2"
"御史门克新诬","1","1","2"
"大权一归忠贤","2","0","2"
"梁栋等三十余","1","1","2"
"栋等三十余人","1","1","2"
"倪文焕主谋议","1","1","2"
"吏部尚书周应","1","1","2"
"部尚书周应秋","1","1","2"
"少卿曹钦程等","1","1","2"
"顺天府丞刘志","1","1","2"
"天府丞刘志选","1","1","2"
"工部尚书薛凤","1","1","2"
"部尚书薛凤翔","1","1","2"
"刑部尚书薛贞","1","1","2"
"蕃育署丞张永","1","1","2"
"育署丞张永祚","1","1","2"
"希孟世袭锦衣","1","1","2"
"蓟州道胡士容","1","1","2"
"丰城侯李永祚","1","1","2"
"大学士黄立极","1","1","2"
"孙鹏翼安平伯","2","0","2"
"呈秀兵部尚书","2","0","2"
"兵部尚书左都","2","0","2"
"部尚书左都御","2","0","2"
"尚书左都御史","2","0","2"
"员外郎史躬盛","1","1","2"
"嘉兴贡生钱嘉","1","1","2"
"大学士韩爌等","2","0","2"
"韩爌等定逆案","2","0","2"
"杨涟劾忠贤疏","2","0","2"
"涟劾忠贤疏上","2","0","2"
"庄烈帝定逆案","1","1","2"
"子侯国兴授读","1","1","2"
"贵妃宫中内侍","2","0","2"
"文升受贵妃指","1","1","2"
"御史郑宗周等","1","1","2"
"文升总督漕运","1","1","2"
"崇祯四年九月","1","1","2"
"冯元飙等十余","1","1","2"
"元飙等十余人","1","1","2"
"尚书闵洪学率","1","1","2"
"南京侍郎吕维","1","1","2"
"京侍郎吕维祺","1","1","2"
"礼部侍郎李孙","1","1","2"
"部侍郎李孙宸","1","1","2"
"工部侍郎高弘","1","1","2"
"部侍郎高弘图","1","1","2"
"工部尚书周士","1","1","2"
"部尚书周士朴","1","1","2"
"劾巡按御史胡","1","1","2"
"巡按御史胡良","1","1","2"
"按御史胡良机","1","1","2"
"事中傅朝佑言","2","0","2"
"御史王志道言","2","0","2"
"命太监陈大金","1","1","2"
"入大帅曹文诏","1","1","2"
"时兵部尚书张","1","1","2"
"宣大总督梁廷","1","1","2"
"大总督梁廷栋","1","1","2"
"永平道刘景耀","1","1","2"
"总督卢象升孤","1","1","2"
"督卢象升孤军","1","1","2"
"卢象升孤军战","1","1","2"
"杜勋骂贼殉难","1","1","2"
"太监曹化淳名","1","1","2"
"监曹化淳名下","1","1","2"
"命承恩提督京","1","1","2"
"承恩提督京营","1","1","2"
"命总监保定军","1","1","2"
"总监保定军务","1","1","2"
"同知邵宗元等","1","1","2"
"掌印太监高时","1","1","2"
"印太监高时明","1","1","2"
"秉笔太监李凤","1","1","2"
"笔太监李凤翔","1","1","2"
"提督诸监局太","1","1","2"
"督诸监局太监","1","1","2"
"诸监局太监褚","1","1","2"
"监局太监褚宪","1","1","2"
"局太监褚宪章","1","1","2"
"置军民总管府","1","1","2"
"遣征南将军颍","1","1","2"
"征南将军颍川","1","1","2"
"南将军颍川侯","1","1","2"
"左副将军永昌","1","1","2"
"副将军永昌侯","1","1","2"
"右副将军西平","1","1","2"
"分遣都督胡海","2","0","2"
"都督胡海洋等","1","1","2"
"安陆侯吴复总","2","0","2"
"陆侯吴复总兵","2","0","2"
"府隶四川布政","2","0","2"
"易马六千五百","1","1","2"
"马六千五百匹","1","1","2"
"乌撒知府阿能","1","1","2"
"宁侯叶升等分","1","1","2"
"五千五百三十","1","1","2"
"千五百三十八","1","1","2"
"五百三十八人","1","1","2"
"乌撒知府卜穆","1","1","2"
"乌蒙军民府知","1","1","2"
"蒙军民府知府","1","1","2"
"军民府知府实","1","1","2"
"民府知府实哲","1","1","2"
"兵部侍郎王骥","1","1","2"
"乌蒙儒学教授","1","1","2"
"秀子弟入学读","1","1","2"
"子弟入学读书","1","1","2"
"乌撒知府陇旧","1","1","2"
"撒知府陇旧等","1","1","2"
"闰七月二十七","1","1","2"
"七月二十七日","1","1","2"
"死者三百余人","2","0","2"
"部僰蛮阿磉等","2","0","2"
"芒部土舍陇寿","1","1","2"
"贵州参政傅习","1","1","2"
"督永宁宣抚司","1","1","2"
"司女土官奢爵","1","1","2"
"女土官奢爵等","1","1","2"
"磉等四十三人","1","1","2"
"斩一百十九级","2","0","2"
"芒部护印土舍","1","1","2"
"部护印土舍陇","1","1","2"
"护印土舍陇寿","1","1","2"
"撒土舍安宁等","1","1","2"
"坝底参将何卿","1","1","2"
"发土兵二万五","1","1","2"
"土兵二万五千","1","1","2"
"贵州参将杨仁","1","1","2"
"州参将杨仁等","1","1","2"
"斩首二百余级","2","0","2"
"生擒一百六十","1","1","2"
"擒一百六十七","1","1","2"
"一百六十七人","1","1","2"
"白乌石等四十","1","1","2"
"乌石等四十九","1","1","2"
"御史王廷相任","1","1","2"
"总兵牛桓调兵","1","1","2"
"泸州守备丁勇","1","1","2"
"四川巡抚唐凤","1","1","2"
"川巡抚唐凤仪","1","1","2"
"怀德长官阿济","1","1","2"
"德长官阿济等","1","1","2"
"嘉靖九年四月","1","1","2"
"东川土知府禄","1","1","2"
"川土知府禄庆","1","1","2"
"土知府禄庆死","1","1","2"
"结乌撒土官安","1","1","2"
"乌撒土官安泰","1","1","2"
"贵州宣慰安万","1","1","2"
"州宣慰安万铨","1","1","2"
"沾益州土官安","2","0","2"
"罗雄土官者浚","2","0","2"
"九鼎治兵相攻","2","0","2"
"云南巡抚游居","1","1","2"
"南巡抚游居敬","1","1","2"
"心腹母勒阿济","1","1","2"
"腹母勒阿济等","1","1","2"
"时巡按邓氵美","1","1","2"
"实卜乌撒土知","1","1","2"
"卜乌撒土知府","1","1","2"
"阿哥沾益土知","1","1","2"
"哥沾益土知州","1","1","2"
"女土官安素仪","1","1","2"
"士民连名上奏","1","1","2"
"始祖陇飞沙献","1","1","2"
"乌撒土舍安效","1","1","2"
"撒土舍安效良","1","1","2"
"贵州巡按御史","1","1","2"
"州巡按御史杨","1","1","2"
"巡按御史杨鹤","1","1","2"
"云南抚按沈儆","1","1","2"
"巡抚闵洪学所","1","1","2"
"宣抚使沙源等","1","1","2"
"抚使沙源等督","1","1","2"
"四川巡抚差官","1","1","2"
"川巡抚差官李","1","1","2"
"巡抚差官李友","1","1","2"
"抚差官李友芝","1","1","2"
"云南巡抚谢存","1","1","2"
"南巡抚谢存仁","1","1","2"
"总督朱燮元调","1","1","2"
"督朱燮元调集","1","1","2"
"立罗罗斯宣慰","1","1","2"
"罗罗斯宣慰司","1","1","2"
"置建昌卫指挥","1","1","2"
"昌卫指挥使司","1","1","2"
"平章月鲁帖木","1","1","2"
"贡马一百八十","1","1","2"
"马一百八十匹","1","1","2"
"绵布一百六十","1","1","2"
"钞二千四百四","1","1","2"
"二千四百四十","1","1","2"
"千四百四十锭","1","1","2"
"故土官安思正","1","1","2"
"贡马九十九匹","1","1","2"
"诏授师克知府","1","1","2"
"僧保等四十二","1","1","2"
"保等四十二人","1","1","2"
"指挥佥事鲁毅","1","1","2"
"挥佥事鲁毅率","1","1","2"
"遣壮士王旱突","1","1","2"
"总兵官凉国公","1","1","2"
"兵官凉国公蓝","1","1","2"
"官凉国公蓝玉","1","1","2"
"川都指挥使瞿","1","1","2"
"都指挥使瞿能","1","1","2"
"伪千户段太平","1","1","2"
"千户段太平等","1","1","2"
"指挥同知徐凯","1","1","2"
"挥同知徐凯分","1","1","2"
"同知徐凯分兵","1","1","2"
"入普济州搜捕","1","1","2"
"柏兴州贾哈喇","1","1","2"
"兴州贾哈喇境","1","1","2"
"州贾哈喇境内","1","1","2"
"置军民指挥使","1","1","2"
"四川行都指挥","1","1","2"
"川行都指挥使","1","1","2"
"永乐元年复置","2","0","2"
"权知州杨者七","1","1","2"
"置茂州卫指挥","1","1","2"
"茂州卫指挥使","1","1","2"
"茂州核桃沟上","1","1","2"
"四川巡抚李尚","1","1","2"
"川巡抚李尚忠","1","1","2"
"洪武十五年归","2","0","2"
"武十五年归附","2","0","2"
"置吐蕃宣慰司","1","1","2"
"平羌将军御史","1","1","2"
"羌将军御史大","1","1","2"
"将军御史大夫","1","1","2"
"军御史大夫丁","1","1","2"
"置松州卫指挥","1","1","2"
"松州卫指挥使","1","1","2"
"宁州卫指挥高","1","1","2"
"州卫指挥高显","1","1","2"
"置十三族长官","1","1","2"
"松潘八积族老","1","1","2"
"潘八积族老虎","1","1","2"
"八积族老虎等","1","1","2"
"景川侯曹震请","1","1","2"
"松潘等处军民","1","1","2"
"潘等处军民指","1","1","2"
"等处军民指挥","1","1","2"
"处军民指挥使","1","1","2"
"都指挥佥事蒋","1","1","2"
"指挥佥事蒋贵","1","1","2"
"同松潘卫指挥","1","1","2"
"护卫官校七千","1","1","2"
"卫官校七千人","1","1","2"
"指挥佥事方政","1","1","2"
"王翱参赞军务","2","0","2"
"都指挥赵谅所","1","1","2"
"指挥赵谅所陷","1","1","2"
"潘指挥佥事王","1","1","2"
"指挥佥事王杲","1","1","2"
"刑部左侍郎罗","1","1","2"
"部左侍郎罗绮","1","1","2"
"左侍郎罗绮等","1","1","2"
"指挥周贵等统","1","1","2"
"松潘总兵许贵","1","1","2"
"斩首一千一百","1","1","2"
"首一千一百余","1","1","2"
"一千一百余级","1","1","2"
"兵备副使沈琮","1","1","2"
"备副使沈琮督","1","1","2"
"斩获夜合等三","1","1","2"
"获夜合等三十","1","1","2"
"夜合等三十六","1","1","2"
"潘指挥佥事尧","1","1","2"
"剿白马路水土","1","1","2"
"思曩日安抚等","1","1","2"
"曩日安抚等十","1","1","2"
"日安抚等十六","1","1","2"
"安抚等十六族","1","1","2"
"都指挥佥事李","1","1","2"
"指挥佥事李镐","1","1","2"
"鹅饮溪等三十","1","1","2"
"饮溪等三十一","1","1","2"
"商巴等二十六","1","1","2"
"命都督佥事何","2","0","2"
"都督佥事何卿","1","1","2"
"何卿镇守松潘","1","1","2"
"会巡抚张时彻","2","0","2"
"巡抚张时彻讨","2","0","2"
"抚张时彻讨擒","2","0","2"
"张时彻讨擒渠","2","0","2"
"时彻讨擒渠恶","2","0","2"
"彻讨擒渠恶数","2","0","2"
"讨擒渠恶数人","2","0","2"
"克营寨四十七","1","1","2"
"毁碉房四千八","2","0","2"
"碉房四千八百","2","0","2"
"置松潘安抚司","1","1","2"
"土知州薛忠义","1","1","2"
"临邛进士薛严","1","1","2"
"兵备佥事赵教","1","1","2"
"母党二十二人","2","0","2"
"属土番等处宣","2","0","2"
"全六番招讨使","1","1","2"
"六番招讨使高","1","1","2"
"番招讨使高英","1","1","2"
"芽茶二千二百","1","1","2"
"茶二千二百斤","1","1","2"
"招讨高文林父","1","1","2"
"讨高文林父子","1","1","2"
"副招讨杨世仁","1","1","2"
"置黎州长官司","1","1","2"
"袭邛部州六番","1","1","2"
"邛部州六番招","1","1","2"
"部州六番招讨","1","1","2"
"州六番招讨使","1","1","2"
"四川布政司招","1","1","2"
"弘治十四年命","1","1","2"
"时参将吴文杰","1","1","2"
"大渡河千户所","1","1","2"
"四千八百四十","1","1","2"
"大渡河守御千","1","1","2"
"渡河守御千户","1","1","2"
"河守御千户所","1","1","2"
"永乐三年六月","1","1","2"
"士卒二万七千","1","1","2"
"卒二万七千八","1","1","2"
"二万七千八百","1","1","2"
"七千八百余人","1","1","2"
"福建五虎门扬","1","1","2"
"建五虎门扬帆","1","1","2"
"国王亚烈苦柰","1","1","2"
"生擒亚烈苦柰","1","1","2"
"前伪王子苏干","1","1","2"
"伪王子苏干剌","1","1","2"
"古里等十九国","1","1","2"
"旧港酋长施济","1","1","2"
"港酋长施济孙","1","1","2"
"酋长施济孙请","1","1","2"
"宣德五年六月","1","1","2"
"忽鲁谟斯等十","1","1","2"
"鲁谟斯等十七","1","1","2"
"谟斯等十七国","1","1","2"
"传三保太监下","1","1","2"
"三保太监下西","1","1","2"
"保太监下西洋","1","1","2"
"驸马都尉沐昕","1","1","2"
"仪仗鞍马什器","1","1","2"
"仗鞍马什器多","1","1","2"
"万行具足十方","1","1","2"
"胜圆觉妙智慧","1","1","2"
"圆觉妙智慧善","1","1","2"
"觉妙智慧善普","1","1","2"
"妙智慧善普应","1","1","2"
"大宝法王西天","1","1","2"
"宝法王西天大","1","1","2"
"法王西天大善","1","1","2"
"四百六十余人","1","1","2"
"正统十四年夏","1","1","2"
"徐珵倡议南迁","1","1","2"
"景泰元年十一","1","1","2"
"泰元年十一月","1","1","2"
"王文谋立外藩","2","0","2"
"祭酒李时勉素","1","1","2"
"时勉荷校国子","2","0","2"
"勉荷校国子监","2","0","2"
"荷校国子监门","2","0","2"
"驸马都尉石璟","2","0","2"
"霸州知州张需","1","1","2"
"州知州张需禁","1","1","2"
"知州张需禁饬","1","1","2"
"州张需禁饬牧","1","1","2"
"张需禁饬牧马","1","1","2"
"需禁饬牧马校","1","1","2"
"禁饬牧马校卒","1","1","2"
"锦衣卫卒王永","1","1","2"
"衣卫卒王永心","1","1","2"
"金银六十余库","1","1","2"
"吏部尚书王翱","1","1","2"
"杀都御史寇深","1","1","2"
"正统十四年冬","1","1","2"
"巡按御史刘孜","1","1","2"
"御马监王敏请","1","1","2"
"结太监韦舍私","1","1","2"
"南京镇监覃力","1","1","2"
"京镇监覃力朋","1","1","2"
"叔父兵部主事","1","1","2"
"臣等同心一意","1","1","2"
"千户吴绶镇抚","2","0","2"
"程万里等数十","1","1","2"
"万里等数十人","1","1","2"
"骑日驰数百里","1","1","2"
"兵部侍郎马文","1","1","2"
"部侍郎马文升","1","1","2"
"直威势倾天下","1","1","2"
"辽东巡按强珍","1","1","2"
"大同巡抚郭镗","1","1","2"
"陕西巡抚郑时","1","1","2"
"分守湖广行都","1","1","2"
"守湖广行都司","1","1","2"
"湖广行都司地","1","1","2"
"广行都司地方","1","1","2"
"贵州巡抚陈宣","1","1","2"
"云南巡按御史","1","1","2"
"南巡按御史郭","1","1","2"
"巡按御史郭阳","1","1","2"
"遣指挥使郭景","1","1","2"
"抚都御史王恕","1","1","2"
"巡按御史甄希","1","1","2"
"按御史甄希贤","1","1","2"
"守矿千户一人","1","1","2"
"广东市舶太监","1","1","2"
"广南均徭户六","1","1","2"
"南均徭户六十","1","1","2"
"白金十万余两","1","1","2"
"充孝陵卫净军","2","0","2"
"宁侯张鹤龄兄","1","1","2"
"侯张鹤龄兄弟","1","1","2"
"鹤龄兄弟入宫","1","1","2"
"进士吴宗周先","1","1","2"
"士吴宗周先后","1","1","2"
"太监李广杖杀","1","1","2"
"司礼太监萧敬","2","0","2"
"南京御史姜绾","1","1","2"
"京御史姜绾等","1","1","2"
"奏户部主事卢","1","1","2"
"户部主事卢锦","1","1","2"
"府尹杨守随勘","1","1","2"
"大理寺少卿杨","1","1","2"
"理寺少卿杨谧","1","1","2"
"御史张宾先后","1","1","2"
"部尚书韩文率","1","1","2"
"正德元年十月","1","1","2"
"南京事中戴铣","2","0","2"
"事中戴铣等六","1","1","2"
"中戴铣等六人","1","1","2"
"史薄彦徽等十","1","1","2"
"薄彦徽等十五","1","1","2"
"彦徽等十五人","1","1","2"
"守备南京武靖","1","1","2"
"备南京武靖伯","1","1","2"
"南京武靖伯赵","1","1","2"
"京武靖伯赵承","1","1","2"
"武靖伯赵承庆","1","1","2"
"南京副都御史","1","1","2"
"京副都御史陈","1","1","2"
"一千五百六十","1","1","2"
"千五百六十余","1","1","2"
"礼部司务孙聪","1","1","2"
"授播州土司杨","1","1","2"
"播州土司杨斌","1","1","2"
"巡盐御史王润","1","1","2"
"御史欧阳云等","1","1","2"
"史欧阳云等十","1","1","2"
"欧阳云等十余","1","1","2"
"阳云等十余人","1","1","2"
"御史十四人分","1","1","2"
"史十四人分道","1","1","2"
"浙江盐运使杨","1","1","2"
"江盐运使杨奇","1","1","2"
"礼部侍郎黄景","1","1","2"
"侍讲吴一鹏等","1","1","2"
"讲吴一鹏等十","1","1","2"
"吴一鹏等十六","1","1","2"
"一鹏等十六人","1","1","2"
"锦衣卫指挥杨","1","1","2"
"衣卫指挥杨玉","1","1","2"
"令天下巡抚入","1","1","2"
"天下巡抚入京","1","1","2"
"延绥巡抚刘宇","1","1","2"
"宣府巡抚陆完","1","1","2"
"王尚宾等三人","1","1","2"
"祭酒王云凤请","1","1","2"
"兵仗局太监孙","1","1","2"
"两广镇监潘午","1","1","2"
"吏部二十四事","1","1","2"
"户部三十余事","1","1","2"
"都督同知景祥","1","1","2"
"督同知景祥死","1","1","2"
"将八月十五日","2","0","2"
"部尚书王敞等","1","1","2"
"兵部尚书何鉴","1","1","2"
"部尚书何鉴乞","1","1","2"
"欲纵宸濠鄱阳","2","0","2"
"时太监张忠等","1","1","2"
"尽撤天下镇守","2","0","2"
"天下镇守内臣","2","0","2"
"都指挥哑失帖","1","1","2"
"指挥哑失帖木","1","1","2"
"罪状颁示天下","1","1","2"
"外戚会昌侯孙","1","1","2"
"戚会昌侯孙继","1","1","2"
"会昌侯孙继宗","1","1","2"
"昌侯孙继宗兄","1","1","2"
"侯孙继宗兄弟","1","1","2"
"都指挥朱谅等","1","1","2"
"指挥朱谅等七","1","1","2"
"挥朱谅等七十","1","1","2"
"朱谅等七十六","1","1","2"
"谅等七十六人","1","1","2"
"弘农卫千户陈","1","1","2"
"农卫千户陈安","1","1","2"
"巡按御史邢宥","1","1","2"
"外戚都指挥孙","1","1","2"
"戚都指挥孙绍","1","1","2"
"都指挥孙绍宗","1","1","2"
"军士六十七人","1","1","2"
"士六十七人冒","1","1","2"
"六十七人冒讨","1","1","2"
"窃户部山西司","1","1","2"
"巡城御史徐茂","1","1","2"
"事中程万里等","1","1","2"
"中程万里等五","1","1","2"
"程万里等五人","1","1","2"
"劾南京户部侍","1","1","2"
"京户部侍郎马","1","1","2"
"户部侍郎马谅","1","1","2"
"左都御史石璞","1","1","2"
"府忻城伯赵荣","1","1","2"
"都督同知范雄","1","1","2"
"奏知州秦永昌","1","1","2"
"后巡按御史吴","1","1","2"
"巡按御史吴琬","1","1","2"
"按御史吴琬等","1","1","2"
"御史吴琬等四","1","1","2"
"史吴琬等四人","1","1","2"
"陕西督储参政","1","1","2"
"西督储参政娄","1","1","2"
"督储参政娄良","1","1","2"
"广参议李孟芳","1","1","2"
"陕西按察使钱","1","1","2"
"西按察使钱博","1","1","2"
"福建佥事包瑛","1","1","2"
"陕西佥事李观","1","1","2"
"四川巡按田斌","1","1","2"
"云南巡按张祚","1","1","2"
"清军御史程万","1","1","2"
"军御史程万钟","1","1","2"
"刑部郎中冯维","1","1","2"
"布政使孙毓等","1","1","2"
"政使孙毓等八","1","1","2"
"使孙毓等八人","1","1","2"
"妾父千户王钦","1","1","2"
"东宫局丞王纶","1","1","2"
"宫局丞王纶必","1","1","2"
"都指挥牛循等","1","1","2"
"指挥牛循等九","1","1","2"
"挥牛循等九人","1","1","2"
"广西南丹卫充","1","1","2"
"西南丹卫充军","1","1","2"
"布政司吏待选","1","1","2"
"政司吏待选京","1","1","2"
"司吏待选京职","1","1","2"
"江西人赤心报","1","1","2"
"西人赤心报国","1","1","2"
"副都御史刘敷","1","1","2"
"礼部郎中黄景","1","1","2"
"京兵部侍郎尹","1","1","2"
"兵部侍郎尹直","1","1","2"
"工部尚书李裕","1","1","2"
"执政大臣万安","1","1","2"
"顺天府丞杨守","1","1","2"
"天府丞杨守随","1","1","2"
"吏部奏通政使","1","1","2"
"岳州通判沈政","1","1","2"
"敛天下货财充","1","1","2"
"坐交结近侍律","2","0","2"
"僧录司左觉义","1","1","2"
"通元翊教广善","1","1","2"
"元翊教广善国","1","1","2"
"翊教广善国师","1","1","2"
"员外郎林俊请","1","1","2"
"空名度牒五百","1","1","2"
"万行庄严功德","1","1","2"
"胜智慧圆明能","1","1","2"
"智慧圆明能仁","1","1","2"
"慧圆明能仁感","1","1","2"
"圆明能仁感应","1","1","2"
"明能仁感应显","1","1","2"
"能仁感应显国","1","1","2"
"仁感应显国光","1","1","2"
"感应显国光教","1","1","2"
"应显国光教弘","1","1","2"
"显国光教弘妙","1","1","2"
"国光教弘妙大","1","1","2"
"光教弘妙大悟","1","1","2"
"教弘妙大悟法","1","1","2"
"弘妙大悟法王","1","1","2"
"妙大悟法王西","1","1","2"
"大悟法王西天","1","1","2"
"善金刚普济大","1","1","2"
"金刚普济大智","1","1","2"
"刚普济大智慧","1","1","2"
"普济大智慧佛","1","1","2"
"四百三十七人","1","1","2"
"七百八十九人","1","1","2"
"一百二十三人","1","1","2"
"宣府守将许泰","1","1","2"
"荐万全都指挥","1","1","2"
"万全都指挥李","1","1","2"
"全都指挥李琮","1","1","2"
"陕西都指挥神","1","1","2"
"西都指挥神周","1","1","2"
"部尚书王琼赐","2","0","2"
"尚书王琼赐一","2","0","2"
"先令太监谷大","1","1","2"
"帝称威武大将","2","0","2"
"永平知府毛思","1","1","2"
"平知府毛思义","1","1","2"
"知府毛思义忤","1","1","2"
"九千五百五十","1","1","2"
"千五百五十余","1","1","2"
"幸总兵官戴钦","2","0","2"
"总兵官戴钦第","2","0","2"
"晋府乐工杨腾","1","1","2"
"延绥总兵官马","1","1","2"
"绥总兵官马昂","1","1","2"
"彬提督十二团","1","1","2"
"刑部主事汪金","1","1","2"
"彬提督赞画机","1","1","2"
"参赞尚书乔宇","1","1","2"
"应天府丞寇天","1","1","2"
"天府丞寇天叙","1","1","2"
"府丞寇天叙挺","1","1","2"
"丞寇天叙挺身","1","1","2"
"旨召勋戚大臣","1","1","2"
"赖镇国公朱寿","1","1","2"
"逆党申宗远等","1","1","2"
"党申宗远等十","1","1","2"
"申宗远等十五","1","1","2"
"宗远等十五人","1","1","2"
"提督教场操练","1","1","2"
"白金二千二百","1","1","2"
"金二千二百柜","1","1","2"
"员外郎刘秉鉴","1","1","2"
"玉带二千五百","1","1","2"
"带二千五百束","1","1","2"
"黄金十余万两","1","1","2"
"世宗入承大统","2","0","2"
"嘉靖八年武会","1","1","2"
"靖八年武会试","1","1","2"
"非谋反叛逆奸","1","1","2"
"谋反叛逆奸党","1","1","2"
"清微妙济守静","1","1","2"
"微妙济守静修","1","1","2"
"妙济守静修真","1","1","2"
"济守静修真凝","1","1","2"
"守静修真凝玄","1","1","2"
"静修真凝玄衍","1","1","2"
"修真凝玄衍范","1","1","2"
"真凝玄衍范志","1","1","2"
"凝玄衍范志默","1","1","2"
"玄衍范志默秉","1","1","2"
"衍范志默秉诚","1","1","2"
"范志默秉诚致","1","1","2"
"志默秉诚致一","1","1","2"
"默秉诚致一真","1","1","2"
"秉诚致一真人","1","1","2"
"元节紫衣玉带","1","1","2"
"清微阐教崇真","1","1","2"
"微阐教崇真卫","1","1","2"
"阐教崇真卫道","1","1","2"
"教崇真卫道高","1","1","2"
"崇真卫道高士","1","1","2"
"神霄保国宣教","1","1","2"
"霄保国宣教高","1","1","2"
"保国宣教高士","1","1","2"
"神霄保国弘烈","1","1","2"
"霄保国弘烈宣","1","1","2"
"保国弘烈宣教","1","1","2"
"国弘烈宣教振","1","1","2"
"弘烈宣教振法","1","1","2"
"烈宣教振法通","1","1","2"
"宣教振法通真","1","1","2"
"教振法通真忠","1","1","2"
"振法通真忠孝","1","1","2"
"法通真忠孝秉","1","1","2"
"通真忠孝秉一","1","1","2"
"真忠孝秉一真","1","1","2"
"忠孝秉一真人","1","1","2"
"黄州同知郭显","1","1","2"
"州同知郭显文","1","1","2"
"同知郭显文监","1","1","2"
"部尚书熊浃谏","1","1","2"
"二十年遭宫婢","1","1","2"
"齐河县道士张","1","1","2"
"河县道士张演","1","1","2"
"荫子锦衣百户","1","1","2"
"四方奸人段朝","1","1","2"
"烧炼符咒荧惑","1","1","2"
"炼符咒荧惑天","1","1","2"
"符咒荧惑天子","1","1","2"
"仲文恩宠日隆","1","1","2"
"献上历年所赐","1","1","2"
"子尚宝少卿世","1","1","2"
"尚宝少卿世恩","1","1","2"
"尚书吴山博引","1","1","2"
"湖广安定宣抚","1","1","2"
"广安定宣抚使","1","1","2"
"安定宣抚使向","1","1","2"
"定宣抚使向思","1","1","2"
"宣抚使向思明","1","1","2"
"遣长官硬彻律","1","1","2"
"长官硬彻律等","1","1","2"
"元所授宣抚敕","2","0","2"
"所授宣抚敕印","2","0","2"
"授宣抚敕印上","2","0","2"
"军民宣抚司一","1","1","2"
"宣抚使田光宝","1","1","2"
"四川行省参政","1","1","2"
"置安抚元帅治","1","1","2"
"宣慰使覃大胜","1","1","2"
"副宣慰覃大兴","1","1","2"
"纳元所授金虎","2","0","2"
"元所授金虎符","2","0","2"
"置忠建长官司","1","1","2"
"南将军邓愈平","1","1","2"
"安福等三十九","1","1","2"
"福等三十九峒","1","1","2"
"散毛宣慰司都","1","1","2"
"毛宣慰司都元","1","1","2"
"宣慰司都元帅","1","1","2"
"慰司都元帅覃","1","1","2"
"司都元帅覃野","1","1","2"
"都元帅覃野旺","1","1","2"
"周德兴移师讨","2","0","2"
"沿边安抚司安","1","1","2"
"边安抚司安抚","1","1","2"
"安抚司安抚覃","1","1","2"
"抚司安抚覃野","1","1","2"
"司安抚覃野旺","1","1","2"
"施南宣抚覃大","1","1","2"
"南宣抚覃大胜","1","1","2"
"宣抚覃大胜招","1","1","2"
"命忠建宣抚田","1","1","2"
"忠建宣抚田思","1","1","2"
"建宣抚田思进","1","1","2"
"惹长官覃大旺","1","1","2"
"长官覃大旺等","1","1","2"
"命千户石山等","1","1","2"
"唐崖长官覃忠","1","1","2"
"崖长官覃忠孝","1","1","2"
"镇南长官覃兴","1","1","2"
"南长官覃兴等","1","1","2"
"五峰石宝长官","1","1","2"
"峰石宝长官张","1","1","2"
"尽源通塔平三","1","1","2"
"忠路安抚司等","1","1","2"
"子孙牟酋蛮等","1","1","2"
"散毛宣抚覃友","1","1","2"
"毛宣抚覃友谅","1","1","2"
"散毛宣抚司副","1","1","2"
"毛宣抚司副使","1","1","2"
"宣抚司副使黄","1","1","2"
"抚司副使黄缙","1","1","2"
"容美宣抚田潮","1","1","2"
"美宣抚田潮美","1","1","2"
"施州木册长官","1","1","2"
"州木册长官司","1","1","2"
"长官向麦答踵","1","1","2"
"木册长官田贤","1","1","2"
"土人谭敬保等","1","1","2"
"金峒安抚覃彦","1","1","2"
"峒安抚覃彦龙","1","1","2"
"椒山玛瑙长官","1","1","2"
"山玛瑙长官司","1","1","2"
"玛瑙长官司所","1","1","2"
"遣通事刘思朝","1","1","2"
"通事刘思朝等","1","1","2"
"尽源通塔平长","1","1","2"
"源通塔平长官","1","1","2"
"通塔平长官司","1","1","2"
"命大田千户所","1","1","2"
"容美宣抚田秀","1","1","2"
"容美宣抚司同","1","1","2"
"美宣抚司同知","1","1","2"
"宣抚司同知田","1","1","2"
"抚司同知田世","1","1","2"
"司同知田世瑛","1","1","2"
"凤阳巡抚唐龙","1","1","2"
"容美土官田世","1","1","2"
"美土官田世爵","1","1","2"
"广巡按御史周","1","1","2"
"龙潭安抚黄俊","1","1","2"
"潭安抚黄俊素","1","1","2"
"群盗李仲实等","1","1","2"
"余党谭景雷等","1","1","2"
"忠路安抚覃大","1","1","2"
"路安抚覃大宁","1","1","2"
"安抚覃大宁一","1","1","2"
"施南等宣抚司","1","1","2"
"容美宣抚田元","1","1","2"
"副长官陈一圣","1","1","2"
"长官陈一圣等","1","1","2"
"赂巴东知县蔡","1","1","2"
"巴东知县蔡文","1","1","2"
"东知县蔡文升","1","1","2"
"溪州刺史彭仕","1","1","2"
"州刺史彭仕羲","1","1","2"
"刺史彭仕羲叛","1","1","2"
"顺等处军民安","1","1","2"
"置永顺等处军","1","1","2"
"隶湖广都指挥","2","0","2"
"永顺宣慰彭添","1","1","2"
"顺宣慰彭添保","1","1","2"
"长六百六十七","1","1","2"
"六百六十七人","1","1","2"
"永顺宣慰彭仲","1","1","2"
"部尚书程信请","1","1","2"
"宣慰彭世麒等","1","1","2"
"世麒进马谢恩","2","0","2"
"党二十八人倡","1","1","2"
"总制尚书洪钟","1","1","2"
"制尚书洪钟等","1","1","2"
"永顺土舍彭世","2","0","2"
"顺土舍彭世麟","2","0","2"
"王金珠等二十","1","1","2"
"金珠等二十八","1","1","2"
"珠等二十八人","1","1","2"
"死者七百余人","2","0","2"
"都指挥曹鹏等","1","1","2"
"溺死者二千人","2","0","2"
"斩首八十余级","2","0","2"
"永顺宣慰格外","1","1","2"
"顺宣慰格外加","1","1","2"
"宣慰格外加赏","1","1","2"
"永顺宣慰彭翼","1","1","2"
"顺宣慰彭翼南","1","1","2"
"一千九百余级","2","0","2"
"右参政管宣慰","1","1","2"
"参政管宣慰事","1","1","2"
"保靖州安抚司","1","1","2"
"安抚使彭世雄","1","1","2"
"抚使彭世雄率","1","1","2"
"保靖安抚使彭","1","1","2"
"靖安抚使彭万","1","1","2"
"安抚使彭万里","1","1","2"
"永乐元年保靖","1","1","2"
"辰州卫指挥龚","1","1","2"
"州卫指挥龚能","1","1","2"
"卫指挥龚能等","1","1","2"
"筸子坪长官司","2","0","2"
"宣慰彭药哈俾","1","1","2"
"择众所推服者","2","0","2"
"族人彭南木答","1","1","2"
"人彭南木答等","1","1","2"
"宣慰彭舍怕俾","1","1","2"
"保靖宣慰彭显","1","1","2"
"靖宣慰彭显宗","1","1","2"
"宣慰彭显宗征","1","1","2"
"八百五十三石","1","1","2"
"征贵州贼妇米","2","0","2"
"保靖安抚彭万","1","1","2"
"靖安抚彭万里","1","1","2"
"洪武元年归附","1","1","2"
"小江等二十八","1","1","2"
"永顺宣慰使彭","1","1","2"
"顺宣慰使彭世","1","1","2"
"宣慰使彭世麒","1","1","2"
"两江口长官司","1","1","2"
"调宣慰彭荩臣","1","1","2"
"调保靖土兵六","1","1","2"
"保靖土兵六千","1","1","2"
"宣慰彭象乾亲","1","1","2"
"太师李善长相","1","1","2"
"太仆寺丞李存","1","1","2"
"仆寺丞李存义","1","1","2"
"明州卫指挥林","1","1","2"
"州卫指挥林贤","1","1","2"
"知县颜伯玮等","1","1","2"
"劾历城侯盛庸","1","1","2"
"历城侯盛庸怨","1","1","2"
"劾曹国公李景","1","1","2"
"劾长兴侯耿炳","1","1","2"
"劾驸马都尉梅","1","1","2"
"部尚书雒佥言","2","0","2"
"尚书雒佥言事","2","0","2"
"劾驸马都尉胡","1","1","2"
"马都尉胡观强","1","1","2"
"大理少卿袁复","2","0","2"
"通政司参议贺","1","1","2"
"政司参议贺银","1","1","2"
"司参议贺银等","1","1","2"
"中书舍人芮善","1","1","2"
"兵部主事李贞","1","1","2"
"受皂隶叶转等","1","1","2"
"皂隶叶转等四","1","1","2"
"隶叶转等四人","1","1","2"
"击登闻鼓诉冤","2","0","2"
"皇太子命六部","1","1","2"
"太子命六部大","1","1","2"
"子命六部大臣","1","1","2"
"皇太子令法司","1","1","2"
"署南京翰林院","2","0","2"
"礼部尚书翰林","2","0","2"
"部尚书翰林学","2","0","2"
"尚书翰林学士","2","0","2"
"祀献皇帝明堂","2","0","2"
"皇天上帝尊号","1","1","2"
"二十一年八月","1","1","2"
"寻加太子太傅","2","0","2"
"部尚书张璧同","1","1","2"
"少傅太子太师","2","0","2"
"尚书丁汝夔受","1","1","2"
"胡宗宪诱降汪","1","1","2"
"宗宪诱降汪直","1","1","2"
"十八年葬章圣","1","1","2"
"八年葬章圣太","1","1","2"
"年葬章圣太后","1","1","2"
"移居西苑万寿","1","1","2"
"居西苑万寿宫","1","1","2"
"称文选郎中万","1","1","2"
"职方郎中方祥","1","1","2"
"方郎中方祥等","1","1","2"
"南京御史林润","1","1","2"
"入逃军罗龙文","2","0","2"
"进工部左侍郎","2","0","2"
"袁州推官郭谏","1","1","2"
"州推官郭谏臣","1","1","2"
"世蕃外投日本","1","1","2"
"督师袁崇焕请","1","1","2"
"御史李长春论","1","1","2"
"南京事中钱允","2","0","2"
"京事中钱允鲸","2","0","2"
"大同巡抚张廷","1","1","2"
"同巡抚张廷拱","1","1","2"
"宣府太监王坤","1","1","2"
"府太监王坤承","1","1","2"
"武弁李元功等","1","1","2"
"刘宗周掌都察","1","1","2"
"宗周掌都察院","1","1","2"
"行人司副熊开","1","1","2"
"人司副熊开元","1","1","2"
"荫子中书舍人","2","0","2"
"劾延儒十大罪","1","1","2"
"吏科都事中章","2","0","2"
"事中章允儒争","1","1","2"
"劾体仁居家时","1","1","2"
"浙江巡抚核实","1","1","2"
"南京御史沈希","1","1","2"
"京御史沈希诏","1","1","2"
"御史沈希诏相","1","1","2"
"史沈希诏相继","1","1","2"
"左都御史曹汴","2","0","2"
"大理寺卿康新","1","1","2"
"理寺卿康新民","1","1","2"
"太仆寺卿蒋允","1","1","2"
"仆寺卿蒋允仪","1","1","2"
"一手一口所能","1","1","2"
"手一口所能掩","1","1","2"
"副都御史张捷","1","1","2"
"都御史张捷等","1","1","2"
"事中陈赞化先","1","1","2"
"中陈赞化先后","1","1","2"
"兵部侍郎彭汝","1","1","2"
"母舅大学士吴","1","1","2"
"舅大学士吴宗","1","1","2"
"大学士吴宗达","1","1","2"
"滋阳知县成德","1","1","2"
"体仁辅政数年","1","1","2"
"礼部侍郎陈子","1","1","2"
"部侍郎陈子壮","1","1","2"
"体仁专务刻核","1","1","2"
"亭知县徐兆麟","1","1","2"
"海道副使冯元","1","1","2"
"镇守太监王坤","1","1","2"
"守太监王坤所","1","1","2"
"吏科都事中缺","2","0","2"
"编修倪元璐相","1","1","2"
"大铖避居南京","1","1","2"
"四川遵义总兵","1","1","2"
"川遵义总兵官","1","1","2"
"御史魏景琦等","1","1","2"
"史魏景琦等三","1","1","2"
"魏景琦等三家","1","1","2"
"河南总兵官陈","1","1","2"
"南总兵官陈永","1","1","2"
"总兵官陈永福","1","1","2"
"兵官陈永福进","1","1","2"
"潞王常淓俱避","2","0","2"
"王常淓俱避贼","2","0","2"
"常淓俱避贼淮","2","0","2"
"淓俱避贼淮安","2","0","2"
"废籍礼部侍郎","1","1","2"
"籍礼部侍郎钱","1","1","2"
"右都御史张慎","1","1","2"
"都御史张慎言","1","1","2"
"操江诚意伯刘","1","1","2"
"江诚意伯刘孔","1","1","2"
"参赞机务兵部","1","1","2"
"赞机务兵部尚","1","1","2"
"机务兵部尚书","1","1","2"
"务兵部尚书史","1","1","2"
"东阁大学士兵","2","0","2"
"阁大学士兵部","2","0","2"
"大学士兵部尚","2","0","2"
"学士兵部尚书","2","0","2"
"都察院右副都","1","1","2"
"察院右副都御","1","1","2"
"院右副都御史","1","1","2"
"守备太监韩赞","1","1","2"
"备太监韩赞周","1","1","2"
"大学士姜曰广","1","1","2"
"怀远侯常延龄","1","1","2"
"远侯常延龄等","1","1","2"
"帝钦定逆案一","1","1","2"
"钦定逆案一书","1","1","2"
"安远侯柳祚昌","1","1","2"
"外结勋臣刘孔","1","1","2"
"结勋臣刘孔昭","1","1","2"
"士英身掌中枢","1","1","2"
"督京营戎政赵","1","1","2"
"胤文兵部右侍","2","0","2"
"文兵部右侍郎","2","0","2"
"承天守备何志","1","1","2"
"天守备何志孔","1","1","2"
"按御史黄澍入","1","1","2"
"受张献忠伪兵","1","1","2"
"张献忠伪兵部","1","1","2"
"献忠伪兵部尚","1","1","2"
"忠伪兵部尚书","1","1","2"
"伪兵部尚书周","1","1","2"
"兵部尚书周文","1","1","2"
"部尚书周文江","1","1","2"
"良玉令部将群","1","1","2"
"欲下南京索饷","2","0","2"
"大铖一手握定","1","1","2"
"严州总兵方国","1","1","2"
"州总兵方国安","1","1","2"
"总兵方国安军","1","1","2"
"长兴伯吴日生","1","1","2"
"国安父子请王","1","1","2"
"寻擢礼部右侍","2","0","2"
"编修顾清等二","1","1","2"
"修顾清等二十","1","1","2"
"顾清等二十余","1","1","2"
"清等二十余人","1","1","2"
"虞人徐文彪四","1","1","2"
"人徐文彪四人","1","1","2"
"杨一清总制三","1","1","2"
"一清总制三边","1","1","2"
"瑾令尚书许进","1","1","2"
"令尚书许进追","1","1","2"
"侍郎韩鼎同廷","1","1","2"
"郎韩鼎同廷谢","1","1","2"
"抚州知府刘介","1","1","2"
"平阳知府张恕","1","1","2"
"阳知府张恕妾","1","1","2"
"知府张恕妾美","1","1","2"
"御史胡节巡按","1","1","2"
"史胡节巡按山","1","1","2"
"胡节巡按山东","1","1","2"
"指挥同知赵良","1","1","2"
"霍丘知县郑延","1","1","2"
"丘知县郑延祚","1","1","2"
"知县郑延祚贪","1","1","2"
"御史杨所修首","1","1","2"
"工部尚书吴淳","1","1","2"
"部尚书吴淳夫","1","1","2"
"兵部尚书田吉","1","1","2"
"崇祯二年三月","1","1","2"
"诏书颁示天下","1","1","2"
"子都督侯国兴","1","1","2"
"黄立极等四十","1","1","2"
"立极等四十四","1","1","2"
"极等四十四人","1","1","2"
"通政使周维京","1","1","2"
"上疏追论红丸","1","1","2"
"天启五年九月","1","1","2"
"害御史张慎言","1","1","2"
"忠贤遣内臣镇","2","0","2"
"工部裁省织造","1","1","2"
"南京御史吕鹏","1","1","2"
"京御史吕鹏云","1","1","2"
"荫子锦衣千户","2","0","2"
"兵部尚书协理","1","1","2"
"事中颜继祖极","1","1","2"
"费金钱五十余","1","1","2"
"金钱五十余万","1","1","2"
"都御史唐世济","1","1","2"
"尚书张捷重述","1","1","2"
"书张捷重述三","1","1","2"
"张捷重述三朝","1","1","2"
"捷重述三朝旧","1","1","2"
"重述三朝旧事","1","1","2"
"顺天巡抚吴中","1","1","2"
"天巡抚吴中伟","1","1","2"
"选侍移哕鸾宫","2","0","2"
"事中周朝瑞驳","1","1","2"
"皇妹失所投井","1","1","2"
"陛下笃念圣母","1","1","2"
"天地祖宗所必","1","1","2"
"疏娓娓数百言","1","1","2"
"顺天巡抚单明","1","1","2"
"天巡抚单明诩","1","1","2"
"进左佥都御史","2","0","2"
"崇祯改元五月","1","1","2"
"事中刘斯球极","1","1","2"
"天启四年十月","1","1","2"
"魏忠贤斥逐东","1","1","2"
"忠贤斥逐东林","1","1","2"
"显纯略晓文墨","1","1","2"
"劾兵部尚书吴","1","1","2"
"兵部尚书吴兑","1","1","2"
"户部员外郎李","1","1","2"
"部员外郎李三","1","1","2"
"员外郎李三才","1","1","2"
"西河王知燧请","1","1","2"
"指挥王守信请","1","1","2"
"疏陈时政缺失","2","0","2"
"死太平典史武","1","1","2"
"太平典史武三","1","1","2"
"平典史武三杰","1","1","2"
"建雄县丞李逢","1","1","2"
"雄县丞李逢春","1","1","2"
"御史温纯等力","2","0","2"
"山西军民数千","1","1","2"
"成国公朱允祯","1","1","2"
"国公朱允祯等","1","1","2"
"公朱允祯等所","1","1","2"
"朱允祯等所侵","1","1","2"
"地九千六百余","1","1","2"
"九千六百余顷","1","1","2"
"御史马允登资","1","1","2"
"董世耀聚众称","1","1","2"
"世耀聚众称王","1","1","2"
"御史王基洪声","1","1","2"
"史王基洪声言","1","1","2"
"咸宁知县满朝","1","1","2"
"宁知县满朝荐","1","1","2"
"尚书张世经共","1","1","2"
"迁南京礼部郎","2","0","2"
"擢南京通政参","2","0","2"
"右佥都御史总","1","1","2"
"督储侍郎赵世","1","1","2"
"储侍郎赵世卿","1","1","2"
"侍郎赵世卿力","1","1","2"
"郎赵世卿力争","1","1","2"
"淮扬巡按御史","1","1","2"
"扬巡按御史崔","1","1","2"
"巡按御史崔邦","1","1","2"
"按御史崔邦亮","1","1","2"
"巡漕御史李思","1","1","2"
"漕御史李思孝","1","1","2"
"疑首辅沈一贯","1","1","2"
"工部郎中邵辅","1","1","2"
"部郎中邵辅忠","1","1","2"
"事中金士衡相","1","1","2"
"中金士衡相继","1","1","2"
"宪成贻书向高","2","0","2"
"工部侍郎林楚","2","0","2"
"顾宪成读书讲","1","1","2"
"宪成读书讲学","1","1","2"
"通政参议吴殿","1","1","2"
"政参议吴殿邦","1","1","2"
"刑部侍郎邹元","1","1","2"
"部侍郎邹元标","1","1","2"
"宣府膳房堡守","1","1","2"
"府膳房堡守备","1","1","2"
"延绥入卫游击","1","1","2"
"绥入卫游击将","1","1","2"
"入卫游击将军","1","1","2"
"隆庆元年九月","1","1","2"
"游击高廷礼等","1","1","2"
"小阿卜户犯黑","2","0","2"
"阿卜户犯黑峪","2","0","2"
"卜户犯黑峪关","2","0","2"
"蓟镇总兵官杨","1","1","2"
"镇总兵官杨四","1","1","2"
"总兵官杨四畏","1","1","2"
"卜失兔仰天大","1","1","2"
"蓟镇游击将军","1","1","2"
"获首功百三十","2","0","2"
"遣副将孙守廉","1","1","2"
"副将孙守廉驰","1","1","2"
"荫本卫世指挥","2","0","2"
"本卫世指挥使","2","0","2"
"部尚书石星下","2","0","2"
"庆云守备王凤","1","1","2"
"云守备王凤翔","1","1","2"
"退保泗州老营","2","0","2"
"步兵游击彭信","1","1","2"
"兵游击彭信古","1","1","2"
"诏斩游击马呈","1","1","2"
"斩游击马呈文","1","1","2"
"游击傅桓拒守","1","1","2"
"参将熊国臣等","1","1","2"
"将熊国臣等弃","1","1","2"
"熊国臣等弃城","1","1","2"
"河套著力兔急","1","1","2"
"套著力兔急攻","1","1","2"
"都督佥事宁夏","2","0","2"
"督佥事宁夏总","2","0","2"
"佥事宁夏总兵","2","0","2"
"事宁夏总兵官","2","0","2"
"荫锦衣世指挥","2","0","2"
"卜失兔西犯定","1","1","2"
"失兔西犯定边","1","1","2"
"复总兵官镇守","2","0","2"
"临洮总兵孙仁","1","1","2"
"边将分营训练","1","1","2"
"嗣世职指挥佥","2","0","2"
"世职指挥佥事","2","0","2"
"肃州游击将军","1","1","2"
"俺答西迎活佛","1","1","2"
"诱杀副将李魁","1","1","2"
"十三年九月九","1","1","2"
"三年九月九日","1","1","2"
"拥劲骑直入南","1","1","2"
"劲骑直入南川","1","1","2"
"斩首六百八十","1","1","2"
"首六百八十余","1","1","2"
"总兵官镇守延","1","1","2"
"兵官镇守延绥","1","1","2"
"参将赵希云等","1","1","2"
"副将甘州马应","1","1","2"
"将甘州马应龙","1","1","2"
"永昌王铁块等","1","1","2"
"昌王铁块等分","1","1","2"
"王铁块等分道","1","1","2"
"铁块等分道袭","1","1","2"
"乘官军撤防时","1","1","2"
"官军撤防时潜","1","1","2"
"军撤防时潜兵","1","1","2"
"遣副将柴国柱","1","1","2"
"斩首百三十奇","2","0","2"
"总兵官沈思学","1","1","2"
"就迁左布政使","2","0","2"
"陇川宣抚多安","1","1","2"
"川宣抚多安民","1","1","2"
"宣抚多安民叛","1","1","2"
"国公沐昌祚侵","1","1","2"
"改督两广军务","2","0","2"
"广军务巡抚广","2","0","2"
"责贵妃子养性","2","0","2"
"遗诏皇长子嗣","2","0","2"
"事中霍维华希","1","1","2"
"疏劾兵部尚书","2","0","2"
"尚书张鹤鸣主","1","1","2"
"书张鹤鸣主战","1","1","2"
"张鹤鸣主战误","1","1","2"
"鹤鸣主战误国","1","1","2"
"荐南京吏部尚","1","1","2"
"劾晋江李贽邪","1","1","2"
"晋江李贽邪说","1","1","2"
"江李贽邪说惑","1","1","2"
"李贽邪说惑众","1","1","2"
"员外郎陆梦龙","1","1","2"
"同谋马三道等","1","1","2"
"御史王安舜等","1","1","2"
"提牢主事王寀","2","0","2"
"时郎中胡士相","1","1","2"
"令十三司会审","1","1","2"
"事中何士晋遂","2","0","2"
"迁广东按察使","2","0","2"
"梦龙率游击贺","1","1","2"
"龙率游击贺奇","1","1","2"
"率游击贺奇勋","1","1","2"
"佐知府吉孔嘉","1","1","2"
"知府吉孔嘉守","1","1","2"
"府吉孔嘉守城","1","1","2"
"侍郎陆光祖御","2","0","2"
"郎陆光祖御史","2","0","2"
"视江南泽国异","2","0","2"
"熊廷弼建三方","2","0","2"
"廷弼建三方布","2","0","2"
"弼建三方布置","2","0","2"
"帝将册立东宫","2","0","2"
"少卿擢右佥都","2","0","2"
"卿擢右佥都御","2","0","2"
"巡抚保定诸府","2","0","2"
"运巡抚凤阳诸","2","0","2"
"侍郎杨东明署","2","0","2"
"主事徐大化者","2","0","2"
"行边尚书张鹤","1","1","2"
"边尚书张鹤鸣","1","1","2"
"员外郎顾大章","1","1","2"
"崇祯元年复官","2","0","2"
"东厂办事官郑","1","1","2"
"刑部侍郎同安","1","1","2"
"部侍郎同安洪","1","1","2"
"侍郎同安洪朝","1","1","2"
"郎同安洪朝选","1","1","2"
"劳堪巡抚福建","1","1","2"
"同安知县金枝","1","1","2"
"召左副都御史","2","0","2"
"任巡抚汪应蛟","1","1","2"
"巡抚汪应蛟役","1","1","2"
"天津税使马堂","1","1","2"
"四十年十二月","1","1","2"
"部尚书掌左都","2","0","2"
"尚书掌左都御","2","0","2"
"书掌左都御史","2","0","2"
"掌左都御史事","2","0","2"
"内使王文进杀","1","1","2"
"使王文进杀人","1","1","2"
"征授礼科事中","2","0","2"
"迁工科左事中","2","0","2"
"劾礼部侍郎韩","1","1","2"
"阁部大臣公事","1","1","2"
"改户部右侍郎","2","0","2"
"二十六日传旨","1","1","2"
"十六日传旨免","1","1","2"
"六日传旨免朝","1","1","2"
"部郎刘复初等","1","1","2"
"诸曹建言止所","2","0","2"
"曹建言止所司","2","0","2"
"建言止所司职","2","0","2"
"言止所司职掌","2","0","2"
"论诚意伯刘世","1","1","2"
"湖广按察司经","1","1","2"
"广按察司经历","1","1","2"
"党锦衣都督刘","1","1","2"
"太常卿李尚智","1","1","2"
"事中薛三才等","1","1","2"
"兵部考选军政","1","1","2"
"员外郎曾伟芳","1","1","2"
"事中刘仕瞻三","1","1","2"
"时东厂太监张","1","1","2"
"东厂太监张诚","1","1","2"
"厂太监张诚失","1","1","2"
"家奴锦衣副千","1","1","2"
"奴锦衣副千户","1","1","2"
"锦衣副千户霍","1","1","2"
"衣副千户霍文","1","1","2"
"副千户霍文炳","1","1","2"
"国家裁辨邪正","1","1","2"
"陷陛下能祖宗","2","0","2"
"万一上天震怒","1","1","2"
"事中海阳林熙","1","1","2"
"中海阳林熙春","1","1","2"
"海阳林熙春等","1","1","2"
"经纶慷慨陈言","1","1","2"
"臣等富贵荣辱","1","1","2"
"御史定兴鹿久","1","1","2"
"南京御史东莞","1","1","2"
"京御史东莞林","1","1","2"
"御史东莞林培","1","1","2"
"辽东税监高淮","1","1","2"
"高礼部尚书东","2","0","2"
"东宫辍讲八年","2","0","2"
"福王一日两见","2","0","2"
"锦衣百户王曰","1","1","2"
"衣百户王曰乾","1","1","2"
"入皇城放炮上","1","1","2"
"皇城放炮上疏","1","1","2"
"术诅咒皇太后","1","1","2"
"表里大红坐蟒","1","1","2"
"里大红坐蟒一","1","1","2"
"天下欣欣望治","2","0","2"
"言官倪思辉等","1","1","2"
"御史邹元标先","1","1","2"
"史邹元标先后","1","1","2"
"事中章允儒请","1","1","2"
"事中陈良训疏","2","0","2"
"库藏尽输京师","2","0","2"
"学士沈一贯欲","2","0","2"
"擢礼部尚书东","2","0","2"
"国公张惟贤捧","1","1","2"
"念内廷惟王安","1","1","2"
"御史贾继春遂","2","0","2"
"史贾继春遂上","2","0","2"
"候补御史刘重","1","1","2"
"补御史刘重庆","1","1","2"
"职方郎中余大","1","1","2"
"方郎中余大成","1","1","2"
"泰昌元年八月","1","1","2"
"帝召见群臣时","1","1","2"
"涟劾魏忠贤二","2","0","2"
"逆党杨维垣等","1","1","2"
"列上二百六十","1","1","2"
"上二百六十二","1","1","2"
"二百六十二人","1","1","2"
"击吏部尚书王","1","1","2"
"京礼部主事王","1","1","2"
"礼部主事王永","1","1","2"
"部主事王永吉","1","1","2"
"巡视科道王都","1","1","2"
"崇焕杀毛文龙","2","0","2"
"工部主事李逢","1","1","2"
"部主事李逢申","1","1","2"
"广税监陈奉横","1","1","2"
"巡按御史曹楷","1","1","2"
"时皇长子储位","1","1","2"
"皇长子储位未","1","1","2"
"长子储位未定","1","1","2"
"额二千四百万","1","1","2"
"御史邹元标侍","1","1","2"
"铁岭卫指挥佥","1","1","2"
"岭卫指挥佥事","1","1","2"
"辽东险山参将","1","1","2"
"兵官王治道战","1","1","2"
"官王治道战死","1","1","2"
"斩首五百八十","1","1","2"
"首五百八十余","1","1","2"
"朵颜兀鲁思罕","1","1","2"
"荫都指挥同知","2","0","2"
"炒花大会黑石","1","1","2"
"花大会黑石炭","1","1","2"
"前屯锦川营深","1","1","2"
"屯锦川营深入","1","1","2"
"迤东都督王兀","1","1","2"
"东都督王兀堂","1","1","2"
"斩首七百五十","1","1","2"
"参将熊朝臣固","1","1","2"
"将熊朝臣固守","1","1","2"
"后斩首三百四","1","1","2"
"下三百十七人","1","1","2"
"参将李平胡射","1","1","2"
"将李平胡射中","1","1","2"
"游击韩元功追","1","1","2"
"花大等三万骑","1","1","2"
"七八万骑犯镇","2","0","2"
"八万骑犯镇夷","2","0","2"
"墨台猪借西部","1","1","2"
"台猪借西部青","1","1","2"
"御史梅国桢请","1","1","2"
"兵部侍郎汪道","1","1","2"
"部侍郎汪道昆","1","1","2"
"沿江新安四堡","1","1","2"
"巡按御史熊廷","1","1","2"
"按御史熊廷弼","1","1","2"
"神机营右副将","1","1","2"
"事中黄道瞻等","1","1","2"
"提督京城巡捕","1","1","2"
"事中叶初春请","1","1","2"
"提督陕西讨逆","1","1","2"
"督陕西讨逆军","1","1","2"
"陕西讨逆军务","1","1","2"
"西讨逆军务总","1","1","2"
"讨逆军务总兵","1","1","2"
"逆军务总兵官","1","1","2"
"兵科许弘纲等","1","1","2"
"遣养子克力盖","1","1","2"
"十一年正月四","1","1","2"
"令游击吴惟忠","1","1","2"
"游击吴惟忠攻","1","1","2"
"副将杨元等军","1","1","2"
"行长渡大同江","2","0","2"
"参将查大受率","1","1","2"
"轻骑趋碧蹄馆","2","0","2"
"时兵部尚书石","1","1","2"
"辽东总兵董一","1","1","2"
"东总兵董一元","1","1","2"
"副将尚表固守","1","1","2"
"大同新平堡参","1","1","2"
"同新平堡参将","1","1","2"
"迁大同副总兵","2","0","2"
"撦力克袭封顺","2","0","2"
"力克袭封顺义","2","0","2"
"克袭封顺义王","2","0","2"
"阅视少卿曾乾","1","1","2"
"视少卿曾乾亨","1","1","2"
"宁夏总兵董一","1","1","2"
"夏总兵董一奎","1","1","2"
"总兵董一奎攻","1","1","2"
"总兵刘承嗣攻","1","1","2"
"斩首二百五十","1","1","2"
"斩首二百三十","1","1","2"
"贵备倭总兵官","2","0","2"
"全州守将陈愚","1","1","2"
"州守将陈愚衷","1","1","2"
"遣副将解生守","1","1","2"
"副将解生守稷","1","1","2"
"将解生守稷山","1","1","2"
"令都体察使李","1","1","2"
"忠清道遮贼锋","2","0","2"
"游击茅国器率","1","1","2"
"兔三万骑入掠","2","0","2"
"天启七年乡试","1","1","2"
"鼎延等固守三","1","1","2"
"延等固守三日","1","1","2"
"崇祯十三年举","1","1","2"
"祯十三年举人","1","1","2"
"请固镇五道兵","1","1","2"
"固镇五道兵合","1","1","2"
"镇五道兵合剿","1","1","2"
"百余人冒雨登","1","1","2"
"余人冒雨登城","1","1","2"
"举人王受爵等","1","1","2"
"人王受爵等率","1","1","2"
"王受爵等率士","1","1","2"
"受爵等率士民","1","1","2"
"爵等率士民分","1","1","2"
"尚书周士朴等","1","1","2"
"事中范士髦荐","1","1","2"
"左金王等五部","1","1","2"
"献忠左良玉所","2","0","2"
"顾显卿右耳下","1","1","2"
"显卿右耳下生","1","1","2"
"手足少阳经受","1","1","2"
"足少阳经受邪","1","1","2"
"诸暨黄生背曲","1","1","2"
"取三百九十七","1","1","2"
"者二百三十八","1","1","2"
"二百三十八条","1","1","2"
"诗一百五十首","1","1","2"
"南昌市中乞食","1","1","2"
"陈友谅围南昌","1","1","2"
"友谅围南昌三","1","1","2"
"谅围南昌三月","1","1","2"
"常遇春孤舟深","1","1","2"
"遇春孤舟深入","1","1","2"
"友谅中流矢死","2","0","2"
"武二十四年遣","1","1","2"
"二十四年遣使","1","1","2"
"命工部侍郎郭","1","1","2"
"隆平侯张信等","1","1","2"
"通微显化真人","1","1","2"
"游海外洛伽山","1","1","2"
"南台大夫普化","1","1","2"
"台大夫普化帖","1","1","2"
"大夫普化帖木","1","1","2"
"佥都御史景清","1","1","2"
"太子忧惧成疾","1","1","2"
"宋内侍钱塘罗","1","1","2"
"内侍钱塘罗知","1","1","2"
"侍钱塘罗知悌","1","1","2"
"大将谭广等进","1","1","2"
"将谭广等进击","1","1","2"
"杰愿辞御药房","1","1","2"
"婢杨金英等谋","2","0","2"
"病后近女色太","1","1","2"
"一百一十四种","1","1","2"
"增一百二十种","1","1","2"
"一千五百五十","1","1","2"
"千五百五十八","1","1","2"
"五百五十八种","1","1","2"
"三百七十四种","1","1","2"
"合成五十二卷","1","1","2"
"神宗诏修国史","1","1","2"
"楚王府奉祠正","1","1","2"
"大统万年二历","1","1","2"
"统万年二历通","1","1","2"
"万年二历通议","1","1","2"
"总督胡宗宪征","1","1","2"
"真定游击谢嘉","1","1","2"
"定游击谢嘉福","1","1","2"
"游击谢嘉福杀","1","1","2"
"击谢嘉福杀巡","1","1","2"
"谢嘉福杀巡抚","1","1","2"
"嘉福杀巡抚徐","1","1","2"
"福杀巡抚徐标","1","1","2"
"清苑知县朱永","1","1","2"
"苑知县朱永康","1","1","2"
"督师大学士李","1","1","2"
"师大学士李建","1","1","2"
"学士李建泰率","1","1","2"
"建泰中军副将","1","1","2"
"吏部文选郎中","1","1","2"
"事中时敏奉使","1","1","2"
"张氏兄弟死守","1","1","2"
"氏兄弟死守者","1","1","2"
"尚书陈新甲庸","1","1","2"
"书陈新甲庸才","1","1","2"
"陈新甲庸才误","1","1","2"
"新甲庸才误国","1","1","2"
"户部尚书李待","1","1","2"
"部尚书李待问","1","1","2"
"邵宗元等共守","1","1","2"
"毓峒分守西城","1","1","2"
"异议者斩悬银","1","1","2"
"议者斩悬银牌","1","1","2"
"谥曰潜忠先生","1","1","2"
"万历末年进士","1","1","2"
"左都御史赵南","1","1","2"
"都御史赵南星","1","1","2"
"张文熙等数十","1","1","2"
"文熙等数十人","1","1","2"
"御史李应升所","1","1","2"
"京兵部尚书胡","1","1","2"
"兵部尚书胡应","1","1","2"
"部尚书胡应台","1","1","2"
"土酋普名声久","1","1","2"
"分守贵州威清","1","1","2"
"守贵州威清道","1","1","2"
"率参将范邦雄","1","1","2"
"总督蔡复一上","1","1","2"
"总督樊一蘅等","1","1","2"
"督樊一蘅等联","1","1","2"
"樊一蘅等联络","1","1","2"
"一蘅等联络诸","1","1","2"
"蘅等联络诸将","1","1","2"
"四川广安知州","1","1","2"
"川东兵备佥事","1","1","2"
"大清兵追重庆","2","0","2"
"云南都司经历","1","1","2"
"孙望等入云南","2","0","2"
"山西巡抚许鼎","1","1","2"
"西巡抚许鼎臣","1","1","2"
"游击孙守法追","1","1","2"
"巡抚孙传庭部","1","1","2"
"时兵部尚书杨","1","1","2"
"尚书杨嗣昌创","1","1","2"
"变蛟转战千里","1","1","2"
"山海总兵马科","1","1","2"
"宁远总兵吴三","1","1","2"
"远总兵吴三桂","1","1","2"
"辽东总兵刘肇","1","1","2"
"东总兵刘肇基","1","1","2"
"宣府总兵杨国","1","1","2"
"府总兵杨国柱","1","1","2"
"大同总兵王朴","1","1","2"
"密云总兵唐通","1","1","2"
"山西总兵李辅","1","1","2"
"五万三千七百","1","1","2"
"三千七百余人","2","0","2"
"辽东车右营都","1","1","2"
"东车右营都司","1","1","2"
"昌平督治侍郎","1","1","2"
"平督治侍郎侯","1","1","2"
"督治侍郎侯恂","1","1","2"
"良玉将昌平兵","2","0","2"
"河南巡抚樊尚","1","1","2"
"职方郎中李继","1","1","2"
"方郎中李继贞","1","1","2"
"贺双全等三十","1","1","2"
"双全等三十六","1","1","2"
"全等三十六家","1","1","2"
"会总理卢象升","2","0","2"
"李重镇随陕西","1","1","2"
"重镇随陕西总","1","1","2"
"镇随陕西总督","1","1","2"
"随陕西总督洪","1","1","2"
"巡抚张国维三","1","1","2"
"河南巡抚常道","1","1","2"
"南巡抚常道立","1","1","2"
"令良玉驻兵兴","1","1","2"
"良玉驻兵兴平","1","1","2"
"白马邓天王等","1","1","2"
"监军万元吉知","1","1","2"
"参将刘士杰深","1","1","2"
"将刘士杰深入","1","1","2"
"乘高大呼驰下","2","0","2"
"总督汪乔年关","2","0","2"
"驿传道王扬基","1","1","2"
"传道王扬基夺","1","1","2"
"道王扬基夺门","1","1","2"
"月二十四日抵","1","1","2"
"十六年正月中","1","1","2"
"蕲州守将王允","1","1","2"
"州守将王允成","1","1","2"
"江西巡抚郭都","1","1","2"
"西巡抚郭都贤","1","1","2"
"子梦庚平贼将","1","1","2"
"梦庚平贼将军","1","1","2"
"锦衣卫正千户","1","1","2"
"湖广巡抚何腾","1","1","2"
"广巡抚何腾蛟","1","1","2"
"监军御史黄澍","1","1","2"
"三十六营大将","1","1","2"
"延绥巡抚洪承","1","1","2"
"绥巡抚洪承畴","1","1","2"
"巡抚洪承畴麾","1","1","2"
"抚洪承畴麾下","1","1","2"
"巡抚陈奇瑜讨","1","1","2"
"都司田应龙等","1","1","2"
"司田应龙等死","1","1","2"
"游击孙守法挟","2","0","2"
"人龙副将李国","2","0","2"
"龙副将李国奇","2","0","2"
"副将李国奇等","1","1","2"
"大破贼玛瑙山","2","0","2"
"总督傅宗龙统","1","1","2"
"参将孙守法先","1","1","2"
"董学礼等十四","1","1","2"
"崇祯七年闰八","1","1","2"
"祯七年闰八月","1","1","2"
"陕西总督孙传","1","1","2"
"西总督孙传庭","1","1","2"
"时官军乘胜深","1","1","2"
"官军乘胜深入","1","1","2"
"令总督李化熙","1","1","2"
"总督李化熙率","1","1","2"
"左中允卫胤文","1","1","2"
"中允卫胤文兵","2","0","2"
"山东都司佥书","1","1","2"
"崇祯五年七月","1","1","2"
"命援剿总兵官","2","0","2"
"监纪推官汤开","1","1","2"
"纪推官汤开远","1","1","2"
"副将祖克勇等","1","1","2"
"南京太仆卿李","1","1","2"
"京太仆卿李觉","1","1","2"
"祖大乐等入山","1","1","2"
"大乐等入山搜","1","1","2"
"重镇赴关中讨","1","1","2"
"镇赴关中讨贼","1","1","2"
"擢吏部稽勋主","2","0","2"
"总兵官柴时华","1","1","2"
"本官右佥都御","2","0","2"
"太常少卿李沾","1","1","2"
"将军李占春深","1","1","2"
"军李占春深相","1","1","2"
"李占春深相结","1","1","2"
"榆林兵备参议","1","1","2"
"总兵曹文诏败","1","1","2"
"郑崇俭巡抚宁","1","1","2"
"崇俭巡抚宁夏","1","1","2"
"荐兵部右侍郎","1","1","2"
"松潘副将朱化","1","1","2"
"潘副将朱化龙","1","1","2"
"伪都督张化龙","1","1","2"
"养子刘文秀攻","1","1","2"
"张天相等夹击","1","1","2"
"总兵官贾连登","1","1","2"
"监军副使范文","1","1","2"
"军副使范文光","1","1","2"
"监军佥事詹天","1","1","2"
"军佥事詹天颜","1","1","2"
"偏沅巡抚李乾","1","1","2"
"沅巡抚李乾德","1","1","2"
"李赤心等十三","1","1","2"
"赤心等十三家","1","1","2"
"刘文秀大败武","1","1","2"
"文秀大败武大","1","1","2"
"秀大败武大定","1","1","2"
"御营前部左军","1","1","2"
"朱容藩伪称监","1","1","2"
"容藩伪称监国","1","1","2"
"藩伪称监国天","1","1","2"
"伪称监国天下","1","1","2"
"称监国天下兵","1","1","2"
"监国天下兵马","1","1","2"
"国天下兵马副","1","1","2"
"李成栋叛大清","2","0","2"
"龙虎关守将曹","1","1","2"
"虎关守将曹志","1","1","2"
"关守将曹志建","1","1","2"
"胤锡将召忠贞","1","1","2"
"锡将召忠贞营","1","1","2"
"监军佥事何图","1","1","2"
"军佥事何图复","1","1","2"
"劾庆国公邦传","1","1","2"
"司礼中官庞天","1","1","2"
"礼中官庞天寿","1","1","2"
"国公胡一青殿","1","1","2"
"公胡一青殿后","1","1","2"
"胡一青殿后军","1","1","2"
"说主事胡士瑞","1","1","2"
"主事胡士瑞拥","1","1","2"
"事胡士瑞拥戴","1","1","2"
"胡士瑞拥戴秦","1","1","2"
"士瑞拥戴秦王","1","1","2"
"员外郎林青阳","1","1","2"
"员外郎蒋乾昌","1","1","2"
"主事朱东旦书","1","1","2"
"翰林孔目周官","1","1","2"
"太仆少卿赵赓","1","1","2"
"仆少卿赵赓禹","1","1","2"
"员外郎任斗墟","1","1","2"
"大呼二祖列宗","1","1","2"
"吏部侍郎张佐","1","1","2"
"部侍郎张佐辰","1","1","2"
"顺治十一年三","1","1","2"
"治十一年三月","1","1","2"
"十八先生成仁","1","1","2"
"八先生成仁处","1","1","2"
"华亭侯王维恭","1","1","2"
"吏部侍郎邓士","1","1","2"
"部侍郎邓士廉","1","1","2"
"侍郎邓士廉等","1","1","2"
"都督同知邓凯","1","1","2"
"左侍郎迁南京","2","0","2"
"崇祯十五年乡","1","1","2"
"祯十五年乡试","1","1","2"
"工部营缮主事","1","1","2"
"工部右侍郎宋","1","1","2"
"部右侍郎宋玫","1","1","2"
"大理寺卿张三","1","1","2"
"理寺卿张三谟","1","1","2"
"河南道御史张","1","1","2"
"南道御史张煊","1","1","2"
"左侍郎惠世扬","1","1","2"
"次审理十三司","1","1","2"
"闰月二十六日","1","1","2"
"东昌二府推官","1","1","2"
"招练副使刘国","1","1","2"
"练副使刘国缙","1","1","2"
"忤魏忠贤削籍","2","0","2"
"新总督杨述中","1","1","2"
"总督杨述中缩","1","1","2"
"卫所应袭子弟","2","0","2"
"妖贼张普薇等","1","1","2"
"河南提学佥事","1","1","2"
"南提学佥事巩","1","1","2"
"兵部主事方允","1","1","2"
"部主事方允昌","1","1","2"
"襄阳知府王承","1","1","2"
"阳知府王承曾","1","1","2"
"津兵备副使原","1","1","2"
"兵备副使原毓","1","1","2"
"备副使原毓宗","1","1","2"
"庶吉士何胤光","1","1","2"
"工部员外郎潘","1","1","2"
"部员外郎潘同","1","1","2"
"员外郎潘同春","1","1","2"
"礼部员外郎吴","1","1","2"
"部员外郎吴泰","1","1","2"
"行取知县周寿","1","1","2"
"取知县周寿明","1","1","2"
"方拱乾结纳马","1","1","2"
"保国公朱国弼","1","1","2"
"御史张孙振等","1","1","2"
"严禁将士剽掠","1","1","2"
"左都督陈弘范","1","1","2"
"顺治二年六月","1","1","2"
"湖广行省员外","1","1","2"
"广行省员外郎","1","1","2"
"大都督府经历","1","1","2"
"吴江同知金刚","1","1","2"
"江同知金刚奴","1","1","2"
"同知金刚奴奉","1","1","2"
"知金刚奴奉行","1","1","2"
"金刚奴奉行省","1","1","2"
"刚奴奉行省命","1","1","2"
"立社学数百区","1","1","2"
"东阿耆老百余","1","1","2"
"阿耆老百余人","1","1","2"
"府东境七里泷","1","1","2"
"擢山东布政使","2","0","2"
"蓝田吕氏乡约","1","1","2"
"潮州知府王源","1","1","2"
"州知府王源除","1","1","2"
"知府王源除怪","1","1","2"
"府王源除怪石","1","1","2"
"尚书魏源所器","1","1","2"
"筑石堤百余丈","1","1","2"
"庐山白鹿书院","1","1","2"
"礼部郎中况钟","1","1","2"
"问少傅杨士奇","1","1","2"
"侍读学士王直","1","1","2"
"复业者数千人","1","1","2"
"宣德五年巡视","1","1","2"
"德五年巡视仓","1","1","2"
"五年巡视仓场","1","1","2"
"刑部侍郎施礼","1","1","2"
"择廷臣二十五","1","1","2"
"廷臣二十五人","1","1","2"
"走诉巡按御史","2","0","2"
"宣德五年五月","1","1","2"
"宁国知府袁旭","1","1","2"
"松江太守明日","1","1","2"
"永乐十八年进","1","1","2"
"乐十八年进士","1","1","2"
"河南参政孙原","1","1","2"
"都御史刘观荐","1","1","2"
"江西都司断事","1","1","2"
"威州土官董敏","1","1","2"
"举成化元年乡","2","0","2"
"南山崖官道数","1","1","2"
"山崖官道数里","1","1","2"
"弘治二年奉诏","1","1","2"
"稍迁刑部主事","2","0","2"
"闸外筑石堤四","1","1","2"
"外筑石堤四百","1","1","2"
"筑石堤四百余","1","1","2"
"石堤四百余丈","1","1","2"
"部尚书熊浃知","1","1","2"
"嘉靖十三年举","2","0","2"
"靖十三年举乡","2","0","2"
"六万七千余人","1","1","2"
"田三千六百亩","1","1","2"
"云南曲靖知府","1","1","2"
"万二千石备荒","1","1","2"
"授纺车八百余","1","1","2"
"纺车八百余辆","1","1","2"
"树三万八千余","1","1","2"
"三万八千余株","1","1","2"
"布政使刘浑成","1","1","2"
"灿成助妾杀妻","1","1","2"
"嘉兴人袁黄妄","1","1","2"
"故尚书潘季驯","1","1","2"
"推官阎世科列","1","1","2"
"稍迁户部主事","2","0","2"
"时监军佥事汤","1","1","2"
"监军佥事汤开","1","1","2"
"军佥事汤开远","1","1","2"
"佥事汤开远善","1","1","2"
"大典总督漕运","2","0","2"
"增设漕储道一","1","1","2"
"设漕储道一人","1","1","2"
"监纪推官应廷","1","1","2"
"纪推官应廷吉","1","1","2"
"令总兵官刘肇","1","1","2"
"总兵官刘肇基","1","1","2"
"陛下嗣登大宝","2","0","2"
"监军副使高岐","1","1","2"
"军副使高岐凤","1","1","2"
"副使高岐凤拔","1","1","2"
"使高岐凤拔营","1","1","2"
"五年迁工部右","2","0","2"
"年迁工部右侍","2","0","2"
"工二部中官张","2","0","2"
"二部中官张彝","2","0","2"
"部中官张彝宪","2","0","2"
"南京行人司副","1","1","2"
"擢山西提学佥","2","0","2"
"革里眼等七大","1","1","2"
"里眼等七大部","1","1","2"
"重臣总督江西","1","1","2"
"广巡按御史黄","1","1","2"
"九江佥事叶士","1","1","2"
"江佥事叶士彦","1","1","2"
"部将张世勋等","1","1","2"
"私制战车火器","1","1","2"
"使者李章玉征","1","1","2"
"徽州推官吴翔","1","1","2"
"兵部主事何刚","1","1","2"
"部主事何刚训","1","1","2"
"主事何刚训练","1","1","2"
"吏部尚书郑三","1","1","2"
"大臣方岳贡等","1","1","2"
"吏部考功司主","1","1","2"
"部考功司主事","1","1","2"
"吏部尚书张捷","1","1","2"
"淮徐兵备佥事","1","1","2"
"腾蛟兵部右侍","1","1","2"
"蛟兵部右侍郎","1","1","2"
"长沙知府周二","1","1","2"
"沙知府周二南","1","1","2"
"知府周二南请","1","1","2"
"腾蛟侍郎严恒","2","0","2"
"蛟侍郎严恒走","2","0","2"
"侍郎严恒走白","2","0","2"
"郎严恒走白牙","2","0","2"
"严恒走白牙市","2","0","2"
"大兵知桂林变","2","0","2"
"保昌侯曹志建","1","1","2"
"新宁侯赵印选","1","1","2"
"宁侯赵印选攻","1","1","2"
"监军御史余鲲","1","1","2"
"职方主事李甲","1","1","2"
"方主事李甲春","1","1","2"
"招忠贞营李赤","1","1","2"
"忠贞营李赤心","1","1","2"
"宝庆守将王进","1","1","2"
"庆守将王进才","1","1","2"
"举万历四十四","2","0","2"
"授吉安永丰知","1","1","2"
"吉安永丰知县","1","1","2"
"劾大学士刘鸿","1","1","2"
"川贵总督张鹤","1","1","2"
"贵总督张鹤鸣","1","1","2"
"宣府巡抚徐良","1","1","2"
"府巡抚徐良彦","1","1","2"
"贵宁参政胡平","1","1","2"
"宁参政胡平表","1","1","2"
"参政胡平表杀","1","1","2"
"政胡平表杀贼","1","1","2"
"方震孺巡抚广","1","1","2"
"震孺巡抚广西","1","1","2"
"中军官焦琏召","1","1","2"
"军官焦琏召邦","1","1","2"
"官焦琏召邦传","1","1","2"
"顺治三年九月","1","1","2"
"魁楚等议立永","2","0","2"
"楚等议立永明","2","0","2"
"等议立永明王","2","0","2"
"观生立唐王聿","2","0","2"
"生立唐王聿广","2","0","2"
"立唐王聿广州","2","0","2"
"遣总督林佳鼎","1","1","2"
"巡抚曹晔迎降","1","1","2"
"总督侍郎朱盛","1","1","2"
"督侍郎朱盛浓","1","1","2"
"布政使朱盛氵","1","1","2"
"政使朱盛氵调","1","1","2"
"桂林知府王惠","1","1","2"
"林知府王惠卿","1","1","2"
"安侯郝永忠驻","1","1","2"
"太常卿黄太元","1","1","2"
"庆国公陈邦传","1","1","2"
"主上患难相随","1","1","2"
"国公赵印选居","1","1","2"
"宁远伯王永祚","1","1","2"
"部将戚良勋请","1","1","2"
"劾兵部尚书杨","1","1","2"
"总督吴阿衡内","1","1","2"
"督吴阿衡内外","1","1","2"
"副将徐必达战","1","1","2"
"将徐必达战败","1","1","2"
"登万历四十四","2","0","2"
"湖西兵备佥事","1","1","2"
"职方主事周瑚","1","1","2"
"师杨嗣昌荐才","2","0","2"
"南京职方主事","1","1","2"
"先帝天资英武","1","1","2"
"南赣巡抚李永","1","1","2"
"赣巡抚李永茂","1","1","2"
"副将徐必达扼","1","1","2"
"江西巡抚旷昭","1","1","2"
"中书舍人张同","1","1","2"
"书舍人张同敞","1","1","2"
"舍人张同敞调","1","1","2"
"事中杨文荐奉","1","1","2"
"中杨文荐奉命","1","1","2"
"江西巡抚刘远","1","1","2"
"西巡抚刘远生","1","1","2"
"荐右佥都御史","2","0","2"
"大学士苏观生","1","1","2"
"兵部主事黎遂","1","1","2"
"部主事黎遂球","1","1","2"
"廷麟调广西狼","1","1","2"
"麟调广西狼兵","1","1","2"
"调广西狼兵八","1","1","2"
"广西狼兵八千","1","1","2"
"西狼兵八千人","1","1","2"
"崇祯十六年进","1","1","2"
"祯十六年进士","1","1","2"
"林院庶吉士张","1","1","2"
"院庶吉士张先","1","1","2"
"庶吉士张先生","1","1","2"
"令右佥都御史","2","0","2"
"都御史巡抚广","2","0","2"
"前尚书李觉斯","1","1","2"
"尚书李觉斯等","1","1","2"
"立永明王监国","1","1","2"
"永明王监国肇","2","0","2"
"明王监国肇庆","2","0","2"
"王太后垂帘坐","1","1","2"
"总督朱治忄间","1","1","2"
"清远指挥白常","1","1","2"
"远指挥白常灿","1","1","2"
"观生退入广州","1","1","2"
"监纪主事陈邦","1","1","2"
"纪主事陈邦彦","1","1","2"
"主事陈邦彦劝","1","1","2"
"十一月二日拥","1","1","2"
"一月二日拥立","1","1","2"
"番禺人陈际泰","1","1","2"
"魏忠贤等十二","1","1","2"
"忠贤等十二人","1","1","2"
"总督登莱巡抚","2","0","2"
"督登莱巡抚设","2","0","2"
"监军御史谢三","1","1","2"
"军御史谢三宾","1","1","2"
"明遇坐主抚误","2","0","2"
"遇坐主抚误国","2","0","2"
"国奇等关外兵","1","1","2"
"游击徐元亨等","1","1","2"
"六年二月中旬","1","1","2"
"游击刘良佐献","1","1","2"
"世荫锦衣百户","2","0","2"
"总理卢象升追","1","1","2"
"理卢象升追袭","1","1","2"
"总兵刘良佐等","1","1","2"
"兵刘良佐等击","1","1","2"
"御史郑昆贞等","1","1","2"
"知县赵士彦重","1","1","2"
"县赵士彦重伤","1","1","2"
"苏州九里石塘","1","1","2"
"工部右侍郎右","2","0","2"
"吏部尚书徐石","1","1","2"
"总兵官方国安","1","1","2"
"顺治三年五月","1","1","2"
"天启五年进士","1","1","2"
"定西侯张名振","1","1","2"
"兵部尚书李向","1","1","2"
"部尚书李向中","1","1","2"
"吏部侍郎朱永","1","1","2"
"部侍郎朱永佑","1","1","2"
"安洋将军刘世","1","1","2"
"洋将军刘世勋","1","1","2"
"左都督张名扬","1","1","2"
"召右佥都御史","2","0","2"
"樱请巡抚邹维","1","1","2"
"副总兵郑芝龙","1","1","2"
"荐苏州同知晏","1","1","2"
"苏州同知晏日","1","1","2"
"州同知晏日曙","1","1","2"
"归德推官万元","1","1","2"
"德推官万元吉","1","1","2"
"巡抚王永吉所","1","1","2"
"浙江按察佥事","1","1","2"
"廷推吏部尚书","2","0","2"
"邯郸落成吕仙","1","1","2"
"郸落成吕仙祠","1","1","2"
"思忠元旦贺表","1","1","2"
"发咸宁侯仇鸾","1","1","2"
"咸宁侯仇鸾罪","1","1","2"
"宁侯仇鸾罪状","1","1","2"
"予一子中书舍","2","0","2"
"子世蕃贪横淫","1","1","2"
"世蕃贪横淫纵","1","1","2"
"事御史抨击过","1","1","2"
"方士胡大顺等","1","1","2"
"士胡大顺等劝","1","1","2"
"朝野号恸感激","1","1","2"
"御史齐康劾阶","2","0","2"
"令操江都御史","1","1","2"
"操江都御史唐","1","1","2"
"江都御史唐继","1","1","2"
"国子监祭酒事","1","1","2"
"进少保太子太","2","0","2"
"奏土司安国亨","1","1","2"
"土司安国亨将","1","1","2"
"时大学士赵贞","1","1","2"
"事中韩楫劾贞","2","0","2"
"中韩楫劾贞吉","2","0","2"
"尚宝卿刘奋庸","1","1","2"
"宝卿刘奋庸上","1","1","2"
"右侍郎翰林院","2","0","2"
"侍郎翰林院学","2","0","2"
"郎翰林院学士","2","0","2"
"居正吏部左侍","2","0","2"
"正吏部左侍郎","2","0","2"
"慨然天下己任","2","0","2"
"中外想望丰采","2","0","2"
"御史傅应祯继","1","1","2"
"事中徐贞明等","1","1","2"
"居正阳具疏救","2","0","2"
"吏部左侍郎张","1","1","2"
"部左侍郎张四","1","1","2"
"左侍郎张四维","1","1","2"
"两广督抚殷正","1","1","2"
"广督抚殷正茂","1","1","2"
"能视皇帝朝夕","2","0","2"
"帝遣司礼中官","2","0","2"
"户部侍郎李幼","1","1","2"
"部侍郎李幼孜","1","1","2"
"吏部尚书张瀚","1","1","2"
"事中陈三谟等","1","1","2"
"进士邹元标相","1","1","2"
"士邹元标相继","1","1","2"
"邹元标相继争","1","1","2"
"司礼太监魏朝","1","1","2"
"礼部主事曹诰","1","1","2"
"工部主事徐应","1","1","2"
"部主事徐应聘","1","1","2"
"元辅张少师先","1","1","2"
"辅张少师先生","1","1","2"
"尚宝少卿郑钦","1","1","2"
"锦衣指挥史继","1","1","2"
"衣指挥史继书","1","1","2"
"指挥史继书护","1","1","2"
"帝赉忠良银印","1","1","2"
"次辅吕调阳等","1","1","2"
"礼部尚书马强","2","0","2"
"吏部右侍郎申","1","1","2"
"部右侍郎申时","1","1","2"
"右侍郎申时行","1","1","2"
"遣司礼太监张","1","1","2"
"司礼太监张宏","1","1","2"
"遣锦衣指挥翟","1","1","2"
"锦衣指挥翟汝","1","1","2"
"衣指挥翟汝敬","1","1","2"
"抚按大吏越界","1","1","2"
"按大吏越界迎","1","1","2"
"大吏越界迎送","1","1","2"
"遣司礼太监何","1","1","2"
"司礼太监何进","1","1","2"
"八宝金钉川扇","1","1","2"
"太师张太岳先","1","1","2"
"师张太岳先生","1","1","2"
"荐尚书徐学谟","1","1","2"
"进中极殿大学","2","0","2"
"长子礼部主事","1","1","2"
"侍郎罗喻义等","1","1","2"
"同敞中书舍人","1","1","2"
"超擢翰林学士","2","0","2"
"劾吏部尚书王","1","1","2"
"居正将归葬父","2","0","2"
"进士薛敷教劾","2","0","2"
"二十年春举行","2","0","2"
"将廷杖吴中行","2","0","2"
"召吏部左侍郎","2","0","2"
"总兵官杨绍勋","1","1","2"
"事中吴文梓等","1","1","2"
"锡爵性刚负气","2","0","2"
"部郎顾宪成等","1","1","2"
"工部郎中岳元","1","1","2"
"部郎中岳元声","1","1","2"
"郎中岳元声极","1","1","2"
"事中刘道亨劾","2","0","2"
"右都御史徐作","1","1","2"
"故官东阁大学","2","0","2"
"事中汪若霖继","1","1","2"
"礼部主事郑振","1","1","2"
"部主事郑振先","1","1","2"
"辽总督都御史","1","1","2"
"督都御史刘焘","1","1","2"
"南京督储都御","1","1","2"
"京督储都御史","1","1","2"
"督储都御史曾","1","1","2"
"同官欧阳一敬","1","1","2"
"官欧阳一敬等","1","1","2"
"大理卿朱廷立","1","1","2"
"刑部侍郎詹瀚","1","1","2"
"部侍郎詹瀚共","1","1","2"
"劾太常少卿晋","1","1","2"
"太常少卿晋应","1","1","2"
"常少卿晋应槐","1","1","2"
"南京侍郎傅颐","1","1","2"
"宁夏巡抚王崇","1","1","2"
"夏巡抚王崇古","1","1","2"
"湖广参政孙弘","1","1","2"
"广参政孙弘轼","1","1","2"
"礼部尚书董份","1","1","2"
"事中胡应嘉劾","2","0","2"
"中胡应嘉劾博","2","0","2"
"湖广巡按陈省","1","1","2"
"国公沐朝弼残","1","1","2"
"兵部尚书彭泽","1","1","2"
"迁福建提学副","2","0","2"
"御史贺一桂等","1","1","2"
"武王玩人丧德","1","1","2"
"御史余嘉诏等","1","1","2"
"劾大学士王锡","1","1","2"
"京右都御史耿","1","1","2"
"右都御史耿定","1","1","2"
"都御史耿定向","1","1","2"
"吏部侍郎赵焕","1","1","2"
"兵部侍郎沈子","1","1","2"
"部侍郎沈子木","1","1","2"
"侍郎沈子木相","1","1","2"
"郎沈子木相继","1","1","2"
"御史王麟趾等","1","1","2"
"劾诚意伯刘世","1","1","2"
"福建巡抚涂泽","1","1","2"
"建巡抚涂泽民","1","1","2"
"屡迁湖广副使","2","0","2"
"遣中官督织造","2","0","2"
"户部尚书刘体","1","1","2"
"部尚书刘体乾","1","1","2"
"礼部主事宋儒","1","1","2"
"江都御史王篆","1","1","2"
"劾检讨梁绍儒","1","1","2"
"检讨梁绍儒阿","1","1","2"
"文选郎中白璧","1","1","2"
"南京御史谭希","1","1","2"
"京御史谭希思","1","1","2"
"巡抚周孔教捐","1","1","2"
"举嘉靖三十八","2","0","2"
"令副使杨一桂","1","1","2"
"入南京大理卿","2","0","2"
"都御史督漕运","2","0","2"
"巡抚李世达等","1","1","2"
"千七百七十六","1","1","2"
"七百七十六丈","1","1","2"
"三千三十六丈","1","1","2"
"五千三百九十","1","1","2"
"千三百九十丈","1","1","2"
"改南京刑部尚","2","0","2"
"威茂兵备副使","1","1","2"
"提督吴桂芳平","1","1","2"
"巡抚殷正茂平","1","1","2"
"令总兵官李锡","1","1","2"
"按察使吴一介","1","1","2"
"掌南京都察院","2","0","2"
"累官右副都御","2","0","2"
"劾应天巡抚周","1","1","2"
"应天巡抚周继","1","1","2"
"四川巡抚徐元","1","1","2"
"川巡抚徐元泰","1","1","2"
"观政进士薛敷","1","1","2"
"政进士薛敷教","1","1","2"
"南京御史黄仁","1","1","2"
"京御史黄仁荣","1","1","2"
"论魏国公徐邦","1","1","2"
"魏国公徐邦瑞","1","1","2"
"户部尚书督仓","2","0","2"
"部尚书督仓场","2","0","2"
"事中张问达所","1","1","2"
"举嘉靖二十六","2","0","2"
"尚鹏等三人分","1","1","2"
"左都御史张永","1","1","2"
"都御史张永明","1","1","2"
"举嘉靖三十五","2","0","2"
"刑部侍郎洪朝","1","1","2"
"部侍郎洪朝选","1","1","2"
"迁山东左布政","2","0","2"
"寻迁兵部右侍","2","0","2"
"福建提学佥事","1","1","2"
"都御史巡抚福","2","0","2"
"御史巡抚福建","2","0","2"
"京工部主事赵","1","1","2"
"工部主事赵学","1","1","2"
"部主事赵学仕","1","1","2"
"大学士志皋族","2","0","2"
"故都御史李材","2","0","2"
"南京御史陈所","1","1","2"
"京御史陈所闻","1","1","2"
"南京尚书赵参","1","1","2"
"京尚书赵参鲁","1","1","2"
"尚书赵参鲁等","1","1","2"
"长芦盐运司知","1","1","2"
"芦盐运司知事","1","1","2"
"赵贤绝婚事讦","2","0","2"
"户部郎中郑材","1","1","2"
"御史宋兴祖请","1","1","2"
"南京言官拾遗","2","0","2"
"迁南京右佥都","2","0","2"
"佥都御史督操","2","0","2"
"都御史督操江","2","0","2"
"诏进太子太保","2","0","2"
"兵部武库主事","1","1","2"
"大学士翟銮巡","1","1","2"
"士卒多寡强弱","1","1","2"
"暇修筑肃州榆","1","1","2"
"修筑肃州榆树","1","1","2"
"筑肃州榆树泉","1","1","2"
"甘州平川境外","1","1","2"
"州平川境外大","1","1","2"
"平川境外大芦","1","1","2"
"川境外大芦泉","1","1","2"
"镇羌参将蔡勋","1","1","2"
"羌参将蔡勋等","1","1","2"
"斩首百四十余","2","0","2"
"首百四十余级","2","0","2"
"总兵官周益昌","1","1","2"
"兵官周益昌等","1","1","2"
"兵部尚书许论","1","1","2"
"侍郎江东等大","1","1","2"
"郎江东等大军","1","1","2"
"江东等大军进","1","1","2"
"接左卫高山站","1","1","2"
"总督翁万达所","1","1","2"
"督翁万达所创","1","1","2"
"大总督江东统","1","1","2"
"尚书刘体乾等","1","1","2"
"进少师太子太","2","0","2"
"十四年成进士","2","0","2"
"荐布政使宋淳","1","1","2"
"刑部尚书郑晓","1","1","2"
"司礼太监鲍忠","1","1","2"
"迁刑部左侍郎","1","1","2"
"凤阳园陵九卫","1","1","2"
"阳园陵九卫官","1","1","2"
"园陵九卫官军","1","1","2"
"陵九卫官军四","1","1","2"
"九卫官军四万","1","1","2"
"存三百七十万","1","1","2"
"二百七十六万","1","1","2"
"副都御史章焕","1","1","2"
"都御史章焕专","1","1","2"
"巡按御史朱纲","1","1","2"
"按御史朱纲奏","1","1","2"
"廷同英国公张","1","1","2"
"同英国公张溶","1","1","2"
"巡城御史李学","1","1","2"
"城御史李学道","1","1","2"
"江巡按御史谢","1","1","2"
"巡按御史谢廷","1","1","2"
"按御史谢廷杰","1","1","2"
"都御史曾省吾","1","1","2"
"定方士王金等","1","1","2"
"年举乡试第一","2","0","2"
"举行册立皇太","1","1","2"
"行册立皇太子","1","1","2"
"任一子尚宝丞","2","0","2"
"疏请早建东宫","2","0","2"
"言官三十余人","2","0","2"
"请复建文年号","2","0","2"
"时年七十一矣","2","0","2"
"郎郭正域请行","2","0","2"
"郭正域请行勘","2","0","2"
"司礼太监陈矩","1","1","2"
"礼太监陈矩侍","1","1","2"
"乳母翊圣夫人","1","1","2"
"母翊圣夫人金","1","1","2"
"翊圣夫人金氏","1","1","2"
"世袭詹事主簿","1","1","2"
"陕西税使梁永","1","1","2"
"东税使高淮假","1","1","2"
"大书责难陈善","1","1","2"
"书责难陈善四","1","1","2"
"礼部主事聂云","1","1","2"
"部主事聂云翰","1","1","2"
"事中王元翰等","1","1","2"
"命礼部尚书东","2","0","2"
"廷机力主撤兵","1","1","2"
"礼部尚书刘楚","1","1","2"
"部尚书刘楚先","1","1","2"
"副都御史季文","1","1","2"
"事中刘文炳攻","1","1","2"
"礼部尚书陆树","1","1","2"
"部尚书陆树声","1","1","2"
"大同总兵官孙","1","1","2"
"同总兵官孙吴","1","1","2"
"山西副总兵田","1","1","2"
"西副总兵田世","1","1","2"
"副总兵田世威","1","1","2"
"总兵田世威等","1","1","2"
"巡抚王继洛驻","1","1","2"
"都指挥耿宗元","1","1","2"
"中欧阳一敬等","1","1","2"
"井陉兵备副使","1","1","2"
"天巡抚耿随卿","1","1","2"
"永平西门抵海","1","1","2"
"平西门抵海口","1","1","2"
"武选郎中周冕","1","1","2"
"岢岚兵备副使","1","1","2"
"西巡抚戴才坐","2","0","2"
"巡抚戴才坐免","2","0","2"
"总兵官马芳骁","1","1","2"
"兵官马芳骁勇","1","1","2"
"时尚宝丞徐贞","1","1","2"
"尚宝丞徐贞明","1","1","2"
"管事指挥罗秀","1","1","2"
"湖广左布政使","1","1","2"
"御史刘思贤等","1","1","2"
"兵马指挥孙承","1","1","2"
"马指挥孙承芳","1","1","2"
"南京大理卿召","1","1","2"
"帝御午门楼受","2","0","2"
"御午门楼受俘","2","0","2"
"辑嘉靖三十四","2","0","2"
"靖三十四年后","2","0","2"
"寻进右副都御","2","0","2"
"光湖风涛险恶","1","1","2"
"迁南京兵部右","2","0","2"
"大兴知县王阶","1","1","2"
"巡风主事孙承","1","1","2"
"风主事孙承荣","1","1","2"
"驸马都尉侯拱","1","1","2"
"马都尉侯拱宸","1","1","2"
"兵马指挥何价","1","1","2"
"马指挥何价虐","1","1","2"
"御史刘思瑜庇","1","1","2"
"万五千八百人","1","1","2"
"考功郎徐必达","1","1","2"
"事中钱梦皋等","1","1","2"
"劾典营务镇远","1","1","2"
"典营务镇远侯","1","1","2"
"营务镇远侯顾","1","1","2"
"务镇远侯顾寰","1","1","2"
"协理佥都御史","1","1","2"
"理佥都御史李","1","1","2"
"佥都御史李燧","1","1","2"
"事中胡应嘉言","2","0","2"
"巡抚保定六府","2","0","2"
"御史张鸣冈等","1","1","2"
"工部尚书何鸣","2","0","2"
"刑部主事王德","1","1","2"
"部主事王德新","1","1","2"
"御史顾龙桢巡","1","1","2"
"侍郎杨时乔主","1","1","2"
"事中陈嘉训等","1","1","2"
"天下晓然知圣","2","0","2"
"侍郎张养蒙避","1","1","2"
"江西税监潘相","1","1","2"
"岁增金花银二","2","0","2"
"增金花银二十","2","0","2"
"三十四年三月","1","1","2"
"历吏科都事中","2","0","2"
"召户部左侍郎","2","0","2"
"辽东巡抚周永","1","1","2"
"东巡抚周永春","1","1","2"
"巡抚周永春请","1","1","2"
"礼部右侍郎改","1","1","2"
"王家屏先后同","1","1","2"
"家屏先后同居","1","1","2"
"事御史王士性","1","1","2"
"尚宝卿徐贞明","1","1","2"
"皇长子十五岁","1","1","2"
"言官姜应麟等","1","1","2"
"尚书罗万化等","1","1","2"
"诏书称祗承宗","1","1","2"
"书称祗承宗社","1","1","2"
"尚书杨俊民等","1","1","2"
"事中王德完等","1","1","2"
"郎中赵南星斥","2","0","2"
"同官胡嘉栋等","1","1","2"
"历官吏部左侍","2","0","2"
"官吏部左侍郎","2","0","2"
"侍郎侍读学士","2","0","2"
"建言废黜诸臣","2","0","2"
"时吏部尚书李","1","1","2"
"左都御史温纯","1","1","2"
"司礼太监田义","1","1","2"
"医生沈令誉等","1","1","2"
"发卒围正域舟","2","0","2"
"屡迁国子祭酒","2","0","2"
"学士叶向高请","2","0","2"
"令工部侍郎林","1","1","2"
"大江南北相继","1","1","2"
"都御史数年空","1","1","2"
"大清兵克抚顺","2","0","2"
"望陛下大奋乾","2","0","2"
"兵科事中赵兴","2","0","2"
"科事中赵兴邦","2","0","2"
"礼部主事夏嘉","1","1","2"
"部主事夏嘉遇","1","1","2"
"官崔文升进泄","1","1","2"
"刑部主事孙朝","1","1","2"
"部主事孙朝肃","1","1","2"
"左都御史张问","1","1","2"
"都御史张问达","1","1","2"
"鸿胪寺丞李灼","2","0","2"
"选侍居乾清宫","2","0","2"
"御史王安舜劾","2","0","2"
"光禄少卿高攀","1","1","2"
"禄少卿高攀龙","1","1","2"
"尚书孙慎行追","1","1","2"
"吏部尚书张问","1","1","2"
"部尚书张问达","1","1","2"
"户部尚书汪应","1","1","2"
"部尚书汪应蛟","1","1","2"
"授礼部仪制主","2","0","2"
"迁南京刑部右","2","0","2"
"洋人利玛窦入","1","1","2"
"材官王应斗等","1","1","2"
"驸马都尉王昺","2","0","2"
"事中李东华等","1","1","2"
"吏科梁梦龙等","1","1","2"
"部尚书吴鹏劾","2","0","2"
"嘉靖二十年会","1","1","2"
"靖二十年会试","1","1","2"
"召吏部右侍郎","2","0","2"
"时恭顺侯吴继","1","1","2"
"召礼部左侍郎","2","0","2"
"二年会试第一","2","0","2"
"修撰沈懋学等","1","1","2"
"左侍郎李长春","1","1","2"
"礼部左侍郎韩","1","1","2"
"部左侍郎韩世","1","1","2"
"左侍郎韩世能","1","1","2"
"地涌大小山五","2","0","2"
"采访都城内外","1","1","2"
"尚书余继登奏","1","1","2"
"书余继登奏请","1","1","2"
"余继登奏请约","1","1","2"
"分校官汤宾尹","1","1","2"
"知贡举吴道南","1","1","2"
"令御史金明时","1","1","2"
"四十五年京察","2","0","2"
"三十八年九月","1","1","2"
"御史马孟祯等","1","1","2"
"南京御史章守","1","1","2"
"京御史章守诚","1","1","2"
"文献偕僚杨道","2","0","2"
"献偕僚杨道宾","2","0","2"
"荆州推官华钰","1","1","2"
"江西都司理问","1","1","2"
"长芦盐运判官","1","1","2"
"受权珰害处权","2","0","2"
"权珰害处权珰","2","0","2"
"珰害处权珰法","2","0","2"
"擢南京国子祭","2","0","2"
"布昭圣武讲义","1","1","2"
"舅文震孟同学","1","1","2"
"劾祭酒倪元璐","1","1","2"
"中书黄应恩告","1","1","2"
"乐天者保天下","1","1","2"
"南京礼部左侍","1","1","2"
"京礼部左侍郎","1","1","2"
"靖康二年五月","1","1","2"
"吏部尚书张慎","1","1","2"
"部尚书张慎言","1","1","2"
"迁福建按察使","2","0","2"
"陕西巡抚陈价","1","1","2"
"功进左副都御","2","0","2"
"入兵部右侍郎","2","0","2"
"令司礼太监怀","1","1","2"
"礼太监怀恩等","1","1","2"
"太监怀恩等七","1","1","2"
"监怀恩等七人","1","1","2"
"年进右都御史","2","0","2"
"盐价银五万两","1","1","2"
"谤书射入东长","1","1","2"
"书射入东长安","1","1","2"
"射入东长安门","1","1","2"
"入东长安门内","1","1","2"
"小王子数万骑","2","0","2"
"令副总兵彭清","1","1","2"
"锦衣腾骧四卫","2","0","2"
"腾骧四卫中选","1","1","2"
"骧四卫中选补","1","1","2"
"陕西织造内臣","1","1","2"
"太子太保屡加","1","1","2"
"吏部尚书屠滽","1","1","2"
"汰传奉官七百","1","1","2"
"传奉官七百六","1","1","2"
"奉官七百六十","1","1","2"
"官七百六十三","1","1","2"
"七百六十三人","1","1","2"
"留太仆卿李纶","1","1","2"
"太仆卿李纶等","1","1","2"
"仆卿李纶等十","1","1","2"
"卿李纶等十七","1","1","2"
"李纶等十七人","1","1","2"
"赠特进光禄大","2","0","2"
"迁广东右布政","2","0","2"
"部尚书王恕等","1","1","2"
"命左佥都御史","2","0","2"
"总制两广军务","2","0","2"
"皆权幸所便者","2","0","2"
"保定设都司统","1","1","2"
"四方镇守中官","2","0","2"
"司礼太监李荣","1","1","2"
"大汉将军薛福","1","1","2"
"汉将军薛福敬","1","1","2"
"将军薛福敬等","1","1","2"
"军薛福敬等四","1","1","2"
"薛福敬等四十","1","1","2"
"福敬等四十八","1","1","2"
"敬等四十八人","1","1","2"
"香祝刘尚书生","1","1","2"
"清军御史王相","1","1","2"
"军御史王相请","1","1","2"
"乌蒙奸民什伽","1","1","2"
"迁湖广右布政","2","0","2"
"十六年擢右副","2","0","2"
"六年擢右副都","2","0","2"
"安宁宣抚使杨","1","1","2"
"宁宣抚使杨友","1","1","2"
"夺嫡弟播州宣","1","1","2"
"嫡弟播州宣慰","1","1","2"
"弟播州宣慰使","1","1","2"
"刑部尚书杜铭","1","1","2"
"必赍精微批文","2","0","2"
"按江西御史陈","1","1","2"
"江西御史陈诠","1","1","2"
"御史邹鲁挟私","1","1","2"
"广昌知县张杰","1","1","2"
"太常少卿侍读","2","0","2"
"官请修黄村尼","1","1","2"
"奉御赵瑄献雄","2","0","2"
"御赵瑄献雄县","2","0","2"
"赵瑄献雄县地","2","0","2"
"闲田任民开垦","1","1","2"
"劾外戚张鹤龄","1","1","2"
"衡阳县河泊所","1","1","2"
"祖宗朝织染诸","1","1","2"
"宗朝织染诸局","1","1","2"
"朝织染诸局供","1","1","2"
"导陛下劳民伤","1","1","2"
"陛下劳民伤财","1","1","2"
"仓场监督内官","1","1","2"
"少监莫英等三","1","1","2"
"监莫英等三人","1","1","2"
"河南退滩地二","1","1","2"
"南退滩地二十","1","1","2"
"退滩地二十余","1","1","2"
"滩地二十余里","1","1","2"
"赤马诸河泊所","1","1","2"
"基乡里子孙世","1","1","2"
"乡里子孙世世","1","1","2"
"里子孙世世颂","1","1","2"
"宪庙皇亲柏权","1","1","2"
"婿兵部尚书曹","1","1","2"
"御史张祯等相","1","1","2"
"史张祯等相继","1","1","2"
"超迁浙江按察","2","0","2"
"条上救荒数事","2","0","2"
"诏左副都御史","2","0","2"
"崇文门宣课司","1","1","2"
"文门宣课司税","1","1","2"
"言请增设御史","1","1","2"
"地万二千八百","2","0","2"
"万二千八百余","1","1","2"
"二千八百余顷","1","1","2"
"地三万三千一","1","1","2"
"三万三千一百","1","1","2"
"三千一百余顷","1","1","2"
"守备太监蒋琮","1","1","2"
"备太监蒋琮相","1","1","2"
"赐名紫云书院","1","1","2"
"哈密土鲁番所","2","0","2"
"官龙绶请开银","1","1","2"
"龙绶请开银矿","1","1","2"
"登正统十三年","1","1","2"
"统十三年进士","2","0","2"
"遣大臣巡视保","1","1","2"
"大臣巡视保定","1","1","2"
"户部侍郎总督","1","1","2"
"部侍郎总督仓","1","1","2"
"侍郎总督仓场","1","1","2"
"奸人横行江湖","1","1","2"
"治六年进士第","2","0","2"
"议兴献王主祀","2","0","2"
"澄大会文武群","1","1","2"
"大会文武群臣","1","1","2"
"汉成帝立定陶","1","1","2"
"成帝立定陶王","1","1","2"
"时大司空师丹","1","1","2"
"子崇仁王厚炫","2","0","2"
"澄复会廷臣上","2","0","2"
"复会廷臣上议","2","0","2"
"会廷臣上议曰","2","0","2"
"代彭思永议濮","1","1","2"
"彭思永议濮王","1","1","2"
"思永议濮王礼","1","1","2"
"永议濮王礼疏","1","1","2"
"请改称兴献王","1","1","2"
"宪庙皇妃邵氏","1","1","2"
"九卿乔宇等合","1","1","2"
"清宁宫后三小","2","0","2"
"宁宫后三小宫","2","0","2"
"宫后三小宫灾","2","0","2"
"弘治六年会试","1","1","2"
"治六年会试第","1","1","2"
"六年会试第一","1","1","2"
"转吏部左侍郎","2","0","2"
"称兴献帝本生","2","0","2"
"兴献帝本生皇","2","0","2"
"帝本生皇考恭","2","0","2"
"兴国太后本生","2","0","2"
"本生母章圣皇","1","1","2"
"生母章圣皇太","1","1","2"
"陛下入继大统","2","0","2"
"欲奉先殿侧建","2","0","2"
"奉先殿侧建一","2","0","2"
"先殿侧建一室","2","0","2"
"留一皇字觇陛","2","0","2"
"一皇字觇陛下","2","0","2"
"嘉靖三年四月","1","1","2"
"名奉先殿西室","1","1","2"
"入内阁专典诰","2","0","2"
"内阁专典诰敕","2","0","2"
"云南按察司佥","1","1","2"
"南按察司佥事","1","1","2"
"万岁山毓秀亭","1","1","2"
"皇叔考兴献大","1","1","2"
"叔考兴献大王","1","1","2"
"皇叔母兴献大","1","1","2"
"叔母兴献大王","1","1","2"
"母兴献大王妃","1","1","2"
"陛下称先皇帝","1","1","2"
"称本生皇考恭","2","0","2"
"编修王相等十","1","1","2"
"修王相等十八","1","1","2"
"南京工部左侍","1","1","2"
"京工部左侍郎","1","1","2"
"上恭穆献皇帝","1","1","2"
"加献皇帝庙号","2","0","2"
"献皇帝庙号称","2","0","2"
"皇帝庙号称宗","2","0","2"
"江西副使胡世","1","1","2"
"西副使胡世宁","1","1","2"
"正德十一年十","1","1","2"
"德十一年十月","1","1","2"
"河南按察副使","1","1","2"
"年举治行卓异","2","0","2"
"讨四川山都掌","1","1","2"
"红板仓二十间","1","1","2"
"弘治元年四月","1","1","2"
"举景泰二年进","2","0","2"
"宋元通鉴纲目","1","1","2"
"陛下朗读经书","1","1","2"
"召大臣面议政","1","1","2"
"大臣面议政事","1","1","2"
"迁南京侍讲学","2","0","2"
"迁南京太常卿","2","0","2"
"左侍郎学士入","2","0","2"
"年擢吏部右侍","2","0","2"
"年进礼部尚书","2","0","2"
"祖宗承前代旧","1","1","2"
"设立乌思藏诸","1","1","2"
"立乌思藏诸司","1","1","2"
"广东布政使罗","1","1","2"
"东布政使罗荣","1","1","2"
"布政使罗荣等","1","1","2"
"言镇守内臣入","1","1","2"
"镇守内臣入贡","1","1","2"
"列上累朝停革","1","1","2"
"四方水旱盗贼","1","1","2"
"湖广提学佥事","1","1","2"
"南京吏部左侍","1","1","2"
"京吏部左侍郎","1","1","2"
"马都尉崔元等","1","1","2"
"泰威武副将军","2","0","2"
"平贼将军前驱","1","1","2"
"会推南京吏部","2","0","2"
"京吏部尚书刘","1","1","2"
"吏部尚书刘春","1","1","2"
"少师梁储等请","1","1","2"
"礼中官魏彬等","1","1","2"
"军门办事官校","1","1","2"
"宣府行宫金宝","2","0","2"
"时平虏伯江彬","1","1","2"
"都督佥事李琮","1","1","2"
"督佥事李琮尤","1","1","2"
"司礼中官温祥","1","1","2"
"礼中官温祥四","1","1","2"
"十四万八千七","1","1","2"
"四万八千七百","1","1","2"
"百五十三万二","1","1","2"
"五十三万二千","1","1","2"
"孝宗敬皇帝亲","1","1","2"
"宗敬皇帝亲弟","1","1","2"
"尊孝宗曰皇考","2","0","2"
"皇叔考兴国大","1","1","2"
"叔考兴国大王","1","1","2"
"皇叔母兴国太","1","1","2"
"叔母兴国太妃","1","1","2"
"未闻追崇所生","2","0","2"
"闻追崇所生父","2","0","2"
"帝遣司礼太监","2","0","2"
"慈寿皇太后圣","2","0","2"
"寿皇太后圣母","2","0","2"
"子锦衣卫指挥","1","1","2"
"定议礼诸臣罪","2","0","2"
"问大学士李时","1","1","2"
"成化十四年会","1","1","2"
"化十四年会试","1","1","2"
"国公徐光祚等","1","1","2"
"事中张九叙等","1","1","2"
"吏部侍郎桂萼","1","1","2"
"部侍郎桂萼等","1","1","2"
"举成化末年进","2","0","2"
"南京侍读学士","1","1","2"
"王邦奇讦杨廷","2","0","2"
"赐白金五十两","1","1","2"
"遍观服食器具","1","1","2"
"指道旁荆楚曰","2","0","2"
"带刀舍人周宗","1","1","2"
"刀舍人周宗上","1","1","2"
"舍人周宗上书","1","1","2"
"人周宗上书乞","1","1","2"
"中书省都督府","1","1","2"
"书省都督府请","1","1","2"
"历代东宫官制","1","1","2"
"张杰等十余人","1","1","2"
"侍太子读书禁","2","0","2"
"太子读书禁中","2","0","2"
"殿中侍御史郭","1","1","2"
"中侍御史郭渊","1","1","2"
"侍御史郭渊友","1","1","2"
"御史郭渊友等","1","1","2"
"谕德朝贺东宫","1","1","2"
"训谕太子诸王","1","1","2"
"大本堂玉图记","1","1","2"
"御史胡子祺上","1","1","2"
"史胡子祺上书","1","1","2"
"正德十四年薨","2","0","2"
"王世子入嗣大","1","1","2"
"世子入嗣大统","1","1","2"
"进士张璁上书","1","1","2"
"士张璁上书请","1","1","2"
"加称本生父兴","1","1","2"
"称本生父兴献","1","1","2"
"高皇帝迁祖陵","2","0","2"
"小臣妄议山陵","1","1","2"
"通州同知丰坊","1","1","2"
"州同知丰坊请","1","1","2"
"加尊皇考庙号","1","1","2"
"议封益王次子","1","1","2"
"封益王次子崇","1","1","2"
"次子崇仁王厚","1","1","2"
"景隆兵败白沟","1","1","2"
"隆兵败白沟河","1","1","2"
"宋参军等誓死","1","1","2"
"平安统兵二十","1","1","2"
"安统兵二十万","1","1","2"
"命辽东总兵官","1","1","2"
"燕将宋贵等所","1","1","2"
"将宋贵等所败","1","1","2"
"洪武三十年进","2","0","2"
"武三十年进士","2","0","2"
"录诚意伯刘基","1","1","2"
"云南布政使韩","1","1","2"
"南布政使韩宜","1","1","2"
"钦天监副刘伯","1","1","2"
"天监副刘伯完","1","1","2"
"监副刘伯完等","1","1","2"
"佥都御史刘观","1","1","2"
"凤阳中卫指挥","1","1","2"
"阳中卫指挥使","1","1","2"
"燕府护卫壮士","1","1","2"
"阆中教谕严德","1","1","2"
"中教谕严德政","1","1","2"
"国子博士王绅","1","1","2"
"永乐二年太子","2","0","2"
"事中马俊分巡","1","1","2"
"中马俊分巡应","1","1","2"
"马俊分巡应天","1","1","2"
"震婿主事张鹤","2","0","2"
"主事张鹤朝参","2","0","2"
"事张鹤朝参失","2","0","2"
"张鹤朝参失仪","2","0","2"
"创制蹇忠贞印","1","1","2"
"朕君臣共济艰","1","1","2"
"君臣共济艰难","1","1","2"
"伤朝廷优老待","1","1","2"
"朝廷优老待贤","1","1","2"
"望敬守祖宗成","1","1","2"
"敬守祖宗成宪","1","1","2"
"命侍郎李文郁","1","1","2"
"陕西参政宋性","1","1","2"
"增设武卫百司","1","1","2"
"兵部尚书方宾","1","1","2"
"工部尚书吴中","1","1","2"
"部尚书吴中等","1","1","2"
"赐绳愆纠缪银","2","0","2"
"三杨同心辅政","1","1","2"
"事道士席应真","1","1","2"
"密劝成祖举兵","1","1","2"
"平安等先后败","1","1","2"
"破房昭西水寨","1","1","2"
"济南卫副千户","1","1","2"
"安庆卫指挥佥","1","1","2"
"朱能东攻蓟州","1","1","2"
"都督徐凯军河","2","0","2"
"督徐凯军河间","2","0","2"
"江阴侯吴高辽","2","0","2"
"阴侯吴高辽东","2","0","2"
"侯吴高辽东兵","2","0","2"
"吴高辽东兵围","2","0","2"
"高辽东兵围永","2","0","2"
"十万众将攻北","2","0","2"
"万众将攻北平","2","0","2"
"李景隆围北平","1","1","2"
"燕山护卫副千","1","1","2"
"山护卫副千户","1","1","2"
"大败耿炳文军","1","1","2"
"累迁右军都督","2","0","2"
"左军都督府左","1","1","2"
"禄二千二百石","1","1","2"
"授燕山中护卫","2","0","2"
"燕山中护卫千","1","1","2"
"山中护卫千户","1","1","2"
"中军都督同知","1","1","2"
"金忠等辅导皇","1","1","2"
"忠等辅导皇长","1","1","2"
"等辅导皇长孙","1","1","2"
"累功都督佥事","2","0","2"
"燕山右护卫副","1","1","2"
"山右护卫副千","1","1","2"
"右护卫副千户","1","1","2"
"俘获七千余人","1","1","2"
"连格杀数十人","1","1","2"
"大宁行都司所","1","1","2"
"营州二十余卫","1","1","2"
"遂刘家口间道","2","0","2"
"成祖尽拔诸军","1","1","2"
"秦府长安郡主","1","1","2"
"府长安郡主仪","1","1","2"
"长安郡主仪宾","1","1","2"
"永乐七年二月","1","1","2"
"十六年六月进","1","1","2"
"修广西兴安县","1","1","2"
"广西兴安县灵","1","1","2"
"西兴安县灵渠","1","1","2"
"增高中江石堤","1","1","2"
"运盐八十五万","1","1","2"
"盐八十五万余","1","1","2"
"八十五万余引","1","1","2"
"三十万八千余","1","1","2"
"十万八千余引","1","1","2"
"万八千余引贮","1","1","2"
"月擢右都御史","2","0","2"
"试翰林编纂官","1","1","2"
"奸臣二十九人","1","1","2"
"户部尚书王钝","1","1","2"
"部尚书王钝解","1","1","2"
"高皇帝立法创","1","1","2"
"皇帝立法创制","1","1","2"
"迁浙江左布政","2","0","2"
"湖广布政司参","1","1","2"
"广布政司参议","1","1","2"
"劾都督孙岳擅","1","1","2"
"洪熙元年赠太","2","0","2"
"熙元年赠太子","2","0","2"
"元年赠太子少","2","0","2"
"年赠太子少保","2","0","2"
"北平左布政使","1","1","2"
"按察司副使墨","1","1","2"
"察司副使墨麟","1","1","2"
"佥事吕震率先","1","1","2"
"成祖转战三年","1","1","2"
"掌北平布政司","1","1","2"
"山东按察司试","1","1","2"
"东按察司试佥","1","1","2"
"按察司试佥事","1","1","2"
"迁北平按察司","2","0","2"
"宣德元年四月","1","1","2"
"易素冠布腰绖","2","0","2"
"贵州布政使蒋","1","1","2"
"州布政使蒋廷","1","1","2"
"布政使蒋廷瓒","1","1","2"
"楼阁龙凤花卉","1","1","2"
"瑞光榔梅灵芝","1","1","2"
"定太子留守事","1","1","2"
"太子留守事宜","1","1","2"
"武二十一年举","2","0","2"
"工部二十余年","1","1","2"
"擢云南按察使","2","0","2"
"时左都御史陈","1","1","2"
"左都御史陈瑛","1","1","2"
"都御史陈瑛残","1","1","2"
"右都御史吴中","1","1","2"
"都御史吴中宽","1","1","2"
"北京营造宫室","1","1","2"
"刑部尚书吕震","1","1","2"
"大理少卿弋谦","2","0","2"
"令十四道御史","1","1","2"
"十四道御史论","1","1","2"
"召大学士杨士","1","1","2"
"荐通政使顾佐","1","1","2"
"御史张循理等","1","1","2"
"遂下锦衣卫狱","2","0","2"
"都御史陈瑛劾","2","0","2"
"济宁卫指挥佥","1","1","2"
"进右军都督佥","2","0","2"
"燕王将渡白沟","1","1","2"
"王将渡白沟河","1","1","2"
"下马伏地视河","2","0","2"
"马伏地视河流","2","0","2"
"挥武胜上书朝","1","1","2"
"燕王决计南下","1","1","2"
"时大同守将房","1","1","2"
"诸将列阵大战","1","1","2"
"孙成等三十七","1","1","2"
"成等三十七人","1","1","2"
"者百五十余人","2","0","2"
"行后府都督佥","1","1","2"
"永乐七年三月","1","1","2"
"金吾后卫指挥","1","1","2"
"吾后卫指挥同","1","1","2"
"后卫指挥同知","1","1","2"
"移兵讨平都匀","1","1","2"
"兵讨平都匀蛮","1","1","2"
"讨越州叛蛮阿","1","1","2"
"越州叛蛮阿资","1","1","2"
"水西蛮居宗必","1","1","2"
"西蛮居宗必登","1","1","2"
"讨麓川叛蛮刀","1","1","2"
"麓川叛蛮刀干","1","1","2"
"川叛蛮刀干孟","1","1","2"
"福遂破擒刀干","1","1","2"
"遂破擒刀干孟","1","1","2"
"永乐五年八月","1","1","2"
"阿鲁台将入寇","2","0","2"
"军中封福宁远","2","0","2"
"中封福宁远侯","2","0","2"
"坚城卫指挥佥","1","1","2"
"城卫指挥佥事","1","1","2"
"贵州都指挥同","1","1","2"
"州都指挥同知","1","1","2"
"讨平诸苗洞寨","1","1","2"
"思州宣慰使田","1","1","2"
"州宣慰使田琛","1","1","2"
"思南宣慰使田","1","1","2"
"南宣慰使田宗","1","1","2"
"宣慰使田宗鼎","1","1","2"
"遂设贵州布政","1","1","2"
"台罗苗普亮等","1","1","2"
"罗苗普亮等作","1","1","2"
"苗普亮等作乱","1","1","2"
"二都司三卫兵","1","1","2"
"都司三卫兵讨","1","1","2"
"司三卫兵讨平","1","1","2"
"户部度支主事","1","1","2"
"擢本部右侍郎","2","0","2"
"天下户口田赋","1","1","2"
"陈州颍溪口跌","1","1","2"
"州颍溪口跌坡","1","1","2"
"颍溪口跌坡下","1","1","2"
"大船运入黄河","1","1","2"
"湖广屯田所产","1","1","2"
"悉征东宫官属","2","0","2"
"征东宫官属下","2","0","2"
"时勋贵武臣多","1","1","2"
"勋贵武臣多令","1","1","2"
"贵武臣多令子","1","1","2"
"武臣多令子弟","1","1","2"
"忻成伯赵彝擅","1","1","2"
"镇守德州都督","1","1","2"
"守德州都督曹","1","1","2"
"皇太子谒孝陵","2","0","2"
"安远侯柳升讨","1","1","2"
"主事陈镛言庆","2","0","2"
"城南二十余里","1","1","2"
"分遣大臣采木","2","0","2"
"清理郡县田赋","1","1","2"
"年擢兵部侍郎","2","0","2"
"宣德三年二月","1","1","2"
"户部主事刘良","1","1","2"
"右都御史向宝","1","1","2"
"皇太子监国南","2","0","2"
"侍郎中第一人","1","1","2"
"北京行太仆寺","1","1","2"
"京行太仆寺卿","1","1","2"
"砥请开德州东","1","1","2"
"请开德州东南","1","1","2"
"帝命工部侍郎","1","1","2"
"命工部侍郎蔺","1","1","2"
"工部侍郎蔺芳","1","1","2"
"五丁养种马一","1","1","2"
"丁养种马一匹","1","1","2"
"马立群头一人","1","1","2"
"马立群长一人","1","1","2"
"事中杜钦巡视","1","1","2"
"中杜钦巡视淮","1","1","2"
"事中许能巡抚","1","1","2"
"中许能巡抚浙","1","1","2"
"许能巡抚浙江","1","1","2"
"工部侍郎苏瓒","1","1","2"
"河南按察佥事","1","1","2"
"吴王府审理副","1","1","2"
"广东布政使徐","1","1","2"
"东布政使徐奇","1","1","2"
"礼部侍郎华盖","2","0","2"
"部侍郎华盖殿","2","0","2"
"服制二十七日","2","0","2"
"尚书李庆建议","1","1","2"
"陕西按察使陈","1","1","2"
"西按察使陈智","1","1","2"
"大理卿虞谦言","2","0","2"
"待赵王日益亲","1","1","2"
"帝奉皇太后谒","2","0","2"
"奉皇太后谒陵","2","0","2"
"设南京参赞机","1","1","2"
"南京参赞机务","1","1","2"
"京参赞机务大","1","1","2"
"参赞机务大臣","1","1","2"
"靖江王佐敬私","1","1","2"
"士马物故者数","2","0","2"
"甘肃总兵官何","1","1","2"
"肃总兵官何福","1","1","2"
"宁阳侯陈懋规","1","1","2"
"甘肃守臣宋琥","1","1","2"
"下诏征阿鲁台","1","1","2"
"少监海寿先驰","1","1","2"
"仁宗皇帝念卿","1","1","2"
"宗皇帝念卿忠","1","1","2"
"总兵官镇守淮","1","1","2"
"兵官镇守淮安","1","1","2"
"女秀才刘氏朋","1","1","2"
"军都督佥事谭","1","1","2"
"都督佥事谭深","1","1","2"
"锦衣卫指挥赵","1","1","2"
"衣卫指挥赵曦","1","1","2"
"都督同知许成","1","1","2"
"旗手卫指挥使","1","1","2"
"宣德九年八月","1","1","2"
"迁居太平门外","1","1","2"
"提督易州山厂","1","1","2"
"三边总督杨一","1","1","2"
"边总督杨一清","1","1","2"
"纪等列上四十","1","1","2"
"等列上四十七","1","1","2"
"列上四十七人","1","1","2"
"督察畿辅马政","1","1","2"
"武职贪污者百","1","1","2"
"职贪污者百余","1","1","2"
"章圣太后尊号","1","1","2"
"言官李鸣鹤等","1","1","2"
"事中刘世扬等","1","1","2"
"嘉靖十年四月","1","1","2"
"御史郭希愈请","1","1","2"
"史郭希愈请重","1","1","2"
"期雍偕同官王","1","1","2"
"雍偕同官王佩","1","1","2"
"陈金讨江西贼","2","0","2"
"劾镇守武定侯","1","1","2"
"镇守武定侯郭","1","1","2"
"守武定侯郭勋","1","1","2"
"密云关堡数十","1","1","2"
"避寇警移入内","1","1","2"
"寇警移入内地","1","1","2"
"临清仓银五万","1","1","2"
"清仓银五万两","1","1","2"
"两淮余盐银七","1","1","2"
"淮余盐银七十","1","1","2"
"余盐银七十万","1","1","2"
"张家庄马房地","1","1","2"
"巡仓御史艾朴","1","1","2"
"仓御史艾朴受","1","1","2"
"御史艾朴受贿","1","1","2"
"劾吏部尚书方","1","1","2"
"年大计天下庶","2","0","2"
"大计天下庶官","2","0","2"
"应奎建议加派","1","1","2"
"余盐五百余万","1","1","2"
"诸边年例二百","1","1","2"
"边年例二百八","1","1","2"
"年例二百八十","1","1","2"
"例二百八十万","1","1","2"
"二百四十五万","1","1","2"
"三十一年召翁","1","1","2"
"十一年召翁万","1","1","2"
"一年召翁万达","1","1","2"
"会侍郎赵文华","2","0","2"
"侍郎赵文华陈","1","1","2"
"侍郎朱隆禧请","1","1","2"
"巡视福建大臣","1","1","2"
"南京国子监事","1","1","2"
"南涂炭何时解","2","0","2"
"河南巡按陈蕙","1","1","2"
"山东盐运同知","1","1","2"
"就右副都御史","2","0","2"
"巡按御史吉澄","1","1","2"
"按御史吉澄极","1","1","2"
"兵官姜应熊守","1","1","2"
"兵官王继祖击","1","1","2"
"官王继祖击败","1","1","2"
"一千八百余丈","1","1","2"
"花马池闲田二","1","1","2"
"马池闲田二万","1","1","2"
"池闲田二万顷","1","1","2"
"山西总督樊继","1","1","2"
"西总督樊继祖","1","1","2"
"劾大学士严嵩","1","1","2"
"兵部尚书戴金","1","1","2"
"都御史巡抚河","2","0","2"
"御史巡抚河南","2","0","2"
"浙江参政刘应","1","1","2"
"江参政刘应箕","1","1","2"
"参政刘应箕先","1","1","2"
"卿贰大臣考满","1","1","2"
"九卿翰林官揖","1","1","2"
"总兵官王陛等","1","1","2"
"功科道官张尧","1","1","2"
"科道官张尧年","1","1","2"
"劾总兵官张达","1","1","2"
"总兵官张达等","1","1","2"
"江西左布政使","1","1","2"
"广东巨寇张琏","1","1","2"
"劾前后督抚樊","1","1","2"
"前后督抚樊继","1","1","2"
"后督抚樊继祖","1","1","2"
"指挥冯世彪等","1","1","2"
"挥冯世彪等一","1","1","2"
"冯世彪等一百","1","1","2"
"世彪等一百七","1","1","2"
"彪等一百七十","1","1","2"
"等一百七十七","1","1","2"
"一百七十七人","1","1","2"
"福建总督胡宗","1","1","2"
"建总督胡宗宪","1","1","2"
"总督胡宗宪下","1","1","2"
"督胡宗宪下狱","1","1","2"
"福建巡抚游震","1","1","2"
"义乌精兵一万","1","1","2"
"戎政都御史李","1","1","2"
"总兵官马芳等","1","1","2"
"锦衣千户张福","1","1","2"
"巡按御史江万","1","1","2"
"按御史江万实","1","1","2"
"御史江万实相","1","1","2"
"大理卿燕忠会","1","1","2"
"圣祖寡欲勤治","1","1","2"
"总兵官李隆等","1","1","2"
"刑狱失平八事","1","1","2"
"宁夏总兵官仲","1","1","2"
"夏总兵官仲勋","1","1","2"
"疏谏内官织造","1","1","2"
"迁广西提学佥","1","1","2"
"迁广西左布政","2","0","2"
"中外严兵待发","1","1","2"
"章皇帝成先志","1","1","2"
"两广积储数十","1","1","2"
"广积储数十万","1","1","2"
"巡按御史余光","1","1","2"
"按御史余光相","1","1","2"
"御史余光相继","1","1","2"
"建寺西华门内","2","0","2"
"望陛下翻然悔","1","1","2"
"陛下翻然悔悟","1","1","2"
"霍韬署吏部事","1","1","2"
"毁淫祠数十百","1","1","2"
"淫祠数十百所","1","1","2"
"巡按御史汪珊","1","1","2"
"擢广东提学副","2","0","2"
"琴瑟钟鼓人伦","1","1","2"
"潞州巨盗陈卿","1","1","2"
"山西巡抚江潮","1","1","2"
"河南副使翟瓒","1","1","2"
"南副使翟瓒捣","1","1","2"
"山西佥事陈大","1","1","2"
"西佥事陈大纲","1","1","2"
"二千三百余人","2","0","2"
"寻甸土酋安铨","1","1","2"
"武定土知府凤","1","1","2"
"定土知府凤诏","1","1","2"
"土知府凤诏母","1","1","2"
"知府凤诏母子","1","1","2"
"设守御千户所","1","1","2"
"知府严时泰等","1","1","2"
"镇守太监杜唐","1","1","2"
"国公沐绍勋相","1","1","2"
"巡按御史刘臬","1","1","2"
"巡按御史牛天","1","1","2"
"按御史牛天麟","1","1","2"
"御史牛天麟极","1","1","2"
"年白圭修筑高","1","1","2"
"白圭修筑高邮","1","1","2"
"圭修筑高邮康","1","1","2"
"修筑高邮康济","1","1","2"
"筑高邮康济湖","1","1","2"
"累迁贵州按察","1","1","2"
"迁贵州按察使","1","1","2"
"劳两广总督王","1","1","2"
"两广总督王守","1","1","2"
"广总督王守仁","1","1","2"
"指挥张绅杀人","1","1","2"
"议分建南北郊","1","1","2"
"皇后深居九重","1","1","2"
"大学士李时小","1","1","2"
"学士李时小心","1","1","2"
"士李时小心谦","1","1","2"
"李时小心谦抑","1","1","2"
"户部尚书许赞","1","1","2"
"部尚书许赞谨","1","1","2"
"尚书许赞谨厚","1","1","2"
"刑部尚书王时","1","1","2"
"吏部尚书左侍","1","1","2"
"部尚书左侍郎","1","1","2"
"尚书左侍郎周","1","1","2"
"右侍郎许诰讲","1","1","2"
"侍郎许诰讲论","1","1","2"
"郎许诰讲论便","1","1","2"
"许诰讲论便捷","1","1","2"
"右侍郎顾鼎臣","1","1","2"
"侍郎顾鼎臣警","1","1","2"
"郎顾鼎臣警悟","1","1","2"
"顾鼎臣警悟疏","1","1","2"
"鼎臣警悟疏通","1","1","2"
"刑部左侍郎闻","1","1","2"
"部左侍郎闻渊","1","1","2"
"左侍郎闻渊存","1","1","2"
"侍郎闻渊存心","1","1","2"
"郎闻渊存心正","1","1","2"
"论大学士张孚","1","1","2"
"右都御史汪鋐","2","0","2"
"孚敬刚恶凶险","1","1","2"
"都事中魏良弼","2","0","2"
"言大臣德政律","1","1","2"
"书王时中等言","2","0","2"
"贬郎中张国维","1","1","2"
"日夜匍匐长安","1","1","2"
"夜匍匐长安街","1","1","2"
"吴氏击登闻鼓","1","1","2"
"氏击登闻鼓讼","1","1","2"
"祖母吴氏守节","1","1","2"
"母吴氏守节教","1","1","2"
"吴氏守节教育","1","1","2"
"同郡韩邦奇游","1","1","2"
"方士陶仲文加","1","1","2"
"赞善罗洪先等","1","1","2"
"念祖宗创业艰","2","0","2"
"祖宗创业艰难","2","0","2"
"御史鄞人周相","1","1","2"
"史鄞人周相抗","1","1","2"
"鄞人周相抗疏","1","1","2"
"工部员外郎刘","1","1","2"
"部员外郎刘魁","1","1","2"
"劾湖广巡抚陆","1","1","2"
"湖广巡抚陆杰","1","1","2"
"采木尚书樊继","1","1","2"
"木尚书樊继祖","1","1","2"
"总制侍郎翟鹏","1","1","2"
"督饷侍郎赵廷","1","1","2"
"饷侍郎赵廷瑞","1","1","2"
"时大学士严嵩","1","1","2"
"大同总兵官周","1","1","2"
"同总兵官周尚","1","1","2"
"户部司务何尚","2","0","2"
"吏部尚书夏邦","1","1","2"
"部尚书夏邦谟","1","1","2"
"锦衣卫经历沈","1","1","2"
"衣卫经历沈炼","1","1","2"
"尚宝丞张逊业","1","1","2"
"宝丞张逊业饮","1","1","2"
"陛下奋扬神武","1","1","2"
"常杀良民冒功","1","1","2"
"巡按御史李凤","1","1","2"
"按御史李凤毛","1","1","2"
"顺一子锦衣千","1","1","2"
"尚书韩邦奇游","1","1","2"
"边卒私通境外","1","1","2"
"阴谋伏兵突入","1","1","2"
"明诏选将练兵","1","1","2"
"迁刑部员外郎","2","0","2"
"故总督欧阳必","1","1","2"
"诈传亲王令旨","1","1","2"
"传亲王令旨律","1","1","2"
"李天宠坐大辟","1","1","2"
"三十四年十月","1","1","2"
"收录遗佚二事","1","1","2"
"定西侯蒋传等","1","1","2"
"兵部尚书赵廷","1","1","2"
"部尚书赵廷瑞","1","1","2"
"光禄丞胡膏伪","1","1","2"
"禄丞胡膏伪增","1","1","2"
"丞胡膏伪增物","1","1","2"
"同事御史张巽","1","1","2"
"事御史张巽言","1","1","2"
"兵旧额二千五","1","1","2"
"旧额二千五百","1","1","2"
"年将进攻双屿","1","1","2"
"都指挥黎秀分","1","1","2"
"奸民投书激变","1","1","2"
"贡使周良安插","1","1","2"
"中国制驭诸番","1","1","2"
"御史闽人周亮","1","1","2"
"中朝士大夫先","1","1","2"
"李光头等九十","1","1","2"
"光头等九十六","1","1","2"
"头等九十六人","1","1","2"
"巡按御史陈宗","1","1","2"
"按御史陈宗夔","1","1","2"
"奸民鬻贩拒捕","1","1","2"
"浙中卫所四十","1","1","2"
"中卫所四十一","1","1","2"
"战船四百三十","1","1","2"
"船四百三十九","1","1","2"
"断藤峡贼侯公","1","1","2"
"藤峡贼侯公丁","1","1","2"
"御史邹尧臣等","1","1","2"
"指挥王良辅等","1","1","2"
"挥王良辅等六","1","1","2"
"王良辅等六将","1","1","2"
"良辅等六将分","1","1","2"
"辅等六将分六","1","1","2"
"等六将分六道","1","1","2"
"六将分六道会","1","1","2"
"指挥马文杰等","1","1","2"
"挥马文杰等四","1","1","2"
"马文杰等四将","1","1","2"
"文杰等四将分","1","1","2"
"杰等四将分四","1","1","2"
"等四将分四道","1","1","2"
"四将分四道会","1","1","2"
"斩首千二百级","2","0","2"
"田州土酋卢受","1","1","2"
"田州瓦氏兵先","1","1","2"
"隶总兵官俞大","2","0","2"
"郎赵文华祭海","2","0","2"
"浙江巡按胡宗","1","1","2"
"江巡按胡宗宪","1","1","2"
"遣参将卢镗督","1","1","2"
"参将卢镗督保","1","1","2"
"将卢镗督保靖","1","1","2"
"卢镗督保靖兵","1","1","2"
"大猷督永顺兵","1","1","2"
"宗宪合谋进剿","1","1","2"
"徙大同左卫军","1","1","2"
"命侍郎赵文华","1","1","2"
"文华督察军务","1","1","2"
"松巡抚曹邦辅","1","1","2"
"巡抚曹邦辅歼","1","1","2"
"犯浙东诸州县","1","1","2"
"俞大猷雪夜焚","1","1","2"
"三十六年正月","1","1","2"
"尽督东南数十","1","1","2"
"督东南数十府","1","1","2"
"御史庞尚鹏奉","1","1","2"
"史庞尚鹏奉诏","1","1","2"
"奸欺贪淫十大","1","1","2"
"欺贪淫十大罪","1","1","2"
"劾总督张珩等","1","1","2"
"检校董纶率民","1","1","2"
"校董纶率民兵","1","1","2"
"董纶率民兵巷","1","1","2"
"纶率民兵巷战","1","1","2"
"都指挥尚允绍","1","1","2"
"邦辅督副使王","1","1","2"
"辅督副使王崇","1","1","2"
"督副使王崇古","1","1","2"
"江巡按御史胡","1","1","2"
"御史胡宗宪会","1","1","2"
"邦辅避难击易","1","1","2"
"奏督仓主事张","1","1","2"
"督仓主事张振","1","1","2"
"仓主事张振选","1","1","2"
"遣右评事刘叔","1","1","2"
"右评事刘叔龙","1","1","2"
"请都御史王廷","1","1","2"
"三迁衢州知府","1","1","2"
"右佥都御史提","1","1","2"
"佥都御史提督","1","1","2"
"都御史提督操","1","1","2"
"御史提督操江","1","1","2"
"遂督参将曹克","1","1","2"
"督参将曹克新","1","1","2"
"参将曹克新等","1","1","2"
"斩获三千八百","1","1","2"
"守备太监何绶","1","1","2"
"临淮侯李庭竹","1","1","2"
"捕首恶二十五","1","1","2"
"首恶二十五人","1","1","2"
"五河县泗水中","1","1","2"
"河县泗水中涌","1","1","2"
"总督王忬下俱","2","0","2"
"急令总兵官卢","1","1","2"
"令总兵官卢镗","1","1","2"
"率副总兵刘显","1","1","2"
"凤阳巡抚李遂","1","1","2"
"金吾左卫指挥","1","1","2"
"吾左卫指挥使","1","1","2"
"年进都督佥事","2","0","2"
"指挥康雄讨平","1","1","2"
"杀巡抚张文锦","2","0","2"
"寄禄南京后府","1","1","2"
"巡按御史丘养","1","1","2"
"按御史丘养浩","1","1","2"
"陆完久死炎瘴","1","1","2"
"顺天巡抚刘泽","1","1","2"
"充甘肃游击将","2","0","2"
"解鞍背崖力战","1","1","2"
"力士持长竿铁","1","1","2"
"士持长竿铁钩","1","1","2"
"尚文转战三百","1","1","2"
"文转战三百里","1","1","2"
"东官厅听征总","1","1","2"
"官厅听征总兵","1","1","2"
"厅听征总兵官","1","1","2"
"叛人充灼召小","1","1","2"
"人充灼召小王","1","1","2"
"充灼召小王子","1","1","2"
"诱指挥顾相等","1","1","2"
"尚文急督副总","1","1","2"
"文急督副总兵","1","1","2"
"急督副总兵林","1","1","2"
"督副总兵林椿","1","1","2"
"超迁都督佥事","2","0","2"
"土蛮十万骑薄","2","0","2"
"蛮十万骑薄界","2","0","2"
"十万骑薄界岭","2","0","2"
"万骑薄界岭口","2","0","2"
"获骁骑猛克兔","1","1","2"
"骁骑猛克兔等","1","1","2"
"骑猛克兔等六","1","1","2"
"猛克兔等六人","1","1","2"
"四十五年七月","1","1","2"
"率参将刘潭等","1","1","2"
"独石塞外二百","1","1","2"
"石塞外二百里","1","1","2"
"令总兵官赵岢","1","1","2"
"总兵官赵岢扼","1","1","2"
"阅视侍郎吴百","1","1","2"
"视侍郎吴百朋","1","1","2"
"佥书前军都督","1","1","2"
"书前军都督府","1","1","2"
"年擢署都督佥","2","0","2"
"副将麻岩战死","1","1","2"
"佥事潘宗颜等","1","1","2"
"事潘宗颜等一","1","1","2"
"潘宗颜等一军","1","1","2"
"守备何懋官等","1","1","2"
"巡抚袁崇焕更","1","1","2"
"守备骆举率兵","1","1","2"
"备骆举率兵入","1","1","2"
"总督朱大典命","1","1","2"
"游击张士仪等","1","1","2"
"督三协副将王","1","1","2"
"三协副将王世","1","1","2"
"协副将王世宠","1","1","2"
"督师孙传庭檄","1","1","2"
"师孙传庭檄召","1","1","2"
"巡抚林日瑞竭","1","1","2"
"斩叛贼谢文礼","1","1","2"
"芒部土舍陇政","1","1","2"
"副使朱纨筑茂","1","1","2"
"使朱纨筑茂州","1","1","2"
"朱纨筑茂州外","1","1","2"
"纨筑茂州外城","1","1","2"
"令巡按冉崇礼","1","1","2"
"兵部尚书路迎","1","1","2"
"龙安夹道筑墙","1","1","2"
"安夹道筑墙数","1","1","2"
"夹道筑墙数百","1","1","2"
"道筑墙数百里","1","1","2"
"奉议卫指挥使","1","1","2"
"进署都指挥同","2","0","2"
"参将张经代守","1","1","2"
"右江柳庆参将","1","1","2"
"贼耳目遍官府","1","1","2"
"希仪尽俘三层","1","1","2"
"仪尽俘三层巢","1","1","2"
"总督张经大破","1","1","2"
"督张经大破断","1","1","2"
"张经大破断藤","1","1","2"
"经大破断藤峡","1","1","2"
"议设督捕总兵","1","1","2"
"设督捕总兵官","1","1","2"
"希仪署都督佥","1","1","2"
"仪署都督佥事","1","1","2"
"总督张岳大破","1","1","2"
"督张岳大破贺","1","1","2"
"张岳大破贺县","1","1","2"
"贺县贼倪仲亮","2","0","2"
"县贼倪仲亮等","2","0","2"
"琼州五指山熟","1","1","2"
"州五指山熟黎","1","1","2"
"直入五指山下","1","1","2"
"执知府李允简","2","0","2"
"千户安大朝等","1","1","2"
"乌朗土官田兴","1","1","2"
"朗土官田兴邦","1","1","2"
"土官田兴邦等","1","1","2"
"广西洪江诸苗","1","1","2"
"播州宣慰杨烈","1","1","2"
"州宣慰杨烈杀","1","1","2"
"宣慰杨烈杀长","1","1","2"
"慰杨烈杀长官","1","1","2"
"杨烈杀长官王","1","1","2"
"烈杀长官王黼","1","1","2"
"真州苗卢阿项","2","0","2"
"四百七十余人","1","1","2"
"破地隆阡叛苗","1","1","2"
"地隆阡叛苗四","1","1","2"
"隆阡叛苗四砦","1","1","2"
"攻破平南营囤","1","1","2"
"守备安大朝进","1","1","2"
"备安大朝进剿","1","1","2"
"招降冷水溪诸","1","1","2"
"降冷水溪诸洞","1","1","2"
"冷水溪诸洞苗","1","1","2"
"水溪诸洞苗二","1","1","2"
"溪诸洞苗二十","1","1","2"
"诸洞苗二十八","1","1","2"
"洞苗二十八砦","1","1","2"
"副长官土舍韩","1","1","2"
"长官土舍韩甸","1","1","2"
"百户魏国相等","1","1","2"
"巡抚吴维岳招","1","1","2"
"抚吴维岳招降","1","1","2"
"吴维岳招降平","1","1","2"
"维岳招降平州","1","1","2"
"岳招降平州叛","1","1","2"
"招降平州叛酋","1","1","2"
"降平州叛酋杨","1","1","2"
"平州叛酋杨珂","1","1","2"
"水西宣慰安国","1","1","2"
"西宣慰安国亨","1","1","2"
"宣慰安国亨恃","1","1","2"
"慰安国亨恃众","1","1","2"
"安国亨恃众跋","1","1","2"
"国亨恃众跋扈","1","1","2"
"哈密都督写虎","2","0","2"
"密都督写虎仙","2","0","2"
"进陕西按察使","2","0","2"
"甘肃总兵官李","1","1","2"
"肃总兵官李隆","1","1","2"
"部尚书桂萼等","1","1","2"
"一旦拥兵深入","1","1","2"
"勇知兵忘身殉","1","1","2"
"知兵忘身殉国","1","1","2"
"野鸡台二十余","1","1","2"
"鸡台二十余墩","1","1","2"
"台二十余墩孤","1","1","2"
"二十余墩孤悬","1","1","2"
"十余墩孤悬塞","1","1","2"
"余墩孤悬塞外","1","1","2"
"劾总兵官赵瑛","1","1","2"
"总兵官赵瑛失","1","1","2"
"兵官赵瑛失事","1","1","2"
"大总督樊继祖","1","1","2"
"修边墙三百九","1","1","2"
"边墙三百九十","1","1","2"
"护墩堡一十四","1","1","2"
"营舍一千五百","1","1","2"
"舍一千五百间","1","1","2"
"令总督武臣张","1","1","2"
"总督武臣张凤","1","1","2"
"督武臣张凤随","1","1","2"
"武臣张凤随机","1","1","2"
"臣张凤随机策","1","1","2"
"张凤随机策应","1","1","2"
"先取死罪状奏","1","1","2"
"取死罪状奏请","1","1","2"
"遣千户火力赤","1","1","2"
"千户火力赤率","1","1","2"
"户火力赤率兵","1","1","2"
"火力赤率兵三","1","1","2"
"力赤率兵三百","1","1","2"
"夏秋间分驻边","2","0","2"
"秋间分驻边堡","2","0","2"
"州巡抚朱方请","1","1","2"
"万全右卫毁墙","1","1","2"
"全右卫毁墙入","1","1","2"
"兵科戴梦桂继","1","1","2"
"兵部左侍郎张","1","1","2"
"部左侍郎张汉","1","1","2"
"左侍郎张汉代","1","1","2"
"代杨守谦巡抚","1","1","2"
"杨守谦巡抚山","1","1","2"
"守谦巡抚山西","1","1","2"
"总督都御史翁","1","1","2"
"督都御史翁万","1","1","2"
"都御史翁万达","1","1","2"
"将士远离堡戍","1","1","2"
"指挥刘雄父子","1","1","2"
"林庭〈木昂〉","2","0","2"
"铣率兵数千驻","1","1","2"
"遣前参将李珍","1","1","2"
"前参将李珍捣","1","1","2"
"黄甫川一千五","1","1","2"
"甫川一千五百","1","1","2"
"川一千五百里","1","1","2"
"令诸镇文武将","1","1","2"
"诸镇文武将吏","1","1","2"
"镇文武将吏协","1","1","2"
"文武将吏协议","1","1","2"
"上方略十八事","1","1","2"
"拟边帅失陷城","1","1","2"
"铣交结近侍律","2","0","2"
"入左副都御史","2","0","2"
"大学士严嵩窃","1","1","2"
"总兵官仇鸾知","1","1","2"
"顺天巡抚王汝","1","1","2"
"天巡抚王汝孝","1","1","2"
"巡抚王汝孝驻","1","1","2"
"循潮河川南下","2","0","2"
"潮河川南下古","2","0","2"
"河川南下古北","2","0","2"
"川南下古北口","2","0","2"
"总兵官罗希韩","1","1","2"
"大臣二人经略","1","1","2"
"臣二人经略通","1","1","2"
"二人经略通州","1","1","2"
"内外提督大臣","1","1","2"
"外提督大臣家","1","1","2"
"禁军入营十王","1","1","2"
"军入营十王府","1","1","2"
"安定门外教场","1","1","2"
"职方郎王尚学","1","1","2"
"累官刑部尚书","1","1","2"
"仇鸾调度京城","1","1","2"
"提督内外诸军","1","1","2"
"督内外诸军事","1","1","2"
"副都御史王仪","1","1","2"
"都御史王仪守","1","1","2"
"易州守御大臣","1","1","2"
"上方略十二事","1","1","2"
"任参将俞大猷","1","1","2"
"遣尚书张经总","1","1","2"
"书张经总督诸","1","1","2"
"张经总督诸军","1","1","2"
"加兵部右侍郎","2","0","2"
"寻进右都御史","2","0","2"
"深入广宁诸处","1","1","2"
"官殷尚质等战","2","0","2"
"副总兵王重禄","1","1","2"
"蓟镇入卫兵听","1","1","2"
"仇鸾选边兵十","1","1","2"
"鸾选边兵十八","1","1","2"
"选边兵十八支","1","1","2"
"边兵十八支护","1","1","2"
"中军游击张伦","1","1","2"
"军游击张伦下","1","1","2"
"游击张伦下诏","1","1","2"
"击张伦下诏狱","1","1","2"
"迁易州兵备副","1","1","2"
"易州兵备副使","1","1","2"
"总兵官张承勋","1","1","2"
"兵官张承勋解","1","1","2"
"封疆极弊十五","1","1","2"
"疆极弊十五事","1","1","2"
"部长通汉叩关","1","1","2"
"长通汉叩关索","1","1","2"
"遣副将胡镇偕","1","1","2"
"陛下修己亲贤","1","1","2"
"杜渐保终四事","1","1","2"
"年五月日精门","1","1","2"
"提督三千营广","1","1","2"
"督三千营广宁","1","1","2"
"三千营广宁伯","1","1","2"
"千营广宁伯刘","1","1","2"
"营广宁伯刘佶","1","1","2"
"陛下享祀未格","1","1","2"
"陛下纲纪废弛","1","1","2"
"陛下勤修庶政","1","1","2"
"同官解一贯等","1","1","2"
"投匿名书御道","1","1","2"
"百户王邦奇借","1","1","2"
"户王邦奇借哈","1","1","2"
"王邦奇借哈密","1","1","2"
"镇远侯顾仕隆","1","1","2"
"远侯顾仕隆等","1","1","2"
"御史程启充请","1","1","2"
"历南京吏部郎","1","1","2"
"武定侯郭勋奸","1","1","2"
"太常卿陈道瀛","1","1","2"
"内阁大臣率务","1","1","2"
"同年生程文德","1","1","2"
"候补判官黄直","1","1","2"
"补判官黄直救","1","1","2"
"营造两宫山陵","1","1","2"
"武庙盘游佚乐","1","1","2"
"武定侯郭勋陈","1","1","2"
"总兵官李凤鸣","1","1","2"
"阁臣拟旨取裁","1","1","2"
"迁南京右都御","2","0","2"
"工部尚书费三","1","1","2"
"锦摘陈御史封","1","1","2"
"摘陈御史封事","1","1","2"
"笃信王守仁学","1","1","2"
"刑部主事项治","1","1","2"
"部主事项治元","1","1","2"
"广置良田美宅","1","1","2"
"副都御史总理","2","0","2"
"镇守云南黔国","1","1","2"
"守云南黔国公","1","1","2"
"云南黔国公沐","1","1","2"
"南黔国公沐朝","1","1","2"
"国公沐朝弼骄","1","1","2"
"东厂太监冯保","1","1","2"
"厂太监冯保传","1","1","2"
"太监冯保传呼","1","1","2"
"巡按御史郭廷","1","1","2"
"按御史郭廷梧","1","1","2"
"陕西巡抚王璇","1","1","2"
"严世蕃置酒召","1","1","2"
"劾副都御史鄢","1","1","2"
"御史鄢懋卿五","1","1","2"
"备访江洋群盗","1","1","2"
"南京通政司参","1","1","2"
"京通政司参议","1","1","2"
"历太常寺少卿","1","1","2"
"都御史巡抚应","2","0","2"
"御史巡抚应天","2","0","2"
"时倭人争贡误","1","1","2"
"倭人争贡误伤","1","1","2"
"人争贡误伤居","1","1","2"
"争贡误伤居民","1","1","2"
"典门户奉宿卫","1","1","2"
"议追尊献皇帝","1","1","2"
"亲临战阵勘定","1","1","2"
"临战阵勘定祸","1","1","2"
"战阵勘定祸乱","1","1","2"
"宗庙社稷百官","1","1","2"
"庙社稷百官万","1","1","2"
"社稷百官万姓","1","1","2"
"稷百官万姓寄","1","1","2"
"中官马永成死","1","1","2"
"恐天下闻解体","2","0","2"
"御史杨秉中等","1","1","2"
"诸曹郎黄巩等","1","1","2"
"擢河南按察使","2","0","2"
"议加兴献帝皇","1","1","2"
"公卿大夫参议","1","1","2"
"二三近习私人","1","1","2"
"三近习私人共","1","1","2"
"庶吉士许成名","1","1","2"
"吉士许成名等","1","1","2"
"士大夫寡廉鲜","1","1","2"
"大夫寡廉鲜耻","1","1","2"
"重富贵薄名检","1","1","2"
"前大学士杨一","1","1","2"
"署名校尉籍中","1","1","2"
"大兴知县高世","1","1","2"
"兴知县高世儒","1","1","2"
"知县高世儒奉","1","1","2"
"县高世儒奉诏","1","1","2"
"高世儒奉诏核","1","1","2"
"禁军子弟家人","1","1","2"
"军子弟家人倚","1","1","2"
"御史饶位交章","1","1","2"
"户部侍郎秦金","1","1","2"
"部侍郎秦金等","1","1","2"
"高唐判官金坡","1","1","2"
"祖宗内设法司","1","1","2"
"事中许复礼等","1","1","2"
"初坐妖贼王良","1","1","2"
"愚民邵进禄等","1","1","2"
"太原卫指挥使","1","1","2"
"都御史聂贤等","1","1","2"
"官布政使李璋","1","1","2"
"方献夫分署三","1","1","2"
"献夫分署三法","1","1","2"
"夫分署三法司","1","1","2"
"分署三法司事","1","1","2"
"副都御史刘文","1","1","2"
"都御史刘文庄","1","1","2"
"佥都御史张润","1","1","2"
"都御史张仲贤","1","1","2"
"工部侍郎闵楷","1","1","2"
"太仆卿汪元锡","1","1","2"
"光禄少卿余才","1","1","2"
"禄少卿余才偶","1","1","2"
"前山西副使迁","1","1","2"
"山西副使迁大","1","1","2"
"西副使迁大理","1","1","2"
"副使迁大理少","1","1","2"
"使迁大理少卿","1","1","2"
"迁佥都御史毛","1","1","2"
"佥都御史毛伯","1","1","2"
"戍广西南丹卫","1","1","2"
"嘉靖六年九月","1","1","2"
"子弟家人滥冒","1","1","2"
"弟家人滥冒军","1","1","2"
"家人滥冒军功","1","1","2"
"腾骧四卫军改","1","1","2"
"仓储八十七万","1","1","2"
"清宁宫小房火","2","0","2"
"伏望陛下仰畏","1","1","2"
"望陛下仰畏天","1","1","2"
"陛下仰畏天明","1","1","2"
"遣中官督南京","1","1","2"
"中官督南京织","1","1","2"
"官督南京织造","1","1","2"
"论大学士杨廷","1","1","2"
"东厂理刑千户","1","1","2"
"厂理刑千户陶","1","1","2"
"理刑千户陶淳","1","1","2"
"刑千户陶淳曲","1","1","2"
"劾刑部侍郎孟","1","1","2"
"刑部侍郎孟凤","1","1","2"
"都督鲁纲督师","1","1","2"
"督鲁纲督师讨","1","1","2"
"时诸臣进言多","1","1","2"
"请告祭酒鲁铎","1","1","2"
"使指挥王琬等","1","1","2"
"窦宪改沁水园","1","1","2"
"李铁汉十月下","1","1","2"
"铁汉十月下旬","1","1","2"
"见五台县张子","1","1","2"
"五台县张子真","1","1","2"
"台县张子真户","1","1","2"
"县张子真户内","1","1","2"
"张子真户内实","1","1","2"
"嘉靖元年黄册","1","1","2"
"录先朝建言诸","1","1","2"
"先朝建言诸臣","1","1","2"
"文选郎夏良胜","1","1","2"
"劾大学士费宏","1","1","2"
"荐廖纪等十五","1","1","2"
"廖纪等十五人","1","1","2"
"部尚书杨旦等","1","1","2"
"都御史王时中","1","1","2"
"御史王时中请","1","1","2"
"锦衣千户李经","1","1","2"
"刑部尚书许赞","1","1","2"
"明堂大享礼成","1","1","2"
"大臣造膝陈谋","1","1","2"
"陛下锐意图治","1","1","2"
"州县教职过轻","1","1","2"
"王官终身禁锢","1","1","2"
"御史郗元洪清","1","1","2"
"御马太监阎洪","1","1","2"
"同官刘希简争","1","1","2"
"萼受尚书王琼","1","1","2"
"使奴隶小人滥","1","1","2"
"奴隶小人滥袭","1","1","2"
"隶小人滥袭伯","1","1","2"
"小人滥袭伯爵","1","1","2"
"医官李梦鹤假","1","1","2"
"官李梦鹤假托","1","1","2"
"李梦鹤假托进","1","1","2"
"梦鹤假托进书","1","1","2"
"佥都御史李圭","2","0","2"
"按察使一转径","1","1","2"
"察使一转径入","1","1","2"
"使一转径入内","1","1","2"
"一转径入内台","1","1","2"
"京太仆少卿夏","1","1","2"
"太仆少卿夏尚","1","1","2"
"仆少卿夏尚朴","1","1","2"
"部尚书李时柔","1","1","2"
"京礼部尚书黄","1","1","2"
"礼部尚书黄绾","1","1","2"
"部尚书黄绾曲","1","1","2"
"尚书黄绾曲学","1","1","2"
"书黄绾曲学阿","1","1","2"
"黄绾曲学阿世","1","1","2"
"贵州都镇驿丞","1","1","2"
"奉先殿东夹室","1","1","2"
"大学士严嵩等","1","1","2"
"学士严嵩等请","1","1","2"
"祔孝烈皇后太","2","0","2"
"孝烈皇后太庙","2","0","2"
"孝烈端顺敏惠","1","1","2"
"烈端顺敏惠恭","1","1","2"
"端顺敏惠恭诚","1","1","2"
"顺敏惠恭诚祗","1","1","2"
"敏惠恭诚祗天","1","1","2"
"惠恭诚祗天卫","1","1","2"
"恭诚祗天卫圣","1","1","2"
"诚祗天卫圣皇","1","1","2"
"祗天卫圣皇后","1","1","2"
"先生亲受先帝","1","1","2"
"孝定贞纯钦仁","1","1","2"
"定贞纯钦仁端","1","1","2"
"贞纯钦仁端肃","1","1","2"
"纯钦仁端肃弼","1","1","2"
"钦仁端肃弼天","1","1","2"
"仁端肃弼天祚","1","1","2"
"端肃弼天祚圣","1","1","2"
"肃弼天祚圣皇","1","1","2"
"弼天祚圣皇太","1","1","2"
"天祚圣皇太后","1","1","2"
"事中姜应麟等","1","1","2"
"御史曹学程建","2","0","2"
"史曹学程建言","2","0","2"
"广信卫指挥使","1","1","2"
"同佥元帅等六","1","1","2"
"佥元帅等六百","1","1","2"
"元帅等六百余","1","1","2"
"帅等六百余人","1","1","2"
"马步舟师数万","1","1","2"
"元尚书普贤帖","1","1","2"
"尚书普贤帖木","1","1","2"
"太子帅百官迎","2","0","2"
"子帅百官迎劳","2","0","2"
"帅百官迎劳龙","2","0","2"
"子府军卫指挥","1","1","2"
"元平章阿思兰","1","1","2"
"平章阿思兰周","2","0","2"
"章阿思兰周文","2","0","2"
"阿思兰周文贵","2","0","2"
"德兴征南将军","2","0","2"
"通塔平诸洞作","1","1","2"
"塔平诸洞作乱","1","1","2"
"定武昌等十五","1","1","2"
"武昌等十五卫","1","1","2"
"四万四千八百","1","1","2"
"万四千八百人","1","1","2"
"增官租四千三","1","1","2"
"官租四千三百","1","1","2"
"租四千三百石","1","1","2"
"民兵十万余人","1","1","2"
"置巡司四十五","1","1","2"
"节制凤阳留守","1","1","2"
"制凤阳留守司","1","1","2"
"训练属卫军士","1","1","2"
"骁骑右卫亲军","1","1","2"
"骑右卫亲军指","1","1","2"
"右卫亲军指挥","1","1","2"
"遇春分兵北濠","1","1","2"
"元嗣主脱古思","1","1","2"
"嗣主脱古思帖","1","1","2"
"友德练军山西","2","0","2"
"国公帖里密赤","1","1","2"
"公帖里密赤等","1","1","2"
"帖里密赤等五","1","1","2"
"里密赤等五十","1","1","2"
"密赤等五十九","1","1","2"
"赤等五十九人","1","1","2"
"同西平侯沐英","1","1","2"
"征南左副将军","1","1","2"
"擒元平章达里","2","0","2"
"都督耿忠拥见","2","0","2"
"督耿忠拥见胜","2","0","2"
"孙脱古思帖木","1","1","2"
"脱古思帖木嗣","2","0","2"
"定远侯王弼曰","2","0","2"
"海东北八十余","1","1","2"
"东北八十余里","1","1","2"
"下官属三千人","1","1","2"
"男女七万七千","1","1","2"
"女七万七千余","1","1","2"
"七万七千余人","1","1","2"
"命督修四川城","1","1","2"
"督修四川城池","1","1","2"
"忠建二宣抚司","1","1","2"
"安抚司散毛诸","1","1","2"
"抚司散毛诸洞","1","1","2"
"庄浪等七卫兵","1","1","2"
"土酋哈昝等遁","2","0","2"
"建昌指挥使月","1","1","2"
"昌指挥使月鲁","1","1","2"
"指挥使月鲁帖","1","1","2"
"挥使月鲁帖木","1","1","2"
"都指挥瞿能等","1","1","2"
"锦衣卫指挥蒋","1","1","2"
"同景川侯曹震","1","1","2"
"户部侍郎傅友","1","1","2"
"部侍郎傅友文","1","1","2"
"侍郎傅友文等","1","1","2"
"四川二都司所","1","1","2"
"靖宁侯叶升分","1","1","2"
"天策卫指挥佥","1","1","2"
"天策卫知事朱","1","1","2"
"功授都督佥事","2","0","2"
"十四年征云南","2","0","2"
"东川乌蒙诸蛮","1","1","2"
"二十年同靖宁","1","1","2"
"十年同靖宁侯","1","1","2"
"年同靖宁侯叶","1","1","2"
"同靖宁侯叶升","1","1","2"
"靖宁侯叶升征","1","1","2"
"总制云南诸军","1","1","2"
"克苏九畴炭山","1","1","2"
"苏九畴炭山寨","1","1","2"
"山西行省参政","1","1","2"
"同张温追讨纳","1","1","2"
"张温追讨纳哈","1","1","2"
"龙骧卫正千户","1","1","2"
"神武卫指挥佥","1","1","2"
"公侯奢侈逾越","1","1","2"
"侯奢侈逾越禁","1","1","2"
"俞通海等舟师","2","0","2"
"通海等舟师巢","2","0","2"
"建康翼统军元","1","1","2"
"康翼统军元帅","1","1","2"
"同佥江南行枢","1","1","2"
"佥江南行枢密","1","1","2"
"江南行枢密院","1","1","2"
"南行枢密院事","1","1","2"
"舟师同常遇春","1","1","2"
"降张士诚守将","2","0","2"
"遥授行省平章","1","1","2"
"授行省平章政","1","1","2"
"改封永安郧国","1","1","2"
"封永安郧国公","1","1","2"
"破海牙诸水寨","1","1","2"
"合淮兵二十万","1","1","2"
"淮兵二十万屯","1","1","2"
"迁秦淮翼元帅","2","0","2"
"迁行枢密院判","2","0","2"
"迁佥枢密院事","2","0","2"
"通海乘风纵火","1","1","2"
"海乘风纵火焚","1","1","2"
"遇春射中定边","2","0","2"
"江淮行中书省","1","1","2"
"淮行中书省事","1","1","2"
"副将军冯胜等","1","1","2"
"江南豪民十四","1","1","2"
"南豪民十四万","1","1","2"
"右翼统军元帅","1","1","2"
"降溪洞兵三万","2","0","2"
"溪洞兵三万人","1","1","2"
"进枢密院判官","2","0","2"
"士诚将吕珍围","2","0","2"
"元将石抹宜孙","1","1","2"
"进江南行省参","2","0","2"
"江南行省参知","1","1","2"
"南行省参知政","1","1","2"
"苗帅蒋英等叛","2","0","2"
"太平兴国翼总","1","1","2"
"平兴国翼总管","1","1","2"
"蛮子海牙采石","2","0","2"
"破张士诚水寨","1","1","2"
"中翼左副元帅","1","1","2"
"友谅大举兵围","2","0","2"
"德胜刚直沉鸷","1","1","2"
"宁国长枪诸军","1","1","2"
"常州人陈保二","1","1","2"
"州人陈保二聚","1","1","2"
"人陈保二聚众","1","1","2"
"浙东地气尽白","1","1","2"
"太祖亲征婺州","1","1","2"
"授左司员外郎","2","0","2"
"浙东行中书省","1","1","2"
"行省左右司郎","1","1","2"
"总制处州军民","1","1","2"
"制处州军民事","1","1","2"
"士诚将李伯升","2","0","2"
"广信指挥朱亮","1","1","2"
"信指挥朱亮祖","1","1","2"
"破瑞昌八阵营","1","1","2"
"擢天策卫指挥","2","0","2"
"天策卫指挥使","1","1","2"
"进大都督府副","2","0","2"
"大都督分府事","1","1","2"
"通州常遇春祠","1","1","2"
"省都督同知汪","1","1","2"
"都督同知汪兴","1","1","2"
"督同知汪兴祖","1","1","2"
"燕山侯兴祖家","1","1","2"
"江淮行省参政","1","1","2"
"通州守备单弱","1","1","2"
"白盐山伐木开","1","1","2"
"盐山伐木开道","1","1","2"
"副将军文忠北","1","1","2"
"将军文忠北征","1","1","2"
"太祖命耿炳文","1","1","2"
"祖命耿炳文选","1","1","2"
"大将军冯胜北","1","1","2"
"将军冯胜北征","1","1","2"
"孔子垂教万世","1","1","2"
"时丞相胡惟庸","1","1","2"
"特授山西右布","1","1","2"
"授山西右布政","1","1","2"
"云南楚雄训导","1","1","2"
"改授陕西平凉","1","1","2"
"诸王年方壮盛","1","1","2"
"历代忠烈诸臣","1","1","2"
"擢四川按察使","2","0","2"
"令守院御史一","1","1","2"
"守院御史一体","1","1","2"
"同官曾秉正先","1","1","2"
"官曾秉正先后","1","1","2"
"都察院佥都御","1","1","2"
"察院佥都御史","1","1","2"
"事中陈汶辉相","1","1","2"
"中陈汶辉相继","1","1","2"
"陈汶辉相继争","1","1","2"
"先所置善世院","1","1","2"
"右讲经觉义等","1","1","2"
"讲经觉义等官","1","1","2"
"景帝同祖父兄","1","1","2"
"帝同祖父兄弟","1","1","2"
"天子撤乐减膳","1","1","2"
"使守令知所务","1","1","2"
"代朝廷宣导德","1","1","2"
"朝廷宣导德化","1","1","2"
"使天下诸生考","1","1","2"
"忠臣义士视死","1","1","2"
"会考校钱谷册","1","1","2"
"考校钱谷册书","1","1","2"
"何必问诸小道","1","1","2"
"陛下连年远征","1","1","2"
"圣人大宝曰位","1","1","2"
"十三年连坐胡","1","1","2"
"年召对华盖殿","1","1","2"
"弘文馆大学士","1","1","2"
"韩信初见高祖","1","1","2"
"大兵直捣平江","1","1","2"
"然后进攻平江","1","1","2"
"然后进取两广","1","1","2"
"搜军中所掠妇","2","0","2"
"常能参合众言","1","1","2"
"夏煜等数十人","1","1","2"
"主公躬行节俭","1","1","2"
"河南道按察佥","1","1","2"
"南道按察佥事","1","1","2"
"凤阳李梦庚皆","1","1","2"
"任行中书省左","1","1","2"
"行中书省左右","1","1","2"
"中书省左右司","1","1","2"
"书省左右司郎","1","1","2"
"大都督府参军","1","1","2"
"诸全总制军事","1","1","2"
"行省左右司员","1","1","2"
"省左右司员外","1","1","2"
"左右司员外郎","1","1","2"
"更番掌行机宜","1","1","2"
"番掌行机宜文","1","1","2"
"掌行机宜文字","1","1","2"
"太祖志图中原","1","1","2"
"孛罗拥兵犯阙","1","1","2"
"洪武二年四月","1","1","2"
"黄子澄同参国","1","1","2"
"子澄同参国政","1","1","2"
"遗诏诸王临国","2","0","2"
"诏诸王临国中","2","0","2"
"民听朝廷节制","1","1","2"
"耿炳文大将军","2","0","2"
"王尊属拥重兵","2","0","2"
"齐泰同参国政","1","1","2"
"命都督宋忠调","1","1","2"
"护卫胡骑指挥","1","1","2"
"卫胡骑指挥关","1","1","2"
"胡骑指挥关童","1","1","2"
"骑指挥关童等","1","1","2"
"调北平永清左","1","1","2"
"右卫官军分驻","1","1","2"
"卫官军分驻彰","1","1","2"
"官军分驻彰德","1","1","2"
"遣大理寺少卿","2","0","2"
"锦衣卫千户张","1","1","2"
"衣卫千户张安","1","1","2"
"遣庆成郡主燕","2","0","2"
"聚宝门外山上","1","1","2"
"万历十三年三","1","1","2"
"历十三年三月","1","1","2"
"李景隆北征屡","1","1","2"
"景隆北征屡败","1","1","2"
"宗人府经历宋","1","1","2"
"靖江府长史萧","1","1","2"
"诸将分守诸路","1","1","2"
"征南副将军平","2","0","2"
"河南卫指挥使","1","1","2"
"傅友德等平蜀","2","0","2"
"大都督府同知","1","1","2"
"滁州东沙河上","1","1","2"
"成都护卫指挥","1","1","2"
"都护卫指挥使","1","1","2"
"助元帅常遇春","1","1","2"
"杭州卫指挥使","1","1","2"
"寻进都指挥使","2","0","2"
"合肥人马云同","1","1","2"
"肥人马云同隶","1","1","2"
"辽阳行省参政","1","1","2"
"阳行省参政刘","1","1","2"
"行省参政刘益","1","1","2"
"省参政刘益屯","1","1","2"
"立辽阳指挥使","1","1","2"
"辽阳指挥使司","1","1","2"
"元平章洪保保","1","1","2"
"知院哈剌章屯","1","1","2"
"断事吴立镇抚","1","1","2"
"事吴立镇抚军","1","1","2"
"吴立镇抚军民","1","1","2"
"盖州卫指挥佥","1","1","2"
"设都指挥使司","2","0","2"
"都指挥使司统","1","1","2"
"指挥使司统辖","1","1","2"
"挥使司统辖诸","1","1","2"
"使司统辖诸卫","1","1","2"
"盖城南十里沿","1","1","2"
"两山旌旗蔽空","1","1","2"
"送高丽使者周","1","1","2"
"丽使者周谊入","1","1","2"
"使者周谊入京","1","1","2"
"青军元帅张明","1","1","2"
"军元帅张明鉴","1","1","2"
"元镇南王孛罗","1","1","2"
"王孛罗普化招","1","1","2"
"孛罗普化招降","1","1","2"
"缪将军生平端","1","1","2"
"将军生平端直","1","1","2"
"友谅八阵指挥","1","1","2"
"常遇春讨平邓","1","1","2"
"遇春讨平邓克","1","1","2"
"春讨平邓克明","1","1","2"
"讨平邓克明余","1","1","2"
"平邓克明余党","1","1","2"
"广西行省参政","1","1","2"
"洪武三年九月","1","1","2"
"首尾二千余丈","1","1","2"
"二十六年坐蓝","2","0","2"
"元末随德成归","1","1","2"
"功授凤翔卫指","2","0","2"
"授凤翔卫指挥","2","0","2"
"凤翔卫指挥副","1","1","2"
"翔卫指挥副使","1","1","2"
"招降元将士八","1","1","2"
"降元将士八千","1","1","2"
"元将士八千余","1","1","2"
"将士八千余人","1","1","2"
"元平章脱火赤","1","1","2"
"秦王讨平洮州","1","1","2"
"王讨平洮州番","1","1","2"
"帐前亲军元帅","1","1","2"
"兴武卫指挥佥","1","1","2"
"元平章俺普达","1","1","2"
"平章俺普达等","1","1","2"
"楚雄卫指挥使","1","1","2"
"请益兵守潼关","2","0","2"
"凤翔入连云栈","2","0","2"
"友仁决濠填堑","1","1","2"
"令傅友德夜袭","1","1","2"
"傅友德夜袭木","1","1","2"
"友德夜袭木槽","1","1","2"
"德夜袭木槽关","1","1","2"
"国初诸都督中","1","1","2"
"武昌卫副千户","1","1","2"
"神策卫指挥佥","1","1","2"
"迁都指挥同知","2","0","2"
"笋冈诸县逋逃","1","1","2"
"神电等二十四","1","1","2"
"电等二十四卫","1","1","2"
"等二十四卫所","1","1","2"
"四川威茂土酋","1","1","2"
"川威茂土酋董","1","1","2"
"威茂土酋董贴","1","1","2"
"茂土酋董贴里","1","1","2"
"土酋董贴里叛","1","1","2"
"松州山多田少","1","1","2"
"焚掠十四州县","1","1","2"
"广行省平章政","1","1","2"
"南阳卫指挥佥","1","1","2"
"飞熊卫亲军指","1","1","2"
"熊卫亲军指挥","1","1","2"
"军指挥使司佥","1","1","2"
"指挥使司佥事","1","1","2"
"詹事府副詹事","1","1","2"
"河南行省平章","1","1","2"
"孙世袭指挥同","1","1","2"
"世袭指挥同知","1","1","2"
"国子博士师道","1","1","2"
"二人进讲经史","1","1","2"
"后布政使夏寅","1","1","2"
"国子生蒋学等","1","1","2"
"上太平十二策","1","1","2"
"儒士十八人编","1","1","2"
"吏部尚书余熂","2","0","2"
"征授国子博士","2","0","2"
"阴阳谶卜诸书","1","1","2"
"武英二堂说书","1","1","2"
"诸生千余人送","1","1","2"
"同州蒲城人争","1","1","2"
"踞公座签表文","1","1","2"
"兵部职方司郎","1","1","2"
"部职方司郎中","1","1","2"
"北平按察司副","1","1","2"
"平按察司副使","1","1","2"
"前刑部尚书李","1","1","2"
"刑部尚书李敬","1","1","2"
"兄弟三人共居","1","1","2"
"弟三人共居一","1","1","2"
"蜡书谕降江西","1","1","2"
"复仁议论慷慨","1","1","2"
"浙江按察司佥","1","1","2"
"江按察司佥事","1","1","2"
"两淮都转运使","1","1","2"
"币帛求遗贤四","2","0","2"
"帛求遗贤四方","2","0","2"
"赵寿等分行天","2","0","2"
"寿等分行天下","2","0","2"
"坐考祀孔子礼","2","0","2"
"考祀孔子礼时","2","0","2"
"祀孔子礼时奏","2","0","2"
"旋召礼部主事","2","0","2"
"四川行省参知","1","1","2"
"川行省参知政","1","1","2"
"擢福建按察使","2","0","2"
"布政使薛大方","1","1","2"
"群妇女沉茨潭","1","1","2"
"广东按察司佥","1","1","2"
"东按察司佥事","1","1","2"
"元枢密同佥宁","1","1","2"
"枢密同佥宁安","1","1","2"
"密同佥宁安庆","1","1","2"
"称姑苏五太守","1","1","2"
"太常司赞礼郎","1","1","2"
"佐省台裁定铨","1","1","2"
"省台裁定铨除","1","1","2"
"台裁定铨除考","1","1","2"
"裁定铨除考课","1","1","2"
"定铨除考课诸","1","1","2"
"铨除考课诸法","1","1","2"
"除考课诸法略","1","1","2"
"考课诸法略具","1","1","2"
"侍郎李仁详考","1","1","2"
"定内外封赠荫","1","1","2"
"内外封赠荫叙","1","1","2"
"图画土地人民","1","1","2"
"下诸司设官分","1","1","2"
"诸司设官分职","1","1","2"
"命思义令天下","1","1","2"
"陕西行省参政","1","1","2"
"江西行省佥事","1","1","2"
"香山丞冲敬治","1","1","2"
"奉行者重足立","1","1","2"
"工部侍郎秦逵","1","1","2"
"刑部尚书赵勉","1","1","2"
"惟犯十恶杀人","2","0","2"
"犯十恶杀人者","2","0","2"
"罪皆令输粟北","2","0","2"
"皆令输粟北边","2","0","2"
"安南相黎一元","1","1","2"
"中书左司郎中","1","1","2"
"佐李善长裁断","1","1","2"
"瑞州守御千户","1","1","2"
"运河江都深港","1","1","2"
"水寨管军镇抚","1","1","2"
"京畿都漕运使","1","1","2"
"驸马都尉黄琛","1","1","2"
"太师李善长奏","1","1","2"
"奏郑国公常茂","1","1","2"
"郑国公常茂死","1","1","2"
"国公常茂死事","1","1","2"
"奉议诸州叛蛮","1","1","2"
"都御史詹徽刚","1","1","2"
"御史詹徽刚断","1","1","2"
"御史大夫安然","1","1","2"
"请天下诸司设","1","1","2"
"孝弟力田诸科","1","1","2"
"弟力田诸科所","1","1","2"
"力田诸科所取","1","1","2"
"使趋事者朝寅","1","1","2"
"趋事者朝寅暮","1","1","2"
"事者朝寅暮戌","1","1","2"
"明道书院山长","1","1","2"
"耆儒李习率父","1","1","2"
"儒李习率父老","1","1","2"
"翰苑文章第一","1","1","2"
"苑文章第一家","1","1","2"
"洪武元年四月","1","1","2"
"家属四十余人","1","1","2"
"洪武元年分建","1","1","2"
"武元年分建六","1","1","2"
"元年分建六部","1","1","2"
"年分建六部官","1","1","2"
"然后诸典礼多","1","1","2"
"释奠先师乐章","2","0","2"
"定宗庙时享斋","1","1","2"
"宗庙时享斋戒","1","1","2"
"中书省礼曹主","1","1","2"
"书省礼曹主事","1","1","2"
"太常博士孙吾","1","1","2"
"汉光武加先陵","2","0","2"
"光武加先陵曰","2","0","2"
"武加先陵曰昌","2","0","2"
"宋祥符九年南","1","1","2"
"祥符九年南郊","1","1","2"
"符九年南郊遇","1","1","2"
"九年南郊遇雨","1","1","2"
"朝班分列东西","1","1","2"
"大祀帝亲省牲","1","1","2"
"亲祭者皆亲省","1","1","2"
"令郡国奏祥瑞","1","1","2"
"凡数千年国体","1","1","2"
"安南陈叔明篡","1","1","2"
"戍将捕获倭人","1","1","2"
"昂增定监规八","1","1","2"
"增定监规八条","1","1","2"
"会司谏关贤上","1","1","2"
"司谏关贤上言","1","1","2"
"郡邑所司非人","1","1","2"
"元总管李黼立","1","1","2"
"总管李黼立祀","1","1","2"
"元帅余阙立庙","1","1","2"
"大理印行令旨","1","1","2"
"力牧等三十六","1","1","2"
"牧等三十六人","1","1","2"
"等三十六人侑","1","1","2"
"三十六人侑享","1","1","2"
"进士王希曾请","1","1","2"
"廷臣参考中原","1","1","2"
"臣参考中原雅","1","1","2"
"陵寝朔望祭祀","1","1","2"
"登坛脱舄诸礼","1","1","2"
"杨邦宪宣慰使","1","1","2"
"洪武四年平蜀","2","0","2"
"州宣慰使杨铿","1","1","2"
"蛮夷总管郑瑚","1","1","2"
"夷总管郑瑚等","1","1","2"
"置播州黄平宣","1","1","2"
"播州黄平宣抚","1","1","2"
"宣慰使杨升招","1","1","2"
"谷亻散等四十","1","1","2"
"亻散等四十一","1","1","2"
"会同四川巡抚","1","1","2"
"土官同知罗宏","1","1","2"
"都御史张瓒亲","1","1","2"
"设安宁宣抚司","2","0","2"
"官军五万五千","1","1","2"
"十三万五千石","1","1","2"
"增设重安守御","1","1","2"
"设重安守御千","1","1","2"
"重安守御千户","1","1","2"
"州宣慰使杨斌","1","1","2"
"巡按御史俞缁","1","1","2"
"协同播州经历","1","1","2"
"同播州经历司","1","1","2"
"播州安抚宋淮","1","1","2"
"贵州凯口烂土","1","1","2"
"凯里草塘诸寨","1","1","2"
"播州安抚罗忠","1","1","2"
"故宣慰杨烈祭","1","1","2"
"宣慰杨烈祭葬","1","1","2"
"总兵刘承嗣等","1","1","2"
"御史薛继茂主","1","1","2"
"水西宣慰安疆","1","1","2"
"西宣慰安疆臣","1","1","2"
"重庆知府王士","1","1","2"
"庆知府王士琦","1","1","2"
"黄元等十二人","1","1","2"
"川东兵备副使","1","1","2"
"令都司杨国柱","1","1","2"
"应龙尽杀城中","1","1","2"
"时总督李化龙","1","1","2"
"总兵李应祥等","1","1","2"
"筠连州滕大寨","1","1","2"
"命成都卫指挥","1","1","2"
"成都卫指挥袁","1","1","2"
"都卫指挥袁洪","1","1","2"
"千户李文质等","1","1","2"
"余党散入云南","1","1","2"
"九姓长官司隶","1","1","2"
"永宁等处军民","1","1","2"
"宁等处军民安","1","1","2"
"永宁宣抚使禄","1","1","2"
"宁宣抚使禄照","1","1","2"
"水道一百九十","1","1","2"
"道一百九十滩","1","1","2"
"大滩八十二处","1","1","2"
"景川侯曹震疏","2","0","2"
"令永宁宣抚奢","1","1","2"
"宁宣抚奢贵赴","1","1","2"
"宣抚奢贵赴大","1","1","2"
"抚奢贵赴大坝","1","1","2"
"奢贵赴大坝招","1","1","2"
"贵赴大坝招抚","1","1","2"
"时总督尚书程","1","1","2"
"总督尚书程信","1","1","2"
"宁宣抚奢贵开","1","1","2"
"宣抚奢贵开通","1","1","2"
"礼部侍郎周洪","1","1","2"
"部侍郎周洪谟","1","1","2"
"毕节六七百里","1","1","2"
"司女土官奢禄","1","1","2"
"土官奢效忠首","1","1","2"
"总兵官刘显节","1","1","2"
"兵官刘显节制","1","1","2"
"结永宁宣抚奢","1","1","2"
"永宁宣抚奢效","1","1","2"
"宁宣抚奢效忠","1","1","2"
"宣抚奢效忠报","1","1","2"
"抚奢效忠报仇","1","1","2"
"土知府安承祖","1","1","2"
"参将马呈文利","1","1","2"
"总兵侯国弼等","1","1","2"
"都司张神武等","1","1","2"
"令安疆臣约束","1","1","2"
"千户张大策等","1","1","2"
"将永宁宣抚改","1","1","2"
"赤水卫白撒所","1","1","2"
"知县张振德死","2","0","2"
"党周鼎等分道","1","1","2"
"邦彦号四裔大","2","0","2"
"彦号四裔大长","2","0","2"
"号四裔大长老","2","0","2"
"令总兵侯良柱","1","1","2"
"洞长杨通保等","1","1","2"
"酉阳宣抚冉兴","1","1","2"
"阳宣抚冉兴邦","1","1","2"
"一百三十六户","1","1","2"
"宣抚佥事冉廷","1","1","2"
"抚佥事冉廷璋","1","1","2"
"副长官杨胜刚","1","1","2"
"长官杨胜刚父","1","1","2"
"官杨胜刚父子","1","1","2"
"洞长杨广震等","1","1","2"
"护印舍人冉廷","1","1","2"
"印舍人冉廷玺","1","1","2"
"元献大木二十","2","0","2"
"尚书张鹤鸣言","2","0","2"
"宣慰使冉天麟","1","1","2"
"洪武二年三月","1","1","2"
"大明天子神圣","1","1","2"
"明天子神圣文","1","1","2"
"天子神圣文武","1","1","2"
"克勤等八人送","1","1","2"
"征夷将军源义","1","1","2"
"夷将军源义满","1","1","2"
"将军源义满奉","1","1","2"
"十九年遣使贡","2","0","2"
"命江夏侯周德","2","0","2"
"万八千七百余","2","0","2"
"八千七百余人","2","0","2"
"结宁波卫指挥","1","1","2"
"宁波卫指挥林","1","1","2"
"波卫指挥林贤","1","1","2"
"遣左通政赵居","1","1","2"
"三年十一月献","1","1","2"
"鸿胪寺少卿潘","1","1","2"
"胪寺少卿潘赐","1","1","2"
"寺少卿潘赐偕","1","1","2"
"赐仁孝皇后所","1","1","2"
"仁孝皇后所制","1","1","2"
"员外郎吕渊等","1","1","2"
"都督刘荣率精","1","1","2"
"督刘荣率精兵","1","1","2"
"贼数千人分乘","1","1","2"
"数千人分乘二","1","1","2"
"千人分乘二十","1","1","2"
"正统元年二月","1","1","2"
"钱二十一万七","1","1","2"
"二十一万七千","1","1","2"
"三万四千七百","1","1","2"
"遣使贡马谢恩","2","0","2"
"弘治九年三月","1","1","2"
"都指挥刘锦追","1","1","2"
"巡按御史欧珠","1","1","2"
"海道副使张芹","1","1","2"
"分守参政朱鸣","1","1","2"
"守参政朱鸣阳","1","1","2"
"分巡副使许完","1","1","2"
"王源义晴附表","1","1","2"
"巡按御史督同","1","1","2"
"按御史督同三","1","1","2"
"御史督同三司","1","1","2"
"巡按御史高节","1","1","2"
"按御史高节请","1","1","2"
"巡按御史杨九","1","1","2"
"按御史杨九泽","1","1","2"
"命副都御史朱","1","1","2"
"副都御史朱纨","1","1","2"
"都御史朱纨巡","1","1","2"
"御史朱纨巡抚","1","1","2"
"史朱纨巡抚浙","1","1","2"
"朱纨巡抚浙江","1","1","2"
"巡按御史周亮","1","1","2"
"三十一年七月","1","1","2"
"三十二年三月","1","1","2"
"三十六年十月","1","1","2"
"十六年十月初","1","1","2"
"谒巡按御史王","1","1","2"
"琉球长史郑迥","1","1","2"
"球长史郑迥谋","1","1","2"
"总兵祖承训赴","1","1","2"
"兵部侍郎宋应","1","1","2"
"部侍郎宋应昌","1","1","2"
"部尚书石星计","2","0","2"
"尚书石星计所","2","0","2"
"诸倭扬帆尽归","2","0","2"
"刑部侍郎李浩","1","1","2"
"内史监丞梁民","1","1","2"
"子寨官子入国","2","0","2"
"右长史王茂辅","1","1","2"
"十三年三月请","1","1","2"
"行人陈季若等","1","1","2"
"天顺六年三月","1","1","2"
"指挥刘玉私通","1","1","2"
"挥刘玉私通货","1","1","2"
"携陪臣子五人","2","0","2"
"遣官生蔡进等","1","1","2"
"官生蔡进等五","1","1","2"
"生蔡进等五人","1","1","2"
"人入南京国学","2","0","2"
"琉球二年一贡","2","0","2"
"黄金四十两进","1","1","2"
"巡按御史樊献","1","1","2"
"按御史樊献科","1","1","2"
"遣使入贡谢恩","2","0","2"
"十一年二月抵","1","1","2"
"三十三年七月","1","1","2"
"浙江总兵官杨","1","1","2"
"江总兵官杨宗","1","1","2"
"兵官杨宗业闻","2","0","2"
"嘉峪关一千六","1","1","2"
"峪关一千六百","1","1","2"
"关一千六百里","1","1","2"
"威武王纳忽里","1","1","2"
"武王纳忽里镇","1","1","2"
"四千七百四十","1","1","2"
"千七百四十匹","1","1","2"
"头目马哈麻火","1","1","2"
"都指挥同知哈","1","1","2"
"指挥同知哈剌","1","1","2"
"挥同知哈剌哈","1","1","2"
"同知哈剌哈纳","1","1","2"
"兔力帖木忠义","2","0","2"
"力帖木忠义王","2","0","2"
"贡马三千五百","1","1","2"
"三千五百余匹","2","0","2"
"钞三万二千锭","1","1","2"
"卜答失里年幼","1","1","2"
"子倒瓦答失里","1","1","2"
"母弩温答失里","2","0","2"
"时都指挥马云","1","1","2"
"灌顶慈慧圆智","1","1","2"
"顶慈慧圆智普","1","1","2"
"慈慧圆智普通","1","1","2"
"慧圆智普通国","1","1","2"
"圆智普通国师","1","1","2"
"明年遣使入贡","2","0","2"
"都指挥桑斌等","1","1","2"
"子阿黑麻嗣速","2","0","2"
"阿黑麻嗣速檀","2","0","2"
"命侍郎张海等","1","1","2"
"使臣一百七十","1","1","2"
"臣一百七十二","1","1","2"
"一百七十二人","1","1","2"
"甘肃巡按潘仿","1","1","2"
"部下虎力纳引","2","0","2"
"下虎力纳引瓦","2","0","2"
"虎力纳引瓦剌","2","0","2"
"引瓦剌寇肃州","2","0","2"
"牙兰包藏祸心","1","1","2"
"甘肃巡抚赵载","1","1","2"
"肃巡抚赵载陈","1","1","2"
"二百四十八道","1","1","2"
"弟琐非等三人","1","1","2"
"弩温答失里主","1","1","2"
"授伯都王都督","2","0","2"
"伯都王都督佥","2","0","2"
"都王都督佥事","2","0","2"
"兀忽纳指挥佥","2","0","2"
"忽纳指挥佥事","2","0","2"
"加思兰见哈密","1","1","2"
"男妇二百余人","2","0","2"
"速檀阿力乘机","1","1","2"
"檀阿力乘机袭","1","1","2"
"遣都督同知李","1","1","2"
"都督同知李文","1","1","2"
"锦衣千户马俊","1","1","2"
"衣千户马俊奉","1","1","2"
"千户马俊奉敕","1","1","2"
"都指挥阿木郎","1","1","2"
"旧部绰卜都等","1","1","2"
"臣者盼卜等人","1","1","2"
"都督同知奄克","1","1","2"
"督同知奄克孛","1","1","2"
"同知奄克孛剌","1","1","2"
"时土鲁番先后","1","1","2"
"兵部右侍郎张","1","1","2"
"部右侍郎张海","1","1","2"
"督同知缑谦二","1","1","2"
"同知缑谦二人","1","1","2"
"令都督奄克孛","1","1","2"
"都督奄克孛剌","1","1","2"
"督奄克孛剌总","1","1","2"
"奄克孛剌总理","1","1","2"
"克孛剌总理哈","1","1","2"
"孛剌总理哈密","1","1","2"
"王越总制三边","1","1","2"
"部下阿孛剌等","1","1","2"
"都督满哈剌三","1","1","2"
"肃巡抚李昆上","1","1","2"
"立安定王千奔","1","1","2"
"游击芮宁参将","2","0","2"
"击芮宁参将蒋","2","0","2"
"芮宁参将蒋存","2","0","2"
"宁参将蒋存礼","2","0","2"
"失烟答子米马","2","0","2"
"烟答子米马黑","2","0","2"
"巡按御史潘仿","1","1","2"
"胡世宁救陈九","1","1","2"
"世宁救陈九畴","1","1","2"
"甘肃巡抚唐泽","1","1","2"
"大破王保保兵","2","0","2"
"封买里八剌崇","2","0","2"
"买里八剌崇礼","2","0","2"
"里八剌崇礼侯","2","0","2"
"谥元主曰顺帝","2","0","2"
"右副将军傅友","1","1","2"
"副将军傅友德","1","1","2"
"败蛮子哈剌章","1","1","2"
"大臣朵朵失里","1","1","2"
"臣朵朵失里等","1","1","2"
"洪武十一年夏","1","1","2"
"枢密知院爱足","1","1","2"
"密知院爱足等","1","1","2"
"命宋国公冯胜","2","0","2"
"率颍川侯傅友","1","1","2"
"永昌侯蓝玉等","1","1","2"
"遣蓝玉乘大雪","1","1","2"
"蓝玉乘大雪袭","1","1","2"
"封纳哈海西侯","2","0","2"
"察罕达鲁花等","1","1","2"
"本雅失里瓦剌","2","0","2"
"本雅失里西奔","2","0","2"
"阿鲁台使贡马","2","0","2"
"率妻子部属降","2","0","2"
"脱懽袭杀阿鲁","2","0","2"
"懽袭杀阿鲁台","2","0","2"
"阿鲁台子阿卜","2","0","2"
"鲁台子阿卜俺","2","0","2"
"都御史项忠率","1","1","2"
"唐张仁愿筑三","2","0","2"
"张仁愿筑三受","2","0","2"
"仁愿筑三受降","2","0","2"
"愿筑三受降城","2","0","2"
"抚宁侯朱永等","1","1","2"
"大同巡抚王越","1","1","2"
"延绥巡抚余子","1","1","2"
"绥巡抚余子俊","1","1","2"
"杀掠人畜数万","2","0","2"
"长驱入顺圣川","2","0","2"
"山西巡抚边镛","1","1","2"
"副总兵马升逗","1","1","2"
"部侍郎王鏊上","1","1","2"
"尚书秦纮总制","2","0","2"
"军器二千九百","1","1","2"
"总制丛兰告急","1","1","2"
"攻破城堡二十","1","1","2"
"关山先后战死","1","1","2"
"总督尚书杨守","1","1","2"
"督尚书杨守礼","1","1","2"
"巡抚都御史楚","1","1","2"
"抚都御史楚书","1","1","2"
"尚书樊继祖督","1","1","2"
"游击周宇战死","1","1","2"
"大同巡抚龙大","1","1","2"
"子狼台吉等散","1","1","2"
"狼台吉等散处","1","1","2"
"台吉等散处河","1","1","2"
"吉等散处河西","1","1","2"
"总督侍郎翁万","1","1","2"
"督侍郎翁万达","1","1","2"
"总兵周尚文严","1","1","2"
"宣府总兵赵国","1","1","2"
"府总兵赵国忠","1","1","2"
"都御史王汝孝","1","1","2"
"御史王汝孝率","1","1","2"
"大同总兵咸宁","1","1","2"
"同总兵咸宁侯","1","1","2"
"总兵咸宁侯仇","1","1","2"
"兵咸宁侯仇鸾","1","1","2"
"御史杨守谦等","1","1","2"
"马房内官杨增","1","1","2"
"兵部郎中杨继","1","1","2"
"部郎中杨继盛","1","1","2"
"备御指挥王相","1","1","2"
"总兵李涞战死","1","1","2"
"大同总兵岳懋","1","1","2"
"同总兵岳懋中","1","1","2"
"丁碧先后战死","1","1","2"
"总兵蒋承勋力","2","0","2"
"兵蒋承勋力战","2","0","2"
"蒋承勋力战死","2","0","2"
"参将祁勉战死","1","1","2"
"入大同右卫境","1","1","2"
"兵部侍郎江东","1","1","2"
"总兵张承勋等","1","1","2"
"大同总兵刘汉","1","1","2"
"参将王孟夏等","1","1","2"
"千户李虎战死","1","1","2"
"延绥总兵赵岢","1","1","2"
"绥总兵赵岢分","1","1","2"
"大同总兵姜应","1","1","2"
"同总兵姜应熊","1","1","2"
"都御史刘焘上","1","1","2"
"宣府洗马林突","1","1","2"
"大同参将崔世","1","1","2"
"同参将崔世荣","1","1","2"
"杀知州王亮采","2","0","2"
"时兵部侍郎王","1","1","2"
"兵部侍郎王崇","1","1","2"
"部侍郎王崇古","1","1","2"
"侍郎王崇古镇","1","1","2"
"俺答第三子铁","2","0","2"
"答第三子铁背","2","0","2"
"第三子铁背台","2","0","2"
"三子铁背台吉","2","0","2"
"子铁背台吉子","2","0","2"
"阿力哥等十人","1","1","2"
"大同巡抚方逢","1","1","2"
"同巡抚方逢时","1","1","2"
"汉置属国居乌","2","0","2"
"置属国居乌桓","2","0","2"
"许六十人进京","1","1","2"
"万寿圣节四方","1","1","2"
"诏封俺答顺义","2","0","2"
"红山墩暨清水","1","1","2"
"山墩暨清水营","1","1","2"
"俺答常远处青","1","1","2"
"答常远处青山","1","1","2"
"总兵戚继光等","1","1","2"
"彩缎十二表里","1","1","2"
"停撦力克市赏","2","0","2"
"延绥巡抚李春","1","1","2"
"绥巡抚李春光","1","1","2"
"延镇连年多事","1","1","2"
"游击史见战死","1","1","2"
"延绥总兵麻贵","1","1","2"
"参将周国柱等","1","1","2"
"将周国柱等击","2","0","2"
"周国柱等击莽","2","0","2"
"国柱等击莽剌","2","0","2"
"柱等击莽剌川","2","0","2"
"等击莽剌川脑","2","0","2"
"火落赤等合谋","1","1","2"
"宰赛诱杀庆云","1","1","2"
"赛诱杀庆云堡","1","1","2"
"诱杀庆云堡守","1","1","2"
"杀庆云堡守御","1","1","2"
"庆云堡守御熊","1","1","2"
"延绥总兵官秉","1","1","2"
"绥总兵官秉忠","1","1","2"
"总兵官秉忠等","1","1","2"
"巡抚周永春等","1","1","2"
"榆林总兵杜文","1","1","2"
"林总兵杜文焕","1","1","2"
"偿命银一万三","1","1","2"
"命银一万三千","1","1","2"
"召总督王象乾","1","1","2"
"联络朵颜三十","1","1","2"
"络朵颜三十六","1","1","2"
"朵颜三十六家","1","1","2"
"督师袁崇焕共","1","1","2"
"大同巡抚张宗","1","1","2"
"同巡抚张宗衡","1","1","2"
"督师洪承畴等","1","1","2"
"捐金钱数十万","1","1","2"
"镇抚答哈帖木","1","1","2"
"武安侯郑亨等","1","1","2"
"都督苏火耳灰","1","1","2"
"督苏火耳灰等","1","1","2"
"成国公朱勇言","2","0","2"
"守备太监郭敬","1","1","2"
"王振挟帝亲征","2","0","2"
"遣使贺明年正","2","0","2"
"使贺明年正旦","2","0","2"
"置都指挥使司","1","1","2"
"命都督佥事冯","1","1","2"
"都督佥事冯诚","1","1","2"
"春袭封西平侯","2","0","2"
"弄山长官司沙","1","1","2"
"山长官司沙源","1","1","2"
"结都司阮韵嘉","1","1","2"
"时宁州土司禄","1","1","2"
"宁州土司禄永","1","1","2"
"州土司禄永命","1","1","2"
"金沧副使杨畏","1","1","2"
"沧副使杨畏知","1","1","2"
"副使杨畏知奉","1","1","2"
"使杨畏知奉调","1","1","2"
"杨畏知奉调驻","1","1","2"
"置姚州都督府","1","1","2"
"督兵云南品甸","2","0","2"
"选精兵二万五","1","1","2"
"精兵二万五千","1","1","2"
"十二关长官司","1","1","2"
"元江等处宣慰","1","1","2"
"江等处宣慰司","1","1","2"
"置临安卫指挥","1","1","2"
"临安卫指挥使","1","1","2"
"安卫指挥使司","1","1","2"
"千户纳速丁等","1","1","2"
"溪处甸长官司","1","1","2"
"处甸长官司副","1","1","2"
"甸长官司副长","1","1","2"
"长官司副长官","1","1","2"
"七万九千八百","1","1","2"
"万九千八百索","1","1","2"
"东山口巡检司","1","1","2"
"亏容甸长官司","1","1","2"
"弥勒州十八寨","1","1","2"
"临安阿迷州土","1","1","2"
"安阿迷州土官","1","1","2"
"迷州土官普柱","1","1","2"
"元谋土官吾必","1","1","2"
"谋土官吾必奎","1","1","2"
"布政使周士昌","1","1","2"
"广西知府张继","1","1","2"
"西知府张继孟","1","1","2"
"宁州土官禄永","1","1","2"
"州土官禄永命","1","1","2"
"石屏州土目龙","1","1","2"
"王弄山副长官","1","1","2"
"弄山副长官沙","1","1","2"
"山副长官沙源","1","1","2"
"安南长官司土","1","1","2"
"南长官司土舍","1","1","2"
"新安守御千户","1","1","2"
"都指挥同知王","1","1","2"
"指挥同知王俊","1","1","2"
"挥同知王俊奉","1","1","2"
"同知王俊奉命","1","1","2"
"知王俊奉命率","1","1","2"
"遣指挥欧庆等","1","1","2"
"总兵官沐昂等","1","1","2"
"兵官沐昂等招","1","1","2"
"官沐昂等招抚","1","1","2"
"时富州土官沈","1","1","2"
"富州土官沈政","1","1","2"
"泗城土官岑接","1","1","2"
"巡抚王懋中调","1","1","2"
"置磨弥部万户","1","1","2"
"曲靖路宣慰司","1","1","2"
"曲靖军民指挥","1","1","2"
"靖军民指挥使","1","1","2"
"置曲靖军民府","1","1","2"
"西平侯沐英发","1","1","2"
"平侯沐英发兵","1","1","2"
"侯沐英发兵讨","1","1","2"
"留神策卫千户","1","1","2"
"神策卫千户刘","1","1","2"
"策卫千户刘成","1","1","2"
"一千三百余人","1","1","2"
"洱海卫指挥佥","1","1","2"
"海卫指挥佥事","1","1","2"
"卫指挥佥事滕","1","1","2"
"指挥佥事滕聚","1","1","2"
"陆凉卫指挥使","1","1","2"
"凉卫指挥使司","1","1","2"
"遣开国公常升","1","1","2"
"军都督佥事王","1","1","2"
"都督佥事王成","1","1","2"
"平夷千户所改","1","1","2"
"土军千户阿保","1","1","2"
"土知州安世鼎","1","1","2"
"知州安世鼎死","1","1","2"
"巡抚刘世曾檄","2","0","2"
"参将蔡兆吉等","1","1","2"
"缅中宣慰使司","1","1","2"
"缅甸宣慰使司","1","1","2"
"诏行人张洪等","2","0","2"
"行人张洪等赍","2","0","2"
"人张洪等赍敕","2","0","2"
"张洪等赍敕谕","2","0","2"
"洪等赍敕谕责","2","0","2"
"次子马者速管","1","1","2"
"洪熙元年遣内","2","0","2"
"熙元年遣内官","2","0","2"
"缅甸宣慰使新","1","1","2"
"甸宣慰使新加","1","1","2"
"宣慰使新加斯","1","1","2"
"总督尚书王骥","1","1","2"
"遣指挥李仪等","1","1","2"
"令总兵官蒋贵","1","1","2"
"总兵官蒋贵等","1","1","2"
"镇守太监钱能","1","1","2"
"兵部尚书余子","1","1","2"
"部尚书余子俊","1","1","2"
"尚书余子俊等","1","1","2"
"永昌知府严时","1","1","2"
"昌知府严时泰","1","1","2"
"镇巡官沐朝弼","1","1","2"
"巡官沐朝弼等","1","1","2"
"西南金楼白象","1","1","2"
"南金楼白象主","1","1","2"
"金楼白象主莽","1","1","2"
"楼白象主莽哒","1","1","2"
"白象主莽哒喇","1","1","2"
"象主莽哒喇弄","1","1","2"
"主莽哒喇弄王","1","1","2"
"莽哒喇弄王书","1","1","2"
"哒喇弄王书报","1","1","2"
"喇弄王书报天","1","1","2"
"弄王书报天皇","1","1","2"
"王书报天皇帝","1","1","2"
"崖土舍刀怕文","1","1","2"
"金腾副使许天","1","1","2"
"腾副使许天琦","1","1","2"
"土目马禄喇送","1","1","2"
"目马禄喇送等","1","1","2"
"永昌千户辛凤","1","1","2"
"昌千户辛凤奉","1","1","2"
"武靖参将邓子","1","1","2"
"靖参将邓子龙","1","1","2"
"立木邦路军民","1","1","2"
"木邦路军民总","1","1","2"
"邦路军民总管","1","1","2"
"遣内官杨瑄赍","2","0","2"
"内官杨瑄赍敕","2","0","2"
"官杨瑄赍敕谕","2","0","2"
"江下等十余寨","2","0","2"
"年遣使贡象马","2","0","2"
"遣中官徐亮赍","2","0","2"
"中官徐亮赍敕","2","0","2"
"赐白金三千两","1","1","2"
"锦绮三百表里","1","1","2"
"破缅甸城寨二","2","0","2"
"缅甸城寨二十","2","0","2"
"甸城寨二十余","2","0","2"
"陇川宣抚刀歪","1","1","2"
"川宣抚刀歪孟","1","1","2"
"左参将胡志调","1","1","2"
"参将胡志调兵","1","1","2"
"黔国公沐琮闻","2","0","2"
"故木邦宣慰罕","1","1","2"
"木邦宣慰罕揲","1","1","2"
"邦宣慰罕揲法","1","1","2"
"兵部尚书张鹏","1","1","2"
"部尚书张鹏主","1","1","2"
"副都御史程宗","1","1","2"
"设孟密安抚司","2","0","2"
"头目放卓孟等","1","1","2"
"京工部尚书程","1","1","2"
"工部尚书程宗","1","1","2"
"木邦宣慰罕挖","2","0","2"
"邦宣慰罕挖法","2","0","2"
"孟密侵夺木邦","1","1","2"
"土舍思揲乘虚","1","1","2"
"舍思揲乘虚袭","1","1","2"
"头目高答落等","1","1","2"
"木邦宣慰罕烈","1","1","2"
"叔罕衤盍约暹","1","1","2"
"罕衤盍约暹罗","1","1","2"
"置云远路军民","1","1","2"
"木邦宣慰使罕","1","1","2"
"邦宣慰使罕宾","1","1","2"
"宣慰使罕宾法","1","1","2"
"麓川宣慰思任","1","1","2"
"川宣慰思任发","1","1","2"
"宣慰思任发所","1","1","2"
"头目刀变蛮等","1","1","2"
"诸葛亮五月渡","1","1","2"
"缅甸宣慰马哈","1","1","2"
"甸宣慰马哈省","1","1","2"
"宣慰马哈省管","1","1","2"
"慰马哈省管治","1","1","2"
"孟养金沙江思","2","0","2"
"养金沙江思陆","2","0","2"
"金沙江思陆发","2","0","2"
"思陆遣大陶孟","2","0","2"
"陆遣大陶孟伦","2","0","2"
"云南巡按谢朝","1","1","2"
"南巡按谢朝宣","1","1","2"
"蛮莫等地十三","1","1","2"
"莫等地十三处","1","1","2"
"总兵官沐绍勋","1","1","2"
"参政王汝舟等","1","1","2"
"置撒里路军民","1","1","2"
"撒里路军民总","1","1","2"
"里路军民总管","1","1","2"
"置军民宣慰使","1","1","2"
"西平侯沐晟请","1","1","2"
"道经八百大甸","2","0","2"
"宣慰刀招散所","1","1","2"
"慰刀招散所阻","1","1","2"
"靖安宣慰使司","1","1","2"
"土舍刀霸羡请","1","1","2"
"靖安宣慰刀霸","1","1","2"
"安宣慰刀霸供","1","1","2"
"麓川宣慰思伦","1","1","2"
"川宣慰思伦发","1","1","2"
"宣慰思伦发叛","1","1","2"
"兄三宝历代承","1","1","2"
"车里宣慰刀糯","1","1","2"
"里宣慰刀糯猛","1","1","2"
"铸老挝军民宣","2","0","2"
"民宣慰使司印","2","0","2"
"杀宣慰刀板雅","2","0","2"
"季子怕雅赛走","2","0","2"
"子怕雅赛走八","2","0","2"
"怕雅赛走八百","2","0","2"
"宣慰舍人招揽","1","1","2"
"慰舍人招揽章","1","1","2"
"舍人招揽章应","1","1","2"
"八百等处宣慰","1","1","2"
"百等处宣慰司","1","1","2"
"八百大甸宣慰","2","0","2"
"遣员外郎左洋","1","1","2"
"刀招散遣人贡","2","0","2"
"土官刀招散所","1","1","2"
"官刀招散所阻","1","1","2"
"长率兵一万五","1","1","2"
"率兵一万五千","1","1","2"
"八百远离云南","1","1","2"
"八百大甸上书","1","1","2"
"土人曲承美窃","1","1","2"
"大臣黎桓所篡","1","1","2"
"汉阳知府易济","1","1","2"
"少中大夫同时","1","1","2"
"中大夫同时敏","1","1","2"
"南国王陈日煃","2","0","2"
"织金文绮纱罗","2","0","2"
"金文绮纱罗四","2","0","2"
"文绮纱罗四十","2","0","2"
"绮纱罗四十匹","2","0","2"
"翰林编修罗复","1","1","2"
"林编修罗复仁","1","1","2"
"兵部主事张福","1","1","2"
"部主事张福谕","1","1","2"
"主事张福谕令","1","1","2"
"遣吏部主事林","1","1","2"
"吏部主事林唐","1","1","2"
"部主事林唐臣","1","1","2"
"中大夫莫季龙","1","1","2"
"下大夫黎元普","1","1","2"
"大夫黎元普等","1","1","2"
"礼部郎中邢文","1","1","2"
"部郎中邢文伟","1","1","2"
"讨龙州赵宗寿","1","1","2"
"部尚书杨靖谕","1","1","2"
"永平寨万户府","1","1","2"
"帝命行人陈诚","1","1","2"
"命行人杨渤等","1","1","2"
"礼部郎中夏止","1","1","2"
"部郎中夏止善","1","1","2"
"经略使黎国髦","1","1","2"
"右副将军黄中","1","1","2"
"成国公朱能等","1","1","2"
"平侯沐晟佩征","1","1","2"
"侯沐晟佩征夷","1","1","2"
"沐晟佩征夷副","1","1","2"
"晟佩征夷副将","1","1","2"
"佩征夷副将军","1","1","2"
"遣骠骑将军朱","2","0","2"
"前工部侍郎张","1","1","2"
"工部侍郎张显","1","1","2"
"部侍郎张显宗","1","1","2"
"福建布政司左","1","1","2"
"建布政司左参","1","1","2"
"布政司左参政","1","1","2"
"政司左参政王","1","1","2"
"司左参政王平","1","1","2"
"前河南按察使","1","1","2"
"河南按察使阮","1","1","2"
"南按察使阮友","1","1","2"
"按察使阮友彰","1","1","2"
"访求山林隐逸","1","1","2"
"伪将相胡杜等","1","1","2"
"一千七百六十","1","1","2"
"千七百六十里","1","1","2"
"八万七千五百","1","1","2"
"牛二十三万五","1","1","2"
"二十三万五千","1","1","2"
"十三万五千九","1","1","2"
"三万五千九百","1","1","2"
"米粟一千三百","1","1","2"
"粟一千三百六","1","1","2"
"一千三百六十","1","1","2"
"千三百六十万","1","1","2"
"三百六十万石","1","1","2"
"船八千六百七","1","1","2"
"八千六百七十","1","1","2"
"千六百七十余","1","1","2"
"六百七十余艘","1","1","2"
"军器二百五十","1","1","2"
"器二百五十三","1","1","2"
"百五十三万九","1","1","2"
"五十三万九千","1","1","2"
"十三万九千八","1","1","2"
"三万九千八百","1","1","2"
"沐晟征夷将军","2","0","2"
"参赞尚书刘俊","1","1","2"
"南策州卢渡江","1","1","2"
"伪金吾将军阮","1","1","2"
"金吾将军阮世","1","1","2"
"转入神投海口","1","1","2"
"伪金吾上将军","1","1","2"
"金吾上将军杜","1","1","2"
"吾上将军杜元","1","1","2"
"上将军杜元措","1","1","2"
"将军杜元措等","1","1","2"
"东潮州安老县","1","1","2"
"阮人柱等二千","1","1","2"
"获伪将军黎弄","1","1","2"
"季祐按察副使","2","0","2"
"伪将军邓宗稷","1","1","2"
"伪龙虎将军黎","1","1","2"
"龙虎将军黎蕊","1","1","2"
"虎将军黎蕊等","1","1","2"
"获伪将军杨汝","1","1","2"
"伪将军杨汝梅","1","1","2"
"斩首千五百级","2","0","2"
"阮徐等五十六","1","1","2"
"徐等五十六人","1","1","2"
"黎蟾等七百人","1","1","2"
"蟾等七百人逃","1","1","2"
"伪大将军阮帅","1","1","2"
"遣都指挥师祐","2","0","2"
"辅佩征夷将军","1","1","2"
"年命丰城侯李","2","0","2"
"丰城侯李彬代","1","1","2"
"土官指挥路文","1","1","2"
"官指挥路文律","1","1","2"
"清化府俄乐县","1","1","2"
"结云南宁远州","1","1","2"
"山侯王通征夷","2","0","2"
"侯王通征夷将","2","0","2"
"王通征夷将军","2","0","2"
"清化知州罗通","1","1","2"
"都指挥李任等","1","1","2"
"循太宗皇帝继","1","1","2"
"太宗皇帝继绝","1","1","2"
"工部右侍郎罗","1","1","2"
"部右侍郎罗汝","1","1","2"
"右侍郎罗汝敬","1","1","2"
"礼部右侍郎章","1","1","2"
"部侍郎徐琦等","1","1","2"
"正统元年四月","1","1","2"
"命兵部右侍郎","1","1","2"
"兵部右侍郎李","1","1","2"
"部右侍郎李郁","1","1","2"
"时安南思郎州","1","1","2"
"土官攻掠广西","1","1","2"
"光禄少卿宋杰","1","1","2"
"事中薛谦持节","1","1","2"
"中薛谦持节册","1","1","2"
"薛谦持节册封","1","1","2"
"遣使贺册立皇","2","0","2"
"使贺册立皇太","2","0","2"
"命侍读学士钱","1","1","2"
"侍读学士钱溥","1","1","2"
"成化元年八月","1","1","2"
"解送广西龙州","1","1","2"
"占城王盘罗茶","1","1","2"
"城王盘罗茶全","1","1","2"
"弟盘罗茶悦所","1","1","2"
"盘罗茶悦所弑","1","1","2"
"子茶质苔所弑","1","1","2"
"尚书马文升召","1","1","2"
"朝廷一旦赫然","1","1","2"
"廷一旦赫然震","1","1","2"
"一旦赫然震怒","1","1","2"
"洪德二十八年","1","1","2"
"社堂烧香官陈","1","1","2"
"臣都力士莫登","1","1","2"
"都力士莫登庸","1","1","2"
"命编修孙承恩","1","1","2"
"赂钦州判官唐","1","1","2"
"钦州判官唐清","1","1","2"
"户部侍郎唐胄","1","1","2"
"部侍郎唐胄上","1","1","2"
"侍郎唐胄上疏","1","1","2"
"国人郑惟僚等","1","1","2"
"右都御史毛伯","1","1","2"
"户部侍郎胡琏","1","1","2"
"都督佥事江桓","1","1","2"
"时御史徐九皋","1","1","2"
"咸宁侯仇鸾总","1","1","2"
"宁侯仇鸾总督","1","1","2"
"侯仇鸾总督军","1","1","2"
"仇鸾总督军务","1","1","2"
"黄绾礼部尚书","2","0","2"
"县一百七十六","1","1","2"
"部目四十二人","1","1","2"
"宣抚同知阮典","1","1","2"
"抚同知阮典敬","1","1","2"
"同知阮典敬等","1","1","2"
"子仪收残卒遁","2","0","2"
"仪收残卒遁海","2","0","2"
"收残卒遁海东","2","0","2"
"参将俞大猷所","1","1","2"
"将俞大猷所败","1","1","2"
"广西巡抚陈大","1","1","2"
"西巡抚陈大科","1","1","2"
"巡抚陈大科等","1","1","2"
"广西巡抚戴耀","1","1","2"
"左江副使杨寅","1","1","2"
"江副使杨寅秋","1","1","2"
"安南黎氏世孙","1","1","2"
"恭进代身金人","1","1","2"
"置东宁路总管","1","1","2"
"东宁路总管府","1","1","2"
"总部尚书成惟","1","1","2"
"千牛卫大将军","1","1","2"
"牛卫大将军金","1","1","2"
"卫大将军金甲","1","1","2"
"大将军金甲两","1","1","2"
"将军金甲两上","1","1","2"
"军金甲两上表","1","1","2"
"金甲两上表谢","1","1","2"
"郑梦周等一百","1","1","2"
"梦周等一百五","1","1","2"
"周等一百五十","1","1","2"
"密使延安答里","1","1","2"
"赞成事姜仁裕","1","1","2"
"监门护军周谊","1","1","2"
"宠臣辛肫子禑","2","0","2"
"臣辛肫子禑子","2","0","2"
"遣判宗簿事崔","1","1","2"
"判宗簿事崔原","1","1","2"
"遣司仆正崔涓","1","1","2"
"辽东守将唐胜","1","1","2"
"东守将唐胜宗","1","1","2"
"指挥佥事高家","1","1","2"
"挥佥事高家奴","1","1","2"
"立定昌国院君","1","1","2"
"高丽知密直司","1","1","2"
"丽知密直司事","1","1","2"
"知密直司事赵","1","1","2"
"密直司事赵胖","1","1","2"
"直司事赵胖等","1","1","2"
"持国都评议司","1","1","2"
"布一万九千七","1","1","2"
"一万九千七百","1","1","2"
"东都指挥使司","1","1","2"
"军民三百八十","1","1","2"
"门下评理郑道","1","1","2"
"下评理郑道传","1","1","2"
"评理郑道传所","1","1","2"
"理郑道传所撰","1","1","2"
"永乐元年正月","1","1","2"
"遣陪臣李贵龄","1","1","2"
"妃珠翠七翟冠","1","1","2"
"光禄少卿韩确","1","1","2"
"鸿胪丞刘泉封","1","1","2"
"正统元年三月","1","1","2"
"朝鲜妇女金黑","1","1","2"
"鲜妇女金黑等","1","1","2"
"妇女金黑等五","1","1","2"
"女金黑等五十","1","1","2"
"金黑等五十三","1","1","2"
"黑等五十三人","1","1","2"
"头目李满住等","1","1","2"
"毛怜卫都督郎","1","1","2"
"怜卫都督郎卜","1","1","2"
"遣中枢府知事","1","1","2"
"中枢府知事康","1","1","2"
"枢府知事康纯","1","1","2"
"府知事康纯统","1","1","2"
"太监郑同等随","1","1","2"
"兵夹击建州女","1","1","2"
"左议政尹弼商","1","1","2"
"节度使金峤等","1","1","2"
"弘治七年十二","1","1","2"
"治七年十二月","1","1","2"
"陪臣卢公弼等","1","1","2"
"宰相李仁人本","1","1","2"
"嘉靖二年八月","1","1","2"
"国祖李旦系本","1","1","2"
"祖李旦系本国","1","1","2"
"李旦系本国全","1","1","2"
"旦系本国全州","1","1","2"
"系本国全州人","1","1","2"
"内竖崔万生所","1","1","2"
"竖崔万生所弑","1","1","2"
"权臣李仁人诛","1","1","2"
"巡按御史察参","1","1","2"
"三十八年十一","1","1","2"
"十八年十一月","1","1","2"
"奏称本年六月","1","1","2"
"关白平秀吉声","1","1","2"
"辽东都御史赵","1","1","2"
"东都御史赵耀","1","1","2"
"倭釜山移西生","2","0","2"
"釜山移西生浦","2","0","2"
"礼部郎中何乔","1","1","2"
"部郎中何乔远","1","1","2"
"将万历十九年","1","1","2"
"临淮侯李宗城","1","1","2"
"都指挥杨方亨","1","1","2"
"庶长子临海君","1","1","2"
"部尚书范谦言","2","0","2"
"天子处分朝鲜","1","1","2"
"宽奠副总兵马","1","1","2"
"都御史杨镐驻","1","1","2"
"遣游击牛伯英","1","1","2"
"弃王京退守鸭","1","1","2"
"王京退守鸭绿","1","1","2"
"京退守鸭绿江","1","1","2"
"海防使萧应宫","1","1","2"
"参军李应试问","1","1","2"
"游击茅国器统","1","1","2"
"将士分道进兵","1","1","2"
"福建都御史金","1","1","2"
"建都御史金学","1","1","2"
"都御史金学曾","1","1","2"
"石曼子引舟师","2","0","2"
"曼子引舟师救","2","0","2"
"二十七年闰四","1","1","2"
"十七年闰四月","1","1","2"
"九十一万八千","1","1","2"
"二十八年四月","1","1","2"
"米豆运回辽阳","1","1","2"
"营垒遗址尚存","1","1","2"
"神机百子火箭","1","1","2"
"对马岛一水相","1","1","2"
"三十年十一月","1","1","2"
"三十三年九月","1","1","2"
"三十五年四月","1","1","2"
"四十一年九月","1","1","2"
"四十三年十一","1","1","2"
"四十八年正月","1","1","2"
"天启元年八月","1","1","2"
"左议府尹义立","1","1","2"
"议府尹义立约","1","1","2"
"尹义立曾任判","1","1","2"
"义立曾任判书","1","1","2"
"都司王三桂等","1","1","2"
"户曹判书郑斗","1","1","2"
"曹判书郑斗源","1","1","2"
"左都督毛文龙","1","1","2"
"士卒二万投顺","1","1","2"
"总兵陈洪范调","1","1","2"
"贵州宣慰司所","1","1","2"
"宣慰宋蒙古歹","1","1","2"
"贡马六十六匹","1","1","2"
"正三品昭勇将","1","1","2"
"三品昭勇将军","1","1","2"
"宣慰宋然代理","1","1","2"
"陈湖等十二马","1","1","2"
"湖等十二马头","1","1","2"
"提督尚书伍文","1","1","2"
"督尚书伍文定","1","1","2"
"宣慰土舍宋万","1","1","2"
"慰土舍宋万化","1","1","2"
"天启二年二月","1","1","2"
"贵州总兵杨愈","1","1","2"
"州总兵杨愈懋","1","1","2"
"前锋杨明楷率","1","1","2"
"擒土司何中尉","1","1","2"
"土司何中尉等","1","1","2"
"百五十里皆坦","2","0","2"
"五十里皆坦途","2","0","2"
"王国祯陆广入","2","0","2"
"刘养鲲遵义入","2","0","2"
"率四十八目降","2","0","2"
"宋氏洪边十二","1","1","2"
"氏洪边十二马","1","1","2"
"故大学士张居","1","1","2"
"太平沿江荻洲","1","1","2"
"平沿江荻洲杂","1","1","2"
"沿江荻洲杂税","1","1","2"
"总兵官王绍禹","1","1","2"
"总督马士英等","1","1","2"
"宁南侯左良玉","1","1","2"
"遣兵部侍郎林","1","1","2"
"兵部侍郎林佳","1","1","2"
"部侍郎林佳鼎","1","1","2"
"太仆卿霍子衡","1","1","2"
"仆卿霍子衡等","1","1","2"
"武冈总兵官刘","1","1","2"
"冈总兵官刘承","1","1","2"
"总兵官刘承胤","1","1","2"
"焦琏留守桂林","1","1","2"
"指挥马吉翔等","1","1","2"
"土舍覃鸣珂作","1","1","2"
"舍覃鸣珂作乱","1","1","2"
"湖南十三镇将","1","1","2"
"南十三镇将郝","1","1","2"
"十三镇将郝永","1","1","2"
"三镇将郝永忠","1","1","2"
"广西全省略定","1","1","2"
"时南昌金声桓","1","1","2"
"南昌金声桓等","1","1","2"
"总督张同敞死","1","1","2"
"大学士吴贞毓","1","1","2"
"随行者六百四","1","1","2"
"行者六百四十","1","1","2"
"者六百四十余","1","1","2"
"国公沐天波等","1","1","2"
"八十余人流入","1","1","2"
"十余人流入暹","1","1","2"
"余人流入暹罗","1","1","2"
"弟莽猛白代立","1","1","2"
"魏豹等四十二","1","1","2"
"豹等四十二人","1","1","2"
"正德六年殿试","1","1","2"
"德六年殿试第","1","1","2"
"六年殿试第一","1","1","2"
"检讨王元正等","1","1","2"
"武定凤朝文作","1","1","2"
"定凤朝文作乱","1","1","2"
"武宗问钦天监","1","1","2"
"正德六年进士","1","1","2"
"屡迁礼科都事","2","0","2"
"助尚书乔宇等","1","1","2"
"部尚书秦金请","1","1","2"
"部尚书赵鉴等","1","1","2"
"二百二十余人","2","0","2"
"年礼部右侍郎","2","0","2"
"宏文渊阁大学","2","0","2"
"兵部尚书陆完","1","1","2"
"内阁掌参机务","1","1","2"
"阁掌参机务辅","1","1","2"
"掌参机务辅导","1","1","2"
"参机务辅导首","1","1","2"
"机务辅导首臣","1","1","2"
"郎中陈九川所","1","1","2"
"两京乡试考官","1","1","2"
"新宁伯谭纶掌","1","1","2"
"锦衣卫千户陈","1","1","2"
"迁显陵天寿山","2","0","2"
"时文渊阁大学","2","0","2"
"御史冯恩先后","1","1","2"
"年十二月卒官","2","0","2"
"户部尚书武英","2","0","2"
"殿大学士入阁","2","0","2"
"俺答款塞求封","2","0","2"
"举嘉靖十四年","2","0","2"
"仓场侍郎林应","1","1","2"
"场侍郎林应亮","1","1","2"
"佥都御史霍冀","1","1","2"
"左侍郎刘大宾","1","1","2"
"命文渊阁大学","2","0","2"
"兵部尚书霍冀","1","1","2"
"登弘治十二年","2","0","2"
"中御史戴铣等","1","1","2"
"御史戴铣等二","1","1","2"
"史戴铣等二十","1","1","2"
"贵州龙场驿丞","1","1","2"
"迁南京刑部主","2","0","2"
"擢南京太仆少","2","0","2"
"年八月擢右佥","2","0","2"
"八月擢右佥都","2","0","2"
"督副使杨璋等","1","1","2"
"县丞纪镛战死","1","1","2"
"尚书王琼奏请","1","1","2"
"宁都知县王天","1","1","2"
"汀州知府唐淳","1","1","2"
"世袭锦衣卫百","1","1","2"
"袭锦衣卫百户","1","1","2"
"都御史王懋中","1","1","2"
"长江顺流东下","1","1","2"
"遣奉新知县刘","1","1","2"
"知县刘守绪袭","1","1","2"
"知府抚州陈槐","1","1","2"
"按察使杨璋等","1","1","2"
"命安边伯许泰","1","1","2"
"平贼将军左都","1","1","2"
"贼将军左都督","1","1","2"
"将军左都督刘","1","1","2"
"军左都督刘晖","1","1","2"
"方略讨平叛乱","1","1","2"
"巡按御史石金","1","1","2"
"令布政使林富","1","1","2"
"布政使林富率","1","1","2"
"手诏问阁臣杨","1","1","2"
"诏问阁臣杨一","1","1","2"
"问阁臣杨一清","1","1","2"
"阁臣杨一清等","1","1","2"
"阳巡抚林富代","1","1","2"
"朱熹格物致知","1","1","2"
"朱熹晚年定论","1","1","2"
"正德十一年乡","1","1","2"
"德十一年乡试","1","1","2"
"登正德三年进","2","0","2"
"山西巡抚任洛","1","1","2"
"守备太监王伟","1","1","2"
"封驸马都尉崔","1","1","2"
"帝改称本生皇","2","0","2"
"令岁输银二万","2","0","2"
"锦衣百户张瑾","1","1","2"
"衣百户张瑾率","1","1","2"
"山西地震水涌","1","1","2"
"致仕副使曹时","2","0","2"
"仕副使曹时中","2","0","2"
"引朱熹代唐仲","1","1","2"
"朱熹代唐仲友","1","1","2"
"遣知府张敏等","1","1","2"
"汉中三十六盘","1","1","2"
"指挥汪洋等中","1","1","2"
"功进右都御史","2","0","2"
"正德六年十一","1","1","2"
"德六年十一月","1","1","2"
"守备太监赖义","1","1","2"
"寻右副都御史","2","0","2"
"宋仁宗立濮王","1","1","2"
"锦衣百户随全","1","1","2"
"光禄录事钱子","1","1","2"
"禄录事钱子勋","1","1","2"
"部尚书赵璜等","1","1","2"
"尚书赵璜等斥","1","1","2"
"禄寺丞何渊请","1","1","2"
"寺丞何渊请建","1","1","2"
"正德九年会试","1","1","2"
"吴诸樊兄弟四","1","1","2"
"受杨一清指使","1","1","2"
"遂下都察院狱","2","0","2"
"南京御史邓文","1","1","2"
"京御史邓文宪","1","1","2"
"广东佥事龚大","1","1","2"
"东佥事龚大稔","1","1","2"
"鸿胪卿王道中","1","1","2"
"应天府丞郭登","1","1","2"
"天府丞郭登庸","1","1","2"
"大礼大狱罪诸","2","0","2"
"礼大狱罪诸臣","2","0","2"
"镇守中官王纯","1","1","2"
"守中官王纯等","1","1","2"
"寻迁南京刑部","2","0","2"
"锦衣佥事聂能","1","1","2"
"衣佥事聂能迁","1","1","2"
"总制侍郎刘源","1","1","2"
"制侍郎刘源清","1","1","2"
"贼王浩八等流","1","1","2"
"湖州知府黄衷","1","1","2"
"巡抚王守仁平","1","1","2"
"戴德孺等先后","1","1","2"
"擢江西按察使","2","0","2"
"称威武副将军","1","1","2"
"文定兵部尚书","2","0","2"
"左都御史李承","1","1","2"
"都御史李承勋","1","1","2"
"御史李承勋极","1","1","2"
"川巡按御史戴","1","1","2"
"巡按御史戴金","1","1","2"
"九年七月卒家","2","0","2"
"正德十一年进","1","1","2"
"德十一年进士","1","1","2"
"广东盐课提举","1","1","2"
"州林希元上书","1","1","2"
"林希元上书请","1","1","2"
"属镇溪千户所","1","1","2"
"贵州巡抚李义","1","1","2"
"州巡抚李义壮","1","1","2"
"印江知县徐文","1","1","2"
"江知县徐文伯","1","1","2"
"石阡推官邓本","1","1","2"
"阡推官邓本忠","1","1","2"
"总兵官沈希仪","1","1","2"
"参将石邦宪等","1","1","2"
"将石邦宪等分","1","1","2"
"酉阳宣慰冉元","1","1","2"
"首恶李通海等","1","1","2"
"登成化八年进","1","1","2"
"山西按察佥事","1","1","2"
"十五年刘大夏","1","1","2"
"督理陕西马政","2","0","2"
"寇大入花马池","2","0","2"
"一清巡抚陕西","1","1","2"
"命一清总制三","1","1","2"
"一清总制三镇","1","1","2"
"宁夏巡抚徐廷","1","1","2"
"夏巡抚徐廷璋","1","1","2"
"都御史史琳请","1","1","2"
"延绥安边营石","1","1","2"
"绥安边营石涝","1","1","2"
"安边营石涝池","1","1","2"
"军四千五百人","1","1","2"
"连接宁夏东路","1","1","2"
"兴武营守御所","1","1","2"
"武营守御所兵","1","1","2"
"一清武英殿大","2","0","2"
"清武英殿大学","2","0","2"
"武学生朱大周","1","1","2"
"一清吏部尚书","2","0","2"
"加特进左柱国","2","0","2"
"宥议礼诸臣罪","2","0","2"
"陆完兵部尚书","2","0","2"
"勘粮都御史许","1","1","2"
"粮都御史许廷","1","1","2"
"都御史许廷光","1","1","2"
"应天巡抚李充","1","1","2"
"天巡抚李充嗣","1","1","2"
"巡抚李充嗣镇","1","1","2"
"淮扬巡抚丛兰","1","1","2"
"扬巡抚丛兰扼","1","1","2"
"云南巡抚范镛","1","1","2"
"沙州番人帖木","1","1","2"
"州番人帖木哥","1","1","2"
"兵部尚书王时","1","1","2"
"部饷主簿张文","1","1","2"
"饷主簿张文明","1","1","2"
"遣行人赍敕召","2","0","2"
"部尚书王宪请","1","1","2"
"泽咸宁伯仇钺","1","1","2"
"荫子锦衣世百","2","0","2"
"子锦衣世百户","2","0","2"
"甘肃巡抚赵鉴","1","1","2"
"大学士杨廷等","2","0","2"
"泽总制东西两","1","1","2"
"总制东西两边","1","1","2"
"制东西两边军","1","1","2"
"东西两边军务","1","1","2"
"泽提督三边军","1","1","2"
"提督三边军务","1","1","2"
"大学士梁储等","1","1","2"
"御史杨秉中请","1","1","2"
"史杨秉中请召","1","1","2"
"四川巡抚胡世","1","1","2"
"川巡抚胡世宁","1","1","2"
"锦衣千户刘瓒","1","1","2"
"衣千户刘瓒等","1","1","2"
"司礼中官萧敬","1","1","2"
"礼中官萧敬请","1","1","2"
"外戚蒋泰等五","1","1","2"
"总制尚书唐龙","1","1","2"
"遣陪臣郑惟僚","1","1","2"
"陪臣郑惟僚等","1","1","2"
"命伯温协理院","2","0","2"
"伯温协理院事","2","0","2"
"国公沐朝辅等","1","1","2"
"巡抚汪文盛奏","1","1","2"
"湖广狼土官兵","1","1","2"
"改安南国安南","2","0","2"
"顺天巡抚朱方","1","1","2"
"结田州人韦应","1","1","2"
"田州人韦应杀","1","1","2"
"生王邦直等战","1","1","2"
"王邦直等战死","1","1","2"
"大同东路天城","1","1","2"
"宣府西路西阳","1","1","2"
"府西路西阳河","1","1","2"
"王公设险守国","2","0","2"
"一百五十余万","1","1","2"
"玉林卫百户杨","1","1","2"
"林卫百户杨威","1","1","2"
"兵部尚书陈经","1","1","2"
"部尚书陈经等","1","1","2"
"大同游击袁正","1","1","2"
"参将姜应熊等","1","1","2"
"进兵部尚书右","2","0","2"
"御史萧鸣凤善","1","1","2"
"正德十六年登","1","1","2"
"止生陛下一人","2","0","2"
"事御史李学曾","1","1","2"
"进詹事翰林学","2","0","2"
"事御史解一贯","1","1","2"
"杨士奇等银章","1","1","2"
"尚书李承勋下","1","1","2"
"事中孙应奎劾","2","0","2"
"行人司正薛侃","1","1","2"
"代王请大臣安","1","1","2"
"二年十一月上","1","1","2"
"宽登闻鼓禁约","1","1","2"
"事中余经等四","1","1","2"
"月改吏部左侍","2","0","2"
"武定侯郭勋家","1","1","2"
"事中孙应奎请","1","1","2"
"黄绾等二十三","1","1","2"
"储良才等十二","1","1","2"
"吏部侍郎孟春","1","1","2"
"部侍郎孟春等","1","1","2"
"安昌伯钱维圻","1","1","2"
"羽林指挥刘永","1","1","2"
"林指挥刘永昌","1","1","2"
"兵部郎中卢襄","1","1","2"
"部郎中卢襄等","1","1","2"
"大理少卿洗光","1","1","2"
"浙江参政黄卿","1","1","2"
"御史樊继祖等","1","1","2"
"后宫负郭庄田","1","1","2"
"永平知府郭九","1","1","2"
"平知府郭九皋","1","1","2"
"文武方面官履","2","0","2"
"武方面官履历","2","0","2"
"荐佥都御史李","1","1","2"
"绣蟒飞鱼麒麟","1","1","2"
"蟒飞鱼麒麟服","1","1","2"
"天府尹刘淑相","1","1","2"
"部尚书严嵩心","1","1","2"
"京山侯崔元新","1","1","2"
"勋同事王廷相","1","1","2"
"事中沈良才等","1","1","2"
"贵州巡抚王学","1","1","2"
"州巡抚王学益","1","1","2"
"山东巡抚何鳌","1","1","2"
"陕西总督曾铣","1","1","2"
"西总督曾铣请","1","1","2"
"都御史屠侨等","1","1","2"
"镇江总兵官郑","1","1","2"
"江总兵官郑鸿","1","1","2"
"总兵官郑鸿逵","1","1","2"
"户部郎中苏观","1","1","2"
"部郎中苏观生","1","1","2"
"抚都御史张肯","1","1","2"
"都御史张肯堂","1","1","2"
"礼部尚书黄道","1","1","2"
"部尚书黄道周","1","1","2"
"尚书黄道周等","1","1","2"
"降湖广总督何","1","1","2"
"一时增兵十余","1","1","2"
"时增兵十余万","1","1","2"
"原任知州金堡","1","1","2"
"观生先行募兵","1","1","2"
"巡抚瞿式耜等","1","1","2"
"延平知府王士","1","1","2"
"败燕兵浦子口","2","0","2"
"兵马指挥徐野","1","1","2"
"马指挥徐野驴","1","1","2"
"陈利国安民四","1","1","2"
"利国安民四事","1","1","2"
"遣亲信枚青等","1","1","2"
"亲信枚青等潜","1","1","2"
"山东都指挥靳","1","1","2"
"东都指挥靳荣","1","1","2"
"都指挥靳荣等","1","1","2"
"奸臣夏原吉等","1","1","2"
"遣百户陈刚进","1","1","2"
"百户陈刚进疏","1","1","2"
"遣阳武侯薛禄","1","1","2"
"禄尚书张本镇","2","0","2"
"山西诸都督指","1","1","2"
"西诸都督指挥","1","1","2"
"洪所部才五百","1","1","2"
"佥事李谦守赤","1","1","2"
"事李谦守赤城","1","1","2"
"宣大总兵官谭","1","1","2"
"大总兵官谭广","1","1","2"
"总兵官谭广等","1","1","2"
"指挥王祯所败","1","1","2"
"挥王祯所败者","1","1","2"
"洪建议加筑开","1","1","2"
"建议加筑开平","1","1","2"
"议加筑开平城","1","1","2"
"九千九百余人","1","1","2"
"十二年充总兵","2","0","2"
"二年充总兵官","2","0","2"
"获阿归等四十","1","1","2"
"阿归等四十八","1","1","2"
"归等四十八人","1","1","2"
"汰三千诸营将","1","1","2"
"三千诸营将校","1","1","2"
"宽河卫指挥佥","1","1","2"
"河卫指挥佥事","1","1","2"
"佐武进伯朱冕","1","1","2"
"大同西路屯堡","1","1","2"
"智识绝伦等科","1","1","2"
"都督佥事马麟","1","1","2"
"督佥事马麟巡","1","1","2"
"武进伯朱冕等","1","1","2"
"都督陶瑾等九","1","1","2"
"御史甘泽等九","1","1","2"
"史甘泽等九人","1","1","2"
"功臣祖宗立碑","1","1","2"
"材官猛士数万","1","1","2"
"千户杨斌等奏","1","1","2"
"户杨斌等奏保","1","1","2"
"遣京卫指挥裴","1","1","2"
"京卫指挥裴瑄","1","1","2"
"遣大同指挥卢","1","1","2"
"大同指挥卢昭","1","1","2"
"同指挥卢昭追","1","1","2"
"指挥卢昭追捕","1","1","2"
"术士邹叔彝等","1","1","2"
"士邹叔彝等私","1","1","2"
"佐总兵官广宁","1","1","2"
"总兵官广宁伯","1","1","2"
"兵官广宁伯刘","1","1","2"
"官广宁伯刘安","1","1","2"
"广宁伯刘安镇","1","1","2"
"宁伯刘安镇守","1","1","2"
"所掠人畜八百","1","1","2"
"佥都御史任宁","1","1","2"
"万全都指挥佥","1","1","2"
"全都指挥佥事","1","1","2"
"参将王真巡哨","1","1","2"
"守备万全左卫","1","1","2"
"景泰元年四月","1","1","2"
"率参将纪广等","1","1","2"
"袭济阳卫指挥","1","1","2"
"济阳卫指挥同","1","1","2"
"阳卫指挥同知","1","1","2"
"部下都指挥马","1","1","2"
"下都指挥马亮","1","1","2"
"太平侯张瑾家","1","1","2"
"四年充总兵官","2","0","2"
"迁辽东都指挥","2","0","2"
"辽东都指挥佥","1","1","2"
"东都指挥佥事","1","1","2"
"时都督卫颖统","1","1","2"
"都御史罗通督","1","1","2"
"御史罗通督兵","1","1","2"
"史罗通督兵巡","1","1","2"
"罗通督兵巡哨","1","1","2"
"石亨提督团营","1","1","2"
"鳌山烟火诗词","1","1","2"
"读宣宗皇帝御","1","1","2"
"宣宗皇帝御制","1","1","2"
"南京大理左评","1","1","2"
"京大理左评事","1","1","2"
"时南监缺司业","1","1","2"
"进君子退小人","2","0","2"
"中书舍人吉人","1","1","2"
"官员人等条具","2","0","2"
"员人等条具闻","2","0","2"
"弘治四年十月","1","1","2"
"十二年举进士","2","0","2"
"吏部员外郎夏","1","1","2"
"部员外郎夏良","1","1","2"
"员外郎夏良胜","1","1","2"
"礼部主事万潮","1","1","2"
"庶吉士汪应轸","1","1","2"
"永乐十八年二","1","1","2"
"乐十八年二月","1","1","2"
"益都卸石栅寨","1","1","2"
"官安远侯柳升","1","1","2"
"安远侯柳升帅","2","0","2"
"都指挥刘忠围","1","1","2"
"鳌山卫指挥王","1","1","2"
"山卫指挥王真","1","1","2"
"燕山右卫指挥","1","1","2"
"山右卫指挥使","1","1","2"
"新建伯李玉等","1","1","2"
"都指挥王清战","1","1","2"
"指挥王清战死","1","1","2"
"侍郎孟鉴赞理","1","1","2"
"郎孟鉴赞理军","1","1","2"
"孟鉴赞理军务","1","1","2"
"家居十余年卒","2","0","2"
"成都前卫指挥","1","1","2"
"都前卫指挥使","1","1","2"
"生擒七十余人","1","1","2"
"袭都指挥佥事","1","1","2"
"成化元年五月","1","1","2"
"左右参将夏正","1","1","2"
"都指挥佥事仇","1","1","2"
"指挥佥事仇理","1","1","2"
"宁夏前卫指挥","1","1","2"
"夏前卫指挥同","1","1","2"
"前卫指挥同知","1","1","2"
"宁夏游击将军","1","1","2"
"陕西总兵官曹","1","1","2"
"西总兵官曹雄","1","1","2"
"巡按御史阎睿","1","1","2"
"宣慰彭明辅等","1","1","2"
"杨虎遗党数千","1","1","2"
"虎遗党数千人","1","1","2"
"延安卫指挥使","1","1","2"
"都督张钦等征","1","1","2"
"督张钦等征讨","1","1","2"
"巡抚余子俊筑","1","1","2"
"总兵官曹雄等","1","1","2"
"延绥总兵官吴","1","1","2"
"绥总兵官吴江","1","1","2"
"兵官吴江所佩","1","1","2"
"佩征西将军印","2","0","2"
"守备史镛等夺","1","1","2"
"正德六年七月","1","1","2"
"后哨参将姚信","1","1","2"
"哨参将姚信所","1","1","2"
"参将姚信所部","1","1","2"
"将姚信所部京","1","1","2"
"姚信所部京军","1","1","2"
"入万全右卫城","1","1","2"
"佥事许承芳请","1","1","2"
"实授都督同知","2","0","2"
"功进都指挥佥","2","0","2"
"南京羽林前卫","1","1","2"
"京羽林前卫指","1","1","2"
"羽林前卫指挥","1","1","2"
"林前卫指挥使","1","1","2"
"江西佥事潘鹏","1","1","2"
"巡按御史李循","1","1","2"
"按御史李循义","1","1","2"
"安庆卫指挥使","1","1","2"
"太皇太后召崇","1","1","2"
"皇太后召崇王","1","1","2"
"置义田八百亩","1","1","2"
"义田八百亩赡","1","1","2"
"巡抚都御史韩","1","1","2"
"抚都御史韩雍","1","1","2"
"太医院判刘文","1","1","2"
"医院判刘文泰","1","1","2"
"遂安伯陈韶等","1","1","2"
"安伯陈韶等三","1","1","2"
"伯陈韶等三人","1","1","2"
"召镇远侯顾溥","1","1","2"
"命灌顶国师设","1","1","2"
"灌顶国师设坛","1","1","2"
"顶国师设坛庆","1","1","2"
"释迦哑塔像赞","1","1","2"
"健等三人同心","1","1","2"
"等三人同心辅","1","1","2"
"三人同心辅政","1","1","2"
"四方守备内臣","1","1","2"
"方守备内臣增","1","1","2"
"守备内臣增置","1","1","2"
"内府诸监局佥","1","1","2"
"府诸监局佥书","1","1","2"
"诸监局佥书多","1","1","2"
"命司礼王岳等","1","1","2"
"诏列五十三人","1","1","2"
"太子亲贤远佞","1","1","2"
"加南方两税折","1","1","2"
"屡加少傅太子","2","0","2"
"年复诏司存问","2","0","2"
"礼部右侍郎侍","2","0","2"
"子世锦衣千户","2","0","2"
"改荫六品文官","1","1","2"
"朝廷大著作多","2","0","2"
"廷大著作多手","2","0","2"
"国子监诸生争","1","1","2"
"提学御史陈选","1","1","2"
"副总兵姚信拥","1","1","2"
"总兵姚信拥兵","1","1","2"
"咨询边将勇怯","1","1","2"
"提督右都御史","1","1","2"
"督右都御史史","1","1","2"
"都御史史琳坐","1","1","2"
"御史史琳坐镇","1","1","2"
"史史琳坐镇京","1","1","2"
"史琳坐镇京营","1","1","2"
"诛刘瑾等八党","1","1","2"
"千户虎保作乱","1","1","2"
"七百七十余人","1","1","2"
"曲先卫都指挥","1","1","2"
"先卫都指挥使","1","1","2"
"卫都指挥使散","1","1","2"
"昭率参将赵安","1","1","2"
"率参将赵安偕","1","1","2"
"获男女三百四","1","1","2"
"男女三百四十","1","1","2"
"女三百四十人","1","1","2"
"马驼牛羊三十","1","1","2"
"驼牛羊三十余","1","1","2"
"牛羊三十余万","1","1","2"
"请花马池筑哨","2","0","2"
"花马池筑哨马","2","0","2"
"马池筑哨马营","2","0","2"
"甘肃守将蒋贵","1","1","2"
"宁夏参将王荣","1","1","2"
"英国公张辅平","1","1","2"
"都指挥刘清等","1","1","2"
"部尚书王骥所","1","1","2"
"辽东三十余年","1","1","2"
"兀良哈犯广宁","2","0","2"
"羽林左卫指挥","1","1","2"
"林左卫指挥使","1","1","2"
"安乡伯张安举","1","1","2"
"生擒八百余人","1","1","2"
"袭宣府前卫千","1","1","2"
"宣府前卫千户","1","1","2"
"助副总兵孙安","1","1","2"
"宣府副将杨信","1","1","2"
"命守备白羊口","1","1","2"
"广西参将范信","1","1","2"
"命广西总兵官","1","1","2"
"广西总兵官陈","1","1","2"
"西总兵官陈泾","1","1","2"
"耆老五千余人","1","1","2"
"时都督颜彪佩","1","1","2"
"都督颜彪佩征","1","1","2"
"督颜彪佩征夷","1","1","2"
"颜彪佩征夷将","1","1","2"
"彪佩征夷将军","1","1","2"
"命充游击将军","2","0","2"
"游击将军赴援","1","1","2"
"外番人阿吉等","1","1","2"
"番人阿吉等二","1","1","2"
"人阿吉等二十","1","1","2"
"阿吉等二十九","1","1","2"
"吉等二十九族","1","1","2"
"恐官军欺凌诸","1","1","2"
"官军欺凌诸部","1","1","2"
"都督罕慎寄居","1","1","2"
"督罕慎寄居苦","1","1","2"
"罕慎寄居苦峪","1","1","2"
"慎寄居苦峪口","1","1","2"
"阿失都巩卜失","1","1","2"
"失都巩卜失加","1","1","2"
"明初率部落归","1","1","2"
"初率部落归附","1","1","2"
"庄浪卫指挥同","1","1","2"
"浪卫指挥同知","1","1","2"
"永宁卫指挥使","1","1","2"
"开平卫指挥使","1","1","2"
"大同总兵官许","1","1","2"
"同总兵官许宁","1","1","2"
"总兵官许宁分","1","1","2"
"下壮士击杀数","1","1","2"
"壮士击杀数十","1","1","2"
"士击杀数十人","1","1","2"
"大同西路参将","1","1","2"
"同西路参将庄","1","1","2"
"西路参将庄鉴","1","1","2"
"大同总兵官张","1","1","2"
"同总兵官张俊","1","1","2"
"讨平扶风诸县","1","1","2"
"马驼牛羊二千","1","1","2"
"袭绥德卫指挥","1","1","2"
"绥德卫指挥使","1","1","2"
"巡抚王继恢复","1","1","2"
"抚王继恢复哈","1","1","2"
"王继恢复哈密","1","1","2"
"尚书马文升所","1","1","2"
"书马文升所器","1","1","2"
"赤斤暨哈密兵","1","1","2"
"哈密忠顺王陕","1","1","2"
"密忠顺王陕巴","1","1","2"
"犯宁夏兴武营","1","1","2"
"参将王戟分道","1","1","2"
"巡抚安惟学等","1","1","2"
"中武会举第一","1","1","2"
"赴陕西三边立","1","1","2"
"陕西三边立功","1","1","2"
"掠偏头关诸处","1","1","2"
"功御史刘澄甫","1","1","2"
"史彭泽经略哈","1","1","2"
"彭泽经略哈密","1","1","2"
"副将安国破敌","1","1","2"
"小王子万余骑","1","1","2"
"延绥巡抚行台","1","1","2"
"劾大学士万安","1","1","2"
"劾礼部尚书周","1","1","2"
"礼部尚书周洪","1","1","2"
"部尚书周洪谟","1","1","2"
"京兵部尚书马","1","1","2"
"员外郎东思诚","1","1","2"
"理刑知县韩福","1","1","2"
"寿州知州刘概","1","1","2"
"御史陈景隆等","1","1","2"
"侍郎彭韶等持","1","1","2"
"部尚书王恕奏","1","1","2"
"正统七年进士","2","0","2"
"改右副都御史","2","0","2"
"三边大将遇敌","1","1","2"
"议大举搜河套","2","0","2"
"都指挥邢端等","1","1","2"
"监督军务太监","1","1","2"
"督军务太监刘","1","1","2"
"军务太监刘祥","1","1","2"
"总兵官都督刘","1","1","2"
"兵官都督刘玉","1","1","2"
"巡抚陈价等先","1","1","2"
"臣等调兵三万","1","1","2"
"等调兵三万三","1","1","2"
"调兵三万三千","1","1","2"
"兵三万三千余","1","1","2"
"三万三千余人","1","1","2"
"巡抚都御史马","1","1","2"
"抚都御史马文","1","1","2"
"御史马文升分","1","1","2"
"伏羌伯毛忠乘","1","1","2"
"羌伯毛忠乘胜","1","1","2"
"固原西北西安","1","1","2"
"原西北西安废","1","1","2"
"西北西安废城","1","1","2"
"总兵官李震讨","2","0","2"
"斩首六百四十","1","1","2"
"臣先后招抚流","1","1","2"
"先后招抚流民","1","1","2"
"后招抚流民复","1","1","2"
"招抚流民复业","1","1","2"
"九十三万余人","1","1","2"
"占山四十余里","1","1","2"
"李宾协掌院事","1","1","2"
"彰武伯杨信等","1","1","2"
"家居二十六年","1","1","2"
"镇守侍郎杨宁","1","1","2"
"守侍郎杨宁督","1","1","2"
"福建巡按御史","1","1","2"
"建巡按御史汪","1","1","2"
"巡按御史汪澄","1","1","2"
"杨宁巡抚江西","1","1","2"
"复右佥都御史","1","1","2"
"锦衣指挥刘敬","1","1","2"
"雍左佥都御史","1","1","2"
"指挥李英等四","1","1","2"
"挥李英等四人","1","1","2"
"里老数十人伏","1","1","2"
"令总兵官欧信","1","1","2"
"总兵官欧信等","1","1","2"
"都指挥白全等","1","1","2"
"党七百八十人","1","1","2"
"斩首三千二百","1","1","2"
"命陈濂抚广东","1","1","2"
"参将杨广等俘","1","1","2"
"广西布政使何","1","1","2"
"西布政使何宜","1","1","2"
"沿边筑墙建堡","1","1","2"
"米豆需银九十","1","1","2"
"豆需银九十四","1","1","2"
"需银九十四万","1","1","2"
"人运米豆六斗","1","1","2"
"八百二十五万","1","1","2"
"千七百七十里","1","1","2"
"泾阳凿山引水","1","1","2"
"州巡抚陈俨等","1","1","2"
"兵部侍郎阮勤","1","1","2"
"部侍郎阮勤等","1","1","2"
"部侍郎杜谦等","1","1","2"
"都御史巡抚甘","2","0","2"
"御史巡抚甘肃","2","0","2"
"两广总督吴琛","1","1","2"
"时总兵官陈政","1","1","2"
"知府岑溥祖母","1","1","2"
"城知州岑钦杀","1","1","2"
"市舶中官韦眷","2","0","2"
"召建言罪诸臣","2","0","2"
"迁陕西右参政","2","0","2"
"镇国将军奇涧","1","1","2"
"国将军奇涧等","1","1","2"
"将军奇涧等罪","1","1","2"
"奇涧等三人爵","1","1","2"
"总兵官周玉等","1","1","2"
"田州知府岑溥","1","1","2"
"泗城知州岑应","1","1","2"
"城知州岑应分","1","1","2"
"劾总兵官安远","1","1","2"
"官安远侯柳景","1","1","2"
"安远侯柳景贪","1","1","2"
"大臣王恕等请","1","1","2"
"指挥朱鼎等五","1","1","2"
"挥朱鼎等五人","1","1","2"
"败将杨琳等四","1","1","2"
"将杨琳等四人","1","1","2"
"边将手握重兵","1","1","2"
"闲田数十万顷","1","1","2"
"小盐池二百里","1","1","2"
"二十里筑一堡","1","1","2"
"宁夏巡抚刘宪","1","1","2"
"修筑诸边城堡","1","1","2"
"筑诸边城堡一","1","1","2"
"诸边城堡一万","1","1","2"
"边城堡一万四","1","1","2"
"城堡一万四千","1","1","2"
"堡一万四千余","1","1","2"
"一万四千余所","1","1","2"
"六千四百余里","1","1","2"
"景泰二年二月","1","1","2"
"万一事机先露","1","1","2"
"审置陛下何地","2","0","2"
"表请陛下复位","1","1","2"
"妇女愁怨尤甚","1","1","2"
"侍讲裴纶等十","1","1","2"
"讲裴纶等十人","1","1","2"
"坐文华殿召见","1","1","2"
"钱太后宜加两","1","1","2"
"太后作配先帝","1","1","2"
"宋仁宗追尊生","1","1","2"
"仁宗追尊生母","1","1","2"
"宗追尊生母李","1","1","2"
"都御史项忠讨","1","1","2"
"议命抚宁侯朱","1","1","2"
"清理牧马草地","1","1","2"
"父太监永诚请","1","1","2"
"成化三年二月","1","1","2"
"礼部拟上皇子","1","1","2"
"命司礼监奉皇","1","1","2"
"司礼监奉皇子","1","1","2"
"番僧国师法王","1","1","2"
"命太监怀恩传","1","1","2"
"破安禄山八万","1","1","2"
"安禄山八万骑","1","1","2"
"乘大兵聚集时","1","1","2"
"通政司左参议","1","1","2"
"洋人利玛窦等","1","1","2"
"天三百六十度","1","1","2"
"南行二百五十","1","1","2"
"二百五十里北","2","0","2"
"百五十里北极","2","0","2"
"北行二百五十","1","1","2"
"二万八千六百","1","1","2"
"万八千六百四","1","1","2"
"八千六百四十","1","1","2"
"札马鲁丁地圆","1","1","2"
"千一百八十二","1","1","2"
"一千一百零二","1","1","2"
"一万二千九百","1","1","2"
"万二千九百三","1","1","2"
"二千九百三十","1","1","2"
"千九百三十二","1","1","2"
"九千一百七十","1","1","2"
"千一百七十五","1","1","2"
"六千一百九十","1","1","2"
"五千九百一十","1","1","2"
"千九百一十九","1","1","2"
"二千九百九十","1","1","2"
"千九百九十八","1","1","2"
"一千九百八十","1","1","2"
"千九百八十五","1","1","2"
"一千六百五十","1","1","2"
"千六百五十九","1","1","2"
"半径一万二千","1","1","2"
"径一万二千三","1","1","2"
"一万二千三百","1","1","2"
"万二千三百二","1","1","2"
"二千三百二十","1","1","2"
"千三百二十四","1","1","2"
"三百二十四里","1","1","2"
"礼部尚书徐光","1","1","2"
"部尚书徐光启","1","1","2"
"光启督修历法","2","0","2"
"黄赤二道经纬","2","0","2"
"赤二道经纬度","2","0","2"
"赤道两总星图","1","1","2"
"分三百六十度","1","1","2"
"三百六十度者","2","0","2"
"天垒城十三星","1","1","2"
"羽林军四十五","1","1","2"
"林军四十五星","1","1","2"
"三等二百零七","1","1","2"
"四等五百零三","1","1","2"
"五等三百三十","1","1","2"
"等三百三十八","1","1","2"
"六等二百一十","1","1","2"
"等二百一十六","1","1","2"
"一二等大星存","1","1","2"
"钦天监正皇甫","1","1","2"
"天监正皇甫仲","1","1","2"
"南京观象台设","1","1","2"
"北京北极地度","2","0","2"
"造内观象台简","1","1","2"
"内观象台简仪","1","1","2"
"洋人利玛窦制","1","1","2"
"列宿经纬天球","1","1","2"
"万国经纬地球","1","1","2"
"晨昏阴晦仪晷","1","1","2"
"昏阴晦仪晷表","1","1","2"
"阴晦仪晷表臬","1","1","2"
"一刻四十四分","1","1","2"
"督修历法右参","1","1","2"
"修历法右参政","1","1","2"
"历法右参政李","1","1","2"
"法右参政李天","1","1","2"
"右参政李天经","1","1","2"
"盘面锐表所指","1","1","2"
"表所测者日体","2","0","2"
"京三十二度半","1","1","2"
"山东三十七度","1","1","2"
"山西三十八度","1","1","2"
"陕西三十六度","1","1","2"
"河南三十五度","1","1","2"
"江西二十九度","1","1","2"
"湖广三十一度","1","1","2"
"四川二十九度","1","1","2"
"广东二十三度","1","1","2"
"福建二十六度","1","1","2"
"广西二十五度","1","1","2"
"云南二十二度","1","1","2"
"贵州二十四度","1","1","2"
"天启三年九月","1","1","2"
"启三年九月十","1","1","2"
"三年九月十五","1","1","2"
"西洋意大里雅","1","1","2"
"相差三时二刻","1","1","2"
"差三时二刻八","1","1","2"
"三时二刻八分","1","1","2"
"六十分时二偏","2","0","2"
"正一刻一十分","2","0","2"
"一刻一十分旦","2","0","2"
"初二刻八分旦","2","0","2"
"正三刻二分昏","2","0","2"
"寅初初刻十三","1","1","2"
"初初刻十三分","1","1","2"
"初刻十二分昏","2","0","2"
"正三刻三分旦","2","0","2"
"正二刻三分旦","2","0","2"
"亥初二刻五分","1","1","2"
"寅初三刻十三","1","1","2"
"寅正一刻十一","1","1","2"
"正一刻十一分","1","1","2"
"初刻十四分昏","2","0","2"
"正三刻一分旦","2","0","2"
"初初刻四分旦","2","0","2"
"酉正二刻一十","2","0","2"
"正二刻一十分","2","0","2"
"二刻一十分昏","2","0","2"
"初一刻五分旦","2","0","2"
"酉正一刻十二","1","1","2"
"正一刻十二分","1","1","2"
"初二刻二分旦","2","0","2"
"卯初二刻一十","2","0","2"
"初二刻一十分","2","0","2"
"二刻一十分旦","2","0","2"
"酉正一刻二分","1","1","2"
"卯初二刻十三","1","1","2"
"初二刻十三分","1","1","2"
"酉正一刻十三","1","1","2"
"正一刻十三分","1","1","2"
"大明清类天文","1","1","2"
"明清类天文分","1","1","2"
"清类天文分野","1","1","2"
"类天文分野书","1","1","2"
"直隶十三布政","1","1","2"
"隶十三布政司","1","1","2"
"十三布政司府","1","1","2"
"浙江布政司所","1","1","2"
"江布政司所属","1","1","2"
"江西布政司所","1","1","2"
"福建布政司所","1","1","2"
"建布政司所属","1","1","2"
"广东布政司所","1","1","2"
"广西布政司所","1","1","2"
"山东布政司所","1","1","2"
"北平布政司所","1","1","2"
"平布政司所属","1","1","2"
"河南布政司所","1","1","2"
"山西布政司所","1","1","2"
"四川布政司所","1","1","2"
"川布政司所属","1","1","2"
"云南布政司所","1","1","2"
"湖广布政司所","1","1","2"
"广布政司所属","1","1","2"
"布政司所属德","1","1","2"
"政司所属德安","1","1","2"
"司所属德安府","1","1","2"
"武昌府兴国州","1","1","2"
"辽东都指挥司","1","1","2"
"位后行册立礼","1","1","2"
"遣官告天地宗","2","0","2"
"卿等持节行纳","2","0","2"
"仪仗大乐前导","2","0","2"
"使者捧制书节","2","0","2"
"入大明门左门","1","1","2"
"等持节行纳吉","1","1","2"
"主婚者礼使者","2","0","2"
"司礼监官持节","1","1","2"
"仪仗女乐前导","2","0","2"
"执事者举馔案","2","0","2"
"导皇太子入门","1","1","2"
"主婚者入门右","2","0","2"
"皇太子揖妃入","2","0","2"
"亲迎执绥御轮","1","1","2"
"皇太子嘉聘礼","1","1","2"
"洪武八年十一","1","1","2"
"武八年十一月","1","1","2"
"朝恩贶室官子","2","0","2"
"掌婚者致词曰","2","0","2"
"公侯百官命妇","1","1","2"
"侯百官命妇送","1","1","2"
"教习驸马主事","1","1","2"
"习驸马主事陈","1","1","2"
"习驸马巩永固","1","1","2"
"人送本处儒学","1","1","2"
"定礼部主事一","1","1","2"
"礼部主事一人","1","1","2"
"主婚者设宾席","1","1","2"
"者执巾进水沃","2","0","2"
"礼部尚书刘仲","1","1","2"
"部尚书刘仲质","1","1","2"
"学官上表谢恩","1","1","2"
"礼部尚书郑赐","1","1","2"
"部尚书郑赐引","1","1","2"
"学官三十五人","1","1","2"
"定衍圣公率三","1","1","2"
"衍圣公率三氏","1","1","2"
"定次日行庆贺","1","1","2"
"次日行庆贺礼","1","1","2"
"西班展书官展","1","1","2"
"讲读官内阁学","1","1","2"
"读官内阁学士","1","1","2"
"讲官大学士一","1","1","2"
"鸿胪官请皇太","1","1","2"
"胪官请皇太子","1","1","2"
"官请皇太子升","1","1","2"
"请皇太子升殿","1","1","2"
"侍班侍读讲官","2","0","2"
"班侍读讲官入","2","0","2"
"皇太子阁升座","2","0","2"
"弘治十一年更","1","1","2"
"设皇太子座文","2","0","2"
"皇太子座文华","2","0","2"
"太子座文华殿","2","0","2"
"文华门外东西","1","1","2"
"署礼部事学士","1","1","2"
"礼部事学士顾","1","1","2"
"部事学士顾锡","1","1","2"
"事学士顾锡畴","1","1","2"
"内阁徐溥等四","1","1","2"
"阁徐溥等四人","1","1","2"
"书马文升等七","1","1","2"
"马文升等七人","1","1","2"
"讲读官行叩头","1","1","2"
"读官行叩头礼","1","1","2"
"陪祭官分文武","1","1","2"
"洪武四年七月","1","1","2"
"叩头伏地上表","1","1","2"
"头伏地上表请","1","1","2"
"伏地上表请罪","1","1","2"
"地上表请罪礼","1","1","2"
"陈凯乐俘馘庙","2","0","2"
"刑部尚书受俘","1","1","2"
"楼上承制官宣","1","1","2"
"洪武三年六月","1","1","2"
"逆犯樊友邦等","1","1","2"
"逆犯徐鸿儒等","1","1","2"
"礼三部尚书位","1","1","2"
"部尚书位殿上","2","0","2"
"受赏官第一人","1","1","2"
"吏部尚书捧诰","1","1","2"
"部尚书捧诰命","1","1","2"
"户部尚书捧礼","1","1","2"
"部尚书捧礼物","1","1","2"
"总协戎政大臣","1","1","2"
"纠仪监射御史","1","1","2"
"鸿胪寺供事官","1","1","2"
"南镇抚司掌印","1","1","2"
"京营将士叩头","1","1","2"
"兵部尚书请阅","2","0","2"
"总协戎政官下","2","0","2"
"总协戎政官捧","1","1","2"
"制洪武三年定","2","0","2"
"文武官子弟士","2","0","2"
"武官子弟士民","2","0","2"
"官子弟士民俊","2","0","2"
"子弟士民俊秀","2","0","2"
"十一年五月五","1","1","2"
"一年五月五日","1","1","2"
"洪武六年二月","1","1","2"
"班首击鼓三声","1","1","2"
"官三品上命妇","2","0","2"
"军民男女素服","2","0","2"
"遣官祭金水桥","2","0","2"
"百官素服行奉","2","0","2"
"官素服行奉慰","2","0","2"
"成祖皇后徐氏","1","1","2"
"素服御西角门","2","0","2"
"诣思善门外哭","2","0","2"
"思善门外哭临","1","1","2"
"思善门内哭临","1","1","2"
"永乐五年十月","1","1","2"
"乐五年十月十","1","1","2"
"五年十月十四","1","1","2"
"年十月十四日","1","1","2"
"册谥大行皇后","2","0","2"
"册宝案奉天殿","2","0","2"
"皇太子下衰服","2","0","2"
"仁宗皇后张氏","1","1","2"
"宗皇后张氏崩","2","0","2"
"定大行太皇太","1","1","2"
"大行太皇太后","1","1","2"
"行太皇太后丧","1","1","2"
"衰服二十七日","2","0","2"
"英宗皇后钱氏","1","1","2"
"清宁宫门外听","1","1","2"
"步送德胜门外","2","0","2"
"肃太皇太后丧","1","1","2"
"孝宗皇后张氏","1","1","2"
"武宗皇后夏氏","1","1","2"
"庄肃皇后丧礼","1","1","2"
"所载仁孝皇后","1","1","2"
"服数月白衣冠","1","1","2"
"百官入左掖门","1","1","2"
"内侍捧入正门","1","1","2"
"正副使持节复","2","0","2"
"副使持节复命","2","0","2"
"思善门逼近仁","1","1","2"
"善门逼近仁智","1","1","2"
"门逼近仁智殿","1","1","2"
"通前二十七日","2","0","2"
"奉先等殿行礼","1","1","2"
"孝烈皇后初十","1","1","2"
"烈皇后初十日","1","1","2"
"尚书欧阳德等","1","1","2"
"穆宗皇后李氏","1","1","2"
"慈宁宫门外哭","1","1","2"
"宁宫门外哭临","1","1","2"
"停大小祀事乐","2","0","2"
"曰睿宗献皇帝","2","0","2"
"谕大学士夏言","1","1","2"
"孝贞皇太后丧","1","1","2"
"贞皇太后丧礼","1","1","2"
"亲王共祭一坛","1","1","2"
"公主共祭一坛","1","1","2"
"葬金山诸处者","2","0","2"
"成化八年悼恭","1","1","2"
"化八年悼恭太","1","1","2"
"八年悼恭太子","1","1","2"
"历四十七年二","1","1","2"
"皇太子妃郭氏","1","1","2"
"国子监监生八","1","1","2"
"子监监生八名","1","1","2"
"洪武九年五月","1","1","2"
"侍讲学士宋濂","1","1","2"
"讲学士宋濂等","1","1","2"
"南昌皇妃服大","1","1","2"
"昌皇妃服大功","1","1","2"
"成化八年二月","1","1","2"
"四川按察使彭","1","1","2"
"川按察使彭韶","1","1","2"
"弘治十六年七","1","1","2"
"治十六年七月","1","1","2"
"追封寿春等十","1","1","2"
"封寿春等十王","1","1","2"
"凤阳府西北二","1","1","2"
"阳府西北二十","1","1","2"
"府西北二十五","1","1","2"
"西北二十五里","1","1","2"
"岁时遣内官行","2","0","2"
"时遣内官行礼","2","0","2"
"乐十五年正月","1","1","2"
"户二百九十三","1","1","2"
"户三千三百四","1","1","2"
"三千三百四十","1","1","2"
"千三百四十二","1","1","2"
"泗州修缮祖陵","1","1","2"
"麻布大袖长衫","1","1","2"
"太子下皆衰服","2","0","2"
"衰服随班行礼","1","1","2"
"执事官奉梓宫","2","0","2"
"事官奉梓宫入","2","0","2"
"奏请太宗文皇","1","1","2"
"请太宗文皇帝","1","1","2"
"太宗文皇帝神","1","1","2"
"宗文皇帝神灵","1","1","2"
"神主降座升舆","2","0","2"
"请神主降舆升","2","0","2"
"神主降舆升座","2","0","2"
"内官捧神帛箱","1","1","2"
"官捧神帛箱埋","1","1","2"
"侍请神主降座","2","0","2"
"太常卿奏请神","2","0","2"
"常卿奏请神主","2","0","2"
"唱太宗文皇帝","1","1","2"
"太宗文皇帝谒","1","1","2"
"皇帝殿左门入","2","0","2"
"长安右门下马","1","1","2"
"素服坐西角门","1","1","2"
"部尚书蹇义等","1","1","2"
"尚书蹇义等请","1","1","2"
"神主奉安太庙","2","0","2"
"御史薛贞巡视","1","1","2"
"熙元年正月癸","1","1","2"
"六年二月壬申","1","1","2"
"十年十二月癸","1","1","2"
"年十二月癸卯","1","1","2"
"四年十二月甲","1","1","2"
"年十二月甲午","1","1","2"
"三十三年十二","1","1","2"
"三年十二月壬","1","1","2"
"年十二月壬申","1","1","2"
"万历四年十二","1","1","2"
"历四年十二月","1","1","2"
"四年十二月己","1","1","2"
"年十二月己丑","1","1","2"
"崇祯五年十二","1","1","2"
"祯五年十二月","1","1","2"
"五年十二月癸","1","1","2"
"年十二月癸酉","1","1","2"
"乐十六年正月","1","1","2"
"十六年正月乙","1","1","2"
"六年正月乙丑","1","1","2"
"化六年二月戊","1","1","2"
"六年二月戊寅","1","1","2"
"弘治八年二月","1","1","2"
"历四十三年四","1","1","2"
"三年四月戊寅","1","1","2"
"历三十八年四","1","1","2"
"洪武元年七月","1","1","2"
"武元年七月丁","1","1","2"
"元年七月丁酉","1","1","2"
"三年二月己巳","1","1","2"
"武德卫军器局","1","1","2"
"四年十一月癸","1","1","2"
"五年二月癸未","1","1","2"
"七年十二月己","1","1","2"
"一年二月戊辰","1","1","2"
"十九年二月辛","1","1","2"
"九年二月辛丑","1","1","2"
"三十年四月甲","1","1","2"
"十年四月甲午","1","1","2"
"建文二年八月","1","1","2"
"文二年八月癸","1","1","2"
"二年八月癸巳","1","1","2"
"永乐四年十二","1","1","2"
"乐四年十二月","1","1","2"
"十三年正月壬","1","1","2"
"三年正月壬子","1","1","2"
"二十年闰十二","1","1","2"
"十年闰十二月","1","1","2"
"年闰十二月戊","1","1","2"
"闰十二月戊寅","1","1","2"
"宣德三年三月","1","1","2"
"天津右卫北城","1","1","2"
"津右卫北城外","1","1","2"
"九年二月庚午","1","1","2"
"正统二年二月","1","1","2"
"三年八月辛酉","1","1","2"
"松木八千八百","1","1","2"
"十三年二月癸","1","1","2"
"三年二月癸酉","1","1","2"
"景泰二年六月","1","1","2"
"泰二年六月丙","1","1","2"
"二年六月丙子","1","1","2"
"三年八月戊寅","1","1","2"
"顺元年七月丙","1","1","2"
"元年七月丙寅","1","1","2"
"二年五月戊子","1","1","2"
"三年九月庚寅","1","1","2"
"四年八月己巳","1","1","2"
"光禄寺大烹内","1","1","2"
"禄寺大烹内门","1","1","2"
"五年三月丁卯","1","1","2"
"七年正月丁酉","1","1","2"
"成化二年九月","1","1","2"
"化二年九月癸","1","1","2"
"二百六十余家","2","0","2"
"九年七月庚戌","1","1","2"
"十一年四月壬","1","1","2"
"一年四月壬辰","1","1","2"
"三年十一月壬","1","1","2"
"年十一月壬辰","1","1","2"
"十八年八月丙","1","1","2"
"八年八月丙午","1","1","2"
"二十年正月戊","1","1","2"
"十年正月戊戌","1","1","2"
"德元年二月庚","1","1","2"
"元年二月庚寅","1","1","2"
"成山卫秦皇庙","1","1","2"
"民居三百余家","2","0","2"
"八年六月辛酉","1","1","2"
"丰城县西南连","1","1","2"
"九年正月庚辰","1","1","2"
"十一年八月丁","1","1","2"
"一年八月丁丑","1","1","2"
"二年正月甲辰","1","1","2"
"十四年四月乙","1","1","2"
"四年四月乙巳","1","1","2"
"十五年五月辛","1","1","2"
"五年五月辛卯","1","1","2"
"靖元年正月己","1","1","2"
"二年五月丙子","1","1","2"
"四年三月壬午","1","1","2"
"五年三月乙酉","1","1","2"
"十年正月辛亥","1","1","2"
"十三年六月甲","1","1","2"
"三年六月甲子","1","1","2"
"十八年二月乙","1","1","2"
"八年二月乙丑","1","1","2"
"二十年四月辛","1","1","2"
"十年四月辛酉","1","1","2"
"二十五年五月","1","1","2"
"十五年五月壬","1","1","2"
"五年五月壬申","1","1","2"
"六年十一月壬","1","1","2"
"年十一月壬午","1","1","2"
"三十一年八月","1","1","2"
"一年八月乙丑","1","1","2"
"三十五年九月","1","1","2"
"十五年九月戊","1","1","2"
"五年九月戊辰","1","1","2"
"三十八年正月","1","1","2"
"十八年正月癸","1","1","2"
"四十年十一月","1","1","2"
"十年十一月辛","1","1","2"
"十四年三月己","1","1","2"
"四年三月己亥","1","1","2"
"大明门内西千","1","1","2"
"明门内西千步","1","1","2"
"门内西千步廊","1","1","2"
"万历元年十一","1","1","2"
"历元年十一月","1","1","2"
"元年十一月己","1","1","2"
"三年四月甲戌","1","1","2"
"五年十月丙申","1","1","2"
"一年十二月庚","1","1","2"
"年十二月庚午","1","1","2"
"十二年二月己","1","1","2"
"二年二月己酉","1","1","2"
"十二月癸卯朔","1","1","2"
"五年五月甲子","1","1","2"
"十八年三月辛","1","1","2"
"八年三月辛酉","1","1","2"
"九年十二月甲","1","1","2"
"年十二月甲辰","1","1","2"
"十一年六月望","1","1","2"
"二十二年五月","1","1","2"
"十二年五月壬","1","1","2"
"二年五月壬寅","1","1","2"
"十四年二月甲","1","1","2"
"四年二月甲寅","1","1","2"
"二十七年十一","1","1","2"
"七年十一月壬","1","1","2"
"年十一月壬申","1","1","2"
"烧尚宝司印绶","1","1","2"
"尚宝司印绶监","1","1","2"
"二十九年正月","1","1","2"
"十九年正月己","1","1","2"
"九年正月己巳","1","1","2"
"三十年二月乙","1","1","2"
"十年二月乙酉","1","1","2"
"南海普陀山寺","1","1","2"
"十一年九月戊","1","1","2"
"一年九月戊寅","1","1","2"
"三十三年二月","1","1","2"
"十三年二月乙","1","1","2"
"十五年二月乙","1","1","2"
"七年正月庚子","1","1","2"
"十八年四月丁","1","1","2"
"八年四月丁丑","1","1","2"
"十九年四月戊","1","1","2"
"九年四月戊子","1","1","2"
"十一年五月壬","1","1","2"
"一年五月壬戌","1","1","2"
"四十四年十一","1","1","2"
"年十一月己巳","1","1","2"
"六年闰四月丁","1","1","2"
"年闰四月丁丑","1","1","2"
"开原殷家庄堡","1","1","2"
"原殷家庄堡台","1","1","2"
"殷家庄堡台杆","1","1","2"
"家庄堡台杆八","1","1","2"
"十七年四月癸","1","1","2"
"七年四月癸酉","1","1","2"
"昌元年十月丁","1","1","2"
"元年十月丁卯","1","1","2"
"天启元年闰二","1","1","2"
"启元年闰二月","1","1","2"
"元年闰二月丙","1","1","2"
"年闰二月丙戌","1","1","2"
"二年五月丙申","1","1","2"
"三年七月辛卯","1","1","2"
"六年五月戊申","1","1","2"
"七年十月庚子","1","1","2"
"祯元年四月乙","1","1","2"
"元年四月乙卯","1","1","2"
"二年十一月庚","1","1","2"
"年十一月庚子","1","1","2"
"三年三月戊戌","1","1","2"
"六年正月癸丑","1","1","2"
"七年九月庚申","1","1","2"
"十一年正月甲","1","1","2"
"一年正月甲申","1","1","2"
"年正月甲申朔","1","1","2"
"治三年三月庚","1","1","2"
"三年三月庚午","1","1","2"
"八年三月辛卯","1","1","2"
"十年四月辛丑","1","1","2"
"年三月戊申夜","2","0","2"
"七年三月丁卯","1","1","2"
"十五年六月癸","1","1","2"
"年六月癸未夜","2","0","2"
"靖五年七月甲","1","1","2"
"五年七月甲申","1","1","2"
"二十年七月丙","1","1","2"
"十年七月丙戌","1","1","2"
"左军都督府中","1","1","2"
"军都督府中门","1","1","2"
"庆二年三月戊","1","1","2"
"二年三月戊午","1","1","2"
"一年二月庚辰","1","1","2"
"十三年九月癸","1","1","2"
"三年九月癸巳","1","1","2"
"十四年二月戊","1","1","2"
"四年二月戊申","1","1","2"
"启六年五月壬","1","1","2"
"六年五月壬寅","1","1","2"
"年五月壬寅朔","1","1","2"
"厚载门火神庙","1","1","2"
"三年六月壬申","1","1","2"
"三年二月甲午","1","1","2"
"正德元年正月","1","1","2"
"德元年正月乙","1","1","2"
"元年正月乙酉","1","1","2"
"二年八月己亥","1","1","2"
"八年七月甲申","1","1","2"
"靖三十三年四","1","1","2"
"三年四月戊子","1","1","2"
"十七年五月戊","1","1","2"
"十九年二月己","1","1","2"
"隆庆六年闰二","1","1","2"
"庆六年闰二月","1","1","2"
"六年闰二月癸","1","1","2"
"年闰二月癸酉","1","1","2"
"万历六年七月","1","1","2"
"历六年七月丁","1","1","2"
"六年七月丁丑","1","1","2"
"三年四月乙丑","1","1","2"
"二十六年九月","1","1","2"
"十六年九月甲","1","1","2"
"六年九月甲辰","1","1","2"
"萧山贾九经家","1","1","2"
"启元年六月庚","1","1","2"
"元年六月庚寅","1","1","2"
"王体积中庭喷","1","1","2"
"崇祯七年二月","1","1","2"
"祯七年二月戊","1","1","2"
"七年二月戊午","1","1","2"
"二十三年十一","1","1","2"
"文元年三月乙","1","1","2"
"元年三月乙卯","1","1","2"
"燕王营苏家桥","2","0","2"
"安卫霪雨坏城","2","0","2"
"江西七府十六","1","1","2"
"西七府十六县","1","1","2"
"成化元年六月","1","1","2"
"十七年七月乙","1","1","2"
"七年七月乙酉","1","1","2"
"三十一万四千","1","1","2"
"淹死一万一千","1","1","2"
"死一万一千八","1","1","2"
"弘治二年七月","1","1","2"
"七年七月庚寅","1","1","2"
"坏朝阳门北城","1","1","2"
"十五年六七月","1","1","2"
"正德元年七月","1","1","2"
"平地水深二丈","1","1","2"
"嘉靖四年六月","1","1","2"
"三十三年六月","1","1","2"
"四十五年九月","1","1","2"
"五年五月七月","2","0","2"
"二十八年七月","1","1","2"
"二十九年春夏","1","1","2"
"三十二年七月","1","1","2"
"天启六年闰六","1","1","2"
"坏天寿山神路","1","1","2"
"坏山海关内外","1","1","2"
"山海关内外城","1","1","2"
"海关内外城垣","1","1","2"
"泰三年五月癸","1","1","2"
"三年五月癸巳","1","1","2"
"耳目口鼻四肢","1","1","2"
"历二十二年六","1","1","2"
"太仓卫指挥姜","1","1","2"
"仓卫指挥姜周","1","1","2"
"卫指挥姜周辅","1","1","2"
"指挥姜周辅家","1","1","2"
"历四十四年七","1","1","2"
"时内殿奏章房","1","1","2"
"武四年正月戊","1","1","2"
"四年正月戊申","1","1","2"
"六年十二月乙","1","1","2"
"年十二月乙丑","1","1","2"
"十一年正月丁","1","1","2"
"一年正月丁亥","1","1","2"
"正统三年十月","1","1","2"
"统三年十月丁","1","1","2"
"三年十月丁丑","1","1","2"
"天顺七年十月","1","1","2"
"顺七年十月甲","1","1","2"
"七年十月甲辰","1","1","2"
"八年正月乙丑","1","1","2"
"十六年正月辛","1","1","2"
"六年正月辛卯","1","1","2"
"年十二月戊辰","1","1","2"
"隆庆三年十一","1","1","2"
"庆三年十一月","1","1","2"
"三年十一月癸","1","1","2"
"年十一月癸巳","1","1","2"
"万历十四年冬","1","1","2"
"崇祯元年十一","1","1","2"
"祯元年十一月","1","1","2"
"靖三十七年十","1","1","2"
"三十七年十月","1","1","2"
"十七年十月戊","1","1","2"
"七年十月戊辰","1","1","2"
"万历十八年五","1","1","2"
"历十八年五月","1","1","2"
"十八年五月丁","1","1","2"
"八年五月丁卯","1","1","2"
"祖陵大松树孔","1","1","2"
"陵大松树孔中","1","1","2"
"天启六年四月","1","1","2"
"启六年四月癸","1","1","2"
"六年四月癸巳","1","1","2"
"南京西华门内","1","1","2"
"七年二月丁巳","1","1","2"
"德元年八月辛","1","1","2"
"元年八月辛巳","1","1","2"
"上殿奏请斋戒","1","1","2"
"定协律郎等官","1","1","2"
"协律郎等官品","1","1","2"
"初设四夷馆隶","1","1","2"
"始增设太常寺","1","1","2"
"增设太常寺卿","1","1","2"
"所属尚食等局","1","1","2"
"太常司供需库","1","1","2"
"常司供需库隶","1","1","2"
"御史一人印烙","1","1","2"
"答答失里营所","1","1","2"
"九关通事使一","1","1","2"
"关通事使一人","1","1","2"
"设外夷通事隶","1","1","2"
"曰皇帝奉天宝","2","0","2"
"稽察六部百司","1","1","2"
"前一年南北罪","1","1","2"
"一年南北罪囚","1","1","2"
"武英殿西房中","1","1","2"
"英殿西房中书","1","1","2"
"殿西房中书舍","1","1","2"
"西房中书舍人","1","1","2"
"内阁诰敕房中","1","1","2"
"阁诰敕房中书","1","1","2"
"制敕房中书舍","1","1","2"
"内阁诰敕房舍","1","1","2"
"阁诰敕房舍人","1","1","2"
"王府敕符底簿","1","1","2"
"设直省舍人十","1","1","2"
"直省舍人十人","1","1","2"
"定设中书舍人","1","1","2"
"设中书舍人二","1","1","2"
"行人三十七人","1","1","2"
"行人持节传旨","2","0","2"
"行人司官四十","1","1","2"
"人司官四十员","1","1","2"
"五官灵台郎八","1","1","2"
"官灵台郎八人","1","1","2"
"五官保章正二","1","1","2"
"官保章正二人","1","1","2"
"五官挈壶正二","1","1","2"
"官挈壶正二人","1","1","2"
"五官监候三人","1","1","2"
"五官司历二人","1","1","2"
"五官司晨八人","1","1","2"
"漏刻博士六人","1","1","2"
"壬遁历七十二","1","1","2"
"遁历七十二事","1","1","2"
"移内外诸司救","2","0","2"
"置医学提举司","1","1","2"
"属官御医四人","1","1","2"
"疏理街道沟渠","1","1","2"
"置兵马指挥司","1","1","2"
"命京兵马指挥","2","0","2"
"京兵马指挥司","1","1","2"
"中都兵马指挥","1","1","2"
"都兵马指挥司","1","1","2"
"京城巡捕等事","1","1","2"
"定设五城兵马","1","1","2"
"设五城兵马指","1","1","2"
"巡视五城御史","1","1","2"
"城兵马指挥会","1","1","2"
"五城兵马司官","1","1","2"
"神乐观提点一","1","1","2"
"乐观提点一人","1","1","2"
"山正一真人一","1","1","2"
"正一真人一人","1","1","2"
"皇门官设皇门","1","1","2"
"门官设皇门使","1","1","2"
"河州敕谕茶马","1","1","2"
"马靖巡视甘肃","1","1","2"
"下番官军守备","1","1","2"
"番官军守备南","1","1","2"
"官军守备南京","1","1","2"
"王安镇守甘肃","1","1","2"
"大学士陈山专","1","1","2"
"范弘等免死诏","1","1","2"
"置内职六尚局","1","1","2"
"本部尚书参赞","1","1","2"
"同内外守备官","1","1","2"
"内外守备官操","1","1","2"
"外守备官操练","1","1","2"
"守备官操练军","1","1","2"
"备官操练军马","1","1","2"
"十三司郎中十","1","1","2"
"三司郎中十三","1","1","2"
"司郎中十三人","1","1","2"
"清江二提举司","1","1","2"
"龙江抽分竹木","1","1","2"
"江抽分竹木局","1","1","2"
"瓦屑坝抽分竹","1","1","2"
"屑坝抽分竹木","1","1","2"
"坝抽分竹木局","1","1","2"
"提督操江一人","1","1","2"
"南京六部所存","1","1","2"
"仁宗时补设官","1","1","2"
"置两浙都转运","1","1","2"
"两浙都转运司","1","1","2"
"置盐课提举司","1","1","2"
"两淮巡盐御史","1","1","2"
"置茶盐都转运","1","1","2"
"茶盐都转运司","1","1","2"
"置四川永宁茶","1","1","2"
"四川永宁茶马","1","1","2"
"川永宁茶马司","1","1","2"
"置雅州碉门茶","1","1","2"
"雅州碉门茶马","1","1","2"
"州碉门茶马司","1","1","2"
"北方府州县官","1","1","2"
"方府州县官三","1","1","2"
"府州县官三百","1","1","2"
"定府州县条例","1","1","2"
"府州县条例八","1","1","2"
"一千一百七十","1","1","2"
"千一百七十一","1","1","2"
"提学宪臣提调","1","1","2"
"定儒学训导位","1","1","2"
"天下学官改授","1","1","2"
"下学官改授旁","1","1","2"
"学官改授旁郡","1","1","2"
"官改授旁郡州","1","1","2"
"改授旁郡州县","1","1","2"
"卫所戍守军士","1","1","2"
"洪武十七年置","2","0","2"
"中书省造大明","1","1","2"
"书省造大明宝","1","1","2"
"省造大明宝钞","1","1","2"
"大明通行宝钞","1","1","2"
"中书省奏准印","1","1","2"
"书省奏准印造","1","1","2"
"省奏准印造大","1","1","2"
"奏准印造大明","1","1","2"
"准印造大明宝","1","1","2"
"印造大明宝钞","1","1","2"
"告捕者赏银二","1","1","2"
"捕者赏银二十","1","1","2"
"者赏银二十五","1","1","2"
"赏银二十五两","1","1","2"
"都御史陈瑛言","2","0","2"
"行户口食盐法","1","1","2"
"北京宝钞提举","1","1","2"
"京宝钞提举司","1","1","2"
"发南京抽分场","1","1","2"
"南京抽分场积","1","1","2"
"京抽分场积薪","1","1","2"
"金银布帛交易","1","1","2"
"京卫军秋粮取","1","1","2"
"司钥库太监庞","1","1","2"
"户部布政司库","1","1","2"
"部布政司库钱","1","1","2"
"世宗嘉靖六年","1","1","2"
"发内库新旧钱","1","1","2"
"内库新旧钱八","1","1","2"
"库新旧钱八千","1","1","2"
"新旧钱八千一","1","1","2"
"旧钱八千一百","1","1","2"
"钱八千一百万","1","1","2"
"八千一百万文","1","1","2"
"千一百万文折","1","1","2"
"令通行历代钱","1","1","2"
"费工本银三十","1","1","2"
"工本银三十九","1","1","2"
"本银三十九万","1","1","2"
"钱六万五千万","1","1","2"
"六万五千万文","1","1","2"
"问大学士徐阶","1","1","2"
"民间交易一钱","1","1","2"
"万历通宝金背","1","1","2"
"一文重一钱二","1","1","2"
"文重一钱二分","1","1","2"
"重一钱二分五","1","1","2"
"一钱二分五厘","1","1","2"
"一文重一钱三","1","1","2"
"云南巡按郭庭","1","1","2"
"南巡按郭庭梧","1","1","2"
"万历金背五文","1","1","2"
"嘉靖金背四文","1","1","2"
"七万九千馀两","2","0","2"
"采铜於产铜地","2","0","2"
"州抽分主事朱","1","1","2"
"抽分主事朱大","1","1","2"
"分主事朱大受","1","1","2"
"福建尤溪县银","1","1","2"
"建尤溪县银屏","1","1","2"
"尤溪县银屏山","1","1","2"
"溪县银屏山银","1","1","2"
"县银屏山银场","1","1","2"
"银屏山银场局","1","1","2"
"贵州采办金银","1","1","2"
"兵部尚书孙原","1","1","2"
"部尚书孙原贞","1","1","2"
"尚书孙原贞请","1","1","2"
"官戴细保提督","1","1","2"
"武陵等十二县","1","1","2"
"民夫五十五万","1","1","2"
"浦城废坑银冶","1","1","2"
"云南巡抚李士","1","1","2"
"南巡抚李士实","1","1","2"
"前卫千户仲春","1","1","2"
"卫千户仲春请","1","1","2"
"山西巡抚魏允","1","1","2"
"西巡抚魏允贞","1","1","2"
"巡抚魏允贞上","1","1","2"
"河南巡按姚思","1","1","2"
"南巡按姚思仁","1","1","2"
"铁七百四十六","1","1","2"
"七百四十六万","1","1","2"
"辽东都司三万","1","1","2"
"东都司三万卫","1","1","2"
"广东归善县请","1","1","2"
"御史刘大夏讨","1","1","2"
"贵州大万山长","1","1","2"
"州大万山长官","1","1","2"
"大万山长官司","1","1","2"
"封闭云南路南","1","1","2"
"闭云南路南州","1","1","2"
"云南路南州铜","1","1","2"
"三百六十四处","1","1","2"
"山东巡按陈济","1","1","2"
"市镇店肆门摊","1","1","2"
"骡驴车受雇装","1","1","2"
"驴车受雇装载","1","1","2"
"直省税课司局","1","1","2"
"南京上新河船","1","1","2"
"京上新河船料","1","1","2"
"上新河船料钞","1","1","2"
"置彰义门官房","1","1","2"
"直省税课司官","1","1","2"
"崇文门监税官","1","1","2"
"杭州抽分御史","1","1","2"
"始收泰山碧霞","1","1","2"
"收泰山碧霞元","1","1","2"
"泰山碧霞元君","1","1","2"
"山碧霞元君祠","1","1","2"
"碧霞元君祠香","1","1","2"
"霞元君祠香钱","1","1","2"
"广东税课司局","1","1","2"
"东税课司局多","1","1","2"
"府抽印木植中","1","1","2"
"抽印木植中官","1","1","2"
"入钞六十六万","1","1","2"
"钱二百八十八","1","1","2"
"二百八十八万","1","1","2"
"广宁八里铺前","1","1","2"
"宁八里铺前屯","1","1","2"
"八里铺前屯卫","1","1","2"
"钞关主事关防","1","1","2"
"关主事关防敕","1","1","2"
"主事关防敕书","1","1","2"
"万历十一年革","1","1","2"
"二十六年千户","1","1","2"
"十六年千户赵","1","1","2"
"六年千户赵承","1","1","2"
"年千户赵承勋","1","1","2"
"千户赵承勋奏","1","1","2"
"户赵承勋奏请","1","1","2"
"府承奉谢文铨","1","1","2"
"约三十二万五","1","1","2"
"三十二万五千","1","1","2"
"十二万五千馀","2","0","2"
"二万五千馀两","2","0","2"
"历二十五年增","1","1","2"
"二十六万六千","1","1","2"
"十六万六千馀","2","0","2"
"连年税使所供","1","1","2"
"户部尚书毕严","2","0","2"
"关税二十万两","1","1","2"
"云屯市舶提举","1","1","2"
"屯市舶提举司","1","1","2"
"提举市舶太监","1","1","2"
"举市舶太监毕","1","1","2"
"市舶太监毕真","1","1","2"
"都御史胡宗宪","1","1","2"
"开原城东五里","1","1","2"
"开原南关马市","1","1","2"
"原南关马市独","1","1","2"
"达官指挥李原","1","1","2"
"官指挥李原等","1","1","2"
"兵部尚书王越","1","1","2"
"部尚书王越请","1","1","2"
"辽东义州木市","1","1","2"
"历二十三年开","1","1","2"
"后总兵李成梁","1","1","2"
"一百十户一里","2","0","2"
"户科事中一人","2","0","2"
"户部主事四人","1","1","2"
"造逃户周知册","1","1","2"
"流民十二万户","1","1","2"
"民三万五千八","1","1","2"
"三万五千八百","1","1","2"
"民三万二千八","1","1","2"
"三万二千八百","1","1","2"
"万二千八百馀","2","0","2"
"千三百四十三","1","1","2"
"三百四十三顷","1","1","2"
"户部郎中刘九","1","1","2"
"部郎中刘九皋","1","1","2"
"民年八十上赐","2","0","2"
"年八十上赐爵","2","0","2"
"六十五万二千","1","1","2"
"十五万二千八","1","1","2"
"五万二千八百","1","1","2"
"万二千八百七","1","1","2"
"二千八百七十","1","1","2"
"五十四万五千","1","1","2"
"十四万五千八","1","1","2"
"户部核实天下","1","1","2"
"国子生武淳等","1","1","2"
"子生武淳等分","1","1","2"
"区设粮长四人","1","1","2"
"七千六百二十","2","0","2"
"六百二十三顷","1","1","2"
"四百二十二万","1","1","2"
"建昌知府许孚","1","1","2"
"七百一万三千","2","0","2"
"一万三千九百","1","1","2"
"万三千九百七","1","1","2"
"三千九百七十","1","1","2"
"千九百七十六","1","1","2"
"九百七十六顷","1","1","2"
"立民兵万户府","1","1","2"
"徙山西真定民","2","0","2"
"卫所州县军民","1","1","2"
"本卫所官军俸","1","1","2"
"定屯田官军赏","1","1","2"
"屯田官军赏罚","1","1","2"
"太原左卫千户","1","1","2"
"原左卫千户陈","1","1","2"
"左卫千户陈淮","1","1","2"
"卫千户陈淮所","1","1","2"
"千户陈淮所种","1","1","2"
"宁夏总兵何福","1","1","2"
"军公事妨农务","2","0","2"
"公事妨农务者","2","0","2"
"军田正粮归仓","1","1","2"
"沿边开田官军","1","1","2"
"宣府巡抚叶盛","1","1","2"
"府巡抚叶盛买","1","1","2"
"巡抚叶盛买官","1","1","2"
"四万六千馀石","2","0","2"
"常操军十九万","1","1","2"
"户部侍郎韩福","1","1","2"
"部侍郎韩福尤","1","1","2"
"六十四万四千","1","1","2"
"十四万四千馀","2","0","2"
"二十四万九千","1","1","2"
"时山东巡抚郑","1","1","2"
"山东巡抚郑汝","1","1","2"
"东巡抚郑汝璧","1","1","2"
"巡抚郑汝璧请","1","1","2"
"登州海北长山","1","1","2"
"州海北长山诸","1","1","2"
"海北长山诸岛","1","1","2"
"垦闽海坛山田","1","1","2"
"天津巡抚汪应","1","1","2"
"津巡抚汪应蛟","1","1","2"
"御史左光斗命","1","1","2"
"管河通判卢观","1","1","2"
"河通判卢观象","1","1","2"
"通判卢观象大","1","1","2"
"判卢观象大兴","1","1","2"
"卢观象大兴水","1","1","2"
"观象大兴水田","1","1","2"
"太常少卿董应","1","1","2"
"常少卿董应举","1","1","2"
"李继贞巡抚天","1","1","2"
"继贞巡抚天津","1","1","2"
"赐勋臣公侯丞","1","1","2"
"勋臣公侯丞相","1","1","2"
"御马太监刘顺","1","1","2"
"马太监刘顺家","1","1","2"
"太监刘顺家人","1","1","2"
"监刘顺家人进","1","1","2"
"何必置立庄田","1","1","2"
"部尚书李敏等","1","1","2"
"中官庄田三百","1","1","2"
"官校招集群小","1","1","2"
"民心伤痛入骨","1","1","2"
"命事中夏言等","2","0","2"
"事中夏言等清","1","1","2"
"户部尚书孙交","1","1","2"
"部尚书孙交造","1","1","2"
"尚书孙交造皇","1","1","2"
"书孙交造皇庄","1","1","2"
"孙交造皇庄新","1","1","2"
"山东巡抚邵锡","1","1","2"
"遣御史沈阳清","1","1","2"
"承天六庄二湖","1","1","2"
"开封太黄寺堤","1","1","2"
"河南参政安然","1","1","2"
"归德州东南凤","1","1","2"
"德州东南凤池","1","1","2"
"州东南凤池口","1","1","2"
"开封西华诸县","1","1","2"
"东经开封城北","1","1","2"
"经开封城北五","1","1","2"
"开封城北五里","1","1","2"
"祥符鱼王口中","2","0","2"
"符鱼王口中滦","2","0","2"
"鱼王口中滦下","2","0","2"
"命兴安伯徐亨","1","1","2"
"开封州县十四","2","0","2"
"道四百五十里","1","1","2"
"张家黑龙庙口","1","1","2"
"太黄寺巴河分","1","1","2"
"黄寺巴河分水","1","1","2"
"寺巴河分水处","1","1","2"
"都督同知武兴","1","1","2"
"新乡八柳树口","1","1","2"
"塞河南八柳树","1","1","2"
"巡抚都御史洪","1","1","2"
"抚都御史洪英","1","1","2"
"武二十四年改","1","1","2"
"命工部尚书石","1","1","2"
"复决沙湾北岸","2","0","2"
"正统十三年改","1","1","2"
"太仆少卿黄仕","1","1","2"
"仆少卿黄仕儁","1","1","2"
"入张秋会通河","1","1","2"
"巡抚河南御史","1","1","2"
"抚河南御史张","1","1","2"
"河南御史张澜","1","1","2"
"原武黄河东岸","1","1","2"
"合黑洋山旧河","1","1","2"
"黑洋山旧河道","1","1","2"
"八百里梁山泊","1","1","2"
"祥符护城大堤","1","1","2"
"命工部侍郎薛","1","1","2"
"工部侍郎薛远","1","1","2"
"河南布政司照","1","1","2"
"南布政司照磨","1","1","2"
"布政司照磨金","1","1","2"
"政司照磨金景","1","1","2"
"司照磨金景辉","1","1","2"
"照磨金景辉考","1","1","2"
"七郡财力所筑","1","1","2"
"坏护城堤五十","1","1","2"
"河南都御史李","1","1","2"
"南都御史李衍","1","1","2"
"开封西南新城","1","1","2"
"梁家浅旧河口","1","1","2"
"家浅旧河口七","1","1","2"
"浅旧河口七里","1","1","2"
"布政司徐恪持","1","1","2"
"北直隶三巡抚","1","1","2"
"河南中牟等县","1","1","2"
"冲入张秋漕河","1","1","2"
"祥符翟家口合","1","1","2"
"上流金龙诸口","1","1","2"
"举郎中娄性协","1","1","2"
"役夫二十五万","2","0","2"
"塞决口三十六","1","1","2"
"遣工部侍郎陈","1","1","2"
"部侍郎陈政督","1","1","2"
"戴家庙减水闸","1","1","2"
"家庙减水闸浅","1","1","2"
"巡按河南御史","1","1","2"
"按河南御史涂","1","1","2"
"河南御史涂升","1","1","2"
"黄陵冈上下旧","1","1","2"
"陵冈上下旧堤","1","1","2"
"塞张秋决口工","1","1","2"
"祥符四府营淤","1","1","2"
"符四府营淤河","1","1","2"
"一宿迁小河口","2","0","2"
"管河工部员外","1","1","2"
"河工部员外郎","1","1","2"
"工部员外郎谢","1","1","2"
"部员外郎谢缉","1","1","2"
"小浮桥流入漕","1","1","2"
"浮桥流入漕河","1","1","2"
"归德州小坝子","1","1","2"
"德州小坝子等","1","1","2"
"州小坝子等处","1","1","2"
"宿迁小河口流","1","1","2"
"迁小河口流入","1","1","2"
"小河口流入漕","1","1","2"
"河口流入漕河","1","1","2"
"归德徐州小浮","2","0","2"
"德徐州小浮桥","2","0","2"
"河南管河副使","1","1","2"
"南管河副使张","1","1","2"
"管河副使张鼐","1","1","2"
"修筑侯家潭口","1","1","2"
"筑侯家潭口决","1","1","2"
"荆隆口堤内旧","1","1","2"
"丁家道口下徐","2","0","2"
"武陟木栾店凿","2","0","2"
"漕都御史李蕙","1","1","2"
"州知府龚弘上","1","1","2"
"鼐见河势南行","2","0","2"
"隆口分沁水入","1","1","2"
"口分沁水入贾","1","1","2"
"归德西王牌口","1","1","2"
"德西王牌口上","1","1","2"
"西王牌口上下","1","1","2"
"王牌口上下分","1","1","2"
"巡抚都御史郑","1","1","2"
"抚都御史郑龄","1","1","2"
"丁家道口上下","1","1","2"
"修丁家口上下","2","0","2"
"抵徐州小浮桥","2","0","2"
"工部侍郎崔岩","1","1","2"
"部侍郎崔岩奉","1","1","2"
"侍郎崔岩奉命","1","1","2"
"浚祥符董盆口","2","0","2"
"筑长垣诸县决","1","1","2"
"长垣诸县决口","1","1","2"
"考城故道淤塞","1","1","2"
"请设副使一人","1","1","2"
"命管河副都御","1","1","2"
"管河副都御史","1","1","2"
"河副都御史刘","1","1","2"
"副都御史刘恺","1","1","2"
"河副都御史龚","1","1","2"
"副都御史龚弘","1","1","2"
"侍郎佥都御史","2","0","2"
"濮奔赴沛县飞","1","1","2"
"奔赴沛县飞云","1","1","2"
"赴沛县飞云桥","1","1","2"
"沛县飞云桥徐","2","0","2"
"县飞云桥徐州","2","0","2"
"口徐州小浮桥","2","0","2"
"徐州小浮桥口","1","1","2"
"归德城南饮马","1","1","2"
"德城南饮马池","1","1","2"
"曹县梁靖口南","1","1","2"
"县梁靖口南岸","1","1","2"
"武家口十三里","1","1","2"
"小黄河旧通徐","1","1","2"
"黄河旧通徐州","1","1","2"
"兰阳北赵皮寨","1","1","2"
"宁陵北坌河一","1","1","2"
"陵北坌河一道","1","1","2"
"总督河道右都","1","1","2"
"督河道右都御","1","1","2"
"河道右都御史","1","1","2"
"左都御史胡世","1","1","2"
"凤阳平地千里","1","1","2"
"沛县南飞云桥","1","1","2"
"接沛北庙道口","1","1","2"
"临清运道诸水","1","1","2"
"昭阳湖东引水","1","1","2"
"请於昭阳湖东","2","0","2"
"工部侍郎潘希","1","1","2"
"部侍郎潘希曾","1","1","2"
"贾家坝入古黄","1","1","2"
"家坝入古黄河","1","1","2"
"小浮桥入运河","1","1","2"
"东北经单县长","1","1","2"
"北经单县长堤","1","1","2"
"都御史戴时宗","1","1","2"
"御史戴时宗请","1","1","2"
"谷亭转入运河","1","1","2"
"睢州野鸡冈淤","1","1","2"
"济宁缕水大堤","1","1","2"
"堤百五十馀里","2","0","2"
"鲁桥沛县东堤","2","0","2"
"侯家林二河分","1","1","2"
"家林二河分流","1","1","2"
"林二河分流入","1","1","2"
"二河分流入运","1","1","2"
"筑压口缕水堤","1","1","2"
"筑曹县八里湾","1","1","2"
"使北岸七八百","1","1","2"
"北岸七八百里","1","1","2"
"督漕都御史周","1","1","2"
"漕都御史周金","1","1","2"
"都御史周金言","2","0","2"
"总河都御史胡","1","1","2"
"孙禄口黄河支","1","1","2"
"禄口黄河支流","1","1","2"
"修筑马牧集决","1","1","2"
"筑马牧集决口","1","1","2"
"命兵部侍郎王","1","1","2"
"河副都御史郭","1","1","2"
"副都御史郭持","1","1","2"
"都御史郭持平","1","1","2"
"入野鸡冈新开","1","1","2"
"野鸡冈新开河","1","1","2"
"鸡冈新开河道","1","1","2"
"李景高口三河","1","1","2"
"巡按御史贾太","1","1","2"
"按御史贾太亨","1","1","2"
"总河都御史詹","1","1","2"
"河都御史詹瀚","1","1","2"
"都御史詹瀚请","1","1","2"
"道淤阻五十里","1","1","2"
"河副都御史曾","1","1","2"
"副都御史曾钧","1","1","2"
"草湾老黄河口","1","1","2"
"三里沟新河口","1","1","2"
"增筑高家堰长","1","1","2"
"筑高家堰长堤","1","1","2"
"督漕都御史应","1","1","2"
"新集地接梁靖","1","1","2"
"集地接梁靖口","1","1","2"
"新集小浮桥故","2","0","2"
"集小浮桥故道","2","0","2"
"小浮桥故道二","1","1","2"
"浮桥故道二百","1","1","2"
"桥故道二百五","1","1","2"
"故道二百五十","1","1","2"
"道二百五十馀","2","0","2"
"二百五十馀里","2","0","2"
"上下二百馀里","2","0","2"
"绕丰县华山东","1","1","2"
"丰县华山东北","1","1","2"
"工部尚书理河","2","0","2"
"部尚书理河漕","2","0","2"
"事中何鸣勘河","2","0","2"
"盛应期所凿新","2","0","2"
"应期所凿新河","2","0","2"
"新河土浅泉涌","1","1","2"
"山郭贯楼支河","1","1","2"
"修筑南岸长堤","1","1","2"
"筑马家桥堤三","1","1","2"
"马家桥堤三万","1","1","2"
"家桥堤三万五","1","1","2"
"桥堤三万五千","1","1","2"
"堤三万五千二","1","1","2"
"三万五千二百","1","1","2"
"万五千二百八","1","1","2"
"五千二百八十","1","1","2"
"千二百八十丈","1","1","2"
"泰山庙七里沟","2","0","2"
"河县河南镇合","2","0","2"
"县河南镇合於","2","0","2"
"河南镇合於黄","2","0","2"
"南镇合於黄河","2","0","2"
"开新庄闸通回","2","0","2"
"新庄闸通回船","2","0","2"
"鱼沟分河一道","1","1","2"
"匙头湾八十里","1","1","2"
"兵部侍郎万恭","1","1","2"
"部侍郎万恭总","1","1","2"
"侍郎万恭总理","1","1","2"
"郎万恭总理河","1","1","2"
"万恭总理河道","1","1","2"
"宿迁小河口三","1","1","2"
"迁小河口三百","1","1","2"
"小河口三百七","1","1","2"
"河口三百七十","1","1","2"
"口三百七十里","1","1","2"
"五月十五日上","1","1","2"
"月十五日上堤","1","1","2"
"九月十五日下","1","1","2"
"月十五日下堤","1","1","2"
"总理河道都御","1","1","2"
"理河道都御史","1","1","2"
"河道都御史万","1","1","2"
"道都御史万恭","1","1","2"
"督理河道署郎","1","1","2"
"理河道署郎中","1","1","2"
"河道署郎中事","1","1","2"
"道署郎中事陈","1","1","2"
"署郎中事陈应","1","1","2"
"郎中事陈应荐","1","1","2"
"筑黄河两岸堤","1","1","2"
"奉天翊运推诚","1","1","2"
"镇镇守总兵官","1","1","2"
"诸翼统军元帅","2","0","2"
"节制中外诸军","2","0","2"
"中军都督府断","1","1","2"
"军都督府断事","1","1","2"
"都督府断事官","1","1","2"
"提控案牍一人","1","1","2"
"升五军断事官","1","1","2"
"置五军照磨所","1","1","2"
"指挥同知二人","1","1","2"
"上直卫亲军指","1","1","2"
"直卫亲军指挥","1","1","2"
"帐前总制亲军","1","1","2"
"前总制亲军都","1","1","2"
"总制亲军都指","1","1","2"
"制亲军都指挥","1","1","2"
"军都指挥使司","1","1","2"
"千户所正千户","1","1","2"
"拱卫指挥使司","1","1","2"
"洪武十八年革","1","1","2"
"南京卫指挥使","1","1","2"
"主将同守一城","1","1","2"
"总理练兵事务","1","1","2"
"游击将军八人","1","1","2"
"游击将军六人","1","1","2"
"守备三十一人","1","1","2"
"分守参将六人","1","1","2"
"入卫游击四人","1","1","2"
"入卫游击一人","1","1","2"
"管理水利屯田","1","1","2"
"理水利屯田都","1","1","2"
"水利屯田都司","1","1","2"
"利屯田都司一","1","1","2"
"屯田都司一人","1","1","2"
"镇守甘肃总兵","1","1","2"
"守甘肃总兵官","1","1","2"
"甘肃总兵官一","1","1","2"
"肃总兵官一人","1","1","2"
"班备御都司四","1","1","2"
"备御都司四人","1","1","2"
"协守参将二人","1","1","2"
"巡抚中军坐营","1","1","2"
"抚中军坐营官","1","1","2"
"中军坐营官一","1","1","2"
"军坐营官一人","1","1","2"
"巡抚中军官一","1","1","2"
"抚中军官一人","1","1","2"
"镇守湖广总兵","1","1","2"
"守湖广总兵官","1","1","2"
"湖广总兵官一","1","1","2"
"广总兵官一人","1","1","2"
"练兵游击将军","1","1","2"
"兵游击将军一","1","1","2"
"提督狼山副总","1","1","2"
"督狼山副总兵","1","1","2"
"狼山副总兵一","1","1","2"
"山副总兵一人","1","1","2"
"四十三年移驻","1","1","2"
"凤阳军门中军","1","1","2"
"阳军门中军官","1","1","2"
"军门中军官一","1","1","2"
"门中军官一人","1","1","2"
"总捕都司一人","1","1","2"
"发莱州洋海仓","1","1","2"
"造浅船五百艘","1","1","2"
"兑粮三十万石","1","1","2"
"官军多所调遣","1","1","2"
"尚书黄福建议","1","1","2"
"民运粮二百七","1","1","2"
"运粮二百七十","1","1","2"
"百七十四万石","1","1","2"
"民运粮二百二","1","1","2"
"运粮二百二十","1","1","2"
"粮二百二十万","1","1","2"
"二百二十万石","1","1","2"
"吏部蹇义等上","1","1","2"
"官军兑运民粮","2","0","2"
"运粮四百万石","1","1","2"
"四百五十万石","1","1","2"
"漕运参将袁佑","1","1","2"
"运参将袁佑上","1","1","2"
"十八万九千七","1","1","2"
"八万九千七百","1","1","2"
"万九千七百石","1","1","2"
"南直隶正粮独","1","1","2"
"贮预备米十九","1","1","2"
"预备米十九万","1","1","2"
"河南改兑米充","1","1","2"
"时应天巡抚滕","1","1","2"
"应天巡抚滕昭","1","1","2"
"仓支运七十万","1","1","2"
"运七十万石米","1","1","2"
"抵北直隶三处","1","1","2"
"江南州县运粮","1","1","2"
"山东改兑粮九","1","1","2"
"东改兑粮九万","1","1","2"
"改兑粮九万石","1","1","2"
"粮米三十五万","1","1","2"
"米三十五万石","1","1","2"
"三十五万折银","1","1","2"
"漕运总兵杨宏","1","1","2"
"四十四万五千","1","1","2"
"四万五千馀两","2","0","2"
"淮安清江浦口","1","1","2"
"百三十八万馀","2","0","2"
"山东五月初一","1","1","2"
"东五月初一日","1","1","2"
"南直隶七月初","1","1","2"
"直隶七月初一","1","1","2"
"隶七月初一日","1","1","2"
"湖广九月初一","1","1","2"
"广九月初一日","1","1","2"
"正耗米四百七","1","1","2"
"耗米四百七十","1","1","2"
"米四百七十二","1","1","2"
"四百七十二石","1","1","2"
"令运粮总兵官","1","1","2"
"内府白熟粳糯","1","1","2"
"府白熟粳糯米","1","1","2"
"白熟粳糯米十","1","1","2"
"熟粳糯米十七","1","1","2"
"粳糯米十七万","1","1","2"
"府部糙粳米四","1","1","2"
"部糙粳米四万","1","1","2"
"糙粳米四万四","1","1","2"
"粳米四万四千","1","1","2"
"内折色八千八","1","1","2"
"折色八千八百","1","1","2"
"东南西北四所","1","1","2"
"置皇城四门仓","1","1","2"
"北京三十七卫","1","1","2"
"京三十七卫仓","1","1","2"
"令天下府县多","1","1","2"
"天下府县多设","1","1","2"
"天下司府州县","1","1","2"
"纳稻谷二石五","1","1","2"
"稻谷二石五斗","1","1","2"
"内府供应繁多","1","1","2"
"太仓银入内库","2","0","2"
"太仓中库积银","1","1","2"
"仓中库积银八","1","1","2"
"中库积银八百","1","1","2"
"加预备钦取银","1","1","2"
"取光禄太仆银","1","1","2"
"神宗万历六年","1","1","2"
"买办银二十万","1","1","2"
"办银二十万两","1","1","2"
"加内操马刍料","1","1","2"
"内操马刍料银","1","1","2"
"操马刍料银七","1","1","2"
"马刍料银七万","1","1","2"
"时修工部旧库","1","1","2"
"直省府州县卫","1","1","2"
"省府州县卫所","1","1","2"
"府州县税课司","1","1","2"
"州县税课司局","1","1","2"
"巡视库藏科道","1","1","2"
"视库藏科道官","1","1","2"
"台州卫指挥陈","1","1","2"
"州卫指挥陈良","1","1","2"
"置总督中官一","1","1","2"
"总督中官一人","1","1","2"
"巡盐御史杨澄","1","1","2"
"积贮征徭羡银","1","1","2"
"南户部库银八","1","1","2"
"户部库银八十","1","1","2"
"部库银八十万","1","1","2"
"库银八十万两","1","1","2"
"御史萧重望请","1","1","2"
"操江巡抚范济","1","1","2"
"江巡抚范济世","1","1","2"
"买乳牛造上供","1","1","2"
"乳牛造上供酥","1","1","2"
"牛造上供酥油","1","1","2"
"膳食器皿三十","1","1","2"
"食器皿三十万","1","1","2"
"器皿三十万七","1","1","2"
"皿三十万七千","1","1","2"
"光禄果品物料","1","1","2"
"百二十六万八","1","1","2"
"部尚书姚夔言","2","0","2"
"列上内外官役","1","1","2"
"上内外官役酒","1","1","2"
"内外官役酒饭","1","1","2"
"令原供司府依","1","1","2"
"光禄少卿李键","1","1","2"
"牲口银五万八","1","1","2"
"口银五万八千","1","1","2"
"宛平知县刘曰","1","1","2"
"平知县刘曰淑","1","1","2"
"御史王孟震斥","1","1","2"
"副都御史弋谦","1","1","2"
"泰安州税课局","1","1","2"
"安州税课局大","1","1","2"
"州税课局大使","1","1","2"
"税课局大使郝","1","1","2"
"课局大使郝智","1","1","2"
"甘肃巡抚罗明","1","1","2"
"分守内外官竞","1","1","2"
"扣军士月粮马","1","1","2"
"军士月粮马价","1","1","2"
"土鲁番西南二","1","1","2"
"鲁番西南二千","1","1","2"
"番西南二千里","1","1","2"
"内承运库太监","1","1","2"
"承运库太监崔","1","1","2"
"大珠鸦青购买","1","1","2"
"后军都督府供","1","1","2"
"宣府十七卫所","1","1","2"
"府十七卫所军","1","1","2"
"十七卫所军士","1","1","2"
"七卫所军士采","1","1","2"
"山西民夫转运","1","1","2"
"计柴价银三十","1","1","2"
"柴价银三十万","1","1","2"
"价银三十万两","1","1","2"
"副都御史刘观","1","1","2"
"都御史史仲成","1","1","2"
"南京天地山川","1","1","2"
"京天地山川坛","1","1","2"
"天地山川坛殿","1","1","2"
"地山川坛殿宇","1","1","2"
"遣工部侍郎刘","1","1","2"
"工部侍郎刘伯","1","1","2"
"部侍郎刘伯跃","1","1","2"
"三百三十九万","1","1","2"
"费银九百三十","1","1","2"
"劾督运官迟延","1","1","2"
"督运官迟延侵","1","1","2"
"珠二万八千两","1","1","2"
"两广巡抚林富","1","1","2"
"设歙县织染局","1","1","2"
"令陕西织造驼","1","1","2"
"造彩缎七千匹","1","1","2"
"工部侍郎翁世","1","1","2"
"部侍郎翁世资","1","1","2"
"侍郎翁世资请","1","1","2"
"事中顾九思等","1","1","2"
"西织造羊绒七","1","1","2"
"织造羊绒七万","1","1","2"
"造羊绒七万四","1","1","2"
"羊绒七万四千","1","1","2"
"南京供应机房","1","1","2"
"陕西织造绒袍","1","1","2"
"磁州造赵府祭","1","1","2"
"州造赵府祭器","1","1","2"
"造九龙九凤膳","1","1","2"
"九龙九凤膳案","1","1","2"
"造青龙白地花","1","1","2"
"青龙白地花缸","1","1","2"
"遣锦衣指挥杖","1","1","2"
"西烧造瓷器十","1","1","2"
"造十五万九千","1","1","2"
"钞二万五千贯","1","1","2"
"马料草二十匹","1","1","2"
"郡王嫡长子袭","1","1","2"
"王嫡长子袭封","1","1","2"
"嫡长子袭封郡","1","1","2"
"长子袭封郡王","1","1","2"
"附近州县秋粮","1","1","2"
"近州县秋粮内","1","1","2"
"州县秋粮内拨","1","1","2"
"八百五十三万","1","1","2"
"百五十三万石","1","1","2"
"百五十二万石","1","1","2"
"定内外文武官","1","1","2"
"一二三四品官","1","1","2"
"正五品二百二","1","1","2"
"五品二百二十","1","1","2"
"品二百二十石","1","1","2"
"六品递减十石","1","1","2"
"正八品七十五","1","1","2"
"八品七十五石","1","1","2"
"八品递减五石","1","1","2"
"内外官司提控","1","1","2"
"户部尚书杨鼎","1","1","2"
"本色钞十贯折","1","1","2"
"江阴横海水军","1","1","2"
"阴横海水军稍","1","1","2"
"横海水军稍班","1","1","2"
"碇手一石五斗","1","1","2"
"米麦四百七十","1","1","2"
"麦四百七十一","1","1","2"
"四百七十一万","1","1","2"
"百七十一万七","1","1","2"
"七十一万七千","1","1","2"
"一万七千馀石","2","0","2"
"钱钞三万九千","1","1","2"
"绢二十八万八","1","1","2"
"二十八万八千","1","1","2"
"千四百七十二","1","1","2"
"四百七十二万","1","1","2"
"百七十二万九","1","1","2"
"七十二万九千","1","1","2"
"六百二十二万","1","1","2"
"十二万八千馀","2","0","2"
"米麦四百六十","1","1","2"
"麦四百六十二","1","1","2"
"四百六十二万","1","1","2"
"二万五千馀石","2","0","2"
"钞五万六千三","1","1","2"
"五万六千三百","1","1","2"
"绢二十万二千","1","1","2"
"钞二万一千九","1","1","2"
"二万一千九百","1","1","2"
"万一千九百馀","2","0","2"
"四百六十万五","1","1","2"
"百六十万五千","1","1","2"
"百九十万三千","1","1","2"
"钞五万七千九","1","1","2"
"五万七千九百","1","1","2"
"三万三千馀石","2","0","2"
"千三百三十六","1","1","2"
"三百三十六万","1","1","2"
"百三十六万二","1","1","2"
"三十六万二千","1","1","2"
"钞二万三千六","1","1","2"
"二万三千六百","1","1","2"
"屯田六十三万","1","1","2"
"田六十三万五","1","1","2"
"六十三万五千","1","1","2"
"十三万五千馀","2","0","2"
"粮四百五十八","1","1","2"
"四百五十八万","1","1","2"
"百五十八万四","1","1","2"
"五十八万四千","1","1","2"
"运司提举大小","1","1","2"
"司提举大小引","1","1","2"
"提举大小引盐","1","1","2"
"举大小引盐二","1","1","2"
"大小引盐二百","1","1","2"
"小引盐二百二","1","1","2"
"引盐二百二十","1","1","2"
"清三宫子粒银","1","1","2"
"三宫子粒银四","1","1","2"
"宫子粒银四万","1","1","2"
"子粒银四万九","1","1","2"
"粒银四万九千","1","1","2"
"京卫屯钞五万","1","1","2"
"卫屯钞五万六","1","1","2"
"银二万六千馀","2","0","2"
"二万六千馀两","2","0","2"
"银三十五万三","1","1","2"
"三十五万三千","1","1","2"
"银六万三千馀","2","0","2"
"六万三千馀两","2","0","2"
"盐税银一百万","1","1","2"
"地亩银四万五","1","1","2"
"亩银四万五千","1","1","2"
"京卫屯牧地增","1","1","2"
"银万八千馀两","2","0","2"
"牙税一万九千","1","1","2"
"一万九千馀两","2","0","2"
"张家湾商税二","1","1","2"
"家湾商税二千","1","1","2"
"银二十二万三","1","1","2"
"赃罚银十七万","1","1","2"
"改折月粮银十","1","1","2"
"折月粮银十四","1","1","2"
"月粮银十四万","1","1","2"
"粮银十四万四","1","1","2"
"银十四万四千","1","1","2"
"四万四千馀两","2","0","2"
"杂物条目繁琐","1","1","2"
"银一万六千馀","2","0","2"
"绢布银四万四","1","1","2"
"布银四万四千","1","1","2"
"内府监局匠役","1","1","2"
"银一万三千馀","2","0","2"
"一万三千馀两","2","0","2"
"锦衣等七十八","1","1","2"
"衣等七十八卫","1","1","2"
"等七十八卫所","1","1","2"
"七十八卫所官","1","1","2"
"十八卫所官吏","1","1","2"
"布银八万二千","1","1","2"
"神机三大营将","1","1","2"
"月口粮四万三","1","1","2"
"口粮四万三千","1","1","2"
"折银五万馀两","2","0","2"
"五草场商价一","1","1","2"
"草场商价一万","1","1","2"
"场商价一万六","1","1","2"
"商价一万六千","1","1","2"
"屯粮十三万二","1","1","2"
"粮十三万二千","1","1","2"
"十三万二千馀","2","0","2"
"三万二千馀石","2","0","2"
"银二万二千馀","2","0","2"
"银七十八万七","1","1","2"
"七十八万七千","1","1","2"
"河东盐引银十","1","1","2"
"东盐引银十三","1","1","2"
"盐引银十三万","1","1","2"
"引银十三万五","1","1","2"
"银十三万五千","1","1","2"
"运年例银十二","2","0","2"
"年例银十二万","2","0","2"
"银十二万五千","1","1","2"
"十二万五千两","1","1","2"
"芦盐引银二万","1","1","2"
"盐引银二万六","1","1","2"
"引银二万六千","1","1","2"
"银十七万一千","1","1","2"
"十七万一千两","1","1","2"
"银四十五万六","1","1","2"
"四十五万六千","1","1","2"
"草二百六十八","1","1","2"
"草银二万八千","1","1","2"
"银二万八千馀","2","0","2"
"二万八千馀两","2","0","2"
"银二十六万九","1","1","2"
"二十六万九千","1","1","2"
"京运银十八万","1","1","2"
"运银十八万一","1","1","2"
"折色银一千馀","2","0","2"
"色银一千馀两","2","0","2"
"米豆二万一千","1","1","2"
"银三十二万二","1","1","2"
"十二万二千馀","2","0","2"
"山东盐引银五","1","1","2"
"东盐引银五万","1","1","2"
"盐引银五万七","1","1","2"
"引银五万七千","1","1","2"
"京运银十三万","1","1","2"
"运银十三万三","1","1","2"
"十三万三千馀","2","0","2"
"三万三千馀两","2","0","2"
"京运银七万三","1","1","2"
"运银七万三千","1","1","2"
"银七万三千两","1","1","2"
"屯粮五万六千","1","1","2"
"地亩银一千馀","2","0","2"
"亩银一千馀两","2","0","2"
"民运粮料九万","1","1","2"
"运粮料九万七","1","1","2"
"民运草六万九","1","1","2"
"运草六万九千","1","1","2"
"浙盐引银六万","1","1","2"
"盐引银六万七","1","1","2"
"引银六万七千","1","1","2"
"运年例银三十","2","0","2"
"银三十五万七","1","1","2"
"三十五万七千","1","1","2"
"盐引银二万九","1","1","2"
"引银二万九千","1","1","2"
"运年例银二万","2","0","2"
"屯粮料十四万","1","1","2"
"粮料十四万八","1","1","2"
"料十四万八千","1","1","2"
"十万八千馀两","2","0","2"
"一百八十三万","1","1","2"
"引银八万一千","1","1","2"
"银二万五千两","1","1","2"
"屯粮料二十三","1","1","2"
"粮料二十三万","1","1","2"
"料二十三万二","1","1","2"
"二十三万二千","1","1","2"
"银二十九万四","1","1","2"
"二十九万四千","1","1","2"
"京运银五万一","1","1","2"
"运银五万一千","1","1","2"
"浙盐引银十万","1","1","2"
"盐引银十万二","1","1","2"
"引银十万二千","1","1","2"
"银十万二千馀","2","0","2"
"十万二千馀两","2","0","2"
"屯粮料三十一","1","1","2"
"粮料三十一万","1","1","2"
"料三十一万九","1","1","2"
"三十一万九千","1","1","2"
"十一万九千馀","2","0","2"
"粮料草银四万","1","1","2"
"料草银四万一","1","1","2"
"草银四万一千","1","1","2"
"具银七千一百","1","1","2"
"粮料四万五千","1","1","2"
"粮料草布花银","1","1","2"
"料草布花银二","1","1","2"
"草布花银二十","1","1","2"
"布花银二十七","1","1","2"
"花银二十七万","1","1","2"
"银二十七万九","1","1","2"
"十七万九千馀","2","0","2"
"二十万八千馀","2","0","2"
"盐引银二万五","1","1","2"
"引银二万五千","1","1","2"
"京运银六万三","1","1","2"
"犒赏银一百九","1","1","2"
"赏银一百九十","1","1","2"
"屯粮二十七万","1","1","2"
"粮二十七万九","1","1","2"
"民运银十五万","1","1","2"
"运银十五万九","1","1","2"
"十五万九千馀","2","0","2"
"山东盐引银三","1","1","2"
"东盐引银三万","1","1","2"
"盐引银三万九","1","1","2"
"引银三万九千","1","1","2"
"年例银二十万","2","0","2"
"屯粮料五万三","1","1","2"
"银万六千馀两","2","0","2"
"银五万六千两","2","0","2"
"银二十万八千","1","1","2"
"银一万五千两","1","1","2"
"民运粮料二万","1","1","2"
"运粮料二万七","1","1","2"
"粮料二万七千","1","1","2"
"银十二万二千","1","1","2"
"民运草三十一","1","1","2"
"运草三十一万","1","1","2"
"草三十一万一","1","1","2"
"三十一万一千","1","1","2"
"京运银十一万","1","1","2"
"运银十一万九","1","1","2"
"地亩银二百九","1","1","2"
"京运银十六万","1","1","2"
"运银十六万两","1","1","2"
"京运银二十三","1","1","2"
"运银二十三万","1","1","2"
"银二十三万三","1","1","2"
"二十三万三千","1","1","2"
"民运银二万两","1","1","2"
"粮十八万九千","1","1","2"
"屯粮二万三千","1","1","2"
"民运银三十万","1","1","2"
"运银三十万六","1","1","2"
"银三十万六千","1","1","2"
"京运银五万九","1","1","2"
"运银五万九千","1","1","2"
"银五万九千两","1","1","2"
"转运盐使司六","1","1","2"
"盐课提举司七","1","1","2"
"两淮所辖分司","1","1","2"
"办大引盐三十","1","1","2"
"大引盐三十五","1","1","2"
"引盐三十五万","1","1","2"
"盐三十五万二","1","1","2"
"三十五万二千","1","1","2"
"盐银六十万两","1","1","2"
"办大引盐二十","1","1","2"
"大引盐二十二","1","1","2"
"引盐二十二万","1","1","2"
"太仓馀盐银十","2","0","2"
"改称河间长芦","1","1","2"
"办大引盐六万","1","1","2"
"大引盐六万三","1","1","2"
"办小引盐十八","1","1","2"
"小引盐十八万","1","1","2"
"上供郊庙百神","1","1","2"
"供郊庙百神祭","1","1","2"
"郊庙百神祭祀","1","1","2"
"岁办大引盐十","2","0","2"
"办大引盐十四","1","1","2"
"大引盐十四万","1","1","2"
"引盐十四万三","1","1","2"
"盐十四万三千","1","1","2"
"十四万三千三","1","1","2"
"四万三千三百","1","1","2"
"九万六千一百","1","1","2"
"办大引盐十万","1","1","2"
"大引盐十万四","1","1","2"
"引盐十万四千","1","1","2"
"盐十万四千五","1","1","2"
"太仓银二万二","1","1","2"
"仓银二万二千","1","1","2"
"办小引盐三十","1","1","2"
"小引盐三十万","1","1","2"
"引盐三十万四","1","1","2"
"盐三十万四千","1","1","2"
"三十万四千引","1","1","2"
"千二百五十三","1","1","2"
"百五十三万七","1","1","2"
"五十三万七千","1","1","2"
"十三万七千六","1","1","2"
"三万七千六百","1","1","2"
"固原饷银三万","1","1","2"
"原饷银三万六","1","1","2"
"饷银三万六千","1","1","2"
"广东四万六千","1","1","2"
"东四万六千八","1","1","2"
"四万六千八百","1","1","2"
"海北二万七千","1","1","2"
"岁入太仓盐课","2","0","2"
"一十二万七千","1","1","2"
"一十七万六千","1","1","2"
"九百八十六万","1","1","2"
"百八十六万一","1","1","2"
"八十六万一千","1","1","2"
"陕西镇盐课银","1","1","2"
"西镇盐课银七","1","1","2"
"镇盐课银七万","1","1","2"
"盐课银七万一","1","1","2"
"课银七万一千","1","1","2"
"银七万一千余","1","1","2"
"七万一千余两","1","1","2"
"太仓盐课银三","1","1","2"
"仓盐课银三万","1","1","2"
"盐课银三万五","1","1","2"
"课银三万五千","1","1","2"
"三万五千余两","1","1","2"
"转运提举司照","1","1","2"
"运提举司照数","1","1","2"
"户部尚书郭敦","1","1","2"
"官吏军民多养","1","1","2"
"吏军民多养马","1","1","2"
"卫递增二十引","1","1","2"
"引二贯五百文","1","1","2"
"灶户杂犯死罪","1","1","2"
"直隶巡抚周忱","1","1","2"
"户部尚书马昂","1","1","2"
"令商人买余盐","1","1","2"
"织造太监崔杲","1","1","2"
"长芦盐一万二","1","1","2"
"盐一万二千引","1","1","2"
"户部郎中丁致","1","1","2"
"部郎中丁致祥","1","1","2"
"盐二百六十五","1","1","2"
"二百六十五斤","1","1","2"
"纳银一两九钱","1","1","2"
"引正盐银五钱","1","1","2"
"时都御史王绅","1","1","2"
"增收三十五万","1","1","2"
"收三十五万引","1","1","2"
"十七万六千两","1","1","2"
"岁课七十万五","2","0","2"
"课七十万五千","2","0","2"
"七十万五千引","1","1","2"
"淮盐三十九万","1","1","2"
"盐三十九万引","1","1","2"
"淮盐二十七万","1","1","2"
"盐二十七万引","1","1","2"
"命副都御史鄢","2","0","2"
"史鄢懋卿总理","2","0","2"
"盐银六十一万","1","1","2"
"巡抚都御史殷","1","1","2"
"抚都御史殷正","1","1","2"
"都御史殷正茂","1","1","2"
"御史殷正茂请","1","1","2"
"史殷正茂请官","1","1","2"
"大学士张位等","1","1","2"
"鸿胪寺主簿田","1","1","2"
"胪寺主簿田应","1","1","2"
"寺主簿田应璧","1","1","2"
"中官鲁保鬻两","2","0","2"
"官鲁保鬻两淮","2","0","2"
"引重五百七十","1","1","2"
"重五百七十斤","1","1","2"
"变价三十万两","1","1","2"
"巡盐御史龙遇","1","1","2"
"盐御史龙遇奇","1","1","2"
"魏忠贤党郭兴","1","1","2"
"忠贤党郭兴治","1","1","2"
"吏部郎中陆光","1","1","2"
"部郎中陆光祖","1","1","2"
"副都御史朱言","2","0","2"
"长芦巡盐御史","1","1","2"
"遣中官王允中","1","1","2"
"都御史高明整","1","1","2"
"部尚书李敏请","1","1","2"
"户部侍郎李嗣","1","1","2"
"刑部侍郎彭韶","1","1","2"
"刑部侍郎蓝章","1","1","2"
"副都御史黄臣","1","1","2"
"副都御史王绅","1","1","2"
"副都御史庞尚","1","1","2"
"御史庞尚鹏总","1","1","2"
"置茶局批验所","1","1","2"
"茶园四十五顷","1","1","2"
"四川巴茶三百","1","1","2"
"陕西二万六千","1","1","2"
"西二万六千斤","1","1","2"
"四川一百万斤","1","1","2"
"四川茶盐都转","1","1","2"
"川茶盐都转运","1","1","2"
"茶盐都转运使","1","1","2"
"长河西等番商","1","1","2"
"改设秦州茶马","1","1","2"
"设秦州茶马司","1","1","2"
"遣驸马都尉谢","1","1","2"
"驸马都尉谢达","1","1","2"
"陕西汉中茶三","1","1","2"
"西汉中茶三百","1","1","2"
"汉中茶三百万","1","1","2"
"中茶三百万斤","1","1","2"
"都御史邓文铿","1","1","2"
"御史邓文铿等","1","1","2"
"藏思囊日等族","1","1","2"
"设洮州茶马司","1","1","2"
"陕西行都司地","1","1","2"
"停止金牌信符","1","1","2"
"播州茶仓四所","1","1","2"
"令按察司巡察","1","1","2"
"洮州三茶马司","1","1","2"
"四川茶课司旧","1","1","2"
"督理马政都御","1","1","2"
"理马政都御史","1","1","2"
"马政都御史杨","1","1","2"
"政都御史杨一","1","1","2"
"茶五六十万斤","1","1","2"
"巡茶御史理马","2","0","2"
"茶御史理马政","2","0","2"
"人例外带私茶","1","1","2"
"巡茶御史王汝","1","1","2"
"茶御史王汝舟","1","1","2"
"御史王汝舟酌","1","1","2"
"计三茶马司所","1","1","2"
"三茶马司所贮","1","1","2"
"诸番金牌信符","1","1","2"
"年九十万斤招","1","1","2"
"四千引留内地","1","1","2"
"府佐一人专驻","2","0","2"
"陕西巡按御史","1","1","2"
"西巡按御史毕","1","1","2"
"巡按御史毕三","1","1","2"
"按御史毕三才","1","1","2"
"令汉中五州县","1","1","2"
"庄浪六茶司共","1","1","2"
"马九千六百匹","1","1","2"
"马二千四百匹","1","1","2"
"福建建宁所贡","1","1","2"
"上供户五百家","1","1","2"
"杨炎作两税法","1","1","2"
"课程苎麻折米","1","1","2"
"令户部侍郎杨","1","1","2"
"户部侍郎杨靖","1","1","2"
"二贯五百文折","1","1","2"
"广东琼州黎人","1","1","2"
"副都御史周铨","1","1","2"
"折银二钱五分","2","0","2"
"广西米麦共四","1","1","2"
"西米麦共四百","1","1","2"
"粮四石收银一","1","1","2"
"四石收银一两","1","1","2"
"石收银一两解","1","1","2"
"洪武十三年命","1","1","2"
"四斗四升者减","1","1","2"
"百七十四万六","1","1","2"
"七十四万六千","1","1","2"
"广西布政使周","1","1","2"
"西布政使周干","1","1","2"
"宣德五年二月","1","1","2"
"江南巡抚周忱","1","1","2"
"苏州知府况钟","2","0","2"
"令松江官田依","1","1","2"
"浙江等处官田","1","1","2"
"秋粮四斗一升","1","1","2"
"七百九十万石","1","1","2"
"令镇守浙江尚","1","1","2"
"镇守浙江尚书","1","1","2"
"守浙江尚书孙","1","1","2"
"浙江尚书孙原","1","1","2"
"江尚书孙原贞","1","1","2"
"尚书孙原贞等","1","1","2"
"平米一石三斗","1","1","2"
"平米一石五斗","1","1","2"
"民田二斗七升","1","1","2"
"平米一石七斗","1","1","2"
"平米二石二斗","1","1","2"
"四百七十馀万","2","0","2"
"百七十馀万石","2","0","2"
"令天下官吏考","1","1","2"
"敢搀杂水谷糠","1","1","2"
"御史郭弘化等","1","1","2"
"应天巡抚侯位","1","1","2"
"应天巡抚欧阳","1","1","2"
"天巡抚欧阳铎","1","1","2"
"巡抚欧阳铎检","1","1","2"
"苏州知府王仪","1","1","2"
"递增耗米加乘","1","1","2"
"收本色折色银","1","1","2"
"五百九十五万","1","1","2"
"户部尚书孙应","1","1","2"
"部尚书孙应奎","1","1","2"
"浙江等州县增","1","1","2"
"条上便宜七事","2","0","2"
"增赋五百二十","2","0","2"
"赋五百二十万","2","0","2"
"布帛粟米力役","1","1","2"
"书梁廷栋请增","2","0","2"
"百六十五万四","1","1","2"
"六十五万四千","1","1","2"
"总督卢象升请","1","1","2"
"一分四厘九丝","1","1","2"
"兵部郎张若麒","1","1","2"
"部郎张若麒请","1","1","2"
"饷三百三十万","1","1","2"
"加练饷七百三","1","1","2"
"河南巡抚范景","1","1","2"
"南巡抚范景文","1","1","2"
"营建两京宗庙","1","1","2"
"京礼部尚书童","1","1","2"
"礼部尚书童轩","1","1","2"
"部尚书林瀚言","2","0","2"
"南城豹房新房","1","1","2"
"庄园祠墓香火","1","1","2"
"园祠墓香火寺","1","1","2"
"祠墓香火寺观","1","1","2"
"贵州新添驿丞","1","1","2"
"工场二三十处","1","1","2"
"部主事赵乾振","2","0","2"
"目击民艰言者","2","0","2"
"杂犯死罪六十","1","1","2"
"犯死罪六十石","1","1","2"
"景泰四年冬十","1","1","2"
"泰四年冬十一","1","1","2"
"四年冬十一月","1","1","2"
"年冬十一月戊","1","1","2"
"冬十一月戊辰","1","1","2"
"三年四月壬戌","1","1","2"
"弘治六年十一","1","1","2"
"治六年十一月","1","1","2"
"万历五年六月","1","1","2"
"洪武十八年二","1","1","2"
"武十八年二月","1","1","2"
"正统五年七月","1","1","2"
"统五年七月戊","1","1","2"
"五年七月戊午","1","1","2"
"泰六年正月癸","1","1","2"
"六年正月癸酉","1","1","2"
"八年正月甲子","1","1","2"
"成化四年三月","1","1","2"
"九年三月甲午","1","1","2"
"二十年五月丙","1","1","2"
"十年五月丙申","1","1","2"
"三年十二月辛","1","1","2"
"弘治十五年十","1","1","2"
"治十五年十一","1","1","2"
"正德十年四月","1","1","2"
"启六年六月丙","1","1","2"
"六年六月丙戌","1","1","2"
"洪武十四年五","1","1","2"
"武十四年五月","1","1","2"
"十四年五月丁","1","1","2"
"天顺四年三月","1","1","2"
"顺四年三月乙","1","1","2"
"四年三月乙酉","1","1","2"
"成化二年四月","1","1","2"
"化二年四月乙","1","1","2"
"二年四月乙巳","1","1","2"
"十九年三月辛","1","1","2"
"九年三月辛酉","1","1","2"
"弘治六年十月","1","1","2"
"八年四月庚申","1","1","2"
"府县卫所三十","1","1","2"
"县卫所三十五","1","1","2"
"九年四月辛巳","1","1","2"
"十七年二月壬","1","1","2"
"七年二月壬寅","1","1","2"
"正德八年四月","1","1","2"
"德八年四月乙","1","1","2"
"八年四月乙巳","1","1","2"
"十三年三月壬","1","1","2"
"三年三月壬戌","1","1","2"
"嘉靖二年三月","1","1","2"
"靖二年三月甲","1","1","2"
"二年三月甲子","1","1","2"
"十二年四月己","1","1","2"
"二年四月己亥","1","1","2"
"隆庆六年三月","1","1","2"
"庆六年三月丁","1","1","2"
"十八年四月壬","1","1","2"
"八年四月壬寅","1","1","2"
"祯六年正月辛","1","1","2"
"六年正月辛亥","1","1","2"
"洪武二年六月","1","1","2"
"武二年六月庚","1","1","2"
"二年六月庚寅","1","1","2"
"三年五月丙辰","1","1","2"
"五年五月癸丑","1","1","2"
"十四年七月己","1","1","2"
"四年七月己酉","1","1","2"
"四年五月壬戌","1","1","2"
"泰五年六月庚","1","1","2"
"五年六月庚寅","1","1","2"
"易州大方等社","1","1","2"
"六年闰六月乙","1","1","2"
"年闰六月乙巳","1","1","2"
"天顺元年六月","1","1","2"
"顺元年六月己","1","1","2"
"元年六月己亥","1","1","2"
"八年五月丁巳","1","1","2"
"化元年四月庚","1","1","2"
"元年四月庚寅","1","1","2"
"五年闰二月癸","1","1","2"
"八年七月丙午","1","1","2"
"九年五月丁巳","1","1","2"
"十九年六月乙","1","1","2"
"九年六月乙亥","1","1","2"
"二十年二月丙","1","1","2"
"十年二月丙子","1","1","2"
"十一年三月己","1","1","2"
"一年三月己丑","1","1","2"
"十二年三月甲","1","1","2"
"二年三月甲寅","1","1","2"
"弘治元年三月","1","1","2"
"治元年三月壬","1","1","2"
"元年三月壬申","1","1","2"
"二年三月戊寅","1","1","2"
"洮州卫雨冰雹","2","0","2"
"四年三月癸卯","1","1","2"
"五年四月乙丑","1","1","2"
"八年二月壬申","1","1","2"
"九年五月丙辰","1","1","2"
"十年二月己卯","1","1","2"
"十三年八月戊","1","1","2"
"三年八月戊子","1","1","2"
"十四年四月丁","1","1","2"
"四年四月丁酉","1","1","2"
"德元年六月戊","1","1","2"
"四年五月甲午","1","1","2"
"八年十月戊戌","1","1","2"
"平地水深丈余","2","0","2"
"一年六月甲戌","1","1","2"
"嘉靖元年四月","1","1","2"
"靖元年四月甲","1","1","2"
"五年五月甲辰","1","1","2"
"六年六月癸丑","1","1","2"
"十四年三月辛","1","1","2"
"四年三月辛巳","1","1","2"
"十八年五月壬","1","1","2"
"八年五月壬辰","1","1","2"
"十八年三月庚","1","1","2"
"八年三月庚寅","1","1","2"
"十四年五月庚","1","1","2"
"四年五月庚子","1","1","2"
"三十六年三月","1","1","2"
"十六年三月癸","1","1","2"
"四十三年闰二","1","1","2"
"十三年闰二月","1","1","2"
"三年闰二月甲","1","1","2"
"年闰二月甲申","1","1","2"
"隆庆元年七月","1","1","2"
"庆元年七月辛","1","1","2"
"元年七月辛巳","1","1","2"
"延绥口北马营","1","1","2"
"绥口北马营堡","1","1","2"
"四年四月辛酉","1","1","2"
"五年四月戊午","1","1","2"
"六年八月乙丑","1","1","2"
"万历元年五月","1","1","2"
"历元年五月辛","1","1","2"
"元年五月辛巳","1","1","2"
"四年四月丙午","1","1","2"
"九年八月庚子","1","1","2"
"十一年闰二月","1","1","2"
"一年闰二月丁","1","1","2"
"年闰二月丁卯","1","1","2"
"十五年五月癸","1","1","2"
"五年五月癸巳","1","1","2"
"十九年四月壬","1","1","2"
"九年四月壬子","1","1","2"
"一年二月庚寅","1","1","2"
"十五年八月壬","1","1","2"
"五年八月壬戌","1","1","2"
"三十年四月己","1","1","2"
"三十六年五月","1","1","2"
"六年五月戊子","1","1","2"
"四十一年七月","1","1","2"
"十一年七月丁","1","1","2"
"一年七月丁卯","1","1","2"
"六年三月庚辰","1","1","2"
"启二年四月壬","1","1","2"
"二年四月壬辰","1","1","2"
"祯三年九月辛","1","1","2"
"三年九月辛丑","1","1","2"
"七年四月壬戌","1","1","2"
"八年七月己酉","1","1","2"
"一年六月甲寅","1","1","2"
"十六年六月丁","1","1","2"
"六年六月丁丑","1","1","2"
"洪武六年十一","1","1","2"
"武六年十一月","1","1","2"
"六年十一月戊","1","1","2"
"年十一月戊申","1","1","2"
"十三年五月甲","1","1","2"
"三年五月甲午","1","1","2"
"十八年二月甲","1","1","2"
"八年二月甲午","1","1","2"
"正统八年五月","1","1","2"
"统八年五月戊","1","1","2"
"八年五月戊寅","1","1","2"
"雷震奉天殿鸱","2","0","2"
"震奉天殿鸱吻","2","0","2"
"南京西角门楼","1","1","2"
"九年正月辛亥","1","1","2"
"年正月辛亥朔","1","1","2"
"一年十二月壬","1","1","2"
"景泰三年六月","1","1","2"
"泰三年六月庚","1","1","2"
"三年六月庚寅","1","1","2"
"天顺二年六月","1","1","2"
"顺二年六月己","1","1","2"
"二年六月己卯","1","1","2"
"四年六月癸丑","1","1","2"
"化三年六月戊","1","1","2"
"三年六月戊申","1","1","2"
"雷震南京午门","2","0","2"
"山川坛具服殿","1","1","2"
"十一月辛未冬","1","1","2"
"七年七月己亥","1","1","2"
"元年五月丙子","1","1","2"
"三年七月壬子","1","1","2"
"七年六月癸酉","1","1","2"
"八年十二月丙","1","1","2"
"年十二月丙子","1","1","2"
"四年闰七月庚","1","1","2"
"年闰七月庚辰","1","1","2"
"正德元年五月","1","1","2"
"德元年五月壬","1","1","2"
"元年五月壬辰","1","1","2"
"暴风折郊坛松","2","0","2"
"风折郊坛松柏","2","0","2"
"十二月己巳朔","1","1","2"
"五年六月丙申","1","1","2"
"万全卫柴沟堡","1","1","2"
"十年闰四月甲","1","1","2"
"年闰四月甲申","1","1","2"
"十二年八月癸","1","1","2"
"二年八月癸亥","1","1","2"
"十年六月丁巳","1","1","2"
"十五年六月甲","1","1","2"
"五年六月甲申","1","1","2"
"雷击南京西上","1","1","2"
"击南京西上门","1","1","2"
"南京西上门兽","1","1","2"
"京西上门兽吻","1","1","2"
"六年五月戊戌","1","1","2"
"十八年六月丁","1","1","2"
"八年六月丁酉","1","1","2"
"年六月丁酉朔","1","1","2"
"三年四月乙亥","1","1","2"
"三十八年六月","1","1","2"
"八年六月丙寅","1","1","2"
"雷击奉先殿门","1","1","2"
"击奉先殿门外","1","1","2"
"四年六月辛酉","1","1","2"
"雷击圜丘广利","1","1","2"
"击圜丘广利门","1","1","2"
"万历三年六月","1","1","2"
"历三年六月己","1","1","2"
"三年六月己卯","1","1","2"
"十三年七月戊","1","1","2"
"三年七月戊子","1","1","2"
"斋宫北门兽吻","1","1","2"
"十九年五月甲","1","1","2"
"九年五月甲戌","1","1","2"
"十二年六月己","1","1","2"
"二年六月己酉","1","1","2"
"十四年二月己","1","1","2"
"四年二月己酉","1","1","2"
"二十五年七月","1","1","2"
"十五年七月庚","1","1","2"
"五年七月庚寅","1","1","2"
"年七月庚寅朔","1","1","2"
"毁黄花镇台垣","1","1","2"
"十三年五月庚","1","1","2"
"三年五月庚子","1","1","2"
"三十七年八月","1","1","2"
"七年八月甲寅","1","1","2"
"昌元年十月己","1","1","2"
"崇祯六年十二","1","1","2"
"祯六年十二月","1","1","2"
"六年十二月丁","1","1","2"
"年十二月丁亥","1","1","2"
"九年正月甲戌","1","1","2"
"十月乙未立冬","1","1","2"
"四年四月癸丑","1","1","2"
"宣府西门城楼","1","1","2"
"十六年五月癸","1","1","2"
"靖四十一年二","1","1","2"
"四十一年二月","1","1","2"
"一年二月乙亥","1","1","2"
"崇祯十年三月","1","1","2"
"洪武五年六月","1","1","2"
"四十三年七月","1","1","2"
"四十四年四月","1","1","2"
"四十七年八月","1","1","2"
"四十七年六月","1","1","2"
"天启三年七月","1","1","2"
"崇祯元年三月","1","1","2"
"成化五年六月","1","1","2"
"弘治九年六月","1","1","2"
"治九年六月庚","1","1","2"
"九年六月庚辰","1","1","2"
"十八年五月辛","1","1","2"
"八年五月辛卯","1","1","2"
"德七年六月丁","1","1","2"
"七年六月丁卯","1","1","2"
"十二年六月癸","1","1","2"
"二年六月癸亥","1","1","2"
"三年五月癸丑","1","1","2"
"嘉靖四十年五","1","1","2"
"靖四十年五月","1","1","2"
"四十年五月癸","1","1","2"
"十年五月癸酉","1","1","2"
"万历十四年七","1","1","2"
"历十四年七月","1","1","2"
"十四年七月戊","1","1","2"
"四年七月戊申","1","1","2"
"十九年六月己","1","1","2"
"九年六月己未","1","1","2"
"一年五月戊戌","1","1","2"
"平地水高十丈","1","1","2"
"安丘青河村青","1","1","2"
"宣德七年五月","1","1","2"
"弘治元年二月","1","1","2"
"武二十四年八","1","1","2"
"天顺四年四月","1","1","2"
"妇人肋下生瘤","1","1","2"
"弘治十一年六","1","1","2"
"治十一年六月","1","1","2"
"左卫百户黄盛","1","1","2"
"一产三男一女","2","0","2"
"嘉靖二年六月","1","1","2"
"曲靖卫舍人胡","1","1","2"
"靖卫舍人胡晟","1","1","2"
"贵州安卫军李","1","1","2"
"州安卫军李华","1","1","2"
"大同右卫参将","1","1","2"
"同右卫参将马","1","1","2"
"右卫参将马继","1","1","2"
"卫参将马继舍","1","1","2"
"参将马继舍人","1","1","2"
"将马继舍人马","1","1","2"
"马继舍人马录","1","1","2"
"死者三万余人","2","0","2"
"天顺五年四月","1","1","2"
"成化十一年八","1","1","2"
"化十一年八月","1","1","2"
"四千一百二十","1","1","2"
"千一百二十八","1","1","2"
"一百二十八人","1","1","2"
"万历十年四月","1","1","2"
"洪武五年八月","1","1","2"
"武五年八月己","1","1","2"
"五年八月己酉","1","1","2"
"天顺六年九月","1","1","2"
"顺六年九月乙","1","1","2"
"六年九月乙巳","1","1","2"
"十三年正月甲","1","1","2"
"三年正月甲子","1","1","2"
"十四年八月戊","1","1","2"
"四年八月戊戌","1","1","2"
"弘治六年六月","1","1","2"
"治六年六月丁","1","1","2"
"六年六月丁卯","1","1","2"
"历十二年十二","1","1","2"
"二年十二月己","1","1","2"
"启七年八月丁","1","1","2"
"七年八月丁巳","1","1","2"
"崇祯十二年十","1","1","2"
"祯十二年十二","1","1","2"
"二年十二月乙","1","1","2"
"十三年二月壬","1","1","2"
"三年二月壬子","1","1","2"
"化六年六月壬","1","1","2"
"六年六月壬申","1","1","2"
"十四年六月辛","1","1","2"
"县东南三十里","1","1","2"
"十三年五月壬","1","1","2"
"三年五月壬寅","1","1","2"
"四年十月丁巳","1","1","2"
"十年二月丙申","1","1","2"
"十二年五月戊","1","1","2"
"二年五月戊寅","1","1","2"
"正德元年八月","1","1","2"
"德元年八月壬","1","1","2"
"元年八月壬戌","1","1","2"
"九年五月己卯","1","1","2"
"嘉靖十二年五","1","1","2"
"靖十二年五月","1","1","2"
"十二年五月丁","1","1","2"
"庆二年三月己","1","1","2"
"万历三年五月","1","1","2"
"历三年五月癸","1","1","2"
"十七年九月戊","1","1","2"
"七年九月戊午","1","1","2"
"十九年四月辛","1","1","2"
"九年四月辛酉","1","1","2"
"十四年正月丁","1","1","2"
"四年正月丁丑","1","1","2"
"洪武元年六月","1","1","2"
"武元年六月戊","1","1","2"
"衢州府龙游县","1","1","2"
"嘉定府龙游县","1","1","2"
"定府龙游县洋","1","1","2"
"十四年八月庚","1","1","2"
"四年八月庚辰","1","1","2"
"十七年八月丙","1","1","2"
"七年八月丙寅","1","1","2"
"三年正月庚寅","1","1","2"
"二十四年十月","1","1","2"
"三十年八月丁","1","1","2"
"十年八月丁亥","1","1","2"
"永乐元年五月","2","0","2"
"决渲马滩圩岸","1","1","2"
"高邮甓社等九","1","1","2"
"邮甓社等九湖","1","1","2"
"河岸五十四处","1","1","2"
"直亭等河口八","1","1","2"
"亭等河口八十","1","1","2"
"等河口八十九","1","1","2"
"河口八十九处","1","1","2"
"三百六十余人","2","0","2"
"宋家等口堤岸","1","1","2"
"宣德元年六七","1","1","2"
"德元年六七月","1","1","2"
"保定三府州县","1","1","2"
"扬子江沙洲潮","1","1","2"
"子江沙洲潮水","1","1","2"
"山东金龙口阳","1","1","2"
"东金龙口阳谷","1","1","2"
"景泰元年七月","1","1","2"
"沙湾白马头七","1","1","2"
"湾白马头七十","1","1","2"
"平地水高一丈","1","1","2"
"二千五百余人","2","0","2"
"长八百五十丈","1","1","2"
"开封护城堤五","1","1","2"
"封护城堤五十","1","1","2"
"居庸关水门四","1","1","2"
"庸关水门四十","1","1","2"
"关水门四十九","1","1","2"
"淹死二百六十","1","1","2"
"平地水高四尺","1","1","2"
"陕西五郎坝大","1","1","2"
"西五郎坝大水","1","1","2"
"十六年七月丙","1","1","2"
"六年七月丙辰","1","1","2"
"新河鲇鱼口沉","1","1","2"
"仲家浅等漕堤","1","1","2"
"丰利等盐场三","1","1","2"
"利等盐场三十","1","1","2"
"淹死二千六百","1","1","2"
"太平五府江湖","1","1","2"
"平五府江湖泛","1","1","2"
"二十三年四月","1","1","2"
"三十二年六月","1","1","2"
"三十五年六月","1","1","2"
"四十六年八月","1","1","2"
"祯元年七月壬","1","1","2"
"元年七月壬午","1","1","2"
"五年六月壬申","1","1","2"
"天顺二年十二","1","1","2"
"顺二年十二月","1","1","2"
"二年十二月癸","1","1","2"
"弘治十四年八","1","1","2"
"治十四年八月","1","1","2"
"十四年八月丙","1","1","2"
"四年八月丙辰","1","1","2"
"叙州东南二河","1","1","2"
"正德十年七月","1","1","2"
"历二十二年四","1","1","2"
"南京正阳门水","1","1","2"
"十五年八月甲","1","1","2"
"五年八月甲申","1","1","2"
"临清砖板二闸","1","1","2"
"河州莲花寨黄","1","1","2"
"州莲花寨黄河","1","1","2"
"一年二月乙卯","1","1","2"
"宣德元年二月","1","1","2"
"德元年二月戊","1","1","2"
"元年二月戊子","1","1","2"
"正统元年九月","1","1","2"
"统元年九月辛","1","1","2"
"元年九月辛亥","1","1","2"
"二年八月甲申","1","1","2"
"泰元年二月壬","1","1","2"
"元年二月壬寅","1","1","2"
"二年四月庚辰","1","1","2"
"顺五年七月己","1","1","2"
"五年七月己亥","1","1","2"
"年七月己亥朔","1","1","2"
"成化七年四月","1","1","2"
"化七年四月丙","1","1","2"
"七年四月丙辰","1","1","2"
"八年三月庚子","1","1","2"
"十二年七月庚","1","1","2"
"二年七月庚戌","1","1","2"
"弘治五年二月","1","1","2"
"治五年二月己","1","1","2"
"五年二月己巳","1","1","2"
"六年八月壬申","1","1","2"
"十四年四月辛","1","1","2"
"六年二月庚子","1","1","2"
"德七年六月壬","1","1","2"
"七年六月壬戌","1","1","2"
"十二年闰十二","1","1","2"
"二年闰十二月","1","1","2"
"年闰十二月丁","1","1","2"
"闰十二月丁丑","1","1","2"
"八年十月癸巳","1","1","2"
"三十七年三月","1","1","2"
"十三年正月丁","1","1","2"
"三年正月丁卯","1","1","2"
"吴元年十二月","2","0","2"
"元年十二月辛","1","1","2"
"年十二月辛酉","1","1","2"
"中书左相国李","1","1","2"
"书左相国李善","1","1","2"
"相国李善长率","1","1","2"
"李善长率礼官","1","1","2"
"列甲士午门外","2","0","2"
"五辂奉天门外","2","0","2"
"丹墀左右布黄","2","0","2"
"墀左右布黄麾","2","0","2"
"左右布黄麾仗","2","0","2"
"朱雀玄武幢等","1","1","2"
"奉天殿门丹陛","2","0","2"
"奉天门外中道","1","1","2"
"左右布旗六十","1","1","2"
"右布旗六十四","1","1","2"
"拱卫司设五辂","2","0","2"
"殿上左右内使","1","1","2"
"上左右内使监","1","1","2"
"左右内使监陈","1","1","2"
"右内使监陈设","1","1","2"
"声郎陈乐丹墀","2","0","2"
"具服幄殿一座","1","1","2"
"摆锡明甲一百","1","1","2"
"锡明甲一百副","1","1","2"
"铜带靴履鞋一","1","1","2"
"带靴履鞋一副","1","1","2"
"金龙响节二十","1","1","2"
"龙响节二十四","1","1","2"
"仪仗三十六人","1","1","2"
"丹墀仪仗五十","1","1","2"
"墀仪仗五十八","1","1","2"
"仪仗五十八人","1","1","2"
"青杂花团扇四","1","1","2"
"红纸油灯笼六","1","1","2"
"红罗销金边圆","1","1","2"
"罗销金边圆伞","1","1","2"
"红罗绣孔雀方","1","1","2"
"罗绣孔雀方扇","1","1","2"
"红罗绣四季花","1","1","2"
"罗绣四季花团","1","1","2"
"绣四季花团扇","1","1","2"
"青色白泽旗二","1","1","2"
"亲王仪仗内交","1","1","2"
"王仪仗内交椅","1","1","2"
"仗内红销金伞","1","1","2"
"红销金圆伞一","1","1","2"
"红绣花圆扇四","1","1","2"
"红彩画云凤伞","1","1","2"
"彩画云凤伞一","1","1","2"
"青孔雀圆扇四","1","1","2"
"银一百六十两","1","1","2"
"宗室分封渐多","1","1","2"
"高一丈三尺九","1","1","2"
"八尺二寸五分","1","1","2"
"座高四尺一寸","1","1","2"
"四垂意滴珠板","2","0","2"
"辕长二丈二尺","1","1","2"
"长二丈二尺九","1","1","2"
"二丈二尺九寸","1","1","2"
"抹金铜鈒莲花","2","0","2"
"金铜鈒莲花瓣","2","0","2"
"铜鈒莲花瓣轮","2","0","2"
"鈒莲花瓣轮盘","2","0","2"
"高五尺一寸九","1","1","2"
"五尺一寸九分","1","1","2"
"二尺四寸九分","1","1","2"
"雕木沉香色描","2","0","2"
"木沉香色描金","2","0","2"
"上雕描金云龙","2","0","2"
"槅雕描金云龙","2","0","2"
"地雕木贴金云","2","0","2"
"木贴金云龙文","2","0","2"
"贴金云龙文三","2","0","2"
"金云龙文三层","2","0","2"
"衬板八十一片","1","1","2"
"亭前左右转角","2","0","2"
"前左右转角阑","2","0","2"
"雕木贴金蹲龙","2","0","2"
"阑干内四周布","2","0","2"
"斿内外绣升龙","2","0","2"
"内外绣升龙一","2","0","2"
"左旗腰绣日月","2","0","2"
"右旗腰绣黻字","2","0","2"
"缀抹金铜铃二","2","0","2"
"丈二尺五寸九","1","1","2"
"二尺五寸九分","1","1","2"
"八尺九寸五分","1","1","2"
"辇座高三尺四","1","1","2"
"座高三尺四寸","1","1","2"
"高六尺四寸奇","2","0","2"
"长五尺四寸奇","2","0","2"
"四周红髹条环","2","0","2"
"周红髹条环板","2","0","2"
"外红帘十二扇","2","0","2"
"辇顶圆盘高二","2","0","2"
"顶圆盘高二尺","2","0","2"
"高二尺六寸奇","2","0","2"
"辇亭高五尺五","1","1","2"
"亭高五尺五寸","1","1","2"
"高一丈三尺二","1","1","2"
"一丈三尺二寸","1","1","2"
"辇座高三尺二","1","1","2"
"高三尺二寸奇","2","0","2"
"贴金仰覆莲座","2","0","2"
"雕木线金五彩","2","0","2"
"辕长三丈五尺","1","1","2"
"长三丈五尺九","1","1","2"
"三丈五尺九寸","1","1","2"
"辕长二丈九尺","1","1","2"
"长二丈九尺五","1","1","2"
"二丈九尺五寸","1","1","2"
"柱长六尺二寸","1","1","2"
"四周雕木沉香","2","0","2"
"周雕木沉香色","2","0","2"
"门旁红髹十字","2","0","2"
"旁红髹十字槅","2","0","2"
"红髹十字槅二","2","0","2"
"色描金云龙板","2","0","2"
"雕沉香色描金","2","0","2"
"丈二尺五寸奇","2","0","2"
"长四丈三尺五","1","1","2"
"辕长三丈六尺","1","1","2"
"长三丈六尺五","1","1","2"
"三丈六尺五寸","1","1","2"
"辇亭高六尺五","1","1","2"
"亭高六尺五寸","1","1","2"
"高五尺八寸奇","2","0","2"
"辇顶高二尺七","1","1","2"
"顶高二尺七寸","1","1","2"
"镀金铜宝珠顶","2","0","2"
"四角镀金铜云","2","0","2"
"一字带转角阑","2","0","2"
"字带转角阑干","2","0","2"
"带转角阑干一","2","0","2"
"黄织金绮坐褥","2","0","2"
"耒耜穜稑种置","2","0","2"
"耜穜稑种置彩","2","0","2"
"穜稑种置彩舆","2","0","2"
"高一丈一尺三","1","1","2"
"一丈一尺三寸","1","1","2"
"长一丈九尺六","1","1","2"
"一丈九尺六寸","1","1","2"
"亭高五尺八寸","1","1","2"
"高四尺五寸奇","2","0","2"
"金边耀叶板七","2","0","2"
"边耀叶板七十","2","0","2"
"耀叶板七十二","2","0","2"
"叶板七十二片","2","0","2"
"饰青地雕木五","2","0","2"
"青地雕木五彩","2","0","2"
"地雕木五彩云","2","0","2"
"五彩云衬板七","2","0","2"
"彩云衬板七十","2","0","2"
"云衬板七十二","2","0","2"
"盘四角连辂座","2","0","2"
"四角连辂座板","2","0","2"
"柱首雕木红莲","2","0","2"
"首雕木红莲花","2","0","2"
"线金青绿装莲","2","0","2"
"金青绿装莲花","2","0","2"
"青绿装莲花抱","2","0","2"
"绿装莲花抱柱","2","0","2"
"长一丈六尺七","1","1","2"
"一丈六尺七寸","1","1","2"
"车亭高四尺四","1","1","2"
"亭高四尺四寸","1","1","2"
"五彩花板十二","1","1","2"
"彩花板十二片","1","1","2"
"抹金铜宝珠顶","2","0","2"
"高一丈二尺二","1","1","2"
"一丈二尺二寸","1","1","2"
"红毯红锦褥席","1","1","2"
"攀顶红线圆条","2","0","2"
"顶红线圆条四","2","0","2"
"上施红绮沥水","2","0","2"
"施红绮沥水三","2","0","2"
"红绮沥水三层","2","0","2"
"亭高五尺二寸","1","1","2"
"衬板六十三片","1","1","2"
"定皇太孙婚礼","1","1","2"
"皇太孙婚礼仪","1","1","2"
"太孙婚礼仪仗","1","1","2"
"文职大臣乘轿","1","1","2"
"礼部侍郎刘机","1","1","2"
"定轿扇伞盖品","1","1","2"
"轿扇伞盖品级","1","1","2"
"礼部尚书霍韬","1","1","2"
"劾应城伯孙文","1","1","2"
"应城伯孙文栋","1","1","2"
"城伯孙文栋等","1","1","2"
"伯孙文栋等乘","1","1","2"
"孙文栋等乘轿","1","1","2"
"令京城内一品","1","1","2"
"京城内一品二","1","1","2"
"城内一品二品","1","1","2"
"〈革占〉油画","2","0","2"
"江南等处儒学","1","1","2"
"南等处儒学提","1","1","2"
"等处儒学提举","1","1","2"
"令司察举贤才","2","0","2"
"税户人才郑沂","1","1","2"
"经明行修练达","2","0","2"
"明行修练达时","2","0","2"
"行修练达时务","2","0","2"
"修练达时务士","2","0","2"
"置翰林备顾问","2","0","2"
"翰林院堂上官","1","1","2"
"林院堂上官考","1","1","2"
"院堂上官考试","1","1","2"
"广东举人陈献","1","1","2"
"东举人陈献章","1","1","2"
"浙江儒士潘辰","1","1","2"
"南直隶生员文","1","1","2"
"直隶生员文征","1","1","2"
"隶生员文征明","1","1","2"
"永嘉儒士叶幼","1","1","2"
"嘉儒士叶幼学","1","1","2"
"湖广举人瞿九","1","1","2"
"广举人瞿九思","1","1","2"
"江西举人刘元","1","1","2"
"西举人刘元卿","1","1","2"
"举人刘元卿授","1","1","2"
"江西处士章潢","1","1","2"
"授顺天府训导","1","1","2"
"直隶处士陈继","1","1","2"
"隶处士陈继儒","1","1","2"
"四川举人杨思","1","1","2"
"川举人杨思心","1","1","2"
"举人杨思心等","1","1","2"
"吏部会同三品","1","1","2"
"静宁等六十一","1","1","2"
"宁等六十一处","1","1","2"
"文选员外郎倪","1","1","2"
"选员外郎倪斯","1","1","2"
"员外郎倪斯蕙","1","1","2"
"外郎倪斯蕙条","1","1","2"
"尚书李戴拟行","1","1","2"
"两京五部主事","1","1","2"
"台省新旧人数","1","1","2"
"尚书闵洪学请","1","1","2"
"洪武十七年命","1","1","2"
"命天下朝觐官","2","0","2"
"天下朝觐官举","2","0","2"
"京官文职七品","1","1","2"
"国公张辅等言","2","0","2"
"都御史李宾请","2","0","2"
"年御史马文升","1","1","2"
"两京府部堂上","1","1","2"
"田粮十五万石","1","1","2"
"四千一百一十","1","1","2"
"千一百一十七","1","1","2"
"次考未经考核","2","0","2"
"定外官三年一","2","0","2"
"工部尚书朱守","1","1","2"
"部尚书朱守仁","1","1","2"
"谕吏部尚书蹇","1","1","2"
"部尚书蹇义严","1","1","2"
"一千一百三十","1","1","2"
"千一百三十五","1","1","2"
"京吏部尚书林","1","1","2"
"三年一次考察","1","1","2"
"两京五品下官","2","0","2"
"勋戚驸马子孙","1","1","2"
"镇守官奏带旧","1","1","2"
"科道会同兵部","1","1","2"
"军都督府掌印","1","1","2"
"锦衣卫管戎务","1","1","2"
"朝列大夫澧州","1","1","2"
"列大夫澧州知","1","1","2"
"大夫澧州知州","1","1","2"
"省司郎中宋冕","1","1","2"
"亚中大夫黄州","1","1","2"
"中大夫黄州知","1","1","2"
"武官应直守卫","2","0","2"
"官应直守卫者","2","0","2"
"展角长一尺二","1","1","2"
"角长一尺二寸","1","1","2"
"令锦衣卫指挥","1","1","2"
"主仪宾鈒花金","2","0","2"
"仪宾鈒花金带","2","0","2"
"珠翠蹙金霞帔","1","1","2"
"生色画绢花妆","2","0","2"
"色画绢花妆饰","2","0","2"
"翠云喜花三朵","2","0","2"
"后鬓珠梭球一","1","1","2"
"纻丝绫罗纱随","2","0","2"
"霞帔上施蹙金","2","0","2"
"褙子上施金绣","2","0","2"
"子上施金绣云","2","0","2"
"上施金绣云霞","2","0","2"
"特髻上金孔雀","2","0","2"
"蹙金云霞孔雀","1","1","2"
"金绣云霞孔雀","2","0","2"
"褙子上施云霞","2","0","2"
"镀金银练鹊三","2","0","2"
"镀金银练鹊二","2","0","2"
"银间镀金银练","2","0","2"
"间镀金银练鹊","2","0","2"
"上带金宝钿花","2","0","2"
"带金宝钿花八","2","0","2"
"冠抹金银事件","2","0","2"
"上带抹金银宝","2","0","2"
"带抹金银宝钿","2","0","2"
"抹金银宝钿花","2","0","2"
"金银宝钿花八","2","0","2"
"口衔珠结子二","2","0","2"
"戴乌纱小顶帽","1","1","2"
"文武一品官所","1","1","2"
"缕金额交脚幞","1","1","2"
"金额交脚幞头","1","1","2"
"大象牙雕花环","1","1","2"
"人戴四方平定","1","1","2"
"戴四方平定巾","1","1","2"
"皮札〈革翁〉","2","0","2"
"红罗销金抹额","2","0","2"
"罗生色画花大","2","0","2"
"生色画花大袖","2","0","2"
"色画花大袖衫","2","0","2"
"十字泥金数珠","1","1","2"
"诸色细摺袄子","2","0","2"
"文武二舞乐工","2","0","2"
"罗销金胸背袄","2","0","2"
"销金胸背袄子","2","0","2"
"伍鲁速回回舞","1","1","2"
"鲁速回回舞四","1","1","2"
"速回回舞四人","1","1","2"
"里罕棉布花手","1","1","2"
"罕棉布花手巾","1","1","2"
"罗胸背小袖袍","1","1","2"
"丝彩画百花袍","1","1","2"
"洪武十五年定","2","0","2"
"红绢彩画胸背","1","1","2"
"定旗手卫军士","1","1","2"
"赐琉球中山王","1","1","2"
"道监察御史一","1","1","2"
"监察御史一百","1","1","2"
"天子耳目风纪","1","1","2"
"察纠内外百司","1","1","2"
"都察院衙门分","1","1","2"
"察院衙门分属","1","1","2"
"院衙门分属河","1","1","2"
"衙门分属河南","1","1","2"
"门分属河南道","1","1","2"
"察院监察御史","1","1","2"
"遣监察御史巡","1","1","2"
"监察御史巡按","1","1","2"
"察御史巡按州","1","1","2"
"设监察都御史","1","1","2"
"监察都御史八","1","1","2"
"察都御史八人","1","1","2"
"左副都御史袁","1","1","2"
"副都御史袁泰","1","1","2"
"都御史袁泰言","2","0","2"
"铸监察御史印","1","1","2"
"道监察御史印","1","1","2"
"曰巡按处监察","2","0","2"
"巡按处监察御","2","0","2"
"按处监察御史","2","0","2"
"处监察御史印","1","1","2"
"副都御史三人","1","1","2"
"右都御史三人","1","1","2"
"置京畿都漕运","1","1","2"
"京畿都漕运司","1","1","2"
"设漕运总兵官","1","1","2"
"都御史巡抚宣","1","1","2"
"御史巡抚宣大","1","1","2"
"遣重臣总督陕","1","1","2"
"重臣总督陕西","1","1","2"
"左都御史王越","1","1","2"
"初称提督军务","1","1","2"
"福宁海道都御","1","1","2"
"宁海道都御史","1","1","2"
"始专设都御史","1","1","2"
"提督山海军务","1","1","2"
"另设大同巡抚","1","1","2"
"遣都御史安抚","1","1","2"
"都察院等衙门","1","1","2"
"事关机密重大","1","1","2"
"置提督誊黄右","1","1","2"
"提督誊黄右通","1","1","2"
"督誊黄右通政","1","1","2"
"录武官黄卫所","1","1","2"
"十三布政司刑","1","1","2"
"五军断事官所","1","1","2"
"通事舍人二人","1","1","2"
"左清纪郎一人","1","1","2"
"编纂六曹章奏","2","0","2"
"典籍同左春坊","1","1","2"
"籍同左春坊左","1","1","2"
"同左春坊左司","1","1","2"
"春坊左司直郎","1","1","2"
"平驳诸司文章","1","1","2"
"驳诸司文章事","1","1","2"
"习礼设杨士奇","2","0","2"
"吏部两侍郎必","1","1","2"
"承敕监等近侍","1","1","2"
"礼二部侍郎二","1","1","2"
"二部侍郎二人","1","1","2"
"季呈翰林院考","1","1","2"
"讲说经义文字","1","1","2"
"孟三家子孙徭","1","1","2"
"三家子孙徭役","1","1","2"
"加一品金织衣","1","1","2"
"儒子孙聪明俊","1","1","2"
"子孙聪明俊秀","1","1","2"
"大带素表朱里","2","0","2"
"玉圭长一尺二","1","1","2"
"瑑饰云龙文描","2","0","2"
"饰云龙文描金","2","0","2"
"衣裳分上下服","1","1","2"
"缝冠武贯簪系","2","0","2"
"冠武贯簪系缨","2","0","2"
"武贯簪系缨处","2","0","2"
"示十三布政使","1","1","2"
"十三布政使司","1","1","2"
"载皇太孙冠礼","1","1","2"
"掌冠跪加网巾","1","1","2"
"珠翠云四十片","2","0","2"
"上饰珠宝钿花","2","0","2"
"里金口圈一副","1","1","2"
"珠翠面花五事","2","0","2"
"真红大袖衣霞","1","1","2"
"红大袖衣霞帔","1","1","2"
"珠翠穰花鬓二","2","0","2"
"织金采色云龙","2","0","2"
"金采色云龙文","2","0","2"
"金垂头花瓣四","1","1","2"
"金方心云板一","1","1","2"
"缀白玉云朵五","1","1","2"
"玉圭长九寸五","1","1","2"
"玉圭长九寸二","1","1","2"
"圭长九寸二分","1","1","2"
"长九寸二分五","1","1","2"
"九寸二分五厘","1","1","2"
"嘉靖七年定保","2","0","2"
"靖七年定保冠","2","0","2"
"七年定保冠服","2","0","2"
"馀亲王世子同","2","0","2"
"服亲王世子同","2","0","2"
"大红纻丝大衫","2","0","2"
"深青纻丝金绣","2","0","2"
"国将军夫人同","2","0","2"
"奉国中尉安人","1","1","2"
"惟大衫丹矾红","2","0","2"
"霞帔金绣练鹊","2","0","2"
"帔金绣练鹊文","2","0","2"
"二百七十年间","1","1","2"
"县学诸生入国","2","0","2"
"举人赵惟一等","1","1","2"
"天下按察司选","1","1","2"
"县学岁贡生员","1","1","2"
"命大都督府选","1","1","2"
"命韩国公李善","2","0","2"
"国公李善长等","1","1","2"
"国子生林伯云","1","1","2"
"子生林伯云等","1","1","2"
"生林伯云等三","1","1","2"
"林伯云等三百","1","1","2"
"伯云等三百六","1","1","2"
"云等三百六十","1","1","2"
"等三百六十六","1","1","2"
"三百六十六人","1","1","2"
"百六十六人分","1","1","2"
"南北祭酒陈敬","1","1","2"
"北祭酒陈敬宗","1","1","2"
"副榜举人龙文","1","1","2"
"榜举人龙文等","1","1","2"
"举人龙文等二","1","1","2"
"人龙文等二十","1","1","2"
"龙文等二十四","1","1","2"
"文等二十四人","1","1","2"
"定府学岁二人","2","0","2"
"州学二岁三人","2","0","2"
"照洪武二十一","1","1","2"
"照洪武二十五","1","1","2"
"祭酒程文德请","1","1","2"
"南京祭酒潘晟","1","1","2"
"皆荫一子世禄","2","0","2"
"正德十六年定","2","0","2"
"中书舍人习字","1","1","2"
"英等五人成进","1","1","2"
"等五人成进士","1","1","2"
"六科办事监生","1","1","2"
"科办事监生二","1","1","2"
"办事监生二十","1","1","2"
"事监生二十人","1","1","2"
"监生三百八十","1","1","2"
"生三百八十人","1","1","2"
"李时勉先后题","1","1","2"
"时勉先后题请","1","1","2"
"部尚书倪岳覆","1","1","2"
"尚书倪岳覆奏","1","1","2"
"提学御史胡时","1","1","2"
"学御史胡时善","1","1","2"
"随御史刷卷一","1","1","2"
"御史刷卷一百","1","1","2"
"史刷卷一百七","1","1","2"
"刷卷一百七十","1","1","2"
"卷一百七十八","1","1","2"
"一百七十八名","1","1","2"
"工部清匠六十","1","1","2"
"部清匠六十名","1","1","2"
"教官四千二百","1","1","2"
"儒学军生二十","1","1","2"
"学军生二十人","1","1","2"
"赐敕谕十八条","1","1","2"
"转送巡按御史","1","1","2"
"生员入学十年","1","1","2"
"文字纯正典雅","1","1","2"
"宗室中推举一","1","1","2"
"室中推举一人","1","1","2"
"民间幼童十五","1","1","2"
"大宁等卫儒学","1","1","2"
"骁勇都指挥等","1","1","2"
"勇都指挥等官","1","1","2"
"都指挥等官五","1","1","2"
"指挥等官五十","1","1","2"
"挥等官五十一","1","1","2"
"大小武官子弟","1","1","2"
"都指挥执弟子","1","1","2"
"士杨士奇等参","1","1","2"
"盖殿大学士杨","1","1","2"
"殿大学士杨士","1","1","2"
"戚文武大臣加","1","1","2"
"文武大臣加官","1","1","2"
"大学士一人撰","1","1","2"
"学士一人撰文","1","1","2"
"六部承奉意旨","1","1","2"
"寻增侍郎一人","2","0","2"
"云南十三清吏","1","1","2"
"南十三清吏司","1","1","2"
"北直隶府州卫","1","1","2"
"精膳四清吏司","1","1","2"
"赐衍圣公三台","1","1","2"
"衍圣公三台银","1","1","2"
"圣公三台银印","1","1","2"
"四夷馆译字生","1","1","2"
"武选司员外郎","1","1","2"
"增设职方司员","1","1","2"
"设职方司员外","1","1","2"
"职方司员外郎","1","1","2"
"方司员外郎一","1","1","2"
"试经史时务策","1","1","2"
"经史时务策五","1","1","2"
"三甲考选庶吉","1","1","2"
"甲考选庶吉士","1","1","2"
"午门外张挂黄","1","1","2"
"门外张挂黄榜","1","1","2"
"令入禁中文华","2","0","2"
"入禁中文华堂","2","0","2"
"禁中文华堂肄","2","0","2"
"中文华堂肄业","2","0","2"
"太子赞善大夫","1","1","2"
"子赞善大夫宋","1","1","2"
"赞善大夫宋濂","1","1","2"
"善大夫宋濂等","1","1","2"
"一甲进士丁显","1","1","2"
"甲进士丁显等","1","1","2"
"承敕监等衙门","1","1","2"
"大理寺等衙门","1","1","2"
"江西六十五名","1","1","2"
"四百七十二人","1","1","2"
"信蹈所取宋琮","1","1","2"
"蹈所取宋琮等","1","1","2"
"所取宋琮等五","1","1","2"
"取宋琮等五十","1","1","2"
"宋琮等五十二","1","1","2"
"琮等五十二人","1","1","2"
"侍读张信等十","1","1","2"
"读张信等十二","1","1","2"
"张信等十二人","1","1","2"
"取任伯安等六","1","1","2"
"任伯安等六十","1","1","2"
"伯安等六十一","1","1","2"
"安等六十一人","1","1","2"
"刑部侍郎罗绮","1","1","2"
"取一百五十名","1","1","2"
"部尚书胡濙请","2","0","2"
"杨相等五十人","1","1","2"
"相等共二十八","1","1","2"
"等共二十八人","1","1","2"
"定纂修专选进","1","1","2"
"纂修专选进士","1","1","2"
"代宰辅一百七","1","1","2"
"宰辅一百七十","1","1","2"
"靖二十三年廷","1","1","2"
"二十三年廷试","1","1","2"
"劾会试考官少","1","1","2"
"会试考官少詹","1","1","2"
"试考官少詹事","1","1","2"
"考官少詹事江","1","1","2"
"官少詹事江汝","1","1","2"
"顺天乡试考官","1","1","2"
"天乡试考官秦","1","1","2"
"一甲第二人第","2","0","2"
"右庶子黄洪宪","1","1","2"
"庶子黄洪宪主","1","1","2"
"劾举人李鸿等","1","1","2"
"刑部主事饶伸","1","1","2"
"事中华昶劾敏","2","0","2"
"中华昶劾敏政","2","0","2"
"华昶劾敏政鬻","2","0","2"
"昶劾敏政鬻题","2","0","2"
"部尚书严嵩连","1","1","2"
"广东巡按御史","1","1","2"
"应天主考中允","1","1","2"
"顺天主考高汝","1","1","2"
"天主考高汝愚","1","1","2"
"党吏部侍郎王","1","1","2"
"吏部侍郎王篆","1","1","2"
"三十八年会试","1","1","2"
"四十四年会试","1","1","2"
"所取举人钱千","1","1","2"
"取举人钱千秋","1","1","2"
"宣德五年庚戌","1","1","2"
"公陵驿丞郑温","1","1","2"
"年兵部尚书徐","1","1","2"
"十三年户部侍","1","1","2"
"三年户部侍郎","1","1","2"
"天顺元年丁丑","1","1","2"
"卷左都御史杨","1","1","2"
"正德三年戊辰","1","1","2"
"嘉靖八年己丑","1","1","2"
"任瀚六人对策","1","1","2"
"胡经等共二十","1","1","2"
"经等共二十人","1","1","2"
"大臣徇私选取","1","1","2"
"考选庶吉士题","1","1","2"
"四十四年乙丑","1","1","2"
"十四年乙丑廷","1","1","2"
"四年乙丑廷试","1","1","2"
"礼部尚书顾秉","1","1","2"
"部尚书顾秉谦","1","1","2"
"知贡举礼部侍","1","1","2"
"贡举礼部侍郎","1","1","2"
"举礼部侍郎林","1","1","2"
"礼部侍郎林钎","1","1","2"
"举人颜茂猷文","1","1","2"
"令天下文武官","1","1","2"
"隶巡按御史考","1","1","2"
"巡按御史考试","1","1","2"
"礼部尚书傅瀚","1","1","2"
"依周尺方五寸","2","0","2"
"镀金银册二片","1","1","2"
"册盝饰浑金沥","2","0","2"
"浑金沥粉蟠凤","1","1","2"
"杀皇妃五分一","2","0","2"
"武二十八年更","2","0","2"
"二十八年更定","2","0","2"
"浑金沥粉蟠螭","1","1","2"
"浑金沥粉盘凤","1","1","2"
"一尺六寸五分","1","1","2"
"一尺五寸五分","1","1","2"
"挂平蛮将军印","1","1","2"
"安南镀金银印","1","1","2"
"占城镀金银印","1","1","2"
"巡抚诸官奏请","1","1","2"
"中书省同都督","1","1","2"
"书省同都督府","1","1","2"
"洪武四年所造","1","1","2"
"千户佩镀金银","1","1","2"
"户佩镀金银牌","1","1","2"
"铸凡守卫官军","1","1","2"
"凡守卫官军悬","1","1","2"
"守卫官军悬带","1","1","2"
"牌等二十四字","1","1","2"
"金吾等卫指挥","1","1","2"
"金吾等卫守卫","1","1","2"
"吾等卫守卫官","1","1","2"
"留守卫指挥所","1","1","2"
"东西北字号牌","1","1","2"
"内府印绶监收","1","1","2"
"嘉靖十八年南","2","0","2"
"靖十八年南巡","2","0","2"
"内府供事匠作","1","1","2"
"奉天殿后曰华","2","0","2"
"天殿后曰华盖","2","0","2"
"殿后曰华盖殿","2","0","2"
"八千三百五十","1","1","2"
"皇城内宫城外","1","1","2"
"东安门外东南","1","1","2"
"安门外东南建","1","1","2"
"门外东南建十","1","1","2"
"外东南建十王","1","1","2"
"东南建十王街","1","1","2"
"垦西苑隙地田","2","0","2"
"西苑河东亭榭","1","1","2"
"西苑门外二亭","1","1","2"
"城高二丈九尺","1","1","2"
"基高六尺九寸","1","1","2"
"官员营造房屋","1","1","2"
"宅前后左右多","1","1","2"
"刘福通奉韩山","1","1","2"
"福通奉韩山童","1","1","2"
"通奉韩山童假","1","1","2"
"定远人郭子兴","1","1","2"
"太祖时年二十","1","1","2"
"元将贾鲁围濠","1","1","2"
"驴牌寨民兵三","1","1","2"
"牌寨民兵三千","1","1","2"
"夜袭元将张知","1","1","2"
"袭元将张知院","1","1","2"
"道遇定远人李","1","1","2"
"遇定远人李善","1","1","2"
"定远人李善长","1","1","2"
"枢密副使绊住","1","1","2"
"密副使绊住马","1","1","2"
"子兴子天叙都","2","0","2"
"兴子天叙都元","2","0","2"
"子天叙都元帅","2","0","2"
"丞蛮子海牙扼","1","1","2"
"牛渚前临大江","1","1","2"
"总管靳义赴水","1","1","2"
"丞蛮子海牙等","1","1","2"
"子兴部将尽归","1","1","2"
"兴部将尽归太","1","1","2"
"部将尽归太祖","1","1","2"
"众三万六千人","1","1","2"
"骁健者五百人","1","1","2"
"健者五百人入","1","1","2"
"者五百人入卫","1","1","2"
"解甲酣寝达旦","1","1","2"
"元御史大夫福","1","1","2"
"杨宪等十余人","1","1","2"
"葬御史大夫福","1","1","2"
"胡大海克徽州","2","0","2"
"八年春二月乙","2","0","2"
"胡大海攻婺州","1","1","2"
"石抹宜孙遣将","1","1","2"
"抹宜孙遣将率","1","1","2"
"宜孙遣将率车","1","1","2"
"孙遣将率车师","1","1","2"
"命胡德济迎战","1","1","2"
"许元等十三人","1","1","2"
"遣使招谕方国","1","1","2"
"使招谕方国珍","1","1","2"
"年春正月乙巳","2","0","2"
"太祖谋取浙东","1","1","2"
"宁越知府王宗","1","1","2"
"越知府王宗显","1","1","2"
"方国珍行省平","1","1","2"
"国珍行省平章","1","1","2"
"二十一年春二","1","1","2"
"十一年春二月","1","1","2"
"元平章察罕帖","2","0","2"
"时察罕平山东","1","1","2"
"金华守将胡大","1","1","2"
"华守将胡大海","1","1","2"
"英叛降张士诚","1","1","2"
"杀行枢密院判","1","1","2"
"行枢密院判耿","1","1","2"
"参政赵继祖谋","2","0","2"
"尚书张昶航海","1","1","2"
"授太祖江西行","1","1","2"
"太祖江西行省","1","1","2"
"祖江西行省平","1","1","2"
"西行省平章政","1","1","2"
"察罕子扩廓帖","1","1","2"
"罕子扩廓帖木","1","1","2"
"信州兵守武阳","1","1","2"
"州兵守武阳渡","1","1","2"
"楼橹高十余丈","1","1","2"
"纵火焚友谅舟","2","0","2"
"友谅退保渚矶","1","1","2"
"友谅乘虚直捣","1","1","2"
"谅乘虚直捣应","1","1","2"
"乘虚直捣应天","1","1","2"
"二十四年春正","2","0","2"
"李善长等率群","1","1","2"
"善长等率群臣","1","1","2"
"长等率群臣劝","1","1","2"
"等率群臣劝进","1","1","2"
"年春正月己巳","2","0","2"
"建行省平章陈","1","1","2"
"行省平章陈友","1","1","2"
"省平章陈友定","1","1","2"
"平章陈友定侵","1","1","2"
"参军胡深击败","2","0","2"
"常遇春等先规","1","1","2"
"士诚将徐义水","1","1","2"
"诚将徐义水军","1","1","2"
"常遇春副将军","2","0","2"
"七年春正月戊","2","0","2"
"年春正月戊戌","2","0","2"
"府州县官任费","1","1","2"
"雷震宫门兽吻","1","1","2"
"宗室神保大王","1","1","2"
"室神保大王等","1","1","2"
"神保大王等北","1","1","2"
"封李善长宣国","1","1","2"
"李善长宣国公","1","1","2"
"常遇春鄂国公","1","1","2"
"河南扩廓跋扈","1","1","2"
"一年春正月乙","2","0","2"
"大礼天地南郊","2","0","2"
"参将荣昌伯陈","1","1","2"
"将荣昌伯陈智","1","1","2"
"荣昌伯陈智追","1","1","2"
"都指挥使鹿荣","1","1","2"
"常山护卫指挥","1","1","2"
"山护卫指挥孟","1","1","2"
"护卫指挥孟贤","1","1","2"
"长安岭诸边险","1","1","2"
"安岭诸边险要","1","1","2"
"郡县水灾田租","2","0","2"
"赐邢宽等进士","1","1","2"
"河南郡县水灾","1","1","2"
"陈懋等引兵抵","1","1","2"
"御马监少监海","1","1","2"
"马监少监海寿","1","1","2"
"皇太子迎入仁","1","1","2"
"太子迎入仁智","1","1","2"
"子迎入仁智殿","1","1","2"
"诏天下通祀孔","2","0","2"
"郑韬等三千七","1","1","2"
"韬等三千七百","1","1","2"
"置殿阁大学士","1","1","2"
"十二州县养马","1","1","2"
"分遣御史录囚","2","0","2"
"七年春正月丁","2","0","2"
"巡视沿海诸城","1","1","2"
"封傅友德颍国","1","1","2"
"傅友德颍国公","1","1","2"
"免畿内年田租","2","0","2"
"分遣驸马都尉","2","0","2"
"遣驸马都尉李","1","1","2"
"马都尉李祺等","1","1","2"
"选进士翰林院","2","0","2"
"户部侍郎郭桓","1","1","2"
"部侍郎郭桓坐","1","1","2"
"侍郎郭桓坐盗","1","1","2"
"郎郭桓坐盗官","1","1","2"
"郭桓坐盗官粮","1","1","2"
"麓川平缅宣慰","1","1","2"
"川平缅宣慰使","1","1","2"
"平缅宣慰使思","1","1","2"
"缅宣慰使思伦","1","1","2"
"九年春正月辛","2","0","2"
"宋国公冯胜分","1","1","2"
"国公冯胜分兵","1","1","2"
"胜征虏大将军","2","0","2"
"收冯胜将军印","1","1","2"
"安置郑国公常","1","1","2"
"置郑国公常茂","1","1","2"
"武定侯郭英副","2","0","2"
"临山等五十九","1","1","2"
"麓川蛮思伦发","1","1","2"
"赐任亨泰等进","1","1","2"
"任亨泰等进士","1","1","2"
"次子地保奴妃","2","0","2"
"子地保奴妃主","2","0","2"
"越州蛮阿资叛","1","1","2"
"安南黎季犛弑","2","0","2"
"南黎季犛弑主","2","0","2"
"魏国公徐允恭","1","1","2"
"宣德侯金镇等","1","1","2"
"征虏前将军颍","1","1","2"
"虏前将军颍国","1","1","2"
"前将军颍国公","1","1","2"
"将军颍国公傅","1","1","2"
"军颍国公傅友","1","1","2"
"公傅友德等皆","1","1","2"
"傅友德等皆听","1","1","2"
"安侯陆仲亨等","1","1","2"
"太师韩国公李","1","1","2"
"师韩国公李善","1","1","2"
"凤翔侯张龙平","1","1","2"
"四年春正月癸","2","0","2"
"廷臣参考历代","1","1","2"
"臣参考历代礼","1","1","2"
"皇太子巡抚陕","1","1","2"
"都督佥事刘真","1","1","2"
"镇抚陶鼎战死","1","1","2"
"都督佥事茅鼎","1","1","2"
"督佥事何福讨","1","1","2"
"天下郡县赋役","1","1","2"
"下郡县赋役黄","1","1","2"
"郡县赋役黄册","1","1","2"
"六十八万四千","1","1","2"
"十八万四千四","1","1","2"
"八万四千四百","1","1","2"
"千四百三十五","1","1","2"
"五千六百七十","1","1","2"
"千六百七十七","1","1","2"
"六百七十七万","1","1","2"
"百七十七万四","1","1","2"
"七十七万四千","1","1","2"
"十七万四千五","1","1","2"
"七万四千五百","1","1","2"
"万四千五百六","1","1","2"
"千五百六十一","1","1","2"
"五年春正月戊","2","0","2"
"年春正月戊子","2","0","2"
"召曹国公李景","1","1","2"
"国公李景隆等","1","1","2"
"冯胜等十四人","1","1","2"
"胜等十四人分","1","1","2"
"河南诸卫军务","1","1","2"
"建昌卫指挥月","1","1","2"
"昌卫指挥月鲁","1","1","2"
"卫指挥月鲁帖","1","1","2"
"指挥月鲁帖木","1","1","2"
"国公常升等分","1","1","2"
"公常升等分行","1","1","2"
"常升等分行山","1","1","2"
"升等分行山西","1","1","2"
"坐胡惟庸党诛","2","0","2"
"部尚书詹徽等","1","1","2"
"耿炳文练兵陕","2","0","2"
"炳文练兵陕西","2","0","2"
"国子监生六十","1","1","2"
"子监生六十四","1","1","2"
"监生六十四人","1","1","2"
"永定侯张铨率","1","1","2"
"徐辉祖节制陕","1","1","2"
"辉祖节制陕西","1","1","2"
"祖节制陕西沿","1","1","2"
"节制陕西沿边","1","1","2"
"西平侯沐春擒","1","1","2"
"平侯沐春擒斩","1","1","2"
"侯沐春擒斩阿","1","1","2"
"沐春擒斩阿资","1","1","2"
"皇明祖训条章","1","1","2"
"征虏前将军胡","1","1","2"
"虏前将军胡冕","1","1","2"
"前将军胡冕讨","1","1","2"
"太平五府田租","1","1","2"
"都督佥事顾成","1","1","2"
"镇抚井孚战死","1","1","2"
"赐礼部覆试贡","1","1","2"
"礼部覆试贡士","1","1","2"
"部覆试贡士韩","1","1","2"
"覆试贡士韩克","1","1","2"
"试贡士韩克忠","1","1","2"
"贡士韩克忠等","1","1","2"
"李景隆征虏大","2","0","2"
"景隆征虏大将","2","0","2"
"隆征虏大将军","2","0","2"
"麓川平缅土酋","1","1","2"
"川平缅土酋刀","1","1","2"
"平缅土酋刀干","1","1","2"
"缅土酋刀干孟","1","1","2"
"重建国子监先","1","1","2"
"建国子监先师","1","1","2"
"国子监先师庙","1","1","2"
"三十一年春正","2","0","2"
"年春正月壬戌","2","0","2"
"指挥陶铎击败","1","1","2"
"都督佥事徐凯","1","1","2"
"五府六部官职","1","1","2"
"成祖梦太祖授","1","1","2"
"命学士胡广等","1","1","2"
"谕法司慎刑狱","2","0","2"
"讨安定曲先叛","1","1","2"
"定王桑加失夹","2","0","2"
"参政叶春巡抚","1","1","2"
"政叶春巡抚南","1","1","2"
"叶春巡抚南畿","1","1","2"
"禄镇朔大将军","2","0","2"
"镇朔大将军巡","1","1","2"
"宣德元年春正","1","1","2"
"十五人清理天","1","1","2"
"五人清理天下","1","1","2"
"人清理天下军","1","1","2"
"礼部侍郎张瑛","1","1","2"
"将军充总兵官","2","0","2"
"征南将军总兵","1","1","2"
"南将军总兵官","1","1","2"
"将军总兵官黔","1","1","2"
"军总兵官黔国","1","1","2"
"总兵官黔国公","1","1","2"
"兵官黔国公沐","1","1","2"
"官黔国公沐晟","1","1","2"
"征虏副将军安","1","1","2"
"虏副将军安远","1","1","2"
"副将军安远侯","1","1","2"
"将军安远侯柳","1","1","2"
"军安远侯柳升","1","1","2"
"兵部尚书李庆","1","1","2"
"二年春正月庚","2","0","2"
"年春正月庚子","2","0","2"
"赐马愉等进士","1","1","2"
"薛禄督饷开平","2","0","2"
"远侯顾兴祖拥","1","1","2"
"侯顾兴祖拥兵","1","1","2"
"都督同知陈怀","1","1","2"
"督同知陈怀充","1","1","2"
"保定伯梁铭病","1","1","2"
"陈怀平松潘蛮","2","0","2"
"都御史刘观巡","1","1","2"
"御史刘观巡视","1","1","2"
"史刘观巡视河","1","1","2"
"刘观巡视河道","1","1","2"
"北京行部行后","2","0","2"
"京行部行后军","2","0","2"
"行部行后军都","2","0","2"
"部行后军都督","2","0","2"
"指挥钟法保请","1","1","2"
"广西总兵官山","1","1","2"
"西总兵官山云","1","1","2"
"总兵官山云讨","1","1","2"
"工部尚书黄福","1","1","2"
"镇抚张信等战","1","1","2"
"抚张信等战死","1","1","2"
"赐林震等进士","1","1","2"
"辽海卫指挥同","1","1","2"
"海卫指挥同知","1","1","2"
"卫指挥同知皇","1","1","2"
"指挥同知皇甫","1","1","2"
"挥同知皇甫斌","1","1","2"
"吏部考察外官","1","1","2"
"侍郎柴车经理","1","1","2"
"郎柴车经理山","1","1","2"
"柴车经理山西","1","1","2"
"车经理山西屯","1","1","2"
"经理山西屯田","1","1","2"
"黎利权署安南","1","1","2"
"袁琦等十一人","1","1","2"
"御史巡视宁夏","1","1","2"
"史巡视宁夏甘","1","1","2"
"巡视宁夏甘州","1","1","2"
"视宁夏甘州屯","1","1","2"
"宁夏甘州屯田","1","1","2"
"夏甘州屯田水","1","1","2"
"甘州屯田水利","1","1","2"
"京官三品上举","2","0","2"
"冬十一月辛酉","2","0","2"
"召督漕平江伯","1","1","2"
"督漕平江伯陈","1","1","2"
"赐曹鼐等进士","1","1","2"
"总兵官都督萧","1","1","2"
"兵官都督萧授","1","1","2"
"山云讨平宜山","1","1","2"
"云讨平宜山蛮","1","1","2"
"免江西水灾税","1","1","2"
"江西水灾税粮","1","1","2"
"阿鲁台部昝卜","1","1","2"
"总兵官刘广击","1","1","2"
"瓦剌脱欢攻杀","1","1","2"
"剌脱欢攻杀阿","1","1","2"
"脱欢攻杀阿鲁","1","1","2"
"欢攻杀阿鲁台","1","1","2"
"谒皇太子文华","2","0","2"
"洪武元年春正","1","1","2"
"武元年春正月","1","1","2"
"年春正月乙亥","2","0","2"
"元平章陈友定","1","1","2"
"定郊社宗庙礼","1","1","2"
"常遇春大破元","1","1","2"
"遇春大破元兵","1","1","2"
"冯胜留守开封","1","1","2"
"遣将巡古北口","1","1","2"
"除书籍田器税","1","1","2"
"寡孤独废疾者","2","0","2"
"诸儒讲明治道","1","1","2"
"遣使分行天下","1","1","2"
"河南诸郡归附","1","1","2"
"常遇春取大同","2","0","2"
"山东滨海郡县","1","1","2"
"令功臣子弟入","1","1","2"
"功臣子弟入学","1","1","2"
"定封建诸王制","1","1","2"
"鄂国公常遇春","1","1","2"
"振西安诸府饥","2","0","2"
"孙守谦靖江王","1","1","2"
"大破扩廓帖木","1","1","2"
"邓愈招谕吐蕃","1","1","2"
"求通经术明治","1","1","2"
"通经术明治道","1","1","2"
"将吴友仁寇汉","2","0","2"
"吴友仁寇汉中","2","0","2"
"中书左丞杨宪","1","1","2"
"诏户部置户籍","1","1","2"
"祭历代帝王陵","1","1","2"
"汪广洋右丞相","2","0","2"
"卫国公邓愈督","1","1","2"
"免山西旱灾田","1","1","2"
"山西旱灾田租","1","1","2"
"策试天下贡士","1","1","2"
"赐吴伯宗等进","1","1","2"
"吴伯宗等进士","1","1","2"
"万七千户屯北","1","1","2"
"七千户屯北平","1","1","2"
"廖永忠克夔州","1","1","2"
"明升将丁世贞","1","1","2"
"守将朱显忠死","1","1","2"
"徙山后民三万","1","1","2"
"民三万五千户","1","1","2"
"民三万二千户","1","1","2"
"三万二千户屯","1","1","2"
"万二千户屯田","1","1","2"
"二千户屯田北","1","1","2"
"千户屯田北平","1","1","2"
"徐达练兵山西","1","1","2"
"通判王名善死","1","1","2"
"靖海侯吴祯督","1","1","2"
"海侯吴祯督海","1","1","2"
"侯吴祯督海运","1","1","2"
"孤寡残疾者官","1","1","2"
"定宫官女职制","1","1","2"
"吴良平靖州蛮","1","1","2"
"宁侯曹良臣战","1","1","2"
"作铁榜诫功臣","1","1","2"
"邓愈征西将军","2","0","2"
"上山川险易图","1","1","2"
"遣兵部尚书刘","1","1","2"
"兵部尚书刘仁","1","1","2"
"录故功臣子孙","2","0","2"
"故功臣子孙未","1","1","2"
"功臣子孙未嗣","1","1","2"
"臣子孙未嗣者","1","1","2"
"子孙未嗣者二","1","1","2"
"孙未嗣者二百","1","1","2"
"命安南陈叔明","1","1","2"
"都督佥事王简","1","1","2"
"真定等四十二","1","1","2"
"苏州饥民三十","1","1","2"
"州饥民三十万","1","1","2"
"饥民三十万户","1","1","2"
"增祀鸡笼山功","1","1","2"
"祀鸡笼山功臣","1","1","2"
"鸡笼山功臣庙","1","1","2"
"笼山功臣庙一","1","1","2"
"山功臣庙一百","1","1","2"
"指挥同知胡汝","1","1","2"
"挥同知胡汝平","1","1","2"
"命皇太子诸王","1","1","2"
"中书右丞丁玉","1","1","2"
"京师年八月雨","2","0","2"
"承宣布政使司","1","1","2"
"元将伯颜帖木","1","1","2"
"国子生修岳镇","1","1","2"
"子生修岳镇海","1","1","2"
"生修岳镇海渎","1","1","2"
"修岳镇海渎祠","1","1","2"
"灾异诏求直言","1","1","2"
"遣都督同知沐","1","1","2"
"都督同知沐英","1","1","2"
"督同知沐英乘","1","1","2"
"同知沐英乘传","1","1","2"
"十年春正月辛","2","0","2"
"诏臣民言事者","1","1","2"
"元嗣君爱猷识","1","1","2"
"嗣君爱猷识理","1","1","2"
"君爱猷识理达","1","1","2"
"靖州指挥过兴","1","1","2"
"辰州指挥杨仲","1","1","2"
"州指挥杨仲名","1","1","2"
"征西将军西平","1","1","2"
"西将军西平侯","1","1","2"
"西平侯沐英率","1","1","2"
"平侯沐英率都","1","1","2"
"侯沐英率都督","1","1","2"
"沐英率都督蓝","1","1","2"
"英率都督蓝玉","1","1","2"
"洮州十八族番","1","1","2"
"沐英大破西番","1","1","2"
"蓝玉等十二人","1","1","2"
"天下博学老成","1","1","2"
"左丞相胡惟庸","1","1","2"
"党御史大夫陈","1","1","2"
"都督濮英进兵","1","1","2"
"督濮英进兵赤","1","1","2"
"濮英进兵赤斤","1","1","2"
"英进兵赤斤站","1","1","2"
"命天下学校师","1","1","2"
"安置翰林学士","1","1","2"
"千户王辂击败","1","1","2"
"天下府州县所","1","1","2"
"诏求明经老成","1","1","2"
"安侯陆仲亨镇","1","1","2"
"翰林春坊官考","1","1","2"
"傅友德大败元","1","1","2"
"友德大败元兵","1","1","2"
"祀建文朝尽节","1","1","2"
"建文朝尽节诸","1","1","2"
"文朝尽节诸臣","1","1","2"
"礼部尚书吕调","1","1","2"
"部尚书吕调阳","1","1","2"
"万历元年春二","1","1","2"
"历元年春二月","1","1","2"
"召见朝觐廉能","1","1","2"
"诏明年元夕灯","2","0","2"
"始命日讲官分","1","1","2"
"夏四月己巳朔","2","0","2"
"礼部侍郎张四","1","1","2"
"部侍郎张四维","1","1","2"
"年春正月丁巳","2","0","2"
"东巡按御史刘","1","1","2"
"巡按御史刘台","1","1","2"
"遣御史督修江","1","1","2"
"吏部侍郎申时","1","1","2"
"部侍郎申时行","1","1","2"
"花银二十万两","1","1","2"
"苏州诸府开垦","1","1","2"
"州诸府开垦荒","1","1","2"
"诸府开垦荒田","1","1","2"
"年春正月戊辰","2","0","2"
"两宫皇太后天","2","0","2"
"宫皇太后天寿","2","0","2"
"汰诸司冒滥冗","1","1","2"
"诸司冒滥冗费","1","1","2"
"十年春二月癸","2","0","2"
"年春二月癸巳","2","0","2"
"兵部侍郎张佳","1","1","2"
"部侍郎张佳胤","1","1","2"
"侍郎张佳胤巡","1","1","2"
"郎张佳胤巡抚","1","1","2"
"张佳胤巡抚浙","1","1","2"
"佳胤巡抚浙江","1","1","2"
"泰宁卫部长速","1","1","2"
"宁夏土军马景","1","1","2"
"夏土军马景杀","1","1","2"
"巡抚都御史晋","1","1","2"
"抚都御史晋应","1","1","2"
"都御史晋应槐","1","1","2"
"故大学士杨荣","1","1","2"
"吏部侍郎许国","1","1","2"
"前礼部侍郎王","1","1","2"
"礼部侍郎王锡","1","1","2"
"部侍郎王锡爵","1","1","2"
"吏部侍郎王家","1","1","2"
"部侍郎王家屏","1","1","2"
"四川建武所兵","1","1","2"
"川建武所兵变","1","1","2"
"击伤总兵沈思","1","1","2"
"伤总兵沈思学","1","1","2"
"天寿山阅寿宫","2","0","2"
"汰惜薪司内官","1","1","2"
"惜薪司内官冗","1","1","2"
"薪司内官冗员","1","1","2"
"年春二月癸未","2","0","2"
"广东琼山等十","1","1","2"
"东琼山等十二","1","1","2"
"琼山等十二县","1","1","2"
"山等十二县饥","1","1","2"
"礼部主事卢洪","1","1","2"
"部主事卢洪春","1","1","2"
"请发留中章奏","2","0","2"
"抚都御史李材","1","1","2"
"年春三月壬辰","2","0","2"
"四川建昌番作","1","1","2"
"川建昌番作乱","1","1","2"
"诏取太仓银二","2","0","2"
"抚都御史曹子","1","1","2"
"都御史曹子登","1","1","2"
"安庆指挥陈越","1","1","2"
"指挥陈懋功讨","1","1","2"
"始兴妖僧李圆","1","1","2"
"兴妖僧李圆朗","1","1","2"
"妖僧李圆朗作","1","1","2"
"僧李圆朗作乱","1","1","2"
"黄河决口工成","2","0","2"
"召见大学士申","1","1","2"
"见大学士申时","1","1","2"
"青海部长火落","1","1","2"
"海部长火落赤","1","1","2"
"副总兵李联芳","1","1","2"
"总兵官刘承嗣","1","1","2"
"总兵官尤继先","1","1","2"
"败火落赤余众","1","1","2"
"四川四哨番作","1","1","2"
"川四哨番作乱","1","1","2"
"抚都御史李尚","1","1","2"
"都御史李尚思","1","1","2"
"御史李尚思讨","1","1","2"
"吏部侍郎赵志","1","1","2"
"部侍郎赵志皋","1","1","2"
"礼部侍郎张位","1","1","2"
"巡抚都御史党","1","1","2"
"抚都御史党馨","1","1","2"
"兵部尚书魏学","1","1","2"
"部尚书魏学曾","1","1","2"
"提督陕西讨贼","1","1","2"
"督陕西讨贼军","1","1","2"
"陕西讨贼军务","1","1","2"
"甘肃巡抚都御","1","1","2"
"肃巡抚都御史","1","1","2"
"巡抚都御史叶","1","1","2"
"抚都御史叶梦","1","1","2"
"都御史叶梦熊","1","1","2"
"三边总督魏学","1","1","2"
"边总督魏学曾","1","1","2"
"兵部右侍郎宋","1","1","2"
"部右侍郎宋应","1","1","2"
"右侍郎宋应昌","1","1","2"
"防海御倭总兵","1","1","2"
"海御倭总兵官","1","1","2"
"内外诸臣修举","1","1","2"
"外诸臣修举实","1","1","2"
"诸臣修举实政","1","1","2"
"蓟辽总督顾养","1","1","2"
"辽总督顾养谦","1","1","2"
"京礼部尚书沈","1","1","2"
"延绥总兵官麻","1","1","2"
"绥总兵官麻贵","1","1","2"
"兵部右侍郎邢","1","1","2"
"总兵官董一元","1","1","2"
"青海部长永邵","1","1","2"
"海部长永邵卜","1","1","2"
"冬十一月辛未","2","0","2"
"四年春二月戊","2","0","2"
"年春二月戊申","2","0","2"
"河套部敌犯甘","2","0","2"
"命都督佥事杨","1","1","2"
"都督佥事杨方","1","1","2"
"督佥事杨方亨","1","1","2"
"尚书孙丕扬请","1","1","2"
"葬孝安庄皇后","1","1","2"
"河套部犯宁夏","2","0","2"
"五年春正月丙","2","0","2"
"都督同知麻贵","1","1","2"
"山东右参政杨","1","1","2"
"东右参政杨镐","1","1","2"
"副总兵杨元弃","1","1","2"
"总兵杨元弃城","1","1","2"
"文华门疏请皇","1","1","2"
"华门疏请皇长","1","1","2"
"门疏请皇长子","1","1","2"
"佥都御史万世","1","1","2"
"都御史万世德","1","1","2"
"御史万世德经","1","1","2"
"史万世德经略","1","1","2"
"二十七年春二","1","1","2"
"年春二月壬子","2","0","2"
"兵部侍郎李化","1","1","2"
"部侍郎李化龙","1","1","2"
"侍郎李化龙总","1","1","2"
"郎李化龙总督","1","1","2"
"李化龙总督川","1","1","2"
"游击张良贤战","1","1","2"
"击张良贤战死","1","1","2"
"贵州宣慰使安","1","1","2"
"州宣慰使安疆","1","1","2"
"免河南灾田租","2","0","2"
"副总兵解生等","1","1","2"
"贵州皮林苗叛","1","1","2"
"云南税监杨荣","1","1","2"
"南税监杨荣开","1","1","2"
"税监杨荣开采","1","1","2"
"监杨荣开采阿","1","1","2"
"杨荣开采阿瓦","1","1","2"
"年春正月壬子","2","0","2"
"加上慈圣皇太","1","1","2"
"上慈圣皇太后","1","1","2"
"慈圣皇太后尊","1","1","2"
"十年春正月己","2","0","2"
"召大学士沈一","1","1","2"
"复河套诸部贡","2","0","2"
"河套诸部贡市","2","0","2"
"陷蛮莫宣抚司","1","1","2"
"三十一年春三","1","1","2"
"天下郡守阙员","1","1","2"
"播州余贼吴洪","1","1","2"
"州余贼吴洪等","1","1","2"
"睢州贼杨思敬","1","1","2"
"州贼杨思敬作","1","1","2"
"贼杨思敬作乱","1","1","2"
"三十二年春二","1","1","2"
"雷击圜丘望灯","1","1","2"
"击圜丘望灯高","1","1","2"
"圜丘望灯高杆","1","1","2"
"冬十一月辛巳","2","0","2"
"三十四年春二","1","1","2"
"加上皇太后徽","1","1","2"
"上皇太后徽号","1","1","2"
"河套部犯延绥","2","0","2"
"总兵官姜显谟","1","1","2"
"南京妖贼刘天","1","1","2"
"京妖贼刘天绪","1","1","2"
"妖贼刘天绪谋","1","1","2"
"贼刘天绪谋反","1","1","2"
"副总兵柴国柱","1","1","2"
"京吏部侍郎叶","1","1","2"
"吏部侍郎叶向","1","1","2"
"部侍郎叶向高","1","1","2"
"金沙江蛮阿克","1","1","2"
"三十六年春正","1","1","2"
"巡抚都御史乔","1","1","2"
"抚都御史乔璧","1","1","2"
"都御史乔璧星","1","1","2"
"御史乔璧星奏","1","1","2"
"冬十一月壬子","2","0","2"
"三十七年春三","1","1","2"
"十七年春三月","1","1","2"
"年春三月辛卯","2","0","2"
"左都御史詹沂","1","1","2"
"都御史詹沂封","1","1","2"
"御史詹沂封印","1","1","2"
"三十八年春三","1","1","2"
"十八年春三月","1","1","2"
"三十九年春二","1","1","2"
"十九年春二月","1","1","2"
"九年春二月庚","1","1","2"
"东林讲学诸人","1","1","2"
"琉球中山王尚","1","1","2"
"球中山王尚宁","1","1","2"
"四十一年春正","1","1","2"
"谕吏部都察院","1","1","2"
"兵部尚书掌都","2","0","2"
"部尚书掌都察","2","0","2"
"尚书掌都察院","2","0","2"
"书掌都察院事","2","0","2"
"吏部左侍郎方","1","1","2"
"吏部左侍郎吴","1","1","2"
"部左侍郎吴道","1","1","2"
"左侍郎吴道南","1","1","2"
"部右侍郎孙慎","1","1","2"
"右侍郎孙慎行","1","1","2"
"蓟州男子张差","2","0","2"
"州男子张差持","2","0","2"
"张差持梃入慈","2","0","2"
"差持梃入慈庆","2","0","2"
"持梃入慈庆宫","2","0","2"
"击伤守门内侍","2","0","2"
"刑部提牢主事","1","1","2"
"部提牢主事王","1","1","2"
"河套部长吉能","2","0","2"
"大学士方哲等","2","0","2"
"四十六年春二","1","1","2"
"年春二月乙巳","2","0","2"
"总兵官张承胤","1","1","2"
"四十七年春二","1","1","2"
"兵备佥事潘宗","1","1","2"
"备佥事潘宗颜","1","1","2"
"佥事潘宗颜战","1","1","2"
"事潘宗颜战死","1","1","2"
"深入阿布达里","1","1","2"
"入阿布达里冈","1","1","2"
"大理寺丞熊廷","1","1","2"
"理寺丞熊廷弼","1","1","2"
"四十八年春正","1","1","2"
"光宗崇天契道","1","1","2"
"宗崇天契道英","1","1","2"
"崇天契道英睿","1","1","2"
"天契道英睿恭","1","1","2"
"契道英睿恭纯","1","1","2"
"道英睿恭纯宪","1","1","2"
"英睿恭纯宪文","1","1","2"
"睿恭纯宪文景","1","1","2"
"恭纯宪文景武","1","1","2"
"纯宪文景武渊","1","1","2"
"宪文景武渊仁","1","1","2"
"文景武渊仁懿","1","1","2"
"景武渊仁懿孝","1","1","2"
"武渊仁懿孝贞","1","1","2"
"渊仁懿孝贞皇","1","1","2"
"仁懿孝贞皇帝","1","1","2"
"四十三年夏五","1","1","2"
"十三年夏五月","1","1","2"
"吏部侍郎史继","1","1","2"
"部侍郎史继偕","1","1","2"
"京礼部侍郎沈","1","1","2"
"礼部侍郎何宗","1","1","2"
"部侍郎何宗彦","1","1","2"
"召对英国公张","1","1","2"
"改万历四十八","1","1","2"
"历四十八年八","1","1","2"
"历三十八年十","1","1","2"
"三十八年十二","1","1","2"
"巡抚都御史毕","1","1","2"
"年春正月丙子","2","0","2"
"大清兵入大安","2","0","2"
"清兵入大安口","2","0","2"
"山海关总兵官","1","1","2"
"海关总兵官赵","1","1","2"
"关总兵官赵率","1","1","2"
"总兵官赵率教","1","1","2"
"抚都御史王元","1","1","2"
"都御史王元雅","1","1","2"
"推官何天球等","1","1","2"
"总兵官满桂入","1","1","2"
"吏部侍郎成基","1","1","2"
"部侍郎成基命","1","1","2"
"召前大学士孙","1","1","2"
"前大学士孙承","1","1","2"
"孙承宗兵部尚","2","0","2"
"兵部尚书中极","1","1","2"
"部尚书中极殿","1","1","2"
"尚书中极殿大","1","1","2"
"书中极殿大学","1","1","2"
"保定兵相继入","1","1","2"
"兵部尚书王洽","1","1","2"
"总兵官祖大寿","1","1","2"
"兵官祖大寿兵","1","1","2"
"前总兵官孙祖","1","1","2"
"总兵官孙祖寿","1","1","2"
"总兵官马世龙","1","1","2"
"礼部侍郎周延","1","1","2"
"部侍郎周延儒","1","1","2"
"知府张凤奇等","1","1","2"
"府张凤奇等死","1","1","2"
"总督蓟辽都御","1","1","2"
"督蓟辽都御史","1","1","2"
"蓟辽都御史刘","1","1","2"
"辽都御史刘策","1","1","2"
"都御史刘策下","1","1","2"
"御史刘策下狱","1","1","2"
"宋儒邵雍后裔","1","1","2"
"礼部尚书温体","1","1","2"
"部尚书温体仁","1","1","2"
"巡抚延绥副都","1","1","2"
"抚延绥副都御","1","1","2"
"延绥副都御史","1","1","2"
"绥副都御史洪","1","1","2"
"副都御史洪承","1","1","2"
"都御史洪承畴","1","1","2"
"山西总兵官王","1","1","2"
"西总兵官王国","1","1","2"
"总兵官王国梁","1","1","2"
"兵官王国梁追","1","1","2"
"十二月乙巳朔","2","0","2"
"四年春正月己","2","0","2"
"副将张应昌等","1","1","2"
"将张应昌等击","1","1","2"
"张应昌等击败","1","1","2"
"西三边军务侍","1","1","2"
"三边军务侍郎","1","1","2"
"边军务侍郎杨","1","1","2"
"军务侍郎杨鹤","1","1","2"
"延绥副将曹文","1","1","2"
"绥副将曹文诏","1","1","2"
"邓希诏等监视","1","1","2"
"希诏等监视关","1","1","2"
"太监张彝宪总","1","1","2"
"监张彝宪总理","1","1","2"
"张彝宪总理户","1","1","2"
"山海总兵官宋","1","1","2"
"海总兵官宋伟","1","1","2"
"总兵官宋伟等","1","1","2"
"监军太仆少卿","1","1","2"
"军太仆少卿张","1","1","2"
"太仆少卿张春","1","1","2"
"祖大寿杀副将","1","1","2"
"大寿杀副将何","1","1","2"
"杀参政张允登","1","1","2"
"年春正月辛丑","2","0","2"
"游击陈良谟战","1","1","2"
"击陈良谟战死","1","1","2"
"抚都御史孙元","1","1","2"
"都御史孙元化","1","1","2"
"副使宋光兰等","1","1","2"
"巡抚都御史徐","1","1","2"
"兵部侍郎刘宇","1","1","2"
"部侍郎刘宇烈","1","1","2"
"登莱巡抚都御","1","1","2"
"莱巡抚都御史","1","1","2"
"巡抚都御史谢","1","1","2"
"抚都御史谢琏","1","1","2"
"莱州知府朱万","1","1","2"
"州知府朱万年","1","1","2"
"知府朱万年死","1","1","2"
"前锋参将祖宽","1","1","2"
"曹文诏节制山","1","1","2"
"兵官陈洪范等","1","1","2"
"太监陈大金等","1","1","2"
"监陈大金等分","1","1","2"
"耿仲明等航海","1","1","2"
"兵官贺虎臣战","1","1","2"
"延绥副将李卑","1","1","2"
"太监张彝宪请","1","1","2"
"一千七百余万","1","1","2"
"大清兵取旅顺","2","0","2"
"总兵官黄龙死","1","1","2"
"山西巡抚都御","1","1","2"
"西巡抚都御史","1","1","2"
"抚都御史许鼎","1","1","2"
"都御史许鼎臣","1","1","2"
"御史许鼎臣请","1","1","2"
"京礼部侍郎钱","1","1","2"
"礼部侍郎钱士","1","1","2"
"部侍郎钱士升","1","1","2"
"礼部侍郎王应","1","1","2"
"部侍郎王应熊","1","1","2"
"广鹿岛副将尚","1","1","2"
"总兵官张应昌","1","1","2"
"兵官张应昌渡","1","1","2"
"十三营流入汉","1","1","2"
"赐刘理顺等进","1","1","2"
"刘理顺等进士","1","1","2"
"副将杨世恩追","1","1","2"
"总督侍郎陈奇","1","1","2"
"督侍郎陈奇瑜","1","1","2"
"郧阳抚治都御","1","1","2"
"阳抚治都御史","1","1","2"
"抚治都御史卢","1","1","2"
"治都御史卢象","1","1","2"
"都御史卢象升","1","1","2"
"保定都御史丁","1","1","2"
"定都御史丁魁","1","1","2"
"都御史丁魁楚","1","1","2"
"御史丁魁楚等","1","1","2"
"遣总兵官尤世","1","1","2"
"大总督侍郎张","1","1","2"
"总督侍郎张宗","1","1","2"
"督侍郎张宗衡","1","1","2"
"侍郎张宗衡节","1","1","2"
"郎张宗衡节制","1","1","2"
"洪承畴解陇州","1","1","2"
"承畴解陇州围","1","1","2"
"洪承畴关讨贼","2","0","2"
"留守朱国相等","1","1","2"
"应天巡抚都御","1","1","2"
"总督漕运尚书","1","1","2"
"督漕运尚书杨","1","1","2"
"漕运尚书杨一","1","1","2"
"运尚书杨一鹏","1","1","2"
"尚书杨一鹏下","1","1","2"
"书杨一鹏下狱","1","1","2"
"官军遇贼乱马","2","0","2"
"军遇贼乱马川","2","0","2"
"贼真宁湫头镇","2","0","2"
"监视总理内臣","1","1","2"
"卢象升总理直","1","1","2"
"象升总理直隶","1","1","2"
"督副将曹变蛟","1","1","2"
"副将曹变蛟等","1","1","2"
"总兵官张全昌","1","1","2"
"户部尚书侯恂","1","1","2"
"部尚书侯恂请","1","1","2"
"熹宗达天阐道","1","1","2"
"宗达天阐道敦","1","1","2"
"达天阐道敦孝","1","1","2"
"天阐道敦孝笃","1","1","2"
"阐道敦孝笃友","1","1","2"
"道敦孝笃友章","1","1","2"
"敦孝笃友章文","1","1","2"
"孝笃友章文襄","1","1","2"
"笃友章文襄武","1","1","2"
"友章文襄武靖","1","1","2"
"章文襄武靖穆","1","1","2"
"文襄武靖穆庄","1","1","2"
"襄武靖穆庄勤","1","1","2"
"历三十三年十","1","1","2"
"三十三年十一","1","1","2"
"疏请选侍移宫","2","0","2"
"辽东巡抚都御","1","1","2"
"巡抚都御史袁","1","1","2"
"抚都御史袁应","1","1","2"
"都御史袁应泰","1","1","2"
"伍文定等七十","1","1","2"
"文定等七十三","1","1","2"
"定等七十三人","1","1","2"
"客氏香火土田","1","1","2"
"大清兵取沈阳","1","1","2"
"大清兵取辽阳","1","1","2"
"经略袁应泰等","1","1","2"
"巡按御史张铨","1","1","2"
"辽东巡抚佥都","1","1","2"
"东巡抚佥都御","1","1","2"
"抚佥都御史薛","1","1","2"
"佥都御史薛国","1","1","2"
"化贞右佥都御","2","0","2"
"贞右佥都御史","2","0","2"
"陕西都指挥陈","1","1","2"
"西都指挥陈愚","1","1","2"
"都指挥陈愚直","1","1","2"
"廷弼兵部尚书","2","0","2"
"尚书王象乾总","1","1","2"
"书王象乾总督","1","1","2"
"王象乾总督蓟","1","1","2"
"永宁宣抚使奢","1","1","2"
"宁宣抚使奢崇","1","1","2"
"宣抚使奢崇明","1","1","2"
"抚使奢崇明反","1","1","2"
"御史周宗建请","1","1","2"
"史周宗建请客","1","1","2"
"周宗建请客氏","1","1","2"
"奢崇明围成都","2","0","2"
"政使朱燮元固","1","1","2"
"使朱燮元固守","1","1","2"
"擢燮元佥都御","2","0","2"
"燮元佥都御史","2","0","2"
"二年春正月丁","2","0","2"
"延绥总兵官杜","1","1","2"
"绥总兵官杜文","1","1","2"
"四川总兵官杨","1","1","2"
"川总兵官杨愈","1","1","2"
"兵官杨愈懋讨","1","1","2"
"镇武营总兵官","1","1","2"
"武营总兵官刘","1","1","2"
"营总兵官刘渠","1","1","2"
"参政高邦佐留","1","1","2"
"永宁贼将罗乾","1","1","2"
"宁贼将罗乾象","1","1","2"
"贼将罗乾象约","1","1","2"
"水西土同知安","1","1","2"
"西土同知安邦","1","1","2"
"土同知安邦彦","1","1","2"
"同知安邦彦反","1","1","2"
"御史史永安固","1","1","2"
"史史永安固守","1","1","2"
"部右侍郎孙承","1","1","2"
"右侍郎孙承宗","1","1","2"
"宗兵部尚书东","2","0","2"
"孙承宗理兵部","2","0","2"
"承宗理兵部事","2","0","2"
"阳武侯薛濂管","1","1","2"
"武侯薛濂管理","1","1","2"
"侯薛濂管理募","1","1","2"
"薛濂管理募兵","1","1","2"
"山东白莲贼徐","1","1","2"
"东白莲贼徐鸿","1","1","2"
"莲贼徐鸿儒反","1","1","2"
"官军合围重庆","1","1","2"
"滕县知县姬文","1","1","2"
"县知县姬文胤","1","1","2"
"贵州总兵官张","1","1","2"
"州总兵官张彦","1","1","2"
"总兵官张彦芳","1","1","2"
"抚都御史王三","1","1","2"
"都御史王三善","1","1","2"
"御史王三善讨","1","1","2"
"前总兵官杨肇","1","1","2"
"总兵官杨肇基","1","1","2"
"松潘副使李忠","1","1","2"
"潘副使李忠臣","1","1","2"
"副使李忠臣约","1","1","2"
"使李忠臣约总","1","1","2"
"李忠臣约总兵","1","1","2"
"忠臣约总兵官","1","1","2"
"臣约总兵官杨","1","1","2"
"约总兵官杨愈","1","1","2"
"兵官杨愈懋谋","1","1","2"
"游击龚万禄战","1","1","2"
"击龚万禄战死","1","1","2"
"原官督理山海","1","1","2"
"官督理山海关","1","1","2"
"总兵官鲁钦代","1","1","2"
"兵官鲁钦代杜","1","1","2"
"官鲁钦代杜文","1","1","2"
"鲁钦代杜文焕","1","1","2"
"朱燮元总督四","1","1","2"
"燮元总督四川","1","1","2"
"元总督四川军","1","1","2"
"总督四川军务","1","1","2"
"副总兵刘超败","2","0","2"
"三年春正月己","2","0","2"
"部侍郎朱国祯","1","1","2"
"恤邹县死难博","1","1","2"
"邹县死难博士","1","1","2"
"县死难博士孟","1","1","2"
"死难博士孟承","1","1","2"
"难博士孟承光","1","1","2"
"抚都御史何士","1","1","2"
"都御史何士晋","1","1","2"
"魏忠贤总督东","1","1","2"
"忠贤总督东厂","1","1","2"
"左副都御史杨","1","1","2"
"杖杀工部郎中","1","1","2"
"杀工部郎中万","1","1","2"
"内阁中书汪文","1","1","2"
"阁中书汪文言","1","1","2"
"朱燮元总督云","1","1","2"
"事中杨所修请","1","1","2"
"毁天下东林讲","1","1","2"
"天下东林讲学","1","1","2"
"下东林讲学书","1","1","2"
"东林讲学书院","1","1","2"
"辽东副总兵鲁","1","1","2"
"中书舍人吴怀","1","1","2"
"书舍人吴怀贤","1","1","2"
"东林党人姓名","1","1","2"
"前尚书赵南星","1","1","2"
"大清兵围宁远","1","1","2"
"宁前道参政袁","1","1","2"
"前道参政袁崇","1","1","2"
"道参政袁崇焕","1","1","2"
"参政袁崇焕固","1","1","2"
"政袁崇焕固守","1","1","2"
"元等下镇抚司","1","1","2"
"等下镇抚司狱","1","1","2"
"太监刘应坤镇","1","1","2"
"监刘应坤镇守","1","1","2"
"刘应坤镇守山","1","1","2"
"应坤镇守山海","1","1","2"
"坤镇守山海关","1","1","2"
"大学士丁绍轼","1","1","2"
"尚书王永光等","1","1","2"
"袁崇焕巡抚辽","1","1","2"
"崇焕巡抚辽东","1","1","2"
"南京守备内臣","1","1","2"
"京守备内臣搜","1","1","2"
"佥都御史潘汝","1","1","2"
"都御史潘汝桢","1","1","2"
"请建魏忠贤生","2","0","2"
"偏沅巡抚都御","1","1","2"
"沅巡抚都御史","1","1","2"
"巡抚都御史闵","1","1","2"
"抚都御史闵梦","1","1","2"
"前扬州知府刘","1","1","2"
"礼部侍郎施凤","1","1","2"
"加赐庄田一千","1","1","2"
"赐庄田一千顷","1","1","2"
"九百六十五人","1","1","2"
"太监涂文辅总","1","1","2"
"监涂文辅总督","1","1","2"
"涂文辅总督太","1","1","2"
"文辅总督太仓","1","1","2"
"辅总督太仓银","1","1","2"
"总督太仓银库","1","1","2"
"李明道提督漕","1","1","2"
"明道提督漕运","1","1","2"
"道提督漕运河","1","1","2"
"提督漕运河道","1","1","2"
"城侯李承祚请","1","1","2"
"大清兵征朝鲜","1","1","2"
"一年春正月丁","2","0","2"
"兵官曹变蛟追","1","1","2"
"户部尚书程国","1","1","2"
"部尚书程国祥","1","1","2"
"礼部侍郎方逢","1","1","2"
"部侍郎方逢年","1","1","2"
"工部侍郎蔡国","1","1","2"
"大理少卿范复","1","1","2"
"理少卿范复粹","1","1","2"
"总督蓟辽兵部","1","1","2"
"督蓟辽兵部侍","1","1","2"
"蓟辽兵部侍郎","1","1","2"
"辽兵部侍郎吴","1","1","2"
"兵部侍郎吴阿","1","1","2"
"部侍郎吴阿衡","1","1","2"
"孙传庭兵部侍","2","0","2"
"传庭兵部侍郎","2","0","2"
"布政使张秉文","1","1","2"
"政使张秉文等","1","1","2"
"使张秉文等死","1","1","2"
"孙传庭会师十","1","1","2"
"传庭会师十八","1","1","2"
"庭会师十八万","1","1","2"
"孙传庭总督保","1","1","2"
"山东七十余城","1","1","2"
"加上孝纯皇太","1","1","2"
"孝纯皇太后谥","1","1","2"
"礼部侍郎姚明","1","1","2"
"部侍郎姚明恭","1","1","2"
"兵部侍郎魏照","1","1","2"
"部侍郎魏照乘","1","1","2"
"失事巡抚都御","1","1","2"
"事巡抚都御史","1","1","2"
"巡抚都御史颜","1","1","2"
"抚都御史颜继","1","1","2"
"都御史颜继祖","1","1","2"
"孙茂霖等三十","1","1","2"
"茂霖等三十三","1","1","2"
"霖等三十三人","1","1","2"
"钦定保民四事","1","1","2"
"定保民四事全","1","1","2"
"保民四事全书","1","1","2"
"下兵部尚书傅","1","1","2"
"兵部尚书傅宗","1","1","2"
"部尚书傅宗龙","1","1","2"
"赐魏藻德等进","1","1","2"
"魏藻德等进士","1","1","2"
"江西巡抚佥都","1","1","2"
"西巡抚佥都御","1","1","2"
"抚佥都御史解","1","1","2"
"佥都御史解学","1","1","2"
"都御史解学龙","1","1","2"
"吏部尚书谢升","1","1","2"
"礼部侍郎陈演","1","1","2"
"总兵官贺人龙","1","1","2"
"兵官贺人龙等","1","1","2"
"官贺人龙等分","1","1","2"
"总兵官孙应元","1","1","2"
"兵官孙应元等","1","1","2"
"应元等大破罗","2","0","2"
"元等大破罗汝","2","0","2"
"等大破罗汝才","2","0","2"
"巴西鱼腹山中","1","1","2"
"总兵官张令战","1","1","2"
"兵官张令战死","1","1","2"
"杨嗣昌进军重","1","1","2"
"嗣昌进军重庆","1","1","2"
"张献忠陷泸州","2","0","2"
"四年春正月辛","2","0","2"
"参将刘士杰等","1","1","2"
"将刘士杰等战","1","1","2"
"刘士杰等战死","1","1","2"
"前兵部尚书吕","1","1","2"
"书吕维祺等死","1","1","2"
"副使张克俭等","1","1","2"
"命驸马都尉冉","1","1","2"
"驸马都尉冉兴","1","1","2"
"大清兵攻锦州","1","1","2"
"督三边侍郎丁","1","1","2"
"三边侍郎丁启","1","1","2"
"边侍郎丁启睿","1","1","2"
"总兵官虎大威","1","1","2"
"总兵官杨国柱","1","1","2"
"总督保定侍郎","1","1","2"
"督保定侍郎杨","1","1","2"
"保定侍郎杨文","1","1","2"
"定侍郎杨文岳","1","1","2"
"总督陕西都御","1","1","2"
"督陕西都御史","1","1","2"
"陕西都御史汪","1","1","2"
"西都御史汪乔","1","1","2"
"都御史汪乔年","1","1","2"
"抚都御史丘民","1","1","2"
"都御史丘民仰","1","1","2"
"孙传庭总督三","1","1","2"
"传庭总督三边","1","1","2"
"庭总督三边军","1","1","2"
"下吏部尚书李","1","1","2"
"尚书李日宣六","1","1","2"
"书李日宣六人","1","1","2"
"方国安四镇兵","1","1","2"
"杀都指挥徐良","1","1","2"
"都指挥徐良宪","1","1","2"
"凤阳总兵官黄","1","1","2"
"援汴总兵官刘","1","1","2"
"汴总兵官刘超","1","1","2"
"勋臣分守九门","1","1","2"
"蓟镇总督赵光","1","1","2"
"辽东督师侍郎","1","1","2"
"东督师侍郎范","1","1","2"
"督师侍郎范志","1","1","2"
"师侍郎范志完","1","1","2"
"侍郎范志完入","1","1","2"
"前总督侍郎杨","1","1","2"
"总督侍郎杨文","1","1","2"
"督侍郎杨文岳","1","1","2"
"抚都御史宋一","1","1","2"
"都御史宋一鹤","1","1","2"
"留守沈寿崇等","1","1","2"
"守沈寿崇等死","1","1","2"
"总兵官张登科","1","1","2"
"张献忠陷武昌","2","0","2"
"籍大学士贺逢","1","1","2"
"大学士贺逢圣","1","1","2"
"学士贺逢圣等","1","1","2"
"士贺逢圣等死","1","1","2"
"免直省残破州","1","1","2"
"直省残破州县","1","1","2"
"省残破州县三","1","1","2"
"残破州县三饷","1","1","2"
"一切常赋二年","1","1","2"
"督师尚书孙传","1","1","2"
"师尚书孙传庭","1","1","2"
"巡抚都御史冯","1","1","2"
"抚都御史冯师","1","1","2"
"都御史冯师孔","1","1","2"
"吏部侍郎李建","1","1","2"
"部侍郎李建泰","1","1","2"
"副都御史方岳","1","1","2"
"都御史方岳贡","1","1","2"
"兵备副使都任","1","1","2"
"山西州县相继","1","1","2"
"抚都御史林日","1","1","2"
"都御史林日瑞","1","1","2"
"春正月庚寅朔","2","0","2"
"工部尚书范景","1","1","2"
"礼部侍郎丘瑜","1","1","2"
"瑜东阁大学士","2","0","2"
"巡抚都御史蔡","1","1","2"
"抚都御史蔡懋","1","1","2"
"都御史蔡懋德","1","1","2"
"御史蔡懋德等","1","1","2"
"总兵官周遇吉","1","1","2"
"杜勋等十人监","1","1","2"
"勋等十人监视","1","1","2"
"真定知府丘茂","1","1","2"
"定知府丘茂华","1","1","2"
"知府丘茂华杀","1","1","2"
"总督侍郎徐标","1","1","2"
"左都御史李邦","1","1","2"
"右庶子李明睿","1","1","2"
"庶子李明睿请","1","1","2"
"巡抚都御史卫","1","1","2"
"抚都御史卫景","1","1","2"
"都御史卫景瑗","1","1","2"
"总兵官唐通入","1","1","2"
"巡抚都御史朱","1","1","2"
"大学士范景文","1","1","2"
"建文元年夏六","1","1","2"
"文元年夏六月","1","1","2"
"燕山百户倪谅","1","1","2"
"山百户倪谅告","1","1","2"
"都指挥使谢贵","1","1","2"
"大将军部校张","1","1","2"
"将军部校张保","1","1","2"
"景隆合兵五十","1","1","2"
"隆合兵五十万","1","1","2"
"景隆进兵河间","1","1","2"
"溺死者十余万","1","1","2"
"死者十余万人","1","1","2"
"理少卿薛岩报","2","0","2"
"南北阵亡将士","1","1","2"
"番骑王骐跃入","1","1","2"
"大战齐眉山下","1","1","2"
"平安分兵六万","1","1","2"
"安分兵六万人","1","1","2"
"陈晖等三十七","1","1","2"
"晖等三十七人","1","1","2"
"乘胜直趋扬州","1","1","2"
"都督佥事陈瑄","2","0","2"
"督佥事陈瑄舟","2","0","2"
"佥事陈瑄舟师","2","0","2"
"事陈瑄舟师叛","2","0","2"
"下令抚安军民","1","1","2"
"方孝孺等五十","1","1","2"
"孝孺等五十余","1","1","2"
"孺等五十余人","1","1","2"
"迁兴宗孝康皇","1","1","2"
"宗孝康皇帝主","1","1","2"
"前北平按察使","1","1","2"
"北平按察使陈","1","1","2"
"平按察使陈瑛","1","1","2"
"随母妃吕氏居","1","1","2"
"母妃吕氏居懿","1","1","2"
"妃吕氏居懿文","1","1","2"
"吕氏居懿文太","1","1","2"
"氏居懿文太子","1","1","2"
"居懿文太子陵","1","1","2"
"懿文太子陵园","1","1","2"
"府尹薛正言等","1","1","2"
"尹薛正言等巡","1","1","2"
"薛正言等巡视","1","1","2"
"正言等巡视山","1","1","2"
"言等巡视山西","1","1","2"
"兵部尚书铁铉","1","1","2"
"封丘福淇国公","1","1","2"
"封驸马都尉王","1","1","2"
"驸马都尉王宁","1","1","2"
"督同知王佐皆","1","1","2"
"命北平州县弃","1","1","2"
"北平州县弃官","1","1","2"
"朱宁等二百一","1","1","2"
"宁等二百一十","1","1","2"
"等二百一十九","1","1","2"
"二百一十九人","1","1","2"
"百一十九人入","1","1","2"
"一十九人入粟","1","1","2"
"十九人入粟免","1","1","2"
"九人入粟免死","1","1","2"
"镇远侯顾成镇","1","1","2"
"母仁孝文皇后","1","1","2"
"周三世子分阅","1","1","2"
"三世子分阅卫","1","1","2"
"世子分阅卫士","1","1","2"
"拒李景隆五十","1","1","2"
"李景隆五十万","1","1","2"
"后黄俨等谋立","1","1","2"
"黄俨等谋立高","1","1","2"
"俨等谋立高燧","1","1","2"
"皇太孙迎丧开","1","1","2"
"太孙迎丧开平","1","1","2"
"保定侯孟瑛镇","1","1","2"
"襄城伯李隆镇","1","1","2"
"武进伯朱荣镇","1","1","2"
"指挥同知伍云","1","1","2"
"遣右都御史王","1","1","2"
"右都御史王彰","1","1","2"
"都御史王彰抚","1","1","2"
"御史王彰抚恤","1","1","2"
"都指挥同知陈","1","1","2"
"指挥同知陈忠","1","1","2"
"挥同知陈忠战","1","1","2"
"同知陈忠战死","1","1","2"
"赐吏部尚书蹇","1","1","2"
"诏天下都司卫","1","1","2"
"下都司卫所修","1","1","2"
"都司卫所修治","1","1","2"
"司卫所修治城","1","1","2"
"卫所修治城池","1","1","2"
"四方雨泽章奏","1","1","2"
"方雨泽章奏送","1","1","2"
"建文诸臣家属","1","1","2"
"赐户部尚书夏","1","1","2"
"尚书夏原吉绳","1","1","2"
"书夏原吉绳愆","1","1","2"
"夏原吉绳愆纠","1","1","2"
"原吉绳愆纠缪","1","1","2"
"吉绳愆纠缪银","1","1","2"
"都督方政同荣","1","1","2"
"督方政同荣昌","1","1","2"
"方政同荣昌伯","1","1","2"
"政同荣昌伯陈","1","1","2"
"同荣昌伯陈智","1","1","2"
"荣昌伯陈智镇","1","1","2"
"天下三司官姓","1","1","2"
"下三司官姓名","1","1","2"
"洪熙元年春正","1","1","2"
"熙元年春正月","1","1","2"
"元年春正月壬","2","0","2"
"御奉天门受朝","2","0","2"
"群臣修举职业","2","0","2"
"参将安平伯李","1","1","2"
"将安平伯李安","1","1","2"
"荣昌伯陈智同","1","1","2"
"昌伯陈智同镇","1","1","2"
"伯陈智同镇交","1","1","2"
"西角门诏大学","1","1","2"
"角门诏大学士","1","1","2"
"门诏大学士杨","1","1","2"
"诏大学士杨士","1","1","2"
"学士杨士奇草","1","1","2"
"士奇就门楼书","1","1","2"
"遣使召皇太子","1","1","2"
"仁宗世子居守","2","0","2"
"元年春正月己","2","0","2"
"江阴侯吴高镇","1","1","2"
"行都司大宁都","2","0","2"
"都司大宁都司","2","0","2"
"大宁地畀兀良","2","0","2"
"宁地畀兀良哈","2","0","2"
"都督佥事宣信","1","1","2"
"督佥事宣信充","1","1","2"
"封驸马都尉袁","1","1","2"
"驸马都尉袁容","1","1","2"
"马都尉袁容等","1","1","2"
"都尉袁容等三","1","1","2"
"尉袁容等三人","1","1","2"
"浙江等九省富","1","1","2"
"江等九省富民","1","1","2"
"夺历城侯盛庸","1","1","2"
"历城侯盛庸爵","1","1","2"
"琉球国山南王","1","1","2"
"清远伯王友充","1","1","2"
"封哈密安克帖","1","1","2"
"哈密安克帖木","1","1","2"
"徙山西民万户","2","0","2"
"山西民万户实","2","0","2"
"西民万户实北","2","0","2"
"民万户实北京","2","0","2"
"兴侯耿炳文家","1","1","2"
"三年春正月庚","2","0","2"
"保定田租二年","1","1","2"
"赵王高燧居守","1","1","2"
"王高燧居守北","1","1","2"
"高燧居守北京","1","1","2"
"三百三十八万","1","1","2"
"中山入贡者三","2","0","2"
"赐林环等进士","1","1","2"
"朱能征夷将军","2","0","2"
"大理卿陈洽督","1","1","2"
"父子首恶必诛","1","1","2"
"张辅大破安南","2","0","2"
"辅大破安南兵","2","0","2"
"回回结牙曲进","1","1","2"
"五年春正月丁","2","0","2"
"翰林学士解缙","1","1","2"
"永乐二年六月","1","1","2"
"左都督何福镇","1","1","2"
"除北京永乐五","1","1","2"
"北京永乐五年","1","1","2"
"永乐五年前逋","2","0","2"
"乐五年前逋赋","2","0","2"
"免诸色课程三","1","1","2"
"诸色课程三年","1","1","2"
"宁阳伯陈懋镇","1","1","2"
"山西永乐五年","1","1","2"
"封都督佥事柳","1","1","2"
"都督佥事柳升","1","1","2"
"晟简定战生厥","2","0","2"
"简定战生厥江","2","0","2"
"赐百官上元节","1","1","2"
"百官上元节假","1","1","2"
"巡狩所经郡县","1","1","2"
"致仕知府刘彦","1","1","2"
"仕知府刘彦才","1","1","2"
"知府刘彦才等","1","1","2"
"府刘彦才等九","1","1","2"
"刘彦才等九十","1","1","2"
"彦才等九十二","1","1","2"
"才等九十二人","1","1","2"
"等九十二人分","1","1","2"
"北京效力人民","1","1","2"
"察北巡郡县长","1","1","2"
"北巡郡县长吏","1","1","2"
"汶上知县史诚","1","1","2"
"上知县史诚祖","1","1","2"
"知县史诚祖治","1","1","2"
"县史诚祖治行","1","1","2"
"史诚祖治行第","1","1","2"
"诚祖治行第一","1","1","2"
"易州同知张腾","1","1","2"
"御史洪秉等四","1","1","2"
"史洪秉等四人","1","1","2"
"武安侯郑亨率","1","1","2"
"郭亮备御开平","1","1","2"
"宁阳侯陈懋随","1","1","2"
"阳侯陈懋随征","1","1","2"
"侯陈懋随征漠","1","1","2"
"陈懋随征漠北","1","1","2"
"命户部尚书夏","1","1","2"
"尚书夏原吉辅","1","1","2"
"瞻基留守北京","1","1","2"
"清远侯王友督","1","1","2"
"远侯王友督中","1","1","2"
"侯王友督中军","1","1","2"
"武安侯郑亨督","1","1","2"
"安侯郑亨督左","1","1","2"
"本雅失里七骑","2","0","2"
"雅失里七骑遁","2","0","2"
"回回哈剌马牙","1","1","2"
"回哈剌马牙杀","1","1","2"
"哈剌马牙杀都","1","1","2"
"剌马牙杀都指","1","1","2"
"马牙杀都指挥","1","1","2"
"牙杀都指挥刘","1","1","2"
"杀都指挥刘秉","1","1","2"
"都指挥刘秉谦","1","1","2"
"进封柳升安远","1","1","2"
"封柳升安远侯","1","1","2"
"宁夏都指挥王","1","1","2"
"九年春正月甲","2","0","2"
"工部尚书宋礼","1","1","2"
"部尚书宋礼开","1","1","2"
"宋礼开会通河","2","0","2"
"赐萧时中等进","1","1","2"
"萧时中等进士","1","1","2"
"祥符县黄河故","1","1","2"
"符县黄河故道","1","1","2"
"封哈密兔力帖","1","1","2"
"哈密兔力帖木","1","1","2"
"都指挥葛森镇","1","1","2"
"命府部诸臣陈","1","1","2"
"讨甘肃叛寇八","1","1","2"
"甘肃叛寇八耳","1","1","2"
"肃叛寇八耳思","1","1","2"
"叛寇八耳思朵","1","1","2"
"寇八耳思朵罗","1","1","2"
"八耳思朵罗歹","1","1","2"
"赐马铎等进士","1","1","2"
"侍讲杨荣经略","1","1","2"
"讲杨荣经略甘","1","1","2"
"杨荣经略甘肃","1","1","2"
"始设贵州布政","1","1","2"
"北京民户分养","1","1","2"
"玺书命皇太子","1","1","2"
"应城伯孙岩备","1","1","2"
"黄福参赞南京","1","1","2"
"尊皇太后太皇","2","0","2"
"坊司乐工三千","1","1","2"
"司乐工三千八","1","1","2"
"乐工三千八百","1","1","2"
"工三千八百余","1","1","2"
"三千八百余人","1","1","2"
"松荒田税粮减","1","1","2"
"荒田税粮减除","1","1","2"
"田税粮减除二","1","1","2"
"税粮减除二百","1","1","2"
"粮减除二百七","1","1","2"
"减除二百七十","1","1","2"
"除二百七十七","1","1","2"
"七十七万余石","1","1","2"
"夫四千七百余","1","1","2"
"四千七百余人","1","1","2"
"元年春正月丙","2","0","2"
"赐周旋等进士","1","1","2"
"都督同知赵安","1","1","2"
"贵州总兵官萧","1","1","2"
"州总兵官萧授","1","1","2"
"讨广西蒙顾十","1","1","2"
"广西蒙顾十六","1","1","2"
"西蒙顾十六洞","1","1","2"
"蒙顾十六洞贼","1","1","2"
"部尚书王骥经","1","1","2"
"尚书王骥经理","1","1","2"
"书王骥经理甘","1","1","2"
"王骥经理甘肃","1","1","2"
"骥经理甘肃边","1","1","2"
"部尚书魏源经","1","1","2"
"尚书魏源经理","1","1","2"
"书魏源经理大","1","1","2"
"魏源经理大同","1","1","2"
"源经理大同边","1","1","2"
"免陕西平凉六","1","1","2"
"陕西平凉六府","1","1","2"
"西平凉六府旱","1","1","2"
"平凉六府旱灾","1","1","2"
"赵安袭击阿台","1","1","2"
"安袭击阿台朵","1","1","2"
"征南将军黔国","1","1","2"
"南将军黔国公","1","1","2"
"将军黔国公沐","1","1","2"
"军黔国公沐晟","1","1","2"
"讨麓川叛蛮思","1","1","2"
"麓川叛蛮思任","1","1","2"
"川叛蛮思任发","1","1","2"
"下礼部尚书胡","1","1","2"
"右都御史陈智","1","1","2"
"都御史陈智等","1","1","2"
"四年春正月壬","2","0","2"
"总兵官萧授平","1","1","2"
"贵州计砂叛苗","1","1","2"
"右都督沐昂征","1","1","2"
"佥都御史王翱","1","1","2"
"侍讲学士马愉","1","1","2"
"佥都御史张纯","1","1","2"
"大理少卿李畛","1","1","2"
"侍郎何文渊等","1","1","2"
"郎何文渊等分","1","1","2"
"六年春正月己","2","0","2"
"刑科事中郭瑾","2","0","2"
"事中郭瑾录南","2","0","2"
"中郭瑾录南京","2","0","2"
"郭瑾录南京刑","2","0","2"
"瑾录南京刑狱","2","0","2"
"赐刘俨等进士","1","1","2"
"户部侍郎焦宏","1","1","2"
"命王骥总督云","1","1","2"
"王骥总督云南","1","1","2"
"骥总督云南军","1","1","2"
"总督云南军务","1","1","2"
"命平蛮将军蒋","1","1","2"
"平蛮将军蒋贵","1","1","2"
"祭酒李时勉荷","2","0","2"
"酒李时勉荷校","2","0","2"
"李时勉荷校国","2","0","2"
"宣宗废后胡氏","2","0","2"
"驸马都尉焦敬","1","1","2"
"右都御史王文","1","1","2"
"封陈怀平乡伯","1","1","2"
"翰林学士陈循","1","1","2"
"刑部侍郎马昂","1","1","2"
"下驸马都尉石","1","1","2"
"杀福建参议竺","1","1","2"
"福建参议竺渊","1","1","2"
"免湖广旱灾秋","1","1","2"
"湖广旱灾秋粮","1","1","2"
"侍读学士苗衷","1","1","2"
"侍讲学士高谷","1","1","2"
"太监王振等弟","1","1","2"
"监王振等弟侄","1","1","2"
"王振等弟侄世","1","1","2"
"振等弟侄世袭","1","1","2"
"等弟侄世袭锦","1","1","2"
"弟侄世袭锦衣","1","1","2"
"侄世袭锦衣卫","1","1","2"
"世袭锦衣卫官","1","1","2"
"下户部尚书王","1","1","2"
"大理少卿张骥","1","1","2"
"孟养宣慰司献","1","1","2"
"养宣慰司献思","1","1","2"
"宣慰司献思机","1","1","2"
"慰司献思机发","1","1","2"
"赐彭时等进士","1","1","2"
"都督同知宫聚","1","1","2"
"刑部侍郎丁铉","1","1","2"
"部侍郎丁铉抚","1","1","2"
"建贼邓茂七作","1","1","2"
"贼邓茂七作乱","1","1","2"
"宁阳侯陈懋充","1","1","2"
"金濂参赞军务","1","1","2"
"指挥佥事徐恭","1","1","2"
"讨处州贼叶宗","1","1","2"
"杀都指挥吴刚","1","1","2"
"御史十三人同","1","1","2"
"史十三人同中","1","1","2"
"十三人同中官","1","1","2"
"太监金英同法","1","1","2"
"侍读学士张益","1","1","2"
"巡按福建御史","1","1","2"
"按福建御史汪","1","1","2"
"福建御史汪澄","1","1","2"
"巡按御史柴文","1","1","2"
"按御史柴文显","1","1","2"
"都指挥高亮战","1","1","2"
"指挥高亮战死","1","1","2"
"南京谨身诸殿","1","1","2"
"西宁侯宋瑛总","1","1","2"
"宁侯宋瑛总督","1","1","2"
"侯宋瑛总督大","1","1","2"
"宋瑛总督大同","1","1","2"
"瑛总督大同兵","1","1","2"
"总督大同兵马","1","1","2"
"都督吴克勤战","1","1","2"
"皇太后命立皇","2","0","2"
"立皇子见深皇","2","0","2"
"皇子见深皇太","2","0","2"
"恭仁康定景皇","1","1","2"
"仁康定景皇帝","1","1","2"
"统十四年秋八","1","1","2"
"十四年秋八月","1","1","2"
"运粮诸军入卫","1","1","2"
"免景泰二年田","1","1","2"
"景泰二年田租","1","1","2"
"泰二年田租十","1","1","2"
"指挥佥事季铎","1","1","2"
"挥佥事季铎奉","1","1","2"
"佥事季铎奉皇","1","1","2"
"事季铎奉皇太","1","1","2"
"季铎奉皇太后","1","1","2"
"总兵官安乡伯","1","1","2"
"兵官安乡伯张","1","1","2"
"官安乡伯张安","1","1","2"
"指挥佥事王清","1","1","2"
"都督同知陈友","1","1","2"
"诸将分守九门","1","1","2"
"太常少卿赵荣","1","1","2"
"昌平伯杨洪充","1","1","2"
"都督同知董兴","1","1","2"
"户部侍郎孟鉴","1","1","2"
"大同总兵官郭","1","1","2"
"同总兵官郭登","1","1","2"
"广东都指挥李","1","1","2"
"东都指挥李升","1","1","2"
"大理寺丞李茂","1","1","2"
"督同知刘安充","1","1","2"
"佥都御史曹泰","1","1","2"
"副总兵田礼大","1","1","2"
"左都御史陈镒","1","1","2"
"太监金英家人","1","1","2"
"大理寺丞罗绮","1","1","2"
"右都御史杨善","1","1","2"
"刑部右侍郎江","1","1","2"
"部右侍郎江渊","1","1","2"
"巡抚河南副都","1","1","2"
"抚河南副都御","1","1","2"
"河南副都御史","1","1","2"
"南副都御史王","1","1","2"
"诏天下朝觐官","1","1","2"
"赐柯潜等进士","1","1","2"
"游击将军石彪","1","1","2"
"击将军石彪等","1","1","2"
"将军石彪等巡","1","1","2"
"尚书石璞总督","1","1","2"
"书石璞总督军","1","1","2"
"石璞总督军务","1","1","2"
"礼部左侍郎王","1","1","2"
"部左侍郎王一","1","1","2"
"左侍郎王一宁","1","1","2"
"尚书金濂违诏","2","0","2"
"讨湖广巴马苗","1","1","2"
"命都御史王文","1","1","2"
"史王文巡视安","1","1","2"
"左都御史王文","1","1","2"
"都督同知卫颍","1","1","2"
"赐孙贤等进士","1","1","2"
"总督两广副都","1","1","2"
"督两广副都御","1","1","2"
"两广副都御史","1","1","2"
"广副都御史马","1","1","2"
"副都御史马昂","1","1","2"
"礼部郎中章纶","1","1","2"
"请复沂王皇太","2","0","2"
"复沂王皇太子","2","0","2"
"命天下巡抚官","1","1","2"
"天下巡抚官赴","1","1","2"
"下巡抚官赴京","1","1","2"
"巡抚官赴京师","1","1","2"
"御史刘广衡巡","1","1","2"
"史刘广衡巡抚","1","1","2"
"刘广衡巡抚浙","1","1","2"
"广衡巡抚浙江","1","1","2"
"太监王诚同法","1","1","2"
"大理少卿李茂","1","1","2"
"理少卿李茂等","1","1","2"
"京大理少卿廖","1","1","2"
"大理少卿廖庄","1","1","2"
"松饥民米麦一","1","1","2"
"饥民米麦一百","1","1","2"
"民米麦一百余","1","1","2"
"米麦一百余万","1","1","2"
"麦一百余万石","1","1","2"
"方瑛大破湖广","1","1","2"
"瑛大破湖广苗","1","1","2"
"明年元旦朝贺","1","1","2"
"副都御史徐贞","2","0","2"
"贞等迎上皇复","2","0","2"
"等迎上皇复位","2","0","2"
"武成中卫军二","1","1","2"
"成中卫军二百","1","1","2"
"中卫军二百户","1","1","2"
"卫军二百户守","1","1","2"
"成化十一年十","1","1","2"
"化十一年十二","1","1","2"
"世宗钦天履道","1","1","2"
"宗钦天履道英","1","1","2"
"钦天履道英毅","1","1","2"
"宣文广武洪仁","1","1","2"
"文广武洪仁大","1","1","2"
"广武洪仁大孝","1","1","2"
"武洪仁大孝肃","1","1","2"
"洪仁大孝肃皇","1","1","2"
"仁大孝肃皇帝","1","1","2"
"议兴献王封号","1","1","2"
"吏部侍郎袁宗","1","1","2"
"部侍郎袁宗皋","1","1","2"
"军校三万余人","1","1","2"
"监局寺厂司库","1","1","2"
"匠役投充新设","1","1","2"
"四万八千余人","1","1","2"
"德平知县龚谅","1","1","2"
"平知县龚谅死","1","1","2"
"祖母宪宗贵妃","1","1","2"
"母宪宗贵妃邵","1","1","2"
"宪宗贵妃邵氏","1","1","2"
"封王守仁新建","1","1","2"
"王守仁新建伯","1","1","2"
"抚都御史许铭","1","1","2"
"总督军务右都","1","1","2"
"督军务右都御","1","1","2"
"军务右都御史","1","1","2"
"务右都御史俞","1","1","2"
"右都御史俞谏","1","1","2"
"总兵官鲁纲讨","1","1","2"
"兵官鲁纲讨平","1","1","2"
"官鲁纲讨平河","1","1","2"
"鲁纲讨平河南","1","1","2"
"犯密云石塘岭","1","1","2"
"杀指挥使殷隆","1","1","2"
"免嘉靖元年天","1","1","2"
"嘉靖元年天下","1","1","2"
"靖元年天下税","1","1","2"
"元年天下税粮","1","1","2"
"都指挥王纲战","1","1","2"
"指挥王纲战死","1","1","2"
"陕西同时地震","2","0","2"
"京刑部主事桂","1","1","2"
"刑部主事桂萼","1","1","2"
"部主事桂萼请","1","1","2"
"主事桂萼请改","1","1","2"
"事桂萼请改称","1","1","2"
"桂萼请改称孝","1","1","2"
"上昭圣皇太后","1","1","2"
"昭圣皇太后尊","1","1","2"
"太后尊号曰昭","2","0","2"
"后尊号曰昭圣","2","0","2"
"昭圣康惠慈寿","1","1","2"
"圣康惠慈寿皇","1","1","2"
"康惠慈寿皇太","1","1","2"
"惠慈寿皇太后","1","1","2"
"上兴国太后尊","1","1","2"
"兴国太后尊号","1","1","2"
"编修邹守益请","1","1","2"
"兴献帝称考立","1","1","2"
"献帝称考立庙","1","1","2"
"章圣皇太后尊","1","1","2"
"下员外郎马理","1","1","2"
"员外郎马理等","1","1","2"
"外郎马理等一","1","1","2"
"郎马理等一百","1","1","2"
"马理等一百三","1","1","2"
"理等一百三十","1","1","2"
"抚都御史张文","1","1","2"
"都御史张文锦","1","1","2"
"吏部侍郎贾咏","1","1","2"
"尚书金献民总","1","1","2"
"都督佥事杭雄","1","1","2"
"督佥事杭雄充","1","1","2"
"太监张忠提督","1","1","2"
"监张忠提督军","1","1","2"
"张忠提督军务","1","1","2"
"户部侍郎胡瓒","1","1","2"
"部侍郎胡瓒提","1","1","2"
"侍郎胡瓒提督","1","1","2"
"郎胡瓒提督宣","1","1","2"
"鲁迷国贡狮子","2","0","2"
"总兵官姜奭击","2","0","2"
"兵官姜奭击败","2","0","2"
"赐庐州知府龙","1","1","2"
"庐州知府龙诰","1","1","2"
"命道士邵元节","1","1","2"
"参将王经战死","1","1","2"
"参将关山战死","1","1","2"
"礼部侍郎翟銮","1","1","2"
"京兵部尚书王","1","1","2"
"兵部尚书王守","1","1","2"
"部尚书王守仁","1","1","2"
"下刑部尚书颜","1","1","2"
"刑部尚书颜颐","1","1","2"
"部尚书颜颐寿","1","1","2"
"大理寺卿汤沐","1","1","2"
"理寺卿汤沐等","1","1","2"
"少詹事方献夫","1","1","2"
"考核天下巡抚","1","1","2"
"核天下巡抚官","1","1","2"
"右都御史伍文","1","1","2"
"都御史伍文定","1","1","2"
"兵部尚书提督","1","1","2"
"部尚书提督军","1","1","2"
"尚书提督军务","1","1","2"
"侍郎梁材督理","1","1","2"
"尊章圣皇太后","1","1","2"
"章圣慈仁皇太","1","1","2"
"圣慈仁皇太后","1","1","2"
"八年春正月己","2","0","2"
"赐罗洪先等进","1","1","2"
"罗洪先等进士","1","1","2"
"下郎中魏应召","1","1","2"
"郎中魏应召等","1","1","2"
"右都御史熊浃","1","1","2"
"九年春正月丁","2","0","2"
"皇后亲蚕北郊","2","0","2"
"四川分守中官","1","1","2"
"召张孚敬复入","2","0","2"
"张孚敬复入阁","2","0","2"
"赐林大钦等进","1","1","2"
"林大钦等进士","1","1","2"
"免畿内灾秋粮","2","0","2"
"免南畿灾夏税","2","0","2"
"变敕群臣修省","2","0","2"
"抚都御史宋沧","1","1","2"
"巡抚都御史吴","1","1","2"
"抚都御史吴山","1","1","2"
"提督侍郎陶谐","1","1","2"
"副总兵梁震击","1","1","2"
"总兵梁震击败","1","1","2"
"总督宣大侍郎","1","1","2"
"督宣大侍郎张","1","1","2"
"宣大侍郎张瓒","1","1","2"
"大侍郎张瓒抚","1","1","2"
"参将任杰击败","1","1","2"
"督理仓场中官","1","1","2"
"召费宏复入阁","2","0","2"
"赐韩应龙等进","1","1","2"
"韩应龙等进士","1","1","2"
"五年春二月癸","2","0","2"
"官军四战皆败","1","1","2"
"加上两宫皇太","1","1","2"
"指挥赵镗战死","1","1","2"
"杀参将张国辅","1","1","2"
"昌国公张鹤龄","1","1","2"
"国公张鹤龄下","1","1","2"
"公张鹤龄下狱","1","1","2"
"赐茅瓒等进士","1","1","2"
"尚书毛伯温参","1","1","2"
"都指挥周冕战","1","1","2"
"指挥周冕战死","1","1","2"
"督都御史刘天","1","1","2"
"书掌詹事府事","1","1","2"
"掌詹事府事顾","1","1","2"
"詹事府事顾鼎","1","1","2"
"事府事顾鼎臣","1","1","2"
"上太宗庙号成","1","1","2"
"太宗庙号成祖","1","1","2"
"献皇帝庙号睿","1","1","2"
"皇帝庙号睿宗","1","1","2"
"大享上帝玄极","2","0","2"
"享上帝玄极宝","2","0","2"
"上太祖高皇帝","1","1","2"
"八年春二月庚","2","0","2"
"安南莫方瀛请","1","1","2"
"毛伯温征安南","2","0","2"
"延绥总兵官任","1","1","2"
"绥总兵官任杰","1","1","2"
"总兵官任杰追","1","1","2"
"兵官任杰追击","1","1","2"
"赐沈坤等进士","1","1","2"
"参将郑东战死","1","1","2"
"巡抚都御史龙","1","1","2"
"抚都御史龙大","1","1","2"
"参将张世忠战","1","1","2"
"将张世忠战死","1","1","2"
"临清镇守内外","1","1","2"
"清镇守内外官","1","1","2"
"赐彭教等进士","1","1","2"
"诏内阁九卿考","1","1","2"
"内阁九卿考核","1","1","2"
"阁九卿考核天","1","1","2"
"九卿考核天下","1","1","2"
"都督同知赵辅","1","1","2"
"佥都御史韩雍","1","1","2"
"免天下军卫屯","1","1","2"
"工部侍郎沈义","1","1","2"
"佥都御史吴琛","1","1","2"
"朱永靖虏将军","2","0","2"
"工部尚书白圭","1","1","2"
"礼部侍郎邹干","1","1","2"
"部侍郎邹干巡","1","1","2"
"侍郎邹干巡视","1","1","2"
"郎邹干巡视畿","1","1","2"
"邹干巡视畿内","1","1","2"
"干巡视畿内饥","1","1","2"
"巡视畿内饥民","1","1","2"
"赐罗伦等进士","1","1","2"
"福建市舶司提","1","1","2"
"建市舶司提举","1","1","2"
"都指挥焦政战","1","1","2"
"指挥焦政战死","1","1","2"
"翰林院侍读学","1","1","2"
"林院侍读学士","1","1","2"
"院侍读学士刘","1","1","2"
"侍读学士刘定","1","1","2"
"部尚书程信提","1","1","2"
"尚书程信提督","1","1","2"
"书程信提督军","1","1","2"
"程信提督军务","1","1","2"
"左庶子黎淳追","1","1","2"
"四十五年十二","1","1","2"
"免明年天下田","1","1","2"
"明年天下田赋","1","1","2"
"礼部侍郎张居","1","1","2"
"部侍郎张居正","1","1","2"
"指挥王承德战","1","1","2"
"抚都御史曹亨","1","1","2"
"都御史曹亨驻","1","1","2"
"御史曹亨驻兵","1","1","2"
"史曹亨驻兵通","1","1","2"
"曹亨驻兵通州","1","1","2"
"总兵官李世忠","1","1","2"
"宁夏总兵官雷","1","1","2"
"夏总兵官雷龙","1","1","2"
"总兵官雷龙塞","2","0","2"
"广西总兵官俞","1","1","2"
"西总兵官俞大","1","1","2"
"俞大猷讨广东","2","0","2"
"赐罗万化等进","1","1","2"
"罗万化等进士","1","1","2"
"大同总兵官赵","1","1","2"
"同总兵官赵岢","1","1","2"
"将周云翔杀参","1","1","2"
"周云翔杀参将","1","1","2"
"云翔杀参将耿","1","1","2"
"翔杀参将耿宗","1","1","2"
"杀参将耿宗元","1","1","2"
"总兵官郭成等","1","1","2"
"御史詹仰庇请","1","1","2"
"礼部尚书赵贞","1","1","2"
"部尚书赵贞吉","1","1","2"
"尚宝寺丞郑履","1","1","2"
"宝寺丞郑履淳","1","1","2"
"分设三大营文","1","1","2"
"副总兵钱栋战","1","1","2"
"总兵钱栋战死","1","1","2"
"兵官王治道等","1","1","2"
"官王治道等战","1","1","2"
"王治道等战死","1","1","2"
"置总督协理大","1","1","2"
"总督协理大臣","1","1","2"
"礼部尚书殷士","1","1","2"
"部尚书殷士儋","1","1","2"
"赐张元忭等进","1","1","2"
"张元忭等进士","1","1","2"
"京师地震者三","2","0","2"
"赵全余党十三","1","1","2"
"全余党十三人","1","1","2"
"礼部尚书高仪","1","1","2"
"召大学士高拱","1","1","2"
"太常寺卿许彬","1","1","2"
"封石亨忠国公","1","1","2"
"封孙镗怀宁伯","1","1","2"
"钦天监正汤序","1","1","2"
"杀昌平侯杨俊","1","1","2"
"吏部侍郎李贤","1","1","2"
"赐黎淳等进士","1","1","2"
"参将种兴战死","1","1","2"
"巡抚贵州副都","1","1","2"
"抚贵州副都御","1","1","2"
"贵州副都御史","1","1","2"
"州副都御史蒋","1","1","2"
"副都御史蒋琳","1","1","2"
"太常少卿彭时","1","1","2"
"广西总兵官朱","1","1","2"
"西总兵官朱瑛","1","1","2"
"封曹钦昭武伯","1","1","2"
"安远侯柳溥充","1","1","2"
"兵部尚书陈汝","1","1","2"
"部尚书陈汝言","1","1","2"
"都督佥事周贤","1","1","2"
"都指挥李鉴战","1","1","2"
"巡抚两广佥都","1","1","2"
"抚两广佥都御","1","1","2"
"两广佥都御史","1","1","2"
"广佥都御史叶","1","1","2"
"佥都御史叶盛","1","1","2"
"赐王一夔等进","1","1","2"
"王一夔等进士","1","1","2"
"免江西灾秋粮","2","0","2"
"阅随操武臣骑","1","1","2"
"随操武臣骑射","1","1","2"
"五年春正月庚","2","0","2"
"都督佥事颜彪","1","1","2"
"贵州总兵官李","1","1","2"
"州总兵官李震","1","1","2"
"兵部尚书马昂","1","1","2"
"部尚书马昂总","1","1","2"
"尚书马昂总督","1","1","2"
"书马昂总督军","1","1","2"
"马昂总督军务","1","1","2"
"怀宁伯孙镗充","1","1","2"
"总督京营太监","1","1","2"
"督京营太监曹","1","1","2"
"京营太监曹吉","1","1","2"
"营太监曹吉祥","1","1","2"
"左都御史寇深","1","1","2"
"七年春正月丙","2","0","2"
"巡按御史李蕃","1","1","2"
"东巡按御史杨","1","1","2"
"西巡按御史韩","1","1","2"
"巡按御史韩祺","1","1","2"
"广东总兵官欧","1","1","2"
"东总兵官欧信","1","1","2"
"总兵官欧信会","1","1","2"
"巡抚广西佥都","1","1","2"
"抚广西佥都御","1","1","2"
"广西佥都御史","1","1","2"
"西佥都御史吴","1","1","2"
"佥都御史吴桢","1","1","2"
"都御史吴桢节","1","1","2"
"御史吴桢节制","1","1","2"
"史吴桢节制两","1","1","2"
"吴桢节制两广","1","1","2"
"桢节制两广诸","1","1","2"
"节制两广诸军","1","1","2"
"下右都御史李","1","1","2"
"右都御史李宾","1","1","2"
"副都御史林聪","1","1","2"
"皇太子摄事文","2","0","2"
"中正圣文神武","1","1","2"
"仁大德敬皇帝","1","1","2"
"成化六年七月","1","1","2"
"化六年七月生","1","1","2"
"时万贵妃专宠","2","0","2"
"悼恭太子薨后","2","0","2"
"二十三年八月","1","1","2"
"吏部左侍郎翰","2","0","2"
"部左侍郎翰林","2","0","2"
"左侍郎翰林学","2","0","2"
"翰林学士徐溥","1","1","2"
"林学士徐溥入","1","1","2"
"封占城王子古","1","1","2"
"始考察镇守武","1","1","2"
"都指挥廖斌击","1","1","2"
"指挥廖斌击败","1","1","2"
"汰管理银场官","1","1","2"
"土鲁番杀忠顺","1","1","2"
"鲁番杀忠顺王","1","1","2"
"番杀忠顺王罕","1","1","2"
"杀忠顺王罕慎","1","1","2"
"闭会川卫银矿","1","1","2"
"年春正月甲子","2","0","2"
"命天下预备仓","1","1","2"
"赐钱福等进士","1","1","2"
"通政使元守直","1","1","2"
"内官烧造瓷器","1","1","2"
"命陕巴袭封忠","1","1","2"
"陕巴袭封忠顺","1","1","2"
"巴袭封忠顺王","1","1","2"
"功臣绝封者后","1","1","2"
"广西副总兵马","1","1","2"
"西副总兵马俊","1","1","2"
"浙江额外织造","1","1","2"
"湖广总兵官镇","1","1","2"
"广总兵官镇远","1","1","2"
"总兵官镇远侯","1","1","2"
"兵官镇远侯顾","1","1","2"
"官镇远侯顾溥","1","1","2"
"贵州巡抚都御","1","1","2"
"州巡抚都御史","1","1","2"
"巡抚都御史邓","1","1","2"
"抚都御史邓廷","1","1","2"
"都御史邓廷瓒","1","1","2"
"布政使刘大夏","1","1","2"
"赐毛澄等进士","1","1","2"
"鲁番速檀阿黑","1","1","2"
"番速檀阿黑麻","1","1","2"
"速檀阿黑麻袭","1","1","2"
"督同知缑谦经","1","1","2"
"同知缑谦经略","1","1","2"
"知缑谦经略哈","1","1","2"
"缑谦经略哈密","1","1","2"
"天下镇巡官修","1","1","2"
"江伯陈锐同刘","1","1","2"
"伯陈锐同刘大","1","1","2"
"陈锐同刘大夏","1","1","2"
"锐同刘大夏治","1","1","2"
"甘肃总兵官刘","1","1","2"
"肃总兵官刘宁","1","1","2"
"礼部侍郎李东","1","1","2"
"部侍郎李东阳","1","1","2"
"少詹事谢迁入","1","1","2"
"詹事谢迁入阁","1","1","2"
"黄陵冈河口工","1","1","2"
"封宋儒杨时将","1","1","2"
"宋儒杨时将乐","1","1","2"
"儒杨时将乐伯","1","1","2"
"广西副总兵欧","1","1","2"
"西副总兵欧磐","1","1","2"
"副总兵欧磐击","1","1","2"
"大理少卿马中","1","1","2"
"理少卿马中锡","1","1","2"
"赐朱希周等进","1","1","2"
"朱希周等进士","1","1","2"
"武冈知州刘逊","1","1","2"
"十年春正月庚","2","0","2"
"甘肃参将杨翥","1","1","2"
"三边都御史王","1","1","2"
"边都御史王越","1","1","2"
"都御史王越袭","1","1","2"
"免陕西织造羊","1","1","2"
"福建织造彩布","1","1","2"
"赐伦文叙等进","1","1","2"
"伦文叙等进士","1","1","2"
"游击将军王杲","1","1","2"
"户部左侍郎许","1","1","2"
"部左侍郎许进","1","1","2"
"左侍郎许进提","1","1","2"
"侍郎许进提督","1","1","2"
"郎许进提督军","1","1","2"
"许进提督军务","1","1","2"
"游击将军张俊","1","1","2"
"犯延绥神木堡","1","1","2"
"陕西织造中官","1","1","2"
"工部侍郎李鐩","2","0","2"
"军务都御史史","1","1","2"
"务都御史史琳","1","1","2"
"监军太监苗逵","1","1","2"
"军太监苗逵分","1","1","2"
"太监苗逵分道","1","1","2"
"监苗逵分道进","1","1","2"
"京户部尚书王","1","1","2"
"户部尚书王轼","1","1","2"
"左副都御史提","1","1","2"
"副都御史提督","1","1","2"
"都御史提督军","1","1","2"
"御史提督军务","1","1","2"
"御史清理屯田","1","1","2"
"分遣侍郎何鉴","1","1","2"
"大理寺丞吴一","1","1","2"
"理寺丞吴一贯","1","1","2"
"饶州督造瓷器","1","1","2"
"州督造瓷器中","1","1","2"
"督造瓷器中官","1","1","2"
"赐康海等进士","1","1","2"
"王轼破斩米鲁","1","1","2"
"边卫设养济院","1","1","2"
"琼州黎贼作乱","1","1","2"
"冬十一月甲戌","2","0","2"
"京工部侍郎高","1","1","2"
"工部侍郎高铨","1","1","2"
"室一帝一后制","1","1","2"
"葬孝肃皇太后","1","1","2"
"遣大学士李东","2","0","2"
"大理少卿吴一","1","1","2"
"理少卿吴一贯","1","1","2"
"丛兰分道经略","1","1","2"
"兰分道经略边","1","1","2"
"左副都御史阎","1","1","2"
"副都御史阎仲","1","1","2"
"都御史阎仲宇","1","1","2"
"通政司参议熊","1","1","2"
"政司参议熊伟","1","1","2"
"司参议熊伟分","1","1","2"
"太常少卿孙交","1","1","2"
"常少卿孙交经","1","1","2"
"少卿孙交经略","1","1","2"
"卿孙交经略宣","1","1","2"
"小王子诸部围","1","1","2"
"陷宁夏清水营","1","1","2"
"赐顾鼎臣等进","1","1","2"
"顾鼎臣等进士","1","1","2"
"刑部侍郎何鉴","1","1","2"
"部侍郎何鉴抚","1","1","2"
"总兵官吴瑛等","1","1","2"
"兵官吴瑛等击","1","1","2"
"官吴瑛等击败","1","1","2"
"赐秦鸣雷等进","1","1","2"
"秦鸣雷等进士","1","1","2"
"逮总督宣大兵","2","0","2"
"总督宣大兵部","2","0","2"
"兵部尚书翟鹏","1","1","2"
"巡抚蓟镇佥都","1","1","2"
"抚蓟镇佥都御","1","1","2"
"蓟镇佥都御史","1","1","2"
"镇佥都御史朱","1","1","2"
"佥都御史朱方","1","1","2"
"都御史朱方下","1","1","2"
"御史朱方下狱","1","1","2"
"兵部侍郎张汉","1","1","2"
"部侍郎张汉下","1","1","2"
"侍郎张汉下狱","1","1","2"
"杀守备张文瀚","1","1","2"
"千户汪洪战死","1","1","2"
"代府奉国将军","1","1","2"
"府奉国将军充","1","1","2"
"奉国将军充灼","1","1","2"
"国将军充灼谋","1","1","2"
"将军充灼谋反","1","1","2"
"赐李春芳等进","1","1","2"
"李春芳等进士","1","1","2"
"川都御史张时","1","1","2"
"都御史张时彻","1","1","2"
"户部尚书王杲","1","1","2"
"甘肃总兵官仇","1","1","2"
"参将阎振战死","1","1","2"
"西三边侍郎曾","1","1","2"
"指挥顾相等战","1","1","2"
"挥顾相等战死","1","1","2"
"赐唐汝楫等进","1","1","2"
"唐汝楫等进士","1","1","2"
"副总兵林椿战","1","1","2"
"总兵林椿战死","1","1","2"
"俺答大举入寇","2","0","2"
"巡抚侍郎杨守","1","1","2"
"抚侍郎杨守谦","1","1","2"
"分遣御史选边","1","1","2"
"遣御史选边军","1","1","2"
"御史选边军入","1","1","2"
"史选边军入卫","1","1","2"
"兵部侍郎史道","1","1","2"
"部侍郎史道经","1","1","2"
"侍郎史道经理","1","1","2"
"下经略京城副","1","1","2"
"经略京城副都","1","1","2"
"略京城副都御","1","1","2"
"京城副都御史","1","1","2"
"城副都御史商","1","1","2"
"副都御史商大","1","1","2"
"都御史商大节","1","1","2"
"指挥佥事王恭","1","1","2"
"山东巡抚都御","1","1","2"
"兵部侍郎蒋应","1","1","2"
"部侍郎蒋应奎","1","1","2"
"左通政唐国卿","1","1","2"
"杀副总兵李梅","1","1","2"
"兵部侍郎杨博","1","1","2"
"部侍郎杨博巡","1","1","2"
"赐陈谨等进士","1","1","2"
"副总兵郭都战","1","1","2"
"总兵郭都战死","1","1","2"
"师尚诏攻太康","1","1","2"
"抚都御史赵时","1","1","2"
"都御史赵时春","1","1","2"
"都司周应桢等","1","1","2"
"知县唐一岑死","1","1","2"
"京兵部尚书张","1","1","2"
"松兵备副使任","1","1","2"
"兵备副使任环","1","1","2"
"兵部侍郎杨宜","1","1","2"
"部侍郎杨宜总","1","1","2"
"侍郎杨宜总督","1","1","2"
"郎杨宜总督军","1","1","2"
"杨宜总督军务","1","1","2"
"苏松巡抚都御","1","1","2"
"松巡抚都御史","1","1","2"
"抚都御史曹邦","1","1","2"
"都御史曹邦辅","1","1","2"
"巡抚浙江副都","1","1","2"
"抚浙江副都御","1","1","2"
"浙江副都御史","1","1","2"
"江副都御史李","1","1","2"
"副都御史李天","1","1","2"
"都御史李天宠","1","1","2"
"免畿内水灾税","1","1","2"
"畿内水灾税粮","1","1","2"
"赐诸大绶等进","1","1","2"
"诸大绶等进士","1","1","2"
"赵文华提督江","1","1","2"
"文华提督江南","1","1","2"
"杀副总兵陈凤","1","1","2"
"官军营造工役","1","1","2"
"芝一千八百六","1","1","2"
"海道副使谭纶","1","1","2"
"浙江总兵官俞","1","1","2"
"江总兵官俞大","1","1","2"
"凤阳都御史李","1","1","2"
"阳都御史李遂","1","1","2"
"副使刘景韶大","1","1","2"
"总督蓟辽右都","1","1","2"
"督蓟辽右都御","1","1","2"
"蓟辽右都御史","1","1","2"
"辽右都御史王","1","1","2"
"右都御史王忬","1","1","2"
"游击董国忠等","1","1","2"
"杀总督粮储侍","1","1","2"
"总督粮储侍郎","1","1","2"
"督粮储侍郎黄","1","1","2"
"粮储侍郎黄懋","1","1","2"
"大同总兵官刘","1","1","2"
"同总兵官刘汉","1","1","2"
"杀守备武守爵","1","1","2"
"入广东博罗县","1","1","2"
"杀副使汪一中","1","1","2"
"礼部尚书袁炜","1","1","2"
"赐申时行等进","1","1","2"
"申时行等进士","1","1","2"
"延绥总兵官赵","1","1","2"
"绥总兵官赵岢","1","1","2"
"总兵官赵岢分","1","1","2"
"大同总兵官姜","1","1","2"
"同总兵官姜应","1","1","2"
"兵官戚继光大","1","1","2"
"官戚继光大败","1","1","2"
"知县魏文瑞死","1","1","2"
"赐范应期等进","1","1","2"
"范应期等进士","1","1","2"
"礼部尚书李春","1","1","2"
"部尚书李春芳","1","1","2"
"总兵官刘承业","1","1","2"
"部主事海瑞上","1","1","2"
"主事海瑞上疏","1","1","2"
"吏部尚书郭朴","1","1","2"
"礼部尚书高拱","1","1","2"
"除弘治十六年","1","1","2"
"太监苗逵监督","1","1","2"
"监苗逵监督军","1","1","2"
"苗逵监督军务","1","1","2"
"都御史史琳提","1","1","2"
"御史史琳提督","1","1","2"
"史史琳提督军","1","1","2"
"史琳提督军务","1","1","2"
"乱政内臣马永","1","1","2"
"政内臣马永成","1","1","2"
"内臣马永成等","1","1","2"
"臣马永成等八","1","1","2"
"马永成等八人","1","1","2"
"除曲阜孔氏田","1","1","2"
"曲阜孔氏田赋","1","1","2"
"史薄彦徽等二","1","1","2"
"薄彦徽等二十","1","1","2"
"彦徽等二十一","1","1","2"
"徽等二十一人","1","1","2"
"杖御史王良臣","1","1","2"
"复宁王宸濠护","1","1","2"
"宁王宸濠护卫","1","1","2"
"边巡抚都御史","1","1","2"
"管粮郎中下狱","1","1","2"
"京户部尚书杨","1","1","2"
"户部尚书杨廷","1","1","2"
"翰林学士吴俨","1","1","2"
"京工部侍郎毕","1","1","2"
"工部侍郎毕亨","1","1","2"
"吏部尚书刘宇","1","1","2"
"围总兵官吴江","1","1","2"
"总制尚书才宽","1","1","2"
"制尚书才宽战","1","1","2"
"尚书才宽战死","1","1","2"
"谢迁等六百七","1","1","2"
"迁等六百七十","1","1","2"
"等六百七十五","1","1","2"
"右都御史王哲","1","1","2"
"都御史王哲巡","1","1","2"
"御史王哲巡视","1","1","2"
"史王哲巡视南","1","1","2"
"刑部尚书洪钟","1","1","2"
"部尚书洪钟总","1","1","2"
"巡抚都御史安","1","1","2"
"抚都御史安惟","1","1","2"
"都御史安惟学","1","1","2"
"御史杨一清总","1","1","2"
"史杨一清总制","1","1","2"
"杨一清总制宁","1","1","2"
"一清总制宁夏","1","1","2"
"泾阳伯神英充","1","1","2"
"游击将军仇钺","1","1","2"
"击将军仇钺袭","1","1","2"
"部尚书张彩下","1","1","2"
"尚书张彩下狱","1","1","2"
"封仇钺咸宁伯","1","1","2"
"吏部尚书刘忠","1","1","2"
"封太监张永兄","1","1","2"
"封义子指挥同","1","1","2"
"义子指挥同知","1","1","2"
"子指挥同知朱","1","1","2"
"指挥同知朱德","1","1","2"
"都御史陈金总","1","1","2"
"赐杨慎等进士","1","1","2"
"惠安伯张伟充","1","1","2"
"右都御史马中","1","1","2"
"都御史马中锡","1","1","2"
"御史马中锡提","1","1","2"
"史马中锡提督","1","1","2"
"马中锡提督军","1","1","2"
"中锡提督军务","1","1","2"
"州县税粮一年","1","1","2"
"典史李暹战死","1","1","2"
"礼部尚书费宏","1","1","2"
"兵备副使冯杰","1","1","2"
"主簿李铨战死","1","1","2"
"副都御史彭泽","1","1","2"
"指挥佥事蔡显","1","1","2"
"挥佥事蔡显等","1","1","2"
"都督佥事冯祯","1","1","2"
"副都御史马炳","1","1","2"
"都御史马炳然","1","1","2"
"江西贼杀副使","1","1","2"
"西贼杀副使周","1","1","2"
"贼杀副使周宪","1","1","2"
"陆完追歼刘七","1","1","2"
"完追歼刘七等","1","1","2"
"追歼刘七等贼","1","1","2"
"赐义子一百二","1","1","2"
"义子一百二十","1","1","2"
"子一百二十七","1","1","2"
"一百二十七人","1","1","2"
"右副都御史俞","1","1","2"
"副都御史俞谏","1","1","2"
"都御史俞谏代","1","1","2"
"佥都御史陈玉","1","1","2"
"都御史陈玉巡","1","1","2"
"京刑部侍郎邓","1","1","2"
"刑部侍郎邓璋","1","1","2"
"礼部尚书靳贵","1","1","2"
"赐唐皋等进士","1","1","2"
"彭泽总督甘肃","1","1","2"
"泽总督甘肃军","1","1","2"
"总督甘肃军务","1","1","2"
"太监张永提督","1","1","2"
"监张永提督军","1","1","2"
"张永提督军务","1","1","2"
"免南畿旱灾秋","1","1","2"
"南畿旱灾秋粮","1","1","2"
"男子三千四百","1","1","2"
"子三千四百余","1","1","2"
"三千四百余人","1","1","2"
"千四百余人充","1","1","2"
"犯蓟州白羊口","1","1","2"
"太监张忠监督","1","1","2"
"监张忠监督军","1","1","2"
"张忠监督军务","1","1","2"
"左都督刘晖充","1","1","2"
"工部侍郎赵璜","1","1","2"
"左都御史彭泽","1","1","2"
"礼部尚书蒋冕","1","1","2"
"赐舒芬等进士","1","1","2"
"礼部尚书毛纪","1","1","2"
"巡关御史张钦","1","1","2"
"关御史张钦闭","1","1","2"
"御史张钦闭关","1","1","2"
"史张钦闭关拒","1","1","2"
"副都御史吴廷","1","1","2"
"葬孝贞纯皇后","1","1","2"
"总兵官朱寿亲","1","1","2"
"将军总兵官太","1","1","2"
"军总兵官太师","1","1","2"
"总兵官太师镇","1","1","2"
"兵官太师镇国","1","1","2"
"官太师镇国公","1","1","2"
"太师镇国公朱","1","1","2"
"师镇国公朱寿","1","1","2"
"国公朱寿将巡","1","1","2"
"下兵部郎中黄","1","1","2"
"兵部郎中黄巩","1","1","2"
"金吾卫都指挥","1","1","2"
"吾卫都指挥佥","1","1","2"
"都指挥佥事张","1","1","2"
"指挥佥事张英","1","1","2"
"行人司副余廷","1","1","2"
"人司副余廷瓒","1","1","2"
"黄巩等三十九","1","1","2"
"巩等三十九人","1","1","2"
"湖广流民归业","1","1","2"
"巡抚江西右副","1","1","2"
"抚江西右副都","1","1","2"
"江西右副都御","1","1","2"
"西右副都御史","1","1","2"
"右副都御史孙","1","1","2"
"副都御史孙燧","1","1","2"
"南昌兵备副使","1","1","2"
"昌兵备副使许","1","1","2"
"兵备副使许逵","1","1","2"
"备副使许逵死","1","1","2"
"提督南赣汀漳","1","1","2"
"督南赣汀漳军","1","1","2"
"南赣汀漳军务","1","1","2"
"赣汀漳军务副","1","1","2"
"汀漳军务副都","1","1","2"
"漳军务副都御","1","1","2"
"军务副都御史","1","1","2"
"务副都御史王","1","1","2"
"副都御史王守","1","1","2"
"幸大学士杨一","1","1","2"
"大学士靳贵丧","1","1","2"
"吏部尚书陆完","1","1","2"
"巡抚云南副都","1","1","2"
"抚云南副都御","1","1","2"
"云南副都御史","1","1","2"
"南副都御史何","1","1","2"
"副都御史何孟","1","1","2"
"御史何孟春讨","1","1","2"
"京城内外皇店","1","1","2"
"李震大破靖州","1","1","2"
"震大破靖州苗","1","1","2"
"副都御史原杰","1","1","2"
"川都御史张瓒","1","1","2"
"左通政方贤下","1","1","2"
"通政方贤下西","1","1","2"
"政方贤下西厂","1","1","2"
"方贤下西厂狱","1","1","2"
"工部尚书张文","1","1","2"
"部尚书张文质","1","1","2"
"四年春正月甲","2","0","2"
"免浙江灾秋粮","2","0","2"
"赐曾彦等进士","1","1","2"
"松副都御史牟","1","1","2"
"副都御史牟俸","1","1","2"
"驸马都尉马诚","1","1","2"
"劾侍郎马文升","1","1","2"
"封朱永保国公","1","1","2"
"王越提督军务","1","1","2"
"督两广军务都","1","1","2"
"两广军务都御","1","1","2"
"广军务都御史","1","1","2"
"军务都御史朱","1","1","2"
"务都御史朱英","1","1","2"
"总兵官平乡伯","1","1","2"
"兵官平乡伯陈","1","1","2"
"官平乡伯陈政","1","1","2"
"赐王华等进士","1","1","2"
"怀恩同法司录","2","0","2"
"恩同法司录囚","2","0","2"
"汪直监督军务","1","1","2"
"取太仓银三分","1","1","2"
"饶州烧造御器","1","1","2"
"州烧造御器内","1","1","2"
"烧造御器内臣","1","1","2"
"巡抚都御史秦","1","1","2"
"太监张善监督","1","1","2"
"监张善监督军","1","1","2"
"张善监督军务","1","1","2"
"定西侯蒋琬充","1","1","2"
"同总督尚书余","1","1","2"
"总督尚书余子","1","1","2"
"督尚书余子俊","1","1","2"
"兵部左侍郎尹","1","1","2"
"部左侍郎尹直","1","1","2"
"副都御史边镛","1","1","2"
"通政司参议田","1","1","2"
"政司参议田景","1","1","2"
"司参议田景贤","1","1","2"
"参议田景贤巡","1","1","2"
"议田景贤巡视","1","1","2"
"田景贤巡视大","1","1","2"
"景贤巡视大同","1","1","2"
"赐费宏等进士","1","1","2"
"武二十五年九","1","1","2"
"内殿行家人礼","1","1","2"
"重者七十三条","1","1","2"
"云南总兵官西","1","1","2"
"南总兵官西平","1","1","2"
"总兵官西平侯","1","1","2"
"兵官西平侯沐","1","1","2"
"官西平侯沐春","1","1","2"
"左副将何福代","1","1","2"
"平都指挥使司","1","1","2"
"何福破斩刀干","1","1","2"
"福破斩刀干孟","1","1","2"
"节制文武吏士","1","1","2"
"定内外大小官","1","1","2"
"内外大小官制","1","1","2"
"遣燕王世子高","1","1","2"
"燕王世子高炽","1","1","2"
"北平都指挥张","1","1","2"
"平都指挥张信","1","1","2"
"都指挥张信叛","1","1","2"
"郭亮等叛降燕","1","1","2"
"驸马都尉李坚","1","1","2"
"中外臣民军士","1","1","2"
"杨文帅辽东兵","2","0","2"
"吴高退保山海","1","1","2"
"高退保山海关","1","1","2"
"李景隆燕兵战","2","0","2"
"赐胡广等进士","1","1","2"
"指挥滕聚等皆","1","1","2"
"挥滕聚等皆战","1","1","2"
"滕聚等皆战死","1","1","2"
"功臣罪废者后","1","1","2"
"春正月辛酉朔","2","0","2"
"驻易州西水寨","1","1","2"
"真定诸将遣兵","1","1","2"
"诏中官奉使侵","1","1","2"
"中官奉使侵暴","1","1","2"
"官奉使侵暴吏","1","1","2"
"奉使侵暴吏民","1","1","2"
"使侵暴吏民者","1","1","2"
"马都尉梅殷镇","1","1","2"
"礼部侍郎陈性","1","1","2"
"部侍郎陈性善","1","1","2"
"指挥王礼等叛","1","1","2"
"挥王礼等叛降","1","1","2"
"王礼等叛降燕","1","1","2"
"修撰王叔英分","1","1","2"
"撰王叔英分道","1","1","2"
"镇江守将童俊","1","1","2"
"江守将童俊叛","1","1","2"
"守将童俊叛降","1","1","2"
"将童俊叛降燕","1","1","2"
"命诸王分守都","1","1","2"
"诸王分守都城","1","1","2"
"钧州人杨行祥","1","1","2"
"川提学副使冯","1","1","2"
"提学副使冯时","1","1","2"
"应天巡抚李涞","1","1","2"
"顺天巡抚王致","1","1","2"
"天巡抚王致祥","1","1","2"
"南京太仆卿徐","1","1","2"
"年正月庚寅朔","2","0","2"
"延安卫柳树涧","1","1","2"
"安卫柳树涧人","1","1","2"
"罗罗斯宣慰安","1","1","2"
"罗斯宣慰安定","1","1","2"
"八月十五日献","1","1","2"
"月十五日献俘","1","1","2"
"兵官朱寿统率","1","1","2"
"官朱寿统率六","1","1","2"
"朱寿统率六军","1","1","2"
"两江口长官彭","1","1","2"
"江口长官彭胜","1","1","2"
"口长官彭胜祖","1","1","2"
"长官彭胜祖违","1","1","2"
"谦益结党受贿","1","1","2"
"遣中军吴家相","1","1","2"
"睢陈兵备佥事","1","1","2"
"古庙前遇病人","1","1","2"
"崇祯二年进士","1","1","2"
"左光斗同事同","1","1","2"
"光斗同事同心","1","1","2"
"寿图疏陈十害","1","1","2"
"督师杨嗣昌兵","1","1","2"
"总兵官刘良佐","1","1","2"
"慈炎招降峒贼","1","1","2"
"炎招降峒贼张","1","1","2"
"招降峒贼张安","1","1","2"
"通政经历沈禄","1","1","2"
"礼官刘龙等争","1","1","2"
"工部左侍郎黎","1","1","2"
"公卿贤士日论","1","1","2"
"卿贤士日论治","1","1","2"
"贤士日论治道","1","1","2"
"中官张钦义子","1","1","2"
"官张钦义子李","1","1","2"
"张钦义子李贤","1","1","2"
"锦衣世袭指挥","1","1","2"
"陛下混一天下","1","1","2"
"后翼统军元帅","1","1","2"
"令中书郎王敏","1","1","2"
"释氏创立职官","1","1","2"
"戒敕治狱者务","1","1","2"
"攒〈木朔〉刺","2","0","2"
"广西佥事王佑","1","1","2"
"二十三年七月","1","1","2"
"丞相失烈门等","1","1","2"
"相失烈门等数","1","1","2"
"失烈门等数十","1","1","2"
"玉宾散居干崖","1","1","2"
"尚书林尧俞言","2","0","2"
"俘斩八百六十","1","1","2"
"太原左卫指挥","1","1","2"
"原左卫指挥同","1","1","2"
"左卫指挥同知","1","1","2"
"正统元年会试","1","1","2"
"统元年会试第","1","1","2"
"元年会试第一","1","1","2"
"承天门外桥南","1","1","2"
"管理后湖黄册","1","1","2"
"送后湖东西二","1","1","2"
"后湖东西二库","1","1","2"
"后军五都督府","1","1","2"
"军卫指挥使司","1","1","2"
"卫指挥使司十","1","1","2"
"指挥使司十七","1","1","2"
"初命侍郎总督","1","1","2"
"命侍郎总督粮","1","1","2"
"侍郎总督粮储","1","1","2"
"生员专治一经","1","1","2"
"外国王印三等","1","1","2"
"宣宗末年乙卯","1","1","2"
"御史何文渊九","1","1","2"
"史何文渊九人","1","1","2"
"金吾指挥陆龄","1","1","2"
"吾指挥陆龄讨","1","1","2"
"祀历代帝王庙","1","1","2"
"夏侯周德兴讨","1","1","2"
"侯周德兴讨平","1","1","2"
"安南黎惟潭篡","1","1","2"
"赐刘若宰等进","1","1","2"
"刘若宰等进士","1","1","2"
"太监李奇茂监","1","1","2"
"监李奇茂监视","1","1","2"
"李奇茂监视陕","1","1","2"
"奇茂监视陕西","1","1","2"
"茂监视陕西茶","1","1","2"
"监视陕西茶马","1","1","2"
"吴直监视登岛","1","1","2"
"直监视登岛兵","1","1","2"
"监视登岛兵粮","1","1","2"
"平凉新旧辽饷","1","1","2"
"部尚书高第经","1","1","2"
"尚书高第经略","1","1","2"
"书高第经略辽","1","1","2"
"秋七月乙丑朔","2","0","2"
"三边侍郎郑崇","1","1","2"
"边侍郎郑崇俭","1","1","2"
"太平县玛瑙山","1","1","2"
"封总兵官吴三","1","1","2"
"都督佥事黄中","1","1","2"
"始命云南乡试","1","1","2"
"皇太子摄享太","1","1","2"
"太子摄享太庙","1","1","2"
"太监王贵监督","1","1","2"
"左都御史王翱","1","1","2"
"都御史王翱总","1","1","2"
"御史王翱总督","1","1","2"
"史王翱总督两","1","1","2"
"王翱总督两广","1","1","2"
"翱总督两广军","1","1","2"
"奉迎母妃蒋氏","1","1","2"
"上慈寿皇太后","1","1","2"
"慈寿皇太后尊","1","1","2"
"寿皇太后尊号","1","1","2"
"追尊孝惠皇太","1","1","2"
"尊孝惠皇太后","1","1","2"
"上皇天上帝号","1","1","2"
"穆宗契天隆道","1","1","2"
"宗契天隆道渊","1","1","2"
"契天隆道渊懿","1","1","2"
"天隆道渊懿宽","1","1","2"
"隆道渊懿宽仁","1","1","2"
"道渊懿宽仁显","1","1","2"
"渊懿宽仁显文","1","1","2"
"懿宽仁显文光","1","1","2"
"宽仁显文光武","1","1","2"
"仁显文光武纯","1","1","2"
"显文光武纯德","1","1","2"
"文光武纯德弘","1","1","2"
"光武纯德弘孝","1","1","2"
"武纯德弘孝庄","1","1","2"
"纯德弘孝庄皇","1","1","2"
"德弘孝庄皇帝","1","1","2"
"广东贼曾一本","1","1","2"
"杀知县刘师颜","1","1","2"
"大同总兵官李","1","1","2"
"同总兵官李文","1","1","2"
"宣府总兵官杨","1","1","2"
"府总兵官杨能","1","1","2"
"葬孝恭章皇后","1","1","2"
"指挥刘钦等战","1","1","2"
"挥刘钦等战死","1","1","2"
"封方士陶仲文","1","1","2"
"免南畿水灾税","1","1","2"
"南畿水灾税粮","1","1","2"
"杖刑部员外郎","1","1","2"
"都督府经历张","1","1","2"
"督府经历张黻","1","1","2"
"懿文太子第二","1","1","2"
"文太子第二子","1","1","2"
"教授余逢辰死","1","1","2"
"大兴左卫副千","1","1","2"
"兴左卫副千户","1","1","2"
"亨佩征西前将","1","1","2"
"佩征西前将军","1","1","2"
"征西前将军印","1","1","2"
"河南卫副千户","1","1","2"
"杀懿州路总管","1","1","2"
"懿州路总管吕","1","1","2"
"州路总管吕震","1","1","2"
"永昌侯蓝玉北","1","1","2"
"昌侯蓝玉北征","1","1","2"
"胡海分道进攻","1","1","2"
"海分道进攻赤","1","1","2"
"分道进攻赤水","1","1","2"
"道进攻赤水河","1","1","2"
"进攻赤水河路","1","1","2"
"太祖命大将军","1","1","2"
"祖命大将军徐","1","1","2"
"大将军徐达总","1","1","2"
"英武卫亲军指","1","1","2"
"武卫亲军指挥","1","1","2"
"讨平沂州答山","1","1","2"
"平沂州答山贼","1","1","2"
"陕西行都督府","1","1","2"
"西行都督府佥","1","1","2"
"行都督府佥事","1","1","2"
"大同卫指挥使","1","1","2"
"取大柳树诸寨","1","1","2"
"朔州卫指挥副","1","1","2"
"州卫指挥副使","1","1","2"
"天道后举者胜","1","1","2"
"元左丞田保保","1","1","2"
"左丞田保保等","1","1","2"
"获将士五百余","1","1","2"
"将士五百余人","1","1","2"
"云南巡抚都御","1","1","2"
"抚都御史何孟","1","1","2"
"御史何孟春请","1","1","2"
"进攻湖南蛮寇","1","1","2"
"贺宗哲合兵力","1","1","2"
"宗哲合兵力拒","1","1","2"
"御制神道碑文","1","1","2"
"翊运推诚宣德","1","1","2"
"运推诚宣德靖","1","1","2"
"推诚宣德靖远","1","1","2"
"诚宣德靖远功","1","1","2"
"宣德靖远功臣","1","1","2"
"开府仪同三司","1","1","2"
"太子爱猷识里","1","1","2"
"子爱猷识里达","1","1","2"
"爱猷识里达腊","1","1","2"
"猷识里达腊新","1","1","2"
"识里达腊新立","1","1","2"
"愈分守抚州门","1","1","2"
"正十一年九月","1","1","2"
"败元威顺王宽","1","1","2"
"元威顺王宽彻","1","1","2"
"泰州白驹场亭","1","1","2"
"州白驹场亭人","1","1","2"
"虎贲卫千户所","1","1","2"
"贲卫千户所镇","1","1","2"
"卫千户所镇抚","1","1","2"
"尽通经史百家","1","1","2"
"总兵官朱谦告","1","1","2"
"兵官朱谦告急","1","1","2"
"破阳山贼周公","1","1","2"
"阳山贼周公转","1","1","2"
"新兴贼邓李保","1","1","2"
"兴贼邓李保等","1","1","2"
"命成国公朱能","1","1","2"
"城侯李彬等十","1","1","2"
"侯李彬等十八","1","1","2"
"左副将军西平","1","1","2"
"军西平侯沐晟","1","1","2"
"上书论国家大","1","1","2"
"书论国家大计","1","1","2"
"赞南京守备襄","1","1","2"
"南京守备襄城","1","1","2"
"京守备襄城伯","1","1","2"
"守备襄城伯李","1","1","2"
"备襄城伯李隆","1","1","2"
"襄城伯李隆机","1","1","2"
"城伯李隆机务","1","1","2"
"永乐四年大征","1","1","2"
"乐四年大征安","1","1","2"
"四年大征安南","1","1","2"
"济川卫指挥佥","1","1","2"
"川卫指挥佥事","1","1","2"
"蒲台妖妇唐赛","1","1","2"
"正统十二年赠","1","1","2"
"灰等部落五千","1","1","2"
"等部落五千人","1","1","2"
"左副将军李坚","1","1","2"
"副将军李坚迎","1","1","2"
"生擒都指挥花","1","1","2"
"擒都指挥花英","1","1","2"
"八年十二月定","1","1","2"
"年十二月定都","1","1","2"
"十二月定都北","1","1","2"
"二月定都北京","1","1","2"
"魏国公徐达战","1","1","2"
"国公徐达战灰","1","1","2"
"公徐达战灰山","1","1","2"
"平侯沐英征云","1","1","2"
"侯沐英征云南","1","1","2"
"凉州卫千户虎","1","1","2"
"州卫千户虎保","1","1","2"
"龙州知州薛继","1","1","2"
"州知州薛继贤","1","1","2"
"知州薛继贤击","1","1","2"
"州薛继贤击贼","1","1","2"
"王骥讨思任发","1","1","2"
"彭城卫指挥使","1","1","2"
"沙州卫都督喃","1","1","2"
"州卫都督喃哥","1","1","2"
"卫都督喃哥兄","1","1","2"
"都督喃哥兄弟","1","1","2"
"济宁卫指挥使","1","1","2"
"燕山右护卫指","1","1","2"
"山右护卫指挥","1","1","2"
"右护卫指挥佥","1","1","2"
"护卫指挥佥事","1","1","2"
"右丞相伯卜花","1","1","2"
"初名脱脱孛罗","1","1","2"
"卫都督佥事困","1","1","2"
"事中葛绍祖巡","1","1","2"
"中葛绍祖巡抚","1","1","2"
"葛绍祖巡抚四","1","1","2"
"绍祖巡抚四川","1","1","2"
"大臣考察天下","1","1","2"
"臣考察天下方","1","1","2"
"考察天下方面","1","1","2"
"察天下方面官","1","1","2"
"筑沛县刁阳湖","1","1","2"
"济宁南旺湖长","1","1","2"
"宁南旺湖长堤","1","1","2"
"太祖第十七子","1","1","2"
"孔友谅等七人","1","1","2"
"友谅等七人历","1","1","2"
"谅等七人历事","1","1","2"
"等七人历事六","1","1","2"
"七人历事六科","1","1","2"
"六年七月辛巳","1","1","2"
"时勉请改建国","1","1","2"
"太祖孝慈高皇","1","1","2"
"祖孝慈高皇后","1","1","2"
"孝慈高皇后马","1","1","2"
"慈高皇后马氏","1","1","2"
"登州卫指挥佥","1","1","2"
"肇庆恩平十三","1","1","2"
"庆恩平十三村","1","1","2"
"邻邑苔村三巢","1","1","2"
"崇祯六年授衡","1","1","2"
"祯六年授衡阳","1","1","2"
"六年授衡阳知","1","1","2"
"年授衡阳知县","1","1","2"
"成化三年封庆","1","1","2"
"化三年封庆云","1","1","2"
"三年封庆云伯","1","1","2"
"改称皇伯母昭","1","1","2"
"称皇伯母昭圣","1","1","2"
"皇伯母昭圣皇","1","1","2"
"伯母昭圣皇太","1","1","2"
"母昭圣皇太后","1","1","2"
"庄烈帝生母孝","1","1","2"
"烈帝生母孝纯","1","1","2"
"帝生母孝纯皇","1","1","2"
"生母孝纯皇太","1","1","2"
"母孝纯皇太后","1","1","2"
"魏忠贤尽毁天","1","1","2"
"忠贤尽毁天下","1","1","2"
"贤尽毁天下书","1","1","2"
"尽毁天下书院","1","1","2"
"密云卫指挥佥","1","1","2"
"云卫指挥佥事","1","1","2"
"北平都指挥佥","1","1","2"
"平都指挥佥事","1","1","2"
"破兀良哈屈裂","2","0","2"
"兀良哈屈裂河","2","0","2"
"迤北部长四十","1","1","2"
"北部长四十九","1","1","2"
"部长四十九人","1","1","2"
"济阳卫指挥佥","1","1","2"
"指挥同知累迁","1","1","2"
"累迁都督佥事","2","0","2"
"永宁卫指挥佥","1","1","2"
"强占丹阳练湖","1","1","2"
"占丹阳练湖八","1","1","2"
"丹阳练湖八十","1","1","2"
"阳练湖八十余","1","1","2"
"练湖八十余里","1","1","2"
"江阴官田七十","1","1","2"
"阴官田七十余","1","1","2"
"官田七十余顷","1","1","2"
"正统七年五月","1","1","2"
"指挥柳琮合兵","1","1","2"
"所谓神道设教","1","1","2"
"圣子圣孙继继","1","1","2"
"子圣孙继继绳","1","1","2"
"圣孙继继绳绳","1","1","2"
"劾都御史袁泰","1","1","2"
"时礼部侍郎董","1","1","2"
"礼部侍郎董伦","1","1","2"
"黄淮等五人二","1","1","2"
"淮等五人二品","1","1","2"
"等五人二品纱","1","1","2"
"五人二品纱罗","1","1","2"
"人二品纱罗衣","1","1","2"
"广西布政司参","1","1","2"
"西布政司参议","1","1","2"
"宗人府经历高","1","1","2"
"蹇义天资厚重","1","1","2"
"正统元年八月","1","1","2"
"进右春坊大学","2","0","2"
"杨士奇同掌内","1","1","2"
"士奇同掌内制","1","1","2"
"汉王久蓄异志","1","1","2"
"乘肩舆登万岁","1","1","2"
"肩舆登万岁山","1","1","2"
"正统十四年六","1","1","2"
"统十四年六月","1","1","2"
"长沙妖人李法","1","1","2"
"沙妖人李法良","1","1","2"
"吏部追论靖难","1","1","2"
"部追论靖难兵","1","1","2"
"广西按察佥事","1","1","2"
"右春坊右庶子","1","1","2"
"礼部郎中周讷","1","1","2"
"部郎中周讷请","1","1","2"
"所过山川要害","1","1","2"
"年十月命幼孜","1","1","2"
"宣德六年十二","1","1","2"
"德六年十二月","1","1","2"
"副都御史练子","1","1","2"
"都御史练子宁","1","1","2"
"永乐二年九月","1","1","2"
"皇太孙留守北","1","1","2"
"北京国子监祭","1","1","2"
"公卿大夫彬彬","1","1","2"
"国学二十余年","1","1","2"
"正统八年八月","1","1","2"
"秦府引礼舍人","1","1","2"
"郎甸长官司吏","1","1","2"
"甸长官司吏目","1","1","2"
"左班文职奸臣","1","1","2"
"班文职奸臣罪","1","1","2"
"文职奸臣罪状","1","1","2"
"妻毕氏孀居母","1","1","2"
"毕氏孀居母家","1","1","2"
"翁夫人血影石","1","1","2"
"颍州人刘福通","1","1","2"
"正十一年五月","1","1","2"
"福通兵陷大名","1","1","2"
"杀宣慰使董搏","1","1","2"
"宣慰使董搏霄","1","1","2"
"五月攻下汴梁","1","1","2"
"姬宗周等分守","1","1","2"
"屯田三百六十","1","1","2"
"张士诚将吕珍","1","1","2"
"儒生讲论经史","1","1","2"
"苏州卫指挥使","1","1","2"
"年进都督同知","2","0","2"
"副征南将军邓","1","1","2"
"秦淮翼水军元","1","1","2"
"淮翼水军元帅","1","1","2"
"前总制亲兵左","1","1","2"
"总制亲兵左副","1","1","2"
"制亲兵左副指","1","1","2"
"亲兵左副指挥","1","1","2"
"兵左副指挥使","1","1","2"
"陈友谅陷太平","2","0","2"
"约张士诚合攻","1","1","2"
"张士诚合攻应","1","1","2"
"帐前亲兵副都","1","1","2"
"前亲兵副都指","1","1","2"
"亲兵副都指挥","1","1","2"
"兵副都指挥使","1","1","2"
"太子右率府使","1","1","2"
"定湖南衡州诸","1","1","2"
"湖南衡州诸郡","1","1","2"
"龙江卫指挥使","1","1","2"
"获战船三百余","1","1","2"
"战船三百余艘","1","1","2"
"守将李福安等","1","1","2"
"兴翼元帅府永","2","0","2"
"翼元帅府永兴","2","0","2"
"进大都督府佥","2","0","2"
"泾阳洪渠十万","1","1","2"
"阳洪渠十万余","1","1","2"
"洪渠十万余丈","1","1","2"
"秦王左相都督","1","1","2"
"王左相都督佥","1","1","2"
"左相都督佥事","1","1","2"
"陕西徽州妖人","1","1","2"
"先锋九千人驻","1","1","2"
"太常卿黄子澄","1","1","2"
"刑部尚书郑赐","1","1","2"
"本卫指挥副使","1","1","2"
"河南都指挥使","1","1","2"
"赐白金二十罂","1","1","2"
"前军都督府佥","1","1","2"
"十七年论平云","2","0","2"
"七年论平云南","2","0","2"
"年论平云南功","2","0","2"
"年副征西将军","2","0","2"
"副征西将军耿","1","1","2"
"征西将军耿炳","1","1","2"
"西将军耿炳文","1","1","2"
"佥都御史张春","1","1","2"
"都御史张春等","1","1","2"
"命诸戚里大臣","1","1","2"
"云龙跃马大呼","1","1","2"
"豹韬卫指挥使","1","1","2"
"淮安卫指挥使","1","1","2"
"北平行省参知","1","1","2"
"平行省参知政","1","1","2"
"隘口一百二十","1","1","2"
"千六百人屯田","1","1","2"
"元平章僧家奴","1","1","2"
"攻克刘学士诸","1","1","2"
"克刘学士诸寨","1","1","2"
"江淮行省平章","1","1","2"
"淮行省平章政","1","1","2"
"梁城守将卢斌","1","1","2"
"山东行省平章","1","1","2"
"东行省平章政","1","1","2"
"将士收复诸山","1","1","2"
"士收复诸山寨","1","1","2"
"秦淮翼副元帅","1","1","2"
"元左丞余阙守","1","1","2"
"横海指挥同知","1","1","2"
"充征南副将军","2","0","2"
"李参政等二十","1","1","2"
"同延安侯唐胜","1","1","2"
"镇武卫指挥同","1","1","2"
"武卫指挥同知","1","1","2"
"常遇春下襄阳","1","1","2"
"安陆卫指挥使","1","1","2"
"入土豪赤塘王","1","1","2"
"土豪赤塘王总","1","1","2"
"豪赤塘王总管","1","1","2"
"宝庆卫指挥佥","1","1","2"
"北门八角亭先","1","1","2"
"门八角亭先登","1","1","2"
"五开诸苗蛮先","1","1","2"
"开诸苗蛮先后","1","1","2"
"副将军沐英会","1","1","2"
"将军沐英会师","1","1","2"
"王弼洱水东趋","2","0","2"
"弼洱水东趋上","2","0","2"
"讨平澧州九溪","1","1","2"
"平澧州九溪诸","1","1","2"
"澧州九溪诸蛮","1","1","2"
"州九溪诸蛮寇","1","1","2"
"二十四年七月","1","1","2"
"福州卫都指挥","1","1","2"
"州卫都指挥副","1","1","2"
"卫都指挥副使","1","1","2"
"复命署都指挥","1","1","2"
"命署都指挥使","1","1","2"
"署都指挥使司","1","1","2"
"都指挥使司事","1","1","2"
"获倭船十余艘","1","1","2"
"赵普胜栅江营","2","0","2"
"缮广东边海城","1","1","2"
"广东边海城堡","1","1","2"
"补支禄三百石","1","1","2"
"夏侯周德兴征","1","1","2"
"河源县务副使","1","1","2"
"惠州人王仲刚","1","1","2"
"广东分省参政","1","1","2"
"擢江西行省参","2","0","2"
"迁山西右布政","2","0","2"
"镇南卫指挥佥","1","1","2"
"南卫指挥佥事","1","1","2"
"南海官军三百","1","1","2"
"海官军三百余","1","1","2"
"官军三百余人","1","1","2"
"广东都司发兵","1","1","2"
"陈猱头等二十","1","1","2"
"猱头等二十余","1","1","2"
"头等二十余人","1","1","2"
"貊高合攻扩廓","1","1","2"
"思齐等分道南","1","1","2"
"弟良臣庆阳降","2","0","2"
"扩廓拥兵塞上","1","1","2"
"扩廓复攻雁门","1","1","2"
"遣户部尚书张","1","1","2"
"江西等处行中","1","1","2"
"西等处行中书","1","1","2"
"等处行中书省","1","1","2"
"处行中书省平","1","1","2"
"行中书省平章","1","1","2"
"汀州府判蔡公","1","1","2"
"州府判蔡公安","1","1","2"
"守将完者帖木","1","1","2"
"漳州守将罗良","1","1","2"
"福清宣慰使陈","1","1","2"
"清宣慰使陈瑞","1","1","2"
"宣慰使陈瑞孙","1","1","2"
"建阳人詹翰拒","1","1","2"
"友定威震八闽","1","1","2"
"文忠浦城取建","2","0","2"
"忠浦城取建宁","2","0","2"
"宣政使朵耳麻","1","1","2"
"元世祖第五子","1","1","2"
"世祖第五子云","1","1","2"
"祖第五子云南","1","1","2"
"第五子云南王","1","1","2"
"五子云南王忽","1","1","2"
"子云南王忽哥","1","1","2"
"云南王忽哥赤","1","1","2"
"王走营金马山","2","0","2"
"遣湖广参政吴","1","1","2"
"湖广参政吴云","1","1","2"
"广参政吴云偕","1","1","2"
"大军所获云南","1","1","2"
"军所获云南使","1","1","2"
"所获云南使臣","1","1","2"
"获云南使臣铁","1","1","2"
"云南使臣铁知","1","1","2"
"南使臣铁知院","1","1","2"
"使臣铁知院等","1","1","2"
"洪武十四年十","1","1","2"
"武十四年十二","1","1","2"
"司徒平章达里","1","1","2"
"徒平章达里麻","1","1","2"
"天策卫指挥同","1","1","2"
"策卫指挥同知","1","1","2"
"攻张士诚升山","1","1","2"
"张士诚升山水","1","1","2"
"士诚升山水寨","1","1","2"
"逻古北诸隘口","2","0","2"
"王信等四十六","1","1","2"
"四年左副将军","2","0","2"
"年追论胡惟庸","1","1","2"
"追论胡惟庸党","1","1","2"
"天兴翼副元帅","1","1","2"
"进佥大都督府","2","0","2"
"副将军冯胜驻","1","1","2"
"平章高家奴等","1","1","2"
"定辽卫指挥使","1","1","2"
"总理军务数年","1","1","2"
"士诚遣五太子","1","1","2"
"乔右丞等三十","1","1","2"
"右丞等三十四","1","1","2"
"丞等三十四人","1","1","2"
"降将杜旺等十","1","1","2"
"将杜旺等十一","1","1","2"
"杜旺等十一人","1","1","2"
"马鞍山西番寨","1","1","2"
"奉命巡视河南","1","1","2"
"滁阳王郭子兴","1","1","2"
"鹰扬卫指挥使","1","1","2"
"大败张士诚兵","2","0","2"
"轻骑直捣奉元","1","1","2"
"年徐达镇北平","2","0","2"
"追坐胡惟庸党","2","0","2"
"天策卫亲军指","1","1","2"
"策卫亲军指挥","1","1","2"
"立河南行都督","1","1","2"
"河南行都督府","1","1","2"
"破泽州磨盘寨","1","1","2"
"元守将吕国公","1","1","2"
"副枢失剌罕等","1","1","2"
"枢失剌罕等七","1","1","2"
"失剌罕等七十","1","1","2"
"同佥忻都等五","1","1","2"
"佥忻都等五十","1","1","2"
"忻都等五十四","1","1","2"
"都等五十四人","1","1","2"
"军卫指挥使改","1","1","2"
"大将军徐达西","1","1","2"
"山西都司卫所","1","1","2"
"西都司卫所军","1","1","2"
"都司卫所军务","1","1","2"
"安南卫指挥使","1","1","2"
"浙江行省右丞","1","1","2"
"大将军伐中原","2","0","2"
"元平章龙二弃","1","1","2"
"平章龙二弃城","1","1","2"
"元参政毛贵等","1","1","2"
"参政毛贵等三","1","1","2"
"政毛贵等三十","1","1","2"
"毛贵等三十人","1","1","2"
"夏侯周德兴帅","2","0","2"
"傅友德平云南","2","0","2"
"云南布政司事","1","1","2"
"龙骧卫指挥同","1","1","2"
"骧卫指挥同知","1","1","2"
"镇武卫指挥使","1","1","2"
"元平章刘麟等","1","1","2"
"平章刘麟等十","1","1","2"
"章刘麟等十八","1","1","2"
"刘麟等十八人","1","1","2"
"元太尉卢伯颜","1","1","2"
"省院等官二十","1","1","2"
"院等官二十五","1","1","2"
"等官二十五人","1","1","2"
"龙骧卫指挥佥","1","1","2"
"骧卫指挥佥事","1","1","2"
"骠骑卫指挥同","1","1","2"
"骑卫指挥同知","1","1","2"
"追获元将忻都","1","1","2"
"安丰卫指挥使","1","1","2"
"浙东山寇叶丁","1","1","2"
"东山寇叶丁香","1","1","2"
"山寇叶丁香等","1","1","2"
"右丞兀卜台等","1","1","2"
"十五年巡视陕","1","1","2"
"五年巡视陕西","1","1","2"
"左翼统军元帅","1","1","2"
"骠骑卫指挥使","1","1","2"
"赣州卫指挥使","1","1","2"
"节制岭南北新","1","1","2"
"美东卫指挥使","1","1","2"
"治胡惟庸逆党","1","1","2"
"永兴亲军指挥","1","1","2"
"兴亲军指挥司","1","1","2"
"西安卫指挥使","1","1","2"
"置贵州都指挥","1","1","2"
"贵州都指挥使","1","1","2"
"州都指挥使司","1","1","2"
"元枢密院同知","1","1","2"
"山东行省参政","1","1","2"
"坐胡惟庸党死","2","0","2"
"六安卫指挥佥","1","1","2"
"安卫指挥佥事","1","1","2"
"开行大都督府","1","1","2"
"经略城池屯堡","1","1","2"
"陕西岷州诸卫","1","1","2"
"欧普祥攻陷袁","1","1","2"
"新守将周安叛","2","0","2"
"江淮行省中书","1","1","2"
"淮行省中书左","1","1","2"
"行省中书左丞","1","1","2"
"赣州上犹山寇","1","1","2"
"州上犹山寇叛","1","1","2"
"古州等洞蛮叛","1","1","2"
"洪武三年论功","1","1","2"
"明年征西将军","2","0","2"
"延安伯颜帖木","1","1","2"
"命同普定侯陈","1","1","2"
"同普定侯陈桓","1","1","2"
"湖广安福所千","1","1","2"
"广安福所千户","1","1","2"
"安福所千户夏","1","1","2"
"福所千户夏德","1","1","2"
"所千户夏德忠","1","1","2"
"江浙儒学副提","1","1","2"
"浙儒学副提举","1","1","2"
"左丞帖里帖木","1","1","2"
"行院判石抹宜","1","1","2"
"院判石抹宜孙","1","1","2"
"经略使李国凤","1","1","2"
"陈时务十八策","1","1","2"
"中书省设御座","1","1","2"
"书省设御座行","1","1","2"
"省设御座行礼","1","1","2"
"龙兴守将胡美","1","1","2"
"平章邵荣等谋","1","1","2"
"中书省都事李","1","1","2"
"书省都事李彬","1","1","2"
"开国翊运守正","1","1","2"
"国翊运守正文","1","1","2"
"翊运守正文臣","1","1","2"
"禄二百四十石","1","1","2"
"请设巡检司守","1","1","2"
"孔子褒善贬恶","1","1","2"
"征召四方儒士","1","1","2"
"召四方儒士张","1","1","2"
"四方儒士张唯","1","1","2"
"方儒士张唯等","1","1","2"
"儒士张唯等数","1","1","2"
"士张唯等数十","1","1","2"
"张唯等数十人","1","1","2"
"中司马迁论黄","1","1","2"
"主事茹太素上","1","1","2"
"事茹太素上书","1","1","2"
"茹太素上书万","1","1","2"
"太素上书万余","1","1","2"
"素上书万余言","1","1","2"
"元勋巨卿碑记","1","1","2"
"勋巨卿碑记刻","1","1","2"
"巨卿碑记刻石","1","1","2"
"一代礼乐制作","1","1","2"
"四川巡抚马俊","1","1","2"
"浙东都元帅府","1","1","2"
"东都元帅府佥","1","1","2"
"都元帅府佥事","1","1","2"
"浙东设提刑按","1","1","2"
"东设提刑按察","1","1","2"
"设提刑按察使","1","1","2"
"湖广按察佥事","1","1","2"
"浙东按察使宋","1","1","2"
"东按察使宋思","1","1","2"
"按察使宋思颜","1","1","2"
"浙东按察副使","1","1","2"
"旧部义兵分布","1","1","2"
"部义兵分布要","1","1","2"
"义兵分布要害","1","1","2"
"诸将攻破海牙","1","1","2"
"将攻破海牙水","1","1","2"
"攻破海牙水寨","1","1","2"
"高邮守将诈降","1","1","2"
"下山东诸州郡","1","1","2"
"洪武元年太子","2","0","2"
"胜兄弟亲同骨","1","1","2"
"兄弟亲同骨肉","1","1","2"
"守将卜颜帖木","1","1","2"
"平章长加奴等","1","1","2"
"章长加奴等二","1","1","2"
"长加奴等二十","1","1","2"
"加奴等二十七","1","1","2"
"奴等二十七人","1","1","2"
"马驼牛羊十余","1","1","2"
"驼牛羊十余万","1","1","2"
"左副将军文忠","2","0","2"
"颖国公傅友德","2","0","2"
"南雄侯赵庸等","1","1","2"
"申国公邓镇等","1","1","2"
"将全国公观童","1","1","2"
"都督濮英殿后","1","1","2"
"失濮英三千骑","1","1","2"
"雄武卫指挥使","1","1","2"
"扩廓遣将李二","1","1","2"
"江淮行省参知","1","1","2"
"淮行省参知政","1","1","2"
"明年大将军北","2","0","2"
"连云栈合攻汉","1","1","2"
"云栈合攻汉中","1","1","2"
"廖永忠等舟师","2","0","2"
"顾时等步骑秦","2","0","2"
"败蜀将丁世珍","1","1","2"
"丞相戴寿等果","1","1","2"
"精兵西救汉州","1","1","2"
"获平章邓孛罗","1","1","2"
"平章邓孛罗帖","1","1","2"
"章邓孛罗帖木","1","1","2"
"左副将军蓝玉","1","1","2"
"右副将军沐英","1","1","2"
"获牛马十余万","1","1","2"
"讨越州叛酋阿","1","1","2"
"越州叛酋阿资","1","1","2"
"敌将张定边直","1","1","2"
"智迈雄师八字","1","1","2"
"儋耳三十余城","1","1","2"
"守将邹兴等兵","1","1","2"
"同佥蒋达等八","1","1","2"
"佥蒋达等八十","1","1","2"
"蒋达等八十余","1","1","2"
"达等八十余人","1","1","2"
"蜀主明升请降","1","1","2"
"亲军副都指挥","1","1","2"
"军副都指挥使","1","1","2"
"守将邓祖胜迎","1","1","2"
"将邓祖胜迎战","1","1","2"
"全州守将平章","1","1","2"
"州守将平章阿","1","1","2"
"守将平章阿思","1","1","2"
"将平章阿思兰","1","1","2"
"两江土官黄英","1","1","2"
"江土官黄英岑","1","1","2"
"大将军徐达镇","1","1","2"
"降普定指挥使","1","1","2"
"赵普胜骁勇善","1","1","2"
"普胜骁勇善战","1","1","2"
"陈氏所授丞相","1","1","2"
"氏所授丞相印","1","1","2"
"邵武守将李宗","1","1","2"
"武守将李宗茂","1","1","2"
"守将同佥达里","1","1","2"
"将同佥达里麻","1","1","2"
"获将士九千七","1","1","2"
"将士九千七百","1","1","2"
"士九千七百余","1","1","2"
"九千七百余人","1","1","2"
"遣降将谕降汀","1","1","2"
"太祖榜列勋臣","1","1","2"
"淮兴翼统军元","1","1","2"
"兴翼统军元帅","1","1","2"
"江东叛将陈保","1","1","2"
"东叛将陈保二","1","1","2"
"吴将士千余人","1","1","2"
"相国李善长请","1","1","2"
"辈徒拥子女玉","1","1","2"
"徒拥子女玉帛","1","1","2"
"太湖进围平江","1","1","2"
"将军谋勇绝伦","1","1","2"
"离营二十里者","1","1","2"
"营二十里者死","1","1","2"
"步骑二十五万","1","1","2"
"乘势直捣元都","1","1","2"
"达陈兵齐化门","1","1","2"
"监国淮王帖木","1","1","2"
"御史中丞满川","1","1","2"
"史中丞满川等","1","1","2"
"遇春先下保定","1","1","2"
"平章李文忠副","2","0","2"
"左丞胡德济仓","1","1","2"
"千八百六十余","1","1","2"
"将士八万四千","1","1","2"
"士八万四千五","1","1","2"
"八万四千五百","1","1","2"
"四千五百余人","1","1","2"
"下诏大封功臣","1","1","2"
"中书右丞相参","1","1","2"
"书右丞相参军","1","1","2"
"右丞相参军国","1","1","2"
"丞相参军国事","1","1","2"
"盛熙等赴北平","1","1","2"
"置二百五十四","1","1","2"
"二百五十四屯","1","1","2"
"垦田一千三百","1","1","2"
"正十五年四月","1","1","2"
"行省都督马步","1","1","2"
"省都督马步水","1","1","2"
"都督马步水军","1","1","2"
"督马步水军大","1","1","2"
"马步水军大元","1","1","2"
"步水军大元帅","1","1","2"
"俘杀吴兵五千","1","1","2"
"杀吴兵五千余","1","1","2"
"吴兵五千余人","1","1","2"
"汉丞相张必先","1","1","2"
"丞相张必先岳","2","0","2"
"伪知州邓克明","1","1","2"
"中书平章军国","1","1","2"
"书平章军国重","1","1","2"
"平章军国重事","1","1","2"
"追奔五十余里","1","1","2"
"居右副将军冯","1","1","2"
"败敌将江文清","1","1","2"
"平章鼎住等将","1","1","2"
"章鼎住等将士","1","1","2"
"鼎住等将士万","1","1","2"
"住等将士万人","1","1","2"
"帐前左副都指","1","1","2"
"前左副都指挥","1","1","2"
"同佥行枢密院","1","1","2"
"建昌守将王溥","1","1","2"
"浙东行省左丞","1","1","2"
"遣同佥胡德济","1","1","2"
"擅入民居者死","1","1","2"
"江行省平章事","1","1","2"
"余寇金子隆等","1","1","2"
"寇金子隆等聚","1","1","2"
"金子隆等聚众","1","1","2"
"平章上都罕等","1","1","2"
"将相官属数百","1","1","2"
"相官属数百人","1","1","2"
"元玉玺金宝十","1","1","2"
"玉玺金宝十五","1","1","2"
"国公江文清等","1","1","2"
"奉天门受朝贺","1","1","2"
"元太师蛮子哈","1","1","2"
"太师蛮子哈剌","1","1","2"
"师蛮子哈剌章","1","1","2"
"宗王朵朵失里","1","1","2"
"洮州十八番族","1","1","2"
"西平侯沐英合","1","1","2"
"平侯沐英合兵","1","1","2"
"凿地引龙首渠","1","1","2"
"长枪帅谢国玺","1","1","2"
"长枪帅余子贞","1","1","2"
"友谅抚州守将","1","1","2"
"谅抚州守将邓","1","1","2"
"抚州守将邓克","1","1","2"
"州守将邓克明","1","1","2"
"友谅丞相胡廷","1","1","2"
"谅丞相胡廷瑞","1","1","2"
"佐大都督朱文","1","1","2"
"大帅五十余人","1","1","2"
"江西行省右丞","1","1","2"
"广行省平章镇","1","1","2"
"大军经略中原","1","1","2"
"史国公等二十","1","1","2"
"国公等二十六","1","1","2"
"公等二十六人","1","1","2"
"副副将军大将","2","0","2"
"临洮进克河州","1","1","2"
"宣慰何锁南普","1","1","2"
"慰何锁南普等","1","1","2"
"甘肃西北数千","1","1","2"
"肃西北数千里","1","1","2"
"平永新龙泉山","1","1","2"
"获千户四十九","1","1","2"
"千户四十九人","1","1","2"
"讨平江西诸山","1","1","2"
"平江西诸山寨","1","1","2"
"部将招降张良","1","1","2"
"将招降张良臣","1","1","2"
"海设卫所城五","1","1","2"
"设卫所城五十","1","1","2"
"卫所城五十九","1","1","2"
"左军都督同知","1","1","2"
"击擒酋长三副","1","1","2"
"擒酋长三副使","1","1","2"
"国公脱火赤等","1","1","2"
"遣平章达里麻","1","1","2"
"诸蛮二十余万","1","1","2"
"六十里设一堡","1","1","2"
"都指挥同知汤","1","1","2"
"指挥同知汤昭","1","1","2"
"左帅见一人握","1","1","2"
"帅见一人握刀","1","1","2"
"国公傅友德讨","1","1","2"
"公傅友德讨平","1","1","2"
"傅友德讨平东","1","1","2"
"友德讨平东川","1","1","2"
"德讨平东川蛮","1","1","2"
"兵威谕降诸番","1","1","2"
"臣罗复仁入城","1","1","2"
"降臣枢密使延","1","1","2"
"臣枢密使延安","1","1","2"
"密使延安答理","1","1","2"
"使延安答理护","1","1","2"
"赐高丽王罗绮","1","1","2"
"壮士李伯升等","1","1","2"
"士李伯升等十","1","1","2"
"李伯升等十八","1","1","2"
"伯升等十八人","1","1","2"
"升等十八人杀","1","1","2"
"行省参政赵琏","1","1","2"
"元右丞相脱脱","1","1","2"
"前锋赵德胜所","1","1","2"
"锋赵德胜所擒","1","1","2"
"江浙右丞相达","1","1","2"
"浙右丞相达识","1","1","2"
"右丞相达识帖","1","1","2"
"丞相达识帖睦","1","1","2"
"相达识帖睦迩","1","1","2"
"浙江行省左丞","1","1","2"
"江行省左丞相","1","1","2"
"胡大海攻绍兴","1","1","2"
"常遇春攻杭州","1","1","2"
"大军进攻平江","1","1","2"
"部将赵世雄解","1","1","2"
"黄敬夫等三人","1","1","2"
"大司农达识帖","1","1","2"
"司农达识帖睦","1","1","2"
"农达识帖睦迩","1","1","2"
"诱杀台州路达","1","1","2"
"杀台州路达鲁","1","1","2"
"台州路达鲁花","1","1","2"
"州路达鲁花赤","1","1","2"
"路达鲁花赤泰","1","1","2"
"海道漕运万户","1","1","2"
"国珍七战七捷","1","1","2"
"江左号令严明","1","1","2"
"枢密分院佥事","1","1","2"
"江浙行省左丞","1","1","2"
"浙行省左丞相","1","1","2"
"行省左丞相衢","1","1","2"
"省左丞相衢国","1","1","2"
"左丞相衢国公","1","1","2"
"军粮二十万石","1","1","2"
"公经营浙东十","1","1","2"
"命参政朱亮祖","1","1","2"
"王者体天法地","1","1","2"
"主上推诚布公","1","1","2"
"广西行省左丞","1","1","2"
"广洋卫指挥佥","1","1","2"
"洋卫指挥佥事","1","1","2"
"设提举司教授","1","1","2"
"中书省枢密院","1","1","2"
"司寇莫仁寿镇","1","1","2"
"主上仁圣威武","1","1","2"
"命征西将军汤","1","1","2"
"将军廖永忠等","1","1","2"
"前将军傅友德","1","1","2"
"副将军顾时等","1","1","2"
"铁索横断瞿塘","1","1","2"
"索横断瞿塘峡","1","1","2"
"横断瞿塘峡口","1","1","2"
"明升等俯伏待","1","1","2"
"升等俯伏待罪","1","1","2"
"皇太子巡视关","1","1","2"
"太子巡视关陕","1","1","2"
"河南王王保保","1","1","2"
"沔人高福兴等","1","1","2"
"护卫军张嵩等","1","1","2"
"正统十年诬奏","1","1","2"
"统十年诬奏镇","1","1","2"
"十年诬奏镇守","1","1","2"
"年诬奏镇守都","1","1","2"
"诬奏镇守都御","1","1","2"
"奏镇守都御史","1","1","2"
"镇守都御史陈","1","1","2"
"守都御史陈镒","1","1","2"
"审理正秦弘等","1","1","2"
"独膳夫徐兴祖","1","1","2"
"内使刘信等数","1","1","2"
"使刘信等数十","1","1","2"
"刘信等数十人","1","1","2"
"信等数十人告","1","1","2"
"擅取屯粮十万","1","1","2"
"取屯粮十万余","1","1","2"
"屯粮十万余石","1","1","2"
"新〈土典〉嗣","2","0","2"
"新〈土典〉宜","2","0","2"
"〈土典〉宜嗣","2","0","2"
"母太妃尚氏严","1","1","2"
"东平河间图赞","1","1","2"
"靖二十四年正","1","1","2"
"四年正月十八","1","1","2"
"驸马都尉邬景","1","1","2"
"显榕次子恭王","1","1","2"
"卫官王守仁上","1","1","2"
"官王守仁上告","1","1","2"
"瑰宝数十万寄","1","1","2"
"顺治三年六月","1","1","2"
"指挥使龚忠入","1","1","2"
"左谕德杨士奇","1","1","2"
"举礼部侍郎仪","1","1","2"
"礼部侍郎仪智","1","1","2"
"授礼部右侍郎","1","1","2"
"寻进南京礼部","2","0","2"
"民间铁器数万","1","1","2"
"右春坊右赞善","1","1","2"
"时李陵台驿令","1","1","2"
"李陵台驿令谢","1","1","2"
"达鲁花赤等名","1","1","2"
"鲁花赤等名氏","1","1","2"
"二十八人中读","1","1","2"
"十八人中读书","1","1","2"
"永乐九年进士","2","0","2"
"宣德元年修两","2","0","2"
"德元年修两朝","2","0","2"
"部尚书王直会","1","1","2"
"十一年迁南京","2","0","2"
"衍圣公孔彦缙","1","1","2"
"陕西佥事马英","1","1","2"
"西佥事马英激","1","1","2"
"佥事马英激肃","1","1","2"
"事马英激肃州","1","1","2"
"马英激肃州番","1","1","2"
"劾御史陈孟旭","1","1","2"
"御史陈孟旭受","1","1","2"
"金吾指挥李严","1","1","2"
"吾指挥李严逐","1","1","2"
"二十六人巡抚","1","1","2"
"十六人巡抚天","1","1","2"
"六人巡抚天下","1","1","2"
"南京巡抚军民","1","1","2"
"永乐四年进士","2","0","2"
"松江知府黄子","1","1","2"
"江知府黄子威","1","1","2"
"知府黄子威诬","1","1","2"
"一千九十余万","1","1","2"
"千九十余万石","1","1","2"
"浙江按察副使","1","1","2"
"布政使李昌祺","1","1","2"
"正统二年五月","1","1","2"
"佥事李谦守独","1","1","2"
"事李谦守独石","1","1","2"
"劾万全卫指挥","1","1","2"
"万全卫指挥杜","1","1","2"
"全卫指挥杜衡","1","1","2"
"奏大同总兵官","1","1","2"
"大同总兵官谭","1","1","2"
"同总兵官谭广","1","1","2"
"抚佥都御史卢","1","1","2"
"陕西佥事计资","1","1","2"
"设汉中镇守都","1","1","2"
"汉中镇守都指","1","1","2"
"中镇守都指挥","1","1","2"
"镇守都指挥使","1","1","2"
"参赞宁夏军务","1","1","2"
"建贼邓茂七等","1","1","2"
"命宁阳侯陈懋","1","1","2"
"尚书王骥整饬","1","1","2"
"书王骥整饬甘","1","1","2"
"王骥整饬甘肃","1","1","2"
"骥整饬甘肃边","1","1","2"
"整饬甘肃边务","1","1","2"
"广西容山闸官","1","1","2"
"东莞河泊所官","1","1","2"
"都督佥事曹俭","1","1","2"
"六万六千余人","1","1","2"
"苟全性命保爵","1","1","2"
"全性命保爵禄","1","1","2"
"德胜门外官军","1","1","2"
"万九千八百余","1","1","2"
"九千八百余人","1","1","2"
"命总兵官杨洪","1","1","2"
"副将孙镗同臣","1","1","2"
"都督同知范广","1","1","2"
"广西贼莫文章","1","1","2"
"西贼莫文章等","1","1","2"
"理南京都察院","1","1","2"
"南京都察院事","1","1","2"
"小王子将大举","1","1","2"
"部尚书刘俊赞","1","1","2"
"大理寺卿陈洽","1","1","2"
"望祭安南境内","1","1","2"
"祭安南境内山","1","1","2"
"安南境内山川","1","1","2"
"城栅桥舰相连","1","1","2"
"栅桥舰相连九","1","1","2"
"桥舰相连九百","1","1","2"
"舰相连九百余","1","1","2"
"相连九百余里","1","1","2"
"代开平王常遇","1","1","2"
"晟合军进攻多","1","1","2"
"合军进攻多邦","1","1","2"
"军进攻多邦城","1","1","2"
"令都督黄中等","1","1","2"
"都指挥蔡福先","1","1","2"
"指挥蔡福先登","1","1","2"
"清远伯王友等","1","1","2"
"胶水县闷海口","1","1","2"
"伪太子诸王将","1","1","2"
"太子诸王将相","1","1","2"
"子诸王将相大","1","1","2"
"诸王将相大臣","1","1","2"
"王将相大臣等","1","1","2"
"辅佩征虏将军","1","1","2"
"辅就叱览山伐","1","1","2"
"就叱览山伐木","1","1","2"
"叱览山伐木造","1","1","2"
"克广威州孔目","1","1","2"
"广威州孔目栅","1","1","2"
"破贼帅阮景异","1","1","2"
"生擒伪元帅邓","1","1","2"
"擒伪元帅邓宗","1","1","2"
"伪元帅邓宗稷","1","1","2"
"元帅邓宗稷等","1","1","2"
"余寇陈月湖等","1","1","2"
"增设驿传递运","1","1","2"
"汉王高煦谋反","1","1","2"
"光禄大夫左柱","1","1","2"
"禄大夫左柱国","1","1","2"
"金吾前卫经历","1","1","2"
"奸党二十九人","1","1","2"
"宜令广东海运","1","1","2"
"操备营缮军士","1","1","2"
"备营缮军士十","1","1","2"
"营缮军士十万","1","1","2"
"缮军士十万人","1","1","2"
"京仓口粮六十","1","1","2"
"仓口粮六十万","1","1","2"
"口粮六十万石","1","1","2"
"发附近居民五","1","1","2"
"附近居民五万","1","1","2"
"近居民五万人","1","1","2"
"命吏部郎中赵","1","1","2"
"吏部郎中赵新","1","1","2"
"部郎中赵新等","1","1","2"
"后进少年高坐","1","1","2"
"进少年高坐公","1","1","2"
"少年高坐公堂","1","1","2"
"国家优老敬贤","1","1","2"
"福参赞南京时","1","1","2"
"参赞沐晟军务","1","1","2"
"成山侯王通佩","1","1","2"
"山侯王通佩征","1","1","2"
"侯王通佩征夷","1","1","2"
"宣德元年九月","1","1","2"
"夷副将军印授","1","1","2"
"令土官李英防","1","1","2"
"都指挥何铭战","1","1","2"
"指挥何铭战死","1","1","2"
"命佩征夷将军","1","1","2"
"清化府土巡检","1","1","2"
"化府土巡检黎","1","1","2"
"府土巡检黎利","1","1","2"
"土巡检黎利反","1","1","2"
"都督同知方政","1","1","2"
"指挥陈原瑰讨","1","1","2"
"都指挥王忠讨","1","1","2"
"都指挥陈忠等","1","1","2"
"土军参错屯田","1","1","2"
"发兵入老挝索","1","1","2"
"累迁左军都督","2","0","2"
"迁左军都督佥","2","0","2"
"获伪尚书阮希","1","1","2"
"伪尚书阮希周","1","1","2"
"尚书阮希周等","1","1","2"
"叛将冯答兰帖","1","1","2"
"将冯答兰帖木","1","1","2"
"都指挥卫青力","1","1","2"
"指挥卫青力战","1","1","2"
"挥卫青力战解","1","1","2"
"二十年复北征","2","0","2"
"总兵官丰城侯","1","1","2"
"兵官丰城侯李","1","1","2"
"官丰城侯李彬","1","1","2"
"大集官吏军民","1","1","2"
"通令太监山寿","1","1","2"
"八万六千余人","1","1","2"
"奏请都司卫所","1","1","2"
"嘉兴贼倪弘三","1","1","2"
"兴贼倪弘三劫","1","1","2"
"广东巡抚杨信","1","1","2"
"东巡抚杨信民","1","1","2"
"右布政使萧省","1","1","2"
"布政使萧省身","1","1","2"
"政使萧省身绳","1","1","2"
"昌祺廉洁宽厚","1","1","2"
"军御史李立勾","1","1","2"
"七百六十余万","1","1","2"
"百六十余万石","1","1","2"
"三万三千四百","1","1","2"
"万三千四百余","1","1","2"
"三千四百余户","1","1","2"
"二千九百八十","1","1","2"
"千九百八十余","1","1","2"
"九百八十余顷","1","1","2"
"应减税十四万","1","1","2"
"减税十四万九","1","1","2"
"税十四万九千","1","1","2"
"十四万九千余","1","1","2"
"四万九千余石","1","1","2"
"粮二百七十七","1","1","2"
"百七十七万九","1","1","2"
"七十七万九千","1","1","2"
"五万三千余石","1","1","2"
"二万五千余石","1","1","2"
"巡抚周忱悉心","1","1","2"
"抚周忱悉心计","1","1","2"
"巡按御史张文","1","1","2"
"按御史张文昌","1","1","2"
"雪死囚四十余","1","1","2"
"死囚四十余人","1","1","2"
"福建右布政使","1","1","2"
"均徭户六十人","1","1","2"
"徭户六十人添","1","1","2"
"户六十人添办","1","1","2"
"番人马力麻诡","1","1","2"
"人马力麻诡称","1","1","2"
"苏门答剌使臣","1","1","2"
"番禺知县高瑶","1","1","2"
"禺知县高瑶没","1","1","2"
"刑部员外郎李","1","1","2"
"部员外郎李行","1","1","2"
"员外郎李行会","1","1","2"
"巡按御史徐同","1","1","2"
"按御史徐同爱","1","1","2"
"劾大学士刘吉","1","1","2"
"大学士刘吉等","1","1","2"
"学士刘吉等十","1","1","2"
"士刘吉等十余","1","1","2"
"刘吉等十余人","1","1","2"
"南京通政司经","1","1","2"
"京通政司经历","1","1","2"
"南京光禄寺署","1","1","2"
"京光禄寺署丞","1","1","2"
"左通政岳福继","1","1","2"
"府赎罪米四万","1","1","2"
"赎罪米四万二","1","1","2"
"罪米四万二千","1","1","2"
"米四万二千余","1","1","2"
"四万二千余石","1","1","2"
"年七月赐玺书","1","1","2"
"七月赐玺书奖","1","1","2"
"月赐玺书奖励","1","1","2"
"都督同知郑铭","1","1","2"
"督同知郑铭镇","1","1","2"
"同知郑铭镇守","1","1","2"
"知郑铭镇守陕","1","1","2"
"郑铭镇守陕西","1","1","2"
"王骥巡视甘肃","1","1","2"
"安庆府学训导","1","1","2"
"劾吏部尚书郭","1","1","2"
"总兵官顾兴祖","1","1","2"
"代宁远伯任礼","1","1","2"
"宁远伯任礼巡","1","1","2"
"秦府永兴王葬","1","1","2"
"巡抚陈镒狎妓","1","1","2"
"天下学校师儒","1","1","2"
"令南北清勾军","1","1","2"
"口四十三万八","1","1","2"
"四十三万八千","1","1","2"
"置湖广行都司","1","1","2"
"荐御史吴道宏","1","1","2"
"南京兵部缺尚","1","1","2"
"京兵部缺尚书","1","1","2"
"民间子弟八岁","1","1","2"
"御史孔儒清军","1","1","2"
"湖广按察司佥","1","1","2"
"广按察司佥事","1","1","2"
"造海运巨舰数","1","1","2"
"海运巨舰数十","1","1","2"
"运巨舰数十艘","1","1","2"
"侍郎罗汝敬巡","1","1","2"
"郎罗汝敬巡抚","1","1","2"
"罗汝敬巡抚陕","1","1","2"
"汝敬巡抚陕西","1","1","2"
"汝敬妄引诏书","1","1","2"
"宗载持廉守正","1","1","2"
"杨居正等二十","1","1","2"
"居正等二十人","1","1","2"
"教官方瑞等四","1","1","2"
"官方瑞等四十","1","1","2"
"方瑞等四十余","1","1","2"
"瑞等四十余人","1","1","2"
"京右都御史熊","1","1","2"
"右都御史熊概","1","1","2"
"都御史熊概代","1","1","2"
"御史熊概代理","1","1","2"
"山东妖妇唐赛","1","1","2"
"两淮盐政久坏","1","1","2"
"礼部侍郎章瑾","1","1","2"
"景泰元年命理","2","0","2"
"布政使孙原贞","1","1","2"
"杭州知府陈复","1","1","2"
"仅二千八百余","1","1","2"
"二千八百余两","1","1","2"
"参政俞士悦请","1","1","2"
"巡按御史欧阳","1","1","2"
"按御史欧阳澄","1","1","2"
"闽贼吴金八等","1","1","2"
"改督南京粮储","2","0","2"
"天顺元年二月","1","1","2"
"南京督理粮储","1","1","2"
"京督理粮储缺","1","1","2"
"督理粮储缺官","1","1","2"
"劾南京祭酒吴","1","1","2"
"南京祭酒吴节","1","1","2"
"凉州卫指挥使","1","1","2"
"禄佩镇朔大将","1","1","2"
"奉诏巡视畿南","1","1","2"
"发军民三万六","1","1","2"
"军民三万六千","1","1","2"
"精骑一千五百","1","1","2"
"都指挥唐礼等","1","1","2"
"指挥王雄等七","1","1","2"
"挥王雄等七十","1","1","2"
"王雄等七十一","1","1","2"
"雄等七十一人","1","1","2"
"新城侯张辅征","1","1","2"
"城侯张辅征交","1","1","2"
"分兵渡江登岸","1","1","2"
"马驼牛羊十二","1","1","2"
"驼牛羊十二万","1","1","2"
"肃州兵多粮少","1","1","2"
"近边军丁转运","1","1","2"
"大宁都指挥佥","1","1","2"
"宁都指挥佥事","1","1","2"
"立风云雷雨山","1","1","2"
"风云雷雨山川","1","1","2"
"一千四百余里","1","1","2"
"杖杀都司经历","1","1","2"
"凉州叛人虎保","1","1","2"
"二千二百余户","1","1","2"
"军民二千二百","1","1","2"
"民二千二百余","1","1","2"
"二千二百余人","1","1","2"
"辱佥事柴震等","1","1","2"
"燕山卫卒成祖","2","0","2"
"山卫卒成祖兵","2","0","2"
"昌国卫指挥同","1","1","2"
"国卫指挥同知","1","1","2"
"攻破任昌大寨","1","1","2"
"讨平龙溪等三","1","1","2"
"命佩平虏将军","1","1","2"
"佩平虏将军印","1","1","2"
"都指挥江源战","1","1","2"
"指挥江源战死","1","1","2"
"都御史陈镒言","2","0","2"
"指挥毛哈阿奋","1","1","2"
"分路进捣麓川","1","1","2"
"路进捣麓川上","1","1","2"
"进捣麓川上江","1","1","2"
"捣麓川上江寨","1","1","2"
"年擢都督佥事","2","0","2"
"赤斤蒙古卫都","1","1","2"
"斤蒙古卫都督","1","1","2"
"巡抚曹翼屯田","1","1","2"
"抚曹翼屯田积","1","1","2"
"曹翼屯田积粟","1","1","2"
"都指挥毛哈剌","1","1","2"
"达鲁花赤等三","1","1","2"
"鲁花赤等三十","1","1","2"
"花赤等三十人","1","1","2"
"广西巡按御史","1","1","2"
"西巡按御史端","1","1","2"
"巡按御史端宏","1","1","2"
"金吾指挥同知","1","1","2"
"率副总兵孙钺","1","1","2"
"游击将军王玺","1","1","2"
"击将军王玺等","1","1","2"
"纪功兵部员外","1","1","2"
"功兵部员外郎","1","1","2"
"兵部员外郎张","1","1","2"
"部员外郎张谨","1","1","2"
"蒙古人多同名","1","1","2"
"哈剌等二十余","1","1","2"
"剌等二十余人","1","1","2"
"部将都指挥保","1","1","2"
"将都指挥保住","1","1","2"
"辽阳行省右丞","1","1","2"
"阳武侯薛禄征","1","1","2"
"成祖亲征漠北","1","1","2"
"西宁卫指挥佥","1","1","2"
"土官指挥康寿","1","1","2"
"官指挥康寿等","1","1","2"
"知安定指挥哈","1","1","2"
"安定指挥哈三","1","1","2"
"定指挥哈三孙","1","1","2"
"指挥哈三孙散","1","1","2"
"挥哈三孙散哥","1","1","2"
"马牛杂畜十四","1","1","2"
"牛杂畜十四万","1","1","2"
"西宁指挥祁震","1","1","2"
"靖远伯王骥请","1","1","2"
"督三千营操练","1","1","2"
"右副总兵方瑛","1","1","2"
"副总兵方瑛等","1","1","2"
"贼首吴奉先等","1","1","2"
"金齿芒市长官","1","1","2"
"齿芒市长官刀","1","1","2"
"芒市长官刀放","1","1","2"
"市长官刀放革","1","1","2"
"结麓川遗孽思","1","1","2"
"麓川遗孽思卜","1","1","2"
"川遗孽思卜发","1","1","2"
"巡按御史牟俸","1","1","2"
"通州卫指挥佥","1","1","2"
"都指挥邓铎协","1","1","2"
"指挥邓铎协同","1","1","2"
"挥邓铎协同守","1","1","2"
"邓铎协同守备","1","1","2"
"命都指挥张俊","1","1","2"
"守宁远三十余","1","1","2"
"宁远三十余年","1","1","2"
"总兵官任礼收","1","1","2"
"兵官任礼收捕","1","1","2"
"官任礼收捕沙","1","1","2"
"任礼收捕沙洲","1","1","2"
"礼收捕沙洲卫","1","1","2"
"收捕沙洲卫都","1","1","2"
"捕沙洲卫都督","1","1","2"
"沙洲卫都督喃","1","1","2"
"洲卫都督喃哥","1","1","2"
"弟伪祁王锁南","1","1","2"
"伪祁王锁南奔","1","1","2"
"总兵官卫颖分","1","1","2"
"木头沟直抵炮","1","1","2"
"头沟直抵炮架","1","1","2"
"沟直抵炮架山","1","1","2"
"直抵炮架山下","1","1","2"
"冒矢石连夺山","1","1","2"
"矢石连夺山北","1","1","2"
"广西巡抚吴祯","1","1","2"
"西巡抚吴祯杀","1","1","2"
"督效勇营训练","1","1","2"
"都督毛福寿南","1","1","2"
"督毛福寿南征","1","1","2"
"吏部尚书杜泽","1","1","2"
"吏部文选司郎","1","1","2"
"部文选司郎中","1","1","2"
"浚鱼王口黄河","1","1","2"
"鱼王口黄河故","1","1","2"
"王口黄河故道","1","1","2"
"田庆成率先归","1","1","2"
"庆成率先归附","1","1","2"
"任知府谭友德","1","1","2"
"工部侍郎蔡信","1","1","2"
"军匠二万六千","1","1","2"
"詹事府少詹事","1","1","2"
"虞允文材馆录","1","1","2"
"礼部侍郎蔚绶","1","1","2"
"部侍郎蔚绶转","1","1","2"
"两京六部堂官","1","1","2"
"云南布政使周","1","1","2"
"迁兵部左侍郎","2","0","2"
"丰城侯李彬转","1","1","2"
"镇守都督谭广","1","1","2"
"兵部武选司主","1","1","2"
"部武选司主事","1","1","2"
"尚书方宾扈行","1","1","2"
"迁江西右参议","2","0","2"
"西巡按御史张","1","1","2"
"巡按御史张勖","1","1","2"
"佥都御史曹翼","1","1","2"
"大理寺少卿程","1","1","2"
"理寺少卿程富","1","1","2"
"寺少卿程富代","1","1","2"
"左侍郎吴玺等","1","1","2"
"宣德二年进士","1","1","2"
"八百四十九万","1","1","2"
"百四十九万余","1","1","2"
"四十九万余顷","1","1","2"
"饥民二十六万","1","1","2"
"民二十六万五","1","1","2"
"督理南京粮储","1","1","2"
"迁南京刑部尚","2","0","2"
"山西按察司佥","1","1","2"
"陕西按察佥事","1","1","2"
"百七十里入卫","1","1","2"
"七十里入卫河","1","1","2"
"同知潘叔正上","1","1","2"
"四百五十余里","1","1","2"
"刑部侍郎金纯","1","1","2"
"上老人白英策","2","0","2"
"地降百十六尺","2","0","2"
"浚沙河入马常","1","1","2"
"沙河入马常泊","1","1","2"
"工部侍郎张信","1","1","2"
"工部侍郎蒋廷","1","1","2"
"部侍郎蒋廷瓒","1","1","2"
"侍郎蒋廷瓒会","1","1","2"
"泄水入旧黄河","2","0","2"
"海运经历险阻","1","1","2"
"都司都指挥同","1","1","2"
"司都指挥同知","1","1","2"
"四十九万余石","1","1","2"
"丰城侯李彬统","1","1","2"
"宋礼治会通河","2","0","2"
"议造浅船二千","1","1","2"
"造浅船二千余","1","1","2"
"浅船二千余艘","1","1","2"
"淮安城西管家","1","1","2"
"安城西管家湖","1","1","2"
"常盈仓四十区","1","1","2"
"置舍五百六十","2","0","2"
"十二万人疏浚","1","1","2"
"七月赴南京户","1","1","2"
"月赴南京户部","1","1","2"
"百七十七万石","1","1","2"
"百六十二万石","1","1","2"
"七十二万余石","1","1","2"
"米二十九万石","1","1","2"
"米七十万余石","1","1","2"
"余米一二万石","1","1","2"
"六十三万余引","1","1","2"
"米三万二千余","1","1","2"
"造海船五十艘","1","1","2"
"嘉兴二府税粮","1","1","2"
"松江知府赵豫","1","1","2"
"常州知府莫愚","1","1","2"
"礼部尚书杨宁","1","1","2"
"景泰四年十月","1","1","2"
"所属朵颜三卫","1","1","2"
"属朵颜三卫骑","1","1","2"
"朵颜三卫骑兵","1","1","2"
"王府妃妾世子","1","1","2"
"永乐元年二月","1","1","2"
"卫指挥逯杲听","1","1","2"
"驸马都尉薛桓","1","1","2"
"都御史李士实","1","1","2"
"举人刘养正等","1","1","2"
"副使胡世宁请","1","1","2"
"典仗查武等数","1","1","2"
"仗查武等数百","1","1","2"
"查武等数百人","1","1","2"
"时边将江彬新","1","1","2"
"命驸马都尉崔","1","1","2"
"都御史颜颐寿","1","1","2"
"称奉太后密旨","1","1","2"
"官万锐等守城","1","1","2"
"汀赣巡抚佥都","1","1","2"
"赣巡抚佥都御","1","1","2"
"抚佥都御史王","1","1","2"
"佥都御史王守","1","1","2"
"知府伍文定等","1","1","2"
"搜捕江西余党","1","1","2"
"布政使周文褒","1","1","2"
"白塔河上通邵","1","1","2"
"塔河上通邵伯","1","1","2"
"河上通邵伯湖","1","1","2"
"刑部主事郭循","1","1","2"
"部主事郭循谏","1","1","2"
"巡抚侍郎吴政","1","1","2"
"宜坐贡举非人","2","0","2"
"奏事规避律斩","2","0","2"
"蒋贵远征缅甸","1","1","2"
"上太平十六策","1","1","2"
"尚书杨善论事","1","1","2"
"温州知府范奎","1","1","2"
"士民三万人哭","1","1","2"
"民三万人哭泣","1","1","2"
"三万人哭泣攀","1","1","2"
"杨士奇家人犯","1","1","2"
"士奇家人犯法","1","1","2"
"贾福争袭指挥","1","1","2"
"京刑部侍郎齐","1","1","2"
"刑部侍郎齐韶","1","1","2"
"景泰五年七月","1","1","2"
"十三道掌道御","1","1","2"
"三道掌道御史","1","1","2"
"道掌道御史张","1","1","2"
"掌道御史张鹏","1","1","2"
"礼部侍郎汤序","1","1","2"
"部侍郎汤序本","1","1","2"
"海盐堤岸二千","1","1","2"
"盐堤岸二千三","1","1","2"
"堤岸二千三百","1","1","2"
"岸二千三百丈","1","1","2"
"县田四十六万","1","1","2"
"田四十六万顷","1","1","2"
"令布政使年富","1","1","2"
"布政使年富安","1","1","2"
"副总兵范广发","1","1","2"
"景泰元年三月","1","1","2"
"内侍曹吉祥等","1","1","2"
"景泰八年正月","1","1","2"
"八年正月壬午","1","1","2"
"都御史萧惟祯","1","1","2"
"遂溪教谕吾豫","1","1","2"
"都督同知陈逵","1","1","2"
"世袭杭州卫副","1","1","2"
"袭杭州卫副千","1","1","2"
"杭州卫副千户","1","1","2"
"张显宗申明学","1","1","2"
"显宗申明学规","1","1","2"
"五经四书大全","1","1","2"
"天下英才终日","1","1","2"
"襄城伯李隆守","1","1","2"
"城伯李隆守备","1","1","2"
"伯李隆守备南","1","1","2"
"李隆守备南京","1","1","2"
"景泰元年九月","1","1","2"
"天顺三年五月","1","1","2"
"洪武十五年八","1","1","2"
"武十五年八月","1","1","2"
"尊谥曰孝慈昭","2","0","2"
"谥曰孝慈昭宪","2","0","2"
"曰孝慈昭宪仁","2","0","2"
"孝慈昭宪仁文","2","0","2"
"慈昭宪仁文德","2","0","2"
"昭宪仁文德承","2","0","2"
"宪仁文德承天","2","0","2"
"曰孝慈贞化哲","2","0","2"
"徽成天育圣德","2","0","2"
"成天育圣德高","2","0","2"
"天育圣德高皇","2","0","2"
"育圣德高皇后","2","0","2"
"祖仁孝皇后徐","1","1","2"
"仁孝皇后徐氏","1","1","2"
"永乐五年七月","1","1","2"
"仁孝慈懿诚明","1","1","2"
"孝慈懿诚明庄","1","1","2"
"慈懿诚明庄献","1","1","2"
"懿诚明庄献配","1","1","2"
"诚明庄献配天","1","1","2"
"明庄献配天齐","1","1","2"
"庄献配天齐圣","1","1","2"
"献配天齐圣文","1","1","2"
"配天齐圣文皇","1","1","2"
"天齐圣文皇后","1","1","2"
"臣英国公张辅","1","1","2"
"太后垂帘听政","1","1","2"
"方孝孺诸臣遗","1","1","2"
"孝孺诸臣遗书","1","1","2"
"孺诸臣遗书者","1","1","2"
"诸臣遗书者死","1","1","2"
"诚孝恭肃明德","1","1","2"
"孝恭肃明德弘","1","1","2"
"恭肃明德弘仁","1","1","2"
"肃明德弘仁顺","1","1","2"
"明德弘仁顺天","1","1","2"
"德弘仁顺天启","1","1","2"
"弘仁顺天启圣","1","1","2"
"仁顺天启圣昭","1","1","2"
"顺天启圣昭皇","1","1","2"
"天启圣昭皇后","1","1","2"
"赐号静慈仙师","1","1","2"
"宗问大学士李","1","1","2"
"问大学士李贤","1","1","2"
"诚顺康穆静慈","1","1","2"
"顺康穆静慈章","1","1","2"
"康穆静慈章皇","1","1","2"
"穆静慈章皇后","1","1","2"
"柏贤妃生悼恭","1","1","2"
"贤妃生悼恭太","1","1","2"
"妃生悼恭太子","1","1","2"
"恭恪庄僖淑妃","1","1","2"
"时孝肃皇太后","1","1","2"
"孝穆慈慧恭恪","1","1","2"
"穆慈慧恭恪庄","1","1","2"
"慈慧恭恪庄僖","1","1","2"
"慧恭恪庄僖崇","1","1","2"
"恭恪庄僖崇天","1","1","2"
"恪庄僖崇天承","1","1","2"
"庄僖崇天承圣","1","1","2"
"僖崇天承圣纯","1","1","2"
"崇天承圣纯皇","1","1","2"
"天承圣纯皇后","1","1","2"
"礼部尚书耿裕","1","1","2"
"诚宣力武臣特","1","1","2"
"宣力武臣特进","1","1","2"
"力武臣特进光","1","1","2"
"武臣特进光禄","1","1","2"
"臣特进光禄大","1","1","2"
"禄大夫柱国庆","1","1","2"
"大夫柱国庆元","1","1","2"
"夫柱国庆元伯","1","1","2"
"嘉靖十四年武","1","1","2"
"俘斩三百余人","2","0","2"
"朱纨巡视福建","1","1","2"
"安南都统使莫","1","1","2"
"南都统使莫福","1","1","2"
"都统使莫福海","1","1","2"
"琼州五指山黎","1","1","2"
"广西副将沈希","1","1","2"
"西副将沈希仪","1","1","2"
"攻陷绍兴临山","1","1","2"
"陷绍兴临山卫","1","1","2"
"火斌等三百人","1","1","2"
"犯苏州陆泾坝","1","1","2"
"败南京都督周","1","1","2"
"副使任环大败","1","1","2"
"佥事董邦政分","1","1","2"
"副使王崇古入","1","1","2"
"十五年三月遂","1","1","2"
"大猷先后杀倭","1","1","2"
"猷先后杀倭四","1","1","2"
"先后杀倭四五","1","1","2"
"后杀倭四五千","1","1","2"
"大同巡抚李文","1","1","2"
"同巡抚李文进","1","1","2"
"川湖总督黄光","1","1","2"
"湖总督黄光升","1","1","2"
"惠州参将谢敕","1","1","2"
"副将汤克宽设","1","1","2"
"福建总兵官戚","1","1","2"
"建总兵官戚继","1","1","2"
"总督吴桂芳留","1","1","2"
"召恭顺侯吴继","1","1","2"
"巡抚殷正茂征","1","1","2"
"抚殷正茂征兵","1","1","2"
"殷正茂征兵十","1","1","2"
"正茂征兵十四","1","1","2"
"茂征兵十四万","1","1","2"
"事中罗嘉宾等","1","1","2"
"参将李超等击","1","1","2"
"将李超等击败","1","1","2"
"保定三镇练兵","1","1","2"
"定三镇练兵事","1","1","2"
"持拒马器排列","1","1","2"
"狐狸共逼长秃","1","1","2"
"总督刘应节等","1","1","2"
"协置副将一人","1","1","2"
"南北名将马芳","1","1","2"
"南方战功特盛","1","1","2"
"海门卫新河所","1","1","2"
"门卫新河所百","1","1","2"
"卫新河所百户","1","1","2"
"屡进署都指挥","2","0","2"
"福建游击将军","1","1","2"
"遣副将梁守愚","1","1","2"
"首功二千四百","1","1","2"
"部将邓子龙等","1","1","2"
"副将李诚立挑","1","1","2"
"将李诚立挑战","1","1","2"
"万历二年三月","1","1","2"
"总督凌云翼大","1","1","2"
"通判赵士宽率","1","1","2"
"判赵士宽率民","1","1","2"
"赵士宽率民固","1","1","2"
"士宽率民固守","1","1","2"
"训导姚允恭友","1","1","2"
"导姚允恭友善","1","1","2"
"生擒二十余人","1","1","2"
"训导卢大受督","1","1","2"
"导卢大受督民","1","1","2"
"卢大受督民守","1","1","2"
"大受督民守御","1","1","2"
"志仁持长矛巷","1","1","2"
"仁持长矛巷战","1","1","2"
"家属十四人皆","1","1","2"
"属十四人皆死","1","1","2"
"相持二十余日","1","1","2"
"崇祯十年十月","1","1","2"
"同郡谕德刘若","1","1","2"
"郡谕德刘若宰","1","1","2"
"监军佥事张大","1","1","2"
"军佥事张大经","1","1","2"
"佥事张大经奉","1","1","2"
"陕西苑马寺万","1","1","2"
"罗汝才率九营","1","1","2"
"献忠所遣前锋","1","1","2"
"近两河饥民云","1","1","2"
"两河饥民云集","1","1","2"
"奏除齐泰姻戚","1","1","2"
"除齐泰姻戚子","1","1","2"
"齐泰姻戚子孙","1","1","2"
"泰姻戚子孙军","1","1","2"
"姻戚子孙军籍","1","1","2"
"戚子孙军籍二","1","1","2"
"子孙军籍二十","1","1","2"
"孙军籍二十六","1","1","2"
"军籍二十六家","1","1","2"
"巡漕御史孙居","1","1","2"
"漕御史孙居相","1","1","2"
"洪武二年追封","1","1","2"
"守墓户二百一","1","1","2"
"墓户二百一十","1","1","2"
"户二百一十家","1","1","2"
"懿文太子次妃","1","1","2"
"授中书省令史","1","1","2"
"女入皇太孙宫","1","1","2"
"授府军前卫指","1","1","2"
"府军前卫指挥","1","1","2"
"军前卫指挥使","1","1","2"
"加号奉天翊卫","1","1","2"
"号奉天翊卫推","1","1","2"
"天翊卫推诚宣","1","1","2"
"翊卫推诚宣力","1","1","2"
"卫推诚宣力武","1","1","2"
"都指挥佥事者","1","1","2"
"家奴四十三人","1","1","2"
"子琏授锦衣卫","1","1","2"
"琏授锦衣卫指","1","1","2"
"婿指挥使武忠","1","1","2"
"指挥使武忠进","1","1","2"
"授官者十七人","1","1","2"
"子孙二十余人","1","1","2"
"命继宗提督十","1","1","2"
"继宗提督十二","1","1","2"
"宗提督十二团","1","1","2"
"故使外戚亲臣","1","1","2"
"使外戚亲臣参","1","1","2"
"勋戚请乞庄田","1","1","2"
"州田六十二顷","1","1","2"
"昌侯张延龄争","1","1","2"
"侯张延龄争田","1","1","2"
"二十一年封长","1","1","2"
"十一年封长宁","1","1","2"
"一年封长宁伯","1","1","2"
"外戚经营私利","1","1","2"
"听巡城巡按御","1","1","2"
"巡城巡按御史","1","1","2"
"南京锦衣卫指","1","1","2"
"京锦衣卫指挥","1","1","2"
"嘉靖元年授鸿","1","1","2"
"靖元年授鸿胪","1","1","2"
"元年授鸿胪卿","1","1","2"
"上疏请立太子","1","1","2"
"国泰等拥戴福","1","1","2"
"泰等拥戴福王","1","1","2"
"遣司礼监太监","1","1","2"
"司礼监太监王","1","1","2"
"礼监太监王裕","1","1","2"
"监太监王裕民","1","1","2"
"太监王裕民同","1","1","2"
"监王裕民同武","1","1","2"
"王裕民同武英","1","1","2"
"裕民同武英殿","1","1","2"
"民同武英殿中","1","1","2"
"同武英殿中书","1","1","2"
"宛平太学生申","1","1","2"
"平太学生申湛","1","1","2"
"太学生申湛然","1","1","2"
"驸马都尉巩永","1","1","2"
"马都尉巩永固","1","1","2"
"命文武勋戚分","1","1","2"
"文武勋戚分守","1","1","2"
"武勋戚分守京","1","1","2"
"勋戚分守京城","1","1","2"
"念瀛国太夫人","1","1","2"
"瀛国太夫人年","1","1","2"
"妻左氏见大宅","1","1","2"
"同兄文炳毕命","1","1","2"
"兄文炳毕命报","1","1","2"
"文炳毕命报国","1","1","2"
"炳毕命报国处","1","1","2"
"文荣督所部会","1","1","2"
"荣督所部会剿","1","1","2"
"承天巡抚王扬","1","1","2"
"天巡抚王扬基","1","1","2"
"巡抚王扬基率","1","1","2"
"抚王扬基率所","1","1","2"
"王扬基率所部","1","1","2"
"扬基率所部千","1","1","2"
"基率所部千人","1","1","2"
"湖广巡抚王聚","1","1","2"
"广巡抚王聚奎","1","1","2"
"巡抚王聚奎远","1","1","2"
"抚王聚奎远驻","1","1","2"
"御史刘熙祚令","1","1","2"
"史刘熙祚令道","1","1","2"
"刘熙祚令道宪","1","1","2"
"熙祚令道宪募","1","1","2"
"祚令道宪募兵","1","1","2"
"知府堵胤锡入","1","1","2"
"军中久知蔡推","1","1","2"
"中久知蔡推官","1","1","2"
"天启四年乡试","1","1","2"
"年二月抵岳州","1","1","2"
"急令总兵尹先","1","1","2"
"令总兵尹先民","1","1","2"
"万人守罗塘河","1","1","2"
"熙祚单骑赴永","1","1","2"
"祚单骑赴永州","1","1","2"
"参政夏时亨筑","1","1","2"
"政夏时亨筑垒","1","1","2"
"相持四十余日","2","0","2"
"良筹号召远近","1","1","2"
"筹号召远近诸","1","1","2"
"号召远近诸寨","1","1","2"
"遣右营十万人","1","1","2"
"迁陕西左布政","2","0","2"
"御史张孙振诬","1","1","2"
"史张孙振诬劾","1","1","2"
"张孙振诬劾提","1","1","2"
"孙振诬劾提学","1","1","2"
"振诬劾提学佥","1","1","2"
"诬劾提学佥事","1","1","2"
"劾提学佥事袁","1","1","2"
"提学佥事袁继","1","1","2"
"学佥事袁继咸","1","1","2"
"率诸将王世钦","1","1","2"
"诸将王世钦等","1","1","2"
"将王世钦等数","1","1","2"
"王世钦等数十","1","1","2"
"世钦等数十人","1","1","2"
"钦等数十人誓","1","1","2"
"等数十人誓死","1","1","2"
"数十人誓死守","1","1","2"
"山西监司王肇","1","1","2"
"西监司王肇生","1","1","2"
"监司王肇生合","1","1","2"
"司王肇生合兵","1","1","2"
"太常寺卿耀州","1","1","2"
"常寺卿耀州宋","1","1","2"
"寺卿耀州宋师","1","1","2"
"卿耀州宋师襄","1","1","2"
"行省参政苏天","1","1","2"
"省参政苏天爵","1","1","2"
"人黄冠鹿裘立","1","1","2"
"驸马都尉陆贤","1","1","2"
"提学佥事周孟","1","1","2"
"学佥事周孟中","1","1","2"
"置田二十余亩","1","1","2"
"礼部侍郎谢铎","1","1","2"
"巡按御史宗彝","1","1","2"
"罗汉壁石窟山","1","1","2"
"巡抚侍郎崔恭","1","1","2"
"缙代郎中王国","1","1","2"
"将军徐达征陕","1","1","2"
"军徐达征陕西","1","1","2"
"林虑西北二十","1","1","2"
"虑西北二十里","1","1","2"
"然后北向中原","1","1","2"
"先圣五十八世","1","1","2"
"圣五十八世孙","1","1","2"
"周廉使名闻天","1","1","2"
"廉使名闻天下","1","1","2"
"樱桃园空堡中","1","1","2"
"番僧张答里麻","1","1","2"
"河东盐运判官","1","1","2"
"东盐运判官济","1","1","2"
"盐运判官济南","1","1","2"
"上皇君临天下","1","1","2"
"皇君临天下十","1","1","2"
"君临天下十四","1","1","2"
"临天下十四年","1","1","2"
"廷臣请立东宫","1","1","2"
"贡生授京山训","1","1","2"
"生授京山训导","1","1","2"
"移守下川南道","1","1","2"
"郧阳巡抚袁继","1","1","2"
"阳巡抚袁继咸","1","1","2"
"降授锦衣卫指","1","1","2"
"继祖守皇城东","1","1","2"
"祖守皇城东安","1","1","2"
"守皇城东安门","1","1","2"
"永固守崇文门","1","1","2"
"督饷员外郎王","1","1","2"
"饷员外郎王家","1","1","2"
"员外郎王家录","1","1","2"
"佥都御史林俊","1","1","2"
"都御史林俊上","1","1","2"
"枝秀跃马追贼","2","0","2"
"廷诸臣敢诳陛","2","0","2"
"诸臣敢诳陛下","2","0","2"
"臣敢诳陛下者","2","0","2"
"诏加太子太师","2","0","2"
"参将戚继光请","1","1","2"
"遣主簿梁维栋","1","1","2"
"都指挥欧阳深","1","1","2"
"继光总理练兵","1","1","2"
"巡抚刘应节果","1","1","2"
"巡关御史孙代","1","1","2"
"二万一千五百","1","1","2"
"遣百户鲍崇德","1","1","2"
"事中章端甫请","1","1","2"
"俺答父子兄弟","1","1","2"
"答父子兄弟横","1","1","2"
"父子兄弟横行","1","1","2"
"子兄弟横行四","1","1","2"
"尚书朱衡等五","1","1","2"
"书朱衡等五人","1","1","2"
"独佥都御史李","1","1","2"
"佥都御史李棠","1","1","2"
"都御史李棠极","1","1","2"
"孙切尽台吉连","1","1","2"
"南京御史陈堂","1","1","2"
"永平兵备副使","1","1","2"
"嘉靖戊午大饥","1","1","2"
"大将李成梁敢","1","1","2"
"阅视侍郎汪道","1","1","2"
"视侍郎汪道昆","1","1","2"
"建州都督王杲","1","1","2"
"总兵赵完责汝","2","0","2"
"兵赵完责汝翼","2","0","2"
"赵完责汝翼启","2","0","2"
"完责汝翼启衅","2","0","2"
"进退边将皆敌","2","0","2"
"退边将皆敌主","2","0","2"
"边将皆敌主矣","2","0","2"
"约海西王台送","1","1","2"
"阿丑台等五人","1","1","2"
"皇上恭奉圣母","1","1","2"
"御史刘台劾居","2","0","2"
"史刘台劾居正","2","0","2"
"顺天府通判周","1","1","2"
"天府通判周弘","1","1","2"
"总兵官麻锦擒","1","1","2"
"浙江巡抚吴善","1","1","2"
"江巡抚吴善言","1","1","2"
"巡抚吴善言奉","1","1","2"
"抚吴善言奉诏","1","1","2"
"吴善言奉诏减","1","1","2"
"河决沛县飞云","2","0","2"
"决沛县飞云桥","2","0","2"
"史盛应期所开","1","1","2"
"盛应期所开新","1","1","2"
"应期所开新河","1","1","2"
"河道都御史潘","1","1","2"
"道都御史潘季","1","1","2"
"事中郑钦劾衡","2","0","2"
"近河道都御史","1","1","2"
"河道都御史翁","1","1","2"
"道都御史翁大","1","1","2"
"御史翁大立奏","1","1","2"
"史翁大立奏请","1","1","2"
"翁大立奏请裁","1","1","2"
"织造太监李佑","1","1","2"
"行均平里甲法","1","1","2"
"河漕尚书吴桂","1","1","2"
"漕尚书吴桂芳","1","1","2"
"大两镇六十七","1","1","2"
"两镇六十七万","1","1","2"
"抚都御史梁梦","1","1","2"
"都御史梁梦龙","1","1","2"
"御史梁梦龙毅","1","1","2"
"史梁梦龙毅然","1","1","2"
"十二万石淮入","2","0","2"
"二万石淮入海","2","0","2"
"宗沐掩饰视听","1","1","2"
"山东巡抚傅希","1","1","2"
"东巡抚傅希挚","1","1","2"
"家居垂二十年","2","0","2"
"举隆庆五年进","2","0","2"
"上流十五河水","2","0","2"
"兵部尚书谭纶","1","1","2"
"顺天巡抚张国","1","1","2"
"天巡抚张国彦","1","1","2"
"户部尚书毕锵","1","1","2"
"部尚书毕锵等","1","1","2"
"帝召见时行等","2","0","2"
"南京都御史赵","1","1","2"
"京都御史赵锦","1","1","2"
"遣锦衣官校监","1","1","2"
"编修李维桢偶","1","1","2"
"应昌巡按辽东","1","1","2"
"令王宗载巡抚","1","1","2"
"王宗载巡抚江","1","1","2"
"宗载巡抚江西","1","1","2"
"辽东巡抚周咏","1","1","2"
"南京御史孙继","1","1","2"
"京御史孙继先","1","1","2"
"江西巡抚曹大","1","1","2"
"辽东巡抚李松","1","1","2"
"翰林院侍讲赵","1","1","2"
"林院侍讲赵志","1","1","2"
"院侍讲赵志皋","1","1","2"
"南京御史朱鸿","1","1","2"
"京御史朱鸿谟","1","1","2"
"中书舍人秦柱","1","1","2"
"大学士许国攻","1","1","2"
"张居正父丧夺","2","0","2"
"居正父丧夺情","2","0","2"
"吏部郎中赵南","1","1","2"
"部郎中赵南星","1","1","2"
"户部郎中杨应","1","1","2"
"部郎中杨应宿","1","1","2"
"对天下后世臣","1","1","2"
"崇阳知县周应","1","1","2"
"阳知县周应中","1","1","2"
"宾州知州叶春","1","1","2"
"告播州宣慰使","1","1","2"
"慰使杨应龙叛","1","1","2"
"巡抚叶梦熊请","1","1","2"
"思孝移驻下马","1","1","2"
"孝移驻下马关","1","1","2"
"尚书孙丕扬掌","1","1","2"
"劾文选郎蒋时","1","1","2"
"文选郎蒋时馨","1","1","2"
"选郎蒋时馨受","1","1","2"
"郎蒋时馨受贿","1","1","2"
"行皇长子冠礼","1","1","2"
"遣兵部郎中征","1","1","2"
"进刑部右侍郎","2","0","2"
"叛将周云翔等","1","1","2"
"左都御史葛守","1","1","2"
"劾吏部尚书李","1","1","2"
"延绥巡抚王轮","1","1","2"
"督粮郎中陈灿","1","1","2"
"粮郎中陈灿等","1","1","2"
"怒礼部尚书吴","1","1","2"
"海道南淮安胶","2","0","2"
"道南淮安胶州","2","0","2"
"游击陶承喾假","1","1","2"
"皇上盛德大业","1","1","2"
"故大学士王家","2","0","2"
"常州知府欧阳","1","1","2"
"州知府欧阳东","1","1","2"
"知府欧阳东凤","1","1","2"
"光禄丞吴炯上","1","1","2"
"南畿督学御史","1","1","2"
"畿督学御史德","1","1","2"
"督学御史德清","1","1","2"
"学御史德清人","1","1","2"
"御史德清人房","1","1","2"
"史德清人房寰","1","1","2"
"同年生彭遵古","1","1","2"
"令九卿约束办","1","1","2"
"九卿约束办事","1","1","2"
"卿约束办事进","1","1","2"
"约束办事进士","1","1","2"
"仆卿沈思孝上","1","1","2"
"南京御史陈邦","1","1","2"
"京御史陈邦科","1","1","2"
"御史陈邦科请","1","1","2"
"工部主事岳元","1","1","2"
"部主事岳元声","1","1","2"
"主事岳元声合","1","1","2"
"事中王坚疏先","2","0","2"
"中王坚疏先入","2","0","2"
"御史周家栋指","1","1","2"
"史周家栋指陈","1","1","2"
"周家栋指陈时","1","1","2"
"家栋指陈时政","1","1","2"
"故赞画主事刘","2","0","2"
"劾东厂太监张","1","1","2"
"顾宪成等二十","1","1","2"
"宪成等二十二","1","1","2"
"成等二十二人","1","1","2"
"文选郎邹观光","1","1","2"
"学士赵志皋弟","2","0","2"
"劾稽勋员外郎","1","1","2"
"稽勋员外郎虞","1","1","2"
"勋员外郎虞淳","1","1","2"
"员外郎虞淳熙","1","1","2"
"左都御史李世","1","1","2"
"考功郎中刘世","1","1","2"
"功郎中刘世亨","1","1","2"
"考功郎中孙惟","1","1","2"
"功郎中孙惟清","1","1","2"
"考功郎邹观光","1","1","2"
"辅臣王家屏虚","1","1","2"
"臣王家屏虚怀","1","1","2"
"侍郎蔡国珍暂","1","1","2"
"举嘉靖四十一","2","0","2"
"左侍郎刘光济","1","1","2"
"左侍郎罗万化","1","1","2"
"寻左侍郎擢南","2","0","2"
"左侍郎擢南京","2","0","2"
"侍郎擢南京右","2","0","2"
"郎擢南京右都","2","0","2"
"吏部尚书温纯","1","1","2"
"部尚书温纯共","1","1","2"
"左都御史孙丕","1","1","2"
"都御史孙丕扬","1","1","2"
"西安知府罗织","1","1","2"
"九江知府沈铁","1","1","2"
"江西提学佥事","1","1","2"
"西提学佥事马","1","1","2"
"提学佥事马犹","1","1","2"
"学佥事马犹龙","1","1","2"
"定御史祝大舟","1","1","2"
"考功郎蒋时馨","1","1","2"
"文选郎唐伯元","1","1","2"
"廉吏布政使汪","1","1","2"
"继芳巡按浙江","1","1","2"
"副都御史许弘","1","1","2"
"都御史许弘纲","1","1","2"
"考功郎中王宗","1","1","2"
"功郎中王宗贤","1","1","2"
"河南道御史汤","1","1","2"
"协理御史乔允","1","1","2"
"理御史乔允升","1","1","2"
"刑部主事秦聚","1","1","2"
"部主事秦聚奎","1","1","2"
"礼部主事丁元","1","1","2"
"部主事丁元荐","1","1","2"
"科道钱梦皋等","1","1","2"
"道钱梦皋等十","1","1","2"
"钱梦皋等十人","1","1","2"
"御史钱一本等","1","1","2"
"史钱一本等十","1","1","2"
"钱一本等十三","1","1","2"
"一本等十三人","1","1","2"
"事中钟羽正等","1","1","2"
"中钟羽正等十","1","1","2"
"钟羽正等十五","1","1","2"
"羽正等十五人","1","1","2"
"兵部尚书萧大","1","1","2"
"尚书萧大亨主","1","1","2"
"外郎贺灿然请","1","1","2"
"邹元标等九十","1","1","2"
"元标等九十六","1","1","2"
"标等九十六人","1","1","2"
"副都御史詹沂","1","1","2"
"尚书赵世卿代","1","1","2"
"受业永丰吕怀","2","0","2"
"圣贤仁义心性","1","1","2"
"江西乐平知县","1","1","2"
"发胡宗宪失律","1","1","2"
"治乡官吕希周","1","1","2"
"副都御史邹应","1","1","2"
"都御史邹应龙","1","1","2"
"河东巡盐郜永","1","1","2"
"东巡盐郜永春","1","1","2"
"屯盐都御史官","1","1","2"
"御史计坤亨等","1","1","2"
"史计坤亨等交","1","1","2"
"推行一条鞭法","1","1","2"
"总兵官胡守仁","1","1","2"
"令吏科陈三谟","1","1","2"
"劾大将军仇鸾","1","1","2"
"请开桑乾河通","2","0","2"
"宣府黑龙湾石","1","1","2"
"府黑龙湾石崖","1","1","2"
"黑龙湾石崖稍","1","1","2"
"龙湾石崖稍险","1","1","2"
"大同巡抚侯钺","1","1","2"
"兵部尚书聂豹","1","1","2"
"工部尚书欧阳","1","1","2"
"部尚书欧阳必","1","1","2"
"尚书欧阳必进","1","1","2"
"灾异考察京官","1","1","2"
"霸州兵备佥事","1","1","2"
"兵官戚继光合","1","1","2"
"官戚继光合兵","1","1","2"
"太常卿袁洪愈","1","1","2"
"巡视内府库藏","1","1","2"
"南京尚书潘晟","1","1","2"
"事中傅作舟等","1","1","2"
"操江佥都御史","1","1","2"
"江佥都御史吕","1","1","2"
"佥都御史吕藿","1","1","2"
"事中袁国臣等","1","1","2"
"降贼渠许恩阳","2","0","2"
"贼渠许恩阳江","2","0","2"
"遣游击刘天俸","1","1","2"
"游击刘天俸率","1","1","2"
"总兵官沐昌祚","1","1","2"
"学士申时行庇","1","1","2"
"巡按御史苏赞","1","1","2"
"按御史苏赞阝","1","1","2"
"刑部尚书李世","1","1","2"
"部尚书李世达","1","1","2"
"大理少卿李栋","1","1","2"
"理少卿李栋等","1","1","2"
"典诏狱李登云","1","1","2"
"诏狱李登云等","1","1","2"
"事中唐尧钦等","1","1","2"
"士民阎世祥等","1","1","2"
"学士王锡爵等","1","1","2"
"固原州海剌都","1","1","2"
"原州海剌都地","1","1","2"
"二千二百余顷","1","1","2"
"朝忠臣十二人","1","1","2"
"平江伯陈王谟","1","1","2"
"辅国将军袭封","1","1","2"
"事中雒遵相继","1","1","2"
"东税使高淮诬","1","1","2"
"劾山海同知罗","1","1","2"
"山海同知罗大","1","1","2"
"海同知罗大器","1","1","2"
"兵部主事伍袁","1","1","2"
"部主事伍袁萃","1","1","2"
"总督高文荐请","1","1","2"
"况二镇多沙碛","1","1","2"
"浙江巡抚张佳","1","1","2"
"江巡抚张佳胤","1","1","2"
"取黄金三千二","1","1","2"
"黄金三千二百","1","1","2"
"金三千二百两","1","1","2"
"都匀答千岩苗","1","1","2"
"宣慰安国亨诡","1","1","2"
"太平同知龙宗","1","1","2"
"平同知龙宗武","1","1","2"
"官田玉提督太","1","1","2"
"亭障二百六十","1","1","2"
"障二百六十所","1","1","2"
"右布政使移守","1","1","2"
"布政使移守宣","1","1","2"
"政使移守宣府","1","1","2"
"总兵官麻承恩","1","1","2"
"两京太常少卿","1","1","2"
"南京五府佥书","1","1","2"
"劾左都御史陈","1","1","2"
"南京大理评事","1","1","2"
"御史潘惟岳等","1","1","2"
"衡州三卫军戍","1","1","2"
"宁远诸卫远戍","1","1","2"
"远诸卫远戍广","1","1","2"
"诸卫远戍广西","1","1","2"
"周敦颐父辅成","2","0","2"
"敦颐父辅成祀","2","0","2"
"颐父辅成祀启","2","0","2"
"父辅成祀启圣","2","0","2"
"真人张国祥乞","1","1","2"
"永年伯王伟乘","1","1","2"
"固安伯陈景行","1","1","2"
"米二万七千石","1","1","2"
"宁夏时取官银","1","1","2"
"尚宝丞周弘禴","2","0","2"
"太山提督中官","2","0","2"
"山提督中官田","1","1","2"
"提督中官田玉","1","1","2"
"顺天考官张一","1","1","2"
"天考官张一桂","1","1","2"
"考官张一桂私","1","1","2"
"御史王世扬请","1","1","2"
"吏部员外郎赵","1","1","2"
"部员外郎赵南","1","1","2"
"户部主事姜士","1","1","2"
"部主事姜士昌","1","1","2"
"刑部主事吴正","1","1","2"
"部主事吴正志","1","1","2"
"主事吴正志上","1","1","2"
"事吴正志上疏","1","1","2"
"何景古城全军","1","1","2"
"甘肃巡抚李廷","1","1","2"
"尚书陆光祖拟","1","1","2"
"员外郎叶隆光","1","1","2"
"疑举人屠大壮","1","1","2"
"张居正三子连","1","1","2"
"辅臣子弟遂成","1","1","2"
"御史林祖述等","1","1","2"
"南京太常博士","1","1","2"
"御史万国钦极","1","1","2"
"事中杨文举奉","1","1","2"
"中杨文举奉诏","1","1","2"
"事中胡汝宁攻","1","1","2"
"中胡汝宁攻击","1","1","2"
"胡汝宁攻击饶","1","1","2"
"汝宁攻击饶伸","1","1","2"
"家居二十年卒","2","0","2"
"显祖意气慷慨","1","1","2"
"南部郎谭一召","1","1","2"
"选郎顾宪成等","1","1","2"
"皇祖二十八年","1","1","2"
"辅臣赵志皋等","1","1","2"
"陕西按察司知","1","1","2"
"西按察司知事","1","1","2"
"巡盐御史袁淳","1","1","2"
"天下臣民万物","1","1","2"
"梁材守道守官","1","1","2"
"一旦翻然悔悟","1","1","2"
"洪武三十年定","2","0","2"
"提学御史房寰","1","1","2"
"都御史李盛春","1","1","2"
"修撰唐文献同","1","1","2"
"旋擢礼部右侍","2","0","2"
"通政使沈子木","1","1","2"
"令楚王避位听","1","1","2"
"巡城御史康丕","1","1","2"
"城御史康丕扬","1","1","2"
"东厂太监陈矩","1","1","2"
"巡按御史史学","1","1","2"
"按御史史学迁","1","1","2"
"知府王宗显聘","1","1","2"
"府王宗显聘仪","1","1","2"
"三衢书院山长","1","1","2"
"春秋经传附录","1","1","2"
"秋经传附录纂","1","1","2"
"经传附录纂疏","1","1","2"
"程朱传义音考","1","1","2"
"集传音义会通","1","1","2"
"口授六十四卦","1","1","2"
"兵部侍郎王伟","1","1","2"
"朱子晚年定论","1","1","2"
"成化十三年乡","1","1","2"
"化十三年乡试","1","1","2"
"十三年乡试第","1","1","2"
"三年乡试第一","1","1","2"
"刘大夏等三十","1","1","2"
"大夏等三十余","1","1","2"
"夏等三十余人","1","1","2"
"迁南京太常少","2","0","2"
"钦顺致书守仁","1","1","2"
"正心诚意四字","1","1","2"
"端初读谢应芳","1","1","2"
"洛阳姚枢讲道","1","1","2"
"周易乾坤二卦","1","1","2"
"易乾坤二卦解","1","1","2"
"乾坤二卦解义","1","1","2"
"河南巡抚李桢","1","1","2"
"西巡抚韩雍备","1","1","2"
"巡抚韩雍备礼","1","1","2"
"岂容先生久窃","1","1","2"
"容先生久窃虚","1","1","2"
"先生久窃虚名","1","1","2"
"程朱正学纂要","1","1","2"
"取回镇守太监","1","1","2"
"南京宗人府经","1","1","2"
"京宗人府经历","1","1","2"
"高陵人市者三","2","0","2"
"陵人市者三日","2","0","2"
"行计口浇田法","1","1","2"
"入户部员外郎","2","0","2"
"迁江西提学副","2","0","2"
"修白鹿书院学","1","1","2"
"白鹿书院学舍","1","1","2"
"漕帅平江伯陈","1","1","2"
"帅平江伯陈熊","1","1","2"
"南京户科事中","2","0","2"
"关中马理先生","1","1","2"
"郎中张衍瑞等","1","1","2"
"故户部郎中庄","1","1","2"
"户部郎中庄绎","1","1","2"
"广东副使魏校","1","1","2"
"陕西副使唐龙","1","1","2"
"江西兵备副使","1","1","2"
"六义音切贯珠","1","1","2"
"义音切贯珠图","1","1","2"
"诏所授官致仕","2","0","2"
"巡按御史甘士","1","1","2"
"按御史甘士价","1","1","2"
"尚书马文升知","1","1","2"
"巡按御史吴华","1","1","2"
"孟子所谓良知","1","1","2"
"子所谓良知良","1","1","2"
"所谓良知良能","1","1","2"
"佐尚书孙丕扬","1","1","2"
"尚书孙丕扬澄","1","1","2"
"书孙丕扬澄清","1","1","2"
"孙丕扬澄清吏","1","1","2"
"丕扬澄清吏治","1","1","2"
"年七月二十四","1","1","2"
"正统十二年乡","1","1","2"
"统十二年乡试","1","1","2"
"四方学者日进","2","0","2"
"广东布政使彭","1","1","2"
"东布政使彭韶","1","1","2"
"授吉安府推官","1","1","2"
"第三人授翰林","2","0","2"
"嘉靖三年二月","1","1","2"
"进阶朝列大夫","1","1","2"
"成化朝纪淑妃","1","1","2"
"命调南京工部","1","1","2"
"调南京工部右","1","1","2"
"考官评语失书","1","1","2"
"官评语失书名","1","1","2"
"逮考官谕德江","1","1","2"
"考官谕德江汝","1","1","2"
"官谕德江汝璧","1","1","2"
"称南都四君子","1","1","2"
"南赣巡抚张岳","1","1","2"
"两淮盐运司判","1","1","2"
"淮盐运司判官","1","1","2"
"兵部武选郎中","1","1","2"
"御史甘士价等","1","1","2"
"汝芳门人礼部","1","1","2"
"芳门人礼部侍","1","1","2"
"门人礼部侍郎","1","1","2"
"人礼部侍郎杨","1","1","2"
"尚宝司卿周汝","1","1","2"
"宝司卿周汝登","1","1","2"
"巡按御史陈子","1","1","2"
"按御史陈子贞","1","1","2"
"三十四年举乡","2","0","2"
"万历十六年入","1","1","2"
"隆庆四年乡试","1","1","2"
"杭州苗军数万","1","1","2"
"常遇春屯兵金","1","1","2"
"遇春屯兵金华","1","1","2"
"南儒学提举司","1","1","2"
"儒学提举司校","1","1","2"
"学提举司校理","1","1","2"
"洪武元年八月","1","1","2"
"国史院编修官","1","1","2"
"诏赠翰林学士","1","1","2"
"松江民钱鹤皋","1","1","2"
"中书考功博士","1","1","2"
"新设浙江按察","1","1","2"
"设浙江按察司","1","1","2"
"平阳知州梅镒","1","1","2"
"宁海民陈德仲","1","1","2"
"部卒六百余人","1","1","2"
"走匿宸濠祖墓","2","0","2"
"巡按御史林潮","1","1","2"
"巡按御史王金","1","1","2"
"知县刘源清所","1","1","2"
"县刘源清所斩","1","1","2"
"钱清场盐司令","1","1","2"
"江西儒学提举","1","1","2"
"江吴莱学古文","1","1","2"
"胡翰等十二人","1","1","2"
"江北行省儒学","1","1","2"
"北行省儒学提","1","1","2"
"行省儒学提举","1","1","2"
"御史台治书侍","1","1","2"
"史台治书侍御","1","1","2"
"台治书侍御史","1","1","2"
"国史非公莫知","1","1","2"
"授翰林侍讲学","1","1","2"
"翰林侍讲学士","1","1","2"
"夏人杨辇真珈","1","1","2"
"翰林侍读学士","1","1","2"
"赐御制诗八章","1","1","2"
"漳州府通判王","1","1","2"
"江西行枢密院","1","1","2"
"西行枢密院都","1","1","2"
"行枢密院都事","1","1","2"
"元水军副都万","1","1","2"
"水军副都万户","1","1","2"
"授翰林院国史","1","1","2"
"翰林院国史编","1","1","2"
"林院国史编修","1","1","2"
"院国史编修官","1","1","2"
"洪武二年八月","1","1","2"
"故欧阳修奏请","1","1","2"
"欧阳修奏请宰","1","1","2"
"阳修奏请宰相","1","1","2"
"修奏请宰相监","1","1","2"
"奏请宰相监修","1","1","2"
"洪武十二年命","1","1","2"
"授中都国子监","1","1","2"
"中都国子监典","1","1","2"
"都国子监典簿","1","1","2"
"著书十万余言","1","1","2"
"江西行省幕官","1","1","2"
"会稽杨维桢客","1","1","2"
"授工部织染局","1","1","2"
"工部织染局使","1","1","2"
"京师望都门城","1","1","2"
"阉党杨维垣等","1","1","2"
"山西巡抚宋统","1","1","2"
"西巡抚宋统殷","1","1","2"
"崇祯五年四月","1","1","2"
"宁武守备猛忠","1","1","2"
"武守备猛忠战","1","1","2"
"守备猛忠战死","1","1","2"
"宜川廪生韩廷","1","1","2"
"川廪生韩廷宪","1","1","2"
"廷宪知紫金樑","2","0","2"
"滚山虎等六人","1","1","2"
"巡按御史冯明","1","1","2"
"邦佐仰天长叹","1","1","2"
"建祠宣武门外","1","1","2"
"燕建二路兵备","1","1","2"
"建二路兵备道","1","1","2"
"兵部尚书王晋","2","0","2"
"臣招旧日义勇","1","1","2"
"论功加太仆少","1","1","2"
"功加太仆少卿","1","1","2"
"莱州援兵七百","1","1","2"
"巡按御史宋学","1","1","2"
"按御史宋学朱","1","1","2"
"盐运使唐世熊","1","1","2"
"运使唐世熊等","1","1","2"
"督师中官高潜","2","0","2"
"秉文等分门死","1","1","2"
"文等分门死守","1","1","2"
"历城知县韩承","1","1","2"
"城知县韩承宣","1","1","2"
"秉文赠太常寺","1","1","2"
"文赠太常寺卿","1","1","2"
"命希学袭封衍","1","1","2"
"礼部右侍郎崔","1","1","2"
"部右侍郎崔桐","1","1","2"
"左侍郎许成名","1","1","2"
"侍郎许成名竞","1","1","2"
"二百六十余卷","1","1","2"
"阅二十年始成","2","0","2"
"举嘉靖五年进","2","0","2"
"真人张衍庆请","1","1","2"
"人张衍庆请封","1","1","2"
"侍郎王杲奉命","1","1","2"
"慎中提学山东","1","1","2"
"中提学山东时","1","1","2"
"武城王道同署","1","1","2"
"祭酒湛若水讲","1","1","2"
"酒湛若水讲学","1","1","2"
"胡经等二十人","1","1","2"
"近郊居民坟墓","1","1","2"
"改左春坊左司","1","1","2"
"四川巡抚刘思","1","1","2"
"川巡抚刘思洁","1","1","2"
"授南京刑部主","1","1","2"
"十年十二月上","1","1","2"
"龙州土酋赵楷","1","1","2"
"祥州土酋李寰","1","1","2"
"努滩贼侯公丁","1","1","2"
"南布政司理问","1","1","2"
"广西兵备佥事","1","1","2"
"巡按庞尚鹏所","1","1","2"
"大河南北皆称","1","1","2"
"河南北皆称谢","1","1","2"
"南北皆称谢榛","1","1","2"
"北皆称谢榛先","1","1","2"
"皆称谢榛先生","1","1","2"
"青州兵备副使","1","1","2"
"德清胡友信齐","1","1","2"
"清胡友信齐名","1","1","2"
"守仁封新建伯","1","1","2"
"诏赠光禄少卿","1","1","2"
"统官民兵三千","1","1","2"
"岭南兵备佥事","1","1","2"
"崇明部将樊龙","1","1","2"
"明部将樊龙杀","1","1","2"
"重庆知府章文","1","1","2"
"庆知府章文炳","1","1","2"
"长宁主簿徐大","1","1","2"
"宁主簿徐大礼","1","1","2"
"一门死者十二","1","1","2"
"门死者十二人","1","1","2"
"诏赠都督佥事","1","1","2"
"天启二年授滕","1","1","2"
"启二年授滕县","1","1","2"
"二年授滕县知","1","1","2"
"年授滕县知县","1","1","2"
"故延绥巡抚董","1","1","2"
"延绥巡抚董国","1","1","2"
"绥巡抚董国光","1","1","2"
"举隆庆二年进","2","0","2"
"庶吉士授编修","1","1","2"
"事中薛大中特","1","1","2"
"山东巡抚尹应","1","1","2"
"东巡抚尹应元","1","1","2"
"商民吴时奉等","1","1","2"
"总督胡宗宪招","1","1","2"
"招名士饮酒赋","1","1","2"
"名士饮酒赋诗","1","1","2"
"西宁侯宋世恩","1","1","2"
"礼部尚书陈经","1","1","2"
"部尚书陈经邦","1","1","2"
"显卿挟仇诬陷","1","1","2"
"嘉定四先生集","1","1","2"
"大学士袁炜家","1","1","2"
"督学御史耿定","1","1","2"
"学御史耿定向","1","1","2"
"靖四十三年乡","1","1","2"
"四十三年乡试","1","1","2"
"南安知府张弼","1","1","2"
"擢吏部验封主","2","0","2"
"立岁终考察群","1","1","2"
"岁终考察群吏","1","1","2"
"终考察群吏法","1","1","2"
"历三十一年始","1","1","2"
"迁兵部职方主","2","0","2"
"辽东总兵官马","1","1","2"
"东总兵官马林","1","1","2"
"天启三年八月","1","1","2"
"党御史田景新","1","1","2"
"举万历二十三","2","0","2"
"南京户部郎中","1","1","2"
"巡按御史王政","1","1","2"
"按御史王政新","1","1","2"
"石仓十二代诗","1","1","2"
"仓十二代诗选","1","1","2"
"贵州提学佥事","1","1","2"
"兵备参议冯元","1","1","2"
"太仓知州周仲","1","1","2"
"仓知州周仲连","1","1","2"
"巡抚张国维等","1","1","2"
"刑部侍郎蔡奕","1","1","2"
"部侍郎蔡奕琛","1","1","2"
"授将乐县训导","1","1","2"
"礼部精膳司员","1","1","2"
"部精膳司员外","1","1","2"
"精膳司员外郎","1","1","2"
"太常卿侍读学","2","0","2"
"常卿侍读学士","2","0","2"
"令东阳会同考","1","1","2"
"东阳会同考官","1","1","2"
"成化十九年乡","1","1","2"
"化十九年乡试","1","1","2"
"授南京考功主","1","1","2"
"南京考功主事","1","1","2"
"中书舍人丁玑","1","1","2"
"南京户部左侍","1","1","2"
"京户部左侍郎","1","1","2"
"宁侯张鹤龄招","1","1","2"
"疏中陛下厚张","1","1","2"
"中陛下厚张氏","1","1","2"
"山西布政司经","1","1","2"
"西布政司经历","1","1","2"
"书吏部尚书许","1","1","2"
"吏部尚书许进","1","1","2"
"书吏部尚书杨","1","1","2"
"授大理左寺副","1","1","2"
"复建文帝尊号","1","1","2"
"里狂生张灵纵","1","1","2"
"狂生张灵纵酒","1","1","2"
"十一年乡试第","1","1","2"
"一年乡试第一","1","1","2"
"江阴富人徐经","1","1","2"
"阴富人徐经贿","1","1","2"
"镇守太监廖堂","1","1","2"
"慕孙太初一元","1","1","2"
"四川左布政使","1","1","2"
"嘉靖十六年召","1","1","2"
"福建按察佥事","1","1","2"
"陕西布政参议","1","1","2"
"天下名士正德","1","1","2"
"下名士正德十","1","1","2"
"名士正德十二","1","1","2"
"士正德十二年","1","1","2"
"武宗下诏南巡","1","1","2"
"同馆舒芬等七","1","1","2"
"馆舒芬等七人","1","1","2"
"布政使陈凤梧","1","1","2"
"巡按御史喻茂","1","1","2"
"按御史喻茂坚","1","1","2"
"德八年乡试第","1","1","2"
"论江西税使潘","1","1","2"
"江西税使潘相","1","1","2"
"西税使潘相擅","1","1","2"
"诸生王大义等","1","1","2"
"东税使高淮激","1","1","2"
"太仆少卿刘弘","1","1","2"
"仆少卿刘弘谟","1","1","2"
"卿沈思孝相继","1","1","2"
"京礼部侍郎赵","1","1","2"
"渭南知县张栋","1","1","2"
"甥文选员外郎","1","1","2"
"假汪文言发难","2","0","2"
"河南布政使郭","1","1","2"
"南布政使郭尚","1","1","2"
"布政使郭尚友","1","1","2"
"御史陈九畴受","1","1","2"
"王图等十五人","1","1","2"
"郭尚友巡抚保","1","1","2"
"尚友巡抚保定","1","1","2"
"廷杖吴中行等","1","1","2"
"京户部尚书张","1","1","2"
"户部尚书张士","1","1","2"
"部尚书张士佩","1","1","2"
"通政参议梁子","1","1","2"
"政参议梁子琦","1","1","2"
"元标复上时政","2","0","2"
"标复上时政六","2","0","2"
"复上时政六事","2","0","2"
"南京刑部照磨","1","1","2"
"尚书宋纟熏请","1","1","2"
"刑部尚书石星","1","1","2"
"李邦华等十八","1","1","2"
"邦华等十八人","1","1","2"
"南京御史王允","1","1","2"
"京御史王允成","1","1","2"
"御史王允成等","1","1","2"
"沈正宗等二十","1","1","2"
"正宗等二十二","1","1","2"
"宗等二十二人","1","1","2"
"时刑部尚书黄","1","1","2"
"忠贤遂矫旨削","2","0","2"
"蕴钫等二十三","1","1","2"
"钫等二十三人","1","1","2"
"选侍垂帘听政","1","1","2"
"举万历十七年","2","0","2"
"四川佥事张世","1","1","2"
"陛下深居九重","1","1","2"
"辅臣王锡爵等","1","1","2"
"五十步笑百步","1","1","2"
"御史吴弘济等","1","1","2"
"天启元年进少","2","0","2"
"南京御史游凤","1","1","2"
"京御史游凤翔","1","1","2"
"广东提督学校","1","1","2"
"四川右布政使","1","1","2"
"总兵官黄守魁","1","1","2"
"兵官黄守魁等","1","1","2"
"丞相五府等官","1","1","2"
"右布政使周著","1","1","2"
"登莱副使杨述","1","1","2"
"莱副使杨述程","1","1","2"
"合安绵副使刘","1","1","2"
"监军佥事戴君","1","1","2"
"军佥事戴君恩","1","1","2"
"令守备金富廉","1","1","2"
"守备金富廉攻","1","1","2"
"获伪丞相何若","1","1","2"
"伪丞相何若海","1","1","2"
"永宁人李忠臣","1","1","2"
"顺庆推官郭象","1","1","2"
"庆推官郭象仪","1","1","2"
"推官郭象仪等","1","1","2"
"陕西汉中五府","1","1","2"
"杨述中总督贵","1","1","2"
"述中总督贵州","1","1","2"
"中总督贵州军","1","1","2"
"总督贵州军务","1","1","2"
"副总兵秦衍祚","1","1","2"
"总兵秦衍祚等","1","1","2"
"红潦四十八砦","1","1","2"
"水西龙场客仲","1","1","2"
"西龙场客仲坝","1","1","2"
"总兵官李维新","1","1","2"
"兵官李维新等","1","1","2"
"参将林兆鼎等","1","1","2"
"贵州总督蔡复","1","1","2"
"州总督蔡复一","1","1","2"
"偏沅巡抚闵梦","1","1","2"
"督臣移镇贵阳","1","1","2"
"云南兵下乌撒","1","1","2"
"四川总兵官侯","1","1","2"
"川总兵官侯良","1","1","2"
"二年八月十七","1","1","2"
"年八月十七日","1","1","2"
"乌撒安效良死","1","1","2"
"臣筑城三十六","1","1","2"
"筑城三十六所","1","1","2"
"将士身经数百","1","1","2"
"士身经数百战","1","1","2"
"威清等上六卫","1","1","2"
"迷州土官普名","1","1","2"
"州土官普名声","1","1","2"
"陷弥勒州曲江","1","1","2"
"弥勒州曲江所","1","1","2"
"川巡按御史刘","1","1","2"
"巡按御史刘宗","1","1","2"
"按御史刘宗祥","1","1","2"
"太仆少卿徐兆","1","1","2"
"仆少卿徐兆魁","1","1","2"
"诚意伯刘荩臣","1","1","2"
"吏部侍郎李养","1","1","2"
"部侍郎李养正","1","1","2"
"张光房等五人","1","1","2"
"苏州同知杨姜","1","1","2"
"辱巡抚袁一骥","1","1","2"
"巡按御史徐吉","1","1","2"
"六年六月十七","1","1","2"
"年六月十七日","1","1","2"
"论兵部尚书崔","1","1","2"
"光禄卿李本固","1","1","2"
"奉圣夫人客氏","1","1","2"
"劾尚书赵秉忠","1","1","2"
"洋人利玛窦学","1","1","2"
"月辛丑朔日食","2","0","2"
"历三十五年成","1","1","2"
"十五年成进士","2","0","2"
"东宫伴读王安","2","0","2"
"太仆少卿徐养","1","1","2"
"仆少卿徐养量","1","1","2"
"劾兵部尚书黄","1","1","2"
"选侍气殴圣母","2","0","2"
"敬述移宫始末","1","1","2"
"述移宫始末疏","1","1","2"
"东厂太监魏忠","1","1","2"
"厂太监魏忠贤","1","1","2"
"事中魏大中遵","1","1","2"
"中魏大中遵旨","1","1","2"
"前奸细韩宗功","1","1","2"
"奸细韩宗功潜","1","1","2"
"细韩宗功潜入","1","1","2"
"韩宗功潜入长","1","1","2"
"宗功潜入长安","1","1","2"
"大理丞徐大化","1","1","2"
"光斗党同伐异","1","1","2"
"言官魏应嘉等","1","1","2"
"东厂理刑傅继","1","1","2"
"厂理刑傅继教","1","1","2"
"魏广微三十二","1","1","2"
"五年七月二十","1","1","2"
"年七月二十六","1","1","2"
"光斗右都御史","1","1","2"
"太常少卿王绍","1","1","2"
"常少卿王绍徽","1","1","2"
"浙江巡抚刘一","1","1","2"
"谢应祥巡抚山","1","1","2"
"应祥巡抚山西","1","1","2"
"职方郎一人专","1","1","2"
"雄县知县王纳","1","1","2"
"县知县王纳谏","1","1","2"
"事御史惠世扬","1","1","2"
"王化贞弃广宁","2","0","2"
"十三年五月初","1","1","2"
"三年五月初四","1","1","2"
"东华门守卫指","1","1","2"
"华门守卫指挥","1","1","2"
"门守卫指挥朱","1","1","2"
"守卫指挥朱雄","1","1","2"
"卫指挥朱雄等","1","1","2"
"巡皇城御史刘","1","1","2"
"皇城御史刘廷","1","1","2"
"城御史刘廷元","1","1","2"
"刑部山东司郎","1","1","2"
"部山东司郎中","1","1","2"
"山东司郎中胡","1","1","2"
"东司郎中胡士","1","1","2"
"司郎中胡士相","1","1","2"
"员外郎赵会桢","1","1","2"
"署印侍郎张问","1","1","2"
"印侍郎张问达","1","1","2"
"九卿科道三法","1","1","2"
"卿科道三法司","1","1","2"
"科道三法司会","1","1","2"
"行人司正陆大","1","1","2"
"人司正陆大受","1","1","2"
"户部主事张庭","1","1","2"
"百户王曰乾上","1","1","2"
"先帝大仇未复","2","0","2"
"帝大仇未复者","2","0","2"
"外戚郑国泰私","1","1","2"
"南京小教场坐","1","1","2"
"京小教场坐营","1","1","2"
"南甸土舍刀落","1","1","2"
"甸土舍刀落参","1","1","2"
"芒市土舍放正","1","1","2"
"市土舍放正堂","1","1","2"
"率象兵数十万","1","1","2"
"指挥吴继勋等","1","1","2"
"邓川土官知州","1","1","2"
"川土官知州何","1","1","2"
"土官知州何钰","1","1","2"
"监军副使傅宠","1","1","2"
"督参将胡大宾","1","1","2"
"参将胡大宾等","1","1","2"
"纵部将谢世禄","1","1","2"
"部将谢世禄等","1","1","2"
"五军三营参将","1","1","2"
"部将周国柱等","1","1","2"
"监军参政王士","1","1","2"
"军参政王士琦","1","1","2"
"四川总兵官万","1","1","2"
"川总兵官万鏊","1","1","2"
"天全招讨杨愈","1","1","2"
"御史崔景荣家","1","1","2"
"马湖知府詹淑","1","1","2"
"副使康应乾监","1","1","2"
"綎深入三百里","2","0","2"
"大清兵乘势追","1","1","2"
"清兵乘势追击","1","1","2"
"朝鲜都元帅姜","1","1","2"
"鲜都元帅姜弘","1","1","2"
"都元帅姜弘立","1","1","2"
"副元帅金景瑞","1","1","2"
"广西思恩参将","1","1","2"
"总兵王尚文大","1","1","2"
"南京左府佥事","1","1","2"
"副将吴子忠击","1","1","2"
"将吴子忠击破","1","1","2"
"吴子忠击破丢","1","1","2"
"子忠击破丢骨","1","1","2"
"热衣气力偏手","1","1","2"
"衣气力偏手钱","1","1","2"
"副使周光镐监","1","1","2"
"令都指挥李献","1","1","2"
"都指挥李献忠","1","1","2"
"指挥李献忠等","1","1","2"
"首一千六百九","1","1","2"
"一千六百九十","1","1","2"
"佥书南京右府","2","0","2"
"徒石胜俸等率","1","1","2"
"遵义知县萧鸣","1","1","2"
"义知县萧鸣世","1","1","2"
"副将李成立战","1","1","2"
"将李成立战败","1","1","2"
"总督殷正茂请","1","1","2"
"肇庆游击将军","1","1","2"
"总督凌云翼将","1","1","2"
"神机七营参将","1","1","2"
"遣子龙偕朝鲜","2","0","2"
"斩首一千九百","1","1","2"
"攻克大小三渡","1","1","2"
"克大小三渡关","1","1","2"
"独水西安疆臣","1","1","2"
"洪州司特峒寨","1","1","2"
"偏沅巡抚江铎","1","1","2"
"沅巡抚江铎命","1","1","2"
"副将李遇文等","1","1","2"
"天浦四十八寨","1","1","2"
"指挥徐时达诱","1","1","2"
"游击沈弘猷等","1","1","2"
"大帅张元勋讨","1","1","2"
"帅张元勋讨平","1","1","2"
"张元勋讨平巨","1","1","2"
"元勋讨平巨盗","1","1","2"
"勋讨平巨盗赖","1","1","2"
"讨平巨盗赖元","1","1","2"
"平巨盗赖元爵","1","1","2"
"湾甸土知州景","1","1","2"
"甸土知州景宗","1","1","2"
"土知州景宗真","1","1","2"
"招降六千六百","1","1","2"
"降六千六百人","1","1","2"
"猛广土官思仁","1","1","2"
"朝鲜统制使李","1","1","2"
"鲜统制使李舜","1","1","2"
"统制使李舜臣","1","1","2"
"清波故道南下","1","1","2"
"大学士吴道南","1","1","2"
"廷弼经略辽东","2","0","2"
"卫山海卫京师","2","0","2"
"奏记首辅叶向","2","0","2"
"记首辅叶向高","2","0","2"
"五城七十二堡","1","1","2"
"前哨游击左辅","1","1","2"
"哨游击左辅名","1","1","2"
"令总兵江应诏","1","1","2"
"中书舍人宋献","1","1","2"
"广宁道佥事万","1","1","2"
"巡关御史潘云","1","1","2"
"关御史潘云翼","1","1","2"
"率教捕斩四人","2","0","2"
"广宁理饷同知","1","1","2"
"承宗拥兵数万","1","1","2"
"事中郭兴治请","1","1","2"
"十一万七千人","1","1","2"
"前锋后劲营八","1","1","2"
"朕总督京城内","1","1","2"
"总督京城内外","1","1","2"
"保定巡抚解经","1","1","2"
"定巡抚解经传","1","1","2"
"遣都司贾登科","1","1","2"
"令游击石柱国","1","1","2"
"大寿敛兵待命","2","0","2"
"法等率骑兵四","1","1","2"
"等率骑兵四营","1","1","2"
"副将官惟贤等","1","1","2"
"副将王维城等","1","1","2"
"禾嘉巡抚辽东","1","1","2"
"守将祖大寿力","1","1","2"
"东厂太监李浚","1","1","2"
"逆党梁克顺诬","1","1","2"
"参将孙怀忠等","1","1","2"
"帝追叙甘肃前","1","1","2"
"追叙甘肃前后","1","1","2"
"京兵部尚书黄","1","1","2"
"兵部尚书黄克","1","1","2"
"斩首二百四十","1","1","2"
"朱燮元总督川","1","1","2"
"论四川桃红坝","1","1","2"
"西平守将罗一","1","1","2"
"平守将罗一贯","1","1","2"
"方御史保全山","1","1","2"
"御史保全山海","1","1","2"
"发大学士刘一","1","1","2"
"都司陈光福等","1","1","2"
"总兵杨御蕃等","1","1","2"
"尚书熊明遇奏","1","1","2"
"保定总兵刘国","1","1","2"
"定总兵刘国柱","1","1","2"
"天津总兵王洪","1","1","2"
"命主事张国臣","1","1","2"
"部右侍郎刘宇","1","1","2"
"右侍郎刘宇烈","1","1","2"
"右布政使杨作","1","1","2"
"巡按御史王道","1","1","2"
"按御史王道纯","1","1","2"
"义勇副将刘泽","1","1","2"
"勇副将刘泽清","1","1","2"
"新兵参将刘永","1","1","2"
"兵参将刘永昌","1","1","2"
"监纪推官汪惟","1","1","2"
"纪推官汪惟效","1","1","2"
"推官汪惟效等","1","1","2"
"副将吴安邦代","1","1","2"
"天津旧将孙应","1","1","2"
"津旧将孙应龙","1","1","2"
"莱州推官屈宜","1","1","2"
"州推官屈宜阳","1","1","2"
"推官屈宜阳请","1","1","2"
"东川土酋禄千","1","1","2"
"川土酋禄千钟","1","1","2"
"宗龙直渡盘江","1","1","2"
"十年十月流寇","1","1","2"
"年十月流寇大","1","1","2"
"广巡抚方孔","2","0","2"
"巡抚方孔召","2","0","2"
"蓟辽总督洪承","1","1","2"
"辽总督洪承畴","1","1","2"
"召裨校李本实","1","1","2"
"三边总督傅宗","1","1","2"
"边总督傅宗龙","1","1","2"
"襄城人张永祺","1","1","2"
"城人张永祺等","1","1","2"
"陕西巡抚甘学","1","1","2"
"西巡抚甘学阔","1","1","2"
"河南贼马进忠","2","0","2"
"刘国能等十七","1","1","2"
"国能等十七部","1","1","2"
"课银十四万五","1","1","2"
"银十四万五千","1","1","2"
"四万五千余两","1","1","2"
"万三千五百余","2","0","2"
"饷银二十三万","1","1","2"
"崇祯十一年春","1","1","2"
"援剿总兵贺人","1","1","2"
"剿总兵贺人龙","1","1","2"
"四天王李养纯","1","1","2"
"伪果毅将军谢","1","1","2"
"果毅将军谢君","1","1","2"
"毅将军谢君友","1","1","2"
"监军副使乔迁","1","1","2"
"军副使乔迁高","1","1","2"
"天津兵备佥事","1","1","2"
"时熊文灿总理","1","1","2"
"熊文灿总理南","1","1","2"
"文灿总理南畿","1","1","2"
"凤阳总督朱大","1","1","2"
"阳总督朱大典","1","1","2"
"参将王嘉谟等","1","1","2"
"统兵入卫京师","1","1","2"
"副将陈尚智扼","1","1","2"
"将陈尚智扼守","1","1","2"
"陈尚智扼守河","1","1","2"
"尚智扼守河津","1","1","2"
"西巡按御史汪","1","1","2"
"巡按御史汪宗","1","1","2"
"按御史汪宗友","1","1","2"
"御史汪宗友上","1","1","2"
"太原知府孙康","1","1","2"
"原知府孙康周","1","1","2"
"长史范志泰等","1","1","2"
"史范志泰等官","1","1","2"
"范志泰等官吏","1","1","2"
"志泰等官吏军","1","1","2"
"泰等官吏军民","1","1","2"
"召中军副总兵","1","1","2"
"中军副总兵应","1","1","2"
"军副总兵应时","1","1","2"
"副总兵应时盛","1","1","2"
"守备姚进忠战","1","1","2"
"备姚进忠战死","1","1","2"
"绥德知州周士","1","1","2"
"德知州周士奇","1","1","2"
"七年正月迎春","1","1","2"
"加署都督佥事","2","0","2"
"总督洪承畴迫","1","1","2"
"蓟镇中协总兵","1","1","2"
"镇中协总兵官","1","1","2"
"统舟师下云阳","2","0","2"
"参将刘士杰勇","1","1","2"
"将刘士杰勇敢","1","1","2"
"分守参议艾毓","1","1","2"
"守参议艾毓初","1","1","2"
"南阳知县姚运","1","1","2"
"阳知县姚运熙","1","1","2"
"山海中部副总","1","1","2"
"海中部副总兵","1","1","2"
"大帅满桂赴援","1","1","2"
"宁远总兵官吴","1","1","2"
"远总兵官吴襄","1","1","2"
"副将张外嘉统","1","1","2"
"时巡抚张凤翼","1","1","2"
"参将刘廷杰等","1","1","2"
"延绥总兵李昌","1","1","2"
"绥总兵李昌龄","1","1","2"
"杨镐四路师败","2","0","2"
"学士孙承宗行","2","0","2"
"士孙承宗行边","2","0","2"
"桂总兵尤世禄","2","0","2"
"前部赵率教相","1","1","2"
"部赵率教相掎","1","1","2"
"赵率教相掎角","1","1","2"
"副将尤世威等","1","1","2"
"蒙古炒花诸部","2","0","2"
"大同总兵渠家","1","1","2"
"同总兵渠家桢","1","1","2"
"宣府总兵侯世","1","1","2"
"府总兵侯世禄","1","1","2"
"收复前屯卫城","1","1","2"
"世荫本卫副千","1","1","2"
"荫本卫副千户","1","1","2"
"崇祯元年八月","1","1","2"
"刑二部尚书李","1","1","2"
"二部尚书李戴","1","1","2"
"事中张凤翔迎","1","1","2"
"通鉴纲目前编","1","1","2"
"举万历二十九","2","0","2"
"劾郎中王守履","1","1","2"
"郎中王守履失","1","1","2"
"中王守履失职","1","1","2"
"兵部郎中王建","1","1","2"
"礼部主事居业","1","1","2"
"副将陈永福背","1","1","2"
"将陈永福背城","1","1","2"
"襄阳兵备副使","1","1","2"
"阳兵备副使张","1","1","2"
"兵备副使张克","1","1","2"
"备副使张克俭","1","1","2"
"山东总兵官刘","1","1","2"
"东总兵官刘泽","1","1","2"
"总兵官刘泽清","1","1","2"
"巡按御史严云","1","1","2"
"按御史严云京","1","1","2"
"名衡巡抚河南","1","1","2"
"容城举人孙奇","1","1","2"
"城举人孙奇逢","1","1","2"
"天启元年乡试","1","1","2"
"启元年乡试第","1","1","2"
"元年乡试第一","1","1","2"
"三屯营总兵官","1","1","2"
"调总兵王世钦","1","1","2"
"袁崇焕东巡广","1","1","2"
"崇焕东巡广宁","1","1","2"
"世龙误信降人","1","1","2"
"龙误信降人刘","1","1","2"
"误信降人刘伯","1","1","2"
"参将李承先率","1","1","2"
"职方主事徐日","1","1","2"
"方主事徐日久","1","1","2"
"滦州四城失守","1","1","2"
"事中张第元上","1","1","2"
"副将娄光先等","1","1","2"
"将娄光先等分","1","1","2"
"娄光先等分五","1","1","2"
"世袭南京羽林","1","1","2"
"袭南京羽林左","1","1","2"
"南京羽林左卫","1","1","2"
"京羽林左卫千","1","1","2"
"羽林左卫千户","1","1","2"
"历二十九年武","1","1","2"
"浙江都司佥书","1","1","2"
"广东高肇参将","1","1","2"
"宣抚使马千乘","1","1","2"
"军直取桑木关","1","1","2"
"南川路战功第","1","1","2"
"川路战功第一","1","1","2"
"巡抚王三善抵","1","1","2"
"永平四城失守","1","1","2"
"捷春提弱卒二","2","0","2"
"春提弱卒二万","2","0","2"
"提弱卒二万守","2","0","2"
"弱卒二万守重","2","0","2"
"卒二万守重庆","2","0","2"
"绵州知州陆逊","1","1","2"
"遣张令守黄泥","1","1","2"
"张令守黄泥洼","1","1","2"
"袁崇焕入卫京","1","1","2"
"延绥东路副总","1","1","2"
"绥东路副总兵","1","1","2"
"延绥总兵王承","1","1","2"
"绥总兵王承恩","1","1","2"
"榆林参政张福","1","1","2"
"林参政张福臻","1","1","2"
"甘肃总兵杨嘉","1","1","2"
"肃总兵杨嘉谟","1","1","2"
"副将王性善扼","1","1","2"
"甘肃副将李鸿","1","1","2"
"肃副将李鸿嗣","1","1","2"
"参将方茂功等","1","1","2"
"将方茂功等追","1","1","2"
"宁夏总兵贺虎","1","1","2"
"夏总兵贺虎臣","1","1","2"
"固原总兵杨麒","1","1","2"
"巡抚御史范复","1","1","2"
"抚御史范复粹","1","1","2"
"三万六千六百","1","1","2"
"巡按御史吴甡","2","0","2"
"大清兵西征插","1","1","2"
"清兵西征插汉","1","1","2"
"总督张宗衡先","1","1","2"
"督张宗衡先驻","1","1","2"
"荐文诏知兵善","1","1","2"
"文诏知兵善战","1","1","2"
"都司白广恩等","1","1","2"
"变蛟勇冠三军","1","1","2"
"前锋中军刘弘","1","1","2"
"锋中军刘弘烈","1","1","2"
"文诏左右跳荡","1","1","2"
"手击杀数十人","2","0","2"
"平阳守将陈尚","1","1","2"
"阳守将陈尚智","1","1","2"
"宣府总兵王承","1","1","2"
"府总兵王承荫","1","1","2"
"革里眼等五营","1","1","2"
"三鹞子王兴国","1","1","2"
"登莱总兵黄蜚","1","1","2"
"隐士刘宗周吟","1","1","2"
"蓟辽总督王永","1","1","2"
"辽总督王永吉","1","1","2"
"南京国子监博","1","1","2"
"京国子监博士","1","1","2"
"侍郎迁安郭巩","1","1","2"
"福建巡抚熊文","1","1","2"
"建巡抚熊文灿","1","1","2"
"百九十二万九","1","1","2"
"九十二万九千","1","1","2"
"山西总兵王忠","1","1","2"
"嗣昌建四正六","2","0","2"
"昌建四正六隅","2","0","2"
"御史林兰友相","1","1","2"
"史林兰友相继","1","1","2"
"南京御史成勇","1","1","2"
"尚书范景文等","1","1","2"
"保定总督吴阿","1","1","2"
"定总督吴阿衡","1","1","2"
"荐四川巡抚傅","1","1","2"
"四川巡抚傅宗","1","1","2"
"川巡抚傅宗龙","1","1","2"
"巡抚傅宗龙代","1","1","2"
"蓟镇总监邓希","1","1","2"
"镇总监邓希诏","1","1","2"
"十七万八千八","1","1","2"
"七万八千八百","1","1","2"
"督饷侍郎张伯","1","1","2"
"饷侍郎张伯鲸","1","1","2"
"侍郎张伯鲸请","1","1","2"
"大学士薛国观","1","1","2"
"饷七百三十万","1","1","2"
"千六百七十万","1","1","2"
"汝才等九营皆","2","0","2"
"才等九营皆反","2","0","2"
"御制赠行诗一","1","1","2"
"制赠行诗一章","1","1","2"
"嗣昌大誓三军","1","1","2"
"兴世王王国宁","1","1","2"
"表良玉平贼将","2","0","2"
"惠登相等八营","1","1","2"
"监军佥事殷大","1","1","2"
"军佥事殷大白","1","1","2"
"永州推官万元","1","1","2"
"州推官万元吉","1","1","2"
"十三年二月七","1","1","2"
"三年二月七日","1","1","2"
"陕西副将贺人","1","1","2"
"西副将贺人龙","1","1","2"
"三千六百二十","1","1","2"
"党扫地王曹威","1","1","2"
"扫地王曹威等","1","1","2"
"十反王杨友贤","1","1","2"
"反王杨友贤率","1","1","2"
"王杨友贤率众","1","1","2"
"安抚官姚宗中","1","1","2"
"郧阳抚治王鳌","1","1","2"
"阳抚治王鳌永","1","1","2"
"贺一龙五大部","1","1","2"
"应元等败绩夔","2","0","2"
"纳幕下评事元","1","1","2"
"幕下评事元吉","1","1","2"
"郧阳抚治袁继","1","1","2"
"阳抚治袁继咸","1","1","2"
"二月十一日抵","1","1","2"
"定国公徐允祯","1","1","2"
"国公徐允祯等","1","1","2"
"嗣昌奉命督剿","1","1","2"
"事中冯元飙所","2","0","2"
"应熊博学多才","1","1","2"
"核察失事情形","1","1","2"
"察失事情形疏","1","1","2"
"正月二十八日","1","1","2"
"疏六月初十日","1","1","2"
"六月初十日上","1","1","2"
"百户赵光修先","1","1","2"
"户赵光修先送","1","1","2"
"事中龚鼎孳密","1","1","2"
"慰谕辅臣温旨","1","1","2"
"户部郎中李朴","1","1","2"
"礼部左侍郎东","2","0","2"
"内阁中书黄应","1","1","2"
"阁中书黄应恩","1","1","2"
"大理寺副曹荃","1","1","2"
"奉命祭北镇医","1","1","2"
"列上副将王应","1","1","2"
"上副将王应晖","1","1","2"
"副将王应晖等","1","1","2"
"将王应晖等六","1","1","2"
"王应晖等六人","1","1","2"
"南京御史袁耀","1","1","2"
"京御史袁耀然","1","1","2"
"首辅刘宇亮督","2","0","2"
"辅刘宇亮督师","2","0","2"
"东厂太监王德","1","1","2"
"厂太监王德化","1","1","2"
"武清侯李国瑞","1","1","2"
"发丁忧侍郎蔡","1","1","2"
"丁忧侍郎蔡奕","1","1","2"
"忧侍郎蔡奕琛","1","1","2"
"侍郎蔡奕琛行","1","1","2"
"郎蔡奕琛行贿","1","1","2"
"掌都督府魏国","1","1","2"
"都督府魏国公","1","1","2"
"督府魏国公徐","1","1","2"
"府魏国公徐允","1","1","2"
"魏国公徐允祯","1","1","2"
"吏部尚书傅永","1","1","2"
"部尚书傅永淳","1","1","2"
"尚书傅永淳等","1","1","2"
"通政使李梦辰","1","1","2"
"主事朱永佑等","1","1","2"
"事朱永佑等十","1","1","2"
"朱永佑等十一","1","1","2"
"永佑等十一人","1","1","2"
"副将解生等屡","1","1","2"
"游击茅国器断","1","1","2"
"击茅国器断后","1","1","2"
"守将王命印死","1","1","2"
"辽东巡抚李维","1","1","2"
"东巡抚李维翰","1","1","2"
"副总兵颇廷相","1","1","2"
"总兵颇廷相等","1","1","2"
"副将邹储贤战","1","1","2"
"将邹储贤战死","1","1","2"
"清河逃将陈大","1","1","2"
"河逃将陈大道","1","1","2"
"事中赵兴邦等","1","1","2"
"巡按陈王庭等","1","1","2"
"二月十一日誓","1","1","2"
"月十一日誓师","1","1","2"
"大兵四十七万","1","1","2"
"文武将吏前后","1","1","2"
"武将吏前后死","1","1","2"
"巡按御史荆养","1","1","2"
"令佥事韩原善","1","1","2"
"辽东人刘国缙","1","1","2"
"廷弼力保危城","1","1","2"
"经略辽东军务","1","1","2"
"请调兵二十余","1","1","2"
"调兵二十余万","1","1","2"
"督饷郎中傅国","1","1","2"
"登莱招练副使","1","1","2"
"夔州同知佟卜","1","1","2"
"州同知佟卜年","1","1","2"
"临洮推官洪敷","1","1","2"
"洮推官洪敷教","1","1","2"
"荐监军副使梁","1","1","2"
"廷弼进驻广宁","1","1","2"
"蓟辽总督王象","1","1","2"
"辽总督王象乾","1","1","2"
"总督王象乾移","1","1","2"
"官军收复镇江","1","1","2"
"海州取易守难","1","1","2"
"重兵内护广宁","1","1","2"
"鹤鸣笃信化贞","1","1","2"
"员外郎徐大化","1","1","2"
"参将鲍承先等","1","1","2"
"参议邢慎言劝","1","1","2"
"左都御史邹元","1","1","2"
"大理寺卿周应","1","1","2"
"理寺卿周应秋","1","1","2"
"寺卿周应秋等","1","1","2"
"广宁兵十三万","1","1","2"
"同三四百万辽","1","1","2"
"三四百万辽民","1","1","2"
"四百万辽民一","1","1","2"
"阎鸣泰主觉华","2","0","2"
"檄前屯守将赵","1","1","2"
"前屯守将赵率","1","1","2"
"屯守将赵率教","1","1","2"
"山海守将杨麒","1","1","2"
"蓟辽总督阎鸣","1","1","2"
"辽总督阎鸣泰","1","1","2"
"总督阎鸣泰移","1","1","2"
"二十八日分兵","1","1","2"
"兵部添注左侍","1","1","2"
"部添注左侍郎","1","1","2"
"学士刘鸿训等","1","1","2"
"士刘鸿训等请","1","1","2"
"刘鸿训等请收","1","1","2"
"兵备副使郭广","1","1","2"
"黜都司左良玉","1","1","2"
"司左良玉等四","1","1","2"
"左良玉等四人","1","1","2"
"都司程大乐一","1","1","2"
"司程大乐一营","1","1","2"
"登莱巡抚孙国","1","1","2"
"莱巡抚孙国桢","1","1","2"
"巡抚孙国桢免","1","1","2"
"哈剌慎三十六","1","1","2"
"剌慎三十六家","1","1","2"
"尚宝卿董茂忠","1","1","2"
"宝卿董茂忠请","1","1","2"
"令参将谢尚政","1","1","2"
"参将谢尚政等","1","1","2"
"文龙数年劳苦","1","1","2"
"饷银四十二万","1","1","2"
"米十三万六千","1","1","2"
"四百八十余万","1","1","2"
"十一月十日抵","1","1","2"
"蓟辽总理刘策","1","1","2"
"大学士钱龙锡","1","1","2"
"副都御史易应","1","1","2"
"愿体上天生心","2","0","2"
"祈天永命一道","2","0","2"
"贵州巡按苏琰","1","1","2"
"刘宗周清正敢","1","1","2"
"宗周清正敢言","1","1","2"
"劾御史喻上猷","1","1","2"
"误国奸臣杨嗣","1","1","2"
"国奸臣杨嗣昌","1","1","2"
"陛下开诚布公","1","1","2"
"陛下度量卓越","1","1","2"
"非毅然决策亲","1","1","2"
"毅然决策亲征","1","1","2"
"督漕路振飞坐","1","1","2"
"漕路振飞坐守","1","1","2"
"路振飞坐守淮","1","1","2"
"振飞坐守淮城","1","1","2"
"坐视君父危亡","1","1","2"
"封疆诸臣诛者","2","0","2"
"疆诸臣诛者一","2","0","2"
"举朝谋国忠诛","2","0","2"
"朝谋国忠诛者","2","0","2"
"谋国忠诛者一","2","0","2"
"史法拥立潞王","2","0","2"
"七月十八日入","1","1","2"
"月十八日入朝","1","1","2"
"五日内系两尚","2","0","2"
"日内系两尚书","2","0","2"
"刑部尚书郑三","1","1","2"
"辅臣文震孟一","1","1","2"
"臣文震孟一生","1","1","2"
"江西巡抚解学","1","1","2"
"西巡抚解学龙","1","1","2"
"大学士魏照乘","1","1","2"
"吏部主事陈天","1","1","2"
"部主事陈天定","1","1","2"
"工部司务董养","1","1","2"
"部司务董养河","1","1","2"
"中书舍人文震","1","1","2"
"书舍人文震亨","1","1","2"
"户部主事叶廷","1","1","2"
"部主事叶廷秀","1","1","2"
"尚书刘泽深等","1","1","2"
"兵部主事赵士","1","1","2"
"部主事赵士超","1","1","2"
"主事赵士超等","1","1","2"
"蒋允仪抚治郧","1","1","2"
"允仪抚治郧阳","1","1","2"
"永宁总兵官祖","1","1","2"
"宁总兵官祖大","1","1","2"
"总兵官祖大乐","1","1","2"
"郧阳抚治宋祖","1","1","2"
"阳抚治宋祖舜","1","1","2"
"编修杨廷麟上","1","1","2"
"大学士刘宇亮","1","1","2"
"右侍郎张经世","1","1","2"
"顺天巡按刘呈","1","1","2"
"天巡按刘呈瑞","1","1","2"
"宛平知县陈景","1","1","2"
"平知县陈景建","1","1","2"
"新甲请分四道","2","0","2"
"甲请分四道夹","2","0","2"
"请分四道夹攻","2","0","2"
"司礼王德化尤","1","1","2"
"闯贼蹂躏河南","1","1","2"
"职方郎马绍愉","1","1","2"
"事中方士亮首","1","1","2"
"刑部侍郎徐石","1","1","2"
"部侍郎徐石麒","1","1","2"
"官彭进朝等殴","1","1","2"
"土官安云龙死","1","1","2"
"望总督陕西三","1","1","2"
"命参政洪承畴","1","1","2"
"延安知府张辇","1","1","2"
"送合水知县蒋","2","0","2"
"合水知县蒋应","2","0","2"
"水知县蒋应昌","2","0","2"
"上天龙等先后","2","0","2"
"天龙等先后降","2","0","2"
"张福臻巡抚延","1","1","2"
"福臻巡抚延绥","1","1","2"
"时大盗神一魁","1","1","2"
"遣副将卢文善","1","1","2"
"副将卢文善讨","1","1","2"
"混世王五大营","1","1","2"
"参将贺人龙等","1","1","2"
"将贺人龙等追","1","1","2"
"遣副将杨正芳","1","1","2"
"凤翔乡官孙鹏","1","1","2"
"翔乡官孙鹏等","1","1","2"
"劾奇瑜解陇州","1","1","2"
"总兵官俞咨皋","1","1","2"
"兵官俞咨皋招","1","1","2"
"败都司洪先春","1","1","2"
"通判孔贞会监","1","1","2"
"马光玉三部尚","1","1","2"
"均州五营惧见","2","0","2"
"州五营惧见讨","2","0","2"
"济南兵备副使","1","1","2"
"洪承畴总督陕","1","1","2"
"承畴总督陕西","1","1","2"
"畴总督陕西三","1","1","2"
"总理熊文灿请","1","1","2"
"十三年二月率","1","1","2"
"千三百三十三","1","1","2"
"崇俭撤兵太早","1","1","2"
"安锦副使吴麟","1","1","2"
"锦副使吴麟征","1","1","2"
"副使吴麟征大","1","1","2"
"下马渡水浅地","1","1","2"
"马渡水浅地平","1","1","2"
"长沙兵备副使","1","1","2"
"巡抚陈睿谟大","1","1","2"
"遣游击王光恩","1","1","2"
"斗枢召游击刘","1","1","2"
"枢召游击刘调","1","1","2"
"召游击刘调元","1","1","2"
"工部员外郎中","1","1","2"
"洮岷兵备参政","1","1","2"
"锦衣千户刘侨","1","1","2"
"百二十七万八","1","1","2"
"二十七万八千","1","1","2"
"二百九十四万","1","1","2"
"百九十四万八","1","1","2"
"九十四万八千","1","1","2"
"百六十九万二","1","1","2"
"百一十万三千","1","1","2"
"事例约二十万","1","1","2"
"三百二十六万","1","1","2"
"百二十六万五","1","1","2"
"辽东旧饷改新","1","1","2"
"东旧饷改新饷","1","1","2"
"一百十三万六","1","1","2"
"百十三万六千","1","1","2"
"事中汪始亨极","1","1","2"
"华亭知县郑友","1","1","2"
"亭知县郑友元","1","1","2"
"岁差盈缩迟疾","1","1","2"
"光禄卿李天经","1","1","2"
"禄卿李天经先","1","1","2"
"卿李天经先后","1","1","2"
"元年十一月乙","1","1","2"
"十一月乙未冬","1","1","2"
"太史院使刘基","1","1","2"
"史院使刘基率","1","1","2"
"元太史院使张","1","1","2"
"太史院使张佑","1","1","2"
"回回司天太监","1","1","2"
"召回回司天台","1","1","2"
"回回司天台官","1","1","2"
"回司天台官郑","1","1","2"
"司天台官郑阿","1","1","2"
"天台官郑阿里","1","1","2"
"台官郑阿里等","1","1","2"
"官郑阿里等十","1","1","2"
"郑阿里等十一","1","1","2"
"四季天象占验","1","1","2"
"季天象占验历","1","1","2"
"所谓格物致知","1","1","2"
"漏刻博士元统","1","1","2"
"洪武十七年甲","1","1","2"
"武十七年甲子","1","1","2"
"大统历法通轨","1","1","2"
"应天冬夏昼夜","1","1","2"
"前监正彭德清","1","1","2"
"监正彭德清测","1","1","2"
"泰元年正月辛","1","1","2"
"元年正月辛卯","1","1","2"
"云南提学童轩","1","1","2"
"五年十一月戊","1","1","2"
"八十七年约法","1","1","2"
"二百三十七年","1","1","2"
"官正周濂等所","1","1","2"
"正周濂等所推","1","1","2"
"周濂等所推算","1","1","2"
"巳二百三十五","1","1","2"
"二百三十五年","1","1","2"
"三度五十二分","1","1","2"
"度五十二分五","1","1","2"
"五十二分五十","1","1","2"
"十二分五十秒","1","1","2"
"二十七日四百","1","1","2"
"十七日四百七","1","1","2"
"七日四百七十","1","1","2"
"日四百七十五","1","1","2"
"四百七十五分","1","1","2"
"赤道箕宿六度","1","1","2"
"道箕宿六度四","1","1","2"
"箕宿六度四十","1","1","2"
"宿六度四十七","1","1","2"
"黄道箕宿五度","1","1","2"
"道箕宿五度九","1","1","2"
"箕宿五度九十","1","1","2"
"宿五度九十六","1","1","2"
"五度九十六分","1","1","2"
"度九十六分四","1","1","2"
"九十六分四十","1","1","2"
"十六分四十三","1","1","2"
"六分四十三秒","1","1","2"
"正德九年八月","1","1","2"
"德九年八月辛","1","1","2"
"九年八月辛卯","1","1","2"
"八月辛卯日食","1","1","2"
"八分六十七秒","1","1","2"
"工部主事华湘","1","1","2"
"部主事华湘通","1","1","2"
"二分四十七秒","1","1","2"
"十九年三月癸","1","1","2"
"九年三月癸巳","1","1","2"
"顺天府丞周相","1","1","2"
"天府丞周相刊","1","1","2"
"历十二年十一","1","1","2"
"推算日月交食","1","1","2"
"考古气差三日","2","0","2"
"柳宿十二度左","1","1","2"
"宿十二度左右","1","1","2"
"千四百六十一","1","1","2"
"节气岁差一秒","1","1","2"
"气岁差一秒七","1","1","2"
"岁差一秒七十","1","1","2"
"差一秒七十五","1","1","2"
"闰应十九日三","1","1","2"
"应十九日三十","1","1","2"
"十九日三十六","1","1","2"
"九日三十六刻","1","1","2"
"日三十六刻十","1","1","2"
"三十六刻十九","1","1","2"
"十六刻十九分","1","1","2"
"周三百六十五","1","1","2"
"百六十五度二","1","1","2"
"六十五度二十","1","1","2"
"十五度二十五","1","1","2"
"五度二十五分","1","1","2"
"三百三十六限","1","1","2"
"百三十六限十","1","1","2"
"三十六限十六","1","1","2"
"十六限十六分","1","1","2"
"六限十六分六","1","1","2"
"限十六分六十","1","1","2"
"一千九百九十","1","1","2"
"乙亥日五十刻","1","1","2"
"亥日五十刻四","1","1","2"
"日五十刻四十","1","1","2"
"五十刻四十四","1","1","2"
"十刻四十四分","1","1","2"
"三百六十五日","1","1","2"
"百六十五日四","1","1","2"
"六十五日四十","1","1","2"
"十五日四十四","1","1","2"
"五日四十四刻","1","1","2"
"日四十四刻四","1","1","2"
"四十四刻四十","1","1","2"
"十四刻四十四","1","1","2"
"四刻四十四分","1","1","2"
"正月甲子夜半","1","1","2"
"月甲子夜半合","1","1","2"
"甲子夜半合朔","1","1","2"
"子夜半合朔雨","1","1","2"
"夜半合朔雨水","1","1","2"
"一百一十五度","1","1","2"
"百一十五度二","1","1","2"
"一十五度二十","1","1","2"
"十五度二十一","1","1","2"
"五度二十一分","1","1","2"
"五年戊寅岁正","1","1","2"
"年戊寅岁正月","1","1","2"
"戊寅岁正月甲","1","1","2"
"寅岁正月甲寅","1","1","2"
"岁正月甲寅朔","1","1","2"
"正月甲寅朔旦","1","1","2"
"月甲寅朔旦冬","1","1","2"
"隐公元年己未","1","1","2"
"凡春秋前后千","1","1","2"
"宋元嘉十三年","1","1","2"
"南北东西等差","1","1","2"
"天三百六十五","1","1","2"
"十五度四分度","2","0","2"
"五度四分度一","2","0","2"
"发钦天监参订","1","1","2"
"钦天监参订测","1","1","2"
"天监参订测验","1","1","2"
"一月壬寅朔日","1","1","2"
"职方郎范守己","1","1","2"
"五官正周子愚","1","1","2"
"人利玛窦进贡","1","1","2"
"利玛窦进贡土","1","1","2"
"汤若望等先后","1","1","2"
"翰林院检讨徐","1","1","2"
"林院检讨徐光","1","1","2"
"院检讨徐光启","1","1","2"
"工部员外郎李","1","1","2"
"云路等参订修","1","1","2"
"路等参订修改","1","1","2"
"钦天监所推互","2","0","2"
"天监所推互异","2","0","2"
"四月壬申朔日","1","1","2"
"三百年前所测","1","1","2"
"祯二年五月乙","1","1","2"
"二年五月乙酉","1","1","2"
"年五月乙酉朔","1","1","2"
"五月乙酉朔日","1","1","2"
"时五官正戈丰","1","1","2"
"五官正戈丰年","1","1","2"
"官正戈丰年等","1","1","2"
"大德三年八月","1","1","2"
"西南北高下差","2","0","2"
"二极入地度数","2","0","2"
"京太仆少卿李","1","1","2"
"罗雅谷译书演","1","1","2"
"雅谷译书演算","1","1","2"
"荐资县诸生冷","1","1","2"
"资县诸生冷守","1","1","2"
"县诸生冷守中","1","1","2"
"诸生冷守中精","1","1","2"
"布政司月食初","1","1","2"
"政司月食初亏","1","1","2"
"司月食初亏度","1","1","2"
"月食初亏度分","1","1","2"
"入暗虚十五分","2","0","2"
"二十六分六十","1","1","2"
"十八分四十七","1","1","2"
"八分四十七秒","1","1","2"
"顺天见食二分","1","1","2"
"二十四分二十","1","1","2"
"十四分二十五","1","1","2"
"四分二十五秒","1","1","2"
"宋文帝元嘉六","1","1","2"
"文帝元嘉六年","1","1","2"
"帝元嘉六年十","1","1","2"
"元嘉六年十一","1","1","2"
"嘉六年十一月","1","1","2"
"十一月己丑朔","1","1","2"
"食六分九十六","1","1","2"
"六分九十六秒","1","1","2"
"宋仁宗天圣二","1","1","2"
"仁宗天圣二年","1","1","2"
"宗天圣二年甲","1","1","2"
"天圣二年甲子","1","1","2"
"五年九月十五","1","1","2"
"山东参政李天","1","1","2"
"东参政李天经","1","1","2"
"参政李天经代","1","1","2"
"天经预推五星","1","1","2"
"闰八月二十四","1","1","2"
"闰八月二十五","1","1","2"
"月二十五日夜","1","1","2"
"九月初一日夜","1","1","2"
"日月五星平行","1","1","2"
"崇祯元年戊辰","1","1","2"
"祯元年戊辰前","1","1","2"
"赤道极时近时","1","1","2"
"本宿赤道弧较","2","0","2"
"侵入参宿二十","1","1","2"
"入参宿二十四","1","1","2"
"参宿二十四分","1","1","2"
"过一分三十秒","1","1","2"
"春分后天二日","2","0","2"
"秋分先天二日","2","0","2"
"黄道九十度限","1","1","2"
"月二十七日寅","1","1","2"
"九年正月十五","1","1","2"
"正月十五日辛","1","1","2"
"月十五日辛酉","1","1","2"
"大理评事王应","1","1","2"
"理评事王应遴","1","1","2"
"六十日八十七","1","1","2"
"十日八十七刻","1","1","2"
"五十九日二刻","1","1","2"
"三十九度五十","1","1","2"
"十九度五十五","1","1","2"
"九度五十五分","1","1","2"
"春分日太阳正","1","1","2"
"时差二十一刻","1","1","2"
"差二十一刻五","1","1","2"
"二十一刻五分","1","1","2"
"内规分三百六","1","1","2"
"分三百六十五","1","1","2"
"九十一日三十","1","1","2"
"十一日三十一","1","1","2"
"一日三十一刻","1","1","2"
"日三十一刻六","1","1","2"
"三十一刻六分","1","1","2"
"二百七十三日","1","1","2"
"百七十三日九","1","1","2"
"七十三日九十","1","1","2"
"十三日九十三","1","1","2"
"三日九十三刻","1","1","2"
"十年正月辛丑","1","1","2"
"年正月辛丑朔","1","1","2"
"一分六十三秒","1","1","2"
"次月合朔时刻","1","1","2"
"十六年三月乙","1","1","2"
"六年三月乙丑","1","1","2"
"年三月乙丑朔","1","1","2"
"三月乙丑朔日","1","1","2"
"合璧连珠历法","1","1","2"
"部尚书开济等","1","1","2"
"太平门外钟山","1","1","2"
"大理寺驳回改","1","1","2"
"理寺驳回改正","1","1","2"
"南大理评事张","1","1","2"
"大理卿杨守随","1","1","2"
"囚犯赴承天门","1","1","2"
"犯赴承天门外","1","1","2"
"内阁学士会审","1","1","2"
"阁学士会审重","1","1","2"
"会同三法司堂","1","1","2"
"同三法司堂上","1","1","2"
"三法司堂上官","1","1","2"
"历二十六年朝","1","1","2"
"二十六年朝审","1","1","2"
"尚书杨俊民主","1","1","2"
"历二十九年旷","1","1","2"
"二千八百余人","1","1","2"
"工部尚书杨守","1","1","2"
"部尚书杨守随","1","1","2"
"谨按洪武二十","1","1","2"
"按洪武二十三","1","1","2"
"武二十三年十","1","1","2"
"谕刑部尚书杨","1","1","2"
"永乐四年十一","1","1","2"
"乐四年十一月","1","1","2"
"永乐十一年十","1","1","2"
"乐十一年十月","1","1","2"
"遣副都御史李","1","1","2"
"副都御史李庆","1","1","2"
"赎杂犯死罪下","2","0","2"
"正统六年四月","1","1","2"
"事中郭瑾审两","1","1","2"
"中郭瑾审两京","1","1","2"
"山东副使王裕","1","1","2"
"按察司官一员","2","0","2"
"巡按御史同审","1","1","2"
"京户部侍郎陈","1","1","2"
"户部侍郎陈翼","1","1","2"
"遣刑部郎中刘","1","1","2"
"刑部郎中刘秩","1","1","2"
"部郎中刘秩等","1","1","2"
"郎中刘秩等十","1","1","2"
"中刘秩等十四","1","1","2"
"刘秩等十四人","1","1","2"
"遣刑部郎中郭","1","1","2"
"刑部郎中郭恂","1","1","2"
"员外郎陆瑜审","1","1","2"
"非通政司转达","2","0","2"
"巡按御史所纠","1","1","2"
"陕西巡抚项忠","1","1","2"
"顺天巡按御史","1","1","2"
"天巡按御史郑","1","1","2"
"巡按御史郑存","1","1","2"
"按御史郑存仁","1","1","2"
"元参政黎铭常","1","1","2"
"南京御史王良","1","1","2"
"京御史王良臣","1","1","2"
"刑部尚书孙丕","1","1","2"
"广设惠民药局","1","1","2"
"所谓家属人等","1","1","2"
"御史马文升请","1","1","2"
"御史王廷相奏","1","1","2"
"贵溪儒士夏伯","1","1","2"
"溪儒士夏伯启","1","1","2"
"儒士夏伯启叔","1","1","2"
"士夏伯启叔侄","1","1","2"
"苏州人才姚润","1","1","2"
"三百六十四人","1","1","2"
"疑北平二司官","1","1","2"
"北平二司官吏","1","1","2"
"平二司官吏李","1","1","2"
"宁海人郑士利","1","1","2"
"海人郑士利上","1","1","2"
"人郑士利上书","1","1","2"
"沅陵知县张杰","1","1","2"
"御史中丞陈宁","1","1","2"
"御史何楚英诬","1","1","2"
"举淫行主事吴","1","1","2"
"淫行主事吴軏","1","1","2"
"阳谷主簿马彦","1","1","2"
"谷主簿马彦斌","1","1","2"
"刑部侍郎刘广","1","1","2"
"部侍郎刘广衡","1","1","2"
"部尚书陆瑜等","1","1","2"
"尚书陆瑜等请","1","1","2"
"山西巡抚何乔","1","1","2"
"西巡抚何乔新","1","1","2"
"刑部尚书闵珪","1","1","2"
"事中李复礼等","1","1","2"
"刑部郎中魏应","1","1","2"
"部郎中魏应召","1","1","2"
"骂父母大伤伦","1","1","2"
"父母大伤伦理","1","1","2"
"主事海瑞上书","1","1","2"
"事海瑞上书触","1","1","2"
"御史屠叔明请","1","1","2"
"亭知县徐兆麒","1","1","2"
"南通政徐石麒","1","1","2"
"大学士范复粹","1","1","2"
"侍读学士詹同","1","1","2"
"工部尚书王肃","1","1","2"
"嘉侯朱亮祖父","1","1","2"
"侯朱亮祖父子","1","1","2"
"工部尚书薛祥","1","1","2"
"汪直诬陷侍郎","1","1","2"
"直诬陷侍郎马","1","1","2"
"诬陷侍郎马文","1","1","2"
"陷侍郎马文升","1","1","2"
"都御史牟俸等","1","1","2"
"戎政侍郎蒋应","1","1","2"
"政侍郎蒋应奎","1","1","2"
"左通政唐国相","1","1","2"
"事中张思静等","1","1","2"
"南御史李珊等","1","1","2"
"员外郎张伦请","1","1","2"
"府诸处会审大","1","1","2"
"诏狱二十六所","1","1","2"
"五代唐明宗设","1","1","2"
"代唐明宗设侍","1","1","2"
"唐明宗设侍卫","1","1","2"
"明宗设侍卫亲","1","1","2"
"宗设侍卫亲军","1","1","2"
"设侍卫亲军马","1","1","2"
"侍卫亲军马步","1","1","2"
"卫亲军马步军","1","1","2"
"亲军马步军都","1","1","2"
"军马步军都指","1","1","2"
"马步军都指挥","1","1","2"
"步军都指挥使","1","1","2"
"宁晋人王凤等","1","1","2"
"乡官知县薛方","1","1","2"
"令锦衣卫副千","1","1","2"
"科事中杨应文","2","0","2"
"庄烈帝问左右","1","1","2"
"中欧阳一敬极","1","1","2"
"司礼太监王高","1","1","2"
"历三十四年大","1","1","2"
"三十四年大审","1","1","2"
"秋后承天门外","1","1","2"
"刑部尚书林俊","1","1","2"
"汉灵帝立宋美","1","1","2"
"灵帝立宋美人","1","1","2"
"奉天殿御座前","1","1","2"
"设正副使受制","1","1","2"
"正副使受制位","1","1","2"
"设承制宣制官","1","1","2"
"承制宣制官位","1","1","2"
"设奉节奉册奉","1","1","2"
"奉节奉册奉宝","1","1","2"
"节奉册奉宝官","1","1","2"
"奉册奉宝官位","1","1","2"
"设正副使受册","1","1","2"
"正副使受册宝","1","1","2"
"副使受册宝褥","1","1","2"
"使受册宝褥位","1","1","2"
"设皇后受册位","1","1","2"
"设权置册宝案","1","1","2"
"承制官宣制曰","2","0","2"
"皇后具九龙四","2","0","2"
"后具九龙四凤","2","0","2"
"具九龙四凤冠","2","0","2"
"称皇后受册礼","1","1","2"
"奉天殿横街南","1","1","2"
"引内命妇班首","1","1","2"
"命妇班首一人","2","0","2"
"引外命妇班首","1","1","2"
"皇帝皮弁服御","2","0","2"
"帝皮弁服御华","2","0","2"
"皮弁服御华盖","2","0","2"
"弁服御华盖殿","2","0","2"
"诏书授礼部官","2","0","2"
"礼部官奉诏书","2","0","2"
"诣奉先殿谒告","2","0","2"
"隆庆元年增定","1","1","2"
"命妇行见皇后","1","1","2"
"妇行见皇后礼","1","1","2"
"宣宗立孙贵妃","1","1","2"
"宪宗封万贵妃","1","1","2"
"引礼导皇太子","2","0","2"
"皇太子殿东门","2","0","2"
"太子殿东门入","2","0","2"
"迎册宝文华殿","2","0","2"
"持节官持节复","1","1","2"
"节官持节复命","1","1","2"
"遇长兄皇太子","1","1","2"
"长兄皇太子荣","1","1","2"
"宣德二年十一","1","1","2"
"德二年十一月","1","1","2"
"立皇太子礼成","1","1","2"
"亲王奉天东门","2","0","2"
"王奉天东门入","2","0","2"
"内赞引御座前","2","0","2"
"赞引御座前位","2","0","2"
"遇亲王殿下荣","1","1","2"
"诣父皇陛下称","2","0","2"
"监令奏请皇帝","1","1","2"
"万历三年正月","1","1","2"
"博士导皇太子","2","0","2"
"士导皇太子降","2","0","2"
"朝服诣奉天殿","2","0","2"
"礼部尚书冯琦","1","1","2"
"乐九年十一月","1","1","2"
"宾赞冠者进筵","2","0","2"
"赞冠者进筵前","2","0","2"
"入南门中庭道","1","1","2"
"南门中庭道西","1","1","2"
"冬祀昊天上帝","2","0","2"
"舞师二人执旌","2","0","2"
"设中韶乐殿内","2","0","2"
"立三舞杂队殿","2","0","2"
"三舞杂队殿下","2","0","2"
"乐工六十二人","1","1","2"
"武舞生六十二","1","1","2"
"文舞生六十二","1","1","2"
"共一百三十人","1","1","2"
"二十六年定殿","2","0","2"
"年定殿内侑食","2","0","2"
"武舞士三十二","1","1","2"
"发扬蹈厉坐作","1","1","2"
"扬蹈厉坐作击","1","1","2"
"蹈厉坐作击刺","1","1","2"
"文舞士三十二","1","1","2"
"跪朝谒喜跃俯","1","1","2"
"朝谒喜跃俯伏","1","1","2"
"后教坊司乐工","1","1","2"
"教坊司乐工所","1","1","2"
"坊司乐工所奏","1","1","2"
"司乐工所奏中","1","1","2"
"谕内钟鼓司康","1","1","2"
"内钟鼓司康能","1","1","2"
"钟鼓司康能等","1","1","2"
"大学士费宏等","1","1","2"
"肃行太仆寺丞","1","1","2"
"行太仆寺丞张","1","1","2"
"黄钟正律声长","1","1","2"
"三者阳律相继","1","1","2"
"三者阴吕相生","1","1","2"
"三者律吕相合","1","1","2"
"琴中角弦第十","1","1","2"
"中角弦第十徽","1","1","2"
"琴中宫弦第三","1","1","2"
"中宫弦第三徽","1","1","2"
"大成乐舞图谱","1","1","2"
"定帝社稷乐歌","1","1","2"
"帝社稷乐歌进","1","1","2"
"命乐正习盛乐","2","0","2"
"使文武舞士舞","2","0","2"
"取山西长子县","1","1","2"
"山西长子县羊","1","1","2"
"西长子县羊头","1","1","2"
"长子县羊头山","1","1","2"
"黄钟三寸九分","1","1","2"
"辽州同知李文","1","1","2"
"州同知李文察","1","1","2"
"同知李文察进","1","1","2"
"所著乐书四种","1","1","2"
"八方四海庆太","1","1","2"
"方四海庆太平","1","1","2"
"宝殿光辉晴天","1","1","2"
"龙楼凤阁彤云","1","1","2"
"百年礼乐重兴","1","1","2"
"将士争先民乐","1","1","2"
"尝冯异滹沱饭","1","1","2"
"百戏莲花盆队","1","1","2"
"戏莲花盆队舞","1","1","2"
"胜鼓采莲队舞","1","1","2"
"风调雨顺百谷","1","1","2"
"黄童白叟鼓腹","2","0","2"
"童白叟鼓腹讴","2","0","2"
"白叟鼓腹讴歌","2","0","2"
"叟鼓腹讴歌承","2","0","2"
"鼓腹讴歌承应","2","0","2"
"腹讴歌承应曲","2","0","2"
"阶班列众公卿","1","1","2"
"筑沧洲百尺城","1","1","2"
"敌兵战败神魂","1","1","2"
"兵战败神魂丧","1","1","2"
"野蚕成茧嘉禾","1","1","2"
"蚕成茧嘉禾生","1","1","2"
"百戏莲盆队舞","1","1","2"
"抚安四夷舞曲","1","1","2"
"九重天上六飞","1","1","2"
"重天上六飞龙","1","1","2"
"五色云间双彩","1","1","2"
"色云间双彩凤","1","1","2"
"太平天子兴隆","1","1","2"
"缨鞭胜蛮夷队","2","0","2"
"鞭胜蛮夷队舞","2","0","2"
"胜蛮夷队舞承","1","1","2"
"蛮夷队舞承应","1","1","2"
"夷队舞承应曲","1","1","2"
"贤臣良将保朝","1","1","2"
"臣良将保朝廷","1","1","2"
"俱奏百戏承应","2","0","2"
"宝瑟瑶笙鼓吹","1","1","2"
"瑟瑶笙鼓吹喧","1","1","2"
"水光山色明仙","1","1","2"
"九月风光何处","1","1","2"
"万岁君王频进","1","1","2"
"岁君王频进酒","1","1","2"
"春云缭绕芳郊","1","1","2"
"高捧金波碧玉","1","1","2"
"捧金波碧玉瓯","1","1","2"
"王政皇天保佑","1","1","2"
"风调雨顺五谷","1","1","2"
"龙亭仪仗大乐","1","1","2"
"设宣读案承天","2","0","2"
"宣读案承天门","2","0","2"
"读案承天门上","2","0","2"
"翰林院官捧诏","2","0","2"
"林院官捧诏书","2","0","2"
"香案奉天殿丹","2","0","2"
"高皇后功德光","1","1","2"
"监修官捧表置","2","0","2"
"百官朝服随班","2","0","2"
"官朝服随班行","2","0","2"
"朝服随班行礼","2","0","2"
"祖父皇帝陛下","1","1","2"
"大兄皇帝陛下","1","1","2"
"尊嫂皇后殿下","1","1","2"
"伯父皇帝陛下","1","1","2"
"叔父皇帝陛下","1","1","2"
"伯母皇后殿下","1","1","2"
"叔母皇后殿下","1","1","2"
"叔祖皇帝陛下","1","1","2"
"叔祖母皇后殿","1","1","2"
"鼓仪仗鼓乐百","1","1","2"
"仪仗鼓乐百官","1","1","2"
"乡饮酒礼图式","1","1","2"
"岁正月十五日","2","0","2"
"诣盥洗爵洗位","2","0","2"
"二十七年四月","1","1","2"
"遣应天府同知","1","1","2"
"见左司郎中等","1","1","2"
"设皇太子座御","2","0","2"
"皇太子座御座","2","0","2"
"太子座御座东","2","0","2"
"殿上正中设皇","1","1","2"
"上正中设皇太","1","1","2"
"正中设皇太子","1","1","2"
"中设皇太子座","1","1","2"
"都督府御史台","1","1","2"
"仪仗鼓乐前导","2","0","2"
"遣使者奉诏书","1","1","2"
"国门外公馆设","1","1","2"
"备金鼓仪仗大","1","1","2"
"金鼓仪仗大乐","1","1","2"
"使者分宾主行","1","1","2"
"者分宾主行礼","1","1","2"
"官员相遇回避","1","1","2"
"大小衙门官员","1","1","2"
"民间士农工商","1","1","2"
"龙车凤辇兮驾","2","0","2"
"车凤辇兮驾飞","2","0","2"
"凤辇兮驾飞扬","2","0","2"
"洪武三年夕月","1","1","2"
"武三年夕月乐","1","1","2"
"三年夕月乐章","1","1","2"
"祀周天星辰乐","1","1","2"
"周天星辰乐章","1","1","2"
"仰祖宗兮永慕","2","0","2"
"祖宗兮永慕哉","2","0","2"
"部尚书崔亮请","1","1","2"
"中都留守司官","1","1","2"
"学士乐韶凤等","1","1","2"
"遣太常宗正卿","1","1","2"
"太常宗正卿朝","1","1","2"
"皇太子下皆四","2","0","2"
"遣驸马都尉行","2","0","2"
"驸马都尉行礼","2","0","2"
"锦衣卫官校巡","1","1","2"
"工部钦天监官","1","1","2"
"南京司礼太监","1","1","2"
"京司礼太监陈","1","1","2"
"司礼太监陈祖","1","1","2"
"礼太监陈祖圭","1","1","2"
"西山景皇帝陵","1","1","2"
"祭告长陵等七","1","1","2"
"告长陵等七陵","1","1","2"
"工部尚书顾璘","1","1","2"
"部尚书顾璘请","1","1","2"
"显陵圣制歌诗","1","1","2"
"承天府守备太","1","1","2"
"天府守备太监","1","1","2"
"府守备太监傅","1","1","2"
"守备太监傅霖","1","1","2"
"门外石牌坊一","1","1","2"
"洪武八年四月","1","1","2"
"孝穆皇太后忌","1","1","2"
"穆皇太后忌日","1","1","2"
"西华门内壬地","2","0","2"
"华门内壬地设","2","0","2"
"门内壬地设御","2","0","2"
"内壬地设御幄","2","0","2"
"皇帝素服乘舆","2","0","2"
"帝素服乘舆诣","2","0","2"
"素服乘舆诣幄","2","0","2"
"王公大臣丧仪","2","0","2"
"塞外都督等官","1","1","2"
"设百官陪哭位","1","1","2"
"太常卿奏止哭","2","0","2"
"侍仪司设百官","1","1","2"
"武二十三年定","1","1","2"
"丧主代受册命","1","1","2"
"主代受册命者","1","1","2"
"尚书李承勋亲","1","1","2"
"隆庆元年十二","1","1","2"
"庆元年十二月","1","1","2"
"讲读官五品本","1","1","2"
"读官五品本身","1","1","2"
"大学士赠一品","1","1","2"
"共历三年上者","2","0","2"
"勋加太子太保","1","1","2"
"锦衣卫指挥祭","1","1","2"
"葬开平王常遇","1","1","2"
"段长一丈八尺","1","1","2"
"滁州滁阳王坟","1","1","2"
"李文忠等十四","1","1","2"
"文忠等十四人","1","1","2"
"御史张邦俊请","1","1","2"
"魏学曾等十四","1","1","2"
"学曾等十四人","1","1","2"
"正域所请伍文","1","1","2"
"域所请伍文定","1","1","2"
"所请伍文定等","1","1","2"
"开国功臣李善","1","1","2"
"国功臣李善长","1","1","2"
"功臣李善长等","1","1","2"
"臣李善长等十","1","1","2"
"李善长等十四","1","1","2"
"善长等十四人","1","1","2"
"蒋钦等十四人","1","1","2"
"臣左光斗等九","1","1","2"
"左光斗等九人","1","1","2"
"武二十六年四","1","1","2"
"祖父母承重者","2","0","2"
"部尚书牛谅等","1","1","2"
"曰齐衰杖期者","2","0","2"
"继父同居两大","2","0","2"
"父同居两大功","2","0","2"
"妇人夫亲兄弟","2","0","2"
"人夫亲兄弟子","2","0","2"
"兄弟姊妹室者","2","0","2"
"姑姊妹兄弟女","2","0","2"
"同堂伯叔父母","2","0","2"
"同堂兄弟女室","2","0","2"
"堂兄弟女室者","2","0","2"
"同堂姊妹嫁者","2","0","2"
"兄弟女孙室者","2","0","2"
"夫同堂兄弟子","2","0","2"
"同堂兄弟子妇","2","0","2"
"祖姑祖姑室者","2","0","2"
"嘉靖十八年正","1","1","2"
"靖十八年正月","1","1","2"
"所著礼仪制度","1","1","2"
"光烈皇后更衣","1","1","2"
"唐高祖尊高曾","1","1","2"
"高祖尊高曾祖","1","1","2"
"诏制太庙祭器","1","1","2"
"遣皇太子行礼","1","1","2"
"司礼监官跪请","1","1","2"
"正统七年十二","1","1","2"
"统七年十二月","1","1","2"
"唱请宣宗皇帝","1","1","2"
"请宣宗皇帝朝","1","1","2"
"宣宗皇帝朝见","1","1","2"
"内侍捧宣宗衣","1","1","2"
"侍捧宣宗衣冠","1","1","2"
"吏部侍郎杨守","1","1","2"
"部侍郎杨守陈","1","1","2"
"谕大学士李时","1","1","2"
"父子兄弟同处","1","1","2"
"子兄弟同处一","1","1","2"
"兄弟同处一堂","1","1","2"
"礼部尚书湛若","1","1","2"
"部尚书湛若水","1","1","2"
"尚书湛若水请","1","1","2"
"士张孚敬等言","2","0","2"
"睿宗献皇帝庙","1","1","2"
"礼部尚书费寀","2","0","2"
"部尚书徐阶等","1","1","2"
"二十九年十一","1","1","2"
"隆庆六年八月","1","1","2"
"卿洪文衡请祧","2","0","2"
"洪文衡请祧宪","2","0","2"
"文衡请祧宪宗","2","0","2"
"祖皇考妣东第","2","0","2"
"国家追尊四庙","1","1","2"
"祖神位太庙正","2","0","2"
"臣八人分献诸","2","0","2"
"部尚书崔亮言","2","0","2"
"正殿中设德祖","1","1","2"
"宣宗皇帝忌辰","1","1","2"
"武宗东西相向","1","1","2"
"册宝舆奉天门","2","0","2"
"捧册宝官捧前","2","0","2"
"册宝官捧前行","2","0","2"
"仁孝皇后神位","1","1","2"
"孝皇后神位前","1","1","2"
"改题仁孝皇后","1","1","2"
"睿宗知天守道","1","1","2"
"宗知天守道洪","1","1","2"
"元年十二月将","1","1","2"
"相国李善长等","1","1","2"
"善长率礼官奏","1","1","2"
"侍仪司设表案","2","0","2"
"宿卫镇抚二人","1","1","2"
"护卫百户二十","1","1","2"
"卫百户二十四","1","1","2"
"百户二十四人","1","1","2"
"引文武班四人","1","1","2"
"引殿前班二人","1","1","2"
"二人引文武班","2","0","2"
"举殿上表案二","1","1","2"
"殿上表案二人","1","1","2"
"上设殿前班指","1","1","2"
"设殿前班指挥","1","1","2"
"殿前班指挥司","1","1","2"
"前班指挥司官","1","1","2"
"班指挥司官三","1","1","2"
"指挥司官三人","1","1","2"
"宣徽院官三人","1","1","2"
"护卫千户八人","1","1","2"
"天武将军四人","1","1","2"
"卷帘将军二人","1","1","2"
"大乐鼓吹振作","2","0","2"
"钦天监设定时","1","1","2"
"天监设定时鼓","1","1","2"
"明太祖洪武元","1","1","2"
"祖洪武元年九","1","1","2"
"尚宝司设御座","2","0","2"
"宝司设御座奉","2","0","2"
"司设御座奉天","2","0","2"
"教坊司陈大乐","2","0","2"
"锦衣卫设将军","2","0","2"
"丹陛中道左右","1","1","2"
"丹墀左右木栅","1","1","2"
"群臣早朝奏事","1","1","2"
"右顺门内便殿","1","1","2"
"顺门内便殿奏","1","1","2"
"门内便殿奏事","1","1","2"
"令常朝日记注","1","1","2"
"令朝参将军先","1","1","2"
"明洪武元年十","1","1","2"
"钦诣父皇陛下","2","0","2"
"赞礼引皇太子","2","0","2"
"朝贺皇太后礼","1","1","2"
"便殿行家人礼","1","1","2"
"入奉天门行礼","1","1","2"
"行太仆寺苑马","1","1","2"
"太仆寺苑马寺","1","1","2"
"仆寺苑马寺卿","1","1","2"
"二月十六日朝","1","1","2"
"月十六日朝见","1","1","2"
"皇后受群臣贺","2","0","2"
"司宾导外命妇","2","0","2"
"班首诸命妇皆","2","0","2"
"首诸命妇皆跪","2","0","2"
"设笺案殿东门","2","0","2"
"东阶升入殿东","1","1","2"
"阶升入殿东门","1","1","2"
"千秋节致词云","2","0","2"
"明洪武十四年","1","1","2"
"事中郑相同请","1","1","2"
"锦衣卫设仪仗","1","1","2"
"文华门内东西","1","1","2"
"设传令宣笺等","1","1","2"
"传令宣笺等官","1","1","2"
"令宣笺等官位","1","1","2"
"遇皇太子殿下","1","1","2"
"洪武元年十二","1","1","2"
"武元年十二月","1","1","2"
"皇太子答后二","2","0","2"
"群臣上殿称万","1","1","2"
"臣上殿称万岁","1","1","2"
"奉天门赐百官","1","1","2"
"天门赐百官宴","1","1","2"
"赐内外命妇饭","1","1","2"
"设护卫官二十","1","1","2"
"护卫官二十四","1","1","2"
"卫官二十四人","1","1","2"
"光禄寺开爵注","1","1","2"
"禄寺开爵注酒","1","1","2"
"光禄寺官进汤","1","1","2"
"丞相夫人捧寿","1","1","2"
"相夫人捧寿花","1","1","2"
"载皇太后上尊","1","1","2"
"庆典推崇皇太","1","1","2"
"典推崇皇太后","1","1","2"
"设皇太后宝座","1","1","2"
"奉册宝官册宝","2","0","2"
"皇帝奉皇太后","1","1","2"
"恭惟皇太后陛","2","0","2"
"皇太后陛下尊","1","1","2"
"太后陛下尊居","1","1","2"
"改皇太后致词","1","1","2"
"靖元年二月上","1","1","2"
"元年二月上尊","1","1","2"
"年二月上尊号","1","1","2"
"命妇进表庆贺","1","1","2"
"妇进表庆贺致","1","1","2"
"进表庆贺致词","1","1","2"
"帝命中书省翰","1","1","2"
"命中书省翰林","1","1","2"
"中书省翰林院","1","1","2"
"坛北建祭殿五","1","1","2"
"北建祭殿五间","1","1","2"
"诸神合祭城南","2","0","2"
"弘治十七年八","1","1","2"
"治十七年八月","1","1","2"
"更正社稷坛配","1","1","2"
"正社稷坛配位","1","1","2"
"西苑豳风亭西","1","1","2"
"星辰祔祭月坛","2","0","2"
"周天星辰共一","1","1","2"
"天星辰共一坛","1","1","2"
"夕月迎神饮福","1","1","2"
"护坛地六百亩","1","1","2"
"户部尚书先祭","1","1","2"
"部尚书先祭先","1","1","2"
"尚书先祭先农","1","1","2"
"古者天子亲耕","2","0","2"
"安定门外建先","1","1","2"
"定门外建先蚕","1","1","2"
"门外建先蚕坛","1","1","2"
"部尚书李时等","1","1","2"
"采桑台高一尺","1","1","2"
"桑台高一尺四","1","1","2"
"台高一尺四寸","1","1","2"
"女乐司设监备","1","1","2"
"乐司设监备仪","1","1","2"
"司设监备仪仗","1","1","2"
"外命妇文武二","1","1","2"
"命妇文武二品","1","1","2"
"尚衣织染监局","1","1","2"
"青州儒生李时","1","1","2"
"部尚书崔亮奏","2","0","2"
"部尚书牛谅言","2","0","2"
"三坛行一次礼","1","1","2"
"分日告祭太庙","1","1","2"
"岳镇海渎天下","2","0","2"
"正统九年三月","1","1","2"
"巡抚祭告北岳","1","1","2"
"书方献夫等言","2","0","2"
"部尚书李时言","2","0","2"
"岳镇名山祝祷","1","1","2"
"远近名山大川","1","1","2"
"正阳门外天地","1","1","2"
"阳门外天地坛","1","1","2"
"门外天地坛西","1","1","2"
"春夏秋冬四季","1","1","2"
"夏秋冬四季月","1","1","2"
"秋冬四季月将","1","1","2"
"阵前阵后诸神","1","1","2"
"加上皇天上帝","1","1","2"
"皇上亲献大明","1","1","2"
"上亲献大明坛","1","1","2"
"神享祭坛正南","1","1","2"
"风云雷雨诸天","1","1","2"
"云雷雨诸天神","1","1","2"
"雷雨诸天神合","1","1","2"
"祀风云雷雨师","1","1","2"
"五岳四镇四渎","1","1","2"
"分东西南北中","1","1","2"
"东西南北中五","1","1","2"
"天下山川城隍","1","1","2"
"下山川城隍诸","1","1","2"
"山川城隍诸地","1","1","2"
"祭天下岳镇海","1","1","2"
"白金二十五两","2","0","2"
"前代所封名号","1","1","2"
"外国山川东西","1","1","2"
"国山川东西向","1","1","2"
"定王国祭山川","1","1","2"
"祭黄州城隍文","1","1","2"
"芜湖城隍庙建","1","1","2"
"祭洪州城隍文","1","1","2"
"中都城隍神主","1","1","2"
"二十一年改建","1","1","2"
"仲秋祭旗纛日","1","1","2"
"月十一日神诞","2","0","2"
"太常寺堂上官","1","1","2"
"成祖迁都北京","1","1","2"
"部尚书夏言等","1","1","2"
"悼灵皇后神主","1","1","2"
"奉慈殿孝惠太","1","1","2"
"慈殿孝惠太后","1","1","2"
"追上母妃孝穆","1","1","2"
"上母妃孝穆太","1","1","2"
"母妃孝穆太后","1","1","2"
"妃孝穆太后纪","1","1","2"
"孝穆太后纪氏","1","1","2"
"奉先殿外建一","1","1","2"
"孝穆皇太后神","1","1","2"
"礼部尚书方献","1","1","2"
"孝惠太皇太后","1","1","2"
"惠太皇太后实","1","1","2"
"监生何渊上书","1","1","2"
"部尚书汪俊等","1","1","2"
"部尚书席书等","1","1","2"
"献皇帝追称帝","1","1","2"
"皇帝追称帝号","1","1","2"
"太宗同居昭位","1","1","2"
"左庶子江汝璧","1","1","2"
"庶子江汝璧请","1","1","2"
"右赞善郭希颜","1","1","2"
"礼科丁汝谦请","1","1","2"
"皇帝行初献礼","1","1","2"
"常卿裴应章言","2","0","2"
"朝廷宗庙盛典","1","1","2"
"桑世杰十二位","1","1","2"
"礼部侍郎宋礼","1","1","2"
"尚宝少卿姚继","1","1","2"
"刑部郎中李瑜","1","1","2"
"部尚书陶凯等","1","1","2"
"十丈九尺五寸","1","1","2"
"深四丈三尺五","1","1","2"
"奏定诸王国祭","1","1","2"
"定诸王国祭祀","1","1","2"
"诸王国祭祀礼","1","1","2"
"王国祭祀礼乐","1","1","2"
"祭酒周洪谟言","2","0","2"
"合先王左昭右","1","1","2"
"先王左昭右穆","1","1","2"
"遣秘书监丞陶","1","1","2"
"秘书监丞陶谊","1","1","2"
"书监丞陶谊等","1","1","2"
"遣太常寺乐舞","1","1","2"
"太常寺乐舞生","1","1","2"
"春秋仲月上旬","2","0","2"
"太庙同堂异室","1","1","2"
"遣南京太常寺","1","1","2"
"太常寺官行礼","2","0","2"
"高阳十大名医","1","1","2"
"立三皇五帝庙","1","1","2"
"按御史冯时雄","1","1","2"
"朱彦修十四人","1","1","2"
"太医院堂上官","1","1","2"
"羹酒果脯帛祭","1","1","2"
"司业宋濂建议","1","1","2"
"明太祖入江淮","1","1","2"
"太祖入江淮府","1","1","2"
"洪武元年二月","1","1","2"
"御奉天殿降香","2","0","2"
"万县训导李译","1","1","2"
"慈利教谕蒋明","1","1","2"
"利教谕蒋明请","1","1","2"
"子孙教授裴侃","1","1","2"
"孔子宜称先圣","1","1","2"
"子宜称先圣先","1","1","2"
"宜称先圣先师","1","1","2"
"秦冉等十二人","1","1","2"
"正孔子祀典说","1","1","2"
"正孔子祀典申","1","1","2"
"孔子祀典申记","1","1","2"
"正孔子庙祀典","1","1","2"
"陛下敬天尊亲","1","1","2"
"南京国子监规","1","1","2"
"事中张九功推","1","1","2"
"旗手卫官行礼","1","1","2"
"主宰战船正神","1","1","2"
"弓弩飞枪飞石","1","1","2"
"弩飞枪飞石神","1","1","2"
"神机营提督官","1","1","2"
"宫内大庖井前","1","1","2"
"奉天殿外文楼","1","1","2"
"天殿外文楼前","1","1","2"
"立北京马神祠","1","1","2"
"道林真觉普济","1","1","2"
"林真觉普济禅","1","1","2"
"真觉普济禅师","1","1","2"
"觉普济禅师宝","1","1","2"
"普济禅师宝志","1","1","2"
"元卫国忠肃公","1","1","2"
"卫国忠肃公福","1","1","2"
"国忠肃公福寿","1","1","2"
"汉前将军寿亭","1","1","2"
"前将军寿亭侯","1","1","2"
"南京太仆寺官","1","1","2"
"功臣二十一人","1","1","2"
"故指挥千百户","1","1","2"
"指挥千百户卫","1","1","2"
"挥千百户卫所","1","1","2"
"千百户卫所镇","1","1","2"
"百户卫所镇抚","1","1","2"
"汉寿亭侯关公","1","1","2"
"寿亭侯关公庙","1","1","2"
"京都太仓神庙","1","1","2"
"太常博士刘履","1","1","2"
"常博士刘履节","1","1","2"
"三清三境九天","1","1","2"
"清三境九天应","1","1","2"
"三境九天应元","1","1","2"
"境九天应元雷","1","1","2"
"九天应元雷声","1","1","2"
"天应元雷声普","1","1","2"
"应元雷声普化","1","1","2"
"元雷声普化天","1","1","2"
"金玉阙真君元","1","1","2"
"玉阙真君元君","1","1","2"
"迦牟尼文佛生","1","1","2"
"西方中天竺国","1","1","2"
"玉清元始天尊","1","1","2"
"上清太上道君","1","1","2"
"上清太上老君","1","1","2"
"令修建吉祥斋","1","1","2"
"遣官诣显灵宫","2","0","2"
"祖师三天扶教","1","1","2"
"师三天扶教辅","1","1","2"
"三天扶教辅玄","1","1","2"
"天扶教辅玄大","1","1","2"
"扶教辅玄大法","1","1","2"
"教辅玄大法师","1","1","2"
"辅玄大法师真","1","1","2"
"玄大法师真君","1","1","2"
"正一靖应真君","1","1","2"
"正一嗣教真人","1","1","2"
"国朝御制碑谓","2","0","2"
"崇恩姓萨名坚","1","1","2"
"玉枢火府天将","1","1","2"
"枢火府天将王","1","1","2"
"火府天将王灵","1","1","2"
"府天将王灵官","1","1","2"
"祀五代时徐温","1","1","2"
"加封金阙真君","1","1","2"
"冠袍等物换回","1","1","2"
"鄱阳湖忠臣祠","1","1","2"
"祀丁普郎等三","1","1","2"
"丁普郎等三十","1","1","2"
"普郎等三十五","1","1","2"
"郎等三十五人","1","1","2"
"德胜等十四人","1","1","2"
"郡县山川龙神","1","1","2"
"县山川龙神忠","1","1","2"
"山川龙神忠烈","1","1","2"
"设京省城隍神","1","1","2"
"京省城隍神位","1","1","2"
"复长安南北郊","1","1","2"
"问大学士翟銮","1","1","2"
"问礼部尚书李","1","1","2"
"郊祀新旧图考","1","1","2"
"奉皇考仁祖淳","1","1","2"
"皇考仁祖淳皇","1","1","2"
"考仁祖淳皇帝","1","1","2"
"事中夏言上疏","1","1","2"
"周人郊祀后稷","1","1","2"
"昊天上帝神位","1","1","2"
"天上帝神位前","1","1","2"
"上帝神位前跪","1","1","2"
"皇帝诣神位前","2","0","2"
"皇太子下位官","2","0","2"
"太子下位官皆","2","0","2"
"太常光禄卿奏","1","1","2"
"太常寺捧神位","1","1","2"
"常寺捧神位官","1","1","2"
"寺捧神位官复","1","1","2"
"捧神位官复命","1","1","2"
"百官分列神路","1","1","2"
"官分列神路东","1","1","2"
"分列神路东西","1","1","2"
"左灵星门入内","1","1","2"
"典仪唱乐舞生","1","1","2"
"仪唱乐舞生就","1","1","2"
"唱乐舞生就位","1","1","2"
"执事官十一员","1","1","2"
"行一三叩头礼","2","0","2"
"执事官先后捧","1","1","2"
"事官先后捧昊","1","1","2"
"官先后捧昊天","1","1","2"
"先后捧昊天上","1","1","2"
"后捧昊天上帝","1","1","2"
"圜丘泰神殿门","1","1","2"
"丘泰神殿门外","1","1","2"
"太常寺官一员","1","1","2"
"礼部堂上官四","1","1","2"
"部堂上官四员","1","1","2"
"太常执事官代","1","1","2"
"武定侯郭勋代","1","1","2"
"遣官祭告郊庙","1","1","2"
"圜丘坛外泰元","1","1","2"
"丘坛外泰元门","1","1","2"
"扬州府同知丰","1","1","2"
"州府同知丰坊","1","1","2"
"府同知丰坊上","1","1","2"
"同知丰坊上疏","1","1","2"
"严父莫大配天","2","0","2"
"明堂秋报大礼","1","1","2"
"定献皇配帝称","1","1","2"
"献皇配帝称宗","1","1","2"
"奉睿宗献皇帝","1","1","2"
"睿宗献皇帝配","1","1","2"
"季秋大享明堂","1","1","2"
"秋季大享上帝","1","1","2"
"奉皇考睿宗配","1","1","2"
"皇考睿宗配享","1","1","2"
"周人宗祀文王","1","1","2"
"殿丹陛上行礼","1","1","2"
"日月五星平立","1","1","2"
"月五星平立定","1","1","2"
"五星平立定三","1","1","2"
"星平立定三差","1","1","2"
"北京立四丈表","2","0","2"
"七丈九尺八寸","1","1","2"
"丈九尺八寸五","1","1","2"
"九尺八寸五分","1","1","2"
"随简仪测太阳","2","0","2"
"简仪测太阳南","2","0","2"
"仪测太阳南地","2","0","2"
"测太阳南地平","2","0","2"
"地平二十六度","1","1","2"
"平二十六度四","1","1","2"
"二十六度四十","1","1","2"
"十六度四十六","1","1","2"
"六度四十六分","1","1","2"
"度四十六分半","1","1","2"
"余五十四度九","1","1","2"
"五十四度九十","1","1","2"
"十四度九十六","1","1","2"
"四度九十六分","1","1","2"
"七分六十六秒","1","1","2"
"长一丈一尺七","1","1","2"
"一丈一尺七寸","1","1","2"
"丈一尺七寸一","1","1","2"
"一尺七寸一分","1","1","2"
"四十三度七十","1","1","2"
"十三度七十四","1","1","2"
"三度七十四分","1","1","2"
"十三分二十五","1","1","2"
"三分二十五秒","1","1","2"
"五十八度四十","1","1","2"
"十八度四十五","1","1","2"
"八度四十五分","1","1","2"
"度四十五分半","1","1","2"
"一百度七十三","1","1","2"
"百度七十三分","1","1","2"
"五十度三十六","1","1","2"
"十度三十六分","1","1","2"
"度三十六分半","1","1","2"
"地度转减周天","1","1","2"
"余四十度九十","1","1","2"
"四十度九十四","1","1","2"
"十度九十四分","1","1","2"
"度九十四分九","1","1","2"
"九十四分九十","1","1","2"
"十四分九十三","1","1","2"
"四分九十三秒","1","1","2"
"九十三秒七十","1","1","2"
"十三秒七十五","1","1","2"
"三秒七十五微","1","1","2"
"二黄赤道内外","2","0","2"
"黄赤道内外半","2","0","2"
"道内外半弧背","1","1","2"
"四度八十四分","1","1","2"
"大句二十三度","2","0","2"
"二十三度八十","1","1","2"
"十三度八十分","1","1","2"
"三度八十分七","1","1","2"
"度八十分七十","1","1","2"
"八十分七十秒","1","1","2"
"黄赤道大股五","2","0","2"
"十六度零二分","1","1","2"
"六度零二分六","1","1","2"
"度零二分六十","1","1","2"
"零二分六十八","1","1","2"
"二分六十八秒","1","1","2"
"廉乘半弧背幕","2","0","2"
"百四十三度五","1","1","2"
"四十三度五十","1","1","2"
"十三度五十分","1","1","2"
"置初商八十秒","2","0","2"
"初商八十秒乘","1","1","2"
"乘上廉一万四","2","0","2"
"一百一十八度","1","1","2"
"百一十八度五","1","1","2"
"一十八度五八","1","1","2"
"十八度五八四","1","1","2"
"八度五八四五","1","1","2"
"十零万四千七","2","0","2"
"零万四千七百","2","0","2"
"百零七度八五","1","1","2"
"零七度八五九","1","1","2"
"七度八五九三","1","1","2"
"度八五九三七","1","1","2"
"八五九三七五","1","1","2"
"余一百八十零","2","0","2"
"十零万四千五","2","0","2"
"零万四千五百","2","0","2"
"四千五百八十","1","1","2"
"千五百八十九","1","1","2"
"五百八十九度","1","1","2"
"百八十九度二","1","1","2"
"八十九度二七","1","1","2"
"十九度二七四","1","1","2"
"九度二七四八","1","1","2"
"度二七四八七","1","1","2"
"二七四八七五","1","1","2"
"一度九四七九","1","1","2"
"度九四七九九","1","1","2"
"九四七九九九","1","1","2"
"四七九九九四","1","1","2"
"七九九九四八","1","1","2"
"九九九四八八","1","1","2"
"万四千五百九","1","1","2"
"四千五百九十","1","1","2"
"千五百九十一","1","1","2"
"五百九十一度","1","1","2"
"百九十一度二","1","1","2"
"九十一度二二","1","1","2"
"十一度二二二","1","1","2"
"一度二二二八","1","1","2"
"度二二二八七","1","1","2"
"二二二八七四","1","1","2"
"二二八七四四","1","1","2"
"二八七四四八","1","1","2"
"八七四四八八","1","1","2"
"度一三三六一","1","1","2"
"一三三六一二","1","1","2"
"三三六一二五","1","1","2"
"十零万四千四","2","0","2"
"零万四千四百","2","0","2"
"万四千四百六","1","1","2"
"四千四百六十","1","1","2"
"千四百六十七","1","1","2"
"七二五七六二","1","1","2"
"二五七六二五","1","1","2"
"次商八十二秒","1","1","2"
"一秒三十一微","1","1","2"
"三度四九九八","1","1","2"
"度四九九八六","1","1","2"
"四九九八六九","1","1","2"
"三度九十四分","1","1","2"
"度九十四分四","1","1","2"
"九十四分四六","1","1","2"
"十四分四六九","1","1","2"
"四分四六九七","1","1","2"
"分四六九七八","1","1","2"
"四六九七八七","1","1","2"
"六九七八七七","1","1","2"
"九七八七七八","1","1","2"
"万四千四百七","1","1","2"
"四千四百七十","1","1","2"
"千四百七十一","1","1","2"
"四百七十一度","1","1","2"
"百七十一度六","1","1","2"
"七十一度六十","1","1","2"
"十一度六十七","1","1","2"
"一度六十七分","1","1","2"
"度六十七分零","1","1","2"
"六十七分零四","1","1","2"
"十七分零四六","1","1","2"
"七分零四六零","1","1","2"
"分零四六零三","1","1","2"
"零四六零三七","1","1","2"
"矢度八十二秒","2","0","2"
"差加赤道半弧","1","1","2"
"黄道半弧背一","1","1","2"
"道半弧背一度","1","1","2"
"十六度零二六","1","1","2"
"六度零二六八","1","1","2"
"千四百一十零","2","0","2"
"四百一十零度","2","0","2"
"百一十零度一","2","0","2"
"度一七二零三","1","1","2"
"一七二零三零","1","1","2"
"七二零三零二","1","1","2"
"二零三零二四","1","1","2"
"黄赤道大弦六","2","0","2"
"零度八七五法","2","0","2"
"十六度零一分","1","1","2"
"六度零一分九","1","1","2"
"度零一分九十","1","1","2"
"零一分九十二","1","1","2"
"一分九十二秒","1","1","2"
"二十一度七五","1","1","2"
"置黄道半弧弦","2","0","2"
"减黄道半背弦","1","1","2"
"千一百三十八","1","1","2"
"一百三十八度","1","1","2"
"百三十八度一","1","1","2"
"三十八度一五","1","1","2"
"十八度一五零","1","1","2"
"八度一五零七","1","1","2"
"千一百三十九","1","1","2"
"一百三十九度","1","1","2"
"百三十九度一","1","1","2"
"三十九度一五","1","1","2"
"十九度一五零","1","1","2"
"九度一五零七","1","1","2"
"十零度八十六","2","0","2"
"零度八十六分","2","0","2"
"赤道横弧矢九","1","1","2"
"道横弧矢九十","1","1","2"
"横弧矢九十七","1","1","2"
"弧矢九十七秒","1","1","2"
"九十四微零九","1","1","2"
"置黄赤道小弧","2","0","2"
"冬后四十四度","2","0","2"
"太阳赤道内外","2","0","2"
"减黄道四十四","1","1","2"
"道小弦五十八","1","1","2"
"小弦五十八度","1","1","2"
"弦五十八度三","1","1","2"
"五十八度三十","1","1","2"
"十八度三十五","1","1","2"
"八度三十五分","1","1","2"
"度三十五分六","1","1","2"
"三十五分六十","1","1","2"
"余二度五十一","1","1","2"
"道内外半弧弦","1","1","2"
"内外半弧弦二","1","1","2"
"外半弧弦二十","1","1","2"
"度五十一分四","1","1","2"
"五十一分四二","1","1","2"
"十一分四二三","1","1","2"
"一分四二三八","1","1","2"
"一十七度二十","2","0","2"
"黄赤道小弧弦","2","0","2"
"赤道小弧矢二","1","1","2"
"道小弧矢二度","1","1","2"
"小弧矢二度五","1","1","2"
"弧矢二度五十","1","1","2"
"矢二度五十一","1","1","2"
"五分二十一秒","1","1","2"
"象限九十一度","1","1","2"
"限九十一度三","1","1","2"
"九十一度三十","1","1","2"
"十一度三十一","1","1","2"
"一度三十一分","1","1","2"
"度三十一分四","1","1","2"
"三十一分四十","1","1","2"
"十一分四十三","1","1","2"
"一分四十三秒","1","1","2"
"分四十三秒七","1","1","2"
"四十三秒七五","1","1","2"
"十七度三零八","1","1","2"
"七度三零八九","1","1","2"
"一百零八度六","1","1","2"
"百零八度六十","1","1","2"
"零八度六十二","1","1","2"
"八度六十二分","1","1","2"
"度六十二分三","1","1","2"
"六十二分三十","1","1","2"
"十二分三十二","1","1","2"
"二分三十二秒","1","1","2"
"分三十二秒七","1","1","2"
"三十二秒七五","1","1","2"
"容阔五度七十","1","1","2"
"阔五度七十分","1","1","2"
"入半弧弦二十","1","1","2"
"除大股五十六","1","1","2"
"五十六度零六","1","1","2"
"十六度零六分","1","1","2"
"六度零六分五","1","1","2"
"度零六分五十","1","1","2"
"零六分五十秒","1","1","2"
"二度三十七分","1","1","2"
"十三度四十七","1","1","2"
"三度四十七分","1","1","2"
"度四十七分八","1","1","2"
"四十七分八十","1","1","2"
"十七分八十二","1","1","2"
"七分八十二秒","1","1","2"
"一十四度六十","2","0","2"
"十四度六十三","1","1","2"
"四度六十三分","1","1","2"
"十四度六十六","1","1","2"
"重庆等府夏秋","1","1","2"
"锦衣等卫连月","1","1","2"
"万历十一年八","1","1","2"
"历十一年八月","1","1","2"
"十一年八月庚","1","1","2"
"一年八月庚戌","1","1","2"
"三年四月戊午","1","1","2"
"十四年三月乙","1","1","2"
"四年三月乙巳","1","1","2"
"十六年五月辛","1","1","2"
"六年五月辛丑","1","1","2"
"成都东门外镇","1","1","2"
"都东门外镇江","1","1","2"
"东门外镇江桥","1","1","2"
"门外镇江桥回","1","1","2"
"外镇江桥回澜","1","1","2"
"镇江桥回澜塔","1","1","2"
"弘治九年八月","1","1","2"
"四十五年六月","1","1","2"
"太医院吏目李","1","1","2"
"历四十七年七","1","1","2"
"四十七年七月","1","1","2"
"洪武十一年正","1","1","2"
"武十一年正月","1","1","2"
"十一年正月元","1","1","2"
"一年正月元旦","1","1","2"
"年正月元旦甲","1","1","2"
"正月元旦甲戌","1","1","2"
"二年十二月甲","1","1","2"
"年十二月甲子","1","1","2"
"建文二年四月","1","1","2"
"文二年四月乙","1","1","2"
"二年四月乙卯","1","1","2"
"成化十三年六","1","1","2"
"化十三年六月","1","1","2"
"三年六月壬子","1","1","2"
"正德四年三月","1","1","2"
"德四年三月甲","1","1","2"
"嘉靖六年五月","1","1","2"
"靖六年五月甲","1","1","2"
"六年五月甲午","1","1","2"
"隆庆六年七月","1","1","2"
"庆六年七月七","1","1","2"
"六年七月七日","1","1","2"
"直隶华亭海滨","1","1","2"
"隶华亭海滨坠","1","1","2"
"历二十一年十","1","1","2"
"二十一年十月","1","1","2"
"十一年十月甲","1","1","2"
"一年十月甲申","1","1","2"
"二十六年五月","1","1","2"
"十六年五月庚","1","1","2"
"六年五月庚寅","1","1","2"
"启六年五月丁","1","1","2"
"六年五月丁未","1","1","2"
"八年十二月辛","1","1","2"
"年十二月辛巳","1","1","2"
"山东镇南城楼","1","1","2"
"东镇南城楼大","1","1","2"
"镇南城楼大炮","1","1","2"
"十三年三月丙","1","1","2"
"三年三月丙申","1","1","2"
"州城隍庙古钟","1","1","2"
"熙元年六月庚","1","1","2"
"元年六月庚戌","1","1","2"
"宣德元年六月","1","1","2"
"德元年六月癸","1","1","2"
"弘治五年十二","1","1","2"
"治五年十二月","1","1","2"
"五年十二月辛","1","1","2"
"嘉靖七年十二","1","1","2"
"靖七年十二月","1","1","2"
"宣德六年六月","1","1","2"
"正统四年七月","1","1","2"
"成化十四年八","1","1","2"
"化十四年八月","1","1","2"
"十四年八月丁","1","1","2"
"十五年八月辛","1","1","2"
"五年八月辛卯","1","1","2"
"治三年六月壬","1","1","2"
"三年六月壬午","1","1","2"
"二年闰正月癸","1","1","2"
"年闰正月癸亥","1","1","2"
"三年二月己丑","1","1","2"
"九年二月丁巳","1","1","2"
"二年四月丙辰","1","1","2"
"十三年三月甲","1","1","2"
"三年三月甲寅","1","1","2"
"十六年十二月","1","1","2"
"六年十二月辛","1","1","2"
"靖元年七月己","1","1","2"
"元年七月己巳","1","1","2"
"万历十八年三","1","1","2"
"历十八年三月","1","1","2"
"十八年三月甲","1","1","2"
"八年三月甲辰","1","1","2"
"四十一年八月","1","1","2"
"天启元年三月","1","1","2"
"启元年三月辛","1","1","2"
"元年三月辛亥","1","1","2"
"四年五月癸亥","1","1","2"
"崇祯十四年五","1","1","2"
"祯十四年五月","1","1","2"
"六年正月丁酉","1","1","2"
"五凤楼前门闩","1","1","2"
"建文元年七月","1","1","2"
"文元年七月癸","1","1","2"
"元年七月癸酉","1","1","2"
"顺八年二月壬","1","1","2"
"八年二月壬子","1","1","2"
"化六年二月丁","1","1","2"
"六年二月丁丑","1","1","2"
"十一年三月戊","1","1","2"
"一年三月戊子","1","1","2"
"弘治二年二月","1","1","2"
"治二年二月辛","1","1","2"
"二年二月辛亥","1","1","2"
"四年八月乙卯","1","1","2"
"正德五年三月","1","1","2"
"德五年三月甲","1","1","2"
"五年三月甲子","1","1","2"
"年十一月辛酉","1","1","2"
"嘉靖元年九月","1","1","2"
"靖元年九月己","1","1","2"
"元年九月己巳","1","1","2"
"八年正月戊戌","1","1","2"
"十六年七月乙","1","1","2"
"六年七月乙丑","1","1","2"
"十八年三月丙","1","1","2"
"八年三月丙申","1","1","2"
"三十年正月辛","1","1","2"
"十年正月辛卯","1","1","2"
"四十年二月己","1","1","2"
"十年二月己酉","1","1","2"
"庆二年正月元","1","1","2"
"二年正月元旦","1","1","2"
"万历十七年正","1","1","2"
"历十七年正月","1","1","2"
"十七年正月乙","1","1","2"
"七年正月乙丑","1","1","2"
"十五年二月戊","1","1","2"
"五年二月戊寅","1","1","2"
"二十九年四月","1","1","2"
"十八年四月戊","1","1","2"
"八年四月戊戌","1","1","2"
"启元年四月乙","1","1","2"
"元年四月乙亥","1","1","2"
"宁夏洪广堡风","1","1","2"
"四年二月辛丑","1","1","2"
"祯元年正月癸","1","1","2"
"元年正月癸亥","1","1","2"
"七年三月戊子","1","1","2"
"三年闰正月丙","1","1","2"
"年闰正月丙申","1","1","2"
"后四年三月丙","1","1","2"
"四年三月丙申","1","1","2"
"景泰五年三月","1","1","2"
"弘治六年八月","1","1","2"
"治六年八月己","1","1","2"
"山东平山卫牛","1","1","2"
"东平山卫牛犊","1","1","2"
"万历十三年九","1","1","2"
"历十三年九月","1","1","2"
"三十八年三月","1","1","2"
"太原府徐沟县","1","1","2"
"原府徐沟县西","1","1","2"
"府徐沟县西北","1","1","2"
"八年七月戊辰","1","1","2"
"十一年四月乙","1","1","2"
"一年四月乙巳","1","1","2"
"十九年六月辛","1","1","2"
"九年六月辛丑","1","1","2"
"文元年三月甲","1","1","2"
"元年三月甲午","1","1","2"
"元年十一月甲","1","1","2"
"年十一月甲午","1","1","2"
"年十一月癸丑","1","1","2"
"六年五月壬戌","1","1","2"
"十一年八月甲","1","1","2"
"一年八月甲子","1","1","2"
"十三年九月壬","1","1","2"
"三年九月壬戌","1","1","2"
"十四年九月癸","1","1","2"
"四年九月癸卯","1","1","2"
"八年六月丙午","1","1","2"
"熙元年二月戊","1","1","2"
"元年二月戊午","1","1","2"
"德元年七月癸","1","1","2"
"元年七月癸巳","1","1","2"
"五年正月壬子","1","1","2"
"统三年三月己","1","1","2"
"五年十月庚午","1","1","2"
"十年二月丁巳","1","1","2"
"景泰二年七月","1","1","2"
"泰二年七月癸","1","1","2"
"二年七月癸丑","1","1","2"
"永新珠坑村地","1","1","2"
"五年十月庚子","1","1","2"
"六年二月甲午","1","1","2"
"化元年四月甲","1","1","2"
"四年八月癸巳","1","1","2"
"十年四月壬午","1","1","2"
"灵州大沙井驿","1","1","2"
"十二年正月辛","1","1","2"
"二年正月辛亥","1","1","2"
"十六年八月丁","1","1","2"
"六年八月丁巳","1","1","2"
"二十年正月庚","1","1","2"
"居庸关城垣墩","1","1","2"
"庸关城垣墩堡","1","1","2"
"关城垣墩堡多","1","1","2"
"蓟州遵化县地","2","0","2"
"州遵化县地震","2","0","2"
"二年六月壬辰","1","1","2"
"弘治元年八月","1","1","2"
"治元年八月壬","1","1","2"
"元年八月壬寅","1","1","2"
"黄头等寨碉房","1","1","2"
"头等寨碉房三","1","1","2"
"等寨碉房三十","1","1","2"
"寨碉房三十七","1","1","2"
"碉房三十七户","1","1","2"
"宣府葛峪堡地","1","1","2"
"二年五月庚申","1","1","2"
"十年正月戊午","1","1","2"
"十一年六月丙","1","1","2"
"一年六月丙子","1","1","2"
"十三年七月己","1","1","2"
"三年七月己巳","1","1","2"
"十四年正月庚","1","1","2"
"四年正月庚戌","1","1","2"
"压死人畜甚众","2","0","2"
"渡河巡检司地","1","1","2"
"六年二月庚申","1","1","2"
"十八年六月癸","1","1","2"
"八年六月癸亥","1","1","2"
"德元年二月癸","1","1","2"
"元年二月癸酉","1","1","2"
"七年五月壬子","1","1","2"
"九年六月甲辰","1","1","2"
"榆次等十州县","1","1","2"
"大同府应州山","1","1","2"
"同府应州山阴","1","1","2"
"十年五月壬辰","1","1","2"
"云南赵州永宁","1","1","2"
"南赵州永宁卫","1","1","2"
"十一年八月戊","1","1","2"
"一年八月戊辰","1","1","2"
"十二年四月甲","1","1","2"
"二年四月甲子","1","1","2"
"十四年二月丁","1","1","2"
"四年二月丁丑","1","1","2"
"六年十月戊辰","1","1","2"
"十二年八月丁","1","1","2"
"二年八月丁酉","1","1","2"
"十五年十月庚","1","1","2"
"五年十月庚寅","1","1","2"
"十六年九月癸","1","1","2"
"六年九月癸酉","1","1","2"
"九年四月庚午","1","1","2"
"十二年三月乙","1","1","2"
"二年三月乙巳","1","1","2"
"二十三年三月","1","1","2"
"十七年七月戊","1","1","2"
"七年七月戊寅","1","1","2"
"三十年九月乙","1","1","2"
"十一年二月癸","1","1","2"
"一年二月癸亥","1","1","2"
"压死八十三万","1","1","2"
"十八年七月辛","1","1","2"
"八年七月辛巳","1","1","2"
"四十年二月戊","1","1","2"
"十年二月戊戌","1","1","2"
"四十一年正月","1","1","2"
"十一年正月丙","1","1","2"
"一年正月丙申","1","1","2"
"四川顺义等县","1","1","2"
"川顺义等县同","1","1","2"
"顺义等县同日","1","1","2"
"三年十一月庚","1","1","2"
"年十一月庚辰","1","1","2"
"四年四月戊戌","1","1","2"
"万历元年八月","1","1","2"
"历元年八月戊","1","1","2"
"元年八月戊申","1","1","2"
"二年二月癸亥","1","1","2"
"四年二月庚辰","1","1","2"
"六年二月辛卯","1","1","2"
"七年七月戊午","1","1","2"
"八年五月壬午","1","1","2"
"九年四月己酉","1","1","2"
"十二年二月丁","1","1","2"
"二年二月丁卯","1","1","2"
"十三年二月丁","1","1","2"
"四年四月癸酉","1","1","2"
"十五年三月壬","1","1","2"
"五年三月壬辰","1","1","2"
"十六年六月庚","1","1","2"
"六年六月庚申","1","1","2"
"十三年五月丁","1","1","2"
"三年五月丁酉","1","1","2"
"五年正月壬辰","1","1","2"
"十八年二月戊","1","1","2"
"八年二月戊寅","1","1","2"
"三十一年四月","1","1","2"
"十一年四月丙","1","1","2"
"一年四月丙午","1","1","2"
"三十二年闰九","1","1","2"
"十二年闰九月","1","1","2"
"二年闰九月庚","1","1","2"
"年闰九月庚辰","1","1","2"
"十三年五月辛","1","1","2"
"三年五月辛丑","1","1","2"
"三十五年七月","1","1","2"
"十五年七月乙","1","1","2"
"五年七月乙卯","1","1","2"
"三十六年二月","1","1","2"
"四十年二月乙","1","1","2"
"十年二月乙亥","1","1","2"
"四十三年二月","1","1","2"
"四十六年六月","1","1","2"
"十六年六月壬","1","1","2"
"六年六月壬午","1","1","2"
"二年二月癸酉","1","1","2"
"坏城垣七千九","1","1","2"
"城垣七千九百","1","1","2"
"三年四月庚申","1","1","2"
"四年二月丁酉","1","1","2"
"河南一州六县","1","1","2"
"南一州六县同","1","1","2"
"一州六县同日","1","1","2"
"山西灵丘昼夜","1","1","2"
"宁夏石空寺堡","1","1","2"
"元年九月丁卯","1","1","2"
"三年十一月戊","1","1","2"
"年十一月戊子","1","1","2"
"四年六月乙丑","1","1","2"
"六年正月丁巳","1","1","2"
"九年三月戊辰","1","1","2"
"六年六月丙子","1","1","2"
"十一年九月壬","1","1","2"
"一年九月壬戌","1","1","2"
"十二年二月癸","1","1","2"
"二年二月癸巳","1","1","2"
"四年三月戊寅","1","1","2"
"十五年五月丙","1","1","2"
"五年五月丙戌","1","1","2"
"洪武六年正月","1","1","2"
"武六年正月壬","1","1","2"
"六年正月壬戌","1","1","2"
"成化八年七月","1","1","2"
"七年十二月辛","1","1","2"
"年十二月辛丑","1","1","2"
"寿阳县城南山","1","1","2"
"治三年六月乙","1","1","2"
"三年六月乙巳","1","1","2"
"九年六月庚寅","1","1","2"
"萧山二县同日","1","1","2"
"五年六月癸巳","1","1","2"
"六年七月丙寅","1","1","2"
"嘉靖四年七月","1","1","2"
"靖四年七月乙","1","1","2"
"四年七月乙酉","1","1","2"
"九年十二月己","1","1","2"
"年十二月己巳","1","1","2"
"十一年六月乙","1","1","2"
"一年六月乙酉","1","1","2"
"十六年七月癸","1","1","2"
"六年七月癸酉","1","1","2"
"澄城麻陂山界","1","1","2"
"城麻陂山界头","1","1","2"
"麻陂山界头岭","1","1","2"
"庆二年五月庚","1","1","2"
"二年五月庚戌","1","1","2"
"洪武十九年九","1","1","2"
"武十九年九月","1","1","2"
"十九年九月丙","1","1","2"
"九年九月丙子","1","1","2"
"德元年七月甲","1","1","2"
"元年七月甲午","1","1","2"
"元年五月丙寅","1","1","2"
"正德十二年四","1","1","2"
"德十二年四月","1","1","2"
"省州县卫十八","1","1","2"
"省州县二十六","1","1","2"
"巡按陈登云进","1","1","2"
"盐城教官王明","1","1","2"
"城教官王明佐","1","1","2"
"御史龚廷献绘","1","1","2"
"正统十一年二","1","1","2"
"统十一年二月","1","1","2"
"十一年二月辛","1","1","2"
"一年二月辛酉","1","1","2"
"成化九年四月","1","1","2"
"化九年四月乙","1","1","2"
"九年四月乙亥","1","1","2"
"三年四月戊戌","1","1","2"
"弘治十年三月","1","1","2"
"治十年三月己","1","1","2"
"十年三月己酉","1","1","2"
"十一年四月辛","1","1","2"
"七年二月甲辰","1","1","2"
"庆元年三月甲","1","1","2"
"元年三月甲寅","1","1","2"
"六年三月庚午","1","1","2"
"七年二月甲戌","1","1","2"
"崇祯十二年二","1","1","2"
"祯十二年二月","1","1","2"
"十二年二月壬","1","1","2"
"二年二月壬申","1","1","2"
"十四年正月壬","1","1","2"
"四年正月壬寅","1","1","2"
"清上下河道淤","1","1","2"
"上下河道淤塞","1","1","2"
"经清江浦外河","1","1","2"
"直下云梯关入","1","1","2"
"下云梯关入海","1","1","2"
"近年关口多壅","1","1","2"
"五港岸筑堤束","1","1","2"
"港岸筑堤束水","1","1","2"
"塞决口二十二","1","1","2"
"请复老黄河故","2","0","2"
"口向桃源大河","1","1","2"
"三义镇口引河","1","1","2"
"事中汤聘尹议","2","0","2"
"黄水向老黄河","1","1","2"
"水向老黄河故","1","1","2"
"向老黄河故道","1","1","2"
"乘虚涌入清口","1","1","2"
"虚涌入清口故","1","1","2"
"涌入清口故道","1","1","2"
"清口内通济桥","1","1","2"
"朱家等口淮水","1","1","2"
"多建减水大闸","1","1","2"
"下河漕诸臣会","2","0","2"
"总河都御史官","1","1","2"
"筑淮安新城长","1","1","2"
"淮安新城长堤","1","1","2"
"高筑南北两堤","1","1","2"
"筑高家堰堤六","1","1","2"
"高家堰堤六十","1","1","2"
"归仁集堤四十","1","1","2"
"柳浦湾堤东西","1","1","2"
"浦湾堤东西七","1","1","2"
"湾堤东西七十","1","1","2"
"塞崔镇等决口","1","1","2"
"通济闸於甘罗","2","0","2"
"济闸於甘罗城","2","0","2"
"闸於甘罗城南","2","0","2"
"河南巡抚周鉴","1","1","2"
"南巡抚周鉴等","1","1","2"
"河徐州小浮桥","2","0","2"
"黄河分流故道","1","1","2"
"复专设总理大","1","1","2"
"专设总理大臣","1","1","2"
"都御史总督河","1","1","2"
"御史总督河道","1","1","2"
"李景高口新堤","1","1","2"
"冲入夏镇内河","1","1","2"
"工部尚书曾同","1","1","2"
"部尚书曾同亨","1","1","2"
"尚书曾同亨上","1","1","2"
"直隶巡按彭应","1","1","2"
"隶巡按彭应参","1","1","2"
"入小浮桥故道","1","1","2"
"宝诸湖堤决口","1","1","2"
"户部郎中华存","1","1","2"
"部郎中华存礼","1","1","2"
"工部侍郎沈节","1","1","2"
"部侍郎沈节甫","1","1","2"
"二十二年九月","1","1","2"
"缕二堤束水归","1","1","2"
"清河北二十里","1","1","2"
"工部侍郎沈思","1","1","2"
"部侍郎沈思孝","1","1","2"
"事中张企程勘","2","0","2"
"改塘埂十二闸","1","1","2"
"工部主事樊兆","1","1","2"
"部主事樊兆程","1","1","2"
"腰铺新河四十","1","1","2"
"铺新河四十里","1","1","2"
"督漕尚书褚鈇","1","1","2"
"御史应元折衷","1","1","2"
"淮安知府马化","1","1","2"
"安知府马化龙","1","1","2"
"州兵备道李弘","1","1","2"
"兵备道李弘道","1","1","2"
"事中林熙春驳","1","1","2"
"隶巡按御史蒋","1","1","2"
"巡按御史蒋春","1","1","2"
"按御史蒋春芳","1","1","2"
"条上善后事宜","2","0","2"
"善后事宜十六","1","1","2"
"桃源黄河坝新","1","1","2"
"源黄河坝新河","1","1","2"
"铜帮铁底故道","1","1","2"
"筑三百里南岸","1","1","2"
"御史杨光训等","1","1","2"
"筑山西坡归仁","1","1","2"
"山西坡归仁堤","1","1","2"
"小河口泄入运","1","1","2"
"河口泄入运河","1","1","2"
"赵家圈两河口","2","0","2"
"两河口四十里","1","1","2"
"隶巡按御史佴","1","1","2"
"巡按御史佴祺","1","1","2"
"工科事中张问","2","0","2"
"科事中张问达","2","0","2"
"南岸蒙墙寺忽","1","1","2"
"家圈淤塞断流","1","1","2"
"江北巡按御史","1","1","2"
"蒙墙寺西北黄","1","1","2"
"墙寺西北黄河","1","1","2"
"淤道三十馀里","2","0","2"
"山东巡抚黄克","1","1","2"
"沛县四铺口太","1","1","2"
"县四铺口太行","1","1","2"
"四铺口太行堤","1","1","2"
"部尚书姚继言","2","0","2"
"太子少保兵部","1","1","2"
"子少保兵部尚","1","1","2"
"少保兵部尚书","1","1","2"
"三百里长河畅","1","1","2"
"三十四年四月","1","1","2"
"萧县郭暖楼人","1","1","2"
"县郭暖楼人字","1","1","2"
"郭暖楼人字口","1","1","2"
"三十九年六月","1","1","2"
"决徐州狼矢沟","2","0","2"
"缕堤二百八十","1","1","2"
"堤二百八十丈","1","1","2"
"四十四年五月","1","1","2"
"四十七年九月","1","1","2"
"工部侍郎王佐","1","1","2"
"部侍郎王佐督","1","1","2"
"总河侍郎陈道","1","1","2"
"河侍郎陈道亨","1","1","2"
"侍郎陈道亨役","1","1","2"
"清河决口汇成","1","1","2"
"河决口汇成巨","1","1","2"
"徐州青田大龙","1","1","2"
"州青田大龙口","1","1","2"
"城中水深一丈","1","1","2"
"中水深一丈三","1","1","2"
"水深一丈三尺","1","1","2"
"云龙山西北大","1","1","2"
"龙山西北大安","1","1","2"
"山西北大安桥","1","1","2"
"事中陆文献上","1","1","2"
"曹县十四铺口","1","1","2"
"总河侍郎李若","1","1","2"
"河侍郎李若星","1","1","2"
"侍郎李若星请","1","1","2"
"开邳州坝泄水","1","1","2"
"塞曹家口匙头","1","1","2"
"曹家口匙头湾","1","1","2"
"督漕尚书杨一","1","1","2"
"总河尚书刘荣","1","1","2"
"尚书刘荣嗣银","1","1","2"
"所凿邳州上下","1","1","2"
"刑部侍郎惠世","1","1","2"
"部侍郎惠世扬","1","1","2"
"山东巡抚王永","1","1","2"
"东巡抚王永吉","1","1","2"
"巡抚王永吉上","1","1","2"
"帝令总河侍郎","1","1","2"
"令总河侍郎黄","1","1","2"
"总河侍郎黄希","1","1","2"
"河侍郎黄希宪","1","1","2"
"河南万死一生","1","1","2"
"塞朱家寨决口","1","1","2"
"五月伏水大涨","1","1","2"
"昌平神山泉诸","1","1","2"
"汶上南旺分流","1","1","2"
"马家桥留城闸","1","1","2"
"镇口三百九十","1","1","2"
"口三百九十里","1","1","2"
"扬州三百七十","1","1","2"
"州三百七十里","1","1","2"
"宝应倚湖直渠","1","1","2"
"应倚湖直渠四","1","1","2"
"倚湖直渠四十","1","1","2"
"湖直渠四十里","1","1","2"
"平江伯陈瑄督","2","0","2"
"临清三百八十","1","1","2"
"清三百八十五","1","1","2"
"三百八十五里","1","1","2"
"大汶河泰安仙","2","0","2"
"汶河泰安仙台","2","0","2"
"河泰安仙台岭","2","0","2"
"莱芜原山阴寨","2","0","2"
"芜原山阴寨子","2","0","2"
"原山阴寨子村","2","0","2"
"汶上袁家口左","1","1","2"
"部侍郎杜谦勘","1","1","2"
"江西造平底浅","1","1","2"
"城西管家湖西","1","1","2"
"西管家湖西北","1","1","2"
"宋乔维岳所开","1","1","2"
"五百六十八所","1","1","2"
"漕运直达通州","1","1","2"
"清河训导唐学","1","1","2"
"河训导唐学成","1","1","2"
"山东巡抚洪英","1","1","2"
"漕运总兵官徐","1","1","2"
"运总兵官徐恭","1","1","2"
"工部尚书江渊","1","1","2"
"部尚书江渊等","1","1","2"
"尚书江渊等请","1","1","2"
"都御史贾谅治","1","1","2"
"始命侍郎王恕","1","1","2"
"命户部侍郎白","1","1","2"
"户部侍郎白昂","1","1","2"
"奏金龙口决口","1","1","2"
"高邮甓社湖多","1","1","2"
"副都御史刘大","1","1","2"
"御史刘大夏奉","1","1","2"
"史刘大夏奉敕","1","1","2"
"命大学士王鏊","1","1","2"
"白马四湖老堤","1","1","2"
"天井闸九十里","1","1","2"
"正德四年十月","1","1","2"
"马场堤外孙村","1","1","2"
"场堤外孙村地","1","1","2"
"总河都御史盛","1","1","2"
"河都御史盛应","1","1","2"
"总河侍郎潘希","1","1","2"
"督理河漕侍郎","1","1","2"
"理河漕侍郎王","1","1","2"
"孙继口多开一","1","1","2"
"继口多开一沟","1","1","2"
"漕运参将汤节","1","1","2"
"管河主簿郭升","1","1","2"
"督理河漕尚书","1","1","2"
"理河漕尚书朱","1","1","2"
"河漕尚书朱衡","1","1","2"
"坏新筑东西二","1","1","2"
"新筑东西二堤","1","1","2"
"御史翁大立代","1","1","2"
"引昭阳湖水沿","1","1","2"
"督漕侍郎赵孔","1","1","2"
"漕侍郎赵孔昭","1","1","2"
"清江一带黄河","1","1","2"
"江一带黄河五","1","1","2"
"一带黄河五十","1","1","2"
"带黄河五十里","1","1","2"
"淮河高良涧一","1","1","2"
"河高良涧一带","1","1","2"
"高良涧一带七","1","1","2"
"良涧一带七十","1","1","2"
"鸿沟境山疏浚","1","1","2"
"沟境山疏浚工","1","1","2"
"新任总河都御","1","1","2"
"任总河都御史","1","1","2"
"清河长堤五百","1","1","2"
"河长堤五百五","1","1","2"
"长堤五百五十","1","1","2"
"堤五百五十里","1","1","2"
"张家湾二千八","1","1","2"
"家湾二千八百","1","1","2"
"总河侍郎万恭","1","1","2"
"清江浦河六十","1","1","2"
"江浦河六十里","1","1","2"
"天妃庙口石闸","1","1","2"
"临清板闸七百","1","1","2"
"黄家闸二十里","1","1","2"
"下接茶城十里","1","1","2"
"留黄家闸外二","1","1","2"
"黄家闸外二十","1","1","2"
"家闸外二十里","1","1","2"
"接茶城内十里","1","1","2"
"御史傅希挚请","1","1","2"
"请开泇河避黄","2","0","2"
"知府邵元哲开","1","1","2"
"巡按御史陈功","1","1","2"
"漕侍郎吴桂芳","2","0","2"
"侍郎吴桂芳言","2","0","2"
"元哲修筑淮安","1","1","2"
"哲修筑淮安长","1","1","2"
"修筑淮安长堤","1","1","2"
"盐城石〈石达","2","0","2"
"城石〈石达〉","2","0","2"
"白昂康济月河","1","1","2"
"高邮湖土石二","1","1","2"
"邮湖土石二堤","1","1","2"
"新开漕河南北","1","1","2"
"开漕河南北二","1","1","2"
"漕河南北二闸","1","1","2"
"元哲增筑山阳","1","1","2"
"哲增筑山阳长","1","1","2"
"增筑山阳长堤","1","1","2"
"筑清江浦南堤","1","1","2"
"总理河漕都御","1","1","2"
"理河漕都御史","1","1","2"
"河漕都御史潘","1","1","2"
"漕都御史潘季","1","1","2"
"清江浦柳浦湾","1","1","2"
"朱家口引清水","1","1","2"
"家口引清水灌","1","1","2"
"改建甘罗城南","1","1","2"
"督漕尚书凌云","1","1","2"
"漕尚书凌云翼","1","1","2"
"永济河四十五","1","1","2"
"济河四十五里","1","1","2"
"漕都御史李世","1","1","2"
"工部郎中陈毓","1","1","2"
"部郎中陈毓贤","1","1","2"
"户部员外范韶","1","1","2"
"运粮千户李显","1","1","2"
"工部郎中许应","1","1","2"
"部郎中许应逵","1","1","2"
"郎中许应逵建","1","1","2"
"中许应逵建议","1","1","2"
"督漕侍郎杨一","1","1","2"
"漕侍郎杨一魁","1","1","2"
"侍郎杨一魁请","1","1","2"
"工部尚书石星","1","1","2"
"马踏湖月河口","1","1","2"
"督漕都御史褚","1","1","2"
"漕都御史褚鈇","1","1","2"
"凤阳巡抚都御","1","1","2"
"阳巡抚都御史","1","1","2"
"抚都御史李三","1","1","2"
"都御史李三才","1","1","2"
"御史李三才建","1","1","2"
"史李三才建议","1","1","2"
"建金门石闸二","1","1","2"
"李家港二百六","1","1","2"
"家港二百六十","1","1","2"
"二百六十馀里","2","0","2"
"李化龙上开李","1","1","2"
"化龙上开李家","1","1","2"
"龙上开李家港","1","1","2"
"漕侍郎陈荐开","1","1","2"
"河侍郎王佐加","1","1","2"
"侍郎王佐加筑","1","1","2"
"郎王佐加筑月","1","1","2"
"王佐加筑月坝","1","1","2"
"淮安知府宋统","1","1","2"
"安知府宋统殷","1","1","2"
"山阳知县练国","1","1","2"
"阳知县练国事","1","1","2"
"淮安正河三十","1","1","2"
"安正河三十年","1","1","2"
"通济月河小闸","1","1","2"
"漕储参政朱国","1","1","2"
"储参政朱国盛","1","1","2"
"令同知宋士中","1","1","2"
"深小河二十里","1","1","2"
"王能庄二十里","1","1","2"
"总河尚书朱光","1","1","2"
"河尚书朱光祚","1","1","2"
"筑王母山前后","1","1","2"
"新沟漾田营堤","1","1","2"
"增筑天妃闸石","1","1","2"
"南旺湖彭口沙","1","1","2"
"仲家浅闸相对","1","1","2"
"复安山湖水柜","1","1","2"
"大将军徐达等","1","1","2"
"将军徐达等备","1","1","2"
"淮安侯华云龙","1","1","2"
"置北平行都司","1","1","2"
"朔州军士白荣","1","1","2"
"州军士白荣请","1","1","2"
"兴州军士范济","1","1","2"
"黑峪口五百五","1","1","2"
"峪口五百五十","1","1","2"
"总兵官方政继","1","1","2"
"宣大巡抚都御","1","1","2"
"大巡抚都御史","1","1","2"
"抚都御史李仪","1","1","2"
"总兵官都指挥","1","1","2"
"延绥总兵官张","1","1","2"
"绥总兵官张杰","1","1","2"
"镇守都督王祯","1","1","2"
"边营堡二十四","1","1","2"
"兵部侍郎滕昭","1","1","2"
"万五千人戍守","1","1","2"
"三边都御史杨","1","1","2"
"边都御史杨一","1","1","2"
"修筑定边营等","1","1","2"
"筑定边营等六","1","1","2"
"边将江彬等幸","2","0","2"
"设太监参将等","1","1","2"
"太监参将等官","1","1","2"
"御史丘养浩请","1","1","2"
"移三边制府镇","1","1","2"
"抚都御史陈讲","1","1","2"
"都御史陈讲请","1","1","2"
"巡按山西御史","1","1","2"
"按山西御史陈","1","1","2"
"山西御史陈豪","1","1","2"
"大学士严嵩窥","1","1","2"
"杀旧阁臣夏言","1","1","2"
"翁万达总督宣","1","1","2"
"三百六十三所","1","1","2"
"务兵部尚书杨","1","1","2"
"寨篱村七十里","1","1","2"
"兵官戚继光总","1","1","2"
"官戚继光总理","1","1","2"
"戚继光总理蓟","1","1","2"
"调浙兵三千人","1","1","2"
"土蛮部落虎炖","1","1","2"
"蛮部落虎炖兔","1","1","2"
"六万六千九百","1","1","2"
"甘肃总兵官蒋","1","1","2"
"肃总兵官蒋贵","1","1","2"
"山西总兵官李","1","1","2"
"西总兵官李谦","1","1","2"
"总兵官李谦请","1","1","2"
"巡抚延绥胡志","1","1","2"
"抚延绥胡志夔","1","1","2"
"延绥胡志夔请","1","1","2"
"抚方逢时等请","1","1","2"
"延绥镇折班银","1","1","2"
"总兵官总镇军","1","1","2"
"江行省平章李","1","1","2"
"行省平章李文","1","1","2"
"省平章李文忠","1","1","2"
"洪武四年十二","1","1","2"
"武四年十二月","1","1","2"
"庆元三府军士","1","1","2"
"夏侯周德兴抽","1","1","2"
"置福建沿海指","1","1","2"
"福建沿海指挥","1","1","2"
"建沿海指挥使","1","1","2"
"沿海指挥使司","1","1","2"
"海指挥使司五","1","1","2"
"造苏州太仓卫","1","1","2"
"苏州太仓卫海","1","1","2"
"山东都司周彦","1","1","2"
"戚魏国公徐辉","1","1","2"
"国公徐辉祖等","1","1","2"
"公徐辉祖等分","1","1","2"
"管福建海道提","1","1","2"
"福建海道提督","1","1","2"
"建海道提督军","1","1","2"
"海道提督军务","1","1","2"
"道提督军务都","1","1","2"
"增设金山参将","1","1","2"
"总督南直军务","1","1","2"
"督南直军务都","1","1","2"
"南直军务都御","1","1","2"
"直军务都御史","1","1","2"
"军务都御史张","1","1","2"
"务都御史张经","1","1","2"
"都御史张经调","1","1","2"
"南京御史屠仲","1","1","2"
"京御史屠仲律","1","1","2"
"金山副总兵调","1","1","2"
"山副总兵调度","1","1","2"
"都御史王询请","1","1","2"
"福建巡抚都御","1","1","2"
"建巡抚都御史","1","1","2"
"巡抚都御史游","1","1","2"
"抚都御史游震","1","1","2"
"镇守尚书薛希","1","1","2"
"广东南澳总兵","1","1","2"
"东南澳总兵官","1","1","2"
"南直巡按御史","1","1","2"
"直巡按御史颜","1","1","2"
"福建巡抚丁继","1","1","2"
"建巡抚丁继嗣","1","1","2"
"海澄团练营土","1","1","2"
"澄团练营土著","1","1","2"
"团练营土著军","1","1","2"
"浙东沿海陈钱","1","1","2"
"设南麂副总兵","1","1","2"
"宽奠参将陆营","1","1","2"
"守备定西侯蒋","1","1","2"
"备定西侯蒋琬","1","1","2"
"择武大臣一人","1","1","2"
"南京都御史白","1","1","2"
"京都御史白昂","1","1","2"
"新江口两班军","1","1","2"
"提督沿江上下","1","1","2"
"狼山副总兵水","1","1","2"
"山副总兵水陆","1","1","2"
"副总兵水陆相","1","1","2"
"操江都御史防","1","1","2"
"南京佥都御史","1","1","2"
"上下南北互相","1","1","2"
"御史宋仪望言","2","0","2"
"京兵部尚书衷","1","1","2"
"兵部尚书衷贞","1","1","2"
"部尚书衷贞吉","1","1","2"
"尚书衷贞吉等","1","1","2"
"延绥巡抚卢祥","1","1","2"
"大同巡抚刘宇","1","1","2"
"同巡抚刘宇请","1","1","2"
"兵部议覆侍郎","1","1","2"
"部议覆侍郎李","1","1","2"
"议覆侍郎李孟","1","1","2"
"覆侍郎李孟旸","1","1","2"
"侍郎李孟旸请","1","1","2"
"兵部侍郎杨潭","1","1","2"
"部尚书杨博请","1","1","2"
"事中张贞观请","1","1","2"
"事中耿随龙请","1","1","2"
"京职方郎中邹","1","1","2"
"职方郎中邹维","1","1","2"
"山西参政徐九","1","1","2"
"西参政徐九翰","1","1","2"
"参政徐九翰尤","1","1","2"
"州县训练土著","1","1","2"
"工部侍郎张慎","1","1","2"
"部侍郎张慎言","1","1","2"
"制鸳鸯阵破倭","2","0","2"
"泉州永春人善","1","1","2"
"筑高家堰旧堤","1","1","2"
"河都御史刘天","1","1","2"
"万历三年三月","1","1","2"
"陵护城石堤二","1","1","2"
"护城石堤二百","1","1","2"
"事中王道成言","2","0","2"
"令河臣疏导堵","1","1","2"
"河臣疏导堵塞","1","1","2"
"尚书舒应龙等","1","1","2"
"书舒应龙等详","1","1","2"
"建武家墩经河","1","1","2"
"武家墩经河闸","1","1","2"
"费县南山谷中","1","1","2"
"接邳州东直河","1","1","2"
"总河侍郎翁大","1","1","2"
"河侍郎翁大立","1","1","2"
"侍郎翁大立请","1","1","2"
"部尚书朱衡请","1","1","2"
"总河都御史万","1","1","2"
"河都御史万恭","1","1","2"
"长五百三十里","1","1","2"
"巡漕御史刘光","1","1","2"
"漕御史刘光国","1","1","2"
"大河口五百三","1","1","2"
"河口五百三十","1","1","2"
"口五百三十里","1","1","2"
"直河上下二百","1","1","2"
"长五百五十丈","1","1","2"
"尚书舒应龙开","1","1","2"
"支河四十五里","1","1","2"
"韩庄渠上接微","1","1","2"
"庄渠上接微山","1","1","2"
"顺流入马家桥","1","1","2"
"长二百四十里","1","1","2"
"致仓皇损坏粮","1","1","2"
"京河山水冲发","1","1","2"
"巡漕御史毛一","1","1","2"
"漕御史毛一鹭","1","1","2"
"总漕尚书杨一","1","1","2"
"总河侍郎周鼎","1","1","2"
"沈阳军士唐顺","1","1","2"
"旧黄河十二里","1","1","2"
"河南参议丰庆","1","1","2"
"南参议丰庆请","1","1","2"
"漕运都督徐恭","1","1","2"
"总督河漕杨一","1","1","2"
"督河漕杨一魁","1","1","2"
"事中常居敬勘","1","1","2"
"泰昌元年十二","1","1","2"
"昌元年十二月","1","1","2"
"馆陶西南五十","1","1","2"
"陶西南五十里","1","1","2"
"固安县贺家口","1","1","2"
"西南张固村河","1","1","2"
"南张固村河口","1","1","2"
"冢村等堤岸二","1","1","2"
"村等堤岸二十","1","1","2"
"等堤岸二十四","1","1","2"
"堤岸二十四处","1","1","2"
"筑三冢村堤口","1","1","2"
"坏临漳杜村西","1","1","2"
"临漳杜村西南","1","1","2"
"漳杜村西南堤","1","1","2"
"分支流入卫河","1","1","2"
"广平大留村十","1","1","2"
"平大留村十八","1","1","2"
"大留村十八里","1","1","2"
"直隶巡按佴祺","1","1","2"
"东南流三十里","1","1","2"
"新乡知县许宣","1","1","2"
"乡知县许宣请","1","1","2"
"督漕都御史王","1","1","2"
"部尚书王直请","1","1","2"
"都察院都事金","1","1","2"
"察院都事金景","1","1","2"
"院都事金景辉","1","1","2"
"漕运总兵官郭","1","1","2"
"曹县知县邹鲁","1","1","2"
"茶陵知州范守","1","1","2"
"陵知州范守己","1","1","2"
"献县郭家口堤","1","1","2"
"巡抚都御史杨","1","1","2"
"抚都御史杨璇","1","1","2"
"白沟三河上源","1","1","2"
"沟三河上源堤","1","1","2"
"三河上源堤岸","1","1","2"
"天津决口八十","1","1","2"
"津决口八十六","1","1","2"
"真定县白马口","1","1","2"
"堤三千九百馀","2","0","2"
"巡按御史傅汉","1","1","2"
"按御史傅汉臣","1","1","2"
"滹沱流经大名","1","1","2"
"朔州马邑雷山","1","1","2"
"都城西四十里","1","1","2"
"城西四十里石","1","1","2"
"西四十里石景","1","1","2"
"四十里石景山","1","1","2"
"都御史李文进","1","1","2"
"高家庄八十里","1","1","2"
"霸州西支河二","1","1","2"
"州西支河二十","1","1","2"
"西支河二十里","1","1","2"
"南支河三十五","1","1","2"
"支河三十五里","1","1","2"
"顺天府尹李庸","1","1","2"
"霸州桑圆里上","1","1","2"
"州桑圆里上下","1","1","2"
"河西务河道浅","1","1","2"
"侍郎李庸修筑","1","1","2"
"卢沟桥小屯厂","1","1","2"
"沟桥小屯厂溃","1","1","2"
"决保定县安州","1","1","2"
"保定县安州堤","1","1","2"
"定县安州堤五","1","1","2"
"县安州堤五十","1","1","2"
"筑龙王庙南石","1","1","2"
"龙王庙南石堤","1","1","2"
"霸州知州蒋恺","1","1","2"
"城北草桥界河","1","1","2"
"理卢沟河堤岸","1","1","2"
"督官军二万人","1","1","2"
"郎中陆时雍言","2","0","2"
"万历十五年九","1","1","2"
"历十五年九月","1","1","2"
"东北海险数千","1","1","2"
"北海险数千里","1","1","2"
"御史方远宜等","1","1","2"
"元时新河石座","1","1","2"
"时新河石座旧","1","1","2"
"新河石座旧迹","1","1","2"
"中间分水岭难","1","1","2"
"京工部尚书刘","1","1","2"
"工部尚书刘应","1","1","2"
"部尚书刘应节","1","1","2"
"山东巡抚李世","1","1","2"
"东巡抚李世达","1","1","2"
"巡抚李世达上","1","1","2"
"古路沟十三里","1","1","2"
"多碙〈石句〉","2","0","2"
"山东巡抚曾樱","1","1","2"
"户部主事邢国","1","1","2"
"部主事邢国玺","1","1","2"
"尚书倪元璐请","1","1","2"
"丞相李善长等","1","1","2"
"参知政事杨宪","1","1","2"
"翰林学士陶安","1","1","2"
"林学士陶安等","1","1","2"
"学士陶安等二","1","1","2"
"士陶安等二十","1","1","2"
"陶安等二十人","1","1","2"
"令一百四十五","1","1","2"
"一百四十五条","1","1","2"
"律二百八十五","1","1","2"
"二百八十五条","1","1","2"
"大理卿周桢等","1","1","2"
"理卿周桢等取","1","1","2"
"诏刑部尚书刘","1","1","2"
"刑部尚书刘惟","1","1","2"
"部尚书刘惟谦","1","1","2"
"尚书刘惟谦详","1","1","2"
"洪武六年冬十","1","1","2"
"武六年冬十一","1","1","2"
"六年冬十一月","1","1","2"
"年冬十一月受","1","1","2"
"冬十一月受诏","1","1","2"
"旧律二百八十","1","1","2"
"律二百八十八","1","1","2"
"二百八十八条","1","1","2"
"御史大夫汪广","1","1","2"
"史大夫汪广洋","1","1","2"
"大夫汪广洋等","1","1","2"
"夫汪广洋等详","1","1","2"
"然律钞本非轻","2","0","2"
"南直隶巡抚王","1","1","2"
"直隶巡抚王恕","1","1","2"
"刑部尚书彭韶","1","1","2"
"部尚书彭韶等","1","1","2"
"行者二百九十","1","1","2"
"者二百九十七","1","1","2"
"二百九十七条","1","1","2"
"保定巡抚王应","1","1","2"
"定巡抚王应鹏","1","1","2"
"条例四十四款","1","1","2"
"诏尚书顾应祥","1","1","2"
"尚书顾应祥等","1","1","2"
"二百四十九条","1","1","2"
"刑部尚书舒化","1","1","2"
"部尚书舒化等","1","1","2"
"宗藩军政条例","1","1","2"
"共三百八十二","1","1","2"
"左都御史詹徽","1","1","2"
"嘉兴通判庞安","1","1","2"
"江西按察使黄","1","1","2"
"西按察使黄翰","1","1","2"
"老幼残疾男妇","2","0","2"
"幼残疾男妇诬","2","0","2"
"残疾男妇诬告","2","0","2"
"俱发北方边卫","2","0","2"
"发北方边卫充","2","0","2"
"北方边卫充军","2","0","2"
"百二十贯枉法","1","1","2"
"都御史李秉援","1","1","2"
"同父异母姊妹","1","1","2"
"辽东巡抚滕照","1","1","2"
"大理少卿王诤","1","1","2"
"律文犯奸条下","1","1","2"
"官吏公私杂犯","1","1","2"
"运炭纳米等项","2","0","2"
"榜例死罪六千","2","0","2"
"例死罪六千贯","2","0","2"
"力者发天寿山","2","0","2"
"者发天寿山种","2","0","2"
"发天寿山种树","2","0","2"
"千四百五十贯","1","1","2"
"应钞二千二百","2","0","2"
"百五十贯递减","1","1","2"
"笞二十银二钱","2","0","2"
"收钞千一百二","2","0","2"
"钞千一百二十","2","0","2"
"巡抚湖广都御","1","1","2"
"抚湖广都御史","1","1","2"
"湖广都御史朱","1","1","2"
"广都御史朱廷","1","1","2"
"都御史朱廷声","1","1","2"
"老幼废疾妇人","2","0","2"
"收钱三百五十","2","0","2"
"一分二厘五毫","1","1","2"
"成化八年定例","1","1","2"
"运囚粮等五项","1","1","2"
"罪囚运米赎罪","1","1","2"
"刑部郎俞士吉","1","1","2"
"万历十三年所","1","1","2"
"依南北籍编排","1","1","2"
"犯死罪免死充","1","1","2"
"死罪免死充军","1","1","2"
"伍后所生子孙","1","1","2"
"后所生子孙替","1","1","2"
"苏州城东鲇鱼","1","1","2"
"州城东鲇鱼口","1","1","2"
"丹阳南二十里","1","1","2"
"京口首尾八百","1","1","2"
"崇山侯李新开","1","1","2"
"德胜新河四十","1","1","2"
"胜新河四十里","1","1","2"
"浙江都司萧华","1","1","2"
"白塔河大桥闸","2","0","2"
"浙江参政胡清","1","1","2"
"尚宝少卿凌信","1","1","2"
"粮储河道都御","1","1","2"
"储河道都御史","1","1","2"
"河道都御史李","1","1","2"
"道都御史李秉","1","1","2"
"督漕都御史臧","1","1","2"
"漕都御史臧凤","1","1","2"
"常州上下里河","1","1","2"
"岁贡生许汝愚","1","1","2"
"贡生许汝愚上","1","1","2"
"陈世宝先后请","1","1","2"
"引长山八十四","1","1","2"
"长山八十四溪","1","1","2"
"辰溪冲入上湖","1","1","2"
"武进横林漕河","1","1","2"
"太常少卿姜志","1","1","2"
"常少卿姜志礼","1","1","2"
"少卿姜志礼建","1","1","2"
"入仪真通江闸","1","1","2"
"密云县雾灵山","1","1","2"
"宛平昌平西湖","1","1","2"
"青龙华家瓮山","1","1","2"
"龙华家瓮山三","1","1","2"
"流水河口一百","1","1","2"
"水河口一百里","1","1","2"
"漕运总兵官杨","1","1","2"
"运总兵官杨茂","1","1","2"
"旧通惠河石闸","1","1","2"
"入城内海子湾","1","1","2"
"过白羊口山沟","1","1","2"
"大通桥闸河随","1","1","2"
"副都御史李裕","1","1","2"
"张家湾浑河口","1","1","2"
"家湾浑河口六","1","1","2"
"湾浑河口六十","1","1","2"
"旧小河废坝西","1","1","2"
"改建通州西水","1","1","2"
"建通州西水关","1","1","2"
"留督工郎中何","1","1","2"
"督工郎中何栋","1","1","2"
"工郎中何栋专","1","1","2"
"大河卫百户闵","1","1","2"
"河卫百户闵恭","1","1","2"
"总兵都督宋胜","1","1","2"
"巡按御史李敏","1","1","2"
"运粮指挥王瓒","1","1","2"
"巩华城外安济","1","1","2"
"华城外安济桥","1","1","2"
"侯朱寿先后转","1","1","2"
"运粮四十九万","1","1","2"
"减登州卫海船","1","1","2"
"布花钞锭十二","1","1","2"
"花钞锭十二万","1","1","2"
"中间平度州东","1","1","2"
"间平度州东南","1","1","2"
"南北新河一道","1","1","2"
"元时建闸直达","1","1","2"
"时建闸直达安","1","1","2"
"辽东巡抚侯汝","1","1","2"
"东巡抚侯汝谅","1","1","2"
"天巡抚耿随朝","1","1","2"
"四百二十六里","1","1","2"
"山东巡抚梁梦","1","1","2"
"东巡抚梁梦龙","1","1","2"
"巡抚梁梦龙极","1","1","2"
"天津三千三百","1","1","2"
"津三千三百里","1","1","2"
"漕粮十二万石","1","1","2"
"千三百九十里","1","1","2"
"金州六七百里","1","1","2"
"顺风扬帆一二","1","1","2"
"风扬帆一二日","1","1","2"
"山东巡抚李长","1","1","2"
"东巡抚李长庚","1","1","2"
"巡抚李长庚奏","1","1","2"
"部侍郎一人督","1","1","2"
"崇明人沈廷扬","1","1","2"
"廷扬户部郎中","1","1","2"
"督漕侍郎朱大","1","1","2"
"漕侍郎朱大典","1","1","2"
"侍郎朱大典所","1","1","2"
"漕运总兵官万","1","1","2"
"运总兵官万表","1","1","2"
"右五军都督府","1","1","2"
"二十万七千八","1","1","2"
"十万七千八百","1","1","2"
"什物上直官军","2","0","2"
"左右二十队勇","1","1","2"
"右二十队勇字","1","1","2"
"二十队勇字旗","1","1","2"
"大驾旗纛金鼓","1","1","2"
"五军红盔贴直","1","1","2"
"军红盔贴直军","1","1","2"
"护卫马队官军","1","1","2"
"一等军十四万","1","1","2"
"命都御史马文","1","1","2"
"二日走阵下营","2","0","2"
"时尚书刘大夏","1","1","2"
"尚书刘大夏陈","1","1","2"
"户部主事李梦","1","1","2"
"部主事李梦阳","1","1","2"
"事中王良佐奉","1","1","2"
"尚书丁汝夔核","1","1","2"
"吏部侍郎王邦","1","1","2"
"部侍郎王邦瑞","1","1","2"
"左右前后参将","1","1","2"
"右前后参将四","1","1","2"
"五军营一百九","1","1","2"
"军营一百九十","1","1","2"
"营一百九十六","1","1","2"
"神机营一百八","1","1","2"
"机营一百八十","1","1","2"
"营一百八十二","1","1","2"
"共五百八十六","1","1","2"
"兵六万八千人","1","1","2"
"学士赵贞吉请","1","1","2"
"成祖分府分营","1","1","2"
"巡视京营科臣","1","1","2"
"视京营科臣林","1","1","2"
"京营科臣林景","1","1","2"
"营科臣林景旸","1","1","2"
"科臣林景旸请","1","1","2"
"协理侍郎朱光","1","1","2"
"理侍郎朱光祚","1","1","2"
"戎政侍郎李邦","1","1","2"
"政侍郎李邦华","1","1","2"
"问戎政侍郎王","1","1","2"
"戎政侍郎王家","1","1","2"
"政侍郎王家彦","1","1","2"
"襄城伯李国祯","1","1","2"
"京兵部尚书参","1","1","2"
"令守备参赞官","1","1","2"
"侍郎黄懋官抑","1","1","2"
"直副总兵刘显","1","1","2"
"参赞尚书潘季","1","1","2"
"赞尚书潘季驯","1","1","2"
"三千一百二十","1","1","2"
"设南中军标营","1","1","2"
"南北镇抚司十","1","1","2"
"北镇抚司十四","1","1","2"
"置勋卫散骑舍","1","1","2"
"府军前卫带刀","2","0","2"
"军前卫带刀官","2","0","2"
"锦衣卫大汉将","1","1","2"
"衣卫大汉将军","1","1","2"
"卫大汉将军一","1","1","2"
"大汉将军一千","1","1","2"
"汉将军一千五","1","1","2"
"将军一千五百","1","1","2"
"营红盔将军二","1","1","2"
"红盔将军二千","1","1","2"
"盔将军二千五","1","1","2"
"将军二千五百","1","1","2"
"明甲将军五百","1","1","2"
"叉刀围子手三","1","1","2"
"刀围子手三千","1","1","2"
"旗手等卫带刀","1","1","2"
"手等卫带刀官","1","1","2"
"等卫带刀官一","1","1","2"
"卫带刀官一百","1","1","2"
"带刀官一百八","1","1","2"
"刀官一百八十","1","1","2"
"御马监家将勇","1","1","2"
"马监家将勇士","1","1","2"
"令大汉将军试","1","1","2"
"前总制亲兵都","1","1","2"
"总制亲兵都指","1","1","2"
"制亲兵都指挥","1","1","2"
"亲兵都指挥使","1","1","2"
"左右前后中五","1","1","2"
"皇城守卫官军","1","1","2"
"铜令申字牌巡","1","1","2"
"内皇城卫舍四","1","1","2"
"皇城卫舍四十","1","1","2"
"外皇城卫舍七","1","1","2"
"皇城卫舍七十","1","1","2"
"城卫舍七十二","1","1","2"
"内皇城左右坐","1","1","2"
"皇城左右坐更","1","1","2"
"城左右坐更将","1","1","2"
"左右坐更将军","1","1","2"
"四门走更官八","1","1","2"
"置亲军指挥使","1","1","2"
"置五城兵马司","1","1","2"
"兵部左侍郎专","1","1","2"
"万一千七百八","1","1","2"
"一千七百八十","1","1","2"
"千七百八十人","1","1","2"
"选四卫勇士隶","1","1","2"
"千三百三十人","1","1","2"
"三千六百四十","1","1","2"
"七千二百四十","1","1","2"
"提督内臣曹化","1","1","2"
"督内臣曹化淳","1","1","2"
"望见黑虎头军","1","1","2"
"洪武三年十一","1","1","2"
"武三年十一月","1","1","2"
"四万七千九百","1","1","2"
"事中潘庸等分","1","1","2"
"中潘庸等分行","1","1","2"
"兵部尚书俞纶","1","1","2"
"兴州左屯卫军","1","1","2"
"富峪卫百户钱","1","1","2"
"峪卫百户钱兴","1","1","2"
"郎黄宗载等清","1","1","2"
"黄宗载等清理","1","1","2"
"千二百三十九","1","1","2"
"二百三十九人","1","1","2"
"抚侍郎周忱清","1","1","2"
"侍郎周忱清理","1","1","2"
"山西巡抚李侃","1","1","2"
"御史十一人分","1","1","2"
"史十一人分道","1","1","2"
"十一人分道清","1","1","2"
"兵部尚书胡世","1","1","2"
"阳巡抚王世贞","1","1","2"
"京兵部尚书郭","1","1","2"
"兵部尚书郭应","1","1","2"
"部尚书郭应聘","1","1","2"
"上虞人李志道","1","1","2"
"虞人李志道充","1","1","2"
"军士分三等赏","1","1","2"
"选护卫军五千","1","1","2"
"尚书马文升申","1","1","2"
"书马文升申明","1","1","2"
"令提督坐营官","1","1","2"
"提督坐营官操","1","1","2"
"督坐营官操练","1","1","2"
"教练军士分数","1","1","2"
"浙江参将戚继","1","1","2"
"江参将戚继光","1","1","2"
"沿海卫所指挥","1","1","2"
"军士水陆擒杀","1","1","2"
"营中擒获奸细","1","1","2"
"定军官部下斩","1","1","2"
"万历十二年更","1","1","2"
"宣府总兵官谭","1","1","2"
"府总兵官谭广","1","1","2"
"巡关侍郎江潮","1","1","2"
"真定藏都督平","1","1","2"
"定藏都督平安","1","1","2"
"藏都督平安火","1","1","2"
"都督平安火伞","1","1","2"
"延绥参将房能","1","1","2"
"总督军务翁万","1","1","2"
"督军务翁万达","1","1","2"
"学士徐光启请","1","1","2"
"夺门将军大小","1","1","2"
"门将军大小二","1","1","2"
"将军大小二样","1","1","2"
"连珠佛郎机炮","1","1","2"
"火兽布地雷炮","1","1","2"
"一窝锋神机箭","1","1","2"
"大中小佛郎机","1","1","2"
"中小佛郎机铜","1","1","2"
"军资器械名目","1","1","2"
"资器械名目繁","1","1","2"
"刀牌甲士共十","1","1","2"
"牌甲士共十人","1","1","2"
"兰州守备李进","1","1","2"
"吏部郎中李贤","1","1","2"
"车前后占地五","1","1","2"
"前后占地五步","1","1","2"
"三百七十五人","1","1","2"
"甘肃总兵官王","1","1","2"
"肃总兵官王玺","1","1","2"
"大总督余子俊","1","1","2"
"献先锋霹雳车","1","1","2"
"十二路二千里","1","1","2"
"辽东巡抚魏学","1","1","2"
"东巡抚魏学曾","1","1","2"
"隶巡按御史易","1","1","2"
"巡按御史易应","1","1","2"
"按御史易应昌","1","1","2"
"御史易应昌进","1","1","2"
"户部主事曹履","1","1","2"
"部主事曹履吉","1","1","2"
"主事曹履吉所","1","1","2"
"事曹履吉所制","1","1","2"
"十装标号软风","1","1","2"
"直隶应天等府","1","1","2"
"应天等六府二","1","1","2"
"天等六府二州","1","1","2"
"北方人户五丁","1","1","2"
"方人户五丁养","1","1","2"
"人户五丁养一","1","1","2"
"太仆寺常盈库","1","1","2"
"太仆少卿彭礼","1","1","2"
"定两京太仆种","1","1","2"
"两京太仆种马","1","1","2"
"荐南京太常卿","1","1","2"
"南京太常卿杨","1","1","2"
"京太常卿杨一","1","1","2"
"太常卿杨一清","1","1","2"
"安定水泉便利","1","1","2"
"三万二千五百","1","1","2"
"十三万三千七","1","1","2"
"三万三千七百","1","1","2"
"三千七百余顷","1","1","2"
"荒地十二万八","1","1","2"
"地十二万八千","1","1","2"
"地二千九百余","1","1","2"
"二千九百余顷","1","1","2"
"延绥三十六营","1","1","2"
"提督四夷馆太","1","1","2"
"督四夷馆太常","1","1","2"
"四夷馆太常少","1","1","2"
"夷馆太常少卿","1","1","2"
"馆太常少卿武","1","1","2"
"太常少卿武金","1","1","2"
"河南十二万匹","1","1","2"
"寺卿罗应鹤请","1","1","2"
"辽东督师袁崇","1","1","2"
"东督师袁崇焕","1","1","2"
"两京州县寄养","1","1","2"
"京州县寄养马","1","1","2"
"州县寄养马内","1","1","2"
"太仆卿涂国鼎","1","1","2"
"兵部主事汤冕","1","1","2"
"内外藩封将帅","1","1","2"
"置中都留守司","1","1","2"
"云南都指挥使","1","1","2"
"南都指挥使司","1","1","2"
"内外卫所军士","1","1","2"
"升燕山三护卫","1","1","2"
"山西行都司所","1","1","2"
"西行都司所属","1","1","2"
"定卫所屯守军","1","1","2"
"卫所屯守军士","1","1","2"
"内外卫四百九","1","1","2"
"外卫四百九十","1","1","2"
"卫四百九十三","1","1","2"
"守御屯田群牧","1","1","2"
"御屯田群牧千","1","1","2"
"屯田群牧千户","1","1","2"
"田群牧千户所","1","1","2"
"群牧千户所三","1","1","2"
"牧千户所三百","1","1","2"
"千户所三百五","1","1","2"
"户所三百五十","1","1","2"
"所三百五十九","1","1","2"
"仪卫司三十三","1","1","2"
"亲军上二十二","1","1","2"
"军上二十二卫","1","1","2"
"长陵等十五卫","1","1","2"
"永乐十三年诏","1","1","2"
"允成国公朱勇","1","1","2"
"御史鲍象贤请","1","1","2"
"丰城侯李熙核","1","1","2"
"职方主事沈朝","1","1","2"
"方主事沈朝焕","1","1","2"
"事中宋一韩争","1","1","2"
"顺天巡抚都御","1","1","2"
"巡抚都御史刘","1","1","2"
"抚都御史刘曰","1","1","2"
"都御史刘曰梧","1","1","2"
"兵部右侍郎专","1","1","2"
"九百八十七处","1","1","2"
"登州蓬莱阁河","1","1","2"
"年筑海盐海塘","2","0","2"
"二万三千九百","1","1","2"
"夫二十五万人","1","1","2"
"临海横山岭水","1","1","2"
"海横山岭水闸","1","1","2"
"四千三百馀丈","2","0","2"
"沙子河胭脂坝","1","1","2"
"子河胭脂坝四","1","1","2"
"河胭脂坝四千","1","1","2"
"胭脂坝四千三","1","1","2"
"脂坝四千三百","1","1","2"
"夫三十五万九","1","1","2"
"三十五万九千","1","1","2"
"御史严震直烧","1","1","2"
"安陆京山汉水","1","1","2"
"夏县古河决口","1","1","2"
"县古河决口三","1","1","2"
"古河决口三十","1","1","2"
"昆山葫芦等河","1","1","2"
"上海南仓浦口","1","1","2"
"常熟白茆港径","1","1","2"
"泰兴沿江圩岸","1","1","2"
"武陟马田堤岸","1","1","2"
"浚苏州千墩浦","1","1","2"
"温县驮坞村堤","1","1","2"
"鹰扬卫乌江屯","1","1","2"
"扬卫乌江屯江","1","1","2"
"卫乌江屯江岸","1","1","2"
"山阳运盐河十","1","1","2"
"阳运盐河十八","1","1","2"
"运盐河十八里","1","1","2"
"修筑宣城十九","1","1","2"
"丰城穆湖圩岸","1","1","2"
"石首临江万石","1","1","2"
"首临江万石堤","1","1","2"
"常熟福山塘三","1","1","2"
"熟福山塘三十","1","1","2"
"福山塘三十六","1","1","2"
"山塘三十六里","1","1","2"
"浚浙江平阳县","1","1","2"
"浙江平阳县河","1","1","2"
"安陆州渲马滩","1","1","2"
"筑泰兴拦江堤","1","1","2"
"汝阳汝河堤岸","1","1","2"
"安陆京山景陵","1","1","2"
"陆京山景陵圩","1","1","2"
"监利车水堤四","1","1","2"
"利车水堤四千","1","1","2"
"车水堤四千四","1","1","2"
"水堤四千四百","1","1","2"
"高安华陂屯陂","1","1","2"
"安华陂屯陂堤","1","1","2"
"筑直隶新城张","1","1","2"
"直隶新城张村","1","1","2"
"隶新城张村等","1","1","2"
"筑新会圩岸二","1","1","2"
"安州直亭等河","1","1","2"
"堤决口四十六","1","1","2"
"北京行太仆卿","1","1","2"
"京行太仆卿杨","1","1","2"
"行太仆卿杨砥","1","1","2"
"天津等卫屯田","1","1","2"
"文安二县河口","1","1","2"
"应天新河圩岸","1","1","2"
"海州官河二百","1","1","2"
"州官河二百四","1","1","2"
"官河二百四十","1","1","2"
"河二百四十里","1","1","2"
"南京羽林右卫","1","1","2"
"京羽林右卫刁","1","1","2"
"羽林右卫刁家","1","1","2"
"林右卫刁家圩","1","1","2"
"右卫刁家圩屯","1","1","2"
"卫刁家圩屯田","1","1","2"
"刁家圩屯田堤","1","1","2"
"昆山千墩等河","1","1","2"
"长洲十八都港","1","1","2"
"洲十八都港汊","1","1","2"
"文谷山常稔渠","1","1","2"
"谷山常稔渠分","1","1","2"
"浙江归安知县","1","1","2"
"江归安知县华","1","1","2"
"归安知县华嵩","1","1","2"
"灌县都江等堰","1","1","2"
"县都江等堰四","1","1","2"
"都江等堰四十","1","1","2"
"江等堰四十四","1","1","2"
"按江西御史许","1","1","2"
"江西御史许胜","1","1","2"
"南昌瑞河两岸","1","1","2"
"昌瑞河两岸低","1","1","2"
"丰城安沙绳湾","1","1","2"
"城安沙绳湾圩","1","1","2"
"安沙绳湾圩岸","1","1","2"
"沙绳湾圩岸三","1","1","2"
"绳湾圩岸三千","1","1","2"
"湾圩岸三千六","1","1","2"
"圩岸三千六百","1","1","2"
"中书舍人陆伯","1","1","2"
"书舍人陆伯伦","1","1","2"
"常熟七浦塘东","1","1","2"
"熟七浦塘东西","1","1","2"
"献县柳林口堤","1","1","2"
"县柳林口堤岸","1","1","2"
"巡抚侍郎成均","1","1","2"
"嵌土岸二千四","1","1","2"
"土岸二千四百","1","1","2"
"溧水永丰圩周","1","1","2"
"水永丰圩周围","1","1","2"
"永丰圩周围八","1","1","2"
"丰圩周围八十","1","1","2"
"眉州新津通济","1","1","2"
"州新津通济堰","1","1","2"
"流入五星湖转","1","1","2"
"镇守都司李谦","1","1","2"
"巡按御史徐杰","1","1","2"
"湖广偏桥卫高","1","1","2"
"陕西西安灞桥","1","1","2"
"西西安灞桥河","1","1","2"
"泰兴顺德乡三","1","1","2"
"潞州永禄等沟","1","1","2"
"州永禄等沟渠","1","1","2"
"永禄等沟渠二","1","1","2"
"禄等沟渠二十","1","1","2"
"等沟渠二十八","1","1","2"
"容城杜村口堤","1","1","2"
"宁夏巡抚都御","1","1","2"
"夏巡抚都御史","1","1","2"
"巡抚都御史金","1","1","2"
"抚都御史金濂","1","1","2"
"南京上中下新","1","1","2"
"京上中下新河","1","1","2"
"济川卫新江口","1","1","2"
"川卫新江口防","1","1","2"
"卫新江口防水","1","1","2"
"江米巷玉河桥","1","1","2"
"芜湖陶辛圩新","1","1","2"
"高邮知州韩简","1","1","2"
"官河上下二闸","1","1","2"
"萧山长山浦海","1","1","2"
"筑南京浦子口","1","1","2"
"兰溪卸桥浦口","1","1","2"
"溪卸桥浦口堤","1","1","2"
"德州耿家湾等","1","1","2"
"接苏州苑山湖","1","1","2"
"苏州苑山湖塘","1","1","2"
"连城湖港廖家","1","1","2"
"城湖港廖家口","1","1","2"
"通州金沙场八","1","1","2"
"州金沙场八里","1","1","2"
"金沙场八里河","1","1","2"
"北十八里通流","1","1","2"
"入直沽张家湾","1","1","2"
"平度州大湾口","1","1","2"
"度州大湾口河","1","1","2"
"州大湾口河道","1","1","2"
"浙江听选官王","1","1","2"
"江听选官王信","1","1","2"
"诸暨七十二湖","1","1","2"
"灌溉降福等七","1","1","2"
"溉降福等七十","1","1","2"
"筑丹阳甘露等","1","1","2"
"永嘉三十六都","1","1","2"
"嘉三十六都河","1","1","2"
"绵州西岔河通","1","1","2"
"浚江阴顺塘河","1","1","2"
"江阴顺塘河十","1","1","2"
"接永利仓大河","1","1","2"
"云南总兵官沐","1","1","2"
"南总兵官沐璘","1","1","2"
"容城白沟河杜","1","1","2"
"城白沟河杜村","1","1","2"
"白沟河杜村口","1","1","2"
"龙首渠引水七","1","1","2"
"首渠引水七十","1","1","2"
"渠引水七十里","1","1","2"
"邳州知州孟琳","1","1","2"
"浚杭州钱塘门","1","1","2"
"巡抚都御史牟","1","1","2"
"抚都御史牟俸","1","1","2"
"巡按御史许进","1","1","2"
"提督水利分司","1","1","2"
"督水利分司一","1","1","2"
"水利分司一员","1","1","2"
"利分司一员随","1","1","2"
"分司一员随时","1","1","2"
"司一员随时修","1","1","2"
"南京内外河道","1","1","2"
"浚云南东西二","1","1","2"
"云南东西二沟","1","1","2"
"松华坝黑龙潭","1","1","2"
"西南柳坝南村","1","1","2"
"隘口水门四十","1","1","2"
"口水门四十九","1","1","2"
"嘉兴等六府海","1","1","2"
"兴等六府海田","1","1","2"
"等六府海田堤","1","1","2"
"六府海田堤岸","1","1","2"
"南京中下二新","1","1","2"
"京中下二新河","1","1","2"
"抚都御史丘鼐","1","1","2"
"南阳召公等渠","1","1","2"
"令苏州通判张","1","1","2"
"令浙江参政周","1","1","2"
"浙江参政周季","1","1","2"
"江参政周季麟","1","1","2"
"参政周季麟修","1","1","2"
"嘉兴旧堤三十","1","1","2"
"湖州长兴堤岸","1","1","2"
"州长兴堤岸七","1","1","2"
"长兴堤岸七十","1","1","2"
"开吴淞江大石","2","0","2"
"白茆港白鱼洪","1","1","2"
"灵州金积山河","1","1","2"
"浚南京新江口","1","1","2"
"南京新江口右","1","1","2"
"应天等卫屯田","1","1","2"
"工部郎中陆时","1","1","2"
"部郎中陆时雍","1","1","2"
"太仆卿何栋勘","1","1","2"
"抚都御史周金","1","1","2"
"宋转运使王纯","1","1","2"
"转运使王纯臣","1","1","2"
"平原流入江海","1","1","2"
"巡抚欧阳必进","1","1","2"
"总督尚书杨博","1","1","2"
"督尚书杨博请","1","1","2"
"巡抚都御史翁","1","1","2"
"抚都御史翁大","1","1","2"
"七浦等处造成","1","1","2"
"浦等处造成石","1","1","2"
"等处造成石闸","1","1","2"
"参政凌云翼请","1","1","2"
"巡抚都御史海","1","1","2"
"抚都御史海瑞","1","1","2"
"都御史海瑞疏","1","1","2"
"宋家桥长八十","1","1","2"
"家桥长八十里","1","1","2"
"抚都御史宋仪","1","1","2"
"巡抚都御史胡","1","1","2"
"抚都御史胡执","1","1","2"
"都御史胡执礼","1","1","2"
"御史胡执礼请","1","1","2"
"前都御史海瑞","1","1","2"
"都御史海瑞力","1","1","2"
"上海江口宋家","1","1","2"
"海江口宋家桥","1","1","2"
"昆山慢水港六","1","1","2"
"山慢水港六十","1","1","2"
"一二洞门通水","1","1","2"
"松江大黄浦西","1","1","2"
"江大黄浦西南","1","1","2"
"筑上海李家洪","1","1","2"
"上海李家洪老","1","1","2"
"海李家洪老鸦","1","1","2"
"李家洪老鸦嘴","1","1","2"
"家洪老鸦嘴海","1","1","2"
"洪老鸦嘴海岸","1","1","2"
"老鸦嘴海岸十","1","1","2"
"鸦嘴海岸十八","1","1","2"
"嘴海岸十八里","1","1","2"
"塘浦支河分流","1","1","2"
"巡按御史薛贞","1","1","2"
"员外郎蔡懋德","1","1","2"
"抚都御史李待","1","1","2"
"都御史李待问","1","1","2"
"御史张国维请","1","1","2"
"江长桥七十二","1","1","2"
"尚宝少卿徐贞","1","1","2"
"宝少卿徐贞明","1","1","2"
"坐收芦苇薪刍","1","1","2"
"抚都御史梁问","1","1","2"
"都御史梁问孟","1","1","2"
"保定巡抚都御","1","1","2"
"定巡抚都御史","1","1","2"
"巡抚都御史汪","1","1","2"
"抚都御史汪应","1","1","2"
"都御史汪应蛟","1","1","2"
"真定知府郭勉","1","1","2"
"通判卢观象管","1","1","2"
"判卢观象管理","1","1","2"
"卢观象管理屯","1","1","2"
"观象管理屯田","1","1","2"
"象管理屯田水","1","1","2"
"管理屯田水利","1","1","2"
"巡按御史张慎","1","1","2"
"按御史张慎言","1","1","2"
"太仆卿董应举","1","1","2"
"仆卿董应举管","1","1","2"
"河长一百九十","1","1","2"
"长一百九十四","1","1","2"
"文皇帝始置内","1","1","2"
"皇帝始置内阁","1","1","2"
"御史刘天衢等","1","1","2"
"赠吏部右侍郎","1","1","2"
"时员外郎贺灿","1","1","2"
"御史朱吾弼相","1","1","2"
"史朱吾弼相继","1","1","2"
"代刘东星管理","1","1","2"
"刘东星管理河","1","1","2"
"东星管理河道","1","1","2"
"弘治十三年卒","1","1","2"
"赠南京礼部右","1","1","2"
"后赠奉直大夫","1","1","2"
"国子生授夔州","1","1","2"
"子生授夔州通","1","1","2"
"生授夔州通判","1","1","2"
"良世居金华九","1","1","2"
"世居金华九灵","1","1","2"
"居金华九灵山","1","1","2"
"金华九灵山下","1","1","2"
"四方文学士朱","1","1","2"
"方文学士朱右","1","1","2"
"监军参议王维","1","1","2"
"军参议王维新","1","1","2"
"滋阳知县郝芳","1","1","2"
"阳知县郝芳声","1","1","2"
"事中范淑泰等","1","1","2"
"孟三氏教授司","1","1","2"
"孟大宗子孙徭","1","1","2"
"大宗子孙徭役","1","1","2"
"辽东妖贼陆雄","1","1","2"
"授四川兴文知","1","1","2"
"四川兴文知县","1","1","2"
"知州翁登彦固","1","1","2"
"州翁登彦固守","1","1","2"
"总兵官许成名","1","1","2"
"左金王等十三","1","1","2"
"金王等十三部","1","1","2"
"王等十三部西","1","1","2"
"等十三部西窥","1","1","2"
"十三部西窥潼","1","1","2"
"三部西窥潼关","1","1","2"
"永福充总兵官","1","1","2"
"操江都御史熊","1","1","2"
"江都御史熊明","1","1","2"
"保定巡抚张凤","1","1","2"
"定巡抚张凤翔","1","1","2"
"兵部侍郎萧近","1","1","2"
"部侍郎萧近高","1","1","2"
"三千人守西平","1","1","2"
"遣游击常怀德","1","1","2"
"参政戴君恩斩","1","1","2"
"都司贺思贤斩","1","1","2"
"巡检罗圣楚斩","1","1","2"
"参政张伯鲸斩","1","1","2"
"守备阎士衡斩","1","1","2"
"守备郭金城斩","1","1","2"
"游击罗世勋斩","1","1","2"
"置回回司天监","1","1","2"
"礼部员外郎郑","1","1","2"
"部员外郎郑善","1","1","2"
"员外郎郑善夫","1","1","2"
"相差二十六度","1","1","2"
"应五十五日六","1","1","2"
"五十五日六十","1","1","2"
"十五日六十刻","1","1","2"
"五日六十刻八","1","1","2"
"日六十刻八十","1","1","2"
"六十刻八十九","1","1","2"
"十刻八十九分","1","1","2"
"律总旬周六十","1","1","2"
"总旬周六十日","1","1","2"
"周应二百三十","1","1","2"
"应二百三十八","1","1","2"
"二百三十八度","1","1","2"
"百三十八度二","1","1","2"
"三十八度二十","1","1","2"
"十八度二十二","1","1","2"
"八度二十二分","1","1","2"
"度二十二分三","1","1","2"
"二十二分三十","1","1","2"
"十二分三十九","1","1","2"
"二分三十九秒","1","1","2"
"转差一日九十","1","1","2"
"日食交外限六","1","1","2"
"食交外限六度","1","1","2"
"土星二百六十","1","1","2"
"星二百六十二","1","1","2"
"二百六十二日","1","1","2"
"百六十二日三","1","1","2"
"六十二日三千","1","1","2"
"木星三百一十","1","1","2"
"一千八百三十","1","1","2"
"千八百三十七","1","1","2"
"八百三十七分","1","1","2"
"火星三百四十","1","1","2"
"星三百四十三","1","1","2"
"三百四十三日","1","1","2"
"百四十三日五","1","1","2"
"四十三日五千","1","1","2"
"十三日五千一","1","1","2"
"三日五千一百","1","1","2"
"日五千一百七","1","1","2"
"五千一百七十","1","1","2"
"千一百七十六","1","1","2"
"一百七十六分","1","1","2"
"八千三百四十","1","1","2"
"三百四十七分","1","1","2"
"水星九十一日","1","1","2"
"星九十一日七","1","1","2"
"六百二十八分","1","1","2"
"土星八千六百","1","1","2"
"四日五千三百","1","1","2"
"日五千三百三","1","1","2"
"千三百三十八","1","1","2"
"三百三十八分","1","1","2"
"一十八日六千","1","1","2"
"火星三百一十","1","1","2"
"星三百一十四","1","1","2"
"三百一十四日","1","1","2"
"金星六十日一","1","1","2"
"星六十日一千","1","1","2"
"六十日一千九","1","1","2"
"十日一千九百","1","1","2"
"日一千九百七","1","1","2"
"一千九百七十","1","1","2"
"千九百七十五","1","1","2"
"九百七十五分","1","1","2"
"水星二百五十","1","1","2"
"星二百五十三","1","1","2"
"二百五十三日","1","1","2"
"百五十三日七","1","1","2"
"五十三日七千","1","1","2"
"十三日七千四","1","1","2"
"三日七千四百","1","1","2"
"日七千四百九","1","1","2"
"七千四百九十","1","1","2"
"千四百九十七","1","1","2"
"四百九十七分","1","1","2"
"九月初四昏初","1","1","2"
"乙亥丙子七政","1","1","2"
"亥丙子七政行","1","1","2"
"丙子七政行度","1","1","2"
"子七政行度历","1","1","2"
"参订历法条议","1","1","2"
"水二星顺伏纬","1","1","2"
"二月十四日高","1","1","2"
"月十四日高五","1","1","2"
"十四日高五十","1","1","2"
"四日高五十度","1","1","2"
"日高五十度八","1","1","2"
"高五十度八分","1","1","2"
"十五日高五十","1","1","2"
"五日高五十度","1","1","2"
"日高五十度三","1","1","2"
"高五十度三十","1","1","2"
"城兵马指挥使","1","1","2"
"兵马指挥使官","1","1","2"
"都御史萧维桢","1","1","2"
"御史萧维桢附","1","1","2"
"史萧维桢附会","1","1","2"
"萧维桢附会徐","1","1","2"
"皇太子妃受册","1","1","2"
"皇太子同日传","1","1","2"
"太子同日传制","1","1","2"
"仲吕下生黄钟","1","1","2"
"礼部尚书黄汝","1","1","2"
"部尚书黄汝良","1","1","2"
"尚书黄汝良进","1","1","2"
"楼船龙虎纵横","1","1","2"
"露宿宵征鞍马","1","1","2"
"历尽风霜冰雪","1","1","2"
"俗名中管仙吕","1","1","2"
"百花圣朝队舞","1","1","2"
"云生缭绕凤楼","1","1","2"
"刑四部堂上官","1","1","2"
"工二部堂上官","1","1","2"
"察院堂上官一","1","1","2"
"六部郎官共五","1","1","2"
"部郎官共五十","1","1","2"
"郎官共五十四","1","1","2"
"赐功臣李善长","1","1","2"
"太宗创业受命","1","1","2"
"称孝玄孙皇帝","1","1","2"
"改称孝曾孙嗣","1","1","2"
"称孝曾孙嗣皇","1","1","2"
"孝曾孙嗣皇帝","1","1","2"
"上高皇帝尊号","1","1","2"
"加上高皇后尊","1","1","2"
"上高皇后尊号","1","1","2"
"纠仪御史二人","1","1","2"
"汉宣帝五日一","1","1","2"
"六部都察院堂","1","1","2"
"部都察院堂上","1","1","2"
"十三道掌印御","1","1","2"
"三道掌印御史","1","1","2"
"后见父母行家","1","1","2"
"见父母行家人","1","1","2"
"父母行家人礼","1","1","2"
"皇太子见皇后","1","1","2"
"太子见皇后父","1","1","2"
"子见皇后父母","1","1","2"
"百官受赐宴飨","1","1","2"
"坤宁宫设仪仗","1","1","2"
"顺二年正月奉","1","1","2"
"二年正月奉皇","1","1","2"
"年正月奉皇太","1","1","2"
"正月奉皇太后","1","1","2"
"谨奉仁祖淳皇","1","1","2"
"奉仁祖淳皇帝","1","1","2"
"祖淳皇帝配享","1","1","2"
"溧水县祭社稷","1","1","2"
"护坛地一百亩","1","1","2"
"护坛地三十六","1","1","2"
"坛地三十六亩","1","1","2"
"亲蚕厂公桑园","1","1","2"
"燕南燕蓟山川","1","1","2"
"旗纛战船等神","1","1","2"
"增修大祀殿诸","1","1","2"
"修大祀殿诸神","1","1","2"
"基运翊圣神烈","1","1","2"
"运翊圣神烈天","1","1","2"
"翊圣神烈天寿","1","1","2"
"圣神烈天寿纯","1","1","2"
"神烈天寿纯德","1","1","2"
"烈天寿纯德五","1","1","2"
"天寿纯德五陵","1","1","2"
"寿纯德五陵山","1","1","2"
"设周天星辰位","1","1","2"
"广西附祭安南","1","1","2"
"广东附祭三佛","1","1","2"
"东附祭三佛齐","1","1","2"
"福建附祭日本","1","1","2"
"辽东附祭高丽","1","1","2"
"陕西附祭甘肃","1","1","2"
"察司民城隍灵","1","1","2"
"司民城隍灵佑","1","1","2"
"民城隍灵佑侯","1","1","2"
"察司民城隍显","1","1","2"
"司民城隍显佑","1","1","2"
"民城隍显佑伯","1","1","2"
"奉孝惠邵太后","1","1","2"
"祀蒙城王妃田","1","1","2"
"蒙城王妃田氏","1","1","2"
"盱眙王妃唐氏","1","1","2"
"定配享功臣常","1","1","2"
"配享功臣常遇","1","1","2"
"享功臣常遇春","1","1","2"
"奉皇师伏羲氏","1","1","2"
"先贤澹台灭明","1","1","2"
"司府州县卫学","1","1","2"
"大将中营建纛","1","1","2"
"改称汉前将军","1","1","2"
"称汉前将军汉","1","1","2"
"汉前将军汉寿","1","1","2"
"前将军汉寿亭","1","1","2"
"将军汉寿亭侯","1","1","2"
"护国庇民妙灵","1","1","2"
"国庇民妙灵昭","1","1","2"
"庇民妙灵昭应","1","1","2"
"民妙灵昭应弘","1","1","2"
"妙灵昭应弘仁","1","1","2"
"灵昭应弘仁普","1","1","2"
"昭应弘仁普济","1","1","2"
"应弘仁普济天","1","1","2"
"弘仁普济天妃","1","1","2"
"中山武宁王徐","1","1","2"
"山武宁王徐达","1","1","2"
"开平忠武王常","1","1","2"
"平忠武王常遇","1","1","2"
"忠武王常遇春","1","1","2"
"岐阳武靖王李","1","1","2"
"阳武靖王李文","1","1","2"
"武靖王李文忠","1","1","2"
"宁河武顺王邓","1","1","2"
"河武顺王邓愈","1","1","2"
"黔宁昭靖王沐","1","1","2"
"宁昭靖王沐英","1","1","2"
"越国武庄公胡","1","1","2"
"国武庄公胡大","1","1","2"
"武庄公胡大海","1","1","2"
"梁国公赵德胜","1","1","2"
"巢国武壮公华","1","1","2"
"国武壮公华高","1","1","2"
"虢国忠烈公俞","1","1","2"
"国忠烈公俞通","1","1","2"
"忠烈公俞通海","1","1","2"
"江国襄烈公吴","1","1","2"
"国襄烈公吴良","1","1","2"
"安国忠烈公曹","1","1","2"
"国忠烈公曹良","1","1","2"
"忠烈公曹良臣","1","1","2"
"燕山忠愍侯孙","1","1","2"
"山忠愍侯孙兴","1","1","2"
"忠愍侯孙兴祖","1","1","2"
"济国公丁德兴","1","1","2"
"蔡国忠毅公张","1","1","2"
"国忠毅公张德","1","1","2"
"忠毅公张德胜","1","1","2"
"国武义公康茂","1","1","2"
"武义公康茂才","1","1","2"
"东海郡公茅成","1","1","2"
"永乐十三年建","1","1","2"
"祀北极佑圣真","1","1","2"
"北极中天星主","1","1","2"
"极中天星主紫","1","1","2"
"中天星主紫微","1","1","2"
"天星主紫微大","1","1","2"
"星主紫微大帝","1","1","2"
"佑圣助顺灵应","1","1","2"
"圣助顺灵应真","1","1","2"
"助顺灵应真君","1","1","2"
"祀宋慈元杨后","1","1","2"
"加尊皇考献皇","1","1","2"
"尊皇考献皇帝","1","1","2"
"皇考献皇帝庙","1","1","2"
"考献皇帝庙号","1","1","2"
"五度九十一分","1","1","2"
"度九十一分半","1","1","2"
"地平七十四度","1","1","2"
"平七十四度二","1","1","2"
"七十四度二十","1","1","2"
"十四度二十六","1","1","2"
"四度二十六分","1","1","2"
"度二十六分半","1","1","2"
"百零七度八十","1","1","2"
"零七度八十五","1","1","2"
"七度八十五分","1","1","2"
"度八十五分九","1","1","2"
"八十五分九十","1","1","2"
"十五分九十三","1","1","2"
"五分九十三秒","1","1","2"
"九十三秒七五","1","1","2"
"一万四千四百","1","1","2"
"四百三十六度","1","1","2"
"百三十六度七","1","1","2"
"三十六度七十","1","1","2"
"十六度七十二","1","1","2"
"六度七十二分","1","1","2"
"度七十二分九","1","1","2"
"七十二分九七","1","1","2"
"十二分九七八","1","1","2"
"二分九七八二","1","1","2"
"分九七八二九","1","1","2"
"九七八二九九","1","1","2"
"七八二九九五","1","1","2"
"八二九九五九","1","1","2"
"二九九五九零","1","1","2"
"九九五九零四","1","1","2"
"余实三百八十","1","1","2"
"实三百八十六","1","1","2"
"三百八十六度","1","1","2"
"百八十六度三","1","1","2"
"八十六度三十","1","1","2"
"十六度三十三","1","1","2"
"六度三十三分","1","1","2"
"度三十三分二","1","1","2"
"三十三分二七","1","1","2"
"十三分二七一","1","1","2"
"三分二七一七","1","1","2"
"分二七一七零","1","1","2"
"二七一七零零","1","1","2"
"七一七零零四","1","1","2"
"一七零零四零","1","1","2"
"七零零四零九","1","1","2"
"零零四零九六","1","1","2"
"度八九四三三","1","1","2"
"八九四三三四","1","1","2"
"九四三三四零","1","1","2"
"四三三四零九","1","1","2"
"三三四零九二","1","1","2"
"三四零九二零","1","1","2"
"四零九二零七","1","1","2"
"零九二零七五","1","1","2"
"九二零七五五","1","1","2"
"二零七五五六","1","1","2"
"余二十五度四","1","1","2"
"二十五度四三","1","1","2"
"十五度四三八","1","1","2"
"五度四三八三","1","1","2"
"度四三八三八","1","1","2"
"四三八三八二","1","1","2"
"三八三八二九","1","1","2"
"八三八二九一","1","1","2"
"三八二九一二","1","1","2"
"八二九一二零","1","1","2"
"二九一二零二","1","1","2"
"九一二零二零","1","1","2"
"一二零二零四","1","1","2"
"二零二零四四","1","1","2"
"景泰元年畿辅","1","1","2"
"四川府县卫多","1","1","2"
"丞相诸葛孔明","1","1","2"
"相诸葛孔明记","1","1","2"
"文登秦始皇庙","1","1","2"
"登秦始皇庙钟","1","1","2"
"秦始皇庙钟鼓","1","1","2"
"昌平阅武场中","1","1","2"
"天顺二年二月","1","1","2"
"德元年六月辛","1","1","2"
"元年六月辛酉","1","1","2"
"二十六年十月","1","1","2"
"十六年十月癸","1","1","2"
"六年十月癸亥","1","1","2"
"喜峰路台西北","1","1","2"
"峰路台西北楼","1","1","2"
"路台西北楼内","1","1","2"
"正德元年九月","1","1","2"
"宛平枣林庄李","1","1","2"
"五年四月戊戌","1","1","2"
"太原府阳曲县","1","1","2"
"三年正月庚辰","1","1","2"
"二年六月壬申","1","1","2"
"天顺元年十月","1","1","2"
"顺元年十月乙","1","1","2"
"元年十月乙巳","1","1","2"
"五年十二月丙","1","1","2"
"年十二月丙辰","1","1","2"
"三年正月己巳","1","1","2"
"七年二月甲寅","1","1","2"
"直隶蓟州遵化","1","1","2"
"隶蓟州遵化县","1","1","2"
"十一年二月壬","1","1","2"
"一年二月壬申","1","1","2"
"兖州同日地震","2","0","2"
"八年三月己亥","1","1","2"
"宁夏地震十二","1","1","2"
"夏地震十二次","1","1","2"
"广宁大兴堡地","1","1","2"
"大理府邓川州","1","1","2"
"八年十二月戊","1","1","2"
"年十二月戊戌","1","1","2"
"十三年六月己","1","1","2"
"三年六月己巳","1","1","2"
"十五年三月丙","1","1","2"
"五年三月丙申","1","1","2"
"嘉靖二年正月","1","1","2"
"三年正月丙寅","1","1","2"
"四年八月癸卯","1","1","2"
"凤阳一卫三州","1","1","2"
"阳一卫三州县","1","1","2"
"五年四月癸亥","1","1","2"
"十八年七月庚","1","1","2"
"八年七月庚寅","1","1","2"
"二十一年九月","1","1","2"
"十一年九月甲","1","1","2"
"一年九月甲戌","1","1","2"
"三十四年十二","1","1","2"
"七年正月庚申","1","1","2"
"十五年正月癸","1","1","2"
"五年正月癸巳","1","1","2"
"宁夏同日地震","1","1","2"
"一年二月戊子","1","1","2"
"九年闰三月己","1","1","2"
"年闰三月己巳","1","1","2"
"二十四年十一","1","1","2"
"十七年七月辛","1","1","2"
"七年七月辛未","1","1","2"
"三十四年六月","1","1","2"
"十二年九月庚","1","1","2"
"五年五月甲戌","1","1","2"
"四十八年二月","1","1","2"
"十八年二月庚","1","1","2"
"八年二月庚戌","1","1","2"
"启元年四月癸","1","1","2"
"元年四月癸丑","1","1","2"
"天顺四年十月","1","1","2"
"十六年四月壬","1","1","2"
"六年四月壬子","1","1","2"
"巨津州金沙江","1","1","2"
"津州金沙江北","1","1","2"
"州金沙江北岸","1","1","2"
"金沙江北岸白","1","1","2"
"沙江北岸白石","1","1","2"
"江北岸白石雪","1","1","2"
"北岸白石雪山","1","1","2"
"岸白石雪山断","1","1","2"
"白石雪山断裂","1","1","2"
"十五年八月戊","1","1","2"
"五年八月戊申","1","1","2"
"宣府合河口石","1","1","2"
"府合河口石山","1","1","2"
"合河口石山崩","1","1","2"
"正德元年十二","1","1","2"
"德元年十二月","1","1","2"
"元年十二月癸","1","1","2"
"五年四月壬申","1","1","2"
"贵州歹苏屯山","1","1","2"
"历二十五年六","1","1","2"
"三十三年八月","1","1","2"
"十三年八月丙","1","1","2"
"三年八月丙午","1","1","2"
"镇江西南华山","1","1","2"
"天启三年闰十","1","1","2"
"启三年闰十月","1","1","2"
"三年闰十月乙","1","1","2"
"年闰十月乙卯","1","1","2"
"崇祯九年十二","1","1","2"
"祯九年十二月","1","1","2"
"镇江金鸡岭土","1","1","2"
"江金鸡岭土山","1","1","2"
"金鸡岭土山崩","1","1","2"
"御史傅希挚改","1","1","2"
"史傅希挚改筑","1","1","2"
"帝命总河侍郎","1","1","2"
"命总河侍郎章","1","1","2"
"总河侍郎章拯","1","1","2"
"筑高邮护城堤","1","1","2"
"一魁改建古洪","1","1","2"
"江都淳家湾石","1","1","2"
"都淳家湾石堤","1","1","2"
"延绥巡抚都御","1","1","2"
"绥巡抚都御史","1","1","2"
"巡抚都御史余","1","1","2"
"抚都御史余子","1","1","2"
"御史余子俊大","1","1","2"
"增设福宁守备","1","1","2"
"侯仲金等作乱","1","1","2"
"河南平氏胎簪","1","1","2"
"南平氏胎簪山","1","1","2"
"河南辉县苏门","1","1","2"
"南辉县苏门山","1","1","2"
"辉县苏门山百","1","1","2"
"县苏门山百门","1","1","2"
"苏门山百门泉","1","1","2"
"任县新店村东","1","1","2"
"县新店村东北","1","1","2"
"山西沁源县绵","1","1","2"
"西沁源县绵山","1","1","2"
"沁源县绵山东","1","1","2"
"源县绵山东谷","1","1","2"
"山西繁峙泰戏","1","1","2"
"西繁峙泰戏山","1","1","2"
"筑束鹿城西决","1","1","2"
"束鹿城西决口","1","1","2"
"晋州紫城口堤","1","1","2"
"胶州麻湾口入","1","1","2"
"州麻湾口入海","1","1","2"
"掖县海仓口入","1","1","2"
"县海仓口入海","1","1","2"
"刑部尚书刘泽","1","1","2"
"部尚书刘泽深","1","1","2"
"吕城二坝河道","1","1","2"
"丹阳甘露港南","1","1","2"
"浚仪真清江坝","1","1","2"
"外备兵六万六","1","1","2"
"备兵六万六千","1","1","2"
"兵六万六千六","1","1","2"
"六万六千六百","1","1","2"
"万六千六百六","1","1","2"
"六千六百六十","1","1","2"
"千六百六十人","1","1","2"
"外备兵四万人","1","1","2"
"东西路副总兵","1","1","2"
"抚督标共四营","1","1","2"
"昌平总兵一营","1","1","2"
"都指挥使司二","1","1","2"
"设留守行后军","1","1","2"
"共计都司十七","1","1","2"
"内外卫三百二","1","1","2"
"外卫三百二十","1","1","2"
"卫三百二十九","1","1","2"
"守御千户所六","1","1","2"
"御千户所六十","1","1","2"
"千户所六十五","1","1","2"
"应天新河口北","1","1","2"
"天新河口北岸","1","1","2"
"驿三千三百丈","1","1","2"
"江都刘家圩港","1","1","2"
"武家穴等江岸","1","1","2"
"新建石头冈圩","1","1","2"
"建石头冈圩岸","1","1","2"
"西溪南仪阡三","1","1","2"
"溪南仪阡三处","1","1","2"
"南仪阡三处河","1","1","2"
"仪阡三处河口","1","1","2"
"浚江阴青阳河","1","1","2"
"江阴青阳河道","1","1","2"
"邹平白条沟河","1","1","2"
"德州良店驿东","1","1","2"
"州良店驿东南","1","1","2"
"良店驿东南二","1","1","2"
"店驿东南二十","1","1","2"
"驿东南二十五","1","1","2"
"东南二十五里","1","1","2"
"凤阳安丰塘水","1","1","2"
"阳安丰塘水门","1","1","2"
"安丰塘水门十","1","1","2"
"丰塘水门十六","1","1","2"
"塘水门十六座","1","1","2"
"范县曹村河堤","1","1","2"
"县曹村河堤岸","1","1","2"
"临漳固冢堤岸","1","1","2"
"安阳广惠等渠","1","1","2"
"江陵枝江沿江","1","1","2"
"陵枝江沿江堤","1","1","2"
"枝江沿江堤岸","1","1","2"
"筑蠡县王家等","1","1","2"
"蠡县王家等决","1","1","2"
"县王家等决口","1","1","2"
"南海县通海泉","1","1","2"
"海县通海泉源","1","1","2"
"浚常熟七浦塘","1","1","2"
"广平滏阳河口","1","1","2"
"平滏阳河口堤","1","1","2"
"滏阳河口堤岸","1","1","2"
"司礼太监孙隆","1","1","2"
"考功郎刘一儒","1","1","2"
"养马八千七百","1","1","2"
"占地五万五千","1","1","2"
"地五万五千三","1","1","2"
"五万五千三百","1","1","2"
"右少卿贺祖嗣","1","1","2"
"赠南京工部尚","1","1","2"
"巡按御史秦大","1","1","2"
"按御史秦大夔","1","1","2"
"受君王五色诏","1","1","2"
"请专任平章定","1","1","2"
"专任平章定住","1","1","2"
"任平章定住总","1","1","2"
"岭北行省左丞","1","1","2"
"靖江王府长史","1","1","2"
"顺帝三十六年","1","1","2"
"琼山县学教谕","1","1","2"
"月二十四日渡","1","1","2"
"大湖等三十三","1","1","2"
"湖等三十三人","1","1","2"
"赠维新光禄卿","1","1","2"
"藩锡太仆少卿","1","1","2"
"续莆阳文献志","1","1","2"
"南京稽勋郎中","1","1","2"
"殷士儋学诗歌","1","1","2"
"广西右布政使","1","1","2"
"定国公徐延德","1","1","2"
"改荫指挥佥事","1","1","2"
"万禄力战三日","1","1","2"
"山东税监陈增","1","1","2"
"南方采辑先朝","1","1","2"
"天启四年进南","1","1","2"
"启四年进南京","1","1","2"
"四年进南京吏","1","1","2"
"年进南京吏部","1","1","2"
"进南京吏部郎","1","1","2"
"调南京添注大","1","1","2"
"南京添注大理","1","1","2"
"晋府引礼舍人","1","1","2"
"府引礼舍人浦","1","1","2"
"引礼舍人浦源","1","1","2"
"月下闻吹箫声","1","1","2"
"湖上青山欲待","1","1","2"
"吏部尚书耿裕","1","1","2"
"部尚书耿裕知","1","1","2"
"华阳求嗣斋仪","1","1","2"
"授广东兴宁知","1","1","2"
"广东兴宁知县","1","1","2"
"浙江巡按张素","1","1","2"
"江巡按张素养","1","1","2"
"称四裔大长老","1","1","2"
"许显纯厉声骂","1","1","2"
"总兵杨肇基主","1","1","2"
"总兵陈洪范统","1","1","2"
"巡按御史李振","1","1","2"
"按御史李振声","1","1","2"
"总兵官钱中选","1","1","2"
"钟祥知县萧汉","1","1","2"
"分巡副使张凤","1","1","2"
"巡副使张凤翥","1","1","2"
"十五万五千七","1","1","2"
"五万五千七百","1","1","2"
"守将方国安避","1","1","2"
"大清兵数十万","1","1","2"
"清兵数十万分","1","1","2"
"总督陈奇瑜分","1","1","2"
"罗汝才十三家","1","1","2"
"汝才十三家贼","1","1","2"
"六十七度四十","1","1","2"
"十七度四十一","1","1","2"
"七度四十一分","1","1","2"
"齐本正等相继","1","1","2"
"恭诣皇后殿下","2","0","2"
"设神位二十八","1","1","2"
"神位二十八坛","1","1","2"
"道极七宝帝尊","1","1","2"
"宋真宗称孔子","1","1","2"
"学士张璁等八","1","1","2"
"士张璁等八十","1","1","2"
"张璁等八十四","1","1","2"
"璁等八十四人","1","1","2"
"皇天上帝神版","1","1","2"
"广西靖江王府","1","1","2"
"仓库二十四条","1","1","2"
"盗贼二十八条","1","1","2"
"斗殴二十二条","1","1","2"
"断狱二十九条","1","1","2"
"登州城北新海","1","1","2"
"州城北新海口","1","1","2"
"城北新海口沙","1","1","2"
"北新海口沙门","1","1","2"
"新海口沙门等","1","1","2"
"海口沙门等岛","1","1","2"
"陈述这样做的","0","2","2"
"将他捆了起来","0","2","2"
"事报告给皇帝","0","2","2"
"认为他们是边","0","2","2"
"为他们是边远","0","2","2"
"地区的蛮族人","0","2","2"
"蛮族人而宽恕","0","2","2"
"族人而宽恕了","0","2","2"
"人而宽恕了他","0","2","2"
"而宽恕了他们","0","2","2"
"核实情况后上","0","2","2"
"他们的意见都","0","2","2"
"皇上同意他的","0","2","2"
"请求将自己的","0","2","2"
"求将自己的名","0","2","2"
"将自己的名字","0","2","2"
"请求皇帝把他","0","2","2"
"司法部门处理","0","2","2"
"于是极力请求","0","2","2"
"朋党势力已经","0","2","2"
"党势力已经形","0","2","2"
"想重重地处罚","0","2","2"
"给自己留下后","0","2","2"
"九岁了还没有","0","2","2"
"朝廷内外的要","0","2","2"
"廷内外的要人","0","2","2"
"都甘心为他效","0","2","2"
"令有关部门迅","0","2","2"
"有关部门迅速","0","2","2"
"去的人不计其","0","2","2"
"了一道严厉的","0","2","2"
"一道严厉的诏","0","2","2"
"道严厉的诏书","0","2","2"
"能让庄烈帝满","0","2","2"
"让庄烈帝满意","0","2","2"
"福王都高兴地","0","2","2"
"王都高兴地采","0","2","2"
"都高兴地采纳","0","2","2"
"朝廷内外都有","0","2","2"
"将他逮捕入狱","0","2","2"
"还没来得及回","0","2","2"
"请求弃官回乡","0","2","2"
"周围地区的人","0","2","2"
"围地区的人民","0","2","2"
"意见的方式太","0","2","2"
"见的方式太偏","0","2","2"
"的方式太偏颇","0","2","2"
"听取了他的意","0","2","2"
"取了他的意见","0","2","2"
"不到十天功夫","0","2","2"
"不敢坚持自己","0","2","2"
"敢坚持自己的","0","2","2"
"传达皇上的指","0","2","2"
"达皇上的指示","0","2","2"
"庄烈帝没有追","0","2","2"
"烈帝同意了他","0","2","2"
"庄烈帝采纳了","0","2","2"
"把他的奏疏交","0","2","2"
"他的奏疏交给","0","2","2"
"有关部门详细","0","2","2"
"关部门详细讨","0","2","2"
"他为母亲守丧","0","2","2"
"指令抚按大臣","0","2","2"
"最高级别的诏","0","2","2"
"交给主管部门","0","2","2"
"主管部门讨论","0","2","2"
"多次上奏称病","0","2","2"
"次上奏称病回","0","2","2"
"上奏称病回乡","0","2","2"
"亲去世后他回","0","2","2"
"后他回到家乡","0","2","2"
"于是他多次上","0","2","2"
"次上疏请求回","0","2","2"
"上疏请求回乡","0","2","2"
"神宗最终没有","0","2","2"
"没有上任就去","0","2","2"
"有上任就去世","0","2","2"
"连上奏请求离","0","2","2"
"皇帝最终不同","0","2","2"
"帝最终不同意","0","2","2"
"他乘坐驿车回","0","2","2"
"乘坐驿车回乡","0","2","2"
"亲去世而回乡","0","2","2"
"奏章下到有关","0","2","2"
"章下到有关部","0","2","2"
"勇于承担责任","0","2","2"
"臣中也有很多","0","2","2"
"有很多劝阻的","0","2","2"
"给孝宗当儿子","0","2","2"
"没有受人传位","0","2","2"
"有受人传位的","0","2","2"
"受人传位的根","0","2","2"
"人传位的根据","0","2","2"
"论的人认为不","0","2","2"
"向失道之处去","0","2","2"
"失道之处去核","0","2","2"
"道之处去核查","0","2","2"
"这就是伊尹所","0","2","2"
"就是伊尹所谓","0","2","2"
"是伊尹所谓的","0","2","2"
"抗言上书请求","0","2","2"
"在宫门外被打","0","2","2"
"宫门外被打了","0","2","2"
"门外被打了一","0","2","2"
"外被打了一顿","0","2","2"
"不乐地死掉了","0","2","2"
"到什么样的程","0","2","2"
"什么样的程度","0","2","2"
"的奏章发给有","0","2","2"
"奏章发给有关","0","2","2"
"章发给有关部","0","2","2"
"孝肃周太后去","0","2","2"
"肃周太后去世","0","2","2"
"次称病请求退","0","2","2"
"武宗没有儿子","0","2","2"
"没了他们的家","0","2","2"
"了他们的家产","0","2","2"
"朝廷中大臣们","0","2","2"
"最终还是没能","0","2","2"
"最终还是不听","0","2","2"
"世宗接到奏章","0","2","2"
"告诫他不要再","0","2","2"
"皇上赐给他金","0","2","2"
"当时有人说他","0","2","2"
"人说他的坏话","0","2","2"
"司法官员审问","0","2","2"
"他乘驿车回去","0","2","2"
"他被召回任事","0","2","2"
"回来后他上奏","0","2","2"
"上奏十项建议","0","2","2"
"内外的大臣都","0","2","2"
"然像以前一样","0","2","2"
"虽然朝廷内外","0","2","2"
"方皇后的神主","0","2","2"
"方孝孺草拟诏","0","2","2"
"孝孺草拟诏书","0","2","2"
"是方孝孺的后","0","2","2"
"方孝孺的后代","0","2","2"
"不久因病辞官","0","2","2"
"祖听说后十分","0","2","2"
"他们路途遥远","0","2","2"
"将该奏章交给","0","2","2"
"交给抚按官去","0","2","2"
"持皇帝的诏书","0","2","2"
"皇帝的诏书前","0","2","2"
"礼部大臣认为","0","2","2"
"发新勘合的金","0","2","2"
"将阉孩送还回","0","2","2"
"阉孩送还回去","0","2","2"
"其货物的价值","0","2","2"
"朝廷大臣们商","0","2","2"
"兴兵征讨和封","0","2","2"
"兵征讨和封关","0","2","2"
"征讨和封关绝","0","2","2"
"讨和封关绝贡","0","2","2"
"减少对他们的","0","2","2"
"少对他们的赏","0","2","2"
"甘州的守卫大","0","2","2"
"把真帖木儿送","0","2","2"
"到甘肃去经略","0","2","2"
"大臣商议后认","0","2","2"
"臣商议后认为","0","2","2"
"古思帖木儿的","0","2","2"
"亡父太祖高皇","0","2","2"
"父太祖高皇帝","0","2","2"
"对脱脱不花与","0","2","2"
"脱脱不花与中","0","2","2"
"脱不花与中国","0","2","2"
"不花与中国通","0","2","2"
"花与中国通好","0","2","2"
"与中国通好颇","0","2","2"
"请求朝廷下诏","0","2","2"
"皇帝下诏认为","0","2","2"
"审核情况后上","0","2","2"
"核情况后上报","0","2","2"
"情况后上报朝","0","2","2"
"况后上报朝廷","0","2","2"
"又给他们颁发","0","2","2"
"接受他们的贡","0","2","2"
"受他们的贡品","0","2","2"
"将此上报给朝","0","2","2"
"此上报给朝廷","0","2","2"
"输诚他们也是","0","2","2"
"诚他们也是要","0","2","2"
"他们也是要离","0","2","2"
"们也是要离去","0","2","2"
"的意见是对的","0","2","2"
"向明朝廷上奏","0","2","2"
"便答应了他们","0","2","2"
"答应了他们的","0","2","2"
"应了他们的请","0","2","2"
"厉批评了他们","0","2","2"
"发了他们的俸","0","2","2"
"于大礼的争论","0","2","2"
"世宗最后还是","0","2","2"
"母守丧回家去","0","2","2"
"合世宗的心意","0","2","2"
"他的奏疏递上","0","2","2"
"的奏疏递上后","0","2","2"
"了他们的罪过","0","2","2"
"的决心很坚定","0","2","2"
"严厉批评了一","0","2","2"
"他更坚决请求","0","2","2"
"我请求陛下把","0","2","2"
"排斥不同意见","0","2","2"
"而不是过继给","0","2","2"
"过继给人当儿","0","2","2"
"继给人当儿子","0","2","2"
"的人接踵而来","0","2","2"
"到这篇奏疏后","0","2","2"
"崇亲生父母的","0","2","2"
"是图谋私利的","0","2","2"
"图谋私利的官","0","2","2"
"谋私利的官员","0","2","2"
"因为母亲去世","0","2","2"
"母亲去世回乡","0","2","2"
"都察院的职务","0","2","2"
"这篇奏疏递进","0","2","2"
"篇奏疏递进去","0","2","2"
"他们所说的那","0","2","2"
"们所说的那样","0","2","2"
"他议定大礼的","0","2","2"
"几名首恶分子","0","2","2"
"边境上的百姓","0","2","2"
"经过大大小小","0","2","2"
"大大小小几十","0","2","2"
"小几十次战斗","0","2","2"
"就上书说哈密","0","2","2"
"请求回家养老","0","2","2"
"几次上书请求","0","2","2"
"他被提升为少","0","2","2"
"的奏章交给大","0","2","2"
"奏章交给大臣","0","2","2"
"章交给大臣们","0","2","2"
"说不能答应他","0","2","2"
"报给朝廷知道","0","2","2"
"对他们加以慰","0","2","2"
"是做了别人的","0","2","2"
"做了别人的后","0","2","2"
"了别人的后裔","0","2","2"
"他们所制造的","0","2","2"
"和缓的口气表","0","2","2"
"缓的口气表示","0","2","2"
"回家侍养母亲","0","2","2"
"出这种意见来","0","2","2"
"发给大臣们讨","0","2","2"
"被看作私党给","0","2","2"
"看作私党给拿","0","2","2"
"作私党给拿掉","0","2","2"
"把他的奏章交","0","2","2"
"他的奏章交给","0","2","2"
"他的奏章递上","0","2","2"
"的奏章递上后","0","2","2"
"认为他说得好","0","2","2"
"他乘坐官方车","0","2","2"
"坐官方车马回","0","2","2"
"官方车马回乡","0","2","2"
"到边远的地方","0","2","2"
"世宗严厉批评","0","2","2"
"宗严厉批评了","0","2","2"
"得到皇帝欢心","0","2","2"
"大臣拉帮结派","0","2","2"
"因病应诏回京","0","2","2"
"接纳了他们的","0","2","2"
"于是要求辞职","0","2","2"
"来求他的诗文","0","2","2"
"按皇后的规格","0","2","2"
"皇后的规格祭","0","2","2"
"后的规格祭祀","0","2","2"
"上书朝廷请求","0","2","2"
"采用他的意见","0","2","2"
"的诏书答复他","0","2","2"
"孝宗全都允准","0","2","2"
"坚持他的意见","0","2","2"
"皇上都同意了","0","2","2"
"在灵座殿祭祀","0","2","2"
"皇帝命令依照","0","2","2"
"当地组织的军","0","2","2"
"地组织的军队","0","2","2"
"没有固定的数","0","2","2"
"边有镶边称作","0","2","2"
"到这样的地步","0","2","2"
"赠为太仆少卿","0","2","2"
"给事中官应震","0","2","2"
"与成国公朱勇","0","2","2"
"号为三天金阙","0","2","2"
"为三天金阙无","0","2","2"
"三天金阙无上","0","2","2"
"天金阙无上玉","0","2","2"
"二个蛮夷官司","0","2","2"
"结贴身宦官第","0","2","2"
"历三十八年中","0","2","2"
"南京给事中刘","0","2","2"
"给事中王绍徽","0","2","2"
"给事中刘文炳","0","2","2"
"南京给事中伍","0","2","2"
"自己率领大军","0","2","2"
"布政使陆之祺","0","2","2"
"刑打算赎罪的","0","2","2"
"兼兵科给事中","0","2","2"
"吏部主事龚盞","0","2","2"
"有德围攻莱州","0","2","2"
"流贼攻陷凤阳","0","2","2"
"为司经局洗马","0","2","2"
"兼任翰林院学","0","2","2"
"任翰林院学士","0","2","2"
"庆二年进士及","0","2","2"
"隆庆二年的进","0","2","2"
"庆二年的进士","0","2","2"
"光禄少卿马从","0","2","2"
"禄少卿马从谦","0","2","2"
"掌锦衣卫的都","0","2","2"
"锦衣卫的都督","0","2","2"
"南京刑科给事","0","2","2"
"京刑科给事中","0","2","2"
"隆庆五年的进","0","2","2"
"庆五年的进士","0","2","2"
"任南京太常卿","0","2","2"
"改任蓟辽总督","0","2","2"
"历任左布政使","0","2","2"
"靖四十一年的","0","2","2"
"四十一年的进","0","2","2"
"年的进士第一","0","2","2"
"万历五年的进","0","2","2"
"历五年的进士","0","2","2"
"召为兵部右侍","0","2","2"
"改称兴献王为","0","2","2"
"为皇叔父兴献","0","2","2"
"王妃为皇叔母","0","2","2"
"妃为皇叔母兴","0","2","2"
"为皇叔母兴献","0","2","2"
"徐达兼太子少","0","2","2"
"达兼太子少傅","0","2","2"
"常遇春兼太子","0","2","2"
"遇春兼太子少","0","2","2"
"春兼太子少保","0","2","2"
"曹县进献驺虞","0","2","2"
"任左春坊大学","0","2","2"
"燕兵围攻济南","0","2","2"
"江阴侯吴高率","0","2","2"
"世子为皇太子","0","2","2"
"兵部尚书兼任","0","2","2"
"被授予行人司","0","2","2"
"汉王高煦造反","0","2","2"
"建文二年中进","0","2","2"
"文二年中进士","0","2","2"
"达答兰纳木儿","0","2","2"
"授官南阳知县","0","2","2"
"赠官太子少保","0","2","2"
"年升为右佥都","0","2","2"
"拜官右佥都御","0","2","2"
"尚书严嵩等人","0","2","2"
"进官兵部右侍","0","2","2"
"四川白草番叛","0","2","2"
"川白草番叛乱","0","2","2"
"二十五年夏天","0","2","2"
"赠官兵部尚书","0","2","2"
"授官刑科给事","0","2","2"
"官刑科给事中","0","2","2"
"兵科左给事中","0","2","2"
"这时给事中王","0","2","2"
"五年成为进士","0","2","2"
"授予大都督府","0","2","2"
"从蓝玉征讨云","0","2","2"
"蓝玉征讨云南","0","2","2"
"分道攻取临安","0","2","2"
"年跟从傅友德","0","2","2"
"授予秦淮翼元","0","2","2"
"予秦淮翼元帅","0","2","2"
"肖像归于功臣","0","2","2"
"像归于功臣庙","0","2","2"
"授予世袭指挥","0","2","2"
"跟从徐达攻克","0","2","2"
"徐达攻克高邮","0","2","2"
"为右御史大夫","0","2","2"
"改任文渊阁大","0","2","2"
"他们的政绩上","0","2","2"
"太祖攻下武昌","0","2","2"
"征南将军攻下","0","2","2"
"南将军攻下云","0","2","2"
"将军攻下云南","0","2","2"
"等人前来投降","0","2","2"
"兵部尚书史可","0","2","2"
"部尚书史可法","0","2","2"
"升礼部左侍郎","0","2","2"
"带兵前来会合","0","2","2"
"武二十四年受","0","2","2"
"二十四年受封","0","2","2"
"李自成攻陷南","0","2","2"
"自成攻陷南阳","0","2","2"
"任都指挥佥事","0","2","2"
"下诏布告天下","0","2","2"
"以及六尚等女","0","2","2"
"及六尚等女官","0","2","2"
"平王常遇春的","0","2","2"
"品以上以及翰","0","2","2"
"以上以及翰林","0","2","2"
"隆庆六年规定","0","2","2"
"皇太子出阁讲","0","2","2"
"太子出阁讲学","0","2","2"
"百官穿朝服行","0","2","2"
"年四月庚子日","0","2","2"
"华盖三殿发生","0","2","2"
"盖三殿发生火","0","2","2"
"年四月丙申日","0","2","2"
"年六月庚戌日","0","2","2"
"年八月戊寅日","0","2","2"
"卫雨水损坏城","0","2","2"
"洪熙元年夏天","0","2","2"
"职掌遵奉圣旨","0","2","2"
"设置惠民药局","0","2","2"
"各设门正一人","0","2","2"
"右司乐各一人","0","2","2"
"各有署丞一人","0","2","2"
"各有知县一人","0","2","2"
"改在京的官店","0","2","2"
"在京的官店为","0","2","2"
"京的官店为宣","0","2","2"
"的官店为宣课","0","2","2"
"官店为宣课司","0","2","2"
"文折合银一分","0","2","2"
"弘治十六年以","0","2","2"
"部尚书郁新说","0","2","2"
"河决堤于曹县","0","2","2"
"改为镇守总兵","0","2","2"
"年改为镇守浙","0","2","2"
"一万一千七百","0","2","2"
"十里以下积粮","0","2","2"
"里以下积粮一","0","2","2"
"以下积粮一万","0","2","2"
"下积粮一万五","0","2","2"
"宗庙发生火灾","0","2","2"
"以二百石递减","0","2","2"
"以一百石递减","0","2","2"
"君以及仪宾以","0","2","2"
"乡君以及仪宾","0","2","2"
"一百九十二万","0","2","2"
"匹折合米二十","0","2","2"
"折合米二十石","0","2","2"
"布一匹折合米","0","2","2"
"总共八百五十","0","2","2"
"共八百五十万","0","2","2"
"二万三千余石","0","2","2"
"十五万七千余","0","2","2"
"四万八千余两","0","2","2"
"吉安改为流通","0","2","2"
"安改为流通广","0","2","2"
"盐流通于陕西","0","2","2"
"流通于陕西的","0","2","2"
"盐井管辖盐课","0","2","2"
"官田每亩收税","0","2","2"
"年四月己亥日","0","2","2"
"年六月甲子日","0","2","2"
"年五月丁丑日","0","2","2"
"年七月壬子日","0","2","2"
"年五月癸酉日","0","2","2"
"凤阳发生蝗灾","0","2","2"
"年六月甲申日","0","2","2"
"西北方有声音","0","2","2"
"北方有声音如","0","2","2"
"方有声音如打","0","2","2"
"有声音如打雷","0","2","2"
"年三月癸卯日","0","2","2"
"州都遭受水灾","0","2","2"
"府都遭受大水","0","2","2"
"府遭受大水灾","0","2","2"
"定发生大水灾","0","2","2"
"布旗六十四面","0","2","2"
"左前方第一行","0","2","2"
"镀金的铜制龙","0","2","2"
"金的铜制龙头","0","2","2"
"车辕长一丈九","0","2","2"
"三品官以上用","0","2","2"
"兼理巡抚事务","0","2","2"
"决定派遣都御","0","2","2"
"定派遣都御史","0","2","2"
"派遣兵部侍郎","0","2","2"
"开始命令都御","0","2","2"
"始命令都御史","0","2","2"
"确定设巡抚都","0","2","2"
"十一年恢复设","0","2","2"
"一年恢复设置","0","2","2"
"万历九年革除","0","2","2"
"国将军夫人礼","0","2","2"
"将军夫人礼冠","0","2","2"
"军夫人礼冠服","0","2","2"
"学习四夷译书","0","2","2"
"洪武三年设置","0","2","2"
"廷推推上二人","0","2","2"
"以北平为北京","0","2","2"
"洪武元年设置","0","2","2"
"分为四个属部","0","2","2"
"二寸二分见方","0","2","2"
"一寸九分见方","0","2","2"
"宽一寸九分五","0","2","2"
"以乡试第一名","0","2","2"
"三寸四分见方","0","2","2"
"所领取承字以","0","2","2"
"领取承字以及","0","2","2"
"取承字以及东","0","2","2"
"承字以及东西","0","2","2"
"字以及东西北","0","2","2"
"以及东西北字","0","2","2"
"及东西北字号","0","2","2"
"檐桷用青绿色","0","2","2"
"桷用青绿色绘","0","2","2"
"用青绿色绘饰","0","2","2"
"元朝丞相脱脱","0","2","2"
"徐达攻克常州","0","2","2"
"将张定边攻陷","0","2","2"
"州县相继投降","0","2","2"
"为圣神文武钦","0","2","2"
"永忠为征南将","0","2","2"
"忠为征南将军","0","2","2"
"朱亮祖为副将","0","2","2"
"子买的里八剌","0","2","2"
"李文忠为左副","0","2","2"
"文忠为左副将","0","2","2"
"忠为左副将军","0","2","2"
"宋国公冯胜为","0","2","2"
"冯胜为征西将","0","2","2"
"胜为征西将军","0","2","2"
"江阴侯吴良为","0","2","2"
"阴侯吴良为副","0","2","2"
"三佛齐入朝进","0","2","2"
"佛齐入朝进贡","0","2","2"
"朝廷派遣都督","0","2","2"
"土蛮进犯锦州","0","2","2"
"并兼任东阁大","0","2","2"
"应天巡抚周起","0","2","2"
"天巡抚周起元","0","2","2"
"李自成攻陷陈","0","2","2"
"自成攻陷陈州","0","2","2"
"讨伐乃儿不花","0","2","2"
"何福为征虏将","0","2","2"
"福为征虏将军","0","2","2"
"册封为燕世子","0","2","2"
"安侯火真为副","0","2","2"
"侯火真为副将","0","2","2"
"宋琥镇守甘肃","0","2","2"
"分道并进征讨","0","2","2"
"征讨广东盗贼","0","2","2"
"可汗脱脱不花","0","2","2"
"太后为皇伯母","0","2","2"
"章圣皇太后为","0","2","2"
"文于锦衣卫狱","0","2","2"
"广东受灾税粮","0","2","2"
"火筛诸部侵犯","0","2","2"
"俺答侵犯山西","0","2","2"
"刘瑾掌管司礼","0","2","2"
"瑾掌管司礼监","0","2","2"
"督十二团营兼","0","2","2"
"总督节制四川","0","2","2"
"日本入朝进贡","0","2","2"
"云南受灾税粮","0","2","2"
"小王子侵犯甘","0","2","2"
"十五年中进士","0","2","2"
"张居正的党徒","0","2","2"
"认为这个地方","0","2","2"
"为这个地方不","0","2","2"
"居正的儿子嗣","0","2","2"
"正的儿子嗣修","0","2","2"
"以舜亦以命禹","0","2","2"
"舜亦以命禹为","0","2","2"
"给事中王士性","0","2","2"
"慰留下申时行","0","2","2"
"用贤上疏辩解","0","2","2"
"衣都督刘守有","0","2","2"
"到了这样的地","0","2","2"
"了这样的地步","0","2","2"
"奏章下到内阁","0","2","2"
"交相上奏弹劾","0","2","2"
"不久称病回乡","0","2","2"
"在家住了十年","0","2","2"
"诸臣详细讨论","0","2","2"
"上疏乞求退休","0","2","2"
"弹劾礼部侍郎","0","2","2"
"皇上都不理会","0","2","2"
"汤兆京弹劾他","0","2","2"
"上奏极力劝谏","0","2","2"
"接受这个意见","0","2","2"
"巡按顺天等府","0","2","2"
"派遣使者检验","0","2","2"
"到皇帝的命令","0","2","2"
"认为自己得不","0","2","2"
"没有一个人能","0","2","2"
"是方从哲的门","0","2","2"
"方从哲的门生","0","2","2"
"力为自己辩解","0","2","2"
"嘉遇再次上疏","0","2","2"
"相继上奏攻击","0","2","2"
"有什么好处呢","0","2","2"
"于玉立派他到","0","2","2"
"玉立派他到京","0","2","2"
"立派他到京城","0","2","2"
"为吏部员外郎","0","2","2"
"万历十一年中","0","2","2"
"历十一年中进","0","2","2"
"生下儿子常洵","0","2","2"
"恭妃所生育的","0","2","2"
"边远的地方任","0","2","2"
"远的地方任杂","0","2","2"
"的地方任杂职","0","2","2"
"皇上严厉责备","0","2","2"
"在家居住了二","0","2","2"
"家居住了二十","0","2","2"
"居住了二十年","0","2","2"
"件事献给皇上","0","2","2"
"出任河南巡按","0","2","2"
"于是他称病归","0","2","2"
"先前皇上有诏","0","2","2"
"历二十年春天","0","2","2"
"册立太子一事","0","2","2"
"皇帝发了脾气","0","2","2"
"既惭愧又害怕","0","2","2"
"副将曹文诏在","0","2","2"
"将曹文诏在河","0","2","2"
"曹文诏在河曲","0","2","2"
"与哥哥的儿子","0","2","2"
"张应昌等将领","0","2","2"
"以延绥巡抚陈","0","2","2"
"从渑池渡过黄","0","2","2"
"渑池渡过黄河","0","2","2"
"总兵官左光先","0","2","2"
"李自成的妻子","0","2","2"
"自成的妻子邢","0","2","2"
"成的妻子邢氏","0","2","2"
"士卒战马以及","0","2","2"
"自成非常高兴","0","2","2"
"官军将李自成","0","2","2"
"于是从南阳出","0","2","2"
"百姓很感激他","0","2","2"
"李公子救活了","0","2","2"
"公子救活了我","0","2","2"
"子救活了我们","0","2","2"
"与巡抚都御史","0","2","2"
"高迎祥的裨将","0","2","2"
"杨文岳的部队","0","2","2"
"商丘知县梁以","0","2","2"
"丘知县梁以樟","0","2","2"
"开黄河灌贼兵","0","2","2"
"崇王朱由木贵","0","2","2"
"全部攻了下来","0","2","2"
"与部下同甘共","0","2","2"
"部下同甘共苦","0","2","2"
"兼并了他的部","0","2","2"
"并了他的部众","0","2","2"
"不详细记载了","0","2","2"
"传庭不得已出","0","2","2"
"率领一万骑兵","0","2","2"
"自成进入陕西","0","2","2"
"贼兵渡过黄河","0","2","2"
"百姓无法忍受","0","2","2"
"我大清兵进入","0","2","2"
"大清兵进入京","0","2","2"
"剥下他的衣服","0","2","2"
"唐王在福建立","0","2","2"
"熊文灿为总理","0","2","2"
"十万人的粮饷","0","2","2"
"召集诸将商议","0","2","2"
"罗汝才和过天","0","2","2"
"汝才和过天星","0","2","2"
"湖广将领张应","0","2","2"
"广将领张应元","0","2","2"
"在水右坝打败","0","2","2"
"开县的黄陵城","0","2","2"
"杀死督师的使","0","2","2"
"死督师的使者","0","2","2"
"左良玉在信阳","0","2","2"
"大家都非常高","0","2","2"
"家都非常高兴","0","2","2"
"刘良佐在潜山","0","2","2"
"良佐在潜山大","0","2","2"
"当时李自成在","0","2","2"
"这时我大清兵","0","2","2"
"时我大清兵已","0","2","2"
"任太仆寺少卿","0","2","2"
"皇上于是大怒","0","2","2"
"二年十一月又","0","2","2"
"投进镇抚司监","0","2","2"
"往南京充净军","0","2","2"
"应执掌司礼监","0","2","2"
"于是与张居正","0","2","2"
"疏推荐他的座","0","2","2"
"锦衣卫都督刘","0","2","2"
"衣卫都督刘守","0","2","2"
"卫都督刘守有","0","2","2"
"冯保执掌司礼","0","2","2"
"保执掌司礼监","0","2","2"
"御史何出光弹","0","2","2"
"史何出光弹劾","0","2","2"
"何出光弹劾张","0","2","2"
"出光弹劾张鲸","0","2","2"
"张鲸受到严厉","0","2","2"
"给事中张应登","0","2","2"
"令申时行等人","0","2","2"
"学士申时行的","0","2","2"
"耗费国库黄金","0","2","2"
"的不到十分之","0","2","2"
"皇上下令逮捕","0","2","2"
"死在诏狱之中","0","2","2"
"请求对他们进","0","2","2"
"求对他们进行","0","2","2"
"阉割良家子弟","0","2","2"
"割良家子弟数","0","2","2"
"良家子弟数十","0","2","2"
"家子弟数十人","0","2","2"
"途中遇到强盗","0","2","2"
"上了数十篇奏","0","2","2"
"这是三十四年","0","2","2"
"太子还没确定","0","2","2"
"并且涉及到张","0","2","2"
"兵部尚书王世","0","2","2"
"部尚书王世扬","0","2","2"
"衣卫都督王之","0","2","2"
"首辅沈一贯想","0","2","2"
"打得体无完肤","0","2","2"
"云南百姓杀死","0","2","2"
"南百姓杀死税","0","2","2"
"百姓杀死税监","0","2","2"
"姓杀死税监杨","0","2","2"
"杀死税监杨荣","0","2","2"
"赐给祠堂匾额","0","2","2"
"谋立自己的儿","0","2","2"
"左光斗等人都","0","2","2"
"给事中霍维华","0","2","2"
"升任司礼监秉","0","2","2"
"魏忠贤不识字","0","2","2"
"王体乾和李永","0","2","2"
"体乾和李永贞","0","2","2"
"大臣几乎全被","0","2","2"
"先依附魏忠贤","0","2","2"
"和尚书周嘉谟","0","2","2"
"封魏忠贤的侄","0","2","2"
"魏忠贤的侄儿","0","2","2"
"客氏的儿子侯","0","2","2"
"氏的儿子侯国","0","2","2"
"的外甥傅应星","0","2","2"
"杨涟非常愤怒","0","2","2"
"上奏魏忠贤的","0","2","2"
"工部郎中万火","0","2","2"
"部郎中万火景","0","2","2"
"附于魏忠贤的","0","2","2"
"于魏忠贤的人","0","2","2"
"指为东林党人","0","2","2"
"向魏忠贤献媚","0","2","2"
"凭借魏忠贤的","0","2","2"
"将他判了死罪","0","2","2"
"庇荫都督同知","0","2","2"
"南镇抚司事务","0","2","2"
"等人死于狱中","0","2","2"
"良卿为肃宁伯","0","2","2"
"为他歌功颂德","0","2","2"
"的儿子锦衣卫","0","2","2"
"儿子锦衣卫官","0","2","2"
"子锦衣卫官员","0","2","2"
"不是张国纪的","0","2","2"
"是张国纪的女","0","2","2"
"张国纪的女儿","0","2","2"
"皇上下诏褒奖","0","2","2"
"弟弟崔凝秀为","0","2","2"
"为蓟镇副总兵","0","2","2"
"魏忠贤的名字","0","2","2"
"孙魏鹏翼为安","0","2","2"
"魏鹏翼为安平","0","2","2"
"鹏翼为安平伯","0","2","2"
"良栋为东安侯","0","2","2"
"兵部尚书兼左","0","2","2"
"部尚书兼左都","0","2","2"
"尚书兼左都御","0","2","2"
"书兼左都御史","0","2","2"
"魏忠贤非常恐","0","2","2"
"学士韩火广等","0","2","2"
"韩火广等人审","0","2","2"
"火广等人审定","0","2","2"
"都是魏忠贤的","0","2","2"
"劾魏忠贤的奏","0","2","2"
"魏忠贤专权时","0","2","2"
"推荐他的党羽","0","2","2"
"成为魏忠贤的","0","2","2"
"魏忠贤的心腹","0","2","2"
"监督三殿工程","0","2","2"
"将他逮捕诛杀","0","2","2"
"是郑贵妃宫中","0","2","2"
"进献四名美女","0","2","2"
"寺丞李可灼进","0","2","2"
"在李可灼之上","0","2","2"
"到魏忠贤专权","0","2","2"
"发往孝陵充净","0","2","2"
"往孝陵充净军","0","2","2"
"各地镇守宦官","0","2","2"
"给事中宋可久","0","2","2"
"给事中傅朝佑","0","2","2"
"事中傅朝佑说","0","2","2"
"皇上才下诏说","0","2","2"
"的宦官全部撤","0","2","2"
"皇上终于还是","0","2","2"
"当时兵部尚书","0","2","2"
"巡视所辖地区","0","2","2"
"提督京营部队","0","2","2"
"年皇帝派宦官","0","2","2"
"皇帝派宦官带","0","2","2"
"帝派宦官带着","0","2","2"
"西南地区各部","0","2","2"
"南地区各部落","0","2","2"
"派人来向朝廷","0","2","2"
"元朝的右丞相","0","2","2"
"洪武十五年设","0","2","2"
"武十五年设置","0","2","2"
"每六十里设一","0","2","2"
"直捣他们的老","0","2","2"
"捣他们的老巢","0","2","2"
"西平侯沐英从","0","2","2"
"隶属于四川布","0","2","2"
"属于四川布政","0","2","2"
"于四川布政使","0","2","2"
"人来京城朝觐","0","2","2"
"京城朝觐皇上","0","2","2"
"各按他们的等","0","2","2"
"皇帝下诏赐予","0","2","2"
"输送粮食二万","0","2","2"
"送粮食二万石","0","2","2"
"又向朝廷贡献","0","2","2"
"为左右副将军","0","2","2"
"命令景川侯曹","0","2","2"
"廷进贡马匹和","0","2","2"
"朝廷献贡物一","0","2","2"
"廷献贡物一次","0","2","2"
"受到朝廷的恩","0","2","2"
"争夺地盘互相","0","2","2"
"着皇帝的诏书","0","2","2"
"官一起去捕获","0","2","2"
"可渡河巡检司","0","2","2"
"覺蛮人阿又磉","0","2","2"
"蛮人阿又磉等","0","2","2"
"抚按官一起去","0","2","2"
"免于赴京城朝","0","2","2"
"于赴京城朝觐","0","2","2"
"赴京城朝觐的","0","2","2"
"阿核等人的尸","0","2","2"
"核等人的尸体","0","2","2"
"不如顺从蛮族","0","2","2"
"如顺从蛮族人","0","2","2"
"顺从蛮族人的","0","2","2"
"从蛮族人的情","0","2","2"
"蛮族人的情况","0","2","2"
"斩杀了三百多","0","2","2"
"杀了三百多人","0","2","2"
"报传到朝廷后","0","2","2"
"讨论征讨之事","0","2","2"
"于是四川巡抚","0","2","2"
"等人给皇帝上","0","2","2"
"人给皇帝上奏","0","2","2"
"奏章交给兵部","0","2","2"
"宣慰安万铨以","0","2","2"
"家有姻亲关系","0","2","2"
"罗雄州土官者","0","2","2"
"雄州土官者浚","0","2","2"
"诡称自己愿意","0","2","2"
"便给朝廷上疏","0","2","2"
"给朝廷上疏说","0","2","2"
"带兵互相攻击","0","2","2"
"外面议论纷纷","0","2","2"
"的屠杀和抢劫","0","2","2"
"继承土知府的","0","2","2"
"承土知府的职","0","2","2"
"土知府的职位","0","2","2"
"向朝廷上奏时","0","2","2"
"中有详细记载","0","2","2"
"八年皇帝下诏","0","2","2"
"给皇帝上疏时","0","2","2"
"他们的部落也","0","2","2"
"便上奏朝廷让","0","2","2"
"个孙子都死了","0","2","2"
"他的第二个儿","0","2","2"
"官员一同审核","0","2","2"
"水西的安尧臣","0","2","2"
"安尧臣入赘到","0","2","2"
"大家都认为他","0","2","2"
"争夺继承官位","0","2","2"
"夺继承官位的","0","2","2"
"继承官位的权","0","2","2"
"承官位的权利","0","2","2"
"安效良争夺官","0","2","2"
"互相仇杀已有","0","2","2"
"成为边疆的祸","0","2","2"
"为边疆的祸患","0","2","2"
"边疆地区的事","0","2","2"
"以赎自己的罪","0","2","2"
"指挥军队奋勇","0","2","2"
"挥军队奋勇出","0","2","2"
"军队奋勇出击","0","2","2"
"在三十里以外","0","2","2"
"里以外的地方","0","2","2"
"就会前功尽弃","0","2","2"
"帝的敕谕去见","0","2","2"
"明朝廷在此设","0","2","2"
"给朝廷献贡马","0","2","2"
"向皇帝进献马","0","2","2"
"皇帝都给他们","0","2","2"
"他们的赏赐很","0","2","2"
"们的赏赐很丰","0","2","2"
"向皇帝献贡马","0","2","2"
"进国子监读书","0","2","2"
"的同党十多人","0","2","2"
"一个军民千户","0","2","2"
"个军民千户所","0","2","2"
"的军队一万五","0","2","2"
"军队一万五千","0","2","2"
"一万五千多人","0","2","2"
"完全相信他的","0","2","2"
"杀死敌人一千","0","2","2"
"了他们手下的","0","2","2"
"蓝玉班师回朝","0","2","2"
"只有一条路可","0","2","2"
"切断了他们的","0","2","2"
"他们围困起来","0","2","2"
"让他们居住在","0","2","2"
"一里远的地方","0","2","2"
"民指挥使司统","0","2","2"
"指挥使司统领","0","2","2"
"都指挥使司的","0","2","2"
"秘密地告诉了","0","2","2"
"的没有汉化的","0","2","2"
"等村寨的番族","0","2","2"
"村寨的番族人","0","2","2"
"的番族人作乱","0","2","2"
"皇帝进献贡马","0","2","2"
"汉化了的番人","0","2","2"
"长官司的土舍","0","2","2"
"都督方政平定","0","2","2"
"侵犯我们的边","0","2","2"
"一定要把他们","0","2","2"
"到京城来朝觐","0","2","2"
"命令将松州卫","0","2","2"
"薛文胜为安抚","0","2","2"
"文胜为安抚使","0","2","2"
"官秩为从五品","0","2","2"
"也按惯例给予","0","2","2"
"按惯例给予赏","0","2","2"
"惯例给予赏赐","0","2","2"
"讨伐平定了叛","0","2","2"
"伐平定了叛乱","0","2","2"
"等村寨的蛮族","0","2","2"
"村寨的蛮族人","0","2","2"
"的蛮族人作乱","0","2","2"
"允许他们挑选","0","2","2"
"一起前去讨伐","0","2","2"
"率领众人前来","0","2","2"
"斩杀了他们一","0","2","2"
"前来归附朝廷","0","2","2"
"赏赐给他们有","0","2","2"
"喇嘛著八让卜","0","2","2"
"派人前去招抚","0","2","2"
"人前去招抚他","0","2","2"
"求朝廷派兵征","0","2","2"
"屡次打败贼人","0","2","2"
"叛乱才平定下","0","2","2"
"乱才平定下来","0","2","2"
"皇帝命令指挥","0","2","2"
"仓库里的粮食","0","2","2"
"山都掌的蛮族","0","2","2"
"朝廷命令将指","0","2","2"
"廷命令将指挥","0","2","2"
"的守卫大臣说","0","2","2"
"番族贼人侵犯","0","2","2"
"杀敌人四百多","0","2","2"
"敌人四百多名","0","2","2"
"坠崖而死者无","0","2","2"
"稍为安静一些","0","2","2"
"朝廷命令都督","0","2","2"
"廷命令都督佥","0","2","2"
"命令都督佥事","0","2","2"
"令都督佥事何","0","2","2"
"何卿去镇守松","0","2","2"
"卿去镇守松潘","0","2","2"
"二十三年朝廷","0","2","2"
"二十六年朝廷","0","2","2"
"白草的番族人","0","2","2"
"九百七十多人","0","2","2"
"龙州升为宣抚","0","2","2"
"州升为宣抚司","0","2","2"
"得以世袭官职","0","2","2"
"他手下的部落","0","2","2"
"张良贤将其击","0","2","2"
"良贤将其击败","0","2","2"
"隶属于四川都","0","2","2"
"属于四川都司","0","2","2"
"向朝廷进贡一","0","2","2"
"朝廷进贡一次","0","2","2"
"帝下诏同意了","0","2","2"
"步兵一千多人","0","2","2"
"长河西的门口","0","2","2"
"进京贡献马匹","0","2","2"
"又回到国子监","0","2","2"
"以前的惯例给","0","2","2"
"乞求允许他继","0","2","2"
"求允许他继承","0","2","2"
"此事详见本书","0","2","2"
"朝时该地隶属","0","2","2"
"时该地隶属于","0","2","2"
"曾在元朝为官","0","2","2"
"请求朝廷设置","0","2","2"
"皇帝下诏任命","0","2","2"
"有花纹的丝绸","0","2","2"
"将黎州安抚司","0","2","2"
"木瓜地区的番","0","2","2"
"瓜地区的番族","0","2","2"
"地区的番族人","0","2","2"
"改由流官治理","0","2","2"
"大小木瓜的番","0","2","2"
"小木瓜的番族","0","2","2"
"廷贡献马匹和","0","2","2"
"贡献马匹和土","0","2","2"
"率领士卒二万","0","2","2"
"将他们打得大","0","2","2"
"抢劫郑和船只","0","2","2"
"出其不意地攻","0","2","2"
"人听到消息后","0","2","2"
"在那里设置郡","0","2","2"
"那里设置郡县","0","2","2"
"年十一月又命","0","2","2"
"又命郑和等人","0","2","2"
"获了他的妻子","0","2","2"
"派使者来朝贡","0","2","2"
"赏赐非常优厚","0","2","2"
"从天上传下来","0","2","2"
"斩获不少敌人","0","2","2"
"皇上宽宥了他","0","2","2"
"太皇太后逝世","0","2","2"
"建宏大的府第","0","2","2"
"在国子监门前","0","2","2"
"是元朝的后裔","0","2","2"
"也先大举入侵","0","2","2"
"败报传到朝廷","0","2","2"
"不分老少全部","0","2","2"
"与宁阳侯陈懋","0","2","2"
"阳侯陈懋等人","0","2","2"
"十五岁以上的","0","2","2"
"的势力更加嚣","0","2","2"
"砍中曹钦的胳","0","2","2"
"中曹钦的胳膊","0","2","2"
"姻亲党羽全部","0","2","2"
"提出各种要求","0","2","2"
"过后又宽宥了","0","2","2"
"后又宽宥了他","0","2","2"
"怀恩坚持力争","0","2","2"
"派医生去探视","0","2","2"
"朝廷内外人心","0","2","2"
"皇上命三法司","0","2","2"
"知道这是出于","0","2","2"
"事中和御史纷","0","2","2"
"中和御史纷纷","0","2","2"
"御史纷纷上奏","0","2","2"
"没有别的才能","0","2","2"
"并抄了他的家","0","2","2"
"因贵妃的缘故","0","2","2"
"钱能镇守云南","0","2","2"
"请求将他留在","0","2","2"
"皇上下诏依从","0","2","2"
"发往孝陵卫充","0","2","2"
"没有人臣之礼","0","2","2"
"等人纷纷弹劾","0","2","2"
"人纷纷弹劾他","0","2","2"
"给事中各一人","0","2","2"
"御史投进监狱","0","2","2"
"引导皇上微服","0","2","2"
"导皇上微服出","0","2","2"
"借星象有变上","0","2","2"
"星象有变上书","0","2","2"
"象有变上书谏","0","2","2"
"有变上书谏言","0","2","2"
"皇上颇为心动","0","2","2"
"和南京给事中","0","2","2"
"南京给事中戴","0","2","2"
"京给事中戴铣","0","2","2"
"都御史屠氵庸","0","2","2"
"布政使以下官","0","2","2"
"部揭发了他们","0","2","2"
"于是派给事中","0","2","2"
"都迎合刘瑾的","0","2","2"
"迎合刘瑾的心","0","2","2"
"合刘瑾的心意","0","2","2"
"裁减江西乡试","0","2","2"
"减江西乡试名","0","2","2"
"江西乡试名额","0","2","2"
"西乡试名额五","0","2","2"
"乡试名额五十","0","2","2"
"试名额五十名","0","2","2"
"于是英国公张","0","2","2"
"是英国公张懋","0","2","2"
"宁王朱宸濠造","0","2","2"
"王朱宸濠造反","0","2","2"
"想将朱宸濠放","0","2","2"
"商议国家大事","0","2","2"
"杨一清等人说","0","2","2"
"刘瑾被诛杀后","0","2","2"
"听从他的调遣","0","2","2"
"升他为锦衣卫","0","2","2"
"他为都指挥佥","0","2","2"
"押到市场诛杀","0","2","2"
"皇上命给事中","0","2","2"
"理锦衣卫事务","0","2","2"
"进升为指挥同","0","2","2"
"两人都被诛杀","0","2","2"
"逯杲上奏弹劾","0","2","2"
"石亨的侄子石","0","2","2"
"亨的侄子石彪","0","2","2"
"他的党羽都指","0","2","2"
"的党羽都指挥","0","2","2"
"给事中程万里","0","2","2"
"交由门达处理","0","2","2"
"擅自鞭打军职","0","2","2"
"自鞭打军职人","0","2","2"
"鞭打军职人员","0","2","2"
"同意他的看法","0","2","2"
"曾在皇上面前","0","2","2"
"法司在午门外","0","2","2"
"纷纷上疏弹劾","0","2","2"
"弹劾他的罪行","0","2","2"
"将他逮捕治罪","0","2","2"
"为上林苑监丞","0","2","2"
"外都非常高兴","0","2","2"
"迎合皇上心意","0","2","2"
"他们都得了罪","0","2","2"
"到太常寺少卿","0","2","2"
"官不到三年的","0","2","2"
"贴身宦官之罪","0","2","2"
"请求将他们全","0","2","2"
"求将他们全部","0","2","2"
"的身份隶属于","0","2","2"
"他升为都指挥","0","2","2"
"言官纷纷谏阻","0","2","2"
"部尚书王琼被","0","2","2"
"死于诏狱之中","0","2","2"
"他的三个儿子","0","2","2"
"将他们全部投","0","2","2"
"们全部投进监","0","2","2"
"正好皇帝身体","0","2","2"
"被发给功臣家","0","2","2"
"发给功臣家为","0","2","2"
"给功臣家为奴","0","2","2"
"到下午四五点","0","2","2"
"逮入锦衣卫监","0","2","2"
"他的弟弟锦衣","0","2","2"
"他的养子钱杰","0","2","2"
"但他最后还是","0","2","2"
"的情况报告了","0","2","2"
"情况报告了皇","0","2","2"
"况报告了皇上","0","2","2"
"隶属于锦衣卫","0","2","2"
"为锦衣卫副千","0","2","2"
"八年他随从皇","0","2","2"
"起草圣旨要将","0","2","2"
"夏言这才罢了","0","2","2"
"进封为太子太","0","2","2"
"保兼太子太傅","0","2","2"
"相奔走于其门","0","2","2"
"诏令允许他乘","0","2","2"
"令允许他乘坐","0","2","2"
"拜他为礼部尚","0","2","2"
"有关官员为他","0","2","2"
"皇上非常宠爱","0","2","2"
"上非常宠爱他","0","2","2"
"这是什么兆头","0","2","2"
"他为神霄保国","0","2","2"
"全部投进诏狱","0","2","2"
"灾异频繁出现","0","2","2"
"仲文为恭诚伯","0","2","2"
"庇荫儿子为锦","0","2","2"
"荫儿子为锦衣","0","2","2"
"二龙不相见之","0","2","2"
"龙不相见之说","0","2","2"
"派锦衣卫官员","0","2","2"
"升为工部尚书","0","2","2"
"人们都害怕而","0","2","2"
"太祖称吴王时","0","2","2"
"所授予的宣抚","0","2","2"
"授予的宣抚官","0","2","2"
"予的宣抚官印","0","2","2"
"的宣抚官印来","0","2","2"
"宣抚官印来见","0","2","2"
"各设置长官一","0","2","2"
"设置长官一名","0","2","2"
"元朝皇帝所授","0","2","2"
"朝皇帝所授予","0","2","2"
"皇帝所授予的","0","2","2"
"为四川行省参","0","2","2"
"治理这些地方","0","2","2"
"朝廷便设置了","0","2","2"
"领一千五百名","0","2","2"
"设置千户所镇","0","2","2"
"置千户所镇守","0","2","2"
"招回蛮族百姓","0","2","2"
"来朝见皇帝的","0","2","2"
"人来朝见皇帝","0","2","2"
"世代相传的官","0","2","2"
"这些都是因为","0","2","2"
"元朝土官的子","0","2","2"
"朝土官的子孙","0","2","2"
"接受明朝廷的","0","2","2"
"讨论后认为可","0","2","2"
"覃友谅的儿子","0","2","2"
"礼部给皇帝上","0","2","2"
"容美宣抚司的","0","2","2"
"给他们的奖赏","0","2","2"
"把这些情况交","0","2","2"
"这些情况交给","0","2","2"
"皇帝都批准了","0","2","2"
"给他们一半的","0","2","2"
"他们一半的奖","0","2","2"
"们一半的奖赏","0","2","2"
"向皇上进献贡","0","2","2"
"皇帝同意了这","0","2","2"
"帝同意了这个","0","2","2"
"讨伐四川盗贼","0","2","2"
"部大臣讨论认","0","2","2"
"他们所经过的","0","2","2"
"们所经过的地","0","2","2"
"经过的地方都","0","2","2"
"随行的人不能","0","2","2"
"行的人不能超","0","2","2"
"的人不能超过","0","2","2"
"不能超过一百","0","2","2"
"对所经过的地","0","2","2"
"把向氏家族的","0","2","2"
"等人一起密谋","0","2","2"
"向皇上陈述了","0","2","2"
"一天不如一天","0","2","2"
"追究他们的罪","0","2","2"
"给他们颁发的","0","2","2"
"他们颁发的印","0","2","2"
"隶属于湖广都","0","2","2"
"属于湖广都指","0","2","2"
"于湖广都指挥","0","2","2"
"彭仲的儿子彭","0","2","2"
"天顺二年皇帝","0","2","2"
"征调永顺的军","0","2","2"
"调永顺的军队","0","2","2"
"皇帝命令给宣","0","2","2"
"平定苗人有功","0","2","2"
"定苗人有功劳","0","2","2"
"进献马匹表示","0","2","2"
"献马匹表示谢","0","2","2"
"马匹表示谢恩","0","2","2"
"讨论后认为不","0","2","2"
"论后认为不可","0","2","2"
"年也决定不下","0","2","2"
"像以前一样抢","0","2","2"
"捷报传给朝廷","0","2","2"
"他的儿子彭明","0","2","2"
"的儿子彭明辅","0","2","2"
"儿子彭明辅也","0","2","2"
"颁发敕令奖励","0","2","2"
"朝廷征调永顺","0","2","2"
"廷征调永顺土","0","2","2"
"征调永顺土兵","0","2","2"
"辞官在家的宣","0","2","2"
"官在家的宣慰","0","2","2"
"保靖的军队功","0","2","2"
"靖的军队功劳","0","2","2"
"的军队功劳最","0","2","2"
"军队功劳最大","0","2","2"
"给他们赏赐银","0","2","2"
"他们赏赐银币","0","2","2"
"三品官的服装","0","2","2"
"永顺的土兵进","0","2","2"
"敌人首级一千","0","2","2"
"得到皇帝赏赐","0","2","2"
"到皇帝赏赐的","0","2","2"
"永顺二个宣慰","0","2","2"
"皇上赏赐给他","0","2","2"
"上赏赐给他绣","0","2","2"
"赏赐给他绣有","0","2","2"
"他们各派遣儿","0","2","2"
"们各派遣儿子","0","2","2"
"为长官司长官","0","2","2"
"派人来朝廷献","0","2","2"
"人来朝廷献贡","0","2","2"
"同知以下的官","0","2","2"
"保靖的土兵去","0","2","2"
"又征调保靖的","0","2","2"
"征讨剿灭他们","0","2","2"
"贵州的女贼人","0","2","2"
"州的女贼人米","0","2","2"
"的女贼人米鲁","0","2","2"
"人给朝廷上奏","0","2","2"
"理宣慰司的事","0","2","2"
"宣慰司的事务","0","2","2"
"的十四个村寨","0","2","2"
"上奏请朝廷派","0","2","2"
"彭仕珑给朝廷","0","2","2"
"等人请求皇上","0","2","2"
"皇帝嘉奖他们","0","2","2"
"交给兵部讨论","0","2","2"
"他为湖广参政","0","2","2"
"赏赐给他银币","0","2","2"
"承其父的官职","0","2","2"
"圣旨严厉责备","0","2","2"
"结果全军覆没","0","2","2"
"召任太常寺少","0","2","2"
"获得皇上的宠","0","2","2"
"将罪过归咎于","0","2","2"
"后来升为御史","0","2","2"
"出任山东按察","0","2","2"
"调任北平按察","0","2","2"
"陈瑛接受燕王","0","2","2"
"得到皇上宠信","0","2","2"
"耿炳文超越本","0","2","2"
"弹劾驸马都尉","0","2","2"
"强娶民间女子","0","2","2"
"弹劾的其他人","0","2","2"
"大理寺少卿袁","0","2","2"
"理寺少卿袁复","0","2","2"
"现在他们已经","0","2","2"
"从早上八九点","0","2","2"
"仓猝之间无法","0","2","2"
"被关进监狱而","0","2","2"
"关进监狱而死","0","2","2"
"京翰林院事务","0","2","2"
"翰林学士的身","0","2","2"
"林学士的身份","0","2","2"
"他的儿子世蕃","0","2","2"
"御史纷纷弹劾","0","2","2"
"皇上非常愤怒","0","2","2"
"合皇上的心意","0","2","2"
"暗示言官弹劾","0","2","2"
"傅兼太子太师","0","2","2"
"微微觉察到严","0","2","2"
"微觉察到严嵩","0","2","2"
"自己所乘坐的","0","2","2"
"升任工部左侍","0","2","2"
"兼领尚书的俸","0","2","2"
"领尚书的俸禄","0","2","2"
"排挤陷害的人","0","2","2"
"也渐渐厌恶他","0","2","2"
"上疏弹劾严嵩","0","2","2"
"追究主使的人","0","2","2"
"时居住的地方","0","2","2"
"他的儿子锦衣","0","2","2"
"心中闷闷不乐","0","2","2"
"皇上左右的人","0","2","2"
"严嵩和他的孙","0","2","2"
"嵩和他的孙子","0","2","2"
"由太常寺卿升","0","2","2"
"太常寺卿升任","0","2","2"
"管尚宝司事务","0","2","2"
"士大夫们对他","0","2","2"
"揭发他的罪状","0","2","2"
"押到市场斩首","0","2","2"
"殿试都是第一","0","2","2"
"皇上御临文华","0","2","2"
"上御临文华殿","0","2","2"
"皇上点了点头","0","2","2"
"温体仁攻击钱","0","2","2"
"体仁攻击钱谦","0","2","2"
"仁攻击钱谦益","0","2","2"
"皇上在文华殿","0","2","2"
"上在文华殿召","0","2","2"
"独自与皇上谈","0","2","2"
"自与皇上谈话","0","2","2"
"南京给事中钱","0","2","2"
"京给事中钱允","0","2","2"
"给事中钱允鲸","0","2","2"
"第二年二月他","0","2","2"
"他加封为太子","0","2","2"
"改任武英殿大","0","2","2"
"人们议论纷纷","0","2","2"
"掘其祖先坟墓","0","2","2"
"给事中陈赞化","0","2","2"
"什么也没承认","0","2","2"
"皇上赐给白金","0","2","2"
"不久他加封为","0","2","2"
"进升为吏部尚","0","2","2"
"给事中曹良直","0","2","2"
"大学士吴生生","0","2","2"
"在正阳门外的","0","2","2"
"二十六年中进","0","2","2"
"很合皇上旨意","0","2","2"
"给事中顾其仁","0","2","2"
"科都给事中章","0","2","2"
"呈上钱千秋的","0","2","2"
"御史任赞化也","0","2","2"
"他们两人都是","0","2","2"
"左都御史曹于","0","2","2"
"以为体仁孤立","0","2","2"
"位居自己之上","0","2","2"
"周延儒被罢免","0","2","2"
"巡按御史禹好","0","2","2"
"按御史禹好善","0","2","2"
"意伯刘孔昭弹","0","2","2"
"伯刘孔昭弹劾","0","2","2"
"皇上觉得他很","0","2","2"
"到少师兼太子","0","2","2"
"皇上再三询问","0","2","2"
"弹劾他的奏章","0","2","2"
"假装称病辞职","0","2","2"
"得知这一消息","0","2","2"
"又采纳给事中","0","2","2"
"任工科给事中","0","2","2"
"阮大铖非常愤","0","2","2"
"大铖非常愤恨","0","2","2"
"魏忠贤被诛后","0","2","2"
"起用他为光禄","0","2","2"
"他为光禄寺卿","0","2","2"
"廷臣集中商议","0","2","2"
"大臣们才不敢","0","2","2"
"士英为什么不","0","2","2"
"东阁大学士兼","0","2","2"
"阁大学士兼兵","0","2","2"
"大学士兼兵部","0","2","2"
"学士兼兵部尚","0","2","2"
"士兼兵部尚书","0","2","2"
"加封他为少傅","0","2","2"
"封他为少傅兼","0","2","2"
"他为少傅兼太","0","2","2"
"海内有名望之","0","2","2"
"接连上疏攻击","0","2","2"
"大铖为兵部添","0","2","2"
"铖为兵部添注","0","2","2"
"圣旨严厉斥责","0","2","2"
"巡阅长江防线","0","2","2"
"为本部尚书兼","0","2","2"
"警报不断传来","0","2","2"
"左光斗的弟弟","0","2","2"
"光斗的弟弟光","0","2","2"
"卫胤文为兵部","0","2","2"
"胤文为兵部右","0","2","2"
"文为兵部右侍","0","2","2"
"给他恢复原官","0","2","2"
"在左良玉军中","0","2","2"
"良玉出兵清除","0","2","2"
"陛下即位之初","0","2","2"
"刘良佐的军队","0","2","2"
"他的儿子左梦","0","2","2"
"的儿子左梦庚","0","2","2"
"令将他们斩首","0","2","2"
"进升为侍讲学","0","2","2"
"马文升任尚书","0","2","2"
"人都是谢迁的","0","2","2"
"免他们的罪行","0","2","2"
"任文选司郎中","0","2","2"
"书马文升等人","0","2","2"
"与刘瑾是同乡","0","2","2"
"一天比一天严","0","2","2"
"天比一天严重","0","2","2"
"升为太常寺少","0","2","2"
"皇上贴身宦官","0","2","2"
"之罪被判死刑","0","2","2"
"历四十一年中","0","2","2"
"诏令将他革职","0","2","2"
"连夜跑到魏忠","0","2","2"
"夜跑到魏忠贤","0","2","2"
"跑到魏忠贤的","0","2","2"
"到魏忠贤的住","0","2","2"
"魏忠贤的住处","0","2","2"
"于是首先上疏","0","2","2"
"工部右侍郎兼","0","2","2"
"内阁大臣顾秉","0","2","2"
"阁大臣顾秉谦","0","2","2"
"他们排挤出去","0","2","2"
"他的儿子崔铎","0","2","2"
"诏令将他戮尸","0","2","2"
"那些因为提建","0","2","2"
"些因为提建议","0","2","2"
"议而得罪的人","0","2","2"
"他被任为南京","0","2","2"
"当时他已七十","0","2","2"
"升任顺天府丞","0","2","2"
"极力诋毁王之","0","2","2"
"周起元弹劾他","0","2","2"
"升为太仆寺少","0","2","2"
"给事中潘士闻","0","2","2"
"事中潘士闻弹","0","2","2"
"中潘士闻弹劾","0","2","2"
"升任户科给事","0","2","2"
"尚书孙丕扬因","0","2","2"
"与同僚一起上","0","2","2"
"同僚一起上书","0","2","2"
"触忤了魏忠贤","0","2","2"
"忤了魏忠贤的","0","2","2"
"了魏忠贤的意","0","2","2"
"不久升为兵部","0","2","2"
"久升为兵部右","0","2","2"
"后来逐渐讨厌","0","2","2"
"收回先前的命","0","2","2"
"回先前的命令","0","2","2"
"的人接踵而至","0","2","2"
"从宿迁到徐州","0","2","2"
"耗费金钱五十","0","2","2"
"被下狱判了死","0","2","2"
"赠给庇荫和祭","0","2","2"
"给庇荫和祭葬","0","2","2"
"被授予户部主","0","2","2"
"久他进升为副","0","2","2"
"他进升为副使","0","2","2"
"在家住了三年","0","2","2"
"进升为太子太","0","2","2"
"升为太子太傅","0","2","2"
"被言官弹劾罢","0","2","2"
"言官弹劾罢免","0","2","2"
"传旨严厉斥责","0","2","2"
"书周嘉谟等人","0","2","2"
"没有别的用心","0","2","2"
"给事中王志道","0","2","2"
"升任左佥都御","0","2","2"
"论者纷纷弹劾","0","2","2"
"为锦衣卫都指","0","2","2"
"张居正的三个","0","2","2"
"居正的三个儿","0","2","2"
"正的三个儿子","0","2","2"
"到正直的言论","0","2","2"
"告诫有关部门","0","2","2"
"皇上一概不予","0","2","2"
"提拔为右副都","0","2","2"
"拔为右副都御","0","2","2"
"历二十八年春","0","2","2"
"二十八年春天","0","2","2"
"将魏允贞的奏","0","2","2"
"魏允贞的奏疏","0","2","2"
"的奏疏下到部","0","2","2"
"奏疏下到部院","0","2","2"
"父亲年已九十","0","2","2"
"提升为兵部右","0","2","2"
"起用掌管河南","0","2","2"
"用掌管河南道","0","2","2"
"置于考察的名","0","2","2"
"于考察的名册","0","2","2"
"考察的名册上","0","2","2"
"这些人都是为","0","2","2"
"年以兵部右侍","0","2","2"
"的身份巡抚保","0","2","2"
"身份巡抚保定","0","2","2"
"一些亡命之徒","0","2","2"
"相互之间发生","0","2","2"
"为大理右寺丞","0","2","2"
"他又被起用为","0","2","2"
"授职户部主事","0","2","2"
"巡抚凤阳各府","0","2","2"
"他们都被逮捕","0","2","2"
"到了这种地步","0","2","2"
"皇上没有回答","0","2","2"
"国家形势危急","0","2","2"
"给事中曹于汴","0","2","2"
"是国家的福气","0","2","2"
"沈一贯担心沈","0","2","2"
"一贯担心沈鲤","0","2","2"
"皇上得到奏疏","0","2","2"
"李三才有雄才","0","2","2"
"三才有雄才大","0","2","2"
"才有雄才大略","0","2","2"
"李三才表面上","0","2","2"
"写信给叶向高","0","2","2"
"工部侍郎林如","0","2","2"
"部侍郎林如楚","0","2","2"
"刘光复所说的","0","2","2"
"没有得到什么","0","2","2"
"击李三才的人","0","2","2"
"率领他的部队","0","2","2"
"领他的部队一","0","2","2"
"把他们追赶到","0","2","2"
"万历五年春天","0","2","2"
"的身份镇守宁","0","2","2"
"身份镇守宁夏","0","2","2"
"被弹劾罢免了","0","2","2"
"小阿卜户侵犯","0","2","2"
"阿卜户侵犯黑","0","2","2"
"卜户侵犯黑峪","0","2","2"
"户侵犯黑峪关","0","2","2"
"多次骚扰边防","0","2","2"
"万历十八年春","0","2","2"
"落赤进犯洮河","0","2","2"
"骑兵侵犯一片","0","2","2"
"兵侵犯一片石","0","2","2"
"董一元功劳最","0","2","2"
"一元功劳最大","0","2","2"
"以副总兵的身","0","2","2"
"势力日益强大","0","2","2"
"多次侵犯边境","0","2","2"
"于是派遣副将","0","2","2"
"于是引兵离去","0","2","2"
"时是万历二十","0","2","2"
"是万历二十二","0","2","2"
"敌人乘虚而入","0","2","2"
"三天三夜后才","0","2","2"
"一面与陆地相","0","2","2"
"皇帝赏赐他银","0","2","2"
"帝赏赐他银币","0","2","2"
"共同平定叛乱","0","2","2"
"三百四十多人","0","2","2"
"制度予以赏赐","0","2","2"
"没有不叹息的","0","2","2"
"轻视朝廷之心","0","2","2"
"为此祭告祖庙","0","2","2"
"首一百三十多","0","2","2"
"为当时边将之","0","2","2"
"少数民族地区","0","2","2"
"上书称病引退","0","2","2"
"文给有关部门","0","2","2"
"担任右都御史","0","2","2"
"久改任吏部尚","0","2","2"
"月二十三日天","0","2","2"
"二十三日天刚","0","2","2"
"十三日天刚亮","0","2","2"
"郑贵妃占据乾","0","2","2"
"贵妃占据乾清","0","2","2"
"妃占据乾清宫","0","2","2"
"规劝皇帝节制","0","2","2"
"宗皇帝的遗诏","0","2","2"
"接受大臣们的","0","2","2"
"拔官吏的权力","0","2","2"
"些有才干的人","0","2","2"
"皇帝认为很好","0","2","2"
"皇帝想把他们","0","2","2"
"帝想把他们一","0","2","2"
"想把他们一起","0","2","2"
"把他们一起治","0","2","2"
"上疏弹劾兵部","0","2","2"
"疏弹劾兵部尚","0","2","2"
"被削籍为平民","0","2","2"
"省拖欠的赋税","0","2","2"
"任工科左给事","0","2","2"
"皇帝正在营造","0","2","2"
"都没有上报给","0","2","2"
"没有上报给皇","0","2","2"
"有上报给皇帝","0","2","2"
"都如石沉大海","0","2","2"
"求皇帝修身反","0","2","2"
"皇帝修身反省","0","2","2"
"调任太常寺少","0","2","2"
"身份巡抚湖广","0","2","2"
"百二十多万两","0","2","2"
"征召授官刑部","0","2","2"
"授官刑部右侍","0","2","2"
"官刑部右侍郎","0","2","2"
"历四十三年五","0","2","2"
"贵妃宫中的太","0","2","2"
"妃宫中的太监","0","2","2"
"内外议论纷扬","0","2","2"
"贵妃的弟弟郑","0","2","2"
"妃的弟弟郑国","0","2","2"
"郑国泰所主使","0","2","2"
"在慈宁宫召见","0","2","2"
"奸邪之人闯入","0","2","2"
"邪之人闯入内","0","2","2"
"之人闯入内宫","0","2","2"
"有关部门严加","0","2","2"
"将他们绳之以","0","2","2"
"光宗皇帝病危","0","2","2"
"的人定为一等","0","2","2"
"可灼进献红丸","0","2","2"
"没有能够制止","0","2","2"
"等到御史王安","0","2","2"
"到御史王安舜","0","2","2"
"将他绳之以法","0","2","2"
"李选侍想垂帘","0","2","2"
"选侍想垂帘听","0","2","2"
"侍想垂帘听政","0","2","2"
"上疏请求移宫","0","2","2"
"表明自己的心","0","2","2"
"明自己的心迹","0","2","2"
"只是将李可灼","0","2","2"
"下诏加封少保","0","2","2"
"乘着驿车回了","0","2","2"
"着驿车回了家","0","2","2"
"任命为刑部主","0","2","2"
"命为刑部主事","0","2","2"
"请求皇帝下旨","0","2","2"
"有皇帝的圣旨","0","2","2"
"张差招供同谋","0","2","2"
"很不高兴地说","0","2","2"
"于是上疏诋毁","0","2","2"
"力保护才得以","0","2","2"
"为广东按察使","0","2","2"
"修建魏忠贤祠","0","2","2"
"建魏忠贤祠堂","0","2","2"
"官吏进行考核","0","2","2"
"皇帝严厉责备","0","2","2"
"改任保定巡抚","0","2","2"
"上疏极力争辩","0","2","2"
"三十三年春天","0","2","2"
"兴修农田水利","0","2","2"
"易水可以灌溉","0","2","2"
"水可以灌溉金","0","2","2"
"可以灌溉金台","0","2","2"
"滹水可以灌溉","0","2","2"
"水可以灌溉恒","0","2","2"
"可以灌溉恒山","0","2","2"
"溏水可以灌溉","0","2","2"
"水可以灌溉中","0","2","2"
"可以灌溉中山","0","2","2"
"滏水可以灌溉","0","2","2"
"水可以灌溉襄","0","2","2"
"可以灌溉襄国","0","2","2"
"征召授官工部","0","2","2"
"北京户部尚书","0","2","2"
"一下子增加了","0","2","2"
"经费不够支出","0","2","2"
"皇帝高兴地采","0","2","2"
"提升为光禄少","0","2","2"
"升为光禄少卿","0","2","2"
"巡抚保定各府","0","2","2"
"升户部右侍郎","0","2","2"
"有权势的太监","0","2","2"
"请求皇帝下令","0","2","2"
"他勾结魏忠贤","0","2","2"
"顾命大臣刘一","0","2","2"
"大臣刘一火景","0","2","2"
"在皇帝面前哭","0","2","2"
"加重熊廷弼的","0","2","2"
"重熊廷弼的罪","0","2","2"
"没有人敢说话","0","2","2"
"弹劾王纪保护","0","2","2"
"劾王纪保护熊","0","2","2"
"王纪保护熊廷","0","2","2"
"揭发了这件事","0","2","2"
"提升为太常寺","0","2","2"
"孙玮多次上疏","0","2","2"
"左都御史的事","0","2","2"
"都御史的事情","0","2","2"
"多次上疏乞求","0","2","2"
"交给法律部门","0","2","2"
"辅臣刘一火景","0","2","2"
"掌握国家大权","0","2","2"
"子的罪过没有","0","2","2"
"大臣贪财但朝","0","2","2"
"不是国家的福","0","2","2"
"万历二十年正","0","2","2"
"历二十年正月","0","2","2"
"住了近三十年","0","2","2"
"冯从吾当左副","0","2","2"
"从吾当左副都","0","2","2"
"吾当左副都御","0","2","2"
"当左副都御史","0","2","2"
"于是请求退休","0","2","2"
"请求离职更加","0","2","2"
"求离职更加坚","0","2","2"
"于是剥夺了他","0","2","2"
"为礼部祠祭主","0","2","2"
"陛下正值壮年","0","2","2"
"只有十分之二","0","2","2"
"勾结扰乱朝政","0","2","2"
"百工技艺之人","0","2","2"
"为湖广按察司","0","2","2"
"因父母丧礼回","0","2","2"
"升为南京兵部","0","2","2"
"陛下富有四海","0","2","2"
"给事中唐尧钦","0","2","2"
"申时行等人请","0","2","2"
"时行等人请求","0","2","2"
"给事中薛三才","0","2","2"
"有采纳他的建","0","2","2"
"信伯费甲金的","0","2","2"
"皇帝都不采纳","0","2","2"
"书孙丕扬等人","0","2","2"
"言官说了却不","0","2","2"
"官说了却不能","0","2","2"
"说了却不能坚","0","2","2"
"了却不能坚持","0","2","2"
"是让陛下不能","0","2","2"
"让陛下不能像","0","2","2"
"陛下不能像祖","0","2","2"
"下不能像祖宗","0","2","2"
"不能像祖宗那","0","2","2"
"能像祖宗那样","0","2","2"
"远离奸邪的人","0","2","2"
"工科都给事中","0","2","2"
"提建议有罪呢","0","2","2"
"被贬为泽州判","0","2","2"
"贬为泽州判官","0","2","2"
"调任南京国子","0","2","2"
"负责司业的事","0","2","2"
"责司业的事务","0","2","2"
"提拔为南京礼","0","2","2"
"拔为南京礼部","0","2","2"
"改任吏部右侍","0","2","2"
"陈述矿税的危","0","2","2"
"述矿税的危害","0","2","2"
"成为唯一的宰","0","2","2"
"为唯一的宰相","0","2","2"
"有很长时间了","0","2","2"
"东宫太子停止","0","2","2"
"宫太子停止讲","0","2","2"
"让福王回封国","0","2","2"
"历四十一年春","0","2","2"
"援引祖宗的制","0","2","2"
"引祖宗的制度","0","2","2"
"没有这样的事","0","2","2"
"父子之间的情","0","2","2"
"叶向高的奏疏","0","2","2"
"皇帝完全采纳","0","2","2"
"一定不会安宁","0","2","2"
"一天比一天败","0","2","2"
"天比一天败坏","0","2","2"
"老成持重的大","0","2","2"
"成持重的大臣","0","2","2"
"请求增加阁臣","0","2","2"
"等到吏部尚书","0","2","2"
"多次请求辞职","0","2","2"
"万历四十年春","0","2","2"
"定他们的去留","0","2","2"
"加封少保兼太","0","2","2"
"封少傅兼太子","0","2","2"
"加封少师兼太","0","2","2"
"封少师兼太子","0","2","2"
"赏赐白金百两","0","2","2"
"考核官吏的大","0","2","2"
"核官吏的大典","0","2","2"
"国家得到治理","0","2","2"
"不久刑部尚书","0","2","2"
"部尚书王纪被","0","2","2"
"为人光明磊落","0","2","2"
"把他派往外地","0","2","2"
"皇上将要把他","0","2","2"
"事中陈良训上","0","2","2"
"中陈良训上疏","0","2","2"
"天启四年四月","0","2","2"
"给事中傅魁弹","0","2","2"
"事中傅魁弹劾","0","2","2"
"中傅魁弹劾左","0","2","2"
"傅魁弹劾左光","0","2","2"
"魁弹劾左光斗","0","2","2"
"利用职权接受","0","2","2"
"用职权接受贿","0","2","2"
"职权接受贿赂","0","2","2"
"左光斗等人勾","0","2","2"
"光斗等人勾结","0","2","2"
"斗等人勾结汪","0","2","2"
"等人勾结汪文","0","2","2"
"人勾结汪文言","0","2","2"
"杨涟上疏弹劾","0","2","2"
"涟上疏弹劾魏","0","2","2"
"劾魏忠贤的二","0","2","2"
"魏忠贤的二十","0","2","2"
"忠贤的二十四","0","2","2"
"的二十四大罪","0","2","2"
"二十四大罪状","0","2","2"
"叶向高被罢免","0","2","2"
"向高被罢免后","0","2","2"
"四十五年京官","0","2","2"
"十五年京官考","0","2","2"
"掌管翰林院的","0","2","2"
"当时内阁只有","0","2","2"
"叩头高呼万岁","0","2","2"
"当时李选侍居","0","2","2"
"今天是什么日","0","2","2"
"天是什么日子","0","2","2"
"的人得到任用","0","2","2"
"很多廷臣都请","0","2","2"
"多廷臣都请求","0","2","2"
"全部交给各部","0","2","2"
"散布流言蜚语","0","2","2"
"御史贾继春于","0","2","2"
"史贾继春于是","0","2","2"
"皇上刚刚即位","0","2","2"
"被魏忠贤排挤","0","2","2"
"它作为自己的","0","2","2"
"于是极力诋毁","0","2","2"
"轮流上书弹劾","0","2","2"
"上疏极力攻击","0","2","2"
"皇帝已经安慰","0","2","2"
"帝已经安慰挽","0","2","2"
"已经安慰挽留","0","2","2"
"四次上疏请求","0","2","2"
"有保卫国家的","0","2","2"
"保卫国家的功","0","2","2"
"卫国家的功劳","0","2","2"
"天启二年三月","0","2","2"
"假传圣旨指责","0","2","2"
"刘一燝的官衔","0","2","2"
"派遣官员慰问","0","2","2"
"遣官员慰问他","0","2","2"
"崇祯八年去世","0","2","2"
"韩爌和刘一燝","0","2","2"
"李可灼自称有","0","2","2"
"可灼自称有仙","0","2","2"
"帝的在天之灵","0","2","2"
"到杨涟弹劾魏","0","2","2"
"二十四条大罪","0","2","2"
"十四条大罪状","0","2","2"
"力更加嚣张了","0","2","2"
"皇帝的雷霆之","0","2","2"
"皇帝处理政务","0","2","2"
"帝处理政务的","0","2","2"
"魏忠贤和他的","0","2","2"
"代替他成为首","0","2","2"
"替他成为首辅","0","2","2"
"魏忠贤的私党","0","2","2"
"天启五年七月","0","2","2"
"党杨维垣等人","0","2","2"
"让他的一个儿","0","2","2"
"崇祯二年正月","0","2","2"
"不可以拿结党","0","2","2"
"可以拿结党拉","0","2","2"
"以拿结党拉派","0","2","2"
"拿结党拉派来","0","2","2"
"惩处魏忠贤的","0","2","2"
"处魏忠贤的党","0","2","2"
"以解除人民的","0","2","2"
"皇帝正在宠幸","0","2","2"
"接受他的意见","0","2","2"
"民都称颂他的","0","2","2"
"狄道发生山崩","0","2","2"
"他转任左侍郎","0","2","2"
"内阁参与机密","0","2","2"
"他又被加封为","0","2","2"
"又被加封为太","0","2","2"
"上了十三道奏","0","2","2"
"皇上下诏加封","0","2","2"
"下诏加封他为","0","2","2"
"指挥佥事的职","0","2","2"
"有大将的才干","0","2","2"
"李成梁前往救","0","2","2"
"成梁前往救援","0","2","2"
"于是大规模地","0","2","2"
"荫封李成梁世","0","2","2"
"封李成梁世代","0","2","2"
"过了一年的十","0","2","2"
"了一年的十月","0","2","2"
"成梁将其击退","0","2","2"
"李成梁打退了","0","2","2"
"成梁打退了他","0","2","2"
"梁打退了他们","0","2","2"
"李成梁传令副","0","2","2"
"成梁传令副将","0","2","2"
"梁传令副将杨","0","2","2"
"传令副将杨腾","0","2","2"
"击王惟屏分兵","0","2","2"
"王惟屏分兵驻","0","2","2"
"惟屏分兵驻守","0","2","2"
"屏分兵驻守军","0","2","2"
"分兵驻守军事","0","2","2"
"兵驻守军事要","0","2","2"
"驻守军事要地","0","2","2"
"而命令参将曹","0","2","2"
"敌人狼狈逃窜","0","2","2"
"如同下雨一般","0","2","2"
"荫封为都指挥","0","2","2"
"封为都指挥同","0","2","2"
"受到重大打击","0","2","2"
"敌人数以千计","0","2","2"
"加封李成梁为","0","2","2"
"封李成梁为太","0","2","2"
"世代荫封为锦","0","2","2"
"代荫封为锦衣","0","2","2"
"俘四百七十多","0","2","2"
"担任指挥佥事","0","2","2"
"把他们杀死了","0","2","2"
"于是请求皇帝","0","2","2"
"已投降的敌人","0","2","2"
"派遣各将分别","0","2","2"
"遣各将分别驻","0","2","2"
"各将分别驻守","0","2","2"
"自己亲自率领","0","2","2"
"出塞二百多里","0","2","2"
"万历七年十月","0","2","2"
"自己率领参将","0","2","2"
"从此一蹶不振","0","2","2"
"率领轻骑兵从","0","2","2"
"增加每年的俸","0","2","2"
"加每年的俸禄","0","2","2"
"痛哭着离开了","0","2","2"
"增加每年俸禄","0","2","2"
"加每年俸禄一","0","2","2"
"每年俸禄一百","0","2","2"
"年俸禄一百石","0","2","2"
"人不接受招抚","0","2","2"
"清佳纈的儿子","0","2","2"
"荫封指挥佥事","0","2","2"
"荫封锦衣卫指","0","2","2"
"封锦衣卫指挥","0","2","2"
"将士冒死冲锋","0","2","2"
"历十五年春天","0","2","2"
"逐渐强盛起来","0","2","2"
"奏疏虽然没有","0","2","2"
"安心于本职工","0","2","2"
"心于本职工作","0","2","2"
"継拜在宁夏反","0","2","2"
"拜在宁夏反叛","0","2","2"
"成梁镇守辽东","0","2","2"
"捐杂税剥削人","0","2","2"
"杂税剥削人民","0","2","2"
"李成梁再次镇","0","2","2"
"成梁再次镇守","0","2","2"
"梁再次镇守辽","0","2","2"
"再次镇守辽东","0","2","2"
"议将孤山堡移","0","2","2"
"死的人到处都","0","2","2"
"给事中黄道瞻","0","2","2"
"申时行请求皇","0","2","2"
"的弟弟李如柏","0","2","2"
"皇帝没有接受","0","2","2"
"皇帝剥夺了他","0","2","2"
"帝剥夺了他们","0","2","2"
"于是命令李如","0","2","2"
"是命令李如松","0","2","2"
"李如松为提督","0","2","2"
"攀登云梯攻城","0","2","2"
"前往勾结河套","0","2","2"
"李如松提督蓟","0","2","2"
"以大同江为界","0","2","2"
"历二十一年正","0","2","2"
"以为是授封的","0","2","2"
"为是授封的使","0","2","2"
"是授封的使者","0","2","2"
"行长渡过大同","0","2","2"
"长渡过大同江","0","2","2"
"尚书石星极力","0","2","2"
"上疏极力争论","0","2","2"
"土蛮进犯辽东","0","2","2"
"万历十年冬天","0","2","2"
"不敢再出来了","0","2","2"
"贼全部被平定","0","2","2"
"俘虏四百多人","0","2","2"
"不久因病回家","0","2","2"
"倭寇已经进入","0","2","2"
"倭寇将领行长","0","2","2"
"专门攻打清正","0","2","2"
"并将他们击败","0","2","2"
"第二年正月二","0","2","2"
"正好平秀吉死","0","2","2"
"麻贵于是进入","0","2","2"
"贵于是进入岛","0","2","2"
"于是进入岛山","0","2","2"
"下诏让他乘驿","0","2","2"
"他乘驿车回家","0","2","2"
"张献忠攻陷襄","0","2","2"
"献忠攻陷襄阳","0","2","2"
"率数十万大军","0","2","2"
"保定府清苑县","0","2","2"
"定府清苑县人","0","2","2"
"民起义军攻陷","0","2","2"
"由乡试举人而","0","2","2"
"州府长洲县人","0","2","2"
"苏州府吴县人","0","2","2"
"洪武七年逝世","0","2","2"
"与陈友谅大战","0","2","2"
"陈友谅大战于","0","2","2"
"管理神庙的人","0","2","2"
"交司法官问罪","0","2","2"
"得到原礼的医","0","2","2"
"到原礼的医书","0","2","2"
"于是授为御医","0","2","2"
"这位江湖医生","0","2","2"
"常州府武进人","0","2","2"
"死无葬身之地","0","2","2"
"我的病治不好","0","2","2"
"的病治不好了","0","2","2"
"享年七十七岁","0","2","2"
"学向朝廷举荐","0","2","2"
"崇祯十七年二","0","2","2"
"祯十七年二月","0","2","2"
"人心更加惶惶","0","2","2"
"心更加惶惶不","0","2","2"
"更加惶惶不安","0","2","2"
"义军大队人马","0","2","2"
"射书入城劝降","0","2","2"
"他是东林党人","0","2","2"
"弹劾南京兵部","0","2","2"
"任河南右布政","0","2","2"
"张献忠占领四","0","2","2"
"献忠占领四川","0","2","2"
"曹变蛟是曹文","0","2","2"
"变蛟是曹文诏","0","2","2"
"蛟是曹文诏的","0","2","2"
"是曹文诏的侄","0","2","2"
"曹文诏的侄子","0","2","2"
"朝廷听从了他","0","2","2"
"在战斗中死去","0","2","2"
"在关山镇打败","0","2","2"
"城打败了他们","0","2","2"
"又击败了他们","0","2","2"
"打算进犯西安","0","2","2"
"三十多个州县","0","2","2"
"了四正六隅的","0","2","2"
"让他们戴罪办","0","2","2"
"承畴命令变蛟","0","2","2"
"尸体横七竖八","0","2","2"
"体横七竖八地","0","2","2"
"他的部下都是","0","2","2"
"心才安定下来","0","2","2"
"总督洪承畴出","0","2","2"
"督洪承畴出关","0","2","2"
"遇上大清部队","0","2","2"
"催促承畴出兵","0","2","2"
"已很长时间了","0","2","2"
"取代了他的职","0","2","2"
"代了他的职务","0","2","2"
"宗文皇帝亲自","0","2","2"
"三千七百多人","0","2","2"
"为他们建立祠","0","2","2"
"他们建立祠庙","0","2","2"
"为世袭锦衣指","0","2","2"
"良玉率领昌平","0","2","2"
"玉率领昌平军","0","2","2"
"朝廷诏令他到","0","2","2"
"于是向西逃跑","0","2","2"
"朝廷命令他率","0","2","2"
"做援剿总兵官","0","2","2"
"接连打败他们","0","2","2"
"皇帝报告了这","0","2","2"
"帝报告了这件","0","2","2"
"报告了这件事","0","2","2"
"很多投降过来","0","2","2"
"投降过来的将","0","2","2"
"降过来的将领","0","2","2"
"征调他的军队","0","2","2"
"命令各位将领","0","2","2"
"于是越过卢氏","0","2","2"
"上书报告朝廷","0","2","2"
"跟在他的后面","0","2","2"
"军队缺乏粮食","0","2","2"
"弃了成千上万","0","2","2"
"了成千上万的","0","2","2"
"督师杨嗣昌推","0","2","2"
"师杨嗣昌推荐","0","2","2"
"联合各路军队","0","2","2"
"进入四川境内","0","2","2"
"督郑崇俭率领","0","2","2"
"敌军进入四川","0","2","2"
"兵力分散势力","0","2","2"
"力分散势力就","0","2","2"
"营相连有一百","0","2","2"
"相连有一百多","0","2","2"
"连有一百多里","0","2","2"
"有一百多里长","0","2","2"
"过了很长一段","0","2","2"
"白羊山向西逃","0","2","2"
"平贼将军的大","0","2","2"
"贼将军的大印","0","2","2"
"玛瑙山的捷报","0","2","2"
"从小路出梓潼","0","2","2"
"献忠登上高处","0","2","2"
"后悔没有采纳","0","2","2"
"悔没有采纳元","0","2","2"
"没有采纳元吉","0","2","2"
"有采纳元吉的","0","2","2"
"采纳元吉的建","0","2","2"
"纳元吉的建议","0","2","2"
"原尚书侯恂从","0","2","2"
"尚书侯恂从狱","0","2","2"
"书侯恂从狱中","0","2","2"
"十五万两银子","0","2","2"
"没有什么收获","0","2","2"
"左良玉的军队","0","2","2"
"心才稳定下来","0","2","2"
"讨厌他们奸淫","0","2","2"
"他的儿子梦庚","0","2","2"
"又命令给事中","0","2","2"
"促他出兵作战","0","2","2"
"荫封他一个儿","0","2","2"
"封他一个儿子","0","2","2"
"他为太子太傅","0","2","2"
"这时良玉已经","0","2","2"
"清除皇上身边","0","2","2"
"除皇上身边的","0","2","2"
"皇上身边的坏","0","2","2"
"上身边的坏人","0","2","2"
"北来太子一事","0","2","2"
"的病情已经很","0","2","2"
"朝廷传令让黄","0","2","2"
"当时大清兵已","0","2","2"
"时大清兵已经","0","2","2"
"兵已经打下了","0","2","2"
"差不多消灭完","0","2","2"
"的包围才解除","0","2","2"
"龙因此被剥夺","0","2","2"
"因此被剥夺官","0","2","2"
"此被剥夺官职","0","2","2"
"承畴率领人龙","0","2","2"
"这件事详见于","0","2","2"
"的部下有很多","0","2","2"
"部下有很多降","0","2","2"
"京师的战事平","0","2","2"
"师的战事平息","0","2","2"
"在玛瑙山把贼","0","2","2"
"玛瑙山把贼兵","0","2","2"
"瑙山把贼兵打","0","2","2"
"嗣昌到达重庆","0","2","2"
"寇于是越过成","0","2","2"
"于是越过成都","0","2","2"
"部队开出潼关","0","2","2"
"汪乔年开出潼","0","2","2"
"乔年开出潼关","0","2","2"
"告诉他自己的","0","2","2"
"诉他自己的意","0","2","2"
"他自己的意思","0","2","2"
"传庭到陕西后","0","2","2"
"任原来的官职","0","2","2"
"于是被打得大","0","2","2"
"是被打得大败","0","2","2"
"领精锐骑兵打","0","2","2"
"自成打下西安","0","2","2"
"领高杰的部队","0","2","2"
"守了一个多月","0","2","2"
"监督他的军队","0","2","2"
"荫封一个儿子","0","2","2"
"一个儿子入官","0","2","2"
"为世袭锦衣佥","0","2","2"
"对他的死感到","0","2","2"
"朱家寨离开封","0","2","2"
"依次扎下八个","0","2","2"
"所过之处都被","0","2","2"
"给事中韩如愈","0","2","2"
"这事报告给朝","0","2","2"
"所提出的主张","0","2","2"
"两次上书弹劾","0","2","2"
"上书弹劾宗周","0","2","2"
"宾客一起饮酒","0","2","2"
"斩获首级一千","0","2","2"
"正好总督洪承","0","2","2"
"好总督洪承畴","0","2","2"
"为吏部稽勋主","0","2","2"
"总兵官马火广","0","2","2"
"他看到天下大","0","2","2"
"看到天下大乱","0","2","2"
"祯皇帝命令他","0","2","2"
"良玉的部队在","0","2","2"
"就上书弹劾士","0","2","2"
"我不敢说他们","0","2","2"
"奏疏递进去以","0","2","2"
"疏递进去以后","0","2","2"
"士英对他怀恨","0","2","2"
"出任礼部尚书","0","2","2"
"召为兵部尚书","0","2","2"
"与丁魁楚等人","0","2","2"
"又赐了他尚方","0","2","2"
"享有见机行事","0","2","2"
"平定了不沾泥","0","2","2"
"没能传到他手","0","2","2"
"相持了一个月","0","2","2"
"传令各位将官","0","2","2"
"等人也不同程","0","2","2"
"人也不同程度","0","2","2"
"也不同程度地","0","2","2"
"自成的妻子高","0","2","2"
"成的妻子高氏","0","2","2"
"开诚布公地对","0","2","2"
"诚布公地对他","0","2","2"
"布公地对他们","0","2","2"
"公地对他们加","0","2","2"
"唐王非常高兴","0","2","2"
"给胤锡加官为","0","2","2"
"兵部左侍郎兼","0","2","2"
"部左侍郎兼右","0","2","2"
"加官为东阁大","0","2","2"
"官为东阁大学","0","2","2"
"许他便宜行事","0","2","2"
"李成栋背叛了","0","2","2"
"归附了永明王","0","2","2"
"腾蛟命令胤锡","0","2","2"
"对此很不高兴","0","2","2"
"永明王于是让","0","2","2"
"国子监的事务","0","2","2"
"黔国公的事例","0","2","2"
"一定要得到批","0","2","2"
"定要得到批准","0","2","2"
"气婉转的诏书","0","2","2"
"婉转的诏书回","0","2","2"
"转的诏书回答","0","2","2"
"的诏书回答了","0","2","2"
"诏书回答了他","0","2","2"
"党的主要人物","0","2","2"
"的主要人物是","0","2","2"
"一份指示批评","0","2","2"
"份指示批评金","0","2","2"
"指示批评金堡","0","2","2"
"做自己的监军","0","2","2"
"当时大清部队","0","2","2"
"大清部队更加","0","2","2"
"清部队更加逼","0","2","2"
"部队更加逼近","0","2","2"
"任吏部文选主","0","2","2"
"他为太常少卿","0","2","2"
"升为东阁大学","0","2","2"
"他们的同伙冷","0","2","2"
"们的同伙冷孟","0","2","2"
"的同伙冷孟钅","0","2","2"
"同伙冷孟钅任","0","2","2"
"上书揭发了他","0","2","2"
"书揭发了他们","0","2","2"
"永明王就命令","0","2","2"
"和他们的同伙","0","2","2"
"交给朝臣讨论","0","2","2"
"当时是顺治十","0","2","2"
"了追赠和抚恤","0","2","2"
"于是他和定国","0","2","2"
"考中万历三十","0","2","2"
"都可以开垦成","0","2","2"
"国家财用不足","0","2","2"
"都是国家的根","0","2","2"
"由左侍郎升为","0","2","2"
"他改任吏部尚","0","2","2"
"的权力交给阁","0","2","2"
"权力交给阁臣","0","2","2"
"更加轻视朝廷","0","2","2"
"背上长出疽疮","0","2","2"
"事情给朝廷知","0","2","2"
"情给朝廷知道","0","2","2"
"为南京礼部主","0","2","2"
"书李日宣等人","0","2","2"
"臣中有很多人","0","2","2"
"是自古以来不","0","2","2"
"自古以来不曾","0","2","2"
"古以来不曾有","0","2","2"
"以来不曾有过","0","2","2"
"庄烈帝大为恼","0","2","2"
"我是朝廷大臣","0","2","2"
"升任刑科给事","0","2","2"
"触犯魏忠贤被","0","2","2"
"在山海关上有","0","2","2"
"职人员增加到","0","2","2"
"一万六千多人","0","2","2"
"奏议交给有关","0","2","2"
"议交给有关部","0","2","2"
"给有关部门讨","0","2","2"
"把他给罢了官","0","2","2"
"请求大力整顿","0","2","2"
"后升任太常少","0","2","2"
"当时各地盗贼","0","2","2"
"升为刑部尚书","0","2","2"
"应当再让他们","0","2","2"
"给剥夺了官籍","0","2","2"
"帝都采纳了他","0","2","2"
"这是为什么呢","0","2","2"
"二十八个州县","0","2","2"
"负责督办漕运","0","2","2"
"问他们的疾苦","0","2","2"
"为兵科都给事","0","2","2"
"想借此机会安","0","2","2"
"经营黄河以北","0","2","2"
"能把住黄河防","0","2","2"
"把住黄河防卫","0","2","2"
"千人为他护行","0","2","2"
"听说南京失守","0","2","2"
"访问民间疾苦","0","2","2"
"追求个人名声","0","2","2"
"请求辞官归家","0","2","2"
"百姓奏请挽留","0","2","2"
"士民哀悼不已","0","2","2"
"了三十年的官","0","2","2"
"因父母去世而","0","2","2"
"升为山东布政","0","2","2"
"上书评论时事","0","2","2"
"百姓为他建祠","0","2","2"
"授户科给事中","0","2","2"
"把他捆绑起来","0","2","2"
"督促百姓开垦","0","2","2"
"去向巡按御史","0","2","2"
"再升为员外郎","0","2","2"
"减去十分之二","0","2","2"
"百姓不受侵扰","0","2","2"
"的官吏数十人","0","2","2"
"镇守大同的宦","0","2","2"
"守大同的宦官","0","2","2"
"父母丧而离职","0","2","2"
"称病辞官而去","0","2","2"
"为他建祠祭祀","0","2","2"
"八年乡试中举","0","2","2"
"招募熟习水性","0","2","2"
"募熟习水性的","0","2","2"
"熟习水性的人","0","2","2"
"享年九十七岁","0","2","2"
"十三年乡试中","0","2","2"
"三年乡试中举","0","2","2"
"京官每六年考","0","2","2"
"六年考核一次","0","2","2"
"为南京刑部员","0","2","2"
"晋升为浙江副","0","2","2"
"辞官归家奉养","0","2","2"
"官归家奉养母","0","2","2"
"归家奉养母亲","0","2","2"
"母亲去世后他","0","2","2"
"朝廷起用他为","0","2","2"
"袭锦衣百户的","0","2","2"
"全面负责军事","0","2","2"
"面负责军事的","0","2","2"
"崇祯十年正月","0","2","2"
"的军队接连攻","0","2","2"
"身材短小精悍","0","2","2"
"出任户部右侍","0","2","2"
"大典总管漕运","0","2","2"
"也认为是这样","0","2","2"
"朝廷推选内阁","0","2","2"
"廷推选内阁大","0","2","2"
"推选内阁大臣","0","2","2"
"可法听说此事","0","2","2"
"用温和的语气","0","2","2"
"然而从这以后","0","2","2"
"可法担心高杰","0","2","2"
"法担心高杰蛮","0","2","2"
"担心高杰蛮横","0","2","2"
"事情才得以解","0","2","2"
"情才得以解决","0","2","2"
"在北方的大臣","0","2","2"
"恐怕会使他们","0","2","2"
"圣明的陛下您","0","2","2"
"今年三月以来","0","2","2"
"死于乱贼手下","0","2","2"
"是千古不曾有","0","2","2"
"千古不曾有过","0","2","2"
"古不曾有过的","0","2","2"
"晋升少师兼太","0","2","2"
"升少师兼太子","0","2","2"
"当时人们都说","0","2","2"
"请求任用邹元","0","2","2"
"求任用邹元标","0","2","2"
"检举他的过失","0","2","2"
"称病回乡去了","0","2","2"
"朝廷提拔他为","0","2","2"
"提拔他为太仆","0","2","2"
"拔他为太仆少","0","2","2"
"崇祯三年春天","0","2","2"
"出任南京兵部","0","2","2"
"京兵部左侍郎","0","2","2"
"陵墓进行祭祀","0","2","2"
"请派遣官员去","0","2","2"
"派遣官员去通","0","2","2"
"自己承担责任","0","2","2"
"他改任户部尚","0","2","2"
"继咸又上书陈","0","2","2"
"受贿赂的几件","0","2","2"
"贿赂的几件事","0","2","2"
"崇祯皇帝下诏","0","2","2"
"皇帝下诏逮捕","0","2","2"
"继咸得以恢复","0","2","2"
"咸得以恢复原","0","2","2"
"得以恢复原职","0","2","2"
"降服了他的部","0","2","2"
"提升他为右佥","0","2","2"
"升他为右佥都","0","2","2"
"朝廷决定设置","0","2","2"
"廷决定设置一","0","2","2"
"在南京即位后","0","2","2"
"对他怀恨在心","0","2","2"
"不必要的开支","0","2","2"
"的秘密指示是","0","2","2"
"秘密指示是从","0","2","2"
"密指示是从哪","0","2","2"
"指示是从哪里","0","2","2"
"示是从哪里搞","0","2","2"
"很长时间才说","0","2","2"
"决心坚定地想","0","2","2"
"破格提拔他为","0","2","2"
"举行抚恤典礼","0","2","2"
"没有得到允许","0","2","2"
"处理国家事务","0","2","2"
"希望从今以后","0","2","2"
"次上书极力推","0","2","2"
"上书极力推辞","0","2","2"
"把他们打跑了","0","2","2"
"京师就失陷了","0","2","2"
"集在一起的有","0","2","2"
"替他的人还没","0","2","2"
"他的人还没到","0","2","2"
"平定叛乱的功","0","2","2"
"定叛乱的功劳","0","2","2"
"下去会弄成什","0","2","2"
"去会弄成什么","0","2","2"
"会弄成什么样","0","2","2"
"弄成什么样子","0","2","2"
"因为他们两个","0","2","2"
"为他们两个都","0","2","2"
"腾蛟没有同意","0","2","2"
"祯十六年冬天","0","2","2"
"让他以原先的","0","2","2"
"他以原先的身","0","2","2"
"以原先的身份","0","2","2"
"朱聿键在福州","0","2","2"
"被大清兵打败","0","2","2"
"腾蛟与侍郎严","0","2","2"
"蛟与侍郎严起","0","2","2"
"与侍郎严起恒","0","2","2"
"自己做了盗贼","0","2","2"
"起初是一个小","0","2","2"
"请求朝廷封他","0","2","2"
"他考中万历四","0","2","2"
"历四十四年榜","0","2","2"
"四十四年榜进","0","2","2"
"十四年榜进士","0","2","2"
"为户部给事中","0","2","2"
"掌管户部事务","0","2","2"
"帝也采纳了他","0","2","2"
"也采纳了他的","0","2","2"
"弹劾大学士刘","0","2","2"
"帝下诏让朝廷","0","2","2"
"听取他们的意","0","2","2"
"取他们的意见","0","2","2"
"体仁已经罢官","0","2","2"
"应该立为皇帝","0","2","2"
"清兵打下了汀","0","2","2"
"兵打下了汀州","0","2","2"
"他便宜行事的","0","2","2"
"任命兵部侍郎","0","2","2"
"请求永明王回","0","2","2"
"求永明王回到","0","2","2"
"东阁大学士的","0","2","2"
"把他们打入监","0","2","2"
"他们打入监狱","0","2","2"
"上书挽救他们","0","2","2"
"撰写了一篇奏","0","2","2"
"耽误了国家大","0","2","2"
"到地方上去了","0","2","2"
"升为国子祭酒","0","2","2"
"升他为兵部尚","0","2","2"
"给他见机行事","0","2","2"
"他见机行事的","0","2","2"
"新军将领张安","0","2","2"
"大清兵的包围","0","2","2"
"得功写了一封","0","2","2"
"大臣们习惯于","0","2","2"
"采用宽大政策","0","2","2"
"可是议论的人","0","2","2"
"经有人议论说","0","2","2"
"有人议论说这","0","2","2"
"人议论说这是","0","2","2"
"这些议论的人","0","2","2"
"已经占领了南","0","2","2"
"当兵部右侍郎","0","2","2"
"末年朝廷命令","0","2","2"
"这时大清部队","0","2","2"
"城就被打下了","0","2","2"
"收捕了他的妻","0","2","2"
"捕了他的妻子","0","2","2"
"城外的包围圈","0","2","2"
"王提升他为翰","0","2","2"
"提升他为翰林","0","2","2"
"被提升为兵部","0","2","2"
"提升为兵部尚","0","2","2"
"兵过来攻打他","0","2","2"
"因此所到之处","0","2","2"
"此所到之处人","0","2","2"
"所到之处人们","0","2","2"
"到之处人们都","0","2","2"
"关于国家大事","0","2","2"
"于国家大事的","0","2","2"
"正好丁魁楚等","0","2","2"
"好丁魁楚等人","0","2","2"
"永明王在肇庆","0","2","2"
"明王在肇庆监","0","2","2"
"王在肇庆监国","0","2","2"
"和他的两个儿","0","2","2"
"的部队也到来","0","2","2"
"城被打了下来","0","2","2"
"荫封他的儿子","0","2","2"
"唐王朱聿键到","0","2","2"
"他为翰林学士","0","2","2"
"最终还是不能","0","2","2"
"掌管兵部的事","0","2","2"
"管兵部的事务","0","2","2"
"他们抓起来杀","0","2","2"
"了吏科都给事","0","2","2"
"得知事变发生","0","2","2"
"从城墙上吊下","0","2","2"
"等人都投降了","0","2","2"
"授官章丘知县","0","2","2"
"提升大典为右","0","2","2"
"帝嘉奖了他们","0","2","2"
"死的人不计其","0","2","2"
"全部被平定了","0","2","2"
"皇帝非常恼怒","0","2","2"
"多次被给事中","0","2","2"
"给事中方士亮","0","2","2"
"下令把他剥夺","0","2","2"
"令把他剥夺官","0","2","2"
"把他剥夺官籍","0","2","2"
"把这事报告了","0","2","2"
"事报告了朝廷","0","2","2"
"左良玉举兵东","0","2","2"
"这两个人都是","0","2","2"
"改任兵部右侍","0","2","2"
"庄烈帝在中左","0","2","2"
"烈帝在中左门","0","2","2"
"帝在中左门召","0","2","2"
"他兼任右佥都","0","2","2"
"终年五十二岁","0","2","2"
"提出招安的主","0","2","2"
"出招安的主张","0","2","2"
"如入无人之境","0","2","2"
"因为提建议被","0","2","2"
"为提建议被贬","0","2","2"
"不久又升任右","0","2","2"
"被加官太子少","0","2","2"
"初任长兴知县","0","2","2"
"慷慨激昂地对","0","2","2"
"是触犯魏忠贤","0","2","2"
"初任工部主事","0","2","2"
"用一百张嘴巴","0","2","2"
"一百张嘴巴保","0","2","2"
"含蓄地提到这","0","2","2"
"蓄地提到这一","0","2","2"
"地提到这一点","0","2","2"
"任湖广按察使","0","2","2"
"又升为山东右","0","2","2"
"刑部的监狱里","0","2","2"
"被授予翰林院","0","2","2"
"提拔为浙江按","0","2","2"
"拔为浙江按察","0","2","2"
"皇帝没有同意","0","2","2"
"帝认为他的话","0","2","2"
"下交礼部议论","0","2","2"
"给事中杨思忠","0","2","2"
"兼任太子太傅","0","2","2"
"皇上只有两个","0","2","2"
"杨继盛弹劾严","0","2","2"
"继盛弹劾严嵩","0","2","2"
"王宗茂弹劾严","0","2","2"
"宗茂弹劾严嵩","0","2","2"
"严嵩的儿子世","0","2","2"
"嵩的儿子世蕃","0","2","2"
"邹应龙为通政","0","2","2"
"应龙为通政司","0","2","2"
"龙为通政司参","0","2","2"
"徐阶取代严嵩","0","2","2"
"阶取代严嵩任","0","2","2"
"取代严嵩任首","0","2","2"
"代严嵩任首辅","0","2","2"
"屡次奏请增添","0","2","2"
"次奏请增添内","0","2","2"
"奏请增添内阁","0","2","2"
"请增添内阁大","0","2","2"
"徐阶极力陈述","0","2","2"
"史齐康弹劾徐","0","2","2"
"齐康弹劾徐阶","0","2","2"
"上书弹劾高拱","0","2","2"
"年提拔为礼部","0","2","2"
"一道进入内阁","0","2","2"
"是徐阶的同乡","0","2","2"
"草拟命令加以","0","2","2"
"御史齐康替高","0","2","2"
"史齐康替高拱","0","2","2"
"齐康替高拱弹","0","2","2"
"康替高拱弹劾","0","2","2"
"替高拱弹劾徐","0","2","2"
"高拱弹劾徐阶","0","2","2"
"过了一年去世","0","2","2"
"子弟横行乡里","0","2","2"
"应该慎重挑选","0","2","2"
"俺答的孙子把","0","2","2"
"答的孙子把汉","0","2","2"
"的孙子把汉那","0","2","2"
"子把汉那吉前","0","2","2"
"把汉那吉前来","0","2","2"
"张居正极力主","0","2","2"
"居正极力主张","0","2","2"
"给事中韩楫弹","0","2","2"
"事中韩楫弹劾","0","2","2"
"中韩楫弹劾贞","0","2","2"
"韩楫弹劾贞吉","0","2","2"
"于是上书弹劾","0","2","2"
"高仪接受遗命","0","2","2"
"命令给事中雒","0","2","2"
"令给事中雒遵","0","2","2"
"等到宣读诏书","0","2","2"
"晋升为侍讲学","0","2","2"
"侍郎兼翰林院","0","2","2"
"郎兼翰林院学","0","2","2"
"加封太子太师","0","2","2"
"皇后为仁圣皇","0","2","2"
"后为仁圣皇太","0","2","2"
"为仁圣皇太后","0","2","2"
"后侮辱给事中","0","2","2"
"给事中余懋学","0","2","2"
"四维进入内阁","0","2","2"
"不像从前那样","0","2","2"
"赏赐他坐蟒官","0","2","2"
"赐他坐蟒官服","0","2","2"
"儿子编修张嗣","0","2","2"
"子编修张嗣修","0","2","2"
"皇帝举行婚礼","0","2","2"
"张居正请求回","0","2","2"
"居正请求回乡","0","2","2"
"奏请扩充内阁","0","2","2"
"礼部尚书马自","0","2","2"
"部尚书马自强","0","2","2"
"派遣司礼太监","0","2","2"
"派遣锦衣指挥","0","2","2"
"皇帝下诏派遣","0","2","2"
"拜见两宫皇太","0","2","2"
"违心地顺从了","0","2","2"
"皇帝在平台召","0","2","2"
"冯保和张居正","0","2","2"
"开始主持朝政","0","2","2"
"被提拔为锦衣","0","2","2"
"提拔为锦衣卫","0","2","2"
"拔为锦衣卫指","0","2","2"
"的三个儿子都","0","2","2"
"三个儿子都在","0","2","2"
"在科举考试中","0","2","2"
"衣冠整齐地拜","0","2","2"
"可以担当大任","0","2","2"
"一个儿子为尚","0","2","2"
"个儿子为尚宝","0","2","2"
"儿子为尚宝丞","0","2","2"
"子为指挥佥事","0","2","2"
"护送他的灵柩","0","2","2"
"皇帝命令司礼","0","2","2"
"大臣联合奏疏","0","2","2"
"人们更加怀念","0","2","2"
"帝同意了他们","0","2","2"
"封贡的议论兴","0","2","2"
"已经晋升为左","0","2","2"
"经晋升为左侍","0","2","2"
"给事中曹大聎","0","2","2"
"武清伯李伟是","0","2","2"
"阁大学士入内","0","2","2"
"张居正的心意","0","2","2"
"感戴皇帝的圣","0","2","2"
"大肆贿赂冯保","0","2","2"
"提拔为少詹事","0","2","2"
"拔为少詹事兼","0","2","2"
"提升为礼部右","0","2","2"
"左侍郎身份负","0","2","2"
"侍郎身份负责","0","2","2"
"请求恢复他原","0","2","2"
"求恢复他原来","0","2","2"
"恢复他原来的","0","2","2"
"他被加封太子","0","2","2"
"被加封太子少","0","2","2"
"张居正准备回","0","2","2"
"居正准备回乡","0","2","2"
"正准备回乡安","0","2","2"
"准备回乡安葬","0","2","2"
"备回乡安葬父","0","2","2"
"与申时行一起","0","2","2"
"一起参与机要","0","2","2"
"因为救助吴中","0","2","2"
"为救助吴中行","0","2","2"
"等到神宗即位","0","2","2"
"万历十一年四","0","2","2"
"历十一年四月","0","2","2"
"一再上奏请求","0","2","2"
"接受了他的请","0","2","2"
"受了他的请求","0","2","2"
"进士薛敷教弹","0","2","2"
"士薛敷教弹劾","0","2","2"
"薛敷教弹劾吴","0","2","2"
"敷教弹劾吴时","0","2","2"
"在暖阁召见辅","0","2","2"
"暖阁召见辅佐","0","2","2"
"阁召见辅佐大","0","2","2"
"在万历二十年","0","2","2"
"被赠封为太保","0","2","2"
"张居正服丧期","0","2","2"
"居正服丧期限","0","2","2"
"正服丧期限未","0","2","2"
"服丧期限未满","0","2","2"
"准备对吴中行","0","2","2"
"出任广东副使","0","2","2"
"升任吏部右侍","0","2","2"
"给事中许弘纲","0","2","2"
"王锡爵返回朝","0","2","2"
"锡爵返回朝廷","0","2","2"
"接受朝贺完毕","0","2","2"
"求皇帝下诏治","0","2","2"
"确定国家的根","0","2","2"
"定国家的根本","0","2","2"
"下优诏答复知","0","2","2"
"优诏答复知道","0","2","2"
"诏答复知道了","0","2","2"
"王锡爵性格刚","0","2","2"
"赵志皋任首辅","0","2","2"
"等到封贡的事","0","2","2"
"到封贡的事情","0","2","2"
"的人更加多了","0","2","2"
"违背了张居正","0","2","2"
"背了张居正的","0","2","2"
"了张居正的意","0","2","2"
"当时他已经升","0","2","2"
"张居正死后的","0","2","2"
"居正死后的第","0","2","2"
"正死后的第二","0","2","2"
"死后的第二年","0","2","2"
"给事中冯景隆","0","2","2"
"掌管司业的事","0","2","2"
"管司业的事务","0","2","2"
"令他就任原职","0","2","2"
"日本封贡的事","0","2","2"
"本封贡的事情","0","2","2"
"遇上父亲的丧","0","2","2"
"上父亲的丧事","0","2","2"
"于是奏请皇帝","0","2","2"
"亲自到郊庙祭","0","2","2"
"自到郊庙祭祀","0","2","2"
"补充空缺的官","0","2","2"
"充空缺的官职","0","2","2"
"事中刘道亨弹","0","2","2"
"中刘道亨弹劾","0","2","2"
"主事丁应泰弹","0","2","2"
"事丁应泰弹劾","0","2","2"
"于是剥夺他的","0","2","2"
"是剥夺他的官","0","2","2"
"将他从官籍中","0","2","2"
"他从官籍中除","0","2","2"
"他的亲朋故友","0","2","2"
"身份充当日讲","0","2","2"
"份充当日讲官","0","2","2"
"后享用的寝宫","0","2","2"
"并兼东阁大学","0","2","2"
"皇帝不能采用","0","2","2"
"南京的考核结","0","2","2"
"京的考核结果","0","2","2"
"政一天天松弛","0","2","2"
"给事中汪若霖","0","2","2"
"任用了于慎行","0","2","2"
"历三十八年秋","0","2","2"
"三十八年秋天","0","2","2"
"后有五十多人","0","2","2"
"上奏二十多次","0","2","2"
"晋升为吏部尚","0","2","2"
"有大臣的气节","0","2","2"
"升任吏科给事","0","2","2"
"皇帝听从了建","0","2","2"
"帝听从了建议","0","2","2"
"给事中张宪臣","0","2","2"
"上疏陈述四件","0","2","2"
"疏陈述四件事","0","2","2"
"敕令朝廷大臣","0","2","2"
"请求皇帝勤于","0","2","2"
"为吏科都给事","0","2","2"
"欧阳一敬等人","0","2","2"
"夺他们的官职","0","2","2"
"被提升为太仆","0","2","2"
"曾经弹劾高拱","0","2","2"
"欧阳一敬极力","0","2","2"
"高拱再度任宰","0","2","2"
"拱再度任宰相","0","2","2"
"希望陛下不要","0","2","2"
"他们商议政事","0","2","2"
"疏留在宫中不","0","2","2"
"留在宫中不下","0","2","2"
"在宫中不下发","0","2","2"
"任福建提学副","0","2","2"
"大学士高拱执","0","2","2"
"学士高拱执掌","0","2","2"
"士高拱执掌吏","0","2","2"
"高拱执掌吏部","0","2","2"
"相继上疏反对","0","2","2"
"隆庆三年正月","0","2","2"
"皇后移居别宫","0","2","2"
"以备缓急之用","0","2","2"
"皇帝虽然安慰","0","2","2"
"帝虽然安慰挽","0","2","2"
"虽然安慰挽留","0","2","2"
"这样君臣之间","0","2","2"
"第二年正月初","0","2","2"
"阿谀奉承的人","0","2","2"
"贬为马邑典史","0","2","2"
"御史又弹劾他","0","2","2"
"高拱以内阁大","0","2","2"
"拱以内阁大臣","0","2","2"
"以内阁大臣身","0","2","2"
"内阁大臣身份","0","2","2"
"是高拱的门生","0","2","2"
"第二年二月上","0","2","2"
"纠察弹劾大臣","0","2","2"
"希望陛下明确","0","2","2"
"不久改任礼部","0","2","2"
"渐渐不如当初","0","2","2"
"不看重奇异的","0","2","2"
"看重奇异的东","0","2","2"
"重奇异的东西","0","2","2"
"奏章一起下达","0","2","2"
"于是被提升为","0","2","2"
"升为山西提学","0","2","2"
"第二年考取进","0","2","2"
"授职为中书舍","0","2","2"
"职为中书舍人","0","2","2"
"升任礼科给事","0","2","2"
"是大学士严嵩","0","2","2"
"诏令都依从了","0","2","2"
"世宗召他担任","0","2","2"
"神宗认为他的","0","2","2"
"上奏请求禁止","0","2","2"
"封赠为太子太","0","2","2"
"取嘉靖三十八","0","2","2"
"右佥都御史辖","0","2","2"
"佥都御史辖治","0","2","2"
"西南少数民族","0","2","2"
"皇帝下诏褒奖","0","2","2"
"依旧巡抚故地","0","2","2"
"都御史接替他","0","2","2"
"讨伐并平定了","0","2","2"
"伐并平定了他","0","2","2"
"召见并任命为","0","2","2"
"任命为户部右","0","2","2"
"命为户部右侍","0","2","2"
"统辖两广的军","0","2","2"
"就任兵部尚书","0","2","2"
"没有大臣的气","0","2","2"
"高拱被罢免后","0","2","2"
"他担任右副都","0","2","2"
"御史周之翰弹","0","2","2"
"史周之翰弹劾","0","2","2"
"晋升为南京右","0","2","2"
"升为南京右都","0","2","2"
"为户部尚书督","0","2","2"
"刘台弹劾张居","0","2","2"
"台弹劾张居正","0","2","2"
"别人攻击自己","0","2","2"
"居正大为恼怒","0","2","2"
"出任南京太仆","0","2","2"
"调任大理寺卿","0","2","2"
"任南京刑部右","0","2","2"
"升任兵科给事","0","2","2"
"元年正月初七","0","2","2"
"几件不法的事","0","2","2"
"下诏停止每天","0","2","2"
"诏停止每天的","0","2","2"
"王守仁在文庙","0","2","2"
"的时间久了就","0","2","2"
"严格保甲制度","0","2","2"
"最后没有施行","0","2","2"
"他升任太仆少","0","2","2"
"高拱再次入阁","0","2","2"
"长子出宫接受","0","2","2"
"被当时的舆论","0","2","2"
"取嘉靖三十五","0","2","2"
"敌寇大举侵入","0","2","2"
"上奏请求减少","0","2","2"
"帝都答复可以","0","2","2"
"最终没有听从","0","2","2"
"被调出京城担","0","2","2"
"为辽东苑马寺","0","2","2"
"为山东按察使","0","2","2"
"的一个儿子录","0","2","2"
"一个儿子录入","0","2","2"
"个儿子录入官","0","2","2"
"儿子录入官籍","0","2","2"
"万历十九年春","0","2","2"
"李成梁粉饰功","0","2","2"
"历十八年冬天","0","2","2"
"兵科给事中张","0","2","2"
"特别赦免了他","0","2","2"
"他升任兵部右","0","2","2"
"日本受封与朝","0","2","2"
"本受封与朝贡","0","2","2"
"受封与朝贡的","0","2","2"
"封与朝贡的议","0","2","2"
"与朝贡的议论","0","2","2"
"调任南京户部","0","2","2"
"担任刑部左侍","0","2","2"
"又改任吏部职","0","2","2"
"熟悉倭寇的情","0","2","2"
"悉倭寇的情况","0","2","2"
"认为应当处死","0","2","2"
"赵学仕是大学","0","2","2"
"学仕是大学士","0","2","2"
"仕是大学士赵","0","2","2"
"是大学士赵志","0","2","2"
"士赵志皋的族","0","2","2"
"皇帝下诏挽留","0","2","2"
"帝下诏挽留他","0","2","2"
"奏章都被留在","0","2","2"
"章都被留在宫","0","2","2"
"都被留在宫中","0","2","2"
"再次上奏请求","0","2","2"
"率领同僚劝谏","0","2","2"
"上奏请求回乡","0","2","2"
"极力陈述矿税","0","2","2"
"赠封他为太子","0","2","2"
"压制了他的提","0","2","2"
"制了他的提议","0","2","2"
"佥都御史巡视","0","2","2"
"赵用贤因为拒","0","2","2"
"用贤因为拒绝","0","2","2"
"贤因为拒绝婚","0","2","2"
"因为拒绝婚事","0","2","2"
"保全大臣的体","0","2","2"
"全大臣的体统","0","2","2"
"大臣讨论战守","0","2","2"
"纳了他们的建","0","2","2"
"他出任南京刑","0","2","2"
"出任南京刑部","0","2","2"
"学士张居正是","0","2","2"
"任南京右佥都","0","2","2"
"增加兵力防守","0","2","2"
"兵力防守要害","0","2","2"
"却得不到官职","0","2","2"
"大理寺的事务","0","2","2"
"其余的人全部","0","2","2"
"余的人全部释","0","2","2"
"的人全部释放","0","2","2"
"皇帝召见他并","0","2","2"
"升任南京工部","0","2","2"
"身份在家闲居","0","2","2"
"遭遇父母丧事","0","2","2"
"升任太子太保","0","2","2"
"任山东提学副","0","2","2"
"仇鸾镇守甘肃","0","2","2"
"俺答迫近都城","0","2","2"
"打来孙十多万","0","2","2"
"来孙十多万骑","0","2","2"
"孙十多万骑兵","0","2","2"
"儿子为锦衣千","0","2","2"
"子为锦衣千户","0","2","2"
"十件善后事宜","0","2","2"
"因为给事中张","0","2","2"
"便断绝敌寇窥","0","2","2"
"断绝敌寇窥探","0","2","2"
"靖四十二年十","0","2","2"
"劝谏而被治罪","0","2","2"
"谏而被治罪的","0","2","2"
"被治罪的大臣","0","2","2"
"治罪的大臣们","0","2","2"
"皇帝下诏令他","0","2","2"
"尽力替他解脱","0","2","2"
"不久转任左侍","0","2","2"
"久转任左侍郎","0","2","2"
"兼任凤阳巡抚","0","2","2"
"淮河以北地区","0","2","2"
"部队的年度给","0","2","2"
"队的年度给养","0","2","2"
"百三十多万两","0","2","2"
"乘驿车归乡的","0","2","2"
"刘体乾的谏言","0","2","2"
"提取太仓的银","0","2","2"
"百七十六万多","0","2","2"
"纷纷上书请求","0","2","2"
"有关部门负责","0","2","2"
"被剥夺了半年","0","2","2"
"皇帝曾经询问","0","2","2"
"的人越来越多","0","2","2"
"等人纷纷上奏","0","2","2"
"皇帝都依从了","0","2","2"
"上疏弹劾吏部","0","2","2"
"疏弹劾吏部尚","0","2","2"
"吏部尚书汪钅","0","2","2"
"部尚书汪钅宏","0","2","2"
"贬为亳州判官","0","2","2"
"任南京户部右","0","2","2"
"成化元年以后","0","2","2"
"他与巡按御史","0","2","2"
"的几千两银子","0","2","2"
"将他削职为民","0","2","2"
"在此之前已经","0","2","2"
"第二年考中进","0","2","2"
"将他们全部释","0","2","2"
"任山西按察使","0","2","2"
"请求回家侍养","0","2","2"
"妄自进奉药物","0","2","2"
"陶仲文的方术","0","2","2"
"极力替他辩解","0","2","2"
"以年老为由请","0","2","2"
"年老为由请求","0","2","2"
"以廉洁平易著","0","2","2"
"廉洁平易著称","0","2","2"
"自从嘉靖中期","0","2","2"
"从现在开始的","0","2","2"
"以便系縻他们","0","2","2"
"便系縻他们的","0","2","2"
"于是称病回家","0","2","2"
"有经邦济世的","0","2","2"
"十二年晋升为","0","2","2"
"二年晋升为礼","0","2","2"
"与机要事务的","0","2","2"
"诏令晋升他为","0","2","2"
"皇太子的礼仪","0","2","2"
"评事名隹于仁","0","2","2"
"迅速决定大计","0","2","2"
"历二十年春季","0","2","2"
"年春季举行册","0","2","2"
"春季举行册立","0","2","2"
"次上奏请求罢","0","2","2"
"奏请求罢免官","0","2","2"
"奏请皇帝早日","0","2","2"
"早日建立东宫","0","2","2"
"临朝处理政务","0","2","2"
"皇帝亲近大臣","0","2","2"
"三十多名言官","0","2","2"
"奏疏请求皇帝","0","2","2"
"请求罢免自己","0","2","2"
"皇帝也不同意","0","2","2"
"合皇帝的心意","0","2","2"
"万历十二年冬","0","2","2"
"历十二年冬季","0","2","2"
"万历十四年春","0","2","2"
"同意了他的奏","0","2","2"
"皇后的父亲永","0","2","2"
"后的父亲永年","0","2","2"
"的父亲永年伯","0","2","2"
"真人张国祥称","0","2","2"
"事情也就中止","0","2","2"
"情也就中止了","0","2","2"
"他坚持不同意","0","2","2"
"京师长期干旱","0","2","2"
"郭正域是沈鲤","0","2","2"
"正域是沈鲤的","0","2","2"
"域是沈鲤的门","0","2","2"
"朝廷内外阻隔","0","2","2"
"神宗得到奏疏","0","2","2"
"于是赏赐给他","0","2","2"
"与沈一贯积怨","0","2","2"
"陈述当时政治","0","2","2"
"享年八十五岁","0","2","2"
"御史刘台因为","0","2","2"
"史刘台因为弹","0","2","2"
"刘台因为弹劾","0","2","2"
"台因为弹劾张","0","2","2"
"张居正被逮捕","0","2","2"
"张居正服丧未","0","2","2"
"居正服丧未满","0","2","2"
"丧未满夺情出","0","2","2"
"当时张居正已","0","2","2"
"居正的母亲年","0","2","2"
"又转任左侍郎","0","2","2"
"升任礼部尚书","0","2","2"
"穆宗升格祭祀","0","2","2"
"在太庙中祭祀","0","2","2"
"皇帝迅速决定","0","2","2"
"他的同僚下属","0","2","2"
"于是礼部官员","0","2","2"
"人任内阁大臣","0","2","2"
"为太子少保兼","0","2","2"
"慎行已经患病","0","2","2"
"并任命他为礼","0","2","2"
"遇上楚王华奎","0","2","2"
"历三十三年夏","0","2","2"
"李廷机多次上","0","2","2"
"廷机多次上奏","0","2","2"
"也坚持不同意","0","2","2"
"历三十五年夏","0","2","2"
"三十五年夏季","0","2","2"
"剥夺了他们的","0","2","2"
"夺了他们的俸","0","2","2"
"的十二条罪状","0","2","2"
"在家住了四年","0","2","2"
"没有大的过失","0","2","2"
"件可忧虑之事","0","2","2"
"与方从哲一起","0","2","2"
"皇帝好言回答","0","2","2"
"奏请皇帝永远","0","2","2"
"赵鸣阳的手笔","0","2","2"
"皇帝便赐给他","0","2","2"
"人护送他回乡","0","2","2"
"被晋升为太子","0","2","2"
"嘉靖二十年的","0","2","2"
"靖二十年的进","0","2","2"
"调任贵州提学","0","2","2"
"升为户部右侍","0","2","2"
"国公朱希忠去","0","2","2"
"公朱希忠去世","0","2","2"
"给事中朱南雍","0","2","2"
"出京担任河南","0","2","2"
"晋升为山西右","0","2","2"
"为山西右参政","0","2","2"
"被提拔为右佥","0","2","2"
"以左侍郎的身","0","2","2"
"俺答侵犯石州","0","2","2"
"给事中张卤的","0","2","2"
"陕西三边的军","0","2","2"
"西三边的军务","0","2","2"
"他升任南京兵","0","2","2"
"他为刑部尚书","0","2","2"
"张居正的父亲","0","2","2"
"杖责议论的人","0","2","2"
"晋升为大理寺","0","2","2"
"将他们全部抓","0","2","2"
"他们全部抓获","0","2","2"
"四十四年秋天","0","2","2"
"出任南京右都","0","2","2"
"年的利益所在","0","2","2"
"其他的事情将","0","2","2"
"他的事情将他","0","2","2"
"皇帝下诏准许","0","2","2"
"帝下诏准许他","0","2","2"
"解除官职听候","0","2","2"
"汇报了他的功","0","2","2"
"报了他的功绩","0","2","2"
"不久被任命为","0","2","2"
"并任命他为户","0","2","2"
"任命他为户部","0","2","2"
"他为户部尚书","0","2","2"
"奉皇帝的诏令","0","2","2"
"十多年的积蓄","0","2","2"
"三百多万两白","0","2","2"
"百多万两白银","0","2","2"
"一百五十万石","0","2","2"
"已经下诏同意","0","2","2"
"他改任兵部尚","0","2","2"
"给事中张养蒙","0","2","2"
"他进入朝廷担","0","2","2"
"有多余的积蓄","0","2","2"
"应该全部交付","0","2","2"
"力陈述它的危","0","2","2"
"皇帝都不听从","0","2","2"
"靖三十四年以","0","2","2"
"三十四年以后","0","2","2"
"告示朝廷内外","0","2","2"
"他响应诏令上","0","2","2"
"帝接纳并嘉奖","0","2","2"
"接纳并嘉奖了","0","2","2"
"纳并嘉奖了他","0","2","2"
"于是回到家乡","0","2","2"
"任南京太仆卿","0","2","2"
"不久晋升为右","0","2","2"
"他调任南京兵","0","2","2"
"命为刑部尚书","0","2","2"
"国子监学习礼","0","2","2"
"命令户部尚书","0","2","2"
"浙江发生饥荒","0","2","2"
"历二十一年他","0","2","2"
"二十一年他与","0","2","2"
"十一年他与吏","0","2","2"
"一年他与吏部","0","2","2"
"年他与吏部尚","0","2","2"
"他与吏部尚书","0","2","2"
"与吏部尚书孙","0","2","2"
"部侍郎赵用贤","0","2","2"
"为云南布政使","0","2","2"
"调任工部右侍","0","2","2"
"侍郎升为尚书","0","2","2"
"下诏令他乘驿","0","2","2"
"认为他的建议","0","2","2"
"为他的建议很","0","2","2"
"他的建议很好","0","2","2"
"任礼科都给事","0","2","2"
"他出任应天府","0","2","2"
"工部尚书何起","0","2","2"
"部尚书何起鸣","0","2","2"
"是攻击辛自修","0","2","2"
"于是削夺了他","0","2","2"
"是削夺了他的","0","2","2"
"允许他的儿子","0","2","2"
"担任户部左侍","0","2","2"
"请求回乡养老","0","2","2"
"将他们全部放","0","2","2"
"给事中姚文尉","0","2","2"
"的奏章留在宫","0","2","2"
"在宫中没有下","0","2","2"
"宫中没有下发","0","2","2"
"皇帝一向看重","0","2","2"
"杨时乔主持此","0","2","2"
"时乔主持此事","0","2","2"
"沈一贯想庇护","0","2","2"
"奏疏送入宫中","0","2","2"
"接连上奏攻击","0","2","2"
"上奏攻击温纯","0","2","2"
"给事中陈嘉训","0","2","2"
"温纯结束仕途","0","2","2"
"被起用为户部","0","2","2"
"减少了三分之","0","2","2"
"每年增加二十","0","2","2"
"年增加二十万","0","2","2"
"增加二十万两","0","2","2"
"加二十万两金","0","2","2"
"二十万两金花","0","2","2"
"十万两金花银","0","2","2"
"的什么事情不","0","2","2"
"什么事情不是","0","2","2"
"施行他的建议","0","2","2"
"到了万历三十","0","2","2"
"举行大婚之礼","0","2","2"
"吏部尚书空缺","0","2","2"
"于是朝廷大臣","0","2","2"
"在家居住七年","0","2","2"
"被征召为工科","0","2","2"
"征召为工科给","0","2","2"
"召为工科给事","0","2","2"
"西部边疆的事","0","2","2"
"部边疆的事务","0","2","2"
"调任太常少卿","0","2","2"
"他为户部左侍","0","2","2"
"请求调拨内府","0","2","2"
"求调拨内府的","0","2","2"
"于是成为每年","0","2","2"
"是成为每年的","0","2","2"
"任少傅兼太子","0","2","2"
"申时行任首辅","0","2","2"
"将丁此吕贬出","0","2","2"
"丁此吕贬出京","0","2","2"
"议论的人更加","0","2","2"
"的姻亲徐学谟","0","2","2"
"徐贞明的提议","0","2","2"
"见申时行等人","0","2","2"
"申时行奏请皇","0","2","2"
"时行奏请皇帝","0","2","2"
"告诫朝廷大臣","0","2","2"
"诫朝廷大臣不","0","2","2"
"朝廷大臣不要","0","2","2"
"皇帝亲自裁定","0","2","2"
"试中获第一名","0","2","2"
"人到张居正处","0","2","2"
"与大臣申时行","0","2","2"
"的儿子王衡考","0","2","2"
"侵犯西部边疆","0","2","2"
"于是皇帝赐给","0","2","2"
"是皇帝赐给他","0","2","2"
"皇帝派遣内侍","0","2","2"
"亲手写的诏书","0","2","2"
"给事中史孟麟","0","2","2"
"极力奏请皇帝","0","2","2"
"皇帝召见大臣","0","2","2"
"上奏称病请求","0","2","2"
"次加封太子太","0","2","2"
"派遣官员带着","0","2","2"
"特意加封他为","0","2","2"
"历任吏部左侍","0","2","2"
"与平定杨应龙","0","2","2"
"辅佐他成为贤","0","2","2"
"罪的诸位大臣","0","2","2"
"当时吏部尚书","0","2","2"
"的人每天都有","0","2","2"
"郭正域与沈鲤","0","2","2"
"了郭正域的船","0","2","2"
"考察的奏疏也","0","2","2"
"在家居住十年","0","2","2"
"家居住十年后","0","2","2"
"居住十年后去","0","2","2"
"住十年后去世","0","2","2"
"次迁官后升任","0","2","2"
"学士叶向高奏","0","2","2"
"士叶向高奏请","0","2","2"
"用他为礼部右","0","2","2"
"于是将他们全","0","2","2"
"是将他们全部","0","2","2"
"军队攻克抚顺","0","2","2"
"希望陛下大振","0","2","2"
"兵科给事中赵","0","2","2"
"科给事中赵兴","0","2","2"
"两次上奏弹劾","0","2","2"
"上奏弹劾他们","0","2","2"
"奏请补充内阁","0","2","2"
"请补充内阁大","0","2","2"
"皇帝一向厌恶","0","2","2"
"方从哲单独执","0","2","2"
"从哲单独执政","0","2","2"
"历四十八年七","0","2","2"
"七月二十九日","0","2","2"
"册封贵妃为皇","0","2","2"
"宦官崔文升进","0","2","2"
"方从哲向皇帝","0","2","2"
"和御史左光斗","0","2","2"
"御史王安舜弹","0","2","2"
"史王安舜弹劾","0","2","2"
"李可灼的罪行","0","2","2"
"令朝廷大臣商","0","2","2"
"呈送药的前后","0","2","2"
"送药的前后经","0","2","2"
"药的前后经过","0","2","2"
"方从哲的请求","0","2","2"
"沈节甫坚持不","0","2","2"
"召见并委任他","0","2","2"
"考取万历二十","0","2","2"
"官至南京礼部","0","2","2"
"进忠是魏忠贤","0","2","2"
"驸马都尉王籨","0","2","2"
"有失大臣的体","0","2","2"
"失大臣的体统","0","2","2"
"做了礼部左侍","0","2","2"
"了礼部左侍郎","0","2","2"
"封为礼部侍郎","0","2","2"
"世宗大为恼怒","0","2","2"
"部尚书吴鹏一","0","2","2"
"遭遇父亲的丧","0","2","2"
"封他为礼部尚","0","2","2"
"考取会试第一","0","2","2"
"取会试第一名","0","2","2"
"又升为吏部右","0","2","2"
"家中没有多余","0","2","2"
"中没有多余的","0","2","2"
"没有多余的资","0","2","2"
"追赠他为礼部","0","2","2"
"赠他为礼部尚","0","2","2"
"请求皇上亲自","0","2","2"
"晋升为本部尚","0","2","2"
"或者诬陷他们","0","2","2"
"朝廷大臣共同","0","2","2"
"册立东宫太子","0","2","2"
"下令停止征收","0","2","2"
"停止征收矿税","0","2","2"
"党徒大为哗然","0","2","2"
"上奏极力攻击","0","2","2"
"奏极力攻击王","0","2","2"
"极力攻击王图","0","2","2"
"科举考场上的","0","2","2"
"协助掌管詹事","0","2","2"
"助掌管詹事府","0","2","2"
"无不肃然起敬","0","2","2"
"是张居正专权","0","2","2"
"唐文献与同僚","0","2","2"
"文献与同僚杨","0","2","2"
"献与同僚杨道","0","2","2"
"赠封为礼部尚","0","2","2"
"历任太常少卿","0","2","2"
"的奏疏下发给","0","2","2"
"奏疏下发给九","0","2","2"
"疏下发给九卿","0","2","2"
"受当权宦官的","0","2","2"
"当权宦官的祸","0","2","2"
"权宦官的祸害","0","2","2"
"处置当权宦官","0","2","2"
"置当权宦官的","0","2","2"
"当权宦官的办","0","2","2"
"权宦官的办法","0","2","2"
"希望皇上遵循","0","2","2"
"任命他为国子","0","2","2"
"命他为国子监","0","2","2"
"归向东宫的是","0","2","2"
"提升为南京国","0","2","2"
"升为南京国子","0","2","2"
"给事中杨所修","0","2","2"
"怀疑奏疏出自","0","2","2"
"给有关部门处","0","2","2"
"有关部门处理","0","2","2"
"在家居住两年","0","2","2"
"家居住两年后","0","2","2"
"居住两年后去","0","2","2"
"住两年后去世","0","2","2"
"原实录详细记","0","2","2"
"实录详细记载","0","2","2"
"出京担任南京","0","2","2"
"有固定的时间","0","2","2"
"魏忠贤的势力","0","2","2"
"起用为少詹事","0","2","2"
"便削夺了他的","0","2","2"
"任命他为南京","0","2","2"
"尸体投入江中","0","2","2"
"为南京大理卿","0","2","2"
"副都御史代替","0","2","2"
"功升为左副都","0","2","2"
"兵部右侍郎职","0","2","2"
"对国家有利的","0","2","2"
"浙江以及南畿","0","2","2"
"倪岳任吏部尚","0","2","2"
"岳任吏部尚书","0","2","2"
"停止额外织造","0","2","2"
"一品官满了九","0","2","2"
"品官满了九年","0","2","2"
"尚书余子俊说","0","2","2"
"大夏为右副都","0","2","2"
"夏为右副都御","0","2","2"
"又疏通孙家渡","0","2","2"
"共三百六十里","0","2","2"
"皇帝的命令一","0","2","2"
"帝的命令一下","0","2","2"
"几乎误了大事","0","2","2"
"四方镇守宦官","0","2","2"
"为孝宗所信任","0","2","2"
"提升刑部右侍","0","2","2"
"任南京礼部主","0","2","2"
"改任刑部主事","0","2","2"
"百姓得到好处","0","2","2"
"出现人吃人的","0","2","2"
"流离失所的人","0","2","2"
"于是相安无事","0","2","2"
"应该恢复旧制","0","2","2"
"给事中吴世忠","0","2","2"
"为太常少卿兼","0","2","2"
"太常少卿兼侍","0","2","2"
"常少卿兼侍读","0","2","2"
"如洪武年间的","0","2","2"
"代为起草奏章","0","2","2"
"的人不可胜数","0","2","2"
"违背圣上旨意","0","2","2"
"上疏极力规劝","0","2","2"
"太仆寺的银两","0","2","2"
"御史因此弹劾","0","2","2"
"享年五十八岁","0","2","2"
"李敏两次上疏","0","2","2"
"京师发生大水","0","2","2"
"师发生大水灾","0","2","2"
"御史都被逮捕","0","2","2"
"有关部门审理","0","2","2"
"边粮储备因此","0","2","2"
"十三年的进士","0","2","2"
"升任为右副都","0","2","2"
"朝廷讨论派遣","0","2","2"
"廷讨论派遣大","0","2","2"
"讨论派遣大臣","0","2","2"
"巡抚这一地区","0","2","2"
"改任吏部侍郎","0","2","2"
"晋升为户部尚","0","2","2"
"定的赋税标准","0","2","2"
"武宗便装外出","0","2","2"
"毛澄等一次次","0","2","2"
"朱寿率领天子","0","2","2"
"寿率领天子的","0","2","2"
"大臣们一起上","0","2","2"
"臣们一起上书","0","2","2"
"们一起上书说","0","2","2"
"凡是祭祀天地","0","2","2"
"和大臣们一起","0","2","2"
"不知道是什么","0","2","2"
"皇储还没有确","0","2","2"
"储还没有确定","0","2","2"
"天下的名山大","0","2","2"
"下的名山大川","0","2","2"
"举行献俘仪式","0","2","2"
"讨论兴献王的","0","2","2"
"是皇太子的亲","0","2","2"
"皇太子的亲生","0","2","2"
"陛下入宫继承","0","2","2"
"下入宫继承了","0","2","2"
"第二个儿子崇","0","2","2"
"二个儿子崇仁","0","2","2"
"个儿子崇仁王","0","2","2"
"过继给人做儿","0","2","2"
"继给人做儿子","0","2","2"
"可以作为千秋","0","2","2"
"以作为千秋万","0","2","2"
"又召集大臣们","0","2","2"
"过继给人就是","0","2","2"
"继给人就是人","0","2","2"
"给人就是人家","0","2","2"
"人就是人家的","0","2","2"
"兴献王的儿子","0","2","2"
"兴献王的祭祀","0","2","2"
"召集大臣们上","0","2","2"
"集大臣们上书","0","2","2"
"大臣们上书议","0","2","2"
"臣们上书议论","0","2","2"
"们上书议论说","0","2","2"
"尊崇为皇帝的","0","2","2"
"臣们集中讨论","0","2","2"
"选择了陛下您","0","2","2"
"应该以孝宗为","0","2","2"
"宗传下来的王","0","2","2"
"以前的奏疏发","0","2","2"
"前的奏疏发下","0","2","2"
"的奏疏发下来","0","2","2"
"大臣们的决议","0","2","2"
"推尊自己的亲","0","2","2"
"尊自己的亲生","0","2","2"
"追赠他为少傅","0","2","2"
"自己考中弘治","0","2","2"
"改当吏部左侍","0","2","2"
"当吏部左侍郎","0","2","2"
"兴献王的尊号","0","2","2"
"当了礼部尚书","0","2","2"
"皇后没有儿子","0","2","2"
"经有武宗这个","0","2","2"
"有武宗这个儿","0","2","2"
"武宗这个儿子","0","2","2"
"是继承武宗的","0","2","2"
"供奉宗庙祭祀","0","2","2"
"兴献帝不能把","0","2","2"
"奉先殿一侧另","0","2","2"
"于是递上奏议","0","2","2"
"是递上奏议说","0","2","2"
"召集朝中大臣","0","2","2"
"提出这种主张","0","2","2"
"的人都是根据","0","2","2"
"世代供奉祭祀","0","2","2"
"逢年过节派遣","0","2","2"
"年过节派遣官","0","2","2"
"过节派遣官员","0","2","2"
"照以前的诏书","0","2","2"
"廷追赠他为少","0","2","2"
"学者称他为石","0","2","2"
"六年考中进士","0","2","2"
"充任经筵讲官","0","2","2"
"回家为母亲守","0","2","2"
"天下人和后世","0","2","2"
"当时是嘉靖三","0","2","2"
"朝廷里大臣们","0","2","2"
"管起草皇帝的","0","2","2"
"起草皇帝的命","0","2","2"
"草皇帝的命令","0","2","2"
"主管詹事府的","0","2","2"
"外放为南京吏","0","2","2"
"放为南京吏部","0","2","2"
"就此请求退休","0","2","2"
"上书搭救他们","0","2","2"
"提为太仆少卿","0","2","2"
"又升为太仆卿","0","2","2"
"多得没法计算","0","2","2"
"他升为左侍郎","0","2","2"
"迹都记载在史","0","2","2"
"司马光所说当","0","2","2"
"马光所说当时","0","2","2"
"皇叔考的称号","0","2","2"
"献王称为皇叔","0","2","2"
"这样说来皇叔","0","2","2"
"是我们太祖皇","0","2","2"
"都是先皇帝的","0","2","2"
"是先皇帝的恩","0","2","2"
"请按当初的诏","0","2","2"
"在关于大礼的","0","2","2"
"于大礼的争议","0","2","2"
"最后听从了他","0","2","2"
"敲打着宫门大","0","2","2"
"大家也都哭了","0","2","2"
"哭声响震皇宫","0","2","2"
"声响震皇宫的","0","2","2"
"响震皇宫的深","0","2","2"
"震皇宫的深宅","0","2","2"
"皇宫的深宅大","0","2","2"
"宫的深宅大院","0","2","2"
"一个月的俸禄","0","2","2"
"次上书称病告","0","2","2"
"上书称病告老","0","2","2"
"继承王位的道","0","2","2"
"承王位的道理","0","2","2"
"一起到左顺门","0","2","2"
"起到左顺门跪","0","2","2"
"左顺门跪地哭","0","2","2"
"充军的大臣们","0","2","2"
"抗言上书搭救","0","2","2"
"言上书搭救他","0","2","2"
"的妹妹进献给","0","2","2"
"嘉靖二年被推","0","2","2"
"和其他大臣们","0","2","2"
"其他大臣们一","0","2","2"
"他大臣们一起","0","2","2"
"在宫门外跪地","0","2","2"
"宫门外跪地哭","0","2","2"
"门外跪地哭谏","0","2","2"
"召集大臣们讨","0","2","2"
"集大臣们讨论","0","2","2"
"不能称为伯考","0","2","2"
"他为左佥都御","0","2","2"
"大礼的大臣们","0","2","2"
"了世宗的意思","0","2","2"
"他又上疏陈述","0","2","2"
"朝廷商议征讨","0","2","2"
"为母丧守服期","0","2","2"
"母丧守服期满","0","2","2"
"又转为左侍郎","0","2","2"
"大多予以采纳","0","2","2"
"适宜的人任职","0","2","2"
"任御前讲席的","0","2","2"
"御前讲席的讲","0","2","2"
"前讲席的讲官","0","2","2"
"内心修养深厚","0","2","2"
"有疑问就询问","0","2","2"
"疑问就询问他","0","2","2"
"多得不可胜数","0","2","2"
"升南京太常卿","0","2","2"
"以原先的官职","0","2","2"
"原先的官职兼","0","2","2"
"官吏受封的敕","0","2","2"
"吏受封的敕书","0","2","2"
"侍奉时为东宫","0","2","2"
"奉时为东宫太","0","2","2"
"时为东宫太子","0","2","2"
"为东宫太子的","0","2","2"
"吴宽代替自己","0","2","2"
"严格要求自己","0","2","2"
"以及文武大臣","0","2","2"
"以礼部尚书的","0","2","2"
"为广东左布政","0","2","2"
"廷和与大学士","0","2","2"
"升任吏部尚书","0","2","2"
"活捉了蜫钅番","0","2","2"
"做了少傅兼太","0","2","2"
"子做中书舍人","0","2","2"
"各路边防部队","0","2","2"
"用廷和一个儿","0","2","2"
"廷和一个儿子","0","2","2"
"和一个儿子为","0","2","2"
"做了首辅大臣","0","2","2"
"太监刘永诚的","0","2","2"
"打败并杀掉了","0","2","2"
"安边伯许泰为","0","2","2"
"泰为威武副将","0","2","2"
"知道他们的意","0","2","2"
"行应当立为皇","0","2","2"
"应当立为皇帝","0","2","2"
"命令太监张永","0","2","2"
"加封为左柱国","0","2","2"
"投入京城的大","0","2","2"
"入京城的大牢","0","2","2"
"京城的大牢中","0","2","2"
"部尚书的名义","0","2","2"
"又上书请世宗","0","2","2"
"到讨论大礼的","0","2","2"
"对自己的意见","0","2","2"
"了世宗的心意","0","2","2"
"兴献王的大儿","0","2","2"
"献王的大儿子","0","2","2"
"尊称孝宗为皇","0","2","2"
"有不同意见的","0","2","2"
"坚持原来的决","0","2","2"
"持原来的决议","0","2","2"
"不敢阿谀奉承","0","2","2"
"的有一百多人","0","2","2"
"世宗迫不得已","0","2","2"
"慈寿皇太后为","0","2","2"
"寿皇太后为圣","0","2","2"
"辅立新君的功","0","2","2"
"立新君的功绩","0","2","2"
"每年俸禄一千","0","2","2"
"年俸禄一千石","0","2","2"
"大臣爬在宫门","0","2","2"
"被抓进京城的","0","2","2"
"抓进京城的大","0","2","2"
"进京城的大牢","0","2","2"
"京城的大牢里","0","2","2"
"不久加官太子","0","2","2"
"久加官太子太","0","2","2"
"他以吏部尚书","0","2","2"
"以吏部尚书兼","0","2","2"
"渊阁大学士的","0","2","2"
"当时正在修建","0","2","2"
"带了几十个人","0","2","2"
"命令谷大用守","0","2","2"
"陛下继承祖宗","0","2","2"
"都放置一边不","0","2","2"
"放置一边不加","0","2","2"
"宸濠造起反来","0","2","2"
"到皇上的圣旨","0","2","2"
"为南京吏部右","0","2","2"
"做了礼部尚书","0","2","2"
"做了吏部尚书","0","2","2"
"心中有所不安","0","2","2"
"失去了世宗的","0","2","2"
"一辆车子而已","0","2","2"
"朱元璋称吴王","0","2","2"
"指着路旁的荆","0","2","2"
"着路旁的荆棘","0","2","2"
"可以作为借鉴","0","2","2"
"太祖派使臣前","0","2","2"
"的儿子朱文正","0","2","2"
"当作自己的儿","0","2","2"
"作自己的儿子","0","2","2"
"自己的儿子抚","0","2","2"
"己的儿子抚养","0","2","2"
"地风俗崇尚巫","0","2","2"
"给事中邓继曾","0","2","2"
"为兴王加上尊","0","2","2"
"兴王加上尊谥","0","2","2"
"王加上尊谥号","0","2","2"
"加上尊谥号为","0","2","2"
"上尊谥号为恭","0","2","2"
"为恭睿渊仁宽","0","2","2"
"子生的身份被","0","2","2"
"生的身份被授","0","2","2"
"盛庸代替李景","0","2","2"
"庸代替李景隆","0","2","2"
"斩其大将张玉","0","2","2"
"新考中的进士","0","2","2"
"喜欢礼贤下士","0","2","2"
"终年四十三岁","0","2","2"
"燕兵逼近京城","0","2","2"
"事很合皇上心","0","2","2"
"朝夕侍从皇上","0","2","2"
"侍从皇上左右","0","2","2"
"皇上巡幸北京","0","2","2"
"皇上北征回来","0","2","2"
"吕震的女婿主","0","2","2"
"震的女婿主事","0","2","2"
"的女婿主事张","0","2","2"
"女婿主事张鹤","0","2","2"
"关进锦衣卫监","0","2","2"
"赐给他玺书说","0","2","2"
"和英国公张辅","0","2","2"
"皇上征乐安时","0","2","2"
"赐予非常丰厚","0","2","2"
"朝夕在朕左右","0","2","2"
"令有关部门在","0","2","2"
"问他有什么话","0","2","2"
"他有什么话要","0","2","2"
"他致力于学问","0","2","2"
"乡荐进入太学","0","2","2"
"皇上想宽宥他","0","2","2"
"原吉和蹇义等","0","2","2"
"吉和蹇义等人","0","2","2"
"有关官员治理","0","2","2"
"又派锦衣卫官","0","2","2"
"皇上在便殿设","0","2","2"
"上在便殿设宴","0","2","2"
"终于大功告成","0","2","2"
"提出自己的意","0","2","2"
"出自己的意见","0","2","2"
"皇上每次御临","0","2","2"
"正好皇上召见","0","2","2"
"好皇上召见方","0","2","2"
"皇上召见方宾","0","2","2"
"二年皇上北征","0","2","2"
"请求回家守孝","0","2","2"
"给他优厚的赏","0","2","2"
"他优厚的赏赐","0","2","2"
"封为太子少傅","0","2","2"
"皇上遂下了决","0","2","2"
"上遂下了决心","0","2","2"
"户部免除他家","0","2","2"
"部免除他家的","0","2","2"
"把皇上赐给他","0","2","2"
"任为尚宝司丞","0","2","2"
"他出入燕王府","0","2","2"
"出入燕王府中","0","2","2"
"防守十分严密","0","2","2"
"被提升为都指","0","2","2"
"十万大军将攻","0","2","2"
"万大军将攻北","0","2","2"
"大军将攻北平","0","2","2"
"随军进攻广昌","0","2","2"
"才得以冲出重","0","2","2"
"得以冲出重围","0","2","2"
"配享成祖庙庭","0","2","2"
"跟随太祖渡江","0","2","2"
"在成祖藩邸奉","0","2","2"
"成祖藩邸奉事","0","2","2"
"太尉乃儿不花","0","2","2"
"进升他为都指","0","2","2"
"授为奉天靖难","0","2","2"
"为奉天靖难推","0","2","2"
"他善于安抚士","0","2","2"
"献上所俘获的","0","2","2"
"劝皇上立他为","0","2","2"
"皇上立他为太","0","2","2"
"上立他为太子","0","2","2"
"诸将中无人能","0","2","2"
"骂不绝口而死","0","2","2"
"承袭父职为燕","0","2","2"
"袭父职为燕山","0","2","2"
"将他们全部杀","0","2","2"
"他们全部杀了","0","2","2"
"他为都指挥使","0","2","2"
"升为北平都指","0","2","2"
"从刘家口抄小","0","2","2"
"刘家口抄小路","0","2","2"
"独自骑马逃往","0","2","2"
"代理兵部尚书","0","2","2"
"因犯有过失被","0","2","2"
"堤一百五十余","0","2","2"
"向皇上辞行时","0","2","2"
"给予一半俸禄","0","2","2"
"办理了他的丧","0","2","2"
"升为浙江左布","0","2","2"
"让他仍任原职","0","2","2"
"后被授予监察","0","2","2"
"因犯罪被贬戍","0","2","2"
"任满应当升迁","0","2","2"
"因阴云看不见","0","2","2"
"负责供应军饷","0","2","2"
"封为太子太师","0","2","2"
"杨士奇回答说","0","2","2"
"京任户部主事","0","2","2"
"升为北平按察","0","2","2"
"为北平按察司","0","2","2"
"兼任太子少师","0","2","2"
"不久进升为太","0","2","2"
"久进升为太子","0","2","2"
"改换素冠和布","0","2","2"
"换素冠和布腰","0","2","2"
"素冠和布腰带","0","2","2"
"武二十一年考","0","2","2"
"二十一年考中","0","2","2"
"被召回任工部","0","2","2"
"进升为礼部尚","0","2","2"
"因茹王常的推","0","2","2"
"茹王常的推荐","0","2","2"
"从皇上到北京","0","2","2"
"第二年随从北","0","2","2"
"二年随从北征","0","2","2"
"忤逆了皇上旨","0","2","2"
"逆了皇上旨意","0","2","2"
"升为云南按察","0","2","2"
"为云南按察使","0","2","2"
"大理寺少卿弋","0","2","2"
"理寺少卿弋谦","0","2","2"
"大理寺卿虞谦","0","2","2"
"等人纷纷上书","0","2","2"
"人纷纷上书弹","0","2","2"
"逮进锦衣卫监","0","2","2"
"宽恕他的死罪","0","2","2"
"以参将的身份","0","2","2"
"燕兵袭击沧州","0","2","2"
"几乎丧失殆尽","0","2","2"
"斩其大将谭渊","0","2","2"
"成祖进入京城","0","2","2"
"进升右军都督","0","2","2"
"升右军都督佥","0","2","2"
"兵以迷惑敌人","0","2","2"
"城围才得以解","0","2","2"
"派指挥武胜上","0","2","2"
"作为缓兵之计","0","2","2"
"同守将房昭率","0","2","2"
"军进入紫荆关","0","2","2"
"率军跟随其后","0","2","2"
"独自骑马逃走","0","2","2"
"宦官一百五十","0","2","2"
"官一百五十余","0","2","2"
"四月二十九日","0","2","2"
"爱惜他的才勇","0","2","2"
"兵将他护送到","0","2","2"
"跟随傅友德征","0","2","2"
"随傅友德征讨","0","2","2"
"他们全部歼灭","0","2","2"
"俘斩数以万计","0","2","2"
"被授为征虏左","0","2","2"
"协助西平侯沐","0","2","2"
"征讨麓川叛蛮","0","2","2"
"惠帝刚刚即位","0","2","2"
"因此请求设立","0","2","2"
"降旨褒奖慰劳","0","2","2"
"军中封何福为","0","2","2"
"中封何福为宁","0","2","2"
"封何福为宁远","0","2","2"
"何福为宁远侯","0","2","2"
"随颍川侯傅友","0","2","2"
"侯傅友德征讨","0","2","2"
"皇上诏令顾成","0","2","2"
"上诏令顾成率","0","2","2"
"皇上称赞他的","0","2","2"
"上称赞他的才","0","2","2"
"称赞他的才华","0","2","2"
"河转运到北京","0","2","2"
"可载二百石的","0","2","2"
"准许当大米一","0","2","2"
"许当大米一石","0","2","2"
"二百石以上的","0","2","2"
"减去十分之四","0","2","2"
"处理户部事务","0","2","2"
"第二年四月他","0","2","2"
"二年四月他去","0","2","2"
"年四月他去世","0","2","2"
"命有关官员建","0","2","2"
"召为刑部侍郎","0","2","2"
"对下属约束得","0","2","2"
"下属约束得很","0","2","2"
"属约束得很严","0","2","2"
"改任左副都御","0","2","2"
"即被召回任职","0","2","2"
"皇太子拜谒孝","0","2","2"
"太子拜谒孝陵","0","2","2"
"勉强起来告诉","0","2","2"
"强起来告诉柳","0","2","2"
"起来告诉柳升","0","2","2"
"结果中埋伏而","0","2","2"
"果中埋伏而死","0","2","2"
"他被升为御史","0","2","2"
"升为陕西按察","0","2","2"
"二年正月他在","0","2","2"
"国子监生被授","0","2","2"
"子监生被授予","0","2","2"
"所到之处他都","0","2","2"
"朱高煦的诬陷","0","2","2"
"予他的儿子陈","0","2","2"
"被升为礼部侍","0","2","2"
"他被召为大理","0","2","2"
"被召为大理寺","0","2","2"
"赎回百姓所卖","0","2","2"
"拖欠的租税达","0","2","2"
"主管枢机事务","0","2","2"
"不让他们知道","0","2","2"
"东宫属官全部","0","2","2"
"宫属官全部投","0","2","2"
"属官全部投进","0","2","2"
"士奇叩头说道","0","2","2"
"礼部侍郎兼华","0","2","2"
"部侍郎兼华盖","0","2","2"
"英国公张辅与","0","2","2"
"皇上对左右的","0","2","2"
"上对左右的人","0","2","2"
"得到皇上赐给","0","2","2"
"到皇上赐给的","0","2","2"
"每年向他们征","0","2","2"
"年向他们征收","0","2","2"
"看到天下太平","0","2","2"
"杨荣极力赞成","0","2","2"
"皇上对士奇说","0","2","2"
"能够得以保全","0","2","2"
"皇上召见士奇","0","2","2"
"把这事告诉了","0","2","2"
"免除拖欠的赋","0","2","2"
"除拖欠的赋税","0","2","2"
"减少官田租额","0","2","2"
"停止工程建设","0","2","2"
"所了解的人才","0","2","2"
"干预外朝的事","0","2","2"
"成为边防的祸","0","2","2"
"为边防的祸患","0","2","2"
"被授予编修官","0","2","2"
"遣使者去招抚","0","2","2"
"在内阁当值的","0","2","2"
"他随从皇上出","0","2","2"
"粮饷供应不上","0","2","2"
"老的罕逃到赤","0","2","2"
"的罕逃到赤斤","0","2","2"
"罕逃到赤斤蒙","0","2","2"
"逃到赤斤蒙古","0","2","2"
"回来后上奏说","0","2","2"
"第二年又随从","0","2","2"
"二年又随从北","0","2","2"
"年又随从北征","0","2","2"
"于是他们共同","0","2","2"
"进升文渊阁大","0","2","2"
"升文渊阁大学","0","2","2"
"将近二十年了","0","2","2"
"进升为太子少","0","2","2"
"汉王朱高煦造","0","2","2"
"王朱高煦造反","0","2","2"
"大臣们多认为","0","2","2"
"臣们多认为不","0","2","2"
"他都担任总裁","0","2","2"
"都担任总裁官","0","2","2"
"给司法部门审","0","2","2"
"对他加以褒奖","0","2","2"
"大臣中选择有","0","2","2"
"杨溥掌管阁事","0","2","2"
"这些都是别人","0","2","2"
"太祖年事已高","0","2","2"
"担任总兵官镇","0","2","2"
"任总兵官镇守","0","2","2"
"不要自己苦自","0","2","2"
"要自己苦自己","0","2","2"
"仍像以往一样","0","2","2"
"能为朝廷效力","0","2","2"
"陈金讨伐江西","0","2","2"
"发他们的罪状","0","2","2"
"朝廷任大理卿","0","2","2"
"被提拔为太仆","0","2","2"
"提拔为太仆少","0","2","2"
"拔为太仆少卿","0","2","2"
"以右都御史的","0","2","2"
"右都御史的身","0","2","2"
"御史的身份总","0","2","2"
"得到皇上批准","0","2","2"
"给事中李文进","0","2","2"
"给事中厉汝进","0","2","2"
"没有问他的罪","0","2","2"
"又弹劾吏部尚","0","2","2"
"行人薛侃的建","0","2","2"
"一百五十万两","0","2","2"
"升为陕西副使","0","2","2"
"皇帝当即召见","0","2","2"
"被巡按御史所","0","2","2"
"大学士严嵩与","0","2","2"
"正巧侍郎赵文","0","2","2"
"巧侍郎赵文华","0","2","2"
"封为户部主事","0","2","2"
"道士邵元节为","0","2","2"
"得到皇帝宠爱","0","2","2"
"管选拔官吏之","0","2","2"
"皇帝特别降旨","0","2","2"
"就唆使给事中","0","2","2"
"给事中夏木式","0","2","2"
"时是嘉靖三十","0","2","2"
"大举入侵延绥","0","2","2"
"斩敌一百二十","0","2","2"
"敌一百二十人","0","2","2"
"他以右副都御","0","2","2"
"改为吏部左侍","0","2","2"
"任为刑部尚书","0","2","2"
"打开他的行装","0","2","2"
"允许他乘坐驿","0","2","2"
"许他乘坐驿车","0","2","2"
"为南京礼部郎","0","2","2"
"任山西提学副","0","2","2"
"帝嘉奖他的忠","0","2","2"
"起用为陕西参","0","2","2"
"副都御史的官","0","2","2"
"一职不再设立","0","2","2"
"赵炳然为兵部","0","2","2"
"右佥都御史前","0","2","2"
"所到之处都有","0","2","2"
"的人都被释放","0","2","2"
"坚决认为不可","0","2","2"
"不能做出决断","0","2","2"
"不能听从他的","0","2","2"
"有一定的时间","0","2","2"
"大学士石王缶","0","2","2"
"现在他们虽然","0","2","2"
"这个战役开始","0","2","2"
"个战役开始的","0","2","2"
"现在北方敌寇","0","2","2"
"在西华门内建","0","2","2"
"进升为副都御","0","2","2"
"总督南京粮食","0","2","2"
"督南京粮食储","0","2","2"
"南京粮食储备","0","2","2"
"嘉靖三年升为","0","2","2"
"为广东提学副","0","2","2"
"九庙发生火灾","0","2","2"
"乾清宫遭火灾","0","2","2"
"向皇帝上疏说","0","2","2"
"正德十一年正","0","2","2"
"德十一年正月","0","2","2"
"剥夺他的世袭","0","2","2"
"夺他的世袭荫","0","2","2"
"他的世袭荫庇","0","2","2"
"的世袭荫庇的","0","2","2"
"世袭荫庇的特","0","2","2"
"袭荫庇的特权","0","2","2"
"官为右副都御","0","2","2"
"给事中蔡经等","0","2","2"
"事中蔡经等人","0","2","2"
"假借其他的事","0","2","2"
"事中夏言等人","0","2","2"
"帝听从了他们","0","2","2"
"立即将他处死","0","2","2"
"是陛下的意思","0","2","2"
"天地合在一起","0","2","2"
"地合在一起祭","0","2","2"
"已有一百多年","0","2","2"
"帝下诏书征求","0","2","2"
"陛下如果不早","0","2","2"
"书王时中等人","0","2","2"
"王时中等人说","0","2","2"
"更加发奋学习","0","2","2"
"道路上饿死的","0","2","2"
"路上饿死的人","0","2","2"
"被提升为御史","0","2","2"
"在墓旁结草庐","0","2","2"
"墓旁结草庐居","0","2","2"
"旁结草庐居住","0","2","2"
"这是天下的大","0","2","2"
"不是陛下的赤","0","2","2"
"是陛下的赤子","0","2","2"
"亲临朝廷商讨","0","2","2"
"祖宗创业的艰","0","2","2"
"宗创业的艰难","0","2","2"
"相互告诫不敢","0","2","2"
"杨爵的语言行","0","2","2"
"爵的语言行动","0","2","2"
"升为吏科给事","0","2","2"
"带领他的属下","0","2","2"
"然后才敢向陛","0","2","2"
"后才敢向陛下","0","2","2"
"才敢向陛下奏","0","2","2"
"敢向陛下奏闻","0","2","2"
"借其他的事情","0","2","2"
"皇帝看了疏章","0","2","2"
"禁锢在诏狱中","0","2","2"
"皇帝不采纳他","0","2","2"
"帝不采纳他的","0","2","2"
"不采纳他的话","0","2","2"
"被提升为礼科","0","2","2"
"提升为礼科给","0","2","2"
"并延及他的子","0","2","2"
"延及他的子孙","0","2","2"
"将他禁锢在诏","0","2","2"
"他禁锢在诏狱","0","2","2"
"沈炼弹劾严嵩","0","2","2"
"皇帝心有所动","0","2","2"
"现在大学士严","0","2","2"
"在大学士严嵩","0","2","2"
"是严嵩的党徒","0","2","2"
"任用他一个儿","0","2","2"
"用他一个儿子","0","2","2"
"靖二十六年考","0","2","2"
"将杨继盛下诏","0","2","2"
"杨继盛下诏狱","0","2","2"
"为刑部员外郎","0","2","2"
"为兵部武选司","0","2","2"
"弹劾严嵩的疏","0","2","2"
"劾严嵩的疏章","0","2","2"
"因弹劾严嵩被","0","2","2"
"的人数也数不","0","2","2"
"使他们的诡计","0","2","2"
"给事中杜汝祯","0","2","2"
"皇帝下诏令逮","0","2","2"
"帝下诏令逮捕","0","2","2"
"协助处理院事","0","2","2"
"隶属总兵官俞","0","2","2"
"属总兵官俞大","0","2","2"
"才是万全之策","0","2","2"
"皇帝深信他的","0","2","2"
"帝深信他的话","0","2","2"
"天下的人都知","0","2","2"
"下的人都知道","0","2","2"
"与其一道行动","0","2","2"
"胡宗宪与汪直","0","2","2"
"宗宪与汪直同","0","2","2"
"汪直的母亲和","0","2","2"
"到今天这一步","0","2","2"
"官军四面合围","0","2","2"
"得到一只白鹿","0","2","2"
"海寇移驻柯梅","0","2","2"
"于是上疏弹劾","0","2","2"
"胡宗宪上疏自","0","2","2"
"这时严嵩已倒","0","2","2"
"时严嵩已倒台","0","2","2"
"有什么关系呢","0","2","2"
"在半路上攻击","0","2","2"
"半路上攻击他","0","2","2"
"路上攻击他们","0","2","2"
"向皇帝报告这","0","2","2"
"中嘉靖五年进","0","2","2"
"这些措施都是","0","2","2"
"副总兵刘显前","0","2","2"
"掌管南京户部","0","2","2"
"一年发生饥荒","0","2","2"
"曾任户科给事","0","2","2"
"被任命为吏部","0","2","2"
"起用为南京兵","0","2","2"
"用为南京兵部","0","2","2"
"总督王忄予以","0","2","2"
"督王忄予以下","0","2","2"
"时年五十四岁","0","2","2"
"四品官只赐祭","0","2","2"
"兵守卫这个地","0","2","2"
"乃木颜把儿孙","0","2","2"
"廷臣交相举荐","0","2","2"
"事情奏闻朝廷","0","2","2"
"御史王廷相说","0","2","2"
"所以作战总是","0","2","2"
"承袭指挥同知","0","2","2"
"充任甘肃游击","0","2","2"
"任甘肃游击将","0","2","2"
"敌寇这才逃遁","0","2","2"
"被起用为故官","0","2","2"
"因为有人推荐","0","2","2"
"周尚文在黑山","0","2","2"
"半路拦击他们","0","2","2"
"周尚文在阳和","0","2","2"
"奖赏慰劳他们","0","2","2"
"军共斩敌人首","0","2","2"
"和总兵官欧阳","0","2","2"
"被贬为都督佥","0","2","2"
"贬为都督佥事","0","2","2"
"马芳镇守宣府","0","2","2"
"大举入侵山西","0","2","2"
"次战斗都取得","0","2","2"
"战斗都取得了","0","2","2"
"斗都取得了胜","0","2","2"
"被提升为总兵","0","2","2"
"十万骑兵入侵","0","2","2"
"身经大小战斗","0","2","2"
"经大小战斗百","0","2","2"
"大小战斗百十","0","2","2"
"小战斗百十次","0","2","2"
"没有什么突出","0","2","2"
"顺义王扌奢力","0","2","2"
"义王扌奢力克","0","2","2"
"以原官的身份","0","2","2"
"晋升为署都指","0","2","2"
"升为署都指挥","0","2","2"
"为署都指挥佥","0","2","2"
"为署都督同知","0","2","2"
"以都指挥使的","0","2","2"
"都指挥使的官","0","2","2"
"指挥使的官职","0","2","2"
"都督佥事官职","0","2","2"
"坠入水中淹死","0","2","2"
"用沈希仪的计","0","2","2"
"到现在还没有","0","2","2"
"是敌贼的巢穴","0","2","2"
"不能胜任战斗","0","2","2"
"侵犯其他地方","0","2","2"
"沈希仪府中说","0","2","2"
"的妻子儿女回","0","2","2"
"的妻子儿女都","0","2","2"
"不敢为非作歹","0","2","2"
"沈希仪镇守柳","0","2","2"
"被提升为署都","0","2","2"
"提升为署都督","0","2","2"
"晋升为都督同","0","2","2"
"弹劾罢去官职","0","2","2"
"哈密都督写亦","0","2","2"
"密都督写亦虎","0","2","2"
"亦虎仙和他的","0","2","2"
"将他们安置到","0","2","2"
"有安宁的日子","0","2","2"
"他向朝廷请求","0","2","2"
"俺答又大举入","0","2","2"
"答又大举入侵","0","2","2"
"下令从今以后","0","2","2"
"夏秋期间分别","0","2","2"
"秋期间分别驻","0","2","2"
"总兵官谷阝永","0","2","2"
"皇帝没有允许","0","2","2"
"以兵部左侍郎","0","2","2"
"年他被提升为","0","2","2"
"他被提升为右","0","2","2"
"用来一起守卫","0","2","2"
"辽阳发生兵变","0","2","2"
"敌贼占据河套","0","2","2"
"并不是不知道","0","2","2"
"这是一劳永逸","0","2","2"
"是一劳永逸的","0","2","2"
"皇上的意思是","0","2","2"
"感到非常惊骇","0","2","2"
"说河套不可能","0","2","2"
"河套不可能收","0","2","2"
"套不可能收复","0","2","2"
"宁侯仇鸾镇守","0","2","2"
"妻子流放二千","0","2","2"
"子流放二千里","0","2","2"
"请求皇上告诫","0","2","2"
"口一百七十里","0","2","2"
"着潮河川南下","0","2","2"
"潮河川南下到","0","2","2"
"河川南下到古","0","2","2"
"川南下到古北","0","2","2"
"南下到古北口","0","2","2"
"王汝孝的军队","0","2","2"
"没有地方拿出","0","2","2"
"他的妻子流放","0","2","2"
"出任陕西副使","0","2","2"
"一千九百多顷","0","2","2"
"皇帝下令杨守","0","2","2"
"帝下令杨守谦","0","2","2"
"等人抵御敌人","0","2","2"
"丁汝夔和杨守","0","2","2"
"汝夔和杨守谦","0","2","2"
"于是烧毁城外","0","2","2"
"是烧毁城外的","0","2","2"
"考中嘉靖二十","0","2","2"
"帝于是下诏责","0","2","2"
"谷阝永率领边","0","2","2"
"是辛爱妻子的","0","2","2"
"报告皇帝知道","0","2","2"
"力作战才得以","0","2","2"
"卢镒等人贬戍","0","2","2"
"镒等人贬戍边","0","2","2"
"等人贬戍边关","0","2","2"
"不久又上奏说","0","2","2"
"日精门发生火","0","2","2"
"精门发生火灾","0","2","2"
"杨廷和的儿子","0","2","2"
"皇帝大为震怒","0","2","2"
"是小人之中的","0","2","2"
"小人之中的小","0","2","2"
"人之中的小人","0","2","2"
"陛下任用他们","0","2","2"
"没有承认什么","0","2","2"
"所指出的那样","0","2","2"
"到达这种地步","0","2","2"
"皇帝于是发怒","0","2","2"
"被加封为兵部","0","2","2"
"加封为兵部尚","0","2","2"
"达到这种地步","0","2","2"
"不知道皇帝的","0","2","2"
"知道皇帝的意","0","2","2"
"不久被提升为","0","2","2"
"提升为南京通","0","2","2"
"升为南京通政","0","2","2"
"佥都御史的官","0","2","2"
"跪在宫殿门口","0","2","2"
"陛下贵为天子","0","2","2"
"有什么区别呢","0","2","2"
"向皇帝进言说","0","2","2"
"为河南按察使","0","2","2"
"世宗登上皇帝","0","2","2"
"罪被判处死刑","0","2","2"
"于谦的儿子于","0","2","2"
"谦的儿子于冕","0","2","2"
"以自己之心为","0","2","2"
"自己之心为心","0","2","2"
"自从逆臣刘瑾","0","2","2"
"从逆臣刘瑾以","0","2","2"
"逆臣刘瑾以来","0","2","2"
"一天比一天厉","0","2","2"
"天比一天厉害","0","2","2"
"臣越来越被疏","0","2","2"
"越来越被疏远","0","2","2"
"禁锢在高墙之","0","2","2"
"锢在高墙之内","0","2","2"
"官吏不敢过问","0","2","2"
"给事中姜应麟","0","2","2"
"派遣锦衣官校","0","2","2"
"没收他们的财","0","2","2"
"收他们的财产","0","2","2"
"不知道这件事","0","2","2"
"皇帝更加怀疑","0","2","2"
"等人向皇帝上","0","2","2"
"桂萼等人于是","0","2","2"
"官职闲住的人","0","2","2"
"当时是嘉靖六","0","2","2"
"时是嘉靖六年","0","2","2"
"破坏祖宗之法","0","2","2"
"被起用为原官","0","2","2"
"万八千两银子","0","2","2"
"用一天比一天","0","2","2"
"减少十分之一","0","2","2"
"让他们进入京","0","2","2"
"他们进入京城","0","2","2"
"来扩大自己的","0","2","2"
"西的人说可杀","0","2","2"
"是李福达相识","0","2","2"
"李福达相识的","0","2","2"
"这是不用疑虑","0","2","2"
"是不用疑虑的","0","2","2"
"不用疑虑的第","0","2","2"
"人就不是因为","0","2","2"
"书胡世宁等人","0","2","2"
"次考试都是第","0","2","2"
"考试都是第一","0","2","2"
"连上奏章极力","0","2","2"
"桂萼的家人吴","0","2","2"
"萼的家人吴从","0","2","2"
"的家人吴从周","0","2","2"
"佥都御史李如","0","2","2"
"都御史李如圭","0","2","2"
"救才得以幸免","0","2","2"
"才得以幸免一","0","2","2"
"得以幸免一死","0","2","2"
"等到服丧期满","0","2","2"
"方皇后的牌位","0","2","2"
"皇后的牌位安","0","2","2"
"后的牌位安放","0","2","2"
"安放在奉先殿","0","2","2"
"皇后附祭于太","0","2","2"
"后附祭于太庙","0","2","2"
"等请求在太庙","0","2","2"
"请求在太庙东","0","2","2"
"认为不能这么","0","2","2"
"为不能这么做","0","2","2"
"圣上自己而论","0","2","2"
"所以臣等请求","0","2","2"
"在太庙及奉先","0","2","2"
"太庙及奉先殿","0","2","2"
"祭孝烈皇后于","0","2","2"
"孝烈皇后于太","0","2","2"
"烈皇后于太庙","0","2","2"
"被上尊谥号为","0","2","2"
"上尊谥号为孝","0","2","2"
"圣皇太后住在","0","2","2"
"皇太后住在慈","0","2","2"
"臣请求让福王","0","2","2"
"福王前往藩地","0","2","2"
"因为进言而被","0","2","2"
"被封为武清伯","0","2","2"
"太祖十分赏识","0","2","2"
"祖十分赏识他","0","2","2"
"太祖亲自督战","0","2","2"
"太祖释放了他","0","2","2"
"太祖嘉奖他的","0","2","2"
"朱亮祖由铅山","0","2","2"
"晋升为浙江行","0","2","2"
"升为浙江行省","0","2","2"
"的所作所为多","0","2","2"
"所作所为多不","0","2","2"
"升为湖广行省","0","2","2"
"任命周德兴为","0","2","2"
"部队讨伐平定","0","2","2"
"周德兴讨伐平","0","2","2"
"德兴讨伐平定","0","2","2"
"歌颂他的功德","0","2","2"
"率领部属归附","0","2","2"
"在泾江口拦击","0","2","2"
"随大军平武昌","0","2","2"
"张士诚的将领","0","2","2"
"进而围攻平江","0","2","2"
"张士诚亲自率","0","2","2"
"得到的奖赏十","0","2","2"
"到的奖赏十分","0","2","2"
"的奖赏十分丰","0","2","2"
"奖赏十分丰厚","0","2","2"
"跟从大军征讨","0","2","2"
"从大军征讨中","0","2","2"
"平定黄河南北","0","2","2"
"征讨察罕脑儿","0","2","2"
"侯沐英征讨西","0","2","2"
"沐英征讨西番","0","2","2"
"到了捕鱼儿海","0","2","2"
"擒获元平章达","0","2","2"
"获元平章达里","0","2","2"
"逃亡途中死去","0","2","2"
"以征虏左副将","0","2","2"
"大将军冯胜出","0","2","2"
"脱下衣服给纳","0","2","2"
"下衣服给纳哈","0","2","2"
"衣服给纳哈出","0","2","2"
"服给纳哈出穿","0","2","2"
"纳哈出不肯穿","0","2","2"
"常茂当时在座","0","2","2"
"纳哈出的余部","0","2","2"
"中拜蓝玉为大","0","2","2"
"拜蓝玉为大将","0","2","2"
"蓝玉为大将军","0","2","2"
"定远侯王弼说","0","2","2"
"赶到捕鱼儿海","0","2","2"
"俘获其次子地","0","2","2"
"获其次子地保","0","2","2"
"其次子地保奴","0","2","2"
"功劳被任命为","0","2","2"
"任命为指挥使","0","2","2"
"于是成为重镇","0","2","2"
"商人运输粮食","0","2","2"
"商人输送粮食","0","2","2"
"随大军平定江","0","2","2"
"太祖听说此事","0","2","2"
"被授予都督佥","0","2","2"
"玉党案牵连而","0","2","2"
"党案牵连而被","0","2","2"
"案牵连而被杀","0","2","2"
"又晋升为山西","0","2","2"
"晋升为管军千","0","2","2"
"升为管军千户","0","2","2"
"晋升为指挥佥","0","2","2"
"太祖十分恼怒","0","2","2"
"老百姓深感十","0","2","2"
"百姓深感十分","0","2","2"
"庆侯廖永忠的","0","2","2"
"通海等人率舟","0","2","2"
"海等人率舟师","0","2","2"
"从巢湖前来归","0","2","2"
"巢湖前来归附","0","2","2"
"被授予管军总","0","2","2"
"授予管军总管","0","2","2"
"常遇春自铜陵","0","2","2"
"降服了张士诚","0","2","2"
"服了张士诚的","0","2","2"
"了张士诚的守","0","2","2"
"张士诚的守将","0","2","2"
"授予他的侄子","0","2","2"
"晋升为秦淮翼","0","2","2"
"升为秦淮翼元","0","2","2"
"为秦淮翼元帅","0","2","2"
"升为行枢密院","0","2","2"
"为行枢密院判","0","2","2"
"如雨点般地射","0","2","2"
"于是收复池州","0","2","2"
"友谅进犯龙湾","0","2","2"
"跟从徐达攻打","0","2","2"
"大举围攻南昌","0","2","2"
"纵火焚烧了敌","0","2","2"
"火焚烧了敌船","0","2","2"
"陈友谅的骁将","0","2","2"
"友谅的骁将张","0","2","2"
"谅的骁将张定","0","2","2"
"的骁将张定边","0","2","2"
"海的功劳最大","0","2","2"
"跟从徐达平定","0","2","2"
"哭得十分伤心","0","2","2"
"都感动得落泪","0","2","2"
"从大将军征讨","0","2","2"
"洪武三年封为","0","2","2"
"太祖刚刚起兵","0","2","2"
"祖刚刚起兵时","0","2","2"
"滁阳谒见太祖","0","2","2"
"敌人大败而逃","0","2","2"
"升为枢密院判","0","2","2"
"升为枢密院事","0","2","2"
"守将趁夜逃跑","0","2","2"
"次打败张士诚","0","2","2"
"升为江南行省","0","2","2"
"他们在自己的","0","2","2"
"太祖攻克婺州","0","2","2"
"收殓他的尸体","0","2","2"
"和俞通海等人","0","2","2"
"攻破蛮子海牙","0","2","2"
"破蛮子海牙的","0","2","2"
"生擒了陈兆先","0","2","2"
"已经来不及了","0","2","2"
"又跟从常遇春","0","2","2"
"攻破安庆水寨","0","2","2"
"友谅围攻南昌","0","2","2"
"张士诚占据高","0","2","2"
"士诚占据高邮","0","2","2"
"年食禄为一千","0","2","2"
"通经史百家之","0","2","2"
"晋升为行省参","0","2","2"
"州于是被攻下","0","2","2"
"授予左司员外","0","2","2"
"予左司员外郎","0","2","2"
"士诚的部队进","0","2","2"
"在离诸全五十","0","2","2"
"离诸全五十里","0","2","2"
"诸全五十里处","0","2","2"
"是什么样的人","0","2","2"
"升为天策卫指","0","2","2"
"为天策卫指挥","0","2","2"
"防御十分严密","0","2","2"
"活捉了彭元帅","0","2","2"
"北平有孙都督","0","2","2"
"平有孙都督在","0","2","2"
"到达三不剌川","0","2","2"
"后受蓝玉党案","0","2","2"
"晋升为行省左","0","2","2"
"升为行省左丞","0","2","2"
"大将军徐达在","0","2","2"
"不知君臣之礼","0","2","2"
"以后因提建议","0","2","2"
"后因提建议而","0","2","2"
"自己却不知道","0","2","2"
"为什么一定要","0","2","2"
"降职为翰林院","0","2","2"
"的建议不被采","0","2","2"
"以国子生的身","0","2","2"
"同祖父兄弟的","0","2","2"
"不是件容易的","0","2","2"
"是件容易的事","0","2","2"
"不是一朝一夕","0","2","2"
"是一朝一夕的","0","2","2"
"到了洪武末年","0","2","2"
"这是权宜之计","0","2","2"
"赐给金银玉帛","0","2","2"
"任命为太常少","0","2","2"
"命为太常少卿","0","2","2"
"一支部队攻打","0","2","2"
"剥夺他的兵权","0","2","2"
"升为翰林直学","0","2","2"
"为翰林直学士","0","2","2"
"又有什么好处","0","2","2"
"担任大都督府","0","2","2"
"太祖十分信任","0","2","2"
"祖十分信任他","0","2","2"
"这是长久的策","0","2","2"
"是长久的策略","0","2","2"
"他们的所作所","0","2","2"
"不能有所成就","0","2","2"
"第二年成为进","0","2","2"
"诸王位尊辈高","0","2","2"
"兴侯耿炳文为","0","2","2"
"推荐曹国公李","0","2","2"
"命李景隆率军","0","2","2"
"可以为我所用","0","2","2"
"上书极力诋毁","0","2","2"
"建文帝采纳齐","0","2","2"
"文帝采纳齐泰","0","2","2"
"黄子澄回答说","0","2","2"
"于是便命李景","0","2","2"
"是便命李景隆","0","2","2"
"率军前去袭击","0","2","2"
"又向皇上进言","0","2","2"
"被施磔刑而死","0","2","2"
"就命令方孝孺","0","2","2"
"派大理寺少卿","0","2","2"
"上书请求皇上","0","2","2"
"于是下令杀了","0","2","2"
"就难以预料了","0","2","2"
"帝派庆成郡主","0","2","2"
"于是渡过了长","0","2","2"
"是渡过了长江","0","2","2"
"为什么不立成","0","2","2"
"什么不立成王","0","2","2"
"么不立成王的","0","2","2"
"知道其中的缘","0","2","2"
"葬于聚宝门外","0","2","2"
"官吏是否贤能","0","2","2"
"被下到廷臣商","0","2","2"
"下到廷臣商议","0","2","2"
"一年考中进士","0","2","2"
"太祖攻下滁州","0","2","2"
"徐达攻取淮东","0","2","2"
"恢复了他的原","0","2","2"
"以参将身份跟","0","2","2"
"参将身份跟从","0","2","2"
"傅友德平定蜀","0","2","2"
"友德平定蜀地","0","2","2"
"称颂他的功德","0","2","2"
"年仅三十六岁","0","2","2"
"升为中军都督","0","2","2"
"当时是洪武八","0","2","2"
"时是洪武八年","0","2","2"
"遣送他们回去","0","2","2"
"晋升为指挥同","0","2","2"
"太祖十分痛惜","0","2","2"
"大军围攻庆阳","0","2","2"
"河水灌溉田地","0","2","2"
"跟从沐英讨伐","0","2","2"
"跟从大将军北","0","2","2"
"从大将军北征","0","2","2"
"赶跑了贺宗哲","0","2","2"
"徐达进入沔州","0","2","2"
"凤翔进入连云","0","2","2"
"翔进入连云栈","0","2","2"
"被提升为大都","0","2","2"
"蜀将吴友仁率","0","2","2"
"将吴友仁率兵","0","2","2"
"丁玉为平羌将","0","2","2"
"玉为平羌将军","0","2","2"
"任命为大都督","0","2","2"
"命为大都督府","0","2","2"
"十分欣赏他的","0","2","2"
"军民安居乐业","0","2","2"
"陈友谅的将领","0","2","2"
"晋升为中书右","0","2","2"
"升为中书右丞","0","2","2"
"太祖攻下婺州","0","2","2"
"给事中郑相同","0","2","2"
"称孔子为至圣","0","2","2"
"晋升为翰林学","0","2","2"
"吏部尚书余火","0","2","2"
"部尚书余火气","0","2","2"
"亲自作文祭奠","0","2","2"
"举荐为国子学","0","2","2"
"荐为国子学正","0","2","2"
"为礼部员外郎","0","2","2"
"年晋升为尚书","0","2","2"
"末年乡试中举","0","2","2"
"太祖在奉天殿","0","2","2"
"有什么可说的","0","2","2"
"陈友谅的旧臣","0","2","2"
"升为苏州知府","0","2","2"
"便又派使臣前","0","2","2"
"升为兵部郎中","0","2","2"
"晋升为济南知","0","2","2"
"升为济南知府","0","2","2"
"任命为吏部尚","0","2","2"
"命为吏部尚书","0","2","2"
"敌人不敢进犯","0","2","2"
"汤和攻克延平","0","2","2"
"被他们所迷惑","0","2","2"
"察罕帖木儿的","0","2","2"
"任命他为黄州","0","2","2"
"年九月死于官","0","2","2"
"九月死于官位","0","2","2"
"月死于官位上","0","2","2"
"太祖亲自写文","0","2","2"
"升为考功郎中","0","2","2"
"成汤不近声色","0","2","2"
"解释祭奠先师","0","2","2"
"释祭奠先师的","0","2","2"
"祭奠先师的乐","0","2","2"
"奠先师的乐章","0","2","2"
"尊崇他们的陵","0","2","2"
"崇他们的陵墓","0","2","2"
"同为礼部尚书","0","2","2"
"制度从此开始","0","2","2"
"授予礼部主事","0","2","2"
"十分高兴地说","0","2","2"
"兼领国子监事","0","2","2"
"朝廷商议此事","0","2","2"
"是以鸭绿江为","0","2","2"
"以鸭绿江为界","0","2","2"
"五代十国时期","0","2","2"
"给他赏赐衣服","0","2","2"
"他们每三年向","0","2","2"
"们每三年向朝","0","2","2"
"皇帝派使者带","0","2","2"
"对朝廷的忠诚","0","2","2"
"朝廷命有关官","0","2","2"
"赏赐给他钱钞","0","2","2"
"个寨子的蛮族","0","2","2"
"寨子的蛮族人","0","2","2"
"屡次招抚他们","0","2","2"
"等地叛乱的苗","0","2","2"
"皇帝将此事交","0","2","2"
"命令刑部侍郎","0","2","2"
"令刑部侍郎何","0","2","2"
"有汉化的苗族","0","2","2"
"汉化的苗族人","0","2","2"
"千人前去征讨","0","2","2"
"天旺两个地方","0","2","2"
"靖二十三年的","0","2","2"
"继承父亲的官","0","2","2"
"承父亲的官职","0","2","2"
"将他们讨伐平","0","2","2"
"他们讨伐平定","0","2","2"
"杨应龙向朝廷","0","2","2"
"皇帝便命令给","0","2","2"
"没有什么可以","0","2","2"
"杀了他的妻子","0","2","2"
"他的妻子张氏","0","2","2"
"请求朝廷发兵","0","2","2"
"以替自己赎罪","0","2","2"
"催促杨应龙到","0","2","2"
"他的儿子杨朝","0","2","2"
"都愿意出死力","0","2","2"
"州巡抚江东之","0","2","2"
"带领三千士兵","0","2","2"
"所征调的军队","0","2","2"
"中间只有一条","0","2","2"
"只有一条小路","0","2","2"
"有一条小路可","0","2","2"
"焚烧了桃溪庄","0","2","2"
"龙的儿子杨朝","0","2","2"
"杨应龙的尸体","0","2","2"
"下诏赏赐给他","0","2","2"
"年向朝廷入贡","0","2","2"
"朝廷入贡一次","0","2","2"
"死亡的人很多","0","2","2"
"他所管辖的地","0","2","2"
"景川侯曹震前","0","2","2"
"川侯曹震前去","0","2","2"
"河道以通漕运","0","2","2"
"禄照的儿子阿","0","2","2"
"照的儿子阿聂","0","2","2"
"阿聂继承其父","0","2","2"
"聂继承其父的","0","2","2"
"承其父的职务","0","2","2"
"于是朝廷便让","0","2","2"
"里远的地方是","0","2","2"
"百里远的地方","0","2","2"
"请求皇上谕告","0","2","2"
"印有皇帝玺印","0","2","2"
"有皇帝玺印的","0","2","2"
"皇帝玺印的诏","0","2","2"
"帝玺印的诏书","0","2","2"
"军队前往征讨","0","2","2"
"请求朝廷一并","0","2","2"
"安信的兄长安","0","2","2"
"信的兄长安智","0","2","2"
"皇帝认为可行","0","2","2"
"宣抚司的官印","0","2","2"
"报以前的仇恨","0","2","2"
"的军队屯驻在","0","2","2"
"又请求朝廷将","0","2","2"
"奢崇明的儿子","0","2","2"
"崇明的儿子奢","0","2","2"
"的妻子奢社辉","0","2","2"
"无法节制他们","0","2","2"
"事情被发觉后","0","2","2"
"这时是天启二","0","2","2"
"时是天启二年","0","2","2"
"奢崇明的势力","0","2","2"
"奢崇明的妻子","0","2","2"
"崇明的妻子安","0","2","2"
"明的妻子安氏","0","2","2"
"朱燮元向朝廷","0","2","2"
"的势力又有扩","0","2","2"
"势力又有扩张","0","2","2"
"奢崇明自称为","0","2","2"
"崇明自称为大","0","2","2"
"明自称为大梁","0","2","2"
"自称为大梁王","0","2","2"
"为四裔大长老","0","2","2"
"总兵侯良柱率","0","2","2"
"明朝洪武五年","0","2","2"
"亲自到京城来","0","2","2"
"派遣儿子入京","0","2","2"
"遣儿子入京城","0","2","2"
"儿子入京城朝","0","2","2"
"子入京城朝觐","0","2","2"
"入京城朝觐皇","0","2","2"
"叛乱的苗族人","0","2","2"
"廷派兵进剿搜","0","2","2"
"派兵进剿搜捕","0","2","2"
"朝廷调拨酉阳","0","2","2"
"献大木二十根","0","2","2"
"尚书张鹤鸣说","0","2","2"
"一千七百多家","0","2","2"
"皇帝命令将该","0","2","2"
"十万前去征讨","0","2","2"
"为何入侵中国","0","2","2"
"日本国王良怀","0","2","2"
"遵奉朝廷的命","0","2","2"
"蒙古人的后裔","0","2","2"
"贡献马和土产","0","2","2"
"让他们的使者","0","2","2"
"皇帝厌恶他们","0","2","2"
"表文中的言词","0","2","2"
"年他们又来上","0","2","2"
"他们又来上贡","0","2","2"
"命令礼部官员","0","2","2"
"不是一个人的","0","2","2"
"自古以来都是","0","2","2"
"年他们派使者","0","2","2"
"命令江夏侯周","0","2","2"
"令江夏侯周德","0","2","2"
"命令信国公汤","0","2","2"
"令信国公汤和","0","2","2"
"万八千七百多","0","2","2"
"八千七百多人","0","2","2"
"心一意致力于","0","2","2"
"前去谕告日本","0","2","2"
"一起前往日本","0","2","2"
"按以往的惯例","0","2","2"
"敕令有关官府","0","2","2"
"解送到京城来","0","2","2"
"他们所私带的","0","2","2"
"十一月日本国","0","2","2"
"国派人向朝廷","0","2","2"
"有玉玺的文书","0","2","2"
"皇帝亲自撰写","0","2","2"
"日本使者前来","0","2","2"
"频频向明朝廷","0","2","2"
"所抓获的海寇","0","2","2"
"其使者回国时","0","2","2"
"请求朝廷赏赐","0","2","2"
"源义持派使者","0","2","2"
"义持派使者前","0","2","2"
"持派使者前来","0","2","2"
"派使者前来报","0","2","2"
"使者前来报告","0","2","2"
"持皇帝的敕令","0","2","2"
"皇帝嘉奖了他","0","2","2"
"一样礼待使者","0","2","2"
"国王和王妃赏","0","2","2"
"王和王妃赏赐","0","2","2"
"进行大肆杀掠","0","2","2"
"有关官府请求","0","2","2"
"皇帝仍按旧例","0","2","2"
"还是怏怏不乐","0","2","2"
"使者前来朝廷","0","2","2"
"上报给明朝廷","0","2","2"
"仍像以前那样","0","2","2"
"廷贡献马匹以","0","2","2"
"贡献马匹以表","0","2","2"
"月日本使臣又","0","2","2"
"日本使臣又来","0","2","2"
"本使臣又来朝","0","2","2"
"使臣又来朝贡","0","2","2"
"一样对待他们","0","2","2"
"请求皇上裁定","0","2","2"
"这是前所未有","0","2","2"
"会同兵部官员","0","2","2"
"派来朝贡的使","0","2","2"
"来朝贡的使臣","0","2","2"
"他们之间互相","0","2","2"
"皇帝将该奏章","0","2","2"
"帝将该奏章交","0","2","2"
"封闭海关断绝","0","2","2"
"转告日本国王","0","2","2"
"本国王源义晴","0","2","2"
"正德年间勘合","0","2","2"
"德年间勘合的","0","2","2"
"守卫大臣将此","0","2","2"
"与他们交通往","0","2","2"
"他们交通往来","0","2","2"
"等人到达京城","0","2","2"
"不得超过一百","0","2","2"
"前来向朝廷献","0","2","2"
"十八年的先例","0","2","2"
"不是故意违反","0","2","2"
"滨海地区的奸","0","2","2"
"海地区的奸民","0","2","2"
"设置市舶提举","0","2","2"
"置市舶提举司","0","2","2"
"命令兵部尚书","0","2","2"
"一百八十多里","0","2","2"
"全部精锐前来","0","2","2"
"请求朝廷派使","0","2","2"
"没有统属关系","0","2","2"
"送还从中国掳","0","2","2"
"还从中国掳掠","0","2","2"
"从中国掳掠去","0","2","2"
"中国掳掠去的","0","2","2"
"国掳掠去的人","0","2","2"
"掳掠去的人口","0","2","2"
"源义镇和源义","0","2","2"
"义镇和源义长","0","2","2"
"倭贼进犯浙江","0","2","2"
"都遭受他们的","0","2","2"
"年倭贼进犯浙","0","2","2"
"击沉他们的船","0","2","2"
"沉他们的船只","0","2","2"
"船只一百余艘","0","2","2"
"被其手下的大","0","2","2"
"此情况告诉了","0","2","2"
"将此上奏给皇","0","2","2"
"此上奏给皇帝","0","2","2"
"皇帝交给兵部","0","2","2"
"咨文给朝鲜国","0","2","2"
"文给朝鲜国王","0","2","2"
"派遣他手下的","0","2","2"
"遣他手下的大","0","2","2"
"部尚书石星无","0","2","2"
"尚书石星无计","0","2","2"
"书石星无计可","0","2","2"
"石星无计可施","0","2","2"
"于是嘉兴人沈","0","2","2"
"是嘉兴人沈惟","0","2","2"
"军队数十万人","0","2","2"
"派官员前去招","0","2","2"
"官员前去招谕","0","2","2"
"廷给他们的赏","0","2","2"
"过了一年又来","0","2","2"
"山南王的使臣","0","2","2"
"中山王派使者","0","2","2"
"第二年中山王","0","2","2"
"中山王和山南","0","2","2"
"山王和山南王","0","2","2"
"的使者一起前","0","2","2"
"使者一起前来","0","2","2"
"次派使者向朝","0","2","2"
"的使者前来献","0","2","2"
"中山王的献贡","0","2","2"
"山王的献贡使","0","2","2"
"的次子和寨官","0","2","2"
"次子和寨官的","0","2","2"
"子和寨官的儿","0","2","2"
"和寨官的儿子","0","2","2"
"一起来到京城","0","2","2"
"官的儿子进国","0","2","2"
"的儿子进国子","0","2","2"
"儿子进国子监","0","2","2"
"子进国子监学","0","2","2"
"又派寨官的儿","0","2","2"
"王所派的学生","0","2","2"
"国子监学习的","0","2","2"
"朝廷请求皇帝","0","2","2"
"帝命令礼部给","0","2","2"
"命令礼部给他","0","2","2"
"一起来京城朝","0","2","2"
"起来京城朝贡","0","2","2"
"使者来朝廷讣","0","2","2"
"者来朝廷讣告","0","2","2"
"派官员前去谕","0","2","2"
"官员前去册封","0","2","2"
"使者到朝廷讣","0","2","2"
"者到朝廷讣告","0","2","2"
"到朝廷讣告其","0","2","2"
"助他们办丧事","0","2","2"
"求朝廷允许我","0","2","2"
"请求朝廷予以","0","2","2"
"那样礼待他们","0","2","2"
"他们给朝廷献","0","2","2"
"们给朝廷献贡","0","2","2"
"二十二年春天","0","2","2"
"仁宗接皇帝位","0","2","2"
"山王的使者上","0","2","2"
"王的使者上奏","0","2","2"
"讣告其父去世","0","2","2"
"就是从这里开","0","2","2"
"是从这里开始","0","2","2"
"有关官吏处理","0","2","2"
"派来上贡的使","0","2","2"
"来上贡的使者","0","2","2"
"烧了他们的房","0","2","2"
"允许他们一年","0","2","2"
"许他们一年献","0","2","2"
"他们一年献贡","0","2","2"
"们一年献贡一","0","2","2"
"并请求让他们","0","2","2"
"接连上奏章请","0","2","2"
"连上奏章请求","0","2","2"
"的使者又来献","0","2","2"
"陪臣的儿子五","0","2","2"
"臣的儿子五人","0","2","2"
"到南京的国子","0","2","2"
"南京的国子监","0","2","2"
"绝他们的贡品","0","2","2"
"派使者前来祝","0","2","2"
"使者前来祝贺","0","2","2"
"献贡使者进入","0","2","2"
"皇帝下诏禁止","0","2","2"
"年琉球派使者","0","2","2"
"南京国子监学","0","2","2"
"嘉靖二年皇帝","0","2","2"
"皇帝听从礼部","0","2","2"
"听从礼部官员","0","2","2"
"两年献一次贡","0","2","2"
"人数不得超过","0","2","2"
"超过一百五十","0","2","2"
"过一百五十人","0","2","2"
"琉球国世子尚","0","2","2"
"并请求给予册","0","2","2"
"请求给予册封","0","2","2"
"命令福建的守","0","2","2"
"令福建的守卫","0","2","2"
"守卫大臣将情","0","2","2"
"卫大臣将情况","0","2","2"
"向朝廷报告了","0","2","2"
"琉球的世子尚","0","2","2"
"被倭寇掳掠去","0","2","2"
"倭寇掳掠去的","0","2","2"
"寇掳掠去的中","0","2","2"
"进献表文和土","0","2","2"
"献表文和土特","0","2","2"
"表文和土特产","0","2","2"
"文和土特产品","0","2","2"
"使臣去当面册","0","2","2"
"臣去当面册封","0","2","2"
"国派使者前来","0","2","2"
"并请求继承王","0","2","2"
"祝贺万历皇帝","0","2","2"
"任命户科给事","0","2","2"
"命户科给事中","0","2","2"
"向朝廷请求继","0","2","2"
"朝廷请求继承","0","2","2"
"廷请求继承王","0","2","2"
"求朝廷派官员","0","2","2"
"世子的表文到","0","2","2"
"子的表文到达","0","2","2"
"给事中萧近高","0","2","2"
"兵官杨宗业将","0","2","2"
"官杨宗业将此","0","2","2"
"十年献一次贡","0","2","2"
"并归还了他们","0","2","2"
"五年献一次贡","0","2","2"
"琉球派使者向","0","2","2"
"球派使者向朝","0","2","2"
"的献贡使者又","0","2","2"
"求朝廷派官前","0","2","2"
"使者向朝廷祝","0","2","2"
"者向朝廷祝贺","0","2","2"
"朝廷派官员前","0","2","2"
"廷派官员前去","0","2","2"
"派使者来京城","0","2","2"
"月安克帖木儿","0","2","2"
"安克帖木儿又","0","2","2"
"克帖木儿又派","0","2","2"
"帖木儿又派人","0","2","2"
"木儿又派人向","0","2","2"
"儿又派人向朝","0","2","2"
"求朝廷给予册","0","2","2"
"敢违抗朝廷的","0","2","2"
"脱脱的祖母和","0","2","2"
"的祖母和母亲","0","2","2"
"宋晟上奏朝廷","0","2","2"
"忠顺王脱脱的","0","2","2"
"理哈密的政务","0","2","2"
"整天沉湎于酒","0","2","2"
"天沉湎于酒色","0","2","2"
"兔力帖木儿为","0","2","2"
"力帖木儿为忠","0","2","2"
"帖木儿为忠义","0","2","2"
"次向朝廷献贡","0","2","2"
"三千五百多匹","0","2","2"
"宗登皇帝位时","0","2","2"
"派官前去吊祭","0","2","2"
"继承忠顺王位","0","2","2"
"向朝廷献贡三","0","2","2"
"朝廷献贡三次","0","2","2"
"把忠顺王的母","0","2","2"
"王的母亲和妻","0","2","2"
"数次派使者向","0","2","2"
"者向明朝廷告","0","2","2"
"从朝廷的安排","0","2","2"
"给他们加以赏","0","2","2"
"帖木儿前来朝","0","2","2"
"木儿前来朝贡","0","2","2"
"大臣说土鲁番","0","2","2"
"各派使者向朝","0","2","2"
"年他们又来献","0","2","2"
"他们又来献贡","0","2","2"
"礼部大臣姚夔","0","2","2"
"部大臣姚夔等","0","2","2"
"大臣姚夔等人","0","2","2"
"贡的使者不能","0","2","2"
"土鲁番派使者","0","2","2"
"朝廷给他们赐","0","2","2"
"哈密忠顺王的","0","2","2"
"去经略哈密事","0","2","2"
"经略哈密事务","0","2","2"
"朝廷修贡如故","0","2","2"
"派将士护送他","0","2","2"
"将士护送他们","0","2","2"
"士护送他们回","0","2","2"
"护送他们回去","0","2","2"
"和忠顺王的母","0","2","2"
"土鲁番又派遣","0","2","2"
"到京城向朝廷","0","2","2"
"还所占领的哈","0","2","2"
"所占领的哈密","0","2","2"
"到这个消息后","0","2","2"
"他的儿子阿黑","0","2","2"
"的儿子阿黑麻","0","2","2"
"了速檀的职位","0","2","2"
"不是忠顺王的","0","2","2"
"假装与罕慎联","0","2","2"
"装与罕慎联姻","0","2","2"
"罕慎联姻结亲","0","2","2"
"阿黑麻派使者","0","2","2"
"所派遣的使者","0","2","2"
"使者回去谕告","0","2","2"
"回去谕告阿黑","0","2","2"
"去谕告阿黑麻","0","2","2"
"并不遵奉朝廷","0","2","2"
"又派使者前来","0","2","2"
"愿意将哈密城","0","2","2"
"意将哈密城的","0","2","2"
"将哈密城的官","0","2","2"
"接纳他们的贡","0","2","2"
"这是什么道理","0","2","2"
"到皇帝手上后","0","2","2"
"边防大臣将此","0","2","2"
"防大臣将此上","0","2","2"
"陕巴为忠顺王","0","2","2"
"驾驭外番之国","0","2","2"
"宣召他们进宫","0","2","2"
"封闭了嘉峪关","0","2","2"
"叩关请求通贡","0","2","2"
"使者全部释放","0","2","2"
"者全部释放回","0","2","2"
"的儿子拜牙即","0","2","2"
"此时朝廷大臣","0","2","2"
"探我们的虚实","0","2","2"
"反复向我们挑","0","2","2"
"复向我们挑衅","0","2","2"
"番人掳掠而去","0","2","2"
"让他掌握兵权","0","2","2"
"长期以来一直","0","2","2"
"得罪了其主人","0","2","2"
"每年从他那里","0","2","2"
"年从他那里征","0","2","2"
"从他那里征调","0","2","2"
"满速儿为此很","0","2","2"
"速儿为此很愤","0","2","2"
"儿为此很愤怒","0","2","2"
"部下虎力纳咱","0","2","2"
"下虎力纳咱儿","0","2","2"
"虎力纳咱儿勾","0","2","2"
"力纳咱儿勾引","0","2","2"
"纳咱儿勾引瓦","0","2","2"
"咱儿勾引瓦剌","0","2","2"
"答应他们的要","0","2","2"
"应他们的要求","0","2","2"
"怎么能够兴复","0","2","2"
"不知他的去向","0","2","2"
"请求朝廷一心","0","2","2"
"考虑自治之策","0","2","2"
"接受了他们的","0","2","2"
"以及忠顺王的","0","2","2"
"更加桀骜不驯","0","2","2"
"悔改自己的罪","0","2","2"
"改自己的罪过","0","2","2"
"回到自己的故","0","2","2"
"也先的弟弟伯","0","2","2"
"先的弟弟伯都","0","2","2"
"的弟弟伯都王","0","2","2"
"请求朝廷对他","0","2","2"
"无人可继承王","0","2","2"
"人可继承王位","0","2","2"
"令哈密的国人","0","2","2"
"推荐出可继承","0","2","2"
"官至都督同知","0","2","2"
"的奏章上报朝","0","2","2"
"奏章上报朝廷","0","2","2"
"还数次派使者","0","2","2"
"等人的奏章交","0","2","2"
"人的奏章交给","0","2","2"
"年献一次贡品","0","2","2"
"把塔木儿为王","0","2","2"
"给他颁赐诰印","0","2","2"
"自己年老有病","0","2","2"
"使者还未回去","0","2","2"
"哈密一起派使","0","2","2"
"密一起派使者","0","2","2"
"一起派使者前","0","2","2"
"起派使者前来","0","2","2"
"让他继承其父","0","2","2"
"袭击并攻破了","0","2","2"
"忠顺王的孙女","0","2","2"
"等人将此上报","0","2","2"
"人将此上报朝","0","2","2"
"朝廷便传檄文","0","2","2"
"廷便传檄文给","0","2","2"
"斤二个卫所的","0","2","2"
"二个卫所的军","0","2","2"
"个卫所的军队","0","2","2"
"的军队回去守","0","2","2"
"军队回去守卫","0","2","2"
"队回去守卫自","0","2","2"
"回去守卫自己","0","2","2"
"去守卫自己的","0","2","2"
"卫所的军队一","0","2","2"
"他手下的将士","0","2","2"
"廷大臣请求皇","0","2","2"
"攻破哈密城的","0","2","2"
"破哈密城的防","0","2","2"
"哈密城的防守","0","2","2"
"派使者叩见边","0","2","2"
"使者叩见边关","0","2","2"
"者叩见边关大","0","2","2"
"叩见边关大臣","0","2","2"
"所拘留的土鲁","0","2","2"
"拘留的土鲁番","0","2","2"
"的土鲁番使臣","0","2","2"
"所扣留的土鲁","0","2","2"
"扣留的土鲁番","0","2","2"
"马文升的建议","0","2","2"
"边关大臣认为","0","2","2"
"自古以来没有","0","2","2"
"朝廷大臣都说","0","2","2"
"没有损害或好","0","2","2"
"有损害或好处","0","2","2"
"安定王千奔的","0","2","2"
"修筑苦峪的城","0","2","2"
"筑苦峪的城壕","0","2","2"
"三种番族人和","0","2","2"
"写亦虎仙等人","0","2","2"
"治写亦虎仙的","0","2","2"
"写亦虎仙的罪","0","2","2"
"符合古人所说","0","2","2"
"合古人所说的","0","2","2"
"六年朝廷才让","0","2","2"
"二人把真帖木","0","2","2"
"人把真帖木儿","0","2","2"
"他们一行到达","0","2","2"
"书给边关大臣","0","2","2"
"卫自己的国家","0","2","2"
"他们归还所侵","0","2","2"
"们归还所侵占","0","2","2"
"忠顺王最终没","0","2","2"
"顺王最终没有","0","2","2"
"即使让他回到","0","2","2"
"使让他回到哈","0","2","2"
"让他回到哈密","0","2","2"
"请求朝廷敕令","0","2","2"
"他们所提的要","0","2","2"
"们所提的要求","0","2","2"
"充当米儿的儿","0","2","2"
"当米儿的儿子","0","2","2"
"米儿的儿子马","0","2","2"
"儿的儿子马黑","0","2","2"
"的儿子马黑木","0","2","2"
"失拜烟答的儿","0","2","2"
"拜烟答的儿子","0","2","2"
"进了锦衣卫的","0","2","2"
"了锦衣卫的监","0","2","2"
"打败了入侵的","0","2","2"
"皇帝命令兵部","0","2","2"
"侵犯边境之罪","0","2","2"
"让他归还所侵","0","2","2"
"想置他于死地","0","2","2"
"领自己的部下","0","2","2"
"臣属于土鲁番","0","2","2"
"断绝与他们的","0","2","2"
"来替自己赎罪","0","2","2"
"他们每年献一","0","2","2"
"们每年献一次","0","2","2"
"每年献一次贡","0","2","2"
"拜徐达为大将","0","2","2"
"封买的里八剌","0","2","2"
"买的里八剌为","0","2","2"
"的里八剌为崇","0","2","2"
"里八剌为崇礼","0","2","2"
"八剌为崇礼侯","0","2","2"
"元朝太子爱猷","0","2","2"
"朝太子爱猷识","0","2","2"
"崇礼侯买的里","0","2","2"
"礼侯买的里八","0","2","2"
"侯买的里八剌","0","2","2"
"买的里八剌回","0","2","2"
"回到北方老家","0","2","2"
"猷识理达腊死","0","2","2"
"古思帖木儿继","0","2","2"
"平章完者不花","0","2","2"
"洪武十三年春","0","2","2"
"听说纳哈出受","0","2","2"
"说纳哈出受伤","0","2","2"
"三千一百多人","0","2","2"
"封纳哈出为海","0","2","2"
"纳哈出为海西","0","2","2"
"哈出为海西侯","0","2","2"
"赏赐给他很多","0","2","2"
"率领大军从大","0","2","2"
"太祖非常高兴","0","2","2"
"并命令有关官","0","2","2"
"给鬼力赤可汗","0","2","2"
"把他立为可汗","0","2","2"
"没有听说他们","0","2","2"
"不要轻易进犯","0","2","2"
"明成祖接纳了","0","2","2"
"都以厚礼还报","0","2","2"
"成祖认为他很","0","2","2"
"阿鲁台派使者","0","2","2"
"被瓦剌部落所","0","2","2"
"他的母亲和妻","0","2","2"
"母亲和妻子也","0","2","2"
"军队驻扎在边","0","2","2"
"队驻扎在边关","0","2","2"
"驻扎在边关要","0","2","2"
"到脱脱不花的","0","2","2"
"他的妻子儿子","0","2","2"
"瓦剌部落的脱","0","2","2"
"剌部落的脱飀","0","2","2"
"脱飀袭击并杀","0","2","2"
"飀袭击并杀死","0","2","2"
"的儿子阿卜只","0","2","2"
"儿子阿卜只俺","0","2","2"
"打败朵儿只伯","0","2","2"
"阿鲁台的部属","0","2","2"
"认为这样不行","0","2","2"
"他的儿子也先","0","2","2"
"的儿子也先继","0","2","2"
"谋划大举入侵","0","2","2"
"大举入侵明朝","0","2","2"
"脱脱不花制止","0","2","2"
"脱不花制止他","0","2","2"
"英宗皇帝为太","0","2","2"
"宗皇帝为太上","0","2","2"
"杀了脱脱不花","0","2","2"
"脱脱不花的儿","0","2","2"
"脱不花的儿子","0","2","2"
"朝廷的大臣们","0","2","2"
"诱入伏击圈内","0","2","2"
"皇帝命令侍郎","0","2","2"
"英宗皇帝答应","0","2","2"
"宗皇帝答应了","0","2","2"
"与孛来互相仇","0","2","2"
"孛来互相仇杀","0","2","2"
"进入河套地区","0","2","2"
"唐朝张仁愿在","0","2","2"
"朝张仁愿在这","0","2","2"
"张仁愿在这里","0","2","2"
"朝初年曾派兵","0","2","2"
"宪宗皇帝任命","0","2","2"
"宪宗皇帝命令","0","2","2"
"皇帝认为这个","0","2","2"
"帝认为这个建","0","2","2"
"认为这个建议","0","2","2"
"大臣们都请求","0","2","2"
"妻子儿女也都","0","2","2"
"再在河套居住","0","2","2"
"在威宁海子袭","0","2","2"
"威宁海子袭击","0","2","2"
"宁海子袭击并","0","2","2"
"人在边关地区","0","2","2"
"万骑兵入侵大","0","2","2"
"骑兵入侵大同","0","2","2"
"尽全力抗击敌","0","2","2"
"全力抗击敌人","0","2","2"
"每年都不得安","0","2","2"
"年都不得安宁","0","2","2"
"北方部落的亦","0","2","2"
"方部落的亦卜","0","2","2"
"部落的亦卜剌","0","2","2"
"边疆地区的祸","0","2","2"
"疆地区的祸患","0","2","2"
"在贺兰山后面","0","2","2"
"平江伯陈锐为","0","2","2"
"允许他们来上","0","2","2"
"许他们来上贡","0","2","2"
"宗即皇帝位后","0","2","2"
"敌人数次入侵","0","2","2"
"斩获首级三百","0","2","2"
"缴获马和牲畜","0","2","2"
"剌逃窜到西海","0","2","2"
"百姓苦不堪言","0","2","2"
"小王子数次入","0","2","2"
"王子数次入侵","0","2","2"
"和巡抚都御史","0","2","2"
"嘉靖十九年秋","0","2","2"
"靖十九年秋天","0","2","2"
"斩获敌人一百","0","2","2"
"总兵周尚文在","0","2","2"
"巡抚龙大有把","0","2","2"
"抚龙大有把他","0","2","2"
"边关地区有数","0","2","2"
"他的各个儿子","0","2","2"
"派使者到大同","0","2","2"
"使者到大同要","0","2","2"
"者到大同要塞","0","2","2"
"万骑兵入侵锦","0","2","2"
"骑兵入侵锦州","0","2","2"
"收复河套的事","0","2","2"
"敌人进犯宣府","0","2","2"
"人焚烧抢劫了","0","2","2"
"认为这样做不","0","2","2"
"碰上长期下雨","0","2","2"
"上长期下雨才","0","2","2"
"三十五年夏天","0","2","2"
"总兵蒋承勋奋","0","2","2"
"兵蒋承勋奋力","0","2","2"
"暗地里派人告","0","2","2"
"地里派人告诉","0","2","2"
"数次进犯辽东","0","2","2"
"捣毁敌人的营","0","2","2"
"毁敌人的营帐","0","2","2"
"俺答屡次进犯","0","2","2"
"靖四十二年春","0","2","2"
"四十二年春天","0","2","2"
"姜应熊在密云","0","2","2"
"靖四十四年春","0","2","2"
"四十四年春天","0","2","2"
"是俺答第三个","0","2","2"
"俺答第三个儿","0","2","2"
"答第三个儿子","0","2","2"
"第三个儿子铁","0","2","2"
"三个儿子铁背","0","2","2"
"个儿子铁背台","0","2","2"
"儿子铁背台吉","0","2","2"
"子铁背台吉的","0","2","2"
"铁背台吉的儿","0","2","2"
"背台吉的儿子","0","2","2"
"袄儿都司的女","0","2","2"
"是俺答的外孙","0","2","2"
"俺答的外孙女","0","2","2"
"把板升的各位","0","2","2"
"板升的各位叛","0","2","2"
"升的各位叛徒","0","2","2"
"建议可以采纳","0","2","2"
"使者与鲍崇德","0","2","2"
"者与鲍崇德一","0","2","2"
"与鲍崇德一起","0","2","2"
"部落酋长可带","0","2","2"
"落酋长可带马","0","2","2"
"吉能为都督同","0","2","2"
"能为都督同知","0","2","2"
"他们每年都来","0","2","2"
"成梁在卓山打","0","2","2"
"梁在卓山打败","0","2","2"
"了大学士张居","0","2","2"
"万历十年春天","0","2","2"
"所属的外族人","0","2","2"
"历二十四年春","0","2","2"
"敌人一百三十","0","2","2"
"替他们向皇上","0","2","2"
"部落的入贡和","0","2","2"
"落的入贡和通","0","2","2"
"的入贡和通市","0","2","2"
"东边的各部落","0","2","2"
"与忠顺夫人结","0","2","2"
"西边关各部落","0","2","2"
"敌人三百多人","0","2","2"
"秘密地向皇帝","0","2","2"
"中原地区盗贼","0","2","2"
"居住在漠北地","0","2","2"
"住在漠北地区","0","2","2"
"将其遣送回去","0","2","2"
"亲自率军前去","0","2","2"
"率军前去征讨","0","2","2"
"以前所拘留的","0","2","2"
"与阿鲁台发生","0","2","2"
"阿鲁台发生战","0","2","2"
"鲁台发生战斗","0","2","2"
"向朝廷献玉玺","0","2","2"
"成国公朱勇上","0","2","2"
"国公朱勇上奏","0","2","2"
"脱脱不花率领","0","2","2"
"朝廷献贡品的","0","2","2"
"的使者不超过","0","2","2"
"令要他们自己","0","2","2"
"每年都有增加","0","2","2"
"图谋入侵中国","0","2","2"
"谋入侵中国边","0","2","2"
"入侵中国边境","0","2","2"
"朝廷的使者到","0","2","2"
"王振挟持皇帝","0","2","2"
"振挟持皇帝亲","0","2","2"
"挟持皇帝亲自","0","2","2"
"永顺伯薛绶率","0","2","2"
"皇帝的车驾到","0","2","2"
"帝为太上皇帝","0","2","2"
"见脱脱不花和","0","2","2"
"太上皇回去后","0","2","2"
"也先对杨善说","0","2","2"
"断绝与瓦剌的","0","2","2"
"绝与瓦剌的往","0","2","2"
"与瓦剌的往来","0","2","2"
"脱脱不花的妻","0","2","2"
"祝贺第二年的","0","2","2"
"贺第二年的元","0","2","2"
"第二年的元旦","0","2","2"
"尚书王直等人","0","2","2"
"皇帝便下诏令","0","2","2"
"使者前来朝觐","0","2","2"
"英宗皇帝复辟","0","2","2"
"朝廷请求册封","0","2","2"
"予指挥佥事的","0","2","2"
"一个名叫火儿","0","2","2"
"都派使者向朝","0","2","2"
"鲁番占领了哈","0","2","2"
"番占领了哈密","0","2","2"
"没答应他的请","0","2","2"
"等人分兵攻打","0","2","2"
"人分兵攻打各","0","2","2"
"官员一起讨论","0","2","2"
"跟随官军征讨","0","2","2"
"共同讨伐贼人","0","2","2"
"的官员和百姓","0","2","2"
"安抚当地百姓","0","2","2"
"将军傅友德攻","0","2","2"
"活捉了他们的","0","2","2"
"都按期向朝廷","0","2","2"
"元朝至元中年","0","2","2"
"的后代普觉为","0","2","2"
"求朝廷在此设","0","2","2"
"专门负责巡捕","0","2","2"
"因犯罪被处死","0","2","2"
"有个儿子叫普","0","2","2"
"此时官军已经","0","2","2"
"戴上桎梏押送","0","2","2"
"上桎梏押送到","0","2","2"
"桎梏押送到京","0","2","2"
"梏押送到京城","0","2","2"
"沈政与侬郎举","0","2","2"
"没有事实根据","0","2","2"
"之间互相仇杀","0","2","2"
"不敢轻举妄动","0","2","2"
"依靠四门舍目","0","2","2"
"调遣军队前去","0","2","2"
"兄弟俩为争夺","0","2","2"
"焚烧抢劫一空","0","2","2"
"率领军队前去","0","2","2"
"前去进剿讨伐","0","2","2"
"继荣将者鞼接","0","2","2"
"荣将者鞼接回","0","2","2"
"将者鞼接回来","0","2","2"
"此时逖益州的","0","2","2"
"太祖即皇帝位","0","2","2"
"使者向朝廷入","0","2","2"
"者向朝廷入贡","0","2","2"
"皇帝犒劳并赏","0","2","2"
"帝犒劳并赏赐","0","2","2"
"年朝廷设置了","0","2","2"
"了他们的土地","0","2","2"
"听从了朝廷的","0","2","2"
"那罗塔派使者","0","2","2"
"给他颁赐冠带","0","2","2"
"帝的敕谕去责","0","2","2"
"的敕谕去责问","0","2","2"
"可不再追究了","0","2","2"
"给他颁赐金牌","0","2","2"
"理宣慰使职务","0","2","2"
"来朝廷献贡品","0","2","2"
"年朝廷给缅甸","0","2","2"
"朝廷给缅甸颁","0","2","2"
"廷给缅甸颁发","0","2","2"
"给缅甸颁发了","0","2","2"
"将把麓川的土","0","2","2"
"把麓川的土地","0","2","2"
"朝廷所派的官","0","2","2"
"木邦的宣慰罕","0","2","2"
"宣慰罕盖法和","0","2","2"
"思任发的首级","0","2","2"
"并向朝廷贡献","0","2","2"
"请求朝廷派大","0","2","2"
"发的儿子思机","0","2","2"
"及其妻子儿女","0","2","2"
"所以请求朝廷","0","2","2"
"做自己的儿子","0","2","2"
"等人将此事上","0","2","2"
"人将此事上奏","0","2","2"
"莽瑞体的儿子","0","2","2"
"瑞体的儿子莽","0","2","2"
"体的儿子莽应","0","2","2"
"士兵一万多人","0","2","2"
"率领蛮族军队","0","2","2"
"所俘虏的缅甸","0","2","2"
"他的儿子莽应","0","2","2"
"岳凤的儿子曩","0","2","2"
"凤的儿子曩乌","0","2","2"
"抚刘世曾请求","0","2","2"
"邓子龙在攀枝","0","2","2"
"大破缅甸军队","0","2","2"
"敌人首级一万","0","2","2"
"人首级一万多","0","2","2"
"蛮莫的酋长思","0","2","2"
"镇巡官将此上","0","2","2"
"巡官将此上报","0","2","2"
"派遣宦官杨蠧","0","2","2"
"江下等十多个","0","2","2"
"下等十多个寨","0","2","2"
"等十多个寨子","0","2","2"
"各按等级赏赐","0","2","2"
"向朝廷请求允","0","2","2"
"朝廷请求允许","0","2","2"
"廷请求允许他","0","2","2"
"皇帝嘉赏他的","0","2","2"
"派遣宦官徐亮","0","2","2"
"遣宦官徐亮带","0","2","2"
"宦官徐亮带着","0","2","2"
"官徐亮带着皇","0","2","2"
"徐亮带着皇帝","0","2","2"
"亮带着皇帝的","0","2","2"
"赏赐织金文绮","0","2","2"
"攻破了缅甸二","0","2","2"
"破了缅甸二十","0","2","2"
"了缅甸二十多","0","2","2"
"缅甸二十多个","0","2","2"
"甸二十多个城","0","2","2"
"二十多个城寨","0","2","2"
"斩杀和俘虏了","0","2","2"
"杀和俘虏了不","0","2","2"
"和俘虏了不少","0","2","2"
"皇帝命令沐晟","0","2","2"
"调查审核此事","0","2","2"
"首领献给朝廷","0","2","2"
"请求朝廷将孟","0","2","2"
"们对朝廷的忠","0","2","2"
"黔国公沐琮将","0","2","2"
"国公沐琮将此","0","2","2"
"曩罕弄背叛木","0","2","2"
"罕弄背叛木邦","0","2","2"
"力一天比一天","0","2","2"
"黔国公沐琮上","0","2","2"
"国公沐琮上奏","0","2","2"
"官员前去招抚","0","2","2"
"将此情况上奏","0","2","2"
"与木邦之间的","0","2","2"
"木邦之间的仇","0","2","2"
"邦之间的仇杀","0","2","2"
"请求朝廷在孟","0","2","2"
"求朝廷在孟密","0","2","2"
"直接隶属于布","0","2","2"
"接隶属于布政","0","2","2"
"诉说自己的冤","0","2","2"
"说自己的冤屈","0","2","2"
"了孟密安抚司","0","2","2"
"有四十多年了","0","2","2"
"孟养的思陆发","0","2","2"
"怕思陆发的军","0","2","2"
"带着妻子儿女","0","2","2"
"任命刀木旦的","0","2","2"
"朝廷派遣官员","0","2","2"
"思任发所占领","0","2","2"
"皇帝命令黔国","0","2","2"
"帝命令黔国公","0","2","2"
"听从他的调度","0","2","2"
"朝廷所派的大","0","2","2"
"廷所派的大军","0","2","2"
"孟养金沙江的","0","2","2"
"养金沙江的思","0","2","2"
"金沙江的思陆","0","2","2"
"沙江的思陆发","0","2","2"
"派遣大陶孟伦","0","2","2"
"守卫自己的疆","0","2","2"
"卫自己的疆界","0","2","2"
"回到金沙江外","0","2","2"
"所占领的蛮莫","0","2","2"
"占领的蛮莫等","0","2","2"
"领的蛮莫等地","0","2","2"
"干崖和南甸三","0","2","2"
"崖和南甸三个","0","2","2"
"和南甸三个宣","0","2","2"
"南甸三个宣抚","0","2","2"
"甸三个宣抚司","0","2","2"
"成化年间开始","0","2","2"
"派来献贡的使","0","2","2"
"宣慰司的官印","0","2","2"
"将该地区隶属","0","2","2"
"该地区隶属于","0","2","2"
"昼夜兼程赶去","0","2","2"
"改置为车里军","0","2","2"
"置为车里军民","0","2","2"
"遣他的儿子刀","0","2","2"
"朝廷进献大象","0","2","2"
"刀暹答派遣他","0","2","2"
"暹答派遣他的","0","2","2"
"经八百大甸时","0","2","2"
"年朝贡一次就","0","2","2"
"朝贡一次就行","0","2","2"
"贡一次就行了","0","2","2"
"请求承袭宣慰","0","2","2"
"求承袭宣慰使","0","2","2"
"我们奉朝廷之","0","2","2"
"们奉朝廷之命","0","2","2"
"宝历代承袭宣","0","2","2"
"历代承袭宣慰","0","2","2"
"代承袭宣慰使","0","2","2"
"应当承袭官职","0","2","2"
"云南守卫大臣","0","2","2"
"南守卫大臣上","0","2","2"
"使者敕谕车里","0","2","2"
"缅甸酋长莽应","0","2","2"
"甸酋长莽应里","0","2","2"
"于是就灭亡了","0","2","2"
"派人来京城献","0","2","2"
"人来京城献贡","0","2","2"
"也按例给予赏","0","2","2"
"派使者带着敕","0","2","2"
"使者带着敕谕","0","2","2"
"者带着敕谕去","0","2","2"
"老挝向朝廷献","0","2","2"
"挝向朝廷献贡","0","2","2"
"刀板雅的三儿","0","2","2"
"板雅的三儿子","0","2","2"
"雅的三儿子怕","0","2","2"
"的三儿子怕雅","0","2","2"
"三儿子怕雅赛","0","2","2"
"儿子怕雅赛逃","0","2","2"
"子怕雅赛逃到","0","2","2"
"怕雅赛逃到八","0","2","2"
"雅赛逃到八百","0","2","2"
"宣慰使司的官","0","2","2"
"慰使司的官印","0","2","2"
"贡献大象和土","0","2","2"
"皇帝对兵部尚","0","2","2"
"帝对兵部尚书","0","2","2"
"兵部尚书茹王","0","2","2"
"我顾念到八百","0","2","2"
"两个军民宣慰","0","2","2"
"个军民宣慰使","0","2","2"
"宣慰使司的宣","0","2","2"
"慰使司的宣慰","0","2","2"
"使司的宣慰使","0","2","2"
"刀招散派人向","0","2","2"
"招散派人向朝","0","2","2"
"散派人向朝廷","0","2","2"
"献贡马和土产","0","2","2"
"贡的使者前来","0","2","2"
"使者前来谢罪","0","2","2"
"照永乐年间的","0","2","2"
"永乐年间的事","0","2","2"
"乐年间的事例","0","2","2"
"封陈日火奎为","0","2","2"
"陈日火奎为安","0","2","2"
"日火奎为安南","0","2","2"
"火奎为安南国","0","2","2"
"专门派使者前","0","2","2"
"和四十匹织金","0","2","2"
"四十匹织金文","0","2","2"
"十匹织金文的","0","2","2"
"匹织金文的丝","0","2","2"
"金文的丝绸及","0","2","2"
"文的丝绸及纱","0","2","2"
"的丝绸及纱罗","0","2","2"
"颁发了科举的","0","2","2"
"发了科举的诏","0","2","2"
"了科举的诏令","0","2","2"
"等人前来朝廷","0","2","2"
"皇帝下诏给安","0","2","2"
"给安南国王和","0","2","2"
"安南派使者向","0","2","2"
"明朝廷贡献大","0","2","2"
"请求皇帝册封","0","2","2"
"到京城向皇帝","0","2","2"
"自己年纪已老","0","2","2"
"有关官员进行","0","2","2"
"皇帝认为安南","0","2","2"
"赏赐安南国王","0","2","2"
"明朝廷不知内","0","2","2"
"朝廷不知内情","0","2","2"
"命令广西的守","0","2","2"
"令广西的守卫","0","2","2"
"广西的守卫大","0","2","2"
"输送两万石米","0","2","2"
"理安南国政事","0","2","2"
"使者奉表向明","0","2","2"
"者奉表向明朝","0","2","2"
"敕令前去谕告","0","2","2"
"城向朝廷诉说","0","2","2"
"黎季耑父子俩","0","2","2"
"改国号和年号","0","2","2"
"陈氏的后代为","0","2","2"
"命有关官员给","0","2","2"
"使者向明朝皇","0","2","2"
"者向明朝皇帝","0","2","2"
"着皇帝的敕令","0","2","2"
"迎接陈天平回","0","2","2"
"带兵五千护送","0","2","2"
"队也从云南到","0","2","2"
"派骠骑将军朱","0","2","2"
"访求陈氏的子","0","2","2"
"求陈氏的子孙","0","2","2"
"分别管辖二十","0","2","2"
"敕令有关官员","0","2","2"
"任命沐晟为征","0","2","2"
"沐晟为征夷将","0","2","2"
"晟为征夷将军","0","2","2"
"同时又派使者","0","2","2"
"时又派使者持","0","2","2"
"败讯传到朝廷","0","2","2"
"跟随英国公张","0","2","2"
"随英国公张辅","0","2","2"
"另立陈季扩为","0","2","2"
"是派遣使者到","0","2","2"
"请求明朝廷给","0","2","2"
"没有悔改之心","0","2","2"
"缴获船只一百","0","2","2"
"陈季扩逃到老","0","2","2"
"季扩逃到老挝","0","2","2"
"征夷将军印前","0","2","2"
"夷将军印前往","0","2","2"
"命令丰城侯李","0","2","2"
"令丰城侯李彬","0","2","2"
"何时才能得到","0","2","2"
"将军阮个立等","0","2","2"
"军阮个立等人","0","2","2"
"黎利逃到老挝","0","2","2"
"巡按御史将此","0","2","2"
"奏章上达朝廷","0","2","2"
"章上达朝廷后","0","2","2"
"成山侯王通为","0","2","2"
"山侯王通为征","0","2","2"
"侯王通为征夷","0","2","2"
"王通为征夷将","0","2","2"
"通为征夷将军","0","2","2"
"的那一路贼军","0","2","2"
"那一路贼军被","0","2","2"
"王通听到消息","0","2","2"
"通听到消息后","0","2","2"
"尚书陈洽战死","0","2","2"
"的土地割让给","0","2","2"
"保定伯梁铭为","0","2","2"
"道他们是在欺","0","2","2"
"他们是在欺骗","0","2","2"
"黎利派使者奉","0","2","2"
"利派使者奉表","0","2","2"
"明朝廷的任命","0","2","2"
"头目耆老请求","0","2","2"
"帝于是同意了","0","2","2"
"安南给他私封","0","2","2"
"南给他私封谥","0","2","2"
"给朝廷大臣讨","0","2","2"
"黎麟为安南国","0","2","2"
"麟为安南国王","0","2","2"
"向明朝廷告丧","0","2","2"
"帝命令光禄少","0","2","2"
"命令光禄少卿","0","2","2"
"者到京城向明","0","2","2"
"者向明朝廷祝","0","2","2"
"派遣使者向明","0","2","2"
"遣使者向明朝","0","2","2"
"即安南国王位","0","2","2"
"举行吊祭仪式","0","2","2"
"安南使者向明","0","2","2"
"南使者向明朝","0","2","2"
"礼科给事中王","0","2","2"
"怀疑其中有诈","0","2","2"
"求皇帝命令广","0","2","2"
"皇帝命令广西","0","2","2"
"帝命令广西的","0","2","2"
"安南的使臣说","0","2","2"
"明朝廷献贡物","0","2","2"
"赐予他皮弁冠","0","2","2"
"予他皮弁冠服","0","2","2"
"派兵攻破占城","0","2","2"
"占城国王盘罗","0","2","2"
"城国王盘罗茶","0","2","2"
"他归还所侵占","0","2","2"
"还所侵占的占","0","2","2"
"所侵占的占城","0","2","2"
"占城国的领土","0","2","2"
"占城国的土地","0","2","2"
"朝廷派遣使者","0","2","2"
"击并杀死了安","0","2","2"
"两广的守卫大","0","2","2"
"广的守卫大臣","0","2","2"
"帝答应了他的","0","2","2"
"答应了他的请","0","2","2"
"应了他的请求","0","2","2"
"持诏谕告安南","0","2","2"
"黎灏的儿子黎","0","2","2"
"讨伐并诛杀了","0","2","2"
"的儿子黎讠惠","0","2","2"
"向明朝廷请求","0","2","2"
"黎讠惠的母亲","0","2","2"
"世宗即皇帝位","0","2","2"
"的守卫大臣整","0","2","2"
"等审核事实的","0","2","2"
"审核事实的官","0","2","2"
"核事实的官员","0","2","2"
"事实的官员回","0","2","2"
"实的官员回来","0","2","2"
"朝廷大臣一起","0","2","2"
"请求朝廷停止","0","2","2"
"图谋恢复统治","0","2","2"
"不能答应他们","0","2","2"
"莫氏篡夺黎氏","0","2","2"
"氏篡夺黎氏的","0","2","2"
"起用黄绾为礼","0","2","2"
"用黄绾为礼部","0","2","2"
"黄绾为礼部尚","0","2","2"
"绾为礼部尚书","0","2","2"
"派使者前来请","0","2","2"
"使者前来请求","0","2","2"
"赦免了他们的","0","2","2"
"免了他们的罪","0","2","2"
"了他们的罪行","0","2","2"
"十三个宣抚司","0","2","2"
"残卒逃往海东","0","2","2"
"授予都统使职","0","2","2"
"予都统使职位","0","2","2"
"服作为顺逆的","0","2","2"
"作为顺逆的标","0","2","2"
"为顺逆的标志","0","2","2"
"谕告投诚之事","0","2","2"
"派使者到边关","0","2","2"
"谕告高丽国王","0","2","2"
"皇帝派使者到","0","2","2"
"一百五十多人","0","2","2"
"皇帝对中书省","0","2","2"
"向明朝廷进献","0","2","2"
"献贡马五十匹","0","2","2"
"被当权的宰相","0","2","2"
"宠臣辛肫的儿","0","2","2"
"臣辛肫的儿子","0","2","2"
"扶立辛礻禺为","0","2","2"
"立辛礻禺为王","0","2","2"
"皇帝怀疑其中","0","2","2"
"帝怀疑其中有","0","2","2"
"祝贺明年元旦","0","2","2"
"整肃军队小心","0","2","2"
"肃军队小心守","0","2","2"
"军队小心守卫","0","2","2"
"高丽王的爵位","0","2","2"
"皇帝没有答应","0","2","2"
"礻禺为高丽国","0","2","2"
"禺为高丽国王","0","2","2"
"已经昭然若揭","0","2","2"
"前来投降明朝","0","2","2"
"李成桂的儿子","0","2","2"
"君王瑶为高丽","0","2","2"
"是王氏的后裔","0","2","2"
"占有了高丽国","0","2","2"
"让位给他的儿","0","2","2"
"位给他的儿子","0","2","2"
"并请求皇帝给","0","2","2"
"三百八十多人","0","2","2"
"派遣官员到各","0","2","2"
"颁发即位诏书","0","2","2"
"李芳远上表谢","0","2","2"
"芳远上表谢恩","0","2","2"
"赐封谥号为恭","0","2","2"
"一百七十多家","0","2","2"
"敕令给予奖励","0","2","2"
"成阝王即皇帝","0","2","2"
"阝王即皇帝位","0","2","2"
"派官员到朝鲜","0","2","2"
"官员到朝鲜颁","0","2","2"
"儿子李弘日韦","0","2","2"
"向明朝廷上表","0","2","2"
"向明朝廷上疏","0","2","2"
"皇帝敕谕李王","0","2","2"
"帝敕谕李王柔","0","2","2"
"朝廷派遣太监","0","2","2"
"氏被封为王妃","0","2","2"
"辽东的守卫大","0","2","2"
"东的守卫大臣","0","2","2"
"请求明朝廷册","0","2","2"
"求明朝廷册封","0","2","2"
"明朝廷册封李","0","2","2"
"为朝鲜国王的","0","2","2"
"权理朝鲜国事","0","2","2"
"顺从他们的请","0","2","2"
"李仁人的儿子","0","2","2"
"不是李仁人的","0","2","2"
"是李仁人的后","0","2","2"
"李仁人的后代","0","2","2"
"李怿的儿子李","0","2","2"
"怿的儿子李山","0","2","2"
"的儿子李山告","0","2","2"
"儿子李山告为","0","2","2"
"括取珍奇异物","0","2","2"
"取珍奇异物和","0","2","2"
"珍奇异物和童","0","2","2"
"奇异物和童男","0","2","2"
"异物和童男童","0","2","2"
"物和童男童女","0","2","2"
"表向皇帝祝贺","0","2","2"
"李山亘派使者","0","2","2"
"对马岛隔海相","0","2","2"
"马岛隔海相望","0","2","2"
"兵渡过鸭绿江","0","2","2"
"经略朝鲜事务","0","2","2"
"沈惟敬一起前","0","2","2"
"军队全部撤回","0","2","2"
"倭寇果然分兵","0","2","2"
"留下刘纟廷的","0","2","2"
"国库中的金帛","0","2","2"
"朝廷大臣上奏","0","2","2"
"廷大臣上奏说","0","2","2"
"子临海君李王","0","2","2"
"临海君李王聿","0","2","2"
"止与倭人的封","0","2","2"
"与倭人的封贡","0","2","2"
"倭人的封贡之","0","2","2"
"人的封贡之事","0","2","2"
"都交相上奏章","0","2","2"
"上奏请求立李","0","2","2"
"奏请求立李珲","0","2","2"
"立李珲为继承","0","2","2"
"一如既往地在","0","2","2"
"任命兵部尚书","0","2","2"
"上疏朝廷请求","0","2","2"
"突然发动攻击","0","2","2"
"李大谏出使到","0","2","2"
"大谏出使到行","0","2","2"
"谏出使到行长","0","2","2"
"出使到行长那","0","2","2"
"使到行长那里","0","2","2"
"沈惟敬的手书","0","2","2"
"赐予尚方宝剑","0","2","2"
"而自己率大军","0","2","2"
"兵将他们包围","0","2","2"
"皇帝听说此事","0","2","2"
"帝听说此事后","0","2","2"
"将军队分成三","0","2","2"
"另外派一支军","0","2","2"
"外派一支军队","0","2","2"
"朝鲜与他们通","0","2","2"
"鲜与他们通好","0","2","2"
"请求明朝廷封","0","2","2"
"求明朝廷封李","0","2","2"
"明朝廷封李珲","0","2","2"
"朝廷封李珲为","0","2","2"
"给李日公封谥","0","2","2"
"李日公封谥号","0","2","2"
"以总兵的身份","0","2","2"
"上奏说朝鲜国","0","2","2"
"也就是所谓的","0","2","2"
"毛文龙镇守大","0","2","2"
"文龙镇守大臣","0","2","2"
"镇守大臣毛文","0","2","2"
"守大臣毛文龙","0","2","2"
"使他们不成为","0","2","2"
"招引敌人攻打","0","2","2"
"大清的军队所","0","2","2"
"袁崇焕在双岛","0","2","2"
"崇焕在双岛杀","0","2","2"
"清太宗文皇帝","0","2","2"
"朝廷对他们的","0","2","2"
"让他们世袭原","0","2","2"
"他们世袭原来","0","2","2"
"们世袭原来的","0","2","2"
"赏赐锦绮和钞","0","2","2"
"赐锦绮和钞币","0","2","2"
"献马匹以表示","0","2","2"
"马匹以表示谢","0","2","2"
"氏世代居住在","0","2","2"
"了朝廷的厚恩","0","2","2"
"释自己的罪行","0","2","2"
"死后没有儿子","0","2","2"
"陈述自己的功","0","2","2"
"述自己的功劳","0","2","2"
"赦免他的死罪","0","2","2"
"安国亨的儿子","0","2","2"
"国亨的儿子安","0","2","2"
"平定杨应龙的","0","2","2"
"杨应龙的叛乱","0","2","2"
"应龙的叛乱之","0","2","2"
"龙的叛乱之后","0","2","2"
"杨应龙的祖父","0","2","2"
"州的叛乱平定","0","2","2"
"叛乱平定以后","0","2","2"
"朝廷大臣的议","0","2","2"
"廷大臣的议论","0","2","2"
"王国祯从陆广","0","2","2"
"国祯从陆广进","0","2","2"
"刘养鲲从遵义","0","2","2"
"养鲲从遵义进","0","2","2"
"四十八人出来","0","2","2"
"十八人出来投","0","2","2"
"八人出来投降","0","2","2"
"又派兵平定了","0","2","2"
"臣怀疑郑贵妃","0","2","2"
"与百姓进行交","0","2","2"
"百姓进行交易","0","2","2"
"得到满意的答","0","2","2"
"到满意的答复","0","2","2"
"军才稍微退却","0","2","2"
"文武官员出城","0","2","2"
"奉朱由榔逃往","0","2","2"
"朱由榔逃至梧","0","2","2"
"由榔逃至梧州","0","2","2"
"挟持朱由榔逃","0","2","2"
"持朱由榔逃往","0","2","2"
"才稍微安定下","0","2","2"
"稍微安定下来","0","2","2"
"满朝大臣一起","0","2","2"
"给他追加谥号","0","2","2"
"他追加谥号为","0","2","2"
"国家多灾多难","0","2","2"
"偶尔实行一次","0","2","2"
"地的镇守宦官","0","2","2"
"主张实际上是","0","2","2"
"张实际上是由","0","2","2"
"因为灾异的发","0","2","2"
"为灾异的发生","0","2","2"
"张翀又和同事","0","2","2"
"到了第二年三","0","2","2"
"了第二年三月","0","2","2"
"二百二十多人","0","2","2"
"然后就死掉了","0","2","2"
"刚刚加冠成人","0","2","2"
"刚加冠成人就","0","2","2"
"加冠成人就考","0","2","2"
"冠成人就考中","0","2","2"
"考中成化二十","0","2","2"
"费宏上书请求","0","2","2"
"回答说知道了","0","2","2"
"参与国家机密","0","2","2"
"与国家机密大","0","2","2"
"国家机密大事","0","2","2"
"世宗即位以后","0","2","2"
"他为少师兼太","0","2","2"
"京畿内的田地","0","2","2"
"所以满朝大臣","0","2","2"
"不让他们担任","0","2","2"
"担任经筵讲官","0","2","2"
"不让他们参加","0","2","2"
"连上书请求退","0","2","2"
"桂萼也进来了","0","2","2"
"给他的银章上","0","2","2"
"他的银章上刻","0","2","2"
"本人考中弘治","0","2","2"
"人考中弘治十","0","2","2"
"考中弘治十八","0","2","2"
"朝廷推举阁臣","0","2","2"
"赐给他一枚银","0","2","2"
"给他一枚银章","0","2","2"
"密封上书评论","0","2","2"
"封上书评论政","0","2","2"
"上书评论政事","0","2","2"
"不合乎法律规","0","2","2"
"合乎法律规定","0","2","2"
"都御史前往上","0","2","2"
"御史前往上任","0","2","2"
"打入皇家监狱","0","2","2"
"给他恢复官职","0","2","2"
"让他密封上书","0","2","2"
"彗星出现在东","0","2","2"
"于是朝廷决定","0","2","2"
"李时兼文渊阁","0","2","2"
"时兼文渊阁大","0","2","2"
"学士入内阁参","0","2","2"
"也不敢有什么","0","2","2"
"给事中魏良弼","0","2","2"
"会发生什么事","0","2","2"
"封他为太子宾","0","2","2"
"加官为太子少","0","2","2"
"户部尚书兼武","0","2","2"
"英殿大学士的","0","2","2"
"被任命为翰林","0","2","2"
"参与机密大事","0","2","2"
"当时人们把他","0","2","2"
"时人们把他比","0","2","2"
"南京给事中王","0","2","2"
"更加坚决要求","0","2","2"
"加坚决要求退","0","2","2"
"坚决要求退休","0","2","2"
"被追赠为太师","0","2","2"
"立即提拔他为","0","2","2"
"世宗的指示精","0","2","2"
"宗的指示精神","0","2","2"
"敌寇的骑兵到","0","2","2"
"寇的骑兵到处","0","2","2"
"为南京吏部主","0","2","2"
"又有什么帮助","0","2","2"
"他加官为太子","0","2","2"
"在奏章中攻击","0","2","2"
"所喜欢的人来","0","2","2"
"的门生给事中","0","2","2"
"动不动就得罪","0","2","2"
"不动就得罪人","0","2","2"
"张居正的名望","0","2","2"
"大帽山的叛军","0","2","2"
"听从了他的请","0","2","2"
"各率一军会师","0","2","2"
"领自己的部队","0","2","2"
"直接攻打南昌","0","2","2"
"地方官吏没有","0","2","2"
"的精锐部队全","0","2","2"
"十五日又一次","0","2","2"
"敌人又一次大","0","2","2"
"武宗皇帝当时","0","2","2"
"和提督军务的","0","2","2"
"中有这样的话","0","2","2"
"威武大将军的","0","2","2"
"前前后后平定","0","2","2"
"他的奏章被下","0","2","2"
"的奏章被下发","0","2","2"
"断藤峡的乱民","0","2","2"
"命令布政使林","0","2","2"
"终年五十七岁","0","2","2"
"格物致知的学","0","2","2"
"下诏追赠他为","0","2","2"
"重申以前的请","0","2","2"
"申以前的请求","0","2","2"
"考中正德十一","0","2","2"
"中正德十一年","0","2","2"
"世宗皇帝即位","0","2","2"
"考中正德三年","0","2","2"
"弄得民不聊生","0","2","2"
"副都御史的名","0","2","2"
"担任工部主事","0","2","2"
"清宫发生灾祸","0","2","2"
"过了很长时间","0","2","2"
"回朝当了吏部","0","2","2"
"朝当了吏部尚","0","2","2"
"当了吏部尚书","0","2","2"
"希望陛下遵照","0","2","2"
"照典章制度办","0","2","2"
"称献帝为本生","0","2","2"
"改为本生皇考","0","2","2"
"初任南京兵部","0","2","2"
"大同发生战事","0","2","2"
"敌人骑兵的冲","0","2","2"
"人骑兵的冲击","0","2","2"
"召他回朝当了","0","2","2"
"时朝廷正在讨","0","2","2"
"朝廷正在讨论","0","2","2"
"从宫廷中直接","0","2","2"
"宫廷中直接传","0","2","2"
"廷中直接传下","0","2","2"
"宫廷和朝廷不","0","2","2"
"按照祖宗定下","0","2","2"
"一次次上书请","0","2","2"
"次次上书请求","0","2","2"
"为广东右布政","0","2","2"
"又起用他为南","0","2","2"
"可以做太子的","0","2","2"
"升他为右副都","0","2","2"
"带着几十个骑","0","2","2"
"着几十个骑兵","0","2","2"
"宗用加盖玉玺","0","2","2"
"上书辞谢给自","0","2","2"
"书辞谢给自己","0","2","2"
"辞谢给自己的","0","2","2"
"谢给自己的晋","0","2","2"
"又改为刑部尚","0","2","2"
"改为刑部尚书","0","2","2"
"很长时间才能","0","2","2"
"使叛兵不能向","0","2","2"
"年被推荐为政","0","2","2"
"被推荐为政绩","0","2","2"
"兼任左都御史","0","2","2"
"雷电震坏了奉","0","2","2"
"新制定的法令","0","2","2"
"不能有所整顿","0","2","2"
"监司以下的官","0","2","2"
"王宸濠造反时","0","2","2"
"士兵前往讨伐","0","2","2"
"前往巡抚湖广","0","2","2"
"继承武宗的王","0","2","2"
"承武宗的王位","0","2","2"
"称为皇考兴献","0","2","2"
"兴献王的尊称","0","2","2"
"一起交了上去","0","2","2"
"被关进了诏狱","0","2","2"
"的情况也不相","0","2","2"
"情况也不相同","0","2","2"
"自古以来天子","0","2","2"
"自然应该称为","0","2","2"
"然应该称为皇","0","2","2"
"现在陛下已经","0","2","2"
"在陛下已经把","0","2","2"
"昭圣皇太后是","0","2","2"
"圣皇太后是您","0","2","2"
"皇太后是您的","0","2","2"
"于是召集大臣","0","2","2"
"是召集大臣们","0","2","2"
"交给法司问罪","0","2","2"
"坚持反对意见","0","2","2"
"实际上也没有","0","2","2"
"追赠他为太傅","0","2","2"
"他一个儿子做","0","2","2"
"王府的护卫军","0","2","2"
"平定宸濠叛乱","0","2","2"
"应该称孝宗为","0","2","2"
"根据古礼考较","0","2","2"
"据古礼考较是","0","2","2"
"古礼考较是不","0","2","2"
"礼考较是不适","0","2","2"
"考较是不适合","0","2","2"
"较是不适合的","0","2","2"
"根据圣贤之道","0","2","2"
"据圣贤之道来","0","2","2"
"圣贤之道来比","0","2","2"
"贤之道来比照","0","2","2"
"之道来比照是","0","2","2"
"道来比照是说","0","2","2"
"来比照是说不","0","2","2"
"比照是说不通","0","2","2"
"照是说不通的","0","2","2"
"过继给人做后","0","2","2"
"继给人做后裔","0","2","2"
"替自己的父母","0","2","2"
"所以说这种观","0","2","2"
"以说这种观点","0","2","2"
"武宗继承孝宗","0","2","2"
"陛下对兴献王","0","2","2"
"要尊崇自己的","0","2","2"
"尊崇王位正统","0","2","2"
"到经筵前值勤","0","2","2"
"世宗颁诏称赞","0","2","2"
"想尊崇自己的","0","2","2"
"世宗不高兴了","0","2","2"
"关进了都察院","0","2","2"
"进了都察院的","0","2","2"
"了都察院的监","0","2","2"
"内阁大臣李时","0","2","2"
"没有接受馈赠","0","2","2"
"不久请假回乡","0","2","2"
"陛下为什么不","0","2","2"
"布诏书通告全","0","2","2"
"诏书通告全国","0","2","2"
"为皇考恭穆献","0","2","2"
"父子间的亲情","0","2","2"
"突然间显贵起","0","2","2"
"然间显贵起来","0","2","2"
"作孝宗的儿子","0","2","2"
"他升任南京刑","0","2","2"
"还是以前没有","0","2","2"
"前没有过的事","0","2","2"
"上书恶毒攻击","0","2","2"
"世宗传令削了","0","2","2"
"察军队的情况","0","2","2"
"建立保甲制度","0","2","2"
"们争先恐后地","0","2","2"
"为江西按察使","0","2","2"
"了兵部右侍郎","0","2","2"
"文定为兵部尚","0","2","2"
"定为兵部尚书","0","2","2"
"于是命令他退","0","2","2"
"是命令他退休","0","2","2"
"因为母亲年老","0","2","2"
"百姓有很多人","0","2","2"
"莫登庸弑君篡","0","2","2"
"有损国家尊严","0","2","2"
"任浙江提学副","0","2","2"
"朝廷于是召他","0","2","2"
"廷于是召他回","0","2","2"
"于是召他回朝","0","2","2"
"更加坚持自己","0","2","2"
"加坚持自己的","0","2","2"
"右都御史的官","0","2","2"
"都御史的官衔","0","2","2"
"升为南京太常","0","2","2"
"为南京太常寺","0","2","2"
"武宗刚刚即位","0","2","2"
"了贼寇的巢穴","0","2","2"
"他逐条陈述了","0","2","2"
"才被释放出来","0","2","2"
"说后大为恼怒","0","2","2"
"在考察中被罢","0","2","2"
"有战事的时候","0","2","2"
"战事的时候应","0","2","2"
"事的时候应当","0","2","2"
"的时候应当像","0","2","2"
"世宗赐给他两","0","2","2"
"宗赐给他两枚","0","2","2"
"赐给他两枚银","0","2","2"
"给他两枚银章","0","2","2"
"张璁已经进入","0","2","2"
"璁已经进入内","0","2","2"
"暗中诋毁一清","0","2","2"
"上书竭力攻击","0","2","2"
"安慰并挽留他","0","2","2"
"朝中大臣一起","0","2","2"
"通晓边防事务","0","2","2"
"有人把他比作","0","2","2"
"有朝廷赏赐的","0","2","2"
"朝廷推举吏部","0","2","2"
"为世袭锦衣千","0","2","2"
"报朝廷知道后","0","2","2"
"朝廷内外官员","0","2","2"
"提督陕西三边","0","2","2"
"宗于是命令他","0","2","2"
"盗贼全被平定","0","2","2"
"为世袭锦衣百","0","2","2"
"一起推荐彭泽","0","2","2"
"召他回朝主管","0","2","2"
"大臣一起推荐","0","2","2"
"王琼于是上书","0","2","2"
"可以拿下来的","0","2","2"
"分出部分兵力","0","2","2"
"御史纷纷上书","0","2","2"
"记录在官府的","0","2","2"
"后来又升为右","0","2","2"
"除丧服的祭祀","0","2","2"
"一百六十万石","0","2","2"
"升为太子少保","0","2","2"
"品以下官员不","0","2","2"
"传令云南巡抚","0","2","2"
"巡抚朱方因为","0","2","2"
"给他恢复了官","0","2","2"
"他恢复了官职","0","2","2"
"极力向朝廷推","0","2","2"
"力向朝廷推荐","0","2","2"
"任浙江右参政","0","2","2"
"注意侦察敌情","0","2","2"
"自己亲近的人","0","2","2"
"兵官周尚文在","0","2","2"
"口等处修建了","0","2","2"
"被提升为右都","0","2","2"
"手下的官吏都","0","2","2"
"他们在街市上","0","2","2"
"说自己有办法","0","2","2"
"俺答阿不孩又","0","2","2"
"答阿不孩又派","0","2","2"
"把他们都给杀","0","2","2"
"通贡也要防备","0","2","2"
"他的阴谋告诉","0","2","2"
"做兵部尚书兼","0","2","2"
"迎接亲生母亲","0","2","2"
"天上掉下来的","0","2","2"
"继承祖宗的王","0","2","2"
"这么一个儿子","0","2","2"
"下发给大臣讨","0","2","2"
"发给大臣讨论","0","2","2"
"上书猛烈抨击","0","2","2"
"的意见确定了","0","2","2"
"上书攻击费宏","0","2","2"
"两京给事御史","0","2","2"
"没有接到诏书","0","2","2"
"供词中牵连到","0","2","2"
"到武定侯郭勋","0","2","2"
"世宗更认为他","0","2","2"
"事中孙应奎弹","0","2","2"
"中孙应奎弹劾","0","2","2"
"派行人送手令","0","2","2"
"分别祭祀天地","0","2","2"
"彗星又出现在","0","2","2"
"听说这个消息","0","2","2"
"妃为兴国太后","0","2","2"
"孝敬自己的父","0","2","2"
"的大臣很多人","0","2","2"
"他们互相揭发","0","2","2"
"殿大学士入内","0","2","2"
"参与机要事宜","0","2","2"
"明显暴露出来","0","2","2"
"让他以尚书的","0","2","2"
"他以尚书的名","0","2","2"
"以尚书的名义","0","2","2"
"尚书的名义退","0","2","2"
"书的名义退休","0","2","2"
"交给法司审讯","0","2","2"
"法司会同锦衣","0","2","2"
"国子监的学生","0","2","2"
"尊贵者的统绪","0","2","2"
"借发生灾异的","0","2","2"
"上书称病求退","0","2","2"
"诏书召他回朝","0","2","2"
"亲自到文华殿","0","2","2"
"召内阁大臣当","0","2","2"
"大臣集中商议","0","2","2"
"奉夫人的弟弟","0","2","2"
"方面官员的履","0","2","2"
"面官员的履历","0","2","2"
"分别建立两个","0","2","2"
"别建立两个郊","0","2","2"
"建立两个郊祀","0","2","2"
"立两个郊祀台","0","2","2"
"世宗非常恼火","0","2","2"
"破坏世宗对夏","0","2","2"
"坏世宗对夏言","0","2","2"
"世宗对夏言的","0","2","2"
"宗对夏言的宠","0","2","2"
"对夏言的宠信","0","2","2"
"任吏科都给事","0","2","2"
"出于夏言的指","0","2","2"
"于夏言的指使","0","2","2"
"罢官时间长了","0","2","2"
"的大臣受他的","0","2","2"
"只知道有严嵩","0","2","2"
"知道有严嵩不","0","2","2"
"道有严嵩不知","0","2","2"
"有严嵩不知道","0","2","2"
"严嵩不知道有","0","2","2"
"嵩不知道有陛","0","2","2"
"六月二十八日","0","2","2"
"朱以海逃亡入","0","2","2"
"以海逃亡入海","0","2","2"
"朱高煦跟随成","0","2","2"
"高煦跟随成祖","0","2","2"
"常在成祖面前","0","2","2"
"命其返回藩地","0","2","2"
"听说大军到来","0","2","2"
"大臣都知道他","0","2","2"
"臣都知道他的","0","2","2"
"随即进升为都","0","2","2"
"杨洪充任总兵","0","2","2"
"洪充任总兵官","0","2","2"
"佩带镇朔大将","0","2","2"
"带镇朔大将军","0","2","2"
"随即充任左参","0","2","2"
"即充任左参将","0","2","2"
"府供给耕牛和","0","2","2"
"粮食一万八千","0","2","2"
"尚书于谦推荐","0","2","2"
"为锦衣卫官员","0","2","2"
"大权全部归于","0","2","2"
"命有关官员立","0","2","2"
"商议要革除夺","0","2","2"
"议要革除夺门","0","2","2"
"授为都督佥事","0","2","2"
"刘安为总兵官","0","2","2"
"也先进犯京城","0","2","2"
"进升他为右都","0","2","2"
"升他为右都督","0","2","2"
"封郭登为定襄","0","2","2"
"郭登为定襄伯","0","2","2"
"并授予世袭凭","0","2","2"
"于是上奏弹劾","0","2","2"
"这才率军返回","0","2","2"
"三百名骑兵从","0","2","2"
"敌寇再次人侵","0","2","2"
"卫指挥同知之","0","2","2"
"升为代理指挥","0","2","2"
"为代理指挥使","0","2","2"
"拔他为都督佥","0","2","2"
"皇上诏令孙镗","0","2","2"
"予他世袭诰券","0","2","2"
"孙镗充任总兵","0","2","2"
"镗充任总兵官","0","2","2"
"封为世袭侯爵","0","2","2"
"请求辞去官职","0","2","2"
"皇上下诏解除","0","2","2"
"诉说自己的情","0","2","2"
"说自己的情况","0","2","2"
"平卫指挥使之","0","2","2"
"越级升为都督","0","2","2"
"请求继承爵位","0","2","2"
"承袭世袭职位","0","2","2"
"被提拔为都督","0","2","2"
"提拔为都督佥","0","2","2"
"拔为都督佥事","0","2","2"
"极力要求辞官","0","2","2"
"在家闲居二十","0","2","2"
"家闲居二十余","0","2","2"
"闲居二十余年","0","2","2"
"朝廷内外很多","0","2","2"
"起用任为南京","0","2","2"
"有关部门每年","0","2","2"
"享年八十六岁","0","2","2"
"乡的尚书王恕","0","2","2"
"以陛下的聪明","0","2","2"
"利弊应当兴革","0","2","2"
"所有的官员都","0","2","2"
"有的官员都可","0","2","2"
"的官员都可以","0","2","2"
"官员都可以把","0","2","2"
"员都可以把自","0","2","2"
"都可以把自己","0","2","2"
"可以把自己的","0","2","2"
"列为条目向上","0","2","2"
"为条目向上陈","0","2","2"
"条目向上陈述","0","2","2"
"这大概是因为","0","2","2"
"把自己的意见","0","2","2"
"振兴天下之利","0","2","2"
"革除天下的弊","0","2","2"
"除天下的弊病","0","2","2"
"请求朝见皇帝","0","2","2"
"能采用他的建","0","2","2"
"孝贞皇后的神","0","2","2"
"贞皇后的神主","0","2","2"
"得知这些情况","0","2","2"
"害怕连累自己","0","2","2"
"安远侯柳升率","0","2","2"
"骑兵昼夜兼程","0","2","2"
"董兴为左副总","0","2","2"
"兴为左副总兵","0","2","2"
"十余年后去世","0","2","2"
"他随军征讨麓","0","2","2"
"随军征讨麓川","0","2","2"
"屡升至都指挥","0","2","2"
"朝廷同意了他","0","2","2"
"廷同意了他的","0","2","2"
"无人能与他相","0","2","2"
"人能与他相比","0","2","2"
"皇上下诏追赠","0","2","2"
"指挥佥事之职","0","2","2"
"随即充任右参","0","2","2"
"即充任右参将","0","2","2"
"因此进升为都","0","2","2"
"刘玉也被包围","0","2","2"
"将他捆绑起来","0","2","2"
"金辅追击刘惠","0","2","2"
"增加俸禄一百","0","2","2"
"加俸禄一百石","0","2","2"
"当时没有被采","0","2","2"
"时没有被采纳","0","2","2"
"神英充任总兵","0","2","2"
"英充任总兵官","0","2","2"
"左军都督府金","0","2","2"
"军都督府金书","0","2","2"
"杨一清的举荐","0","2","2"
"为代理都督同","0","2","2"
"三千士兵进入","0","2","2"
"皇上下诏赦免","0","2","2"
"上奏报告朝廷","0","2","2"
"皇上追赠他为","0","2","2"
"火筛侵入大同","0","2","2"
"朝廷于是命令","0","2","2"
"被实授为都督","0","2","2"
"追赠他为右都","0","2","2"
"赠他为右都督","0","2","2"
"朱宸濠企图谋","0","2","2"
"宸濠企图谋反","0","2","2"
"心这才安定下","0","2","2"
"朝廷商议设立","0","2","2"
"是很明白的了","0","2","2"
"三月二十七日","0","2","2"
"在文华殿召见","0","2","2"
"的奏疏交给他","0","2","2"
"年老请求退休","0","2","2"
"受到他的庇护","0","2","2"
"大学士李贤上","0","2","2"
"并命令有关部","0","2","2"
"提升为礼部尚","0","2","2"
"河东薛蠧的学","0","2","2"
"担任东宫讲官","0","2","2"
"进入内阁参预","0","2","2"
"阁参预机要事","0","2","2"
"敢于发表意见","0","2","2"
"宁宫发生火灾","0","2","2"
"谢迁一同接受","0","2","2"
"在朝阳门外建","0","2","2"
"很少能见到皇","0","2","2"
"少能见到皇帝","0","2","2"
"到现在两个月","0","2","2"
"现在两个月了","0","2","2"
"尽职于其官职","0","2","2"
"他们的罪行而","0","2","2"
"自己也不会安","0","2","2"
"己也不会安心","0","2","2"
"朝廷下诏书命","0","2","2"
"太子前往封地","0","2","2"
"因为南方的赋","0","2","2"
"为南方的赋税","0","2","2"
"百姓不堪忍受","0","2","2"
"时年七十九岁","0","2","2"
"免去上朝参拜","0","2","2"
"部右侍郎兼侍","0","2","2"
"刘瑾进入司礼","0","2","2"
"瑾进入司礼监","0","2","2"
"朝廷内外都为","0","2","2"
"子世袭锦衣千","0","2","2"
"第二年参加会","0","2","2"
"二年参加会试","0","2","2"
"显贵的侍从宦","0","2","2"
"贵的侍从宦官","0","2","2"
"王鏊以原官兼","0","2","2"
"他积功升至都","0","2","2"
"以征西将军的","0","2","2"
"征西将军的身","0","2","2"
"西将军的身份","0","2","2"
"请求在花马池","0","2","2"
"求在花马池修","0","2","2"
"在花马池修筑","0","2","2"
"朱荣镇守辽东","0","2","2"
"全部送往京城","0","2","2"
"在松花江造船","0","2","2"
"交给司法官吏","0","2","2"
"给司法官吏审","0","2","2"
"司法官吏审问","0","2","2"
"法官吏审问治","0","2","2"
"官吏审问治罪","0","2","2"
"升至都督佥事","0","2","2"
"传至明朝灭亡","0","2","2"
"斩杀一千一百","0","2","2"
"并按照制度予","0","2","2"
"按照制度予以","0","2","2"
"发誓要以死相","0","2","2"
"誓要以死相报","0","2","2"
"升为大宁都指","0","2","2"
"为大宁都指挥","0","2","2"
"欧信以都督佥","0","2","2"
"信以都督佥事","0","2","2"
"于是朝廷提升","0","2","2"
"信充任总兵官","0","2","2"
"请求解除兵权","0","2","2"
"为永宁卫指挥","0","2","2"
"当时诸将大多","0","2","2"
"以右副总兵的","0","2","2"
"右副总兵的身","0","2","2"
"已经很满足了","0","2","2"
"获得马驼牛羊","0","2","2"
"平江伯陈锐前","0","2","2"
"又升为都督同","0","2","2"
"打算亲自率军","0","2","2"
"在宫中不发下","0","2","2"
"四川发生饥荒","0","2","2"
"违抗皇帝旨意","0","2","2"
"不考虑自身利","0","2","2"
"考虑自身利害","0","2","2"
"任陕西按察使","0","2","2"
"没听说有一个","0","2","2"
"听说有一个人","0","2","2"
"大举搜索河套","0","2","2"
"项忠为总督军","0","2","2"
"忠为总督军务","0","2","2"
"军队前往讨伐","0","2","2"
"杀了他的儿子","0","2","2"
"升为广东副使","0","2","2"
"写信给大学士","0","2","2"
"淹死的不计其","0","2","2"
"州各少数民族","0","2","2"
"广西镇守宦官","0","2","2"
"升为右布政使","0","2","2"
"入河套驻扎放","0","2","2"
"河套驻扎放牧","0","2","2"
"母亲去世回家","0","2","2"
"兼任左副都御","0","2","2"
"个月可以完成","0","2","2"
"他为左都御史","0","2","2"
"削去太子太保","0","2","2"
"掌管司法刑狱","0","2","2"
"管司法刑狱的","0","2","2"
"司法刑狱的官","0","2","2"
"法刑狱的官署","0","2","2"
"接受朱英的意","0","2","2"
"受朱英的意见","0","2","2"
"他的子孙世代","0","2","2"
"四十万两银子","0","2","2"
"升为陕西右参","0","2","2"
"为广西右参政","0","2","2"
"祭奠阵亡将士","0","2","2"
"帝下诏责备刘","0","2","2"
"勤于圣人之学","0","2","2"
"皇上颇加以采","0","2","2"
"上书陈述边防","0","2","2"
"从今以后奏章","0","2","2"
"每年的收入不","0","2","2"
"下诏天下停止","0","2","2"
"召门达来告诫","0","2","2"
"门达来告诫他","0","2","2"
"掌讲经筵事务","0","2","2"
"与同官一起上","0","2","2"
"同官一起上书","0","2","2"
"官一起上书说","0","2","2"
"终年五十九岁","0","2","2"
"三品以上京官","0","2","2"
"在讲经筵当值","0","2","2"
"受到皇上称赞","0","2","2"
"入阁参预机务","0","2","2"
"但奏疏被扣留","0","2","2"
"为翰林院学士","0","2","2"
"为慈懿皇太后","0","2","2"
"称赞他的忠诚","0","2","2"
"他为吏部尚书","0","2","2"
"皇上安慰挽留","0","2","2"
"上安慰挽留他","0","2","2"
"判死刑和流放","0","2","2"
"生活非常俭约","0","2","2"
"兼左春坊大学","0","2","2"
"臣请立东宫太","0","2","2"
"请立东宫太子","0","2","2"
"人已经迎接上","0","2","2"
"已经迎接上皇","0","2","2"
"弹劾不称职的","0","2","2"
"劾不称职的大","0","2","2"
"应当剥夺官职","0","2","2"
"陈述自己的见","0","2","2"
"述自己的见解","0","2","2"
"种植榆树柳树","0","2","2"
"畏惧什么而不","0","2","2"
"皇帝被他的话","0","2","2"
"帝被他的话感","0","2","2"
"是人们所说的","0","2","2"
"向右旋转的度","0","2","2"
"右旋转的度数","0","2","2"
"为三百六十度","0","2","2"
"度来确定天下","0","2","2"
"来确定天下的","0","2","2"
"是北极出地的","0","2","2"
"出地的度数相","0","2","2"
"地的度数相同","0","2","2"
"地的经度相差","0","2","2"
"最高处是一千","0","2","2"
"赤道的经度和","0","2","2"
"道的经度和纬","0","2","2"
"观测出它在参","0","2","2"
"测出它在参宿","0","2","2"
"出它在参宿的","0","2","2"
"它在参宿的前","0","2","2"
"现在只有一颗","0","2","2"
"现在只有五颗","0","2","2"
"现在全部没有","0","2","2"
"在全部没有了","0","2","2"
"现在祇有四颗","0","2","2"
"现在都没有了","0","2","2"
"古代无而现在","0","2","2"
"代无而现在有","0","2","2"
"是古代所没有","0","2","2"
"古代所没有的","0","2","2"
"有名称的星星","0","2","2"
"黄道和赤道的","0","2","2"
"沿着黄道运行","0","2","2"
"用仪器观测天","0","2","2"
"仪器观测天象","0","2","2"
"把它叫做浑天","0","2","2"
"北极出地的高","0","2","2"
"日月星辰的运","0","2","2"
"月星辰的运行","0","2","2"
"听从了这个请","0","2","2"
"从了这个请求","0","2","2"
"与天体的运行","0","2","2"
"设立四丈高的","0","2","2"
"照元朝的制度","0","2","2"
"至正午十二时","0","2","2"
"正午十二时先","0","2","2"
"午十二时先于","0","2","2"
"十二时先于天","0","2","2"
"二时先于天时","0","2","2"
"不移动的地方","0","2","2"
"晷的大概情况","0","2","2"
"一周天的度数","0","2","2"
"皇帝命令太监","0","2","2"
"各节气午正的","0","2","2"
"节气午正的晷","0","2","2"
"气午正的晷影","0","2","2"
"造就是郭守敬","0","2","2"
"就是郭守敬要","0","2","2"
"表测量到的是","0","2","2"
"测量到的是日","0","2","2"
"量到的是日体","0","2","2"
"地半径的差额","0","2","2"
"方的人见到太","0","2","2"
"的人见到太阳","0","2","2"
"六十分之二时","0","2","2"
"酉正二刻十分","0","2","2"
"卯初二刻十分","0","2","2"
"布政司所属州","0","2","2"
"政司所属州县","0","2","2"
"梧州府的苍梧","0","2","2"
"都是危宿的分","0","2","2"
"是危宿的分野","0","2","2"
"直隶凤阳府的","0","2","2"
"都是昴宿的分","0","2","2"
"是昴宿的分野","0","2","2"
"都是参宿的分","0","2","2"
"是参宿的分野","0","2","2"
"布政司所属之","0","2","2"
"政司所属之地","0","2","2"
"都是尾宿的分","0","2","2"
"都派遣使者持","0","2","2"
"遣官员祭告天","0","2","2"
"放在丹陛中道","0","2","2"
"放置在彩舆中","0","2","2"
"仗大乐在前引","0","2","2"
"大乐在前引导","0","2","2"
"主婚人穿朝服","0","2","2"
"婚人穿朝服出","0","2","2"
"人穿朝服出来","0","2","2"
"前面所述的礼","0","2","2"
"面所述的礼仪","0","2","2"
"承接美好的命","0","2","2"
"接美好的命令","0","2","2"
"主婚人上前说","0","2","2"
"人送到大门外","0","2","2"
"节交给司礼监","0","2","2"
"送礼物到女家","0","2","2"
"礼物到女家定","0","2","2"
"物到女家定婚","0","2","2"
"黑色和浅红色","0","2","2"
"命你等持节行","0","2","2"
"各自放在案上","0","2","2"
"主婚人行四拜","0","2","2"
"婚人行四拜礼","0","2","2"
"拿着册书和宝","0","2","2"
"册书和宝玺放","0","2","2"
"书和宝玺放置","0","2","2"
"和宝玺放置在","0","2","2"
"宝玺放置在彩","0","2","2"
"宝玺放置在案","0","2","2"
"玺放置在案上","0","2","2"
"执事者举着案","0","2","2"
"后站立在西南","0","2","2"
"女官跪着接受","0","2","2"
"人到案前跪下","0","2","2"
"早晚不要违背","0","2","2"
"官穿着朝服在","0","2","2"
"穿着朝服在承","0","2","2"
"着朝服在承天","0","2","2"
"官员捧着册书","0","2","2"
"员捧着册书和","0","2","2"
"册书和宝玺交","0","2","2"
"书和宝玺交给","0","2","2"
"到更换衣服处","0","2","2"
"举行拜谒太庙","0","2","2"
"行拜谒太庙礼","0","2","2"
"皇后都行四拜","0","2","2"
"后都行四拜礼","0","2","2"
"皇帝穿着冕服","0","2","2"
"皇后穿着礼服","0","2","2"
"女官引导皇后","0","2","2"
"在前殿行醮酒","0","2","2"
"前殿行醮酒告","0","2","2"
"殿行醮酒告诫","0","2","2"
"行醮酒告诫礼","0","2","2"
"武元年规定制","0","2","2"
"元年规定制度","0","2","2"
"到使者面前说","0","2","2"
"按仪礼陈列礼","0","2","2"
"仪礼陈列礼物","0","2","2"
"遵守典章制度","0","2","2"
"陈列礼物献上","0","2","2"
"列礼物献上雁","0","2","2"
"导到皇帝座前","0","2","2"
"陈设扈从仪仗","0","2","2"
"舆上下来登上","0","2","2"
"上下来登上辖","0","2","2"
"下来登上辖车","0","2","2"
"从辖车上下来","0","2","2"
"的人穿着朝服","0","2","2"
"主婚者出来在","0","2","2"
"拿雁的人跟从","0","2","2"
"交给左右之人","0","2","2"
"皇太子行拜礼","0","2","2"
"你的父亲有训","0","2","2"
"皇太子向妃拱","0","2","2"
"太子向妃拱手","0","2","2"
"同中宫皇后的","0","2","2"
"中宫皇后的礼","0","2","2"
"宫皇后的礼仪","0","2","2"
"敬地希望皇太","0","2","2"
"如同正月初一","0","2","2"
"正月初一的礼","0","2","2"
"月初一的礼仪","0","2","2"
"将付之于卜筮","0","2","2"
"使某报告吉祥","0","2","2"
"坐着接受礼拜","0","2","2"
"面前行四拜礼","0","2","2"
"某官某的儿子","0","2","2"
"太监跪着接受","0","2","2"
"掌婚礼的人致","0","2","2"
"婚礼的人致词","0","2","2"
"礼的人致词说","0","2","2"
"恩赐家室给某","0","2","2"
"女婿行再拜礼","0","2","2"
"跪着交给太监","0","2","2"
"交给左右的人","0","2","2"
"相对行再拜礼","0","2","2"
"各自就位坐下","0","2","2"
"子监读书学习","0","2","2"
"如同纳吉的礼","0","2","2"
"同纳吉的礼仪","0","2","2"
"者出来在门外","0","2","2"
"来在门外迎接","0","2","2"
"第二天拜见宗","0","2","2"
"二天拜见宗庙","0","2","2"
"新婿的父亲以","0","2","2"
"婿的父亲以下","0","2","2"
"新妇行四拜礼","0","2","2"
"如同前面的礼","0","2","2"
"同前面的礼仪","0","2","2"
"如同初次的礼","0","2","2"
"同初次的礼仪","0","2","2"
"仿照有品级官","0","2","2"
"照有品级官员","0","2","2"
"品级官的礼仪","0","2","2"
"祭奠先圣先师","0","2","2"
"皇帝进入帷帐","0","2","2"
"行五拜叩头礼","0","2","2"
"东西厢房站立","0","2","2"
"赞唱为皇帝讲","0","2","2"
"唱为皇帝讲书","0","2","2"
"孟三氏的子孙","0","2","2"
"在礼部赏赐宴","0","2","2"
"礼部赏赐宴席","0","2","2"
"鸿胪官赞唱讲","0","2","2"
"胪官赞唱讲官","0","2","2"
"官赞唱讲官行","0","2","2"
"赞唱讲官行拜","0","2","2"
"唱讲官行拜礼","0","2","2"
"展书官跪下合","0","2","2"
"书官跪下合上","0","2","2"
"皇帝驾临文华","0","2","2"
"嘉靖六年规定","0","2","2"
"御前讲席日讲","0","2","2"
"命令学士宋濂","0","2","2"
"移到殿的束厢","0","2","2"
"侍卫如同平常","0","2","2"
"卫如同平常的","0","2","2"
"在台阶上行四","0","2","2"
"台阶上行四拜","0","2","2"
"阶上行四拜礼","0","2","2"
"各位官员进入","0","2","2"
"加赠太子太保","0","2","2"
"辅政大臣率领","0","2","2"
"天子亲自率军","0","2","2"
"子亲自率军出","0","2","2"
"亲自率军出征","0","2","2"
"皇帝亲自率军","0","2","2"
"帝亲自率军征","0","2","2"
"皇帝命令祭祀","0","2","2"
"车驾从正阳门","0","2","2"
"派遣官吏告祭","0","2","2"
"到宫殿的赤色","0","2","2"
"宫殿的赤色台","0","2","2"
"殿的赤色台阶","0","2","2"
"把它交给执事","0","2","2"
"官吏祭告宗庙","0","2","2"
"吏祭告宗庙社","0","2","2"
"军前大旗六纛","0","2","2"
"执掌祭祀的官","0","2","2"
"掌祭祀的官员","0","2","2"
"祭祀的官员撤","0","2","2"
"祀的官员撤除","0","2","2"
"的官员撤除俎","0","2","2"
"官员撤除俎豆","0","2","2"
"赞礼宣唱送神","0","2","2"
"到燎祭的地方","0","2","2"
"太祖命令中书","0","2","2"
"请求按照宋太","0","2","2"
"高呼三声万岁","0","2","2"
"凡是皇帝亲自","0","2","2"
"鼓吹开始演奏","0","2","2"
"百官又拜四拜","0","2","2"
"赐给中原之国","0","2","2"
"给中原之国的","0","2","2"
"朝见中宫皇后","0","2","2"
"派遣官员告祭","0","2","2"
"陈设皇帝座位","0","2","2"
"部尚书位在殿","0","2","2"
"尚书位在殿上","0","2","2"
"从殿束门进入","0","2","2"
"协戎政官率领","0","2","2"
"面向北依次站","0","2","2"
"向北依次站立","0","2","2"
"兵部尚书上奏","0","2","2"
"兵部尚书请求","0","2","2"
"部尚书请求检","0","2","2"
"尚书请求检阅","0","2","2"
"总协戎政官以","0","2","2"
"协戎政官以下","0","2","2"
"等候皇帝车驾","0","2","2"
"同先前的仪节","0","2","2"
"三品官到五品","0","2","2"
"品官到五品官","0","2","2"
"六品官到九品","0","2","2"
"品官到九品官","0","2","2"
"文武官员的子","0","2","2"
"武官员的子弟","0","2","2"
"官员的子弟和","0","2","2"
"员的子弟和士","0","2","2"
"的子弟和士民","0","2","2"
"子弟和士民中","0","2","2"
"弟和士民中的","0","2","2"
"和士民中的俊","0","2","2"
"士民中的俊秀","0","2","2"
"以及文武官员","0","2","2"
"确定同射的对","0","2","2"
"定同射的对象","0","2","2"
"的年高有德的","0","2","2"
"皇帝穿着平常","0","2","2"
"帝穿着平常服","0","2","2"
"穿着平常服饰","0","2","2"
"百官穿平常服","0","2","2"
"官穿平常服饰","0","2","2"
"百官穿朝服站","0","2","2"
"在京城的文武","0","2","2"
"京城的文武官","0","2","2"
"城的文武官员","0","2","2"
"二十七天后除","0","2","2"
"十七天后除服","0","2","2"
"号哭哀悼完毕","0","2","2"
"穿着素服举行","0","2","2"
"派官员祭祀金","0","2","2"
"官员祭祀金水","0","2","2"
"员祭祀金水桥","0","2","2"
"封号的妇女到","0","2","2"
"号的妇女到灵","0","2","2"
"的妇女到灵座","0","2","2"
"妇女到灵座殿","0","2","2"
"周年行小祥祭","0","2","2"
"停止朝拜三天","0","2","2"
"皇太子以下到","0","2","2"
"太子以下到灵","0","2","2"
"去掉麻制环形","0","2","2"
"掉麻制环形首","0","2","2"
"麻制环形首绖","0","2","2"
"穿素服驾临西","0","2","2"
"素服驾临西角","0","2","2"
"服驾临西角门","0","2","2"
"百官穿素服到","0","2","2"
"到思善门外哭","0","2","2"
"文武官四品以","0","2","2"
"从服丧服之日","0","2","2"
"服丧服之日开","0","2","2"
"奉天殿台阶上","0","2","2"
"鸿胪寺官员导","0","2","2"
"胪寺官员导引","0","2","2"
"册谧大行皇后","0","2","2"
"把册放在案上","0","2","2"
"上奏典礼完毕","0","2","2"
"西角门列班进","0","2","2"
"角门列班进名","0","2","2"
"列班进名拜慰","0","2","2"
"服驾临奉天门","0","2","2"
"派官员把安葬","0","2","2"
"官员把安葬日","0","2","2"
"员把安葬日期","0","2","2"
"把安葬日期祭","0","2","2"
"安葬日期祭告","0","2","2"
"皇太子以下穿","0","2","2"
"太子以下穿衰","0","2","2"
"子以下穿衰服","0","2","2"
"祭祀所经过的","0","2","2"
"百官以及受封","0","2","2"
"官以及受封号","0","2","2"
"封号的妇女都","0","2","2"
"妇女都穿素服","0","2","2"
"宗皇后张氏死","0","2","2"
"衰服二十七天","0","2","2"
"定时哭临号哭","0","2","2"
"时哭临号哭哀","0","2","2"
"步行送到德胜","0","2","2"
"行送到德胜门","0","2","2"
"送到德胜门外","0","2","2"
"皇帝穿着素服","0","2","2"
"与今天的情况","0","2","2"
"举行各种礼仪","0","2","2"
"没有服丧关系","0","2","2"
"尚书夏言等人","0","2","2"
"的神位牌应当","0","2","2"
"神位牌应当送","0","2","2"
"位牌应当送入","0","2","2"
"礼部呈上丧葬","0","2","2"
"听从了他的提","0","2","2"
"从了他的提议","0","2","2"
"浅淡色的衣服","0","2","2"
"神位牌返回京","0","2","2"
"位牌返回京城","0","2","2"
"然按礼制服丧","0","2","2"
"按礼制服丧服","0","2","2"
"命令孝烈皇后","0","2","2"
"孝洁皇后的牌","0","2","2"
"洁皇后的牌位","0","2","2"
"祭祀告谢地神","0","2","2"
"停止上朝两天","0","2","2"
"帝穿浅淡色衣","0","2","2"
"斩衰三年的丧","0","2","2"
"告祭世宗的灵","0","2","2"
"祭世宗的灵座","0","2","2"
"皇帝告谕礼部","0","2","2"
"定时号哭哀悼","0","2","2"
"封号的妇女入","0","2","2"
"子服齐衰一周","0","2","2"
"停止大小祭祀","0","2","2"
"止大小祭祀之","0","2","2"
"大小祭祀之事","0","2","2"
"小祭祀之事以","0","2","2"
"祭祀之事以及","0","2","2"
"祀之事以及音","0","2","2"
"之事以及音乐","0","2","2"
"停止嫁女娶妇","0","2","2"
"为睿宗献皇帝","0","2","2"
"遇到正月初一","0","2","2"
"很久不能决定","0","2","2"
"派官祭祀地神","0","2","2"
"灵柩启迁前的","0","2","2"
"柩启迁前的祭","0","2","2"
"启迁前的祭奠","0","2","2"
"将葬时的祭奠","0","2","2"
"黑角带朝见参","0","2","2"
"角带朝见参拜","0","2","2"
"葬在金山等处","0","2","2"
"在金山等处的","0","2","2"
"派内官举行祭","0","2","2"
"内官举行祭礼","0","2","2"
"王府和文武官","0","2","2"
"号哭哀悼的礼","0","2","2"
"翰林院撰写祭","0","2","2"
"林院撰写祭文","0","2","2"
"皇帝祭祀一坛","0","2","2"
"大功九个月丧","0","2","2"
"王的坟茔土地","0","2","2"
"上朝处理事务","0","2","2"
"从此之后只有","0","2","2"
"依从他的提议","0","2","2"
"每年一定节令","0","2","2"
"年一定节令派","0","2","2"
"内官举行祭祀","0","2","2"
"官举行祭祀礼","0","2","2"
"安葬在西山的","0","2","2"
"后来改称皇陵","0","2","2"
"听到丧耗的第","0","2","2"
"到丧耗的第二","0","2","2"
"丧耗的第二天","0","2","2"
"从穿上丧服之","0","2","2"
"穿上丧服之日","0","2","2"
"从西华门进入","0","2","2"
"二十七个月后","0","2","2"
"十七个月后除","0","2","2"
"七个月后除服","0","2","2"
"住宿在本官署","0","2","2"
"聚集举哀哭悼","0","2","2"
"又早晨聚集举","0","2","2"
"集举哀号哭三","0","2","2"
"举哀号哭三天","0","2","2"
"晨聚集举哀号","0","2","2"
"二十七天除服","0","2","2"
"从听到丧耗之","0","2","2"
"听到丧耗之日","0","2","2"
"到丧耗之日开","0","2","2"
"丧耗之日开始","0","2","2"
"光禄寺准备祭","0","2","2"
"上朝处理政事","0","2","2"
"太子以下都穿","0","2","2"
"子以下都穿衰","0","2","2"
"以下都穿衰服","0","2","2"
"应该祭祀的神","0","2","2"
"帝以及皇太子","0","2","2"
"殡前的祭奠礼","0","2","2"
"官请灵柩升上","0","2","2"
"拜五拜三叩头","0","2","2"
"执事官捧着灵","0","2","2"
"事官捧着灵柩","0","2","2"
"官捧着灵柩进","0","2","2"
"捧着灵柩进入","0","2","2"
"如同上面的礼","0","2","2"
"同上面的礼仪","0","2","2"
"设置皇太子的","0","2","2"
"内侍捧着牌位","0","2","2"
"侍捧着牌位安","0","2","2"
"捧着牌位安放","0","2","2"
"着牌位安放在","0","2","2"
"牌位安放在神","0","2","2"
"位安放在神座","0","2","2"
"安放在神座上","0","2","2"
"偶日举行第二","0","2","2"
"日举行第二次","0","2","2"
"日举行第三次","0","2","2"
"侍请神位牌下","0","2","2"
"百官在思善门","0","2","2"
"官在思善门外","0","2","2"
"四时祭祀的礼","0","2","2"
"时祭祀的礼仪","0","2","2"
"太常卿上奏请","0","2","2"
"常卿上奏请神","0","2","2"
"卿上奏请神位","0","2","2"
"上奏请神位牌","0","2","2"
"请神位牌下辇","0","2","2"
"神位牌下辇车","0","2","2"
"捧着神位牌从","0","2","2"
"内侍捧着神位","0","2","2"
"侍捧着神位牌","0","2","2"
"从宗庙左门出","0","2","2"
"从殿的左门进","0","2","2"
"殿的左门进入","0","2","2"
"奉安放神位牌","0","2","2"
"除丧服的禅祭","0","2","2"
"处理朝廷事务","0","2","2"
"穿素服朝拜参","0","2","2"
"素服朝拜参见","0","2","2"
"年正月癸末日","0","2","2"
"祈求上天降雪","0","2","2"
"从冬季至春季","0","2","2"
"十二月癸卯日","0","2","2"
"命令顺天府祈","0","2","2"
"令顺天府祈祷","0","2","2"
"年二月壬午日","0","2","2"
"州百姓家中有","0","2","2"
"京城发生火灾","0","2","2"
"年二月己巳日","0","2","2"
"十一月癸亥日","0","2","2"
"器库发生火灾","0","2","2"
"十二月己末日","0","2","2"
"年二月辛丑日","0","2","2"
"年八月癸巳日","0","2","2"
"十二月辛亥日","0","2","2"
"年正月壬子日","0","2","2"
"山庙发生火灾","0","2","2"
"城外发生火灾","0","2","2"
"木厂发生火灾","0","2","2"
"内府发生火灾","0","2","2"
"多次发生火灾","0","2","2"
"卫仓库发生火","0","2","2"
"十一月丁酉日","0","2","2"
"十二月乙末日","0","2","2"
"蔓延烧毁八百","0","2","2"
"延烧毁八百多","0","2","2"
"烧毁八百多家","0","2","2"
"年七月丙寅日","0","2","2"
"年五月戊子日","0","2","2"
"器皿厂发生火","0","2","2"
"皿厂发生火灾","0","2","2"
"年八月己巳日","0","2","2"
"年三月丁卯日","0","2","2"
"朝天宫发生火","0","2","2"
"天宫发生火灾","0","2","2"
"烧毁二百六十","0","2","2"
"毁二百六十多","0","2","2"
"二百六十多家","0","2","2"
"年七月庚戌日","0","2","2"
"年四月壬辰日","0","2","2"
"年八月丙午日","0","2","2"
"火灾一共发生","0","2","2"
"十一月戊午日","0","2","2"
"年二月庚寅日","0","2","2"
"随后火灾发生","0","2","2"
"年三月己末日","0","2","2"
"平民房屋一千","0","2","2"
"的房屋三百多","0","2","2"
"房屋三百多家","0","2","2"
"年正月庚辰日","0","2","2"
"蔓延烧毁房屋","0","2","2"
"年五月辛卯日","0","2","2"
"年正月己末日","0","2","2"
"州城楼发生火","0","2","2"
"城楼发生火灾","0","2","2"
"年三月乙酉日","0","2","2"
"年三月丁亥日","0","2","2"
"十一月壬午日","0","2","2"
"宫中发生火灾","0","2","2"
"年八月乙丑日","0","2","2"
"军都督府发生","0","2","2"
"都督府发生火","0","2","2"
"督府发生火灾","0","2","2"
"十一月辛亥日","0","2","2"
"月辛亥日晚上","0","2","2"
"万寿宫发生火","0","2","2"
"年三月辛酉日","0","2","2"
"年二月甲寅日","0","2","2"
"年正月己巳日","0","2","2"
"军人和平民死","0","2","2"
"人和平民死亡","0","2","2"
"庆府发生火灾","0","2","2"
"月丁丑日晚上","0","2","2"
"年四月戊子日","0","2","2"
"怡神殿发生火","0","2","2"
"神殿发生火灾","0","2","2"
"隆德殿发生火","0","2","2"
"德殿发生火灾","0","2","2"
"年四月癸酉日","0","2","2"
"鸾宫发生火灾","0","2","2"
"年五月丙申日","0","2","2"
"王恭厂发生火","0","2","2"
"恭厂发生火灾","0","2","2"
"年十月庚子日","0","2","2"
"年四月乙卯日","0","2","2"
"火药局发生火","0","2","2"
"药局发生火灾","0","2","2"
"年三月庚午日","0","2","2"
"月丁卯日晚上","0","2","2"
"年五月己亥日","0","2","2"
"年七月甲申日","0","2","2"
"年二月庚辰日","0","2","2"
"从五月到七月","0","2","2"
"互相搏斗了很","0","2","2"
"相搏斗了很久","0","2","2"
"年五月戊辰日","0","2","2"
"年四月乙丑日","0","2","2"
"年二月戊午日","0","2","2"
"失去了它的自","0","2","2"
"去了它的自然","0","2","2"
"燕王在苏家桥","0","2","2"
"王在苏家桥扎","0","2","2"
"在苏家桥扎营","0","2","2"
"京城久降雨水","0","2","2"
"刮狂风降暴雨","0","2","2"
"久降雨损坏城","0","2","2"
"降雨损坏城墙","0","2","2"
"淹死二百多人","0","2","2"
"州长久降雨伤","0","2","2"
"禾苗全部被淹","0","2","2"
"苗全部被淹没","0","2","2"
"的房屋被冲走","0","2","2"
"房屋被冲走淹","0","2","2"
"屋被冲走淹没","0","2","2"
"年七月乙酉日","0","2","2"
"万一千八百多","0","2","2"
"年七月庚寅日","0","2","2"
"连续降雨伤害","0","2","2"
"朝阳门北城墙","0","2","2"
"坏城垣和房屋","0","2","2"
"人民淹死不计","0","2","2"
"民淹死不计其","0","2","2"
"五年五月至七","0","2","2"
"年五月至七月","0","2","2"
"五月癸巳朔日","0","2","2"
"在奉天门准备","0","2","2"
"前后相接渡江","0","2","2"
"一个月纔停止","0","2","2"
"年正月丁亥日","0","2","2"
"年正月辛卯日","0","2","2"
"十二月戊辰日","0","2","2"
"十一月癸巳日","0","2","2"
"年十月戊辰日","0","2","2"
"以听命于礼部","0","2","2"
"每年一定季节","0","2","2"
"祀送入洗涤一","0","2","2"
"年设置太常司","0","2","2"
"外国朝见进贡","0","2","2"
"登记它的毛色","0","2","2"
"右少卿各一人","0","2","2"
"右寺丞各一人","0","2","2"
"皇帝亲亲之宝","0","2","2"
"敬天勤民之宝","0","2","2"
"大明受命之宝","0","2","2"
"敕正万民之宝","0","2","2"
"功勋大臣外戚","0","2","2"
"的夜间警卫者","0","2","2"
"都给事中一人","0","2","2"
"有的类编号称","0","2","2"
"的类编号称为","0","2","2"
"职掌书写办理","0","2","2"
"洪武七年开始","0","2","2"
"武七年开始设","0","2","2"
"官员复审死刑","0","2","2"
"员复审死刑案","0","2","2"
"后来革除五人","0","2","2"
"礼部颁布施行","0","2","2"
"一个容器的药","0","2","2"
"文武大臣以及","0","2","2"
"右监丞各一人","0","2","2"
"举行乡饮酒礼","0","2","2"
"驾驭他们的办","0","2","2"
"驭他们的办法","0","2","2"
"与其它五部相","0","2","2"
"其它五部相比","0","2","2"
"分别掌管南京","0","2","2"
"靖三十七年革","0","2","2"
"三十七年革除","0","2","2"
"隆庆四年革除","0","2","2"
"六科都给事中","0","2","2"
"给事中夏言奏","0","2","2"
"有专门的官员","0","2","2"
"十万石以下为","0","2","2"
"万石以下为中","0","2","2"
"十万石以下马","0","2","2"
"万石以下马下","0","2","2"
"三万石以下马","0","2","2"
"征召天下贤才","0","2","2"
"员没有固定人","0","2","2"
"太祖因为这样","0","2","2"
"设置宝钞提举","0","2","2"
"等同钱一千文","0","2","2"
"都御史陈瑛说","0","2","2"
"皇帝听从其议","0","2","2"
"书夏原吉请求","0","2","2"
"进行交易的禁","0","2","2"
"行交易的禁令","0","2","2"
"用银进行交易","0","2","2"
"自从弘治年间","0","2","2"
"照成化年间的","0","2","2"
"以十分作为标","0","2","2"
"十分作为标准","0","2","2"
"十文当银一分","0","2","2"
"的人遍地都是","0","2","2"
"听凭人民的方","0","2","2"
"凭人民的方便","0","2","2"
"从户部的议论","0","2","2"
"万六千两有余","0","2","2"
"成为人民的祸","0","2","2"
"洪武时期的旧","0","2","2"
"盗矿的人很多","0","2","2"
"尚书方钝等人","0","2","2"
"河南巡抚巡按","0","2","2"
"有识之士认为","0","2","2"
"给事中张文质","0","2","2"
"一百七十八处","0","2","2"
"有三百六十四","0","2","2"
"嫁娶丧葬祭祀","0","2","2"
"因钞法不流通","0","2","2"
"成为固定的制","0","2","2"
"二十七年以后","0","2","2"
"户部尚书毕自","0","2","2"
"部尚书毕自严","0","2","2"
"倭寇大肆劫掠","0","2","2"
"以供给边防军","0","2","2"
"诏令天下编制","0","2","2"
"以一百一十户","0","2","2"
"一百一十户为","0","2","2"
"百一十户为一","0","2","2"
"一十户为一里","0","2","2"
"按人口交纳粮","0","2","2"
"人口交纳粮食","0","2","2"
"户科给事中一","0","2","2"
"科给事中一人","0","2","2"
"所交纳的粮食","0","2","2"
"帝听从他的请","0","2","2"
"万五千八百多","0","2","2"
"官府主管部门","0","2","2"
"太祖制定法律","0","2","2"
"增加减少不一","0","2","2"
"赋税徭役之法","0","2","2"
"地永远不计亩","0","2","2"
"永远不计亩收","0","2","2"
"远不计亩收税","0","2","2"
"七干六百二十","0","2","2"
"请求丈量土地","0","2","2"
"七百零一万三","0","2","2"
"百零一万三千","0","2","2"
"山西以及直隶","0","2","2"
"的收税十分之","0","2","2"
"都由主管官吏","0","2","2"
"主管官吏统领","0","2","2"
"四万六千多石","0","2","2"
"米价一石值银","0","2","2"
"价一石值银五","0","2","2"
"一石值银五两","0","2","2"
"事中管怀理说","0","2","2"
"考试骑马射箭","0","2","2"
"令给事中夏言","0","2","2"
"都命令主管部","0","2","2"
"明朝中期以后","0","2","2"
"派遣官吏堵塞","0","2","2"
"堵塞黄河决口","0","2","2"
"又决堤于阳武","0","2","2"
"调集民工十万","0","2","2"
"漕运之道畅通","0","2","2"
"从涡河流入淮","0","2","2"
"堤岸多次溃决","0","2","2"
"开封十个州县","0","2","2"
"部侍郎王永和","0","2","2"
"出于徐州以南","0","2","2"
"随即疏通随即","0","2","2"
"不是用人力可","0","2","2"
"是用人力可以","0","2","2"
"用人力可以治","0","2","2"
"人力可以治理","0","2","2"
"力可以治理的","0","2","2"
"石璞前去治理","0","2","2"
"又决堤于沙湾","0","2","2"
"决堤于沙湾北","0","2","2"
"堤于沙湾北岸","0","2","2"
"靠近黄河的地","0","2","2"
"督促主管部门","0","2","2"
"主管部门修筑","0","2","2"
"河水流入盐河","0","2","2"
"谕德徐有贞为","0","2","2"
"县治以避洪水","0","2","2"
"一条从新乡八","0","2","2"
"条从新乡八柳","0","2","2"
"从新乡八柳树","0","2","2"
"准许他的奏请","0","2","2"
"也依从他的请","0","2","2"
"建置水闸门的","0","2","2"
"置水闸门的办","0","2","2"
"水闸门的办法","0","2","2"
"不是好的办法","0","2","2"
"依照他的主张","0","2","2"
"里到寿张的沙","0","2","2"
"也汇合于黄河","0","2","2"
"黄河决堤于汴","0","2","2"
"淹死不计其数","0","2","2"
"然而还不至于","0","2","2"
"引导漫流之水","0","2","2"
"岸决口的河水","0","2","2"
"合为一大支流","0","2","2"
"狭窄不能容纳","0","2","2"
"疏通孙家渡口","0","2","2"
"另外开凿新河","0","2","2"
"决口完全堵塞","0","2","2"
"派遣使者携带","0","2","2"
"向南流的故道","0","2","2"
"河口工程完成","0","2","2"
"从宿迁小河口","0","2","2"
"归德到徐州小","0","2","2"
"德到徐州小浮","0","2","2"
"州小浮桥流出","0","2","2"
"黄河从归德以","0","2","2"
"另外开凿一渠","0","2","2"
"丁家道口流入","0","2","2"
"黄河溃决堤岸","0","2","2"
"淤塞三十余里","0","2","2"
"修筑丁家口上","0","2","2"
"筑丁家口上下","0","2","2"
"直达徐州小浮","0","2","2"
"达徐州小浮桥","0","2","2"
"往北改道三百","0","2","2"
"北改道三百里","0","2","2"
"到沛县飞云桥","0","2","2"
"主张没有确定","0","2","2"
"奉命治理黄河","0","2","2"
"又疏通贾鲁河","0","2","2"
"派遣重要大臣","0","2","2"
"黄河流入淮河","0","2","2"
"水患也解除了","0","2","2"
"全都下发到工","0","2","2"
"都下发到工部","0","2","2"
"疏通贾鲁河故","0","2","2"
"通贾鲁河故道","0","2","2"
"出于飞云桥的","0","2","2"
"疏浚而使其畅","0","2","2"
"浚而使其畅通","0","2","2"
"引黄河注入卫","0","2","2"
"黄河注入卫河","0","2","2"
"一道出于汴城","0","2","2"
"寿州流入淮河","0","2","2"
"以减缓上游水","0","2","2"
"黄河流入运河","0","2","2"
"派遣官吏疏通","0","2","2"
"依从他的奏请","0","2","2"
"出于徐州小浮","0","2","2"
"于徐州小浮桥","0","2","2"
"有比这更大的","0","2","2"
"应当挖深挖宽","0","2","2"
"当挖深挖宽河","0","2","2"
"挖深挖宽河道","0","2","2"
"也不能说没有","0","2","2"
"鲁桥到沛县束","0","2","2"
"不敢轻率行动","0","2","2"
"应当大力疏通","0","2","2"
"疏通山东诸泉","0","2","2"
"通山东诸泉水","0","2","2"
"今黄河已经改","0","2","2"
"刘天和的计策","0","2","2"
"河已经改道向","0","2","2"
"已经改道向南","0","2","2"
"都御史周金说","0","2","2"
"年老的人都说","0","2","2"
"黄河改道南流","0","2","2"
"决口全部堵塞","0","2","2"
"黄河流入大海","0","2","2"
"新集到小浮桥","0","2","2"
"到小浮桥故道","0","2","2"
"为工部尚书兼","0","2","2"
"工部尚书兼管","0","2","2"
"工科给事中何","0","2","2"
"道难以恢复的","0","2","2"
"成巨大的湖泽","0","2","2"
"恢复故道的主","0","2","2"
"复故道的主张","0","2","2"
"一百四十余里","0","2","2"
"纷纷上奏请求","0","2","2"
"奏请求罢免朱","0","2","2"
"请求罢免朱衡","0","2","2"
"全都遭受其害","0","2","2"
"这就是后来所","0","2","2"
"就是后来所说","0","2","2"
"是后来所说的","0","2","2"
"从泰山庙到七","0","2","2"
"泰山庙到七里","0","2","2"
"山庙到七里沟","0","2","2"
"到清河县河南","0","2","2"
"到宿迁小河口","0","2","2"
"淤塞一百八十","0","2","2"
"塞一百八十里","0","2","2"
"减缓黄河水流","0","2","2"
"主张堵塞决口","0","2","2"
"用多种方法来","0","2","2"
"应当用多种方","0","2","2"
"当用多种方法","0","2","2"
"辅佐太祖平定","0","2","2"
"跟随成祖起兵","0","2","2"
"代理宗人府事","0","2","2"
"以中军都督府","0","2","2"
"除去行在字样","0","2","2"
"永乐年间设置","0","2","2"
"隶属五都督府","0","2","2"
"隶属都督府的","0","2","2"
"设置帐前总制","0","2","2"
"为金吾侍卫亲","0","2","2"
"为留守卫指挥","0","2","2"
"一千五百零七","0","2","2"
"千五百零七人","0","2","2"
"掌管锦衣卫的","0","2","2"
"司法部门审理","0","2","2"
"京兵部尚书兼","0","2","2"
"军都督府掌管","0","2","2"
"成祖初年恢复","0","2","2"
"祖初年恢复旧","0","2","2"
"初年恢复旧制","0","2","2"
"二年恢复设置","0","2","2"
"太祖建都金陵","0","2","2"
"浙江人民运粮","0","2","2"
"人民运粮到淮","0","2","2"
"人民交纳的粮","0","2","2"
"民交纳的粮食","0","2","2"
"人民运粮二百","0","2","2"
"没有固定额敷","0","2","2"
"每年供应的数","0","2","2"
"十四万五千多","0","2","2"
"四万五千多两","0","2","2"
"口进入水闸门","0","2","2"
"每年八月到京","0","2","2"
"有一定的数额","0","2","2"
"廷臣集体商议","0","2","2"
"有粮仓的把卫","0","2","2"
"粮仓的把卫所","0","2","2"
"仓的把卫所的","0","2","2"
"的把卫所的粮","0","2","2"
"把卫所的粮仓","0","2","2"
"到紧急情况便","0","2","2"
"上奏请求留用","0","2","2"
"恢复预备仓粮","0","2","2"
"逢初一和十五","0","2","2"
"一百二十万两","0","2","2"
"二百万两有余","0","2","2"
"开始设置总督","0","2","2"
"御史分别巡行","0","2","2"
"史分别巡行天","0","2","2"
"总共一百二十","0","2","2"
"部尚书姚夔说","0","2","2"
"正统年间的规","0","2","2"
"以此作为常规","0","2","2"
"于是招来商人","0","2","2"
"没有一定的时","0","2","2"
"苏解人民的困","0","2","2"
"以巨万来计算","0","2","2"
"国库储藏已经","0","2","2"
"加损耗十分之","0","2","2"
"用严酷的刑法","0","2","2"
"四川采办木材","0","2","2"
"贵州采办木材","0","2","2"
"给事中王希文","0","2","2"
"给事中包见捷","0","2","2"
"事中包见捷竭","0","2","2"
"中包见捷竭力","0","2","2"
"的弊端一天天","0","2","2"
"受封的那一天","0","2","2"
"不能自我生存","0","2","2"
"应该命令大臣","0","2","2"
"十五年重新制","0","2","2"
"五年重新制定","0","2","2"
"的支付米十分","0","2","2"
"支付米十分之","0","2","2"
"文武官吏的俸","0","2","2"
"其余全部相同","0","2","2"
"军队的历年常","0","2","2"
"队的历年常规","0","2","2"
"目也一天天增","0","2","2"
"也一天天增加","0","2","2"
"征收米麦四百","0","2","2"
"田和民田总计","0","2","2"
"其余的全部存","0","2","2"
"余的全部存留","0","2","2"
"二十万六干余","0","2","2"
"一千三百三十","0","2","2"
"十三万五千余","0","2","2"
"每年收入的数","0","2","2"
"一万二千余两","0","2","2"
"银二万六千余","0","2","2"
"二万六千余两","0","2","2"
"银六万三干余","0","2","2"
"银一万八千余","0","2","2"
"一万八千余两","0","2","2"
"四万四千余两","0","2","2"
"的不详细记载","0","2","2"
"作为本色的米","0","2","2"
"作为折色的银","0","2","2"
"冬衣折合布银","0","2","2"
"折合银五万余","0","2","2"
"合银五万余两","0","2","2"
"币布帛银二万","0","2","2"
"历年规定银十","0","2","2"
"货币布帛银四","0","2","2"
"屯田以及民运","0","2","2"
"币布帛银一千","0","2","2"
"布帛银一千余","0","2","2"
"帛银一千余两","0","2","2"
"地亩银一千余","0","2","2"
"亩银一千余两","0","2","2"
"货币布帛银十","0","2","2"
"年常规银三十","0","2","2"
"年常规银二万","0","2","2"
"十万八千余两","0","2","2"
"屯田和民运草","0","2","2"
"田和民运草料","0","2","2"
"银十万二千余","0","2","2"
"货币布帛粮料","0","2","2"
"币布帛粮料草","0","2","2"
"十七万九千余","0","2","2"
"二十万八千余","0","2","2"
"历年常规银十","0","2","2"
"漕运粮五万石","0","2","2"
"常规银二十万","0","2","2"
"十万六千余两","0","2","2"
"年办大引盐十","0","2","2"
"年交纳太仓银","0","2","2"
"改为食用灵州","0","2","2"
"所管辖盐场十","0","2","2"
"招来商人换取","0","2","2"
"仓交纳米一石","0","2","2"
"请求重新制定","0","2","2"
"皇帝都听从其","0","2","2"
"交粮换盐的人","0","2","2"
"中等马减少五","0","2","2"
"等马减少五引","0","2","2"
"可以耕种的土","0","2","2"
"以耕种的土地","0","2","2"
"请求在每年的","0","2","2"
"招来商人输纳","0","2","2"
"纳粮食以换盐","0","2","2"
"输送粮食到边","0","2","2"
"公家和私人都","0","2","2"
"交纳粮食以换","0","2","2"
"取存积盐的人","0","2","2"
"还是不能满足","0","2","2"
"是不能满足供","0","2","2"
"不能满足供应","0","2","2"
"洪武初年的制","0","2","2"
"武初年的制度","0","2","2"
"各边防纳粮换","0","2","2"
"边防纳粮换盐","0","2","2"
"学士刘健等人","0","2","2"
"世宗登上皇位","0","2","2"
"没有什么比这","0","2","2"
"什么比这更严","0","2","2"
"么比这更严重","0","2","2"
"换宣府盐贩卖","0","2","2"
"纳粮食换盐贩","0","2","2"
"粮食换盐贩卖","0","2","2"
"商人和灶丁都","0","2","2"
"熬盐的工本费","0","2","2"
"令商人交纳粮","0","2","2"
"从了他们的请","0","2","2"
"令副都御史鄢","0","2","2"
"没有空过一天","0","2","2"
"申请支取河盐","0","2","2"
"户部尚书趟世","0","2","2"
"部尚书趟世卿","0","2","2"
"多得无法计算","0","2","2"
"算人口交纳银","0","2","2"
"人口交纳银钞","0","2","2"
"命令御史管理","0","2","2"
"令御史管理盐","0","2","2"
"副都御史朱与","0","2","2"
"都御史朱与言","0","2","2"
"监察执行法纪","0","2","2"
"察执行法纪的","0","2","2"
"便是愈都御史","0","2","2"
"便是副都御史","0","2","2"
"州设置茶马司","0","2","2"
"听凭人民采摘","0","2","2"
"可以得到马一","0","2","2"
"以得到马一万","0","2","2"
"巡茶御史兼管","0","2","2"
"使他们不能食","0","2","2"
"他们不能食用","0","2","2"
"交换马匹之外","0","2","2"
"纳粮换茶一百","0","2","2"
"粮换茶一百万","0","2","2"
"换茶一百万斤","0","2","2"
"增加纳粮换茶","0","2","2"
"招来商人给予","0","2","2"
"来商人给予茶","0","2","2"
"商人给予茶引","0","2","2"
"府佐一人专门","0","2","2"
"佐一人专门驻","0","2","2"
"一人专门驻扎","0","2","2"
"万石以下马差","0","2","2"
"石以下马差等","0","2","2"
"年龄十六岁称","0","2","2"
"龄十六岁称成","0","2","2"
"十六岁称成丁","0","2","2"
"解人民的困苦","0","2","2"
"富裕之民的田","0","2","2"
"裕之民的田地","0","2","2"
"每亩收税七斗","0","2","2"
"成为确定的法","0","2","2"
"苏州知府况锺","0","2","2"
"朝廷多次下诏","0","2","2"
"的征收米应该","0","2","2"
"民田每亩收税","0","2","2"
"全部予以免除","0","2","2"
"增加赋税一百","0","2","2"
"于是分条呈上","0","2","2"
"增加赋税五百","0","2","2"
"加赋税五百二","0","2","2"
"赋税五百二十","0","2","2"
"税五百二十万","0","2","2"
"一百六十五万","0","2","2"
"抵御外敌入侵","0","2","2"
"粮食赈救灾民","0","2","2"
"便成为长久的","0","2","2"
"失去了它的本","0","2","2"
"去了它的本性","0","2","2"
"景泰五年正月","0","2","2"
"年四月壬戌日","0","2","2"
"牲畜多被冻死","0","2","2"
"十二月壬戌日","0","2","2"
"月壬戌日晚上","0","2","2"
"年四月辛亥日","0","2","2"
"年七月戊午日","0","2","2"
"分辨不出人来","0","2","2"
"年正月甲子日","0","2","2"
"咫尺之内分辨","0","2","2"
"尺之内分辨不","0","2","2"
"昏暗的浓雾遮","0","2","2"
"暗的浓雾遮蔽","0","2","2"
"的浓雾遮蔽天","0","2","2"
"浓雾遮蔽天空","0","2","2"
"年三月甲午日","0","2","2"
"内分不清人物","0","2","2"
"年五月丁末日","0","2","2"
"年二月壬寅日","0","2","2"
"年三月甲子日","0","2","2"
"年五月丙辰日","0","2","2"
"年八月甲午日","0","2","2"
"年七月己酉日","0","2","2"
"年五月丁巳日","0","2","2"
"死亡一千多人","0","2","2"
"年三月戊寅日","0","2","2"
"牲畜多被淹死","0","2","2"
"平地积雹五寸","0","2","2"
"年六月戊辰日","0","2","2"
"宣府大降冰雹","0","2","2"
"年四月甲申日","0","2","2"
"年六月癸丑日","0","2","2"
"年五月庚子日","0","2","2"
"年三月癸末日","0","2","2"
"年七月辛巳日","0","2","2"
"年四月戊午日","0","2","2"
"年五月乙酉日","0","2","2"
"年四月壬子日","0","2","2"
"年八月壬戌日","0","2","2"
"闪电交相发作","0","2","2"
"十二月己巳日","0","2","2"
"奉先殿屋脊鸥","0","2","2"
"先殿屋脊鸥吻","0","2","2"
"十二月壬寅日","0","2","2"
"年六月己卯日","0","2","2"
"南京发生暴风","0","2","2"
"京发生暴风雨","0","2","2"
"年五月戊戌日","0","2","2"
"年五月甲戌日","0","2","2"
"年四月癸丑日","0","2","2"
"年二月乙亥日","0","2","2"
"山束发生蝗灾","0","2","2"
"顺天发生蝗灾","0","2","2"
"江北发生蝗灾","0","2","2"
"年六月丁卯日","0","2","2"
"年六月癸亥日","0","2","2"
"氏一胎生三个","0","2","2"
"之妇生下一个","0","2","2"
"染病而死的人","0","2","2"
"病而死的人有","0","2","2"
"陕西流行传染","0","2","2"
"西流行传染病","0","2","2"
"县流行传染病","0","2","2"
"年八月丁巳日","0","2","2"
"年六月辛亥日","0","2","2"
"冲走人民的房","0","2","2"
"走人民的房屋","0","2","2"
"北发生大水灾","0","2","2"
"淹没人民房屋","0","2","2"
"人民多被淹死","0","2","2"
"河南黄河决堤","0","2","2"
"黄河在归德决","0","2","2"
"府和平民的房","0","2","2"
"黄河在阳武决","0","2","2"
"个州县都遭受","0","2","2"
"州县都遭受水","0","2","2"
"县都遭受水灾","0","2","2"
"丞乐元年五月","0","2","2"
"四府都遭受水","0","2","2"
"三千九百多丈","0","2","2"
"黄河在开封泛","0","2","2"
"河在开封泛滥","0","2","2"
"毁坏田中庄稼","0","2","2"
"淹死人民牲畜","0","2","2"
"三百六十多人","0","2","2"
"官府和平民房","0","2","2"
"府和平民房屋","0","2","2"
"也都发生大水","0","2","2"
"淹没三百多里","0","2","2"
"天发生大水灾","0","2","2"
"淹死一万二千","0","2","2"
"死一万二千五","0","2","2"
"一万二千五百","0","2","2"
"万二千五百多","0","2","2"
"安发生大水灾","0","2","2"
"人口牲畜不计","0","2","2"
"口牲畜不计其","0","2","2"
"牲畜不计其敷","0","2","2"
"昌平发生大水","0","2","2"
"水门四十九处","0","2","2"
"墩台一百零二","0","2","2"
"台一百零二处","0","2","2"
"河都泛滥成灾","0","2","2"
"州县发生大水","0","2","2"
"县发生大水灾","0","2","2"
"四府发生大水","0","2","2"
"三府发生大水","0","2","2"
"拔起树木一万","0","2","2"
"起树木一万多","0","2","2"
"树木一万多株","0","2","2"
"人民牲畜不计","0","2","2"
"民牲畜不计其","0","2","2"
"又发生大水灾","0","2","2"
"京城发生大水","0","2","2"
"城发生大水灾","0","2","2"
"南都发生大水","0","2","2"
"二府发生大水","0","2","2"
"淹死男女不计","0","2","2"
"男女不计其敷","0","2","2"
"二千六百多人","0","2","2"
"东发生大水灾","0","2","2"
"泗州发生大水","0","2","2"
"黄河在苏家庄","0","2","2"
"毁坏百姓房屋","0","2","2"
"其余的全部被","0","2","2"
"年八月甲申日","0","2","2"
"没有风却涌起","0","2","2"
"黑色氛气横豆","0","2","2"
"色氛气横豆于","0","2","2"
"氛气横豆于天","0","2","2"
"气横豆于天空","0","2","2"
"年二月戊子日","0","2","2"
"方黑色氛气朝","0","2","2"
"黑色氛气朝东","0","2","2"
"色氛气朝东西","0","2","2"
"氛气朝东西向","0","2","2"
"气朝东西向横","0","2","2"
"向横豆于天空","0","2","2"
"向横互于天空","0","2","2"
"有黑色氛气如","0","2","2"
"年四月丙辰日","0","2","2"
"昊元年十二月","0","2","2"
"在奉天门外的","0","2","2"
"纛旗一面放在","0","2","2"
"旗一面放在前","0","2","2"
"豹尾旗一面放","0","2","2"
"尾旗一面放在","0","2","2"
"旗一面放在后","0","2","2"
"在奉天门外设","0","2","2"
"设置皇上乘坐","0","2","2"
"置皇上乘坐的","0","2","2"
"皇上乘坐的五","0","2","2"
"上乘坐的五种","0","2","2"
"红色地面左右","0","2","2"
"殿红色台阶左","0","2","2"
"红色台阶左右","0","2","2"
"奉天殿门以及","0","2","2"
"用穿黑色服饰","0","2","2"
"穿黑色服饰的","0","2","2"
"黑色服饰的甲","0","2","2"
"每旗用穿红色","0","2","2"
"穿白色服饰的","0","2","2"
"白色服饰的甲","0","2","2"
"随同各方代表","0","2","2"
"同各方代表的","0","2","2"
"各方代表的颜","0","2","2"
"方代表的颜色","0","2","2"
"其甲士所穿之","0","2","2"
"甲士所穿之服","0","2","2"
"士所穿之服饰","0","2","2"
"旗下者为青色","0","2","2"
"都是内使持举","0","2","2"
"适中标准便是","0","2","2"
"各种颜色的罗","0","2","2"
"杂花团扇四柄","0","2","2"
"洪武六年制定","0","2","2"
"红绣圆伞一柄","0","2","2"
"青锈圆扇四柄","0","2","2"
"的不同等级的","0","2","2"
"命令文臣考察","0","2","2"
"在奉天门设置","0","2","2"
"天子乘坐的五","0","2","2"
"子乘坐的五种","0","2","2"
"用黄金来装饰","0","2","2"
"制定天子出行","0","2","2"
"定天子出行时","0","2","2"
"天子出行时规","0","2","2"
"子出行时规模","0","2","2"
"出行时规模最","0","2","2"
"行时规模最大","0","2","2"
"时规模最大的","0","2","2"
"规模最大的仪","0","2","2"
"模最大的仪仗","0","2","2"
"最大的仪仗队","0","2","2"
"轮有辐条十八","0","2","2"
"有辐条十八根","0","2","2"
"花纹叶片装钉","0","2","2"
"用抹金镶嵌铜","0","2","2"
"抹金镶嵌铜质","0","2","2"
"上端刻有宝相","0","2","2"
"端刻有宝相花","0","2","2"
"下端是龟背纹","0","2","2"
"端是龟背纹理","0","2","2"
"是龟背纹理的","0","2","2"
"龟背纹理的锦","0","2","2"
"背纹理的锦缎","0","2","2"
"用金粉描绘装","0","2","2"
"金粉描绘装饰","0","2","2"
"粉描绘装饰的","0","2","2"
"描绘装饰的黄","0","2","2"
"绘装饰的黄黑","0","2","2"
"装饰的黄黑色","0","2","2"
"雕木香草板十","0","2","2"
"木香草板十二","0","2","2"
"门旁有桶各两","0","2","2"
"旁有桶各两个","0","2","2"
"桶各两个和露","0","2","2"
"各两个和露在","0","2","2"
"两个和露在外","0","2","2"
"面是黄黑色的","0","2","2"
"是黄黑色的底","0","2","2"
"黄黑色的底子","0","2","2"
"桶雕刻了涂有","0","2","2"
"它下面绘有云","0","2","2"
"下面绘有云形","0","2","2"
"面绘有云形图","0","2","2"
"的小板跟它一","0","2","2"
"小板跟它一样","0","2","2"
"都用抹金的嵌","0","2","2"
"有红漆边框的","0","2","2"
"纹的丝织品制","0","2","2"
"的丝织品制成","0","2","2"
"下面是雕刻有","0","2","2"
"刻有云形图案","0","2","2"
"图案的小板一","0","2","2"
"案的小板一块","0","2","2"
"福寿板一块和","0","2","2"
"寿板一块和褥","0","2","2"
"垂挂着攀顶的","0","2","2"
"挂着攀顶的黄","0","2","2"
"着攀顶的黄线","0","2","2"
"攀顶的黄线圆","0","2","2"
"黄线圆形丝带","0","2","2"
"绘有五彩云的","0","2","2"
"铺设沥水的黄","0","2","2"
"设沥水的黄色","0","2","2"
"沥水的黄色有","0","2","2"
"水的黄色有花","0","2","2"
"的黄色有花纹","0","2","2"
"黄色有花纹的","0","2","2"
"每层八十一折","0","2","2"
"有左右转角栏","0","2","2"
"左右转角栏杆","0","2","2"
"左右有转角栏","0","2","2"
"右有转角栏杆","0","2","2"
"共有十二根柱","0","2","2"
"有十二根柱子","0","2","2"
"绣有腾飞的龙","0","2","2"
"有腾飞的龙一","0","2","2"
"腾飞的龙一条","0","2","2"
"旗竿顶端有镀","0","2","2"
"竿顶端有镀金","0","2","2"
"顶端有镀金的","0","2","2"
"端有镀金的铜","0","2","2"
"黑青相问的花","0","2","2"
"青相问的花纹","0","2","2"
"用抹金的刻有","0","2","2"
"抹金的刻有花","0","2","2"
"金的刻有花纹","0","2","2"
"的刻有花纹的","0","2","2"
"刻有花纹的铜","0","2","2"
"有花纹的铜制","0","2","2"
"花纹的铜制叶","0","2","2"
"纹的铜制叶片","0","2","2"
"的铜制叶片装","0","2","2"
"铜制叶片装钉","0","2","2"
"织品制成的雨","0","2","2"
"品制成的雨衣","0","2","2"
"用两头象驾驶","0","2","2"
"高六尺四寸有","0","2","2"
"六尺四寸有余","0","2","2"
"四根红漆柱子","0","2","2"
"五尺四寸有余","0","2","2"
"四周是红漆的","0","2","2"
"用丝带环绕的","0","2","2"
"用黄线丝带编","0","2","2"
"形制与大辖相","0","2","2"
"制与大辖相同","0","2","2"
"用红色帘子十","0","2","2"
"辇顶加上圆盘","0","2","2"
"高二尺六寸有","0","2","2"
"二尺六寸有余","0","2","2"
"门旁桶各两个","0","2","2"
"亭底部涂红漆","0","2","2"
"红色帘子四扇","0","2","2"
"高三尺二寸有","0","2","2"
"龙形图案的木","0","2","2"
"图案的木板十","0","2","2"
"案的木板十二","0","2","2"
"的木板十二片","0","2","2"
"的仰覆莲花座","0","2","2"
"四周是用金粉","0","2","2"
"周是用金粉描","0","2","2"
"门旁有红漆的","0","2","2"
"旁有红漆的十","0","2","2"
"有红漆的十字","0","2","2"
"红漆的十字桶","0","2","2"
"漆的十字桶各","0","2","2"
"金粉描画的黄","0","2","2"
"粉描画的黄黑","0","2","2"
"画的黄黑色云","0","2","2"
"的黄黑色云龙","0","2","2"
"图案的木板三","0","2","2"
"用抹金嵌有花","0","2","2"
"抹金嵌有花纹","0","2","2"
"都与马辇相同","0","2","2"
"丈二尺五寸有","0","2","2"
"六尺五寸有余","0","2","2"
"亭前左右有门","0","2","2"
"高五尺八寸有","0","2","2"
"五尺八寸有余","0","2","2"
"的香草板十二","0","2","2"
"红漆坐椅一把","0","2","2"
"四周是黄黑色","0","2","2"
"周是黄黑色的","0","2","2"
"镀金的铜质龙","0","2","2"
"一尺三寸有余","0","2","2"
"如意装饰像云","0","2","2"
"意装饰像云状","0","2","2"
"有五彩云龙的","0","2","2"
"五彩云龙的图","0","2","2"
"彩云龙的图案","0","2","2"
"用黄色丝织品","0","2","2"
"四角是镀金的","0","2","2"
"角是镀金的铜","0","2","2"
"是镀金的铜质","0","2","2"
"镀金的铜质云","0","2","2"
"字带转角栏杆","0","2","2"
"带转角栏杆一","0","2","2"
"贴金龙形图案","0","2","2"
"的绘有云形图","0","2","2"
"金的铜质龙头","0","2","2"
"黄色绒线编成","0","2","2"
"色绒线编成的","0","2","2"
"黄色织金罗绮","0","2","2"
"细薄光滑的丝","0","2","2"
"薄光滑的丝织","0","2","2"
"光滑的丝织品","0","2","2"
"皇帝将要举行","0","2","2"
"轴上缠绕黄色","0","2","2"
"上缠绕黄色绒","0","2","2"
"缠绕黄色绒线","0","2","2"
"绕黄色绒线编","0","2","2"
"驾辕的各种绳","0","2","2"
"辕的各种绳索","0","2","2"
"色的用金粉勾","0","2","2"
"的用金粉勾勒","0","2","2"
"高四尺五寸有","0","2","2"
"四尺五寸有余","0","2","2"
"五座山图案的","0","2","2"
"挂着黄色罗绮","0","2","2"
"带以仰覆莲花","0","2","2"
"以仰覆莲花座","0","2","2"
"成的圆形丝带","0","2","2"
"的圆形丝带四","0","2","2"
"圆形丝带四条","0","2","2"
"有五彩云的图","0","2","2"
"用八面顶拼合","0","2","2"
"图案的衬板七","0","2","2"
"上面铺设沥水","0","2","2"
"面铺设沥水的","0","2","2"
"面垂下青色有","0","2","2"
"垂下青色有花","0","2","2"
"下青色有花纹","0","2","2"
"盘四角与辖座","0","2","2"
"莲花环绕着柱","0","2","2"
"花环绕着柱子","0","2","2"
"代皇后乘坐的","0","2","2"
"皇后乘坐的安","0","2","2"
"后乘坐的安车","0","2","2"
"山图案的屏风","0","2","2"
"都用红绫做成","0","2","2"
"皇妃乘坐的车","0","2","2"
"抹金铜质嵌有","0","2","2"
"金铜质嵌有花","0","2","2"
"铜质嵌有花纹","0","2","2"
"嵌有花纹的叶","0","2","2"
"有花纹的叶片","0","2","2"
"色而嵌金线的","0","2","2"
"嵌金线的绫罗","0","2","2"
"轿子外罩一顶","0","2","2"
"青色底子的雕","0","2","2"
"金的铜宝珠装","0","2","2"
"的铜宝珠装饰","0","2","2"
"攀顶红线圆形","0","2","2"
"顶红线圆形丝","0","2","2"
"红线圆形丝带","0","2","2"
"线圆形丝带四","0","2","2"
"天轮三层都涂","0","2","2"
"贴金边框发光","0","2","2"
"金边框发光的","0","2","2"
"共有十四根柱","0","2","2"
"有十四根柱子","0","2","2"
"旗竿用抹金的","0","2","2"
"竿用抹金的铜","0","2","2"
"形制与皇妃乘","0","2","2"
"制与皇妃乘坐","0","2","2"
"与皇妃乘坐的","0","2","2"
"妃乘坐的车相","0","2","2"
"乘坐的车相同","0","2","2"
"用木红平罗做","0","2","2"
"木红平罗做成","0","2","2"
"与柬宫妃相同","0","2","2"
"用由翟尾为蔽","0","2","2"
"由翟尾为蔽的","0","2","2"
"明代初年因袭","0","2","2"
"洪武元年命令","0","2","2"
"用素色的绘有","0","2","2"
"大臣可以乘安","0","2","2"
"臣可以乘安车","0","2","2"
"用有帷幕的轿","0","2","2"
"有帷幕的轿子","0","2","2"
"大臣皇亲国戚","0","2","2"
"皇帝到南方巡","0","2","2"
"下令百姓不准","0","2","2"
"令百姓不准用","0","2","2"
"遮蔽阳光的伞","0","2","2"
"六品至九品官","0","2","2"
"用银质马首饰","0","2","2"
"用金粉勾勒描","0","2","2"
"金粉勾勒描绘","0","2","2"
"上的障泥用油","0","2","2"
"的障泥用油彩","0","2","2"
"障泥用油彩图","0","2","2"
"泥用油彩图饰","0","2","2"
"征召儒学之士","0","2","2"
"都把名字上报","0","2","2"
"年龄在五十岁","0","2","2"
"龄在五十岁以","0","2","2"
"应该命令主管","0","2","2"
"该命令主管部","0","2","2"
"令主管部门在","0","2","2"
"年龄在二十五","0","2","2"
"龄在二十五岁","0","2","2"
"在二十五岁以","0","2","2"
"二十五岁以上","0","2","2"
"令主管部门考","0","2","2"
"主管部门考察","0","2","2"
"洪武十七年纔","0","2","2"
"年高饱学的儒","0","2","2"
"高饱学的儒士","0","2","2"
"六十岁以下的","0","2","2"
"考试合格的便","0","2","2"
"令江西巡抚韩","0","2","2"
"皇帝在文华殿","0","2","2"
"其职位尤其显","0","2","2"
"职位尤其显要","0","2","2"
"等是一条途径","0","2","2"
"三年举行一次","0","2","2"
"由三品以上的","0","2","2"
"贻误封疆大事","0","2","2"
"不要拘泥于资","0","2","2"
"要拘泥于资格","0","2","2"
"然而形势已经","0","2","2"
"进士占十分之","0","2","2"
"京官五品以上","0","2","2"
"五品以上以及","0","2","2"
"各自保举所了","0","2","2"
"自保举所了解","0","2","2"
"保举所了解的","0","2","2"
"命令三品以上","0","2","2"
"赐予敕命办事","0","2","2"
"命令吏部推举","0","2","2"
"请求遵循弘治","0","2","2"
"分成上中下三","0","2","2"
"成上中下三等","0","2","2"
"命令吏部考察","0","2","2"
"只有十分之一","0","2","2"
"次考没有经过","0","2","2"
"考没有经过考","0","2","2"
"没有经过考核","0","2","2"
"现在考核称职","0","2","2"
"在考核称职的","0","2","2"
"取决于皇上裁","0","2","2"
"决于皇上裁定","0","2","2"
"七百三十多人","0","2","2"
"两京五品以下","0","2","2"
"京五品以下官","0","2","2"
"五品以下官吏","0","2","2"
"直到国家灭亡","0","2","2"
"的子弟年龄在","0","2","2"
"年龄在二十岁","0","2","2"
"与现在担任的","0","2","2"
"现在担任的职","0","2","2"
"在担任的职务","0","2","2"
"插野鸡尾羽毛","0","2","2"
"与一品官相同","0","2","2"
"青色的丝织成","0","2","2"
"色的丝织成的","0","2","2"
"的丝织成的网","0","2","2"
"以黑色的角质","0","2","2"
"负责值勤守卫","0","2","2"
"责值勤守卫的","0","2","2"
"值勤守卫的武","0","2","2"
"勤守卫的武官","0","2","2"
"另有样式颜色","0","2","2"
"级的其它官员","0","2","2"
"赤色绫罗青色","0","2","2"
"色绫罗青色衣","0","2","2"
"绫罗青色衣边","0","2","2"
"表面里面都是","0","2","2"
"都与从前的样","0","2","2"
"与从前的样式","0","2","2"
"从前的样式一","0","2","2"
"方形心圆形领","0","2","2"
"绣有飞鱼花纹","0","2","2"
"面见辞别皇帝","0","2","2"
"官员日常穿的","0","2","2"
"嵌镂花纹装饰","0","2","2"
"品官用没有嵌","0","2","2"
"官用没有嵌花","0","2","2"
"用没有嵌花纹","0","2","2"
"没有嵌花纹的","0","2","2"
"用黑色的角质","0","2","2"
"的角质材料装","0","2","2"
"禁止这种现象","0","2","2"
"三年定下制度","0","2","2"
"麒麟图案的衣","0","2","2"
"世宗继承皇位","0","2","2"
"闲居时的服饰","0","2","2"
"古代的玄端服","0","2","2"
"各有等级差别","0","2","2"
"衣服诡怪奇异","0","2","2"
"古代玄端礼服","0","2","2"
"朝的时候想着","0","2","2"
"品以上官员以","0","2","2"
"以上官员以及","0","2","2"
"仿照古代的玄","0","2","2"
"青色表面绿色","0","2","2"
"于是礼部上奏","0","2","2"
"主夫婿采用嵌","0","2","2"
"夫婿采用嵌有","0","2","2"
"婿采用嵌有花","0","2","2"
"采用嵌有花纹","0","2","2"
"有花纹的金带","0","2","2"
"君夫婿用不嵌","0","2","2"
"夫婿用不嵌花","0","2","2"
"婿用不嵌花纹","0","2","2"
"用不嵌花纹的","0","2","2"
"服胸前背后都","0","2","2"
"答谢皇帝的恩","0","2","2"
"命妇的礼帽服","0","2","2"
"妇的礼帽服饰","0","2","2"
"品受封号妇女","0","2","2"
"两个宽大发鬓","0","2","2"
"与二品命妇相","0","2","2"
"二品命妇相同","0","2","2"
"其余与三品命","0","2","2"
"余与三品命妇","0","2","2"
"一品到五品命","0","2","2"
"品到五品命妇","0","2","2"
"用金珍珠翡翠","0","2","2"
"金珍珠翡翠装","0","2","2"
"大杂花的霞帔","0","2","2"
"杂花的霞帔礼","0","2","2"
"花的霞帔礼服","0","2","2"
"穿戴嵌金色线","0","2","2"
"戴嵌金色线的","0","2","2"
"杂花霞帔礼服","0","2","2"
"缀有突出花纹","0","2","2"
"有突出花纹的","0","2","2"
"突出花纹的色","0","2","2"
"出花纹的色彩","0","2","2"
"花纹的色彩鲜","0","2","2"
"纹的色彩鲜艳","0","2","2"
"色彩鲜艳的昼","0","2","2"
"彩鲜艳的昼绢","0","2","2"
"鲜艳的昼绢装","0","2","2"
"艳的昼绢装饰","0","2","2"
"翡翠装饰的野","0","2","2"
"翠装饰的野鸡","0","2","2"
"翡翠装点的花","0","2","2"
"的云喜花三朵","0","2","2"
"翡翠装饰的梳","0","2","2"
"丝绫罗纱任随","0","2","2"
"绫罗纱任随选","0","2","2"
"罗纱任随选用","0","2","2"
"霞帔礼服上用","0","2","2"
"帔礼服上用蹙","0","2","2"
"礼服上用蹙金","0","2","2"
"金绣云霞野鸡","0","2","2"
"绣云霞野鸡花","0","2","2"
"褙子上用金线","0","2","2"
"闲居穿的服饰","0","2","2"
"压鬓双头钗两","0","2","2"
"鬓双头钗两枝","0","2","2"
"上面用蹙金绣","0","2","2"
"面用蹙金绣云","0","2","2"
"绣云霞野鹦花","0","2","2"
"特髻上金质孔","0","2","2"
"髻上金质孔雀","0","2","2"
"或为紫色或为","0","2","2"
"为紫色或为绿","0","2","2"
"紫色或为绿色","0","2","2"
"绣云霞孔雀花","0","2","2"
"都刺绣缠枝花","0","2","2"
"与三品命妇相","0","2","2"
"三品命妇相同","0","2","2"
"口裹衔着珍珠","0","2","2"
"珍珠翡翠鸳鸯","0","2","2"
"珠翡翠鸳鸯装","0","2","2"
"褙子上用云霞","0","2","2"
"用云霞鸳鸯花","0","2","2"
"其余与四品命","0","2","2"
"余与四品命妇","0","2","2"
"与四品命妇相","0","2","2"
"四品命妇相同","0","2","2"
"的服饰帽子上","0","2","2"
"小珍珠翡翠花","0","2","2"
"子臂钏都用银","0","2","2"
"纵横栏绣缠枝","0","2","2"
"横栏绣缠枝花","0","2","2"
"银质镀金练鹊","0","2","2"
"用云霞练鹊花","0","2","2"
"与五品命妇相","0","2","2"
"五品命妇相同","0","2","2"
"镀金银质练鹊","0","2","2"
"质练鹊装饰三","0","2","2"
"练鹊装饰三只","0","2","2"
"挑起的小珍珠","0","2","2"
"起的小珍珠牌","0","2","2"
"刺绣云霞练鹊","0","2","2"
"绣云霞练鹊花","0","2","2"
"绣缠枝花花纹","0","2","2"
"刺锈摘枝团花","0","2","2"
"用小珍珠祥云","0","2","2"
"小珍珠祥云冠","0","2","2"
"掺杂镀金的银","0","2","2"
"杂镀金的银质","0","2","2"
"镀金的银质练","0","2","2"
"金的银质练鹊","0","2","2"
"的银质练鹊装","0","2","2"
"品到九品命妇","0","2","2"
"帽子采用金器","0","2","2"
"子采用金器物","0","2","2"
"上面带有金质","0","2","2"
"面带有金质宝","0","2","2"
"带有金质宝钿","0","2","2"
"有金质宝钿花","0","2","2"
"金质宝钿花八","0","2","2"
"翡翠牡丹叶片","0","2","2"
"翠牡丹叶片十","0","2","2"
"牡丹叶片十八","0","2","2"
"丹叶片十八片","0","2","2"
"有花纹的金质","0","2","2"
"花纹的金质坠","0","2","2"
"纹的金质坠子","0","2","2"
"帽子采用涂金","0","2","2"
"子采用涂金银","0","2","2"
"采用涂金银质","0","2","2"
"用涂金银质器","0","2","2"
"涂金银质器物","0","2","2"
"上面带有涂金","0","2","2"
"面带有涂金银","0","2","2"
"带有涂金银质","0","2","2"
"有涂金银质宝","0","2","2"
"涂金银质宝钿","0","2","2"
"金银质宝钿花","0","2","2"
"银质宝钿花八","0","2","2"
"涂金银质野鸡","0","2","2"
"金银质野鸡装","0","2","2"
"银质野鸡装饰","0","2","2"
"里衔着珍珠结","0","2","2"
"有花纹的银质","0","2","2"
"花纹的银质坠","0","2","2"
"纹的银质坠子","0","2","2"
"中央及地方官","0","2","2"
"料装饰的带子","0","2","2"
"穿的日常服饰","0","2","2"
"十五岁以下的","0","2","2"
"在皇帝身边的","0","2","2"
"如同戎装曳撒","0","2","2"
"有花纹的靴子","0","2","2"
"回来的部分离","0","2","2"
"来的部分离肘","0","2","2"
"的部分离肘部","0","2","2"
"部分离肘部三","0","2","2"
"分离肘部三寸","0","2","2"
"令有关部门禁","0","2","2"
"从事农业生产","0","2","2"
"戴黄金束发冠","0","2","2"
"紫色丝带制的","0","2","2"
"色丝带制的系","0","2","2"
"丝带制的系冠","0","2","2"
"制的系冠带子","0","2","2"
"青色绫罗色彩","0","2","2"
"罗嵌金线的汗","0","2","2"
"蓝青色绫罗嵌","0","2","2"
"红绢围颈饰物","0","2","2"
"绿云头黑色高","0","2","2"
"的系冠的带子","0","2","2"
"青色绫罗大袖","0","2","2"
"色绫罗大袖衫","0","2","2"
"红色绫罗围颈","0","2","2"
"色绫罗围颈饰","0","2","2"
"绫罗围颈饰物","0","2","2"
"色彩鲜艳的云","0","2","2"
"彩鲜艳的云肩","0","2","2"
"红色嵌金线绿","0","2","2"
"色嵌金线绿边","0","2","2"
"红色绫罗色彩","0","2","2"
"红色嵌金线的","0","2","2"
"嵌金线的抹额","0","2","2"
"各种颜色的细","0","2","2"
"种颜色的细褶","0","2","2"
"颜色的细褶袄","0","2","2"
"色的细褶袄子","0","2","2"
"青色绫罗制的","0","2","2"
"色绫罗制的裹","0","2","2"
"绫罗制的裹头","0","2","2"
"罗制的裹头用","0","2","2"
"制的裹头用的","0","2","2"
"的裹头用的包","0","2","2"
"裹头用的包巾","0","2","2"
"衣服的式样颜","0","2","2"
"服的式样颜色","0","2","2"
"制成的绘有彩","0","2","2"
"成的绘有彩色","0","2","2"
"材料装饰的偏","0","2","2"
"料装饰的偏带","0","2","2"
"生的帽子服饰","0","2","2"
"以漆涂遇的布","0","2","2"
"漆涂遇的布制","0","2","2"
"涂遇的布制作","0","2","2"
"上面有用金粉","0","2","2"
"面有用金粉描","0","2","2"
"描绘的蝉形图","0","2","2"
"绘的蝉形图案","0","2","2"
"漆成黑色的唐","0","2","2"
"成黑色的唐式","0","2","2"
"黑色的唐式巾","0","2","2"
"皇帝跟前侍奉","0","2","2"
"管理乐工的色","0","2","2"
"理乐工的色长","0","2","2"
"抹额用绘有彩","0","2","2"
"额用绘有彩色","0","2","2"
"用绘有彩色花","0","2","2"
"彩色花纹的红","0","2","2"
"洪武四年规定","0","2","2"
"国朝见进贡的","0","2","2"
"道观与道士事","0","2","2"
"观与道士事务","0","2","2"
"与道士事务的","0","2","2"
"上奏请求皇帝","0","2","2"
"奏请求皇帝裁","0","2","2"
"请求皇帝裁定","0","2","2"
"都御史各一人","0","2","2"
"都御史袁泰说","0","2","2"
"印信篆文相同","0","2","2"
"某道监察御史","0","2","2"
"巡按某处监察","0","2","2"
"按某处监察御","0","2","2"
"某处监察御史","0","2","2"
"改为总督漕运","0","2","2"
"防备秋季敌人","0","2","2"
"起用左都御史","0","2","2"
"派遣尚书治理","0","2","2"
"侍郎出巡镇守","0","2","2"
"编纂六曹奏章","0","2","2"
"在翰林院读书","0","2","2"
"派遣大臣祭祀","0","2","2"
"遣大臣祭祀先","0","2","2"
"大臣祭祀先师","0","2","2"
"前面圆形后面","0","2","2"
"面圆形后面方","0","2","2"
"圆形后面方形","0","2","2"
"带作为系冠的","0","2","2"
"膝随同下裳的","0","2","2"
"随同下裳的颜","0","2","2"
"同下裳的颜色","0","2","2"
"杂安放三个玉","0","2","2"
"安放三个玉环","0","2","2"
"色表面红色裹","0","2","2"
"表面红色裹层","0","2","2"
"其余的如同旧","0","2","2"
"余的如同旧有","0","2","2"
"色上衣浅绛色","0","2","2"
"上衣浅绛色下","0","2","2"
"衣浅绛色下裳","0","2","2"
"里衣用素纱制","0","2","2"
"大带白色表面","0","2","2"
"带白色表面红","0","2","2"
"下面用绿色锦","0","2","2"
"颜色如同大绶","0","2","2"
"色如同大绶带","0","2","2"
"系塞耳玉的丝","0","2","2"
"塞耳玉的丝带","0","2","2"
"膝随同下裳颜","0","2","2"
"随同下裳颜色","0","2","2"
"绿浅绛色质地","0","2","2"
"袜鞋都是赤色","0","2","2"
"下裳的六种图","0","2","2"
"裳的六种图纹","0","2","2"
"又训谕张璁说","0","2","2"
"玄色上衣黄色","0","2","2"
"色上衣黄色下","0","2","2"
"上衣黄色下裳","0","2","2"
"它们的顺序从","0","2","2"
"下裳相连的衣","0","2","2"
"裳相连的衣服","0","2","2"
"四方蛮夷入朝","0","2","2"
"方蛮夷入朝进","0","2","2"
"蛮夷入朝进贡","0","2","2"
"都穿戴皮弁服","0","2","2"
"蔽膝随同衣服","0","2","2"
"膝随同衣服的","0","2","2"
"随同衣服的颜","0","2","2"
"同衣服的颜色","0","2","2"
"皇帝亲自征讨","0","2","2"
"佩带绶带以及","0","2","2"
"于是定下制度","0","2","2"
"乐三年重新制","0","2","2"
"三年重新制定","0","2","2"
"前后以及两肩","0","2","2"
"后以及两肩各","0","2","2"
"衣下裳相连缀","0","2","2"
"下裳相连缀的","0","2","2"
"古代玄色礼服","0","2","2"
"共有龙形图纹","0","2","2"
"青黑相间的衣","0","2","2"
"黑相间的衣领","0","2","2"
"作为图纹三等","0","2","2"
"珍珠翡翠面花","0","2","2"
"珠翡翠面花五","0","2","2"
"织上野鸡图纹","0","2","2"
"织上金色云龙","0","2","2"
"上金色云龙纹","0","2","2"
"相间的图纹十","0","2","2"
"青赤色作为衣","0","2","2"
"赤色作为衣领","0","2","2"
"色作为衣领缘","0","2","2"
"丞乐三年重新","0","2","2"
"珍珠翡翠穰花","0","2","2"
"珠翡翠穰花鬓","0","2","2"
"翡翠穰花鬓二","0","2","2"
"有的刺绣有的","0","2","2"
"的刺绣有的铺","0","2","2"
"刺绣有的铺成","0","2","2"
"绣有的铺成翠","0","2","2"
"有的铺成翠圈","0","2","2"
"的铺成翠圈金","0","2","2"
"织上金线的彩","0","2","2"
"上金线的彩色","0","2","2"
"金线的彩色云","0","2","2"
"线的彩色云龙","0","2","2"
"的彩色云龙图","0","2","2"
"彩色云龙图纹","0","2","2"
"都如同中宫皇","0","2","2"
"衣前大巾与下","0","2","2"
"前大巾与下裳","0","2","2"
"大巾与下裳的","0","2","2"
"巾与下裳的颜","0","2","2"
"色衣领袖口衣","0","2","2"
"衣领袖口衣边","0","2","2"
"领袖口衣边缘","0","2","2"
"袖口衣边缘饰","0","2","2"
"青黑相问的图","0","2","2"
"黑相问的图纹","0","2","2"
"的图纹十一种","0","2","2"
"小绶带四种色","0","2","2"
"与下裳颜色相","0","2","2"
"下裳颜色相同","0","2","2"
"金宝嵌金花饰","0","2","2"
"闲居穿戴的服","0","2","2"
"居穿戴的服饰","0","2","2"
"忠静冠帽服饰","0","2","2"
"忠静冠的样式","0","2","2"
"服饰的不同样","0","2","2"
"饰的不同样式","0","2","2"
"王妃的礼冠服","0","2","2"
"与亲王妃相同","0","2","2"
"前后悬挂玉串","0","2","2"
"悬挂玉串七串","0","2","2"
"青色衣三种图","0","2","2"
"常服饰也与亲","0","2","2"
"服饰也与亲王","0","2","2"
"靖七年制定保","0","2","2"
"七年制定保和","0","2","2"
"年制定保和冠","0","2","2"
"制定保和冠服","0","2","2"
"冠用七枝雉羽","0","2","2"
"用七枝雉羽装","0","2","2"
"七枝雉羽装饰","0","2","2"
"缀三种色彩的","0","2","2"
"三种色彩的玉","0","2","2"
"其余与亲王世","0","2","2"
"余与亲王世子","0","2","2"
"与亲王世子相","0","2","2"
"亲王世子相同","0","2","2"
"大红素色绫罗","0","2","2"
"丹红色山矾花","0","2","2"
"用金线绣成野","0","2","2"
"金线绣成野鸡","0","2","2"
"线绣成野鸡图","0","2","2"
"绣成野鸡图纹","0","2","2"
"图纹的半臂上","0","2","2"
"纹的半臂上衣","0","2","2"
"青色绫罗用金","0","2","2"
"色绫罗用金线","0","2","2"
"国将军夫人相","0","2","2"
"将军夫人相同","0","2","2"
"只是礼冠用四","0","2","2"
"是礼冠用四枝","0","2","2"
"礼冠用四枝雉","0","2","2"
"冠用四枝雉羽","0","2","2"
"用四枝雉羽装","0","2","2"
"四枝雉羽装饰","0","2","2"
"平常服饰为红","0","2","2"
"常服饰为红色","0","2","2"
"服饰为红色上","0","2","2"
"饰为红色上织","0","2","2"
"为红色上织金","0","2","2"
"色上织金线成","0","2","2"
"祇是礼冠用三","0","2","2"
"是礼冠用三枝","0","2","2"
"礼冠用三枝雉","0","2","2"
"冠用三枝雉羽","0","2","2"
"用金线刺绣鸳","0","2","2"
"金线刺绣鸳鸯","0","2","2"
"线刺绣鸳鸯图","0","2","2"
"刺绣鸳鸯图纹","0","2","2"
"只是大衫用丹","0","2","2"
"是大衫用丹红","0","2","2"
"成孔雀图纹的","0","2","2"
"霞帔用金线刺","0","2","2"
"帔用金线刺绣","0","2","2"
"君礼冠服饰与","0","2","2"
"县学诸生进入","0","2","2"
"学诸生进入国","0","2","2"
"品级官员的子","0","2","2"
"级官员的子弟","0","2","2"
"到这样的程度","0","2","2"
"每月朔日和望","0","2","2"
"月朔日和望日","0","2","2"
"洪武八年开始","0","2","2"
"考核确定教官","0","2","2"
"送入国子监读","0","2","2"
"六品以下的官","0","2","2"
"州学二年选贡","0","2","2"
"学二年选贡三","0","2","2"
"二年选贡三人","0","2","2"
"每年选贡一人","0","2","2"
"隔一年选贡一","0","2","2"
"一年选贡一人","0","2","2"
"不愿意入国子","0","2","2"
"愿意入国子监","0","2","2"
"在京三品以上","0","2","2"
"补任中书舍人","0","2","2"
"凡是文武官员","0","2","2"
"一个儿子入国","0","2","2"
"个儿子入国子","0","2","2"
"儿子入国子监","0","2","2"
"都改为庶吉士","0","2","2"
"在园子监读书","0","2","2"
"园子监读书的","0","2","2"
"子监读书的时","0","2","2"
"监读书的时间","0","2","2"
"在国子监读书","0","2","2"
"请求命令礼部","0","2","2"
"抄写职官的档","0","2","2"
"写职官的档案","0","2","2"
"职官的档案黄","0","2","2"
"官的档案黄簿","0","2","2"
"在各政府部门","0","2","2"
"没有什么地方","0","2","2"
"之外增加录取","0","2","2"
"开始命令两京","0","2","2"
"听从兵部尚书","0","2","2"
"请求恢复专设","0","2","2"
"大都督府为五","0","2","2"
"楚王朱桢为左","0","2","2"
"执掌侍奉太子","0","2","2"
"不是没有道理","0","2","2"
"是没有道理的","0","2","2"
"杨士奇为礼部","0","2","2"
"兼谨身殿大学","0","2","2"
"华盖殿为中极","0","2","2"
"盖殿为中极殿","0","2","2"
"所有内外官员","0","2","2"
"每个属部设郎","0","2","2"
"个属部设郎中","0","2","2"
"不久增设侍郎","0","2","2"
"久增设侍郎一","0","2","2"
"典史都被革除","0","2","2"
"员外郎各一人","0","2","2"
"三寸三分见方","0","2","2"
"三寸一分见方","0","2","2"
"二寸九分见方","0","2","2"
"一寸五分见方","0","2","2"
"达给有关部门","0","2","2"
"各番国朝见进","0","2","2"
"番国派遣使者","0","2","2"
"派遣使者往来","0","2","2"
"纶为兵部侍郎","0","2","2"
"司主事各一人","0","2","2"
"皇帝驾临前殿","0","2","2"
"士各有一定的","0","2","2"
"各有一定的制","0","2","2"
"帝亲自制定策","0","2","2"
"亲自制定策问","0","2","2"
"也从此时开始","0","2","2"
"事情下发礼部","0","2","2"
"按他的请求办","0","2","2"
"有固定的数额","0","2","2"
"张居正不高兴","0","2","2"
"皇帝为此贬谪","0","2","2"
"主考顺天乡试","0","2","2"
"王锡爵之子王","0","2","2"
"锡爵之子王衡","0","2","2"
"是大学士申时","0","2","2"
"申时行的女婿","0","2","2"
"驾临西角门廷","0","2","2"
"临西角门廷试","0","2","2"
"西角门廷试策","0","2","2"
"角门廷试策对","0","2","2"
"今天所进献的","0","2","2"
"金沥粉蟠龙图","0","2","2"
"沥粉蟠龙图案","0","2","2"
"红色绫罗嵌以","0","2","2"
"色绫罗嵌以金","0","2","2"
"绫罗嵌以金线","0","2","2"
"外面用红色绫","0","2","2"
"宽取其能容纳","0","2","2"
"匣用浑金沥粉","0","2","2"
"它的形制以及","0","2","2"
"的装饰与皇后","0","2","2"
"装饰与皇后的","0","2","2"
"嵌有金线的袱","0","2","2"
"有金线的袱单","0","2","2"
"武二十八年重","0","2","2"
"二十八年重新","0","2","2"
"十八年重新规","0","2","2"
"八年重新规定","0","2","2"
"与皇太子相同","0","2","2"
"五寸二分见方","0","2","2"
"长宽各减少一","0","2","2"
"宽各减少一分","0","2","2"
"厚度减少五厘","0","2","2"
"遣官员拿着金","0","2","2"
"二十六年定下","0","2","2"
"十六年定下制","0","2","2"
"在尚宝司领取","0","2","2"
"主持事务的人","0","2","2"
"人按法律论处","0","2","2"
"后面叫华盖殿","0","2","2"
"左右为东西角","0","2","2"
"右为东西角门","0","2","2"
"顺门外有殿叫","0","2","2"
"南面是奉天门","0","2","2"
"改奉天殿为皇","0","2","2"
"奉天殿为皇极","0","2","2"
"天殿为皇极殿","0","2","2"
"命令中书省大","0","2","2"
"令中书省大臣","0","2","2"
"檐桷用彩色绘","0","2","2"
"桷用彩色绘饰","0","2","2"
"十六年规定制","0","2","2"
"正德十六年规","0","2","2"
"德十六年规定","0","2","2"
"和平民百姓相","0","2","2"
"个穿紫衣的人","0","2","2"
"至正十二年春","0","2","2"
"郭子兴与孙德","0","2","2"
"子兴与孙德崖","0","2","2"
"兴与孙德崖等","0","2","2"
"子郭天叙为都","0","2","2"
"便用其年号以","0","2","2"
"用其年号以号","0","2","2"
"其年号以号令","0","2","2"
"年号以号令军","0","2","2"
"号以号令军中","0","2","2"
"守备必然牢固","0","2","2"
"徐达进攻镇江","0","2","2"
"任命康茂才为","0","2","2"
"九年春正月十","0","2","2"
"元将察罕帖木","0","2","2"
"将察罕帖木儿","0","2","2"
"陈友谅攻陷太","0","2","2"
"友谅攻陷太平","0","2","2"
"于是收复太平","0","2","2"
"至正二十一年","0","2","2"
"方国珍派使者","0","2","2"
"元朝平章察罕","0","2","2"
"朝平章察罕帖","0","2","2"
"章察罕帖木儿","0","2","2"
"冬十一月十二","0","2","2"
"邓愈镇守洪都","0","2","2"
"张定边直冲太","0","2","2"
"定边直冲太祖","0","2","2"
"船才得以脱险","0","2","2"
"火焚烧陈友谅","0","2","2"
"死者不计其数","0","2","2"
"徐达为左相国","0","2","2"
"祭祀丁普郎等","0","2","2"
"徐达攻克庐州","0","2","2"
"梅思祖以城投","0","2","2"
"思祖以城投降","0","2","2"
"三州相继收复","0","2","2"
"在钟山的南面","0","2","2"
"元朝扩廓帖木","0","2","2"
"朝扩廓帖木儿","0","2","2"
"百姓更加困苦","0","2","2"
"七年春正月二","0","2","2"
"五月二十四日","0","2","2"
"方国珍逃入海","0","2","2"
"国珍逃入海上","0","2","2"
"为征南副将军","0","2","2"
"阿鲁台被瓦剌","0","2","2"
"郑和又出使西","0","2","2"
"和又出使西洋","0","2","2"
"要使天下没有","0","2","2"
"使天下没有遗","0","2","2"
"天下没有遗漏","0","2","2"
"下没有遗漏的","0","2","2"
"兴侯耿炳文在","0","2","2"
"侯耿炳文在陕","0","2","2"
"六年正月十一","0","2","2"
"九月二十三日","0","2","2"
"被封为征南将","0","2","2"
"封为征南将军","0","2","2"
"免除京畿内当","0","2","2"
"除京畿内当年","0","2","2"
"十八年正月初","0","2","2"
"八月二十一日","0","2","2"
"赈济河南水灾","0","2","2"
"使思伦发反叛","0","2","2"
"九年正月四日","0","2","2"
"慰问年纪大的","0","2","2"
"八十岁以上赐","0","2","2"
"并加一级俸禄","0","2","2"
"六十岁以上的","0","2","2"
"六月二十二日","0","2","2"
"设置大宁都指","0","2","2"
"武定侯郭英为","0","2","2"
"定侯郭英为副","0","2","2"
"侯郭英为副将","0","2","2"
"靖宁侯叶升在","0","2","2"
"泰等进士及第","0","2","2"
"这一年有高丽","0","2","2"
"安南黎季睺杀","0","2","2"
"将大宗正院改","0","2","2"
"大宗正院改为","0","2","2"
"宗正院改为宗","0","2","2"
"正院改为宗人","0","2","2"
"院改为宗人府","0","2","2"
"等在湖广练兵","0","2","2"
"周王朱木肃犯","0","2","2"
"王朱木肃犯罪","0","2","2"
"派遣官吏治理","0","2","2"
"免除山东受灾","0","2","2"
"除山东受灾之","0","2","2"
"山东受灾之地","0","2","2"
"东受灾之地的","0","2","2"
"灾地方的田租","0","2","2"
"水灾之地的田","0","2","2"
"等十四人分别","0","2","2"
"允火文为皇太","0","2","2"
"火文为皇太孙","0","2","2"
"十六年正月二","0","2","2"
"六年正月二日","0","2","2"
"炳文在陕西练","0","2","2"
"文在陕西练兵","0","2","2"
"在浙江防备倭","0","2","2"
"浙江防备倭寇","0","2","2"
"被封为平羌将","0","2","2"
"封为平羌将军","0","2","2"
"将军前往征讨","0","2","2"
"十八年正月十","0","2","2"
"总兵官周兴出","0","2","2"
"洪武二十九年","0","2","2"
"及第等不同的","0","2","2"
"第等不同的出","0","2","2"
"等不同的出身","0","2","2"
"忠等人以进士","0","2","2"
"担任征虏将军","0","2","2"
"为扩廓帖木儿","0","2","2"
"南京多次发生","0","2","2"
"京多次发生地","0","2","2"
"仁宗身体不适","0","2","2"
"告诉法官谨慎","0","2","2"
"诉法官谨慎用","0","2","2"
"推举廉洁奉公","0","2","2"
"薛禄为镇朔大","0","2","2"
"禄为镇朔大将","0","2","2"
"氵孛泥入朝进","0","2","2"
"孛泥入朝进贡","0","2","2"
"死罪以下囚犯","0","2","2"
"将军充任总兵","0","2","2"
"军充任总兵官","0","2","2"
"下诏赦免交趾","0","2","2"
"诏赦免交趾之","0","2","2"
"赦免交趾之罪","0","2","2"
"复奏然后执行","0","2","2"
"湖广采伐木料","0","2","2"
"冬十月十八日","0","2","2"
"二年正月十一","0","2","2"
"审查记录囚犯","0","2","2"
"查记录囚犯罪","0","2","2"
"因皇长子降生","0","2","2"
"年税粮的三分","0","2","2"
"税粮的三分之","0","2","2"
"陈怀平定松藩","0","2","2"
"平定松藩叛蛮","0","2","2"
"立贵妃孙氏为","0","2","2"
"贵妃孙氏为皇","0","2","2"
"妃孙氏为皇后","0","2","2"
"北京行部及行","0","2","2"
"京行部及行后","0","2","2"
"行部及行后军","0","2","2"
"部及行后军都","0","2","2"
"及行后军都督","0","2","2"
"骑三千人前往","0","2","2"
"亲自巡察喜峰","0","2","2"
"自巡察喜峰口","0","2","2"
"告诉法官审查","0","2","2"
"诉法官审查囚","0","2","2"
"减免田租一年","0","2","2"
"奉皇太后之命","0","2","2"
"写成文以为法","0","2","2"
"害百姓不亚于","0","2","2"
"官请求上表祝","0","2","2"
"城堡兵备情况","0","2","2"
"十二月二十七","0","2","2"
"德六年正月十","0","2","2"
"全权代理安南","0","2","2"
"权代理安南国","0","2","2"
"代理安南国事","0","2","2"
"分别派遣御史","0","2","2"
"减免十分之三","0","2","2"
"免山西欠交赋","0","2","2"
"山西欠交赋税","0","2","2"
"官三品以上推","0","2","2"
"湖州遭水灾后","0","2","2"
"州遭水灾后税","0","2","2"
"遭水灾后税粮","0","2","2"
"平江伯陈王宣","0","2","2"
"八年正月十三","0","2","2"
"萧授平定贵州","0","2","2"
"七月二十一日","0","2","2"
"德九年正月十","0","2","2"
"江西发生饥荒","0","2","2"
"宣德十年正月","0","2","2"
"德十年正月初","0","2","2"
"百官在文华殿","0","2","2"
"祀天地于南郊","0","2","2"
"邓愈为征戍将","0","2","2"
"愈为征戍将军","0","2","2"
"百姓休养生息","0","2","2"
"常遇春攻克东","0","2","2"
"遇春攻克东昌","0","2","2"
"在太庙举行大","0","2","2"
"常遇春进取山","0","2","2"
"祀上帝于圜丘","0","2","2"
"常遇春死于军","0","2","2"
"遇春死于军中","0","2","2"
"扩廓帖木儿遣","0","2","2"
"太祖派杨王景","0","2","2"
"西安各府饥荒","0","2","2"
"追封郭子兴为","0","2","2"
"封郭子兴为滁","0","2","2"
"郭子兴为滁阳","0","2","2"
"子兴为滁阳王","0","2","2"
"进兵察罕脑儿","0","2","2"
"皇太子诸王在","0","2","2"
"将吴友仁侵犯","0","2","2"
"吴友仁侵犯汉","0","2","2"
"友仁侵犯汉中","0","2","2"
"友德将其击败","0","2","2"
"八月二十九日","0","2","2"
"四年春一月二","0","2","2"
"年春一月二日","0","2","2"
"汪广洋为右丞","0","2","2"
"广洋为右丞相","0","2","2"
"傅友德攻克阶","0","2","2"
"冬十月十七日","0","2","2"
"元梁王把匝剌","0","2","2"
"蓝玉在土剌河","0","2","2"
"玉在土剌河击","0","2","2"
"在土剌河击败","0","2","2"
"土剌河击败扩","0","2","2"
"剌河击败扩廓","0","2","2"
"制定宦官禁令","0","2","2"
"御史和按察使","0","2","2"
"夏四月十八日","0","2","2"
"赈救真定饥荒","0","2","2"
"录用故功臣子","0","2","2"
"用故功臣子孙","0","2","2"
"纳哈出进犯辽","0","2","2"
"沐英为副将军","0","2","2"
"洪武十一年春","0","2","2"
"秋七月二十二","0","2","2"
"给事中和春坊","0","2","2"
"祭祀大社大稷","0","2","2"
"诏令内外官员","0","2","2"
"年春正月十八","0","2","2"
"春正月十八日","0","2","2"
"在皇极门召见","0","2","2"
"免去第二年元","0","2","2"
"去第二年元夕","0","2","2"
"第二年元夕灯","0","2","2"
"二年元夕灯火","0","2","2"
"年春正月初七","0","2","2"
"秋八月十一日","0","2","2"
"在京城南郊祭","0","2","2"
"因谈论张居正","0","2","2"
"朱翊钧诏谕吏","0","2","2"
"哈密前来朝贡","0","2","2"
"五年春正月二","0","2","2"
"等为进士及第","0","2","2"
"黄河又在崔镇","0","2","2"
"河又在崔镇决","0","2","2"
"立王氏为皇后","0","2","2"
"夏四月十四日","0","2","2"
"完成黄河决口","0","2","2"
"两宫皇太后到","0","2","2"
"宫皇太后到天","0","2","2"
"秋八月十六日","0","2","2"
"年春二月初四","0","2","2"
"杭州发生兵变","0","2","2"
"倭寇侵犯温州","0","2","2"
"一年春正月初","0","2","2"
"闰二月十一日","0","2","2"
"世袭顺义王封","0","2","2"
"袭顺义王封号","0","2","2"
"缅甸侵犯永昌","0","2","2"
"谒恭让章皇后","0","2","2"
"到天寿山拜谒","0","2","2"
"河南发生水灾","0","2","2"
"二年春二月二","0","2","2"
"三年春正月十","0","2","2"
"年春正月十九","0","2","2"
"春正月十九日","0","2","2"
"举行盛大祈雨","0","2","2"
"行盛大祈雨祭","0","2","2"
"盛大祈雨祭祀","0","2","2"
"这一年有土鲁","0","2","2"
"一年有土鲁番","0","2","2"
"赈济江西灾害","0","2","2"
"廷分别给予减","0","2","2"
"分别给予减免","0","2","2"
"别给予减免赋","0","2","2"
"给予减免赋税","0","2","2"
"予减免赋税和","0","2","2"
"发生灾害为由","0","2","2"
"学士申时行奏","0","2","2"
"发留在宫禁中","0","2","2"
"留在宫禁中的","0","2","2"
"年春三月初十","0","2","2"
"令从太仓取银","0","2","2"
"从太仓取银二","0","2","2"
"甘肃发生兵变","0","2","2"
"夏四月十三日","0","2","2"
"召见内阁大臣","0","2","2"
"派遣朝廷大臣","0","2","2"
"在莽剌川打败","0","2","2"
"除河南受灾地","0","2","2"
"一同兼任东阁","0","2","2"
"同兼任东阁大","0","2","2"
"以赈济和减免","0","2","2"
"十年春正月二","0","2","2"
"总兵官李如松","0","2","2"
"冬十月十六日","0","2","2"
"贼寇已被平定","0","2","2"
"二月二十九日","0","2","2"
"夏四月十九日","0","2","2"
"诏令天下各地","0","2","2"
"命内外诸臣修","0","2","2"
"皇长子朱常洛","0","2","2"
"同时兼任东阁","0","2","2"
"时兼任东阁大","0","2","2"
"炒花进犯辽东","0","2","2"
"夏五月二十六","0","2","2"
"达云将其击败","0","2","2"
"恢复建文年号","0","2","2"
"朱翊钧命群臣","0","2","2"
"翊钧命群臣修","0","2","2"
"钧命群臣修身","0","2","2"
"圣皇太后驾崩","0","2","2"
"历二十五年春","0","2","2"
"担任佥都御史","0","2","2"
"历二十六年春","0","2","2"
"东总兵官李如","0","2","2"
"历二十七年春","0","2","2"
"夏四月二十五","0","2","2"
"而令群臣修身","0","2","2"
"进献地方特产","0","2","2"
"年春正月十三","0","2","2"
"春正月十三日","0","2","2"
"常洛为皇太子","0","2","2"
"为由令群臣修","0","2","2"
"由令群臣修身","0","2","2"
"恢复河套各部","0","2","2"
"历三十一年春","0","2","2"
"九月二十九日","0","2","2"
"总兵官沐睿又","0","2","2"
"六月二十五日","0","2","2"
"蓟州一男子张","0","2","2"
"州一男子张差","0","2","2"
"手持木棒闯入","0","2","2"
"持木棒闯入慈","0","2","2"
"木棒闯入慈庆","0","2","2"
"棒闯入慈庆宫","0","2","2"
"赈济京师饥民","0","2","2"
"部落进犯延绥","0","2","2"
"河套部落首领","0","2","2"
"赈济江西饥荒","0","2","2"
"未得到及时答","0","2","2"
"得到及时答复","0","2","2"
"加派全国田租","0","2","2"
"派全国田租赋","0","2","2"
"全国田租赋税","0","2","2"
"朝廷大臣纷纷","0","2","2"
"发放币金百万","0","2","2"
"黄河水清澈三","0","2","2"
"河水清澈三天","0","2","2"
"宗死于乾清宫","0","2","2"
"十八年八月以","0","2","2"
"年八月以后为","0","2","2"
"八月以后为泰","0","2","2"
"月以后为泰昌","0","2","2"
"以后为泰昌元","0","2","2"
"后为泰昌元年","0","2","2"
"二年正月二十","0","2","2"
"年正月二十日","0","2","2"
"皇长子朱慈火","0","2","2"
"长子朱慈火良","0","2","2"
"居文华殿行斋","0","2","2"
"副使刘可训在","0","2","2"
"大清兵进入大","0","2","2"
"清兵进入大安","0","2","2"
"兵进入大安口","0","2","2"
"孙承宗为兵部","0","2","2"
"承宗为兵部尚","0","2","2"
"宗为兵部尚书","0","2","2"
"逮捕总督蓟辽","0","2","2"
"追击张献忠于","0","2","2"
"崇祯四年正月","0","2","2"
"四年正月五日","0","2","2"
"在文华殿召对","0","2","2"
"逮捕刘宇烈下","0","2","2"
"捕刘宇烈下狱","0","2","2"
"民争先恐后跟","0","2","2"
"在三个月之内","0","2","2"
"总兵官邓王巳","0","2","2"
"向大清兵投降","0","2","2"
"发放钱币赈救","0","2","2"
"沛县黄河决堤","0","2","2"
"相等英勇战死","0","2","2"
"官军在乱马川","0","2","2"
"下诏责罚自己","0","2","2"
"在遗诏中说明","0","2","2"
"年为天启元年","0","2","2"
"给事中倪思辉","0","2","2"
"奢崇明围攻成","0","2","2"
"崇明围攻成都","0","2","2"
"升为佥都御史","0","2","2"
"二年正月十二","0","2","2"
"一起进入关内","0","2","2"
"文龙为总兵官","0","2","2"
"宗牌位被供于","0","2","2"
"牌位被供于太","0","2","2"
"位被供于太庙","0","2","2"
"孙承宗以原官","0","2","2"
"副总兵刘超在","0","2","2"
"三年正月十八","0","2","2"
"在陆广河战败","0","2","2"
"上疏陈述防守","0","2","2"
"被投下镇抚司","0","2","2"
"闰十一月十六","0","2","2"
"封李亻宗为朝","0","2","2"
"李亻宗为朝鲜","0","2","2"
"亻宗为朝鲜国","0","2","2"
"宗为朝鲜国王","0","2","2"
"并投下镇抚司","0","2","2"
"天启五年正月","0","2","2"
"六年正月十四","0","2","2"
"参将杨明辉前","0","2","2"
"将杨明辉前往","0","2","2"
"杨明辉前往招","0","2","2"
"崇祯十一年正","0","2","2"
"祯十一年正月","0","2","2"
"贺逢圣辞官退","0","2","2"
"逢圣辞官退职","0","2","2"
"告诉廷臣修身","0","2","2"
"诉廷臣修身反","0","2","2"
"廷臣修身反省","0","2","2"
"同兼东阁大学","0","2","2"
"仍然掌管兵部","0","2","2"
"大清兵进入墙","0","2","2"
"清兵进入墙子","0","2","2"
"兵进入墙子岭","0","2","2"
"十二年正月一","0","2","2"
"德王朱由枢被","0","2","2"
"率军征讨贼军","0","2","2"
"左良玉为平贼","0","2","2"
"良玉为平贼将","0","2","2"
"玉为平贼将军","0","2","2"
"在京师南郊祭","0","2","2"
"赈救京师饥民","0","2","2"
"赈救畿内饥荒","0","2","2"
"石石主女土官","0","2","2"
"石主女土官秦","0","2","2"
"主女土官秦良","0","2","2"
"崇祯十四年正","0","2","2"
"祯十四年正月","0","2","2"
"总兵官猛如虎","0","2","2"
"十五年正月十","0","2","2"
"贬官戍边各有","0","2","2"
"官戍边各有不","0","2","2"
"安庆发生兵变","0","2","2"
"各镇兵入京救","0","2","2"
"镇兵入京救援","0","2","2"
"辅佐军国大事","0","2","2"
"朝廷大臣私下","0","2","2"
"李自成接连攻","0","2","2"
"自成接连攻陷","0","2","2"
"崇祯十七年正","0","2","2"
"祯十七年正月","0","2","2"
"凤阳发生地震","0","2","2"
"得到皇帝同意","0","2","2"
"下诏天下救援","0","2","2"
"诏天下救援京","0","2","2"
"天下救援京师","0","2","2"
"命令文武百官","0","2","2"
"让皇太子去江","0","2","2"
"皇太子去江南","0","2","2"
"太子去江南抚","0","2","2"
"子去江南抚慰","0","2","2"
"庄烈帝及皇后","0","2","2"
"到了不可挽救","0","2","2"
"了不可挽救的","0","2","2"
"不可挽救的地","0","2","2"
"可挽救的地步","0","2","2"
"不沉溺于声色","0","2","2"
"一半在滹沱河","0","2","2"
"半在滹沱河以","0","2","2"
"朱棣亲率精骑","0","2","2"
"棣亲率精骑迎","0","2","2"
"派大理少卿薛","0","2","2"
"燕军粮饷道路","0","2","2"
"建文四年春正","0","2","2"
"文四年春正月","0","2","2"
"四年春正月十","0","2","2"
"恢复周王朱木","0","2","2"
"复周王朱木肃","0","2","2"
"自己的职责而","0","2","2"
"己的职责而已","0","2","2"
"安侯郑亨镇守","0","2","2"
"郑亨镇守大同","0","2","2"
"开封附近黄河","0","2","2"
"封附近黄河涨","0","2","2"
"附近黄河涨水","0","2","2"
"尚书吕震请求","0","2","2"
"参与重要事务","0","2","2"
"立妃张氏为皇","0","2","2"
"朱瞻基为皇太","0","2","2"
"天门审查囚犯","0","2","2"
"应当引以为戒","0","2","2"
"告诫群臣修身","0","2","2"
"诫群臣修身反","0","2","2"
"钱钞各有差别","0","2","2"
"终年四十八岁","0","2","2"
"在奉天殿接受","0","2","2"
"殿接受朝臣庆","0","2","2"
"送诏书给鬼力","0","2","2"
"诏书给鬼力赤","0","2","2"
"夏原吉治理苏","0","2","2"
"捕捉山东蝗虫","0","2","2"
"城侯李彬镇守","0","2","2"
"王友充任总兵","0","2","2"
"友充任总兵官","0","2","2"
"七月二十三日","0","2","2"
"民一万户充实","0","2","2"
"一万户充实北","0","2","2"
"万户充实北京","0","2","2"
"黄河河水清澈","0","2","2"
"开封发生地震","0","2","2"
"州水灾地区田","0","2","2"
"三年正月十日","0","2","2"
"大祭天地鬼神","0","2","2"
"琉球中山三次","0","2","2"
"球中山三次入","0","2","2"
"中山三次入朝","0","2","2"
"山三次入朝进","0","2","2"
"三次入朝进贡","0","2","2"
"朱能为征夷将","0","2","2"
"能为征夷将军","0","2","2"
"重申诽谤禁令","0","2","2"
"朱能死于军中","0","2","2"
"辅大败安南军","0","2","2"
"大败安南军于","0","2","2"
"出任广西参议","0","2","2"
"设交趾布政司","0","2","2"
"在奉天门接受","0","2","2"
"永乐五年以前","0","2","2"
"乐五年以前欠","0","2","2"
"五年以前欠交","0","2","2"
"司不急办事务","0","2","2"
"大败本雅失里","0","2","2"
"皇长孙朱瞻基","0","2","2"
"皇太子审查囚","0","2","2"
"太子审查囚犯","0","2","2"
"派使臣进贡马","0","2","2"
"使臣进贡马匹","0","2","2"
"写成文作为法","0","2","2"
"成文作为法令","0","2","2"
"免陕西欠交赋","0","2","2"
"陕西欠交赋税","0","2","2"
"为征夷副将军","0","2","2"
"闰十二月一日","0","2","2"
"陈述军民利弊","0","2","2"
"郡县有关部门","0","2","2"
"十一年正月一","0","2","2"
"一年正月一日","0","2","2"
"尊奉皇太后为","0","2","2"
"台朵儿只伯侵","0","2","2"
"朵儿只伯侵犯","0","2","2"
"元年正月十日","0","2","2"
"听群臣讲经论","0","2","2"
"群臣讲经论史","0","2","2"
"征讨阿台朵儿","0","2","2"
"讨阿台朵儿只","0","2","2"
"十一月二十四","0","2","2"
"一月二十四日","0","2","2"
"官推举能胜任","0","2","2"
"三年三月十五","0","2","2"
"礼部尚书胡氵","0","2","2"
"部尚书胡氵荧","0","2","2"
"犯死罪以下囚","0","2","2"
"告诉群臣修身","0","2","2"
"诉群臣修身反","0","2","2"
"沿海防备倭寇","0","2","2"
"整治备荒政事","0","2","2"
"被押送到京师","0","2","2"
"在锦衣卫狱中","0","2","2"
"审查在京师刑","0","2","2"
"刑科给事中郭","0","2","2"
"科给事中郭瑾","0","2","2"
"南京刑狱案件","0","2","2"
"受刑于长安门","0","2","2"
"所卖去的子女","0","2","2"
"雷电震动奉天","0","2","2"
"电震动奉天殿","0","2","2"
"震动奉天殿上","0","2","2"
"动奉天殿上鸱","0","2","2"
"免陕西遭灾税","0","2","2"
"兀良哈进贡马","0","2","2"
"良哈进贡马匹","0","2","2"
"一年正月十一","0","2","2"
"等于锦衣卫狱","0","2","2"
"赏赐各边境将","0","2","2"
"赐各边境将士","0","2","2"
"保定伯梁王缶","0","2","2"
"同法官审查囚","0","2","2"
"皇太后命成阝","0","2","2"
"太后命成阝王","0","2","2"
"后命成阝王监","0","2","2"
"命成阝王监国","0","2","2"
"立皇子朱见深","0","2","2"
"皇子朱见深为","0","2","2"
"部侍郎于谦为","0","2","2"
"挟持英宗到大","0","2","2"
"持英宗到大同","0","2","2"
"兵入京师救援","0","2","2"
"讨贵州叛乱苗","0","2","2"
"贵州叛乱苗民","0","2","2"
"免畿内欠交赋","0","2","2"
"畿内欠交赋税","0","2","2"
"瓦剌侵掠大同","0","2","2"
"军民利弊得失","0","2","2"
"瓦剌侵掠雁门","0","2","2"
"赈救山东饥荒","0","2","2"
"免山西遭灾税","0","2","2"
"山西遭灾税粮","0","2","2"
"瓦剌侵犯宣府","0","2","2"
"星座发生变化","0","2","2"
"诸苗民再次反","0","2","2"
"苗民再次反叛","0","2","2"
"因父母丧事而","0","2","2"
"黄河在沙湾决","0","2","2"
"河在沙湾决堤","0","2","2"
"三月二十一日","0","2","2"
"攻破泷水瑶民","0","2","2"
"因请求恢复沂","0","2","2"
"请求恢复沂王","0","2","2"
"求恢复沂王为","0","2","2"
"多次出现奇怪","0","2","2"
"蠲免欠交赋税","0","2","2"
"八年正月三日","0","2","2"
"副都御史徐有","0","2","2"
"安定宗庙社稷","0","2","2"
"从大明门进入","0","2","2"
"赈济辽东饥荒","0","2","2"
"元年正月五日","0","2","2"
"陕西同时发生","0","2","2"
"西同时发生地","0","2","2"
"太后尊号叫昭","0","2","2"
"后尊号叫昭圣","0","2","2"
"四年正月初六","0","2","2"
"年正月初六日","0","2","2"
"被总兵官姜击","0","2","2"
"总兵官姜击败","0","2","2"
"赈济辽东灾荒","0","2","2"
"嘉靖七年正月","0","2","2"
"八年正月二日","0","2","2"
"亲自到南郊祈","0","2","2"
"自到南郊祈祷","0","2","2"
"亲自祭祀山川","0","2","2"
"赈救山西饥荒","0","2","2"
"赈救京师饥荒","0","2","2"
"至圣先师孔子","0","2","2"
"免陕西受灾秋","0","2","2"
"陕西受灾秋粮","0","2","2"
"年正月二十二","0","2","2"
"前任吏部尚书","0","2","2"
"免畿内受灾秋","0","2","2"
"畿内受灾秋粮","0","2","2"
"免南畿受灾夏","0","2","2"
"南畿受灾夏税","0","2","2"
"变化命群臣修","0","2","2"
"化命群臣修身","0","2","2"
"十二年正月初","0","2","2"
"大同遭兵祸军","0","2","2"
"同遭兵祸军民","0","2","2"
"南京太庙发生","0","2","2"
"京太庙发生火","0","2","2"
"四年正月十一","0","2","2"
"吉囊侵犯大同","0","2","2"
"赈救湖广灾害","0","2","2"
"二十九日回宫","0","2","2"
"吉囊侵犯宣府","0","2","2"
"都御史刘天和","0","2","2"
"赈救河南饥荒","0","2","2"
"十九年正月十","0","2","2"
"侵入万全右卫","0","2","2"
"不孩派使者到","0","2","2"
"率领京师营兵","0","2","2"
"闰五月十九日","0","2","2"
"俺答侵犯朔州","0","2","2"
"河南招募士兵","0","2","2"
"年正月初七日","0","2","2"
"粮食十分之三","0","2","2"
"十二月三十日","0","2","2"
"朱永为靖虏将","0","2","2"
"永为靖虏将军","0","2","2"
"抵御来犯之敌","0","2","2"
"因提建议而得","0","2","2"
"靖四十三年以","0","2","2"
"总兵官雷龙出","0","2","2"
"兵官雷龙出塞","0","2","2"
"俞大猷征讨广","0","2","2"
"大猷征讨广东","0","2","2"
"京师地震发出","0","2","2"
"师地震发出声","0","2","2"
"享年三十六岁","0","2","2"
"夺取奉天门之","0","2","2"
"取奉天门之功","0","2","2"
"免南畿遭灾秋","0","2","2"
"南畿遭灾秋粮","0","2","2"
"免陕西遭灾秋","0","2","2"
"陕西遭灾秋粮","0","2","2"
"已辞官退职的","0","2","2"
"子在文华殿摄","0","2","2"
"在文华殿摄政","0","2","2"
"文华殿摄政处","0","2","2"
"华殿摄政处理","0","2","2"
"殿摄政处理政","0","2","2"
"摄政处理政事","0","2","2"
"悼恭太子死后","0","2","2"
"部左侍郎兼翰","0","2","2"
"左侍郎兼翰林","0","2","2"
"占城王子古来","0","2","2"
"小王子侵犯兰","0","2","2"
"王子侵犯兰州","0","2","2"
"再次占据哈密","0","2","2"
"赈救四川饥荒","0","2","2"
"宗神牌位附祭","0","2","2"
"神牌位附祭于","0","2","2"
"牌位附祭于太","0","2","2"
"古田叛乱壮人","0","2","2"
"十二月二十一","0","2","2"
"治理张秋黄河","0","2","2"
"理张秋黄河决","0","2","2"
"张秋黄河决口","0","2","2"
"免陕西受灾夏","0","2","2"
"陕西受灾夏税","0","2","2"
"派使者祭告祖","0","2","2"
"使者祭告祖先","0","2","2"
"黄陵冈黄河决","0","2","2"
"请求入朝进贡","0","2","2"
"禁止势家豪族","0","2","2"
"止势家豪族侵","0","2","2"
"工部侍郎李钅","0","2","2"
"部侍郎李钅遂","0","2","2"
"兼左副都御史","0","2","2"
"减少光禄寺供","0","2","2"
"十五年正月初","0","2","2"
"派使者到湖广","0","2","2"
"逮捕总督宣府","0","2","2"
"击并打败俺答","0","2","2"
"俺答大举入侵","0","2","2"
"师解除戒严令","0","2","2"
"恢复三大营旧","0","2","2"
"大同开设马市","0","2","2"
"吉能侵犯延绥","0","2","2"
"十三年正月一","0","2","2"
"三年正月一日","0","2","2"
"十四年正月一","0","2","2"
"曹邦辅在浒墅","0","2","2"
"山东受灾秋粮","0","2","2"
"打来孙侵犯广","0","2","2"
"来孙侵犯广宁","0","2","2"
"三月二十九日","0","2","2"
"吉能侵犯宁夏","0","2","2"
"十二年正月二","0","2","2"
"人于宫前阶下","0","2","2"
"有关部门铸造","0","2","2"
"陈金征讨并平","0","2","2"
"金征讨并平定","0","2","2"
"接着去南海子","0","2","2"
"着去南海子打","0","2","2"
"奉天门接受朝","0","2","2"
"天门接受朝贺","0","2","2"
"亲自巡察昌平","0","2","2"
"改于郊外占卜","0","2","2"
"舒芬等一百零","0","2","2"
"芬等一百零七","0","2","2"
"等一百零七人","0","2","2"
"一百零七人于","0","2","2"
"人于宫前台阶","0","2","2"
"于宫前台阶下","0","2","2"
"亲自率军讨伐","0","2","2"
"攻败广西瑶民","0","2","2"
"终年四十一岁","0","2","2"
"彻底追究此事","0","2","2"
"杨文率辽东兵","0","2","2"
"告谕燕王收兵","0","2","2"
"春正月初一日","0","2","2"
"燕兵渡过淮河","0","2","2"
"自成在西安称","0","2","2"
"成在西安称王","0","2","2"
"此产生了矛盾","0","2","2"
"陛下不要以为","0","2","2"
"朝廷赠太仆寺","0","2","2"
"年中进士及第","0","2","2"
"一百三十九条","0","2","2"
"关系到国家的","0","2","2"
"尊为太皇太后","0","2","2"
"长驱直入云南","0","2","2"
"桥南依次站立","0","2","2"
"及牧马千户所","0","2","2"
"玛瑙山大败张","0","2","2"
"瑙山大败张献","0","2","2"
"隆庆四年正月","0","2","2"
"皇上采纳了他","0","2","2"
"上采纳了他的","0","2","2"
"康茂才和其他","0","2","2"
"便问是什么原","0","2","2"
"问是什么原因","0","2","2"
"朱元璋知道后","0","2","2"
"其中有一个叫","0","2","2"
"为人更加恭敬","0","2","2"
"人更加恭敬谨","0","2","2"
"人都被判死刑","0","2","2"
"嫁的人跪在那","0","2","2"
"的人跪在那儿","0","2","2"
"皇上赞同他的","0","2","2"
"是犯了重罪的","0","2","2"
"遣他回到镇守","0","2","2"
"将他的奏章出","0","2","2"
"他的奏章出示","0","2","2"
"的奏章出示给","0","2","2"
"忤逆了皇上的","0","2","2"
"命人修复太后","0","2","2"
"为国子监助教","0","2","2"
"跟从颍川侯傅","0","2","2"
"从颍川侯傅友","0","2","2"
"陈友谅进逼龙","0","2","2"
"友谅进逼龙湾","0","2","2"
"洪武三年受封","0","2","2"
"随从太祖渡江","0","2","2"
"永乐末年中进","0","2","2"
"乐末年中进士","0","2","2"
"松潘番人反叛","0","2","2"
"他为刑部右侍","0","2","2"
"等人逮捕下狱","0","2","2"
"给事中戴士衡","0","2","2"
"单骑冲向敌阵","0","2","2"
"为人恭敬谨慎","0","2","2"
"跟随燕王起兵","0","2","2"
"于与他们同列","0","2","2"
"这样发展下去","0","2","2"
"用来命名六卿","0","2","2"
"进升为侍读学","0","2","2"
"为人确有原则","0","2","2"
"出示给杨士奇","0","2","2"
"女儿嫁给他为","0","2","2"
"儿嫁给他为妻","0","2","2"
"升为右春坊大","0","2","2"
"为右春坊大学","0","2","2"
"当时正讨伐燕","0","2","2"
"时正讨伐燕王","0","2","2"
"胡广在对策中","0","2","2"
"广在对策中有","0","2","2"
"在对策中有亲","0","2","2"
"对策中有亲藩","0","2","2"
"策中有亲藩跋","0","2","2"
"中有亲藩跋扈","0","2","2"
"人心摇动一语","0","2","2"
"皇上亲自提他","0","2","2"
"上亲自提他为","0","2","2"
"亲自提他为第","0","2","2"
"自提他为第一","0","2","2"
"提他为第一名","0","2","2"
"授予他为翰林","0","2","2"
"予他为翰林修","0","2","2"
"他为翰林修撰","0","2","2"
"终年四十九岁","0","2","2"
"同在文渊阁当","0","2","2"
"幼孜随从皇上","0","2","2"
"修撰两朝实录","0","2","2"
"朝灭亡的征兆","0","2","2"
"终年六十四岁","0","2","2"
"把他推荐给朝","0","2","2"
"他推荐给朝廷","0","2","2"
"皇上幸临北京","0","2","2"
"有志于圣贤之","0","2","2"
"听信小人之言","0","2","2"
"队展开了战斗","0","2","2"
"一直闷闷不乐","0","2","2"
"使者前去招降","0","2","2"
"自称宋朝之后","0","2","2"
"于是朱元璋便","0","2","2"
"被晋升为都督","0","2","2"
"义兵保卫家乡","0","2","2"
"常遇春设下埋","0","2","2"
"遇春设下埋伏","0","2","2"
"败了陈友谅的","0","2","2"
"康茂才晋升为","0","2","2"
"康茂才和大将","0","2","2"
"茂才和大将军","0","2","2"
"才和大将军徐","0","2","2"
"张士诚的水寨","0","2","2"
"军队全军覆没","0","2","2"
"晋升为同知大","0","2","2"
"升为同知大都","0","2","2"
"为同知大都督","0","2","2"
"大将军一起出","0","2","2"
"随太祖攻克滁","0","2","2"
"又随大将军徐","0","2","2"
"在旧馆打败张","0","2","2"
"旧馆打败张士","0","2","2"
"馆打败张士诚","0","2","2"
"被授予都指挥","0","2","2"
"设立永兴翼元","0","2","2"
"司徒李伯升率","0","2","2"
"为永兴卫亲军","0","2","2"
"将军徐达出塞","0","2","2"
"实际上只有十","0","2","2"
"郭英被晋升为","0","2","2"
"十三年被召回","0","2","2"
"得以继承侯位","0","2","2"
"是郭英的亲孙","0","2","2"
"郭英的亲孙子","0","2","2"
"率兵前来归附","0","2","2"
"华云龙被晋升","0","2","2"
"云龙被晋升为","0","2","2"
"被晋升为总管","0","2","2"
"陈友谅的部队","0","2","2"
"攻克元朝都城","0","2","2"
"李济占据濠州","0","2","2"
"信国公汤和在","0","2","2"
"国公汤和在临","0","2","2"
"公汤和在临清","0","2","2"
"左君弼占据庐","0","2","2"
"君弼占据庐州","0","2","2"
"掌管大都督府","0","2","2"
"担任征南副将","0","2","2"
"大军征讨云南","0","2","2"
"大将军徐达进","0","2","2"
"吴复担任总兵","0","2","2"
"增加食禄五百","0","2","2"
"又从大将军徐","0","2","2"
"大将军徐达讨","0","2","2"
"将军徐达讨伐","0","2","2"
"升为佥行枢密","0","2","2"
"为佥行枢密院","0","2","2"
"升为行省平章","0","2","2"
"为行省平章政","0","2","2"
"任命为指挥佥","0","2","2"
"命为指挥佥事","0","2","2"
"散毛诸洞的首","0","2","2"
"毛诸洞的首领","0","2","2"
"诸洞的首领作","0","2","2"
"洞的首领作乱","0","2","2"
"将他收为养子","0","2","2"
"居庸进攻北平","0","2","2"
"率领十八名骑","0","2","2"
"领十八名骑兵","0","2","2"
"张思道逃往宁","0","2","2"
"思道逃往宁夏","0","2","2"
"其弟张良臣以","0","2","2"
"弟张良臣以庆","0","2","2"
"张良臣以庆阳","0","2","2"
"良臣以庆阳投","0","2","2"
"臣以庆阳投降","0","2","2"
"使者前去通好","0","2","2"
"又派使者前去","0","2","2"
"派人前去招降","0","2","2"
"浦城攻取建宁","0","2","2"
"每年派遣使者","0","2","2"
"章达里麻率军","0","2","2"
"晋升为天策卫","0","2","2"
"大将军徐达平","0","2","2"
"将军徐达平定","0","2","2"
"终年四十六岁","0","2","2"
"晋升为佥大都","0","2","2"
"升为佥大都督","0","2","2"
"为佥大都督府","0","2","2"
"征南将军汤和","0","2","2"
"汤和讨伐方国","0","2","2"
"和讨伐方国珍","0","2","2"
"冯胜驻守庆阳","0","2","2"
"出海追捕倭寇","0","2","2"
"是胡惟庸同党","0","2","2"
"督朱文正镇守","0","2","2"
"守南昌三个月","0","2","2"
"晋升为江西行","0","2","2"
"徐达攻取中原","0","2","2"
"败张士诚部队","0","2","2"
"跟从徐达镇守","0","2","2"
"从徐达镇守北","0","2","2"
"任六安卫指挥","0","2","2"
"将军徐达征讨","0","2","2"
"追究为胡惟庸","0","2","2"
"究为胡惟庸同","0","2","2"
"为胡惟庸同党","0","2","2"
"夏侯周德兴率","0","2","2"
"傅友德平定云","0","2","2"
"友德平定云南","0","2","2"
"升为龙骧卫指","0","2","2"
"为龙骧卫指挥","0","2","2"
"晋升为骠骑卫","0","2","2"
"升为骠骑卫指","0","2","2"
"为骠骑卫指挥","0","2","2"
"晋升为都督府","0","2","2"
"忠等人征讨广","0","2","2"
"胡惟庸党案牵","0","2","2"
"惟庸党案牵连","0","2","2"
"新守将周安反","0","2","2"
"守将周安反叛","0","2","2"
"升为江淮行省","0","2","2"
"命邓愈为征南","0","2","2"
"任大都督府事","0","2","2"
"同胡海等人讨","0","2","2"
"胡海等人讨伐","0","2","2"
"海等人讨伐平","0","2","2"
"等人讨伐平定","0","2","2"
"为元帅府都事","0","2","2"
"当时陈友谅正","0","2","2"
"带领妻子儿女","0","2","2"
"太祖亲自下诏","0","2","2"
"祈求上天保佑","0","2","2"
"委以心腹之任","0","2","2"
"朱元璋攻取婺","0","2","2"
"元璋攻取婺州","0","2","2"
"为江南儒学提","0","2","2"
"在军中出谋划","0","2","2"
"军中出谋划策","0","2","2"
"又有什么用呢","0","2","2"
"的堂侄朱文正","0","2","2"
"茹太素的上书","0","2","2"
"每年春秋两季","0","2","2"
"建文帝即位后","0","2","2"
"石抹宜孙驻守","0","2","2"
"太祖命章溢为","0","2","2"
"升为湖广按察","0","2","2"
"朱元璋命冯国","0","2","2"
"元璋命冯国用","0","2","2"
"冯国用与诸将","0","2","2"
"随军征讨陈友","0","2","2"
"跟随大将军徐","0","2","2"
"军跟随大将军","0","2","2"
"于是攻克庆阳","0","2","2"
"以右副将军的","0","2","2"
"右副将军的身","0","2","2"
"派遣其他将领","0","2","2"
"次骚扰明朝边","0","2","2"
"有人说他私藏","0","2","2"
"违背了太祖的","0","2","2"
"又在泾江口拦","0","2","2"
"徐达攻取庐州","0","2","2"
"傅友德应召回","0","2","2"
"友德应召回京","0","2","2"
"傅友德担任征","0","2","2"
"然后分兵巡行","0","2","2"
"蜀地全部平定","0","2","2"
"受到皇帝的赏","0","2","2"
"到皇帝的赏赐","0","2","2"
"俘获马牛羊十","0","2","2"
"随即被授为征","0","2","2"
"即被授为征南","0","2","2"
"加封为荣禄大","0","2","2"
"封为荣禄大夫","0","2","2"
"不久应召返回","0","2","2"
"祖先世代务农","0","2","2"
"跟随朱元璋渡","0","2","2"
"随朱元璋渡江","0","2","2"
"又随朱元璋攻","0","2","2"
"徐达在龙潭将","0","2","2"
"达在龙潭将其","0","2","2"
"在龙潭将其击","0","2","2"
"龙潭将其击败","0","2","2"
"璋亲自率军进","0","2","2"
"亲自率军进攻","0","2","2"
"徐达率军迎击","0","2","2"
"听后大为高兴","0","2","2"
"六万前来援救","0","2","2"
"不必烦劳军队","0","2","2"
"于是与副将军","0","2","2"
"与诸将商议道","0","2","2"
"十八名骑兵逃","0","2","2"
"对此未予追究","0","2","2"
"分散敌人的兵","0","2","2"
"散敌人的兵力","0","2","2"
"随朱元璋进攻","0","2","2"
"朱元璋派使者","0","2","2"
"被授为副将军","0","2","2"
"将他们全部擒","0","2","2"
"苗帅杨完者率","0","2","2"
"张士诚派遣将","0","2","2"
"士诚派遣将领","0","2","2"
"李文忠派遣将","0","2","2"
"文忠派遣将领","0","2","2"
"万大军前来进","0","2","2"
"大军前来进攻","0","2","2"
"李文忠率朱亮","0","2","2"
"文忠率朱亮祖","0","2","2"
"忠率朱亮祖等","0","2","2"
"将李文忠召回","0","2","2"
"以左副将军的","0","2","2"
"李文忠率军进","0","2","2"
"杀牛犒劳士兵","0","2","2"
"授为管军总管","0","2","2"
"还未归附的州","0","2","2"
"不肯居于他人","0","2","2"
"肯居于他人之","0","2","2"
"居于他人之下","0","2","2"
"汤和率军返回","0","2","2"
"与副将军廖永","0","2","2"
"将军廖永忠一","0","2","2"
"军廖永忠一起","0","2","2"
"方国珍的堂侄","0","2","2"
"为征南右副将","0","2","2"
"在奉天殿赐宴","0","2","2"
"奉天殿赐宴招","0","2","2"
"天殿赐宴招待","0","2","2"
"说自己的功劳","0","2","2"
"从早晨到中午","0","2","2"
"意见未被采纳","0","2","2"
"朱元璋平定武","0","2","2"
"元璋平定武昌","0","2","2"
"派使臣前来征","0","2","2"
"渐渐骄傲起来","0","2","2"
"察到这种情况","0","2","2"
"不可以说是有","0","2","2"
"明玉珍派万胜","0","2","2"
"年之后也去世","0","2","2"
"粮食堆积如山","0","2","2"
"朱济火黄立为","0","2","2"
"济火黄立为晋","0","2","2"
"火黄立为晋王","0","2","2"
"将其废为庶人","0","2","2"
"朱新土典继嗣","0","2","2"
"年荧惑星进入","0","2","2"
"荧惑星进入太","0","2","2"
"惑星进入太微","0","2","2"
"宗下诏命宦官","0","2","2"
"下诏将其逮捕","0","2","2"
"此再也没有人","0","2","2"
"再也没有人敢","0","2","2"
"食禄的三分之","0","2","2"
"玺书嘉奖慰劳","0","2","2"
"第二年他兼任","0","2","2"
"部尚书兼詹事","0","2","2"
"都被关进监狱","0","2","2"
"因大臣的推荐","0","2","2"
"入文渊阁读书","0","2","2"
"皇上特给予祭","0","2","2"
"上特给予祭葬","0","2","2"
"四方来向他求","0","2","2"
"皇上嘉纳了他","0","2","2"
"上嘉纳了他的","0","2","2"
"被授予礼科给","0","2","2"
"授予礼科给事","0","2","2"
"予礼科给事中","0","2","2"
"为大理寺左少","0","2","2"
"平价收购粮食","0","2","2"
"发生严重瘟疫","0","2","2"
"免除当地赋税","0","2","2"
"被平息下去了","0","2","2"
"为刑部左侍郎","0","2","2"
"逃避兵役的人","0","2","2"
"上奏辽王朱贵","0","2","2"
"派使者去慰劳","0","2","2"
"多得讨论实行","0","2","2"
"当时皇上下诏","0","2","2"
"达不到这个数","0","2","2"
"皇上下诏逮捕","0","2","2"
"进都察院监狱","0","2","2"
"太子太保之衔","0","2","2"
"逆了皇上的心","0","2","2"
"了皇上的心意","0","2","2"
"与指挥打忠坚","0","2","2"
"指挥打忠坚守","0","2","2"
"任户部员外郎","0","2","2"
"理都察院事务","0","2","2"
"穰苴这样的人","0","2","2"
"的人可以让他","0","2","2"
"他转为左布政","0","2","2"
"右副都御史之","0","2","2"
"副都御史之衔","0","2","2"
"为南京刑部侍","0","2","2"
"廷臣纷纷推荐","0","2","2"
"臣纷纷推荐他","0","2","2"
"黎季嫠和他的","0","2","2"
"季嫠和他的儿","0","2","2"
"嫠和他的儿子","0","2","2"
"了他们的船只","0","2","2"
"当时百官的俸","0","2","2"
"皇上置之不问","0","2","2"
"他任为工部尚","0","2","2"
"任为工部尚书","0","2","2"
"他因擅长书法","0","2","2"
"因擅长书法被","0","2","2"
"经历大小二十","0","2","2"
"历大小二十余","0","2","2"
"累升为左军都","0","2","2"
"为左军都督佥","0","2","2"
"到金州白山岛","0","2","2"
"朝廷意见认为","0","2","2"
"累升为都督佥","0","2","2"
"改任监察御史","0","2","2"
"弹劾罢免了他","0","2","2"
"永乐二年中进","0","2","2"
"乐二年中进士","0","2","2"
"二万五千多石","0","2","2"
"皇上屡次下诏","0","2","2"
"进升为按察使","0","2","2"
"立即把他打死","0","2","2"
"掌南都察院事","0","2","2"
"报告了这一情","0","2","2"
"告了这一情况","0","2","2"
"有军卫的地方","0","2","2"
"当时瓦剌部的","0","2","2"
"时瓦剌部的也","0","2","2"
"瓦剌部的也先","0","2","2"
"他又出去按察","0","2","2"
"又出去按察山","0","2","2"
"不能马上得到","0","2","2"
"上书弹劾吏部","0","2","2"
"书弹劾吏部尚","0","2","2"
"右佥都御史之","0","2","2"
"从仪真到淮安","0","2","2"
"没有税额的田","0","2","2"
"有税额的田地","0","2","2"
"召回任刑部左","0","2","2"
"回任刑部左侍","0","2","2"
"进升为太仆寺","0","2","2"
"超升为浙江按","0","2","2"
"后被授予行人","0","2","2"
"皇上车驾北征","0","2","2"
"上车驾北征时","0","2","2"
"改任顺天府尹","0","2","2"
"赐给敕书奖励","0","2","2"
"不称职的御史","0","2","2"
"御史张鹏等人","0","2","2"
"上书提出四项","0","2","2"
"被封为西宁侯","0","2","2"
"他随从皇上北","0","2","2"
"都乐于为他所","0","2","2"
"乐于为他所用","0","2","2"
"点战到下午五","0","2","2"
"战到下午五六","0","2","2"
"到下午五六点","0","2","2"
"为右军都督府","0","2","2"
"右军都督府左","0","2","2"
"运粮食到宣府","0","2","2"
"派遣精锐部队","0","2","2"
"积功升到都指","0","2","2"
"他升为都督同","0","2","2"
"一万二千二百","0","2","2"
"夺回被掠去的","0","2","2"
"以燕山卫一名","0","2","2"
"燕山卫一名士","0","2","2"
"任礼镇守甘肃","0","2","2"
"士卒同甘共苦","0","2","2"
"当时边防将领","0","2","2"
"安抚他的部众","0","2","2"
"一千二百余人","0","2","2"
"从一名士卒升","0","2","2"
"一名士卒升到","0","2","2"
"随从北征有功","0","2","2"
"列举自己的功","0","2","2"
"御史纷纷上疏","0","2","2"
"升到都指挥同","0","2","2"
"到都指挥同知","0","2","2"
"武兴在彰义门","0","2","2"
"贵州苗人作乱","0","2","2"
"他随从皇上巡","0","2","2"
"随从皇上巡视","0","2","2"
"从皇上巡视北","0","2","2"
"皇上巡视北京","0","2","2"
"改为工部尚书","0","2","2"
"以国子监生被","0","2","2"
"罢免不称职的","0","2","2"
"朝廷命郑辰前","0","2","2"
"廷命郑辰前往","0","2","2"
"结果没有一人","0","2","2"
"百姓苦于徭役","0","2","2"
"与丰城侯李彬","0","2","2"
"升为江西右参","0","2","2"
"为江西右参议","0","2","2"
"为山东右参政","0","2","2"
"升为左布政使","0","2","2"
"后被授予刑部","0","2","2"
"回报都说可行","0","2","2"
"采用汶上老人","0","2","2"
"用汶上老人白","0","2","2"
"上老人白英的","0","2","2"
"一百一十六尺","0","2","2"
"二十一座闸门","0","2","2"
"修筑高邮湖堤","0","2","2"
"浙江以及苏州","0","2","2"
"从长沟到枣林","0","2","2"
"进文渊阁学习","0","2","2"
"被江水淹没的","0","2","2"
"江水淹没的田","0","2","2"
"水淹没的田地","0","2","2"
"人民更加怀念","0","2","2"
"在皇帝面前称","0","2","2"
"皇帝面前称赞","0","2","2"
"是讥讽陛下不","0","2","2"
"下诏命王守仁","0","2","2"
"出京巡按江西","0","2","2"
"当时王振专权","0","2","2"
"近来法律部门","0","2","2"
"奏事有规避的","0","2","2"
"事有规避的律","0","2","2"
"有规避的律条","0","2","2"
"因此而造成的","0","2","2"
"臣私下以为应","0","2","2"
"多次派遣使者","0","2","2"
"绝不与他往来","0","2","2"
"从此不再出来","0","2","2"
"此不再出来做","0","2","2"
"请如诏书中所","0","2","2"
"如诏书中所说","0","2","2"
"石亨和曹吉祥","0","2","2"
"他任兵部右侍","0","2","2"
"上奏请求命令","0","2","2"
"邸王代理国政","0","2","2"
"实行坚壁清野","0","2","2"
"救援国难的军","0","2","2"
"援国难的军队","0","2","2"
"派遣使者讲和","0","2","2"
"是重要的地方","0","2","2"
"没有多余的东","0","2","2"
"有多余的东西","0","2","2"
"恢复官爵并赐","0","2","2"
"复官爵并赐予","0","2","2"
"知道他的冤枉","0","2","2"
"有关官员每年","0","2","2"
"遇了一个时辰","0","2","2"
"了一个时辰纔","0","2","2"
"上下诏征求直","0","2","2"
"下诏征求直言","0","2","2"
"在朝廷上侮辱","0","2","2"
"一直把他送到","0","2","2"
"害怕他的威严","0","2","2"
"赠予他礼部侍","0","2","2"
"予他礼部侍郎","0","2","2"
"于是太祖下令","0","2","2"
"是天下百姓之","0","2","2"
"得到贤能之士","0","2","2"
"变得骄横放纵","0","2","2"
"终年五十一岁","0","2","2"
"不再重立皇后","0","2","2"
"号为孝慈昭宪","0","2","2"
"为孝慈昭宪至","0","2","2"
"孝慈昭宪至仁","0","2","2"
"慈昭宪至仁文","0","2","2"
"昭宪至仁文德","0","2","2"
"宪至仁文德承","0","2","2"
"至仁文德承天","0","2","2"
"为孝慈贞化哲","0","2","2"
"徽成天育圣至","0","2","2"
"成天育圣至德","0","2","2"
"天育圣至德高","0","2","2"
"育圣至德高皇","0","2","2"
"圣至德高皇后","0","2","2"
"氏被册封为燕","0","2","2"
"英宗为她上尊","0","2","2"
"宗为她上尊谥","0","2","2"
"为她上尊谥号","0","2","2"
"她上尊谥号为","0","2","2"
"授以锦衣卫指","0","2","2"
"以锦衣卫指挥","0","2","2"
"圣母在天之灵","0","2","2"
"将他的名字上","0","2","2"
"他的名字上报","0","2","2"
"为署理都指挥","0","2","2"
"书欧阳必进说","0","2","2"
"俞大猷追击到","0","2","2"
"任命俞大猷为","0","2","2"
"俞大猷为总兵","0","2","2"
"大猷为总兵官","0","2","2"
"朝廷推荐了俞","0","2","2"
"廷推荐了俞大","0","2","2"
"推荐了俞大猷","0","2","2"
"为福建总兵官","0","2","2"
"将他抓住献给","0","2","2"
"起用为南京右","0","2","2"
"戚继光回到浙","0","2","2"
"继光回到浙江","0","2","2"
"杀死倭寇二千","0","2","2"
"帝为此在郊庙","0","2","2"
"戚继光在城下","0","2","2"
"被提升为左都","0","2","2"
"给事中张鼎思","0","2","2"
"小规模的进剿","0","2","2"
"游击王瑞等人","0","2","2"
"斩杀敌贼一万","0","2","2"
"一万二千多人","0","2","2"
"城墙以备防守","0","2","2"
"义军要他投降","0","2","2"
"浙江山阴县知","0","2","2"
"江山阴县知县","0","2","2"
"赠太仆寺少卿","0","2","2"
"弱的士兵不过","0","2","2"
"的士兵不过二","0","2","2"
"升兵部右侍郎","0","2","2"
"进升都指挥佥","0","2","2"
"升都指挥佥事","0","2","2"
"所在官府逮捕","0","2","2"
"在官府逮捕法","0","2","2"
"官府逮捕法办","0","2","2"
"延龄阴谋不轨","0","2","2"
"尚书赵璜认为","0","2","2"
"上书报告皇帝","0","2","2"
"与社稷共存亡","0","2","2"
"崇祯十五年冬","0","2","2"
"任四川右参政","0","2","2"
"年考核地方官","0","2","2"
"考核地方官吏","0","2","2"
"四十四年中进","0","2","2"
"把他的书斋题","0","2","2"
"他的书斋题名","0","2","2"
"的书斋题名为","0","2","2"
"的名字报了上","0","2","2"
"名字报了上去","0","2","2"
"与董其昌齐名","0","2","2"
"全部查清了他","0","2","2"
"弹劾他的罪状","0","2","2"
"使东南地区的","0","2","2"
"那么所为就没","0","2","2"
"么所为就没有","0","2","2"
"所为就没有不","0","2","2"
"为就没有不是","0","2","2"
"没有比这更严","0","2","2"
"有比这更严重","0","2","2"
"他奉诏搜集已","0","2","2"
"奉诏搜集已往","0","2","2"
"诏搜集已往事","0","2","2"
"搜集已往事例","0","2","2"
"集已往事例作","0","2","2"
"已往事例作为","0","2","2"
"往事例作为惩","0","2","2"
"事例作为惩戒","0","2","2"
"例作为惩戒的","0","2","2"
"作为惩戒的借","0","2","2"
"为惩戒的借鉴","0","2","2"
"写于新宫殿壁","0","2","2"
"于新宫殿壁上","0","2","2"
"但刚接任便一","0","2","2"
"刚接任便一夕","0","2","2"
"接任便一夕病","0","2","2"
"任便一夕病卒","0","2","2"
"考核地方官员","0","2","2"
"认为有关部门","0","2","2"
"李选侍也请求","0","2","2"
"选侍也请求皇","0","2","2"
"侍也请求皇帝","0","2","2"
"也请求皇帝封","0","2","2"
"请求皇帝封郑","0","2","2"
"求皇帝封郑贵","0","2","2"
"皇帝封郑贵妃","0","2","2"
"帝封郑贵妃为","0","2","2"
"封郑贵妃为皇","0","2","2"
"郑贵妃为皇太","0","2","2"
"败坏了祖宗二","0","2","2"
"坏了祖宗二百","0","2","2"
"了祖宗二百多","0","2","2"
"二百多年的政","0","2","2"
"百多年的政治","0","2","2"
"多年的政治体","0","2","2"
"年的政治体制","0","2","2"
"讲解经史的机","0","2","2"
"解经史的机会","0","2","2"
"匪徒惊慌失措","0","2","2"
"各路大军进攻","0","2","2"
"放火焚烧茅屋","0","2","2"
"满朝大臣都知","0","2","2"
"朝大臣都知道","0","2","2"
"都知道他的冤","0","2","2"
"关部门讨论执","0","2","2"
"部门讨论执行","0","2","2"
"但最终还是没","0","2","2"
"灾祸就降临了","0","2","2"
"皇上对他的大","0","2","2"
"上对他的大恩","0","2","2"
"然而崇焕轻视","0","2","2"
"而崇焕轻视王","0","2","2"
"崇焕轻视王在","0","2","2"
"焕轻视王在晋","0","2","2"
"轻视王在晋没","0","2","2"
"视王在晋没有","0","2","2"
"王在晋没有长","0","2","2"
"在晋没有长远","0","2","2"
"晋没有长远的","0","2","2"
"没有长远的谋","0","2","2"
"有长远的谋略","0","2","2"
"不大遵守他的","0","2","2"
"大遵守他的军","0","2","2"
"遵守他的军令","0","2","2"
"里的大臣们敢","0","2","2"
"的大臣们敢欺","0","2","2"
"大臣们敢欺骗","0","2","2"
"臣们敢欺骗陛","0","2","2"
"们敢欺骗陛下","0","2","2"
"敢欺骗陛下的","0","2","2"
"一定不是那些","0","2","2"
"寻求关系踏上","0","2","2"
"求关系踏上仕","0","2","2"
"关系踏上仕途","0","2","2"
"是朝臣们的意","0","2","2"
"朝臣们的意见","0","2","2"
"熹宗下令给他","0","2","2"
"宗下令给他加","0","2","2"
"下令给他加官","0","2","2"
"令给他加官太","0","2","2"
"在深山老林中","0","2","2"
"可以全部歼灭","0","2","2"
"这次日食的时","0","2","2"
"次日食的时刻","0","2","2"
"高度全都相合","0","2","2"
"只是食甚分数","0","2","2"
"是食甚分数不","0","2","2"
"食甚分数不到","0","2","2"
"甚分数不到二","0","2","2"
"分数不到二分","0","2","2"
"苦役和流放以","0","2","2"
"役和流放以下","0","2","2"
"流放以下的罪","0","2","2"
"不时有所宽纵","0","2","2"
"但是观望东厂","0","2","2"
"是观望东厂的","0","2","2"
"观望东厂的脸","0","2","2"
"望东厂的脸色","0","2","2"
"凡是官员祭葬","0","2","2"
"有没有隆重减","0","2","2"
"没有隆重减损","0","2","2"
"有隆重减损的","0","2","2"
"隆重减损的等","0","2","2"
"重减损的等级","0","2","2"
"钦天监择吉祥","0","2","2"
"天监择吉祥的","0","2","2"
"监择吉祥的巳","0","2","2"
"择吉祥的巳日","0","2","2"
"吉祥的巳日上","0","2","2"
"祥的巳日上奏","0","2","2"
"先圣先师的礼","0","2","2"
"圣先师的礼仪","0","2","2"
"举行祭祀事务","0","2","2"
"至于陪祀的贤","0","2","2"
"于陪祀的贤人","0","2","2"
"不可不考察得","0","2","2"
"可不考察得失","0","2","2"
"事情于是停止","0","2","2"
"训练地方乡兵","0","2","2"
"他被加封为右","0","2","2"
"加封为右参政","0","2","2"
"父母的丧事而","0","2","2"
"母的丧事而离","0","2","2"
"的丧事而离职","0","2","2"
"右侍郎兼任右","0","2","2"
"不能制服敌人","0","2","2"
"张居正的意见","0","2","2"
"的方法适宜于","0","2","2"
"右都御史兼任","0","2","2"
"神宗下优诏挽","0","2","2"
"宗下优诏挽留","0","2","2"
"被加封为右副","0","2","2"
"加封为右副都","0","2","2"
"封为右都御史","0","2","2"
"最终没有收获","0","2","2"
"自己逃回的人","0","2","2"
"明白地告诉他","0","2","2"
"掠了西部少数","0","2","2"
"了西部少数民","0","2","2"
"接连上奏抨击","0","2","2"
"皇帝下诏荫庇","0","2","2"
"帝下诏荫庇他","0","2","2"
"下诏荫庇他的","0","2","2"
"诏荫庇他的一","0","2","2"
"荫庇他的一个","0","2","2"
"庇他的一个儿","0","2","2"
"的一个儿子任","0","2","2"
"儿子任锦衣千","0","2","2"
"子任锦衣千户","0","2","2"
"有司依礼问候","0","2","2"
"司依礼问候他","0","2","2"
"贾汝翼拒绝王","0","2","2"
"汝翼拒绝王杲","0","2","2"
"翼拒绝王杲的","0","2","2"
"拒绝王杲的赠","0","2","2"
"绝王杲的赠物","0","2","2"
"责罚他违抗圣","0","2","2"
"罚他违抗圣意","0","2","2"
"实为伸张国威","0","2","2"
"倘若因此罢免","0","2","2"
"若因此罢免他","0","2","2"
"是我方进退边","0","2","2"
"我方进退边将","0","2","2"
"方进退边将之","0","2","2"
"进退边将之权","0","2","2"
"退边将之权由","0","2","2"
"边将之权由敌","0","2","2"
"将之权由敌方","0","2","2"
"之权由敌方掌","0","2","2"
"权由敌方掌握","0","2","2"
"我认为应该告","0","2","2"
"认为应该告谕","0","2","2"
"为应该告谕王","0","2","2"
"应该告谕王杲","0","2","2"
"该告谕王杲送","0","2","2"
"告谕王杲送还","0","2","2"
"谕王杲送还俘","0","2","2"
"王杲送还俘虏","0","2","2"
"杲送还俘虏和","0","2","2"
"送还俘虏和掠","0","2","2"
"还俘虏和掠夺","0","2","2"
"俘虏和掠夺的","0","2","2"
"虏和掠夺的财","0","2","2"
"和掠夺的财物","0","2","2"
"否则就调兵剿","0","2","2"
"则就调兵剿灭","0","2","2"
"就调兵剿灭他","0","2","2"
"不要姑息养奸","0","2","2"
"加封右都御史","0","2","2"
"第二年正月他","0","2","2"
"调任南京鸿胪","0","2","2"
"任南京鸿胪卿","0","2","2"
"负责兵部事务","0","2","2"
"调任刑部主事","0","2","2"
"黄河在沛县飞","0","2","2"
"河在沛县飞云","0","2","2"
"在沛县飞云桥","0","2","2"
"沛县飞云桥决","0","2","2"
"县飞云桥决堤","0","2","2"
"工部尚书兼右","0","2","2"
"盛应期所开凿","0","2","2"
"给事中郑钦弹","0","2","2"
"事中郑钦弹劾","0","2","2"
"中郑钦弹劾朱","0","2","2"
"郑钦弹劾朱衡","0","2","2"
"给事中何起鸣","0","2","2"
"在马家桥决堤","0","2","2"
"议论的人纷纷","0","2","2"
"给事中王元春","0","2","2"
"并且请求增添","0","2","2"
"张居正所喜欢","0","2","2"
"筑堤堵塞决口","0","2","2"
"水弱黄河水强","0","2","2"
"因为张居正的","0","2","2"
"治张居正的罪","0","2","2"
"于是启用潘季","0","2","2"
"是启用潘季驯","0","2","2"
"启用潘季驯任","0","2","2"
"用潘季驯任右","0","2","2"
"全权督察河道","0","2","2"
"有的人主张开","0","2","2"
"运送十二万石","0","2","2"
"京官考核中被","0","2","2"
"被赠封为刑部","0","2","2"
"赠封为刑部尚","0","2","2"
"上游十五条河","0","2","2"
"东南地区的漕","0","2","2"
"南地区的漕运","0","2","2"
"可以长驱直入","0","2","2"
"给事中王敬民","0","2","2"
"三万九千多亩","0","2","2"
"内阁大臣申时","0","2","2"
"阁大臣申时行","0","2","2"
"大臣申时行等","0","2","2"
"臣申时行等人","0","2","2"
"祖宗的法度是","0","2","2"
"宗的法度是这","0","2","2"
"的法度是这样","0","2","2"
"法度是这样吗","0","2","2"
"因为提意见被","0","2","2"
"追问他的党羽","0","2","2"
"留在禁中不下","0","2","2"
"在禁中不下发","0","2","2"
"诏恢复他的官","0","2","2"
"进士时的主考","0","2","2"
"士时的主考官","0","2","2"
"朱鸿谟上疏救","0","2","2"
"鸿谟上疏救援","0","2","2"
"年全面考核京","0","2","2"
"提为太常少卿","0","2","2"
"张居正父亲死","0","2","2"
"三王同时分封","0","2","2"
"王同时分封的","0","2","2"
"牵涉到王锡爵","0","2","2"
"陛下之所以留","0","2","2"
"下之所以留下","0","2","2"
"之所以留下张","0","2","2"
"所以留下张居","0","2","2"
"以留下张居正","0","2","2"
"说是为国家的","0","2","2"
"是为国家的缘","0","2","2"
"而国家所重视","0","2","2"
"国家所重视的","0","2","2"
"家所重视的莫","0","2","2"
"所重视的莫过","0","2","2"
"重视的莫过于","0","2","2"
"视的莫过于纲","0","2","2"
"的莫过于纲常","0","2","2"
"陛下果真眷念","0","2","2"
"下果真眷念张","0","2","2"
"果真眷念张居","0","2","2"
"真眷念张居正","0","2","2"
"当用道德来爱","0","2","2"
"用道德来爱护","0","2","2"
"道德来爱护他","0","2","2"
"让他能奔丧尽","0","2","2"
"他能奔丧尽孝","0","2","2"
"使他保全大节","0","2","2"
"那么就纲常树","0","2","2"
"么就纲常树立","0","2","2"
"就纲常树立而","0","2","2"
"纲常树立而朝","0","2","2"
"常树立而朝廷","0","2","2"
"树立而朝廷端","0","2","2"
"立而朝廷端正","0","2","2"
"朝廷端正则百","0","2","2"
"廷端正则百官","0","2","2"
"万民莫不端正","0","2","2"
"灾变也没有不","0","2","2"
"变也没有不可","0","2","2"
"也没有不可消","0","2","2"
"没有不可消除","0","2","2"
"有不可消除的","0","2","2"
"起用为户部员","0","2","2"
"用为户部员外","0","2","2"
"于是将他逮捕","0","2","2"
"坚持认为不可","0","2","2"
"持认为不可以","0","2","2"
"执掌朝政的人","0","2","2"
"沈思孝于是请","0","2","2"
"思孝于是请求","0","2","2"
"孝于是请求离","0","2","2"
"命令他立功赎","0","2","2"
"给事中黄运泰","0","2","2"
"赠为太子少保","0","2","2"
"久改任兵部职","0","2","2"
"升为河南右布","0","2","2"
"为河南右布政","0","2","2"
"年他升任右佥","0","2","2"
"从淮安到胶州","0","2","2"
"从天津到海仓","0","2","2"
"调任右副都御","0","2","2"
"锦衣世袭千户","0","2","2"
"三位皇子一同","0","2","2"
"位皇子一同封","0","2","2"
"一同封王的命","0","2","2"
"同封王的命令","0","2","2"
"封王的命令下","0","2","2"
"才起用为南京","0","2","2"
"无善无恶心之","0","2","2"
"善无恶心之体","0","2","2"
"为攻击东林党","0","2","2"
"魏忠贤的邪恶","0","2","2"
"将他们一网打","0","2","2"
"参加万历十一","0","2","2"
"加万历十一年","0","2","2"
"十四年才赴殿","0","2","2"
"四年才赴殿试","0","2","2"
"应当羞愧而死","0","2","2"
"从而得罪了清","0","2","2"
"而得罪了清议","0","2","2"
"贬为江西副使","0","2","2"
"给事中王如坚","0","2","2"
"事中王如坚的","0","2","2"
"中王如坚的奏","0","2","2"
"王如坚的奏疏","0","2","2"
"如坚的奏疏先","0","2","2"
"坚的奏疏先呈","0","2","2"
"的奏疏先呈上","0","2","2"
"让他们到边境","0","2","2"
"他们到边境去","0","2","2"
"们到边境去戍","0","2","2"
"到边境去戍守","0","2","2"
"就弹劾陆光祖","0","2","2"
"考察地方官吏","0","2","2"
"任过礼部侍郎","0","2","2"
"任南京文选郎","0","2","2"
"皇帝全部听从","0","2","2"
"他担任吏部尚","0","2","2"
"士赵志皋的弟","0","2","2"
"赵志皋的弟弟","0","2","2"
"给事中刘道隆","0","2","2"
"守丧未满期而","0","2","2"
"是王锡爵的门","0","2","2"
"王锡爵的门生","0","2","2"
"是我的大罪过","0","2","2"
"他由左侍郎升","0","2","2"
"由左侍郎升任","0","2","2"
"左侍郎升任南","0","2","2"
"侍郎升任南京","0","2","2"
"郎升任南京右","0","2","2"
"对京官的考核","0","2","2"
"住宿在办公地","0","2","2"
"是他们两个人","0","2","2"
"他们两个人都","0","2","2"
"是由朝廷推举","0","2","2"
"给事中卢明诹","0","2","2"
"请求皇帝起用","0","2","2"
"张居正已经死","0","2","2"
"考核京城之外","0","2","2"
"核京城之外的","0","2","2"
"大学士陈于陛","0","2","2"
"排斥东林党人","0","2","2"
"先要除去富平","0","2","2"
"称他们为五鬼","0","2","2"
"前任给事中钟","0","2","2"
"又以年例的名","0","2","2"
"以年例的名义","0","2","2"
"年例的名义将","0","2","2"
"不是内阁大臣","0","2","2"
"受业于永丰吕","0","2","2"
"业于永丰吕怀","0","2","2"
"实行一条鞭法","0","2","2"
"请求开通桑干","0","2","2"
"求开通桑干河","0","2","2"
"宋仪望坚决不","0","2","2"
"仪望坚决不允","0","2","2"
"望坚决不允许","0","2","2"
"同意他的请求","0","2","2"
"张居正主持朝","0","2","2"
"居正主持朝政","0","2","2"
"仁的私淑弟子","0","2","2"
"赶上考核京官","0","2","2"
"入京师为左佥","0","2","2"
"京师为左佥都","0","2","2"
"师为左佥都御","0","2","2"
"提为刑部右侍","0","2","2"
"又定什么罪呢","0","2","2"
"嘉靖末年中进","0","2","2"
"靖末年中进士","0","2","2"
"多次迁官后任","0","2","2"
"升任工部右侍","0","2","2"
"建议于是被搁","0","2","2"
"议于是被搁置","0","2","2"
"万历三年升为","0","2","2"
"提拔为兵部右","0","2","2"
"拔为兵部右侍","0","2","2"
"赠为右都御史","0","2","2"
"为南京刑部右","0","2","2"
"二十五年春天","0","2","2"
"调任南京大理","0","2","2"
"辅成从祀启圣","0","2","2"
"为南京工部右","0","2","2"
"请求分封他的","0","2","2"
"求分封他的庶","0","2","2"
"太和山提督中","0","2","2"
"和山提督中官","0","2","2"
"上疏弹劾申时","0","2","2"
"疏弹劾申时行","0","2","2"
"臣讨论战守问","0","2","2"
"讨论战守问题","0","2","2"
"陛下的意思是","0","2","2"
"改任南京吏部","0","2","2"
"责备御史官欺","0","2","2"
"备御史官欺骗","0","2","2"
"二十年后死去","0","2","2"
"一心修炼本性","0","2","2"
"有势力的豪强","0","2","2"
"给事中钟宇淳","0","2","2"
"然而死于鞭笞","0","2","2"
"而死于鞭笞之","0","2","2"
"死于鞭笞之下","0","2","2"
"于鞭笞之下的","0","2","2"
"鞭笞之下的事","0","2","2"
"郭正域执笔批","0","2","2"
"正域执笔批驳","0","2","2"
"黄光升应当授","0","2","2"
"光升应当授谥","0","2","2"
"升应当授谥号","0","2","2"
"的儿子冒充华","0","2","2"
"曾经上奏揭发","0","2","2"
"郭正域上奏辩","0","2","2"
"正域上奏辩解","0","2","2"
"治郭正域的罪","0","2","2"
"命令巡按御史","0","2","2"
"楚王所揭发的","0","2","2"
"王所揭发的事","0","2","2"
"帝王治国之道","0","2","2"
"使万物各得其","0","2","2"
"万物各得其所","0","2","2"
"武功平定祸乱","0","2","2"
"这时已年过七","0","2","2"
"时已年过七十","0","2","2"
"亲自为学生讲","0","2","2"
"苏州发生饥荒","0","2","2"
"呈请辞官归家","0","2","2"
"给事中张九功","0","2","2"
"四方前来求学","0","2","2"
"方前来求学的","0","2","2"
"前来求学的人","0","2","2"
"年五十一岁而","0","2","2"
"亲去世归家守","0","2","2"
"从此居家教授","0","2","2"
"此居家教授学","0","2","2"
"居家教授学生","0","2","2"
"为江西提学副","0","2","2"
"请求辞职归家","0","2","2"
"其中以陈琛最","0","2","2"
"中以陈琛最称","0","2","2"
"以陈琛最称著","0","2","2"
"调任南京太常","0","2","2"
"内心反省体验","0","2","2"
"父母相继去世","0","2","2"
"宏伟独到的学","0","2","2"
"伟独到的学术","0","2","2"
"学者称他为月","0","2","2"
"当地官府每月","0","2","2"
"地官府每月给","0","2","2"
"爱管闲事的人","0","2","2"
"多次向朝廷举","0","2","2"
"次向朝廷举荐","0","2","2"
"后调任尚宝司","0","2","2"
"出任江西提学","0","2","2"
"南京户科给事","0","2","2"
"京户科给事中","0","2","2"
"谏而遭贬谪的","0","2","2"
"奏疏被扣留未","0","2","2"
"疏被扣留未进","0","2","2"
"被扣留未进呈","0","2","2"
"扣留未进呈皇","0","2","2"
"留未进呈皇帝","0","2","2"
"升南京礼部右","0","2","2"
"劝阻皇帝南巡","0","2","2"
"采纳他们的意","0","2","2"
"纳他们的意见","0","2","2"
"会同礼官详细","0","2","2"
"生父兴献王为","0","2","2"
"父兴献王为皇","0","2","2"
"献王为皇考恭","0","2","2"
"大功大德的人","0","2","2"
"世宗看后不高","0","2","2"
"宗看后不高兴","0","2","2"
"后赠礼部尚书","0","2","2"
"刘瑾窃取朝政","0","2","2"
"追问谁讲此话","0","2","2"
"贬为开州同知","0","2","2"
"何瑭独默不语","0","2","2"
"任南京户部主","0","2","2"
"以六经为范本","0","2","2"
"不久告假回家","0","2","2"
"上书弹劾自己","0","2","2"
"拜陈献章为师","0","2","2"
"都是做学问的","0","2","2"
"从陈献章学习","0","2","2"
"不乐于求功名","0","2","2"
"后奉母亲之命","0","2","2"
"他在墓边守孝","0","2","2"
"王守仁的弟子","0","2","2"
"若水认为守仁","0","2","2"
"水认为守仁的","0","2","2"
"认为守仁的格","0","2","2"
"为守仁的格物","0","2","2"
"守仁的格物之","0","2","2"
"仁的格物之说","0","2","2"
"的格物之说有","0","2","2"
"格物之说有四","0","2","2"
"物之说有四点","0","2","2"
"之说有四点不","0","2","2"
"说有四点不可","0","2","2"
"有四点不可信","0","2","2"
"明所谓的心与","0","2","2"
"所谓的心与我","0","2","2"
"谓的心与我所","0","2","2"
"的心与我所说","0","2","2"
"心与我所说的","0","2","2"
"与我所说的心","0","2","2"
"我所说的心不","0","2","2"
"所说的心不同","0","2","2"
"与学者在这里","0","2","2"
"学者在这里讲","0","2","2"
"者在这里讲学","0","2","2"
"聚集生徒讲学","0","2","2"
"罗洪先等每日","0","2","2"
"洪先等每日讲","0","2","2"
"先等每日讲学","0","2","2"
"达二十年之久","0","2","2"
"尚书孙丕扬认","0","2","2"
"书孙丕扬认为","0","2","2"
"即升为南京鸿","0","2","2"
"升为南京鸿胪","0","2","2"
"为南京鸿胪卿","0","2","2"
"又进为太常寺","0","2","2"
"进为太常寺卿","0","2","2"
"随即改为吏部","0","2","2"
"提升为陕西提","0","2","2"
"因直言亟谏而","0","2","2"
"直言亟谏而被","0","2","2"
"十一年乡试中","0","2","2"
"一年乡试中举","0","2","2"
"官府每月给米","0","2","2"
"府每月给米三","0","2","2"
"三十四年乡试","0","2","2"
"十四年乡试中","0","2","2"
"有声望的学者","0","2","2"
"太祖即吴王位","0","2","2"
"为中书省官员","0","2","2"
"然后上报朝廷","0","2","2"
"授万安县知县","0","2","2"
"维桢因此自号","0","2","2"
"桢因此自号铁","0","2","2"
"因此自号铁崖","0","2","2"
"在中书省任职","0","2","2"
"朝廷的奏章中","0","2","2"
"求画的人日月","0","2","2"
"画的人日月不","0","2","2"
"的人日月不断","0","2","2"
"丞相李善长为","0","2","2"
"张士诚请他去","0","2","2"
"历任礼部主事","0","2","2"
"参与军事策划","0","2","2"
"巡抚许鼎臣奏","0","2","2"
"抚许鼎臣奏报","0","2","2"
"许鼎臣奏报道","0","2","2"
"鼎臣奏报道浚","0","2","2"
"臣奏报道浚一","0","2","2"
"奏报道浚一等","0","2","2"
"报道浚一等功","0","2","2"
"朝廷令他去戍","0","2","2"
"廷令他去戍守","0","2","2"
"令他去戍守海","0","2","2"
"他去戍守海宁","0","2","2"
"去戍守海宁卫","0","2","2"
"他赶到右屯去","0","2","2"
"赶到右屯去拜","0","2","2"
"到右屯去拜见","0","2","2"
"右屯去拜见熊","0","2","2"
"屯去拜见熊廷","0","2","2"
"去拜见熊廷弼","0","2","2"
"广宁城中虽乱","0","2","2"
"好在敌人还不","0","2","2"
"在敌人还不知","0","2","2"
"敌人还不知道","0","2","2"
"应尽快提兵入","0","2","2"
"尽快提兵入城","0","2","2"
"斩一二逃跑者","0","2","2"
"后代为锦衣卫","0","2","2"
"代为锦衣卫百","0","2","2"
"兵部尚书王在","0","2","2"
"部尚书王在晋","0","2","2"
"督师宦官高起","0","2","2"
"师宦官高起潜","0","2","2"
"赠光禄寺少卿","0","2","2"
"不等朝廷批准","0","2","2"
"不久进升侍读","0","2","2"
"最好都不任用","0","2","2"
"随后调为吏部","0","2","2"
"后调为吏部考","0","2","2"
"调为吏部考功","0","2","2"
"为吏部考功员","0","2","2"
"吏部考功员外","0","2","2"
"部考功员外郎","0","2","2"
"历任南京户部","0","2","2"
"士民立祠纪念","0","2","2"
"民立祠纪念他","0","2","2"
"朝廷内外多次","0","2","2"
"改任礼部主事","0","2","2"
"又与万达建议","0","2","2"
"与万达建议善","0","2","2"
"万达建议善后","0","2","2"
"达建议善后七","0","2","2"
"建议善后七事","0","2","2"
"贬为广平通判","0","2","2"
"为人放纵不羁","0","2","2"
"不行宾主之礼","0","2","2"
"他说诗家中之","0","2","2"
"说诗家中之王","0","2","2"
"诗家中之王世","0","2","2"
"家中之王世贞","0","2","2"
"如同集大成之","0","2","2"
"同集大成之孔","0","2","2"
"集大成之孔子","0","2","2"
"九岁就能写文","0","2","2"
"岁就能写文章","0","2","2"
"掌管内阁制敕","0","2","2"
"管内阁制敕房","0","2","2"
"此地离贼稍远","0","2","2"
"随行者打算逃","0","2","2"
"行者打算逃往","0","2","2"
"者打算逃往长","0","2","2"
"打算逃往长宁","0","2","2"
"万历年间乡试","0","2","2"
"历年间乡试中","0","2","2"
"后解职归家乡","0","2","2"
"解职归家乡合","0","2","2"
"职归家乡合州","0","2","2"
"百姓十分之九","0","2","2"
"任福建布政使","0","2","2"
"为南京太仆寺","0","2","2"
"南京太仆寺卿","0","2","2"
"万历十七年中","0","2","2"
"历十七年中进","0","2","2"
"十七年中进士","0","2","2"
"宗宪擒获海寇","0","2","2"
"宪擒获海寇徐","0","2","2"
"擒获海寇徐海","0","2","2"
"获海寇徐海和","0","2","2"
"海寇徐海和王","0","2","2"
"寇徐海和王直","0","2","2"
"都是渭参与谋","0","2","2"
"是渭参与谋划","0","2","2"
"渭参与谋划的","0","2","2"
"是归有光的门","0","2","2"
"皇长子的生母","0","2","2"
"长子的生母王","0","2","2"
"子的生母王恭","0","2","2"
"的生母王恭妃","0","2","2"
"生母王恭妃几","0","2","2"
"母王恭妃几乎","0","2","2"
"王恭妃几乎死","0","2","2"
"恭妃几乎死去","0","2","2"
"事中王德完说","0","2","2"
"其昌开始习宋","0","2","2"
"昌开始习宋米","0","2","2"
"开始习宋米芾","0","2","2"
"始习宋米芾体","0","2","2"
"又称南董北米","0","2","2"
"然其他三人远","0","2","2"
"其他三人远不","0","2","2"
"他三人远不及","0","2","2"
"三人远不及董","0","2","2"
"人远不及董其","0","2","2"
"远不及董其昌","0","2","2"
"升为兵部职方","0","2","2"
"溥与复社的事","0","2","2"
"灿以刚劲飘逸","0","2","2"
"以刚劲飘逸胜","0","2","2"
"其文章没有浮","0","2","2"
"文章没有浮靡","0","2","2"
"章没有浮靡之","0","2","2"
"没有浮靡之词","0","2","2"
"又晋升为员外","0","2","2"
"任太常卿兼侍","0","2","2"
"太常卿兼侍读","0","2","2"
"常卿兼侍读学","0","2","2"
"晋升为南京吏","0","2","2"
"次侮辱朝廷大","0","2","2"
"侮辱朝廷大臣","0","2","2"
"进士的主考官","0","2","2"
"提升为刑科都","0","2","2"
"升为刑科都给","0","2","2"
"为刑科都给事","0","2","2"
"他为浙江右参","0","2","2"
"为浙江右参政","0","2","2"
"魏忠贤势力嚣","0","2","2"
"忠贤势力嚣张","0","2","2"
"担任文选员外","0","2","2"
"任文选员外郎","0","2","2"
"考核在京官员","0","2","2"
"朝廷内外上疏","0","2","2"
"到任后又提升","0","2","2"
"任后又提升为","0","2","2"
"后又提升为工","0","2","2"
"又提升为工部","0","2","2"
"提升为工部右","0","2","2"
"授官左都御史","0","2","2"
"巡抚地方的人","0","2","2"
"朝廷内外的臣","0","2","2"
"陈九畴再次上","0","2","2"
"九畴再次上疏","0","2","2"
"畴再次上疏极","0","2","2"
"次上疏极力诋","0","2","2"
"二疏一起交给","0","2","2"
"一起交给部里","0","2","2"
"起交给部里讨","0","2","2"
"交给部里讨论","0","2","2"
"等人相互勾结","0","2","2"
"假传圣旨痛切","0","2","2"
"背魏忠贤的意","0","2","2"
"汪文言的供词","0","2","2"
"是魏忠贤的死","0","2","2"
"魏忠贤的死党","0","2","2"
"臣先前进献无","0","2","2"
"先前进献无欲","0","2","2"
"前进献无欲望","0","2","2"
"进献无欲望的","0","2","2"
"献无欲望的教","0","2","2"
"无欲望的教诲","0","2","2"
"陛下尝试自我","0","2","2"
"下尝试自我检","0","2","2"
"尝试自我检查","0","2","2"
"是真没有欲望","0","2","2"
"真没有欲望呢","0","2","2"
"还是节制了欲","0","2","2"
"是节制了欲望","0","2","2"
"接连上疏催促","0","2","2"
"被遗失的人才","0","2","2"
"这一定是有人","0","2","2"
"跟自己意见不","0","2","2"
"自己意见不一","0","2","2"
"己意见不一致","0","2","2"
"北京和南京的","0","2","2"
"当时刑部尚书","0","2","2"
"创建首善书院","0","2","2"
"是假传圣旨剥","0","2","2"
"传圣旨剥夺他","0","2","2"
"圣旨剥夺他的","0","2","2"
"旨剥夺他的官","0","2","2"
"到城外等候命","0","2","2"
"城外等候命令","0","2","2"
"垂帘听政的事","0","2","2"
"此后曲意庇护","0","2","2"
"后曲意庇护李","0","2","2"
"曲意庇护李可","0","2","2"
"意庇护李可灼","0","2","2"
"罪在不声讨盗","0","2","2"
"在不声讨盗贼","0","2","2"
"的请求是在初","0","2","2"
"是崔文升的药","0","2","2"
"而有的人却说","0","2","2"
"到魏忠贤那里","0","2","2"
"下了道严厉的","0","2","2"
"了道严厉的圣","0","2","2"
"崔呈秀还不解","0","2","2"
"呈秀还不解恨","0","2","2"
"龙为太子少保","0","2","2"
"皇帝身体欠佳","0","2","2"
"内阁大臣极力","0","2","2"
"年提拔为左佥","0","2","2"
"提拔为左佥都","0","2","2"
"拔为左佥都御","0","2","2"
"召集志同道合","0","2","2"
"集志同道合的","0","2","2"
"同道合的人在","0","2","2"
"天启四年春天","0","2","2"
"给事中明时举","0","2","2"
"的粮食运到城","0","2","2"
"粮食运到城中","0","2","2"
"用火器打退了","0","2","2"
"敌人失败离开","0","2","2"
"人失败离开了","0","2","2"
"再次攻陷遵义","0","2","2"
"杀死推官冯凤","0","2","2"
"死推官冯凤雏","0","2","2"
"奢崇明父子逃","0","2","2"
"崇明父子逃进","0","2","2"
"在同一个地方","0","2","2"
"封锦衣指挥使","0","2","2"
"他们分别把守","0","2","2"
"筑城派兵把守","0","2","2"
"足以制止叛乱","0","2","2"
"随便滥杀无辜","0","2","2"
"周起元也上疏","0","2","2"
"极力驳斥他的","0","2","2"
"力驳斥他的荒","0","2","2"
"驳斥他的荒谬","0","2","2"
"州发生大饥荒","0","2","2"
"请求宽大处理","0","2","2"
"许显纯严刑拷","0","2","2"
"显纯严刑拷问","0","2","2"
"追加谥号为忠","0","2","2"
"得罪了魏忠贤","0","2","2"
"魏大中被逮捕","0","2","2"
"魏忠贤的义子","0","2","2"
"叛乱已经平定","0","2","2"
"周顺昌一定大","0","2","2"
"顺昌一定大骂","0","2","2"
"昌一定大骂魏","0","2","2"
"一定大骂魏忠","0","2","2"
"定大骂魏忠贤","0","2","2"
"这时是天启六","0","2","2"
"时是天启六年","0","2","2"
"这时辽阳战事","0","2","2"
"时辽阳战事危","0","2","2"
"辽阳战事危急","0","2","2"
"没有办法预料","0","2","2"
"举荐熊廷弼的","0","2","2"
"荐熊廷弼的人","0","2","2"
"所以时间不长","0","2","2"
"以时间不长就","0","2","2"
"上疏请求召回","0","2","2"
"陈述边防事务","0","2","2"
"枢辅孙承宗的","0","2","2"
"这时皇帝即位","0","2","2"
"一定不肯收回","0","2","2"
"定不肯收回他","0","2","2"
"魏忠贤得到奏","0","2","2"
"忠贤得到奏疏","0","2","2"
"黄尊素上奏说","0","2","2"
"封一个儿子做","0","2","2"
"历二十五年考","0","2","2"
"二十五年考中","0","2","2"
"十五年考中乡","0","2","2"
"五年考中乡试","0","2","2"
"年考中乡试第","0","2","2"
"满足他的要求","0","2","2"
"官职在家闲居","0","2","2"
"侍郎的身份管","0","2","2"
"郎的身份管理","0","2","2"
"提拔他为礼部","0","2","2"
"拔他为礼部尚","0","2","2"
"为兵科右给事","0","2","2"
"太子的伴读王","0","2","2"
"子的伴读王安","0","2","2"
"皇后怎么办呢","0","2","2"
"皇帝托付给她","0","2","2"
"憎恨左光斗奏","0","2","2"
"恨左光斗奏疏","0","2","2"
"左光斗奏疏中","0","2","2"
"光斗奏疏中有","0","2","2"
"斗奏疏中有武","0","2","2"
"奏疏中有武氏","0","2","2"
"疏中有武氏的","0","2","2"
"中有武氏的话","0","2","2"
"议论召见皇长","0","2","2"
"论召见皇长子","0","2","2"
"严厉谴责左光","0","2","2"
"厉谴责左光斗","0","2","2"
"况且皇帝已经","0","2","2"
"提升兵科都给","0","2","2"
"升兵科都给事","0","2","2"
"史冯三元等人","0","2","2"
"冯三元等人极","0","2","2"
"三元等人极力","0","2","2"
"元等人极力诋","0","2","2"
"等人极力诋毁","0","2","2"
"人极力诋毁熊","0","2","2"
"极力诋毁熊廷","0","2","2"
"力诋毁熊廷弼","0","2","2"
"的议论也就停","0","2","2"
"议论也就停息","0","2","2"
"论也就停息了","0","2","2"
"为礼科都给事","0","2","2"
"魏忠贤及其党","0","2","2"
"这是使陛下不","0","2","2"
"是使陛下不能","0","2","2"
"使陛下不能保","0","2","2"
"陛下不能保护","0","2","2"
"下不能保护自","0","2","2"
"不能保护自己","0","2","2"
"只知道有魏忠","0","2","2"
"知道有魏忠贤","0","2","2"
"生杀予夺的权","0","2","2"
"杀予夺的权力","0","2","2"
"召集文武大臣","0","2","2"
"再上疏弹劾他","0","2","2"
"左光斗一起削","0","2","2"
"光斗一起削籍","0","2","2"
"斗一起削籍为","0","2","2"
"一起削籍为平","0","2","2"
"起削籍为平民","0","2","2"
"又制造汪文言","0","2","2"
"制造汪文言案","0","2","2"
"下诏打入监牢","0","2","2"
"财产充入官府","0","2","2"
"左光斗和杨涟","0","2","2"
"给事中阮大铖","0","2","2"
"魏忠贤刺探知","0","2","2"
"忠贤刺探知道","0","2","2"
"贤刺探知道了","0","2","2"
"录用他的一个","0","2","2"
"提升为礼科左","0","2","2"
"升为礼科左给","0","2","2"
"为礼科左给事","0","2","2"
"礼科左给事中","0","2","2"
"粉身碎骨的危","0","2","2"
"身碎骨的危险","0","2","2"
"在上面被孤立","0","2","2"
"上面被孤立了","0","2","2"
"周朝瑞请求皇","0","2","2"
"朝瑞请求皇帝","0","2","2"
"耽误国家大事","0","2","2"
"入汪文言案中","0","2","2"
"接受熊廷弼贿","0","2","2"
"受熊廷弼贿赂","0","2","2"
"熊廷弼贿赂一","0","2","2"
"廷弼贿赂一万","0","2","2"
"一个不知道姓","0","2","2"
"个不知道姓名","0","2","2"
"不知道姓名的","0","2","2"
"而给事中何士","0","2","2"
"事中何士晋跟","0","2","2"
"中何士晋跟方","0","2","2"
"何士晋跟方从","0","2","2"
"士晋跟方从哲","0","2","2"
"晋跟方从哲等","0","2","2"
"跟方从哲等人","0","2","2"
"方从哲等人也","0","2","2"
"从哲等人也都","0","2","2"
"哲等人也都赞","0","2","2"
"等人也都赞成","0","2","2"
"人也都赞成这","0","2","2"
"也都赞成这样","0","2","2"
"都赞成这样做","0","2","2"
"事情牵连到郑","0","2","2"
"情牵连到郑贵","0","2","2"
"牵连到郑贵妃","0","2","2"
"刘成处以肢解","0","2","2"
"成处以肢解分","0","2","2"
"处以肢解分尸","0","2","2"
"以肢解分尸的","0","2","2"
"肢解分尸的刑","0","2","2"
"解分尸的刑法","0","2","2"
"其他人没有涉","0","2","2"
"他人没有涉及","0","2","2"
"这是先皇帝大","0","2","2"
"是先皇帝大仇","0","2","2"
"先皇帝大仇未","0","2","2"
"皇帝大仇未报","0","2","2"
"帝大仇未报的","0","2","2"
"大仇未报的第","0","2","2"
"天启四年秋天","0","2","2"
"把他列入汪文","0","2","2"
"他列入汪文言","0","2","2"
"汉人和当地土","0","2","2"
"人和当地土著","0","2","2"
"大小十多次战","0","2","2"
"小十多次战斗","0","2","2"
"世世代代做副","0","2","2"
"世代代做副千","0","2","2"
"代代做副千户","0","2","2"
"不同于一般人","0","2","2"
"为四川总兵官","0","2","2"
"这时军队分为","0","2","2"
"时军队分为八","0","2","2"
"请求增派部队","0","2","2"
"被李化龙的父","0","2","2"
"代荫封指挥使","0","2","2"
"杜松全军覆没","0","2","2"
"事务一天比一","0","2","2"
"务一天比一天","0","2","2"
"不久代理都督","0","2","2"
"久代理都督佥","0","2","2"
"入朝廷担任五","0","2","2"
"朝廷担任五军","0","2","2"
"廷担任五军营","0","2","2"
"担任五军营副","0","2","2"
"任五军营副将","0","2","2"
"只要空手站在","0","2","2"
"因为平定播州","0","2","2"
"为平定播州有","0","2","2"
"平定播州有功","0","2","2"
"敌人死伤无数","0","2","2"
"历三十二年考","0","2","2"
"三十二年考中","0","2","2"
"孙承宗回答说","0","2","2"
"天启元年提升","0","2","2"
"孙承宗于是请","0","2","2"
"承宗于是请求","0","2","2"
"与总督王象乾","0","2","2"
"给首辅叶向高","0","2","2"
"而任用阎鸣泰","0","2","2"
"任用阎鸣泰为","0","2","2"
"用阎鸣泰为辽","0","2","2"
"阎鸣泰为辽东","0","2","2"
"鸣泰为辽东巡","0","2","2"
"泰为辽东巡抚","0","2","2"
"孙承宗不同意","0","2","2"
"乘机歼灭他们","0","2","2"
"破坏安抚的局","0","2","2"
"坏安抚的局面","0","2","2"
"因为父母的丧","0","2","2"
"是否能够长期","0","2","2"
"终还是没有出","0","2","2"
"利用这个机会","0","2","2"
"给事中郭兴治","0","2","2"
"一万七千多人","0","2","2"
"上疏说山海关","0","2","2"
"孙承宗报告说","0","2","2"
"保卫京师的部","0","2","2"
"卫京师的部队","0","2","2"
"都驻扎在蓟门","0","2","2"
"推辞不接受太","0","2","2"
"辞不接受太傅","0","2","2"
"孙承宗又接连","0","2","2"
"承宗又接连上","0","2","2"
"宗又接连上疏","0","2","2"
"又接连上疏称","0","2","2"
"接连上疏称病","0","2","2"
"祯元年起用为","0","2","2"
"孔有德在山东","0","2","2"
"有德在山东造","0","2","2"
"德在山东造反","0","2","2"
"李继贞的官籍","0","2","2"
"方震孺巡按辽","0","2","2"
"边防事务更加","0","2","2"
"防事务更加败","0","2","2"
"事务更加败坏","0","2","2"
"孙元化的部队","0","2","2"
"贼人于是进入","0","2","2"
"人于是进入城","0","2","2"
"于是进入城内","0","2","2"
"部队都驻扎在","0","2","2"
"把部队驻扎到","0","2","2"
"就被打得大败","0","2","2"
"另外设置一名","0","2","2"
"外设置一名偏","0","2","2"
"设置一名偏沅","0","2","2"
"置一名偏沅巡","0","2","2"
"一名偏沅巡抚","0","2","2"
"我所谓的用防","0","2","2"
"所谓的用防守","0","2","2"
"谓的用防守来","0","2","2"
"的用防守来屯","0","2","2"
"一个骑兵跑回","0","2","2"
"个骑兵跑回来","0","2","2"
"死贼兵一千多","0","2","2"
"贼兵一千多人","0","2","2"
"为母亲守丧回","0","2","2"
"母亲守丧回家","0","2","2"
"亲守丧回家去","0","2","2"
"请求回家赡养","0","2","2"
"李自成已经打","0","2","2"
"自成已经打下","0","2","2"
"成已经打下河","0","2","2"
"已经打下河南","0","2","2"
"庄烈帝颁发诏","0","2","2"
"烈帝颁发诏书","0","2","2"
"贼兵逃进山谷","0","2","2"
"兵逃进山谷中","0","2","2"
"传庭一直追赶","0","2","2"
"庭一直追赶到","0","2","2"
"一直追赶到凤","0","2","2"
"直追赶到凤翔","0","2","2"
"收降了残余的","0","2","2"
"降了残余的贼","0","2","2"
"了残余的贼兵","0","2","2"
"一万三千五百","0","2","2"
"万三千五百多","0","2","2"
"庄烈帝非常高","0","2","2"
"烈帝非常高兴","0","2","2"
"庄烈帝的怒火","0","2","2"
"承畴入卫京师","0","2","2"
"传庭为兵部右","0","2","2"
"庭为兵部右侍","0","2","2"
"京师解严以后","0","2","2"
"一亻隽奏称传","0","2","2"
"亻隽奏称传庭","0","2","2"
"隽奏称传庭真","0","2","2"
"奏称传庭真的","0","2","2"
"称传庭真的聋","0","2","2"
"传庭真的聋了","0","2","2"
"庄烈帝赐给他","0","2","2"
"烈帝赐给他尚","0","2","2"
"帝赐给他尚方","0","2","2"
"庄烈帝怀疑他","0","2","2"
"孙应元等在丰","0","2","2"
"应元等在丰邑","0","2","2"
"元等在丰邑坪","0","2","2"
"斩获了三千多","0","2","2"
"献忠打下襄阳","0","2","2"
"担任山西巡抚","0","2","2"
"杀了几十个贼","0","2","2"
"了几十个贼兵","0","2","2"
"自成立即射死","0","2","2"
"成立即射死了","0","2","2"
"立即射死了他","0","2","2"
"积累战功做到","0","2","2"
"给事中张第元","0","2","2"
"张应元为副总","0","2","2"
"应元为副总统","0","2","2"
"如虎率领自己","0","2","2"
"虎率领自己的","0","2","2"
"贼兵展开巷战","0","2","2"
"跑到关中去了","0","2","2"
"又请假回乡去","0","2","2"
"总督王象乾的","0","2","2"
"他做了都督佥","0","2","2"
"做了都督佥事","0","2","2"
"实际上的总兵","0","2","2"
"际上的总兵官","0","2","2"
"大清兵包围了","0","2","2"
"清兵包围了锦","0","2","2"
"兵包围了锦州","0","2","2"
"蒙古炒花等部","0","2","2"
"古炒花等部落","0","2","2"
"封他的子孙为","0","2","2"
"他的子孙为世","0","2","2"
"的子孙为世袭","0","2","2"
"朝廷赐予祭葬","0","2","2"
"部门为他修建","0","2","2"
"门为他修建祠","0","2","2"
"他修建祠堂公","0","2","2"
"修建祠堂公祭","0","2","2"
"朝廷发布诏书","0","2","2"
"各一万五千人","0","2","2"
"宁远之围解除","0","2","2"
"称为宁锦大捷","0","2","2"
"他们两个人的","0","2","2"
"中万历二十九","0","2","2"
"右佥都御史接","0","2","2"
"佥都御史接替","0","2","2"
"开黄河淹没开","0","2","2"
"黄河淹没开封","0","2","2"
"河淹没开封城","0","2","2"
"把金花银补进","0","2","2"
"在山海关干了","0","2","2"
"左光斗的案子","0","2","2"
"凑集了几百两","0","2","2"
"集了几百两银","0","2","2"
"了几百两银子","0","2","2"
"传令有关部门","0","2","2"
"廷给他加官为","0","2","2"
"官纷纷上书弹","0","2","2"
"所佩带的官印","0","2","2"
"率领三千人从","0","2","2"
"官为都督佥事","0","2","2"
"贼兵逃往均州","0","2","2"
"聪明人还是愚","0","2","2"
"明人还是愚蠢","0","2","2"
"人还是愚蠢人","0","2","2"
"还是愚蠢人都","0","2","2"
"是愚蠢人都知","0","2","2"
"愚蠢人都知道","0","2","2"
"朝廷按规定给","0","2","2"
"廷按规定给他","0","2","2"
"他的尚方宝剑","0","2","2"
"骑兵出来迎战","0","2","2"
"巡按御史吴生","0","2","2"
"按御史吴生生","0","2","2"
"陕西的贼寇已","0","2","2"
"于是命令文诏","0","2","2"
"率先登上城墙","0","2","2"
"在丰邑坪大败","0","2","2"
"丰邑坪大败罗","0","2","2"
"邑坪大败罗汝","0","2","2"
"坪大败罗汝才","0","2","2"
"我蒙受国家的","0","2","2"
"蒙受国家的大","0","2","2"
"受国家的大恩","0","2","2"
"而与他一同前","0","2","2"
"与他一同前往","0","2","2"
"他一同前往高","0","2","2"
"一同前往高邮","0","2","2"
"同前往高邮的","0","2","2"
"前往高邮的三","0","2","2"
"往高邮的三百","0","2","2"
"高邮的三百骑","0","2","2"
"邮的三百骑兵","0","2","2"
"的三百骑兵都","0","2","2"
"三百骑兵都战","0","2","2"
"百骑兵都战死","0","2","2"
"骑兵都战死了","0","2","2"
"庄烈帝深以为","0","2","2"
"二百七十多年","0","2","2"
"杨嗣昌于是推","0","2","2"
"嗣昌于是推荐","0","2","2"
"一年可得银子","0","2","2"
"捍卫本乡本土","0","2","2"
"以侍郎的身份","0","2","2"
"林兰友及少詹","0","2","2"
"兰友及少詹事","0","2","2"
"友及少詹事黄","0","2","2"
"及少詹事黄道","0","2","2"
"詹事黄道周上","0","2","2"
"事黄道周上疏","0","2","2"
"黄道周上疏诋","0","2","2"
"道周上疏诋毁","0","2","2"
"周上疏诋毁驳","0","2","2"
"上疏诋毁驳斥","0","2","2"
"疏诋毁驳斥他","0","2","2"
"编修赵士春跟","0","2","2"
"修赵士春跟着","0","2","2"
"赵士春跟着上","0","2","2"
"士春跟着上疏","0","2","2"
"起潜主张和议","0","2","2"
"二万兵驻守怀","0","2","2"
"万兵驻守怀来","0","2","2"
"一万兵驻守阳","0","2","2"
"万兵驻守阳和","0","2","2"
"其余的交给镇","0","2","2"
"余的交给镇监","0","2","2"
"其余的交给巡","0","2","2"
"余的交给巡抚","0","2","2"
"巡抚方孔火召","0","2","2"
"皇帝惦念杨嗣","0","2","2"
"帝惦念杨嗣昌","0","2","2"
"四川将领张令","0","2","2"
"经过开县向西","0","2","2"
"小路进入汉中","0","2","2"
"左良玉的部队","0","2","2"
"在二月十一日","0","2","2"
"加封太子太傅","0","2","2"
"于是受到皇帝","0","2","2"
"是受到皇帝的","0","2","2"
"被给事中冯元","0","2","2"
"给事中冯元飙","0","2","2"
"黄汝良替他隐","0","2","2"
"汝良替他隐瞒","0","2","2"
"事情才算排解","0","2","2"
"情才算排解了","0","2","2"
"温体仁拉拢他","0","2","2"
"圣旨尚未下发","0","2","2"
"王应熊如何知","0","2","2"
"应熊如何知道","0","2","2"
"臣不理解之一","0","2","2"
"一切都按照温","0","2","2"
"切都按照温体","0","2","2"
"都按照温体仁","0","2","2"
"按照温体仁的","0","2","2"
"坚持自己的主","0","2","2"
"持自己的主张","0","2","2"
"杨嗣昌上疏为","0","2","2"
"嗣昌上疏为他","0","2","2"
"昌上疏为他说","0","2","2"
"上疏为他说情","0","2","2"
"不久提升为兵","0","2","2"
"侵吞克扣军饷","0","2","2"
"吞克扣军饷的","0","2","2"
"在朝廷做官的","0","2","2"
"皇帝第五子的","0","2","2"
"朝廷讨论认为","0","2","2"
"没有停止的时","0","2","2"
"人心才稍稍安","0","2","2"
"心才稍稍安定","0","2","2"
"竭力批评化贞","0","2","2"
"外都知道经略","0","2","2"
"现在只有保护","0","2","2"
"在只有保护老","0","2","2"
"只有保护老百","0","2","2"
"有保护老百姓","0","2","2"
"保护老百姓入","0","2","2"
"护老百姓入关","0","2","2"
"老百姓入关去","0","2","2"
"战败的消息传","0","2","2"
"败的消息传到","0","2","2"
"的消息传到朝","0","2","2"
"消息传到朝廷","0","2","2"
"廷弼的罪在哪","0","2","2"
"弼的罪在哪里","0","2","2"
"的罪在哪里呢","0","2","2"
"宁远就成为关","0","2","2"
"远就成为关外","0","2","2"
"就成为关外的","0","2","2"
"成为关外的重","0","2","2"
"为关外的重要","0","2","2"
"关外的重要城","0","2","2"
"外的重要城镇","0","2","2"
"所以将士都愿","0","2","2"
"以将士都愿意","0","2","2"
"通判官金启亻","0","2","2"
"判官金启亻宗","0","2","2"
"崇焕于是请求","0","2","2"
"锦衣千户的封","0","2","2"
"衣千户的封赏","0","2","2"
"对他深加慰劳","0","2","2"
"并向他咨询用","0","2","2"
"向他咨询用兵","0","2","2"
"他咨询用兵方","0","2","2"
"咨询用兵方略","0","2","2"
"起来响应他们","0","2","2"
"大寿仍然驻军","0","2","2"
"寿仍然驻军锦","0","2","2"
"仍然驻军锦州","0","2","2"
"请病假回乡去","0","2","2"
"病假回乡去了","0","2","2"
"舜那样的政治","0","2","2"
"的政治局面呢","0","2","2"
"只仗着自己的","0","2","2"
"了庄烈帝的意","0","2","2"
"庄烈帝的意思","0","2","2"
"取法上天最重","0","2","2"
"法上天最重要","0","2","2"
"上天最重要的","0","2","2"
"天最重要的事","0","2","2"
"最重要的事情","0","2","2"
"重要的事情莫","0","2","2"
"要的事情莫过","0","2","2"
"的事情莫过于","0","2","2"
"希望陛下体察","0","2","2"
"望陛下体察上","0","2","2"
"陛下体察上天","0","2","2"
"下体察上天好","0","2","2"
"体察上天好生","0","2","2"
"察上天好生之","0","2","2"
"上天好生之心","0","2","2"
"不能轻易改变","0","2","2"
"庄烈帝恼火得","0","2","2"
"烈帝恼火得很","0","2","2"
"原任辅臣文震","0","2","2"
"任辅臣文震孟","0","2","2"
"京师受到攻打","0","2","2"
"防守山海关以","0","2","2"
"巡抚的去留问","0","2","2"
"抚的去留问题","0","2","2"
"一定要首先选","0","2","2"
"选择贤能的督","0","2","2"
"择贤能的督师","0","2","2"
"庄烈帝十分恼","0","2","2"
"烈帝十分恼火","0","2","2"
"为庄烈帝发丧","0","2","2"
"这是封疆诸臣","0","2","2"
"是封疆诸臣应","0","2","2"
"封疆诸臣应予","0","2","2"
"疆诸臣应予诛","0","2","2"
"诸臣应予诛杀","0","2","2"
"臣应予诛杀的","0","2","2"
"这是满朝文武","0","2","2"
"是满朝文武谋","0","2","2"
"满朝文武谋国","0","2","2"
"朝文武谋国不","0","2","2"
"文武谋国不忠","0","2","2"
"都的事变发生","0","2","2"
"的事变发生时","0","2","2"
"也可以不去死","0","2","2"
"事实上并不是","0","2","2"
"郑曼阝棍打自","0","2","2"
"曼阝棍打自己","0","2","2"
"阝棍打自己的","0","2","2"
"棍打自己的母","0","2","2"
"打自己的母亲","0","2","2"
"者就可以不认","0","2","2"
"孝道治理天下","0","2","2"
"所图而做出来","0","2","2"
"图而做出来的","0","2","2"
"克制孝心出来","0","2","2"
"不免有些偏激","0","2","2"
"有见识的人都","0","2","2"
"向他询问方略","0","2","2"
"老蜡鸡擅自称","0","2","2"
"蜡鸡擅自称了","0","2","2"
"鸡擅自称了王","0","2","2"
"在于培植元气","0","2","2"
"杨鹤得知后移","0","2","2"
"鹤得知后移驻","0","2","2"
"得知后移驻宁","0","2","2"
"知后移驻宁州","0","2","2"
"其他贼首拓先","0","2","2"
"他贼首拓先龄","0","2","2"
"上天龙等也先","0","2","2"
"天龙等也先后","0","2","2"
"龙等也先后归","0","2","2"
"等也先后归降","0","2","2"
"杨鹤在城楼上","0","2","2"
"鹤在城楼上摆","0","2","2"
"在城楼上摆了","0","2","2"
"城楼上摆了一","0","2","2"
"楼上摆了一张","0","2","2"
"上摆了一张皇","0","2","2"
"摆了一张皇上","0","2","2"
"了一张皇上的","0","2","2"
"一张皇上的座","0","2","2"
"张皇上的座席","0","2","2"
"让这些贼首跪","0","2","2"
"这些贼首跪拜","0","2","2"
"然后宣读皇上","0","2","2"
"后宣读皇上的","0","2","2"
"宣读皇上的指","0","2","2"
"读皇上的指示","0","2","2"
"命令他们发下","0","2","2"
"令他们发下誓","0","2","2"
"他们发下誓言","0","2","2"
"总兵邓王己功","0","2","2"
"兵邓王己功劳","0","2","2"
"邓王己功劳最","0","2","2"
"王己功劳最大","0","2","2"
"派参将贺人龙","0","2","2"
"贼兵于是渡过","0","2","2"
"把守要害地带","0","2","2"
"投降后又反叛","0","2","2"
"但既然已经任","0","2","2"
"既然已经任用","0","2","2"
"然已经任用了","0","2","2"
"已经任用了他","0","2","2"
"崇俭于是传檄","0","2","2"
"俭于是传檄要","0","2","2"
"于是传檄要副","0","2","2"
"是传檄要副将","0","2","2"
"传檄要副将贺","0","2","2"
"檄要副将贺人","0","2","2"
"要副将贺人龙","0","2","2"
"李国奇等从西","0","2","2"
"国奇等从西安","0","2","2"
"奇等从西安出","0","2","2"
"等从西安出兵","0","2","2"
"玉在玛瑙山大","0","2","2"
"在玛瑙山大败","0","2","2"
"捷春打开城门","0","2","2"
"春打开城门接","0","2","2"
"开城门接纳躲","0","2","2"
"城门接纳躲避","0","2","2"
"门接纳躲避贼","0","2","2"
"接纳躲避贼兵","0","2","2"
"纳躲避贼兵的","0","2","2"
"躲避贼兵的乡","0","2","2"
"避贼兵的乡民","0","2","2"
"均州又被贼兵","0","2","2"
"州又被贼兵占","0","2","2"
"又被贼兵占领","0","2","2"
"是三百二十七","0","2","2"
"总共是三百二","0","2","2"
"共是三百二十","0","2","2"
"于泰是辅臣周","0","2","2"
"泰是辅臣周延","0","2","2"
"是辅臣周延儒","0","2","2"
"辅臣周延儒的","0","2","2"
"臣周延儒的儿","0","2","2"
"周延儒的儿女","0","2","2"
"延儒的儿女亲","0","2","2"
"儒的儿女亲家","0","2","2"
"郑王世子朱载","0","2","2"
"王世子朱载堉","0","2","2"
"至元辛巳年为","0","2","2"
"元辛巳年为历","0","2","2"
"辛巳年为历元","0","2","2"
"天的运行度数","0","2","2"
"天时正点冬至","0","2","2"
"辰时前段一刻","0","2","2"
"太阳运行的度","0","2","2"
"阳运行的度数","0","2","2"
"离交点的远近","0","2","2"
"太阳在上而月","0","2","2"
"阳在上而月亮","0","2","2"
"在上而月亮在","0","2","2"
"上而月亮在下","0","2","2"
"管理钦天监事","0","2","2"
"理钦天监事务","0","2","2"
"春分秋分夏至","0","2","2"
"分秋分夏至冬","0","2","2"
"秋分夏至冬至","0","2","2"
"所测定的数据","0","2","2"
"下发礼部集体","0","2","2"
"发礼部集体商","0","2","2"
"礼部集体商议","0","2","2"
"推算日食程度","0","2","2"
"推算不发生日","0","2","2"
"算不发生日食","0","2","2"
"实际上是由于","0","2","2"
"削减日长的分","0","2","2"
"减日长的分数","0","2","2"
"所以出现预报","0","2","2"
"以出现预报日","0","2","2"
"出现预报日期","0","2","2"
"现预报日期比","0","2","2"
"预报日期比天","0","2","2"
"报日期比天象","0","2","2"
"在女宿十度左","0","2","2"
"推算月亮运行","0","2","2"
"往下距离元至","0","2","2"
"下距离元至元","0","2","2"
"距离元至元辛","0","2","2"
"离元至元辛巳","0","2","2"
"是这一年的天","0","2","2"
"这一年的天正","0","2","2"
"一年的天正冬","0","2","2"
"年的天正冬至","0","2","2"
"测到纽星离北","0","2","2"
"到纽星离北极","0","2","2"
"天的相交限度","0","2","2"
"人的相交限度","0","2","2"
"五星出入黄道","0","2","2"
"它后退必然向","0","2","2"
"日月五星的运","0","2","2"
"月五星的运行","0","2","2"
"新月就出现在","0","2","2"
"初亏在巳时后","0","2","2"
"亏在巳时后段","0","2","2"
"官于是请求广","0","2","2"
"熊三拔及龙华","0","2","2"
"三拔及龙华民","0","2","2"
"命令礼部设置","0","2","2"
"两个交点相对","0","2","2"
"月份和十二辰","0","2","2"
"份和十二辰的","0","2","2"
"和十二辰的对","0","2","2"
"十二辰的对应","0","2","2"
"西洋历法预测","0","2","2"
"发生日食而没","0","2","2"
"生日食而没有","0","2","2"
"统领修订历法","0","2","2"
"徐光启进言说","0","2","2"
"日月交食五星","0","2","2"
"月交食五星冲","0","2","2"
"交食五星冲犯","0","2","2"
"测量太阳运行","0","2","2"
"的经纬运行度","0","2","2"
"经纬运行度数","0","2","2"
"南北极出入地","0","2","2"
"北极出入地的","0","2","2"
"极出入地的度","0","2","2"
"出入地的度数","0","2","2"
"日食各地不同","0","2","2"
"完全进入虚暗","0","2","2"
"现在这次日食","0","2","2"
"与原来的推算","0","2","2"
"原来的推算相","0","2","2"
"来的推算相合","0","2","2"
"日食剩下的部","0","2","2"
"食剩下的部分","0","2","2"
"剩下的部分像","0","2","2"
"下的部分像钩","0","2","2"
"的部分像钩子","0","2","2"
"部分像钩子一","0","2","2"
"分像钩子一样","0","2","2"
"冬至没有定率","0","2","2"
"日食而没有日","0","2","2"
"食而没有日食","0","2","2"
"确实没有日食","0","2","2"
"这就是两种历","0","2","2"
"就是两种历法","0","2","2"
"差不同的原因","0","2","2"
"测定时间的方","0","2","2"
"定时间的方法","0","2","2"
"而在晦日日食","0","2","2"
"木星冲犯积尸","0","2","2"
"火星土星同度","0","2","2"
"金星火星同度","0","2","2"
"所见到的交食","0","2","2"
"本宿的赤道弧","0","2","2"
"宿的赤道弧就","0","2","2"
"的赤道弧就较","0","2","2"
"影像的直径大","0","2","2"
"像的直径大小","0","2","2"
"总是不一样的","0","2","2"
"不能根据段目","0","2","2"
"能根据段目来","0","2","2"
"根据段目来确","0","2","2"
"据段目来确定","0","2","2"
"阳的运行有快","0","2","2"
"同在张宿六度","0","2","2"
"平分为二十四","0","2","2"
"分为二十四份","0","2","2"
"从前一年的冬","0","2","2"
"前一年的冬至","0","2","2"
"一年的冬至开","0","2","2"
"年的冬至开始","0","2","2"
"的冬至开始算","0","2","2"
"冬至开始算起","0","2","2"
"现在将十四日","0","2","2"
"在将十四日所","0","2","2"
"将十四日所测","0","2","2"
"十四日所测到","0","2","2"
"四日所测到的","0","2","2"
"日所测到的太","0","2","2"
"所测到的太阳","0","2","2"
"测到的太阳高","0","2","2"
"到的太阳高度","0","2","2"
"加上地半径差","0","2","2"
"上地半径差二","0","2","2"
"地半径差二分","0","2","2"
"比赤道高度已","0","2","2"
"赤道高度已多","0","2","2"
"道高度已多五","0","2","2"
"高度已多五分","0","2","2"
"是受太阳运行","0","2","2"
"受太阳运行度","0","2","2"
"运行度数的限","0","2","2"
"行度数的限制","0","2","2"
"历法一定不要","0","2","2"
"李天经进言说","0","2","2"
"只要求月中没","0","2","2"
"要求月中没有","0","2","2"
"求月中没有中","0","2","2"
"月中没有中气","0","2","2"
"新历法尤其重","0","2","2"
"历法尤其重视","0","2","2"
"法尤其重视合","0","2","2"
"尤其重视合朔","0","2","2"
"其重视合朔的","0","2","2"
"重视合朔的先","0","2","2"
"视合朔的先后","0","2","2"
"争强好胜的习","0","2","2"
"强好胜的习俗","0","2","2"
"所能赶得上的","0","2","2"
"五六天到十天","0","2","2"
"刑部和都察院","0","2","2"
"没有冤屈的犯","0","2","2"
"有冤屈的犯死","0","2","2"
"冤屈的犯死罪","0","2","2"
"屈的犯死罪以","0","2","2"
"的犯死罪以下","0","2","2"
"犯死罪以下都","0","2","2"
"死罪以下都按","0","2","2"
"罪以下都按律","0","2","2"
"以下都按律论","0","2","2"
"下都按律论罪","0","2","2"
"各种杂犯准许","0","2","2"
"种杂犯准许赎","0","2","2"
"杂犯准许赎罪","0","2","2"
"审核记录案情","0","2","2"
"皇帝亲自审阅","0","2","2"
"的工部尚书杨","0","2","2"
"五年一次大审","0","2","2"
"京城内外官员","0","2","2"
"没有冤枉无辜","0","2","2"
"三法司的官员","0","2","2"
"皇帝派遣刑部","0","2","2"
"派遣刑部郎中","0","2","2"
"五年举行一次","0","2","2"
"京城以外五品","0","2","2"
"城以外五品以","0","2","2"
"以外五品以上","0","2","2"
"外五品以上的","0","2","2"
"以上的官员犯","0","2","2"
"属于八议的案","0","2","2"
"于八议的案子","0","2","2"
"如果不是通政","0","2","2"
"果不是通政司","0","2","2"
"不是通政司转","0","2","2"
"是通政司转达","0","2","2"
"监狱提审犯人","0","2","2"
"得擅自抓捕审","0","2","2"
"擅自抓捕审问","0","2","2"
"到长安右门外","0","2","2"
"擅自杀死凶手","0","2","2"
"刑科三次覆奏","0","2","2"
"天下士大夫不","0","2","2"
"下士大夫不为","0","2","2"
"年老无人赡养","0","2","2"
"杨士奇等人说","0","2","2"
"坚持上奏反对","0","2","2"
"次上奏不应允","0","2","2"
"皇帝严厉斥责","0","2","2"
"合群儿等九人","0","2","2"
"死罪发配戍边","0","2","2"
"奉旨办理的案","0","2","2"
"旨办理的案件","0","2","2"
"个囚犯的罪状","0","2","2"
"宣府大同总督","0","2","2"
"正月初一朝贺","0","2","2"
"是太祖的制度","0","2","2"
"上下惴惴不安","0","2","2"
"无不惧怕打事","0","2","2"
"不惧怕打事件","0","2","2"
"惧怕打事件的","0","2","2"
"违法乱纪的人","0","2","2"
"科给事中杨应","0","2","2"
"同法司一起审","0","2","2"
"法司一起审录","0","2","2"
"司一起审录罪","0","2","2"
"一起审录罪囚","0","2","2"
"座前设册宝案","0","2","2"
"陈列扈从仪仗","0","2","2"
"冕服到奉天殿","0","2","2"
"皇帝制命结束","0","2","2"
"宣读制命的位","0","2","2"
"读制命的位置","0","2","2"
"承制官宣读制","0","2","2"
"人在前面引导","0","2","2"
"站在正使左边","0","2","2"
"奉册官拿着册","0","2","2"
"册书宝玺放在","0","2","2"
"乐在前面引导","0","2","2"
"皇后戴九龙四","0","2","2"
"后戴九龙四凤","0","2","2"
"戴九龙四凤冠","0","2","2"
"引礼官导引内","0","2","2"
"如同前边的礼","0","2","2"
"同前边的礼仪","0","2","2"
"皇后接受册书","0","2","2"
"接受册书和宝","0","2","2"
"受册书和宝玺","0","2","2"
"命妇班首领一","0","2","2"
"妇班首领一人","0","2","2"
"内外命妇各自","0","2","2"
"官引导从左门","0","2","2"
"引导从左门进","0","2","2"
"导从左门进入","0","2","2"
"穿皮弁服到华","0","2","2"
"皮弁服到华盖","0","2","2"
"弁服到华盖殿","0","2","2"
"诏书交给礼部","0","2","2"
"书交给礼部官","0","2","2"
"官员在承天门","0","2","2"
"穿着礼服到奉","0","2","2"
"着礼服到奉先","0","2","2"
"礼服到奉先殿","0","2","2"
"皇帝登上座位","0","2","2"
"皇后捧着高皇","0","2","2"
"后捧着高皇后","0","2","2"
"捧着高皇后的","0","2","2"
"皇后面前谢恩","0","2","2"
"引礼官引导皇","0","2","2"
"礼官引导皇太","0","2","2"
"引导皇太子进","0","2","2"
"导皇太子进入","0","2","2"
"到丹墀的拜位","0","2","2"
"皇太子从殿东","0","2","2"
"太子从殿东门","0","2","2"
"子从殿东门进","0","2","2"
"赞官引导到御","0","2","2"
"官引导到御座","0","2","2"
"引导到御座前","0","2","2"
"从束台阶升登","0","2","2"
"不胜喜悦之至","0","2","2"
"因太子还幼小","0","2","2"
"副使在文华门","0","2","2"
"使在文华门授","0","2","2"
"在文华门授册","0","2","2"
"文华门授册书","0","2","2"
"华门授册书和","0","2","2"
"门授册书和宝","0","2","2"
"授册书和宝玺","0","2","2"
"以及历代帝王","0","2","2"
"到皇太子面前","0","2","2"
"赞官引导到皇","0","2","2"
"官引导到皇帝","0","2","2"
"东宫太子接受","0","2","2"
"穿冕服到奉天","0","2","2"
"正遇到众弟某","0","2","2"
"遇到众弟某等","0","2","2"
"到众弟某等受","0","2","2"
"众弟某等受封","0","2","2"
"弟某等受封邦","0","2","2"
"某等受封邦建","0","2","2"
"等受封邦建藩","0","2","2"
"受封邦建藩国","0","2","2"
"谨向父皇陛下","0","2","2"
"派遣使者到各","0","2","2"
"与册封太子妃","0","2","2"
"从西台阶上升","0","2","2"
"太师插上笏板","0","2","2"
"引礼官引导到","0","2","2"
"皇帝选择吉日","0","2","2"
"令礼部准备礼","0","2","2"
"礼部准备礼仪","0","2","2"
"士张居正等人","0","2","2"
"降一级台阶接","0","2","2"
"一级台阶接受","0","2","2"
"右手拿着冠的","0","2","2"
"手拿着冠的后","0","2","2"
"拿着冠的后部","0","2","2"
"南面向北站立","0","2","2"
"赞唱加冠的人","0","2","2"
"内侍跪着进献","0","2","2"
"侍跪着进献服","0","2","2"
"跪着进献服饰","0","2","2"
"博士引导皇太","0","2","2"
"士引导皇太子","0","2","2"
"礼宾跪着进献","0","2","2"
"禀告返回坐下","0","2","2"
"皇子加冠的第","0","2","2"
"子加冠的第二","0","2","2"
"加冠的第二天","0","2","2"
"礼宾以及赞冠","0","2","2"
"宾以及赞冠者","0","2","2"
"在洗涤器的西","0","2","2"
"放在洗涤器的","0","2","2"
"各自穿上他们","0","2","2"
"面向东以北为","0","2","2"
"向东以北为上","0","2","2"
"在西面台阶上","0","2","2"
"人穿着公服站","0","2","2"
"宾赞冠者到席","0","2","2"
"赞冠者到席前","0","2","2"
"到加冠的人席","0","2","2"
"加冠的人席前","0","2","2"
"宾赞冠者跪下","0","2","2"
"向加冠的人拱","0","2","2"
"加冠的人拱手","0","2","2"
"从西台阶下来","0","2","2"
"加冠的人面向","0","2","2"
"众亲人向他礼","0","2","2"
"亲人向他礼拜","0","2","2"
"加冠的人回拜","0","2","2"
"宾站在西台阶","0","2","2"
"预先通告约定","0","2","2"
"先通告约定宾","0","2","2"
"穿着朝服进入","0","2","2"
"在堂下西阶的","0","2","2"
"堂下西阶的西","0","2","2"
"下西阶的西面","0","2","2"
"出房来到加冠","0","2","2"
"房来到加冠席","0","2","2"
"天神来到而民","0","2","2"
"神来到而民心","0","2","2"
"来到而民心协","0","2","2"
"到而民心协和","0","2","2"
"亲自祭祀太社","0","2","2"
"在方丘祭祀皇","0","2","2"
"方丘祭祀皇地","0","2","2"
"丘祭祀皇地只","0","2","2"
"迎接神灵演奏","0","2","2"
"曲词各不相同","0","2","2"
"最初附祭于夕","0","2","2"
"初附祭于夕月","0","2","2"
"洪武四年另外","0","2","2"
"武四年另外祭","0","2","2"
"四年另外祭祀","0","2","2"
"凡是皇帝生日","0","2","2"
"人持指挥小旗","0","2","2"
"和声郎持着指","0","2","2"
"声郎持着指挥","0","2","2"
"郎持着指挥小","0","2","2"
"持着指挥小旗","0","2","2"
"羽尾装饰的小","0","2","2"
"尾装饰的小旗","0","2","2"
"又有二人持着","0","2","2"
"乐工陈列在宫","0","2","2"
"工陈列在宫廷","0","2","2"
"陈列在宫廷台","0","2","2"
"列在宫廷台阶","0","2","2"
"在宫廷台阶的","0","2","2"
"进献第一巡爵","0","2","2"
"郎举起指挥小","0","2","2"
"进献第三巡爵","0","2","2"
"进献第五巡爵","0","2","2"
"进献第六巡爵","0","2","2"
"进献第七巡爵","0","2","2"
"进献第八巡爵","0","2","2"
"进献第九巡爵","0","2","2"
"其间举起指挥","0","2","2"
"间举起指挥小","0","2","2"
"都如同前面所","0","2","2"
"前面所述的仪","0","2","2"
"的东西面陈设","0","2","2"
"陈设中和韶乐","0","2","2"
"导引皇帝车驾","0","2","2"
"百官依次退出","0","2","2"
"炎精开运之曲","0","2","2"
"酒如同前面叙","0","2","2"
"如同前面叙述","0","2","2"
"同前面叙述的","0","2","2"
"酒如同前面所","0","2","2"
"汤如同前面所","0","2","2"
"供给群臣饭食","0","2","2"
"编磬各十六人","0","2","2"
"杖鼓二十四人","0","2","2"
"制定殿内侑食","0","2","2"
"旗来导引舞队","0","2","2"
"供奉仁祖配祀","0","2","2"
"事情下交礼官","0","2","2"
"同意他的奏请","0","2","2"
"于是命令礼官","0","2","2"
"开始在南郊举","0","2","2"
"始在南郊举行","0","2","2"
"皇帝亲自制作","0","2","2"
"帝亲自制作乐","0","2","2"
"那么祭祀先蚕","0","2","2"
"么祭祀先蚕用","0","2","2"
"面悬挂乐器的","0","2","2"
"而没有言及舞","0","2","2"
"制定祭享先蚕","0","2","2"
"定祭享先蚕的","0","2","2"
"祭享先蚕的乐","0","2","2"
"享先蚕的乐章","0","2","2"
"命令文学之臣","0","2","2"
"进献神灵的音","0","2","2"
"献神灵的音乐","0","2","2"
"六变而天神下","0","2","2"
"变而天神下降","0","2","2"
"九变而人鬼享","0","2","2"
"变而人鬼享祀","0","2","2"
"再生黄钟之六","0","2","2"
"制定帝社稷乐","0","2","2"
"没有来得及施","0","2","2"
"有来得及施行","0","2","2"
"六年重新制定","0","2","2"
"朝拜庆贺乐章","0","2","2"
"俗间名为大石","0","2","2"
"天命有德舞曲","0","2","2"
"一棵主干长百","0","2","2"
"棵主干长百穗","0","2","2"
"层层霄汉天晴","0","2","2"
"层霄汉天晴色","0","2","2"
"太和元气自阳","0","2","2"
"和元气自阳回","0","2","2"
"天下酉姓尽欢","0","2","2"
"下酉姓尽欢愉","0","2","2"
"缨鞭得胜蛮夷","0","2","2"
"鞭得胜蛮夷队","0","2","2"
"得胜蛮夷队舞","0","2","2"
"典礼完成音乐","0","2","2"
"以上第二次演","0","2","2"
"上第二次演奏","0","2","2"
"都进献百戏表","0","2","2"
"进献百戏表演","0","2","2"
"献百戏表演侍","0","2","2"
"百戏表演侍奉","0","2","2"
"亲耕种亲养蚕","0","2","2"
"皇帝将要出发","0","2","2"
"和年高德厚的","0","2","2"
"奉献皇帝配享","0","2","2"
"凡是常规的朝","0","2","2"
"是常规的朝拜","0","2","2"
"皇太子在午门","0","2","2"
"太子在午门左","0","2","2"
"子在午门左面","0","2","2"
"在午门左面处","0","2","2"
"午门左面处理","0","2","2"
"驻扎的行在所","0","2","2"
"到三山门外面","0","2","2"
"把诏书放置在","0","2","2"
"按照常规的仪","0","2","2"
"在奉天殿设置","0","2","2"
"武选和官吏．","0","2","2"
"选和官吏．百","0","2","2"
"和官吏．百姓","0","2","2"
"官吏．百姓有","0","2","2"
"吏．百姓有违","0","2","2"
"．百姓有违犯","0","2","2"
"百姓有违犯的","0","2","2"
"大的向皇太子","0","2","2"
"的向皇太子报","0","2","2"
"向皇太子报告","0","2","2"
"小的由皇长孙","0","2","2"
"的由皇长孙施","0","2","2"
"由皇长孙施行","0","2","2"
"公侯走在前面","0","2","2"
"侯走在前面引","0","2","2"
"走在前面引导","0","2","2"
"接到承天门上","0","2","2"
"礼部官员捧持","0","2","2"
"在承天门上设","0","2","2"
"承天门上设置","0","2","2"
"翰林院官员捧","0","2","2"
"林院官员捧着","0","2","2"
"院官员捧着诏","0","2","2"
"礼部官吏捧着","0","2","2"
"着放置在龙亭","0","2","2"
"洪武年问制定","0","2","2"
"诏书放置在龙","0","2","2"
"书放置在龙亭","0","2","2"
"帝穿戴衮冕服","0","2","2"
"监修官捧着表","0","2","2"
"修官捧着表放","0","2","2"
"进呈贺表贺笺","0","2","2"
"则自称为第几","0","2","2"
"乡饮酒的仪式","0","2","2"
"辅佐主人举行","0","2","2"
"佐主人举行仪","0","2","2"
"宾席在宾席的","0","2","2"
"人举行仪式的","0","2","2"
"协助举行仪式","0","2","2"
"仪式的僎宾以","0","2","2"
"式的僎宾以下","0","2","2"
"的僎宾以下都","0","2","2"
"选择日期朝见","0","2","2"
"番王和随从官","0","2","2"
"番王随从官的","0","2","2"
"放地方特产的","0","2","2"
"地方特产的几","0","2","2"
"方特产的几案","0","2","2"
"传宣地方特产","0","2","2"
"宣地方特产的","0","2","2"
"地方特产的官","0","2","2"
"方特产的官员","0","2","2"
"随从官都拜四","0","2","2"
"承制官到使者","0","2","2"
"制官到使者面","0","2","2"
"官到使者面前","0","2","2"
"设皇太子座位","0","2","2"
"番王的随从官","0","2","2"
"仪仗鼓乐在前","0","2","2"
"仗鼓乐在前面","0","2","2"
"陈列歌舞杂技","0","2","2"
"凡是派遣使者","0","2","2"
"恭敬地承担朕","0","2","2"
"敬地承担朕的","0","2","2"
"大街小巷挂结","0","2","2"
"街小巷挂结彩","0","2","2"
"小巷挂结彩带","0","2","2"
"前面设置香案","0","2","2"
"王以下都拜四","0","2","2"
"皇帝敕命派遣","0","2","2"
"众官穿着朝服","0","2","2"
"品官拜见一品","0","2","2"
"官拜见一品官","0","2","2"
"牵引马在旁边","0","2","2"
"引马在旁边站","0","2","2"
"马在旁边站立","0","2","2"
"品官趋向右边","0","2","2"
"官趋向右边让","0","2","2"
"二十年制定礼","0","2","2"
"没有官位的人","0","2","2"
"长久分别的行","0","2","2"
"别的行作揖礼","0","2","2"
"洪武八年皇帝","0","2","2"
"武八年皇帝亲","0","2","2"
"八年皇帝亲制","0","2","2"
"以卑微的内心","0","2","2"
"卑微的内心啊","0","2","2"
"臣恭敬祭献啊","0","2","2"
"主持人庄重严","0","2","2"
"持人庄重严肃","0","2","2"
"吉祥的日子美","0","2","2"
"祥的日子美好","0","2","2"
"礼完成啊神帝","0","2","2"
"完成啊神帝鉴","0","2","2"
"成啊神帝鉴察","0","2","2"
"恭敬撤除不延","0","2","2"
"句龙配祀词说","0","2","2"
"我现在叩头啊","0","2","2"
"日子美好时辰","0","2","2"
"如同旧有乐词","0","2","2"
"乐词与朝日祭","0","2","2"
"词与朝日祭相","0","2","2"
"与朝日祭相同","0","2","2"
"时节的享祭不","0","2","2"
"节的享祭不施","0","2","2"
"的享祭不施用","0","2","2"
"树木有根前世","0","2","2"
"木有根前世积","0","2","2"
"有根前世积善","0","2","2"
"伟大啊我皇祖","0","2","2"
"杯酒啊岂敢不","0","2","2"
"敬仰祖宗啊永","0","2","2"
"仰祖宗啊永远","0","2","2"
"祖宗啊永远慕","0","2","2"
"宗啊永远慕怀","0","2","2"
"啊岂敢不诚虔","0","2","2"
"小孙时时思念","0","2","2"
"孙时时思念恩","0","2","2"
"时时思念恩德","0","2","2"
"时思念恩德啊","0","2","2"
"思念恩德啊忧","0","2","2"
"念恩德啊忧心","0","2","2"
"恩德啊忧心忡","0","2","2"
"德啊忧心忡忡","0","2","2"
"翰林院讨论皇","0","2","2"
"林院讨论皇帝","0","2","2"
"令祭祀的礼仪","0","2","2"
"望日献上祭品","0","2","2"
"太子以下都拜","0","2","2"
"子以下都拜四","0","2","2"
"由有功勋的故","0","2","2"
"有功勋的故旧","0","2","2"
"功勋的故旧大","0","2","2"
"勋的故旧大臣","0","2","2"
"的故旧大臣举","0","2","2"
"故旧大臣举行","0","2","2"
"旧大臣举行礼","0","2","2"
"大臣举行礼仪","0","2","2"
"城的要拜谒陵","0","2","2"
"的要拜谒陵墓","0","2","2"
"派遣官员分别","0","2","2"
"到祖宗陵墓祭","0","2","2"
"祖宗陵墓祭祀","0","2","2"
"的祭礼举行于","0","2","2"
"神位牌于陵殿","0","2","2"
"迁移供奉于陵","0","2","2"
"移供奉于陵殿","0","2","2"
"所以元旦陵殿","0","2","2"
"以元旦陵殿祭","0","2","2"
"元旦陵殿祭祀","0","2","2"
"旦陵殿祭祀祇","0","2","2"
"陵殿祭祀祇用","0","2","2"
"殿祭祀祇用酒","0","2","2"
"祭祀祇用酒醴","0","2","2"
"祀祇用酒醴果","0","2","2"
"祇用酒醴果品","0","2","2"
"凡是遇到皇帝","0","2","2"
"庙皇帝和皇后","0","2","2"
"尚书马文升说","0","2","2"
"穿浅淡色服饰","0","2","2"
"仍然在奉先殿","0","2","2"
"在西华门内北","0","2","2"
"皇帝用的帏幄","0","2","2"
"皇帝穿素服乘","0","2","2"
"帝穿素服乘舆","0","2","2"
"穿素服乘舆到","0","2","2"
"素服乘舆到帏","0","2","2"
"服乘舆到帏幄","0","2","2"
"在报丧者位置","0","2","2"
"报丧者位置的","0","2","2"
"丧者位置的北","0","2","2"
"者位置的北面","0","2","2"
"太常卿上奏停","0","2","2"
"常卿上奏停止","0","2","2"
"卿上奏停止哭","0","2","2"
"太常卿上奏说","0","2","2"
"常卿上奏说礼","0","2","2"
"卿上奏说礼仪","0","2","2"
"上奏说礼仪结","0","2","2"
"奏说礼仪结束","0","2","2"
"主妇以下的哭","0","2","2"
"妇以下的哭位","0","2","2"
"在灵柩北面的","0","2","2"
"帝的乘舆出大","0","2","2"
"的乘舆出大篷","0","2","2"
"乘舆出大篷帐","0","2","2"
"来在大门外迎","0","2","2"
"在大门外迎候","0","2","2"
"皇帝从乘舆上","0","2","2"
"帝从乘舆上下","0","2","2"
"从乘舆上下来","0","2","2"
"主以下的人到","0","2","2"
"凡是中宫皇后","0","2","2"
"受封号妇女以","0","2","2"
"封号妇女以下","0","2","2"
"下的哭位在停","0","2","2"
"的哭位在停丧","0","2","2"
"哭位在停丧屋","0","2","2"
"位在停丧屋子","0","2","2"
"在停丧屋子的","0","2","2"
"涂有白色的服","0","2","2"
"有白色的服丧","0","2","2"
"白色的服丧车","0","2","2"
"的受封号妇女","0","2","2"
"称有皇帝制命","0","2","2"
"必须亲自参加","0","2","2"
"共经历三年以","0","2","2"
"经历三年以上","0","2","2"
"历三年以上的","0","2","2"
"虽然没有考绩","0","2","2"
"然没有考绩满","0","2","2"
"都督同知愈事","0","2","2"
"用二条引二条","0","2","2"
"二条引二条披","0","2","2"
"都用木头制成","0","2","2"
"石望柱各二件","0","2","2"
"王坟设置守坟","0","2","2"
"坟设置守坟户","0","2","2"
"应该赐谧而没","0","2","2"
"该赐谧而没有","0","2","2"
"文学词章之臣","0","2","2"
"标明死者官职","0","2","2"
"举行第二次虞","0","2","2"
"行第二次虞祭","0","2","2"
"丧事到此时共","0","2","2"
"禅祭到吉祭之","0","2","2"
"祭到吉祭之间","0","2","2"
"到吉祭之间的","0","2","2"
"吉祭之间的服","0","2","2"
"祭之间的服丧","0","2","2"
"之间的服丧期","0","2","2"
"赶回料理丧事","0","2","2"
"服一周年丧的","0","2","2"
"一周年丧的人","0","2","2"
"愿意服丧三年","0","2","2"
"服丧一周年的","0","2","2"
"所生的儿子为","0","2","2"
"都服斩衰三年","0","2","2"
"粗的麻布制成","0","2","2"
"缝下面的衣边","0","2","2"
"粗而经过加工","0","2","2"
"育自己的庶母","0","2","2"
"女儿没有出嫁","0","2","2"
"妻子为丈夫的","0","2","2"
"杖期一年的丧","0","2","2"
"期一年的丧服","0","2","2"
"母为长子以及","0","2","2"
"为长子以及长","0","2","2"
"兄弟的儿子以","0","2","2"
"弟的儿子以及","0","2","2"
"以及兄弟没有","0","2","2"
"及兄弟没有出","0","2","2"
"兄弟没有出嫁","0","2","2"
"弟没有出嫁的","0","2","2"
"为姑以及姊妹","0","2","2"
"姑以及姊妹没","0","2","2"
"以及姊妹没有","0","2","2"
"及姊妹没有出","0","2","2"
"姊妹没有出嫁","0","2","2"
"妹没有出嫁的","0","2","2"
"没有出嫁的服","0","2","2"
"有出嫁的服丧","0","2","2"
"的兄弟以及兄","0","2","2"
"兄弟以及兄弟","0","2","2"
"弟以及兄弟的","0","2","2"
"妇人为丈夫亲","0","2","2"
"人为丈夫亲兄","0","2","2"
"为丈夫亲兄弟","0","2","2"
"丈夫亲兄弟的","0","2","2"
"后嗣的人为他","0","2","2"
"嗣的人为他的","0","2","2"
"子的媳妇服丧","0","2","2"
"为同祖父兄弟","0","2","2"
"出嫁了的兄弟","0","2","2"
"嫁了的兄弟的","0","2","2"
"女子出嫁为本","0","2","2"
"子出嫁为本宗","0","2","2"
"出嫁为本宗族","0","2","2"
"为兄弟的孙子","0","2","2"
"兄弟的孙子以","0","2","2"
"弟的孙子以及","0","2","2"
"没有出嫁的孙","0","2","2"
"有出嫁的孙女","0","2","2"
"夫的兄弟的孙","0","2","2"
"族祖姑以及没","0","2","2"
"孙女没有出嫁","0","2","2"
"女没有出嫁的","0","2","2"
"同祖兄弟的孙","0","2","2"
"祖兄弟的孙子","0","2","2"
"再堂兄弟的儿","0","2","2"
"堂兄弟的儿子","0","2","2"
"同祖兄弟的妻","0","2","2"
"祖兄弟的妻子","0","2","2"
"为本宗族同祖","0","2","2"
"在束面第一位","0","2","2"
"在西面第一位","0","2","2"
"在束面第二位","0","2","2"
"亲属关系已尽","0","2","2"
"高曾祖父四代","0","2","2"
"祭期的前一天","0","2","2"
"派官员到太庙","0","2","2"
"官员到太庙举","0","2","2"
"员到太庙举行","0","2","2"
"到太庙举行祭","0","2","2"
"太庙举行祭告","0","2","2"
"庙举行祭告礼","0","2","2"
"宗升入太庙拊","0","2","2"
"升入太庙拊祭","0","2","2"
"远祖神位藏在","0","2","2"
"仪礼用物都贮","0","2","2"
"太宗以下应该","0","2","2"
"中允廖道南说","0","2","2"
"士张孚敬等人","0","2","2"
"张孚敬等人说","0","2","2"
"选择吉日亲自","0","2","2"
"供奉安置在景","0","2","2"
"奉安置在景神","0","2","2"
"安置在景神殿","0","2","2"
"礼部尚书费案","0","2","2"
"面四位依次是","0","2","2"
"拊祭孝烈皇后","0","2","2"
"请求仍在太庙","0","2","2"
"求仍在太庙拊","0","2","2"
"仍在太庙拊祭","0","2","2"
"在太庙拊祭睿","0","2","2"
"太庙拊祭睿宗","0","2","2"
"而宣宗牌位不","0","2","2"
"宣宗牌位不要","0","2","2"
"宗牌位不要迁","0","2","2"
"牌位不要迁走","0","2","2"
"的太庙有十一","0","2","2"
"太庙有十一室","0","2","2"
"庙有十一室而","0","2","2"
"皇妣在束面第","0","2","2"
"始祖出自何处","0","2","2"
"罢除年终的祭","0","2","2"
"除年终的祭祀","0","2","2"
"中旬举行大合","0","2","2"
"旬举行大合祭","0","2","2"
"在太祖殿祭祀","0","2","2"
"每季节的合祭","0","2","2"
"冬季最后一月","0","2","2"
"大臣十二人分","0","2","2"
"臣十二人分别","0","2","2"
"十二人分别祭","0","2","2"
"人分别祭献众","0","2","2"
"分别祭献众皇","0","2","2"
"为刚去世的皇","0","2","2"
"庙合起来祭祀","0","2","2"
"庙四时祭祀的","0","2","2"
"制定太庙四时","0","2","2"
"定太庙四时祭","0","2","2"
"皇帝皇后的牌","0","2","2"
"帝皇后的牌位","0","2","2"
"常吃的鹅羹饭","0","2","2"
"鸿胪寺在奉天","0","2","2"
"官各自捧着册","0","2","2"
"皇帝由左门进","0","2","2"
"帝由左门进入","0","2","2"
"皇帝接受册书","0","2","2"
"宣册官跪着在","0","2","2"
"册官跪着在皇","0","2","2"
"官跪着在皇帝","0","2","2"
"跪着在皇帝左","0","2","2"
"着在皇帝左边","0","2","2"
"在皇帝左边宣","0","2","2"
"皇帝左边宣读","0","2","2"
"帝左边宣读册","0","2","2"
"左边宣读册书","0","2","2"
"宝官拿着实玺","0","2","2"
"官拿着实玺跪","0","2","2"
"拿着实玺跪着","0","2","2"
"着实玺跪着进","0","2","2"
"实玺跪着进献","0","2","2"
"礼部会同众臣","0","2","2"
"跟随到思善门","0","2","2"
"随到思善门外","0","2","2"
"听从礼部奏议","0","2","2"
"凡是从点水加","0","2","2"
"是从点水加各","0","2","2"
"从点水加各字","0","2","2"
"点水加各字的","0","2","2"
"从木加交字的","0","2","2"
"连呼三次万岁","0","2","2"
"在文武官员拜","0","2","2"
"文武官员拜祭","0","2","2"
"武官员拜祭的","0","2","2"
"官员拜祭的位","0","2","2"
"员拜祭的位子","0","2","2"
"拜祭的位子以","0","2","2"
"祭的位子以北","0","2","2"
"二人在引文武","0","2","2"
"人在引文武班","0","2","2"
"在引文武班的","0","2","2"
"午门外陈列甲","0","2","2"
"门外陈列甲士","0","2","2"
"皇帝从中门出","0","2","2"
"到刚刚死去的","0","2","2"
"刚刚死去的皇","0","2","2"
"刚死去的皇帝","0","2","2"
"死去的皇帝灵","0","2","2"
"去的皇帝灵座","0","2","2"
"在奉天殿丹陛","0","2","2"
"凡是正月初一","0","2","2"
"尚宝司在奉天","0","2","2"
"宝司在奉天殿","0","2","2"
"司在奉天殿设","0","2","2"
"在奉天殿设御","0","2","2"
"奉天殿设御座","0","2","2"
"教坊司在殿内","0","2","2"
"锦衣卫在丹陛","0","2","2"
"礼司设同文案","0","2","2"
"玉帛案于丹陛","0","2","2"
"帛案于丹陛东","0","2","2"
"位于丹墀北面","0","2","2"
"导驾官在前面","0","2","2"
"驾官在前面引","0","2","2"
"官在前面引导","0","2","2"
"节律应合黄钟","0","2","2"
"与你们共同分","0","2","2"
"你们共同分享","0","2","2"
"殿接见群臣叫","0","2","2"
"接见群臣叫做","0","2","2"
"在紫宸殿朝见","0","2","2"
"谢恩的官员和","0","2","2"
"恩的官员和当","0","2","2"
"的官员和当朝","0","2","2"
"官员和当朝辞","0","2","2"
"员和当朝辞职","0","2","2"
"和当朝辞职的","0","2","2"
"当朝辞职的官","0","2","2"
"朝辞职的官员","0","2","2"
"拜一拜三叩头","0","2","2"
"正月初一的节","0","2","2"
"月初一的节日","0","2","2"
"如同朝见皇帝","0","2","2"
"同朝见皇帝的","0","2","2"
"见皇帝的礼仪","0","2","2"
"赞礼官导引皇","0","2","2"
"凡是诸王来京","0","2","2"
"官员依次退出","0","2","2"
"皇后接受群臣","0","2","2"
"后接受群臣朝","0","2","2"
"司宾引导命妇","0","2","2"
"到台阶上行礼","0","2","2"
"从殿中门出来","0","2","2"
"都按礼仪行事","0","2","2"
"恭敬地拜见皇","0","2","2"
"锦衣卫在殿外","0","2","2"
"皇太子答礼后","0","2","2"
"太子答礼后拜","0","2","2"
"子答礼后拜二","0","2","2"
"皇太子穿平常","0","2","2"
"太子穿平常衣","0","2","2"
"子穿平常衣服","0","2","2"
"王与王府官都","0","2","2"
"太子接受朝贺","0","2","2"
"在春秋雨季的","0","2","2"
"的第二个月及","0","2","2"
"皇帝给群臣看","0","2","2"
"又赐给赏雪宴","0","2","2"
"赐给赏雪宴席","0","2","2"
"序班供给群臣","0","2","2"
"大小命妇各自","0","2","2"
"小命妇各自站","0","2","2"
"命妇各自站在","0","2","2"
"妇各自站在座","0","2","2"
"各自站在座位","0","2","2"
"自站在座位后","0","2","2"
"从殿左门进入","0","2","2"
"执事官跪着接","0","2","2"
"事官跪着接受","0","2","2"
"放在案的左边","0","2","2"
"某夫人妾某氏","0","2","2"
"永远享受福寿","0","2","2"
"月的上旬的戊","0","2","2"
"的上旬的戊日","0","2","2"
"上旬的戊日举","0","2","2"
"旬的戊日举行","0","2","2"
"稷以后稷配祀","0","2","2"
"礼部官员商议","0","2","2"
"共工氏的儿子","0","2","2"
"弃稷也配祀先","0","2","2"
"稷也配祀先农","0","2","2"
"太宗共同配祀","0","2","2"
"同坛共同祭祀","0","2","2"
"于是敕命礼部","0","2","2"
"大报天以日为","0","2","2"
"报天以日为主","0","2","2"
"职大臣代为举","0","2","2"
"大臣代为举行","0","2","2"
"臣代为举行祭","0","2","2"
"代为举行祭祀","0","2","2"
"礼部上奏朝日","0","2","2"
"设临时休息的","0","2","2"
"亲自祭祀先农","0","2","2"
"到临时休息的","0","2","2"
"年高有德的老","0","2","2"
"高有德的老人","0","2","2"
"派官祭享先农","0","2","2"
"命令应天府官","0","2","2"
"令应天府官员","0","2","2"
"应天府官员率","0","2","2"
"天府官员率领","0","2","2"
"府官员率领农","0","2","2"
"官员率领农民","0","2","2"
"员率领农民耆","0","2","2"
"率领农民耆老","0","2","2"
"领农民耆老陪","0","2","2"
"农民耆老陪同","0","2","2"
"民耆老陪同祭","0","2","2"
"耆老陪同祭祀","0","2","2"
"重新制定祭祀","0","2","2"
"面向北跪下进","0","2","2"
"向北跪下进献","0","2","2"
"引导随从如同","0","2","2"
"都要祭告天地","0","2","2"
"部尚书崔亮的","0","2","2"
"圜丘祭告天地","0","2","2"
"在承天门外祭","0","2","2"
"因为皇帝亲自","0","2","2"
"为皇帝亲自祭","0","2","2"
"帝亲自祭告山","0","2","2"
"亲自祭告山川","0","2","2"
"自祭告山川诸","0","2","2"
"祭告山川诸神","0","2","2"
"命令不必提前","0","2","2"
"令不必提前派","0","2","2"
"不必提前派官","0","2","2"
"必提前派官告","0","2","2"
"提前派官告请","0","2","2"
"前派官告请太","0","2","2"
"派官告请太庙","0","2","2"
"京城地区山川","0","2","2"
"方献夫等人说","0","2","2"
"迁祭四方山川","0","2","2"
"部尚书李时说","0","2","2"
"两天完成祭祀","0","2","2"
"天完成祭祀之","0","2","2"
"完成祭祀之事","0","2","2"
"雨季的第二月","0","2","2"
"季的第二月上","0","2","2"
"的第二月上旬","0","2","2"
"择吉日举行祭","0","2","2"
"吉日举行祭祀","0","2","2"
"每年八月中旬","0","2","2"
"如同唐朝制度","0","2","2"
"春秋雨季专门","0","2","2"
"秋雨季专门举","0","2","2"
"雨季专门举行","0","2","2"
"季专门举行祭","0","2","2"
"专门举行祭祀","0","2","2"
"祀典没有记载","0","2","2"
"遣官员举行祭","0","2","2"
"命令官员十八","0","2","2"
"白银二十五两","0","2","2"
"亲自撰写祝文","0","2","2"
"祭祀天下山川","0","2","2"
"在方泽祭祀地","0","2","2"
"方泽祭祀地只","0","2","2"
"那么悼灵皇后","0","2","2"
"一年五次祭享","0","2","2"
"位皇后的神位","0","2","2"
"在景神殿举行","0","2","2"
"仍在奉先殿举","0","2","2"
"都出于太常寺","0","2","2"
"边的一个地方","0","2","2"
"的一个地方说","0","2","2"
"皇帝捧着牌位","0","2","2"
"皇帝捧着神主","0","2","2"
"帝捧着神主牌","0","2","2"
"捧着神主牌从","0","2","2"
"着神主牌从殿","0","2","2"
"皇太后以下拜","0","2","2"
"太后以下拜四","0","2","2"
"后以下拜四拜","0","2","2"
"只有汉哀帝为","0","2","2"
"有汉哀帝为定","0","2","2"
"汉哀帝为定陶","0","2","2"
"哀帝为定陶共","0","2","2"
"帝为定陶共王","0","2","2"
"为定陶共王在","0","2","2"
"定陶共王在京","0","2","2"
"陶共王在京城","0","2","2"
"共王在京城建","0","2","2"
"王在京城建庙","0","2","2"
"不可作为依据","0","2","2"
"王的夫人刘氏","0","2","2"
"的夫人刘氏为","0","2","2"
"夫人刘氏为一","0","2","2"
"人刘氏为一坛","0","2","2"
"春夏在仁祖庙","0","2","2"
"常卿裴应章说","0","2","2"
"官员分别祭献","0","2","2"
"明朝初年没有","0","2","2"
"捧着各自的祖","0","2","2"
"中间一室拊祭","0","2","2"
"在每年一定时","0","2","2"
"增加祭祀隋高","0","2","2"
"加祭祀隋高祖","0","2","2"
"太常寺官举行","0","2","2"
"常寺官举行祭","0","2","2"
"寺官举行祭礼","0","2","2"
"送神各拜两拜","0","2","2"
"共同祭祀三皇","0","2","2"
"举行奠祭先圣","0","2","2"
"行奠祭先圣先","0","2","2"
"祭先圣先师的","0","2","2"
"一样举行祭礼","0","2","2"
"据有天下的帝","0","2","2"
"有天下的帝王","0","2","2"
"驾临奉天殿降","0","2","2"
"临奉天殿降香","0","2","2"
"敕令有关部门","0","2","2"
"给事中王汝梅","0","2","2"
"中王汝梅等人","0","2","2"
"不再称公侯伯","0","2","2"
"孔子的十位贤","0","2","2"
"子的十位贤哲","0","2","2"
"的十位贤哲弟","0","2","2"
"在启圣祠祭祀","0","2","2"
"诸侯王国祭祀","0","2","2"
"官员主持祭祀","0","2","2"
"四季中每季的","0","2","2"
"由南京太常寺","0","2","2"
"京太常寺官员","0","2","2"
"由应天府官员","0","2","2"
"应天府官员祭","0","2","2"
"天府官员祭祀","0","2","2"
"在每季首月以","0","2","2"
"每季首月以及","0","2","2"
"季首月以及年","0","2","2"
"首月以及年终","0","2","2"
"户部官员祭祀","0","2","2"
"太仆寺官员祭","0","2","2"
"仆寺官员祭祀","0","2","2"
"派遣太常寺官","0","2","2"
"遣太常寺官员","0","2","2"
"皇帝将奏章下","0","2","2"
"派官到显灵宫","0","2","2"
"官到显灵宫祭","0","2","2"
"祈祷没有应验","0","2","2"
"我朝御制的碑","0","2","2"
"应当罢除免祭","0","2","2"
"以及节气时令","0","2","2"
"于是命令修建","0","2","2"
"没有人祭祀的","0","2","2"
"有人祭祀的鬼","0","2","2"
"祭祀帝王无后","0","2","2"
"祀帝王无后嗣","0","2","2"
"帝王无后嗣的","0","2","2"
"王无后嗣的鬼","0","2","2"
"没人祭祀的鬼","0","2","2"
"役人祭祀的鬼","0","2","2"
"就是顺应阴阳","0","2","2"
"是顺应阴阳的","0","2","2"
"祀是用来明示","0","2","2"
"夏至日在方丘","0","2","2"
"在正月上辛日","0","2","2"
"在圜丘祭祀昊","0","2","2"
"于是规定每年","0","2","2"
"堂宗祀文王以","0","2","2"
"宗祀文王以配","0","2","2"
"专门祭祀上帝","0","2","2"
"太祖神位前占","0","2","2"
"祖神位前占卜","0","2","2"
"给事中夏言请","0","2","2"
"事中夏言请求","0","2","2"
"躬亲蚕事的典","0","2","2"
"亲蚕事的典礼","0","2","2"
"夏言又上疏说","0","2","2"
"水泽中方丘的","0","2","2"
"泽中方丘的制","0","2","2"
"中方丘的制度","0","2","2"
"称为礼祭地只","0","2","2"
"实是从王莽开","0","2","2"
"是从王莽开始","0","2","2"
"从王莽开始的","0","2","2"
"本来就是太祖","0","2","2"
"来就是太祖的","0","2","2"
"在具服殿稍微","0","2","2"
"具服殿稍微偏","0","2","2"
"服殿稍微偏南","0","2","2"
"殿稍微偏南的","0","2","2"
"稍微偏南的地","0","2","2"
"微偏南的地方","0","2","2"
"偏南的地方建","0","2","2"
"南的地方建造","0","2","2"
"是大学士张璁","0","2","2"
"二祖分别配祀","0","2","2"
"功德同等盛大","0","2","2"
"皇帝到神位前","0","2","2"
"把酒爵交给执","0","2","2"
"酒爵交给执事","0","2","2"
"交给执事人员","0","2","2"
"皇太子以下在","0","2","2"
"太子以下在位","0","2","2"
"子以下在位官","0","2","2"
"先到上帝神位","0","2","2"
"到上帝神位前","0","2","2"
"皇帝穿日常衣","0","2","2"
"帝穿日常衣冠","0","2","2"
"太常卿恭请太","0","2","2"
"常卿恭请太祖","0","2","2"
"卿恭请太祖配","0","2","2"
"恭请太祖配位","0","2","2"
"供奉安放在皇","0","2","2"
"奉安放在皇祇","0","2","2"
"安放在皇祇室","0","2","2"
"礼部太常官一","0","2","2"
"部太常官一同","0","2","2"
"太常官一同请","0","2","2"
"常官一同请求","0","2","2"
"官一同请求皇","0","2","2"
"一同请求皇地","0","2","2"
"同请求皇地祇","0","2","2"
"请求皇地祇神","0","2","2"
"求皇地祇神版","0","2","2"
"殿设神案两张","0","2","2"
"在大祀殿举行","0","2","2"
"在奉天殿的台","0","2","2"
"奉天殿的台阶","0","2","2"
"天殿的台阶上","0","2","2"
"明堂祭享上帝","0","2","2"
"这是主要依据","0","2","2"
"有圣人功德的","0","2","2"
"圣人功德的人","0","2","2"
"人功德的人配","0","2","2"
"功德的人配祀","0","2","2"
"当以文王配祀","0","2","2"
"宗祀文王于明","0","2","2"
"祀文王于明堂","0","2","2"
"割圆弧矢的方","0","2","2"
"圆弧矢的方法","0","2","2"
"在北京立四丈","0","2","2"
"北京立四丈高","0","2","2"
"京立四丈高的","0","2","2"
"立四丈高的标","0","2","2"
"四丈高的标尺","0","2","2"
"随即用简仪测","0","2","2"
"就是本地离头","0","2","2"
"是本地离头顶","0","2","2"
"本地离头顶上","0","2","2"
"地离头顶上太","0","2","2"
"离头顶上太阳","0","2","2"
"头顶上太阳的","0","2","2"
"顶上太阳的度","0","2","2"
"上太阳的度数","0","2","2"
"就是太阳出地","0","2","2"
"是太阳出地的","0","2","2"
"太阳出地的半","0","2","2"
"阳出地的半弧","0","2","2"
"出地的半弧弦","0","2","2"
"分又四分之一","0","2","2"
"周天圆的直径","0","2","2"
"又是黄道赤道","0","2","2"
"黄道赤道的大","0","2","2"
"黄道赤道内外","0","2","2"
"道赤道内外半","0","2","2"
"用益从方减去","0","2","2"
"下法乘以初商","0","2","2"
"将初商和次商","0","2","2"
"下法乘以次商","0","2","2"
"天圆直径一百","0","2","2"
"圆直径一百二","0","2","2"
"得一万四千八","0","2","2"
"将初商八十秒","0","2","2"
"乘以上廉一万","0","2","2"
"以上廉一万四","0","2","2"
"八十万四千七","0","2","2"
"十万四千七百","0","2","2"
"初商八十秒自","0","2","2"
"商八十秒自乘","0","2","2"
"用下廉减此敷","0","2","2"
"将从廉和从方","0","2","2"
"从廉和从方相","0","2","2"
"廉和从方相加","0","2","2"
"八十万四千四","0","2","2"
"十万四千四百","0","2","2"
"八十二秒自乘","0","2","2"
"求得矢的度数","0","2","2"
"乘以黄道赤道","0","2","2"
"道赤道的小股","0","2","2"
"矢自乘作为被","0","2","2"
"直径作为除数","0","2","2"
"就是黄道半背","0","2","2"
"是黄道半背弦","0","2","2"
"将黄道半弧弦","0","2","2"
"黄道赤道小股","0","2","2"
"就是赤道小弦","0","2","2"
"以赤道小弦作","0","2","2"
"赤道小弦作为","0","2","2"
"道小弦作为除","0","2","2"
"小弦作为除数","0","2","2"
"作为除数与之","0","2","2"
"为除数与之相","0","2","2"
"除数与之相除","0","2","2"
"就是赤道横大","0","2","2"
"是赤道横大勾","0","2","2"
"就是赤道横弧","0","2","2"
"是赤道横弧矢","0","2","2"
"就是赤道的半","0","2","2"
"得三千四百一","0","2","2"
"千四百一十度","0","2","2"
"四百一十度一","0","2","2"
"道赤道大弦六","0","2","2"
"道大弦六十度","0","2","2"
"大弦六十度八","0","2","2"
"弦六十度八七","0","2","2"
"八七五作为除","0","2","2"
"得五十六度零","0","2","2"
"度作为半弧弦","0","2","2"
"得三千一百三","0","2","2"
"将天圆半径六","0","2","2"
"六十度八十六","0","2","2"
"十度八十六分","0","2","2"
"可以互相推求","0","2","2"
"道赤道的距离","0","2","2"
"度数及距离北","0","2","2"
"数及距离北极","0","2","2"
"赤道内外的度","0","2","2"
"道内外的度数","0","2","2"
"末象限表内就","0","2","2"
"太阳距离北极","0","2","2"
"阳距离北极的","0","2","2"
"冬至后黄道四","0","2","2"
"至后黄道四十","0","2","2"
"距离赤道内外","0","2","2"
"道赤道小弧矢","0","2","2"
"八作为被除数","0","2","2"
"用背弦差加黄","0","2","2"
"背弦差加黄道","0","2","2"
"弦差加黄道赤","0","2","2"
"差加黄道赤道","0","2","2"
"加黄道赤道小","0","2","2"
"赤道小弧弦十","0","2","2"
"道小弧弦十七","0","2","2"
"小弧弦十七度","0","2","2"
"弧弦十七度二","0","2","2"
"弦十七度二十","0","2","2"
"得十七度三十","0","2","2"
"十七度三十分","0","2","2"
"七度三十分八","0","2","2"
"度三十分八十","0","2","2"
"三十分八十九","0","2","2"
"十分八十九秒","0","2","2"
"就是冬至夏至","0","2","2"
"是冬至夏至前","0","2","2"
"至夏至前后黄","0","2","2"
"夏至前后黄道","0","2","2"
"至前后黄道四","0","2","2"
"前后黄道四十","0","2","2"
"阳距离赤道的","0","2","2"
"道降交点的最","0","2","2"
"降交点的最大","0","2","2"
"径六十度八七","0","2","2"
"是白道赤道降","0","2","2"
"白道赤道降交","0","2","2"
"赤道降交点距","0","2","2"
"道降交点距离","0","2","2"
"下诏访求直言","0","2","2"
"个府遭受干旱","0","2","2"
"亲自祈祷求雨","0","2","2"
"江西发生旱灾","0","2","2"
"六府发生旱灾","0","2","2"
"因为长久干旱","0","2","2"
"年三月乙巳日","0","2","2"
"辽东遭受旱灾","0","2","2"
"陕西发生旱灾","0","2","2"
"三府遭受旱灾","0","2","2"
"百姓家中生一","0","2","2"
"姓家中生一条","0","2","2"
"家中生一条狗","0","2","2"
"拔起太庙的树","0","2","2"
"起太庙的树木","0","2","2"
"风拔起孝陵的","0","2","2"
"甘肃行都司刮","0","2","2"
"年七月己巳日","0","2","2"
"年七月癸酉日","0","2","2"
"年二月丁丑日","0","2","2"
"晦暗如同夜晚","0","2","2"
"年三月戊子日","0","2","2"
"白天晦暗如同","0","2","2"
"沙尘遮蔽天空","0","2","2"
"庆阳发生地震","0","2","2"
"又两次发生地","0","2","2"
"京城又发生地","0","2","2"
"城又发生地震","0","2","2"
"年九月壬戌日","0","2","2"
"两京发生地震","0","2","2"
"打大雷降大雨","0","2","2"
"州也发生地震","0","2","2"
"湖广发生地震","0","2","2"
"昼夜多次地震","0","2","2"
"十一月甲寅日","0","2","2"
"巩昌发生地震","0","2","2"
"天都发生地震","0","2","2"
"蓟州遵化县发","0","2","2"
"州遵化县发生","0","2","2"
"遵化县发生地","0","2","2"
"化县发生地震","0","2","2"
"府同日发生地","0","2","2"
"二县都发生地","0","2","2"
"合阳发生十多","0","2","2"
"阳发生十多次","0","2","2"
"发生十多次地","0","2","2"
"生十多次地震","0","2","2"
"年九月庚午日","0","2","2"
"连续发生地震","0","2","2"
"府也发生地震","0","2","2"
"人民有的被压","0","2","2"
"民有的被压死","0","2","2"
"十一月癸卯日","0","2","2"
"三府发生地震","0","2","2"
"太原发生地震","0","2","2"
"二府都发生地","0","2","2"
"昌平州发生地","0","2","2"
"平州发生地震","0","2","2"
"又发生大地震","0","2","2"
"年八月戊申日","0","2","2"
"第二天又地震","0","2","2"
"甘肃发生地震","0","2","2"
"闰十月乙卯日","0","2","2"
"从西北到东南","0","2","2"
"三个府遭受饥","0","2","2"
"山东再次遭受","0","2","2"
"十四个州县发","0","2","2"
"四个州县发生","0","2","2"
"个州县发生饥","0","2","2"
"州县发生饥荒","0","2","2"
"二府发生饥荒","0","2","2"
"北畿发生饥荒","0","2","2"
"南畿发生饥荒","0","2","2"
"四府遭受饥荒","0","2","2"
"挖掘埋葬的死","0","2","2"
"掘埋葬的死尸","0","2","2"
"各府发生饥荒","0","2","2"
"河问发生饥荒","0","2","2"
"东遭受严重饥","0","2","2"
"山西遭受严重","0","2","2"
"顺天发生饥荒","0","2","2"
"湖广发生饥荒","0","2","2"
"人民吃野草树","0","2","2"
"民吃野草树木","0","2","2"
"设立水利余事","0","2","2"
"恢复老黄河故","0","2","2"
"到大河口汇合","0","2","2"
"赶快保护湖堤","0","2","2"
"黄河河床一天","0","2","2"
"河河床一天天","0","2","2"
"一天天淤塞增","0","2","2"
"天天淤塞增高","0","2","2"
"成为一劳永逸","0","2","2"
"为一劳永逸的","0","2","2"
"管理河漕诸臣","0","2","2"
"堤防以杜绝溃","0","2","2"
"防以杜绝溃塌","0","2","2"
"水就不再旁决","0","2","2"
"就不再旁决而","0","2","2"
"不再旁决而专","0","2","2"
"到清口汇合于","0","2","2"
"清口汇合于淮","0","2","2"
"水而往东流入","0","2","2"
"而往东流入大","0","2","2"
"积沙随水冲刷","0","2","2"
"河的水就可以","0","2","2"
"海口自然就会","0","2","2"
"老黄河的主张","0","2","2"
"通济闸于甘罗","0","2","2"
"济闸于甘罗城","0","2","2"
"闸于甘罗城南","0","2","2"
"小浮桥流入运","0","2","2"
"浮桥流入运河","0","2","2"
"河口流入运河","0","2","2"
"堵塞崔镇决口","0","2","2"
"而河床一天天","0","2","2"
"涨就关闭闸门","0","2","2"
"就关闭闸门以","0","2","2"
"十分之九被淹","0","2","2"
"的人纷纷而起","0","2","2"
"事中张贞观前","0","2","2"
"汇合处碱缓水","0","2","2"
"合处碱缓水势","0","2","2"
"纔能被冲刷而","0","2","2"
"开通腰铺支河","0","2","2"
"官船民船往来","0","2","2"
"泥沙一天天淤","0","2","2"
"沙一天天淤积","0","2","2"
"主持治河的人","0","2","2"
"作为首要之事","0","2","2"
"应当赶快疏通","0","2","2"
"给事中张企程","0","2","2"
"事中张企程前","0","2","2"
"进行勘测商议","0","2","2"
"分流黄河工程","0","2","2"
"首先主张开通","0","2","2"
"文上奏善后事","0","2","2"
"上奏善后事宜","0","2","2"
"黄河之水流入","0","2","2"
"谈论此事的人","0","2","2"
"河在原武决堤","0","2","2"
"没有听说带给","0","2","2"
"有听说带给祖","0","2","2"
"听说带给祖陵","0","2","2"
"带给祖陵水患","0","2","2"
"整个黄河完全","0","2","2"
"杨一魁的主张","0","2","2"
"不凭借黄河之","0","2","2"
"凭借黄河之水","0","2","2"
"经由丁家道口","0","2","2"
"家圈到两河口","0","2","2"
"皇帝依从他们","0","2","2"
"帝依从他们的","0","2","2"
"御史高举进献","0","2","2"
"完全堵塞黄蝈","0","2","2"
"淤塞河道三十","0","2","2"
"塞河道三十余","0","2","2"
"昊崇礼的主张","0","2","2"
"皇帝赞许并采","0","2","2"
"帝赞许并采纳","0","2","2"
"河水突然上涨","0","2","2"
"运河没有忧虑","0","2","2"
"使下游有地方","0","2","2"
"主张开通洳河","0","2","2"
"洳河开通成功","0","2","2"
"工部回复李化","0","2","2"
"部回复李化龙","0","2","2"
"回复李化龙的","0","2","2"
"开通洳河有六","0","2","2"
"部尚书姚继可","0","2","2"
"尚书姚继可说","0","2","2"
"以下没有流入","0","2","2"
"流入张秋的水","0","2","2"
"入张秋的水道","0","2","2"
"流入淮河的水","0","2","2"
"入淮河的水道","0","2","2"
"下游一天天淤","0","2","2"
"游一天天淤塞","0","2","2"
"在徐州狼矢沟","0","2","2"
"徐州狼矢沟决","0","2","2"
"州狼矢沟决堤","0","2","2"
"然与黄河相汇","0","2","2"
"徐州百姓遭受","0","2","2"
"淮河之水一起","0","2","2"
"河之水一起上","0","2","2"
"之水一起上涨","0","2","2"
"往下灌注于兴","0","2","2"
"夏秋洪水发生","0","2","2"
"患一天天严重","0","2","2"
"给事中沈胤培","0","2","2"
"河流入大海的","0","2","2"
"汇合白河流入","0","2","2"
"合白河流入大","0","2","2"
"白河流入大海","0","2","2"
"建立闸门二十","0","2","2"
"条半月形河道","0","2","2"
"半月形河道以","0","2","2"
"修筑堤防护卫","0","2","2"
"筑堤防护卫它","0","2","2"
"之水流入其中","0","2","2"
"小汶河出于新","0","2","2"
"汶河出于新泰","0","2","2"
"河出于新泰宫","0","2","2"
"出于新泰宫山","0","2","2"
"于新泰宫山下","0","2","2"
"大汶河出于泰","0","2","2"
"汶河出于泰安","0","2","2"
"河出于泰安仙","0","2","2"
"出于泰安仙台","0","2","2"
"于泰安仙台岭","0","2","2"
"又出于莱芜原","0","2","2"
"出于莱芜原山","0","2","2"
"于莱芜原山北","0","2","2"
"莱芜原山北面","0","2","2"
"芜原山北面及","0","2","2"
"原山北面及寨","0","2","2"
"山北面及寨子","0","2","2"
"北面及寨子村","0","2","2"
"全都到静丰镇","0","2","2"
"都到静丰镇合","0","2","2"
"到静丰镇合流","0","2","2"
"环绕徂徕山南","0","2","2"
"而小汶河流来","0","2","2"
"小汶河流来汇","0","2","2"
"汶河流来汇合","0","2","2"
"令工部侍郎杜","0","2","2"
"臣堵塞其决口","0","2","2"
"汶水流入大海","0","2","2"
"派遣官吏修筑","0","2","2"
"水流入大海的","0","2","2"
"流入大海的故","0","2","2"
"尚书李承勋说","0","2","2"
"黄河改道向南","0","2","2"
"道淤塞一百余","0","2","2"
"淤塞一百余里","0","2","2"
"派遣官吏勘测","0","2","2"
"难以成功的地","0","2","2"
"以成功的地方","0","2","2"
"得到适当的人","0","2","2"
"下交朝廷大臣","0","2","2"
"廷大臣会合商","0","2","2"
"大臣会合商议","0","2","2"
"上于是命令施","0","2","2"
"于是命令施行","0","2","2"
"应当修筑堤堰","0","2","2"
"当修筑堤堰来","0","2","2"
"修筑堤堰来防","0","2","2"
"筑堤堰来防止","0","2","2"
"立请求开通洳","0","2","2"
"黄河又在邳州","0","2","2"
"应当防备黄河","0","2","2"
"当防备黄河决","0","2","2"
"防备黄河决口","0","2","2"
"备黄河决口而","0","2","2"
"黄河决口而流","0","2","2"
"用来防备黄河","0","2","2"
"来防备黄河水","0","2","2"
"防备黄河水的","0","2","2"
"备黄河水的流","0","2","2"
"正河就一定会","0","2","2"
"的祸患就在这","0","2","2"
"祸患就在这里","0","2","2"
"诏令依从他的","0","2","2"
"令依从他的主","0","2","2"
"后来黄河水上","0","2","2"
"来黄河水上涨","0","2","2"
"于新开通的河","0","2","2"
"回复可以施行","0","2","2"
"求开通洳河来","0","2","2"
"开通洳河来避","0","2","2"
"通洳河来避开","0","2","2"
"洳河来避开黄","0","2","2"
"河淤塞就通行","0","2","2"
"淤塞就通行于","0","2","2"
"侍郎昊桂芳说","0","2","2"
"分流黄河导引","0","2","2"
"流黄河导引淮","0","2","2"
"黄河导引淮河","0","2","2"
"粮船及官船民","0","2","2"
"船及官船民船","0","2","2"
"往北到达卫水","0","2","2"
"往东到达宿迁","0","2","2"
"利与害各占一","0","2","2"
"与害各占一半","0","2","2"
"请求赶快疏通","0","2","2"
"营州五个屯卫","0","2","2"
"土地可以耕种","0","2","2"
"总兵官谭广说","0","2","2"
"成国公朱勇的","0","2","2"
"武宗喜好武功","0","2","2"
"占据险要地势","0","2","2"
"轮番戍守的军","0","2","2"
"番戍守的军队","0","2","2"
"又二千里抵达","0","2","2"
"使敌人不能侵","0","2","2"
"敌人不能侵犯","0","2","2"
"面的敌寇则从","0","2","2"
"贩卖私盐的人","0","2","2"
"担任操江都督","0","2","2"
"都御史昊时来","0","2","2"
"游排列五座军","0","2","2"
"排列五座军营","0","2","2"
"没有实际作用","0","2","2"
"西北各边招募","0","2","2"
"尚书杨博请求","0","2","2"
"请求淘汰年老","0","2","2"
"求淘汰年老体","0","2","2"
"淘汰年老体弱","0","2","2"
"三人登记一个","0","2","2"
"县可以得到一","0","2","2"
"可以得到一千","0","2","2"
"不便利的地方","0","2","2"
"导引淮水流入","0","2","2"
"就搁置下来了","0","2","2"
"水发生祸害因","0","2","2"
"发生祸害因而","0","2","2"
"水没有地方流","0","2","2"
"派遣给事中张","0","2","2"
"议论的人多请","0","2","2"
"论的人多请求","0","2","2"
"避开黄河的危","0","2","2"
"开黄河的危险","0","2","2"
"的困难就可以","0","2","2"
"困难就可以避","0","2","2"
"难就可以避免","0","2","2"
"湖水灌注其中","0","2","2"
"请求专门委任","0","2","2"
"运河不凭借黄","0","2","2"
"河不凭借黄河","0","2","2"
"这是好处之一","0","2","2"
"这是好处之二","0","2","2"
"这是好处之三","0","2","2"
"这是好处之四","0","2","2"
"洳河工程没有","0","2","2"
"河工程没有完","0","2","2"
"舍弃洳河经由","0","2","2"
"弃洳河经由黄","0","2","2"
"洳河经由黄河","0","2","2"
"总合起来计算","0","2","2"
"排放河水流入","0","2","2"
"往东北流入大","0","2","2"
"东北流入大海","0","2","2"
"防备旱涝灾害","0","2","2"
"滏阳河一起泛","0","2","2"
"阳河一起泛滥","0","2","2"
"流入卫河的河","0","2","2"
"入卫河的河道","0","2","2"
"卫河的河道渐","0","2","2"
"河的河道渐渐","0","2","2"
"水流入卫河的","0","2","2"
"两次溃决两次","0","2","2"
"次溃决两次修","0","2","2"
"溃决两次修筑","0","2","2"
"沁水在马曲湾","0","2","2"
"水在马曲湾决","0","2","2"
"在马曲湾决堤","0","2","2"
"应当派遣官吏","0","2","2"
"二十天就可以","0","2","2"
"十天就可以到","0","2","2"
"天就可以到达","0","2","2"
"主张最终没有","0","2","2"
"张最终没有施","0","2","2"
"修筑坚固的堤","0","2","2"
"田地全被淹没","0","2","2"
"地势平坦宽广","0","2","2"
"三干九百多丈","0","2","2"
"泛滥危害庄稼","0","2","2"
"疏浚淤塞河道","0","2","2"
"会同山东巡抚","0","2","2"
"给事中李贵和","0","2","2"
"疏通的占十分","0","2","2"
"阻隔泥沙的主","0","2","2"
"隔泥沙的主张","0","2","2"
"不过这祇是权","0","2","2"
"过这祇是权宜","0","2","2"
"这祇是权宜之","0","2","2"
"祇是权宜之计","0","2","2"
"并非以此为法","0","2","2"
"非以此为法则","0","2","2"
"一百二十三条","0","2","2"
"每十下为一等","0","2","2"
"十下为一等相","0","2","2"
"下为一等相加","0","2","2"
"为一等相加减","0","2","2"
"处杖刑一百下","0","2","2"
"以三百六十日","0","2","2"
"三百六十日计","0","2","2"
"百六十日计算","0","2","2"
"法律判处绞刑","0","2","2"
"记下所犯的罪","0","2","2"
"凡是七十岁以","0","2","2"
"是七十岁以上","0","2","2"
"十五岁以下和","0","2","2"
"五岁以下和残","0","2","2"
"岁以下和残疾","0","2","2"
"北方边防卫所","0","2","2"
"方边防卫所充","0","2","2"
"在右臂上刺字","0","2","2"
"带来的其前夫","0","2","2"
"犯苦役和流放","0","2","2"
"者判杖刑一百","0","2","2"
"不得蓄养奴婢","0","2","2"
"对伪造公章的","0","2","2"
"死罪交六千贯","0","2","2"
"无力交纳的发","0","2","2"
"力交纳的发配","0","2","2"
"交纳的发配天","0","2","2"
"纳的发配天寿","0","2","2"
"的发配天寿山","0","2","2"
"发配天寿山种","0","2","2"
"配天寿山种树","0","2","2"
"有财力的女犯","0","2","2"
"交银钞二千二","0","2","2"
"银钞二千二百","0","2","2"
"法律交赎金的","0","2","2"
"钱和银钞兼收","0","2","2"
"其钞二百贯折","0","2","2"
"钞二百贯折合","0","2","2"
"二百贯折合银","0","2","2"
"百贯折合银了","0","2","2"
"贯折合银了一","0","2","2"
"折合银了一钱","0","2","2"
"收宝钞一千一","0","2","2"
"宝钞一千一百","0","2","2"
"收铜钱三百五","0","2","2"
"铜钱三百五十","0","2","2"
"其钞二千二百","0","2","2"
"折合银子一雨","0","2","2"
"和例钞折合银","0","2","2"
"例钞折合银子","0","2","2"
"钞折合银子相","0","2","2"
"折合银子相比","0","2","2"
"银子七厘五毫","0","2","2"
"例难以如实行","0","2","2"
"难以如实行刑","0","2","2"
"以如实行刑的","0","2","2"
"如实行刑的人","0","2","2"
"事情败露时已","0","2","2"
"如因诬告罪判","0","2","2"
"因诬告罪判杖","0","2","2"
"诬告罪判杖刑","0","2","2"
"告罪判杖刑六","0","2","2"
"罪判杖刑六十","0","2","2"
"这部分赎金全","0","2","2"
"年的罪未处罚","0","2","2"
"纳金赎罪剩下","0","2","2"
"金赎罪剩下的","0","2","2"
"流放与杂犯死","0","2","2"
"放与杂犯死罪","0","2","2"
"就是法律上的","0","2","2"
"是法律上的八","0","2","2"
"法律上的八千","0","2","2"
"律上的八千两","0","2","2"
"白塔河的大桥","0","2","2"
"塔河的大桥闸","0","2","2"
"漕运船只全部","0","2","2"
"运船只全部经","0","2","2"
"船只全部经由","0","2","2"
"三年进行一次","0","2","2"
"只有二百余里","0","2","2"
"有被淹没的灾","0","2","2"
"被淹没的灾难","0","2","2"
"八十四溪的水","0","2","2"
"保存其原来的","0","2","2"
"连接长江河港","0","2","2"
"接长江河港的","0","2","2"
"修建闸门蓄积","0","2","2"
"来灌溉百姓田","0","2","2"
"漕运船只逐渐","0","2","2"
"源出于河南辉","0","2","2"
"出于河南辉县","0","2","2"
"口来排放河水","0","2","2"
"大通桥到通州","0","2","2"
"专门管理这件","0","2","2"
"门管理这件事","0","2","2"
"运送军粮三万","0","2","2"
"送军粮三万石","0","2","2"
"军粮三万石到","0","2","2"
"一百四十五里","0","2","2"
"把它作为常规","0","2","2"
"全都经过海面","0","2","2"
"士兵与将领互","0","2","2"
"兵与将领互相","0","2","2"
"一司掌管大驾","0","2","2"
"器物当值官军","0","2","2"
"掌号头官二名","0","2","2"
"三大营的制度","0","2","2"
"个营进行操练","0","2","2"
"三天演习武艺","0","2","2"
"有三十八万多","0","2","2"
"然而实有人数","0","2","2"
"朝廷大臣的意","0","2","2"
"廷大臣的意见","0","2","2"
"书李承勋请求","0","2","2"
"备文向上陈述","0","2","2"
"贵族有钱子弟","0","2","2"
"帝认为他的意","0","2","2"
"认为他的意见","0","2","2"
"营归并入左右","0","2","2"
"士兵六万八千","0","2","2"
"由来已久的弊","0","2","2"
"出钱雇人顶替","0","2","2"
"钱雇人顶替的","0","2","2"
"写定著录为法","0","2","2"
"定著录为法令","0","2","2"
"保护帝王的墓","0","2","2"
"然而不能革除","0","2","2"
"而不能革除这","0","2","2"
"不能革除这些","0","2","2"
"能革除这些弊","0","2","2"
"城门的戒备防","0","2","2"
"华门左右两边","0","2","2"
"夜里巡逻的士","0","2","2"
"里巡逻的士兵","0","2","2"
"以垛兵法征兵","0","2","2"
"垛兵法征兵的","0","2","2"
"军户没有后代","0","2","2"
"户没有后代的","0","2","2"
"设置军籍验对","0","2","2"
"置军籍验对符","0","2","2"
"军籍验对符契","0","2","2"
"兵部尚书张本","0","2","2"
"于是分别派遣","0","2","2"
"用脚踏强弩要","0","2","2"
"脚踏强弩要求","0","2","2"
"以下的官员带","0","2","2"
"下的官员带领","0","2","2"
"其余的依次轮","0","2","2"
"以上不合格的","0","2","2"
"杀将领夺取敌","0","2","2"
"将领夺取敌旗","0","2","2"
"领夺取敌旗的","0","2","2"
"斩杀一名敌人","0","2","2"
"二个人共同斩","0","2","2"
"个人共同斩杀","0","2","2"
"三人共同斩杀","0","2","2"
"一级赏赐白银","0","2","2"
"赏赐白银五十","0","2","2"
"与北方边境相","0","2","2"
"北方边境相同","0","2","2"
"总率领五百人","0","2","2"
"率领五百人的","0","2","2"
"下斩杀敌人三","0","2","2"
"斩杀敌人三十","0","2","2"
"杀敌人三十名","0","2","2"
"功绩加倍赏赐","0","2","2"
"升实授官职一","0","2","2"
"实授官职一级","0","2","2"
"弹发射射程达","0","2","2"
"发射射程达到","0","2","2"
"火攻装备的战","0","2","2"
"攻装备的战车","0","2","2"
"特别详细记载","0","2","2"
"五丁养一匹马","0","2","2"
"团营骑兵操练","0","2","2"
"改为征收银两","0","2","2"
"两年征收一匹","0","2","2"
"边境要塞重镇","0","2","2"
"马匹逐日减少","0","2","2"
"不过交纳白银","0","2","2"
"请求给予马匹","0","2","2"
"调发太仆寺白","0","2","2"
"发太仆寺白银","0","2","2"
"种马全部卖出","0","2","2"
"禁止私自贩卖","0","2","2"
"依从平江伯陈","0","2","2"
"操练的军队都","0","2","2"
"事中王道成则","0","2","2"
"的军队很多是","0","2","2"
"和州铜城堰闸","0","2","2"
"州铜城堰闸门","0","2","2"
"并且疏浚海盐","0","2","2"
"且疏浚海盐澉","0","2","2"
"疏浚海盐澉浦","0","2","2"
"沿海堤防四千","0","2","2"
"四千三百多丈","0","2","2"
"就是原来的娄","0","2","2"
"是原来的娄江","0","2","2"
"州民工协助修","0","2","2"
"民工协助修筑","0","2","2"
"灌溉田地五百","0","2","2"
"溉田地五百多","0","2","2"
"田地五百多顷","0","2","2"
"河口溃决堤岸","0","2","2"
"洪水冲决堤岸","0","2","2"
"抵御潮水的堤","0","2","2"
"御潮水的堤岸","0","2","2"
"溃决堤岸一百","0","2","2"
"堤岸一百三十","0","2","2"
"淹没百姓田地","0","2","2"
"差不多就没有","0","2","2"
"官府和百姓的","0","2","2"
"和百姓的田地","0","2","2"
"请派遣役夫疏","0","2","2"
"河堤溃决闸门","0","2","2"
"堤溃决闸门毁","0","2","2"
"溃决闸门毁坏","0","2","2"
"最低下的地方","0","2","2"
"太湖水流入大","0","2","2"
"淤积成的滩地","0","2","2"
"堆积泥土成为","0","2","2"
"疏通昊江长桥","0","2","2"
"又开通昊淞江","0","2","2"
"之水使到达大","0","2","2"
"的水都有地方","0","2","2"
"发生也用不着","0","2","2"
"生也用不着忧","0","2","2"
"也用不着忧虑","0","2","2"
"用不着忧虑了","0","2","2"
"则河渠之水逆","0","2","2"
"河渠之水逆流","0","2","2"
"渠之水逆流于","0","2","2"
"之水逆流于田","0","2","2"
"水逆流于田问","0","2","2"
"冲击侵蚀造成","0","2","2"
"击侵蚀造成灾","0","2","2"
"侵蚀造成灾难","0","2","2"
"一万四千多丈","0","2","2"
"引水灌溉田地","0","2","2"
"又请求疏通昊","0","2","2"
"请求疏通昊淞","0","2","2"
"河两岸而下到","0","2","2"
"这是不便利之","0","2","2"
"一是官府种植","0","2","2"
"收入的十分之","0","2","2"
"祭祀其国山川","0","2","2"
"为鉴察司民城","0","2","2"
"兖州同日发生","0","2","2"
"五总兵各练一","0","2","2"
"大营设坐营官","0","2","2"
"营设坐营官一","0","2","2"
"设坐营官一名","0","2","2"
